time,n_A+p,n_B,n_AB
500,0.030,0.945,0.025
1000,0.030,0.913,0.057
1500,0.030,0.872,0.098
2000,0.030,0.878,0.092
2500,0.030,0.883,0.087
3000,0.030,0.881,0.089
3500,0.030,0.868,0.102
4000,0.030,0.869,0.101
4500,0.030,0.870,0.100
5000,0.030,0.870,0.100
5500,0.030,0.858,0.112
6000,0.030,0.832,0.138
6500,0.030,0.855,0.115
7000,0.030,0.856,0.114
7500,0.030,0.841,0.129
8000,0.030,0.841,0.129
8500,0.030,0.847,0.123
9000,0.030,0.825,0.145
9500,0.030,0.844,0.126
10000,0.030,0.836,0.134
10500,0.030,0.836,0.134
11000,0.030,0.854,0.116
11500,0.030,0.848,0.122
12000,0.030,0.842,0.128
12500,0.030,0.872,0.098
13000,0.030,0.887,0.083
13500,0.030,0.884,0.086
14000,0.030,0.878,0.092
14500,0.030,0.875,0.095
15000,0.030,0.879,0.091
15500,0.030,0.872,0.098
16000,0.030,0.873,0.097
16500,0.030,0.876,0.094
17000,0.030,0.868,0.102
17500,0.030,0.857,0.113
18000,0.030,0.860,0.110
18500,0.030,0.875,0.095
19000,0.030,0.871,0.099
19500,0.030,0.864,0.106
20000,0.030,0.869,0.101
20500,0.030,0.866,0.104
21000,0.030,0.873,0.097
21500,0.030,0.864,0.106
22000,0.030,0.882,0.088
22500,0.030,0.877,0.093
23000,0.030,0.867,0.103
23500,0.030,0.837,0.133
24000,0.030,0.845,0.125
24500,0.030,0.850,0.120
25000,0.030,0.869,0.101
25500,0.030,0.861,0.109
26000,0.030,0.875,0.095
26500,0.030,0.878,0.092
27000,0.030,0.888,0.082
27500,0.030,0.898,0.072
28000,0.030,0.893,0.077
28500,0.030,0.893,0.077
29000,0.030,0.891,0.079
29500,0.030,0.873,0.097
30000,0.030,0.881,0.089
30500,0.030,0.862,0.108
31000,0.030,0.858,0.112
31500,0.030,0.847,0.123
32000,0.030,0.862,0.108
32500,0.030,0.879,0.091
33000,0.030,0.853,0.117
33500,0.030,0.864,0.106
34000,0.030,0.868,0.102
34500,0.030,0.887,0.083
35000,0.030,0.902,0.068
35500,0.030,0.887,0.083
36000,0.030,0.873,0.097
36500,0.030,0.854,0.116
37000,0.030,0.869,0.101
37500,0.030,0.878,0.092
38000,0.030,0.867,0.103
38500,0.030,0.855,0.115
39000,0.030,0.858,0.112
39500,0.030,0.868,0.102
40000,0.030,0.859,0.111
40500,0.030,0.866,0.104
41000,0.032,0.847,0.122
41500,0.030,0.851,0.119
42000,0.030,0.865,0.105
42500,0.030,0.864,0.106
43000,0.030,0.888,0.082
43500,0.030,0.883,0.087
44000,0.030,0.875,0.095
44500,0.030,0.892,0.078
45000,0.030,0.867,0.103
45500,0.030,0.871,0.099
46000,0.030,0.885,0.085
46500,0.030,0.882,0.088
47000,0.030,0.888,0.082
47500,0.030,0.889,0.081
48000,0.030,0.885,0.085
48500,0.030,0.887,0.083
49000,0.030,0.880,0.090
49500,0.030,0.861,0.109
50000,0.030,0.866,0.104
50500,0.030,0.880,0.090
51000,0.030,0.891,0.079
51500,0.030,0.894,0.076
52000,0.030,0.889,0.081
52500,0.030,0.892,0.078
53000,0.030,0.873,0.097
53500,0.030,0.869,0.101
54000,0.030,0.870,0.100
54500,0.030,0.872,0.098
55000,0.030,0.851,0.119
55500,0.030,0.850,0.120
56000,0.030,0.870,0.100
56500,0.030,0.876,0.094
57000,0.030,0.872,0.098
57500,0.030,0.875,0.095
58000,0.030,0.862,0.108
58500,0.030,0.881,0.089
59000,0.030,0.875,0.095
59500,0.030,0.873,0.097
60000,0.030,0.860,0.110
60500,0.030,0.869,0.101
61000,0.030,0.865,0.105
61500,0.030,0.856,0.114
62000,0.030,0.863,0.107
62500,0.030,0.873,0.097
63000,0.030,0.870,0.100
63500,0.030,0.876,0.094
64000,0.030,0.884,0.086
64500,0.030,0.887,0.083
65000,0.030,0.880,0.090
65500,0.030,0.881,0.089
66000,0.030,0.875,0.095
66500,0.030,0.859,0.111
67000,0.030,0.865,0.105
67500,0.030,0.844,0.126
68000,0.030,0.838,0.132
68500,0.030,0.825,0.145
69000,0.030,0.831,0.139
69500,0.030,0.842,0.128
70000,0.030,0.845,0.125
70500,0.030,0.866,0.104
71000,0.030,0.864,0.106
71500,0.030,0.875,0.095
72000,0.030,0.877,0.093
72500,0.030,0.879,0.091
73000,0.030,0.867,0.103
73500,0.030,0.859,0.111
74000,0.030,0.861,0.109
74500,0.030,0.848,0.122
75000,0.030,0.855,0.115
75500,0.030,0.855,0.115
76000,0.030,0.868,0.102
76500,0.030,0.876,0.094
77000,0.030,0.888,0.082
77500,0.030,0.887,0.083
78000,0.030,0.887,0.083
78500,0.030,0.901,0.069
79000,0.030,0.900,0.070
79500,0.030,0.898,0.072
80000,0.030,0.898,0.072
80500,0.030,0.895,0.075
81000,0.030,0.884,0.086
81500,0.030,0.888,0.082
82000,0.030,0.888,0.082
82500,0.030,0.883,0.087
83000,0.030,0.888,0.082
83500,0.030,0.887,0.083
84000,0.030,0.869,0.101
84500,0.030,0.876,0.094
85000,0.030,0.877,0.093
85500,0.030,0.877,0.093
86000,0.030,0.875,0.095
86500,0.030,0.868,0.102
87000,0.030,0.848,0.122
87500,0.030,0.857,0.113
88000,0.030,0.844,0.126
88500,0.030,0.819,0.151
89000,0.030,0.817,0.153
89500,0.030,0.834,0.136
90000,0.030,0.869,0.101
90500,0.030,0.886,0.084
91000,0.030,0.888,0.082
91500,0.030,0.897,0.073
92000,0.030,0.887,0.083
92500,0.030,0.888,0.082
93000,0.030,0.897,0.073
93500,0.030,0.889,0.081
94000,0.030,0.883,0.087
94500,0.030,0.868,0.102
95000,0.030,0.882,0.088
95500,0.030,0.875,0.095
96000,0.030,0.865,0.105
96500,0.030,0.861,0.109
97000,0.030,0.869,0.101
97500,0.030,0.861,0.109
98000,0.030,0.858,0.112
98500,0.030,0.854,0.116
99000,0.030,0.870,0.100
99500,0.030,0.879,0.091
100000,0.030,0.871,0.099
100500,0.030,0.865,0.105
101000,0.030,0.874,0.096
101500,0.030,0.890,0.080
102000,0.030,0.866,0.104
102500,0.030,0.870,0.100
103000,0.030,0.848,0.122
103500,0.030,0.847,0.123
104000,0.030,0.848,0.122
104500,0.030,0.860,0.110
105000,0.030,0.836,0.134
105500,0.030,0.828,0.142
106000,0.030,0.836,0.134
106500,0.030,0.839,0.131
107000,0.030,0.848,0.122
107500,0.030,0.865,0.105
108000,0.030,0.855,0.115
108500,0.030,0.869,0.101
109000,0.030,0.885,0.085
109500,0.030,0.848,0.122
110000,0.030,0.854,0.116
110500,0.030,0.871,0.099
111000,0.030,0.860,0.110
111500,0.030,0.863,0.107
112000,0.033,0.863,0.105
112500,0.032,0.849,0.120
113000,0.030,0.855,0.115
113500,0.030,0.867,0.103
114000,0.030,0.877,0.093
114500,0.030,0.875,0.094
115000,0.030,0.870,0.100
115500,0.030,0.877,0.093
116000,0.030,0.879,0.091
116500,0.030,0.865,0.105
117000,0.030,0.847,0.123
117500,0.030,0.856,0.114
118000,0.030,0.853,0.117
118500,0.030,0.859,0.111
119000,0.030,0.851,0.119
119500,0.030,0.844,0.126
120000,0.031,0.831,0.138
120500,0.030,0.823,0.147
121000,0.030,0.834,0.136
121500,0.030,0.848,0.122
122000,0.030,0.846,0.124
122500,0.030,0.856,0.114
123000,0.030,0.870,0.100
123500,0.030,0.860,0.110
124000,0.030,0.867,0.103
124500,0.030,0.889,0.081
125000,0.030,0.914,0.056
125500,0.030,0.894,0.076
126000,0.030,0.875,0.095
126500,0.030,0.880,0.090
127000,0.030,0.892,0.078
127500,0.030,0.888,0.082
128000,0.030,0.868,0.102
128500,0.030,0.871,0.099
129000,0.030,0.877,0.093
129500,0.030,0.884,0.086
130000,0.030,0.888,0.082
130500,0.030,0.898,0.072
131000,0.030,0.877,0.093
131500,0.030,0.875,0.095
132000,0.030,0.884,0.086
132500,0.030,0.869,0.101
133000,0.030,0.838,0.132
133500,0.030,0.842,0.128
134000,0.030,0.839,0.131
134500,0.030,0.845,0.125
135000,0.030,0.838,0.132
135500,0.030,0.841,0.129
136000,0.030,0.854,0.116
136500,0.030,0.872,0.098
137000,0.030,0.874,0.096
137500,0.030,0.884,0.086
138000,0.030,0.875,0.095
138500,0.030,0.875,0.095
139000,0.030,0.869,0.101
139500,0.030,0.875,0.095
140000,0.030,0.891,0.079
140500,0.030,0.881,0.089
141000,0.030,0.882,0.088
141500,0.030,0.880,0.090
142000,0.030,0.879,0.091
142500,0.030,0.888,0.082
143000,0.030,0.895,0.075
143500,0.030,0.881,0.089
144000,0.030,0.891,0.079
144500,0.030,0.892,0.078
145000,0.030,0.887,0.083
145500,0.030,0.858,0.112
146000,0.030,0.864,0.106
146500,0.030,0.874,0.096
147000,0.030,0.858,0.112
147500,0.030,0.868,0.102
148000,0.030,0.863,0.107
148500,0.030,0.862,0.108
149000,0.030,0.864,0.106
149500,0.030,0.856,0.114
150000,0.030,0.852,0.118
150500,0.030,0.863,0.107
151000,0.030,0.875,0.095
151500,0.030,0.892,0.078
152000,0.030,0.876,0.094
152500,0.030,0.879,0.091
153000,0.030,0.864,0.106
153500,0.030,0.873,0.097
154000,0.030,0.856,0.114
154500,0.030,0.872,0.098
155000,0.030,0.862,0.108
155500,0.030,0.883,0.087
156000,0.030,0.893,0.077
156500,0.030,0.880,0.090
157000,0.030,0.868,0.102
157500,0.030,0.862,0.108
158000,0.030,0.827,0.143
158500,0.030,0.836,0.134
159000,0.030,0.857,0.113
159500,0.030,0.845,0.125
160000,0.030,0.847,0.123
160500,0.030,0.853,0.117
161000,0.030,0.872,0.098
161500,0.030,0.877,0.093
162000,0.030,0.865,0.105
162500,0.030,0.855,0.115
163000,0.030,0.861,0.109
163500,0.030,0.857,0.113
164000,0.030,0.874,0.096
164500,0.030,0.887,0.083
165000,0.030,0.899,0.071
165500,0.030,0.900,0.070
166000,0.030,0.905,0.065
166500,0.030,0.910,0.060
167000,0.030,0.894,0.076
167500,0.030,0.898,0.072
168000,0.030,0.899,0.071
168500,0.030,0.890,0.080
169000,0.030,0.857,0.113
169500,0.030,0.863,0.107
170000,0.030,0.867,0.103
170500,0.030,0.860,0.110
171000,0.030,0.865,0.105
171500,0.030,0.862,0.108
172000,0.030,0.852,0.118
172500,0.030,0.859,0.111
173000,0.030,0.884,0.086
173500,0.030,0.878,0.092
174000,0.030,0.895,0.075
174500,0.030,0.882,0.088
175000,0.030,0.852,0.118
175500,0.030,0.850,0.120
176000,0.030,0.859,0.111
176500,0.030,0.862,0.108
177000,0.030,0.877,0.093
177500,0.030,0.869,0.101
178000,0.030,0.875,0.095
178500,0.030,0.871,0.099
179000,0.030,0.875,0.095
179500,0.030,0.862,0.108
180000,0.030,0.862,0.108
180500,0.030,0.859,0.111
181000,0.030,0.847,0.123
181500,0.031,0.846,0.123
182000,0.030,0.866,0.104
182500,0.030,0.851,0.119
183000,0.030,0.840,0.130
183500,0.030,0.850,0.120
184000,0.030,0.859,0.111
184500,0.030,0.866,0.104
185000,0.030,0.864,0.106
185500,0.030,0.857,0.113
186000,0.030,0.877,0.093
186500,0.030,0.866,0.104
187000,0.030,0.869,0.101
187500,0.030,0.872,0.098
188000,0.030,0.879,0.091
188500,0.030,0.884,0.086
189000,0.030,0.876,0.094
189500,0.030,0.883,0.087
190000,0.030,0.891,0.079
190500,0.030,0.910,0.060
191000,0.030,0.897,0.073
191500,0.032,0.892,0.077
192000,0.031,0.896,0.073
192500,0.031,0.888,0.081
193000,0.030,0.869,0.101
193500,0.030,0.877,0.093
194000,0.030,0.871,0.099
194500,0.030,0.882,0.088
195000,0.030,0.898,0.072
195500,0.030,0.906,0.064
196000,0.030,0.886,0.084
196500,0.030,0.893,0.077
197000,0.030,0.908,0.062
197500,0.030,0.889,0.081
198000,0.030,0.879,0.091
198500,0.030,0.896,0.074
199000,0.030,0.882,0.088
199500,0.030,0.887,0.083
200000,0.030,0.873,0.097
200500,0.030,0.870,0.100
201000,0.030,0.850,0.120
201500,0.030,0.881,0.089
202000,0.030,0.887,0.083
202500,0.030,0.902,0.068
203000,0.030,0.884,0.086
203500,0.030,0.869,0.101
204000,0.030,0.874,0.096
204500,0.030,0.876,0.094
205000,0.030,0.879,0.091
205500,0.030,0.904,0.066
206000,0.030,0.886,0.084
206500,0.030,0.899,0.071
207000,0.030,0.915,0.055
207500,0.030,0.895,0.075
208000,0.030,0.906,0.064
208500,0.030,0.892,0.078
209000,0.030,0.882,0.088
209500,0.030,0.878,0.092
210000,0.030,0.851,0.119
210500,0.030,0.856,0.114
211000,0.030,0.849,0.121
211500,0.030,0.861,0.109
212000,0.030,0.867,0.103
212500,0.030,0.859,0.111
213000,0.030,0.865,0.105
213500,0.030,0.864,0.106
214000,0.030,0.869,0.101
214500,0.030,0.877,0.093
215000,0.030,0.883,0.087
215500,0.030,0.878,0.092
216000,0.030,0.883,0.087
216500,0.030,0.882,0.088
217000,0.030,0.886,0.084
217500,0.030,0.877,0.093
218000,0.030,0.882,0.088
218500,0.030,0.876,0.094
219000,0.030,0.863,0.107
219500,0.030,0.877,0.093
220000,0.030,0.874,0.096
220500,0.030,0.863,0.107
221000,0.030,0.838,0.132
221500,0.030,0.848,0.122
222000,0.030,0.869,0.101
222500,0.030,0.859,0.111
223000,0.030,0.878,0.092
223500,0.030,0.875,0.095
224000,0.030,0.860,0.110
224500,0.030,0.880,0.090
225000,0.030,0.873,0.097
225500,0.030,0.882,0.088
226000,0.030,0.872,0.098
226500,0.030,0.883,0.087
227000,0.030,0.859,0.111
227500,0.030,0.845,0.125
228000,0.030,0.836,0.134
228500,0.030,0.856,0.114
229000,0.030,0.838,0.132
229500,0.030,0.871,0.099
230000,0.030,0.870,0.100
230500,0.030,0.875,0.095
231000,0.030,0.874,0.096
231500,0.030,0.863,0.107
232000,0.030,0.842,0.128
232500,0.030,0.854,0.116
233000,0.030,0.876,0.094
233500,0.030,0.873,0.097
234000,0.030,0.888,0.082
234500,0.030,0.886,0.084
235000,0.030,0.901,0.069
235500,0.030,0.888,0.082
236000,0.030,0.887,0.083
236500,0.030,0.896,0.074
237000,0.030,0.886,0.084
237500,0.030,0.874,0.096
238000,0.030,0.881,0.089
238500,0.030,0.872,0.098
239000,0.030,0.884,0.086
239500,0.030,0.883,0.087
240000,0.030,0.884,0.086
240500,0.030,0.882,0.088
241000,0.030,0.875,0.095
241500,0.030,0.871,0.099
242000,0.030,0.852,0.118
242500,0.030,0.855,0.115
243000,0.030,0.848,0.122
243500,0.030,0.856,0.114
244000,0.030,0.861,0.109
244500,0.030,0.883,0.087
245000,0.030,0.883,0.087
245500,0.030,0.887,0.083
246000,0.030,0.868,0.102
246500,0.030,0.871,0.099
247000,0.030,0.863,0.107
247500,0.030,0.859,0.111
248000,0.030,0.848,0.122
248500,0.030,0.865,0.105
249000,0.030,0.880,0.090
249500,0.030,0.880,0.090
250000,0.030,0.870,0.100
250500,0.030,0.862,0.108
251000,0.030,0.849,0.121
251500,0.030,0.846,0.124
252000,0.030,0.864,0.106
252500,0.030,0.867,0.103
253000,0.030,0.854,0.116
253500,0.030,0.882,0.088
254000,0.030,0.873,0.097
254500,0.030,0.860,0.110
255000,0.030,0.884,0.086
255500,0.030,0.870,0.100
256000,0.030,0.886,0.084
256500,0.030,0.889,0.081
257000,0.030,0.875,0.095
257500,0.030,0.880,0.090
258000,0.030,0.902,0.068
258500,0.030,0.893,0.077
259000,0.030,0.894,0.076
259500,0.030,0.896,0.074
260000,0.030,0.886,0.084
260500,0.030,0.869,0.101
261000,0.030,0.851,0.119
261500,0.030,0.862,0.108
262000,0.030,0.858,0.112
262500,0.030,0.872,0.098
263000,0.030,0.862,0.108
263500,0.030,0.868,0.102
264000,0.030,0.863,0.107
264500,0.030,0.860,0.110
265000,0.030,0.863,0.107
265500,0.030,0.867,0.103
266000,0.030,0.874,0.096
266500,0.030,0.870,0.100
267000,0.030,0.872,0.098
267500,0.030,0.880,0.090
268000,0.030,0.881,0.089
268500,0.030,0.879,0.091
269000,0.030,0.882,0.088
269500,0.030,0.874,0.096
270000,0.030,0.866,0.104
270500,0.030,0.852,0.118
271000,0.030,0.841,0.129
271500,0.030,0.844,0.126
272000,0.030,0.842,0.128
272500,0.030,0.855,0.115
273000,0.030,0.853,0.117
273500,0.030,0.866,0.104
274000,0.030,0.855,0.115
274500,0.030,0.876,0.094
275000,0.030,0.885,0.085
275500,0.030,0.888,0.082
276000,0.030,0.877,0.093
276500,0.030,0.880,0.090
277000,0.030,0.885,0.085
277500,0.030,0.881,0.089
278000,0.030,0.896,0.074
278500,0.030,0.898,0.072
279000,0.030,0.892,0.078
279500,0.030,0.903,0.067
280000,0.030,0.892,0.078
280500,0.030,0.883,0.087
281000,0.030,0.881,0.089
281500,0.030,0.896,0.074
282000,0.030,0.911,0.058
282500,0.030,0.906,0.064
283000,0.030,0.894,0.076
283500,0.030,0.903,0.067
284000,0.030,0.897,0.073
284500,0.030,0.905,0.065
285000,0.030,0.869,0.101
285500,0.030,0.861,0.109
286000,0.030,0.875,0.095
286500,0.030,0.878,0.092
287000,0.030,0.882,0.088
287500,0.030,0.881,0.089
288000,0.030,0.872,0.098
288500,0.030,0.879,0.091
289000,0.030,0.875,0.095
289500,0.030,0.871,0.099
290000,0.030,0.864,0.106
290500,0.030,0.875,0.095
291000,0.030,0.873,0.097
291500,0.030,0.869,0.101
292000,0.030,0.857,0.113
292500,0.030,0.863,0.107
293000,0.030,0.881,0.089
293500,0.030,0.879,0.091
294000,0.030,0.859,0.111
294500,0.030,0.877,0.093
295000,0.030,0.861,0.109
295500,0.030,0.871,0.099
296000,0.030,0.869,0.101
296500,0.030,0.876,0.094
297000,0.030,0.879,0.091
297500,0.030,0.881,0.089
298000,0.030,0.875,0.095
298500,0.030,0.880,0.090
299000,0.030,0.878,0.092
299500,0.030,0.854,0.116
300000,0.030,0.856,0.114
300500,0.030,0.887,0.083
301000,0.030,0.881,0.089
301500,0.030,0.883,0.087
302000,0.030,0.888,0.082
302500,0.030,0.889,0.081
303000,0.030,0.887,0.083
303500,0.030,0.891,0.079
304000,0.030,0.897,0.073
304500,0.030,0.881,0.089
305000,0.030,0.869,0.101
305500,0.030,0.875,0.095
306000,0.030,0.876,0.094
306500,0.030,0.874,0.096
307000,0.030,0.880,0.090
307500,0.030,0.878,0.092
308000,0.030,0.880,0.090
308500,0.030,0.870,0.100
309000,0.030,0.876,0.094
309500,0.030,0.876,0.094
310000,0.030,0.887,0.083
310500,0.030,0.859,0.111
311000,0.030,0.854,0.116
311500,0.030,0.863,0.107
312000,0.030,0.853,0.117
312500,0.030,0.857,0.113
313000,0.030,0.859,0.111
313500,0.030,0.849,0.121
314000,0.030,0.863,0.107
314500,0.030,0.873,0.097
315000,0.030,0.864,0.106
315500,0.030,0.872,0.098
316000,0.030,0.891,0.079
316500,0.030,0.889,0.081
317000,0.030,0.870,0.100
317500,0.030,0.875,0.095
318000,0.030,0.879,0.091
318500,0.030,0.875,0.095
319000,0.030,0.868,0.102
319500,0.030,0.854,0.116
320000,0.030,0.872,0.098
320500,0.030,0.853,0.117
321000,0.030,0.849,0.121
321500,0.030,0.864,0.106
322000,0.030,0.867,0.103
322500,0.030,0.852,0.118
323000,0.030,0.852,0.118
323500,0.030,0.850,0.120
324000,0.030,0.839,0.131
324500,0.030,0.841,0.129
325000,0.030,0.862,0.108
325500,0.030,0.855,0.115
326000,0.030,0.860,0.110
326500,0.030,0.875,0.095
327000,0.030,0.875,0.095
327500,0.030,0.881,0.089
328000,0.030,0.893,0.077
328500,0.030,0.888,0.082
329000,0.030,0.883,0.087
329500,0.030,0.862,0.108
330000,0.030,0.863,0.107
330500,0.030,0.867,0.103
331000,0.030,0.866,0.104
331500,0.030,0.869,0.101
332000,0.030,0.863,0.107
332500,0.030,0.875,0.095
333000,0.030,0.888,0.082
333500,0.030,0.876,0.094
334000,0.030,0.877,0.093
334500,0.030,0.881,0.089
335000,0.030,0.893,0.077
335500,0.030,0.879,0.091
336000,0.030,0.872,0.098
336500,0.030,0.856,0.114
337000,0.030,0.853,0.117
337500,0.030,0.857,0.113
338000,0.030,0.869,0.101
338500,0.030,0.884,0.086
339000,0.030,0.857,0.113
339500,0.030,0.820,0.150
340000,0.030,0.823,0.147
340500,0.030,0.850,0.120
341000,0.030,0.851,0.119
341500,0.030,0.838,0.132
342000,0.030,0.851,0.119
342500,0.030,0.874,0.096
343000,0.030,0.883,0.087
343500,0.030,0.863,0.107
344000,0.030,0.863,0.107
344500,0.030,0.861,0.109
345000,0.030,0.861,0.109
345500,0.030,0.861,0.109
346000,0.030,0.861,0.109
346500,0.030,0.861,0.109
347000,0.030,0.864,0.106
347500,0.030,0.829,0.141
348000,0.030,0.847,0.123
348500,0.030,0.829,0.141
349000,0.030,0.805,0.165
349500,0.030,0.834,0.136
350000,0.030,0.851,0.119
350500,0.030,0.850,0.120
351000,0.030,0.827,0.143
351500,0.030,0.830,0.140
352000,0.030,0.852,0.118
352500,0.030,0.849,0.121
353000,0.030,0.857,0.113
353500,0.030,0.865,0.105
354000,0.030,0.878,0.092
354500,0.030,0.861,0.109
355000,0.030,0.858,0.112
355500,0.030,0.859,0.111
356000,0.030,0.869,0.101
356500,0.030,0.870,0.100
357000,0.030,0.866,0.104
357500,0.030,0.859,0.111
358000,0.030,0.870,0.100
358500,0.030,0.864,0.106
359000,0.030,0.868,0.102
359500,0.030,0.872,0.098
360000,0.030,0.875,0.095
360500,0.030,0.877,0.093
361000,0.030,0.881,0.089
361500,0.030,0.881,0.089
362000,0.030,0.873,0.097
362500,0.030,0.862,0.108
363000,0.030,0.866,0.104
363500,0.030,0.864,0.106
364000,0.030,0.881,0.089
364500,0.030,0.881,0.089
365000,0.030,0.871,0.099
365500,0.030,0.856,0.114
366000,0.030,0.864,0.106
366500,0.030,0.863,0.107
367000,0.030,0.856,0.114
367500,0.030,0.865,0.105
368000,0.030,0.866,0.104
368500,0.030,0.867,0.103
369000,0.030,0.858,0.112
369500,0.030,0.860,0.110
370000,0.030,0.854,0.116
370500,0.030,0.877,0.093
371000,0.030,0.878,0.092
371500,0.030,0.873,0.097
372000,0.030,0.875,0.095
372500,0.030,0.874,0.096
373000,0.030,0.880,0.090
373500,0.030,0.884,0.086
374000,0.030,0.887,0.083
374500,0.030,0.888,0.082
375000,0.030,0.895,0.075
375500,0.030,0.891,0.079
376000,0.030,0.877,0.093
376500,0.030,0.894,0.076
377000,0.030,0.906,0.064
377500,0.030,0.895,0.075
378000,0.030,0.883,0.087
378500,0.030,0.879,0.091
379000,0.030,0.878,0.092
379500,0.030,0.877,0.093
380000,0.030,0.877,0.093
380500,0.030,0.866,0.104
381000,0.030,0.858,0.112
381500,0.030,0.871,0.099
382000,0.030,0.858,0.112
382500,0.030,0.864,0.106
383000,0.030,0.864,0.106
383500,0.030,0.864,0.106
384000,0.030,0.864,0.106
384500,0.030,0.872,0.098
385000,0.030,0.880,0.090
385500,0.030,0.891,0.079
386000,0.030,0.887,0.083
386500,0.030,0.882,0.088
387000,0.030,0.888,0.082
387500,0.030,0.885,0.085
388000,0.030,0.875,0.095
388500,0.030,0.880,0.090
389000,0.030,0.874,0.096
389500,0.030,0.861,0.109
390000,0.030,0.841,0.129
390500,0.030,0.842,0.128
391000,0.030,0.852,0.118
391500,0.030,0.864,0.106
392000,0.030,0.871,0.099
392500,0.030,0.875,0.095
393000,0.030,0.884,0.086
393500,0.030,0.875,0.095
394000,0.030,0.867,0.103
394500,0.030,0.861,0.109
395000,0.030,0.868,0.102
395500,0.030,0.847,0.123
396000,0.030,0.861,0.109
396500,0.030,0.875,0.095
397000,0.030,0.887,0.083
397500,0.030,0.902,0.068
398000,0.030,0.901,0.069
398500,0.030,0.901,0.069
399000,0.030,0.881,0.089
399500,0.030,0.879,0.091
400000,0.030,0.892,0.078
400500,0.030,0.887,0.083
401000,0.030,0.849,0.121
401500,0.030,0.860,0.110
402000,0.030,0.855,0.115
402500,0.030,0.858,0.112
403000,0.030,0.866,0.104
403500,0.030,0.851,0.119
404000,0.030,0.841,0.129
404500,0.030,0.850,0.120
405000,0.030,0.855,0.115
405500,0.030,0.876,0.094
406000,0.030,0.857,0.113
406500,0.030,0.872,0.098
407000,0.030,0.883,0.087
407500,0.030,0.889,0.081
408000,0.030,0.880,0.090
408500,0.030,0.860,0.110
409000,0.030,0.860,0.110
409500,0.030,0.857,0.113
410000,0.030,0.856,0.114
410500,0.030,0.842,0.128
411000,0.030,0.843,0.127
411500,0.030,0.858,0.112
412000,0.030,0.864,0.106
412500,0.030,0.855,0.115
413000,0.030,0.850,0.120
413500,0.030,0.857,0.113
414000,0.030,0.851,0.119
414500,0.030,0.856,0.114
415000,0.030,0.862,0.108
415500,0.030,0.874,0.096
416000,0.030,0.885,0.085
416500,0.030,0.873,0.097
417000,0.030,0.847,0.123
417500,0.030,0.860,0.110
418000,0.030,0.842,0.128
418500,0.030,0.853,0.117
419000,0.030,0.850,0.120
419500,0.030,0.863,0.107
420000,0.030,0.869,0.101
420500,0.030,0.885,0.085
421000,0.030,0.871,0.099
421500,0.030,0.858,0.112
422000,0.030,0.861,0.109
422500,0.030,0.853,0.117
423000,0.030,0.841,0.129
423500,0.030,0.839,0.131
424000,0.030,0.850,0.120
424500,0.030,0.864,0.106
425000,0.030,0.858,0.112
425500,0.030,0.852,0.118
426000,0.030,0.877,0.093
426500,0.030,0.875,0.095
427000,0.030,0.869,0.101
427500,0.030,0.840,0.130
428000,0.030,0.840,0.130
428500,0.030,0.836,0.134
429000,0.030,0.847,0.123
429500,0.030,0.865,0.105
430000,0.030,0.851,0.119
430500,0.030,0.862,0.108
431000,0.030,0.871,0.099
431500,0.030,0.869,0.101
432000,0.030,0.866,0.104
432500,0.030,0.882,0.088
433000,0.030,0.874,0.096
433500,0.030,0.863,0.107
434000,0.030,0.846,0.124
434500,0.030,0.867,0.103
435000,0.030,0.863,0.107
435500,0.030,0.873,0.097
436000,0.030,0.886,0.084
436500,0.030,0.883,0.087
437000,0.030,0.887,0.083
437500,0.030,0.879,0.091
438000,0.030,0.882,0.088
438500,0.030,0.878,0.092
439000,0.030,0.879,0.091
439500,0.030,0.884,0.086
440000,0.030,0.891,0.079
440500,0.030,0.896,0.074
441000,0.030,0.908,0.061
441500,0.030,0.906,0.064
442000,0.030,0.888,0.082
442500,0.030,0.881,0.089
443000,0.030,0.870,0.100
443500,0.030,0.851,0.119
444000,0.030,0.850,0.120
444500,0.030,0.868,0.102
445000,0.030,0.854,0.116
445500,0.030,0.855,0.115
446000,0.030,0.853,0.117
446500,0.030,0.837,0.133
447000,0.030,0.846,0.124
447500,0.030,0.867,0.103
448000,0.030,0.888,0.082
448500,0.030,0.867,0.103
449000,0.030,0.871,0.099
449500,0.030,0.875,0.095
450000,0.030,0.902,0.068
450500,0.030,0.900,0.070
451000,0.030,0.884,0.086
451500,0.030,0.884,0.086
452000,0.030,0.880,0.090
452500,0.030,0.900,0.070
453000,0.030,0.883,0.087
453500,0.030,0.880,0.090
454000,0.030,0.871,0.099
454500,0.030,0.873,0.097
455000,0.030,0.858,0.112
455500,0.030,0.867,0.103
456000,0.030,0.853,0.117
456500,0.030,0.866,0.104
457000,0.030,0.876,0.094
457500,0.030,0.882,0.088
458000,0.030,0.884,0.086
458500,0.030,0.863,0.107
459000,0.030,0.854,0.116
459500,0.030,0.852,0.118
460000,0.030,0.846,0.124
460500,0.030,0.857,0.113
461000,0.030,0.832,0.138
461500,0.030,0.843,0.127
462000,0.030,0.861,0.109
462500,0.031,0.872,0.097
463000,0.030,0.855,0.115
463500,0.030,0.845,0.125
464000,0.030,0.852,0.118
464500,0.030,0.870,0.100
465000,0.030,0.881,0.089
465500,0.030,0.872,0.098
466000,0.030,0.867,0.103
466500,0.030,0.874,0.096
467000,0.030,0.883,0.087
467500,0.030,0.869,0.101
468000,0.030,0.851,0.119
468500,0.030,0.845,0.125
469000,0.030,0.846,0.124
469500,0.030,0.846,0.124
470000,0.030,0.850,0.120
470500,0.030,0.878,0.092
471000,0.030,0.883,0.087
471500,0.030,0.887,0.083
472000,0.030,0.898,0.072
472500,0.030,0.878,0.092
473000,0.030,0.879,0.091
473500,0.030,0.876,0.094
474000,0.030,0.864,0.106
474500,0.030,0.857,0.113
475000,0.030,0.864,0.106
475500,0.030,0.856,0.114
476000,0.030,0.867,0.103
476500,0.030,0.872,0.098
477000,0.030,0.869,0.101
477500,0.030,0.850,0.120
478000,0.030,0.863,0.107
478500,0.030,0.867,0.103
479000,0.030,0.865,0.105
479500,0.030,0.866,0.104
480000,0.030,0.865,0.105
480500,0.030,0.850,0.120
481000,0.030,0.840,0.130
481500,0.030,0.843,0.127
482000,0.030,0.846,0.124
482500,0.030,0.856,0.114
483000,0.030,0.864,0.106
483500,0.030,0.858,0.112
484000,0.030,0.861,0.109
484500,0.030,0.863,0.107
485000,0.030,0.877,0.093
485500,0.030,0.879,0.091
486000,0.030,0.859,0.111
486500,0.030,0.880,0.090
487000,0.030,0.876,0.094
487500,0.030,0.875,0.095
488000,0.030,0.876,0.094
488500,0.030,0.883,0.087
489000,0.030,0.885,0.085
489500,0.030,0.871,0.099
490000,0.030,0.866,0.104
490500,0.030,0.881,0.089
491000,0.030,0.867,0.103
491500,0.030,0.853,0.117
492000,0.030,0.845,0.125
492500,0.030,0.846,0.124
493000,0.030,0.840,0.130
493500,0.030,0.844,0.126
494000,0.030,0.856,0.114
494500,0.030,0.853,0.117
495000,0.030,0.864,0.106
495500,0.030,0.866,0.104
496000,0.030,0.882,0.088
496500,0.030,0.882,0.088
497000,0.030,0.877,0.093
497500,0.030,0.866,0.104
498000,0.030,0.870,0.100
498500,0.030,0.860,0.110
499000,0.030,0.842,0.128
499500,0.030,0.853,0.117
500000,0.030,0.847,0.123
500500,0.030,0.852,0.118
501000,0.030,0.850,0.120
501500,0.030,0.866,0.104
502000,0.030,0.886,0.084
502500,0.030,0.872,0.098
503000,0.030,0.877,0.093
503500,0.030,0.865,0.105
504000,0.030,0.879,0.091
504500,0.030,0.876,0.094
505000,0.030,0.876,0.094
505500,0.030,0.889,0.081
506000,0.030,0.893,0.077
506500,0.030,0.884,0.086
507000,0.030,0.871,0.099
507500,0.030,0.850,0.120
508000,0.030,0.836,0.134
508500,0.030,0.850,0.120
509000,0.030,0.845,0.125
509500,0.030,0.848,0.122
510000,0.030,0.854,0.116
510500,0.030,0.855,0.115
511000,0.030,0.863,0.107
511500,0.030,0.868,0.102
512000,0.030,0.859,0.111
512500,0.030,0.847,0.123
513000,0.030,0.854,0.116
513500,0.030,0.838,0.132
514000,0.030,0.853,0.117
514500,0.032,0.845,0.124
515000,0.031,0.816,0.153
515500,0.031,0.812,0.157
516000,0.031,0.843,0.126
516500,0.030,0.859,0.111
517000,0.030,0.866,0.104
517500,0.030,0.878,0.092
518000,0.030,0.872,0.098
518500,0.030,0.873,0.097
519000,0.030,0.876,0.094
519500,0.030,0.865,0.105
520000,0.030,0.867,0.103
520500,0.030,0.855,0.115
521000,0.030,0.841,0.129
521500,0.031,0.860,0.109
522000,0.030,0.853,0.117
522500,0.030,0.885,0.085
523000,0.030,0.842,0.128
523500,0.030,0.853,0.117
524000,0.030,0.836,0.134
524500,0.030,0.836,0.134
525000,0.030,0.861,0.109
525500,0.030,0.867,0.103
526000,0.030,0.877,0.093
526500,0.030,0.884,0.086
527000,0.030,0.862,0.108
527500,0.030,0.881,0.089
528000,0.030,0.878,0.092
528500,0.030,0.852,0.118
529000,0.030,0.859,0.111
529500,0.030,0.875,0.095
530000,0.030,0.864,0.106
530500,0.030,0.850,0.120
531000,0.030,0.870,0.100
531500,0.030,0.857,0.113
532000,0.030,0.864,0.106
532500,0.030,0.845,0.125
533000,0.030,0.843,0.127
533500,0.030,0.849,0.121
534000,0.030,0.861,0.109
534500,0.030,0.854,0.116
535000,0.030,0.858,0.112
535500,0.030,0.851,0.119
536000,0.030,0.849,0.121
536500,0.030,0.839,0.131
537000,0.030,0.847,0.123
537500,0.030,0.847,0.123
538000,0.030,0.863,0.107
538500,0.030,0.875,0.095
539000,0.030,0.867,0.103
539500,0.030,0.857,0.113
540000,0.030,0.871,0.099
540500,0.030,0.895,0.075
541000,0.030,0.884,0.086
541500,0.030,0.885,0.085
542000,0.030,0.892,0.078
542500,0.030,0.875,0.095
543000,0.030,0.869,0.101
543500,0.030,0.873,0.097
544000,0.030,0.875,0.095
544500,0.030,0.871,0.099
545000,0.030,0.871,0.099
545500,0.030,0.866,0.104
546000,0.030,0.870,0.100
546500,0.030,0.866,0.104
547000,0.030,0.871,0.099
547500,0.030,0.889,0.081
548000,0.030,0.888,0.082
548500,0.030,0.881,0.089
549000,0.030,0.865,0.105
549500,0.030,0.872,0.098
550000,0.030,0.859,0.111
550500,0.030,0.875,0.095
551000,0.030,0.862,0.108
551500,0.030,0.863,0.107
552000,0.030,0.870,0.100
552500,0.030,0.859,0.111
553000,0.030,0.863,0.107
553500,0.030,0.875,0.095
554000,0.030,0.862,0.108
554500,0.030,0.860,0.110
555000,0.030,0.838,0.132
555500,0.030,0.836,0.134
556000,0.030,0.862,0.108
556500,0.030,0.867,0.103
557000,0.030,0.871,0.099
557500,0.030,0.876,0.094
558000,0.030,0.869,0.101
558500,0.030,0.869,0.101
559000,0.030,0.857,0.113
559500,0.030,0.866,0.104
560000,0.030,0.868,0.102
560500,0.030,0.847,0.123
561000,0.030,0.861,0.109
561500,0.030,0.868,0.102
562000,0.030,0.878,0.092
562500,0.030,0.873,0.097
563000,0.030,0.875,0.095
563500,0.030,0.877,0.093
564000,0.030,0.886,0.084
564500,0.030,0.881,0.089
565000,0.030,0.882,0.088
565500,0.030,0.878,0.092
566000,0.030,0.878,0.092
566500,0.030,0.878,0.092
567000,0.030,0.876,0.094
567500,0.030,0.848,0.122
568000,0.030,0.820,0.150
568500,0.030,0.822,0.148
569000,0.030,0.829,0.141
569500,0.030,0.842,0.128
570000,0.030,0.840,0.130
570500,0.030,0.834,0.136
571000,0.030,0.844,0.126
571500,0.030,0.850,0.120
572000,0.030,0.835,0.135
572500,0.030,0.848,0.122
573000,0.030,0.866,0.104
573500,0.030,0.866,0.104
574000,0.030,0.886,0.084
574500,0.030,0.895,0.075
575000,0.030,0.882,0.088
575500,0.030,0.875,0.095
576000,0.030,0.875,0.095
576500,0.030,0.873,0.097
577000,0.030,0.890,0.080
577500,0.030,0.883,0.087
578000,0.030,0.874,0.096
578500,0.030,0.849,0.121
579000,0.030,0.829,0.141
579500,0.030,0.865,0.105
580000,0.030,0.859,0.111
580500,0.030,0.869,0.101
581000,0.030,0.880,0.090
581500,0.030,0.877,0.093
582000,0.030,0.869,0.101
582500,0.030,0.868,0.102
583000,0.030,0.866,0.104
583500,0.030,0.872,0.098
584000,0.030,0.863,0.107
584500,0.030,0.874,0.096
585000,0.030,0.889,0.081
585500,0.030,0.880,0.090
586000,0.030,0.880,0.090
586500,0.030,0.884,0.086
587000,0.030,0.875,0.095
587500,0.030,0.873,0.097
588000,0.030,0.866,0.104
588500,0.030,0.877,0.093
589000,0.030,0.894,0.076
589500,0.030,0.874,0.096
590000,0.030,0.832,0.138
590500,0.030,0.848,0.122
591000,0.030,0.873,0.097
591500,0.030,0.875,0.095
592000,0.030,0.871,0.099
592500,0.030,0.859,0.111
593000,0.030,0.854,0.116
593500,0.030,0.840,0.130
594000,0.030,0.856,0.114
594500,0.030,0.857,0.113
595000,0.030,0.833,0.137
595500,0.030,0.862,0.108
596000,0.030,0.873,0.097
596500,0.030,0.888,0.082
597000,0.030,0.897,0.073
597500,0.030,0.900,0.070
598000,0.030,0.875,0.095
598500,0.030,0.884,0.086
599000,0.030,0.894,0.076
599500,0.030,0.887,0.083
600000,0.030,0.895,0.075
600500,0.030,0.858,0.112
601000,0.030,0.871,0.099
601500,0.030,0.863,0.107
602000,0.030,0.865,0.105
602500,0.030,0.887,0.083
603000,0.030,0.877,0.093
603500,0.030,0.843,0.127
604000,0.030,0.846,0.124
604500,0.030,0.858,0.112
605000,0.030,0.859,0.111
605500,0.030,0.852,0.118
606000,0.030,0.876,0.094
606500,0.030,0.875,0.095
607000,0.030,0.887,0.083
607500,0.030,0.880,0.090
608000,0.030,0.879,0.091
608500,0.030,0.873,0.097
609000,0.030,0.873,0.097
609500,0.030,0.878,0.092
610000,0.030,0.874,0.096
610500,0.030,0.863,0.107
611000,0.030,0.860,0.110
611500,0.030,0.850,0.120
612000,0.030,0.860,0.110
612500,0.030,0.858,0.112
613000,0.030,0.854,0.116
613500,0.030,0.862,0.108
614000,0.030,0.848,0.122
614500,0.030,0.862,0.108
615000,0.030,0.859,0.111
615500,0.030,0.876,0.094
616000,0.030,0.875,0.095
616500,0.030,0.895,0.075
617000,0.030,0.892,0.078
617500,0.030,0.892,0.078
618000,0.030,0.887,0.083
618500,0.030,0.867,0.103
619000,0.030,0.870,0.100
619500,0.030,0.853,0.117
620000,0.030,0.858,0.112
620500,0.030,0.848,0.122
621000,0.030,0.852,0.118
621500,0.030,0.834,0.136
622000,0.030,0.852,0.118
622500,0.030,0.854,0.116
623000,0.030,0.865,0.105
623500,0.030,0.853,0.117
624000,0.030,0.877,0.093
624500,0.030,0.885,0.085
625000,0.030,0.885,0.085
625500,0.030,0.878,0.092
626000,0.030,0.881,0.089
626500,0.030,0.881,0.089
627000,0.030,0.862,0.108
627500,0.030,0.875,0.095
628000,0.030,0.871,0.099
628500,0.030,0.849,0.121
629000,0.030,0.840,0.130
629500,0.030,0.837,0.133
630000,0.030,0.854,0.116
630500,0.030,0.848,0.122
631000,0.030,0.829,0.141
631500,0.030,0.848,0.122
632000,0.030,0.865,0.105
632500,0.030,0.856,0.114
633000,0.030,0.852,0.118
633500,0.033,0.849,0.119
634000,0.031,0.860,0.109
634500,0.030,0.854,0.116
635000,0.030,0.850,0.120
635500,0.030,0.841,0.129
636000,0.030,0.874,0.096
636500,0.030,0.871,0.099
637000,0.030,0.875,0.095
637500,0.030,0.894,0.076
638000,0.030,0.878,0.092
638500,0.030,0.854,0.116
639000,0.030,0.849,0.121
639500,0.030,0.829,0.141
640000,0.030,0.832,0.138
640500,0.030,0.862,0.108
641000,0.030,0.868,0.102
641500,0.030,0.871,0.099
642000,0.030,0.851,0.119
642500,0.030,0.863,0.107
643000,0.030,0.879,0.091
643500,0.030,0.881,0.089
644000,0.030,0.876,0.094
644500,0.030,0.884,0.086
645000,0.030,0.878,0.092
645500,0.030,0.896,0.074
646000,0.030,0.878,0.092
646500,0.032,0.877,0.091
647000,0.030,0.860,0.110
647500,0.030,0.827,0.143
648000,0.030,0.836,0.134
648500,0.030,0.827,0.143
649000,0.030,0.831,0.139
649500,0.030,0.837,0.133
650000,0.030,0.841,0.129
650500,0.030,0.856,0.114
651000,0.030,0.847,0.123
651500,0.030,0.856,0.114
652000,0.030,0.854,0.116
652500,0.030,0.863,0.107
653000,0.030,0.865,0.105
653500,0.030,0.876,0.094
654000,0.030,0.875,0.095
654500,0.030,0.858,0.112
655000,0.030,0.862,0.108
655500,0.030,0.866,0.104
656000,0.030,0.888,0.082
656500,0.030,0.877,0.093
657000,0.030,0.880,0.090
657500,0.030,0.872,0.098
658000,0.030,0.890,0.080
658500,0.030,0.866,0.104
659000,0.030,0.837,0.133
659500,0.030,0.845,0.125
660000,0.030,0.850,0.120
660500,0.030,0.859,0.111
661000,0.030,0.874,0.096
661500,0.030,0.885,0.085
662000,0.030,0.878,0.092
662500,0.030,0.856,0.114
663000,0.030,0.852,0.118
663500,0.030,0.839,0.131
664000,0.030,0.827,0.143
664500,0.030,0.858,0.112
665000,0.030,0.877,0.093
665500,0.030,0.875,0.095
666000,0.030,0.870,0.100
666500,0.030,0.880,0.090
667000,0.031,0.874,0.095
667500,0.030,0.866,0.104
668000,0.030,0.875,0.095
668500,0.030,0.886,0.084
669000,0.030,0.895,0.075
669500,0.030,0.898,0.072
670000,0.030,0.892,0.078
670500,0.030,0.877,0.093
671000,0.030,0.888,0.082
671500,0.030,0.887,0.083
672000,0.030,0.877,0.093
672500,0.030,0.884,0.086
673000,0.030,0.886,0.084
673500,0.030,0.903,0.067
674000,0.030,0.904,0.066
674500,0.030,0.891,0.079
675000,0.030,0.893,0.077
675500,0.030,0.885,0.085
676000,0.030,0.889,0.081
676500,0.030,0.880,0.090
677000,0.030,0.869,0.101
677500,0.030,0.886,0.084
678000,0.030,0.885,0.085
678500,0.030,0.875,0.095
679000,0.030,0.856,0.114
679500,0.030,0.846,0.124
680000,0.030,0.869,0.101
680500,0.032,0.855,0.113
681000,0.030,0.864,0.106
681500,0.030,0.866,0.104
682000,0.030,0.885,0.085
682500,0.030,0.864,0.106
683000,0.030,0.849,0.121
683500,0.030,0.866,0.104
684000,0.030,0.863,0.107
684500,0.030,0.869,0.101
685000,0.030,0.846,0.124
685500,0.030,0.863,0.107
686000,0.030,0.866,0.104
686500,0.030,0.866,0.104
687000,0.030,0.866,0.104
687500,0.030,0.855,0.115
688000,0.030,0.852,0.118
688500,0.030,0.846,0.124
689000,0.030,0.846,0.124
689500,0.030,0.859,0.111
690000,0.030,0.868,0.102
690500,0.030,0.879,0.091
691000,0.030,0.858,0.112
691500,0.030,0.852,0.118
692000,0.030,0.860,0.110
692500,0.030,0.877,0.093
693000,0.030,0.887,0.083
693500,0.030,0.869,0.101
694000,0.030,0.859,0.111
694500,0.030,0.877,0.093
695000,0.030,0.868,0.102
695500,0.030,0.865,0.105
696000,0.030,0.868,0.102
696500,0.030,0.859,0.111
697000,0.032,0.832,0.136
697500,0.030,0.839,0.131
698000,0.030,0.845,0.125
698500,0.030,0.860,0.110
699000,0.030,0.855,0.115
699500,0.030,0.831,0.139
700000,0.030,0.848,0.122
700500,0.030,0.846,0.124
701000,0.030,0.869,0.101
701500,0.030,0.857,0.113
702000,0.030,0.869,0.101
702500,0.030,0.872,0.098
703000,0.030,0.865,0.105
703500,0.030,0.862,0.108
704000,0.030,0.853,0.117
704500,0.030,0.869,0.101
705000,0.030,0.861,0.109
705500,0.030,0.854,0.116
706000,0.030,0.847,0.123
706500,0.030,0.853,0.117
707000,0.030,0.835,0.135
707500,0.030,0.844,0.126
708000,0.030,0.853,0.117
708500,0.030,0.844,0.126
709000,0.030,0.850,0.120
709500,0.030,0.858,0.112
710000,0.030,0.870,0.100
710500,0.030,0.867,0.103
711000,0.030,0.841,0.129
711500,0.033,0.824,0.144
712000,0.032,0.827,0.142
712500,0.033,0.826,0.142
713000,0.033,0.838,0.130
713500,0.033,0.865,0.103
714000,0.030,0.868,0.102
714500,0.030,0.850,0.120
715000,0.030,0.853,0.117
715500,0.030,0.861,0.109
716000,0.030,0.855,0.115
716500,0.030,0.861,0.109
717000,0.030,0.847,0.123
717500,0.030,0.847,0.123
718000,0.030,0.843,0.127
718500,0.030,0.854,0.116
719000,0.030,0.843,0.127
719500,0.030,0.833,0.137
720000,0.030,0.823,0.147
720500,0.030,0.839,0.131
721000,0.033,0.816,0.152
721500,0.031,0.816,0.153
722000,0.030,0.825,0.145
722500,0.030,0.855,0.115
723000,0.030,0.866,0.104
723500,0.030,0.861,0.109
724000,0.030,0.862,0.108
724500,0.030,0.875,0.095
725000,0.030,0.867,0.103
725500,0.030,0.877,0.093
726000,0.030,0.885,0.085
726500,0.030,0.858,0.112
727000,0.030,0.856,0.114
727500,0.030,0.848,0.122
728000,0.030,0.871,0.099
728500,0.030,0.865,0.105
729000,0.030,0.873,0.097
729500,0.030,0.871,0.099
730000,0.030,0.874,0.096
730500,0.030,0.872,0.098
731000,0.030,0.866,0.104
731500,0.030,0.868,0.102
732000,0.030,0.888,0.082
732500,0.030,0.894,0.076
733000,0.030,0.894,0.076
733500,0.030,0.899,0.071
734000,0.030,0.906,0.064
734500,0.030,0.898,0.072
735000,0.030,0.897,0.073
735500,0.030,0.881,0.089
736000,0.030,0.883,0.087
736500,0.030,0.872,0.098
737000,0.030,0.881,0.089
737500,0.030,0.875,0.095
738000,0.030,0.883,0.087
738500,0.030,0.885,0.085
739000,0.030,0.887,0.083
739500,0.030,0.891,0.079
740000,0.030,0.876,0.094
740500,0.030,0.844,0.126
741000,0.030,0.853,0.117
741500,0.030,0.840,0.130
742000,0.030,0.849,0.121
742500,0.030,0.832,0.138
743000,0.030,0.828,0.142
743500,0.030,0.825,0.145
744000,0.030,0.846,0.124
744500,0.030,0.837,0.133
745000,0.030,0.866,0.104
745500,0.030,0.877,0.093
746000,0.030,0.869,0.101
746500,0.030,0.878,0.092
747000,0.030,0.888,0.082
747500,0.030,0.878,0.092
748000,0.030,0.875,0.095
748500,0.030,0.889,0.081
749000,0.030,0.898,0.072
749500,0.030,0.906,0.064
750000,0.030,0.900,0.070
750500,0.030,0.870,0.100
751000,0.030,0.891,0.079
751500,0.030,0.875,0.095
752000,0.030,0.865,0.105
752500,0.030,0.890,0.080
753000,0.030,0.874,0.096
753500,0.030,0.862,0.108
754000,0.030,0.870,0.100
754500,0.030,0.887,0.083
755000,0.030,0.883,0.087
755500,0.030,0.877,0.093
756000,0.030,0.867,0.103
756500,0.030,0.872,0.098
757000,0.030,0.874,0.096
757500,0.030,0.866,0.104
758000,0.030,0.852,0.118
758500,0.030,0.855,0.115
759000,0.030,0.875,0.095
759500,0.030,0.897,0.073
760000,0.030,0.899,0.071
760500,0.030,0.912,0.058
761000,0.030,0.894,0.076
761500,0.030,0.899,0.071
762000,0.030,0.893,0.077
762500,0.030,0.899,0.071
763000,0.030,0.870,0.100
763500,0.030,0.858,0.112
764000,0.030,0.880,0.090
764500,0.030,0.894,0.076
765000,0.030,0.896,0.074
765500,0.030,0.889,0.081
766000,0.030,0.883,0.087
766500,0.030,0.877,0.093
767000,0.030,0.882,0.088
767500,0.030,0.882,0.088
768000,0.030,0.889,0.081
768500,0.030,0.879,0.091
769000,0.030,0.889,0.081
769500,0.030,0.856,0.114
770000,0.030,0.841,0.129
770500,0.030,0.846,0.124
771000,0.030,0.847,0.123
771500,0.030,0.857,0.113
772000,0.030,0.843,0.127
772500,0.030,0.847,0.123
773000,0.030,0.851,0.119
773500,0.030,0.861,0.109
774000,0.030,0.844,0.126
774500,0.030,0.827,0.143
775000,0.030,0.871,0.099
775500,0.030,0.866,0.104
776000,0.030,0.884,0.086
776500,0.030,0.880,0.090
777000,0.030,0.889,0.081
777500,0.030,0.900,0.070
778000,0.030,0.900,0.070
778500,0.030,0.870,0.100
779000,0.030,0.866,0.104
779500,0.030,0.872,0.098
780000,0.030,0.858,0.112
780500,0.030,0.863,0.107
781000,0.030,0.872,0.098
781500,0.030,0.879,0.091
782000,0.030,0.879,0.091
782500,0.030,0.887,0.083
783000,0.030,0.893,0.077
783500,0.030,0.895,0.075
784000,0.030,0.903,0.067
784500,0.030,0.883,0.087
785000,0.030,0.874,0.096
785500,0.030,0.874,0.096
786000,0.030,0.852,0.118
786500,0.030,0.864,0.106
787000,0.030,0.867,0.103
787500,0.030,0.869,0.101
788000,0.030,0.851,0.119
788500,0.030,0.847,0.123
789000,0.030,0.870,0.100
789500,0.030,0.865,0.105
790000,0.030,0.875,0.095
790500,0.030,0.873,0.097
791000,0.030,0.856,0.114
791500,0.030,0.865,0.105
792000,0.030,0.863,0.107
792500,0.030,0.859,0.111
793000,0.030,0.854,0.116
793500,0.030,0.844,0.126
794000,0.032,0.836,0.133
794500,0.030,0.851,0.119
795000,0.030,0.843,0.127
795500,0.030,0.852,0.118
796000,0.030,0.848,0.122
796500,0.030,0.849,0.121
797000,0.030,0.844,0.126
797500,0.030,0.836,0.134
798000,0.030,0.848,0.122
798500,0.030,0.862,0.108
799000,0.030,0.839,0.131
799500,0.030,0.850,0.120
800000,0.030,0.850,0.120
800500,0.030,0.853,0.117
801000,0.030,0.853,0.117
801500,0.030,0.851,0.119
802000,0.030,0.844,0.126
802500,0.030,0.850,0.120
803000,0.030,0.853,0.117
803500,0.030,0.866,0.104
804000,0.030,0.873,0.097
804500,0.030,0.882,0.088
805000,0.030,0.864,0.106
805500,0.030,0.879,0.091
806000,0.030,0.875,0.095
806500,0.030,0.874,0.096
807000,0.030,0.859,0.111
807500,0.030,0.882,0.088
808000,0.030,0.868,0.102
808500,0.030,0.885,0.085
809000,0.030,0.859,0.111
809500,0.030,0.864,0.106
810000,0.030,0.871,0.099
810500,0.030,0.873,0.097
811000,0.030,0.875,0.095
811500,0.030,0.864,0.106
812000,0.030,0.879,0.091
812500,0.030,0.888,0.082
813000,0.030,0.885,0.085
813500,0.030,0.894,0.076
814000,0.030,0.888,0.082
814500,0.030,0.888,0.082
815000,0.030,0.871,0.099
815500,0.030,0.871,0.099
816000,0.030,0.882,0.088
816500,0.030,0.881,0.089
817000,0.030,0.896,0.074
817500,0.030,0.900,0.070
818000,0.030,0.863,0.107
818500,0.030,0.873,0.097
819000,0.030,0.879,0.091
819500,0.030,0.873,0.097
820000,0.030,0.885,0.085
820500,0.030,0.874,0.096
821000,0.030,0.875,0.095
821500,0.030,0.891,0.079
822000,0.030,0.901,0.069
822500,0.030,0.868,0.102
823000,0.030,0.867,0.103
823500,0.030,0.867,0.103
824000,0.030,0.864,0.106
824500,0.030,0.857,0.113
825000,0.030,0.833,0.137
825500,0.030,0.842,0.128
826000,0.030,0.868,0.102
826500,0.030,0.864,0.106
827000,0.030,0.853,0.117
827500,0.030,0.871,0.099
828000,0.030,0.851,0.119
828500,0.030,0.859,0.111
829000,0.030,0.862,0.108
829500,0.030,0.879,0.091
830000,0.030,0.885,0.085
830500,0.030,0.884,0.086
831000,0.030,0.877,0.093
831500,0.030,0.877,0.093
832000,0.030,0.881,0.089
832500,0.030,0.869,0.101
833000,0.030,0.875,0.095
833500,0.030,0.866,0.104
834000,0.030,0.855,0.115
834500,0.030,0.867,0.103
835000,0.030,0.882,0.088
835500,0.030,0.852,0.118
836000,0.030,0.858,0.112
836500,0.030,0.846,0.124
837000,0.030,0.852,0.118
837500,0.030,0.850,0.120
838000,0.030,0.836,0.134
838500,0.030,0.859,0.111
839000,0.030,0.857,0.113
839500,0.030,0.864,0.106
840000,0.030,0.870,0.100
840500,0.030,0.864,0.106
841000,0.030,0.876,0.094
841500,0.030,0.884,0.086
842000,0.030,0.876,0.094
842500,0.030,0.875,0.095
843000,0.030,0.886,0.084
843500,0.030,0.894,0.076
844000,0.030,0.902,0.068
844500,0.030,0.885,0.085
845000,0.030,0.889,0.081
845500,0.030,0.869,0.101
846000,0.030,0.846,0.124
846500,0.030,0.857,0.113
847000,0.030,0.861,0.109
847500,0.030,0.841,0.129
848000,0.030,0.816,0.154
848500,0.030,0.833,0.137
849000,0.030,0.838,0.132
849500,0.030,0.828,0.142
850000,0.030,0.817,0.153
850500,0.030,0.851,0.119
851000,0.030,0.868,0.102
851500,0.030,0.886,0.084
852000,0.030,0.900,0.070
852500,0.030,0.893,0.077
853000,0.030,0.884,0.086
853500,0.030,0.896,0.074
854000,0.030,0.887,0.083
854500,0.030,0.886,0.084
855000,0.030,0.872,0.098
855500,0.030,0.852,0.118
856000,0.030,0.864,0.106
856500,0.030,0.874,0.096
857000,0.030,0.878,0.092
857500,0.030,0.876,0.094
858000,0.030,0.887,0.083
858500,0.030,0.846,0.124
859000,0.030,0.849,0.121
859500,0.030,0.856,0.114
860000,0.030,0.853,0.117
860500,0.030,0.854,0.116
861000,0.032,0.861,0.107
861500,0.032,0.853,0.116
862000,0.032,0.848,0.121
862500,0.030,0.852,0.118
863000,0.030,0.858,0.112
863500,0.030,0.850,0.120
864000,0.030,0.865,0.105
864500,0.030,0.884,0.086
865000,0.030,0.900,0.070
865500,0.030,0.885,0.085
866000,0.030,0.880,0.090
866500,0.030,0.890,0.080
867000,0.030,0.894,0.076
867500,0.030,0.885,0.085
868000,0.030,0.847,0.123
868500,0.030,0.867,0.103
869000,0.030,0.886,0.084
869500,0.030,0.877,0.093
870000,0.030,0.858,0.112
870500,0.030,0.858,0.112
871000,0.030,0.860,0.110
871500,0.030,0.871,0.099
872000,0.030,0.879,0.091
872500,0.030,0.865,0.105
873000,0.030,0.869,0.101
873500,0.030,0.859,0.111
874000,0.030,0.875,0.095
874500,0.030,0.882,0.088
875000,0.030,0.875,0.095
875500,0.030,0.884,0.086
876000,0.030,0.867,0.103
876500,0.030,0.859,0.111
877000,0.030,0.874,0.096
877500,0.030,0.879,0.091
878000,0.030,0.868,0.102
878500,0.030,0.846,0.124
879000,0.030,0.853,0.117
879500,0.030,0.871,0.099
880000,0.030,0.856,0.114
880500,0.030,0.867,0.103
881000,0.030,0.879,0.091
881500,0.030,0.878,0.092
882000,0.030,0.883,0.087
882500,0.030,0.884,0.086
883000,0.030,0.890,0.080
883500,0.030,0.880,0.090
884000,0.030,0.881,0.089
884500,0.030,0.891,0.079
885000,0.030,0.891,0.079
885500,0.030,0.887,0.083
886000,0.030,0.884,0.086
886500,0.030,0.896,0.074
887000,0.030,0.879,0.091
887500,0.030,0.881,0.089
888000,0.030,0.879,0.091
888500,0.030,0.871,0.099
889000,0.030,0.874,0.096
889500,0.030,0.863,0.107
890000,0.030,0.841,0.129
890500,0.030,0.837,0.133
891000,0.030,0.842,0.128
891500,0.030,0.852,0.118
892000,0.030,0.860,0.110
892500,0.030,0.885,0.085
893000,0.030,0.879,0.091
893500,0.030,0.874,0.096
894000,0.030,0.854,0.116
894500,0.030,0.847,0.123
895000,0.030,0.854,0.116
895500,0.030,0.850,0.120
896000,0.030,0.823,0.147
896500,0.030,0.832,0.138
897000,0.030,0.845,0.125
897500,0.030,0.875,0.095
898000,0.030,0.878,0.092
898500,0.030,0.876,0.094
899000,0.030,0.875,0.095
899500,0.030,0.841,0.129
900000,0.030,0.847,0.123
900500,0.030,0.849,0.121
901000,0.030,0.842,0.128
901500,0.030,0.859,0.111
902000,0.030,0.846,0.124
902500,0.030,0.851,0.119
903000,0.030,0.858,0.112
903500,0.030,0.863,0.107
904000,0.030,0.870,0.100
904500,0.030,0.872,0.098
905000,0.030,0.869,0.101
905500,0.030,0.886,0.084
906000,0.030,0.883,0.087
906500,0.030,0.870,0.100
907000,0.030,0.871,0.099
907500,0.030,0.879,0.091
908000,0.030,0.879,0.091
908500,0.030,0.880,0.090
909000,0.030,0.875,0.095
909500,0.030,0.871,0.099
910000,0.030,0.879,0.091
910500,0.030,0.877,0.093
911000,0.030,0.866,0.104
911500,0.030,0.876,0.094
912000,0.030,0.879,0.091
912500,0.030,0.877,0.093
913000,0.030,0.871,0.099
913500,0.030,0.854,0.116
914000,0.030,0.860,0.110
914500,0.030,0.867,0.103
915000,0.030,0.885,0.085
915500,0.030,0.887,0.083
916000,0.030,0.876,0.094
916500,0.030,0.878,0.092
917000,0.030,0.866,0.104
917500,0.030,0.867,0.103
918000,0.030,0.879,0.091
918500,0.030,0.883,0.087
919000,0.030,0.860,0.110
919500,0.030,0.857,0.113
920000,0.030,0.866,0.104
920500,0.030,0.863,0.107
921000,0.030,0.870,0.100
921500,0.030,0.866,0.104
922000,0.030,0.858,0.112
922500,0.030,0.865,0.105
923000,0.030,0.854,0.116
923500,0.030,0.849,0.121
924000,0.030,0.855,0.115
924500,0.030,0.863,0.107
925000,0.030,0.847,0.123
925500,0.030,0.854,0.116
926000,0.030,0.859,0.111
926500,0.032,0.870,0.099
927000,0.030,0.862,0.108
927500,0.030,0.846,0.124
928000,0.030,0.845,0.125
928500,0.030,0.839,0.131
929000,0.030,0.845,0.125
929500,0.030,0.868,0.102
930000,0.030,0.863,0.107
930500,0.030,0.861,0.109
931000,0.030,0.861,0.109
931500,0.030,0.873,0.097
932000,0.030,0.873,0.097
932500,0.030,0.859,0.111
933000,0.030,0.852,0.118
933500,0.030,0.847,0.123
934000,0.030,0.851,0.119
934500,0.030,0.875,0.095
935000,0.030,0.886,0.084
935500,0.030,0.885,0.085
936000,0.030,0.884,0.086
936500,0.030,0.884,0.086
937000,0.030,0.887,0.083
937500,0.030,0.874,0.096
938000,0.030,0.888,0.082
938500,0.030,0.883,0.087
939000,0.030,0.887,0.083
939500,0.030,0.890,0.080
940000,0.030,0.893,0.077
940500,0.030,0.888,0.082
941000,0.030,0.883,0.087
941500,0.030,0.884,0.086
942000,0.030,0.879,0.091
942500,0.030,0.871,0.099
943000,0.030,0.883,0.087
943500,0.030,0.870,0.100
944000,0.030,0.861,0.109
944500,0.030,0.842,0.128
945000,0.030,0.872,0.098
945500,0.030,0.849,0.121
946000,0.030,0.879,0.091
946500,0.030,0.864,0.106
947000,0.030,0.866,0.104
947500,0.030,0.861,0.109
948000,0.030,0.860,0.110
948500,0.030,0.861,0.109
949000,0.030,0.850,0.120
949500,0.030,0.853,0.117
950000,0.030,0.855,0.115
950500,0.030,0.860,0.110
951000,0.030,0.854,0.116
951500,0.030,0.851,0.119
952000,0.030,0.853,0.117
952500,0.030,0.849,0.121
953000,0.030,0.844,0.126
953500,0.030,0.844,0.126
954000,0.030,0.857,0.113
954500,0.030,0.870,0.100
955000,0.030,0.883,0.087
955500,0.030,0.873,0.097
956000,0.030,0.879,0.091
956500,0.030,0.877,0.093
957000,0.030,0.876,0.094
957500,0.030,0.885,0.085
958000,0.030,0.877,0.093
958500,0.030,0.871,0.099
959000,0.030,0.870,0.100
959500,0.030,0.872,0.098
960000,0.030,0.863,0.107
960500,0.030,0.867,0.103
961000,0.030,0.896,0.074
961500,0.030,0.898,0.072
962000,0.030,0.892,0.078
962500,0.030,0.872,0.098
963000,0.030,0.882,0.088
963500,0.030,0.894,0.076
964000,0.030,0.877,0.093
964500,0.030,0.877,0.093
965000,0.030,0.882,0.088
965500,0.030,0.894,0.076
966000,0.030,0.883,0.087
966500,0.030,0.884,0.086
967000,0.030,0.880,0.090
967500,0.030,0.862,0.108
968000,0.030,0.870,0.100
968500,0.030,0.887,0.083
969000,0.030,0.892,0.078
969500,0.030,0.895,0.075
970000,0.030,0.882,0.088
970500,0.030,0.885,0.085
971000,0.030,0.868,0.102
971500,0.030,0.875,0.095
972000,0.030,0.888,0.082
972500,0.030,0.886,0.084
973000,0.030,0.896,0.074
973500,0.030,0.886,0.084
974000,0.030,0.879,0.091
974500,0.030,0.880,0.090
975000,0.030,0.873,0.097
975500,0.030,0.870,0.100
976000,0.030,0.867,0.103
976500,0.030,0.866,0.104
977000,0.030,0.865,0.105
977500,0.030,0.862,0.108
978000,0.030,0.861,0.109
978500,0.030,0.852,0.118
979000,0.030,0.868,0.102
979500,0.030,0.871,0.099
980000,0.030,0.861,0.109
980500,0.030,0.863,0.107
981000,0.030,0.862,0.108
981500,0.030,0.860,0.110
982000,0.030,0.863,0.107
982500,0.030,0.868,0.102
983000,0.030,0.864,0.106
983500,0.030,0.870,0.100
984000,0.030,0.873,0.097
984500,0.030,0.864,0.106
985000,0.030,0.863,0.107
985500,0.030,0.859,0.111
986000,0.030,0.862,0.108
986500,0.030,0.854,0.116
987000,0.030,0.851,0.119
987500,0.030,0.878,0.092
988000,0.030,0.857,0.113
988500,0.030,0.883,0.087
989000,0.030,0.907,0.063
989500,0.030,0.902,0.068
990000,0.030,0.880,0.090
990500,0.030,0.872,0.098
991000,0.030,0.869,0.101
991500,0.030,0.871,0.099
992000,0.030,0.856,0.114
992500,0.030,0.867,0.103
993000,0.030,0.873,0.097
993500,0.030,0.889,0.081
994000,0.030,0.890,0.080
994500,0.030,0.883,0.087
995000,0.030,0.868,0.102
995500,0.030,0.870,0.100
996000,0.030,0.860,0.110
996500,0.030,0.870,0.100
997000,0.030,0.870,0.100
997500,0.030,0.865,0.105
998000,0.030,0.874,0.096
998500,0.030,0.894,0.076
999000,0.030,0.885,0.085
999500,0.030,0.874,0.096
1000000,0.030,0.884,0.086
