time,n_A+p,n_B,n_AB
500,0.030,0.768,0.202
1000,0.030,0.551,0.419
1500,0.030,0.338,0.632
2000,0.030,0.397,0.573
2500,0.030,0.424,0.546
3000,0.030,0.407,0.563
3500,0.030,0.440,0.530
4000,0.030,0.393,0.577
4500,0.030,0.335,0.635
5000,0.030,0.322,0.648
5500,0.030,0.270,0.700
6000,0.030,0.358,0.612
6500,0.030,0.319,0.651
7000,0.030,0.260,0.710
7500,0.030,0.382,0.589
8000,0.030,0.307,0.662
8500,0.030,0.294,0.675
9000,0.030,0.406,0.564
9500,0.030,0.409,0.560
10000,0.030,0.450,0.520
10500,0.030,0.322,0.648
11000,0.030,0.412,0.557
11500,0.030,0.295,0.675
12000,0.030,0.265,0.706
12500,0.030,0.266,0.704
13000,0.030,0.287,0.682
13500,0.030,0.223,0.747
14000,0.035,0.207,0.757
14500,0.035,0.317,0.648
15000,0.030,0.424,0.545
15500,0.030,0.352,0.617
16000,0.030,0.292,0.677
16500,0.030,0.260,0.710
17000,0.030,0.276,0.694
17500,0.030,0.322,0.648
18000,0.030,0.344,0.626
18500,0.030,0.347,0.623
19000,0.030,0.264,0.706
19500,0.030,0.289,0.681
20000,0.030,0.440,0.530
20500,0.030,0.406,0.564
21000,0.030,0.376,0.594
21500,0.030,0.332,0.638
22000,0.033,0.328,0.639
22500,0.030,0.351,0.619
23000,0.030,0.286,0.683
23500,0.030,0.328,0.642
24000,0.030,0.322,0.648
24500,0.030,0.316,0.654
25000,0.030,0.371,0.599
25500,0.030,0.315,0.655
26000,0.030,0.302,0.668
26500,0.030,0.335,0.635
27000,0.030,0.316,0.654
27500,0.030,0.334,0.636
28000,0.030,0.324,0.646
28500,0.030,0.308,0.661
29000,0.030,0.409,0.560
29500,0.030,0.395,0.575
30000,0.030,0.255,0.715
30500,0.030,0.282,0.688
31000,0.030,0.361,0.609
31500,0.030,0.374,0.595
32000,0.030,0.305,0.665
32500,0.030,0.376,0.594
33000,0.030,0.281,0.689
33500,0.030,0.281,0.689
34000,0.030,0.377,0.593
34500,0.030,0.378,0.592
35000,0.030,0.275,0.696
35500,0.030,0.378,0.593
36000,0.030,0.374,0.596
36500,0.030,0.377,0.593
37000,0.030,0.343,0.627
37500,0.030,0.358,0.611
38000,0.030,0.288,0.681
38500,0.030,0.348,0.621
39000,0.030,0.331,0.639
39500,0.030,0.418,0.551
40000,0.030,0.344,0.626
40500,0.030,0.329,0.641
41000,0.030,0.267,0.703
41500,0.030,0.361,0.609
42000,0.030,0.426,0.543
42500,0.030,0.341,0.629
43000,0.030,0.341,0.629
43500,0.030,0.368,0.602
44000,0.030,0.315,0.655
44500,0.030,0.372,0.597
45000,0.030,0.402,0.569
45500,0.030,0.330,0.640
46000,0.033,0.276,0.692
46500,0.030,0.336,0.634
47000,0.030,0.305,0.664
47500,0.030,0.412,0.557
48000,0.030,0.403,0.567
48500,0.030,0.387,0.583
49000,0.030,0.294,0.676
49500,0.030,0.334,0.636
50000,0.030,0.357,0.613
50500,0.030,0.392,0.578
51000,0.030,0.272,0.698
51500,0.049,0.265,0.687
52000,0.032,0.247,0.720
52500,0.030,0.374,0.595
53000,0.030,0.396,0.575
53500,0.030,0.355,0.615
54000,0.030,0.338,0.632
54500,0.030,0.391,0.579
55000,0.030,0.432,0.538
55500,0.030,0.397,0.573
56000,0.030,0.377,0.593
56500,0.030,0.428,0.541
57000,0.030,0.330,0.640
57500,0.030,0.364,0.605
58000,0.030,0.360,0.609
58500,0.030,0.341,0.629
59000,0.030,0.339,0.631
59500,0.030,0.380,0.590
60000,0.030,0.357,0.613
60500,0.030,0.287,0.682
61000,0.030,0.414,0.555
61500,0.030,0.426,0.543
62000,0.030,0.327,0.643
62500,0.030,0.341,0.629
63000,0.030,0.325,0.645
63500,0.030,0.292,0.677
64000,0.030,0.224,0.746
64500,0.030,0.284,0.686
65000,0.030,0.325,0.645
65500,0.040,0.268,0.692
66000,0.030,0.224,0.746
66500,0.030,0.378,0.593
67000,0.030,0.337,0.633
67500,0.030,0.352,0.617
68000,0.030,0.324,0.646
68500,0.030,0.263,0.707
69000,0.030,0.333,0.637
69500,0.030,0.374,0.596
70000,0.030,0.418,0.552
70500,0.030,0.362,0.608
71000,0.030,0.379,0.591
71500,0.030,0.274,0.696
72000,0.030,0.333,0.637
72500,0.030,0.338,0.632
73000,0.030,0.360,0.610
73500,0.030,0.338,0.632
74000,0.030,0.315,0.655
74500,0.030,0.302,0.668
75000,0.030,0.329,0.641
75500,0.030,0.369,0.601
76000,0.030,0.364,0.606
76500,0.030,0.355,0.615
77000,0.030,0.395,0.575
77500,0.030,0.416,0.553
78000,0.030,0.364,0.606
78500,0.030,0.355,0.615
79000,0.030,0.302,0.668
79500,0.030,0.322,0.647
80000,0.030,0.330,0.640
80500,0.030,0.246,0.724
81000,0.030,0.310,0.659
81500,0.030,0.288,0.681
82000,0.030,0.339,0.631
82500,0.030,0.310,0.659
83000,0.030,0.311,0.659
83500,0.031,0.351,0.617
84000,0.030,0.307,0.663
84500,0.030,0.363,0.607
85000,0.030,0.351,0.619
85500,0.030,0.378,0.593
86000,0.030,0.334,0.636
86500,0.030,0.401,0.569
87000,0.030,0.352,0.618
87500,0.030,0.285,0.684
88000,0.030,0.281,0.690
88500,0.030,0.267,0.704
89000,0.034,0.280,0.686
89500,0.030,0.383,0.587
90000,0.030,0.373,0.597
90500,0.030,0.346,0.624
91000,0.030,0.306,0.664
91500,0.030,0.328,0.642
92000,0.030,0.326,0.644
92500,0.030,0.388,0.582
93000,0.030,0.406,0.565
93500,0.030,0.334,0.636
94000,0.030,0.342,0.628
94500,0.030,0.378,0.592
95000,0.030,0.376,0.594
95500,0.030,0.306,0.663
96000,0.033,0.243,0.724
96500,0.030,0.307,0.662
97000,0.030,0.349,0.621
97500,0.030,0.353,0.617
98000,0.030,0.364,0.606
98500,0.030,0.365,0.605
99000,0.030,0.348,0.622
99500,0.030,0.330,0.640
100000,0.030,0.413,0.556
100500,0.030,0.374,0.595
101000,0.030,0.359,0.611
101500,0.030,0.333,0.637
102000,0.030,0.297,0.673
102500,0.030,0.253,0.717
103000,0.034,0.203,0.763
103500,0.030,0.345,0.625
104000,0.030,0.360,0.609
104500,0.030,0.326,0.644
105000,0.030,0.330,0.640
105500,0.030,0.306,0.664
106000,0.030,0.299,0.670
106500,0.030,0.287,0.682
107000,0.030,0.298,0.672
107500,0.030,0.268,0.702
108000,0.030,0.311,0.659
108500,0.030,0.259,0.712
109000,0.030,0.348,0.621
109500,0.030,0.296,0.674
110000,0.030,0.303,0.666
110500,0.030,0.290,0.679
111000,0.036,0.237,0.726
111500,0.031,0.307,0.662
112000,0.030,0.368,0.601
112500,0.030,0.377,0.593
113000,0.030,0.277,0.694
113500,0.030,0.308,0.662
114000,0.030,0.325,0.645
114500,0.030,0.377,0.593
115000,0.030,0.302,0.667
115500,0.030,0.310,0.660
116000,0.030,0.330,0.640
116500,0.030,0.365,0.605
117000,0.030,0.431,0.539
117500,0.030,0.320,0.650
118000,0.030,0.410,0.559
118500,0.030,0.363,0.607
119000,0.030,0.260,0.710
119500,0.030,0.333,0.637
120000,0.030,0.270,0.700
120500,0.030,0.321,0.649
121000,0.030,0.277,0.693
121500,0.030,0.338,0.632
122000,0.030,0.423,0.546
122500,0.030,0.361,0.609
123000,0.030,0.314,0.656
123500,0.030,0.332,0.638
124000,0.030,0.299,0.671
124500,0.032,0.304,0.664
125000,0.035,0.225,0.741
125500,0.032,0.300,0.668
126000,0.030,0.300,0.670
126500,0.030,0.310,0.659
127000,0.030,0.297,0.672
127500,0.030,0.298,0.672
128000,0.030,0.367,0.603
128500,0.030,0.309,0.660
129000,0.030,0.320,0.650
129500,0.030,0.396,0.574
130000,0.030,0.394,0.577
130500,0.030,0.424,0.546
131000,0.030,0.327,0.643
131500,0.030,0.424,0.545
132000,0.030,0.337,0.633
132500,0.030,0.314,0.656
133000,0.030,0.401,0.569
133500,0.030,0.273,0.697
134000,0.030,0.235,0.735
134500,0.030,0.328,0.642
135000,0.036,0.319,0.645
135500,0.030,0.395,0.575
136000,0.030,0.331,0.639
136500,0.030,0.327,0.643
137000,0.030,0.329,0.641
137500,0.030,0.344,0.626
138000,0.030,0.425,0.545
138500,0.030,0.455,0.515
139000,0.030,0.421,0.549
139500,0.030,0.242,0.728
140000,0.030,0.329,0.641
140500,0.030,0.302,0.667
141000,0.033,0.263,0.705
141500,0.030,0.293,0.676
142000,0.030,0.333,0.637
142500,0.030,0.389,0.581
143000,0.030,0.395,0.575
143500,0.030,0.334,0.636
144000,0.030,0.359,0.611
144500,0.030,0.404,0.567
145000,0.030,0.407,0.562
145500,0.030,0.438,0.532
146000,0.030,0.335,0.635
146500,0.030,0.403,0.567
147000,0.030,0.393,0.577
147500,0.030,0.374,0.595
148000,0.030,0.425,0.545
148500,0.030,0.340,0.630
149000,0.030,0.320,0.650
149500,0.030,0.287,0.683
150000,0.030,0.304,0.666
150500,0.030,0.306,0.664
151000,0.030,0.332,0.638
151500,0.030,0.319,0.651
152000,0.030,0.372,0.597
152500,0.030,0.331,0.639
153000,0.030,0.403,0.567
153500,0.030,0.383,0.587
154000,0.030,0.316,0.654
154500,0.030,0.235,0.734
155000,0.030,0.397,0.573
155500,0.030,0.272,0.698
156000,0.030,0.313,0.657
156500,0.030,0.350,0.620
157000,0.030,0.301,0.669
157500,0.030,0.354,0.615
158000,0.030,0.331,0.639
158500,0.030,0.336,0.634
159000,0.034,0.363,0.604
159500,0.030,0.352,0.617
160000,0.030,0.245,0.725
160500,0.030,0.308,0.661
161000,0.030,0.260,0.710
161500,0.030,0.309,0.661
162000,0.030,0.398,0.573
162500,0.030,0.362,0.608
163000,0.030,0.283,0.687
163500,0.030,0.413,0.556
164000,0.030,0.317,0.653
164500,0.030,0.308,0.662
165000,0.030,0.322,0.648
165500,0.030,0.359,0.611
166000,0.030,0.337,0.633
166500,0.030,0.337,0.633
167000,0.030,0.383,0.587
167500,0.030,0.301,0.669
168000,0.030,0.331,0.639
168500,0.030,0.369,0.601
169000,0.030,0.345,0.625
169500,0.030,0.348,0.621
170000,0.030,0.275,0.696
170500,0.030,0.275,0.695
171000,0.030,0.344,0.625
171500,0.035,0.293,0.672
172000,0.030,0.326,0.644
172500,0.030,0.343,0.627
173000,0.030,0.321,0.649
173500,0.030,0.386,0.584
174000,0.030,0.299,0.671
174500,0.030,0.362,0.607
175000,0.030,0.256,0.714
175500,0.030,0.314,0.656
176000,0.030,0.307,0.662
176500,0.030,0.303,0.667
177000,0.030,0.311,0.658
177500,0.030,0.394,0.577
178000,0.030,0.322,0.648
178500,0.030,0.338,0.632
179000,0.030,0.389,0.581
179500,0.030,0.414,0.555
180000,0.030,0.352,0.617
180500,0.030,0.419,0.550
181000,0.030,0.370,0.599
181500,0.030,0.326,0.644
182000,0.030,0.342,0.628
182500,0.030,0.281,0.690
183000,0.030,0.288,0.681
183500,0.030,0.310,0.659
184000,0.030,0.320,0.650
184500,0.030,0.344,0.625
185000,0.030,0.334,0.636
185500,0.030,0.376,0.595
186000,0.030,0.392,0.578
186500,0.030,0.408,0.561
187000,0.030,0.334,0.636
187500,0.030,0.269,0.702
188000,0.030,0.282,0.688
188500,0.030,0.338,0.632
189000,0.030,0.281,0.690
189500,0.030,0.260,0.710
190000,0.030,0.371,0.599
190500,0.030,0.368,0.602
191000,0.030,0.342,0.628
191500,0.030,0.344,0.625
192000,0.030,0.368,0.602
192500,0.032,0.382,0.587
193000,0.030,0.343,0.627
193500,0.030,0.310,0.660
194000,0.030,0.363,0.607
194500,0.039,0.265,0.696
195000,0.031,0.303,0.665
195500,0.030,0.325,0.645
196000,0.030,0.325,0.645
196500,0.030,0.396,0.574
197000,0.030,0.316,0.654
197500,0.030,0.277,0.693
198000,0.030,0.386,0.584
198500,0.030,0.357,0.613
199000,0.030,0.307,0.663
199500,0.040,0.201,0.759
200000,0.041,0.188,0.772
200500,0.038,0.231,0.731
201000,0.030,0.316,0.653
201500,0.030,0.376,0.594
202000,0.030,0.428,0.542
202500,0.030,0.324,0.646
203000,0.030,0.337,0.633
203500,0.030,0.319,0.651
204000,0.030,0.433,0.537
204500,0.030,0.355,0.615
205000,0.030,0.315,0.655
205500,0.030,0.296,0.673
206000,0.030,0.314,0.656
206500,0.030,0.283,0.686
207000,0.030,0.284,0.686
207500,0.030,0.312,0.658
208000,0.030,0.334,0.636
208500,0.030,0.303,0.666
209000,0.030,0.289,0.681
209500,0.033,0.326,0.642
210000,0.030,0.388,0.582
210500,0.030,0.348,0.622
211000,0.030,0.336,0.634
211500,0.030,0.322,0.648
212000,0.030,0.315,0.655
212500,0.030,0.315,0.655
213000,0.030,0.289,0.680
213500,0.030,0.364,0.605
214000,0.030,0.285,0.684
214500,0.030,0.262,0.708
215000,0.030,0.364,0.605
215500,0.030,0.382,0.588
216000,0.030,0.330,0.640
216500,0.030,0.264,0.706
217000,0.030,0.336,0.634
217500,0.030,0.393,0.577
218000,0.030,0.408,0.562
218500,0.030,0.411,0.558
219000,0.030,0.349,0.621
219500,0.030,0.265,0.706
220000,0.030,0.263,0.708
220500,0.030,0.378,0.592
221000,0.030,0.287,0.683
221500,0.030,0.323,0.647
222000,0.033,0.264,0.703
222500,0.030,0.340,0.630
223000,0.033,0.244,0.723
223500,0.030,0.376,0.594
224000,0.030,0.319,0.651
224500,0.030,0.286,0.683
225000,0.030,0.381,0.589
225500,0.030,0.347,0.623
226000,0.030,0.353,0.617
226500,0.030,0.337,0.633
227000,0.030,0.311,0.659
227500,0.030,0.329,0.641
228000,0.039,0.256,0.706
228500,0.030,0.335,0.635
229000,0.030,0.302,0.668
229500,0.030,0.297,0.672
230000,0.030,0.279,0.692
230500,0.030,0.463,0.507
231000,0.030,0.511,0.459
231500,0.030,0.490,0.479
232000,0.030,0.362,0.607
232500,0.030,0.330,0.640
233000,0.030,0.371,0.599
233500,0.030,0.259,0.712
234000,0.030,0.322,0.648
234500,0.030,0.368,0.601
235000,0.030,0.318,0.652
235500,0.030,0.323,0.647
236000,0.030,0.263,0.708
236500,0.030,0.310,0.659
237000,0.030,0.332,0.638
237500,0.030,0.414,0.556
238000,0.030,0.389,0.581
238500,0.030,0.272,0.698
239000,0.030,0.389,0.581
239500,0.030,0.420,0.550
240000,0.030,0.308,0.661
240500,0.030,0.360,0.610
241000,0.030,0.412,0.557
241500,0.030,0.441,0.529
242000,0.030,0.427,0.543
242500,0.030,0.370,0.599
243000,0.030,0.295,0.675
243500,0.030,0.317,0.653
244000,0.030,0.311,0.659
244500,0.030,0.359,0.611
245000,0.030,0.383,0.587
245500,0.030,0.311,0.658
246000,0.030,0.373,0.597
246500,0.030,0.335,0.635
247000,0.030,0.282,0.688
247500,0.030,0.311,0.659
248000,0.030,0.289,0.681
248500,0.030,0.388,0.583
249000,0.030,0.444,0.526
249500,0.030,0.424,0.546
250000,0.030,0.429,0.541
250500,0.030,0.306,0.664
251000,0.030,0.300,0.670
251500,0.030,0.298,0.671
252000,0.030,0.353,0.617
252500,0.030,0.350,0.619
253000,0.030,0.352,0.618
253500,0.030,0.285,0.685
254000,0.030,0.393,0.577
254500,0.030,0.341,0.629
255000,0.030,0.377,0.593
255500,0.030,0.368,0.602
256000,0.030,0.371,0.599
256500,0.030,0.344,0.625
257000,0.030,0.318,0.652
257500,0.030,0.324,0.646
258000,0.030,0.288,0.681
258500,0.030,0.349,0.621
259000,0.030,0.280,0.690
259500,0.030,0.327,0.643
260000,0.030,0.345,0.625
260500,0.030,0.308,0.662
261000,0.030,0.218,0.751
261500,0.030,0.330,0.640
262000,0.030,0.357,0.613
262500,0.030,0.430,0.540
263000,0.030,0.388,0.582
263500,0.030,0.385,0.585
264000,0.030,0.376,0.594
264500,0.030,0.360,0.609
265000,0.030,0.369,0.601
265500,0.030,0.309,0.660
266000,0.032,0.240,0.728
266500,0.030,0.223,0.747
267000,0.030,0.344,0.625
267500,0.030,0.403,0.567
268000,0.030,0.381,0.589
268500,0.030,0.333,0.637
269000,0.030,0.386,0.584
269500,0.030,0.281,0.689
270000,0.030,0.281,0.690
270500,0.030,0.303,0.667
271000,0.030,0.361,0.609
271500,0.030,0.360,0.610
272000,0.030,0.355,0.615
272500,0.030,0.339,0.631
273000,0.030,0.316,0.654
273500,0.030,0.295,0.674
274000,0.030,0.281,0.689
274500,0.030,0.405,0.565
275000,0.030,0.380,0.591
275500,0.030,0.365,0.605
276000,0.030,0.313,0.657
276500,0.030,0.294,0.675
277000,0.030,0.308,0.662
277500,0.030,0.311,0.659
278000,0.030,0.349,0.621
278500,0.030,0.302,0.667
279000,0.030,0.290,0.680
279500,0.030,0.335,0.635
280000,0.030,0.336,0.634
280500,0.030,0.306,0.664
281000,0.030,0.361,0.609
281500,0.030,0.344,0.626
282000,0.030,0.332,0.638
282500,0.030,0.351,0.619
283000,0.030,0.331,0.639
283500,0.030,0.336,0.634
284000,0.030,0.295,0.675
284500,0.030,0.322,0.648
285000,0.030,0.340,0.630
285500,0.030,0.251,0.719
286000,0.030,0.307,0.662
286500,0.030,0.295,0.675
287000,0.030,0.303,0.666
287500,0.030,0.364,0.605
288000,0.030,0.276,0.694
288500,0.030,0.294,0.676
289000,0.030,0.335,0.635
289500,0.030,0.381,0.589
290000,0.030,0.353,0.617
290500,0.030,0.285,0.685
291000,0.030,0.406,0.565
291500,0.030,0.438,0.532
292000,0.030,0.302,0.667
292500,0.030,0.387,0.583
293000,0.030,0.305,0.664
293500,0.030,0.372,0.598
294000,0.030,0.321,0.649
294500,0.030,0.372,0.597
295000,0.030,0.386,0.585
295500,0.030,0.368,0.602
296000,0.030,0.332,0.638
296500,0.030,0.374,0.596
297000,0.030,0.305,0.665
297500,0.034,0.311,0.655
298000,0.030,0.291,0.678
298500,0.030,0.344,0.625
299000,0.030,0.300,0.669
299500,0.030,0.253,0.718
300000,0.030,0.301,0.669
300500,0.030,0.240,0.730
301000,0.030,0.335,0.635
301500,0.030,0.308,0.662
302000,0.030,0.334,0.636
302500,0.030,0.332,0.638
303000,0.030,0.393,0.577
303500,0.030,0.419,0.551
304000,0.030,0.368,0.602
304500,0.030,0.327,0.643
305000,0.030,0.347,0.623
305500,0.030,0.387,0.583
306000,0.030,0.383,0.587
306500,0.030,0.449,0.521
307000,0.030,0.420,0.549
307500,0.030,0.343,0.627
308000,0.030,0.277,0.693
308500,0.030,0.330,0.640
309000,0.030,0.309,0.661
309500,0.030,0.310,0.659
310000,0.030,0.344,0.626
310500,0.030,0.342,0.628
311000,0.030,0.254,0.716
311500,0.037,0.247,0.716
312000,0.030,0.292,0.678
312500,0.032,0.302,0.666
313000,0.030,0.390,0.581
313500,0.030,0.345,0.625
314000,0.030,0.411,0.558
314500,0.030,0.276,0.694
315000,0.030,0.343,0.627
315500,0.030,0.239,0.731
316000,0.031,0.333,0.636
316500,0.030,0.336,0.634
317000,0.030,0.337,0.633
317500,0.030,0.303,0.666
318000,0.030,0.359,0.611
318500,0.030,0.356,0.613
319000,0.030,0.403,0.567
319500,0.030,0.346,0.624
320000,0.030,0.432,0.537
320500,0.030,0.334,0.636
321000,0.030,0.361,0.609
321500,0.030,0.352,0.618
322000,0.030,0.292,0.677
322500,0.030,0.331,0.639
323000,0.030,0.364,0.605
323500,0.030,0.316,0.654
324000,0.030,0.325,0.645
324500,0.030,0.430,0.539
325000,0.030,0.443,0.527
325500,0.030,0.373,0.597
326000,0.030,0.380,0.591
326500,0.030,0.361,0.609
327000,0.030,0.410,0.559
327500,0.033,0.312,0.655
328000,0.033,0.255,0.713
328500,0.037,0.237,0.726
329000,0.030,0.319,0.651
329500,0.030,0.315,0.655
330000,0.030,0.339,0.631
330500,0.036,0.280,0.684
331000,0.030,0.303,0.666
331500,0.030,0.389,0.581
332000,0.030,0.348,0.622
332500,0.030,0.216,0.754
333000,0.030,0.284,0.686
333500,0.030,0.353,0.617
334000,0.030,0.331,0.639
334500,0.030,0.430,0.539
335000,0.030,0.402,0.569
335500,0.037,0.350,0.612
336000,0.030,0.308,0.661
336500,0.030,0.275,0.695
337000,0.033,0.267,0.700
337500,0.030,0.280,0.690
338000,0.030,0.300,0.669
338500,0.030,0.353,0.617
339000,0.030,0.379,0.591
339500,0.030,0.426,0.544
340000,0.030,0.324,0.646
340500,0.030,0.354,0.616
341000,0.030,0.359,0.611
341500,0.030,0.346,0.624
342000,0.030,0.306,0.663
342500,0.030,0.335,0.635
343000,0.030,0.392,0.578
343500,0.030,0.386,0.585
344000,0.030,0.295,0.674
344500,0.030,0.368,0.601
345000,0.030,0.336,0.634
345500,0.030,0.338,0.632
346000,0.030,0.343,0.627
346500,0.030,0.389,0.581
347000,0.030,0.369,0.601
347500,0.030,0.343,0.627
348000,0.030,0.327,0.643
348500,0.030,0.332,0.638
349000,0.038,0.289,0.672
349500,0.030,0.279,0.691
350000,0.030,0.358,0.612
350500,0.030,0.293,0.676
351000,0.030,0.338,0.632
351500,0.035,0.333,0.633
352000,0.030,0.419,0.550
352500,0.030,0.427,0.543
353000,0.030,0.435,0.535
353500,0.030,0.443,0.527
354000,0.030,0.390,0.580
354500,0.030,0.427,0.543
355000,0.030,0.364,0.606
355500,0.030,0.375,0.595
356000,0.030,0.316,0.654
356500,0.030,0.440,0.530
357000,0.030,0.360,0.609
357500,0.030,0.363,0.607
358000,0.030,0.346,0.623
358500,0.030,0.247,0.723
359000,0.035,0.261,0.704
359500,0.030,0.264,0.706
360000,0.030,0.344,0.626
360500,0.030,0.347,0.623
361000,0.030,0.347,0.623
361500,0.030,0.265,0.706
362000,0.030,0.344,0.626
362500,0.030,0.365,0.605
363000,0.030,0.321,0.649
363500,0.030,0.389,0.581
364000,0.030,0.386,0.585
364500,0.030,0.312,0.657
365000,0.030,0.337,0.633
365500,0.030,0.316,0.654
366000,0.030,0.305,0.665
366500,0.030,0.406,0.564
367000,0.030,0.397,0.573
367500,0.030,0.383,0.587
368000,0.030,0.359,0.611
368500,0.030,0.316,0.654
369000,0.030,0.366,0.604
369500,0.030,0.337,0.633
370000,0.030,0.317,0.653
370500,0.030,0.277,0.693
371000,0.030,0.282,0.688
371500,0.030,0.285,0.685
372000,0.030,0.365,0.605
372500,0.030,0.359,0.611
373000,0.030,0.396,0.575
373500,0.030,0.403,0.567
374000,0.030,0.400,0.570
374500,0.030,0.404,0.567
375000,0.030,0.283,0.687
375500,0.032,0.365,0.603
376000,0.030,0.348,0.622
376500,0.030,0.433,0.536
377000,0.035,0.287,0.678
377500,0.030,0.266,0.704
378000,0.030,0.252,0.718
378500,0.030,0.278,0.692
379000,0.030,0.304,0.665
379500,0.030,0.319,0.651
380000,0.030,0.335,0.635
380500,0.030,0.433,0.537
381000,0.030,0.426,0.543
381500,0.030,0.331,0.639
382000,0.030,0.320,0.650
382500,0.030,0.334,0.636
383000,0.030,0.338,0.632
383500,0.030,0.320,0.650
384000,0.030,0.353,0.617
384500,0.030,0.347,0.623
385000,0.030,0.377,0.593
385500,0.030,0.347,0.623
386000,0.030,0.376,0.595
386500,0.030,0.332,0.638
387000,0.030,0.285,0.684
387500,0.030,0.406,0.564
388000,0.030,0.335,0.635
388500,0.030,0.315,0.655
389000,0.030,0.412,0.557
389500,0.030,0.362,0.607
390000,0.030,0.397,0.573
390500,0.030,0.339,0.631
391000,0.030,0.367,0.603
391500,0.030,0.393,0.577
392000,0.030,0.331,0.639
392500,0.030,0.305,0.664
393000,0.040,0.336,0.625
393500,0.032,0.329,0.639
394000,0.030,0.310,0.660
394500,0.030,0.270,0.700
395000,0.030,0.345,0.625
395500,0.030,0.300,0.669
396000,0.030,0.335,0.635
396500,0.030,0.411,0.558
397000,0.030,0.355,0.615
397500,0.030,0.394,0.576
398000,0.030,0.432,0.537
398500,0.030,0.260,0.710
399000,0.030,0.313,0.657
399500,0.030,0.304,0.665
400000,0.030,0.336,0.634
400500,0.030,0.394,0.576
401000,0.030,0.275,0.695
401500,0.032,0.257,0.712
402000,0.030,0.329,0.641
402500,0.030,0.290,0.679
403000,0.030,0.298,0.672
403500,0.030,0.286,0.684
404000,0.030,0.361,0.609
404500,0.030,0.356,0.613
405000,0.030,0.276,0.694
405500,0.030,0.313,0.657
406000,0.030,0.372,0.597
406500,0.030,0.294,0.676
407000,0.030,0.248,0.722
407500,0.030,0.292,0.677
408000,0.030,0.443,0.527
408500,0.030,0.353,0.617
409000,0.030,0.292,0.678
409500,0.030,0.308,0.661
410000,0.030,0.379,0.591
410500,0.030,0.361,0.609
411000,0.030,0.335,0.635
411500,0.030,0.247,0.723
412000,0.036,0.311,0.652
412500,0.030,0.284,0.686
413000,0.030,0.215,0.755
413500,0.030,0.388,0.583
414000,0.030,0.464,0.506
414500,0.030,0.344,0.626
415000,0.030,0.355,0.615
415500,0.030,0.408,0.561
416000,0.030,0.352,0.617
416500,0.033,0.319,0.648
417000,0.030,0.367,0.603
417500,0.030,0.352,0.617
418000,0.030,0.420,0.550
418500,0.030,0.330,0.640
419000,0.030,0.304,0.666
419500,0.030,0.317,0.653
420000,0.030,0.384,0.587
420500,0.030,0.379,0.591
421000,0.030,0.297,0.672
421500,0.030,0.412,0.558
422000,0.030,0.413,0.556
422500,0.030,0.344,0.626
423000,0.030,0.420,0.550
423500,0.030,0.340,0.630
424000,0.030,0.315,0.655
424500,0.030,0.384,0.586
425000,0.030,0.350,0.620
425500,0.030,0.350,0.620
426000,0.030,0.317,0.653
426500,0.030,0.275,0.696
427000,0.030,0.375,0.595
427500,0.030,0.397,0.573
428000,0.030,0.408,0.562
428500,0.030,0.399,0.571
429000,0.030,0.346,0.624
429500,0.040,0.281,0.679
430000,0.030,0.355,0.615
430500,0.030,0.361,0.609
431000,0.030,0.374,0.595
431500,0.030,0.266,0.704
432000,0.030,0.310,0.660
432500,0.030,0.320,0.650
433000,0.030,0.351,0.619
433500,0.030,0.265,0.706
434000,0.030,0.288,0.682
434500,0.030,0.195,0.775
435000,0.031,0.272,0.697
435500,0.030,0.356,0.614
436000,0.030,0.376,0.595
436500,0.030,0.319,0.651
437000,0.030,0.324,0.646
437500,0.030,0.257,0.713
438000,0.030,0.369,0.601
438500,0.030,0.319,0.651
439000,0.030,0.303,0.667
439500,0.030,0.308,0.661
440000,0.030,0.277,0.694
440500,0.030,0.276,0.694
441000,0.030,0.291,0.678
441500,0.030,0.325,0.645
442000,0.030,0.328,0.642
442500,0.030,0.365,0.605
443000,0.030,0.404,0.566
443500,0.036,0.258,0.706
444000,0.030,0.331,0.639
444500,0.030,0.401,0.569
445000,0.030,0.397,0.573
445500,0.030,0.394,0.576
446000,0.030,0.417,0.553
446500,0.030,0.311,0.659
447000,0.032,0.303,0.665
447500,0.030,0.297,0.673
448000,0.030,0.323,0.647
448500,0.030,0.275,0.696
449000,0.030,0.270,0.700
449500,0.030,0.292,0.677
450000,0.030,0.281,0.689
450500,0.030,0.299,0.670
451000,0.030,0.281,0.689
451500,0.030,0.302,0.667
452000,0.030,0.261,0.709
452500,0.030,0.274,0.696
453000,0.030,0.388,0.583
453500,0.030,0.430,0.539
454000,0.030,0.390,0.581
454500,0.030,0.403,0.567
455000,0.030,0.460,0.510
455500,0.030,0.370,0.600
456000,0.030,0.356,0.614
456500,0.034,0.352,0.614
457000,0.030,0.265,0.705
457500,0.030,0.311,0.659
458000,0.030,0.297,0.672
458500,0.030,0.299,0.670
459000,0.030,0.354,0.615
459500,0.030,0.308,0.662
460000,0.030,0.414,0.556
460500,0.030,0.365,0.605
461000,0.030,0.365,0.605
461500,0.030,0.431,0.539
462000,0.030,0.422,0.548
462500,0.030,0.438,0.532
463000,0.030,0.400,0.570
463500,0.030,0.367,0.603
464000,0.034,0.272,0.694
464500,0.030,0.298,0.671
465000,0.030,0.253,0.718
465500,0.030,0.309,0.661
466000,0.030,0.320,0.650
466500,0.030,0.389,0.581
467000,0.030,0.401,0.569
467500,0.030,0.319,0.651
468000,0.030,0.330,0.640
468500,0.030,0.377,0.593
469000,0.030,0.341,0.629
469500,0.030,0.325,0.645
470000,0.030,0.290,0.679
470500,0.030,0.305,0.664
471000,0.030,0.378,0.593
471500,0.030,0.351,0.619
472000,0.032,0.302,0.666
472500,0.030,0.314,0.656
473000,0.030,0.374,0.596
473500,0.030,0.370,0.599
474000,0.030,0.366,0.604
474500,0.030,0.411,0.558
475000,0.030,0.385,0.585
475500,0.030,0.323,0.647
476000,0.030,0.282,0.688
476500,0.030,0.336,0.634
477000,0.030,0.328,0.642
477500,0.030,0.338,0.632
478000,0.030,0.362,0.607
478500,0.030,0.403,0.567
479000,0.030,0.374,0.596
479500,0.030,0.342,0.628
480000,0.030,0.361,0.609
480500,0.030,0.289,0.680
481000,0.030,0.269,0.702
481500,0.030,0.334,0.636
482000,0.030,0.308,0.662
482500,0.030,0.369,0.601
483000,0.030,0.412,0.558
483500,0.030,0.388,0.583
484000,0.034,0.273,0.694
484500,0.030,0.338,0.631
485000,0.035,0.334,0.631
485500,0.031,0.383,0.587
486000,0.030,0.297,0.673
486500,0.030,0.282,0.688
487000,0.030,0.277,0.694
487500,0.030,0.335,0.635
488000,0.030,0.315,0.655
488500,0.030,0.305,0.664
489000,0.030,0.416,0.554
489500,0.030,0.340,0.630
490000,0.030,0.372,0.597
490500,0.030,0.351,0.619
491000,0.030,0.295,0.674
491500,0.030,0.343,0.627
492000,0.030,0.380,0.591
492500,0.030,0.331,0.639
493000,0.030,0.372,0.598
493500,0.030,0.335,0.635
494000,0.030,0.372,0.597
494500,0.030,0.388,0.583
495000,0.030,0.352,0.617
495500,0.030,0.369,0.601
496000,0.030,0.367,0.603
496500,0.030,0.241,0.728
497000,0.030,0.249,0.720
497500,0.030,0.269,0.701
498000,0.030,0.263,0.707
498500,0.030,0.323,0.647
499000,0.030,0.315,0.655
499500,0.030,0.311,0.658
500000,0.030,0.263,0.708
500500,0.034,0.304,0.661
501000,0.030,0.251,0.720
501500,0.030,0.394,0.577
502000,0.030,0.298,0.671
502500,0.030,0.281,0.689
503000,0.030,0.238,0.732
503500,0.033,0.225,0.742
504000,0.030,0.306,0.663
504500,0.030,0.351,0.619
505000,0.030,0.363,0.607
505500,0.030,0.350,0.620
506000,0.030,0.347,0.623
506500,0.030,0.336,0.634
507000,0.030,0.377,0.593
507500,0.030,0.365,0.605
508000,0.030,0.351,0.619
508500,0.030,0.334,0.636
509000,0.030,0.315,0.655
509500,0.030,0.363,0.607
510000,0.030,0.271,0.700
510500,0.030,0.298,0.671
511000,0.030,0.359,0.611
511500,0.030,0.326,0.644
512000,0.030,0.252,0.718
512500,0.030,0.366,0.604
513000,0.030,0.325,0.645
513500,0.030,0.348,0.622
514000,0.030,0.338,0.632
514500,0.030,0.414,0.556
515000,0.030,0.341,0.629
515500,0.030,0.337,0.633
516000,0.030,0.236,0.734
516500,0.030,0.325,0.645
517000,0.030,0.342,0.628
517500,0.030,0.422,0.548
518000,0.030,0.373,0.597
518500,0.030,0.366,0.604
519000,0.030,0.313,0.657
519500,0.030,0.325,0.645
520000,0.030,0.321,0.649
520500,0.030,0.380,0.591
521000,0.030,0.376,0.594
521500,0.030,0.297,0.672
522000,0.030,0.358,0.611
522500,0.030,0.381,0.589
523000,0.030,0.381,0.589
523500,0.030,0.426,0.544
524000,0.030,0.372,0.598
524500,0.030,0.328,0.642
525000,0.030,0.344,0.626
525500,0.030,0.350,0.620
526000,0.030,0.343,0.627
526500,0.030,0.377,0.593
527000,0.030,0.436,0.534
527500,0.030,0.400,0.570
528000,0.030,0.375,0.595
528500,0.030,0.343,0.627
529000,0.030,0.337,0.633
529500,0.030,0.418,0.552
530000,0.030,0.328,0.642
530500,0.030,0.279,0.691
531000,0.030,0.319,0.651
531500,0.030,0.295,0.675
532000,0.030,0.305,0.665
532500,0.030,0.247,0.722
533000,0.030,0.364,0.605
533500,0.030,0.368,0.601
534000,0.030,0.325,0.645
534500,0.030,0.374,0.596
535000,0.030,0.367,0.603
535500,0.030,0.323,0.647
536000,0.030,0.318,0.652
536500,0.030,0.387,0.583
537000,0.030,0.383,0.587
537500,0.030,0.386,0.585
538000,0.030,0.308,0.661
538500,0.030,0.344,0.625
539000,0.030,0.360,0.610
539500,0.030,0.327,0.643
540000,0.030,0.346,0.624
540500,0.030,0.344,0.625
541000,0.030,0.344,0.626
541500,0.030,0.302,0.667
542000,0.030,0.361,0.609
542500,0.030,0.260,0.710
543000,0.030,0.307,0.663
543500,0.030,0.289,0.680
544000,0.030,0.347,0.623
544500,0.030,0.365,0.605
545000,0.030,0.366,0.604
545500,0.030,0.368,0.602
546000,0.030,0.357,0.613
546500,0.030,0.358,0.611
547000,0.030,0.312,0.657
547500,0.033,0.292,0.675
548000,0.030,0.331,0.639
548500,0.030,0.361,0.609
549000,0.030,0.351,0.619
549500,0.030,0.382,0.588
550000,0.030,0.334,0.636
550500,0.030,0.356,0.613
551000,0.030,0.319,0.651
551500,0.030,0.224,0.746
552000,0.030,0.264,0.706
552500,0.030,0.335,0.635
553000,0.030,0.311,0.659
553500,0.030,0.374,0.596
554000,0.035,0.304,0.661
554500,0.030,0.332,0.638
555000,0.030,0.406,0.565
555500,0.030,0.344,0.626
556000,0.030,0.343,0.627
556500,0.030,0.325,0.645
557000,0.030,0.349,0.621
557500,0.030,0.366,0.603
558000,0.030,0.329,0.641
558500,0.030,0.298,0.672
559000,0.030,0.316,0.654
559500,0.030,0.276,0.694
560000,0.037,0.265,0.698
560500,0.031,0.294,0.675
561000,0.030,0.276,0.694
561500,0.030,0.308,0.661
562000,0.030,0.353,0.617
562500,0.030,0.342,0.628
563000,0.030,0.273,0.697
563500,0.030,0.350,0.620
564000,0.030,0.428,0.542
564500,0.030,0.406,0.564
565000,0.030,0.338,0.632
565500,0.030,0.414,0.555
566000,0.030,0.373,0.597
566500,0.030,0.401,0.569
567000,0.030,0.326,0.644
567500,0.033,0.265,0.703
568000,0.030,0.349,0.621
568500,0.030,0.366,0.603
569000,0.030,0.270,0.700
569500,0.030,0.304,0.665
570000,0.030,0.411,0.558
570500,0.030,0.358,0.612
571000,0.030,0.348,0.621
571500,0.030,0.298,0.671
572000,0.031,0.319,0.650
572500,0.030,0.300,0.669
573000,0.030,0.253,0.717
573500,0.030,0.318,0.652
574000,0.030,0.271,0.699
574500,0.030,0.298,0.672
575000,0.030,0.397,0.573
575500,0.030,0.344,0.626
576000,0.030,0.348,0.622
576500,0.030,0.406,0.564
577000,0.030,0.238,0.732
577500,0.030,0.214,0.755
578000,0.034,0.298,0.669
578500,0.030,0.308,0.662
579000,0.030,0.265,0.706
579500,0.030,0.298,0.672
580000,0.030,0.412,0.557
580500,0.030,0.360,0.609
581000,0.030,0.439,0.531
581500,0.030,0.440,0.530
582000,0.030,0.306,0.663
582500,0.030,0.259,0.711
583000,0.030,0.271,0.700
583500,0.030,0.372,0.598
584000,0.030,0.363,0.607
584500,0.030,0.329,0.641
585000,0.033,0.307,0.660
585500,0.030,0.318,0.651
586000,0.030,0.338,0.632
586500,0.030,0.294,0.675
587000,0.030,0.394,0.577
587500,0.030,0.317,0.653
588000,0.030,0.356,0.613
588500,0.030,0.326,0.644
589000,0.030,0.350,0.619
589500,0.030,0.311,0.658
590000,0.030,0.343,0.627
590500,0.030,0.345,0.625
591000,0.030,0.312,0.657
591500,0.030,0.278,0.692
592000,0.030,0.289,0.681
592500,0.030,0.381,0.589
593000,0.030,0.333,0.637
593500,0.030,0.381,0.589
594000,0.030,0.382,0.589
594500,0.030,0.305,0.665
595000,0.030,0.403,0.567
595500,0.030,0.372,0.597
596000,0.030,0.342,0.628
596500,0.030,0.323,0.647
597000,0.030,0.315,0.655
597500,0.030,0.343,0.627
598000,0.030,0.310,0.659
598500,0.030,0.289,0.681
599000,0.030,0.280,0.690
599500,0.030,0.318,0.652
600000,0.030,0.414,0.555
600500,0.030,0.370,0.599
601000,0.030,0.428,0.541
601500,0.030,0.389,0.581
602000,0.030,0.401,0.569
602500,0.030,0.369,0.601
603000,0.030,0.270,0.700
603500,0.030,0.343,0.627
604000,0.030,0.327,0.643
604500,0.030,0.325,0.645
605000,0.030,0.351,0.619
605500,0.030,0.287,0.683
606000,0.030,0.355,0.615
606500,0.030,0.344,0.625
607000,0.030,0.364,0.606
607500,0.030,0.372,0.597
608000,0.030,0.344,0.625
608500,0.030,0.334,0.636
609000,0.030,0.343,0.627
609500,0.030,0.229,0.741
610000,0.030,0.331,0.639
610500,0.030,0.344,0.626
611000,0.030,0.320,0.650
611500,0.030,0.404,0.567
612000,0.030,0.361,0.609
612500,0.030,0.214,0.755
613000,0.036,0.213,0.751
613500,0.030,0.301,0.669
614000,0.030,0.303,0.667
614500,0.030,0.435,0.535
615000,0.030,0.382,0.589
615500,0.030,0.389,0.581
616000,0.030,0.384,0.586
616500,0.030,0.382,0.589
617000,0.030,0.370,0.599
617500,0.030,0.400,0.571
618000,0.030,0.310,0.659
618500,0.036,0.329,0.635
619000,0.030,0.314,0.656
619500,0.030,0.266,0.704
620000,0.030,0.350,0.620
620500,0.030,0.378,0.592
621000,0.030,0.461,0.509
621500,0.030,0.349,0.621
622000,0.030,0.371,0.599
622500,0.030,0.351,0.619
623000,0.030,0.288,0.681
623500,0.030,0.285,0.685
624000,0.030,0.354,0.616
624500,0.030,0.338,0.632
625000,0.030,0.421,0.548
625500,0.030,0.345,0.625
626000,0.030,0.305,0.665
626500,0.030,0.336,0.634
627000,0.030,0.301,0.669
627500,0.030,0.363,0.607
628000,0.030,0.347,0.623
628500,0.030,0.286,0.683
629000,0.030,0.456,0.514
629500,0.030,0.393,0.577
630000,0.030,0.317,0.653
630500,0.030,0.328,0.642
631000,0.030,0.367,0.603
631500,0.030,0.338,0.632
632000,0.030,0.359,0.611
632500,0.030,0.355,0.615
633000,0.030,0.327,0.643
633500,0.030,0.305,0.665
634000,0.030,0.330,0.640
634500,0.030,0.354,0.615
635000,0.030,0.299,0.670
635500,0.030,0.289,0.680
636000,0.030,0.297,0.672
636500,0.030,0.301,0.669
637000,0.030,0.345,0.625
637500,0.030,0.395,0.575
638000,0.030,0.380,0.591
638500,0.030,0.401,0.569
639000,0.030,0.369,0.601
639500,0.030,0.325,0.645
640000,0.030,0.347,0.623
640500,0.030,0.334,0.636
641000,0.030,0.374,0.595
641500,0.030,0.330,0.640
642000,0.030,0.387,0.583
642500,0.030,0.459,0.511
643000,0.030,0.382,0.588
643500,0.030,0.402,0.569
644000,0.030,0.362,0.607
644500,0.030,0.454,0.516
645000,0.030,0.318,0.652
645500,0.030,0.442,0.528
646000,0.030,0.387,0.583
646500,0.030,0.344,0.626
647000,0.030,0.376,0.595
647500,0.030,0.384,0.587
648000,0.030,0.311,0.658
648500,0.038,0.274,0.688
649000,0.030,0.344,0.625
649500,0.031,0.246,0.723
650000,0.030,0.338,0.632
650500,0.034,0.279,0.688
651000,0.030,0.304,0.665
651500,0.030,0.258,0.712
652000,0.035,0.307,0.657
652500,0.031,0.336,0.633
653000,0.030,0.352,0.618
653500,0.030,0.354,0.616
654000,0.030,0.284,0.686
654500,0.030,0.299,0.670
655000,0.030,0.269,0.701
655500,0.032,0.282,0.685
656000,0.030,0.406,0.565
656500,0.030,0.403,0.567
657000,0.030,0.337,0.633
657500,0.030,0.356,0.614
658000,0.030,0.365,0.605
658500,0.030,0.292,0.677
659000,0.030,0.325,0.645
659500,0.030,0.345,0.625
660000,0.030,0.428,0.542
660500,0.030,0.393,0.577
661000,0.030,0.282,0.688
661500,0.030,0.350,0.619
662000,0.030,0.330,0.640
662500,0.030,0.388,0.583
663000,0.030,0.368,0.601
663500,0.030,0.345,0.625
664000,0.030,0.317,0.653
664500,0.030,0.288,0.681
665000,0.030,0.353,0.617
665500,0.034,0.261,0.706
666000,0.030,0.325,0.645
666500,0.030,0.350,0.619
667000,0.030,0.357,0.613
667500,0.033,0.340,0.628
668000,0.030,0.292,0.678
668500,0.030,0.351,0.619
669000,0.030,0.320,0.650
669500,0.030,0.459,0.511
670000,0.030,0.389,0.581
670500,0.030,0.376,0.595
671000,0.030,0.310,0.660
671500,0.030,0.312,0.658
672000,0.030,0.347,0.623
672500,0.030,0.334,0.636
673000,0.030,0.325,0.645
673500,0.030,0.248,0.722
674000,0.030,0.338,0.632
674500,0.030,0.440,0.530
675000,0.030,0.435,0.535
675500,0.030,0.344,0.626
676000,0.030,0.270,0.700
676500,0.030,0.322,0.648
677000,0.030,0.274,0.696
677500,0.030,0.343,0.627
678000,0.030,0.357,0.613
678500,0.030,0.385,0.585
679000,0.030,0.363,0.607
679500,0.030,0.364,0.605
680000,0.030,0.319,0.651
680500,0.030,0.358,0.611
681000,0.030,0.305,0.664
681500,0.030,0.274,0.696
682000,0.033,0.290,0.677
682500,0.030,0.241,0.729
683000,0.030,0.381,0.589
683500,0.030,0.399,0.571
684000,0.030,0.366,0.603
684500,0.030,0.269,0.701
685000,0.030,0.347,0.623
685500,0.030,0.392,0.579
686000,0.030,0.357,0.613
686500,0.033,0.387,0.580
687000,0.030,0.303,0.666
687500,0.040,0.289,0.671
688000,0.038,0.286,0.675
688500,0.030,0.366,0.604
689000,0.030,0.336,0.634
689500,0.030,0.337,0.633
690000,0.030,0.281,0.689
690500,0.030,0.364,0.606
691000,0.030,0.413,0.556
691500,0.030,0.299,0.671
692000,0.030,0.310,0.659
692500,0.030,0.369,0.601
693000,0.030,0.363,0.607
693500,0.030,0.378,0.592
694000,0.030,0.386,0.585
694500,0.030,0.342,0.628
695000,0.030,0.298,0.671
695500,0.030,0.327,0.643
696000,0.030,0.351,0.619
696500,0.030,0.334,0.636
697000,0.030,0.351,0.619
697500,0.031,0.338,0.631
698000,0.030,0.280,0.690
698500,0.030,0.321,0.649
699000,0.030,0.430,0.539
699500,0.030,0.355,0.615
700000,0.030,0.346,0.624
700500,0.030,0.381,0.589
701000,0.030,0.317,0.653
701500,0.032,0.322,0.646
702000,0.030,0.397,0.573
702500,0.030,0.401,0.569
703000,0.030,0.295,0.675
703500,0.030,0.260,0.710
704000,0.030,0.268,0.702
704500,0.030,0.301,0.668
705000,0.030,0.259,0.711
705500,0.030,0.349,0.621
706000,0.030,0.362,0.607
706500,0.030,0.322,0.648
707000,0.030,0.356,0.613
707500,0.030,0.366,0.603
708000,0.030,0.334,0.636
708500,0.030,0.351,0.619
709000,0.030,0.336,0.634
709500,0.030,0.417,0.552
710000,0.030,0.316,0.654
710500,0.030,0.341,0.629
711000,0.030,0.384,0.587
711500,0.030,0.369,0.601
712000,0.030,0.388,0.583
712500,0.030,0.363,0.607
713000,0.030,0.348,0.621
713500,0.030,0.385,0.585
714000,0.030,0.409,0.561
714500,0.030,0.293,0.677
715000,0.030,0.358,0.611
715500,0.030,0.305,0.664
716000,0.030,0.380,0.590
716500,0.030,0.375,0.595
717000,0.030,0.344,0.626
717500,0.030,0.272,0.698
718000,0.030,0.267,0.703
718500,0.030,0.320,0.650
719000,0.030,0.338,0.632
719500,0.030,0.437,0.533
720000,0.030,0.372,0.597
720500,0.030,0.314,0.656
721000,0.030,0.358,0.612
721500,0.030,0.290,0.679
722000,0.030,0.373,0.597
722500,0.030,0.409,0.561
723000,0.030,0.344,0.625
723500,0.030,0.421,0.549
724000,0.039,0.301,0.659
724500,0.030,0.314,0.656
725000,0.030,0.316,0.654
725500,0.030,0.294,0.676
726000,0.030,0.261,0.710
726500,0.030,0.240,0.730
727000,0.030,0.314,0.656
727500,0.030,0.378,0.592
728000,0.030,0.492,0.478
728500,0.030,0.348,0.622
729000,0.030,0.350,0.620
729500,0.030,0.349,0.621
730000,0.030,0.339,0.631
730500,0.030,0.327,0.643
731000,0.030,0.295,0.675
731500,0.030,0.355,0.615
732000,0.034,0.313,0.653
732500,0.030,0.258,0.712
733000,0.030,0.338,0.632
733500,0.030,0.239,0.730
734000,0.030,0.418,0.551
734500,0.030,0.282,0.688
735000,0.030,0.413,0.556
735500,0.030,0.461,0.509
736000,0.030,0.433,0.536
736500,0.030,0.409,0.561
737000,0.030,0.283,0.686
737500,0.030,0.276,0.694
738000,0.030,0.357,0.613
738500,0.030,0.281,0.689
739000,0.030,0.340,0.630
739500,0.030,0.350,0.619
740000,0.030,0.408,0.561
740500,0.030,0.396,0.574
741000,0.030,0.330,0.640
741500,0.030,0.329,0.641
742000,0.030,0.346,0.624
742500,0.030,0.374,0.595
743000,0.030,0.373,0.597
743500,0.030,0.426,0.543
744000,0.030,0.313,0.657
744500,0.030,0.374,0.596
745000,0.030,0.348,0.621
745500,0.030,0.344,0.626
746000,0.030,0.378,0.592
746500,0.030,0.310,0.659
747000,0.030,0.328,0.642
747500,0.030,0.376,0.594
748000,0.030,0.359,0.611
748500,0.030,0.329,0.641
749000,0.030,0.408,0.561
749500,0.030,0.318,0.652
750000,0.030,0.318,0.652
750500,0.030,0.334,0.636
751000,0.030,0.283,0.687
751500,0.030,0.344,0.626
752000,0.030,0.333,0.637
752500,0.030,0.440,0.530
753000,0.030,0.411,0.558
753500,0.030,0.411,0.559
754000,0.030,0.370,0.600
754500,0.030,0.359,0.611
755000,0.030,0.365,0.605
755500,0.030,0.334,0.636
756000,0.030,0.345,0.625
756500,0.030,0.295,0.674
757000,0.030,0.350,0.620
757500,0.030,0.315,0.655
758000,0.030,0.374,0.596
758500,0.030,0.411,0.559
759000,0.030,0.360,0.610
759500,0.030,0.360,0.610
760000,0.030,0.301,0.669
760500,0.030,0.382,0.588
761000,0.030,0.395,0.575
761500,0.030,0.419,0.551
762000,0.030,0.337,0.633
762500,0.030,0.240,0.730
763000,0.030,0.307,0.662
763500,0.030,0.317,0.653
764000,0.030,0.364,0.606
764500,0.030,0.313,0.657
765000,0.030,0.388,0.583
765500,0.030,0.399,0.571
766000,0.030,0.352,0.618
766500,0.030,0.281,0.689
767000,0.030,0.296,0.673
767500,0.030,0.317,0.653
768000,0.030,0.368,0.602
768500,0.030,0.378,0.593
769000,0.030,0.323,0.647
769500,0.030,0.404,0.566
770000,0.030,0.313,0.657
770500,0.030,0.347,0.623
771000,0.030,0.328,0.642
771500,0.032,0.274,0.694
772000,0.030,0.408,0.562
772500,0.030,0.345,0.625
773000,0.030,0.354,0.616
773500,0.030,0.255,0.716
774000,0.030,0.402,0.568
774500,0.030,0.353,0.617
775000,0.030,0.301,0.669
775500,0.030,0.328,0.642
776000,0.038,0.364,0.597
776500,0.030,0.313,0.657
777000,0.030,0.402,0.569
777500,0.030,0.326,0.644
778000,0.030,0.350,0.620
778500,0.030,0.293,0.677
779000,0.035,0.290,0.675
779500,0.031,0.354,0.615
780000,0.030,0.345,0.625
780500,0.030,0.379,0.591
781000,0.030,0.345,0.625
781500,0.030,0.434,0.535
782000,0.030,0.393,0.577
782500,0.030,0.366,0.604
783000,0.030,0.337,0.633
783500,0.030,0.317,0.653
784000,0.030,0.338,0.632
784500,0.030,0.340,0.630
785000,0.030,0.357,0.613
785500,0.030,0.370,0.600
786000,0.030,0.341,0.629
786500,0.030,0.361,0.609
787000,0.030,0.269,0.702
787500,0.030,0.330,0.640
788000,0.030,0.335,0.635
788500,0.030,0.406,0.564
789000,0.030,0.393,0.577
789500,0.030,0.360,0.610
790000,0.030,0.299,0.671
790500,0.030,0.283,0.686
791000,0.030,0.331,0.639
791500,0.030,0.332,0.638
792000,0.030,0.377,0.593
792500,0.030,0.400,0.570
793000,0.030,0.423,0.546
793500,0.030,0.312,0.658
794000,0.030,0.429,0.541
794500,0.030,0.396,0.574
795000,0.030,0.350,0.619
795500,0.030,0.316,0.654
796000,0.030,0.355,0.615
796500,0.030,0.385,0.585
797000,0.030,0.427,0.542
797500,0.030,0.395,0.575
798000,0.030,0.380,0.591
798500,0.030,0.332,0.638
799000,0.030,0.323,0.647
799500,0.030,0.365,0.605
800000,0.030,0.397,0.573
800500,0.030,0.368,0.602
801000,0.030,0.321,0.649
801500,0.030,0.317,0.653
802000,0.030,0.345,0.625
802500,0.030,0.303,0.667
803000,0.030,0.400,0.571
803500,0.030,0.351,0.619
804000,0.030,0.281,0.690
804500,0.030,0.331,0.639
805000,0.032,0.335,0.634
805500,0.030,0.385,0.585
806000,0.031,0.362,0.607
806500,0.030,0.387,0.583
807000,0.030,0.268,0.702
807500,0.030,0.264,0.706
808000,0.030,0.338,0.632
808500,0.030,0.322,0.648
809000,0.030,0.310,0.659
809500,0.030,0.288,0.682
810000,0.030,0.360,0.609
810500,0.030,0.327,0.643
811000,0.030,0.265,0.706
811500,0.030,0.278,0.692
812000,0.030,0.326,0.644
812500,0.030,0.322,0.648
813000,0.030,0.334,0.636
813500,0.030,0.279,0.692
814000,0.030,0.314,0.656
814500,0.030,0.235,0.735
815000,0.030,0.373,0.597
815500,0.030,0.404,0.567
816000,0.030,0.423,0.547
816500,0.030,0.344,0.626
817000,0.030,0.329,0.641
817500,0.030,0.378,0.592
818000,0.030,0.365,0.605
818500,0.030,0.320,0.650
819000,0.030,0.351,0.619
819500,0.030,0.456,0.514
820000,0.030,0.357,0.613
820500,0.030,0.311,0.659
821000,0.030,0.357,0.613
821500,0.030,0.290,0.680
822000,0.038,0.319,0.643
822500,0.030,0.255,0.715
823000,0.030,0.334,0.636
823500,0.030,0.379,0.591
824000,0.030,0.380,0.591
824500,0.030,0.399,0.571
825000,0.030,0.287,0.683
825500,0.030,0.266,0.704
826000,0.030,0.352,0.617
826500,0.030,0.374,0.595
827000,0.030,0.265,0.705
827500,0.030,0.421,0.548
828000,0.030,0.331,0.639
828500,0.030,0.337,0.633
829000,0.030,0.365,0.605
829500,0.030,0.396,0.574
830000,0.030,0.432,0.538
830500,0.030,0.380,0.590
831000,0.030,0.266,0.704
831500,0.030,0.335,0.635
832000,0.030,0.278,0.692
832500,0.033,0.227,0.740
833000,0.035,0.276,0.690
833500,0.030,0.400,0.570
834000,0.030,0.320,0.650
834500,0.030,0.377,0.593
835000,0.030,0.370,0.600
835500,0.030,0.324,0.646
836000,0.030,0.337,0.633
836500,0.030,0.357,0.613
837000,0.030,0.369,0.601
837500,0.030,0.293,0.676
838000,0.030,0.266,0.704
838500,0.030,0.283,0.687
839000,0.030,0.321,0.649
839500,0.030,0.326,0.644
840000,0.030,0.266,0.704
840500,0.030,0.336,0.634
841000,0.030,0.340,0.630
841500,0.030,0.269,0.701
842000,0.033,0.269,0.699
842500,0.030,0.363,0.607
843000,0.030,0.351,0.619
843500,0.030,0.388,0.582
844000,0.030,0.280,0.690
844500,0.030,0.284,0.685
845000,0.030,0.265,0.705
845500,0.030,0.397,0.573
846000,0.030,0.355,0.615
846500,0.030,0.284,0.686
847000,0.030,0.320,0.649
847500,0.030,0.340,0.630
848000,0.030,0.266,0.704
848500,0.030,0.347,0.623
849000,0.030,0.292,0.678
849500,0.030,0.370,0.599
850000,0.030,0.313,0.657
850500,0.030,0.292,0.678
851000,0.030,0.319,0.651
851500,0.030,0.347,0.623
852000,0.030,0.287,0.683
852500,0.030,0.320,0.650
853000,0.030,0.286,0.683
853500,0.030,0.295,0.674
854000,0.030,0.348,0.621
854500,0.030,0.351,0.619
855000,0.030,0.365,0.605
855500,0.030,0.289,0.681
856000,0.030,0.304,0.666
856500,0.030,0.307,0.662
857000,0.030,0.381,0.589
857500,0.030,0.332,0.638
858000,0.030,0.387,0.583
858500,0.030,0.381,0.589
859000,0.030,0.334,0.636
859500,0.030,0.384,0.586
860000,0.030,0.344,0.626
860500,0.030,0.259,0.711
861000,0.030,0.325,0.645
861500,0.030,0.352,0.617
862000,0.030,0.316,0.654
862500,0.030,0.455,0.515
863000,0.030,0.348,0.621
863500,0.030,0.323,0.647
864000,0.030,0.279,0.691
864500,0.030,0.305,0.665
865000,0.030,0.367,0.603
865500,0.030,0.363,0.607
866000,0.030,0.363,0.607
866500,0.030,0.377,0.593
867000,0.030,0.292,0.678
867500,0.037,0.258,0.705
868000,0.034,0.258,0.709
868500,0.030,0.343,0.627
869000,0.030,0.405,0.565
869500,0.030,0.317,0.653
870000,0.030,0.289,0.680
870500,0.030,0.319,0.651
871000,0.030,0.283,0.686
871500,0.030,0.371,0.599
872000,0.030,0.342,0.628
872500,0.030,0.391,0.579
873000,0.030,0.314,0.656
873500,0.030,0.345,0.625
874000,0.030,0.320,0.650
874500,0.030,0.313,0.657
875000,0.030,0.241,0.729
875500,0.030,0.355,0.615
876000,0.030,0.340,0.630
876500,0.030,0.361,0.609
877000,0.030,0.311,0.659
877500,0.030,0.379,0.591
878000,0.030,0.446,0.524
878500,0.030,0.361,0.609
879000,0.030,0.315,0.655
879500,0.030,0.354,0.615
880000,0.030,0.299,0.670
880500,0.030,0.322,0.648
881000,0.030,0.364,0.606
881500,0.030,0.348,0.621
882000,0.030,0.333,0.637
882500,0.030,0.310,0.660
883000,0.030,0.333,0.637
883500,0.030,0.306,0.663
884000,0.030,0.335,0.635
884500,0.030,0.339,0.631
885000,0.030,0.351,0.619
885500,0.030,0.371,0.599
886000,0.030,0.384,0.586
886500,0.030,0.382,0.589
887000,0.030,0.311,0.658
887500,0.030,0.354,0.616
888000,0.030,0.273,0.698
888500,0.030,0.212,0.758
889000,0.030,0.293,0.676
889500,0.030,0.322,0.648
890000,0.030,0.349,0.621
890500,0.030,0.410,0.560
891000,0.030,0.469,0.501
891500,0.030,0.371,0.599
892000,0.030,0.390,0.581
892500,0.030,0.367,0.603
893000,0.030,0.300,0.670
893500,0.030,0.246,0.724
894000,0.030,0.264,0.706
894500,0.030,0.349,0.621
895000,0.030,0.346,0.624
895500,0.030,0.342,0.628
896000,0.030,0.431,0.539
896500,0.030,0.365,0.605
897000,0.030,0.361,0.609
897500,0.030,0.410,0.559
898000,0.030,0.386,0.584
898500,0.030,0.287,0.682
899000,0.030,0.258,0.712
899500,0.030,0.364,0.606
900000,0.030,0.361,0.609
900500,0.030,0.344,0.626
901000,0.030,0.292,0.677
901500,0.030,0.327,0.643
902000,0.030,0.351,0.619
902500,0.030,0.423,0.547
903000,0.030,0.445,0.525
903500,0.030,0.454,0.516
904000,0.030,0.318,0.652
904500,0.030,0.383,0.587
905000,0.030,0.325,0.645
905500,0.030,0.347,0.623
906000,0.030,0.277,0.693
906500,0.030,0.341,0.629
907000,0.030,0.362,0.607
907500,0.030,0.365,0.605
908000,0.030,0.265,0.706
908500,0.030,0.279,0.691
909000,0.030,0.308,0.662
909500,0.030,0.364,0.605
910000,0.030,0.300,0.669
910500,0.030,0.306,0.664
911000,0.030,0.370,0.599
911500,0.030,0.359,0.611
912000,0.030,0.397,0.573
912500,0.030,0.428,0.541
913000,0.030,0.380,0.590
913500,0.030,0.351,0.619
914000,0.030,0.333,0.637
914500,0.030,0.411,0.558
915000,0.030,0.377,0.593
915500,0.030,0.359,0.611
916000,0.030,0.306,0.663
916500,0.030,0.271,0.699
917000,0.030,0.349,0.621
917500,0.030,0.292,0.677
918000,0.030,0.319,0.651
918500,0.030,0.359,0.611
919000,0.030,0.331,0.639
919500,0.030,0.363,0.607
920000,0.030,0.309,0.661
920500,0.030,0.295,0.674
921000,0.030,0.313,0.657
921500,0.030,0.326,0.644
922000,0.030,0.326,0.644
922500,0.030,0.344,0.625
923000,0.030,0.318,0.652
923500,0.030,0.286,0.683
924000,0.030,0.309,0.660
924500,0.030,0.332,0.638
925000,0.030,0.355,0.615
925500,0.030,0.307,0.662
926000,0.030,0.356,0.614
926500,0.030,0.323,0.647
927000,0.030,0.309,0.660
927500,0.030,0.399,0.571
928000,0.030,0.293,0.676
928500,0.032,0.267,0.702
929000,0.030,0.260,0.710
929500,0.030,0.269,0.702
930000,0.030,0.343,0.627
930500,0.030,0.343,0.627
931000,0.030,0.400,0.570
931500,0.030,0.391,0.579
932000,0.030,0.321,0.649
932500,0.030,0.334,0.636
933000,0.030,0.260,0.710
933500,0.030,0.324,0.646
934000,0.030,0.340,0.630
934500,0.030,0.365,0.605
935000,0.030,0.316,0.654
935500,0.036,0.201,0.763
936000,0.030,0.282,0.687
936500,0.030,0.384,0.586
937000,0.030,0.294,0.675
937500,0.030,0.292,0.678
938000,0.030,0.414,0.555
938500,0.030,0.330,0.640
939000,0.030,0.356,0.613
939500,0.030,0.382,0.588
940000,0.030,0.377,0.593
940500,0.030,0.302,0.668
941000,0.030,0.367,0.603
941500,0.030,0.369,0.601
942000,0.030,0.296,0.674
942500,0.030,0.371,0.599
943000,0.030,0.477,0.493
943500,0.030,0.314,0.656
944000,0.030,0.404,0.567
944500,0.030,0.310,0.660
945000,0.030,0.275,0.696
945500,0.030,0.278,0.692
946000,0.030,0.339,0.631
946500,0.030,0.259,0.712
947000,0.030,0.366,0.604
947500,0.030,0.333,0.637
948000,0.030,0.389,0.581
948500,0.030,0.341,0.629
949000,0.030,0.281,0.689
949500,0.030,0.354,0.615
950000,0.030,0.402,0.569
950500,0.030,0.322,0.648
951000,0.030,0.383,0.587
951500,0.030,0.344,0.625
952000,0.030,0.309,0.660
952500,0.030,0.447,0.523
953000,0.030,0.414,0.555
953500,0.030,0.412,0.558
954000,0.030,0.391,0.579
954500,0.030,0.269,0.702
955000,0.030,0.299,0.670
955500,0.030,0.300,0.669
956000,0.030,0.353,0.617
956500,0.030,0.271,0.700
957000,0.032,0.261,0.708
957500,0.030,0.319,0.651
958000,0.030,0.424,0.545
958500,0.030,0.407,0.563
959000,0.030,0.435,0.535
959500,0.030,0.432,0.537
960000,0.030,0.378,0.593
960500,0.030,0.365,0.605
961000,0.030,0.338,0.632
961500,0.030,0.308,0.661
962000,0.030,0.406,0.564
962500,0.030,0.429,0.541
963000,0.030,0.359,0.611
963500,0.030,0.340,0.630
964000,0.030,0.319,0.651
964500,0.030,0.263,0.707
965000,0.030,0.351,0.619
965500,0.030,0.263,0.707
966000,0.030,0.391,0.579
966500,0.030,0.337,0.633
967000,0.030,0.334,0.636
967500,0.030,0.288,0.681
968000,0.030,0.281,0.689
968500,0.030,0.415,0.554
969000,0.030,0.350,0.620
969500,0.030,0.373,0.597
970000,0.030,0.327,0.643
970500,0.030,0.325,0.645
971000,0.030,0.407,0.563
971500,0.030,0.393,0.577
972000,0.030,0.264,0.706
972500,0.030,0.332,0.638
973000,0.030,0.235,0.734
973500,0.030,0.259,0.711
974000,0.030,0.256,0.714
974500,0.030,0.328,0.642
975000,0.030,0.282,0.688
975500,0.030,0.214,0.756
976000,0.032,0.221,0.748
976500,0.030,0.299,0.670
977000,0.030,0.332,0.638
977500,0.030,0.316,0.654
978000,0.030,0.291,0.678
978500,0.030,0.326,0.644
979000,0.030,0.377,0.593
979500,0.030,0.300,0.669
980000,0.030,0.377,0.593
980500,0.030,0.360,0.609
981000,0.030,0.390,0.581
981500,0.030,0.352,0.618
982000,0.030,0.388,0.583
982500,0.030,0.335,0.635
983000,0.030,0.341,0.629
983500,0.030,0.351,0.619
984000,0.030,0.340,0.630
984500,0.030,0.300,0.669
985000,0.030,0.351,0.619
985500,0.030,0.345,0.625
986000,0.030,0.311,0.658
986500,0.030,0.322,0.648
987000,0.030,0.337,0.633
987500,0.030,0.296,0.673
988000,0.030,0.317,0.653
988500,0.030,0.365,0.605
989000,0.030,0.351,0.619
989500,0.030,0.354,0.615
990000,0.030,0.249,0.721
990500,0.032,0.301,0.667
991000,0.030,0.346,0.623
991500,0.030,0.327,0.643
992000,0.030,0.340,0.630
992500,0.030,0.280,0.690
993000,0.032,0.280,0.688
993500,0.030,0.383,0.587
994000,0.030,0.379,0.591
994500,0.030,0.399,0.571
995000,0.030,0.350,0.620
995500,0.030,0.354,0.616
996000,0.030,0.382,0.589
996500,0.030,0.358,0.611
997000,0.030,0.324,0.646
997500,0.030,0.392,0.578
998000,0.030,0.307,0.663
998500,0.030,0.339,0.631
999000,0.030,0.343,0.627
999500,0.030,0.356,0.614
1000000,0.030,0.374,0.596
