time,n_A+p,n_B,n_AB
500,0.030,0.928,0.042
1000,0.030,0.916,0.054
1500,0.032,0.902,0.066
2000,0.031,0.851,0.118
2500,0.033,0.885,0.082
3000,0.034,0.873,0.093
3500,0.034,0.883,0.083
4000,0.033,0.886,0.081
4500,0.033,0.873,0.094
5000,0.031,0.885,0.084
5500,0.032,0.873,0.095
6000,0.032,0.867,0.101
6500,0.033,0.878,0.089
7000,0.031,0.875,0.094
7500,0.030,0.866,0.104
8000,0.033,0.840,0.127
8500,0.034,0.842,0.124
9000,0.031,0.886,0.083
9500,0.030,0.830,0.140
10000,0.031,0.832,0.137
10500,0.034,0.821,0.145
11000,0.036,0.846,0.118
11500,0.034,0.824,0.142
12000,0.035,0.843,0.122
12500,0.030,0.854,0.116
13000,0.038,0.850,0.112
13500,0.031,0.843,0.126
14000,0.033,0.817,0.150
14500,0.032,0.847,0.121
15000,0.033,0.859,0.108
15500,0.033,0.872,0.095
16000,0.033,0.869,0.098
16500,0.032,0.821,0.147
17000,0.030,0.823,0.147
17500,0.032,0.829,0.139
18000,0.034,0.827,0.139
18500,0.031,0.845,0.124
19000,0.031,0.847,0.122
19500,0.031,0.837,0.132
20000,0.030,0.869,0.101
20500,0.030,0.847,0.123
21000,0.033,0.847,0.120
21500,0.032,0.833,0.135
22000,0.035,0.845,0.120
22500,0.033,0.844,0.123
23000,0.031,0.858,0.111
23500,0.030,0.861,0.109
24000,0.030,0.885,0.085
24500,0.030,0.908,0.062
25000,0.030,0.882,0.088
25500,0.030,0.893,0.077
26000,0.030,0.878,0.092
26500,0.030,0.897,0.073
27000,0.030,0.887,0.083
27500,0.032,0.867,0.101
28000,0.030,0.835,0.135
28500,0.030,0.856,0.114
29000,0.032,0.837,0.131
29500,0.030,0.840,0.130
30000,0.033,0.832,0.135
30500,0.036,0.800,0.164
31000,0.043,0.800,0.157
31500,0.033,0.818,0.149
32000,0.033,0.800,0.167
32500,0.035,0.775,0.190
33000,0.036,0.806,0.158
33500,0.030,0.844,0.126
34000,0.031,0.844,0.125
34500,0.031,0.849,0.120
35000,0.032,0.851,0.117
35500,0.030,0.823,0.147
36000,0.030,0.876,0.094
36500,0.030,0.867,0.103
37000,0.031,0.841,0.128
37500,0.030,0.824,0.146
38000,0.031,0.828,0.141
38500,0.030,0.856,0.114
39000,0.030,0.869,0.101
39500,0.032,0.876,0.092
40000,0.030,0.881,0.089
40500,0.033,0.838,0.129
41000,0.035,0.815,0.150
41500,0.037,0.823,0.140
42000,0.034,0.840,0.126
42500,0.035,0.843,0.122
43000,0.037,0.842,0.121
43500,0.033,0.863,0.104
44000,0.032,0.855,0.113
44500,0.034,0.852,0.114
45000,0.036,0.834,0.130
45500,0.033,0.791,0.176
46000,0.033,0.823,0.144
46500,0.032,0.869,0.099
47000,0.031,0.861,0.108
47500,0.031,0.846,0.123
48000,0.031,0.870,0.099
48500,0.031,0.867,0.102
49000,0.030,0.868,0.102
49500,0.030,0.866,0.104
50000,0.030,0.847,0.123
50500,0.032,0.839,0.129
51000,0.031,0.803,0.166
51500,0.031,0.806,0.163
52000,0.038,0.803,0.159
52500,0.033,0.841,0.126
53000,0.032,0.864,0.104
53500,0.030,0.890,0.080
54000,0.030,0.850,0.120
54500,0.030,0.834,0.136
55000,0.031,0.861,0.108
55500,0.030,0.876,0.094
56000,0.032,0.858,0.110
56500,0.030,0.845,0.125
57000,0.030,0.843,0.127
57500,0.032,0.851,0.117
58000,0.031,0.866,0.103
58500,0.030,0.849,0.121
59000,0.032,0.865,0.103
59500,0.031,0.821,0.148
60000,0.032,0.834,0.134
60500,0.035,0.865,0.100
61000,0.033,0.868,0.099
61500,0.032,0.871,0.097
62000,0.035,0.901,0.064
62500,0.036,0.879,0.085
63000,0.031,0.895,0.074
63500,0.033,0.883,0.084
64000,0.031,0.899,0.070
64500,0.031,0.915,0.054
65000,0.030,0.916,0.054
65500,0.030,0.911,0.059
66000,0.032,0.866,0.102
66500,0.032,0.861,0.107
67000,0.033,0.843,0.124
67500,0.033,0.835,0.132
68000,0.030,0.836,0.134
68500,0.031,0.867,0.102
69000,0.033,0.843,0.124
69500,0.035,0.851,0.114
70000,0.031,0.843,0.126
70500,0.033,0.860,0.107
71000,0.031,0.877,0.092
71500,0.030,0.857,0.113
72000,0.030,0.870,0.100
72500,0.033,0.894,0.073
73000,0.032,0.886,0.082
73500,0.032,0.868,0.100
74000,0.030,0.821,0.149
74500,0.032,0.817,0.151
75000,0.032,0.803,0.165
75500,0.032,0.815,0.153
76000,0.034,0.829,0.137
76500,0.037,0.825,0.138
77000,0.035,0.835,0.130
77500,0.031,0.850,0.119
78000,0.031,0.849,0.120
78500,0.031,0.830,0.139
79000,0.033,0.840,0.127
79500,0.031,0.861,0.108
80000,0.030,0.890,0.080
80500,0.033,0.875,0.092
81000,0.031,0.882,0.087
81500,0.030,0.888,0.082
82000,0.031,0.857,0.112
82500,0.030,0.835,0.135
83000,0.032,0.842,0.126
83500,0.032,0.860,0.108
84000,0.033,0.858,0.109
84500,0.030,0.828,0.142
85000,0.033,0.847,0.120
85500,0.031,0.841,0.128
86000,0.031,0.836,0.133
86500,0.030,0.836,0.134
87000,0.032,0.843,0.125
87500,0.031,0.855,0.114
88000,0.032,0.861,0.107
88500,0.031,0.850,0.119
89000,0.031,0.822,0.147
89500,0.031,0.825,0.144
90000,0.030,0.830,0.140
90500,0.030,0.808,0.162
91000,0.032,0.760,0.208
91500,0.035,0.778,0.187
92000,0.033,0.800,0.167
92500,0.035,0.808,0.157
93000,0.032,0.829,0.139
93500,0.031,0.869,0.100
94000,0.030,0.854,0.116
94500,0.030,0.841,0.129
95000,0.032,0.841,0.127
95500,0.033,0.853,0.114
96000,0.032,0.881,0.087
96500,0.030,0.900,0.070
97000,0.032,0.895,0.073
97500,0.032,0.866,0.102
98000,0.033,0.848,0.119
98500,0.032,0.862,0.106
99000,0.032,0.851,0.117
99500,0.033,0.850,0.117
100000,0.030,0.863,0.107
100500,0.031,0.866,0.103
101000,0.031,0.896,0.073
101500,0.033,0.889,0.078
102000,0.032,0.887,0.081
102500,0.032,0.885,0.083
103000,0.031,0.856,0.113
103500,0.031,0.851,0.118
104000,0.031,0.867,0.102
104500,0.032,0.838,0.130
105000,0.030,0.870,0.100
105500,0.030,0.865,0.105
106000,0.034,0.845,0.121
106500,0.031,0.838,0.131
107000,0.030,0.852,0.118
107500,0.033,0.853,0.114
108000,0.032,0.809,0.159
108500,0.034,0.819,0.147
109000,0.034,0.838,0.128
109500,0.033,0.861,0.106
110000,0.033,0.886,0.081
110500,0.031,0.890,0.079
111000,0.031,0.897,0.072
111500,0.032,0.861,0.107
112000,0.039,0.827,0.134
112500,0.032,0.827,0.141
113000,0.030,0.806,0.164
113500,0.032,0.836,0.132
114000,0.031,0.884,0.085
114500,0.030,0.885,0.085
115000,0.030,0.865,0.105
115500,0.030,0.843,0.127
116000,0.032,0.859,0.109
116500,0.035,0.868,0.097
117000,0.033,0.886,0.081
117500,0.031,0.885,0.084
118000,0.033,0.890,0.077
118500,0.031,0.821,0.148
119000,0.033,0.815,0.152
119500,0.033,0.826,0.141
120000,0.038,0.834,0.128
120500,0.036,0.823,0.141
121000,0.033,0.802,0.165
121500,0.031,0.858,0.111
122000,0.033,0.867,0.100
122500,0.030,0.839,0.131
123000,0.032,0.826,0.142
123500,0.030,0.830,0.140
124000,0.034,0.831,0.135
124500,0.032,0.821,0.147
125000,0.030,0.840,0.130
125500,0.031,0.859,0.110
126000,0.034,0.846,0.120
126500,0.030,0.862,0.108
127000,0.032,0.859,0.109
127500,0.031,0.846,0.123
128000,0.030,0.841,0.129
128500,0.034,0.839,0.127
129000,0.033,0.855,0.112
129500,0.031,0.852,0.117
130000,0.031,0.849,0.120
130500,0.031,0.838,0.131
131000,0.030,0.875,0.095
131500,0.030,0.886,0.084
132000,0.030,0.871,0.099
132500,0.031,0.867,0.102
133000,0.031,0.859,0.110
133500,0.034,0.842,0.124
134000,0.033,0.860,0.107
134500,0.032,0.893,0.075
135000,0.033,0.887,0.080
135500,0.031,0.891,0.078
136000,0.032,0.864,0.104
136500,0.031,0.851,0.118
137000,0.035,0.856,0.109
137500,0.036,0.876,0.088
138000,0.031,0.894,0.075
138500,0.033,0.858,0.109
139000,0.030,0.878,0.092
139500,0.030,0.871,0.099
140000,0.030,0.844,0.126
140500,0.031,0.853,0.116
141000,0.031,0.851,0.118
141500,0.037,0.861,0.102
142000,0.031,0.852,0.117
142500,0.030,0.859,0.111
143000,0.030,0.854,0.116
143500,0.038,0.795,0.167
144000,0.036,0.800,0.164
144500,0.035,0.829,0.136
145000,0.033,0.852,0.115
145500,0.031,0.843,0.126
146000,0.030,0.857,0.113
146500,0.032,0.849,0.119
147000,0.030,0.869,0.101
147500,0.030,0.870,0.100
148000,0.032,0.858,0.110
148500,0.032,0.878,0.090
149000,0.030,0.862,0.108
149500,0.030,0.847,0.123
150000,0.031,0.861,0.108
150500,0.030,0.876,0.094
151000,0.030,0.875,0.095
151500,0.030,0.861,0.109
152000,0.031,0.829,0.140
152500,0.034,0.820,0.146
153000,0.034,0.838,0.128
153500,0.034,0.832,0.134
154000,0.033,0.830,0.137
154500,0.031,0.829,0.140
155000,0.034,0.824,0.142
155500,0.032,0.830,0.138
156000,0.033,0.851,0.116
156500,0.031,0.841,0.128
157000,0.034,0.831,0.135
157500,0.031,0.842,0.127
158000,0.034,0.798,0.168
158500,0.034,0.789,0.177
159000,0.039,0.791,0.170
159500,0.034,0.785,0.181
160000,0.030,0.801,0.169
160500,0.038,0.795,0.167
161000,0.033,0.797,0.170
161500,0.030,0.818,0.152
162000,0.032,0.833,0.135
162500,0.035,0.800,0.165
163000,0.033,0.851,0.116
163500,0.033,0.863,0.104
164000,0.031,0.868,0.101
164500,0.034,0.855,0.111
165000,0.035,0.846,0.119
165500,0.033,0.853,0.114
166000,0.031,0.858,0.111
166500,0.035,0.839,0.126
167000,0.038,0.838,0.124
167500,0.034,0.818,0.148
168000,0.032,0.791,0.177
168500,0.032,0.752,0.216
169000,0.035,0.757,0.208
169500,0.036,0.770,0.194
170000,0.038,0.778,0.184
170500,0.037,0.801,0.162
171000,0.035,0.852,0.113
171500,0.031,0.858,0.111
172000,0.031,0.874,0.095
172500,0.030,0.859,0.111
173000,0.032,0.893,0.075
173500,0.031,0.871,0.098
174000,0.032,0.858,0.110
174500,0.030,0.826,0.144
175000,0.041,0.843,0.116
175500,0.034,0.848,0.118
176000,0.033,0.842,0.125
176500,0.033,0.829,0.138
177000,0.031,0.794,0.175
177500,0.035,0.790,0.175
178000,0.032,0.784,0.184
178500,0.038,0.760,0.202
179000,0.039,0.760,0.201
179500,0.039,0.784,0.177
180000,0.035,0.773,0.192
180500,0.039,0.781,0.180
181000,0.035,0.783,0.182
181500,0.037,0.817,0.146
182000,0.033,0.830,0.137
182500,0.033,0.841,0.126
183000,0.031,0.839,0.130
183500,0.030,0.841,0.129
184000,0.030,0.860,0.110
184500,0.031,0.845,0.124
185000,0.031,0.842,0.127
185500,0.030,0.845,0.125
186000,0.031,0.854,0.115
186500,0.034,0.836,0.130
187000,0.034,0.829,0.137
187500,0.031,0.843,0.126
188000,0.031,0.839,0.130
188500,0.031,0.805,0.164
189000,0.031,0.796,0.173
189500,0.033,0.804,0.163
190000,0.033,0.805,0.162
190500,0.037,0.786,0.177
191000,0.037,0.751,0.212
191500,0.037,0.755,0.208
192000,0.035,0.752,0.213
192500,0.036,0.769,0.195
193000,0.041,0.784,0.175
193500,0.035,0.796,0.169
194000,0.035,0.791,0.174
194500,0.035,0.803,0.162
195000,0.030,0.791,0.179
195500,0.033,0.836,0.131
196000,0.030,0.831,0.139
196500,0.031,0.837,0.132
197000,0.038,0.844,0.118
197500,0.034,0.837,0.129
198000,0.035,0.843,0.122
198500,0.034,0.828,0.138
199000,0.034,0.770,0.196
199500,0.034,0.798,0.168
200000,0.037,0.798,0.165
200500,0.035,0.846,0.119
201000,0.035,0.810,0.155
201500,0.033,0.807,0.160
202000,0.034,0.794,0.172
202500,0.037,0.800,0.163
203000,0.032,0.845,0.123
203500,0.033,0.858,0.109
204000,0.032,0.858,0.110
204500,0.035,0.836,0.129
205000,0.034,0.828,0.138
205500,0.033,0.818,0.149
206000,0.036,0.844,0.120
206500,0.035,0.867,0.098
207000,0.031,0.835,0.134
207500,0.034,0.854,0.112
208000,0.032,0.868,0.100
208500,0.033,0.851,0.116
209000,0.031,0.855,0.114
209500,0.030,0.866,0.104
210000,0.031,0.845,0.124
210500,0.034,0.819,0.147
211000,0.033,0.820,0.147
211500,0.031,0.805,0.164
212000,0.035,0.818,0.147
212500,0.033,0.851,0.116
213000,0.032,0.868,0.100
213500,0.030,0.874,0.096
214000,0.030,0.872,0.098
214500,0.030,0.859,0.111
215000,0.032,0.861,0.107
215500,0.034,0.865,0.101
216000,0.033,0.857,0.110
216500,0.032,0.883,0.085
217000,0.030,0.893,0.077
217500,0.030,0.901,0.069
218000,0.031,0.922,0.047
218500,0.030,0.890,0.080
219000,0.030,0.872,0.098
219500,0.031,0.859,0.110
220000,0.031,0.839,0.130
220500,0.035,0.866,0.099
221000,0.032,0.873,0.095
221500,0.032,0.863,0.105
222000,0.033,0.843,0.124
222500,0.036,0.815,0.149
223000,0.034,0.839,0.127
223500,0.031,0.847,0.122
224000,0.031,0.860,0.109
224500,0.032,0.833,0.135
225000,0.033,0.843,0.124
225500,0.031,0.858,0.111
226000,0.030,0.864,0.106
226500,0.031,0.853,0.116
227000,0.031,0.854,0.115
227500,0.034,0.836,0.130
228000,0.032,0.845,0.123
228500,0.033,0.865,0.102
229000,0.031,0.868,0.101
229500,0.031,0.872,0.097
230000,0.030,0.890,0.080
230500,0.034,0.866,0.100
231000,0.033,0.876,0.091
231500,0.031,0.828,0.141
232000,0.031,0.861,0.108
232500,0.030,0.843,0.127
233000,0.030,0.831,0.139
233500,0.032,0.859,0.109
234000,0.033,0.835,0.132
234500,0.033,0.827,0.140
235000,0.033,0.856,0.111
235500,0.032,0.864,0.104
236000,0.032,0.865,0.103
236500,0.031,0.876,0.093
237000,0.032,0.887,0.081
237500,0.031,0.886,0.083
238000,0.030,0.876,0.094
238500,0.031,0.875,0.094
239000,0.033,0.837,0.130
239500,0.032,0.835,0.133
240000,0.032,0.852,0.116
240500,0.032,0.872,0.096
241000,0.030,0.887,0.083
241500,0.030,0.880,0.090
242000,0.030,0.890,0.080
242500,0.031,0.909,0.060
243000,0.032,0.886,0.082
243500,0.031,0.907,0.062
244000,0.032,0.902,0.066
244500,0.032,0.855,0.113
245000,0.031,0.831,0.138
245500,0.032,0.845,0.123
246000,0.030,0.819,0.151
246500,0.031,0.885,0.084
247000,0.033,0.823,0.144
247500,0.035,0.848,0.117
248000,0.032,0.835,0.133
248500,0.033,0.850,0.117
249000,0.032,0.847,0.121
249500,0.036,0.833,0.131
250000,0.032,0.846,0.122
250500,0.033,0.841,0.126
251000,0.035,0.862,0.103
251500,0.035,0.834,0.131
252000,0.032,0.810,0.158
252500,0.031,0.824,0.145
253000,0.031,0.853,0.116
253500,0.030,0.849,0.121
254000,0.032,0.822,0.146
254500,0.033,0.814,0.153
255000,0.033,0.824,0.143
255500,0.031,0.843,0.126
256000,0.032,0.827,0.141
256500,0.035,0.846,0.119
257000,0.033,0.850,0.117
257500,0.036,0.877,0.087
258000,0.033,0.889,0.078
258500,0.034,0.892,0.074
259000,0.031,0.888,0.081
259500,0.031,0.875,0.094
260000,0.033,0.853,0.114
260500,0.031,0.851,0.118
261000,0.030,0.897,0.073
261500,0.030,0.893,0.077
262000,0.031,0.848,0.121
262500,0.030,0.878,0.092
263000,0.030,0.875,0.095
263500,0.031,0.891,0.078
264000,0.030,0.858,0.112
264500,0.031,0.846,0.123
265000,0.031,0.881,0.088
265500,0.034,0.886,0.080
266000,0.033,0.870,0.097
266500,0.032,0.829,0.139
267000,0.033,0.832,0.135
267500,0.033,0.831,0.136
268000,0.034,0.809,0.157
268500,0.037,0.807,0.156
269000,0.035,0.812,0.153
269500,0.030,0.808,0.162
270000,0.031,0.843,0.126
270500,0.031,0.857,0.112
271000,0.030,0.823,0.147
271500,0.033,0.841,0.126
272000,0.032,0.855,0.113
272500,0.034,0.853,0.113
273000,0.032,0.855,0.113
273500,0.032,0.826,0.142
274000,0.033,0.843,0.124
274500,0.032,0.812,0.156
275000,0.034,0.820,0.146
275500,0.032,0.788,0.180
276000,0.031,0.843,0.126
276500,0.033,0.817,0.150
277000,0.032,0.787,0.181
277500,0.040,0.766,0.194
278000,0.035,0.790,0.175
278500,0.030,0.852,0.118
279000,0.032,0.815,0.153
279500,0.035,0.854,0.111
280000,0.036,0.842,0.122
280500,0.033,0.840,0.127
281000,0.032,0.840,0.128
281500,0.032,0.830,0.138
282000,0.034,0.826,0.140
282500,0.032,0.805,0.163
283000,0.032,0.829,0.139
283500,0.031,0.856,0.113
284000,0.030,0.852,0.118
284500,0.033,0.850,0.117
285000,0.031,0.862,0.107
285500,0.033,0.856,0.111
286000,0.030,0.883,0.087
286500,0.030,0.883,0.087
287000,0.031,0.848,0.121
287500,0.031,0.849,0.120
288000,0.032,0.872,0.096
288500,0.031,0.847,0.122
289000,0.032,0.853,0.115
289500,0.030,0.856,0.114
290000,0.032,0.857,0.111
290500,0.032,0.886,0.082
291000,0.031,0.891,0.078
291500,0.030,0.901,0.069
292000,0.030,0.881,0.089
292500,0.032,0.871,0.097
293000,0.033,0.840,0.127
293500,0.031,0.876,0.093
294000,0.036,0.887,0.077
294500,0.031,0.874,0.095
295000,0.030,0.870,0.100
295500,0.031,0.875,0.094
296000,0.030,0.889,0.081
296500,0.030,0.899,0.071
297000,0.032,0.896,0.072
297500,0.031,0.885,0.084
298000,0.031,0.892,0.077
298500,0.034,0.826,0.140
299000,0.034,0.851,0.115
299500,0.034,0.858,0.108
300000,0.033,0.864,0.103
300500,0.033,0.826,0.141
301000,0.037,0.778,0.185
301500,0.034,0.823,0.143
302000,0.033,0.847,0.120
302500,0.033,0.832,0.135
303000,0.034,0.837,0.129
303500,0.034,0.847,0.119
304000,0.032,0.866,0.102
304500,0.030,0.889,0.081
305000,0.031,0.886,0.083
305500,0.031,0.861,0.108
306000,0.030,0.885,0.085
306500,0.030,0.861,0.109
307000,0.030,0.845,0.125
307500,0.031,0.834,0.135
308000,0.030,0.796,0.174
308500,0.030,0.840,0.130
309000,0.031,0.844,0.125
309500,0.030,0.825,0.145
310000,0.032,0.803,0.165
310500,0.035,0.827,0.138
311000,0.033,0.825,0.142
311500,0.032,0.827,0.141
312000,0.032,0.859,0.109
312500,0.030,0.881,0.089
313000,0.031,0.849,0.120
313500,0.031,0.858,0.111
314000,0.031,0.852,0.117
314500,0.030,0.841,0.129
315000,0.030,0.841,0.129
315500,0.031,0.842,0.127
316000,0.032,0.844,0.124
316500,0.032,0.836,0.132
317000,0.031,0.845,0.124
317500,0.031,0.830,0.139
318000,0.033,0.835,0.132
318500,0.033,0.856,0.111
319000,0.030,0.824,0.146
319500,0.034,0.817,0.149
320000,0.032,0.820,0.148
320500,0.032,0.852,0.116
321000,0.034,0.811,0.155
321500,0.031,0.831,0.138
322000,0.033,0.859,0.108
322500,0.031,0.871,0.098
323000,0.031,0.847,0.122
323500,0.032,0.832,0.136
324000,0.032,0.823,0.145
324500,0.030,0.849,0.121
325000,0.030,0.859,0.111
325500,0.030,0.846,0.124
326000,0.032,0.825,0.143
326500,0.030,0.849,0.121
327000,0.033,0.871,0.096
327500,0.032,0.864,0.104
328000,0.035,0.827,0.138
328500,0.036,0.807,0.157
329000,0.034,0.857,0.109
329500,0.035,0.824,0.141
330000,0.032,0.810,0.158
330500,0.031,0.843,0.126
331000,0.033,0.813,0.154
331500,0.036,0.822,0.142
332000,0.033,0.827,0.140
332500,0.036,0.787,0.177
333000,0.034,0.840,0.126
333500,0.033,0.843,0.124
334000,0.030,0.845,0.125
334500,0.030,0.874,0.096
335000,0.032,0.860,0.108
335500,0.030,0.872,0.098
336000,0.030,0.886,0.084
336500,0.030,0.877,0.093
337000,0.030,0.898,0.072
337500,0.031,0.909,0.060
338000,0.030,0.898,0.072
338500,0.031,0.858,0.111
339000,0.033,0.866,0.101
339500,0.033,0.857,0.110
340000,0.032,0.851,0.117
340500,0.032,0.872,0.096
341000,0.030,0.869,0.101
341500,0.031,0.795,0.174
342000,0.031,0.812,0.157
342500,0.031,0.857,0.112
343000,0.030,0.853,0.117
343500,0.035,0.817,0.148
344000,0.033,0.792,0.175
344500,0.035,0.818,0.147
345000,0.036,0.808,0.156
345500,0.036,0.816,0.148
346000,0.034,0.849,0.117
346500,0.034,0.822,0.144
347000,0.033,0.836,0.131
347500,0.034,0.804,0.162
348000,0.036,0.802,0.162
348500,0.034,0.779,0.187
349000,0.033,0.826,0.141
349500,0.033,0.808,0.159
350000,0.035,0.811,0.154
350500,0.035,0.831,0.134
351000,0.034,0.835,0.131
351500,0.033,0.807,0.160
352000,0.036,0.810,0.154
352500,0.031,0.839,0.130
353000,0.031,0.864,0.105
353500,0.030,0.862,0.108
354000,0.034,0.857,0.109
354500,0.032,0.836,0.132
355000,0.032,0.847,0.121
355500,0.032,0.868,0.100
356000,0.036,0.884,0.080
356500,0.031,0.845,0.124
357000,0.031,0.842,0.127
357500,0.034,0.846,0.120
358000,0.030,0.860,0.110
358500,0.034,0.843,0.123
359000,0.032,0.860,0.108
359500,0.031,0.861,0.108
360000,0.030,0.868,0.102
360500,0.030,0.853,0.117
361000,0.031,0.872,0.097
361500,0.033,0.885,0.082
362000,0.032,0.860,0.108
362500,0.031,0.858,0.111
363000,0.032,0.816,0.152
363500,0.030,0.852,0.118
364000,0.030,0.858,0.112
364500,0.030,0.846,0.124
365000,0.032,0.842,0.126
365500,0.034,0.843,0.123
366000,0.035,0.837,0.128
366500,0.035,0.820,0.145
367000,0.040,0.809,0.151
367500,0.032,0.811,0.157
368000,0.030,0.833,0.137
368500,0.030,0.853,0.117
369000,0.031,0.834,0.135
369500,0.031,0.811,0.158
370000,0.032,0.815,0.153
370500,0.035,0.852,0.113
371000,0.033,0.824,0.143
371500,0.032,0.809,0.159
372000,0.031,0.797,0.172
372500,0.031,0.812,0.157
373000,0.030,0.868,0.102
373500,0.034,0.851,0.115
374000,0.032,0.828,0.140
374500,0.032,0.841,0.127
375000,0.030,0.781,0.189
375500,0.037,0.808,0.155
376000,0.038,0.812,0.150
376500,0.032,0.795,0.173
377000,0.033,0.816,0.151
377500,0.032,0.862,0.106
378000,0.034,0.844,0.122
378500,0.034,0.840,0.126
379000,0.034,0.840,0.126
379500,0.031,0.830,0.139
380000,0.031,0.818,0.151
380500,0.035,0.826,0.139
381000,0.034,0.849,0.117
381500,0.032,0.881,0.087
382000,0.032,0.887,0.081
382500,0.032,0.854,0.114
383000,0.030,0.880,0.090
383500,0.032,0.893,0.075
384000,0.031,0.875,0.094
384500,0.030,0.850,0.120
385000,0.030,0.825,0.145
385500,0.030,0.839,0.131
386000,0.033,0.836,0.131
386500,0.034,0.826,0.140
387000,0.035,0.844,0.121
387500,0.030,0.871,0.099
388000,0.030,0.886,0.084
388500,0.030,0.878,0.092
389000,0.034,0.843,0.123
389500,0.035,0.854,0.111
390000,0.032,0.857,0.111
390500,0.032,0.839,0.129
391000,0.034,0.853,0.113
391500,0.035,0.818,0.147
392000,0.034,0.835,0.131
392500,0.035,0.827,0.138
393000,0.031,0.821,0.148
393500,0.031,0.817,0.152
394000,0.033,0.811,0.156
394500,0.035,0.807,0.158
395000,0.033,0.830,0.137
395500,0.032,0.818,0.150
396000,0.030,0.834,0.136
396500,0.031,0.818,0.151
397000,0.033,0.816,0.151
397500,0.033,0.792,0.175
398000,0.030,0.826,0.144
398500,0.032,0.802,0.166
399000,0.032,0.812,0.156
399500,0.033,0.804,0.163
400000,0.035,0.794,0.171
400500,0.034,0.808,0.158
401000,0.034,0.814,0.152
401500,0.036,0.833,0.131
402000,0.032,0.839,0.129
402500,0.032,0.869,0.099
403000,0.033,0.866,0.101
403500,0.033,0.851,0.116
404000,0.031,0.837,0.132
404500,0.035,0.842,0.123
405000,0.032,0.858,0.110
405500,0.030,0.883,0.087
406000,0.030,0.881,0.089
406500,0.030,0.876,0.094
407000,0.031,0.878,0.091
407500,0.030,0.874,0.096
408000,0.031,0.906,0.063
408500,0.032,0.892,0.076
409000,0.032,0.822,0.146
409500,0.033,0.840,0.127
410000,0.033,0.845,0.122
410500,0.033,0.859,0.108
411000,0.030,0.870,0.100
411500,0.030,0.858,0.112
412000,0.032,0.833,0.135
412500,0.035,0.858,0.107
413000,0.031,0.889,0.080
413500,0.030,0.911,0.059
414000,0.032,0.908,0.060
414500,0.031,0.871,0.098
415000,0.030,0.902,0.068
415500,0.030,0.898,0.072
416000,0.030,0.904,0.066
416500,0.030,0.900,0.070
417000,0.032,0.869,0.099
417500,0.031,0.886,0.083
418000,0.031,0.854,0.115
418500,0.035,0.789,0.176
419000,0.036,0.835,0.129
419500,0.036,0.812,0.152
420000,0.033,0.864,0.103
420500,0.030,0.845,0.125
421000,0.030,0.862,0.108
421500,0.032,0.860,0.108
422000,0.031,0.865,0.104
422500,0.030,0.860,0.110
423000,0.030,0.884,0.086
423500,0.030,0.883,0.087
424000,0.030,0.830,0.140
424500,0.032,0.815,0.153
425000,0.032,0.819,0.149
425500,0.030,0.827,0.143
426000,0.030,0.864,0.106
426500,0.030,0.859,0.111
427000,0.031,0.820,0.149
427500,0.032,0.810,0.158
428000,0.030,0.851,0.119
428500,0.032,0.851,0.117
429000,0.030,0.839,0.131
429500,0.032,0.832,0.136
430000,0.036,0.849,0.115
430500,0.031,0.865,0.104
431000,0.031,0.858,0.111
431500,0.031,0.869,0.100
432000,0.031,0.863,0.106
432500,0.030,0.856,0.114
433000,0.035,0.835,0.130
433500,0.032,0.852,0.116
434000,0.033,0.851,0.116
434500,0.031,0.844,0.125
435000,0.030,0.843,0.127
435500,0.033,0.844,0.123
436000,0.035,0.859,0.106
436500,0.033,0.862,0.105
437000,0.034,0.823,0.143
437500,0.033,0.822,0.145
438000,0.037,0.835,0.128
438500,0.034,0.823,0.143
439000,0.035,0.850,0.115
439500,0.036,0.772,0.192
440000,0.036,0.775,0.189
440500,0.031,0.805,0.164
441000,0.036,0.790,0.174
441500,0.035,0.822,0.143
442000,0.030,0.860,0.110
442500,0.031,0.841,0.128
443000,0.032,0.863,0.105
443500,0.030,0.896,0.074
444000,0.031,0.852,0.117
444500,0.030,0.828,0.142
445000,0.032,0.808,0.160
445500,0.030,0.818,0.152
446000,0.034,0.828,0.138
446500,0.032,0.820,0.148
447000,0.030,0.844,0.126
447500,0.031,0.861,0.108
448000,0.031,0.827,0.142
448500,0.032,0.817,0.151
449000,0.032,0.832,0.136
449500,0.034,0.861,0.105
450000,0.035,0.860,0.105
450500,0.032,0.873,0.095
451000,0.030,0.896,0.074
451500,0.032,0.871,0.097
452000,0.031,0.856,0.113
452500,0.031,0.876,0.093
453000,0.032,0.874,0.094
453500,0.032,0.861,0.107
454000,0.031,0.891,0.078
454500,0.030,0.890,0.080
455000,0.030,0.880,0.090
455500,0.030,0.876,0.094
456000,0.035,0.828,0.137
456500,0.033,0.827,0.140
457000,0.033,0.847,0.120
457500,0.030,0.854,0.116
458000,0.031,0.837,0.132
458500,0.030,0.855,0.115
459000,0.032,0.853,0.115
459500,0.032,0.866,0.102
460000,0.031,0.870,0.099
460500,0.033,0.861,0.106
461000,0.030,0.863,0.107
461500,0.031,0.848,0.121
462000,0.031,0.857,0.112
462500,0.034,0.849,0.117
463000,0.033,0.857,0.110
463500,0.032,0.841,0.127
464000,0.032,0.738,0.230
464500,0.031,0.771,0.198
465000,0.030,0.809,0.161
465500,0.032,0.804,0.164
466000,0.030,0.846,0.124
466500,0.030,0.879,0.091
467000,0.032,0.897,0.071
467500,0.031,0.871,0.098
468000,0.033,0.879,0.088
468500,0.033,0.832,0.135
469000,0.035,0.849,0.116
469500,0.035,0.785,0.180
470000,0.039,0.777,0.184
470500,0.034,0.787,0.179
471000,0.033,0.855,0.112
471500,0.030,0.882,0.088
472000,0.030,0.859,0.111
472500,0.030,0.902,0.068
473000,0.031,0.837,0.132
473500,0.034,0.862,0.104
474000,0.030,0.840,0.130
474500,0.030,0.859,0.111
475000,0.030,0.864,0.106
475500,0.031,0.890,0.079
476000,0.030,0.863,0.107
476500,0.030,0.842,0.128
477000,0.032,0.849,0.119
477500,0.033,0.814,0.153
478000,0.031,0.797,0.172
478500,0.033,0.811,0.156
479000,0.036,0.842,0.122
479500,0.034,0.851,0.115
480000,0.035,0.873,0.092
480500,0.033,0.834,0.133
481000,0.033,0.822,0.145
481500,0.031,0.779,0.190
482000,0.031,0.785,0.184
482500,0.033,0.823,0.144
483000,0.032,0.857,0.111
483500,0.031,0.851,0.118
484000,0.031,0.883,0.086
484500,0.031,0.868,0.101
485000,0.032,0.881,0.087
485500,0.030,0.852,0.118
486000,0.031,0.822,0.147
486500,0.031,0.831,0.138
487000,0.032,0.808,0.160
487500,0.033,0.833,0.134
488000,0.031,0.840,0.129
488500,0.031,0.827,0.142
489000,0.031,0.838,0.131
489500,0.034,0.817,0.149
490000,0.032,0.855,0.113
490500,0.036,0.860,0.104
491000,0.032,0.856,0.112
491500,0.033,0.848,0.119
492000,0.030,0.835,0.135
492500,0.030,0.843,0.127
493000,0.030,0.843,0.127
493500,0.030,0.829,0.141
494000,0.036,0.826,0.138
494500,0.031,0.846,0.123
495000,0.031,0.841,0.128
495500,0.032,0.825,0.143
496000,0.032,0.865,0.103
496500,0.032,0.891,0.077
497000,0.031,0.898,0.071
497500,0.032,0.860,0.108
498000,0.030,0.847,0.123
498500,0.032,0.867,0.101
499000,0.033,0.882,0.085
499500,0.033,0.854,0.113
500000,0.031,0.866,0.103
500500,0.032,0.871,0.097
501000,0.031,0.817,0.152
501500,0.031,0.826,0.143
502000,0.032,0.832,0.136
502500,0.030,0.844,0.126
503000,0.034,0.824,0.142
503500,0.037,0.795,0.168
504000,0.035,0.815,0.150
504500,0.034,0.850,0.116
505000,0.033,0.865,0.102
505500,0.032,0.856,0.112
506000,0.031,0.848,0.121
506500,0.033,0.858,0.109
507000,0.030,0.866,0.104
507500,0.031,0.885,0.084
508000,0.032,0.875,0.093
508500,0.030,0.857,0.113
509000,0.032,0.854,0.114
509500,0.036,0.823,0.141
510000,0.032,0.863,0.105
510500,0.030,0.896,0.074
511000,0.030,0.907,0.063
511500,0.030,0.887,0.083
512000,0.030,0.907,0.063
512500,0.030,0.883,0.087
513000,0.030,0.880,0.090
513500,0.031,0.893,0.076
514000,0.032,0.866,0.102
514500,0.032,0.801,0.167
515000,0.031,0.822,0.147
515500,0.030,0.806,0.164
516000,0.030,0.800,0.170
516500,0.037,0.857,0.106
517000,0.035,0.827,0.138
517500,0.032,0.826,0.142
518000,0.032,0.840,0.128
518500,0.031,0.845,0.124
519000,0.032,0.837,0.131
519500,0.030,0.847,0.123
520000,0.030,0.810,0.160
520500,0.030,0.850,0.120
521000,0.030,0.853,0.117
521500,0.030,0.834,0.136
522000,0.031,0.875,0.094
522500,0.033,0.860,0.107
523000,0.030,0.864,0.106
523500,0.030,0.875,0.095
524000,0.030,0.883,0.087
524500,0.033,0.871,0.096
525000,0.031,0.838,0.131
525500,0.033,0.844,0.123
526000,0.030,0.867,0.103
526500,0.030,0.857,0.113
527000,0.030,0.853,0.117
527500,0.031,0.848,0.121
528000,0.031,0.831,0.138
528500,0.030,0.829,0.141
529000,0.032,0.840,0.128
529500,0.033,0.839,0.128
530000,0.030,0.831,0.139
530500,0.030,0.834,0.136
531000,0.032,0.821,0.147
531500,0.035,0.823,0.142
532000,0.040,0.827,0.133
532500,0.038,0.845,0.117
533000,0.037,0.775,0.188
533500,0.037,0.771,0.192
534000,0.038,0.740,0.222
534500,0.035,0.784,0.181
535000,0.034,0.808,0.158
535500,0.040,0.785,0.175
536000,0.033,0.825,0.142
536500,0.035,0.829,0.136
537000,0.038,0.842,0.120
537500,0.038,0.816,0.146
538000,0.033,0.823,0.144
538500,0.032,0.840,0.128
539000,0.032,0.825,0.143
539500,0.035,0.798,0.167
540000,0.037,0.770,0.193
540500,0.034,0.785,0.181
541000,0.032,0.813,0.155
541500,0.032,0.848,0.120
542000,0.031,0.855,0.114
542500,0.033,0.866,0.101
543000,0.032,0.826,0.142
543500,0.031,0.843,0.126
544000,0.030,0.839,0.131
544500,0.032,0.860,0.108
545000,0.033,0.852,0.115
545500,0.036,0.840,0.124
546000,0.032,0.860,0.108
546500,0.032,0.858,0.110
547000,0.032,0.834,0.134
547500,0.037,0.818,0.145
548000,0.032,0.853,0.115
548500,0.030,0.793,0.177
549000,0.034,0.806,0.160
549500,0.034,0.841,0.125
550000,0.032,0.832,0.136
550500,0.033,0.796,0.171
551000,0.034,0.784,0.182
551500,0.034,0.826,0.140
552000,0.030,0.827,0.143
552500,0.034,0.815,0.151
553000,0.033,0.823,0.144
553500,0.033,0.802,0.165
554000,0.032,0.823,0.145
554500,0.031,0.820,0.149
555000,0.031,0.813,0.156
555500,0.031,0.850,0.119
556000,0.030,0.853,0.117
556500,0.030,0.845,0.125
557000,0.031,0.865,0.104
557500,0.032,0.868,0.100
558000,0.035,0.838,0.127
558500,0.034,0.853,0.113
559000,0.031,0.839,0.130
559500,0.033,0.811,0.156
560000,0.032,0.816,0.152
560500,0.032,0.814,0.154
561000,0.030,0.863,0.107
561500,0.030,0.869,0.101
562000,0.033,0.851,0.116
562500,0.033,0.873,0.094
563000,0.031,0.880,0.089
563500,0.030,0.866,0.104
564000,0.030,0.874,0.096
564500,0.033,0.844,0.123
565000,0.032,0.817,0.151
565500,0.031,0.826,0.143
566000,0.037,0.824,0.139
566500,0.033,0.816,0.151
567000,0.033,0.820,0.147
567500,0.032,0.841,0.127
568000,0.032,0.809,0.159
568500,0.034,0.802,0.164
569000,0.032,0.838,0.130
569500,0.032,0.855,0.113
570000,0.033,0.826,0.141
570500,0.032,0.831,0.137
571000,0.031,0.840,0.129
571500,0.032,0.869,0.099
572000,0.032,0.889,0.079
572500,0.035,0.845,0.120
573000,0.034,0.811,0.155
573500,0.036,0.843,0.121
574000,0.034,0.866,0.100
574500,0.034,0.883,0.083
575000,0.031,0.888,0.081
575500,0.032,0.878,0.090
576000,0.033,0.848,0.119
576500,0.032,0.878,0.090
577000,0.031,0.854,0.115
577500,0.031,0.827,0.142
578000,0.031,0.828,0.141
578500,0.033,0.826,0.141
579000,0.031,0.867,0.102
579500,0.033,0.846,0.121
580000,0.031,0.823,0.146
580500,0.030,0.823,0.147
581000,0.033,0.831,0.136
581500,0.031,0.819,0.150
582000,0.030,0.850,0.120
582500,0.030,0.863,0.107
583000,0.030,0.876,0.094
583500,0.031,0.875,0.094
584000,0.032,0.873,0.095
584500,0.031,0.889,0.080
585000,0.032,0.884,0.084
585500,0.030,0.885,0.085
586000,0.031,0.876,0.093
586500,0.030,0.882,0.088
587000,0.032,0.854,0.114
587500,0.033,0.833,0.134
588000,0.032,0.827,0.141
588500,0.033,0.811,0.156
589000,0.032,0.841,0.127
589500,0.032,0.849,0.119
590000,0.031,0.860,0.109
590500,0.032,0.884,0.084
591000,0.031,0.843,0.126
591500,0.030,0.865,0.105
592000,0.030,0.891,0.079
592500,0.031,0.892,0.077
593000,0.034,0.896,0.070
593500,0.033,0.902,0.065
594000,0.031,0.905,0.064
594500,0.032,0.877,0.091
595000,0.030,0.877,0.093
595500,0.033,0.867,0.100
596000,0.031,0.856,0.113
596500,0.030,0.857,0.113
597000,0.030,0.873,0.097
597500,0.030,0.879,0.091
598000,0.032,0.892,0.076
598500,0.031,0.862,0.107
599000,0.030,0.853,0.117
599500,0.032,0.863,0.105
600000,0.030,0.875,0.095
600500,0.033,0.887,0.080
601000,0.030,0.895,0.075
601500,0.031,0.856,0.113
602000,0.033,0.825,0.142
602500,0.030,0.824,0.146
603000,0.030,0.822,0.148
603500,0.032,0.833,0.135
604000,0.030,0.865,0.105
604500,0.034,0.871,0.095
605000,0.031,0.883,0.086
605500,0.031,0.861,0.108
606000,0.032,0.850,0.118
606500,0.031,0.853,0.116
607000,0.034,0.828,0.138
607500,0.032,0.833,0.135
608000,0.034,0.810,0.156
608500,0.033,0.818,0.149
609000,0.032,0.820,0.148
609500,0.031,0.823,0.146
610000,0.034,0.840,0.126
610500,0.031,0.878,0.091
611000,0.030,0.854,0.116
611500,0.032,0.861,0.107
612000,0.032,0.871,0.097
612500,0.033,0.844,0.123
613000,0.033,0.864,0.103
613500,0.031,0.828,0.141
614000,0.032,0.847,0.121
614500,0.036,0.847,0.117
615000,0.030,0.871,0.099
615500,0.031,0.844,0.125
616000,0.033,0.829,0.138
616500,0.034,0.850,0.116
617000,0.032,0.857,0.111
617500,0.033,0.872,0.095
618000,0.032,0.871,0.097
618500,0.030,0.868,0.102
619000,0.031,0.817,0.152
619500,0.032,0.843,0.125
620000,0.030,0.840,0.130
620500,0.035,0.824,0.141
621000,0.034,0.849,0.117
621500,0.031,0.881,0.088
622000,0.030,0.835,0.135
622500,0.032,0.843,0.125
623000,0.033,0.840,0.127
623500,0.032,0.851,0.117
624000,0.031,0.895,0.074
624500,0.030,0.873,0.097
625000,0.031,0.871,0.098
625500,0.031,0.887,0.082
626000,0.031,0.896,0.073
626500,0.030,0.898,0.072
627000,0.032,0.847,0.121
627500,0.036,0.852,0.112
628000,0.031,0.833,0.136
628500,0.031,0.838,0.131
629000,0.033,0.835,0.132
629500,0.030,0.835,0.135
630000,0.031,0.862,0.107
630500,0.032,0.863,0.105
631000,0.031,0.870,0.099
631500,0.030,0.855,0.115
632000,0.032,0.881,0.087
632500,0.032,0.888,0.080
633000,0.035,0.880,0.085
633500,0.034,0.835,0.131
634000,0.033,0.846,0.121
634500,0.036,0.832,0.132
635000,0.033,0.827,0.140
635500,0.033,0.833,0.134
636000,0.032,0.844,0.124
636500,0.035,0.781,0.184
637000,0.031,0.802,0.167
637500,0.035,0.839,0.126
638000,0.035,0.843,0.122
638500,0.032,0.807,0.161
639000,0.037,0.782,0.181
639500,0.036,0.799,0.165
640000,0.034,0.786,0.180
640500,0.037,0.797,0.166
641000,0.034,0.820,0.146
641500,0.031,0.841,0.128
642000,0.031,0.868,0.101
642500,0.031,0.861,0.108
643000,0.033,0.871,0.096
643500,0.030,0.874,0.096
644000,0.031,0.866,0.103
644500,0.034,0.881,0.085
645000,0.032,0.881,0.087
645500,0.031,0.844,0.125
646000,0.032,0.806,0.162
646500,0.031,0.842,0.127
647000,0.034,0.820,0.146
647500,0.033,0.845,0.122
648000,0.032,0.802,0.166
648500,0.033,0.825,0.142
649000,0.032,0.808,0.160
649500,0.030,0.800,0.170
650000,0.030,0.794,0.176
650500,0.032,0.792,0.176
651000,0.032,0.788,0.180
651500,0.031,0.825,0.144
652000,0.033,0.843,0.124
652500,0.032,0.818,0.150
653000,0.030,0.810,0.160
653500,0.034,0.797,0.169
654000,0.033,0.804,0.163
654500,0.032,0.812,0.156
655000,0.031,0.851,0.118
655500,0.035,0.861,0.104
656000,0.033,0.840,0.127
656500,0.031,0.850,0.119
657000,0.033,0.853,0.114
657500,0.032,0.825,0.143
658000,0.032,0.826,0.142
658500,0.032,0.806,0.162
659000,0.036,0.818,0.146
659500,0.034,0.793,0.173
660000,0.031,0.785,0.184
660500,0.035,0.820,0.145
661000,0.035,0.834,0.131
661500,0.033,0.851,0.116
662000,0.031,0.800,0.169
662500,0.031,0.857,0.112
663000,0.033,0.856,0.111
663500,0.030,0.846,0.124
664000,0.036,0.859,0.105
664500,0.033,0.856,0.111
665000,0.032,0.837,0.131
665500,0.032,0.809,0.159
666000,0.036,0.821,0.143
666500,0.037,0.829,0.134
667000,0.035,0.815,0.150
667500,0.031,0.819,0.150
668000,0.032,0.849,0.119
668500,0.032,0.831,0.137
669000,0.034,0.786,0.180
669500,0.035,0.792,0.173
670000,0.032,0.797,0.171
670500,0.035,0.761,0.204
671000,0.033,0.798,0.169
671500,0.032,0.814,0.154
672000,0.036,0.844,0.120
672500,0.034,0.801,0.165
673000,0.032,0.840,0.128
673500,0.032,0.879,0.089
674000,0.031,0.885,0.084
674500,0.030,0.879,0.091
675000,0.033,0.834,0.133
675500,0.032,0.819,0.149
676000,0.039,0.769,0.192
676500,0.039,0.786,0.175
677000,0.034,0.797,0.169
677500,0.034,0.803,0.163
678000,0.033,0.806,0.161
678500,0.032,0.773,0.195
679000,0.035,0.798,0.167
679500,0.033,0.835,0.132
680000,0.033,0.825,0.142
680500,0.034,0.832,0.134
681000,0.038,0.828,0.134
681500,0.036,0.812,0.152
682000,0.036,0.804,0.160
682500,0.033,0.822,0.145
683000,0.032,0.813,0.155
683500,0.030,0.811,0.159
684000,0.033,0.775,0.192
684500,0.035,0.767,0.198
685000,0.033,0.799,0.168
685500,0.034,0.789,0.177
686000,0.031,0.835,0.134
686500,0.036,0.809,0.155
687000,0.034,0.776,0.190
687500,0.034,0.745,0.221
688000,0.034,0.754,0.212
688500,0.036,0.746,0.218
689000,0.034,0.772,0.194
689500,0.031,0.800,0.169
690000,0.031,0.834,0.135
690500,0.034,0.825,0.141
691000,0.034,0.788,0.178
691500,0.036,0.818,0.146
692000,0.034,0.787,0.179
692500,0.033,0.802,0.165
693000,0.032,0.783,0.185
693500,0.032,0.837,0.131
694000,0.030,0.830,0.140
694500,0.030,0.825,0.145
695000,0.033,0.867,0.100
695500,0.031,0.857,0.112
696000,0.030,0.872,0.098
696500,0.031,0.853,0.116
697000,0.033,0.829,0.138
697500,0.030,0.839,0.131
698000,0.032,0.828,0.140
698500,0.033,0.814,0.153
699000,0.034,0.823,0.143
699500,0.032,0.799,0.169
700000,0.031,0.819,0.150
700500,0.032,0.850,0.118
701000,0.034,0.847,0.119
701500,0.032,0.856,0.112
702000,0.030,0.792,0.178
702500,0.030,0.807,0.163
703000,0.032,0.818,0.150
703500,0.032,0.855,0.113
704000,0.032,0.840,0.128
704500,0.033,0.880,0.087
705000,0.032,0.880,0.088
705500,0.034,0.879,0.087
706000,0.030,0.905,0.065
706500,0.030,0.890,0.080
707000,0.030,0.877,0.093
707500,0.031,0.892,0.077
708000,0.030,0.902,0.068
708500,0.030,0.847,0.123
709000,0.030,0.820,0.150
709500,0.032,0.846,0.122
710000,0.031,0.854,0.115
710500,0.031,0.834,0.135
711000,0.031,0.843,0.126
711500,0.031,0.857,0.112
712000,0.031,0.861,0.108
712500,0.032,0.825,0.143
713000,0.030,0.869,0.101
713500,0.030,0.825,0.145
714000,0.030,0.858,0.112
714500,0.035,0.841,0.124
715000,0.034,0.835,0.131
715500,0.031,0.817,0.152
716000,0.033,0.834,0.133
716500,0.035,0.839,0.126
717000,0.031,0.843,0.126
717500,0.031,0.810,0.159
718000,0.034,0.816,0.150
718500,0.032,0.810,0.158
719000,0.035,0.827,0.138
719500,0.032,0.846,0.122
720000,0.034,0.837,0.129
720500,0.030,0.857,0.113
721000,0.032,0.879,0.089
721500,0.034,0.852,0.114
722000,0.030,0.862,0.108
722500,0.030,0.879,0.091
723000,0.030,0.872,0.098
723500,0.030,0.892,0.078
724000,0.030,0.875,0.095
724500,0.033,0.859,0.108
725000,0.031,0.876,0.093
725500,0.030,0.870,0.100
726000,0.030,0.869,0.101
726500,0.031,0.884,0.085
727000,0.033,0.859,0.108
727500,0.033,0.842,0.125
728000,0.034,0.859,0.107
728500,0.034,0.866,0.100
729000,0.035,0.847,0.118
729500,0.033,0.847,0.120
730000,0.030,0.861,0.109
730500,0.032,0.855,0.113
731000,0.032,0.861,0.107
731500,0.031,0.870,0.099
732000,0.030,0.872,0.098
732500,0.031,0.876,0.093
733000,0.031,0.860,0.109
733500,0.033,0.862,0.105
734000,0.032,0.860,0.108
734500,0.032,0.852,0.116
735000,0.034,0.862,0.104
735500,0.032,0.828,0.140
736000,0.031,0.851,0.118
736500,0.030,0.868,0.102
737000,0.033,0.872,0.095
737500,0.034,0.832,0.134
738000,0.032,0.843,0.125
738500,0.033,0.852,0.115
739000,0.032,0.855,0.113
739500,0.034,0.832,0.134
740000,0.032,0.812,0.156
740500,0.032,0.842,0.126
741000,0.032,0.846,0.122
741500,0.031,0.850,0.119
742000,0.034,0.842,0.124
742500,0.031,0.849,0.120
743000,0.033,0.874,0.093
743500,0.032,0.873,0.095
744000,0.033,0.854,0.113
744500,0.035,0.850,0.115
745000,0.032,0.828,0.140
745500,0.031,0.824,0.145
746000,0.031,0.810,0.159
746500,0.034,0.824,0.142
747000,0.033,0.808,0.159
747500,0.033,0.829,0.138
748000,0.031,0.850,0.119
748500,0.030,0.862,0.108
749000,0.031,0.865,0.104
749500,0.031,0.902,0.067
750000,0.032,0.868,0.100
750500,0.031,0.835,0.134
751000,0.030,0.825,0.145
751500,0.033,0.875,0.092
752000,0.031,0.894,0.075
752500,0.030,0.900,0.070
753000,0.032,0.887,0.081
753500,0.033,0.861,0.106
754000,0.031,0.860,0.109
754500,0.030,0.864,0.106
755000,0.031,0.859,0.110
755500,0.034,0.845,0.121
756000,0.031,0.854,0.115
756500,0.034,0.850,0.116
757000,0.036,0.842,0.122
757500,0.031,0.846,0.123
758000,0.032,0.836,0.132
758500,0.031,0.849,0.120
759000,0.033,0.832,0.135
759500,0.033,0.806,0.161
760000,0.034,0.826,0.140
760500,0.030,0.847,0.123
761000,0.031,0.868,0.101
761500,0.030,0.846,0.124
762000,0.030,0.811,0.159
762500,0.036,0.799,0.165
763000,0.033,0.820,0.147
763500,0.034,0.828,0.138
764000,0.033,0.838,0.129
764500,0.030,0.841,0.129
765000,0.030,0.867,0.103
765500,0.030,0.873,0.097
766000,0.031,0.865,0.104
766500,0.032,0.883,0.085
767000,0.030,0.870,0.100
767500,0.030,0.879,0.091
768000,0.031,0.892,0.077
768500,0.030,0.845,0.125
769000,0.032,0.844,0.124
769500,0.032,0.848,0.120
770000,0.032,0.833,0.135
770500,0.034,0.768,0.198
771000,0.032,0.823,0.145
771500,0.030,0.835,0.135
772000,0.030,0.817,0.153
772500,0.032,0.826,0.142
773000,0.030,0.807,0.163
773500,0.031,0.832,0.137
774000,0.032,0.819,0.149
774500,0.030,0.860,0.110
775000,0.031,0.850,0.119
775500,0.031,0.848,0.121
776000,0.033,0.849,0.118
776500,0.032,0.843,0.125
777000,0.034,0.859,0.107
777500,0.031,0.856,0.113
778000,0.033,0.843,0.124
778500,0.030,0.826,0.144
779000,0.032,0.793,0.175
779500,0.039,0.813,0.148
780000,0.035,0.815,0.150
780500,0.034,0.797,0.169
781000,0.043,0.773,0.184
781500,0.035,0.803,0.162
782000,0.030,0.800,0.170
782500,0.036,0.818,0.146
783000,0.035,0.818,0.147
783500,0.035,0.836,0.129
784000,0.033,0.830,0.137
784500,0.034,0.811,0.155
785000,0.032,0.814,0.154
785500,0.032,0.785,0.183
786000,0.033,0.858,0.109
786500,0.031,0.811,0.158
787000,0.032,0.830,0.138
787500,0.033,0.854,0.113
788000,0.032,0.859,0.109
788500,0.034,0.848,0.118
789000,0.032,0.868,0.100
789500,0.031,0.845,0.124
790000,0.031,0.852,0.117
790500,0.033,0.857,0.110
791000,0.030,0.887,0.083
791500,0.030,0.837,0.133
792000,0.030,0.840,0.130
792500,0.033,0.811,0.156
793000,0.035,0.770,0.195
793500,0.032,0.792,0.176
794000,0.032,0.779,0.189
794500,0.039,0.751,0.210
795000,0.037,0.769,0.194
795500,0.037,0.802,0.161
796000,0.033,0.822,0.145
796500,0.034,0.849,0.117
797000,0.033,0.801,0.166
797500,0.030,0.850,0.120
798000,0.030,0.858,0.112
798500,0.035,0.832,0.133
799000,0.032,0.833,0.135
799500,0.032,0.842,0.126
800000,0.033,0.820,0.147
800500,0.035,0.824,0.141
801000,0.030,0.833,0.137
801500,0.034,0.807,0.159
802000,0.034,0.852,0.114
802500,0.032,0.853,0.115
803000,0.032,0.823,0.145
803500,0.031,0.819,0.150
804000,0.033,0.809,0.158
804500,0.036,0.805,0.159
805000,0.035,0.820,0.145
805500,0.032,0.844,0.124
806000,0.033,0.839,0.128
806500,0.037,0.820,0.143
807000,0.031,0.859,0.110
807500,0.031,0.871,0.098
808000,0.034,0.862,0.104
808500,0.031,0.854,0.115
809000,0.031,0.880,0.089
809500,0.030,0.834,0.136
810000,0.032,0.821,0.147
810500,0.030,0.831,0.139
811000,0.031,0.836,0.133
811500,0.031,0.862,0.107
812000,0.030,0.890,0.080
812500,0.031,0.871,0.098
813000,0.030,0.882,0.088
813500,0.030,0.845,0.125
814000,0.030,0.825,0.145
814500,0.031,0.844,0.125
815000,0.030,0.849,0.121
815500,0.032,0.882,0.086
816000,0.033,0.885,0.082
816500,0.032,0.858,0.110
817000,0.030,0.831,0.139
817500,0.032,0.818,0.150
818000,0.034,0.812,0.154
818500,0.035,0.797,0.168
819000,0.034,0.811,0.155
819500,0.036,0.813,0.151
820000,0.032,0.804,0.164
820500,0.035,0.802,0.163
821000,0.030,0.818,0.152
821500,0.033,0.859,0.108
822000,0.031,0.856,0.113
822500,0.031,0.876,0.093
823000,0.030,0.883,0.087
823500,0.035,0.869,0.096
824000,0.030,0.866,0.104
824500,0.033,0.835,0.132
825000,0.034,0.852,0.114
825500,0.032,0.825,0.143
826000,0.033,0.843,0.124
826500,0.030,0.867,0.103
827000,0.031,0.886,0.083
827500,0.030,0.893,0.077
828000,0.030,0.899,0.071
828500,0.030,0.844,0.126
829000,0.030,0.864,0.106
829500,0.032,0.883,0.085
830000,0.032,0.910,0.058
830500,0.031,0.858,0.111
831000,0.030,0.856,0.114
831500,0.030,0.831,0.139
832000,0.031,0.863,0.106
832500,0.031,0.862,0.107
833000,0.030,0.859,0.111
833500,0.030,0.872,0.098
834000,0.030,0.886,0.084
834500,0.030,0.886,0.084
835000,0.032,0.862,0.106
835500,0.032,0.892,0.076
836000,0.032,0.871,0.097
836500,0.031,0.860,0.109
837000,0.030,0.859,0.111
837500,0.033,0.812,0.155
838000,0.033,0.824,0.143
838500,0.031,0.851,0.118
839000,0.030,0.875,0.095
839500,0.030,0.865,0.105
840000,0.031,0.855,0.114
840500,0.030,0.893,0.077
841000,0.030,0.884,0.086
841500,0.034,0.876,0.090
842000,0.031,0.868,0.101
842500,0.035,0.867,0.098
843000,0.031,0.856,0.113
843500,0.032,0.870,0.098
844000,0.033,0.887,0.080
844500,0.030,0.890,0.080
845000,0.030,0.868,0.102
845500,0.031,0.865,0.104
846000,0.031,0.885,0.084
846500,0.031,0.858,0.111
847000,0.033,0.869,0.098
847500,0.031,0.893,0.076
848000,0.031,0.868,0.101
848500,0.031,0.882,0.087
849000,0.030,0.868,0.102
849500,0.032,0.828,0.140
850000,0.033,0.809,0.158
850500,0.030,0.754,0.216
851000,0.040,0.729,0.231
851500,0.043,0.723,0.234
852000,0.037,0.734,0.229
852500,0.042,0.760,0.198
853000,0.036,0.810,0.154
853500,0.035,0.811,0.154
854000,0.034,0.794,0.172
854500,0.034,0.797,0.169
855000,0.033,0.772,0.195
855500,0.035,0.762,0.203
856000,0.032,0.823,0.145
856500,0.032,0.821,0.147
857000,0.033,0.821,0.146
857500,0.030,0.853,0.117
858000,0.030,0.893,0.077
858500,0.033,0.865,0.102
859000,0.036,0.856,0.108
859500,0.032,0.829,0.139
860000,0.032,0.800,0.168
860500,0.036,0.804,0.160
861000,0.034,0.811,0.155
861500,0.036,0.812,0.152
862000,0.035,0.816,0.149
862500,0.034,0.810,0.156
863000,0.031,0.823,0.146
863500,0.032,0.843,0.125
864000,0.030,0.863,0.107
864500,0.031,0.858,0.111
865000,0.031,0.884,0.085
865500,0.030,0.894,0.076
866000,0.031,0.864,0.105
866500,0.030,0.867,0.103
867000,0.032,0.857,0.111
867500,0.032,0.859,0.109
868000,0.031,0.849,0.120
868500,0.031,0.840,0.129
869000,0.031,0.857,0.112
869500,0.031,0.888,0.081
870000,0.031,0.907,0.062
870500,0.030,0.883,0.087
871000,0.033,0.869,0.098
871500,0.031,0.867,0.102
872000,0.030,0.849,0.121
872500,0.032,0.849,0.119
873000,0.031,0.834,0.135
873500,0.035,0.824,0.141
874000,0.035,0.792,0.173
874500,0.032,0.813,0.155
875000,0.035,0.840,0.125
875500,0.032,0.841,0.127
876000,0.036,0.840,0.124
876500,0.034,0.824,0.142
877000,0.034,0.827,0.139
877500,0.035,0.854,0.111
878000,0.030,0.871,0.099
878500,0.032,0.875,0.093
879000,0.031,0.827,0.142
879500,0.032,0.847,0.121
880000,0.030,0.871,0.099
880500,0.031,0.871,0.098
881000,0.032,0.865,0.103
881500,0.033,0.835,0.132
882000,0.030,0.826,0.144
882500,0.033,0.813,0.154
883000,0.032,0.837,0.131
883500,0.030,0.828,0.142
884000,0.031,0.826,0.143
884500,0.033,0.834,0.133
885000,0.032,0.842,0.126
885500,0.031,0.876,0.093
886000,0.030,0.880,0.090
886500,0.030,0.858,0.112
887000,0.030,0.866,0.104
887500,0.031,0.857,0.112
888000,0.033,0.833,0.134
888500,0.033,0.818,0.149
889000,0.033,0.792,0.175
889500,0.032,0.809,0.159
890000,0.031,0.807,0.162
890500,0.032,0.815,0.153
891000,0.033,0.834,0.133
891500,0.030,0.833,0.137
892000,0.030,0.838,0.132
892500,0.034,0.851,0.115
893000,0.031,0.836,0.133
893500,0.034,0.842,0.124
894000,0.034,0.835,0.131
894500,0.031,0.828,0.141
895000,0.034,0.799,0.167
895500,0.035,0.799,0.166
896000,0.034,0.780,0.186
896500,0.034,0.746,0.220
897000,0.043,0.732,0.225
897500,0.041,0.763,0.196
898000,0.036,0.759,0.205
898500,0.034,0.817,0.149
899000,0.030,0.826,0.144
899500,0.031,0.810,0.159
900000,0.035,0.827,0.138
900500,0.034,0.817,0.149
901000,0.033,0.822,0.145
901500,0.034,0.825,0.141
902000,0.033,0.822,0.145
902500,0.033,0.835,0.132
903000,0.034,0.819,0.147
903500,0.031,0.820,0.149
904000,0.034,0.816,0.150
904500,0.033,0.820,0.147
905000,0.033,0.807,0.160
905500,0.034,0.821,0.145
906000,0.032,0.796,0.172
906500,0.030,0.851,0.119
907000,0.030,0.839,0.131
907500,0.036,0.846,0.118
908000,0.033,0.823,0.144
908500,0.033,0.820,0.147
909000,0.032,0.833,0.135
909500,0.036,0.817,0.147
910000,0.036,0.824,0.140
910500,0.035,0.779,0.186
911000,0.032,0.816,0.152
911500,0.031,0.804,0.165
912000,0.030,0.818,0.152
912500,0.034,0.830,0.136
913000,0.035,0.814,0.151
913500,0.032,0.827,0.141
914000,0.031,0.815,0.154
914500,0.033,0.830,0.137
915000,0.033,0.817,0.150
915500,0.030,0.844,0.126
916000,0.030,0.836,0.134
916500,0.032,0.837,0.131
917000,0.032,0.850,0.118
917500,0.034,0.824,0.142
918000,0.032,0.831,0.137
918500,0.034,0.848,0.118
919000,0.031,0.855,0.114
919500,0.030,0.844,0.126
920000,0.032,0.840,0.128
920500,0.032,0.860,0.108
921000,0.031,0.872,0.097
921500,0.030,0.858,0.112
922000,0.032,0.847,0.121
922500,0.032,0.869,0.099
923000,0.032,0.825,0.143
923500,0.030,0.810,0.160
924000,0.035,0.825,0.140
924500,0.030,0.822,0.148
925000,0.032,0.834,0.134
925500,0.030,0.837,0.133
926000,0.031,0.871,0.098
926500,0.030,0.899,0.071
927000,0.031,0.870,0.099
927500,0.031,0.890,0.079
928000,0.031,0.846,0.123
928500,0.035,0.831,0.134
929000,0.032,0.808,0.160
929500,0.030,0.813,0.157
930000,0.031,0.852,0.117
930500,0.031,0.849,0.120
931000,0.031,0.888,0.081
931500,0.033,0.859,0.108
932000,0.032,0.848,0.120
932500,0.031,0.827,0.142
933000,0.034,0.844,0.122
933500,0.030,0.855,0.115
934000,0.032,0.852,0.116
934500,0.030,0.859,0.111
935000,0.030,0.822,0.148
935500,0.032,0.819,0.149
936000,0.035,0.803,0.162
936500,0.034,0.797,0.169
937000,0.037,0.796,0.167
937500,0.035,0.794,0.171
938000,0.044,0.731,0.225
938500,0.043,0.672,0.285
939000,0.040,0.742,0.218
939500,0.034,0.738,0.228
940000,0.040,0.759,0.201
940500,0.037,0.769,0.194
941000,0.034,0.803,0.163
941500,0.033,0.845,0.122
942000,0.031,0.848,0.121
942500,0.030,0.877,0.093
943000,0.033,0.886,0.081
943500,0.030,0.873,0.097
944000,0.030,0.890,0.080
944500,0.031,0.878,0.091
945000,0.030,0.867,0.103
945500,0.030,0.866,0.104
946000,0.032,0.851,0.117
946500,0.031,0.906,0.063
947000,0.031,0.908,0.061
947500,0.030,0.924,0.046
948000,0.031,0.901,0.068
948500,0.031,0.867,0.102
949000,0.032,0.858,0.110
949500,0.032,0.806,0.162
950000,0.034,0.796,0.170
950500,0.033,0.807,0.160
951000,0.033,0.805,0.162
951500,0.032,0.831,0.137
952000,0.033,0.864,0.103
952500,0.032,0.888,0.080
953000,0.031,0.868,0.101
953500,0.031,0.886,0.083
954000,0.032,0.870,0.098
954500,0.031,0.870,0.099
955000,0.034,0.885,0.081
955500,0.030,0.886,0.084
956000,0.031,0.870,0.099
956500,0.030,0.858,0.112
957000,0.030,0.878,0.092
957500,0.031,0.872,0.097
958000,0.030,0.861,0.109
958500,0.034,0.890,0.076
959000,0.033,0.863,0.104
959500,0.033,0.870,0.097
960000,0.032,0.858,0.110
960500,0.030,0.859,0.111
961000,0.032,0.828,0.140
961500,0.034,0.857,0.109
962000,0.031,0.847,0.122
962500,0.034,0.842,0.124
963000,0.035,0.852,0.113
963500,0.031,0.866,0.103
964000,0.031,0.831,0.138
964500,0.030,0.824,0.146
965000,0.034,0.812,0.154
965500,0.030,0.849,0.121
966000,0.032,0.844,0.124
966500,0.032,0.832,0.136
967000,0.031,0.839,0.130
967500,0.031,0.864,0.105
968000,0.031,0.871,0.098
968500,0.031,0.899,0.070
969000,0.030,0.892,0.078
969500,0.031,0.863,0.106
970000,0.030,0.840,0.130
970500,0.030,0.899,0.071
971000,0.030,0.891,0.079
971500,0.030,0.881,0.089
972000,0.033,0.870,0.097
972500,0.033,0.851,0.116
973000,0.035,0.840,0.125
973500,0.035,0.850,0.115
974000,0.032,0.852,0.116
974500,0.030,0.877,0.093
975000,0.032,0.844,0.124
975500,0.030,0.847,0.123
976000,0.034,0.809,0.157
976500,0.035,0.813,0.152
977000,0.031,0.852,0.117
977500,0.031,0.872,0.097
978000,0.030,0.848,0.122
978500,0.034,0.863,0.103
979000,0.033,0.849,0.118
979500,0.033,0.877,0.090
980000,0.031,0.887,0.082
980500,0.030,0.855,0.115
981000,0.037,0.843,0.120
981500,0.031,0.858,0.111
982000,0.031,0.827,0.142
982500,0.035,0.844,0.121
983000,0.034,0.847,0.119
983500,0.030,0.849,0.121
984000,0.030,0.837,0.133
984500,0.034,0.845,0.121
985000,0.032,0.838,0.130
985500,0.032,0.830,0.138
986000,0.031,0.864,0.105
986500,0.031,0.851,0.118
987000,0.033,0.872,0.095
987500,0.032,0.865,0.103
988000,0.032,0.878,0.090
988500,0.032,0.884,0.084
989000,0.031,0.898,0.071
989500,0.031,0.900,0.069
990000,0.030,0.897,0.073
990500,0.030,0.889,0.081
991000,0.032,0.877,0.091
991500,0.032,0.868,0.100
992000,0.031,0.856,0.113
992500,0.031,0.868,0.101
993000,0.031,0.870,0.099
993500,0.031,0.899,0.070
994000,0.030,0.865,0.105
994500,0.032,0.888,0.080
995000,0.031,0.891,0.078
995500,0.030,0.879,0.091
996000,0.032,0.872,0.096
996500,0.034,0.865,0.101
997000,0.030,0.853,0.117
997500,0.030,0.814,0.156
998000,0.030,0.846,0.124
998500,0.036,0.803,0.161
999000,0.035,0.824,0.141
999500,0.032,0.839,0.129
1000000,0.034,0.826,0.140
