time,n_A+p,n_B,n_AB
500,0.030,0.914,0.056
1000,0.030,0.914,0.056
1500,0.030,0.906,0.064
2000,0.030,0.895,0.075
2500,0.030,0.875,0.095
3000,0.030,0.831,0.139
3500,0.030,0.842,0.128
4000,0.030,0.880,0.090
4500,0.030,0.878,0.092
5000,0.030,0.860,0.110
5500,0.030,0.854,0.116
6000,0.030,0.892,0.078
6500,0.030,0.857,0.113
7000,0.030,0.841,0.129
7500,0.030,0.843,0.127
8000,0.030,0.877,0.093
8500,0.030,0.882,0.088
9000,0.030,0.859,0.111
9500,0.030,0.866,0.104
10000,0.030,0.828,0.142
10500,0.030,0.821,0.149
11000,0.030,0.852,0.118
11500,0.030,0.864,0.106
12000,0.030,0.856,0.114
12500,0.032,0.860,0.108
13000,0.030,0.815,0.155
13500,0.030,0.860,0.110
14000,0.030,0.850,0.120
14500,0.030,0.896,0.074
15000,0.030,0.909,0.061
15500,0.030,0.831,0.139
16000,0.030,0.824,0.146
16500,0.030,0.832,0.138
17000,0.030,0.805,0.165
17500,0.030,0.850,0.120
18000,0.030,0.844,0.126
18500,0.030,0.842,0.128
19000,0.030,0.861,0.109
19500,0.030,0.870,0.100
20000,0.030,0.918,0.052
20500,0.030,0.865,0.105
21000,0.030,0.889,0.081
21500,0.030,0.888,0.082
22000,0.030,0.860,0.110
22500,0.030,0.849,0.121
23000,0.030,0.867,0.103
23500,0.030,0.867,0.103
24000,0.030,0.895,0.075
24500,0.030,0.890,0.080
25000,0.030,0.889,0.081
25500,0.030,0.862,0.108
26000,0.030,0.834,0.136
26500,0.030,0.799,0.171
27000,0.030,0.847,0.123
27500,0.030,0.831,0.139
28000,0.030,0.806,0.164
28500,0.030,0.807,0.163
29000,0.030,0.815,0.155
29500,0.030,0.821,0.149
30000,0.030,0.856,0.114
30500,0.030,0.823,0.147
31000,0.030,0.860,0.110
31500,0.030,0.856,0.114
32000,0.030,0.845,0.125
32500,0.030,0.821,0.149
33000,0.033,0.754,0.213
33500,0.031,0.820,0.149
34000,0.030,0.821,0.149
34500,0.030,0.829,0.141
35000,0.030,0.830,0.140
35500,0.030,0.808,0.162
36000,0.030,0.855,0.115
36500,0.030,0.859,0.111
37000,0.030,0.842,0.128
37500,0.030,0.828,0.142
38000,0.030,0.876,0.094
38500,0.030,0.837,0.133
39000,0.030,0.868,0.102
39500,0.030,0.850,0.120
40000,0.030,0.790,0.180
40500,0.030,0.839,0.131
41000,0.030,0.860,0.110
41500,0.030,0.880,0.090
42000,0.030,0.892,0.078
42500,0.030,0.927,0.043
43000,0.030,0.924,0.046
43500,0.030,0.870,0.100
44000,0.030,0.858,0.112
44500,0.030,0.887,0.083
45000,0.030,0.852,0.118
45500,0.030,0.843,0.127
46000,0.030,0.861,0.109
46500,0.030,0.872,0.098
47000,0.030,0.874,0.096
47500,0.030,0.850,0.120
48000,0.030,0.861,0.109
48500,0.030,0.854,0.116
49000,0.030,0.844,0.126
49500,0.030,0.856,0.114
50000,0.030,0.864,0.106
50500,0.030,0.866,0.104
51000,0.030,0.876,0.094
51500,0.030,0.880,0.090
52000,0.030,0.908,0.062
52500,0.030,0.910,0.060
53000,0.030,0.871,0.099
53500,0.030,0.898,0.072
54000,0.030,0.901,0.069
54500,0.030,0.887,0.083
55000,0.030,0.832,0.138
55500,0.030,0.843,0.127
56000,0.030,0.852,0.118
56500,0.030,0.852,0.118
57000,0.030,0.858,0.112
57500,0.030,0.850,0.120
58000,0.030,0.890,0.080
58500,0.030,0.901,0.069
59000,0.030,0.884,0.086
59500,0.030,0.887,0.083
60000,0.030,0.876,0.094
60500,0.030,0.892,0.078
61000,0.030,0.882,0.088
61500,0.030,0.876,0.094
62000,0.030,0.827,0.143
62500,0.030,0.867,0.103
63000,0.030,0.858,0.112
63500,0.030,0.875,0.095
64000,0.030,0.853,0.117
64500,0.030,0.859,0.111
65000,0.030,0.838,0.132
65500,0.030,0.846,0.124
66000,0.030,0.879,0.091
66500,0.030,0.861,0.109
67000,0.030,0.856,0.114
67500,0.030,0.839,0.131
68000,0.030,0.827,0.143
68500,0.030,0.857,0.113
69000,0.030,0.839,0.131
69500,0.030,0.843,0.127
70000,0.030,0.840,0.130
70500,0.031,0.840,0.129
71000,0.031,0.802,0.167
71500,0.030,0.835,0.135
72000,0.030,0.855,0.115
72500,0.030,0.848,0.122
73000,0.030,0.862,0.108
73500,0.030,0.834,0.136
74000,0.030,0.775,0.195
74500,0.030,0.784,0.186
75000,0.030,0.854,0.116
75500,0.030,0.858,0.112
76000,0.030,0.824,0.146
76500,0.030,0.826,0.144
77000,0.030,0.836,0.134
77500,0.030,0.825,0.145
78000,0.030,0.882,0.088
78500,0.030,0.857,0.113
79000,0.030,0.848,0.122
79500,0.030,0.864,0.106
80000,0.030,0.877,0.093
80500,0.030,0.846,0.124
81000,0.030,0.883,0.087
81500,0.030,0.849,0.121
82000,0.030,0.834,0.136
82500,0.030,0.841,0.129
83000,0.030,0.833,0.137
83500,0.030,0.842,0.128
84000,0.030,0.886,0.084
84500,0.030,0.878,0.092
85000,0.030,0.881,0.089
85500,0.030,0.894,0.076
86000,0.030,0.838,0.132
86500,0.030,0.831,0.139
87000,0.030,0.845,0.125
87500,0.030,0.834,0.136
88000,0.030,0.827,0.143
88500,0.030,0.835,0.135
89000,0.030,0.842,0.128
89500,0.030,0.780,0.190
90000,0.030,0.790,0.180
90500,0.030,0.773,0.197
91000,0.030,0.838,0.132
91500,0.030,0.857,0.113
92000,0.030,0.816,0.154
92500,0.030,0.856,0.114
93000,0.030,0.880,0.090
93500,0.030,0.865,0.105
94000,0.030,0.863,0.107
94500,0.030,0.816,0.154
95000,0.030,0.846,0.124
95500,0.030,0.874,0.096
96000,0.030,0.857,0.113
96500,0.030,0.885,0.085
97000,0.030,0.882,0.088
97500,0.030,0.855,0.115
98000,0.030,0.821,0.149
98500,0.030,0.843,0.127
99000,0.030,0.814,0.156
99500,0.030,0.824,0.146
100000,0.030,0.871,0.099
100500,0.030,0.846,0.124
101000,0.030,0.869,0.101
101500,0.030,0.844,0.126
102000,0.030,0.841,0.129
102500,0.033,0.841,0.126
103000,0.031,0.909,0.060
103500,0.030,0.901,0.069
104000,0.030,0.906,0.064
104500,0.030,0.874,0.096
105000,0.030,0.845,0.125
105500,0.030,0.829,0.141
106000,0.030,0.876,0.094
106500,0.030,0.893,0.077
107000,0.030,0.835,0.135
107500,0.030,0.871,0.099
108000,0.030,0.852,0.118
108500,0.030,0.879,0.091
109000,0.030,0.902,0.068
109500,0.030,0.879,0.091
110000,0.030,0.895,0.075
110500,0.030,0.909,0.061
111000,0.030,0.848,0.122
111500,0.030,0.810,0.160
112000,0.030,0.811,0.159
112500,0.030,0.827,0.143
113000,0.030,0.828,0.142
113500,0.030,0.853,0.117
114000,0.030,0.854,0.116
114500,0.030,0.836,0.134
115000,0.030,0.829,0.141
115500,0.030,0.863,0.107
116000,0.030,0.855,0.115
116500,0.030,0.845,0.125
117000,0.030,0.874,0.096
117500,0.030,0.821,0.149
118000,0.030,0.850,0.120
118500,0.030,0.795,0.175
119000,0.030,0.816,0.154
119500,0.030,0.833,0.137
120000,0.030,0.807,0.163
120500,0.030,0.800,0.170
121000,0.030,0.831,0.139
121500,0.030,0.860,0.110
122000,0.030,0.849,0.121
122500,0.030,0.826,0.144
123000,0.030,0.868,0.102
123500,0.030,0.839,0.131
124000,0.030,0.825,0.145
124500,0.030,0.801,0.169
125000,0.030,0.821,0.149
125500,0.030,0.828,0.142
126000,0.030,0.860,0.110
126500,0.030,0.831,0.139
127000,0.030,0.880,0.090
127500,0.030,0.869,0.101
128000,0.030,0.823,0.147
128500,0.030,0.835,0.135
129000,0.030,0.843,0.127
129500,0.030,0.889,0.081
130000,0.030,0.883,0.087
130500,0.030,0.881,0.089
131000,0.030,0.869,0.101
131500,0.030,0.862,0.108
132000,0.030,0.819,0.151
132500,0.030,0.846,0.124
133000,0.030,0.833,0.137
133500,0.030,0.852,0.118
134000,0.030,0.845,0.125
134500,0.030,0.797,0.173
135000,0.030,0.841,0.129
135500,0.030,0.850,0.120
136000,0.030,0.857,0.113
136500,0.030,0.853,0.117
137000,0.030,0.842,0.128
137500,0.030,0.875,0.095
138000,0.030,0.883,0.087
138500,0.030,0.881,0.089
139000,0.030,0.868,0.102
139500,0.030,0.877,0.093
140000,0.030,0.863,0.107
140500,0.030,0.828,0.142
141000,0.030,0.820,0.150
141500,0.030,0.842,0.128
142000,0.030,0.816,0.154
142500,0.030,0.853,0.117
143000,0.030,0.881,0.089
143500,0.030,0.841,0.129
144000,0.030,0.837,0.133
144500,0.030,0.832,0.138
145000,0.030,0.842,0.128
145500,0.030,0.821,0.149
146000,0.030,0.826,0.144
146500,0.030,0.803,0.167
147000,0.030,0.810,0.160
147500,0.030,0.821,0.149
148000,0.030,0.858,0.112
148500,0.030,0.819,0.151
149000,0.030,0.851,0.119
149500,0.030,0.839,0.131
150000,0.030,0.832,0.138
150500,0.030,0.836,0.134
151000,0.030,0.828,0.142
151500,0.030,0.828,0.142
152000,0.030,0.848,0.122
152500,0.030,0.822,0.148
153000,0.030,0.821,0.149
153500,0.033,0.819,0.148
154000,0.031,0.828,0.141
154500,0.030,0.849,0.121
155000,0.030,0.860,0.110
155500,0.030,0.868,0.102
156000,0.030,0.901,0.069
156500,0.030,0.856,0.114
157000,0.030,0.875,0.095
157500,0.030,0.872,0.098
158000,0.030,0.865,0.105
158500,0.030,0.864,0.106
159000,0.030,0.836,0.134
159500,0.030,0.886,0.084
160000,0.030,0.829,0.141
160500,0.030,0.852,0.118
161000,0.030,0.867,0.103
161500,0.030,0.869,0.101
162000,0.030,0.852,0.118
162500,0.030,0.836,0.134
163000,0.030,0.817,0.153
163500,0.030,0.848,0.122
164000,0.030,0.851,0.119
164500,0.030,0.860,0.110
165000,0.030,0.822,0.148
165500,0.030,0.771,0.199
166000,0.030,0.820,0.150
166500,0.030,0.822,0.148
167000,0.030,0.801,0.169
167500,0.030,0.801,0.169
168000,0.030,0.828,0.142
168500,0.030,0.817,0.153
169000,0.030,0.801,0.169
169500,0.030,0.835,0.135
170000,0.030,0.822,0.148
170500,0.030,0.864,0.106
171000,0.030,0.847,0.123
171500,0.030,0.838,0.132
172000,0.030,0.845,0.125
172500,0.030,0.848,0.122
173000,0.030,0.859,0.111
173500,0.030,0.809,0.161
174000,0.030,0.849,0.121
174500,0.030,0.858,0.112
175000,0.030,0.827,0.143
175500,0.030,0.832,0.138
176000,0.030,0.822,0.148
176500,0.030,0.812,0.158
177000,0.030,0.835,0.135
177500,0.030,0.813,0.157
178000,0.030,0.809,0.161
178500,0.030,0.863,0.107
179000,0.030,0.871,0.099
179500,0.030,0.863,0.107
180000,0.030,0.831,0.139
180500,0.030,0.828,0.142
181000,0.030,0.840,0.130
181500,0.030,0.854,0.116
182000,0.030,0.851,0.119
182500,0.030,0.831,0.139
183000,0.030,0.824,0.146
183500,0.030,0.860,0.110
184000,0.030,0.816,0.154
184500,0.030,0.808,0.162
185000,0.030,0.815,0.155
185500,0.030,0.817,0.153
186000,0.030,0.833,0.137
186500,0.030,0.777,0.193
187000,0.030,0.831,0.139
187500,0.030,0.840,0.130
188000,0.030,0.829,0.141
188500,0.030,0.817,0.153
189000,0.030,0.819,0.151
189500,0.030,0.839,0.131
190000,0.030,0.845,0.125
190500,0.030,0.822,0.148
191000,0.030,0.868,0.102
191500,0.030,0.837,0.133
192000,0.030,0.861,0.109
192500,0.030,0.836,0.134
193000,0.030,0.836,0.134
193500,0.030,0.844,0.126
194000,0.030,0.869,0.101
194500,0.030,0.882,0.088
195000,0.030,0.886,0.084
195500,0.030,0.896,0.074
196000,0.030,0.901,0.069
196500,0.030,0.876,0.094
197000,0.030,0.858,0.112
197500,0.030,0.853,0.117
198000,0.030,0.841,0.129
198500,0.030,0.800,0.170
199000,0.030,0.803,0.167
199500,0.030,0.830,0.140
200000,0.030,0.844,0.126
200500,0.030,0.832,0.138
201000,0.030,0.847,0.123
201500,0.030,0.854,0.116
202000,0.030,0.872,0.098
202500,0.030,0.842,0.128
203000,0.030,0.851,0.119
203500,0.030,0.829,0.141
204000,0.030,0.842,0.128
204500,0.030,0.855,0.115
205000,0.030,0.845,0.125
205500,0.030,0.839,0.131
206000,0.030,0.859,0.111
206500,0.030,0.866,0.104
207000,0.030,0.867,0.103
207500,0.030,0.890,0.080
208000,0.030,0.874,0.096
208500,0.030,0.846,0.124
209000,0.030,0.839,0.131
209500,0.030,0.856,0.114
210000,0.030,0.881,0.089
210500,0.030,0.844,0.126
211000,0.030,0.850,0.120
211500,0.030,0.807,0.163
212000,0.030,0.794,0.176
212500,0.030,0.830,0.140
213000,0.030,0.821,0.149
213500,0.030,0.853,0.117
214000,0.030,0.853,0.117
214500,0.030,0.873,0.097
215000,0.030,0.869,0.101
215500,0.030,0.866,0.104
216000,0.030,0.826,0.144
216500,0.030,0.823,0.147
217000,0.030,0.811,0.159
217500,0.030,0.846,0.124
218000,0.030,0.866,0.104
218500,0.030,0.863,0.107
219000,0.030,0.860,0.110
219500,0.030,0.835,0.135
220000,0.030,0.815,0.155
220500,0.031,0.850,0.119
221000,0.030,0.905,0.065
221500,0.030,0.842,0.128
222000,0.030,0.826,0.144
222500,0.030,0.854,0.116
223000,0.030,0.832,0.138
223500,0.030,0.817,0.153
224000,0.030,0.831,0.139
224500,0.030,0.829,0.141
225000,0.030,0.827,0.143
225500,0.030,0.868,0.102
226000,0.030,0.860,0.110
226500,0.030,0.871,0.099
227000,0.030,0.836,0.134
227500,0.030,0.842,0.128
228000,0.030,0.868,0.102
228500,0.030,0.879,0.091
229000,0.030,0.858,0.112
229500,0.030,0.809,0.161
230000,0.030,0.797,0.173
230500,0.030,0.849,0.121
231000,0.030,0.828,0.142
231500,0.030,0.799,0.171
232000,0.030,0.819,0.151
232500,0.030,0.839,0.131
233000,0.030,0.785,0.185
233500,0.030,0.792,0.178
234000,0.030,0.853,0.117
234500,0.030,0.853,0.117
235000,0.030,0.842,0.128
235500,0.030,0.850,0.120
236000,0.030,0.849,0.121
236500,0.030,0.856,0.114
237000,0.030,0.857,0.113
237500,0.030,0.861,0.109
238000,0.030,0.858,0.112
238500,0.030,0.838,0.132
239000,0.030,0.883,0.087
239500,0.030,0.875,0.095
240000,0.030,0.860,0.110
240500,0.030,0.863,0.107
241000,0.030,0.858,0.112
241500,0.030,0.835,0.135
242000,0.030,0.815,0.155
242500,0.030,0.813,0.157
243000,0.030,0.867,0.103
243500,0.030,0.846,0.124
244000,0.030,0.845,0.125
244500,0.030,0.873,0.097
245000,0.030,0.842,0.128
245500,0.030,0.835,0.135
246000,0.030,0.806,0.164
246500,0.030,0.839,0.131
247000,0.030,0.893,0.077
247500,0.030,0.853,0.117
248000,0.030,0.858,0.112
248500,0.030,0.892,0.078
249000,0.030,0.877,0.093
249500,0.030,0.879,0.091
250000,0.030,0.912,0.058
250500,0.030,0.903,0.067
251000,0.030,0.893,0.077
251500,0.030,0.854,0.116
252000,0.030,0.886,0.084
252500,0.030,0.908,0.062
253000,0.030,0.864,0.106
253500,0.030,0.848,0.122
254000,0.031,0.871,0.098
254500,0.030,0.865,0.105
255000,0.030,0.862,0.108
255500,0.030,0.875,0.095
256000,0.030,0.831,0.139
256500,0.030,0.867,0.103
257000,0.030,0.867,0.103
257500,0.030,0.872,0.098
258000,0.030,0.853,0.117
258500,0.030,0.852,0.118
259000,0.030,0.870,0.100
259500,0.030,0.853,0.117
260000,0.030,0.866,0.104
260500,0.030,0.880,0.090
261000,0.030,0.877,0.093
261500,0.030,0.815,0.155
262000,0.030,0.854,0.116
262500,0.030,0.880,0.090
263000,0.030,0.868,0.102
263500,0.030,0.862,0.108
264000,0.030,0.887,0.083
264500,0.030,0.830,0.140
265000,0.030,0.852,0.118
265500,0.030,0.853,0.117
266000,0.030,0.855,0.115
266500,0.030,0.849,0.121
267000,0.030,0.845,0.125
267500,0.030,0.856,0.114
268000,0.030,0.843,0.127
268500,0.030,0.846,0.124
269000,0.030,0.844,0.126
269500,0.030,0.825,0.145
270000,0.030,0.835,0.135
270500,0.030,0.843,0.127
271000,0.030,0.831,0.139
271500,0.030,0.856,0.114
272000,0.030,0.837,0.133
272500,0.030,0.837,0.133
273000,0.030,0.813,0.157
273500,0.030,0.856,0.114
274000,0.030,0.884,0.086
274500,0.030,0.896,0.074
275000,0.030,0.867,0.103
275500,0.030,0.860,0.110
276000,0.030,0.895,0.075
276500,0.030,0.897,0.073
277000,0.030,0.900,0.070
277500,0.030,0.889,0.081
278000,0.030,0.832,0.138
278500,0.030,0.854,0.116
279000,0.030,0.842,0.128
279500,0.030,0.811,0.159
280000,0.030,0.851,0.119
280500,0.030,0.853,0.117
281000,0.030,0.841,0.129
281500,0.030,0.821,0.149
282000,0.030,0.884,0.086
282500,0.030,0.898,0.072
283000,0.030,0.895,0.075
283500,0.030,0.887,0.083
284000,0.030,0.889,0.081
284500,0.030,0.888,0.082
285000,0.030,0.885,0.085
285500,0.030,0.866,0.104
286000,0.030,0.836,0.134
286500,0.030,0.834,0.136
287000,0.030,0.838,0.132
287500,0.030,0.857,0.113
288000,0.030,0.879,0.091
288500,0.034,0.870,0.096
289000,0.032,0.859,0.109
289500,0.031,0.879,0.090
290000,0.030,0.875,0.095
290500,0.030,0.851,0.119
291000,0.030,0.859,0.111
291500,0.030,0.845,0.125
292000,0.030,0.835,0.135
292500,0.030,0.857,0.113
293000,0.030,0.863,0.107
293500,0.030,0.860,0.110
294000,0.030,0.831,0.139
294500,0.030,0.800,0.170
295000,0.030,0.784,0.186
295500,0.030,0.844,0.126
296000,0.030,0.818,0.152
296500,0.030,0.819,0.151
297000,0.030,0.845,0.125
297500,0.030,0.839,0.131
298000,0.030,0.867,0.103
298500,0.030,0.841,0.129
299000,0.030,0.843,0.127
299500,0.030,0.806,0.164
300000,0.030,0.849,0.121
300500,0.030,0.850,0.120
301000,0.030,0.868,0.102
301500,0.030,0.844,0.126
302000,0.030,0.840,0.130
302500,0.030,0.780,0.190
303000,0.030,0.809,0.161
303500,0.030,0.834,0.136
304000,0.030,0.844,0.126
304500,0.030,0.850,0.120
305000,0.030,0.882,0.088
305500,0.030,0.899,0.071
306000,0.030,0.891,0.079
306500,0.030,0.872,0.098
307000,0.030,0.883,0.087
307500,0.030,0.893,0.077
308000,0.030,0.885,0.085
308500,0.030,0.843,0.127
309000,0.030,0.866,0.104
309500,0.030,0.854,0.116
310000,0.030,0.848,0.122
310500,0.030,0.804,0.166
311000,0.030,0.834,0.136
311500,0.030,0.840,0.130
312000,0.030,0.848,0.122
312500,0.030,0.828,0.142
313000,0.030,0.881,0.089
313500,0.030,0.874,0.096
314000,0.030,0.875,0.095
314500,0.030,0.842,0.128
315000,0.030,0.877,0.093
315500,0.030,0.881,0.089
316000,0.030,0.844,0.126
316500,0.030,0.845,0.125
317000,0.030,0.843,0.127
317500,0.030,0.844,0.126
318000,0.030,0.871,0.099
318500,0.030,0.870,0.100
319000,0.030,0.882,0.088
319500,0.030,0.863,0.107
320000,0.030,0.844,0.126
320500,0.030,0.828,0.142
321000,0.030,0.840,0.130
321500,0.030,0.871,0.099
322000,0.030,0.828,0.142
322500,0.030,0.834,0.136
323000,0.030,0.828,0.142
323500,0.030,0.830,0.140
324000,0.030,0.832,0.138
324500,0.030,0.826,0.144
325000,0.030,0.817,0.153
325500,0.031,0.870,0.099
326000,0.030,0.869,0.101
326500,0.030,0.824,0.146
327000,0.030,0.817,0.153
327500,0.030,0.844,0.126
328000,0.030,0.855,0.115
328500,0.030,0.877,0.093
329000,0.030,0.902,0.068
329500,0.030,0.894,0.076
330000,0.030,0.872,0.098
330500,0.030,0.861,0.109
331000,0.030,0.879,0.091
331500,0.030,0.867,0.103
332000,0.030,0.897,0.073
332500,0.030,0.831,0.139
333000,0.030,0.826,0.144
333500,0.030,0.800,0.170
334000,0.030,0.790,0.180
334500,0.034,0.793,0.173
335000,0.030,0.876,0.094
335500,0.030,0.857,0.113
336000,0.030,0.856,0.114
336500,0.030,0.828,0.142
337000,0.030,0.861,0.109
337500,0.030,0.875,0.095
338000,0.030,0.834,0.136
338500,0.030,0.870,0.100
339000,0.030,0.866,0.104
339500,0.030,0.872,0.098
340000,0.030,0.845,0.125
340500,0.030,0.871,0.099
341000,0.030,0.876,0.094
341500,0.030,0.867,0.103
342000,0.030,0.862,0.108
342500,0.030,0.836,0.134
343000,0.030,0.840,0.130
343500,0.030,0.869,0.101
344000,0.030,0.847,0.123
344500,0.030,0.788,0.182
345000,0.030,0.834,0.136
345500,0.030,0.816,0.154
346000,0.030,0.851,0.119
346500,0.030,0.809,0.161
347000,0.030,0.803,0.167
347500,0.030,0.797,0.173
348000,0.030,0.805,0.165
348500,0.030,0.837,0.133
349000,0.030,0.826,0.144
349500,0.030,0.849,0.121
350000,0.030,0.878,0.092
350500,0.030,0.882,0.088
351000,0.030,0.836,0.134
351500,0.030,0.841,0.129
352000,0.030,0.844,0.126
352500,0.030,0.821,0.149
353000,0.030,0.870,0.100
353500,0.030,0.885,0.085
354000,0.030,0.838,0.132
354500,0.030,0.831,0.139
355000,0.030,0.858,0.112
355500,0.030,0.865,0.105
356000,0.030,0.857,0.113
356500,0.030,0.881,0.089
357000,0.030,0.871,0.099
357500,0.030,0.880,0.090
358000,0.030,0.868,0.102
358500,0.030,0.864,0.106
359000,0.030,0.856,0.114
359500,0.030,0.852,0.118
360000,0.030,0.866,0.104
360500,0.030,0.867,0.103
361000,0.030,0.865,0.105
361500,0.030,0.830,0.140
362000,0.030,0.871,0.099
362500,0.030,0.861,0.109
363000,0.030,0.881,0.089
363500,0.030,0.874,0.096
364000,0.030,0.857,0.113
364500,0.030,0.845,0.125
365000,0.030,0.849,0.121
365500,0.030,0.870,0.100
366000,0.030,0.819,0.151
366500,0.030,0.840,0.130
367000,0.030,0.837,0.133
367500,0.030,0.831,0.139
368000,0.030,0.874,0.096
368500,0.030,0.874,0.096
369000,0.030,0.868,0.102
369500,0.030,0.843,0.127
370000,0.030,0.898,0.072
370500,0.030,0.850,0.120
371000,0.030,0.859,0.111
371500,0.030,0.853,0.117
372000,0.030,0.881,0.089
372500,0.030,0.887,0.083
373000,0.030,0.887,0.083
373500,0.030,0.858,0.112
374000,0.030,0.861,0.109
374500,0.030,0.857,0.113
375000,0.030,0.866,0.104
375500,0.030,0.862,0.108
376000,0.030,0.846,0.124
376500,0.030,0.876,0.094
377000,0.030,0.872,0.098
377500,0.030,0.834,0.136
378000,0.030,0.851,0.119
378500,0.030,0.841,0.129
379000,0.030,0.860,0.110
379500,0.030,0.878,0.092
380000,0.030,0.822,0.148
380500,0.030,0.834,0.136
381000,0.030,0.832,0.138
381500,0.030,0.838,0.132
382000,0.030,0.858,0.112
382500,0.030,0.886,0.084
383000,0.030,0.869,0.101
383500,0.030,0.829,0.141
384000,0.030,0.853,0.117
384500,0.030,0.892,0.078
385000,0.030,0.897,0.073
385500,0.030,0.896,0.074
386000,0.030,0.902,0.068
386500,0.030,0.896,0.074
387000,0.030,0.907,0.063
387500,0.030,0.885,0.085
388000,0.030,0.872,0.098
388500,0.030,0.896,0.074
389000,0.030,0.887,0.083
389500,0.030,0.860,0.110
390000,0.030,0.821,0.149
390500,0.030,0.836,0.134
391000,0.030,0.869,0.101
391500,0.030,0.833,0.137
392000,0.030,0.831,0.139
392500,0.030,0.828,0.142
393000,0.030,0.832,0.138
393500,0.030,0.831,0.139
394000,0.030,0.854,0.116
394500,0.030,0.845,0.125
395000,0.030,0.878,0.092
395500,0.030,0.865,0.105
396000,0.030,0.858,0.112
396500,0.030,0.831,0.139
397000,0.030,0.819,0.151
397500,0.030,0.809,0.161
398000,0.030,0.803,0.167
398500,0.030,0.771,0.199
399000,0.030,0.786,0.184
399500,0.030,0.792,0.178
400000,0.030,0.783,0.187
400500,0.030,0.835,0.135
401000,0.030,0.838,0.132
401500,0.030,0.880,0.090
402000,0.030,0.854,0.116
402500,0.030,0.883,0.087
403000,0.030,0.860,0.110
403500,0.030,0.869,0.101
404000,0.030,0.897,0.073
404500,0.030,0.877,0.093
405000,0.030,0.831,0.139
405500,0.030,0.845,0.125
406000,0.030,0.849,0.121
406500,0.030,0.837,0.133
407000,0.030,0.846,0.124
407500,0.030,0.865,0.105
408000,0.030,0.882,0.088
408500,0.030,0.872,0.098
409000,0.030,0.853,0.117
409500,0.030,0.857,0.113
410000,0.030,0.859,0.111
410500,0.030,0.854,0.116
411000,0.032,0.858,0.110
411500,0.032,0.839,0.129
412000,0.030,0.831,0.139
412500,0.030,0.826,0.144
413000,0.030,0.822,0.148
413500,0.030,0.857,0.113
414000,0.030,0.839,0.131
414500,0.030,0.859,0.111
415000,0.030,0.836,0.134
415500,0.030,0.848,0.122
416000,0.030,0.866,0.104
416500,0.030,0.832,0.138
417000,0.030,0.835,0.135
417500,0.030,0.872,0.098
418000,0.030,0.872,0.098
418500,0.030,0.851,0.119
419000,0.030,0.864,0.106
419500,0.030,0.839,0.131
420000,0.030,0.845,0.125
420500,0.030,0.839,0.131
421000,0.030,0.824,0.146
421500,0.030,0.849,0.121
422000,0.030,0.853,0.117
422500,0.030,0.867,0.103
423000,0.030,0.889,0.081
423500,0.030,0.849,0.121
424000,0.030,0.874,0.096
424500,0.030,0.866,0.104
425000,0.030,0.786,0.184
425500,0.030,0.828,0.142
426000,0.030,0.804,0.166
426500,0.030,0.827,0.143
427000,0.031,0.839,0.130
427500,0.030,0.866,0.104
428000,0.030,0.867,0.103
428500,0.030,0.872,0.098
429000,0.030,0.879,0.091
429500,0.030,0.854,0.116
430000,0.030,0.808,0.162
430500,0.030,0.792,0.178
431000,0.030,0.789,0.181
431500,0.030,0.816,0.154
432000,0.030,0.862,0.108
432500,0.030,0.849,0.121
433000,0.030,0.825,0.145
433500,0.030,0.878,0.092
434000,0.030,0.858,0.112
434500,0.030,0.817,0.153
435000,0.030,0.829,0.141
435500,0.030,0.865,0.105
436000,0.030,0.876,0.094
436500,0.030,0.854,0.116
437000,0.030,0.813,0.157
437500,0.030,0.875,0.095
438000,0.030,0.874,0.096
438500,0.030,0.865,0.105
439000,0.030,0.874,0.096
439500,0.030,0.864,0.106
440000,0.030,0.874,0.096
440500,0.030,0.891,0.079
441000,0.030,0.845,0.125
441500,0.030,0.820,0.150
442000,0.030,0.844,0.126
442500,0.030,0.829,0.141
443000,0.030,0.840,0.130
443500,0.030,0.845,0.125
444000,0.030,0.833,0.137
444500,0.030,0.872,0.098
445000,0.030,0.837,0.133
445500,0.030,0.861,0.109
446000,0.030,0.870,0.100
446500,0.030,0.881,0.089
447000,0.030,0.877,0.093
447500,0.030,0.832,0.138
448000,0.030,0.813,0.157
448500,0.030,0.831,0.139
449000,0.030,0.835,0.135
449500,0.035,0.812,0.153
450000,0.031,0.837,0.132
450500,0.035,0.830,0.135
451000,0.031,0.869,0.100
451500,0.031,0.847,0.122
452000,0.030,0.851,0.119
452500,0.030,0.850,0.120
453000,0.030,0.886,0.084
453500,0.030,0.853,0.117
454000,0.030,0.816,0.154
454500,0.030,0.789,0.181
455000,0.030,0.788,0.182
455500,0.030,0.783,0.187
456000,0.030,0.776,0.194
456500,0.030,0.831,0.139
457000,0.030,0.855,0.115
457500,0.030,0.887,0.083
458000,0.030,0.864,0.106
458500,0.030,0.825,0.145
459000,0.030,0.829,0.141
459500,0.030,0.865,0.105
460000,0.030,0.855,0.115
460500,0.030,0.838,0.132
461000,0.030,0.802,0.168
461500,0.030,0.834,0.136
462000,0.030,0.828,0.142
462500,0.030,0.842,0.128
463000,0.030,0.845,0.125
463500,0.030,0.837,0.133
464000,0.030,0.844,0.126
464500,0.030,0.817,0.153
465000,0.030,0.842,0.128
465500,0.034,0.812,0.154
466000,0.031,0.784,0.185
466500,0.030,0.798,0.172
467000,0.030,0.835,0.135
467500,0.032,0.789,0.179
468000,0.031,0.813,0.156
468500,0.030,0.798,0.172
469000,0.030,0.858,0.112
469500,0.030,0.853,0.117
470000,0.030,0.844,0.126
470500,0.030,0.836,0.134
471000,0.030,0.815,0.155
471500,0.030,0.796,0.174
472000,0.030,0.816,0.154
472500,0.030,0.825,0.145
473000,0.030,0.858,0.112
473500,0.030,0.852,0.118
474000,0.030,0.817,0.153
474500,0.030,0.866,0.104
475000,0.030,0.831,0.139
475500,0.030,0.837,0.133
476000,0.030,0.848,0.122
476500,0.033,0.831,0.136
477000,0.030,0.846,0.124
477500,0.030,0.860,0.110
478000,0.030,0.889,0.081
478500,0.030,0.880,0.090
479000,0.030,0.879,0.091
479500,0.030,0.891,0.079
480000,0.030,0.862,0.108
480500,0.030,0.834,0.136
481000,0.030,0.849,0.121
481500,0.030,0.842,0.128
482000,0.030,0.875,0.095
482500,0.030,0.844,0.126
483000,0.030,0.864,0.106
483500,0.030,0.856,0.114
484000,0.030,0.882,0.088
484500,0.030,0.881,0.089
485000,0.030,0.841,0.129
485500,0.030,0.836,0.134
486000,0.030,0.841,0.129
486500,0.030,0.867,0.103
487000,0.030,0.850,0.120
487500,0.030,0.837,0.133
488000,0.030,0.849,0.121
488500,0.030,0.846,0.124
489000,0.030,0.840,0.130
489500,0.030,0.794,0.176
490000,0.030,0.800,0.170
490500,0.030,0.840,0.130
491000,0.030,0.858,0.112
491500,0.030,0.883,0.087
492000,0.030,0.883,0.087
492500,0.030,0.878,0.092
493000,0.030,0.885,0.085
493500,0.030,0.855,0.115
494000,0.030,0.874,0.096
494500,0.031,0.851,0.118
495000,0.030,0.889,0.081
495500,0.030,0.858,0.112
496000,0.030,0.843,0.127
496500,0.030,0.813,0.157
497000,0.030,0.866,0.104
497500,0.030,0.853,0.117
498000,0.030,0.833,0.137
498500,0.030,0.844,0.126
499000,0.030,0.861,0.109
499500,0.030,0.849,0.121
500000,0.030,0.827,0.143
500500,0.030,0.794,0.176
501000,0.030,0.817,0.153
501500,0.030,0.840,0.130
502000,0.030,0.826,0.144
502500,0.030,0.839,0.131
503000,0.030,0.825,0.145
503500,0.030,0.853,0.117
504000,0.030,0.857,0.113
504500,0.030,0.830,0.140
505000,0.030,0.842,0.128
505500,0.030,0.842,0.128
506000,0.030,0.879,0.091
506500,0.030,0.852,0.118
507000,0.030,0.873,0.097
507500,0.030,0.836,0.134
508000,0.030,0.845,0.125
508500,0.030,0.859,0.111
509000,0.030,0.839,0.131
509500,0.030,0.872,0.098
510000,0.030,0.867,0.103
510500,0.030,0.873,0.097
511000,0.030,0.858,0.112
511500,0.030,0.834,0.136
512000,0.030,0.807,0.163
512500,0.030,0.814,0.156
513000,0.030,0.801,0.169
513500,0.030,0.820,0.150
514000,0.030,0.840,0.130
514500,0.030,0.870,0.100
515000,0.030,0.844,0.126
515500,0.030,0.800,0.170
516000,0.030,0.858,0.112
516500,0.030,0.855,0.115
517000,0.030,0.842,0.128
517500,0.030,0.849,0.121
518000,0.030,0.859,0.111
518500,0.030,0.857,0.113
519000,0.030,0.843,0.127
519500,0.030,0.830,0.140
520000,0.030,0.850,0.120
520500,0.030,0.810,0.160
521000,0.030,0.803,0.167
521500,0.030,0.825,0.145
522000,0.030,0.824,0.146
522500,0.030,0.835,0.135
523000,0.030,0.898,0.072
523500,0.030,0.875,0.095
524000,0.030,0.869,0.101
524500,0.030,0.827,0.143
525000,0.030,0.842,0.128
525500,0.030,0.812,0.158
526000,0.030,0.849,0.121
526500,0.030,0.839,0.131
527000,0.032,0.844,0.124
527500,0.030,0.865,0.105
528000,0.030,0.858,0.112
528500,0.030,0.874,0.096
529000,0.030,0.849,0.121
529500,0.030,0.826,0.144
530000,0.030,0.866,0.104
530500,0.030,0.870,0.100
531000,0.030,0.900,0.070
531500,0.030,0.908,0.062
532000,0.030,0.869,0.101
532500,0.030,0.887,0.083
533000,0.030,0.884,0.086
533500,0.030,0.849,0.121
534000,0.030,0.850,0.120
534500,0.030,0.877,0.093
535000,0.030,0.863,0.107
535500,0.030,0.866,0.104
536000,0.030,0.885,0.085
536500,0.030,0.863,0.107
537000,0.030,0.848,0.122
537500,0.030,0.880,0.090
538000,0.030,0.869,0.101
538500,0.030,0.882,0.088
539000,0.030,0.892,0.078
539500,0.030,0.891,0.079
540000,0.030,0.863,0.107
540500,0.030,0.827,0.143
541000,0.030,0.801,0.169
541500,0.032,0.813,0.155
542000,0.030,0.831,0.139
542500,0.030,0.886,0.084
543000,0.030,0.906,0.064
543500,0.030,0.871,0.099
544000,0.030,0.901,0.069
544500,0.030,0.901,0.069
545000,0.030,0.902,0.068
545500,0.030,0.892,0.078
546000,0.030,0.854,0.116
546500,0.030,0.837,0.133
547000,0.030,0.836,0.134
547500,0.030,0.833,0.137
548000,0.030,0.862,0.108
548500,0.030,0.872,0.098
549000,0.030,0.846,0.124
549500,0.030,0.874,0.096
550000,0.030,0.894,0.076
550500,0.030,0.892,0.078
551000,0.030,0.853,0.117
551500,0.030,0.858,0.112
552000,0.030,0.847,0.123
552500,0.030,0.837,0.133
553000,0.030,0.836,0.134
553500,0.030,0.832,0.138
554000,0.030,0.800,0.170
554500,0.030,0.827,0.143
555000,0.030,0.813,0.157
555500,0.030,0.863,0.107
556000,0.030,0.838,0.132
556500,0.030,0.861,0.109
557000,0.030,0.862,0.108
557500,0.030,0.834,0.136
558000,0.030,0.854,0.116
558500,0.030,0.867,0.103
559000,0.030,0.890,0.080
559500,0.030,0.865,0.105
560000,0.030,0.865,0.105
560500,0.030,0.852,0.118
561000,0.030,0.861,0.109
561500,0.030,0.828,0.142
562000,0.030,0.839,0.131
562500,0.030,0.807,0.163
563000,0.030,0.849,0.121
563500,0.030,0.847,0.123
564000,0.030,0.836,0.134
564500,0.030,0.852,0.118
565000,0.030,0.822,0.148
565500,0.030,0.832,0.138
566000,0.030,0.802,0.168
566500,0.030,0.803,0.167
567000,0.030,0.835,0.135
567500,0.030,0.844,0.126
568000,0.030,0.863,0.107
568500,0.030,0.829,0.141
569000,0.030,0.852,0.118
569500,0.030,0.877,0.093
570000,0.030,0.885,0.085
570500,0.030,0.887,0.083
571000,0.030,0.885,0.085
571500,0.030,0.896,0.074
572000,0.030,0.881,0.089
572500,0.030,0.868,0.102
573000,0.030,0.876,0.094
573500,0.030,0.844,0.126
574000,0.030,0.869,0.101
574500,0.030,0.896,0.074
575000,0.030,0.864,0.106
575500,0.030,0.845,0.125
576000,0.030,0.861,0.109
576500,0.030,0.844,0.126
577000,0.030,0.863,0.107
577500,0.030,0.839,0.131
578000,0.030,0.850,0.120
578500,0.030,0.867,0.103
579000,0.030,0.864,0.106
579500,0.030,0.831,0.139
580000,0.030,0.856,0.114
580500,0.030,0.847,0.123
581000,0.030,0.824,0.146
581500,0.030,0.861,0.109
582000,0.030,0.856,0.114
582500,0.030,0.837,0.133
583000,0.030,0.795,0.175
583500,0.030,0.878,0.092
584000,0.030,0.874,0.096
584500,0.030,0.878,0.092
585000,0.030,0.881,0.089
585500,0.030,0.844,0.126
586000,0.030,0.880,0.090
586500,0.030,0.873,0.097
587000,0.030,0.858,0.112
587500,0.030,0.869,0.101
588000,0.030,0.848,0.122
588500,0.030,0.860,0.110
589000,0.030,0.834,0.136
589500,0.030,0.818,0.152
590000,0.030,0.830,0.140
590500,0.030,0.885,0.085
591000,0.030,0.877,0.093
591500,0.030,0.859,0.111
592000,0.030,0.862,0.108
592500,0.030,0.817,0.153
593000,0.030,0.823,0.147
593500,0.030,0.848,0.122
594000,0.030,0.841,0.129
594500,0.030,0.852,0.118
595000,0.030,0.864,0.106
595500,0.030,0.837,0.133
596000,0.030,0.835,0.135
596500,0.030,0.816,0.154
597000,0.030,0.802,0.168
597500,0.030,0.833,0.137
598000,0.030,0.841,0.129
598500,0.030,0.826,0.144
599000,0.030,0.855,0.115
599500,0.030,0.850,0.120
600000,0.030,0.787,0.183
600500,0.030,0.826,0.144
601000,0.030,0.824,0.146
601500,0.030,0.860,0.110
602000,0.030,0.901,0.069
602500,0.030,0.879,0.091
603000,0.030,0.875,0.095
603500,0.030,0.891,0.079
604000,0.030,0.829,0.141
604500,0.030,0.815,0.155
605000,0.030,0.835,0.135
605500,0.030,0.807,0.163
606000,0.030,0.806,0.164
606500,0.030,0.787,0.183
607000,0.031,0.805,0.164
607500,0.030,0.847,0.123
608000,0.030,0.868,0.102
608500,0.030,0.830,0.140
609000,0.030,0.803,0.167
609500,0.032,0.773,0.195
610000,0.030,0.766,0.204
610500,0.032,0.778,0.190
611000,0.031,0.847,0.122
611500,0.030,0.832,0.138
612000,0.030,0.877,0.093
612500,0.030,0.867,0.103
613000,0.030,0.907,0.063
613500,0.030,0.856,0.114
614000,0.030,0.849,0.121
614500,0.030,0.833,0.137
615000,0.030,0.856,0.114
615500,0.030,0.841,0.129
616000,0.030,0.847,0.123
616500,0.030,0.851,0.119
617000,0.030,0.861,0.109
617500,0.030,0.858,0.112
618000,0.030,0.871,0.099
618500,0.030,0.838,0.132
619000,0.030,0.824,0.146
619500,0.030,0.862,0.108
620000,0.030,0.896,0.074
620500,0.030,0.919,0.051
621000,0.030,0.904,0.066
621500,0.030,0.862,0.108
622000,0.030,0.870,0.100
622500,0.030,0.868,0.102
623000,0.030,0.848,0.122
623500,0.030,0.850,0.120
624000,0.030,0.846,0.124
624500,0.030,0.854,0.116
625000,0.030,0.869,0.101
625500,0.030,0.897,0.073
626000,0.030,0.846,0.124
626500,0.030,0.843,0.127
627000,0.030,0.843,0.127
627500,0.030,0.856,0.114
628000,0.030,0.806,0.164
628500,0.030,0.846,0.124
629000,0.030,0.827,0.143
629500,0.030,0.829,0.141
630000,0.030,0.833,0.137
630500,0.030,0.891,0.079
631000,0.030,0.829,0.141
631500,0.030,0.825,0.145
632000,0.030,0.842,0.128
632500,0.030,0.866,0.104
633000,0.030,0.878,0.092
633500,0.030,0.880,0.090
634000,0.030,0.840,0.130
634500,0.030,0.865,0.105
635000,0.030,0.845,0.125
635500,0.030,0.861,0.109
636000,0.030,0.854,0.116
636500,0.030,0.867,0.103
637000,0.030,0.871,0.099
637500,0.030,0.858,0.112
638000,0.030,0.851,0.119
638500,0.030,0.843,0.127
639000,0.030,0.885,0.085
639500,0.030,0.867,0.103
640000,0.030,0.850,0.120
640500,0.030,0.818,0.152
641000,0.030,0.800,0.170
641500,0.030,0.789,0.181
642000,0.030,0.849,0.121
642500,0.030,0.855,0.115
643000,0.030,0.847,0.123
643500,0.030,0.858,0.112
644000,0.030,0.862,0.108
644500,0.030,0.845,0.125
645000,0.030,0.848,0.122
645500,0.030,0.861,0.109
646000,0.030,0.831,0.139
646500,0.030,0.813,0.157
647000,0.030,0.811,0.159
647500,0.030,0.834,0.136
648000,0.030,0.848,0.122
648500,0.032,0.869,0.099
649000,0.031,0.783,0.186
649500,0.030,0.788,0.182
650000,0.030,0.782,0.188
650500,0.030,0.806,0.164
651000,0.030,0.823,0.147
651500,0.030,0.837,0.133
652000,0.030,0.841,0.129
652500,0.030,0.850,0.120
653000,0.030,0.855,0.115
653500,0.030,0.855,0.115
654000,0.030,0.855,0.115
654500,0.030,0.861,0.109
655000,0.030,0.882,0.088
655500,0.030,0.870,0.100
656000,0.030,0.886,0.084
656500,0.030,0.891,0.079
657000,0.030,0.861,0.109
657500,0.030,0.820,0.150
658000,0.030,0.781,0.189
658500,0.030,0.828,0.142
659000,0.030,0.819,0.151
659500,0.030,0.839,0.131
660000,0.030,0.861,0.109
660500,0.030,0.866,0.104
661000,0.030,0.886,0.084
661500,0.030,0.885,0.085
662000,0.030,0.874,0.096
662500,0.030,0.880,0.090
663000,0.030,0.853,0.117
663500,0.030,0.817,0.153
664000,0.030,0.824,0.146
664500,0.030,0.865,0.105
665000,0.030,0.833,0.137
665500,0.030,0.849,0.121
666000,0.030,0.830,0.140
666500,0.030,0.834,0.136
667000,0.030,0.836,0.134
667500,0.030,0.846,0.124
668000,0.030,0.877,0.093
668500,0.030,0.863,0.107
669000,0.030,0.860,0.110
669500,0.030,0.872,0.098
670000,0.030,0.869,0.101
670500,0.030,0.827,0.143
671000,0.030,0.905,0.065
671500,0.030,0.872,0.098
672000,0.030,0.893,0.077
672500,0.030,0.902,0.068
673000,0.030,0.881,0.089
673500,0.030,0.908,0.062
674000,0.030,0.910,0.060
674500,0.030,0.892,0.078
675000,0.030,0.897,0.073
675500,0.030,0.896,0.074
676000,0.030,0.905,0.065
676500,0.030,0.893,0.077
677000,0.030,0.901,0.069
677500,0.030,0.847,0.123
678000,0.030,0.904,0.066
678500,0.030,0.900,0.070
679000,0.030,0.868,0.102
679500,0.030,0.894,0.076
680000,0.030,0.889,0.081
680500,0.030,0.859,0.111
681000,0.030,0.882,0.088
681500,0.030,0.861,0.109
682000,0.030,0.854,0.116
682500,0.030,0.839,0.131
683000,0.030,0.819,0.151
683500,0.030,0.857,0.113
684000,0.030,0.893,0.077
684500,0.030,0.905,0.065
685000,0.030,0.888,0.082
685500,0.030,0.879,0.091
686000,0.030,0.864,0.106
686500,0.030,0.840,0.130
687000,0.030,0.818,0.152
687500,0.030,0.860,0.110
688000,0.030,0.872,0.098
688500,0.030,0.859,0.111
689000,0.030,0.841,0.129
689500,0.030,0.836,0.134
690000,0.030,0.798,0.172
690500,0.030,0.832,0.138
691000,0.030,0.817,0.153
691500,0.030,0.857,0.113
692000,0.030,0.860,0.110
692500,0.030,0.856,0.114
693000,0.030,0.846,0.124
693500,0.030,0.844,0.126
694000,0.030,0.829,0.141
694500,0.030,0.827,0.143
695000,0.030,0.846,0.124
695500,0.030,0.855,0.115
696000,0.030,0.867,0.103
696500,0.030,0.869,0.101
697000,0.030,0.877,0.093
697500,0.030,0.884,0.086
698000,0.030,0.870,0.100
698500,0.030,0.859,0.111
699000,0.030,0.883,0.087
699500,0.030,0.867,0.103
700000,0.030,0.900,0.070
700500,0.030,0.861,0.109
701000,0.030,0.839,0.131
701500,0.030,0.837,0.133
702000,0.030,0.810,0.160
702500,0.030,0.850,0.120
703000,0.030,0.820,0.150
703500,0.030,0.850,0.120
704000,0.030,0.841,0.129
704500,0.030,0.855,0.115
705000,0.030,0.877,0.093
705500,0.030,0.835,0.135
706000,0.030,0.818,0.152
706500,0.030,0.816,0.154
707000,0.030,0.836,0.134
707500,0.030,0.842,0.128
708000,0.030,0.867,0.103
708500,0.030,0.850,0.120
709000,0.030,0.797,0.173
709500,0.030,0.791,0.179
710000,0.030,0.779,0.191
710500,0.030,0.772,0.198
711000,0.030,0.816,0.154
711500,0.030,0.828,0.142
712000,0.030,0.793,0.177
712500,0.030,0.798,0.172
713000,0.030,0.837,0.133
713500,0.030,0.834,0.136
714000,0.030,0.846,0.124
714500,0.030,0.838,0.132
715000,0.030,0.846,0.124
715500,0.030,0.850,0.120
716000,0.030,0.845,0.125
716500,0.030,0.842,0.128
717000,0.030,0.857,0.113
717500,0.030,0.849,0.121
718000,0.030,0.848,0.122
718500,0.031,0.842,0.127
719000,0.030,0.823,0.147
719500,0.030,0.853,0.117
720000,0.030,0.847,0.123
720500,0.030,0.853,0.117
721000,0.030,0.858,0.112
721500,0.030,0.830,0.140
722000,0.030,0.803,0.167
722500,0.030,0.856,0.114
723000,0.030,0.865,0.105
723500,0.030,0.893,0.077
724000,0.030,0.886,0.084
724500,0.030,0.862,0.108
725000,0.030,0.865,0.105
725500,0.030,0.846,0.124
726000,0.030,0.859,0.111
726500,0.030,0.848,0.122
727000,0.030,0.861,0.109
727500,0.030,0.844,0.126
728000,0.030,0.885,0.085
728500,0.030,0.878,0.092
729000,0.030,0.844,0.126
729500,0.030,0.858,0.112
730000,0.030,0.887,0.083
730500,0.030,0.911,0.059
731000,0.030,0.875,0.095
731500,0.030,0.874,0.096
732000,0.030,0.860,0.110
732500,0.030,0.900,0.070
733000,0.030,0.876,0.094
733500,0.030,0.868,0.102
734000,0.030,0.883,0.087
734500,0.030,0.819,0.151
735000,0.030,0.821,0.149
735500,0.030,0.821,0.149
736000,0.030,0.840,0.130
736500,0.030,0.894,0.076
737000,0.030,0.848,0.122
737500,0.030,0.853,0.117
738000,0.030,0.869,0.101
738500,0.030,0.847,0.123
739000,0.030,0.853,0.117
739500,0.030,0.828,0.142
740000,0.030,0.854,0.116
740500,0.030,0.879,0.091
741000,0.030,0.878,0.092
741500,0.030,0.823,0.147
742000,0.030,0.812,0.158
742500,0.030,0.801,0.169
743000,0.030,0.831,0.139
743500,0.030,0.832,0.138
744000,0.030,0.833,0.137
744500,0.030,0.812,0.158
745000,0.030,0.827,0.143
745500,0.030,0.824,0.146
746000,0.030,0.862,0.108
746500,0.030,0.839,0.131
747000,0.030,0.818,0.152
747500,0.030,0.815,0.155
748000,0.030,0.836,0.134
748500,0.033,0.808,0.159
749000,0.030,0.826,0.144
749500,0.030,0.807,0.163
750000,0.030,0.856,0.114
750500,0.030,0.858,0.112
751000,0.030,0.864,0.106
751500,0.030,0.862,0.108
752000,0.030,0.866,0.104
752500,0.030,0.869,0.101
753000,0.030,0.828,0.142
753500,0.030,0.808,0.162
754000,0.032,0.800,0.168
754500,0.030,0.770,0.200
755000,0.030,0.795,0.175
755500,0.030,0.807,0.163
756000,0.030,0.804,0.166
756500,0.030,0.843,0.127
757000,0.030,0.842,0.128
757500,0.030,0.864,0.106
758000,0.030,0.836,0.134
758500,0.030,0.854,0.116
759000,0.030,0.857,0.113
759500,0.030,0.840,0.130
760000,0.030,0.858,0.112
760500,0.030,0.857,0.113
761000,0.030,0.861,0.109
761500,0.030,0.850,0.120
762000,0.030,0.877,0.093
762500,0.030,0.898,0.072
763000,0.030,0.877,0.093
763500,0.030,0.858,0.112
764000,0.030,0.862,0.108
764500,0.030,0.897,0.073
765000,0.030,0.897,0.073
765500,0.030,0.895,0.075
766000,0.030,0.849,0.121
766500,0.030,0.898,0.072
767000,0.030,0.885,0.085
767500,0.030,0.851,0.119
768000,0.030,0.845,0.125
768500,0.030,0.853,0.117
769000,0.030,0.876,0.094
769500,0.030,0.895,0.075
770000,0.030,0.865,0.105
770500,0.030,0.840,0.130
771000,0.030,0.850,0.120
771500,0.030,0.836,0.134
772000,0.030,0.820,0.150
772500,0.030,0.858,0.112
773000,0.030,0.857,0.113
773500,0.030,0.823,0.147
774000,0.030,0.864,0.106
774500,0.030,0.886,0.084
775000,0.030,0.856,0.114
775500,0.030,0.832,0.138
776000,0.032,0.795,0.173
776500,0.030,0.779,0.191
777000,0.030,0.793,0.177
777500,0.030,0.811,0.159
778000,0.030,0.848,0.122
778500,0.030,0.860,0.110
779000,0.030,0.822,0.148
779500,0.030,0.817,0.153
780000,0.030,0.859,0.111
780500,0.030,0.860,0.110
781000,0.030,0.846,0.124
781500,0.030,0.862,0.108
782000,0.030,0.841,0.129
782500,0.030,0.823,0.147
783000,0.030,0.847,0.123
783500,0.030,0.882,0.088
784000,0.030,0.844,0.126
784500,0.030,0.855,0.115
785000,0.030,0.839,0.131
785500,0.030,0.778,0.192
786000,0.030,0.785,0.185
786500,0.030,0.801,0.169
787000,0.030,0.864,0.106
787500,0.030,0.856,0.114
788000,0.030,0.818,0.152
788500,0.030,0.851,0.119
789000,0.030,0.821,0.149
789500,0.030,0.828,0.142
790000,0.030,0.851,0.119
790500,0.030,0.850,0.120
791000,0.031,0.844,0.125
791500,0.030,0.852,0.118
792000,0.030,0.869,0.101
792500,0.030,0.858,0.112
793000,0.030,0.820,0.150
793500,0.030,0.816,0.154
794000,0.030,0.841,0.129
794500,0.030,0.820,0.150
795000,0.030,0.807,0.163
795500,0.030,0.848,0.122
796000,0.030,0.845,0.125
796500,0.030,0.850,0.120
797000,0.030,0.855,0.115
797500,0.030,0.903,0.067
798000,0.030,0.861,0.109
798500,0.030,0.857,0.113
799000,0.030,0.883,0.087
799500,0.030,0.870,0.100
800000,0.030,0.876,0.094
800500,0.030,0.842,0.128
801000,0.030,0.809,0.161
801500,0.030,0.795,0.175
802000,0.030,0.829,0.141
802500,0.031,0.797,0.172
803000,0.030,0.836,0.134
803500,0.031,0.885,0.084
804000,0.030,0.855,0.115
804500,0.030,0.860,0.110
805000,0.030,0.857,0.113
805500,0.033,0.849,0.118
806000,0.031,0.849,0.120
806500,0.030,0.850,0.120
807000,0.030,0.831,0.139
807500,0.030,0.818,0.152
808000,0.030,0.824,0.146
808500,0.030,0.854,0.116
809000,0.030,0.866,0.104
809500,0.030,0.845,0.125
810000,0.030,0.871,0.099
810500,0.030,0.869,0.101
811000,0.030,0.848,0.122
811500,0.030,0.830,0.140
812000,0.030,0.853,0.117
812500,0.030,0.840,0.130
813000,0.030,0.840,0.130
813500,0.030,0.838,0.132
814000,0.030,0.832,0.138
814500,0.030,0.864,0.106
815000,0.030,0.890,0.080
815500,0.030,0.882,0.088
816000,0.030,0.884,0.086
816500,0.030,0.868,0.102
817000,0.030,0.853,0.117
817500,0.030,0.862,0.108
818000,0.030,0.806,0.164
818500,0.030,0.849,0.121
819000,0.030,0.866,0.104
819500,0.030,0.902,0.068
820000,0.030,0.865,0.105
820500,0.030,0.867,0.103
821000,0.030,0.837,0.133
821500,0.030,0.848,0.122
822000,0.030,0.834,0.136
822500,0.031,0.863,0.106
823000,0.030,0.870,0.100
823500,0.032,0.865,0.103
824000,0.030,0.865,0.105
824500,0.030,0.857,0.113
825000,0.030,0.888,0.082
825500,0.030,0.891,0.079
826000,0.030,0.888,0.082
826500,0.030,0.902,0.068
827000,0.030,0.896,0.074
827500,0.030,0.877,0.093
828000,0.030,0.869,0.101
828500,0.030,0.863,0.107
829000,0.030,0.840,0.130
829500,0.030,0.848,0.122
830000,0.030,0.874,0.096
830500,0.030,0.896,0.074
831000,0.030,0.874,0.096
831500,0.030,0.849,0.121
832000,0.030,0.856,0.114
832500,0.030,0.822,0.148
833000,0.030,0.850,0.120
833500,0.030,0.809,0.161
834000,0.030,0.839,0.131
834500,0.030,0.803,0.167
835000,0.030,0.821,0.149
835500,0.030,0.817,0.153
836000,0.030,0.833,0.137
836500,0.030,0.851,0.119
837000,0.030,0.842,0.128
837500,0.030,0.833,0.137
838000,0.030,0.848,0.122
838500,0.030,0.817,0.153
839000,0.030,0.822,0.148
839500,0.030,0.829,0.141
840000,0.030,0.840,0.130
840500,0.032,0.845,0.123
841000,0.031,0.850,0.119
841500,0.030,0.845,0.125
842000,0.030,0.834,0.136
842500,0.030,0.859,0.111
843000,0.030,0.832,0.138
843500,0.030,0.841,0.129
844000,0.030,0.855,0.115
844500,0.030,0.846,0.124
845000,0.030,0.823,0.147
845500,0.030,0.825,0.145
846000,0.030,0.839,0.131
846500,0.030,0.844,0.126
847000,0.030,0.850,0.120
847500,0.030,0.856,0.114
848000,0.030,0.862,0.108
848500,0.030,0.856,0.114
849000,0.030,0.826,0.144
849500,0.030,0.854,0.116
850000,0.030,0.872,0.098
850500,0.030,0.857,0.113
851000,0.030,0.868,0.102
851500,0.030,0.868,0.102
852000,0.030,0.873,0.097
852500,0.030,0.852,0.118
853000,0.030,0.836,0.134
853500,0.030,0.873,0.097
854000,0.030,0.820,0.150
854500,0.030,0.784,0.186
855000,0.030,0.808,0.162
855500,0.030,0.764,0.206
856000,0.030,0.771,0.199
856500,0.030,0.792,0.178
857000,0.030,0.816,0.154
857500,0.030,0.863,0.107
858000,0.030,0.815,0.155
858500,0.030,0.836,0.134
859000,0.030,0.846,0.124
859500,0.030,0.822,0.148
860000,0.030,0.850,0.120
860500,0.030,0.863,0.107
861000,0.030,0.875,0.095
861500,0.030,0.875,0.095
862000,0.030,0.840,0.130
862500,0.030,0.791,0.179
863000,0.030,0.850,0.120
863500,0.030,0.860,0.110
864000,0.030,0.870,0.100
864500,0.030,0.822,0.148
865000,0.030,0.814,0.156
865500,0.034,0.773,0.193
866000,0.030,0.862,0.108
866500,0.030,0.879,0.091
867000,0.030,0.880,0.090
867500,0.030,0.860,0.110
868000,0.030,0.839,0.131
868500,0.030,0.836,0.134
869000,0.030,0.868,0.102
869500,0.030,0.859,0.111
870000,0.030,0.852,0.118
870500,0.030,0.856,0.114
871000,0.030,0.863,0.107
871500,0.030,0.839,0.131
872000,0.030,0.830,0.140
872500,0.030,0.866,0.104
873000,0.030,0.821,0.149
873500,0.030,0.804,0.166
874000,0.030,0.807,0.163
874500,0.030,0.834,0.136
875000,0.030,0.836,0.134
875500,0.030,0.846,0.124
876000,0.032,0.854,0.114
876500,0.030,0.868,0.102
877000,0.030,0.883,0.087
877500,0.030,0.869,0.101
878000,0.030,0.892,0.078
878500,0.030,0.886,0.084
879000,0.030,0.891,0.079
879500,0.030,0.866,0.104
880000,0.030,0.877,0.093
880500,0.030,0.898,0.072
881000,0.030,0.876,0.094
881500,0.030,0.856,0.114
882000,0.030,0.866,0.104
882500,0.030,0.865,0.105
883000,0.030,0.878,0.092
883500,0.030,0.869,0.101
884000,0.030,0.859,0.111
884500,0.030,0.852,0.118
885000,0.030,0.833,0.137
885500,0.030,0.832,0.138
886000,0.030,0.829,0.141
886500,0.030,0.791,0.179
887000,0.030,0.789,0.181
887500,0.030,0.739,0.231
888000,0.030,0.768,0.202
888500,0.030,0.817,0.153
889000,0.030,0.810,0.160
889500,0.030,0.824,0.146
890000,0.030,0.826,0.144
890500,0.030,0.825,0.145
891000,0.030,0.850,0.120
891500,0.030,0.841,0.129
892000,0.030,0.853,0.117
892500,0.030,0.840,0.130
893000,0.030,0.875,0.095
893500,0.030,0.896,0.074
894000,0.030,0.838,0.132
894500,0.030,0.842,0.128
895000,0.030,0.823,0.147
895500,0.030,0.842,0.128
896000,0.030,0.892,0.078
896500,0.030,0.837,0.133
897000,0.030,0.808,0.162
897500,0.030,0.841,0.129
898000,0.030,0.852,0.118
898500,0.030,0.827,0.143
899000,0.030,0.846,0.124
899500,0.030,0.849,0.121
900000,0.030,0.829,0.141
900500,0.030,0.793,0.177
901000,0.030,0.841,0.129
901500,0.030,0.849,0.121
902000,0.030,0.853,0.117
902500,0.030,0.852,0.118
903000,0.030,0.846,0.124
903500,0.030,0.858,0.112
904000,0.032,0.851,0.117
904500,0.030,0.813,0.157
905000,0.030,0.815,0.155
905500,0.030,0.820,0.150
906000,0.030,0.853,0.117
906500,0.030,0.846,0.124
907000,0.030,0.866,0.104
907500,0.030,0.890,0.080
908000,0.030,0.874,0.096
908500,0.030,0.873,0.097
909000,0.030,0.855,0.115
909500,0.030,0.852,0.118
910000,0.030,0.845,0.125
910500,0.030,0.832,0.138
911000,0.030,0.849,0.121
911500,0.030,0.789,0.181
912000,0.030,0.803,0.167
912500,0.030,0.834,0.136
913000,0.030,0.840,0.130
913500,0.030,0.878,0.092
914000,0.030,0.874,0.096
914500,0.030,0.873,0.097
915000,0.030,0.857,0.113
915500,0.030,0.864,0.106
916000,0.030,0.856,0.114
916500,0.030,0.863,0.107
917000,0.030,0.863,0.107
917500,0.030,0.836,0.134
918000,0.030,0.863,0.107
918500,0.030,0.817,0.153
919000,0.030,0.783,0.187
919500,0.030,0.819,0.151
920000,0.030,0.855,0.115
920500,0.030,0.853,0.117
921000,0.030,0.871,0.099
921500,0.030,0.859,0.111
922000,0.030,0.866,0.104
922500,0.030,0.870,0.100
923000,0.030,0.863,0.107
923500,0.030,0.862,0.108
924000,0.030,0.845,0.125
924500,0.030,0.832,0.138
925000,0.030,0.840,0.130
925500,0.030,0.815,0.155
926000,0.030,0.854,0.116
926500,0.030,0.841,0.129
927000,0.030,0.840,0.130
927500,0.030,0.821,0.149
928000,0.030,0.827,0.143
928500,0.033,0.876,0.091
929000,0.030,0.875,0.095
929500,0.030,0.836,0.134
930000,0.030,0.831,0.139
930500,0.030,0.826,0.144
931000,0.030,0.834,0.136
931500,0.030,0.825,0.145
932000,0.030,0.816,0.154
932500,0.032,0.780,0.188
933000,0.031,0.838,0.131
933500,0.030,0.845,0.125
934000,0.030,0.848,0.122
934500,0.030,0.840,0.130
935000,0.030,0.809,0.161
935500,0.030,0.851,0.119
936000,0.030,0.835,0.135
936500,0.030,0.856,0.114
937000,0.030,0.851,0.119
937500,0.030,0.850,0.120
938000,0.030,0.877,0.093
938500,0.030,0.858,0.112
939000,0.030,0.847,0.123
939500,0.030,0.881,0.089
940000,0.030,0.908,0.062
940500,0.030,0.853,0.117
941000,0.030,0.836,0.134
941500,0.030,0.841,0.129
942000,0.030,0.852,0.118
942500,0.030,0.907,0.063
943000,0.030,0.892,0.078
943500,0.030,0.866,0.104
944000,0.030,0.846,0.124
944500,0.032,0.855,0.113
945000,0.030,0.821,0.149
945500,0.030,0.854,0.116
946000,0.030,0.879,0.091
946500,0.030,0.867,0.103
947000,0.030,0.859,0.111
947500,0.030,0.867,0.103
948000,0.030,0.866,0.104
948500,0.030,0.864,0.106
949000,0.030,0.865,0.105
949500,0.030,0.872,0.098
950000,0.030,0.849,0.121
950500,0.030,0.862,0.108
951000,0.030,0.854,0.116
951500,0.030,0.882,0.088
952000,0.030,0.887,0.083
952500,0.030,0.876,0.094
953000,0.030,0.897,0.073
953500,0.030,0.876,0.094
954000,0.030,0.886,0.084
954500,0.030,0.867,0.103
955000,0.030,0.855,0.115
955500,0.030,0.829,0.141
956000,0.030,0.827,0.143
956500,0.030,0.821,0.149
957000,0.030,0.833,0.137
957500,0.030,0.840,0.130
958000,0.030,0.786,0.184
958500,0.030,0.780,0.190
959000,0.030,0.811,0.159
959500,0.030,0.814,0.156
960000,0.030,0.788,0.182
960500,0.031,0.803,0.166
961000,0.030,0.835,0.135
961500,0.030,0.801,0.169
962000,0.030,0.825,0.145
962500,0.030,0.842,0.128
963000,0.030,0.794,0.176
963500,0.030,0.834,0.136
964000,0.030,0.824,0.146
964500,0.030,0.846,0.124
965000,0.030,0.851,0.119
965500,0.030,0.841,0.129
966000,0.030,0.827,0.143
966500,0.030,0.843,0.127
967000,0.030,0.867,0.103
967500,0.030,0.875,0.095
968000,0.030,0.851,0.119
968500,0.030,0.877,0.093
969000,0.030,0.868,0.102
969500,0.030,0.853,0.117
970000,0.030,0.846,0.124
970500,0.030,0.844,0.126
971000,0.030,0.829,0.141
971500,0.030,0.777,0.193
972000,0.030,0.826,0.144
972500,0.030,0.861,0.109
973000,0.030,0.867,0.103
973500,0.030,0.870,0.100
974000,0.030,0.888,0.082
974500,0.030,0.882,0.088
975000,0.030,0.870,0.100
975500,0.030,0.823,0.147
976000,0.030,0.878,0.092
976500,0.030,0.865,0.105
977000,0.030,0.889,0.081
977500,0.030,0.894,0.076
978000,0.030,0.861,0.109
978500,0.030,0.852,0.118
979000,0.030,0.861,0.109
979500,0.030,0.837,0.133
980000,0.030,0.814,0.156
980500,0.030,0.822,0.148
981000,0.030,0.825,0.145
981500,0.030,0.825,0.145
982000,0.030,0.813,0.157
982500,0.030,0.841,0.129
983000,0.030,0.870,0.100
983500,0.030,0.845,0.125
984000,0.030,0.836,0.134
984500,0.030,0.776,0.194
985000,0.030,0.788,0.182
985500,0.030,0.793,0.177
986000,0.030,0.791,0.179
986500,0.030,0.790,0.180
987000,0.030,0.756,0.214
987500,0.030,0.737,0.233
988000,0.030,0.845,0.125
988500,0.030,0.861,0.109
989000,0.030,0.848,0.122
989500,0.030,0.873,0.097
990000,0.030,0.847,0.123
990500,0.030,0.883,0.087
991000,0.030,0.866,0.104
991500,0.030,0.872,0.098
992000,0.030,0.871,0.099
992500,0.030,0.846,0.124
993000,0.030,0.803,0.167
993500,0.030,0.803,0.167
994000,0.030,0.873,0.097
994500,0.031,0.889,0.080
995000,0.030,0.821,0.149
995500,0.030,0.831,0.139
996000,0.030,0.848,0.122
996500,0.030,0.841,0.129
997000,0.030,0.882,0.088
997500,0.030,0.884,0.086
998000,0.030,0.861,0.109
998500,0.030,0.862,0.108
999000,0.030,0.821,0.149
999500,0.030,0.792,0.178
1000000,0.030,0.789,0.181
