time,n_A+p,n_B,n_AB
500,0.030,0.608,0.362
1000,0.030,0.491,0.479
1500,0.030,0.496,0.474
2000,0.030,0.405,0.565
2500,0.030,0.434,0.536
3000,0.030,0.464,0.506
3500,0.030,0.585,0.385
4000,0.030,0.357,0.613
4500,0.030,0.430,0.540
5000,0.030,0.440,0.530
5500,0.030,0.541,0.429
6000,0.030,0.519,0.451
6500,0.030,0.352,0.618
7000,0.030,0.446,0.524
7500,0.030,0.564,0.406
8000,0.030,0.543,0.427
8500,0.030,0.482,0.488
9000,0.030,0.484,0.486
9500,0.030,0.636,0.334
10000,0.030,0.573,0.397
10500,0.030,0.448,0.522
11000,0.030,0.496,0.474
11500,0.030,0.494,0.476
12000,0.030,0.603,0.367
12500,0.030,0.511,0.459
13000,0.030,0.425,0.545
13500,0.030,0.394,0.576
14000,0.030,0.468,0.502
14500,0.030,0.373,0.597
15000,0.030,0.447,0.523
15500,0.030,0.443,0.527
16000,0.030,0.493,0.477
16500,0.030,0.320,0.650
17000,0.030,0.323,0.647
17500,0.030,0.399,0.571
18000,0.030,0.342,0.628
18500,0.030,0.449,0.521
19000,0.030,0.391,0.579
19500,0.030,0.472,0.498
20000,0.033,0.356,0.611
20500,0.030,0.508,0.462
21000,0.030,0.473,0.497
21500,0.030,0.505,0.465
22000,0.030,0.558,0.412
22500,0.030,0.552,0.418
23000,0.030,0.494,0.476
23500,0.030,0.291,0.679
24000,0.032,0.394,0.574
24500,0.030,0.465,0.505
25000,0.030,0.450,0.520
25500,0.030,0.615,0.355
26000,0.030,0.534,0.436
26500,0.039,0.245,0.716
27000,0.030,0.416,0.554
27500,0.030,0.396,0.574
28000,0.030,0.508,0.462
28500,0.030,0.435,0.535
29000,0.030,0.415,0.555
29500,0.030,0.551,0.419
30000,0.030,0.454,0.516
30500,0.030,0.366,0.604
31000,0.030,0.270,0.700
31500,0.030,0.450,0.520
32000,0.030,0.319,0.651
32500,0.030,0.309,0.661
33000,0.030,0.531,0.439
33500,0.030,0.432,0.538
34000,0.030,0.477,0.493
34500,0.042,0.261,0.697
35000,0.030,0.352,0.618
35500,0.030,0.594,0.376
36000,0.030,0.487,0.483
36500,0.030,0.692,0.278
37000,0.030,0.421,0.549
37500,0.030,0.596,0.374
38000,0.030,0.522,0.448
38500,0.030,0.452,0.518
39000,0.030,0.462,0.508
39500,0.030,0.438,0.532
40000,0.030,0.440,0.530
40500,0.030,0.450,0.520
41000,0.030,0.481,0.489
41500,0.030,0.463,0.507
42000,0.030,0.517,0.453
42500,0.030,0.412,0.558
43000,0.030,0.423,0.547
43500,0.030,0.361,0.609
44000,0.030,0.289,0.681
44500,0.030,0.413,0.557
45000,0.030,0.362,0.608
45500,0.030,0.521,0.449
46000,0.030,0.528,0.442
46500,0.030,0.477,0.493
47000,0.030,0.515,0.455
47500,0.030,0.529,0.441
48000,0.030,0.436,0.534
48500,0.030,0.542,0.428
49000,0.030,0.277,0.693
49500,0.030,0.383,0.587
50000,0.030,0.463,0.507
50500,0.030,0.348,0.622
51000,0.030,0.401,0.569
51500,0.030,0.327,0.643
52000,0.030,0.435,0.535
52500,0.030,0.493,0.477
53000,0.030,0.455,0.515
53500,0.030,0.346,0.624
54000,0.030,0.426,0.544
54500,0.030,0.360,0.610
55000,0.030,0.484,0.486
55500,0.030,0.318,0.652
56000,0.030,0.468,0.502
56500,0.030,0.368,0.602
57000,0.030,0.359,0.611
57500,0.030,0.505,0.465
58000,0.030,0.426,0.544
58500,0.030,0.509,0.461
59000,0.030,0.330,0.640
59500,0.030,0.396,0.574
60000,0.030,0.512,0.458
60500,0.030,0.470,0.500
61000,0.030,0.496,0.474
61500,0.030,0.455,0.515
62000,0.030,0.436,0.534
62500,0.030,0.421,0.549
63000,0.030,0.548,0.422
63500,0.030,0.531,0.439
64000,0.030,0.500,0.470
64500,0.030,0.564,0.406
65000,0.030,0.365,0.605
65500,0.030,0.454,0.516
66000,0.030,0.478,0.492
66500,0.030,0.505,0.465
67000,0.030,0.481,0.489
67500,0.030,0.472,0.498
68000,0.030,0.373,0.597
68500,0.030,0.466,0.504
69000,0.030,0.553,0.417
69500,0.030,0.456,0.514
70000,0.030,0.400,0.570
70500,0.030,0.314,0.656
71000,0.030,0.466,0.504
71500,0.030,0.594,0.376
72000,0.030,0.371,0.599
72500,0.030,0.432,0.538
73000,0.030,0.427,0.543
73500,0.030,0.411,0.559
74000,0.030,0.412,0.558
74500,0.030,0.508,0.462
75000,0.030,0.401,0.569
75500,0.030,0.584,0.386
76000,0.030,0.517,0.453
76500,0.030,0.422,0.548
77000,0.030,0.431,0.539
77500,0.030,0.444,0.526
78000,0.030,0.542,0.428
78500,0.030,0.516,0.454
79000,0.030,0.520,0.450
79500,0.030,0.552,0.418
80000,0.030,0.549,0.421
80500,0.030,0.529,0.441
81000,0.030,0.454,0.516
81500,0.030,0.516,0.454
82000,0.030,0.371,0.599
82500,0.030,0.460,0.510
83000,0.030,0.412,0.558
83500,0.030,0.583,0.387
84000,0.030,0.569,0.401
84500,0.030,0.462,0.508
85000,0.030,0.411,0.559
85500,0.030,0.387,0.583
86000,0.030,0.357,0.613
86500,0.030,0.496,0.474
87000,0.030,0.529,0.441
87500,0.030,0.581,0.389
88000,0.030,0.432,0.538
88500,0.030,0.368,0.602
89000,0.030,0.443,0.527
89500,0.030,0.429,0.541
90000,0.030,0.358,0.612
90500,0.030,0.409,0.561
91000,0.030,0.526,0.444
91500,0.030,0.435,0.535
92000,0.030,0.483,0.487
92500,0.030,0.469,0.501
93000,0.030,0.392,0.578
93500,0.030,0.457,0.513
94000,0.030,0.449,0.521
94500,0.030,0.546,0.424
95000,0.030,0.354,0.616
95500,0.030,0.465,0.505
96000,0.030,0.401,0.569
96500,0.030,0.513,0.457
97000,0.030,0.520,0.450
97500,0.030,0.395,0.575
98000,0.030,0.464,0.506
98500,0.030,0.308,0.662
99000,0.030,0.450,0.520
99500,0.030,0.441,0.529
100000,0.030,0.299,0.671
100500,0.030,0.332,0.638
101000,0.030,0.366,0.604
101500,0.030,0.413,0.557
102000,0.030,0.315,0.655
102500,0.030,0.415,0.555
103000,0.030,0.299,0.671
103500,0.030,0.386,0.584
104000,0.030,0.408,0.562
104500,0.030,0.430,0.540
105000,0.030,0.487,0.483
105500,0.030,0.608,0.362
106000,0.030,0.574,0.396
106500,0.030,0.455,0.515
107000,0.030,0.305,0.665
107500,0.030,0.600,0.370
108000,0.030,0.438,0.532
108500,0.030,0.502,0.468
109000,0.030,0.504,0.466
109500,0.030,0.515,0.455
110000,0.030,0.489,0.481
110500,0.030,0.457,0.513
111000,0.030,0.595,0.375
111500,0.030,0.525,0.445
112000,0.030,0.390,0.580
112500,0.030,0.414,0.556
113000,0.030,0.479,0.491
113500,0.030,0.580,0.390
114000,0.030,0.388,0.582
114500,0.030,0.380,0.590
115000,0.030,0.504,0.466
115500,0.030,0.586,0.384
116000,0.030,0.469,0.501
116500,0.030,0.468,0.502
117000,0.030,0.352,0.618
117500,0.030,0.597,0.373
118000,0.030,0.421,0.549
118500,0.030,0.455,0.515
119000,0.030,0.303,0.667
119500,0.030,0.387,0.583
120000,0.030,0.448,0.522
120500,0.030,0.482,0.488
121000,0.030,0.596,0.374
121500,0.030,0.540,0.430
122000,0.030,0.420,0.550
122500,0.030,0.393,0.577
123000,0.030,0.377,0.593
123500,0.030,0.485,0.485
124000,0.030,0.459,0.511
124500,0.030,0.479,0.491
125000,0.030,0.559,0.411
125500,0.030,0.335,0.635
126000,0.030,0.506,0.464
126500,0.030,0.463,0.507
127000,0.030,0.540,0.430
127500,0.030,0.543,0.427
128000,0.030,0.454,0.516
128500,0.030,0.378,0.592
129000,0.030,0.520,0.450
129500,0.030,0.362,0.608
130000,0.030,0.350,0.620
130500,0.030,0.428,0.542
131000,0.030,0.499,0.471
131500,0.030,0.472,0.498
132000,0.030,0.429,0.541
132500,0.030,0.514,0.456
133000,0.030,0.437,0.533
133500,0.030,0.371,0.599
134000,0.030,0.409,0.561
134500,0.030,0.446,0.524
135000,0.030,0.516,0.454
135500,0.030,0.305,0.665
136000,0.030,0.415,0.555
136500,0.030,0.308,0.662
137000,0.030,0.389,0.581
137500,0.030,0.539,0.431
138000,0.030,0.346,0.624
138500,0.030,0.505,0.465
139000,0.030,0.364,0.606
139500,0.030,0.434,0.536
140000,0.030,0.429,0.541
140500,0.030,0.441,0.529
141000,0.030,0.470,0.500
141500,0.030,0.327,0.643
142000,0.030,0.433,0.537
142500,0.030,0.459,0.511
143000,0.030,0.453,0.517
143500,0.030,0.457,0.513
144000,0.030,0.522,0.448
144500,0.030,0.505,0.465
145000,0.030,0.505,0.465
145500,0.030,0.350,0.620
146000,0.030,0.455,0.515
146500,0.030,0.502,0.468
147000,0.030,0.478,0.492
147500,0.030,0.327,0.643
148000,0.030,0.375,0.595
148500,0.030,0.387,0.583
149000,0.030,0.448,0.522
149500,0.030,0.451,0.519
150000,0.030,0.447,0.523
150500,0.030,0.429,0.541
151000,0.030,0.266,0.704
151500,0.030,0.355,0.615
152000,0.030,0.300,0.670
152500,0.030,0.464,0.506
153000,0.030,0.555,0.415
153500,0.030,0.514,0.456
154000,0.030,0.346,0.624
154500,0.030,0.337,0.633
155000,0.030,0.377,0.593
155500,0.030,0.457,0.513
156000,0.030,0.457,0.513
156500,0.030,0.532,0.438
157000,0.030,0.413,0.557
157500,0.030,0.526,0.444
158000,0.030,0.545,0.425
158500,0.030,0.317,0.653
159000,0.030,0.433,0.537
159500,0.030,0.408,0.562
160000,0.030,0.442,0.528
160500,0.030,0.518,0.452
161000,0.030,0.447,0.523
161500,0.030,0.501,0.469
162000,0.030,0.429,0.541
162500,0.030,0.307,0.663
163000,0.030,0.401,0.569
163500,0.030,0.439,0.531
164000,0.030,0.470,0.500
164500,0.030,0.434,0.536
165000,0.030,0.384,0.586
165500,0.030,0.466,0.504
166000,0.030,0.543,0.427
166500,0.030,0.396,0.574
167000,0.030,0.450,0.520
167500,0.030,0.372,0.598
168000,0.030,0.361,0.609
168500,0.030,0.384,0.586
169000,0.030,0.421,0.549
169500,0.030,0.480,0.490
170000,0.030,0.385,0.585
170500,0.030,0.390,0.580
171000,0.030,0.411,0.559
171500,0.030,0.470,0.500
172000,0.030,0.446,0.524
172500,0.030,0.478,0.492
173000,0.030,0.531,0.439
173500,0.030,0.425,0.545
174000,0.030,0.461,0.509
174500,0.030,0.416,0.554
175000,0.030,0.442,0.528
175500,0.030,0.386,0.584
176000,0.030,0.457,0.513
176500,0.030,0.488,0.482
177000,0.030,0.471,0.499
177500,0.030,0.453,0.517
178000,0.030,0.497,0.473
178500,0.030,0.484,0.486
179000,0.030,0.492,0.478
179500,0.030,0.598,0.372
180000,0.030,0.561,0.409
180500,0.030,0.494,0.476
181000,0.030,0.469,0.501
181500,0.030,0.391,0.579
182000,0.030,0.537,0.433
182500,0.030,0.578,0.392
183000,0.030,0.526,0.444
183500,0.030,0.382,0.588
184000,0.030,0.365,0.605
184500,0.030,0.359,0.611
185000,0.030,0.393,0.577
185500,0.030,0.585,0.385
186000,0.030,0.369,0.601
186500,0.030,0.473,0.497
187000,0.030,0.436,0.534
187500,0.030,0.463,0.507
188000,0.030,0.371,0.599
188500,0.030,0.493,0.477
189000,0.030,0.503,0.467
189500,0.030,0.402,0.568
190000,0.030,0.472,0.498
190500,0.030,0.413,0.557
191000,0.030,0.422,0.548
191500,0.030,0.385,0.585
192000,0.030,0.457,0.513
192500,0.030,0.415,0.555
193000,0.030,0.566,0.404
193500,0.030,0.434,0.536
194000,0.030,0.426,0.544
194500,0.030,0.393,0.577
195000,0.030,0.579,0.391
195500,0.030,0.447,0.523
196000,0.030,0.343,0.627
196500,0.030,0.408,0.562
197000,0.030,0.421,0.549
197500,0.030,0.408,0.562
198000,0.030,0.326,0.644
198500,0.030,0.292,0.678
199000,0.030,0.482,0.488
199500,0.030,0.577,0.393
200000,0.030,0.388,0.582
200500,0.030,0.516,0.454
201000,0.030,0.433,0.537
201500,0.030,0.531,0.439
202000,0.030,0.470,0.500
202500,0.030,0.421,0.549
203000,0.030,0.583,0.387
203500,0.030,0.424,0.546
204000,0.030,0.447,0.523
204500,0.030,0.313,0.657
205000,0.030,0.323,0.647
205500,0.030,0.429,0.541
206000,0.030,0.494,0.476
206500,0.030,0.427,0.543
207000,0.030,0.446,0.524
207500,0.030,0.445,0.525
208000,0.030,0.519,0.451
208500,0.030,0.470,0.500
209000,0.030,0.276,0.694
209500,0.030,0.353,0.617
210000,0.030,0.455,0.515
210500,0.030,0.525,0.445
211000,0.030,0.438,0.532
211500,0.030,0.560,0.410
212000,0.030,0.632,0.338
212500,0.030,0.422,0.548
213000,0.030,0.469,0.501
213500,0.030,0.508,0.462
214000,0.030,0.468,0.502
214500,0.030,0.476,0.494
215000,0.030,0.492,0.478
215500,0.030,0.481,0.489
216000,0.030,0.391,0.579
216500,0.030,0.355,0.615
217000,0.030,0.510,0.460
217500,0.030,0.497,0.473
218000,0.030,0.434,0.536
218500,0.030,0.607,0.363
219000,0.030,0.580,0.390
219500,0.030,0.436,0.534
220000,0.030,0.495,0.475
220500,0.030,0.569,0.401
221000,0.032,0.412,0.556
221500,0.030,0.479,0.491
222000,0.030,0.467,0.503
222500,0.030,0.419,0.551
223000,0.030,0.422,0.548
223500,0.030,0.423,0.547
224000,0.030,0.451,0.519
224500,0.030,0.362,0.608
225000,0.030,0.505,0.465
225500,0.030,0.445,0.525
226000,0.030,0.513,0.457
226500,0.030,0.462,0.508
227000,0.030,0.522,0.448
227500,0.030,0.349,0.621
228000,0.030,0.537,0.433
228500,0.030,0.345,0.625
229000,0.030,0.435,0.535
229500,0.030,0.527,0.443
230000,0.030,0.686,0.284
230500,0.030,0.415,0.555
231000,0.030,0.396,0.574
231500,0.030,0.426,0.544
232000,0.030,0.381,0.589
232500,0.030,0.447,0.523
233000,0.030,0.439,0.531
233500,0.030,0.372,0.598
234000,0.030,0.390,0.580
234500,0.030,0.537,0.433
235000,0.030,0.418,0.552
235500,0.030,0.511,0.459
236000,0.030,0.437,0.533
236500,0.030,0.591,0.379
237000,0.030,0.536,0.434
237500,0.030,0.436,0.534
238000,0.030,0.341,0.629
238500,0.030,0.459,0.511
239000,0.030,0.552,0.418
239500,0.030,0.422,0.548
240000,0.030,0.431,0.539
240500,0.030,0.465,0.505
241000,0.030,0.429,0.541
241500,0.030,0.386,0.584
242000,0.030,0.499,0.471
242500,0.037,0.363,0.600
243000,0.030,0.394,0.576
243500,0.030,0.413,0.557
244000,0.030,0.418,0.552
244500,0.030,0.354,0.616
245000,0.030,0.425,0.545
245500,0.030,0.505,0.465
246000,0.030,0.299,0.671
246500,0.030,0.445,0.525
247000,0.030,0.504,0.466
247500,0.030,0.527,0.443
248000,0.030,0.624,0.346
248500,0.030,0.441,0.529
249000,0.030,0.275,0.695
249500,0.030,0.537,0.433
250000,0.030,0.564,0.406
250500,0.030,0.539,0.431
251000,0.030,0.413,0.557
251500,0.030,0.543,0.427
252000,0.030,0.499,0.471
252500,0.030,0.568,0.402
253000,0.030,0.590,0.380
253500,0.030,0.525,0.445
254000,0.030,0.464,0.506
254500,0.030,0.473,0.497
255000,0.030,0.435,0.535
255500,0.030,0.411,0.559
256000,0.030,0.359,0.611
256500,0.030,0.393,0.577
257000,0.030,0.333,0.637
257500,0.030,0.490,0.480
258000,0.030,0.489,0.481
258500,0.030,0.458,0.512
259000,0.030,0.380,0.590
259500,0.030,0.553,0.417
260000,0.030,0.376,0.594
260500,0.030,0.329,0.641
261000,0.030,0.347,0.623
261500,0.030,0.475,0.495
262000,0.030,0.516,0.454
262500,0.030,0.424,0.546
263000,0.030,0.554,0.416
263500,0.030,0.440,0.530
264000,0.030,0.310,0.660
264500,0.030,0.498,0.472
265000,0.030,0.502,0.468
265500,0.030,0.430,0.540
266000,0.030,0.507,0.463
266500,0.030,0.291,0.679
267000,0.030,0.463,0.507
267500,0.030,0.529,0.441
268000,0.030,0.316,0.654
268500,0.030,0.371,0.599
269000,0.030,0.444,0.526
269500,0.030,0.305,0.665
270000,0.030,0.304,0.666
270500,0.030,0.421,0.549
271000,0.030,0.542,0.428
271500,0.030,0.397,0.573
272000,0.030,0.397,0.573
272500,0.030,0.398,0.572
273000,0.030,0.515,0.455
273500,0.030,0.458,0.512
274000,0.032,0.402,0.566
274500,0.030,0.456,0.514
275000,0.030,0.389,0.581
275500,0.030,0.444,0.526
276000,0.030,0.471,0.499
276500,0.030,0.439,0.531
277000,0.030,0.447,0.523
277500,0.030,0.511,0.459
278000,0.030,0.511,0.459
278500,0.030,0.594,0.376
279000,0.030,0.517,0.453
279500,0.030,0.504,0.466
280000,0.030,0.470,0.500
280500,0.030,0.479,0.491
281000,0.030,0.485,0.485
281500,0.030,0.506,0.464
282000,0.030,0.447,0.523
282500,0.030,0.317,0.653
283000,0.030,0.344,0.626
283500,0.030,0.452,0.518
284000,0.030,0.467,0.503
284500,0.030,0.529,0.441
285000,0.030,0.514,0.456
285500,0.030,0.505,0.465
286000,0.030,0.436,0.534
286500,0.030,0.306,0.664
287000,0.030,0.414,0.556
287500,0.030,0.456,0.514
288000,0.030,0.346,0.624
288500,0.030,0.455,0.515
289000,0.030,0.571,0.399
289500,0.030,0.396,0.574
290000,0.030,0.471,0.499
290500,0.030,0.449,0.521
291000,0.030,0.432,0.538
291500,0.030,0.445,0.525
292000,0.030,0.413,0.557
292500,0.030,0.484,0.486
293000,0.030,0.566,0.404
293500,0.030,0.474,0.496
294000,0.030,0.394,0.576
294500,0.030,0.428,0.542
295000,0.030,0.454,0.516
295500,0.030,0.420,0.550
296000,0.030,0.426,0.544
296500,0.030,0.458,0.512
297000,0.030,0.349,0.621
297500,0.030,0.405,0.565
298000,0.030,0.375,0.595
298500,0.030,0.271,0.699
299000,0.030,0.366,0.604
299500,0.030,0.468,0.502
300000,0.030,0.461,0.509
300500,0.030,0.416,0.554
301000,0.030,0.521,0.449
301500,0.030,0.506,0.464
302000,0.030,0.441,0.529
302500,0.030,0.584,0.386
303000,0.030,0.665,0.305
303500,0.030,0.600,0.370
304000,0.030,0.464,0.506
304500,0.030,0.594,0.376
305000,0.030,0.606,0.364
305500,0.030,0.486,0.484
306000,0.030,0.474,0.496
306500,0.030,0.397,0.573
307000,0.030,0.524,0.446
307500,0.030,0.411,0.559
308000,0.030,0.388,0.582
308500,0.030,0.345,0.625
309000,0.030,0.498,0.472
309500,0.030,0.550,0.420
310000,0.030,0.420,0.550
310500,0.030,0.425,0.545
311000,0.030,0.412,0.558
311500,0.030,0.441,0.529
312000,0.030,0.456,0.514
312500,0.030,0.493,0.477
313000,0.030,0.311,0.659
313500,0.030,0.504,0.466
314000,0.030,0.455,0.515
314500,0.030,0.305,0.665
315000,0.030,0.378,0.592
315500,0.030,0.299,0.671
316000,0.030,0.414,0.556
316500,0.030,0.426,0.544
317000,0.030,0.485,0.485
317500,0.030,0.354,0.616
318000,0.030,0.371,0.599
318500,0.030,0.351,0.619
319000,0.030,0.501,0.469
319500,0.030,0.564,0.406
320000,0.030,0.530,0.440
320500,0.030,0.447,0.523
321000,0.030,0.475,0.495
321500,0.030,0.382,0.588
322000,0.030,0.436,0.534
322500,0.030,0.384,0.586
323000,0.030,0.368,0.602
323500,0.030,0.484,0.486
324000,0.030,0.347,0.623
324500,0.030,0.327,0.643
325000,0.030,0.507,0.463
325500,0.030,0.441,0.529
326000,0.030,0.340,0.630
326500,0.030,0.463,0.507
327000,0.030,0.308,0.662
327500,0.030,0.389,0.581
328000,0.030,0.293,0.677
328500,0.030,0.491,0.479
329000,0.030,0.479,0.491
329500,0.030,0.410,0.560
330000,0.030,0.511,0.459
330500,0.030,0.425,0.545
331000,0.030,0.393,0.577
331500,0.030,0.393,0.577
332000,0.030,0.402,0.568
332500,0.030,0.469,0.501
333000,0.030,0.490,0.480
333500,0.030,0.413,0.557
334000,0.030,0.445,0.525
334500,0.030,0.488,0.482
335000,0.030,0.500,0.470
335500,0.030,0.484,0.486
336000,0.030,0.381,0.589
336500,0.030,0.452,0.518
337000,0.030,0.297,0.673
337500,0.030,0.362,0.608
338000,0.030,0.424,0.546
338500,0.030,0.505,0.465
339000,0.030,0.478,0.492
339500,0.030,0.557,0.413
340000,0.030,0.571,0.399
340500,0.030,0.432,0.538
341000,0.030,0.358,0.612
341500,0.030,0.526,0.444
342000,0.030,0.578,0.392
342500,0.030,0.453,0.517
343000,0.030,0.384,0.586
343500,0.030,0.397,0.573
344000,0.030,0.477,0.493
344500,0.030,0.384,0.586
345000,0.030,0.401,0.569
345500,0.044,0.340,0.616
346000,0.030,0.423,0.547
346500,0.030,0.387,0.583
347000,0.030,0.444,0.526
347500,0.030,0.459,0.511
348000,0.030,0.318,0.652
348500,0.030,0.488,0.482
349000,0.030,0.391,0.579
349500,0.030,0.530,0.440
350000,0.030,0.385,0.585
350500,0.030,0.492,0.478
351000,0.030,0.411,0.559
351500,0.030,0.466,0.504
352000,0.030,0.559,0.411
352500,0.030,0.406,0.564
353000,0.030,0.475,0.495
353500,0.030,0.441,0.529
354000,0.030,0.398,0.572
354500,0.030,0.337,0.633
355000,0.030,0.481,0.489
355500,0.030,0.427,0.543
356000,0.030,0.455,0.515
356500,0.030,0.570,0.400
357000,0.030,0.504,0.466
357500,0.030,0.452,0.518
358000,0.030,0.303,0.667
358500,0.030,0.556,0.414
359000,0.030,0.487,0.483
359500,0.030,0.423,0.547
360000,0.030,0.536,0.434
360500,0.030,0.389,0.581
361000,0.030,0.352,0.618
361500,0.030,0.363,0.607
362000,0.030,0.492,0.478
362500,0.030,0.414,0.556
363000,0.030,0.579,0.391
363500,0.030,0.391,0.579
364000,0.030,0.455,0.515
364500,0.030,0.437,0.533
365000,0.030,0.377,0.593
365500,0.030,0.412,0.558
366000,0.030,0.589,0.381
366500,0.030,0.505,0.465
367000,0.030,0.374,0.596
367500,0.030,0.421,0.549
368000,0.030,0.405,0.565
368500,0.030,0.449,0.521
369000,0.030,0.453,0.517
369500,0.030,0.393,0.577
370000,0.030,0.439,0.531
370500,0.030,0.271,0.699
371000,0.030,0.384,0.586
371500,0.030,0.476,0.494
372000,0.030,0.506,0.464
372500,0.030,0.527,0.443
373000,0.030,0.405,0.565
373500,0.030,0.538,0.432
374000,0.030,0.534,0.436
374500,0.030,0.509,0.461
375000,0.030,0.532,0.438
375500,0.030,0.512,0.458
376000,0.030,0.591,0.379
376500,0.030,0.530,0.440
377000,0.030,0.465,0.505
377500,0.030,0.514,0.456
378000,0.030,0.462,0.508
378500,0.030,0.383,0.587
379000,0.030,0.419,0.551
379500,0.030,0.361,0.609
380000,0.030,0.461,0.509
380500,0.030,0.371,0.599
381000,0.030,0.449,0.521
381500,0.030,0.434,0.536
382000,0.030,0.423,0.547
382500,0.030,0.321,0.649
383000,0.030,0.630,0.340
383500,0.030,0.503,0.467
384000,0.030,0.611,0.359
384500,0.030,0.501,0.469
385000,0.030,0.379,0.591
385500,0.030,0.546,0.424
386000,0.030,0.353,0.617
386500,0.030,0.369,0.601
387000,0.030,0.390,0.580
387500,0.030,0.417,0.553
388000,0.030,0.568,0.402
388500,0.030,0.432,0.538
389000,0.030,0.454,0.516
389500,0.030,0.588,0.382
390000,0.030,0.410,0.560
390500,0.030,0.469,0.501
391000,0.030,0.464,0.506
391500,0.030,0.415,0.555
392000,0.030,0.535,0.435
392500,0.030,0.386,0.584
393000,0.030,0.518,0.452
393500,0.030,0.406,0.564
394000,0.030,0.558,0.412
394500,0.030,0.484,0.486
395000,0.030,0.339,0.631
395500,0.030,0.377,0.593
396000,0.030,0.513,0.457
396500,0.030,0.414,0.556
397000,0.030,0.451,0.519
397500,0.030,0.415,0.555
398000,0.035,0.299,0.666
398500,0.030,0.340,0.630
399000,0.030,0.547,0.423
399500,0.030,0.498,0.472
400000,0.030,0.519,0.451
400500,0.030,0.475,0.495
401000,0.030,0.425,0.545
401500,0.030,0.385,0.585
402000,0.030,0.405,0.565
402500,0.030,0.460,0.510
403000,0.030,0.396,0.574
403500,0.030,0.586,0.384
404000,0.030,0.350,0.620
404500,0.030,0.412,0.558
405000,0.030,0.439,0.531
405500,0.030,0.515,0.455
406000,0.030,0.614,0.356
406500,0.030,0.332,0.638
407000,0.030,0.317,0.653
407500,0.030,0.457,0.513
408000,0.030,0.576,0.394
408500,0.030,0.391,0.579
409000,0.030,0.479,0.491
409500,0.030,0.345,0.625
410000,0.030,0.479,0.491
410500,0.030,0.572,0.398
411000,0.030,0.371,0.599
411500,0.030,0.395,0.575
412000,0.030,0.290,0.680
412500,0.030,0.390,0.580
413000,0.030,0.344,0.626
413500,0.030,0.512,0.458
414000,0.030,0.431,0.539
414500,0.030,0.426,0.544
415000,0.030,0.413,0.557
415500,0.030,0.342,0.628
416000,0.030,0.456,0.514
416500,0.030,0.512,0.458
417000,0.030,0.410,0.560
417500,0.030,0.415,0.555
418000,0.030,0.411,0.559
418500,0.030,0.437,0.533
419000,0.030,0.393,0.577
419500,0.030,0.377,0.593
420000,0.030,0.364,0.606
420500,0.030,0.313,0.657
421000,0.030,0.364,0.606
421500,0.030,0.413,0.557
422000,0.030,0.426,0.544
422500,0.030,0.408,0.562
423000,0.030,0.555,0.415
423500,0.030,0.423,0.547
424000,0.045,0.334,0.621
424500,0.030,0.427,0.543
425000,0.030,0.392,0.578
425500,0.030,0.595,0.375
426000,0.030,0.559,0.411
426500,0.030,0.520,0.450
427000,0.030,0.520,0.450
427500,0.030,0.538,0.432
428000,0.030,0.443,0.527
428500,0.030,0.388,0.582
429000,0.030,0.527,0.443
429500,0.030,0.410,0.560
430000,0.030,0.436,0.534
430500,0.030,0.384,0.586
431000,0.030,0.387,0.583
431500,0.030,0.335,0.635
432000,0.030,0.420,0.550
432500,0.030,0.484,0.486
433000,0.030,0.481,0.489
433500,0.030,0.643,0.327
434000,0.030,0.536,0.434
434500,0.030,0.376,0.594
435000,0.030,0.408,0.562
435500,0.030,0.515,0.455
436000,0.030,0.350,0.620
436500,0.030,0.333,0.637
437000,0.030,0.299,0.671
437500,0.030,0.339,0.631
438000,0.030,0.448,0.522
438500,0.030,0.522,0.448
439000,0.030,0.490,0.480
439500,0.030,0.370,0.600
440000,0.030,0.473,0.497
440500,0.030,0.505,0.465
441000,0.030,0.549,0.421
441500,0.030,0.483,0.487
442000,0.030,0.393,0.577
442500,0.030,0.591,0.379
443000,0.030,0.511,0.459
443500,0.030,0.517,0.453
444000,0.030,0.447,0.523
444500,0.030,0.577,0.393
445000,0.030,0.352,0.618
445500,0.030,0.342,0.628
446000,0.030,0.354,0.616
446500,0.030,0.374,0.596
447000,0.030,0.403,0.567
447500,0.030,0.519,0.451
448000,0.030,0.446,0.524
448500,0.030,0.456,0.514
449000,0.030,0.502,0.468
449500,0.030,0.453,0.517
450000,0.030,0.390,0.580
450500,0.030,0.572,0.398
451000,0.030,0.463,0.507
451500,0.030,0.406,0.564
452000,0.030,0.367,0.603
452500,0.030,0.460,0.510
453000,0.030,0.575,0.395
453500,0.030,0.447,0.523
454000,0.030,0.464,0.506
454500,0.030,0.447,0.523
455000,0.030,0.496,0.474
455500,0.030,0.383,0.587
456000,0.030,0.400,0.570
456500,0.030,0.427,0.543
457000,0.030,0.454,0.516
457500,0.030,0.488,0.482
458000,0.030,0.505,0.465
458500,0.030,0.422,0.548
459000,0.030,0.513,0.457
459500,0.030,0.481,0.489
460000,0.030,0.377,0.593
460500,0.030,0.286,0.684
461000,0.030,0.313,0.657
461500,0.030,0.365,0.605
462000,0.030,0.402,0.568
462500,0.030,0.462,0.508
463000,0.030,0.426,0.544
463500,0.030,0.347,0.623
464000,0.030,0.337,0.633
464500,0.030,0.414,0.556
465000,0.030,0.402,0.568
465500,0.030,0.507,0.463
466000,0.030,0.489,0.481
466500,0.030,0.503,0.467
467000,0.030,0.434,0.536
467500,0.030,0.428,0.542
468000,0.030,0.431,0.539
468500,0.030,0.448,0.522
469000,0.030,0.451,0.519
469500,0.030,0.371,0.599
470000,0.030,0.415,0.555
470500,0.030,0.394,0.576
471000,0.030,0.446,0.524
471500,0.030,0.363,0.607
472000,0.030,0.607,0.363
472500,0.030,0.578,0.392
473000,0.030,0.318,0.652
473500,0.030,0.393,0.577
474000,0.030,0.495,0.475
474500,0.030,0.512,0.458
475000,0.030,0.342,0.628
475500,0.030,0.513,0.457
476000,0.030,0.440,0.530
476500,0.030,0.475,0.495
477000,0.030,0.391,0.579
477500,0.030,0.345,0.625
478000,0.030,0.361,0.609
478500,0.030,0.377,0.593
479000,0.030,0.520,0.450
479500,0.030,0.553,0.417
480000,0.030,0.502,0.468
480500,0.032,0.319,0.649
481000,0.030,0.511,0.459
481500,0.030,0.349,0.621
482000,0.030,0.336,0.634
482500,0.030,0.486,0.484
483000,0.030,0.468,0.502
483500,0.030,0.449,0.521
484000,0.030,0.514,0.456
484500,0.030,0.411,0.559
485000,0.030,0.464,0.506
485500,0.030,0.527,0.443
486000,0.030,0.476,0.494
486500,0.030,0.515,0.455
487000,0.030,0.490,0.480
487500,0.030,0.476,0.494
488000,0.030,0.461,0.509
488500,0.030,0.547,0.423
489000,0.030,0.482,0.488
489500,0.030,0.475,0.495
490000,0.030,0.533,0.437
490500,0.030,0.382,0.588
491000,0.030,0.490,0.480
491500,0.030,0.470,0.500
492000,0.030,0.426,0.544
492500,0.030,0.474,0.496
493000,0.030,0.600,0.370
493500,0.030,0.498,0.472
494000,0.030,0.402,0.568
494500,0.030,0.484,0.486
495000,0.030,0.562,0.408
495500,0.030,0.396,0.574
496000,0.030,0.358,0.612
496500,0.030,0.362,0.608
497000,0.030,0.426,0.544
497500,0.030,0.407,0.563
498000,0.030,0.434,0.536
498500,0.030,0.452,0.518
499000,0.030,0.486,0.484
499500,0.030,0.438,0.532
500000,0.030,0.412,0.558
500500,0.030,0.406,0.564
501000,0.030,0.536,0.434
501500,0.030,0.544,0.426
502000,0.030,0.534,0.436
502500,0.030,0.497,0.473
503000,0.030,0.611,0.359
503500,0.030,0.435,0.535
504000,0.030,0.494,0.476
504500,0.030,0.425,0.545
505000,0.030,0.458,0.512
505500,0.030,0.473,0.497
506000,0.030,0.409,0.561
506500,0.030,0.517,0.453
507000,0.030,0.422,0.548
507500,0.030,0.524,0.446
508000,0.030,0.477,0.493
508500,0.030,0.374,0.596
509000,0.031,0.350,0.619
509500,0.030,0.461,0.509
510000,0.030,0.348,0.622
510500,0.030,0.445,0.525
511000,0.030,0.414,0.556
511500,0.030,0.369,0.601
512000,0.030,0.568,0.402
512500,0.030,0.513,0.457
513000,0.030,0.510,0.460
513500,0.030,0.478,0.492
514000,0.030,0.525,0.445
514500,0.030,0.473,0.497
515000,0.030,0.444,0.526
515500,0.030,0.479,0.491
516000,0.030,0.384,0.586
516500,0.030,0.350,0.620
517000,0.030,0.351,0.619
517500,0.030,0.344,0.626
518000,0.030,0.440,0.530
518500,0.030,0.415,0.555
519000,0.030,0.388,0.582
519500,0.030,0.478,0.492
520000,0.030,0.460,0.510
520500,0.030,0.401,0.569
521000,0.030,0.424,0.546
521500,0.030,0.475,0.495
522000,0.030,0.507,0.463
522500,0.030,0.559,0.411
523000,0.030,0.362,0.608
523500,0.030,0.367,0.603
524000,0.030,0.434,0.536
524500,0.030,0.307,0.663
525000,0.030,0.417,0.553
525500,0.030,0.380,0.590
526000,0.030,0.387,0.583
526500,0.030,0.411,0.559
527000,0.030,0.476,0.494
527500,0.030,0.501,0.469
528000,0.030,0.413,0.557
528500,0.030,0.406,0.564
529000,0.030,0.405,0.565
529500,0.030,0.432,0.538
530000,0.030,0.503,0.467
530500,0.030,0.492,0.478
531000,0.030,0.407,0.563
531500,0.030,0.505,0.465
532000,0.030,0.359,0.611
532500,0.030,0.455,0.515
533000,0.030,0.432,0.538
533500,0.030,0.412,0.558
534000,0.030,0.461,0.509
534500,0.030,0.492,0.478
535000,0.030,0.380,0.590
535500,0.030,0.527,0.443
536000,0.030,0.452,0.518
536500,0.030,0.413,0.557
537000,0.030,0.536,0.434
537500,0.030,0.515,0.455
538000,0.030,0.534,0.436
538500,0.030,0.422,0.548
539000,0.030,0.446,0.524
539500,0.030,0.386,0.584
540000,0.030,0.411,0.559
540500,0.030,0.492,0.478
541000,0.030,0.276,0.694
541500,0.030,0.332,0.638
542000,0.030,0.490,0.480
542500,0.030,0.391,0.579
543000,0.030,0.497,0.473
543500,0.030,0.515,0.455
544000,0.030,0.403,0.567
544500,0.030,0.417,0.553
545000,0.030,0.431,0.539
545500,0.030,0.475,0.495
546000,0.030,0.463,0.507
546500,0.030,0.461,0.509
547000,0.030,0.431,0.539
547500,0.030,0.398,0.572
548000,0.031,0.381,0.588
548500,0.030,0.337,0.633
549000,0.030,0.278,0.692
549500,0.030,0.455,0.515
550000,0.030,0.445,0.525
550500,0.030,0.385,0.585
551000,0.030,0.565,0.405
551500,0.030,0.511,0.459
552000,0.030,0.496,0.474
552500,0.030,0.435,0.535
553000,0.035,0.289,0.676
553500,0.030,0.478,0.492
554000,0.030,0.399,0.571
554500,0.030,0.555,0.415
555000,0.030,0.565,0.405
555500,0.030,0.523,0.447
556000,0.030,0.426,0.544
556500,0.030,0.566,0.404
557000,0.030,0.457,0.513
557500,0.030,0.465,0.505
558000,0.030,0.444,0.526
558500,0.030,0.279,0.691
559000,0.030,0.448,0.522
559500,0.030,0.565,0.405
560000,0.030,0.422,0.548
560500,0.030,0.477,0.493
561000,0.030,0.409,0.561
561500,0.030,0.417,0.553
562000,0.030,0.360,0.610
562500,0.030,0.399,0.571
563000,0.030,0.352,0.618
563500,0.030,0.384,0.586
564000,0.030,0.499,0.471
564500,0.030,0.472,0.498
565000,0.030,0.393,0.577
565500,0.030,0.573,0.397
566000,0.030,0.402,0.568
566500,0.030,0.425,0.545
567000,0.030,0.401,0.569
567500,0.030,0.365,0.605
568000,0.030,0.460,0.510
568500,0.030,0.591,0.379
569000,0.030,0.503,0.467
569500,0.030,0.421,0.549
570000,0.030,0.488,0.482
570500,0.030,0.432,0.538
571000,0.030,0.499,0.471
571500,0.030,0.395,0.575
572000,0.030,0.381,0.589
572500,0.030,0.419,0.551
573000,0.030,0.404,0.566
573500,0.030,0.440,0.530
574000,0.030,0.491,0.479
574500,0.030,0.516,0.454
575000,0.030,0.492,0.478
575500,0.030,0.445,0.525
576000,0.030,0.496,0.474
576500,0.030,0.605,0.365
577000,0.030,0.461,0.509
577500,0.030,0.453,0.517
578000,0.041,0.245,0.714
578500,0.030,0.470,0.500
579000,0.030,0.491,0.479
579500,0.030,0.572,0.398
580000,0.030,0.460,0.510
580500,0.030,0.419,0.551
581000,0.030,0.463,0.507
581500,0.030,0.409,0.561
582000,0.030,0.360,0.610
582500,0.030,0.375,0.595
583000,0.030,0.470,0.500
583500,0.030,0.563,0.407
584000,0.030,0.539,0.431
584500,0.030,0.468,0.502
585000,0.030,0.368,0.602
585500,0.030,0.525,0.445
586000,0.030,0.395,0.575
586500,0.030,0.549,0.421
587000,0.030,0.503,0.467
587500,0.030,0.602,0.368
588000,0.030,0.526,0.444
588500,0.030,0.428,0.542
589000,0.030,0.421,0.549
589500,0.030,0.536,0.434
590000,0.030,0.544,0.426
590500,0.030,0.391,0.579
591000,0.030,0.519,0.451
591500,0.030,0.454,0.516
592000,0.030,0.487,0.483
592500,0.030,0.368,0.602
593000,0.030,0.430,0.540
593500,0.030,0.509,0.461
594000,0.030,0.353,0.617
594500,0.030,0.369,0.601
595000,0.030,0.441,0.529
595500,0.030,0.388,0.582
596000,0.030,0.401,0.569
596500,0.030,0.453,0.517
597000,0.030,0.436,0.534
597500,0.030,0.449,0.521
598000,0.030,0.339,0.631
598500,0.030,0.401,0.569
599000,0.030,0.467,0.503
599500,0.030,0.471,0.499
600000,0.030,0.301,0.669
600500,0.030,0.485,0.485
601000,0.030,0.436,0.534
601500,0.030,0.352,0.618
602000,0.030,0.448,0.522
602500,0.030,0.393,0.577
603000,0.030,0.425,0.545
603500,0.030,0.475,0.495
604000,0.030,0.453,0.517
604500,0.030,0.488,0.482
605000,0.030,0.474,0.496
605500,0.030,0.446,0.524
606000,0.030,0.424,0.546
606500,0.030,0.400,0.570
607000,0.030,0.388,0.582
607500,0.030,0.398,0.572
608000,0.030,0.310,0.660
608500,0.030,0.373,0.597
609000,0.030,0.323,0.647
609500,0.030,0.516,0.454
610000,0.030,0.393,0.577
610500,0.030,0.338,0.632
611000,0.030,0.371,0.599
611500,0.030,0.444,0.526
612000,0.030,0.404,0.566
612500,0.030,0.600,0.370
613000,0.030,0.362,0.608
613500,0.030,0.413,0.557
614000,0.030,0.433,0.537
614500,0.030,0.417,0.553
615000,0.030,0.518,0.452
615500,0.033,0.259,0.708
616000,0.030,0.413,0.557
616500,0.030,0.426,0.544
617000,0.030,0.420,0.550
617500,0.030,0.457,0.513
618000,0.030,0.381,0.589
618500,0.030,0.468,0.502
619000,0.030,0.603,0.367
619500,0.030,0.527,0.443
620000,0.030,0.518,0.452
620500,0.030,0.436,0.534
621000,0.030,0.508,0.462
621500,0.030,0.452,0.518
622000,0.030,0.552,0.418
622500,0.030,0.428,0.542
623000,0.030,0.478,0.492
623500,0.030,0.382,0.588
624000,0.030,0.252,0.718
624500,0.030,0.355,0.615
625000,0.030,0.382,0.588
625500,0.030,0.322,0.648
626000,0.030,0.546,0.424
626500,0.030,0.373,0.597
627000,0.030,0.468,0.502
627500,0.030,0.469,0.501
628000,0.030,0.415,0.555
628500,0.030,0.379,0.591
629000,0.030,0.453,0.517
629500,0.030,0.408,0.562
630000,0.030,0.455,0.515
630500,0.030,0.396,0.574
631000,0.030,0.387,0.583
631500,0.030,0.335,0.635
632000,0.030,0.470,0.500
632500,0.030,0.515,0.455
633000,0.030,0.391,0.579
633500,0.030,0.436,0.534
634000,0.030,0.405,0.565
634500,0.030,0.438,0.532
635000,0.030,0.500,0.470
635500,0.030,0.515,0.455
636000,0.030,0.374,0.596
636500,0.030,0.494,0.476
637000,0.030,0.410,0.560
637500,0.030,0.511,0.459
638000,0.030,0.488,0.482
638500,0.030,0.595,0.375
639000,0.030,0.427,0.543
639500,0.030,0.550,0.420
640000,0.030,0.403,0.567
640500,0.030,0.422,0.548
641000,0.030,0.299,0.671
641500,0.030,0.421,0.549
642000,0.030,0.439,0.531
642500,0.030,0.559,0.411
643000,0.030,0.513,0.457
643500,0.030,0.455,0.515
644000,0.030,0.556,0.414
644500,0.030,0.298,0.672
645000,0.030,0.569,0.401
645500,0.030,0.431,0.539
646000,0.030,0.460,0.510
646500,0.030,0.504,0.466
647000,0.030,0.582,0.388
647500,0.030,0.396,0.574
648000,0.030,0.390,0.580
648500,0.030,0.465,0.505
649000,0.030,0.417,0.553
649500,0.030,0.342,0.628
650000,0.030,0.485,0.485
650500,0.030,0.510,0.460
651000,0.030,0.475,0.495
651500,0.030,0.439,0.531
652000,0.030,0.679,0.291
652500,0.030,0.562,0.408
653000,0.030,0.430,0.540
653500,0.030,0.410,0.560
654000,0.030,0.504,0.466
654500,0.030,0.380,0.590
655000,0.030,0.442,0.528
655500,0.030,0.342,0.628
656000,0.030,0.510,0.460
656500,0.030,0.414,0.556
657000,0.030,0.446,0.524
657500,0.030,0.294,0.676
658000,0.030,0.447,0.523
658500,0.030,0.434,0.536
659000,0.030,0.489,0.481
659500,0.030,0.394,0.576
660000,0.030,0.506,0.464
660500,0.030,0.520,0.450
661000,0.030,0.527,0.443
661500,0.030,0.418,0.552
662000,0.030,0.392,0.578
662500,0.030,0.357,0.613
663000,0.030,0.397,0.573
663500,0.030,0.478,0.492
664000,0.030,0.595,0.375
664500,0.030,0.493,0.477
665000,0.030,0.539,0.431
665500,0.030,0.514,0.456
666000,0.030,0.513,0.457
666500,0.030,0.416,0.554
667000,0.030,0.384,0.586
667500,0.030,0.405,0.565
668000,0.030,0.484,0.486
668500,0.030,0.517,0.453
669000,0.030,0.304,0.666
669500,0.030,0.389,0.581
670000,0.030,0.598,0.372
670500,0.030,0.417,0.553
671000,0.030,0.398,0.572
671500,0.030,0.623,0.347
672000,0.030,0.511,0.459
672500,0.030,0.477,0.493
673000,0.030,0.368,0.602
673500,0.030,0.397,0.573
674000,0.030,0.503,0.467
674500,0.030,0.491,0.479
675000,0.030,0.632,0.338
675500,0.030,0.460,0.510
676000,0.030,0.540,0.430
676500,0.030,0.383,0.587
677000,0.030,0.487,0.483
677500,0.030,0.552,0.418
678000,0.030,0.426,0.544
678500,0.030,0.307,0.663
679000,0.030,0.432,0.538
679500,0.030,0.445,0.525
680000,0.030,0.422,0.548
680500,0.030,0.505,0.465
681000,0.030,0.529,0.441
681500,0.030,0.482,0.488
682000,0.030,0.550,0.420
682500,0.030,0.504,0.466
683000,0.030,0.368,0.602
683500,0.030,0.340,0.630
684000,0.030,0.442,0.528
684500,0.030,0.359,0.611
685000,0.030,0.428,0.542
685500,0.030,0.488,0.482
686000,0.030,0.464,0.506
686500,0.030,0.326,0.644
687000,0.030,0.416,0.554
687500,0.030,0.401,0.569
688000,0.030,0.591,0.379
688500,0.030,0.531,0.439
689000,0.030,0.491,0.479
689500,0.030,0.360,0.610
690000,0.030,0.446,0.524
690500,0.030,0.431,0.539
691000,0.030,0.575,0.395
691500,0.030,0.337,0.633
692000,0.030,0.356,0.614
692500,0.030,0.466,0.504
693000,0.030,0.420,0.550
693500,0.030,0.464,0.506
694000,0.030,0.469,0.501
694500,0.030,0.377,0.593
695000,0.030,0.574,0.396
695500,0.030,0.546,0.424
696000,0.030,0.595,0.375
696500,0.030,0.434,0.536
697000,0.030,0.464,0.506
697500,0.030,0.500,0.470
698000,0.030,0.517,0.453
698500,0.030,0.386,0.584
699000,0.030,0.403,0.567
699500,0.030,0.540,0.430
700000,0.030,0.524,0.446
700500,0.030,0.455,0.515
701000,0.030,0.429,0.541
701500,0.030,0.244,0.726
702000,0.031,0.399,0.570
702500,0.030,0.593,0.377
703000,0.030,0.483,0.487
703500,0.030,0.444,0.526
704000,0.030,0.417,0.553
704500,0.030,0.491,0.479
705000,0.030,0.588,0.382
705500,0.030,0.535,0.435
706000,0.030,0.468,0.502
706500,0.030,0.317,0.653
707000,0.030,0.369,0.601
707500,0.030,0.459,0.511
708000,0.030,0.515,0.455
708500,0.030,0.531,0.439
709000,0.030,0.418,0.552
709500,0.030,0.375,0.595
710000,0.030,0.305,0.665
710500,0.030,0.442,0.528
711000,0.030,0.376,0.594
711500,0.030,0.443,0.527
712000,0.030,0.465,0.505
712500,0.030,0.536,0.434
713000,0.030,0.479,0.491
713500,0.030,0.269,0.701
714000,0.030,0.513,0.457
714500,0.030,0.479,0.491
715000,0.030,0.650,0.320
715500,0.030,0.395,0.575
716000,0.030,0.431,0.539
716500,0.030,0.406,0.564
717000,0.030,0.422,0.548
717500,0.030,0.509,0.461
718000,0.030,0.406,0.564
718500,0.030,0.543,0.427
719000,0.030,0.558,0.412
719500,0.030,0.490,0.480
720000,0.030,0.518,0.452
720500,0.030,0.530,0.440
721000,0.030,0.466,0.504
721500,0.034,0.290,0.676
722000,0.030,0.319,0.651
722500,0.030,0.431,0.539
723000,0.030,0.412,0.558
723500,0.030,0.495,0.475
724000,0.030,0.520,0.450
724500,0.030,0.402,0.568
725000,0.030,0.316,0.654
725500,0.030,0.413,0.557
726000,0.030,0.536,0.434
726500,0.030,0.383,0.587
727000,0.030,0.440,0.530
727500,0.030,0.434,0.536
728000,0.030,0.409,0.561
728500,0.030,0.488,0.482
729000,0.030,0.487,0.483
729500,0.030,0.434,0.536
730000,0.030,0.542,0.428
730500,0.030,0.348,0.622
731000,0.030,0.420,0.550
731500,0.030,0.512,0.458
732000,0.030,0.616,0.354
732500,0.030,0.540,0.430
733000,0.030,0.429,0.541
733500,0.030,0.515,0.455
734000,0.030,0.489,0.481
734500,0.030,0.329,0.641
735000,0.030,0.418,0.552
735500,0.030,0.496,0.474
736000,0.030,0.410,0.560
736500,0.030,0.321,0.649
737000,0.030,0.399,0.571
737500,0.030,0.511,0.459
738000,0.030,0.569,0.401
738500,0.030,0.411,0.559
739000,0.030,0.554,0.416
739500,0.030,0.455,0.515
740000,0.030,0.493,0.477
740500,0.030,0.425,0.545
741000,0.030,0.498,0.472
741500,0.030,0.285,0.685
742000,0.030,0.339,0.631
742500,0.030,0.441,0.529
743000,0.030,0.463,0.507
743500,0.030,0.553,0.417
744000,0.030,0.395,0.575
744500,0.030,0.487,0.483
745000,0.030,0.393,0.577
745500,0.030,0.417,0.553
746000,0.030,0.459,0.511
746500,0.030,0.540,0.430
747000,0.030,0.543,0.427
747500,0.030,0.481,0.489
748000,0.030,0.420,0.550
748500,0.030,0.472,0.498
749000,0.030,0.441,0.529
749500,0.030,0.480,0.490
750000,0.030,0.489,0.481
750500,0.030,0.472,0.498
751000,0.030,0.467,0.503
751500,0.030,0.378,0.592
752000,0.030,0.512,0.458
752500,0.030,0.482,0.488
753000,0.030,0.461,0.509
753500,0.030,0.530,0.440
754000,0.030,0.469,0.501
754500,0.030,0.668,0.302
755000,0.030,0.470,0.500
755500,0.030,0.300,0.670
756000,0.030,0.356,0.614
756500,0.030,0.435,0.535
757000,0.030,0.447,0.523
757500,0.030,0.432,0.538
758000,0.030,0.418,0.552
758500,0.030,0.403,0.567
759000,0.030,0.413,0.557
759500,0.030,0.372,0.598
760000,0.030,0.478,0.492
760500,0.030,0.568,0.402
761000,0.030,0.420,0.550
761500,0.030,0.583,0.387
762000,0.030,0.448,0.522
762500,0.030,0.527,0.443
763000,0.030,0.683,0.287
763500,0.030,0.619,0.351
764000,0.030,0.566,0.404
764500,0.030,0.505,0.465
765000,0.030,0.446,0.524
765500,0.030,0.439,0.531
766000,0.030,0.333,0.637
766500,0.030,0.458,0.512
767000,0.030,0.450,0.520
767500,0.030,0.441,0.529
768000,0.030,0.444,0.526
768500,0.030,0.436,0.534
769000,0.030,0.384,0.586
769500,0.030,0.400,0.570
770000,0.030,0.388,0.582
770500,0.030,0.533,0.437
771000,0.030,0.499,0.471
771500,0.030,0.398,0.572
772000,0.030,0.496,0.474
772500,0.030,0.296,0.674
773000,0.030,0.536,0.434
773500,0.030,0.389,0.581
774000,0.030,0.464,0.506
774500,0.030,0.464,0.506
775000,0.030,0.491,0.479
775500,0.030,0.465,0.505
776000,0.030,0.367,0.603
776500,0.030,0.346,0.624
777000,0.030,0.485,0.485
777500,0.030,0.483,0.487
778000,0.030,0.372,0.598
778500,0.030,0.380,0.590
779000,0.030,0.481,0.489
779500,0.030,0.541,0.429
780000,0.030,0.439,0.531
780500,0.030,0.407,0.563
781000,0.030,0.365,0.605
781500,0.030,0.460,0.510
782000,0.030,0.460,0.510
782500,0.046,0.295,0.659
783000,0.030,0.391,0.579
783500,0.030,0.457,0.513
784000,0.030,0.500,0.470
784500,0.030,0.403,0.567
785000,0.030,0.444,0.526
785500,0.030,0.426,0.544
786000,0.030,0.430,0.540
786500,0.030,0.428,0.542
787000,0.030,0.459,0.511
787500,0.030,0.484,0.486
788000,0.030,0.489,0.481
788500,0.030,0.565,0.405
789000,0.030,0.538,0.432
789500,0.030,0.517,0.453
790000,0.030,0.433,0.537
790500,0.030,0.397,0.573
791000,0.030,0.384,0.586
791500,0.030,0.483,0.487
792000,0.030,0.490,0.480
792500,0.030,0.382,0.588
793000,0.030,0.389,0.581
793500,0.030,0.542,0.428
794000,0.030,0.572,0.398
794500,0.030,0.410,0.560
795000,0.030,0.392,0.578
795500,0.030,0.485,0.485
796000,0.030,0.380,0.590
796500,0.030,0.396,0.574
797000,0.030,0.362,0.608
797500,0.030,0.424,0.546
798000,0.030,0.423,0.547
798500,0.030,0.516,0.454
799000,0.030,0.357,0.613
799500,0.030,0.403,0.567
800000,0.030,0.480,0.490
800500,0.030,0.567,0.403
801000,0.030,0.547,0.423
801500,0.030,0.511,0.459
802000,0.030,0.580,0.390
802500,0.030,0.389,0.581
803000,0.030,0.386,0.584
803500,0.030,0.359,0.611
804000,0.030,0.566,0.404
804500,0.030,0.399,0.571
805000,0.030,0.460,0.510
805500,0.030,0.423,0.547
806000,0.030,0.372,0.598
806500,0.030,0.268,0.702
807000,0.030,0.461,0.509
807500,0.030,0.523,0.447
808000,0.030,0.480,0.490
808500,0.030,0.396,0.574
809000,0.030,0.461,0.509
809500,0.030,0.262,0.708
810000,0.030,0.386,0.584
810500,0.030,0.370,0.600
811000,0.030,0.431,0.539
811500,0.030,0.464,0.506
812000,0.030,0.402,0.568
812500,0.030,0.407,0.563
813000,0.030,0.471,0.499
813500,0.030,0.244,0.726
814000,0.030,0.432,0.538
814500,0.030,0.549,0.421
815000,0.030,0.373,0.597
815500,0.030,0.490,0.480
816000,0.030,0.386,0.584
816500,0.030,0.496,0.474
817000,0.030,0.560,0.410
817500,0.030,0.534,0.436
818000,0.030,0.415,0.555
818500,0.030,0.339,0.631
819000,0.030,0.470,0.500
819500,0.030,0.255,0.715
820000,0.030,0.372,0.598
820500,0.030,0.467,0.503
821000,0.030,0.623,0.347
821500,0.030,0.482,0.488
822000,0.030,0.325,0.645
822500,0.030,0.542,0.428
823000,0.030,0.402,0.568
823500,0.031,0.243,0.726
824000,0.030,0.376,0.594
824500,0.030,0.391,0.579
825000,0.030,0.392,0.578
825500,0.030,0.305,0.665
826000,0.030,0.422,0.548
826500,0.030,0.677,0.293
827000,0.030,0.350,0.620
827500,0.030,0.416,0.554
828000,0.030,0.424,0.546
828500,0.030,0.454,0.516
829000,0.030,0.294,0.676
829500,0.030,0.408,0.562
830000,0.030,0.481,0.489
830500,0.030,0.443,0.527
831000,0.030,0.366,0.604
831500,0.030,0.385,0.585
832000,0.030,0.462,0.508
832500,0.030,0.421,0.549
833000,0.030,0.323,0.647
833500,0.030,0.410,0.560
834000,0.030,0.404,0.566
834500,0.030,0.411,0.559
835000,0.030,0.392,0.578
835500,0.030,0.313,0.657
836000,0.030,0.495,0.475
836500,0.030,0.489,0.481
837000,0.030,0.535,0.435
837500,0.030,0.532,0.438
838000,0.030,0.494,0.476
838500,0.030,0.368,0.602
839000,0.030,0.446,0.524
839500,0.030,0.329,0.641
840000,0.046,0.313,0.641
840500,0.030,0.442,0.528
841000,0.030,0.361,0.609
841500,0.030,0.488,0.482
842000,0.030,0.471,0.499
842500,0.030,0.544,0.426
843000,0.030,0.437,0.533
843500,0.030,0.447,0.523
844000,0.030,0.414,0.556
844500,0.030,0.540,0.430
845000,0.030,0.647,0.323
845500,0.030,0.480,0.490
846000,0.030,0.583,0.387
846500,0.030,0.495,0.475
847000,0.030,0.444,0.526
847500,0.030,0.433,0.537
848000,0.030,0.480,0.490
848500,0.030,0.561,0.409
849000,0.030,0.396,0.574
849500,0.030,0.441,0.529
850000,0.030,0.483,0.487
850500,0.030,0.420,0.550
851000,0.030,0.438,0.532
851500,0.030,0.437,0.533
852000,0.030,0.496,0.474
852500,0.030,0.433,0.537
853000,0.030,0.421,0.549
853500,0.030,0.419,0.551
854000,0.030,0.490,0.480
854500,0.030,0.360,0.610
855000,0.030,0.388,0.582
855500,0.030,0.494,0.476
856000,0.030,0.352,0.618
856500,0.030,0.395,0.575
857000,0.030,0.486,0.484
857500,0.030,0.497,0.473
858000,0.030,0.450,0.520
858500,0.030,0.361,0.609
859000,0.030,0.383,0.587
859500,0.030,0.400,0.570
860000,0.030,0.396,0.574
860500,0.030,0.496,0.474
861000,0.030,0.414,0.556
861500,0.030,0.445,0.525
862000,0.030,0.483,0.487
862500,0.030,0.415,0.555
863000,0.030,0.419,0.551
863500,0.030,0.416,0.554
864000,0.030,0.289,0.681
864500,0.030,0.501,0.469
865000,0.030,0.431,0.539
865500,0.030,0.543,0.427
866000,0.030,0.609,0.361
866500,0.030,0.534,0.436
867000,0.030,0.440,0.530
867500,0.030,0.428,0.542
868000,0.030,0.520,0.450
868500,0.030,0.460,0.510
869000,0.030,0.411,0.559
869500,0.030,0.418,0.552
870000,0.030,0.447,0.523
870500,0.030,0.464,0.506
871000,0.030,0.430,0.540
871500,0.030,0.521,0.449
872000,0.030,0.505,0.465
872500,0.030,0.445,0.525
873000,0.030,0.446,0.524
873500,0.030,0.295,0.675
874000,0.030,0.384,0.586
874500,0.030,0.342,0.628
875000,0.030,0.409,0.561
875500,0.030,0.301,0.669
876000,0.030,0.542,0.428
876500,0.030,0.378,0.592
877000,0.030,0.519,0.451
877500,0.030,0.475,0.495
878000,0.030,0.376,0.594
878500,0.030,0.544,0.426
879000,0.030,0.520,0.450
879500,0.030,0.443,0.527
880000,0.030,0.328,0.642
880500,0.030,0.549,0.421
881000,0.030,0.437,0.533
881500,0.030,0.330,0.640
882000,0.030,0.369,0.601
882500,0.030,0.485,0.485
883000,0.030,0.405,0.565
883500,0.030,0.375,0.595
884000,0.030,0.426,0.544
884500,0.030,0.446,0.524
885000,0.030,0.313,0.657
885500,0.030,0.405,0.565
886000,0.030,0.511,0.459
886500,0.030,0.557,0.413
887000,0.030,0.441,0.529
887500,0.030,0.394,0.576
888000,0.030,0.443,0.527
888500,0.030,0.448,0.522
889000,0.030,0.435,0.535
889500,0.030,0.408,0.562
890000,0.036,0.290,0.674
890500,0.030,0.471,0.499
891000,0.030,0.536,0.434
891500,0.030,0.462,0.508
892000,0.030,0.451,0.519
892500,0.030,0.529,0.441
893000,0.030,0.505,0.465
893500,0.030,0.430,0.540
894000,0.030,0.354,0.616
894500,0.030,0.448,0.522
895000,0.030,0.409,0.561
895500,0.030,0.484,0.486
896000,0.030,0.390,0.580
896500,0.030,0.530,0.440
897000,0.030,0.554,0.416
897500,0.030,0.569,0.401
898000,0.030,0.410,0.560
898500,0.030,0.455,0.515
899000,0.030,0.453,0.517
899500,0.030,0.407,0.563
900000,0.030,0.296,0.674
900500,0.030,0.434,0.536
901000,0.030,0.409,0.561
901500,0.030,0.381,0.589
902000,0.030,0.390,0.580
902500,0.030,0.401,0.569
903000,0.030,0.406,0.564
903500,0.030,0.474,0.496
904000,0.030,0.515,0.455
904500,0.030,0.494,0.476
905000,0.030,0.519,0.451
905500,0.030,0.361,0.609
906000,0.030,0.408,0.562
906500,0.030,0.465,0.505
907000,0.030,0.466,0.504
907500,0.030,0.439,0.531
908000,0.030,0.518,0.452
908500,0.030,0.696,0.274
909000,0.030,0.577,0.393
909500,0.030,0.556,0.414
910000,0.030,0.407,0.563
910500,0.030,0.471,0.499
911000,0.030,0.359,0.611
911500,0.030,0.486,0.484
912000,0.030,0.575,0.395
912500,0.030,0.458,0.512
913000,0.030,0.424,0.546
913500,0.030,0.565,0.405
914000,0.037,0.324,0.639
914500,0.030,0.533,0.437
915000,0.030,0.596,0.374
915500,0.030,0.374,0.596
916000,0.030,0.627,0.343
916500,0.030,0.466,0.504
917000,0.030,0.434,0.536
917500,0.030,0.608,0.362
918000,0.030,0.388,0.582
918500,0.030,0.450,0.520
919000,0.030,0.417,0.553
919500,0.030,0.330,0.640
920000,0.030,0.366,0.604
920500,0.030,0.579,0.391
921000,0.030,0.441,0.529
921500,0.030,0.476,0.494
922000,0.030,0.426,0.544
922500,0.030,0.519,0.451
923000,0.030,0.539,0.431
923500,0.030,0.423,0.547
924000,0.030,0.419,0.551
924500,0.030,0.382,0.588
925000,0.030,0.257,0.713
925500,0.030,0.464,0.506
926000,0.030,0.483,0.487
926500,0.030,0.402,0.568
927000,0.030,0.377,0.593
927500,0.030,0.368,0.602
928000,0.030,0.399,0.571
928500,0.030,0.413,0.557
929000,0.030,0.558,0.412
929500,0.030,0.405,0.565
930000,0.030,0.396,0.574
930500,0.030,0.316,0.654
931000,0.030,0.398,0.572
931500,0.030,0.588,0.382
932000,0.030,0.353,0.617
932500,0.030,0.404,0.566
933000,0.038,0.477,0.485
933500,0.030,0.402,0.568
934000,0.030,0.377,0.593
934500,0.030,0.454,0.516
935000,0.030,0.375,0.595
935500,0.030,0.391,0.579
936000,0.030,0.343,0.627
936500,0.030,0.404,0.566
937000,0.030,0.469,0.501
937500,0.030,0.515,0.455
938000,0.030,0.532,0.438
938500,0.030,0.536,0.434
939000,0.030,0.568,0.402
939500,0.030,0.586,0.384
940000,0.030,0.607,0.363
940500,0.030,0.572,0.398
941000,0.030,0.558,0.412
941500,0.030,0.373,0.597
942000,0.030,0.525,0.445
942500,0.030,0.460,0.510
943000,0.030,0.535,0.435
943500,0.030,0.503,0.467
944000,0.030,0.451,0.519
944500,0.032,0.453,0.515
945000,0.030,0.486,0.484
945500,0.030,0.462,0.508
946000,0.030,0.495,0.475
946500,0.030,0.623,0.347
947000,0.030,0.508,0.462
947500,0.030,0.383,0.587
948000,0.030,0.479,0.491
948500,0.030,0.445,0.525
949000,0.030,0.449,0.521
949500,0.030,0.467,0.503
950000,0.030,0.612,0.358
950500,0.030,0.497,0.473
951000,0.030,0.510,0.460
951500,0.030,0.465,0.505
952000,0.030,0.545,0.425
952500,0.030,0.504,0.466
953000,0.030,0.444,0.526
953500,0.030,0.489,0.481
954000,0.030,0.550,0.420
954500,0.030,0.558,0.412
955000,0.030,0.675,0.295
955500,0.030,0.557,0.413
956000,0.030,0.509,0.461
956500,0.030,0.402,0.568
957000,0.030,0.498,0.472
957500,0.030,0.318,0.652
958000,0.030,0.361,0.609
958500,0.030,0.448,0.522
959000,0.030,0.455,0.515
959500,0.030,0.395,0.575
960000,0.030,0.573,0.397
960500,0.030,0.416,0.554
961000,0.030,0.539,0.431
961500,0.030,0.562,0.408
962000,0.030,0.560,0.410
962500,0.030,0.432,0.538
963000,0.030,0.497,0.473
963500,0.030,0.647,0.323
964000,0.030,0.479,0.491
964500,0.030,0.609,0.361
965000,0.030,0.567,0.403
965500,0.030,0.389,0.581
966000,0.030,0.316,0.654
966500,0.030,0.371,0.599
967000,0.030,0.378,0.592
967500,0.030,0.615,0.355
968000,0.030,0.433,0.537
968500,0.030,0.572,0.398
969000,0.030,0.522,0.448
969500,0.030,0.602,0.368
970000,0.030,0.414,0.556
970500,0.030,0.453,0.517
971000,0.030,0.573,0.397
971500,0.030,0.455,0.515
972000,0.030,0.436,0.534
972500,0.030,0.495,0.475
973000,0.030,0.362,0.608
973500,0.030,0.491,0.479
974000,0.030,0.600,0.370
974500,0.030,0.467,0.503
975000,0.030,0.456,0.514
975500,0.030,0.433,0.537
976000,0.030,0.536,0.434
976500,0.030,0.436,0.534
977000,0.030,0.491,0.479
977500,0.030,0.411,0.559
978000,0.030,0.349,0.621
978500,0.030,0.458,0.512
979000,0.030,0.588,0.382
979500,0.030,0.454,0.516
980000,0.030,0.497,0.473
980500,0.030,0.463,0.507
981000,0.030,0.479,0.491
981500,0.030,0.339,0.631
982000,0.030,0.379,0.591
982500,0.030,0.398,0.572
983000,0.030,0.481,0.489
983500,0.030,0.641,0.329
984000,0.030,0.419,0.551
984500,0.030,0.402,0.568
985000,0.030,0.453,0.517
985500,0.030,0.551,0.419
986000,0.030,0.463,0.507
986500,0.030,0.463,0.507
987000,0.030,0.385,0.585
987500,0.030,0.444,0.526
988000,0.030,0.414,0.556
988500,0.030,0.392,0.578
989000,0.030,0.513,0.457
989500,0.030,0.425,0.545
990000,0.030,0.687,0.283
990500,0.030,0.618,0.352
991000,0.030,0.383,0.587
991500,0.030,0.485,0.485
992000,0.030,0.402,0.568
992500,0.030,0.521,0.449
993000,0.030,0.497,0.473
993500,0.030,0.420,0.550
994000,0.030,0.506,0.464
994500,0.030,0.416,0.554
995000,0.030,0.441,0.529
995500,0.030,0.378,0.592
996000,0.030,0.386,0.584
996500,0.030,0.374,0.596
997000,0.030,0.439,0.531
997500,0.030,0.479,0.491
998000,0.030,0.428,0.542
998500,0.030,0.343,0.627
999000,0.032,0.193,0.775
999500,0.030,0.396,0.574
1000000,0.030,0.550,0.420
