time,n_A+p,n_B,n_AB
500,0.080,0.788,0.132
1000,0.083,0.680,0.237
1500,0.081,0.631,0.288
2000,0.081,0.636,0.283
2500,0.080,0.611,0.309
3000,0.080,0.567,0.354
3500,0.080,0.545,0.375
4000,0.080,0.522,0.398
4500,0.080,0.524,0.396
5000,0.080,0.531,0.389
5500,0.080,0.548,0.372
6000,0.080,0.565,0.355
6500,0.080,0.572,0.348
7000,0.080,0.607,0.313
7500,0.080,0.562,0.358
8000,0.080,0.545,0.375
8500,0.080,0.591,0.329
9000,0.080,0.581,0.340
9500,0.080,0.552,0.368
10000,0.080,0.572,0.348
10500,0.081,0.521,0.398
11000,0.080,0.526,0.394
11500,0.080,0.533,0.387
12000,0.080,0.550,0.370
12500,0.080,0.562,0.358
13000,0.080,0.534,0.386
13500,0.080,0.547,0.373
14000,0.082,0.531,0.387
14500,0.081,0.509,0.410
15000,0.080,0.545,0.375
15500,0.082,0.557,0.361
16000,0.080,0.565,0.356
16500,0.082,0.519,0.399
17000,0.083,0.531,0.386
17500,0.084,0.536,0.380
18000,0.081,0.531,0.388
18500,0.081,0.572,0.348
19000,0.081,0.497,0.422
19500,0.081,0.494,0.425
20000,0.082,0.592,0.327
20500,0.080,0.601,0.320
21000,0.080,0.606,0.314
21500,0.080,0.589,0.332
22000,0.080,0.511,0.409
22500,0.080,0.526,0.394
23000,0.080,0.570,0.350
23500,0.080,0.579,0.341
24000,0.080,0.562,0.358
24500,0.080,0.522,0.398
25000,0.080,0.498,0.422
25500,0.082,0.552,0.366
26000,0.081,0.528,0.391
26500,0.081,0.564,0.356
27000,0.080,0.564,0.357
27500,0.080,0.520,0.400
28000,0.080,0.589,0.332
28500,0.080,0.533,0.387
29000,0.080,0.576,0.344
29500,0.080,0.576,0.345
30000,0.080,0.582,0.339
30500,0.080,0.618,0.302
31000,0.080,0.566,0.355
31500,0.080,0.543,0.377
32000,0.081,0.536,0.383
32500,0.081,0.554,0.365
33000,0.080,0.539,0.381
33500,0.083,0.532,0.385
34000,0.081,0.505,0.414
34500,0.080,0.469,0.452
35000,0.086,0.468,0.446
35500,0.082,0.456,0.462
36000,0.081,0.522,0.397
36500,0.081,0.548,0.371
37000,0.080,0.590,0.331
37500,0.080,0.532,0.388
38000,0.084,0.493,0.423
38500,0.082,0.517,0.401
39000,0.081,0.548,0.371
39500,0.080,0.543,0.377
40000,0.080,0.533,0.387
40500,0.080,0.502,0.418
41000,0.082,0.532,0.386
41500,0.081,0.493,0.426
42000,0.081,0.517,0.402
42500,0.080,0.519,0.401
43000,0.080,0.541,0.379
43500,0.084,0.497,0.419
44000,0.082,0.499,0.419
44500,0.081,0.531,0.388
45000,0.080,0.529,0.391
45500,0.080,0.513,0.407
46000,0.080,0.528,0.392
46500,0.080,0.514,0.406
47000,0.080,0.497,0.423
47500,0.080,0.533,0.387
48000,0.080,0.579,0.342
48500,0.082,0.540,0.378
49000,0.081,0.575,0.345
49500,0.081,0.509,0.410
50000,0.080,0.507,0.413
50500,0.080,0.545,0.375
51000,0.080,0.564,0.357
51500,0.080,0.548,0.372
52000,0.080,0.543,0.377
52500,0.080,0.635,0.285
53000,0.080,0.627,0.293
53500,0.080,0.599,0.322
54000,0.080,0.574,0.347
54500,0.080,0.583,0.337
55000,0.080,0.634,0.286
55500,0.080,0.578,0.342
56000,0.082,0.528,0.390
56500,0.080,0.549,0.371
57000,0.080,0.530,0.390
57500,0.080,0.558,0.362
58000,0.080,0.522,0.398
58500,0.080,0.520,0.400
59000,0.080,0.533,0.387
59500,0.080,0.586,0.334
60000,0.080,0.527,0.393
60500,0.081,0.540,0.379
61000,0.080,0.518,0.402
61500,0.080,0.528,0.392
62000,0.080,0.546,0.374
62500,0.080,0.513,0.407
63000,0.080,0.518,0.402
63500,0.080,0.548,0.372
64000,0.080,0.600,0.321
64500,0.080,0.556,0.364
65000,0.080,0.586,0.335
65500,0.080,0.565,0.355
66000,0.080,0.567,0.353
66500,0.080,0.550,0.370
67000,0.080,0.527,0.393
67500,0.080,0.612,0.308
68000,0.080,0.567,0.354
68500,0.082,0.544,0.374
69000,0.081,0.498,0.421
69500,0.082,0.548,0.370
70000,0.080,0.567,0.353
70500,0.080,0.528,0.392
71000,0.080,0.500,0.420
71500,0.080,0.524,0.396
72000,0.082,0.462,0.456
72500,0.081,0.531,0.388
73000,0.080,0.540,0.380
73500,0.080,0.572,0.348
74000,0.080,0.535,0.385
74500,0.080,0.509,0.411
75000,0.080,0.535,0.385
75500,0.080,0.587,0.333
76000,0.080,0.605,0.315
76500,0.080,0.573,0.347
77000,0.080,0.547,0.373
77500,0.080,0.541,0.379
78000,0.080,0.540,0.380
78500,0.080,0.551,0.369
79000,0.080,0.576,0.345
79500,0.086,0.565,0.350
80000,0.084,0.571,0.346
80500,0.081,0.536,0.383
81000,0.081,0.585,0.335
81500,0.081,0.527,0.392
82000,0.081,0.566,0.354
82500,0.081,0.621,0.299
83000,0.081,0.595,0.325
83500,0.080,0.598,0.323
84000,0.082,0.586,0.333
84500,0.081,0.553,0.366
85000,0.080,0.555,0.365
85500,0.080,0.585,0.335
86000,0.080,0.589,0.331
86500,0.080,0.579,0.341
87000,0.080,0.592,0.328
87500,0.080,0.604,0.316
88000,0.080,0.620,0.300
88500,0.080,0.640,0.280
89000,0.080,0.603,0.318
89500,0.080,0.592,0.329
90000,0.080,0.540,0.380
90500,0.080,0.559,0.361
91000,0.082,0.523,0.395
91500,0.081,0.546,0.373
92000,0.081,0.507,0.412
92500,0.081,0.555,0.364
93000,0.080,0.565,0.356
93500,0.085,0.554,0.361
94000,0.081,0.566,0.354
94500,0.081,0.528,0.391
95000,0.080,0.496,0.424
95500,0.080,0.483,0.437
96000,0.084,0.532,0.384
96500,0.083,0.546,0.371
97000,0.081,0.537,0.382
97500,0.080,0.571,0.350
98000,0.080,0.550,0.370
98500,0.080,0.515,0.405
99000,0.080,0.512,0.408
99500,0.080,0.540,0.380
100000,0.080,0.539,0.381
100500,0.080,0.533,0.387
101000,0.080,0.531,0.389
101500,0.080,0.531,0.389
102000,0.081,0.544,0.375
102500,0.081,0.557,0.362
103000,0.080,0.564,0.357
103500,0.080,0.572,0.348
104000,0.080,0.549,0.371
104500,0.081,0.513,0.406
105000,0.082,0.521,0.397
105500,0.081,0.528,0.391
106000,0.081,0.518,0.401
106500,0.081,0.523,0.396
107000,0.080,0.503,0.417
107500,0.081,0.527,0.392
108000,0.080,0.554,0.366
108500,0.080,0.594,0.327
109000,0.080,0.569,0.352
109500,0.080,0.558,0.362
110000,0.080,0.558,0.362
110500,0.080,0.532,0.388
111000,0.080,0.592,0.328
111500,0.080,0.603,0.317
112000,0.080,0.552,0.368
112500,0.080,0.533,0.387
113000,0.083,0.544,0.373
113500,0.081,0.511,0.408
114000,0.080,0.571,0.350
114500,0.080,0.553,0.367
115000,0.080,0.592,0.328
115500,0.080,0.567,0.353
116000,0.080,0.522,0.398
116500,0.083,0.517,0.400
117000,0.082,0.501,0.417
117500,0.084,0.515,0.401
118000,0.080,0.490,0.430
118500,0.080,0.546,0.374
119000,0.080,0.564,0.356
119500,0.082,0.573,0.345
120000,0.080,0.551,0.369
120500,0.080,0.528,0.392
121000,0.080,0.590,0.331
121500,0.080,0.558,0.362
122000,0.080,0.588,0.332
122500,0.080,0.564,0.356
123000,0.080,0.525,0.395
123500,0.080,0.558,0.362
124000,0.080,0.561,0.359
124500,0.080,0.559,0.361
125000,0.082,0.550,0.368
125500,0.081,0.555,0.364
126000,0.080,0.516,0.404
126500,0.080,0.583,0.337
127000,0.082,0.534,0.384
127500,0.083,0.560,0.357
128000,0.081,0.552,0.367
128500,0.080,0.567,0.354
129000,0.086,0.578,0.337
129500,0.082,0.589,0.330
130000,0.081,0.598,0.322
130500,0.080,0.593,0.327
131000,0.080,0.595,0.325
131500,0.080,0.587,0.334
132000,0.080,0.608,0.312
132500,0.080,0.590,0.330
133000,0.080,0.617,0.303
133500,0.080,0.610,0.310
134000,0.080,0.595,0.325
134500,0.080,0.540,0.380
135000,0.080,0.554,0.366
135500,0.080,0.569,0.351
136000,0.080,0.546,0.374
136500,0.081,0.558,0.361
137000,0.080,0.514,0.406
137500,0.080,0.538,0.382
138000,0.080,0.579,0.341
138500,0.081,0.578,0.342
139000,0.080,0.600,0.321
139500,0.080,0.542,0.378
140000,0.081,0.568,0.352
140500,0.080,0.576,0.344
141000,0.080,0.573,0.347
141500,0.080,0.514,0.406
142000,0.080,0.541,0.379
142500,0.083,0.554,0.363
143000,0.081,0.511,0.408
143500,0.081,0.538,0.381
144000,0.081,0.548,0.371
144500,0.081,0.538,0.381
145000,0.080,0.506,0.414
145500,0.081,0.542,0.377
146000,0.080,0.537,0.383
146500,0.081,0.516,0.403
147000,0.080,0.541,0.379
147500,0.081,0.526,0.393
148000,0.081,0.530,0.389
148500,0.080,0.528,0.392
149000,0.080,0.509,0.411
149500,0.080,0.535,0.385
150000,0.081,0.538,0.381
150500,0.080,0.542,0.378
151000,0.081,0.555,0.364
151500,0.080,0.532,0.388
152000,0.080,0.560,0.360
152500,0.080,0.531,0.389
153000,0.080,0.532,0.388
153500,0.080,0.530,0.390
154000,0.080,0.478,0.442
154500,0.081,0.504,0.415
155000,0.080,0.525,0.395
155500,0.080,0.535,0.385
156000,0.080,0.560,0.360
156500,0.080,0.558,0.362
157000,0.080,0.571,0.350
157500,0.084,0.555,0.361
158000,0.080,0.578,0.343
158500,0.080,0.564,0.357
159000,0.080,0.510,0.410
159500,0.080,0.564,0.357
160000,0.080,0.609,0.311
160500,0.080,0.593,0.327
161000,0.080,0.560,0.360
161500,0.080,0.590,0.330
162000,0.080,0.575,0.345
162500,0.080,0.554,0.366
163000,0.083,0.555,0.362
163500,0.081,0.535,0.384
164000,0.084,0.541,0.375
164500,0.084,0.519,0.397
165000,0.081,0.554,0.365
165500,0.081,0.512,0.407
166000,0.080,0.580,0.341
166500,0.080,0.562,0.358
167000,0.082,0.516,0.402
167500,0.086,0.563,0.352
168000,0.081,0.548,0.371
168500,0.081,0.575,0.345
169000,0.081,0.582,0.338
169500,0.080,0.549,0.371
170000,0.083,0.496,0.421
170500,0.081,0.560,0.359
171000,0.080,0.529,0.391
171500,0.080,0.517,0.403
172000,0.081,0.532,0.387
172500,0.081,0.560,0.359
173000,0.081,0.582,0.338
173500,0.082,0.558,0.360
174000,0.081,0.578,0.341
174500,0.081,0.592,0.328
175000,0.080,0.655,0.265
175500,0.080,0.593,0.327
176000,0.080,0.623,0.297
176500,0.080,0.610,0.310
177000,0.080,0.542,0.378
177500,0.082,0.491,0.427
178000,0.080,0.556,0.364
178500,0.080,0.591,0.330
179000,0.080,0.524,0.396
179500,0.080,0.518,0.402
180000,0.080,0.522,0.398
180500,0.080,0.516,0.404
181000,0.080,0.516,0.404
181500,0.080,0.542,0.378
182000,0.080,0.570,0.350
182500,0.080,0.563,0.357
183000,0.080,0.499,0.421
183500,0.080,0.508,0.412
184000,0.082,0.531,0.387
184500,0.082,0.517,0.401
185000,0.081,0.558,0.361
185500,0.081,0.583,0.337
186000,0.080,0.578,0.343
186500,0.080,0.575,0.346
187000,0.080,0.581,0.339
187500,0.080,0.542,0.378
188000,0.080,0.509,0.411
188500,0.082,0.528,0.390
189000,0.081,0.567,0.352
189500,0.081,0.576,0.344
190000,0.082,0.551,0.367
190500,0.081,0.549,0.370
191000,0.080,0.595,0.326
191500,0.080,0.623,0.297
192000,0.080,0.601,0.320
192500,0.080,0.607,0.314
193000,0.080,0.597,0.323
193500,0.083,0.545,0.372
194000,0.082,0.568,0.351
194500,0.082,0.510,0.408
195000,0.082,0.506,0.412
195500,0.082,0.516,0.402
196000,0.084,0.507,0.409
196500,0.081,0.482,0.437
197000,0.081,0.526,0.393
197500,0.081,0.527,0.392
198000,0.080,0.549,0.371
198500,0.080,0.542,0.378
199000,0.080,0.577,0.343
199500,0.080,0.550,0.370
200000,0.080,0.596,0.325
200500,0.082,0.539,0.379
201000,0.082,0.583,0.335
201500,0.081,0.579,0.341
202000,0.081,0.533,0.386
202500,0.082,0.528,0.390
203000,0.086,0.555,0.359
203500,0.081,0.544,0.375
204000,0.081,0.567,0.353
204500,0.081,0.546,0.373
205000,0.084,0.540,0.376
205500,0.082,0.500,0.418
206000,0.080,0.532,0.388
206500,0.084,0.515,0.401
207000,0.081,0.570,0.350
207500,0.080,0.551,0.369
208000,0.080,0.528,0.392
208500,0.080,0.471,0.449
209000,0.083,0.452,0.465
209500,0.085,0.486,0.429
210000,0.081,0.514,0.405
210500,0.080,0.509,0.411
211000,0.080,0.544,0.376
211500,0.080,0.520,0.400
212000,0.080,0.580,0.340
212500,0.080,0.566,0.355
213000,0.080,0.563,0.357
213500,0.080,0.532,0.388
214000,0.080,0.554,0.366
214500,0.083,0.525,0.392
215000,0.083,0.532,0.385
215500,0.082,0.512,0.406
216000,0.081,0.504,0.415
216500,0.080,0.525,0.395
217000,0.080,0.604,0.316
217500,0.080,0.573,0.347
218000,0.080,0.610,0.310
218500,0.080,0.581,0.339
219000,0.080,0.584,0.337
219500,0.080,0.562,0.358
220000,0.080,0.546,0.374
220500,0.080,0.539,0.381
221000,0.081,0.588,0.332
221500,0.080,0.618,0.302
222000,0.080,0.586,0.334
222500,0.080,0.601,0.320
223000,0.080,0.595,0.325
223500,0.080,0.593,0.327
224000,0.080,0.548,0.372
224500,0.080,0.547,0.373
225000,0.081,0.594,0.325
225500,0.081,0.600,0.320
226000,0.081,0.565,0.355
226500,0.081,0.596,0.324
227000,0.080,0.576,0.345
227500,0.080,0.556,0.364
228000,0.080,0.573,0.348
228500,0.081,0.569,0.351
229000,0.081,0.536,0.383
229500,0.082,0.582,0.337
230000,0.081,0.563,0.356
230500,0.081,0.528,0.391
231000,0.080,0.570,0.350
231500,0.080,0.580,0.340
232000,0.083,0.520,0.397
232500,0.081,0.584,0.336
233000,0.080,0.617,0.303
233500,0.080,0.590,0.331
234000,0.080,0.589,0.331
234500,0.080,0.568,0.353
235000,0.080,0.570,0.350
235500,0.080,0.568,0.353
236000,0.080,0.555,0.365
236500,0.080,0.553,0.367
237000,0.080,0.550,0.370
237500,0.085,0.555,0.360
238000,0.081,0.518,0.401
238500,0.083,0.516,0.401
239000,0.081,0.522,0.397
239500,0.081,0.596,0.324
240000,0.080,0.569,0.351
240500,0.080,0.612,0.308
241000,0.080,0.592,0.328
241500,0.080,0.597,0.323
242000,0.080,0.576,0.345
242500,0.083,0.555,0.362
243000,0.083,0.539,0.378
243500,0.081,0.497,0.422
244000,0.080,0.535,0.385
244500,0.083,0.544,0.373
245000,0.081,0.535,0.384
245500,0.080,0.525,0.395
246000,0.084,0.530,0.386
246500,0.080,0.573,0.348
247000,0.080,0.554,0.366
247500,0.080,0.595,0.326
248000,0.080,0.553,0.367
248500,0.080,0.514,0.406
249000,0.081,0.527,0.392
249500,0.080,0.514,0.406
250000,0.080,0.564,0.357
250500,0.080,0.615,0.305
251000,0.080,0.594,0.326
251500,0.080,0.578,0.343
252000,0.080,0.618,0.302
252500,0.080,0.601,0.320
253000,0.080,0.624,0.296
253500,0.081,0.622,0.297
254000,0.081,0.596,0.324
254500,0.080,0.484,0.436
255000,0.082,0.512,0.406
255500,0.081,0.522,0.397
256000,0.082,0.558,0.360
256500,0.080,0.545,0.375
257000,0.082,0.562,0.356
257500,0.081,0.546,0.373
258000,0.080,0.544,0.376
258500,0.080,0.553,0.367
259000,0.083,0.526,0.391
259500,0.080,0.557,0.363
260000,0.080,0.542,0.378
260500,0.083,0.523,0.394
261000,0.083,0.562,0.355
261500,0.082,0.579,0.340
262000,0.082,0.585,0.334
262500,0.081,0.567,0.353
263000,0.080,0.550,0.370
263500,0.080,0.574,0.347
264000,0.080,0.587,0.334
264500,0.080,0.529,0.391
265000,0.080,0.528,0.392
265500,0.083,0.527,0.390
266000,0.082,0.526,0.392
266500,0.080,0.532,0.388
267000,0.080,0.506,0.414
267500,0.081,0.519,0.400
268000,0.085,0.509,0.406
268500,0.082,0.502,0.416
269000,0.084,0.548,0.368
269500,0.081,0.518,0.401
270000,0.081,0.526,0.393
270500,0.080,0.487,0.433
271000,0.080,0.558,0.362
271500,0.080,0.497,0.423
272000,0.081,0.453,0.466
272500,0.080,0.502,0.418
273000,0.082,0.557,0.361
273500,0.081,0.540,0.379
274000,0.080,0.582,0.338
274500,0.080,0.577,0.343
275000,0.080,0.575,0.345
275500,0.080,0.587,0.333
276000,0.080,0.634,0.286
276500,0.083,0.567,0.351
277000,0.081,0.481,0.438
277500,0.081,0.487,0.432
278000,0.085,0.479,0.436
278500,0.087,0.461,0.451
279000,0.082,0.544,0.374
279500,0.081,0.610,0.309
280000,0.080,0.580,0.341
280500,0.080,0.608,0.312
281000,0.080,0.586,0.334
281500,0.080,0.573,0.347
282000,0.080,0.602,0.318
282500,0.080,0.571,0.350
283000,0.080,0.616,0.304
283500,0.080,0.583,0.338
284000,0.080,0.604,0.316
284500,0.080,0.580,0.340
285000,0.080,0.592,0.328
285500,0.082,0.567,0.352
286000,0.086,0.485,0.428
286500,0.082,0.502,0.416
287000,0.081,0.525,0.394
287500,0.080,0.528,0.392
288000,0.080,0.537,0.383
288500,0.081,0.533,0.386
289000,0.081,0.524,0.395
289500,0.080,0.541,0.379
290000,0.083,0.507,0.410
290500,0.082,0.525,0.393
291000,0.080,0.548,0.372
291500,0.080,0.565,0.355
292000,0.080,0.572,0.348
292500,0.080,0.558,0.362
293000,0.080,0.634,0.286
293500,0.080,0.600,0.320
294000,0.080,0.587,0.333
294500,0.080,0.575,0.346
295000,0.080,0.524,0.396
295500,0.080,0.547,0.373
296000,0.081,0.573,0.347
296500,0.080,0.495,0.425
297000,0.080,0.524,0.396
297500,0.080,0.530,0.390
298000,0.080,0.541,0.379
298500,0.080,0.503,0.417
299000,0.080,0.589,0.332
299500,0.080,0.601,0.320
300000,0.080,0.588,0.333
300500,0.080,0.523,0.397
301000,0.080,0.498,0.422
301500,0.080,0.544,0.376
302000,0.080,0.541,0.379
302500,0.080,0.553,0.367
303000,0.080,0.601,0.319
303500,0.080,0.543,0.377
304000,0.080,0.497,0.423
304500,0.084,0.527,0.389
305000,0.081,0.621,0.299
305500,0.081,0.573,0.347
306000,0.080,0.584,0.336
306500,0.082,0.545,0.373
307000,0.081,0.522,0.397
307500,0.080,0.528,0.392
308000,0.081,0.558,0.361
308500,0.080,0.547,0.373
309000,0.080,0.546,0.374
309500,0.080,0.570,0.351
310000,0.081,0.515,0.404
310500,0.080,0.529,0.391
311000,0.080,0.488,0.432
311500,0.080,0.519,0.401
312000,0.080,0.565,0.355
312500,0.080,0.534,0.386
313000,0.080,0.526,0.394
313500,0.080,0.523,0.397
314000,0.082,0.520,0.398
314500,0.081,0.481,0.438
315000,0.082,0.444,0.475
315500,0.082,0.447,0.471
316000,0.081,0.524,0.395
316500,0.080,0.537,0.383
317000,0.080,0.534,0.386
317500,0.080,0.509,0.411
318000,0.080,0.587,0.333
318500,0.080,0.613,0.307
319000,0.080,0.612,0.308
319500,0.080,0.633,0.287
320000,0.080,0.608,0.312
320500,0.080,0.593,0.327
321000,0.080,0.544,0.376
321500,0.083,0.590,0.328
322000,0.081,0.542,0.377
322500,0.080,0.584,0.337
323000,0.080,0.618,0.302
323500,0.080,0.559,0.361
324000,0.080,0.595,0.326
324500,0.080,0.536,0.384
325000,0.081,0.573,0.346
325500,0.080,0.560,0.360
326000,0.084,0.540,0.376
326500,0.081,0.564,0.356
327000,0.080,0.561,0.359
327500,0.080,0.543,0.377
328000,0.080,0.499,0.421
328500,0.080,0.549,0.371
329000,0.080,0.566,0.354
329500,0.080,0.542,0.378
330000,0.084,0.500,0.416
330500,0.081,0.527,0.392
331000,0.080,0.526,0.394
331500,0.080,0.572,0.348
332000,0.080,0.589,0.331
332500,0.080,0.545,0.375
333000,0.080,0.527,0.393
333500,0.080,0.510,0.410
334000,0.080,0.504,0.416
334500,0.080,0.502,0.418
335000,0.080,0.580,0.341
335500,0.080,0.551,0.369
336000,0.080,0.557,0.363
336500,0.082,0.520,0.398
337000,0.081,0.526,0.393
337500,0.082,0.524,0.394
338000,0.081,0.513,0.406
338500,0.083,0.528,0.389
339000,0.081,0.594,0.325
339500,0.080,0.566,0.355
340000,0.080,0.566,0.354
340500,0.082,0.507,0.411
341000,0.080,0.543,0.377
341500,0.080,0.498,0.422
342000,0.080,0.558,0.362
342500,0.082,0.563,0.355
343000,0.081,0.541,0.378
343500,0.080,0.556,0.364
344000,0.080,0.561,0.359
344500,0.080,0.519,0.401
345000,0.080,0.533,0.387
345500,0.080,0.563,0.357
346000,0.080,0.553,0.367
346500,0.081,0.515,0.404
347000,0.082,0.528,0.390
347500,0.081,0.559,0.360
348000,0.082,0.572,0.347
348500,0.080,0.580,0.340
349000,0.080,0.597,0.324
349500,0.080,0.551,0.369
350000,0.080,0.547,0.373
350500,0.085,0.540,0.375
351000,0.081,0.489,0.430
351500,0.082,0.476,0.442
352000,0.080,0.534,0.386
352500,0.080,0.556,0.364
353000,0.080,0.577,0.343
353500,0.084,0.574,0.343
354000,0.084,0.574,0.342
354500,0.081,0.590,0.329
355000,0.081,0.544,0.375
355500,0.080,0.577,0.343
356000,0.080,0.507,0.413
356500,0.082,0.504,0.414
357000,0.081,0.506,0.413
357500,0.082,0.548,0.370
358000,0.080,0.551,0.369
358500,0.082,0.572,0.347
359000,0.084,0.571,0.346
359500,0.082,0.573,0.346
360000,0.080,0.530,0.390
360500,0.080,0.571,0.349
361000,0.080,0.548,0.372
361500,0.080,0.573,0.347
362000,0.080,0.531,0.389
362500,0.080,0.599,0.322
363000,0.083,0.565,0.353
363500,0.081,0.546,0.373
364000,0.083,0.509,0.408
364500,0.084,0.507,0.409
365000,0.082,0.512,0.406
365500,0.082,0.495,0.423
366000,0.081,0.531,0.388
366500,0.080,0.486,0.434
367000,0.086,0.491,0.423
367500,0.086,0.476,0.439
368000,0.083,0.502,0.415
368500,0.081,0.522,0.397
369000,0.080,0.543,0.377
369500,0.080,0.540,0.380
370000,0.080,0.524,0.396
370500,0.080,0.554,0.366
371000,0.080,0.608,0.312
371500,0.080,0.581,0.340
372000,0.080,0.596,0.325
372500,0.080,0.573,0.348
373000,0.080,0.564,0.356
373500,0.080,0.568,0.352
374000,0.080,0.614,0.306
374500,0.080,0.571,0.350
375000,0.080,0.512,0.408
375500,0.080,0.536,0.384
376000,0.080,0.539,0.381
376500,0.080,0.529,0.391
377000,0.080,0.536,0.384
377500,0.083,0.527,0.390
378000,0.081,0.533,0.386
378500,0.080,0.505,0.415
379000,0.080,0.561,0.359
379500,0.080,0.568,0.352
380000,0.080,0.572,0.348
380500,0.080,0.631,0.289
381000,0.080,0.664,0.256
381500,0.080,0.598,0.322
382000,0.080,0.617,0.303
382500,0.080,0.568,0.352
383000,0.083,0.510,0.407
383500,0.085,0.546,0.369
384000,0.083,0.507,0.410
384500,0.081,0.494,0.425
385000,0.080,0.515,0.405
385500,0.080,0.567,0.353
386000,0.080,0.536,0.384
386500,0.082,0.567,0.352
387000,0.080,0.523,0.397
387500,0.080,0.546,0.374
388000,0.080,0.554,0.366
388500,0.080,0.577,0.343
389000,0.080,0.572,0.349
389500,0.080,0.518,0.402
390000,0.080,0.555,0.365
390500,0.080,0.559,0.361
391000,0.080,0.561,0.359
391500,0.080,0.542,0.378
392000,0.080,0.515,0.405
392500,0.080,0.519,0.401
393000,0.080,0.585,0.336
393500,0.082,0.557,0.361
394000,0.081,0.548,0.371
394500,0.082,0.572,0.347
395000,0.080,0.593,0.327
395500,0.080,0.569,0.352
396000,0.080,0.527,0.393
396500,0.080,0.588,0.333
397000,0.080,0.557,0.363
397500,0.080,0.552,0.368
398000,0.081,0.535,0.384
398500,0.080,0.532,0.388
399000,0.081,0.517,0.402
399500,0.080,0.464,0.457
400000,0.081,0.509,0.410
400500,0.082,0.563,0.356
401000,0.080,0.579,0.342
401500,0.080,0.577,0.343
402000,0.080,0.585,0.335
402500,0.080,0.579,0.342
403000,0.080,0.588,0.332
403500,0.080,0.556,0.364
404000,0.080,0.522,0.398
404500,0.081,0.527,0.392
405000,0.080,0.506,0.414
405500,0.082,0.496,0.422
406000,0.081,0.485,0.434
406500,0.080,0.500,0.420
407000,0.081,0.526,0.393
407500,0.080,0.564,0.357
408000,0.080,0.525,0.395
408500,0.080,0.553,0.367
409000,0.080,0.496,0.424
409500,0.081,0.541,0.378
410000,0.080,0.554,0.366
410500,0.080,0.564,0.356
411000,0.080,0.489,0.431
411500,0.080,0.475,0.445
412000,0.080,0.487,0.433
412500,0.080,0.495,0.425
413000,0.080,0.498,0.422
413500,0.087,0.541,0.372
414000,0.082,0.497,0.421
414500,0.081,0.506,0.413
415000,0.083,0.538,0.379
415500,0.081,0.547,0.372
416000,0.081,0.635,0.284
416500,0.080,0.555,0.365
417000,0.081,0.540,0.379
417500,0.080,0.582,0.338
418000,0.080,0.592,0.329
418500,0.080,0.580,0.340
419000,0.080,0.591,0.329
419500,0.080,0.522,0.398
420000,0.080,0.549,0.371
420500,0.080,0.533,0.387
421000,0.080,0.545,0.375
421500,0.082,0.528,0.390
422000,0.081,0.554,0.365
422500,0.080,0.545,0.375
423000,0.080,0.519,0.401
423500,0.087,0.519,0.394
424000,0.084,0.565,0.352
424500,0.081,0.546,0.373
425000,0.080,0.522,0.398
425500,0.080,0.567,0.353
426000,0.080,0.577,0.344
426500,0.080,0.512,0.408
427000,0.080,0.494,0.426
427500,0.080,0.514,0.406
428000,0.080,0.573,0.347
428500,0.080,0.545,0.375
429000,0.080,0.567,0.353
429500,0.080,0.578,0.343
430000,0.080,0.589,0.331
430500,0.080,0.549,0.371
431000,0.080,0.525,0.395
431500,0.080,0.527,0.393
432000,0.080,0.512,0.408
432500,0.082,0.564,0.355
433000,0.082,0.540,0.378
433500,0.081,0.549,0.370
434000,0.081,0.534,0.385
434500,0.080,0.455,0.465
435000,0.081,0.544,0.375
435500,0.080,0.589,0.331
436000,0.080,0.546,0.374
436500,0.081,0.501,0.418
437000,0.081,0.538,0.381
437500,0.083,0.532,0.385
438000,0.081,0.521,0.398
438500,0.081,0.577,0.342
439000,0.081,0.569,0.351
439500,0.080,0.551,0.369
440000,0.080,0.561,0.359
440500,0.080,0.623,0.297
441000,0.083,0.595,0.322
441500,0.080,0.547,0.373
442000,0.085,0.525,0.390
442500,0.081,0.503,0.416
443000,0.081,0.568,0.352
443500,0.080,0.606,0.315
444000,0.080,0.621,0.299
444500,0.080,0.616,0.304
445000,0.080,0.590,0.331
445500,0.085,0.583,0.333
446000,0.081,0.568,0.352
446500,0.081,0.524,0.395
447000,0.080,0.526,0.394
447500,0.080,0.476,0.444
448000,0.080,0.475,0.445
448500,0.080,0.524,0.396
449000,0.080,0.510,0.410
449500,0.082,0.482,0.436
450000,0.082,0.495,0.423
450500,0.080,0.506,0.414
451000,0.084,0.472,0.444
451500,0.083,0.506,0.411
452000,0.081,0.536,0.383
452500,0.081,0.587,0.333
453000,0.080,0.612,0.308
453500,0.080,0.591,0.329
454000,0.080,0.543,0.377
454500,0.081,0.532,0.387
455000,0.080,0.517,0.403
455500,0.080,0.500,0.420
456000,0.082,0.521,0.397
456500,0.080,0.522,0.398
457000,0.082,0.505,0.413
457500,0.084,0.507,0.409
458000,0.081,0.544,0.375
458500,0.081,0.536,0.383
459000,0.080,0.554,0.366
459500,0.080,0.556,0.364
460000,0.080,0.568,0.352
460500,0.080,0.594,0.327
461000,0.080,0.548,0.372
461500,0.081,0.529,0.390
462000,0.081,0.526,0.393
462500,0.080,0.548,0.372
463000,0.085,0.444,0.471
463500,0.084,0.512,0.404
464000,0.082,0.554,0.364
464500,0.081,0.543,0.376
465000,0.080,0.593,0.327
465500,0.080,0.597,0.323
466000,0.084,0.608,0.309
466500,0.081,0.581,0.339
467000,0.081,0.575,0.345
467500,0.081,0.546,0.373
468000,0.084,0.538,0.378
468500,0.085,0.544,0.371
469000,0.081,0.528,0.391
469500,0.081,0.511,0.408
470000,0.080,0.539,0.381
470500,0.080,0.528,0.392
471000,0.080,0.519,0.401
471500,0.083,0.546,0.371
472000,0.080,0.521,0.399
472500,0.080,0.553,0.367
473000,0.080,0.540,0.380
473500,0.080,0.507,0.413
474000,0.083,0.511,0.406
474500,0.082,0.492,0.426
475000,0.081,0.566,0.354
475500,0.080,0.553,0.367
476000,0.083,0.548,0.369
476500,0.082,0.575,0.344
477000,0.081,0.562,0.357
477500,0.080,0.537,0.383
478000,0.080,0.508,0.412
478500,0.080,0.528,0.392
479000,0.080,0.531,0.389
479500,0.080,0.577,0.343
480000,0.083,0.536,0.381
480500,0.081,0.489,0.430
481000,0.080,0.508,0.412
481500,0.080,0.542,0.378
482000,0.080,0.529,0.391
482500,0.080,0.543,0.377
483000,0.080,0.528,0.392
483500,0.080,0.534,0.386
484000,0.084,0.567,0.350
484500,0.083,0.586,0.332
485000,0.080,0.571,0.350
485500,0.080,0.578,0.342
486000,0.080,0.569,0.352
486500,0.080,0.557,0.363
487000,0.080,0.566,0.355
487500,0.080,0.547,0.373
488000,0.080,0.555,0.365
488500,0.080,0.581,0.340
489000,0.080,0.589,0.331
489500,0.080,0.562,0.358
490000,0.080,0.535,0.385
490500,0.080,0.544,0.376
491000,0.080,0.531,0.389
491500,0.080,0.584,0.337
492000,0.080,0.562,0.358
492500,0.080,0.534,0.386
493000,0.080,0.501,0.419
493500,0.080,0.528,0.392
494000,0.080,0.523,0.397
494500,0.080,0.526,0.394
495000,0.080,0.550,0.370
495500,0.080,0.564,0.356
496000,0.080,0.577,0.343
496500,0.080,0.585,0.335
497000,0.080,0.590,0.331
497500,0.080,0.610,0.310
498000,0.080,0.602,0.318
498500,0.080,0.533,0.387
499000,0.085,0.553,0.362
499500,0.082,0.546,0.372
500000,0.083,0.496,0.421
500500,0.081,0.467,0.452
501000,0.082,0.482,0.436
501500,0.084,0.549,0.367
502000,0.082,0.535,0.383
502500,0.083,0.516,0.401
503000,0.081,0.521,0.398
503500,0.081,0.550,0.369
504000,0.081,0.531,0.388
504500,0.080,0.567,0.354
505000,0.080,0.578,0.342
505500,0.083,0.540,0.377
506000,0.080,0.486,0.434
506500,0.080,0.508,0.412
507000,0.080,0.504,0.416
507500,0.080,0.498,0.422
508000,0.080,0.514,0.406
508500,0.080,0.510,0.410
509000,0.080,0.513,0.407
509500,0.080,0.527,0.393
510000,0.080,0.521,0.399
510500,0.080,0.604,0.316
511000,0.080,0.557,0.363
511500,0.080,0.547,0.373
512000,0.080,0.545,0.375
512500,0.080,0.548,0.372
513000,0.080,0.538,0.382
513500,0.085,0.512,0.403
514000,0.082,0.540,0.378
514500,0.081,0.533,0.386
515000,0.082,0.570,0.349
515500,0.081,0.551,0.368
516000,0.082,0.501,0.417
516500,0.081,0.506,0.413
517000,0.089,0.490,0.421
517500,0.085,0.523,0.392
518000,0.081,0.557,0.362
518500,0.080,0.548,0.372
519000,0.080,0.581,0.339
519500,0.080,0.612,0.308
520000,0.086,0.617,0.297
520500,0.082,0.590,0.329
521000,0.080,0.552,0.368
521500,0.080,0.577,0.344
522000,0.080,0.580,0.341
522500,0.080,0.546,0.374
523000,0.080,0.552,0.368
523500,0.080,0.581,0.339
524000,0.080,0.555,0.365
524500,0.080,0.558,0.362
525000,0.080,0.526,0.394
525500,0.080,0.510,0.410
526000,0.080,0.533,0.387
526500,0.080,0.552,0.368
527000,0.080,0.544,0.376
527500,0.080,0.574,0.347
528000,0.080,0.545,0.375
528500,0.080,0.585,0.336
529000,0.080,0.612,0.308
529500,0.080,0.571,0.349
530000,0.082,0.602,0.317
530500,0.080,0.589,0.332
531000,0.080,0.580,0.341
531500,0.080,0.539,0.381
532000,0.080,0.572,0.349
532500,0.080,0.578,0.342
533000,0.080,0.581,0.340
533500,0.080,0.574,0.346
534000,0.080,0.555,0.365
534500,0.080,0.579,0.341
535000,0.080,0.549,0.371
535500,0.080,0.547,0.373
536000,0.080,0.518,0.402
536500,0.080,0.513,0.407
537000,0.081,0.499,0.420
537500,0.081,0.589,0.331
538000,0.080,0.572,0.349
538500,0.080,0.601,0.320
539000,0.080,0.577,0.343
539500,0.080,0.592,0.328
540000,0.080,0.565,0.356
540500,0.080,0.535,0.385
541000,0.080,0.550,0.370
541500,0.080,0.526,0.394
542000,0.080,0.474,0.446
542500,0.080,0.518,0.402
543000,0.080,0.558,0.362
543500,0.080,0.552,0.368
544000,0.080,0.569,0.352
544500,0.080,0.543,0.377
545000,0.084,0.541,0.375
545500,0.082,0.570,0.349
546000,0.081,0.563,0.357
546500,0.080,0.540,0.380
547000,0.080,0.543,0.377
547500,0.080,0.561,0.359
548000,0.081,0.546,0.373
548500,0.080,0.551,0.369
549000,0.080,0.552,0.368
549500,0.080,0.537,0.383
550000,0.080,0.543,0.377
550500,0.080,0.535,0.385
551000,0.080,0.514,0.406
551500,0.083,0.508,0.409
552000,0.081,0.513,0.406
552500,0.081,0.493,0.426
553000,0.080,0.530,0.390
553500,0.083,0.572,0.346
554000,0.081,0.531,0.388
554500,0.081,0.573,0.347
555000,0.081,0.602,0.318
555500,0.080,0.612,0.308
556000,0.080,0.598,0.323
556500,0.080,0.611,0.309
557000,0.080,0.567,0.354
557500,0.083,0.550,0.367
558000,0.081,0.519,0.400
558500,0.084,0.531,0.385
559000,0.081,0.527,0.392
559500,0.087,0.470,0.442
560000,0.082,0.455,0.464
560500,0.081,0.472,0.447
561000,0.080,0.497,0.423
561500,0.080,0.517,0.403
562000,0.081,0.557,0.362
562500,0.081,0.596,0.324
563000,0.080,0.587,0.334
563500,0.080,0.580,0.341
564000,0.081,0.551,0.368
564500,0.080,0.509,0.411
565000,0.080,0.542,0.378
565500,0.080,0.575,0.346
566000,0.080,0.589,0.332
566500,0.080,0.531,0.389
567000,0.080,0.522,0.398
567500,0.088,0.496,0.416
568000,0.082,0.550,0.368
568500,0.081,0.513,0.406
569000,0.081,0.517,0.402
569500,0.081,0.566,0.354
570000,0.080,0.568,0.352
570500,0.080,0.523,0.397
571000,0.087,0.510,0.402
571500,0.086,0.539,0.375
572000,0.081,0.575,0.344
572500,0.080,0.543,0.377
573000,0.084,0.549,0.367
573500,0.081,0.577,0.343
574000,0.081,0.566,0.354
574500,0.081,0.602,0.318
575000,0.080,0.573,0.347
575500,0.083,0.551,0.366
576000,0.080,0.513,0.407
576500,0.080,0.521,0.399
577000,0.080,0.556,0.364
577500,0.080,0.554,0.366
578000,0.082,0.549,0.369
578500,0.081,0.588,0.332
579000,0.084,0.536,0.380
579500,0.081,0.531,0.388
580000,0.080,0.533,0.387
580500,0.080,0.556,0.364
581000,0.080,0.563,0.357
581500,0.080,0.621,0.299
582000,0.080,0.566,0.355
582500,0.080,0.573,0.347
583000,0.080,0.520,0.400
583500,0.080,0.519,0.401
584000,0.083,0.504,0.413
584500,0.083,0.497,0.420
585000,0.082,0.523,0.395
585500,0.081,0.541,0.378
586000,0.080,0.517,0.403
586500,0.080,0.525,0.395
587000,0.080,0.523,0.397
587500,0.081,0.546,0.373
588000,0.080,0.532,0.388
588500,0.080,0.514,0.406
589000,0.083,0.564,0.354
589500,0.080,0.572,0.349
590000,0.080,0.611,0.309
590500,0.080,0.546,0.374
591000,0.080,0.523,0.397
591500,0.080,0.562,0.358
592000,0.081,0.522,0.397
592500,0.080,0.562,0.358
593000,0.080,0.577,0.343
593500,0.080,0.622,0.298
594000,0.080,0.606,0.315
594500,0.080,0.583,0.337
595000,0.080,0.575,0.345
595500,0.080,0.609,0.311
596000,0.080,0.560,0.360
596500,0.080,0.550,0.370
597000,0.080,0.508,0.412
597500,0.080,0.556,0.364
598000,0.080,0.549,0.371
598500,0.080,0.508,0.412
599000,0.083,0.547,0.370
599500,0.084,0.538,0.378
600000,0.082,0.532,0.386
600500,0.083,0.550,0.367
601000,0.081,0.513,0.406
601500,0.082,0.490,0.428
602000,0.083,0.500,0.417
602500,0.081,0.594,0.326
603000,0.081,0.587,0.333
603500,0.081,0.561,0.358
604000,0.080,0.543,0.377
604500,0.080,0.492,0.428
605000,0.082,0.556,0.362
605500,0.080,0.537,0.383
606000,0.080,0.561,0.359
606500,0.084,0.584,0.333
607000,0.081,0.614,0.305
607500,0.081,0.598,0.322
608000,0.080,0.569,0.352
608500,0.080,0.617,0.303
609000,0.080,0.575,0.345
609500,0.084,0.541,0.375
610000,0.081,0.490,0.429
610500,0.080,0.531,0.389
611000,0.080,0.453,0.467
611500,0.083,0.489,0.428
612000,0.081,0.506,0.413
612500,0.081,0.488,0.431
613000,0.089,0.466,0.446
613500,0.087,0.452,0.462
614000,0.082,0.498,0.420
614500,0.082,0.524,0.394
615000,0.083,0.503,0.414
615500,0.081,0.489,0.430
616000,0.080,0.501,0.419
616500,0.080,0.523,0.397
617000,0.083,0.529,0.388
617500,0.082,0.548,0.370
618000,0.081,0.530,0.389
618500,0.080,0.568,0.353
619000,0.080,0.547,0.373
619500,0.080,0.512,0.408
620000,0.080,0.494,0.426
620500,0.080,0.497,0.423
621000,0.080,0.543,0.377
621500,0.080,0.561,0.359
622000,0.080,0.573,0.347
622500,0.080,0.536,0.384
623000,0.080,0.572,0.348
623500,0.080,0.525,0.395
624000,0.084,0.468,0.448
624500,0.082,0.493,0.425
625000,0.082,0.502,0.416
625500,0.081,0.556,0.363
626000,0.080,0.567,0.354
626500,0.080,0.559,0.361
627000,0.083,0.553,0.364
627500,0.081,0.611,0.309
628000,0.080,0.566,0.354
628500,0.080,0.557,0.363
629000,0.084,0.524,0.392
629500,0.081,0.575,0.345
630000,0.081,0.572,0.348
630500,0.080,0.549,0.371
631000,0.081,0.529,0.390
631500,0.080,0.532,0.388
632000,0.080,0.545,0.375
632500,0.080,0.551,0.369
633000,0.080,0.553,0.367
633500,0.080,0.544,0.376
634000,0.080,0.542,0.378
634500,0.080,0.553,0.367
635000,0.080,0.554,0.366
635500,0.080,0.543,0.377
636000,0.080,0.613,0.307
636500,0.080,0.569,0.352
637000,0.080,0.574,0.346
637500,0.080,0.559,0.361
638000,0.080,0.510,0.410
638500,0.082,0.507,0.411
639000,0.082,0.556,0.362
639500,0.080,0.554,0.366
640000,0.080,0.567,0.354
640500,0.080,0.562,0.358
641000,0.083,0.560,0.357
641500,0.081,0.542,0.377
642000,0.080,0.578,0.342
642500,0.080,0.531,0.389
643000,0.080,0.505,0.415
643500,0.080,0.539,0.381
644000,0.080,0.527,0.393
644500,0.080,0.524,0.396
645000,0.080,0.556,0.364
645500,0.080,0.569,0.352
646000,0.080,0.584,0.336
646500,0.080,0.547,0.373
647000,0.083,0.547,0.370
647500,0.081,0.509,0.410
648000,0.080,0.542,0.378
648500,0.080,0.539,0.381
649000,0.080,0.513,0.407
649500,0.081,0.560,0.359
650000,0.082,0.579,0.340
650500,0.080,0.578,0.343
651000,0.080,0.551,0.369
651500,0.080,0.564,0.357
652000,0.080,0.561,0.359
652500,0.080,0.547,0.373
653000,0.080,0.549,0.371
653500,0.080,0.531,0.389
654000,0.080,0.505,0.415
654500,0.081,0.530,0.389
655000,0.081,0.575,0.345
655500,0.080,0.575,0.345
656000,0.080,0.523,0.397
656500,0.080,0.555,0.365
657000,0.080,0.558,0.362
657500,0.080,0.561,0.359
658000,0.080,0.599,0.322
658500,0.080,0.626,0.294
659000,0.080,0.605,0.316
659500,0.080,0.615,0.305
660000,0.080,0.500,0.420
660500,0.080,0.549,0.371
661000,0.080,0.585,0.336
661500,0.080,0.603,0.318
662000,0.080,0.584,0.336
662500,0.080,0.564,0.357
663000,0.080,0.605,0.315
663500,0.080,0.603,0.318
664000,0.080,0.574,0.347
664500,0.080,0.565,0.356
665000,0.080,0.524,0.396
665500,0.080,0.529,0.391
666000,0.080,0.515,0.405
666500,0.084,0.519,0.397
667000,0.082,0.553,0.365
667500,0.080,0.555,0.365
668000,0.080,0.604,0.316
668500,0.080,0.632,0.288
669000,0.080,0.631,0.289
669500,0.080,0.648,0.272
670000,0.080,0.629,0.291
670500,0.080,0.568,0.352
671000,0.080,0.570,0.350
671500,0.080,0.564,0.356
672000,0.080,0.552,0.368
672500,0.080,0.561,0.359
673000,0.080,0.576,0.344
673500,0.080,0.585,0.336
674000,0.082,0.586,0.333
674500,0.081,0.559,0.360
675000,0.081,0.569,0.351
675500,0.081,0.510,0.409
676000,0.083,0.506,0.411
676500,0.082,0.580,0.339
677000,0.080,0.573,0.348
677500,0.080,0.616,0.304
678000,0.080,0.608,0.312
678500,0.080,0.572,0.349
679000,0.080,0.606,0.314
679500,0.080,0.636,0.284
680000,0.080,0.613,0.307
680500,0.080,0.590,0.331
681000,0.082,0.604,0.315
681500,0.081,0.560,0.359
682000,0.081,0.594,0.326
682500,0.080,0.527,0.393
683000,0.080,0.568,0.353
683500,0.080,0.570,0.351
684000,0.080,0.562,0.358
684500,0.080,0.505,0.415
685000,0.080,0.565,0.356
685500,0.080,0.576,0.345
686000,0.081,0.574,0.346
686500,0.082,0.525,0.393
687000,0.084,0.532,0.384
687500,0.083,0.536,0.381
688000,0.081,0.535,0.384
688500,0.080,0.564,0.356
689000,0.080,0.560,0.360
689500,0.080,0.559,0.361
690000,0.080,0.606,0.315
690500,0.080,0.634,0.286
691000,0.080,0.621,0.299
691500,0.080,0.566,0.354
692000,0.080,0.579,0.341
692500,0.080,0.532,0.388
693000,0.080,0.573,0.348
693500,0.080,0.574,0.347
694000,0.080,0.545,0.375
694500,0.080,0.522,0.398
695000,0.083,0.499,0.418
695500,0.081,0.505,0.414
696000,0.085,0.515,0.400
696500,0.085,0.523,0.392
697000,0.081,0.526,0.393
697500,0.080,0.521,0.399
698000,0.080,0.519,0.401
698500,0.080,0.578,0.343
699000,0.082,0.560,0.358
699500,0.080,0.548,0.372
700000,0.080,0.513,0.407
700500,0.082,0.475,0.443
701000,0.080,0.482,0.438
701500,0.080,0.527,0.393
702000,0.083,0.533,0.384
702500,0.085,0.511,0.404
703000,0.083,0.529,0.388
703500,0.081,0.541,0.378
704000,0.081,0.541,0.378
704500,0.080,0.519,0.401
705000,0.081,0.496,0.423
705500,0.080,0.526,0.394
706000,0.080,0.547,0.373
706500,0.080,0.579,0.342
707000,0.084,0.548,0.368
707500,0.081,0.588,0.332
708000,0.080,0.590,0.330
708500,0.080,0.569,0.351
709000,0.080,0.558,0.362
709500,0.080,0.550,0.370
710000,0.080,0.555,0.365
710500,0.080,0.557,0.363
711000,0.080,0.569,0.351
711500,0.080,0.567,0.353
712000,0.080,0.578,0.343
712500,0.081,0.516,0.403
713000,0.081,0.505,0.414
713500,0.084,0.521,0.395
714000,0.081,0.544,0.375
714500,0.080,0.550,0.370
715000,0.081,0.498,0.421
715500,0.080,0.518,0.402
716000,0.080,0.598,0.323
716500,0.080,0.535,0.385
717000,0.080,0.564,0.357
717500,0.083,0.561,0.356
718000,0.081,0.575,0.345
718500,0.080,0.576,0.345
719000,0.082,0.572,0.347
719500,0.081,0.532,0.387
720000,0.082,0.538,0.380
720500,0.081,0.484,0.435
721000,0.081,0.498,0.421
721500,0.084,0.474,0.442
722000,0.082,0.507,0.411
722500,0.084,0.546,0.370
723000,0.080,0.585,0.336
723500,0.082,0.574,0.345
724000,0.080,0.552,0.368
724500,0.080,0.512,0.408
725000,0.080,0.554,0.366
725500,0.080,0.542,0.378
726000,0.080,0.491,0.429
726500,0.080,0.495,0.425
727000,0.080,0.565,0.355
727500,0.080,0.549,0.371
728000,0.080,0.565,0.356
728500,0.080,0.556,0.364
729000,0.080,0.529,0.391
729500,0.081,0.498,0.421
730000,0.080,0.515,0.405
730500,0.080,0.550,0.370
731000,0.081,0.517,0.402
731500,0.080,0.548,0.372
732000,0.080,0.560,0.360
732500,0.080,0.564,0.357
733000,0.084,0.534,0.382
733500,0.083,0.501,0.416
734000,0.082,0.503,0.415
734500,0.080,0.493,0.427
735000,0.080,0.491,0.429
735500,0.084,0.478,0.439
736000,0.080,0.532,0.388
736500,0.080,0.565,0.356
737000,0.080,0.539,0.381
737500,0.080,0.546,0.374
738000,0.080,0.561,0.359
738500,0.080,0.595,0.326
739000,0.080,0.532,0.388
739500,0.080,0.532,0.388
740000,0.080,0.523,0.397
740500,0.080,0.534,0.386
741000,0.085,0.589,0.326
741500,0.082,0.547,0.371
742000,0.080,0.519,0.401
742500,0.082,0.537,0.381
743000,0.080,0.517,0.403
743500,0.080,0.510,0.410
744000,0.080,0.464,0.456
744500,0.085,0.488,0.427
745000,0.081,0.504,0.415
745500,0.081,0.562,0.357
746000,0.080,0.550,0.370
746500,0.080,0.584,0.337
747000,0.080,0.574,0.346
747500,0.082,0.556,0.362
748000,0.080,0.566,0.354
748500,0.080,0.550,0.370
749000,0.084,0.531,0.385
749500,0.081,0.579,0.341
750000,0.080,0.569,0.352
750500,0.080,0.581,0.339
751000,0.080,0.528,0.392
751500,0.081,0.518,0.401
752000,0.080,0.492,0.428
752500,0.080,0.515,0.405
753000,0.080,0.509,0.411
753500,0.080,0.527,0.393
754000,0.080,0.507,0.413
754500,0.082,0.583,0.336
755000,0.081,0.588,0.332
755500,0.080,0.569,0.352
756000,0.081,0.541,0.378
756500,0.082,0.528,0.390
757000,0.081,0.520,0.399
757500,0.080,0.526,0.394
758000,0.080,0.524,0.396
758500,0.080,0.544,0.376
759000,0.080,0.523,0.397
759500,0.080,0.487,0.433
760000,0.082,0.514,0.404
760500,0.081,0.552,0.367
761000,0.081,0.566,0.354
761500,0.080,0.518,0.402
762000,0.083,0.525,0.392
762500,0.082,0.529,0.389
763000,0.082,0.576,0.343
763500,0.081,0.611,0.309
764000,0.080,0.604,0.317
764500,0.080,0.620,0.300
765000,0.080,0.589,0.331
765500,0.080,0.578,0.343
766000,0.080,0.556,0.364
766500,0.080,0.536,0.384
767000,0.080,0.558,0.362
767500,0.080,0.532,0.388
768000,0.080,0.499,0.421
768500,0.080,0.518,0.402
769000,0.082,0.523,0.395
769500,0.082,0.521,0.397
770000,0.081,0.504,0.415
770500,0.085,0.487,0.428
771000,0.085,0.485,0.430
771500,0.082,0.588,0.331
772000,0.080,0.593,0.327
772500,0.080,0.581,0.340
773000,0.080,0.552,0.368
773500,0.080,0.571,0.350
774000,0.080,0.575,0.345
774500,0.083,0.528,0.389
775000,0.082,0.507,0.411
775500,0.083,0.547,0.370
776000,0.081,0.590,0.330
776500,0.080,0.561,0.359
777000,0.080,0.565,0.355
777500,0.080,0.602,0.318
778000,0.080,0.630,0.290
778500,0.080,0.586,0.334
779000,0.080,0.607,0.314
779500,0.080,0.588,0.332
780000,0.080,0.569,0.351
780500,0.080,0.515,0.405
781000,0.080,0.526,0.394
781500,0.080,0.533,0.387
782000,0.080,0.522,0.398
782500,0.080,0.513,0.407
783000,0.080,0.518,0.402
783500,0.081,0.521,0.398
784000,0.084,0.554,0.362
784500,0.080,0.551,0.369
785000,0.080,0.527,0.393
785500,0.080,0.547,0.373
786000,0.082,0.561,0.357
786500,0.081,0.558,0.361
787000,0.080,0.571,0.349
787500,0.081,0.579,0.341
788000,0.081,0.581,0.339
788500,0.080,0.613,0.307
789000,0.080,0.567,0.353
789500,0.080,0.590,0.331
790000,0.080,0.621,0.299
790500,0.080,0.587,0.334
791000,0.082,0.546,0.372
791500,0.081,0.545,0.374
792000,0.080,0.556,0.364
792500,0.081,0.581,0.339
793000,0.080,0.571,0.350
793500,0.080,0.494,0.426
794000,0.080,0.541,0.379
794500,0.080,0.568,0.353
795000,0.080,0.543,0.377
795500,0.080,0.527,0.393
796000,0.080,0.529,0.391
796500,0.080,0.515,0.405
797000,0.080,0.588,0.332
797500,0.080,0.576,0.345
798000,0.080,0.559,0.361
798500,0.080,0.540,0.380
799000,0.082,0.572,0.347
799500,0.080,0.620,0.300
800000,0.080,0.570,0.351
800500,0.080,0.554,0.366
801000,0.080,0.535,0.385
801500,0.080,0.579,0.342
802000,0.080,0.558,0.362
802500,0.080,0.584,0.337
803000,0.080,0.612,0.308
803500,0.080,0.566,0.355
804000,0.080,0.572,0.348
804500,0.080,0.610,0.310
805000,0.080,0.596,0.325
805500,0.080,0.561,0.359
806000,0.083,0.501,0.416
806500,0.081,0.471,0.449
807000,0.081,0.494,0.425
807500,0.081,0.537,0.382
808000,0.085,0.523,0.392
808500,0.083,0.536,0.381
809000,0.081,0.524,0.395
809500,0.083,0.574,0.343
810000,0.081,0.607,0.312
810500,0.081,0.595,0.325
811000,0.080,0.608,0.312
811500,0.080,0.562,0.358
812000,0.080,0.527,0.393
812500,0.080,0.542,0.378
813000,0.080,0.593,0.327
813500,0.080,0.518,0.402
814000,0.080,0.529,0.391
814500,0.080,0.547,0.373
815000,0.080,0.512,0.408
815500,0.081,0.573,0.347
816000,0.080,0.633,0.287
816500,0.080,0.621,0.299
817000,0.080,0.601,0.320
817500,0.083,0.557,0.360
818000,0.080,0.525,0.395
818500,0.082,0.522,0.396
819000,0.083,0.535,0.382
819500,0.081,0.499,0.420
820000,0.080,0.515,0.405
820500,0.080,0.528,0.392
821000,0.082,0.523,0.395
821500,0.080,0.537,0.383
822000,0.080,0.577,0.343
822500,0.080,0.575,0.345
823000,0.080,0.531,0.389
823500,0.080,0.595,0.326
824000,0.080,0.599,0.322
824500,0.080,0.609,0.311
825000,0.080,0.607,0.314
825500,0.080,0.591,0.329
826000,0.083,0.567,0.351
826500,0.082,0.524,0.394
827000,0.083,0.501,0.416
827500,0.081,0.530,0.389
828000,0.080,0.542,0.378
828500,0.080,0.512,0.408
829000,0.080,0.518,0.402
829500,0.085,0.497,0.418
830000,0.080,0.494,0.426
830500,0.083,0.483,0.434
831000,0.082,0.492,0.426
831500,0.081,0.535,0.384
832000,0.083,0.544,0.373
832500,0.082,0.529,0.389
833000,0.081,0.530,0.389
833500,0.080,0.572,0.349
834000,0.080,0.579,0.341
834500,0.080,0.530,0.390
835000,0.080,0.573,0.347
835500,0.081,0.591,0.329
836000,0.080,0.519,0.401
836500,0.081,0.557,0.362
837000,0.081,0.577,0.343
837500,0.080,0.548,0.372
838000,0.080,0.541,0.379
838500,0.080,0.562,0.358
839000,0.080,0.559,0.361
839500,0.080,0.560,0.360
840000,0.082,0.584,0.335
840500,0.081,0.556,0.363
841000,0.080,0.561,0.359
841500,0.080,0.555,0.365
842000,0.084,0.556,0.360
842500,0.081,0.579,0.341
843000,0.080,0.565,0.355
843500,0.083,0.579,0.339
844000,0.081,0.524,0.395
844500,0.080,0.540,0.380
845000,0.080,0.531,0.389
845500,0.080,0.523,0.397
846000,0.080,0.541,0.379
846500,0.080,0.535,0.385
847000,0.081,0.535,0.384
847500,0.080,0.540,0.380
848000,0.080,0.494,0.426
848500,0.080,0.527,0.393
849000,0.080,0.517,0.403
849500,0.082,0.521,0.397
850000,0.081,0.526,0.393
850500,0.080,0.531,0.389
851000,0.080,0.563,0.357
851500,0.080,0.530,0.390
852000,0.080,0.545,0.375
852500,0.081,0.564,0.356
853000,0.080,0.535,0.385
853500,0.083,0.528,0.389
854000,0.083,0.497,0.420
854500,0.082,0.514,0.404
855000,0.080,0.542,0.378
855500,0.082,0.503,0.415
856000,0.080,0.484,0.436
856500,0.080,0.579,0.341
857000,0.080,0.572,0.348
857500,0.080,0.543,0.377
858000,0.081,0.513,0.406
858500,0.084,0.501,0.415
859000,0.080,0.540,0.380
859500,0.080,0.584,0.336
860000,0.080,0.592,0.329
860500,0.080,0.595,0.325
861000,0.080,0.596,0.324
861500,0.080,0.594,0.326
862000,0.080,0.560,0.360
862500,0.080,0.624,0.296
863000,0.080,0.582,0.338
863500,0.080,0.573,0.348
864000,0.080,0.562,0.358
864500,0.080,0.544,0.376
865000,0.080,0.557,0.363
865500,0.080,0.583,0.337
866000,0.082,0.607,0.311
866500,0.080,0.527,0.393
867000,0.082,0.511,0.407
867500,0.082,0.519,0.399
868000,0.082,0.516,0.402
868500,0.081,0.514,0.405
869000,0.080,0.565,0.356
869500,0.080,0.540,0.380
870000,0.087,0.487,0.425
870500,0.084,0.463,0.453
871000,0.082,0.466,0.452
871500,0.081,0.549,0.370
872000,0.080,0.617,0.303
872500,0.080,0.611,0.309
873000,0.080,0.583,0.337
873500,0.080,0.617,0.303
874000,0.081,0.613,0.306
874500,0.080,0.618,0.302
875000,0.080,0.603,0.318
875500,0.080,0.606,0.315
876000,0.080,0.591,0.330
876500,0.080,0.622,0.298
877000,0.080,0.618,0.302
877500,0.080,0.605,0.316
878000,0.080,0.582,0.339
878500,0.080,0.578,0.342
879000,0.080,0.580,0.340
879500,0.080,0.573,0.347
880000,0.080,0.602,0.319
880500,0.080,0.587,0.333
881000,0.080,0.572,0.348
881500,0.080,0.566,0.355
882000,0.080,0.530,0.390
882500,0.080,0.552,0.368
883000,0.080,0.501,0.419
883500,0.081,0.509,0.410
884000,0.082,0.579,0.340
884500,0.080,0.642,0.278
885000,0.080,0.593,0.327
885500,0.080,0.601,0.320
886000,0.080,0.622,0.298
886500,0.086,0.547,0.367
887000,0.082,0.526,0.392
887500,0.080,0.564,0.357
888000,0.080,0.556,0.364
888500,0.080,0.541,0.379
889000,0.080,0.570,0.351
889500,0.083,0.531,0.386
890000,0.081,0.545,0.374
890500,0.080,0.529,0.391
891000,0.080,0.559,0.361
891500,0.080,0.527,0.393
892000,0.080,0.494,0.426
892500,0.080,0.561,0.359
893000,0.083,0.543,0.374
893500,0.081,0.541,0.378
894000,0.080,0.539,0.381
894500,0.084,0.518,0.398
895000,0.081,0.494,0.425
895500,0.080,0.522,0.398
896000,0.080,0.548,0.372
896500,0.082,0.569,0.350
897000,0.080,0.545,0.375
897500,0.082,0.495,0.423
898000,0.081,0.501,0.418
898500,0.080,0.536,0.384
899000,0.082,0.521,0.397
899500,0.083,0.505,0.412
900000,0.081,0.504,0.415
900500,0.083,0.495,0.422
901000,0.081,0.549,0.370
901500,0.081,0.571,0.348
902000,0.081,0.569,0.351
902500,0.080,0.594,0.327
903000,0.080,0.546,0.374
903500,0.080,0.580,0.341
904000,0.080,0.576,0.345
904500,0.081,0.565,0.355
905000,0.080,0.510,0.410
905500,0.084,0.505,0.411
906000,0.083,0.512,0.405
906500,0.081,0.586,0.334
907000,0.080,0.542,0.378
907500,0.083,0.488,0.429
908000,0.080,0.552,0.368
908500,0.080,0.545,0.375
909000,0.080,0.514,0.406
909500,0.080,0.532,0.388
910000,0.080,0.545,0.375
910500,0.081,0.539,0.380
911000,0.080,0.511,0.409
911500,0.080,0.544,0.376
912000,0.080,0.568,0.352
912500,0.080,0.543,0.377
913000,0.080,0.525,0.395
913500,0.080,0.567,0.353
914000,0.080,0.581,0.340
914500,0.080,0.568,0.352
915000,0.081,0.568,0.352
915500,0.081,0.598,0.322
916000,0.081,0.591,0.329
916500,0.081,0.587,0.333
917000,0.080,0.586,0.335
917500,0.080,0.583,0.337
918000,0.080,0.558,0.362
918500,0.080,0.571,0.350
919000,0.082,0.528,0.390
919500,0.081,0.533,0.386
920000,0.081,0.508,0.411
920500,0.081,0.565,0.355
921000,0.080,0.564,0.357
921500,0.080,0.558,0.362
922000,0.080,0.545,0.375
922500,0.080,0.562,0.358
923000,0.081,0.515,0.404
923500,0.080,0.539,0.381
924000,0.080,0.521,0.399
924500,0.089,0.486,0.424
925000,0.088,0.482,0.429
925500,0.082,0.512,0.406
926000,0.081,0.546,0.373
926500,0.080,0.552,0.368
927000,0.080,0.489,0.431
927500,0.080,0.539,0.381
928000,0.080,0.537,0.383
928500,0.080,0.526,0.394
929000,0.081,0.556,0.363
929500,0.081,0.558,0.361
930000,0.081,0.559,0.360
930500,0.080,0.519,0.401
931000,0.088,0.466,0.447
931500,0.085,0.502,0.413
932000,0.081,0.489,0.430
932500,0.080,0.578,0.343
933000,0.080,0.557,0.363
933500,0.080,0.572,0.348
934000,0.080,0.556,0.364
934500,0.080,0.564,0.356
935000,0.080,0.529,0.391
935500,0.080,0.596,0.325
936000,0.080,0.574,0.346
936500,0.080,0.536,0.384
937000,0.080,0.542,0.378
937500,0.081,0.561,0.358
938000,0.080,0.563,0.357
938500,0.080,0.603,0.318
939000,0.080,0.564,0.356
939500,0.080,0.562,0.358
940000,0.080,0.539,0.381
940500,0.080,0.532,0.388
941000,0.080,0.559,0.361
941500,0.080,0.594,0.327
942000,0.080,0.558,0.362
942500,0.080,0.544,0.376
943000,0.080,0.541,0.379
943500,0.080,0.533,0.387
944000,0.080,0.579,0.341
944500,0.080,0.593,0.327
945000,0.080,0.580,0.340
945500,0.080,0.617,0.303
946000,0.080,0.562,0.358
946500,0.080,0.592,0.328
947000,0.080,0.577,0.343
947500,0.080,0.569,0.351
948000,0.080,0.603,0.317
948500,0.080,0.619,0.301
949000,0.080,0.611,0.309
949500,0.080,0.611,0.309
950000,0.080,0.577,0.344
950500,0.080,0.543,0.377
951000,0.080,0.512,0.408
951500,0.080,0.519,0.401
952000,0.080,0.555,0.365
952500,0.080,0.546,0.374
953000,0.080,0.535,0.385
953500,0.080,0.533,0.387
954000,0.080,0.541,0.379
954500,0.080,0.574,0.346
955000,0.080,0.568,0.352
955500,0.080,0.549,0.371
956000,0.084,0.555,0.361
956500,0.081,0.566,0.354
957000,0.081,0.572,0.348
957500,0.081,0.567,0.353
958000,0.080,0.554,0.366
958500,0.080,0.512,0.408
959000,0.083,0.480,0.438
959500,0.081,0.546,0.373
960000,0.080,0.532,0.388
960500,0.080,0.567,0.353
961000,0.080,0.593,0.328
961500,0.080,0.598,0.323
962000,0.080,0.548,0.372
962500,0.081,0.545,0.374
963000,0.080,0.581,0.339
963500,0.080,0.574,0.346
964000,0.080,0.569,0.351
964500,0.080,0.564,0.357
965000,0.080,0.536,0.384
965500,0.082,0.507,0.411
966000,0.081,0.547,0.372
966500,0.080,0.572,0.349
967000,0.080,0.556,0.364
967500,0.080,0.552,0.368
968000,0.080,0.583,0.337
968500,0.080,0.557,0.363
969000,0.080,0.599,0.322
969500,0.080,0.570,0.351
970000,0.080,0.580,0.340
970500,0.080,0.521,0.399
971000,0.080,0.575,0.345
971500,0.081,0.552,0.367
972000,0.080,0.503,0.417
972500,0.080,0.519,0.401
973000,0.080,0.534,0.386
973500,0.080,0.483,0.437
974000,0.085,0.477,0.438
974500,0.081,0.470,0.449
975000,0.083,0.562,0.355
975500,0.081,0.560,0.359
976000,0.080,0.554,0.366
976500,0.080,0.564,0.356
977000,0.080,0.599,0.321
977500,0.083,0.580,0.338
978000,0.083,0.613,0.305
978500,0.080,0.586,0.335
979000,0.080,0.573,0.347
979500,0.080,0.600,0.321
980000,0.080,0.549,0.371
980500,0.080,0.587,0.334
981000,0.080,0.552,0.368
981500,0.080,0.548,0.372
982000,0.081,0.569,0.351
982500,0.080,0.544,0.376
983000,0.080,0.560,0.360
983500,0.080,0.575,0.345
984000,0.085,0.523,0.392
984500,0.080,0.517,0.403
985000,0.080,0.549,0.371
985500,0.080,0.550,0.370
986000,0.080,0.523,0.397
986500,0.080,0.522,0.398
987000,0.080,0.491,0.429
987500,0.083,0.497,0.420
988000,0.081,0.577,0.343
988500,0.080,0.602,0.319
989000,0.080,0.580,0.340
989500,0.081,0.516,0.403
990000,0.083,0.484,0.433
990500,0.080,0.487,0.433
991000,0.080,0.468,0.453
991500,0.080,0.572,0.348
992000,0.080,0.596,0.324
992500,0.080,0.601,0.319
993000,0.080,0.561,0.359
993500,0.080,0.523,0.397
994000,0.080,0.525,0.395
994500,0.080,0.552,0.368
995000,0.080,0.559,0.361
995500,0.081,0.565,0.355
996000,0.080,0.592,0.329
996500,0.080,0.569,0.352
997000,0.082,0.519,0.399
997500,0.082,0.455,0.463
998000,0.083,0.476,0.441
998500,0.082,0.505,0.413
999000,0.085,0.499,0.416
999500,0.085,0.501,0.414
1000000,0.086,0.487,0.426
