time,n_A+p,n_B,n_AB
500,0.080,0.386,0.534
1000,0.080,0.048,0.872
1500,0.090,0.015,0.894
2000,0.112,0.002,0.887
2500,0.091,0.008,0.900
3000,0.100,0.000,0.900
3500,0.105,0.000,0.894
4000,0.097,0.000,0.903
4500,0.090,0.000,0.909
5000,0.117,0.003,0.880
5500,0.095,0.001,0.905
6000,0.083,0.009,0.908
6500,0.113,0.001,0.886
7000,0.098,0.000,0.902
7500,0.097,0.000,0.903
8000,0.088,0.003,0.910
8500,0.083,0.000,0.917
9000,0.097,0.004,0.899
9500,0.100,0.000,0.900
10000,0.086,0.000,0.914
10500,0.087,0.000,0.912
11000,0.100,0.000,0.900
11500,0.120,0.000,0.879
12000,0.096,0.000,0.904
12500,0.112,0.006,0.882
13000,0.121,0.001,0.878
13500,0.107,0.000,0.893
14000,0.098,0.000,0.902
14500,0.110,0.000,0.890
15000,0.105,0.000,0.894
15500,0.102,0.000,0.898
16000,0.111,0.000,0.889
16500,0.085,0.000,0.915
17000,0.080,0.000,0.920
17500,0.113,0.000,0.887
18000,0.091,0.000,0.909
18500,0.104,0.004,0.892
19000,0.100,0.001,0.900
19500,0.086,0.000,0.914
20000,0.097,0.003,0.900
20500,0.108,0.001,0.890
21000,0.098,0.009,0.893
21500,0.115,0.005,0.880
22000,0.102,0.000,0.897
22500,0.092,0.000,0.908
23000,0.095,0.006,0.899
23500,0.089,0.005,0.905
24000,0.111,0.001,0.888
24500,0.102,0.000,0.898
25000,0.096,0.000,0.904
25500,0.096,0.000,0.904
26000,0.090,0.003,0.907
26500,0.103,0.001,0.897
27000,0.090,0.000,0.909
27500,0.092,0.001,0.907
28000,0.096,0.000,0.904
28500,0.107,0.000,0.893
29000,0.110,0.001,0.889
29500,0.114,0.000,0.886
30000,0.110,0.000,0.890
30500,0.098,0.009,0.893
31000,0.122,0.001,0.876
31500,0.116,0.011,0.874
32000,0.111,0.010,0.879
32500,0.098,0.001,0.902
33000,0.102,0.000,0.897
33500,0.091,0.001,0.908
34000,0.087,0.002,0.911
34500,0.091,0.004,0.905
35000,0.103,0.000,0.896
35500,0.098,0.004,0.898
36000,0.089,0.015,0.895
36500,0.100,0.002,0.898
37000,0.095,0.005,0.900
37500,0.083,0.010,0.907
38000,0.085,0.004,0.911
38500,0.083,0.000,0.917
39000,0.110,0.002,0.889
39500,0.108,0.001,0.891
40000,0.100,0.000,0.900
40500,0.092,0.004,0.904
41000,0.103,0.001,0.895
41500,0.099,0.000,0.901
42000,0.106,0.000,0.894
42500,0.090,0.000,0.909
43000,0.089,0.000,0.910
43500,0.100,0.000,0.900
44000,0.093,0.015,0.892
44500,0.095,0.001,0.904
45000,0.112,0.000,0.888
45500,0.085,0.000,0.915
46000,0.099,0.000,0.901
46500,0.085,0.000,0.915
47000,0.094,0.000,0.906
47500,0.093,0.006,0.901
48000,0.086,0.000,0.914
48500,0.092,0.000,0.907
49000,0.108,0.005,0.886
49500,0.109,0.006,0.885
50000,0.100,0.000,0.900
50500,0.091,0.000,0.909
51000,0.111,0.000,0.889
51500,0.098,0.000,0.902
52000,0.102,0.002,0.897
52500,0.089,0.003,0.908
53000,0.122,0.000,0.877
53500,0.108,0.000,0.892
54000,0.123,0.000,0.877
54500,0.109,0.000,0.891
55000,0.100,0.002,0.898
55500,0.096,0.000,0.904
56000,0.089,0.000,0.911
56500,0.103,0.001,0.896
57000,0.095,0.001,0.905
57500,0.098,0.000,0.902
58000,0.095,0.000,0.905
58500,0.097,0.000,0.903
59000,0.100,0.000,0.900
59500,0.090,0.004,0.905
60000,0.120,0.001,0.879
60500,0.096,0.000,0.904
61000,0.089,0.013,0.897
61500,0.083,0.000,0.917
62000,0.090,0.000,0.910
62500,0.106,0.002,0.891
63000,0.091,0.002,0.907
63500,0.093,0.002,0.905
64000,0.086,0.011,0.903
64500,0.093,0.004,0.902
65000,0.108,0.004,0.888
65500,0.112,0.000,0.888
66000,0.100,0.017,0.884
66500,0.086,0.001,0.913
67000,0.089,0.005,0.905
67500,0.096,0.001,0.903
68000,0.085,0.000,0.915
68500,0.090,0.000,0.910
69000,0.093,0.000,0.906
69500,0.125,0.000,0.875
70000,0.100,0.000,0.900
70500,0.126,0.000,0.874
71000,0.117,0.000,0.883
71500,0.096,0.002,0.902
72000,0.112,0.006,0.882
72500,0.092,0.000,0.908
73000,0.101,0.000,0.899
73500,0.091,0.004,0.905
74000,0.095,0.001,0.905
74500,0.093,0.004,0.904
75000,0.091,0.003,0.906
75500,0.086,0.006,0.907
76000,0.092,0.000,0.908
76500,0.107,0.000,0.892
77000,0.092,0.008,0.900
77500,0.100,0.001,0.899
78000,0.110,0.005,0.885
78500,0.096,0.001,0.903
79000,0.100,0.000,0.900
79500,0.099,0.004,0.898
80000,0.113,0.000,0.887
80500,0.093,0.000,0.906
81000,0.095,0.000,0.905
81500,0.103,0.000,0.896
82000,0.101,0.000,0.899
82500,0.121,0.000,0.879
83000,0.096,0.007,0.897
83500,0.102,0.000,0.898
84000,0.102,0.000,0.898
84500,0.089,0.002,0.909
85000,0.109,0.005,0.886
85500,0.098,0.001,0.902
86000,0.108,0.002,0.890
86500,0.088,0.004,0.908
87000,0.093,0.005,0.902
87500,0.102,0.007,0.891
88000,0.097,0.000,0.903
88500,0.118,0.000,0.881
89000,0.100,0.007,0.893
89500,0.093,0.001,0.905
90000,0.089,0.003,0.908
90500,0.111,0.004,0.885
91000,0.106,0.001,0.893
91500,0.122,0.001,0.877
92000,0.101,0.000,0.899
92500,0.097,0.006,0.897
93000,0.088,0.001,0.911
93500,0.087,0.003,0.910
94000,0.095,0.000,0.905
94500,0.116,0.000,0.884
95000,0.103,0.000,0.896
95500,0.098,0.009,0.894
96000,0.085,0.009,0.907
96500,0.124,0.004,0.871
97000,0.096,0.004,0.900
97500,0.107,0.000,0.892
98000,0.100,0.000,0.900
98500,0.097,0.000,0.903
99000,0.104,0.003,0.892
99500,0.100,0.000,0.900
100000,0.099,0.000,0.901
100500,0.093,0.000,0.907
101000,0.093,0.007,0.900
101500,0.087,0.002,0.911
102000,0.108,0.000,0.892
102500,0.120,0.000,0.879
103000,0.120,0.001,0.879
103500,0.112,0.000,0.888
104000,0.121,0.000,0.879
104500,0.102,0.000,0.898
105000,0.112,0.002,0.887
105500,0.105,0.000,0.895
106000,0.107,0.000,0.893
106500,0.102,0.013,0.886
107000,0.108,0.002,0.890
107500,0.128,0.001,0.872
108000,0.086,0.004,0.911
108500,0.089,0.000,0.910
109000,0.101,0.004,0.895
109500,0.093,0.000,0.907
110000,0.090,0.000,0.909
110500,0.115,0.001,0.885
111000,0.094,0.002,0.904
111500,0.084,0.004,0.912
112000,0.115,0.000,0.885
112500,0.102,0.000,0.897
113000,0.099,0.000,0.901
113500,0.101,0.000,0.899
114000,0.094,0.000,0.906
114500,0.082,0.006,0.912
115000,0.098,0.005,0.897
115500,0.096,0.011,0.894
116000,0.092,0.001,0.906
116500,0.091,0.000,0.908
117000,0.086,0.009,0.906
117500,0.084,0.002,0.914
118000,0.090,0.001,0.909
118500,0.088,0.010,0.902
119000,0.097,0.001,0.902
119500,0.104,0.000,0.896
120000,0.089,0.000,0.911
120500,0.110,0.007,0.883
121000,0.103,0.003,0.895
121500,0.114,0.000,0.886
122000,0.093,0.006,0.900
122500,0.097,0.001,0.903
123000,0.093,0.002,0.904
123500,0.086,0.000,0.914
124000,0.105,0.006,0.889
124500,0.090,0.001,0.910
125000,0.100,0.001,0.900
125500,0.083,0.000,0.917
126000,0.101,0.000,0.899
126500,0.099,0.000,0.901
127000,0.090,0.000,0.910
127500,0.102,0.009,0.890
128000,0.101,0.001,0.899
128500,0.106,0.000,0.894
129000,0.102,0.000,0.897
129500,0.093,0.023,0.884
130000,0.089,0.001,0.911
130500,0.091,0.004,0.906
131000,0.098,0.000,0.902
131500,0.095,0.001,0.904
132000,0.090,0.003,0.906
132500,0.113,0.000,0.887
133000,0.090,0.000,0.910
133500,0.111,0.000,0.889
134000,0.095,0.000,0.905
134500,0.089,0.001,0.910
135000,0.101,0.000,0.899
135500,0.099,0.000,0.901
136000,0.104,0.000,0.895
136500,0.090,0.000,0.910
137000,0.108,0.002,0.890
137500,0.095,0.003,0.903
138000,0.101,0.000,0.899
138500,0.112,0.000,0.888
139000,0.104,0.003,0.893
139500,0.094,0.004,0.902
140000,0.086,0.011,0.903
140500,0.091,0.003,0.906
141000,0.086,0.011,0.903
141500,0.090,0.004,0.906
142000,0.093,0.001,0.906
142500,0.104,0.000,0.896
143000,0.095,0.006,0.899
143500,0.102,0.003,0.895
144000,0.115,0.011,0.875
144500,0.106,0.005,0.888
145000,0.105,0.005,0.890
145500,0.114,0.001,0.886
146000,0.102,0.000,0.897
146500,0.086,0.004,0.909
147000,0.098,0.001,0.902
147500,0.108,0.000,0.892
148000,0.113,0.000,0.887
148500,0.110,0.004,0.886
149000,0.097,0.001,0.903
149500,0.087,0.000,0.912
150000,0.092,0.000,0.907
150500,0.100,0.004,0.896
151000,0.101,0.002,0.898
151500,0.090,0.002,0.907
152000,0.101,0.007,0.892
152500,0.096,0.000,0.904
153000,0.122,0.001,0.876
153500,0.087,0.006,0.906
154000,0.097,0.000,0.903
154500,0.092,0.000,0.907
155000,0.102,0.002,0.896
155500,0.101,0.000,0.899
156000,0.119,0.000,0.881
156500,0.132,0.000,0.869
157000,0.111,0.000,0.889
157500,0.102,0.000,0.898
158000,0.102,0.009,0.889
158500,0.133,0.001,0.867
159000,0.116,0.000,0.884
159500,0.095,0.003,0.902
160000,0.107,0.003,0.890
160500,0.095,0.000,0.905
161000,0.118,0.000,0.882
161500,0.092,0.000,0.908
162000,0.101,0.000,0.899
162500,0.095,0.004,0.901
163000,0.113,0.003,0.885
163500,0.106,0.005,0.888
164000,0.091,0.002,0.908
164500,0.095,0.000,0.905
165000,0.097,0.000,0.903
165500,0.083,0.011,0.907
166000,0.092,0.002,0.907
166500,0.095,0.001,0.904
167000,0.088,0.000,0.911
167500,0.086,0.000,0.913
168000,0.089,0.000,0.911
168500,0.092,0.003,0.906
169000,0.088,0.000,0.912
169500,0.087,0.000,0.912
170000,0.112,0.001,0.888
170500,0.099,0.000,0.901
171000,0.110,0.000,0.890
171500,0.086,0.000,0.913
172000,0.082,0.004,0.914
172500,0.095,0.005,0.900
173000,0.091,0.000,0.908
173500,0.105,0.000,0.894
174000,0.086,0.000,0.913
174500,0.105,0.000,0.894
175000,0.115,0.000,0.885
175500,0.110,0.000,0.890
176000,0.092,0.001,0.906
176500,0.095,0.000,0.905
177000,0.090,0.000,0.910
177500,0.091,0.002,0.907
178000,0.085,0.000,0.915
178500,0.088,0.000,0.911
179000,0.103,0.002,0.895
179500,0.092,0.000,0.907
180000,0.105,0.010,0.884
180500,0.091,0.001,0.909
181000,0.084,0.000,0.916
181500,0.096,0.000,0.904
182000,0.098,0.000,0.902
182500,0.090,0.009,0.901
183000,0.084,0.003,0.914
183500,0.085,0.000,0.915
184000,0.089,0.001,0.910
184500,0.084,0.006,0.910
185000,0.101,0.001,0.899
185500,0.106,0.009,0.885
186000,0.097,0.002,0.902
186500,0.111,0.000,0.889
187000,0.108,0.009,0.882
187500,0.115,0.006,0.879
188000,0.112,0.001,0.888
188500,0.097,0.000,0.903
189000,0.104,0.000,0.895
189500,0.097,0.002,0.901
190000,0.104,0.009,0.886
190500,0.108,0.001,0.892
191000,0.099,0.004,0.897
191500,0.093,0.009,0.898
192000,0.113,0.001,0.887
192500,0.103,0.000,0.897
193000,0.097,0.006,0.897
193500,0.116,0.005,0.879
194000,0.108,0.004,0.888
194500,0.099,0.009,0.892
195000,0.091,0.003,0.907
195500,0.091,0.002,0.906
196000,0.105,0.000,0.894
196500,0.083,0.008,0.909
197000,0.110,0.003,0.887
197500,0.099,0.001,0.901
198000,0.112,0.000,0.888
198500,0.100,0.000,0.900
199000,0.102,0.007,0.890
199500,0.084,0.000,0.916
200000,0.113,0.000,0.887
200500,0.102,0.000,0.897
201000,0.096,0.000,0.904
201500,0.086,0.002,0.912
202000,0.099,0.001,0.900
202500,0.087,0.001,0.913
203000,0.090,0.004,0.906
203500,0.086,0.003,0.912
204000,0.088,0.002,0.910
204500,0.098,0.000,0.902
205000,0.087,0.000,0.912
205500,0.100,0.002,0.899
206000,0.102,0.000,0.898
206500,0.102,0.000,0.898
207000,0.129,0.001,0.870
207500,0.124,0.000,0.875
208000,0.099,0.000,0.901
208500,0.108,0.000,0.892
209000,0.097,0.000,0.903
209500,0.095,0.000,0.905
210000,0.086,0.005,0.909
210500,0.097,0.004,0.900
211000,0.095,0.001,0.905
211500,0.091,0.001,0.908
212000,0.101,0.000,0.899
212500,0.088,0.009,0.903
213000,0.100,0.001,0.899
213500,0.102,0.000,0.898
214000,0.096,0.003,0.902
214500,0.100,0.005,0.895
215000,0.088,0.000,0.911
215500,0.100,0.000,0.900
216000,0.086,0.009,0.906
216500,0.100,0.001,0.900
217000,0.085,0.005,0.910
217500,0.090,0.001,0.910
218000,0.112,0.000,0.888
218500,0.101,0.002,0.897
219000,0.102,0.000,0.898
219500,0.105,0.001,0.894
220000,0.105,0.009,0.886
220500,0.095,0.000,0.905
221000,0.088,0.001,0.912
221500,0.106,0.004,0.890
222000,0.117,0.006,0.876
222500,0.110,0.000,0.890
223000,0.098,0.000,0.902
223500,0.084,0.004,0.912
224000,0.093,0.008,0.899
224500,0.098,0.001,0.902
225000,0.112,0.000,0.888
225500,0.119,0.000,0.881
226000,0.119,0.000,0.881
226500,0.118,0.000,0.882
227000,0.106,0.000,0.893
227500,0.091,0.000,0.909
228000,0.100,0.000,0.900
228500,0.088,0.003,0.908
229000,0.086,0.000,0.913
229500,0.105,0.000,0.894
230000,0.104,0.000,0.895
230500,0.103,0.000,0.896
231000,0.098,0.000,0.902
231500,0.087,0.000,0.912
232000,0.100,0.000,0.900
232500,0.134,0.009,0.858
233000,0.101,0.001,0.898
233500,0.084,0.004,0.913
234000,0.089,0.001,0.910
234500,0.083,0.000,0.917
235000,0.089,0.000,0.911
235500,0.081,0.008,0.911
236000,0.087,0.004,0.908
236500,0.113,0.000,0.887
237000,0.096,0.004,0.900
237500,0.102,0.003,0.895
238000,0.127,0.000,0.873
238500,0.124,0.000,0.875
239000,0.117,0.000,0.883
239500,0.094,0.004,0.902
240000,0.102,0.001,0.898
240500,0.098,0.001,0.901
241000,0.108,0.004,0.887
241500,0.092,0.002,0.907
242000,0.107,0.000,0.893
242500,0.119,0.005,0.876
243000,0.089,0.002,0.909
243500,0.113,0.001,0.887
244000,0.102,0.000,0.898
244500,0.111,0.009,0.881
245000,0.111,0.001,0.888
245500,0.099,0.000,0.901
246000,0.110,0.000,0.890
246500,0.096,0.006,0.898
247000,0.094,0.000,0.906
247500,0.096,0.000,0.904
248000,0.099,0.000,0.901
248500,0.089,0.000,0.911
249000,0.092,0.000,0.908
249500,0.089,0.000,0.911
250000,0.107,0.000,0.893
250500,0.106,0.001,0.892
251000,0.123,0.004,0.873
251500,0.106,0.000,0.893
252000,0.106,0.000,0.894
252500,0.084,0.009,0.907
253000,0.106,0.008,0.886
253500,0.101,0.002,0.898
254000,0.093,0.000,0.906
254500,0.095,0.011,0.894
255000,0.116,0.002,0.882
255500,0.111,0.000,0.889
256000,0.105,0.000,0.894
256500,0.092,0.003,0.905
257000,0.086,0.004,0.910
257500,0.102,0.000,0.897
258000,0.101,0.000,0.899
258500,0.100,0.004,0.896
259000,0.093,0.004,0.903
259500,0.112,0.001,0.888
260000,0.099,0.000,0.901
260500,0.095,0.002,0.904
261000,0.113,0.005,0.882
261500,0.102,0.001,0.897
262000,0.102,0.000,0.898
262500,0.116,0.000,0.884
263000,0.089,0.001,0.909
263500,0.098,0.000,0.902
264000,0.092,0.000,0.907
264500,0.107,0.003,0.890
265000,0.095,0.001,0.905
265500,0.093,0.000,0.907
266000,0.097,0.000,0.903
266500,0.113,0.005,0.882
267000,0.091,0.004,0.904
267500,0.082,0.001,0.918
268000,0.098,0.002,0.901
268500,0.092,0.000,0.908
269000,0.101,0.000,0.899
269500,0.105,0.000,0.894
270000,0.083,0.000,0.917
270500,0.088,0.016,0.895
271000,0.089,0.000,0.911
271500,0.090,0.004,0.906
272000,0.111,0.011,0.878
272500,0.098,0.001,0.901
273000,0.101,0.000,0.899
273500,0.107,0.000,0.893
274000,0.105,0.015,0.881
274500,0.104,0.002,0.894
275000,0.092,0.004,0.903
275500,0.121,0.001,0.878
276000,0.092,0.000,0.908
276500,0.088,0.000,0.911
277000,0.101,0.000,0.899
277500,0.110,0.004,0.887
278000,0.103,0.000,0.897
278500,0.090,0.000,0.909
279000,0.091,0.000,0.908
279500,0.102,0.000,0.898
280000,0.103,0.002,0.894
280500,0.113,0.010,0.877
281000,0.099,0.007,0.894
281500,0.091,0.001,0.907
282000,0.119,0.000,0.881
282500,0.108,0.000,0.891
283000,0.101,0.000,0.899
283500,0.090,0.000,0.910
284000,0.084,0.000,0.916
284500,0.090,0.002,0.908
285000,0.113,0.002,0.885
285500,0.092,0.001,0.908
286000,0.119,0.000,0.881
286500,0.090,0.000,0.909
287000,0.103,0.004,0.893
287500,0.104,0.000,0.895
288000,0.131,0.003,0.866
288500,0.107,0.001,0.891
289000,0.112,0.000,0.888
289500,0.134,0.000,0.867
290000,0.101,0.000,0.899
290500,0.090,0.007,0.902
291000,0.092,0.001,0.907
291500,0.082,0.009,0.910
292000,0.086,0.021,0.892
292500,0.097,0.004,0.899
293000,0.113,0.000,0.887
293500,0.113,0.000,0.887
294000,0.106,0.004,0.891
294500,0.099,0.003,0.898
295000,0.090,0.004,0.905
295500,0.102,0.001,0.897
296000,0.111,0.000,0.889
296500,0.102,0.000,0.897
297000,0.086,0.000,0.914
297500,0.104,0.000,0.895
298000,0.125,0.000,0.875
298500,0.094,0.000,0.906
299000,0.085,0.000,0.915
299500,0.091,0.010,0.898
300000,0.099,0.000,0.901
300500,0.113,0.000,0.887
301000,0.108,0.000,0.891
301500,0.106,0.013,0.880
302000,0.086,0.010,0.904
302500,0.098,0.001,0.902
303000,0.087,0.000,0.912
303500,0.105,0.000,0.895
304000,0.095,0.000,0.905
304500,0.095,0.000,0.905
305000,0.105,0.000,0.895
305500,0.091,0.002,0.907
306000,0.092,0.004,0.903
306500,0.088,0.001,0.912
307000,0.099,0.003,0.899
307500,0.107,0.000,0.892
308000,0.093,0.002,0.905
308500,0.090,0.001,0.908
309000,0.092,0.004,0.903
309500,0.109,0.000,0.891
310000,0.096,0.000,0.904
310500,0.091,0.000,0.908
311000,0.093,0.010,0.896
311500,0.102,0.001,0.897
312000,0.130,0.002,0.868
312500,0.101,0.000,0.899
313000,0.090,0.000,0.909
313500,0.110,0.000,0.890
314000,0.099,0.004,0.898
314500,0.100,0.001,0.900
315000,0.093,0.000,0.907
315500,0.092,0.000,0.908
316000,0.084,0.001,0.915
316500,0.081,0.000,0.919
317000,0.105,0.000,0.895
317500,0.097,0.000,0.903
318000,0.090,0.000,0.910
318500,0.091,0.004,0.904
319000,0.087,0.001,0.913
319500,0.086,0.000,0.914
320000,0.103,0.003,0.894
320500,0.090,0.001,0.910
321000,0.092,0.000,0.907
321500,0.102,0.000,0.897
322000,0.086,0.003,0.911
322500,0.083,0.001,0.917
323000,0.102,0.000,0.898
323500,0.090,0.006,0.904
324000,0.087,0.001,0.913
324500,0.096,0.002,0.902
325000,0.100,0.001,0.900
325500,0.085,0.000,0.915
326000,0.095,0.000,0.905
326500,0.099,0.000,0.901
327000,0.092,0.000,0.907
327500,0.091,0.000,0.909
328000,0.086,0.000,0.914
328500,0.113,0.000,0.887
329000,0.097,0.000,0.903
329500,0.099,0.003,0.899
330000,0.095,0.001,0.905
330500,0.082,0.004,0.915
331000,0.108,0.005,0.886
331500,0.088,0.004,0.907
332000,0.087,0.001,0.912
332500,0.091,0.004,0.906
333000,0.094,0.001,0.906
333500,0.092,0.007,0.900
334000,0.089,0.003,0.908
334500,0.088,0.000,0.912
335000,0.092,0.010,0.897
335500,0.087,0.004,0.910
336000,0.103,0.000,0.896
336500,0.096,0.002,0.903
337000,0.099,0.002,0.899
337500,0.084,0.000,0.916
338000,0.086,0.007,0.907
338500,0.097,0.001,0.903
339000,0.087,0.000,0.912
339500,0.097,0.006,0.897
340000,0.092,0.009,0.898
340500,0.102,0.001,0.897
341000,0.112,0.000,0.888
341500,0.097,0.000,0.903
342000,0.096,0.000,0.904
342500,0.119,0.000,0.881
343000,0.104,0.000,0.895
343500,0.104,0.000,0.895
344000,0.086,0.000,0.913
344500,0.096,0.000,0.904
345000,0.094,0.000,0.906
345500,0.106,0.011,0.884
346000,0.094,0.004,0.903
346500,0.098,0.001,0.902
347000,0.088,0.013,0.898
347500,0.093,0.008,0.898
348000,0.126,0.006,0.869
348500,0.095,0.003,0.903
349000,0.105,0.001,0.894
349500,0.111,0.000,0.889
350000,0.111,0.000,0.889
350500,0.095,0.000,0.905
351000,0.083,0.000,0.917
351500,0.094,0.000,0.906
352000,0.103,0.001,0.896
352500,0.087,0.002,0.912
353000,0.117,0.005,0.878
353500,0.086,0.001,0.914
354000,0.091,0.001,0.908
354500,0.128,0.004,0.868
355000,0.088,0.007,0.904
355500,0.108,0.002,0.890
356000,0.091,0.000,0.909
356500,0.104,0.001,0.896
357000,0.087,0.000,0.913
357500,0.105,0.001,0.893
358000,0.096,0.001,0.904
358500,0.101,0.000,0.899
359000,0.119,0.001,0.880
359500,0.088,0.001,0.912
360000,0.104,0.004,0.891
360500,0.128,0.001,0.872
361000,0.097,0.000,0.903
361500,0.093,0.001,0.906
362000,0.102,0.003,0.895
362500,0.098,0.011,0.891
363000,0.102,0.006,0.892
363500,0.103,0.001,0.897
364000,0.090,0.004,0.905
364500,0.110,0.000,0.890
365000,0.104,0.003,0.893
365500,0.086,0.000,0.914
366000,0.106,0.000,0.894
366500,0.089,0.000,0.910
367000,0.100,0.000,0.900
367500,0.101,0.000,0.899
368000,0.091,0.000,0.908
368500,0.091,0.004,0.904
369000,0.093,0.000,0.907
369500,0.098,0.005,0.897
370000,0.086,0.002,0.913
370500,0.102,0.000,0.898
371000,0.095,0.000,0.905
371500,0.089,0.009,0.902
372000,0.096,0.006,0.898
372500,0.088,0.003,0.910
373000,0.094,0.000,0.906
373500,0.119,0.006,0.874
374000,0.098,0.000,0.902
374500,0.083,0.002,0.915
375000,0.100,0.003,0.898
375500,0.110,0.001,0.890
376000,0.106,0.000,0.894
376500,0.093,0.000,0.907
377000,0.094,0.004,0.902
377500,0.081,0.000,0.919
378000,0.099,0.006,0.895
378500,0.102,0.013,0.886
379000,0.090,0.005,0.904
379500,0.081,0.010,0.909
380000,0.085,0.002,0.913
380500,0.088,0.000,0.912
381000,0.101,0.009,0.891
381500,0.097,0.004,0.900
382000,0.085,0.004,0.911
382500,0.108,0.000,0.892
383000,0.091,0.000,0.909
383500,0.123,0.000,0.877
384000,0.095,0.000,0.905
384500,0.100,0.002,0.899
385000,0.092,0.010,0.898
385500,0.098,0.003,0.899
386000,0.102,0.009,0.889
386500,0.081,0.005,0.914
387000,0.108,0.000,0.892
387500,0.090,0.003,0.908
388000,0.121,0.000,0.879
388500,0.101,0.002,0.898
389000,0.099,0.006,0.895
389500,0.103,0.001,0.897
390000,0.085,0.000,0.915
390500,0.089,0.000,0.911
391000,0.112,0.000,0.888
391500,0.097,0.000,0.903
392000,0.096,0.002,0.903
392500,0.104,0.006,0.889
393000,0.097,0.017,0.886
393500,0.097,0.002,0.902
394000,0.103,0.000,0.897
394500,0.110,0.003,0.888
395000,0.087,0.005,0.908
395500,0.087,0.000,0.913
396000,0.085,0.001,0.914
396500,0.103,0.000,0.897
397000,0.084,0.004,0.912
397500,0.089,0.005,0.905
398000,0.102,0.000,0.898
398500,0.101,0.000,0.899
399000,0.101,0.001,0.898
399500,0.093,0.000,0.907
400000,0.125,0.000,0.875
400500,0.088,0.005,0.906
401000,0.088,0.001,0.911
401500,0.091,0.000,0.909
402000,0.104,0.022,0.873
402500,0.096,0.001,0.904
403000,0.104,0.003,0.893
403500,0.099,0.004,0.897
404000,0.112,0.011,0.877
404500,0.084,0.007,0.909
405000,0.103,0.003,0.895
405500,0.100,0.000,0.900
406000,0.114,0.000,0.886
406500,0.105,0.000,0.895
407000,0.098,0.000,0.902
407500,0.092,0.000,0.908
408000,0.103,0.003,0.894
408500,0.100,0.000,0.900
409000,0.098,0.000,0.902
409500,0.099,0.000,0.901
410000,0.117,0.000,0.883
410500,0.113,0.000,0.887
411000,0.110,0.011,0.880
411500,0.097,0.013,0.890
412000,0.090,0.001,0.910
412500,0.094,0.000,0.906
413000,0.102,0.004,0.895
413500,0.086,0.005,0.909
414000,0.086,0.000,0.914
414500,0.080,0.002,0.918
415000,0.096,0.009,0.895
415500,0.093,0.001,0.905
416000,0.091,0.001,0.908
416500,0.085,0.011,0.904
417000,0.101,0.002,0.898
417500,0.114,0.000,0.886
418000,0.117,0.000,0.883
418500,0.093,0.015,0.891
419000,0.102,0.002,0.897
419500,0.104,0.000,0.896
420000,0.098,0.000,0.902
420500,0.085,0.010,0.905
421000,0.087,0.004,0.909
421500,0.105,0.000,0.895
422000,0.110,0.009,0.882
422500,0.095,0.001,0.904
423000,0.102,0.008,0.889
423500,0.092,0.001,0.908
424000,0.098,0.000,0.902
424500,0.118,0.000,0.882
425000,0.127,0.000,0.873
425500,0.103,0.000,0.896
426000,0.105,0.002,0.893
426500,0.099,0.003,0.898
427000,0.100,0.000,0.900
427500,0.091,0.000,0.908
428000,0.101,0.000,0.899
428500,0.096,0.000,0.904
429000,0.097,0.000,0.903
429500,0.107,0.000,0.892
430000,0.135,0.000,0.865
430500,0.101,0.005,0.894
431000,0.106,0.001,0.892
431500,0.095,0.000,0.905
432000,0.105,0.000,0.894
432500,0.099,0.000,0.901
433000,0.098,0.000,0.902
433500,0.096,0.000,0.904
434000,0.090,0.006,0.904
434500,0.099,0.000,0.901
435000,0.100,0.000,0.900
435500,0.103,0.000,0.897
436000,0.112,0.002,0.886
436500,0.105,0.000,0.894
437000,0.085,0.005,0.910
437500,0.080,0.001,0.919
438000,0.083,0.000,0.917
438500,0.112,0.000,0.888
439000,0.098,0.000,0.902
439500,0.089,0.001,0.909
440000,0.091,0.008,0.901
440500,0.102,0.001,0.898
441000,0.087,0.001,0.913
441500,0.083,0.010,0.907
442000,0.104,0.003,0.892
442500,0.093,0.001,0.905
443000,0.098,0.000,0.902
443500,0.097,0.000,0.903
444000,0.081,0.000,0.919
444500,0.092,0.004,0.905
445000,0.105,0.006,0.888
445500,0.105,0.001,0.894
446000,0.113,0.005,0.882
446500,0.086,0.001,0.913
447000,0.089,0.003,0.908
447500,0.100,0.002,0.898
448000,0.097,0.000,0.903
448500,0.088,0.001,0.910
449000,0.103,0.000,0.897
449500,0.117,0.000,0.883
450000,0.106,0.000,0.893
450500,0.093,0.000,0.906
451000,0.084,0.000,0.916
451500,0.121,0.000,0.879
452000,0.114,0.000,0.886
452500,0.113,0.000,0.887
453000,0.098,0.002,0.900
453500,0.085,0.005,0.910
454000,0.099,0.009,0.892
454500,0.092,0.017,0.891
455000,0.104,0.003,0.894
455500,0.086,0.002,0.913
456000,0.103,0.001,0.897
456500,0.094,0.000,0.906
457000,0.088,0.009,0.902
457500,0.088,0.009,0.904
458000,0.103,0.000,0.897
458500,0.107,0.000,0.892
459000,0.120,0.011,0.870
459500,0.097,0.001,0.903
460000,0.101,0.003,0.896
460500,0.101,0.000,0.899
461000,0.097,0.003,0.900
461500,0.100,0.015,0.885
462000,0.086,0.002,0.913
462500,0.081,0.000,0.919
463000,0.102,0.004,0.894
463500,0.092,0.000,0.908
464000,0.098,0.000,0.902
464500,0.099,0.001,0.900
465000,0.123,0.003,0.875
465500,0.102,0.000,0.897
466000,0.107,0.000,0.892
466500,0.091,0.000,0.908
467000,0.097,0.000,0.903
467500,0.107,0.000,0.893
468000,0.095,0.002,0.903
468500,0.086,0.005,0.909
469000,0.102,0.000,0.898
469500,0.089,0.009,0.902
470000,0.121,0.001,0.878
470500,0.116,0.000,0.884
471000,0.102,0.000,0.898
471500,0.086,0.000,0.914
472000,0.090,0.009,0.901
472500,0.110,0.001,0.890
473000,0.092,0.000,0.908
473500,0.089,0.000,0.910
474000,0.094,0.000,0.906
474500,0.116,0.000,0.884
475000,0.101,0.000,0.899
475500,0.091,0.000,0.908
476000,0.107,0.000,0.892
476500,0.112,0.000,0.888
477000,0.101,0.003,0.897
477500,0.086,0.007,0.906
478000,0.113,0.001,0.886
478500,0.087,0.000,0.913
479000,0.081,0.000,0.919
479500,0.098,0.000,0.902
480000,0.117,0.003,0.880
480500,0.093,0.000,0.907
481000,0.098,0.000,0.902
481500,0.103,0.000,0.896
482000,0.100,0.000,0.900
482500,0.095,0.000,0.905
483000,0.111,0.000,0.889
483500,0.107,0.002,0.890
484000,0.095,0.003,0.903
484500,0.111,0.000,0.889
485000,0.093,0.006,0.901
485500,0.104,0.000,0.896
486000,0.097,0.000,0.903
486500,0.100,0.000,0.900
487000,0.113,0.001,0.887
487500,0.112,0.000,0.888
488000,0.088,0.000,0.911
488500,0.112,0.004,0.885
489000,0.099,0.000,0.901
489500,0.120,0.000,0.879
490000,0.097,0.000,0.903
490500,0.090,0.008,0.901
491000,0.080,0.005,0.915
491500,0.102,0.005,0.892
492000,0.089,0.001,0.911
492500,0.090,0.002,0.907
493000,0.100,0.001,0.900
493500,0.087,0.000,0.912
494000,0.106,0.000,0.893
494500,0.099,0.001,0.900
495000,0.105,0.000,0.895
495500,0.099,0.014,0.887
496000,0.097,0.001,0.903
496500,0.085,0.002,0.913
497000,0.090,0.019,0.891
497500,0.103,0.002,0.895
498000,0.093,0.004,0.902
498500,0.100,0.001,0.900
499000,0.093,0.001,0.906
499500,0.102,0.000,0.898
500000,0.114,0.000,0.886
500500,0.102,0.000,0.898
501000,0.101,0.000,0.899
501500,0.104,0.001,0.894
502000,0.105,0.000,0.894
502500,0.100,0.002,0.899
503000,0.104,0.001,0.896
503500,0.091,0.000,0.908
504000,0.121,0.000,0.879
504500,0.094,0.011,0.895
505000,0.103,0.001,0.897
505500,0.093,0.000,0.906
506000,0.104,0.000,0.896
506500,0.101,0.003,0.897
507000,0.091,0.000,0.909
507500,0.110,0.000,0.890
508000,0.099,0.004,0.897
508500,0.092,0.001,0.907
509000,0.092,0.001,0.907
509500,0.094,0.002,0.904
510000,0.084,0.000,0.916
510500,0.085,0.001,0.914
511000,0.121,0.001,0.878
511500,0.096,0.008,0.896
512000,0.119,0.000,0.881
512500,0.102,0.014,0.884
513000,0.087,0.001,0.911
513500,0.097,0.000,0.903
514000,0.087,0.000,0.912
514500,0.092,0.000,0.908
515000,0.084,0.000,0.916
515500,0.088,0.001,0.910
516000,0.098,0.000,0.902
516500,0.122,0.002,0.876
517000,0.118,0.000,0.881
517500,0.101,0.001,0.899
518000,0.108,0.000,0.892
518500,0.095,0.000,0.905
519000,0.112,0.005,0.883
519500,0.101,0.004,0.896
520000,0.087,0.001,0.912
520500,0.090,0.009,0.901
521000,0.104,0.001,0.895
521500,0.100,0.004,0.897
522000,0.104,0.001,0.896
522500,0.097,0.004,0.900
523000,0.105,0.002,0.893
523500,0.101,0.004,0.895
524000,0.098,0.000,0.902
524500,0.110,0.000,0.890
525000,0.088,0.000,0.911
525500,0.112,0.000,0.888
526000,0.121,0.000,0.879
526500,0.090,0.011,0.899
527000,0.111,0.001,0.889
527500,0.104,0.000,0.896
528000,0.097,0.004,0.899
528500,0.107,0.002,0.890
529000,0.092,0.007,0.900
529500,0.096,0.003,0.901
530000,0.086,0.010,0.904
530500,0.086,0.002,0.912
531000,0.114,0.000,0.886
531500,0.110,0.000,0.890
532000,0.091,0.000,0.909
532500,0.115,0.000,0.885
533000,0.100,0.004,0.896
533500,0.092,0.000,0.908
534000,0.082,0.000,0.918
534500,0.087,0.000,0.912
535000,0.089,0.000,0.910
535500,0.092,0.000,0.907
536000,0.083,0.001,0.916
536500,0.089,0.002,0.909
537000,0.107,0.004,0.888
537500,0.104,0.001,0.895
538000,0.110,0.001,0.890
538500,0.116,0.001,0.884
539000,0.120,0.001,0.879
539500,0.098,0.001,0.902
540000,0.086,0.000,0.914
540500,0.100,0.002,0.898
541000,0.100,0.017,0.883
541500,0.085,0.009,0.907
542000,0.108,0.002,0.890
542500,0.099,0.003,0.899
543000,0.099,0.004,0.898
543500,0.100,0.004,0.896
544000,0.085,0.000,0.915
544500,0.097,0.002,0.901
545000,0.118,0.000,0.881
545500,0.113,0.000,0.887
546000,0.095,0.000,0.905
546500,0.102,0.002,0.896
547000,0.105,0.001,0.895
547500,0.107,0.000,0.893
548000,0.086,0.000,0.914
548500,0.099,0.000,0.901
549000,0.100,0.000,0.900
549500,0.099,0.000,0.901
550000,0.112,0.000,0.888
550500,0.118,0.000,0.881
551000,0.098,0.000,0.902
551500,0.102,0.000,0.898
552000,0.100,0.000,0.900
552500,0.095,0.000,0.905
553000,0.116,0.000,0.884
553500,0.095,0.000,0.905
554000,0.099,0.000,0.901
554500,0.098,0.000,0.902
555000,0.091,0.000,0.908
555500,0.106,0.000,0.894
556000,0.095,0.002,0.903
556500,0.093,0.000,0.907
557000,0.092,0.018,0.890
557500,0.101,0.003,0.896
558000,0.090,0.000,0.910
558500,0.089,0.006,0.905
559000,0.091,0.000,0.909
559500,0.100,0.004,0.897
560000,0.097,0.002,0.902
560500,0.110,0.000,0.890
561000,0.090,0.000,0.910
561500,0.106,0.002,0.892
562000,0.090,0.000,0.910
562500,0.088,0.001,0.911
563000,0.098,0.000,0.902
563500,0.115,0.000,0.885
564000,0.100,0.000,0.900
564500,0.105,0.000,0.895
565000,0.108,0.000,0.891
565500,0.112,0.000,0.888
566000,0.119,0.001,0.880
566500,0.101,0.007,0.892
567000,0.102,0.005,0.893
567500,0.104,0.002,0.894
568000,0.092,0.004,0.905
568500,0.097,0.000,0.903
569000,0.097,0.003,0.901
569500,0.100,0.001,0.900
570000,0.095,0.009,0.896
570500,0.102,0.001,0.898
571000,0.094,0.004,0.902
571500,0.096,0.001,0.904
572000,0.113,0.000,0.887
572500,0.105,0.009,0.886
573000,0.104,0.000,0.896
573500,0.117,0.000,0.883
574000,0.099,0.000,0.901
574500,0.112,0.000,0.888
575000,0.104,0.000,0.895
575500,0.103,0.001,0.896
576000,0.100,0.002,0.898
576500,0.091,0.005,0.903
577000,0.105,0.000,0.895
577500,0.098,0.000,0.902
578000,0.093,0.001,0.906
578500,0.108,0.000,0.891
579000,0.119,0.000,0.881
579500,0.096,0.002,0.902
580000,0.090,0.001,0.908
580500,0.094,0.000,0.906
581000,0.098,0.000,0.902
581500,0.100,0.000,0.900
582000,0.098,0.000,0.902
582500,0.101,0.000,0.899
583000,0.099,0.000,0.901
583500,0.102,0.000,0.898
584000,0.097,0.000,0.903
584500,0.088,0.019,0.892
585000,0.093,0.002,0.906
585500,0.101,0.003,0.896
586000,0.110,0.001,0.890
586500,0.099,0.000,0.901
587000,0.086,0.004,0.910
587500,0.092,0.008,0.900
588000,0.106,0.001,0.893
588500,0.109,0.007,0.884
589000,0.082,0.005,0.913
589500,0.088,0.000,0.912
590000,0.084,0.002,0.914
590500,0.093,0.004,0.903
591000,0.091,0.001,0.908
591500,0.088,0.000,0.912
592000,0.091,0.009,0.901
592500,0.106,0.001,0.894
593000,0.095,0.001,0.905
593500,0.091,0.001,0.908
594000,0.087,0.000,0.912
594500,0.104,0.001,0.894
595000,0.084,0.001,0.915
595500,0.086,0.007,0.907
596000,0.123,0.002,0.875
596500,0.092,0.004,0.903
597000,0.100,0.000,0.900
597500,0.097,0.000,0.903
598000,0.092,0.000,0.907
598500,0.098,0.000,0.902
599000,0.090,0.002,0.909
599500,0.095,0.000,0.905
600000,0.108,0.000,0.892
600500,0.138,0.000,0.863
601000,0.112,0.000,0.888
601500,0.104,0.000,0.895
602000,0.101,0.003,0.896
602500,0.094,0.000,0.906
603000,0.117,0.006,0.877
603500,0.101,0.000,0.899
604000,0.094,0.000,0.906
604500,0.089,0.001,0.909
605000,0.089,0.001,0.909
605500,0.087,0.009,0.904
606000,0.097,0.006,0.897
606500,0.089,0.008,0.902
607000,0.098,0.002,0.900
607500,0.095,0.000,0.905
608000,0.094,0.000,0.906
608500,0.102,0.009,0.888
609000,0.091,0.009,0.900
609500,0.102,0.001,0.897
610000,0.101,0.010,0.889
610500,0.111,0.001,0.888
611000,0.107,0.001,0.892
611500,0.088,0.007,0.905
612000,0.092,0.001,0.908
612500,0.091,0.004,0.904
613000,0.083,0.001,0.916
613500,0.101,0.009,0.890
614000,0.098,0.010,0.892
614500,0.106,0.001,0.893
615000,0.095,0.000,0.905
615500,0.100,0.000,0.900
616000,0.086,0.000,0.913
616500,0.122,0.000,0.877
617000,0.104,0.000,0.896
617500,0.107,0.007,0.885
618000,0.098,0.000,0.902
618500,0.113,0.000,0.887
619000,0.098,0.003,0.900
619500,0.118,0.000,0.882
620000,0.101,0.000,0.899
620500,0.093,0.000,0.907
621000,0.098,0.004,0.899
621500,0.096,0.001,0.904
622000,0.093,0.000,0.907
622500,0.095,0.000,0.905
623000,0.083,0.000,0.917
623500,0.093,0.008,0.899
624000,0.101,0.001,0.899
624500,0.123,0.001,0.876
625000,0.111,0.001,0.889
625500,0.112,0.000,0.888
626000,0.104,0.007,0.889
626500,0.098,0.000,0.902
627000,0.087,0.000,0.912
627500,0.102,0.002,0.896
628000,0.089,0.004,0.906
628500,0.087,0.001,0.911
629000,0.116,0.000,0.884
629500,0.092,0.000,0.907
630000,0.101,0.001,0.898
630500,0.090,0.000,0.910
631000,0.093,0.000,0.907
631500,0.092,0.000,0.907
632000,0.106,0.000,0.893
632500,0.110,0.000,0.890
633000,0.108,0.002,0.891
633500,0.088,0.010,0.902
634000,0.100,0.000,0.900
634500,0.097,0.002,0.902
635000,0.091,0.003,0.906
635500,0.095,0.009,0.896
636000,0.090,0.001,0.909
636500,0.092,0.009,0.899
637000,0.088,0.001,0.911
637500,0.102,0.004,0.895
638000,0.087,0.003,0.911
638500,0.117,0.001,0.882
639000,0.109,0.000,0.891
639500,0.094,0.009,0.897
640000,0.105,0.002,0.893
640500,0.102,0.000,0.898
641000,0.099,0.009,0.893
641500,0.087,0.002,0.911
642000,0.100,0.001,0.900
642500,0.088,0.000,0.912
643000,0.095,0.009,0.896
643500,0.084,0.004,0.912
644000,0.093,0.004,0.904
644500,0.102,0.001,0.898
645000,0.097,0.004,0.899
645500,0.088,0.006,0.906
646000,0.104,0.001,0.896
646500,0.103,0.000,0.897
647000,0.095,0.009,0.897
647500,0.083,0.001,0.917
648000,0.101,0.000,0.899
648500,0.096,0.000,0.904
649000,0.124,0.000,0.875
649500,0.087,0.000,0.912
650000,0.114,0.007,0.879
650500,0.101,0.000,0.899
651000,0.105,0.000,0.895
651500,0.097,0.009,0.894
652000,0.105,0.006,0.889
652500,0.102,0.000,0.898
653000,0.118,0.000,0.881
653500,0.100,0.003,0.898
654000,0.087,0.009,0.903
654500,0.102,0.002,0.896
655000,0.093,0.006,0.901
655500,0.119,0.005,0.875
656000,0.097,0.003,0.901
656500,0.108,0.000,0.891
657000,0.098,0.005,0.897
657500,0.102,0.001,0.896
658000,0.087,0.000,0.912
658500,0.107,0.001,0.893
659000,0.087,0.000,0.913
659500,0.096,0.002,0.903
660000,0.130,0.000,0.870
660500,0.089,0.000,0.910
661000,0.091,0.000,0.908
661500,0.094,0.000,0.906
662000,0.095,0.000,0.905
662500,0.103,0.000,0.896
663000,0.101,0.006,0.893
663500,0.088,0.000,0.911
664000,0.122,0.004,0.874
664500,0.110,0.000,0.890
665000,0.104,0.007,0.888
665500,0.092,0.004,0.905
666000,0.086,0.001,0.913
666500,0.087,0.001,0.913
667000,0.117,0.000,0.883
667500,0.120,0.002,0.877
668000,0.098,0.001,0.901
668500,0.108,0.002,0.891
669000,0.090,0.013,0.896
669500,0.105,0.002,0.892
670000,0.107,0.006,0.887
670500,0.096,0.000,0.904
671000,0.113,0.000,0.887
671500,0.089,0.000,0.911
672000,0.093,0.010,0.896
672500,0.102,0.002,0.896
673000,0.090,0.007,0.903
673500,0.125,0.000,0.875
674000,0.111,0.000,0.889
674500,0.100,0.007,0.893
675000,0.096,0.001,0.904
675500,0.092,0.001,0.907
676000,0.095,0.009,0.897
676500,0.098,0.003,0.900
677000,0.095,0.003,0.903
677500,0.087,0.003,0.911
678000,0.090,0.016,0.893
678500,0.101,0.005,0.894
679000,0.087,0.003,0.909
679500,0.110,0.001,0.890
680000,0.114,0.000,0.886
680500,0.096,0.006,0.898
681000,0.119,0.004,0.878
681500,0.093,0.004,0.902
682000,0.094,0.002,0.904
682500,0.101,0.009,0.890
683000,0.111,0.001,0.889
683500,0.104,0.000,0.895
684000,0.100,0.002,0.899
684500,0.098,0.000,0.902
685000,0.086,0.017,0.897
685500,0.096,0.001,0.904
686000,0.112,0.000,0.888
686500,0.098,0.003,0.899
687000,0.104,0.002,0.895
687500,0.098,0.000,0.902
688000,0.092,0.004,0.905
688500,0.104,0.010,0.885
689000,0.104,0.001,0.896
689500,0.095,0.000,0.905
690000,0.083,0.000,0.917
690500,0.085,0.005,0.910
691000,0.089,0.005,0.905
691500,0.092,0.000,0.907
692000,0.083,0.000,0.917
692500,0.102,0.000,0.897
693000,0.104,0.000,0.895
693500,0.107,0.000,0.892
694000,0.098,0.000,0.902
694500,0.090,0.003,0.906
695000,0.088,0.006,0.905
695500,0.094,0.000,0.906
696000,0.084,0.000,0.916
696500,0.084,0.006,0.910
697000,0.096,0.001,0.904
697500,0.102,0.001,0.898
698000,0.088,0.000,0.911
698500,0.087,0.014,0.898
699000,0.096,0.004,0.901
699500,0.095,0.000,0.905
700000,0.107,0.000,0.893
700500,0.106,0.001,0.893
701000,0.092,0.000,0.907
701500,0.091,0.000,0.908
702000,0.118,0.001,0.882
702500,0.085,0.003,0.912
703000,0.083,0.009,0.909
703500,0.097,0.000,0.903
704000,0.101,0.000,0.899
704500,0.090,0.000,0.910
705000,0.102,0.000,0.898
705500,0.122,0.000,0.877
706000,0.090,0.000,0.909
706500,0.098,0.000,0.902
707000,0.113,0.000,0.887
707500,0.096,0.000,0.904
708000,0.090,0.004,0.905
708500,0.085,0.002,0.913
709000,0.097,0.004,0.900
709500,0.097,0.009,0.895
710000,0.100,0.002,0.898
710500,0.113,0.005,0.882
711000,0.092,0.002,0.907
711500,0.084,0.008,0.908
712000,0.089,0.001,0.909
712500,0.094,0.004,0.902
713000,0.098,0.001,0.902
713500,0.104,0.000,0.895
714000,0.086,0.010,0.903
714500,0.107,0.004,0.889
715000,0.097,0.002,0.902
715500,0.106,0.001,0.893
716000,0.112,0.000,0.888
716500,0.116,0.000,0.884
717000,0.108,0.000,0.892
717500,0.095,0.000,0.905
718000,0.106,0.000,0.893
718500,0.095,0.006,0.899
719000,0.107,0.002,0.892
719500,0.106,0.003,0.890
720000,0.085,0.000,0.915
720500,0.092,0.002,0.905
721000,0.093,0.000,0.907
721500,0.106,0.000,0.893
722000,0.100,0.000,0.900
722500,0.114,0.009,0.878
723000,0.100,0.006,0.894
723500,0.090,0.016,0.893
724000,0.100,0.001,0.899
724500,0.088,0.000,0.911
725000,0.095,0.001,0.904
725500,0.091,0.007,0.902
726000,0.081,0.003,0.917
726500,0.093,0.002,0.905
727000,0.105,0.001,0.893
727500,0.095,0.000,0.905
728000,0.111,0.003,0.887
728500,0.086,0.012,0.902
729000,0.097,0.001,0.903
729500,0.096,0.000,0.904
730000,0.084,0.008,0.908
730500,0.100,0.001,0.899
731000,0.107,0.000,0.893
731500,0.107,0.000,0.892
732000,0.100,0.000,0.900
732500,0.125,0.000,0.875
733000,0.123,0.000,0.877
733500,0.100,0.000,0.900
734000,0.095,0.000,0.905
734500,0.082,0.011,0.907
735000,0.095,0.002,0.904
735500,0.100,0.000,0.900
736000,0.103,0.004,0.893
736500,0.086,0.000,0.913
737000,0.093,0.002,0.906
737500,0.089,0.000,0.911
738000,0.097,0.001,0.902
738500,0.103,0.000,0.896
739000,0.115,0.005,0.880
739500,0.114,0.009,0.877
740000,0.103,0.000,0.896
740500,0.085,0.000,0.915
741000,0.094,0.000,0.906
741500,0.093,0.000,0.906
742000,0.094,0.000,0.906
742500,0.086,0.000,0.914
743000,0.092,0.000,0.908
743500,0.094,0.000,0.906
744000,0.115,0.000,0.885
744500,0.111,0.000,0.889
745000,0.092,0.000,0.907
745500,0.096,0.000,0.904
746000,0.102,0.000,0.898
746500,0.099,0.002,0.899
747000,0.113,0.000,0.887
747500,0.102,0.000,0.898
748000,0.096,0.002,0.903
748500,0.099,0.001,0.901
749000,0.110,0.005,0.885
749500,0.099,0.000,0.901
750000,0.104,0.000,0.896
750500,0.119,0.000,0.881
751000,0.101,0.004,0.895
751500,0.095,0.000,0.905
752000,0.080,0.005,0.915
752500,0.095,0.006,0.899
753000,0.102,0.003,0.895
753500,0.123,0.000,0.877
754000,0.112,0.002,0.887
754500,0.103,0.005,0.892
755000,0.103,0.003,0.893
755500,0.114,0.001,0.886
756000,0.108,0.000,0.892
756500,0.090,0.000,0.910
757000,0.097,0.003,0.900
757500,0.102,0.001,0.898
758000,0.096,0.006,0.898
758500,0.101,0.000,0.899
759000,0.098,0.002,0.901
759500,0.095,0.000,0.905
760000,0.100,0.000,0.900
760500,0.101,0.006,0.893
761000,0.100,0.000,0.900
761500,0.106,0.004,0.890
762000,0.097,0.004,0.900
762500,0.081,0.002,0.918
763000,0.086,0.000,0.914
763500,0.086,0.003,0.912
764000,0.083,0.000,0.917
764500,0.098,0.012,0.890
765000,0.088,0.002,0.911
765500,0.087,0.009,0.905
766000,0.099,0.001,0.900
766500,0.107,0.001,0.893
767000,0.103,0.000,0.897
767500,0.090,0.011,0.899
768000,0.083,0.005,0.912
768500,0.103,0.009,0.888
769000,0.088,0.004,0.909
769500,0.099,0.001,0.901
770000,0.096,0.001,0.903
770500,0.103,0.000,0.897
771000,0.098,0.005,0.897
771500,0.087,0.000,0.912
772000,0.099,0.000,0.901
772500,0.083,0.000,0.917
773000,0.128,0.000,0.873
773500,0.102,0.003,0.896
774000,0.101,0.001,0.899
774500,0.090,0.000,0.910
775000,0.114,0.000,0.886
775500,0.086,0.004,0.910
776000,0.120,0.000,0.880
776500,0.101,0.010,0.889
777000,0.099,0.001,0.901
777500,0.102,0.000,0.898
778000,0.091,0.000,0.909
778500,0.101,0.000,0.899
779000,0.102,0.000,0.897
779500,0.094,0.004,0.902
780000,0.093,0.007,0.900
780500,0.083,0.004,0.913
781000,0.111,0.000,0.889
781500,0.089,0.000,0.910
782000,0.087,0.000,0.912
782500,0.117,0.000,0.883
783000,0.095,0.000,0.905
783500,0.095,0.005,0.900
784000,0.096,0.003,0.901
784500,0.091,0.000,0.908
785000,0.086,0.003,0.910
785500,0.097,0.001,0.903
786000,0.087,0.002,0.911
786500,0.092,0.008,0.899
787000,0.114,0.003,0.884
787500,0.108,0.000,0.891
788000,0.088,0.000,0.911
788500,0.098,0.005,0.897
789000,0.092,0.001,0.906
789500,0.098,0.000,0.902
790000,0.095,0.004,0.901
790500,0.086,0.003,0.912
791000,0.104,0.002,0.894
791500,0.087,0.005,0.907
792000,0.110,0.001,0.890
792500,0.093,0.000,0.906
793000,0.091,0.018,0.890
793500,0.113,0.001,0.886
794000,0.120,0.000,0.880
794500,0.102,0.000,0.898
795000,0.102,0.008,0.890
795500,0.086,0.004,0.911
796000,0.100,0.003,0.898
796500,0.096,0.000,0.904
797000,0.096,0.000,0.904
797500,0.113,0.000,0.887
798000,0.091,0.000,0.909
798500,0.122,0.002,0.876
799000,0.099,0.000,0.901
799500,0.095,0.000,0.905
800000,0.103,0.000,0.897
800500,0.095,0.000,0.905
801000,0.087,0.000,0.912
801500,0.103,0.000,0.896
802000,0.097,0.000,0.903
802500,0.087,0.000,0.912
803000,0.105,0.005,0.890
803500,0.105,0.001,0.894
804000,0.106,0.001,0.894
804500,0.096,0.007,0.897
805000,0.100,0.001,0.899
805500,0.105,0.000,0.895
806000,0.100,0.000,0.900
806500,0.124,0.000,0.876
807000,0.109,0.000,0.891
807500,0.108,0.002,0.890
808000,0.087,0.001,0.913
808500,0.098,0.000,0.902
809000,0.083,0.003,0.914
809500,0.108,0.001,0.892
810000,0.089,0.000,0.910
810500,0.096,0.000,0.904
811000,0.087,0.006,0.906
811500,0.100,0.003,0.898
812000,0.110,0.011,0.879
812500,0.086,0.006,0.907
813000,0.096,0.004,0.900
813500,0.082,0.001,0.918
814000,0.090,0.000,0.910
814500,0.090,0.000,0.910
815000,0.084,0.000,0.916
815500,0.118,0.001,0.881
816000,0.120,0.000,0.880
816500,0.111,0.000,0.889
817000,0.101,0.013,0.886
817500,0.092,0.002,0.907
818000,0.085,0.000,0.915
818500,0.093,0.005,0.902
819000,0.099,0.007,0.894
819500,0.087,0.001,0.913
820000,0.085,0.002,0.913
820500,0.088,0.000,0.911
821000,0.095,0.001,0.904
821500,0.096,0.003,0.901
822000,0.097,0.000,0.903
822500,0.101,0.007,0.892
823000,0.087,0.001,0.912
823500,0.099,0.010,0.891
824000,0.105,0.002,0.894
824500,0.099,0.001,0.900
825000,0.100,0.000,0.900
825500,0.117,0.000,0.883
826000,0.100,0.004,0.897
826500,0.096,0.002,0.903
827000,0.098,0.000,0.902
827500,0.094,0.004,0.902
828000,0.086,0.000,0.913
828500,0.098,0.000,0.902
829000,0.096,0.001,0.903
829500,0.088,0.000,0.911
830000,0.092,0.000,0.907
830500,0.096,0.011,0.893
831000,0.106,0.001,0.893
831500,0.093,0.014,0.893
832000,0.120,0.000,0.880
832500,0.085,0.006,0.909
833000,0.086,0.011,0.903
833500,0.108,0.000,0.892
834000,0.101,0.000,0.899
834500,0.093,0.000,0.907
835000,0.103,0.000,0.896
835500,0.107,0.000,0.893
836000,0.097,0.004,0.899
836500,0.131,0.002,0.867
837000,0.089,0.000,0.910
837500,0.092,0.000,0.908
838000,0.088,0.001,0.912
838500,0.086,0.002,0.911
839000,0.108,0.003,0.889
839500,0.111,0.001,0.889
840000,0.088,0.000,0.912
840500,0.098,0.000,0.902
841000,0.090,0.000,0.910
841500,0.098,0.001,0.902
842000,0.116,0.003,0.882
842500,0.094,0.000,0.906
843000,0.081,0.000,0.919
843500,0.088,0.000,0.911
844000,0.111,0.000,0.889
844500,0.104,0.000,0.895
845000,0.105,0.000,0.894
845500,0.098,0.003,0.900
846000,0.104,0.000,0.895
846500,0.097,0.000,0.903
847000,0.086,0.000,0.913
847500,0.117,0.000,0.883
848000,0.102,0.000,0.898
848500,0.098,0.000,0.902
849000,0.111,0.000,0.889
849500,0.087,0.000,0.912
850000,0.081,0.000,0.919
850500,0.084,0.013,0.904
851000,0.081,0.019,0.900
851500,0.103,0.001,0.897
852000,0.116,0.000,0.884
852500,0.111,0.003,0.887
853000,0.091,0.003,0.906
853500,0.092,0.004,0.903
854000,0.104,0.000,0.895
854500,0.102,0.000,0.898
855000,0.088,0.004,0.907
855500,0.107,0.004,0.888
856000,0.109,0.000,0.891
856500,0.101,0.000,0.899
857000,0.099,0.000,0.901
857500,0.095,0.002,0.903
858000,0.102,0.000,0.897
858500,0.110,0.001,0.890
859000,0.105,0.011,0.883
859500,0.093,0.001,0.907
860000,0.093,0.006,0.901
860500,0.095,0.011,0.895
861000,0.093,0.000,0.907
861500,0.100,0.000,0.900
862000,0.089,0.000,0.910
862500,0.115,0.000,0.885
863000,0.108,0.011,0.881
863500,0.096,0.006,0.898
864000,0.102,0.001,0.898
864500,0.086,0.000,0.914
865000,0.103,0.000,0.897
865500,0.097,0.002,0.902
866000,0.096,0.004,0.900
866500,0.088,0.001,0.911
867000,0.087,0.002,0.911
867500,0.090,0.003,0.908
868000,0.087,0.000,0.913
868500,0.090,0.004,0.906
869000,0.105,0.001,0.894
869500,0.104,0.000,0.896
870000,0.108,0.007,0.885
870500,0.093,0.001,0.906
871000,0.085,0.011,0.905
871500,0.104,0.000,0.896
872000,0.087,0.003,0.909
872500,0.099,0.001,0.901
873000,0.099,0.001,0.901
873500,0.087,0.004,0.908
874000,0.104,0.000,0.895
874500,0.106,0.000,0.894
875000,0.103,0.000,0.897
875500,0.099,0.009,0.892
876000,0.104,0.001,0.895
876500,0.099,0.000,0.901
877000,0.101,0.000,0.899
877500,0.131,0.000,0.869
878000,0.117,0.000,0.883
878500,0.113,0.000,0.887
879000,0.104,0.000,0.896
879500,0.086,0.000,0.914
880000,0.090,0.006,0.904
880500,0.082,0.009,0.909
881000,0.097,0.001,0.903
881500,0.082,0.003,0.915
882000,0.109,0.004,0.888
882500,0.101,0.005,0.894
883000,0.110,0.001,0.890
883500,0.095,0.006,0.899
884000,0.103,0.001,0.896
884500,0.114,0.000,0.886
885000,0.095,0.000,0.905
885500,0.098,0.009,0.893
886000,0.083,0.004,0.913
886500,0.110,0.002,0.888
887000,0.101,0.001,0.899
887500,0.101,0.000,0.899
888000,0.104,0.000,0.896
888500,0.085,0.000,0.915
889000,0.126,0.000,0.874
889500,0.087,0.001,0.912
890000,0.099,0.000,0.901
890500,0.128,0.011,0.861
891000,0.102,0.000,0.898
891500,0.118,0.000,0.882
892000,0.091,0.005,0.903
892500,0.090,0.002,0.908
893000,0.098,0.000,0.902
893500,0.103,0.000,0.896
894000,0.083,0.002,0.916
894500,0.084,0.000,0.916
895000,0.109,0.010,0.881
895500,0.097,0.002,0.901
896000,0.100,0.003,0.898
896500,0.087,0.002,0.911
897000,0.089,0.002,0.910
897500,0.095,0.002,0.904
898000,0.102,0.000,0.897
898500,0.095,0.013,0.893
899000,0.094,0.003,0.904
899500,0.097,0.001,0.903
900000,0.099,0.000,0.901
900500,0.111,0.000,0.889
901000,0.102,0.002,0.897
901500,0.095,0.008,0.897
902000,0.092,0.002,0.907
902500,0.081,0.011,0.908
903000,0.108,0.002,0.891
903500,0.091,0.001,0.908
904000,0.091,0.002,0.908
904500,0.102,0.002,0.897
905000,0.101,0.004,0.896
905500,0.111,0.000,0.889
906000,0.089,0.010,0.901
906500,0.086,0.001,0.913
907000,0.093,0.003,0.903
907500,0.101,0.003,0.896
908000,0.091,0.002,0.907
908500,0.111,0.000,0.889
909000,0.099,0.000,0.901
909500,0.095,0.001,0.905
910000,0.102,0.000,0.897
910500,0.108,0.000,0.892
911000,0.089,0.000,0.911
911500,0.099,0.000,0.901
912000,0.113,0.000,0.887
912500,0.111,0.002,0.887
913000,0.106,0.000,0.893
913500,0.101,0.000,0.899
914000,0.086,0.000,0.914
914500,0.113,0.000,0.887
915000,0.086,0.003,0.911
915500,0.089,0.003,0.908
916000,0.102,0.001,0.897
916500,0.110,0.001,0.889
917000,0.092,0.000,0.907
917500,0.086,0.009,0.905
918000,0.110,0.002,0.889
918500,0.102,0.003,0.895
919000,0.107,0.000,0.893
919500,0.096,0.000,0.904
920000,0.105,0.000,0.894
920500,0.091,0.000,0.909
921000,0.095,0.002,0.904
921500,0.099,0.009,0.892
922000,0.103,0.002,0.894
922500,0.119,0.004,0.877
923000,0.103,0.000,0.896
923500,0.117,0.000,0.883
924000,0.100,0.000,0.900
924500,0.111,0.013,0.876
925000,0.097,0.002,0.902
925500,0.090,0.000,0.910
926000,0.094,0.003,0.903
926500,0.102,0.001,0.897
927000,0.102,0.000,0.898
927500,0.091,0.005,0.903
928000,0.102,0.001,0.898
928500,0.119,0.000,0.881
929000,0.098,0.000,0.902
929500,0.112,0.004,0.884
930000,0.108,0.006,0.885
930500,0.100,0.000,0.900
931000,0.108,0.007,0.885
931500,0.103,0.001,0.896
932000,0.127,0.003,0.870
932500,0.100,0.000,0.900
933000,0.106,0.000,0.894
933500,0.093,0.001,0.906
934000,0.118,0.000,0.881
934500,0.099,0.000,0.901
935000,0.091,0.005,0.904
935500,0.099,0.001,0.901
936000,0.089,0.000,0.910
936500,0.096,0.000,0.904
937000,0.099,0.000,0.901
937500,0.104,0.000,0.896
938000,0.124,0.000,0.875
938500,0.095,0.000,0.905
939000,0.093,0.006,0.900
939500,0.086,0.001,0.914
940000,0.097,0.007,0.896
940500,0.089,0.000,0.911
941000,0.092,0.005,0.902
941500,0.109,0.002,0.890
942000,0.093,0.000,0.906
942500,0.116,0.006,0.878
943000,0.105,0.000,0.894
943500,0.090,0.002,0.908
944000,0.082,0.002,0.916
944500,0.091,0.000,0.909
945000,0.086,0.000,0.913
945500,0.088,0.003,0.909
946000,0.097,0.001,0.902
946500,0.086,0.000,0.914
947000,0.096,0.000,0.904
947500,0.094,0.000,0.906
948000,0.103,0.000,0.896
948500,0.102,0.000,0.897
949000,0.099,0.000,0.901
949500,0.083,0.000,0.917
950000,0.083,0.004,0.913
950500,0.111,0.000,0.889
951000,0.095,0.007,0.898
951500,0.112,0.000,0.888
952000,0.101,0.002,0.897
952500,0.087,0.007,0.906
953000,0.117,0.001,0.883
953500,0.112,0.006,0.882
954000,0.100,0.018,0.882
954500,0.107,0.001,0.893
955000,0.093,0.007,0.900
955500,0.098,0.005,0.897
956000,0.111,0.001,0.889
956500,0.106,0.006,0.887
957000,0.086,0.000,0.914
957500,0.097,0.000,0.903
958000,0.097,0.004,0.899
958500,0.103,0.001,0.896
959000,0.093,0.010,0.896
959500,0.104,0.000,0.895
960000,0.092,0.000,0.907
960500,0.105,0.000,0.895
961000,0.113,0.000,0.887
961500,0.090,0.007,0.902
962000,0.101,0.002,0.897
962500,0.093,0.007,0.899
963000,0.105,0.001,0.895
963500,0.104,0.003,0.893
964000,0.083,0.005,0.912
964500,0.113,0.000,0.887
965000,0.099,0.000,0.901
965500,0.089,0.000,0.911
966000,0.112,0.000,0.888
966500,0.095,0.001,0.904
967000,0.086,0.000,0.913
967500,0.107,0.000,0.893
968000,0.095,0.000,0.905
968500,0.091,0.000,0.908
969000,0.093,0.001,0.906
969500,0.111,0.002,0.888
970000,0.104,0.000,0.895
970500,0.106,0.002,0.891
971000,0.098,0.003,0.900
971500,0.102,0.002,0.896
972000,0.109,0.000,0.891
972500,0.093,0.004,0.903
973000,0.108,0.000,0.891
973500,0.101,0.004,0.895
974000,0.085,0.001,0.914
974500,0.090,0.003,0.907
975000,0.099,0.001,0.901
975500,0.091,0.000,0.909
976000,0.089,0.000,0.911
976500,0.102,0.000,0.898
977000,0.097,0.000,0.903
977500,0.092,0.000,0.907
978000,0.104,0.000,0.896
978500,0.102,0.000,0.897
979000,0.098,0.005,0.897
979500,0.092,0.003,0.906
980000,0.085,0.000,0.915
980500,0.084,0.000,0.916
981000,0.084,0.000,0.916
981500,0.125,0.000,0.875
982000,0.103,0.000,0.896
982500,0.085,0.000,0.915
983000,0.090,0.008,0.902
983500,0.100,0.001,0.899
984000,0.113,0.000,0.887
984500,0.101,0.003,0.896
985000,0.095,0.003,0.903
985500,0.117,0.000,0.883
986000,0.094,0.000,0.906
986500,0.083,0.006,0.911
987000,0.102,0.001,0.898
987500,0.108,0.001,0.891
988000,0.087,0.013,0.900
988500,0.106,0.004,0.890
989000,0.088,0.001,0.911
989500,0.118,0.001,0.881
990000,0.103,0.009,0.888
990500,0.101,0.000,0.899
991000,0.085,0.005,0.910
991500,0.087,0.000,0.912
992000,0.088,0.003,0.909
992500,0.102,0.001,0.898
993000,0.090,0.007,0.903
993500,0.107,0.002,0.892
994000,0.095,0.000,0.905
994500,0.093,0.000,0.907
995000,0.116,0.009,0.876
995500,0.114,0.000,0.886
996000,0.109,0.000,0.891
996500,0.090,0.000,0.909
997000,0.091,0.002,0.908
997500,0.127,0.001,0.873
998000,0.098,0.006,0.896
998500,0.103,0.000,0.896
999000,0.108,0.003,0.889
999500,0.129,0.000,0.871
1000000,0.087,0.000,0.912
