time,n_A+p,n_B,n_AB
500,0.030,0.919,0.050
1000,0.030,0.868,0.102
1500,0.030,0.847,0.123
2000,0.030,0.808,0.161
2500,0.030,0.809,0.161
3000,0.030,0.816,0.154
3500,0.030,0.800,0.169
4000,0.030,0.798,0.171
4500,0.030,0.837,0.133
5000,0.030,0.834,0.136
5500,0.030,0.775,0.195
6000,0.030,0.768,0.202
6500,0.030,0.746,0.224
7000,0.030,0.773,0.197
7500,0.030,0.768,0.202
8000,0.030,0.751,0.219
8500,0.030,0.760,0.210
9000,0.030,0.772,0.198
9500,0.030,0.763,0.207
10000,0.030,0.791,0.179
10500,0.030,0.824,0.146
11000,0.030,0.804,0.165
11500,0.030,0.826,0.144
12000,0.030,0.796,0.173
12500,0.030,0.784,0.186
13000,0.030,0.781,0.189
13500,0.030,0.768,0.202
14000,0.030,0.747,0.223
14500,0.030,0.765,0.205
15000,0.030,0.789,0.180
15500,0.030,0.798,0.171
16000,0.030,0.801,0.168
16500,0.030,0.830,0.140
17000,0.030,0.793,0.177
17500,0.030,0.798,0.172
18000,0.030,0.795,0.174
18500,0.030,0.810,0.160
19000,0.030,0.807,0.162
19500,0.030,0.800,0.169
20000,0.030,0.787,0.183
20500,0.030,0.804,0.165
21000,0.030,0.843,0.127
21500,0.030,0.838,0.132
22000,0.030,0.807,0.162
22500,0.030,0.829,0.141
23000,0.030,0.814,0.156
23500,0.030,0.822,0.148
24000,0.030,0.824,0.146
24500,0.030,0.815,0.155
25000,0.030,0.791,0.179
25500,0.030,0.777,0.193
26000,0.030,0.778,0.192
26500,0.030,0.799,0.170
27000,0.030,0.771,0.199
27500,0.030,0.749,0.221
28000,0.030,0.787,0.182
28500,0.030,0.784,0.186
29000,0.030,0.787,0.183
29500,0.030,0.775,0.195
30000,0.030,0.772,0.198
30500,0.030,0.807,0.162
31000,0.030,0.825,0.145
31500,0.030,0.797,0.172
32000,0.030,0.792,0.178
32500,0.030,0.791,0.178
33000,0.030,0.776,0.194
33500,0.030,0.784,0.186
34000,0.030,0.802,0.167
34500,0.030,0.793,0.177
35000,0.030,0.787,0.183
35500,0.030,0.804,0.166
36000,0.030,0.836,0.134
36500,0.030,0.827,0.143
37000,0.030,0.820,0.150
37500,0.030,0.785,0.185
38000,0.030,0.792,0.178
38500,0.030,0.828,0.142
39000,0.030,0.826,0.144
39500,0.030,0.837,0.133
40000,0.030,0.810,0.160
40500,0.030,0.801,0.169
41000,0.030,0.827,0.143
41500,0.030,0.823,0.147
42000,0.030,0.823,0.147
42500,0.030,0.815,0.155
43000,0.030,0.801,0.168
43500,0.030,0.804,0.166
44000,0.030,0.761,0.209
44500,0.030,0.772,0.198
45000,0.030,0.773,0.197
45500,0.030,0.751,0.219
46000,0.030,0.753,0.217
46500,0.030,0.754,0.216
47000,0.030,0.773,0.197
47500,0.030,0.805,0.165
48000,0.030,0.770,0.200
48500,0.030,0.817,0.153
49000,0.030,0.820,0.150
49500,0.030,0.821,0.149
50000,0.030,0.814,0.156
50500,0.030,0.838,0.132
51000,0.030,0.825,0.145
51500,0.030,0.792,0.177
52000,0.030,0.764,0.206
52500,0.030,0.783,0.187
53000,0.030,0.797,0.172
53500,0.030,0.842,0.128
54000,0.030,0.860,0.110
54500,0.030,0.853,0.117
55000,0.030,0.843,0.127
55500,0.030,0.808,0.161
56000,0.030,0.819,0.151
56500,0.030,0.851,0.119
57000,0.030,0.840,0.130
57500,0.030,0.827,0.143
58000,0.030,0.819,0.151
58500,0.030,0.814,0.156
59000,0.030,0.802,0.167
59500,0.030,0.817,0.153
60000,0.030,0.813,0.157
60500,0.030,0.826,0.144
61000,0.030,0.822,0.148
61500,0.030,0.754,0.216
62000,0.030,0.736,0.234
62500,0.030,0.747,0.223
63000,0.030,0.764,0.206
63500,0.030,0.722,0.248
64000,0.030,0.755,0.215
64500,0.030,0.775,0.195
65000,0.030,0.791,0.178
65500,0.030,0.803,0.166
66000,0.030,0.805,0.165
66500,0.030,0.815,0.155
67000,0.030,0.795,0.175
67500,0.030,0.792,0.177
68000,0.030,0.790,0.180
68500,0.030,0.757,0.213
69000,0.030,0.782,0.188
69500,0.030,0.760,0.210
70000,0.030,0.811,0.159
70500,0.030,0.817,0.153
71000,0.030,0.758,0.212
71500,0.030,0.777,0.193
72000,0.030,0.778,0.192
72500,0.030,0.803,0.167
73000,0.030,0.806,0.164
73500,0.030,0.778,0.192
74000,0.030,0.774,0.196
74500,0.030,0.773,0.197
75000,0.030,0.782,0.188
75500,0.030,0.757,0.213
76000,0.030,0.771,0.199
76500,0.030,0.784,0.185
77000,0.030,0.750,0.220
77500,0.030,0.769,0.201
78000,0.030,0.779,0.191
78500,0.030,0.801,0.169
79000,0.030,0.772,0.198
79500,0.030,0.766,0.204
80000,0.030,0.786,0.184
80500,0.030,0.803,0.166
81000,0.030,0.835,0.135
81500,0.030,0.821,0.149
82000,0.030,0.796,0.173
82500,0.030,0.817,0.153
83000,0.030,0.777,0.193
83500,0.030,0.807,0.162
84000,0.030,0.788,0.182
84500,0.030,0.786,0.184
85000,0.030,0.813,0.157
85500,0.030,0.820,0.150
86000,0.030,0.806,0.163
86500,0.030,0.812,0.158
87000,0.030,0.846,0.124
87500,0.030,0.829,0.141
88000,0.030,0.795,0.174
88500,0.030,0.762,0.208
89000,0.030,0.757,0.213
89500,0.030,0.799,0.170
90000,0.030,0.798,0.172
90500,0.030,0.778,0.192
91000,0.030,0.798,0.171
91500,0.030,0.822,0.148
92000,0.030,0.851,0.119
92500,0.030,0.851,0.119
93000,0.030,0.823,0.147
93500,0.030,0.843,0.127
94000,0.030,0.798,0.171
94500,0.030,0.772,0.198
95000,0.030,0.782,0.188
95500,0.030,0.799,0.170
96000,0.030,0.773,0.197
96500,0.030,0.779,0.191
97000,0.030,0.778,0.192
97500,0.030,0.807,0.163
98000,0.030,0.788,0.182
98500,0.030,0.798,0.172
99000,0.030,0.818,0.152
99500,0.030,0.793,0.177
100000,0.030,0.781,0.189
100500,0.030,0.813,0.157
101000,0.030,0.821,0.149
101500,0.030,0.805,0.164
102000,0.030,0.826,0.144
102500,0.030,0.817,0.153
103000,0.030,0.838,0.132
103500,0.030,0.814,0.156
104000,0.030,0.816,0.154
104500,0.030,0.820,0.150
105000,0.030,0.822,0.148
105500,0.030,0.816,0.154
106000,0.030,0.845,0.125
106500,0.030,0.850,0.120
107000,0.030,0.851,0.119
107500,0.030,0.857,0.113
108000,0.030,0.823,0.147
108500,0.030,0.764,0.206
109000,0.030,0.753,0.217
109500,0.030,0.779,0.191
110000,0.030,0.756,0.214
110500,0.030,0.753,0.217
111000,0.030,0.753,0.217
111500,0.030,0.753,0.217
112000,0.030,0.744,0.226
112500,0.030,0.750,0.220
113000,0.030,0.771,0.199
113500,0.030,0.785,0.184
114000,0.030,0.823,0.147
114500,0.030,0.810,0.159
115000,0.030,0.839,0.131
115500,0.030,0.816,0.154
116000,0.030,0.777,0.193
116500,0.030,0.790,0.179
117000,0.030,0.763,0.207
117500,0.030,0.764,0.206
118000,0.030,0.807,0.162
118500,0.030,0.798,0.171
119000,0.030,0.855,0.115
119500,0.030,0.837,0.133
120000,0.030,0.808,0.162
120500,0.030,0.800,0.170
121000,0.030,0.749,0.221
121500,0.030,0.776,0.194
122000,0.030,0.779,0.191
122500,0.030,0.757,0.213
123000,0.030,0.774,0.196
123500,0.030,0.773,0.197
124000,0.030,0.803,0.166
124500,0.030,0.787,0.182
125000,0.030,0.805,0.165
125500,0.030,0.831,0.139
126000,0.030,0.838,0.132
126500,0.030,0.836,0.134
127000,0.030,0.831,0.139
127500,0.030,0.825,0.145
128000,0.030,0.760,0.210
128500,0.030,0.761,0.209
129000,0.030,0.789,0.181
129500,0.030,0.826,0.144
130000,0.030,0.802,0.167
130500,0.030,0.821,0.149
131000,0.030,0.814,0.156
131500,0.030,0.786,0.183
132000,0.030,0.767,0.203
132500,0.030,0.750,0.220
133000,0.030,0.786,0.184
133500,0.030,0.817,0.153
134000,0.030,0.842,0.128
134500,0.030,0.792,0.177
135000,0.030,0.757,0.213
135500,0.030,0.767,0.203
136000,0.030,0.799,0.171
136500,0.030,0.784,0.185
137000,0.030,0.789,0.181
137500,0.030,0.773,0.197
138000,0.030,0.818,0.152
138500,0.030,0.816,0.154
139000,0.030,0.822,0.148
139500,0.030,0.825,0.145
140000,0.030,0.822,0.148
140500,0.030,0.795,0.175
141000,0.030,0.789,0.180
141500,0.030,0.750,0.220
142000,0.030,0.798,0.172
142500,0.030,0.803,0.166
143000,0.030,0.794,0.176
143500,0.030,0.789,0.181
144000,0.030,0.790,0.179
144500,0.030,0.794,0.176
145000,0.030,0.798,0.171
145500,0.030,0.788,0.182
146000,0.030,0.785,0.185
146500,0.030,0.793,0.177
147000,0.030,0.814,0.156
147500,0.030,0.788,0.181
148000,0.030,0.794,0.175
148500,0.030,0.818,0.152
149000,0.030,0.807,0.162
149500,0.030,0.791,0.179
150000,0.030,0.784,0.185
150500,0.030,0.742,0.228
151000,0.030,0.785,0.185
151500,0.030,0.757,0.213
152000,0.030,0.738,0.232
152500,0.030,0.780,0.190
153000,0.030,0.795,0.174
153500,0.030,0.787,0.183
154000,0.030,0.790,0.179
154500,0.030,0.806,0.163
155000,0.030,0.795,0.175
155500,0.030,0.799,0.170
156000,0.030,0.821,0.149
156500,0.030,0.839,0.131
157000,0.030,0.840,0.130
157500,0.030,0.840,0.130
158000,0.030,0.815,0.155
158500,0.030,0.809,0.160
159000,0.030,0.784,0.185
159500,0.030,0.804,0.166
160000,0.030,0.785,0.184
160500,0.030,0.798,0.171
161000,0.030,0.841,0.129
161500,0.030,0.843,0.127
162000,0.030,0.830,0.140
162500,0.030,0.851,0.119
163000,0.030,0.831,0.139
163500,0.030,0.829,0.141
164000,0.030,0.799,0.171
164500,0.030,0.798,0.171
165000,0.030,0.802,0.167
165500,0.030,0.755,0.215
166000,0.030,0.762,0.208
166500,0.030,0.773,0.197
167000,0.030,0.789,0.181
167500,0.030,0.788,0.181
168000,0.030,0.824,0.146
168500,0.030,0.817,0.153
169000,0.030,0.829,0.141
169500,0.030,0.803,0.167
170000,0.030,0.770,0.200
170500,0.030,0.803,0.166
171000,0.030,0.826,0.144
171500,0.030,0.836,0.134
172000,0.030,0.792,0.177
172500,0.030,0.775,0.195
173000,0.030,0.817,0.153
173500,0.030,0.823,0.147
174000,0.030,0.843,0.127
174500,0.030,0.799,0.171
175000,0.030,0.829,0.141
175500,0.030,0.787,0.182
176000,0.030,0.809,0.161
176500,0.030,0.799,0.170
177000,0.030,0.820,0.150
177500,0.030,0.790,0.180
178000,0.030,0.786,0.183
178500,0.030,0.779,0.191
179000,0.030,0.758,0.212
179500,0.030,0.746,0.224
180000,0.030,0.777,0.193
180500,0.030,0.766,0.204
181000,0.030,0.777,0.193
181500,0.030,0.778,0.192
182000,0.030,0.716,0.254
182500,0.030,0.768,0.202
183000,0.030,0.785,0.184
183500,0.030,0.802,0.167
184000,0.030,0.815,0.155
184500,0.030,0.806,0.163
185000,0.030,0.815,0.155
185500,0.030,0.815,0.155
186000,0.030,0.806,0.163
186500,0.030,0.823,0.147
187000,0.030,0.794,0.175
187500,0.030,0.775,0.195
188000,0.030,0.744,0.226
188500,0.030,0.790,0.180
189000,0.030,0.778,0.192
189500,0.030,0.786,0.184
190000,0.030,0.779,0.191
190500,0.030,0.783,0.186
191000,0.030,0.739,0.231
191500,0.030,0.754,0.216
192000,0.030,0.764,0.206
192500,0.030,0.799,0.171
193000,0.030,0.777,0.193
193500,0.030,0.812,0.158
194000,0.030,0.817,0.153
194500,0.030,0.822,0.148
195000,0.030,0.790,0.179
195500,0.030,0.800,0.170
196000,0.030,0.813,0.157
196500,0.030,0.806,0.164
197000,0.030,0.828,0.142
197500,0.030,0.822,0.148
198000,0.030,0.806,0.164
198500,0.030,0.775,0.195
199000,0.030,0.788,0.181
199500,0.030,0.757,0.213
200000,0.030,0.778,0.192
200500,0.030,0.817,0.153
201000,0.030,0.805,0.164
201500,0.030,0.812,0.157
202000,0.030,0.791,0.178
202500,0.030,0.820,0.150
203000,0.030,0.809,0.160
203500,0.030,0.797,0.173
204000,0.030,0.781,0.189
204500,0.030,0.809,0.161
205000,0.030,0.808,0.161
205500,0.030,0.815,0.155
206000,0.030,0.844,0.126
206500,0.030,0.825,0.145
207000,0.030,0.827,0.143
207500,0.030,0.796,0.174
208000,0.030,0.817,0.153
208500,0.030,0.757,0.213
209000,0.030,0.762,0.208
209500,0.030,0.774,0.196
210000,0.030,0.769,0.201
210500,0.030,0.826,0.144
211000,0.030,0.818,0.152
211500,0.030,0.827,0.143
212000,0.030,0.820,0.150
212500,0.030,0.771,0.199
213000,0.030,0.786,0.184
213500,0.030,0.770,0.200
214000,0.030,0.743,0.227
214500,0.030,0.715,0.255
215000,0.030,0.720,0.250
215500,0.030,0.744,0.226
216000,0.030,0.759,0.211
216500,0.030,0.767,0.203
217000,0.030,0.724,0.246
217500,0.030,0.761,0.209
218000,0.030,0.799,0.170
218500,0.030,0.798,0.171
219000,0.030,0.808,0.161
219500,0.030,0.798,0.172
220000,0.030,0.786,0.184
220500,0.030,0.783,0.186
221000,0.030,0.802,0.167
221500,0.030,0.827,0.143
222000,0.030,0.844,0.126
222500,0.030,0.853,0.117
223000,0.030,0.842,0.128
223500,0.030,0.862,0.108
224000,0.030,0.850,0.120
224500,0.030,0.809,0.160
225000,0.030,0.782,0.188
225500,0.030,0.801,0.169
226000,0.030,0.780,0.190
226500,0.030,0.784,0.185
227000,0.030,0.783,0.187
227500,0.030,0.772,0.198
228000,0.030,0.768,0.202
228500,0.030,0.764,0.206
229000,0.030,0.798,0.171
229500,0.030,0.777,0.193
230000,0.030,0.819,0.151
230500,0.030,0.816,0.154
231000,0.030,0.767,0.203
231500,0.030,0.749,0.221
232000,0.030,0.755,0.215
232500,0.030,0.793,0.176
233000,0.030,0.822,0.148
233500,0.030,0.824,0.146
234000,0.030,0.827,0.143
234500,0.030,0.820,0.150
235000,0.030,0.804,0.166
235500,0.030,0.827,0.143
236000,0.030,0.822,0.148
236500,0.030,0.865,0.105
237000,0.030,0.844,0.126
237500,0.030,0.822,0.148
238000,0.030,0.817,0.153
238500,0.030,0.796,0.174
239000,0.030,0.776,0.194
239500,0.030,0.785,0.184
240000,0.030,0.797,0.172
240500,0.030,0.764,0.206
241000,0.030,0.783,0.186
241500,0.030,0.771,0.199
242000,0.030,0.794,0.176
242500,0.030,0.808,0.161
243000,0.030,0.844,0.126
243500,0.030,0.836,0.134
244000,0.030,0.820,0.150
244500,0.030,0.808,0.161
245000,0.030,0.820,0.150
245500,0.030,0.828,0.142
246000,0.030,0.817,0.153
246500,0.030,0.825,0.145
247000,0.030,0.835,0.135
247500,0.030,0.832,0.138
248000,0.030,0.815,0.155
248500,0.030,0.801,0.168
249000,0.030,0.799,0.171
249500,0.030,0.828,0.142
250000,0.030,0.831,0.139
250500,0.030,0.792,0.177
251000,0.030,0.796,0.173
251500,0.030,0.777,0.193
252000,0.030,0.769,0.201
252500,0.030,0.816,0.154
253000,0.030,0.815,0.155
253500,0.030,0.780,0.190
254000,0.030,0.793,0.176
254500,0.030,0.837,0.133
255000,0.030,0.843,0.127
255500,0.030,0.832,0.138
256000,0.030,0.831,0.139
256500,0.030,0.826,0.144
257000,0.030,0.832,0.138
257500,0.030,0.810,0.160
258000,0.030,0.786,0.183
258500,0.030,0.791,0.179
259000,0.030,0.809,0.161
259500,0.030,0.805,0.164
260000,0.030,0.836,0.134
260500,0.030,0.797,0.173
261000,0.030,0.800,0.169
261500,0.030,0.818,0.152
262000,0.030,0.802,0.168
262500,0.030,0.782,0.188
263000,0.030,0.783,0.186
263500,0.030,0.811,0.159
264000,0.030,0.819,0.151
264500,0.030,0.818,0.152
265000,0.030,0.824,0.146
265500,0.030,0.851,0.119
266000,0.030,0.809,0.160
266500,0.030,0.799,0.170
267000,0.030,0.802,0.167
267500,0.030,0.811,0.158
268000,0.030,0.818,0.152
268500,0.030,0.820,0.150
269000,0.030,0.824,0.146
269500,0.030,0.854,0.116
270000,0.030,0.845,0.125
270500,0.030,0.840,0.130
271000,0.030,0.804,0.166
271500,0.030,0.786,0.183
272000,0.030,0.785,0.184
272500,0.030,0.780,0.190
273000,0.030,0.798,0.172
273500,0.030,0.797,0.172
274000,0.030,0.778,0.192
274500,0.030,0.764,0.206
275000,0.030,0.793,0.176
275500,0.030,0.847,0.123
276000,0.030,0.842,0.128
276500,0.030,0.832,0.138
277000,0.030,0.825,0.145
277500,0.030,0.825,0.145
278000,0.030,0.816,0.154
278500,0.030,0.831,0.139
279000,0.030,0.840,0.130
279500,0.030,0.843,0.127
280000,0.030,0.822,0.148
280500,0.030,0.789,0.181
281000,0.030,0.811,0.158
281500,0.030,0.812,0.157
282000,0.030,0.811,0.158
282500,0.030,0.799,0.171
283000,0.030,0.775,0.195
283500,0.030,0.824,0.146
284000,0.030,0.774,0.196
284500,0.030,0.791,0.179
285000,0.030,0.759,0.211
285500,0.030,0.753,0.217
286000,0.030,0.773,0.197
286500,0.030,0.784,0.186
287000,0.030,0.809,0.160
287500,0.030,0.834,0.136
288000,0.030,0.821,0.149
288500,0.030,0.828,0.142
289000,0.030,0.807,0.162
289500,0.030,0.816,0.154
290000,0.030,0.796,0.174
290500,0.030,0.792,0.178
291000,0.030,0.802,0.167
291500,0.030,0.777,0.193
292000,0.030,0.798,0.172
292500,0.030,0.816,0.154
293000,0.030,0.838,0.132
293500,0.030,0.866,0.104
294000,0.030,0.854,0.116
294500,0.030,0.840,0.130
295000,0.030,0.826,0.144
295500,0.030,0.837,0.133
296000,0.030,0.798,0.171
296500,0.030,0.798,0.172
297000,0.030,0.799,0.170
297500,0.030,0.795,0.174
298000,0.030,0.789,0.180
298500,0.030,0.801,0.169
299000,0.030,0.774,0.196
299500,0.030,0.776,0.194
300000,0.030,0.790,0.180
300500,0.030,0.819,0.151
301000,0.030,0.785,0.185
301500,0.030,0.810,0.160
302000,0.030,0.805,0.165
302500,0.030,0.807,0.162
303000,0.030,0.859,0.111
303500,0.030,0.797,0.173
304000,0.030,0.792,0.178
304500,0.030,0.832,0.138
305000,0.030,0.825,0.145
305500,0.030,0.819,0.151
306000,0.030,0.795,0.174
306500,0.030,0.829,0.141
307000,0.030,0.829,0.141
307500,0.030,0.807,0.162
308000,0.030,0.788,0.181
308500,0.030,0.776,0.194
309000,0.030,0.773,0.197
309500,0.030,0.763,0.207
310000,0.030,0.776,0.194
310500,0.030,0.767,0.203
311000,0.030,0.804,0.166
311500,0.030,0.820,0.150
312000,0.030,0.821,0.149
312500,0.030,0.814,0.156
313000,0.030,0.815,0.155
313500,0.030,0.836,0.134
314000,0.030,0.820,0.150
314500,0.030,0.783,0.187
315000,0.030,0.782,0.188
315500,0.030,0.767,0.203
316000,0.030,0.776,0.194
316500,0.030,0.783,0.186
317000,0.030,0.789,0.180
317500,0.030,0.775,0.195
318000,0.030,0.760,0.210
318500,0.030,0.757,0.213
319000,0.030,0.781,0.189
319500,0.030,0.801,0.169
320000,0.030,0.826,0.144
320500,0.030,0.827,0.143
321000,0.030,0.804,0.166
321500,0.030,0.765,0.205
322000,0.030,0.796,0.174
322500,0.030,0.822,0.148
323000,0.030,0.835,0.135
323500,0.030,0.801,0.168
324000,0.030,0.811,0.159
324500,0.030,0.800,0.170
325000,0.030,0.830,0.140
325500,0.030,0.826,0.144
326000,0.030,0.756,0.214
326500,0.030,0.711,0.259
327000,0.030,0.745,0.225
327500,0.030,0.720,0.250
328000,0.030,0.741,0.229
328500,0.030,0.756,0.214
329000,0.030,0.780,0.190
329500,0.030,0.766,0.204
330000,0.030,0.770,0.200
330500,0.030,0.796,0.173
331000,0.030,0.812,0.157
331500,0.030,0.810,0.160
332000,0.030,0.818,0.152
332500,0.030,0.812,0.157
333000,0.030,0.817,0.153
333500,0.030,0.816,0.154
334000,0.030,0.790,0.179
334500,0.030,0.798,0.172
335000,0.030,0.798,0.172
335500,0.030,0.779,0.191
336000,0.030,0.795,0.175
336500,0.030,0.782,0.188
337000,0.030,0.764,0.206
337500,0.030,0.728,0.242
338000,0.030,0.737,0.233
338500,0.030,0.755,0.215
339000,0.030,0.784,0.186
339500,0.030,0.787,0.182
340000,0.030,0.834,0.136
340500,0.030,0.803,0.166
341000,0.030,0.803,0.167
341500,0.030,0.784,0.186
342000,0.030,0.833,0.137
342500,0.030,0.811,0.159
343000,0.030,0.841,0.129
343500,0.030,0.868,0.102
344000,0.030,0.851,0.119
344500,0.030,0.852,0.118
345000,0.030,0.862,0.108
345500,0.030,0.879,0.091
346000,0.030,0.867,0.103
346500,0.030,0.836,0.134
347000,0.030,0.817,0.153
347500,0.030,0.795,0.174
348000,0.030,0.770,0.200
348500,0.030,0.756,0.214
349000,0.030,0.806,0.163
349500,0.030,0.766,0.204
350000,0.030,0.797,0.173
350500,0.030,0.807,0.162
351000,0.030,0.821,0.149
351500,0.030,0.838,0.132
352000,0.030,0.823,0.147
352500,0.030,0.789,0.180
353000,0.030,0.810,0.159
353500,0.030,0.806,0.163
354000,0.030,0.793,0.176
354500,0.030,0.812,0.157
355000,0.030,0.781,0.189
355500,0.030,0.799,0.171
356000,0.030,0.796,0.173
356500,0.030,0.751,0.219
357000,0.030,0.767,0.203
357500,0.030,0.792,0.178
358000,0.030,0.783,0.187
358500,0.030,0.770,0.200
359000,0.030,0.770,0.200
359500,0.030,0.797,0.172
360000,0.030,0.780,0.190
360500,0.030,0.766,0.204
361000,0.030,0.737,0.233
361500,0.030,0.767,0.203
362000,0.030,0.784,0.185
362500,0.030,0.773,0.197
363000,0.030,0.793,0.177
363500,0.030,0.781,0.189
364000,0.030,0.795,0.174
364500,0.030,0.786,0.183
365000,0.030,0.806,0.163
365500,0.030,0.803,0.167
366000,0.030,0.808,0.161
366500,0.030,0.803,0.166
367000,0.030,0.809,0.160
367500,0.030,0.779,0.191
368000,0.030,0.780,0.190
368500,0.030,0.787,0.183
369000,0.030,0.792,0.178
369500,0.030,0.778,0.192
370000,0.030,0.776,0.194
370500,0.030,0.794,0.175
371000,0.030,0.809,0.160
371500,0.030,0.768,0.202
372000,0.030,0.815,0.155
372500,0.030,0.810,0.160
373000,0.030,0.798,0.171
373500,0.030,0.821,0.149
374000,0.030,0.810,0.159
374500,0.030,0.846,0.124
375000,0.030,0.819,0.151
375500,0.030,0.825,0.145
376000,0.030,0.832,0.138
376500,0.030,0.801,0.169
377000,0.030,0.804,0.166
377500,0.030,0.820,0.150
378000,0.030,0.806,0.163
378500,0.030,0.822,0.148
379000,0.030,0.818,0.152
379500,0.030,0.830,0.140
380000,0.030,0.819,0.151
380500,0.030,0.789,0.181
381000,0.030,0.764,0.206
381500,0.030,0.748,0.222
382000,0.030,0.768,0.202
382500,0.030,0.780,0.190
383000,0.030,0.781,0.189
383500,0.030,0.808,0.162
384000,0.030,0.824,0.146
384500,0.030,0.829,0.141
385000,0.030,0.786,0.183
385500,0.030,0.833,0.137
386000,0.030,0.797,0.172
386500,0.030,0.797,0.173
387000,0.030,0.820,0.150
387500,0.030,0.827,0.143
388000,0.030,0.800,0.170
388500,0.030,0.824,0.146
389000,0.030,0.794,0.175
389500,0.030,0.787,0.182
390000,0.030,0.768,0.202
390500,0.030,0.804,0.166
391000,0.030,0.839,0.131
391500,0.030,0.809,0.160
392000,0.030,0.793,0.177
392500,0.030,0.785,0.185
393000,0.030,0.784,0.186
393500,0.030,0.746,0.224
394000,0.030,0.741,0.229
394500,0.030,0.798,0.172
395000,0.030,0.794,0.176
395500,0.030,0.822,0.148
396000,0.030,0.808,0.161
396500,0.030,0.831,0.139
397000,0.030,0.782,0.188
397500,0.030,0.785,0.184
398000,0.030,0.798,0.172
398500,0.030,0.764,0.206
399000,0.030,0.773,0.197
399500,0.030,0.771,0.199
400000,0.030,0.789,0.180
400500,0.030,0.794,0.175
401000,0.030,0.828,0.142
401500,0.030,0.802,0.168
402000,0.030,0.788,0.182
402500,0.030,0.781,0.189
403000,0.030,0.818,0.152
403500,0.030,0.805,0.164
404000,0.030,0.800,0.170
404500,0.030,0.800,0.170
405000,0.030,0.798,0.171
405500,0.030,0.760,0.210
406000,0.030,0.793,0.176
406500,0.030,0.825,0.145
407000,0.030,0.794,0.176
407500,0.030,0.812,0.158
408000,0.030,0.820,0.150
408500,0.030,0.800,0.169
409000,0.030,0.795,0.175
409500,0.030,0.777,0.193
410000,0.030,0.774,0.196
410500,0.030,0.796,0.174
411000,0.030,0.805,0.165
411500,0.030,0.775,0.195
412000,0.030,0.821,0.149
412500,0.030,0.866,0.104
413000,0.030,0.821,0.149
413500,0.030,0.807,0.162
414000,0.030,0.817,0.153
414500,0.030,0.816,0.154
415000,0.030,0.837,0.133
415500,0.030,0.828,0.142
416000,0.030,0.826,0.144
416500,0.030,0.820,0.150
417000,0.030,0.783,0.186
417500,0.030,0.785,0.185
418000,0.030,0.752,0.218
418500,0.030,0.751,0.219
419000,0.030,0.777,0.193
419500,0.030,0.770,0.200
420000,0.030,0.790,0.179
420500,0.030,0.765,0.205
421000,0.030,0.806,0.164
421500,0.030,0.824,0.146
422000,0.030,0.824,0.146
422500,0.030,0.823,0.147
423000,0.030,0.806,0.164
423500,0.030,0.805,0.165
424000,0.030,0.826,0.144
424500,0.030,0.821,0.149
425000,0.030,0.812,0.157
425500,0.030,0.821,0.149
426000,0.030,0.772,0.198
426500,0.030,0.771,0.199
427000,0.030,0.788,0.182
427500,0.030,0.836,0.134
428000,0.030,0.853,0.117
428500,0.030,0.823,0.147
429000,0.030,0.794,0.175
429500,0.030,0.790,0.180
430000,0.030,0.796,0.173
430500,0.030,0.797,0.173
431000,0.030,0.809,0.161
431500,0.030,0.780,0.190
432000,0.030,0.782,0.188
432500,0.030,0.808,0.161
433000,0.030,0.816,0.154
433500,0.030,0.781,0.189
434000,0.030,0.764,0.206
434500,0.030,0.769,0.201
435000,0.030,0.792,0.178
435500,0.030,0.804,0.165
436000,0.030,0.800,0.170
436500,0.030,0.783,0.186
437000,0.030,0.821,0.149
437500,0.030,0.855,0.115
438000,0.030,0.857,0.113
438500,0.030,0.855,0.115
439000,0.030,0.822,0.148
439500,0.030,0.775,0.195
440000,0.030,0.784,0.185
440500,0.030,0.803,0.166
441000,0.030,0.799,0.170
441500,0.032,0.785,0.183
442000,0.030,0.772,0.197
442500,0.030,0.801,0.168
443000,0.030,0.816,0.154
443500,0.030,0.797,0.172
444000,0.030,0.807,0.163
444500,0.030,0.810,0.159
445000,0.030,0.826,0.144
445500,0.030,0.821,0.149
446000,0.030,0.828,0.142
446500,0.030,0.806,0.164
447000,0.030,0.816,0.154
447500,0.030,0.765,0.205
448000,0.030,0.773,0.197
448500,0.030,0.777,0.193
449000,0.030,0.800,0.169
449500,0.030,0.770,0.200
450000,0.030,0.761,0.209
450500,0.030,0.701,0.269
451000,0.030,0.765,0.205
451500,0.030,0.807,0.163
452000,0.030,0.750,0.220
452500,0.030,0.796,0.174
453000,0.030,0.810,0.159
453500,0.030,0.786,0.183
454000,0.030,0.771,0.199
454500,0.030,0.791,0.178
455000,0.030,0.816,0.154
455500,0.030,0.850,0.120
456000,0.030,0.836,0.134
456500,0.030,0.834,0.136
457000,0.030,0.818,0.152
457500,0.030,0.788,0.182
458000,0.030,0.787,0.182
458500,0.030,0.745,0.225
459000,0.030,0.735,0.235
459500,0.030,0.743,0.227
460000,0.030,0.758,0.212
460500,0.030,0.758,0.212
461000,0.030,0.776,0.194
461500,0.030,0.796,0.173
462000,0.030,0.823,0.147
462500,0.030,0.819,0.151
463000,0.030,0.802,0.167
463500,0.030,0.834,0.136
464000,0.030,0.824,0.146
464500,0.030,0.796,0.173
465000,0.030,0.796,0.174
465500,0.030,0.781,0.189
466000,0.030,0.782,0.188
466500,0.030,0.826,0.144
467000,0.030,0.781,0.189
467500,0.030,0.795,0.174
468000,0.030,0.770,0.200
468500,0.030,0.764,0.206
469000,0.030,0.749,0.221
469500,0.030,0.773,0.197
470000,0.030,0.794,0.176
470500,0.030,0.796,0.173
471000,0.030,0.797,0.172
471500,0.030,0.808,0.162
472000,0.030,0.787,0.182
472500,0.030,0.775,0.195
473000,0.030,0.816,0.154
473500,0.030,0.826,0.144
474000,0.030,0.853,0.117
474500,0.030,0.866,0.104
475000,0.030,0.847,0.123
475500,0.030,0.847,0.123
476000,0.030,0.815,0.155
476500,0.030,0.817,0.153
477000,0.030,0.805,0.165
477500,0.030,0.762,0.208
478000,0.030,0.742,0.228
478500,0.030,0.788,0.181
479000,0.030,0.800,0.169
479500,0.030,0.823,0.147
480000,0.030,0.838,0.132
480500,0.030,0.852,0.118
481000,0.030,0.816,0.154
481500,0.030,0.801,0.169
482000,0.030,0.764,0.206
482500,0.030,0.788,0.181
483000,0.030,0.794,0.176
483500,0.030,0.798,0.171
484000,0.030,0.821,0.149
484500,0.030,0.782,0.188
485000,0.030,0.793,0.177
485500,0.030,0.781,0.189
486000,0.030,0.769,0.201
486500,0.030,0.761,0.209
487000,0.030,0.750,0.220
487500,0.030,0.745,0.225
488000,0.030,0.775,0.195
488500,0.030,0.756,0.214
489000,0.030,0.741,0.229
489500,0.030,0.741,0.229
490000,0.030,0.750,0.220
490500,0.030,0.730,0.240
491000,0.030,0.752,0.218
491500,0.030,0.757,0.213
492000,0.030,0.771,0.199
492500,0.030,0.802,0.167
493000,0.030,0.798,0.171
493500,0.030,0.819,0.151
494000,0.030,0.797,0.173
494500,0.030,0.784,0.186
495000,0.030,0.788,0.181
495500,0.030,0.785,0.184
496000,0.030,0.797,0.172
496500,0.030,0.786,0.183
497000,0.030,0.809,0.161
497500,0.030,0.806,0.163
498000,0.030,0.801,0.168
498500,0.030,0.764,0.206
499000,0.030,0.724,0.246
499500,0.030,0.718,0.252
500000,0.030,0.791,0.178
500500,0.030,0.748,0.222
501000,0.030,0.740,0.230
501500,0.030,0.799,0.171
502000,0.030,0.799,0.170
502500,0.030,0.830,0.140
503000,0.030,0.836,0.134
503500,0.030,0.814,0.156
504000,0.030,0.804,0.166
504500,0.030,0.788,0.181
505000,0.030,0.773,0.197
505500,0.030,0.752,0.218
506000,0.030,0.770,0.200
506500,0.030,0.773,0.197
507000,0.030,0.777,0.193
507500,0.030,0.800,0.169
508000,0.030,0.787,0.182
508500,0.030,0.784,0.186
509000,0.030,0.779,0.191
509500,0.030,0.803,0.167
510000,0.030,0.799,0.171
510500,0.030,0.784,0.185
511000,0.030,0.754,0.216
511500,0.030,0.775,0.195
512000,0.030,0.794,0.176
512500,0.030,0.788,0.182
513000,0.030,0.790,0.180
513500,0.030,0.802,0.168
514000,0.030,0.795,0.174
514500,0.030,0.741,0.229
515000,0.030,0.768,0.202
515500,0.030,0.793,0.177
516000,0.030,0.811,0.159
516500,0.030,0.789,0.180
517000,0.030,0.798,0.172
517500,0.030,0.771,0.199
518000,0.030,0.776,0.194
518500,0.030,0.807,0.163
519000,0.030,0.823,0.147
519500,0.030,0.817,0.153
520000,0.030,0.830,0.140
520500,0.030,0.805,0.164
521000,0.030,0.823,0.147
521500,0.030,0.834,0.136
522000,0.030,0.825,0.145
522500,0.030,0.789,0.180
523000,0.030,0.817,0.153
523500,0.030,0.789,0.180
524000,0.030,0.813,0.157
524500,0.030,0.779,0.191
525000,0.030,0.757,0.213
525500,0.030,0.767,0.203
526000,0.030,0.778,0.192
526500,0.030,0.806,0.164
527000,0.030,0.809,0.161
527500,0.030,0.823,0.147
528000,0.030,0.824,0.146
528500,0.030,0.804,0.166
529000,0.030,0.794,0.176
529500,0.030,0.812,0.158
530000,0.030,0.804,0.166
530500,0.030,0.800,0.169
531000,0.030,0.813,0.157
531500,0.030,0.779,0.191
532000,0.030,0.815,0.155
532500,0.030,0.834,0.136
533000,0.030,0.823,0.147
533500,0.030,0.844,0.126
534000,0.030,0.822,0.148
534500,0.030,0.815,0.155
535000,0.030,0.775,0.195
535500,0.030,0.796,0.174
536000,0.030,0.793,0.176
536500,0.030,0.789,0.180
537000,0.030,0.807,0.162
537500,0.030,0.790,0.180
538000,0.030,0.819,0.151
538500,0.030,0.812,0.158
539000,0.030,0.762,0.208
539500,0.030,0.720,0.250
540000,0.030,0.755,0.215
540500,0.030,0.755,0.215
541000,0.030,0.751,0.219
541500,0.030,0.766,0.204
542000,0.030,0.826,0.144
542500,0.030,0.818,0.152
543000,0.030,0.816,0.154
543500,0.030,0.820,0.150
544000,0.030,0.786,0.184
544500,0.030,0.815,0.155
545000,0.030,0.838,0.132
545500,0.030,0.841,0.129
546000,0.030,0.858,0.112
546500,0.030,0.816,0.154
547000,0.030,0.797,0.172
547500,0.030,0.793,0.177
548000,0.030,0.826,0.144
548500,0.030,0.804,0.166
549000,0.030,0.795,0.174
549500,0.030,0.779,0.191
550000,0.030,0.786,0.183
550500,0.030,0.796,0.173
551000,0.030,0.821,0.149
551500,0.030,0.824,0.146
552000,0.030,0.835,0.135
552500,0.030,0.843,0.127
553000,0.030,0.808,0.162
553500,0.030,0.833,0.137
554000,0.030,0.821,0.149
554500,0.030,0.806,0.163
555000,0.030,0.835,0.135
555500,0.030,0.848,0.122
556000,0.030,0.839,0.131
556500,0.030,0.828,0.142
557000,0.030,0.815,0.155
557500,0.030,0.825,0.145
558000,0.030,0.807,0.162
558500,0.030,0.807,0.162
559000,0.030,0.797,0.173
559500,0.030,0.795,0.174
560000,0.030,0.788,0.182
560500,0.030,0.792,0.177
561000,0.030,0.789,0.180
561500,0.030,0.789,0.181
562000,0.030,0.773,0.197
562500,0.030,0.789,0.180
563000,0.030,0.808,0.162
563500,0.030,0.822,0.148
564000,0.030,0.793,0.176
564500,0.030,0.820,0.150
565000,0.030,0.835,0.135
565500,0.030,0.818,0.152
566000,0.030,0.822,0.148
566500,0.030,0.788,0.181
567000,0.030,0.813,0.157
567500,0.030,0.816,0.154
568000,0.030,0.794,0.176
568500,0.030,0.780,0.190
569000,0.030,0.790,0.180
569500,0.030,0.821,0.149
570000,0.030,0.848,0.122
570500,0.030,0.846,0.124
571000,0.030,0.843,0.127
571500,0.030,0.838,0.132
572000,0.030,0.824,0.146
572500,0.030,0.826,0.144
573000,0.030,0.851,0.119
573500,0.030,0.812,0.157
574000,0.030,0.836,0.134
574500,0.030,0.854,0.116
575000,0.030,0.852,0.118
575500,0.030,0.828,0.142
576000,0.030,0.801,0.168
576500,0.030,0.815,0.155
577000,0.030,0.802,0.167
577500,0.030,0.828,0.142
578000,0.030,0.832,0.138
578500,0.030,0.830,0.140
579000,0.030,0.823,0.147
579500,0.030,0.844,0.126
580000,0.030,0.814,0.156
580500,0.030,0.772,0.198
581000,0.030,0.798,0.172
581500,0.030,0.794,0.175
582000,0.030,0.783,0.187
582500,0.030,0.766,0.204
583000,0.030,0.784,0.186
583500,0.030,0.799,0.170
584000,0.030,0.815,0.155
584500,0.030,0.816,0.154
585000,0.030,0.806,0.163
585500,0.030,0.790,0.179
586000,0.030,0.789,0.180
586500,0.030,0.790,0.180
587000,0.030,0.813,0.157
587500,0.030,0.842,0.128
588000,0.030,0.842,0.128
588500,0.030,0.852,0.118
589000,0.030,0.821,0.149
589500,0.030,0.784,0.185
590000,0.030,0.751,0.219
590500,0.030,0.721,0.249
591000,0.030,0.762,0.208
591500,0.030,0.810,0.160
592000,0.030,0.805,0.164
592500,0.030,0.771,0.199
593000,0.030,0.771,0.199
593500,0.030,0.781,0.189
594000,0.030,0.760,0.210
594500,0.030,0.775,0.195
595000,0.030,0.772,0.198
595500,0.030,0.758,0.212
596000,0.030,0.748,0.222
596500,0.030,0.726,0.244
597000,0.030,0.754,0.216
597500,0.030,0.721,0.249
598000,0.030,0.743,0.227
598500,0.030,0.748,0.222
599000,0.030,0.766,0.204
599500,0.030,0.773,0.197
600000,0.030,0.765,0.205
600500,0.030,0.748,0.222
601000,0.030,0.742,0.228
601500,0.030,0.783,0.187
602000,0.030,0.750,0.220
602500,0.030,0.773,0.197
603000,0.030,0.755,0.215
603500,0.030,0.765,0.205
604000,0.030,0.762,0.208
604500,0.030,0.772,0.198
605000,0.030,0.718,0.252
605500,0.030,0.727,0.243
606000,0.030,0.722,0.248
606500,0.030,0.735,0.235
607000,0.030,0.740,0.230
607500,0.030,0.749,0.221
608000,0.030,0.792,0.178
608500,0.030,0.804,0.165
609000,0.030,0.799,0.170
609500,0.030,0.757,0.213
610000,0.030,0.737,0.233
610500,0.030,0.781,0.189
611000,0.030,0.816,0.154
611500,0.030,0.830,0.140
612000,0.030,0.842,0.128
612500,0.030,0.810,0.159
613000,0.030,0.816,0.154
613500,0.030,0.841,0.129
614000,0.030,0.828,0.142
614500,0.030,0.815,0.155
615000,0.030,0.840,0.130
615500,0.030,0.838,0.132
616000,0.030,0.833,0.137
616500,0.030,0.786,0.183
617000,0.030,0.789,0.180
617500,0.030,0.820,0.150
618000,0.030,0.811,0.159
618500,0.030,0.802,0.167
619000,0.030,0.793,0.176
619500,0.030,0.778,0.192
620000,0.030,0.799,0.170
620500,0.030,0.807,0.163
621000,0.030,0.823,0.147
621500,0.030,0.822,0.148
622000,0.030,0.805,0.164
622500,0.030,0.788,0.182
623000,0.030,0.787,0.183
623500,0.030,0.765,0.205
624000,0.030,0.818,0.152
624500,0.030,0.824,0.146
625000,0.030,0.823,0.147
625500,0.030,0.804,0.165
626000,0.030,0.808,0.162
626500,0.030,0.825,0.145
627000,0.030,0.804,0.165
627500,0.030,0.786,0.184
628000,0.030,0.816,0.154
628500,0.030,0.779,0.191
629000,0.030,0.779,0.191
629500,0.030,0.751,0.219
630000,0.030,0.771,0.199
630500,0.030,0.789,0.181
631000,0.030,0.747,0.223
631500,0.030,0.712,0.258
632000,0.030,0.767,0.203
632500,0.030,0.769,0.201
633000,0.030,0.804,0.165
633500,0.030,0.786,0.184
634000,0.030,0.777,0.193
634500,0.030,0.756,0.214
635000,0.030,0.708,0.262
635500,0.030,0.737,0.233
636000,0.030,0.788,0.181
636500,0.030,0.795,0.174
637000,0.030,0.783,0.187
637500,0.030,0.844,0.126
638000,0.030,0.800,0.169
638500,0.030,0.822,0.148
639000,0.030,0.821,0.149
639500,0.030,0.804,0.165
640000,0.030,0.807,0.163
640500,0.030,0.804,0.166
641000,0.030,0.780,0.190
641500,0.030,0.809,0.160
642000,0.030,0.825,0.145
642500,0.030,0.839,0.131
643000,0.030,0.831,0.139
643500,0.030,0.835,0.135
644000,0.030,0.809,0.161
644500,0.030,0.807,0.162
645000,0.030,0.777,0.193
645500,0.030,0.811,0.158
646000,0.030,0.825,0.145
646500,0.030,0.836,0.134
647000,0.030,0.828,0.142
647500,0.030,0.809,0.160
648000,0.030,0.804,0.166
648500,0.030,0.803,0.167
649000,0.030,0.820,0.150
649500,0.030,0.843,0.127
650000,0.030,0.844,0.126
650500,0.030,0.803,0.167
651000,0.030,0.809,0.161
651500,0.030,0.803,0.166
652000,0.030,0.790,0.179
652500,0.030,0.784,0.185
653000,0.030,0.795,0.175
653500,0.030,0.821,0.149
654000,0.030,0.802,0.167
654500,0.030,0.833,0.137
655000,0.030,0.825,0.145
655500,0.030,0.830,0.140
656000,0.030,0.822,0.148
656500,0.030,0.790,0.179
657000,0.030,0.780,0.190
657500,0.030,0.754,0.216
658000,0.030,0.773,0.197
658500,0.030,0.795,0.174
659000,0.030,0.821,0.149
659500,0.030,0.801,0.168
660000,0.030,0.796,0.173
660500,0.030,0.781,0.189
661000,0.030,0.788,0.181
661500,0.030,0.785,0.185
662000,0.030,0.789,0.181
662500,0.030,0.788,0.182
663000,0.030,0.785,0.185
663500,0.030,0.806,0.164
664000,0.030,0.840,0.130
664500,0.030,0.793,0.177
665000,0.030,0.786,0.183
665500,0.030,0.795,0.174
666000,0.030,0.800,0.170
666500,0.030,0.795,0.175
667000,0.030,0.805,0.165
667500,0.030,0.814,0.156
668000,0.030,0.808,0.162
668500,0.030,0.805,0.165
669000,0.030,0.830,0.140
669500,0.030,0.818,0.152
670000,0.030,0.811,0.158
670500,0.030,0.801,0.168
671000,0.030,0.805,0.165
671500,0.030,0.807,0.163
672000,0.030,0.805,0.165
672500,0.030,0.808,0.162
673000,0.030,0.792,0.178
673500,0.030,0.822,0.148
674000,0.030,0.847,0.123
674500,0.030,0.824,0.146
675000,0.030,0.827,0.143
675500,0.030,0.805,0.165
676000,0.030,0.817,0.153
676500,0.030,0.792,0.177
677000,0.030,0.765,0.205
677500,0.030,0.792,0.177
678000,0.030,0.825,0.145
678500,0.030,0.788,0.181
679000,0.030,0.835,0.135
679500,0.030,0.826,0.144
680000,0.030,0.811,0.158
680500,0.030,0.810,0.160
681000,0.030,0.804,0.166
681500,0.030,0.805,0.165
682000,0.030,0.794,0.176
682500,0.030,0.784,0.186
683000,0.030,0.766,0.204
683500,0.030,0.792,0.178
684000,0.030,0.829,0.141
684500,0.030,0.810,0.160
685000,0.030,0.819,0.151
685500,0.030,0.843,0.127
686000,0.030,0.830,0.140
686500,0.030,0.839,0.131
687000,0.030,0.810,0.160
687500,0.030,0.803,0.167
688000,0.030,0.823,0.147
688500,0.030,0.782,0.188
689000,0.030,0.773,0.197
689500,0.030,0.766,0.204
690000,0.030,0.773,0.197
690500,0.030,0.779,0.191
691000,0.030,0.747,0.223
691500,0.030,0.726,0.244
692000,0.030,0.750,0.220
692500,0.030,0.735,0.235
693000,0.030,0.785,0.185
693500,0.030,0.782,0.188
694000,0.030,0.786,0.183
694500,0.030,0.765,0.205
695000,0.030,0.782,0.188
695500,0.030,0.785,0.184
696000,0.030,0.794,0.175
696500,0.030,0.793,0.177
697000,0.030,0.820,0.150
697500,0.030,0.826,0.144
698000,0.030,0.842,0.128
698500,0.030,0.835,0.135
699000,0.030,0.811,0.158
699500,0.030,0.784,0.185
700000,0.030,0.798,0.171
700500,0.030,0.826,0.144
701000,0.030,0.800,0.170
701500,0.030,0.814,0.156
702000,0.030,0.793,0.176
702500,0.030,0.779,0.191
703000,0.030,0.804,0.165
703500,0.030,0.724,0.246
704000,0.030,0.756,0.214
704500,0.030,0.799,0.171
705000,0.030,0.805,0.164
705500,0.030,0.807,0.163
706000,0.030,0.797,0.172
706500,0.030,0.778,0.192
707000,0.030,0.793,0.177
707500,0.030,0.816,0.154
708000,0.030,0.800,0.170
708500,0.030,0.794,0.176
709000,0.030,0.808,0.161
709500,0.030,0.825,0.145
710000,0.030,0.831,0.139
710500,0.030,0.829,0.141
711000,0.030,0.838,0.132
711500,0.030,0.829,0.141
712000,0.030,0.792,0.177
712500,0.030,0.785,0.185
713000,0.030,0.802,0.168
713500,0.030,0.781,0.189
714000,0.030,0.787,0.182
714500,0.030,0.795,0.174
715000,0.030,0.773,0.197
715500,0.030,0.794,0.175
716000,0.030,0.802,0.168
716500,0.030,0.730,0.240
717000,0.030,0.702,0.268
717500,0.030,0.731,0.239
718000,0.030,0.755,0.215
718500,0.030,0.778,0.192
719000,0.030,0.772,0.198
719500,0.030,0.765,0.205
720000,0.030,0.774,0.196
720500,0.030,0.751,0.219
721000,0.030,0.768,0.202
721500,0.030,0.788,0.182
722000,0.030,0.808,0.162
722500,0.030,0.810,0.159
723000,0.030,0.831,0.139
723500,0.030,0.862,0.108
724000,0.030,0.838,0.132
724500,0.030,0.846,0.124
725000,0.030,0.812,0.158
725500,0.030,0.826,0.144
726000,0.030,0.817,0.153
726500,0.030,0.814,0.156
727000,0.030,0.824,0.146
727500,0.030,0.837,0.133
728000,0.030,0.821,0.149
728500,0.030,0.819,0.151
729000,0.030,0.819,0.151
729500,0.030,0.799,0.171
730000,0.030,0.805,0.165
730500,0.030,0.796,0.173
731000,0.030,0.828,0.142
731500,0.030,0.844,0.126
732000,0.030,0.774,0.196
732500,0.030,0.812,0.158
733000,0.030,0.777,0.193
733500,0.030,0.773,0.197
734000,0.030,0.767,0.203
734500,0.030,0.783,0.187
735000,0.030,0.754,0.216
735500,0.030,0.726,0.244
736000,0.030,0.730,0.240
736500,0.030,0.752,0.218
737000,0.030,0.764,0.206
737500,0.030,0.754,0.216
738000,0.030,0.765,0.205
738500,0.030,0.771,0.199
739000,0.030,0.737,0.233
739500,0.030,0.756,0.214
740000,0.030,0.767,0.203
740500,0.030,0.801,0.169
741000,0.030,0.801,0.168
741500,0.030,0.808,0.161
742000,0.030,0.809,0.161
742500,0.030,0.834,0.136
743000,0.030,0.809,0.161
743500,0.030,0.805,0.164
744000,0.030,0.801,0.168
744500,0.030,0.830,0.140
745000,0.030,0.826,0.144
745500,0.030,0.835,0.135
746000,0.030,0.826,0.144
746500,0.030,0.810,0.160
747000,0.030,0.798,0.172
747500,0.030,0.783,0.186
748000,0.030,0.797,0.173
748500,0.030,0.808,0.162
749000,0.030,0.793,0.176
749500,0.030,0.768,0.202
750000,0.030,0.817,0.153
750500,0.030,0.792,0.177
751000,0.030,0.809,0.160
751500,0.030,0.816,0.154
752000,0.030,0.805,0.164
752500,0.030,0.831,0.139
753000,0.030,0.835,0.135
753500,0.030,0.831,0.139
754000,0.030,0.795,0.174
754500,0.030,0.805,0.165
755000,0.030,0.789,0.180
755500,0.030,0.834,0.136
756000,0.030,0.845,0.125
756500,0.030,0.837,0.133
757000,0.030,0.780,0.190
757500,0.030,0.806,0.164
758000,0.030,0.830,0.140
758500,0.030,0.794,0.175
759000,0.030,0.799,0.170
759500,0.030,0.818,0.152
760000,0.030,0.825,0.145
760500,0.030,0.768,0.202
761000,0.030,0.748,0.222
761500,0.030,0.744,0.226
762000,0.030,0.763,0.207
762500,0.030,0.806,0.164
763000,0.030,0.794,0.175
763500,0.030,0.800,0.170
764000,0.030,0.797,0.173
764500,0.030,0.781,0.189
765000,0.030,0.774,0.196
765500,0.030,0.756,0.214
766000,0.030,0.780,0.190
766500,0.030,0.783,0.186
767000,0.030,0.803,0.167
767500,0.030,0.845,0.125
768000,0.030,0.844,0.126
768500,0.030,0.837,0.133
769000,0.030,0.842,0.128
769500,0.030,0.835,0.135
770000,0.030,0.835,0.135
770500,0.030,0.862,0.108
771000,0.030,0.825,0.145
771500,0.030,0.809,0.160
772000,0.030,0.793,0.176
772500,0.030,0.826,0.144
773000,0.030,0.815,0.155
773500,0.031,0.840,0.129
774000,0.031,0.810,0.158
774500,0.030,0.831,0.139
775000,0.030,0.792,0.177
775500,0.030,0.796,0.174
776000,0.030,0.780,0.190
776500,0.030,0.789,0.181
777000,0.030,0.783,0.186
777500,0.030,0.816,0.154
778000,0.030,0.804,0.165
778500,0.030,0.763,0.207
779000,0.030,0.814,0.156
779500,0.030,0.842,0.128
780000,0.030,0.858,0.112
780500,0.030,0.800,0.169
781000,0.030,0.793,0.177
781500,0.030,0.804,0.165
782000,0.030,0.826,0.144
782500,0.030,0.820,0.150
783000,0.030,0.838,0.132
783500,0.030,0.814,0.156
784000,0.030,0.826,0.144
784500,0.030,0.821,0.149
785000,0.030,0.805,0.165
785500,0.030,0.724,0.246
786000,0.030,0.772,0.198
786500,0.030,0.794,0.176
787000,0.030,0.823,0.147
787500,0.030,0.828,0.142
788000,0.030,0.836,0.134
788500,0.030,0.826,0.144
789000,0.030,0.834,0.136
789500,0.030,0.858,0.112
790000,0.030,0.835,0.135
790500,0.030,0.805,0.165
791000,0.030,0.847,0.123
791500,0.030,0.864,0.106
792000,0.030,0.820,0.150
792500,0.030,0.817,0.153
793000,0.030,0.814,0.156
793500,0.030,0.824,0.146
794000,0.030,0.828,0.142
794500,0.030,0.854,0.116
795000,0.030,0.848,0.122
795500,0.030,0.845,0.125
796000,0.030,0.834,0.136
796500,0.030,0.862,0.108
797000,0.030,0.852,0.118
797500,0.030,0.860,0.110
798000,0.030,0.864,0.106
798500,0.030,0.852,0.118
799000,0.030,0.806,0.164
799500,0.030,0.798,0.171
800000,0.030,0.785,0.184
800500,0.030,0.754,0.216
801000,0.030,0.805,0.164
801500,0.030,0.760,0.210
802000,0.030,0.756,0.214
802500,0.030,0.798,0.172
803000,0.030,0.774,0.196
803500,0.030,0.841,0.129
804000,0.030,0.830,0.140
804500,0.030,0.829,0.141
805000,0.030,0.800,0.169
805500,0.030,0.791,0.179
806000,0.030,0.812,0.158
806500,0.030,0.807,0.163
807000,0.030,0.769,0.201
807500,0.030,0.790,0.179
808000,0.030,0.764,0.206
808500,0.030,0.794,0.175
809000,0.030,0.789,0.180
809500,0.030,0.802,0.168
810000,0.030,0.771,0.199
810500,0.030,0.796,0.174
811000,0.030,0.804,0.165
811500,0.030,0.799,0.171
812000,0.030,0.810,0.159
812500,0.030,0.810,0.159
813000,0.030,0.819,0.151
813500,0.030,0.804,0.166
814000,0.030,0.796,0.174
814500,0.030,0.775,0.195
815000,0.030,0.778,0.192
815500,0.030,0.805,0.165
816000,0.030,0.784,0.185
816500,0.030,0.801,0.168
817000,0.030,0.831,0.139
817500,0.030,0.799,0.170
818000,0.030,0.825,0.145
818500,0.030,0.864,0.106
819000,0.030,0.812,0.157
819500,0.030,0.810,0.160
820000,0.030,0.782,0.188
820500,0.030,0.734,0.236
821000,0.030,0.739,0.231
821500,0.030,0.717,0.253
822000,0.030,0.735,0.235
822500,0.030,0.759,0.211
823000,0.030,0.745,0.225
823500,0.030,0.759,0.211
824000,0.030,0.801,0.168
824500,0.030,0.780,0.190
825000,0.030,0.769,0.201
825500,0.030,0.750,0.220
826000,0.030,0.758,0.212
826500,0.030,0.737,0.233
827000,0.030,0.771,0.199
827500,0.030,0.789,0.180
828000,0.030,0.782,0.188
828500,0.030,0.821,0.149
829000,0.030,0.785,0.185
829500,0.030,0.775,0.195
830000,0.030,0.783,0.186
830500,0.030,0.826,0.144
831000,0.030,0.838,0.132
831500,0.030,0.836,0.134
832000,0.030,0.833,0.137
832500,0.030,0.827,0.143
833000,0.030,0.814,0.156
833500,0.030,0.823,0.147
834000,0.030,0.840,0.130
834500,0.030,0.815,0.155
835000,0.030,0.806,0.164
835500,0.030,0.809,0.161
836000,0.030,0.847,0.123
836500,0.030,0.804,0.165
837000,0.030,0.804,0.166
837500,0.030,0.789,0.181
838000,0.030,0.778,0.192
838500,0.030,0.807,0.163
839000,0.030,0.793,0.176
839500,0.030,0.809,0.161
840000,0.030,0.789,0.180
840500,0.030,0.796,0.174
841000,0.030,0.827,0.143
841500,0.030,0.784,0.186
842000,0.030,0.772,0.198
842500,0.030,0.758,0.212
843000,0.030,0.760,0.210
843500,0.030,0.747,0.223
844000,0.030,0.788,0.182
844500,0.030,0.806,0.163
845000,0.030,0.814,0.156
845500,0.030,0.808,0.161
846000,0.030,0.813,0.157
846500,0.030,0.788,0.182
847000,0.030,0.743,0.227
847500,0.030,0.765,0.205
848000,0.030,0.729,0.241
848500,0.030,0.776,0.194
849000,0.030,0.751,0.219
849500,0.030,0.734,0.236
850000,0.030,0.780,0.190
850500,0.030,0.755,0.215
851000,0.030,0.783,0.187
851500,0.030,0.768,0.202
852000,0.030,0.748,0.222
852500,0.030,0.809,0.161
853000,0.030,0.791,0.178
853500,0.030,0.798,0.171
854000,0.030,0.789,0.181
854500,0.030,0.757,0.213
855000,0.030,0.768,0.202
855500,0.030,0.772,0.198
856000,0.030,0.805,0.165
856500,0.030,0.823,0.147
857000,0.030,0.826,0.144
857500,0.030,0.835,0.135
858000,0.030,0.806,0.163
858500,0.030,0.793,0.177
859000,0.030,0.761,0.209
859500,0.030,0.793,0.176
860000,0.030,0.803,0.166
860500,0.030,0.788,0.181
861000,0.030,0.806,0.163
861500,0.030,0.779,0.191
862000,0.030,0.793,0.177
862500,0.030,0.808,0.162
863000,0.030,0.823,0.147
863500,0.030,0.790,0.180
864000,0.030,0.798,0.171
864500,0.030,0.784,0.186
865000,0.030,0.840,0.130
865500,0.030,0.813,0.157
866000,0.030,0.821,0.149
866500,0.030,0.808,0.162
867000,0.030,0.789,0.180
867500,0.030,0.769,0.201
868000,0.030,0.784,0.186
868500,0.030,0.831,0.139
869000,0.030,0.836,0.134
869500,0.030,0.861,0.109
870000,0.030,0.838,0.132
870500,0.030,0.835,0.135
871000,0.030,0.815,0.155
871500,0.030,0.825,0.145
872000,0.030,0.827,0.143
872500,0.030,0.804,0.166
873000,0.030,0.830,0.140
873500,0.030,0.819,0.151
874000,0.030,0.795,0.175
874500,0.030,0.838,0.132
875000,0.030,0.833,0.137
875500,0.030,0.803,0.166
876000,0.030,0.801,0.169
876500,0.030,0.810,0.159
877000,0.030,0.787,0.183
877500,0.030,0.786,0.184
878000,0.030,0.770,0.200
878500,0.030,0.753,0.217
879000,0.030,0.709,0.261
879500,0.030,0.765,0.205
880000,0.030,0.767,0.203
880500,0.030,0.775,0.195
881000,0.030,0.786,0.184
881500,0.030,0.769,0.201
882000,0.030,0.772,0.198
882500,0.030,0.771,0.199
883000,0.030,0.786,0.183
883500,0.030,0.801,0.169
884000,0.030,0.806,0.164
884500,0.030,0.782,0.188
885000,0.030,0.784,0.185
885500,0.030,0.755,0.215
886000,0.030,0.792,0.178
886500,0.030,0.774,0.196
887000,0.030,0.823,0.147
887500,0.030,0.798,0.172
888000,0.030,0.730,0.240
888500,0.030,0.742,0.228
889000,0.030,0.792,0.177
889500,0.030,0.802,0.167
890000,0.030,0.760,0.210
890500,0.030,0.742,0.228
891000,0.030,0.788,0.181
891500,0.030,0.760,0.210
892000,0.030,0.787,0.183
892500,0.030,0.748,0.222
893000,0.030,0.739,0.231
893500,0.030,0.767,0.203
894000,0.030,0.761,0.209
894500,0.030,0.774,0.196
895000,0.030,0.762,0.208
895500,0.030,0.777,0.193
896000,0.030,0.819,0.151
896500,0.030,0.807,0.163
897000,0.030,0.811,0.158
897500,0.030,0.819,0.151
898000,0.030,0.809,0.161
898500,0.030,0.750,0.220
899000,0.030,0.768,0.202
899500,0.030,0.748,0.222
900000,0.030,0.772,0.198
900500,0.030,0.770,0.200
901000,0.030,0.762,0.208
901500,0.030,0.803,0.167
902000,0.030,0.811,0.158
902500,0.030,0.810,0.159
903000,0.030,0.791,0.178
903500,0.030,0.804,0.165
904000,0.030,0.832,0.138
904500,0.030,0.829,0.141
905000,0.030,0.831,0.139
905500,0.030,0.796,0.174
906000,0.030,0.770,0.200
906500,0.030,0.765,0.205
907000,0.030,0.797,0.172
907500,0.030,0.801,0.168
908000,0.030,0.765,0.205
908500,0.030,0.792,0.178
909000,0.030,0.784,0.185
909500,0.030,0.767,0.203
910000,0.030,0.742,0.228
910500,0.030,0.784,0.186
911000,0.030,0.810,0.160
911500,0.030,0.825,0.145
912000,0.030,0.807,0.163
912500,0.030,0.777,0.193
913000,0.030,0.770,0.200
913500,0.030,0.771,0.199
914000,0.030,0.808,0.162
914500,0.030,0.807,0.162
915000,0.030,0.773,0.197
915500,0.030,0.772,0.198
916000,0.030,0.815,0.155
916500,0.030,0.801,0.169
917000,0.030,0.798,0.171
917500,0.030,0.788,0.181
918000,0.030,0.804,0.166
918500,0.030,0.756,0.214
919000,0.030,0.785,0.184
919500,0.030,0.801,0.168
920000,0.030,0.781,0.189
920500,0.030,0.792,0.177
921000,0.030,0.770,0.200
921500,0.030,0.716,0.254
922000,0.030,0.712,0.258
922500,0.030,0.740,0.230
923000,0.030,0.770,0.200
923500,0.030,0.802,0.167
924000,0.030,0.797,0.172
924500,0.030,0.743,0.227
925000,0.030,0.774,0.196
925500,0.030,0.792,0.178
926000,0.030,0.783,0.187
926500,0.030,0.790,0.180
927000,0.030,0.825,0.145
927500,0.030,0.825,0.145
928000,0.030,0.851,0.119
928500,0.030,0.835,0.135
929000,0.030,0.817,0.153
929500,0.030,0.793,0.176
930000,0.030,0.779,0.191
930500,0.030,0.772,0.198
931000,0.030,0.774,0.196
931500,0.030,0.772,0.198
932000,0.030,0.779,0.191
932500,0.030,0.806,0.164
933000,0.030,0.802,0.167
933500,0.030,0.785,0.185
934000,0.030,0.778,0.192
934500,0.030,0.770,0.200
935000,0.030,0.758,0.212
935500,0.030,0.768,0.202
936000,0.030,0.762,0.208
936500,0.030,0.794,0.176
937000,0.030,0.820,0.150
937500,0.030,0.830,0.140
938000,0.030,0.807,0.163
938500,0.030,0.804,0.165
939000,0.030,0.785,0.184
939500,0.030,0.772,0.198
940000,0.030,0.804,0.166
940500,0.030,0.816,0.154
941000,0.030,0.830,0.140
941500,0.030,0.859,0.111
942000,0.030,0.790,0.180
942500,0.030,0.830,0.140
943000,0.030,0.828,0.142
943500,0.030,0.820,0.150
944000,0.030,0.822,0.148
944500,0.030,0.813,0.157
945000,0.030,0.794,0.176
945500,0.030,0.799,0.170
946000,0.030,0.816,0.154
946500,0.030,0.828,0.142
947000,0.030,0.876,0.094
947500,0.030,0.853,0.117
948000,0.030,0.811,0.159
948500,0.030,0.793,0.177
949000,0.030,0.806,0.163
949500,0.030,0.778,0.192
950000,0.030,0.811,0.159
950500,0.030,0.823,0.147
951000,0.030,0.829,0.141
951500,0.030,0.781,0.189
952000,0.030,0.795,0.175
952500,0.030,0.829,0.141
953000,0.030,0.828,0.142
953500,0.030,0.840,0.130
954000,0.030,0.792,0.177
954500,0.030,0.788,0.181
955000,0.030,0.785,0.184
955500,0.030,0.816,0.154
956000,0.030,0.837,0.133
956500,0.030,0.777,0.193
957000,0.030,0.786,0.183
957500,0.030,0.785,0.185
958000,0.030,0.748,0.222
958500,0.030,0.780,0.190
959000,0.030,0.792,0.178
959500,0.030,0.774,0.196
960000,0.030,0.785,0.185
960500,0.030,0.779,0.191
961000,0.030,0.759,0.211
961500,0.030,0.791,0.179
962000,0.030,0.804,0.166
962500,0.030,0.812,0.158
963000,0.030,0.801,0.169
963500,0.030,0.823,0.147
964000,0.030,0.818,0.152
964500,0.030,0.842,0.128
965000,0.030,0.846,0.124
965500,0.030,0.851,0.119
966000,0.030,0.834,0.136
966500,0.030,0.836,0.134
967000,0.030,0.821,0.149
967500,0.030,0.785,0.184
968000,0.030,0.805,0.164
968500,0.030,0.810,0.159
969000,0.030,0.799,0.171
969500,0.030,0.795,0.174
970000,0.030,0.796,0.173
970500,0.030,0.796,0.173
971000,0.030,0.812,0.157
971500,0.030,0.791,0.178
972000,0.030,0.776,0.194
972500,0.030,0.804,0.166
973000,0.030,0.792,0.178
973500,0.030,0.783,0.187
974000,0.030,0.772,0.198
974500,0.030,0.805,0.165
975000,0.030,0.795,0.174
975500,0.030,0.786,0.184
976000,0.030,0.782,0.188
976500,0.030,0.793,0.177
977000,0.030,0.809,0.161
977500,0.030,0.777,0.193
978000,0.030,0.743,0.227
978500,0.030,0.753,0.217
979000,0.030,0.763,0.207
979500,0.030,0.802,0.167
980000,0.030,0.821,0.149
980500,0.030,0.810,0.160
981000,0.030,0.826,0.144
981500,0.030,0.815,0.155
982000,0.030,0.840,0.130
982500,0.030,0.826,0.144
983000,0.030,0.816,0.154
983500,0.030,0.844,0.126
984000,0.030,0.835,0.135
984500,0.030,0.772,0.198
985000,0.030,0.787,0.183
985500,0.030,0.798,0.171
986000,0.030,0.746,0.224
986500,0.030,0.778,0.192
987000,0.030,0.801,0.169
987500,0.030,0.797,0.173
988000,0.030,0.779,0.191
988500,0.030,0.754,0.216
989000,0.030,0.793,0.177
989500,0.030,0.789,0.180
990000,0.030,0.817,0.153
990500,0.030,0.825,0.145
991000,0.030,0.799,0.170
991500,0.030,0.797,0.173
992000,0.030,0.780,0.190
992500,0.030,0.777,0.193
993000,0.030,0.812,0.158
993500,0.030,0.768,0.202
994000,0.030,0.773,0.197
994500,0.030,0.804,0.165
995000,0.030,0.762,0.208
995500,0.030,0.754,0.216
996000,0.030,0.745,0.225
996500,0.030,0.788,0.181
997000,0.030,0.783,0.187
997500,0.030,0.790,0.180
998000,0.030,0.803,0.167
998500,0.030,0.810,0.159
999000,0.030,0.840,0.130
999500,0.030,0.867,0.103
1000000,0.030,0.865,0.105
