time,n_A+p,n_B,n_AB
0,0.010,0.990,0.000
500,0.010,0.958,0.032
1000,0.010,0.896,0.094
1500,0.017,0.836,0.146
2000,0.010,0.720,0.270
2500,0.017,0.605,0.377
3000,0.035,0.462,0.504
3500,0.052,0.340,0.608
4000,0.069,0.283,0.648
4500,0.057,0.233,0.710
5000,0.077,0.199,0.725
5500,0.060,0.218,0.722
6000,0.082,0.191,0.727
6500,0.104,0.146,0.749
7000,0.129,0.117,0.754
7500,0.109,0.124,0.767
8000,0.129,0.092,0.779
8500,0.122,0.104,0.774
9000,0.119,0.114,0.767
9500,0.124,0.109,0.767
10000,0.094,0.089,0.816
10500,0.094,0.119,0.787
11000,0.104,0.112,0.784
11500,0.094,0.097,0.809
12000,0.141,0.079,0.779
12500,0.141,0.084,0.774
13000,0.114,0.077,0.809
13500,0.141,0.107,0.752
14000,0.144,0.112,0.744
14500,0.087,0.084,0.829
15000,0.156,0.082,0.762
15500,0.102,0.087,0.811
16000,0.132,0.047,0.821
16500,0.129,0.079,0.792
17000,0.124,0.099,0.777
17500,0.102,0.117,0.782
18000,0.102,0.067,0.831
18500,0.097,0.102,0.801
19000,0.124,0.072,0.804
19500,0.134,0.062,0.804
20000,0.107,0.079,0.814
20500,0.102,0.097,0.801
21000,0.099,0.089,0.811
21500,0.127,0.084,0.789
22000,0.094,0.072,0.834
22500,0.084,0.104,0.811
23000,0.077,0.089,0.834
23500,0.102,0.089,0.809
24000,0.089,0.084,0.826
24500,0.107,0.094,0.799
25000,0.112,0.097,0.792
25500,0.107,0.112,0.782
26000,0.087,0.104,0.809
26500,0.092,0.104,0.804
27000,0.107,0.094,0.799
27500,0.109,0.069,0.821
28000,0.102,0.060,0.839
28500,0.117,0.072,0.811
29000,0.141,0.097,0.762
29500,0.144,0.067,0.789
30000,0.171,0.074,0.754
30500,0.132,0.092,0.777
31000,0.102,0.109,0.789
31500,0.127,0.102,0.772
32000,0.107,0.087,0.806
32500,0.109,0.099,0.792
33000,0.129,0.084,0.787
33500,0.132,0.077,0.792
34000,0.107,0.077,0.816
34500,0.136,0.087,0.777
35000,0.181,0.074,0.744
35500,0.154,0.072,0.774
36000,0.166,0.087,0.747
36500,0.134,0.097,0.769
37000,0.154,0.112,0.734
37500,0.109,0.119,0.772
38000,0.099,0.112,0.789
38500,0.117,0.132,0.752
39000,0.094,0.134,0.772
39500,0.094,0.139,0.767
40000,0.092,0.104,0.804
40500,0.097,0.109,0.794
41000,0.109,0.097,0.794
41500,0.114,0.107,0.779
42000,0.117,0.074,0.809
42500,0.092,0.065,0.844
43000,0.107,0.089,0.804
43500,0.109,0.119,0.772
44000,0.109,0.117,0.774
44500,0.099,0.072,0.829
45000,0.146,0.077,0.777
45500,0.117,0.087,0.797
46000,0.119,0.109,0.772
46500,0.124,0.087,0.789
47000,0.161,0.089,0.749
47500,0.122,0.097,0.782
48000,0.134,0.089,0.777
48500,0.129,0.092,0.779
49000,0.119,0.099,0.782
49500,0.109,0.132,0.759
50000,0.099,0.092,0.809
50500,0.107,0.109,0.784
51000,0.132,0.102,0.767
51500,0.154,0.082,0.764
52000,0.144,0.084,0.772
52500,0.156,0.074,0.769
53000,0.114,0.112,0.774
53500,0.107,0.104,0.789
54000,0.132,0.077,0.792
54500,0.119,0.092,0.789
55000,0.114,0.112,0.774
55500,0.082,0.119,0.799
56000,0.077,0.114,0.809
56500,0.109,0.112,0.779
57000,0.119,0.092,0.789
57500,0.112,0.087,0.801
58000,0.097,0.082,0.821
58500,0.087,0.114,0.799
59000,0.114,0.089,0.797
59500,0.122,0.082,0.797
60000,0.156,0.104,0.739
60500,0.129,0.092,0.779
61000,0.136,0.084,0.779
61500,0.117,0.082,0.801
62000,0.119,0.102,0.779
62500,0.102,0.079,0.819
63000,0.087,0.094,0.819
63500,0.107,0.089,0.804
64000,0.112,0.107,0.782
64500,0.114,0.117,0.769
65000,0.102,0.156,0.742
65500,0.097,0.129,0.774
66000,0.102,0.094,0.804
66500,0.134,0.097,0.769
67000,0.119,0.102,0.779
67500,0.112,0.102,0.787
68000,0.082,0.089,0.829
68500,0.109,0.084,0.806
69000,0.114,0.109,0.777
69500,0.114,0.119,0.767
70000,0.129,0.109,0.762
70500,0.109,0.099,0.792
71000,0.124,0.084,0.792
71500,0.102,0.069,0.829
72000,0.109,0.087,0.804
72500,0.112,0.102,0.787
73000,0.092,0.092,0.816
73500,0.127,0.099,0.774
74000,0.097,0.082,0.821
74500,0.077,0.107,0.816
75000,0.089,0.114,0.797
75500,0.089,0.097,0.814
76000,0.092,0.117,0.792
76500,0.099,0.109,0.792
77000,0.092,0.102,0.806
77500,0.107,0.149,0.744
78000,0.112,0.122,0.767
78500,0.087,0.156,0.757
79000,0.079,0.104,0.816
79500,0.112,0.109,0.779
80000,0.084,0.102,0.814
80500,0.089,0.122,0.789
81000,0.097,0.084,0.819
81500,0.094,0.117,0.789
82000,0.097,0.097,0.806
82500,0.109,0.114,0.777
83000,0.099,0.097,0.804
83500,0.084,0.117,0.799
84000,0.079,0.109,0.811
84500,0.047,0.114,0.839
85000,0.074,0.102,0.824
85500,0.124,0.050,0.826
86000,0.127,0.074,0.799
86500,0.119,0.082,0.799
87000,0.112,0.069,0.819
87500,0.099,0.057,0.844
88000,0.109,0.065,0.826
88500,0.129,0.077,0.794
89000,0.139,0.092,0.769
89500,0.132,0.074,0.794
90000,0.097,0.074,0.829
90500,0.104,0.094,0.801
91000,0.107,0.117,0.777
91500,0.094,0.144,0.762
92000,0.084,0.134,0.782
92500,0.107,0.149,0.744
93000,0.109,0.141,0.749
93500,0.114,0.127,0.759
94000,0.092,0.146,0.762
94500,0.099,0.109,0.792
95000,0.087,0.134,0.779
95500,0.124,0.124,0.752
96000,0.134,0.117,0.749
96500,0.139,0.102,0.759
97000,0.127,0.109,0.764
97500,0.117,0.109,0.774
98000,0.124,0.122,0.754
98500,0.127,0.119,0.754
99000,0.102,0.129,0.769
99500,0.074,0.084,0.841
100000,0.089,0.077,0.834
100500,0.074,0.065,0.861
101000,0.069,0.084,0.846
101500,0.097,0.104,0.799
102000,0.104,0.099,0.797
102500,0.097,0.114,0.789
103000,0.127,0.102,0.772
103500,0.104,0.084,0.811
104000,0.122,0.079,0.799
104500,0.114,0.097,0.789
105000,0.109,0.084,0.806
105500,0.094,0.065,0.841
106000,0.099,0.092,0.809
106500,0.104,0.102,0.794
107000,0.107,0.099,0.794
107500,0.119,0.097,0.784
108000,0.124,0.107,0.769
108500,0.109,0.084,0.806
109000,0.144,0.082,0.774
109500,0.124,0.077,0.799
110000,0.102,0.069,0.829
110500,0.127,0.062,0.811
111000,0.171,0.067,0.762
111500,0.174,0.089,0.737
112000,0.156,0.089,0.754
112500,0.149,0.094,0.757
113000,0.129,0.092,0.779
113500,0.129,0.127,0.744
114000,0.127,0.097,0.777
114500,0.104,0.139,0.757
115000,0.092,0.114,0.794
115500,0.079,0.141,0.779
116000,0.099,0.161,0.739
116500,0.094,0.099,0.806
117000,0.097,0.092,0.811
117500,0.102,0.092,0.806
118000,0.112,0.057,0.831
118500,0.124,0.067,0.809
119000,0.127,0.057,0.816
119500,0.119,0.067,0.814
120000,0.109,0.087,0.804
120500,0.114,0.067,0.819
121000,0.109,0.082,0.809
121500,0.102,0.094,0.804
122000,0.109,0.079,0.811
122500,0.117,0.099,0.784
123000,0.099,0.097,0.804
123500,0.107,0.104,0.789
124000,0.129,0.082,0.789
124500,0.124,0.057,0.819
125000,0.124,0.074,0.801
125500,0.097,0.099,0.804
126000,0.119,0.107,0.774
126500,0.099,0.114,0.787
127000,0.074,0.112,0.814
127500,0.087,0.119,0.794
128000,0.117,0.092,0.792
128500,0.139,0.094,0.767
129000,0.087,0.134,0.779
129500,0.104,0.141,0.754
130000,0.099,0.099,0.801
130500,0.079,0.149,0.772
131000,0.099,0.136,0.764
131500,0.102,0.141,0.757
132000,0.097,0.124,0.779
132500,0.129,0.077,0.794
133000,0.114,0.094,0.792
133500,0.124,0.092,0.784
134000,0.136,0.082,0.782
134500,0.119,0.102,0.779
135000,0.129,0.117,0.754
135500,0.107,0.114,0.779
136000,0.109,0.134,0.757
136500,0.127,0.136,0.737
137000,0.114,0.084,0.801
137500,0.159,0.069,0.772
138000,0.151,0.069,0.779
138500,0.117,0.099,0.784
139000,0.114,0.099,0.787
139500,0.104,0.122,0.774
140000,0.127,0.119,0.754
140500,0.122,0.097,0.782
141000,0.109,0.109,0.782
141500,0.074,0.094,0.831
142000,0.082,0.134,0.784
142500,0.084,0.117,0.799
143000,0.119,0.117,0.764
143500,0.117,0.094,0.789
144000,0.141,0.092,0.767
144500,0.117,0.089,0.794
145000,0.099,0.089,0.811
145500,0.109,0.067,0.824
146000,0.114,0.092,0.794
146500,0.136,0.094,0.769
147000,0.144,0.102,0.754
147500,0.141,0.087,0.772
148000,0.144,0.077,0.779
148500,0.134,0.089,0.777
149000,0.112,0.134,0.754
149500,0.117,0.084,0.799
150000,0.104,0.102,0.794
150500,0.129,0.107,0.764
151000,0.141,0.084,0.774
151500,0.122,0.087,0.792
152000,0.136,0.062,0.801
152500,0.132,0.069,0.799
153000,0.124,0.089,0.787
153500,0.127,0.094,0.779
154000,0.099,0.060,0.841
154500,0.117,0.067,0.816
155000,0.102,0.057,0.841
155500,0.097,0.065,0.839
156000,0.107,0.067,0.826
156500,0.151,0.114,0.734
157000,0.107,0.079,0.814
157500,0.122,0.050,0.829
158000,0.136,0.079,0.784
158500,0.149,0.065,0.787
159000,0.129,0.047,0.824
159500,0.134,0.092,0.774
160000,0.156,0.099,0.744
160500,0.124,0.047,0.829
161000,0.134,0.079,0.787
161500,0.114,0.107,0.779
162000,0.127,0.107,0.767
162500,0.117,0.109,0.774
163000,0.122,0.089,0.789
163500,0.107,0.089,0.804
164000,0.124,0.074,0.801
164500,0.117,0.084,0.799
165000,0.119,0.077,0.804
165500,0.127,0.099,0.774
166000,0.104,0.077,0.819
166500,0.107,0.082,0.811
167000,0.107,0.072,0.821
167500,0.102,0.092,0.806
168000,0.094,0.136,0.769
168500,0.092,0.144,0.764
169000,0.094,0.112,0.794
169500,0.067,0.117,0.816
170000,0.109,0.099,0.792
170500,0.136,0.092,0.772
171000,0.117,0.097,0.787
171500,0.119,0.072,0.809
172000,0.112,0.097,0.792
172500,0.092,0.104,0.804
173000,0.097,0.112,0.792
173500,0.092,0.109,0.799
174000,0.084,0.104,0.811
174500,0.146,0.067,0.787
175000,0.124,0.077,0.799
175500,0.109,0.074,0.816
176000,0.099,0.112,0.789
176500,0.109,0.109,0.782
177000,0.094,0.107,0.799
177500,0.104,0.074,0.821
178000,0.097,0.094,0.809
178500,0.099,0.099,0.801
179000,0.077,0.097,0.826
179500,0.099,0.099,0.801
180000,0.092,0.114,0.794
180500,0.104,0.102,0.794
181000,0.102,0.122,0.777
181500,0.077,0.084,0.839
182000,0.122,0.094,0.784
182500,0.114,0.084,0.801
183000,0.124,0.112,0.764
183500,0.112,0.092,0.797
184000,0.119,0.099,0.782
184500,0.089,0.084,0.826
185000,0.122,0.072,0.806
185500,0.084,0.097,0.819
186000,0.087,0.097,0.816
186500,0.127,0.112,0.762
187000,0.119,0.079,0.801
187500,0.104,0.119,0.777
188000,0.104,0.079,0.816
188500,0.089,0.079,0.831
189000,0.094,0.094,0.811
189500,0.084,0.067,0.849
190000,0.092,0.089,0.819
190500,0.094,0.102,0.804
191000,0.084,0.104,0.811
191500,0.112,0.087,0.801
192000,0.112,0.092,0.797
192500,0.077,0.134,0.789
193000,0.077,0.119,0.804
193500,0.065,0.119,0.816
194000,0.084,0.092,0.824
194500,0.089,0.074,0.836
195000,0.087,0.109,0.804
195500,0.089,0.097,0.814
196000,0.107,0.094,0.799
196500,0.129,0.084,0.787
197000,0.117,0.072,0.811
197500,0.132,0.079,0.789
198000,0.099,0.094,0.806
198500,0.097,0.129,0.774
199000,0.109,0.109,0.782
199500,0.114,0.107,0.779
200000,0.122,0.069,0.809
200500,0.107,0.067,0.826
201000,0.139,0.074,0.787
201500,0.122,0.089,0.789
202000,0.141,0.079,0.779
202500,0.097,0.074,0.829
203000,0.146,0.094,0.759
203500,0.122,0.107,0.772
204000,0.107,0.122,0.772
204500,0.122,0.104,0.774
205000,0.102,0.094,0.804
205500,0.107,0.082,0.811
206000,0.129,0.092,0.779
206500,0.156,0.092,0.752
207000,0.122,0.097,0.782
207500,0.122,0.099,0.779
208000,0.132,0.127,0.742
208500,0.089,0.122,0.789
209000,0.127,0.082,0.792
209500,0.102,0.107,0.792
210000,0.084,0.127,0.789
210500,0.094,0.146,0.759
211000,0.102,0.109,0.789
211500,0.109,0.151,0.739
212000,0.104,0.127,0.769
212500,0.074,0.117,0.809
213000,0.102,0.094,0.804
213500,0.089,0.104,0.806
214000,0.077,0.107,0.816
214500,0.107,0.089,0.804
215000,0.104,0.099,0.797
215500,0.104,0.117,0.779
216000,0.112,0.094,0.794
216500,0.122,0.117,0.762
217000,0.119,0.099,0.782
217500,0.144,0.094,0.762
218000,0.112,0.127,0.762
218500,0.156,0.117,0.727
219000,0.122,0.089,0.789
219500,0.129,0.129,0.742
220000,0.109,0.099,0.792
220500,0.151,0.077,0.772
221000,0.136,0.084,0.779
221500,0.109,0.094,0.797
222000,0.119,0.099,0.782
222500,0.139,0.067,0.794
223000,0.166,0.072,0.762
223500,0.169,0.065,0.767
224000,0.159,0.084,0.757
224500,0.146,0.089,0.764
225000,0.151,0.097,0.752
225500,0.134,0.084,0.782
226000,0.151,0.112,0.737
226500,0.171,0.079,0.749
227000,0.154,0.065,0.782
227500,0.176,0.084,0.739
228000,0.132,0.087,0.782
228500,0.114,0.114,0.772
229000,0.114,0.127,0.759
229500,0.107,0.102,0.792
230000,0.099,0.062,0.839
230500,0.127,0.065,0.809
231000,0.129,0.104,0.767
231500,0.084,0.107,0.809
232000,0.102,0.079,0.819
232500,0.102,0.097,0.801
233000,0.107,0.107,0.787
233500,0.124,0.097,0.779
234000,0.104,0.089,0.806
234500,0.097,0.092,0.811
235000,0.094,0.089,0.816
235500,0.119,0.060,0.821
236000,0.114,0.092,0.794
236500,0.136,0.122,0.742
237000,0.114,0.097,0.789
237500,0.156,0.107,0.737
238000,0.129,0.112,0.759
238500,0.127,0.104,0.769
239000,0.144,0.094,0.762
239500,0.124,0.069,0.806
240000,0.107,0.069,0.824
240500,0.124,0.094,0.782
241000,0.134,0.082,0.784
241500,0.146,0.055,0.799
242000,0.154,0.074,0.772
242500,0.149,0.084,0.767
243000,0.151,0.077,0.772
243500,0.134,0.069,0.797
244000,0.136,0.089,0.774
244500,0.127,0.094,0.779
245000,0.146,0.132,0.722
245500,0.156,0.099,0.744
246000,0.127,0.104,0.769
246500,0.112,0.074,0.814
247000,0.119,0.097,0.784
247500,0.149,0.099,0.752
248000,0.139,0.065,0.797
248500,0.151,0.060,0.789
249000,0.161,0.052,0.787
249500,0.132,0.069,0.799
250000,0.139,0.079,0.782
250500,0.122,0.134,0.744
251000,0.132,0.104,0.764
251500,0.139,0.067,0.794
252000,0.127,0.077,0.797
252500,0.154,0.072,0.774
253000,0.119,0.104,0.777
253500,0.119,0.146,0.734
254000,0.134,0.122,0.744
254500,0.127,0.097,0.777
255000,0.124,0.109,0.767
255500,0.099,0.117,0.784
256000,0.092,0.112,0.797
256500,0.107,0.099,0.794
257000,0.082,0.104,0.814
257500,0.072,0.094,0.834
258000,0.082,0.114,0.804
258500,0.104,0.107,0.789
259000,0.102,0.104,0.794
259500,0.112,0.092,0.797
260000,0.112,0.057,0.831
260500,0.129,0.055,0.816
261000,0.117,0.065,0.819
261500,0.127,0.047,0.826
262000,0.124,0.047,0.829
262500,0.114,0.072,0.814
263000,0.132,0.087,0.782
263500,0.132,0.109,0.759
264000,0.112,0.084,0.804
264500,0.104,0.102,0.794
265000,0.099,0.134,0.767
265500,0.124,0.107,0.769
266000,0.124,0.099,0.777
266500,0.104,0.112,0.784
267000,0.087,0.107,0.806
267500,0.092,0.097,0.811
268000,0.099,0.087,0.814
268500,0.104,0.072,0.824
269000,0.141,0.082,0.777
269500,0.144,0.067,0.789
270000,0.146,0.109,0.744
270500,0.112,0.112,0.777
271000,0.112,0.129,0.759
271500,0.102,0.097,0.801
272000,0.127,0.102,0.772
272500,0.119,0.097,0.784
273000,0.112,0.072,0.816
273500,0.127,0.077,0.797
274000,0.099,0.097,0.804
274500,0.104,0.119,0.777
275000,0.097,0.124,0.779
275500,0.109,0.124,0.767
276000,0.107,0.107,0.787
276500,0.107,0.087,0.806
277000,0.107,0.084,0.809
277500,0.117,0.092,0.792
278000,0.114,0.065,0.821
278500,0.144,0.082,0.774
279000,0.092,0.092,0.816
279500,0.087,0.104,0.809
280000,0.099,0.065,0.836
280500,0.107,0.102,0.792
281000,0.127,0.089,0.784
281500,0.104,0.087,0.809
282000,0.114,0.104,0.782
282500,0.089,0.084,0.826
283000,0.099,0.092,0.809
283500,0.104,0.097,0.799
284000,0.109,0.089,0.801
284500,0.119,0.102,0.779
285000,0.117,0.114,0.769
285500,0.139,0.094,0.767
286000,0.129,0.127,0.744
286500,0.117,0.124,0.759
287000,0.104,0.117,0.779
287500,0.109,0.082,0.809
288000,0.134,0.084,0.782
288500,0.139,0.124,0.737
289000,0.129,0.112,0.759
289500,0.114,0.127,0.759
290000,0.087,0.141,0.772
290500,0.069,0.141,0.789
291000,0.082,0.151,0.767
291500,0.087,0.132,0.782
292000,0.132,0.114,0.754
292500,0.099,0.097,0.804
293000,0.087,0.119,0.794
293500,0.109,0.087,0.804
294000,0.099,0.109,0.792
294500,0.104,0.107,0.789
295000,0.132,0.087,0.782
295500,0.122,0.082,0.797
296000,0.099,0.089,0.811
296500,0.084,0.122,0.794
297000,0.112,0.097,0.792
297500,0.122,0.102,0.777
298000,0.146,0.102,0.752
298500,0.109,0.122,0.769
299000,0.097,0.094,0.809
299500,0.099,0.082,0.819
300000,0.112,0.117,0.772
300500,0.127,0.089,0.784
301000,0.122,0.104,0.774
301500,0.112,0.119,0.769
302000,0.087,0.087,0.826
302500,0.084,0.084,0.831
303000,0.099,0.102,0.799
303500,0.117,0.141,0.742
304000,0.097,0.139,0.764
304500,0.094,0.094,0.811
305000,0.122,0.109,0.769
305500,0.107,0.114,0.779
306000,0.104,0.082,0.814
306500,0.099,0.074,0.826
307000,0.107,0.077,0.816
307500,0.102,0.094,0.804
308000,0.112,0.074,0.814
308500,0.084,0.047,0.868
309000,0.094,0.069,0.836
309500,0.104,0.084,0.811
310000,0.114,0.074,0.811
310500,0.129,0.092,0.779
311000,0.141,0.067,0.792
311500,0.129,0.067,0.804
312000,0.156,0.069,0.774
312500,0.129,0.097,0.774
313000,0.119,0.114,0.767
313500,0.124,0.102,0.774
314000,0.139,0.122,0.739
314500,0.119,0.107,0.774
315000,0.079,0.107,0.814
315500,0.109,0.067,0.824
316000,0.154,0.082,0.764
316500,0.129,0.102,0.769
317000,0.139,0.114,0.747
317500,0.136,0.104,0.759
318000,0.139,0.109,0.752
318500,0.109,0.134,0.757
319000,0.127,0.089,0.784
319500,0.114,0.084,0.801
320000,0.079,0.104,0.816
320500,0.104,0.089,0.806
321000,0.112,0.099,0.789
321500,0.099,0.089,0.811
322000,0.067,0.114,0.819
322500,0.067,0.132,0.801
323000,0.094,0.092,0.814
323500,0.107,0.112,0.782
324000,0.132,0.072,0.797
324500,0.132,0.084,0.784
325000,0.104,0.079,0.816
325500,0.127,0.084,0.789
326000,0.097,0.094,0.809
326500,0.077,0.124,0.799
327000,0.079,0.097,0.824
327500,0.109,0.112,0.779
328000,0.107,0.109,0.784
328500,0.144,0.097,0.759
329000,0.117,0.097,0.787
329500,0.124,0.104,0.772
330000,0.129,0.084,0.787
330500,0.112,0.084,0.804
331000,0.094,0.089,0.816
331500,0.097,0.124,0.779
332000,0.092,0.141,0.767
332500,0.082,0.099,0.819
333000,0.117,0.114,0.769
333500,0.132,0.092,0.777
334000,0.107,0.094,0.799
334500,0.129,0.072,0.799
335000,0.109,0.104,0.787
335500,0.109,0.082,0.809
336000,0.114,0.069,0.816
336500,0.114,0.097,0.789
337000,0.114,0.084,0.801
337500,0.102,0.104,0.794
338000,0.141,0.114,0.744
338500,0.136,0.122,0.742
339000,0.139,0.149,0.712
339500,0.082,0.122,0.797
340000,0.117,0.112,0.772
340500,0.124,0.127,0.749
341000,0.102,0.156,0.742
341500,0.107,0.122,0.772
342000,0.124,0.136,0.739
342500,0.127,0.114,0.759
343000,0.134,0.109,0.757
343500,0.119,0.124,0.757
344000,0.141,0.099,0.759
344500,0.124,0.082,0.794
345000,0.117,0.077,0.806
345500,0.117,0.069,0.814
346000,0.119,0.099,0.782
346500,0.122,0.136,0.742
347000,0.124,0.122,0.754
347500,0.124,0.089,0.787
348000,0.141,0.114,0.744
348500,0.127,0.097,0.777
349000,0.127,0.079,0.794
349500,0.117,0.112,0.772
350000,0.109,0.092,0.799
350500,0.094,0.097,0.809
351000,0.104,0.134,0.762
351500,0.107,0.109,0.784
352000,0.109,0.079,0.811
352500,0.104,0.069,0.826
353000,0.112,0.072,0.816
353500,0.122,0.104,0.774
354000,0.144,0.069,0.787
354500,0.154,0.067,0.779
355000,0.149,0.074,0.777
355500,0.149,0.084,0.767
356000,0.136,0.079,0.784
356500,0.114,0.065,0.821
357000,0.122,0.097,0.782
357500,0.124,0.065,0.811
358000,0.107,0.082,0.811
358500,0.087,0.077,0.836
359000,0.089,0.094,0.816
359500,0.127,0.089,0.784
360000,0.154,0.077,0.769
360500,0.154,0.060,0.787
361000,0.132,0.092,0.777
361500,0.132,0.117,0.752
362000,0.129,0.114,0.757
362500,0.119,0.079,0.801
363000,0.099,0.082,0.819
363500,0.087,0.099,0.814
364000,0.092,0.117,0.792
364500,0.117,0.094,0.789
365000,0.097,0.084,0.819
365500,0.092,0.089,0.819
366000,0.102,0.099,0.799
366500,0.102,0.102,0.797
367000,0.127,0.094,0.779
367500,0.112,0.084,0.804
368000,0.141,0.109,0.749
368500,0.112,0.102,0.787
369000,0.109,0.109,0.782
369500,0.099,0.102,0.799
370000,0.129,0.087,0.784
370500,0.102,0.087,0.811
371000,0.112,0.084,0.804
371500,0.122,0.072,0.806
372000,0.107,0.069,0.824
372500,0.077,0.079,0.844
373000,0.119,0.072,0.809
373500,0.132,0.079,0.789
374000,0.134,0.104,0.762
374500,0.146,0.107,0.747
375000,0.109,0.114,0.777
375500,0.102,0.151,0.747
376000,0.117,0.144,0.739
376500,0.124,0.117,0.759
377000,0.114,0.122,0.764
377500,0.097,0.074,0.829
378000,0.122,0.082,0.797
378500,0.089,0.079,0.831
379000,0.087,0.092,0.821
379500,0.050,0.119,0.831
380000,0.072,0.107,0.821
380500,0.119,0.114,0.767
381000,0.151,0.107,0.742
381500,0.144,0.074,0.782
382000,0.119,0.087,0.794
382500,0.146,0.117,0.737
383000,0.141,0.107,0.752
383500,0.159,0.094,0.747
384000,0.127,0.107,0.767
384500,0.107,0.089,0.804
385000,0.097,0.077,0.826
385500,0.114,0.087,0.799
386000,0.122,0.065,0.814
386500,0.122,0.067,0.811
387000,0.117,0.060,0.824
387500,0.109,0.079,0.811
388000,0.146,0.087,0.767
388500,0.141,0.109,0.749
389000,0.136,0.112,0.752
389500,0.129,0.092,0.779
390000,0.129,0.117,0.754
390500,0.129,0.092,0.779
391000,0.117,0.079,0.804
391500,0.112,0.094,0.794
392000,0.117,0.094,0.789
392500,0.124,0.117,0.759
393000,0.144,0.062,0.794
393500,0.132,0.094,0.774
394000,0.141,0.087,0.772
394500,0.104,0.087,0.809
395000,0.114,0.099,0.787
395500,0.119,0.092,0.789
396000,0.107,0.094,0.799
396500,0.082,0.092,0.826
397000,0.084,0.097,0.819
397500,0.099,0.099,0.801
398000,0.119,0.072,0.809
398500,0.124,0.122,0.754
399000,0.107,0.109,0.784
399500,0.134,0.077,0.789
400000,0.119,0.094,0.787
400500,0.112,0.104,0.784
401000,0.109,0.112,0.779
401500,0.114,0.094,0.792
402000,0.129,0.104,0.767
402500,0.112,0.119,0.769
403000,0.119,0.107,0.774
403500,0.102,0.082,0.816
404000,0.094,0.094,0.811
404500,0.112,0.092,0.797
405000,0.109,0.099,0.792
405500,0.117,0.092,0.792
406000,0.114,0.069,0.816
406500,0.092,0.099,0.809
407000,0.092,0.082,0.826
407500,0.087,0.124,0.789
408000,0.099,0.141,0.759
408500,0.099,0.107,0.794
409000,0.124,0.109,0.767
409500,0.141,0.104,0.754
410000,0.164,0.082,0.754
410500,0.146,0.089,0.764
411000,0.141,0.089,0.769
411500,0.149,0.089,0.762
412000,0.144,0.077,0.779
412500,0.122,0.092,0.787
413000,0.129,0.102,0.769
413500,0.122,0.089,0.789
414000,0.092,0.094,0.814
414500,0.097,0.104,0.799
415000,0.124,0.107,0.769
415500,0.112,0.132,0.757
416000,0.102,0.139,0.759
416500,0.129,0.094,0.777
417000,0.114,0.089,0.797
417500,0.089,0.097,0.814
418000,0.107,0.102,0.792
418500,0.107,0.102,0.792
419000,0.112,0.074,0.814
419500,0.122,0.089,0.789
420000,0.109,0.097,0.794
420500,0.107,0.099,0.794
421000,0.159,0.077,0.764
421500,0.122,0.094,0.784
422000,0.124,0.119,0.757
422500,0.104,0.094,0.801
423000,0.104,0.094,0.801
423500,0.112,0.077,0.811
424000,0.092,0.072,0.836
424500,0.109,0.094,0.797
425000,0.129,0.067,0.804
425500,0.132,0.067,0.801
426000,0.151,0.057,0.792
426500,0.117,0.117,0.767
427000,0.102,0.089,0.809
427500,0.089,0.104,0.806
428000,0.084,0.102,0.814
428500,0.099,0.122,0.779
429000,0.094,0.079,0.826
429500,0.087,0.109,0.804
430000,0.102,0.124,0.774
430500,0.127,0.117,0.757
431000,0.109,0.099,0.792
431500,0.104,0.089,0.806
432000,0.092,0.087,0.821
432500,0.089,0.122,0.789
433000,0.060,0.181,0.759
433500,0.072,0.141,0.787
434000,0.099,0.149,0.752
434500,0.079,0.134,0.787
435000,0.092,0.149,0.759
435500,0.097,0.129,0.774
436000,0.069,0.151,0.779
436500,0.109,0.127,0.764
437000,0.069,0.102,0.829
437500,0.092,0.114,0.794
438000,0.104,0.127,0.769
438500,0.109,0.119,0.772
439000,0.117,0.112,0.772
439500,0.114,0.119,0.767
440000,0.099,0.097,0.804
440500,0.082,0.114,0.804
441000,0.087,0.127,0.787
441500,0.089,0.112,0.799
442000,0.107,0.114,0.779
442500,0.117,0.107,0.777
443000,0.087,0.087,0.826
443500,0.127,0.082,0.792
444000,0.117,0.084,0.799
444500,0.139,0.094,0.767
445000,0.129,0.084,0.787
445500,0.132,0.112,0.757
446000,0.114,0.114,0.772
446500,0.087,0.117,0.797
447000,0.077,0.109,0.814
447500,0.151,0.087,0.762
448000,0.164,0.079,0.757
448500,0.179,0.094,0.727
449000,0.176,0.089,0.734
449500,0.164,0.099,0.737
450000,0.159,0.079,0.762
450500,0.129,0.114,0.757
451000,0.146,0.082,0.772
451500,0.136,0.119,0.744
452000,0.141,0.109,0.749
452500,0.094,0.119,0.787
453000,0.112,0.124,0.764
453500,0.132,0.092,0.777
454000,0.144,0.082,0.774
454500,0.139,0.060,0.801
455000,0.099,0.062,0.839
455500,0.134,0.062,0.804
456000,0.127,0.062,0.811
456500,0.112,0.082,0.806
457000,0.097,0.074,0.829
457500,0.109,0.104,0.787
458000,0.087,0.104,0.809
458500,0.094,0.109,0.797
459000,0.084,0.136,0.779
459500,0.077,0.134,0.789
460000,0.109,0.109,0.782
460500,0.104,0.094,0.801
461000,0.114,0.107,0.779
461500,0.099,0.082,0.819
462000,0.117,0.122,0.762
462500,0.127,0.114,0.759
463000,0.104,0.112,0.784
463500,0.132,0.094,0.774
464000,0.129,0.087,0.784
464500,0.114,0.107,0.779
465000,0.109,0.092,0.799
465500,0.089,0.112,0.799
466000,0.102,0.119,0.779
466500,0.127,0.146,0.727
467000,0.139,0.107,0.754
467500,0.129,0.087,0.784
468000,0.094,0.069,0.836
468500,0.112,0.069,0.819
469000,0.094,0.087,0.819
469500,0.112,0.082,0.806
470000,0.099,0.087,0.814
470500,0.107,0.094,0.799
471000,0.104,0.104,0.792
471500,0.104,0.119,0.777
472000,0.109,0.117,0.774
472500,0.144,0.119,0.737
473000,0.119,0.097,0.784
473500,0.122,0.099,0.779
474000,0.141,0.097,0.762
474500,0.127,0.099,0.774
475000,0.109,0.057,0.834
475500,0.119,0.062,0.819
476000,0.122,0.067,0.811
476500,0.084,0.084,0.831
477000,0.074,0.094,0.831
477500,0.089,0.114,0.797
478000,0.102,0.087,0.811
478500,0.134,0.099,0.767
479000,0.169,0.060,0.772
479500,0.151,0.067,0.782
480000,0.156,0.062,0.782
480500,0.129,0.092,0.779
481000,0.104,0.082,0.814
481500,0.129,0.065,0.806
482000,0.094,0.099,0.806
482500,0.104,0.114,0.782
483000,0.119,0.089,0.792
483500,0.122,0.084,0.794
484000,0.114,0.082,0.804
484500,0.102,0.087,0.811
485000,0.099,0.134,0.767
485500,0.112,0.112,0.777
486000,0.114,0.119,0.767
486500,0.129,0.112,0.759
487000,0.117,0.087,0.797
487500,0.112,0.097,0.792
488000,0.112,0.122,0.767
488500,0.132,0.084,0.784
489000,0.109,0.079,0.811
489500,0.104,0.122,0.774
490000,0.104,0.119,0.777
490500,0.104,0.099,0.797
491000,0.107,0.127,0.767
491500,0.124,0.107,0.769
492000,0.159,0.099,0.742
492500,0.141,0.097,0.762
493000,0.159,0.097,0.744
493500,0.117,0.107,0.777
494000,0.092,0.117,0.792
494500,0.089,0.129,0.782
495000,0.104,0.127,0.769
495500,0.114,0.102,0.784
496000,0.127,0.089,0.784
496500,0.122,0.104,0.774
497000,0.089,0.104,0.806
497500,0.109,0.082,0.809
498000,0.141,0.067,0.792
498500,0.156,0.065,0.779
499000,0.154,0.097,0.749
499500,0.122,0.077,0.801
500000,0.136,0.067,0.797
500500,0.119,0.067,0.814
501000,0.132,0.065,0.804
501500,0.132,0.065,0.804
502000,0.132,0.074,0.794
502500,0.146,0.072,0.782
503000,0.149,0.087,0.764
503500,0.114,0.087,0.799
504000,0.129,0.069,0.801
504500,0.141,0.082,0.777
505000,0.117,0.084,0.799
505500,0.166,0.077,0.757
506000,0.144,0.077,0.779
506500,0.151,0.087,0.762
507000,0.144,0.072,0.784
507500,0.122,0.097,0.782
508000,0.092,0.114,0.794
508500,0.092,0.104,0.804
509000,0.107,0.099,0.794
509500,0.084,0.104,0.811
510000,0.114,0.092,0.794
510500,0.132,0.117,0.752
511000,0.112,0.109,0.779
511500,0.132,0.094,0.774
512000,0.117,0.072,0.811
512500,0.122,0.089,0.789
513000,0.134,0.055,0.811
513500,0.104,0.067,0.829
514000,0.112,0.099,0.789
514500,0.097,0.087,0.816
515000,0.082,0.069,0.849
515500,0.072,0.141,0.787
516000,0.077,0.134,0.789
516500,0.097,0.132,0.772
517000,0.112,0.107,0.782
517500,0.112,0.097,0.792
518000,0.104,0.079,0.816
518500,0.127,0.074,0.799
519000,0.127,0.072,0.801
519500,0.134,0.069,0.797
520000,0.107,0.089,0.804
520500,0.097,0.104,0.799
521000,0.104,0.092,0.804
521500,0.084,0.092,0.824
522000,0.097,0.097,0.806
522500,0.119,0.087,0.794
523000,0.119,0.082,0.799
523500,0.074,0.079,0.846
524000,0.069,0.097,0.834
524500,0.092,0.107,0.801
525000,0.102,0.124,0.774
525500,0.117,0.107,0.777
526000,0.084,0.079,0.836
526500,0.127,0.084,0.789
527000,0.134,0.067,0.799
527500,0.132,0.067,0.801
528000,0.087,0.077,0.836
528500,0.089,0.092,0.819
529000,0.104,0.074,0.821
529500,0.104,0.094,0.801
530000,0.109,0.114,0.777
530500,0.107,0.117,0.777
531000,0.094,0.114,0.792
531500,0.079,0.114,0.806
532000,0.072,0.089,0.839
532500,0.092,0.104,0.804
533000,0.094,0.112,0.794
533500,0.087,0.092,0.821
534000,0.114,0.074,0.811
534500,0.094,0.079,0.826
535000,0.119,0.119,0.762
535500,0.097,0.114,0.789
536000,0.146,0.099,0.754
536500,0.107,0.084,0.809
537000,0.112,0.114,0.774
537500,0.102,0.104,0.794
538000,0.136,0.089,0.774
538500,0.129,0.119,0.752
539000,0.109,0.097,0.794
539500,0.109,0.089,0.801
540000,0.127,0.087,0.787
540500,0.134,0.084,0.782
541000,0.127,0.092,0.782
541500,0.127,0.099,0.774
542000,0.107,0.079,0.814
542500,0.124,0.132,0.744
543000,0.107,0.109,0.784
543500,0.109,0.112,0.779
544000,0.099,0.094,0.806
544500,0.117,0.077,0.806
545000,0.079,0.109,0.811
545500,0.092,0.089,0.819
546000,0.094,0.114,0.792
546500,0.104,0.107,0.789
547000,0.107,0.104,0.789
547500,0.097,0.084,0.819
548000,0.141,0.079,0.779
548500,0.127,0.094,0.779
549000,0.077,0.072,0.851
549500,0.102,0.092,0.806
550000,0.079,0.094,0.826
550500,0.097,0.084,0.819
551000,0.102,0.089,0.809
551500,0.084,0.102,0.814
552000,0.092,0.087,0.821
552500,0.117,0.099,0.784
553000,0.127,0.109,0.764
553500,0.104,0.099,0.797
554000,0.114,0.087,0.799
554500,0.122,0.117,0.762
555000,0.094,0.104,0.801
555500,0.114,0.082,0.804
556000,0.104,0.067,0.829
556500,0.117,0.092,0.792
557000,0.099,0.082,0.819
557500,0.107,0.097,0.797
558000,0.124,0.084,0.792
558500,0.097,0.097,0.806
559000,0.087,0.084,0.829
559500,0.109,0.060,0.831
560000,0.069,0.072,0.859
560500,0.074,0.079,0.846
561000,0.141,0.060,0.799
561500,0.134,0.084,0.782
562000,0.104,0.097,0.799
562500,0.117,0.104,0.779
563000,0.117,0.089,0.794
563500,0.082,0.097,0.821
564000,0.092,0.114,0.794
564500,0.084,0.144,0.772
565000,0.092,0.099,0.809
565500,0.082,0.089,0.829
566000,0.074,0.094,0.831
566500,0.089,0.082,0.829
567000,0.082,0.102,0.816
567500,0.060,0.159,0.782
568000,0.089,0.169,0.742
568500,0.079,0.136,0.784
569000,0.092,0.156,0.752
569500,0.055,0.161,0.784
570000,0.089,0.136,0.774
570500,0.087,0.139,0.774
571000,0.092,0.151,0.757
571500,0.077,0.087,0.836
572000,0.094,0.094,0.811
572500,0.124,0.074,0.801
573000,0.077,0.094,0.829
573500,0.124,0.107,0.769
574000,0.129,0.134,0.737
574500,0.124,0.136,0.739
575000,0.097,0.141,0.762
575500,0.141,0.089,0.769
576000,0.149,0.092,0.759
576500,0.156,0.087,0.757
577000,0.136,0.057,0.806
577500,0.122,0.099,0.779
578000,0.171,0.114,0.715
578500,0.129,0.109,0.762
579000,0.109,0.109,0.782
579500,0.122,0.112,0.767
580000,0.092,0.134,0.774
580500,0.102,0.102,0.797
581000,0.082,0.122,0.797
581500,0.082,0.109,0.809
582000,0.099,0.077,0.824
582500,0.087,0.094,0.819
583000,0.082,0.084,0.834
583500,0.077,0.092,0.831
584000,0.082,0.065,0.854
584500,0.082,0.117,0.801
585000,0.092,0.084,0.824
585500,0.077,0.087,0.836
586000,0.087,0.109,0.804
586500,0.097,0.112,0.792
587000,0.124,0.092,0.784
587500,0.107,0.082,0.811
588000,0.144,0.119,0.737
588500,0.119,0.134,0.747
589000,0.097,0.122,0.782
589500,0.092,0.094,0.814
590000,0.072,0.104,0.824
590500,0.097,0.087,0.816
591000,0.102,0.112,0.787
591500,0.132,0.112,0.757
592000,0.136,0.117,0.747
592500,0.112,0.129,0.759
593000,0.097,0.089,0.814
593500,0.114,0.094,0.792
594000,0.136,0.084,0.779
594500,0.141,0.072,0.787
595000,0.164,0.097,0.739
595500,0.151,0.102,0.747
596000,0.129,0.077,0.794
596500,0.107,0.084,0.809
597000,0.077,0.087,0.836
597500,0.094,0.122,0.784
598000,0.114,0.112,0.774
598500,0.127,0.107,0.767
599000,0.127,0.107,0.767
599500,0.109,0.117,0.774
600000,0.109,0.119,0.772
600500,0.132,0.077,0.792
601000,0.102,0.077,0.821
601500,0.097,0.072,0.831
602000,0.117,0.092,0.792
602500,0.109,0.094,0.797
603000,0.119,0.102,0.779
603500,0.084,0.112,0.804
604000,0.087,0.102,0.811
604500,0.134,0.104,0.762
605000,0.122,0.107,0.772
605500,0.114,0.094,0.792
606000,0.107,0.087,0.806
606500,0.107,0.065,0.829
607000,0.112,0.079,0.809
607500,0.114,0.089,0.797
608000,0.109,0.092,0.799
608500,0.117,0.094,0.789
609000,0.144,0.089,0.767
609500,0.136,0.092,0.772
610000,0.132,0.097,0.772
610500,0.119,0.099,0.782
611000,0.094,0.107,0.799
611500,0.084,0.084,0.831
612000,0.104,0.124,0.772
612500,0.092,0.129,0.779
613000,0.089,0.132,0.779
613500,0.099,0.149,0.752
614000,0.107,0.119,0.774
614500,0.117,0.112,0.772
615000,0.104,0.112,0.784
615500,0.082,0.087,0.831
616000,0.089,0.089,0.821
616500,0.077,0.099,0.824
617000,0.062,0.099,0.839
617500,0.092,0.084,0.824
618000,0.082,0.104,0.814
618500,0.097,0.114,0.789
619000,0.097,0.084,0.819
619500,0.112,0.097,0.792
620000,0.112,0.114,0.774
620500,0.092,0.107,0.801
621000,0.099,0.122,0.779
621500,0.077,0.082,0.841
622000,0.087,0.089,0.824
622500,0.122,0.132,0.747
623000,0.109,0.107,0.784
623500,0.102,0.099,0.799
624000,0.134,0.087,0.779
624500,0.132,0.065,0.804
625000,0.146,0.060,0.794
625500,0.151,0.087,0.762
626000,0.129,0.112,0.759
626500,0.077,0.122,0.801
627000,0.112,0.109,0.779
627500,0.107,0.102,0.792
628000,0.097,0.087,0.816
628500,0.094,0.099,0.806
629000,0.094,0.122,0.784
629500,0.099,0.104,0.797
630000,0.089,0.107,0.804
630500,0.087,0.107,0.806
631000,0.136,0.127,0.737
631500,0.156,0.079,0.764
632000,0.097,0.079,0.824
632500,0.079,0.107,0.814
633000,0.077,0.109,0.814
633500,0.062,0.077,0.861
634000,0.074,0.087,0.839
634500,0.074,0.069,0.856
635000,0.087,0.077,0.836
635500,0.055,0.114,0.831
636000,0.062,0.092,0.846
636500,0.084,0.099,0.816
637000,0.122,0.082,0.797
637500,0.112,0.082,0.806
638000,0.136,0.082,0.782
638500,0.146,0.069,0.784
639000,0.141,0.092,0.767
639500,0.149,0.089,0.762
640000,0.129,0.087,0.784
640500,0.117,0.084,0.799
641000,0.094,0.077,0.829
641500,0.092,0.127,0.782
642000,0.097,0.107,0.797
642500,0.099,0.107,0.794
643000,0.134,0.114,0.752
643500,0.119,0.089,0.792
644000,0.114,0.159,0.727
644500,0.129,0.122,0.749
645000,0.134,0.102,0.764
645500,0.127,0.094,0.779
646000,0.112,0.119,0.769
646500,0.127,0.094,0.779
647000,0.119,0.099,0.782
647500,0.122,0.069,0.809
648000,0.139,0.069,0.792
648500,0.159,0.084,0.757
649000,0.141,0.062,0.797
649500,0.164,0.062,0.774
650000,0.161,0.030,0.809
650500,0.164,0.037,0.799
651000,0.136,0.102,0.762
651500,0.146,0.109,0.744
652000,0.127,0.074,0.799
652500,0.124,0.089,0.787
653000,0.141,0.079,0.779
653500,0.136,0.077,0.787
654000,0.109,0.119,0.772
654500,0.114,0.094,0.792
655000,0.097,0.097,0.806
655500,0.114,0.094,0.792
656000,0.107,0.099,0.794
656500,0.136,0.097,0.767
657000,0.136,0.119,0.744
657500,0.114,0.132,0.754
658000,0.087,0.134,0.779
658500,0.082,0.099,0.819
659000,0.102,0.087,0.811
659500,0.109,0.092,0.799
660000,0.119,0.087,0.794
660500,0.097,0.114,0.789
661000,0.077,0.102,0.821
661500,0.074,0.129,0.797
662000,0.084,0.104,0.811
662500,0.102,0.109,0.789
663000,0.099,0.097,0.804
663500,0.109,0.099,0.792
664000,0.117,0.122,0.762
664500,0.109,0.084,0.806
665000,0.084,0.074,0.841
665500,0.089,0.099,0.811
666000,0.087,0.141,0.772
666500,0.097,0.132,0.772
667000,0.097,0.092,0.811
667500,0.124,0.114,0.762
668000,0.102,0.079,0.819
668500,0.114,0.089,0.797
669000,0.114,0.082,0.804
669500,0.124,0.077,0.799
670000,0.129,0.057,0.814
670500,0.149,0.062,0.789
671000,0.102,0.077,0.821
671500,0.122,0.072,0.806
672000,0.141,0.074,0.784
672500,0.139,0.067,0.794
673000,0.127,0.104,0.769
673500,0.129,0.069,0.801
674000,0.132,0.072,0.797
674500,0.127,0.097,0.777
675000,0.161,0.099,0.739
675500,0.194,0.074,0.732
676000,0.171,0.060,0.769
676500,0.149,0.074,0.777
677000,0.154,0.089,0.757
677500,0.129,0.104,0.767
678000,0.112,0.092,0.797
678500,0.099,0.065,0.836
679000,0.097,0.082,0.821
679500,0.141,0.082,0.777
680000,0.139,0.084,0.777
680500,0.139,0.087,0.774
681000,0.107,0.082,0.811
681500,0.149,0.082,0.769
682000,0.141,0.082,0.777
682500,0.136,0.052,0.811
683000,0.154,0.060,0.787
683500,0.151,0.077,0.772
684000,0.122,0.112,0.767
684500,0.119,0.117,0.764
685000,0.139,0.119,0.742
685500,0.109,0.112,0.779
686000,0.097,0.104,0.799
686500,0.141,0.104,0.754
687000,0.129,0.097,0.774
687500,0.124,0.072,0.804
688000,0.122,0.089,0.789
688500,0.097,0.077,0.826
689000,0.129,0.089,0.782
689500,0.124,0.087,0.789
690000,0.099,0.109,0.792
690500,0.097,0.129,0.774
691000,0.102,0.141,0.757
691500,0.119,0.109,0.772
692000,0.122,0.107,0.772
692500,0.092,0.109,0.799
693000,0.139,0.097,0.764
693500,0.117,0.114,0.769
694000,0.102,0.099,0.799
694500,0.117,0.127,0.757
695000,0.072,0.139,0.789
695500,0.062,0.112,0.826
696000,0.082,0.109,0.809
696500,0.127,0.099,0.774
697000,0.109,0.099,0.792
697500,0.077,0.117,0.806
698000,0.065,0.136,0.799
698500,0.117,0.097,0.787
699000,0.107,0.092,0.801
699500,0.099,0.114,0.787
700000,0.094,0.117,0.789
700500,0.094,0.134,0.772
701000,0.089,0.144,0.767
701500,0.084,0.097,0.819
702000,0.079,0.097,0.824
702500,0.089,0.104,0.806
703000,0.094,0.122,0.784
703500,0.079,0.136,0.784
704000,0.074,0.144,0.782
704500,0.089,0.122,0.789
705000,0.087,0.107,0.806
705500,0.067,0.107,0.826
706000,0.094,0.094,0.811
706500,0.132,0.087,0.782
707000,0.124,0.069,0.806
707500,0.109,0.082,0.809
708000,0.109,0.094,0.797
708500,0.117,0.087,0.797
709000,0.139,0.089,0.772
709500,0.141,0.055,0.804
710000,0.132,0.074,0.794
710500,0.141,0.069,0.789
711000,0.149,0.069,0.782
711500,0.161,0.057,0.782
712000,0.134,0.077,0.789
712500,0.132,0.097,0.772
713000,0.107,0.084,0.809
713500,0.129,0.057,0.814
714000,0.132,0.062,0.806
714500,0.122,0.060,0.819
715000,0.134,0.065,0.801
715500,0.139,0.060,0.801
716000,0.119,0.052,0.829
716500,0.092,0.082,0.826
717000,0.119,0.107,0.774
717500,0.087,0.084,0.829
718000,0.094,0.097,0.809
718500,0.122,0.094,0.784
719000,0.139,0.060,0.801
719500,0.132,0.069,0.799
720000,0.117,0.067,0.816
720500,0.104,0.132,0.764
721000,0.124,0.109,0.767
721500,0.129,0.084,0.787
722000,0.119,0.092,0.789
722500,0.114,0.067,0.819
723000,0.107,0.104,0.789
723500,0.112,0.082,0.806
724000,0.122,0.084,0.794
724500,0.129,0.089,0.782
725000,0.107,0.107,0.787
725500,0.109,0.114,0.777
726000,0.119,0.077,0.804
726500,0.134,0.074,0.792
727000,0.146,0.082,0.772
727500,0.099,0.109,0.792
728000,0.089,0.089,0.821
728500,0.117,0.087,0.797
729000,0.114,0.119,0.767
729500,0.117,0.134,0.749
730000,0.117,0.107,0.777
730500,0.119,0.072,0.809
731000,0.104,0.082,0.814
731500,0.119,0.084,0.797
732000,0.114,0.097,0.789
732500,0.082,0.077,0.841
733000,0.097,0.074,0.829
733500,0.102,0.042,0.856
734000,0.092,0.082,0.826
734500,0.102,0.107,0.792
735000,0.109,0.134,0.757
735500,0.082,0.127,0.792
736000,0.092,0.072,0.836
736500,0.084,0.092,0.824
737000,0.124,0.107,0.769
737500,0.112,0.132,0.757
738000,0.134,0.082,0.784
738500,0.119,0.092,0.789
739000,0.094,0.119,0.787
739500,0.117,0.079,0.804
740000,0.161,0.112,0.727
740500,0.122,0.104,0.774
741000,0.107,0.117,0.777
741500,0.112,0.107,0.782
742000,0.084,0.114,0.801
742500,0.099,0.146,0.754
743000,0.112,0.124,0.764
743500,0.109,0.136,0.754
744000,0.144,0.151,0.705
744500,0.104,0.129,0.767
745000,0.104,0.119,0.777
745500,0.124,0.112,0.764
746000,0.099,0.134,0.767
746500,0.122,0.112,0.767
747000,0.102,0.139,0.759
747500,0.089,0.114,0.797
748000,0.099,0.144,0.757
748500,0.119,0.119,0.762
749000,0.094,0.109,0.797
749500,0.109,0.099,0.792
750000,0.109,0.097,0.794
750500,0.084,0.102,0.814
751000,0.132,0.094,0.774
751500,0.134,0.087,0.779
752000,0.107,0.094,0.799
752500,0.124,0.107,0.769
753000,0.092,0.084,0.824
753500,0.117,0.094,0.789
754000,0.104,0.124,0.772
754500,0.134,0.129,0.737
755000,0.129,0.124,0.747
755500,0.107,0.129,0.764
756000,0.104,0.102,0.794
756500,0.132,0.109,0.759
757000,0.102,0.117,0.782
757500,0.077,0.136,0.787
758000,0.069,0.124,0.806
758500,0.077,0.104,0.819
759000,0.087,0.164,0.749
759500,0.092,0.127,0.782
760000,0.072,0.136,0.792
760500,0.089,0.114,0.797
761000,0.092,0.112,0.797
761500,0.122,0.132,0.747
762000,0.119,0.082,0.799
762500,0.079,0.104,0.816
763000,0.114,0.072,0.814
763500,0.094,0.077,0.829
764000,0.117,0.092,0.792
764500,0.124,0.099,0.777
765000,0.112,0.124,0.764
765500,0.097,0.119,0.784
766000,0.114,0.112,0.774
766500,0.109,0.112,0.779
767000,0.102,0.117,0.782
767500,0.094,0.112,0.794
768000,0.146,0.094,0.759
768500,0.099,0.109,0.792
769000,0.094,0.104,0.801
769500,0.112,0.067,0.821
770000,0.099,0.094,0.806
770500,0.112,0.092,0.797
771000,0.119,0.097,0.784
771500,0.129,0.094,0.777
772000,0.122,0.094,0.784
772500,0.117,0.099,0.784
773000,0.079,0.117,0.804
773500,0.065,0.107,0.829
774000,0.074,0.119,0.806
774500,0.104,0.127,0.769
775000,0.094,0.114,0.792
775500,0.087,0.104,0.809
776000,0.102,0.097,0.801
776500,0.104,0.084,0.811
777000,0.107,0.087,0.806
777500,0.109,0.104,0.787
778000,0.082,0.119,0.799
778500,0.067,0.087,0.846
779000,0.104,0.117,0.779
779500,0.127,0.119,0.754
780000,0.112,0.087,0.801
780500,0.089,0.102,0.809
781000,0.107,0.092,0.801
781500,0.089,0.112,0.799
782000,0.104,0.082,0.814
782500,0.102,0.077,0.821
783000,0.067,0.082,0.851
783500,0.102,0.092,0.806
784000,0.112,0.104,0.784
784500,0.141,0.084,0.774
785000,0.107,0.099,0.794
785500,0.119,0.107,0.774
786000,0.112,0.087,0.801
786500,0.134,0.094,0.772
787000,0.114,0.097,0.789
787500,0.124,0.104,0.772
788000,0.112,0.087,0.801
788500,0.119,0.077,0.804
789000,0.089,0.104,0.806
789500,0.102,0.114,0.784
790000,0.114,0.094,0.792
790500,0.097,0.097,0.806
791000,0.117,0.107,0.777
791500,0.134,0.077,0.789
792000,0.154,0.089,0.757
792500,0.141,0.097,0.762
793000,0.136,0.099,0.764
793500,0.134,0.127,0.739
794000,0.144,0.119,0.737
794500,0.099,0.082,0.819
795000,0.109,0.097,0.794
795500,0.112,0.084,0.804
796000,0.109,0.097,0.794
796500,0.102,0.092,0.806
797000,0.104,0.109,0.787
797500,0.082,0.117,0.801
798000,0.079,0.117,0.804
798500,0.107,0.097,0.797
799000,0.112,0.136,0.752
799500,0.069,0.156,0.774
800000,0.087,0.139,0.774
800500,0.077,0.139,0.784
801000,0.089,0.107,0.804
801500,0.089,0.094,0.816
802000,0.099,0.099,0.801
802500,0.079,0.077,0.844
803000,0.077,0.087,0.836
803500,0.102,0.117,0.782
804000,0.087,0.127,0.787
804500,0.097,0.122,0.782
805000,0.072,0.129,0.799
805500,0.084,0.132,0.784
806000,0.112,0.107,0.782
806500,0.112,0.132,0.757
807000,0.112,0.134,0.754
807500,0.102,0.109,0.789
808000,0.109,0.124,0.767
808500,0.117,0.149,0.734
809000,0.104,0.112,0.784
809500,0.112,0.119,0.769
810000,0.079,0.107,0.814
810500,0.114,0.082,0.804
811000,0.114,0.082,0.804
811500,0.092,0.092,0.816
812000,0.104,0.097,0.799
812500,0.107,0.099,0.794
813000,0.122,0.087,0.792
813500,0.141,0.099,0.759
814000,0.141,0.134,0.725
814500,0.127,0.122,0.752
815000,0.124,0.114,0.762
815500,0.119,0.112,0.769
816000,0.117,0.102,0.782
816500,0.114,0.117,0.769
817000,0.141,0.089,0.769
817500,0.134,0.097,0.769
818000,0.139,0.074,0.787
818500,0.119,0.089,0.792
819000,0.119,0.089,0.792
819500,0.144,0.109,0.747
820000,0.109,0.099,0.792
820500,0.141,0.097,0.762
821000,0.107,0.079,0.814
821500,0.139,0.114,0.747
822000,0.119,0.107,0.774
822500,0.107,0.089,0.804
823000,0.114,0.079,0.806
823500,0.122,0.082,0.797
824000,0.129,0.089,0.782
824500,0.134,0.082,0.784
825000,0.149,0.069,0.782
825500,0.146,0.065,0.789
826000,0.164,0.067,0.769
826500,0.179,0.067,0.754
827000,0.139,0.094,0.767
827500,0.134,0.127,0.739
828000,0.159,0.117,0.725
828500,0.124,0.134,0.742
829000,0.117,0.084,0.799
829500,0.136,0.060,0.804
830000,0.141,0.094,0.764
830500,0.102,0.065,0.834
831000,0.117,0.079,0.804
831500,0.122,0.082,0.797
832000,0.144,0.084,0.772
832500,0.151,0.077,0.772
833000,0.114,0.082,0.804
833500,0.099,0.097,0.804
834000,0.136,0.092,0.772
834500,0.082,0.097,0.821
835000,0.122,0.097,0.782
835500,0.122,0.094,0.784
836000,0.062,0.117,0.821
836500,0.072,0.112,0.816
837000,0.102,0.067,0.831
837500,0.127,0.077,0.797
838000,0.127,0.067,0.806
838500,0.134,0.092,0.774
839000,0.092,0.092,0.816
839500,0.104,0.097,0.799
840000,0.099,0.114,0.787
840500,0.089,0.107,0.804
841000,0.094,0.107,0.799
841500,0.092,0.104,0.804
842000,0.084,0.094,0.821
842500,0.094,0.117,0.789
843000,0.114,0.136,0.749
843500,0.114,0.112,0.774
844000,0.089,0.129,0.782
844500,0.099,0.102,0.799
845000,0.124,0.127,0.749
845500,0.132,0.099,0.769
846000,0.087,0.112,0.801
846500,0.114,0.112,0.774
847000,0.107,0.089,0.804
847500,0.107,0.077,0.816
848000,0.104,0.079,0.816
848500,0.099,0.069,0.831
849000,0.102,0.084,0.814
849500,0.159,0.089,0.752
850000,0.166,0.065,0.769
850500,0.169,0.077,0.754
851000,0.161,0.089,0.749
851500,0.171,0.097,0.732
852000,0.156,0.057,0.787
852500,0.151,0.074,0.774
853000,0.127,0.069,0.804
853500,0.139,0.077,0.784
854000,0.127,0.087,0.787
854500,0.129,0.077,0.794
855000,0.114,0.072,0.814
855500,0.099,0.089,0.811
856000,0.119,0.089,0.792
856500,0.122,0.079,0.799
857000,0.146,0.065,0.789
857500,0.146,0.074,0.779
858000,0.134,0.084,0.782
858500,0.119,0.087,0.794
859000,0.117,0.117,0.767
859500,0.141,0.107,0.752
860000,0.127,0.104,0.769
860500,0.132,0.084,0.784
861000,0.164,0.117,0.720
861500,0.149,0.082,0.769
862000,0.136,0.082,0.782
862500,0.109,0.087,0.804
863000,0.139,0.104,0.757
863500,0.104,0.094,0.801
864000,0.089,0.109,0.801
864500,0.094,0.084,0.821
865000,0.099,0.065,0.836
865500,0.084,0.104,0.811
866000,0.092,0.102,0.806
866500,0.069,0.087,0.844
867000,0.114,0.119,0.767
867500,0.122,0.102,0.777
868000,0.097,0.112,0.792
868500,0.092,0.109,0.799
869000,0.122,0.132,0.747
869500,0.099,0.104,0.797
870000,0.114,0.124,0.762
870500,0.107,0.122,0.772
871000,0.099,0.109,0.792
871500,0.104,0.084,0.811
872000,0.129,0.122,0.749
872500,0.112,0.097,0.792
873000,0.099,0.107,0.794
873500,0.084,0.099,0.816
874000,0.134,0.094,0.772
874500,0.117,0.109,0.774
875000,0.129,0.099,0.772
875500,0.079,0.089,0.831
876000,0.107,0.077,0.816
876500,0.099,0.079,0.821
877000,0.119,0.074,0.806
877500,0.119,0.102,0.779
878000,0.141,0.099,0.759
878500,0.112,0.087,0.801
879000,0.099,0.144,0.757
879500,0.099,0.117,0.784
880000,0.104,0.094,0.801
880500,0.122,0.124,0.754
881000,0.119,0.069,0.811
881500,0.117,0.074,0.809
882000,0.124,0.082,0.794
882500,0.099,0.099,0.801
883000,0.107,0.099,0.794
883500,0.109,0.084,0.806
884000,0.119,0.092,0.789
884500,0.112,0.119,0.769
885000,0.112,0.099,0.789
885500,0.104,0.092,0.804
886000,0.117,0.112,0.772
886500,0.102,0.069,0.829
887000,0.119,0.060,0.821
887500,0.099,0.119,0.782
888000,0.097,0.107,0.797
888500,0.119,0.104,0.777
889000,0.114,0.079,0.806
889500,0.141,0.082,0.777
890000,0.139,0.074,0.787
890500,0.129,0.072,0.799
891000,0.099,0.094,0.806
891500,0.107,0.109,0.784
892000,0.102,0.127,0.772
892500,0.136,0.112,0.752
893000,0.144,0.102,0.754
893500,0.139,0.084,0.777
894000,0.112,0.109,0.779
894500,0.102,0.074,0.824
895000,0.097,0.092,0.811
895500,0.134,0.094,0.772
896000,0.117,0.094,0.789
896500,0.134,0.087,0.779
897000,0.112,0.094,0.794
897500,0.132,0.124,0.744
898000,0.109,0.132,0.759
898500,0.094,0.139,0.767
899000,0.089,0.134,0.777
899500,0.107,0.119,0.774
900000,0.119,0.107,0.774
900500,0.099,0.104,0.797
901000,0.127,0.117,0.757
901500,0.094,0.074,0.831
902000,0.102,0.084,0.814
902500,0.109,0.087,0.804
903000,0.107,0.094,0.799
903500,0.082,0.119,0.799
904000,0.092,0.082,0.826
904500,0.097,0.097,0.806
905000,0.112,0.089,0.799
905500,0.084,0.099,0.816
906000,0.097,0.109,0.794
906500,0.087,0.112,0.801
907000,0.099,0.094,0.806
907500,0.124,0.099,0.777
908000,0.092,0.089,0.819
908500,0.094,0.139,0.767
909000,0.124,0.122,0.754
909500,0.129,0.104,0.767
910000,0.114,0.124,0.762
910500,0.129,0.102,0.769
911000,0.114,0.099,0.787
911500,0.124,0.114,0.762
912000,0.107,0.112,0.782
912500,0.094,0.102,0.804
913000,0.094,0.084,0.821
913500,0.112,0.082,0.806
914000,0.132,0.092,0.777
914500,0.127,0.099,0.774
915000,0.104,0.087,0.809
915500,0.077,0.089,0.834
916000,0.112,0.092,0.797
916500,0.099,0.082,0.819
917000,0.134,0.094,0.772
917500,0.127,0.119,0.754
918000,0.117,0.102,0.782
918500,0.127,0.094,0.779
919000,0.127,0.099,0.774
919500,0.112,0.097,0.792
920000,0.087,0.099,0.814
920500,0.119,0.134,0.747
921000,0.124,0.107,0.769
921500,0.112,0.151,0.737
922000,0.112,0.134,0.754
922500,0.114,0.124,0.762
923000,0.124,0.109,0.767
923500,0.117,0.129,0.754
924000,0.149,0.099,0.752
924500,0.119,0.104,0.777
925000,0.107,0.092,0.801
925500,0.102,0.107,0.792
926000,0.099,0.079,0.821
926500,0.124,0.094,0.782
927000,0.104,0.117,0.779
927500,0.109,0.104,0.787
928000,0.109,0.084,0.806
928500,0.124,0.087,0.789
929000,0.092,0.094,0.814
929500,0.122,0.079,0.799
930000,0.092,0.092,0.816
930500,0.114,0.117,0.769
931000,0.134,0.069,0.797
931500,0.146,0.074,0.779
932000,0.119,0.102,0.779
932500,0.109,0.104,0.787
933000,0.102,0.114,0.784
933500,0.079,0.117,0.804
934000,0.129,0.084,0.787
934500,0.117,0.107,0.777
935000,0.114,0.094,0.792
935500,0.119,0.099,0.782
936000,0.109,0.099,0.792
936500,0.089,0.102,0.809
937000,0.079,0.119,0.801
937500,0.082,0.102,0.816
938000,0.087,0.107,0.806
938500,0.102,0.097,0.801
939000,0.097,0.129,0.774
939500,0.074,0.099,0.826
940000,0.097,0.114,0.789
940500,0.084,0.102,0.814
941000,0.079,0.099,0.821
941500,0.097,0.124,0.779
942000,0.104,0.094,0.801
942500,0.117,0.099,0.784
943000,0.154,0.139,0.707
943500,0.124,0.112,0.764
944000,0.127,0.092,0.782
944500,0.117,0.107,0.777
945000,0.124,0.082,0.794
945500,0.102,0.082,0.816
946000,0.092,0.141,0.767
946500,0.127,0.087,0.787
947000,0.119,0.067,0.814
947500,0.089,0.072,0.839
948000,0.134,0.079,0.787
948500,0.117,0.112,0.772
949000,0.089,0.139,0.772
949500,0.104,0.132,0.764
950000,0.089,0.194,0.717
950500,0.104,0.134,0.762
951000,0.089,0.117,0.794
951500,0.112,0.119,0.769
952000,0.117,0.102,0.782
952500,0.114,0.104,0.782
953000,0.107,0.097,0.797
953500,0.129,0.082,0.789
954000,0.102,0.092,0.806
954500,0.084,0.102,0.814
955000,0.099,0.102,0.799
955500,0.092,0.092,0.816
956000,0.092,0.084,0.824
956500,0.084,0.124,0.792
957000,0.089,0.107,0.804
957500,0.094,0.102,0.804
958000,0.097,0.092,0.811
958500,0.087,0.092,0.821
959000,0.084,0.114,0.801
959500,0.074,0.107,0.819
960000,0.082,0.127,0.792
960500,0.092,0.087,0.821
961000,0.089,0.104,0.806
961500,0.107,0.069,0.824
962000,0.129,0.094,0.777
962500,0.124,0.094,0.782
963000,0.134,0.122,0.744
963500,0.136,0.094,0.769
964000,0.159,0.079,0.762
964500,0.164,0.072,0.764
965000,0.146,0.092,0.762
965500,0.124,0.107,0.769
966000,0.099,0.132,0.769
966500,0.107,0.094,0.799
967000,0.112,0.099,0.789
967500,0.124,0.117,0.759
968000,0.132,0.132,0.737
968500,0.149,0.112,0.739
969000,0.122,0.089,0.789
969500,0.107,0.072,0.821
970000,0.112,0.102,0.787
970500,0.102,0.107,0.792
971000,0.139,0.089,0.772
971500,0.119,0.089,0.792
972000,0.122,0.127,0.752
972500,0.127,0.082,0.792
973000,0.146,0.060,0.794
973500,0.132,0.065,0.804
974000,0.124,0.097,0.779
974500,0.112,0.102,0.787
975000,0.107,0.102,0.792
975500,0.084,0.077,0.839
976000,0.087,0.072,0.841
976500,0.109,0.082,0.809
977000,0.122,0.072,0.806
977500,0.104,0.067,0.829
978000,0.124,0.077,0.799
978500,0.136,0.089,0.774
979000,0.127,0.079,0.794
979500,0.117,0.129,0.754
980000,0.114,0.117,0.769
980500,0.132,0.109,0.759
981000,0.094,0.102,0.804
981500,0.097,0.109,0.794
982000,0.117,0.107,0.777
982500,0.099,0.102,0.799
983000,0.117,0.104,0.779
983500,0.117,0.097,0.787
984000,0.122,0.104,0.774
984500,0.146,0.084,0.769
985000,0.154,0.065,0.782
985500,0.139,0.077,0.784
986000,0.146,0.082,0.772
986500,0.151,0.084,0.764
987000,0.154,0.092,0.754
987500,0.112,0.069,0.819
988000,0.124,0.092,0.784
988500,0.129,0.079,0.792
989000,0.129,0.055,0.816
989500,0.119,0.060,0.821
990000,0.139,0.069,0.792
990500,0.146,0.055,0.799
991000,0.132,0.082,0.787
991500,0.109,0.099,0.792
992000,0.122,0.094,0.784
992500,0.112,0.087,0.801
993000,0.114,0.082,0.804
993500,0.089,0.079,0.831
994000,0.114,0.072,0.814
994500,0.097,0.087,0.816
995000,0.122,0.082,0.797
995500,0.114,0.069,0.816
996000,0.141,0.072,0.787
996500,0.144,0.087,0.769
997000,0.149,0.079,0.772
997500,0.127,0.077,0.797
998000,0.144,0.077,0.779
998500,0.176,0.077,0.747
999000,0.161,0.060,0.779
999500,0.144,0.072,0.784
1000000,0.154,0.084,0.762
