time,n_A+p,n_B,n_AB
500,0.010,0.833,0.157
1000,0.010,0.269,0.721
1500,0.010,0.200,0.790
2000,0.010,0.285,0.705
2500,0.010,0.196,0.794
3000,0.010,0.203,0.787
3500,0.010,0.135,0.855
4000,0.010,0.232,0.758
4500,0.010,0.189,0.801
5000,0.010,0.305,0.685
5500,0.010,0.318,0.672
6000,0.010,0.241,0.749
6500,0.010,0.246,0.744
7000,0.010,0.187,0.803
7500,0.010,0.391,0.599
8000,0.010,0.313,0.677
8500,0.010,0.137,0.853
9000,0.010,0.286,0.704
9500,0.010,0.176,0.814
10000,0.010,0.181,0.809
10500,0.010,0.208,0.782
11000,0.010,0.175,0.815
11500,0.010,0.239,0.751
12000,0.010,0.265,0.725
12500,0.010,0.243,0.747
13000,0.010,0.373,0.617
13500,0.010,0.209,0.781
14000,0.010,0.180,0.810
14500,0.010,0.233,0.757
15000,0.010,0.282,0.708
15500,0.010,0.229,0.761
16000,0.010,0.359,0.631
16500,0.010,0.203,0.787
17000,0.010,0.328,0.662
17500,0.010,0.384,0.606
18000,0.010,0.270,0.720
18500,0.010,0.331,0.659
19000,0.010,0.170,0.820
19500,0.010,0.198,0.792
20000,0.010,0.323,0.667
20500,0.010,0.179,0.811
21000,0.010,0.153,0.837
21500,0.010,0.305,0.685
22000,0.010,0.225,0.765
22500,0.010,0.256,0.734
23000,0.010,0.183,0.807
23500,0.010,0.234,0.756
24000,0.010,0.321,0.669
24500,0.010,0.225,0.765
25000,0.010,0.128,0.862
25500,0.010,0.200,0.790
26000,0.010,0.180,0.810
26500,0.023,0.244,0.733
27000,0.010,0.304,0.686
27500,0.010,0.113,0.877
28000,0.010,0.242,0.748
28500,0.010,0.286,0.704
29000,0.014,0.244,0.742
29500,0.010,0.185,0.805
30000,0.011,0.271,0.718
30500,0.010,0.255,0.735
31000,0.010,0.154,0.836
31500,0.010,0.336,0.654
32000,0.010,0.380,0.610
32500,0.010,0.220,0.770
33000,0.011,0.085,0.904
33500,0.010,0.173,0.817
34000,0.010,0.336,0.654
34500,0.016,0.165,0.819
35000,0.010,0.206,0.784
35500,0.011,0.232,0.757
36000,0.010,0.241,0.749
36500,0.012,0.149,0.839
37000,0.010,0.159,0.831
37500,0.010,0.214,0.776
38000,0.010,0.243,0.747
38500,0.010,0.194,0.796
39000,0.010,0.203,0.787
39500,0.010,0.277,0.713
40000,0.010,0.262,0.728
40500,0.010,0.152,0.838
41000,0.039,0.119,0.842
41500,0.010,0.159,0.831
42000,0.010,0.193,0.797
42500,0.010,0.315,0.675
43000,0.010,0.365,0.625
43500,0.010,0.286,0.704
44000,0.010,0.134,0.856
44500,0.010,0.224,0.766
45000,0.010,0.162,0.828
45500,0.010,0.206,0.784
46000,0.010,0.326,0.664
46500,0.010,0.252,0.738
47000,0.013,0.204,0.783
47500,0.010,0.182,0.808
48000,0.010,0.186,0.804
48500,0.010,0.123,0.867
49000,0.010,0.300,0.690
49500,0.010,0.307,0.683
50000,0.010,0.305,0.685
50500,0.010,0.294,0.696
51000,0.010,0.197,0.793
51500,0.010,0.333,0.657
52000,0.010,0.303,0.687
52500,0.010,0.271,0.719
53000,0.010,0.177,0.813
53500,0.012,0.115,0.873
54000,0.010,0.220,0.770
54500,0.010,0.182,0.808
55000,0.010,0.339,0.651
55500,0.010,0.237,0.753
56000,0.010,0.295,0.695
56500,0.010,0.348,0.642
57000,0.019,0.088,0.893
57500,0.010,0.189,0.801
58000,0.010,0.243,0.747
58500,0.010,0.290,0.700
59000,0.010,0.244,0.746
59500,0.010,0.239,0.751
60000,0.010,0.311,0.679
60500,0.010,0.219,0.771
61000,0.010,0.279,0.711
61500,0.010,0.291,0.699
62000,0.010,0.269,0.721
62500,0.010,0.250,0.740
63000,0.010,0.269,0.721
63500,0.010,0.341,0.649
64000,0.010,0.308,0.682
64500,0.010,0.390,0.600
65000,0.010,0.271,0.719
65500,0.010,0.320,0.670
66000,0.010,0.176,0.814
66500,0.010,0.277,0.713
67000,0.011,0.188,0.801
67500,0.010,0.238,0.752
68000,0.010,0.299,0.691
68500,0.010,0.261,0.729
69000,0.010,0.315,0.675
69500,0.010,0.286,0.704
70000,0.010,0.233,0.757
70500,0.010,0.306,0.684
71000,0.010,0.163,0.827
71500,0.010,0.166,0.824
72000,0.010,0.193,0.797
72500,0.010,0.192,0.798
73000,0.010,0.217,0.773
73500,0.010,0.197,0.793
74000,0.010,0.223,0.767
74500,0.010,0.251,0.739
75000,0.010,0.173,0.817
75500,0.016,0.144,0.840
76000,0.010,0.229,0.761
76500,0.010,0.236,0.754
77000,0.010,0.217,0.773
77500,0.010,0.292,0.698
78000,0.010,0.307,0.683
78500,0.010,0.165,0.825
79000,0.010,0.259,0.731
79500,0.010,0.305,0.685
80000,0.010,0.193,0.797
80500,0.010,0.207,0.783
81000,0.010,0.220,0.770
81500,0.010,0.169,0.821
82000,0.010,0.159,0.831
82500,0.010,0.252,0.738
83000,0.010,0.186,0.804
83500,0.010,0.127,0.863
84000,0.038,0.183,0.779
84500,0.010,0.302,0.688
85000,0.010,0.214,0.776
85500,0.010,0.312,0.678
86000,0.010,0.383,0.607
86500,0.010,0.252,0.738
87000,0.010,0.167,0.823
87500,0.010,0.205,0.785
88000,0.010,0.194,0.796
88500,0.010,0.303,0.687
89000,0.010,0.336,0.654
89500,0.010,0.255,0.735
90000,0.010,0.203,0.787
90500,0.010,0.168,0.822
91000,0.010,0.212,0.778
91500,0.010,0.250,0.740
92000,0.010,0.264,0.726
92500,0.010,0.201,0.789
93000,0.010,0.270,0.720
93500,0.010,0.322,0.668
94000,0.010,0.301,0.689
94500,0.010,0.276,0.714
95000,0.013,0.118,0.869
95500,0.010,0.244,0.746
96000,0.010,0.351,0.639
96500,0.010,0.333,0.657
97000,0.010,0.317,0.673
97500,0.010,0.312,0.678
98000,0.010,0.360,0.630
98500,0.010,0.407,0.583
99000,0.010,0.302,0.688
99500,0.010,0.383,0.607
100000,0.010,0.177,0.813
100500,0.012,0.268,0.720
101000,0.010,0.298,0.692
101500,0.010,0.214,0.776
102000,0.010,0.302,0.688
102500,0.010,0.263,0.727
103000,0.010,0.327,0.663
103500,0.013,0.174,0.813
104000,0.010,0.463,0.527
104500,0.010,0.282,0.708
105000,0.010,0.237,0.753
105500,0.010,0.263,0.727
106000,0.010,0.124,0.866
106500,0.010,0.240,0.750
107000,0.010,0.158,0.832
107500,0.010,0.160,0.830
108000,0.010,0.165,0.825
108500,0.010,0.229,0.761
109000,0.010,0.186,0.804
109500,0.039,0.056,0.905
110000,0.010,0.194,0.796
110500,0.010,0.215,0.775
111000,0.010,0.284,0.706
111500,0.010,0.272,0.718
112000,0.010,0.236,0.754
112500,0.010,0.242,0.748
113000,0.010,0.236,0.754
113500,0.010,0.253,0.737
114000,0.010,0.122,0.868
114500,0.044,0.083,0.873
115000,0.010,0.267,0.723
115500,0.010,0.285,0.705
116000,0.010,0.357,0.633
116500,0.010,0.292,0.698
117000,0.010,0.302,0.688
117500,0.010,0.222,0.768
118000,0.010,0.329,0.661
118500,0.032,0.124,0.844
119000,0.020,0.071,0.909
119500,0.011,0.189,0.800
120000,0.010,0.190,0.800
120500,0.010,0.152,0.838
121000,0.010,0.238,0.752
121500,0.010,0.275,0.715
122000,0.010,0.243,0.747
122500,0.010,0.231,0.759
123000,0.010,0.268,0.722
123500,0.010,0.288,0.702
124000,0.010,0.317,0.673
124500,0.010,0.241,0.749
125000,0.010,0.225,0.765
125500,0.010,0.201,0.789
126000,0.010,0.234,0.756
126500,0.010,0.176,0.814
127000,0.010,0.174,0.816
127500,0.010,0.269,0.721
128000,0.010,0.177,0.813
128500,0.010,0.379,0.611
129000,0.010,0.234,0.756
129500,0.010,0.213,0.777
130000,0.010,0.140,0.850
130500,0.010,0.210,0.780
131000,0.010,0.302,0.688
131500,0.010,0.169,0.821
132000,0.010,0.360,0.630
132500,0.010,0.258,0.732
133000,0.010,0.246,0.744
133500,0.010,0.259,0.731
134000,0.028,0.172,0.800
134500,0.010,0.327,0.663
135000,0.010,0.201,0.789
135500,0.010,0.407,0.583
136000,0.037,0.154,0.809
136500,0.010,0.252,0.738
137000,0.010,0.312,0.678
137500,0.010,0.166,0.824
138000,0.010,0.163,0.827
138500,0.368,0.000,0.632
139000,0.356,0.000,0.644
139500,0.486,0.000,0.514
140000,0.385,0.000,0.615
140500,0.394,0.000,0.606
141000,0.459,0.000,0.541
141500,0.411,0.000,0.589
142000,0.179,0.000,0.821
142500,0.479,0.000,0.521
143000,0.403,0.000,0.597
143500,0.291,0.000,0.709
144000,0.504,0.000,0.496
144500,0.321,0.000,0.679
145000,0.377,0.000,0.623
145500,0.293,0.000,0.707
146000,0.429,0.000,0.571
146500,0.332,0.000,0.668
147000,0.278,0.000,0.722
147500,0.472,0.000,0.528
148000,0.363,0.000,0.637
148500,0.371,0.000,0.629
149000,0.535,0.000,0.465
149500,0.337,0.000,0.663
150000,0.411,0.000,0.589
150500,0.342,0.000,0.658
151000,0.398,0.000,0.602
151500,0.386,0.000,0.614
152000,0.418,0.000,0.582
152500,0.396,0.000,0.604
153000,0.374,0.000,0.626
153500,0.325,0.000,0.675
154000,0.502,0.000,0.498
154500,0.380,0.000,0.620
155000,0.361,0.000,0.639
155500,0.431,0.000,0.569
156000,0.415,0.000,0.585
156500,0.371,0.000,0.629
157000,0.302,0.000,0.698
157500,0.475,0.000,0.525
158000,0.381,0.000,0.619
158500,0.490,0.000,0.510
159000,0.322,0.000,0.678
159500,0.327,0.000,0.673
160000,0.238,0.000,0.762
160500,0.519,0.000,0.481
161000,0.452,0.000,0.548
161500,0.431,0.000,0.569
162000,0.396,0.000,0.604
162500,0.497,0.000,0.503
163000,0.316,0.000,0.684
163500,0.347,0.000,0.653
164000,0.329,0.000,0.671
164500,0.464,0.000,0.536
165000,0.398,0.000,0.602
165500,0.455,0.000,0.545
166000,0.449,0.000,0.551
166500,0.270,0.000,0.730
167000,0.347,0.000,0.653
167500,0.400,0.000,0.600
168000,0.368,0.000,0.632
168500,0.383,0.000,0.617
169000,0.273,0.000,0.727
169500,0.390,0.000,0.610
170000,0.428,0.000,0.572
170500,0.353,0.000,0.647
171000,0.536,0.000,0.464
171500,0.637,0.000,0.363
172000,0.376,0.000,0.624
172500,0.291,0.000,0.709
173000,0.426,0.000,0.574
173500,0.370,0.000,0.630
174000,0.399,0.000,0.601
174500,0.208,0.000,0.792
175000,0.432,0.000,0.568
175500,0.546,0.000,0.454
176000,0.367,0.000,0.633
176500,0.253,0.000,0.747
177000,0.513,0.000,0.487
177500,0.388,0.000,0.612
178000,0.339,0.000,0.661
178500,0.331,0.000,0.669
179000,0.223,0.000,0.777
179500,0.432,0.000,0.568
180000,0.439,0.000,0.561
180500,0.444,0.000,0.556
181000,0.392,0.000,0.608
181500,0.527,0.000,0.473
182000,0.350,0.000,0.650
182500,0.407,0.000,0.593
183000,0.356,0.000,0.644
183500,0.251,0.000,0.749
184000,0.349,0.000,0.651
184500,0.254,0.000,0.746
185000,0.336,0.000,0.664
185500,0.422,0.000,0.578
186000,0.490,0.000,0.510
186500,0.450,0.000,0.550
187000,0.406,0.000,0.594
187500,0.352,0.000,0.648
188000,0.175,0.000,0.825
188500,0.334,0.000,0.666
189000,0.437,0.000,0.563
189500,0.386,0.000,0.614
190000,0.401,0.000,0.599
190500,0.272,0.000,0.728
191000,0.336,0.000,0.664
191500,0.560,0.000,0.440
192000,0.297,0.000,0.703
192500,0.281,0.000,0.719
193000,0.442,0.000,0.558
193500,0.404,0.000,0.596
194000,0.407,0.000,0.593
194500,0.404,0.000,0.596
195000,0.462,0.000,0.538
195500,0.321,0.000,0.679
196000,0.326,0.000,0.674
196500,0.329,0.000,0.671
197000,0.364,0.000,0.636
197500,0.295,0.000,0.705
198000,0.411,0.000,0.589
198500,0.258,0.000,0.742
199000,0.402,0.000,0.598
199500,0.402,0.000,0.598
200000,0.338,0.000,0.662
200500,0.266,0.000,0.734
201000,0.254,0.000,0.746
201500,0.662,0.000,0.338
202000,0.333,0.000,0.667
202500,0.501,0.000,0.499
203000,0.432,0.000,0.568
203500,0.301,0.000,0.699
204000,0.315,0.000,0.685
204500,0.351,0.000,0.649
205000,0.549,0.000,0.451
205500,0.414,0.000,0.586
206000,0.284,0.000,0.716
206500,0.452,0.000,0.548
207000,0.324,0.000,0.676
207500,0.383,0.000,0.617
208000,0.501,0.000,0.499
208500,0.461,0.000,0.539
209000,0.272,0.000,0.728
209500,0.341,0.000,0.659
210000,0.393,0.000,0.607
210500,0.351,0.000,0.649
211000,0.352,0.000,0.648
211500,0.456,0.000,0.544
212000,0.348,0.000,0.652
212500,0.501,0.000,0.499
213000,0.398,0.000,0.602
213500,0.367,0.000,0.633
214000,0.321,0.000,0.679
214500,0.256,0.000,0.744
215000,0.262,0.000,0.738
215500,0.391,0.000,0.609
216000,0.468,0.000,0.532
216500,0.465,0.000,0.535
217000,0.412,0.000,0.588
217500,0.354,0.000,0.646
218000,0.260,0.000,0.740
218500,0.424,0.000,0.576
219000,0.281,0.000,0.719
219500,0.446,0.000,0.554
220000,0.311,0.000,0.689
220500,0.387,0.000,0.613
221000,0.441,0.000,0.559
221500,0.357,0.000,0.643
222000,0.362,0.000,0.638
222500,0.443,0.000,0.557
223000,0.428,0.000,0.572
223500,0.454,0.000,0.546
224000,0.448,0.000,0.552
224500,0.383,0.000,0.617
225000,0.360,0.000,0.640
225500,0.431,0.000,0.569
226000,0.370,0.000,0.630
226500,0.280,0.000,0.720
227000,0.459,0.000,0.541
227500,0.302,0.000,0.698
228000,0.546,0.000,0.454
228500,0.331,0.000,0.669
229000,0.426,0.000,0.574
229500,0.351,0.000,0.649
230000,0.305,0.000,0.695
230500,0.398,0.000,0.602
231000,0.319,0.000,0.681
231500,0.296,0.000,0.704
232000,0.362,0.000,0.638
232500,0.360,0.000,0.640
233000,0.246,0.000,0.754
233500,0.372,0.000,0.628
234000,0.532,0.000,0.468
234500,0.302,0.000,0.698
235000,0.401,0.000,0.599
235500,0.453,0.000,0.547
236000,0.290,0.000,0.710
236500,0.321,0.000,0.679
237000,0.586,0.000,0.414
237500,0.280,0.000,0.720
238000,0.251,0.000,0.749
238500,0.399,0.000,0.601
239000,0.318,0.000,0.682
239500,0.393,0.000,0.607
240000,0.345,0.000,0.655
240500,0.373,0.000,0.627
241000,0.393,0.000,0.607
241500,0.471,0.000,0.529
242000,0.393,0.000,0.607
242500,0.334,0.000,0.666
243000,0.337,0.000,0.663
243500,0.353,0.000,0.647
244000,0.374,0.000,0.626
244500,0.393,0.000,0.607
245000,0.313,0.000,0.687
245500,0.426,0.000,0.574
246000,0.304,0.000,0.696
246500,0.574,0.000,0.426
247000,0.382,0.000,0.618
247500,0.257,0.000,0.743
248000,0.383,0.000,0.617
248500,0.367,0.000,0.633
249000,0.261,0.000,0.739
249500,0.364,0.000,0.636
250000,0.311,0.000,0.689
250500,0.367,0.000,0.633
251000,0.342,0.000,0.658
251500,0.258,0.000,0.742
252000,0.371,0.000,0.629
252500,0.379,0.000,0.621
253000,0.454,0.000,0.546
253500,0.471,0.000,0.529
254000,0.314,0.000,0.686
254500,0.337,0.000,0.663
255000,0.334,0.000,0.666
255500,0.258,0.000,0.742
256000,0.337,0.000,0.663
256500,0.326,0.000,0.674
257000,0.287,0.000,0.713
257500,0.319,0.000,0.681
258000,0.400,0.000,0.600
258500,0.315,0.000,0.685
259000,0.381,0.000,0.619
259500,0.358,0.000,0.642
260000,0.309,0.000,0.691
260500,0.376,0.000,0.624
261000,0.282,0.000,0.718
261500,0.405,0.000,0.595
262000,0.352,0.000,0.648
262500,0.282,0.000,0.718
263000,0.403,0.000,0.597
263500,0.338,0.000,0.662
264000,0.532,0.000,0.468
264500,0.381,0.000,0.619
265000,0.440,0.000,0.560
265500,0.300,0.000,0.700
266000,0.273,0.000,0.727
266500,0.462,0.000,0.538
267000,0.505,0.000,0.495
267500,0.377,0.000,0.623
268000,0.399,0.000,0.601
268500,0.364,0.000,0.636
269000,0.333,0.000,0.667
269500,0.443,0.000,0.557
270000,0.521,0.000,0.479
270500,0.408,0.000,0.592
271000,0.352,0.000,0.648
271500,0.390,0.000,0.610
272000,0.393,0.000,0.607
272500,0.303,0.000,0.697
273000,0.384,0.000,0.616
273500,0.578,0.000,0.422
274000,0.507,0.000,0.493
274500,0.484,0.000,0.516
275000,0.474,0.000,0.526
275500,0.398,0.000,0.602
276000,0.529,0.000,0.471
276500,0.493,0.000,0.507
277000,0.262,0.000,0.738
277500,0.390,0.000,0.610
278000,0.438,0.000,0.562
278500,0.600,0.000,0.400
279000,0.254,0.000,0.746
279500,0.373,0.000,0.627
280000,0.467,0.000,0.533
280500,0.450,0.000,0.550
281000,0.379,0.000,0.621
281500,0.674,0.000,0.326
282000,0.249,0.000,0.751
282500,0.463,0.000,0.537
283000,0.297,0.000,0.703
283500,0.446,0.000,0.554
284000,0.325,0.000,0.675
284500,0.292,0.000,0.708
285000,0.379,0.000,0.621
285500,0.317,0.000,0.683
286000,0.348,0.000,0.652
286500,0.434,0.000,0.566
287000,0.356,0.000,0.644
287500,0.433,0.000,0.567
288000,0.354,0.000,0.646
288500,0.355,0.000,0.645
289000,0.414,0.000,0.586
289500,0.351,0.000,0.649
290000,0.385,0.000,0.615
290500,0.494,0.000,0.506
291000,0.293,0.000,0.707
291500,0.455,0.000,0.545
292000,0.330,0.000,0.670
292500,0.414,0.000,0.586
293000,0.439,0.000,0.561
293500,0.362,0.000,0.638
294000,0.424,0.000,0.576
294500,0.511,0.000,0.489
295000,0.281,0.000,0.719
295500,0.386,0.000,0.614
296000,0.426,0.000,0.574
296500,0.339,0.000,0.661
297000,0.445,0.000,0.555
297500,0.254,0.000,0.746
298000,0.348,0.000,0.652
298500,0.452,0.000,0.548
299000,0.369,0.000,0.631
299500,0.342,0.000,0.658
300000,0.356,0.000,0.644
300500,0.347,0.000,0.653
301000,0.325,0.000,0.675
301500,0.383,0.000,0.617
302000,0.436,0.000,0.564
302500,0.314,0.000,0.686
303000,0.365,0.000,0.635
303500,0.482,0.000,0.518
304000,0.388,0.000,0.612
304500,0.329,0.000,0.671
305000,0.359,0.000,0.641
305500,0.204,0.000,0.796
306000,0.321,0.000,0.679
306500,0.554,0.000,0.446
307000,0.472,0.000,0.528
307500,0.458,0.000,0.542
308000,0.421,0.000,0.579
308500,0.459,0.000,0.541
309000,0.273,0.000,0.727
309500,0.487,0.000,0.513
310000,0.420,0.000,0.580
310500,0.346,0.000,0.654
311000,0.309,0.000,0.691
311500,0.341,0.000,0.659
312000,0.345,0.000,0.655
312500,0.427,0.000,0.573
313000,0.338,0.000,0.662
313500,0.460,0.000,0.540
314000,0.486,0.000,0.514
314500,0.304,0.000,0.696
315000,0.348,0.000,0.652
315500,0.337,0.000,0.663
316000,0.388,0.000,0.612
316500,0.395,0.000,0.605
317000,0.296,0.000,0.704
317500,0.376,0.000,0.624
318000,0.271,0.000,0.729
318500,0.395,0.000,0.605
319000,0.237,0.000,0.763
319500,0.292,0.000,0.708
320000,0.365,0.000,0.635
320500,0.234,0.000,0.766
321000,0.464,0.000,0.536
321500,0.510,0.000,0.490
322000,0.263,0.000,0.737
322500,0.409,0.000,0.591
323000,0.389,0.000,0.611
323500,0.420,0.000,0.580
324000,0.311,0.000,0.689
324500,0.505,0.000,0.495
325000,0.303,0.000,0.697
325500,0.396,0.000,0.604
326000,0.405,0.000,0.595
326500,0.343,0.000,0.657
327000,0.262,0.000,0.738
327500,0.438,0.000,0.562
328000,0.237,0.000,0.763
328500,0.377,0.000,0.623
329000,0.486,0.000,0.514
329500,0.556,0.000,0.444
330000,0.294,0.000,0.706
330500,0.256,0.000,0.744
331000,0.340,0.000,0.660
331500,0.443,0.000,0.557
332000,0.350,0.000,0.650
332500,0.589,0.000,0.411
333000,0.314,0.000,0.686
333500,0.238,0.000,0.762
334000,0.206,0.000,0.794
334500,0.387,0.000,0.613
335000,0.356,0.000,0.644
335500,0.376,0.000,0.624
336000,0.484,0.000,0.516
336500,0.298,0.000,0.702
337000,0.408,0.000,0.592
337500,0.592,0.000,0.408
338000,0.338,0.000,0.662
338500,0.365,0.000,0.635
339000,0.271,0.000,0.729
339500,0.348,0.000,0.652
340000,0.473,0.000,0.527
340500,0.256,0.000,0.744
341000,0.619,0.000,0.381
341500,0.353,0.000,0.647
342000,0.449,0.000,0.551
342500,0.415,0.000,0.585
343000,0.533,0.000,0.467
343500,0.392,0.000,0.608
344000,0.354,0.000,0.646
344500,0.268,0.000,0.732
345000,0.351,0.000,0.649
345500,0.407,0.000,0.593
346000,0.231,0.000,0.769
346500,0.370,0.000,0.630
347000,0.423,0.000,0.577
347500,0.191,0.000,0.809
348000,0.376,0.000,0.624
348500,0.611,0.000,0.389
349000,0.339,0.000,0.661
349500,0.325,0.000,0.675
350000,0.397,0.000,0.603
350500,0.316,0.000,0.684
351000,0.384,0.000,0.616
351500,0.485,0.000,0.515
352000,0.386,0.000,0.614
352500,0.283,0.000,0.717
353000,0.317,0.000,0.683
353500,0.398,0.000,0.602
354000,0.353,0.000,0.647
354500,0.469,0.000,0.531
355000,0.387,0.000,0.613
355500,0.409,0.000,0.591
356000,0.193,0.000,0.807
356500,0.442,0.000,0.558
357000,0.352,0.000,0.648
357500,0.318,0.000,0.682
358000,0.301,0.000,0.699
358500,0.345,0.000,0.655
359000,0.311,0.000,0.689
359500,0.497,0.000,0.503
360000,0.274,0.000,0.726
360500,0.414,0.000,0.586
361000,0.493,0.000,0.507
361500,0.546,0.000,0.454
362000,0.554,0.000,0.446
362500,0.363,0.000,0.637
363000,0.539,0.000,0.461
363500,0.357,0.000,0.643
364000,0.374,0.000,0.626
364500,0.369,0.000,0.631
365000,0.487,0.000,0.513
365500,0.380,0.000,0.620
366000,0.426,0.000,0.574
366500,0.383,0.000,0.617
367000,0.425,0.000,0.575
367500,0.375,0.000,0.625
368000,0.303,0.000,0.697
368500,0.305,0.000,0.695
369000,0.269,0.000,0.731
369500,0.293,0.000,0.707
370000,0.349,0.000,0.651
370500,0.493,0.000,0.507
371000,0.395,0.000,0.605
371500,0.375,0.000,0.625
372000,0.564,0.000,0.436
372500,0.543,0.000,0.457
373000,0.582,0.000,0.418
373500,0.227,0.000,0.773
374000,0.331,0.000,0.669
374500,0.425,0.000,0.575
375000,0.578,0.000,0.422
375500,0.456,0.000,0.544
376000,0.349,0.000,0.651
376500,0.375,0.000,0.625
377000,0.404,0.000,0.596
377500,0.358,0.000,0.642
378000,0.259,0.000,0.741
378500,0.479,0.000,0.521
379000,0.543,0.000,0.457
379500,0.201,0.000,0.799
380000,0.340,0.000,0.660
380500,0.390,0.000,0.610
381000,0.383,0.000,0.617
381500,0.294,0.000,0.706
382000,0.382,0.000,0.618
382500,0.482,0.000,0.518
383000,0.423,0.000,0.577
383500,0.321,0.000,0.679
384000,0.412,0.000,0.588
384500,0.411,0.000,0.589
385000,0.456,0.000,0.544
385500,0.389,0.000,0.611
386000,0.390,0.000,0.610
386500,0.453,0.000,0.547
387000,0.422,0.000,0.578
387500,0.439,0.000,0.561
388000,0.378,0.000,0.622
388500,0.331,0.000,0.669
389000,0.427,0.000,0.573
389500,0.352,0.000,0.648
390000,0.451,0.000,0.549
390500,0.433,0.000,0.567
391000,0.456,0.000,0.544
391500,0.577,0.000,0.423
392000,0.494,0.000,0.506
392500,0.377,0.000,0.623
393000,0.287,0.000,0.713
393500,0.276,0.000,0.724
394000,0.494,0.000,0.506
394500,0.290,0.000,0.710
395000,0.450,0.000,0.550
395500,0.303,0.000,0.697
396000,0.349,0.000,0.651
396500,0.489,0.000,0.511
397000,0.351,0.000,0.649
397500,0.307,0.000,0.693
398000,0.258,0.000,0.742
398500,0.244,0.000,0.756
399000,0.407,0.000,0.593
399500,0.462,0.000,0.538
400000,0.398,0.000,0.602
400500,0.555,0.000,0.445
401000,0.397,0.000,0.603
401500,0.384,0.000,0.616
402000,0.349,0.000,0.651
402500,0.351,0.000,0.649
403000,0.502,0.000,0.498
403500,0.275,0.000,0.725
404000,0.424,0.000,0.576
404500,0.508,0.000,0.492
405000,0.437,0.000,0.563
405500,0.408,0.000,0.592
406000,0.479,0.000,0.521
406500,0.411,0.000,0.589
407000,0.427,0.000,0.573
407500,0.480,0.000,0.520
408000,0.399,0.000,0.601
408500,0.270,0.000,0.730
409000,0.371,0.000,0.629
409500,0.455,0.000,0.545
410000,0.309,0.000,0.691
410500,0.339,0.000,0.661
411000,0.387,0.000,0.613
411500,0.284,0.000,0.716
412000,0.483,0.000,0.517
412500,0.324,0.000,0.676
413000,0.590,0.000,0.410
413500,0.231,0.000,0.769
414000,0.428,0.000,0.572
414500,0.440,0.000,0.560
415000,0.440,0.000,0.560
415500,0.286,0.000,0.714
416000,0.403,0.000,0.597
416500,0.248,0.008,0.744
417000,0.326,0.000,0.674
417500,0.191,0.000,0.809
418000,0.456,0.000,0.544
418500,0.447,0.000,0.553
419000,0.448,0.000,0.552
419500,0.304,0.000,0.696
420000,0.322,0.000,0.678
420500,0.319,0.000,0.681
421000,0.405,0.000,0.595
421500,0.368,0.000,0.632
422000,0.347,0.000,0.653
422500,0.267,0.000,0.733
423000,0.333,0.000,0.667
423500,0.503,0.000,0.497
424000,0.388,0.000,0.612
424500,0.519,0.000,0.481
425000,0.502,0.000,0.498
425500,0.492,0.000,0.508
426000,0.334,0.000,0.666
426500,0.516,0.000,0.484
427000,0.354,0.000,0.646
427500,0.420,0.000,0.580
428000,0.441,0.000,0.559
428500,0.349,0.000,0.651
429000,0.384,0.000,0.616
429500,0.265,0.000,0.735
430000,0.252,0.000,0.748
430500,0.404,0.000,0.596
431000,0.215,0.000,0.785
431500,0.499,0.000,0.501
432000,0.426,0.000,0.574
432500,0.333,0.000,0.667
433000,0.460,0.000,0.540
433500,0.369,0.000,0.631
434000,0.449,0.000,0.551
434500,0.556,0.000,0.444
435000,0.410,0.000,0.590
435500,0.331,0.000,0.669
436000,0.447,0.000,0.553
436500,0.435,0.000,0.565
437000,0.398,0.000,0.602
437500,0.584,0.000,0.416
438000,0.447,0.000,0.553
438500,0.353,0.000,0.647
439000,0.377,0.000,0.623
439500,0.309,0.000,0.691
440000,0.330,0.000,0.670
440500,0.431,0.000,0.569
441000,0.445,0.000,0.555
441500,0.427,0.000,0.573
442000,0.342,0.000,0.658
442500,0.348,0.000,0.652
443000,0.290,0.000,0.710
443500,0.292,0.000,0.708
444000,0.541,0.000,0.459
444500,0.477,0.000,0.523
445000,0.415,0.000,0.585
445500,0.478,0.000,0.522
446000,0.388,0.000,0.612
446500,0.478,0.000,0.522
447000,0.405,0.000,0.595
447500,0.249,0.000,0.751
448000,0.422,0.000,0.578
448500,0.297,0.000,0.703
449000,0.412,0.000,0.588
449500,0.384,0.000,0.616
450000,0.292,0.000,0.708
450500,0.554,0.000,0.446
451000,0.507,0.000,0.493
451500,0.444,0.000,0.556
452000,0.233,0.000,0.767
452500,0.271,0.000,0.729
453000,0.364,0.000,0.636
453500,0.224,0.000,0.776
454000,0.420,0.000,0.580
454500,0.273,0.000,0.727
455000,0.281,0.000,0.719
455500,0.468,0.000,0.532
456000,0.291,0.000,0.709
456500,0.363,0.000,0.637
457000,0.385,0.000,0.615
457500,0.384,0.000,0.616
458000,0.349,0.000,0.651
458500,0.399,0.000,0.601
459000,0.496,0.000,0.504
459500,0.305,0.000,0.695
460000,0.331,0.000,0.669
460500,0.524,0.000,0.476
461000,0.383,0.000,0.617
461500,0.275,0.000,0.725
462000,0.421,0.000,0.579
462500,0.423,0.000,0.577
463000,0.399,0.000,0.601
463500,0.390,0.000,0.610
464000,0.323,0.000,0.677
464500,0.359,0.000,0.641
465000,0.345,0.000,0.655
465500,0.443,0.000,0.557
466000,0.435,0.000,0.565
466500,0.516,0.000,0.484
467000,0.409,0.000,0.591
467500,0.496,0.000,0.504
468000,0.476,0.000,0.524
468500,0.319,0.000,0.681
469000,0.399,0.000,0.601
469500,0.382,0.000,0.618
470000,0.362,0.000,0.638
470500,0.334,0.000,0.666
471000,0.568,0.000,0.432
471500,0.366,0.000,0.634
472000,0.459,0.000,0.541
472500,0.339,0.000,0.661
473000,0.434,0.000,0.566
473500,0.375,0.000,0.625
474000,0.451,0.000,0.549
474500,0.314,0.000,0.686
475000,0.310,0.000,0.690
475500,0.378,0.000,0.622
476000,0.430,0.000,0.570
476500,0.301,0.000,0.699
477000,0.341,0.000,0.659
477500,0.402,0.000,0.598
478000,0.383,0.000,0.617
478500,0.327,0.000,0.673
479000,0.264,0.000,0.736
479500,0.321,0.000,0.679
480000,0.537,0.000,0.463
480500,0.514,0.000,0.486
481000,0.440,0.000,0.560
481500,0.309,0.000,0.691
482000,0.495,0.000,0.505
482500,0.451,0.000,0.549
483000,0.363,0.000,0.637
483500,0.479,0.000,0.521
484000,0.496,0.000,0.504
484500,0.351,0.000,0.649
485000,0.362,0.000,0.638
485500,0.380,0.000,0.620
486000,0.458,0.000,0.542
486500,0.431,0.000,0.569
487000,0.426,0.000,0.574
487500,0.265,0.000,0.735
488000,0.414,0.000,0.586
488500,0.294,0.000,0.706
489000,0.449,0.000,0.551
489500,0.469,0.000,0.531
490000,0.217,0.000,0.783
490500,0.341,0.000,0.659
491000,0.340,0.000,0.660
491500,0.332,0.000,0.668
492000,0.427,0.000,0.573
492500,0.361,0.000,0.639
493000,0.380,0.000,0.620
493500,0.332,0.000,0.668
494000,0.383,0.000,0.617
494500,0.347,0.000,0.653
495000,0.249,0.000,0.751
495500,0.454,0.000,0.546
496000,0.459,0.000,0.541
496500,0.281,0.000,0.719
497000,0.343,0.000,0.657
497500,0.487,0.000,0.513
498000,0.355,0.000,0.645
498500,0.407,0.000,0.593
499000,0.359,0.000,0.641
499500,0.448,0.000,0.552
500000,0.410,0.000,0.590
500500,0.345,0.000,0.655
501000,0.583,0.000,0.417
501500,0.369,0.000,0.631
502000,0.393,0.000,0.607
502500,0.286,0.000,0.714
503000,0.348,0.000,0.652
503500,0.285,0.000,0.715
504000,0.285,0.000,0.715
504500,0.349,0.000,0.651
505000,0.272,0.000,0.728
505500,0.424,0.000,0.576
506000,0.313,0.000,0.687
506500,0.239,0.000,0.761
507000,0.352,0.000,0.648
507500,0.321,0.000,0.679
508000,0.496,0.000,0.504
508500,0.293,0.000,0.707
509000,0.332,0.000,0.668
509500,0.402,0.000,0.598
510000,0.412,0.000,0.588
510500,0.409,0.000,0.591
511000,0.423,0.000,0.577
511500,0.344,0.000,0.656
512000,0.211,0.000,0.789
512500,0.416,0.000,0.584
513000,0.333,0.000,0.667
513500,0.245,0.000,0.755
514000,0.349,0.000,0.651
514500,0.375,0.000,0.625
515000,0.404,0.000,0.596
515500,0.493,0.000,0.507
516000,0.359,0.000,0.641
516500,0.336,0.000,0.664
517000,0.263,0.000,0.737
517500,0.253,0.000,0.747
518000,0.356,0.000,0.644
518500,0.350,0.000,0.650
519000,0.310,0.000,0.690
519500,0.390,0.000,0.610
520000,0.220,0.000,0.780
520500,0.347,0.000,0.653
521000,0.321,0.001,0.678
521500,0.402,0.000,0.598
522000,0.374,0.000,0.626
522500,0.452,0.000,0.548
523000,0.505,0.000,0.495
523500,0.517,0.000,0.483
524000,0.529,0.000,0.471
524500,0.421,0.000,0.579
525000,0.302,0.000,0.698
525500,0.382,0.000,0.618
526000,0.384,0.000,0.616
526500,0.310,0.000,0.690
527000,0.315,0.000,0.685
527500,0.427,0.000,0.573
528000,0.400,0.000,0.600
528500,0.454,0.000,0.546
529000,0.428,0.000,0.572
529500,0.287,0.000,0.713
530000,0.370,0.000,0.630
530500,0.411,0.000,0.589
531000,0.302,0.000,0.698
531500,0.284,0.000,0.716
532000,0.456,0.000,0.544
532500,0.344,0.000,0.656
533000,0.342,0.000,0.658
533500,0.442,0.000,0.558
534000,0.353,0.000,0.647
534500,0.325,0.000,0.675
535000,0.407,0.000,0.593
535500,0.361,0.000,0.639
536000,0.225,0.000,0.775
536500,0.270,0.000,0.730
537000,0.643,0.000,0.357
537500,0.619,0.000,0.381
538000,0.510,0.000,0.490
538500,0.385,0.000,0.615
539000,0.405,0.000,0.595
539500,0.283,0.000,0.717
540000,0.467,0.000,0.533
540500,0.367,0.000,0.633
541000,0.416,0.000,0.584
541500,0.357,0.000,0.643
542000,0.517,0.000,0.483
542500,0.395,0.000,0.605
543000,0.336,0.000,0.664
543500,0.408,0.000,0.592
544000,0.531,0.000,0.469
544500,0.383,0.000,0.617
545000,0.375,0.000,0.625
545500,0.291,0.000,0.709
546000,0.412,0.000,0.588
546500,0.350,0.000,0.650
547000,0.348,0.000,0.652
547500,0.430,0.000,0.570
548000,0.243,0.000,0.757
548500,0.324,0.000,0.676
549000,0.248,0.000,0.752
549500,0.259,0.000,0.741
550000,0.356,0.000,0.644
550500,0.349,0.000,0.651
551000,0.388,0.000,0.612
551500,0.357,0.000,0.643
552000,0.314,0.000,0.686
552500,0.291,0.000,0.709
553000,0.334,0.000,0.666
553500,0.335,0.000,0.665
554000,0.332,0.000,0.668
554500,0.524,0.000,0.476
555000,0.276,0.000,0.724
555500,0.299,0.000,0.701
556000,0.424,0.000,0.576
556500,0.318,0.001,0.681
557000,0.393,0.000,0.607
557500,0.571,0.000,0.429
558000,0.270,0.000,0.730
558500,0.300,0.000,0.700
559000,0.325,0.000,0.675
559500,0.453,0.000,0.547
560000,0.374,0.000,0.626
560500,0.305,0.000,0.695
561000,0.295,0.000,0.705
561500,0.283,0.000,0.717
562000,0.422,0.000,0.578
562500,0.522,0.000,0.478
563000,0.307,0.000,0.693
563500,0.307,0.000,0.693
564000,0.507,0.000,0.493
564500,0.302,0.000,0.698
565000,0.487,0.000,0.513
565500,0.374,0.000,0.626
566000,0.378,0.000,0.622
566500,0.428,0.000,0.572
567000,0.370,0.000,0.630
567500,0.499,0.000,0.501
568000,0.540,0.000,0.460
568500,0.441,0.000,0.559
569000,0.243,0.000,0.757
569500,0.332,0.000,0.668
570000,0.497,0.000,0.503
570500,0.388,0.000,0.612
571000,0.304,0.000,0.696
571500,0.288,0.000,0.712
572000,0.216,0.000,0.784
572500,0.302,0.000,0.698
573000,0.355,0.000,0.645
573500,0.474,0.000,0.526
574000,0.435,0.000,0.565
574500,0.484,0.000,0.516
575000,0.398,0.000,0.602
575500,0.424,0.000,0.576
576000,0.407,0.000,0.593
576500,0.307,0.000,0.693
577000,0.340,0.000,0.660
577500,0.262,0.000,0.738
578000,0.406,0.000,0.594
578500,0.432,0.000,0.568
579000,0.419,0.000,0.581
579500,0.288,0.000,0.712
580000,0.348,0.000,0.652
580500,0.306,0.000,0.694
581000,0.384,0.000,0.616
581500,0.412,0.000,0.588
582000,0.433,0.000,0.567
582500,0.262,0.000,0.738
583000,0.277,0.000,0.723
583500,0.346,0.000,0.654
584000,0.420,0.000,0.580
584500,0.302,0.000,0.698
585000,0.423,0.000,0.577
585500,0.323,0.000,0.677
586000,0.337,0.000,0.663
586500,0.321,0.000,0.679
587000,0.442,0.000,0.558
587500,0.496,0.000,0.504
588000,0.330,0.000,0.670
588500,0.298,0.000,0.702
589000,0.361,0.000,0.639
589500,0.541,0.000,0.459
590000,0.403,0.000,0.597
590500,0.446,0.000,0.554
591000,0.400,0.000,0.600
591500,0.398,0.000,0.602
592000,0.368,0.000,0.632
592500,0.337,0.000,0.663
593000,0.208,0.000,0.792
593500,0.252,0.000,0.748
594000,0.718,0.000,0.282
594500,0.369,0.000,0.631
595000,0.359,0.000,0.641
595500,0.336,0.000,0.664
596000,0.215,0.000,0.785
596500,0.466,0.000,0.534
597000,0.372,0.000,0.628
597500,0.406,0.000,0.594
598000,0.248,0.000,0.752
598500,0.347,0.000,0.653
599000,0.269,0.000,0.731
599500,0.350,0.000,0.650
600000,0.318,0.000,0.682
600500,0.333,0.000,0.667
601000,0.370,0.000,0.630
601500,0.411,0.000,0.589
602000,0.279,0.000,0.721
602500,0.339,0.000,0.661
603000,0.498,0.000,0.502
603500,0.365,0.000,0.635
604000,0.538,0.000,0.462
604500,0.427,0.000,0.573
605000,0.455,0.000,0.545
605500,0.426,0.000,0.574
606000,0.308,0.000,0.692
606500,0.265,0.000,0.735
607000,0.393,0.000,0.607
607500,0.304,0.000,0.696
608000,0.432,0.000,0.568
608500,0.464,0.000,0.536
609000,0.446,0.000,0.554
609500,0.263,0.000,0.737
610000,0.347,0.000,0.653
610500,0.394,0.000,0.606
611000,0.581,0.000,0.419
611500,0.393,0.000,0.607
612000,0.259,0.000,0.741
612500,0.436,0.000,0.564
613000,0.400,0.000,0.600
613500,0.436,0.000,0.564
614000,0.448,0.000,0.552
614500,0.360,0.000,0.640
615000,0.322,0.000,0.678
615500,0.537,0.000,0.463
616000,0.418,0.000,0.582
616500,0.375,0.000,0.625
617000,0.338,0.000,0.662
617500,0.208,0.000,0.792
618000,0.308,0.000,0.692
618500,0.287,0.000,0.713
619000,0.320,0.000,0.680
619500,0.383,0.000,0.617
620000,0.421,0.000,0.579
620500,0.452,0.000,0.548
621000,0.329,0.000,0.671
621500,0.363,0.000,0.637
622000,0.305,0.000,0.695
622500,0.323,0.000,0.677
623000,0.279,0.000,0.721
623500,0.432,0.000,0.568
624000,0.453,0.000,0.547
624500,0.403,0.000,0.597
625000,0.344,0.000,0.656
625500,0.356,0.000,0.644
626000,0.595,0.000,0.405
626500,0.523,0.000,0.477
627000,0.467,0.000,0.533
627500,0.469,0.000,0.531
628000,0.541,0.000,0.459
628500,0.245,0.000,0.755
629000,0.304,0.000,0.696
629500,0.402,0.000,0.598
630000,0.292,0.000,0.708
630500,0.442,0.000,0.558
631000,0.434,0.000,0.566
631500,0.416,0.000,0.584
632000,0.371,0.000,0.629
632500,0.413,0.000,0.587
633000,0.341,0.000,0.659
633500,0.385,0.000,0.615
634000,0.488,0.000,0.512
634500,0.338,0.000,0.662
635000,0.403,0.000,0.597
635500,0.344,0.000,0.656
636000,0.550,0.000,0.450
636500,0.355,0.000,0.645
637000,0.315,0.000,0.685
637500,0.331,0.000,0.669
638000,0.475,0.000,0.525
638500,0.384,0.000,0.616
639000,0.404,0.000,0.596
639500,0.411,0.000,0.589
640000,0.430,0.000,0.570
640500,0.470,0.000,0.530
641000,0.298,0.000,0.702
641500,0.401,0.000,0.599
642000,0.320,0.000,0.680
642500,0.346,0.000,0.654
643000,0.458,0.000,0.542
643500,0.348,0.000,0.652
644000,0.293,0.000,0.707
644500,0.410,0.000,0.590
645000,0.346,0.000,0.654
645500,0.479,0.000,0.521
646000,0.271,0.000,0.729
646500,0.348,0.000,0.652
647000,0.185,0.000,0.815
647500,0.250,0.000,0.750
648000,0.509,0.000,0.491
648500,0.468,0.000,0.532
649000,0.273,0.000,0.727
649500,0.363,0.000,0.637
650000,0.190,0.000,0.810
650500,0.366,0.000,0.634
651000,0.339,0.000,0.661
651500,0.496,0.000,0.504
652000,0.298,0.000,0.702
652500,0.479,0.000,0.521
653000,0.434,0.000,0.566
653500,0.250,0.000,0.750
654000,0.512,0.000,0.488
654500,0.330,0.000,0.670
655000,0.383,0.000,0.617
655500,0.285,0.000,0.715
656000,0.353,0.000,0.647
656500,0.480,0.000,0.520
657000,0.391,0.000,0.609
657500,0.285,0.000,0.715
658000,0.311,0.000,0.689
658500,0.245,0.000,0.755
659000,0.438,0.000,0.562
659500,0.388,0.000,0.612
660000,0.387,0.000,0.613
660500,0.338,0.000,0.662
661000,0.405,0.000,0.595
661500,0.287,0.000,0.713
662000,0.390,0.000,0.610
662500,0.397,0.000,0.603
663000,0.451,0.000,0.549
663500,0.233,0.000,0.767
664000,0.316,0.000,0.684
664500,0.545,0.000,0.455
665000,0.314,0.000,0.686
665500,0.477,0.000,0.523
666000,0.477,0.000,0.523
666500,0.382,0.000,0.618
667000,0.453,0.000,0.547
667500,0.378,0.000,0.622
668000,0.392,0.000,0.608
668500,0.427,0.000,0.573
669000,0.261,0.000,0.739
669500,0.452,0.000,0.548
670000,0.435,0.000,0.565
670500,0.350,0.000,0.650
671000,0.180,0.000,0.820
671500,0.384,0.000,0.616
672000,0.397,0.000,0.603
672500,0.402,0.000,0.598
673000,0.380,0.000,0.620
673500,0.448,0.000,0.552
674000,0.353,0.000,0.647
674500,0.444,0.000,0.556
675000,0.362,0.000,0.638
675500,0.379,0.000,0.621
676000,0.513,0.000,0.487
676500,0.273,0.000,0.727
677000,0.346,0.000,0.654
677500,0.282,0.000,0.718
678000,0.495,0.000,0.505
678500,0.451,0.000,0.549
679000,0.226,0.000,0.774
679500,0.350,0.000,0.650
680000,0.344,0.000,0.656
680500,0.415,0.000,0.585
681000,0.326,0.000,0.674
681500,0.499,0.000,0.501
682000,0.486,0.000,0.514
682500,0.250,0.000,0.750
683000,0.407,0.000,0.593
683500,0.296,0.000,0.704
684000,0.454,0.000,0.546
684500,0.384,0.000,0.616
685000,0.391,0.000,0.609
685500,0.277,0.000,0.723
686000,0.378,0.000,0.622
686500,0.252,0.000,0.748
687000,0.434,0.000,0.566
687500,0.513,0.000,0.487
688000,0.538,0.000,0.462
688500,0.361,0.000,0.639
689000,0.218,0.000,0.782
689500,0.446,0.000,0.554
690000,0.363,0.000,0.637
690500,0.465,0.000,0.535
691000,0.364,0.000,0.636
691500,0.517,0.000,0.483
692000,0.234,0.000,0.766
692500,0.420,0.000,0.580
693000,0.434,0.000,0.566
693500,0.340,0.000,0.660
694000,0.345,0.000,0.655
694500,0.302,0.000,0.698
695000,0.410,0.000,0.590
695500,0.451,0.000,0.549
696000,0.416,0.000,0.584
696500,0.373,0.000,0.627
697000,0.357,0.000,0.643
697500,0.556,0.000,0.444
698000,0.261,0.000,0.739
698500,0.204,0.000,0.796
699000,0.442,0.000,0.558
699500,0.251,0.000,0.749
700000,0.315,0.000,0.685
700500,0.385,0.000,0.615
701000,0.319,0.000,0.681
701500,0.402,0.000,0.598
702000,0.445,0.000,0.555
702500,0.518,0.000,0.482
703000,0.368,0.000,0.632
703500,0.496,0.000,0.504
704000,0.331,0.000,0.669
704500,0.368,0.000,0.632
705000,0.448,0.000,0.552
705500,0.391,0.000,0.609
706000,0.388,0.000,0.612
706500,0.408,0.000,0.592
707000,0.403,0.000,0.597
707500,0.442,0.000,0.558
708000,0.268,0.000,0.732
708500,0.333,0.000,0.667
709000,0.356,0.000,0.644
709500,0.375,0.000,0.625
710000,0.359,0.000,0.641
710500,0.315,0.000,0.685
711000,0.438,0.000,0.562
711500,0.497,0.000,0.503
712000,0.531,0.000,0.469
712500,0.533,0.000,0.467
713000,0.552,0.000,0.448
713500,0.496,0.000,0.504
714000,0.275,0.000,0.725
714500,0.308,0.000,0.692
715000,0.500,0.000,0.500
715500,0.311,0.000,0.689
716000,0.343,0.000,0.657
716500,0.305,0.000,0.695
717000,0.466,0.000,0.534
717500,0.225,0.000,0.775
718000,0.679,0.000,0.321
718500,0.426,0.000,0.574
719000,0.466,0.000,0.534
719500,0.354,0.000,0.646
720000,0.426,0.000,0.574
720500,0.270,0.001,0.729
721000,0.439,0.000,0.561
721500,0.265,0.000,0.735
722000,0.434,0.000,0.566
722500,0.519,0.000,0.481
723000,0.409,0.000,0.591
723500,0.468,0.000,0.532
724000,0.446,0.000,0.554
724500,0.344,0.000,0.656
725000,0.421,0.000,0.579
725500,0.421,0.000,0.579
726000,0.429,0.000,0.571
726500,0.403,0.000,0.597
727000,0.360,0.000,0.640
727500,0.471,0.000,0.529
728000,0.395,0.000,0.605
728500,0.431,0.000,0.569
729000,0.429,0.000,0.571
729500,0.319,0.000,0.681
730000,0.244,0.000,0.756
730500,0.443,0.000,0.557
731000,0.401,0.000,0.599
731500,0.468,0.000,0.532
732000,0.206,0.000,0.794
732500,0.311,0.000,0.689
733000,0.738,0.000,0.262
733500,0.738,0.000,0.262
734000,0.387,0.000,0.613
734500,0.414,0.000,0.586
735000,0.404,0.000,0.596
735500,0.411,0.000,0.589
736000,0.319,0.000,0.681
736500,0.314,0.000,0.686
737000,0.296,0.000,0.704
737500,0.353,0.000,0.647
738000,0.249,0.000,0.751
738500,0.275,0.000,0.725
739000,0.289,0.000,0.711
739500,0.407,0.000,0.593
740000,0.339,0.000,0.661
740500,0.328,0.000,0.672
741000,0.370,0.000,0.630
741500,0.450,0.000,0.550
742000,0.309,0.000,0.691
742500,0.326,0.000,0.674
743000,0.276,0.000,0.724
743500,0.302,0.000,0.698
744000,0.512,0.000,0.488
744500,0.487,0.000,0.513
745000,0.325,0.000,0.675
745500,0.436,0.000,0.564
746000,0.464,0.000,0.536
746500,0.332,0.000,0.668
747000,0.422,0.000,0.578
747500,0.353,0.000,0.647
748000,0.261,0.000,0.739
748500,0.443,0.000,0.557
749000,0.394,0.000,0.606
749500,0.288,0.000,0.712
750000,0.263,0.000,0.737
750500,0.405,0.000,0.595
751000,0.220,0.000,0.780
751500,0.448,0.000,0.552
752000,0.325,0.000,0.675
752500,0.326,0.000,0.674
753000,0.283,0.000,0.717
753500,0.299,0.000,0.701
754000,0.309,0.000,0.691
754500,0.427,0.000,0.573
755000,0.264,0.000,0.736
755500,0.352,0.000,0.648
756000,0.369,0.000,0.631
756500,0.354,0.000,0.646
757000,0.264,0.000,0.736
757500,0.269,0.000,0.731
758000,0.453,0.000,0.547
758500,0.178,0.000,0.822
759000,0.314,0.000,0.686
759500,0.551,0.000,0.449
760000,0.312,0.000,0.688
760500,0.515,0.000,0.485
761000,0.383,0.000,0.617
761500,0.316,0.000,0.684
762000,0.331,0.000,0.669
762500,0.279,0.000,0.721
763000,0.321,0.000,0.679
763500,0.314,0.000,0.686
764000,0.314,0.000,0.686
764500,0.277,0.000,0.723
765000,0.310,0.000,0.690
765500,0.452,0.000,0.548
766000,0.294,0.000,0.706
766500,0.225,0.000,0.775
767000,0.384,0.000,0.616
767500,0.351,0.000,0.649
768000,0.311,0.000,0.689
768500,0.310,0.000,0.690
769000,0.276,0.000,0.724
769500,0.312,0.000,0.688
770000,0.301,0.000,0.699
770500,0.295,0.000,0.705
771000,0.396,0.000,0.604
771500,0.374,0.000,0.626
772000,0.267,0.000,0.733
772500,0.403,0.000,0.597
773000,0.347,0.000,0.653
773500,0.325,0.000,0.675
774000,0.221,0.000,0.779
774500,0.361,0.000,0.639
775000,0.213,0.000,0.787
775500,0.220,0.000,0.780
776000,0.375,0.000,0.625
776500,0.528,0.000,0.472
777000,0.332,0.000,0.668
777500,0.255,0.000,0.745
778000,0.555,0.000,0.445
778500,0.596,0.000,0.404
779000,0.377,0.000,0.623
779500,0.387,0.000,0.613
780000,0.369,0.000,0.631
780500,0.511,0.000,0.489
781000,0.358,0.000,0.642
781500,0.417,0.000,0.583
782000,0.425,0.000,0.575
782500,0.495,0.000,0.505
783000,0.318,0.000,0.682
783500,0.250,0.000,0.750
784000,0.218,0.000,0.782
784500,0.395,0.000,0.605
785000,0.405,0.000,0.595
785500,0.521,0.000,0.479
786000,0.394,0.000,0.606
786500,0.500,0.000,0.500
787000,0.225,0.000,0.775
787500,0.347,0.000,0.653
788000,0.279,0.000,0.721
788500,0.480,0.000,0.520
789000,0.400,0.000,0.600
789500,0.306,0.000,0.694
790000,0.300,0.000,0.700
790500,0.290,0.000,0.710
791000,0.372,0.000,0.628
791500,0.309,0.000,0.691
792000,0.325,0.000,0.675
792500,0.301,0.000,0.699
793000,0.293,0.000,0.707
793500,0.328,0.000,0.672
794000,0.333,0.000,0.667
794500,0.316,0.000,0.684
795000,0.256,0.000,0.744
795500,0.207,0.000,0.793
796000,0.465,0.000,0.535
796500,0.246,0.000,0.754
797000,0.326,0.000,0.674
797500,0.363,0.000,0.637
798000,0.295,0.000,0.705
798500,0.466,0.000,0.534
799000,0.387,0.000,0.613
799500,0.424,0.000,0.576
800000,0.620,0.000,0.380
800500,0.419,0.000,0.581
801000,0.525,0.000,0.475
801500,0.421,0.000,0.579
802000,0.283,0.000,0.717
802500,0.393,0.000,0.607
803000,0.446,0.000,0.554
803500,0.225,0.000,0.775
804000,0.356,0.000,0.644
804500,0.320,0.000,0.680
805000,0.312,0.000,0.688
805500,0.349,0.000,0.651
806000,0.481,0.000,0.519
806500,0.344,0.000,0.656
807000,0.363,0.000,0.637
807500,0.394,0.000,0.606
808000,0.386,0.000,0.614
808500,0.317,0.000,0.683
809000,0.451,0.000,0.549
809500,0.361,0.000,0.639
810000,0.288,0.000,0.712
810500,0.382,0.000,0.618
811000,0.264,0.000,0.736
811500,0.232,0.000,0.768
812000,0.438,0.000,0.562
812500,0.366,0.000,0.634
813000,0.271,0.000,0.729
813500,0.336,0.000,0.664
814000,0.313,0.000,0.687
814500,0.382,0.001,0.617
815000,0.254,0.000,0.746
815500,0.333,0.000,0.667
816000,0.320,0.000,0.680
816500,0.206,0.000,0.794
817000,0.254,0.000,0.746
817500,0.357,0.000,0.643
818000,0.397,0.000,0.603
818500,0.585,0.000,0.415
819000,0.440,0.000,0.560
819500,0.411,0.000,0.589
820000,0.455,0.000,0.545
820500,0.529,0.000,0.471
821000,0.296,0.000,0.704
821500,0.419,0.000,0.581
822000,0.332,0.000,0.668
822500,0.253,0.000,0.747
823000,0.436,0.000,0.564
823500,0.333,0.000,0.667
824000,0.270,0.000,0.730
824500,0.428,0.000,0.572
825000,0.284,0.000,0.716
825500,0.394,0.000,0.606
826000,0.389,0.000,0.611
826500,0.515,0.000,0.485
827000,0.316,0.000,0.684
827500,0.494,0.000,0.506
828000,0.364,0.000,0.636
828500,0.499,0.000,0.501
829000,0.333,0.000,0.667
829500,0.455,0.000,0.545
830000,0.381,0.000,0.619
830500,0.541,0.000,0.459
831000,0.361,0.000,0.639
831500,0.503,0.000,0.497
832000,0.376,0.000,0.624
832500,0.321,0.000,0.679
833000,0.412,0.000,0.588
833500,0.434,0.000,0.566
834000,0.383,0.000,0.617
834500,0.359,0.000,0.641
835000,0.295,0.000,0.705
835500,0.350,0.000,0.650
836000,0.298,0.000,0.702
836500,0.280,0.000,0.720
837000,0.468,0.000,0.532
837500,0.326,0.000,0.674
838000,0.299,0.000,0.701
838500,0.217,0.000,0.783
839000,0.156,0.000,0.844
839500,0.311,0.000,0.689
840000,0.345,0.000,0.655
840500,0.261,0.000,0.739
841000,0.440,0.000,0.560
841500,0.366,0.000,0.634
842000,0.329,0.000,0.671
842500,0.320,0.000,0.680
843000,0.482,0.000,0.518
843500,0.415,0.000,0.585
844000,0.461,0.000,0.539
844500,0.364,0.000,0.636
845000,0.435,0.000,0.565
845500,0.509,0.000,0.491
846000,0.380,0.000,0.620
846500,0.361,0.000,0.639
847000,0.590,0.000,0.410
847500,0.382,0.000,0.618
848000,0.584,0.000,0.416
848500,0.292,0.000,0.708
849000,0.428,0.000,0.572
849500,0.325,0.000,0.675
850000,0.272,0.000,0.728
850500,0.354,0.000,0.646
851000,0.269,0.000,0.731
851500,0.473,0.000,0.527
852000,0.235,0.000,0.765
852500,0.439,0.000,0.561
853000,0.374,0.000,0.626
853500,0.309,0.000,0.691
854000,0.485,0.000,0.515
854500,0.294,0.000,0.706
855000,0.261,0.000,0.739
855500,0.256,0.000,0.744
856000,0.231,0.000,0.769
856500,0.278,0.000,0.722
857000,0.295,0.000,0.705
857500,0.497,0.000,0.503
858000,0.447,0.000,0.553
858500,0.232,0.000,0.768
859000,0.407,0.000,0.593
859500,0.338,0.000,0.662
860000,0.335,0.000,0.665
860500,0.323,0.000,0.677
861000,0.325,0.000,0.675
861500,0.426,0.000,0.574
862000,0.466,0.000,0.534
862500,0.474,0.000,0.526
863000,0.439,0.000,0.561
863500,0.369,0.000,0.631
864000,0.323,0.000,0.677
864500,0.457,0.000,0.543
865000,0.361,0.000,0.639
865500,0.334,0.000,0.666
866000,0.416,0.000,0.584
866500,0.354,0.000,0.646
867000,0.415,0.000,0.585
867500,0.349,0.000,0.651
868000,0.340,0.000,0.660
868500,0.251,0.000,0.749
869000,0.226,0.000,0.774
869500,0.238,0.000,0.762
870000,0.377,0.000,0.623
870500,0.387,0.000,0.613
871000,0.279,0.000,0.721
871500,0.327,0.000,0.673
872000,0.386,0.000,0.614
872500,0.392,0.000,0.608
873000,0.329,0.000,0.671
873500,0.323,0.000,0.677
874000,0.393,0.000,0.607
874500,0.317,0.000,0.683
875000,0.411,0.000,0.589
875500,0.237,0.000,0.763
876000,0.233,0.000,0.767
876500,0.384,0.000,0.616
877000,0.329,0.000,0.671
877500,0.384,0.000,0.616
878000,0.397,0.000,0.603
878500,0.286,0.000,0.714
879000,0.399,0.000,0.601
879500,0.436,0.000,0.564
880000,0.303,0.000,0.697
880500,0.463,0.000,0.537
881000,0.250,0.000,0.750
881500,0.403,0.000,0.597
882000,0.539,0.000,0.461
882500,0.516,0.000,0.484
883000,0.393,0.000,0.607
883500,0.350,0.000,0.650
884000,0.400,0.000,0.600
884500,0.321,0.000,0.679
885000,0.447,0.000,0.553
885500,0.299,0.000,0.701
886000,0.347,0.000,0.653
886500,0.387,0.000,0.613
887000,0.252,0.000,0.748
887500,0.426,0.000,0.574
888000,0.374,0.000,0.626
888500,0.316,0.000,0.684
889000,0.276,0.000,0.724
889500,0.378,0.000,0.622
890000,0.332,0.000,0.668
890500,0.546,0.000,0.454
891000,0.492,0.000,0.508
891500,0.289,0.000,0.711
892000,0.569,0.000,0.431
892500,0.411,0.000,0.589
893000,0.277,0.000,0.723
893500,0.347,0.000,0.653
894000,0.216,0.000,0.784
894500,0.287,0.000,0.713
895000,0.463,0.000,0.537
895500,0.306,0.000,0.694
896000,0.261,0.000,0.739
896500,0.311,0.000,0.689
897000,0.405,0.000,0.595
897500,0.315,0.000,0.685
898000,0.487,0.000,0.513
898500,0.397,0.000,0.603
899000,0.528,0.000,0.472
899500,0.414,0.000,0.586
900000,0.472,0.000,0.528
900500,0.357,0.000,0.643
901000,0.437,0.000,0.563
901500,0.355,0.000,0.645
902000,0.527,0.000,0.473
902500,0.427,0.000,0.573
903000,0.356,0.000,0.644
903500,0.384,0.000,0.616
904000,0.621,0.000,0.379
904500,0.570,0.000,0.430
905000,0.430,0.000,0.570
905500,0.346,0.000,0.654
906000,0.455,0.000,0.545
906500,0.521,0.000,0.479
907000,0.466,0.000,0.534
907500,0.328,0.000,0.672
908000,0.363,0.000,0.637
908500,0.442,0.000,0.558
909000,0.501,0.000,0.499
909500,0.463,0.000,0.537
910000,0.543,0.000,0.457
910500,0.459,0.000,0.541
911000,0.460,0.000,0.540
911500,0.292,0.000,0.708
912000,0.503,0.000,0.497
912500,0.417,0.000,0.583
913000,0.561,0.000,0.439
913500,0.346,0.000,0.654
914000,0.337,0.000,0.663
914500,0.290,0.000,0.710
915000,0.397,0.000,0.603
915500,0.327,0.000,0.673
916000,0.280,0.000,0.720
916500,0.311,0.000,0.689
917000,0.404,0.000,0.596
917500,0.265,0.000,0.735
918000,0.384,0.000,0.616
918500,0.373,0.000,0.627
919000,0.464,0.000,0.536
919500,0.428,0.000,0.572
920000,0.475,0.000,0.525
920500,0.421,0.000,0.579
921000,0.213,0.000,0.787
921500,0.461,0.000,0.539
922000,0.345,0.000,0.655
922500,0.292,0.000,0.708
923000,0.565,0.000,0.435
923500,0.409,0.000,0.591
924000,0.431,0.000,0.569
924500,0.356,0.000,0.644
925000,0.280,0.000,0.720
925500,0.290,0.000,0.710
926000,0.413,0.000,0.587
926500,0.448,0.000,0.552
927000,0.386,0.000,0.614
927500,0.298,0.000,0.702
928000,0.420,0.000,0.580
928500,0.384,0.000,0.616
929000,0.396,0.000,0.604
929500,0.271,0.000,0.729
930000,0.203,0.000,0.797
930500,0.424,0.000,0.576
931000,0.322,0.000,0.678
931500,0.396,0.000,0.604
932000,0.438,0.000,0.562
932500,0.432,0.000,0.568
933000,0.338,0.000,0.662
933500,0.435,0.000,0.565
934000,0.375,0.000,0.625
934500,0.316,0.000,0.684
935000,0.449,0.000,0.551
935500,0.343,0.000,0.657
936000,0.379,0.000,0.621
936500,0.354,0.000,0.646
937000,0.365,0.000,0.635
937500,0.308,0.000,0.692
938000,0.401,0.000,0.599
938500,0.411,0.000,0.589
939000,0.326,0.000,0.674
939500,0.420,0.000,0.580
940000,0.283,0.000,0.717
940500,0.383,0.000,0.617
941000,0.227,0.000,0.773
941500,0.348,0.000,0.652
942000,0.325,0.000,0.675
942500,0.429,0.000,0.571
943000,0.341,0.000,0.659
943500,0.396,0.000,0.604
944000,0.426,0.000,0.574
944500,0.374,0.000,0.626
945000,0.321,0.000,0.679
945500,0.383,0.000,0.617
946000,0.301,0.000,0.699
946500,0.392,0.000,0.608
947000,0.199,0.000,0.801
947500,0.399,0.000,0.601
948000,0.329,0.000,0.671
948500,0.345,0.000,0.655
949000,0.326,0.000,0.674
949500,0.225,0.018,0.757
950000,0.273,0.000,0.727
950500,0.229,0.000,0.771
951000,0.301,0.000,0.699
951500,0.336,0.000,0.664
952000,0.521,0.000,0.479
952500,0.461,0.000,0.539
953000,0.339,0.000,0.661
953500,0.284,0.000,0.716
954000,0.409,0.000,0.591
954500,0.423,0.000,0.577
955000,0.486,0.000,0.514
955500,0.399,0.000,0.601
956000,0.443,0.000,0.557
956500,0.313,0.000,0.687
957000,0.360,0.000,0.640
957500,0.509,0.000,0.491
958000,0.394,0.000,0.606
958500,0.326,0.000,0.674
959000,0.327,0.000,0.673
959500,0.475,0.000,0.525
960000,0.449,0.000,0.551
960500,0.318,0.000,0.682
961000,0.421,0.000,0.579
961500,0.280,0.000,0.720
962000,0.464,0.000,0.536
962500,0.461,0.000,0.539
963000,0.360,0.000,0.640
963500,0.477,0.000,0.523
964000,0.483,0.000,0.517
964500,0.531,0.000,0.469
965000,0.326,0.000,0.674
965500,0.439,0.000,0.561
966000,0.348,0.000,0.652
966500,0.279,0.000,0.721
967000,0.374,0.000,0.626
967500,0.319,0.000,0.681
968000,0.522,0.000,0.478
968500,0.536,0.000,0.464
969000,0.405,0.000,0.595
969500,0.692,0.000,0.308
970000,0.470,0.000,0.530
970500,0.604,0.000,0.396
971000,0.373,0.000,0.627
971500,0.328,0.000,0.672
972000,0.402,0.000,0.598
972500,0.487,0.000,0.513
973000,0.438,0.000,0.562
973500,0.373,0.000,0.627
974000,0.367,0.000,0.633
974500,0.240,0.000,0.760
975000,0.424,0.000,0.576
975500,0.439,0.000,0.561
976000,0.352,0.000,0.648
976500,0.329,0.000,0.671
977000,0.345,0.000,0.655
977500,0.254,0.000,0.746
978000,0.385,0.000,0.615
978500,0.406,0.000,0.594
979000,0.305,0.000,0.695
979500,0.350,0.000,0.650
980000,0.398,0.000,0.602
980500,0.297,0.000,0.703
981000,0.409,0.000,0.591
981500,0.504,0.000,0.496
982000,0.415,0.000,0.585
982500,0.367,0.000,0.633
983000,0.441,0.000,0.559
983500,0.326,0.000,0.674
984000,0.526,0.000,0.474
984500,0.420,0.000,0.580
985000,0.446,0.000,0.554
985500,0.500,0.000,0.500
986000,0.344,0.000,0.656
986500,0.461,0.000,0.539
987000,0.279,0.000,0.721
987500,0.406,0.000,0.594
988000,0.326,0.000,0.674
988500,0.315,0.000,0.685
989000,0.342,0.000,0.658
989500,0.240,0.000,0.760
990000,0.402,0.000,0.598
990500,0.396,0.000,0.604
991000,0.408,0.000,0.592
991500,0.297,0.000,0.703
992000,0.395,0.000,0.605
992500,0.441,0.000,0.559
993000,0.295,0.000,0.705
993500,0.247,0.000,0.753
994000,0.322,0.000,0.678
994500,0.412,0.000,0.588
995000,0.399,0.000,0.601
995500,0.630,0.000,0.370
996000,0.431,0.000,0.569
996500,0.384,0.000,0.616
997000,0.292,0.000,0.708
997500,0.400,0.000,0.600
998000,0.342,0.000,0.658
998500,0.353,0.000,0.647
999000,0.233,0.000,0.767
999500,0.512,0.000,0.488
1000000,0.555,0.000,0.445
