time,n_A+p,n_B,n_AB
500,0.010,0.946,0.044
1000,0.010,0.981,0.009
1500,0.010,0.984,0.006
2000,0.010,0.952,0.038
2500,0.010,0.975,0.015
3000,0.010,0.954,0.036
3500,0.010,0.977,0.013
4000,0.010,0.989,0.001
4500,0.010,0.990,0.000
5000,0.010,0.965,0.025
5500,0.010,0.990,0.000
6000,0.010,0.875,0.115
6500,0.010,0.727,0.263
7000,0.010,0.970,0.020
7500,0.010,0.983,0.007
8000,0.010,0.951,0.039
8500,0.010,0.976,0.014
9000,0.010,0.970,0.020
9500,0.010,0.908,0.082
10000,0.010,0.988,0.002
10500,0.010,0.951,0.039
11000,0.010,0.894,0.096
11500,0.010,0.798,0.192
12000,0.010,0.990,0.000
12500,0.010,0.938,0.052
13000,0.010,0.878,0.112
13500,0.010,0.911,0.079
14000,0.010,0.988,0.002
14500,0.010,0.988,0.002
15000,0.010,0.977,0.013
15500,0.010,0.909,0.081
16000,0.010,0.989,0.001
16500,0.010,0.874,0.116
17000,0.010,0.979,0.011
17500,0.010,0.980,0.010
18000,0.010,0.924,0.066
18500,0.010,0.965,0.025
19000,0.010,0.960,0.030
19500,0.010,0.889,0.101
20000,0.010,0.956,0.034
20500,0.010,0.967,0.023
21000,0.010,0.984,0.006
21500,0.010,0.977,0.013
22000,0.010,0.957,0.033
22500,0.010,0.905,0.085
23000,0.010,0.987,0.003
23500,0.010,0.953,0.037
24000,0.010,0.899,0.091
24500,0.010,0.990,0.000
25000,0.010,0.715,0.275
25500,0.010,0.961,0.029
26000,0.010,0.973,0.017
26500,0.010,0.973,0.017
27000,0.010,0.921,0.069
27500,0.010,0.880,0.110
28000,0.010,0.976,0.014
28500,0.010,0.960,0.030
29000,0.010,0.988,0.002
29500,0.010,0.990,0.000
30000,0.010,0.953,0.037
30500,0.010,0.986,0.004
31000,0.010,0.956,0.034
31500,0.010,0.951,0.039
32000,0.010,0.941,0.049
32500,0.010,0.990,0.000
33000,0.010,0.885,0.105
33500,0.010,0.951,0.039
34000,0.010,0.928,0.062
34500,0.010,0.989,0.001
35000,0.010,0.928,0.062
35500,0.010,0.987,0.003
36000,0.010,0.912,0.078
36500,0.010,0.983,0.007
37000,0.010,0.968,0.022
37500,0.010,0.748,0.242
38000,0.010,0.929,0.061
38500,0.010,0.990,0.000
39000,0.010,0.983,0.007
39500,0.010,0.910,0.080
40000,0.010,0.901,0.089
40500,0.010,0.975,0.015
41000,0.010,0.972,0.018
41500,0.010,0.978,0.012
42000,0.010,0.984,0.006
42500,0.010,0.984,0.006
43000,0.010,0.915,0.075
43500,0.010,0.990,0.000
44000,0.010,0.883,0.107
44500,0.010,0.800,0.190
45000,0.010,0.940,0.050
45500,0.010,0.989,0.001
46000,0.010,0.970,0.020
46500,0.010,0.973,0.017
47000,0.010,0.945,0.045
47500,0.010,0.964,0.026
48000,0.010,0.914,0.076
48500,0.010,0.881,0.109
49000,0.010,0.932,0.058
49500,0.010,0.949,0.041
50000,0.010,0.972,0.018
50500,0.010,0.945,0.045
51000,0.010,0.964,0.026
51500,0.010,0.940,0.050
52000,0.010,0.952,0.038
52500,0.010,0.934,0.056
53000,0.010,0.952,0.038
53500,0.010,0.990,0.000
54000,0.010,0.963,0.027
54500,0.010,0.924,0.066
55000,0.010,0.989,0.001
55500,0.010,0.946,0.044
56000,0.010,0.989,0.001
56500,0.010,0.990,0.000
57000,0.010,0.962,0.028
57500,0.010,0.949,0.041
58000,0.010,0.836,0.154
58500,0.010,0.990,0.000
59000,0.010,0.968,0.022
59500,0.010,0.944,0.046
60000,0.010,0.956,0.034
60500,0.010,0.873,0.117
61000,0.010,0.938,0.052
61500,0.010,0.958,0.032
62000,0.010,0.813,0.177
62500,0.010,0.959,0.031
63000,0.010,0.963,0.027
63500,0.010,0.990,0.000
64000,0.010,0.955,0.035
64500,0.010,0.914,0.076
65000,0.010,0.986,0.004
65500,0.010,0.949,0.041
66000,0.010,0.961,0.029
66500,0.010,0.932,0.058
67000,0.010,0.953,0.037
67500,0.010,0.968,0.022
68000,0.010,0.990,0.000
68500,0.010,0.960,0.030
69000,0.010,0.927,0.063
69500,0.010,0.988,0.002
70000,0.010,0.981,0.009
70500,0.010,0.940,0.050
71000,0.010,0.990,0.000
71500,0.010,0.850,0.140
72000,0.010,0.842,0.148
72500,0.010,0.981,0.009
73000,0.010,0.935,0.055
73500,0.010,0.982,0.008
74000,0.010,0.932,0.058
74500,0.010,0.983,0.007
75000,0.010,0.987,0.003
75500,0.010,0.962,0.028
76000,0.010,0.968,0.022
76500,0.010,0.952,0.038
77000,0.010,0.974,0.016
77500,0.010,0.990,0.000
78000,0.010,0.931,0.059
78500,0.010,0.902,0.088
79000,0.010,0.982,0.008
79500,0.010,0.989,0.001
80000,0.010,0.989,0.001
80500,0.010,0.949,0.041
81000,0.010,0.967,0.023
81500,0.010,0.986,0.004
82000,0.010,0.964,0.026
82500,0.010,0.940,0.050
83000,0.010,0.902,0.088
83500,0.010,0.947,0.043
84000,0.010,0.931,0.059
84500,0.010,0.905,0.085
85000,0.010,0.988,0.002
85500,0.010,0.973,0.017
86000,0.010,0.990,0.000
86500,0.010,0.955,0.035
87000,0.010,0.975,0.015
87500,0.010,0.973,0.017
88000,0.010,0.926,0.064
88500,0.010,0.985,0.005
89000,0.010,0.961,0.029
89500,0.010,0.950,0.040
90000,0.010,0.939,0.051
90500,0.010,0.939,0.051
91000,0.010,0.923,0.067
91500,0.010,0.973,0.017
92000,0.010,0.987,0.003
92500,0.010,0.981,0.009
93000,0.010,0.958,0.032
93500,0.010,0.978,0.012
94000,0.010,0.925,0.065
94500,0.010,0.985,0.005
95000,0.010,0.932,0.058
95500,0.010,0.901,0.089
96000,0.010,0.960,0.030
96500,0.010,0.990,0.000
97000,0.010,0.956,0.034
97500,0.010,0.957,0.033
98000,0.010,0.920,0.070
98500,0.010,0.940,0.050
99000,0.010,0.980,0.010
99500,0.010,0.969,0.021
100000,0.010,0.944,0.046
100500,0.010,0.912,0.078
101000,0.010,0.979,0.011
101500,0.010,0.922,0.068
102000,0.010,0.984,0.006
102500,0.010,0.990,0.000
103000,0.010,0.973,0.017
103500,0.010,0.988,0.002
104000,0.010,0.756,0.234
104500,0.010,0.923,0.067
105000,0.010,0.889,0.101
105500,0.010,0.980,0.010
106000,0.010,0.990,0.000
106500,0.010,0.985,0.005
107000,0.010,0.965,0.025
107500,0.010,0.952,0.038
108000,0.010,0.974,0.016
108500,0.010,0.890,0.100
109000,0.010,0.898,0.092
109500,0.010,0.989,0.001
110000,0.010,0.943,0.047
110500,0.010,0.990,0.000
111000,0.010,0.958,0.032
111500,0.010,0.970,0.020
112000,0.010,0.924,0.066
112500,0.010,0.954,0.036
113000,0.010,0.973,0.017
113500,0.010,0.939,0.051
114000,0.010,0.941,0.049
114500,0.010,0.977,0.013
115000,0.010,0.978,0.012
115500,0.010,0.878,0.112
116000,0.010,0.946,0.044
116500,0.010,0.949,0.041
117000,0.010,0.929,0.061
117500,0.010,0.854,0.136
118000,0.010,0.963,0.027
118500,0.010,0.976,0.014
119000,0.010,0.972,0.018
119500,0.010,0.978,0.012
120000,0.010,0.989,0.001
120500,0.010,0.988,0.002
121000,0.010,0.860,0.130
121500,0.010,0.979,0.011
122000,0.010,0.949,0.041
122500,0.010,0.985,0.005
123000,0.010,0.985,0.005
123500,0.010,0.841,0.149
124000,0.010,0.936,0.054
124500,0.010,0.920,0.070
125000,0.010,0.974,0.016
125500,0.010,0.976,0.014
126000,0.010,0.952,0.038
126500,0.010,0.960,0.030
127000,0.010,0.988,0.002
127500,0.010,0.932,0.058
128000,0.010,0.926,0.064
128500,0.010,0.989,0.001
129000,0.010,0.989,0.001
129500,0.010,0.969,0.021
130000,0.010,0.969,0.021
130500,0.010,0.955,0.035
131000,0.010,0.895,0.095
131500,0.010,0.950,0.040
132000,0.010,0.960,0.030
132500,0.010,0.961,0.029
133000,0.010,0.923,0.067
133500,0.010,0.963,0.027
134000,0.010,0.990,0.000
134500,0.010,0.981,0.009
135000,0.010,0.947,0.043
135500,0.010,0.785,0.205
136000,0.010,0.939,0.051
136500,0.010,0.990,0.000
137000,0.010,0.957,0.033
137500,0.010,0.947,0.043
138000,0.010,0.954,0.036
138500,0.010,0.983,0.007
139000,0.010,0.846,0.144
139500,0.010,0.848,0.142
140000,0.010,0.940,0.050
140500,0.010,0.989,0.001
141000,0.010,0.989,0.001
141500,0.010,0.945,0.045
142000,0.010,0.955,0.035
142500,0.010,0.921,0.069
143000,0.010,0.952,0.038
143500,0.010,0.942,0.048
144000,0.010,0.960,0.030
144500,0.010,0.931,0.059
145000,0.010,0.880,0.110
145500,0.010,0.947,0.043
146000,0.010,0.954,0.036
146500,0.010,0.959,0.031
147000,0.010,0.990,0.000
147500,0.010,0.957,0.033
148000,0.010,0.908,0.082
148500,0.010,0.945,0.045
149000,0.010,0.939,0.051
149500,0.010,0.877,0.113
150000,0.010,0.962,0.028
150500,0.010,0.990,0.000
151000,0.010,0.944,0.046
151500,0.010,0.977,0.013
152000,0.010,0.970,0.020
152500,0.010,0.960,0.030
153000,0.010,0.990,0.000
153500,0.010,0.808,0.182
154000,0.010,0.870,0.120
154500,0.010,0.942,0.048
155000,0.010,0.985,0.005
155500,0.010,0.905,0.085
156000,0.010,0.926,0.064
156500,0.010,0.979,0.011
157000,0.010,0.920,0.070
157500,0.010,0.826,0.164
158000,0.010,0.920,0.070
158500,0.010,0.990,0.000
159000,0.010,0.988,0.002
159500,0.010,0.990,0.000
160000,0.010,0.885,0.105
160500,0.010,0.951,0.039
161000,0.010,0.951,0.039
161500,0.010,0.985,0.005
162000,0.010,0.963,0.027
162500,0.010,0.972,0.018
163000,0.010,0.964,0.026
163500,0.010,0.989,0.001
164000,0.010,0.892,0.098
164500,0.010,0.989,0.001
165000,0.010,0.976,0.014
165500,0.010,0.990,0.000
166000,0.010,0.989,0.001
166500,0.010,0.968,0.022
167000,0.010,0.804,0.186
167500,0.010,0.989,0.001
168000,0.010,0.875,0.115
168500,0.010,0.892,0.098
169000,0.010,0.917,0.073
169500,0.010,0.952,0.038
170000,0.010,0.912,0.078
170500,0.010,0.982,0.008
171000,0.010,0.847,0.143
171500,0.010,0.974,0.016
172000,0.010,0.913,0.077
172500,0.010,0.972,0.018
173000,0.010,0.815,0.175
173500,0.010,0.969,0.021
174000,0.010,0.955,0.035
174500,0.010,0.921,0.069
175000,0.010,0.990,0.000
175500,0.010,0.930,0.060
176000,0.010,0.989,0.001
176500,0.010,0.908,0.082
177000,0.010,0.972,0.018
177500,0.010,0.987,0.003
178000,0.010,0.990,0.000
178500,0.010,0.922,0.068
179000,0.010,0.971,0.019
179500,0.010,0.988,0.002
180000,0.010,0.925,0.065
180500,0.010,0.984,0.006
181000,0.010,0.923,0.067
181500,0.010,0.918,0.072
182000,0.010,0.949,0.041
182500,0.010,0.969,0.021
183000,0.010,0.960,0.030
183500,0.010,0.970,0.020
184000,0.010,0.987,0.003
184500,0.010,0.945,0.045
185000,0.010,0.906,0.084
185500,0.010,0.971,0.019
186000,0.010,0.937,0.053
186500,0.010,0.953,0.037
187000,0.010,0.958,0.032
187500,0.010,0.981,0.009
188000,0.010,0.963,0.027
188500,0.010,0.972,0.018
189000,0.010,0.955,0.035
189500,0.010,0.800,0.190
190000,0.010,0.909,0.081
190500,0.010,0.975,0.015
191000,0.010,0.986,0.004
191500,0.010,0.979,0.011
192000,0.010,0.958,0.032
192500,0.010,0.945,0.045
193000,0.010,0.899,0.091
193500,0.010,0.971,0.019
194000,0.010,0.983,0.007
194500,0.010,0.908,0.082
195000,0.010,0.960,0.030
195500,0.010,0.981,0.009
196000,0.010,0.978,0.012
196500,0.010,0.990,0.000
197000,0.010,0.968,0.022
197500,0.010,0.984,0.006
198000,0.010,0.990,0.000
198500,0.010,0.954,0.036
199000,0.010,0.957,0.033
199500,0.010,0.892,0.098
200000,0.010,0.914,0.076
200500,0.010,0.916,0.074
201000,0.010,0.989,0.001
201500,0.010,0.978,0.012
202000,0.010,0.986,0.004
202500,0.010,0.915,0.075
203000,0.010,0.963,0.027
203500,0.010,0.961,0.029
204000,0.010,0.966,0.024
204500,0.010,0.967,0.023
205000,0.010,0.981,0.009
205500,0.010,0.935,0.055
206000,0.010,0.814,0.176
206500,0.010,0.990,0.000
207000,0.010,0.954,0.036
207500,0.010,0.953,0.037
208000,0.010,0.941,0.049
208500,0.010,0.987,0.003
209000,0.010,0.937,0.053
209500,0.010,0.936,0.054
210000,0.010,0.986,0.004
210500,0.010,0.884,0.106
211000,0.010,0.953,0.037
211500,0.010,0.871,0.119
212000,0.010,0.973,0.017
212500,0.010,0.851,0.139
213000,0.010,0.901,0.089
213500,0.010,0.962,0.028
214000,0.010,0.944,0.046
214500,0.010,0.923,0.067
215000,0.010,0.859,0.131
215500,0.010,0.990,0.000
216000,0.010,0.990,0.000
216500,0.010,0.915,0.075
217000,0.010,0.948,0.042
217500,0.010,0.973,0.017
218000,0.010,0.967,0.023
218500,0.010,0.941,0.049
219000,0.010,0.980,0.010
219500,0.010,0.963,0.027
220000,0.010,0.978,0.012
220500,0.010,0.970,0.020
221000,0.010,0.866,0.124
221500,0.010,0.928,0.062
222000,0.010,0.964,0.026
222500,0.010,0.978,0.012
223000,0.010,0.864,0.126
223500,0.010,0.974,0.016
224000,0.010,0.882,0.108
224500,0.010,0.965,0.025
225000,0.010,0.951,0.039
225500,0.010,0.946,0.044
226000,0.010,0.920,0.070
226500,0.010,0.939,0.051
227000,0.010,0.920,0.070
227500,0.010,0.945,0.045
228000,0.010,0.976,0.014
228500,0.010,0.972,0.018
229000,0.010,0.952,0.038
229500,0.010,0.938,0.052
230000,0.010,0.982,0.008
230500,0.010,0.989,0.001
231000,0.010,0.962,0.028
231500,0.010,0.913,0.077
232000,0.010,0.978,0.012
232500,0.010,0.976,0.014
233000,0.010,0.964,0.026
233500,0.010,0.973,0.017
234000,0.010,0.983,0.007
234500,0.010,0.923,0.067
235000,0.010,0.980,0.010
235500,0.010,0.990,0.000
236000,0.010,0.965,0.025
236500,0.010,0.923,0.067
237000,0.010,0.950,0.040
237500,0.010,0.977,0.013
238000,0.010,0.989,0.001
238500,0.010,0.981,0.009
239000,0.010,0.979,0.011
239500,0.010,0.935,0.055
240000,0.010,0.924,0.066
240500,0.010,0.970,0.020
241000,0.010,0.989,0.001
241500,0.010,0.986,0.004
242000,0.010,0.968,0.022
242500,0.010,0.909,0.081
243000,0.010,0.989,0.001
243500,0.010,0.967,0.023
244000,0.010,0.970,0.020
244500,0.010,0.989,0.001
245000,0.010,0.949,0.041
245500,0.010,0.852,0.138
246000,0.010,0.909,0.081
246500,0.010,0.948,0.042
247000,0.010,0.923,0.067
247500,0.010,0.962,0.028
248000,0.010,0.891,0.099
248500,0.010,0.827,0.163
249000,0.010,0.859,0.131
249500,0.010,0.990,0.000
250000,0.010,0.778,0.212
250500,0.010,0.990,0.000
251000,0.010,0.940,0.050
251500,0.010,0.943,0.047
252000,0.010,0.966,0.024
252500,0.010,0.906,0.084
253000,0.010,0.771,0.219
253500,0.010,0.987,0.003
254000,0.010,0.954,0.036
254500,0.010,0.883,0.107
255000,0.010,0.958,0.032
255500,0.010,0.970,0.020
256000,0.010,0.901,0.089
256500,0.010,0.983,0.007
257000,0.010,0.943,0.047
257500,0.010,0.982,0.008
258000,0.010,0.989,0.001
258500,0.010,0.876,0.114
259000,0.010,0.761,0.229
259500,0.010,0.765,0.225
260000,0.010,0.987,0.003
260500,0.010,0.926,0.064
261000,0.010,0.923,0.067
261500,0.010,0.981,0.009
262000,0.010,0.965,0.025
262500,0.010,0.969,0.021
263000,0.010,0.988,0.002
263500,0.010,0.977,0.013
264000,0.010,0.959,0.031
264500,0.010,0.939,0.051
265000,0.010,0.915,0.075
265500,0.010,0.939,0.051
266000,0.010,0.939,0.051
266500,0.010,0.990,0.000
267000,0.010,0.972,0.018
267500,0.010,0.966,0.024
268000,0.010,0.985,0.005
268500,0.010,0.971,0.019
269000,0.010,0.906,0.084
269500,0.010,0.971,0.019
270000,0.010,0.958,0.032
270500,0.010,0.980,0.010
271000,0.010,0.988,0.002
271500,0.010,0.960,0.030
272000,0.010,0.951,0.039
272500,0.010,0.909,0.081
273000,0.010,0.990,0.000
273500,0.010,0.917,0.073
274000,0.010,0.955,0.035
274500,0.010,0.982,0.008
275000,0.010,0.855,0.135
275500,0.010,0.927,0.063
276000,0.010,0.961,0.029
276500,0.010,0.988,0.002
277000,0.010,0.965,0.025
277500,0.010,0.981,0.009
278000,0.010,0.899,0.091
278500,0.010,0.982,0.008
279000,0.010,0.908,0.082
279500,0.010,0.986,0.004
280000,0.010,0.941,0.049
280500,0.010,0.939,0.051
281000,0.010,0.985,0.005
281500,0.010,0.919,0.071
282000,0.010,0.877,0.113
282500,0.010,0.943,0.047
283000,0.010,0.990,0.000
283500,0.010,0.990,0.000
284000,0.010,0.888,0.102
284500,0.010,0.936,0.054
285000,0.010,0.959,0.031
285500,0.010,0.974,0.016
286000,0.010,0.858,0.132
286500,0.010,0.935,0.055
287000,0.010,0.981,0.009
287500,0.010,0.933,0.057
288000,0.010,0.909,0.081
288500,0.010,0.959,0.031
289000,0.010,0.990,0.000
289500,0.010,0.990,0.000
290000,0.010,0.971,0.019
290500,0.010,0.985,0.005
291000,0.010,0.952,0.038
291500,0.010,0.905,0.085
292000,0.010,0.960,0.030
292500,0.010,0.977,0.013
293000,0.010,0.976,0.014
293500,0.010,0.990,0.000
294000,0.010,0.946,0.044
294500,0.010,0.958,0.032
295000,0.010,0.933,0.057
295500,0.010,0.957,0.033
296000,0.010,0.978,0.012
296500,0.010,0.979,0.011
297000,0.010,0.990,0.000
297500,0.010,0.911,0.079
298000,0.010,0.925,0.065
298500,0.010,0.948,0.042
299000,0.010,0.924,0.066
299500,0.010,0.939,0.051
300000,0.010,0.940,0.050
300500,0.010,0.804,0.186
301000,0.010,0.983,0.007
301500,0.010,0.979,0.011
302000,0.010,0.835,0.155
302500,0.010,0.911,0.079
303000,0.010,0.921,0.069
303500,0.010,0.924,0.066
304000,0.010,0.990,0.000
304500,0.010,0.918,0.072
305000,0.010,0.980,0.010
305500,0.010,0.990,0.000
306000,0.010,0.893,0.097
306500,0.010,0.874,0.116
307000,0.010,0.988,0.002
307500,0.010,0.989,0.001
308000,0.010,0.930,0.060
308500,0.010,0.950,0.040
309000,0.010,0.950,0.040
309500,0.010,0.957,0.033
310000,0.010,0.942,0.048
310500,0.010,0.988,0.002
311000,0.010,0.935,0.055
311500,0.010,0.985,0.005
312000,0.010,0.833,0.157
312500,0.010,0.911,0.079
313000,0.010,0.959,0.031
313500,0.010,0.877,0.113
314000,0.010,0.984,0.006
314500,0.010,0.988,0.002
315000,0.010,0.916,0.074
315500,0.010,0.965,0.025
316000,0.010,0.957,0.033
316500,0.010,0.797,0.193
317000,0.010,0.952,0.038
317500,0.010,0.990,0.000
318000,0.010,0.922,0.068
318500,0.010,0.978,0.012
319000,0.010,0.951,0.039
319500,0.010,0.879,0.111
320000,0.010,0.969,0.021
320500,0.010,0.988,0.002
321000,0.010,0.959,0.031
321500,0.010,0.985,0.005
322000,0.010,0.966,0.024
322500,0.010,0.958,0.032
323000,0.010,0.975,0.015
323500,0.010,0.942,0.048
324000,0.010,0.928,0.062
324500,0.010,0.962,0.028
325000,0.010,0.980,0.010
325500,0.010,0.789,0.201
326000,0.010,0.800,0.190
326500,0.010,0.942,0.048
327000,0.010,0.966,0.024
327500,0.010,0.981,0.009
328000,0.010,0.944,0.046
328500,0.010,0.705,0.285
329000,0.010,0.990,0.000
329500,0.010,0.990,0.000
330000,0.010,0.988,0.002
330500,0.010,0.961,0.029
331000,0.010,0.988,0.002
331500,0.010,0.963,0.027
332000,0.010,0.988,0.002
332500,0.010,0.847,0.143
333000,0.010,0.913,0.077
333500,0.010,0.812,0.178
334000,0.010,0.984,0.006
334500,0.010,0.875,0.115
335000,0.010,0.989,0.001
335500,0.010,0.930,0.060
336000,0.010,0.929,0.061
336500,0.010,0.990,0.000
337000,0.010,0.930,0.060
337500,0.010,0.919,0.071
338000,0.010,0.970,0.020
338500,0.010,0.839,0.151
339000,0.010,0.941,0.049
339500,0.010,0.929,0.061
340000,0.010,0.890,0.100
340500,0.010,0.978,0.012
341000,0.010,0.941,0.049
341500,0.010,0.867,0.123
342000,0.010,0.948,0.042
342500,0.010,0.919,0.071
343000,0.010,0.983,0.007
343500,0.010,0.914,0.076
344000,0.010,0.923,0.067
344500,0.010,0.989,0.001
345000,0.010,0.894,0.096
345500,0.010,0.948,0.042
346000,0.010,0.907,0.083
346500,0.010,0.895,0.095
347000,0.010,0.923,0.067
347500,0.010,0.933,0.057
348000,0.010,0.956,0.034
348500,0.010,0.908,0.082
349000,0.010,0.928,0.062
349500,0.010,0.938,0.052
350000,0.010,0.986,0.004
350500,0.010,0.981,0.009
351000,0.010,0.977,0.013
351500,0.010,0.941,0.049
352000,0.010,0.985,0.005
352500,0.010,0.982,0.008
353000,0.010,0.926,0.064
353500,0.010,0.955,0.035
354000,0.010,0.901,0.089
354500,0.010,0.964,0.026
355000,0.010,0.989,0.001
355500,0.010,0.990,0.000
356000,0.010,0.932,0.058
356500,0.010,0.958,0.032
357000,0.010,0.976,0.014
357500,0.010,0.866,0.124
358000,0.010,0.956,0.034
358500,0.010,0.987,0.003
359000,0.010,0.937,0.053
359500,0.010,0.925,0.065
360000,0.010,0.935,0.055
360500,0.010,0.990,0.000
361000,0.010,0.969,0.021
361500,0.010,0.975,0.015
362000,0.010,0.988,0.002
362500,0.010,0.892,0.098
363000,0.010,0.987,0.003
363500,0.010,0.952,0.038
364000,0.010,0.990,0.000
364500,0.010,0.978,0.012
365000,0.010,0.974,0.016
365500,0.010,0.963,0.027
366000,0.010,0.935,0.055
366500,0.010,0.953,0.037
367000,0.010,0.910,0.080
367500,0.010,0.963,0.027
368000,0.010,0.793,0.197
368500,0.010,0.990,0.000
369000,0.010,0.849,0.141
369500,0.010,0.978,0.012
370000,0.010,0.975,0.015
370500,0.010,0.931,0.059
371000,0.010,0.948,0.042
371500,0.010,0.947,0.043
372000,0.010,0.990,0.000
372500,0.010,0.948,0.042
373000,0.010,0.978,0.012
373500,0.010,0.977,0.013
374000,0.010,0.979,0.011
374500,0.010,0.899,0.091
375000,0.010,0.942,0.048
375500,0.010,0.959,0.031
376000,0.010,0.990,0.000
376500,0.010,0.989,0.001
377000,0.010,0.986,0.004
377500,0.010,0.978,0.012
378000,0.010,0.860,0.130
378500,0.010,0.908,0.082
379000,0.010,0.832,0.158
379500,0.010,0.939,0.051
380000,0.010,0.924,0.066
380500,0.010,0.850,0.140
381000,0.010,0.988,0.002
381500,0.010,0.983,0.007
382000,0.010,0.844,0.146
382500,0.010,0.966,0.024
383000,0.010,0.908,0.082
383500,0.010,0.971,0.019
384000,0.010,0.921,0.069
384500,0.010,0.973,0.017
385000,0.010,0.988,0.002
385500,0.010,0.989,0.001
386000,0.010,0.990,0.000
386500,0.010,0.933,0.057
387000,0.010,0.968,0.022
387500,0.010,0.974,0.016
388000,0.010,0.929,0.061
388500,0.010,0.964,0.026
389000,0.010,0.966,0.024
389500,0.010,0.871,0.119
390000,0.010,0.956,0.034
390500,0.010,0.865,0.125
391000,0.010,0.954,0.036
391500,0.010,0.972,0.018
392000,0.010,0.980,0.010
392500,0.010,0.971,0.019
393000,0.010,0.912,0.078
393500,0.010,0.890,0.100
394000,0.010,0.979,0.011
394500,0.010,0.930,0.060
395000,0.010,0.990,0.000
395500,0.010,0.885,0.105
396000,0.010,0.890,0.100
396500,0.010,0.943,0.047
397000,0.010,0.940,0.050
397500,0.010,0.976,0.014
398000,0.010,0.989,0.001
398500,0.010,0.905,0.085
399000,0.010,0.910,0.080
399500,0.010,0.990,0.000
400000,0.010,0.984,0.006
400500,0.010,0.965,0.025
401000,0.010,0.989,0.001
401500,0.010,0.892,0.098
402000,0.010,0.932,0.058
402500,0.010,0.980,0.010
403000,0.010,0.943,0.047
403500,0.010,0.944,0.046
404000,0.010,0.946,0.044
404500,0.010,0.885,0.105
405000,0.010,0.905,0.085
405500,0.010,0.944,0.046
406000,0.010,0.990,0.000
406500,0.010,0.937,0.053
407000,0.010,0.884,0.106
407500,0.010,0.990,0.000
408000,0.010,0.895,0.095
408500,0.010,0.984,0.006
409000,0.010,0.985,0.005
409500,0.010,0.963,0.027
410000,0.010,0.980,0.010
410500,0.010,0.972,0.018
411000,0.010,0.982,0.008
411500,0.010,0.941,0.049
412000,0.010,0.983,0.007
412500,0.010,0.946,0.044
413000,0.010,0.956,0.034
413500,0.010,0.981,0.009
414000,0.010,0.955,0.035
414500,0.010,0.867,0.123
415000,0.010,0.949,0.041
415500,0.010,0.936,0.054
416000,0.010,0.897,0.093
416500,0.010,0.990,0.000
417000,0.010,0.842,0.148
417500,0.010,0.910,0.080
418000,0.010,0.912,0.078
418500,0.010,0.944,0.046
419000,0.010,0.952,0.038
419500,0.010,0.986,0.004
420000,0.010,0.950,0.040
420500,0.010,0.973,0.017
421000,0.010,0.905,0.085
421500,0.010,0.963,0.027
422000,0.010,0.890,0.100
422500,0.010,0.954,0.036
423000,0.010,0.894,0.096
423500,0.010,0.984,0.006
424000,0.010,0.984,0.006
424500,0.010,0.990,0.000
425000,0.010,0.953,0.037
425500,0.010,0.969,0.021
426000,0.010,0.984,0.006
426500,0.010,0.964,0.026
427000,0.010,0.989,0.001
427500,0.010,0.882,0.108
428000,0.010,0.982,0.008
428500,0.010,0.975,0.015
429000,0.010,0.990,0.000
429500,0.010,0.940,0.050
430000,0.010,0.947,0.043
430500,0.010,0.985,0.005
431000,0.010,0.977,0.013
431500,0.010,0.990,0.000
432000,0.010,0.905,0.085
432500,0.010,0.952,0.038
433000,0.010,0.906,0.084
433500,0.010,0.955,0.035
434000,0.010,0.958,0.032
434500,0.010,0.961,0.029
435000,0.010,0.942,0.048
435500,0.010,0.971,0.019
436000,0.010,0.945,0.045
436500,0.010,0.984,0.006
437000,0.010,0.990,0.000
437500,0.010,0.917,0.073
438000,0.010,0.827,0.163
438500,0.010,0.950,0.040
439000,0.010,0.990,0.000
439500,0.010,0.963,0.027
440000,0.010,0.948,0.042
440500,0.010,0.954,0.036
441000,0.010,0.931,0.059
441500,0.010,0.984,0.006
442000,0.010,0.905,0.085
442500,0.010,0.896,0.094
443000,0.010,0.953,0.037
443500,0.010,0.936,0.054
444000,0.010,0.904,0.086
444500,0.010,0.979,0.011
445000,0.010,0.914,0.076
445500,0.010,0.872,0.118
446000,0.010,0.979,0.011
446500,0.010,0.985,0.005
447000,0.010,0.979,0.011
447500,0.010,0.990,0.000
448000,0.010,0.982,0.008
448500,0.010,0.970,0.020
449000,0.010,0.917,0.073
449500,0.010,0.935,0.055
450000,0.010,0.887,0.103
450500,0.010,0.990,0.000
451000,0.010,0.990,0.000
451500,0.010,0.924,0.066
452000,0.010,0.855,0.135
452500,0.010,0.964,0.026
453000,0.010,0.963,0.027
453500,0.010,0.984,0.006
454000,0.010,0.947,0.043
454500,0.010,0.954,0.036
455000,0.010,0.980,0.010
455500,0.010,0.910,0.080
456000,0.010,0.975,0.015
456500,0.010,0.927,0.063
457000,0.010,0.925,0.065
457500,0.010,0.950,0.040
458000,0.010,0.990,0.000
458500,0.010,0.990,0.000
459000,0.010,0.965,0.025
459500,0.010,0.936,0.054
460000,0.010,0.968,0.022
460500,0.010,0.791,0.199
461000,0.010,0.826,0.164
461500,0.010,0.974,0.016
462000,0.010,0.862,0.128
462500,0.010,0.962,0.028
463000,0.010,0.966,0.024
463500,0.010,0.908,0.082
464000,0.010,0.928,0.062
464500,0.010,0.776,0.214
465000,0.010,0.961,0.029
465500,0.010,0.982,0.008
466000,0.010,0.880,0.110
466500,0.010,0.973,0.017
467000,0.010,0.977,0.013
467500,0.010,0.972,0.018
468000,0.010,0.938,0.052
468500,0.010,0.930,0.060
469000,0.010,0.940,0.050
469500,0.010,0.921,0.069
470000,0.010,0.990,0.000
470500,0.010,0.869,0.121
471000,0.010,0.814,0.176
471500,0.010,0.986,0.004
472000,0.010,0.990,0.000
472500,0.010,0.990,0.000
473000,0.010,0.990,0.000
473500,0.010,0.929,0.061
474000,0.010,0.978,0.012
474500,0.010,0.957,0.033
475000,0.010,0.935,0.055
475500,0.010,0.821,0.169
476000,0.010,0.904,0.086
476500,0.010,0.982,0.008
477000,0.010,0.989,0.001
477500,0.010,0.937,0.053
478000,0.010,0.978,0.012
478500,0.010,0.981,0.009
479000,0.010,0.913,0.077
479500,0.010,0.989,0.001
480000,0.010,0.945,0.045
480500,0.010,0.984,0.006
481000,0.010,0.980,0.010
481500,0.010,0.898,0.092
482000,0.010,0.901,0.089
482500,0.010,0.989,0.001
483000,0.010,0.950,0.040
483500,0.010,0.990,0.000
484000,0.010,0.986,0.004
484500,0.010,0.900,0.090
485000,0.010,0.920,0.070
485500,0.010,0.990,0.000
486000,0.010,0.927,0.063
486500,0.010,0.730,0.260
487000,0.010,0.897,0.093
487500,0.010,0.894,0.096
488000,0.010,0.964,0.026
488500,0.010,0.872,0.118
489000,0.010,0.967,0.023
489500,0.010,0.945,0.045
490000,0.010,0.986,0.004
490500,0.010,0.966,0.024
491000,0.010,0.952,0.038
491500,0.010,0.825,0.165
492000,0.010,0.984,0.006
492500,0.010,0.960,0.030
493000,0.010,0.985,0.005
493500,0.010,0.990,0.000
494000,0.010,0.905,0.085
494500,0.010,0.971,0.019
495000,0.010,0.918,0.072
495500,0.010,0.986,0.004
496000,0.010,0.984,0.006
496500,0.010,0.985,0.005
497000,0.010,0.963,0.027
497500,0.010,0.987,0.003
498000,0.010,0.852,0.138
498500,0.010,0.926,0.064
499000,0.010,0.969,0.021
499500,0.010,0.937,0.053
500000,0.010,0.980,0.010
500500,0.010,0.981,0.009
501000,0.010,0.971,0.019
501500,0.010,0.990,0.000
502000,0.010,0.966,0.024
502500,0.010,0.989,0.001
503000,0.010,0.990,0.000
503500,0.010,0.990,0.000
504000,0.010,0.986,0.004
504500,0.010,0.984,0.006
505000,0.010,0.955,0.035
505500,0.010,0.986,0.004
506000,0.010,0.990,0.000
506500,0.010,0.910,0.080
507000,0.010,0.956,0.034
507500,0.010,0.989,0.001
508000,0.010,0.955,0.035
508500,0.010,0.960,0.030
509000,0.010,0.983,0.007
509500,0.010,0.804,0.186
510000,0.010,0.987,0.003
510500,0.010,0.949,0.041
511000,0.010,0.899,0.091
511500,0.010,0.935,0.055
512000,0.010,0.927,0.063
512500,0.010,0.914,0.076
513000,0.010,0.854,0.136
513500,0.010,0.935,0.055
514000,0.010,0.949,0.041
514500,0.010,0.948,0.042
515000,0.010,0.936,0.054
515500,0.010,0.845,0.145
516000,0.010,0.965,0.025
516500,0.010,0.936,0.054
517000,0.010,0.969,0.021
517500,0.010,0.936,0.054
518000,0.010,0.823,0.167
518500,0.010,0.910,0.080
519000,0.010,0.961,0.029
519500,0.010,0.967,0.023
520000,0.010,0.937,0.053
520500,0.010,0.968,0.022
521000,0.010,0.979,0.011
521500,0.010,0.990,0.000
522000,0.010,0.964,0.026
522500,0.010,0.957,0.033
523000,0.010,0.972,0.018
523500,0.010,0.990,0.000
524000,0.010,0.976,0.014
524500,0.010,0.957,0.033
525000,0.010,0.987,0.003
525500,0.010,0.985,0.005
526000,0.010,0.988,0.002
526500,0.010,0.953,0.037
527000,0.010,0.963,0.027
527500,0.010,0.903,0.087
528000,0.010,0.988,0.002
528500,0.010,0.989,0.001
529000,0.010,0.975,0.015
529500,0.010,0.946,0.044
530000,0.010,0.987,0.003
530500,0.010,0.957,0.033
531000,0.010,0.988,0.002
531500,0.010,0.989,0.001
532000,0.010,0.959,0.031
532500,0.010,0.990,0.000
533000,0.010,0.986,0.004
533500,0.010,0.987,0.003
534000,0.010,0.951,0.039
534500,0.010,0.985,0.005
535000,0.010,0.977,0.013
535500,0.010,0.985,0.005
536000,0.010,0.987,0.003
536500,0.010,0.949,0.041
537000,0.010,0.977,0.013
537500,0.010,0.924,0.066
538000,0.010,0.970,0.020
538500,0.010,0.900,0.090
539000,0.010,0.932,0.058
539500,0.010,0.986,0.004
540000,0.010,0.934,0.056
540500,0.010,0.983,0.007
541000,0.010,0.825,0.165
541500,0.010,0.895,0.095
542000,0.010,0.815,0.175
542500,0.010,0.951,0.039
543000,0.010,0.978,0.012
543500,0.010,0.946,0.044
544000,0.010,0.990,0.000
544500,0.010,0.957,0.033
545000,0.010,0.968,0.022
545500,0.010,0.984,0.006
546000,0.010,0.990,0.000
546500,0.010,0.978,0.012
547000,0.010,0.938,0.052
547500,0.010,0.817,0.173
548000,0.010,0.973,0.017
548500,0.010,0.916,0.074
549000,0.010,0.981,0.009
549500,0.010,0.990,0.000
550000,0.010,0.905,0.085
550500,0.010,0.987,0.003
551000,0.010,0.989,0.001
551500,0.010,0.989,0.001
552000,0.010,0.990,0.000
552500,0.010,0.963,0.027
553000,0.010,0.983,0.007
553500,0.010,0.981,0.009
554000,0.010,0.966,0.024
554500,0.010,0.977,0.013
555000,0.010,0.894,0.096
555500,0.010,0.985,0.005
556000,0.010,0.990,0.000
556500,0.010,0.968,0.022
557000,0.010,0.967,0.023
557500,0.010,0.965,0.025
558000,0.010,0.939,0.051
558500,0.010,0.941,0.049
559000,0.010,0.985,0.005
559500,0.010,0.966,0.024
560000,0.010,0.990,0.000
560500,0.010,0.989,0.001
561000,0.010,0.986,0.004
561500,0.010,0.987,0.003
562000,0.010,0.963,0.027
562500,0.010,0.975,0.015
563000,0.010,0.972,0.018
563500,0.010,0.990,0.000
564000,0.010,0.989,0.001
564500,0.010,0.965,0.025
565000,0.010,0.951,0.039
565500,0.010,0.976,0.014
566000,0.010,0.987,0.003
566500,0.010,0.987,0.003
567000,0.010,0.953,0.037
567500,0.010,0.988,0.002
568000,0.010,0.917,0.073
568500,0.010,0.800,0.190
569000,0.010,0.990,0.000
569500,0.010,0.989,0.001
570000,0.010,0.815,0.175
570500,0.010,0.921,0.069
571000,0.010,0.946,0.044
571500,0.010,0.976,0.014
572000,0.010,0.961,0.029
572500,0.010,0.890,0.100
573000,0.010,0.956,0.034
573500,0.010,0.862,0.128
574000,0.010,0.983,0.007
574500,0.010,0.938,0.052
575000,0.010,0.944,0.046
575500,0.010,0.989,0.001
576000,0.010,0.940,0.050
576500,0.010,0.942,0.048
577000,0.010,0.986,0.004
577500,0.010,0.944,0.046
578000,0.010,0.954,0.036
578500,0.010,0.901,0.089
579000,0.010,0.990,0.000
579500,0.010,0.882,0.108
580000,0.010,0.848,0.142
580500,0.010,0.946,0.044
581000,0.010,0.948,0.042
581500,0.010,0.928,0.062
582000,0.010,0.968,0.022
582500,0.010,0.766,0.224
583000,0.010,0.949,0.041
583500,0.010,0.874,0.116
584000,0.010,0.987,0.003
584500,0.010,0.983,0.007
585000,0.010,0.909,0.081
585500,0.010,0.936,0.054
586000,0.010,0.978,0.012
586500,0.010,0.979,0.011
587000,0.010,0.925,0.065
587500,0.010,0.920,0.070
588000,0.010,0.989,0.001
588500,0.010,0.990,0.000
589000,0.010,0.988,0.002
589500,0.010,0.914,0.076
590000,0.010,0.817,0.173
590500,0.010,0.943,0.047
591000,0.010,0.975,0.015
591500,0.010,0.783,0.207
592000,0.010,0.968,0.022
592500,0.010,0.952,0.038
593000,0.010,0.978,0.012
593500,0.010,0.985,0.005
594000,0.010,0.951,0.039
594500,0.010,0.960,0.030
595000,0.010,0.969,0.021
595500,0.010,0.491,0.499
596000,0.010,0.912,0.078
596500,0.010,0.933,0.057
597000,0.010,0.958,0.032
597500,0.010,0.911,0.079
598000,0.010,0.937,0.053
598500,0.010,0.963,0.027
599000,0.010,0.955,0.035
599500,0.010,0.945,0.045
600000,0.010,0.843,0.147
600500,0.010,0.888,0.102
601000,0.010,0.922,0.068
601500,0.010,0.954,0.036
602000,0.010,0.989,0.001
602500,0.010,0.910,0.080
603000,0.010,0.926,0.064
603500,0.010,0.983,0.007
604000,0.010,0.954,0.036
604500,0.010,0.853,0.137
605000,0.010,0.911,0.079
605500,0.010,0.961,0.029
606000,0.010,0.965,0.025
606500,0.010,0.986,0.004
607000,0.010,0.937,0.053
607500,0.010,0.877,0.113
608000,0.010,0.859,0.131
608500,0.010,0.881,0.109
609000,0.010,0.840,0.150
609500,0.010,0.964,0.026
610000,0.010,0.989,0.001
610500,0.010,0.784,0.206
611000,0.010,0.971,0.019
611500,0.010,0.975,0.015
612000,0.010,0.882,0.108
612500,0.010,0.984,0.006
613000,0.010,0.982,0.008
613500,0.010,0.976,0.014
614000,0.010,0.990,0.000
614500,0.010,0.970,0.020
615000,0.010,0.950,0.040
615500,0.010,0.972,0.018
616000,0.010,0.963,0.027
616500,0.010,0.859,0.131
617000,0.010,0.965,0.025
617500,0.010,0.943,0.047
618000,0.010,0.987,0.003
618500,0.010,0.990,0.000
619000,0.010,0.961,0.029
619500,0.010,0.914,0.076
620000,0.010,0.923,0.067
620500,0.010,0.889,0.101
621000,0.010,0.988,0.002
621500,0.010,0.873,0.117
622000,0.010,0.898,0.092
622500,0.010,0.990,0.000
623000,0.010,0.959,0.031
623500,0.010,0.890,0.100
624000,0.010,0.950,0.040
624500,0.010,0.905,0.085
625000,0.010,0.950,0.040
625500,0.010,0.950,0.040
626000,0.010,0.989,0.001
626500,0.010,0.989,0.001
627000,0.010,0.975,0.015
627500,0.010,0.974,0.016
628000,0.010,0.983,0.007
628500,0.010,0.794,0.196
629000,0.010,0.989,0.001
629500,0.010,0.933,0.057
630000,0.010,0.879,0.111
630500,0.010,0.967,0.023
631000,0.010,0.967,0.023
631500,0.010,0.744,0.246
632000,0.010,0.990,0.000
632500,0.010,0.905,0.085
633000,0.010,0.901,0.089
633500,0.010,0.905,0.085
634000,0.010,0.975,0.015
634500,0.010,0.800,0.190
635000,0.010,0.988,0.002
635500,0.010,0.985,0.005
636000,0.010,0.966,0.024
636500,0.010,0.905,0.085
637000,0.010,0.919,0.071
637500,0.010,0.955,0.035
638000,0.010,0.925,0.065
638500,0.010,0.886,0.104
639000,0.010,0.977,0.013
639500,0.010,0.978,0.012
640000,0.010,0.954,0.036
640500,0.010,0.830,0.160
641000,0.010,0.928,0.062
641500,0.010,0.969,0.021
642000,0.010,0.944,0.046
642500,0.010,0.988,0.002
643000,0.010,0.964,0.026
643500,0.010,0.943,0.047
644000,0.010,0.919,0.071
644500,0.010,0.990,0.000
645000,0.010,0.984,0.006
645500,0.010,0.935,0.055
646000,0.010,0.836,0.154
646500,0.010,0.930,0.060
647000,0.010,0.980,0.010
647500,0.010,0.878,0.112
648000,0.010,0.961,0.029
648500,0.010,0.934,0.056
649000,0.010,0.946,0.044
649500,0.010,0.942,0.048
650000,0.010,0.866,0.124
650500,0.010,0.941,0.049
651000,0.010,0.950,0.040
651500,0.010,0.944,0.046
652000,0.010,0.988,0.002
652500,0.010,0.908,0.082
653000,0.010,0.903,0.087
653500,0.010,0.937,0.053
654000,0.010,0.920,0.070
654500,0.010,0.964,0.026
655000,0.010,0.979,0.011
655500,0.010,0.954,0.036
656000,0.010,0.969,0.021
656500,0.010,0.983,0.007
657000,0.010,0.959,0.031
657500,0.010,0.851,0.139
658000,0.010,0.935,0.055
658500,0.010,0.888,0.102
659000,0.010,0.968,0.022
659500,0.010,0.974,0.016
660000,0.010,0.990,0.000
660500,0.010,0.963,0.027
661000,0.010,0.965,0.025
661500,0.010,0.946,0.044
662000,0.010,0.988,0.002
662500,0.010,0.987,0.003
663000,0.010,0.972,0.018
663500,0.010,0.914,0.076
664000,0.010,0.899,0.091
664500,0.010,0.943,0.047
665000,0.010,0.924,0.066
665500,0.010,0.811,0.179
666000,0.010,0.880,0.110
666500,0.010,0.853,0.137
667000,0.010,0.904,0.086
667500,0.010,0.969,0.021
668000,0.010,0.905,0.085
668500,0.010,0.964,0.026
669000,0.010,0.909,0.081
669500,0.010,0.936,0.054
670000,0.010,0.932,0.058
670500,0.010,0.957,0.033
671000,0.010,0.959,0.031
671500,0.010,0.979,0.011
672000,0.010,0.945,0.045
672500,0.010,0.893,0.097
673000,0.010,0.820,0.170
673500,0.010,0.952,0.038
674000,0.010,0.972,0.018
674500,0.010,0.872,0.118
675000,0.010,0.981,0.009
675500,0.010,0.932,0.058
676000,0.010,0.897,0.093
676500,0.010,0.969,0.021
677000,0.010,0.957,0.033
677500,0.010,0.938,0.052
678000,0.010,0.988,0.002
678500,0.010,0.957,0.033
679000,0.010,0.989,0.001
679500,0.010,0.956,0.034
680000,0.010,0.934,0.056
680500,0.010,0.815,0.175
681000,0.010,0.909,0.081
681500,0.010,0.975,0.015
682000,0.010,0.942,0.048
682500,0.010,0.864,0.126
683000,0.010,0.989,0.001
683500,0.010,0.912,0.078
684000,0.010,0.949,0.041
684500,0.010,0.990,0.000
685000,0.010,0.885,0.105
685500,0.010,0.937,0.053
686000,0.010,0.953,0.037
686500,0.010,0.983,0.007
687000,0.010,0.972,0.018
687500,0.010,0.951,0.039
688000,0.010,0.862,0.128
688500,0.010,0.990,0.000
689000,0.010,0.987,0.003
689500,0.010,0.965,0.025
690000,0.010,0.978,0.012
690500,0.010,0.952,0.038
691000,0.010,0.981,0.009
691500,0.010,0.957,0.033
692000,0.010,0.990,0.000
692500,0.010,0.984,0.006
693000,0.010,0.945,0.045
693500,0.010,0.990,0.000
694000,0.010,0.988,0.002
694500,0.010,0.980,0.010
695000,0.010,0.977,0.013
695500,0.010,0.961,0.029
696000,0.010,0.949,0.041
696500,0.010,0.921,0.069
697000,0.010,0.984,0.006
697500,0.010,0.957,0.033
698000,0.010,0.979,0.011
698500,0.010,0.946,0.044
699000,0.010,0.973,0.017
699500,0.010,0.860,0.130
700000,0.010,0.952,0.038
700500,0.010,0.960,0.030
701000,0.010,0.951,0.039
701500,0.010,0.873,0.117
702000,0.010,0.949,0.041
702500,0.010,0.937,0.053
703000,0.010,0.984,0.006
703500,0.010,0.990,0.000
704000,0.010,0.980,0.010
704500,0.010,0.792,0.198
705000,0.010,0.987,0.003
705500,0.010,0.970,0.020
706000,0.010,0.990,0.000
706500,0.010,0.973,0.017
707000,0.010,0.938,0.052
707500,0.010,0.986,0.004
708000,0.010,0.990,0.000
708500,0.010,0.920,0.070
709000,0.010,0.876,0.114
709500,0.010,0.890,0.100
710000,0.010,0.943,0.047
710500,0.010,0.814,0.176
711000,0.010,0.935,0.055
711500,0.010,0.952,0.038
712000,0.010,0.961,0.029
712500,0.010,0.984,0.006
713000,0.010,0.971,0.019
713500,0.010,0.944,0.046
714000,0.010,0.975,0.015
714500,0.010,0.953,0.037
715000,0.010,0.895,0.095
715500,0.010,0.911,0.079
716000,0.010,0.947,0.043
716500,0.010,0.871,0.119
717000,0.010,0.967,0.023
717500,0.010,0.986,0.004
718000,0.010,0.901,0.089
718500,0.010,0.989,0.001
719000,0.010,0.922,0.068
719500,0.010,0.932,0.058
720000,0.010,0.968,0.022
720500,0.010,0.983,0.007
721000,0.010,0.970,0.020
721500,0.010,0.973,0.017
722000,0.010,0.886,0.104
722500,0.010,0.969,0.021
723000,0.010,0.968,0.022
723500,0.010,0.919,0.071
724000,0.010,0.979,0.011
724500,0.010,0.983,0.007
725000,0.010,0.872,0.118
725500,0.010,0.985,0.005
726000,0.010,0.885,0.105
726500,0.010,0.949,0.041
727000,0.010,0.850,0.140
727500,0.010,0.985,0.005
728000,0.010,0.903,0.087
728500,0.010,0.803,0.187
729000,0.010,0.989,0.001
729500,0.010,0.789,0.201
730000,0.010,0.982,0.008
730500,0.010,0.886,0.104
731000,0.010,0.927,0.063
731500,0.010,0.938,0.052
732000,0.010,0.846,0.144
732500,0.010,0.977,0.013
733000,0.010,0.973,0.017
733500,0.010,0.927,0.063
734000,0.010,0.968,0.022
734500,0.010,0.985,0.005
735000,0.010,0.981,0.009
735500,0.010,0.988,0.002
736000,0.010,0.943,0.047
736500,0.010,0.990,0.000
737000,0.010,0.828,0.162
737500,0.010,0.981,0.009
738000,0.010,0.941,0.049
738500,0.010,0.910,0.080
739000,0.010,0.960,0.030
739500,0.010,0.975,0.015
740000,0.010,0.928,0.062
740500,0.010,0.985,0.005
741000,0.010,0.837,0.153
741500,0.010,0.951,0.039
742000,0.010,0.970,0.020
742500,0.010,0.953,0.037
743000,0.010,0.956,0.034
743500,0.010,0.980,0.010
744000,0.010,0.986,0.004
744500,0.010,0.975,0.015
745000,0.010,0.836,0.154
745500,0.010,0.976,0.014
746000,0.010,0.973,0.017
746500,0.010,0.968,0.022
747000,0.010,0.860,0.130
747500,0.010,0.988,0.002
748000,0.010,0.875,0.115
748500,0.010,0.922,0.068
749000,0.010,0.910,0.080
749500,0.010,0.990,0.000
750000,0.010,0.982,0.008
750500,0.010,0.921,0.069
751000,0.010,0.979,0.011
751500,0.010,0.910,0.080
752000,0.010,0.965,0.025
752500,0.010,0.938,0.052
753000,0.010,0.936,0.054
753500,0.010,0.953,0.037
754000,0.010,0.940,0.050
754500,0.010,0.904,0.086
755000,0.010,0.907,0.083
755500,0.010,0.915,0.075
756000,0.010,0.972,0.018
756500,0.010,0.970,0.020
757000,0.010,0.987,0.003
757500,0.010,0.966,0.024
758000,0.010,0.944,0.046
758500,0.010,0.958,0.032
759000,0.010,0.960,0.030
759500,0.010,0.844,0.146
760000,0.010,0.990,0.000
760500,0.010,0.990,0.000
761000,0.010,0.988,0.002
761500,0.010,0.940,0.050
762000,0.010,0.920,0.070
762500,0.010,0.957,0.033
763000,0.010,0.989,0.001
763500,0.010,0.988,0.002
764000,0.010,0.815,0.175
764500,0.010,0.989,0.001
765000,0.010,0.987,0.003
765500,0.010,0.965,0.025
766000,0.010,0.927,0.063
766500,0.010,0.953,0.037
767000,0.010,0.960,0.030
767500,0.010,0.965,0.025
768000,0.010,0.990,0.000
768500,0.010,0.965,0.025
769000,0.010,0.890,0.100
769500,0.010,0.905,0.085
770000,0.010,0.950,0.040
770500,0.010,0.927,0.063
771000,0.010,0.934,0.056
771500,0.010,0.909,0.081
772000,0.010,0.804,0.186
772500,0.010,0.909,0.081
773000,0.010,0.990,0.000
773500,0.010,0.988,0.002
774000,0.010,0.989,0.001
774500,0.010,0.907,0.083
775000,0.010,0.906,0.084
775500,0.010,0.986,0.004
776000,0.010,0.892,0.098
776500,0.010,0.988,0.002
777000,0.010,0.768,0.222
777500,0.010,0.865,0.125
778000,0.010,0.978,0.012
778500,0.010,0.920,0.070
779000,0.010,0.906,0.084
779500,0.010,0.922,0.068
780000,0.010,0.983,0.007
780500,0.010,0.917,0.073
781000,0.010,0.955,0.035
781500,0.010,0.929,0.061
782000,0.010,0.954,0.036
782500,0.010,0.874,0.116
783000,0.010,0.988,0.002
783500,0.010,0.975,0.015
784000,0.010,0.987,0.003
784500,0.010,0.887,0.103
785000,0.010,0.990,0.000
785500,0.010,0.964,0.026
786000,0.010,0.931,0.059
786500,0.010,0.886,0.104
787000,0.010,0.956,0.034
787500,0.010,0.984,0.006
788000,0.010,0.900,0.090
788500,0.010,0.907,0.083
789000,0.010,0.907,0.083
789500,0.010,0.926,0.064
790000,0.010,0.975,0.015
790500,0.010,0.920,0.070
791000,0.010,0.962,0.028
791500,0.010,0.966,0.024
792000,0.010,0.964,0.026
792500,0.010,0.970,0.020
793000,0.010,0.920,0.070
793500,0.010,0.960,0.030
794000,0.010,0.926,0.064
794500,0.010,0.967,0.023
795000,0.010,0.983,0.007
795500,0.010,0.918,0.072
796000,0.010,0.897,0.093
796500,0.010,0.879,0.111
797000,0.010,0.895,0.095
797500,0.010,0.882,0.108
798000,0.010,0.956,0.034
798500,0.010,0.890,0.100
799000,0.010,0.942,0.048
799500,0.010,0.990,0.000
800000,0.010,0.955,0.035
800500,0.010,0.979,0.011
801000,0.010,0.990,0.000
801500,0.010,0.987,0.003
802000,0.010,0.962,0.028
802500,0.010,0.864,0.126
803000,0.010,0.968,0.022
803500,0.010,0.952,0.038
804000,0.010,0.946,0.044
804500,0.010,0.839,0.151
805000,0.010,0.987,0.003
805500,0.010,0.929,0.061
806000,0.010,0.986,0.004
806500,0.010,0.990,0.000
807000,0.010,0.958,0.032
807500,0.010,0.990,0.000
808000,0.010,0.983,0.007
808500,0.010,0.956,0.034
809000,0.010,0.927,0.063
809500,0.010,0.964,0.026
810000,0.010,0.986,0.004
810500,0.010,0.936,0.054
811000,0.010,0.928,0.062
811500,0.010,0.965,0.025
812000,0.010,0.972,0.018
812500,0.010,0.881,0.109
813000,0.010,0.769,0.221
813500,0.010,0.919,0.071
814000,0.010,0.951,0.039
814500,0.010,0.988,0.002
815000,0.010,0.908,0.082
815500,0.010,0.877,0.113
816000,0.010,0.987,0.003
816500,0.010,0.964,0.026
817000,0.010,0.971,0.019
817500,0.010,0.961,0.029
818000,0.010,0.988,0.002
818500,0.010,0.986,0.004
819000,0.010,0.984,0.006
819500,0.010,0.983,0.007
820000,0.010,0.967,0.023
820500,0.010,0.943,0.047
821000,0.010,0.918,0.072
821500,0.010,0.949,0.041
822000,0.010,0.963,0.027
822500,0.010,0.906,0.084
823000,0.010,0.953,0.037
823500,0.010,0.990,0.000
824000,0.010,0.855,0.135
824500,0.010,0.902,0.088
825000,0.010,0.871,0.119
825500,0.010,0.984,0.006
826000,0.010,0.943,0.047
826500,0.010,0.979,0.011
827000,0.010,0.981,0.009
827500,0.010,0.910,0.080
828000,0.010,0.986,0.004
828500,0.010,0.942,0.048
829000,0.010,0.881,0.109
829500,0.010,0.972,0.018
830000,0.010,0.988,0.002
830500,0.010,0.988,0.002
831000,0.010,0.989,0.001
831500,0.010,0.990,0.000
832000,0.010,0.986,0.004
832500,0.010,0.954,0.036
833000,0.010,0.910,0.080
833500,0.010,0.866,0.124
834000,0.010,0.932,0.058
834500,0.010,0.981,0.009
835000,0.010,0.978,0.012
835500,0.010,0.976,0.014
836000,0.010,0.934,0.056
836500,0.010,0.966,0.024
837000,0.010,0.990,0.000
837500,0.010,0.943,0.047
838000,0.010,0.977,0.013
838500,0.010,0.963,0.027
839000,0.010,0.979,0.011
839500,0.010,0.983,0.007
840000,0.010,0.957,0.033
840500,0.010,0.746,0.244
841000,0.010,0.899,0.091
841500,0.010,0.979,0.011
842000,0.010,0.953,0.037
842500,0.010,0.982,0.008
843000,0.010,0.964,0.026
843500,0.010,0.981,0.009
844000,0.010,0.990,0.000
844500,0.010,0.979,0.011
845000,0.010,0.961,0.029
845500,0.010,0.967,0.023
846000,0.010,0.990,0.000
846500,0.010,0.935,0.055
847000,0.010,0.906,0.084
847500,0.010,0.981,0.009
848000,0.010,0.990,0.000
848500,0.010,0.862,0.128
849000,0.010,0.934,0.056
849500,0.010,0.947,0.043
850000,0.010,0.984,0.006
850500,0.010,0.951,0.039
851000,0.010,0.988,0.002
851500,0.010,0.977,0.013
852000,0.010,0.972,0.018
852500,0.010,0.990,0.000
853000,0.010,0.987,0.003
853500,0.010,0.892,0.098
854000,0.010,0.922,0.068
854500,0.010,0.894,0.096
855000,0.010,0.990,0.000
855500,0.010,0.975,0.015
856000,0.010,0.970,0.020
856500,0.010,0.973,0.017
857000,0.010,0.990,0.000
857500,0.010,0.976,0.014
858000,0.010,0.990,0.000
858500,0.010,0.975,0.015
859000,0.010,0.987,0.003
859500,0.010,0.960,0.030
860000,0.010,0.968,0.022
860500,0.010,0.978,0.012
861000,0.010,0.990,0.000
861500,0.010,0.963,0.027
862000,0.010,0.899,0.091
862500,0.010,0.989,0.001
863000,0.010,0.990,0.000
863500,0.010,0.943,0.047
864000,0.010,0.920,0.070
864500,0.010,0.789,0.201
865000,0.010,0.879,0.111
865500,0.010,0.967,0.023
866000,0.010,0.987,0.003
866500,0.010,0.956,0.034
867000,0.010,0.972,0.018
867500,0.010,0.951,0.039
868000,0.010,0.950,0.040
868500,0.010,0.988,0.002
869000,0.010,0.987,0.003
869500,0.010,0.970,0.020
870000,0.010,0.871,0.119
870500,0.010,0.899,0.091
871000,0.010,0.968,0.022
871500,0.010,0.947,0.043
872000,0.010,0.891,0.099
872500,0.010,0.935,0.055
873000,0.010,0.910,0.080
873500,0.010,0.966,0.024
874000,0.010,0.959,0.031
874500,0.010,0.922,0.068
875000,0.010,0.990,0.000
875500,0.010,0.990,0.000
876000,0.010,0.990,0.000
876500,0.010,0.974,0.016
877000,0.010,0.972,0.018
877500,0.010,0.963,0.027
878000,0.010,0.937,0.053
878500,0.010,0.896,0.094
879000,0.010,0.959,0.031
879500,0.010,0.914,0.076
880000,0.010,0.919,0.071
880500,0.010,0.916,0.074
881000,0.010,0.952,0.038
881500,0.010,0.913,0.077
882000,0.010,0.940,0.050
882500,0.010,0.949,0.041
883000,0.010,0.936,0.054
883500,0.010,0.990,0.000
884000,0.010,0.862,0.128
884500,0.010,0.933,0.057
885000,0.010,0.969,0.021
885500,0.010,0.933,0.057
886000,0.010,0.990,0.000
886500,0.010,0.849,0.141
887000,0.010,0.949,0.041
887500,0.010,0.896,0.094
888000,0.010,0.939,0.051
888500,0.010,0.964,0.026
889000,0.010,0.957,0.033
889500,0.010,0.990,0.000
890000,0.010,0.955,0.035
890500,0.010,0.951,0.039
891000,0.010,0.957,0.033
891500,0.010,0.867,0.123
892000,0.010,0.942,0.048
892500,0.010,0.921,0.069
893000,0.010,0.866,0.124
893500,0.010,0.961,0.029
894000,0.010,0.954,0.036
894500,0.010,0.927,0.063
895000,0.010,0.924,0.066
895500,0.010,0.827,0.163
896000,0.010,0.988,0.002
896500,0.010,0.977,0.013
897000,0.010,0.983,0.007
897500,0.010,0.895,0.095
898000,0.010,0.914,0.076
898500,0.010,0.957,0.033
899000,0.010,0.955,0.035
899500,0.010,0.912,0.078
900000,0.010,0.955,0.035
900500,0.010,0.980,0.010
901000,0.010,0.975,0.015
901500,0.010,0.983,0.007
902000,0.010,0.921,0.069
902500,0.010,0.979,0.011
903000,0.010,0.935,0.055
903500,0.010,0.949,0.041
904000,0.010,0.851,0.139
904500,0.010,0.989,0.001
905000,0.010,0.927,0.063
905500,0.010,0.968,0.022
906000,0.010,0.985,0.005
906500,0.010,0.989,0.001
907000,0.010,0.920,0.070
907500,0.010,0.934,0.056
908000,0.010,0.988,0.002
908500,0.010,0.970,0.020
909000,0.010,0.990,0.000
909500,0.010,0.925,0.065
910000,0.010,0.988,0.002
910500,0.010,0.978,0.012
911000,0.010,0.973,0.017
911500,0.010,0.886,0.104
912000,0.010,0.962,0.028
912500,0.010,0.911,0.079
913000,0.010,0.980,0.010
913500,0.010,0.937,0.053
914000,0.010,0.853,0.137
914500,0.010,0.985,0.005
915000,0.010,0.929,0.061
915500,0.010,0.972,0.018
916000,0.010,0.918,0.072
916500,0.010,0.990,0.000
917000,0.010,0.981,0.009
917500,0.010,0.981,0.009
918000,0.010,0.990,0.000
918500,0.010,0.854,0.136
919000,0.010,0.932,0.058
919500,0.010,0.957,0.033
920000,0.010,0.965,0.025
920500,0.010,0.782,0.208
921000,0.010,0.913,0.077
921500,0.010,0.935,0.055
922000,0.010,0.978,0.012
922500,0.010,0.986,0.004
923000,0.010,0.976,0.014
923500,0.010,0.957,0.033
924000,0.010,0.849,0.141
924500,0.010,0.935,0.055
925000,0.010,0.913,0.077
925500,0.010,0.958,0.032
926000,0.010,0.916,0.074
926500,0.010,0.990,0.000
927000,0.010,0.990,0.000
927500,0.010,0.922,0.068
928000,0.010,0.966,0.024
928500,0.010,0.905,0.085
929000,0.010,0.954,0.036
929500,0.010,0.787,0.203
930000,0.010,0.966,0.024
930500,0.010,0.950,0.040
931000,0.010,0.975,0.015
931500,0.010,0.990,0.000
932000,0.010,0.888,0.102
932500,0.010,0.948,0.042
933000,0.010,0.971,0.019
933500,0.010,0.947,0.043
934000,0.010,0.942,0.048
934500,0.010,0.957,0.033
935000,0.010,0.984,0.006
935500,0.010,0.864,0.126
936000,0.010,0.983,0.007
936500,0.010,0.972,0.018
937000,0.010,0.887,0.103
937500,0.010,0.990,0.000
938000,0.010,0.990,0.000
938500,0.010,0.893,0.097
939000,0.010,0.965,0.025
939500,0.010,0.929,0.061
940000,0.010,0.985,0.005
940500,0.010,0.935,0.055
941000,0.010,0.973,0.017
941500,0.010,0.874,0.116
942000,0.010,0.952,0.038
942500,0.010,0.985,0.005
943000,0.010,0.952,0.038
943500,0.010,0.990,0.000
944000,0.010,0.952,0.038
944500,0.010,0.975,0.015
945000,0.010,0.868,0.122
945500,0.010,0.963,0.027
946000,0.010,0.990,0.000
946500,0.010,0.960,0.030
947000,0.010,0.971,0.019
947500,0.010,0.980,0.010
948000,0.010,0.957,0.033
948500,0.010,0.869,0.121
949000,0.010,0.904,0.086
949500,0.010,0.860,0.130
950000,0.010,0.947,0.043
950500,0.010,0.926,0.064
951000,0.010,0.924,0.066
951500,0.010,0.989,0.001
952000,0.010,0.990,0.000
952500,0.010,0.968,0.022
953000,0.010,0.960,0.030
953500,0.010,0.917,0.073
954000,0.010,0.990,0.000
954500,0.010,0.917,0.073
955000,0.010,0.826,0.164
955500,0.010,0.950,0.040
956000,0.010,0.969,0.021
956500,0.010,0.990,0.000
957000,0.010,0.956,0.034
957500,0.010,0.964,0.026
958000,0.010,0.947,0.043
958500,0.010,0.944,0.046
959000,0.010,0.963,0.027
959500,0.010,0.955,0.035
960000,0.010,0.957,0.033
960500,0.010,0.969,0.021
961000,0.010,0.989,0.001
961500,0.010,0.990,0.000
962000,0.010,0.965,0.025
962500,0.010,0.985,0.005
963000,0.010,0.938,0.052
963500,0.010,0.851,0.139
964000,0.010,0.920,0.070
964500,0.010,0.977,0.013
965000,0.010,0.952,0.038
965500,0.010,0.970,0.020
966000,0.010,0.953,0.037
966500,0.010,0.978,0.012
967000,0.010,0.973,0.017
967500,0.010,0.980,0.010
968000,0.010,0.966,0.024
968500,0.010,0.937,0.053
969000,0.010,0.956,0.034
969500,0.010,0.960,0.030
970000,0.010,0.957,0.033
970500,0.010,0.982,0.008
971000,0.010,0.955,0.035
971500,0.010,0.930,0.060
972000,0.010,0.950,0.040
972500,0.010,0.943,0.047
973000,0.010,0.976,0.014
973500,0.010,0.990,0.000
974000,0.010,0.967,0.023
974500,0.010,0.976,0.014
975000,0.010,0.944,0.046
975500,0.010,0.990,0.000
976000,0.010,0.922,0.068
976500,0.010,0.963,0.027
977000,0.010,0.966,0.024
977500,0.010,0.842,0.148
978000,0.010,0.922,0.068
978500,0.010,0.988,0.002
979000,0.010,0.968,0.022
979500,0.010,0.968,0.022
980000,0.010,0.953,0.037
980500,0.010,0.842,0.148
981000,0.010,0.990,0.000
981500,0.010,0.946,0.044
982000,0.010,0.960,0.030
982500,0.010,0.945,0.045
983000,0.010,0.950,0.040
983500,0.010,0.953,0.037
984000,0.010,0.966,0.024
984500,0.010,0.957,0.033
985000,0.010,0.989,0.001
985500,0.010,0.936,0.054
986000,0.010,0.983,0.007
986500,0.010,0.905,0.085
987000,0.010,0.919,0.071
987500,0.010,0.990,0.000
988000,0.010,0.975,0.015
988500,0.010,0.883,0.107
989000,0.010,0.978,0.012
989500,0.010,0.945,0.045
990000,0.010,0.966,0.024
990500,0.010,0.884,0.106
991000,0.010,0.908,0.082
991500,0.010,0.958,0.032
992000,0.010,0.961,0.029
992500,0.010,0.929,0.061
993000,0.010,0.934,0.056
993500,0.010,0.952,0.038
994000,0.010,0.963,0.027
994500,0.010,0.938,0.052
995000,0.010,0.923,0.067
995500,0.010,0.960,0.030
996000,0.010,0.989,0.001
996500,0.010,0.976,0.014
997000,0.010,0.986,0.004
997500,0.010,0.977,0.013
998000,0.010,0.945,0.045
998500,0.010,0.845,0.145
999000,0.010,0.956,0.034
999500,0.010,0.960,0.030
1000000,0.010,0.977,0.013
