time,n_A+p,n_B,n_AB
500,0.069,0.042,0.889
1000,0.216,0.004,0.780
1500,0.266,0.000,0.734
2000,0.227,0.000,0.773
2500,0.326,0.000,0.674
3000,0.233,0.000,0.767
3500,0.312,0.000,0.688
4000,0.277,0.000,0.723
4500,0.227,0.000,0.773
5000,0.245,0.000,0.755
5500,0.335,0.000,0.665
6000,0.266,0.000,0.734
6500,0.138,0.000,0.862
7000,0.177,0.021,0.802
7500,0.172,0.005,0.823
8000,0.256,0.000,0.744
8500,0.222,0.000,0.778
9000,0.177,0.000,0.823
9500,0.274,0.000,0.726
10000,0.263,0.000,0.737
10500,0.244,0.000,0.756
11000,0.238,0.000,0.762
11500,0.216,0.000,0.784
12000,0.263,0.000,0.737
12500,0.228,0.000,0.772
13000,0.327,0.000,0.673
13500,0.276,0.000,0.724
14000,0.400,0.000,0.600
14500,0.268,0.000,0.732
15000,0.168,0.000,0.832
15500,0.261,0.010,0.729
16000,0.294,0.000,0.706
16500,0.240,0.000,0.760
17000,0.135,0.000,0.865
17500,0.263,0.000,0.737
18000,0.253,0.000,0.747
18500,0.331,0.000,0.669
19000,0.244,0.000,0.756
19500,0.301,0.000,0.699
20000,0.250,0.000,0.750
20500,0.220,0.000,0.780
21000,0.237,0.000,0.763
21500,0.297,0.000,0.703
22000,0.264,0.000,0.736
22500,0.264,0.000,0.736
23000,0.165,0.002,0.833
23500,0.350,0.000,0.650
24000,0.289,0.000,0.711
24500,0.244,0.000,0.756
25000,0.287,0.000,0.713
25500,0.380,0.000,0.620
26000,0.258,0.000,0.742
26500,0.226,0.000,0.774
27000,0.204,0.000,0.796
27500,0.217,0.000,0.783
28000,0.257,0.000,0.743
28500,0.261,0.000,0.739
29000,0.249,0.000,0.751
29500,0.289,0.000,0.711
30000,0.291,0.000,0.709
30500,0.413,0.000,0.587
31000,0.177,0.000,0.823
31500,0.143,0.000,0.857
32000,0.212,0.000,0.788
32500,0.356,0.000,0.644
33000,0.341,0.001,0.658
33500,0.187,0.000,0.813
34000,0.187,0.000,0.813
34500,0.181,0.000,0.819
35000,0.259,0.000,0.741
35500,0.224,0.000,0.776
36000,0.318,0.000,0.682
36500,0.299,0.000,0.701
37000,0.268,0.000,0.732
37500,0.259,0.000,0.741
38000,0.206,0.000,0.794
38500,0.216,0.000,0.784
39000,0.275,0.000,0.725
39500,0.315,0.000,0.685
40000,0.233,0.000,0.767
40500,0.260,0.000,0.740
41000,0.193,0.000,0.807
41500,0.199,0.000,0.801
42000,0.191,0.000,0.809
42500,0.247,0.000,0.753
43000,0.270,0.000,0.730
43500,0.304,0.000,0.696
44000,0.213,0.000,0.787
44500,0.222,0.000,0.778
45000,0.261,0.000,0.739
45500,0.251,0.000,0.749
46000,0.221,0.000,0.779
46500,0.179,0.000,0.821
47000,0.229,0.000,0.771
47500,0.160,0.000,0.840
48000,0.143,0.005,0.852
48500,0.171,0.000,0.829
49000,0.136,0.017,0.847
49500,0.288,0.001,0.711
50000,0.265,0.000,0.735
50500,0.232,0.000,0.768
51000,0.174,0.000,0.826
51500,0.309,0.000,0.691
52000,0.312,0.000,0.688
52500,0.259,0.000,0.741
53000,0.239,0.000,0.761
53500,0.282,0.000,0.718
54000,0.244,0.000,0.756
54500,0.202,0.000,0.798
55000,0.306,0.000,0.694
55500,0.271,0.000,0.729
56000,0.252,0.000,0.748
56500,0.239,0.000,0.761
57000,0.270,0.000,0.730
57500,0.189,0.000,0.811
58000,0.222,0.000,0.778
58500,0.310,0.000,0.690
59000,0.265,0.000,0.735
59500,0.298,0.000,0.702
60000,0.271,0.000,0.729
60500,0.232,0.000,0.768
61000,0.229,0.000,0.771
61500,0.243,0.000,0.757
62000,0.245,0.000,0.755
62500,0.293,0.000,0.707
63000,0.345,0.000,0.655
63500,0.226,0.000,0.774
64000,0.318,0.000,0.682
64500,0.223,0.000,0.777
65000,0.315,0.000,0.685
65500,0.258,0.000,0.742
66000,0.184,0.000,0.816
66500,0.237,0.000,0.763
67000,0.155,0.000,0.845
67500,0.123,0.005,0.872
68000,0.348,0.000,0.652
68500,0.255,0.000,0.745
69000,0.207,0.001,0.792
69500,0.236,0.000,0.764
70000,0.328,0.000,0.672
70500,0.226,0.000,0.774
71000,0.293,0.000,0.707
71500,0.232,0.000,0.768
72000,0.294,0.000,0.706
72500,0.305,0.000,0.695
73000,0.253,0.000,0.747
73500,0.198,0.000,0.802
74000,0.165,0.000,0.835
74500,0.214,0.000,0.786
75000,0.198,0.002,0.800
75500,0.234,0.000,0.766
76000,0.175,0.000,0.825
76500,0.244,0.001,0.755
77000,0.298,0.000,0.702
77500,0.287,0.000,0.713
78000,0.276,0.000,0.724
78500,0.226,0.000,0.774
79000,0.338,0.000,0.662
79500,0.219,0.000,0.781
80000,0.206,0.000,0.794
80500,0.271,0.000,0.729
81000,0.307,0.000,0.693
81500,0.275,0.000,0.725
82000,0.361,0.000,0.639
82500,0.171,0.000,0.829
83000,0.287,0.000,0.713
83500,0.257,0.000,0.743
84000,0.307,0.000,0.693
84500,0.298,0.000,0.702
85000,0.195,0.000,0.805
85500,0.185,0.000,0.815
86000,0.207,0.000,0.793
86500,0.226,0.000,0.774
87000,0.310,0.000,0.690
87500,0.204,0.000,0.796
88000,0.204,0.000,0.796
88500,0.216,0.000,0.784
89000,0.306,0.000,0.694
89500,0.228,0.000,0.772
90000,0.202,0.000,0.798
90500,0.223,0.000,0.777
91000,0.344,0.000,0.656
91500,0.210,0.000,0.790
92000,0.296,0.000,0.704
92500,0.243,0.000,0.757
93000,0.323,0.000,0.677
93500,0.175,0.000,0.825
94000,0.268,0.000,0.732
94500,0.214,0.000,0.786
95000,0.265,0.000,0.735
95500,0.227,0.000,0.773
96000,0.294,0.000,0.706
96500,0.272,0.000,0.728
97000,0.287,0.000,0.713
97500,0.324,0.000,0.676
98000,0.211,0.000,0.789
98500,0.244,0.000,0.756
99000,0.269,0.000,0.731
99500,0.202,0.000,0.798
100000,0.191,0.000,0.809
100500,0.234,0.000,0.766
101000,0.228,0.000,0.772
101500,0.269,0.000,0.731
102000,0.186,0.022,0.792
102500,0.233,0.000,0.767
103000,0.207,0.000,0.793
103500,0.173,0.009,0.818
104000,0.065,0.035,0.900
104500,0.338,0.000,0.662
105000,0.331,0.000,0.669
105500,0.265,0.000,0.735
106000,0.191,0.000,0.809
106500,0.335,0.000,0.665
107000,0.382,0.000,0.618
107500,0.269,0.000,0.731
108000,0.319,0.000,0.681
108500,0.321,0.000,0.679
109000,0.244,0.000,0.756
109500,0.251,0.000,0.749
110000,0.295,0.000,0.705
110500,0.215,0.000,0.785
111000,0.197,0.006,0.797
111500,0.282,0.000,0.718
112000,0.213,0.000,0.787
112500,0.222,0.000,0.778
113000,0.289,0.000,0.711
113500,0.225,0.000,0.775
114000,0.261,0.000,0.739
114500,0.309,0.000,0.691
115000,0.247,0.000,0.753
115500,0.218,0.007,0.775
116000,0.360,0.000,0.640
116500,0.256,0.000,0.744
117000,0.402,0.000,0.598
117500,0.219,0.000,0.781
118000,0.305,0.000,0.695
118500,0.288,0.000,0.712
119000,0.238,0.000,0.762
119500,0.176,0.000,0.824
120000,0.204,0.000,0.796
120500,0.294,0.000,0.706
121000,0.290,0.000,0.710
121500,0.305,0.000,0.695
122000,0.248,0.000,0.752
122500,0.306,0.000,0.694
123000,0.226,0.000,0.774
123500,0.235,0.000,0.765
124000,0.322,0.000,0.678
124500,0.185,0.000,0.815
125000,0.204,0.000,0.796
125500,0.242,0.000,0.758
126000,0.254,0.000,0.746
126500,0.260,0.000,0.740
127000,0.229,0.000,0.771
127500,0.204,0.000,0.796
128000,0.241,0.000,0.759
128500,0.152,0.000,0.848
129000,0.197,0.000,0.803
129500,0.271,0.000,0.729
130000,0.309,0.000,0.691
130500,0.171,0.000,0.829
131000,0.233,0.000,0.767
131500,0.332,0.000,0.668
132000,0.181,0.000,0.819
132500,0.233,0.000,0.767
133000,0.190,0.001,0.809
133500,0.226,0.000,0.774
134000,0.202,0.000,0.798
134500,0.275,0.000,0.725
135000,0.230,0.000,0.770
135500,0.181,0.000,0.819
136000,0.161,0.000,0.839
136500,0.300,0.000,0.700
137000,0.184,0.000,0.816
137500,0.267,0.000,0.733
138000,0.362,0.000,0.638
138500,0.177,0.000,0.823
139000,0.340,0.000,0.660
139500,0.427,0.000,0.573
140000,0.290,0.000,0.710
140500,0.195,0.000,0.805
141000,0.296,0.000,0.704
141500,0.217,0.000,0.783
142000,0.306,0.001,0.693
142500,0.142,0.000,0.858
143000,0.361,0.000,0.639
143500,0.291,0.000,0.709
144000,0.251,0.000,0.749
144500,0.311,0.000,0.689
145000,0.147,0.000,0.853
145500,0.277,0.000,0.723
146000,0.140,0.000,0.860
146500,0.287,0.000,0.713
147000,0.318,0.000,0.682
147500,0.219,0.000,0.781
148000,0.236,0.000,0.764
148500,0.139,0.000,0.861
149000,0.256,0.000,0.744
149500,0.227,0.000,0.773
150000,0.226,0.000,0.774
150500,0.219,0.000,0.781
151000,0.294,0.000,0.706
151500,0.369,0.000,0.631
152000,0.284,0.000,0.716
152500,0.207,0.000,0.793
153000,0.227,0.000,0.773
153500,0.208,0.000,0.792
154000,0.329,0.000,0.671
154500,0.254,0.000,0.746
155000,0.267,0.000,0.733
155500,0.182,0.000,0.818
156000,0.273,0.000,0.727
156500,0.268,0.001,0.731
157000,0.291,0.000,0.709
157500,0.230,0.000,0.770
158000,0.226,0.000,0.774
158500,0.232,0.000,0.768
159000,0.153,0.011,0.836
159500,0.295,0.000,0.705
160000,0.239,0.000,0.761
160500,0.202,0.000,0.798
161000,0.260,0.000,0.740
161500,0.216,0.000,0.784
162000,0.239,0.000,0.761
162500,0.254,0.000,0.746
163000,0.265,0.000,0.735
163500,0.246,0.000,0.754
164000,0.200,0.000,0.800
164500,0.261,0.000,0.739
165000,0.185,0.018,0.797
165500,0.261,0.000,0.739
166000,0.229,0.000,0.771
166500,0.239,0.000,0.761
167000,0.277,0.000,0.723
167500,0.196,0.000,0.804
168000,0.264,0.000,0.736
168500,0.252,0.000,0.748
169000,0.277,0.000,0.723
169500,0.266,0.000,0.734
170000,0.341,0.000,0.659
170500,0.268,0.000,0.732
171000,0.208,0.000,0.792
171500,0.247,0.000,0.753
172000,0.184,0.000,0.816
172500,0.269,0.000,0.731
173000,0.282,0.000,0.718
173500,0.208,0.000,0.792
174000,0.253,0.000,0.747
174500,0.294,0.000,0.706
175000,0.234,0.000,0.766
175500,0.199,0.000,0.801
176000,0.246,0.000,0.754
176500,0.279,0.000,0.721
177000,0.233,0.001,0.766
177500,0.295,0.000,0.705
178000,0.276,0.000,0.724
178500,0.263,0.000,0.737
179000,0.201,0.000,0.799
179500,0.276,0.000,0.724
180000,0.267,0.000,0.733
180500,0.258,0.000,0.742
181000,0.226,0.000,0.774
181500,0.208,0.000,0.792
182000,0.299,0.000,0.701
182500,0.208,0.000,0.792
183000,0.309,0.000,0.691
183500,0.151,0.013,0.836
184000,0.243,0.000,0.757
184500,0.210,0.000,0.790
185000,0.155,0.000,0.845
185500,0.206,0.000,0.794
186000,0.238,0.000,0.762
186500,0.270,0.000,0.730
187000,0.276,0.000,0.724
187500,0.243,0.000,0.757
188000,0.288,0.000,0.712
188500,0.193,0.000,0.807
189000,0.158,0.005,0.837
189500,0.332,0.000,0.668
190000,0.244,0.001,0.755
190500,0.224,0.000,0.776
191000,0.298,0.000,0.702
191500,0.224,0.000,0.776
192000,0.155,0.000,0.845
192500,0.313,0.000,0.687
193000,0.258,0.000,0.742
193500,0.164,0.000,0.836
194000,0.217,0.000,0.783
194500,0.269,0.000,0.731
195000,0.221,0.000,0.779
195500,0.183,0.000,0.817
196000,0.293,0.000,0.707
196500,0.300,0.000,0.700
197000,0.287,0.000,0.713
197500,0.256,0.000,0.744
198000,0.233,0.000,0.767
198500,0.309,0.000,0.691
199000,0.264,0.000,0.736
199500,0.265,0.001,0.734
200000,0.247,0.000,0.753
200500,0.223,0.000,0.777
201000,0.283,0.000,0.717
201500,0.322,0.000,0.678
202000,0.284,0.000,0.716
202500,0.255,0.000,0.745
203000,0.262,0.000,0.738
203500,0.296,0.000,0.704
204000,0.387,0.000,0.613
204500,0.152,0.024,0.824
205000,0.239,0.000,0.761
205500,0.283,0.000,0.717
206000,0.193,0.000,0.807
206500,0.332,0.000,0.668
207000,0.275,0.000,0.725
207500,0.185,0.000,0.815
208000,0.330,0.000,0.670
208500,0.267,0.000,0.733
209000,0.226,0.000,0.774
209500,0.215,0.000,0.785
210000,0.238,0.000,0.762
210500,0.203,0.000,0.797
211000,0.190,0.000,0.810
211500,0.308,0.000,0.692
212000,0.320,0.000,0.680
212500,0.240,0.000,0.760
213000,0.204,0.015,0.781
213500,0.216,0.000,0.784
214000,0.250,0.000,0.750
214500,0.179,0.000,0.821
215000,0.226,0.000,0.774
215500,0.351,0.000,0.649
216000,0.243,0.000,0.757
216500,0.238,0.000,0.762
217000,0.250,0.000,0.750
217500,0.217,0.000,0.783
218000,0.264,0.000,0.736
218500,0.236,0.000,0.764
219000,0.281,0.000,0.719
219500,0.184,0.003,0.813
220000,0.236,0.000,0.764
220500,0.263,0.000,0.737
221000,0.283,0.000,0.717
221500,0.324,0.000,0.676
222000,0.231,0.000,0.769
222500,0.207,0.000,0.793
223000,0.215,0.000,0.785
223500,0.235,0.000,0.765
224000,0.217,0.000,0.783
224500,0.219,0.000,0.781
225000,0.330,0.000,0.670
225500,0.244,0.000,0.756
226000,0.228,0.000,0.772
226500,0.248,0.000,0.752
227000,0.191,0.000,0.809
227500,0.299,0.000,0.701
228000,0.225,0.000,0.775
228500,0.223,0.000,0.777
229000,0.164,0.000,0.836
229500,0.381,0.000,0.619
230000,0.244,0.000,0.756
230500,0.249,0.000,0.751
231000,0.293,0.000,0.707
231500,0.172,0.000,0.828
232000,0.321,0.000,0.679
232500,0.266,0.000,0.734
233000,0.260,0.000,0.740
233500,0.295,0.000,0.705
234000,0.300,0.000,0.700
234500,0.144,0.000,0.856
235000,0.180,0.000,0.820
235500,0.223,0.000,0.777
236000,0.348,0.000,0.652
236500,0.287,0.000,0.713
237000,0.182,0.000,0.818
237500,0.282,0.000,0.718
238000,0.284,0.000,0.716
238500,0.257,0.000,0.743
239000,0.187,0.000,0.813
239500,0.233,0.000,0.767
240000,0.319,0.000,0.681
240500,0.192,0.000,0.808
241000,0.301,0.000,0.699
241500,0.313,0.000,0.687
242000,0.227,0.000,0.773
242500,0.293,0.000,0.707
243000,0.231,0.000,0.769
243500,0.200,0.000,0.800
244000,0.389,0.000,0.611
244500,0.291,0.000,0.709
245000,0.356,0.000,0.644
245500,0.206,0.000,0.794
246000,0.240,0.000,0.760
246500,0.381,0.000,0.619
247000,0.265,0.000,0.735
247500,0.239,0.000,0.761
248000,0.314,0.000,0.686
248500,0.329,0.000,0.671
249000,0.239,0.000,0.761
249500,0.384,0.000,0.616
250000,0.241,0.000,0.759
250500,0.309,0.000,0.691
251000,0.285,0.000,0.715
251500,0.276,0.000,0.724
252000,0.278,0.000,0.722
252500,0.120,0.000,0.880
253000,0.217,0.000,0.783
253500,0.233,0.000,0.767
254000,0.199,0.000,0.801
254500,0.277,0.000,0.723
255000,0.261,0.000,0.739
255500,0.262,0.000,0.738
256000,0.265,0.000,0.735
256500,0.267,0.000,0.733
257000,0.238,0.000,0.762
257500,0.240,0.000,0.760
258000,0.208,0.000,0.792
258500,0.217,0.000,0.783
259000,0.226,0.000,0.774
259500,0.249,0.000,0.751
260000,0.216,0.000,0.784
260500,0.234,0.000,0.766
261000,0.191,0.000,0.809
261500,0.167,0.000,0.833
262000,0.231,0.000,0.769
262500,0.395,0.000,0.605
263000,0.237,0.000,0.763
263500,0.227,0.000,0.773
264000,0.314,0.000,0.686
264500,0.160,0.000,0.840
265000,0.315,0.000,0.685
265500,0.291,0.000,0.709
266000,0.284,0.000,0.716
266500,0.240,0.000,0.760
267000,0.263,0.000,0.737
267500,0.225,0.000,0.775
268000,0.251,0.000,0.749
268500,0.270,0.000,0.730
269000,0.288,0.000,0.712
269500,0.170,0.000,0.830
270000,0.299,0.000,0.701
270500,0.248,0.000,0.752
271000,0.156,0.024,0.820
271500,0.245,0.000,0.755
272000,0.199,0.000,0.801
272500,0.275,0.000,0.725
273000,0.311,0.000,0.689
273500,0.153,0.000,0.847
274000,0.298,0.000,0.702
274500,0.299,0.000,0.701
275000,0.253,0.000,0.747
275500,0.204,0.000,0.796
276000,0.249,0.000,0.751
276500,0.244,0.000,0.756
277000,0.246,0.000,0.754
277500,0.156,0.000,0.844
278000,0.273,0.000,0.727
278500,0.279,0.000,0.721
279000,0.162,0.000,0.838
279500,0.248,0.000,0.752
280000,0.168,0.000,0.832
280500,0.226,0.001,0.773
281000,0.179,0.000,0.821
281500,0.207,0.000,0.793
282000,0.186,0.000,0.814
282500,0.149,0.000,0.851
283000,0.343,0.000,0.657
283500,0.200,0.000,0.800
284000,0.226,0.000,0.774
284500,0.230,0.000,0.770
285000,0.208,0.000,0.792
285500,0.181,0.000,0.819
286000,0.244,0.000,0.756
286500,0.289,0.000,0.711
287000,0.213,0.000,0.787
287500,0.297,0.000,0.703
288000,0.301,0.000,0.699
288500,0.200,0.000,0.800
289000,0.240,0.000,0.760
289500,0.247,0.000,0.753
290000,0.286,0.000,0.714
290500,0.262,0.000,0.738
291000,0.255,0.000,0.745
291500,0.156,0.000,0.844
292000,0.209,0.000,0.791
292500,0.195,0.000,0.805
293000,0.191,0.000,0.809
293500,0.285,0.000,0.715
294000,0.200,0.000,0.800
294500,0.253,0.000,0.747
295000,0.169,0.000,0.831
295500,0.197,0.000,0.803
296000,0.223,0.000,0.777
296500,0.281,0.000,0.719
297000,0.219,0.000,0.781
297500,0.339,0.000,0.661
298000,0.345,0.000,0.655
298500,0.191,0.000,0.809
299000,0.202,0.000,0.798
299500,0.205,0.009,0.786
300000,0.247,0.000,0.753
300500,0.347,0.000,0.653
301000,0.265,0.000,0.735
301500,0.256,0.000,0.744
302000,0.188,0.000,0.812
302500,0.264,0.000,0.736
303000,0.346,0.000,0.654
303500,0.219,0.000,0.781
304000,0.238,0.000,0.762
304500,0.241,0.000,0.759
305000,0.280,0.000,0.720
305500,0.168,0.000,0.832
306000,0.319,0.000,0.681
306500,0.241,0.000,0.759
307000,0.280,0.000,0.720
307500,0.259,0.000,0.741
308000,0.198,0.011,0.791
308500,0.225,0.000,0.775
309000,0.233,0.000,0.767
309500,0.232,0.000,0.768
310000,0.229,0.000,0.771
310500,0.207,0.000,0.793
311000,0.330,0.000,0.670
311500,0.233,0.000,0.767
312000,0.319,0.000,0.681
312500,0.243,0.000,0.757
313000,0.199,0.000,0.801
313500,0.276,0.000,0.724
314000,0.231,0.000,0.769
314500,0.225,0.000,0.775
315000,0.265,0.000,0.735
315500,0.311,0.000,0.689
316000,0.395,0.000,0.605
316500,0.247,0.000,0.753
317000,0.304,0.000,0.696
317500,0.342,0.000,0.658
318000,0.313,0.000,0.687
318500,0.287,0.000,0.713
319000,0.267,0.000,0.733
319500,0.267,0.000,0.733
320000,0.203,0.000,0.797
320500,0.275,0.000,0.725
321000,0.297,0.000,0.703
321500,0.370,0.000,0.630
322000,0.250,0.000,0.750
322500,0.296,0.000,0.704
323000,0.240,0.000,0.760
323500,0.204,0.000,0.796
324000,0.293,0.000,0.707
324500,0.168,0.000,0.832
325000,0.222,0.000,0.778
325500,0.242,0.000,0.758
326000,0.262,0.000,0.738
326500,0.236,0.000,0.764
327000,0.271,0.000,0.729
327500,0.205,0.003,0.792
328000,0.251,0.000,0.749
328500,0.273,0.000,0.727
329000,0.210,0.000,0.790
329500,0.263,0.000,0.737
330000,0.280,0.000,0.720
330500,0.277,0.000,0.723
331000,0.267,0.000,0.733
331500,0.169,0.000,0.831
332000,0.201,0.000,0.799
332500,0.273,0.000,0.727
333000,0.340,0.000,0.660
333500,0.200,0.000,0.800
334000,0.324,0.000,0.676
334500,0.240,0.000,0.760
335000,0.187,0.000,0.813
335500,0.218,0.000,0.782
336000,0.217,0.000,0.783
336500,0.212,0.000,0.788
337000,0.104,0.002,0.894
337500,0.299,0.001,0.700
338000,0.282,0.000,0.718
338500,0.314,0.002,0.684
339000,0.234,0.000,0.766
339500,0.249,0.000,0.751
340000,0.274,0.000,0.726
340500,0.213,0.016,0.771
341000,0.220,0.000,0.780
341500,0.322,0.000,0.678
342000,0.241,0.000,0.759
342500,0.306,0.000,0.694
343000,0.258,0.000,0.742
343500,0.264,0.000,0.736
344000,0.236,0.000,0.764
344500,0.222,0.000,0.778
345000,0.173,0.000,0.827
345500,0.133,0.000,0.867
346000,0.200,0.000,0.800
346500,0.285,0.000,0.715
347000,0.267,0.000,0.733
347500,0.292,0.000,0.708
348000,0.206,0.000,0.794
348500,0.218,0.000,0.782
349000,0.238,0.000,0.762
349500,0.279,0.000,0.721
350000,0.223,0.000,0.777
350500,0.234,0.021,0.745
351000,0.225,0.000,0.775
351500,0.261,0.000,0.739
352000,0.283,0.000,0.717
352500,0.235,0.000,0.765
353000,0.236,0.000,0.764
353500,0.293,0.000,0.707
354000,0.107,0.000,0.893
354500,0.222,0.000,0.778
355000,0.200,0.000,0.800
355500,0.204,0.000,0.796
356000,0.302,0.000,0.698
356500,0.329,0.000,0.671
357000,0.202,0.000,0.798
357500,0.344,0.000,0.656
358000,0.186,0.000,0.814
358500,0.276,0.000,0.724
359000,0.160,0.000,0.840
359500,0.305,0.000,0.695
360000,0.355,0.000,0.645
360500,0.238,0.000,0.762
361000,0.238,0.000,0.762
361500,0.195,0.000,0.805
362000,0.234,0.000,0.766
362500,0.197,0.000,0.803
363000,0.205,0.000,0.795
363500,0.290,0.000,0.710
364000,0.320,0.000,0.680
364500,0.258,0.000,0.742
365000,0.336,0.000,0.664
365500,0.286,0.000,0.714
366000,0.379,0.000,0.621
366500,0.217,0.000,0.783
367000,0.227,0.000,0.773
367500,0.248,0.000,0.752
368000,0.300,0.000,0.700
368500,0.218,0.000,0.782
369000,0.154,0.000,0.846
369500,0.232,0.000,0.768
370000,0.257,0.000,0.743
370500,0.297,0.000,0.703
371000,0.190,0.005,0.805
371500,0.198,0.000,0.802
372000,0.332,0.000,0.668
372500,0.145,0.000,0.855
373000,0.307,0.000,0.693
373500,0.239,0.000,0.761
374000,0.310,0.000,0.690
374500,0.325,0.000,0.675
375000,0.326,0.000,0.674
375500,0.220,0.000,0.780
376000,0.210,0.000,0.790
376500,0.207,0.000,0.793
377000,0.296,0.000,0.704
377500,0.262,0.000,0.738
378000,0.241,0.009,0.750
378500,0.409,0.000,0.591
379000,0.225,0.000,0.775
379500,0.181,0.001,0.818
380000,0.134,0.000,0.866
380500,0.266,0.000,0.734
381000,0.212,0.000,0.788
381500,0.229,0.000,0.771
382000,0.198,0.000,0.802
382500,0.339,0.000,0.661
383000,0.204,0.000,0.796
383500,0.228,0.000,0.772
384000,0.255,0.006,0.739
384500,0.199,0.000,0.801
385000,0.361,0.000,0.639
385500,0.264,0.000,0.736
386000,0.381,0.000,0.619
386500,0.324,0.000,0.676
387000,0.295,0.000,0.705
387500,0.234,0.000,0.766
388000,0.236,0.000,0.764
388500,0.254,0.000,0.746
389000,0.280,0.000,0.720
389500,0.177,0.000,0.823
390000,0.290,0.000,0.710
390500,0.303,0.000,0.697
391000,0.218,0.000,0.782
391500,0.242,0.002,0.756
392000,0.171,0.008,0.821
392500,0.278,0.000,0.722
393000,0.233,0.000,0.767
393500,0.271,0.000,0.729
394000,0.201,0.000,0.799
394500,0.276,0.000,0.724
395000,0.324,0.000,0.676
395500,0.276,0.000,0.724
396000,0.228,0.000,0.772
396500,0.158,0.000,0.842
397000,0.258,0.000,0.742
397500,0.320,0.000,0.680
398000,0.161,0.000,0.839
398500,0.263,0.000,0.737
399000,0.219,0.000,0.781
399500,0.297,0.000,0.703
400000,0.264,0.000,0.736
400500,0.202,0.000,0.798
401000,0.239,0.000,0.761
401500,0.255,0.000,0.745
402000,0.295,0.000,0.705
402500,0.233,0.000,0.767
403000,0.247,0.000,0.753
403500,0.303,0.000,0.697
404000,0.261,0.000,0.739
404500,0.331,0.000,0.669
405000,0.322,0.000,0.678
405500,0.314,0.000,0.686
406000,0.203,0.000,0.797
406500,0.227,0.005,0.768
407000,0.259,0.000,0.741
407500,0.185,0.000,0.815
408000,0.329,0.000,0.671
408500,0.305,0.000,0.695
409000,0.281,0.000,0.719
409500,0.226,0.000,0.774
410000,0.194,0.000,0.806
410500,0.238,0.000,0.762
411000,0.266,0.000,0.734
411500,0.246,0.000,0.754
412000,0.365,0.000,0.635
412500,0.268,0.000,0.732
413000,0.268,0.000,0.732
413500,0.331,0.000,0.669
414000,0.174,0.000,0.826
414500,0.335,0.000,0.665
415000,0.261,0.000,0.739
415500,0.183,0.000,0.817
416000,0.272,0.000,0.728
416500,0.241,0.000,0.759
417000,0.301,0.000,0.699
417500,0.203,0.000,0.797
418000,0.296,0.000,0.704
418500,0.253,0.000,0.747
419000,0.258,0.000,0.742
419500,0.295,0.000,0.705
420000,0.344,0.000,0.656
420500,0.269,0.000,0.731
421000,0.312,0.000,0.688
421500,0.152,0.000,0.848
422000,0.265,0.000,0.735
422500,0.287,0.000,0.713
423000,0.333,0.000,0.667
423500,0.238,0.000,0.762
424000,0.220,0.000,0.780
424500,0.344,0.000,0.656
425000,0.240,0.000,0.760
425500,0.421,0.000,0.579
426000,0.249,0.000,0.751
426500,0.160,0.000,0.840
427000,0.229,0.000,0.771
427500,0.211,0.000,0.789
428000,0.234,0.000,0.766
428500,0.224,0.000,0.776
429000,0.223,0.000,0.777
429500,0.327,0.000,0.673
430000,0.209,0.000,0.791
430500,0.315,0.000,0.685
431000,0.179,0.000,0.821
431500,0.230,0.000,0.770
432000,0.192,0.005,0.803
432500,0.221,0.000,0.779
433000,0.258,0.000,0.742
433500,0.236,0.000,0.764
434000,0.200,0.000,0.800
434500,0.218,0.000,0.782
435000,0.260,0.000,0.740
435500,0.370,0.000,0.630
436000,0.214,0.000,0.786
436500,0.233,0.000,0.767
437000,0.286,0.000,0.714
437500,0.200,0.000,0.800
438000,0.270,0.000,0.730
438500,0.181,0.000,0.819
439000,0.205,0.000,0.795
439500,0.209,0.000,0.791
440000,0.265,0.000,0.735
440500,0.267,0.000,0.733
441000,0.241,0.000,0.759
441500,0.194,0.013,0.793
442000,0.302,0.000,0.698
442500,0.240,0.000,0.760
443000,0.172,0.000,0.828
443500,0.221,0.000,0.779
444000,0.402,0.000,0.598
444500,0.250,0.000,0.750
445000,0.233,0.000,0.767
445500,0.216,0.000,0.784
446000,0.275,0.000,0.725
446500,0.251,0.000,0.749
447000,0.317,0.000,0.683
447500,0.212,0.000,0.788
448000,0.155,0.000,0.845
448500,0.223,0.000,0.777
449000,0.277,0.000,0.723
449500,0.161,0.000,0.839
450000,0.221,0.000,0.779
450500,0.198,0.000,0.802
451000,0.211,0.000,0.789
451500,0.150,0.001,0.849
452000,0.259,0.000,0.741
452500,0.261,0.000,0.739
453000,0.304,0.000,0.696
453500,0.214,0.000,0.786
454000,0.287,0.000,0.713
454500,0.222,0.000,0.778
455000,0.098,0.011,0.891
455500,0.229,0.000,0.771
456000,0.258,0.000,0.742
456500,0.253,0.000,0.747
457000,0.316,0.000,0.684
457500,0.230,0.000,0.770
458000,0.215,0.000,0.785
458500,0.201,0.000,0.799
459000,0.247,0.000,0.753
459500,0.229,0.000,0.771
460000,0.200,0.000,0.800
460500,0.183,0.004,0.813
461000,0.248,0.000,0.752
461500,0.255,0.000,0.745
462000,0.185,0.000,0.815
462500,0.271,0.000,0.729
463000,0.253,0.000,0.747
463500,0.128,0.038,0.834
464000,0.218,0.000,0.782
464500,0.215,0.002,0.783
465000,0.225,0.000,0.775
465500,0.244,0.000,0.756
466000,0.240,0.000,0.760
466500,0.263,0.000,0.737
467000,0.123,0.000,0.877
467500,0.299,0.000,0.701
468000,0.305,0.000,0.695
468500,0.219,0.000,0.781
469000,0.253,0.000,0.747
469500,0.221,0.000,0.779
470000,0.162,0.018,0.820
470500,0.221,0.000,0.779
471000,0.273,0.000,0.727
471500,0.232,0.000,0.768
472000,0.274,0.000,0.726
472500,0.270,0.000,0.730
473000,0.208,0.000,0.792
473500,0.247,0.000,0.753
474000,0.229,0.000,0.771
474500,0.224,0.000,0.776
475000,0.319,0.000,0.681
475500,0.350,0.000,0.650
476000,0.226,0.000,0.774
476500,0.265,0.000,0.735
477000,0.285,0.000,0.715
477500,0.213,0.000,0.787
478000,0.241,0.000,0.759
478500,0.270,0.000,0.730
479000,0.288,0.000,0.712
479500,0.276,0.000,0.724
480000,0.168,0.021,0.811
480500,0.192,0.000,0.808
481000,0.232,0.000,0.768
481500,0.226,0.000,0.774
482000,0.244,0.000,0.756
482500,0.177,0.000,0.823
483000,0.172,0.000,0.828
483500,0.245,0.000,0.755
484000,0.294,0.000,0.706
484500,0.177,0.004,0.819
485000,0.267,0.001,0.732
485500,0.374,0.000,0.626
486000,0.240,0.000,0.760
486500,0.265,0.000,0.735
487000,0.220,0.000,0.780
487500,0.235,0.000,0.765
488000,0.215,0.000,0.785
488500,0.200,0.000,0.800
489000,0.270,0.000,0.730
489500,0.299,0.000,0.701
490000,0.248,0.000,0.752
490500,0.285,0.000,0.715
491000,0.295,0.000,0.705
491500,0.190,0.000,0.810
492000,0.246,0.000,0.754
492500,0.253,0.000,0.747
493000,0.270,0.000,0.730
493500,0.254,0.000,0.746
494000,0.304,0.000,0.696
494500,0.221,0.000,0.779
495000,0.267,0.000,0.733
495500,0.308,0.000,0.692
496000,0.323,0.000,0.677
496500,0.241,0.000,0.759
497000,0.283,0.000,0.717
497500,0.205,0.000,0.795
498000,0.392,0.000,0.608
498500,0.279,0.000,0.721
499000,0.261,0.000,0.739
499500,0.259,0.000,0.741
500000,0.260,0.000,0.740
500500,0.183,0.000,0.817
501000,0.328,0.000,0.672
501500,0.227,0.000,0.773
502000,0.206,0.000,0.794
502500,0.220,0.000,0.780
503000,0.255,0.005,0.740
503500,0.332,0.000,0.668
504000,0.191,0.000,0.809
504500,0.228,0.000,0.772
505000,0.216,0.000,0.784
505500,0.217,0.001,0.782
506000,0.300,0.000,0.700
506500,0.338,0.000,0.662
507000,0.208,0.000,0.792
507500,0.176,0.000,0.824
508000,0.301,0.000,0.699
508500,0.131,0.018,0.851
509000,0.295,0.000,0.705
509500,0.328,0.000,0.672
510000,0.365,0.000,0.635
510500,0.212,0.000,0.788
511000,0.296,0.000,0.704
511500,0.231,0.000,0.769
512000,0.212,0.001,0.787
512500,0.205,0.000,0.795
513000,0.158,0.006,0.836
513500,0.288,0.000,0.712
514000,0.249,0.000,0.751
514500,0.278,0.000,0.722
515000,0.346,0.000,0.654
515500,0.240,0.000,0.760
516000,0.290,0.000,0.710
516500,0.246,0.000,0.754
517000,0.251,0.000,0.749
517500,0.280,0.000,0.720
518000,0.191,0.000,0.809
518500,0.261,0.000,0.739
519000,0.319,0.000,0.681
519500,0.226,0.000,0.774
520000,0.236,0.000,0.764
520500,0.257,0.000,0.743
521000,0.190,0.000,0.810
521500,0.209,0.000,0.791
522000,0.161,0.000,0.839
522500,0.230,0.000,0.770
523000,0.212,0.000,0.788
523500,0.313,0.000,0.687
524000,0.247,0.000,0.753
524500,0.232,0.000,0.768
525000,0.232,0.000,0.768
525500,0.206,0.000,0.794
526000,0.293,0.000,0.707
526500,0.219,0.000,0.781
527000,0.335,0.000,0.665
527500,0.261,0.000,0.739
528000,0.280,0.000,0.720
528500,0.238,0.000,0.762
529000,0.141,0.000,0.859
529500,0.227,0.001,0.772
530000,0.349,0.000,0.651
530500,0.288,0.000,0.712
531000,0.191,0.000,0.809
531500,0.285,0.000,0.715
532000,0.199,0.000,0.801
532500,0.252,0.000,0.748
533000,0.286,0.000,0.714
533500,0.245,0.000,0.755
534000,0.313,0.000,0.687
534500,0.218,0.000,0.782
535000,0.215,0.000,0.785
535500,0.317,0.000,0.683
536000,0.174,0.000,0.826
536500,0.341,0.000,0.659
537000,0.267,0.000,0.733
537500,0.274,0.000,0.726
538000,0.289,0.000,0.711
538500,0.342,0.000,0.658
539000,0.321,0.000,0.679
539500,0.218,0.000,0.782
540000,0.199,0.000,0.801
540500,0.301,0.000,0.699
541000,0.213,0.000,0.787
541500,0.281,0.000,0.719
542000,0.210,0.000,0.790
542500,0.224,0.000,0.776
543000,0.324,0.000,0.676
543500,0.293,0.000,0.707
544000,0.241,0.000,0.759
544500,0.252,0.000,0.748
545000,0.171,0.000,0.829
545500,0.357,0.000,0.643
546000,0.205,0.001,0.794
546500,0.293,0.000,0.707
547000,0.205,0.000,0.795
547500,0.286,0.000,0.714
548000,0.208,0.000,0.792
548500,0.227,0.000,0.773
549000,0.278,0.000,0.722
549500,0.255,0.000,0.745
550000,0.245,0.000,0.755
550500,0.274,0.000,0.726
551000,0.167,0.003,0.830
551500,0.246,0.000,0.754
552000,0.336,0.000,0.664
552500,0.277,0.000,0.723
553000,0.241,0.000,0.759
553500,0.187,0.000,0.813
554000,0.253,0.000,0.747
554500,0.308,0.000,0.692
555000,0.281,0.000,0.719
555500,0.201,0.000,0.799
556000,0.227,0.000,0.773
556500,0.222,0.000,0.778
557000,0.217,0.000,0.783
557500,0.196,0.000,0.804
558000,0.265,0.000,0.735
558500,0.197,0.000,0.803
559000,0.356,0.000,0.644
559500,0.244,0.000,0.756
560000,0.270,0.000,0.730
560500,0.272,0.000,0.728
561000,0.273,0.000,0.727
561500,0.250,0.000,0.750
562000,0.320,0.000,0.680
562500,0.391,0.000,0.609
563000,0.227,0.000,0.773
563500,0.266,0.000,0.734
564000,0.271,0.000,0.729
564500,0.280,0.000,0.720
565000,0.342,0.000,0.658
565500,0.265,0.000,0.735
566000,0.261,0.000,0.739
566500,0.232,0.000,0.768
567000,0.232,0.000,0.768
567500,0.325,0.000,0.675
568000,0.210,0.000,0.790
568500,0.238,0.000,0.762
569000,0.273,0.000,0.727
569500,0.332,0.000,0.668
570000,0.157,0.000,0.843
570500,0.349,0.000,0.651
571000,0.211,0.000,0.789
571500,0.186,0.000,0.814
572000,0.223,0.000,0.777
572500,0.260,0.000,0.740
573000,0.259,0.000,0.741
573500,0.196,0.000,0.804
574000,0.358,0.002,0.640
574500,0.202,0.000,0.798
575000,0.287,0.000,0.713
575500,0.337,0.000,0.663
576000,0.323,0.000,0.677
576500,0.238,0.000,0.762
577000,0.184,0.000,0.816
577500,0.277,0.000,0.723
578000,0.206,0.000,0.794
578500,0.331,0.000,0.669
579000,0.275,0.000,0.725
579500,0.290,0.000,0.710
580000,0.274,0.000,0.726
580500,0.286,0.000,0.714
581000,0.321,0.000,0.679
581500,0.252,0.000,0.748
582000,0.246,0.000,0.754
582500,0.270,0.000,0.730
583000,0.224,0.000,0.776
583500,0.233,0.000,0.767
584000,0.227,0.000,0.773
584500,0.207,0.000,0.793
585000,0.211,0.000,0.789
585500,0.297,0.000,0.703
586000,0.179,0.000,0.821
586500,0.231,0.000,0.769
587000,0.313,0.000,0.687
587500,0.206,0.000,0.794
588000,0.231,0.000,0.769
588500,0.295,0.000,0.705
589000,0.317,0.000,0.683
589500,0.223,0.000,0.777
590000,0.261,0.000,0.739
590500,0.280,0.000,0.720
591000,0.191,0.000,0.809
591500,0.194,0.000,0.806
592000,0.286,0.001,0.713
592500,0.337,0.000,0.663
593000,0.236,0.000,0.764
593500,0.183,0.000,0.817
594000,0.291,0.000,0.709
594500,0.347,0.000,0.653
595000,0.211,0.000,0.789
595500,0.236,0.000,0.764
596000,0.177,0.000,0.823
596500,0.229,0.001,0.770
597000,0.344,0.000,0.656
597500,0.214,0.000,0.786
598000,0.285,0.000,0.715
598500,0.400,0.000,0.600
599000,0.402,0.000,0.598
599500,0.254,0.000,0.746
600000,0.342,0.000,0.658
600500,0.219,0.000,0.781
601000,0.191,0.000,0.809
601500,0.188,0.000,0.812
602000,0.203,0.000,0.797
602500,0.216,0.000,0.784
603000,0.266,0.000,0.734
603500,0.198,0.000,0.802
604000,0.174,0.000,0.826
604500,0.257,0.000,0.743
605000,0.214,0.000,0.786
605500,0.299,0.000,0.701
606000,0.253,0.000,0.747
606500,0.356,0.000,0.644
607000,0.292,0.000,0.708
607500,0.196,0.000,0.804
608000,0.253,0.000,0.747
608500,0.362,0.000,0.638
609000,0.234,0.000,0.766
609500,0.204,0.000,0.796
610000,0.287,0.000,0.713
610500,0.202,0.000,0.798
611000,0.191,0.000,0.809
611500,0.259,0.000,0.741
612000,0.336,0.000,0.664
612500,0.230,0.000,0.770
613000,0.316,0.000,0.684
613500,0.212,0.000,0.788
614000,0.247,0.000,0.753
614500,0.254,0.001,0.745
615000,0.212,0.000,0.788
615500,0.189,0.000,0.811
616000,0.276,0.000,0.724
616500,0.169,0.000,0.831
617000,0.255,0.000,0.745
617500,0.332,0.000,0.668
618000,0.156,0.000,0.844
618500,0.277,0.000,0.723
619000,0.208,0.000,0.792
619500,0.143,0.000,0.857
620000,0.225,0.000,0.775
620500,0.274,0.000,0.726
621000,0.220,0.000,0.780
621500,0.238,0.000,0.762
622000,0.225,0.000,0.775
622500,0.208,0.000,0.792
623000,0.211,0.000,0.789
623500,0.245,0.000,0.755
624000,0.223,0.000,0.777
624500,0.302,0.000,0.698
625000,0.223,0.000,0.777
625500,0.291,0.000,0.709
626000,0.264,0.000,0.736
626500,0.261,0.000,0.739
627000,0.276,0.000,0.724
627500,0.316,0.000,0.684
628000,0.245,0.000,0.755
628500,0.229,0.000,0.771
629000,0.273,0.000,0.727
629500,0.222,0.000,0.778
630000,0.219,0.000,0.781
630500,0.263,0.000,0.737
631000,0.147,0.001,0.852
631500,0.242,0.000,0.758
632000,0.181,0.000,0.819
632500,0.218,0.001,0.781
633000,0.300,0.000,0.700
633500,0.126,0.000,0.874
634000,0.379,0.000,0.621
634500,0.290,0.000,0.710
635000,0.325,0.000,0.675
635500,0.247,0.000,0.753
636000,0.288,0.000,0.712
636500,0.202,0.000,0.798
637000,0.217,0.000,0.783
637500,0.336,0.000,0.664
638000,0.206,0.000,0.794
638500,0.190,0.000,0.810
639000,0.256,0.000,0.744
639500,0.199,0.000,0.801
640000,0.195,0.000,0.805
640500,0.163,0.000,0.837
641000,0.171,0.000,0.829
641500,0.196,0.000,0.804
642000,0.291,0.000,0.709
642500,0.258,0.000,0.742
643000,0.197,0.000,0.803
643500,0.244,0.000,0.756
644000,0.208,0.006,0.786
644500,0.345,0.000,0.655
645000,0.224,0.000,0.776
645500,0.249,0.000,0.751
646000,0.314,0.000,0.686
646500,0.281,0.000,0.719
647000,0.261,0.000,0.739
647500,0.219,0.000,0.781
648000,0.159,0.000,0.841
648500,0.376,0.000,0.624
649000,0.324,0.000,0.676
649500,0.272,0.000,0.728
650000,0.257,0.000,0.743
650500,0.272,0.000,0.728
651000,0.260,0.000,0.740
651500,0.306,0.000,0.694
652000,0.311,0.000,0.689
652500,0.210,0.000,0.790
653000,0.133,0.000,0.867
653500,0.215,0.001,0.784
654000,0.260,0.000,0.740
654500,0.269,0.000,0.731
655000,0.283,0.000,0.717
655500,0.206,0.000,0.794
656000,0.138,0.000,0.862
656500,0.180,0.000,0.820
657000,0.200,0.000,0.800
657500,0.216,0.000,0.784
658000,0.239,0.000,0.761
658500,0.253,0.000,0.747
659000,0.332,0.000,0.668
659500,0.210,0.000,0.790
660000,0.258,0.000,0.742
660500,0.304,0.000,0.696
661000,0.289,0.000,0.711
661500,0.308,0.000,0.692
662000,0.251,0.000,0.749
662500,0.220,0.000,0.780
663000,0.299,0.000,0.701
663500,0.283,0.000,0.717
664000,0.363,0.000,0.637
664500,0.234,0.000,0.766
665000,0.273,0.000,0.727
665500,0.159,0.004,0.837
666000,0.266,0.000,0.734
666500,0.292,0.000,0.708
667000,0.175,0.000,0.825
667500,0.255,0.000,0.745
668000,0.248,0.000,0.752
668500,0.188,0.000,0.812
669000,0.253,0.000,0.747
669500,0.267,0.000,0.733
670000,0.139,0.000,0.861
670500,0.300,0.000,0.700
671000,0.239,0.000,0.761
671500,0.232,0.001,0.767
672000,0.225,0.004,0.771
672500,0.121,0.000,0.879
673000,0.216,0.000,0.784
673500,0.363,0.000,0.637
674000,0.225,0.000,0.775
674500,0.219,0.000,0.781
675000,0.237,0.000,0.763
675500,0.286,0.000,0.714
676000,0.302,0.000,0.698
676500,0.268,0.000,0.732
677000,0.243,0.000,0.757
677500,0.259,0.000,0.741
678000,0.248,0.000,0.752
678500,0.236,0.000,0.764
679000,0.262,0.000,0.738
679500,0.275,0.000,0.725
680000,0.240,0.001,0.759
680500,0.286,0.000,0.714
681000,0.169,0.000,0.831
681500,0.282,0.000,0.718
682000,0.225,0.000,0.775
682500,0.241,0.000,0.759
683000,0.244,0.000,0.756
683500,0.320,0.000,0.680
684000,0.375,0.000,0.625
684500,0.176,0.000,0.824
685000,0.272,0.000,0.728
685500,0.119,0.000,0.881
686000,0.277,0.000,0.723
686500,0.251,0.000,0.749
687000,0.294,0.000,0.706
687500,0.173,0.000,0.827
688000,0.286,0.000,0.714
688500,0.248,0.000,0.752
689000,0.194,0.000,0.806
689500,0.225,0.000,0.775
690000,0.152,0.000,0.848
690500,0.163,0.000,0.837
691000,0.264,0.000,0.736
691500,0.296,0.000,0.704
692000,0.237,0.000,0.763
692500,0.277,0.000,0.723
693000,0.248,0.000,0.752
693500,0.290,0.000,0.710
694000,0.295,0.000,0.705
694500,0.204,0.000,0.796
695000,0.286,0.000,0.714
695500,0.270,0.005,0.725
696000,0.223,0.000,0.777
696500,0.306,0.000,0.694
697000,0.173,0.003,0.824
697500,0.287,0.000,0.713
698000,0.288,0.000,0.712
698500,0.370,0.000,0.630
699000,0.280,0.000,0.720
699500,0.364,0.000,0.636
700000,0.276,0.000,0.724
700500,0.191,0.000,0.809
701000,0.206,0.000,0.794
701500,0.291,0.000,0.709
702000,0.161,0.000,0.839
702500,0.184,0.000,0.816
703000,0.283,0.000,0.717
703500,0.302,0.000,0.698
704000,0.269,0.000,0.731
704500,0.255,0.000,0.745
705000,0.270,0.000,0.730
705500,0.243,0.000,0.757
706000,0.223,0.000,0.777
706500,0.139,0.005,0.856
707000,0.271,0.000,0.729
707500,0.251,0.000,0.749
708000,0.241,0.000,0.759
708500,0.288,0.000,0.712
709000,0.210,0.000,0.790
709500,0.225,0.000,0.775
710000,0.210,0.000,0.790
710500,0.345,0.000,0.655
711000,0.266,0.000,0.734
711500,0.247,0.000,0.753
712000,0.203,0.000,0.797
712500,0.230,0.000,0.770
713000,0.285,0.000,0.715
713500,0.220,0.000,0.780
714000,0.224,0.000,0.776
714500,0.351,0.000,0.649
715000,0.276,0.000,0.724
715500,0.224,0.006,0.770
716000,0.273,0.000,0.727
716500,0.259,0.000,0.741
717000,0.218,0.000,0.782
717500,0.263,0.000,0.737
718000,0.335,0.000,0.665
718500,0.254,0.000,0.746
719000,0.190,0.000,0.810
719500,0.324,0.000,0.676
720000,0.226,0.000,0.774
720500,0.299,0.000,0.701
721000,0.234,0.000,0.766
721500,0.294,0.000,0.706
722000,0.277,0.000,0.723
722500,0.282,0.000,0.718
723000,0.135,0.012,0.853
723500,0.268,0.000,0.732
724000,0.262,0.000,0.738
724500,0.307,0.000,0.693
725000,0.195,0.000,0.805
725500,0.215,0.000,0.785
726000,0.153,0.006,0.841
726500,0.258,0.000,0.742
727000,0.180,0.000,0.820
727500,0.187,0.000,0.813
728000,0.312,0.002,0.686
728500,0.249,0.000,0.751
729000,0.184,0.000,0.816
729500,0.199,0.000,0.801
730000,0.256,0.000,0.744
730500,0.278,0.000,0.722
731000,0.232,0.000,0.768
731500,0.201,0.000,0.799
732000,0.226,0.000,0.774
732500,0.255,0.000,0.745
733000,0.289,0.000,0.711
733500,0.200,0.000,0.800
734000,0.232,0.000,0.768
734500,0.255,0.000,0.745
735000,0.211,0.000,0.789
735500,0.224,0.000,0.776
736000,0.295,0.000,0.705
736500,0.261,0.000,0.739
737000,0.215,0.000,0.785
737500,0.236,0.000,0.764
738000,0.225,0.002,0.773
738500,0.166,0.000,0.834
739000,0.259,0.000,0.741
739500,0.225,0.000,0.775
740000,0.253,0.000,0.747
740500,0.345,0.000,0.655
741000,0.175,0.000,0.825
741500,0.285,0.000,0.715
742000,0.311,0.000,0.689
742500,0.334,0.000,0.666
743000,0.332,0.000,0.668
743500,0.325,0.000,0.675
744000,0.291,0.000,0.709
744500,0.201,0.000,0.799
745000,0.246,0.000,0.754
745500,0.275,0.000,0.725
746000,0.167,0.000,0.833
746500,0.247,0.000,0.753
747000,0.250,0.000,0.750
747500,0.253,0.002,0.745
748000,0.270,0.000,0.730
748500,0.234,0.000,0.766
749000,0.231,0.000,0.769
749500,0.208,0.000,0.792
750000,0.221,0.000,0.779
750500,0.328,0.000,0.672
751000,0.307,0.000,0.693
751500,0.186,0.020,0.794
752000,0.260,0.001,0.739
752500,0.235,0.000,0.765
753000,0.227,0.000,0.773
753500,0.284,0.000,0.716
754000,0.234,0.000,0.766
754500,0.212,0.000,0.788
755000,0.139,0.003,0.858
755500,0.273,0.000,0.727
756000,0.352,0.000,0.648
756500,0.196,0.000,0.804
757000,0.186,0.000,0.814
757500,0.324,0.000,0.676
758000,0.242,0.000,0.758
758500,0.280,0.000,0.720
759000,0.264,0.000,0.736
759500,0.326,0.000,0.674
760000,0.288,0.000,0.712
760500,0.355,0.000,0.645
761000,0.326,0.000,0.674
761500,0.269,0.000,0.731
762000,0.338,0.000,0.662
762500,0.209,0.000,0.791
763000,0.252,0.000,0.748
763500,0.355,0.000,0.645
764000,0.231,0.000,0.769
764500,0.225,0.000,0.775
765000,0.379,0.000,0.621
765500,0.241,0.000,0.759
766000,0.277,0.000,0.723
766500,0.206,0.000,0.794
767000,0.418,0.000,0.582
767500,0.244,0.000,0.756
768000,0.267,0.000,0.733
768500,0.289,0.000,0.711
769000,0.256,0.000,0.744
769500,0.170,0.000,0.830
770000,0.203,0.004,0.793
770500,0.261,0.000,0.739
771000,0.279,0.000,0.721
771500,0.330,0.000,0.670
772000,0.342,0.000,0.658
772500,0.204,0.000,0.796
773000,0.251,0.000,0.749
773500,0.239,0.000,0.761
774000,0.273,0.000,0.727
774500,0.200,0.000,0.800
775000,0.287,0.000,0.713
775500,0.251,0.001,0.748
776000,0.250,0.000,0.750
776500,0.316,0.000,0.684
777000,0.329,0.000,0.671
777500,0.228,0.000,0.772
778000,0.280,0.000,0.720
778500,0.344,0.000,0.656
779000,0.190,0.000,0.810
779500,0.193,0.000,0.807
780000,0.244,0.000,0.756
780500,0.260,0.000,0.740
781000,0.210,0.000,0.790
781500,0.246,0.000,0.754
782000,0.252,0.000,0.748
782500,0.253,0.000,0.747
783000,0.385,0.000,0.615
783500,0.255,0.000,0.745
784000,0.289,0.000,0.711
784500,0.227,0.000,0.773
785000,0.195,0.000,0.805
785500,0.291,0.000,0.709
786000,0.300,0.000,0.700
786500,0.216,0.000,0.784
787000,0.221,0.000,0.779
787500,0.278,0.000,0.722
788000,0.235,0.000,0.765
788500,0.149,0.000,0.851
789000,0.178,0.000,0.822
789500,0.274,0.001,0.725
790000,0.283,0.000,0.717
790500,0.213,0.000,0.787
791000,0.309,0.000,0.691
791500,0.319,0.000,0.681
792000,0.207,0.000,0.793
792500,0.213,0.000,0.787
793000,0.166,0.000,0.834
793500,0.199,0.000,0.801
794000,0.240,0.000,0.760
794500,0.320,0.000,0.680
795000,0.214,0.000,0.786
795500,0.241,0.000,0.759
796000,0.222,0.000,0.778
796500,0.206,0.000,0.794
797000,0.233,0.000,0.767
797500,0.206,0.000,0.794
798000,0.199,0.000,0.801
798500,0.255,0.000,0.745
799000,0.233,0.000,0.767
799500,0.210,0.000,0.790
800000,0.173,0.000,0.827
800500,0.181,0.000,0.819
801000,0.297,0.000,0.703
801500,0.271,0.000,0.729
802000,0.180,0.000,0.820
802500,0.242,0.000,0.758
803000,0.213,0.000,0.787
803500,0.294,0.000,0.706
804000,0.265,0.000,0.735
804500,0.244,0.000,0.756
805000,0.262,0.000,0.738
805500,0.246,0.000,0.754
806000,0.297,0.000,0.703
806500,0.250,0.000,0.750
807000,0.241,0.000,0.759
807500,0.225,0.000,0.775
808000,0.320,0.000,0.680
808500,0.269,0.000,0.731
809000,0.330,0.000,0.670
809500,0.236,0.000,0.764
810000,0.343,0.000,0.657
810500,0.285,0.000,0.715
811000,0.260,0.000,0.740
811500,0.221,0.000,0.779
812000,0.237,0.000,0.763
812500,0.193,0.000,0.807
813000,0.143,0.000,0.857
813500,0.236,0.000,0.764
814000,0.250,0.000,0.750
814500,0.287,0.000,0.713
815000,0.249,0.000,0.751
815500,0.275,0.000,0.725
816000,0.188,0.000,0.812
816500,0.347,0.000,0.653
817000,0.230,0.000,0.770
817500,0.252,0.000,0.748
818000,0.311,0.000,0.689
818500,0.289,0.000,0.711
819000,0.239,0.000,0.761
819500,0.180,0.000,0.820
820000,0.246,0.000,0.754
820500,0.323,0.000,0.677
821000,0.351,0.000,0.649
821500,0.307,0.000,0.693
822000,0.210,0.000,0.790
822500,0.255,0.000,0.745
823000,0.227,0.000,0.773
823500,0.222,0.000,0.778
824000,0.336,0.000,0.664
824500,0.320,0.000,0.680
825000,0.247,0.000,0.753
825500,0.246,0.000,0.754
826000,0.190,0.000,0.810
826500,0.216,0.000,0.784
827000,0.345,0.000,0.655
827500,0.265,0.000,0.735
828000,0.186,0.000,0.814
828500,0.269,0.000,0.731
829000,0.287,0.000,0.713
829500,0.166,0.000,0.834
830000,0.308,0.000,0.692
830500,0.265,0.000,0.735
831000,0.238,0.000,0.762
831500,0.247,0.000,0.753
832000,0.215,0.000,0.785
832500,0.370,0.000,0.630
833000,0.262,0.000,0.738
833500,0.225,0.000,0.775
834000,0.202,0.000,0.798
834500,0.273,0.000,0.727
835000,0.243,0.000,0.757
835500,0.255,0.000,0.745
836000,0.265,0.000,0.735
836500,0.309,0.000,0.691
837000,0.369,0.000,0.631
837500,0.355,0.000,0.645
838000,0.228,0.000,0.772
838500,0.247,0.000,0.753
839000,0.272,0.000,0.728
839500,0.203,0.000,0.797
840000,0.331,0.000,0.669
840500,0.286,0.000,0.714
841000,0.250,0.000,0.750
841500,0.240,0.000,0.760
842000,0.310,0.000,0.690
842500,0.225,0.000,0.775
843000,0.180,0.000,0.820
843500,0.233,0.000,0.767
844000,0.219,0.000,0.781
844500,0.254,0.000,0.746
845000,0.215,0.000,0.785
845500,0.189,0.000,0.811
846000,0.351,0.000,0.649
846500,0.165,0.000,0.835
847000,0.241,0.000,0.759
847500,0.198,0.000,0.802
848000,0.255,0.000,0.745
848500,0.222,0.015,0.763
849000,0.261,0.000,0.739
849500,0.309,0.000,0.691
850000,0.205,0.000,0.795
850500,0.260,0.000,0.740
851000,0.185,0.000,0.815
851500,0.181,0.000,0.819
852000,0.188,0.000,0.812
852500,0.326,0.000,0.674
853000,0.238,0.000,0.762
853500,0.111,0.027,0.862
854000,0.184,0.005,0.811
854500,0.215,0.000,0.785
855000,0.279,0.000,0.721
855500,0.294,0.000,0.706
856000,0.225,0.001,0.774
856500,0.186,0.024,0.790
857000,0.220,0.000,0.780
857500,0.317,0.000,0.683
858000,0.239,0.000,0.761
858500,0.307,0.000,0.693
859000,0.159,0.000,0.841
859500,0.208,0.000,0.792
860000,0.199,0.000,0.801
860500,0.208,0.000,0.792
861000,0.249,0.000,0.751
861500,0.267,0.000,0.733
862000,0.204,0.000,0.796
862500,0.195,0.000,0.805
863000,0.255,0.000,0.745
863500,0.144,0.000,0.856
864000,0.210,0.000,0.790
864500,0.221,0.000,0.779
865000,0.255,0.000,0.745
865500,0.215,0.000,0.785
866000,0.220,0.000,0.780
866500,0.149,0.018,0.833
867000,0.254,0.000,0.746
867500,0.171,0.000,0.829
868000,0.249,0.000,0.751
868500,0.288,0.000,0.712
869000,0.275,0.000,0.725
869500,0.182,0.000,0.818
870000,0.251,0.000,0.749
870500,0.210,0.000,0.790
871000,0.264,0.000,0.736
871500,0.127,0.000,0.873
872000,0.226,0.000,0.774
872500,0.181,0.000,0.819
873000,0.285,0.000,0.715
873500,0.237,0.000,0.763
874000,0.283,0.000,0.717
874500,0.276,0.000,0.724
875000,0.268,0.000,0.732
875500,0.310,0.000,0.690
876000,0.197,0.000,0.803
876500,0.233,0.000,0.767
877000,0.281,0.000,0.719
877500,0.315,0.000,0.685
878000,0.265,0.000,0.735
878500,0.312,0.000,0.688
879000,0.338,0.000,0.662
879500,0.294,0.000,0.706
880000,0.271,0.000,0.729
880500,0.148,0.000,0.852
881000,0.289,0.000,0.711
881500,0.282,0.000,0.718
882000,0.266,0.000,0.734
882500,0.159,0.008,0.833
883000,0.278,0.000,0.722
883500,0.311,0.000,0.689
884000,0.171,0.000,0.829
884500,0.302,0.000,0.698
885000,0.183,0.000,0.817
885500,0.186,0.000,0.814
886000,0.233,0.000,0.767
886500,0.309,0.000,0.691
887000,0.255,0.000,0.745
887500,0.223,0.000,0.777
888000,0.223,0.000,0.777
888500,0.314,0.000,0.686
889000,0.153,0.000,0.847
889500,0.231,0.000,0.769
890000,0.335,0.000,0.665
890500,0.271,0.000,0.729
891000,0.291,0.000,0.709
891500,0.252,0.000,0.748
892000,0.154,0.000,0.846
892500,0.323,0.000,0.677
893000,0.228,0.000,0.772
893500,0.171,0.000,0.829
894000,0.235,0.000,0.765
894500,0.155,0.000,0.845
895000,0.222,0.000,0.778
895500,0.265,0.000,0.735
896000,0.231,0.002,0.767
896500,0.204,0.000,0.796
897000,0.179,0.000,0.821
897500,0.197,0.000,0.803
898000,0.268,0.000,0.732
898500,0.146,0.000,0.854
899000,0.238,0.000,0.762
899500,0.257,0.000,0.743
900000,0.267,0.000,0.733
900500,0.181,0.000,0.819
901000,0.214,0.000,0.786
901500,0.190,0.000,0.810
902000,0.236,0.000,0.764
902500,0.243,0.000,0.757
903000,0.297,0.000,0.703
903500,0.333,0.000,0.667
904000,0.269,0.000,0.731
904500,0.259,0.000,0.741
905000,0.222,0.000,0.778
905500,0.269,0.000,0.731
906000,0.307,0.000,0.693
906500,0.263,0.000,0.737
907000,0.255,0.000,0.745
907500,0.232,0.001,0.767
908000,0.260,0.000,0.740
908500,0.101,0.020,0.879
909000,0.195,0.000,0.805
909500,0.154,0.000,0.846
910000,0.247,0.000,0.753
910500,0.251,0.000,0.749
911000,0.195,0.000,0.805
911500,0.252,0.000,0.748
912000,0.210,0.000,0.790
912500,0.205,0.000,0.795
913000,0.219,0.000,0.781
913500,0.307,0.000,0.693
914000,0.219,0.000,0.781
914500,0.231,0.000,0.769
915000,0.248,0.000,0.752
915500,0.306,0.000,0.694
916000,0.291,0.000,0.709
916500,0.241,0.000,0.759
917000,0.218,0.000,0.782
917500,0.242,0.000,0.758
918000,0.238,0.000,0.762
918500,0.306,0.000,0.694
919000,0.380,0.000,0.620
919500,0.280,0.000,0.720
920000,0.244,0.000,0.756
920500,0.263,0.000,0.737
921000,0.304,0.000,0.696
921500,0.196,0.000,0.804
922000,0.351,0.000,0.649
922500,0.206,0.000,0.794
923000,0.212,0.000,0.788
923500,0.255,0.000,0.745
924000,0.273,0.000,0.727
924500,0.223,0.000,0.777
925000,0.164,0.009,0.827
925500,0.251,0.000,0.749
926000,0.399,0.000,0.601
926500,0.231,0.000,0.769
927000,0.200,0.000,0.800
927500,0.172,0.000,0.828
928000,0.114,0.000,0.886
928500,0.283,0.000,0.717
929000,0.241,0.000,0.759
929500,0.283,0.000,0.717
930000,0.212,0.000,0.788
930500,0.229,0.000,0.771
931000,0.215,0.000,0.785
931500,0.265,0.000,0.735
932000,0.226,0.000,0.774
932500,0.204,0.000,0.796
933000,0.241,0.000,0.759
933500,0.296,0.000,0.704
934000,0.367,0.000,0.633
934500,0.246,0.000,0.754
935000,0.291,0.002,0.707
935500,0.176,0.000,0.824
936000,0.243,0.000,0.757
936500,0.130,0.000,0.870
937000,0.247,0.000,0.753
937500,0.289,0.000,0.711
938000,0.229,0.000,0.771
938500,0.182,0.000,0.818
939000,0.236,0.000,0.764
939500,0.251,0.000,0.749
940000,0.289,0.000,0.711
940500,0.245,0.000,0.755
941000,0.230,0.000,0.770
941500,0.317,0.000,0.683
942000,0.286,0.000,0.714
942500,0.224,0.000,0.776
943000,0.208,0.000,0.792
943500,0.315,0.000,0.685
944000,0.314,0.000,0.686
944500,0.391,0.000,0.609
945000,0.241,0.000,0.759
945500,0.193,0.000,0.807
946000,0.239,0.000,0.761
946500,0.270,0.000,0.730
947000,0.185,0.000,0.815
947500,0.279,0.000,0.721
948000,0.275,0.000,0.725
948500,0.212,0.000,0.788
949000,0.328,0.000,0.672
949500,0.217,0.000,0.783
950000,0.245,0.000,0.755
950500,0.290,0.000,0.710
951000,0.300,0.000,0.700
951500,0.271,0.000,0.729
952000,0.292,0.000,0.708
952500,0.193,0.003,0.804
953000,0.224,0.000,0.776
953500,0.191,0.022,0.787
954000,0.220,0.000,0.780
954500,0.241,0.000,0.759
955000,0.224,0.000,0.776
955500,0.304,0.000,0.696
956000,0.206,0.000,0.794
956500,0.378,0.000,0.622
957000,0.335,0.000,0.665
957500,0.256,0.000,0.744
958000,0.296,0.000,0.704
958500,0.244,0.000,0.756
959000,0.223,0.000,0.777
959500,0.278,0.000,0.722
960000,0.299,0.000,0.701
960500,0.214,0.000,0.786
961000,0.287,0.000,0.713
961500,0.190,0.000,0.810
962000,0.306,0.000,0.694
962500,0.255,0.000,0.745
963000,0.278,0.000,0.722
963500,0.291,0.000,0.709
964000,0.202,0.000,0.798
964500,0.254,0.000,0.746
965000,0.227,0.000,0.773
965500,0.266,0.000,0.734
966000,0.215,0.000,0.785
966500,0.233,0.000,0.767
967000,0.305,0.000,0.695
967500,0.203,0.000,0.797
968000,0.217,0.000,0.783
968500,0.329,0.000,0.671
969000,0.231,0.000,0.769
969500,0.183,0.000,0.817
970000,0.216,0.000,0.784
970500,0.256,0.008,0.736
971000,0.300,0.000,0.700
971500,0.193,0.000,0.807
972000,0.328,0.000,0.672
972500,0.236,0.000,0.764
973000,0.127,0.002,0.871
973500,0.342,0.000,0.658
974000,0.278,0.000,0.722
974500,0.218,0.000,0.782
975000,0.258,0.000,0.742
975500,0.247,0.000,0.753
976000,0.245,0.000,0.755
976500,0.246,0.000,0.754
977000,0.292,0.000,0.708
977500,0.349,0.000,0.651
978000,0.174,0.000,0.826
978500,0.199,0.000,0.801
979000,0.218,0.000,0.782
979500,0.255,0.000,0.745
980000,0.286,0.000,0.714
980500,0.220,0.000,0.780
981000,0.268,0.000,0.732
981500,0.220,0.000,0.780
982000,0.336,0.000,0.664
982500,0.224,0.000,0.776
983000,0.214,0.000,0.786
983500,0.167,0.000,0.833
984000,0.273,0.000,0.727
984500,0.305,0.000,0.695
985000,0.411,0.000,0.589
985500,0.253,0.000,0.747
986000,0.260,0.000,0.740
986500,0.166,0.008,0.826
987000,0.301,0.000,0.699
987500,0.183,0.000,0.817
988000,0.274,0.000,0.726
988500,0.246,0.000,0.754
989000,0.182,0.000,0.818
989500,0.242,0.000,0.758
990000,0.221,0.015,0.764
990500,0.273,0.000,0.727
991000,0.303,0.000,0.697
991500,0.298,0.000,0.702
992000,0.304,0.000,0.696
992500,0.284,0.000,0.716
993000,0.211,0.000,0.789
993500,0.247,0.000,0.753
994000,0.245,0.014,0.741
994500,0.225,0.000,0.775
995000,0.252,0.000,0.748
995500,0.285,0.000,0.715
996000,0.236,0.000,0.764
996500,0.234,0.000,0.766
997000,0.222,0.000,0.778
997500,0.251,0.000,0.749
998000,0.276,0.000,0.724
998500,0.234,0.000,0.766
999000,0.206,0.000,0.794
999500,0.109,0.009,0.882
1000000,0.147,0.011,0.842
