time,n_A+p,n_B,n_AB
500,0.030,0.945,0.025
1000,0.030,0.890,0.080
1500,0.030,0.836,0.134
2000,0.030,0.864,0.106
2500,0.030,0.776,0.194
3000,0.030,0.768,0.202
3500,0.030,0.807,0.162
4000,0.030,0.857,0.113
4500,0.030,0.811,0.158
5000,0.030,0.787,0.182
5500,0.030,0.736,0.234
6000,0.030,0.744,0.226
6500,0.030,0.753,0.217
7000,0.030,0.806,0.164
7500,0.030,0.849,0.121
8000,0.030,0.796,0.174
8500,0.030,0.791,0.178
9000,0.030,0.721,0.249
9500,0.030,0.750,0.220
10000,0.030,0.755,0.215
10500,0.030,0.767,0.203
11000,0.030,0.762,0.208
11500,0.030,0.772,0.198
12000,0.030,0.737,0.233
12500,0.030,0.820,0.150
13000,0.030,0.833,0.137
13500,0.030,0.805,0.164
14000,0.030,0.774,0.196
14500,0.030,0.783,0.186
15000,0.030,0.809,0.160
15500,0.030,0.826,0.144
16000,0.030,0.781,0.189
16500,0.030,0.776,0.194
17000,0.030,0.787,0.183
17500,0.030,0.759,0.211
18000,0.030,0.734,0.236
18500,0.030,0.743,0.227
19000,0.030,0.757,0.213
19500,0.030,0.774,0.196
20000,0.030,0.766,0.204
20500,0.030,0.797,0.173
21000,0.030,0.798,0.171
21500,0.030,0.766,0.204
22000,0.030,0.745,0.225
22500,0.030,0.751,0.219
23000,0.030,0.765,0.205
23500,0.030,0.754,0.216
24000,0.030,0.788,0.181
24500,0.030,0.781,0.189
25000,0.030,0.715,0.255
25500,0.030,0.783,0.186
26000,0.030,0.754,0.216
26500,0.030,0.776,0.194
27000,0.030,0.780,0.190
27500,0.030,0.776,0.194
28000,0.030,0.775,0.195
28500,0.030,0.779,0.191
29000,0.030,0.777,0.193
29500,0.030,0.814,0.156
30000,0.030,0.789,0.180
30500,0.030,0.795,0.175
31000,0.030,0.829,0.141
31500,0.030,0.796,0.174
32000,0.030,0.780,0.190
32500,0.030,0.756,0.214
33000,0.030,0.733,0.237
33500,0.030,0.790,0.179
34000,0.030,0.761,0.209
34500,0.030,0.776,0.194
35000,0.030,0.782,0.188
35500,0.030,0.766,0.204
36000,0.030,0.750,0.220
36500,0.030,0.802,0.168
37000,0.030,0.840,0.130
37500,0.030,0.841,0.129
38000,0.030,0.864,0.106
38500,0.030,0.838,0.132
39000,0.030,0.810,0.160
39500,0.030,0.785,0.185
40000,0.030,0.847,0.123
40500,0.030,0.807,0.163
41000,0.030,0.826,0.144
41500,0.030,0.778,0.192
42000,0.030,0.754,0.216
42500,0.030,0.787,0.182
43000,0.030,0.791,0.179
43500,0.030,0.785,0.185
44000,0.030,0.761,0.209
44500,0.030,0.768,0.202
45000,0.030,0.770,0.200
45500,0.030,0.788,0.181
46000,0.030,0.760,0.210
46500,0.030,0.757,0.213
47000,0.030,0.750,0.220
47500,0.030,0.803,0.166
48000,0.030,0.793,0.177
48500,0.030,0.727,0.243
49000,0.030,0.702,0.268
49500,0.030,0.766,0.204
50000,0.030,0.753,0.217
50500,0.030,0.756,0.214
51000,0.030,0.764,0.206
51500,0.030,0.802,0.168
52000,0.030,0.791,0.178
52500,0.030,0.713,0.257
53000,0.030,0.754,0.216
53500,0.030,0.799,0.171
54000,0.030,0.755,0.215
54500,0.030,0.763,0.207
55000,0.030,0.737,0.233
55500,0.030,0.696,0.274
56000,0.030,0.737,0.233
56500,0.030,0.791,0.178
57000,0.030,0.777,0.193
57500,0.030,0.772,0.198
58000,0.030,0.696,0.274
58500,0.030,0.716,0.254
59000,0.030,0.749,0.221
59500,0.030,0.735,0.235
60000,0.030,0.758,0.212
60500,0.030,0.760,0.210
61000,0.030,0.708,0.262
61500,0.030,0.714,0.256
62000,0.030,0.739,0.231
62500,0.030,0.789,0.180
63000,0.030,0.836,0.134
63500,0.030,0.838,0.132
64000,0.030,0.813,0.157
64500,0.030,0.803,0.166
65000,0.030,0.838,0.132
65500,0.030,0.838,0.132
66000,0.030,0.839,0.131
66500,0.030,0.788,0.181
67000,0.030,0.782,0.188
67500,0.030,0.785,0.184
68000,0.030,0.815,0.155
68500,0.030,0.754,0.216
69000,0.030,0.752,0.218
69500,0.030,0.749,0.221
70000,0.030,0.755,0.215
70500,0.030,0.694,0.276
71000,0.030,0.758,0.212
71500,0.030,0.792,0.177
72000,0.030,0.803,0.167
72500,0.030,0.803,0.166
73000,0.030,0.796,0.174
73500,0.030,0.797,0.172
74000,0.030,0.775,0.195
74500,0.030,0.786,0.184
75000,0.030,0.768,0.202
75500,0.030,0.796,0.173
76000,0.030,0.800,0.169
76500,0.030,0.838,0.132
77000,0.030,0.858,0.112
77500,0.030,0.821,0.149
78000,0.030,0.799,0.170
78500,0.030,0.815,0.155
79000,0.030,0.764,0.206
79500,0.030,0.707,0.263
80000,0.030,0.746,0.224
80500,0.030,0.740,0.230
81000,0.030,0.745,0.225
81500,0.030,0.763,0.207
82000,0.030,0.820,0.150
82500,0.030,0.836,0.134
83000,0.030,0.837,0.133
83500,0.030,0.844,0.126
84000,0.030,0.819,0.151
84500,0.030,0.815,0.155
85000,0.030,0.825,0.145
85500,0.030,0.842,0.128
86000,0.030,0.808,0.161
86500,0.030,0.775,0.195
87000,0.030,0.779,0.191
87500,0.030,0.755,0.215
88000,0.030,0.762,0.208
88500,0.030,0.781,0.189
89000,0.030,0.768,0.202
89500,0.030,0.766,0.204
90000,0.030,0.699,0.271
90500,0.030,0.747,0.223
91000,0.030,0.754,0.216
91500,0.030,0.700,0.270
92000,0.030,0.806,0.163
92500,0.030,0.771,0.199
93000,0.030,0.773,0.197
93500,0.030,0.781,0.189
94000,0.030,0.793,0.176
94500,0.030,0.761,0.209
95000,0.030,0.729,0.241
95500,0.030,0.763,0.207
96000,0.030,0.710,0.260
96500,0.030,0.795,0.175
97000,0.030,0.818,0.152
97500,0.030,0.714,0.256
98000,0.030,0.690,0.280
98500,0.030,0.729,0.241
99000,0.030,0.728,0.242
99500,0.030,0.711,0.259
100000,0.030,0.729,0.241
100500,0.030,0.768,0.202
101000,0.030,0.805,0.164
101500,0.030,0.834,0.136
102000,0.030,0.805,0.164
102500,0.030,0.797,0.173
103000,0.030,0.791,0.179
103500,0.030,0.812,0.158
104000,0.030,0.794,0.176
104500,0.030,0.770,0.200
105000,0.030,0.787,0.183
105500,0.030,0.757,0.213
106000,0.030,0.783,0.187
106500,0.030,0.774,0.196
107000,0.030,0.784,0.186
107500,0.030,0.826,0.144
108000,0.030,0.855,0.115
108500,0.030,0.851,0.119
109000,0.030,0.851,0.119
109500,0.030,0.833,0.137
110000,0.030,0.827,0.143
110500,0.030,0.799,0.171
111000,0.030,0.756,0.214
111500,0.030,0.745,0.225
112000,0.030,0.781,0.189
112500,0.030,0.772,0.198
113000,0.030,0.762,0.208
113500,0.030,0.767,0.203
114000,0.030,0.768,0.202
114500,0.030,0.747,0.223
115000,0.030,0.789,0.180
115500,0.030,0.804,0.166
116000,0.030,0.794,0.175
116500,0.030,0.819,0.151
117000,0.030,0.820,0.150
117500,0.030,0.853,0.117
118000,0.030,0.772,0.198
118500,0.030,0.794,0.176
119000,0.030,0.805,0.164
119500,0.030,0.794,0.176
120000,0.030,0.746,0.224
120500,0.030,0.764,0.206
121000,0.030,0.807,0.162
121500,0.030,0.811,0.158
122000,0.030,0.808,0.161
122500,0.030,0.823,0.147
123000,0.030,0.793,0.177
123500,0.030,0.760,0.210
124000,0.030,0.825,0.145
124500,0.030,0.839,0.131
125000,0.030,0.816,0.154
125500,0.030,0.811,0.159
126000,0.030,0.838,0.132
126500,0.030,0.773,0.197
127000,0.030,0.760,0.210
127500,0.030,0.758,0.212
128000,0.030,0.716,0.254
128500,0.030,0.725,0.245
129000,0.030,0.734,0.236
129500,0.030,0.797,0.173
130000,0.030,0.770,0.200
130500,0.030,0.797,0.172
131000,0.030,0.816,0.154
131500,0.030,0.793,0.177
132000,0.030,0.799,0.170
132500,0.030,0.789,0.180
133000,0.030,0.806,0.164
133500,0.030,0.810,0.159
134000,0.030,0.799,0.171
134500,0.030,0.819,0.151
135000,0.030,0.789,0.181
135500,0.030,0.820,0.150
136000,0.030,0.806,0.164
136500,0.030,0.835,0.135
137000,0.030,0.819,0.151
137500,0.030,0.829,0.141
138000,0.030,0.787,0.182
138500,0.030,0.754,0.216
139000,0.030,0.786,0.183
139500,0.030,0.759,0.211
140000,0.030,0.801,0.168
140500,0.030,0.795,0.174
141000,0.030,0.823,0.147
141500,0.030,0.810,0.160
142000,0.030,0.787,0.183
142500,0.030,0.801,0.169
143000,0.030,0.800,0.169
143500,0.030,0.812,0.158
144000,0.030,0.795,0.174
144500,0.030,0.779,0.191
145000,0.030,0.772,0.198
145500,0.030,0.771,0.199
146000,0.030,0.766,0.204
146500,0.030,0.788,0.182
147000,0.030,0.800,0.170
147500,0.030,0.794,0.176
148000,0.030,0.817,0.153
148500,0.030,0.839,0.131
149000,0.030,0.835,0.135
149500,0.030,0.846,0.124
150000,0.030,0.854,0.116
150500,0.030,0.849,0.121
151000,0.030,0.802,0.167
151500,0.030,0.822,0.148
152000,0.030,0.810,0.160
152500,0.030,0.787,0.182
153000,0.030,0.777,0.193
153500,0.030,0.727,0.243
154000,0.030,0.728,0.242
154500,0.030,0.790,0.180
155000,0.030,0.794,0.175
155500,0.030,0.786,0.183
156000,0.030,0.720,0.250
156500,0.030,0.755,0.215
157000,0.030,0.813,0.157
157500,0.030,0.780,0.190
158000,0.030,0.789,0.180
158500,0.030,0.772,0.198
159000,0.030,0.785,0.184
159500,0.030,0.784,0.186
160000,0.030,0.743,0.227
160500,0.030,0.734,0.236
161000,0.030,0.737,0.233
161500,0.030,0.808,0.162
162000,0.030,0.796,0.173
162500,0.030,0.801,0.169
163000,0.030,0.793,0.177
163500,0.030,0.818,0.152
164000,0.030,0.836,0.134
164500,0.030,0.819,0.151
165000,0.030,0.815,0.155
165500,0.030,0.785,0.184
166000,0.030,0.758,0.212
166500,0.030,0.785,0.184
167000,0.030,0.782,0.188
167500,0.030,0.796,0.173
168000,0.030,0.774,0.196
168500,0.030,0.733,0.237
169000,0.030,0.747,0.223
169500,0.030,0.765,0.205
170000,0.030,0.711,0.259
170500,0.030,0.759,0.211
171000,0.030,0.771,0.199
171500,0.030,0.750,0.220
172000,0.030,0.829,0.141
172500,0.030,0.837,0.133
173000,0.030,0.831,0.139
173500,0.030,0.826,0.144
174000,0.030,0.784,0.185
174500,0.030,0.777,0.193
175000,0.030,0.715,0.255
175500,0.030,0.748,0.222
176000,0.030,0.717,0.253
176500,0.030,0.762,0.208
177000,0.030,0.780,0.190
177500,0.030,0.781,0.189
178000,0.030,0.836,0.134
178500,0.030,0.868,0.102
179000,0.030,0.846,0.124
179500,0.030,0.800,0.169
180000,0.030,0.809,0.161
180500,0.030,0.767,0.203
181000,0.030,0.770,0.200
181500,0.030,0.798,0.171
182000,0.030,0.815,0.155
182500,0.030,0.816,0.154
183000,0.030,0.756,0.214
183500,0.030,0.701,0.269
184000,0.030,0.741,0.229
184500,0.030,0.740,0.230
185000,0.030,0.756,0.214
185500,0.030,0.750,0.220
186000,0.030,0.742,0.228
186500,0.030,0.781,0.189
187000,0.030,0.727,0.243
187500,0.030,0.747,0.223
188000,0.030,0.744,0.226
188500,0.030,0.749,0.221
189000,0.030,0.773,0.197
189500,0.030,0.795,0.175
190000,0.030,0.825,0.145
190500,0.030,0.814,0.156
191000,0.030,0.769,0.201
191500,0.030,0.785,0.184
192000,0.030,0.821,0.149
192500,0.030,0.807,0.162
193000,0.030,0.826,0.144
193500,0.030,0.829,0.141
194000,0.030,0.773,0.197
194500,0.030,0.769,0.201
195000,0.030,0.773,0.197
195500,0.030,0.816,0.154
196000,0.030,0.855,0.115
196500,0.030,0.851,0.119
197000,0.030,0.838,0.132
197500,0.030,0.861,0.109
198000,0.030,0.823,0.147
198500,0.030,0.805,0.164
199000,0.030,0.795,0.174
199500,0.030,0.784,0.185
200000,0.030,0.810,0.159
200500,0.030,0.754,0.216
201000,0.030,0.732,0.238
201500,0.030,0.782,0.188
202000,0.030,0.743,0.227
202500,0.030,0.739,0.231
203000,0.030,0.734,0.236
203500,0.030,0.777,0.193
204000,0.030,0.814,0.156
204500,0.030,0.805,0.164
205000,0.030,0.832,0.138
205500,0.030,0.782,0.188
206000,0.030,0.762,0.208
206500,0.030,0.804,0.166
207000,0.030,0.818,0.152
207500,0.030,0.793,0.177
208000,0.030,0.792,0.178
208500,0.030,0.786,0.184
209000,0.030,0.816,0.154
209500,0.030,0.741,0.229
210000,0.030,0.720,0.250
210500,0.030,0.713,0.257
211000,0.030,0.712,0.258
211500,0.030,0.759,0.211
212000,0.030,0.778,0.192
212500,0.030,0.814,0.156
213000,0.030,0.826,0.144
213500,0.030,0.781,0.189
214000,0.030,0.781,0.189
214500,0.030,0.759,0.211
215000,0.030,0.769,0.201
215500,0.030,0.749,0.221
216000,0.030,0.760,0.210
216500,0.030,0.779,0.191
217000,0.030,0.769,0.201
217500,0.030,0.757,0.213
218000,0.030,0.815,0.155
218500,0.030,0.785,0.185
219000,0.030,0.798,0.171
219500,0.030,0.807,0.163
220000,0.030,0.783,0.187
220500,0.030,0.789,0.180
221000,0.030,0.786,0.183
221500,0.030,0.789,0.181
222000,0.030,0.810,0.159
222500,0.030,0.794,0.176
223000,0.030,0.775,0.195
223500,0.030,0.770,0.200
224000,0.030,0.792,0.178
224500,0.030,0.791,0.178
225000,0.030,0.780,0.190
225500,0.030,0.781,0.189
226000,0.030,0.800,0.170
226500,0.030,0.805,0.165
227000,0.030,0.800,0.170
227500,0.030,0.825,0.145
228000,0.030,0.775,0.195
228500,0.030,0.745,0.225
229000,0.030,0.739,0.231
229500,0.030,0.801,0.168
230000,0.030,0.809,0.161
230500,0.030,0.790,0.180
231000,0.030,0.812,0.157
231500,0.030,0.791,0.179
232000,0.030,0.805,0.164
232500,0.030,0.769,0.201
233000,0.030,0.702,0.268
233500,0.030,0.755,0.215
234000,0.030,0.754,0.216
234500,0.030,0.804,0.165
235000,0.030,0.770,0.200
235500,0.030,0.804,0.166
236000,0.030,0.776,0.194
236500,0.030,0.777,0.193
237000,0.030,0.781,0.189
237500,0.030,0.777,0.193
238000,0.030,0.786,0.183
238500,0.030,0.813,0.157
239000,0.030,0.790,0.180
239500,0.030,0.785,0.185
240000,0.030,0.806,0.163
240500,0.030,0.786,0.183
241000,0.030,0.763,0.207
241500,0.030,0.754,0.216
242000,0.030,0.779,0.191
242500,0.030,0.752,0.218
243000,0.030,0.754,0.216
243500,0.030,0.736,0.234
244000,0.030,0.718,0.252
244500,0.030,0.763,0.207
245000,0.030,0.751,0.219
245500,0.030,0.771,0.199
246000,0.030,0.750,0.220
246500,0.030,0.720,0.250
247000,0.030,0.791,0.179
247500,0.030,0.764,0.206
248000,0.030,0.737,0.233
248500,0.030,0.720,0.250
249000,0.030,0.714,0.256
249500,0.030,0.733,0.237
250000,0.030,0.772,0.198
250500,0.030,0.725,0.245
251000,0.030,0.745,0.225
251500,0.030,0.788,0.182
252000,0.030,0.817,0.153
252500,0.030,0.843,0.127
253000,0.030,0.817,0.153
253500,0.030,0.818,0.152
254000,0.030,0.816,0.154
254500,0.030,0.814,0.156
255000,0.030,0.816,0.154
255500,0.030,0.844,0.126
256000,0.030,0.821,0.149
256500,0.030,0.824,0.146
257000,0.030,0.809,0.160
257500,0.030,0.812,0.158
258000,0.030,0.814,0.156
258500,0.030,0.797,0.173
259000,0.030,0.778,0.192
259500,0.030,0.749,0.221
260000,0.030,0.741,0.229
260500,0.030,0.693,0.277
261000,0.030,0.714,0.256
261500,0.030,0.768,0.202
262000,0.030,0.798,0.171
262500,0.030,0.797,0.172
263000,0.030,0.773,0.197
263500,0.030,0.768,0.202
264000,0.030,0.773,0.197
264500,0.030,0.750,0.220
265000,0.030,0.733,0.237
265500,0.030,0.746,0.224
266000,0.030,0.767,0.203
266500,0.030,0.803,0.167
267000,0.030,0.777,0.193
267500,0.030,0.784,0.185
268000,0.030,0.773,0.197
268500,0.030,0.814,0.156
269000,0.030,0.819,0.151
269500,0.030,0.810,0.160
270000,0.030,0.790,0.180
270500,0.030,0.822,0.148
271000,0.030,0.812,0.158
271500,0.030,0.859,0.111
272000,0.030,0.803,0.167
272500,0.030,0.785,0.184
273000,0.030,0.760,0.210
273500,0.030,0.723,0.247
274000,0.030,0.751,0.219
274500,0.030,0.745,0.225
275000,0.030,0.737,0.233
275500,0.030,0.749,0.221
276000,0.030,0.773,0.197
276500,0.030,0.829,0.141
277000,0.030,0.857,0.113
277500,0.030,0.833,0.137
278000,0.030,0.826,0.144
278500,0.030,0.736,0.234
279000,0.030,0.777,0.193
279500,0.030,0.732,0.238
280000,0.030,0.719,0.251
280500,0.030,0.727,0.243
281000,0.030,0.809,0.160
281500,0.030,0.803,0.167
282000,0.030,0.829,0.141
282500,0.030,0.822,0.148
283000,0.030,0.834,0.136
283500,0.030,0.790,0.180
284000,0.030,0.785,0.184
284500,0.030,0.767,0.203
285000,0.030,0.786,0.183
285500,0.030,0.763,0.207
286000,0.030,0.798,0.172
286500,0.030,0.779,0.191
287000,0.030,0.836,0.134
287500,0.030,0.771,0.199
288000,0.030,0.769,0.201
288500,0.030,0.759,0.211
289000,0.030,0.772,0.198
289500,0.030,0.773,0.197
290000,0.030,0.786,0.183
290500,0.030,0.765,0.205
291000,0.030,0.785,0.184
291500,0.030,0.743,0.227
292000,0.030,0.779,0.191
292500,0.030,0.769,0.201
293000,0.030,0.727,0.243
293500,0.030,0.791,0.179
294000,0.030,0.797,0.172
294500,0.030,0.800,0.170
295000,0.030,0.829,0.141
295500,0.030,0.801,0.169
296000,0.030,0.792,0.177
296500,0.030,0.792,0.177
297000,0.030,0.753,0.217
297500,0.030,0.721,0.249
298000,0.030,0.751,0.219
298500,0.030,0.785,0.185
299000,0.030,0.803,0.167
299500,0.030,0.796,0.173
300000,0.030,0.807,0.163
300500,0.030,0.789,0.180
301000,0.030,0.745,0.225
301500,0.030,0.716,0.254
302000,0.030,0.713,0.257
302500,0.030,0.765,0.205
303000,0.030,0.790,0.179
303500,0.030,0.707,0.263
304000,0.030,0.703,0.267
304500,0.030,0.698,0.272
305000,0.030,0.782,0.188
305500,0.030,0.779,0.191
306000,0.030,0.777,0.193
306500,0.030,0.819,0.151
307000,0.030,0.820,0.150
307500,0.030,0.798,0.171
308000,0.030,0.815,0.155
308500,0.030,0.792,0.177
309000,0.030,0.795,0.174
309500,0.030,0.808,0.161
310000,0.030,0.778,0.192
310500,0.030,0.763,0.207
311000,0.030,0.809,0.161
311500,0.030,0.773,0.197
312000,0.030,0.779,0.191
312500,0.030,0.787,0.183
313000,0.030,0.761,0.209
313500,0.030,0.775,0.195
314000,0.030,0.794,0.176
314500,0.030,0.787,0.183
315000,0.030,0.818,0.152
315500,0.030,0.818,0.152
316000,0.030,0.801,0.168
316500,0.030,0.791,0.179
317000,0.030,0.804,0.166
317500,0.030,0.826,0.144
318000,0.030,0.781,0.189
318500,0.030,0.797,0.172
319000,0.030,0.781,0.189
319500,0.030,0.803,0.166
320000,0.030,0.798,0.172
320500,0.030,0.804,0.166
321000,0.030,0.819,0.151
321500,0.030,0.824,0.146
322000,0.030,0.797,0.173
322500,0.030,0.793,0.177
323000,0.030,0.785,0.185
323500,0.030,0.766,0.204
324000,0.030,0.733,0.237
324500,0.030,0.765,0.205
325000,0.030,0.797,0.172
325500,0.030,0.793,0.176
326000,0.030,0.798,0.172
326500,0.030,0.824,0.146
327000,0.030,0.822,0.148
327500,0.030,0.805,0.165
328000,0.030,0.802,0.167
328500,0.030,0.744,0.226
329000,0.030,0.753,0.217
329500,0.030,0.729,0.241
330000,0.030,0.716,0.254
330500,0.030,0.755,0.215
331000,0.030,0.747,0.223
331500,0.030,0.781,0.189
332000,0.030,0.793,0.177
332500,0.030,0.817,0.153
333000,0.030,0.829,0.141
333500,0.030,0.833,0.137
334000,0.030,0.775,0.195
334500,0.030,0.752,0.218
335000,0.030,0.787,0.183
335500,0.030,0.778,0.192
336000,0.030,0.792,0.177
336500,0.030,0.798,0.172
337000,0.030,0.785,0.185
337500,0.030,0.781,0.189
338000,0.030,0.804,0.165
338500,0.030,0.794,0.175
339000,0.030,0.771,0.199
339500,0.030,0.784,0.185
340000,0.030,0.800,0.169
340500,0.030,0.824,0.146
341000,0.030,0.793,0.176
341500,0.030,0.827,0.143
342000,0.030,0.780,0.190
342500,0.030,0.745,0.225
343000,0.030,0.756,0.214
343500,0.030,0.764,0.206
344000,0.030,0.776,0.194
344500,0.030,0.828,0.142
345000,0.030,0.830,0.140
345500,0.030,0.805,0.164
346000,0.030,0.785,0.185
346500,0.030,0.729,0.241
347000,0.030,0.808,0.162
347500,0.030,0.770,0.200
348000,0.030,0.793,0.176
348500,0.030,0.847,0.123
349000,0.030,0.806,0.164
349500,0.030,0.809,0.160
350000,0.030,0.803,0.167
350500,0.030,0.750,0.220
351000,0.030,0.722,0.248
351500,0.030,0.747,0.223
352000,0.030,0.768,0.202
352500,0.030,0.790,0.179
353000,0.030,0.773,0.197
353500,0.030,0.773,0.197
354000,0.030,0.752,0.218
354500,0.030,0.764,0.206
355000,0.030,0.733,0.237
355500,0.030,0.792,0.178
356000,0.030,0.774,0.196
356500,0.030,0.783,0.186
357000,0.030,0.826,0.144
357500,0.030,0.806,0.164
358000,0.030,0.793,0.177
358500,0.030,0.798,0.172
359000,0.030,0.821,0.149
359500,0.030,0.799,0.171
360000,0.030,0.731,0.239
360500,0.030,0.802,0.167
361000,0.030,0.794,0.176
361500,0.030,0.761,0.209
362000,0.030,0.739,0.231
362500,0.030,0.793,0.177
363000,0.030,0.764,0.206
363500,0.030,0.773,0.197
364000,0.030,0.766,0.204
364500,0.030,0.786,0.184
365000,0.030,0.781,0.189
365500,0.030,0.761,0.209
366000,0.030,0.769,0.201
366500,0.030,0.795,0.175
367000,0.030,0.815,0.155
367500,0.030,0.775,0.195
368000,0.030,0.785,0.185
368500,0.030,0.779,0.191
369000,0.030,0.786,0.184
369500,0.030,0.785,0.185
370000,0.030,0.794,0.176
370500,0.030,0.778,0.192
371000,0.030,0.772,0.198
371500,0.030,0.799,0.171
372000,0.030,0.794,0.175
372500,0.030,0.801,0.168
373000,0.030,0.824,0.146
373500,0.030,0.816,0.154
374000,0.030,0.807,0.162
374500,0.030,0.740,0.230
375000,0.030,0.720,0.250
375500,0.030,0.813,0.157
376000,0.030,0.775,0.195
376500,0.030,0.815,0.155
377000,0.030,0.808,0.162
377500,0.030,0.816,0.154
378000,0.030,0.803,0.167
378500,0.030,0.828,0.142
379000,0.030,0.821,0.149
379500,0.030,0.793,0.176
380000,0.030,0.793,0.177
380500,0.030,0.808,0.161
381000,0.030,0.832,0.138
381500,0.030,0.834,0.136
382000,0.030,0.825,0.145
382500,0.030,0.785,0.184
383000,0.030,0.825,0.145
383500,0.030,0.786,0.183
384000,0.030,0.757,0.213
384500,0.030,0.757,0.213
385000,0.030,0.803,0.167
385500,0.030,0.789,0.180
386000,0.030,0.799,0.170
386500,0.030,0.846,0.124
387000,0.030,0.826,0.144
387500,0.030,0.840,0.130
388000,0.030,0.851,0.119
388500,0.030,0.844,0.126
389000,0.030,0.824,0.146
389500,0.030,0.833,0.137
390000,0.030,0.788,0.181
390500,0.030,0.748,0.222
391000,0.030,0.752,0.218
391500,0.030,0.744,0.226
392000,0.030,0.790,0.179
392500,0.030,0.782,0.188
393000,0.030,0.791,0.178
393500,0.030,0.790,0.179
394000,0.030,0.770,0.200
394500,0.030,0.768,0.202
395000,0.030,0.771,0.199
395500,0.030,0.765,0.205
396000,0.030,0.801,0.168
396500,0.030,0.803,0.166
397000,0.030,0.767,0.203
397500,0.030,0.806,0.164
398000,0.030,0.805,0.164
398500,0.030,0.759,0.211
399000,0.030,0.769,0.201
399500,0.030,0.791,0.178
400000,0.030,0.791,0.178
400500,0.030,0.760,0.210
401000,0.030,0.768,0.202
401500,0.030,0.720,0.250
402000,0.030,0.749,0.221
402500,0.030,0.739,0.231
403000,0.030,0.734,0.236
403500,0.030,0.741,0.229
404000,0.030,0.755,0.215
404500,0.030,0.787,0.182
405000,0.030,0.815,0.155
405500,0.030,0.774,0.196
406000,0.030,0.805,0.165
406500,0.030,0.814,0.156
407000,0.030,0.824,0.146
407500,0.030,0.827,0.143
408000,0.030,0.822,0.148
408500,0.030,0.793,0.177
409000,0.030,0.817,0.153
409500,0.030,0.824,0.146
410000,0.030,0.748,0.222
410500,0.030,0.770,0.200
411000,0.030,0.771,0.199
411500,0.030,0.792,0.177
412000,0.030,0.795,0.175
412500,0.030,0.766,0.204
413000,0.030,0.793,0.177
413500,0.030,0.814,0.156
414000,0.030,0.792,0.177
414500,0.030,0.728,0.242
415000,0.030,0.785,0.184
415500,0.030,0.782,0.188
416000,0.030,0.753,0.217
416500,0.030,0.722,0.248
417000,0.030,0.729,0.241
417500,0.030,0.739,0.231
418000,0.030,0.780,0.190
418500,0.030,0.811,0.159
419000,0.030,0.830,0.140
419500,0.030,0.819,0.151
420000,0.030,0.773,0.197
420500,0.030,0.826,0.144
421000,0.030,0.801,0.168
421500,0.030,0.820,0.150
422000,0.030,0.736,0.234
422500,0.030,0.790,0.179
423000,0.030,0.802,0.167
423500,0.030,0.756,0.214
424000,0.030,0.791,0.179
424500,0.030,0.817,0.153
425000,0.030,0.794,0.175
425500,0.030,0.800,0.169
426000,0.030,0.793,0.176
426500,0.030,0.854,0.116
427000,0.030,0.792,0.177
427500,0.030,0.785,0.184
428000,0.030,0.777,0.193
428500,0.030,0.784,0.186
429000,0.030,0.736,0.234
429500,0.030,0.724,0.246
430000,0.030,0.721,0.249
430500,0.030,0.704,0.266
431000,0.030,0.754,0.216
431500,0.030,0.692,0.278
432000,0.030,0.754,0.216
432500,0.030,0.720,0.250
433000,0.030,0.750,0.220
433500,0.030,0.795,0.174
434000,0.030,0.808,0.162
434500,0.030,0.795,0.175
435000,0.030,0.727,0.243
435500,0.030,0.707,0.263
436000,0.030,0.724,0.246
436500,0.030,0.741,0.229
437000,0.030,0.756,0.214
437500,0.030,0.757,0.213
438000,0.030,0.817,0.153
438500,0.030,0.806,0.163
439000,0.030,0.781,0.189
439500,0.030,0.770,0.200
440000,0.030,0.806,0.164
440500,0.030,0.783,0.187
441000,0.030,0.783,0.186
441500,0.030,0.780,0.190
442000,0.030,0.788,0.182
442500,0.030,0.796,0.173
443000,0.030,0.772,0.198
443500,0.030,0.747,0.223
444000,0.030,0.775,0.195
444500,0.030,0.749,0.221
445000,0.030,0.786,0.184
445500,0.030,0.793,0.176
446000,0.030,0.812,0.157
446500,0.030,0.807,0.162
447000,0.030,0.846,0.124
447500,0.030,0.840,0.130
448000,0.030,0.802,0.167
448500,0.030,0.812,0.158
449000,0.030,0.800,0.170
449500,0.030,0.828,0.142
450000,0.030,0.796,0.174
450500,0.030,0.799,0.171
451000,0.030,0.809,0.161
451500,0.030,0.759,0.211
452000,0.030,0.752,0.218
452500,0.030,0.763,0.207
453000,0.030,0.781,0.189
453500,0.030,0.782,0.188
454000,0.030,0.744,0.226
454500,0.030,0.734,0.236
455000,0.030,0.796,0.173
455500,0.030,0.834,0.136
456000,0.030,0.812,0.157
456500,0.030,0.755,0.215
457000,0.030,0.728,0.242
457500,0.030,0.770,0.200
458000,0.030,0.827,0.143
458500,0.030,0.817,0.153
459000,0.030,0.811,0.158
459500,0.030,0.799,0.170
460000,0.030,0.830,0.140
460500,0.030,0.813,0.157
461000,0.030,0.802,0.167
461500,0.030,0.827,0.143
462000,0.030,0.814,0.156
462500,0.030,0.784,0.185
463000,0.030,0.743,0.227
463500,0.030,0.743,0.227
464000,0.030,0.748,0.222
464500,0.030,0.770,0.200
465000,0.030,0.792,0.178
465500,0.030,0.760,0.210
466000,0.030,0.748,0.222
466500,0.030,0.753,0.217
467000,0.030,0.812,0.158
467500,0.030,0.787,0.182
468000,0.030,0.835,0.135
468500,0.030,0.839,0.131
469000,0.030,0.749,0.221
469500,0.030,0.725,0.245
470000,0.030,0.729,0.241
470500,0.030,0.776,0.194
471000,0.030,0.770,0.200
471500,0.030,0.774,0.196
472000,0.030,0.782,0.188
472500,0.030,0.808,0.162
473000,0.030,0.776,0.194
473500,0.030,0.834,0.136
474000,0.030,0.797,0.173
474500,0.030,0.791,0.178
475000,0.030,0.790,0.180
475500,0.030,0.826,0.144
476000,0.030,0.750,0.220
476500,0.030,0.772,0.198
477000,0.030,0.763,0.207
477500,0.030,0.780,0.190
478000,0.030,0.779,0.191
478500,0.030,0.779,0.191
479000,0.030,0.797,0.172
479500,0.030,0.768,0.202
480000,0.030,0.748,0.222
480500,0.030,0.776,0.194
481000,0.030,0.784,0.186
481500,0.030,0.813,0.157
482000,0.030,0.842,0.128
482500,0.030,0.828,0.142
483000,0.030,0.829,0.141
483500,0.030,0.830,0.140
484000,0.030,0.828,0.142
484500,0.030,0.788,0.181
485000,0.030,0.833,0.137
485500,0.030,0.805,0.164
486000,0.030,0.801,0.168
486500,0.030,0.800,0.170
487000,0.030,0.774,0.196
487500,0.030,0.769,0.201
488000,0.030,0.765,0.205
488500,0.030,0.734,0.236
489000,0.030,0.784,0.186
489500,0.030,0.774,0.196
490000,0.030,0.791,0.179
490500,0.030,0.816,0.154
491000,0.030,0.779,0.191
491500,0.030,0.800,0.170
492000,0.030,0.801,0.169
492500,0.030,0.822,0.148
493000,0.030,0.834,0.136
493500,0.030,0.818,0.152
494000,0.030,0.768,0.202
494500,0.030,0.791,0.179
495000,0.030,0.779,0.191
495500,0.030,0.773,0.197
496000,0.030,0.815,0.155
496500,0.030,0.816,0.154
497000,0.030,0.840,0.130
497500,0.030,0.847,0.123
498000,0.030,0.846,0.124
498500,0.030,0.828,0.142
499000,0.030,0.800,0.170
499500,0.030,0.819,0.151
500000,0.030,0.816,0.154
500500,0.030,0.801,0.168
501000,0.030,0.829,0.141
501500,0.030,0.839,0.131
502000,0.030,0.797,0.172
502500,0.030,0.814,0.156
503000,0.030,0.838,0.132
503500,0.030,0.832,0.138
504000,0.030,0.853,0.117
504500,0.030,0.827,0.143
505000,0.030,0.787,0.182
505500,0.030,0.805,0.164
506000,0.030,0.824,0.146
506500,0.030,0.771,0.199
507000,0.030,0.733,0.237
507500,0.030,0.700,0.270
508000,0.030,0.720,0.250
508500,0.030,0.760,0.210
509000,0.030,0.764,0.206
509500,0.030,0.790,0.179
510000,0.030,0.757,0.213
510500,0.030,0.810,0.160
511000,0.030,0.784,0.186
511500,0.030,0.777,0.193
512000,0.030,0.742,0.228
512500,0.030,0.731,0.239
513000,0.030,0.752,0.218
513500,0.030,0.746,0.224
514000,0.030,0.821,0.149
514500,0.030,0.812,0.158
515000,0.030,0.792,0.178
515500,0.030,0.782,0.188
516000,0.030,0.809,0.160
516500,0.030,0.767,0.203
517000,0.030,0.806,0.164
517500,0.030,0.784,0.185
518000,0.030,0.781,0.189
518500,0.030,0.792,0.178
519000,0.030,0.766,0.204
519500,0.030,0.732,0.238
520000,0.030,0.748,0.222
520500,0.030,0.787,0.183
521000,0.030,0.792,0.178
521500,0.030,0.817,0.153
522000,0.030,0.798,0.172
522500,0.030,0.783,0.187
523000,0.030,0.759,0.211
523500,0.030,0.737,0.233
524000,0.030,0.743,0.227
524500,0.030,0.803,0.166
525000,0.030,0.806,0.164
525500,0.030,0.840,0.130
526000,0.030,0.831,0.139
526500,0.030,0.831,0.139
527000,0.030,0.813,0.157
527500,0.030,0.789,0.180
528000,0.030,0.768,0.202
528500,0.030,0.793,0.177
529000,0.030,0.789,0.181
529500,0.030,0.750,0.220
530000,0.030,0.756,0.214
530500,0.030,0.767,0.203
531000,0.030,0.739,0.231
531500,0.030,0.733,0.237
532000,0.030,0.710,0.260
532500,0.030,0.733,0.237
533000,0.030,0.743,0.227
533500,0.030,0.764,0.206
534000,0.030,0.787,0.182
534500,0.030,0.802,0.167
535000,0.030,0.738,0.232
535500,0.030,0.716,0.254
536000,0.030,0.745,0.225
536500,0.030,0.766,0.204
537000,0.030,0.786,0.183
537500,0.030,0.787,0.182
538000,0.030,0.744,0.226
538500,0.030,0.773,0.197
539000,0.030,0.782,0.188
539500,0.030,0.720,0.250
540000,0.030,0.767,0.203
540500,0.030,0.813,0.157
541000,0.030,0.767,0.203
541500,0.030,0.771,0.199
542000,0.030,0.766,0.204
542500,0.030,0.763,0.207
543000,0.030,0.795,0.174
543500,0.030,0.750,0.220
544000,0.030,0.759,0.211
544500,0.030,0.791,0.178
545000,0.030,0.768,0.202
545500,0.030,0.840,0.130
546000,0.030,0.775,0.195
546500,0.030,0.745,0.225
547000,0.030,0.742,0.228
547500,0.030,0.793,0.176
548000,0.030,0.774,0.196
548500,0.030,0.782,0.188
549000,0.030,0.827,0.143
549500,0.030,0.816,0.154
550000,0.030,0.780,0.190
550500,0.030,0.839,0.131
551000,0.030,0.778,0.192
551500,0.030,0.760,0.210
552000,0.030,0.776,0.194
552500,0.030,0.798,0.171
553000,0.030,0.788,0.182
553500,0.030,0.797,0.172
554000,0.030,0.794,0.175
554500,0.030,0.777,0.193
555000,0.030,0.756,0.214
555500,0.030,0.730,0.240
556000,0.030,0.777,0.193
556500,0.030,0.816,0.154
557000,0.030,0.823,0.147
557500,0.030,0.805,0.164
558000,0.030,0.806,0.163
558500,0.030,0.767,0.203
559000,0.030,0.782,0.188
559500,0.030,0.787,0.182
560000,0.030,0.810,0.159
560500,0.030,0.806,0.163
561000,0.030,0.778,0.192
561500,0.030,0.818,0.152
562000,0.030,0.765,0.205
562500,0.030,0.744,0.226
563000,0.030,0.736,0.234
563500,0.030,0.768,0.202
564000,0.030,0.772,0.198
564500,0.030,0.793,0.176
565000,0.030,0.782,0.188
565500,0.030,0.819,0.151
566000,0.030,0.753,0.217
566500,0.030,0.709,0.261
567000,0.030,0.707,0.263
567500,0.030,0.736,0.234
568000,0.030,0.797,0.173
568500,0.030,0.782,0.188
569000,0.030,0.787,0.182
569500,0.030,0.802,0.168
570000,0.030,0.772,0.198
570500,0.030,0.812,0.158
571000,0.030,0.697,0.273
571500,0.030,0.701,0.269
572000,0.030,0.720,0.250
572500,0.030,0.789,0.181
573000,0.030,0.793,0.177
573500,0.030,0.817,0.153
574000,0.030,0.770,0.200
574500,0.030,0.742,0.228
575000,0.030,0.797,0.173
575500,0.030,0.809,0.160
576000,0.030,0.767,0.203
576500,0.030,0.819,0.151
577000,0.030,0.824,0.146
577500,0.030,0.821,0.149
578000,0.030,0.783,0.187
578500,0.030,0.746,0.224
579000,0.030,0.755,0.215
579500,0.030,0.754,0.216
580000,0.030,0.765,0.205
580500,0.030,0.763,0.207
581000,0.030,0.771,0.199
581500,0.030,0.743,0.227
582000,0.030,0.750,0.220
582500,0.030,0.763,0.207
583000,0.030,0.799,0.171
583500,0.030,0.763,0.207
584000,0.030,0.801,0.168
584500,0.030,0.785,0.185
585000,0.030,0.808,0.161
585500,0.030,0.840,0.130
586000,0.030,0.853,0.117
586500,0.030,0.834,0.136
587000,0.030,0.832,0.138
587500,0.030,0.814,0.156
588000,0.030,0.817,0.153
588500,0.030,0.803,0.167
589000,0.030,0.807,0.162
589500,0.030,0.814,0.156
590000,0.030,0.814,0.156
590500,0.030,0.755,0.215
591000,0.030,0.719,0.251
591500,0.030,0.756,0.214
592000,0.030,0.810,0.160
592500,0.030,0.831,0.139
593000,0.030,0.863,0.107
593500,0.030,0.802,0.168
594000,0.030,0.817,0.153
594500,0.030,0.784,0.185
595000,0.030,0.769,0.201
595500,0.030,0.771,0.199
596000,0.030,0.758,0.212
596500,0.030,0.799,0.170
597000,0.030,0.786,0.184
597500,0.030,0.845,0.125
598000,0.030,0.842,0.128
598500,0.030,0.792,0.178
599000,0.030,0.822,0.148
599500,0.030,0.791,0.178
600000,0.030,0.771,0.199
600500,0.030,0.779,0.191
601000,0.030,0.730,0.240
601500,0.030,0.744,0.226
602000,0.030,0.761,0.209
602500,0.030,0.712,0.258
603000,0.030,0.791,0.178
603500,0.030,0.785,0.185
604000,0.030,0.746,0.224
604500,0.030,0.785,0.184
605000,0.030,0.760,0.210
605500,0.030,0.793,0.176
606000,0.030,0.796,0.173
606500,0.030,0.781,0.189
607000,0.030,0.728,0.242
607500,0.030,0.775,0.195
608000,0.030,0.781,0.189
608500,0.030,0.813,0.157
609000,0.030,0.769,0.201
609500,0.030,0.759,0.211
610000,0.030,0.758,0.212
610500,0.030,0.821,0.149
611000,0.030,0.829,0.141
611500,0.030,0.845,0.125
612000,0.030,0.831,0.139
612500,0.030,0.819,0.151
613000,0.030,0.827,0.143
613500,0.030,0.757,0.213
614000,0.030,0.790,0.180
614500,0.030,0.729,0.241
615000,0.030,0.777,0.193
615500,0.030,0.750,0.220
616000,0.030,0.732,0.238
616500,0.030,0.736,0.234
617000,0.030,0.759,0.211
617500,0.030,0.759,0.211
618000,0.030,0.770,0.200
618500,0.030,0.796,0.173
619000,0.030,0.770,0.200
619500,0.030,0.755,0.215
620000,0.030,0.790,0.180
620500,0.030,0.779,0.191
621000,0.030,0.837,0.133
621500,0.030,0.831,0.139
622000,0.030,0.835,0.135
622500,0.030,0.818,0.152
623000,0.030,0.801,0.169
623500,0.030,0.798,0.172
624000,0.030,0.763,0.207
624500,0.030,0.781,0.189
625000,0.030,0.803,0.166
625500,0.030,0.746,0.224
626000,0.030,0.744,0.226
626500,0.030,0.785,0.184
627000,0.030,0.781,0.189
627500,0.030,0.741,0.229
628000,0.030,0.771,0.199
628500,0.030,0.750,0.220
629000,0.030,0.720,0.250
629500,0.030,0.779,0.191
630000,0.030,0.798,0.172
630500,0.030,0.819,0.151
631000,0.030,0.782,0.188
631500,0.030,0.797,0.173
632000,0.030,0.803,0.167
632500,0.030,0.802,0.168
633000,0.030,0.827,0.143
633500,0.030,0.815,0.155
634000,0.030,0.846,0.124
634500,0.030,0.824,0.146
635000,0.030,0.840,0.130
635500,0.030,0.757,0.213
636000,0.030,0.752,0.218
636500,0.030,0.775,0.195
637000,0.030,0.798,0.172
637500,0.030,0.704,0.266
638000,0.030,0.744,0.226
638500,0.030,0.719,0.251
639000,0.030,0.759,0.211
639500,0.030,0.783,0.187
640000,0.030,0.779,0.191
640500,0.030,0.766,0.204
641000,0.030,0.794,0.176
641500,0.030,0.767,0.203
642000,0.030,0.807,0.162
642500,0.030,0.761,0.209
643000,0.030,0.763,0.207
643500,0.030,0.784,0.185
644000,0.030,0.776,0.194
644500,0.030,0.749,0.221
645000,0.030,0.717,0.253
645500,0.030,0.695,0.275
646000,0.030,0.747,0.223
646500,0.030,0.768,0.202
647000,0.030,0.755,0.215
647500,0.030,0.781,0.189
648000,0.030,0.795,0.174
648500,0.030,0.772,0.198
649000,0.030,0.768,0.202
649500,0.030,0.781,0.189
650000,0.030,0.795,0.174
650500,0.030,0.791,0.179
651000,0.030,0.834,0.136
651500,0.030,0.802,0.168
652000,0.030,0.808,0.161
652500,0.030,0.828,0.142
653000,0.030,0.822,0.148
653500,0.030,0.817,0.153
654000,0.030,0.817,0.153
654500,0.030,0.838,0.132
655000,0.030,0.841,0.129
655500,0.030,0.802,0.167
656000,0.030,0.748,0.222
656500,0.030,0.745,0.225
657000,0.030,0.760,0.210
657500,0.030,0.791,0.178
658000,0.030,0.765,0.205
658500,0.030,0.749,0.221
659000,0.030,0.764,0.206
659500,0.030,0.781,0.189
660000,0.030,0.774,0.196
660500,0.030,0.806,0.163
661000,0.030,0.810,0.159
661500,0.030,0.781,0.189
662000,0.030,0.784,0.185
662500,0.030,0.794,0.176
663000,0.030,0.845,0.125
663500,0.030,0.808,0.161
664000,0.030,0.830,0.140
664500,0.030,0.821,0.149
665000,0.030,0.797,0.173
665500,0.030,0.835,0.135
666000,0.030,0.826,0.144
666500,0.030,0.803,0.167
667000,0.030,0.772,0.198
667500,0.030,0.698,0.272
668000,0.030,0.741,0.229
668500,0.030,0.780,0.190
669000,0.030,0.796,0.173
669500,0.030,0.805,0.164
670000,0.030,0.764,0.206
670500,0.030,0.792,0.178
671000,0.030,0.807,0.162
671500,0.030,0.786,0.183
672000,0.030,0.829,0.141
672500,0.030,0.843,0.127
673000,0.030,0.829,0.141
673500,0.030,0.809,0.160
674000,0.030,0.856,0.114
674500,0.030,0.821,0.149
675000,0.030,0.778,0.192
675500,0.030,0.833,0.137
676000,0.030,0.828,0.142
676500,0.030,0.767,0.203
677000,0.030,0.763,0.207
677500,0.030,0.743,0.227
678000,0.030,0.787,0.182
678500,0.030,0.836,0.134
679000,0.030,0.789,0.181
679500,0.030,0.770,0.200
680000,0.030,0.742,0.228
680500,0.030,0.760,0.210
681000,0.030,0.750,0.220
681500,0.030,0.767,0.203
682000,0.030,0.793,0.176
682500,0.030,0.826,0.144
683000,0.030,0.827,0.143
683500,0.030,0.819,0.151
684000,0.030,0.818,0.152
684500,0.030,0.807,0.163
685000,0.030,0.773,0.197
685500,0.030,0.775,0.195
686000,0.030,0.752,0.218
686500,0.030,0.707,0.263
687000,0.030,0.757,0.213
687500,0.030,0.788,0.182
688000,0.030,0.808,0.161
688500,0.030,0.783,0.187
689000,0.030,0.785,0.185
689500,0.030,0.809,0.160
690000,0.030,0.794,0.175
690500,0.030,0.818,0.152
691000,0.030,0.868,0.102
691500,0.030,0.846,0.124
692000,0.030,0.778,0.192
692500,0.030,0.740,0.230
693000,0.030,0.765,0.205
693500,0.030,0.773,0.197
694000,0.030,0.742,0.228
694500,0.030,0.765,0.205
695000,0.030,0.797,0.173
695500,0.030,0.787,0.182
696000,0.030,0.729,0.241
696500,0.030,0.733,0.237
697000,0.030,0.659,0.311
697500,0.030,0.730,0.240
698000,0.030,0.753,0.217
698500,0.030,0.794,0.176
699000,0.030,0.810,0.160
699500,0.030,0.772,0.198
700000,0.030,0.793,0.176
700500,0.030,0.805,0.164
701000,0.030,0.790,0.179
701500,0.030,0.767,0.203
702000,0.030,0.770,0.200
702500,0.030,0.742,0.228
703000,0.030,0.766,0.204
703500,0.030,0.788,0.181
704000,0.030,0.791,0.178
704500,0.030,0.788,0.181
705000,0.030,0.761,0.209
705500,0.030,0.792,0.177
706000,0.030,0.797,0.173
706500,0.030,0.784,0.186
707000,0.030,0.822,0.148
707500,0.030,0.809,0.161
708000,0.030,0.793,0.177
708500,0.030,0.796,0.174
709000,0.030,0.805,0.165
709500,0.030,0.804,0.166
710000,0.030,0.781,0.189
710500,0.030,0.801,0.169
711000,0.030,0.808,0.161
711500,0.030,0.821,0.149
712000,0.030,0.840,0.130
712500,0.030,0.804,0.166
713000,0.030,0.783,0.187
713500,0.030,0.781,0.189
714000,0.030,0.750,0.220
714500,0.030,0.780,0.190
715000,0.030,0.766,0.204
715500,0.030,0.808,0.162
716000,0.030,0.799,0.171
716500,0.030,0.822,0.148
717000,0.030,0.857,0.113
717500,0.030,0.823,0.147
718000,0.030,0.801,0.168
718500,0.030,0.792,0.178
719000,0.030,0.811,0.158
719500,0.030,0.828,0.142
720000,0.030,0.790,0.180
720500,0.030,0.797,0.173
721000,0.030,0.768,0.202
721500,0.030,0.771,0.199
722000,0.030,0.805,0.164
722500,0.030,0.779,0.191
723000,0.030,0.736,0.234
723500,0.030,0.762,0.208
724000,0.030,0.764,0.206
724500,0.030,0.777,0.193
725000,0.030,0.802,0.168
725500,0.030,0.831,0.139
726000,0.030,0.826,0.144
726500,0.030,0.839,0.131
727000,0.030,0.806,0.164
727500,0.030,0.727,0.243
728000,0.030,0.712,0.258
728500,0.030,0.780,0.190
729000,0.030,0.771,0.199
729500,0.030,0.775,0.195
730000,0.030,0.797,0.173
730500,0.030,0.739,0.231
731000,0.030,0.714,0.256
731500,0.030,0.729,0.241
732000,0.030,0.724,0.246
732500,0.030,0.749,0.221
733000,0.030,0.736,0.234
733500,0.030,0.719,0.251
734000,0.030,0.750,0.220
734500,0.030,0.790,0.179
735000,0.030,0.756,0.214
735500,0.030,0.788,0.181
736000,0.030,0.778,0.192
736500,0.030,0.775,0.195
737000,0.030,0.815,0.155
737500,0.030,0.804,0.166
738000,0.030,0.745,0.225
738500,0.030,0.797,0.172
739000,0.030,0.821,0.149
739500,0.030,0.826,0.144
740000,0.030,0.818,0.152
740500,0.030,0.797,0.173
741000,0.030,0.835,0.135
741500,0.030,0.800,0.170
742000,0.030,0.817,0.153
742500,0.030,0.795,0.174
743000,0.030,0.761,0.209
743500,0.030,0.749,0.221
744000,0.030,0.783,0.187
744500,0.030,0.762,0.208
745000,0.030,0.796,0.173
745500,0.030,0.789,0.180
746000,0.030,0.803,0.167
746500,0.030,0.807,0.162
747000,0.030,0.814,0.156
747500,0.030,0.803,0.166
748000,0.030,0.803,0.167
748500,0.030,0.807,0.162
749000,0.030,0.753,0.217
749500,0.030,0.764,0.206
750000,0.030,0.766,0.204
750500,0.030,0.738,0.232
751000,0.030,0.759,0.211
751500,0.030,0.771,0.199
752000,0.030,0.770,0.200
752500,0.030,0.752,0.218
753000,0.030,0.781,0.189
753500,0.030,0.784,0.186
754000,0.030,0.808,0.162
754500,0.030,0.777,0.193
755000,0.030,0.752,0.218
755500,0.030,0.719,0.251
756000,0.030,0.709,0.261
756500,0.030,0.765,0.205
757000,0.030,0.752,0.218
757500,0.030,0.774,0.196
758000,0.030,0.788,0.182
758500,0.030,0.740,0.230
759000,0.030,0.768,0.202
759500,0.030,0.805,0.165
760000,0.030,0.826,0.144
760500,0.030,0.839,0.131
761000,0.030,0.831,0.139
761500,0.030,0.786,0.184
762000,0.030,0.793,0.176
762500,0.030,0.768,0.202
763000,0.030,0.815,0.155
763500,0.030,0.776,0.194
764000,0.030,0.820,0.150
764500,0.030,0.820,0.150
765000,0.030,0.832,0.138
765500,0.030,0.833,0.137
766000,0.030,0.836,0.134
766500,0.030,0.821,0.149
767000,0.030,0.855,0.115
767500,0.030,0.832,0.138
768000,0.030,0.803,0.167
768500,0.030,0.791,0.178
769000,0.030,0.842,0.128
769500,0.030,0.794,0.176
770000,0.030,0.759,0.211
770500,0.030,0.763,0.207
771000,0.030,0.795,0.174
771500,0.030,0.818,0.152
772000,0.030,0.790,0.179
772500,0.030,0.814,0.156
773000,0.030,0.792,0.178
773500,0.030,0.766,0.204
774000,0.030,0.777,0.193
774500,0.030,0.793,0.177
775000,0.030,0.792,0.178
775500,0.030,0.806,0.163
776000,0.030,0.792,0.177
776500,0.030,0.731,0.239
777000,0.030,0.764,0.206
777500,0.030,0.792,0.177
778000,0.030,0.787,0.183
778500,0.030,0.821,0.149
779000,0.030,0.778,0.192
779500,0.030,0.784,0.185
780000,0.030,0.774,0.196
780500,0.030,0.766,0.204
781000,0.030,0.786,0.183
781500,0.030,0.732,0.238
782000,0.030,0.775,0.195
782500,0.030,0.772,0.198
783000,0.030,0.779,0.191
783500,0.030,0.771,0.199
784000,0.030,0.759,0.211
784500,0.030,0.757,0.213
785000,0.030,0.757,0.213
785500,0.030,0.789,0.181
786000,0.030,0.778,0.192
786500,0.030,0.799,0.171
787000,0.030,0.783,0.186
787500,0.030,0.792,0.178
788000,0.030,0.796,0.174
788500,0.030,0.795,0.174
789000,0.030,0.781,0.189
789500,0.030,0.815,0.155
790000,0.030,0.798,0.172
790500,0.030,0.807,0.162
791000,0.030,0.801,0.168
791500,0.030,0.792,0.177
792000,0.030,0.818,0.152
792500,0.030,0.769,0.201
793000,0.030,0.745,0.225
793500,0.030,0.764,0.206
794000,0.030,0.751,0.219
794500,0.030,0.806,0.163
795000,0.030,0.791,0.178
795500,0.030,0.816,0.154
796000,0.030,0.766,0.204
796500,0.030,0.780,0.190
797000,0.030,0.795,0.174
797500,0.030,0.800,0.170
798000,0.030,0.837,0.133
798500,0.030,0.853,0.117
799000,0.030,0.740,0.230
799500,0.030,0.788,0.182
800000,0.030,0.793,0.177
800500,0.030,0.772,0.198
801000,0.030,0.766,0.204
801500,0.030,0.757,0.213
802000,0.030,0.751,0.219
802500,0.030,0.759,0.211
803000,0.030,0.761,0.209
803500,0.030,0.735,0.235
804000,0.030,0.780,0.190
804500,0.030,0.768,0.202
805000,0.030,0.790,0.179
805500,0.030,0.739,0.231
806000,0.030,0.778,0.192
806500,0.030,0.794,0.176
807000,0.030,0.798,0.171
807500,0.030,0.749,0.221
808000,0.030,0.723,0.247
808500,0.030,0.784,0.185
809000,0.030,0.771,0.199
809500,0.030,0.801,0.168
810000,0.030,0.825,0.145
810500,0.030,0.801,0.169
811000,0.030,0.759,0.211
811500,0.030,0.721,0.249
812000,0.030,0.705,0.265
812500,0.030,0.756,0.214
813000,0.030,0.754,0.216
813500,0.030,0.768,0.202
814000,0.030,0.812,0.158
814500,0.030,0.825,0.145
815000,0.030,0.835,0.135
815500,0.030,0.796,0.173
816000,0.030,0.792,0.177
816500,0.030,0.790,0.180
817000,0.030,0.806,0.163
817500,0.030,0.776,0.194
818000,0.030,0.829,0.141
818500,0.030,0.793,0.176
819000,0.030,0.815,0.155
819500,0.030,0.869,0.101
820000,0.030,0.828,0.142
820500,0.030,0.798,0.172
821000,0.030,0.810,0.160
821500,0.030,0.840,0.130
822000,0.030,0.808,0.162
822500,0.030,0.767,0.203
823000,0.030,0.805,0.165
823500,0.030,0.821,0.149
824000,0.030,0.849,0.121
824500,0.030,0.823,0.147
825000,0.030,0.826,0.144
825500,0.030,0.807,0.162
826000,0.030,0.792,0.177
826500,0.030,0.800,0.169
827000,0.030,0.799,0.171
827500,0.030,0.775,0.195
828000,0.030,0.768,0.202
828500,0.030,0.789,0.181
829000,0.030,0.770,0.200
829500,0.030,0.764,0.206
830000,0.030,0.747,0.223
830500,0.030,0.709,0.261
831000,0.030,0.752,0.218
831500,0.030,0.741,0.229
832000,0.030,0.782,0.188
832500,0.030,0.805,0.164
833000,0.030,0.758,0.212
833500,0.030,0.770,0.200
834000,0.030,0.790,0.179
834500,0.030,0.805,0.164
835000,0.030,0.754,0.216
835500,0.030,0.688,0.282
836000,0.030,0.716,0.254
836500,0.030,0.697,0.273
837000,0.030,0.750,0.220
837500,0.030,0.765,0.205
838000,0.030,0.805,0.164
838500,0.030,0.811,0.158
839000,0.030,0.808,0.161
839500,0.030,0.827,0.143
840000,0.030,0.816,0.154
840500,0.030,0.800,0.169
841000,0.030,0.821,0.149
841500,0.030,0.811,0.159
842000,0.030,0.778,0.192
842500,0.030,0.794,0.175
843000,0.030,0.766,0.204
843500,0.030,0.775,0.195
844000,0.030,0.789,0.181
844500,0.030,0.798,0.171
845000,0.030,0.733,0.237
845500,0.030,0.711,0.259
846000,0.030,0.683,0.286
846500,0.030,0.748,0.222
847000,0.030,0.718,0.252
847500,0.030,0.765,0.205
848000,0.030,0.773,0.197
848500,0.030,0.791,0.179
849000,0.030,0.782,0.188
849500,0.030,0.779,0.191
850000,0.030,0.771,0.199
850500,0.030,0.742,0.228
851000,0.030,0.809,0.161
851500,0.030,0.786,0.184
852000,0.030,0.731,0.239
852500,0.030,0.728,0.242
853000,0.030,0.742,0.228
853500,0.030,0.799,0.171
854000,0.030,0.800,0.169
854500,0.030,0.822,0.148
855000,0.030,0.843,0.127
855500,0.030,0.864,0.106
856000,0.030,0.842,0.128
856500,0.030,0.842,0.128
857000,0.030,0.787,0.182
857500,0.030,0.793,0.176
858000,0.030,0.818,0.152
858500,0.030,0.826,0.144
859000,0.030,0.794,0.175
859500,0.030,0.825,0.145
860000,0.030,0.825,0.145
860500,0.030,0.827,0.143
861000,0.030,0.806,0.164
861500,0.030,0.804,0.165
862000,0.030,0.757,0.213
862500,0.030,0.774,0.196
863000,0.030,0.806,0.164
863500,0.030,0.790,0.180
864000,0.030,0.742,0.228
864500,0.030,0.776,0.194
865000,0.030,0.786,0.184
865500,0.030,0.759,0.211
866000,0.030,0.752,0.218
866500,0.030,0.763,0.207
867000,0.030,0.792,0.177
867500,0.030,0.794,0.175
868000,0.030,0.787,0.183
868500,0.030,0.790,0.179
869000,0.030,0.750,0.220
869500,0.030,0.786,0.183
870000,0.030,0.776,0.194
870500,0.030,0.808,0.162
871000,0.030,0.789,0.180
871500,0.030,0.770,0.200
872000,0.030,0.782,0.188
872500,0.030,0.844,0.126
873000,0.030,0.839,0.131
873500,0.030,0.835,0.135
874000,0.030,0.793,0.176
874500,0.030,0.801,0.168
875000,0.030,0.834,0.136
875500,0.030,0.793,0.177
876000,0.030,0.785,0.185
876500,0.030,0.799,0.170
877000,0.030,0.835,0.135
877500,0.030,0.801,0.168
878000,0.030,0.788,0.181
878500,0.030,0.777,0.193
879000,0.030,0.777,0.193
879500,0.030,0.782,0.188
880000,0.030,0.817,0.153
880500,0.030,0.817,0.153
881000,0.030,0.755,0.215
881500,0.030,0.752,0.218
882000,0.030,0.756,0.214
882500,0.030,0.771,0.199
883000,0.030,0.775,0.195
883500,0.030,0.726,0.244
884000,0.030,0.714,0.256
884500,0.030,0.753,0.217
885000,0.030,0.778,0.192
885500,0.030,0.727,0.243
886000,0.030,0.681,0.288
886500,0.030,0.739,0.231
887000,0.030,0.743,0.227
887500,0.030,0.771,0.199
888000,0.030,0.770,0.200
888500,0.030,0.778,0.192
889000,0.030,0.795,0.174
889500,0.030,0.767,0.203
890000,0.030,0.810,0.160
890500,0.030,0.770,0.200
891000,0.030,0.744,0.226
891500,0.030,0.742,0.228
892000,0.030,0.814,0.156
892500,0.030,0.777,0.193
893000,0.030,0.786,0.183
893500,0.030,0.781,0.189
894000,0.030,0.835,0.135
894500,0.030,0.833,0.137
895000,0.030,0.816,0.154
895500,0.030,0.789,0.180
896000,0.030,0.751,0.219
896500,0.030,0.765,0.205
897000,0.030,0.834,0.136
897500,0.030,0.813,0.157
898000,0.030,0.764,0.206
898500,0.030,0.777,0.193
899000,0.030,0.814,0.156
899500,0.030,0.769,0.201
900000,0.030,0.777,0.193
900500,0.030,0.781,0.189
901000,0.030,0.786,0.184
901500,0.030,0.733,0.237
902000,0.030,0.710,0.260
902500,0.030,0.710,0.260
903000,0.030,0.757,0.213
903500,0.030,0.777,0.193
904000,0.030,0.787,0.182
904500,0.030,0.777,0.193
905000,0.030,0.762,0.208
905500,0.030,0.798,0.172
906000,0.030,0.808,0.162
906500,0.030,0.744,0.226
907000,0.030,0.729,0.241
907500,0.030,0.795,0.174
908000,0.030,0.812,0.157
908500,0.030,0.823,0.147
909000,0.030,0.775,0.195
909500,0.030,0.757,0.213
910000,0.030,0.806,0.164
910500,0.030,0.793,0.176
911000,0.030,0.807,0.163
911500,0.030,0.788,0.181
912000,0.030,0.788,0.182
912500,0.030,0.838,0.132
913000,0.030,0.839,0.131
913500,0.030,0.871,0.099
914000,0.030,0.805,0.164
914500,0.030,0.788,0.181
915000,0.030,0.776,0.194
915500,0.030,0.774,0.196
916000,0.030,0.741,0.229
916500,0.030,0.767,0.203
917000,0.030,0.770,0.200
917500,0.030,0.732,0.238
918000,0.030,0.772,0.198
918500,0.030,0.771,0.199
919000,0.030,0.788,0.182
919500,0.030,0.807,0.163
920000,0.030,0.816,0.154
920500,0.030,0.822,0.148
921000,0.030,0.740,0.230
921500,0.030,0.769,0.201
922000,0.030,0.776,0.194
922500,0.030,0.803,0.166
923000,0.030,0.776,0.194
923500,0.030,0.780,0.190
924000,0.030,0.760,0.210
924500,0.030,0.781,0.189
925000,0.030,0.772,0.198
925500,0.030,0.748,0.222
926000,0.030,0.756,0.214
926500,0.030,0.779,0.191
927000,0.030,0.788,0.181
927500,0.030,0.792,0.178
928000,0.030,0.815,0.155
928500,0.030,0.802,0.167
929000,0.030,0.800,0.169
929500,0.030,0.776,0.194
930000,0.030,0.740,0.230
930500,0.030,0.776,0.194
931000,0.030,0.834,0.136
931500,0.030,0.814,0.156
932000,0.030,0.783,0.186
932500,0.030,0.830,0.140
933000,0.030,0.798,0.172
933500,0.030,0.787,0.182
934000,0.030,0.842,0.128
934500,0.030,0.847,0.123
935000,0.030,0.853,0.117
935500,0.030,0.821,0.149
936000,0.030,0.818,0.152
936500,0.030,0.849,0.121
937000,0.030,0.861,0.109
937500,0.030,0.840,0.130
938000,0.030,0.794,0.175
938500,0.030,0.769,0.201
939000,0.030,0.766,0.204
939500,0.030,0.808,0.162
940000,0.030,0.759,0.211
940500,0.030,0.751,0.219
941000,0.030,0.765,0.205
941500,0.030,0.727,0.243
942000,0.030,0.740,0.230
942500,0.030,0.771,0.199
943000,0.030,0.734,0.236
943500,0.030,0.736,0.234
944000,0.030,0.776,0.194
944500,0.030,0.791,0.178
945000,0.030,0.780,0.190
945500,0.030,0.748,0.222
946000,0.030,0.751,0.219
946500,0.030,0.751,0.219
947000,0.030,0.730,0.240
947500,0.030,0.735,0.235
948000,0.030,0.736,0.234
948500,0.030,0.751,0.219
949000,0.030,0.727,0.243
949500,0.030,0.771,0.199
950000,0.030,0.826,0.144
950500,0.030,0.857,0.113
951000,0.030,0.810,0.159
951500,0.030,0.824,0.146
952000,0.030,0.818,0.152
952500,0.030,0.811,0.158
953000,0.030,0.807,0.162
953500,0.030,0.784,0.185
954000,0.030,0.759,0.211
954500,0.030,0.781,0.189
955000,0.030,0.773,0.197
955500,0.030,0.761,0.209
956000,0.030,0.759,0.211
956500,0.030,0.819,0.151
957000,0.030,0.802,0.167
957500,0.030,0.768,0.202
958000,0.030,0.754,0.216
958500,0.030,0.715,0.255
959000,0.030,0.718,0.252
959500,0.030,0.757,0.213
960000,0.030,0.757,0.213
960500,0.030,0.819,0.151
961000,0.030,0.846,0.124
961500,0.030,0.818,0.152
962000,0.030,0.836,0.134
962500,0.030,0.792,0.177
963000,0.030,0.826,0.144
963500,0.030,0.844,0.126
964000,0.030,0.809,0.161
964500,0.030,0.824,0.146
965000,0.030,0.830,0.140
965500,0.030,0.807,0.163
966000,0.030,0.786,0.183
966500,0.030,0.772,0.198
967000,0.030,0.795,0.175
967500,0.030,0.804,0.165
968000,0.030,0.811,0.159
968500,0.030,0.804,0.166
969000,0.030,0.772,0.198
969500,0.030,0.798,0.171
970000,0.030,0.760,0.210
970500,0.030,0.752,0.218
971000,0.030,0.743,0.227
971500,0.030,0.775,0.195
972000,0.030,0.824,0.146
972500,0.030,0.798,0.171
973000,0.030,0.824,0.146
973500,0.030,0.826,0.144
974000,0.030,0.819,0.151
974500,0.030,0.782,0.188
975000,0.030,0.743,0.227
975500,0.030,0.795,0.175
976000,0.030,0.779,0.191
976500,0.030,0.823,0.147
977000,0.030,0.791,0.178
977500,0.030,0.820,0.150
978000,0.030,0.777,0.193
978500,0.030,0.749,0.221
979000,0.030,0.752,0.218
979500,0.030,0.739,0.231
980000,0.030,0.751,0.219
980500,0.030,0.744,0.226
981000,0.030,0.743,0.227
981500,0.030,0.761,0.209
982000,0.030,0.741,0.229
982500,0.030,0.750,0.220
983000,0.030,0.780,0.190
983500,0.030,0.748,0.222
984000,0.030,0.727,0.243
984500,0.030,0.734,0.236
985000,0.030,0.760,0.210
985500,0.030,0.813,0.157
986000,0.030,0.800,0.170
986500,0.030,0.780,0.190
987000,0.030,0.770,0.200
987500,0.030,0.782,0.188
988000,0.030,0.745,0.225
988500,0.030,0.784,0.185
989000,0.030,0.782,0.188
989500,0.030,0.770,0.200
990000,0.030,0.814,0.156
990500,0.030,0.810,0.159
991000,0.030,0.728,0.242
991500,0.030,0.746,0.224
992000,0.030,0.801,0.168
992500,0.030,0.831,0.139
993000,0.030,0.759,0.211
993500,0.030,0.783,0.187
994000,0.030,0.720,0.250
994500,0.030,0.742,0.228
995000,0.030,0.704,0.266
995500,0.030,0.748,0.222
996000,0.030,0.755,0.215
996500,0.030,0.752,0.218
997000,0.030,0.782,0.188
997500,0.030,0.792,0.178
998000,0.030,0.761,0.209
998500,0.030,0.784,0.185
999000,0.030,0.821,0.149
999500,0.030,0.834,0.136
1000000,0.030,0.739,0.231
