time,n_A+p,n_B,n_AB
0,0.030,0.970,0.000
500,0.030,0.928,0.042
1000,0.030,0.928,0.042
1500,0.030,0.933,0.037
2000,0.030,0.918,0.052
2500,0.030,0.948,0.022
3000,0.032,0.921,0.047
3500,0.032,0.916,0.052
4000,0.032,0.906,0.062
4500,0.032,0.893,0.074
5000,0.030,0.921,0.050
5500,0.037,0.906,0.057
6000,0.030,0.931,0.040
6500,0.030,0.928,0.042
7000,0.035,0.940,0.025
7500,0.040,0.876,0.084
8000,0.042,0.876,0.082
8500,0.035,0.923,0.042
9000,0.035,0.923,0.042
9500,0.032,0.908,0.060
10000,0.032,0.931,0.037
10500,0.037,0.893,0.069
11000,0.032,0.911,0.057
11500,0.032,0.918,0.050
12000,0.037,0.908,0.055
12500,0.032,0.908,0.060
13000,0.035,0.908,0.057
13500,0.035,0.933,0.032
14000,0.032,0.906,0.062
14500,0.037,0.903,0.060
15000,0.040,0.901,0.060
15500,0.035,0.913,0.052
16000,0.035,0.935,0.030
16500,0.037,0.891,0.072
17000,0.032,0.893,0.074
17500,0.030,0.898,0.072
18000,0.032,0.886,0.082
18500,0.035,0.888,0.077
19000,0.037,0.888,0.074
19500,0.035,0.916,0.050
20000,0.030,0.906,0.065
20500,0.037,0.888,0.074
21000,0.037,0.908,0.055
21500,0.040,0.906,0.055
22000,0.035,0.908,0.057
22500,0.045,0.903,0.052
23000,0.045,0.886,0.069
23500,0.042,0.888,0.069
24000,0.040,0.916,0.045
24500,0.037,0.896,0.067
25000,0.037,0.911,0.052
25500,0.037,0.888,0.074
26000,0.042,0.906,0.052
26500,0.040,0.913,0.047
27000,0.037,0.916,0.047
27500,0.042,0.916,0.042
28000,0.042,0.921,0.037
28500,0.035,0.928,0.037
29000,0.037,0.918,0.045
29500,0.035,0.911,0.055
30000,0.032,0.928,0.040
30500,0.030,0.960,0.010
31000,0.035,0.923,0.042
31500,0.030,0.906,0.065
32000,0.030,0.923,0.047
32500,0.030,0.908,0.062
33000,0.037,0.906,0.057
33500,0.037,0.888,0.074
34000,0.032,0.926,0.042
34500,0.037,0.903,0.060
35000,0.032,0.886,0.082
35500,0.032,0.878,0.089
36000,0.035,0.911,0.055
36500,0.035,0.901,0.065
37000,0.035,0.928,0.037
37500,0.030,0.928,0.042
38000,0.042,0.913,0.045
38500,0.035,0.896,0.069
39000,0.032,0.913,0.055
39500,0.037,0.908,0.055
40000,0.035,0.931,0.035
40500,0.030,0.923,0.047
41000,0.032,0.923,0.045
41500,0.035,0.926,0.040
42000,0.032,0.901,0.067
42500,0.032,0.898,0.069
43000,0.032,0.891,0.077
43500,0.035,0.896,0.069
44000,0.040,0.921,0.040
44500,0.035,0.903,0.062
45000,0.037,0.896,0.067
45500,0.032,0.948,0.020
46000,0.040,0.926,0.035
46500,0.037,0.916,0.047
47000,0.042,0.893,0.065
47500,0.045,0.906,0.050
48000,0.035,0.896,0.069
48500,0.037,0.886,0.077
49000,0.035,0.916,0.050
49500,0.032,0.916,0.052
50000,0.032,0.918,0.050
50500,0.040,0.908,0.052
51000,0.032,0.916,0.052
51500,0.035,0.913,0.052
52000,0.035,0.923,0.042
52500,0.035,0.898,0.067
53000,0.035,0.888,0.077
53500,0.035,0.886,0.079
54000,0.037,0.893,0.069
54500,0.045,0.891,0.065
55000,0.040,0.888,0.072
55500,0.045,0.866,0.089
56000,0.037,0.844,0.119
56500,0.045,0.866,0.089
57000,0.055,0.831,0.114
57500,0.032,0.881,0.087
58000,0.035,0.878,0.087
58500,0.035,0.886,0.079
59000,0.035,0.891,0.074
59500,0.045,0.876,0.079
60000,0.042,0.886,0.072
60500,0.040,0.903,0.057
61000,0.040,0.903,0.057
61500,0.032,0.911,0.057
62000,0.042,0.873,0.084
62500,0.042,0.881,0.077
63000,0.042,0.908,0.050
63500,0.035,0.918,0.047
64000,0.030,0.911,0.060
64500,0.032,0.908,0.060
65000,0.030,0.883,0.087
65500,0.037,0.898,0.065
66000,0.030,0.881,0.089
66500,0.037,0.893,0.069
67000,0.042,0.878,0.079
67500,0.045,0.851,0.104
68000,0.032,0.903,0.065
68500,0.037,0.888,0.074
69000,0.032,0.923,0.045
69500,0.030,0.901,0.069
70000,0.040,0.916,0.045
70500,0.032,0.935,0.032
71000,0.030,0.938,0.032
71500,0.030,0.933,0.037
72000,0.030,0.935,0.035
72500,0.040,0.921,0.040
73000,0.040,0.893,0.067
73500,0.035,0.906,0.060
74000,0.035,0.908,0.057
74500,0.040,0.916,0.045
75000,0.035,0.931,0.035
75500,0.037,0.918,0.045
76000,0.035,0.933,0.032
76500,0.032,0.938,0.030
77000,0.037,0.923,0.040
77500,0.037,0.913,0.050
78000,0.035,0.898,0.067
78500,0.030,0.918,0.052
79000,0.030,0.906,0.065
79500,0.030,0.926,0.045
80000,0.030,0.883,0.087
80500,0.032,0.893,0.074
81000,0.037,0.901,0.062
81500,0.032,0.901,0.067
82000,0.035,0.926,0.040
82500,0.032,0.876,0.092
83000,0.050,0.901,0.050
83500,0.030,0.908,0.062
84000,0.035,0.906,0.060
84500,0.037,0.891,0.072
85000,0.035,0.903,0.062
85500,0.042,0.923,0.035
86000,0.040,0.921,0.040
86500,0.035,0.916,0.050
87000,0.035,0.893,0.072
87500,0.032,0.923,0.045
88000,0.032,0.940,0.027
88500,0.030,0.903,0.067
89000,0.030,0.935,0.035
89500,0.030,0.926,0.045
90000,0.032,0.921,0.047
90500,0.040,0.921,0.040
91000,0.030,0.928,0.042
91500,0.035,0.923,0.042
92000,0.032,0.918,0.050
92500,0.030,0.928,0.042
93000,0.037,0.896,0.067
93500,0.040,0.901,0.060
94000,0.037,0.871,0.092
94500,0.052,0.861,0.087
95000,0.042,0.873,0.084
95500,0.045,0.854,0.102
96000,0.042,0.906,0.052
96500,0.037,0.881,0.082
97000,0.032,0.878,0.089
97500,0.045,0.878,0.077
98000,0.040,0.876,0.084
98500,0.030,0.898,0.072
99000,0.035,0.898,0.067
99500,0.030,0.906,0.065
100000,0.032,0.908,0.060
100500,0.032,0.918,0.050
101000,0.045,0.898,0.057
101500,0.037,0.891,0.072
102000,0.040,0.918,0.042
102500,0.042,0.873,0.084
103000,0.045,0.864,0.092
103500,0.035,0.903,0.062
104000,0.032,0.876,0.092
104500,0.040,0.901,0.060
105000,0.040,0.903,0.057
105500,0.037,0.901,0.062
106000,0.045,0.891,0.065
106500,0.042,0.901,0.057
107000,0.037,0.918,0.045
107500,0.035,0.911,0.055
108000,0.037,0.931,0.032
108500,0.037,0.923,0.040
109000,0.035,0.923,0.042
109500,0.035,0.931,0.035
110000,0.035,0.913,0.052
110500,0.032,0.933,0.035
111000,0.035,0.913,0.052
111500,0.037,0.903,0.060
112000,0.037,0.893,0.069
112500,0.035,0.883,0.082
113000,0.045,0.873,0.082
113500,0.040,0.868,0.092
114000,0.040,0.868,0.092
114500,0.037,0.893,0.069
115000,0.040,0.893,0.067
115500,0.040,0.864,0.097
116000,0.040,0.864,0.097
116500,0.045,0.878,0.077
117000,0.042,0.881,0.077
117500,0.035,0.918,0.047
118000,0.032,0.918,0.050
118500,0.035,0.926,0.040
119000,0.032,0.945,0.022
119500,0.030,0.911,0.060
120000,0.030,0.921,0.050
120500,0.032,0.923,0.045
121000,0.032,0.940,0.027
121500,0.032,0.913,0.055
122000,0.035,0.931,0.035
122500,0.042,0.918,0.040
123000,0.042,0.898,0.060
123500,0.047,0.906,0.047
124000,0.042,0.906,0.052
124500,0.045,0.901,0.055
125000,0.035,0.918,0.047
125500,0.037,0.913,0.050
126000,0.037,0.888,0.074
126500,0.035,0.891,0.074
127000,0.047,0.871,0.082
127500,0.037,0.921,0.042
128000,0.037,0.913,0.050
128500,0.037,0.908,0.055
129000,0.037,0.901,0.062
129500,0.042,0.901,0.057
130000,0.035,0.916,0.050
130500,0.035,0.921,0.045
131000,0.037,0.921,0.042
131500,0.037,0.918,0.045
132000,0.035,0.906,0.060
132500,0.040,0.935,0.025
133000,0.032,0.923,0.045
133500,0.037,0.908,0.055
134000,0.032,0.913,0.055
134500,0.035,0.903,0.062
135000,0.037,0.911,0.052
135500,0.035,0.908,0.057
136000,0.035,0.908,0.057
136500,0.032,0.891,0.077
137000,0.030,0.933,0.037
137500,0.035,0.923,0.042
138000,0.040,0.881,0.079
138500,0.040,0.893,0.067
139000,0.035,0.881,0.084
139500,0.032,0.891,0.077
140000,0.035,0.901,0.065
140500,0.035,0.911,0.055
141000,0.035,0.931,0.035
141500,0.037,0.935,0.027
142000,0.035,0.916,0.050
142500,0.035,0.916,0.050
143000,0.035,0.906,0.060
143500,0.035,0.926,0.040
144000,0.032,0.933,0.035
144500,0.037,0.918,0.045
145000,0.040,0.913,0.047
145500,0.035,0.913,0.052
146000,0.030,0.921,0.050
146500,0.032,0.921,0.047
147000,0.032,0.933,0.035
147500,0.032,0.935,0.032
148000,0.032,0.913,0.055
148500,0.030,0.921,0.050
149000,0.035,0.926,0.040
149500,0.030,0.918,0.052
150000,0.035,0.916,0.050
150500,0.037,0.908,0.055
151000,0.035,0.918,0.047
151500,0.035,0.893,0.072
152000,0.030,0.918,0.052
152500,0.040,0.926,0.035
153000,0.035,0.911,0.055
153500,0.042,0.901,0.057
154000,0.035,0.906,0.060
154500,0.032,0.898,0.069
155000,0.032,0.893,0.074
155500,0.032,0.923,0.045
156000,0.037,0.906,0.057
156500,0.042,0.861,0.097
157000,0.052,0.839,0.109
157500,0.035,0.891,0.074
158000,0.037,0.928,0.035
158500,0.035,0.906,0.060
159000,0.032,0.923,0.045
159500,0.037,0.921,0.042
160000,0.040,0.921,0.040
160500,0.032,0.903,0.065
161000,0.030,0.906,0.065
161500,0.030,0.921,0.050
162000,0.030,0.908,0.062
162500,0.032,0.940,0.027
163000,0.035,0.898,0.067
163500,0.037,0.911,0.052
164000,0.037,0.916,0.047
164500,0.035,0.911,0.055
165000,0.030,0.935,0.035
165500,0.035,0.923,0.042
166000,0.032,0.901,0.067
166500,0.037,0.903,0.060
167000,0.042,0.898,0.060
167500,0.032,0.864,0.104
168000,0.032,0.906,0.062
168500,0.035,0.893,0.072
169000,0.037,0.913,0.050
169500,0.035,0.923,0.042
170000,0.032,0.916,0.052
170500,0.032,0.913,0.055
171000,0.040,0.906,0.055
171500,0.035,0.896,0.069
172000,0.037,0.908,0.055
172500,0.032,0.908,0.060
173000,0.030,0.908,0.062
173500,0.035,0.923,0.042
174000,0.035,0.916,0.050
174500,0.035,0.901,0.065
175000,0.032,0.888,0.079
175500,0.032,0.881,0.087
176000,0.030,0.948,0.022
176500,0.030,0.903,0.067
177000,0.032,0.906,0.062
177500,0.030,0.896,0.074
178000,0.032,0.908,0.060
178500,0.035,0.906,0.060
179000,0.035,0.893,0.072
179500,0.035,0.908,0.057
180000,0.037,0.891,0.072
180500,0.037,0.888,0.074
181000,0.035,0.893,0.072
181500,0.040,0.916,0.045
182000,0.030,0.906,0.065
182500,0.032,0.916,0.052
183000,0.035,0.896,0.069
183500,0.040,0.866,0.094
184000,0.032,0.886,0.082
184500,0.035,0.916,0.050
185000,0.032,0.911,0.057
185500,0.030,0.918,0.052
186000,0.030,0.898,0.072
186500,0.030,0.896,0.074
187000,0.040,0.883,0.077
187500,0.037,0.916,0.047
188000,0.035,0.918,0.047
188500,0.037,0.913,0.050
189000,0.037,0.918,0.045
189500,0.035,0.933,0.032
190000,0.035,0.923,0.042
190500,0.037,0.906,0.057
191000,0.037,0.913,0.050
191500,0.032,0.918,0.050
192000,0.035,0.913,0.052
192500,0.030,0.906,0.065
193000,0.032,0.911,0.057
193500,0.030,0.933,0.037
194000,0.030,0.921,0.050
194500,0.030,0.913,0.057
195000,0.037,0.906,0.057
195500,0.042,0.893,0.065
196000,0.037,0.881,0.082
196500,0.045,0.901,0.055
197000,0.042,0.891,0.067
197500,0.037,0.876,0.087
198000,0.045,0.881,0.074
198500,0.040,0.886,0.074
199000,0.032,0.898,0.069
199500,0.030,0.918,0.052
200000,0.030,0.921,0.050
200500,0.030,0.943,0.027
201000,0.035,0.923,0.042
201500,0.042,0.906,0.052
202000,0.030,0.921,0.050
202500,0.032,0.913,0.055
203000,0.035,0.908,0.057
203500,0.030,0.911,0.060
204000,0.047,0.881,0.072
204500,0.035,0.898,0.067
205000,0.037,0.896,0.067
205500,0.037,0.861,0.102
206000,0.040,0.906,0.055
206500,0.040,0.926,0.035
207000,0.032,0.921,0.047
207500,0.030,0.918,0.052
208000,0.042,0.903,0.055
208500,0.045,0.918,0.037
209000,0.040,0.906,0.055
209500,0.045,0.886,0.069
210000,0.052,0.886,0.062
210500,0.052,0.893,0.055
211000,0.042,0.911,0.047
211500,0.040,0.926,0.035
212000,0.037,0.913,0.050
212500,0.035,0.913,0.052
213000,0.035,0.916,0.050
213500,0.042,0.928,0.030
214000,0.037,0.918,0.045
214500,0.032,0.926,0.042
215000,0.032,0.933,0.035
215500,0.040,0.893,0.067
216000,0.030,0.911,0.060
216500,0.037,0.913,0.050
217000,0.032,0.931,0.037
217500,0.030,0.923,0.047
218000,0.035,0.903,0.062
218500,0.035,0.911,0.055
219000,0.032,0.935,0.032
219500,0.035,0.913,0.052
220000,0.037,0.921,0.042
220500,0.032,0.943,0.025
221000,0.052,0.896,0.052
221500,0.042,0.898,0.060
222000,0.037,0.893,0.069
222500,0.035,0.901,0.065
223000,0.032,0.923,0.045
223500,0.035,0.901,0.065
224000,0.037,0.901,0.062
224500,0.030,0.923,0.047
225000,0.035,0.921,0.045
225500,0.030,0.903,0.067
226000,0.030,0.921,0.050
226500,0.037,0.881,0.082
227000,0.037,0.861,0.102
227500,0.040,0.886,0.074
228000,0.032,0.913,0.055
228500,0.040,0.873,0.087
229000,0.045,0.883,0.072
229500,0.042,0.893,0.065
230000,0.032,0.926,0.042
230500,0.040,0.916,0.045
231000,0.037,0.883,0.079
231500,0.040,0.918,0.042
232000,0.037,0.868,0.094
232500,0.042,0.901,0.057
233000,0.035,0.926,0.040
233500,0.045,0.898,0.057
234000,0.035,0.906,0.060
234500,0.040,0.886,0.074
235000,0.037,0.908,0.055
235500,0.032,0.913,0.055
236000,0.030,0.928,0.042
236500,0.035,0.921,0.045
237000,0.030,0.935,0.035
237500,0.030,0.916,0.055
238000,0.042,0.906,0.052
238500,0.032,0.913,0.055
239000,0.035,0.931,0.035
239500,0.030,0.916,0.055
240000,0.040,0.898,0.062
240500,0.037,0.891,0.072
241000,0.045,0.873,0.082
241500,0.035,0.913,0.052
242000,0.032,0.928,0.040
242500,0.035,0.923,0.042
243000,0.040,0.906,0.055
243500,0.032,0.921,0.047
244000,0.032,0.916,0.052
244500,0.030,0.921,0.050
245000,0.032,0.923,0.045
245500,0.035,0.888,0.077
246000,0.037,0.893,0.069
246500,0.037,0.911,0.052
247000,0.035,0.913,0.052
247500,0.035,0.913,0.052
248000,0.032,0.911,0.057
248500,0.032,0.896,0.072
249000,0.032,0.940,0.027
249500,0.030,0.933,0.037
250000,0.030,0.931,0.040
250500,0.032,0.931,0.037
251000,0.032,0.948,0.020
251500,0.035,0.940,0.025
252000,0.035,0.918,0.047
252500,0.032,0.886,0.082
253000,0.030,0.906,0.065
253500,0.032,0.918,0.050
254000,0.037,0.896,0.067
254500,0.032,0.888,0.079
255000,0.045,0.891,0.065
255500,0.032,0.893,0.074
256000,0.037,0.861,0.102
256500,0.047,0.873,0.079
257000,0.042,0.871,0.087
257500,0.037,0.883,0.079
258000,0.040,0.886,0.074
258500,0.050,0.851,0.099
259000,0.045,0.836,0.119
259500,0.042,0.886,0.072
260000,0.037,0.901,0.062
260500,0.045,0.901,0.055
261000,0.045,0.891,0.065
261500,0.040,0.868,0.092
262000,0.040,0.898,0.062
262500,0.042,0.906,0.052
263000,0.037,0.903,0.060
263500,0.035,0.903,0.062
264000,0.040,0.903,0.057
264500,0.032,0.893,0.074
265000,0.037,0.883,0.079
265500,0.037,0.921,0.042
266000,0.037,0.928,0.035
266500,0.035,0.903,0.062
267000,0.037,0.891,0.072
267500,0.035,0.851,0.114
268000,0.037,0.903,0.060
268500,0.035,0.901,0.065
269000,0.045,0.854,0.102
269500,0.040,0.898,0.062
270000,0.040,0.913,0.047
270500,0.037,0.913,0.050
271000,0.035,0.923,0.042
271500,0.030,0.893,0.077
272000,0.030,0.926,0.045
272500,0.030,0.928,0.042
273000,0.030,0.945,0.025
273500,0.037,0.921,0.042
274000,0.032,0.908,0.060
274500,0.035,0.931,0.035
275000,0.035,0.918,0.047
275500,0.032,0.921,0.047
276000,0.032,0.933,0.035
276500,0.030,0.918,0.052
277000,0.032,0.918,0.050
277500,0.030,0.898,0.072
278000,0.035,0.911,0.055
278500,0.035,0.918,0.047
279000,0.035,0.913,0.052
279500,0.035,0.906,0.060
280000,0.035,0.931,0.035
280500,0.035,0.906,0.060
281000,0.035,0.891,0.074
281500,0.030,0.883,0.087
282000,0.032,0.901,0.067
282500,0.037,0.893,0.069
283000,0.032,0.898,0.069
283500,0.035,0.888,0.077
284000,0.037,0.901,0.062
284500,0.045,0.903,0.052
285000,0.037,0.893,0.069
285500,0.040,0.878,0.082
286000,0.035,0.849,0.117
286500,0.040,0.891,0.069
287000,0.035,0.903,0.062
287500,0.030,0.908,0.062
288000,0.035,0.923,0.042
288500,0.035,0.931,0.035
289000,0.035,0.923,0.042
289500,0.040,0.871,0.089
290000,0.040,0.893,0.067
290500,0.035,0.918,0.047
291000,0.032,0.916,0.052
291500,0.032,0.911,0.057
292000,0.037,0.911,0.052
292500,0.040,0.896,0.065
293000,0.032,0.913,0.055
293500,0.030,0.893,0.077
294000,0.032,0.868,0.099
294500,0.040,0.918,0.042
295000,0.047,0.916,0.037
295500,0.037,0.888,0.074
296000,0.037,0.928,0.035
296500,0.032,0.918,0.050
297000,0.032,0.911,0.057
297500,0.032,0.906,0.062
298000,0.042,0.893,0.065
298500,0.040,0.908,0.052
299000,0.042,0.903,0.055
299500,0.045,0.888,0.067
300000,0.047,0.876,0.077
300500,0.035,0.921,0.045
301000,0.035,0.911,0.055
301500,0.035,0.873,0.092
302000,0.030,0.878,0.092
302500,0.040,0.871,0.089
303000,0.040,0.866,0.094
303500,0.047,0.839,0.114
304000,0.045,0.873,0.082
304500,0.040,0.871,0.089
305000,0.035,0.888,0.077
305500,0.032,0.923,0.045
306000,0.032,0.906,0.062
306500,0.037,0.916,0.047
307000,0.040,0.933,0.027
307500,0.047,0.886,0.067
308000,0.047,0.896,0.057
308500,0.045,0.911,0.045
309000,0.032,0.916,0.052
309500,0.032,0.916,0.052
310000,0.030,0.918,0.052
310500,0.035,0.911,0.055
311000,0.032,0.906,0.062
311500,0.032,0.898,0.069
312000,0.035,0.908,0.057
312500,0.040,0.911,0.050
313000,0.032,0.928,0.040
313500,0.032,0.911,0.057
314000,0.030,0.901,0.069
314500,0.032,0.921,0.047
315000,0.030,0.933,0.037
315500,0.037,0.906,0.057
316000,0.030,0.891,0.079
316500,0.037,0.906,0.057
317000,0.037,0.888,0.074
317500,0.032,0.906,0.062
318000,0.030,0.911,0.060
318500,0.032,0.913,0.055
319000,0.032,0.901,0.067
319500,0.030,0.896,0.074
320000,0.032,0.886,0.082
320500,0.045,0.888,0.067
321000,0.037,0.888,0.074
321500,0.032,0.908,0.060
322000,0.030,0.911,0.060
322500,0.030,0.916,0.055
323000,0.037,0.911,0.052
323500,0.032,0.928,0.040
324000,0.032,0.916,0.052
324500,0.035,0.928,0.037
325000,0.030,0.945,0.025
325500,0.030,0.943,0.027
326000,0.040,0.893,0.067
326500,0.032,0.916,0.052
327000,0.037,0.893,0.069
327500,0.047,0.893,0.060
328000,0.032,0.908,0.060
328500,0.030,0.898,0.072
329000,0.030,0.901,0.069
329500,0.035,0.921,0.045
330000,0.037,0.901,0.062
330500,0.040,0.878,0.082
331000,0.035,0.921,0.045
331500,0.042,0.871,0.087
332000,0.035,0.888,0.077
332500,0.042,0.901,0.057
333000,0.035,0.926,0.040
333500,0.035,0.893,0.072
334000,0.032,0.883,0.084
334500,0.040,0.901,0.060
335000,0.035,0.883,0.082
335500,0.040,0.888,0.072
336000,0.040,0.891,0.069
336500,0.037,0.871,0.092
337000,0.035,0.911,0.055
337500,0.035,0.906,0.060
338000,0.037,0.886,0.077
338500,0.047,0.896,0.057
339000,0.042,0.881,0.077
339500,0.037,0.896,0.067
340000,0.035,0.923,0.042
340500,0.032,0.903,0.065
341000,0.035,0.921,0.045
341500,0.042,0.921,0.037
342000,0.035,0.911,0.055
342500,0.030,0.896,0.074
343000,0.032,0.916,0.052
343500,0.030,0.923,0.047
344000,0.030,0.940,0.030
344500,0.030,0.938,0.032
345000,0.030,0.926,0.045
345500,0.032,0.893,0.074
346000,0.032,0.918,0.050
346500,0.035,0.886,0.079
347000,0.037,0.893,0.069
347500,0.032,0.901,0.067
348000,0.030,0.906,0.065
348500,0.035,0.913,0.052
349000,0.035,0.916,0.050
349500,0.030,0.921,0.050
350000,0.032,0.933,0.035
350500,0.032,0.903,0.065
351000,0.032,0.911,0.057
351500,0.030,0.928,0.042
352000,0.035,0.938,0.027
352500,0.035,0.923,0.042
353000,0.032,0.921,0.047
353500,0.032,0.896,0.072
354000,0.037,0.893,0.069
354500,0.037,0.913,0.050
355000,0.035,0.913,0.052
355500,0.032,0.940,0.027
356000,0.030,0.948,0.022
356500,0.030,0.923,0.047
357000,0.042,0.898,0.060
357500,0.040,0.876,0.084
358000,0.035,0.891,0.074
358500,0.040,0.891,0.069
359000,0.037,0.873,0.089
359500,0.052,0.849,0.099
360000,0.040,0.871,0.089
360500,0.040,0.888,0.072
361000,0.037,0.911,0.052
361500,0.040,0.883,0.077
362000,0.032,0.908,0.060
362500,0.035,0.903,0.062
363000,0.035,0.913,0.052
363500,0.035,0.891,0.074
364000,0.030,0.908,0.062
364500,0.032,0.926,0.042
365000,0.032,0.916,0.052
365500,0.037,0.901,0.062
366000,0.032,0.901,0.067
366500,0.037,0.901,0.062
367000,0.030,0.898,0.072
367500,0.040,0.856,0.104
368000,0.045,0.854,0.102
368500,0.040,0.864,0.097
369000,0.037,0.881,0.082
369500,0.035,0.911,0.055
370000,0.037,0.913,0.050
370500,0.032,0.921,0.047
371000,0.035,0.916,0.050
371500,0.037,0.916,0.047
372000,0.037,0.896,0.067
372500,0.037,0.861,0.102
373000,0.037,0.886,0.077
373500,0.035,0.886,0.079
374000,0.040,0.854,0.107
374500,0.045,0.868,0.087
375000,0.047,0.866,0.087
375500,0.037,0.906,0.057
376000,0.032,0.886,0.082
376500,0.035,0.906,0.060
377000,0.035,0.935,0.030
377500,0.032,0.938,0.030
378000,0.035,0.923,0.042
378500,0.037,0.931,0.032
379000,0.035,0.913,0.052
379500,0.035,0.893,0.072
380000,0.032,0.921,0.047
380500,0.035,0.926,0.040
381000,0.040,0.891,0.069
381500,0.042,0.906,0.052
382000,0.035,0.931,0.035
382500,0.037,0.935,0.027
383000,0.035,0.921,0.045
383500,0.030,0.913,0.057
384000,0.037,0.903,0.060
384500,0.032,0.913,0.055
385000,0.030,0.923,0.047
385500,0.032,0.893,0.074
386000,0.037,0.906,0.057
386500,0.032,0.881,0.087
387000,0.042,0.908,0.050
387500,0.035,0.921,0.045
388000,0.040,0.921,0.040
388500,0.032,0.913,0.055
389000,0.032,0.911,0.057
389500,0.030,0.918,0.052
390000,0.042,0.859,0.099
390500,0.040,0.896,0.065
391000,0.035,0.878,0.087
391500,0.035,0.908,0.057
392000,0.030,0.906,0.065
392500,0.030,0.931,0.040
393000,0.032,0.898,0.069
393500,0.032,0.916,0.052
394000,0.037,0.928,0.035
394500,0.037,0.928,0.035
395000,0.035,0.906,0.060
395500,0.037,0.928,0.035
396000,0.035,0.903,0.062
396500,0.035,0.918,0.047
397000,0.032,0.901,0.067
397500,0.030,0.935,0.035
398000,0.030,0.923,0.047
398500,0.030,0.903,0.067
399000,0.032,0.893,0.074
399500,0.037,0.886,0.077
400000,0.035,0.903,0.062
400500,0.037,0.931,0.032
401000,0.037,0.923,0.040
401500,0.040,0.911,0.050
402000,0.032,0.926,0.042
402500,0.032,0.928,0.040
403000,0.035,0.923,0.042
403500,0.032,0.953,0.015
404000,0.030,0.918,0.052
404500,0.032,0.921,0.047
405000,0.047,0.891,0.062
405500,0.035,0.881,0.084
406000,0.032,0.908,0.060
406500,0.035,0.906,0.060
407000,0.032,0.898,0.069
407500,0.032,0.913,0.055
408000,0.030,0.923,0.047
408500,0.030,0.933,0.037
409000,0.032,0.923,0.045
409500,0.035,0.921,0.045
410000,0.037,0.918,0.045
410500,0.037,0.918,0.045
411000,0.035,0.916,0.050
411500,0.037,0.896,0.067
412000,0.047,0.883,0.069
412500,0.035,0.901,0.065
413000,0.040,0.896,0.065
413500,0.040,0.866,0.094
414000,0.040,0.883,0.077
414500,0.040,0.891,0.069
415000,0.035,0.906,0.060
415500,0.037,0.898,0.065
416000,0.040,0.918,0.042
416500,0.037,0.886,0.077
417000,0.035,0.886,0.079
417500,0.047,0.878,0.074
418000,0.035,0.886,0.079
418500,0.035,0.886,0.079
419000,0.035,0.931,0.035
419500,0.030,0.923,0.047
420000,0.032,0.933,0.035
420500,0.030,0.913,0.057
421000,0.032,0.926,0.042
421500,0.032,0.918,0.050
422000,0.035,0.926,0.040
422500,0.030,0.883,0.087
423000,0.037,0.906,0.057
423500,0.035,0.901,0.065
424000,0.035,0.916,0.050
424500,0.035,0.891,0.074
425000,0.035,0.923,0.042
425500,0.032,0.898,0.069
426000,0.035,0.921,0.045
426500,0.030,0.903,0.067
427000,0.030,0.908,0.062
427500,0.032,0.921,0.047
428000,0.035,0.906,0.060
428500,0.035,0.918,0.047
429000,0.035,0.921,0.045
429500,0.037,0.898,0.065
430000,0.040,0.926,0.035
430500,0.035,0.898,0.067
431000,0.032,0.923,0.045
431500,0.035,0.911,0.055
432000,0.037,0.921,0.042
432500,0.035,0.921,0.045
433000,0.032,0.911,0.057
433500,0.040,0.893,0.067
434000,0.030,0.893,0.077
434500,0.032,0.886,0.082
435000,0.035,0.916,0.050
435500,0.042,0.893,0.065
436000,0.045,0.898,0.057
436500,0.040,0.878,0.082
437000,0.035,0.908,0.057
437500,0.035,0.886,0.079
438000,0.040,0.893,0.067
438500,0.040,0.906,0.055
439000,0.042,0.901,0.057
439500,0.035,0.926,0.040
440000,0.035,0.916,0.050
440500,0.042,0.893,0.065
441000,0.037,0.918,0.045
441500,0.032,0.921,0.047
442000,0.032,0.911,0.057
442500,0.035,0.881,0.084
443000,0.035,0.913,0.052
443500,0.030,0.916,0.055
444000,0.032,0.931,0.037
444500,0.035,0.911,0.055
445000,0.042,0.866,0.092
445500,0.047,0.876,0.077
446000,0.045,0.871,0.084
446500,0.035,0.893,0.072
447000,0.035,0.878,0.087
447500,0.037,0.881,0.082
448000,0.042,0.878,0.079
448500,0.035,0.903,0.062
449000,0.032,0.935,0.032
449500,0.032,0.943,0.025
450000,0.037,0.916,0.047
450500,0.042,0.916,0.042
451000,0.037,0.901,0.062
451500,0.037,0.893,0.069
452000,0.040,0.888,0.072
452500,0.040,0.903,0.057
453000,0.037,0.903,0.060
453500,0.035,0.883,0.082
454000,0.040,0.903,0.057
454500,0.042,0.901,0.057
455000,0.035,0.908,0.057
455500,0.030,0.911,0.060
456000,0.035,0.901,0.065
456500,0.032,0.886,0.082
457000,0.037,0.901,0.062
457500,0.032,0.898,0.069
458000,0.030,0.906,0.065
458500,0.037,0.906,0.057
459000,0.032,0.898,0.069
459500,0.030,0.913,0.057
460000,0.030,0.923,0.047
460500,0.030,0.948,0.022
461000,0.030,0.935,0.035
461500,0.030,0.928,0.042
462000,0.037,0.898,0.065
462500,0.040,0.886,0.074
463000,0.037,0.898,0.065
463500,0.035,0.911,0.055
464000,0.035,0.906,0.060
464500,0.035,0.918,0.047
465000,0.032,0.935,0.032
465500,0.037,0.901,0.062
466000,0.035,0.878,0.087
466500,0.040,0.861,0.099
467000,0.047,0.886,0.067
467500,0.050,0.896,0.055
468000,0.045,0.866,0.089
468500,0.035,0.888,0.077
469000,0.042,0.854,0.104
469500,0.040,0.908,0.052
470000,0.047,0.878,0.074
470500,0.032,0.893,0.074
471000,0.037,0.913,0.050
471500,0.045,0.893,0.062
472000,0.040,0.864,0.097
472500,0.035,0.873,0.092
473000,0.042,0.883,0.074
473500,0.042,0.918,0.040
474000,0.045,0.906,0.050
474500,0.035,0.893,0.072
475000,0.035,0.891,0.074
475500,0.042,0.901,0.057
476000,0.042,0.861,0.097
476500,0.045,0.868,0.087
477000,0.047,0.849,0.104
477500,0.042,0.883,0.074
478000,0.037,0.888,0.074
478500,0.037,0.906,0.057
479000,0.032,0.893,0.074
479500,0.040,0.871,0.089
480000,0.037,0.898,0.065
480500,0.032,0.891,0.077
481000,0.032,0.906,0.062
481500,0.035,0.898,0.067
482000,0.035,0.878,0.087
482500,0.040,0.903,0.057
483000,0.035,0.911,0.055
483500,0.032,0.901,0.067
484000,0.037,0.888,0.074
484500,0.035,0.908,0.057
485000,0.032,0.933,0.035
485500,0.032,0.928,0.040
486000,0.035,0.926,0.040
486500,0.032,0.906,0.062
487000,0.035,0.923,0.042
487500,0.032,0.888,0.079
488000,0.035,0.856,0.109
488500,0.042,0.861,0.097
489000,0.040,0.878,0.082
489500,0.037,0.896,0.067
490000,0.040,0.911,0.050
490500,0.040,0.911,0.050
491000,0.032,0.903,0.065
491500,0.035,0.916,0.050
492000,0.030,0.916,0.055
492500,0.032,0.926,0.042
493000,0.035,0.928,0.037
493500,0.032,0.878,0.089
494000,0.040,0.873,0.087
494500,0.035,0.893,0.072
495000,0.035,0.891,0.074
495500,0.030,0.908,0.062
496000,0.040,0.911,0.050
496500,0.032,0.886,0.082
497000,0.035,0.911,0.055
497500,0.030,0.901,0.069
498000,0.035,0.883,0.082
498500,0.030,0.923,0.047
499000,0.037,0.906,0.057
499500,0.042,0.911,0.047
500000,0.045,0.893,0.062
500500,0.037,0.896,0.067
501000,0.037,0.903,0.060
501500,0.030,0.933,0.037
502000,0.037,0.893,0.069
502500,0.035,0.888,0.077
503000,0.032,0.898,0.069
503500,0.030,0.916,0.055
504000,0.030,0.931,0.040
504500,0.035,0.906,0.060
505000,0.032,0.913,0.055
505500,0.037,0.896,0.067
506000,0.035,0.913,0.052
506500,0.042,0.873,0.084
507000,0.037,0.881,0.082
507500,0.040,0.881,0.079
508000,0.047,0.891,0.062
508500,0.047,0.871,0.082
509000,0.040,0.893,0.067
509500,0.035,0.901,0.065
510000,0.032,0.916,0.052
510500,0.032,0.938,0.030
511000,0.032,0.926,0.042
511500,0.035,0.928,0.037
512000,0.040,0.903,0.057
512500,0.042,0.916,0.042
513000,0.040,0.928,0.032
513500,0.042,0.898,0.060
514000,0.035,0.908,0.057
514500,0.037,0.911,0.052
515000,0.035,0.903,0.062
515500,0.032,0.906,0.062
516000,0.040,0.878,0.082
516500,0.037,0.876,0.087
517000,0.035,0.871,0.094
517500,0.040,0.883,0.077
518000,0.032,0.918,0.050
518500,0.032,0.935,0.032
519000,0.030,0.911,0.060
519500,0.032,0.908,0.060
520000,0.030,0.923,0.047
520500,0.035,0.926,0.040
521000,0.037,0.926,0.037
521500,0.040,0.908,0.052
522000,0.032,0.918,0.050
522500,0.035,0.913,0.052
523000,0.035,0.901,0.065
523500,0.035,0.901,0.065
524000,0.032,0.893,0.074
524500,0.040,0.891,0.069
525000,0.032,0.871,0.097
525500,0.035,0.876,0.089
526000,0.032,0.918,0.050
526500,0.040,0.908,0.052
527000,0.032,0.923,0.045
527500,0.040,0.928,0.032
528000,0.047,0.906,0.047
528500,0.032,0.913,0.055
529000,0.032,0.940,0.027
529500,0.035,0.923,0.042
530000,0.032,0.921,0.047
530500,0.035,0.901,0.065
531000,0.037,0.906,0.057
531500,0.035,0.906,0.060
532000,0.035,0.888,0.077
532500,0.035,0.898,0.067
533000,0.035,0.898,0.067
533500,0.040,0.906,0.055
534000,0.045,0.871,0.084
534500,0.037,0.888,0.074
535000,0.032,0.921,0.047
535500,0.035,0.913,0.052
536000,0.035,0.931,0.035
536500,0.037,0.931,0.032
537000,0.040,0.908,0.052
537500,0.045,0.891,0.065
538000,0.045,0.901,0.055
538500,0.037,0.903,0.060
539000,0.040,0.913,0.047
539500,0.037,0.908,0.055
540000,0.035,0.911,0.055
540500,0.035,0.911,0.055
541000,0.037,0.908,0.055
541500,0.042,0.903,0.055
542000,0.032,0.893,0.074
542500,0.032,0.911,0.057
543000,0.040,0.908,0.052
543500,0.035,0.911,0.055
544000,0.042,0.903,0.055
544500,0.045,0.903,0.052
545000,0.042,0.883,0.074
545500,0.037,0.888,0.074
546000,0.035,0.928,0.037
546500,0.035,0.911,0.055
547000,0.035,0.908,0.057
547500,0.040,0.896,0.065
548000,0.032,0.918,0.050
548500,0.037,0.923,0.040
549000,0.032,0.921,0.047
549500,0.032,0.931,0.037
550000,0.035,0.921,0.045
550500,0.030,0.953,0.017
551000,0.032,0.933,0.035
551500,0.037,0.901,0.062
552000,0.035,0.938,0.027
552500,0.035,0.921,0.045
553000,0.032,0.908,0.060
553500,0.032,0.893,0.074
554000,0.032,0.908,0.060
554500,0.037,0.913,0.050
555000,0.035,0.896,0.069
555500,0.032,0.901,0.067
556000,0.032,0.893,0.074
556500,0.037,0.896,0.067
557000,0.040,0.896,0.065
557500,0.047,0.911,0.042
558000,0.045,0.886,0.069
558500,0.040,0.911,0.050
559000,0.042,0.903,0.055
559500,0.042,0.898,0.060
560000,0.040,0.886,0.074
560500,0.042,0.886,0.072
561000,0.035,0.864,0.102
561500,0.037,0.893,0.069
562000,0.035,0.893,0.072
562500,0.035,0.896,0.069
563000,0.035,0.866,0.099
563500,0.032,0.873,0.094
564000,0.032,0.913,0.055
564500,0.037,0.918,0.045
565000,0.035,0.918,0.047
565500,0.042,0.883,0.074
566000,0.032,0.888,0.079
566500,0.032,0.893,0.074
567000,0.032,0.903,0.065
567500,0.032,0.933,0.035
568000,0.040,0.921,0.040
568500,0.030,0.935,0.035
569000,0.030,0.931,0.040
569500,0.030,0.911,0.060
570000,0.035,0.906,0.060
570500,0.035,0.903,0.062
571000,0.032,0.911,0.057
571500,0.035,0.903,0.062
572000,0.037,0.896,0.067
572500,0.035,0.896,0.069
573000,0.040,0.903,0.057
573500,0.030,0.911,0.060
574000,0.032,0.908,0.060
574500,0.032,0.921,0.047
575000,0.032,0.926,0.042
575500,0.030,0.903,0.067
576000,0.035,0.926,0.040
576500,0.035,0.911,0.055
577000,0.047,0.878,0.074
577500,0.045,0.883,0.072
578000,0.037,0.891,0.072
578500,0.030,0.938,0.032
579000,0.035,0.913,0.052
579500,0.050,0.861,0.089
580000,0.045,0.876,0.079
580500,0.032,0.906,0.062
581000,0.030,0.928,0.042
581500,0.032,0.926,0.042
582000,0.032,0.918,0.050
582500,0.032,0.913,0.055
583000,0.037,0.911,0.052
583500,0.037,0.901,0.062
584000,0.032,0.916,0.052
584500,0.040,0.906,0.055
585000,0.035,0.893,0.072
585500,0.042,0.888,0.069
586000,0.037,0.883,0.079
586500,0.040,0.871,0.089
587000,0.035,0.921,0.045
587500,0.035,0.921,0.045
588000,0.037,0.935,0.027
588500,0.035,0.868,0.097
589000,0.047,0.891,0.062
589500,0.045,0.873,0.082
590000,0.042,0.918,0.040
590500,0.030,0.935,0.035
591000,0.032,0.923,0.045
591500,0.032,0.911,0.057
592000,0.032,0.886,0.082
592500,0.032,0.931,0.037
593000,0.032,0.906,0.062
593500,0.030,0.921,0.050
594000,0.032,0.935,0.032
594500,0.032,0.913,0.055
595000,0.032,0.921,0.047
595500,0.032,0.903,0.065
596000,0.032,0.923,0.045
596500,0.040,0.881,0.079
597000,0.045,0.881,0.074
597500,0.040,0.856,0.104
598000,0.047,0.891,0.062
598500,0.040,0.913,0.047
599000,0.037,0.908,0.055
599500,0.032,0.938,0.030
600000,0.032,0.921,0.047
600500,0.032,0.913,0.055
601000,0.037,0.898,0.065
601500,0.042,0.906,0.052
602000,0.035,0.876,0.089
602500,0.045,0.893,0.062
603000,0.035,0.906,0.060
603500,0.032,0.908,0.060
604000,0.042,0.898,0.060
604500,0.037,0.916,0.047
605000,0.040,0.906,0.055
605500,0.037,0.923,0.040
606000,0.037,0.901,0.062
606500,0.035,0.883,0.082
607000,0.032,0.911,0.057
607500,0.032,0.898,0.069
608000,0.032,0.933,0.035
608500,0.032,0.938,0.030
609000,0.032,0.918,0.050
609500,0.032,0.911,0.057
610000,0.037,0.918,0.045
610500,0.037,0.903,0.060
611000,0.032,0.928,0.040
611500,0.035,0.940,0.025
612000,0.047,0.916,0.037
612500,0.040,0.908,0.052
613000,0.032,0.911,0.057
613500,0.032,0.913,0.055
614000,0.032,0.933,0.035
614500,0.035,0.921,0.045
615000,0.035,0.878,0.087
615500,0.047,0.906,0.047
616000,0.037,0.881,0.082
616500,0.032,0.898,0.069
617000,0.037,0.921,0.042
617500,0.032,0.908,0.060
618000,0.035,0.916,0.050
618500,0.032,0.906,0.062
619000,0.035,0.903,0.062
619500,0.030,0.888,0.082
620000,0.035,0.918,0.047
620500,0.032,0.898,0.069
621000,0.037,0.923,0.040
621500,0.037,0.881,0.082
622000,0.032,0.888,0.079
622500,0.040,0.903,0.057
623000,0.042,0.893,0.065
623500,0.035,0.871,0.094
624000,0.035,0.878,0.087
624500,0.032,0.888,0.079
625000,0.035,0.916,0.050
625500,0.032,0.901,0.067
626000,0.032,0.921,0.047
626500,0.032,0.926,0.042
627000,0.032,0.923,0.045
627500,0.032,0.908,0.060
628000,0.055,0.896,0.050
628500,0.035,0.868,0.097
629000,0.037,0.901,0.062
629500,0.035,0.906,0.060
630000,0.035,0.903,0.062
630500,0.030,0.921,0.050
631000,0.030,0.901,0.069
631500,0.032,0.918,0.050
632000,0.030,0.911,0.060
632500,0.030,0.913,0.057
633000,0.030,0.871,0.099
633500,0.035,0.883,0.082
634000,0.037,0.896,0.067
634500,0.035,0.928,0.037
635000,0.032,0.921,0.047
635500,0.030,0.926,0.045
636000,0.032,0.903,0.065
636500,0.035,0.901,0.065
637000,0.037,0.903,0.060
637500,0.032,0.918,0.050
638000,0.030,0.926,0.045
638500,0.030,0.886,0.084
639000,0.035,0.898,0.067
639500,0.030,0.918,0.052
640000,0.040,0.923,0.037
640500,0.035,0.906,0.060
641000,0.035,0.906,0.060
641500,0.040,0.891,0.069
642000,0.035,0.901,0.065
642500,0.032,0.928,0.040
643000,0.030,0.933,0.037
643500,0.030,0.931,0.040
644000,0.030,0.928,0.042
644500,0.042,0.891,0.067
645000,0.045,0.911,0.045
645500,0.035,0.896,0.069
646000,0.037,0.868,0.094
646500,0.035,0.896,0.069
647000,0.040,0.883,0.077
647500,0.037,0.883,0.079
648000,0.032,0.940,0.027
648500,0.032,0.940,0.027
649000,0.030,0.923,0.047
649500,0.030,0.943,0.027
650000,0.030,0.883,0.087
650500,0.030,0.908,0.062
651000,0.035,0.901,0.065
651500,0.032,0.916,0.052
652000,0.030,0.916,0.055
652500,0.042,0.931,0.027
653000,0.037,0.918,0.045
653500,0.037,0.866,0.097
654000,0.047,0.878,0.074
654500,0.042,0.891,0.067
655000,0.040,0.901,0.060
655500,0.032,0.931,0.037
656000,0.035,0.881,0.084
656500,0.040,0.891,0.069
657000,0.040,0.898,0.062
657500,0.032,0.906,0.062
658000,0.032,0.908,0.060
658500,0.037,0.911,0.052
659000,0.035,0.911,0.055
659500,0.032,0.931,0.037
660000,0.037,0.896,0.067
660500,0.040,0.891,0.069
661000,0.040,0.883,0.077
661500,0.040,0.878,0.082
662000,0.037,0.893,0.069
662500,0.035,0.898,0.067
663000,0.032,0.918,0.050
663500,0.032,0.926,0.042
664000,0.037,0.918,0.045
664500,0.037,0.888,0.074
665000,0.042,0.876,0.082
665500,0.037,0.916,0.047
666000,0.037,0.903,0.060
666500,0.035,0.908,0.057
667000,0.035,0.918,0.047
667500,0.040,0.903,0.057
668000,0.035,0.906,0.060
668500,0.035,0.908,0.057
669000,0.035,0.933,0.032
669500,0.035,0.950,0.015
670000,0.035,0.921,0.045
670500,0.032,0.938,0.030
671000,0.030,0.940,0.030
671500,0.030,0.926,0.045
672000,0.030,0.918,0.052
672500,0.030,0.918,0.052
673000,0.040,0.908,0.052
673500,0.035,0.906,0.060
674000,0.032,0.893,0.074
674500,0.045,0.881,0.074
675000,0.040,0.896,0.065
675500,0.037,0.896,0.067
676000,0.037,0.891,0.072
676500,0.040,0.893,0.067
677000,0.040,0.896,0.065
677500,0.037,0.903,0.060
678000,0.032,0.918,0.050
678500,0.030,0.928,0.042
679000,0.032,0.940,0.027
679500,0.032,0.943,0.025
680000,0.030,0.945,0.025
680500,0.030,0.913,0.057
681000,0.030,0.931,0.040
681500,0.032,0.923,0.045
682000,0.035,0.916,0.050
682500,0.037,0.940,0.022
683000,0.040,0.893,0.067
683500,0.040,0.906,0.055
684000,0.032,0.911,0.057
684500,0.032,0.898,0.069
685000,0.030,0.898,0.072
685500,0.040,0.916,0.045
686000,0.035,0.903,0.062
686500,0.035,0.918,0.047
687000,0.040,0.913,0.047
687500,0.042,0.916,0.042
688000,0.037,0.926,0.037
688500,0.035,0.921,0.045
689000,0.035,0.911,0.055
689500,0.032,0.928,0.040
690000,0.032,0.926,0.042
690500,0.037,0.926,0.037
691000,0.035,0.933,0.032
691500,0.032,0.916,0.052
692000,0.037,0.918,0.045
692500,0.037,0.906,0.057
693000,0.035,0.906,0.060
693500,0.040,0.916,0.045
694000,0.040,0.921,0.040
694500,0.035,0.923,0.042
695000,0.035,0.906,0.060
695500,0.037,0.893,0.069
696000,0.035,0.911,0.055
696500,0.042,0.878,0.079
697000,0.035,0.878,0.087
697500,0.032,0.851,0.117
698000,0.035,0.891,0.074
698500,0.035,0.873,0.092
699000,0.035,0.881,0.084
699500,0.035,0.893,0.072
700000,0.035,0.901,0.065
700500,0.040,0.918,0.042
701000,0.037,0.935,0.027
701500,0.040,0.931,0.030
702000,0.035,0.931,0.035
702500,0.035,0.931,0.035
703000,0.032,0.918,0.050
703500,0.037,0.923,0.040
704000,0.037,0.873,0.089
704500,0.037,0.893,0.069
705000,0.037,0.891,0.072
705500,0.045,0.893,0.062
706000,0.040,0.913,0.047
706500,0.040,0.903,0.057
707000,0.040,0.913,0.047
707500,0.037,0.918,0.045
708000,0.040,0.913,0.047
708500,0.035,0.898,0.067
709000,0.032,0.921,0.047
709500,0.032,0.883,0.084
710000,0.032,0.916,0.052
710500,0.035,0.921,0.045
711000,0.035,0.921,0.045
711500,0.032,0.918,0.050
712000,0.032,0.928,0.040
712500,0.037,0.913,0.050
713000,0.037,0.908,0.055
713500,0.042,0.886,0.072
714000,0.035,0.913,0.052
714500,0.045,0.891,0.065
715000,0.037,0.898,0.065
715500,0.037,0.903,0.060
716000,0.037,0.896,0.067
716500,0.035,0.908,0.057
717000,0.035,0.916,0.050
717500,0.037,0.918,0.045
718000,0.040,0.901,0.060
718500,0.032,0.923,0.045
719000,0.032,0.931,0.037
719500,0.032,0.908,0.060
720000,0.042,0.901,0.057
720500,0.045,0.881,0.074
721000,0.037,0.886,0.077
721500,0.035,0.903,0.062
722000,0.042,0.878,0.079
722500,0.040,0.908,0.052
723000,0.032,0.896,0.072
723500,0.032,0.923,0.045
724000,0.030,0.933,0.037
724500,0.035,0.931,0.035
725000,0.030,0.916,0.055
725500,0.030,0.918,0.052
726000,0.032,0.896,0.072
726500,0.032,0.896,0.072
727000,0.037,0.871,0.092
727500,0.042,0.868,0.089
728000,0.037,0.876,0.087
728500,0.035,0.891,0.074
729000,0.042,0.886,0.072
729500,0.035,0.911,0.055
730000,0.032,0.923,0.045
730500,0.030,0.921,0.050
731000,0.030,0.935,0.035
731500,0.032,0.916,0.052
732000,0.037,0.906,0.057
732500,0.030,0.926,0.045
733000,0.030,0.928,0.042
733500,0.032,0.931,0.037
734000,0.032,0.923,0.045
734500,0.030,0.898,0.072
735000,0.030,0.903,0.067
735500,0.032,0.888,0.079
736000,0.030,0.893,0.077
736500,0.032,0.911,0.057
737000,0.030,0.926,0.045
737500,0.035,0.908,0.057
738000,0.040,0.898,0.062
738500,0.035,0.896,0.069
739000,0.037,0.916,0.047
739500,0.035,0.923,0.042
740000,0.030,0.918,0.052
740500,0.030,0.903,0.067
741000,0.030,0.938,0.032
741500,0.030,0.935,0.035
742000,0.030,0.950,0.020
742500,0.032,0.931,0.037
743000,0.030,0.918,0.052
743500,0.037,0.898,0.065
744000,0.035,0.893,0.072
744500,0.035,0.926,0.040
745000,0.037,0.921,0.042
745500,0.037,0.913,0.050
746000,0.035,0.913,0.052
746500,0.035,0.913,0.052
747000,0.035,0.923,0.042
747500,0.035,0.923,0.042
748000,0.037,0.893,0.069
748500,0.035,0.886,0.079
749000,0.035,0.898,0.067
749500,0.040,0.891,0.069
750000,0.047,0.881,0.072
750500,0.060,0.841,0.099
751000,0.037,0.859,0.104
751500,0.035,0.906,0.060
752000,0.035,0.913,0.052
752500,0.035,0.886,0.079
753000,0.032,0.903,0.065
753500,0.032,0.913,0.055
754000,0.032,0.921,0.047
754500,0.032,0.906,0.062
755000,0.030,0.918,0.052
755500,0.032,0.928,0.040
756000,0.032,0.913,0.055
756500,0.040,0.893,0.067
757000,0.042,0.903,0.055
757500,0.032,0.891,0.077
758000,0.030,0.923,0.047
758500,0.030,0.926,0.045
759000,0.032,0.918,0.050
759500,0.035,0.896,0.069
760000,0.035,0.913,0.052
760500,0.037,0.911,0.052
761000,0.035,0.913,0.052
761500,0.035,0.923,0.042
762000,0.032,0.928,0.040
762500,0.030,0.931,0.040
763000,0.037,0.933,0.030
763500,0.037,0.916,0.047
764000,0.045,0.911,0.045
764500,0.037,0.883,0.079
765000,0.032,0.911,0.057
765500,0.035,0.903,0.062
766000,0.035,0.908,0.057
766500,0.042,0.911,0.047
767000,0.035,0.933,0.032
767500,0.030,0.931,0.040
768000,0.032,0.926,0.042
768500,0.032,0.923,0.045
769000,0.037,0.911,0.052
769500,0.032,0.921,0.047
770000,0.030,0.928,0.042
770500,0.030,0.916,0.055
771000,0.030,0.926,0.045
771500,0.032,0.931,0.037
772000,0.035,0.923,0.042
772500,0.037,0.916,0.047
773000,0.037,0.928,0.035
773500,0.032,0.903,0.065
774000,0.032,0.911,0.057
774500,0.042,0.908,0.050
775000,0.035,0.908,0.057
775500,0.030,0.891,0.079
776000,0.030,0.931,0.040
776500,0.032,0.940,0.027
777000,0.035,0.918,0.047
777500,0.037,0.935,0.027
778000,0.040,0.913,0.047
778500,0.037,0.886,0.077
779000,0.045,0.921,0.035
779500,0.035,0.888,0.077
780000,0.052,0.891,0.057
780500,0.040,0.901,0.060
781000,0.037,0.866,0.097
781500,0.032,0.931,0.037
782000,0.040,0.908,0.052
782500,0.037,0.873,0.089
783000,0.045,0.876,0.079
783500,0.030,0.896,0.074
784000,0.032,0.866,0.102
784500,0.037,0.876,0.087
785000,0.042,0.891,0.067
785500,0.035,0.891,0.074
786000,0.032,0.908,0.060
786500,0.035,0.913,0.052
787000,0.030,0.935,0.035
787500,0.030,0.896,0.074
788000,0.035,0.911,0.055
788500,0.035,0.916,0.050
789000,0.032,0.901,0.067
789500,0.042,0.906,0.052
790000,0.035,0.903,0.062
790500,0.037,0.893,0.069
791000,0.035,0.901,0.065
791500,0.035,0.916,0.050
792000,0.030,0.921,0.050
792500,0.030,0.935,0.035
793000,0.030,0.921,0.050
793500,0.037,0.916,0.047
794000,0.037,0.886,0.077
794500,0.030,0.876,0.094
795000,0.042,0.893,0.065
795500,0.045,0.891,0.065
796000,0.040,0.886,0.074
796500,0.037,0.898,0.065
797000,0.037,0.916,0.047
797500,0.042,0.908,0.050
798000,0.047,0.913,0.040
798500,0.040,0.911,0.050
799000,0.037,0.923,0.040
799500,0.035,0.911,0.055
800000,0.040,0.913,0.047
800500,0.042,0.891,0.067
801000,0.037,0.893,0.069
801500,0.042,0.856,0.102
802000,0.042,0.883,0.074
802500,0.035,0.906,0.060
803000,0.050,0.908,0.042
803500,0.035,0.901,0.065
804000,0.035,0.918,0.047
804500,0.032,0.923,0.045
805000,0.035,0.906,0.060
805500,0.032,0.923,0.045
806000,0.040,0.921,0.040
806500,0.032,0.918,0.050
807000,0.032,0.908,0.060
807500,0.032,0.911,0.057
808000,0.030,0.911,0.060
808500,0.037,0.868,0.094
809000,0.035,0.886,0.079
809500,0.037,0.898,0.065
810000,0.035,0.906,0.060
810500,0.035,0.916,0.050
811000,0.035,0.918,0.047
811500,0.030,0.901,0.069
812000,0.037,0.886,0.077
812500,0.037,0.891,0.072
813000,0.037,0.913,0.050
813500,0.040,0.893,0.067
814000,0.035,0.908,0.057
814500,0.035,0.834,0.132
815000,0.040,0.864,0.097
815500,0.042,0.861,0.097
816000,0.040,0.886,0.074
816500,0.032,0.891,0.077
817000,0.037,0.896,0.067
817500,0.037,0.876,0.087
818000,0.040,0.896,0.065
818500,0.032,0.906,0.062
819000,0.032,0.926,0.042
819500,0.037,0.888,0.074
820000,0.040,0.906,0.055
820500,0.055,0.898,0.047
821000,0.035,0.866,0.099
821500,0.037,0.896,0.067
822000,0.040,0.878,0.082
822500,0.060,0.839,0.102
823000,0.047,0.859,0.094
823500,0.042,0.886,0.072
824000,0.040,0.896,0.065
824500,0.037,0.918,0.045
825000,0.037,0.903,0.060
825500,0.045,0.908,0.047
826000,0.035,0.893,0.072
826500,0.037,0.886,0.077
827000,0.037,0.864,0.099
827500,0.035,0.883,0.082
828000,0.042,0.891,0.067
828500,0.040,0.856,0.104
829000,0.035,0.901,0.065
829500,0.035,0.921,0.045
830000,0.032,0.921,0.047
830500,0.035,0.906,0.060
831000,0.032,0.903,0.065
831500,0.040,0.898,0.062
832000,0.032,0.856,0.112
832500,0.037,0.881,0.082
833000,0.037,0.846,0.117
833500,0.035,0.878,0.087
834000,0.050,0.854,0.097
834500,0.052,0.861,0.087
835000,0.047,0.854,0.099
835500,0.047,0.871,0.082
836000,0.032,0.883,0.084
836500,0.037,0.886,0.077
837000,0.032,0.896,0.072
837500,0.032,0.906,0.062
838000,0.030,0.923,0.047
838500,0.032,0.918,0.050
839000,0.032,0.926,0.042
839500,0.040,0.918,0.042
840000,0.050,0.888,0.062
840500,0.042,0.876,0.082
841000,0.040,0.906,0.055
841500,0.032,0.921,0.047
842000,0.032,0.916,0.052
842500,0.037,0.891,0.072
843000,0.035,0.901,0.065
843500,0.037,0.901,0.062
844000,0.032,0.926,0.042
844500,0.032,0.913,0.055
845000,0.035,0.901,0.065
845500,0.037,0.913,0.050
846000,0.042,0.891,0.067
846500,0.040,0.891,0.069
847000,0.030,0.896,0.074
847500,0.030,0.923,0.047
848000,0.030,0.918,0.052
848500,0.030,0.918,0.052
849000,0.040,0.926,0.035
849500,0.035,0.883,0.082
850000,0.037,0.866,0.097
850500,0.037,0.893,0.069
851000,0.035,0.918,0.047
851500,0.032,0.926,0.042
852000,0.032,0.931,0.037
852500,0.037,0.898,0.065
853000,0.035,0.911,0.055
853500,0.032,0.908,0.060
854000,0.032,0.886,0.082
854500,0.032,0.911,0.057
855000,0.030,0.898,0.072
855500,0.035,0.891,0.074
856000,0.042,0.903,0.055
856500,0.035,0.916,0.050
857000,0.030,0.898,0.072
857500,0.030,0.913,0.057
858000,0.030,0.906,0.065
858500,0.030,0.921,0.050
859000,0.030,0.926,0.045
859500,0.032,0.918,0.050
860000,0.032,0.926,0.042
860500,0.035,0.906,0.060
861000,0.032,0.903,0.065
861500,0.030,0.921,0.050
862000,0.030,0.903,0.067
862500,0.030,0.876,0.094
863000,0.035,0.906,0.060
863500,0.035,0.926,0.040
864000,0.030,0.928,0.042
864500,0.037,0.921,0.042
865000,0.035,0.908,0.057
865500,0.035,0.913,0.052
866000,0.037,0.873,0.089
866500,0.032,0.891,0.077
867000,0.032,0.896,0.072
867500,0.035,0.893,0.072
868000,0.050,0.876,0.074
868500,0.032,0.896,0.072
869000,0.030,0.923,0.047
869500,0.037,0.888,0.074
870000,0.040,0.913,0.047
870500,0.035,0.923,0.042
871000,0.032,0.903,0.065
871500,0.032,0.913,0.055
872000,0.032,0.916,0.052
872500,0.030,0.928,0.042
873000,0.032,0.923,0.045
873500,0.037,0.911,0.052
874000,0.030,0.931,0.040
874500,0.032,0.926,0.042
875000,0.032,0.913,0.055
875500,0.032,0.896,0.072
876000,0.040,0.898,0.062
876500,0.040,0.886,0.074
877000,0.042,0.918,0.040
877500,0.045,0.861,0.094
878000,0.035,0.916,0.050
878500,0.032,0.888,0.079
879000,0.035,0.911,0.055
879500,0.050,0.896,0.055
880000,0.047,0.861,0.092
880500,0.045,0.888,0.067
881000,0.047,0.873,0.079
881500,0.035,0.886,0.079
882000,0.035,0.921,0.045
882500,0.035,0.933,0.032
883000,0.035,0.913,0.052
883500,0.032,0.918,0.050
884000,0.032,0.918,0.050
884500,0.030,0.903,0.067
885000,0.035,0.940,0.025
885500,0.040,0.906,0.055
886000,0.037,0.886,0.077
886500,0.032,0.921,0.047
887000,0.030,0.928,0.042
887500,0.035,0.923,0.042
888000,0.030,0.931,0.040
888500,0.032,0.898,0.069
889000,0.032,0.928,0.040
889500,0.035,0.931,0.035
890000,0.032,0.921,0.047
890500,0.040,0.873,0.087
891000,0.042,0.898,0.060
891500,0.040,0.908,0.052
892000,0.037,0.911,0.052
892500,0.045,0.921,0.035
893000,0.037,0.906,0.057
893500,0.037,0.913,0.050
894000,0.042,0.923,0.035
894500,0.035,0.911,0.055
895000,0.032,0.896,0.072
895500,0.035,0.901,0.065
896000,0.037,0.898,0.065
896500,0.040,0.891,0.069
897000,0.045,0.893,0.062
897500,0.032,0.903,0.065
898000,0.032,0.906,0.062
898500,0.035,0.906,0.060
899000,0.037,0.871,0.092
899500,0.035,0.881,0.084
900000,0.035,0.868,0.097
900500,0.035,0.901,0.065
901000,0.030,0.916,0.055
901500,0.030,0.938,0.032
902000,0.030,0.893,0.077
902500,0.035,0.898,0.067
903000,0.035,0.921,0.045
903500,0.032,0.926,0.042
904000,0.030,0.935,0.035
904500,0.032,0.931,0.037
905000,0.035,0.926,0.040
905500,0.042,0.923,0.035
906000,0.042,0.913,0.045
906500,0.040,0.896,0.065
907000,0.042,0.898,0.060
907500,0.040,0.908,0.052
908000,0.047,0.881,0.072
908500,0.045,0.883,0.072
909000,0.047,0.883,0.069
909500,0.045,0.888,0.067
910000,0.037,0.871,0.092
910500,0.045,0.898,0.057
911000,0.037,0.883,0.079
911500,0.042,0.886,0.072
912000,0.040,0.903,0.057
912500,0.037,0.913,0.050
913000,0.042,0.901,0.057
913500,0.040,0.903,0.057
914000,0.037,0.893,0.069
914500,0.032,0.896,0.072
915000,0.032,0.851,0.117
915500,0.032,0.898,0.069
916000,0.030,0.933,0.037
916500,0.032,0.913,0.055
917000,0.032,0.933,0.035
917500,0.030,0.918,0.052
918000,0.030,0.923,0.047
918500,0.035,0.903,0.062
919000,0.030,0.881,0.089
919500,0.032,0.918,0.050
920000,0.032,0.933,0.035
920500,0.032,0.908,0.060
921000,0.042,0.883,0.074
921500,0.042,0.871,0.087
922000,0.040,0.903,0.057
922500,0.035,0.903,0.062
923000,0.037,0.901,0.062
923500,0.030,0.906,0.065
924000,0.035,0.918,0.047
924500,0.037,0.911,0.052
925000,0.030,0.923,0.047
925500,0.042,0.901,0.057
926000,0.037,0.891,0.072
926500,0.037,0.898,0.065
927000,0.040,0.888,0.072
927500,0.030,0.921,0.050
928000,0.030,0.918,0.052
928500,0.030,0.916,0.055
929000,0.035,0.896,0.069
929500,0.040,0.881,0.079
930000,0.045,0.873,0.082
930500,0.042,0.903,0.055
931000,0.040,0.906,0.055
931500,0.042,0.901,0.057
932000,0.037,0.908,0.055
932500,0.035,0.903,0.062
933000,0.035,0.891,0.074
933500,0.037,0.916,0.047
934000,0.035,0.906,0.060
934500,0.047,0.896,0.057
935000,0.037,0.906,0.057
935500,0.060,0.893,0.047
936000,0.045,0.878,0.077
936500,0.047,0.871,0.082
937000,0.037,0.901,0.062
937500,0.037,0.896,0.067
938000,0.037,0.901,0.062
938500,0.037,0.906,0.057
939000,0.035,0.933,0.032
939500,0.037,0.935,0.027
940000,0.035,0.908,0.057
940500,0.035,0.901,0.065
941000,0.035,0.888,0.077
941500,0.032,0.859,0.109
942000,0.030,0.864,0.107
942500,0.035,0.896,0.069
943000,0.030,0.898,0.072
943500,0.032,0.916,0.052
944000,0.030,0.908,0.062
944500,0.030,0.906,0.065
945000,0.035,0.896,0.069
945500,0.030,0.916,0.055
946000,0.030,0.931,0.040
946500,0.032,0.928,0.040
947000,0.032,0.898,0.069
947500,0.032,0.876,0.092
948000,0.030,0.898,0.072
948500,0.032,0.906,0.062
949000,0.032,0.913,0.055
949500,0.035,0.893,0.072
950000,0.035,0.923,0.042
950500,0.035,0.916,0.050
951000,0.035,0.918,0.047
951500,0.037,0.926,0.037
952000,0.040,0.886,0.074
952500,0.040,0.866,0.094
953000,0.032,0.921,0.047
953500,0.045,0.901,0.055
954000,0.035,0.906,0.060
954500,0.037,0.911,0.052
955000,0.040,0.913,0.047
955500,0.037,0.913,0.050
956000,0.042,0.913,0.045
956500,0.037,0.913,0.050
957000,0.037,0.906,0.057
957500,0.037,0.921,0.042
958000,0.040,0.898,0.062
958500,0.047,0.911,0.042
959000,0.037,0.921,0.042
959500,0.032,0.926,0.042
960000,0.032,0.923,0.045
960500,0.035,0.901,0.065
961000,0.037,0.901,0.062
961500,0.037,0.886,0.077
962000,0.037,0.916,0.047
962500,0.030,0.916,0.055
963000,0.035,0.896,0.069
963500,0.037,0.931,0.032
964000,0.035,0.921,0.045
964500,0.032,0.898,0.069
965000,0.032,0.921,0.047
965500,0.032,0.896,0.072
966000,0.045,0.886,0.069
966500,0.055,0.859,0.087
967000,0.040,0.921,0.040
967500,0.037,0.908,0.055
968000,0.040,0.903,0.057
968500,0.035,0.923,0.042
969000,0.032,0.916,0.052
969500,0.035,0.896,0.069
970000,0.035,0.928,0.037
970500,0.037,0.921,0.042
971000,0.035,0.906,0.060
971500,0.032,0.903,0.065
972000,0.032,0.908,0.060
972500,0.030,0.923,0.047
973000,0.032,0.898,0.069
973500,0.032,0.886,0.082
974000,0.040,0.896,0.065
974500,0.040,0.908,0.052
975000,0.042,0.916,0.042
975500,0.037,0.881,0.082
976000,0.047,0.883,0.069
976500,0.040,0.868,0.092
977000,0.047,0.903,0.050
977500,0.042,0.881,0.077
978000,0.040,0.903,0.057
978500,0.035,0.928,0.037
979000,0.037,0.906,0.057
979500,0.045,0.901,0.055
980000,0.037,0.921,0.042
980500,0.037,0.911,0.052
981000,0.040,0.906,0.055
981500,0.037,0.896,0.067
982000,0.035,0.906,0.060
982500,0.037,0.926,0.037
983000,0.037,0.896,0.067
983500,0.035,0.898,0.067
984000,0.032,0.891,0.077
984500,0.030,0.908,0.062
985000,0.037,0.911,0.052
985500,0.035,0.935,0.030
986000,0.032,0.923,0.045
986500,0.032,0.943,0.025
987000,0.035,0.893,0.072
987500,0.040,0.903,0.057
988000,0.035,0.928,0.037
988500,0.037,0.918,0.045
989000,0.035,0.901,0.065
989500,0.040,0.881,0.079
990000,0.050,0.871,0.079
990500,0.045,0.888,0.067
991000,0.042,0.881,0.077
991500,0.045,0.846,0.109
992000,0.042,0.878,0.079
992500,0.042,0.898,0.060
993000,0.037,0.901,0.062
993500,0.042,0.898,0.060
994000,0.040,0.893,0.067
994500,0.037,0.923,0.040
995000,0.035,0.921,0.045
995500,0.045,0.873,0.082
996000,0.040,0.893,0.067
996500,0.037,0.906,0.057
997000,0.035,0.886,0.079
997500,0.035,0.868,0.097
998000,0.032,0.864,0.104
998500,0.030,0.901,0.069
999000,0.040,0.906,0.055
999500,0.037,0.864,0.099
1000000,0.042,0.868,0.089
