time,n_A+p,n_B,n_AB
500,0.010,0.970,0.020
1000,0.010,0.969,0.021
1500,0.010,0.964,0.026
2000,0.010,0.932,0.057
2500,0.010,0.935,0.054
3000,0.010,0.916,0.074
3500,0.010,0.875,0.115
4000,0.010,0.828,0.162
4500,0.010,0.818,0.172
5000,0.010,0.811,0.178
5500,0.010,0.838,0.152
6000,0.010,0.803,0.187
6500,0.010,0.822,0.168
7000,0.010,0.846,0.144
7500,0.010,0.850,0.140
8000,0.010,0.855,0.135
8500,0.010,0.855,0.135
9000,0.010,0.844,0.146
9500,0.010,0.875,0.115
10000,0.010,0.883,0.107
10500,0.010,0.876,0.114
11000,0.010,0.876,0.114
11500,0.010,0.845,0.145
12000,0.010,0.821,0.169
12500,0.010,0.806,0.184
13000,0.010,0.830,0.160
13500,0.010,0.818,0.172
14000,0.010,0.880,0.110
14500,0.010,0.888,0.102
15000,0.010,0.882,0.108
15500,0.010,0.882,0.108
16000,0.010,0.872,0.118
16500,0.010,0.883,0.107
17000,0.010,0.888,0.102
17500,0.010,0.875,0.115
18000,0.010,0.875,0.115
18500,0.010,0.905,0.085
19000,0.010,0.935,0.055
19500,0.010,0.902,0.088
20000,0.010,0.879,0.111
20500,0.010,0.896,0.094
21000,0.010,0.905,0.085
21500,0.010,0.908,0.082
22000,0.010,0.920,0.070
22500,0.010,0.901,0.089
23000,0.010,0.917,0.073
23500,0.010,0.920,0.070
24000,0.010,0.922,0.068
24500,0.010,0.911,0.079
25000,0.010,0.886,0.104
25500,0.010,0.881,0.109
26000,0.010,0.870,0.120
26500,0.010,0.855,0.135
27000,0.010,0.859,0.131
27500,0.010,0.893,0.097
28000,0.010,0.868,0.122
28500,0.010,0.872,0.118
29000,0.010,0.870,0.120
29500,0.010,0.850,0.140
30000,0.010,0.856,0.134
30500,0.010,0.850,0.140
31000,0.010,0.896,0.094
31500,0.010,0.907,0.083
32000,0.010,0.935,0.055
32500,0.010,0.912,0.078
33000,0.010,0.910,0.080
33500,0.010,0.903,0.087
34000,0.010,0.917,0.073
34500,0.010,0.914,0.076
35000,0.010,0.897,0.093
35500,0.010,0.891,0.099
36000,0.010,0.903,0.087
36500,0.010,0.911,0.079
37000,0.010,0.933,0.056
37500,0.010,0.941,0.049
38000,0.010,0.925,0.065
38500,0.010,0.910,0.080
39000,0.010,0.901,0.089
39500,0.010,0.883,0.107
40000,0.010,0.892,0.098
40500,0.010,0.886,0.104
41000,0.010,0.881,0.109
41500,0.010,0.869,0.121
42000,0.010,0.892,0.098
42500,0.010,0.873,0.117
43000,0.010,0.874,0.116
43500,0.010,0.880,0.110
44000,0.010,0.869,0.121
44500,0.010,0.792,0.198
45000,0.010,0.795,0.195
45500,0.010,0.811,0.179
46000,0.010,0.820,0.170
46500,0.010,0.801,0.189
47000,0.010,0.794,0.196
47500,0.010,0.814,0.176
48000,0.010,0.857,0.133
48500,0.010,0.852,0.138
49000,0.010,0.841,0.149
49500,0.010,0.858,0.132
50000,0.010,0.885,0.105
50500,0.010,0.896,0.094
51000,0.010,0.897,0.093
51500,0.010,0.899,0.091
52000,0.010,0.911,0.079
52500,0.010,0.921,0.069
53000,0.010,0.908,0.082
53500,0.010,0.902,0.088
54000,0.010,0.903,0.087
54500,0.010,0.887,0.103
55000,0.010,0.862,0.128
55500,0.010,0.847,0.143
56000,0.010,0.840,0.150
56500,0.010,0.858,0.132
57000,0.010,0.848,0.142
57500,0.010,0.868,0.122
58000,0.010,0.889,0.101
58500,0.010,0.864,0.126
59000,0.010,0.857,0.133
59500,0.010,0.880,0.110
60000,0.010,0.843,0.147
60500,0.010,0.875,0.115
61000,0.010,0.907,0.083
61500,0.010,0.923,0.067
62000,0.010,0.929,0.061
62500,0.010,0.913,0.077
63000,0.010,0.913,0.077
63500,0.010,0.905,0.085
64000,0.010,0.886,0.104
64500,0.010,0.872,0.118
65000,0.010,0.917,0.073
65500,0.010,0.940,0.050
66000,0.010,0.928,0.061
66500,0.010,0.929,0.061
67000,0.010,0.932,0.057
67500,0.010,0.924,0.066
68000,0.010,0.937,0.053
68500,0.010,0.930,0.060
69000,0.010,0.935,0.055
69500,0.010,0.947,0.043
70000,0.010,0.947,0.043
70500,0.010,0.929,0.061
71000,0.010,0.907,0.083
71500,0.010,0.920,0.070
72000,0.010,0.879,0.111
72500,0.010,0.888,0.102
73000,0.010,0.859,0.131
73500,0.010,0.856,0.134
74000,0.010,0.824,0.166
74500,0.010,0.833,0.157
75000,0.010,0.880,0.110
75500,0.010,0.872,0.118
76000,0.010,0.864,0.126
76500,0.010,0.888,0.102
77000,0.010,0.869,0.121
77500,0.010,0.876,0.114
78000,0.010,0.867,0.123
78500,0.010,0.846,0.144
79000,0.010,0.867,0.123
79500,0.010,0.847,0.143
80000,0.010,0.822,0.168
80500,0.010,0.816,0.174
81000,0.010,0.779,0.211
81500,0.010,0.783,0.207
82000,0.010,0.826,0.164
82500,0.010,0.817,0.173
83000,0.010,0.820,0.170
83500,0.010,0.835,0.155
84000,0.010,0.836,0.154
84500,0.010,0.835,0.155
85000,0.010,0.861,0.129
85500,0.010,0.879,0.111
86000,0.010,0.892,0.098
86500,0.010,0.918,0.072
87000,0.010,0.909,0.081
87500,0.010,0.910,0.080
88000,0.010,0.913,0.077
88500,0.010,0.909,0.081
89000,0.010,0.902,0.088
89500,0.010,0.878,0.112
90000,0.010,0.879,0.111
90500,0.010,0.869,0.121
91000,0.010,0.856,0.134
91500,0.010,0.853,0.137
92000,0.010,0.873,0.117
92500,0.010,0.866,0.124
93000,0.010,0.833,0.157
93500,0.010,0.781,0.209
94000,0.010,0.800,0.190
94500,0.010,0.795,0.195
95000,0.010,0.790,0.200
95500,0.010,0.796,0.194
96000,0.010,0.809,0.181
96500,0.010,0.806,0.184
97000,0.010,0.814,0.176
97500,0.010,0.806,0.184
98000,0.010,0.840,0.150
98500,0.010,0.874,0.116
99000,0.010,0.889,0.101
99500,0.010,0.897,0.093
100000,0.010,0.892,0.098
100500,0.010,0.881,0.109
101000,0.010,0.866,0.124
101500,0.010,0.906,0.084
102000,0.010,0.902,0.088
102500,0.010,0.890,0.100
103000,0.010,0.865,0.125
103500,0.010,0.889,0.101
104000,0.010,0.860,0.130
104500,0.010,0.886,0.104
105000,0.010,0.876,0.114
105500,0.010,0.864,0.126
106000,0.010,0.860,0.130
106500,0.010,0.858,0.132
107000,0.010,0.870,0.120
107500,0.010,0.889,0.101
108000,0.010,0.881,0.109
108500,0.010,0.873,0.117
109000,0.010,0.889,0.101
109500,0.010,0.894,0.096
110000,0.010,0.894,0.096
110500,0.010,0.885,0.105
111000,0.010,0.858,0.132
111500,0.010,0.847,0.143
112000,0.010,0.870,0.120
112500,0.010,0.886,0.104
113000,0.010,0.874,0.116
113500,0.010,0.910,0.080
114000,0.010,0.907,0.083
114500,0.010,0.909,0.081
115000,0.010,0.891,0.099
115500,0.010,0.899,0.091
116000,0.010,0.918,0.072
116500,0.010,0.909,0.081
117000,0.010,0.873,0.117
117500,0.010,0.869,0.121
118000,0.010,0.885,0.105
118500,0.010,0.842,0.148
119000,0.010,0.838,0.152
119500,0.010,0.863,0.127
120000,0.010,0.884,0.106
120500,0.010,0.873,0.117
121000,0.010,0.871,0.119
121500,0.010,0.874,0.116
122000,0.010,0.900,0.090
122500,0.010,0.895,0.095
123000,0.010,0.885,0.105
123500,0.010,0.916,0.074
124000,0.010,0.897,0.093
124500,0.010,0.925,0.065
125000,0.010,0.938,0.052
125500,0.010,0.925,0.065
126000,0.010,0.898,0.092
126500,0.010,0.891,0.099
127000,0.010,0.892,0.098
127500,0.010,0.869,0.121
128000,0.010,0.874,0.116
128500,0.010,0.884,0.106
129000,0.010,0.901,0.089
129500,0.010,0.868,0.122
130000,0.010,0.833,0.157
130500,0.010,0.829,0.161
131000,0.010,0.812,0.177
131500,0.010,0.819,0.171
132000,0.010,0.859,0.131
132500,0.010,0.869,0.121
133000,0.010,0.821,0.169
133500,0.010,0.863,0.127
134000,0.010,0.832,0.158
134500,0.010,0.806,0.183
135000,0.010,0.805,0.184
135500,0.010,0.811,0.179
136000,0.010,0.842,0.148
136500,0.010,0.816,0.174
137000,0.010,0.828,0.162
137500,0.010,0.815,0.175
138000,0.010,0.835,0.155
138500,0.010,0.859,0.131
139000,0.010,0.843,0.147
139500,0.010,0.841,0.149
140000,0.010,0.856,0.134
140500,0.010,0.870,0.120
141000,0.010,0.877,0.113
141500,0.010,0.849,0.141
142000,0.010,0.892,0.098
142500,0.010,0.899,0.091
143000,0.010,0.888,0.102
143500,0.010,0.858,0.132
144000,0.010,0.858,0.132
144500,0.010,0.865,0.125
145000,0.010,0.887,0.103
145500,0.010,0.851,0.139
146000,0.010,0.883,0.107
146500,0.010,0.887,0.103
147000,0.010,0.849,0.141
147500,0.010,0.865,0.125
148000,0.010,0.838,0.152
148500,0.010,0.866,0.124
149000,0.010,0.860,0.130
149500,0.010,0.890,0.100
150000,0.010,0.870,0.120
150500,0.010,0.887,0.103
151000,0.010,0.873,0.117
151500,0.010,0.874,0.116
152000,0.010,0.885,0.105
152500,0.010,0.857,0.133
153000,0.010,0.840,0.150
153500,0.010,0.816,0.174
154000,0.010,0.818,0.172
154500,0.010,0.828,0.162
155000,0.010,0.827,0.163
155500,0.010,0.831,0.159
156000,0.010,0.853,0.137
156500,0.010,0.871,0.119
157000,0.010,0.840,0.150
157500,0.010,0.827,0.163
158000,0.010,0.840,0.150
158500,0.010,0.815,0.175
159000,0.010,0.798,0.192
159500,0.010,0.844,0.146
160000,0.010,0.879,0.111
160500,0.010,0.894,0.096
161000,0.010,0.886,0.104
161500,0.010,0.900,0.090
162000,0.010,0.873,0.117
162500,0.010,0.869,0.121
163000,0.010,0.864,0.126
163500,0.010,0.857,0.133
164000,0.010,0.900,0.090
164500,0.010,0.890,0.100
165000,0.010,0.922,0.068
165500,0.010,0.911,0.079
166000,0.010,0.923,0.067
166500,0.010,0.916,0.074
167000,0.010,0.890,0.100
167500,0.010,0.887,0.103
168000,0.010,0.888,0.102
168500,0.010,0.855,0.135
169000,0.010,0.863,0.127
169500,0.010,0.862,0.128
170000,0.010,0.864,0.126
170500,0.010,0.848,0.142
171000,0.010,0.889,0.101
171500,0.010,0.888,0.102
172000,0.010,0.894,0.096
172500,0.010,0.883,0.107
173000,0.010,0.902,0.088
173500,0.010,0.888,0.102
174000,0.010,0.916,0.074
174500,0.010,0.908,0.082
175000,0.010,0.897,0.093
175500,0.010,0.918,0.072
176000,0.010,0.886,0.104
176500,0.010,0.874,0.116
177000,0.010,0.849,0.141
177500,0.010,0.867,0.123
178000,0.010,0.891,0.099
178500,0.010,0.909,0.081
179000,0.010,0.875,0.115
179500,0.010,0.881,0.109
180000,0.010,0.885,0.105
180500,0.010,0.899,0.091
181000,0.010,0.892,0.098
181500,0.010,0.889,0.101
182000,0.010,0.875,0.115
182500,0.010,0.866,0.124
183000,0.010,0.871,0.119
183500,0.010,0.878,0.112
184000,0.010,0.846,0.144
184500,0.010,0.855,0.135
185000,0.010,0.854,0.136
185500,0.010,0.844,0.146
186000,0.010,0.866,0.124
186500,0.010,0.879,0.111
187000,0.010,0.912,0.078
187500,0.010,0.929,0.060
188000,0.010,0.906,0.084
188500,0.010,0.905,0.085
189000,0.010,0.902,0.088
189500,0.010,0.887,0.103
190000,0.010,0.913,0.077
190500,0.010,0.917,0.073
191000,0.010,0.904,0.086
191500,0.010,0.870,0.120
192000,0.010,0.866,0.124
192500,0.010,0.857,0.133
193000,0.010,0.859,0.131
193500,0.010,0.874,0.116
194000,0.010,0.869,0.121
194500,0.010,0.872,0.118
195000,0.010,0.874,0.116
195500,0.010,0.898,0.092
196000,0.010,0.887,0.103
196500,0.010,0.886,0.104
197000,0.010,0.872,0.118
197500,0.010,0.844,0.146
198000,0.010,0.855,0.135
198500,0.010,0.862,0.128
199000,0.010,0.845,0.145
199500,0.010,0.862,0.128
200000,0.010,0.862,0.128
200500,0.010,0.833,0.157
201000,0.010,0.861,0.129
201500,0.010,0.874,0.116
202000,0.010,0.827,0.163
202500,0.010,0.837,0.153
203000,0.010,0.878,0.112
203500,0.010,0.854,0.136
204000,0.010,0.862,0.128
204500,0.010,0.898,0.092
205000,0.010,0.924,0.066
205500,0.010,0.905,0.085
206000,0.010,0.875,0.115
206500,0.010,0.897,0.093
207000,0.010,0.881,0.109
207500,0.010,0.867,0.123
208000,0.010,0.884,0.106
208500,0.010,0.889,0.101
209000,0.010,0.913,0.077
209500,0.010,0.893,0.097
210000,0.010,0.895,0.095
210500,0.010,0.884,0.106
211000,0.010,0.877,0.113
211500,0.010,0.853,0.137
212000,0.010,0.827,0.163
212500,0.010,0.834,0.156
213000,0.010,0.883,0.107
213500,0.010,0.890,0.100
214000,0.010,0.878,0.112
214500,0.010,0.875,0.115
215000,0.010,0.852,0.138
215500,0.010,0.858,0.132
216000,0.010,0.857,0.133
216500,0.010,0.842,0.148
217000,0.010,0.834,0.156
217500,0.010,0.840,0.150
218000,0.010,0.804,0.185
218500,0.010,0.783,0.207
219000,0.010,0.839,0.151
219500,0.010,0.845,0.145
220000,0.010,0.808,0.182
220500,0.010,0.825,0.165
221000,0.010,0.837,0.153
221500,0.010,0.820,0.170
222000,0.010,0.858,0.132
222500,0.010,0.889,0.101
223000,0.010,0.860,0.130
223500,0.010,0.850,0.140
224000,0.010,0.864,0.126
224500,0.010,0.878,0.112
225000,0.010,0.874,0.116
225500,0.010,0.877,0.113
226000,0.010,0.895,0.095
226500,0.010,0.886,0.104
227000,0.010,0.874,0.116
227500,0.010,0.874,0.116
228000,0.010,0.864,0.126
228500,0.010,0.883,0.107
229000,0.010,0.892,0.098
229500,0.010,0.897,0.093
230000,0.010,0.897,0.093
230500,0.010,0.883,0.107
231000,0.010,0.867,0.123
231500,0.010,0.873,0.117
232000,0.010,0.893,0.097
232500,0.010,0.872,0.118
233000,0.010,0.907,0.083
233500,0.010,0.900,0.090
234000,0.010,0.872,0.118
234500,0.010,0.880,0.110
235000,0.010,0.879,0.111
235500,0.010,0.876,0.114
236000,0.010,0.882,0.108
236500,0.010,0.871,0.119
237000,0.010,0.867,0.123
237500,0.010,0.860,0.130
238000,0.010,0.832,0.158
238500,0.010,0.818,0.172
239000,0.010,0.830,0.160
239500,0.010,0.832,0.158
240000,0.010,0.829,0.161
240500,0.010,0.816,0.174
241000,0.010,0.833,0.157
241500,0.010,0.832,0.158
242000,0.010,0.771,0.219
242500,0.010,0.822,0.168
243000,0.010,0.787,0.203
243500,0.010,0.796,0.194
244000,0.010,0.799,0.191
244500,0.010,0.836,0.154
245000,0.010,0.864,0.126
245500,0.010,0.874,0.116
246000,0.010,0.877,0.113
246500,0.010,0.852,0.138
247000,0.010,0.867,0.123
247500,0.010,0.835,0.155
248000,0.010,0.853,0.137
248500,0.010,0.869,0.121
249000,0.010,0.877,0.113
249500,0.010,0.874,0.116
250000,0.010,0.853,0.137
250500,0.010,0.838,0.152
251000,0.010,0.832,0.158
251500,0.010,0.854,0.136
252000,0.010,0.815,0.175
252500,0.010,0.847,0.143
253000,0.010,0.879,0.111
253500,0.010,0.880,0.110
254000,0.010,0.892,0.098
254500,0.010,0.882,0.108
255000,0.010,0.881,0.109
255500,0.010,0.894,0.096
256000,0.010,0.906,0.084
256500,0.010,0.882,0.108
257000,0.010,0.886,0.104
257500,0.010,0.894,0.096
258000,0.010,0.893,0.097
258500,0.010,0.915,0.075
259000,0.010,0.886,0.104
259500,0.010,0.900,0.090
260000,0.010,0.913,0.077
260500,0.010,0.867,0.123
261000,0.010,0.877,0.113
261500,0.010,0.884,0.106
262000,0.010,0.881,0.109
262500,0.010,0.884,0.106
263000,0.010,0.871,0.119
263500,0.010,0.882,0.108
264000,0.010,0.897,0.093
264500,0.010,0.879,0.111
265000,0.010,0.894,0.096
265500,0.010,0.900,0.090
266000,0.010,0.907,0.083
266500,0.010,0.894,0.096
267000,0.010,0.912,0.078
267500,0.010,0.921,0.069
268000,0.010,0.923,0.067
268500,0.010,0.934,0.055
269000,0.010,0.903,0.087
269500,0.010,0.890,0.100
270000,0.010,0.895,0.095
270500,0.010,0.924,0.066
271000,0.010,0.917,0.073
271500,0.010,0.918,0.072
272000,0.010,0.888,0.102
272500,0.010,0.885,0.105
273000,0.010,0.882,0.108
273500,0.010,0.880,0.110
274000,0.010,0.881,0.109
274500,0.010,0.883,0.107
275000,0.010,0.864,0.126
275500,0.010,0.866,0.124
276000,0.010,0.844,0.146
276500,0.010,0.837,0.153
277000,0.010,0.863,0.127
277500,0.010,0.849,0.141
278000,0.010,0.880,0.110
278500,0.010,0.888,0.102
279000,0.010,0.866,0.124
279500,0.010,0.887,0.103
280000,0.010,0.885,0.105
280500,0.010,0.857,0.133
281000,0.010,0.849,0.141
281500,0.010,0.821,0.169
282000,0.010,0.835,0.155
282500,0.010,0.875,0.115
283000,0.010,0.864,0.126
283500,0.010,0.863,0.127
284000,0.010,0.880,0.110
284500,0.010,0.891,0.099
285000,0.010,0.884,0.106
285500,0.010,0.885,0.105
286000,0.010,0.876,0.114
286500,0.010,0.898,0.092
287000,0.010,0.891,0.099
287500,0.010,0.859,0.131
288000,0.010,0.859,0.131
288500,0.010,0.858,0.132
289000,0.010,0.856,0.134
289500,0.010,0.834,0.156
290000,0.010,0.835,0.155
290500,0.010,0.862,0.128
291000,0.010,0.859,0.131
291500,0.010,0.883,0.107
292000,0.010,0.918,0.072
292500,0.010,0.908,0.082
293000,0.010,0.910,0.080
293500,0.010,0.914,0.076
294000,0.010,0.890,0.100
294500,0.010,0.869,0.121
295000,0.010,0.875,0.115
295500,0.010,0.887,0.103
296000,0.010,0.864,0.126
296500,0.010,0.853,0.137
297000,0.010,0.866,0.124
297500,0.010,0.874,0.116
298000,0.010,0.882,0.108
298500,0.010,0.893,0.097
299000,0.010,0.887,0.103
299500,0.010,0.920,0.070
300000,0.010,0.908,0.082
300500,0.010,0.924,0.066
301000,0.010,0.918,0.072
301500,0.010,0.899,0.091
302000,0.010,0.908,0.082
302500,0.010,0.910,0.080
303000,0.010,0.926,0.064
303500,0.010,0.905,0.085
304000,0.010,0.885,0.105
304500,0.010,0.867,0.123
305000,0.010,0.881,0.109
305500,0.010,0.874,0.116
306000,0.010,0.874,0.116
306500,0.010,0.855,0.135
307000,0.010,0.879,0.111
307500,0.010,0.887,0.103
308000,0.010,0.912,0.078
308500,0.010,0.880,0.110
309000,0.010,0.894,0.096
309500,0.010,0.903,0.087
310000,0.010,0.911,0.079
310500,0.010,0.880,0.110
311000,0.010,0.847,0.143
311500,0.010,0.847,0.143
312000,0.010,0.852,0.138
312500,0.010,0.867,0.123
313000,0.010,0.866,0.124
313500,0.010,0.864,0.126
314000,0.010,0.864,0.126
314500,0.010,0.854,0.136
315000,0.010,0.828,0.162
315500,0.010,0.797,0.193
316000,0.010,0.805,0.184
316500,0.010,0.816,0.174
317000,0.010,0.830,0.160
317500,0.010,0.811,0.179
318000,0.010,0.847,0.143
318500,0.010,0.865,0.125
319000,0.010,0.856,0.134
319500,0.010,0.838,0.152
320000,0.010,0.817,0.173
320500,0.010,0.813,0.177
321000,0.010,0.815,0.175
321500,0.010,0.807,0.182
322000,0.010,0.795,0.195
322500,0.010,0.834,0.156
323000,0.010,0.819,0.171
323500,0.010,0.843,0.147
324000,0.010,0.857,0.133
324500,0.010,0.883,0.107
325000,0.010,0.892,0.098
325500,0.010,0.883,0.107
326000,0.010,0.885,0.105
326500,0.010,0.879,0.111
327000,0.010,0.871,0.119
327500,0.010,0.871,0.119
328000,0.010,0.860,0.130
328500,0.010,0.863,0.127
329000,0.010,0.827,0.163
329500,0.010,0.864,0.126
330000,0.010,0.837,0.153
330500,0.010,0.847,0.143
331000,0.010,0.865,0.125
331500,0.010,0.887,0.103
332000,0.010,0.866,0.124
332500,0.010,0.836,0.154
333000,0.010,0.838,0.152
333500,0.010,0.846,0.144
334000,0.010,0.843,0.147
334500,0.010,0.878,0.112
335000,0.010,0.886,0.104
335500,0.010,0.879,0.111
336000,0.010,0.872,0.118
336500,0.010,0.814,0.176
337000,0.010,0.850,0.140
337500,0.010,0.873,0.117
338000,0.010,0.885,0.105
338500,0.010,0.869,0.121
339000,0.010,0.872,0.118
339500,0.010,0.802,0.188
340000,0.010,0.799,0.191
340500,0.010,0.812,0.177
341000,0.010,0.840,0.150
341500,0.010,0.870,0.120
342000,0.010,0.863,0.127
342500,0.010,0.837,0.153
343000,0.010,0.855,0.135
343500,0.010,0.868,0.122
344000,0.010,0.873,0.117
344500,0.010,0.858,0.132
345000,0.010,0.877,0.113
345500,0.010,0.903,0.087
346000,0.010,0.892,0.098
346500,0.010,0.913,0.077
347000,0.010,0.886,0.104
347500,0.010,0.872,0.118
348000,0.010,0.858,0.132
348500,0.010,0.836,0.154
349000,0.010,0.841,0.149
349500,0.010,0.824,0.166
350000,0.010,0.853,0.137
350500,0.010,0.871,0.119
351000,0.010,0.884,0.106
351500,0.010,0.888,0.102
352000,0.010,0.883,0.107
352500,0.010,0.873,0.117
353000,0.010,0.896,0.094
353500,0.010,0.868,0.122
354000,0.010,0.838,0.152
354500,0.010,0.865,0.125
355000,0.010,0.860,0.130
355500,0.010,0.901,0.089
356000,0.010,0.904,0.086
356500,0.010,0.903,0.087
357000,0.010,0.906,0.084
357500,0.010,0.893,0.097
358000,0.010,0.907,0.083
358500,0.010,0.896,0.094
359000,0.010,0.900,0.090
359500,0.010,0.871,0.119
360000,0.010,0.875,0.115
360500,0.010,0.874,0.116
361000,0.010,0.858,0.132
361500,0.010,0.897,0.093
362000,0.010,0.899,0.091
362500,0.010,0.853,0.137
363000,0.010,0.865,0.125
363500,0.010,0.842,0.148
364000,0.010,0.873,0.117
364500,0.010,0.895,0.095
365000,0.010,0.903,0.087
365500,0.010,0.912,0.078
366000,0.010,0.888,0.102
366500,0.010,0.861,0.129
367000,0.010,0.846,0.144
367500,0.010,0.846,0.144
368000,0.010,0.844,0.146
368500,0.010,0.862,0.128
369000,0.010,0.846,0.144
369500,0.010,0.846,0.144
370000,0.010,0.876,0.114
370500,0.010,0.899,0.091
371000,0.010,0.893,0.097
371500,0.010,0.893,0.097
372000,0.010,0.909,0.081
372500,0.010,0.917,0.073
373000,0.010,0.926,0.064
373500,0.010,0.936,0.054
374000,0.010,0.900,0.090
374500,0.010,0.901,0.089
375000,0.010,0.921,0.069
375500,0.010,0.935,0.055
376000,0.010,0.925,0.065
376500,0.010,0.925,0.065
377000,0.010,0.924,0.066
377500,0.010,0.929,0.061
378000,0.010,0.915,0.075
378500,0.010,0.908,0.082
379000,0.010,0.888,0.102
379500,0.010,0.905,0.085
380000,0.010,0.903,0.087
380500,0.010,0.893,0.097
381000,0.010,0.914,0.076
381500,0.010,0.883,0.107
382000,0.010,0.895,0.095
382500,0.010,0.905,0.085
383000,0.010,0.892,0.098
383500,0.010,0.881,0.109
384000,0.010,0.864,0.126
384500,0.010,0.830,0.160
385000,0.010,0.812,0.177
385500,0.010,0.819,0.171
386000,0.010,0.830,0.160
386500,0.010,0.834,0.156
387000,0.010,0.807,0.183
387500,0.010,0.816,0.174
388000,0.010,0.865,0.125
388500,0.010,0.862,0.128
389000,0.010,0.873,0.117
389500,0.010,0.880,0.110
390000,0.010,0.900,0.090
390500,0.010,0.895,0.095
391000,0.010,0.875,0.115
391500,0.010,0.841,0.149
392000,0.010,0.830,0.160
392500,0.010,0.841,0.149
393000,0.010,0.807,0.183
393500,0.010,0.784,0.206
394000,0.010,0.796,0.194
394500,0.010,0.773,0.217
395000,0.010,0.763,0.227
395500,0.010,0.785,0.205
396000,0.010,0.807,0.182
396500,0.010,0.796,0.194
397000,0.010,0.815,0.175
397500,0.010,0.809,0.181
398000,0.010,0.827,0.163
398500,0.010,0.819,0.171
399000,0.010,0.838,0.152
399500,0.010,0.874,0.116
400000,0.010,0.900,0.090
400500,0.010,0.885,0.105
401000,0.010,0.914,0.076
401500,0.010,0.902,0.088
402000,0.010,0.927,0.063
402500,0.010,0.923,0.067
403000,0.010,0.904,0.086
403500,0.010,0.896,0.094
404000,0.010,0.913,0.077
404500,0.010,0.913,0.077
405000,0.010,0.936,0.054
405500,0.010,0.898,0.092
406000,0.010,0.885,0.105
406500,0.010,0.875,0.115
407000,0.010,0.911,0.079
407500,0.010,0.916,0.074
408000,0.010,0.901,0.089
408500,0.010,0.889,0.101
409000,0.010,0.836,0.154
409500,0.010,0.864,0.126
410000,0.010,0.850,0.140
410500,0.010,0.863,0.127
411000,0.010,0.876,0.114
411500,0.010,0.827,0.163
412000,0.010,0.842,0.148
412500,0.010,0.838,0.152
413000,0.010,0.804,0.186
413500,0.010,0.787,0.203
414000,0.010,0.807,0.182
414500,0.010,0.818,0.172
415000,0.010,0.824,0.166
415500,0.010,0.841,0.149
416000,0.010,0.827,0.163
416500,0.010,0.811,0.179
417000,0.010,0.853,0.137
417500,0.010,0.892,0.098
418000,0.010,0.893,0.097
418500,0.010,0.880,0.110
419000,0.010,0.892,0.098
419500,0.010,0.879,0.111
420000,0.010,0.862,0.128
420500,0.010,0.878,0.112
421000,0.010,0.842,0.148
421500,0.010,0.870,0.120
422000,0.010,0.842,0.148
422500,0.010,0.850,0.140
423000,0.010,0.831,0.159
423500,0.010,0.867,0.123
424000,0.010,0.870,0.120
424500,0.010,0.894,0.096
425000,0.010,0.872,0.118
425500,0.010,0.855,0.135
426000,0.010,0.876,0.114
426500,0.010,0.889,0.101
427000,0.010,0.878,0.112
427500,0.010,0.882,0.108
428000,0.010,0.896,0.094
428500,0.010,0.907,0.083
429000,0.010,0.917,0.073
429500,0.010,0.904,0.086
430000,0.010,0.886,0.104
430500,0.010,0.855,0.135
431000,0.010,0.882,0.108
431500,0.010,0.884,0.106
432000,0.010,0.870,0.120
432500,0.010,0.863,0.127
433000,0.010,0.889,0.101
433500,0.010,0.903,0.087
434000,0.010,0.912,0.078
434500,0.010,0.905,0.085
435000,0.010,0.903,0.087
435500,0.010,0.912,0.078
436000,0.010,0.919,0.071
436500,0.010,0.913,0.077
437000,0.010,0.886,0.104
437500,0.010,0.877,0.113
438000,0.010,0.840,0.150
438500,0.010,0.827,0.163
439000,0.010,0.833,0.157
439500,0.010,0.854,0.136
440000,0.010,0.868,0.122
440500,0.010,0.841,0.149
441000,0.010,0.849,0.141
441500,0.010,0.882,0.108
442000,0.010,0.870,0.120
442500,0.010,0.859,0.131
443000,0.010,0.834,0.156
443500,0.010,0.874,0.116
444000,0.010,0.864,0.126
444500,0.010,0.868,0.122
445000,0.010,0.861,0.129
445500,0.010,0.855,0.135
446000,0.010,0.861,0.129
446500,0.010,0.880,0.110
447000,0.010,0.863,0.127
447500,0.010,0.887,0.103
448000,0.010,0.890,0.100
448500,0.010,0.904,0.086
449000,0.010,0.904,0.086
449500,0.010,0.880,0.110
450000,0.010,0.895,0.095
450500,0.010,0.880,0.110
451000,0.010,0.826,0.164
451500,0.010,0.804,0.186
452000,0.010,0.822,0.168
452500,0.010,0.846,0.144
453000,0.010,0.839,0.151
453500,0.010,0.856,0.134
454000,0.010,0.828,0.162
454500,0.010,0.862,0.128
455000,0.010,0.864,0.126
455500,0.010,0.891,0.099
456000,0.010,0.868,0.122
456500,0.010,0.873,0.117
457000,0.010,0.909,0.081
457500,0.010,0.885,0.105
458000,0.010,0.889,0.101
458500,0.010,0.860,0.130
459000,0.010,0.855,0.135
459500,0.010,0.837,0.153
460000,0.010,0.836,0.154
460500,0.010,0.868,0.122
461000,0.010,0.894,0.096
461500,0.010,0.879,0.111
462000,0.010,0.854,0.136
462500,0.010,0.879,0.111
463000,0.010,0.892,0.098
463500,0.010,0.888,0.102
464000,0.010,0.883,0.107
464500,0.010,0.914,0.076
465000,0.010,0.902,0.088
465500,0.010,0.890,0.100
466000,0.010,0.901,0.089
466500,0.010,0.913,0.077
467000,0.010,0.911,0.079
467500,0.010,0.913,0.077
468000,0.010,0.895,0.095
468500,0.010,0.889,0.101
469000,0.010,0.891,0.099
469500,0.010,0.872,0.118
470000,0.010,0.849,0.141
470500,0.010,0.840,0.150
471000,0.010,0.823,0.167
471500,0.010,0.810,0.180
472000,0.010,0.835,0.155
472500,0.010,0.829,0.161
473000,0.010,0.805,0.184
473500,0.010,0.834,0.156
474000,0.010,0.798,0.192
474500,0.010,0.805,0.185
475000,0.010,0.845,0.145
475500,0.010,0.885,0.105
476000,0.010,0.882,0.108
476500,0.010,0.888,0.102
477000,0.010,0.870,0.120
477500,0.010,0.878,0.112
478000,0.010,0.892,0.098
478500,0.010,0.906,0.084
479000,0.010,0.917,0.073
479500,0.010,0.913,0.077
480000,0.010,0.917,0.073
480500,0.010,0.894,0.096
481000,0.010,0.880,0.110
481500,0.010,0.889,0.101
482000,0.010,0.898,0.092
482500,0.010,0.900,0.090
483000,0.010,0.898,0.092
483500,0.010,0.920,0.070
484000,0.010,0.921,0.069
484500,0.010,0.940,0.050
485000,0.010,0.919,0.071
485500,0.010,0.915,0.075
486000,0.010,0.898,0.092
486500,0.010,0.885,0.105
487000,0.010,0.879,0.111
487500,0.010,0.874,0.116
488000,0.010,0.872,0.118
488500,0.010,0.869,0.121
489000,0.010,0.848,0.142
489500,0.010,0.856,0.134
490000,0.010,0.855,0.135
490500,0.010,0.834,0.156
491000,0.010,0.838,0.152
491500,0.010,0.829,0.161
492000,0.010,0.841,0.149
492500,0.010,0.860,0.130
493000,0.010,0.899,0.091
493500,0.010,0.907,0.083
494000,0.010,0.914,0.076
494500,0.010,0.918,0.072
495000,0.010,0.895,0.095
495500,0.010,0.862,0.128
496000,0.010,0.859,0.131
496500,0.010,0.896,0.094
497000,0.010,0.899,0.091
497500,0.010,0.896,0.094
498000,0.010,0.865,0.125
498500,0.010,0.882,0.108
499000,0.010,0.878,0.112
499500,0.010,0.861,0.129
500000,0.010,0.870,0.120
500500,0.010,0.868,0.122
501000,0.010,0.877,0.113
501500,0.010,0.858,0.132
502000,0.010,0.865,0.125
502500,0.010,0.845,0.145
503000,0.010,0.843,0.147
503500,0.010,0.884,0.106
504000,0.010,0.892,0.098
504500,0.010,0.900,0.090
505000,0.010,0.897,0.093
505500,0.010,0.903,0.087
506000,0.010,0.904,0.086
506500,0.010,0.855,0.135
507000,0.010,0.845,0.145
507500,0.010,0.860,0.130
508000,0.010,0.851,0.139
508500,0.010,0.828,0.162
509000,0.010,0.818,0.172
509500,0.010,0.832,0.158
510000,0.010,0.833,0.157
510500,0.010,0.838,0.152
511000,0.010,0.816,0.174
511500,0.010,0.832,0.158
512000,0.010,0.828,0.162
512500,0.010,0.844,0.146
513000,0.010,0.851,0.139
513500,0.010,0.836,0.154
514000,0.010,0.838,0.152
514500,0.010,0.819,0.171
515000,0.010,0.828,0.162
515500,0.010,0.857,0.133
516000,0.010,0.857,0.133
516500,0.010,0.890,0.100
517000,0.010,0.889,0.101
517500,0.010,0.867,0.123
518000,0.010,0.871,0.119
518500,0.010,0.865,0.125
519000,0.010,0.891,0.099
519500,0.010,0.860,0.130
520000,0.010,0.844,0.146
520500,0.010,0.843,0.147
521000,0.010,0.852,0.138
521500,0.010,0.872,0.118
522000,0.010,0.853,0.137
522500,0.010,0.875,0.115
523000,0.010,0.861,0.129
523500,0.010,0.844,0.146
524000,0.010,0.855,0.135
524500,0.010,0.854,0.136
525000,0.010,0.853,0.137
525500,0.010,0.831,0.159
526000,0.010,0.852,0.138
526500,0.010,0.854,0.136
527000,0.010,0.863,0.127
527500,0.010,0.871,0.119
528000,0.010,0.855,0.135
528500,0.010,0.866,0.124
529000,0.010,0.881,0.109
529500,0.010,0.874,0.116
530000,0.010,0.881,0.109
530500,0.010,0.892,0.098
531000,0.010,0.882,0.108
531500,0.010,0.895,0.095
532000,0.010,0.906,0.084
532500,0.010,0.888,0.102
533000,0.010,0.907,0.083
533500,0.010,0.909,0.081
534000,0.010,0.893,0.097
534500,0.010,0.837,0.153
535000,0.010,0.839,0.151
535500,0.010,0.850,0.140
536000,0.010,0.858,0.132
536500,0.010,0.873,0.117
537000,0.010,0.879,0.111
537500,0.010,0.882,0.108
538000,0.010,0.908,0.082
538500,0.010,0.889,0.101
539000,0.010,0.880,0.110
539500,0.010,0.869,0.121
540000,0.010,0.886,0.104
540500,0.010,0.875,0.115
541000,0.010,0.887,0.103
541500,0.010,0.884,0.106
542000,0.010,0.918,0.072
542500,0.010,0.901,0.089
543000,0.010,0.871,0.119
543500,0.010,0.883,0.107
544000,0.010,0.860,0.130
544500,0.010,0.855,0.135
545000,0.010,0.844,0.146
545500,0.010,0.859,0.131
546000,0.010,0.824,0.166
546500,0.010,0.844,0.146
547000,0.010,0.852,0.138
547500,0.010,0.851,0.139
548000,0.010,0.890,0.100
548500,0.010,0.895,0.095
549000,0.010,0.901,0.089
549500,0.010,0.920,0.070
550000,0.010,0.899,0.091
550500,0.010,0.894,0.096
551000,0.010,0.883,0.107
551500,0.010,0.907,0.083
552000,0.010,0.919,0.071
552500,0.010,0.885,0.105
553000,0.010,0.894,0.096
553500,0.010,0.896,0.094
554000,0.010,0.889,0.101
554500,0.010,0.902,0.088
555000,0.010,0.902,0.088
555500,0.010,0.873,0.117
556000,0.010,0.832,0.158
556500,0.010,0.839,0.151
557000,0.010,0.856,0.134
557500,0.010,0.846,0.144
558000,0.010,0.852,0.138
558500,0.010,0.827,0.163
559000,0.010,0.805,0.184
559500,0.010,0.800,0.190
560000,0.010,0.760,0.230
560500,0.010,0.800,0.190
561000,0.010,0.788,0.202
561500,0.010,0.811,0.178
562000,0.010,0.804,0.185
562500,0.010,0.831,0.159
563000,0.010,0.868,0.122
563500,0.010,0.873,0.117
564000,0.010,0.869,0.121
564500,0.010,0.837,0.153
565000,0.010,0.840,0.150
565500,0.010,0.859,0.131
566000,0.010,0.876,0.114
566500,0.010,0.871,0.119
567000,0.010,0.873,0.117
567500,0.010,0.883,0.107
568000,0.010,0.870,0.120
568500,0.010,0.852,0.138
569000,0.010,0.845,0.145
569500,0.010,0.833,0.157
570000,0.010,0.824,0.166
570500,0.010,0.869,0.121
571000,0.010,0.862,0.128
571500,0.010,0.849,0.141
572000,0.010,0.869,0.121
572500,0.010,0.875,0.115
573000,0.010,0.880,0.110
573500,0.010,0.862,0.128
574000,0.010,0.868,0.122
574500,0.010,0.891,0.099
575000,0.010,0.845,0.145
575500,0.010,0.862,0.128
576000,0.010,0.866,0.124
576500,0.010,0.887,0.103
577000,0.010,0.879,0.111
577500,0.010,0.889,0.101
578000,0.010,0.847,0.143
578500,0.010,0.843,0.147
579000,0.010,0.843,0.147
579500,0.010,0.863,0.127
580000,0.010,0.847,0.143
580500,0.010,0.869,0.121
581000,0.010,0.870,0.120
581500,0.010,0.833,0.157
582000,0.010,0.873,0.117
582500,0.010,0.869,0.121
583000,0.010,0.841,0.149
583500,0.010,0.870,0.120
584000,0.010,0.865,0.125
584500,0.010,0.857,0.133
585000,0.010,0.843,0.147
585500,0.010,0.883,0.107
586000,0.010,0.901,0.089
586500,0.010,0.897,0.093
587000,0.010,0.917,0.073
587500,0.010,0.917,0.073
588000,0.010,0.924,0.066
588500,0.010,0.926,0.064
589000,0.010,0.922,0.068
589500,0.010,0.898,0.092
590000,0.010,0.892,0.098
590500,0.010,0.885,0.105
591000,0.010,0.841,0.149
591500,0.010,0.852,0.138
592000,0.010,0.875,0.115
592500,0.010,0.855,0.135
593000,0.010,0.877,0.113
593500,0.010,0.870,0.120
594000,0.010,0.861,0.129
594500,0.010,0.863,0.127
595000,0.010,0.853,0.137
595500,0.010,0.849,0.141
596000,0.010,0.844,0.146
596500,0.010,0.870,0.120
597000,0.010,0.875,0.115
597500,0.010,0.895,0.095
598000,0.010,0.940,0.050
598500,0.010,0.941,0.049
599000,0.010,0.940,0.050
599500,0.010,0.936,0.054
600000,0.010,0.925,0.065
600500,0.010,0.897,0.093
601000,0.010,0.899,0.091
601500,0.010,0.889,0.101
602000,0.010,0.889,0.101
602500,0.010,0.881,0.109
603000,0.010,0.867,0.123
603500,0.010,0.865,0.125
604000,0.010,0.855,0.135
604500,0.010,0.874,0.116
605000,0.010,0.889,0.101
605500,0.010,0.896,0.094
606000,0.010,0.860,0.130
606500,0.010,0.838,0.152
607000,0.010,0.871,0.119
607500,0.010,0.873,0.117
608000,0.010,0.885,0.105
608500,0.010,0.880,0.110
609000,0.010,0.901,0.089
609500,0.010,0.855,0.135
610000,0.010,0.903,0.087
610500,0.010,0.922,0.068
611000,0.010,0.905,0.085
611500,0.010,0.876,0.114
612000,0.010,0.872,0.118
612500,0.010,0.895,0.095
613000,0.010,0.889,0.101
613500,0.010,0.875,0.115
614000,0.010,0.888,0.102
614500,0.010,0.876,0.114
615000,0.010,0.860,0.130
615500,0.010,0.857,0.133
616000,0.010,0.874,0.116
616500,0.010,0.887,0.103
617000,0.010,0.856,0.134
617500,0.010,0.879,0.111
618000,0.010,0.869,0.121
618500,0.010,0.841,0.149
619000,0.010,0.856,0.134
619500,0.010,0.853,0.137
620000,0.010,0.857,0.133
620500,0.010,0.861,0.129
621000,0.010,0.885,0.105
621500,0.010,0.878,0.112
622000,0.010,0.900,0.090
622500,0.010,0.889,0.101
623000,0.010,0.905,0.085
623500,0.010,0.903,0.087
624000,0.010,0.920,0.070
624500,0.010,0.922,0.068
625000,0.010,0.879,0.111
625500,0.010,0.892,0.098
626000,0.010,0.879,0.111
626500,0.010,0.875,0.115
627000,0.010,0.857,0.133
627500,0.010,0.902,0.088
628000,0.010,0.918,0.072
628500,0.010,0.888,0.102
629000,0.010,0.897,0.093
629500,0.010,0.897,0.093
630000,0.010,0.894,0.096
630500,0.010,0.891,0.099
631000,0.010,0.870,0.120
631500,0.010,0.865,0.125
632000,0.010,0.870,0.120
632500,0.010,0.835,0.155
633000,0.010,0.821,0.169
633500,0.010,0.849,0.141
634000,0.010,0.870,0.120
634500,0.010,0.896,0.094
635000,0.010,0.893,0.097
635500,0.010,0.863,0.127
636000,0.010,0.897,0.093
636500,0.010,0.882,0.108
637000,0.010,0.857,0.133
637500,0.010,0.874,0.116
638000,0.010,0.882,0.108
638500,0.010,0.893,0.097
639000,0.010,0.885,0.105
639500,0.010,0.868,0.122
640000,0.010,0.884,0.106
640500,0.010,0.894,0.096
641000,0.010,0.879,0.111
641500,0.010,0.824,0.166
642000,0.010,0.866,0.124
642500,0.010,0.828,0.162
643000,0.010,0.846,0.144
643500,0.010,0.877,0.113
644000,0.010,0.854,0.136
644500,0.010,0.880,0.110
645000,0.010,0.882,0.108
645500,0.010,0.878,0.112
646000,0.010,0.876,0.114
646500,0.010,0.864,0.126
647000,0.010,0.840,0.150
647500,0.010,0.873,0.117
648000,0.010,0.834,0.156
648500,0.010,0.882,0.108
649000,0.010,0.880,0.110
649500,0.010,0.876,0.114
650000,0.010,0.866,0.124
650500,0.010,0.860,0.130
651000,0.010,0.886,0.104
651500,0.010,0.883,0.107
652000,0.010,0.900,0.090
652500,0.010,0.896,0.094
653000,0.010,0.877,0.113
653500,0.010,0.893,0.097
654000,0.010,0.865,0.125
654500,0.010,0.835,0.155
655000,0.010,0.829,0.161
655500,0.010,0.847,0.143
656000,0.010,0.838,0.152
656500,0.010,0.828,0.162
657000,0.010,0.830,0.160
657500,0.010,0.875,0.115
658000,0.010,0.882,0.108
658500,0.010,0.906,0.084
659000,0.010,0.900,0.090
659500,0.010,0.896,0.094
660000,0.010,0.883,0.107
660500,0.010,0.858,0.132
661000,0.010,0.867,0.123
661500,0.010,0.872,0.118
662000,0.010,0.912,0.078
662500,0.010,0.890,0.100
663000,0.010,0.895,0.095
663500,0.010,0.883,0.107
664000,0.010,0.890,0.100
664500,0.010,0.888,0.102
665000,0.010,0.869,0.121
665500,0.010,0.875,0.115
666000,0.010,0.898,0.092
666500,0.010,0.921,0.069
667000,0.010,0.885,0.105
667500,0.010,0.924,0.066
668000,0.010,0.910,0.080
668500,0.010,0.910,0.080
669000,0.010,0.887,0.103
669500,0.010,0.886,0.104
670000,0.010,0.920,0.070
670500,0.010,0.919,0.071
671000,0.010,0.911,0.079
671500,0.010,0.890,0.100
672000,0.010,0.852,0.138
672500,0.010,0.848,0.142
673000,0.010,0.857,0.133
673500,0.010,0.858,0.132
674000,0.010,0.852,0.138
674500,0.010,0.845,0.145
675000,0.010,0.837,0.153
675500,0.010,0.865,0.125
676000,0.010,0.900,0.090
676500,0.010,0.882,0.108
677000,0.010,0.857,0.133
677500,0.010,0.894,0.096
678000,0.010,0.881,0.109
678500,0.010,0.876,0.114
679000,0.010,0.906,0.084
679500,0.010,0.906,0.084
680000,0.010,0.903,0.087
680500,0.010,0.906,0.084
681000,0.010,0.926,0.064
681500,0.010,0.919,0.071
682000,0.010,0.893,0.097
682500,0.010,0.910,0.080
683000,0.010,0.908,0.082
683500,0.010,0.915,0.075
684000,0.010,0.911,0.079
684500,0.010,0.921,0.069
685000,0.010,0.912,0.078
685500,0.010,0.916,0.074
686000,0.010,0.885,0.105
686500,0.010,0.849,0.141
687000,0.010,0.808,0.181
687500,0.010,0.843,0.147
688000,0.010,0.823,0.167
688500,0.010,0.774,0.216
689000,0.010,0.815,0.175
689500,0.010,0.825,0.165
690000,0.010,0.809,0.181
690500,0.010,0.816,0.174
691000,0.010,0.834,0.156
691500,0.010,0.795,0.195
692000,0.010,0.786,0.204
692500,0.010,0.810,0.180
693000,0.010,0.854,0.136
693500,0.010,0.855,0.135
694000,0.010,0.876,0.114
694500,0.010,0.871,0.119
695000,0.010,0.858,0.132
695500,0.010,0.867,0.123
696000,0.010,0.859,0.131
696500,0.010,0.864,0.126
697000,0.010,0.833,0.157
697500,0.010,0.829,0.161
698000,0.010,0.826,0.164
698500,0.010,0.852,0.138
699000,0.010,0.878,0.112
699500,0.010,0.856,0.134
700000,0.010,0.856,0.134
700500,0.010,0.858,0.132
701000,0.010,0.858,0.132
701500,0.010,0.847,0.143
702000,0.010,0.844,0.146
702500,0.010,0.839,0.151
703000,0.010,0.872,0.118
703500,0.010,0.869,0.121
704000,0.010,0.868,0.122
704500,0.010,0.859,0.131
705000,0.010,0.851,0.139
705500,0.010,0.852,0.138
706000,0.010,0.860,0.130
706500,0.010,0.870,0.120
707000,0.010,0.843,0.147
707500,0.010,0.870,0.120
708000,0.010,0.857,0.133
708500,0.010,0.908,0.082
709000,0.010,0.915,0.075
709500,0.010,0.895,0.095
710000,0.010,0.882,0.108
710500,0.010,0.879,0.111
711000,0.010,0.873,0.117
711500,0.010,0.858,0.132
712000,0.010,0.875,0.115
712500,0.010,0.868,0.122
713000,0.010,0.880,0.110
713500,0.010,0.870,0.120
714000,0.010,0.862,0.128
714500,0.010,0.881,0.109
715000,0.010,0.880,0.110
715500,0.010,0.884,0.106
716000,0.010,0.866,0.124
716500,0.010,0.875,0.115
717000,0.010,0.899,0.091
717500,0.010,0.906,0.084
718000,0.010,0.917,0.073
718500,0.010,0.914,0.076
719000,0.010,0.918,0.072
719500,0.010,0.926,0.064
720000,0.010,0.927,0.063
720500,0.010,0.913,0.077
721000,0.010,0.914,0.076
721500,0.010,0.919,0.071
722000,0.010,0.910,0.080
722500,0.010,0.917,0.073
723000,0.010,0.920,0.070
723500,0.010,0.906,0.084
724000,0.010,0.905,0.085
724500,0.010,0.908,0.082
725000,0.010,0.906,0.084
725500,0.010,0.880,0.110
726000,0.010,0.881,0.109
726500,0.010,0.883,0.107
727000,0.010,0.891,0.099
727500,0.010,0.889,0.101
728000,0.010,0.846,0.144
728500,0.010,0.841,0.149
729000,0.010,0.867,0.123
729500,0.010,0.893,0.097
730000,0.010,0.867,0.123
730500,0.010,0.880,0.110
731000,0.010,0.884,0.106
731500,0.010,0.886,0.104
732000,0.010,0.869,0.121
732500,0.010,0.852,0.138
733000,0.010,0.873,0.117
733500,0.010,0.883,0.107
734000,0.010,0.896,0.094
734500,0.010,0.893,0.097
735000,0.010,0.888,0.102
735500,0.010,0.883,0.107
736000,0.010,0.856,0.134
736500,0.010,0.843,0.147
737000,0.010,0.823,0.167
737500,0.010,0.842,0.148
738000,0.010,0.854,0.136
738500,0.010,0.838,0.152
739000,0.010,0.839,0.151
739500,0.010,0.804,0.185
740000,0.010,0.784,0.206
740500,0.010,0.817,0.173
741000,0.010,0.838,0.152
741500,0.010,0.783,0.207
742000,0.010,0.826,0.164
742500,0.010,0.856,0.134
743000,0.010,0.869,0.121
743500,0.010,0.867,0.123
744000,0.010,0.832,0.158
744500,0.010,0.828,0.162
745000,0.010,0.828,0.162
745500,0.010,0.779,0.211
746000,0.010,0.803,0.186
746500,0.010,0.828,0.162
747000,0.010,0.849,0.141
747500,0.010,0.858,0.132
748000,0.010,0.866,0.124
748500,0.010,0.898,0.092
749000,0.010,0.893,0.097
749500,0.010,0.897,0.093
750000,0.010,0.887,0.103
750500,0.010,0.887,0.103
751000,0.010,0.888,0.102
751500,0.010,0.908,0.082
752000,0.010,0.867,0.123
752500,0.010,0.863,0.127
753000,0.010,0.833,0.157
753500,0.010,0.821,0.169
754000,0.010,0.850,0.140
754500,0.010,0.843,0.147
755000,0.010,0.838,0.152
755500,0.010,0.875,0.115
756000,0.010,0.873,0.117
756500,0.010,0.850,0.140
757000,0.010,0.837,0.153
757500,0.010,0.836,0.154
758000,0.010,0.832,0.158
758500,0.010,0.839,0.151
759000,0.010,0.847,0.143
759500,0.010,0.850,0.140
760000,0.010,0.830,0.160
760500,0.010,0.832,0.158
761000,0.010,0.856,0.134
761500,0.010,0.877,0.113
762000,0.010,0.873,0.117
762500,0.010,0.887,0.103
763000,0.010,0.865,0.125
763500,0.010,0.863,0.127
764000,0.010,0.861,0.129
764500,0.010,0.870,0.120
765000,0.010,0.858,0.132
765500,0.010,0.865,0.125
766000,0.010,0.857,0.133
766500,0.010,0.843,0.147
767000,0.010,0.865,0.125
767500,0.010,0.886,0.104
768000,0.010,0.892,0.098
768500,0.010,0.893,0.097
769000,0.010,0.907,0.083
769500,0.010,0.885,0.105
770000,0.010,0.885,0.105
770500,0.010,0.847,0.143
771000,0.010,0.824,0.166
771500,0.010,0.834,0.156
772000,0.010,0.824,0.166
772500,0.010,0.807,0.182
773000,0.010,0.834,0.156
773500,0.010,0.828,0.162
774000,0.010,0.834,0.156
774500,0.010,0.870,0.120
775000,0.010,0.873,0.117
775500,0.010,0.866,0.124
776000,0.010,0.817,0.173
776500,0.010,0.791,0.199
777000,0.010,0.852,0.138
777500,0.010,0.852,0.138
778000,0.010,0.843,0.147
778500,0.010,0.871,0.119
779000,0.010,0.877,0.113
779500,0.010,0.880,0.110
780000,0.010,0.892,0.098
780500,0.010,0.881,0.109
781000,0.010,0.863,0.127
781500,0.010,0.857,0.133
782000,0.010,0.836,0.154
782500,0.010,0.867,0.123
783000,0.010,0.895,0.095
783500,0.010,0.879,0.111
784000,0.010,0.872,0.118
784500,0.010,0.897,0.093
785000,0.010,0.900,0.090
785500,0.010,0.901,0.089
786000,0.010,0.908,0.082
786500,0.010,0.910,0.080
787000,0.010,0.882,0.108
787500,0.010,0.864,0.126
788000,0.010,0.859,0.131
788500,0.010,0.858,0.132
789000,0.010,0.867,0.123
789500,0.010,0.843,0.147
790000,0.010,0.864,0.126
790500,0.010,0.839,0.151
791000,0.010,0.851,0.139
791500,0.010,0.842,0.148
792000,0.010,0.843,0.147
792500,0.010,0.890,0.100
793000,0.010,0.880,0.110
793500,0.010,0.902,0.088
794000,0.010,0.890,0.100
794500,0.010,0.844,0.146
795000,0.010,0.854,0.136
795500,0.010,0.844,0.146
796000,0.010,0.869,0.121
796500,0.010,0.852,0.138
797000,0.010,0.875,0.115
797500,0.010,0.877,0.113
798000,0.010,0.888,0.102
798500,0.010,0.855,0.135
799000,0.010,0.876,0.114
799500,0.010,0.871,0.119
800000,0.010,0.881,0.109
800500,0.010,0.883,0.107
801000,0.010,0.875,0.115
801500,0.010,0.903,0.087
802000,0.010,0.883,0.107
802500,0.010,0.902,0.088
803000,0.010,0.871,0.119
803500,0.010,0.865,0.125
804000,0.010,0.864,0.126
804500,0.010,0.865,0.125
805000,0.010,0.877,0.113
805500,0.010,0.896,0.094
806000,0.010,0.896,0.094
806500,0.010,0.866,0.124
807000,0.010,0.846,0.144
807500,0.010,0.844,0.146
808000,0.010,0.867,0.123
808500,0.010,0.864,0.126
809000,0.010,0.804,0.185
809500,0.010,0.862,0.128
810000,0.010,0.895,0.095
810500,0.010,0.906,0.084
811000,0.010,0.871,0.119
811500,0.010,0.853,0.137
812000,0.010,0.850,0.140
812500,0.010,0.879,0.111
813000,0.010,0.897,0.093
813500,0.010,0.905,0.085
814000,0.010,0.911,0.079
814500,0.010,0.911,0.079
815000,0.010,0.883,0.107
815500,0.010,0.881,0.109
816000,0.010,0.916,0.074
816500,0.010,0.834,0.156
817000,0.010,0.828,0.162
817500,0.010,0.829,0.161
818000,0.010,0.834,0.156
818500,0.010,0.854,0.136
819000,0.010,0.858,0.132
819500,0.010,0.856,0.134
820000,0.010,0.872,0.118
820500,0.010,0.883,0.107
821000,0.010,0.876,0.114
821500,0.010,0.901,0.089
822000,0.010,0.934,0.056
822500,0.010,0.928,0.062
823000,0.010,0.914,0.076
823500,0.010,0.931,0.059
824000,0.010,0.935,0.055
824500,0.010,0.931,0.058
825000,0.010,0.881,0.109
825500,0.010,0.860,0.130
826000,0.010,0.856,0.134
826500,0.010,0.838,0.152
827000,0.010,0.827,0.163
827500,0.010,0.829,0.161
828000,0.010,0.832,0.158
828500,0.010,0.848,0.142
829000,0.010,0.868,0.122
829500,0.010,0.875,0.115
830000,0.010,0.886,0.104
830500,0.010,0.873,0.117
831000,0.010,0.870,0.120
831500,0.010,0.881,0.109
832000,0.010,0.865,0.125
832500,0.010,0.862,0.128
833000,0.010,0.897,0.093
833500,0.010,0.911,0.079
834000,0.010,0.900,0.090
834500,0.010,0.898,0.092
835000,0.010,0.872,0.118
835500,0.010,0.865,0.125
836000,0.010,0.851,0.139
836500,0.010,0.863,0.127
837000,0.010,0.859,0.131
837500,0.010,0.855,0.135
838000,0.010,0.837,0.153
838500,0.010,0.846,0.144
839000,0.010,0.897,0.093
839500,0.010,0.894,0.096
840000,0.010,0.898,0.092
840500,0.010,0.884,0.106
841000,0.010,0.883,0.107
841500,0.010,0.879,0.111
842000,0.010,0.888,0.102
842500,0.010,0.866,0.124
843000,0.010,0.865,0.125
843500,0.010,0.893,0.097
844000,0.010,0.885,0.105
844500,0.010,0.876,0.114
845000,0.010,0.878,0.112
845500,0.010,0.893,0.097
846000,0.010,0.894,0.096
846500,0.010,0.896,0.094
847000,0.010,0.879,0.111
847500,0.010,0.864,0.126
848000,0.010,0.862,0.128
848500,0.010,0.860,0.130
849000,0.010,0.842,0.148
849500,0.010,0.877,0.113
850000,0.010,0.908,0.082
850500,0.010,0.934,0.055
851000,0.010,0.921,0.069
851500,0.010,0.907,0.083
852000,0.010,0.932,0.058
852500,0.010,0.928,0.062
853000,0.010,0.896,0.094
853500,0.010,0.860,0.130
854000,0.010,0.844,0.146
854500,0.010,0.860,0.130
855000,0.010,0.860,0.130
855500,0.010,0.829,0.161
856000,0.010,0.847,0.143
856500,0.010,0.858,0.132
857000,0.010,0.881,0.109
857500,0.010,0.873,0.117
858000,0.010,0.867,0.123
858500,0.010,0.886,0.104
859000,0.010,0.881,0.109
859500,0.010,0.888,0.102
860000,0.010,0.895,0.095
860500,0.010,0.898,0.092
861000,0.010,0.895,0.095
861500,0.010,0.903,0.087
862000,0.010,0.908,0.082
862500,0.010,0.880,0.110
863000,0.010,0.884,0.106
863500,0.010,0.915,0.075
864000,0.010,0.919,0.071
864500,0.010,0.904,0.086
865000,0.010,0.893,0.097
865500,0.010,0.874,0.116
866000,0.010,0.878,0.112
866500,0.010,0.893,0.097
867000,0.010,0.914,0.076
867500,0.010,0.899,0.091
868000,0.010,0.888,0.102
868500,0.010,0.895,0.095
869000,0.010,0.887,0.103
869500,0.010,0.897,0.093
870000,0.010,0.861,0.129
870500,0.010,0.836,0.154
871000,0.010,0.850,0.140
871500,0.010,0.877,0.113
872000,0.010,0.920,0.070
872500,0.010,0.923,0.067
873000,0.010,0.894,0.096
873500,0.010,0.886,0.104
874000,0.010,0.878,0.112
874500,0.010,0.880,0.110
875000,0.010,0.887,0.103
875500,0.010,0.892,0.098
876000,0.010,0.895,0.095
876500,0.010,0.895,0.095
877000,0.010,0.893,0.097
877500,0.010,0.865,0.125
878000,0.010,0.883,0.107
878500,0.010,0.873,0.117
879000,0.010,0.882,0.108
879500,0.010,0.902,0.088
880000,0.010,0.892,0.098
880500,0.010,0.862,0.128
881000,0.010,0.868,0.122
881500,0.010,0.827,0.163
882000,0.010,0.862,0.128
882500,0.010,0.861,0.129
883000,0.010,0.887,0.103
883500,0.010,0.908,0.082
884000,0.010,0.920,0.070
884500,0.010,0.905,0.085
885000,0.010,0.880,0.110
885500,0.010,0.876,0.114
886000,0.010,0.913,0.077
886500,0.010,0.913,0.077
887000,0.010,0.883,0.107
887500,0.010,0.867,0.123
888000,0.010,0.868,0.122
888500,0.010,0.856,0.134
889000,0.010,0.857,0.133
889500,0.010,0.901,0.089
890000,0.010,0.906,0.084
890500,0.010,0.884,0.106
891000,0.010,0.862,0.128
891500,0.010,0.864,0.126
892000,0.010,0.839,0.151
892500,0.010,0.829,0.161
893000,0.010,0.805,0.185
893500,0.010,0.859,0.131
894000,0.010,0.872,0.118
894500,0.010,0.854,0.136
895000,0.010,0.853,0.137
895500,0.010,0.869,0.121
896000,0.010,0.879,0.111
896500,0.010,0.902,0.088
897000,0.010,0.905,0.085
897500,0.010,0.891,0.099
898000,0.010,0.902,0.088
898500,0.010,0.920,0.070
899000,0.010,0.920,0.070
899500,0.010,0.917,0.073
900000,0.010,0.916,0.074
900500,0.010,0.909,0.081
901000,0.010,0.917,0.073
901500,0.010,0.925,0.065
902000,0.010,0.903,0.087
902500,0.010,0.864,0.126
903000,0.010,0.845,0.145
903500,0.010,0.808,0.182
904000,0.010,0.828,0.162
904500,0.010,0.824,0.166
905000,0.010,0.809,0.181
905500,0.010,0.815,0.175
906000,0.010,0.848,0.142
906500,0.010,0.861,0.129
907000,0.010,0.899,0.091
907500,0.010,0.893,0.097
908000,0.010,0.906,0.084
908500,0.010,0.907,0.083
909000,0.010,0.923,0.067
909500,0.010,0.886,0.104
910000,0.010,0.865,0.125
910500,0.010,0.897,0.093
911000,0.010,0.898,0.092
911500,0.010,0.898,0.092
912000,0.010,0.889,0.101
912500,0.010,0.873,0.117
913000,0.010,0.877,0.113
913500,0.010,0.897,0.093
914000,0.010,0.893,0.097
914500,0.010,0.905,0.085
915000,0.010,0.886,0.104
915500,0.010,0.884,0.106
916000,0.010,0.895,0.095
916500,0.010,0.870,0.120
917000,0.010,0.858,0.132
917500,0.010,0.858,0.132
918000,0.010,0.870,0.120
918500,0.010,0.849,0.141
919000,0.010,0.866,0.124
919500,0.010,0.908,0.082
920000,0.010,0.918,0.072
920500,0.010,0.879,0.111
921000,0.010,0.862,0.128
921500,0.010,0.883,0.107
922000,0.010,0.898,0.092
922500,0.010,0.880,0.110
923000,0.010,0.880,0.110
923500,0.010,0.867,0.123
924000,0.010,0.862,0.128
924500,0.010,0.863,0.127
925000,0.010,0.862,0.128
925500,0.010,0.868,0.122
926000,0.010,0.868,0.122
926500,0.010,0.901,0.089
927000,0.010,0.897,0.093
927500,0.010,0.890,0.100
928000,0.010,0.870,0.120
928500,0.010,0.922,0.068
929000,0.010,0.935,0.054
929500,0.010,0.911,0.079
930000,0.010,0.927,0.063
930500,0.010,0.922,0.068
931000,0.010,0.933,0.056
931500,0.010,0.912,0.078
932000,0.010,0.933,0.056
932500,0.010,0.900,0.090
933000,0.010,0.888,0.102
933500,0.010,0.892,0.098
934000,0.010,0.868,0.122
934500,0.010,0.870,0.120
935000,0.010,0.857,0.133
935500,0.010,0.891,0.099
936000,0.010,0.913,0.077
936500,0.010,0.921,0.069
937000,0.010,0.935,0.055
937500,0.010,0.927,0.062
938000,0.010,0.912,0.078
938500,0.010,0.909,0.081
939000,0.010,0.920,0.070
939500,0.010,0.927,0.062
940000,0.010,0.935,0.054
940500,0.010,0.934,0.056
941000,0.010,0.923,0.067
941500,0.010,0.909,0.081
942000,0.010,0.912,0.078
942500,0.010,0.889,0.101
943000,0.010,0.890,0.100
943500,0.010,0.878,0.112
944000,0.010,0.883,0.107
944500,0.010,0.884,0.106
945000,0.010,0.896,0.094
945500,0.010,0.907,0.083
946000,0.010,0.895,0.095
946500,0.010,0.904,0.086
947000,0.010,0.865,0.125
947500,0.010,0.859,0.131
948000,0.010,0.862,0.128
948500,0.010,0.837,0.153
949000,0.010,0.860,0.130
949500,0.010,0.846,0.144
950000,0.010,0.858,0.132
950500,0.010,0.846,0.144
951000,0.010,0.848,0.142
951500,0.010,0.852,0.138
952000,0.010,0.831,0.159
952500,0.010,0.835,0.155
953000,0.010,0.845,0.145
953500,0.010,0.870,0.120
954000,0.010,0.878,0.112
954500,0.010,0.871,0.119
955000,0.010,0.826,0.164
955500,0.010,0.833,0.157
956000,0.010,0.870,0.120
956500,0.010,0.871,0.119
957000,0.010,0.861,0.129
957500,0.010,0.853,0.137
958000,0.010,0.838,0.152
958500,0.010,0.816,0.174
959000,0.010,0.799,0.191
959500,0.010,0.862,0.128
960000,0.010,0.874,0.116
960500,0.010,0.870,0.120
961000,0.010,0.876,0.114
961500,0.010,0.858,0.132
962000,0.010,0.845,0.145
962500,0.010,0.834,0.156
963000,0.010,0.816,0.174
963500,0.010,0.847,0.143
964000,0.010,0.851,0.139
964500,0.010,0.840,0.150
965000,0.010,0.857,0.133
965500,0.010,0.858,0.132
966000,0.010,0.888,0.102
966500,0.010,0.852,0.138
967000,0.010,0.863,0.127
967500,0.010,0.877,0.113
968000,0.010,0.861,0.129
968500,0.010,0.882,0.108
969000,0.010,0.878,0.112
969500,0.010,0.869,0.121
970000,0.010,0.846,0.144
970500,0.010,0.868,0.122
971000,0.010,0.877,0.113
971500,0.010,0.866,0.124
972000,0.010,0.852,0.138
972500,0.010,0.878,0.112
973000,0.010,0.917,0.073
973500,0.010,0.920,0.070
974000,0.010,0.907,0.083
974500,0.010,0.910,0.080
975000,0.010,0.893,0.097
975500,0.010,0.864,0.126
976000,0.010,0.896,0.094
976500,0.010,0.901,0.089
977000,0.010,0.900,0.090
977500,0.010,0.878,0.112
978000,0.010,0.887,0.103
978500,0.010,0.876,0.114
979000,0.010,0.862,0.128
979500,0.010,0.856,0.134
980000,0.010,0.844,0.146
980500,0.010,0.873,0.117
981000,0.010,0.875,0.115
981500,0.010,0.889,0.101
982000,0.010,0.896,0.094
982500,0.010,0.889,0.101
983000,0.010,0.874,0.116
983500,0.010,0.896,0.094
984000,0.010,0.900,0.090
984500,0.010,0.923,0.067
985000,0.010,0.914,0.076
985500,0.010,0.917,0.073
986000,0.010,0.909,0.081
986500,0.010,0.902,0.088
987000,0.010,0.915,0.075
987500,0.010,0.874,0.116
988000,0.010,0.887,0.103
988500,0.010,0.879,0.111
989000,0.010,0.868,0.122
989500,0.010,0.881,0.109
990000,0.010,0.824,0.166
990500,0.010,0.837,0.153
991000,0.010,0.836,0.154
991500,0.010,0.836,0.154
992000,0.010,0.855,0.135
992500,0.010,0.853,0.137
993000,0.010,0.843,0.147
993500,0.010,0.874,0.116
994000,0.010,0.857,0.133
994500,0.010,0.854,0.136
995000,0.010,0.844,0.146
995500,0.010,0.835,0.155
996000,0.010,0.839,0.151
996500,0.010,0.835,0.155
997000,0.010,0.874,0.116
997500,0.010,0.891,0.099
998000,0.010,0.898,0.092
998500,0.010,0.901,0.089
999000,0.010,0.908,0.082
999500,0.010,0.893,0.097
1000000,0.010,0.889,0.101
