time,n_A+p,n_B,n_AB
500,0.030,0.940,0.030
1000,0.030,0.848,0.122
1500,0.030,0.810,0.160
2000,0.030,0.837,0.133
2500,0.030,0.859,0.111
3000,0.030,0.855,0.115
3500,0.030,0.807,0.163
4000,0.030,0.854,0.116
4500,0.030,0.828,0.142
5000,0.030,0.817,0.153
5500,0.030,0.830,0.140
6000,0.030,0.835,0.135
6500,0.030,0.861,0.109
7000,0.030,0.836,0.134
7500,0.030,0.800,0.170
8000,0.030,0.807,0.163
8500,0.030,0.824,0.146
9000,0.030,0.849,0.121
9500,0.030,0.807,0.163
10000,0.030,0.815,0.155
10500,0.030,0.827,0.143
11000,0.030,0.824,0.146
11500,0.030,0.827,0.143
12000,0.030,0.872,0.098
12500,0.030,0.788,0.182
13000,0.030,0.827,0.143
13500,0.030,0.871,0.099
14000,0.030,0.881,0.089
14500,0.030,0.856,0.114
15000,0.030,0.801,0.169
15500,0.030,0.793,0.177
16000,0.030,0.792,0.178
16500,0.030,0.879,0.091
17000,0.030,0.832,0.138
17500,0.030,0.772,0.198
18000,0.030,0.786,0.184
18500,0.030,0.840,0.130
19000,0.030,0.837,0.133
19500,0.030,0.897,0.073
20000,0.030,0.891,0.079
20500,0.030,0.909,0.061
21000,0.030,0.880,0.090
21500,0.030,0.818,0.152
22000,0.030,0.812,0.158
22500,0.030,0.818,0.152
23000,0.030,0.842,0.128
23500,0.030,0.862,0.108
24000,0.030,0.849,0.121
24500,0.030,0.784,0.186
25000,0.030,0.770,0.200
25500,0.030,0.742,0.228
26000,0.030,0.820,0.150
26500,0.030,0.811,0.159
27000,0.030,0.739,0.231
27500,0.030,0.837,0.133
28000,0.030,0.848,0.122
28500,0.030,0.931,0.039
29000,0.030,0.912,0.058
29500,0.030,0.898,0.072
30000,0.030,0.862,0.108
30500,0.030,0.781,0.189
31000,0.030,0.810,0.160
31500,0.030,0.832,0.138
32000,0.030,0.766,0.204
32500,0.030,0.830,0.140
33000,0.030,0.875,0.095
33500,0.030,0.857,0.113
34000,0.030,0.875,0.095
34500,0.030,0.832,0.138
35000,0.030,0.852,0.118
35500,0.030,0.790,0.180
36000,0.030,0.790,0.180
36500,0.030,0.843,0.127
37000,0.030,0.834,0.136
37500,0.030,0.817,0.153
38000,0.030,0.853,0.117
38500,0.030,0.799,0.171
39000,0.030,0.842,0.128
39500,0.030,0.763,0.207
40000,0.030,0.747,0.223
40500,0.030,0.823,0.147
41000,0.030,0.853,0.117
41500,0.030,0.814,0.156
42000,0.030,0.798,0.172
42500,0.030,0.844,0.126
43000,0.030,0.857,0.113
43500,0.030,0.851,0.119
44000,0.030,0.877,0.093
44500,0.030,0.853,0.117
45000,0.030,0.905,0.065
45500,0.030,0.902,0.068
46000,0.030,0.896,0.074
46500,0.030,0.910,0.060
47000,0.030,0.839,0.131
47500,0.030,0.854,0.116
48000,0.030,0.819,0.151
48500,0.030,0.855,0.115
49000,0.030,0.866,0.104
49500,0.030,0.855,0.115
50000,0.030,0.870,0.100
50500,0.030,0.873,0.097
51000,0.030,0.829,0.141
51500,0.030,0.838,0.132
52000,0.030,0.867,0.103
52500,0.030,0.817,0.153
53000,0.030,0.828,0.142
53500,0.030,0.768,0.202
54000,0.030,0.827,0.143
54500,0.030,0.872,0.098
55000,0.030,0.854,0.116
55500,0.030,0.817,0.153
56000,0.030,0.894,0.076
56500,0.030,0.875,0.095
57000,0.030,0.847,0.123
57500,0.030,0.910,0.060
58000,0.030,0.831,0.139
58500,0.030,0.841,0.129
59000,0.030,0.879,0.091
59500,0.030,0.843,0.127
60000,0.030,0.751,0.219
60500,0.030,0.780,0.190
61000,0.030,0.812,0.158
61500,0.030,0.850,0.120
62000,0.030,0.880,0.090
62500,0.030,0.817,0.153
63000,0.030,0.832,0.138
63500,0.030,0.892,0.078
64000,0.030,0.851,0.119
64500,0.030,0.847,0.123
65000,0.030,0.850,0.120
65500,0.030,0.842,0.128
66000,0.030,0.828,0.142
66500,0.030,0.864,0.106
67000,0.030,0.871,0.099
67500,0.030,0.877,0.093
68000,0.030,0.880,0.090
68500,0.030,0.852,0.118
69000,0.030,0.812,0.158
69500,0.030,0.809,0.161
70000,0.030,0.832,0.138
70500,0.030,0.839,0.131
71000,0.030,0.782,0.188
71500,0.030,0.731,0.239
72000,0.030,0.712,0.258
72500,0.030,0.788,0.182
73000,0.030,0.813,0.157
73500,0.030,0.798,0.172
74000,0.030,0.786,0.184
74500,0.030,0.795,0.175
75000,0.030,0.837,0.133
75500,0.030,0.843,0.127
76000,0.030,0.863,0.107
76500,0.030,0.898,0.072
77000,0.030,0.848,0.122
77500,0.030,0.820,0.150
78000,0.030,0.826,0.144
78500,0.030,0.877,0.093
79000,0.030,0.823,0.147
79500,0.030,0.854,0.116
80000,0.030,0.847,0.123
80500,0.030,0.812,0.158
81000,0.030,0.836,0.134
81500,0.030,0.812,0.158
82000,0.030,0.764,0.206
82500,0.030,0.638,0.332
83000,0.030,0.817,0.153
83500,0.030,0.779,0.191
84000,0.030,0.830,0.140
84500,0.030,0.816,0.154
85000,0.030,0.832,0.138
85500,0.030,0.834,0.136
86000,0.030,0.819,0.151
86500,0.030,0.837,0.133
87000,0.030,0.805,0.165
87500,0.030,0.754,0.216
88000,0.030,0.797,0.173
88500,0.030,0.852,0.118
89000,0.030,0.858,0.112
89500,0.030,0.885,0.085
90000,0.030,0.900,0.070
90500,0.030,0.878,0.092
91000,0.030,0.918,0.052
91500,0.030,0.897,0.073
92000,0.030,0.876,0.094
92500,0.030,0.846,0.124
93000,0.030,0.815,0.155
93500,0.030,0.776,0.194
94000,0.030,0.872,0.098
94500,0.030,0.862,0.108
95000,0.030,0.866,0.104
95500,0.030,0.867,0.103
96000,0.030,0.874,0.096
96500,0.030,0.858,0.112
97000,0.030,0.792,0.178
97500,0.030,0.788,0.182
98000,0.030,0.798,0.172
98500,0.030,0.823,0.147
99000,0.030,0.832,0.138
99500,0.030,0.815,0.155
100000,0.030,0.824,0.146
100500,0.030,0.800,0.170
101000,0.030,0.733,0.237
101500,0.030,0.877,0.093
102000,0.030,0.889,0.081
102500,0.030,0.867,0.103
103000,0.030,0.836,0.134
103500,0.030,0.831,0.139
104000,0.030,0.848,0.122
104500,0.030,0.874,0.096
105000,0.030,0.835,0.135
105500,0.030,0.828,0.142
106000,0.030,0.823,0.147
106500,0.030,0.791,0.179
107000,0.030,0.903,0.067
107500,0.030,0.903,0.067
108000,0.030,0.824,0.146
108500,0.030,0.820,0.150
109000,0.030,0.827,0.143
109500,0.030,0.860,0.110
110000,0.030,0.888,0.082
110500,0.030,0.900,0.070
111000,0.030,0.851,0.119
111500,0.030,0.833,0.137
112000,0.030,0.870,0.100
112500,0.030,0.828,0.142
113000,0.030,0.824,0.146
113500,0.030,0.845,0.125
114000,0.030,0.849,0.121
114500,0.030,0.815,0.155
115000,0.030,0.799,0.171
115500,0.030,0.815,0.155
116000,0.030,0.847,0.123
116500,0.030,0.822,0.148
117000,0.030,0.853,0.117
117500,0.030,0.869,0.101
118000,0.030,0.844,0.126
118500,0.030,0.782,0.188
119000,0.030,0.838,0.132
119500,0.030,0.862,0.108
120000,0.030,0.857,0.113
120500,0.030,0.876,0.094
121000,0.030,0.890,0.080
121500,0.030,0.816,0.154
122000,0.030,0.792,0.178
122500,0.030,0.730,0.240
123000,0.030,0.776,0.194
123500,0.030,0.862,0.108
124000,0.030,0.838,0.132
124500,0.030,0.879,0.091
125000,0.030,0.799,0.171
125500,0.030,0.830,0.140
126000,0.030,0.822,0.148
126500,0.030,0.855,0.115
127000,0.030,0.874,0.096
127500,0.030,0.789,0.181
128000,0.030,0.794,0.176
128500,0.030,0.798,0.172
129000,0.030,0.851,0.119
129500,0.030,0.823,0.147
130000,0.030,0.840,0.130
130500,0.030,0.838,0.132
131000,0.030,0.849,0.121
131500,0.030,0.880,0.090
132000,0.030,0.865,0.105
132500,0.030,0.857,0.113
133000,0.030,0.873,0.097
133500,0.030,0.793,0.177
134000,0.030,0.821,0.149
134500,0.030,0.848,0.122
135000,0.030,0.869,0.101
135500,0.030,0.879,0.091
136000,0.030,0.838,0.132
136500,0.030,0.798,0.172
137000,0.030,0.857,0.113
137500,0.030,0.845,0.125
138000,0.030,0.875,0.095
138500,0.030,0.853,0.117
139000,0.030,0.800,0.170
139500,0.030,0.866,0.104
140000,0.030,0.831,0.139
140500,0.030,0.791,0.179
141000,0.030,0.872,0.098
141500,0.030,0.851,0.119
142000,0.030,0.816,0.154
142500,0.030,0.856,0.114
143000,0.030,0.836,0.134
143500,0.030,0.853,0.117
144000,0.030,0.901,0.069
144500,0.030,0.875,0.095
145000,0.030,0.840,0.130
145500,0.030,0.819,0.151
146000,0.030,0.803,0.167
146500,0.030,0.844,0.126
147000,0.030,0.836,0.134
147500,0.030,0.895,0.075
148000,0.030,0.888,0.082
148500,0.030,0.877,0.093
149000,0.030,0.863,0.107
149500,0.030,0.820,0.150
150000,0.030,0.823,0.147
150500,0.030,0.876,0.094
151000,0.030,0.806,0.164
151500,0.030,0.873,0.097
152000,0.030,0.929,0.041
152500,0.030,0.861,0.109
153000,0.030,0.887,0.083
153500,0.030,0.853,0.117
154000,0.030,0.819,0.151
154500,0.030,0.829,0.141
155000,0.030,0.804,0.166
155500,0.030,0.796,0.174
156000,0.030,0.809,0.161
156500,0.030,0.864,0.106
157000,0.030,0.837,0.133
157500,0.030,0.781,0.189
158000,0.030,0.848,0.122
158500,0.030,0.889,0.081
159000,0.030,0.810,0.160
159500,0.030,0.805,0.165
160000,0.030,0.799,0.171
160500,0.030,0.864,0.106
161000,0.030,0.877,0.093
161500,0.030,0.841,0.129
162000,0.030,0.885,0.085
162500,0.030,0.856,0.114
163000,0.030,0.830,0.140
163500,0.030,0.885,0.085
164000,0.030,0.840,0.130
164500,0.030,0.791,0.179
165000,0.030,0.833,0.137
165500,0.030,0.882,0.088
166000,0.030,0.866,0.104
166500,0.030,0.836,0.134
167000,0.030,0.849,0.121
167500,0.030,0.844,0.126
168000,0.030,0.841,0.129
168500,0.030,0.895,0.075
169000,0.030,0.858,0.112
169500,0.030,0.853,0.117
170000,0.030,0.832,0.138
170500,0.030,0.869,0.101
171000,0.030,0.838,0.132
171500,0.030,0.850,0.120
172000,0.030,0.812,0.158
172500,0.030,0.819,0.151
173000,0.030,0.764,0.206
173500,0.030,0.829,0.141
174000,0.030,0.824,0.146
174500,0.030,0.835,0.135
175000,0.030,0.804,0.166
175500,0.030,0.832,0.138
176000,0.030,0.786,0.184
176500,0.030,0.845,0.125
177000,0.030,0.817,0.153
177500,0.030,0.834,0.136
178000,0.030,0.836,0.134
178500,0.030,0.838,0.132
179000,0.030,0.827,0.143
179500,0.030,0.831,0.139
180000,0.030,0.845,0.125
180500,0.030,0.792,0.178
181000,0.030,0.880,0.090
181500,0.030,0.844,0.126
182000,0.030,0.820,0.150
182500,0.030,0.829,0.141
183000,0.030,0.851,0.119
183500,0.030,0.810,0.160
184000,0.030,0.798,0.172
184500,0.030,0.768,0.202
185000,0.030,0.743,0.227
185500,0.030,0.857,0.113
186000,0.030,0.831,0.139
186500,0.030,0.837,0.133
187000,0.030,0.843,0.127
187500,0.030,0.848,0.122
188000,0.030,0.850,0.120
188500,0.030,0.893,0.077
189000,0.030,0.858,0.112
189500,0.030,0.860,0.110
190000,0.030,0.858,0.112
190500,0.030,0.768,0.202
191000,0.030,0.828,0.142
191500,0.030,0.835,0.135
192000,0.030,0.790,0.180
192500,0.030,0.823,0.147
193000,0.030,0.808,0.162
193500,0.030,0.838,0.132
194000,0.030,0.814,0.156
194500,0.030,0.882,0.088
195000,0.030,0.829,0.141
195500,0.030,0.857,0.113
196000,0.030,0.828,0.142
196500,0.030,0.881,0.089
197000,0.030,0.791,0.179
197500,0.030,0.762,0.208
198000,0.030,0.864,0.106
198500,0.030,0.876,0.094
199000,0.030,0.868,0.102
199500,0.030,0.855,0.115
200000,0.030,0.894,0.076
200500,0.030,0.813,0.157
201000,0.030,0.865,0.105
201500,0.030,0.840,0.130
202000,0.030,0.831,0.139
202500,0.030,0.821,0.149
203000,0.030,0.845,0.125
203500,0.030,0.841,0.129
204000,0.030,0.792,0.178
204500,0.030,0.831,0.139
205000,0.030,0.848,0.122
205500,0.030,0.848,0.122
206000,0.030,0.754,0.216
206500,0.030,0.830,0.140
207000,0.030,0.815,0.155
207500,0.030,0.846,0.124
208000,0.030,0.892,0.078
208500,0.030,0.848,0.122
209000,0.030,0.925,0.045
209500,0.030,0.844,0.126
210000,0.030,0.781,0.189
210500,0.030,0.843,0.127
211000,0.030,0.825,0.145
211500,0.030,0.843,0.127
212000,0.030,0.866,0.104
212500,0.030,0.852,0.118
213000,0.030,0.871,0.099
213500,0.030,0.866,0.104
214000,0.030,0.839,0.131
214500,0.030,0.817,0.153
215000,0.030,0.826,0.144
215500,0.030,0.880,0.090
216000,0.030,0.828,0.142
216500,0.030,0.817,0.153
217000,0.030,0.840,0.130
217500,0.030,0.826,0.144
218000,0.030,0.807,0.163
218500,0.030,0.831,0.139
219000,0.030,0.863,0.107
219500,0.030,0.882,0.088
220000,0.030,0.882,0.088
220500,0.030,0.886,0.084
221000,0.030,0.871,0.099
221500,0.030,0.874,0.096
222000,0.030,0.799,0.171
222500,0.030,0.826,0.144
223000,0.030,0.833,0.137
223500,0.030,0.798,0.172
224000,0.030,0.818,0.152
224500,0.030,0.847,0.123
225000,0.030,0.852,0.118
225500,0.030,0.824,0.146
226000,0.030,0.823,0.147
226500,0.030,0.871,0.099
227000,0.030,0.854,0.116
227500,0.030,0.849,0.121
228000,0.030,0.820,0.150
228500,0.030,0.762,0.208
229000,0.030,0.812,0.158
229500,0.030,0.777,0.193
230000,0.030,0.830,0.140
230500,0.030,0.878,0.092
231000,0.030,0.817,0.153
231500,0.030,0.869,0.101
232000,0.030,0.850,0.120
232500,0.030,0.823,0.147
233000,0.030,0.837,0.133
233500,0.030,0.841,0.129
234000,0.030,0.822,0.148
234500,0.030,0.803,0.167
235000,0.030,0.877,0.093
235500,0.030,0.822,0.148
236000,0.030,0.829,0.141
236500,0.030,0.898,0.072
237000,0.030,0.903,0.067
237500,0.030,0.850,0.120
238000,0.030,0.822,0.148
238500,0.030,0.837,0.133
239000,0.030,0.826,0.144
239500,0.030,0.849,0.121
240000,0.030,0.866,0.104
240500,0.030,0.820,0.150
241000,0.030,0.806,0.164
241500,0.030,0.757,0.213
242000,0.030,0.813,0.157
242500,0.030,0.847,0.123
243000,0.030,0.802,0.168
243500,0.030,0.855,0.115
244000,0.030,0.823,0.147
244500,0.030,0.856,0.114
245000,0.030,0.879,0.091
245500,0.030,0.897,0.073
246000,0.030,0.889,0.081
246500,0.030,0.882,0.088
247000,0.030,0.844,0.126
247500,0.030,0.873,0.097
248000,0.030,0.818,0.152
248500,0.030,0.785,0.185
249000,0.030,0.850,0.120
249500,0.030,0.808,0.162
250000,0.030,0.826,0.144
250500,0.030,0.886,0.084
251000,0.030,0.845,0.125
251500,0.030,0.863,0.107
252000,0.030,0.796,0.174
252500,0.030,0.830,0.140
253000,0.030,0.828,0.142
253500,0.030,0.843,0.127
254000,0.030,0.844,0.126
254500,0.030,0.894,0.076
255000,0.030,0.872,0.098
255500,0.030,0.842,0.128
256000,0.030,0.890,0.080
256500,0.030,0.912,0.058
257000,0.030,0.859,0.111
257500,0.030,0.860,0.110
258000,0.030,0.799,0.171
258500,0.030,0.856,0.114
259000,0.030,0.870,0.100
259500,0.030,0.837,0.133
260000,0.030,0.855,0.115
260500,0.030,0.835,0.135
261000,0.030,0.817,0.153
261500,0.030,0.786,0.184
262000,0.030,0.859,0.111
262500,0.030,0.867,0.103
263000,0.030,0.848,0.122
263500,0.030,0.792,0.178
264000,0.030,0.786,0.184
264500,0.030,0.806,0.164
265000,0.030,0.853,0.117
265500,0.030,0.859,0.111
266000,0.030,0.838,0.132
266500,0.030,0.866,0.104
267000,0.030,0.849,0.121
267500,0.030,0.882,0.088
268000,0.030,0.808,0.162
268500,0.030,0.851,0.119
269000,0.030,0.875,0.095
269500,0.030,0.876,0.094
270000,0.030,0.913,0.057
270500,0.030,0.904,0.066
271000,0.030,0.876,0.094
271500,0.030,0.829,0.141
272000,0.030,0.866,0.104
272500,0.030,0.891,0.079
273000,0.030,0.871,0.099
273500,0.030,0.824,0.146
274000,0.030,0.826,0.144
274500,0.030,0.811,0.159
275000,0.030,0.780,0.190
275500,0.030,0.788,0.182
276000,0.030,0.824,0.146
276500,0.030,0.803,0.167
277000,0.030,0.821,0.149
277500,0.030,0.756,0.214
278000,0.030,0.770,0.200
278500,0.030,0.899,0.071
279000,0.030,0.872,0.098
279500,0.030,0.831,0.139
280000,0.030,0.812,0.158
280500,0.030,0.787,0.183
281000,0.030,0.794,0.176
281500,0.030,0.848,0.122
282000,0.030,0.854,0.116
282500,0.030,0.885,0.085
283000,0.030,0.858,0.112
283500,0.030,0.848,0.122
284000,0.030,0.867,0.103
284500,0.030,0.845,0.125
285000,0.030,0.784,0.186
285500,0.030,0.848,0.122
286000,0.030,0.871,0.099
286500,0.030,0.826,0.144
287000,0.030,0.843,0.127
287500,0.030,0.850,0.120
288000,0.030,0.796,0.174
288500,0.030,0.815,0.155
289000,0.030,0.785,0.185
289500,0.030,0.806,0.164
290000,0.030,0.812,0.158
290500,0.030,0.820,0.150
291000,0.030,0.875,0.095
291500,0.030,0.879,0.091
292000,0.030,0.876,0.094
292500,0.030,0.815,0.155
293000,0.030,0.828,0.142
293500,0.030,0.811,0.159
294000,0.030,0.793,0.177
294500,0.030,0.827,0.143
295000,0.030,0.843,0.127
295500,0.030,0.805,0.165
296000,0.030,0.840,0.130
296500,0.030,0.827,0.143
297000,0.030,0.763,0.207
297500,0.030,0.800,0.170
298000,0.030,0.835,0.135
298500,0.030,0.829,0.141
299000,0.030,0.826,0.144
299500,0.030,0.716,0.254
300000,0.030,0.785,0.185
300500,0.030,0.821,0.149
301000,0.030,0.831,0.139
301500,0.030,0.849,0.121
302000,0.030,0.868,0.102
302500,0.030,0.851,0.119
303000,0.030,0.885,0.085
303500,0.030,0.849,0.121
304000,0.030,0.854,0.116
304500,0.030,0.863,0.107
305000,0.030,0.827,0.143
305500,0.030,0.874,0.096
306000,0.030,0.803,0.167
306500,0.030,0.800,0.170
307000,0.030,0.740,0.230
307500,0.030,0.815,0.155
308000,0.030,0.808,0.162
308500,0.030,0.816,0.154
309000,0.030,0.871,0.099
309500,0.030,0.831,0.139
310000,0.030,0.863,0.107
310500,0.030,0.823,0.147
311000,0.030,0.809,0.161
311500,0.030,0.851,0.119
312000,0.030,0.850,0.120
312500,0.030,0.883,0.087
313000,0.030,0.879,0.091
313500,0.030,0.861,0.109
314000,0.030,0.833,0.137
314500,0.030,0.855,0.115
315000,0.030,0.854,0.116
315500,0.030,0.874,0.096
316000,0.030,0.834,0.136
316500,0.030,0.776,0.194
317000,0.030,0.807,0.163
317500,0.030,0.797,0.173
318000,0.030,0.791,0.179
318500,0.030,0.829,0.141
319000,0.030,0.819,0.151
319500,0.030,0.885,0.085
320000,0.030,0.842,0.128
320500,0.030,0.844,0.126
321000,0.030,0.857,0.113
321500,0.030,0.882,0.088
322000,0.030,0.823,0.147
322500,0.030,0.870,0.100
323000,0.030,0.790,0.180
323500,0.030,0.782,0.188
324000,0.030,0.823,0.147
324500,0.030,0.846,0.124
325000,0.030,0.812,0.158
325500,0.030,0.816,0.154
326000,0.030,0.799,0.171
326500,0.030,0.829,0.141
327000,0.030,0.812,0.158
327500,0.030,0.876,0.094
328000,0.030,0.783,0.187
328500,0.030,0.836,0.134
329000,0.030,0.829,0.141
329500,0.030,0.882,0.088
330000,0.030,0.895,0.075
330500,0.030,0.863,0.107
331000,0.030,0.885,0.085
331500,0.030,0.862,0.108
332000,0.030,0.895,0.075
332500,0.030,0.893,0.077
333000,0.030,0.845,0.125
333500,0.030,0.818,0.152
334000,0.030,0.872,0.098
334500,0.030,0.805,0.165
335000,0.030,0.889,0.081
335500,0.030,0.879,0.091
336000,0.030,0.851,0.119
336500,0.030,0.846,0.124
337000,0.030,0.826,0.144
337500,0.030,0.822,0.148
338000,0.030,0.838,0.132
338500,0.030,0.835,0.135
339000,0.030,0.891,0.079
339500,0.030,0.866,0.104
340000,0.030,0.871,0.099
340500,0.030,0.846,0.124
341000,0.030,0.737,0.233
341500,0.030,0.832,0.138
342000,0.030,0.860,0.110
342500,0.030,0.858,0.112
343000,0.030,0.893,0.077
343500,0.030,0.851,0.119
344000,0.030,0.846,0.124
344500,0.030,0.849,0.121
345000,0.030,0.851,0.119
345500,0.030,0.832,0.138
346000,0.030,0.796,0.174
346500,0.030,0.874,0.096
347000,0.030,0.838,0.132
347500,0.030,0.821,0.149
348000,0.030,0.844,0.126
348500,0.030,0.861,0.109
349000,0.030,0.840,0.130
349500,0.030,0.848,0.122
350000,0.030,0.835,0.135
350500,0.030,0.852,0.118
351000,0.030,0.801,0.169
351500,0.030,0.783,0.187
352000,0.030,0.802,0.168
352500,0.030,0.828,0.142
353000,0.030,0.855,0.115
353500,0.030,0.809,0.161
354000,0.030,0.805,0.165
354500,0.030,0.814,0.156
355000,0.030,0.832,0.138
355500,0.030,0.762,0.208
356000,0.030,0.766,0.204
356500,0.030,0.747,0.223
357000,0.030,0.785,0.185
357500,0.030,0.856,0.114
358000,0.030,0.831,0.139
358500,0.030,0.842,0.128
359000,0.030,0.835,0.135
359500,0.030,0.832,0.138
360000,0.030,0.843,0.127
360500,0.030,0.835,0.135
361000,0.030,0.882,0.088
361500,0.030,0.784,0.186
362000,0.030,0.807,0.163
362500,0.030,0.832,0.138
363000,0.030,0.819,0.151
363500,0.030,0.849,0.121
364000,0.030,0.861,0.109
364500,0.030,0.772,0.198
365000,0.030,0.834,0.136
365500,0.030,0.865,0.105
366000,0.030,0.914,0.056
366500,0.030,0.850,0.120
367000,0.030,0.815,0.155
367500,0.030,0.863,0.107
368000,0.030,0.866,0.104
368500,0.030,0.909,0.061
369000,0.030,0.905,0.065
369500,0.030,0.882,0.088
370000,0.030,0.833,0.137
370500,0.030,0.824,0.146
371000,0.030,0.795,0.175
371500,0.030,0.861,0.109
372000,0.030,0.787,0.183
372500,0.030,0.777,0.193
373000,0.030,0.756,0.214
373500,0.030,0.816,0.154
374000,0.030,0.832,0.138
374500,0.030,0.881,0.089
375000,0.030,0.904,0.066
375500,0.030,0.891,0.079
376000,0.030,0.883,0.087
376500,0.030,0.864,0.106
377000,0.030,0.873,0.097
377500,0.030,0.811,0.159
378000,0.030,0.780,0.190
378500,0.030,0.839,0.131
379000,0.030,0.846,0.124
379500,0.030,0.752,0.218
380000,0.030,0.821,0.149
380500,0.030,0.879,0.091
381000,0.030,0.892,0.078
381500,0.030,0.822,0.148
382000,0.030,0.875,0.095
382500,0.030,0.817,0.153
383000,0.030,0.823,0.147
383500,0.030,0.787,0.183
384000,0.030,0.834,0.136
384500,0.030,0.825,0.145
385000,0.030,0.770,0.200
385500,0.030,0.757,0.213
386000,0.030,0.751,0.219
386500,0.030,0.816,0.154
387000,0.030,0.786,0.184
387500,0.030,0.784,0.186
388000,0.030,0.851,0.119
388500,0.030,0.886,0.084
389000,0.030,0.868,0.102
389500,0.030,0.864,0.106
390000,0.030,0.846,0.124
390500,0.030,0.806,0.164
391000,0.030,0.824,0.146
391500,0.030,0.861,0.109
392000,0.030,0.797,0.173
392500,0.030,0.870,0.100
393000,0.030,0.874,0.096
393500,0.030,0.857,0.113
394000,0.030,0.823,0.147
394500,0.030,0.847,0.123
395000,0.030,0.845,0.125
395500,0.030,0.758,0.212
396000,0.030,0.804,0.166
396500,0.030,0.799,0.171
397000,0.030,0.865,0.105
397500,0.030,0.800,0.170
398000,0.030,0.841,0.129
398500,0.030,0.871,0.099
399000,0.030,0.871,0.099
399500,0.030,0.844,0.126
400000,0.030,0.824,0.146
400500,0.030,0.819,0.151
401000,0.030,0.868,0.102
401500,0.030,0.849,0.121
402000,0.030,0.837,0.133
402500,0.030,0.796,0.174
403000,0.030,0.809,0.161
403500,0.030,0.812,0.158
404000,0.030,0.780,0.190
404500,0.030,0.840,0.130
405000,0.030,0.808,0.162
405500,0.030,0.812,0.158
406000,0.030,0.777,0.193
406500,0.030,0.895,0.075
407000,0.030,0.879,0.091
407500,0.030,0.837,0.133
408000,0.030,0.824,0.146
408500,0.030,0.841,0.129
409000,0.030,0.845,0.125
409500,0.030,0.740,0.230
410000,0.030,0.785,0.185
410500,0.030,0.843,0.127
411000,0.030,0.827,0.143
411500,0.030,0.854,0.116
412000,0.030,0.858,0.112
412500,0.030,0.860,0.110
413000,0.030,0.856,0.114
413500,0.030,0.814,0.156
414000,0.030,0.832,0.138
414500,0.030,0.861,0.109
415000,0.030,0.852,0.118
415500,0.030,0.869,0.101
416000,0.030,0.867,0.103
416500,0.030,0.801,0.169
417000,0.030,0.821,0.149
417500,0.030,0.855,0.115
418000,0.030,0.806,0.164
418500,0.030,0.796,0.174
419000,0.030,0.816,0.154
419500,0.030,0.872,0.098
420000,0.030,0.872,0.098
420500,0.030,0.871,0.099
421000,0.030,0.860,0.110
421500,0.030,0.863,0.107
422000,0.030,0.814,0.156
422500,0.030,0.829,0.141
423000,0.030,0.815,0.155
423500,0.030,0.846,0.124
424000,0.030,0.795,0.175
424500,0.030,0.804,0.166
425000,0.030,0.785,0.185
425500,0.030,0.801,0.169
426000,0.030,0.786,0.184
426500,0.030,0.818,0.152
427000,0.030,0.887,0.083
427500,0.030,0.850,0.120
428000,0.030,0.852,0.118
428500,0.030,0.865,0.105
429000,0.030,0.917,0.053
429500,0.030,0.893,0.077
430000,0.030,0.884,0.086
430500,0.030,0.851,0.119
431000,0.030,0.814,0.156
431500,0.030,0.854,0.116
432000,0.030,0.882,0.088
432500,0.030,0.873,0.097
433000,0.030,0.875,0.095
433500,0.030,0.909,0.061
434000,0.030,0.894,0.076
434500,0.030,0.851,0.119
435000,0.030,0.719,0.251
435500,0.030,0.771,0.199
436000,0.030,0.821,0.149
436500,0.030,0.830,0.140
437000,0.030,0.826,0.144
437500,0.030,0.856,0.114
438000,0.030,0.855,0.115
438500,0.030,0.834,0.136
439000,0.030,0.839,0.131
439500,0.030,0.848,0.122
440000,0.030,0.882,0.088
440500,0.030,0.886,0.084
441000,0.030,0.818,0.152
441500,0.030,0.822,0.148
442000,0.030,0.795,0.175
442500,0.030,0.858,0.112
443000,0.030,0.848,0.122
443500,0.030,0.843,0.127
444000,0.030,0.782,0.188
444500,0.030,0.822,0.148
445000,0.030,0.904,0.066
445500,0.030,0.867,0.103
446000,0.030,0.823,0.147
446500,0.030,0.857,0.113
447000,0.030,0.791,0.179
447500,0.030,0.795,0.175
448000,0.030,0.770,0.200
448500,0.030,0.761,0.209
449000,0.030,0.781,0.189
449500,0.030,0.786,0.184
450000,0.030,0.888,0.082
450500,0.030,0.883,0.087
451000,0.030,0.814,0.156
451500,0.030,0.823,0.147
452000,0.030,0.803,0.167
452500,0.030,0.789,0.181
453000,0.030,0.783,0.187
453500,0.030,0.753,0.217
454000,0.030,0.823,0.147
454500,0.030,0.707,0.263
455000,0.030,0.779,0.191
455500,0.030,0.833,0.137
456000,0.030,0.788,0.182
456500,0.030,0.842,0.128
457000,0.030,0.827,0.143
457500,0.030,0.777,0.193
458000,0.030,0.814,0.156
458500,0.030,0.832,0.138
459000,0.030,0.769,0.201
459500,0.030,0.790,0.180
460000,0.030,0.850,0.120
460500,0.030,0.822,0.148
461000,0.030,0.784,0.186
461500,0.030,0.841,0.129
462000,0.030,0.802,0.168
462500,0.030,0.779,0.191
463000,0.030,0.814,0.156
463500,0.030,0.854,0.116
464000,0.030,0.831,0.139
464500,0.030,0.763,0.207
465000,0.030,0.817,0.153
465500,0.030,0.871,0.099
466000,0.030,0.857,0.113
466500,0.030,0.900,0.070
467000,0.030,0.880,0.090
467500,0.030,0.876,0.094
468000,0.030,0.879,0.091
468500,0.030,0.901,0.069
469000,0.030,0.869,0.101
469500,0.030,0.825,0.145
470000,0.030,0.839,0.131
470500,0.030,0.802,0.168
471000,0.030,0.804,0.166
471500,0.030,0.845,0.125
472000,0.030,0.889,0.081
472500,0.030,0.858,0.112
473000,0.030,0.880,0.090
473500,0.030,0.834,0.136
474000,0.030,0.886,0.084
474500,0.030,0.892,0.078
475000,0.030,0.843,0.127
475500,0.030,0.811,0.159
476000,0.030,0.848,0.122
476500,0.030,0.797,0.173
477000,0.030,0.830,0.140
477500,0.030,0.847,0.123
478000,0.030,0.839,0.131
478500,0.030,0.826,0.144
479000,0.030,0.748,0.222
479500,0.030,0.799,0.171
480000,0.030,0.854,0.116
480500,0.030,0.837,0.133
481000,0.030,0.761,0.209
481500,0.030,0.848,0.122
482000,0.030,0.832,0.138
482500,0.030,0.821,0.149
483000,0.030,0.828,0.142
483500,0.030,0.796,0.174
484000,0.030,0.835,0.135
484500,0.030,0.838,0.132
485000,0.030,0.797,0.173
485500,0.030,0.857,0.113
486000,0.030,0.800,0.170
486500,0.030,0.877,0.093
487000,0.030,0.822,0.148
487500,0.030,0.851,0.119
488000,0.030,0.892,0.078
488500,0.030,0.841,0.129
489000,0.030,0.828,0.142
489500,0.030,0.825,0.145
490000,0.030,0.834,0.136
490500,0.030,0.879,0.091
491000,0.030,0.878,0.092
491500,0.030,0.861,0.109
492000,0.030,0.905,0.065
492500,0.030,0.901,0.069
493000,0.030,0.872,0.098
493500,0.030,0.837,0.133
494000,0.030,0.907,0.063
494500,0.030,0.804,0.166
495000,0.030,0.850,0.120
495500,0.030,0.802,0.168
496000,0.030,0.853,0.117
496500,0.030,0.799,0.171
497000,0.030,0.859,0.111
497500,0.030,0.815,0.155
498000,0.030,0.851,0.119
498500,0.030,0.851,0.119
499000,0.030,0.764,0.206
499500,0.030,0.796,0.174
500000,0.030,0.884,0.086
500500,0.030,0.885,0.085
501000,0.030,0.795,0.175
501500,0.030,0.830,0.140
502000,0.030,0.886,0.084
502500,0.030,0.870,0.100
503000,0.030,0.874,0.096
503500,0.030,0.890,0.080
504000,0.030,0.881,0.089
504500,0.030,0.870,0.100
505000,0.030,0.855,0.115
505500,0.030,0.852,0.118
506000,0.030,0.833,0.137
506500,0.030,0.803,0.167
507000,0.030,0.852,0.118
507500,0.030,0.807,0.163
508000,0.030,0.811,0.159
508500,0.030,0.842,0.128
509000,0.030,0.825,0.145
509500,0.030,0.828,0.142
510000,0.030,0.802,0.168
510500,0.030,0.867,0.103
511000,0.030,0.776,0.194
511500,0.030,0.784,0.186
512000,0.030,0.831,0.139
512500,0.030,0.782,0.188
513000,0.030,0.844,0.126
513500,0.030,0.822,0.148
514000,0.030,0.815,0.155
514500,0.030,0.859,0.111
515000,0.030,0.857,0.113
515500,0.030,0.840,0.130
516000,0.030,0.853,0.117
516500,0.030,0.868,0.102
517000,0.030,0.859,0.111
517500,0.030,0.844,0.126
518000,0.030,0.852,0.118
518500,0.030,0.874,0.096
519000,0.030,0.900,0.070
519500,0.030,0.802,0.168
520000,0.030,0.842,0.128
520500,0.030,0.867,0.103
521000,0.030,0.882,0.088
521500,0.030,0.840,0.130
522000,0.030,0.814,0.156
522500,0.030,0.848,0.122
523000,0.030,0.866,0.104
523500,0.030,0.789,0.181
524000,0.030,0.791,0.179
524500,0.030,0.799,0.171
525000,0.030,0.824,0.146
525500,0.030,0.883,0.087
526000,0.030,0.867,0.103
526500,0.030,0.818,0.152
527000,0.030,0.858,0.112
527500,0.030,0.904,0.066
528000,0.030,0.822,0.148
528500,0.030,0.879,0.091
529000,0.030,0.804,0.166
529500,0.030,0.845,0.125
530000,0.030,0.826,0.144
530500,0.030,0.801,0.169
531000,0.030,0.790,0.180
531500,0.030,0.776,0.194
532000,0.030,0.829,0.141
532500,0.030,0.832,0.138
533000,0.030,0.775,0.195
533500,0.030,0.736,0.234
534000,0.030,0.741,0.229
534500,0.030,0.808,0.162
535000,0.030,0.810,0.160
535500,0.030,0.827,0.143
536000,0.030,0.863,0.107
536500,0.030,0.869,0.101
537000,0.030,0.860,0.110
537500,0.030,0.798,0.172
538000,0.030,0.800,0.170
538500,0.030,0.787,0.183
539000,0.030,0.805,0.165
539500,0.030,0.810,0.160
540000,0.030,0.873,0.097
540500,0.030,0.856,0.114
541000,0.030,0.769,0.201
541500,0.030,0.834,0.136
542000,0.030,0.806,0.164
542500,0.030,0.818,0.152
543000,0.030,0.832,0.138
543500,0.030,0.809,0.161
544000,0.030,0.776,0.194
544500,0.030,0.829,0.141
545000,0.030,0.834,0.136
545500,0.030,0.797,0.173
546000,0.030,0.827,0.143
546500,0.030,0.877,0.093
547000,0.030,0.868,0.102
547500,0.030,0.831,0.139
548000,0.030,0.850,0.120
548500,0.030,0.795,0.175
549000,0.030,0.773,0.197
549500,0.030,0.868,0.102
550000,0.030,0.834,0.136
550500,0.030,0.838,0.132
551000,0.030,0.835,0.135
551500,0.030,0.809,0.161
552000,0.030,0.726,0.244
552500,0.030,0.760,0.210
553000,0.030,0.785,0.185
553500,0.030,0.874,0.096
554000,0.030,0.880,0.090
554500,0.030,0.875,0.095
555000,0.030,0.851,0.119
555500,0.030,0.876,0.094
556000,0.030,0.858,0.112
556500,0.030,0.851,0.119
557000,0.030,0.853,0.117
557500,0.030,0.893,0.077
558000,0.030,0.865,0.105
558500,0.030,0.871,0.099
559000,0.030,0.903,0.067
559500,0.030,0.892,0.078
560000,0.030,0.842,0.128
560500,0.030,0.848,0.122
561000,0.030,0.838,0.132
561500,0.030,0.801,0.169
562000,0.030,0.848,0.122
562500,0.030,0.845,0.125
563000,0.030,0.842,0.128
563500,0.030,0.831,0.139
564000,0.030,0.781,0.189
564500,0.030,0.841,0.129
565000,0.030,0.893,0.077
565500,0.030,0.867,0.103
566000,0.030,0.823,0.147
566500,0.030,0.822,0.148
567000,0.030,0.840,0.130
567500,0.030,0.883,0.087
568000,0.030,0.877,0.093
568500,0.030,0.881,0.089
569000,0.030,0.860,0.110
569500,0.030,0.865,0.105
570000,0.030,0.815,0.155
570500,0.030,0.881,0.089
571000,0.030,0.864,0.106
571500,0.030,0.854,0.116
572000,0.030,0.825,0.145
572500,0.030,0.838,0.132
573000,0.030,0.869,0.101
573500,0.030,0.827,0.143
574000,0.030,0.831,0.139
574500,0.030,0.847,0.123
575000,0.030,0.889,0.081
575500,0.030,0.809,0.161
576000,0.030,0.829,0.141
576500,0.030,0.892,0.078
577000,0.030,0.845,0.125
577500,0.030,0.859,0.111
578000,0.030,0.900,0.070
578500,0.030,0.829,0.141
579000,0.030,0.848,0.122
579500,0.030,0.841,0.129
580000,0.030,0.785,0.185
580500,0.030,0.800,0.170
581000,0.030,0.798,0.172
581500,0.030,0.870,0.100
582000,0.030,0.874,0.096
582500,0.030,0.864,0.106
583000,0.030,0.817,0.153
583500,0.030,0.844,0.126
584000,0.030,0.898,0.072
584500,0.030,0.881,0.089
585000,0.030,0.884,0.086
585500,0.030,0.857,0.113
586000,0.030,0.879,0.091
586500,0.030,0.892,0.078
587000,0.030,0.868,0.102
587500,0.030,0.887,0.083
588000,0.030,0.855,0.115
588500,0.030,0.903,0.067
589000,0.030,0.881,0.089
589500,0.030,0.884,0.086
590000,0.030,0.831,0.139
590500,0.030,0.846,0.124
591000,0.030,0.808,0.162
591500,0.030,0.838,0.132
592000,0.030,0.868,0.102
592500,0.030,0.845,0.125
593000,0.030,0.898,0.072
593500,0.030,0.851,0.119
594000,0.030,0.828,0.142
594500,0.030,0.801,0.169
595000,0.030,0.844,0.126
595500,0.030,0.852,0.118
596000,0.030,0.872,0.098
596500,0.030,0.838,0.132
597000,0.030,0.848,0.122
597500,0.030,0.876,0.094
598000,0.030,0.914,0.056
598500,0.030,0.865,0.105
599000,0.030,0.861,0.109
599500,0.030,0.835,0.135
600000,0.030,0.847,0.123
600500,0.030,0.811,0.159
601000,0.030,0.773,0.197
601500,0.030,0.819,0.151
602000,0.030,0.811,0.159
602500,0.030,0.786,0.184
603000,0.030,0.828,0.142
603500,0.030,0.848,0.122
604000,0.030,0.860,0.110
604500,0.030,0.846,0.124
605000,0.030,0.851,0.119
605500,0.030,0.844,0.126
606000,0.030,0.801,0.169
606500,0.030,0.808,0.162
607000,0.030,0.863,0.107
607500,0.030,0.816,0.154
608000,0.030,0.771,0.199
608500,0.030,0.802,0.168
609000,0.030,0.859,0.111
609500,0.030,0.849,0.121
610000,0.030,0.824,0.146
610500,0.030,0.823,0.147
611000,0.030,0.787,0.183
611500,0.030,0.746,0.224
612000,0.030,0.809,0.161
612500,0.030,0.751,0.219
613000,0.030,0.857,0.113
613500,0.030,0.854,0.116
614000,0.030,0.809,0.161
614500,0.030,0.794,0.176
615000,0.030,0.846,0.124
615500,0.030,0.867,0.103
616000,0.030,0.848,0.122
616500,0.030,0.827,0.143
617000,0.030,0.821,0.149
617500,0.030,0.871,0.099
618000,0.030,0.835,0.135
618500,0.030,0.868,0.102
619000,0.030,0.880,0.090
619500,0.030,0.812,0.158
620000,0.030,0.884,0.086
620500,0.030,0.881,0.089
621000,0.030,0.853,0.117
621500,0.030,0.868,0.102
622000,0.030,0.866,0.104
622500,0.030,0.888,0.082
623000,0.030,0.818,0.152
623500,0.030,0.824,0.146
624000,0.030,0.846,0.124
624500,0.030,0.787,0.183
625000,0.030,0.806,0.164
625500,0.030,0.785,0.185
626000,0.030,0.788,0.182
626500,0.030,0.826,0.144
627000,0.030,0.816,0.154
627500,0.030,0.889,0.081
628000,0.030,0.830,0.140
628500,0.030,0.808,0.162
629000,0.030,0.803,0.167
629500,0.030,0.836,0.134
630000,0.030,0.869,0.101
630500,0.030,0.830,0.140
631000,0.030,0.823,0.147
631500,0.030,0.845,0.125
632000,0.030,0.871,0.099
632500,0.030,0.836,0.134
633000,0.030,0.852,0.118
633500,0.030,0.841,0.129
634000,0.030,0.874,0.096
634500,0.030,0.818,0.152
635000,0.030,0.876,0.094
635500,0.030,0.882,0.088
636000,0.030,0.838,0.132
636500,0.030,0.882,0.088
637000,0.030,0.896,0.074
637500,0.030,0.803,0.167
638000,0.030,0.839,0.131
638500,0.030,0.849,0.121
639000,0.030,0.915,0.055
639500,0.030,0.899,0.071
640000,0.030,0.891,0.079
640500,0.030,0.832,0.138
641000,0.030,0.803,0.167
641500,0.030,0.790,0.180
642000,0.030,0.821,0.149
642500,0.030,0.839,0.131
643000,0.030,0.795,0.175
643500,0.030,0.835,0.135
644000,0.030,0.840,0.130
644500,0.030,0.781,0.189
645000,0.030,0.837,0.133
645500,0.030,0.878,0.092
646000,0.030,0.860,0.110
646500,0.030,0.860,0.110
647000,0.030,0.824,0.146
647500,0.030,0.858,0.112
648000,0.030,0.862,0.108
648500,0.030,0.877,0.093
649000,0.030,0.851,0.119
649500,0.030,0.858,0.112
650000,0.030,0.831,0.139
650500,0.030,0.837,0.133
651000,0.030,0.857,0.113
651500,0.030,0.875,0.095
652000,0.030,0.858,0.112
652500,0.030,0.766,0.204
653000,0.030,0.771,0.199
653500,0.030,0.789,0.181
654000,0.030,0.886,0.084
654500,0.030,0.885,0.085
655000,0.030,0.836,0.134
655500,0.030,0.824,0.146
656000,0.030,0.833,0.137
656500,0.030,0.836,0.134
657000,0.030,0.824,0.146
657500,0.030,0.827,0.143
658000,0.030,0.851,0.119
658500,0.030,0.870,0.100
659000,0.030,0.914,0.056
659500,0.030,0.831,0.139
660000,0.030,0.919,0.051
660500,0.030,0.839,0.131
661000,0.030,0.863,0.107
661500,0.030,0.874,0.096
662000,0.030,0.857,0.113
662500,0.030,0.891,0.079
663000,0.030,0.857,0.113
663500,0.030,0.850,0.120
664000,0.030,0.875,0.095
664500,0.030,0.862,0.108
665000,0.030,0.862,0.108
665500,0.030,0.807,0.163
666000,0.030,0.837,0.133
666500,0.030,0.814,0.156
667000,0.030,0.832,0.138
667500,0.030,0.794,0.176
668000,0.030,0.809,0.161
668500,0.030,0.886,0.084
669000,0.030,0.883,0.087
669500,0.030,0.881,0.089
670000,0.030,0.874,0.096
670500,0.030,0.821,0.149
671000,0.030,0.814,0.156
671500,0.030,0.815,0.155
672000,0.030,0.803,0.167
672500,0.030,0.760,0.210
673000,0.030,0.806,0.164
673500,0.030,0.789,0.181
674000,0.030,0.810,0.160
674500,0.030,0.769,0.201
675000,0.030,0.853,0.117
675500,0.030,0.775,0.195
676000,0.030,0.749,0.221
676500,0.030,0.800,0.170
677000,0.030,0.854,0.116
677500,0.030,0.854,0.116
678000,0.030,0.787,0.183
678500,0.030,0.810,0.160
679000,0.030,0.836,0.134
679500,0.030,0.843,0.127
680000,0.030,0.876,0.094
680500,0.030,0.775,0.195
681000,0.030,0.778,0.192
681500,0.030,0.875,0.095
682000,0.030,0.836,0.134
682500,0.030,0.774,0.196
683000,0.030,0.792,0.178
683500,0.030,0.769,0.201
684000,0.030,0.817,0.153
684500,0.030,0.794,0.176
685000,0.030,0.809,0.161
685500,0.030,0.879,0.091
686000,0.030,0.883,0.087
686500,0.030,0.845,0.125
687000,0.030,0.831,0.139
687500,0.030,0.803,0.167
688000,0.030,0.831,0.139
688500,0.030,0.895,0.075
689000,0.030,0.839,0.131
689500,0.030,0.809,0.161
690000,0.030,0.824,0.146
690500,0.030,0.868,0.102
691000,0.030,0.872,0.098
691500,0.030,0.887,0.083
692000,0.030,0.867,0.103
692500,0.030,0.867,0.103
693000,0.030,0.876,0.094
693500,0.030,0.900,0.070
694000,0.030,0.902,0.068
694500,0.030,0.881,0.089
695000,0.030,0.861,0.109
695500,0.030,0.858,0.112
696000,0.030,0.827,0.143
696500,0.030,0.819,0.151
697000,0.030,0.832,0.138
697500,0.030,0.775,0.195
698000,0.030,0.821,0.149
698500,0.030,0.833,0.137
699000,0.030,0.865,0.105
699500,0.030,0.809,0.161
700000,0.030,0.823,0.147
700500,0.030,0.840,0.130
701000,0.030,0.782,0.188
701500,0.030,0.818,0.152
702000,0.030,0.836,0.134
702500,0.030,0.760,0.210
703000,0.030,0.851,0.119
703500,0.030,0.867,0.103
704000,0.030,0.872,0.098
704500,0.030,0.859,0.111
705000,0.030,0.805,0.165
705500,0.030,0.841,0.129
706000,0.030,0.851,0.119
706500,0.030,0.818,0.152
707000,0.030,0.819,0.151
707500,0.030,0.857,0.113
708000,0.030,0.845,0.125
708500,0.030,0.859,0.111
709000,0.030,0.822,0.148
709500,0.030,0.823,0.147
710000,0.030,0.847,0.123
710500,0.030,0.785,0.185
711000,0.030,0.852,0.118
711500,0.030,0.838,0.132
712000,0.030,0.774,0.196
712500,0.030,0.777,0.193
713000,0.030,0.853,0.117
713500,0.030,0.827,0.143
714000,0.030,0.805,0.165
714500,0.030,0.841,0.129
715000,0.030,0.780,0.190
715500,0.030,0.795,0.175
716000,0.030,0.794,0.176
716500,0.030,0.801,0.169
717000,0.030,0.837,0.133
717500,0.030,0.859,0.111
718000,0.030,0.853,0.117
718500,0.030,0.843,0.127
719000,0.030,0.843,0.127
719500,0.030,0.852,0.118
720000,0.030,0.795,0.175
720500,0.030,0.810,0.160
721000,0.030,0.817,0.153
721500,0.030,0.835,0.135
722000,0.030,0.830,0.140
722500,0.030,0.803,0.167
723000,0.030,0.847,0.123
723500,0.030,0.856,0.114
724000,0.030,0.876,0.094
724500,0.030,0.845,0.125
725000,0.030,0.873,0.097
725500,0.030,0.829,0.141
726000,0.030,0.779,0.191
726500,0.030,0.799,0.171
727000,0.030,0.760,0.210
727500,0.030,0.830,0.140
728000,0.030,0.800,0.170
728500,0.030,0.837,0.133
729000,0.030,0.847,0.123
729500,0.030,0.872,0.098
730000,0.030,0.838,0.132
730500,0.030,0.882,0.088
731000,0.030,0.844,0.126
731500,0.030,0.881,0.089
732000,0.030,0.848,0.122
732500,0.030,0.824,0.146
733000,0.030,0.845,0.125
733500,0.030,0.807,0.163
734000,0.030,0.775,0.195
734500,0.030,0.809,0.161
735000,0.030,0.844,0.126
735500,0.030,0.809,0.161
736000,0.030,0.789,0.181
736500,0.036,0.834,0.130
737000,0.030,0.873,0.097
737500,0.030,0.882,0.088
738000,0.030,0.839,0.131
738500,0.030,0.834,0.136
739000,0.030,0.872,0.098
739500,0.030,0.868,0.102
740000,0.030,0.808,0.162
740500,0.030,0.856,0.114
741000,0.030,0.869,0.101
741500,0.030,0.865,0.105
742000,0.030,0.866,0.104
742500,0.030,0.866,0.104
743000,0.030,0.838,0.132
743500,0.030,0.859,0.111
744000,0.030,0.829,0.141
744500,0.030,0.816,0.154
745000,0.030,0.835,0.135
745500,0.030,0.857,0.113
746000,0.030,0.910,0.060
746500,0.030,0.899,0.071
747000,0.030,0.885,0.085
747500,0.030,0.831,0.139
748000,0.030,0.811,0.159
748500,0.030,0.763,0.207
749000,0.030,0.833,0.137
749500,0.030,0.811,0.159
750000,0.030,0.840,0.130
750500,0.030,0.838,0.132
751000,0.030,0.875,0.095
751500,0.030,0.892,0.078
752000,0.030,0.909,0.061
752500,0.030,0.890,0.080
753000,0.030,0.850,0.120
753500,0.030,0.789,0.181
754000,0.030,0.837,0.133
754500,0.030,0.859,0.111
755000,0.030,0.870,0.100
755500,0.030,0.833,0.137
756000,0.030,0.827,0.143
756500,0.030,0.802,0.168
757000,0.030,0.787,0.183
757500,0.030,0.866,0.104
758000,0.030,0.871,0.099
758500,0.030,0.896,0.074
759000,0.030,0.844,0.126
759500,0.030,0.792,0.178
760000,0.030,0.828,0.142
760500,0.030,0.783,0.187
761000,0.030,0.749,0.221
761500,0.030,0.831,0.139
762000,0.030,0.759,0.211
762500,0.030,0.808,0.162
763000,0.030,0.853,0.117
763500,0.030,0.852,0.118
764000,0.030,0.791,0.179
764500,0.030,0.801,0.169
765000,0.030,0.823,0.147
765500,0.030,0.787,0.183
766000,0.030,0.811,0.159
766500,0.030,0.800,0.170
767000,0.030,0.703,0.267
767500,0.030,0.737,0.233
768000,0.030,0.785,0.185
768500,0.030,0.836,0.134
769000,0.030,0.859,0.111
769500,0.030,0.851,0.119
770000,0.030,0.820,0.150
770500,0.030,0.868,0.102
771000,0.030,0.858,0.112
771500,0.030,0.846,0.124
772000,0.030,0.878,0.092
772500,0.030,0.887,0.083
773000,0.030,0.833,0.137
773500,0.030,0.857,0.113
774000,0.030,0.877,0.093
774500,0.030,0.830,0.140
775000,0.030,0.798,0.172
775500,0.030,0.813,0.157
776000,0.030,0.835,0.135
776500,0.030,0.850,0.120
777000,0.030,0.849,0.121
777500,0.030,0.829,0.141
778000,0.030,0.805,0.165
778500,0.030,0.889,0.081
779000,0.030,0.847,0.123
779500,0.030,0.866,0.104
780000,0.030,0.881,0.089
780500,0.030,0.855,0.115
781000,0.030,0.817,0.153
781500,0.030,0.878,0.092
782000,0.030,0.893,0.077
782500,0.030,0.914,0.056
783000,0.030,0.886,0.084
783500,0.030,0.851,0.119
784000,0.030,0.872,0.098
784500,0.030,0.831,0.139
785000,0.030,0.835,0.135
785500,0.030,0.832,0.138
786000,0.030,0.848,0.122
786500,0.030,0.824,0.146
787000,0.030,0.859,0.111
787500,0.030,0.838,0.132
788000,0.030,0.800,0.170
788500,0.030,0.842,0.128
789000,0.030,0.850,0.120
789500,0.030,0.833,0.137
790000,0.030,0.867,0.103
790500,0.030,0.847,0.123
791000,0.030,0.882,0.088
791500,0.030,0.849,0.121
792000,0.030,0.860,0.110
792500,0.030,0.829,0.141
793000,0.030,0.810,0.160
793500,0.030,0.877,0.093
794000,0.030,0.875,0.095
794500,0.030,0.882,0.088
795000,0.030,0.889,0.081
795500,0.030,0.923,0.047
796000,0.030,0.837,0.133
796500,0.030,0.871,0.099
797000,0.030,0.906,0.064
797500,0.030,0.840,0.130
798000,0.030,0.854,0.116
798500,0.030,0.827,0.143
799000,0.030,0.847,0.123
799500,0.030,0.860,0.110
800000,0.030,0.890,0.080
800500,0.030,0.892,0.078
801000,0.030,0.853,0.117
801500,0.030,0.882,0.088
802000,0.030,0.874,0.096
802500,0.030,0.912,0.058
803000,0.030,0.816,0.154
803500,0.030,0.875,0.095
804000,0.030,0.799,0.171
804500,0.030,0.753,0.217
805000,0.030,0.798,0.172
805500,0.030,0.805,0.165
806000,0.030,0.820,0.150
806500,0.030,0.811,0.159
807000,0.030,0.816,0.154
807500,0.030,0.822,0.148
808000,0.030,0.841,0.129
808500,0.030,0.851,0.119
809000,0.030,0.843,0.127
809500,0.030,0.830,0.140
810000,0.030,0.853,0.117
810500,0.030,0.855,0.115
811000,0.030,0.783,0.187
811500,0.030,0.826,0.144
812000,0.030,0.739,0.231
812500,0.030,0.801,0.169
813000,0.030,0.824,0.146
813500,0.030,0.776,0.194
814000,0.030,0.774,0.196
814500,0.030,0.841,0.129
815000,0.030,0.828,0.142
815500,0.030,0.816,0.154
816000,0.030,0.868,0.102
816500,0.030,0.898,0.072
817000,0.030,0.894,0.076
817500,0.030,0.865,0.105
818000,0.030,0.876,0.094
818500,0.030,0.808,0.162
819000,0.030,0.839,0.131
819500,0.030,0.855,0.115
820000,0.030,0.832,0.138
820500,0.030,0.879,0.091
821000,0.030,0.830,0.140
821500,0.030,0.826,0.144
822000,0.030,0.810,0.160
822500,0.030,0.835,0.135
823000,0.030,0.830,0.140
823500,0.030,0.822,0.148
824000,0.030,0.824,0.146
824500,0.030,0.822,0.148
825000,0.030,0.881,0.089
825500,0.030,0.791,0.179
826000,0.030,0.779,0.191
826500,0.030,0.850,0.120
827000,0.030,0.832,0.138
827500,0.030,0.755,0.215
828000,0.030,0.825,0.145
828500,0.030,0.862,0.108
829000,0.030,0.860,0.110
829500,0.030,0.803,0.167
830000,0.030,0.828,0.142
830500,0.030,0.837,0.133
831000,0.030,0.811,0.159
831500,0.030,0.787,0.183
832000,0.030,0.810,0.160
832500,0.030,0.832,0.138
833000,0.030,0.822,0.148
833500,0.030,0.851,0.119
834000,0.030,0.845,0.125
834500,0.030,0.884,0.086
835000,0.030,0.838,0.132
835500,0.030,0.855,0.115
836000,0.030,0.810,0.160
836500,0.030,0.865,0.105
837000,0.030,0.823,0.147
837500,0.030,0.891,0.079
838000,0.030,0.846,0.124
838500,0.030,0.872,0.098
839000,0.030,0.916,0.054
839500,0.030,0.900,0.070
840000,0.030,0.920,0.050
840500,0.030,0.886,0.084
841000,0.030,0.868,0.102
841500,0.030,0.873,0.097
842000,0.030,0.882,0.088
842500,0.030,0.856,0.114
843000,0.030,0.860,0.110
843500,0.030,0.819,0.151
844000,0.030,0.809,0.161
844500,0.030,0.809,0.161
845000,0.030,0.858,0.112
845500,0.030,0.823,0.147
846000,0.030,0.791,0.179
846500,0.030,0.785,0.185
847000,0.030,0.803,0.167
847500,0.030,0.857,0.113
848000,0.030,0.856,0.114
848500,0.030,0.833,0.137
849000,0.030,0.854,0.116
849500,0.030,0.801,0.169
850000,0.030,0.816,0.154
850500,0.030,0.861,0.109
851000,0.030,0.898,0.072
851500,0.030,0.885,0.085
852000,0.030,0.917,0.053
852500,0.030,0.899,0.071
853000,0.030,0.826,0.144
853500,0.030,0.818,0.152
854000,0.030,0.775,0.195
854500,0.030,0.848,0.122
855000,0.030,0.872,0.098
855500,0.030,0.839,0.131
856000,0.030,0.890,0.080
856500,0.030,0.879,0.091
857000,0.030,0.835,0.135
857500,0.030,0.823,0.147
858000,0.030,0.855,0.115
858500,0.030,0.832,0.138
859000,0.030,0.850,0.120
859500,0.030,0.845,0.125
860000,0.030,0.818,0.152
860500,0.030,0.825,0.145
861000,0.030,0.781,0.189
861500,0.030,0.790,0.180
862000,0.030,0.899,0.071
862500,0.030,0.870,0.100
863000,0.030,0.854,0.116
863500,0.030,0.842,0.128
864000,0.030,0.812,0.158
864500,0.030,0.793,0.177
865000,0.030,0.766,0.204
865500,0.030,0.851,0.119
866000,0.030,0.888,0.082
866500,0.030,0.872,0.098
867000,0.030,0.844,0.126
867500,0.030,0.861,0.109
868000,0.030,0.897,0.073
868500,0.030,0.886,0.084
869000,0.030,0.872,0.098
869500,0.030,0.864,0.106
870000,0.030,0.915,0.055
870500,0.030,0.904,0.066
871000,0.030,0.936,0.034
871500,0.030,0.911,0.059
872000,0.030,0.819,0.151
872500,0.030,0.839,0.131
873000,0.030,0.867,0.103
873500,0.030,0.836,0.134
874000,0.030,0.818,0.152
874500,0.030,0.841,0.129
875000,0.030,0.822,0.148
875500,0.030,0.833,0.137
876000,0.030,0.807,0.163
876500,0.030,0.803,0.167
877000,0.030,0.882,0.088
877500,0.030,0.857,0.113
878000,0.030,0.831,0.139
878500,0.030,0.826,0.144
879000,0.030,0.834,0.136
879500,0.030,0.828,0.142
880000,0.030,0.796,0.174
880500,0.030,0.828,0.142
881000,0.030,0.834,0.136
881500,0.030,0.885,0.085
882000,0.030,0.850,0.120
882500,0.030,0.856,0.114
883000,0.030,0.866,0.104
883500,0.030,0.869,0.101
884000,0.030,0.871,0.099
884500,0.030,0.782,0.188
885000,0.030,0.784,0.186
885500,0.030,0.795,0.175
886000,0.030,0.801,0.169
886500,0.030,0.784,0.186
887000,0.030,0.813,0.157
887500,0.030,0.830,0.140
888000,0.030,0.859,0.111
888500,0.030,0.872,0.098
889000,0.030,0.823,0.147
889500,0.030,0.813,0.157
890000,0.030,0.880,0.090
890500,0.030,0.869,0.101
891000,0.030,0.834,0.136
891500,0.030,0.826,0.144
892000,0.030,0.807,0.163
892500,0.030,0.759,0.211
893000,0.030,0.814,0.156
893500,0.030,0.817,0.153
894000,0.030,0.763,0.207
894500,0.030,0.787,0.183
895000,0.030,0.827,0.143
895500,0.030,0.872,0.098
896000,0.030,0.845,0.125
896500,0.030,0.834,0.136
897000,0.030,0.823,0.147
897500,0.030,0.801,0.169
898000,0.030,0.834,0.136
898500,0.030,0.855,0.115
899000,0.030,0.848,0.122
899500,0.030,0.816,0.154
900000,0.030,0.811,0.159
900500,0.030,0.824,0.146
901000,0.030,0.840,0.130
901500,0.030,0.788,0.182
902000,0.030,0.808,0.162
902500,0.030,0.777,0.193
903000,0.030,0.820,0.150
903500,0.030,0.814,0.156
904000,0.030,0.734,0.236
904500,0.030,0.732,0.238
905000,0.030,0.806,0.164
905500,0.030,0.829,0.141
906000,0.030,0.846,0.124
906500,0.030,0.818,0.152
907000,0.030,0.852,0.118
907500,0.030,0.895,0.075
908000,0.030,0.815,0.155
908500,0.030,0.853,0.117
909000,0.030,0.874,0.096
909500,0.030,0.891,0.079
910000,0.030,0.852,0.118
910500,0.030,0.846,0.124
911000,0.030,0.861,0.109
911500,0.030,0.841,0.129
912000,0.030,0.847,0.123
912500,0.030,0.850,0.120
913000,0.030,0.849,0.121
913500,0.030,0.779,0.191
914000,0.030,0.799,0.171
914500,0.030,0.746,0.224
915000,0.030,0.732,0.238
915500,0.030,0.739,0.231
916000,0.030,0.769,0.201
916500,0.030,0.849,0.121
917000,0.030,0.865,0.105
917500,0.030,0.862,0.108
918000,0.030,0.888,0.082
918500,0.030,0.902,0.068
919000,0.030,0.923,0.047
919500,0.030,0.874,0.096
920000,0.030,0.855,0.115
920500,0.030,0.880,0.090
921000,0.030,0.833,0.137
921500,0.030,0.829,0.141
922000,0.030,0.812,0.158
922500,0.030,0.835,0.135
923000,0.030,0.875,0.095
923500,0.030,0.825,0.145
924000,0.030,0.890,0.080
924500,0.030,0.876,0.094
925000,0.030,0.861,0.109
925500,0.030,0.864,0.106
926000,0.030,0.815,0.155
926500,0.030,0.769,0.201
927000,0.030,0.879,0.091
927500,0.030,0.828,0.142
928000,0.030,0.845,0.125
928500,0.030,0.880,0.090
929000,0.030,0.901,0.069
929500,0.030,0.884,0.086
930000,0.030,0.884,0.086
930500,0.030,0.894,0.076
931000,0.030,0.923,0.047
931500,0.030,0.914,0.056
932000,0.030,0.862,0.108
932500,0.030,0.845,0.125
933000,0.030,0.852,0.118
933500,0.030,0.874,0.096
934000,0.030,0.902,0.068
934500,0.030,0.903,0.067
935000,0.030,0.910,0.060
935500,0.030,0.850,0.120
936000,0.030,0.830,0.140
936500,0.030,0.865,0.105
937000,0.030,0.862,0.108
937500,0.030,0.900,0.070
938000,0.030,0.855,0.115
938500,0.030,0.823,0.147
939000,0.030,0.826,0.144
939500,0.030,0.866,0.104
940000,0.030,0.835,0.135
940500,0.030,0.883,0.087
941000,0.030,0.882,0.088
941500,0.030,0.851,0.119
942000,0.030,0.830,0.140
942500,0.030,0.789,0.181
943000,0.030,0.831,0.139
943500,0.030,0.821,0.149
944000,0.030,0.786,0.184
944500,0.030,0.871,0.099
945000,0.030,0.827,0.143
945500,0.030,0.855,0.115
946000,0.030,0.837,0.133
946500,0.030,0.810,0.160
947000,0.030,0.876,0.094
947500,0.030,0.911,0.059
948000,0.030,0.840,0.130
948500,0.030,0.843,0.127
949000,0.030,0.872,0.098
949500,0.030,0.902,0.068
950000,0.030,0.896,0.074
950500,0.030,0.868,0.102
951000,0.030,0.835,0.135
951500,0.030,0.900,0.070
952000,0.030,0.800,0.170
952500,0.030,0.774,0.196
953000,0.030,0.809,0.161
953500,0.030,0.871,0.099
954000,0.030,0.892,0.078
954500,0.030,0.869,0.101
955000,0.030,0.874,0.096
955500,0.030,0.811,0.159
956000,0.030,0.886,0.084
956500,0.030,0.863,0.107
957000,0.030,0.875,0.095
957500,0.030,0.868,0.102
958000,0.030,0.828,0.142
958500,0.030,0.778,0.192
959000,0.030,0.835,0.135
959500,0.030,0.878,0.092
960000,0.030,0.876,0.094
960500,0.030,0.845,0.125
961000,0.030,0.862,0.108
961500,0.030,0.845,0.125
962000,0.030,0.831,0.139
962500,0.030,0.822,0.148
963000,0.030,0.856,0.114
963500,0.030,0.842,0.128
964000,0.030,0.812,0.158
964500,0.030,0.778,0.192
965000,0.030,0.825,0.145
965500,0.030,0.789,0.181
966000,0.030,0.771,0.199
966500,0.030,0.822,0.148
967000,0.030,0.772,0.198
967500,0.030,0.815,0.155
968000,0.030,0.828,0.142
968500,0.030,0.755,0.215
969000,0.030,0.829,0.141
969500,0.030,0.819,0.151
970000,0.030,0.842,0.128
970500,0.030,0.862,0.108
971000,0.030,0.845,0.125
971500,0.030,0.848,0.122
972000,0.030,0.786,0.184
972500,0.030,0.862,0.108
973000,0.030,0.874,0.096
973500,0.030,0.854,0.116
974000,0.030,0.851,0.119
974500,0.030,0.785,0.185
975000,0.030,0.812,0.158
975500,0.030,0.795,0.175
976000,0.030,0.865,0.105
976500,0.030,0.875,0.095
977000,0.030,0.880,0.090
977500,0.030,0.896,0.074
978000,0.030,0.828,0.142
978500,0.030,0.892,0.078
979000,0.030,0.905,0.065
979500,0.030,0.861,0.109
980000,0.030,0.867,0.103
980500,0.030,0.830,0.140
981000,0.030,0.812,0.158
981500,0.030,0.794,0.176
982000,0.030,0.845,0.125
982500,0.030,0.819,0.151
983000,0.030,0.888,0.082
983500,0.030,0.900,0.070
984000,0.030,0.865,0.105
984500,0.030,0.869,0.101
985000,0.030,0.864,0.106
985500,0.030,0.873,0.097
986000,0.030,0.850,0.120
986500,0.030,0.864,0.106
987000,0.030,0.858,0.112
987500,0.030,0.819,0.151
988000,0.030,0.798,0.172
988500,0.030,0.821,0.149
989000,0.030,0.805,0.165
989500,0.030,0.810,0.160
990000,0.030,0.776,0.194
990500,0.030,0.808,0.162
991000,0.030,0.803,0.167
991500,0.030,0.814,0.156
992000,0.030,0.826,0.144
992500,0.030,0.828,0.142
993000,0.030,0.809,0.161
993500,0.030,0.804,0.166
994000,0.030,0.765,0.205
994500,0.030,0.820,0.150
995000,0.030,0.853,0.117
995500,0.030,0.887,0.083
996000,0.030,0.802,0.168
996500,0.030,0.793,0.177
997000,0.030,0.805,0.165
997500,0.030,0.818,0.152
998000,0.030,0.892,0.078
998500,0.030,0.842,0.128
999000,0.030,0.874,0.096
999500,0.030,0.816,0.154
1000000,0.030,0.826,0.144
