time,n_A+p,n_B,n_AB
500,0.010,0.981,0.009
1000,0.010,0.977,0.013
1500,0.010,0.928,0.061
2000,0.010,0.871,0.119
2500,0.010,0.832,0.158
3000,0.010,0.824,0.166
3500,0.010,0.780,0.210
4000,0.010,0.754,0.236
4500,0.010,0.769,0.221
5000,0.010,0.752,0.238
5500,0.010,0.708,0.282
6000,0.010,0.704,0.286
6500,0.010,0.677,0.312
7000,0.010,0.709,0.281
7500,0.010,0.696,0.294
8000,0.010,0.706,0.284
8500,0.010,0.700,0.290
9000,0.010,0.729,0.261
9500,0.010,0.836,0.154
10000,0.010,0.812,0.178
10500,0.010,0.817,0.173
11000,0.010,0.803,0.187
11500,0.010,0.780,0.210
12000,0.010,0.786,0.204
12500,0.010,0.740,0.250
13000,0.010,0.703,0.287
13500,0.010,0.755,0.235
14000,0.010,0.800,0.190
14500,0.010,0.801,0.189
15000,0.010,0.781,0.209
15500,0.010,0.744,0.246
16000,0.010,0.729,0.261
16500,0.010,0.775,0.215
17000,0.010,0.769,0.221
17500,0.010,0.763,0.227
18000,0.010,0.711,0.279
18500,0.010,0.660,0.330
19000,0.010,0.729,0.261
19500,0.010,0.691,0.299
20000,0.010,0.748,0.242
20500,0.010,0.792,0.198
21000,0.010,0.785,0.205
21500,0.010,0.759,0.231
22000,0.010,0.772,0.218
22500,0.010,0.717,0.273
23000,0.010,0.735,0.255
23500,0.010,0.695,0.295
24000,0.010,0.566,0.424
24500,0.010,0.566,0.424
25000,0.010,0.603,0.387
25500,0.010,0.662,0.328
26000,0.010,0.718,0.272
26500,0.010,0.670,0.320
27000,0.010,0.725,0.265
27500,0.010,0.622,0.368
28000,0.010,0.646,0.344
28500,0.010,0.637,0.353
29000,0.010,0.633,0.357
29500,0.010,0.692,0.298
30000,0.010,0.695,0.295
30500,0.010,0.616,0.374
31000,0.010,0.691,0.299
31500,0.010,0.728,0.262
32000,0.010,0.692,0.298
32500,0.010,0.741,0.249
33000,0.010,0.775,0.215
33500,0.010,0.774,0.216
34000,0.010,0.694,0.296
34500,0.010,0.704,0.286
35000,0.010,0.731,0.259
35500,0.010,0.780,0.210
36000,0.010,0.753,0.237
36500,0.010,0.754,0.236
37000,0.010,0.690,0.300
37500,0.010,0.712,0.278
38000,0.010,0.720,0.270
38500,0.010,0.753,0.237
39000,0.010,0.732,0.258
39500,0.010,0.720,0.270
40000,0.010,0.733,0.257
40500,0.010,0.710,0.280
41000,0.010,0.748,0.242
41500,0.010,0.730,0.260
42000,0.010,0.719,0.271
42500,0.010,0.766,0.224
43000,0.010,0.740,0.250
43500,0.010,0.743,0.247
44000,0.010,0.756,0.234
44500,0.010,0.750,0.240
45000,0.010,0.710,0.280
45500,0.010,0.673,0.317
46000,0.010,0.746,0.244
46500,0.010,0.793,0.197
47000,0.010,0.782,0.208
47500,0.010,0.796,0.194
48000,0.010,0.797,0.193
48500,0.010,0.780,0.210
49000,0.010,0.743,0.247
49500,0.010,0.721,0.269
50000,0.010,0.713,0.277
50500,0.010,0.810,0.179
51000,0.010,0.816,0.174
51500,0.010,0.762,0.228
52000,0.010,0.732,0.258
52500,0.010,0.743,0.247
53000,0.010,0.752,0.238
53500,0.010,0.756,0.234
54000,0.010,0.681,0.309
54500,0.010,0.722,0.268
55000,0.010,0.709,0.281
55500,0.010,0.770,0.220
56000,0.010,0.778,0.212
56500,0.010,0.777,0.213
57000,0.010,0.750,0.240
57500,0.010,0.789,0.201
58000,0.010,0.731,0.259
58500,0.010,0.743,0.247
59000,0.010,0.737,0.253
59500,0.010,0.764,0.226
60000,0.010,0.711,0.279
60500,0.010,0.726,0.264
61000,0.010,0.706,0.284
61500,0.010,0.662,0.328
62000,0.010,0.709,0.281
62500,0.010,0.702,0.288
63000,0.010,0.741,0.249
63500,0.010,0.773,0.217
64000,0.010,0.768,0.222
64500,0.010,0.706,0.284
65000,0.010,0.689,0.301
65500,0.010,0.690,0.300
66000,0.010,0.695,0.295
66500,0.010,0.714,0.276
67000,0.010,0.706,0.284
67500,0.010,0.705,0.285
68000,0.010,0.699,0.291
68500,0.010,0.751,0.239
69000,0.010,0.640,0.350
69500,0.010,0.621,0.369
70000,0.010,0.668,0.322
70500,0.010,0.668,0.322
71000,0.010,0.750,0.240
71500,0.010,0.826,0.164
72000,0.010,0.817,0.173
72500,0.010,0.796,0.194
73000,0.010,0.735,0.255
73500,0.010,0.690,0.300
74000,0.010,0.700,0.290
74500,0.010,0.670,0.320
75000,0.010,0.671,0.319
75500,0.010,0.705,0.285
76000,0.010,0.692,0.298
76500,0.010,0.709,0.281
77000,0.010,0.696,0.294
77500,0.010,0.713,0.277
78000,0.010,0.710,0.280
78500,0.010,0.680,0.309
79000,0.010,0.616,0.374
79500,0.010,0.651,0.339
80000,0.010,0.657,0.333
80500,0.010,0.703,0.287
81000,0.010,0.721,0.269
81500,0.010,0.679,0.310
82000,0.010,0.671,0.319
82500,0.010,0.683,0.307
83000,0.010,0.754,0.236
83500,0.010,0.686,0.304
84000,0.010,0.704,0.286
84500,0.010,0.728,0.262
85000,0.010,0.658,0.332
85500,0.010,0.671,0.319
86000,0.010,0.725,0.265
86500,0.010,0.786,0.204
87000,0.010,0.718,0.272
87500,0.010,0.699,0.291
88000,0.010,0.748,0.242
88500,0.010,0.683,0.306
89000,0.010,0.704,0.286
89500,0.010,0.655,0.335
90000,0.010,0.654,0.336
90500,0.010,0.684,0.306
91000,0.010,0.675,0.315
91500,0.010,0.679,0.311
92000,0.010,0.675,0.315
92500,0.010,0.637,0.353
93000,0.010,0.718,0.272
93500,0.010,0.636,0.354
94000,0.010,0.695,0.295
94500,0.010,0.692,0.298
95000,0.010,0.709,0.281
95500,0.010,0.757,0.233
96000,0.010,0.677,0.313
96500,0.010,0.648,0.342
97000,0.010,0.640,0.350
97500,0.010,0.619,0.371
98000,0.010,0.644,0.346
98500,0.010,0.601,0.389
99000,0.010,0.655,0.335
99500,0.010,0.711,0.279
100000,0.010,0.772,0.218
100500,0.010,0.759,0.231
101000,0.010,0.733,0.257
101500,0.010,0.784,0.206
102000,0.010,0.803,0.187
102500,0.010,0.852,0.138
103000,0.010,0.858,0.132
103500,0.010,0.848,0.142
104000,0.010,0.805,0.185
104500,0.010,0.765,0.225
105000,0.010,0.684,0.306
105500,0.010,0.727,0.263
106000,0.010,0.740,0.250
106500,0.010,0.736,0.254
107000,0.010,0.680,0.309
107500,0.010,0.707,0.283
108000,0.010,0.736,0.254
108500,0.010,0.789,0.201
109000,0.010,0.817,0.173
109500,0.010,0.798,0.192
110000,0.010,0.770,0.220
110500,0.010,0.685,0.304
111000,0.010,0.730,0.260
111500,0.010,0.706,0.284
112000,0.010,0.745,0.245
112500,0.010,0.715,0.275
113000,0.010,0.645,0.345
113500,0.010,0.697,0.293
114000,0.010,0.617,0.373
114500,0.010,0.676,0.314
115000,0.010,0.761,0.229
115500,0.010,0.686,0.303
116000,0.010,0.671,0.319
116500,0.010,0.661,0.329
117000,0.010,0.587,0.403
117500,0.010,0.620,0.370
118000,0.010,0.624,0.366
118500,0.010,0.708,0.282
119000,0.010,0.715,0.275
119500,0.010,0.738,0.252
120000,0.010,0.765,0.225
120500,0.010,0.804,0.186
121000,0.010,0.817,0.173
121500,0.010,0.839,0.151
122000,0.010,0.806,0.183
122500,0.010,0.806,0.183
123000,0.010,0.708,0.282
123500,0.010,0.712,0.278
124000,0.010,0.665,0.325
124500,0.010,0.720,0.270
125000,0.010,0.666,0.324
125500,0.010,0.663,0.327
126000,0.010,0.627,0.363
126500,0.010,0.677,0.313
127000,0.010,0.680,0.310
127500,0.010,0.681,0.309
128000,0.010,0.714,0.276
128500,0.010,0.723,0.267
129000,0.010,0.717,0.273
129500,0.010,0.730,0.260
130000,0.010,0.618,0.372
130500,0.010,0.677,0.312
131000,0.010,0.707,0.283
131500,0.010,0.643,0.347
132000,0.010,0.740,0.250
132500,0.010,0.736,0.254
133000,0.010,0.649,0.341
133500,0.010,0.618,0.372
134000,0.010,0.644,0.346
134500,0.010,0.594,0.396
135000,0.010,0.648,0.342
135500,0.010,0.723,0.267
136000,0.010,0.691,0.299
136500,0.010,0.724,0.266
137000,0.010,0.675,0.315
137500,0.010,0.699,0.291
138000,0.010,0.699,0.291
138500,0.010,0.697,0.293
139000,0.010,0.708,0.282
139500,0.010,0.680,0.309
140000,0.010,0.629,0.361
140500,0.010,0.614,0.376
141000,0.010,0.682,0.308
141500,0.010,0.694,0.296
142000,0.010,0.682,0.308
142500,0.010,0.696,0.294
143000,0.010,0.701,0.289
143500,0.010,0.674,0.316
144000,0.010,0.680,0.310
144500,0.010,0.618,0.372
145000,0.010,0.712,0.278
145500,0.010,0.723,0.267
146000,0.010,0.685,0.305
146500,0.010,0.603,0.387
147000,0.010,0.696,0.294
147500,0.010,0.740,0.250
148000,0.010,0.638,0.352
148500,0.010,0.581,0.409
149000,0.010,0.629,0.361
149500,0.010,0.642,0.348
150000,0.010,0.625,0.365
150500,0.010,0.615,0.375
151000,0.010,0.624,0.366
151500,0.010,0.696,0.294
152000,0.010,0.745,0.245
152500,0.010,0.714,0.276
153000,0.010,0.774,0.216
153500,0.010,0.740,0.250
154000,0.010,0.706,0.284
154500,0.010,0.683,0.306
155000,0.010,0.628,0.362
155500,0.010,0.713,0.277
156000,0.010,0.686,0.304
156500,0.010,0.729,0.261
157000,0.010,0.754,0.236
157500,0.010,0.785,0.205
158000,0.010,0.767,0.223
158500,0.010,0.761,0.229
159000,0.010,0.705,0.285
159500,0.010,0.698,0.292
160000,0.010,0.650,0.340
160500,0.010,0.644,0.346
161000,0.010,0.669,0.321
161500,0.010,0.718,0.272
162000,0.010,0.737,0.253
162500,0.010,0.743,0.247
163000,0.010,0.699,0.291
163500,0.010,0.785,0.205
164000,0.010,0.749,0.241
164500,0.010,0.743,0.247
165000,0.010,0.760,0.230
165500,0.010,0.773,0.217
166000,0.010,0.744,0.246
166500,0.010,0.755,0.235
167000,0.010,0.782,0.208
167500,0.010,0.802,0.188
168000,0.010,0.830,0.160
168500,0.010,0.810,0.180
169000,0.010,0.748,0.242
169500,0.010,0.749,0.241
170000,0.010,0.694,0.296
170500,0.010,0.677,0.312
171000,0.010,0.759,0.231
171500,0.010,0.783,0.207
172000,0.010,0.733,0.257
172500,0.010,0.693,0.297
173000,0.010,0.778,0.212
173500,0.010,0.783,0.207
174000,0.010,0.778,0.212
174500,0.010,0.763,0.227
175000,0.010,0.755,0.235
175500,0.010,0.817,0.173
176000,0.010,0.777,0.213
176500,0.010,0.764,0.226
177000,0.010,0.764,0.226
177500,0.010,0.780,0.210
178000,0.010,0.778,0.212
178500,0.010,0.690,0.300
179000,0.010,0.686,0.304
179500,0.010,0.525,0.465
180000,0.010,0.580,0.410
180500,0.010,0.624,0.366
181000,0.010,0.642,0.348
181500,0.010,0.708,0.282
182000,0.010,0.691,0.299
182500,0.010,0.734,0.256
183000,0.010,0.690,0.300
183500,0.010,0.667,0.323
184000,0.010,0.642,0.348
184500,0.010,0.648,0.342
185000,0.010,0.766,0.224
185500,0.010,0.760,0.230
186000,0.010,0.764,0.226
186500,0.010,0.746,0.244
187000,0.010,0.719,0.271
187500,0.010,0.640,0.350
188000,0.010,0.712,0.278
188500,0.010,0.731,0.259
189000,0.010,0.677,0.313
189500,0.010,0.742,0.248
190000,0.010,0.732,0.258
190500,0.010,0.624,0.366
191000,0.010,0.675,0.315
191500,0.010,0.700,0.290
192000,0.010,0.718,0.272
192500,0.010,0.733,0.257
193000,0.010,0.715,0.275
193500,0.010,0.712,0.278
194000,0.010,0.666,0.324
194500,0.010,0.667,0.323
195000,0.010,0.697,0.293
195500,0.010,0.712,0.278
196000,0.010,0.693,0.297
196500,0.010,0.673,0.317
197000,0.010,0.735,0.255
197500,0.010,0.641,0.349
198000,0.010,0.720,0.270
198500,0.010,0.686,0.303
199000,0.010,0.712,0.278
199500,0.010,0.712,0.278
200000,0.010,0.702,0.288
200500,0.010,0.751,0.239
201000,0.010,0.778,0.212
201500,0.010,0.755,0.235
202000,0.010,0.786,0.204
202500,0.010,0.668,0.322
203000,0.010,0.711,0.279
203500,0.010,0.750,0.240
204000,0.010,0.703,0.287
204500,0.010,0.669,0.321
205000,0.010,0.677,0.313
205500,0.010,0.739,0.251
206000,0.010,0.737,0.253
206500,0.010,0.707,0.283
207000,0.010,0.702,0.288
207500,0.010,0.701,0.289
208000,0.010,0.747,0.243
208500,0.010,0.699,0.291
209000,0.010,0.759,0.231
209500,0.010,0.776,0.214
210000,0.010,0.787,0.203
210500,0.010,0.713,0.277
211000,0.010,0.721,0.269
211500,0.010,0.782,0.208
212000,0.010,0.735,0.255
212500,0.010,0.740,0.250
213000,0.010,0.711,0.279
213500,0.010,0.603,0.387
214000,0.010,0.677,0.312
214500,0.010,0.669,0.321
215000,0.010,0.663,0.327
215500,0.010,0.717,0.273
216000,0.010,0.768,0.222
216500,0.010,0.761,0.229
217000,0.010,0.688,0.302
217500,0.010,0.684,0.305
218000,0.010,0.739,0.251
218500,0.010,0.765,0.225
219000,0.010,0.733,0.257
219500,0.010,0.734,0.256
220000,0.010,0.663,0.327
220500,0.010,0.653,0.337
221000,0.010,0.679,0.310
221500,0.010,0.677,0.313
222000,0.010,0.654,0.336
222500,0.010,0.633,0.357
223000,0.010,0.609,0.381
223500,0.010,0.662,0.328
224000,0.010,0.680,0.309
224500,0.010,0.703,0.287
225000,0.010,0.674,0.316
225500,0.010,0.699,0.291
226000,0.010,0.732,0.258
226500,0.010,0.738,0.252
227000,0.010,0.721,0.269
227500,0.010,0.718,0.272
228000,0.010,0.766,0.224
228500,0.010,0.752,0.238
229000,0.010,0.770,0.220
229500,0.010,0.766,0.224
230000,0.010,0.797,0.193
230500,0.010,0.776,0.214
231000,0.010,0.721,0.269
231500,0.010,0.793,0.197
232000,0.010,0.770,0.220
232500,0.010,0.740,0.250
233000,0.010,0.748,0.242
233500,0.010,0.722,0.268
234000,0.010,0.671,0.319
234500,0.010,0.713,0.277
235000,0.010,0.757,0.233
235500,0.010,0.757,0.233
236000,0.010,0.718,0.272
236500,0.010,0.661,0.329
237000,0.010,0.698,0.292
237500,0.010,0.639,0.351
238000,0.010,0.725,0.265
238500,0.010,0.728,0.262
239000,0.010,0.671,0.319
239500,0.010,0.664,0.326
240000,0.010,0.625,0.365
240500,0.010,0.643,0.347
241000,0.010,0.532,0.458
241500,0.010,0.611,0.379
242000,0.010,0.564,0.426
242500,0.010,0.699,0.291
243000,0.010,0.704,0.286
243500,0.010,0.721,0.269
244000,0.010,0.757,0.233
244500,0.010,0.698,0.292
245000,0.010,0.701,0.289
245500,0.010,0.699,0.291
246000,0.010,0.742,0.248
246500,0.010,0.659,0.331
247000,0.010,0.707,0.283
247500,0.010,0.780,0.210
248000,0.010,0.810,0.180
248500,0.010,0.776,0.214
249000,0.010,0.745,0.245
249500,0.010,0.735,0.255
250000,0.010,0.741,0.249
250500,0.010,0.770,0.220
251000,0.010,0.770,0.220
251500,0.010,0.741,0.249
252000,0.010,0.710,0.280
252500,0.010,0.703,0.287
253000,0.010,0.720,0.270
253500,0.010,0.707,0.283
254000,0.010,0.717,0.273
254500,0.010,0.652,0.338
255000,0.010,0.702,0.288
255500,0.010,0.769,0.221
256000,0.010,0.749,0.241
256500,0.010,0.646,0.344
257000,0.010,0.716,0.274
257500,0.010,0.712,0.278
258000,0.010,0.652,0.338
258500,0.010,0.668,0.322
259000,0.010,0.633,0.357
259500,0.010,0.621,0.369
260000,0.010,0.693,0.297
260500,0.010,0.639,0.351
261000,0.010,0.715,0.275
261500,0.010,0.706,0.284
262000,0.010,0.714,0.276
262500,0.010,0.773,0.217
263000,0.010,0.759,0.231
263500,0.010,0.669,0.321
264000,0.010,0.679,0.311
264500,0.010,0.727,0.263
265000,0.010,0.767,0.223
265500,0.010,0.694,0.296
266000,0.010,0.603,0.387
266500,0.010,0.684,0.305
267000,0.010,0.703,0.287
267500,0.010,0.757,0.233
268000,0.010,0.735,0.255
268500,0.010,0.798,0.192
269000,0.010,0.759,0.231
269500,0.010,0.765,0.225
270000,0.010,0.786,0.204
270500,0.010,0.744,0.246
271000,0.010,0.711,0.279
271500,0.010,0.732,0.258
272000,0.010,0.676,0.314
272500,0.010,0.721,0.269
273000,0.010,0.710,0.280
273500,0.010,0.689,0.301
274000,0.010,0.711,0.279
274500,0.010,0.794,0.196
275000,0.010,0.774,0.216
275500,0.010,0.708,0.282
276000,0.010,0.689,0.301
276500,0.010,0.653,0.337
277000,0.010,0.702,0.288
277500,0.010,0.711,0.279
278000,0.010,0.699,0.291
278500,0.010,0.664,0.326
279000,0.010,0.664,0.326
279500,0.010,0.697,0.293
280000,0.010,0.708,0.282
280500,0.010,0.671,0.319
281000,0.010,0.673,0.317
281500,0.010,0.705,0.285
282000,0.010,0.731,0.259
282500,0.010,0.739,0.251
283000,0.010,0.758,0.232
283500,0.010,0.709,0.281
284000,0.010,0.724,0.266
284500,0.010,0.697,0.293
285000,0.010,0.645,0.345
285500,0.010,0.671,0.319
286000,0.010,0.711,0.279
286500,0.010,0.744,0.246
287000,0.010,0.737,0.253
287500,0.010,0.817,0.173
288000,0.010,0.774,0.216
288500,0.010,0.774,0.216
289000,0.010,0.738,0.252
289500,0.010,0.761,0.229
290000,0.010,0.803,0.186
290500,0.010,0.818,0.172
291000,0.010,0.776,0.214
291500,0.010,0.718,0.272
292000,0.010,0.696,0.294
292500,0.010,0.719,0.271
293000,0.010,0.757,0.233
293500,0.010,0.759,0.231
294000,0.010,0.774,0.216
294500,0.010,0.809,0.180
295000,0.010,0.780,0.210
295500,0.010,0.760,0.230
296000,0.010,0.802,0.188
296500,0.010,0.785,0.205
297000,0.010,0.713,0.277
297500,0.010,0.692,0.298
298000,0.010,0.709,0.281
298500,0.010,0.747,0.243
299000,0.010,0.734,0.256
299500,0.010,0.735,0.255
300000,0.010,0.763,0.227
300500,0.010,0.681,0.309
301000,0.010,0.664,0.326
301500,0.010,0.655,0.335
302000,0.010,0.676,0.314
302500,0.010,0.742,0.248
303000,0.010,0.700,0.290
303500,0.010,0.673,0.317
304000,0.010,0.710,0.280
304500,0.010,0.734,0.256
305000,0.010,0.788,0.202
305500,0.010,0.773,0.217
306000,0.010,0.733,0.257
306500,0.010,0.740,0.250
307000,0.010,0.670,0.320
307500,0.010,0.667,0.323
308000,0.010,0.709,0.281
308500,0.010,0.682,0.308
309000,0.010,0.688,0.302
309500,0.010,0.669,0.321
310000,0.010,0.670,0.320
310500,0.010,0.688,0.302
311000,0.010,0.716,0.274
311500,0.010,0.665,0.325
312000,0.010,0.692,0.298
312500,0.010,0.728,0.262
313000,0.010,0.706,0.284
313500,0.010,0.702,0.288
314000,0.010,0.726,0.264
314500,0.010,0.693,0.297
315000,0.010,0.698,0.292
315500,0.010,0.730,0.260
316000,0.010,0.745,0.245
316500,0.010,0.770,0.220
317000,0.010,0.733,0.257
317500,0.010,0.693,0.297
318000,0.010,0.731,0.259
318500,0.010,0.741,0.249
319000,0.010,0.732,0.258
319500,0.010,0.696,0.294
320000,0.010,0.698,0.292
320500,0.010,0.706,0.284
321000,0.010,0.706,0.284
321500,0.010,0.707,0.283
322000,0.010,0.762,0.228
322500,0.010,0.758,0.232
323000,0.010,0.745,0.245
323500,0.010,0.718,0.272
324000,0.010,0.705,0.285
324500,0.010,0.749,0.241
325000,0.010,0.737,0.253
325500,0.010,0.740,0.250
326000,0.010,0.732,0.258
326500,0.010,0.754,0.236
327000,0.010,0.724,0.266
327500,0.010,0.752,0.238
328000,0.010,0.726,0.264
328500,0.010,0.725,0.265
329000,0.010,0.721,0.269
329500,0.010,0.789,0.201
330000,0.010,0.776,0.214
330500,0.010,0.747,0.243
331000,0.010,0.751,0.239
331500,0.010,0.740,0.250
332000,0.010,0.733,0.257
332500,0.010,0.725,0.265
333000,0.010,0.774,0.216
333500,0.010,0.752,0.238
334000,0.010,0.701,0.289
334500,0.010,0.760,0.230
335000,0.010,0.770,0.220
335500,0.010,0.806,0.183
336000,0.010,0.819,0.171
336500,0.010,0.768,0.222
337000,0.010,0.729,0.261
337500,0.010,0.703,0.287
338000,0.010,0.641,0.349
338500,0.010,0.677,0.312
339000,0.010,0.678,0.311
339500,0.010,0.698,0.292
340000,0.010,0.674,0.316
340500,0.010,0.693,0.297
341000,0.010,0.672,0.318
341500,0.010,0.669,0.321
342000,0.010,0.736,0.254
342500,0.010,0.783,0.207
343000,0.010,0.739,0.251
343500,0.010,0.721,0.269
344000,0.010,0.718,0.272
344500,0.010,0.707,0.283
345000,0.010,0.660,0.330
345500,0.010,0.729,0.261
346000,0.010,0.737,0.253
346500,0.010,0.708,0.282
347000,0.010,0.693,0.297
347500,0.010,0.645,0.345
348000,0.010,0.717,0.273
348500,0.010,0.747,0.243
349000,0.010,0.743,0.247
349500,0.010,0.669,0.321
350000,0.010,0.675,0.315
350500,0.010,0.647,0.343
351000,0.010,0.650,0.340
351500,0.010,0.639,0.351
352000,0.010,0.695,0.295
352500,0.010,0.689,0.301
353000,0.010,0.683,0.306
353500,0.010,0.716,0.274
354000,0.010,0.650,0.340
354500,0.010,0.615,0.375
355000,0.010,0.597,0.393
355500,0.010,0.629,0.361
356000,0.010,0.674,0.316
356500,0.010,0.669,0.321
357000,0.010,0.688,0.302
357500,0.010,0.673,0.317
358000,0.010,0.689,0.301
358500,0.010,0.697,0.293
359000,0.010,0.692,0.298
359500,0.010,0.686,0.303
360000,0.010,0.657,0.333
360500,0.010,0.724,0.266
361000,0.010,0.695,0.295
361500,0.010,0.676,0.314
362000,0.010,0.639,0.351
362500,0.010,0.718,0.272
363000,0.010,0.809,0.181
363500,0.010,0.776,0.214
364000,0.010,0.748,0.242
364500,0.010,0.770,0.220
365000,0.010,0.751,0.239
365500,0.010,0.703,0.287
366000,0.010,0.727,0.263
366500,0.010,0.713,0.277
367000,0.010,0.707,0.283
367500,0.010,0.701,0.289
368000,0.010,0.715,0.275
368500,0.010,0.720,0.270
369000,0.010,0.732,0.258
369500,0.010,0.670,0.320
370000,0.010,0.686,0.304
370500,0.010,0.643,0.347
371000,0.010,0.585,0.405
371500,0.010,0.633,0.357
372000,0.010,0.700,0.290
372500,0.010,0.778,0.212
373000,0.010,0.729,0.261
373500,0.010,0.724,0.266
374000,0.010,0.700,0.290
374500,0.010,0.670,0.320
375000,0.010,0.666,0.324
375500,0.010,0.619,0.371
376000,0.010,0.631,0.359
376500,0.010,0.675,0.315
377000,0.010,0.675,0.315
377500,0.010,0.650,0.340
378000,0.010,0.625,0.365
378500,0.010,0.644,0.346
379000,0.010,0.715,0.275
379500,0.010,0.762,0.228
380000,0.010,0.759,0.231
380500,0.010,0.760,0.230
381000,0.010,0.789,0.201
381500,0.010,0.777,0.213
382000,0.010,0.729,0.261
382500,0.010,0.725,0.265
383000,0.010,0.739,0.251
383500,0.010,0.683,0.306
384000,0.010,0.746,0.244
384500,0.010,0.682,0.308
385000,0.010,0.718,0.272
385500,0.010,0.761,0.229
386000,0.010,0.762,0.228
386500,0.010,0.737,0.253
387000,0.010,0.686,0.304
387500,0.010,0.653,0.337
388000,0.010,0.659,0.331
388500,0.010,0.656,0.334
389000,0.010,0.714,0.276
389500,0.010,0.769,0.221
390000,0.010,0.760,0.230
390500,0.010,0.775,0.215
391000,0.010,0.775,0.215
391500,0.010,0.828,0.162
392000,0.010,0.845,0.145
392500,0.010,0.735,0.255
393000,0.010,0.711,0.279
393500,0.010,0.655,0.335
394000,0.010,0.698,0.292
394500,0.010,0.776,0.214
395000,0.010,0.678,0.311
395500,0.010,0.718,0.272
396000,0.010,0.740,0.250
396500,0.010,0.698,0.292
397000,0.010,0.660,0.330
397500,0.010,0.685,0.305
398000,0.010,0.738,0.252
398500,0.010,0.720,0.270
399000,0.010,0.653,0.337
399500,0.010,0.664,0.326
400000,0.010,0.682,0.307
400500,0.010,0.621,0.369
401000,0.010,0.641,0.349
401500,0.010,0.697,0.293
402000,0.010,0.665,0.325
402500,0.010,0.672,0.318
403000,0.010,0.682,0.308
403500,0.010,0.741,0.249
404000,0.010,0.702,0.288
404500,0.010,0.704,0.286
405000,0.010,0.677,0.313
405500,0.010,0.636,0.354
406000,0.010,0.679,0.310
406500,0.010,0.664,0.326
407000,0.010,0.666,0.324
407500,0.010,0.671,0.319
408000,0.010,0.736,0.254
408500,0.010,0.731,0.259
409000,0.010,0.674,0.316
409500,0.010,0.718,0.272
410000,0.010,0.729,0.261
410500,0.010,0.745,0.245
411000,0.010,0.767,0.223
411500,0.010,0.775,0.215
412000,0.010,0.751,0.239
412500,0.010,0.732,0.258
413000,0.010,0.751,0.239
413500,0.010,0.768,0.222
414000,0.010,0.765,0.225
414500,0.010,0.761,0.229
415000,0.010,0.735,0.255
415500,0.010,0.789,0.201
416000,0.010,0.803,0.186
416500,0.010,0.872,0.118
417000,0.010,0.857,0.133
417500,0.010,0.867,0.123
418000,0.010,0.867,0.123
418500,0.010,0.798,0.192
419000,0.010,0.789,0.201
419500,0.010,0.830,0.160
420000,0.010,0.846,0.144
420500,0.010,0.844,0.146
421000,0.010,0.810,0.180
421500,0.010,0.758,0.232
422000,0.010,0.738,0.252
422500,0.010,0.755,0.235
423000,0.010,0.705,0.285
423500,0.010,0.726,0.264
424000,0.010,0.712,0.278
424500,0.010,0.720,0.270
425000,0.010,0.706,0.284
425500,0.010,0.656,0.334
426000,0.010,0.626,0.364
426500,0.010,0.631,0.359
427000,0.010,0.671,0.319
427500,0.010,0.700,0.290
428000,0.010,0.713,0.277
428500,0.010,0.715,0.275
429000,0.010,0.723,0.267
429500,0.010,0.715,0.275
430000,0.010,0.681,0.308
430500,0.010,0.635,0.355
431000,0.010,0.623,0.367
431500,0.010,0.698,0.292
432000,0.010,0.721,0.269
432500,0.010,0.708,0.282
433000,0.010,0.779,0.211
433500,0.010,0.787,0.203
434000,0.010,0.827,0.163
434500,0.010,0.735,0.255
435000,0.010,0.804,0.185
435500,0.010,0.771,0.219
436000,0.010,0.778,0.212
436500,0.010,0.732,0.258
437000,0.010,0.759,0.231
437500,0.010,0.813,0.177
438000,0.010,0.806,0.183
438500,0.010,0.791,0.199
439000,0.010,0.770,0.220
439500,0.010,0.755,0.235
440000,0.010,0.724,0.266
440500,0.010,0.709,0.281
441000,0.010,0.760,0.230
441500,0.010,0.814,0.176
442000,0.010,0.830,0.160
442500,0.010,0.774,0.216
443000,0.010,0.780,0.210
443500,0.010,0.791,0.199
444000,0.010,0.757,0.233
444500,0.010,0.728,0.262
445000,0.010,0.779,0.211
445500,0.010,0.764,0.226
446000,0.010,0.752,0.238
446500,0.010,0.771,0.219
447000,0.010,0.760,0.230
447500,0.010,0.780,0.210
448000,0.010,0.706,0.284
448500,0.010,0.679,0.311
449000,0.010,0.707,0.283
449500,0.010,0.763,0.227
450000,0.010,0.730,0.260
450500,0.010,0.728,0.262
451000,0.010,0.751,0.239
451500,0.010,0.766,0.224
452000,0.010,0.702,0.288
452500,0.010,0.716,0.274
453000,0.010,0.645,0.345
453500,0.010,0.650,0.340
454000,0.010,0.637,0.353
454500,0.010,0.661,0.329
455000,0.010,0.651,0.339
455500,0.010,0.747,0.243
456000,0.010,0.791,0.199
456500,0.010,0.825,0.165
457000,0.010,0.757,0.233
457500,0.010,0.732,0.258
458000,0.010,0.740,0.250
458500,0.010,0.682,0.308
459000,0.010,0.685,0.304
459500,0.010,0.681,0.309
460000,0.010,0.666,0.324
460500,0.010,0.658,0.332
461000,0.010,0.639,0.351
461500,0.010,0.642,0.348
462000,0.010,0.712,0.278
462500,0.010,0.701,0.289
463000,0.010,0.676,0.314
463500,0.010,0.696,0.294
464000,0.010,0.747,0.243
464500,0.010,0.703,0.287
465000,0.010,0.699,0.291
465500,0.010,0.741,0.249
466000,0.010,0.624,0.366
466500,0.010,0.541,0.449
467000,0.010,0.613,0.377
467500,0.010,0.664,0.326
468000,0.010,0.612,0.378
468500,0.010,0.704,0.286
469000,0.010,0.691,0.299
469500,0.010,0.703,0.287
470000,0.010,0.664,0.326
470500,0.010,0.612,0.378
471000,0.010,0.619,0.371
471500,0.010,0.690,0.300
472000,0.010,0.722,0.268
472500,0.010,0.742,0.248
473000,0.010,0.730,0.260
473500,0.010,0.667,0.323
474000,0.010,0.642,0.348
474500,0.010,0.648,0.342
475000,0.010,0.712,0.278
475500,0.010,0.622,0.368
476000,0.010,0.641,0.349
476500,0.010,0.660,0.330
477000,0.010,0.755,0.235
477500,0.010,0.743,0.247
478000,0.010,0.753,0.237
478500,0.010,0.721,0.269
479000,0.010,0.741,0.249
479500,0.010,0.769,0.221
480000,0.010,0.770,0.220
480500,0.010,0.743,0.247
481000,0.010,0.771,0.219
481500,0.010,0.779,0.211
482000,0.010,0.805,0.185
482500,0.010,0.745,0.245
483000,0.010,0.737,0.253
483500,0.010,0.694,0.296
484000,0.010,0.610,0.380
484500,0.010,0.604,0.386
485000,0.010,0.665,0.325
485500,0.010,0.699,0.291
486000,0.010,0.747,0.243
486500,0.010,0.683,0.307
487000,0.010,0.695,0.295
487500,0.010,0.712,0.278
488000,0.010,0.776,0.214
488500,0.010,0.762,0.228
489000,0.010,0.792,0.198
489500,0.010,0.743,0.247
490000,0.010,0.755,0.235
490500,0.010,0.786,0.204
491000,0.010,0.723,0.267
491500,0.010,0.719,0.271
492000,0.010,0.730,0.260
492500,0.010,0.743,0.247
493000,0.010,0.752,0.238
493500,0.010,0.727,0.263
494000,0.010,0.728,0.262
494500,0.010,0.728,0.262
495000,0.010,0.727,0.263
495500,0.010,0.732,0.258
496000,0.010,0.746,0.244
496500,0.010,0.751,0.239
497000,0.010,0.781,0.209
497500,0.010,0.777,0.213
498000,0.010,0.752,0.238
498500,0.010,0.718,0.272
499000,0.010,0.694,0.296
499500,0.010,0.728,0.262
500000,0.010,0.690,0.300
500500,0.010,0.670,0.320
501000,0.010,0.798,0.192
501500,0.010,0.739,0.251
502000,0.010,0.732,0.258
502500,0.010,0.746,0.244
503000,0.010,0.767,0.223
503500,0.010,0.798,0.192
504000,0.010,0.742,0.248
504500,0.010,0.741,0.249
505000,0.010,0.740,0.250
505500,0.010,0.749,0.241
506000,0.010,0.761,0.229
506500,0.010,0.723,0.267
507000,0.010,0.754,0.236
507500,0.010,0.682,0.307
508000,0.010,0.653,0.337
508500,0.010,0.731,0.259
509000,0.010,0.745,0.245
509500,0.010,0.706,0.284
510000,0.010,0.665,0.325
510500,0.010,0.647,0.343
511000,0.010,0.678,0.312
511500,0.010,0.768,0.222
512000,0.010,0.726,0.264
512500,0.010,0.771,0.219
513000,0.010,0.740,0.250
513500,0.010,0.659,0.331
514000,0.010,0.726,0.264
514500,0.010,0.672,0.318
515000,0.010,0.694,0.296
515500,0.010,0.660,0.330
516000,0.010,0.694,0.296
516500,0.010,0.673,0.317
517000,0.010,0.727,0.263
517500,0.010,0.643,0.347
518000,0.010,0.660,0.330
518500,0.010,0.646,0.344
519000,0.010,0.617,0.373
519500,0.010,0.593,0.397
520000,0.010,0.596,0.394
520500,0.010,0.665,0.325
521000,0.010,0.693,0.297
521500,0.010,0.656,0.334
522000,0.010,0.599,0.391
522500,0.010,0.599,0.391
523000,0.010,0.631,0.359
523500,0.010,0.666,0.324
524000,0.010,0.713,0.277
524500,0.010,0.688,0.302
525000,0.010,0.693,0.297
525500,0.010,0.651,0.339
526000,0.010,0.727,0.263
526500,0.010,0.750,0.240
527000,0.010,0.797,0.193
527500,0.010,0.733,0.257
528000,0.010,0.775,0.215
528500,0.010,0.835,0.155
529000,0.010,0.884,0.106
529500,0.010,0.924,0.066
530000,0.010,0.913,0.077
530500,0.010,0.833,0.157
531000,0.010,0.749,0.241
531500,0.010,0.775,0.215
532000,0.010,0.764,0.226
532500,0.010,0.743,0.247
533000,0.010,0.730,0.260
533500,0.010,0.729,0.261
534000,0.010,0.688,0.302
534500,0.010,0.728,0.262
535000,0.010,0.724,0.266
535500,0.010,0.669,0.321
536000,0.010,0.601,0.389
536500,0.010,0.682,0.308
537000,0.010,0.736,0.254
537500,0.010,0.770,0.220
538000,0.010,0.665,0.325
538500,0.010,0.565,0.425
539000,0.010,0.637,0.353
539500,0.010,0.640,0.350
540000,0.010,0.642,0.348
540500,0.010,0.697,0.293
541000,0.010,0.691,0.299
541500,0.010,0.762,0.228
542000,0.010,0.713,0.277
542500,0.010,0.684,0.305
543000,0.010,0.647,0.343
543500,0.010,0.655,0.335
544000,0.010,0.667,0.323
544500,0.010,0.740,0.250
545000,0.010,0.724,0.266
545500,0.010,0.738,0.252
546000,0.010,0.753,0.237
546500,0.010,0.856,0.134
547000,0.010,0.812,0.178
547500,0.010,0.734,0.256
548000,0.010,0.669,0.321
548500,0.010,0.675,0.315
549000,0.010,0.700,0.290
549500,0.010,0.692,0.298
550000,0.010,0.631,0.359
550500,0.010,0.641,0.349
551000,0.010,0.672,0.318
551500,0.010,0.750,0.240
552000,0.010,0.746,0.244
552500,0.010,0.681,0.308
553000,0.010,0.698,0.292
553500,0.010,0.763,0.227
554000,0.010,0.706,0.284
554500,0.010,0.659,0.331
555000,0.010,0.688,0.302
555500,0.010,0.739,0.251
556000,0.010,0.764,0.226
556500,0.010,0.797,0.193
557000,0.010,0.740,0.250
557500,0.010,0.716,0.274
558000,0.010,0.621,0.369
558500,0.010,0.662,0.328
559000,0.010,0.691,0.299
559500,0.010,0.781,0.209
560000,0.010,0.777,0.213
560500,0.010,0.730,0.260
561000,0.010,0.714,0.276
561500,0.010,0.729,0.261
562000,0.010,0.738,0.252
562500,0.010,0.757,0.233
563000,0.010,0.761,0.229
563500,0.010,0.793,0.197
564000,0.010,0.700,0.290
564500,0.010,0.614,0.376
565000,0.010,0.707,0.283
565500,0.010,0.699,0.291
566000,0.010,0.705,0.285
566500,0.010,0.708,0.282
567000,0.010,0.752,0.238
567500,0.010,0.724,0.266
568000,0.010,0.780,0.210
568500,0.010,0.810,0.179
569000,0.010,0.762,0.228
569500,0.010,0.806,0.184
570000,0.010,0.783,0.207
570500,0.010,0.766,0.224
571000,0.010,0.722,0.268
571500,0.010,0.724,0.266
572000,0.010,0.767,0.223
572500,0.010,0.667,0.323
573000,0.010,0.625,0.365
573500,0.010,0.700,0.290
574000,0.010,0.642,0.348
574500,0.010,0.642,0.348
575000,0.010,0.681,0.309
575500,0.010,0.714,0.276
576000,0.010,0.680,0.309
576500,0.010,0.713,0.277
577000,0.010,0.734,0.256
577500,0.010,0.770,0.220
578000,0.010,0.774,0.216
578500,0.010,0.731,0.259
579000,0.010,0.788,0.202
579500,0.010,0.747,0.243
580000,0.010,0.759,0.231
580500,0.010,0.744,0.246
581000,0.010,0.676,0.314
581500,0.010,0.662,0.328
582000,0.010,0.693,0.297
582500,0.010,0.696,0.294
583000,0.010,0.691,0.299
583500,0.010,0.645,0.345
584000,0.010,0.677,0.312
584500,0.010,0.675,0.315
585000,0.010,0.677,0.313
585500,0.010,0.693,0.297
586000,0.010,0.698,0.292
586500,0.010,0.691,0.299
587000,0.010,0.634,0.356
587500,0.010,0.646,0.344
588000,0.010,0.641,0.349
588500,0.010,0.603,0.387
589000,0.010,0.660,0.330
589500,0.010,0.696,0.294
590000,0.010,0.717,0.273
590500,0.010,0.694,0.296
591000,0.010,0.694,0.296
591500,0.010,0.695,0.295
592000,0.010,0.686,0.304
592500,0.010,0.644,0.346
593000,0.010,0.665,0.325
593500,0.010,0.647,0.343
594000,0.010,0.690,0.300
594500,0.010,0.664,0.326
595000,0.010,0.692,0.298
595500,0.010,0.702,0.288
596000,0.010,0.713,0.277
596500,0.010,0.735,0.255
597000,0.010,0.727,0.263
597500,0.010,0.754,0.236
598000,0.010,0.757,0.233
598500,0.010,0.809,0.180
599000,0.010,0.764,0.226
599500,0.010,0.748,0.242
600000,0.010,0.709,0.281
600500,0.010,0.791,0.199
601000,0.010,0.810,0.180
601500,0.010,0.831,0.159
602000,0.010,0.747,0.243
602500,0.010,0.763,0.227
603000,0.010,0.739,0.251
603500,0.010,0.712,0.278
604000,0.010,0.740,0.250
604500,0.010,0.741,0.249
605000,0.010,0.764,0.226
605500,0.010,0.741,0.249
606000,0.010,0.789,0.201
606500,0.010,0.772,0.218
607000,0.010,0.782,0.208
607500,0.010,0.743,0.247
608000,0.010,0.774,0.216
608500,0.010,0.749,0.241
609000,0.010,0.748,0.242
609500,0.010,0.754,0.236
610000,0.010,0.692,0.298
610500,0.010,0.743,0.247
611000,0.010,0.705,0.285
611500,0.010,0.738,0.252
612000,0.010,0.717,0.273
612500,0.010,0.719,0.271
613000,0.010,0.698,0.292
613500,0.010,0.655,0.335
614000,0.010,0.672,0.318
614500,0.010,0.720,0.270
615000,0.010,0.727,0.263
615500,0.010,0.706,0.284
616000,0.010,0.688,0.302
616500,0.010,0.691,0.299
617000,0.010,0.694,0.296
617500,0.010,0.738,0.252
618000,0.010,0.714,0.276
618500,0.010,0.721,0.269
619000,0.010,0.781,0.209
619500,0.010,0.777,0.213
620000,0.010,0.763,0.227
620500,0.010,0.819,0.171
621000,0.010,0.839,0.151
621500,0.010,0.825,0.165
622000,0.010,0.760,0.230
622500,0.010,0.737,0.253
623000,0.010,0.716,0.274
623500,0.010,0.740,0.250
624000,0.010,0.711,0.279
624500,0.010,0.698,0.292
625000,0.010,0.692,0.298
625500,0.010,0.730,0.260
626000,0.010,0.753,0.237
626500,0.010,0.737,0.253
627000,0.010,0.729,0.261
627500,0.010,0.720,0.270
628000,0.010,0.706,0.284
628500,0.010,0.719,0.271
629000,0.010,0.653,0.337
629500,0.010,0.649,0.341
630000,0.010,0.704,0.286
630500,0.010,0.773,0.217
631000,0.010,0.782,0.208
631500,0.010,0.753,0.237
632000,0.010,0.773,0.217
632500,0.010,0.711,0.279
633000,0.010,0.740,0.250
633500,0.010,0.730,0.260
634000,0.010,0.743,0.247
634500,0.010,0.728,0.262
635000,0.010,0.760,0.230
635500,0.010,0.752,0.238
636000,0.010,0.769,0.221
636500,0.010,0.757,0.233
637000,0.010,0.722,0.268
637500,0.010,0.761,0.229
638000,0.010,0.761,0.229
638500,0.010,0.732,0.258
639000,0.010,0.673,0.317
639500,0.010,0.648,0.342
640000,0.010,0.634,0.356
640500,0.010,0.685,0.305
641000,0.010,0.692,0.298
641500,0.010,0.756,0.234
642000,0.010,0.737,0.253
642500,0.010,0.733,0.257
643000,0.010,0.718,0.272
643500,0.010,0.698,0.292
644000,0.010,0.728,0.262
644500,0.010,0.700,0.290
645000,0.010,0.703,0.287
645500,0.010,0.722,0.268
646000,0.010,0.750,0.240
646500,0.010,0.734,0.256
647000,0.010,0.731,0.259
647500,0.010,0.799,0.191
648000,0.010,0.788,0.202
648500,0.010,0.794,0.196
649000,0.010,0.725,0.265
649500,0.010,0.707,0.283
650000,0.010,0.747,0.243
650500,0.010,0.713,0.277
651000,0.010,0.731,0.259
651500,0.010,0.713,0.277
652000,0.010,0.674,0.316
652500,0.010,0.720,0.270
653000,0.010,0.680,0.310
653500,0.010,0.668,0.322
654000,0.010,0.664,0.326
654500,0.010,0.727,0.263
655000,0.010,0.728,0.262
655500,0.010,0.736,0.254
656000,0.010,0.757,0.233
656500,0.010,0.705,0.285
657000,0.010,0.742,0.248
657500,0.010,0.702,0.288
658000,0.010,0.673,0.317
658500,0.010,0.681,0.308
659000,0.010,0.708,0.282
659500,0.010,0.755,0.235
660000,0.010,0.742,0.248
660500,0.010,0.710,0.280
661000,0.010,0.737,0.253
661500,0.010,0.804,0.186
662000,0.010,0.802,0.188
662500,0.010,0.724,0.266
663000,0.010,0.617,0.373
663500,0.010,0.542,0.448
664000,0.010,0.625,0.365
664500,0.010,0.592,0.398
665000,0.010,0.627,0.363
665500,0.010,0.749,0.241
666000,0.010,0.750,0.240
666500,0.010,0.700,0.290
667000,0.010,0.710,0.280
667500,0.010,0.704,0.286
668000,0.010,0.694,0.296
668500,0.010,0.682,0.307
669000,0.010,0.697,0.293
669500,0.010,0.774,0.216
670000,0.010,0.737,0.253
670500,0.010,0.778,0.212
671000,0.010,0.791,0.199
671500,0.010,0.753,0.237
672000,0.010,0.705,0.285
672500,0.010,0.693,0.297
673000,0.010,0.714,0.276
673500,0.010,0.696,0.294
674000,0.010,0.740,0.250
674500,0.010,0.697,0.293
675000,0.010,0.724,0.266
675500,0.010,0.652,0.338
676000,0.010,0.678,0.312
676500,0.010,0.644,0.346
677000,0.010,0.631,0.359
677500,0.010,0.661,0.329
678000,0.010,0.640,0.350
678500,0.010,0.713,0.277
679000,0.010,0.668,0.322
679500,0.010,0.738,0.252
680000,0.010,0.777,0.213
680500,0.010,0.759,0.231
681000,0.010,0.729,0.261
681500,0.010,0.754,0.236
682000,0.010,0.749,0.241
682500,0.010,0.691,0.299
683000,0.010,0.727,0.263
683500,0.010,0.765,0.225
684000,0.010,0.754,0.236
684500,0.010,0.755,0.235
685000,0.010,0.719,0.271
685500,0.010,0.784,0.206
686000,0.010,0.786,0.204
686500,0.010,0.725,0.265
687000,0.010,0.761,0.229
687500,0.010,0.716,0.274
688000,0.010,0.694,0.296
688500,0.010,0.668,0.322
689000,0.010,0.657,0.333
689500,0.010,0.655,0.335
690000,0.010,0.677,0.313
690500,0.010,0.703,0.287
691000,0.010,0.654,0.336
691500,0.010,0.725,0.265
692000,0.010,0.771,0.219
692500,0.010,0.757,0.233
693000,0.010,0.824,0.166
693500,0.010,0.840,0.150
694000,0.010,0.797,0.193
694500,0.010,0.749,0.241
695000,0.010,0.701,0.289
695500,0.010,0.634,0.356
696000,0.010,0.671,0.319
696500,0.010,0.683,0.306
697000,0.010,0.741,0.249
697500,0.010,0.758,0.232
698000,0.010,0.783,0.207
698500,0.010,0.707,0.283
699000,0.010,0.808,0.181
699500,0.010,0.845,0.145
700000,0.010,0.828,0.162
700500,0.010,0.752,0.238
701000,0.010,0.713,0.277
701500,0.010,0.738,0.252
702000,0.010,0.703,0.287
702500,0.010,0.707,0.283
703000,0.010,0.681,0.309
703500,0.010,0.684,0.305
704000,0.010,0.662,0.328
704500,0.010,0.625,0.365
705000,0.010,0.701,0.289
705500,0.010,0.653,0.337
706000,0.010,0.681,0.309
706500,0.010,0.674,0.316
707000,0.010,0.707,0.283
707500,0.010,0.679,0.311
708000,0.010,0.744,0.246
708500,0.010,0.774,0.216
709000,0.010,0.722,0.268
709500,0.010,0.737,0.253
710000,0.010,0.758,0.232
710500,0.010,0.740,0.250
711000,0.010,0.651,0.339
711500,0.010,0.713,0.277
712000,0.010,0.683,0.307
712500,0.010,0.722,0.268
713000,0.010,0.760,0.230
713500,0.010,0.742,0.248
714000,0.010,0.809,0.181
714500,0.010,0.825,0.165
715000,0.010,0.787,0.203
715500,0.010,0.774,0.216
716000,0.010,0.684,0.305
716500,0.010,0.651,0.339
717000,0.010,0.618,0.372
717500,0.010,0.644,0.346
718000,0.010,0.657,0.333
718500,0.010,0.733,0.257
719000,0.010,0.689,0.301
719500,0.010,0.624,0.366
720000,0.010,0.693,0.297
720500,0.010,0.641,0.349
721000,0.010,0.619,0.371
721500,0.010,0.702,0.288
722000,0.010,0.633,0.357
722500,0.010,0.633,0.357
723000,0.010,0.694,0.296
723500,0.010,0.645,0.345
724000,0.010,0.646,0.344
724500,0.010,0.616,0.374
725000,0.010,0.634,0.356
725500,0.010,0.659,0.331
726000,0.010,0.630,0.360
726500,0.010,0.628,0.362
727000,0.010,0.567,0.423
727500,0.010,0.618,0.372
728000,0.010,0.656,0.334
728500,0.010,0.746,0.244
729000,0.010,0.780,0.210
729500,0.010,0.803,0.187
730000,0.010,0.755,0.235
730500,0.010,0.750,0.240
731000,0.010,0.683,0.307
731500,0.010,0.715,0.275
732000,0.010,0.725,0.265
732500,0.010,0.756,0.234
733000,0.010,0.759,0.231
733500,0.010,0.803,0.186
734000,0.010,0.824,0.166
734500,0.010,0.769,0.221
735000,0.010,0.690,0.300
735500,0.010,0.683,0.306
736000,0.010,0.645,0.345
736500,0.010,0.635,0.355
737000,0.010,0.645,0.345
737500,0.010,0.701,0.289
738000,0.010,0.643,0.347
738500,0.010,0.697,0.293
739000,0.010,0.767,0.223
739500,0.010,0.748,0.242
740000,0.010,0.812,0.178
740500,0.010,0.788,0.202
741000,0.010,0.777,0.213
741500,0.010,0.721,0.269
742000,0.010,0.679,0.310
742500,0.010,0.677,0.313
743000,0.010,0.765,0.225
743500,0.010,0.704,0.286
744000,0.010,0.664,0.326
744500,0.010,0.732,0.258
745000,0.010,0.746,0.244
745500,0.010,0.709,0.281
746000,0.010,0.686,0.303
746500,0.010,0.750,0.240
747000,0.010,0.774,0.216
747500,0.010,0.712,0.278
748000,0.010,0.654,0.336
748500,0.010,0.680,0.310
749000,0.010,0.695,0.295
749500,0.010,0.683,0.306
750000,0.010,0.780,0.210
750500,0.010,0.769,0.221
751000,0.010,0.807,0.182
751500,0.010,0.794,0.196
752000,0.010,0.826,0.164
752500,0.010,0.846,0.144
753000,0.010,0.809,0.180
753500,0.010,0.763,0.227
754000,0.010,0.779,0.211
754500,0.010,0.794,0.196
755000,0.010,0.780,0.210
755500,0.010,0.758,0.232
756000,0.010,0.730,0.260
756500,0.010,0.698,0.292
757000,0.010,0.726,0.264
757500,0.010,0.734,0.256
758000,0.010,0.797,0.193
758500,0.010,0.807,0.183
759000,0.010,0.825,0.165
759500,0.010,0.770,0.220
760000,0.010,0.738,0.252
760500,0.010,0.704,0.286
761000,0.010,0.680,0.309
761500,0.010,0.670,0.320
762000,0.010,0.680,0.310
762500,0.010,0.714,0.276
763000,0.010,0.737,0.253
763500,0.010,0.696,0.294
764000,0.010,0.716,0.274
764500,0.010,0.657,0.333
765000,0.010,0.711,0.279
765500,0.010,0.704,0.286
766000,0.010,0.714,0.276
766500,0.010,0.671,0.319
767000,0.010,0.650,0.340
767500,0.010,0.740,0.250
768000,0.010,0.789,0.201
768500,0.010,0.781,0.209
769000,0.010,0.805,0.185
769500,0.010,0.762,0.228
770000,0.010,0.740,0.250
770500,0.010,0.665,0.325
771000,0.010,0.650,0.340
771500,0.010,0.709,0.281
772000,0.010,0.721,0.269
772500,0.010,0.758,0.232
773000,0.010,0.753,0.237
773500,0.010,0.747,0.243
774000,0.010,0.676,0.314
774500,0.010,0.692,0.298
775000,0.010,0.636,0.354
775500,0.010,0.667,0.323
776000,0.010,0.683,0.306
776500,0.010,0.640,0.350
777000,0.010,0.623,0.367
777500,0.010,0.570,0.420
778000,0.010,0.650,0.340
778500,0.010,0.632,0.358
779000,0.010,0.642,0.348
779500,0.010,0.700,0.290
780000,0.010,0.755,0.235
780500,0.010,0.673,0.317
781000,0.010,0.650,0.340
781500,0.010,0.734,0.256
782000,0.010,0.742,0.248
782500,0.010,0.729,0.261
783000,0.010,0.677,0.313
783500,0.010,0.677,0.312
784000,0.010,0.695,0.295
784500,0.010,0.702,0.288
785000,0.010,0.699,0.291
785500,0.010,0.649,0.341
786000,0.010,0.647,0.343
786500,0.010,0.628,0.362
787000,0.010,0.724,0.266
787500,0.010,0.658,0.332
788000,0.010,0.684,0.305
788500,0.010,0.667,0.323
789000,0.010,0.680,0.309
789500,0.010,0.625,0.365
790000,0.010,0.622,0.368
790500,0.010,0.647,0.343
791000,0.010,0.604,0.386
791500,0.010,0.605,0.385
792000,0.010,0.626,0.364
792500,0.010,0.675,0.315
793000,0.010,0.695,0.295
793500,0.010,0.760,0.230
794000,0.010,0.739,0.251
794500,0.010,0.796,0.194
795000,0.010,0.777,0.213
795500,0.010,0.807,0.182
796000,0.010,0.767,0.223
796500,0.010,0.754,0.236
797000,0.010,0.783,0.207
797500,0.010,0.762,0.228
798000,0.010,0.764,0.226
798500,0.010,0.773,0.217
799000,0.010,0.764,0.226
799500,0.010,0.755,0.235
800000,0.010,0.770,0.220
800500,0.010,0.718,0.272
801000,0.010,0.728,0.262
801500,0.010,0.816,0.174
802000,0.010,0.825,0.165
802500,0.010,0.773,0.217
803000,0.010,0.809,0.180
803500,0.010,0.777,0.213
804000,0.010,0.825,0.165
804500,0.010,0.822,0.168
805000,0.010,0.762,0.228
805500,0.010,0.708,0.282
806000,0.010,0.713,0.277
806500,0.010,0.699,0.291
807000,0.010,0.752,0.238
807500,0.010,0.742,0.248
808000,0.010,0.726,0.264
808500,0.010,0.778,0.212
809000,0.010,0.807,0.183
809500,0.010,0.808,0.182
810000,0.010,0.811,0.178
810500,0.010,0.806,0.184
811000,0.010,0.769,0.221
811500,0.010,0.787,0.203
812000,0.010,0.821,0.169
812500,0.010,0.796,0.194
813000,0.010,0.793,0.197
813500,0.010,0.715,0.275
814000,0.010,0.718,0.272
814500,0.010,0.729,0.261
815000,0.010,0.724,0.266
815500,0.010,0.757,0.233
816000,0.010,0.759,0.231
816500,0.010,0.684,0.306
817000,0.010,0.638,0.352
817500,0.010,0.658,0.332
818000,0.010,0.695,0.295
818500,0.010,0.718,0.272
819000,0.010,0.703,0.287
819500,0.010,0.735,0.255
820000,0.010,0.722,0.268
820500,0.010,0.688,0.302
821000,0.010,0.680,0.310
821500,0.010,0.691,0.299
822000,0.010,0.672,0.318
822500,0.010,0.733,0.257
823000,0.010,0.757,0.233
823500,0.010,0.714,0.276
824000,0.010,0.664,0.326
824500,0.010,0.640,0.350
825000,0.010,0.668,0.322
825500,0.010,0.666,0.324
826000,0.010,0.668,0.322
826500,0.010,0.603,0.387
827000,0.010,0.669,0.321
827500,0.010,0.692,0.298
828000,0.010,0.705,0.285
828500,0.010,0.709,0.281
829000,0.010,0.700,0.290
829500,0.010,0.688,0.302
830000,0.010,0.711,0.279
830500,0.010,0.684,0.305
831000,0.010,0.712,0.278
831500,0.010,0.669,0.321
832000,0.010,0.676,0.314
832500,0.010,0.712,0.278
833000,0.010,0.719,0.271
833500,0.010,0.792,0.198
834000,0.010,0.788,0.202
834500,0.010,0.830,0.160
835000,0.010,0.840,0.150
835500,0.010,0.759,0.231
836000,0.010,0.738,0.252
836500,0.010,0.711,0.279
837000,0.010,0.693,0.297
837500,0.010,0.679,0.310
838000,0.010,0.669,0.321
838500,0.010,0.668,0.322
839000,0.010,0.640,0.350
839500,0.010,0.721,0.269
840000,0.010,0.661,0.329
840500,0.010,0.740,0.250
841000,0.010,0.727,0.263
841500,0.010,0.742,0.248
842000,0.010,0.691,0.299
842500,0.010,0.617,0.373
843000,0.010,0.657,0.333
843500,0.010,0.650,0.340
844000,0.010,0.719,0.271
844500,0.010,0.752,0.238
845000,0.010,0.692,0.298
845500,0.010,0.693,0.297
846000,0.010,0.692,0.298
846500,0.010,0.667,0.323
847000,0.010,0.675,0.315
847500,0.010,0.657,0.333
848000,0.010,0.617,0.373
848500,0.010,0.648,0.342
849000,0.010,0.634,0.356
849500,0.010,0.677,0.312
850000,0.010,0.742,0.248
850500,0.010,0.790,0.200
851000,0.010,0.767,0.223
851500,0.010,0.744,0.246
852000,0.010,0.721,0.269
852500,0.010,0.709,0.281
853000,0.010,0.658,0.332
853500,0.010,0.677,0.312
854000,0.010,0.692,0.298
854500,0.010,0.680,0.310
855000,0.010,0.700,0.290
855500,0.010,0.734,0.256
856000,0.010,0.722,0.268
856500,0.010,0.757,0.233
857000,0.010,0.766,0.224
857500,0.010,0.692,0.298
858000,0.010,0.792,0.198
858500,0.010,0.797,0.193
859000,0.010,0.810,0.180
859500,0.010,0.788,0.202
860000,0.010,0.809,0.181
860500,0.010,0.797,0.193
861000,0.010,0.715,0.275
861500,0.010,0.631,0.359
862000,0.010,0.629,0.361
862500,0.010,0.610,0.380
863000,0.010,0.607,0.383
863500,0.010,0.608,0.382
864000,0.010,0.692,0.298
864500,0.010,0.676,0.314
865000,0.010,0.652,0.338
865500,0.010,0.650,0.340
866000,0.010,0.638,0.352
866500,0.010,0.716,0.274
867000,0.010,0.703,0.287
867500,0.010,0.710,0.280
868000,0.010,0.774,0.216
868500,0.010,0.726,0.264
869000,0.010,0.629,0.361
869500,0.010,0.599,0.391
870000,0.010,0.688,0.302
870500,0.010,0.667,0.323
871000,0.010,0.695,0.295
871500,0.010,0.713,0.277
872000,0.010,0.648,0.342
872500,0.010,0.639,0.351
873000,0.010,0.653,0.337
873500,0.010,0.690,0.300
874000,0.010,0.657,0.333
874500,0.010,0.747,0.243
875000,0.010,0.700,0.290
875500,0.010,0.691,0.299
876000,0.010,0.614,0.376
876500,0.010,0.625,0.365
877000,0.010,0.649,0.341
877500,0.010,0.671,0.319
878000,0.010,0.692,0.298
878500,0.010,0.686,0.303
879000,0.010,0.695,0.295
879500,0.010,0.647,0.343
880000,0.010,0.617,0.373
880500,0.010,0.634,0.356
881000,0.010,0.618,0.372
881500,0.010,0.638,0.352
882000,0.010,0.660,0.330
882500,0.010,0.731,0.259
883000,0.010,0.735,0.255
883500,0.010,0.776,0.214
884000,0.010,0.771,0.219
884500,0.010,0.779,0.211
885000,0.010,0.765,0.225
885500,0.010,0.777,0.213
886000,0.010,0.727,0.263
886500,0.010,0.655,0.335
887000,0.010,0.629,0.361
887500,0.010,0.728,0.262
888000,0.010,0.673,0.317
888500,0.010,0.728,0.262
889000,0.010,0.683,0.307
889500,0.010,0.745,0.245
890000,0.010,0.622,0.368
890500,0.010,0.661,0.329
891000,0.010,0.646,0.344
891500,0.010,0.746,0.244
892000,0.010,0.756,0.234
892500,0.010,0.778,0.212
893000,0.010,0.809,0.180
893500,0.010,0.806,0.183
894000,0.010,0.768,0.222
894500,0.010,0.740,0.250
895000,0.010,0.656,0.334
895500,0.010,0.648,0.342
896000,0.010,0.679,0.311
896500,0.010,0.704,0.286
897000,0.010,0.712,0.278
897500,0.010,0.710,0.280
898000,0.010,0.739,0.251
898500,0.010,0.718,0.272
899000,0.010,0.720,0.270
899500,0.010,0.722,0.268
900000,0.010,0.725,0.265
900500,0.010,0.704,0.286
901000,0.010,0.651,0.339
901500,0.010,0.624,0.366
902000,0.010,0.703,0.287
902500,0.010,0.694,0.296
903000,0.010,0.815,0.175
903500,0.010,0.874,0.116
904000,0.010,0.850,0.140
904500,0.010,0.838,0.152
905000,0.010,0.822,0.168
905500,0.010,0.765,0.225
906000,0.010,0.790,0.200
906500,0.010,0.789,0.201
907000,0.010,0.741,0.249
907500,0.010,0.737,0.253
908000,0.010,0.765,0.225
908500,0.010,0.738,0.252
909000,0.010,0.705,0.285
909500,0.010,0.737,0.253
910000,0.010,0.659,0.331
910500,0.010,0.741,0.249
911000,0.010,0.771,0.219
911500,0.010,0.736,0.254
912000,0.010,0.807,0.182
912500,0.010,0.742,0.248
913000,0.010,0.699,0.291
913500,0.010,0.614,0.376
914000,0.010,0.608,0.382
914500,0.010,0.628,0.362
915000,0.010,0.685,0.304
915500,0.010,0.581,0.409
916000,0.010,0.662,0.328
916500,0.010,0.657,0.333
917000,0.010,0.653,0.337
917500,0.010,0.652,0.338
918000,0.010,0.640,0.350
918500,0.010,0.648,0.342
919000,0.010,0.695,0.295
919500,0.010,0.674,0.316
920000,0.010,0.715,0.275
920500,0.010,0.733,0.257
921000,0.010,0.632,0.358
921500,0.010,0.628,0.362
922000,0.010,0.661,0.329
922500,0.010,0.659,0.331
923000,0.010,0.648,0.342
923500,0.010,0.678,0.311
924000,0.010,0.685,0.304
924500,0.010,0.613,0.377
925000,0.010,0.681,0.309
925500,0.010,0.676,0.314
926000,0.010,0.702,0.288
926500,0.010,0.727,0.263
927000,0.010,0.734,0.256
927500,0.010,0.729,0.261
928000,0.010,0.742,0.248
928500,0.010,0.766,0.224
929000,0.010,0.769,0.221
929500,0.010,0.625,0.365
930000,0.010,0.588,0.402
930500,0.010,0.618,0.372
931000,0.010,0.708,0.282
931500,0.010,0.711,0.279
932000,0.010,0.762,0.228
932500,0.010,0.776,0.214
933000,0.010,0.718,0.272
933500,0.010,0.744,0.246
934000,0.010,0.736,0.254
934500,0.010,0.809,0.180
935000,0.010,0.756,0.234
935500,0.010,0.709,0.281
936000,0.010,0.691,0.299
936500,0.010,0.634,0.356
937000,0.010,0.698,0.292
937500,0.010,0.708,0.282
938000,0.010,0.786,0.204
938500,0.010,0.759,0.231
939000,0.010,0.772,0.218
939500,0.010,0.786,0.204
940000,0.010,0.727,0.263
940500,0.010,0.710,0.280
941000,0.010,0.694,0.296
941500,0.010,0.715,0.275
942000,0.010,0.708,0.282
942500,0.010,0.714,0.276
943000,0.010,0.728,0.262
943500,0.010,0.697,0.293
944000,0.010,0.669,0.321
944500,0.010,0.710,0.280
945000,0.010,0.669,0.321
945500,0.010,0.680,0.310
946000,0.010,0.672,0.318
946500,0.010,0.690,0.300
947000,0.010,0.700,0.290
947500,0.010,0.758,0.232
948000,0.010,0.772,0.218
948500,0.010,0.783,0.207
949000,0.010,0.748,0.242
949500,0.010,0.719,0.271
950000,0.010,0.736,0.254
950500,0.010,0.737,0.253
951000,0.010,0.715,0.275
951500,0.010,0.772,0.218
952000,0.010,0.724,0.266
952500,0.010,0.682,0.307
953000,0.010,0.705,0.285
953500,0.010,0.734,0.256
954000,0.010,0.789,0.201
954500,0.010,0.720,0.270
955000,0.010,0.750,0.240
955500,0.010,0.733,0.257
956000,0.010,0.693,0.297
956500,0.010,0.703,0.287
957000,0.010,0.752,0.238
957500,0.010,0.794,0.196
958000,0.010,0.778,0.212
958500,0.010,0.801,0.189
959000,0.010,0.790,0.200
959500,0.010,0.798,0.192
960000,0.010,0.799,0.191
960500,0.010,0.827,0.163
961000,0.010,0.780,0.210
961500,0.010,0.691,0.299
962000,0.010,0.749,0.241
962500,0.010,0.736,0.254
963000,0.010,0.762,0.228
963500,0.010,0.755,0.235
964000,0.010,0.711,0.279
964500,0.010,0.758,0.232
965000,0.010,0.753,0.237
965500,0.010,0.788,0.202
966000,0.010,0.764,0.226
966500,0.010,0.721,0.269
967000,0.010,0.781,0.209
967500,0.010,0.796,0.194
968000,0.010,0.764,0.226
968500,0.010,0.708,0.282
969000,0.010,0.748,0.242
969500,0.010,0.703,0.287
970000,0.010,0.667,0.323
970500,0.010,0.699,0.291
971000,0.010,0.695,0.295
971500,0.010,0.671,0.319
972000,0.010,0.672,0.318
972500,0.010,0.687,0.303
973000,0.010,0.669,0.321
973500,0.010,0.654,0.336
974000,0.010,0.686,0.304
974500,0.010,0.724,0.266
975000,0.010,0.701,0.289
975500,0.010,0.715,0.275
976000,0.010,0.646,0.344
976500,0.010,0.657,0.333
977000,0.010,0.689,0.301
977500,0.010,0.729,0.261
978000,0.010,0.712,0.278
978500,0.010,0.697,0.293
979000,0.010,0.714,0.276
979500,0.010,0.729,0.261
980000,0.010,0.709,0.281
980500,0.010,0.698,0.292
981000,0.010,0.745,0.245
981500,0.010,0.730,0.260
982000,0.010,0.742,0.248
982500,0.010,0.785,0.205
983000,0.010,0.755,0.235
983500,0.010,0.704,0.286
984000,0.010,0.735,0.255
984500,0.010,0.755,0.235
985000,0.010,0.762,0.228
985500,0.010,0.693,0.297
986000,0.010,0.720,0.270
986500,0.010,0.747,0.243
987000,0.010,0.717,0.273
987500,0.010,0.682,0.308
988000,0.010,0.754,0.236
988500,0.010,0.758,0.232
989000,0.010,0.718,0.272
989500,0.010,0.723,0.267
990000,0.010,0.704,0.286
990500,0.010,0.701,0.289
991000,0.010,0.686,0.304
991500,0.010,0.682,0.307
992000,0.010,0.654,0.336
992500,0.010,0.617,0.373
993000,0.010,0.683,0.307
993500,0.010,0.718,0.272
994000,0.010,0.698,0.292
994500,0.010,0.678,0.311
995000,0.010,0.764,0.226
995500,0.010,0.733,0.257
996000,0.010,0.725,0.265
996500,0.010,0.739,0.251
997000,0.010,0.699,0.291
997500,0.010,0.685,0.305
998000,0.010,0.670,0.320
998500,0.010,0.705,0.285
999000,0.010,0.711,0.279
999500,0.010,0.738,0.252
1000000,0.010,0.768,0.222
