time,n_A+p,n_B,n_AB
500,0.030,0.827,0.143
1000,0.030,0.740,0.230
1500,0.030,0.749,0.221
2000,0.030,0.750,0.220
2500,0.030,0.794,0.176
3000,0.030,0.785,0.184
3500,0.030,0.619,0.351
4000,0.030,0.610,0.360
4500,0.030,0.720,0.250
5000,0.030,0.767,0.203
5500,0.030,0.750,0.220
6000,0.030,0.719,0.251
6500,0.030,0.778,0.192
7000,0.030,0.828,0.142
7500,0.030,0.805,0.165
8000,0.030,0.791,0.179
8500,0.030,0.767,0.203
9000,0.030,0.745,0.225
9500,0.030,0.815,0.155
10000,0.030,0.803,0.167
10500,0.030,0.780,0.190
11000,0.030,0.818,0.152
11500,0.030,0.768,0.202
12000,0.030,0.825,0.145
12500,0.030,0.763,0.207
13000,0.030,0.717,0.253
13500,0.030,0.749,0.221
14000,0.030,0.795,0.175
14500,0.030,0.782,0.188
15000,0.030,0.776,0.194
15500,0.030,0.744,0.226
16000,0.030,0.723,0.247
16500,0.030,0.747,0.223
17000,0.030,0.727,0.243
17500,0.030,0.722,0.248
18000,0.030,0.730,0.240
18500,0.030,0.700,0.270
19000,0.030,0.711,0.259
19500,0.030,0.653,0.317
20000,0.030,0.589,0.381
20500,0.030,0.623,0.347
21000,0.030,0.685,0.285
21500,0.030,0.692,0.278
22000,0.030,0.736,0.234
22500,0.030,0.768,0.202
23000,0.030,0.737,0.233
23500,0.030,0.771,0.199
24000,0.030,0.646,0.324
24500,0.030,0.706,0.264
25000,0.030,0.660,0.309
25500,0.030,0.722,0.248
26000,0.030,0.779,0.191
26500,0.030,0.820,0.150
27000,0.030,0.822,0.148
27500,0.030,0.849,0.121
28000,0.030,0.784,0.185
28500,0.030,0.717,0.253
29000,0.030,0.754,0.216
29500,0.030,0.709,0.261
30000,0.030,0.753,0.217
30500,0.030,0.714,0.256
31000,0.030,0.657,0.313
31500,0.030,0.694,0.276
32000,0.030,0.680,0.290
32500,0.030,0.772,0.198
33000,0.030,0.732,0.238
33500,0.030,0.760,0.210
34000,0.030,0.721,0.249
34500,0.030,0.763,0.207
35000,0.030,0.633,0.337
35500,0.030,0.645,0.325
36000,0.030,0.636,0.334
36500,0.030,0.650,0.320
37000,0.030,0.749,0.221
37500,0.030,0.732,0.238
38000,0.030,0.635,0.335
38500,0.030,0.694,0.276
39000,0.030,0.725,0.245
39500,0.030,0.730,0.240
40000,0.030,0.648,0.322
40500,0.030,0.656,0.314
41000,0.030,0.715,0.255
41500,0.030,0.689,0.281
42000,0.030,0.784,0.186
42500,0.030,0.742,0.228
43000,0.030,0.756,0.214
43500,0.030,0.714,0.256
44000,0.030,0.710,0.260
44500,0.030,0.677,0.293
45000,0.030,0.663,0.306
45500,0.030,0.736,0.234
46000,0.030,0.738,0.232
46500,0.030,0.695,0.275
47000,0.030,0.694,0.276
47500,0.030,0.748,0.222
48000,0.030,0.741,0.229
48500,0.030,0.716,0.254
49000,0.030,0.742,0.228
49500,0.030,0.661,0.308
50000,0.030,0.679,0.291
50500,0.030,0.718,0.252
51000,0.030,0.706,0.264
51500,0.030,0.687,0.283
52000,0.030,0.639,0.331
52500,0.030,0.642,0.328
53000,0.030,0.694,0.276
53500,0.030,0.691,0.279
54000,0.030,0.835,0.135
54500,0.030,0.781,0.189
55000,0.030,0.823,0.147
55500,0.030,0.791,0.178
56000,0.030,0.838,0.132
56500,0.030,0.750,0.220
57000,0.030,0.655,0.315
57500,0.030,0.727,0.243
58000,0.030,0.747,0.223
58500,0.030,0.762,0.208
59000,0.030,0.765,0.205
59500,0.030,0.687,0.283
60000,0.030,0.668,0.301
60500,0.030,0.721,0.249
61000,0.030,0.734,0.236
61500,0.030,0.703,0.267
62000,0.030,0.769,0.201
62500,0.030,0.700,0.270
63000,0.030,0.762,0.208
63500,0.030,0.730,0.240
64000,0.030,0.718,0.252
64500,0.030,0.651,0.319
65000,0.030,0.736,0.234
65500,0.030,0.718,0.252
66000,0.030,0.699,0.271
66500,0.030,0.779,0.191
67000,0.030,0.712,0.258
67500,0.030,0.655,0.315
68000,0.030,0.718,0.252
68500,0.030,0.798,0.172
69000,0.030,0.733,0.237
69500,0.030,0.714,0.256
70000,0.030,0.707,0.263
70500,0.030,0.649,0.321
71000,0.030,0.733,0.237
71500,0.030,0.769,0.201
72000,0.030,0.792,0.178
72500,0.030,0.837,0.133
73000,0.030,0.729,0.241
73500,0.030,0.756,0.214
74000,0.030,0.709,0.261
74500,0.030,0.692,0.278
75000,0.030,0.704,0.266
75500,0.030,0.737,0.233
76000,0.030,0.604,0.366
76500,0.030,0.669,0.300
77000,0.030,0.723,0.247
77500,0.030,0.624,0.346
78000,0.030,0.770,0.200
78500,0.030,0.747,0.223
79000,0.030,0.737,0.233
79500,0.030,0.721,0.249
80000,0.030,0.718,0.252
80500,0.030,0.703,0.267
81000,0.030,0.685,0.285
81500,0.030,0.763,0.207
82000,0.030,0.704,0.266
82500,0.030,0.727,0.243
83000,0.030,0.706,0.264
83500,0.030,0.741,0.229
84000,0.030,0.757,0.213
84500,0.030,0.810,0.160
85000,0.030,0.775,0.195
85500,0.030,0.842,0.128
86000,0.030,0.752,0.218
86500,0.030,0.757,0.213
87000,0.030,0.777,0.193
87500,0.030,0.775,0.195
88000,0.030,0.716,0.254
88500,0.030,0.671,0.299
89000,0.030,0.706,0.264
89500,0.030,0.710,0.260
90000,0.030,0.706,0.264
90500,0.030,0.669,0.300
91000,0.030,0.717,0.253
91500,0.030,0.679,0.290
92000,0.030,0.733,0.237
92500,0.030,0.678,0.291
93000,0.030,0.666,0.303
93500,0.030,0.671,0.299
94000,0.030,0.718,0.252
94500,0.030,0.668,0.302
95000,0.030,0.644,0.326
95500,0.030,0.677,0.293
96000,0.030,0.783,0.186
96500,0.030,0.763,0.207
97000,0.030,0.685,0.284
97500,0.030,0.715,0.255
98000,0.030,0.684,0.285
98500,0.030,0.677,0.293
99000,0.030,0.734,0.236
99500,0.030,0.799,0.170
100000,0.030,0.750,0.220
100500,0.030,0.727,0.243
101000,0.030,0.652,0.318
101500,0.030,0.711,0.259
102000,0.030,0.749,0.221
102500,0.030,0.657,0.312
103000,0.030,0.742,0.228
103500,0.030,0.657,0.313
104000,0.030,0.750,0.220
104500,0.030,0.752,0.218
105000,0.030,0.622,0.348
105500,0.030,0.676,0.294
106000,0.030,0.691,0.279
106500,0.030,0.697,0.273
107000,0.030,0.712,0.258
107500,0.030,0.705,0.265
108000,0.030,0.739,0.231
108500,0.030,0.641,0.329
109000,0.030,0.704,0.266
109500,0.030,0.698,0.272
110000,0.030,0.649,0.321
110500,0.030,0.710,0.260
111000,0.030,0.801,0.169
111500,0.030,0.756,0.214
112000,0.030,0.771,0.199
112500,0.030,0.787,0.182
113000,0.030,0.782,0.188
113500,0.030,0.735,0.235
114000,0.030,0.696,0.274
114500,0.030,0.629,0.341
115000,0.030,0.666,0.304
115500,0.030,0.748,0.222
116000,0.030,0.694,0.276
116500,0.030,0.763,0.207
117000,0.030,0.819,0.151
117500,0.030,0.761,0.209
118000,0.030,0.782,0.188
118500,0.030,0.738,0.232
119000,0.030,0.813,0.157
119500,0.030,0.685,0.284
120000,0.030,0.623,0.347
120500,0.030,0.679,0.291
121000,0.030,0.646,0.324
121500,0.030,0.675,0.295
122000,0.030,0.709,0.261
122500,0.030,0.707,0.263
123000,0.030,0.660,0.309
123500,0.030,0.727,0.243
124000,0.030,0.746,0.224
124500,0.030,0.688,0.282
125000,0.030,0.662,0.308
125500,0.030,0.665,0.304
126000,0.030,0.714,0.256
126500,0.030,0.743,0.227
127000,0.030,0.700,0.270
127500,0.030,0.709,0.261
128000,0.030,0.722,0.248
128500,0.030,0.766,0.204
129000,0.030,0.745,0.225
129500,0.030,0.720,0.250
130000,0.030,0.762,0.208
130500,0.030,0.766,0.204
131000,0.030,0.670,0.300
131500,0.030,0.645,0.325
132000,0.030,0.649,0.321
132500,0.030,0.683,0.287
133000,0.030,0.726,0.244
133500,0.030,0.699,0.271
134000,0.030,0.726,0.244
134500,0.030,0.750,0.220
135000,0.030,0.707,0.263
135500,0.030,0.760,0.210
136000,0.030,0.730,0.240
136500,0.030,0.716,0.254
137000,0.030,0.712,0.258
137500,0.030,0.699,0.271
138000,0.030,0.613,0.357
138500,0.030,0.713,0.257
139000,0.030,0.655,0.315
139500,0.030,0.636,0.334
140000,0.030,0.625,0.345
140500,0.030,0.655,0.315
141000,0.030,0.700,0.270
141500,0.030,0.679,0.291
142000,0.030,0.763,0.207
142500,0.030,0.633,0.337
143000,0.030,0.623,0.347
143500,0.030,0.783,0.186
144000,0.030,0.698,0.272
144500,0.030,0.688,0.282
145000,0.030,0.776,0.194
145500,0.030,0.833,0.137
146000,0.030,0.737,0.233
146500,0.030,0.827,0.143
147000,0.030,0.737,0.233
147500,0.030,0.738,0.232
148000,0.030,0.738,0.232
148500,0.030,0.647,0.323
149000,0.030,0.648,0.322
149500,0.030,0.674,0.295
150000,0.030,0.684,0.285
150500,0.030,0.641,0.329
151000,0.030,0.667,0.303
151500,0.030,0.704,0.266
152000,0.030,0.740,0.230
152500,0.030,0.605,0.365
153000,0.030,0.589,0.381
153500,0.030,0.585,0.385
154000,0.030,0.714,0.256
154500,0.030,0.636,0.334
155000,0.030,0.621,0.349
155500,0.030,0.754,0.216
156000,0.030,0.707,0.263
156500,0.030,0.805,0.164
157000,0.030,0.749,0.221
157500,0.030,0.744,0.226
158000,0.030,0.743,0.227
158500,0.030,0.802,0.168
159000,0.030,0.651,0.319
159500,0.030,0.686,0.284
160000,0.030,0.771,0.199
160500,0.030,0.739,0.231
161000,0.030,0.731,0.239
161500,0.030,0.762,0.208
162000,0.030,0.636,0.334
162500,0.030,0.664,0.306
163000,0.030,0.688,0.282
163500,0.030,0.656,0.314
164000,0.030,0.708,0.262
164500,0.030,0.755,0.215
165000,0.030,0.728,0.242
165500,0.030,0.714,0.256
166000,0.030,0.738,0.232
166500,0.030,0.815,0.155
167000,0.030,0.756,0.214
167500,0.030,0.785,0.184
168000,0.030,0.750,0.220
168500,0.030,0.756,0.214
169000,0.030,0.713,0.257
169500,0.030,0.737,0.233
170000,0.030,0.779,0.191
170500,0.030,0.626,0.344
171000,0.030,0.593,0.377
171500,0.030,0.633,0.337
172000,0.030,0.700,0.270
172500,0.030,0.666,0.304
173000,0.030,0.684,0.286
173500,0.030,0.697,0.273
174000,0.030,0.694,0.276
174500,0.030,0.708,0.262
175000,0.030,0.711,0.259
175500,0.030,0.776,0.194
176000,0.030,0.749,0.221
176500,0.030,0.790,0.180
177000,0.030,0.743,0.227
177500,0.030,0.771,0.199
178000,0.030,0.738,0.232
178500,0.030,0.797,0.172
179000,0.030,0.778,0.192
179500,0.030,0.753,0.217
180000,0.030,0.721,0.249
180500,0.030,0.759,0.211
181000,0.030,0.704,0.266
181500,0.030,0.642,0.328
182000,0.030,0.707,0.263
182500,0.030,0.732,0.238
183000,0.030,0.704,0.266
183500,0.030,0.740,0.230
184000,0.030,0.715,0.255
184500,0.030,0.723,0.247
185000,0.030,0.782,0.188
185500,0.030,0.749,0.221
186000,0.030,0.699,0.271
186500,0.030,0.604,0.366
187000,0.030,0.675,0.294
187500,0.030,0.593,0.377
188000,0.030,0.699,0.271
188500,0.030,0.745,0.225
189000,0.030,0.733,0.237
189500,0.030,0.726,0.244
190000,0.030,0.672,0.298
190500,0.030,0.696,0.274
191000,0.030,0.755,0.215
191500,0.030,0.736,0.234
192000,0.030,0.777,0.193
192500,0.030,0.716,0.254
193000,0.030,0.749,0.221
193500,0.030,0.708,0.262
194000,0.030,0.719,0.251
194500,0.030,0.767,0.203
195000,0.030,0.769,0.201
195500,0.030,0.733,0.237
196000,0.030,0.761,0.209
196500,0.030,0.792,0.178
197000,0.030,0.751,0.219
197500,0.030,0.828,0.142
198000,0.030,0.739,0.231
198500,0.030,0.735,0.235
199000,0.030,0.697,0.273
199500,0.030,0.686,0.283
200000,0.030,0.683,0.286
200500,0.030,0.708,0.262
201000,0.030,0.727,0.243
201500,0.030,0.686,0.284
202000,0.030,0.660,0.310
202500,0.030,0.656,0.314
203000,0.030,0.673,0.296
203500,0.030,0.637,0.333
204000,0.030,0.734,0.236
204500,0.030,0.764,0.206
205000,0.030,0.770,0.200
205500,0.030,0.743,0.227
206000,0.030,0.768,0.202
206500,0.030,0.719,0.251
207000,0.030,0.674,0.295
207500,0.030,0.676,0.293
208000,0.030,0.673,0.296
208500,0.030,0.693,0.277
209000,0.030,0.682,0.288
209500,0.030,0.677,0.292
210000,0.030,0.664,0.306
210500,0.030,0.732,0.238
211000,0.030,0.722,0.248
211500,0.030,0.671,0.298
212000,0.030,0.681,0.288
212500,0.030,0.727,0.243
213000,0.030,0.835,0.135
213500,0.030,0.800,0.169
214000,0.030,0.743,0.227
214500,0.030,0.702,0.268
215000,0.030,0.720,0.250
215500,0.030,0.706,0.264
216000,0.030,0.676,0.294
216500,0.030,0.722,0.248
217000,0.030,0.686,0.284
217500,0.030,0.731,0.239
218000,0.030,0.720,0.250
218500,0.030,0.774,0.196
219000,0.030,0.819,0.151
219500,0.030,0.725,0.245
220000,0.030,0.775,0.195
220500,0.030,0.826,0.144
221000,0.030,0.790,0.180
221500,0.030,0.672,0.298
222000,0.030,0.719,0.251
222500,0.030,0.798,0.171
223000,0.030,0.741,0.229
223500,0.030,0.737,0.233
224000,0.030,0.736,0.234
224500,0.030,0.654,0.316
225000,0.030,0.743,0.227
225500,0.030,0.759,0.211
226000,0.030,0.797,0.173
226500,0.030,0.802,0.168
227000,0.030,0.817,0.153
227500,0.030,0.747,0.223
228000,0.030,0.782,0.188
228500,0.030,0.805,0.165
229000,0.030,0.700,0.270
229500,0.030,0.825,0.145
230000,0.030,0.765,0.205
230500,0.030,0.745,0.225
231000,0.030,0.711,0.259
231500,0.030,0.738,0.232
232000,0.030,0.727,0.243
232500,0.030,0.670,0.300
233000,0.030,0.658,0.312
233500,0.030,0.702,0.268
234000,0.030,0.650,0.320
234500,0.030,0.578,0.392
235000,0.030,0.691,0.279
235500,0.030,0.755,0.215
236000,0.030,0.736,0.234
236500,0.030,0.703,0.267
237000,0.030,0.738,0.232
237500,0.030,0.706,0.264
238000,0.030,0.695,0.275
238500,0.030,0.671,0.298
239000,0.030,0.762,0.208
239500,0.030,0.713,0.257
240000,0.030,0.765,0.205
240500,0.030,0.750,0.220
241000,0.030,0.727,0.243
241500,0.030,0.682,0.287
242000,0.030,0.582,0.388
242500,0.030,0.689,0.281
243000,0.030,0.686,0.283
243500,0.030,0.707,0.263
244000,0.030,0.788,0.182
244500,0.030,0.729,0.241
245000,0.030,0.700,0.270
245500,0.030,0.788,0.182
246000,0.030,0.712,0.258
246500,0.030,0.699,0.271
247000,0.030,0.737,0.233
247500,0.030,0.642,0.328
248000,0.030,0.659,0.310
248500,0.030,0.674,0.295
249000,0.030,0.708,0.262
249500,0.030,0.783,0.187
250000,0.030,0.751,0.219
250500,0.030,0.749,0.221
251000,0.030,0.666,0.303
251500,0.030,0.679,0.290
252000,0.030,0.685,0.284
252500,0.030,0.739,0.231
253000,0.030,0.597,0.373
253500,0.030,0.727,0.243
254000,0.030,0.724,0.246
254500,0.030,0.640,0.330
255000,0.030,0.633,0.337
255500,0.030,0.570,0.400
256000,0.030,0.690,0.280
256500,0.030,0.678,0.292
257000,0.030,0.766,0.204
257500,0.030,0.709,0.261
258000,0.030,0.805,0.165
258500,0.030,0.822,0.148
259000,0.030,0.792,0.178
259500,0.030,0.747,0.223
260000,0.030,0.717,0.253
260500,0.030,0.789,0.181
261000,0.030,0.809,0.160
261500,0.030,0.777,0.193
262000,0.030,0.723,0.247
262500,0.030,0.769,0.201
263000,0.030,0.740,0.230
263500,0.030,0.664,0.306
264000,0.030,0.710,0.260
264500,0.030,0.668,0.302
265000,0.030,0.629,0.341
265500,0.030,0.738,0.232
266000,0.030,0.777,0.193
266500,0.030,0.718,0.252
267000,0.030,0.759,0.211
267500,0.030,0.723,0.247
268000,0.030,0.715,0.255
268500,0.030,0.747,0.223
269000,0.030,0.744,0.226
269500,0.030,0.639,0.331
270000,0.030,0.731,0.239
270500,0.030,0.726,0.244
271000,0.030,0.634,0.336
271500,0.030,0.698,0.272
272000,0.030,0.666,0.303
272500,0.030,0.663,0.307
273000,0.030,0.730,0.240
273500,0.030,0.751,0.219
274000,0.030,0.669,0.300
274500,0.030,0.747,0.223
275000,0.030,0.740,0.230
275500,0.030,0.691,0.279
276000,0.030,0.655,0.315
276500,0.030,0.646,0.324
277000,0.030,0.718,0.252
277500,0.030,0.804,0.165
278000,0.030,0.784,0.186
278500,0.030,0.750,0.220
279000,0.030,0.701,0.269
279500,0.030,0.654,0.316
280000,0.030,0.735,0.235
280500,0.030,0.800,0.170
281000,0.030,0.794,0.175
281500,0.030,0.695,0.275
282000,0.030,0.667,0.302
282500,0.030,0.686,0.284
283000,0.030,0.728,0.242
283500,0.030,0.757,0.213
284000,0.030,0.734,0.236
284500,0.030,0.763,0.207
285000,0.030,0.746,0.224
285500,0.030,0.769,0.201
286000,0.030,0.689,0.281
286500,0.030,0.730,0.240
287000,0.030,0.672,0.298
287500,0.030,0.678,0.291
288000,0.030,0.718,0.252
288500,0.030,0.752,0.218
289000,0.030,0.722,0.248
289500,0.030,0.691,0.279
290000,0.030,0.790,0.180
290500,0.030,0.767,0.203
291000,0.030,0.693,0.277
291500,0.030,0.767,0.203
292000,0.030,0.684,0.285
292500,0.030,0.734,0.236
293000,0.030,0.722,0.248
293500,0.030,0.742,0.228
294000,0.030,0.733,0.237
294500,0.030,0.812,0.158
295000,0.030,0.738,0.232
295500,0.030,0.714,0.256
296000,0.030,0.585,0.385
296500,0.030,0.664,0.306
297000,0.030,0.721,0.249
297500,0.030,0.741,0.229
298000,0.030,0.776,0.194
298500,0.030,0.708,0.262
299000,0.030,0.709,0.261
299500,0.030,0.725,0.245
300000,0.030,0.669,0.301
300500,0.030,0.564,0.406
301000,0.030,0.664,0.305
301500,0.030,0.674,0.296
302000,0.030,0.667,0.302
302500,0.030,0.712,0.258
303000,0.030,0.705,0.265
303500,0.030,0.806,0.164
304000,0.030,0.828,0.142
304500,0.030,0.789,0.180
305000,0.030,0.657,0.313
305500,0.030,0.737,0.233
306000,0.030,0.666,0.303
306500,0.030,0.664,0.306
307000,0.030,0.591,0.379
307500,0.030,0.619,0.351
308000,0.030,0.683,0.287
308500,0.030,0.695,0.275
309000,0.030,0.689,0.281
309500,0.030,0.675,0.294
310000,0.030,0.686,0.284
310500,0.030,0.689,0.281
311000,0.030,0.640,0.330
311500,0.030,0.672,0.297
312000,0.030,0.653,0.317
312500,0.030,0.627,0.343
313000,0.030,0.616,0.354
313500,0.030,0.642,0.328
314000,0.030,0.641,0.329
314500,0.030,0.791,0.179
315000,0.030,0.743,0.227
315500,0.030,0.641,0.329
316000,0.030,0.735,0.235
316500,0.030,0.666,0.304
317000,0.030,0.699,0.271
317500,0.030,0.667,0.303
318000,0.030,0.745,0.225
318500,0.030,0.788,0.181
319000,0.030,0.793,0.177
319500,0.030,0.729,0.241
320000,0.030,0.818,0.152
320500,0.030,0.712,0.258
321000,0.030,0.697,0.273
321500,0.030,0.758,0.212
322000,0.030,0.765,0.205
322500,0.030,0.758,0.212
323000,0.030,0.759,0.211
323500,0.030,0.758,0.212
324000,0.030,0.758,0.212
324500,0.030,0.707,0.263
325000,0.030,0.689,0.281
325500,0.030,0.675,0.294
326000,0.030,0.666,0.304
326500,0.030,0.744,0.226
327000,0.030,0.769,0.201
327500,0.030,0.784,0.186
328000,0.030,0.750,0.220
328500,0.030,0.682,0.287
329000,0.030,0.709,0.261
329500,0.030,0.674,0.296
330000,0.030,0.743,0.227
330500,0.030,0.763,0.207
331000,0.030,0.649,0.321
331500,0.030,0.681,0.289
332000,0.030,0.706,0.264
332500,0.030,0.721,0.249
333000,0.030,0.631,0.339
333500,0.030,0.708,0.262
334000,0.030,0.742,0.228
334500,0.030,0.777,0.193
335000,0.030,0.676,0.293
335500,0.030,0.647,0.323
336000,0.030,0.728,0.242
336500,0.030,0.673,0.296
337000,0.030,0.777,0.193
337500,0.030,0.696,0.274
338000,0.030,0.692,0.278
338500,0.030,0.660,0.309
339000,0.030,0.669,0.301
339500,0.030,0.680,0.289
340000,0.030,0.723,0.247
340500,0.030,0.716,0.254
341000,0.030,0.752,0.218
341500,0.030,0.818,0.152
342000,0.030,0.750,0.220
342500,0.030,0.719,0.251
343000,0.030,0.603,0.367
343500,0.030,0.620,0.350
344000,0.030,0.681,0.288
344500,0.030,0.682,0.287
345000,0.030,0.740,0.230
345500,0.030,0.680,0.290
346000,0.030,0.665,0.304
346500,0.030,0.628,0.342
347000,0.030,0.684,0.286
347500,0.030,0.732,0.238
348000,0.030,0.703,0.267
348500,0.030,0.752,0.218
349000,0.030,0.733,0.237
349500,0.030,0.687,0.283
350000,0.030,0.712,0.258
350500,0.030,0.745,0.225
351000,0.030,0.743,0.227
351500,0.030,0.790,0.179
352000,0.030,0.681,0.288
352500,0.030,0.725,0.245
353000,0.030,0.762,0.208
353500,0.030,0.700,0.270
354000,0.030,0.750,0.220
354500,0.030,0.733,0.237
355000,0.030,0.708,0.262
355500,0.030,0.698,0.272
356000,0.030,0.722,0.248
356500,0.030,0.753,0.217
357000,0.030,0.788,0.181
357500,0.030,0.818,0.152
358000,0.030,0.835,0.135
358500,0.030,0.827,0.143
359000,0.030,0.709,0.261
359500,0.030,0.749,0.221
360000,0.030,0.755,0.215
360500,0.030,0.759,0.211
361000,0.030,0.652,0.318
361500,0.030,0.752,0.218
362000,0.030,0.719,0.251
362500,0.030,0.812,0.157
363000,0.030,0.792,0.178
363500,0.030,0.855,0.115
364000,0.030,0.746,0.224
364500,0.030,0.694,0.276
365000,0.030,0.730,0.240
365500,0.030,0.766,0.204
366000,0.030,0.630,0.340
366500,0.030,0.657,0.313
367000,0.030,0.590,0.380
367500,0.030,0.632,0.338
368000,0.030,0.679,0.291
368500,0.030,0.669,0.300
369000,0.030,0.766,0.204
369500,0.030,0.746,0.224
370000,0.030,0.723,0.247
370500,0.030,0.739,0.231
371000,0.030,0.669,0.301
371500,0.030,0.691,0.279
372000,0.030,0.694,0.276
372500,0.030,0.756,0.214
373000,0.030,0.784,0.186
373500,0.030,0.761,0.209
374000,0.030,0.728,0.242
374500,0.030,0.679,0.291
375000,0.030,0.734,0.236
375500,0.030,0.785,0.184
376000,0.030,0.799,0.170
376500,0.030,0.794,0.176
377000,0.030,0.733,0.237
377500,0.030,0.747,0.223
378000,0.030,0.772,0.198
378500,0.030,0.794,0.175
379000,0.030,0.765,0.205
379500,0.030,0.775,0.195
380000,0.030,0.788,0.181
380500,0.030,0.786,0.184
381000,0.030,0.747,0.223
381500,0.030,0.847,0.123
382000,0.030,0.729,0.241
382500,0.030,0.715,0.255
383000,0.030,0.728,0.242
383500,0.030,0.741,0.229
384000,0.030,0.663,0.306
384500,0.030,0.649,0.321
385000,0.030,0.666,0.304
385500,0.030,0.724,0.246
386000,0.030,0.689,0.281
386500,0.030,0.680,0.289
387000,0.030,0.770,0.200
387500,0.030,0.722,0.248
388000,0.030,0.733,0.237
388500,0.030,0.698,0.272
389000,0.030,0.704,0.266
389500,0.030,0.699,0.271
390000,0.030,0.716,0.254
390500,0.030,0.721,0.249
391000,0.030,0.730,0.240
391500,0.030,0.672,0.297
392000,0.030,0.680,0.289
392500,0.030,0.663,0.307
393000,0.030,0.707,0.263
393500,0.030,0.802,0.168
394000,0.030,0.683,0.286
394500,0.030,0.718,0.252
395000,0.030,0.707,0.263
395500,0.030,0.660,0.310
396000,0.030,0.673,0.297
396500,0.030,0.720,0.250
397000,0.030,0.746,0.224
397500,0.030,0.661,0.309
398000,0.030,0.645,0.325
398500,0.030,0.722,0.248
399000,0.030,0.744,0.226
399500,0.030,0.763,0.207
400000,0.030,0.675,0.295
400500,0.030,0.676,0.293
401000,0.030,0.721,0.249
401500,0.030,0.711,0.259
402000,0.030,0.675,0.295
402500,0.030,0.723,0.247
403000,0.030,0.717,0.253
403500,0.030,0.687,0.283
404000,0.030,0.684,0.285
404500,0.030,0.661,0.309
405000,0.030,0.727,0.243
405500,0.030,0.786,0.184
406000,0.030,0.745,0.225
406500,0.030,0.667,0.302
407000,0.030,0.823,0.147
407500,0.030,0.782,0.188
408000,0.030,0.779,0.191
408500,0.030,0.621,0.349
409000,0.030,0.709,0.261
409500,0.030,0.697,0.273
410000,0.030,0.728,0.242
410500,0.030,0.761,0.209
411000,0.030,0.796,0.173
411500,0.030,0.697,0.273
412000,0.030,0.699,0.271
412500,0.030,0.713,0.257
413000,0.030,0.717,0.253
413500,0.030,0.744,0.226
414000,0.030,0.734,0.236
414500,0.030,0.718,0.252
415000,0.030,0.682,0.287
415500,0.030,0.755,0.215
416000,0.030,0.676,0.294
416500,0.030,0.651,0.319
417000,0.030,0.676,0.293
417500,0.030,0.703,0.267
418000,0.030,0.765,0.205
418500,0.030,0.730,0.240
419000,0.030,0.705,0.265
419500,0.030,0.735,0.235
420000,0.030,0.819,0.151
420500,0.030,0.766,0.204
421000,0.030,0.656,0.314
421500,0.030,0.759,0.211
422000,0.030,0.679,0.291
422500,0.030,0.742,0.228
423000,0.030,0.697,0.273
423500,0.030,0.606,0.364
424000,0.030,0.680,0.289
424500,0.030,0.649,0.321
425000,0.030,0.705,0.265
425500,0.030,0.662,0.307
426000,0.030,0.688,0.282
426500,0.030,0.733,0.237
427000,0.030,0.754,0.216
427500,0.030,0.631,0.339
428000,0.030,0.683,0.286
428500,0.030,0.784,0.186
429000,0.030,0.710,0.260
429500,0.030,0.646,0.324
430000,0.030,0.665,0.304
430500,0.030,0.679,0.290
431000,0.030,0.682,0.288
431500,0.030,0.756,0.214
432000,0.030,0.762,0.208
432500,0.030,0.721,0.249
433000,0.030,0.674,0.296
433500,0.030,0.705,0.265
434000,0.030,0.765,0.205
434500,0.030,0.757,0.213
435000,0.030,0.646,0.324
435500,0.030,0.689,0.281
436000,0.030,0.684,0.286
436500,0.030,0.720,0.250
437000,0.030,0.727,0.243
437500,0.030,0.833,0.137
438000,0.030,0.782,0.188
438500,0.030,0.752,0.218
439000,0.030,0.753,0.217
439500,0.030,0.689,0.281
440000,0.030,0.660,0.309
440500,0.030,0.705,0.265
441000,0.030,0.781,0.189
441500,0.030,0.756,0.214
442000,0.030,0.749,0.221
442500,0.030,0.714,0.256
443000,0.030,0.751,0.219
443500,0.030,0.783,0.186
444000,0.030,0.731,0.239
444500,0.030,0.708,0.262
445000,0.030,0.761,0.209
445500,0.030,0.803,0.167
446000,0.030,0.706,0.264
446500,0.030,0.711,0.259
447000,0.030,0.734,0.236
447500,0.030,0.791,0.178
448000,0.030,0.682,0.288
448500,0.030,0.768,0.202
449000,0.030,0.731,0.239
449500,0.030,0.691,0.279
450000,0.030,0.631,0.339
450500,0.030,0.742,0.228
451000,0.030,0.778,0.192
451500,0.030,0.731,0.239
452000,0.030,0.783,0.187
452500,0.030,0.808,0.161
453000,0.030,0.748,0.222
453500,0.030,0.738,0.232
454000,0.030,0.736,0.234
454500,0.030,0.666,0.304
455000,0.030,0.691,0.279
455500,0.030,0.744,0.226
456000,0.030,0.745,0.225
456500,0.030,0.745,0.225
457000,0.030,0.742,0.228
457500,0.030,0.761,0.209
458000,0.030,0.767,0.203
458500,0.030,0.773,0.197
459000,0.030,0.799,0.170
459500,0.030,0.782,0.188
460000,0.030,0.692,0.278
460500,0.030,0.730,0.240
461000,0.030,0.652,0.318
461500,0.030,0.625,0.345
462000,0.030,0.731,0.239
462500,0.030,0.739,0.231
463000,0.030,0.642,0.328
463500,0.030,0.703,0.267
464000,0.030,0.709,0.261
464500,0.030,0.768,0.202
465000,0.030,0.745,0.225
465500,0.030,0.769,0.201
466000,0.030,0.754,0.216
466500,0.030,0.790,0.180
467000,0.030,0.848,0.122
467500,0.030,0.782,0.188
468000,0.030,0.770,0.200
468500,0.030,0.753,0.217
469000,0.030,0.645,0.325
469500,0.030,0.677,0.293
470000,0.030,0.748,0.222
470500,0.030,0.779,0.191
471000,0.030,0.691,0.279
471500,0.030,0.695,0.275
472000,0.030,0.723,0.247
472500,0.030,0.609,0.361
473000,0.030,0.752,0.218
473500,0.030,0.641,0.329
474000,0.030,0.549,0.421
474500,0.030,0.694,0.276
475000,0.030,0.713,0.257
475500,0.030,0.780,0.190
476000,0.030,0.730,0.240
476500,0.030,0.644,0.326
477000,0.030,0.677,0.292
477500,0.030,0.579,0.391
478000,0.030,0.646,0.324
478500,0.030,0.766,0.204
479000,0.030,0.758,0.212
479500,0.030,0.738,0.232
480000,0.030,0.783,0.186
480500,0.030,0.614,0.356
481000,0.030,0.670,0.299
481500,0.030,0.710,0.260
482000,0.030,0.772,0.198
482500,0.030,0.674,0.295
483000,0.030,0.644,0.326
483500,0.030,0.671,0.299
484000,0.030,0.685,0.285
484500,0.030,0.763,0.207
485000,0.030,0.703,0.267
485500,0.030,0.751,0.219
486000,0.030,0.685,0.285
486500,0.030,0.725,0.245
487000,0.030,0.708,0.262
487500,0.030,0.643,0.327
488000,0.030,0.769,0.201
488500,0.030,0.756,0.214
489000,0.030,0.742,0.228
489500,0.030,0.700,0.270
490000,0.030,0.710,0.260
490500,0.030,0.641,0.329
491000,0.030,0.623,0.347
491500,0.030,0.712,0.258
492000,0.030,0.678,0.292
492500,0.030,0.717,0.253
493000,0.030,0.711,0.259
493500,0.030,0.754,0.216
494000,0.030,0.735,0.235
494500,0.030,0.693,0.277
495000,0.030,0.679,0.290
495500,0.030,0.771,0.199
496000,0.030,0.758,0.212
496500,0.030,0.702,0.268
497000,0.030,0.710,0.260
497500,0.030,0.677,0.293
498000,0.030,0.705,0.265
498500,0.030,0.736,0.234
499000,0.030,0.744,0.226
499500,0.030,0.726,0.244
500000,0.030,0.763,0.207
500500,0.030,0.762,0.208
501000,0.030,0.734,0.236
501500,0.030,0.742,0.228
502000,0.030,0.837,0.133
502500,0.030,0.759,0.211
503000,0.030,0.736,0.234
503500,0.030,0.726,0.244
504000,0.030,0.708,0.262
504500,0.030,0.744,0.226
505000,0.030,0.702,0.268
505500,0.030,0.774,0.196
506000,0.030,0.777,0.193
506500,0.030,0.774,0.196
507000,0.030,0.763,0.207
507500,0.030,0.749,0.221
508000,0.030,0.721,0.249
508500,0.030,0.653,0.317
509000,0.030,0.714,0.256
509500,0.030,0.722,0.248
510000,0.030,0.627,0.343
510500,0.030,0.612,0.358
511000,0.030,0.725,0.245
511500,0.030,0.741,0.229
512000,0.030,0.750,0.220
512500,0.030,0.741,0.229
513000,0.030,0.786,0.184
513500,0.030,0.826,0.144
514000,0.030,0.819,0.151
514500,0.030,0.875,0.095
515000,0.030,0.762,0.208
515500,0.030,0.813,0.157
516000,0.030,0.744,0.226
516500,0.030,0.741,0.229
517000,0.030,0.700,0.270
517500,0.030,0.632,0.338
518000,0.030,0.723,0.247
518500,0.030,0.722,0.248
519000,0.030,0.697,0.273
519500,0.030,0.679,0.291
520000,0.030,0.725,0.245
520500,0.030,0.683,0.287
521000,0.030,0.693,0.277
521500,0.030,0.676,0.294
522000,0.030,0.634,0.336
522500,0.030,0.738,0.232
523000,0.030,0.735,0.235
523500,0.030,0.725,0.245
524000,0.030,0.753,0.217
524500,0.030,0.789,0.180
525000,0.030,0.686,0.283
525500,0.030,0.666,0.304
526000,0.030,0.560,0.409
526500,0.030,0.703,0.267
527000,0.030,0.745,0.225
527500,0.030,0.767,0.203
528000,0.030,0.741,0.229
528500,0.030,0.799,0.171
529000,0.030,0.751,0.219
529500,0.030,0.667,0.303
530000,0.030,0.730,0.240
530500,0.030,0.688,0.282
531000,0.030,0.736,0.234
531500,0.030,0.716,0.254
532000,0.030,0.807,0.162
532500,0.030,0.847,0.123
533000,0.030,0.810,0.160
533500,0.030,0.770,0.200
534000,0.030,0.729,0.241
534500,0.030,0.798,0.171
535000,0.030,0.878,0.092
535500,0.030,0.835,0.135
536000,0.030,0.787,0.183
536500,0.030,0.762,0.208
537000,0.030,0.570,0.400
537500,0.030,0.634,0.336
538000,0.030,0.685,0.285
538500,0.030,0.671,0.299
539000,0.030,0.723,0.247
539500,0.030,0.624,0.346
540000,0.030,0.737,0.233
540500,0.030,0.688,0.282
541000,0.030,0.723,0.247
541500,0.030,0.762,0.208
542000,0.030,0.776,0.194
542500,0.030,0.849,0.121
543000,0.030,0.800,0.170
543500,0.030,0.690,0.280
544000,0.030,0.689,0.281
544500,0.030,0.774,0.196
545000,0.030,0.730,0.240
545500,0.030,0.701,0.269
546000,0.030,0.691,0.279
546500,0.030,0.698,0.272
547000,0.030,0.732,0.238
547500,0.030,0.677,0.293
548000,0.030,0.764,0.206
548500,0.030,0.751,0.219
549000,0.030,0.730,0.240
549500,0.030,0.727,0.243
550000,0.030,0.674,0.295
550500,0.030,0.741,0.229
551000,0.030,0.719,0.251
551500,0.030,0.794,0.175
552000,0.030,0.796,0.174
552500,0.030,0.786,0.183
553000,0.030,0.754,0.216
553500,0.030,0.772,0.198
554000,0.030,0.682,0.288
554500,0.030,0.741,0.229
555000,0.030,0.777,0.193
555500,0.030,0.765,0.205
556000,0.030,0.731,0.239
556500,0.030,0.725,0.245
557000,0.030,0.704,0.266
557500,0.030,0.728,0.242
558000,0.030,0.716,0.254
558500,0.030,0.578,0.392
559000,0.030,0.716,0.254
559500,0.030,0.679,0.290
560000,0.030,0.689,0.281
560500,0.030,0.666,0.303
561000,0.030,0.714,0.256
561500,0.030,0.799,0.170
562000,0.030,0.756,0.214
562500,0.030,0.763,0.207
563000,0.030,0.768,0.202
563500,0.030,0.796,0.174
564000,0.030,0.749,0.221
564500,0.030,0.776,0.194
565000,0.030,0.724,0.246
565500,0.030,0.677,0.293
566000,0.030,0.808,0.162
566500,0.030,0.740,0.230
567000,0.030,0.740,0.230
567500,0.030,0.748,0.222
568000,0.030,0.686,0.284
568500,0.030,0.648,0.322
569000,0.030,0.663,0.306
569500,0.030,0.647,0.323
570000,0.030,0.678,0.292
570500,0.030,0.708,0.262
571000,0.030,0.703,0.267
571500,0.030,0.769,0.201
572000,0.030,0.685,0.284
572500,0.030,0.765,0.205
573000,0.030,0.687,0.283
573500,0.030,0.749,0.221
574000,0.030,0.737,0.233
574500,0.030,0.725,0.245
575000,0.030,0.651,0.319
575500,0.030,0.682,0.287
576000,0.030,0.732,0.238
576500,0.030,0.740,0.230
577000,0.030,0.679,0.290
577500,0.030,0.718,0.252
578000,0.030,0.719,0.251
578500,0.030,0.701,0.269
579000,0.030,0.697,0.273
579500,0.030,0.745,0.225
580000,0.030,0.679,0.290
580500,0.030,0.659,0.311
581000,0.030,0.697,0.273
581500,0.030,0.758,0.212
582000,0.030,0.718,0.252
582500,0.030,0.765,0.205
583000,0.030,0.775,0.195
583500,0.030,0.780,0.190
584000,0.030,0.686,0.283
584500,0.030,0.734,0.236
585000,0.030,0.781,0.189
585500,0.030,0.787,0.182
586000,0.030,0.817,0.153
586500,0.030,0.744,0.226
587000,0.030,0.775,0.195
587500,0.030,0.775,0.195
588000,0.030,0.785,0.185
588500,0.030,0.742,0.228
589000,0.030,0.635,0.335
589500,0.030,0.744,0.226
590000,0.030,0.697,0.273
590500,0.030,0.706,0.264
591000,0.030,0.779,0.191
591500,0.030,0.711,0.259
592000,0.030,0.611,0.359
592500,0.030,0.688,0.282
593000,0.030,0.704,0.266
593500,0.030,0.652,0.318
594000,0.030,0.636,0.334
594500,0.030,0.718,0.252
595000,0.030,0.675,0.294
595500,0.030,0.690,0.280
596000,0.030,0.719,0.251
596500,0.030,0.730,0.240
597000,0.030,0.727,0.243
597500,0.030,0.724,0.246
598000,0.030,0.755,0.215
598500,0.030,0.689,0.281
599000,0.030,0.731,0.239
599500,0.030,0.769,0.201
600000,0.030,0.769,0.201
600500,0.030,0.810,0.159
601000,0.030,0.815,0.155
601500,0.030,0.775,0.195
602000,0.030,0.751,0.219
602500,0.030,0.791,0.178
603000,0.030,0.737,0.233
603500,0.030,0.685,0.284
604000,0.030,0.705,0.265
604500,0.030,0.739,0.231
605000,0.030,0.730,0.240
605500,0.030,0.729,0.241
606000,0.030,0.647,0.323
606500,0.030,0.734,0.236
607000,0.030,0.752,0.218
607500,0.030,0.715,0.255
608000,0.030,0.695,0.275
608500,0.030,0.739,0.231
609000,0.030,0.733,0.237
609500,0.030,0.745,0.225
610000,0.030,0.719,0.251
610500,0.030,0.731,0.239
611000,0.030,0.678,0.291
611500,0.030,0.703,0.267
612000,0.030,0.656,0.314
612500,0.030,0.801,0.168
613000,0.030,0.618,0.352
613500,0.030,0.693,0.277
614000,0.030,0.763,0.207
614500,0.030,0.743,0.227
615000,0.030,0.634,0.336
615500,0.030,0.710,0.260
616000,0.030,0.625,0.345
616500,0.030,0.638,0.332
617000,0.030,0.654,0.316
617500,0.030,0.639,0.331
618000,0.030,0.768,0.202
618500,0.030,0.736,0.234
619000,0.030,0.771,0.199
619500,0.030,0.752,0.218
620000,0.030,0.701,0.269
620500,0.030,0.769,0.201
621000,0.030,0.802,0.168
621500,0.030,0.668,0.301
622000,0.030,0.642,0.328
622500,0.030,0.696,0.274
623000,0.030,0.699,0.271
623500,0.030,0.642,0.328
624000,0.030,0.683,0.287
624500,0.030,0.659,0.311
625000,0.030,0.736,0.234
625500,0.030,0.729,0.241
626000,0.030,0.722,0.248
626500,0.030,0.698,0.272
627000,0.030,0.682,0.288
627500,0.030,0.682,0.287
628000,0.030,0.698,0.272
628500,0.030,0.673,0.296
629000,0.030,0.782,0.188
629500,0.030,0.691,0.279
630000,0.030,0.691,0.279
630500,0.030,0.698,0.272
631000,0.030,0.752,0.218
631500,0.030,0.822,0.148
632000,0.030,0.859,0.111
632500,0.030,0.844,0.126
633000,0.030,0.824,0.146
633500,0.030,0.742,0.228
634000,0.030,0.674,0.296
634500,0.030,0.729,0.241
635000,0.030,0.684,0.285
635500,0.030,0.648,0.322
636000,0.030,0.644,0.326
636500,0.030,0.622,0.348
637000,0.030,0.688,0.282
637500,0.030,0.612,0.358
638000,0.030,0.728,0.242
638500,0.030,0.775,0.195
639000,0.030,0.688,0.282
639500,0.030,0.652,0.318
640000,0.030,0.674,0.295
640500,0.030,0.733,0.237
641000,0.030,0.661,0.308
641500,0.030,0.612,0.358
642000,0.030,0.666,0.304
642500,0.030,0.743,0.227
643000,0.030,0.801,0.168
643500,0.030,0.765,0.205
644000,0.030,0.776,0.194
644500,0.030,0.763,0.207
645000,0.030,0.759,0.211
645500,0.030,0.744,0.226
646000,0.030,0.748,0.222
646500,0.030,0.793,0.176
647000,0.030,0.790,0.180
647500,0.030,0.757,0.213
648000,0.030,0.693,0.277
648500,0.030,0.726,0.244
649000,0.030,0.659,0.311
649500,0.030,0.744,0.226
650000,0.030,0.732,0.238
650500,0.030,0.767,0.203
651000,0.030,0.674,0.296
651500,0.030,0.720,0.250
652000,0.030,0.748,0.222
652500,0.030,0.732,0.238
653000,0.030,0.784,0.186
653500,0.030,0.744,0.226
654000,0.030,0.753,0.217
654500,0.030,0.681,0.289
655000,0.030,0.730,0.240
655500,0.030,0.761,0.209
656000,0.030,0.763,0.207
656500,0.030,0.700,0.270
657000,0.030,0.696,0.274
657500,0.030,0.750,0.220
658000,0.030,0.719,0.251
658500,0.030,0.725,0.245
659000,0.030,0.788,0.181
659500,0.030,0.767,0.203
660000,0.030,0.696,0.274
660500,0.030,0.739,0.231
661000,0.030,0.672,0.297
661500,0.030,0.773,0.197
662000,0.030,0.750,0.220
662500,0.030,0.758,0.212
663000,0.030,0.736,0.234
663500,0.030,0.608,0.362
664000,0.030,0.593,0.377
664500,0.030,0.603,0.367
665000,0.030,0.670,0.300
665500,0.030,0.673,0.296
666000,0.030,0.689,0.281
666500,0.030,0.707,0.263
667000,0.030,0.704,0.266
667500,0.030,0.716,0.254
668000,0.030,0.760,0.210
668500,0.030,0.702,0.268
669000,0.030,0.752,0.218
669500,0.030,0.779,0.191
670000,0.030,0.787,0.182
670500,0.030,0.706,0.264
671000,0.030,0.683,0.287
671500,0.030,0.840,0.130
672000,0.030,0.701,0.269
672500,0.030,0.709,0.261
673000,0.030,0.695,0.275
673500,0.030,0.752,0.218
674000,0.030,0.651,0.319
674500,0.030,0.717,0.253
675000,0.030,0.635,0.335
675500,0.030,0.669,0.300
676000,0.030,0.650,0.320
676500,0.030,0.757,0.213
677000,0.030,0.689,0.281
677500,0.030,0.718,0.252
678000,0.030,0.764,0.206
678500,0.030,0.782,0.188
679000,0.030,0.653,0.317
679500,0.030,0.724,0.246
680000,0.030,0.713,0.257
680500,0.030,0.706,0.264
681000,0.030,0.722,0.248
681500,0.030,0.696,0.274
682000,0.030,0.645,0.325
682500,0.030,0.731,0.239
683000,0.030,0.681,0.289
683500,0.030,0.781,0.189
684000,0.030,0.760,0.210
684500,0.030,0.723,0.247
685000,0.030,0.704,0.266
685500,0.030,0.679,0.291
686000,0.030,0.744,0.226
686500,0.030,0.719,0.251
687000,0.030,0.715,0.255
687500,0.030,0.812,0.158
688000,0.030,0.719,0.251
688500,0.030,0.733,0.237
689000,0.030,0.749,0.221
689500,0.030,0.786,0.184
690000,0.030,0.819,0.151
690500,0.030,0.776,0.194
691000,0.030,0.757,0.213
691500,0.030,0.773,0.197
692000,0.030,0.679,0.291
692500,0.030,0.735,0.235
693000,0.030,0.711,0.259
693500,0.030,0.731,0.239
694000,0.030,0.673,0.296
694500,0.030,0.756,0.214
695000,0.030,0.778,0.192
695500,0.030,0.748,0.222
696000,0.030,0.674,0.295
696500,0.030,0.736,0.234
697000,0.030,0.744,0.226
697500,0.030,0.637,0.333
698000,0.030,0.616,0.354
698500,0.030,0.655,0.315
699000,0.030,0.707,0.263
699500,0.030,0.612,0.358
700000,0.030,0.631,0.339
700500,0.030,0.640,0.330
701000,0.030,0.718,0.252
701500,0.030,0.722,0.248
702000,0.030,0.737,0.233
702500,0.030,0.661,0.308
703000,0.030,0.717,0.253
703500,0.030,0.720,0.250
704000,0.030,0.642,0.328
704500,0.030,0.707,0.263
705000,0.030,0.724,0.246
705500,0.030,0.793,0.177
706000,0.030,0.731,0.239
706500,0.030,0.697,0.273
707000,0.030,0.781,0.189
707500,0.030,0.794,0.176
708000,0.030,0.807,0.162
708500,0.030,0.738,0.232
709000,0.030,0.596,0.374
709500,0.030,0.685,0.284
710000,0.030,0.705,0.265
710500,0.030,0.636,0.334
711000,0.030,0.678,0.292
711500,0.030,0.631,0.339
712000,0.030,0.789,0.180
712500,0.030,0.789,0.180
713000,0.030,0.725,0.245
713500,0.030,0.809,0.160
714000,0.030,0.699,0.271
714500,0.030,0.720,0.250
715000,0.030,0.692,0.278
715500,0.030,0.749,0.221
716000,0.030,0.819,0.151
716500,0.030,0.750,0.220
717000,0.030,0.747,0.223
717500,0.030,0.711,0.259
718000,0.030,0.734,0.236
718500,0.030,0.729,0.241
719000,0.030,0.704,0.266
719500,0.030,0.799,0.171
720000,0.030,0.684,0.285
720500,0.030,0.696,0.274
721000,0.030,0.753,0.217
721500,0.030,0.812,0.158
722000,0.030,0.761,0.209
722500,0.030,0.755,0.215
723000,0.030,0.674,0.296
723500,0.030,0.591,0.379
724000,0.030,0.673,0.297
724500,0.030,0.655,0.315
725000,0.030,0.777,0.193
725500,0.030,0.701,0.269
726000,0.030,0.713,0.257
726500,0.030,0.695,0.275
727000,0.030,0.683,0.287
727500,0.030,0.713,0.257
728000,0.030,0.775,0.195
728500,0.030,0.618,0.352
729000,0.030,0.697,0.273
729500,0.030,0.712,0.258
730000,0.030,0.684,0.285
730500,0.030,0.721,0.249
731000,0.030,0.596,0.374
731500,0.030,0.589,0.381
732000,0.030,0.732,0.238
732500,0.030,0.740,0.230
733000,0.030,0.798,0.172
733500,0.030,0.767,0.203
734000,0.030,0.773,0.197
734500,0.030,0.716,0.254
735000,0.030,0.783,0.187
735500,0.030,0.804,0.166
736000,0.030,0.701,0.269
736500,0.030,0.769,0.201
737000,0.030,0.699,0.271
737500,0.030,0.665,0.305
738000,0.030,0.728,0.242
738500,0.030,0.727,0.243
739000,0.030,0.733,0.237
739500,0.030,0.759,0.211
740000,0.030,0.698,0.272
740500,0.030,0.776,0.194
741000,0.030,0.778,0.192
741500,0.030,0.762,0.208
742000,0.030,0.739,0.231
742500,0.030,0.722,0.248
743000,0.030,0.712,0.258
743500,0.030,0.656,0.314
744000,0.030,0.694,0.276
744500,0.030,0.691,0.279
745000,0.030,0.712,0.258
745500,0.030,0.610,0.360
746000,0.030,0.708,0.262
746500,0.030,0.729,0.241
747000,0.030,0.669,0.300
747500,0.030,0.717,0.253
748000,0.030,0.641,0.329
748500,0.030,0.710,0.260
749000,0.030,0.732,0.238
749500,0.030,0.810,0.160
750000,0.030,0.817,0.153
750500,0.030,0.812,0.157
751000,0.030,0.825,0.145
751500,0.030,0.764,0.206
752000,0.030,0.771,0.199
752500,0.030,0.793,0.176
753000,0.030,0.713,0.257
753500,0.030,0.776,0.194
754000,0.030,0.707,0.263
754500,0.030,0.724,0.246
755000,0.030,0.790,0.180
755500,0.030,0.828,0.142
756000,0.030,0.874,0.096
756500,0.030,0.877,0.093
757000,0.030,0.831,0.139
757500,0.030,0.746,0.224
758000,0.030,0.765,0.205
758500,0.030,0.835,0.135
759000,0.030,0.709,0.261
759500,0.030,0.644,0.326
760000,0.030,0.707,0.263
760500,0.030,0.639,0.331
761000,0.030,0.710,0.260
761500,0.030,0.704,0.266
762000,0.030,0.681,0.289
762500,0.030,0.647,0.323
763000,0.030,0.666,0.303
763500,0.030,0.650,0.320
764000,0.030,0.707,0.263
764500,0.030,0.699,0.271
765000,0.030,0.768,0.202
765500,0.030,0.668,0.301
766000,0.030,0.738,0.232
766500,0.030,0.736,0.234
767000,0.030,0.699,0.271
767500,0.030,0.660,0.310
768000,0.030,0.694,0.276
768500,0.030,0.706,0.264
769000,0.030,0.664,0.306
769500,0.030,0.679,0.290
770000,0.030,0.723,0.247
770500,0.030,0.768,0.202
771000,0.030,0.765,0.205
771500,0.030,0.787,0.183
772000,0.030,0.690,0.280
772500,0.030,0.658,0.312
773000,0.030,0.720,0.250
773500,0.030,0.803,0.166
774000,0.030,0.754,0.216
774500,0.030,0.749,0.221
775000,0.030,0.750,0.220
775500,0.030,0.732,0.238
776000,0.030,0.640,0.330
776500,0.030,0.707,0.263
777000,0.030,0.693,0.277
777500,0.030,0.675,0.295
778000,0.030,0.699,0.271
778500,0.030,0.696,0.274
779000,0.030,0.769,0.201
779500,0.030,0.749,0.221
780000,0.030,0.760,0.210
780500,0.030,0.824,0.146
781000,0.030,0.721,0.249
781500,0.030,0.778,0.192
782000,0.030,0.819,0.151
782500,0.030,0.737,0.233
783000,0.030,0.721,0.249
783500,0.030,0.730,0.240
784000,0.030,0.639,0.331
784500,0.030,0.754,0.216
785000,0.030,0.678,0.292
785500,0.030,0.675,0.295
786000,0.030,0.660,0.309
786500,0.030,0.752,0.218
787000,0.030,0.676,0.293
787500,0.030,0.699,0.271
788000,0.030,0.683,0.287
788500,0.030,0.789,0.181
789000,0.030,0.748,0.222
789500,0.030,0.665,0.304
790000,0.030,0.691,0.279
790500,0.030,0.681,0.289
791000,0.030,0.708,0.262
791500,0.030,0.787,0.183
792000,0.030,0.670,0.299
792500,0.030,0.714,0.256
793000,0.030,0.780,0.190
793500,0.030,0.736,0.234
794000,0.030,0.673,0.296
794500,0.030,0.702,0.268
795000,0.030,0.664,0.306
795500,0.030,0.680,0.290
796000,0.030,0.674,0.295
796500,0.030,0.659,0.311
797000,0.030,0.645,0.325
797500,0.030,0.729,0.241
798000,0.030,0.822,0.148
798500,0.030,0.797,0.173
799000,0.030,0.754,0.216
799500,0.030,0.743,0.227
800000,0.030,0.726,0.244
800500,0.030,0.700,0.270
801000,0.030,0.626,0.344
801500,0.030,0.710,0.260
802000,0.030,0.682,0.287
802500,0.030,0.704,0.266
803000,0.030,0.704,0.266
803500,0.030,0.767,0.203
804000,0.030,0.775,0.195
804500,0.030,0.737,0.233
805000,0.030,0.674,0.295
805500,0.030,0.741,0.229
806000,0.030,0.748,0.222
806500,0.030,0.738,0.232
807000,0.030,0.783,0.186
807500,0.030,0.776,0.194
808000,0.030,0.738,0.232
808500,0.030,0.778,0.192
809000,0.030,0.710,0.260
809500,0.030,0.737,0.233
810000,0.030,0.644,0.326
810500,0.030,0.626,0.344
811000,0.030,0.713,0.257
811500,0.030,0.722,0.248
812000,0.030,0.630,0.340
812500,0.030,0.634,0.336
813000,0.030,0.638,0.332
813500,0.030,0.595,0.375
814000,0.030,0.734,0.236
814500,0.030,0.648,0.322
815000,0.030,0.689,0.281
815500,0.030,0.784,0.186
816000,0.030,0.739,0.231
816500,0.030,0.707,0.263
817000,0.030,0.702,0.268
817500,0.030,0.728,0.242
818000,0.030,0.760,0.210
818500,0.030,0.759,0.211
819000,0.030,0.761,0.209
819500,0.030,0.738,0.232
820000,0.030,0.702,0.268
820500,0.030,0.663,0.307
821000,0.030,0.654,0.316
821500,0.030,0.642,0.328
822000,0.030,0.644,0.326
822500,0.030,0.706,0.264
823000,0.030,0.656,0.314
823500,0.030,0.672,0.297
824000,0.030,0.564,0.406
824500,0.030,0.648,0.322
825000,0.030,0.690,0.280
825500,0.030,0.704,0.266
826000,0.030,0.632,0.338
826500,0.030,0.677,0.293
827000,0.030,0.741,0.229
827500,0.030,0.806,0.163
828000,0.030,0.774,0.196
828500,0.030,0.677,0.293
829000,0.030,0.748,0.222
829500,0.030,0.775,0.195
830000,0.030,0.782,0.188
830500,0.030,0.762,0.208
831000,0.030,0.722,0.248
831500,0.030,0.725,0.245
832000,0.030,0.759,0.211
832500,0.030,0.730,0.240
833000,0.030,0.754,0.216
833500,0.030,0.758,0.212
834000,0.030,0.765,0.205
834500,0.030,0.698,0.272
835000,0.030,0.700,0.270
835500,0.030,0.663,0.306
836000,0.030,0.678,0.291
836500,0.030,0.765,0.205
837000,0.030,0.804,0.166
837500,0.030,0.816,0.154
838000,0.030,0.818,0.152
838500,0.030,0.789,0.181
839000,0.030,0.785,0.185
839500,0.030,0.796,0.174
840000,0.030,0.763,0.207
840500,0.030,0.753,0.217
841000,0.030,0.688,0.282
841500,0.030,0.683,0.287
842000,0.030,0.768,0.202
842500,0.030,0.656,0.314
843000,0.030,0.686,0.283
843500,0.030,0.720,0.250
844000,0.030,0.748,0.222
844500,0.030,0.813,0.157
845000,0.030,0.804,0.166
845500,0.030,0.669,0.300
846000,0.030,0.682,0.288
846500,0.030,0.678,0.291
847000,0.030,0.745,0.225
847500,0.030,0.720,0.250
848000,0.030,0.709,0.261
848500,0.030,0.692,0.278
849000,0.030,0.756,0.214
849500,0.030,0.802,0.167
850000,0.030,0.798,0.171
850500,0.030,0.775,0.195
851000,0.030,0.712,0.258
851500,0.030,0.705,0.265
852000,0.030,0.814,0.156
852500,0.030,0.779,0.191
853000,0.030,0.688,0.282
853500,0.030,0.646,0.324
854000,0.030,0.763,0.207
854500,0.030,0.753,0.217
855000,0.030,0.718,0.252
855500,0.030,0.756,0.214
856000,0.030,0.707,0.263
856500,0.030,0.668,0.301
857000,0.030,0.670,0.300
857500,0.030,0.700,0.270
858000,0.030,0.692,0.278
858500,0.030,0.717,0.253
859000,0.030,0.731,0.239
859500,0.030,0.683,0.287
860000,0.030,0.766,0.204
860500,0.030,0.756,0.214
861000,0.030,0.755,0.215
861500,0.030,0.748,0.222
862000,0.030,0.657,0.312
862500,0.030,0.706,0.264
863000,0.030,0.691,0.279
863500,0.030,0.732,0.238
864000,0.030,0.713,0.257
864500,0.030,0.662,0.308
865000,0.030,0.666,0.303
865500,0.030,0.649,0.321
866000,0.030,0.668,0.302
866500,0.030,0.674,0.296
867000,0.030,0.629,0.341
867500,0.030,0.694,0.276
868000,0.030,0.715,0.255
868500,0.030,0.767,0.203
869000,0.030,0.751,0.219
869500,0.030,0.694,0.276
870000,0.030,0.698,0.272
870500,0.030,0.770,0.200
871000,0.030,0.698,0.272
871500,0.030,0.746,0.224
872000,0.030,0.771,0.199
872500,0.030,0.828,0.142
873000,0.030,0.773,0.197
873500,0.030,0.667,0.302
874000,0.030,0.707,0.263
874500,0.030,0.718,0.252
875000,0.030,0.668,0.301
875500,0.030,0.644,0.326
876000,0.030,0.688,0.282
876500,0.030,0.786,0.183
877000,0.030,0.834,0.136
877500,0.030,0.768,0.202
878000,0.030,0.780,0.190
878500,0.030,0.733,0.237
879000,0.030,0.701,0.269
879500,0.030,0.694,0.276
880000,0.030,0.664,0.305
880500,0.030,0.607,0.363
881000,0.030,0.679,0.291
881500,0.030,0.750,0.220
882000,0.030,0.806,0.164
882500,0.030,0.857,0.113
883000,0.030,0.734,0.236
883500,0.030,0.790,0.180
884000,0.030,0.702,0.268
884500,0.030,0.671,0.298
885000,0.030,0.658,0.311
885500,0.030,0.701,0.269
886000,0.030,0.710,0.260
886500,0.030,0.724,0.246
887000,0.030,0.637,0.333
887500,0.030,0.704,0.266
888000,0.030,0.685,0.285
888500,0.030,0.763,0.207
889000,0.030,0.746,0.224
889500,0.030,0.709,0.261
890000,0.030,0.635,0.335
890500,0.030,0.708,0.262
891000,0.030,0.706,0.264
891500,0.030,0.727,0.243
892000,0.030,0.740,0.230
892500,0.030,0.740,0.230
893000,0.030,0.707,0.263
893500,0.030,0.706,0.264
894000,0.030,0.746,0.224
894500,0.030,0.748,0.222
895000,0.030,0.739,0.231
895500,0.030,0.694,0.276
896000,0.030,0.694,0.276
896500,0.030,0.681,0.288
897000,0.030,0.745,0.225
897500,0.030,0.771,0.199
898000,0.030,0.799,0.171
898500,0.030,0.764,0.206
899000,0.030,0.785,0.185
899500,0.030,0.644,0.326
900000,0.030,0.693,0.277
900500,0.030,0.728,0.242
901000,0.030,0.768,0.202
901500,0.030,0.669,0.301
902000,0.030,0.733,0.237
902500,0.030,0.764,0.206
903000,0.030,0.793,0.177
903500,0.030,0.778,0.192
904000,0.030,0.657,0.313
904500,0.030,0.768,0.202
905000,0.030,0.721,0.249
905500,0.030,0.694,0.276
906000,0.030,0.723,0.247
906500,0.030,0.710,0.260
907000,0.030,0.748,0.222
907500,0.030,0.760,0.210
908000,0.030,0.720,0.250
908500,0.030,0.720,0.250
909000,0.030,0.709,0.261
909500,0.030,0.667,0.303
910000,0.030,0.640,0.330
910500,0.030,0.705,0.265
911000,0.030,0.786,0.183
911500,0.030,0.729,0.241
912000,0.030,0.742,0.228
912500,0.030,0.717,0.253
913000,0.030,0.695,0.275
913500,0.030,0.743,0.227
914000,0.030,0.738,0.232
914500,0.030,0.694,0.276
915000,0.030,0.675,0.295
915500,0.030,0.655,0.315
916000,0.030,0.728,0.242
916500,0.030,0.654,0.316
917000,0.030,0.728,0.242
917500,0.030,0.750,0.220
918000,0.030,0.742,0.228
918500,0.030,0.773,0.197
919000,0.030,0.768,0.202
919500,0.030,0.776,0.194
920000,0.030,0.723,0.247
920500,0.030,0.722,0.248
921000,0.030,0.817,0.153
921500,0.030,0.751,0.219
922000,0.030,0.802,0.167
922500,0.030,0.805,0.165
923000,0.030,0.776,0.194
923500,0.030,0.621,0.349
924000,0.030,0.743,0.227
924500,0.030,0.732,0.238
925000,0.030,0.706,0.264
925500,0.030,0.610,0.360
926000,0.030,0.590,0.380
926500,0.030,0.655,0.315
927000,0.030,0.659,0.311
927500,0.030,0.764,0.206
928000,0.030,0.807,0.163
928500,0.030,0.691,0.279
929000,0.030,0.732,0.238
929500,0.030,0.735,0.235
930000,0.030,0.798,0.171
930500,0.030,0.768,0.202
931000,0.030,0.757,0.213
931500,0.030,0.794,0.176
932000,0.030,0.812,0.157
932500,0.030,0.739,0.231
933000,0.030,0.704,0.266
933500,0.030,0.675,0.294
934000,0.030,0.722,0.248
934500,0.030,0.694,0.276
935000,0.030,0.682,0.288
935500,0.030,0.689,0.281
936000,0.030,0.664,0.306
936500,0.030,0.735,0.235
937000,0.030,0.690,0.280
937500,0.030,0.771,0.199
938000,0.030,0.694,0.276
938500,0.030,0.681,0.288
939000,0.030,0.722,0.248
939500,0.030,0.727,0.243
940000,0.030,0.741,0.229
940500,0.030,0.659,0.310
941000,0.030,0.617,0.353
941500,0.030,0.553,0.416
942000,0.030,0.616,0.354
942500,0.030,0.679,0.290
943000,0.030,0.723,0.247
943500,0.030,0.672,0.297
944000,0.030,0.690,0.280
944500,0.030,0.711,0.259
945000,0.030,0.640,0.330
945500,0.030,0.679,0.290
946000,0.030,0.626,0.344
946500,0.030,0.707,0.263
947000,0.030,0.619,0.351
947500,0.030,0.709,0.261
948000,0.030,0.706,0.264
948500,0.030,0.698,0.272
949000,0.030,0.731,0.239
949500,0.030,0.733,0.237
950000,0.030,0.809,0.161
950500,0.030,0.686,0.283
951000,0.030,0.629,0.341
951500,0.030,0.689,0.281
952000,0.030,0.647,0.323
952500,0.030,0.676,0.294
953000,0.030,0.661,0.309
953500,0.030,0.672,0.297
954000,0.030,0.654,0.316
954500,0.030,0.770,0.200
955000,0.030,0.658,0.311
955500,0.030,0.708,0.262
956000,0.030,0.756,0.214
956500,0.030,0.779,0.191
957000,0.030,0.751,0.219
957500,0.030,0.785,0.185
958000,0.030,0.772,0.198
958500,0.030,0.705,0.265
959000,0.030,0.653,0.317
959500,0.030,0.650,0.320
960000,0.030,0.671,0.299
960500,0.030,0.601,0.369
961000,0.030,0.624,0.346
961500,0.030,0.649,0.321
962000,0.030,0.725,0.245
962500,0.030,0.689,0.281
963000,0.030,0.710,0.260
963500,0.030,0.661,0.309
964000,0.030,0.713,0.257
964500,0.030,0.672,0.298
965000,0.030,0.611,0.359
965500,0.030,0.681,0.288
966000,0.030,0.726,0.244
966500,0.030,0.718,0.252
967000,0.030,0.661,0.308
967500,0.030,0.569,0.401
968000,0.030,0.629,0.341
968500,0.030,0.720,0.250
969000,0.030,0.746,0.224
969500,0.030,0.807,0.163
970000,0.030,0.869,0.101
970500,0.030,0.779,0.191
971000,0.030,0.788,0.181
971500,0.030,0.672,0.297
972000,0.030,0.753,0.217
972500,0.030,0.786,0.183
973000,0.030,0.722,0.248
973500,0.030,0.774,0.196
974000,0.030,0.768,0.202
974500,0.030,0.817,0.153
975000,0.030,0.745,0.225
975500,0.030,0.734,0.236
976000,0.030,0.695,0.275
976500,0.030,0.730,0.240
977000,0.030,0.731,0.239
977500,0.030,0.757,0.213
978000,0.030,0.768,0.202
978500,0.030,0.754,0.216
979000,0.030,0.758,0.212
979500,0.030,0.748,0.222
980000,0.030,0.710,0.260
980500,0.030,0.775,0.195
981000,0.030,0.750,0.220
981500,0.030,0.808,0.162
982000,0.030,0.801,0.168
982500,0.030,0.801,0.168
983000,0.030,0.746,0.224
983500,0.030,0.767,0.203
984000,0.030,0.754,0.216
984500,0.030,0.747,0.223
985000,0.030,0.727,0.243
985500,0.030,0.647,0.323
986000,0.030,0.747,0.223
986500,0.030,0.695,0.275
987000,0.030,0.734,0.236
987500,0.030,0.729,0.241
988000,0.030,0.756,0.214
988500,0.030,0.737,0.233
989000,0.030,0.766,0.204
989500,0.030,0.774,0.196
990000,0.030,0.672,0.297
990500,0.030,0.675,0.295
991000,0.030,0.649,0.321
991500,0.030,0.665,0.305
992000,0.030,0.718,0.252
992500,0.030,0.805,0.165
993000,0.030,0.794,0.176
993500,0.030,0.784,0.186
994000,0.030,0.834,0.136
994500,0.030,0.788,0.182
995000,0.030,0.737,0.233
995500,0.030,0.729,0.241
996000,0.030,0.727,0.243
996500,0.030,0.722,0.248
997000,0.030,0.755,0.215
997500,0.030,0.695,0.275
998000,0.030,0.680,0.290
998500,0.030,0.712,0.258
999000,0.030,0.658,0.311
999500,0.030,0.631,0.339
1000000,0.030,0.668,0.302
