time,n_A+p,n_B,n_AB
500,0.030,0.801,0.169
1000,0.030,0.639,0.331
1500,0.030,0.424,0.546
2000,0.030,0.312,0.658
2500,0.030,0.419,0.551
3000,0.030,0.392,0.579
3500,0.030,0.394,0.576
4000,0.030,0.348,0.622
4500,0.030,0.309,0.661
5000,0.030,0.343,0.627
5500,0.030,0.314,0.656
6000,0.030,0.350,0.619
6500,0.030,0.291,0.678
7000,0.035,0.241,0.724
7500,0.030,0.324,0.646
8000,0.030,0.402,0.568
8500,0.030,0.347,0.623
9000,0.032,0.382,0.587
9500,0.030,0.391,0.579
10000,0.030,0.306,0.663
10500,0.030,0.345,0.625
11000,0.030,0.402,0.568
11500,0.030,0.348,0.621
12000,0.030,0.369,0.601
12500,0.030,0.392,0.579
13000,0.030,0.341,0.629
13500,0.030,0.374,0.595
14000,0.030,0.356,0.613
14500,0.030,0.371,0.599
15000,0.030,0.368,0.601
15500,0.030,0.368,0.602
16000,0.030,0.394,0.576
16500,0.030,0.299,0.670
17000,0.030,0.294,0.675
17500,0.030,0.328,0.642
18000,0.030,0.406,0.564
18500,0.030,0.372,0.598
19000,0.030,0.307,0.663
19500,0.030,0.354,0.616
20000,0.030,0.351,0.619
20500,0.033,0.363,0.603
21000,0.030,0.372,0.597
21500,0.030,0.334,0.636
22000,0.030,0.294,0.675
22500,0.033,0.404,0.564
23000,0.030,0.340,0.630
23500,0.030,0.365,0.605
24000,0.030,0.355,0.615
24500,0.030,0.317,0.653
25000,0.030,0.352,0.618
25500,0.030,0.351,0.619
26000,0.030,0.353,0.617
26500,0.030,0.336,0.634
27000,0.030,0.299,0.670
27500,0.032,0.296,0.671
28000,0.033,0.293,0.673
28500,0.030,0.367,0.603
29000,0.030,0.316,0.654
29500,0.030,0.277,0.693
30000,0.030,0.308,0.662
30500,0.030,0.302,0.667
31000,0.030,0.408,0.562
31500,0.030,0.372,0.598
32000,0.030,0.394,0.576
32500,0.030,0.383,0.587
33000,0.030,0.363,0.607
33500,0.030,0.353,0.617
34000,0.030,0.279,0.691
34500,0.030,0.351,0.619
35000,0.030,0.374,0.596
35500,0.030,0.365,0.605
36000,0.030,0.334,0.636
36500,0.030,0.340,0.630
37000,0.030,0.304,0.665
37500,0.030,0.307,0.663
38000,0.032,0.324,0.645
38500,0.030,0.402,0.569
39000,0.030,0.430,0.539
39500,0.030,0.329,0.641
40000,0.030,0.352,0.618
40500,0.030,0.337,0.633
41000,0.030,0.301,0.668
41500,0.030,0.373,0.597
42000,0.034,0.283,0.683
42500,0.030,0.366,0.604
43000,0.030,0.344,0.625
43500,0.030,0.338,0.632
44000,0.030,0.321,0.649
44500,0.030,0.299,0.671
45000,0.030,0.237,0.732
45500,0.033,0.266,0.701
46000,0.034,0.269,0.698
46500,0.030,0.379,0.591
47000,0.030,0.379,0.591
47500,0.030,0.392,0.579
48000,0.030,0.358,0.611
48500,0.030,0.328,0.642
49000,0.030,0.319,0.651
49500,0.030,0.419,0.550
50000,0.030,0.444,0.526
50500,0.030,0.305,0.665
51000,0.030,0.371,0.599
51500,0.030,0.383,0.587
52000,0.030,0.327,0.643
52500,0.035,0.273,0.692
53000,0.030,0.345,0.625
53500,0.030,0.356,0.613
54000,0.030,0.338,0.632
54500,0.030,0.365,0.605
55000,0.030,0.412,0.557
55500,0.030,0.364,0.605
56000,0.030,0.369,0.601
56500,0.030,0.358,0.611
57000,0.030,0.359,0.611
57500,0.030,0.368,0.601
58000,0.030,0.382,0.589
58500,0.030,0.393,0.577
59000,0.030,0.326,0.644
59500,0.030,0.420,0.550
60000,0.030,0.328,0.642
60500,0.030,0.348,0.621
61000,0.030,0.289,0.681
61500,0.030,0.333,0.637
62000,0.030,0.292,0.677
62500,0.030,0.327,0.643
63000,0.030,0.411,0.558
63500,0.030,0.384,0.587
64000,0.030,0.434,0.535
64500,0.030,0.364,0.606
65000,0.030,0.389,0.581
65500,0.030,0.346,0.624
66000,0.030,0.310,0.660
66500,0.030,0.345,0.625
67000,0.030,0.288,0.682
67500,0.030,0.382,0.588
68000,0.030,0.434,0.535
68500,0.030,0.359,0.611
69000,0.030,0.311,0.658
69500,0.030,0.323,0.647
70000,0.030,0.365,0.605
70500,0.030,0.363,0.607
71000,0.030,0.432,0.537
71500,0.030,0.403,0.567
72000,0.030,0.415,0.554
72500,0.030,0.355,0.615
73000,0.030,0.321,0.649
73500,0.030,0.321,0.649
74000,0.030,0.382,0.589
74500,0.030,0.376,0.594
75000,0.030,0.365,0.605
75500,0.030,0.360,0.609
76000,0.030,0.364,0.605
76500,0.030,0.331,0.639
77000,0.030,0.382,0.589
77500,0.030,0.444,0.526
78000,0.030,0.361,0.609
78500,0.030,0.404,0.566
79000,0.030,0.343,0.627
79500,0.030,0.334,0.636
80000,0.030,0.314,0.656
80500,0.031,0.296,0.672
81000,0.030,0.385,0.585
81500,0.030,0.412,0.557
82000,0.030,0.361,0.609
82500,0.030,0.430,0.539
83000,0.030,0.389,0.581
83500,0.030,0.398,0.572
84000,0.030,0.395,0.575
84500,0.030,0.324,0.646
85000,0.030,0.254,0.716
85500,0.030,0.239,0.731
86000,0.030,0.343,0.627
86500,0.030,0.366,0.604
87000,0.030,0.385,0.585
87500,0.030,0.359,0.611
88000,0.038,0.314,0.648
88500,0.030,0.396,0.575
89000,0.030,0.424,0.545
89500,0.030,0.433,0.537
90000,0.030,0.339,0.631
90500,0.034,0.284,0.682
91000,0.043,0.262,0.696
91500,0.031,0.208,0.760
92000,0.030,0.383,0.587
92500,0.030,0.312,0.658
93000,0.032,0.318,0.650
93500,0.031,0.415,0.554
94000,0.030,0.408,0.562
94500,0.030,0.360,0.609
95000,0.030,0.401,0.569
95500,0.030,0.325,0.645
96000,0.030,0.333,0.637
96500,0.030,0.351,0.619
97000,0.030,0.333,0.637
97500,0.030,0.236,0.734
98000,0.030,0.267,0.704
98500,0.030,0.369,0.601
99000,0.030,0.349,0.621
99500,0.030,0.430,0.540
100000,0.030,0.381,0.589
100500,0.030,0.296,0.673
101000,0.030,0.371,0.599
101500,0.030,0.365,0.605
102000,0.030,0.336,0.634
102500,0.030,0.334,0.636
103000,0.030,0.301,0.669
103500,0.030,0.347,0.623
104000,0.030,0.339,0.631
104500,0.030,0.353,0.617
105000,0.030,0.338,0.632
105500,0.030,0.407,0.562
106000,0.030,0.428,0.542
106500,0.030,0.367,0.603
107000,0.034,0.348,0.618
107500,0.030,0.339,0.631
108000,0.030,0.391,0.579
108500,0.030,0.430,0.540
109000,0.030,0.425,0.545
109500,0.030,0.346,0.623
110000,0.030,0.344,0.626
110500,0.030,0.302,0.667
111000,0.030,0.342,0.628
111500,0.030,0.337,0.633
112000,0.030,0.370,0.599
112500,0.030,0.407,0.562
113000,0.030,0.316,0.654
113500,0.030,0.355,0.615
114000,0.030,0.302,0.668
114500,0.030,0.337,0.633
115000,0.030,0.310,0.660
115500,0.036,0.326,0.638
116000,0.030,0.344,0.626
116500,0.030,0.394,0.577
117000,0.030,0.385,0.585
117500,0.030,0.362,0.608
118000,0.030,0.333,0.637
118500,0.030,0.323,0.647
119000,0.030,0.390,0.581
119500,0.030,0.305,0.665
120000,0.030,0.298,0.672
120500,0.030,0.344,0.626
121000,0.030,0.315,0.655
121500,0.034,0.272,0.695
122000,0.030,0.394,0.576
122500,0.030,0.380,0.590
123000,0.030,0.328,0.642
123500,0.030,0.349,0.621
124000,0.030,0.365,0.605
124500,0.030,0.360,0.610
125000,0.030,0.405,0.565
125500,0.030,0.381,0.589
126000,0.030,0.465,0.505
126500,0.030,0.335,0.635
127000,0.030,0.306,0.664
127500,0.030,0.343,0.627
128000,0.030,0.381,0.589
128500,0.030,0.299,0.670
129000,0.031,0.376,0.593
129500,0.030,0.414,0.556
130000,0.030,0.359,0.611
130500,0.030,0.411,0.558
131000,0.030,0.365,0.605
131500,0.030,0.439,0.531
132000,0.030,0.408,0.561
132500,0.030,0.353,0.617
133000,0.030,0.348,0.622
133500,0.030,0.310,0.659
134000,0.030,0.308,0.661
134500,0.030,0.330,0.640
135000,0.030,0.354,0.615
135500,0.030,0.300,0.669
136000,0.030,0.339,0.631
136500,0.030,0.342,0.628
137000,0.030,0.300,0.669
137500,0.030,0.397,0.573
138000,0.030,0.402,0.569
138500,0.030,0.376,0.595
139000,0.030,0.324,0.646
139500,0.030,0.395,0.575
140000,0.030,0.356,0.614
140500,0.030,0.369,0.601
141000,0.030,0.324,0.646
141500,0.030,0.355,0.615
142000,0.030,0.378,0.593
142500,0.030,0.374,0.595
143000,0.030,0.356,0.613
143500,0.030,0.327,0.643
144000,0.032,0.360,0.608
144500,0.030,0.355,0.615
145000,0.030,0.413,0.556
145500,0.030,0.375,0.595
146000,0.030,0.410,0.560
146500,0.030,0.385,0.585
147000,0.030,0.348,0.622
147500,0.030,0.420,0.549
148000,0.030,0.455,0.515
148500,0.030,0.366,0.604
149000,0.030,0.438,0.532
149500,0.030,0.462,0.508
150000,0.030,0.326,0.644
150500,0.030,0.365,0.605
151000,0.030,0.295,0.674
151500,0.030,0.397,0.573
152000,0.030,0.365,0.605
152500,0.030,0.421,0.549
153000,0.030,0.405,0.565
153500,0.030,0.295,0.675
154000,0.030,0.377,0.593
154500,0.030,0.289,0.680
155000,0.030,0.353,0.617
155500,0.030,0.308,0.662
156000,0.030,0.303,0.666
156500,0.036,0.401,0.562
157000,0.030,0.342,0.628
157500,0.030,0.364,0.605
158000,0.030,0.312,0.658
158500,0.030,0.414,0.555
159000,0.030,0.357,0.613
159500,0.030,0.340,0.630
160000,0.030,0.364,0.606
160500,0.030,0.272,0.698
161000,0.030,0.304,0.666
161500,0.032,0.276,0.692
162000,0.030,0.329,0.641
162500,0.030,0.326,0.644
163000,0.030,0.301,0.669
163500,0.030,0.350,0.619
164000,0.030,0.350,0.619
164500,0.030,0.355,0.615
165000,0.030,0.396,0.574
165500,0.030,0.378,0.592
166000,0.030,0.440,0.530
166500,0.030,0.362,0.607
167000,0.030,0.372,0.598
167500,0.030,0.369,0.601
168000,0.030,0.357,0.613
168500,0.030,0.460,0.510
169000,0.030,0.395,0.575
169500,0.030,0.379,0.591
170000,0.030,0.334,0.636
170500,0.030,0.390,0.581
171000,0.030,0.350,0.620
171500,0.030,0.307,0.663
172000,0.030,0.301,0.668
172500,0.030,0.315,0.655
173000,0.030,0.357,0.613
173500,0.030,0.364,0.606
174000,0.030,0.326,0.644
174500,0.037,0.312,0.650
175000,0.030,0.317,0.653
175500,0.030,0.395,0.575
176000,0.030,0.379,0.591
176500,0.030,0.324,0.646
177000,0.030,0.326,0.644
177500,0.030,0.363,0.607
178000,0.030,0.315,0.655
178500,0.031,0.262,0.708
179000,0.030,0.372,0.598
179500,0.030,0.320,0.650
180000,0.030,0.398,0.572
180500,0.030,0.357,0.613
181000,0.030,0.375,0.595
181500,0.030,0.325,0.645
182000,0.030,0.344,0.626
182500,0.030,0.346,0.624
183000,0.037,0.332,0.631
183500,0.030,0.367,0.602
184000,0.030,0.332,0.638
184500,0.030,0.330,0.640
185000,0.030,0.322,0.648
185500,0.030,0.322,0.648
186000,0.030,0.360,0.610
186500,0.030,0.369,0.601
187000,0.030,0.388,0.582
187500,0.030,0.376,0.594
188000,0.030,0.281,0.690
188500,0.030,0.397,0.573
189000,0.030,0.427,0.543
189500,0.030,0.418,0.552
190000,0.030,0.307,0.662
190500,0.030,0.323,0.647
191000,0.030,0.343,0.627
191500,0.030,0.421,0.548
192000,0.030,0.296,0.674
192500,0.030,0.420,0.549
193000,0.030,0.347,0.623
193500,0.030,0.362,0.607
194000,0.030,0.397,0.573
194500,0.030,0.330,0.640
195000,0.030,0.368,0.602
195500,0.030,0.389,0.581
196000,0.037,0.289,0.673
196500,0.032,0.254,0.715
197000,0.030,0.320,0.650
197500,0.030,0.320,0.650
198000,0.030,0.328,0.642
198500,0.030,0.247,0.723
199000,0.033,0.352,0.616
199500,0.030,0.271,0.700
200000,0.030,0.339,0.631
200500,0.030,0.427,0.542
201000,0.030,0.339,0.631
201500,0.030,0.323,0.647
202000,0.030,0.321,0.649
202500,0.030,0.321,0.649
203000,0.030,0.317,0.653
203500,0.030,0.399,0.571
204000,0.030,0.371,0.599
204500,0.030,0.339,0.631
205000,0.030,0.345,0.625
205500,0.030,0.380,0.591
206000,0.030,0.293,0.676
206500,0.030,0.334,0.636
207000,0.030,0.362,0.607
207500,0.030,0.353,0.617
208000,0.030,0.403,0.567
208500,0.030,0.396,0.574
209000,0.030,0.417,0.553
209500,0.030,0.441,0.529
210000,0.030,0.444,0.526
210500,0.030,0.343,0.627
211000,0.030,0.406,0.565
211500,0.030,0.429,0.541
212000,0.030,0.319,0.651
212500,0.030,0.307,0.662
213000,0.031,0.329,0.640
213500,0.030,0.396,0.575
214000,0.030,0.398,0.573
214500,0.030,0.343,0.627
215000,0.030,0.339,0.631
215500,0.030,0.313,0.657
216000,0.030,0.376,0.595
216500,0.030,0.310,0.660
217000,0.030,0.345,0.625
217500,0.030,0.305,0.665
218000,0.030,0.358,0.612
218500,0.030,0.346,0.624
219000,0.030,0.337,0.633
219500,0.030,0.310,0.660
220000,0.034,0.294,0.672
220500,0.030,0.316,0.653
221000,0.030,0.379,0.591
221500,0.030,0.391,0.579
222000,0.030,0.386,0.585
222500,0.030,0.452,0.518
223000,0.030,0.469,0.501
223500,0.030,0.400,0.571
224000,0.030,0.324,0.646
224500,0.030,0.347,0.623
225000,0.030,0.355,0.615
225500,0.035,0.351,0.613
226000,0.030,0.344,0.626
226500,0.030,0.344,0.625
227000,0.030,0.361,0.609
227500,0.030,0.334,0.636
228000,0.030,0.376,0.595
228500,0.030,0.343,0.627
229000,0.030,0.406,0.565
229500,0.030,0.390,0.580
230000,0.030,0.381,0.589
230500,0.030,0.373,0.597
231000,0.030,0.307,0.663
231500,0.030,0.355,0.615
232000,0.030,0.354,0.616
232500,0.030,0.343,0.627
233000,0.030,0.368,0.602
233500,0.030,0.344,0.626
234000,0.030,0.301,0.668
234500,0.030,0.370,0.600
235000,0.030,0.281,0.689
235500,0.030,0.370,0.599
236000,0.032,0.444,0.525
236500,0.030,0.393,0.577
237000,0.030,0.390,0.580
237500,0.030,0.368,0.601
238000,0.030,0.366,0.604
238500,0.030,0.366,0.604
239000,0.030,0.356,0.614
239500,0.030,0.308,0.662
240000,0.032,0.331,0.637
240500,0.030,0.333,0.637
241000,0.030,0.370,0.600
241500,0.030,0.364,0.605
242000,0.030,0.397,0.573
242500,0.030,0.295,0.674
243000,0.030,0.287,0.683
243500,0.030,0.404,0.567
244000,0.030,0.400,0.570
244500,0.030,0.348,0.622
245000,0.030,0.339,0.631
245500,0.030,0.378,0.593
246000,0.030,0.325,0.645
246500,0.030,0.337,0.633
247000,0.030,0.340,0.630
247500,0.030,0.343,0.627
248000,0.030,0.267,0.704
248500,0.030,0.360,0.610
249000,0.030,0.359,0.611
249500,0.030,0.311,0.659
250000,0.030,0.435,0.535
250500,0.030,0.439,0.531
251000,0.030,0.420,0.550
251500,0.030,0.323,0.647
252000,0.030,0.304,0.666
252500,0.031,0.267,0.702
253000,0.032,0.323,0.645
253500,0.030,0.349,0.621
254000,0.030,0.268,0.702
254500,0.030,0.356,0.613
255000,0.030,0.374,0.595
255500,0.030,0.365,0.605
256000,0.030,0.362,0.608
256500,0.030,0.391,0.579
257000,0.030,0.404,0.566
257500,0.030,0.337,0.633
258000,0.030,0.352,0.617
258500,0.030,0.304,0.666
259000,0.030,0.333,0.637
259500,0.030,0.348,0.622
260000,0.038,0.319,0.643
260500,0.030,0.256,0.714
261000,0.030,0.332,0.638
261500,0.030,0.399,0.571
262000,0.030,0.386,0.584
262500,0.030,0.414,0.555
263000,0.030,0.389,0.581
263500,0.030,0.353,0.617
264000,0.030,0.386,0.584
264500,0.030,0.352,0.617
265000,0.030,0.382,0.588
265500,0.030,0.409,0.560
266000,0.030,0.424,0.545
266500,0.030,0.365,0.605
267000,0.030,0.414,0.555
267500,0.030,0.435,0.535
268000,0.030,0.436,0.534
268500,0.030,0.394,0.576
269000,0.030,0.343,0.627
269500,0.030,0.345,0.625
270000,0.030,0.437,0.533
270500,0.030,0.365,0.605
271000,0.030,0.374,0.596
271500,0.030,0.344,0.626
272000,0.030,0.348,0.621
272500,0.030,0.278,0.692
273000,0.030,0.267,0.704
273500,0.030,0.286,0.684
274000,0.030,0.353,0.617
274500,0.038,0.265,0.697
275000,0.032,0.326,0.643
275500,0.030,0.430,0.539
276000,0.030,0.387,0.583
276500,0.032,0.305,0.663
277000,0.030,0.436,0.534
277500,0.030,0.439,0.531
278000,0.030,0.361,0.609
278500,0.030,0.342,0.628
279000,0.030,0.364,0.606
279500,0.030,0.364,0.605
280000,0.030,0.268,0.702
280500,0.030,0.320,0.649
281000,0.030,0.348,0.621
281500,0.030,0.382,0.588
282000,0.030,0.412,0.558
282500,0.030,0.330,0.640
283000,0.030,0.388,0.582
283500,0.030,0.391,0.579
284000,0.030,0.343,0.627
284500,0.030,0.382,0.588
285000,0.030,0.350,0.620
285500,0.030,0.393,0.577
286000,0.030,0.428,0.541
286500,0.030,0.320,0.650
287000,0.030,0.371,0.599
287500,0.030,0.380,0.590
288000,0.030,0.391,0.579
288500,0.030,0.287,0.682
289000,0.030,0.296,0.674
289500,0.030,0.351,0.619
290000,0.030,0.349,0.621
290500,0.030,0.448,0.522
291000,0.030,0.379,0.591
291500,0.030,0.285,0.685
292000,0.030,0.260,0.710
292500,0.030,0.329,0.641
293000,0.030,0.290,0.680
293500,0.030,0.376,0.595
294000,0.030,0.441,0.529
294500,0.030,0.389,0.581
295000,0.030,0.289,0.681
295500,0.030,0.353,0.617
296000,0.030,0.364,0.605
296500,0.030,0.425,0.545
297000,0.030,0.346,0.624
297500,0.030,0.383,0.587
298000,0.030,0.363,0.607
298500,0.030,0.383,0.587
299000,0.030,0.344,0.625
299500,0.030,0.368,0.601
300000,0.030,0.431,0.539
300500,0.030,0.334,0.636
301000,0.030,0.320,0.650
301500,0.030,0.344,0.626
302000,0.030,0.365,0.605
302500,0.030,0.365,0.605
303000,0.030,0.397,0.573
303500,0.030,0.365,0.605
304000,0.030,0.403,0.567
304500,0.030,0.459,0.511
305000,0.030,0.347,0.623
305500,0.030,0.356,0.614
306000,0.030,0.342,0.628
306500,0.030,0.377,0.593
307000,0.030,0.418,0.551
307500,0.030,0.403,0.567
308000,0.030,0.367,0.603
308500,0.030,0.337,0.633
309000,0.030,0.347,0.623
309500,0.030,0.376,0.594
310000,0.030,0.432,0.537
310500,0.030,0.392,0.579
311000,0.030,0.392,0.579
311500,0.030,0.318,0.652
312000,0.030,0.341,0.629
312500,0.030,0.308,0.661
313000,0.030,0.417,0.553
313500,0.030,0.327,0.643
314000,0.030,0.362,0.607
314500,0.030,0.405,0.565
315000,0.030,0.293,0.676
315500,0.030,0.317,0.653
316000,0.030,0.359,0.611
316500,0.030,0.452,0.518
317000,0.030,0.329,0.641
317500,0.030,0.328,0.642
318000,0.032,0.311,0.657
318500,0.030,0.339,0.631
319000,0.030,0.382,0.589
319500,0.030,0.344,0.626
320000,0.030,0.360,0.609
320500,0.030,0.325,0.645
321000,0.030,0.331,0.639
321500,0.030,0.317,0.653
322000,0.030,0.318,0.652
322500,0.030,0.372,0.598
323000,0.030,0.366,0.603
323500,0.030,0.362,0.607
324000,0.030,0.322,0.648
324500,0.030,0.255,0.716
325000,0.030,0.223,0.747
325500,0.030,0.364,0.605
326000,0.030,0.276,0.694
326500,0.032,0.312,0.656
327000,0.030,0.359,0.611
327500,0.031,0.314,0.655
328000,0.030,0.293,0.677
328500,0.030,0.348,0.622
329000,0.030,0.334,0.636
329500,0.030,0.369,0.601
330000,0.030,0.379,0.591
330500,0.030,0.332,0.638
331000,0.030,0.414,0.555
331500,0.030,0.373,0.597
332000,0.030,0.333,0.637
332500,0.030,0.348,0.622
333000,0.030,0.346,0.624
333500,0.030,0.377,0.593
334000,0.030,0.345,0.625
334500,0.030,0.415,0.554
335000,0.030,0.376,0.595
335500,0.030,0.459,0.511
336000,0.030,0.343,0.627
336500,0.030,0.282,0.688
337000,0.030,0.334,0.636
337500,0.030,0.346,0.624
338000,0.030,0.355,0.615
338500,0.030,0.351,0.619
339000,0.030,0.380,0.591
339500,0.030,0.413,0.557
340000,0.030,0.364,0.606
340500,0.030,0.358,0.611
341000,0.030,0.367,0.603
341500,0.030,0.390,0.581
342000,0.030,0.349,0.621
342500,0.030,0.335,0.635
343000,0.030,0.348,0.622
343500,0.030,0.367,0.603
344000,0.030,0.280,0.690
344500,0.030,0.360,0.610
345000,0.030,0.393,0.577
345500,0.030,0.372,0.598
346000,0.030,0.400,0.570
346500,0.030,0.383,0.587
347000,0.030,0.389,0.581
347500,0.030,0.400,0.570
348000,0.035,0.325,0.640
348500,0.031,0.359,0.609
349000,0.030,0.362,0.608
349500,0.030,0.393,0.577
350000,0.030,0.378,0.593
350500,0.030,0.385,0.585
351000,0.030,0.368,0.601
351500,0.030,0.327,0.643
352000,0.030,0.356,0.613
352500,0.030,0.400,0.571
353000,0.030,0.388,0.582
353500,0.031,0.341,0.628
354000,0.030,0.340,0.630
354500,0.030,0.322,0.648
355000,0.030,0.333,0.637
355500,0.030,0.297,0.672
356000,0.030,0.302,0.668
356500,0.030,0.401,0.569
357000,0.030,0.394,0.577
357500,0.030,0.355,0.615
358000,0.030,0.344,0.626
358500,0.030,0.334,0.636
359000,0.030,0.339,0.631
359500,0.030,0.293,0.677
360000,0.030,0.400,0.571
360500,0.030,0.334,0.636
361000,0.030,0.423,0.546
361500,0.030,0.333,0.637
362000,0.030,0.404,0.567
362500,0.030,0.421,0.549
363000,0.030,0.369,0.601
363500,0.030,0.419,0.551
364000,0.030,0.423,0.547
364500,0.030,0.310,0.660
365000,0.030,0.471,0.498
365500,0.030,0.408,0.561
366000,0.030,0.352,0.618
366500,0.030,0.373,0.597
367000,0.030,0.340,0.630
367500,0.030,0.318,0.652
368000,0.030,0.380,0.590
368500,0.030,0.395,0.575
369000,0.030,0.350,0.619
369500,0.030,0.359,0.611
370000,0.030,0.332,0.638
370500,0.031,0.324,0.645
371000,0.035,0.267,0.699
371500,0.030,0.329,0.641
372000,0.030,0.362,0.607
372500,0.030,0.371,0.599
373000,0.030,0.346,0.624
373500,0.030,0.311,0.659
374000,0.030,0.327,0.643
374500,0.032,0.275,0.694
375000,0.030,0.314,0.656
375500,0.030,0.265,0.706
376000,0.030,0.326,0.644
376500,0.030,0.395,0.575
377000,0.030,0.327,0.643
377500,0.030,0.329,0.641
378000,0.032,0.354,0.614
378500,0.030,0.392,0.578
379000,0.030,0.389,0.581
379500,0.030,0.325,0.645
380000,0.030,0.330,0.640
380500,0.030,0.404,0.567
381000,0.030,0.330,0.640
381500,0.030,0.425,0.545
382000,0.030,0.395,0.575
382500,0.030,0.423,0.546
383000,0.030,0.419,0.551
383500,0.030,0.364,0.606
384000,0.030,0.311,0.658
384500,0.030,0.350,0.620
385000,0.036,0.266,0.698
385500,0.031,0.285,0.684
386000,0.030,0.359,0.611
386500,0.030,0.360,0.610
387000,0.030,0.355,0.615
387500,0.030,0.400,0.570
388000,0.030,0.348,0.622
388500,0.030,0.323,0.647
389000,0.030,0.349,0.621
389500,0.030,0.353,0.617
390000,0.032,0.292,0.676
390500,0.030,0.267,0.703
391000,0.032,0.307,0.661
391500,0.030,0.290,0.679
392000,0.030,0.321,0.649
392500,0.030,0.376,0.595
393000,0.030,0.333,0.637
393500,0.030,0.343,0.627
394000,0.030,0.380,0.590
394500,0.030,0.328,0.642
395000,0.030,0.392,0.578
395500,0.030,0.318,0.652
396000,0.030,0.283,0.687
396500,0.030,0.363,0.607
397000,0.030,0.420,0.549
397500,0.030,0.311,0.659
398000,0.030,0.342,0.628
398500,0.030,0.353,0.617
399000,0.030,0.328,0.642
399500,0.030,0.373,0.597
400000,0.030,0.322,0.648
400500,0.030,0.341,0.629
401000,0.030,0.386,0.584
401500,0.030,0.410,0.560
402000,0.030,0.330,0.640
402500,0.032,0.336,0.632
403000,0.030,0.297,0.673
403500,0.030,0.305,0.665
404000,0.030,0.391,0.579
404500,0.030,0.342,0.628
405000,0.030,0.343,0.627
405500,0.030,0.364,0.606
406000,0.030,0.394,0.576
406500,0.030,0.414,0.556
407000,0.030,0.420,0.549
407500,0.030,0.387,0.583
408000,0.030,0.407,0.563
408500,0.030,0.355,0.615
409000,0.030,0.403,0.567
409500,0.030,0.362,0.608
410000,0.030,0.307,0.662
410500,0.030,0.340,0.630
411000,0.030,0.382,0.589
411500,0.030,0.455,0.515
412000,0.030,0.325,0.645
412500,0.030,0.396,0.574
413000,0.030,0.384,0.587
413500,0.030,0.370,0.600
414000,0.030,0.401,0.569
414500,0.030,0.363,0.607
415000,0.030,0.294,0.675
415500,0.030,0.343,0.627
416000,0.030,0.246,0.724
416500,0.030,0.285,0.685
417000,0.030,0.312,0.657
417500,0.030,0.352,0.617
418000,0.030,0.341,0.629
418500,0.030,0.270,0.700
419000,0.030,0.288,0.682
419500,0.030,0.370,0.600
420000,0.030,0.332,0.638
420500,0.030,0.331,0.639
421000,0.030,0.368,0.601
421500,0.030,0.383,0.587
422000,0.030,0.345,0.625
422500,0.030,0.336,0.634
423000,0.030,0.299,0.670
423500,0.030,0.367,0.603
424000,0.030,0.474,0.496
424500,0.030,0.469,0.501
425000,0.030,0.426,0.543
425500,0.030,0.410,0.559
426000,0.030,0.382,0.589
426500,0.030,0.327,0.643
427000,0.030,0.341,0.629
427500,0.030,0.372,0.598
428000,0.030,0.376,0.594
428500,0.030,0.401,0.569
429000,0.030,0.374,0.595
429500,0.030,0.342,0.628
430000,0.030,0.409,0.561
430500,0.030,0.433,0.537
431000,0.030,0.407,0.563
431500,0.030,0.348,0.621
432000,0.030,0.350,0.619
432500,0.030,0.333,0.637
433000,0.030,0.337,0.633
433500,0.030,0.388,0.583
434000,0.030,0.363,0.607
434500,0.030,0.346,0.623
435000,0.030,0.311,0.659
435500,0.030,0.373,0.597
436000,0.030,0.410,0.560
436500,0.030,0.307,0.662
437000,0.030,0.344,0.626
437500,0.030,0.314,0.656
438000,0.030,0.400,0.571
438500,0.030,0.319,0.651
439000,0.030,0.257,0.713
439500,0.032,0.302,0.667
440000,0.030,0.378,0.593
440500,0.030,0.368,0.602
441000,0.030,0.398,0.572
441500,0.030,0.314,0.656
442000,0.030,0.320,0.650
442500,0.030,0.356,0.613
443000,0.030,0.381,0.589
443500,0.030,0.414,0.555
444000,0.030,0.373,0.597
444500,0.030,0.300,0.670
445000,0.030,0.298,0.671
445500,0.033,0.292,0.675
446000,0.030,0.348,0.621
446500,0.030,0.348,0.621
447000,0.030,0.406,0.565
447500,0.030,0.372,0.597
448000,0.030,0.259,0.712
448500,0.031,0.313,0.656
449000,0.030,0.352,0.617
449500,0.030,0.362,0.607
450000,0.030,0.388,0.583
450500,0.031,0.289,0.679
451000,0.030,0.368,0.602
451500,0.030,0.354,0.616
452000,0.030,0.285,0.684
452500,0.030,0.282,0.688
453000,0.030,0.351,0.619
453500,0.030,0.312,0.658
454000,0.030,0.359,0.610
454500,0.030,0.279,0.691
455000,0.032,0.308,0.661
455500,0.030,0.314,0.656
456000,0.030,0.353,0.617
456500,0.030,0.301,0.669
457000,0.030,0.409,0.560
457500,0.030,0.291,0.678
458000,0.038,0.349,0.613
458500,0.030,0.305,0.665
459000,0.030,0.371,0.599
459500,0.030,0.365,0.605
460000,0.030,0.451,0.519
460500,0.030,0.346,0.624
461000,0.030,0.311,0.658
461500,0.030,0.328,0.642
462000,0.030,0.365,0.605
462500,0.030,0.368,0.601
463000,0.030,0.398,0.573
463500,0.030,0.395,0.575
464000,0.030,0.376,0.594
464500,0.030,0.385,0.585
465000,0.030,0.449,0.521
465500,0.030,0.407,0.562
466000,0.030,0.417,0.552
466500,0.030,0.350,0.620
467000,0.030,0.376,0.594
467500,0.030,0.277,0.694
468000,0.030,0.260,0.710
468500,0.030,0.377,0.593
469000,0.030,0.388,0.582
469500,0.030,0.346,0.624
470000,0.030,0.413,0.556
470500,0.030,0.406,0.565
471000,0.030,0.341,0.629
471500,0.030,0.370,0.599
472000,0.030,0.402,0.568
472500,0.030,0.396,0.574
473000,0.030,0.362,0.607
473500,0.030,0.460,0.510
474000,0.030,0.438,0.532
474500,0.030,0.435,0.534
475000,0.030,0.403,0.567
475500,0.030,0.332,0.638
476000,0.030,0.301,0.668
476500,0.030,0.351,0.619
477000,0.030,0.314,0.656
477500,0.030,0.386,0.585
478000,0.030,0.329,0.641
478500,0.036,0.319,0.645
479000,0.032,0.372,0.595
479500,0.030,0.369,0.601
480000,0.030,0.412,0.557
480500,0.030,0.375,0.595
481000,0.030,0.344,0.626
481500,0.030,0.321,0.649
482000,0.031,0.296,0.673
482500,0.030,0.372,0.598
483000,0.030,0.359,0.611
483500,0.030,0.335,0.635
484000,0.032,0.299,0.669
484500,0.030,0.343,0.627
485000,0.030,0.285,0.684
485500,0.030,0.387,0.583
486000,0.030,0.334,0.636
486500,0.030,0.334,0.636
487000,0.030,0.371,0.599
487500,0.030,0.441,0.529
488000,0.030,0.393,0.577
488500,0.030,0.428,0.541
489000,0.030,0.386,0.585
489500,0.030,0.370,0.600
490000,0.030,0.374,0.596
490500,0.030,0.344,0.626
491000,0.030,0.303,0.667
491500,0.030,0.363,0.607
492000,0.030,0.357,0.613
492500,0.030,0.378,0.593
493000,0.030,0.324,0.646
493500,0.030,0.354,0.616
494000,0.030,0.348,0.621
494500,0.030,0.338,0.632
495000,0.030,0.323,0.647
495500,0.030,0.371,0.599
496000,0.030,0.388,0.583
496500,0.030,0.374,0.595
497000,0.030,0.365,0.605
497500,0.030,0.380,0.590
498000,0.030,0.299,0.670
498500,0.030,0.354,0.616
499000,0.030,0.359,0.611
499500,0.030,0.372,0.597
500000,0.030,0.356,0.614
500500,0.030,0.383,0.587
501000,0.030,0.315,0.655
501500,0.030,0.323,0.647
502000,0.030,0.331,0.639
502500,0.030,0.258,0.712
503000,0.030,0.229,0.741
503500,0.032,0.290,0.678
504000,0.031,0.320,0.649
504500,0.030,0.443,0.527
505000,0.030,0.305,0.664
505500,0.030,0.291,0.678
506000,0.030,0.281,0.689
506500,0.030,0.312,0.657
507000,0.030,0.319,0.651
507500,0.030,0.368,0.602
508000,0.030,0.315,0.655
508500,0.030,0.296,0.674
509000,0.030,0.303,0.667
509500,0.030,0.293,0.676
510000,0.030,0.320,0.650
510500,0.030,0.390,0.581
511000,0.030,0.382,0.589
511500,0.030,0.404,0.566
512000,0.030,0.445,0.525
512500,0.030,0.411,0.558
513000,0.030,0.387,0.583
513500,0.030,0.440,0.530
514000,0.030,0.303,0.666
514500,0.030,0.332,0.638
515000,0.030,0.281,0.690
515500,0.030,0.335,0.635
516000,0.030,0.377,0.593
516500,0.030,0.350,0.619
517000,0.035,0.287,0.677
517500,0.030,0.349,0.621
518000,0.030,0.303,0.666
518500,0.030,0.385,0.585
519000,0.030,0.349,0.621
519500,0.030,0.370,0.600
520000,0.030,0.374,0.595
520500,0.030,0.384,0.586
521000,0.035,0.286,0.679
521500,0.034,0.359,0.607
522000,0.030,0.378,0.593
522500,0.030,0.346,0.623
523000,0.030,0.247,0.722
523500,0.030,0.281,0.689
524000,0.030,0.328,0.642
524500,0.030,0.388,0.582
525000,0.030,0.327,0.643
525500,0.030,0.334,0.636
526000,0.030,0.319,0.651
526500,0.030,0.344,0.625
527000,0.030,0.407,0.563
527500,0.030,0.347,0.623
528000,0.030,0.349,0.621
528500,0.030,0.335,0.635
529000,0.030,0.362,0.607
529500,0.030,0.440,0.530
530000,0.030,0.400,0.571
530500,0.030,0.358,0.611
531000,0.030,0.371,0.599
531500,0.030,0.395,0.575
532000,0.030,0.328,0.642
532500,0.030,0.381,0.589
533000,0.030,0.321,0.649
533500,0.030,0.408,0.562
534000,0.030,0.313,0.657
534500,0.030,0.413,0.557
535000,0.030,0.305,0.664
535500,0.030,0.303,0.667
536000,0.030,0.321,0.649
536500,0.030,0.383,0.587
537000,0.030,0.408,0.562
537500,0.030,0.379,0.591
538000,0.030,0.353,0.617
538500,0.030,0.392,0.579
539000,0.030,0.391,0.579
539500,0.030,0.354,0.616
540000,0.030,0.371,0.599
540500,0.030,0.308,0.662
541000,0.030,0.353,0.617
541500,0.030,0.372,0.597
542000,0.030,0.431,0.538
542500,0.030,0.387,0.583
543000,0.030,0.306,0.663
543500,0.030,0.287,0.682
544000,0.030,0.334,0.636
544500,0.030,0.281,0.689
545000,0.036,0.303,0.660
545500,0.030,0.355,0.615
546000,0.030,0.399,0.571
546500,0.030,0.363,0.607
547000,0.030,0.344,0.626
547500,0.030,0.285,0.684
548000,0.030,0.316,0.654
548500,0.030,0.362,0.608
549000,0.030,0.356,0.613
549500,0.030,0.422,0.547
550000,0.030,0.411,0.558
550500,0.030,0.403,0.567
551000,0.030,0.368,0.601
551500,0.030,0.428,0.541
552000,0.030,0.390,0.580
552500,0.030,0.415,0.555
553000,0.030,0.353,0.617
553500,0.030,0.398,0.573
554000,0.030,0.391,0.579
554500,0.030,0.391,0.579
555000,0.030,0.405,0.565
555500,0.030,0.401,0.569
556000,0.030,0.291,0.678
556500,0.030,0.324,0.646
557000,0.030,0.381,0.589
557500,0.030,0.360,0.609
558000,0.030,0.368,0.602
558500,0.030,0.343,0.627
559000,0.030,0.381,0.589
559500,0.030,0.316,0.654
560000,0.030,0.302,0.667
560500,0.030,0.365,0.605
561000,0.030,0.360,0.609
561500,0.030,0.335,0.635
562000,0.030,0.403,0.567
562500,0.030,0.407,0.563
563000,0.030,0.331,0.639
563500,0.032,0.248,0.721
564000,0.030,0.332,0.637
564500,0.030,0.358,0.611
565000,0.030,0.381,0.589
565500,0.030,0.339,0.631
566000,0.030,0.291,0.678
566500,0.030,0.305,0.665
567000,0.030,0.349,0.621
567500,0.030,0.360,0.610
568000,0.030,0.423,0.546
568500,0.030,0.371,0.599
569000,0.030,0.299,0.670
569500,0.030,0.399,0.571
570000,0.030,0.338,0.632
570500,0.030,0.380,0.590
571000,0.030,0.333,0.637
571500,0.030,0.397,0.573
572000,0.030,0.366,0.603
572500,0.030,0.351,0.619
573000,0.030,0.353,0.617
573500,0.030,0.315,0.655
574000,0.030,0.327,0.643
574500,0.030,0.404,0.567
575000,0.030,0.399,0.571
575500,0.030,0.369,0.601
576000,0.030,0.367,0.603
576500,0.030,0.376,0.595
577000,0.030,0.406,0.564
577500,0.030,0.412,0.558
578000,0.030,0.358,0.612
578500,0.030,0.430,0.540
579000,0.030,0.417,0.552
579500,0.030,0.407,0.562
580000,0.030,0.347,0.623
580500,0.030,0.338,0.632
581000,0.030,0.431,0.539
581500,0.030,0.366,0.604
582000,0.030,0.309,0.660
582500,0.030,0.363,0.607
583000,0.030,0.279,0.691
583500,0.030,0.370,0.599
584000,0.030,0.353,0.617
584500,0.030,0.320,0.650
585000,0.030,0.337,0.633
585500,0.030,0.450,0.520
586000,0.030,0.400,0.570
586500,0.030,0.395,0.575
587000,0.030,0.400,0.571
587500,0.030,0.388,0.582
588000,0.030,0.372,0.597
588500,0.030,0.395,0.575
589000,0.030,0.313,0.657
589500,0.030,0.347,0.623
590000,0.032,0.274,0.695
590500,0.030,0.297,0.672
591000,0.030,0.393,0.577
591500,0.030,0.318,0.652
592000,0.030,0.358,0.612
592500,0.030,0.384,0.586
593000,0.030,0.309,0.660
593500,0.030,0.299,0.671
594000,0.030,0.328,0.642
594500,0.030,0.331,0.639
595000,0.030,0.416,0.553
595500,0.030,0.409,0.561
596000,0.030,0.332,0.638
596500,0.035,0.290,0.675
597000,0.030,0.303,0.666
597500,0.030,0.345,0.625
598000,0.030,0.355,0.615
598500,0.030,0.393,0.577
599000,0.030,0.322,0.648
599500,0.030,0.317,0.653
600000,0.030,0.351,0.619
600500,0.030,0.387,0.583
601000,0.030,0.356,0.613
601500,0.031,0.273,0.696
602000,0.030,0.396,0.575
602500,0.030,0.321,0.649
603000,0.030,0.299,0.670
603500,0.030,0.371,0.599
604000,0.030,0.266,0.704
604500,0.030,0.365,0.605
605000,0.030,0.334,0.636
605500,0.030,0.396,0.574
606000,0.030,0.349,0.621
606500,0.030,0.414,0.556
607000,0.030,0.347,0.623
607500,0.030,0.391,0.579
608000,0.030,0.377,0.593
608500,0.030,0.426,0.543
609000,0.030,0.369,0.601
609500,0.030,0.282,0.688
610000,0.030,0.281,0.690
610500,0.030,0.344,0.626
611000,0.030,0.350,0.620
611500,0.030,0.310,0.660
612000,0.030,0.372,0.597
612500,0.030,0.359,0.611
613000,0.030,0.286,0.683
613500,0.030,0.335,0.635
614000,0.030,0.407,0.562
614500,0.030,0.383,0.587
615000,0.030,0.306,0.664
615500,0.030,0.350,0.620
616000,0.030,0.338,0.632
616500,0.030,0.431,0.538
617000,0.030,0.382,0.588
617500,0.030,0.363,0.607
618000,0.030,0.376,0.594
618500,0.030,0.424,0.546
619000,0.030,0.364,0.605
619500,0.031,0.334,0.635
620000,0.030,0.325,0.645
620500,0.030,0.295,0.674
621000,0.030,0.297,0.672
621500,0.030,0.328,0.642
622000,0.030,0.338,0.632
622500,0.030,0.387,0.583
623000,0.030,0.384,0.587
623500,0.030,0.344,0.626
624000,0.031,0.390,0.579
624500,0.030,0.459,0.511
625000,0.030,0.303,0.667
625500,0.035,0.298,0.666
626000,0.031,0.288,0.681
626500,0.030,0.324,0.646
627000,0.030,0.360,0.610
627500,0.030,0.464,0.506
628000,0.033,0.352,0.616
628500,0.030,0.333,0.637
629000,0.030,0.350,0.620
629500,0.030,0.357,0.613
630000,0.030,0.336,0.634
630500,0.030,0.310,0.660
631000,0.030,0.330,0.640
631500,0.030,0.392,0.579
632000,0.030,0.441,0.529
632500,0.030,0.378,0.593
633000,0.030,0.323,0.647
633500,0.030,0.391,0.579
634000,0.030,0.354,0.615
634500,0.030,0.374,0.596
635000,0.030,0.362,0.607
635500,0.030,0.348,0.621
636000,0.030,0.387,0.583
636500,0.030,0.276,0.694
637000,0.030,0.359,0.611
637500,0.030,0.350,0.619
638000,0.030,0.416,0.553
638500,0.030,0.411,0.559
639000,0.030,0.372,0.598
639500,0.032,0.282,0.685
640000,0.030,0.257,0.713
640500,0.030,0.253,0.717
641000,0.038,0.257,0.705
641500,0.031,0.334,0.635
642000,0.030,0.297,0.673
642500,0.030,0.365,0.605
643000,0.030,0.333,0.637
643500,0.030,0.308,0.661
644000,0.030,0.291,0.679
644500,0.030,0.297,0.673
645000,0.030,0.307,0.663
645500,0.030,0.386,0.585
646000,0.030,0.316,0.654
646500,0.032,0.326,0.643
647000,0.030,0.346,0.624
647500,0.030,0.365,0.605
648000,0.030,0.339,0.631
648500,0.030,0.402,0.568
649000,0.030,0.371,0.599
649500,0.030,0.320,0.650
650000,0.030,0.383,0.587
650500,0.030,0.396,0.574
651000,0.030,0.384,0.586
651500,0.030,0.406,0.565
652000,0.030,0.331,0.639
652500,0.030,0.318,0.652
653000,0.030,0.303,0.666
653500,0.030,0.324,0.646
654000,0.030,0.325,0.645
654500,0.030,0.358,0.612
655000,0.030,0.358,0.611
655500,0.030,0.380,0.591
656000,0.030,0.428,0.542
656500,0.030,0.358,0.612
657000,0.030,0.312,0.658
657500,0.030,0.347,0.623
658000,0.030,0.349,0.621
658500,0.030,0.323,0.647
659000,0.030,0.372,0.597
659500,0.030,0.420,0.550
660000,0.030,0.342,0.628
660500,0.034,0.320,0.647
661000,0.030,0.345,0.625
661500,0.030,0.352,0.618
662000,0.030,0.422,0.548
662500,0.030,0.286,0.684
663000,0.032,0.325,0.643
663500,0.030,0.418,0.551
664000,0.030,0.390,0.581
664500,0.030,0.374,0.596
665000,0.030,0.335,0.635
665500,0.030,0.357,0.613
666000,0.030,0.385,0.585
666500,0.030,0.340,0.630
667000,0.030,0.345,0.625
667500,0.030,0.361,0.609
668000,0.030,0.410,0.559
668500,0.030,0.359,0.611
669000,0.030,0.432,0.537
669500,0.030,0.406,0.564
670000,0.030,0.314,0.656
670500,0.030,0.353,0.617
671000,0.030,0.358,0.611
671500,0.030,0.311,0.658
672000,0.030,0.304,0.665
672500,0.030,0.299,0.671
673000,0.030,0.310,0.659
673500,0.030,0.325,0.645
674000,0.030,0.329,0.641
674500,0.030,0.294,0.676
675000,0.030,0.398,0.573
675500,0.030,0.333,0.637
676000,0.030,0.333,0.637
676500,0.030,0.333,0.637
677000,0.030,0.310,0.660
677500,0.041,0.294,0.665
678000,0.033,0.262,0.706
678500,0.031,0.293,0.676
679000,0.030,0.411,0.558
679500,0.030,0.370,0.600
680000,0.030,0.355,0.615
680500,0.030,0.332,0.638
681000,0.030,0.337,0.633
681500,0.030,0.348,0.621
682000,0.030,0.344,0.626
682500,0.030,0.388,0.583
683000,0.030,0.293,0.676
683500,0.030,0.338,0.632
684000,0.032,0.398,0.571
684500,0.030,0.399,0.571
685000,0.030,0.386,0.584
685500,0.030,0.425,0.544
686000,0.030,0.379,0.591
686500,0.030,0.414,0.556
687000,0.030,0.405,0.565
687500,0.030,0.364,0.606
688000,0.030,0.318,0.652
688500,0.030,0.328,0.642
689000,0.030,0.299,0.670
689500,0.030,0.325,0.645
690000,0.030,0.321,0.649
690500,0.030,0.281,0.689
691000,0.030,0.314,0.656
691500,0.030,0.314,0.656
692000,0.030,0.322,0.648
692500,0.030,0.293,0.676
693000,0.030,0.367,0.603
693500,0.030,0.297,0.672
694000,0.030,0.351,0.619
694500,0.030,0.424,0.545
695000,0.030,0.368,0.601
695500,0.030,0.373,0.597
696000,0.030,0.331,0.639
696500,0.030,0.326,0.644
697000,0.030,0.311,0.658
697500,0.030,0.280,0.690
698000,0.030,0.336,0.634
698500,0.035,0.368,0.597
699000,0.030,0.408,0.561
699500,0.030,0.402,0.568
700000,0.030,0.383,0.587
700500,0.030,0.326,0.644
701000,0.033,0.330,0.638
701500,0.030,0.372,0.597
702000,0.030,0.441,0.529
702500,0.030,0.443,0.527
703000,0.030,0.443,0.527
703500,0.030,0.337,0.633
704000,0.030,0.349,0.621
704500,0.030,0.329,0.641
705000,0.030,0.415,0.554
705500,0.030,0.376,0.595
706000,0.030,0.363,0.607
706500,0.030,0.364,0.605
707000,0.030,0.392,0.579
707500,0.030,0.409,0.561
708000,0.030,0.404,0.567
708500,0.030,0.374,0.596
709000,0.030,0.316,0.654
709500,0.030,0.309,0.660
710000,0.030,0.380,0.591
710500,0.030,0.320,0.650
711000,0.030,0.353,0.617
711500,0.030,0.352,0.618
712000,0.030,0.388,0.583
712500,0.030,0.360,0.609
713000,0.030,0.316,0.654
713500,0.030,0.288,0.681
714000,0.030,0.285,0.684
714500,0.030,0.388,0.583
715000,0.030,0.346,0.623
715500,0.030,0.397,0.573
716000,0.030,0.401,0.569
716500,0.030,0.357,0.613
717000,0.030,0.312,0.657
717500,0.030,0.368,0.602
718000,0.030,0.403,0.567
718500,0.030,0.320,0.650
719000,0.030,0.294,0.675
719500,0.030,0.406,0.565
720000,0.030,0.315,0.655
720500,0.030,0.333,0.637
721000,0.030,0.385,0.585
721500,0.030,0.350,0.619
722000,0.030,0.291,0.679
722500,0.030,0.346,0.624
723000,0.030,0.334,0.636
723500,0.030,0.431,0.539
724000,0.030,0.404,0.567
724500,0.030,0.371,0.599
725000,0.030,0.286,0.683
725500,0.030,0.315,0.655
726000,0.030,0.348,0.621
726500,0.030,0.280,0.690
727000,0.030,0.258,0.712
727500,0.035,0.304,0.661
728000,0.031,0.342,0.627
728500,0.030,0.351,0.619
729000,0.030,0.322,0.648
729500,0.030,0.404,0.566
730000,0.030,0.413,0.556
730500,0.030,0.399,0.571
731000,0.030,0.438,0.532
731500,0.030,0.336,0.634
732000,0.030,0.330,0.640
732500,0.030,0.295,0.674
733000,0.030,0.282,0.688
733500,0.032,0.263,0.706
734000,0.032,0.328,0.641
734500,0.030,0.354,0.616
735000,0.030,0.389,0.581
735500,0.030,0.418,0.552
736000,0.030,0.422,0.548
736500,0.030,0.406,0.565
737000,0.030,0.321,0.649
737500,0.030,0.285,0.684
738000,0.030,0.337,0.633
738500,0.030,0.403,0.567
739000,0.030,0.385,0.585
739500,0.030,0.358,0.612
740000,0.030,0.343,0.627
740500,0.030,0.350,0.619
741000,0.030,0.355,0.615
741500,0.030,0.386,0.584
742000,0.030,0.469,0.500
742500,0.030,0.377,0.593
743000,0.030,0.408,0.561
743500,0.030,0.425,0.545
744000,0.030,0.385,0.585
744500,0.030,0.400,0.571
745000,0.030,0.324,0.646
745500,0.030,0.377,0.593
746000,0.030,0.370,0.599
746500,0.030,0.400,0.570
747000,0.030,0.391,0.579
747500,0.030,0.334,0.636
748000,0.030,0.400,0.570
748500,0.030,0.361,0.609
749000,0.030,0.396,0.575
749500,0.030,0.402,0.569
750000,0.030,0.370,0.599
750500,0.030,0.333,0.637
751000,0.030,0.316,0.654
751500,0.030,0.369,0.601
752000,0.030,0.344,0.626
752500,0.030,0.451,0.519
753000,0.030,0.336,0.634
753500,0.030,0.447,0.523
754000,0.030,0.414,0.555
754500,0.030,0.407,0.562
755000,0.030,0.372,0.598
755500,0.030,0.374,0.596
756000,0.030,0.396,0.574
756500,0.030,0.367,0.603
757000,0.030,0.347,0.623
757500,0.030,0.310,0.659
758000,0.030,0.347,0.623
758500,0.030,0.346,0.624
759000,0.030,0.366,0.603
759500,0.030,0.379,0.591
760000,0.030,0.418,0.551
760500,0.030,0.406,0.565
761000,0.030,0.353,0.617
761500,0.030,0.391,0.579
762000,0.030,0.317,0.653
762500,0.030,0.270,0.700
763000,0.030,0.331,0.639
763500,0.030,0.313,0.657
764000,0.030,0.326,0.644
764500,0.030,0.295,0.674
765000,0.030,0.307,0.663
765500,0.033,0.369,0.599
766000,0.030,0.341,0.629
766500,0.032,0.307,0.661
767000,0.030,0.279,0.692
767500,0.030,0.367,0.603
768000,0.030,0.330,0.640
768500,0.030,0.342,0.628
769000,0.033,0.284,0.683
769500,0.031,0.284,0.685
770000,0.030,0.406,0.563
770500,0.030,0.378,0.592
771000,0.030,0.355,0.615
771500,0.030,0.449,0.521
772000,0.030,0.432,0.537
772500,0.030,0.357,0.613
773000,0.030,0.365,0.605
773500,0.030,0.302,0.668
774000,0.030,0.365,0.605
774500,0.030,0.404,0.567
775000,0.030,0.378,0.593
775500,0.030,0.369,0.601
776000,0.030,0.421,0.549
776500,0.030,0.418,0.552
777000,0.030,0.451,0.519
777500,0.030,0.294,0.676
778000,0.030,0.372,0.597
778500,0.030,0.365,0.605
779000,0.030,0.375,0.595
779500,0.030,0.361,0.609
780000,0.030,0.395,0.575
780500,0.030,0.407,0.563
781000,0.030,0.344,0.626
781500,0.030,0.291,0.678
782000,0.030,0.349,0.621
782500,0.030,0.288,0.681
783000,0.030,0.344,0.626
783500,0.030,0.366,0.604
784000,0.030,0.316,0.654
784500,0.030,0.393,0.577
785000,0.030,0.336,0.634
785500,0.030,0.385,0.585
786000,0.030,0.326,0.644
786500,0.030,0.312,0.658
787000,0.030,0.317,0.653
787500,0.038,0.341,0.621
788000,0.030,0.282,0.687
788500,0.034,0.292,0.674
789000,0.030,0.356,0.613
789500,0.030,0.383,0.587
790000,0.030,0.333,0.637
790500,0.030,0.316,0.654
791000,0.030,0.368,0.601
791500,0.030,0.300,0.670
792000,0.030,0.269,0.702
792500,0.030,0.386,0.585
793000,0.030,0.316,0.654
793500,0.030,0.370,0.599
794000,0.030,0.397,0.573
794500,0.030,0.372,0.597
795000,0.030,0.330,0.640
795500,0.030,0.395,0.575
796000,0.030,0.393,0.577
796500,0.030,0.346,0.624
797000,0.030,0.332,0.638
797500,0.030,0.276,0.694
798000,0.033,0.377,0.590
798500,0.030,0.328,0.642
799000,0.036,0.276,0.688
799500,0.037,0.291,0.671
800000,0.033,0.230,0.738
800500,0.030,0.382,0.589
801000,0.030,0.385,0.585
801500,0.030,0.391,0.579
802000,0.030,0.344,0.626
802500,0.030,0.289,0.681
803000,0.030,0.337,0.633
803500,0.032,0.289,0.678
804000,0.030,0.320,0.650
804500,0.030,0.314,0.656
805000,0.030,0.333,0.637
805500,0.030,0.330,0.640
806000,0.030,0.320,0.650
806500,0.030,0.274,0.696
807000,0.031,0.334,0.635
807500,0.030,0.315,0.655
808000,0.030,0.295,0.674
808500,0.032,0.353,0.615
809000,0.030,0.334,0.636
809500,0.030,0.341,0.629
810000,0.030,0.384,0.586
810500,0.030,0.311,0.658
811000,0.030,0.338,0.632
811500,0.030,0.374,0.596
812000,0.030,0.286,0.683
812500,0.030,0.379,0.591
813000,0.030,0.412,0.558
813500,0.030,0.358,0.612
814000,0.030,0.351,0.619
814500,0.030,0.376,0.594
815000,0.030,0.415,0.554
815500,0.035,0.274,0.691
816000,0.030,0.297,0.673
816500,0.030,0.298,0.671
817000,0.030,0.349,0.621
817500,0.030,0.379,0.591
818000,0.030,0.334,0.636
818500,0.032,0.330,0.639
819000,0.030,0.416,0.554
819500,0.030,0.366,0.603
820000,0.030,0.338,0.632
820500,0.030,0.342,0.628
821000,0.030,0.379,0.591
821500,0.030,0.361,0.609
822000,0.030,0.408,0.562
822500,0.030,0.354,0.615
823000,0.030,0.382,0.588
823500,0.030,0.303,0.667
824000,0.031,0.298,0.671
824500,0.030,0.318,0.651
825000,0.030,0.420,0.550
825500,0.030,0.384,0.586
826000,0.030,0.388,0.582
826500,0.030,0.424,0.545
827000,0.030,0.414,0.556
827500,0.030,0.396,0.574
828000,0.030,0.343,0.627
828500,0.034,0.422,0.543
829000,0.030,0.390,0.580
829500,0.030,0.355,0.615
830000,0.030,0.441,0.529
830500,0.030,0.312,0.657
831000,0.030,0.316,0.654
831500,0.030,0.358,0.611
832000,0.034,0.283,0.683
832500,0.030,0.341,0.629
833000,0.030,0.349,0.621
833500,0.030,0.388,0.583
834000,0.030,0.414,0.556
834500,0.030,0.394,0.576
835000,0.030,0.324,0.646
835500,0.032,0.286,0.681
836000,0.030,0.311,0.658
836500,0.035,0.270,0.696
837000,0.030,0.316,0.653
837500,0.032,0.346,0.622
838000,0.030,0.280,0.690
838500,0.030,0.312,0.657
839000,0.030,0.359,0.611
839500,0.030,0.338,0.632
840000,0.032,0.247,0.721
840500,0.030,0.333,0.637
841000,0.030,0.381,0.589
841500,0.030,0.327,0.643
842000,0.030,0.379,0.591
842500,0.030,0.294,0.675
843000,0.030,0.375,0.595
843500,0.030,0.395,0.575
844000,0.030,0.394,0.577
844500,0.030,0.378,0.592
845000,0.030,0.328,0.642
845500,0.030,0.302,0.668
846000,0.030,0.309,0.661
846500,0.030,0.387,0.583
847000,0.030,0.405,0.565
847500,0.030,0.334,0.636
848000,0.030,0.381,0.589
848500,0.030,0.372,0.598
849000,0.030,0.434,0.535
849500,0.030,0.358,0.611
850000,0.030,0.409,0.560
850500,0.030,0.337,0.633
851000,0.030,0.301,0.668
851500,0.030,0.384,0.587
852000,0.030,0.302,0.668
852500,0.040,0.268,0.692
853000,0.035,0.217,0.747
853500,0.031,0.324,0.645
854000,0.030,0.386,0.585
854500,0.030,0.350,0.620
855000,0.030,0.414,0.555
855500,0.030,0.342,0.628
856000,0.030,0.353,0.617
856500,0.030,0.356,0.614
857000,0.030,0.271,0.699
857500,0.030,0.358,0.612
858000,0.030,0.301,0.668
858500,0.030,0.376,0.595
859000,0.030,0.350,0.620
859500,0.030,0.302,0.667
860000,0.031,0.379,0.591
860500,0.030,0.331,0.639
861000,0.030,0.398,0.573
861500,0.030,0.416,0.554
862000,0.030,0.370,0.599
862500,0.030,0.359,0.611
863000,0.030,0.328,0.642
863500,0.030,0.343,0.627
864000,0.039,0.325,0.636
864500,0.040,0.223,0.737
865000,0.031,0.317,0.652
865500,0.030,0.282,0.688
866000,0.030,0.380,0.591
866500,0.030,0.337,0.633
867000,0.030,0.379,0.591
867500,0.030,0.356,0.613
868000,0.030,0.394,0.577
868500,0.030,0.368,0.601
869000,0.030,0.382,0.588
869500,0.030,0.400,0.570
870000,0.030,0.344,0.625
870500,0.030,0.376,0.594
871000,0.030,0.351,0.619
871500,0.030,0.355,0.615
872000,0.030,0.398,0.573
872500,0.030,0.391,0.579
873000,0.030,0.368,0.601
873500,0.030,0.344,0.626
874000,0.030,0.319,0.651
874500,0.030,0.375,0.595
875000,0.030,0.398,0.573
875500,0.030,0.382,0.588
876000,0.030,0.363,0.607
876500,0.030,0.394,0.576
877000,0.030,0.372,0.597
877500,0.030,0.284,0.686
878000,0.030,0.384,0.587
878500,0.030,0.369,0.601
879000,0.030,0.345,0.625
879500,0.030,0.352,0.617
880000,0.030,0.368,0.601
880500,0.030,0.354,0.616
881000,0.030,0.391,0.579
881500,0.030,0.403,0.567
882000,0.030,0.292,0.677
882500,0.030,0.281,0.690
883000,0.030,0.320,0.650
883500,0.030,0.336,0.634
884000,0.030,0.391,0.579
884500,0.030,0.394,0.576
885000,0.030,0.334,0.636
885500,0.030,0.343,0.627
886000,0.032,0.349,0.619
886500,0.030,0.407,0.562
887000,0.030,0.390,0.580
887500,0.030,0.298,0.671
888000,0.030,0.396,0.574
888500,0.030,0.367,0.603
889000,0.030,0.444,0.526
889500,0.030,0.377,0.593
890000,0.030,0.375,0.595
890500,0.030,0.358,0.612
891000,0.030,0.363,0.607
891500,0.030,0.387,0.583
892000,0.030,0.346,0.624
892500,0.030,0.310,0.660
893000,0.030,0.386,0.585
893500,0.034,0.320,0.647
894000,0.030,0.351,0.619
894500,0.032,0.282,0.685
895000,0.035,0.243,0.721
895500,0.030,0.316,0.654
896000,0.030,0.341,0.629
896500,0.030,0.420,0.549
897000,0.030,0.409,0.561
897500,0.030,0.357,0.613
898000,0.030,0.313,0.657
898500,0.030,0.355,0.615
899000,0.030,0.293,0.677
899500,0.030,0.330,0.640
900000,0.039,0.319,0.642
900500,0.030,0.357,0.613
901000,0.030,0.286,0.683
901500,0.030,0.354,0.616
902000,0.030,0.407,0.562
902500,0.030,0.401,0.569
903000,0.030,0.379,0.591
903500,0.034,0.290,0.676
904000,0.030,0.383,0.587
904500,0.030,0.371,0.599
905000,0.030,0.354,0.616
905500,0.030,0.330,0.640
906000,0.030,0.357,0.613
906500,0.030,0.352,0.618
907000,0.030,0.327,0.643
907500,0.030,0.354,0.615
908000,0.032,0.393,0.575
908500,0.030,0.385,0.585
909000,0.030,0.331,0.639
909500,0.030,0.316,0.654
910000,0.030,0.401,0.569
910500,0.030,0.463,0.507
911000,0.030,0.435,0.535
911500,0.030,0.308,0.661
912000,0.030,0.244,0.726
912500,0.032,0.299,0.669
913000,0.030,0.349,0.621
913500,0.030,0.419,0.551
914000,0.030,0.367,0.603
914500,0.030,0.264,0.706
915000,0.030,0.291,0.679
915500,0.030,0.378,0.593
916000,0.030,0.339,0.631
916500,0.030,0.306,0.663
917000,0.030,0.361,0.609
917500,0.030,0.450,0.520
918000,0.030,0.434,0.536
918500,0.030,0.402,0.568
919000,0.030,0.399,0.571
919500,0.030,0.446,0.524
920000,0.030,0.325,0.645
920500,0.030,0.353,0.617
921000,0.033,0.360,0.607
921500,0.030,0.373,0.597
922000,0.030,0.405,0.565
922500,0.030,0.394,0.576
923000,0.030,0.393,0.577
923500,0.030,0.406,0.564
924000,0.030,0.327,0.643
924500,0.030,0.342,0.628
925000,0.030,0.383,0.587
925500,0.030,0.383,0.587
926000,0.030,0.388,0.583
926500,0.030,0.323,0.647
927000,0.030,0.391,0.579
927500,0.030,0.309,0.660
928000,0.033,0.274,0.693
928500,0.030,0.348,0.622
929000,0.030,0.351,0.619
929500,0.030,0.395,0.575
930000,0.030,0.293,0.677
930500,0.030,0.295,0.675
931000,0.030,0.428,0.542
931500,0.030,0.341,0.629
932000,0.030,0.278,0.692
932500,0.030,0.401,0.569
933000,0.030,0.390,0.580
933500,0.030,0.380,0.591
934000,0.030,0.422,0.547
934500,0.030,0.366,0.604
935000,0.030,0.341,0.629
935500,0.030,0.310,0.659
936000,0.030,0.382,0.589
936500,0.030,0.389,0.581
937000,0.030,0.413,0.557
937500,0.030,0.426,0.544
938000,0.030,0.402,0.569
938500,0.030,0.408,0.562
939000,0.030,0.417,0.553
939500,0.030,0.333,0.637
940000,0.030,0.355,0.615
940500,0.030,0.345,0.625
941000,0.030,0.383,0.587
941500,0.030,0.419,0.551
942000,0.030,0.345,0.625
942500,0.030,0.354,0.616
943000,0.030,0.402,0.568
943500,0.030,0.344,0.626
944000,0.030,0.301,0.669
944500,0.030,0.347,0.623
945000,0.030,0.399,0.571
945500,0.030,0.310,0.659
946000,0.030,0.329,0.641
946500,0.030,0.406,0.564
947000,0.033,0.346,0.622
947500,0.030,0.351,0.618
948000,0.030,0.418,0.551
948500,0.030,0.408,0.561
949000,0.030,0.366,0.603
949500,0.030,0.285,0.684
950000,0.030,0.318,0.652
950500,0.030,0.272,0.698
951000,0.030,0.365,0.605
951500,0.030,0.337,0.633
952000,0.030,0.315,0.655
952500,0.030,0.372,0.597
953000,0.030,0.391,0.579
953500,0.030,0.302,0.668
954000,0.030,0.376,0.595
954500,0.030,0.385,0.585
955000,0.030,0.397,0.573
955500,0.030,0.398,0.573
956000,0.030,0.336,0.634
956500,0.030,0.426,0.543
957000,0.030,0.372,0.597
957500,0.030,0.341,0.629
958000,0.030,0.311,0.658
958500,0.030,0.342,0.628
959000,0.030,0.252,0.718
959500,0.030,0.344,0.625
960000,0.030,0.358,0.611
960500,0.030,0.391,0.579
961000,0.030,0.353,0.617
961500,0.030,0.290,0.679
962000,0.032,0.269,0.700
962500,0.034,0.221,0.746
963000,0.030,0.344,0.625
963500,0.030,0.331,0.639
964000,0.030,0.316,0.654
964500,0.030,0.373,0.597
965000,0.030,0.282,0.688
965500,0.035,0.277,0.688
966000,0.030,0.350,0.620
966500,0.030,0.388,0.583
967000,0.030,0.348,0.621
967500,0.030,0.344,0.626
968000,0.031,0.302,0.666
968500,0.030,0.388,0.582
969000,0.030,0.400,0.570
969500,0.030,0.304,0.666
970000,0.030,0.357,0.613
970500,0.030,0.360,0.609
971000,0.030,0.364,0.606
971500,0.030,0.356,0.613
972000,0.030,0.324,0.646
972500,0.030,0.357,0.613
973000,0.030,0.332,0.638
973500,0.030,0.328,0.642
974000,0.030,0.290,0.679
974500,0.030,0.349,0.621
975000,0.030,0.338,0.632
975500,0.030,0.338,0.632
976000,0.030,0.389,0.581
976500,0.030,0.420,0.549
977000,0.030,0.416,0.554
977500,0.030,0.403,0.567
978000,0.030,0.354,0.616
978500,0.030,0.332,0.638
979000,0.030,0.475,0.494
979500,0.030,0.376,0.595
980000,0.030,0.379,0.591
980500,0.030,0.367,0.603
981000,0.030,0.418,0.552
981500,0.030,0.388,0.582
982000,0.030,0.387,0.583
982500,0.030,0.363,0.607
983000,0.030,0.383,0.587
983500,0.030,0.395,0.575
984000,0.030,0.382,0.589
984500,0.030,0.371,0.599
985000,0.030,0.341,0.629
985500,0.030,0.289,0.680
986000,0.030,0.415,0.555
986500,0.030,0.389,0.581
987000,0.030,0.441,0.529
987500,0.030,0.444,0.526
988000,0.030,0.374,0.595
988500,0.030,0.382,0.589
989000,0.030,0.354,0.616
989500,0.030,0.352,0.617
990000,0.030,0.381,0.589
990500,0.030,0.316,0.654
991000,0.030,0.373,0.597
991500,0.030,0.328,0.642
992000,0.030,0.332,0.638
992500,0.030,0.346,0.624
993000,0.030,0.339,0.631
993500,0.030,0.368,0.601
994000,0.030,0.364,0.606
994500,0.030,0.370,0.599
995000,0.030,0.304,0.666
995500,0.030,0.387,0.583
996000,0.030,0.373,0.597
996500,0.030,0.450,0.520
997000,0.030,0.407,0.562
997500,0.030,0.363,0.607
998000,0.030,0.366,0.603
998500,0.030,0.321,0.649
999000,0.030,0.434,0.535
999500,0.030,0.375,0.595
1000000,0.030,0.355,0.615
