time,n_A+p,n_B,n_AB
500,0.010,0.956,0.034
1000,0.010,0.793,0.197
1500,0.010,0.729,0.261
2000,0.010,0.763,0.227
2500,0.010,0.734,0.256
3000,0.010,0.559,0.430
3500,0.010,0.637,0.353
4000,0.010,0.674,0.316
4500,0.010,0.564,0.426
5000,0.010,0.605,0.385
5500,0.010,0.612,0.378
6000,0.010,0.642,0.348
6500,0.010,0.540,0.450
7000,0.010,0.654,0.336
7500,0.010,0.553,0.437
8000,0.010,0.579,0.411
8500,0.010,0.532,0.458
9000,0.010,0.637,0.353
9500,0.010,0.573,0.417
10000,0.010,0.653,0.337
10500,0.010,0.697,0.293
11000,0.010,0.513,0.477
11500,0.010,0.586,0.404
12000,0.010,0.633,0.357
12500,0.010,0.610,0.380
13000,0.010,0.562,0.428
13500,0.010,0.566,0.424
14000,0.010,0.470,0.520
14500,0.010,0.523,0.467
15000,0.010,0.511,0.479
15500,0.010,0.518,0.472
16000,0.010,0.558,0.432
16500,0.010,0.523,0.467
17000,0.010,0.640,0.350
17500,0.010,0.539,0.451
18000,0.010,0.577,0.413
18500,0.010,0.599,0.391
19000,0.010,0.658,0.332
19500,0.010,0.647,0.343
20000,0.010,0.684,0.305
20500,0.010,0.686,0.303
21000,0.010,0.562,0.427
21500,0.010,0.530,0.460
22000,0.010,0.564,0.426
22500,0.010,0.548,0.442
23000,0.010,0.583,0.407
23500,0.010,0.676,0.314
24000,0.010,0.562,0.428
24500,0.010,0.594,0.396
25000,0.010,0.536,0.454
25500,0.010,0.534,0.456
26000,0.010,0.523,0.467
26500,0.010,0.590,0.400
27000,0.010,0.621,0.369
27500,0.010,0.564,0.426
28000,0.010,0.641,0.349
28500,0.010,0.695,0.295
29000,0.010,0.567,0.423
29500,0.010,0.590,0.400
30000,0.010,0.580,0.410
30500,0.010,0.570,0.420
31000,0.010,0.605,0.385
31500,0.010,0.638,0.352
32000,0.010,0.657,0.333
32500,0.010,0.608,0.382
33000,0.010,0.660,0.330
33500,0.010,0.635,0.355
34000,0.010,0.565,0.425
34500,0.010,0.622,0.368
35000,0.010,0.579,0.411
35500,0.010,0.613,0.377
36000,0.010,0.653,0.337
36500,0.010,0.629,0.361
37000,0.010,0.611,0.379
37500,0.010,0.608,0.382
38000,0.010,0.638,0.352
38500,0.010,0.593,0.397
39000,0.010,0.591,0.399
39500,0.010,0.630,0.360
40000,0.010,0.640,0.350
40500,0.010,0.700,0.290
41000,0.010,0.685,0.305
41500,0.010,0.725,0.265
42000,0.010,0.730,0.260
42500,0.010,0.680,0.309
43000,0.010,0.703,0.287
43500,0.010,0.632,0.358
44000,0.010,0.668,0.322
44500,0.010,0.647,0.343
45000,0.010,0.645,0.345
45500,0.010,0.641,0.349
46000,0.010,0.555,0.435
46500,0.010,0.534,0.456
47000,0.010,0.586,0.404
47500,0.010,0.499,0.491
48000,0.010,0.584,0.406
48500,0.010,0.479,0.511
49000,0.010,0.503,0.487
49500,0.010,0.562,0.428
50000,0.010,0.609,0.381
50500,0.010,0.614,0.376
51000,0.010,0.608,0.382
51500,0.010,0.628,0.362
52000,0.010,0.580,0.410
52500,0.010,0.557,0.432
53000,0.010,0.558,0.432
53500,0.010,0.492,0.497
54000,0.010,0.522,0.468
54500,0.010,0.505,0.485
55000,0.010,0.638,0.352
55500,0.010,0.514,0.476
56000,0.010,0.533,0.457
56500,0.010,0.567,0.423
57000,0.010,0.572,0.418
57500,0.010,0.514,0.476
58000,0.010,0.605,0.385
58500,0.010,0.640,0.350
59000,0.010,0.657,0.333
59500,0.010,0.673,0.317
60000,0.010,0.622,0.368
60500,0.010,0.630,0.360
61000,0.010,0.641,0.349
61500,0.010,0.573,0.417
62000,0.010,0.674,0.316
62500,0.010,0.635,0.355
63000,0.010,0.595,0.395
63500,0.010,0.540,0.450
64000,0.010,0.489,0.501
64500,0.010,0.574,0.416
65000,0.010,0.560,0.429
65500,0.010,0.554,0.435
66000,0.010,0.557,0.433
66500,0.010,0.486,0.504
67000,0.010,0.667,0.323
67500,0.010,0.638,0.352
68000,0.010,0.553,0.436
68500,0.010,0.510,0.480
69000,0.010,0.585,0.405
69500,0.010,0.560,0.429
70000,0.010,0.614,0.376
70500,0.010,0.581,0.409
71000,0.010,0.659,0.331
71500,0.010,0.716,0.274
72000,0.010,0.761,0.229
72500,0.010,0.675,0.315
73000,0.010,0.487,0.502
73500,0.010,0.479,0.511
74000,0.010,0.583,0.407
74500,0.010,0.579,0.411
75000,0.010,0.630,0.360
75500,0.010,0.540,0.450
76000,0.010,0.509,0.481
76500,0.010,0.459,0.531
77000,0.010,0.491,0.498
77500,0.010,0.532,0.458
78000,0.010,0.465,0.525
78500,0.010,0.506,0.484
79000,0.010,0.536,0.454
79500,0.010,0.555,0.435
80000,0.010,0.569,0.421
80500,0.010,0.598,0.392
81000,0.010,0.514,0.476
81500,0.010,0.522,0.468
82000,0.010,0.551,0.439
82500,0.010,0.595,0.395
83000,0.010,0.573,0.417
83500,0.010,0.566,0.424
84000,0.010,0.628,0.362
84500,0.010,0.585,0.405
85000,0.010,0.580,0.410
85500,0.010,0.579,0.411
86000,0.010,0.631,0.359
86500,0.010,0.627,0.363
87000,0.010,0.666,0.324
87500,0.010,0.542,0.448
88000,0.010,0.453,0.537
88500,0.010,0.458,0.532
89000,0.010,0.453,0.537
89500,0.010,0.570,0.420
90000,0.010,0.570,0.420
90500,0.010,0.609,0.381
91000,0.010,0.703,0.287
91500,0.010,0.607,0.383
92000,0.010,0.531,0.459
92500,0.010,0.526,0.464
93000,0.010,0.553,0.436
93500,0.010,0.547,0.443
94000,0.010,0.600,0.390
94500,0.010,0.557,0.433
95000,0.010,0.558,0.431
95500,0.010,0.532,0.458
96000,0.010,0.606,0.384
96500,0.010,0.616,0.374
97000,0.010,0.617,0.373
97500,0.010,0.612,0.378
98000,0.010,0.605,0.385
98500,0.010,0.620,0.370
99000,0.010,0.640,0.350
99500,0.010,0.612,0.378
100000,0.010,0.720,0.270
100500,0.010,0.701,0.289
101000,0.010,0.670,0.320
101500,0.010,0.594,0.396
102000,0.010,0.678,0.312
102500,0.010,0.692,0.298
103000,0.010,0.628,0.362
103500,0.010,0.731,0.259
104000,0.010,0.736,0.254
104500,0.010,0.617,0.373
105000,0.010,0.628,0.362
105500,0.010,0.632,0.358
106000,0.010,0.560,0.430
106500,0.010,0.595,0.395
107000,0.010,0.616,0.374
107500,0.010,0.567,0.423
108000,0.010,0.487,0.503
108500,0.010,0.449,0.541
109000,0.010,0.540,0.450
109500,0.010,0.551,0.439
110000,0.010,0.589,0.401
110500,0.010,0.603,0.387
111000,0.010,0.511,0.479
111500,0.010,0.530,0.460
112000,0.010,0.566,0.424
112500,0.010,0.634,0.356
113000,0.010,0.664,0.326
113500,0.010,0.664,0.326
114000,0.010,0.645,0.345
114500,0.010,0.612,0.378
115000,0.010,0.676,0.314
115500,0.010,0.661,0.329
116000,0.010,0.613,0.377
116500,0.010,0.620,0.370
117000,0.010,0.728,0.262
117500,0.010,0.751,0.239
118000,0.010,0.713,0.277
118500,0.010,0.533,0.457
119000,0.010,0.565,0.425
119500,0.010,0.547,0.443
120000,0.010,0.585,0.405
120500,0.010,0.509,0.481
121000,0.010,0.474,0.516
121500,0.010,0.546,0.444
122000,0.010,0.576,0.414
122500,0.010,0.585,0.405
123000,0.010,0.619,0.371
123500,0.010,0.647,0.343
124000,0.010,0.627,0.363
124500,0.010,0.649,0.341
125000,0.010,0.667,0.323
125500,0.010,0.698,0.292
126000,0.010,0.710,0.280
126500,0.010,0.578,0.412
127000,0.010,0.586,0.404
127500,0.010,0.606,0.384
128000,0.010,0.462,0.528
128500,0.010,0.451,0.539
129000,0.010,0.539,0.451
129500,0.010,0.591,0.399
130000,0.010,0.630,0.360
130500,0.010,0.730,0.260
131000,0.010,0.652,0.338
131500,0.010,0.591,0.399
132000,0.010,0.729,0.261
132500,0.010,0.617,0.373
133000,0.010,0.653,0.337
133500,0.010,0.681,0.309
134000,0.010,0.645,0.345
134500,0.010,0.634,0.356
135000,0.010,0.580,0.410
135500,0.010,0.559,0.430
136000,0.010,0.446,0.544
136500,0.010,0.536,0.454
137000,0.010,0.627,0.363
137500,0.010,0.617,0.373
138000,0.010,0.728,0.262
138500,0.010,0.603,0.387
139000,0.010,0.576,0.414
139500,0.010,0.510,0.480
140000,0.010,0.600,0.390
140500,0.010,0.618,0.372
141000,0.010,0.666,0.324
141500,0.010,0.572,0.418
142000,0.010,0.617,0.373
142500,0.010,0.575,0.415
143000,0.010,0.497,0.492
143500,0.010,0.598,0.392
144000,0.010,0.532,0.458
144500,0.010,0.528,0.462
145000,0.010,0.569,0.421
145500,0.010,0.562,0.427
146000,0.010,0.542,0.448
146500,0.010,0.474,0.516
147000,0.010,0.487,0.502
147500,0.010,0.558,0.431
148000,0.010,0.573,0.417
148500,0.010,0.632,0.358
149000,0.010,0.522,0.468
149500,0.010,0.660,0.330
150000,0.010,0.680,0.310
150500,0.010,0.608,0.382
151000,0.010,0.533,0.457
151500,0.010,0.576,0.414
152000,0.010,0.564,0.426
152500,0.010,0.512,0.478
153000,0.010,0.554,0.435
153500,0.010,0.626,0.364
154000,0.010,0.536,0.454
154500,0.010,0.493,0.497
155000,0.010,0.501,0.489
155500,0.010,0.544,0.446
156000,0.010,0.585,0.405
156500,0.010,0.510,0.480
157000,0.010,0.428,0.562
157500,0.010,0.502,0.488
158000,0.010,0.518,0.472
158500,0.010,0.472,0.518
159000,0.010,0.506,0.484
159500,0.010,0.443,0.547
160000,0.010,0.492,0.497
160500,0.010,0.492,0.498
161000,0.010,0.480,0.510
161500,0.010,0.568,0.422
162000,0.010,0.644,0.346
162500,0.010,0.701,0.289
163000,0.010,0.681,0.308
163500,0.010,0.718,0.272
164000,0.010,0.617,0.373
164500,0.010,0.663,0.327
165000,0.010,0.541,0.449
165500,0.010,0.559,0.431
166000,0.010,0.601,0.389
166500,0.010,0.561,0.429
167000,0.010,0.569,0.421
167500,0.010,0.607,0.383
168000,0.010,0.656,0.334
168500,0.010,0.619,0.371
169000,0.010,0.604,0.386
169500,0.010,0.558,0.432
170000,0.010,0.627,0.363
170500,0.010,0.613,0.377
171000,0.010,0.637,0.353
171500,0.010,0.634,0.356
172000,0.010,0.642,0.348
172500,0.010,0.660,0.330
173000,0.010,0.698,0.292
173500,0.010,0.633,0.357
174000,0.010,0.661,0.329
174500,0.010,0.749,0.241
175000,0.010,0.620,0.370
175500,0.010,0.672,0.318
176000,0.010,0.709,0.281
176500,0.010,0.694,0.296
177000,0.010,0.724,0.266
177500,0.010,0.665,0.325
178000,0.010,0.523,0.467
178500,0.010,0.571,0.419
179000,0.010,0.556,0.433
179500,0.010,0.521,0.469
180000,0.010,0.560,0.430
180500,0.010,0.531,0.459
181000,0.010,0.511,0.479
181500,0.010,0.583,0.407
182000,0.010,0.581,0.409
182500,0.010,0.555,0.434
183000,0.010,0.686,0.304
183500,0.010,0.693,0.297
184000,0.010,0.702,0.288
184500,0.010,0.613,0.377
185000,0.010,0.652,0.338
185500,0.010,0.759,0.231
186000,0.010,0.641,0.349
186500,0.010,0.566,0.424
187000,0.010,0.531,0.459
187500,0.010,0.577,0.413
188000,0.010,0.544,0.446
188500,0.010,0.586,0.404
189000,0.010,0.514,0.476
189500,0.010,0.642,0.348
190000,0.010,0.652,0.338
190500,0.010,0.584,0.406
191000,0.010,0.566,0.424
191500,0.010,0.556,0.433
192000,0.010,0.550,0.440
192500,0.010,0.579,0.411
193000,0.010,0.622,0.368
193500,0.010,0.578,0.412
194000,0.010,0.660,0.330
194500,0.010,0.648,0.342
195000,0.010,0.757,0.233
195500,0.010,0.640,0.350
196000,0.010,0.582,0.408
196500,0.010,0.613,0.377
197000,0.010,0.464,0.526
197500,0.010,0.442,0.548
198000,0.010,0.502,0.488
198500,0.010,0.572,0.418
199000,0.010,0.577,0.413
199500,0.010,0.579,0.411
200000,0.010,0.698,0.292
200500,0.010,0.620,0.370
201000,0.010,0.550,0.440
201500,0.010,0.586,0.404
202000,0.010,0.633,0.357
202500,0.010,0.635,0.355
203000,0.010,0.625,0.365
203500,0.010,0.652,0.338
204000,0.010,0.691,0.299
204500,0.010,0.598,0.392
205000,0.010,0.545,0.445
205500,0.010,0.617,0.373
206000,0.010,0.557,0.432
206500,0.010,0.528,0.462
207000,0.010,0.616,0.374
207500,0.010,0.656,0.334
208000,0.010,0.596,0.394
208500,0.010,0.578,0.412
209000,0.010,0.585,0.405
209500,0.010,0.659,0.331
210000,0.010,0.720,0.270
210500,0.010,0.726,0.264
211000,0.010,0.703,0.287
211500,0.010,0.545,0.445
212000,0.010,0.536,0.454
212500,0.010,0.586,0.404
213000,0.010,0.505,0.485
213500,0.010,0.486,0.504
214000,0.010,0.532,0.458
214500,0.010,0.565,0.425
215000,0.010,0.549,0.441
215500,0.010,0.542,0.448
216000,0.010,0.509,0.481
216500,0.010,0.527,0.463
217000,0.010,0.489,0.500
217500,0.010,0.535,0.455
218000,0.010,0.533,0.457
218500,0.010,0.494,0.495
219000,0.010,0.592,0.398
219500,0.010,0.525,0.465
220000,0.010,0.562,0.427
220500,0.010,0.524,0.466
221000,0.010,0.560,0.429
221500,0.010,0.532,0.458
222000,0.010,0.681,0.309
222500,0.010,0.633,0.357
223000,0.010,0.682,0.307
223500,0.010,0.607,0.383
224000,0.010,0.593,0.397
224500,0.010,0.608,0.382
225000,0.010,0.547,0.443
225500,0.010,0.571,0.419
226000,0.010,0.625,0.365
226500,0.010,0.622,0.368
227000,0.010,0.614,0.376
227500,0.010,0.583,0.407
228000,0.010,0.512,0.478
228500,0.010,0.588,0.402
229000,0.010,0.720,0.270
229500,0.010,0.599,0.391
230000,0.010,0.649,0.341
230500,0.010,0.663,0.327
231000,0.010,0.606,0.384
231500,0.010,0.628,0.362
232000,0.010,0.600,0.390
232500,0.010,0.553,0.437
233000,0.010,0.626,0.364
233500,0.010,0.640,0.350
234000,0.010,0.547,0.443
234500,0.010,0.600,0.390
235000,0.010,0.665,0.325
235500,0.010,0.557,0.432
236000,0.010,0.544,0.446
236500,0.010,0.545,0.445
237000,0.010,0.600,0.390
237500,0.010,0.677,0.312
238000,0.010,0.627,0.363
238500,0.010,0.564,0.426
239000,0.010,0.608,0.382
239500,0.010,0.638,0.352
240000,0.010,0.541,0.449
240500,0.010,0.460,0.530
241000,0.010,0.504,0.486
241500,0.010,0.613,0.377
242000,0.010,0.556,0.433
242500,0.010,0.618,0.372
243000,0.010,0.507,0.483
243500,0.010,0.560,0.430
244000,0.010,0.606,0.384
244500,0.010,0.554,0.435
245000,0.010,0.616,0.374
245500,0.010,0.619,0.371
246000,0.010,0.662,0.328
246500,0.010,0.606,0.384
247000,0.010,0.537,0.453
247500,0.010,0.516,0.474
248000,0.010,0.485,0.505
248500,0.010,0.650,0.340
249000,0.010,0.762,0.228
249500,0.010,0.658,0.332
250000,0.010,0.618,0.372
250500,0.010,0.643,0.347
251000,0.010,0.629,0.361
251500,0.010,0.570,0.420
252000,0.010,0.635,0.355
252500,0.010,0.571,0.419
253000,0.010,0.659,0.331
253500,0.010,0.724,0.266
254000,0.010,0.602,0.388
254500,0.010,0.617,0.373
255000,0.010,0.621,0.369
255500,0.010,0.646,0.344
256000,0.010,0.622,0.368
256500,0.010,0.609,0.381
257000,0.010,0.581,0.409
257500,0.010,0.626,0.364
258000,0.010,0.598,0.392
258500,0.010,0.539,0.451
259000,0.010,0.497,0.492
259500,0.010,0.552,0.438
260000,0.010,0.515,0.475
260500,0.010,0.550,0.440
261000,0.010,0.518,0.472
261500,0.010,0.570,0.420
262000,0.010,0.559,0.430
262500,0.010,0.558,0.432
263000,0.010,0.497,0.492
263500,0.010,0.546,0.444
264000,0.010,0.550,0.440
264500,0.010,0.592,0.398
265000,0.010,0.579,0.411
265500,0.010,0.549,0.441
266000,0.010,0.520,0.470
266500,0.010,0.554,0.435
267000,0.010,0.473,0.516
267500,0.010,0.454,0.536
268000,0.010,0.487,0.502
268500,0.010,0.604,0.386
269000,0.010,0.522,0.468
269500,0.010,0.502,0.488
270000,0.010,0.577,0.413
270500,0.010,0.588,0.402
271000,0.010,0.610,0.380
271500,0.010,0.530,0.460
272000,0.010,0.713,0.277
272500,0.010,0.605,0.385
273000,0.010,0.615,0.375
273500,0.010,0.693,0.297
274000,0.010,0.641,0.349
274500,0.010,0.556,0.433
275000,0.010,0.617,0.373
275500,0.010,0.526,0.464
276000,0.010,0.506,0.484
276500,0.010,0.567,0.423
277000,0.010,0.626,0.364
277500,0.010,0.593,0.397
278000,0.010,0.552,0.438
278500,0.010,0.546,0.444
279000,0.010,0.577,0.413
279500,0.010,0.551,0.439
280000,0.010,0.581,0.409
280500,0.010,0.588,0.402
281000,0.010,0.540,0.450
281500,0.010,0.642,0.348
282000,0.010,0.559,0.431
282500,0.010,0.524,0.466
283000,0.010,0.495,0.494
283500,0.010,0.469,0.521
284000,0.010,0.492,0.497
284500,0.010,0.581,0.409
285000,0.010,0.519,0.471
285500,0.010,0.436,0.553
286000,0.010,0.523,0.467
286500,0.010,0.576,0.414
287000,0.010,0.658,0.332
287500,0.010,0.564,0.426
288000,0.010,0.531,0.459
288500,0.010,0.519,0.471
289000,0.010,0.610,0.380
289500,0.010,0.637,0.353
290000,0.010,0.555,0.434
290500,0.010,0.500,0.490
291000,0.010,0.497,0.492
291500,0.010,0.548,0.442
292000,0.010,0.514,0.476
292500,0.010,0.544,0.446
293000,0.010,0.598,0.392
293500,0.010,0.525,0.465
294000,0.010,0.485,0.505
294500,0.010,0.475,0.514
295000,0.010,0.568,0.422
295500,0.010,0.559,0.430
296000,0.010,0.488,0.502
296500,0.010,0.442,0.548
297000,0.010,0.478,0.512
297500,0.010,0.532,0.458
298000,0.010,0.587,0.403
298500,0.010,0.506,0.484
299000,0.010,0.502,0.488
299500,0.010,0.486,0.504
300000,0.010,0.393,0.597
300500,0.010,0.430,0.560
301000,0.010,0.469,0.521
301500,0.010,0.588,0.402
302000,0.010,0.605,0.385
302500,0.010,0.603,0.387
303000,0.010,0.680,0.310
303500,0.010,0.711,0.279
304000,0.010,0.686,0.304
304500,0.010,0.708,0.282
305000,0.010,0.641,0.349
305500,0.010,0.647,0.343
306000,0.010,0.561,0.429
306500,0.010,0.460,0.530
307000,0.010,0.525,0.465
307500,0.010,0.591,0.399
308000,0.010,0.533,0.457
308500,0.010,0.508,0.482
309000,0.010,0.608,0.382
309500,0.010,0.587,0.403
310000,0.010,0.622,0.368
310500,0.010,0.540,0.450
311000,0.010,0.555,0.435
311500,0.010,0.668,0.322
312000,0.010,0.655,0.335
312500,0.010,0.650,0.340
313000,0.010,0.596,0.394
313500,0.010,0.647,0.343
314000,0.010,0.627,0.363
314500,0.010,0.588,0.402
315000,0.010,0.550,0.440
315500,0.010,0.600,0.390
316000,0.010,0.598,0.392
316500,0.010,0.659,0.331
317000,0.010,0.508,0.482
317500,0.010,0.561,0.428
318000,0.010,0.574,0.416
318500,0.010,0.498,0.492
319000,0.010,0.534,0.456
319500,0.010,0.604,0.386
320000,0.010,0.591,0.399
320500,0.010,0.574,0.416
321000,0.010,0.588,0.402
321500,0.010,0.573,0.417
322000,0.010,0.549,0.441
322500,0.010,0.555,0.435
323000,0.010,0.693,0.297
323500,0.010,0.650,0.340
324000,0.010,0.608,0.382
324500,0.010,0.663,0.327
325000,0.010,0.679,0.311
325500,0.010,0.543,0.447
326000,0.010,0.603,0.387
326500,0.010,0.600,0.390
327000,0.010,0.610,0.380
327500,0.010,0.624,0.366
328000,0.010,0.615,0.375
328500,0.010,0.529,0.461
329000,0.010,0.467,0.523
329500,0.010,0.503,0.487
330000,0.010,0.540,0.450
330500,0.010,0.586,0.404
331000,0.010,0.537,0.453
331500,0.010,0.628,0.362
332000,0.010,0.555,0.434
332500,0.010,0.532,0.458
333000,0.010,0.560,0.429
333500,0.010,0.505,0.485
334000,0.010,0.532,0.458
334500,0.010,0.511,0.479
335000,0.010,0.606,0.384
335500,0.010,0.645,0.345
336000,0.010,0.597,0.393
336500,0.010,0.567,0.423
337000,0.010,0.553,0.437
337500,0.010,0.628,0.362
338000,0.010,0.607,0.383
338500,0.010,0.629,0.361
339000,0.010,0.596,0.394
339500,0.010,0.630,0.360
340000,0.010,0.650,0.340
340500,0.010,0.661,0.329
341000,0.010,0.605,0.385
341500,0.010,0.653,0.337
342000,0.010,0.701,0.289
342500,0.010,0.574,0.416
343000,0.010,0.612,0.378
343500,0.010,0.641,0.349
344000,0.010,0.644,0.346
344500,0.010,0.611,0.379
345000,0.010,0.643,0.347
345500,0.010,0.675,0.315
346000,0.010,0.657,0.333
346500,0.010,0.571,0.419
347000,0.010,0.519,0.471
347500,0.010,0.553,0.436
348000,0.010,0.538,0.452
348500,0.010,0.598,0.392
349000,0.010,0.572,0.418
349500,0.010,0.603,0.387
350000,0.010,0.564,0.426
350500,0.010,0.598,0.392
351000,0.010,0.616,0.374
351500,0.010,0.568,0.422
352000,0.010,0.553,0.436
352500,0.010,0.561,0.428
353000,0.010,0.546,0.444
353500,0.010,0.557,0.433
354000,0.010,0.521,0.469
354500,0.010,0.663,0.327
355000,0.010,0.645,0.345
355500,0.010,0.538,0.452
356000,0.010,0.537,0.453
356500,0.010,0.641,0.349
357000,0.010,0.649,0.341
357500,0.010,0.547,0.443
358000,0.010,0.585,0.405
358500,0.010,0.566,0.424
359000,0.010,0.599,0.391
359500,0.010,0.625,0.365
360000,0.010,0.642,0.348
360500,0.010,0.644,0.346
361000,0.010,0.675,0.315
361500,0.010,0.613,0.377
362000,0.010,0.572,0.418
362500,0.010,0.534,0.456
363000,0.010,0.561,0.429
363500,0.010,0.569,0.421
364000,0.010,0.645,0.345
364500,0.010,0.646,0.344
365000,0.010,0.630,0.360
365500,0.010,0.622,0.368
366000,0.010,0.605,0.385
366500,0.010,0.548,0.442
367000,0.010,0.532,0.458
367500,0.010,0.471,0.519
368000,0.010,0.438,0.552
368500,0.010,0.494,0.495
369000,0.010,0.505,0.485
369500,0.010,0.500,0.490
370000,0.010,0.599,0.391
370500,0.010,0.491,0.498
371000,0.010,0.495,0.494
371500,0.010,0.518,0.472
372000,0.010,0.564,0.426
372500,0.010,0.517,0.473
373000,0.010,0.624,0.366
373500,0.010,0.612,0.378
374000,0.010,0.487,0.502
374500,0.010,0.569,0.421
375000,0.010,0.604,0.386
375500,0.010,0.553,0.436
376000,0.010,0.646,0.344
376500,0.010,0.640,0.350
377000,0.010,0.640,0.350
377500,0.010,0.679,0.310
378000,0.010,0.651,0.339
378500,0.010,0.612,0.378
379000,0.010,0.581,0.409
379500,0.010,0.652,0.338
380000,0.010,0.632,0.358
380500,0.010,0.597,0.393
381000,0.010,0.587,0.403
381500,0.010,0.510,0.480
382000,0.010,0.534,0.456
382500,0.010,0.547,0.443
383000,0.010,0.531,0.459
383500,0.010,0.573,0.417
384000,0.010,0.669,0.321
384500,0.010,0.743,0.247
385000,0.010,0.718,0.272
385500,0.010,0.656,0.334
386000,0.010,0.551,0.439
386500,0.010,0.644,0.346
387000,0.010,0.664,0.326
387500,0.010,0.684,0.305
388000,0.010,0.596,0.394
388500,0.010,0.504,0.486
389000,0.010,0.547,0.443
389500,0.010,0.457,0.533
390000,0.010,0.539,0.451
390500,0.010,0.531,0.459
391000,0.010,0.617,0.373
391500,0.010,0.630,0.360
392000,0.010,0.521,0.469
392500,0.010,0.496,0.493
393000,0.010,0.551,0.439
393500,0.010,0.476,0.514
394000,0.010,0.550,0.440
394500,0.010,0.566,0.424
395000,0.010,0.671,0.319
395500,0.010,0.616,0.374
396000,0.010,0.543,0.447
396500,0.010,0.565,0.425
397000,0.010,0.552,0.438
397500,0.010,0.517,0.473
398000,0.010,0.628,0.362
398500,0.010,0.561,0.428
399000,0.010,0.545,0.445
399500,0.010,0.588,0.402
400000,0.010,0.622,0.368
400500,0.010,0.667,0.323
401000,0.010,0.643,0.347
401500,0.010,0.562,0.427
402000,0.010,0.533,0.457
402500,0.010,0.564,0.426
403000,0.010,0.539,0.451
403500,0.010,0.551,0.439
404000,0.010,0.564,0.426
404500,0.010,0.567,0.423
405000,0.010,0.575,0.415
405500,0.010,0.553,0.437
406000,0.010,0.594,0.396
406500,0.010,0.636,0.354
407000,0.010,0.669,0.321
407500,0.010,0.648,0.342
408000,0.010,0.633,0.357
408500,0.010,0.639,0.351
409000,0.010,0.566,0.424
409500,0.010,0.542,0.448
410000,0.010,0.699,0.291
410500,0.010,0.672,0.318
411000,0.010,0.694,0.296
411500,0.010,0.665,0.325
412000,0.010,0.665,0.325
412500,0.010,0.656,0.334
413000,0.010,0.506,0.484
413500,0.010,0.615,0.375
414000,0.010,0.571,0.419
414500,0.010,0.651,0.339
415000,0.010,0.527,0.463
415500,0.010,0.583,0.407
416000,0.010,0.566,0.424
416500,0.010,0.557,0.432
417000,0.010,0.513,0.477
417500,0.010,0.443,0.547
418000,0.010,0.497,0.492
418500,0.010,0.512,0.478
419000,0.010,0.475,0.514
419500,0.010,0.499,0.491
420000,0.010,0.501,0.489
420500,0.010,0.569,0.421
421000,0.010,0.519,0.471
421500,0.010,0.618,0.372
422000,0.010,0.571,0.419
422500,0.010,0.506,0.484
423000,0.010,0.552,0.438
423500,0.010,0.488,0.502
424000,0.010,0.495,0.495
424500,0.010,0.613,0.377
425000,0.010,0.530,0.460
425500,0.010,0.542,0.448
426000,0.010,0.480,0.510
426500,0.010,0.486,0.504
427000,0.010,0.549,0.441
427500,0.010,0.567,0.423
428000,0.010,0.575,0.415
428500,0.010,0.567,0.423
429000,0.010,0.651,0.339
429500,0.010,0.633,0.357
430000,0.010,0.700,0.290
430500,0.010,0.634,0.356
431000,0.010,0.679,0.310
431500,0.010,0.625,0.365
432000,0.010,0.618,0.372
432500,0.010,0.594,0.396
433000,0.010,0.584,0.406
433500,0.010,0.617,0.373
434000,0.010,0.597,0.393
434500,0.010,0.576,0.414
435000,0.010,0.537,0.453
435500,0.010,0.522,0.468
436000,0.010,0.548,0.442
436500,0.010,0.527,0.463
437000,0.010,0.567,0.423
437500,0.010,0.550,0.440
438000,0.010,0.620,0.370
438500,0.010,0.582,0.408
439000,0.010,0.577,0.413
439500,0.010,0.652,0.338
440000,0.010,0.666,0.324
440500,0.010,0.665,0.325
441000,0.010,0.677,0.312
441500,0.010,0.634,0.356
442000,0.010,0.518,0.472
442500,0.010,0.476,0.514
443000,0.010,0.483,0.507
443500,0.010,0.580,0.410
444000,0.010,0.640,0.350
444500,0.010,0.547,0.443
445000,0.010,0.552,0.438
445500,0.010,0.540,0.450
446000,0.010,0.506,0.484
446500,0.010,0.519,0.471
447000,0.010,0.511,0.479
447500,0.010,0.504,0.486
448000,0.010,0.534,0.456
448500,0.010,0.420,0.570
449000,0.010,0.496,0.493
449500,0.010,0.555,0.435
450000,0.010,0.551,0.439
450500,0.010,0.595,0.395
451000,0.010,0.620,0.370
451500,0.010,0.706,0.284
452000,0.010,0.602,0.388
452500,0.010,0.586,0.404
453000,0.010,0.505,0.485
453500,0.010,0.643,0.347
454000,0.010,0.559,0.430
454500,0.010,0.504,0.486
455000,0.010,0.586,0.404
455500,0.010,0.537,0.453
456000,0.010,0.525,0.465
456500,0.010,0.484,0.506
457000,0.010,0.522,0.468
457500,0.010,0.547,0.443
458000,0.010,0.626,0.364
458500,0.010,0.503,0.487
459000,0.010,0.537,0.453
459500,0.010,0.589,0.401
460000,0.010,0.465,0.525
460500,0.010,0.577,0.413
461000,0.010,0.528,0.462
461500,0.010,0.560,0.430
462000,0.010,0.500,0.490
462500,0.010,0.411,0.579
463000,0.010,0.393,0.597
463500,0.010,0.468,0.522
464000,0.010,0.653,0.337
464500,0.010,0.686,0.304
465000,0.010,0.626,0.364
465500,0.010,0.555,0.434
466000,0.010,0.507,0.483
466500,0.010,0.513,0.477
467000,0.010,0.620,0.370
467500,0.010,0.721,0.269
468000,0.010,0.643,0.347
468500,0.010,0.653,0.337
469000,0.010,0.623,0.367
469500,0.010,0.587,0.403
470000,0.010,0.531,0.459
470500,0.010,0.543,0.447
471000,0.010,0.616,0.374
471500,0.010,0.593,0.397
472000,0.010,0.510,0.480
472500,0.010,0.449,0.541
473000,0.010,0.548,0.442
473500,0.010,0.513,0.477
474000,0.010,0.458,0.532
474500,0.010,0.520,0.470
475000,0.010,0.534,0.456
475500,0.010,0.602,0.388
476000,0.010,0.573,0.417
476500,0.010,0.632,0.358
477000,0.010,0.486,0.504
477500,0.010,0.535,0.455
478000,0.010,0.545,0.445
478500,0.010,0.522,0.468
479000,0.010,0.532,0.458
479500,0.010,0.487,0.502
480000,0.010,0.596,0.394
480500,0.010,0.482,0.508
481000,0.010,0.582,0.408
481500,0.010,0.623,0.367
482000,0.010,0.670,0.320
482500,0.010,0.632,0.358
483000,0.010,0.599,0.391
483500,0.010,0.506,0.484
484000,0.010,0.533,0.457
484500,0.010,0.611,0.379
485000,0.010,0.560,0.430
485500,0.010,0.629,0.361
486000,0.010,0.619,0.371
486500,0.010,0.641,0.349
487000,0.010,0.587,0.403
487500,0.010,0.601,0.389
488000,0.010,0.564,0.426
488500,0.010,0.606,0.384
489000,0.010,0.569,0.421
489500,0.010,0.590,0.400
490000,0.010,0.627,0.363
490500,0.010,0.615,0.375
491000,0.010,0.517,0.473
491500,0.010,0.535,0.455
492000,0.010,0.622,0.368
492500,0.010,0.550,0.440
493000,0.010,0.536,0.454
493500,0.010,0.651,0.339
494000,0.010,0.589,0.401
494500,0.010,0.580,0.410
495000,0.010,0.584,0.406
495500,0.010,0.620,0.370
496000,0.010,0.688,0.302
496500,0.010,0.592,0.398
497000,0.010,0.625,0.365
497500,0.010,0.511,0.479
498000,0.010,0.517,0.473
498500,0.010,0.602,0.388
499000,0.010,0.512,0.478
499500,0.010,0.498,0.492
500000,0.010,0.526,0.464
500500,0.010,0.698,0.292
501000,0.010,0.657,0.333
501500,0.010,0.660,0.330
502000,0.010,0.708,0.282
502500,0.010,0.639,0.351
503000,0.010,0.682,0.308
503500,0.010,0.690,0.300
504000,0.010,0.609,0.381
504500,0.010,0.652,0.338
505000,0.010,0.602,0.388
505500,0.010,0.556,0.433
506000,0.010,0.620,0.370
506500,0.010,0.650,0.340
507000,0.010,0.745,0.245
507500,0.010,0.664,0.326
508000,0.010,0.662,0.328
508500,0.010,0.605,0.385
509000,0.010,0.488,0.502
509500,0.010,0.431,0.558
510000,0.010,0.511,0.479
510500,0.010,0.496,0.493
511000,0.010,0.502,0.488
511500,0.010,0.530,0.460
512000,0.010,0.618,0.372
512500,0.010,0.645,0.345
513000,0.010,0.653,0.337
513500,0.010,0.734,0.256
514000,0.010,0.678,0.311
514500,0.010,0.701,0.289
515000,0.010,0.556,0.434
515500,0.010,0.514,0.476
516000,0.010,0.513,0.477
516500,0.010,0.568,0.422
517000,0.010,0.496,0.493
517500,0.010,0.514,0.476
518000,0.010,0.582,0.408
518500,0.010,0.581,0.409
519000,0.010,0.596,0.394
519500,0.010,0.624,0.366
520000,0.010,0.597,0.393
520500,0.010,0.617,0.373
521000,0.010,0.588,0.402
521500,0.010,0.516,0.474
522000,0.010,0.519,0.471
522500,0.010,0.591,0.399
523000,0.010,0.514,0.476
523500,0.010,0.593,0.397
524000,0.010,0.533,0.457
524500,0.010,0.521,0.469
525000,0.010,0.589,0.401
525500,0.010,0.567,0.423
526000,0.010,0.593,0.397
526500,0.010,0.492,0.498
527000,0.010,0.512,0.478
527500,0.010,0.559,0.431
528000,0.010,0.557,0.433
528500,0.010,0.620,0.370
529000,0.010,0.585,0.405
529500,0.010,0.623,0.367
530000,0.010,0.543,0.447
530500,0.010,0.589,0.401
531000,0.010,0.622,0.368
531500,0.010,0.596,0.394
532000,0.010,0.501,0.489
532500,0.010,0.434,0.555
533000,0.010,0.548,0.442
533500,0.010,0.502,0.488
534000,0.010,0.582,0.408
534500,0.010,0.535,0.455
535000,0.010,0.531,0.459
535500,0.010,0.579,0.411
536000,0.010,0.610,0.380
536500,0.010,0.587,0.403
537000,0.010,0.637,0.353
537500,0.010,0.645,0.345
538000,0.010,0.633,0.357
538500,0.010,0.521,0.469
539000,0.010,0.501,0.489
539500,0.010,0.585,0.405
540000,0.010,0.645,0.345
540500,0.010,0.619,0.371
541000,0.010,0.589,0.401
541500,0.010,0.573,0.417
542000,0.010,0.551,0.439
542500,0.010,0.675,0.315
543000,0.010,0.701,0.289
543500,0.010,0.664,0.326
544000,0.010,0.686,0.304
544500,0.010,0.745,0.245
545000,0.010,0.618,0.372
545500,0.010,0.621,0.369
546000,0.010,0.680,0.309
546500,0.010,0.643,0.347
547000,0.010,0.681,0.308
547500,0.010,0.712,0.278
548000,0.010,0.791,0.199
548500,0.010,0.631,0.359
549000,0.010,0.597,0.393
549500,0.010,0.609,0.381
550000,0.010,0.669,0.321
550500,0.010,0.661,0.329
551000,0.010,0.647,0.343
551500,0.010,0.516,0.474
552000,0.010,0.548,0.442
552500,0.010,0.610,0.380
553000,0.010,0.550,0.440
553500,0.010,0.599,0.391
554000,0.010,0.562,0.428
554500,0.010,0.598,0.392
555000,0.010,0.581,0.409
555500,0.010,0.503,0.487
556000,0.010,0.604,0.386
556500,0.010,0.560,0.430
557000,0.010,0.507,0.483
557500,0.010,0.498,0.491
558000,0.010,0.508,0.482
558500,0.010,0.626,0.364
559000,0.010,0.605,0.385
559500,0.010,0.670,0.320
560000,0.010,0.682,0.307
560500,0.010,0.591,0.399
561000,0.010,0.598,0.392
561500,0.010,0.578,0.412
562000,0.010,0.461,0.529
562500,0.010,0.467,0.523
563000,0.010,0.613,0.377
563500,0.010,0.508,0.482
564000,0.010,0.581,0.409
564500,0.010,0.560,0.430
565000,0.010,0.517,0.473
565500,0.010,0.511,0.479
566000,0.010,0.473,0.516
566500,0.010,0.487,0.502
567000,0.010,0.578,0.412
567500,0.010,0.474,0.516
568000,0.010,0.486,0.504
568500,0.010,0.583,0.407
569000,0.010,0.494,0.495
569500,0.010,0.526,0.464
570000,0.010,0.491,0.499
570500,0.010,0.544,0.446
571000,0.010,0.473,0.516
571500,0.010,0.508,0.482
572000,0.010,0.535,0.455
572500,0.010,0.654,0.336
573000,0.010,0.653,0.337
573500,0.010,0.576,0.414
574000,0.010,0.564,0.426
574500,0.010,0.547,0.443
575000,0.010,0.549,0.441
575500,0.010,0.662,0.328
576000,0.010,0.593,0.397
576500,0.010,0.578,0.412
577000,0.010,0.607,0.383
577500,0.010,0.595,0.395
578000,0.010,0.523,0.467
578500,0.010,0.474,0.516
579000,0.010,0.471,0.519
579500,0.010,0.618,0.372
580000,0.010,0.482,0.508
580500,0.010,0.523,0.467
581000,0.010,0.518,0.472
581500,0.010,0.567,0.423
582000,0.010,0.520,0.470
582500,0.010,0.524,0.466
583000,0.010,0.634,0.356
583500,0.010,0.525,0.465
584000,0.010,0.594,0.396
584500,0.010,0.547,0.443
585000,0.010,0.518,0.472
585500,0.010,0.513,0.477
586000,0.010,0.540,0.450
586500,0.010,0.588,0.402
587000,0.010,0.526,0.464
587500,0.010,0.580,0.410
588000,0.010,0.676,0.314
588500,0.010,0.603,0.387
589000,0.010,0.633,0.357
589500,0.010,0.547,0.443
590000,0.010,0.489,0.501
590500,0.010,0.528,0.462
591000,0.010,0.479,0.510
591500,0.010,0.513,0.477
592000,0.010,0.591,0.399
592500,0.010,0.541,0.449
593000,0.010,0.543,0.447
593500,0.010,0.588,0.402
594000,0.010,0.566,0.424
594500,0.010,0.559,0.431
595000,0.010,0.482,0.508
595500,0.010,0.635,0.355
596000,0.010,0.728,0.262
596500,0.010,0.634,0.356
597000,0.010,0.624,0.366
597500,0.010,0.655,0.335
598000,0.010,0.584,0.406
598500,0.010,0.549,0.441
599000,0.010,0.511,0.479
599500,0.010,0.519,0.471
600000,0.010,0.594,0.396
600500,0.010,0.593,0.397
601000,0.010,0.595,0.395
601500,0.010,0.598,0.392
602000,0.010,0.587,0.403
602500,0.010,0.571,0.419
603000,0.010,0.673,0.317
603500,0.010,0.679,0.310
604000,0.010,0.653,0.337
604500,0.010,0.622,0.368
605000,0.010,0.710,0.280
605500,0.010,0.666,0.324
606000,0.010,0.551,0.439
606500,0.010,0.601,0.389
607000,0.010,0.637,0.353
607500,0.010,0.625,0.365
608000,0.010,0.563,0.427
608500,0.010,0.496,0.494
609000,0.010,0.554,0.436
609500,0.010,0.465,0.525
610000,0.010,0.394,0.597
610500,0.010,0.442,0.548
611000,0.010,0.490,0.499
611500,0.010,0.570,0.420
612000,0.010,0.571,0.419
612500,0.010,0.562,0.427
613000,0.010,0.477,0.512
613500,0.010,0.496,0.493
614000,0.010,0.587,0.403
614500,0.010,0.608,0.382
615000,0.010,0.625,0.365
615500,0.010,0.658,0.332
616000,0.010,0.569,0.421
616500,0.010,0.561,0.428
617000,0.010,0.561,0.429
617500,0.010,0.551,0.439
618000,0.010,0.618,0.372
618500,0.010,0.622,0.368
619000,0.010,0.544,0.446
619500,0.010,0.482,0.508
620000,0.010,0.532,0.458
620500,0.010,0.538,0.452
621000,0.010,0.549,0.441
621500,0.010,0.550,0.440
622000,0.010,0.562,0.427
622500,0.010,0.540,0.450
623000,0.010,0.494,0.496
623500,0.010,0.531,0.459
624000,0.010,0.510,0.480
624500,0.010,0.603,0.387
625000,0.010,0.654,0.336
625500,0.010,0.516,0.474
626000,0.010,0.489,0.501
626500,0.010,0.509,0.481
627000,0.010,0.599,0.391
627500,0.010,0.576,0.414
628000,0.010,0.546,0.444
628500,0.010,0.514,0.476
629000,0.010,0.458,0.532
629500,0.010,0.532,0.458
630000,0.010,0.570,0.420
630500,0.010,0.569,0.421
631000,0.010,0.500,0.490
631500,0.010,0.517,0.473
632000,0.010,0.552,0.438
632500,0.010,0.593,0.397
633000,0.010,0.547,0.443
633500,0.010,0.593,0.397
634000,0.010,0.619,0.371
634500,0.010,0.578,0.412
635000,0.010,0.586,0.404
635500,0.010,0.676,0.314
636000,0.010,0.570,0.420
636500,0.010,0.638,0.352
637000,0.010,0.573,0.417
637500,0.010,0.562,0.427
638000,0.010,0.508,0.482
638500,0.010,0.475,0.514
639000,0.010,0.511,0.479
639500,0.010,0.543,0.447
640000,0.010,0.508,0.482
640500,0.010,0.566,0.424
641000,0.010,0.532,0.458
641500,0.010,0.541,0.449
642000,0.010,0.545,0.445
642500,0.010,0.560,0.429
643000,0.010,0.576,0.414
643500,0.010,0.650,0.340
644000,0.010,0.610,0.380
644500,0.010,0.592,0.398
645000,0.010,0.586,0.404
645500,0.010,0.685,0.304
646000,0.010,0.603,0.387
646500,0.010,0.689,0.301
647000,0.010,0.683,0.306
647500,0.010,0.641,0.349
648000,0.010,0.539,0.451
648500,0.010,0.548,0.442
649000,0.010,0.613,0.377
649500,0.010,0.545,0.445
650000,0.010,0.577,0.413
650500,0.010,0.571,0.419
651000,0.010,0.674,0.316
651500,0.010,0.652,0.338
652000,0.010,0.686,0.304
652500,0.010,0.638,0.352
653000,0.010,0.562,0.428
653500,0.010,0.542,0.448
654000,0.010,0.587,0.403
654500,0.010,0.661,0.329
655000,0.010,0.634,0.356
655500,0.010,0.559,0.431
656000,0.010,0.648,0.342
656500,0.010,0.570,0.420
657000,0.010,0.650,0.340
657500,0.010,0.560,0.429
658000,0.010,0.596,0.394
658500,0.010,0.667,0.323
659000,0.010,0.651,0.339
659500,0.010,0.473,0.516
660000,0.010,0.526,0.464
660500,0.010,0.626,0.364
661000,0.010,0.581,0.409
661500,0.010,0.649,0.341
662000,0.010,0.550,0.440
662500,0.010,0.491,0.498
663000,0.010,0.520,0.470
663500,0.010,0.551,0.439
664000,0.010,0.561,0.429
664500,0.010,0.623,0.367
665000,0.010,0.539,0.451
665500,0.010,0.637,0.353
666000,0.010,0.634,0.356
666500,0.010,0.577,0.413
667000,0.010,0.559,0.431
667500,0.010,0.556,0.434
668000,0.010,0.549,0.441
668500,0.010,0.555,0.435
669000,0.010,0.614,0.376
669500,0.010,0.670,0.320
670000,0.010,0.690,0.300
670500,0.010,0.628,0.362
671000,0.010,0.684,0.305
671500,0.010,0.654,0.336
672000,0.010,0.677,0.312
672500,0.010,0.643,0.347
673000,0.010,0.571,0.419
673500,0.010,0.600,0.390
674000,0.010,0.659,0.331
674500,0.010,0.598,0.392
675000,0.010,0.630,0.360
675500,0.010,0.592,0.398
676000,0.010,0.614,0.376
676500,0.010,0.652,0.338
677000,0.010,0.743,0.247
677500,0.010,0.678,0.312
678000,0.010,0.609,0.381
678500,0.010,0.590,0.400
679000,0.010,0.554,0.435
679500,0.010,0.586,0.404
680000,0.010,0.619,0.371
680500,0.010,0.598,0.392
681000,0.010,0.451,0.539
681500,0.010,0.672,0.318
682000,0.010,0.697,0.293
682500,0.010,0.658,0.332
683000,0.010,0.672,0.318
683500,0.010,0.626,0.364
684000,0.010,0.633,0.357
684500,0.010,0.563,0.427
685000,0.010,0.640,0.350
685500,0.010,0.708,0.282
686000,0.010,0.671,0.319
686500,0.010,0.642,0.348
687000,0.010,0.638,0.352
687500,0.010,0.549,0.441
688000,0.010,0.525,0.465
688500,0.010,0.563,0.427
689000,0.010,0.625,0.365
689500,0.010,0.570,0.420
690000,0.010,0.510,0.480
690500,0.010,0.552,0.438
691000,0.010,0.571,0.419
691500,0.010,0.568,0.422
692000,0.010,0.657,0.333
692500,0.010,0.631,0.359
693000,0.010,0.604,0.386
693500,0.010,0.589,0.401
694000,0.010,0.703,0.287
694500,0.010,0.639,0.351
695000,0.010,0.560,0.430
695500,0.010,0.606,0.384
696000,0.010,0.696,0.294
696500,0.010,0.614,0.376
697000,0.010,0.624,0.366
697500,0.010,0.674,0.316
698000,0.010,0.668,0.322
698500,0.010,0.668,0.322
699000,0.010,0.576,0.414
699500,0.010,0.578,0.412
700000,0.010,0.530,0.460
700500,0.010,0.493,0.497
701000,0.010,0.545,0.445
701500,0.010,0.488,0.502
702000,0.010,0.389,0.601
702500,0.010,0.416,0.574
703000,0.010,0.557,0.432
703500,0.010,0.581,0.409
704000,0.010,0.564,0.426
704500,0.010,0.562,0.428
705000,0.010,0.561,0.428
705500,0.010,0.599,0.391
706000,0.010,0.561,0.429
706500,0.010,0.536,0.454
707000,0.010,0.589,0.401
707500,0.010,0.588,0.402
708000,0.010,0.492,0.498
708500,0.010,0.559,0.430
709000,0.010,0.545,0.445
709500,0.010,0.653,0.337
710000,0.010,0.626,0.364
710500,0.010,0.548,0.442
711000,0.010,0.584,0.406
711500,0.010,0.509,0.481
712000,0.010,0.476,0.514
712500,0.010,0.545,0.445
713000,0.010,0.556,0.434
713500,0.010,0.601,0.389
714000,0.010,0.608,0.382
714500,0.010,0.601,0.389
715000,0.010,0.583,0.407
715500,0.010,0.538,0.452
716000,0.010,0.447,0.543
716500,0.010,0.554,0.435
717000,0.010,0.558,0.431
717500,0.010,0.567,0.423
718000,0.010,0.557,0.433
718500,0.010,0.605,0.385
719000,0.010,0.692,0.298
719500,0.010,0.685,0.304
720000,0.010,0.598,0.392
720500,0.010,0.611,0.379
721000,0.010,0.558,0.431
721500,0.010,0.418,0.572
722000,0.010,0.542,0.448
722500,0.010,0.569,0.421
723000,0.010,0.535,0.455
723500,0.010,0.622,0.368
724000,0.010,0.649,0.341
724500,0.010,0.712,0.278
725000,0.010,0.659,0.331
725500,0.010,0.584,0.406
726000,0.010,0.491,0.499
726500,0.010,0.667,0.323
727000,0.010,0.605,0.385
727500,0.010,0.606,0.384
728000,0.010,0.611,0.379
728500,0.010,0.533,0.457
729000,0.010,0.687,0.303
729500,0.010,0.578,0.412
730000,0.010,0.592,0.398
730500,0.010,0.531,0.459
731000,0.010,0.599,0.391
731500,0.010,0.508,0.482
732000,0.010,0.543,0.447
732500,0.010,0.523,0.467
733000,0.010,0.589,0.401
733500,0.010,0.611,0.379
734000,0.010,0.597,0.393
734500,0.010,0.514,0.476
735000,0.010,0.584,0.406
735500,0.010,0.662,0.328
736000,0.010,0.662,0.328
736500,0.010,0.609,0.381
737000,0.010,0.649,0.341
737500,0.010,0.670,0.320
738000,0.010,0.645,0.345
738500,0.010,0.667,0.323
739000,0.010,0.568,0.422
739500,0.010,0.546,0.444
740000,0.010,0.636,0.354
740500,0.010,0.582,0.408
741000,0.010,0.620,0.370
741500,0.010,0.526,0.464
742000,0.010,0.499,0.490
742500,0.010,0.523,0.467
743000,0.010,0.519,0.471
743500,0.010,0.447,0.543
744000,0.010,0.464,0.526
744500,0.010,0.546,0.444
745000,0.010,0.586,0.404
745500,0.010,0.543,0.447
746000,0.010,0.580,0.410
746500,0.010,0.552,0.438
747000,0.010,0.486,0.504
747500,0.010,0.550,0.440
748000,0.010,0.595,0.395
748500,0.010,0.528,0.462
749000,0.010,0.488,0.502
749500,0.010,0.530,0.460
750000,0.010,0.627,0.363
750500,0.010,0.560,0.429
751000,0.010,0.585,0.405
751500,0.010,0.606,0.384
752000,0.010,0.614,0.376
752500,0.010,0.598,0.392
753000,0.010,0.618,0.372
753500,0.010,0.633,0.357
754000,0.010,0.585,0.405
754500,0.010,0.646,0.344
755000,0.010,0.545,0.445
755500,0.010,0.579,0.411
756000,0.010,0.609,0.381
756500,0.010,0.624,0.366
757000,0.010,0.471,0.519
757500,0.010,0.558,0.432
758000,0.010,0.628,0.362
758500,0.010,0.679,0.311
759000,0.010,0.672,0.318
759500,0.010,0.633,0.357
760000,0.010,0.568,0.422
760500,0.010,0.560,0.430
761000,0.010,0.600,0.390
761500,0.010,0.483,0.506
762000,0.010,0.514,0.476
762500,0.010,0.550,0.440
763000,0.010,0.580,0.410
763500,0.010,0.543,0.447
764000,0.010,0.625,0.365
764500,0.010,0.567,0.423
765000,0.010,0.641,0.349
765500,0.010,0.522,0.468
766000,0.010,0.484,0.506
766500,0.010,0.482,0.508
767000,0.010,0.477,0.512
767500,0.010,0.497,0.493
768000,0.010,0.595,0.395
768500,0.010,0.498,0.491
769000,0.010,0.445,0.545
769500,0.010,0.486,0.504
770000,0.010,0.570,0.420
770500,0.010,0.481,0.508
771000,0.010,0.480,0.510
771500,0.010,0.432,0.557
772000,0.010,0.447,0.543
772500,0.010,0.499,0.491
773000,0.010,0.599,0.391
773500,0.010,0.650,0.340
774000,0.010,0.591,0.399
774500,0.010,0.580,0.410
775000,0.010,0.632,0.358
775500,0.010,0.579,0.411
776000,0.010,0.593,0.397
776500,0.010,0.561,0.429
777000,0.010,0.652,0.338
777500,0.010,0.584,0.406
778000,0.010,0.639,0.351
778500,0.010,0.678,0.311
779000,0.010,0.614,0.376
779500,0.010,0.645,0.345
780000,0.010,0.595,0.395
780500,0.010,0.571,0.419
781000,0.010,0.470,0.520
781500,0.010,0.583,0.407
782000,0.010,0.603,0.387
782500,0.010,0.595,0.395
783000,0.010,0.527,0.463
783500,0.010,0.614,0.376
784000,0.010,0.647,0.343
784500,0.010,0.528,0.462
785000,0.010,0.546,0.444
785500,0.010,0.545,0.445
786000,0.010,0.468,0.522
786500,0.010,0.660,0.330
787000,0.010,0.640,0.350
787500,0.010,0.686,0.304
788000,0.010,0.749,0.241
788500,0.010,0.624,0.366
789000,0.010,0.647,0.343
789500,0.010,0.573,0.417
790000,0.010,0.521,0.469
790500,0.010,0.575,0.415
791000,0.010,0.521,0.469
791500,0.010,0.582,0.408
792000,0.010,0.625,0.365
792500,0.010,0.620,0.370
793000,0.010,0.646,0.344
793500,0.010,0.619,0.371
794000,0.010,0.596,0.394
794500,0.010,0.591,0.399
795000,0.010,0.452,0.538
795500,0.010,0.599,0.391
796000,0.010,0.584,0.406
796500,0.010,0.703,0.287
797000,0.010,0.644,0.346
797500,0.010,0.630,0.360
798000,0.010,0.526,0.464
798500,0.010,0.590,0.400
799000,0.010,0.527,0.463
799500,0.010,0.537,0.453
800000,0.010,0.650,0.340
800500,0.010,0.667,0.323
801000,0.010,0.625,0.365
801500,0.010,0.638,0.352
802000,0.010,0.564,0.426
802500,0.010,0.622,0.368
803000,0.010,0.638,0.352
803500,0.010,0.676,0.314
804000,0.010,0.619,0.371
804500,0.010,0.518,0.472
805000,0.010,0.604,0.386
805500,0.010,0.614,0.376
806000,0.010,0.567,0.423
806500,0.010,0.670,0.320
807000,0.010,0.599,0.391
807500,0.010,0.582,0.408
808000,0.010,0.510,0.480
808500,0.010,0.542,0.448
809000,0.010,0.537,0.453
809500,0.010,0.520,0.470
810000,0.010,0.484,0.506
810500,0.010,0.516,0.474
811000,0.010,0.535,0.455
811500,0.010,0.458,0.532
812000,0.010,0.575,0.415
812500,0.010,0.588,0.402
813000,0.010,0.606,0.384
813500,0.010,0.575,0.415
814000,0.010,0.524,0.466
814500,0.010,0.559,0.431
815000,0.010,0.576,0.414
815500,0.010,0.539,0.451
816000,0.010,0.602,0.388
816500,0.010,0.601,0.389
817000,0.010,0.587,0.403
817500,0.010,0.632,0.358
818000,0.010,0.474,0.516
818500,0.010,0.477,0.513
819000,0.010,0.513,0.477
819500,0.010,0.505,0.485
820000,0.010,0.522,0.468
820500,0.010,0.493,0.496
821000,0.010,0.493,0.497
821500,0.010,0.515,0.475
822000,0.010,0.592,0.398
822500,0.010,0.586,0.404
823000,0.010,0.689,0.301
823500,0.010,0.605,0.385
824000,0.010,0.617,0.373
824500,0.010,0.576,0.414
825000,0.010,0.534,0.456
825500,0.010,0.596,0.394
826000,0.010,0.555,0.434
826500,0.010,0.591,0.399
827000,0.010,0.562,0.427
827500,0.010,0.721,0.269
828000,0.010,0.673,0.317
828500,0.010,0.683,0.306
829000,0.010,0.675,0.315
829500,0.010,0.676,0.314
830000,0.010,0.632,0.358
830500,0.010,0.604,0.386
831000,0.010,0.538,0.452
831500,0.010,0.569,0.421
832000,0.010,0.586,0.404
832500,0.010,0.637,0.353
833000,0.010,0.573,0.417
833500,0.010,0.611,0.379
834000,0.010,0.500,0.490
834500,0.010,0.559,0.431
835000,0.010,0.504,0.486
835500,0.010,0.529,0.461
836000,0.010,0.623,0.367
836500,0.010,0.610,0.380
837000,0.010,0.599,0.391
837500,0.010,0.597,0.393
838000,0.010,0.601,0.389
838500,0.010,0.533,0.457
839000,0.010,0.577,0.413
839500,0.010,0.596,0.394
840000,0.010,0.538,0.452
840500,0.010,0.557,0.432
841000,0.010,0.584,0.406
841500,0.010,0.547,0.443
842000,0.010,0.539,0.451
842500,0.010,0.602,0.388
843000,0.010,0.581,0.409
843500,0.010,0.572,0.418
844000,0.010,0.514,0.476
844500,0.010,0.518,0.472
845000,0.010,0.551,0.439
845500,0.010,0.540,0.450
846000,0.010,0.504,0.486
846500,0.010,0.465,0.525
847000,0.010,0.527,0.463
847500,0.010,0.637,0.353
848000,0.010,0.554,0.436
848500,0.010,0.473,0.516
849000,0.010,0.534,0.456
849500,0.010,0.571,0.419
850000,0.010,0.593,0.397
850500,0.010,0.624,0.366
851000,0.010,0.685,0.304
851500,0.010,0.635,0.355
852000,0.010,0.613,0.377
852500,0.010,0.589,0.401
853000,0.010,0.607,0.383
853500,0.010,0.619,0.371
854000,0.010,0.594,0.396
854500,0.010,0.596,0.394
855000,0.010,0.585,0.405
855500,0.010,0.504,0.486
856000,0.010,0.475,0.515
856500,0.010,0.496,0.493
857000,0.010,0.591,0.399
857500,0.010,0.610,0.380
858000,0.010,0.602,0.388
858500,0.010,0.593,0.397
859000,0.010,0.568,0.422
859500,0.010,0.574,0.416
860000,0.010,0.537,0.453
860500,0.010,0.494,0.495
861000,0.010,0.586,0.404
861500,0.010,0.589,0.401
862000,0.010,0.629,0.361
862500,0.010,0.663,0.327
863000,0.010,0.600,0.390
863500,0.010,0.554,0.435
864000,0.010,0.599,0.391
864500,0.010,0.708,0.282
865000,0.010,0.696,0.294
865500,0.010,0.673,0.317
866000,0.010,0.635,0.355
866500,0.010,0.607,0.383
867000,0.010,0.601,0.389
867500,0.010,0.593,0.397
868000,0.010,0.600,0.390
868500,0.010,0.571,0.419
869000,0.010,0.576,0.414
869500,0.010,0.551,0.439
870000,0.010,0.669,0.321
870500,0.010,0.625,0.365
871000,0.010,0.639,0.351
871500,0.010,0.686,0.304
872000,0.010,0.663,0.327
872500,0.010,0.619,0.371
873000,0.010,0.525,0.465
873500,0.010,0.550,0.440
874000,0.010,0.613,0.377
874500,0.010,0.572,0.418
875000,0.010,0.565,0.425
875500,0.010,0.481,0.509
876000,0.010,0.547,0.443
876500,0.010,0.553,0.437
877000,0.010,0.514,0.476
877500,0.010,0.593,0.397
878000,0.010,0.587,0.403
878500,0.010,0.538,0.452
879000,0.010,0.589,0.401
879500,0.010,0.570,0.420
880000,0.010,0.615,0.375
880500,0.010,0.605,0.385
881000,0.010,0.645,0.345
881500,0.010,0.655,0.335
882000,0.010,0.589,0.401
882500,0.010,0.488,0.502
883000,0.010,0.497,0.493
883500,0.010,0.515,0.475
884000,0.010,0.467,0.523
884500,0.010,0.500,0.490
885000,0.010,0.561,0.429
885500,0.010,0.594,0.396
886000,0.010,0.622,0.368
886500,0.010,0.633,0.357
887000,0.010,0.562,0.428
887500,0.010,0.491,0.498
888000,0.010,0.567,0.423
888500,0.010,0.587,0.403
889000,0.010,0.626,0.364
889500,0.010,0.589,0.401
890000,0.010,0.511,0.479
890500,0.010,0.541,0.449
891000,0.010,0.552,0.438
891500,0.010,0.579,0.411
892000,0.010,0.506,0.484
892500,0.010,0.544,0.446
893000,0.010,0.537,0.453
893500,0.010,0.545,0.445
894000,0.010,0.611,0.379
894500,0.010,0.560,0.430
895000,0.010,0.490,0.499
895500,0.010,0.546,0.444
896000,0.010,0.552,0.438
896500,0.010,0.528,0.462
897000,0.010,0.592,0.398
897500,0.010,0.587,0.403
898000,0.010,0.559,0.431
898500,0.010,0.552,0.438
899000,0.010,0.558,0.431
899500,0.010,0.602,0.388
900000,0.010,0.616,0.374
900500,0.010,0.621,0.369
901000,0.010,0.678,0.311
901500,0.010,0.638,0.352
902000,0.010,0.644,0.346
902500,0.010,0.533,0.457
903000,0.010,0.400,0.591
903500,0.010,0.451,0.539
904000,0.010,0.540,0.450
904500,0.010,0.471,0.519
905000,0.010,0.507,0.483
905500,0.010,0.587,0.403
906000,0.010,0.601,0.389
906500,0.010,0.609,0.381
907000,0.010,0.614,0.376
907500,0.010,0.632,0.358
908000,0.010,0.487,0.502
908500,0.010,0.500,0.490
909000,0.010,0.499,0.490
909500,0.010,0.461,0.529
910000,0.010,0.466,0.524
910500,0.010,0.434,0.555
911000,0.010,0.469,0.521
911500,0.010,0.489,0.501
912000,0.010,0.508,0.482
912500,0.010,0.474,0.516
913000,0.010,0.502,0.488
913500,0.010,0.609,0.381
914000,0.010,0.687,0.303
914500,0.010,0.688,0.302
915000,0.010,0.584,0.406
915500,0.010,0.597,0.393
916000,0.010,0.611,0.379
916500,0.010,0.609,0.381
917000,0.010,0.512,0.478
917500,0.010,0.545,0.445
918000,0.010,0.648,0.342
918500,0.010,0.676,0.314
919000,0.010,0.716,0.274
919500,0.010,0.697,0.293
920000,0.010,0.642,0.348
920500,0.010,0.531,0.459
921000,0.010,0.490,0.499
921500,0.010,0.507,0.483
922000,0.010,0.546,0.444
922500,0.010,0.573,0.417
923000,0.010,0.572,0.418
923500,0.010,0.499,0.491
924000,0.010,0.551,0.439
924500,0.010,0.611,0.379
925000,0.010,0.604,0.386
925500,0.010,0.544,0.446
926000,0.010,0.589,0.401
926500,0.010,0.615,0.375
927000,0.010,0.526,0.464
927500,0.010,0.540,0.450
928000,0.010,0.627,0.363
928500,0.010,0.560,0.429
929000,0.010,0.600,0.390
929500,0.010,0.553,0.436
930000,0.010,0.516,0.474
930500,0.010,0.473,0.516
931000,0.010,0.552,0.438
931500,0.010,0.571,0.419
932000,0.010,0.531,0.459
932500,0.010,0.526,0.464
933000,0.010,0.526,0.464
933500,0.010,0.443,0.547
934000,0.010,0.602,0.388
934500,0.010,0.547,0.443
935000,0.010,0.569,0.421
935500,0.010,0.546,0.444
936000,0.010,0.640,0.350
936500,0.010,0.596,0.394
937000,0.010,0.490,0.500
937500,0.010,0.517,0.473
938000,0.010,0.560,0.429
938500,0.010,0.601,0.389
939000,0.010,0.595,0.395
939500,0.010,0.529,0.461
940000,0.010,0.483,0.506
940500,0.010,0.476,0.514
941000,0.010,0.482,0.508
941500,0.010,0.484,0.506
942000,0.010,0.497,0.492
942500,0.010,0.540,0.450
943000,0.010,0.505,0.485
943500,0.010,0.541,0.449
944000,0.010,0.471,0.518
944500,0.010,0.575,0.415
945000,0.010,0.570,0.420
945500,0.010,0.609,0.381
946000,0.010,0.651,0.339
946500,0.010,0.550,0.440
947000,0.010,0.569,0.421
947500,0.010,0.522,0.468
948000,0.010,0.565,0.425
948500,0.010,0.647,0.343
949000,0.010,0.658,0.332
949500,0.010,0.707,0.283
950000,0.010,0.676,0.314
950500,0.010,0.575,0.415
951000,0.010,0.516,0.474
951500,0.010,0.593,0.397
952000,0.010,0.537,0.453
952500,0.010,0.612,0.378
953000,0.010,0.617,0.373
953500,0.010,0.544,0.446
954000,0.010,0.554,0.436
954500,0.010,0.521,0.469
955000,0.010,0.587,0.403
955500,0.010,0.601,0.389
956000,0.010,0.598,0.392
956500,0.010,0.616,0.374
957000,0.010,0.575,0.415
957500,0.010,0.590,0.400
958000,0.010,0.512,0.478
958500,0.010,0.609,0.381
959000,0.010,0.572,0.418
959500,0.010,0.578,0.412
960000,0.010,0.603,0.387
960500,0.010,0.563,0.427
961000,0.010,0.686,0.304
961500,0.010,0.693,0.297
962000,0.010,0.514,0.476
962500,0.010,0.651,0.339
963000,0.010,0.666,0.324
963500,0.010,0.632,0.358
964000,0.010,0.511,0.479
964500,0.010,0.547,0.443
965000,0.010,0.582,0.408
965500,0.010,0.556,0.434
966000,0.010,0.573,0.417
966500,0.010,0.490,0.499
967000,0.010,0.537,0.453
967500,0.010,0.551,0.439
968000,0.010,0.519,0.471
968500,0.010,0.532,0.458
969000,0.010,0.620,0.370
969500,0.010,0.628,0.362
970000,0.010,0.662,0.328
970500,0.010,0.660,0.330
971000,0.010,0.643,0.347
971500,0.010,0.657,0.333
972000,0.010,0.556,0.434
972500,0.010,0.543,0.447
973000,0.010,0.545,0.445
973500,0.010,0.584,0.406
974000,0.010,0.581,0.409
974500,0.010,0.609,0.381
975000,0.010,0.640,0.350
975500,0.010,0.642,0.348
976000,0.010,0.574,0.416
976500,0.010,0.628,0.362
977000,0.010,0.474,0.516
977500,0.010,0.475,0.515
978000,0.010,0.476,0.514
978500,0.010,0.559,0.431
979000,0.010,0.581,0.409
979500,0.010,0.614,0.376
980000,0.010,0.606,0.384
980500,0.010,0.597,0.393
981000,0.010,0.581,0.409
981500,0.010,0.483,0.506
982000,0.010,0.422,0.568
982500,0.010,0.473,0.517
983000,0.010,0.536,0.454
983500,0.010,0.528,0.462
984000,0.010,0.564,0.426
984500,0.010,0.490,0.499
985000,0.010,0.586,0.404
985500,0.010,0.477,0.513
986000,0.010,0.587,0.403
986500,0.010,0.549,0.441
987000,0.010,0.503,0.487
987500,0.010,0.642,0.348
988000,0.010,0.655,0.335
988500,0.010,0.539,0.451
989000,0.010,0.538,0.452
989500,0.010,0.691,0.299
990000,0.010,0.691,0.299
990500,0.010,0.694,0.296
991000,0.010,0.679,0.310
991500,0.010,0.577,0.413
992000,0.010,0.568,0.422
992500,0.010,0.600,0.390
993000,0.010,0.519,0.471
993500,0.010,0.604,0.386
994000,0.010,0.518,0.472
994500,0.010,0.544,0.446
995000,0.010,0.624,0.366
995500,0.010,0.486,0.504
996000,0.010,0.506,0.484
996500,0.010,0.564,0.426
997000,0.010,0.546,0.444
997500,0.010,0.607,0.383
998000,0.010,0.613,0.377
998500,0.010,0.505,0.485
999000,0.010,0.496,0.493
999500,0.010,0.495,0.494
1000000,0.010,0.613,0.377
