time,n_A+p,n_B,n_AB
500,0.050,0.895,0.055
1000,0.050,0.868,0.082
1500,0.050,0.850,0.100
2000,0.050,0.834,0.116
2500,0.050,0.837,0.113
3000,0.050,0.795,0.155
3500,0.050,0.810,0.139
4000,0.050,0.798,0.152
4500,0.050,0.793,0.156
5000,0.050,0.788,0.161
5500,0.050,0.807,0.143
6000,0.050,0.804,0.146
6500,0.050,0.803,0.147
7000,0.050,0.786,0.163
7500,0.050,0.749,0.201
8000,0.050,0.746,0.204
8500,0.050,0.768,0.181
9000,0.050,0.754,0.196
9500,0.050,0.789,0.160
10000,0.050,0.789,0.161
10500,0.050,0.820,0.130
11000,0.050,0.792,0.158
11500,0.050,0.786,0.163
12000,0.050,0.786,0.163
12500,0.050,0.786,0.163
13000,0.050,0.762,0.188
13500,0.050,0.761,0.189
14000,0.050,0.735,0.215
14500,0.050,0.775,0.174
15000,0.050,0.807,0.142
15500,0.050,0.831,0.119
16000,0.050,0.788,0.162
16500,0.050,0.793,0.157
17000,0.050,0.784,0.165
17500,0.050,0.803,0.147
18000,0.050,0.822,0.128
18500,0.050,0.811,0.139
19000,0.050,0.819,0.131
19500,0.050,0.818,0.132
20000,0.050,0.786,0.163
20500,0.050,0.797,0.153
21000,0.050,0.790,0.160
21500,0.050,0.784,0.165
22000,0.050,0.788,0.161
22500,0.050,0.786,0.163
23000,0.050,0.809,0.141
23500,0.050,0.816,0.134
24000,0.050,0.821,0.129
24500,0.050,0.807,0.143
25000,0.050,0.826,0.124
25500,0.050,0.832,0.118
26000,0.050,0.834,0.116
26500,0.050,0.808,0.142
27000,0.050,0.803,0.147
27500,0.050,0.789,0.160
28000,0.050,0.788,0.162
28500,0.050,0.771,0.178
29000,0.050,0.783,0.167
29500,0.050,0.799,0.151
30000,0.050,0.798,0.151
30500,0.050,0.783,0.167
31000,0.050,0.799,0.150
31500,0.050,0.822,0.128
32000,0.050,0.775,0.175
32500,0.050,0.736,0.214
33000,0.050,0.774,0.175
33500,0.050,0.771,0.178
34000,0.050,0.782,0.167
34500,0.050,0.811,0.139
35000,0.050,0.808,0.142
35500,0.050,0.819,0.131
36000,0.050,0.803,0.146
36500,0.050,0.808,0.141
37000,0.050,0.805,0.145
37500,0.050,0.810,0.140
38000,0.050,0.786,0.163
38500,0.050,0.783,0.166
39000,0.050,0.788,0.161
39500,0.050,0.809,0.141
40000,0.050,0.801,0.149
40500,0.050,0.791,0.158
41000,0.050,0.820,0.130
41500,0.050,0.777,0.173
42000,0.050,0.773,0.177
42500,0.050,0.814,0.136
43000,0.050,0.817,0.133
43500,0.050,0.837,0.113
44000,0.050,0.809,0.140
44500,0.050,0.772,0.178
45000,0.050,0.815,0.135
45500,0.050,0.791,0.159
46000,0.050,0.783,0.166
46500,0.050,0.775,0.174
47000,0.050,0.806,0.143
47500,0.050,0.844,0.106
48000,0.050,0.824,0.126
48500,0.050,0.795,0.155
49000,0.050,0.809,0.141
49500,0.050,0.752,0.198
50000,0.050,0.798,0.152
50500,0.050,0.813,0.137
51000,0.050,0.814,0.136
51500,0.050,0.818,0.132
52000,0.050,0.815,0.135
52500,0.050,0.819,0.131
53000,0.050,0.837,0.113
53500,0.050,0.832,0.118
54000,0.050,0.818,0.132
54500,0.050,0.809,0.141
55000,0.050,0.820,0.130
55500,0.050,0.838,0.112
56000,0.050,0.826,0.124
56500,0.050,0.836,0.114
57000,0.050,0.823,0.127
57500,0.050,0.808,0.142
58000,0.050,0.783,0.166
58500,0.050,0.802,0.148
59000,0.050,0.813,0.137
59500,0.050,0.804,0.146
60000,0.050,0.793,0.157
60500,0.050,0.809,0.141
61000,0.050,0.801,0.149
61500,0.050,0.798,0.152
62000,0.050,0.830,0.120
62500,0.050,0.845,0.105
63000,0.050,0.846,0.104
63500,0.050,0.822,0.128
64000,0.050,0.801,0.148
64500,0.050,0.811,0.139
65000,0.050,0.801,0.149
65500,0.050,0.777,0.173
66000,0.050,0.788,0.161
66500,0.050,0.800,0.150
67000,0.050,0.794,0.155
67500,0.050,0.838,0.112
68000,0.050,0.804,0.145
68500,0.050,0.771,0.179
69000,0.050,0.805,0.145
69500,0.050,0.796,0.154
70000,0.050,0.784,0.165
70500,0.050,0.800,0.149
71000,0.050,0.803,0.146
71500,0.050,0.827,0.123
72000,0.050,0.800,0.150
72500,0.050,0.801,0.148
73000,0.050,0.786,0.164
73500,0.050,0.837,0.113
74000,0.050,0.828,0.122
74500,0.050,0.821,0.129
75000,0.050,0.802,0.147
75500,0.050,0.789,0.160
76000,0.050,0.775,0.174
76500,0.050,0.817,0.133
77000,0.050,0.804,0.146
77500,0.050,0.811,0.139
78000,0.050,0.799,0.150
78500,0.050,0.786,0.164
79000,0.050,0.794,0.156
79500,0.050,0.802,0.148
80000,0.050,0.788,0.161
80500,0.050,0.771,0.179
81000,0.050,0.756,0.194
81500,0.050,0.774,0.176
82000,0.050,0.787,0.162
82500,0.050,0.792,0.157
83000,0.050,0.791,0.158
83500,0.050,0.783,0.167
84000,0.050,0.815,0.135
84500,0.050,0.824,0.126
85000,0.050,0.806,0.144
85500,0.050,0.780,0.170
86000,0.050,0.801,0.148
86500,0.050,0.784,0.166
87000,0.050,0.785,0.165
87500,0.050,0.799,0.150
88000,0.050,0.790,0.160
88500,0.050,0.767,0.183
89000,0.050,0.740,0.210
89500,0.050,0.759,0.191
90000,0.050,0.810,0.140
90500,0.050,0.815,0.135
91000,0.050,0.833,0.117
91500,0.050,0.826,0.124
92000,0.050,0.834,0.116
92500,0.050,0.816,0.134
93000,0.050,0.788,0.161
93500,0.050,0.779,0.170
94000,0.050,0.745,0.205
94500,0.050,0.763,0.186
95000,0.050,0.789,0.160
95500,0.050,0.787,0.163
96000,0.050,0.788,0.162
96500,0.050,0.772,0.177
97000,0.050,0.785,0.164
97500,0.050,0.816,0.134
98000,0.050,0.810,0.139
98500,0.050,0.804,0.146
99000,0.050,0.827,0.123
99500,0.050,0.791,0.158
100000,0.050,0.818,0.132
100500,0.050,0.824,0.126
101000,0.050,0.816,0.134
101500,0.050,0.824,0.126
102000,0.050,0.835,0.115
102500,0.050,0.827,0.123
103000,0.050,0.836,0.114
103500,0.050,0.793,0.157
104000,0.050,0.791,0.158
104500,0.050,0.796,0.153
105000,0.050,0.800,0.149
105500,0.050,0.817,0.133
106000,0.050,0.796,0.154
106500,0.050,0.810,0.140
107000,0.050,0.819,0.131
107500,0.050,0.805,0.144
108000,0.050,0.815,0.135
108500,0.050,0.812,0.137
109000,0.050,0.803,0.147
109500,0.050,0.825,0.125
110000,0.050,0.830,0.120
110500,0.050,0.825,0.125
111000,0.050,0.812,0.138
111500,0.050,0.826,0.124
112000,0.050,0.820,0.130
112500,0.050,0.805,0.144
113000,0.050,0.798,0.151
113500,0.050,0.807,0.143
114000,0.050,0.809,0.140
114500,0.050,0.805,0.144
115000,0.050,0.809,0.140
115500,0.050,0.787,0.162
116000,0.050,0.776,0.174
116500,0.050,0.802,0.147
117000,0.050,0.795,0.155
117500,0.050,0.793,0.157
118000,0.050,0.793,0.157
118500,0.050,0.798,0.151
119000,0.050,0.798,0.152
119500,0.050,0.824,0.126
120000,0.050,0.845,0.105
120500,0.050,0.841,0.109
121000,0.050,0.827,0.123
121500,0.050,0.841,0.109
122000,0.050,0.799,0.151
122500,0.050,0.786,0.163
123000,0.050,0.812,0.138
123500,0.050,0.811,0.138
124000,0.050,0.794,0.155
124500,0.050,0.811,0.139
125000,0.050,0.809,0.140
125500,0.050,0.827,0.123
126000,0.050,0.829,0.121
126500,0.050,0.826,0.124
127000,0.050,0.812,0.138
127500,0.050,0.792,0.157
128000,0.050,0.787,0.163
128500,0.050,0.803,0.147
129000,0.050,0.755,0.195
129500,0.050,0.761,0.189
130000,0.050,0.762,0.188
130500,0.050,0.792,0.158
131000,0.050,0.779,0.171
131500,0.050,0.804,0.146
132000,0.050,0.834,0.116
132500,0.050,0.846,0.104
133000,0.050,0.846,0.104
133500,0.050,0.829,0.121
134000,0.050,0.825,0.125
134500,0.050,0.828,0.122
135000,0.050,0.817,0.133
135500,0.050,0.835,0.115
136000,0.050,0.814,0.136
136500,0.050,0.819,0.131
137000,0.050,0.790,0.160
137500,0.050,0.797,0.153
138000,0.050,0.802,0.147
138500,0.050,0.812,0.137
139000,0.050,0.784,0.166
139500,0.050,0.793,0.156
140000,0.050,0.807,0.142
140500,0.050,0.811,0.138
141000,0.050,0.827,0.123
141500,0.050,0.819,0.131
142000,0.050,0.812,0.137
142500,0.050,0.803,0.147
143000,0.050,0.830,0.120
143500,0.050,0.796,0.153
144000,0.050,0.797,0.152
144500,0.050,0.818,0.132
145000,0.050,0.764,0.186
145500,0.050,0.786,0.164
146000,0.050,0.814,0.136
146500,0.050,0.815,0.135
147000,0.050,0.843,0.107
147500,0.050,0.834,0.116
148000,0.050,0.788,0.162
148500,0.050,0.779,0.170
149000,0.050,0.819,0.131
149500,0.050,0.822,0.128
150000,0.050,0.834,0.116
150500,0.050,0.826,0.124
151000,0.050,0.824,0.126
151500,0.050,0.839,0.111
152000,0.050,0.801,0.148
152500,0.050,0.833,0.117
153000,0.050,0.834,0.116
153500,0.050,0.824,0.126
154000,0.050,0.817,0.133
154500,0.050,0.825,0.125
155000,0.050,0.836,0.114
155500,0.050,0.804,0.146
156000,0.050,0.831,0.119
156500,0.050,0.817,0.133
157000,0.050,0.783,0.167
157500,0.050,0.793,0.156
158000,0.050,0.779,0.171
158500,0.052,0.760,0.188
159000,0.050,0.770,0.179
159500,0.050,0.787,0.163
160000,0.050,0.776,0.173
160500,0.050,0.806,0.144
161000,0.050,0.782,0.167
161500,0.050,0.803,0.146
162000,0.050,0.774,0.175
162500,0.050,0.786,0.163
163000,0.050,0.817,0.133
163500,0.050,0.824,0.126
164000,0.050,0.834,0.116
164500,0.050,0.805,0.145
165000,0.050,0.784,0.165
165500,0.050,0.793,0.157
166000,0.050,0.812,0.138
166500,0.050,0.788,0.161
167000,0.050,0.777,0.172
167500,0.050,0.797,0.152
168000,0.050,0.803,0.147
168500,0.050,0.819,0.131
169000,0.050,0.822,0.128
169500,0.050,0.814,0.136
170000,0.050,0.821,0.129
170500,0.050,0.791,0.159
171000,0.050,0.787,0.162
171500,0.050,0.794,0.156
172000,0.050,0.782,0.167
172500,0.050,0.830,0.120
173000,0.050,0.839,0.111
173500,0.050,0.826,0.124
174000,0.050,0.810,0.140
174500,0.050,0.828,0.122
175000,0.050,0.805,0.144
175500,0.050,0.791,0.159
176000,0.050,0.826,0.124
176500,0.050,0.835,0.115
177000,0.050,0.844,0.106
177500,0.050,0.804,0.146
178000,0.050,0.798,0.152
178500,0.050,0.807,0.142
179000,0.050,0.819,0.131
179500,0.050,0.823,0.127
180000,0.050,0.820,0.130
180500,0.050,0.814,0.136
181000,0.050,0.797,0.153
181500,0.050,0.793,0.157
182000,0.050,0.775,0.174
182500,0.050,0.786,0.163
183000,0.050,0.809,0.140
183500,0.050,0.835,0.115
184000,0.050,0.805,0.144
184500,0.050,0.822,0.128
185000,0.050,0.839,0.111
185500,0.050,0.831,0.119
186000,0.050,0.857,0.093
186500,0.050,0.828,0.122
187000,0.050,0.836,0.114
187500,0.050,0.841,0.109
188000,0.050,0.815,0.135
188500,0.050,0.802,0.148
189000,0.050,0.838,0.112
189500,0.050,0.815,0.135
190000,0.050,0.800,0.149
190500,0.050,0.785,0.164
191000,0.050,0.810,0.139
191500,0.050,0.811,0.138
192000,0.050,0.822,0.128
192500,0.050,0.808,0.142
193000,0.050,0.790,0.160
193500,0.050,0.762,0.188
194000,0.050,0.790,0.160
194500,0.050,0.768,0.181
195000,0.050,0.777,0.172
195500,0.050,0.760,0.190
196000,0.050,0.773,0.177
196500,0.050,0.781,0.168
197000,0.050,0.780,0.170
197500,0.050,0.786,0.164
198000,0.050,0.767,0.182
198500,0.050,0.798,0.152
199000,0.050,0.819,0.131
199500,0.050,0.818,0.132
200000,0.050,0.808,0.141
200500,0.050,0.815,0.135
201000,0.050,0.787,0.162
201500,0.050,0.796,0.154
202000,0.050,0.803,0.146
202500,0.050,0.801,0.149
203000,0.050,0.805,0.145
203500,0.050,0.802,0.148
204000,0.050,0.804,0.146
204500,0.050,0.805,0.145
205000,0.050,0.819,0.131
205500,0.050,0.820,0.130
206000,0.050,0.828,0.122
206500,0.050,0.812,0.137
207000,0.050,0.843,0.107
207500,0.050,0.833,0.117
208000,0.050,0.803,0.146
208500,0.050,0.794,0.156
209000,0.050,0.813,0.137
209500,0.050,0.782,0.168
210000,0.050,0.765,0.184
210500,0.050,0.795,0.155
211000,0.050,0.775,0.175
211500,0.050,0.787,0.162
212000,0.050,0.774,0.176
212500,0.050,0.785,0.164
213000,0.050,0.791,0.159
213500,0.050,0.808,0.142
214000,0.050,0.824,0.126
214500,0.050,0.824,0.126
215000,0.050,0.814,0.136
215500,0.050,0.798,0.152
216000,0.050,0.777,0.172
216500,0.050,0.785,0.164
217000,0.050,0.805,0.144
217500,0.050,0.805,0.144
218000,0.050,0.805,0.144
218500,0.050,0.763,0.187
219000,0.050,0.768,0.182
219500,0.050,0.768,0.181
220000,0.050,0.780,0.169
220500,0.050,0.795,0.155
221000,0.050,0.808,0.141
221500,0.050,0.820,0.130
222000,0.050,0.837,0.113
222500,0.050,0.839,0.111
223000,0.050,0.813,0.137
223500,0.050,0.818,0.132
224000,0.050,0.802,0.148
224500,0.050,0.807,0.143
225000,0.050,0.811,0.139
225500,0.050,0.791,0.158
226000,0.050,0.803,0.146
226500,0.050,0.807,0.142
227000,0.050,0.776,0.173
227500,0.050,0.757,0.193
228000,0.050,0.734,0.216
228500,0.050,0.746,0.204
229000,0.050,0.770,0.180
229500,0.050,0.748,0.202
230000,0.050,0.757,0.193
230500,0.050,0.781,0.168
231000,0.050,0.798,0.151
231500,0.050,0.820,0.130
232000,0.051,0.788,0.161
232500,0.051,0.806,0.143
233000,0.050,0.826,0.124
233500,0.050,0.835,0.115
234000,0.050,0.801,0.149
234500,0.050,0.830,0.120
235000,0.050,0.840,0.110
235500,0.050,0.804,0.146
236000,0.050,0.831,0.119
236500,0.050,0.793,0.156
237000,0.050,0.795,0.154
237500,0.050,0.830,0.120
238000,0.050,0.832,0.118
238500,0.050,0.836,0.114
239000,0.050,0.826,0.124
239500,0.050,0.800,0.149
240000,0.050,0.794,0.156
240500,0.050,0.785,0.165
241000,0.050,0.785,0.164
241500,0.050,0.812,0.138
242000,0.050,0.808,0.141
242500,0.050,0.843,0.107
243000,0.050,0.860,0.090
243500,0.050,0.860,0.090
244000,0.050,0.825,0.125
244500,0.050,0.808,0.142
245000,0.050,0.810,0.139
245500,0.050,0.781,0.169
246000,0.050,0.817,0.133
246500,0.050,0.837,0.113
247000,0.050,0.830,0.120
247500,0.050,0.851,0.099
248000,0.050,0.820,0.130
248500,0.050,0.824,0.126
249000,0.050,0.857,0.093
249500,0.050,0.851,0.099
250000,0.050,0.818,0.132
250500,0.050,0.768,0.182
251000,0.050,0.817,0.133
251500,0.050,0.835,0.115
252000,0.050,0.854,0.096
252500,0.050,0.844,0.106
253000,0.050,0.804,0.145
253500,0.050,0.761,0.189
254000,0.050,0.780,0.169
254500,0.050,0.802,0.147
255000,0.050,0.796,0.153
255500,0.050,0.825,0.125
256000,0.050,0.846,0.104
256500,0.050,0.821,0.129
257000,0.050,0.840,0.110
257500,0.050,0.804,0.145
258000,0.050,0.778,0.172
258500,0.050,0.799,0.151
259000,0.050,0.783,0.166
259500,0.050,0.784,0.166
260000,0.050,0.790,0.160
260500,0.050,0.793,0.157
261000,0.050,0.823,0.127
261500,0.050,0.819,0.131
262000,0.050,0.806,0.144
262500,0.050,0.800,0.149
263000,0.050,0.752,0.198
263500,0.050,0.780,0.170
264000,0.050,0.747,0.203
264500,0.050,0.797,0.152
265000,0.050,0.837,0.113
265500,0.050,0.818,0.132
266000,0.050,0.796,0.154
266500,0.050,0.782,0.167
267000,0.050,0.819,0.131
267500,0.050,0.813,0.137
268000,0.050,0.779,0.170
268500,0.050,0.789,0.161
269000,0.050,0.826,0.124
269500,0.050,0.818,0.132
270000,0.050,0.818,0.132
270500,0.050,0.818,0.132
271000,0.050,0.835,0.115
271500,0.050,0.805,0.145
272000,0.050,0.835,0.115
272500,0.050,0.824,0.126
273000,0.050,0.815,0.135
273500,0.050,0.812,0.138
274000,0.050,0.776,0.174
274500,0.050,0.763,0.186
275000,0.050,0.762,0.188
275500,0.050,0.809,0.141
276000,0.050,0.816,0.134
276500,0.050,0.810,0.140
277000,0.050,0.833,0.117
277500,0.050,0.828,0.122
278000,0.050,0.806,0.144
278500,0.050,0.784,0.166
279000,0.050,0.790,0.160
279500,0.050,0.779,0.170
280000,0.050,0.790,0.160
280500,0.050,0.793,0.157
281000,0.050,0.824,0.126
281500,0.050,0.812,0.137
282000,0.050,0.808,0.142
282500,0.050,0.786,0.164
283000,0.050,0.804,0.146
283500,0.050,0.782,0.167
284000,0.050,0.771,0.179
284500,0.050,0.777,0.173
285000,0.050,0.787,0.163
285500,0.050,0.790,0.159
286000,0.050,0.813,0.137
286500,0.050,0.812,0.137
287000,0.050,0.817,0.133
287500,0.050,0.827,0.123
288000,0.050,0.846,0.104
288500,0.050,0.844,0.106
289000,0.050,0.812,0.137
289500,0.050,0.799,0.150
290000,0.050,0.774,0.175
290500,0.050,0.805,0.145
291000,0.050,0.809,0.141
291500,0.050,0.814,0.136
292000,0.050,0.818,0.132
292500,0.050,0.796,0.154
293000,0.050,0.767,0.183
293500,0.050,0.774,0.176
294000,0.050,0.780,0.169
294500,0.050,0.787,0.162
295000,0.050,0.806,0.143
295500,0.050,0.817,0.133
296000,0.050,0.807,0.142
296500,0.050,0.827,0.123
297000,0.050,0.841,0.109
297500,0.050,0.832,0.118
298000,0.050,0.834,0.116
298500,0.050,0.811,0.139
299000,0.050,0.788,0.161
299500,0.050,0.801,0.148
300000,0.050,0.780,0.170
300500,0.050,0.825,0.125
301000,0.050,0.819,0.131
301500,0.050,0.837,0.113
302000,0.050,0.826,0.124
302500,0.050,0.802,0.148
303000,0.050,0.811,0.139
303500,0.050,0.778,0.171
304000,0.050,0.802,0.147
304500,0.050,0.824,0.126
305000,0.050,0.832,0.118
305500,0.050,0.828,0.122
306000,0.050,0.812,0.137
306500,0.050,0.789,0.160
307000,0.050,0.757,0.193
307500,0.050,0.798,0.151
308000,0.050,0.781,0.169
308500,0.050,0.799,0.151
309000,0.050,0.791,0.159
309500,0.050,0.801,0.149
310000,0.050,0.814,0.136
310500,0.050,0.790,0.159
311000,0.050,0.800,0.150
311500,0.050,0.798,0.151
312000,0.050,0.829,0.121
312500,0.050,0.766,0.183
313000,0.050,0.787,0.163
313500,0.050,0.752,0.198
314000,0.050,0.786,0.164
314500,0.050,0.778,0.172
315000,0.050,0.799,0.150
315500,0.050,0.769,0.180
316000,0.050,0.769,0.180
316500,0.050,0.783,0.167
317000,0.050,0.772,0.178
317500,0.050,0.790,0.160
318000,0.050,0.790,0.159
318500,0.050,0.777,0.172
319000,0.050,0.776,0.174
319500,0.050,0.805,0.144
320000,0.050,0.781,0.168
320500,0.050,0.788,0.162
321000,0.050,0.783,0.167
321500,0.050,0.755,0.195
322000,0.050,0.770,0.180
322500,0.050,0.752,0.198
323000,0.050,0.767,0.183
323500,0.050,0.794,0.156
324000,0.050,0.810,0.140
324500,0.050,0.818,0.132
325000,0.050,0.784,0.166
325500,0.050,0.788,0.162
326000,0.050,0.772,0.178
326500,0.050,0.790,0.159
327000,0.050,0.800,0.150
327500,0.050,0.805,0.145
328000,0.050,0.833,0.117
328500,0.050,0.814,0.136
329000,0.050,0.821,0.129
329500,0.050,0.823,0.127
330000,0.050,0.810,0.139
330500,0.050,0.820,0.130
331000,0.050,0.818,0.132
331500,0.050,0.809,0.141
332000,0.050,0.773,0.177
332500,0.050,0.788,0.161
333000,0.050,0.796,0.154
333500,0.050,0.756,0.194
334000,0.050,0.754,0.196
334500,0.050,0.791,0.159
335000,0.050,0.802,0.148
335500,0.050,0.821,0.129
336000,0.050,0.820,0.130
336500,0.050,0.842,0.108
337000,0.050,0.800,0.149
337500,0.050,0.791,0.159
338000,0.050,0.780,0.170
338500,0.050,0.787,0.163
339000,0.050,0.820,0.130
339500,0.050,0.819,0.131
340000,0.050,0.831,0.119
340500,0.050,0.841,0.109
341000,0.050,0.801,0.149
341500,0.050,0.815,0.135
342000,0.050,0.793,0.156
342500,0.050,0.809,0.140
343000,0.050,0.765,0.185
343500,0.050,0.790,0.159
344000,0.050,0.818,0.132
344500,0.050,0.798,0.151
345000,0.050,0.794,0.156
345500,0.050,0.818,0.132
346000,0.050,0.832,0.118
346500,0.050,0.823,0.127
347000,0.050,0.828,0.122
347500,0.050,0.845,0.105
348000,0.050,0.832,0.118
348500,0.050,0.796,0.153
349000,0.050,0.808,0.142
349500,0.050,0.825,0.125
350000,0.050,0.830,0.120
350500,0.050,0.832,0.118
351000,0.050,0.832,0.118
351500,0.050,0.847,0.103
352000,0.050,0.831,0.119
352500,0.050,0.822,0.128
353000,0.050,0.811,0.139
353500,0.050,0.815,0.135
354000,0.050,0.816,0.134
354500,0.050,0.803,0.146
355000,0.050,0.796,0.154
355500,0.050,0.796,0.154
356000,0.050,0.815,0.135
356500,0.050,0.806,0.144
357000,0.050,0.820,0.130
357500,0.050,0.820,0.130
358000,0.050,0.818,0.132
358500,0.050,0.810,0.139
359000,0.050,0.806,0.144
359500,0.050,0.791,0.159
360000,0.050,0.825,0.125
360500,0.050,0.828,0.122
361000,0.050,0.801,0.149
361500,0.050,0.798,0.152
362000,0.050,0.779,0.170
362500,0.050,0.794,0.156
363000,0.050,0.772,0.178
363500,0.050,0.790,0.159
364000,0.050,0.816,0.134
364500,0.050,0.837,0.113
365000,0.050,0.820,0.130
365500,0.050,0.825,0.125
366000,0.050,0.844,0.106
366500,0.050,0.808,0.142
367000,0.050,0.785,0.164
367500,0.050,0.810,0.140
368000,0.050,0.803,0.147
368500,0.050,0.797,0.152
369000,0.050,0.792,0.157
369500,0.050,0.763,0.187
370000,0.050,0.784,0.165
370500,0.050,0.784,0.165
371000,0.050,0.764,0.186
371500,0.050,0.818,0.132
372000,0.050,0.799,0.151
372500,0.050,0.780,0.170
373000,0.050,0.789,0.161
373500,0.050,0.786,0.164
374000,0.050,0.799,0.151
374500,0.050,0.834,0.116
375000,0.050,0.800,0.150
375500,0.050,0.823,0.127
376000,0.050,0.821,0.129
376500,0.050,0.843,0.107
377000,0.050,0.864,0.086
377500,0.050,0.857,0.093
378000,0.050,0.868,0.082
378500,0.050,0.830,0.120
379000,0.050,0.848,0.102
379500,0.050,0.815,0.135
380000,0.050,0.806,0.143
380500,0.050,0.805,0.145
381000,0.050,0.793,0.156
381500,0.050,0.805,0.145
382000,0.050,0.815,0.135
382500,0.050,0.816,0.134
383000,0.050,0.805,0.144
383500,0.050,0.778,0.172
384000,0.050,0.804,0.145
384500,0.050,0.815,0.135
385000,0.050,0.815,0.135
385500,0.050,0.809,0.141
386000,0.050,0.833,0.117
386500,0.050,0.846,0.104
387000,0.050,0.845,0.105
387500,0.050,0.815,0.135
388000,0.050,0.788,0.161
388500,0.050,0.792,0.157
389000,0.050,0.820,0.130
389500,0.050,0.772,0.177
390000,0.050,0.825,0.125
390500,0.050,0.810,0.139
391000,0.050,0.828,0.122
391500,0.050,0.813,0.137
392000,0.050,0.798,0.151
392500,0.050,0.789,0.160
393000,0.050,0.796,0.153
393500,0.050,0.784,0.165
394000,0.050,0.823,0.127
394500,0.050,0.787,0.162
395000,0.050,0.783,0.167
395500,0.050,0.817,0.133
396000,0.050,0.840,0.110
396500,0.050,0.830,0.120
397000,0.050,0.834,0.116
397500,0.050,0.831,0.119
398000,0.050,0.783,0.166
398500,0.050,0.788,0.162
399000,0.050,0.797,0.153
399500,0.050,0.798,0.151
400000,0.050,0.803,0.146
400500,0.050,0.823,0.127
401000,0.050,0.796,0.154
401500,0.050,0.828,0.122
402000,0.050,0.824,0.126
402500,0.050,0.826,0.124
403000,0.050,0.825,0.125
403500,0.050,0.829,0.121
404000,0.050,0.836,0.114
404500,0.050,0.841,0.109
405000,0.050,0.829,0.121
405500,0.050,0.825,0.125
406000,0.050,0.780,0.169
406500,0.050,0.785,0.165
407000,0.050,0.778,0.172
407500,0.050,0.753,0.197
408000,0.050,0.782,0.168
408500,0.050,0.792,0.158
409000,0.050,0.805,0.144
409500,0.050,0.825,0.125
410000,0.050,0.819,0.131
410500,0.050,0.806,0.144
411000,0.050,0.809,0.141
411500,0.050,0.806,0.143
412000,0.050,0.807,0.143
412500,0.050,0.774,0.176
413000,0.050,0.753,0.197
413500,0.050,0.746,0.204
414000,0.051,0.722,0.227
414500,0.051,0.769,0.180
415000,0.050,0.787,0.163
415500,0.050,0.833,0.117
416000,0.050,0.827,0.123
416500,0.050,0.805,0.145
417000,0.050,0.804,0.145
417500,0.050,0.822,0.128
418000,0.050,0.840,0.110
418500,0.050,0.836,0.114
419000,0.050,0.835,0.115
419500,0.050,0.812,0.137
420000,0.050,0.815,0.135
420500,0.050,0.795,0.154
421000,0.050,0.776,0.173
421500,0.050,0.799,0.150
422000,0.050,0.823,0.127
422500,0.050,0.821,0.129
423000,0.050,0.840,0.110
423500,0.050,0.804,0.146
424000,0.050,0.794,0.155
424500,0.050,0.812,0.138
425000,0.050,0.823,0.127
425500,0.050,0.837,0.113
426000,0.050,0.837,0.113
426500,0.050,0.831,0.119
427000,0.050,0.835,0.115
427500,0.050,0.834,0.116
428000,0.050,0.834,0.116
428500,0.050,0.854,0.096
429000,0.050,0.848,0.102
429500,0.050,0.849,0.101
430000,0.050,0.817,0.133
430500,0.050,0.800,0.149
431000,0.050,0.810,0.140
431500,0.050,0.854,0.096
432000,0.050,0.848,0.102
432500,0.050,0.823,0.127
433000,0.050,0.807,0.143
433500,0.050,0.806,0.143
434000,0.050,0.801,0.149
434500,0.050,0.809,0.141
435000,0.050,0.834,0.116
435500,0.050,0.822,0.128
436000,0.050,0.818,0.132
436500,0.050,0.801,0.149
437000,0.050,0.821,0.129
437500,0.050,0.804,0.145
438000,0.050,0.784,0.166
438500,0.050,0.763,0.186
439000,0.050,0.773,0.177
439500,0.050,0.771,0.179
440000,0.050,0.809,0.140
440500,0.050,0.813,0.137
441000,0.050,0.833,0.117
441500,0.050,0.840,0.110
442000,0.050,0.855,0.095
442500,0.050,0.855,0.095
443000,0.050,0.845,0.105
443500,0.050,0.843,0.107
444000,0.050,0.827,0.123
444500,0.050,0.795,0.155
445000,0.050,0.811,0.139
445500,0.050,0.808,0.142
446000,0.050,0.765,0.185
446500,0.050,0.781,0.168
447000,0.050,0.796,0.154
447500,0.050,0.811,0.139
448000,0.050,0.825,0.125
448500,0.050,0.816,0.134
449000,0.050,0.806,0.144
449500,0.050,0.805,0.144
450000,0.050,0.805,0.145
450500,0.050,0.816,0.134
451000,0.050,0.826,0.124
451500,0.050,0.838,0.112
452000,0.050,0.824,0.126
452500,0.050,0.777,0.173
453000,0.050,0.785,0.165
453500,0.050,0.821,0.129
454000,0.050,0.833,0.117
454500,0.050,0.795,0.154
455000,0.050,0.799,0.151
455500,0.050,0.814,0.136
456000,0.050,0.805,0.145
456500,0.050,0.794,0.155
457000,0.050,0.812,0.138
457500,0.050,0.830,0.120
458000,0.050,0.811,0.139
458500,0.050,0.798,0.151
459000,0.050,0.776,0.173
459500,0.050,0.797,0.152
460000,0.050,0.764,0.186
460500,0.050,0.792,0.158
461000,0.050,0.796,0.153
461500,0.050,0.821,0.129
462000,0.050,0.813,0.137
462500,0.050,0.797,0.153
463000,0.050,0.772,0.177
463500,0.050,0.757,0.193
464000,0.050,0.787,0.163
464500,0.050,0.797,0.153
465000,0.050,0.823,0.127
465500,0.050,0.841,0.109
466000,0.050,0.806,0.144
466500,0.050,0.825,0.125
467000,0.050,0.835,0.115
467500,0.050,0.822,0.128
468000,0.050,0.817,0.133
468500,0.050,0.832,0.118
469000,0.050,0.798,0.151
469500,0.050,0.785,0.164
470000,0.050,0.789,0.160
470500,0.050,0.795,0.154
471000,0.050,0.797,0.153
471500,0.050,0.817,0.133
472000,0.050,0.794,0.156
472500,0.050,0.769,0.181
473000,0.050,0.776,0.174
473500,0.050,0.808,0.142
474000,0.050,0.787,0.162
474500,0.050,0.825,0.125
475000,0.050,0.808,0.141
475500,0.050,0.804,0.146
476000,0.050,0.780,0.169
476500,0.050,0.800,0.150
477000,0.050,0.800,0.150
477500,0.050,0.812,0.137
478000,0.050,0.796,0.154
478500,0.050,0.805,0.145
479000,0.050,0.772,0.177
479500,0.050,0.784,0.166
480000,0.050,0.812,0.138
480500,0.050,0.839,0.111
481000,0.050,0.816,0.134
481500,0.050,0.827,0.123
482000,0.050,0.796,0.154
482500,0.050,0.779,0.171
483000,0.050,0.797,0.152
483500,0.050,0.795,0.155
484000,0.050,0.809,0.140
484500,0.050,0.805,0.145
485000,0.050,0.778,0.172
485500,0.050,0.790,0.160
486000,0.050,0.812,0.137
486500,0.050,0.808,0.141
487000,0.050,0.814,0.136
487500,0.050,0.824,0.126
488000,0.050,0.816,0.134
488500,0.050,0.797,0.152
489000,0.050,0.785,0.164
489500,0.050,0.809,0.141
490000,0.050,0.806,0.143
490500,0.050,0.820,0.130
491000,0.050,0.815,0.135
491500,0.050,0.798,0.152
492000,0.050,0.818,0.132
492500,0.050,0.830,0.120
493000,0.050,0.823,0.127
493500,0.050,0.815,0.135
494000,0.050,0.790,0.159
494500,0.050,0.814,0.136
495000,0.050,0.804,0.146
495500,0.050,0.778,0.172
496000,0.050,0.819,0.131
496500,0.050,0.824,0.126
497000,0.050,0.793,0.156
497500,0.050,0.761,0.189
498000,0.050,0.821,0.129
498500,0.050,0.812,0.138
499000,0.050,0.812,0.137
499500,0.050,0.833,0.117
500000,0.050,0.815,0.135
500500,0.050,0.775,0.174
501000,0.050,0.798,0.152
501500,0.050,0.843,0.107
502000,0.050,0.833,0.117
502500,0.050,0.805,0.144
503000,0.050,0.817,0.133
503500,0.050,0.759,0.191
504000,0.050,0.771,0.178
504500,0.050,0.751,0.199
505000,0.050,0.773,0.177
505500,0.050,0.787,0.163
506000,0.050,0.806,0.144
506500,0.050,0.815,0.135
507000,0.050,0.840,0.110
507500,0.050,0.825,0.125
508000,0.050,0.823,0.127
508500,0.050,0.833,0.117
509000,0.050,0.842,0.108
509500,0.050,0.829,0.121
510000,0.050,0.827,0.123
510500,0.050,0.832,0.118
511000,0.050,0.812,0.137
511500,0.050,0.803,0.147
512000,0.050,0.808,0.141
512500,0.050,0.777,0.172
513000,0.050,0.784,0.166
513500,0.050,0.798,0.151
514000,0.050,0.806,0.144
514500,0.050,0.795,0.154
515000,0.050,0.805,0.144
515500,0.050,0.822,0.128
516000,0.050,0.809,0.141
516500,0.050,0.816,0.134
517000,0.050,0.804,0.145
517500,0.050,0.776,0.174
518000,0.050,0.779,0.171
518500,0.050,0.783,0.166
519000,0.050,0.804,0.145
519500,0.050,0.828,0.122
520000,0.050,0.814,0.136
520500,0.050,0.785,0.164
521000,0.050,0.825,0.125
521500,0.050,0.792,0.158
522000,0.050,0.785,0.164
522500,0.050,0.794,0.156
523000,0.050,0.812,0.137
523500,0.050,0.805,0.145
524000,0.050,0.804,0.145
524500,0.050,0.797,0.152
525000,0.050,0.798,0.151
525500,0.050,0.829,0.121
526000,0.050,0.814,0.136
526500,0.050,0.807,0.142
527000,0.050,0.812,0.138
527500,0.050,0.823,0.127
528000,0.050,0.806,0.143
528500,0.050,0.797,0.153
529000,0.050,0.810,0.139
529500,0.050,0.844,0.106
530000,0.050,0.833,0.117
530500,0.050,0.840,0.110
531000,0.050,0.835,0.115
531500,0.050,0.800,0.150
532000,0.050,0.816,0.134
532500,0.050,0.825,0.125
533000,0.050,0.812,0.137
533500,0.050,0.819,0.131
534000,0.050,0.842,0.108
534500,0.050,0.848,0.102
535000,0.050,0.810,0.139
535500,0.050,0.814,0.136
536000,0.050,0.770,0.180
536500,0.050,0.750,0.200
537000,0.050,0.799,0.151
537500,0.050,0.813,0.137
538000,0.050,0.840,0.110
538500,0.050,0.798,0.152
539000,0.050,0.769,0.180
539500,0.050,0.757,0.193
540000,0.050,0.800,0.150
540500,0.050,0.795,0.155
541000,0.050,0.851,0.099
541500,0.050,0.831,0.119
542000,0.050,0.811,0.139
542500,0.050,0.818,0.132
543000,0.050,0.795,0.154
543500,0.050,0.822,0.128
544000,0.050,0.802,0.148
544500,0.050,0.805,0.145
545000,0.050,0.794,0.155
545500,0.050,0.801,0.148
546000,0.050,0.768,0.182
546500,0.050,0.761,0.189
547000,0.050,0.795,0.154
547500,0.050,0.795,0.155
548000,0.050,0.755,0.195
548500,0.050,0.754,0.196
549000,0.050,0.775,0.175
549500,0.050,0.787,0.163
550000,0.050,0.770,0.180
550500,0.050,0.818,0.132
551000,0.050,0.831,0.119
551500,0.050,0.807,0.143
552000,0.050,0.830,0.120
552500,0.050,0.831,0.119
553000,0.050,0.801,0.149
553500,0.050,0.804,0.146
554000,0.050,0.785,0.164
554500,0.050,0.835,0.115
555000,0.050,0.804,0.145
555500,0.050,0.803,0.146
556000,0.050,0.799,0.150
556500,0.050,0.794,0.156
557000,0.050,0.801,0.148
557500,0.050,0.816,0.134
558000,0.050,0.797,0.152
558500,0.050,0.822,0.128
559000,0.050,0.793,0.157
559500,0.050,0.806,0.143
560000,0.050,0.792,0.158
560500,0.050,0.807,0.143
561000,0.050,0.810,0.140
561500,0.050,0.795,0.155
562000,0.050,0.781,0.169
562500,0.050,0.758,0.192
563000,0.050,0.798,0.152
563500,0.050,0.799,0.151
564000,0.050,0.784,0.165
564500,0.050,0.808,0.141
565000,0.050,0.764,0.186
565500,0.050,0.791,0.159
566000,0.050,0.782,0.167
566500,0.050,0.792,0.157
567000,0.050,0.787,0.162
567500,0.050,0.808,0.141
568000,0.050,0.833,0.117
568500,0.050,0.827,0.123
569000,0.050,0.845,0.105
569500,0.050,0.839,0.111
570000,0.050,0.830,0.120
570500,0.050,0.827,0.123
571000,0.050,0.835,0.115
571500,0.050,0.840,0.110
572000,0.050,0.824,0.126
572500,0.050,0.819,0.131
573000,0.050,0.788,0.162
573500,0.050,0.789,0.160
574000,0.050,0.805,0.144
574500,0.050,0.797,0.153
575000,0.050,0.809,0.140
575500,0.050,0.817,0.133
576000,0.050,0.804,0.146
576500,0.050,0.815,0.135
577000,0.050,0.816,0.134
577500,0.050,0.830,0.120
578000,0.050,0.784,0.166
578500,0.050,0.807,0.142
579000,0.050,0.799,0.150
579500,0.050,0.770,0.180
580000,0.050,0.782,0.167
580500,0.050,0.811,0.139
581000,0.050,0.822,0.128
581500,0.050,0.812,0.138
582000,0.050,0.805,0.144
582500,0.050,0.788,0.161
583000,0.050,0.757,0.193
583500,0.050,0.795,0.154
584000,0.050,0.804,0.146
584500,0.050,0.775,0.174
585000,0.050,0.788,0.161
585500,0.050,0.819,0.131
586000,0.050,0.816,0.134
586500,0.050,0.774,0.175
587000,0.050,0.788,0.162
587500,0.050,0.799,0.151
588000,0.050,0.796,0.154
588500,0.050,0.792,0.158
589000,0.050,0.781,0.169
589500,0.050,0.813,0.137
590000,0.050,0.761,0.189
590500,0.050,0.749,0.201
591000,0.050,0.750,0.200
591500,0.050,0.721,0.229
592000,0.050,0.715,0.235
592500,0.050,0.746,0.204
593000,0.050,0.754,0.196
593500,0.050,0.739,0.211
594000,0.050,0.749,0.201
594500,0.050,0.772,0.177
595000,0.050,0.793,0.156
595500,0.050,0.819,0.131
596000,0.050,0.836,0.114
596500,0.050,0.815,0.135
597000,0.050,0.798,0.152
597500,0.050,0.800,0.149
598000,0.050,0.807,0.142
598500,0.050,0.807,0.142
599000,0.050,0.786,0.164
599500,0.050,0.800,0.150
600000,0.050,0.755,0.195
600500,0.050,0.753,0.197
601000,0.050,0.779,0.171
601500,0.050,0.786,0.163
602000,0.050,0.814,0.136
602500,0.050,0.798,0.152
603000,0.050,0.806,0.144
603500,0.050,0.796,0.154
604000,0.050,0.773,0.176
604500,0.050,0.800,0.150
605000,0.050,0.784,0.165
605500,0.050,0.761,0.189
606000,0.050,0.757,0.193
606500,0.050,0.770,0.179
607000,0.050,0.773,0.176
607500,0.050,0.779,0.170
608000,0.050,0.795,0.155
608500,0.050,0.804,0.145
609000,0.050,0.776,0.173
609500,0.050,0.778,0.172
610000,0.050,0.799,0.151
610500,0.050,0.769,0.181
611000,0.050,0.807,0.142
611500,0.050,0.784,0.165
612000,0.050,0.782,0.168
612500,0.050,0.773,0.177
613000,0.050,0.777,0.172
613500,0.050,0.817,0.133
614000,0.050,0.809,0.140
614500,0.050,0.798,0.151
615000,0.050,0.805,0.145
615500,0.050,0.790,0.160
616000,0.050,0.826,0.124
616500,0.050,0.810,0.139
617000,0.050,0.796,0.153
617500,0.050,0.815,0.135
618000,0.050,0.810,0.140
618500,0.050,0.787,0.163
619000,0.050,0.818,0.132
619500,0.050,0.779,0.170
620000,0.050,0.750,0.200
620500,0.050,0.772,0.177
621000,0.050,0.785,0.165
621500,0.050,0.817,0.133
622000,0.050,0.774,0.175
622500,0.050,0.822,0.128
623000,0.050,0.775,0.174
623500,0.050,0.760,0.190
624000,0.050,0.785,0.165
624500,0.050,0.798,0.151
625000,0.050,0.843,0.107
625500,0.050,0.810,0.139
626000,0.050,0.807,0.142
626500,0.050,0.794,0.155
627000,0.050,0.779,0.171
627500,0.050,0.799,0.150
628000,0.050,0.788,0.162
628500,0.050,0.788,0.162
629000,0.050,0.771,0.178
629500,0.050,0.768,0.182
630000,0.050,0.795,0.155
630500,0.050,0.814,0.136
631000,0.050,0.821,0.129
631500,0.050,0.829,0.121
632000,0.050,0.805,0.145
632500,0.050,0.798,0.151
633000,0.050,0.804,0.145
633500,0.050,0.819,0.131
634000,0.050,0.829,0.121
634500,0.050,0.840,0.110
635000,0.050,0.825,0.125
635500,0.050,0.828,0.122
636000,0.050,0.817,0.133
636500,0.050,0.796,0.153
637000,0.050,0.808,0.142
637500,0.050,0.811,0.139
638000,0.050,0.804,0.145
638500,0.050,0.810,0.140
639000,0.050,0.818,0.132
639500,0.050,0.800,0.149
640000,0.050,0.800,0.150
640500,0.050,0.820,0.130
641000,0.050,0.807,0.142
641500,0.050,0.833,0.117
642000,0.050,0.832,0.118
642500,0.050,0.843,0.107
643000,0.050,0.844,0.106
643500,0.050,0.814,0.136
644000,0.050,0.801,0.148
644500,0.050,0.830,0.120
645000,0.050,0.798,0.152
645500,0.050,0.799,0.150
646000,0.050,0.802,0.147
646500,0.050,0.788,0.161
647000,0.050,0.764,0.185
647500,0.050,0.789,0.160
648000,0.050,0.830,0.120
648500,0.050,0.846,0.104
649000,0.050,0.824,0.126
649500,0.050,0.828,0.122
650000,0.050,0.830,0.120
650500,0.050,0.824,0.126
651000,0.050,0.806,0.143
651500,0.050,0.775,0.174
652000,0.050,0.805,0.144
652500,0.050,0.823,0.127
653000,0.050,0.811,0.138
653500,0.050,0.825,0.125
654000,0.050,0.804,0.145
654500,0.050,0.798,0.152
655000,0.050,0.820,0.130
655500,0.050,0.823,0.127
656000,0.050,0.795,0.155
656500,0.050,0.792,0.157
657000,0.050,0.780,0.169
657500,0.050,0.800,0.149
658000,0.050,0.785,0.165
658500,0.050,0.803,0.146
659000,0.050,0.819,0.131
659500,0.050,0.820,0.130
660000,0.050,0.811,0.139
660500,0.050,0.796,0.154
661000,0.050,0.777,0.172
661500,0.050,0.764,0.186
662000,0.050,0.754,0.196
662500,0.050,0.795,0.154
663000,0.050,0.812,0.138
663500,0.050,0.803,0.146
664000,0.050,0.808,0.141
664500,0.050,0.802,0.147
665000,0.050,0.841,0.109
665500,0.050,0.846,0.104
666000,0.050,0.805,0.144
666500,0.050,0.800,0.150
667000,0.050,0.818,0.132
667500,0.050,0.827,0.123
668000,0.050,0.793,0.157
668500,0.050,0.822,0.128
669000,0.050,0.833,0.117
669500,0.050,0.825,0.125
670000,0.050,0.821,0.129
670500,0.050,0.819,0.131
671000,0.050,0.796,0.154
671500,0.050,0.797,0.153
672000,0.050,0.848,0.102
672500,0.050,0.840,0.110
673000,0.050,0.812,0.138
673500,0.050,0.778,0.171
674000,0.050,0.807,0.143
674500,0.050,0.824,0.126
675000,0.050,0.824,0.126
675500,0.050,0.823,0.127
676000,0.050,0.838,0.112
676500,0.050,0.836,0.114
677000,0.050,0.814,0.136
677500,0.050,0.804,0.146
678000,0.050,0.825,0.125
678500,0.050,0.795,0.154
679000,0.050,0.816,0.134
679500,0.050,0.798,0.152
680000,0.050,0.814,0.136
680500,0.050,0.807,0.143
681000,0.050,0.803,0.147
681500,0.050,0.793,0.157
682000,0.050,0.815,0.135
682500,0.050,0.827,0.123
683000,0.050,0.791,0.158
683500,0.050,0.831,0.119
684000,0.050,0.827,0.123
684500,0.050,0.806,0.144
685000,0.050,0.794,0.156
685500,0.050,0.799,0.150
686000,0.050,0.791,0.158
686500,0.050,0.816,0.134
687000,0.050,0.819,0.131
687500,0.050,0.825,0.125
688000,0.050,0.805,0.145
688500,0.050,0.783,0.166
689000,0.050,0.794,0.155
689500,0.050,0.777,0.173
690000,0.050,0.774,0.176
690500,0.050,0.776,0.173
691000,0.050,0.801,0.148
691500,0.050,0.790,0.160
692000,0.050,0.800,0.150
692500,0.050,0.794,0.155
693000,0.050,0.791,0.158
693500,0.050,0.785,0.165
694000,0.050,0.797,0.152
694500,0.050,0.839,0.111
695000,0.050,0.833,0.117
695500,0.050,0.812,0.138
696000,0.050,0.830,0.120
696500,0.050,0.824,0.126
697000,0.050,0.827,0.123
697500,0.050,0.820,0.130
698000,0.050,0.801,0.149
698500,0.050,0.841,0.109
699000,0.050,0.829,0.121
699500,0.050,0.803,0.147
700000,0.050,0.781,0.168
700500,0.050,0.781,0.168
701000,0.050,0.810,0.140
701500,0.050,0.809,0.141
702000,0.050,0.823,0.127
702500,0.050,0.828,0.122
703000,0.050,0.803,0.146
703500,0.050,0.834,0.116
704000,0.050,0.845,0.105
704500,0.050,0.832,0.118
705000,0.050,0.796,0.153
705500,0.050,0.805,0.145
706000,0.050,0.796,0.153
706500,0.050,0.805,0.144
707000,0.050,0.789,0.161
707500,0.050,0.829,0.121
708000,0.050,0.808,0.142
708500,0.050,0.821,0.129
709000,0.050,0.810,0.140
709500,0.050,0.788,0.162
710000,0.050,0.795,0.154
710500,0.050,0.796,0.154
711000,0.050,0.806,0.144
711500,0.050,0.801,0.149
712000,0.050,0.809,0.141
712500,0.050,0.796,0.153
713000,0.050,0.822,0.128
713500,0.050,0.829,0.121
714000,0.050,0.842,0.108
714500,0.050,0.834,0.116
715000,0.050,0.827,0.123
715500,0.050,0.840,0.110
716000,0.050,0.815,0.135
716500,0.050,0.803,0.146
717000,0.050,0.839,0.111
717500,0.050,0.859,0.091
718000,0.050,0.852,0.098
718500,0.050,0.852,0.098
719000,0.050,0.863,0.087
719500,0.050,0.833,0.117
720000,0.050,0.827,0.123
720500,0.050,0.819,0.131
721000,0.050,0.837,0.113
721500,0.050,0.821,0.129
722000,0.050,0.826,0.124
722500,0.050,0.798,0.152
723000,0.050,0.821,0.129
723500,0.050,0.812,0.137
724000,0.050,0.831,0.119
724500,0.050,0.846,0.104
725000,0.050,0.823,0.127
725500,0.050,0.821,0.129
726000,0.050,0.820,0.130
726500,0.050,0.834,0.116
727000,0.050,0.806,0.143
727500,0.050,0.796,0.153
728000,0.050,0.764,0.186
728500,0.050,0.772,0.177
729000,0.050,0.770,0.179
729500,0.050,0.792,0.157
730000,0.050,0.801,0.148
730500,0.050,0.819,0.131
731000,0.050,0.826,0.124
731500,0.050,0.845,0.105
732000,0.050,0.838,0.112
732500,0.050,0.839,0.111
733000,0.050,0.820,0.130
733500,0.050,0.824,0.126
734000,0.050,0.795,0.154
734500,0.050,0.802,0.147
735000,0.050,0.765,0.184
735500,0.050,0.740,0.210
736000,0.050,0.784,0.165
736500,0.050,0.787,0.163
737000,0.050,0.844,0.106
737500,0.050,0.832,0.118
738000,0.050,0.849,0.101
738500,0.050,0.846,0.104
739000,0.050,0.842,0.108
739500,0.050,0.834,0.116
740000,0.050,0.792,0.157
740500,0.050,0.795,0.155
741000,0.050,0.786,0.164
741500,0.050,0.803,0.146
742000,0.050,0.788,0.162
742500,0.050,0.781,0.168
743000,0.050,0.787,0.162
743500,0.050,0.784,0.165
744000,0.050,0.778,0.171
744500,0.050,0.769,0.181
745000,0.050,0.746,0.204
745500,0.050,0.740,0.210
746000,0.050,0.757,0.193
746500,0.050,0.770,0.180
747000,0.050,0.762,0.188
747500,0.050,0.755,0.195
748000,0.050,0.746,0.204
748500,0.050,0.777,0.172
749000,0.050,0.817,0.133
749500,0.050,0.807,0.142
750000,0.050,0.815,0.135
750500,0.050,0.824,0.126
751000,0.050,0.832,0.118
751500,0.050,0.827,0.123
752000,0.050,0.819,0.131
752500,0.050,0.817,0.133
753000,0.050,0.784,0.166
753500,0.050,0.770,0.179
754000,0.050,0.768,0.181
754500,0.050,0.787,0.163
755000,0.050,0.782,0.168
755500,0.050,0.789,0.161
756000,0.050,0.797,0.152
756500,0.050,0.805,0.144
757000,0.050,0.815,0.135
757500,0.050,0.827,0.123
758000,0.050,0.825,0.125
758500,0.050,0.809,0.141
759000,0.050,0.783,0.167
759500,0.050,0.809,0.140
760000,0.050,0.804,0.146
760500,0.050,0.816,0.134
761000,0.050,0.793,0.156
761500,0.050,0.834,0.116
762000,0.050,0.841,0.109
762500,0.050,0.793,0.157
763000,0.050,0.814,0.136
763500,0.050,0.774,0.175
764000,0.050,0.820,0.130
764500,0.050,0.831,0.119
765000,0.050,0.824,0.126
765500,0.050,0.839,0.111
766000,0.050,0.817,0.133
766500,0.050,0.805,0.144
767000,0.050,0.823,0.127
767500,0.050,0.825,0.125
768000,0.050,0.820,0.130
768500,0.050,0.789,0.161
769000,0.050,0.782,0.167
769500,0.050,0.790,0.159
770000,0.050,0.793,0.156
770500,0.050,0.786,0.163
771000,0.050,0.793,0.156
771500,0.050,0.799,0.151
772000,0.050,0.802,0.148
772500,0.050,0.817,0.133
773000,0.050,0.821,0.129
773500,0.050,0.819,0.131
774000,0.050,0.833,0.117
774500,0.050,0.816,0.134
775000,0.050,0.802,0.148
775500,0.050,0.818,0.132
776000,0.050,0.812,0.138
776500,0.050,0.819,0.131
777000,0.050,0.800,0.150
777500,0.050,0.793,0.157
778000,0.050,0.797,0.153
778500,0.050,0.801,0.149
779000,0.050,0.772,0.178
779500,0.050,0.814,0.136
780000,0.050,0.829,0.121
780500,0.050,0.823,0.127
781000,0.050,0.811,0.139
781500,0.050,0.766,0.184
782000,0.050,0.782,0.167
782500,0.050,0.776,0.174
783000,0.050,0.782,0.167
783500,0.050,0.813,0.137
784000,0.050,0.825,0.125
784500,0.050,0.807,0.143
785000,0.050,0.796,0.153
785500,0.050,0.766,0.184
786000,0.050,0.815,0.135
786500,0.050,0.805,0.145
787000,0.050,0.795,0.154
787500,0.050,0.786,0.163
788000,0.050,0.767,0.182
788500,0.050,0.749,0.201
789000,0.050,0.790,0.160
789500,0.050,0.797,0.152
790000,0.050,0.767,0.183
790500,0.050,0.792,0.158
791000,0.050,0.775,0.174
791500,0.050,0.811,0.138
792000,0.050,0.794,0.156
792500,0.050,0.814,0.136
793000,0.050,0.788,0.162
793500,0.050,0.816,0.134
794000,0.050,0.812,0.137
794500,0.050,0.821,0.129
795000,0.050,0.831,0.119
795500,0.050,0.840,0.110
796000,0.050,0.840,0.110
796500,0.050,0.813,0.137
797000,0.050,0.818,0.132
797500,0.050,0.821,0.129
798000,0.050,0.775,0.175
798500,0.050,0.785,0.164
799000,0.050,0.752,0.198
799500,0.050,0.767,0.182
800000,0.050,0.785,0.164
800500,0.050,0.795,0.154
801000,0.050,0.786,0.164
801500,0.050,0.790,0.160
802000,0.050,0.781,0.168
802500,0.050,0.769,0.180
803000,0.050,0.803,0.147
803500,0.050,0.806,0.143
804000,0.050,0.811,0.139
804500,0.050,0.816,0.134
805000,0.050,0.805,0.144
805500,0.050,0.821,0.129
806000,0.050,0.796,0.154
806500,0.050,0.793,0.156
807000,0.050,0.793,0.156
807500,0.050,0.793,0.156
808000,0.050,0.807,0.142
808500,0.050,0.811,0.139
809000,0.050,0.829,0.121
809500,0.050,0.761,0.189
810000,0.050,0.757,0.193
810500,0.050,0.753,0.197
811000,0.050,0.752,0.198
811500,0.050,0.784,0.165
812000,0.050,0.797,0.153
812500,0.050,0.809,0.140
813000,0.050,0.810,0.140
813500,0.050,0.774,0.175
814000,0.050,0.776,0.173
814500,0.050,0.796,0.153
815000,0.050,0.789,0.160
815500,0.050,0.784,0.166
816000,0.050,0.776,0.173
816500,0.050,0.816,0.134
817000,0.050,0.811,0.139
817500,0.050,0.772,0.178
818000,0.050,0.790,0.160
818500,0.050,0.788,0.161
819000,0.050,0.785,0.164
819500,0.050,0.804,0.146
820000,0.050,0.802,0.148
820500,0.050,0.779,0.170
821000,0.050,0.769,0.180
821500,0.050,0.774,0.176
822000,0.050,0.810,0.139
822500,0.050,0.794,0.156
823000,0.050,0.814,0.136
823500,0.050,0.800,0.149
824000,0.050,0.823,0.127
824500,0.050,0.800,0.150
825000,0.050,0.825,0.125
825500,0.050,0.827,0.123
826000,0.050,0.804,0.145
826500,0.050,0.815,0.135
827000,0.050,0.793,0.157
827500,0.050,0.766,0.183
828000,0.050,0.765,0.185
828500,0.050,0.765,0.184
829000,0.050,0.781,0.169
829500,0.050,0.783,0.166
830000,0.050,0.809,0.141
830500,0.050,0.815,0.135
831000,0.050,0.803,0.147
831500,0.050,0.800,0.149
832000,0.050,0.781,0.168
832500,0.050,0.791,0.159
833000,0.050,0.784,0.165
833500,0.050,0.820,0.130
834000,0.050,0.798,0.151
834500,0.050,0.815,0.135
835000,0.050,0.798,0.152
835500,0.050,0.789,0.160
836000,0.050,0.793,0.157
836500,0.050,0.794,0.155
837000,0.050,0.787,0.163
837500,0.050,0.766,0.183
838000,0.050,0.771,0.179
838500,0.050,0.821,0.129
839000,0.050,0.802,0.147
839500,0.050,0.802,0.147
840000,0.050,0.786,0.163
840500,0.050,0.751,0.199
841000,0.050,0.795,0.154
841500,0.050,0.833,0.117
842000,0.050,0.803,0.147
842500,0.050,0.819,0.131
843000,0.050,0.829,0.121
843500,0.050,0.822,0.128
844000,0.050,0.804,0.146
844500,0.050,0.824,0.126
845000,0.050,0.835,0.115
845500,0.050,0.854,0.096
846000,0.050,0.796,0.153
846500,0.050,0.812,0.137
847000,0.050,0.803,0.147
847500,0.050,0.794,0.155
848000,0.050,0.794,0.156
848500,0.050,0.759,0.191
849000,0.050,0.771,0.178
849500,0.050,0.806,0.143
850000,0.050,0.821,0.129
850500,0.050,0.809,0.140
851000,0.050,0.769,0.181
851500,0.050,0.767,0.182
852000,0.050,0.746,0.204
852500,0.050,0.756,0.194
853000,0.050,0.770,0.179
853500,0.050,0.763,0.186
854000,0.050,0.766,0.184
854500,0.050,0.789,0.161
855000,0.050,0.782,0.167
855500,0.050,0.790,0.159
856000,0.050,0.771,0.178
856500,0.050,0.773,0.176
857000,0.050,0.772,0.177
857500,0.050,0.760,0.190
858000,0.050,0.787,0.163
858500,0.050,0.822,0.128
859000,0.050,0.810,0.140
859500,0.050,0.821,0.129
860000,0.050,0.799,0.151
860500,0.050,0.840,0.110
861000,0.050,0.820,0.130
861500,0.050,0.791,0.158
862000,0.050,0.785,0.165
862500,0.050,0.803,0.147
863000,0.050,0.802,0.148
863500,0.050,0.819,0.131
864000,0.050,0.805,0.144
864500,0.050,0.851,0.099
865000,0.050,0.827,0.123
865500,0.050,0.822,0.128
866000,0.050,0.819,0.131
866500,0.050,0.807,0.143
867000,0.050,0.808,0.141
867500,0.050,0.805,0.144
868000,0.050,0.807,0.142
868500,0.050,0.779,0.170
869000,0.050,0.804,0.145
869500,0.050,0.822,0.128
870000,0.050,0.807,0.142
870500,0.050,0.800,0.150
871000,0.050,0.777,0.173
871500,0.050,0.761,0.189
872000,0.050,0.795,0.154
872500,0.050,0.796,0.153
873000,0.050,0.777,0.172
873500,0.050,0.750,0.200
874000,0.050,0.766,0.184
874500,0.050,0.773,0.176
875000,0.050,0.775,0.175
875500,0.050,0.779,0.171
876000,0.050,0.785,0.164
876500,0.050,0.769,0.180
877000,0.050,0.786,0.164
877500,0.050,0.809,0.141
878000,0.050,0.797,0.152
878500,0.050,0.807,0.143
879000,0.050,0.805,0.144
879500,0.050,0.834,0.116
880000,0.050,0.829,0.121
880500,0.050,0.787,0.162
881000,0.050,0.807,0.143
881500,0.050,0.808,0.141
882000,0.050,0.805,0.145
882500,0.050,0.817,0.133
883000,0.050,0.821,0.129
883500,0.050,0.794,0.156
884000,0.050,0.817,0.133
884500,0.050,0.792,0.157
885000,0.050,0.787,0.162
885500,0.050,0.805,0.145
886000,0.050,0.802,0.148
886500,0.050,0.793,0.157
887000,0.050,0.783,0.166
887500,0.050,0.801,0.148
888000,0.050,0.847,0.103
888500,0.050,0.836,0.114
889000,0.050,0.824,0.126
889500,0.050,0.799,0.151
890000,0.050,0.820,0.130
890500,0.050,0.791,0.158
891000,0.050,0.788,0.161
891500,0.050,0.761,0.189
892000,0.050,0.757,0.193
892500,0.050,0.808,0.141
893000,0.050,0.790,0.160
893500,0.050,0.803,0.146
894000,0.050,0.805,0.144
894500,0.050,0.792,0.158
895000,0.050,0.786,0.164
895500,0.050,0.792,0.158
896000,0.050,0.813,0.137
896500,0.050,0.805,0.145
897000,0.050,0.799,0.151
897500,0.050,0.795,0.154
898000,0.050,0.810,0.139
898500,0.050,0.812,0.137
899000,0.050,0.843,0.107
899500,0.050,0.844,0.106
900000,0.050,0.826,0.124
900500,0.050,0.839,0.111
901000,0.050,0.837,0.113
901500,0.050,0.839,0.111
902000,0.050,0.802,0.148
902500,0.050,0.798,0.151
903000,0.050,0.783,0.166
903500,0.050,0.753,0.197
904000,0.050,0.762,0.188
904500,0.050,0.775,0.175
905000,0.050,0.759,0.191
905500,0.050,0.787,0.163
906000,0.050,0.771,0.179
906500,0.050,0.744,0.206
907000,0.050,0.766,0.184
907500,0.050,0.778,0.171
908000,0.050,0.809,0.141
908500,0.050,0.815,0.135
909000,0.050,0.774,0.175
909500,0.050,0.783,0.166
910000,0.050,0.783,0.166
910500,0.050,0.792,0.157
911000,0.050,0.791,0.158
911500,0.050,0.820,0.130
912000,0.050,0.793,0.157
912500,0.050,0.814,0.136
913000,0.050,0.813,0.137
913500,0.050,0.797,0.153
914000,0.050,0.806,0.143
914500,0.050,0.818,0.132
915000,0.050,0.819,0.131
915500,0.050,0.820,0.130
916000,0.050,0.831,0.119
916500,0.050,0.800,0.149
917000,0.050,0.808,0.142
917500,0.050,0.812,0.137
918000,0.050,0.815,0.135
918500,0.050,0.814,0.136
919000,0.050,0.836,0.114
919500,0.050,0.820,0.130
920000,0.050,0.807,0.142
920500,0.050,0.839,0.111
921000,0.050,0.820,0.130
921500,0.050,0.826,0.124
922000,0.050,0.783,0.166
922500,0.050,0.815,0.135
923000,0.050,0.810,0.140
923500,0.050,0.811,0.139
924000,0.050,0.814,0.136
924500,0.050,0.787,0.162
925000,0.050,0.779,0.171
925500,0.050,0.791,0.159
926000,0.050,0.775,0.175
926500,0.050,0.773,0.177
927000,0.050,0.787,0.163
927500,0.050,0.794,0.156
928000,0.050,0.796,0.153
928500,0.050,0.820,0.130
929000,0.050,0.803,0.147
929500,0.050,0.790,0.159
930000,0.050,0.778,0.172
930500,0.050,0.806,0.143
931000,0.050,0.790,0.159
931500,0.050,0.811,0.139
932000,0.050,0.828,0.122
932500,0.050,0.832,0.118
933000,0.050,0.820,0.130
933500,0.050,0.815,0.135
934000,0.050,0.823,0.127
934500,0.050,0.838,0.112
935000,0.050,0.790,0.160
935500,0.050,0.794,0.155
936000,0.050,0.798,0.152
936500,0.050,0.791,0.159
937000,0.050,0.782,0.168
937500,0.050,0.817,0.133
938000,0.050,0.774,0.175
938500,0.050,0.806,0.144
939000,0.050,0.805,0.144
939500,0.050,0.775,0.175
940000,0.050,0.788,0.162
940500,0.050,0.808,0.141
941000,0.050,0.771,0.179
941500,0.050,0.795,0.155
942000,0.050,0.839,0.111
942500,0.050,0.852,0.098
943000,0.050,0.825,0.125
943500,0.050,0.816,0.134
944000,0.050,0.788,0.161
944500,0.050,0.787,0.162
945000,0.050,0.827,0.123
945500,0.050,0.824,0.126
946000,0.050,0.799,0.151
946500,0.050,0.784,0.165
947000,0.050,0.795,0.155
947500,0.050,0.810,0.139
948000,0.050,0.857,0.093
948500,0.050,0.824,0.126
949000,0.050,0.855,0.095
949500,0.050,0.837,0.113
950000,0.050,0.856,0.094
950500,0.050,0.836,0.114
951000,0.050,0.826,0.124
951500,0.050,0.840,0.110
952000,0.050,0.820,0.130
952500,0.050,0.803,0.146
953000,0.050,0.808,0.141
953500,0.050,0.820,0.130
954000,0.050,0.801,0.149
954500,0.050,0.826,0.124
955000,0.050,0.798,0.151
955500,0.050,0.812,0.138
956000,0.050,0.806,0.143
956500,0.050,0.782,0.167
957000,0.050,0.802,0.147
957500,0.050,0.808,0.142
958000,0.050,0.822,0.128
958500,0.050,0.818,0.132
959000,0.050,0.778,0.171
959500,0.050,0.770,0.180
960000,0.050,0.761,0.189
960500,0.050,0.776,0.174
961000,0.050,0.740,0.210
961500,0.050,0.784,0.165
962000,0.050,0.783,0.167
962500,0.050,0.751,0.199
963000,0.050,0.770,0.179
963500,0.050,0.775,0.174
964000,0.050,0.785,0.165
964500,0.050,0.800,0.150
965000,0.050,0.813,0.137
965500,0.050,0.796,0.153
966000,0.050,0.780,0.169
966500,0.050,0.790,0.160
967000,0.050,0.792,0.157
967500,0.050,0.812,0.137
968000,0.050,0.814,0.136
968500,0.050,0.821,0.129
969000,0.050,0.812,0.137
969500,0.050,0.828,0.122
970000,0.050,0.838,0.112
970500,0.050,0.876,0.074
971000,0.050,0.879,0.071
971500,0.050,0.849,0.101
972000,0.050,0.810,0.140
972500,0.050,0.814,0.136
973000,0.050,0.807,0.143
973500,0.050,0.839,0.111
974000,0.050,0.839,0.111
974500,0.050,0.816,0.134
975000,0.050,0.815,0.135
975500,0.050,0.817,0.133
976000,0.050,0.824,0.126
976500,0.050,0.817,0.133
977000,0.050,0.837,0.113
977500,0.050,0.829,0.121
978000,0.050,0.846,0.104
978500,0.050,0.839,0.111
979000,0.050,0.830,0.120
979500,0.050,0.825,0.125
980000,0.050,0.811,0.139
980500,0.050,0.789,0.161
981000,0.050,0.752,0.198
981500,0.050,0.788,0.162
982000,0.050,0.805,0.145
982500,0.050,0.792,0.157
983000,0.050,0.783,0.166
983500,0.050,0.771,0.179
984000,0.050,0.770,0.179
984500,0.050,0.796,0.154
985000,0.050,0.794,0.156
985500,0.050,0.795,0.154
986000,0.050,0.822,0.128
986500,0.050,0.800,0.150
987000,0.050,0.771,0.178
987500,0.050,0.799,0.150
988000,0.050,0.798,0.152
988500,0.050,0.808,0.142
989000,0.050,0.834,0.116
989500,0.050,0.792,0.157
990000,0.050,0.794,0.155
990500,0.050,0.806,0.144
991000,0.050,0.789,0.161
991500,0.050,0.797,0.153
992000,0.050,0.814,0.136
992500,0.050,0.822,0.128
993000,0.050,0.804,0.145
993500,0.050,0.827,0.123
994000,0.050,0.809,0.140
994500,0.050,0.808,0.141
995000,0.050,0.785,0.165
995500,0.050,0.781,0.169
996000,0.050,0.776,0.173
996500,0.050,0.801,0.149
997000,0.050,0.806,0.143
997500,0.050,0.806,0.143
998000,0.050,0.804,0.145
998500,0.050,0.767,0.183
999000,0.050,0.803,0.147
999500,0.050,0.838,0.112
1000000,0.050,0.798,0.151
