time,n_A+p,n_B,n_AB
500,0.010,0.979,0.011
1000,0.010,0.979,0.011
1500,0.010,0.975,0.015
2000,0.010,0.965,0.025
2500,0.010,0.979,0.011
3000,0.010,0.971,0.019
3500,0.010,0.968,0.022
4000,0.010,0.964,0.026
4500,0.010,0.978,0.012
5000,0.010,0.974,0.016
5500,0.010,0.982,0.008
6000,0.010,0.986,0.004
6500,0.010,0.974,0.016
7000,0.010,0.966,0.024
7500,0.010,0.966,0.024
8000,0.010,0.969,0.021
8500,0.010,0.974,0.016
9000,0.010,0.982,0.008
9500,0.010,0.976,0.014
10000,0.010,0.971,0.019
10500,0.010,0.955,0.035
11000,0.010,0.963,0.027
11500,0.010,0.972,0.018
12000,0.010,0.943,0.047
12500,0.010,0.970,0.020
13000,0.010,0.954,0.036
13500,0.010,0.951,0.039
14000,0.010,0.949,0.041
14500,0.010,0.967,0.023
15000,0.010,0.969,0.021
15500,0.010,0.960,0.030
16000,0.010,0.975,0.015
16500,0.010,0.971,0.019
17000,0.010,0.960,0.030
17500,0.010,0.975,0.015
18000,0.010,0.976,0.014
18500,0.010,0.956,0.034
19000,0.010,0.968,0.022
19500,0.010,0.974,0.016
20000,0.010,0.970,0.020
20500,0.010,0.958,0.032
21000,0.010,0.964,0.026
21500,0.010,0.968,0.022
22000,0.010,0.959,0.031
22500,0.010,0.977,0.013
23000,0.010,0.980,0.010
23500,0.010,0.974,0.016
24000,0.010,0.977,0.013
24500,0.010,0.964,0.026
25000,0.010,0.965,0.025
25500,0.010,0.976,0.014
26000,0.010,0.984,0.006
26500,0.010,0.971,0.019
27000,0.010,0.975,0.015
27500,0.010,0.979,0.011
28000,0.010,0.984,0.006
28500,0.010,0.983,0.007
29000,0.010,0.976,0.014
29500,0.010,0.976,0.014
30000,0.010,0.966,0.024
30500,0.010,0.962,0.028
31000,0.010,0.965,0.025
31500,0.010,0.968,0.022
32000,0.010,0.964,0.026
32500,0.010,0.974,0.016
33000,0.010,0.982,0.008
33500,0.010,0.973,0.017
34000,0.010,0.968,0.022
34500,0.010,0.979,0.011
35000,0.010,0.965,0.025
35500,0.010,0.979,0.011
36000,0.010,0.979,0.011
36500,0.010,0.981,0.009
37000,0.010,0.963,0.027
37500,0.010,0.971,0.019
38000,0.010,0.963,0.027
38500,0.010,0.966,0.024
39000,0.010,0.974,0.016
39500,0.010,0.959,0.031
40000,0.010,0.940,0.050
40500,0.010,0.948,0.042
41000,0.010,0.950,0.040
41500,0.010,0.971,0.019
42000,0.010,0.963,0.027
42500,0.010,0.978,0.012
43000,0.010,0.973,0.017
43500,0.010,0.967,0.023
44000,0.010,0.971,0.019
44500,0.010,0.978,0.012
45000,0.010,0.977,0.013
45500,0.010,0.975,0.015
46000,0.010,0.968,0.022
46500,0.010,0.963,0.027
47000,0.010,0.973,0.017
47500,0.010,0.968,0.022
48000,0.010,0.970,0.020
48500,0.010,0.957,0.033
49000,0.010,0.970,0.020
49500,0.010,0.971,0.019
50000,0.010,0.975,0.015
50500,0.010,0.970,0.020
51000,0.010,0.960,0.030
51500,0.010,0.967,0.023
52000,0.010,0.968,0.022
52500,0.010,0.976,0.014
53000,0.010,0.975,0.015
53500,0.010,0.975,0.015
54000,0.010,0.970,0.020
54500,0.010,0.976,0.014
55000,0.010,0.979,0.011
55500,0.010,0.978,0.012
56000,0.010,0.985,0.005
56500,0.010,0.969,0.021
57000,0.010,0.966,0.024
57500,0.010,0.965,0.025
58000,0.010,0.972,0.018
58500,0.010,0.973,0.017
59000,0.010,0.966,0.024
59500,0.010,0.964,0.026
60000,0.010,0.960,0.030
60500,0.010,0.956,0.034
61000,0.010,0.965,0.025
61500,0.010,0.978,0.012
62000,0.010,0.967,0.023
62500,0.010,0.954,0.036
63000,0.010,0.946,0.044
63500,0.010,0.963,0.027
64000,0.010,0.956,0.034
64500,0.010,0.958,0.032
65000,0.010,0.965,0.025
65500,0.010,0.955,0.035
66000,0.010,0.965,0.025
66500,0.010,0.970,0.020
67000,0.010,0.975,0.015
67500,0.010,0.973,0.017
68000,0.010,0.976,0.014
68500,0.010,0.972,0.018
69000,0.010,0.978,0.012
69500,0.010,0.979,0.011
70000,0.010,0.975,0.015
70500,0.010,0.981,0.009
71000,0.010,0.977,0.013
71500,0.010,0.975,0.015
72000,0.010,0.980,0.010
72500,0.010,0.979,0.011
73000,0.010,0.980,0.010
73500,0.010,0.971,0.019
74000,0.010,0.964,0.026
74500,0.010,0.968,0.022
75000,0.010,0.963,0.027
75500,0.010,0.971,0.019
76000,0.010,0.979,0.011
76500,0.010,0.987,0.003
77000,0.010,0.980,0.010
77500,0.010,0.968,0.022
78000,0.010,0.963,0.027
78500,0.010,0.972,0.018
79000,0.010,0.966,0.024
79500,0.010,0.969,0.021
80000,0.010,0.967,0.023
80500,0.010,0.968,0.022
81000,0.010,0.971,0.019
81500,0.010,0.955,0.035
82000,0.010,0.967,0.023
82500,0.010,0.963,0.027
83000,0.010,0.966,0.024
83500,0.010,0.974,0.016
84000,0.010,0.970,0.020
84500,0.010,0.973,0.017
85000,0.010,0.964,0.026
85500,0.010,0.961,0.029
86000,0.010,0.951,0.039
86500,0.010,0.956,0.034
87000,0.010,0.961,0.029
87500,0.010,0.964,0.026
88000,0.010,0.982,0.008
88500,0.010,0.980,0.010
89000,0.010,0.986,0.004
89500,0.010,0.974,0.016
90000,0.010,0.960,0.030
90500,0.010,0.963,0.027
91000,0.010,0.950,0.040
91500,0.010,0.941,0.049
92000,0.010,0.948,0.042
92500,0.010,0.948,0.042
93000,0.010,0.947,0.043
93500,0.010,0.964,0.026
94000,0.010,0.973,0.017
94500,0.010,0.981,0.009
95000,0.010,0.959,0.031
95500,0.010,0.956,0.034
96000,0.010,0.970,0.020
96500,0.010,0.972,0.018
97000,0.010,0.969,0.021
97500,0.010,0.984,0.006
98000,0.010,0.964,0.026
98500,0.010,0.963,0.027
99000,0.010,0.969,0.021
99500,0.010,0.962,0.028
100000,0.010,0.969,0.021
100500,0.010,0.967,0.023
101000,0.010,0.977,0.013
101500,0.010,0.984,0.006
102000,0.010,0.965,0.025
102500,0.010,0.973,0.017
103000,0.010,0.966,0.024
103500,0.010,0.969,0.021
104000,0.010,0.975,0.015
104500,0.010,0.982,0.008
105000,0.010,0.980,0.010
105500,0.010,0.969,0.021
106000,0.010,0.966,0.024
106500,0.010,0.971,0.019
107000,0.010,0.977,0.013
107500,0.010,0.960,0.030
108000,0.010,0.967,0.023
108500,0.010,0.960,0.030
109000,0.010,0.955,0.035
109500,0.010,0.960,0.030
110000,0.010,0.969,0.021
110500,0.010,0.951,0.039
111000,0.010,0.962,0.028
111500,0.010,0.969,0.021
112000,0.010,0.977,0.013
112500,0.010,0.967,0.023
113000,0.010,0.971,0.019
113500,0.010,0.971,0.019
114000,0.010,0.976,0.014
114500,0.010,0.979,0.011
115000,0.010,0.976,0.014
115500,0.010,0.972,0.018
116000,0.010,0.968,0.022
116500,0.010,0.974,0.016
117000,0.010,0.984,0.006
117500,0.010,0.964,0.026
118000,0.010,0.978,0.012
118500,0.010,0.960,0.030
119000,0.010,0.964,0.026
119500,0.010,0.979,0.011
120000,0.010,0.978,0.012
120500,0.010,0.966,0.024
121000,0.010,0.977,0.013
121500,0.010,0.984,0.006
122000,0.010,0.971,0.019
122500,0.010,0.958,0.032
123000,0.010,0.966,0.024
123500,0.010,0.977,0.013
124000,0.010,0.972,0.018
124500,0.010,0.982,0.008
125000,0.010,0.973,0.017
125500,0.010,0.942,0.048
126000,0.010,0.973,0.017
126500,0.010,0.977,0.013
127000,0.010,0.973,0.017
127500,0.010,0.969,0.021
128000,0.010,0.980,0.010
128500,0.010,0.980,0.010
129000,0.010,0.980,0.010
129500,0.010,0.975,0.015
130000,0.010,0.974,0.016
130500,0.010,0.970,0.020
131000,0.010,0.962,0.028
131500,0.010,0.963,0.027
132000,0.010,0.983,0.007
132500,0.010,0.979,0.011
133000,0.010,0.983,0.007
133500,0.010,0.982,0.008
134000,0.010,0.971,0.019
134500,0.010,0.967,0.023
135000,0.010,0.983,0.007
135500,0.010,0.986,0.004
136000,0.010,0.981,0.009
136500,0.010,0.981,0.009
137000,0.010,0.964,0.026
137500,0.010,0.948,0.042
138000,0.010,0.963,0.027
138500,0.010,0.965,0.025
139000,0.010,0.980,0.010
139500,0.010,0.971,0.019
140000,0.010,0.969,0.021
140500,0.010,0.979,0.011
141000,0.010,0.972,0.018
141500,0.010,0.972,0.018
142000,0.010,0.974,0.016
142500,0.010,0.972,0.018
143000,0.010,0.946,0.044
143500,0.010,0.951,0.039
144000,0.010,0.968,0.022
144500,0.010,0.967,0.023
145000,0.010,0.984,0.006
145500,0.010,0.974,0.016
146000,0.010,0.972,0.018
146500,0.010,0.966,0.024
147000,0.010,0.963,0.027
147500,0.010,0.956,0.034
148000,0.010,0.953,0.037
148500,0.010,0.970,0.020
149000,0.010,0.958,0.032
149500,0.010,0.957,0.033
150000,0.010,0.972,0.018
150500,0.010,0.986,0.004
151000,0.010,0.983,0.007
151500,0.010,0.973,0.017
152000,0.010,0.974,0.016
152500,0.010,0.967,0.023
153000,0.010,0.969,0.021
153500,0.010,0.974,0.016
154000,0.010,0.965,0.025
154500,0.010,0.953,0.037
155000,0.010,0.956,0.034
155500,0.010,0.976,0.014
156000,0.010,0.959,0.031
156500,0.010,0.978,0.012
157000,0.010,0.983,0.007
157500,0.010,0.978,0.012
158000,0.010,0.971,0.019
158500,0.010,0.952,0.038
159000,0.010,0.981,0.009
159500,0.010,0.982,0.008
160000,0.010,0.979,0.011
160500,0.010,0.965,0.025
161000,0.010,0.980,0.010
161500,0.010,0.979,0.011
162000,0.010,0.973,0.017
162500,0.010,0.971,0.019
163000,0.010,0.967,0.023
163500,0.010,0.961,0.029
164000,0.010,0.964,0.026
164500,0.010,0.974,0.016
165000,0.010,0.975,0.015
165500,0.010,0.978,0.012
166000,0.010,0.969,0.021
166500,0.010,0.963,0.027
167000,0.010,0.973,0.017
167500,0.010,0.975,0.015
168000,0.010,0.982,0.008
168500,0.010,0.959,0.031
169000,0.010,0.966,0.024
169500,0.010,0.967,0.023
170000,0.010,0.971,0.019
170500,0.010,0.966,0.024
171000,0.010,0.972,0.018
171500,0.010,0.981,0.009
172000,0.010,0.970,0.020
172500,0.010,0.981,0.009
173000,0.010,0.973,0.017
173500,0.010,0.972,0.018
174000,0.010,0.960,0.030
174500,0.010,0.962,0.028
175000,0.010,0.973,0.017
175500,0.010,0.980,0.010
176000,0.010,0.971,0.019
176500,0.010,0.978,0.012
177000,0.010,0.989,0.001
177500,0.010,0.969,0.021
178000,0.010,0.974,0.016
178500,0.010,0.958,0.032
179000,0.010,0.965,0.025
179500,0.010,0.971,0.019
180000,0.010,0.963,0.027
180500,0.010,0.960,0.030
181000,0.010,0.977,0.013
181500,0.010,0.975,0.015
182000,0.010,0.980,0.010
182500,0.010,0.968,0.022
183000,0.010,0.972,0.018
183500,0.010,0.970,0.020
184000,0.010,0.976,0.014
184500,0.010,0.970,0.020
185000,0.010,0.978,0.012
185500,0.010,0.971,0.019
186000,0.010,0.969,0.021
186500,0.010,0.966,0.024
187000,0.010,0.966,0.024
187500,0.010,0.962,0.028
188000,0.010,0.966,0.024
188500,0.010,0.982,0.008
189000,0.010,0.975,0.015
189500,0.010,0.982,0.008
190000,0.010,0.983,0.007
190500,0.010,0.978,0.012
191000,0.010,0.980,0.010
191500,0.010,0.979,0.011
192000,0.010,0.982,0.008
192500,0.010,0.970,0.020
193000,0.010,0.967,0.023
193500,0.010,0.966,0.024
194000,0.010,0.963,0.027
194500,0.010,0.969,0.021
195000,0.010,0.967,0.023
195500,0.010,0.970,0.020
196000,0.010,0.982,0.008
196500,0.010,0.962,0.028
197000,0.010,0.980,0.010
197500,0.010,0.968,0.022
198000,0.010,0.972,0.018
198500,0.010,0.971,0.019
199000,0.010,0.978,0.012
199500,0.010,0.969,0.021
200000,0.010,0.970,0.020
200500,0.010,0.953,0.037
201000,0.010,0.975,0.015
201500,0.010,0.975,0.015
202000,0.010,0.977,0.013
202500,0.010,0.966,0.024
203000,0.010,0.963,0.027
203500,0.010,0.969,0.021
204000,0.010,0.970,0.020
204500,0.010,0.976,0.014
205000,0.010,0.976,0.014
205500,0.010,0.977,0.013
206000,0.010,0.974,0.016
206500,0.010,0.969,0.021
207000,0.010,0.961,0.029
207500,0.010,0.964,0.026
208000,0.010,0.966,0.024
208500,0.010,0.969,0.021
209000,0.010,0.967,0.023
209500,0.010,0.967,0.023
210000,0.010,0.949,0.041
210500,0.010,0.966,0.024
211000,0.010,0.985,0.005
211500,0.010,0.971,0.019
212000,0.010,0.971,0.019
212500,0.010,0.981,0.009
213000,0.010,0.985,0.005
213500,0.010,0.977,0.013
214000,0.010,0.968,0.022
214500,0.010,0.965,0.025
215000,0.010,0.957,0.033
215500,0.010,0.967,0.023
216000,0.010,0.976,0.014
216500,0.010,0.970,0.020
217000,0.010,0.969,0.021
217500,0.010,0.975,0.015
218000,0.010,0.984,0.006
218500,0.010,0.976,0.014
219000,0.010,0.964,0.026
219500,0.010,0.968,0.022
220000,0.010,0.970,0.020
220500,0.010,0.963,0.027
221000,0.010,0.965,0.025
221500,0.010,0.962,0.028
222000,0.010,0.972,0.018
222500,0.010,0.984,0.006
223000,0.010,0.985,0.005
223500,0.010,0.984,0.006
224000,0.010,0.980,0.010
224500,0.010,0.975,0.015
225000,0.010,0.975,0.015
225500,0.010,0.956,0.034
226000,0.010,0.976,0.014
226500,0.010,0.974,0.016
227000,0.010,0.966,0.024
227500,0.010,0.975,0.015
228000,0.010,0.974,0.016
228500,0.010,0.974,0.016
229000,0.010,0.966,0.024
229500,0.010,0.960,0.030
230000,0.010,0.963,0.027
230500,0.010,0.965,0.025
231000,0.010,0.964,0.026
231500,0.010,0.968,0.022
232000,0.010,0.972,0.018
232500,0.010,0.965,0.025
233000,0.010,0.975,0.015
233500,0.010,0.981,0.009
234000,0.010,0.971,0.019
234500,0.010,0.982,0.008
235000,0.010,0.974,0.016
235500,0.010,0.957,0.033
236000,0.010,0.963,0.027
236500,0.010,0.957,0.033
237000,0.010,0.969,0.021
237500,0.010,0.958,0.032
238000,0.010,0.953,0.037
238500,0.010,0.945,0.045
239000,0.010,0.963,0.027
239500,0.010,0.966,0.024
240000,0.010,0.963,0.027
240500,0.010,0.962,0.028
241000,0.010,0.971,0.019
241500,0.010,0.969,0.021
242000,0.010,0.966,0.024
242500,0.010,0.969,0.021
243000,0.010,0.973,0.017
243500,0.010,0.969,0.021
244000,0.010,0.963,0.027
244500,0.010,0.960,0.030
245000,0.010,0.966,0.024
245500,0.010,0.955,0.035
246000,0.010,0.957,0.033
246500,0.010,0.970,0.020
247000,0.010,0.979,0.011
247500,0.010,0.978,0.012
248000,0.010,0.978,0.012
248500,0.010,0.948,0.042
249000,0.010,0.957,0.033
249500,0.010,0.975,0.015
250000,0.010,0.970,0.020
250500,0.010,0.968,0.022
251000,0.010,0.974,0.016
251500,0.010,0.976,0.014
252000,0.010,0.976,0.014
252500,0.010,0.981,0.009
253000,0.010,0.977,0.013
253500,0.010,0.967,0.023
254000,0.010,0.963,0.027
254500,0.010,0.948,0.042
255000,0.010,0.968,0.022
255500,0.010,0.980,0.010
256000,0.010,0.978,0.012
256500,0.010,0.950,0.040
257000,0.010,0.965,0.025
257500,0.010,0.960,0.030
258000,0.010,0.956,0.034
258500,0.010,0.963,0.027
259000,0.010,0.977,0.013
259500,0.010,0.949,0.041
260000,0.010,0.953,0.037
260500,0.010,0.963,0.027
261000,0.010,0.971,0.019
261500,0.010,0.983,0.007
262000,0.010,0.985,0.005
262500,0.010,0.973,0.017
263000,0.010,0.954,0.036
263500,0.010,0.971,0.019
264000,0.010,0.977,0.013
264500,0.010,0.979,0.011
265000,0.010,0.985,0.005
265500,0.010,0.986,0.004
266000,0.010,0.979,0.011
266500,0.010,0.971,0.019
267000,0.010,0.958,0.032
267500,0.010,0.957,0.033
268000,0.010,0.962,0.028
268500,0.010,0.970,0.020
269000,0.010,0.974,0.016
269500,0.010,0.980,0.010
270000,0.010,0.978,0.012
270500,0.010,0.976,0.014
271000,0.010,0.966,0.024
271500,0.010,0.974,0.016
272000,0.010,0.965,0.025
272500,0.010,0.967,0.023
273000,0.010,0.971,0.019
273500,0.010,0.981,0.009
274000,0.010,0.977,0.013
274500,0.010,0.975,0.015
275000,0.010,0.972,0.018
275500,0.010,0.972,0.018
276000,0.010,0.958,0.032
276500,0.010,0.977,0.013
277000,0.010,0.970,0.020
277500,0.010,0.963,0.027
278000,0.010,0.961,0.029
278500,0.010,0.966,0.024
279000,0.010,0.979,0.011
279500,0.010,0.979,0.011
280000,0.010,0.966,0.024
280500,0.010,0.961,0.029
281000,0.010,0.973,0.017
281500,0.010,0.972,0.018
282000,0.010,0.977,0.013
282500,0.010,0.977,0.013
283000,0.010,0.980,0.010
283500,0.010,0.981,0.009
284000,0.010,0.981,0.009
284500,0.010,0.972,0.018
285000,0.010,0.970,0.020
285500,0.010,0.974,0.016
286000,0.010,0.969,0.021
286500,0.010,0.968,0.022
287000,0.010,0.979,0.011
287500,0.010,0.977,0.013
288000,0.010,0.968,0.022
288500,0.010,0.967,0.023
289000,0.010,0.968,0.022
289500,0.010,0.981,0.009
290000,0.010,0.984,0.006
290500,0.010,0.978,0.012
291000,0.010,0.954,0.036
291500,0.010,0.965,0.025
292000,0.010,0.954,0.036
292500,0.010,0.951,0.039
293000,0.010,0.967,0.023
293500,0.010,0.971,0.019
294000,0.010,0.977,0.013
294500,0.010,0.985,0.005
295000,0.010,0.989,0.001
295500,0.010,0.983,0.007
296000,0.010,0.978,0.012
296500,0.010,0.978,0.012
297000,0.010,0.974,0.016
297500,0.010,0.959,0.031
298000,0.010,0.966,0.024
298500,0.010,0.959,0.031
299000,0.010,0.948,0.042
299500,0.010,0.961,0.029
300000,0.010,0.961,0.029
300500,0.010,0.972,0.018
301000,0.010,0.974,0.016
301500,0.010,0.973,0.017
302000,0.010,0.965,0.025
302500,0.010,0.978,0.012
303000,0.010,0.953,0.037
303500,0.010,0.952,0.038
304000,0.010,0.952,0.038
304500,0.010,0.975,0.015
305000,0.010,0.962,0.028
305500,0.010,0.977,0.013
306000,0.010,0.982,0.008
306500,0.010,0.952,0.038
307000,0.010,0.963,0.027
307500,0.010,0.956,0.034
308000,0.010,0.969,0.021
308500,0.010,0.951,0.039
309000,0.010,0.963,0.027
309500,0.010,0.968,0.022
310000,0.010,0.954,0.036
310500,0.010,0.961,0.029
311000,0.010,0.970,0.020
311500,0.010,0.980,0.010
312000,0.010,0.968,0.022
312500,0.010,0.971,0.019
313000,0.010,0.980,0.010
313500,0.010,0.980,0.010
314000,0.010,0.959,0.031
314500,0.010,0.947,0.043
315000,0.010,0.967,0.023
315500,0.010,0.976,0.014
316000,0.010,0.969,0.021
316500,0.010,0.955,0.035
317000,0.010,0.970,0.020
317500,0.010,0.979,0.011
318000,0.010,0.983,0.007
318500,0.010,0.980,0.010
319000,0.010,0.965,0.025
319500,0.010,0.977,0.013
320000,0.010,0.977,0.013
320500,0.010,0.972,0.018
321000,0.010,0.964,0.026
321500,0.010,0.963,0.027
322000,0.010,0.976,0.014
322500,0.010,0.974,0.016
323000,0.010,0.970,0.020
323500,0.010,0.978,0.012
324000,0.010,0.976,0.014
324500,0.010,0.979,0.011
325000,0.010,0.979,0.011
325500,0.010,0.975,0.015
326000,0.010,0.963,0.027
326500,0.010,0.941,0.049
327000,0.010,0.966,0.024
327500,0.010,0.956,0.034
328000,0.010,0.968,0.022
328500,0.010,0.963,0.027
329000,0.010,0.964,0.026
329500,0.010,0.977,0.013
330000,0.010,0.961,0.029
330500,0.010,0.972,0.018
331000,0.010,0.973,0.017
331500,0.010,0.971,0.019
332000,0.010,0.975,0.015
332500,0.010,0.975,0.015
333000,0.010,0.954,0.036
333500,0.010,0.958,0.032
334000,0.010,0.973,0.017
334500,0.010,0.969,0.021
335000,0.010,0.976,0.014
335500,0.010,0.964,0.026
336000,0.010,0.948,0.042
336500,0.010,0.961,0.029
337000,0.010,0.968,0.022
337500,0.010,0.965,0.025
338000,0.010,0.982,0.008
338500,0.010,0.972,0.018
339000,0.010,0.941,0.049
339500,0.010,0.959,0.031
340000,0.010,0.954,0.036
340500,0.010,0.969,0.021
341000,0.010,0.959,0.031
341500,0.010,0.977,0.013
342000,0.010,0.981,0.009
342500,0.010,0.969,0.021
343000,0.010,0.975,0.015
343500,0.010,0.971,0.019
344000,0.010,0.972,0.018
344500,0.010,0.976,0.014
345000,0.010,0.984,0.006
345500,0.010,0.982,0.008
346000,0.010,0.987,0.003
346500,0.010,0.981,0.009
347000,0.010,0.970,0.020
347500,0.010,0.952,0.038
348000,0.010,0.963,0.027
348500,0.010,0.969,0.021
349000,0.010,0.958,0.032
349500,0.010,0.960,0.030
350000,0.010,0.956,0.034
350500,0.010,0.968,0.022
351000,0.010,0.974,0.016
351500,0.010,0.965,0.025
352000,0.010,0.968,0.022
352500,0.010,0.969,0.021
353000,0.010,0.968,0.022
353500,0.010,0.974,0.016
354000,0.010,0.977,0.013
354500,0.010,0.960,0.030
355000,0.010,0.964,0.026
355500,0.010,0.973,0.017
356000,0.010,0.969,0.021
356500,0.010,0.974,0.016
357000,0.010,0.952,0.038
357500,0.010,0.970,0.020
358000,0.010,0.966,0.024
358500,0.010,0.975,0.015
359000,0.010,0.960,0.030
359500,0.010,0.966,0.024
360000,0.010,0.968,0.022
360500,0.010,0.976,0.014
361000,0.010,0.976,0.014
361500,0.010,0.972,0.018
362000,0.010,0.980,0.010
362500,0.010,0.971,0.019
363000,0.010,0.954,0.036
363500,0.010,0.971,0.019
364000,0.010,0.956,0.034
364500,0.010,0.974,0.016
365000,0.010,0.974,0.016
365500,0.010,0.976,0.014
366000,0.010,0.972,0.018
366500,0.010,0.982,0.008
367000,0.010,0.987,0.003
367500,0.010,0.979,0.011
368000,0.010,0.970,0.020
368500,0.010,0.978,0.012
369000,0.010,0.963,0.027
369500,0.010,0.961,0.029
370000,0.010,0.971,0.019
370500,0.010,0.974,0.016
371000,0.010,0.979,0.011
371500,0.010,0.987,0.003
372000,0.010,0.983,0.007
372500,0.010,0.962,0.028
373000,0.010,0.966,0.024
373500,0.010,0.963,0.027
374000,0.010,0.960,0.030
374500,0.010,0.934,0.056
375000,0.010,0.969,0.021
375500,0.010,0.966,0.024
376000,0.010,0.978,0.012
376500,0.010,0.968,0.022
377000,0.010,0.964,0.026
377500,0.010,0.967,0.023
378000,0.010,0.963,0.027
378500,0.010,0.979,0.011
379000,0.010,0.967,0.023
379500,0.010,0.970,0.020
380000,0.010,0.973,0.017
380500,0.010,0.970,0.020
381000,0.010,0.967,0.023
381500,0.010,0.970,0.020
382000,0.010,0.962,0.028
382500,0.010,0.957,0.033
383000,0.010,0.965,0.025
383500,0.010,0.964,0.026
384000,0.010,0.969,0.021
384500,0.010,0.969,0.021
385000,0.010,0.969,0.021
385500,0.010,0.970,0.020
386000,0.010,0.972,0.018
386500,0.010,0.969,0.021
387000,0.010,0.968,0.022
387500,0.010,0.966,0.024
388000,0.010,0.961,0.029
388500,0.010,0.964,0.026
389000,0.010,0.967,0.023
389500,0.010,0.966,0.024
390000,0.010,0.977,0.013
390500,0.010,0.978,0.012
391000,0.010,0.974,0.016
391500,0.010,0.976,0.014
392000,0.010,0.975,0.015
392500,0.010,0.979,0.011
393000,0.010,0.960,0.030
393500,0.010,0.941,0.049
394000,0.010,0.968,0.022
394500,0.010,0.965,0.025
395000,0.010,0.985,0.005
395500,0.010,0.977,0.013
396000,0.010,0.980,0.010
396500,0.010,0.975,0.015
397000,0.010,0.982,0.008
397500,0.010,0.977,0.013
398000,0.010,0.973,0.017
398500,0.010,0.981,0.009
399000,0.010,0.979,0.011
399500,0.010,0.962,0.028
400000,0.010,0.965,0.025
400500,0.010,0.952,0.038
401000,0.010,0.964,0.026
401500,0.010,0.971,0.019
402000,0.010,0.981,0.009
402500,0.010,0.977,0.013
403000,0.010,0.960,0.030
403500,0.010,0.957,0.033
404000,0.010,0.981,0.009
404500,0.010,0.984,0.006
405000,0.010,0.985,0.005
405500,0.010,0.976,0.014
406000,0.010,0.978,0.012
406500,0.010,0.972,0.018
407000,0.010,0.969,0.021
407500,0.010,0.973,0.017
408000,0.010,0.958,0.032
408500,0.010,0.979,0.011
409000,0.010,0.980,0.010
409500,0.010,0.960,0.030
410000,0.010,0.963,0.027
410500,0.010,0.971,0.019
411000,0.010,0.974,0.016
411500,0.010,0.971,0.019
412000,0.010,0.975,0.015
412500,0.010,0.973,0.017
413000,0.010,0.973,0.017
413500,0.010,0.946,0.044
414000,0.010,0.949,0.041
414500,0.010,0.961,0.029
415000,0.010,0.979,0.011
415500,0.010,0.965,0.025
416000,0.010,0.970,0.020
416500,0.010,0.969,0.021
417000,0.010,0.966,0.024
417500,0.010,0.942,0.048
418000,0.010,0.953,0.037
418500,0.010,0.970,0.020
419000,0.010,0.967,0.023
419500,0.010,0.963,0.027
420000,0.010,0.955,0.035
420500,0.010,0.958,0.032
421000,0.010,0.958,0.032
421500,0.010,0.980,0.010
422000,0.010,0.953,0.037
422500,0.010,0.962,0.028
423000,0.010,0.974,0.016
423500,0.010,0.981,0.009
424000,0.010,0.982,0.008
424500,0.010,0.970,0.020
425000,0.010,0.972,0.018
425500,0.010,0.971,0.019
426000,0.010,0.983,0.007
426500,0.010,0.976,0.014
427000,0.010,0.981,0.009
427500,0.010,0.985,0.005
428000,0.010,0.968,0.022
428500,0.010,0.957,0.033
429000,0.010,0.970,0.020
429500,0.010,0.975,0.015
430000,0.010,0.975,0.015
430500,0.010,0.968,0.022
431000,0.010,0.956,0.034
431500,0.010,0.961,0.029
432000,0.010,0.971,0.019
432500,0.010,0.976,0.014
433000,0.010,0.966,0.024
433500,0.010,0.972,0.018
434000,0.010,0.968,0.022
434500,0.010,0.964,0.026
435000,0.010,0.962,0.028
435500,0.010,0.973,0.017
436000,0.010,0.963,0.027
436500,0.010,0.962,0.028
437000,0.010,0.965,0.025
437500,0.010,0.984,0.006
438000,0.010,0.984,0.006
438500,0.010,0.981,0.009
439000,0.010,0.980,0.010
439500,0.010,0.969,0.021
440000,0.010,0.966,0.024
440500,0.010,0.969,0.021
441000,0.010,0.948,0.042
441500,0.010,0.968,0.022
442000,0.010,0.975,0.015
442500,0.010,0.986,0.004
443000,0.010,0.983,0.007
443500,0.010,0.981,0.009
444000,0.010,0.967,0.023
444500,0.010,0.969,0.021
445000,0.010,0.965,0.025
445500,0.010,0.973,0.017
446000,0.010,0.975,0.015
446500,0.010,0.973,0.017
447000,0.010,0.962,0.028
447500,0.010,0.942,0.048
448000,0.010,0.964,0.026
448500,0.010,0.948,0.042
449000,0.010,0.965,0.025
449500,0.010,0.968,0.022
450000,0.010,0.974,0.016
450500,0.010,0.970,0.020
451000,0.010,0.970,0.020
451500,0.010,0.965,0.025
452000,0.010,0.972,0.018
452500,0.010,0.964,0.026
453000,0.010,0.971,0.019
453500,0.010,0.981,0.009
454000,0.010,0.982,0.008
454500,0.010,0.985,0.005
455000,0.010,0.972,0.018
455500,0.010,0.957,0.033
456000,0.010,0.966,0.024
456500,0.010,0.967,0.023
457000,0.010,0.970,0.020
457500,0.010,0.974,0.016
458000,0.010,0.981,0.009
458500,0.010,0.949,0.041
459000,0.010,0.953,0.037
459500,0.010,0.966,0.024
460000,0.010,0.969,0.021
460500,0.010,0.974,0.016
461000,0.010,0.967,0.023
461500,0.010,0.972,0.018
462000,0.010,0.975,0.015
462500,0.010,0.965,0.025
463000,0.010,0.976,0.014
463500,0.010,0.976,0.014
464000,0.010,0.962,0.028
464500,0.010,0.959,0.031
465000,0.010,0.954,0.036
465500,0.010,0.966,0.024
466000,0.010,0.973,0.017
466500,0.010,0.956,0.034
467000,0.010,0.966,0.024
467500,0.010,0.965,0.025
468000,0.010,0.966,0.024
468500,0.010,0.976,0.014
469000,0.010,0.985,0.005
469500,0.010,0.984,0.006
470000,0.010,0.977,0.013
470500,0.010,0.978,0.012
471000,0.010,0.976,0.014
471500,0.010,0.975,0.015
472000,0.010,0.977,0.013
472500,0.010,0.970,0.020
473000,0.010,0.953,0.037
473500,0.010,0.961,0.029
474000,0.010,0.952,0.038
474500,0.010,0.957,0.033
475000,0.010,0.969,0.021
475500,0.010,0.964,0.026
476000,0.010,0.946,0.044
476500,0.010,0.953,0.037
477000,0.010,0.971,0.019
477500,0.010,0.960,0.030
478000,0.010,0.967,0.023
478500,0.010,0.963,0.027
479000,0.010,0.960,0.030
479500,0.010,0.962,0.028
480000,0.010,0.970,0.020
480500,0.010,0.965,0.025
481000,0.010,0.968,0.022
481500,0.010,0.973,0.017
482000,0.010,0.960,0.030
482500,0.010,0.950,0.040
483000,0.010,0.972,0.018
483500,0.010,0.972,0.018
484000,0.010,0.965,0.025
484500,0.010,0.967,0.023
485000,0.010,0.966,0.024
485500,0.010,0.957,0.033
486000,0.010,0.963,0.027
486500,0.010,0.974,0.016
487000,0.010,0.965,0.025
487500,0.010,0.971,0.019
488000,0.010,0.971,0.019
488500,0.010,0.973,0.017
489000,0.010,0.964,0.026
489500,0.010,0.960,0.030
490000,0.010,0.977,0.013
490500,0.010,0.967,0.023
491000,0.010,0.978,0.012
491500,0.010,0.975,0.015
492000,0.010,0.982,0.008
492500,0.010,0.967,0.023
493000,0.010,0.956,0.034
493500,0.010,0.975,0.015
494000,0.010,0.968,0.022
494500,0.010,0.973,0.017
495000,0.010,0.962,0.028
495500,0.010,0.970,0.020
496000,0.010,0.975,0.015
496500,0.010,0.961,0.029
497000,0.010,0.968,0.022
497500,0.010,0.981,0.009
498000,0.010,0.978,0.012
498500,0.010,0.971,0.019
499000,0.010,0.974,0.016
499500,0.010,0.962,0.028
500000,0.010,0.968,0.022
500500,0.010,0.968,0.022
501000,0.010,0.977,0.013
501500,0.010,0.979,0.011
502000,0.010,0.958,0.032
502500,0.010,0.967,0.023
503000,0.010,0.980,0.010
503500,0.010,0.983,0.007
504000,0.010,0.971,0.019
504500,0.010,0.965,0.025
505000,0.010,0.965,0.025
505500,0.010,0.965,0.025
506000,0.010,0.969,0.021
506500,0.010,0.975,0.015
507000,0.010,0.956,0.034
507500,0.010,0.962,0.028
508000,0.010,0.962,0.028
508500,0.010,0.967,0.023
509000,0.010,0.968,0.022
509500,0.010,0.964,0.026
510000,0.010,0.972,0.018
510500,0.010,0.960,0.030
511000,0.010,0.981,0.009
511500,0.010,0.983,0.007
512000,0.010,0.981,0.009
512500,0.010,0.974,0.016
513000,0.010,0.977,0.013
513500,0.010,0.977,0.013
514000,0.010,0.969,0.021
514500,0.010,0.965,0.025
515000,0.010,0.979,0.011
515500,0.010,0.957,0.033
516000,0.010,0.980,0.010
516500,0.010,0.959,0.031
517000,0.010,0.972,0.018
517500,0.010,0.973,0.017
518000,0.010,0.961,0.029
518500,0.010,0.962,0.028
519000,0.010,0.962,0.028
519500,0.010,0.962,0.028
520000,0.010,0.942,0.048
520500,0.010,0.965,0.025
521000,0.010,0.967,0.023
521500,0.010,0.967,0.023
522000,0.010,0.986,0.004
522500,0.010,0.981,0.009
523000,0.010,0.977,0.013
523500,0.010,0.966,0.024
524000,0.010,0.963,0.027
524500,0.010,0.974,0.016
525000,0.010,0.976,0.014
525500,0.010,0.958,0.032
526000,0.010,0.971,0.019
526500,0.010,0.968,0.022
527000,0.010,0.980,0.010
527500,0.010,0.979,0.011
528000,0.010,0.974,0.016
528500,0.010,0.978,0.012
529000,0.010,0.981,0.009
529500,0.010,0.983,0.007
530000,0.010,0.973,0.017
530500,0.010,0.982,0.008
531000,0.010,0.969,0.021
531500,0.010,0.976,0.014
532000,0.010,0.969,0.021
532500,0.010,0.967,0.023
533000,0.010,0.971,0.019
533500,0.010,0.976,0.014
534000,0.010,0.966,0.024
534500,0.010,0.971,0.019
535000,0.010,0.955,0.035
535500,0.010,0.970,0.020
536000,0.010,0.971,0.019
536500,0.010,0.964,0.026
537000,0.010,0.962,0.028
537500,0.010,0.960,0.030
538000,0.010,0.946,0.044
538500,0.010,0.960,0.030
539000,0.010,0.972,0.018
539500,0.010,0.966,0.024
540000,0.010,0.966,0.024
540500,0.010,0.979,0.011
541000,0.010,0.979,0.011
541500,0.010,0.971,0.019
542000,0.010,0.968,0.022
542500,0.010,0.972,0.018
543000,0.010,0.984,0.006
543500,0.010,0.975,0.015
544000,0.010,0.974,0.016
544500,0.010,0.977,0.013
545000,0.010,0.958,0.032
545500,0.010,0.954,0.036
546000,0.010,0.954,0.036
546500,0.010,0.968,0.022
547000,0.010,0.970,0.020
547500,0.010,0.958,0.032
548000,0.010,0.972,0.018
548500,0.010,0.973,0.017
549000,0.010,0.979,0.011
549500,0.010,0.976,0.014
550000,0.010,0.965,0.025
550500,0.010,0.965,0.025
551000,0.010,0.972,0.018
551500,0.010,0.974,0.016
552000,0.010,0.938,0.052
552500,0.010,0.960,0.030
553000,0.010,0.946,0.044
553500,0.010,0.961,0.029
554000,0.010,0.970,0.020
554500,0.010,0.974,0.016
555000,0.010,0.976,0.014
555500,0.010,0.974,0.016
556000,0.010,0.954,0.036
556500,0.010,0.952,0.038
557000,0.010,0.953,0.037
557500,0.010,0.977,0.013
558000,0.010,0.972,0.018
558500,0.010,0.980,0.010
559000,0.010,0.970,0.020
559500,0.010,0.969,0.021
560000,0.010,0.963,0.027
560500,0.010,0.962,0.028
561000,0.010,0.970,0.020
561500,0.010,0.972,0.018
562000,0.010,0.958,0.032
562500,0.010,0.961,0.029
563000,0.010,0.977,0.013
563500,0.010,0.959,0.031
564000,0.010,0.964,0.026
564500,0.010,0.964,0.026
565000,0.010,0.973,0.017
565500,0.010,0.970,0.020
566000,0.010,0.970,0.020
566500,0.010,0.974,0.016
567000,0.010,0.968,0.022
567500,0.010,0.977,0.013
568000,0.010,0.975,0.015
568500,0.010,0.984,0.006
569000,0.010,0.971,0.019
569500,0.010,0.969,0.021
570000,0.010,0.969,0.021
570500,0.010,0.973,0.017
571000,0.010,0.978,0.012
571500,0.010,0.975,0.015
572000,0.010,0.971,0.019
572500,0.010,0.972,0.018
573000,0.010,0.981,0.009
573500,0.010,0.978,0.012
574000,0.010,0.977,0.013
574500,0.010,0.978,0.012
575000,0.010,0.937,0.053
575500,0.010,0.957,0.033
576000,0.010,0.979,0.011
576500,0.010,0.985,0.005
577000,0.010,0.981,0.009
577500,0.010,0.966,0.024
578000,0.010,0.975,0.015
578500,0.010,0.974,0.016
579000,0.010,0.972,0.018
579500,0.010,0.979,0.011
580000,0.010,0.962,0.028
580500,0.010,0.969,0.021
581000,0.010,0.947,0.043
581500,0.010,0.968,0.022
582000,0.010,0.955,0.035
582500,0.010,0.967,0.023
583000,0.010,0.976,0.014
583500,0.010,0.977,0.013
584000,0.010,0.971,0.019
584500,0.010,0.952,0.038
585000,0.010,0.955,0.035
585500,0.010,0.962,0.028
586000,0.010,0.958,0.032
586500,0.010,0.964,0.026
587000,0.010,0.974,0.016
587500,0.010,0.975,0.015
588000,0.010,0.982,0.008
588500,0.010,0.983,0.007
589000,0.010,0.979,0.011
589500,0.010,0.977,0.013
590000,0.010,0.973,0.017
590500,0.010,0.971,0.019
591000,0.010,0.957,0.033
591500,0.010,0.963,0.027
592000,0.010,0.968,0.022
592500,0.010,0.984,0.006
593000,0.010,0.982,0.008
593500,0.010,0.980,0.010
594000,0.010,0.974,0.016
594500,0.010,0.974,0.016
595000,0.010,0.976,0.014
595500,0.010,0.986,0.004
596000,0.010,0.977,0.013
596500,0.010,0.969,0.021
597000,0.010,0.972,0.018
597500,0.010,0.972,0.018
598000,0.010,0.972,0.018
598500,0.010,0.966,0.024
599000,0.010,0.969,0.021
599500,0.010,0.975,0.015
600000,0.010,0.970,0.020
600500,0.010,0.973,0.017
601000,0.010,0.976,0.014
601500,0.010,0.973,0.017
602000,0.010,0.963,0.027
602500,0.010,0.957,0.033
603000,0.010,0.952,0.038
603500,0.010,0.964,0.026
604000,0.010,0.980,0.010
604500,0.010,0.986,0.004
605000,0.010,0.987,0.003
605500,0.010,0.982,0.008
606000,0.010,0.973,0.017
606500,0.010,0.973,0.017
607000,0.010,0.962,0.028
607500,0.010,0.971,0.019
608000,0.010,0.962,0.028
608500,0.010,0.965,0.025
609000,0.010,0.953,0.037
609500,0.010,0.953,0.037
610000,0.010,0.960,0.030
610500,0.010,0.966,0.024
611000,0.010,0.975,0.015
611500,0.010,0.974,0.016
612000,0.010,0.975,0.015
612500,0.010,0.983,0.007
613000,0.010,0.969,0.021
613500,0.010,0.973,0.017
614000,0.010,0.978,0.012
614500,0.010,0.985,0.005
615000,0.010,0.971,0.019
615500,0.010,0.977,0.013
616000,0.010,0.964,0.026
616500,0.010,0.963,0.027
617000,0.010,0.971,0.019
617500,0.010,0.967,0.023
618000,0.010,0.956,0.034
618500,0.010,0.961,0.029
619000,0.010,0.972,0.018
619500,0.010,0.970,0.020
620000,0.010,0.978,0.012
620500,0.010,0.965,0.025
621000,0.010,0.982,0.008
621500,0.010,0.985,0.005
622000,0.010,0.982,0.008
622500,0.010,0.973,0.017
623000,0.010,0.955,0.035
623500,0.010,0.975,0.015
624000,0.010,0.975,0.015
624500,0.010,0.968,0.022
625000,0.010,0.974,0.016
625500,0.010,0.969,0.021
626000,0.010,0.975,0.015
626500,0.010,0.963,0.027
627000,0.010,0.957,0.033
627500,0.010,0.950,0.040
628000,0.010,0.941,0.049
628500,0.010,0.962,0.028
629000,0.010,0.975,0.015
629500,0.010,0.977,0.013
630000,0.010,0.968,0.022
630500,0.010,0.974,0.016
631000,0.010,0.974,0.016
631500,0.010,0.966,0.024
632000,0.010,0.964,0.026
632500,0.010,0.968,0.022
633000,0.010,0.972,0.018
633500,0.010,0.963,0.027
634000,0.010,0.958,0.032
634500,0.010,0.970,0.020
635000,0.010,0.970,0.020
635500,0.010,0.971,0.019
636000,0.010,0.980,0.010
636500,0.010,0.972,0.018
637000,0.010,0.979,0.011
637500,0.010,0.972,0.018
638000,0.010,0.978,0.012
638500,0.010,0.975,0.015
639000,0.010,0.961,0.029
639500,0.010,0.975,0.015
640000,0.010,0.969,0.021
640500,0.010,0.949,0.041
641000,0.010,0.950,0.040
641500,0.010,0.955,0.035
642000,0.010,0.966,0.024
642500,0.010,0.978,0.012
643000,0.010,0.974,0.016
643500,0.010,0.972,0.018
644000,0.010,0.979,0.011
644500,0.010,0.979,0.011
645000,0.010,0.978,0.012
645500,0.010,0.977,0.013
646000,0.010,0.958,0.032
646500,0.010,0.951,0.039
647000,0.010,0.961,0.029
647500,0.010,0.962,0.028
648000,0.010,0.952,0.038
648500,0.010,0.946,0.044
649000,0.010,0.963,0.027
649500,0.010,0.968,0.022
650000,0.010,0.955,0.035
650500,0.010,0.964,0.026
651000,0.010,0.963,0.027
651500,0.010,0.979,0.011
652000,0.010,0.976,0.014
652500,0.010,0.976,0.014
653000,0.010,0.986,0.004
653500,0.010,0.971,0.019
654000,0.010,0.971,0.019
654500,0.010,0.973,0.017
655000,0.010,0.974,0.016
655500,0.010,0.970,0.020
656000,0.010,0.970,0.020
656500,0.010,0.960,0.030
657000,0.010,0.964,0.026
657500,0.010,0.967,0.023
658000,0.010,0.972,0.018
658500,0.010,0.973,0.017
659000,0.010,0.974,0.016
659500,0.010,0.976,0.014
660000,0.010,0.975,0.015
660500,0.010,0.979,0.011
661000,0.010,0.980,0.010
661500,0.010,0.976,0.014
662000,0.010,0.972,0.018
662500,0.010,0.980,0.010
663000,0.010,0.983,0.007
663500,0.010,0.978,0.012
664000,0.010,0.964,0.026
664500,0.010,0.960,0.030
665000,0.010,0.971,0.019
665500,0.010,0.973,0.017
666000,0.010,0.960,0.030
666500,0.010,0.955,0.035
667000,0.010,0.960,0.030
667500,0.010,0.968,0.022
668000,0.010,0.958,0.032
668500,0.010,0.968,0.022
669000,0.010,0.983,0.007
669500,0.010,0.971,0.019
670000,0.010,0.975,0.015
670500,0.010,0.972,0.018
671000,0.010,0.975,0.015
671500,0.010,0.979,0.011
672000,0.010,0.971,0.019
672500,0.010,0.963,0.027
673000,0.010,0.959,0.031
673500,0.010,0.963,0.027
674000,0.010,0.968,0.022
674500,0.010,0.975,0.015
675000,0.010,0.968,0.022
675500,0.010,0.984,0.006
676000,0.010,0.975,0.015
676500,0.010,0.979,0.011
677000,0.010,0.972,0.018
677500,0.010,0.972,0.018
678000,0.010,0.985,0.005
678500,0.010,0.959,0.031
679000,0.010,0.947,0.043
679500,0.010,0.955,0.035
680000,0.010,0.977,0.013
680500,0.010,0.976,0.014
681000,0.010,0.963,0.027
681500,0.010,0.961,0.029
682000,0.010,0.974,0.016
682500,0.010,0.979,0.011
683000,0.010,0.967,0.023
683500,0.010,0.975,0.015
684000,0.010,0.979,0.011
684500,0.010,0.975,0.015
685000,0.010,0.977,0.013
685500,0.010,0.964,0.026
686000,0.010,0.974,0.016
686500,0.010,0.972,0.018
687000,0.010,0.969,0.021
687500,0.010,0.973,0.017
688000,0.010,0.959,0.031
688500,0.010,0.968,0.022
689000,0.010,0.956,0.034
689500,0.010,0.971,0.019
690000,0.010,0.963,0.027
690500,0.010,0.962,0.028
691000,0.010,0.966,0.024
691500,0.010,0.940,0.050
692000,0.010,0.958,0.032
692500,0.010,0.972,0.018
693000,0.010,0.978,0.012
693500,0.010,0.959,0.031
694000,0.010,0.969,0.021
694500,0.010,0.963,0.027
695000,0.010,0.979,0.011
695500,0.010,0.980,0.010
696000,0.010,0.977,0.013
696500,0.010,0.961,0.029
697000,0.010,0.970,0.020
697500,0.010,0.967,0.023
698000,0.010,0.946,0.044
698500,0.010,0.962,0.028
699000,0.010,0.967,0.023
699500,0.010,0.970,0.020
700000,0.010,0.984,0.006
700500,0.010,0.956,0.034
701000,0.010,0.968,0.022
701500,0.010,0.974,0.016
702000,0.010,0.982,0.008
702500,0.010,0.960,0.030
703000,0.010,0.954,0.036
703500,0.010,0.961,0.029
704000,0.010,0.953,0.037
704500,0.010,0.958,0.032
705000,0.010,0.976,0.014
705500,0.010,0.974,0.016
706000,0.010,0.967,0.023
706500,0.010,0.969,0.021
707000,0.010,0.978,0.012
707500,0.010,0.979,0.011
708000,0.010,0.958,0.032
708500,0.010,0.975,0.015
709000,0.010,0.968,0.022
709500,0.010,0.964,0.026
710000,0.010,0.972,0.018
710500,0.010,0.974,0.016
711000,0.010,0.977,0.013
711500,0.010,0.975,0.015
712000,0.010,0.960,0.030
712500,0.010,0.962,0.028
713000,0.010,0.968,0.022
713500,0.010,0.967,0.023
714000,0.010,0.963,0.027
714500,0.010,0.971,0.019
715000,0.010,0.977,0.013
715500,0.010,0.971,0.019
716000,0.010,0.952,0.038
716500,0.010,0.956,0.034
717000,0.010,0.941,0.049
717500,0.010,0.943,0.047
718000,0.010,0.961,0.029
718500,0.010,0.947,0.043
719000,0.010,0.955,0.035
719500,0.010,0.968,0.022
720000,0.010,0.961,0.029
720500,0.010,0.961,0.029
721000,0.010,0.955,0.035
721500,0.010,0.959,0.031
722000,0.010,0.939,0.051
722500,0.010,0.964,0.026
723000,0.010,0.960,0.030
723500,0.010,0.975,0.015
724000,0.010,0.981,0.009
724500,0.010,0.984,0.006
725000,0.010,0.980,0.010
725500,0.010,0.984,0.006
726000,0.010,0.976,0.014
726500,0.010,0.977,0.013
727000,0.010,0.982,0.008
727500,0.010,0.965,0.025
728000,0.010,0.974,0.016
728500,0.010,0.956,0.034
729000,0.010,0.969,0.021
729500,0.010,0.984,0.006
730000,0.010,0.977,0.013
730500,0.010,0.984,0.006
731000,0.010,0.974,0.016
731500,0.010,0.982,0.008
732000,0.010,0.977,0.013
732500,0.010,0.945,0.045
733000,0.010,0.948,0.042
733500,0.010,0.956,0.034
734000,0.010,0.965,0.025
734500,0.010,0.947,0.043
735000,0.010,0.980,0.010
735500,0.010,0.978,0.012
736000,0.010,0.986,0.004
736500,0.010,0.982,0.008
737000,0.010,0.968,0.022
737500,0.010,0.964,0.026
738000,0.010,0.962,0.028
738500,0.010,0.965,0.025
739000,0.010,0.962,0.028
739500,0.010,0.971,0.019
740000,0.010,0.977,0.013
740500,0.010,0.975,0.015
741000,0.010,0.965,0.025
741500,0.010,0.970,0.020
742000,0.010,0.976,0.014
742500,0.010,0.966,0.024
743000,0.010,0.972,0.018
743500,0.010,0.969,0.021
744000,0.010,0.970,0.020
744500,0.010,0.971,0.019
745000,0.010,0.977,0.013
745500,0.010,0.976,0.014
746000,0.010,0.964,0.026
746500,0.010,0.970,0.020
747000,0.010,0.960,0.030
747500,0.010,0.963,0.027
748000,0.010,0.969,0.021
748500,0.010,0.961,0.029
749000,0.010,0.964,0.026
749500,0.010,0.956,0.034
750000,0.010,0.964,0.026
750500,0.010,0.966,0.024
751000,0.010,0.960,0.030
751500,0.010,0.974,0.016
752000,0.010,0.969,0.021
752500,0.010,0.962,0.028
753000,0.010,0.970,0.020
753500,0.010,0.954,0.036
754000,0.010,0.966,0.024
754500,0.010,0.973,0.017
755000,0.010,0.962,0.028
755500,0.010,0.967,0.023
756000,0.010,0.967,0.023
756500,0.010,0.973,0.017
757000,0.010,0.962,0.028
757500,0.010,0.949,0.041
758000,0.010,0.962,0.028
758500,0.010,0.963,0.027
759000,0.010,0.959,0.031
759500,0.010,0.937,0.053
760000,0.010,0.939,0.051
760500,0.010,0.955,0.035
761000,0.010,0.969,0.021
761500,0.010,0.975,0.015
762000,0.010,0.958,0.032
762500,0.010,0.950,0.040
763000,0.010,0.969,0.021
763500,0.010,0.961,0.029
764000,0.010,0.962,0.028
764500,0.010,0.981,0.009
765000,0.010,0.973,0.017
765500,0.010,0.966,0.024
766000,0.010,0.975,0.015
766500,0.010,0.969,0.021
767000,0.010,0.974,0.016
767500,0.010,0.973,0.017
768000,0.010,0.974,0.016
768500,0.010,0.977,0.013
769000,0.010,0.975,0.015
769500,0.010,0.967,0.023
770000,0.010,0.952,0.038
770500,0.010,0.946,0.044
771000,0.010,0.954,0.036
771500,0.010,0.963,0.027
772000,0.010,0.954,0.036
772500,0.010,0.973,0.017
773000,0.010,0.976,0.014
773500,0.010,0.978,0.012
774000,0.010,0.975,0.015
774500,0.010,0.971,0.019
775000,0.010,0.976,0.014
775500,0.010,0.975,0.015
776000,0.010,0.974,0.016
776500,0.010,0.982,0.008
777000,0.010,0.966,0.024
777500,0.010,0.978,0.012
778000,0.010,0.973,0.017
778500,0.010,0.968,0.022
779000,0.010,0.983,0.007
779500,0.010,0.978,0.012
780000,0.010,0.981,0.009
780500,0.010,0.977,0.013
781000,0.010,0.972,0.018
781500,0.010,0.970,0.020
782000,0.010,0.976,0.014
782500,0.010,0.969,0.021
783000,0.010,0.964,0.026
783500,0.010,0.971,0.019
784000,0.010,0.969,0.021
784500,0.010,0.977,0.013
785000,0.010,0.974,0.016
785500,0.010,0.979,0.011
786000,0.010,0.979,0.011
786500,0.010,0.982,0.008
787000,0.010,0.974,0.016
787500,0.010,0.968,0.022
788000,0.010,0.961,0.029
788500,0.010,0.974,0.016
789000,0.010,0.977,0.013
789500,0.010,0.979,0.011
790000,0.010,0.986,0.004
790500,0.010,0.986,0.004
791000,0.010,0.977,0.013
791500,0.010,0.980,0.010
792000,0.010,0.982,0.008
792500,0.010,0.982,0.008
793000,0.010,0.981,0.009
793500,0.010,0.952,0.038
794000,0.010,0.962,0.028
794500,0.010,0.974,0.016
795000,0.010,0.960,0.030
795500,0.010,0.973,0.017
796000,0.010,0.965,0.025
796500,0.010,0.966,0.024
797000,0.010,0.967,0.023
797500,0.010,0.963,0.027
798000,0.010,0.977,0.013
798500,0.010,0.967,0.023
799000,0.010,0.959,0.031
799500,0.010,0.967,0.023
800000,0.010,0.969,0.021
800500,0.010,0.982,0.008
801000,0.010,0.979,0.011
801500,0.010,0.977,0.013
802000,0.010,0.976,0.014
802500,0.010,0.978,0.012
803000,0.010,0.976,0.014
803500,0.010,0.976,0.014
804000,0.010,0.956,0.034
804500,0.010,0.968,0.022
805000,0.010,0.970,0.020
805500,0.010,0.978,0.012
806000,0.010,0.959,0.031
806500,0.010,0.949,0.041
807000,0.010,0.945,0.045
807500,0.010,0.963,0.027
808000,0.010,0.947,0.043
808500,0.010,0.946,0.044
809000,0.010,0.936,0.053
809500,0.010,0.958,0.032
810000,0.010,0.967,0.023
810500,0.010,0.970,0.020
811000,0.010,0.969,0.021
811500,0.010,0.966,0.024
812000,0.010,0.955,0.035
812500,0.010,0.972,0.018
813000,0.010,0.966,0.024
813500,0.010,0.972,0.018
814000,0.010,0.958,0.032
814500,0.010,0.968,0.022
815000,0.010,0.957,0.033
815500,0.010,0.968,0.022
816000,0.010,0.963,0.027
816500,0.010,0.958,0.032
817000,0.010,0.971,0.019
817500,0.010,0.973,0.017
818000,0.010,0.975,0.015
818500,0.010,0.966,0.024
819000,0.010,0.972,0.018
819500,0.010,0.977,0.013
820000,0.010,0.973,0.017
820500,0.010,0.983,0.007
821000,0.010,0.972,0.018
821500,0.010,0.982,0.008
822000,0.010,0.968,0.022
822500,0.010,0.976,0.014
823000,0.010,0.969,0.021
823500,0.010,0.975,0.015
824000,0.010,0.977,0.013
824500,0.010,0.983,0.007
825000,0.010,0.986,0.004
825500,0.010,0.983,0.007
826000,0.010,0.984,0.006
826500,0.010,0.964,0.026
827000,0.010,0.978,0.012
827500,0.010,0.969,0.021
828000,0.010,0.973,0.017
828500,0.010,0.964,0.026
829000,0.010,0.940,0.050
829500,0.010,0.963,0.027
830000,0.010,0.960,0.030
830500,0.010,0.968,0.022
831000,0.010,0.966,0.024
831500,0.010,0.963,0.027
832000,0.010,0.974,0.016
832500,0.010,0.980,0.010
833000,0.010,0.982,0.008
833500,0.010,0.981,0.009
834000,0.010,0.979,0.011
834500,0.010,0.958,0.032
835000,0.010,0.956,0.034
835500,0.010,0.962,0.028
836000,0.010,0.956,0.034
836500,0.010,0.967,0.023
837000,0.010,0.954,0.036
837500,0.010,0.964,0.026
838000,0.010,0.962,0.028
838500,0.010,0.965,0.025
839000,0.010,0.960,0.030
839500,0.010,0.967,0.023
840000,0.010,0.973,0.017
840500,0.010,0.980,0.010
841000,0.010,0.987,0.003
841500,0.010,0.983,0.007
842000,0.010,0.987,0.003
842500,0.010,0.975,0.015
843000,0.010,0.968,0.022
843500,0.010,0.968,0.022
844000,0.010,0.967,0.023
844500,0.010,0.972,0.018
845000,0.010,0.975,0.015
845500,0.010,0.980,0.010
846000,0.010,0.976,0.014
846500,0.010,0.962,0.028
847000,0.010,0.974,0.016
847500,0.010,0.984,0.006
848000,0.010,0.975,0.015
848500,0.010,0.979,0.011
849000,0.010,0.980,0.010
849500,0.010,0.970,0.020
850000,0.010,0.964,0.026
850500,0.010,0.969,0.021
851000,0.010,0.978,0.012
851500,0.010,0.976,0.014
852000,0.010,0.969,0.021
852500,0.010,0.974,0.016
853000,0.010,0.959,0.031
853500,0.010,0.974,0.016
854000,0.010,0.973,0.017
854500,0.010,0.966,0.024
855000,0.010,0.960,0.030
855500,0.010,0.952,0.038
856000,0.010,0.959,0.031
856500,0.010,0.958,0.032
857000,0.010,0.957,0.033
857500,0.010,0.967,0.023
858000,0.010,0.974,0.016
858500,0.010,0.973,0.017
859000,0.010,0.975,0.015
859500,0.010,0.983,0.007
860000,0.010,0.984,0.006
860500,0.010,0.981,0.009
861000,0.010,0.969,0.021
861500,0.010,0.965,0.025
862000,0.010,0.969,0.021
862500,0.010,0.965,0.025
863000,0.010,0.980,0.010
863500,0.010,0.985,0.005
864000,0.010,0.960,0.030
864500,0.010,0.970,0.020
865000,0.010,0.980,0.010
865500,0.010,0.983,0.007
866000,0.010,0.974,0.016
866500,0.010,0.978,0.012
867000,0.010,0.975,0.015
867500,0.010,0.975,0.015
868000,0.010,0.979,0.011
868500,0.010,0.973,0.017
869000,0.010,0.971,0.019
869500,0.010,0.970,0.020
870000,0.010,0.967,0.023
870500,0.010,0.960,0.030
871000,0.010,0.967,0.023
871500,0.010,0.950,0.040
872000,0.010,0.955,0.035
872500,0.010,0.975,0.015
873000,0.010,0.971,0.019
873500,0.010,0.972,0.018
874000,0.010,0.956,0.034
874500,0.010,0.961,0.029
875000,0.010,0.963,0.027
875500,0.010,0.968,0.022
876000,0.010,0.964,0.026
876500,0.010,0.963,0.027
877000,0.010,0.970,0.020
877500,0.010,0.955,0.035
878000,0.010,0.971,0.019
878500,0.010,0.965,0.025
879000,0.010,0.962,0.028
879500,0.010,0.971,0.019
880000,0.010,0.965,0.025
880500,0.010,0.960,0.030
881000,0.010,0.958,0.032
881500,0.010,0.977,0.013
882000,0.010,0.965,0.025
882500,0.010,0.963,0.027
883000,0.010,0.968,0.022
883500,0.010,0.960,0.030
884000,0.010,0.959,0.031
884500,0.010,0.951,0.039
885000,0.010,0.964,0.026
885500,0.010,0.981,0.009
886000,0.010,0.978,0.012
886500,0.010,0.974,0.016
887000,0.010,0.976,0.014
887500,0.010,0.979,0.011
888000,0.010,0.985,0.005
888500,0.010,0.974,0.016
889000,0.010,0.978,0.012
889500,0.010,0.960,0.030
890000,0.010,0.963,0.027
890500,0.010,0.971,0.019
891000,0.010,0.969,0.021
891500,0.010,0.974,0.016
892000,0.010,0.969,0.021
892500,0.010,0.973,0.017
893000,0.010,0.975,0.015
893500,0.010,0.970,0.020
894000,0.010,0.974,0.016
894500,0.010,0.972,0.018
895000,0.010,0.970,0.020
895500,0.010,0.959,0.031
896000,0.010,0.953,0.037
896500,0.010,0.955,0.035
897000,0.010,0.959,0.031
897500,0.010,0.975,0.015
898000,0.010,0.981,0.009
898500,0.010,0.976,0.014
899000,0.010,0.964,0.026
899500,0.010,0.981,0.009
900000,0.010,0.971,0.019
900500,0.010,0.957,0.033
901000,0.010,0.951,0.039
901500,0.010,0.963,0.027
902000,0.010,0.958,0.032
902500,0.010,0.967,0.023
903000,0.010,0.979,0.011
903500,0.010,0.964,0.026
904000,0.010,0.980,0.010
904500,0.010,0.963,0.027
905000,0.010,0.956,0.034
905500,0.010,0.964,0.026
906000,0.010,0.959,0.031
906500,0.010,0.966,0.024
907000,0.010,0.955,0.035
907500,0.010,0.964,0.026
908000,0.010,0.965,0.025
908500,0.010,0.971,0.019
909000,0.010,0.981,0.009
909500,0.010,0.986,0.004
910000,0.010,0.975,0.015
910500,0.010,0.982,0.008
911000,0.010,0.984,0.006
911500,0.010,0.974,0.016
912000,0.010,0.972,0.018
912500,0.010,0.979,0.011
913000,0.010,0.974,0.016
913500,0.010,0.984,0.006
914000,0.010,0.978,0.012
914500,0.010,0.975,0.015
915000,0.010,0.972,0.018
915500,0.010,0.976,0.014
916000,0.010,0.968,0.022
916500,0.010,0.961,0.029
917000,0.010,0.979,0.011
917500,0.010,0.983,0.007
918000,0.010,0.983,0.007
918500,0.010,0.971,0.019
919000,0.010,0.971,0.019
919500,0.010,0.973,0.017
920000,0.010,0.964,0.026
920500,0.010,0.969,0.021
921000,0.010,0.976,0.014
921500,0.010,0.980,0.010
922000,0.010,0.966,0.024
922500,0.010,0.976,0.014
923000,0.010,0.969,0.021
923500,0.010,0.968,0.022
924000,0.010,0.973,0.017
924500,0.010,0.979,0.011
925000,0.010,0.980,0.010
925500,0.010,0.983,0.007
926000,0.010,0.980,0.010
926500,0.010,0.965,0.025
927000,0.010,0.954,0.036
927500,0.010,0.956,0.034
928000,0.010,0.954,0.036
928500,0.010,0.967,0.023
929000,0.010,0.968,0.022
929500,0.010,0.970,0.020
930000,0.010,0.980,0.010
930500,0.010,0.979,0.011
931000,0.010,0.965,0.025
931500,0.010,0.954,0.036
932000,0.010,0.959,0.031
932500,0.010,0.958,0.032
933000,0.010,0.975,0.015
933500,0.010,0.968,0.022
934000,0.010,0.959,0.031
934500,0.010,0.950,0.040
935000,0.010,0.964,0.026
935500,0.010,0.958,0.032
936000,0.010,0.968,0.022
936500,0.010,0.973,0.017
937000,0.010,0.979,0.011
937500,0.010,0.977,0.013
938000,0.010,0.976,0.014
938500,0.010,0.976,0.014
939000,0.010,0.972,0.018
939500,0.010,0.979,0.011
940000,0.010,0.973,0.017
940500,0.010,0.965,0.025
941000,0.010,0.960,0.030
941500,0.010,0.969,0.021
942000,0.010,0.970,0.020
942500,0.010,0.979,0.011
943000,0.010,0.975,0.015
943500,0.010,0.970,0.020
944000,0.010,0.971,0.019
944500,0.010,0.971,0.019
945000,0.010,0.965,0.025
945500,0.010,0.962,0.028
946000,0.010,0.964,0.026
946500,0.010,0.973,0.017
947000,0.010,0.977,0.013
947500,0.010,0.972,0.018
948000,0.010,0.980,0.010
948500,0.010,0.974,0.016
949000,0.010,0.971,0.019
949500,0.010,0.967,0.023
950000,0.010,0.965,0.025
950500,0.010,0.966,0.024
951000,0.010,0.954,0.036
951500,0.010,0.940,0.050
952000,0.010,0.942,0.048
952500,0.010,0.945,0.045
953000,0.010,0.959,0.031
953500,0.010,0.942,0.048
954000,0.010,0.973,0.017
954500,0.010,0.975,0.015
955000,0.010,0.977,0.013
955500,0.010,0.975,0.015
956000,0.010,0.969,0.021
956500,0.010,0.975,0.015
957000,0.010,0.965,0.025
957500,0.010,0.973,0.017
958000,0.010,0.964,0.026
958500,0.010,0.941,0.049
959000,0.010,0.961,0.029
959500,0.010,0.970,0.020
960000,0.010,0.965,0.025
960500,0.010,0.971,0.019
961000,0.010,0.977,0.013
961500,0.010,0.975,0.015
962000,0.010,0.976,0.014
962500,0.010,0.982,0.008
963000,0.010,0.975,0.015
963500,0.010,0.981,0.009
964000,0.010,0.976,0.014
964500,0.010,0.975,0.015
965000,0.010,0.966,0.024
965500,0.010,0.958,0.032
966000,0.010,0.943,0.047
966500,0.010,0.949,0.041
967000,0.010,0.964,0.026
967500,0.010,0.979,0.011
968000,0.010,0.968,0.022
968500,0.010,0.975,0.015
969000,0.010,0.971,0.019
969500,0.010,0.960,0.030
970000,0.010,0.985,0.005
970500,0.010,0.973,0.017
971000,0.010,0.971,0.019
971500,0.010,0.973,0.017
972000,0.010,0.972,0.018
972500,0.010,0.950,0.040
973000,0.010,0.927,0.062
973500,0.010,0.939,0.051
974000,0.010,0.947,0.043
974500,0.010,0.957,0.033
975000,0.010,0.953,0.037
975500,0.010,0.956,0.034
976000,0.010,0.971,0.019
976500,0.010,0.973,0.017
977000,0.010,0.966,0.024
977500,0.010,0.959,0.031
978000,0.010,0.957,0.033
978500,0.010,0.965,0.025
979000,0.010,0.963,0.027
979500,0.010,0.960,0.030
980000,0.010,0.978,0.012
980500,0.010,0.976,0.014
981000,0.010,0.968,0.022
981500,0.010,0.949,0.041
982000,0.010,0.938,0.052
982500,0.010,0.951,0.039
983000,0.010,0.964,0.026
983500,0.010,0.961,0.029
984000,0.010,0.976,0.014
984500,0.010,0.982,0.008
985000,0.010,0.974,0.016
985500,0.010,0.979,0.011
986000,0.010,0.980,0.010
986500,0.010,0.977,0.013
987000,0.010,0.973,0.017
987500,0.010,0.972,0.018
988000,0.010,0.972,0.018
988500,0.010,0.958,0.032
989000,0.010,0.975,0.015
989500,0.010,0.975,0.015
990000,0.010,0.984,0.006
990500,0.010,0.974,0.016
991000,0.010,0.965,0.025
991500,0.010,0.948,0.042
992000,0.010,0.969,0.021
992500,0.010,0.961,0.029
993000,0.010,0.964,0.026
993500,0.010,0.959,0.031
994000,0.010,0.973,0.017
994500,0.010,0.966,0.024
995000,0.010,0.969,0.021
995500,0.010,0.973,0.017
996000,0.010,0.985,0.005
996500,0.010,0.984,0.006
997000,0.010,0.982,0.008
997500,0.010,0.973,0.017
998000,0.010,0.971,0.019
998500,0.010,0.963,0.027
999000,0.010,0.977,0.013
999500,0.010,0.980,0.010
1000000,0.010,0.977,0.013
