time,n_A+p,n_B,n_AB
500,0.030,0.589,0.381
1000,0.030,0.674,0.296
1500,0.030,0.618,0.352
2000,0.030,0.527,0.443
2500,0.030,0.523,0.447
3000,0.030,0.627,0.343
3500,0.030,0.547,0.423
4000,0.030,0.463,0.507
4500,0.030,0.476,0.494
5000,0.030,0.607,0.363
5500,0.030,0.491,0.479
6000,0.030,0.613,0.357
6500,0.030,0.426,0.544
7000,0.030,0.542,0.428
7500,0.030,0.481,0.489
8000,0.030,0.524,0.446
8500,0.030,0.595,0.375
9000,0.030,0.468,0.502
9500,0.030,0.525,0.445
10000,0.030,0.574,0.396
10500,0.030,0.670,0.300
11000,0.030,0.651,0.319
11500,0.030,0.650,0.320
12000,0.030,0.684,0.286
12500,0.030,0.717,0.253
13000,0.030,0.577,0.393
13500,0.030,0.526,0.444
14000,0.030,0.534,0.436
14500,0.030,0.438,0.532
15000,0.030,0.661,0.309
15500,0.030,0.591,0.379
16000,0.030,0.685,0.285
16500,0.030,0.678,0.292
17000,0.030,0.559,0.411
17500,0.030,0.642,0.328
18000,0.030,0.582,0.388
18500,0.030,0.643,0.327
19000,0.030,0.509,0.461
19500,0.030,0.586,0.384
20000,0.030,0.604,0.366
20500,0.030,0.605,0.365
21000,0.030,0.630,0.340
21500,0.030,0.516,0.454
22000,0.030,0.622,0.348
22500,0.030,0.551,0.419
23000,0.030,0.599,0.371
23500,0.030,0.658,0.312
24000,0.030,0.582,0.388
24500,0.030,0.537,0.433
25000,0.030,0.525,0.445
25500,0.030,0.527,0.443
26000,0.030,0.486,0.484
26500,0.030,0.494,0.476
27000,0.030,0.674,0.296
27500,0.030,0.600,0.370
28000,0.030,0.651,0.319
28500,0.030,0.447,0.523
29000,0.030,0.544,0.426
29500,0.030,0.555,0.415
30000,0.030,0.612,0.358
30500,0.030,0.551,0.419
31000,0.030,0.581,0.389
31500,0.030,0.506,0.464
32000,0.030,0.588,0.382
32500,0.030,0.428,0.542
33000,0.030,0.610,0.360
33500,0.030,0.542,0.428
34000,0.030,0.498,0.472
34500,0.030,0.575,0.395
35000,0.030,0.658,0.312
35500,0.030,0.390,0.580
36000,0.030,0.583,0.387
36500,0.030,0.686,0.284
37000,0.030,0.505,0.465
37500,0.030,0.615,0.355
38000,0.030,0.519,0.451
38500,0.030,0.562,0.408
39000,0.030,0.584,0.386
39500,0.030,0.573,0.397
40000,0.030,0.675,0.295
40500,0.030,0.582,0.388
41000,0.030,0.578,0.392
41500,0.030,0.493,0.477
42000,0.030,0.541,0.429
42500,0.030,0.685,0.285
43000,0.030,0.504,0.466
43500,0.030,0.523,0.447
44000,0.030,0.769,0.201
44500,0.030,0.663,0.307
45000,0.030,0.541,0.429
45500,0.030,0.558,0.412
46000,0.030,0.658,0.312
46500,0.030,0.591,0.379
47000,0.030,0.552,0.418
47500,0.030,0.559,0.411
48000,0.030,0.470,0.500
48500,0.030,0.571,0.399
49000,0.030,0.528,0.442
49500,0.030,0.592,0.378
50000,0.030,0.679,0.291
50500,0.030,0.643,0.327
51000,0.030,0.569,0.401
51500,0.030,0.487,0.483
52000,0.030,0.626,0.344
52500,0.030,0.600,0.370
53000,0.030,0.542,0.428
53500,0.030,0.492,0.478
54000,0.030,0.402,0.568
54500,0.030,0.432,0.538
55000,0.030,0.617,0.353
55500,0.030,0.755,0.215
56000,0.030,0.553,0.417
56500,0.030,0.646,0.324
57000,0.030,0.653,0.317
57500,0.030,0.766,0.204
58000,0.030,0.484,0.486
58500,0.030,0.491,0.479
59000,0.030,0.613,0.357
59500,0.030,0.567,0.403
60000,0.030,0.591,0.379
60500,0.030,0.661,0.309
61000,0.030,0.557,0.413
61500,0.030,0.473,0.497
62000,0.030,0.469,0.501
62500,0.030,0.559,0.411
63000,0.030,0.639,0.331
63500,0.030,0.627,0.343
64000,0.030,0.606,0.364
64500,0.030,0.531,0.439
65000,0.030,0.429,0.541
65500,0.030,0.542,0.428
66000,0.030,0.479,0.491
66500,0.030,0.407,0.563
67000,0.030,0.524,0.446
67500,0.030,0.385,0.585
68000,0.030,0.516,0.454
68500,0.030,0.514,0.456
69000,0.030,0.451,0.519
69500,0.030,0.484,0.486
70000,0.030,0.494,0.476
70500,0.030,0.542,0.428
71000,0.030,0.480,0.490
71500,0.030,0.492,0.478
72000,0.030,0.383,0.587
72500,0.030,0.432,0.538
73000,0.030,0.440,0.530
73500,0.030,0.525,0.445
74000,0.030,0.599,0.371
74500,0.030,0.587,0.383
75000,0.030,0.412,0.558
75500,0.030,0.538,0.432
76000,0.030,0.444,0.526
76500,0.030,0.659,0.311
77000,0.030,0.677,0.293
77500,0.030,0.530,0.440
78000,0.030,0.491,0.479
78500,0.030,0.471,0.499
79000,0.030,0.423,0.547
79500,0.030,0.484,0.486
80000,0.030,0.610,0.360
80500,0.030,0.586,0.384
81000,0.030,0.570,0.400
81500,0.030,0.649,0.321
82000,0.030,0.640,0.330
82500,0.030,0.606,0.364
83000,0.030,0.565,0.405
83500,0.030,0.403,0.567
84000,0.030,0.600,0.370
84500,0.030,0.537,0.433
85000,0.030,0.470,0.500
85500,0.030,0.437,0.533
86000,0.030,0.449,0.521
86500,0.030,0.468,0.502
87000,0.030,0.521,0.449
87500,0.030,0.761,0.209
88000,0.030,0.695,0.275
88500,0.030,0.655,0.315
89000,0.030,0.687,0.283
89500,0.030,0.741,0.229
90000,0.030,0.589,0.381
90500,0.030,0.649,0.321
91000,0.030,0.628,0.342
91500,0.030,0.471,0.499
92000,0.030,0.495,0.475
92500,0.030,0.499,0.471
93000,0.030,0.640,0.330
93500,0.030,0.623,0.347
94000,0.030,0.559,0.411
94500,0.030,0.632,0.338
95000,0.030,0.517,0.453
95500,0.030,0.619,0.351
96000,0.030,0.426,0.544
96500,0.030,0.536,0.434
97000,0.030,0.548,0.422
97500,0.030,0.541,0.429
98000,0.030,0.591,0.379
98500,0.030,0.578,0.392
99000,0.030,0.587,0.383
99500,0.030,0.535,0.435
100000,0.030,0.538,0.432
100500,0.030,0.607,0.363
101000,0.030,0.601,0.369
101500,0.030,0.385,0.585
102000,0.030,0.467,0.503
102500,0.030,0.606,0.364
103000,0.030,0.570,0.400
103500,0.030,0.533,0.437
104000,0.030,0.532,0.438
104500,0.030,0.519,0.451
105000,0.030,0.552,0.418
105500,0.030,0.513,0.457
106000,0.030,0.563,0.407
106500,0.030,0.429,0.541
107000,0.030,0.508,0.462
107500,0.030,0.584,0.386
108000,0.030,0.551,0.419
108500,0.030,0.467,0.503
109000,0.030,0.637,0.333
109500,0.030,0.508,0.462
110000,0.030,0.401,0.569
110500,0.030,0.556,0.414
111000,0.030,0.539,0.431
111500,0.035,0.469,0.496
112000,0.031,0.541,0.428
112500,0.030,0.693,0.277
113000,0.030,0.566,0.404
113500,0.030,0.590,0.380
114000,0.030,0.624,0.346
114500,0.030,0.684,0.286
115000,0.030,0.626,0.344
115500,0.030,0.697,0.273
116000,0.030,0.565,0.405
116500,0.030,0.581,0.389
117000,0.030,0.534,0.436
117500,0.030,0.563,0.407
118000,0.030,0.482,0.488
118500,0.030,0.688,0.282
119000,0.030,0.571,0.399
119500,0.030,0.456,0.514
120000,0.030,0.519,0.451
120500,0.030,0.684,0.286
121000,0.030,0.674,0.296
121500,0.030,0.708,0.262
122000,0.030,0.537,0.433
122500,0.030,0.460,0.510
123000,0.030,0.497,0.473
123500,0.030,0.489,0.481
124000,0.030,0.565,0.405
124500,0.030,0.537,0.433
125000,0.030,0.488,0.482
125500,0.030,0.619,0.351
126000,0.030,0.563,0.407
126500,0.030,0.645,0.325
127000,0.030,0.459,0.511
127500,0.030,0.566,0.404
128000,0.030,0.534,0.436
128500,0.030,0.521,0.449
129000,0.030,0.624,0.346
129500,0.030,0.687,0.283
130000,0.030,0.684,0.286
130500,0.030,0.538,0.432
131000,0.030,0.569,0.401
131500,0.030,0.467,0.503
132000,0.030,0.599,0.371
132500,0.030,0.447,0.523
133000,0.030,0.447,0.523
133500,0.030,0.636,0.334
134000,0.030,0.652,0.318
134500,0.030,0.463,0.507
135000,0.030,0.595,0.375
135500,0.030,0.507,0.463
136000,0.030,0.533,0.437
136500,0.030,0.477,0.493
137000,0.030,0.473,0.497
137500,0.030,0.393,0.577
138000,0.030,0.514,0.456
138500,0.030,0.505,0.465
139000,0.030,0.447,0.523
139500,0.030,0.556,0.414
140000,0.030,0.600,0.370
140500,0.030,0.450,0.520
141000,0.030,0.471,0.499
141500,0.030,0.639,0.331
142000,0.030,0.482,0.488
142500,0.030,0.634,0.336
143000,0.030,0.576,0.394
143500,0.030,0.573,0.397
144000,0.030,0.720,0.250
144500,0.030,0.669,0.301
145000,0.030,0.468,0.502
145500,0.030,0.531,0.439
146000,0.030,0.585,0.385
146500,0.030,0.518,0.452
147000,0.030,0.537,0.433
147500,0.030,0.439,0.531
148000,0.030,0.458,0.512
148500,0.030,0.364,0.606
149000,0.030,0.423,0.547
149500,0.030,0.537,0.433
150000,0.030,0.667,0.303
150500,0.030,0.596,0.374
151000,0.030,0.686,0.284
151500,0.030,0.602,0.368
152000,0.030,0.662,0.308
152500,0.030,0.639,0.331
153000,0.030,0.718,0.252
153500,0.030,0.560,0.410
154000,0.030,0.463,0.507
154500,0.030,0.536,0.434
155000,0.030,0.556,0.414
155500,0.030,0.348,0.622
156000,0.030,0.490,0.480
156500,0.030,0.474,0.496
157000,0.030,0.611,0.359
157500,0.030,0.648,0.322
158000,0.030,0.525,0.445
158500,0.030,0.625,0.345
159000,0.030,0.540,0.430
159500,0.030,0.519,0.451
160000,0.030,0.569,0.401
160500,0.030,0.555,0.415
161000,0.030,0.658,0.312
161500,0.030,0.579,0.391
162000,0.030,0.398,0.572
162500,0.030,0.610,0.360
163000,0.030,0.731,0.239
163500,0.030,0.579,0.391
164000,0.030,0.592,0.378
164500,0.030,0.507,0.463
165000,0.030,0.565,0.405
165500,0.030,0.593,0.377
166000,0.030,0.600,0.370
166500,0.030,0.546,0.424
167000,0.030,0.404,0.566
167500,0.030,0.487,0.483
168000,0.030,0.543,0.427
168500,0.030,0.508,0.462
169000,0.030,0.639,0.331
169500,0.030,0.495,0.475
170000,0.030,0.480,0.490
170500,0.030,0.523,0.447
171000,0.030,0.419,0.551
171500,0.030,0.514,0.456
172000,0.030,0.682,0.288
172500,0.030,0.512,0.458
173000,0.030,0.538,0.432
173500,0.030,0.525,0.445
174000,0.030,0.605,0.365
174500,0.030,0.728,0.242
175000,0.030,0.672,0.298
175500,0.030,0.616,0.354
176000,0.030,0.619,0.351
176500,0.030,0.683,0.287
177000,0.030,0.649,0.321
177500,0.030,0.622,0.348
178000,0.030,0.512,0.458
178500,0.030,0.467,0.503
179000,0.030,0.487,0.483
179500,0.030,0.621,0.349
180000,0.030,0.573,0.397
180500,0.030,0.622,0.348
181000,0.030,0.490,0.480
181500,0.030,0.519,0.451
182000,0.030,0.610,0.360
182500,0.030,0.556,0.414
183000,0.030,0.543,0.427
183500,0.030,0.571,0.399
184000,0.030,0.424,0.546
184500,0.030,0.491,0.479
185000,0.030,0.538,0.432
185500,0.030,0.555,0.415
186000,0.030,0.579,0.391
186500,0.030,0.598,0.372
187000,0.030,0.634,0.336
187500,0.030,0.612,0.358
188000,0.030,0.577,0.393
188500,0.030,0.683,0.287
189000,0.030,0.541,0.429
189500,0.030,0.472,0.498
190000,0.030,0.513,0.457
190500,0.030,0.609,0.361
191000,0.030,0.529,0.441
191500,0.030,0.622,0.348
192000,0.030,0.515,0.455
192500,0.030,0.476,0.494
193000,0.030,0.554,0.416
193500,0.030,0.601,0.369
194000,0.030,0.515,0.455
194500,0.030,0.483,0.487
195000,0.030,0.513,0.457
195500,0.030,0.592,0.378
196000,0.030,0.590,0.380
196500,0.030,0.621,0.349
197000,0.030,0.572,0.398
197500,0.030,0.490,0.480
198000,0.030,0.418,0.552
198500,0.030,0.587,0.383
199000,0.030,0.543,0.427
199500,0.030,0.549,0.421
200000,0.030,0.608,0.362
200500,0.030,0.501,0.469
201000,0.030,0.539,0.431
201500,0.030,0.702,0.268
202000,0.030,0.604,0.366
202500,0.030,0.604,0.366
203000,0.030,0.632,0.338
203500,0.030,0.477,0.493
204000,0.030,0.594,0.376
204500,0.030,0.558,0.412
205000,0.030,0.461,0.509
205500,0.030,0.407,0.563
206000,0.030,0.572,0.398
206500,0.030,0.654,0.316
207000,0.030,0.532,0.438
207500,0.030,0.463,0.507
208000,0.030,0.517,0.453
208500,0.030,0.359,0.611
209000,0.030,0.502,0.468
209500,0.030,0.610,0.360
210000,0.030,0.563,0.407
210500,0.030,0.523,0.447
211000,0.030,0.572,0.398
211500,0.030,0.571,0.399
212000,0.030,0.600,0.370
212500,0.030,0.520,0.450
213000,0.030,0.589,0.381
213500,0.030,0.528,0.442
214000,0.030,0.561,0.409
214500,0.030,0.585,0.385
215000,0.030,0.541,0.429
215500,0.030,0.569,0.401
216000,0.030,0.399,0.571
216500,0.030,0.527,0.443
217000,0.030,0.453,0.517
217500,0.030,0.722,0.248
218000,0.030,0.732,0.238
218500,0.030,0.613,0.357
219000,0.030,0.482,0.488
219500,0.030,0.589,0.381
220000,0.030,0.540,0.430
220500,0.030,0.597,0.373
221000,0.030,0.548,0.422
221500,0.030,0.597,0.373
222000,0.030,0.613,0.357
222500,0.030,0.525,0.445
223000,0.030,0.535,0.435
223500,0.030,0.490,0.480
224000,0.030,0.494,0.476
224500,0.030,0.536,0.434
225000,0.030,0.535,0.435
225500,0.030,0.587,0.383
226000,0.030,0.464,0.506
226500,0.030,0.445,0.525
227000,0.030,0.534,0.436
227500,0.030,0.527,0.443
228000,0.030,0.429,0.541
228500,0.030,0.353,0.617
229000,0.030,0.478,0.492
229500,0.030,0.567,0.403
230000,0.030,0.682,0.288
230500,0.030,0.638,0.332
231000,0.030,0.553,0.417
231500,0.030,0.557,0.413
232000,0.030,0.607,0.363
232500,0.030,0.550,0.420
233000,0.030,0.543,0.427
233500,0.030,0.548,0.422
234000,0.030,0.569,0.401
234500,0.030,0.735,0.235
235000,0.030,0.663,0.307
235500,0.030,0.504,0.466
236000,0.030,0.510,0.460
236500,0.030,0.573,0.397
237000,0.030,0.595,0.375
237500,0.030,0.464,0.506
238000,0.030,0.458,0.512
238500,0.030,0.523,0.447
239000,0.030,0.580,0.390
239500,0.030,0.565,0.405
240000,0.030,0.489,0.481
240500,0.030,0.631,0.339
241000,0.030,0.576,0.394
241500,0.030,0.585,0.385
242000,0.030,0.581,0.389
242500,0.030,0.685,0.285
243000,0.030,0.558,0.412
243500,0.030,0.501,0.469
244000,0.030,0.566,0.404
244500,0.030,0.496,0.474
245000,0.030,0.547,0.423
245500,0.030,0.647,0.323
246000,0.030,0.485,0.485
246500,0.030,0.529,0.441
247000,0.030,0.494,0.476
247500,0.030,0.451,0.519
248000,0.030,0.515,0.455
248500,0.030,0.516,0.454
249000,0.030,0.572,0.398
249500,0.030,0.679,0.291
250000,0.030,0.612,0.358
250500,0.030,0.598,0.372
251000,0.030,0.615,0.355
251500,0.030,0.585,0.385
252000,0.030,0.532,0.438
252500,0.030,0.654,0.316
253000,0.030,0.608,0.362
253500,0.030,0.642,0.328
254000,0.030,0.492,0.478
254500,0.030,0.697,0.273
255000,0.030,0.657,0.313
255500,0.030,0.694,0.276
256000,0.030,0.669,0.301
256500,0.030,0.430,0.540
257000,0.030,0.664,0.306
257500,0.030,0.836,0.134
258000,0.030,0.595,0.375
258500,0.030,0.372,0.598
259000,0.030,0.516,0.454
259500,0.030,0.591,0.379
260000,0.030,0.540,0.430
260500,0.030,0.558,0.412
261000,0.030,0.477,0.493
261500,0.030,0.582,0.388
262000,0.030,0.452,0.518
262500,0.030,0.523,0.447
263000,0.030,0.567,0.403
263500,0.030,0.515,0.455
264000,0.030,0.563,0.407
264500,0.030,0.448,0.522
265000,0.030,0.483,0.487
265500,0.030,0.494,0.476
266000,0.030,0.489,0.481
266500,0.030,0.507,0.463
267000,0.030,0.608,0.362
267500,0.030,0.590,0.380
268000,0.030,0.573,0.397
268500,0.030,0.556,0.414
269000,0.030,0.570,0.400
269500,0.030,0.452,0.518
270000,0.030,0.647,0.323
270500,0.030,0.638,0.332
271000,0.030,0.622,0.348
271500,0.030,0.486,0.484
272000,0.030,0.412,0.558
272500,0.030,0.466,0.504
273000,0.030,0.555,0.415
273500,0.030,0.480,0.490
274000,0.030,0.449,0.521
274500,0.030,0.572,0.398
275000,0.030,0.517,0.453
275500,0.030,0.538,0.432
276000,0.030,0.634,0.336
276500,0.030,0.510,0.460
277000,0.030,0.401,0.569
277500,0.030,0.446,0.524
278000,0.030,0.460,0.510
278500,0.030,0.603,0.367
279000,0.030,0.568,0.402
279500,0.030,0.555,0.415
280000,0.030,0.510,0.460
280500,0.030,0.625,0.345
281000,0.030,0.574,0.396
281500,0.030,0.519,0.451
282000,0.030,0.498,0.472
282500,0.030,0.595,0.375
283000,0.030,0.624,0.346
283500,0.030,0.549,0.421
284000,0.030,0.543,0.427
284500,0.030,0.482,0.488
285000,0.030,0.523,0.447
285500,0.030,0.591,0.379
286000,0.030,0.620,0.350
286500,0.030,0.619,0.351
287000,0.030,0.713,0.257
287500,0.030,0.642,0.328
288000,0.030,0.600,0.370
288500,0.030,0.629,0.341
289000,0.030,0.500,0.470
289500,0.030,0.533,0.437
290000,0.030,0.507,0.463
290500,0.030,0.601,0.369
291000,0.030,0.494,0.476
291500,0.030,0.391,0.579
292000,0.030,0.539,0.431
292500,0.030,0.707,0.263
293000,0.030,0.534,0.436
293500,0.030,0.527,0.443
294000,0.030,0.415,0.555
294500,0.030,0.474,0.496
295000,0.030,0.542,0.428
295500,0.030,0.495,0.475
296000,0.030,0.429,0.541
296500,0.030,0.456,0.514
297000,0.030,0.498,0.472
297500,0.030,0.529,0.441
298000,0.030,0.536,0.434
298500,0.030,0.487,0.483
299000,0.030,0.662,0.308
299500,0.030,0.461,0.509
300000,0.030,0.495,0.475
300500,0.030,0.595,0.375
301000,0.030,0.542,0.428
301500,0.030,0.571,0.399
302000,0.030,0.659,0.311
302500,0.030,0.540,0.430
303000,0.030,0.654,0.316
303500,0.030,0.454,0.516
304000,0.030,0.594,0.376
304500,0.030,0.489,0.481
305000,0.030,0.563,0.407
305500,0.030,0.553,0.417
306000,0.030,0.579,0.391
306500,0.030,0.638,0.332
307000,0.030,0.507,0.463
307500,0.030,0.532,0.438
308000,0.030,0.580,0.390
308500,0.030,0.552,0.418
309000,0.030,0.495,0.475
309500,0.030,0.465,0.505
310000,0.030,0.524,0.446
310500,0.030,0.500,0.470
311000,0.030,0.403,0.567
311500,0.030,0.540,0.430
312000,0.030,0.595,0.375
312500,0.030,0.432,0.538
313000,0.030,0.536,0.434
313500,0.030,0.463,0.507
314000,0.030,0.528,0.442
314500,0.030,0.480,0.490
315000,0.030,0.667,0.303
315500,0.030,0.713,0.257
316000,0.030,0.692,0.278
316500,0.030,0.542,0.428
317000,0.030,0.588,0.382
317500,0.030,0.627,0.343
318000,0.030,0.559,0.411
318500,0.030,0.563,0.407
319000,0.030,0.543,0.427
319500,0.030,0.617,0.353
320000,0.030,0.632,0.338
320500,0.030,0.555,0.415
321000,0.030,0.571,0.399
321500,0.030,0.565,0.405
322000,0.030,0.440,0.530
322500,0.030,0.545,0.425
323000,0.030,0.619,0.351
323500,0.030,0.542,0.428
324000,0.030,0.597,0.373
324500,0.030,0.664,0.306
325000,0.030,0.553,0.417
325500,0.030,0.669,0.301
326000,0.030,0.665,0.305
326500,0.030,0.393,0.577
327000,0.030,0.487,0.483
327500,0.030,0.636,0.334
328000,0.030,0.530,0.440
328500,0.030,0.504,0.466
329000,0.030,0.472,0.498
329500,0.030,0.534,0.436
330000,0.030,0.595,0.375
330500,0.030,0.553,0.417
331000,0.030,0.473,0.497
331500,0.030,0.471,0.499
332000,0.030,0.596,0.374
332500,0.030,0.638,0.332
333000,0.030,0.694,0.276
333500,0.030,0.657,0.313
334000,0.030,0.703,0.267
334500,0.030,0.618,0.352
335000,0.030,0.556,0.414
335500,0.030,0.488,0.482
336000,0.030,0.462,0.508
336500,0.030,0.532,0.438
337000,0.030,0.584,0.386
337500,0.030,0.668,0.302
338000,0.030,0.517,0.453
338500,0.030,0.569,0.401
339000,0.030,0.542,0.428
339500,0.030,0.395,0.575
340000,0.030,0.585,0.385
340500,0.030,0.572,0.398
341000,0.030,0.560,0.410
341500,0.030,0.484,0.486
342000,0.030,0.547,0.423
342500,0.030,0.540,0.430
343000,0.030,0.614,0.356
343500,0.030,0.568,0.402
344000,0.030,0.521,0.449
344500,0.030,0.633,0.337
345000,0.030,0.516,0.454
345500,0.030,0.577,0.393
346000,0.030,0.489,0.481
346500,0.030,0.656,0.314
347000,0.030,0.528,0.442
347500,0.030,0.565,0.405
348000,0.030,0.511,0.459
348500,0.030,0.605,0.365
349000,0.030,0.602,0.368
349500,0.030,0.640,0.330
350000,0.030,0.580,0.390
350500,0.030,0.507,0.463
351000,0.030,0.570,0.400
351500,0.030,0.686,0.284
352000,0.030,0.626,0.344
352500,0.030,0.667,0.303
353000,0.030,0.440,0.530
353500,0.030,0.615,0.355
354000,0.030,0.472,0.498
354500,0.030,0.558,0.412
355000,0.030,0.550,0.420
355500,0.030,0.578,0.392
356000,0.030,0.558,0.412
356500,0.030,0.524,0.446
357000,0.030,0.498,0.472
357500,0.030,0.555,0.415
358000,0.030,0.501,0.469
358500,0.030,0.611,0.359
359000,0.030,0.526,0.444
359500,0.030,0.529,0.441
360000,0.030,0.540,0.430
360500,0.030,0.644,0.326
361000,0.030,0.651,0.319
361500,0.030,0.505,0.465
362000,0.030,0.658,0.312
362500,0.030,0.568,0.402
363000,0.030,0.679,0.291
363500,0.030,0.577,0.393
364000,0.030,0.494,0.476
364500,0.030,0.498,0.472
365000,0.030,0.498,0.472
365500,0.030,0.644,0.326
366000,0.030,0.613,0.357
366500,0.030,0.554,0.416
367000,0.030,0.649,0.321
367500,0.030,0.535,0.435
368000,0.030,0.532,0.438
368500,0.030,0.551,0.419
369000,0.030,0.442,0.528
369500,0.030,0.500,0.470
370000,0.030,0.493,0.477
370500,0.030,0.580,0.390
371000,0.030,0.562,0.408
371500,0.030,0.578,0.392
372000,0.030,0.741,0.229
372500,0.030,0.619,0.351
373000,0.030,0.527,0.443
373500,0.030,0.566,0.404
374000,0.030,0.628,0.342
374500,0.030,0.697,0.273
375000,0.030,0.573,0.397
375500,0.030,0.530,0.440
376000,0.030,0.619,0.351
376500,0.030,0.582,0.388
377000,0.030,0.444,0.526
377500,0.030,0.646,0.324
378000,0.030,0.570,0.400
378500,0.030,0.478,0.492
379000,0.030,0.499,0.471
379500,0.030,0.634,0.336
380000,0.030,0.555,0.415
380500,0.030,0.563,0.407
381000,0.030,0.642,0.328
381500,0.030,0.647,0.323
382000,0.030,0.567,0.403
382500,0.030,0.427,0.543
383000,0.030,0.542,0.428
383500,0.030,0.565,0.405
384000,0.030,0.571,0.399
384500,0.030,0.683,0.287
385000,0.030,0.661,0.309
385500,0.030,0.472,0.498
386000,0.030,0.415,0.555
386500,0.030,0.591,0.379
387000,0.030,0.541,0.429
387500,0.030,0.435,0.535
388000,0.030,0.572,0.398
388500,0.030,0.747,0.223
389000,0.030,0.684,0.286
389500,0.030,0.578,0.392
390000,0.030,0.551,0.419
390500,0.030,0.606,0.364
391000,0.030,0.538,0.432
391500,0.030,0.600,0.370
392000,0.030,0.524,0.446
392500,0.030,0.579,0.391
393000,0.030,0.582,0.388
393500,0.030,0.531,0.439
394000,0.030,0.587,0.383
394500,0.030,0.569,0.401
395000,0.030,0.509,0.461
395500,0.030,0.528,0.442
396000,0.030,0.537,0.433
396500,0.030,0.554,0.416
397000,0.030,0.730,0.240
397500,0.030,0.559,0.411
398000,0.030,0.582,0.388
398500,0.030,0.605,0.365
399000,0.030,0.446,0.524
399500,0.030,0.518,0.452
400000,0.030,0.460,0.510
400500,0.036,0.408,0.556
401000,0.030,0.545,0.425
401500,0.030,0.428,0.542
402000,0.030,0.485,0.485
402500,0.030,0.443,0.527
403000,0.030,0.505,0.465
403500,0.030,0.504,0.466
404000,0.030,0.440,0.530
404500,0.030,0.486,0.484
405000,0.030,0.497,0.473
405500,0.030,0.533,0.437
406000,0.030,0.567,0.403
406500,0.030,0.471,0.499
407000,0.030,0.446,0.524
407500,0.030,0.456,0.514
408000,0.030,0.557,0.413
408500,0.030,0.686,0.284
409000,0.030,0.508,0.462
409500,0.030,0.650,0.320
410000,0.030,0.503,0.467
410500,0.030,0.690,0.280
411000,0.030,0.488,0.482
411500,0.030,0.557,0.413
412000,0.030,0.586,0.384
412500,0.030,0.566,0.404
413000,0.030,0.580,0.390
413500,0.030,0.566,0.404
414000,0.030,0.662,0.308
414500,0.030,0.533,0.437
415000,0.030,0.499,0.471
415500,0.030,0.435,0.535
416000,0.030,0.508,0.462
416500,0.030,0.656,0.314
417000,0.030,0.502,0.468
417500,0.030,0.574,0.396
418000,0.030,0.617,0.353
418500,0.030,0.599,0.371
419000,0.030,0.571,0.399
419500,0.030,0.635,0.335
420000,0.030,0.515,0.455
420500,0.030,0.501,0.469
421000,0.030,0.552,0.418
421500,0.030,0.404,0.566
422000,0.030,0.647,0.323
422500,0.030,0.618,0.352
423000,0.030,0.594,0.376
423500,0.030,0.608,0.362
424000,0.030,0.525,0.445
424500,0.030,0.581,0.389
425000,0.030,0.537,0.433
425500,0.030,0.639,0.331
426000,0.030,0.614,0.356
426500,0.030,0.591,0.379
427000,0.030,0.636,0.334
427500,0.030,0.699,0.271
428000,0.030,0.516,0.454
428500,0.030,0.607,0.363
429000,0.030,0.455,0.515
429500,0.030,0.375,0.595
430000,0.030,0.575,0.395
430500,0.030,0.503,0.467
431000,0.030,0.531,0.439
431500,0.030,0.483,0.487
432000,0.030,0.609,0.361
432500,0.030,0.620,0.350
433000,0.030,0.629,0.341
433500,0.030,0.619,0.351
434000,0.030,0.529,0.441
434500,0.030,0.469,0.501
435000,0.030,0.530,0.440
435500,0.030,0.583,0.387
436000,0.030,0.341,0.629
436500,0.030,0.514,0.456
437000,0.030,0.424,0.546
437500,0.030,0.414,0.556
438000,0.030,0.487,0.483
438500,0.030,0.465,0.505
439000,0.030,0.500,0.470
439500,0.030,0.590,0.380
440000,0.030,0.507,0.463
440500,0.030,0.532,0.438
441000,0.030,0.544,0.426
441500,0.030,0.494,0.476
442000,0.030,0.565,0.405
442500,0.030,0.477,0.493
443000,0.030,0.581,0.389
443500,0.030,0.545,0.425
444000,0.030,0.654,0.316
444500,0.030,0.627,0.343
445000,0.030,0.472,0.498
445500,0.030,0.492,0.478
446000,0.030,0.527,0.443
446500,0.030,0.638,0.332
447000,0.030,0.636,0.334
447500,0.030,0.551,0.419
448000,0.030,0.493,0.477
448500,0.030,0.460,0.510
449000,0.030,0.451,0.519
449500,0.030,0.518,0.452
450000,0.030,0.659,0.311
450500,0.030,0.447,0.523
451000,0.030,0.453,0.517
451500,0.030,0.482,0.488
452000,0.030,0.580,0.390
452500,0.030,0.569,0.401
453000,0.030,0.558,0.412
453500,0.030,0.539,0.431
454000,0.030,0.616,0.354
454500,0.030,0.564,0.406
455000,0.030,0.551,0.419
455500,0.030,0.661,0.309
456000,0.030,0.582,0.388
456500,0.030,0.415,0.555
457000,0.030,0.425,0.545
457500,0.030,0.402,0.568
458000,0.030,0.578,0.392
458500,0.030,0.554,0.416
459000,0.030,0.678,0.292
459500,0.030,0.791,0.179
460000,0.030,0.581,0.389
460500,0.030,0.546,0.424
461000,0.030,0.536,0.434
461500,0.030,0.567,0.403
462000,0.030,0.576,0.394
462500,0.030,0.435,0.535
463000,0.030,0.551,0.419
463500,0.030,0.654,0.316
464000,0.030,0.580,0.390
464500,0.030,0.548,0.422
465000,0.030,0.449,0.521
465500,0.030,0.485,0.485
466000,0.030,0.489,0.481
466500,0.030,0.573,0.397
467000,0.030,0.516,0.454
467500,0.030,0.538,0.432
468000,0.030,0.613,0.357
468500,0.030,0.589,0.381
469000,0.030,0.568,0.402
469500,0.030,0.506,0.464
470000,0.030,0.575,0.395
470500,0.030,0.521,0.449
471000,0.030,0.510,0.460
471500,0.030,0.717,0.253
472000,0.030,0.490,0.480
472500,0.030,0.713,0.257
473000,0.030,0.593,0.377
473500,0.030,0.562,0.408
474000,0.030,0.591,0.379
474500,0.030,0.549,0.421
475000,0.030,0.598,0.372
475500,0.030,0.626,0.344
476000,0.030,0.611,0.359
476500,0.030,0.491,0.479
477000,0.030,0.447,0.523
477500,0.030,0.630,0.340
478000,0.030,0.529,0.441
478500,0.030,0.602,0.368
479000,0.030,0.674,0.296
479500,0.030,0.619,0.351
480000,0.030,0.619,0.351
480500,0.030,0.675,0.295
481000,0.030,0.657,0.313
481500,0.030,0.700,0.270
482000,0.030,0.605,0.365
482500,0.030,0.473,0.497
483000,0.030,0.442,0.528
483500,0.030,0.434,0.536
484000,0.030,0.449,0.521
484500,0.030,0.432,0.538
485000,0.030,0.342,0.628
485500,0.030,0.570,0.400
486000,0.030,0.609,0.361
486500,0.030,0.508,0.462
487000,0.030,0.439,0.531
487500,0.031,0.413,0.556
488000,0.030,0.604,0.366
488500,0.030,0.570,0.400
489000,0.030,0.482,0.488
489500,0.030,0.425,0.545
490000,0.030,0.571,0.399
490500,0.030,0.489,0.481
491000,0.030,0.547,0.423
491500,0.030,0.468,0.502
492000,0.030,0.534,0.436
492500,0.030,0.687,0.283
493000,0.030,0.586,0.384
493500,0.030,0.559,0.411
494000,0.030,0.502,0.468
494500,0.030,0.418,0.552
495000,0.030,0.505,0.465
495500,0.030,0.509,0.461
496000,0.030,0.402,0.568
496500,0.030,0.457,0.513
497000,0.030,0.410,0.560
497500,0.030,0.494,0.476
498000,0.030,0.575,0.395
498500,0.030,0.573,0.397
499000,0.030,0.618,0.352
499500,0.030,0.455,0.515
500000,0.030,0.531,0.439
500500,0.030,0.508,0.462
501000,0.030,0.508,0.462
501500,0.030,0.551,0.419
502000,0.030,0.646,0.324
502500,0.030,0.552,0.418
503000,0.030,0.511,0.459
503500,0.030,0.524,0.446
504000,0.030,0.453,0.517
504500,0.030,0.441,0.529
505000,0.030,0.459,0.511
505500,0.030,0.563,0.407
506000,0.030,0.621,0.349
506500,0.030,0.624,0.346
507000,0.030,0.605,0.365
507500,0.030,0.541,0.429
508000,0.030,0.498,0.472
508500,0.030,0.692,0.278
509000,0.030,0.638,0.332
509500,0.030,0.645,0.325
510000,0.030,0.430,0.540
510500,0.030,0.559,0.411
511000,0.030,0.534,0.436
511500,0.030,0.471,0.499
512000,0.030,0.538,0.432
512500,0.030,0.395,0.575
513000,0.030,0.606,0.364
513500,0.030,0.579,0.391
514000,0.030,0.552,0.418
514500,0.030,0.516,0.454
515000,0.030,0.560,0.410
515500,0.030,0.527,0.443
516000,0.030,0.552,0.418
516500,0.030,0.375,0.595
517000,0.030,0.420,0.550
517500,0.030,0.496,0.474
518000,0.030,0.618,0.352
518500,0.030,0.492,0.478
519000,0.030,0.550,0.420
519500,0.030,0.616,0.354
520000,0.030,0.513,0.457
520500,0.030,0.631,0.339
521000,0.030,0.736,0.234
521500,0.030,0.534,0.436
522000,0.030,0.541,0.429
522500,0.030,0.583,0.387
523000,0.030,0.532,0.438
523500,0.030,0.548,0.422
524000,0.030,0.503,0.467
524500,0.030,0.588,0.382
525000,0.030,0.692,0.278
525500,0.030,0.657,0.313
526000,0.030,0.518,0.452
526500,0.030,0.526,0.444
527000,0.030,0.616,0.354
527500,0.030,0.570,0.400
528000,0.030,0.581,0.389
528500,0.030,0.527,0.443
529000,0.030,0.507,0.463
529500,0.030,0.480,0.490
530000,0.030,0.655,0.315
530500,0.030,0.446,0.524
531000,0.030,0.452,0.518
531500,0.030,0.478,0.492
532000,0.030,0.530,0.440
532500,0.030,0.668,0.302
533000,0.030,0.596,0.374
533500,0.030,0.760,0.210
534000,0.030,0.635,0.335
534500,0.030,0.448,0.522
535000,0.030,0.533,0.437
535500,0.030,0.595,0.375
536000,0.030,0.455,0.515
536500,0.030,0.546,0.424
537000,0.030,0.544,0.426
537500,0.030,0.454,0.516
538000,0.030,0.474,0.496
538500,0.030,0.455,0.515
539000,0.030,0.566,0.404
539500,0.030,0.578,0.392
540000,0.030,0.589,0.381
540500,0.030,0.526,0.444
541000,0.030,0.577,0.393
541500,0.030,0.433,0.537
542000,0.030,0.567,0.403
542500,0.030,0.547,0.423
543000,0.030,0.479,0.491
543500,0.030,0.514,0.456
544000,0.030,0.599,0.371
544500,0.030,0.523,0.447
545000,0.030,0.563,0.407
545500,0.030,0.522,0.448
546000,0.030,0.471,0.499
546500,0.030,0.513,0.457
547000,0.030,0.573,0.397
547500,0.030,0.519,0.451
548000,0.030,0.521,0.449
548500,0.030,0.536,0.434
549000,0.030,0.541,0.429
549500,0.030,0.698,0.272
550000,0.030,0.588,0.382
550500,0.030,0.613,0.357
551000,0.030,0.529,0.441
551500,0.030,0.441,0.529
552000,0.030,0.508,0.462
552500,0.030,0.602,0.368
553000,0.030,0.602,0.368
553500,0.030,0.451,0.519
554000,0.030,0.548,0.422
554500,0.030,0.633,0.337
555000,0.030,0.569,0.401
555500,0.030,0.532,0.438
556000,0.030,0.456,0.514
556500,0.030,0.684,0.286
557000,0.030,0.642,0.328
557500,0.030,0.657,0.313
558000,0.030,0.642,0.328
558500,0.030,0.511,0.459
559000,0.030,0.496,0.474
559500,0.030,0.587,0.383
560000,0.030,0.403,0.567
560500,0.030,0.505,0.465
561000,0.030,0.401,0.569
561500,0.030,0.492,0.478
562000,0.030,0.447,0.523
562500,0.030,0.405,0.565
563000,0.030,0.502,0.468
563500,0.030,0.500,0.470
564000,0.030,0.540,0.430
564500,0.030,0.459,0.511
565000,0.030,0.588,0.382
565500,0.030,0.502,0.468
566000,0.030,0.550,0.420
566500,0.030,0.580,0.390
567000,0.030,0.613,0.357
567500,0.030,0.514,0.456
568000,0.030,0.457,0.513
568500,0.030,0.571,0.399
569000,0.030,0.539,0.431
569500,0.030,0.472,0.498
570000,0.030,0.559,0.411
570500,0.030,0.526,0.444
571000,0.030,0.511,0.459
571500,0.030,0.402,0.568
572000,0.030,0.581,0.389
572500,0.030,0.635,0.335
573000,0.030,0.609,0.361
573500,0.030,0.689,0.281
574000,0.030,0.637,0.333
574500,0.030,0.474,0.496
575000,0.030,0.495,0.475
575500,0.030,0.620,0.350
576000,0.030,0.563,0.407
576500,0.030,0.567,0.403
577000,0.030,0.540,0.430
577500,0.030,0.624,0.346
578000,0.030,0.617,0.353
578500,0.030,0.433,0.537
579000,0.030,0.573,0.397
579500,0.030,0.467,0.503
580000,0.030,0.566,0.404
580500,0.030,0.572,0.398
581000,0.030,0.586,0.384
581500,0.030,0.471,0.499
582000,0.030,0.593,0.377
582500,0.030,0.608,0.362
583000,0.030,0.705,0.265
583500,0.030,0.598,0.372
584000,0.030,0.598,0.372
584500,0.030,0.623,0.347
585000,0.030,0.536,0.434
585500,0.030,0.515,0.455
586000,0.030,0.518,0.452
586500,0.030,0.564,0.406
587000,0.030,0.549,0.421
587500,0.030,0.520,0.450
588000,0.030,0.490,0.480
588500,0.030,0.615,0.355
589000,0.030,0.569,0.401
589500,0.030,0.607,0.363
590000,0.030,0.572,0.398
590500,0.030,0.547,0.423
591000,0.030,0.525,0.445
591500,0.030,0.603,0.367
592000,0.030,0.531,0.439
592500,0.030,0.597,0.373
593000,0.030,0.780,0.190
593500,0.030,0.620,0.350
594000,0.030,0.544,0.426
594500,0.030,0.468,0.502
595000,0.030,0.490,0.480
595500,0.030,0.539,0.431
596000,0.030,0.542,0.428
596500,0.030,0.562,0.408
597000,0.030,0.573,0.397
597500,0.030,0.487,0.483
598000,0.030,0.445,0.525
598500,0.030,0.452,0.518
599000,0.030,0.662,0.308
599500,0.030,0.527,0.443
600000,0.030,0.690,0.280
600500,0.030,0.723,0.247
601000,0.030,0.672,0.298
601500,0.030,0.580,0.390
602000,0.030,0.761,0.209
602500,0.030,0.649,0.321
603000,0.030,0.543,0.427
603500,0.030,0.547,0.423
604000,0.030,0.510,0.460
604500,0.030,0.409,0.561
605000,0.030,0.462,0.508
605500,0.030,0.414,0.556
606000,0.030,0.462,0.508
606500,0.030,0.498,0.472
607000,0.030,0.512,0.458
607500,0.030,0.524,0.446
608000,0.030,0.665,0.305
608500,0.030,0.505,0.465
609000,0.030,0.547,0.423
609500,0.030,0.506,0.464
610000,0.030,0.465,0.505
610500,0.030,0.513,0.457
611000,0.030,0.583,0.387
611500,0.030,0.635,0.335
612000,0.030,0.532,0.438
612500,0.030,0.428,0.542
613000,0.030,0.555,0.415
613500,0.030,0.508,0.462
614000,0.030,0.483,0.487
614500,0.030,0.402,0.568
615000,0.030,0.520,0.450
615500,0.030,0.577,0.393
616000,0.030,0.527,0.443
616500,0.030,0.588,0.382
617000,0.030,0.563,0.407
617500,0.030,0.464,0.506
618000,0.030,0.373,0.597
618500,0.030,0.455,0.515
619000,0.030,0.515,0.455
619500,0.030,0.625,0.345
620000,0.030,0.642,0.328
620500,0.030,0.563,0.407
621000,0.030,0.576,0.394
621500,0.030,0.568,0.402
622000,0.030,0.640,0.330
622500,0.030,0.610,0.360
623000,0.030,0.510,0.460
623500,0.030,0.586,0.384
624000,0.030,0.520,0.450
624500,0.030,0.480,0.490
625000,0.030,0.574,0.396
625500,0.030,0.615,0.355
626000,0.030,0.549,0.421
626500,0.030,0.551,0.419
627000,0.030,0.602,0.368
627500,0.030,0.419,0.551
628000,0.030,0.536,0.434
628500,0.030,0.517,0.453
629000,0.030,0.563,0.407
629500,0.030,0.465,0.505
630000,0.030,0.581,0.389
630500,0.030,0.515,0.455
631000,0.030,0.544,0.426
631500,0.030,0.483,0.487
632000,0.030,0.517,0.453
632500,0.030,0.597,0.373
633000,0.030,0.366,0.604
633500,0.030,0.599,0.371
634000,0.030,0.538,0.432
634500,0.030,0.547,0.423
635000,0.030,0.355,0.615
635500,0.031,0.440,0.529
636000,0.030,0.436,0.534
636500,0.030,0.554,0.416
637000,0.030,0.614,0.356
637500,0.030,0.563,0.407
638000,0.030,0.648,0.322
638500,0.030,0.498,0.472
639000,0.030,0.581,0.389
639500,0.030,0.542,0.428
640000,0.030,0.597,0.373
640500,0.030,0.452,0.518
641000,0.030,0.483,0.487
641500,0.030,0.632,0.338
642000,0.030,0.627,0.343
642500,0.030,0.626,0.344
643000,0.030,0.473,0.497
643500,0.030,0.651,0.319
644000,0.030,0.568,0.402
644500,0.030,0.423,0.547
645000,0.030,0.594,0.376
645500,0.030,0.555,0.415
646000,0.030,0.533,0.437
646500,0.030,0.501,0.469
647000,0.030,0.593,0.377
647500,0.030,0.609,0.361
648000,0.030,0.501,0.469
648500,0.030,0.481,0.489
649000,0.030,0.562,0.408
649500,0.030,0.501,0.469
650000,0.030,0.608,0.362
650500,0.030,0.561,0.409
651000,0.030,0.570,0.400
651500,0.030,0.540,0.430
652000,0.030,0.464,0.506
652500,0.030,0.386,0.584
653000,0.030,0.516,0.454
653500,0.030,0.447,0.523
654000,0.030,0.547,0.423
654500,0.030,0.510,0.460
655000,0.030,0.559,0.411
655500,0.030,0.634,0.336
656000,0.030,0.624,0.346
656500,0.030,0.673,0.297
657000,0.030,0.547,0.423
657500,0.030,0.602,0.368
658000,0.030,0.722,0.248
658500,0.030,0.451,0.519
659000,0.030,0.650,0.320
659500,0.030,0.629,0.341
660000,0.030,0.475,0.495
660500,0.030,0.418,0.552
661000,0.030,0.555,0.415
661500,0.030,0.490,0.480
662000,0.030,0.495,0.475
662500,0.030,0.605,0.365
663000,0.030,0.673,0.297
663500,0.030,0.617,0.353
664000,0.030,0.587,0.383
664500,0.030,0.691,0.279
665000,0.030,0.685,0.285
665500,0.030,0.422,0.548
666000,0.030,0.589,0.381
666500,0.030,0.505,0.465
667000,0.030,0.587,0.383
667500,0.030,0.599,0.371
668000,0.030,0.503,0.467
668500,0.030,0.466,0.504
669000,0.030,0.580,0.390
669500,0.030,0.570,0.400
670000,0.030,0.618,0.352
670500,0.030,0.571,0.399
671000,0.030,0.433,0.537
671500,0.030,0.567,0.403
672000,0.030,0.511,0.459
672500,0.030,0.517,0.453
673000,0.030,0.600,0.370
673500,0.030,0.597,0.373
674000,0.030,0.604,0.366
674500,0.030,0.561,0.409
675000,0.030,0.631,0.339
675500,0.030,0.579,0.391
676000,0.030,0.570,0.400
676500,0.030,0.450,0.520
677000,0.030,0.480,0.490
677500,0.030,0.439,0.531
678000,0.030,0.618,0.352
678500,0.030,0.551,0.419
679000,0.030,0.489,0.481
679500,0.030,0.469,0.501
680000,0.030,0.548,0.422
680500,0.030,0.591,0.379
681000,0.030,0.521,0.449
681500,0.030,0.523,0.447
682000,0.030,0.601,0.369
682500,0.030,0.420,0.550
683000,0.030,0.447,0.523
683500,0.030,0.564,0.406
684000,0.030,0.496,0.474
684500,0.030,0.466,0.504
685000,0.030,0.562,0.408
685500,0.030,0.403,0.567
686000,0.030,0.586,0.384
686500,0.030,0.594,0.376
687000,0.030,0.511,0.459
687500,0.030,0.447,0.523
688000,0.030,0.601,0.369
688500,0.030,0.580,0.390
689000,0.030,0.589,0.381
689500,0.030,0.623,0.347
690000,0.030,0.517,0.453
690500,0.030,0.536,0.434
691000,0.030,0.537,0.433
691500,0.030,0.467,0.503
692000,0.030,0.537,0.433
692500,0.030,0.446,0.524
693000,0.030,0.564,0.406
693500,0.030,0.428,0.542
694000,0.030,0.546,0.424
694500,0.030,0.499,0.471
695000,0.030,0.481,0.489
695500,0.030,0.523,0.447
696000,0.030,0.465,0.505
696500,0.030,0.515,0.455
697000,0.030,0.426,0.544
697500,0.030,0.590,0.380
698000,0.030,0.518,0.452
698500,0.030,0.458,0.512
699000,0.030,0.603,0.367
699500,0.030,0.634,0.336
700000,0.030,0.560,0.410
700500,0.030,0.581,0.389
701000,0.030,0.637,0.333
701500,0.030,0.515,0.455
702000,0.030,0.450,0.520
702500,0.030,0.540,0.430
703000,0.030,0.563,0.407
703500,0.030,0.436,0.534
704000,0.030,0.613,0.357
704500,0.030,0.608,0.362
705000,0.030,0.487,0.483
705500,0.030,0.529,0.441
706000,0.030,0.577,0.393
706500,0.030,0.597,0.373
707000,0.030,0.581,0.389
707500,0.030,0.584,0.386
708000,0.030,0.642,0.328
708500,0.030,0.504,0.466
709000,0.030,0.526,0.444
709500,0.030,0.575,0.395
710000,0.030,0.557,0.413
710500,0.030,0.571,0.399
711000,0.030,0.409,0.561
711500,0.030,0.411,0.559
712000,0.030,0.545,0.425
712500,0.030,0.564,0.406
713000,0.030,0.560,0.410
713500,0.030,0.567,0.403
714000,0.030,0.491,0.479
714500,0.030,0.472,0.498
715000,0.030,0.434,0.536
715500,0.030,0.445,0.525
716000,0.030,0.529,0.441
716500,0.030,0.573,0.397
717000,0.030,0.419,0.551
717500,0.030,0.477,0.493
718000,0.030,0.493,0.477
718500,0.030,0.438,0.532
719000,0.030,0.483,0.487
719500,0.030,0.601,0.369
720000,0.030,0.548,0.422
720500,0.030,0.590,0.380
721000,0.030,0.554,0.416
721500,0.030,0.634,0.336
722000,0.030,0.695,0.275
722500,0.030,0.608,0.362
723000,0.030,0.549,0.421
723500,0.030,0.570,0.400
724000,0.030,0.518,0.452
724500,0.030,0.547,0.423
725000,0.030,0.643,0.327
725500,0.030,0.574,0.396
726000,0.030,0.599,0.371
726500,0.030,0.512,0.458
727000,0.030,0.455,0.515
727500,0.030,0.596,0.374
728000,0.030,0.552,0.418
728500,0.030,0.554,0.416
729000,0.030,0.543,0.427
729500,0.030,0.617,0.353
730000,0.030,0.656,0.314
730500,0.030,0.586,0.384
731000,0.030,0.544,0.426
731500,0.030,0.442,0.528
732000,0.030,0.517,0.453
732500,0.030,0.604,0.366
733000,0.030,0.459,0.511
733500,0.030,0.502,0.468
734000,0.030,0.481,0.489
734500,0.030,0.542,0.428
735000,0.030,0.684,0.286
735500,0.030,0.555,0.415
736000,0.030,0.469,0.501
736500,0.030,0.521,0.449
737000,0.030,0.613,0.357
737500,0.030,0.550,0.420
738000,0.030,0.500,0.470
738500,0.030,0.512,0.458
739000,0.030,0.467,0.503
739500,0.030,0.586,0.384
740000,0.030,0.500,0.470
740500,0.030,0.437,0.533
741000,0.030,0.458,0.512
741500,0.030,0.487,0.483
742000,0.030,0.624,0.346
742500,0.030,0.485,0.485
743000,0.030,0.620,0.350
743500,0.030,0.528,0.442
744000,0.030,0.528,0.442
744500,0.030,0.538,0.432
745000,0.030,0.630,0.340
745500,0.030,0.553,0.417
746000,0.030,0.489,0.481
746500,0.030,0.525,0.445
747000,0.030,0.599,0.371
747500,0.030,0.578,0.392
748000,0.030,0.526,0.444
748500,0.030,0.611,0.359
749000,0.030,0.673,0.297
749500,0.030,0.541,0.429
750000,0.030,0.547,0.423
750500,0.030,0.476,0.494
751000,0.030,0.440,0.530
751500,0.030,0.529,0.441
752000,0.030,0.555,0.415
752500,0.030,0.474,0.496
753000,0.030,0.554,0.416
753500,0.030,0.497,0.473
754000,0.030,0.540,0.430
754500,0.030,0.573,0.397
755000,0.030,0.488,0.482
755500,0.030,0.679,0.291
756000,0.030,0.610,0.360
756500,0.030,0.559,0.411
757000,0.030,0.684,0.286
757500,0.030,0.549,0.421
758000,0.030,0.587,0.383
758500,0.030,0.548,0.422
759000,0.030,0.571,0.399
759500,0.030,0.536,0.434
760000,0.030,0.455,0.515
760500,0.030,0.478,0.492
761000,0.030,0.560,0.410
761500,0.030,0.532,0.438
762000,0.030,0.534,0.436
762500,0.030,0.500,0.470
763000,0.030,0.587,0.383
763500,0.030,0.560,0.410
764000,0.030,0.541,0.429
764500,0.030,0.551,0.419
765000,0.030,0.550,0.420
765500,0.030,0.527,0.443
766000,0.030,0.578,0.392
766500,0.030,0.538,0.432
767000,0.030,0.534,0.436
767500,0.030,0.636,0.334
768000,0.030,0.449,0.521
768500,0.030,0.605,0.365
769000,0.030,0.556,0.414
769500,0.030,0.539,0.431
770000,0.030,0.575,0.395
770500,0.030,0.545,0.425
771000,0.030,0.521,0.449
771500,0.030,0.513,0.457
772000,0.030,0.600,0.370
772500,0.030,0.614,0.356
773000,0.030,0.510,0.460
773500,0.030,0.558,0.412
774000,0.030,0.377,0.593
774500,0.030,0.569,0.401
775000,0.030,0.595,0.375
775500,0.030,0.485,0.485
776000,0.030,0.573,0.397
776500,0.030,0.637,0.333
777000,0.030,0.522,0.448
777500,0.030,0.632,0.338
778000,0.030,0.524,0.446
778500,0.030,0.598,0.372
779000,0.030,0.520,0.450
779500,0.030,0.625,0.345
780000,0.030,0.585,0.385
780500,0.030,0.615,0.355
781000,0.030,0.645,0.325
781500,0.030,0.496,0.474
782000,0.030,0.597,0.373
782500,0.030,0.604,0.366
783000,0.030,0.554,0.416
783500,0.030,0.616,0.354
784000,0.030,0.512,0.458
784500,0.030,0.604,0.366
785000,0.030,0.688,0.282
785500,0.030,0.641,0.329
786000,0.030,0.639,0.331
786500,0.030,0.493,0.477
787000,0.030,0.513,0.457
787500,0.030,0.500,0.470
788000,0.030,0.476,0.494
788500,0.030,0.634,0.336
789000,0.030,0.660,0.310
789500,0.030,0.597,0.373
790000,0.030,0.643,0.327
790500,0.030,0.508,0.462
791000,0.030,0.423,0.547
791500,0.030,0.454,0.516
792000,0.030,0.363,0.607
792500,0.030,0.559,0.411
793000,0.030,0.535,0.435
793500,0.030,0.438,0.532
794000,0.030,0.548,0.422
794500,0.030,0.682,0.288
795000,0.030,0.539,0.431
795500,0.030,0.685,0.285
796000,0.030,0.536,0.434
796500,0.030,0.562,0.408
797000,0.030,0.680,0.290
797500,0.030,0.550,0.420
798000,0.030,0.346,0.624
798500,0.030,0.547,0.423
799000,0.030,0.665,0.305
799500,0.030,0.530,0.440
800000,0.030,0.619,0.351
800500,0.030,0.549,0.421
801000,0.030,0.589,0.381
801500,0.030,0.612,0.358
802000,0.030,0.525,0.445
802500,0.030,0.510,0.460
803000,0.030,0.574,0.396
803500,0.030,0.662,0.308
804000,0.030,0.475,0.495
804500,0.030,0.627,0.343
805000,0.030,0.691,0.279
805500,0.030,0.633,0.337
806000,0.030,0.494,0.476
806500,0.030,0.346,0.624
807000,0.030,0.408,0.562
807500,0.030,0.567,0.403
808000,0.030,0.544,0.426
808500,0.030,0.492,0.478
809000,0.030,0.506,0.464
809500,0.030,0.616,0.354
810000,0.030,0.541,0.429
810500,0.030,0.598,0.372
811000,0.030,0.556,0.414
811500,0.030,0.520,0.450
812000,0.030,0.502,0.468
812500,0.030,0.484,0.486
813000,0.030,0.531,0.439
813500,0.030,0.523,0.447
814000,0.030,0.526,0.444
814500,0.030,0.667,0.303
815000,0.030,0.529,0.441
815500,0.030,0.609,0.361
816000,0.030,0.608,0.362
816500,0.030,0.589,0.381
817000,0.030,0.496,0.474
817500,0.030,0.593,0.377
818000,0.030,0.557,0.413
818500,0.030,0.424,0.546
819000,0.030,0.511,0.459
819500,0.030,0.560,0.410
820000,0.030,0.622,0.348
820500,0.030,0.620,0.350
821000,0.030,0.638,0.332
821500,0.030,0.549,0.421
822000,0.030,0.643,0.327
822500,0.030,0.616,0.354
823000,0.030,0.607,0.363
823500,0.030,0.668,0.302
824000,0.030,0.675,0.295
824500,0.030,0.612,0.358
825000,0.030,0.708,0.262
825500,0.030,0.456,0.514
826000,0.030,0.642,0.328
826500,0.030,0.404,0.566
827000,0.030,0.631,0.339
827500,0.030,0.745,0.225
828000,0.030,0.451,0.519
828500,0.030,0.529,0.441
829000,0.030,0.561,0.409
829500,0.030,0.707,0.263
830000,0.030,0.546,0.424
830500,0.030,0.627,0.343
831000,0.030,0.567,0.403
831500,0.030,0.566,0.404
832000,0.030,0.549,0.421
832500,0.030,0.563,0.407
833000,0.030,0.475,0.495
833500,0.030,0.471,0.499
834000,0.030,0.508,0.462
834500,0.030,0.543,0.427
835000,0.030,0.556,0.414
835500,0.030,0.658,0.312
836000,0.030,0.628,0.342
836500,0.030,0.554,0.416
837000,0.030,0.515,0.455
837500,0.030,0.614,0.356
838000,0.030,0.512,0.458
838500,0.030,0.444,0.526
839000,0.030,0.518,0.452
839500,0.030,0.470,0.500
840000,0.030,0.465,0.505
840500,0.030,0.609,0.361
841000,0.030,0.659,0.311
841500,0.030,0.481,0.489
842000,0.030,0.674,0.296
842500,0.030,0.563,0.407
843000,0.030,0.528,0.442
843500,0.030,0.465,0.505
844000,0.030,0.497,0.473
844500,0.030,0.478,0.492
845000,0.030,0.591,0.379
845500,0.030,0.589,0.381
846000,0.030,0.593,0.377
846500,0.030,0.542,0.428
847000,0.030,0.553,0.417
847500,0.030,0.536,0.434
848000,0.030,0.624,0.346
848500,0.030,0.644,0.326
849000,0.030,0.519,0.451
849500,0.030,0.581,0.389
850000,0.030,0.574,0.396
850500,0.030,0.598,0.372
851000,0.030,0.524,0.446
851500,0.030,0.598,0.372
852000,0.030,0.521,0.449
852500,0.030,0.556,0.414
853000,0.030,0.616,0.354
853500,0.030,0.405,0.565
854000,0.035,0.320,0.645
854500,0.031,0.436,0.533
855000,0.030,0.466,0.504
855500,0.030,0.541,0.429
856000,0.030,0.602,0.368
856500,0.030,0.623,0.347
857000,0.030,0.467,0.503
857500,0.030,0.664,0.306
858000,0.030,0.629,0.341
858500,0.030,0.543,0.427
859000,0.030,0.504,0.466
859500,0.030,0.465,0.505
860000,0.030,0.428,0.542
860500,0.030,0.534,0.436
861000,0.030,0.465,0.505
861500,0.030,0.430,0.540
862000,0.030,0.532,0.438
862500,0.030,0.449,0.521
863000,0.030,0.594,0.376
863500,0.030,0.597,0.373
864000,0.030,0.530,0.440
864500,0.030,0.609,0.361
865000,0.030,0.624,0.346
865500,0.030,0.638,0.332
866000,0.030,0.642,0.328
866500,0.030,0.393,0.577
867000,0.030,0.504,0.466
867500,0.030,0.574,0.396
868000,0.030,0.471,0.499
868500,0.030,0.619,0.351
869000,0.030,0.630,0.340
869500,0.030,0.506,0.464
870000,0.030,0.542,0.428
870500,0.030,0.556,0.414
871000,0.030,0.574,0.396
871500,0.030,0.595,0.375
872000,0.030,0.622,0.348
872500,0.030,0.474,0.496
873000,0.030,0.670,0.300
873500,0.030,0.412,0.558
874000,0.030,0.398,0.572
874500,0.030,0.532,0.438
875000,0.030,0.592,0.378
875500,0.030,0.439,0.531
876000,0.030,0.692,0.278
876500,0.030,0.617,0.353
877000,0.030,0.503,0.467
877500,0.030,0.418,0.552
878000,0.030,0.407,0.563
878500,0.030,0.394,0.576
879000,0.030,0.323,0.647
879500,0.030,0.523,0.447
880000,0.030,0.565,0.405
880500,0.030,0.540,0.430
881000,0.030,0.538,0.432
881500,0.030,0.521,0.449
882000,0.030,0.472,0.498
882500,0.030,0.497,0.473
883000,0.030,0.573,0.397
883500,0.030,0.554,0.416
884000,0.030,0.451,0.519
884500,0.030,0.563,0.407
885000,0.030,0.565,0.405
885500,0.030,0.474,0.496
886000,0.030,0.546,0.424
886500,0.030,0.675,0.295
887000,0.030,0.675,0.295
887500,0.030,0.622,0.348
888000,0.030,0.416,0.554
888500,0.030,0.476,0.494
889000,0.030,0.430,0.540
889500,0.030,0.576,0.394
890000,0.030,0.471,0.499
890500,0.030,0.489,0.481
891000,0.030,0.499,0.471
891500,0.030,0.569,0.401
892000,0.030,0.575,0.395
892500,0.030,0.529,0.441
893000,0.030,0.452,0.518
893500,0.030,0.444,0.526
894000,0.030,0.513,0.457
894500,0.030,0.651,0.319
895000,0.030,0.631,0.339
895500,0.030,0.567,0.403
896000,0.030,0.502,0.468
896500,0.030,0.713,0.257
897000,0.030,0.681,0.289
897500,0.030,0.425,0.545
898000,0.030,0.494,0.476
898500,0.030,0.515,0.455
899000,0.030,0.416,0.554
899500,0.030,0.535,0.435
900000,0.030,0.536,0.434
900500,0.030,0.457,0.513
901000,0.030,0.517,0.453
901500,0.030,0.407,0.563
902000,0.030,0.534,0.436
902500,0.030,0.683,0.287
903000,0.030,0.511,0.459
903500,0.030,0.518,0.452
904000,0.030,0.526,0.444
904500,0.030,0.573,0.397
905000,0.030,0.625,0.345
905500,0.030,0.583,0.387
906000,0.030,0.548,0.422
906500,0.030,0.556,0.414
907000,0.030,0.600,0.370
907500,0.030,0.571,0.399
908000,0.030,0.580,0.390
908500,0.030,0.651,0.319
909000,0.030,0.605,0.365
909500,0.030,0.517,0.453
910000,0.030,0.540,0.430
910500,0.030,0.611,0.359
911000,0.030,0.602,0.368
911500,0.030,0.501,0.469
912000,0.030,0.670,0.300
912500,0.030,0.545,0.425
913000,0.030,0.467,0.503
913500,0.030,0.629,0.341
914000,0.030,0.480,0.490
914500,0.030,0.534,0.436
915000,0.030,0.518,0.452
915500,0.030,0.527,0.443
916000,0.030,0.577,0.393
916500,0.030,0.632,0.338
917000,0.030,0.536,0.434
917500,0.030,0.564,0.406
918000,0.030,0.519,0.451
918500,0.030,0.479,0.491
919000,0.030,0.576,0.394
919500,0.030,0.460,0.510
920000,0.030,0.567,0.403
920500,0.030,0.318,0.652
921000,0.030,0.492,0.478
921500,0.030,0.481,0.489
922000,0.030,0.545,0.425
922500,0.030,0.599,0.371
923000,0.030,0.588,0.382
923500,0.030,0.536,0.434
924000,0.030,0.454,0.516
924500,0.030,0.597,0.373
925000,0.030,0.703,0.267
925500,0.030,0.642,0.328
926000,0.030,0.633,0.337
926500,0.030,0.648,0.322
927000,0.030,0.665,0.305
927500,0.030,0.592,0.378
928000,0.030,0.577,0.393
928500,0.030,0.583,0.387
929000,0.030,0.600,0.370
929500,0.030,0.662,0.308
930000,0.030,0.683,0.287
930500,0.030,0.525,0.445
931000,0.030,0.550,0.420
931500,0.030,0.468,0.502
932000,0.030,0.502,0.468
932500,0.030,0.356,0.614
933000,0.030,0.480,0.490
933500,0.030,0.510,0.460
934000,0.030,0.521,0.449
934500,0.030,0.554,0.416
935000,0.030,0.521,0.449
935500,0.030,0.511,0.459
936000,0.030,0.477,0.493
936500,0.030,0.481,0.489
937000,0.030,0.438,0.532
937500,0.030,0.520,0.450
938000,0.030,0.566,0.404
938500,0.030,0.458,0.512
939000,0.030,0.573,0.397
939500,0.030,0.614,0.356
940000,0.030,0.591,0.379
940500,0.030,0.522,0.448
941000,0.030,0.463,0.507
941500,0.030,0.535,0.435
942000,0.030,0.512,0.458
942500,0.030,0.605,0.365
943000,0.030,0.626,0.344
943500,0.030,0.513,0.457
944000,0.030,0.606,0.364
944500,0.030,0.618,0.352
945000,0.030,0.596,0.374
945500,0.030,0.487,0.483
946000,0.030,0.598,0.372
946500,0.030,0.503,0.467
947000,0.030,0.601,0.369
947500,0.030,0.564,0.406
948000,0.030,0.481,0.489
948500,0.030,0.440,0.530
949000,0.030,0.381,0.589
949500,0.030,0.411,0.559
950000,0.030,0.642,0.328
950500,0.030,0.458,0.512
951000,0.031,0.308,0.661
951500,0.030,0.446,0.524
952000,0.030,0.566,0.404
952500,0.030,0.601,0.369
953000,0.030,0.608,0.362
953500,0.030,0.584,0.386
954000,0.030,0.584,0.386
954500,0.030,0.478,0.492
955000,0.030,0.497,0.473
955500,0.030,0.608,0.362
956000,0.030,0.530,0.440
956500,0.030,0.562,0.408
957000,0.030,0.665,0.305
957500,0.030,0.695,0.275
958000,0.030,0.572,0.398
958500,0.030,0.563,0.407
959000,0.030,0.499,0.471
959500,0.030,0.658,0.312
960000,0.030,0.557,0.413
960500,0.030,0.582,0.388
961000,0.030,0.577,0.393
961500,0.030,0.493,0.477
962000,0.030,0.452,0.518
962500,0.030,0.523,0.447
963000,0.030,0.533,0.437
963500,0.030,0.739,0.231
964000,0.030,0.601,0.369
964500,0.030,0.446,0.524
965000,0.030,0.561,0.409
965500,0.030,0.535,0.435
966000,0.030,0.511,0.459
966500,0.030,0.601,0.369
967000,0.030,0.652,0.318
967500,0.030,0.646,0.324
968000,0.030,0.518,0.452
968500,0.030,0.572,0.398
969000,0.030,0.717,0.253
969500,0.030,0.724,0.246
970000,0.030,0.677,0.293
970500,0.030,0.511,0.459
971000,0.030,0.578,0.392
971500,0.030,0.615,0.355
972000,0.030,0.482,0.488
972500,0.030,0.404,0.566
973000,0.030,0.542,0.428
973500,0.030,0.511,0.459
974000,0.030,0.615,0.355
974500,0.030,0.492,0.478
975000,0.030,0.590,0.380
975500,0.030,0.643,0.327
976000,0.030,0.439,0.531
976500,0.030,0.376,0.594
977000,0.030,0.483,0.487
977500,0.030,0.514,0.456
978000,0.030,0.472,0.498
978500,0.030,0.631,0.339
979000,0.030,0.410,0.560
979500,0.030,0.570,0.400
980000,0.030,0.595,0.375
980500,0.030,0.402,0.568
981000,0.030,0.710,0.260
981500,0.030,0.548,0.422
982000,0.030,0.582,0.388
982500,0.030,0.500,0.470
983000,0.030,0.567,0.403
983500,0.030,0.411,0.559
984000,0.030,0.547,0.423
984500,0.030,0.420,0.550
985000,0.030,0.519,0.451
985500,0.030,0.497,0.473
986000,0.030,0.581,0.389
986500,0.030,0.540,0.430
987000,0.030,0.527,0.443
987500,0.030,0.556,0.414
988000,0.030,0.517,0.453
988500,0.030,0.626,0.344
989000,0.030,0.568,0.402
989500,0.030,0.556,0.414
990000,0.030,0.531,0.439
990500,0.030,0.519,0.451
991000,0.030,0.542,0.428
991500,0.030,0.524,0.446
992000,0.030,0.543,0.427
992500,0.030,0.562,0.408
993000,0.030,0.492,0.478
993500,0.030,0.404,0.566
994000,0.030,0.461,0.509
994500,0.030,0.667,0.303
995000,0.030,0.587,0.383
995500,0.030,0.408,0.562
996000,0.030,0.530,0.440
996500,0.030,0.506,0.464
997000,0.030,0.620,0.350
997500,0.030,0.630,0.340
998000,0.030,0.621,0.349
998500,0.030,0.571,0.399
999000,0.030,0.563,0.407
999500,0.030,0.575,0.395
1000000,0.030,0.561,0.409
