time,n_A+p,n_B,n_AB
500,0.030,0.934,0.036
1000,0.030,0.922,0.047
1500,0.030,0.892,0.078
2000,0.030,0.893,0.077
2500,0.030,0.882,0.088
3000,0.030,0.879,0.091
3500,0.030,0.909,0.061
4000,0.030,0.914,0.055
4500,0.030,0.915,0.054
5000,0.030,0.904,0.066
5500,0.030,0.898,0.072
6000,0.030,0.899,0.071
6500,0.030,0.902,0.068
7000,0.030,0.898,0.072
7500,0.030,0.900,0.070
8000,0.030,0.896,0.074
8500,0.030,0.890,0.080
9000,0.030,0.894,0.076
9500,0.030,0.898,0.072
10000,0.030,0.892,0.078
10500,0.030,0.882,0.088
11000,0.030,0.887,0.083
11500,0.030,0.879,0.091
12000,0.030,0.871,0.099
12500,0.030,0.885,0.085
13000,0.030,0.879,0.091
13500,0.030,0.872,0.098
14000,0.030,0.847,0.123
14500,0.030,0.857,0.113
15000,0.030,0.870,0.100
15500,0.030,0.867,0.103
16000,0.030,0.846,0.124
16500,0.030,0.859,0.111
17000,0.030,0.859,0.111
17500,0.030,0.867,0.103
18000,0.030,0.889,0.081
18500,0.030,0.872,0.098
19000,0.030,0.876,0.094
19500,0.030,0.908,0.061
20000,0.030,0.906,0.064
20500,0.030,0.882,0.088
21000,0.030,0.884,0.086
21500,0.030,0.897,0.073
22000,0.030,0.908,0.062
22500,0.030,0.914,0.056
23000,0.030,0.914,0.055
23500,0.030,0.891,0.079
24000,0.030,0.919,0.051
24500,0.030,0.920,0.050
25000,0.030,0.910,0.059
25500,0.030,0.881,0.089
26000,0.030,0.902,0.068
26500,0.030,0.910,0.059
27000,0.030,0.906,0.064
27500,0.030,0.897,0.073
28000,0.030,0.886,0.084
28500,0.030,0.897,0.073
29000,0.030,0.894,0.076
29500,0.030,0.888,0.082
30000,0.030,0.859,0.111
30500,0.030,0.867,0.103
31000,0.030,0.872,0.098
31500,0.030,0.874,0.096
32000,0.030,0.864,0.106
32500,0.030,0.888,0.082
33000,0.030,0.886,0.084
33500,0.030,0.872,0.098
34000,0.030,0.909,0.061
34500,0.030,0.897,0.073
35000,0.030,0.897,0.073
35500,0.030,0.911,0.059
36000,0.030,0.918,0.052
36500,0.030,0.919,0.051
37000,0.030,0.909,0.061
37500,0.030,0.891,0.079
38000,0.030,0.902,0.068
38500,0.030,0.902,0.068
39000,0.030,0.903,0.067
39500,0.030,0.900,0.070
40000,0.030,0.886,0.084
40500,0.030,0.865,0.105
41000,0.030,0.906,0.064
41500,0.030,0.920,0.050
42000,0.030,0.912,0.057
42500,0.030,0.920,0.050
43000,0.030,0.918,0.051
43500,0.030,0.905,0.065
44000,0.030,0.892,0.078
44500,0.030,0.889,0.081
45000,0.030,0.910,0.059
45500,0.030,0.905,0.065
46000,0.030,0.904,0.066
46500,0.030,0.911,0.058
47000,0.030,0.906,0.064
47500,0.030,0.898,0.072
48000,0.030,0.894,0.076
48500,0.030,0.903,0.067
49000,0.030,0.890,0.080
49500,0.030,0.895,0.075
50000,0.030,0.868,0.102
50500,0.030,0.891,0.079
51000,0.030,0.876,0.094
51500,0.030,0.874,0.096
52000,0.030,0.869,0.101
52500,0.030,0.866,0.104
53000,0.030,0.884,0.086
53500,0.030,0.885,0.085
54000,0.030,0.895,0.075
54500,0.030,0.884,0.086
55000,0.030,0.875,0.095
55500,0.030,0.891,0.079
56000,0.030,0.902,0.068
56500,0.030,0.903,0.067
57000,0.030,0.891,0.079
57500,0.030,0.863,0.107
58000,0.030,0.889,0.081
58500,0.030,0.919,0.051
59000,0.030,0.923,0.047
59500,0.030,0.898,0.072
60000,0.030,0.870,0.100
60500,0.030,0.858,0.112
61000,0.030,0.874,0.096
61500,0.030,0.877,0.093
62000,0.030,0.878,0.092
62500,0.030,0.885,0.085
63000,0.030,0.891,0.079
63500,0.030,0.885,0.085
64000,0.030,0.855,0.115
64500,0.030,0.880,0.090
65000,0.030,0.886,0.084
65500,0.030,0.885,0.085
66000,0.030,0.882,0.088
66500,0.030,0.893,0.077
67000,0.030,0.864,0.106
67500,0.030,0.885,0.085
68000,0.030,0.896,0.074
68500,0.030,0.882,0.088
69000,0.030,0.893,0.077
69500,0.030,0.911,0.059
70000,0.030,0.898,0.072
70500,0.030,0.877,0.093
71000,0.030,0.886,0.084
71500,0.030,0.899,0.071
72000,0.030,0.891,0.079
72500,0.030,0.870,0.100
73000,0.030,0.887,0.083
73500,0.030,0.888,0.082
74000,0.030,0.881,0.089
74500,0.030,0.882,0.088
75000,0.030,0.851,0.119
75500,0.030,0.859,0.111
76000,0.030,0.869,0.101
76500,0.030,0.889,0.081
77000,0.030,0.908,0.061
77500,0.030,0.901,0.069
78000,0.030,0.881,0.089
78500,0.030,0.877,0.093
79000,0.030,0.889,0.081
79500,0.030,0.896,0.074
80000,0.030,0.889,0.081
80500,0.030,0.884,0.086
81000,0.030,0.882,0.088
81500,0.030,0.886,0.084
82000,0.030,0.912,0.058
82500,0.030,0.898,0.072
83000,0.030,0.892,0.078
83500,0.030,0.906,0.064
84000,0.030,0.884,0.086
84500,0.030,0.885,0.085
85000,0.030,0.875,0.095
85500,0.030,0.878,0.092
86000,0.030,0.877,0.093
86500,0.030,0.878,0.092
87000,0.030,0.868,0.102
87500,0.030,0.892,0.078
88000,0.030,0.872,0.098
88500,0.030,0.891,0.079
89000,0.030,0.897,0.073
89500,0.030,0.866,0.104
90000,0.030,0.886,0.084
90500,0.030,0.894,0.076
91000,0.030,0.891,0.079
91500,0.030,0.895,0.075
92000,0.030,0.907,0.063
92500,0.030,0.914,0.055
93000,0.030,0.909,0.061
93500,0.030,0.896,0.074
94000,0.030,0.897,0.073
94500,0.030,0.889,0.081
95000,0.030,0.906,0.064
95500,0.030,0.901,0.069
96000,0.030,0.910,0.060
96500,0.030,0.905,0.065
97000,0.030,0.908,0.061
97500,0.030,0.924,0.046
98000,0.030,0.909,0.061
98500,0.030,0.894,0.076
99000,0.030,0.909,0.060
99500,0.030,0.915,0.055
100000,0.030,0.904,0.066
100500,0.030,0.890,0.080
101000,0.030,0.889,0.081
101500,0.030,0.897,0.073
102000,0.030,0.894,0.076
102500,0.030,0.889,0.081
103000,0.030,0.884,0.086
103500,0.030,0.900,0.070
104000,0.030,0.907,0.062
104500,0.030,0.907,0.063
105000,0.030,0.908,0.061
105500,0.030,0.903,0.067
106000,0.030,0.879,0.091
106500,0.030,0.879,0.091
107000,0.030,0.850,0.120
107500,0.030,0.885,0.085
108000,0.030,0.891,0.079
108500,0.030,0.889,0.081
109000,0.030,0.879,0.091
109500,0.030,0.865,0.105
110000,0.030,0.880,0.090
110500,0.030,0.887,0.083
111000,0.030,0.871,0.099
111500,0.030,0.901,0.069
112000,0.030,0.893,0.077
112500,0.030,0.864,0.106
113000,0.030,0.886,0.084
113500,0.030,0.903,0.067
114000,0.030,0.895,0.075
114500,0.030,0.890,0.080
115000,0.030,0.886,0.084
115500,0.030,0.878,0.092
116000,0.030,0.870,0.100
116500,0.030,0.856,0.114
117000,0.030,0.860,0.110
117500,0.030,0.874,0.096
118000,0.030,0.898,0.072
118500,0.030,0.895,0.075
119000,0.030,0.894,0.076
119500,0.030,0.877,0.093
120000,0.030,0.897,0.073
120500,0.030,0.902,0.068
121000,0.030,0.881,0.089
121500,0.030,0.843,0.127
122000,0.030,0.837,0.133
122500,0.030,0.878,0.092
123000,0.030,0.892,0.078
123500,0.030,0.901,0.069
124000,0.030,0.899,0.071
124500,0.030,0.911,0.058
125000,0.030,0.904,0.066
125500,0.030,0.912,0.058
126000,0.030,0.890,0.080
126500,0.030,0.885,0.085
127000,0.030,0.899,0.071
127500,0.030,0.872,0.098
128000,0.030,0.892,0.078
128500,0.030,0.892,0.078
129000,0.030,0.896,0.074
129500,0.030,0.904,0.066
130000,0.030,0.914,0.055
130500,0.030,0.898,0.072
131000,0.030,0.895,0.075
131500,0.030,0.900,0.070
132000,0.030,0.887,0.083
132500,0.030,0.887,0.083
133000,0.030,0.900,0.070
133500,0.030,0.913,0.057
134000,0.030,0.919,0.051
134500,0.030,0.899,0.071
135000,0.030,0.914,0.056
135500,0.030,0.925,0.044
136000,0.030,0.911,0.058
136500,0.030,0.906,0.064
137000,0.030,0.898,0.072
137500,0.030,0.904,0.066
138000,0.030,0.917,0.053
138500,0.030,0.885,0.085
139000,0.030,0.902,0.068
139500,0.030,0.893,0.077
140000,0.030,0.904,0.066
140500,0.030,0.905,0.065
141000,0.030,0.908,0.062
141500,0.030,0.878,0.092
142000,0.030,0.872,0.098
142500,0.030,0.907,0.063
143000,0.030,0.899,0.071
143500,0.030,0.880,0.090
144000,0.030,0.872,0.098
144500,0.030,0.869,0.101
145000,0.030,0.883,0.087
145500,0.030,0.878,0.092
146000,0.030,0.864,0.106
146500,0.030,0.847,0.123
147000,0.030,0.863,0.107
147500,0.030,0.873,0.097
148000,0.030,0.885,0.085
148500,0.030,0.880,0.090
149000,0.030,0.848,0.122
149500,0.030,0.873,0.097
150000,0.030,0.877,0.093
150500,0.030,0.895,0.075
151000,0.030,0.888,0.082
151500,0.030,0.897,0.073
152000,0.030,0.869,0.101
152500,0.030,0.862,0.108
153000,0.030,0.866,0.104
153500,0.030,0.894,0.076
154000,0.030,0.892,0.078
154500,0.030,0.891,0.079
155000,0.030,0.906,0.064
155500,0.030,0.915,0.054
156000,0.030,0.900,0.070
156500,0.030,0.902,0.068
157000,0.030,0.893,0.077
157500,0.030,0.878,0.092
158000,0.030,0.864,0.106
158500,0.030,0.855,0.115
159000,0.030,0.856,0.114
159500,0.030,0.856,0.114
160000,0.030,0.862,0.108
160500,0.030,0.870,0.100
161000,0.030,0.892,0.078
161500,0.030,0.890,0.080
162000,0.030,0.900,0.070
162500,0.030,0.895,0.075
163000,0.030,0.890,0.080
163500,0.030,0.905,0.065
164000,0.030,0.893,0.077
164500,0.030,0.910,0.060
165000,0.030,0.895,0.075
165500,0.030,0.886,0.084
166000,0.030,0.891,0.079
166500,0.030,0.884,0.086
167000,0.030,0.878,0.092
167500,0.030,0.897,0.073
168000,0.030,0.879,0.091
168500,0.030,0.880,0.090
169000,0.030,0.865,0.105
169500,0.030,0.914,0.055
170000,0.030,0.918,0.051
170500,0.030,0.876,0.094
171000,0.030,0.888,0.082
171500,0.030,0.883,0.087
172000,0.030,0.886,0.084
172500,0.030,0.902,0.068
173000,0.030,0.885,0.085
173500,0.030,0.886,0.084
174000,0.030,0.876,0.094
174500,0.030,0.873,0.097
175000,0.030,0.879,0.091
175500,0.030,0.899,0.071
176000,0.030,0.892,0.078
176500,0.030,0.899,0.071
177000,0.030,0.897,0.073
177500,0.030,0.894,0.076
178000,0.030,0.905,0.065
178500,0.030,0.904,0.066
179000,0.030,0.906,0.064
179500,0.030,0.903,0.067
180000,0.030,0.905,0.065
180500,0.030,0.908,0.061
181000,0.030,0.903,0.067
181500,0.030,0.893,0.077
182000,0.030,0.893,0.077
182500,0.030,0.883,0.087
183000,0.030,0.875,0.095
183500,0.030,0.885,0.085
184000,0.030,0.892,0.078
184500,0.030,0.897,0.073
185000,0.030,0.901,0.069
185500,0.030,0.898,0.072
186000,0.030,0.893,0.077
186500,0.030,0.885,0.085
187000,0.030,0.909,0.060
187500,0.030,0.896,0.074
188000,0.030,0.905,0.065
188500,0.030,0.886,0.084
189000,0.030,0.881,0.089
189500,0.030,0.861,0.109
190000,0.030,0.883,0.087
190500,0.030,0.891,0.079
191000,0.030,0.909,0.060
191500,0.030,0.911,0.059
192000,0.030,0.881,0.089
192500,0.030,0.877,0.093
193000,0.030,0.896,0.074
193500,0.030,0.897,0.073
194000,0.030,0.887,0.083
194500,0.030,0.879,0.091
195000,0.030,0.882,0.088
195500,0.030,0.881,0.089
196000,0.030,0.892,0.078
196500,0.030,0.894,0.076
197000,0.030,0.890,0.080
197500,0.030,0.879,0.091
198000,0.030,0.891,0.079
198500,0.030,0.884,0.086
199000,0.030,0.884,0.086
199500,0.030,0.880,0.090
200000,0.030,0.878,0.092
200500,0.030,0.884,0.086
201000,0.030,0.852,0.118
201500,0.030,0.870,0.100
202000,0.030,0.895,0.075
202500,0.030,0.894,0.076
203000,0.030,0.884,0.086
203500,0.030,0.892,0.078
204000,0.030,0.903,0.067
204500,0.030,0.900,0.070
205000,0.030,0.884,0.086
205500,0.030,0.886,0.084
206000,0.030,0.877,0.093
206500,0.030,0.862,0.108
207000,0.030,0.865,0.105
207500,0.030,0.869,0.101
208000,0.030,0.871,0.099
208500,0.030,0.884,0.086
209000,0.030,0.872,0.098
209500,0.030,0.868,0.102
210000,0.030,0.847,0.123
210500,0.030,0.892,0.078
211000,0.030,0.888,0.082
211500,0.030,0.916,0.054
212000,0.030,0.904,0.066
212500,0.030,0.913,0.057
213000,0.030,0.907,0.063
213500,0.030,0.893,0.077
214000,0.030,0.901,0.069
214500,0.030,0.901,0.069
215000,0.030,0.896,0.074
215500,0.030,0.883,0.087
216000,0.030,0.888,0.082
216500,0.030,0.864,0.106
217000,0.030,0.867,0.103
217500,0.030,0.849,0.121
218000,0.030,0.872,0.098
218500,0.030,0.877,0.093
219000,0.030,0.860,0.110
219500,0.030,0.879,0.091
220000,0.030,0.882,0.088
220500,0.030,0.875,0.095
221000,0.030,0.872,0.098
221500,0.030,0.876,0.094
222000,0.030,0.901,0.069
222500,0.030,0.898,0.072
223000,0.030,0.910,0.060
223500,0.030,0.894,0.076
224000,0.030,0.892,0.078
224500,0.030,0.897,0.073
225000,0.030,0.901,0.069
225500,0.030,0.876,0.094
226000,0.030,0.899,0.071
226500,0.030,0.905,0.065
227000,0.030,0.880,0.090
227500,0.030,0.872,0.098
228000,0.030,0.889,0.081
228500,0.030,0.884,0.086
229000,0.030,0.874,0.096
229500,0.030,0.883,0.087
230000,0.030,0.882,0.088
230500,0.030,0.899,0.071
231000,0.030,0.904,0.066
231500,0.030,0.891,0.079
232000,0.030,0.894,0.076
232500,0.030,0.897,0.073
233000,0.030,0.877,0.093
233500,0.030,0.881,0.089
234000,0.030,0.863,0.107
234500,0.030,0.874,0.096
235000,0.030,0.893,0.077
235500,0.030,0.878,0.092
236000,0.030,0.893,0.077
236500,0.030,0.866,0.104
237000,0.030,0.893,0.077
237500,0.030,0.904,0.066
238000,0.030,0.906,0.064
238500,0.030,0.904,0.066
239000,0.030,0.888,0.082
239500,0.030,0.896,0.074
240000,0.030,0.874,0.096
240500,0.030,0.885,0.085
241000,0.030,0.885,0.085
241500,0.030,0.886,0.084
242000,0.030,0.905,0.065
242500,0.030,0.881,0.089
243000,0.030,0.882,0.088
243500,0.030,0.889,0.081
244000,0.030,0.900,0.070
244500,0.030,0.915,0.054
245000,0.030,0.938,0.032
245500,0.030,0.925,0.044
246000,0.030,0.902,0.068
246500,0.030,0.911,0.058
247000,0.030,0.910,0.059
247500,0.030,0.892,0.078
248000,0.030,0.910,0.059
248500,0.030,0.898,0.072
249000,0.030,0.894,0.076
249500,0.030,0.896,0.074
250000,0.030,0.901,0.069
250500,0.030,0.901,0.069
251000,0.030,0.893,0.077
251500,0.030,0.882,0.088
252000,0.030,0.864,0.106
252500,0.030,0.874,0.096
253000,0.030,0.886,0.084
253500,0.030,0.879,0.091
254000,0.030,0.895,0.075
254500,0.030,0.876,0.094
255000,0.030,0.880,0.090
255500,0.030,0.871,0.099
256000,0.030,0.887,0.083
256500,0.030,0.905,0.065
257000,0.030,0.916,0.054
257500,0.030,0.904,0.066
258000,0.030,0.883,0.087
258500,0.030,0.901,0.069
259000,0.030,0.892,0.078
259500,0.030,0.900,0.070
260000,0.030,0.902,0.068
260500,0.030,0.921,0.048
261000,0.030,0.905,0.065
261500,0.030,0.874,0.096
262000,0.030,0.878,0.092
262500,0.030,0.878,0.092
263000,0.030,0.870,0.100
263500,0.030,0.870,0.100
264000,0.030,0.879,0.091
264500,0.030,0.876,0.094
265000,0.030,0.858,0.112
265500,0.030,0.876,0.094
266000,0.030,0.890,0.080
266500,0.030,0.887,0.083
267000,0.030,0.902,0.068
267500,0.030,0.911,0.058
268000,0.030,0.931,0.038
268500,0.030,0.926,0.044
269000,0.030,0.894,0.076
269500,0.030,0.908,0.062
270000,0.030,0.908,0.062
270500,0.030,0.907,0.062
271000,0.030,0.899,0.071
271500,0.030,0.909,0.061
272000,0.030,0.889,0.081
272500,0.030,0.904,0.066
273000,0.030,0.887,0.083
273500,0.030,0.885,0.085
274000,0.030,0.882,0.088
274500,0.030,0.888,0.082
275000,0.030,0.887,0.083
275500,0.030,0.903,0.067
276000,0.030,0.916,0.054
276500,0.030,0.904,0.066
277000,0.030,0.924,0.046
277500,0.030,0.896,0.074
278000,0.030,0.908,0.061
278500,0.030,0.881,0.089
279000,0.030,0.894,0.076
279500,0.030,0.883,0.087
280000,0.030,0.894,0.076
280500,0.030,0.907,0.062
281000,0.030,0.913,0.057
281500,0.030,0.915,0.054
282000,0.030,0.897,0.073
282500,0.030,0.885,0.085
283000,0.030,0.878,0.092
283500,0.030,0.873,0.097
284000,0.030,0.890,0.080
284500,0.030,0.885,0.085
285000,0.030,0.875,0.095
285500,0.030,0.877,0.093
286000,0.030,0.901,0.069
286500,0.030,0.909,0.061
287000,0.030,0.895,0.075
287500,0.030,0.895,0.075
288000,0.030,0.897,0.073
288500,0.030,0.925,0.044
289000,0.030,0.921,0.048
289500,0.030,0.927,0.042
290000,0.030,0.917,0.053
290500,0.030,0.907,0.063
291000,0.030,0.895,0.075
291500,0.030,0.887,0.083
292000,0.030,0.913,0.056
292500,0.030,0.907,0.063
293000,0.030,0.899,0.071
293500,0.030,0.886,0.084
294000,0.030,0.908,0.062
294500,0.030,0.909,0.061
295000,0.030,0.918,0.052
295500,0.030,0.902,0.068
296000,0.030,0.902,0.068
296500,0.030,0.913,0.057
297000,0.030,0.909,0.061
297500,0.030,0.901,0.069
298000,0.030,0.891,0.079
298500,0.030,0.904,0.066
299000,0.030,0.899,0.071
299500,0.030,0.903,0.067
300000,0.030,0.872,0.098
300500,0.030,0.843,0.127
301000,0.030,0.861,0.109
301500,0.030,0.884,0.086
302000,0.030,0.891,0.079
302500,0.030,0.896,0.074
303000,0.030,0.895,0.075
303500,0.030,0.887,0.083
304000,0.030,0.902,0.068
304500,0.030,0.889,0.081
305000,0.030,0.904,0.066
305500,0.030,0.897,0.073
306000,0.030,0.883,0.087
306500,0.030,0.878,0.092
307000,0.030,0.879,0.091
307500,0.030,0.871,0.099
308000,0.030,0.892,0.078
308500,0.030,0.869,0.101
309000,0.030,0.898,0.072
309500,0.030,0.906,0.064
310000,0.030,0.914,0.055
310500,0.030,0.919,0.050
311000,0.030,0.930,0.040
311500,0.030,0.914,0.056
312000,0.030,0.922,0.048
312500,0.030,0.907,0.063
313000,0.030,0.897,0.073
313500,0.030,0.893,0.077
314000,0.030,0.890,0.080
314500,0.030,0.879,0.091
315000,0.030,0.887,0.083
315500,0.030,0.904,0.066
316000,0.030,0.904,0.066
316500,0.030,0.896,0.074
317000,0.030,0.917,0.052
317500,0.030,0.914,0.055
318000,0.030,0.911,0.059
318500,0.030,0.899,0.071
319000,0.030,0.890,0.080
319500,0.030,0.882,0.088
320000,0.030,0.887,0.083
320500,0.030,0.870,0.100
321000,0.030,0.888,0.082
321500,0.030,0.884,0.086
322000,0.030,0.896,0.074
322500,0.030,0.899,0.071
323000,0.030,0.897,0.073
323500,0.030,0.902,0.068
324000,0.030,0.896,0.074
324500,0.030,0.906,0.064
325000,0.030,0.907,0.063
325500,0.030,0.902,0.068
326000,0.030,0.894,0.076
326500,0.030,0.879,0.091
327000,0.030,0.893,0.077
327500,0.030,0.905,0.065
328000,0.030,0.897,0.073
328500,0.030,0.898,0.072
329000,0.030,0.893,0.077
329500,0.030,0.889,0.081
330000,0.030,0.908,0.061
330500,0.030,0.907,0.062
331000,0.030,0.929,0.041
331500,0.030,0.925,0.045
332000,0.030,0.911,0.058
332500,0.030,0.933,0.037
333000,0.030,0.925,0.044
333500,0.030,0.926,0.043
334000,0.030,0.913,0.057
334500,0.030,0.905,0.065
335000,0.030,0.916,0.053
335500,0.030,0.906,0.064
336000,0.030,0.908,0.061
336500,0.030,0.920,0.049
337000,0.030,0.900,0.070
337500,0.030,0.911,0.059
338000,0.030,0.918,0.052
338500,0.030,0.900,0.070
339000,0.030,0.887,0.083
339500,0.030,0.875,0.095
340000,0.030,0.879,0.091
340500,0.030,0.886,0.084
341000,0.030,0.864,0.106
341500,0.030,0.848,0.122
342000,0.030,0.853,0.117
342500,0.030,0.874,0.096
343000,0.030,0.863,0.107
343500,0.030,0.880,0.090
344000,0.030,0.870,0.100
344500,0.030,0.883,0.087
345000,0.030,0.900,0.070
345500,0.030,0.884,0.086
346000,0.030,0.885,0.085
346500,0.030,0.876,0.094
347000,0.030,0.899,0.071
347500,0.030,0.899,0.071
348000,0.030,0.879,0.091
348500,0.030,0.873,0.097
349000,0.030,0.871,0.099
349500,0.030,0.880,0.090
350000,0.030,0.890,0.080
350500,0.030,0.889,0.081
351000,0.030,0.900,0.070
351500,0.030,0.899,0.071
352000,0.030,0.893,0.077
352500,0.030,0.896,0.074
353000,0.030,0.901,0.069
353500,0.030,0.895,0.075
354000,0.030,0.881,0.089
354500,0.030,0.894,0.076
355000,0.030,0.885,0.085
355500,0.030,0.901,0.069
356000,0.030,0.870,0.100
356500,0.030,0.895,0.075
357000,0.030,0.885,0.085
357500,0.030,0.873,0.097
358000,0.030,0.881,0.089
358500,0.030,0.890,0.080
359000,0.030,0.869,0.101
359500,0.030,0.883,0.087
360000,0.030,0.873,0.097
360500,0.030,0.881,0.089
361000,0.030,0.888,0.082
361500,0.030,0.893,0.077
362000,0.030,0.896,0.074
362500,0.030,0.910,0.060
363000,0.030,0.897,0.073
363500,0.030,0.881,0.089
364000,0.030,0.898,0.072
364500,0.030,0.896,0.074
365000,0.030,0.883,0.087
365500,0.030,0.895,0.075
366000,0.030,0.890,0.080
366500,0.030,0.900,0.070
367000,0.030,0.906,0.064
367500,0.030,0.887,0.083
368000,0.030,0.891,0.079
368500,0.030,0.909,0.061
369000,0.030,0.913,0.057
369500,0.030,0.925,0.044
370000,0.030,0.921,0.048
370500,0.030,0.897,0.073
371000,0.030,0.888,0.082
371500,0.030,0.889,0.081
372000,0.030,0.904,0.066
372500,0.030,0.913,0.056
373000,0.030,0.912,0.057
373500,0.030,0.892,0.078
374000,0.030,0.880,0.090
374500,0.030,0.864,0.106
375000,0.030,0.874,0.096
375500,0.030,0.886,0.084
376000,0.030,0.899,0.071
376500,0.030,0.899,0.071
377000,0.030,0.871,0.099
377500,0.030,0.889,0.081
378000,0.030,0.864,0.106
378500,0.030,0.878,0.092
379000,0.030,0.890,0.080
379500,0.030,0.897,0.073
380000,0.030,0.893,0.077
380500,0.030,0.899,0.071
381000,0.030,0.905,0.065
381500,0.030,0.901,0.069
382000,0.030,0.884,0.086
382500,0.030,0.881,0.089
383000,0.030,0.852,0.118
383500,0.030,0.873,0.097
384000,0.030,0.852,0.118
384500,0.030,0.860,0.110
385000,0.030,0.889,0.081
385500,0.030,0.915,0.054
386000,0.030,0.915,0.054
386500,0.030,0.911,0.058
387000,0.030,0.898,0.072
387500,0.030,0.904,0.066
388000,0.030,0.906,0.064
388500,0.030,0.900,0.070
389000,0.030,0.903,0.067
389500,0.030,0.893,0.077
390000,0.030,0.897,0.073
390500,0.030,0.901,0.069
391000,0.030,0.916,0.053
391500,0.030,0.919,0.050
392000,0.030,0.915,0.055
392500,0.030,0.909,0.061
393000,0.030,0.893,0.077
393500,0.030,0.900,0.070
394000,0.030,0.913,0.057
394500,0.030,0.898,0.072
395000,0.030,0.920,0.049
395500,0.030,0.920,0.050
396000,0.030,0.897,0.073
396500,0.030,0.902,0.068
397000,0.030,0.896,0.074
397500,0.030,0.886,0.084
398000,0.030,0.893,0.077
398500,0.030,0.889,0.081
399000,0.030,0.896,0.074
399500,0.030,0.866,0.104
400000,0.030,0.885,0.085
400500,0.030,0.875,0.095
401000,0.030,0.886,0.084
401500,0.030,0.896,0.074
402000,0.030,0.879,0.091
402500,0.030,0.880,0.090
403000,0.030,0.897,0.073
403500,0.030,0.903,0.067
404000,0.030,0.911,0.059
404500,0.030,0.903,0.067
405000,0.030,0.904,0.066
405500,0.030,0.902,0.068
406000,0.030,0.921,0.049
406500,0.030,0.903,0.067
407000,0.030,0.892,0.078
407500,0.030,0.905,0.065
408000,0.030,0.907,0.063
408500,0.030,0.904,0.066
409000,0.030,0.882,0.088
409500,0.030,0.900,0.070
410000,0.030,0.889,0.081
410500,0.030,0.897,0.073
411000,0.030,0.903,0.067
411500,0.030,0.885,0.085
412000,0.030,0.878,0.092
412500,0.030,0.897,0.073
413000,0.030,0.905,0.065
413500,0.030,0.912,0.058
414000,0.030,0.899,0.071
414500,0.030,0.925,0.045
415000,0.030,0.906,0.064
415500,0.030,0.896,0.074
416000,0.030,0.893,0.077
416500,0.030,0.893,0.077
417000,0.030,0.890,0.080
417500,0.030,0.883,0.087
418000,0.030,0.898,0.072
418500,0.030,0.907,0.063
419000,0.030,0.896,0.074
419500,0.030,0.863,0.107
420000,0.030,0.867,0.103
420500,0.030,0.874,0.096
421000,0.030,0.851,0.119
421500,0.030,0.861,0.109
422000,0.030,0.871,0.099
422500,0.030,0.870,0.100
423000,0.030,0.877,0.093
423500,0.030,0.873,0.097
424000,0.030,0.877,0.093
424500,0.030,0.900,0.070
425000,0.030,0.888,0.082
425500,0.030,0.892,0.078
426000,0.030,0.877,0.093
426500,0.030,0.879,0.091
427000,0.030,0.882,0.088
427500,0.030,0.883,0.087
428000,0.030,0.910,0.059
428500,0.030,0.911,0.059
429000,0.030,0.902,0.068
429500,0.030,0.891,0.079
430000,0.030,0.899,0.071
430500,0.030,0.883,0.087
431000,0.030,0.881,0.089
431500,0.030,0.884,0.086
432000,0.030,0.887,0.083
432500,0.030,0.901,0.069
433000,0.030,0.877,0.093
433500,0.030,0.894,0.076
434000,0.030,0.901,0.069
434500,0.030,0.891,0.079
435000,0.030,0.893,0.077
435500,0.030,0.905,0.065
436000,0.030,0.911,0.059
436500,0.030,0.905,0.065
437000,0.030,0.893,0.077
437500,0.030,0.877,0.093
438000,0.030,0.862,0.108
438500,0.030,0.875,0.095
439000,0.030,0.885,0.085
439500,0.030,0.895,0.075
440000,0.030,0.901,0.069
440500,0.030,0.915,0.054
441000,0.030,0.909,0.060
441500,0.030,0.896,0.074
442000,0.030,0.907,0.062
442500,0.030,0.906,0.064
443000,0.030,0.921,0.049
443500,0.030,0.914,0.055
444000,0.030,0.908,0.061
444500,0.030,0.903,0.067
445000,0.030,0.884,0.086
445500,0.030,0.878,0.092
446000,0.030,0.884,0.086
446500,0.030,0.864,0.106
447000,0.030,0.880,0.090
447500,0.030,0.895,0.075
448000,0.030,0.866,0.104
448500,0.030,0.894,0.076
449000,0.030,0.911,0.059
449500,0.030,0.907,0.062
450000,0.030,0.905,0.065
450500,0.030,0.875,0.095
451000,0.030,0.886,0.084
451500,0.030,0.875,0.095
452000,0.030,0.892,0.078
452500,0.030,0.865,0.105
453000,0.030,0.863,0.107
453500,0.030,0.879,0.091
454000,0.030,0.904,0.066
454500,0.030,0.897,0.073
455000,0.030,0.914,0.056
455500,0.030,0.924,0.045
456000,0.030,0.925,0.044
456500,0.030,0.916,0.053
457000,0.030,0.911,0.058
457500,0.030,0.909,0.060
458000,0.030,0.895,0.075
458500,0.030,0.874,0.096
459000,0.030,0.887,0.083
459500,0.030,0.894,0.076
460000,0.030,0.879,0.091
460500,0.030,0.873,0.097
461000,0.030,0.879,0.091
461500,0.030,0.873,0.097
462000,0.030,0.884,0.086
462500,0.030,0.880,0.090
463000,0.030,0.879,0.091
463500,0.030,0.892,0.078
464000,0.030,0.887,0.083
464500,0.030,0.894,0.076
465000,0.030,0.861,0.109
465500,0.030,0.879,0.091
466000,0.030,0.869,0.101
466500,0.030,0.892,0.078
467000,0.030,0.917,0.053
467500,0.030,0.917,0.052
468000,0.030,0.897,0.073
468500,0.030,0.910,0.060
469000,0.030,0.903,0.067
469500,0.030,0.909,0.060
470000,0.030,0.890,0.080
470500,0.030,0.895,0.075
471000,0.030,0.899,0.071
471500,0.030,0.889,0.081
472000,0.030,0.866,0.104
472500,0.030,0.896,0.074
473000,0.030,0.909,0.060
473500,0.030,0.911,0.058
474000,0.030,0.879,0.091
474500,0.030,0.876,0.094
475000,0.030,0.904,0.066
475500,0.030,0.898,0.072
476000,0.030,0.883,0.087
476500,0.030,0.897,0.073
477000,0.030,0.893,0.077
477500,0.030,0.893,0.077
478000,0.030,0.864,0.106
478500,0.030,0.888,0.082
479000,0.030,0.916,0.054
479500,0.030,0.902,0.068
480000,0.030,0.897,0.073
480500,0.030,0.901,0.069
481000,0.030,0.913,0.057
481500,0.030,0.904,0.066
482000,0.030,0.904,0.066
482500,0.030,0.879,0.091
483000,0.030,0.862,0.108
483500,0.030,0.878,0.092
484000,0.030,0.883,0.087
484500,0.030,0.878,0.092
485000,0.030,0.865,0.105
485500,0.030,0.873,0.097
486000,0.030,0.878,0.092
486500,0.030,0.877,0.093
487000,0.030,0.899,0.071
487500,0.030,0.891,0.079
488000,0.030,0.879,0.091
488500,0.030,0.897,0.073
489000,0.030,0.907,0.062
489500,0.030,0.912,0.058
490000,0.030,0.909,0.060
490500,0.030,0.907,0.062
491000,0.030,0.910,0.060
491500,0.030,0.899,0.071
492000,0.030,0.919,0.050
492500,0.030,0.904,0.066
493000,0.030,0.920,0.049
493500,0.030,0.916,0.054
494000,0.030,0.914,0.056
494500,0.030,0.906,0.064
495000,0.030,0.904,0.066
495500,0.030,0.892,0.078
496000,0.030,0.900,0.070
496500,0.030,0.900,0.070
497000,0.030,0.892,0.078
497500,0.030,0.899,0.071
498000,0.030,0.917,0.053
498500,0.030,0.914,0.055
499000,0.030,0.897,0.073
499500,0.030,0.893,0.077
500000,0.030,0.871,0.099
500500,0.030,0.888,0.082
501000,0.030,0.877,0.093
501500,0.030,0.883,0.087
502000,0.030,0.885,0.085
502500,0.030,0.874,0.096
503000,0.030,0.898,0.072
503500,0.030,0.876,0.094
504000,0.030,0.870,0.100
504500,0.030,0.853,0.117
505000,0.030,0.889,0.081
505500,0.030,0.862,0.108
506000,0.030,0.886,0.084
506500,0.030,0.856,0.114
507000,0.030,0.875,0.095
507500,0.030,0.902,0.068
508000,0.030,0.893,0.077
508500,0.030,0.892,0.078
509000,0.030,0.872,0.098
509500,0.030,0.887,0.083
510000,0.030,0.891,0.079
510500,0.030,0.896,0.074
511000,0.030,0.894,0.076
511500,0.030,0.871,0.099
512000,0.030,0.869,0.101
512500,0.030,0.890,0.080
513000,0.030,0.909,0.060
513500,0.030,0.895,0.075
514000,0.030,0.878,0.092
514500,0.030,0.895,0.075
515000,0.030,0.890,0.080
515500,0.030,0.892,0.078
516000,0.030,0.900,0.070
516500,0.030,0.894,0.076
517000,0.030,0.894,0.076
517500,0.030,0.888,0.082
518000,0.030,0.864,0.106
518500,0.030,0.867,0.103
519000,0.030,0.883,0.087
519500,0.030,0.874,0.096
520000,0.030,0.873,0.097
520500,0.030,0.879,0.091
521000,0.030,0.886,0.084
521500,0.030,0.886,0.084
522000,0.030,0.886,0.084
522500,0.030,0.863,0.107
523000,0.030,0.873,0.097
523500,0.030,0.867,0.103
524000,0.030,0.850,0.120
524500,0.030,0.852,0.118
525000,0.030,0.871,0.099
525500,0.030,0.881,0.089
526000,0.030,0.894,0.076
526500,0.030,0.891,0.079
527000,0.030,0.880,0.090
527500,0.030,0.867,0.103
528000,0.030,0.885,0.085
528500,0.030,0.914,0.056
529000,0.030,0.904,0.066
529500,0.030,0.880,0.090
530000,0.030,0.909,0.060
530500,0.030,0.898,0.072
531000,0.030,0.900,0.070
531500,0.030,0.895,0.075
532000,0.030,0.894,0.076
532500,0.030,0.894,0.076
533000,0.030,0.897,0.073
533500,0.030,0.910,0.060
534000,0.030,0.902,0.068
534500,0.030,0.904,0.066
535000,0.030,0.913,0.057
535500,0.030,0.879,0.091
536000,0.030,0.896,0.074
536500,0.030,0.912,0.058
537000,0.030,0.905,0.065
537500,0.030,0.911,0.059
538000,0.030,0.897,0.073
538500,0.030,0.901,0.069
539000,0.030,0.901,0.069
539500,0.030,0.885,0.085
540000,0.030,0.877,0.093
540500,0.030,0.884,0.086
541000,0.030,0.913,0.057
541500,0.030,0.892,0.078
542000,0.030,0.899,0.071
542500,0.030,0.905,0.065
543000,0.030,0.925,0.045
543500,0.030,0.910,0.060
544000,0.030,0.913,0.057
544500,0.030,0.913,0.056
545000,0.030,0.913,0.056
545500,0.030,0.889,0.081
546000,0.030,0.916,0.054
546500,0.030,0.914,0.055
547000,0.030,0.895,0.075
547500,0.030,0.884,0.086
548000,0.030,0.890,0.080
548500,0.030,0.874,0.096
549000,0.030,0.885,0.085
549500,0.030,0.884,0.086
550000,0.030,0.896,0.074
550500,0.030,0.895,0.075
551000,0.030,0.906,0.064
551500,0.030,0.879,0.091
552000,0.030,0.856,0.114
552500,0.030,0.865,0.105
553000,0.030,0.896,0.074
553500,0.030,0.902,0.068
554000,0.030,0.900,0.070
554500,0.030,0.893,0.077
555000,0.030,0.900,0.070
555500,0.030,0.896,0.074
556000,0.030,0.883,0.087
556500,0.030,0.882,0.088
557000,0.030,0.878,0.092
557500,0.030,0.881,0.089
558000,0.030,0.878,0.092
558500,0.030,0.866,0.104
559000,0.030,0.872,0.098
559500,0.030,0.881,0.089
560000,0.030,0.906,0.064
560500,0.030,0.893,0.077
561000,0.030,0.907,0.062
561500,0.030,0.911,0.059
562000,0.030,0.916,0.053
562500,0.030,0.913,0.056
563000,0.030,0.899,0.071
563500,0.030,0.885,0.085
564000,0.030,0.900,0.070
564500,0.030,0.907,0.063
565000,0.030,0.916,0.053
565500,0.030,0.922,0.047
566000,0.030,0.894,0.076
566500,0.030,0.889,0.081
567000,0.030,0.888,0.082
567500,0.030,0.896,0.074
568000,0.030,0.885,0.085
568500,0.030,0.895,0.075
569000,0.030,0.872,0.098
569500,0.030,0.896,0.074
570000,0.030,0.904,0.066
570500,0.030,0.895,0.075
571000,0.030,0.898,0.072
571500,0.030,0.892,0.078
572000,0.030,0.907,0.062
572500,0.030,0.925,0.045
573000,0.030,0.908,0.061
573500,0.030,0.913,0.057
574000,0.030,0.901,0.069
574500,0.030,0.907,0.063
575000,0.030,0.904,0.066
575500,0.030,0.890,0.080
576000,0.030,0.875,0.095
576500,0.030,0.864,0.106
577000,0.030,0.872,0.098
577500,0.030,0.860,0.110
578000,0.030,0.873,0.097
578500,0.030,0.873,0.097
579000,0.030,0.856,0.114
579500,0.030,0.876,0.094
580000,0.030,0.899,0.071
580500,0.030,0.903,0.067
581000,0.030,0.892,0.078
581500,0.030,0.910,0.060
582000,0.030,0.924,0.046
582500,0.030,0.903,0.067
583000,0.030,0.882,0.088
583500,0.030,0.869,0.101
584000,0.030,0.863,0.107
584500,0.030,0.859,0.111
585000,0.030,0.871,0.099
585500,0.030,0.900,0.070
586000,0.030,0.910,0.060
586500,0.030,0.908,0.061
587000,0.030,0.921,0.048
587500,0.030,0.896,0.074
588000,0.030,0.894,0.076
588500,0.030,0.895,0.075
589000,0.030,0.879,0.091
589500,0.030,0.895,0.075
590000,0.030,0.900,0.070
590500,0.030,0.905,0.065
591000,0.030,0.901,0.069
591500,0.030,0.901,0.069
592000,0.030,0.894,0.076
592500,0.030,0.895,0.075
593000,0.030,0.882,0.088
593500,0.030,0.887,0.083
594000,0.030,0.878,0.092
594500,0.030,0.877,0.093
595000,0.030,0.886,0.084
595500,0.030,0.889,0.081
596000,0.030,0.914,0.056
596500,0.030,0.927,0.043
597000,0.030,0.917,0.053
597500,0.030,0.909,0.061
598000,0.030,0.916,0.054
598500,0.030,0.891,0.079
599000,0.030,0.889,0.081
599500,0.030,0.893,0.077
600000,0.030,0.868,0.102
600500,0.030,0.868,0.102
601000,0.030,0.889,0.081
601500,0.030,0.886,0.084
602000,0.030,0.859,0.111
602500,0.030,0.870,0.100
603000,0.030,0.886,0.084
603500,0.030,0.896,0.074
604000,0.030,0.876,0.094
604500,0.030,0.878,0.092
605000,0.030,0.877,0.093
605500,0.030,0.873,0.097
606000,0.030,0.882,0.088
606500,0.030,0.909,0.060
607000,0.030,0.909,0.060
607500,0.030,0.904,0.066
608000,0.030,0.893,0.077
608500,0.030,0.888,0.082
609000,0.030,0.893,0.077
609500,0.030,0.899,0.071
610000,0.030,0.879,0.091
610500,0.030,0.890,0.080
611000,0.030,0.868,0.102
611500,0.030,0.884,0.086
612000,0.030,0.904,0.066
612500,0.030,0.921,0.049
613000,0.030,0.900,0.070
613500,0.030,0.907,0.063
614000,0.030,0.899,0.071
614500,0.030,0.904,0.066
615000,0.030,0.911,0.058
615500,0.030,0.898,0.072
616000,0.030,0.887,0.083
616500,0.030,0.888,0.082
617000,0.030,0.889,0.081
617500,0.030,0.898,0.072
618000,0.030,0.890,0.080
618500,0.030,0.894,0.076
619000,0.030,0.870,0.100
619500,0.030,0.888,0.082
620000,0.030,0.892,0.078
620500,0.030,0.906,0.064
621000,0.030,0.888,0.082
621500,0.030,0.887,0.083
622000,0.030,0.906,0.064
622500,0.030,0.910,0.060
623000,0.030,0.913,0.057
623500,0.030,0.915,0.054
624000,0.030,0.907,0.062
624500,0.030,0.915,0.055
625000,0.030,0.899,0.071
625500,0.030,0.875,0.095
626000,0.030,0.888,0.082
626500,0.030,0.890,0.080
627000,0.030,0.882,0.088
627500,0.030,0.896,0.074
628000,0.030,0.906,0.064
628500,0.030,0.900,0.070
629000,0.030,0.907,0.063
629500,0.030,0.911,0.058
630000,0.030,0.904,0.066
630500,0.030,0.916,0.054
631000,0.030,0.916,0.054
631500,0.030,0.896,0.074
632000,0.030,0.900,0.070
632500,0.030,0.884,0.086
633000,0.030,0.906,0.064
633500,0.030,0.895,0.075
634000,0.030,0.873,0.097
634500,0.030,0.873,0.097
635000,0.030,0.886,0.084
635500,0.030,0.909,0.060
636000,0.030,0.875,0.095
636500,0.030,0.893,0.077
637000,0.030,0.904,0.066
637500,0.030,0.884,0.086
638000,0.030,0.886,0.084
638500,0.030,0.856,0.114
639000,0.030,0.893,0.077
639500,0.030,0.899,0.071
640000,0.030,0.907,0.062
640500,0.030,0.912,0.058
641000,0.030,0.918,0.052
641500,0.030,0.907,0.063
642000,0.030,0.897,0.073
642500,0.030,0.875,0.095
643000,0.030,0.870,0.100
643500,0.030,0.884,0.086
644000,0.030,0.881,0.089
644500,0.030,0.893,0.077
645000,0.030,0.880,0.090
645500,0.030,0.884,0.086
646000,0.030,0.891,0.079
646500,0.030,0.893,0.077
647000,0.030,0.901,0.069
647500,0.030,0.890,0.080
648000,0.030,0.873,0.097
648500,0.030,0.896,0.074
649000,0.030,0.904,0.066
649500,0.030,0.918,0.051
650000,0.030,0.899,0.071
650500,0.030,0.910,0.059
651000,0.030,0.884,0.086
651500,0.030,0.895,0.075
652000,0.030,0.886,0.084
652500,0.030,0.895,0.075
653000,0.030,0.885,0.085
653500,0.030,0.917,0.053
654000,0.030,0.909,0.060
654500,0.030,0.910,0.059
655000,0.030,0.909,0.061
655500,0.030,0.882,0.088
656000,0.030,0.867,0.103
656500,0.030,0.881,0.089
657000,0.030,0.866,0.104
657500,0.030,0.869,0.101
658000,0.030,0.872,0.098
658500,0.030,0.867,0.103
659000,0.030,0.872,0.098
659500,0.030,0.863,0.107
660000,0.030,0.876,0.094
660500,0.030,0.881,0.089
661000,0.030,0.880,0.090
661500,0.030,0.903,0.067
662000,0.030,0.908,0.061
662500,0.030,0.907,0.062
663000,0.030,0.924,0.045
663500,0.030,0.900,0.070
664000,0.030,0.902,0.068
664500,0.030,0.875,0.095
665000,0.030,0.860,0.110
665500,0.030,0.861,0.109
666000,0.030,0.885,0.085
666500,0.030,0.865,0.105
667000,0.030,0.877,0.093
667500,0.030,0.870,0.100
668000,0.030,0.858,0.112
668500,0.030,0.897,0.073
669000,0.030,0.891,0.079
669500,0.030,0.883,0.087
670000,0.030,0.894,0.076
670500,0.030,0.875,0.095
671000,0.030,0.889,0.081
671500,0.030,0.909,0.060
672000,0.030,0.898,0.072
672500,0.030,0.884,0.086
673000,0.030,0.878,0.092
673500,0.030,0.876,0.094
674000,0.030,0.886,0.084
674500,0.030,0.887,0.083
675000,0.030,0.881,0.089
675500,0.030,0.889,0.081
676000,0.030,0.907,0.063
676500,0.030,0.905,0.065
677000,0.030,0.887,0.083
677500,0.030,0.894,0.076
678000,0.030,0.900,0.070
678500,0.030,0.920,0.049
679000,0.030,0.915,0.054
679500,0.030,0.897,0.073
680000,0.030,0.903,0.067
680500,0.030,0.906,0.064
681000,0.030,0.902,0.068
681500,0.030,0.907,0.063
682000,0.030,0.877,0.093
682500,0.030,0.881,0.089
683000,0.030,0.871,0.099
683500,0.030,0.880,0.090
684000,0.030,0.888,0.082
684500,0.030,0.876,0.094
685000,0.030,0.874,0.096
685500,0.030,0.882,0.088
686000,0.030,0.897,0.073
686500,0.030,0.898,0.072
687000,0.030,0.895,0.075
687500,0.030,0.886,0.084
688000,0.030,0.884,0.086
688500,0.030,0.898,0.072
689000,0.030,0.905,0.065
689500,0.030,0.903,0.067
690000,0.030,0.917,0.052
690500,0.030,0.910,0.060
691000,0.030,0.903,0.067
691500,0.030,0.918,0.052
692000,0.030,0.905,0.065
692500,0.030,0.899,0.071
693000,0.030,0.896,0.074
693500,0.030,0.906,0.064
694000,0.030,0.914,0.056
694500,0.030,0.888,0.082
695000,0.030,0.897,0.073
695500,0.030,0.913,0.056
696000,0.030,0.905,0.065
696500,0.030,0.904,0.066
697000,0.030,0.888,0.082
697500,0.030,0.873,0.097
698000,0.030,0.876,0.094
698500,0.030,0.882,0.088
699000,0.030,0.890,0.080
699500,0.030,0.891,0.079
700000,0.030,0.880,0.090
700500,0.030,0.890,0.080
701000,0.030,0.876,0.094
701500,0.030,0.863,0.107
702000,0.030,0.867,0.103
702500,0.030,0.886,0.084
703000,0.030,0.881,0.089
703500,0.030,0.888,0.082
704000,0.030,0.881,0.089
704500,0.030,0.871,0.099
705000,0.030,0.884,0.086
705500,0.030,0.884,0.086
706000,0.030,0.876,0.094
706500,0.030,0.875,0.095
707000,0.030,0.881,0.089
707500,0.030,0.878,0.092
708000,0.030,0.886,0.084
708500,0.030,0.897,0.073
709000,0.030,0.893,0.077
709500,0.030,0.880,0.090
710000,0.030,0.877,0.093
710500,0.030,0.897,0.073
711000,0.030,0.895,0.075
711500,0.030,0.876,0.094
712000,0.030,0.892,0.078
712500,0.030,0.902,0.068
713000,0.030,0.902,0.068
713500,0.030,0.890,0.080
714000,0.030,0.897,0.073
714500,0.030,0.881,0.089
715000,0.030,0.875,0.095
715500,0.030,0.872,0.098
716000,0.030,0.889,0.081
716500,0.030,0.870,0.100
717000,0.030,0.884,0.086
717500,0.030,0.912,0.057
718000,0.030,0.918,0.052
718500,0.030,0.911,0.058
719000,0.030,0.911,0.059
719500,0.030,0.905,0.065
720000,0.030,0.894,0.076
720500,0.030,0.893,0.077
721000,0.030,0.876,0.094
721500,0.030,0.906,0.064
722000,0.030,0.899,0.071
722500,0.030,0.901,0.069
723000,0.030,0.904,0.066
723500,0.030,0.906,0.064
724000,0.030,0.874,0.096
724500,0.030,0.890,0.080
725000,0.030,0.875,0.095
725500,0.030,0.875,0.095
726000,0.030,0.892,0.078
726500,0.030,0.894,0.076
727000,0.030,0.874,0.096
727500,0.030,0.874,0.096
728000,0.030,0.871,0.099
728500,0.030,0.859,0.111
729000,0.030,0.856,0.114
729500,0.030,0.886,0.084
730000,0.030,0.875,0.095
730500,0.030,0.892,0.078
731000,0.030,0.897,0.073
731500,0.030,0.896,0.074
732000,0.030,0.887,0.083
732500,0.030,0.885,0.085
733000,0.030,0.881,0.089
733500,0.030,0.890,0.080
734000,0.030,0.891,0.079
734500,0.030,0.887,0.083
735000,0.030,0.895,0.075
735500,0.030,0.888,0.082
736000,0.030,0.879,0.091
736500,0.030,0.884,0.086
737000,0.030,0.891,0.079
737500,0.030,0.884,0.086
738000,0.030,0.877,0.093
738500,0.030,0.886,0.084
739000,0.030,0.905,0.065
739500,0.030,0.922,0.048
740000,0.030,0.891,0.079
740500,0.030,0.885,0.085
741000,0.030,0.873,0.097
741500,0.030,0.902,0.068
742000,0.030,0.901,0.069
742500,0.030,0.911,0.059
743000,0.030,0.907,0.062
743500,0.030,0.893,0.077
744000,0.030,0.880,0.090
744500,0.030,0.879,0.091
745000,0.030,0.881,0.089
745500,0.030,0.878,0.092
746000,0.030,0.880,0.090
746500,0.030,0.887,0.083
747000,0.030,0.894,0.076
747500,0.030,0.904,0.066
748000,0.030,0.886,0.084
748500,0.030,0.889,0.081
749000,0.030,0.900,0.070
749500,0.030,0.900,0.070
750000,0.030,0.907,0.062
750500,0.030,0.911,0.058
751000,0.030,0.892,0.078
751500,0.030,0.899,0.071
752000,0.030,0.877,0.093
752500,0.030,0.876,0.094
753000,0.030,0.875,0.095
753500,0.030,0.879,0.091
754000,0.030,0.876,0.094
754500,0.030,0.865,0.105
755000,0.030,0.868,0.102
755500,0.030,0.878,0.092
756000,0.030,0.876,0.094
756500,0.030,0.873,0.097
757000,0.030,0.885,0.085
757500,0.030,0.897,0.073
758000,0.030,0.899,0.071
758500,0.030,0.900,0.070
759000,0.030,0.908,0.062
759500,0.030,0.896,0.074
760000,0.030,0.883,0.087
760500,0.030,0.890,0.080
761000,0.030,0.900,0.070
761500,0.030,0.893,0.077
762000,0.030,0.899,0.071
762500,0.030,0.885,0.085
763000,0.030,0.880,0.090
763500,0.030,0.888,0.082
764000,0.030,0.903,0.067
764500,0.030,0.912,0.057
765000,0.030,0.916,0.053
765500,0.030,0.909,0.061
766000,0.030,0.901,0.069
766500,0.030,0.898,0.072
767000,0.030,0.897,0.073
767500,0.030,0.904,0.066
768000,0.030,0.898,0.072
768500,0.030,0.901,0.069
769000,0.030,0.893,0.077
769500,0.030,0.867,0.103
770000,0.030,0.877,0.093
770500,0.030,0.892,0.078
771000,0.030,0.881,0.089
771500,0.030,0.864,0.106
772000,0.030,0.866,0.104
772500,0.030,0.889,0.081
773000,0.030,0.903,0.067
773500,0.030,0.904,0.066
774000,0.030,0.901,0.069
774500,0.030,0.889,0.081
775000,0.030,0.887,0.083
775500,0.030,0.903,0.067
776000,0.030,0.901,0.069
776500,0.030,0.895,0.075
777000,0.030,0.896,0.074
777500,0.030,0.877,0.093
778000,0.030,0.883,0.087
778500,0.030,0.878,0.092
779000,0.030,0.883,0.087
779500,0.030,0.895,0.075
780000,0.030,0.878,0.092
780500,0.030,0.898,0.072
781000,0.030,0.884,0.086
781500,0.030,0.889,0.081
782000,0.030,0.909,0.060
782500,0.030,0.909,0.060
783000,0.030,0.894,0.076
783500,0.030,0.890,0.080
784000,0.030,0.902,0.068
784500,0.030,0.906,0.064
785000,0.030,0.885,0.085
785500,0.030,0.885,0.085
786000,0.030,0.885,0.085
786500,0.030,0.892,0.078
787000,0.030,0.881,0.089
787500,0.030,0.877,0.093
788000,0.030,0.885,0.085
788500,0.030,0.881,0.089
789000,0.030,0.864,0.106
789500,0.030,0.872,0.098
790000,0.030,0.867,0.103
790500,0.030,0.870,0.100
791000,0.030,0.897,0.073
791500,0.030,0.883,0.087
792000,0.030,0.889,0.081
792500,0.030,0.892,0.078
793000,0.030,0.897,0.073
793500,0.030,0.887,0.083
794000,0.030,0.876,0.094
794500,0.030,0.878,0.092
795000,0.030,0.868,0.102
795500,0.030,0.874,0.096
796000,0.030,0.893,0.077
796500,0.030,0.885,0.085
797000,0.030,0.895,0.075
797500,0.030,0.886,0.084
798000,0.030,0.901,0.069
798500,0.030,0.903,0.067
799000,0.030,0.913,0.057
799500,0.030,0.912,0.058
800000,0.030,0.900,0.070
800500,0.030,0.930,0.040
801000,0.030,0.897,0.073
801500,0.030,0.894,0.076
802000,0.030,0.895,0.075
802500,0.030,0.883,0.087
803000,0.030,0.886,0.084
803500,0.030,0.901,0.069
804000,0.030,0.890,0.080
804500,0.030,0.892,0.078
805000,0.030,0.885,0.085
805500,0.030,0.906,0.064
806000,0.030,0.918,0.052
806500,0.030,0.917,0.052
807000,0.030,0.915,0.054
807500,0.030,0.917,0.052
808000,0.030,0.905,0.065
808500,0.030,0.881,0.089
809000,0.030,0.870,0.100
809500,0.030,0.877,0.093
810000,0.030,0.876,0.094
810500,0.030,0.902,0.068
811000,0.030,0.901,0.069
811500,0.030,0.898,0.072
812000,0.030,0.897,0.073
812500,0.030,0.875,0.095
813000,0.030,0.873,0.097
813500,0.030,0.895,0.075
814000,0.030,0.899,0.071
814500,0.030,0.884,0.086
815000,0.030,0.876,0.094
815500,0.030,0.881,0.089
816000,0.030,0.903,0.067
816500,0.030,0.899,0.071
817000,0.030,0.893,0.077
817500,0.030,0.897,0.073
818000,0.030,0.886,0.084
818500,0.030,0.888,0.082
819000,0.030,0.906,0.064
819500,0.030,0.920,0.049
820000,0.030,0.888,0.082
820500,0.030,0.887,0.083
821000,0.030,0.876,0.094
821500,0.030,0.881,0.089
822000,0.030,0.902,0.068
822500,0.030,0.896,0.074
823000,0.030,0.915,0.055
823500,0.030,0.898,0.072
824000,0.030,0.905,0.065
824500,0.030,0.882,0.088
825000,0.030,0.900,0.070
825500,0.030,0.897,0.073
826000,0.030,0.879,0.091
826500,0.030,0.870,0.100
827000,0.030,0.883,0.087
827500,0.030,0.888,0.082
828000,0.030,0.887,0.083
828500,0.030,0.861,0.109
829000,0.030,0.885,0.085
829500,0.030,0.884,0.086
830000,0.030,0.887,0.083
830500,0.030,0.884,0.086
831000,0.030,0.878,0.092
831500,0.030,0.883,0.087
832000,0.030,0.882,0.088
832500,0.030,0.892,0.078
833000,0.030,0.895,0.075
833500,0.030,0.896,0.074
834000,0.030,0.898,0.072
834500,0.030,0.870,0.100
835000,0.030,0.873,0.097
835500,0.030,0.885,0.085
836000,0.030,0.884,0.086
836500,0.030,0.894,0.076
837000,0.030,0.888,0.082
837500,0.030,0.880,0.090
838000,0.030,0.871,0.099
838500,0.030,0.866,0.104
839000,0.030,0.891,0.079
839500,0.030,0.904,0.066
840000,0.030,0.907,0.062
840500,0.030,0.886,0.084
841000,0.030,0.884,0.086
841500,0.030,0.857,0.113
842000,0.030,0.863,0.107
842500,0.030,0.911,0.059
843000,0.030,0.902,0.068
843500,0.030,0.897,0.073
844000,0.030,0.909,0.060
844500,0.030,0.908,0.061
845000,0.030,0.922,0.048
845500,0.030,0.896,0.074
846000,0.030,0.874,0.096
846500,0.030,0.902,0.068
847000,0.030,0.902,0.068
847500,0.030,0.894,0.076
848000,0.030,0.892,0.078
848500,0.030,0.881,0.089
849000,0.030,0.893,0.077
849500,0.030,0.901,0.069
850000,0.030,0.889,0.081
850500,0.030,0.870,0.100
851000,0.030,0.875,0.095
851500,0.030,0.872,0.098
852000,0.030,0.837,0.133
852500,0.030,0.862,0.108
853000,0.030,0.880,0.090
853500,0.030,0.865,0.105
854000,0.030,0.874,0.096
854500,0.030,0.875,0.095
855000,0.030,0.903,0.067
855500,0.030,0.892,0.078
856000,0.030,0.892,0.078
856500,0.030,0.893,0.077
857000,0.030,0.895,0.075
857500,0.030,0.893,0.077
858000,0.030,0.906,0.064
858500,0.030,0.904,0.066
859000,0.030,0.899,0.071
859500,0.030,0.890,0.080
860000,0.030,0.890,0.080
860500,0.030,0.881,0.089
861000,0.030,0.887,0.083
861500,0.030,0.885,0.085
862000,0.030,0.881,0.089
862500,0.030,0.900,0.070
863000,0.030,0.886,0.084
863500,0.030,0.882,0.088
864000,0.030,0.870,0.100
864500,0.030,0.873,0.097
865000,0.030,0.862,0.108
865500,0.030,0.872,0.098
866000,0.030,0.876,0.094
866500,0.030,0.867,0.103
867000,0.030,0.862,0.108
867500,0.030,0.862,0.108
868000,0.030,0.879,0.091
868500,0.030,0.902,0.068
869000,0.030,0.905,0.065
869500,0.030,0.928,0.042
870000,0.030,0.931,0.038
870500,0.030,0.908,0.062
871000,0.030,0.916,0.054
871500,0.030,0.917,0.053
872000,0.030,0.920,0.049
872500,0.030,0.911,0.059
873000,0.030,0.899,0.071
873500,0.030,0.889,0.081
874000,0.030,0.887,0.083
874500,0.030,0.903,0.067
875000,0.030,0.891,0.079
875500,0.030,0.890,0.080
876000,0.030,0.893,0.077
876500,0.030,0.888,0.082
877000,0.030,0.883,0.087
877500,0.030,0.893,0.077
878000,0.030,0.882,0.088
878500,0.030,0.861,0.109
879000,0.030,0.868,0.102
879500,0.030,0.855,0.115
880000,0.030,0.867,0.103
880500,0.030,0.877,0.093
881000,0.030,0.867,0.103
881500,0.030,0.887,0.083
882000,0.030,0.900,0.070
882500,0.030,0.920,0.050
883000,0.030,0.902,0.068
883500,0.030,0.913,0.056
884000,0.030,0.920,0.049
884500,0.030,0.912,0.057
885000,0.030,0.902,0.068
885500,0.030,0.881,0.089
886000,0.030,0.902,0.068
886500,0.030,0.907,0.062
887000,0.030,0.877,0.093
887500,0.030,0.877,0.093
888000,0.030,0.862,0.108
888500,0.030,0.880,0.090
889000,0.030,0.876,0.094
889500,0.030,0.896,0.074
890000,0.030,0.871,0.099
890500,0.030,0.886,0.084
891000,0.030,0.884,0.086
891500,0.030,0.880,0.090
892000,0.030,0.890,0.080
892500,0.030,0.906,0.064
893000,0.030,0.902,0.068
893500,0.030,0.882,0.088
894000,0.030,0.889,0.081
894500,0.030,0.878,0.092
895000,0.030,0.888,0.082
895500,0.030,0.877,0.093
896000,0.030,0.864,0.106
896500,0.030,0.863,0.107
897000,0.030,0.863,0.107
897500,0.030,0.880,0.090
898000,0.030,0.882,0.088
898500,0.030,0.874,0.096
899000,0.030,0.887,0.083
899500,0.030,0.907,0.062
900000,0.030,0.912,0.058
900500,0.030,0.893,0.077
901000,0.030,0.907,0.063
901500,0.030,0.902,0.068
902000,0.030,0.895,0.075
902500,0.030,0.890,0.080
903000,0.030,0.898,0.072
903500,0.030,0.897,0.073
904000,0.030,0.875,0.095
904500,0.030,0.885,0.085
905000,0.030,0.882,0.088
905500,0.030,0.857,0.113
906000,0.030,0.870,0.100
906500,0.030,0.856,0.114
907000,0.030,0.866,0.104
907500,0.030,0.873,0.097
908000,0.030,0.887,0.083
908500,0.030,0.884,0.086
909000,0.030,0.897,0.073
909500,0.030,0.879,0.091
910000,0.030,0.883,0.087
910500,0.030,0.867,0.103
911000,0.030,0.865,0.105
911500,0.030,0.869,0.101
912000,0.030,0.889,0.081
912500,0.030,0.876,0.094
913000,0.030,0.875,0.095
913500,0.030,0.856,0.114
914000,0.030,0.882,0.088
914500,0.030,0.893,0.077
915000,0.030,0.902,0.068
915500,0.030,0.916,0.053
916000,0.030,0.878,0.092
916500,0.030,0.874,0.096
917000,0.030,0.882,0.088
917500,0.030,0.900,0.070
918000,0.030,0.896,0.074
918500,0.030,0.902,0.068
919000,0.030,0.892,0.078
919500,0.030,0.879,0.091
920000,0.030,0.900,0.070
920500,0.030,0.905,0.065
921000,0.030,0.905,0.065
921500,0.030,0.905,0.065
922000,0.030,0.901,0.069
922500,0.030,0.890,0.080
923000,0.030,0.905,0.065
923500,0.030,0.912,0.057
924000,0.030,0.897,0.073
924500,0.030,0.897,0.073
925000,0.030,0.912,0.058
925500,0.030,0.909,0.060
926000,0.030,0.888,0.082
926500,0.030,0.894,0.076
927000,0.030,0.894,0.076
927500,0.030,0.890,0.080
928000,0.030,0.886,0.084
928500,0.030,0.878,0.092
929000,0.030,0.871,0.099
929500,0.030,0.891,0.079
930000,0.030,0.887,0.083
930500,0.030,0.898,0.072
931000,0.030,0.915,0.054
931500,0.030,0.916,0.054
932000,0.030,0.899,0.071
932500,0.030,0.908,0.061
933000,0.030,0.909,0.061
933500,0.030,0.904,0.066
934000,0.030,0.895,0.075
934500,0.030,0.877,0.093
935000,0.030,0.870,0.100
935500,0.030,0.860,0.110
936000,0.030,0.871,0.099
936500,0.030,0.861,0.109
937000,0.030,0.882,0.088
937500,0.030,0.893,0.077
938000,0.030,0.878,0.092
938500,0.030,0.869,0.101
939000,0.030,0.869,0.101
939500,0.030,0.886,0.084
940000,0.030,0.892,0.078
940500,0.030,0.903,0.067
941000,0.030,0.886,0.084
941500,0.030,0.910,0.059
942000,0.030,0.886,0.084
942500,0.030,0.889,0.081
943000,0.030,0.902,0.068
943500,0.030,0.917,0.052
944000,0.030,0.914,0.056
944500,0.030,0.930,0.040
945000,0.030,0.895,0.075
945500,0.030,0.903,0.067
946000,0.030,0.894,0.076
946500,0.030,0.917,0.053
947000,0.030,0.900,0.070
947500,0.030,0.884,0.086
948000,0.030,0.890,0.080
948500,0.030,0.891,0.079
949000,0.030,0.899,0.071
949500,0.030,0.906,0.064
950000,0.030,0.921,0.048
950500,0.030,0.920,0.050
951000,0.030,0.911,0.059
951500,0.030,0.886,0.084
952000,0.030,0.882,0.088
952500,0.030,0.894,0.076
953000,0.030,0.880,0.090
953500,0.030,0.883,0.087
954000,0.030,0.871,0.099
954500,0.030,0.891,0.079
955000,0.030,0.879,0.091
955500,0.030,0.881,0.089
956000,0.030,0.878,0.092
956500,0.030,0.861,0.109
957000,0.030,0.840,0.130
957500,0.030,0.867,0.103
958000,0.030,0.873,0.097
958500,0.030,0.889,0.081
959000,0.030,0.875,0.095
959500,0.030,0.875,0.095
960000,0.030,0.882,0.088
960500,0.030,0.875,0.095
961000,0.030,0.898,0.072
961500,0.030,0.906,0.064
962000,0.030,0.899,0.071
962500,0.030,0.876,0.094
963000,0.030,0.877,0.093
963500,0.030,0.889,0.081
964000,0.030,0.900,0.070
964500,0.030,0.886,0.084
965000,0.030,0.887,0.083
965500,0.030,0.875,0.095
966000,0.030,0.873,0.097
966500,0.030,0.884,0.086
967000,0.030,0.879,0.091
967500,0.030,0.863,0.107
968000,0.030,0.899,0.071
968500,0.030,0.882,0.088
969000,0.030,0.900,0.070
969500,0.030,0.869,0.101
970000,0.030,0.876,0.094
970500,0.030,0.889,0.081
971000,0.030,0.886,0.084
971500,0.030,0.894,0.076
972000,0.030,0.909,0.061
972500,0.030,0.907,0.063
973000,0.030,0.915,0.054
973500,0.030,0.914,0.055
974000,0.030,0.924,0.045
974500,0.030,0.908,0.061
975000,0.030,0.906,0.064
975500,0.030,0.903,0.067
976000,0.030,0.901,0.069
976500,0.030,0.871,0.099
977000,0.030,0.884,0.086
977500,0.030,0.869,0.101
978000,0.030,0.870,0.100
978500,0.030,0.879,0.091
979000,0.030,0.869,0.101
979500,0.030,0.896,0.074
980000,0.030,0.913,0.056
980500,0.030,0.899,0.071
981000,0.030,0.910,0.059
981500,0.030,0.923,0.046
982000,0.030,0.907,0.062
982500,0.030,0.897,0.073
983000,0.030,0.880,0.090
983500,0.030,0.884,0.086
984000,0.030,0.881,0.089
984500,0.030,0.868,0.102
985000,0.030,0.887,0.083
985500,0.030,0.894,0.076
986000,0.030,0.862,0.108
986500,0.030,0.895,0.075
987000,0.030,0.887,0.083
987500,0.030,0.884,0.086
988000,0.030,0.873,0.097
988500,0.030,0.874,0.096
989000,0.030,0.892,0.078
989500,0.030,0.909,0.060
990000,0.030,0.902,0.068
990500,0.030,0.901,0.069
991000,0.030,0.910,0.060
991500,0.030,0.911,0.058
992000,0.030,0.915,0.054
992500,0.030,0.901,0.069
993000,0.030,0.910,0.060
993500,0.030,0.909,0.060
994000,0.030,0.909,0.061
994500,0.030,0.914,0.056
995000,0.030,0.913,0.056
995500,0.030,0.906,0.064
996000,0.030,0.889,0.081
996500,0.030,0.893,0.077
997000,0.030,0.882,0.088
997500,0.030,0.875,0.095
998000,0.030,0.901,0.069
998500,0.030,0.901,0.069
999000,0.030,0.898,0.072
999500,0.030,0.871,0.099
1000000,0.030,0.885,0.085
