time,n_A+p,n_B,n_AB
500,0.080,0.301,0.619
1000,0.099,0.065,0.837
1500,0.171,0.009,0.821
2000,0.269,0.001,0.731
2500,0.245,0.000,0.755
3000,0.291,0.000,0.709
3500,0.291,0.000,0.709
4000,0.293,0.000,0.707
4500,0.314,0.000,0.686
5000,0.296,0.000,0.704
5500,0.293,0.000,0.707
6000,0.202,0.000,0.798
6500,0.208,0.000,0.791
7000,0.254,0.000,0.746
7500,0.290,0.000,0.710
8000,0.258,0.000,0.742
8500,0.307,0.000,0.693
9000,0.246,0.000,0.754
9500,0.301,0.000,0.699
10000,0.337,0.000,0.663
10500,0.265,0.000,0.736
11000,0.292,0.000,0.708
11500,0.327,0.000,0.673
12000,0.286,0.000,0.714
12500,0.284,0.000,0.716
13000,0.264,0.000,0.736
13500,0.213,0.000,0.787
14000,0.310,0.000,0.690
14500,0.262,0.000,0.738
15000,0.316,0.000,0.684
15500,0.314,0.000,0.686
16000,0.314,0.000,0.686
16500,0.281,0.000,0.720
17000,0.316,0.000,0.684
17500,0.353,0.000,0.647
18000,0.267,0.000,0.733
18500,0.344,0.000,0.656
19000,0.297,0.000,0.703
19500,0.367,0.000,0.633
20000,0.352,0.000,0.648
20500,0.325,0.000,0.675
21000,0.259,0.000,0.741
21500,0.310,0.000,0.690
22000,0.316,0.000,0.684
22500,0.267,0.000,0.733
23000,0.337,0.000,0.663
23500,0.279,0.000,0.721
24000,0.278,0.000,0.722
24500,0.285,0.001,0.714
25000,0.239,0.000,0.761
25500,0.266,0.003,0.731
26000,0.262,0.000,0.738
26500,0.288,0.000,0.712
27000,0.298,0.002,0.700
27500,0.272,0.000,0.728
28000,0.253,0.000,0.748
28500,0.257,0.000,0.744
29000,0.286,0.000,0.714
29500,0.264,0.000,0.736
30000,0.307,0.000,0.693
30500,0.284,0.000,0.716
31000,0.271,0.000,0.729
31500,0.264,0.005,0.731
32000,0.244,0.001,0.756
32500,0.247,0.000,0.753
33000,0.327,0.000,0.673
33500,0.284,0.000,0.716
34000,0.271,0.000,0.730
34500,0.286,0.000,0.714
35000,0.284,0.000,0.716
35500,0.275,0.000,0.725
36000,0.264,0.002,0.735
36500,0.328,0.000,0.672
37000,0.304,0.000,0.696
37500,0.331,0.000,0.669
38000,0.309,0.000,0.691
38500,0.266,0.006,0.728
39000,0.263,0.000,0.738
39500,0.281,0.000,0.720
40000,0.328,0.000,0.672
40500,0.270,0.000,0.730
41000,0.238,0.000,0.762
41500,0.261,0.000,0.740
42000,0.295,0.000,0.705
42500,0.274,0.000,0.726
43000,0.283,0.000,0.717
43500,0.319,0.000,0.681
44000,0.297,0.000,0.703
44500,0.267,0.000,0.733
45000,0.300,0.000,0.700
45500,0.291,0.000,0.709
46000,0.212,0.000,0.787
46500,0.289,0.000,0.711
47000,0.271,0.000,0.730
47500,0.289,0.000,0.711
48000,0.274,0.000,0.726
48500,0.298,0.000,0.702
49000,0.338,0.000,0.662
49500,0.379,0.000,0.621
50000,0.331,0.000,0.669
50500,0.330,0.000,0.670
51000,0.372,0.000,0.627
51500,0.349,0.000,0.651
52000,0.275,0.000,0.726
52500,0.254,0.000,0.746
53000,0.297,0.000,0.703
53500,0.282,0.000,0.718
54000,0.227,0.000,0.773
54500,0.265,0.000,0.735
55000,0.289,0.000,0.711
55500,0.253,0.000,0.748
56000,0.286,0.000,0.714
56500,0.248,0.000,0.752
57000,0.271,0.000,0.730
57500,0.242,0.000,0.758
58000,0.270,0.000,0.730
58500,0.269,0.000,0.732
59000,0.254,0.000,0.746
59500,0.223,0.000,0.777
60000,0.223,0.000,0.777
60500,0.198,0.000,0.802
61000,0.253,0.000,0.747
61500,0.254,0.000,0.746
62000,0.286,0.001,0.713
62500,0.256,0.005,0.739
63000,0.293,0.000,0.707
63500,0.263,0.000,0.738
64000,0.314,0.000,0.686
64500,0.322,0.000,0.678
65000,0.313,0.000,0.687
65500,0.315,0.000,0.685
66000,0.260,0.000,0.740
66500,0.289,0.000,0.711
67000,0.259,0.000,0.741
67500,0.245,0.000,0.755
68000,0.217,0.005,0.777
68500,0.275,0.001,0.725
69000,0.346,0.000,0.653
69500,0.226,0.009,0.765
70000,0.289,0.000,0.711
70500,0.232,0.004,0.765
71000,0.271,0.000,0.729
71500,0.254,0.001,0.746
72000,0.256,0.000,0.744
72500,0.250,0.000,0.750
73000,0.232,0.000,0.768
73500,0.340,0.000,0.660
74000,0.278,0.000,0.722
74500,0.295,0.000,0.705
75000,0.244,0.000,0.756
75500,0.287,0.000,0.713
76000,0.271,0.000,0.729
76500,0.232,0.000,0.768
77000,0.203,0.008,0.789
77500,0.260,0.001,0.740
78000,0.321,0.000,0.679
78500,0.292,0.000,0.708
79000,0.267,0.000,0.734
79500,0.282,0.000,0.718
80000,0.264,0.000,0.736
80500,0.275,0.000,0.726
81000,0.300,0.000,0.700
81500,0.263,0.000,0.738
82000,0.316,0.000,0.684
82500,0.246,0.000,0.754
83000,0.256,0.000,0.744
83500,0.295,0.000,0.705
84000,0.301,0.000,0.699
84500,0.307,0.000,0.693
85000,0.220,0.000,0.780
85500,0.281,0.002,0.718
86000,0.292,0.000,0.708
86500,0.320,0.000,0.680
87000,0.299,0.000,0.701
87500,0.324,0.000,0.676
88000,0.301,0.000,0.699
88500,0.283,0.000,0.717
89000,0.294,0.000,0.706
89500,0.261,0.000,0.739
90000,0.270,0.000,0.730
90500,0.291,0.000,0.709
91000,0.269,0.000,0.731
91500,0.268,0.000,0.732
92000,0.309,0.000,0.691
92500,0.264,0.000,0.736
93000,0.215,0.000,0.785
93500,0.252,0.000,0.748
94000,0.226,0.000,0.774
94500,0.299,0.000,0.701
95000,0.275,0.000,0.725
95500,0.263,0.000,0.738
96000,0.256,0.000,0.744
96500,0.255,0.000,0.745
97000,0.250,0.000,0.750
97500,0.246,0.000,0.754
98000,0.263,0.000,0.737
98500,0.224,0.000,0.776
99000,0.275,0.000,0.726
99500,0.341,0.000,0.659
100000,0.319,0.000,0.681
100500,0.293,0.000,0.707
101000,0.247,0.000,0.753
101500,0.235,0.000,0.764
102000,0.246,0.000,0.754
102500,0.255,0.000,0.745
103000,0.239,0.000,0.761
103500,0.305,0.000,0.695
104000,0.327,0.000,0.673
104500,0.281,0.000,0.719
105000,0.296,0.000,0.704
105500,0.350,0.004,0.646
106000,0.271,0.000,0.729
106500,0.297,0.000,0.703
107000,0.239,0.000,0.761
107500,0.266,0.000,0.734
108000,0.306,0.000,0.694
108500,0.339,0.000,0.661
109000,0.284,0.000,0.716
109500,0.265,0.000,0.736
110000,0.308,0.000,0.692
110500,0.299,0.000,0.701
111000,0.249,0.000,0.750
111500,0.276,0.000,0.724
112000,0.295,0.000,0.705
112500,0.243,0.000,0.756
113000,0.300,0.000,0.700
113500,0.285,0.000,0.715
114000,0.279,0.000,0.721
114500,0.248,0.000,0.752
115000,0.325,0.000,0.675
115500,0.262,0.000,0.738
116000,0.315,0.000,0.685
116500,0.296,0.000,0.704
117000,0.298,0.000,0.702
117500,0.297,0.000,0.703
118000,0.261,0.000,0.739
118500,0.282,0.000,0.718
119000,0.317,0.000,0.683
119500,0.307,0.000,0.693
120000,0.362,0.000,0.638
120500,0.307,0.000,0.693
121000,0.265,0.000,0.736
121500,0.238,0.000,0.762
122000,0.246,0.004,0.751
122500,0.298,0.000,0.702
123000,0.240,0.000,0.760
123500,0.282,0.002,0.717
124000,0.256,0.000,0.744
124500,0.324,0.000,0.676
125000,0.249,0.000,0.750
125500,0.228,0.000,0.772
126000,0.238,0.000,0.762
126500,0.204,0.000,0.796
127000,0.209,0.000,0.791
127500,0.241,0.000,0.759
128000,0.334,0.000,0.666
128500,0.329,0.000,0.671
129000,0.317,0.000,0.683
129500,0.267,0.000,0.734
130000,0.283,0.000,0.717
130500,0.296,0.000,0.704
131000,0.273,0.000,0.727
131500,0.271,0.000,0.730
132000,0.281,0.000,0.719
132500,0.257,0.000,0.744
133000,0.278,0.000,0.722
133500,0.264,0.002,0.734
134000,0.310,0.000,0.690
134500,0.304,0.000,0.696
135000,0.246,0.000,0.754
135500,0.256,0.000,0.744
136000,0.250,0.000,0.750
136500,0.261,0.000,0.740
137000,0.233,0.000,0.767
137500,0.259,0.000,0.741
138000,0.235,0.000,0.764
138500,0.271,0.000,0.730
139000,0.341,0.000,0.659
139500,0.291,0.000,0.709
140000,0.269,0.000,0.731
140500,0.251,0.000,0.750
141000,0.273,0.000,0.728
141500,0.265,0.000,0.736
142000,0.264,0.000,0.736
142500,0.255,0.000,0.746
143000,0.257,0.000,0.743
143500,0.255,0.000,0.746
144000,0.312,0.000,0.688
144500,0.254,0.000,0.746
145000,0.239,0.000,0.761
145500,0.295,0.000,0.705
146000,0.319,0.000,0.681
146500,0.293,0.000,0.707
147000,0.331,0.000,0.669
147500,0.318,0.000,0.682
148000,0.255,0.000,0.745
148500,0.253,0.007,0.741
149000,0.345,0.000,0.655
149500,0.316,0.000,0.684
150000,0.304,0.000,0.696
150500,0.299,0.000,0.701
151000,0.304,0.000,0.696
151500,0.294,0.000,0.706
152000,0.326,0.000,0.674
152500,0.335,0.000,0.665
153000,0.334,0.000,0.666
153500,0.271,0.000,0.729
154000,0.269,0.000,0.732
154500,0.282,0.000,0.718
155000,0.330,0.000,0.670
155500,0.280,0.000,0.720
156000,0.249,0.009,0.743
156500,0.270,0.001,0.730
157000,0.249,0.004,0.747
157500,0.287,0.001,0.712
158000,0.295,0.000,0.705
158500,0.234,0.000,0.766
159000,0.250,0.005,0.745
159500,0.248,0.006,0.746
160000,0.260,0.004,0.737
160500,0.259,0.002,0.740
161000,0.309,0.000,0.691
161500,0.312,0.000,0.688
162000,0.293,0.000,0.707
162500,0.304,0.000,0.696
163000,0.314,0.000,0.686
163500,0.280,0.000,0.720
164000,0.294,0.000,0.706
164500,0.272,0.000,0.728
165000,0.241,0.000,0.758
165500,0.280,0.000,0.720
166000,0.329,0.000,0.671
166500,0.318,0.000,0.682
167000,0.279,0.000,0.721
167500,0.303,0.000,0.697
168000,0.303,0.000,0.697
168500,0.255,0.002,0.744
169000,0.290,0.000,0.710
169500,0.304,0.000,0.696
170000,0.260,0.000,0.740
170500,0.279,0.000,0.722
171000,0.250,0.000,0.750
171500,0.302,0.000,0.698
172000,0.257,0.000,0.743
172500,0.242,0.000,0.758
173000,0.295,0.000,0.705
173500,0.320,0.000,0.680
174000,0.257,0.000,0.743
174500,0.279,0.000,0.721
175000,0.237,0.000,0.762
175500,0.303,0.000,0.697
176000,0.343,0.000,0.657
176500,0.303,0.000,0.697
177000,0.280,0.000,0.720
177500,0.288,0.000,0.712
178000,0.307,0.000,0.693
178500,0.247,0.000,0.753
179000,0.252,0.000,0.748
179500,0.268,0.000,0.732
180000,0.286,0.000,0.714
180500,0.288,0.000,0.712
181000,0.248,0.002,0.750
181500,0.214,0.009,0.777
182000,0.149,0.009,0.842
182500,0.265,0.000,0.736
183000,0.320,0.000,0.680
183500,0.351,0.000,0.649
184000,0.322,0.000,0.678
184500,0.284,0.000,0.716
185000,0.281,0.000,0.719
185500,0.298,0.000,0.702
186000,0.302,0.010,0.688
186500,0.293,0.001,0.707
187000,0.260,0.000,0.740
187500,0.256,0.000,0.744
188000,0.269,0.000,0.732
188500,0.289,0.000,0.711
189000,0.268,0.000,0.732
189500,0.274,0.000,0.726
190000,0.254,0.004,0.742
190500,0.236,0.001,0.763
191000,0.319,0.001,0.681
191500,0.292,0.000,0.708
192000,0.261,0.000,0.739
192500,0.304,0.000,0.696
193000,0.308,0.000,0.692
193500,0.255,0.000,0.746
194000,0.227,0.000,0.773
194500,0.289,0.000,0.711
195000,0.305,0.000,0.695
195500,0.315,0.000,0.685
196000,0.293,0.000,0.707
196500,0.287,0.000,0.713
197000,0.320,0.005,0.675
197500,0.322,0.000,0.678
198000,0.256,0.000,0.744
198500,0.269,0.000,0.731
199000,0.288,0.000,0.712
199500,0.269,0.000,0.732
200000,0.230,0.000,0.770
200500,0.215,0.000,0.784
201000,0.242,0.000,0.758
201500,0.267,0.000,0.734
202000,0.283,0.000,0.717
202500,0.260,0.000,0.740
203000,0.264,0.000,0.736
203500,0.281,0.000,0.720
204000,0.273,0.000,0.728
204500,0.337,0.000,0.663
205000,0.363,0.000,0.637
205500,0.310,0.000,0.690
206000,0.364,0.000,0.635
206500,0.332,0.000,0.668
207000,0.364,0.000,0.635
207500,0.258,0.000,0.742
208000,0.275,0.000,0.726
208500,0.272,0.000,0.728
209000,0.285,0.000,0.715
209500,0.280,0.000,0.720
210000,0.307,0.000,0.693
210500,0.272,0.000,0.728
211000,0.275,0.000,0.726
211500,0.261,0.000,0.739
212000,0.288,0.000,0.712
212500,0.290,0.000,0.710
213000,0.289,0.000,0.711
213500,0.270,0.000,0.730
214000,0.287,0.002,0.712
214500,0.268,0.000,0.732
215000,0.276,0.000,0.724
215500,0.270,0.000,0.730
216000,0.314,0.000,0.686
216500,0.287,0.000,0.713
217000,0.261,0.000,0.740
217500,0.234,0.000,0.766
218000,0.275,0.000,0.725
218500,0.300,0.000,0.700
219000,0.280,0.000,0.720
219500,0.274,0.000,0.726
220000,0.251,0.000,0.750
220500,0.203,0.001,0.796
221000,0.272,0.000,0.728
221500,0.331,0.000,0.669
222000,0.302,0.000,0.698
222500,0.268,0.000,0.732
223000,0.222,0.000,0.778
223500,0.246,0.000,0.754
224000,0.281,0.001,0.718
224500,0.290,0.000,0.710
225000,0.320,0.000,0.680
225500,0.344,0.000,0.656
226000,0.288,0.000,0.712
226500,0.271,0.000,0.730
227000,0.317,0.000,0.683
227500,0.396,0.000,0.604
228000,0.285,0.000,0.715
228500,0.328,0.000,0.672
229000,0.330,0.000,0.670
229500,0.263,0.000,0.738
230000,0.242,0.000,0.758
230500,0.330,0.000,0.670
231000,0.259,0.000,0.741
231500,0.270,0.000,0.730
232000,0.263,0.000,0.738
232500,0.185,0.000,0.815
233000,0.223,0.009,0.768
233500,0.242,0.000,0.758
234000,0.299,0.000,0.701
234500,0.307,0.000,0.693
235000,0.276,0.000,0.724
235500,0.208,0.000,0.792
236000,0.257,0.000,0.744
236500,0.319,0.000,0.681
237000,0.318,0.000,0.682
237500,0.321,0.000,0.679
238000,0.287,0.000,0.713
238500,0.261,0.000,0.739
239000,0.298,0.001,0.701
239500,0.304,0.000,0.696
240000,0.280,0.000,0.720
240500,0.243,0.000,0.756
241000,0.311,0.000,0.689
241500,0.328,0.000,0.672
242000,0.292,0.000,0.708
242500,0.308,0.000,0.692
243000,0.302,0.000,0.698
243500,0.272,0.002,0.727
244000,0.226,0.000,0.774
244500,0.289,0.000,0.711
245000,0.287,0.000,0.713
245500,0.216,0.007,0.776
246000,0.268,0.001,0.732
246500,0.309,0.000,0.691
247000,0.299,0.000,0.701
247500,0.284,0.000,0.716
248000,0.259,0.000,0.742
248500,0.271,0.000,0.730
249000,0.257,0.000,0.744
249500,0.257,0.000,0.743
250000,0.254,0.000,0.746
250500,0.279,0.000,0.722
251000,0.276,0.000,0.724
251500,0.284,0.000,0.716
252000,0.293,0.000,0.707
252500,0.287,0.000,0.713
253000,0.330,0.000,0.670
253500,0.332,0.000,0.668
254000,0.247,0.000,0.753
254500,0.257,0.000,0.743
255000,0.345,0.000,0.655
255500,0.312,0.000,0.688
256000,0.215,0.006,0.779
256500,0.246,0.000,0.754
257000,0.250,0.000,0.750
257500,0.266,0.000,0.734
258000,0.291,0.000,0.709
258500,0.235,0.000,0.764
259000,0.261,0.000,0.739
259500,0.232,0.000,0.768
260000,0.269,0.000,0.731
260500,0.285,0.000,0.715
261000,0.298,0.000,0.702
261500,0.312,0.000,0.688
262000,0.234,0.000,0.766
262500,0.268,0.000,0.732
263000,0.284,0.000,0.716
263500,0.310,0.000,0.690
264000,0.279,0.000,0.722
264500,0.281,0.001,0.718
265000,0.333,0.000,0.667
265500,0.311,0.000,0.689
266000,0.301,0.000,0.699
266500,0.310,0.000,0.690
267000,0.234,0.000,0.766
267500,0.285,0.000,0.715
268000,0.299,0.000,0.701
268500,0.256,0.000,0.744
269000,0.327,0.000,0.673
269500,0.284,0.000,0.716
270000,0.298,0.000,0.702
270500,0.343,0.000,0.657
271000,0.304,0.004,0.692
271500,0.315,0.000,0.685
272000,0.342,0.000,0.658
272500,0.339,0.000,0.661
273000,0.255,0.000,0.746
273500,0.283,0.000,0.717
274000,0.275,0.000,0.725
274500,0.271,0.000,0.730
275000,0.226,0.000,0.774
275500,0.305,0.000,0.695
276000,0.295,0.000,0.705
276500,0.277,0.000,0.723
277000,0.272,0.000,0.728
277500,0.341,0.000,0.659
278000,0.256,0.000,0.744
278500,0.264,0.000,0.736
279000,0.312,0.000,0.688
279500,0.289,0.000,0.711
280000,0.270,0.000,0.730
280500,0.294,0.000,0.706
281000,0.269,0.000,0.732
281500,0.242,0.005,0.753
282000,0.294,0.001,0.705
282500,0.286,0.000,0.714
283000,0.239,0.000,0.760
283500,0.307,0.000,0.693
284000,0.261,0.000,0.740
284500,0.256,0.000,0.744
285000,0.279,0.002,0.720
285500,0.354,0.000,0.646
286000,0.326,0.000,0.674
286500,0.274,0.000,0.726
287000,0.275,0.000,0.725
287500,0.258,0.000,0.742
288000,0.306,0.000,0.694
288500,0.328,0.002,0.671
289000,0.343,0.001,0.657
289500,0.301,0.000,0.699
290000,0.343,0.000,0.657
290500,0.269,0.000,0.732
291000,0.279,0.000,0.721
291500,0.262,0.000,0.738
292000,0.325,0.000,0.675
292500,0.299,0.000,0.701
293000,0.274,0.000,0.726
293500,0.356,0.000,0.643
294000,0.271,0.000,0.730
294500,0.241,0.000,0.758
295000,0.284,0.000,0.716
295500,0.253,0.000,0.748
296000,0.278,0.000,0.722
296500,0.275,0.000,0.726
297000,0.286,0.000,0.714
297500,0.276,0.000,0.724
298000,0.310,0.000,0.690
298500,0.281,0.000,0.720
299000,0.271,0.000,0.730
299500,0.338,0.000,0.662
300000,0.294,0.000,0.706
300500,0.296,0.006,0.698
301000,0.314,0.001,0.685
301500,0.268,0.000,0.732
302000,0.279,0.000,0.721
302500,0.270,0.000,0.730
303000,0.234,0.000,0.766
303500,0.259,0.000,0.741
304000,0.266,0.000,0.734
304500,0.256,0.000,0.744
305000,0.234,0.000,0.766
305500,0.290,0.000,0.710
306000,0.302,0.000,0.698
306500,0.355,0.000,0.645
307000,0.263,0.000,0.738
307500,0.262,0.000,0.738
308000,0.210,0.009,0.780
308500,0.226,0.001,0.774
309000,0.261,0.000,0.740
309500,0.299,0.000,0.701
310000,0.216,0.000,0.784
310500,0.291,0.000,0.709
311000,0.324,0.000,0.676
311500,0.315,0.000,0.685
312000,0.339,0.000,0.661
312500,0.343,0.000,0.657
313000,0.308,0.000,0.692
313500,0.278,0.000,0.722
314000,0.276,0.000,0.724
314500,0.343,0.000,0.657
315000,0.268,0.000,0.732
315500,0.264,0.000,0.736
316000,0.342,0.000,0.658
316500,0.330,0.000,0.670
317000,0.260,0.000,0.740
317500,0.281,0.000,0.719
318000,0.244,0.000,0.756
318500,0.303,0.000,0.697
319000,0.361,0.000,0.639
319500,0.284,0.000,0.716
320000,0.227,0.000,0.773
320500,0.277,0.000,0.724
321000,0.246,0.000,0.754
321500,0.301,0.000,0.699
322000,0.330,0.000,0.670
322500,0.308,0.000,0.692
323000,0.303,0.000,0.697
323500,0.311,0.000,0.689
324000,0.273,0.000,0.728
324500,0.302,0.000,0.698
325000,0.258,0.000,0.742
325500,0.255,0.000,0.745
326000,0.326,0.000,0.674
326500,0.298,0.000,0.702
327000,0.208,0.000,0.792
327500,0.251,0.000,0.750
328000,0.271,0.000,0.729
328500,0.291,0.004,0.706
329000,0.277,0.001,0.723
329500,0.292,0.000,0.708
330000,0.284,0.000,0.716
330500,0.239,0.000,0.761
331000,0.355,0.000,0.645
331500,0.282,0.000,0.718
332000,0.251,0.000,0.750
332500,0.288,0.000,0.712
333000,0.254,0.000,0.746
333500,0.297,0.000,0.703
334000,0.278,0.004,0.719
334500,0.261,0.001,0.739
335000,0.306,0.000,0.694
335500,0.341,0.000,0.659
336000,0.327,0.000,0.673
336500,0.271,0.000,0.730
337000,0.286,0.000,0.714
337500,0.264,0.000,0.736
338000,0.281,0.000,0.719
338500,0.251,0.000,0.749
339000,0.321,0.000,0.679
339500,0.281,0.000,0.720
340000,0.273,0.000,0.727
340500,0.269,0.000,0.731
341000,0.322,0.000,0.678
341500,0.324,0.000,0.676
342000,0.366,0.000,0.634
342500,0.381,0.000,0.619
343000,0.352,0.000,0.647
343500,0.305,0.000,0.695
344000,0.282,0.000,0.718
344500,0.332,0.000,0.668
345000,0.360,0.000,0.639
345500,0.287,0.000,0.713
346000,0.255,0.000,0.746
346500,0.267,0.000,0.734
347000,0.257,0.000,0.743
347500,0.258,0.000,0.742
348000,0.273,0.008,0.719
348500,0.329,0.000,0.671
349000,0.226,0.000,0.774
349500,0.279,0.000,0.722
350000,0.284,0.000,0.716
350500,0.242,0.000,0.758
351000,0.285,0.000,0.715
351500,0.255,0.000,0.745
352000,0.260,0.000,0.740
352500,0.321,0.000,0.679
353000,0.308,0.007,0.684
353500,0.264,0.001,0.736
354000,0.255,0.000,0.745
354500,0.273,0.000,0.728
355000,0.281,0.000,0.719
355500,0.296,0.001,0.703
356000,0.254,0.000,0.746
356500,0.235,0.003,0.762
357000,0.283,0.000,0.717
357500,0.265,0.000,0.736
358000,0.352,0.000,0.648
358500,0.305,0.000,0.695
359000,0.294,0.000,0.706
359500,0.241,0.007,0.752
360000,0.251,0.001,0.749
360500,0.286,0.001,0.714
361000,0.346,0.000,0.653
361500,0.245,0.000,0.755
362000,0.308,0.000,0.692
362500,0.292,0.000,0.708
363000,0.268,0.000,0.732
363500,0.317,0.000,0.683
364000,0.276,0.000,0.724
364500,0.280,0.000,0.720
365000,0.295,0.000,0.705
365500,0.264,0.000,0.736
366000,0.268,0.000,0.732
366500,0.312,0.000,0.688
367000,0.326,0.000,0.674
367500,0.305,0.000,0.695
368000,0.286,0.000,0.714
368500,0.335,0.000,0.665
369000,0.267,0.000,0.734
369500,0.341,0.000,0.659
370000,0.288,0.000,0.712
370500,0.290,0.000,0.710
371000,0.233,0.000,0.767
371500,0.304,0.000,0.696
372000,0.290,0.000,0.710
372500,0.319,0.000,0.681
373000,0.275,0.000,0.725
373500,0.297,0.000,0.703
374000,0.247,0.000,0.752
374500,0.276,0.000,0.724
375000,0.283,0.000,0.717
375500,0.304,0.000,0.696
376000,0.329,0.000,0.671
376500,0.266,0.006,0.728
377000,0.299,0.001,0.701
377500,0.304,0.000,0.696
378000,0.262,0.000,0.738
378500,0.283,0.000,0.717
379000,0.201,0.000,0.799
379500,0.235,0.000,0.764
380000,0.232,0.000,0.768
380500,0.353,0.000,0.647
381000,0.332,0.000,0.668
381500,0.254,0.000,0.746
382000,0.205,0.000,0.794
382500,0.306,0.000,0.694
383000,0.276,0.000,0.724
383500,0.279,0.001,0.721
384000,0.306,0.000,0.694
384500,0.292,0.000,0.708
385000,0.203,0.000,0.797
385500,0.233,0.000,0.767
386000,0.235,0.000,0.764
386500,0.261,0.000,0.740
387000,0.282,0.000,0.718
387500,0.243,0.000,0.756
388000,0.235,0.000,0.764
388500,0.274,0.000,0.726
389000,0.298,0.000,0.702
389500,0.260,0.000,0.740
390000,0.274,0.000,0.726
390500,0.317,0.000,0.683
391000,0.248,0.000,0.752
391500,0.292,0.000,0.708
392000,0.259,0.000,0.741
392500,0.301,0.003,0.696
393000,0.265,0.000,0.736
393500,0.281,0.000,0.719
394000,0.326,0.000,0.674
394500,0.237,0.000,0.763
395000,0.302,0.000,0.698
395500,0.359,0.000,0.641
396000,0.295,0.000,0.705
396500,0.277,0.000,0.724
397000,0.297,0.000,0.703
397500,0.292,0.000,0.708
398000,0.244,0.000,0.756
398500,0.255,0.000,0.745
399000,0.281,0.000,0.719
399500,0.224,0.000,0.776
400000,0.267,0.000,0.733
400500,0.261,0.000,0.739
401000,0.229,0.000,0.771
401500,0.264,0.000,0.736
402000,0.281,0.000,0.719
402500,0.288,0.000,0.712
403000,0.281,0.004,0.715
403500,0.319,0.000,0.681
404000,0.258,0.000,0.742
404500,0.253,0.000,0.747
405000,0.243,0.001,0.757
405500,0.202,0.000,0.798
406000,0.280,0.000,0.720
406500,0.269,0.000,0.732
407000,0.290,0.000,0.710
407500,0.310,0.000,0.690
408000,0.264,0.010,0.726
408500,0.268,0.001,0.731
409000,0.288,0.001,0.712
409500,0.346,0.000,0.653
410000,0.311,0.000,0.689
410500,0.337,0.000,0.663
411000,0.343,0.000,0.657
411500,0.349,0.000,0.651
412000,0.249,0.000,0.750
412500,0.305,0.000,0.695
413000,0.281,0.000,0.719
413500,0.289,0.000,0.711
414000,0.309,0.000,0.691
414500,0.249,0.000,0.750
415000,0.267,0.000,0.733
415500,0.323,0.000,0.677
416000,0.230,0.000,0.770
416500,0.318,0.000,0.682
417000,0.274,0.000,0.726
417500,0.261,0.000,0.739
418000,0.245,0.000,0.754
418500,0.243,0.000,0.757
419000,0.312,0.000,0.688
419500,0.240,0.000,0.760
420000,0.252,0.000,0.748
420500,0.285,0.000,0.715
421000,0.248,0.000,0.752
421500,0.355,0.000,0.645
422000,0.318,0.000,0.682
422500,0.278,0.000,0.722
423000,0.257,0.000,0.743
423500,0.291,0.000,0.709
424000,0.273,0.000,0.728
424500,0.280,0.000,0.720
425000,0.257,0.000,0.744
425500,0.238,0.000,0.762
426000,0.264,0.000,0.736
426500,0.307,0.000,0.693
427000,0.294,0.000,0.706
427500,0.281,0.007,0.711
428000,0.255,0.000,0.746
428500,0.238,0.003,0.759
429000,0.271,0.000,0.729
429500,0.326,0.000,0.674
430000,0.277,0.000,0.724
430500,0.289,0.000,0.711
431000,0.281,0.000,0.720
431500,0.289,0.000,0.711
432000,0.311,0.000,0.689
432500,0.308,0.000,0.692
433000,0.306,0.000,0.694
433500,0.321,0.000,0.679
434000,0.276,0.000,0.724
434500,0.218,0.000,0.781
435000,0.276,0.000,0.724
435500,0.318,0.000,0.682
436000,0.297,0.000,0.703
436500,0.282,0.000,0.718
437000,0.290,0.000,0.710
437500,0.281,0.000,0.719
438000,0.321,0.000,0.679
438500,0.267,0.000,0.734
439000,0.259,0.000,0.742
439500,0.271,0.000,0.729
440000,0.407,0.000,0.593
440500,0.304,0.000,0.696
441000,0.290,0.000,0.710
441500,0.250,0.000,0.750
442000,0.281,0.000,0.719
442500,0.313,0.000,0.687
443000,0.288,0.000,0.712
443500,0.372,0.000,0.628
444000,0.319,0.000,0.681
444500,0.254,0.004,0.742
445000,0.269,0.001,0.731
445500,0.269,0.000,0.732
446000,0.313,0.000,0.687
446500,0.338,0.000,0.662
447000,0.313,0.000,0.687
447500,0.314,0.000,0.686
448000,0.354,0.000,0.645
448500,0.307,0.000,0.693
449000,0.282,0.000,0.718
449500,0.272,0.000,0.728
450000,0.261,0.000,0.739
450500,0.293,0.000,0.707
451000,0.239,0.000,0.760
451500,0.276,0.000,0.724
452000,0.197,0.000,0.803
452500,0.308,0.000,0.692
453000,0.267,0.000,0.733
453500,0.228,0.000,0.772
454000,0.257,0.000,0.743
454500,0.221,0.000,0.779
455000,0.244,0.000,0.756
455500,0.269,0.000,0.732
456000,0.350,0.000,0.649
456500,0.252,0.000,0.748
457000,0.242,0.000,0.758
457500,0.277,0.000,0.724
458000,0.315,0.000,0.685
458500,0.183,0.000,0.817
459000,0.243,0.000,0.757
459500,0.264,0.004,0.732
460000,0.300,0.000,0.700
460500,0.275,0.000,0.726
461000,0.303,0.000,0.697
461500,0.306,0.000,0.694
462000,0.295,0.000,0.705
462500,0.261,0.000,0.739
463000,0.304,0.000,0.696
463500,0.246,0.000,0.754
464000,0.239,0.000,0.760
464500,0.265,0.000,0.736
465000,0.284,0.000,0.716
465500,0.258,0.000,0.742
466000,0.279,0.000,0.721
466500,0.269,0.000,0.731
467000,0.249,0.000,0.750
467500,0.358,0.000,0.642
468000,0.295,0.000,0.705
468500,0.339,0.000,0.661
469000,0.295,0.000,0.705
469500,0.268,0.000,0.732
470000,0.316,0.000,0.684
470500,0.286,0.000,0.714
471000,0.258,0.000,0.742
471500,0.220,0.000,0.780
472000,0.300,0.000,0.700
472500,0.263,0.000,0.737
473000,0.251,0.000,0.749
473500,0.286,0.000,0.714
474000,0.293,0.000,0.707
474500,0.350,0.000,0.650
475000,0.284,0.000,0.716
475500,0.259,0.000,0.742
476000,0.318,0.000,0.682
476500,0.281,0.000,0.720
477000,0.267,0.000,0.733
477500,0.243,0.000,0.757
478000,0.258,0.000,0.742
478500,0.315,0.000,0.685
479000,0.295,0.000,0.705
479500,0.281,0.000,0.720
480000,0.315,0.000,0.685
480500,0.287,0.000,0.713
481000,0.252,0.000,0.748
481500,0.268,0.000,0.732
482000,0.295,0.000,0.705
482500,0.247,0.000,0.753
483000,0.295,0.000,0.705
483500,0.329,0.000,0.671
484000,0.316,0.000,0.684
484500,0.272,0.000,0.728
485000,0.243,0.000,0.756
485500,0.231,0.000,0.769
486000,0.277,0.001,0.723
486500,0.250,0.000,0.750
487000,0.251,0.000,0.749
487500,0.331,0.000,0.669
488000,0.277,0.000,0.723
488500,0.231,0.000,0.769
489000,0.248,0.000,0.752
489500,0.273,0.000,0.727
490000,0.356,0.000,0.643
490500,0.311,0.000,0.689
491000,0.366,0.000,0.634
491500,0.266,0.000,0.734
492000,0.231,0.000,0.769
492500,0.302,0.000,0.698
493000,0.216,0.000,0.784
493500,0.275,0.000,0.726
494000,0.312,0.000,0.688
494500,0.314,0.000,0.686
495000,0.352,0.000,0.647
495500,0.281,0.000,0.719
496000,0.342,0.000,0.658
496500,0.321,0.000,0.679
497000,0.298,0.000,0.702
497500,0.274,0.000,0.726
498000,0.260,0.000,0.740
498500,0.281,0.000,0.720
499000,0.305,0.000,0.695
499500,0.265,0.000,0.736
500000,0.297,0.000,0.703
500500,0.297,0.000,0.703
501000,0.266,0.000,0.734
501500,0.301,0.000,0.699
502000,0.307,0.000,0.693
502500,0.271,0.002,0.728
503000,0.255,0.000,0.745
503500,0.302,0.000,0.698
504000,0.286,0.000,0.714
504500,0.318,0.000,0.682
505000,0.264,0.000,0.736
505500,0.282,0.000,0.718
506000,0.289,0.000,0.711
506500,0.225,0.006,0.769
507000,0.266,0.000,0.734
507500,0.301,0.000,0.699
508000,0.216,0.000,0.784
508500,0.241,0.000,0.759
509000,0.248,0.000,0.752
509500,0.302,0.000,0.698
510000,0.312,0.001,0.687
510500,0.335,0.000,0.665
511000,0.331,0.000,0.669
511500,0.342,0.000,0.658
512000,0.315,0.000,0.685
512500,0.352,0.000,0.647
513000,0.308,0.000,0.692
513500,0.322,0.000,0.678
514000,0.319,0.000,0.681
514500,0.291,0.000,0.709
515000,0.314,0.000,0.686
515500,0.305,0.000,0.695
516000,0.241,0.000,0.758
516500,0.237,0.000,0.763
517000,0.226,0.000,0.774
517500,0.213,0.001,0.787
518000,0.307,0.000,0.693
518500,0.296,0.000,0.704
519000,0.288,0.000,0.712
519500,0.338,0.000,0.662
520000,0.267,0.000,0.734
520500,0.213,0.000,0.786
521000,0.267,0.000,0.733
521500,0.358,0.000,0.642
522000,0.297,0.000,0.703
522500,0.333,0.000,0.667
523000,0.306,0.000,0.694
523500,0.340,0.000,0.660
524000,0.236,0.000,0.764
524500,0.281,0.000,0.719
525000,0.271,0.000,0.729
525500,0.289,0.000,0.711
526000,0.328,0.006,0.666
526500,0.312,0.000,0.688
527000,0.252,0.000,0.748
527500,0.321,0.000,0.679
528000,0.342,0.000,0.658
528500,0.310,0.000,0.690
529000,0.294,0.000,0.706
529500,0.237,0.000,0.762
530000,0.204,0.000,0.795
530500,0.242,0.000,0.758
531000,0.328,0.000,0.672
531500,0.245,0.000,0.755
532000,0.258,0.000,0.742
532500,0.268,0.000,0.732
533000,0.350,0.000,0.649
533500,0.281,0.000,0.719
534000,0.238,0.006,0.756
534500,0.255,0.001,0.744
535000,0.292,0.000,0.708
535500,0.372,0.000,0.627
536000,0.370,0.000,0.629
536500,0.278,0.000,0.722
537000,0.298,0.000,0.702
537500,0.303,0.000,0.697
538000,0.304,0.000,0.696
538500,0.281,0.000,0.719
539000,0.247,0.000,0.752
539500,0.298,0.000,0.702
540000,0.243,0.000,0.757
540500,0.269,0.000,0.731
541000,0.325,0.000,0.675
541500,0.306,0.000,0.694
542000,0.287,0.000,0.713
542500,0.258,0.000,0.742
543000,0.314,0.000,0.686
543500,0.282,0.000,0.718
544000,0.317,0.000,0.683
544500,0.287,0.000,0.713
545000,0.246,0.000,0.754
545500,0.271,0.000,0.730
546000,0.267,0.000,0.734
546500,0.303,0.000,0.697
547000,0.290,0.000,0.710
547500,0.304,0.000,0.696
548000,0.238,0.000,0.762
548500,0.215,0.000,0.785
549000,0.233,0.001,0.766
549500,0.311,0.000,0.689
550000,0.294,0.000,0.706
550500,0.291,0.000,0.709
551000,0.300,0.000,0.700
551500,0.281,0.000,0.719
552000,0.328,0.000,0.672
552500,0.292,0.000,0.708
553000,0.250,0.000,0.750
553500,0.313,0.000,0.687
554000,0.287,0.000,0.713
554500,0.259,0.000,0.741
555000,0.272,0.000,0.728
555500,0.340,0.000,0.660
556000,0.306,0.000,0.694
556500,0.284,0.000,0.716
557000,0.304,0.000,0.696
557500,0.319,0.000,0.681
558000,0.258,0.000,0.742
558500,0.257,0.000,0.744
559000,0.245,0.000,0.754
559500,0.232,0.000,0.768
560000,0.254,0.001,0.746
560500,0.268,0.000,0.732
561000,0.279,0.000,0.722
561500,0.315,0.000,0.685
562000,0.258,0.000,0.742
562500,0.290,0.000,0.710
563000,0.287,0.000,0.713
563500,0.294,0.000,0.706
564000,0.202,0.000,0.798
564500,0.292,0.000,0.708
565000,0.260,0.000,0.740
565500,0.276,0.000,0.724
566000,0.313,0.000,0.687
566500,0.321,0.000,0.679
567000,0.306,0.000,0.694
567500,0.316,0.000,0.684
568000,0.315,0.000,0.685
568500,0.286,0.000,0.714
569000,0.269,0.000,0.732
569500,0.293,0.000,0.707
570000,0.263,0.000,0.737
570500,0.280,0.000,0.720
571000,0.264,0.000,0.736
571500,0.253,0.000,0.748
572000,0.234,0.000,0.766
572500,0.325,0.000,0.675
573000,0.303,0.000,0.697
573500,0.247,0.000,0.753
574000,0.260,0.000,0.740
574500,0.237,0.004,0.760
575000,0.256,0.000,0.744
575500,0.198,0.000,0.802
576000,0.333,0.000,0.667
576500,0.281,0.000,0.719
577000,0.251,0.000,0.749
577500,0.291,0.000,0.709
578000,0.283,0.000,0.717
578500,0.256,0.000,0.744
579000,0.295,0.001,0.704
579500,0.290,0.000,0.710
580000,0.303,0.000,0.697
580500,0.298,0.000,0.702
581000,0.299,0.000,0.701
581500,0.266,0.000,0.734
582000,0.336,0.000,0.664
582500,0.270,0.000,0.730
583000,0.263,0.000,0.737
583500,0.282,0.000,0.718
584000,0.305,0.000,0.695
584500,0.254,0.000,0.746
585000,0.210,0.000,0.790
585500,0.277,0.000,0.724
586000,0.276,0.000,0.724
586500,0.352,0.000,0.647
587000,0.314,0.000,0.686
587500,0.266,0.000,0.734
588000,0.281,0.000,0.719
588500,0.240,0.000,0.760
589000,0.299,0.000,0.701
589500,0.265,0.000,0.736
590000,0.271,0.000,0.729
590500,0.233,0.000,0.767
591000,0.302,0.000,0.698
591500,0.311,0.000,0.689
592000,0.310,0.000,0.690
592500,0.306,0.000,0.694
593000,0.342,0.000,0.658
593500,0.250,0.000,0.750
594000,0.322,0.000,0.678
594500,0.260,0.000,0.740
595000,0.312,0.000,0.688
595500,0.238,0.000,0.762
596000,0.281,0.000,0.719
596500,0.298,0.000,0.702
597000,0.272,0.000,0.728
597500,0.278,0.000,0.722
598000,0.321,0.000,0.679
598500,0.282,0.000,0.718
599000,0.326,0.000,0.674
599500,0.381,0.000,0.619
600000,0.301,0.000,0.699
600500,0.202,0.000,0.798
601000,0.243,0.000,0.756
601500,0.346,0.000,0.653
602000,0.279,0.000,0.721
602500,0.281,0.000,0.719
603000,0.264,0.000,0.736
603500,0.299,0.000,0.701
604000,0.303,0.000,0.697
604500,0.260,0.000,0.740
605000,0.324,0.000,0.676
605500,0.292,0.000,0.708
606000,0.285,0.000,0.715
606500,0.289,0.000,0.711
607000,0.330,0.000,0.670
607500,0.265,0.000,0.735
608000,0.264,0.000,0.736
608500,0.239,0.000,0.760
609000,0.286,0.000,0.714
609500,0.251,0.000,0.749
610000,0.263,0.000,0.738
610500,0.260,0.000,0.740
611000,0.317,0.000,0.683
611500,0.246,0.000,0.754
612000,0.226,0.000,0.774
612500,0.241,0.000,0.759
613000,0.297,0.002,0.702
613500,0.246,0.000,0.754
614000,0.283,0.000,0.717
614500,0.249,0.000,0.750
615000,0.253,0.000,0.747
615500,0.232,0.000,0.768
616000,0.223,0.000,0.777
616500,0.251,0.000,0.749
617000,0.269,0.000,0.731
617500,0.268,0.000,0.732
618000,0.275,0.003,0.723
618500,0.263,0.000,0.737
619000,0.287,0.000,0.713
619500,0.265,0.000,0.735
620000,0.264,0.007,0.729
620500,0.292,0.001,0.708
621000,0.281,0.000,0.720
621500,0.279,0.000,0.722
622000,0.344,0.000,0.656
622500,0.270,0.000,0.730
623000,0.264,0.000,0.736
623500,0.244,0.001,0.756
624000,0.227,0.000,0.773
624500,0.270,0.000,0.730
625000,0.266,0.000,0.734
625500,0.309,0.010,0.680
626000,0.252,0.001,0.748
626500,0.278,0.000,0.722
627000,0.303,0.000,0.697
627500,0.297,0.000,0.703
628000,0.283,0.000,0.717
628500,0.286,0.000,0.714
629000,0.282,0.000,0.718
629500,0.263,0.000,0.738
630000,0.273,0.000,0.728
630500,0.241,0.000,0.758
631000,0.235,0.004,0.762
631500,0.269,0.000,0.732
632000,0.324,0.000,0.676
632500,0.309,0.000,0.691
633000,0.306,0.000,0.694
633500,0.277,0.000,0.723
634000,0.294,0.000,0.706
634500,0.263,0.000,0.737
635000,0.281,0.000,0.719
635500,0.320,0.000,0.680
636000,0.241,0.000,0.759
636500,0.295,0.000,0.705
637000,0.246,0.000,0.754
637500,0.264,0.000,0.736
638000,0.321,0.000,0.679
638500,0.265,0.000,0.736
639000,0.258,0.000,0.742
639500,0.256,0.000,0.744
640000,0.324,0.000,0.676
640500,0.229,0.000,0.771
641000,0.314,0.000,0.686
641500,0.337,0.000,0.663
642000,0.341,0.000,0.659
642500,0.330,0.000,0.670
643000,0.320,0.000,0.680
643500,0.312,0.000,0.688
644000,0.355,0.000,0.645
644500,0.316,0.000,0.684
645000,0.269,0.000,0.731
645500,0.275,0.000,0.726
646000,0.308,0.000,0.692
646500,0.277,0.000,0.724
647000,0.279,0.000,0.721
647500,0.301,0.000,0.699
648000,0.290,0.000,0.710
648500,0.319,0.000,0.681
649000,0.212,0.000,0.788
649500,0.212,0.001,0.787
650000,0.244,0.000,0.756
650500,0.267,0.003,0.730
651000,0.346,0.000,0.653
651500,0.311,0.000,0.689
652000,0.294,0.000,0.706
652500,0.315,0.000,0.685
653000,0.215,0.000,0.785
653500,0.237,0.000,0.762
654000,0.281,0.000,0.719
654500,0.284,0.000,0.716
655000,0.249,0.000,0.750
655500,0.308,0.000,0.692
656000,0.293,0.000,0.707
656500,0.274,0.000,0.726
657000,0.306,0.000,0.694
657500,0.294,0.000,0.706
658000,0.247,0.000,0.753
658500,0.247,0.000,0.752
659000,0.310,0.000,0.690
659500,0.368,0.000,0.632
660000,0.309,0.000,0.691
660500,0.264,0.000,0.736
661000,0.339,0.000,0.661
661500,0.317,0.000,0.683
662000,0.316,0.000,0.684
662500,0.280,0.000,0.720
663000,0.281,0.000,0.720
663500,0.312,0.000,0.688
664000,0.280,0.000,0.720
664500,0.286,0.000,0.714
665000,0.335,0.000,0.665
665500,0.289,0.000,0.711
666000,0.262,0.000,0.738
666500,0.292,0.000,0.708
667000,0.290,0.000,0.710
667500,0.288,0.000,0.712
668000,0.290,0.000,0.710
668500,0.296,0.000,0.704
669000,0.362,0.000,0.637
669500,0.312,0.000,0.688
670000,0.340,0.000,0.660
670500,0.305,0.000,0.695
671000,0.293,0.000,0.707
671500,0.292,0.000,0.708
672000,0.310,0.000,0.690
672500,0.257,0.000,0.743
673000,0.270,0.000,0.730
673500,0.302,0.000,0.698
674000,0.298,0.000,0.702
674500,0.345,0.000,0.655
675000,0.286,0.000,0.714
675500,0.268,0.000,0.732
676000,0.334,0.000,0.666
676500,0.288,0.000,0.712
677000,0.279,0.000,0.721
677500,0.307,0.000,0.693
678000,0.277,0.000,0.724
678500,0.209,0.002,0.789
679000,0.210,0.003,0.786
679500,0.318,0.000,0.682
680000,0.302,0.000,0.698
680500,0.312,0.000,0.688
681000,0.307,0.000,0.693
681500,0.277,0.000,0.723
682000,0.281,0.000,0.719
682500,0.251,0.000,0.750
683000,0.347,0.000,0.653
683500,0.326,0.000,0.674
684000,0.241,0.000,0.759
684500,0.287,0.000,0.713
685000,0.245,0.000,0.755
685500,0.263,0.000,0.737
686000,0.311,0.000,0.689
686500,0.289,0.000,0.711
687000,0.291,0.000,0.709
687500,0.289,0.000,0.711
688000,0.284,0.000,0.716
688500,0.277,0.000,0.724
689000,0.323,0.000,0.677
689500,0.318,0.000,0.682
690000,0.399,0.000,0.601
690500,0.348,0.000,0.651
691000,0.271,0.000,0.729
691500,0.264,0.000,0.736
692000,0.254,0.000,0.746
692500,0.288,0.000,0.712
693000,0.252,0.000,0.748
693500,0.298,0.000,0.702
694000,0.335,0.000,0.665
694500,0.293,0.000,0.707
695000,0.316,0.009,0.675
695500,0.294,0.001,0.705
696000,0.263,0.000,0.738
696500,0.250,0.000,0.750
697000,0.315,0.000,0.685
697500,0.319,0.000,0.681
698000,0.249,0.000,0.750
698500,0.319,0.000,0.681
699000,0.226,0.000,0.774
699500,0.266,0.000,0.734
700000,0.317,0.000,0.683
700500,0.270,0.000,0.730
701000,0.275,0.000,0.726
701500,0.233,0.000,0.767
702000,0.225,0.000,0.775
702500,0.253,0.000,0.747
703000,0.306,0.000,0.694
703500,0.344,0.000,0.655
704000,0.307,0.000,0.693
704500,0.325,0.000,0.675
705000,0.310,0.000,0.690
705500,0.286,0.000,0.714
706000,0.275,0.006,0.719
706500,0.235,0.001,0.764
707000,0.277,0.003,0.720
707500,0.259,0.001,0.741
708000,0.320,0.000,0.680
708500,0.286,0.000,0.714
709000,0.285,0.000,0.715
709500,0.256,0.000,0.744
710000,0.270,0.000,0.730
710500,0.272,0.000,0.728
711000,0.310,0.000,0.690
711500,0.317,0.000,0.683
712000,0.337,0.000,0.663
712500,0.284,0.000,0.716
713000,0.327,0.000,0.673
713500,0.285,0.000,0.715
714000,0.290,0.000,0.710
714500,0.338,0.000,0.662
715000,0.286,0.000,0.714
715500,0.279,0.000,0.722
716000,0.270,0.000,0.730
716500,0.314,0.000,0.686
717000,0.296,0.000,0.704
717500,0.290,0.000,0.710
718000,0.265,0.000,0.736
718500,0.288,0.000,0.712
719000,0.277,0.000,0.723
719500,0.212,0.004,0.784
720000,0.271,0.000,0.729
720500,0.219,0.000,0.781
721000,0.274,0.000,0.726
721500,0.267,0.000,0.734
722000,0.222,0.000,0.778
722500,0.311,0.000,0.689
723000,0.342,0.000,0.658
723500,0.280,0.000,0.720
724000,0.288,0.000,0.712
724500,0.282,0.000,0.718
725000,0.344,0.000,0.656
725500,0.293,0.000,0.707
726000,0.314,0.000,0.686
726500,0.332,0.000,0.668
727000,0.308,0.000,0.692
727500,0.299,0.000,0.701
728000,0.251,0.000,0.750
728500,0.343,0.000,0.657
729000,0.248,0.000,0.752
729500,0.243,0.002,0.755
730000,0.252,0.000,0.748
730500,0.317,0.000,0.683
731000,0.267,0.000,0.734
731500,0.267,0.000,0.734
732000,0.267,0.000,0.734
732500,0.337,0.000,0.663
733000,0.295,0.000,0.705
733500,0.293,0.000,0.707
734000,0.287,0.000,0.713
734500,0.336,0.000,0.664
735000,0.292,0.000,0.708
735500,0.320,0.000,0.680
736000,0.293,0.000,0.707
736500,0.270,0.000,0.730
737000,0.268,0.000,0.732
737500,0.277,0.004,0.719
738000,0.304,0.000,0.696
738500,0.280,0.000,0.720
739000,0.293,0.000,0.707
739500,0.226,0.000,0.774
740000,0.267,0.000,0.734
740500,0.261,0.000,0.739
741000,0.251,0.001,0.748
741500,0.263,0.000,0.738
742000,0.318,0.000,0.682
742500,0.265,0.000,0.736
743000,0.295,0.000,0.705
743500,0.283,0.000,0.717
744000,0.290,0.000,0.710
744500,0.296,0.000,0.704
745000,0.309,0.005,0.685
745500,0.265,0.000,0.736
746000,0.302,0.000,0.698
746500,0.281,0.000,0.719
747000,0.255,0.000,0.746
747500,0.302,0.000,0.698
748000,0.301,0.000,0.699
748500,0.341,0.000,0.659
749000,0.325,0.000,0.675
749500,0.256,0.000,0.744
750000,0.295,0.000,0.705
750500,0.321,0.000,0.679
751000,0.298,0.004,0.699
751500,0.332,0.000,0.668
752000,0.309,0.000,0.691
752500,0.317,0.000,0.683
753000,0.350,0.000,0.649
753500,0.384,0.000,0.617
754000,0.302,0.000,0.698
754500,0.263,0.000,0.738
755000,0.285,0.000,0.715
755500,0.244,0.000,0.756
756000,0.252,0.000,0.748
756500,0.251,0.000,0.749
757000,0.275,0.000,0.726
757500,0.331,0.000,0.669
758000,0.322,0.000,0.678
758500,0.243,0.000,0.757
759000,0.309,0.000,0.691
759500,0.289,0.000,0.711
760000,0.204,0.000,0.795
760500,0.306,0.000,0.694
761000,0.305,0.000,0.695
761500,0.290,0.000,0.710
762000,0.299,0.000,0.701
762500,0.286,0.000,0.714
763000,0.338,0.000,0.662
763500,0.267,0.000,0.733
764000,0.260,0.000,0.740
764500,0.264,0.002,0.735
765000,0.296,0.000,0.704
765500,0.256,0.000,0.744
766000,0.289,0.000,0.711
766500,0.242,0.000,0.758
767000,0.292,0.000,0.708
767500,0.304,0.000,0.696
768000,0.264,0.000,0.736
768500,0.229,0.000,0.771
769000,0.269,0.000,0.731
769500,0.308,0.003,0.689
770000,0.319,0.000,0.681
770500,0.323,0.000,0.677
771000,0.338,0.000,0.662
771500,0.211,0.000,0.788
772000,0.313,0.000,0.687
772500,0.313,0.000,0.687
773000,0.301,0.000,0.699
773500,0.456,0.000,0.544
774000,0.324,0.000,0.676
774500,0.229,0.000,0.771
775000,0.238,0.001,0.761
775500,0.235,0.000,0.765
776000,0.298,0.005,0.697
776500,0.302,0.000,0.698
777000,0.344,0.000,0.656
777500,0.318,0.000,0.682
778000,0.311,0.000,0.689
778500,0.233,0.000,0.767
779000,0.281,0.000,0.720
779500,0.243,0.000,0.756
780000,0.323,0.000,0.677
780500,0.308,0.000,0.692
781000,0.261,0.000,0.740
781500,0.274,0.000,0.726
782000,0.283,0.000,0.717
782500,0.312,0.000,0.688
783000,0.263,0.000,0.737
783500,0.323,0.000,0.677
784000,0.286,0.000,0.714
784500,0.246,0.000,0.754
785000,0.277,0.000,0.723
785500,0.348,0.000,0.652
786000,0.309,0.000,0.691
786500,0.287,0.000,0.713
787000,0.293,0.000,0.707
787500,0.315,0.000,0.685
788000,0.234,0.000,0.766
788500,0.234,0.000,0.766
789000,0.236,0.000,0.764
789500,0.315,0.000,0.685
790000,0.324,0.000,0.676
790500,0.290,0.000,0.710
791000,0.322,0.000,0.678
791500,0.234,0.000,0.766
792000,0.288,0.000,0.712
792500,0.286,0.000,0.714
793000,0.234,0.000,0.766
793500,0.286,0.000,0.714
794000,0.303,0.000,0.697
794500,0.282,0.000,0.718
795000,0.239,0.012,0.749
795500,0.207,0.001,0.792
796000,0.264,0.000,0.736
796500,0.281,0.000,0.720
797000,0.214,0.000,0.785
797500,0.263,0.000,0.738
798000,0.239,0.000,0.760
798500,0.249,0.009,0.743
799000,0.248,0.001,0.751
799500,0.277,0.001,0.723
800000,0.266,0.000,0.734
800500,0.258,0.000,0.742
801000,0.257,0.000,0.744
801500,0.284,0.000,0.716
802000,0.314,0.000,0.686
802500,0.287,0.000,0.713
803000,0.293,0.000,0.707
803500,0.284,0.000,0.716
804000,0.329,0.000,0.671
804500,0.254,0.000,0.746
805000,0.228,0.000,0.772
805500,0.234,0.001,0.766
806000,0.262,0.001,0.737
806500,0.290,0.000,0.710
807000,0.338,0.000,0.662
807500,0.274,0.000,0.726
808000,0.285,0.000,0.715
808500,0.292,0.000,0.708
809000,0.274,0.000,0.726
809500,0.319,0.000,0.681
810000,0.283,0.000,0.717
810500,0.249,0.000,0.750
811000,0.328,0.000,0.672
811500,0.293,0.000,0.707
812000,0.281,0.000,0.720
812500,0.241,0.000,0.759
813000,0.293,0.000,0.707
813500,0.273,0.000,0.727
814000,0.314,0.000,0.686
814500,0.234,0.000,0.766
815000,0.300,0.000,0.700
815500,0.267,0.004,0.729
816000,0.234,0.000,0.766
816500,0.247,0.000,0.752
817000,0.243,0.000,0.756
817500,0.286,0.000,0.714
818000,0.307,0.000,0.693
818500,0.331,0.000,0.669
819000,0.278,0.000,0.722
819500,0.271,0.003,0.726
820000,0.281,0.000,0.719
820500,0.327,0.000,0.673
821000,0.254,0.000,0.746
821500,0.263,0.000,0.738
822000,0.264,0.000,0.736
822500,0.260,0.003,0.738
823000,0.265,0.001,0.735
823500,0.295,0.000,0.705
824000,0.258,0.000,0.742
824500,0.315,0.000,0.685
825000,0.273,0.000,0.727
825500,0.275,0.000,0.726
826000,0.221,0.000,0.779
826500,0.227,0.000,0.773
827000,0.289,0.000,0.711
827500,0.312,0.000,0.688
828000,0.287,0.000,0.713
828500,0.334,0.000,0.666
829000,0.297,0.000,0.703
829500,0.284,0.000,0.716
830000,0.276,0.000,0.724
830500,0.347,0.000,0.653
831000,0.354,0.000,0.646
831500,0.374,0.000,0.626
832000,0.306,0.000,0.694
832500,0.236,0.000,0.764
833000,0.257,0.000,0.744
833500,0.241,0.000,0.759
834000,0.282,0.002,0.717
834500,0.184,0.000,0.816
835000,0.297,0.000,0.703
835500,0.311,0.000,0.689
836000,0.284,0.000,0.716
836500,0.284,0.000,0.716
837000,0.357,0.000,0.643
837500,0.337,0.000,0.663
838000,0.332,0.000,0.668
838500,0.288,0.000,0.712
839000,0.269,0.000,0.731
839500,0.301,0.000,0.699
840000,0.251,0.000,0.750
840500,0.256,0.000,0.744
841000,0.322,0.000,0.678
841500,0.285,0.000,0.715
842000,0.234,0.000,0.766
842500,0.290,0.000,0.710
843000,0.276,0.004,0.721
843500,0.318,0.001,0.681
844000,0.283,0.000,0.717
844500,0.226,0.000,0.774
845000,0.258,0.000,0.742
845500,0.220,0.007,0.773
846000,0.233,0.003,0.764
846500,0.314,0.000,0.686
847000,0.290,0.000,0.710
847500,0.291,0.000,0.709
848000,0.243,0.000,0.756
848500,0.285,0.006,0.709
849000,0.324,0.001,0.675
849500,0.262,0.000,0.738
850000,0.262,0.000,0.738
850500,0.364,0.000,0.635
851000,0.294,0.000,0.706
851500,0.259,0.000,0.742
852000,0.310,0.000,0.690
852500,0.276,0.000,0.724
853000,0.350,0.000,0.650
853500,0.281,0.000,0.719
854000,0.291,0.000,0.709
854500,0.263,0.000,0.738
855000,0.262,0.000,0.738
855500,0.263,0.000,0.738
856000,0.248,0.000,0.752
856500,0.303,0.000,0.697
857000,0.300,0.000,0.700
857500,0.276,0.000,0.724
858000,0.270,0.000,0.730
858500,0.312,0.000,0.688
859000,0.299,0.000,0.701
859500,0.269,0.000,0.732
860000,0.235,0.000,0.765
860500,0.340,0.000,0.660
861000,0.301,0.000,0.699
861500,0.291,0.000,0.709
862000,0.296,0.000,0.704
862500,0.315,0.000,0.685
863000,0.251,0.000,0.750
863500,0.263,0.000,0.738
864000,0.320,0.000,0.680
864500,0.242,0.000,0.758
865000,0.253,0.002,0.746
865500,0.232,0.000,0.768
866000,0.265,0.000,0.736
866500,0.258,0.000,0.742
867000,0.254,0.000,0.746
867500,0.224,0.000,0.776
868000,0.313,0.000,0.687
868500,0.298,0.000,0.702
869000,0.262,0.000,0.738
869500,0.302,0.000,0.698
870000,0.257,0.000,0.743
870500,0.246,0.000,0.754
871000,0.262,0.000,0.738
871500,0.284,0.000,0.716
872000,0.262,0.000,0.738
872500,0.283,0.000,0.717
873000,0.228,0.000,0.772
873500,0.257,0.000,0.744
874000,0.257,0.000,0.743
874500,0.258,0.000,0.742
875000,0.310,0.000,0.690
875500,0.213,0.000,0.786
876000,0.264,0.000,0.736
876500,0.272,0.000,0.728
877000,0.211,0.000,0.788
877500,0.234,0.009,0.757
878000,0.307,0.001,0.693
878500,0.303,0.000,0.697
879000,0.256,0.004,0.741
879500,0.248,0.000,0.752
880000,0.241,0.000,0.759
880500,0.279,0.000,0.721
881000,0.342,0.000,0.658
881500,0.249,0.000,0.750
882000,0.314,0.000,0.686
882500,0.335,0.000,0.665
883000,0.276,0.000,0.724
883500,0.307,0.000,0.693
884000,0.327,0.000,0.673
884500,0.321,0.000,0.679
885000,0.287,0.000,0.713
885500,0.274,0.000,0.726
886000,0.275,0.000,0.726
886500,0.248,0.000,0.752
887000,0.270,0.000,0.730
887500,0.225,0.000,0.775
888000,0.283,0.000,0.717
888500,0.300,0.000,0.700
889000,0.286,0.000,0.714
889500,0.341,0.000,0.659
890000,0.326,0.000,0.674
890500,0.295,0.000,0.705
891000,0.317,0.000,0.683
891500,0.245,0.000,0.754
892000,0.238,0.000,0.762
892500,0.278,0.000,0.722
893000,0.291,0.000,0.709
893500,0.309,0.000,0.691
894000,0.348,0.000,0.651
894500,0.310,0.000,0.690
895000,0.264,0.000,0.736
895500,0.287,0.000,0.713
896000,0.300,0.000,0.700
896500,0.268,0.000,0.732
897000,0.306,0.000,0.694
897500,0.309,0.000,0.691
898000,0.320,0.000,0.680
898500,0.311,0.000,0.689
899000,0.270,0.000,0.730
899500,0.273,0.000,0.728
900000,0.295,0.002,0.704
900500,0.290,0.000,0.710
901000,0.223,0.003,0.774
901500,0.283,0.000,0.717
902000,0.320,0.000,0.680
902500,0.285,0.000,0.715
903000,0.279,0.000,0.721
903500,0.311,0.000,0.689
904000,0.345,0.000,0.655
904500,0.342,0.000,0.658
905000,0.344,0.000,0.655
905500,0.313,0.000,0.687
906000,0.253,0.000,0.748
906500,0.322,0.000,0.678
907000,0.300,0.000,0.700
907500,0.251,0.007,0.742
908000,0.258,0.000,0.742
908500,0.245,0.000,0.755
909000,0.276,0.007,0.717
909500,0.271,0.002,0.727
910000,0.319,0.000,0.681
910500,0.258,0.000,0.742
911000,0.279,0.000,0.721
911500,0.272,0.000,0.728
912000,0.265,0.000,0.736
912500,0.299,0.000,0.701
913000,0.303,0.000,0.697
913500,0.298,0.000,0.702
914000,0.276,0.000,0.724
914500,0.332,0.000,0.668
915000,0.276,0.000,0.724
915500,0.293,0.000,0.707
916000,0.252,0.000,0.748
916500,0.252,0.000,0.748
917000,0.287,0.000,0.713
917500,0.347,0.000,0.653
918000,0.301,0.000,0.699
918500,0.291,0.000,0.709
919000,0.307,0.000,0.693
919500,0.259,0.000,0.741
920000,0.309,0.000,0.691
920500,0.266,0.000,0.734
921000,0.284,0.000,0.716
921500,0.262,0.000,0.738
922000,0.259,0.000,0.741
922500,0.253,0.000,0.748
923000,0.283,0.000,0.717
923500,0.269,0.000,0.731
924000,0.344,0.000,0.656
924500,0.299,0.000,0.701
925000,0.325,0.001,0.674
925500,0.293,0.000,0.707
926000,0.354,0.000,0.645
926500,0.294,0.000,0.706
927000,0.328,0.000,0.672
927500,0.309,0.000,0.691
928000,0.308,0.000,0.692
928500,0.283,0.000,0.717
929000,0.281,0.000,0.720
929500,0.291,0.000,0.709
930000,0.292,0.000,0.708
930500,0.281,0.000,0.720
931000,0.312,0.000,0.688
931500,0.265,0.000,0.735
932000,0.264,0.000,0.736
932500,0.276,0.008,0.716
933000,0.269,0.001,0.731
933500,0.325,0.000,0.675
934000,0.255,0.000,0.745
934500,0.280,0.000,0.720
935000,0.266,0.000,0.734
935500,0.252,0.000,0.748
936000,0.279,0.000,0.722
936500,0.325,0.000,0.675
937000,0.348,0.000,0.652
937500,0.262,0.000,0.738
938000,0.286,0.000,0.714
938500,0.283,0.000,0.717
939000,0.302,0.000,0.698
939500,0.282,0.000,0.718
940000,0.261,0.000,0.740
940500,0.242,0.000,0.758
941000,0.330,0.000,0.670
941500,0.269,0.000,0.732
942000,0.263,0.000,0.738
942500,0.280,0.000,0.720
943000,0.247,0.000,0.752
943500,0.271,0.000,0.729
944000,0.320,0.000,0.680
944500,0.257,0.000,0.744
945000,0.295,0.000,0.705
945500,0.301,0.000,0.699
946000,0.208,0.000,0.792
946500,0.272,0.000,0.728
947000,0.236,0.000,0.764
947500,0.277,0.000,0.723
948000,0.286,0.000,0.714
948500,0.294,0.000,0.706
949000,0.254,0.000,0.746
949500,0.249,0.001,0.750
950000,0.310,0.000,0.690
950500,0.337,0.000,0.663
951000,0.335,0.000,0.665
951500,0.300,0.000,0.700
952000,0.326,0.000,0.674
952500,0.307,0.000,0.693
953000,0.282,0.000,0.718
953500,0.301,0.003,0.696
954000,0.306,0.000,0.694
954500,0.357,0.000,0.643
955000,0.299,0.000,0.701
955500,0.277,0.000,0.724
956000,0.333,0.000,0.667
956500,0.330,0.000,0.670
957000,0.303,0.000,0.697
957500,0.283,0.000,0.717
958000,0.310,0.000,0.690
958500,0.276,0.000,0.724
959000,0.329,0.000,0.671
959500,0.330,0.000,0.670
960000,0.264,0.000,0.736
960500,0.257,0.000,0.743
961000,0.228,0.000,0.772
961500,0.235,0.005,0.759
962000,0.287,0.000,0.713
962500,0.343,0.000,0.657
963000,0.355,0.000,0.645
963500,0.298,0.000,0.702
964000,0.364,0.000,0.635
964500,0.286,0.000,0.714
965000,0.292,0.000,0.708
965500,0.288,0.000,0.712
966000,0.227,0.000,0.773
966500,0.275,0.000,0.726
967000,0.285,0.000,0.715
967500,0.302,0.000,0.698
968000,0.283,0.000,0.717
968500,0.279,0.000,0.721
969000,0.251,0.000,0.750
969500,0.236,0.001,0.763
970000,0.260,0.000,0.740
970500,0.237,0.000,0.763
971000,0.274,0.000,0.726
971500,0.256,0.006,0.738
972000,0.255,0.001,0.745
972500,0.310,0.000,0.690
973000,0.283,0.000,0.717
973500,0.315,0.000,0.685
974000,0.325,0.000,0.675
974500,0.300,0.000,0.700
975000,0.270,0.000,0.730
975500,0.257,0.000,0.744
976000,0.242,0.000,0.758
976500,0.268,0.000,0.732
977000,0.315,0.000,0.685
977500,0.276,0.000,0.724
978000,0.258,0.000,0.742
978500,0.335,0.000,0.665
979000,0.280,0.000,0.720
979500,0.231,0.000,0.769
980000,0.282,0.000,0.718
980500,0.290,0.000,0.710
981000,0.329,0.000,0.671
981500,0.289,0.000,0.711
982000,0.239,0.000,0.760
982500,0.298,0.000,0.702
983000,0.252,0.000,0.748
983500,0.356,0.000,0.644
984000,0.309,0.000,0.691
984500,0.288,0.000,0.712
985000,0.288,0.000,0.712
985500,0.258,0.000,0.742
986000,0.288,0.000,0.712
986500,0.269,0.000,0.731
987000,0.283,0.000,0.717
987500,0.290,0.000,0.710
988000,0.318,0.000,0.682
988500,0.236,0.000,0.764
989000,0.248,0.003,0.749
989500,0.277,0.001,0.723
990000,0.321,0.000,0.679
990500,0.299,0.000,0.701
991000,0.316,0.000,0.684
991500,0.364,0.000,0.635
992000,0.307,0.000,0.693
992500,0.280,0.001,0.720
993000,0.242,0.000,0.758
993500,0.264,0.000,0.736
994000,0.282,0.000,0.718
994500,0.273,0.000,0.727
995000,0.261,0.002,0.738
995500,0.259,0.000,0.741
996000,0.214,0.008,0.777
996500,0.240,0.001,0.759
997000,0.347,0.000,0.653
997500,0.290,0.000,0.710
998000,0.249,0.000,0.750
998500,0.270,0.000,0.730
999000,0.247,0.000,0.752
999500,0.289,0.000,0.711
1000000,0.293,0.000,0.707
