time,n_A+p,n_B,n_AB
500,0.010,0.984,0.006
1000,0.010,0.982,0.008
1500,0.010,0.973,0.017
2000,0.010,0.969,0.021
2500,0.010,0.964,0.026
3000,0.010,0.956,0.034
3500,0.010,0.955,0.035
4000,0.010,0.950,0.040
4500,0.010,0.954,0.036
5000,0.010,0.941,0.049
5500,0.010,0.943,0.047
6000,0.010,0.956,0.034
6500,0.010,0.962,0.028
7000,0.010,0.958,0.032
7500,0.010,0.967,0.023
8000,0.010,0.972,0.018
8500,0.010,0.967,0.023
9000,0.010,0.967,0.023
9500,0.010,0.962,0.028
10000,0.010,0.968,0.022
10500,0.010,0.964,0.026
11000,0.010,0.961,0.029
11500,0.010,0.945,0.045
12000,0.010,0.952,0.038
12500,0.010,0.951,0.039
13000,0.010,0.947,0.043
13500,0.010,0.953,0.037
14000,0.010,0.951,0.039
14500,0.010,0.951,0.039
15000,0.010,0.951,0.039
15500,0.010,0.950,0.040
16000,0.010,0.955,0.035
16500,0.010,0.949,0.041
17000,0.010,0.959,0.031
17500,0.010,0.965,0.025
18000,0.010,0.964,0.026
18500,0.010,0.962,0.028
19000,0.010,0.966,0.024
19500,0.010,0.965,0.025
20000,0.010,0.970,0.020
20500,0.010,0.976,0.014
21000,0.010,0.971,0.019
21500,0.010,0.962,0.028
22000,0.010,0.955,0.035
22500,0.010,0.956,0.034
23000,0.010,0.962,0.028
23500,0.010,0.963,0.027
24000,0.010,0.965,0.025
24500,0.010,0.961,0.029
25000,0.010,0.956,0.034
25500,0.010,0.939,0.051
26000,0.010,0.948,0.042
26500,0.010,0.951,0.039
27000,0.010,0.951,0.039
27500,0.010,0.945,0.045
28000,0.010,0.948,0.042
28500,0.010,0.953,0.037
29000,0.010,0.956,0.034
29500,0.010,0.967,0.023
30000,0.010,0.965,0.025
30500,0.010,0.970,0.020
31000,0.010,0.962,0.028
31500,0.010,0.966,0.024
32000,0.010,0.958,0.032
32500,0.010,0.966,0.024
33000,0.010,0.974,0.016
33500,0.010,0.971,0.019
34000,0.010,0.966,0.024
34500,0.010,0.963,0.027
35000,0.010,0.954,0.036
35500,0.010,0.954,0.036
36000,0.010,0.956,0.034
36500,0.010,0.962,0.028
37000,0.010,0.964,0.026
37500,0.010,0.964,0.026
38000,0.010,0.963,0.027
38500,0.010,0.965,0.025
39000,0.010,0.970,0.020
39500,0.010,0.964,0.026
40000,0.010,0.965,0.025
40500,0.010,0.959,0.031
41000,0.010,0.966,0.024
41500,0.010,0.959,0.031
42000,0.010,0.958,0.032
42500,0.010,0.963,0.027
43000,0.010,0.965,0.025
43500,0.010,0.972,0.018
44000,0.010,0.968,0.022
44500,0.010,0.962,0.028
45000,0.010,0.959,0.031
45500,0.010,0.957,0.033
46000,0.010,0.961,0.029
46500,0.010,0.957,0.033
47000,0.010,0.959,0.031
47500,0.010,0.964,0.026
48000,0.010,0.955,0.035
48500,0.010,0.966,0.024
49000,0.010,0.966,0.024
49500,0.010,0.955,0.035
50000,0.010,0.946,0.044
50500,0.010,0.950,0.040
51000,0.010,0.944,0.046
51500,0.010,0.952,0.038
52000,0.010,0.957,0.033
52500,0.010,0.956,0.034
53000,0.010,0.956,0.034
53500,0.010,0.957,0.033
54000,0.010,0.953,0.037
54500,0.010,0.955,0.035
55000,0.010,0.952,0.038
55500,0.010,0.960,0.030
56000,0.010,0.970,0.020
56500,0.010,0.965,0.025
57000,0.010,0.967,0.023
57500,0.010,0.960,0.030
58000,0.010,0.960,0.030
58500,0.010,0.958,0.032
59000,0.010,0.957,0.033
59500,0.010,0.969,0.021
60000,0.010,0.958,0.032
60500,0.010,0.948,0.042
61000,0.010,0.953,0.037
61500,0.010,0.951,0.039
62000,0.010,0.957,0.033
62500,0.010,0.951,0.039
63000,0.010,0.953,0.037
63500,0.010,0.959,0.031
64000,0.010,0.962,0.028
64500,0.010,0.964,0.026
65000,0.010,0.961,0.029
65500,0.010,0.959,0.031
66000,0.010,0.955,0.035
66500,0.010,0.956,0.034
67000,0.010,0.954,0.036
67500,0.010,0.957,0.033
68000,0.010,0.947,0.043
68500,0.010,0.960,0.030
69000,0.010,0.967,0.023
69500,0.010,0.971,0.019
70000,0.010,0.973,0.017
70500,0.010,0.971,0.019
71000,0.010,0.970,0.020
71500,0.010,0.965,0.025
72000,0.010,0.961,0.029
72500,0.010,0.962,0.028
73000,0.010,0.961,0.029
73500,0.010,0.953,0.037
74000,0.010,0.958,0.032
74500,0.010,0.958,0.032
75000,0.010,0.951,0.039
75500,0.010,0.960,0.030
76000,0.010,0.961,0.029
76500,0.010,0.966,0.024
77000,0.010,0.963,0.027
77500,0.010,0.962,0.028
78000,0.010,0.959,0.031
78500,0.010,0.959,0.031
79000,0.010,0.957,0.033
79500,0.010,0.958,0.032
80000,0.010,0.962,0.028
80500,0.010,0.950,0.040
81000,0.010,0.955,0.035
81500,0.010,0.948,0.042
82000,0.010,0.942,0.048
82500,0.010,0.936,0.053
83000,0.010,0.945,0.045
83500,0.010,0.950,0.040
84000,0.010,0.946,0.044
84500,0.010,0.958,0.032
85000,0.010,0.943,0.047
85500,0.010,0.960,0.030
86000,0.010,0.958,0.032
86500,0.010,0.964,0.026
87000,0.010,0.964,0.026
87500,0.010,0.960,0.030
88000,0.010,0.957,0.033
88500,0.010,0.962,0.028
89000,0.010,0.967,0.023
89500,0.010,0.965,0.025
90000,0.010,0.956,0.034
90500,0.010,0.952,0.038
91000,0.010,0.959,0.031
91500,0.010,0.961,0.029
92000,0.010,0.963,0.027
92500,0.010,0.963,0.027
93000,0.010,0.957,0.033
93500,0.010,0.959,0.031
94000,0.010,0.959,0.031
94500,0.010,0.967,0.023
95000,0.010,0.966,0.024
95500,0.010,0.970,0.020
96000,0.010,0.974,0.016
96500,0.010,0.973,0.017
97000,0.010,0.968,0.022
97500,0.010,0.966,0.024
98000,0.010,0.962,0.028
98500,0.010,0.961,0.029
99000,0.010,0.958,0.032
99500,0.010,0.951,0.039
100000,0.010,0.963,0.027
100500,0.010,0.970,0.020
101000,0.010,0.966,0.024
101500,0.010,0.970,0.020
102000,0.010,0.972,0.018
102500,0.010,0.965,0.025
103000,0.010,0.962,0.028
103500,0.010,0.966,0.024
104000,0.010,0.970,0.020
104500,0.010,0.973,0.017
105000,0.010,0.976,0.014
105500,0.010,0.970,0.020
106000,0.010,0.958,0.032
106500,0.010,0.965,0.025
107000,0.010,0.960,0.030
107500,0.010,0.969,0.021
108000,0.010,0.973,0.017
108500,0.010,0.975,0.015
109000,0.010,0.971,0.019
109500,0.010,0.965,0.025
110000,0.010,0.968,0.022
110500,0.010,0.966,0.024
111000,0.010,0.967,0.023
111500,0.010,0.967,0.023
112000,0.010,0.967,0.023
112500,0.010,0.974,0.016
113000,0.010,0.971,0.019
113500,0.010,0.963,0.027
114000,0.010,0.962,0.028
114500,0.010,0.955,0.035
115000,0.010,0.958,0.032
115500,0.010,0.950,0.040
116000,0.010,0.970,0.020
116500,0.010,0.976,0.014
117000,0.010,0.975,0.015
117500,0.010,0.973,0.017
118000,0.010,0.969,0.021
118500,0.010,0.960,0.030
119000,0.010,0.956,0.034
119500,0.010,0.969,0.021
120000,0.010,0.970,0.020
120500,0.010,0.969,0.021
121000,0.010,0.968,0.022
121500,0.010,0.966,0.024
122000,0.010,0.963,0.027
122500,0.010,0.960,0.030
123000,0.010,0.960,0.030
123500,0.010,0.958,0.032
124000,0.010,0.959,0.031
124500,0.010,0.964,0.026
125000,0.010,0.969,0.021
125500,0.010,0.973,0.017
126000,0.010,0.971,0.019
126500,0.010,0.964,0.026
127000,0.010,0.955,0.035
127500,0.010,0.958,0.032
128000,0.010,0.951,0.039
128500,0.010,0.965,0.025
129000,0.010,0.965,0.025
129500,0.010,0.947,0.043
130000,0.010,0.954,0.036
130500,0.010,0.949,0.041
131000,0.010,0.957,0.033
131500,0.010,0.962,0.028
132000,0.010,0.965,0.025
132500,0.010,0.964,0.026
133000,0.010,0.964,0.026
133500,0.010,0.969,0.021
134000,0.010,0.969,0.021
134500,0.010,0.968,0.022
135000,0.010,0.973,0.017
135500,0.010,0.974,0.016
136000,0.010,0.970,0.020
136500,0.010,0.968,0.022
137000,0.010,0.974,0.016
137500,0.010,0.967,0.023
138000,0.010,0.971,0.019
138500,0.010,0.970,0.020
139000,0.010,0.966,0.024
139500,0.010,0.970,0.020
140000,0.010,0.969,0.021
140500,0.010,0.976,0.014
141000,0.010,0.966,0.024
141500,0.010,0.962,0.028
142000,0.010,0.958,0.032
142500,0.010,0.959,0.031
143000,0.010,0.955,0.035
143500,0.010,0.964,0.026
144000,0.010,0.960,0.030
144500,0.010,0.954,0.036
145000,0.010,0.952,0.038
145500,0.010,0.940,0.050
146000,0.010,0.944,0.046
146500,0.010,0.953,0.037
147000,0.010,0.961,0.029
147500,0.010,0.953,0.037
148000,0.010,0.955,0.035
148500,0.010,0.958,0.032
149000,0.010,0.949,0.041
149500,0.010,0.962,0.028
150000,0.010,0.966,0.024
150500,0.010,0.960,0.030
151000,0.010,0.959,0.031
151500,0.010,0.953,0.037
152000,0.010,0.961,0.029
152500,0.010,0.948,0.042
153000,0.010,0.947,0.043
153500,0.010,0.950,0.040
154000,0.010,0.951,0.039
154500,0.010,0.957,0.033
155000,0.010,0.967,0.023
155500,0.010,0.965,0.025
156000,0.010,0.958,0.032
156500,0.010,0.953,0.037
157000,0.010,0.956,0.034
157500,0.010,0.962,0.028
158000,0.010,0.966,0.024
158500,0.010,0.965,0.025
159000,0.010,0.966,0.024
159500,0.010,0.968,0.022
160000,0.010,0.974,0.016
160500,0.010,0.971,0.019
161000,0.010,0.972,0.018
161500,0.010,0.978,0.012
162000,0.010,0.975,0.015
162500,0.010,0.971,0.019
163000,0.010,0.970,0.020
163500,0.010,0.968,0.022
164000,0.010,0.966,0.024
164500,0.010,0.968,0.022
165000,0.010,0.964,0.026
165500,0.010,0.961,0.029
166000,0.010,0.960,0.030
166500,0.010,0.958,0.032
167000,0.010,0.967,0.023
167500,0.010,0.964,0.026
168000,0.010,0.977,0.013
168500,0.010,0.970,0.020
169000,0.010,0.967,0.023
169500,0.010,0.969,0.021
170000,0.010,0.962,0.028
170500,0.010,0.966,0.024
171000,0.010,0.971,0.019
171500,0.010,0.966,0.024
172000,0.010,0.974,0.016
172500,0.010,0.974,0.016
173000,0.010,0.973,0.017
173500,0.010,0.973,0.017
174000,0.010,0.976,0.014
174500,0.010,0.968,0.022
175000,0.010,0.964,0.026
175500,0.010,0.952,0.038
176000,0.010,0.959,0.031
176500,0.010,0.963,0.027
177000,0.010,0.956,0.034
177500,0.010,0.951,0.039
178000,0.010,0.965,0.025
178500,0.010,0.962,0.028
179000,0.010,0.964,0.026
179500,0.010,0.961,0.029
180000,0.010,0.964,0.026
180500,0.010,0.963,0.027
181000,0.010,0.961,0.029
181500,0.010,0.955,0.035
182000,0.010,0.952,0.038
182500,0.010,0.952,0.038
183000,0.010,0.960,0.030
183500,0.010,0.956,0.034
184000,0.010,0.957,0.033
184500,0.010,0.970,0.020
185000,0.010,0.971,0.019
185500,0.010,0.972,0.018
186000,0.010,0.967,0.023
186500,0.010,0.957,0.033
187000,0.010,0.962,0.028
187500,0.010,0.957,0.033
188000,0.010,0.965,0.025
188500,0.010,0.958,0.032
189000,0.010,0.960,0.030
189500,0.010,0.958,0.032
190000,0.010,0.955,0.035
190500,0.010,0.960,0.030
191000,0.010,0.961,0.029
191500,0.010,0.970,0.020
192000,0.010,0.968,0.022
192500,0.010,0.971,0.019
193000,0.010,0.972,0.018
193500,0.010,0.967,0.023
194000,0.010,0.967,0.023
194500,0.010,0.964,0.026
195000,0.010,0.965,0.025
195500,0.010,0.968,0.022
196000,0.010,0.968,0.022
196500,0.010,0.970,0.020
197000,0.010,0.965,0.025
197500,0.010,0.950,0.040
198000,0.010,0.952,0.038
198500,0.010,0.954,0.036
199000,0.010,0.967,0.023
199500,0.010,0.967,0.023
200000,0.010,0.968,0.022
200500,0.010,0.965,0.025
201000,0.010,0.960,0.030
201500,0.010,0.957,0.033
202000,0.010,0.961,0.029
202500,0.010,0.960,0.030
203000,0.010,0.960,0.030
203500,0.010,0.961,0.029
204000,0.010,0.958,0.032
204500,0.010,0.959,0.031
205000,0.010,0.957,0.033
205500,0.010,0.946,0.044
206000,0.010,0.944,0.046
206500,0.010,0.947,0.043
207000,0.010,0.958,0.032
207500,0.010,0.947,0.043
208000,0.010,0.952,0.038
208500,0.010,0.949,0.041
209000,0.010,0.945,0.045
209500,0.010,0.944,0.046
210000,0.011,0.933,0.055
210500,0.011,0.932,0.057
211000,0.010,0.944,0.046
211500,0.010,0.945,0.045
212000,0.010,0.944,0.046
212500,0.010,0.950,0.040
213000,0.010,0.957,0.033
213500,0.010,0.961,0.029
214000,0.010,0.966,0.024
214500,0.010,0.967,0.023
215000,0.010,0.969,0.021
215500,0.010,0.971,0.019
216000,0.010,0.971,0.019
216500,0.010,0.970,0.020
217000,0.010,0.969,0.021
217500,0.010,0.973,0.017
218000,0.010,0.968,0.022
218500,0.010,0.965,0.025
219000,0.010,0.965,0.025
219500,0.010,0.966,0.024
220000,0.010,0.971,0.019
220500,0.010,0.964,0.026
221000,0.010,0.962,0.028
221500,0.010,0.962,0.028
222000,0.010,0.964,0.026
222500,0.010,0.969,0.021
223000,0.010,0.969,0.021
223500,0.010,0.974,0.016
224000,0.010,0.957,0.033
224500,0.010,0.959,0.031
225000,0.010,0.970,0.020
225500,0.010,0.968,0.022
226000,0.010,0.960,0.030
226500,0.010,0.958,0.032
227000,0.010,0.959,0.031
227500,0.010,0.962,0.028
228000,0.010,0.951,0.039
228500,0.010,0.950,0.040
229000,0.010,0.957,0.033
229500,0.010,0.961,0.029
230000,0.010,0.963,0.027
230500,0.010,0.957,0.033
231000,0.010,0.947,0.043
231500,0.010,0.944,0.046
232000,0.010,0.954,0.036
232500,0.010,0.950,0.040
233000,0.010,0.954,0.036
233500,0.010,0.951,0.039
234000,0.010,0.958,0.032
234500,0.010,0.954,0.036
235000,0.010,0.959,0.031
235500,0.010,0.954,0.036
236000,0.010,0.953,0.037
236500,0.010,0.959,0.031
237000,0.010,0.957,0.033
237500,0.010,0.945,0.045
238000,0.010,0.948,0.042
238500,0.010,0.958,0.032
239000,0.010,0.957,0.033
239500,0.010,0.959,0.031
240000,0.010,0.959,0.031
240500,0.010,0.962,0.028
241000,0.010,0.951,0.039
241500,0.010,0.959,0.031
242000,0.010,0.956,0.034
242500,0.010,0.956,0.034
243000,0.010,0.967,0.023
243500,0.010,0.967,0.023
244000,0.010,0.963,0.027
244500,0.010,0.973,0.017
245000,0.010,0.975,0.015
245500,0.010,0.961,0.029
246000,0.010,0.966,0.024
246500,0.010,0.974,0.016
247000,0.010,0.975,0.015
247500,0.010,0.968,0.022
248000,0.010,0.973,0.017
248500,0.010,0.968,0.022
249000,0.010,0.964,0.026
249500,0.010,0.968,0.022
250000,0.010,0.971,0.019
250500,0.010,0.971,0.019
251000,0.010,0.973,0.017
251500,0.010,0.970,0.020
252000,0.010,0.972,0.018
252500,0.010,0.971,0.019
253000,0.010,0.973,0.017
253500,0.010,0.977,0.013
254000,0.010,0.974,0.016
254500,0.010,0.964,0.026
255000,0.010,0.968,0.022
255500,0.010,0.963,0.027
256000,0.010,0.958,0.032
256500,0.010,0.967,0.023
257000,0.010,0.957,0.033
257500,0.010,0.966,0.024
258000,0.010,0.964,0.026
258500,0.010,0.955,0.035
259000,0.010,0.956,0.034
259500,0.010,0.954,0.036
260000,0.010,0.954,0.036
260500,0.010,0.949,0.041
261000,0.010,0.942,0.048
261500,0.010,0.949,0.041
262000,0.010,0.953,0.037
262500,0.010,0.954,0.036
263000,0.010,0.956,0.034
263500,0.010,0.962,0.028
264000,0.010,0.960,0.030
264500,0.010,0.951,0.039
265000,0.010,0.955,0.035
265500,0.010,0.954,0.036
266000,0.010,0.959,0.031
266500,0.010,0.967,0.023
267000,0.010,0.971,0.019
267500,0.010,0.973,0.017
268000,0.010,0.973,0.017
268500,0.010,0.964,0.026
269000,0.010,0.965,0.025
269500,0.010,0.964,0.026
270000,0.010,0.966,0.024
270500,0.010,0.966,0.024
271000,0.010,0.967,0.023
271500,0.010,0.961,0.029
272000,0.010,0.963,0.027
272500,0.010,0.963,0.027
273000,0.010,0.960,0.030
273500,0.010,0.956,0.034
274000,0.010,0.958,0.032
274500,0.010,0.963,0.027
275000,0.010,0.963,0.027
275500,0.010,0.967,0.023
276000,0.010,0.968,0.022
276500,0.010,0.959,0.031
277000,0.010,0.963,0.027
277500,0.010,0.968,0.022
278000,0.010,0.968,0.022
278500,0.010,0.968,0.022
279000,0.010,0.957,0.033
279500,0.010,0.959,0.031
280000,0.010,0.956,0.034
280500,0.010,0.957,0.033
281000,0.010,0.954,0.036
281500,0.010,0.953,0.037
282000,0.010,0.951,0.039
282500,0.010,0.950,0.040
283000,0.010,0.959,0.031
283500,0.010,0.961,0.029
284000,0.010,0.956,0.034
284500,0.010,0.961,0.029
285000,0.010,0.962,0.028
285500,0.010,0.963,0.027
286000,0.010,0.953,0.037
286500,0.010,0.961,0.029
287000,0.010,0.969,0.021
287500,0.010,0.972,0.018
288000,0.010,0.965,0.025
288500,0.010,0.964,0.026
289000,0.010,0.963,0.027
289500,0.010,0.972,0.018
290000,0.010,0.967,0.023
290500,0.010,0.965,0.025
291000,0.010,0.970,0.020
291500,0.010,0.964,0.026
292000,0.010,0.960,0.030
292500,0.010,0.963,0.027
293000,0.010,0.959,0.031
293500,0.010,0.955,0.035
294000,0.010,0.952,0.038
294500,0.010,0.963,0.027
295000,0.010,0.971,0.019
295500,0.010,0.963,0.027
296000,0.010,0.963,0.027
296500,0.010,0.968,0.022
297000,0.010,0.972,0.018
297500,0.010,0.965,0.025
298000,0.010,0.962,0.028
298500,0.010,0.962,0.028
299000,0.010,0.968,0.022
299500,0.010,0.962,0.028
300000,0.010,0.968,0.022
300500,0.010,0.966,0.024
301000,0.010,0.959,0.031
301500,0.010,0.960,0.030
302000,0.010,0.969,0.021
302500,0.010,0.969,0.021
303000,0.010,0.975,0.015
303500,0.010,0.971,0.019
304000,0.010,0.971,0.019
304500,0.010,0.964,0.026
305000,0.010,0.959,0.031
305500,0.010,0.962,0.028
306000,0.010,0.950,0.040
306500,0.010,0.954,0.036
307000,0.010,0.955,0.035
307500,0.010,0.946,0.044
308000,0.010,0.972,0.018
308500,0.010,0.972,0.018
309000,0.010,0.976,0.014
309500,0.010,0.980,0.010
310000,0.010,0.979,0.011
310500,0.010,0.980,0.010
311000,0.010,0.972,0.018
311500,0.010,0.965,0.025
312000,0.010,0.968,0.022
312500,0.010,0.974,0.016
313000,0.010,0.972,0.018
313500,0.010,0.978,0.012
314000,0.010,0.977,0.013
314500,0.010,0.973,0.017
315000,0.010,0.967,0.023
315500,0.010,0.967,0.023
316000,0.010,0.965,0.025
316500,0.010,0.964,0.026
317000,0.010,0.966,0.024
317500,0.010,0.967,0.023
318000,0.010,0.964,0.026
318500,0.010,0.963,0.027
319000,0.010,0.963,0.027
319500,0.010,0.967,0.023
320000,0.010,0.967,0.023
320500,0.010,0.964,0.026
321000,0.010,0.966,0.024
321500,0.010,0.961,0.029
322000,0.010,0.960,0.030
322500,0.010,0.958,0.032
323000,0.010,0.962,0.028
323500,0.010,0.959,0.031
324000,0.010,0.962,0.028
324500,0.010,0.951,0.039
325000,0.010,0.953,0.037
325500,0.010,0.956,0.034
326000,0.010,0.957,0.033
326500,0.010,0.945,0.045
327000,0.010,0.951,0.039
327500,0.010,0.965,0.025
328000,0.010,0.956,0.034
328500,0.010,0.956,0.034
329000,0.010,0.957,0.033
329500,0.010,0.956,0.034
330000,0.010,0.952,0.038
330500,0.010,0.949,0.041
331000,0.010,0.949,0.041
331500,0.010,0.958,0.032
332000,0.010,0.953,0.037
332500,0.010,0.955,0.035
333000,0.010,0.958,0.032
333500,0.010,0.950,0.040
334000,0.010,0.959,0.031
334500,0.010,0.964,0.026
335000,0.010,0.956,0.034
335500,0.010,0.949,0.041
336000,0.010,0.955,0.035
336500,0.010,0.956,0.034
337000,0.010,0.964,0.026
337500,0.010,0.964,0.026
338000,0.010,0.975,0.015
338500,0.010,0.973,0.017
339000,0.010,0.969,0.021
339500,0.010,0.971,0.019
340000,0.010,0.962,0.028
340500,0.010,0.957,0.033
341000,0.010,0.954,0.036
341500,0.010,0.942,0.048
342000,0.010,0.942,0.048
342500,0.010,0.938,0.052
343000,0.010,0.942,0.048
343500,0.010,0.952,0.038
344000,0.010,0.948,0.042
344500,0.010,0.942,0.048
345000,0.010,0.944,0.046
345500,0.010,0.944,0.046
346000,0.010,0.958,0.032
346500,0.010,0.960,0.030
347000,0.010,0.948,0.042
347500,0.010,0.955,0.035
348000,0.010,0.944,0.046
348500,0.010,0.952,0.038
349000,0.010,0.955,0.035
349500,0.010,0.950,0.040
350000,0.010,0.959,0.031
350500,0.010,0.963,0.027
351000,0.010,0.960,0.030
351500,0.010,0.963,0.027
352000,0.010,0.954,0.036
352500,0.010,0.956,0.034
353000,0.010,0.958,0.032
353500,0.010,0.958,0.032
354000,0.010,0.959,0.031
354500,0.010,0.956,0.034
355000,0.010,0.961,0.029
355500,0.010,0.956,0.034
356000,0.010,0.952,0.038
356500,0.010,0.965,0.025
357000,0.010,0.960,0.030
357500,0.010,0.966,0.024
358000,0.010,0.972,0.018
358500,0.010,0.969,0.021
359000,0.010,0.970,0.020
359500,0.010,0.964,0.026
360000,0.010,0.968,0.022
360500,0.010,0.967,0.023
361000,0.010,0.958,0.032
361500,0.010,0.957,0.033
362000,0.010,0.965,0.025
362500,0.010,0.973,0.017
363000,0.010,0.976,0.014
363500,0.010,0.979,0.011
364000,0.010,0.970,0.020
364500,0.010,0.970,0.020
365000,0.010,0.970,0.020
365500,0.010,0.970,0.020
366000,0.010,0.975,0.015
366500,0.010,0.965,0.025
367000,0.010,0.966,0.024
367500,0.010,0.960,0.030
368000,0.010,0.955,0.035
368500,0.010,0.960,0.030
369000,0.010,0.962,0.028
369500,0.010,0.966,0.024
370000,0.010,0.968,0.022
370500,0.010,0.967,0.023
371000,0.010,0.964,0.026
371500,0.010,0.966,0.024
372000,0.010,0.970,0.020
372500,0.010,0.977,0.013
373000,0.010,0.965,0.025
373500,0.010,0.962,0.028
374000,0.010,0.960,0.030
374500,0.010,0.967,0.023
375000,0.010,0.965,0.025
375500,0.010,0.968,0.022
376000,0.010,0.962,0.028
376500,0.010,0.963,0.027
377000,0.010,0.961,0.029
377500,0.010,0.965,0.025
378000,0.010,0.957,0.033
378500,0.010,0.950,0.040
379000,0.010,0.959,0.031
379500,0.010,0.967,0.023
380000,0.010,0.965,0.025
380500,0.010,0.964,0.026
381000,0.010,0.966,0.024
381500,0.010,0.966,0.024
382000,0.010,0.969,0.021
382500,0.010,0.962,0.028
383000,0.010,0.971,0.019
383500,0.010,0.965,0.025
384000,0.010,0.967,0.023
384500,0.010,0.970,0.020
385000,0.010,0.969,0.021
385500,0.010,0.964,0.026
386000,0.010,0.954,0.036
386500,0.010,0.955,0.035
387000,0.010,0.958,0.032
387500,0.010,0.970,0.020
388000,0.010,0.967,0.023
388500,0.010,0.974,0.016
389000,0.010,0.967,0.023
389500,0.010,0.964,0.026
390000,0.010,0.964,0.026
390500,0.010,0.959,0.031
391000,0.010,0.954,0.036
391500,0.010,0.960,0.030
392000,0.010,0.958,0.032
392500,0.010,0.956,0.034
393000,0.010,0.954,0.036
393500,0.010,0.958,0.032
394000,0.010,0.963,0.027
394500,0.010,0.958,0.032
395000,0.010,0.958,0.032
395500,0.010,0.963,0.027
396000,0.010,0.956,0.034
396500,0.010,0.952,0.038
397000,0.010,0.950,0.040
397500,0.010,0.945,0.045
398000,0.010,0.956,0.034
398500,0.010,0.957,0.033
399000,0.010,0.960,0.030
399500,0.010,0.963,0.027
400000,0.010,0.962,0.028
400500,0.010,0.957,0.033
401000,0.010,0.949,0.041
401500,0.010,0.949,0.041
402000,0.010,0.961,0.029
402500,0.010,0.969,0.021
403000,0.010,0.977,0.013
403500,0.010,0.970,0.020
404000,0.010,0.970,0.020
404500,0.010,0.967,0.023
405000,0.010,0.976,0.014
405500,0.010,0.974,0.016
406000,0.010,0.971,0.019
406500,0.010,0.973,0.017
407000,0.010,0.971,0.019
407500,0.010,0.972,0.018
408000,0.010,0.960,0.030
408500,0.010,0.967,0.023
409000,0.010,0.973,0.017
409500,0.010,0.969,0.021
410000,0.010,0.960,0.030
410500,0.010,0.950,0.040
411000,0.010,0.945,0.045
411500,0.010,0.945,0.045
412000,0.010,0.947,0.043
412500,0.010,0.957,0.033
413000,0.010,0.960,0.030
413500,0.010,0.961,0.029
414000,0.010,0.960,0.030
414500,0.010,0.960,0.030
415000,0.010,0.955,0.035
415500,0.010,0.965,0.025
416000,0.010,0.965,0.025
416500,0.010,0.965,0.025
417000,0.010,0.963,0.027
417500,0.010,0.961,0.029
418000,0.010,0.961,0.029
418500,0.010,0.951,0.039
419000,0.010,0.951,0.039
419500,0.010,0.936,0.054
420000,0.010,0.945,0.045
420500,0.010,0.952,0.038
421000,0.010,0.953,0.037
421500,0.010,0.960,0.030
422000,0.010,0.952,0.038
422500,0.010,0.961,0.029
423000,0.010,0.961,0.029
423500,0.010,0.967,0.023
424000,0.010,0.964,0.026
424500,0.010,0.965,0.025
425000,0.010,0.966,0.024
425500,0.010,0.970,0.020
426000,0.010,0.967,0.023
426500,0.010,0.970,0.020
427000,0.010,0.967,0.023
427500,0.010,0.967,0.023
428000,0.010,0.972,0.018
428500,0.010,0.965,0.025
429000,0.010,0.967,0.023
429500,0.010,0.966,0.024
430000,0.010,0.970,0.020
430500,0.010,0.961,0.029
431000,0.010,0.955,0.035
431500,0.010,0.959,0.031
432000,0.010,0.962,0.028
432500,0.010,0.951,0.039
433000,0.010,0.951,0.039
433500,0.010,0.956,0.034
434000,0.010,0.968,0.022
434500,0.010,0.973,0.017
435000,0.010,0.965,0.025
435500,0.010,0.972,0.018
436000,0.010,0.974,0.016
436500,0.010,0.971,0.019
437000,0.010,0.963,0.027
437500,0.010,0.964,0.026
438000,0.010,0.962,0.028
438500,0.010,0.959,0.031
439000,0.010,0.946,0.044
439500,0.010,0.950,0.040
440000,0.010,0.947,0.043
440500,0.010,0.939,0.051
441000,0.010,0.946,0.044
441500,0.010,0.944,0.046
442000,0.010,0.955,0.035
442500,0.010,0.962,0.028
443000,0.010,0.968,0.022
443500,0.010,0.964,0.026
444000,0.010,0.961,0.029
444500,0.010,0.962,0.028
445000,0.010,0.955,0.035
445500,0.010,0.949,0.041
446000,0.010,0.958,0.032
446500,0.010,0.963,0.027
447000,0.010,0.958,0.032
447500,0.010,0.964,0.026
448000,0.010,0.966,0.024
448500,0.010,0.968,0.022
449000,0.010,0.973,0.017
449500,0.010,0.977,0.013
450000,0.010,0.978,0.012
450500,0.010,0.973,0.017
451000,0.010,0.969,0.021
451500,0.010,0.972,0.018
452000,0.010,0.973,0.017
452500,0.010,0.965,0.025
453000,0.010,0.960,0.030
453500,0.010,0.950,0.040
454000,0.010,0.944,0.046
454500,0.010,0.955,0.035
455000,0.010,0.952,0.038
455500,0.010,0.951,0.039
456000,0.010,0.951,0.039
456500,0.010,0.963,0.027
457000,0.010,0.959,0.031
457500,0.010,0.954,0.036
458000,0.010,0.954,0.036
458500,0.010,0.956,0.034
459000,0.010,0.953,0.037
459500,0.010,0.958,0.032
460000,0.010,0.964,0.026
460500,0.010,0.971,0.019
461000,0.010,0.969,0.021
461500,0.010,0.972,0.018
462000,0.010,0.975,0.015
462500,0.010,0.976,0.014
463000,0.010,0.976,0.014
463500,0.010,0.974,0.016
464000,0.010,0.973,0.017
464500,0.010,0.967,0.023
465000,0.010,0.969,0.021
465500,0.010,0.965,0.025
466000,0.010,0.971,0.019
466500,0.010,0.972,0.018
467000,0.010,0.980,0.010
467500,0.010,0.977,0.013
468000,0.010,0.974,0.016
468500,0.010,0.971,0.019
469000,0.010,0.975,0.015
469500,0.010,0.969,0.021
470000,0.010,0.969,0.021
470500,0.010,0.961,0.029
471000,0.010,0.969,0.021
471500,0.010,0.961,0.029
472000,0.010,0.958,0.032
472500,0.010,0.961,0.029
473000,0.010,0.960,0.030
473500,0.010,0.966,0.024
474000,0.010,0.968,0.022
474500,0.010,0.960,0.030
475000,0.010,0.954,0.036
475500,0.010,0.959,0.031
476000,0.010,0.957,0.033
476500,0.010,0.968,0.022
477000,0.010,0.972,0.018
477500,0.010,0.971,0.019
478000,0.010,0.972,0.018
478500,0.010,0.972,0.018
479000,0.010,0.977,0.013
479500,0.010,0.974,0.016
480000,0.010,0.978,0.012
480500,0.010,0.974,0.016
481000,0.010,0.965,0.025
481500,0.010,0.961,0.029
482000,0.010,0.966,0.024
482500,0.010,0.962,0.028
483000,0.010,0.965,0.025
483500,0.010,0.965,0.025
484000,0.010,0.963,0.027
484500,0.010,0.971,0.019
485000,0.010,0.975,0.015
485500,0.010,0.978,0.012
486000,0.010,0.979,0.011
486500,0.010,0.975,0.015
487000,0.010,0.968,0.022
487500,0.010,0.965,0.025
488000,0.010,0.961,0.029
488500,0.010,0.959,0.031
489000,0.010,0.961,0.029
489500,0.010,0.956,0.034
490000,0.010,0.950,0.040
490500,0.010,0.951,0.039
491000,0.010,0.944,0.046
491500,0.010,0.952,0.038
492000,0.010,0.952,0.038
492500,0.010,0.949,0.041
493000,0.010,0.951,0.039
493500,0.010,0.952,0.038
494000,0.010,0.954,0.036
494500,0.010,0.955,0.035
495000,0.010,0.959,0.031
495500,0.010,0.962,0.028
496000,0.010,0.971,0.019
496500,0.010,0.965,0.025
497000,0.010,0.968,0.022
497500,0.010,0.958,0.032
498000,0.010,0.953,0.037
498500,0.010,0.966,0.024
499000,0.010,0.965,0.025
499500,0.010,0.966,0.024
500000,0.010,0.963,0.027
500500,0.010,0.952,0.038
501000,0.010,0.949,0.041
501500,0.010,0.956,0.034
502000,0.010,0.966,0.024
502500,0.010,0.964,0.026
503000,0.010,0.969,0.021
503500,0.010,0.973,0.017
504000,0.010,0.972,0.018
504500,0.010,0.969,0.021
505000,0.010,0.963,0.027
505500,0.010,0.958,0.032
506000,0.010,0.953,0.037
506500,0.010,0.948,0.042
507000,0.010,0.954,0.036
507500,0.010,0.953,0.037
508000,0.010,0.953,0.037
508500,0.010,0.955,0.035
509000,0.010,0.963,0.027
509500,0.010,0.963,0.027
510000,0.010,0.964,0.026
510500,0.010,0.968,0.022
511000,0.010,0.968,0.022
511500,0.010,0.957,0.033
512000,0.010,0.961,0.029
512500,0.010,0.967,0.023
513000,0.010,0.970,0.020
513500,0.010,0.971,0.019
514000,0.010,0.975,0.015
514500,0.010,0.978,0.012
515000,0.010,0.971,0.019
515500,0.010,0.974,0.016
516000,0.010,0.969,0.021
516500,0.010,0.967,0.023
517000,0.010,0.966,0.024
517500,0.010,0.962,0.028
518000,0.010,0.950,0.040
518500,0.010,0.949,0.041
519000,0.010,0.954,0.036
519500,0.010,0.956,0.034
520000,0.010,0.955,0.035
520500,0.010,0.955,0.035
521000,0.010,0.949,0.041
521500,0.010,0.947,0.043
522000,0.010,0.960,0.030
522500,0.010,0.964,0.026
523000,0.010,0.967,0.023
523500,0.010,0.966,0.024
524000,0.010,0.967,0.023
524500,0.010,0.971,0.019
525000,0.010,0.968,0.022
525500,0.010,0.965,0.025
526000,0.010,0.951,0.039
526500,0.010,0.953,0.037
527000,0.010,0.958,0.032
527500,0.010,0.960,0.030
528000,0.010,0.957,0.033
528500,0.010,0.951,0.039
529000,0.010,0.945,0.045
529500,0.010,0.950,0.040
530000,0.010,0.954,0.036
530500,0.010,0.948,0.042
531000,0.010,0.952,0.038
531500,0.010,0.956,0.034
532000,0.010,0.960,0.030
532500,0.010,0.964,0.026
533000,0.010,0.962,0.028
533500,0.010,0.959,0.031
534000,0.010,0.957,0.033
534500,0.010,0.954,0.036
535000,0.010,0.957,0.033
535500,0.010,0.954,0.036
536000,0.010,0.959,0.031
536500,0.010,0.959,0.031
537000,0.010,0.955,0.035
537500,0.010,0.960,0.030
538000,0.010,0.956,0.034
538500,0.010,0.962,0.028
539000,0.010,0.955,0.035
539500,0.010,0.966,0.024
540000,0.010,0.961,0.029
540500,0.010,0.964,0.026
541000,0.010,0.968,0.022
541500,0.010,0.961,0.029
542000,0.010,0.963,0.027
542500,0.010,0.964,0.026
543000,0.010,0.957,0.033
543500,0.010,0.959,0.031
544000,0.010,0.957,0.033
544500,0.010,0.959,0.031
545000,0.010,0.961,0.029
545500,0.010,0.959,0.031
546000,0.010,0.955,0.035
546500,0.010,0.957,0.033
547000,0.010,0.953,0.037
547500,0.010,0.958,0.032
548000,0.010,0.964,0.026
548500,0.010,0.959,0.031
549000,0.010,0.962,0.028
549500,0.010,0.966,0.024
550000,0.010,0.962,0.028
550500,0.010,0.968,0.022
551000,0.010,0.971,0.019
551500,0.010,0.965,0.025
552000,0.010,0.963,0.027
552500,0.010,0.963,0.027
553000,0.010,0.965,0.025
553500,0.010,0.964,0.026
554000,0.010,0.958,0.032
554500,0.010,0.965,0.025
555000,0.010,0.968,0.022
555500,0.010,0.966,0.024
556000,0.010,0.965,0.025
556500,0.010,0.972,0.018
557000,0.010,0.968,0.022
557500,0.010,0.974,0.016
558000,0.010,0.967,0.023
558500,0.010,0.963,0.027
559000,0.010,0.970,0.020
559500,0.010,0.966,0.024
560000,0.010,0.967,0.023
560500,0.010,0.970,0.020
561000,0.010,0.970,0.020
561500,0.010,0.976,0.014
562000,0.010,0.965,0.025
562500,0.010,0.962,0.028
563000,0.010,0.964,0.026
563500,0.010,0.958,0.032
564000,0.010,0.957,0.033
564500,0.010,0.964,0.026
565000,0.010,0.944,0.046
565500,0.010,0.946,0.044
566000,0.010,0.944,0.046
566500,0.010,0.951,0.039
567000,0.010,0.947,0.043
567500,0.010,0.940,0.050
568000,0.010,0.945,0.045
568500,0.010,0.948,0.042
569000,0.010,0.965,0.025
569500,0.010,0.971,0.019
570000,0.010,0.962,0.028
570500,0.010,0.959,0.031
571000,0.010,0.951,0.039
571500,0.010,0.948,0.042
572000,0.010,0.945,0.045
572500,0.010,0.953,0.037
573000,0.010,0.962,0.028
573500,0.010,0.961,0.029
574000,0.010,0.960,0.030
574500,0.010,0.946,0.044
575000,0.010,0.951,0.039
575500,0.010,0.949,0.041
576000,0.010,0.951,0.039
576500,0.010,0.957,0.033
577000,0.010,0.956,0.034
577500,0.010,0.959,0.031
578000,0.010,0.956,0.034
578500,0.010,0.949,0.041
579000,0.010,0.948,0.042
579500,0.010,0.949,0.041
580000,0.010,0.949,0.041
580500,0.010,0.954,0.036
581000,0.010,0.954,0.036
581500,0.010,0.951,0.039
582000,0.010,0.951,0.039
582500,0.010,0.946,0.044
583000,0.010,0.956,0.034
583500,0.010,0.963,0.027
584000,0.010,0.967,0.023
584500,0.010,0.964,0.026
585000,0.010,0.964,0.026
585500,0.010,0.959,0.031
586000,0.010,0.959,0.031
586500,0.010,0.948,0.042
587000,0.010,0.948,0.042
587500,0.010,0.945,0.045
588000,0.010,0.941,0.049
588500,0.010,0.952,0.038
589000,0.010,0.956,0.034
589500,0.010,0.962,0.028
590000,0.010,0.959,0.031
590500,0.010,0.972,0.018
591000,0.010,0.968,0.022
591500,0.010,0.974,0.016
592000,0.010,0.969,0.021
592500,0.010,0.967,0.023
593000,0.010,0.962,0.028
593500,0.010,0.957,0.033
594000,0.010,0.938,0.052
594500,0.010,0.944,0.046
595000,0.010,0.944,0.046
595500,0.010,0.941,0.049
596000,0.010,0.944,0.046
596500,0.010,0.949,0.041
597000,0.010,0.948,0.042
597500,0.010,0.954,0.036
598000,0.010,0.962,0.028
598500,0.010,0.964,0.026
599000,0.010,0.965,0.025
599500,0.010,0.955,0.035
600000,0.010,0.960,0.030
600500,0.010,0.963,0.027
601000,0.010,0.966,0.024
601500,0.010,0.963,0.027
602000,0.010,0.964,0.026
602500,0.010,0.959,0.031
603000,0.010,0.974,0.016
603500,0.010,0.977,0.013
604000,0.010,0.970,0.020
604500,0.010,0.968,0.022
605000,0.010,0.955,0.035
605500,0.010,0.950,0.040
606000,0.010,0.951,0.039
606500,0.010,0.955,0.035
607000,0.010,0.948,0.042
607500,0.010,0.954,0.036
608000,0.010,0.953,0.037
608500,0.010,0.960,0.030
609000,0.010,0.954,0.036
609500,0.010,0.955,0.035
610000,0.010,0.952,0.038
610500,0.010,0.954,0.036
611000,0.010,0.955,0.035
611500,0.010,0.946,0.044
612000,0.010,0.951,0.039
612500,0.010,0.953,0.037
613000,0.010,0.965,0.025
613500,0.010,0.959,0.031
614000,0.010,0.969,0.021
614500,0.010,0.966,0.024
615000,0.010,0.967,0.023
615500,0.010,0.965,0.025
616000,0.010,0.961,0.029
616500,0.010,0.960,0.030
617000,0.010,0.963,0.027
617500,0.010,0.960,0.030
618000,0.010,0.965,0.025
618500,0.010,0.962,0.028
619000,0.010,0.953,0.037
619500,0.010,0.954,0.036
620000,0.010,0.957,0.033
620500,0.010,0.959,0.031
621000,0.010,0.957,0.033
621500,0.010,0.953,0.037
622000,0.010,0.957,0.033
622500,0.010,0.958,0.032
623000,0.010,0.960,0.030
623500,0.010,0.952,0.038
624000,0.010,0.962,0.028
624500,0.010,0.962,0.028
625000,0.010,0.972,0.018
625500,0.010,0.964,0.026
626000,0.010,0.963,0.027
626500,0.010,0.967,0.023
627000,0.010,0.963,0.027
627500,0.010,0.958,0.032
628000,0.010,0.961,0.029
628500,0.010,0.948,0.042
629000,0.010,0.956,0.034
629500,0.010,0.958,0.032
630000,0.010,0.963,0.027
630500,0.010,0.957,0.033
631000,0.010,0.964,0.026
631500,0.010,0.949,0.041
632000,0.010,0.948,0.042
632500,0.010,0.953,0.037
633000,0.010,0.957,0.033
633500,0.010,0.954,0.036
634000,0.010,0.955,0.035
634500,0.010,0.960,0.030
635000,0.010,0.960,0.030
635500,0.010,0.948,0.042
636000,0.010,0.951,0.039
636500,0.010,0.960,0.030
637000,0.010,0.958,0.032
637500,0.010,0.961,0.029
638000,0.010,0.960,0.030
638500,0.010,0.962,0.028
639000,0.010,0.955,0.035
639500,0.010,0.958,0.032
640000,0.010,0.960,0.030
640500,0.010,0.967,0.023
641000,0.010,0.964,0.026
641500,0.010,0.960,0.030
642000,0.010,0.967,0.023
642500,0.010,0.969,0.021
643000,0.010,0.965,0.025
643500,0.010,0.968,0.022
644000,0.010,0.963,0.027
644500,0.010,0.965,0.025
645000,0.010,0.963,0.027
645500,0.010,0.957,0.033
646000,0.010,0.949,0.041
646500,0.010,0.956,0.034
647000,0.010,0.959,0.031
647500,0.010,0.949,0.041
648000,0.010,0.961,0.029
648500,0.010,0.963,0.027
649000,0.010,0.966,0.024
649500,0.010,0.968,0.022
650000,0.010,0.966,0.024
650500,0.010,0.966,0.024
651000,0.010,0.967,0.023
651500,0.010,0.966,0.024
652000,0.010,0.961,0.029
652500,0.010,0.962,0.028
653000,0.010,0.959,0.031
653500,0.010,0.963,0.027
654000,0.010,0.963,0.027
654500,0.010,0.970,0.020
655000,0.010,0.974,0.016
655500,0.010,0.978,0.012
656000,0.010,0.981,0.009
656500,0.010,0.967,0.023
657000,0.010,0.970,0.020
657500,0.010,0.968,0.022
658000,0.010,0.965,0.025
658500,0.010,0.965,0.025
659000,0.010,0.964,0.026
659500,0.010,0.956,0.034
660000,0.010,0.945,0.045
660500,0.010,0.950,0.040
661000,0.010,0.943,0.047
661500,0.010,0.954,0.036
662000,0.010,0.953,0.037
662500,0.010,0.962,0.028
663000,0.010,0.969,0.021
663500,0.010,0.967,0.023
664000,0.010,0.965,0.025
664500,0.010,0.967,0.023
665000,0.010,0.964,0.026
665500,0.010,0.959,0.031
666000,0.010,0.957,0.033
666500,0.010,0.951,0.039
667000,0.010,0.951,0.039
667500,0.010,0.958,0.032
668000,0.010,0.956,0.034
668500,0.010,0.957,0.033
669000,0.010,0.952,0.038
669500,0.010,0.961,0.029
670000,0.010,0.964,0.026
670500,0.010,0.976,0.014
671000,0.010,0.973,0.017
671500,0.010,0.977,0.013
672000,0.010,0.975,0.015
672500,0.010,0.974,0.016
673000,0.010,0.973,0.017
673500,0.010,0.971,0.019
674000,0.010,0.977,0.013
674500,0.010,0.969,0.021
675000,0.010,0.963,0.027
675500,0.010,0.965,0.025
676000,0.010,0.962,0.028
676500,0.010,0.971,0.019
677000,0.010,0.968,0.022
677500,0.010,0.968,0.022
678000,0.010,0.964,0.026
678500,0.010,0.961,0.029
679000,0.010,0.964,0.026
679500,0.010,0.968,0.022
680000,0.010,0.960,0.030
680500,0.010,0.972,0.018
681000,0.010,0.972,0.018
681500,0.010,0.967,0.023
682000,0.010,0.971,0.019
682500,0.010,0.973,0.017
683000,0.010,0.968,0.022
683500,0.010,0.966,0.024
684000,0.010,0.969,0.021
684500,0.010,0.970,0.020
685000,0.010,0.970,0.020
685500,0.010,0.966,0.024
686000,0.010,0.968,0.022
686500,0.010,0.966,0.024
687000,0.010,0.957,0.033
687500,0.010,0.960,0.030
688000,0.010,0.961,0.029
688500,0.010,0.964,0.026
689000,0.010,0.957,0.033
689500,0.010,0.956,0.034
690000,0.010,0.950,0.040
690500,0.010,0.948,0.042
691000,0.010,0.949,0.041
691500,0.010,0.956,0.034
692000,0.010,0.958,0.032
692500,0.010,0.963,0.027
693000,0.010,0.958,0.032
693500,0.010,0.955,0.035
694000,0.010,0.952,0.038
694500,0.010,0.955,0.035
695000,0.010,0.965,0.025
695500,0.010,0.963,0.027
696000,0.010,0.956,0.034
696500,0.010,0.956,0.034
697000,0.010,0.953,0.037
697500,0.010,0.960,0.030
698000,0.010,0.964,0.026
698500,0.010,0.963,0.027
699000,0.010,0.956,0.034
699500,0.010,0.956,0.034
700000,0.010,0.963,0.027
700500,0.010,0.971,0.019
701000,0.010,0.974,0.016
701500,0.010,0.972,0.018
702000,0.010,0.971,0.019
702500,0.010,0.965,0.025
703000,0.010,0.962,0.028
703500,0.010,0.957,0.033
704000,0.010,0.963,0.027
704500,0.010,0.960,0.030
705000,0.010,0.956,0.034
705500,0.010,0.957,0.033
706000,0.010,0.950,0.040
706500,0.010,0.963,0.027
707000,0.010,0.964,0.026
707500,0.010,0.956,0.034
708000,0.010,0.947,0.043
708500,0.010,0.952,0.038
709000,0.010,0.955,0.035
709500,0.010,0.958,0.032
710000,0.010,0.951,0.039
710500,0.010,0.954,0.036
711000,0.010,0.956,0.034
711500,0.010,0.962,0.028
712000,0.010,0.973,0.017
712500,0.010,0.973,0.017
713000,0.010,0.980,0.010
713500,0.010,0.980,0.010
714000,0.010,0.975,0.015
714500,0.010,0.970,0.020
715000,0.010,0.968,0.022
715500,0.010,0.969,0.021
716000,0.010,0.967,0.023
716500,0.010,0.971,0.019
717000,0.010,0.964,0.026
717500,0.010,0.961,0.029
718000,0.010,0.971,0.019
718500,0.010,0.967,0.023
719000,0.010,0.966,0.024
719500,0.010,0.961,0.029
720000,0.010,0.961,0.029
720500,0.010,0.967,0.023
721000,0.010,0.956,0.034
721500,0.010,0.956,0.034
722000,0.010,0.944,0.046
722500,0.010,0.951,0.039
723000,0.010,0.945,0.045
723500,0.010,0.939,0.051
724000,0.010,0.948,0.042
724500,0.010,0.956,0.034
725000,0.010,0.957,0.033
725500,0.010,0.956,0.034
726000,0.010,0.959,0.031
726500,0.010,0.959,0.031
727000,0.010,0.970,0.020
727500,0.010,0.966,0.024
728000,0.010,0.971,0.019
728500,0.010,0.966,0.024
729000,0.010,0.966,0.024
729500,0.010,0.976,0.014
730000,0.010,0.965,0.025
730500,0.010,0.965,0.025
731000,0.010,0.964,0.026
731500,0.010,0.971,0.019
732000,0.010,0.969,0.021
732500,0.010,0.960,0.030
733000,0.010,0.963,0.027
733500,0.010,0.967,0.023
734000,0.010,0.964,0.026
734500,0.010,0.970,0.020
735000,0.010,0.973,0.017
735500,0.010,0.964,0.026
736000,0.010,0.954,0.036
736500,0.010,0.959,0.031
737000,0.010,0.965,0.025
737500,0.010,0.966,0.024
738000,0.010,0.973,0.017
738500,0.010,0.966,0.024
739000,0.010,0.958,0.032
739500,0.010,0.948,0.042
740000,0.010,0.954,0.036
740500,0.010,0.963,0.027
741000,0.010,0.963,0.027
741500,0.010,0.960,0.030
742000,0.010,0.957,0.033
742500,0.010,0.943,0.047
743000,0.010,0.938,0.052
743500,0.010,0.934,0.056
744000,0.010,0.937,0.053
744500,0.010,0.951,0.039
745000,0.010,0.963,0.027
745500,0.010,0.961,0.029
746000,0.010,0.958,0.032
746500,0.010,0.954,0.036
747000,0.010,0.956,0.034
747500,0.010,0.960,0.030
748000,0.010,0.957,0.033
748500,0.010,0.960,0.030
749000,0.010,0.966,0.024
749500,0.010,0.960,0.030
750000,0.010,0.961,0.029
750500,0.010,0.957,0.033
751000,0.010,0.950,0.040
751500,0.010,0.952,0.038
752000,0.010,0.949,0.041
752500,0.010,0.953,0.037
753000,0.010,0.949,0.041
753500,0.010,0.957,0.033
754000,0.010,0.954,0.036
754500,0.010,0.956,0.034
755000,0.010,0.952,0.038
755500,0.010,0.955,0.035
756000,0.010,0.956,0.034
756500,0.010,0.959,0.031
757000,0.010,0.954,0.036
757500,0.010,0.956,0.034
758000,0.010,0.952,0.038
758500,0.010,0.952,0.038
759000,0.010,0.955,0.035
759500,0.010,0.952,0.038
760000,0.010,0.964,0.026
760500,0.010,0.961,0.029
761000,0.010,0.961,0.029
761500,0.010,0.965,0.025
762000,0.010,0.966,0.024
762500,0.010,0.965,0.025
763000,0.010,0.962,0.028
763500,0.010,0.958,0.032
764000,0.010,0.955,0.035
764500,0.010,0.968,0.022
765000,0.010,0.973,0.017
765500,0.010,0.977,0.013
766000,0.010,0.983,0.007
766500,0.010,0.984,0.006
767000,0.010,0.974,0.016
767500,0.010,0.975,0.015
768000,0.010,0.973,0.017
768500,0.010,0.970,0.020
769000,0.010,0.966,0.024
769500,0.010,0.964,0.026
770000,0.010,0.968,0.022
770500,0.010,0.967,0.023
771000,0.010,0.964,0.026
771500,0.010,0.972,0.018
772000,0.010,0.966,0.024
772500,0.010,0.967,0.023
773000,0.010,0.967,0.023
773500,0.010,0.967,0.023
774000,0.010,0.970,0.020
774500,0.010,0.976,0.014
775000,0.010,0.967,0.023
775500,0.010,0.958,0.032
776000,0.010,0.960,0.030
776500,0.010,0.955,0.035
777000,0.010,0.960,0.030
777500,0.010,0.961,0.029
778000,0.010,0.972,0.018
778500,0.010,0.968,0.022
779000,0.010,0.972,0.018
779500,0.010,0.973,0.017
780000,0.010,0.967,0.023
780500,0.010,0.962,0.028
781000,0.010,0.965,0.025
781500,0.010,0.967,0.023
782000,0.010,0.958,0.032
782500,0.010,0.951,0.039
783000,0.010,0.948,0.042
783500,0.010,0.954,0.036
784000,0.010,0.962,0.028
784500,0.010,0.966,0.024
785000,0.010,0.969,0.021
785500,0.010,0.975,0.015
786000,0.010,0.974,0.016
786500,0.010,0.969,0.021
787000,0.010,0.973,0.017
787500,0.010,0.974,0.016
788000,0.010,0.970,0.020
788500,0.010,0.971,0.019
789000,0.010,0.972,0.018
789500,0.010,0.975,0.015
790000,0.010,0.976,0.014
790500,0.010,0.975,0.015
791000,0.010,0.971,0.019
791500,0.010,0.982,0.008
792000,0.010,0.979,0.011
792500,0.010,0.974,0.016
793000,0.010,0.975,0.015
793500,0.010,0.973,0.017
794000,0.010,0.967,0.023
794500,0.010,0.965,0.025
795000,0.010,0.956,0.034
795500,0.010,0.956,0.034
796000,0.010,0.949,0.041
796500,0.010,0.942,0.048
797000,0.010,0.948,0.042
797500,0.010,0.962,0.028
798000,0.010,0.968,0.022
798500,0.010,0.969,0.021
799000,0.010,0.973,0.017
799500,0.010,0.971,0.019
800000,0.010,0.963,0.027
800500,0.010,0.963,0.027
801000,0.010,0.960,0.030
801500,0.010,0.967,0.023
802000,0.010,0.967,0.023
802500,0.010,0.968,0.022
803000,0.010,0.970,0.020
803500,0.010,0.967,0.023
804000,0.010,0.960,0.030
804500,0.010,0.961,0.029
805000,0.010,0.967,0.023
805500,0.010,0.970,0.020
806000,0.010,0.965,0.025
806500,0.010,0.971,0.019
807000,0.010,0.979,0.011
807500,0.010,0.979,0.011
808000,0.010,0.974,0.016
808500,0.010,0.973,0.017
809000,0.010,0.976,0.014
809500,0.010,0.971,0.019
810000,0.010,0.975,0.015
810500,0.010,0.980,0.010
811000,0.010,0.974,0.016
811500,0.010,0.974,0.016
812000,0.010,0.966,0.024
812500,0.010,0.966,0.024
813000,0.010,0.963,0.027
813500,0.010,0.959,0.031
814000,0.010,0.956,0.034
814500,0.010,0.967,0.023
815000,0.010,0.971,0.019
815500,0.010,0.972,0.018
816000,0.010,0.971,0.019
816500,0.010,0.961,0.029
817000,0.010,0.959,0.031
817500,0.010,0.962,0.028
818000,0.010,0.966,0.024
818500,0.010,0.970,0.020
819000,0.010,0.970,0.020
819500,0.010,0.969,0.021
820000,0.010,0.960,0.030
820500,0.010,0.958,0.032
821000,0.010,0.958,0.032
821500,0.010,0.955,0.035
822000,0.010,0.965,0.025
822500,0.010,0.949,0.041
823000,0.010,0.952,0.038
823500,0.010,0.952,0.038
824000,0.010,0.941,0.049
824500,0.010,0.946,0.044
825000,0.010,0.950,0.040
825500,0.010,0.961,0.029
826000,0.010,0.965,0.025
826500,0.010,0.965,0.025
827000,0.010,0.959,0.031
827500,0.010,0.963,0.027
828000,0.010,0.961,0.029
828500,0.010,0.973,0.017
829000,0.010,0.967,0.023
829500,0.010,0.960,0.030
830000,0.010,0.962,0.028
830500,0.010,0.956,0.034
831000,0.010,0.961,0.029
831500,0.010,0.963,0.027
832000,0.010,0.967,0.023
832500,0.010,0.973,0.017
833000,0.010,0.973,0.017
833500,0.010,0.970,0.020
834000,0.010,0.975,0.015
834500,0.010,0.973,0.017
835000,0.010,0.970,0.020
835500,0.010,0.951,0.039
836000,0.010,0.943,0.047
836500,0.010,0.943,0.047
837000,0.010,0.941,0.049
837500,0.010,0.939,0.051
838000,0.010,0.934,0.056
838500,0.010,0.949,0.041
839000,0.010,0.950,0.040
839500,0.010,0.955,0.035
840000,0.010,0.962,0.028
840500,0.010,0.958,0.032
841000,0.010,0.959,0.031
841500,0.010,0.960,0.030
842000,0.010,0.948,0.042
842500,0.010,0.964,0.026
843000,0.010,0.964,0.026
843500,0.010,0.961,0.029
844000,0.010,0.965,0.025
844500,0.010,0.952,0.038
845000,0.010,0.965,0.025
845500,0.010,0.966,0.024
846000,0.010,0.966,0.024
846500,0.010,0.971,0.019
847000,0.010,0.971,0.019
847500,0.010,0.973,0.017
848000,0.010,0.970,0.020
848500,0.010,0.970,0.020
849000,0.010,0.965,0.025
849500,0.010,0.961,0.029
850000,0.010,0.950,0.040
850500,0.010,0.956,0.034
851000,0.010,0.963,0.027
851500,0.010,0.970,0.020
852000,0.010,0.970,0.020
852500,0.010,0.974,0.016
853000,0.010,0.960,0.030
853500,0.010,0.961,0.029
854000,0.010,0.964,0.026
854500,0.010,0.964,0.026
855000,0.010,0.960,0.030
855500,0.010,0.960,0.030
856000,0.010,0.962,0.028
856500,0.010,0.958,0.032
857000,0.010,0.950,0.040
857500,0.010,0.960,0.030
858000,0.010,0.950,0.040
858500,0.010,0.951,0.039
859000,0.010,0.949,0.041
859500,0.010,0.958,0.032
860000,0.010,0.967,0.023
860500,0.010,0.961,0.029
861000,0.010,0.957,0.033
861500,0.010,0.952,0.038
862000,0.010,0.956,0.034
862500,0.010,0.951,0.039
863000,0.010,0.951,0.039
863500,0.010,0.954,0.036
864000,0.010,0.952,0.038
864500,0.010,0.940,0.050
865000,0.010,0.947,0.043
865500,0.010,0.959,0.031
866000,0.010,0.962,0.028
866500,0.010,0.956,0.034
867000,0.010,0.957,0.033
867500,0.010,0.957,0.033
868000,0.010,0.961,0.029
868500,0.010,0.958,0.032
869000,0.010,0.959,0.031
869500,0.010,0.966,0.024
870000,0.010,0.958,0.032
870500,0.010,0.956,0.034
871000,0.010,0.955,0.035
871500,0.010,0.955,0.035
872000,0.010,0.969,0.021
872500,0.010,0.972,0.018
873000,0.010,0.970,0.020
873500,0.010,0.972,0.018
874000,0.010,0.971,0.019
874500,0.010,0.972,0.018
875000,0.010,0.973,0.017
875500,0.010,0.969,0.021
876000,0.010,0.978,0.012
876500,0.010,0.982,0.008
877000,0.010,0.978,0.012
877500,0.010,0.970,0.020
878000,0.010,0.966,0.024
878500,0.010,0.959,0.031
879000,0.010,0.958,0.032
879500,0.010,0.973,0.017
880000,0.010,0.972,0.018
880500,0.010,0.962,0.028
881000,0.010,0.960,0.030
881500,0.010,0.965,0.025
882000,0.010,0.964,0.026
882500,0.010,0.970,0.020
883000,0.010,0.952,0.038
883500,0.010,0.962,0.028
884000,0.010,0.951,0.039
884500,0.010,0.953,0.037
885000,0.010,0.955,0.035
885500,0.010,0.960,0.030
886000,0.010,0.962,0.028
886500,0.010,0.964,0.026
887000,0.010,0.969,0.021
887500,0.010,0.968,0.022
888000,0.010,0.966,0.024
888500,0.010,0.966,0.024
889000,0.010,0.963,0.027
889500,0.010,0.963,0.027
890000,0.010,0.967,0.023
890500,0.010,0.966,0.024
891000,0.010,0.966,0.024
891500,0.010,0.963,0.027
892000,0.010,0.956,0.034
892500,0.010,0.959,0.031
893000,0.010,0.960,0.030
893500,0.010,0.964,0.026
894000,0.010,0.970,0.020
894500,0.010,0.966,0.024
895000,0.010,0.973,0.017
895500,0.010,0.965,0.025
896000,0.010,0.963,0.027
896500,0.010,0.962,0.028
897000,0.010,0.956,0.034
897500,0.010,0.951,0.039
898000,0.010,0.959,0.031
898500,0.010,0.958,0.032
899000,0.010,0.959,0.031
899500,0.010,0.960,0.030
900000,0.010,0.964,0.026
900500,0.010,0.966,0.024
901000,0.010,0.955,0.035
901500,0.010,0.960,0.030
902000,0.010,0.966,0.024
902500,0.010,0.968,0.022
903000,0.010,0.970,0.020
903500,0.010,0.976,0.014
904000,0.010,0.969,0.021
904500,0.010,0.974,0.016
905000,0.010,0.976,0.014
905500,0.010,0.973,0.017
906000,0.010,0.969,0.021
906500,0.010,0.964,0.026
907000,0.010,0.967,0.023
907500,0.010,0.968,0.022
908000,0.010,0.967,0.023
908500,0.010,0.968,0.022
909000,0.010,0.968,0.022
909500,0.010,0.972,0.018
910000,0.010,0.962,0.028
910500,0.010,0.967,0.023
911000,0.010,0.965,0.025
911500,0.010,0.961,0.029
912000,0.010,0.963,0.027
912500,0.010,0.964,0.026
913000,0.010,0.962,0.028
913500,0.010,0.956,0.034
914000,0.010,0.961,0.029
914500,0.010,0.963,0.027
915000,0.010,0.968,0.022
915500,0.010,0.970,0.020
916000,0.010,0.966,0.024
916500,0.010,0.958,0.032
917000,0.010,0.961,0.029
917500,0.010,0.970,0.020
918000,0.010,0.970,0.020
918500,0.010,0.965,0.025
919000,0.010,0.963,0.027
919500,0.010,0.961,0.029
920000,0.010,0.967,0.023
920500,0.010,0.961,0.029
921000,0.010,0.963,0.027
921500,0.010,0.967,0.023
922000,0.010,0.964,0.026
922500,0.010,0.967,0.023
923000,0.010,0.967,0.023
923500,0.010,0.970,0.020
924000,0.010,0.965,0.025
924500,0.010,0.959,0.031
925000,0.010,0.952,0.038
925500,0.010,0.953,0.037
926000,0.010,0.957,0.033
926500,0.010,0.960,0.030
927000,0.010,0.965,0.025
927500,0.010,0.973,0.017
928000,0.010,0.973,0.017
928500,0.010,0.971,0.019
929000,0.010,0.963,0.027
929500,0.010,0.962,0.028
930000,0.010,0.961,0.029
930500,0.010,0.965,0.025
931000,0.010,0.965,0.025
931500,0.010,0.962,0.028
932000,0.010,0.959,0.031
932500,0.010,0.958,0.032
933000,0.010,0.964,0.026
933500,0.010,0.962,0.028
934000,0.010,0.965,0.025
934500,0.010,0.966,0.024
935000,0.010,0.973,0.017
935500,0.010,0.965,0.025
936000,0.010,0.966,0.024
936500,0.010,0.961,0.029
937000,0.010,0.969,0.021
937500,0.010,0.966,0.024
938000,0.010,0.962,0.028
938500,0.010,0.964,0.026
939000,0.010,0.965,0.025
939500,0.010,0.970,0.020
940000,0.010,0.970,0.020
940500,0.010,0.969,0.021
941000,0.010,0.969,0.021
941500,0.010,0.972,0.018
942000,0.010,0.975,0.015
942500,0.010,0.975,0.015
943000,0.010,0.965,0.025
943500,0.010,0.965,0.025
944000,0.010,0.955,0.035
944500,0.010,0.958,0.032
945000,0.010,0.953,0.037
945500,0.010,0.958,0.032
946000,0.010,0.967,0.023
946500,0.010,0.966,0.024
947000,0.010,0.972,0.018
947500,0.010,0.965,0.025
948000,0.010,0.966,0.024
948500,0.010,0.968,0.022
949000,0.010,0.972,0.018
949500,0.010,0.974,0.016
950000,0.010,0.968,0.022
950500,0.010,0.970,0.020
951000,0.010,0.968,0.022
951500,0.010,0.957,0.033
952000,0.010,0.956,0.034
952500,0.010,0.957,0.033
953000,0.010,0.959,0.031
953500,0.010,0.964,0.026
954000,0.010,0.963,0.027
954500,0.010,0.964,0.026
955000,0.010,0.961,0.029
955500,0.010,0.955,0.035
956000,0.010,0.951,0.039
956500,0.010,0.955,0.035
957000,0.010,0.948,0.042
957500,0.010,0.949,0.041
958000,0.010,0.961,0.029
958500,0.010,0.966,0.024
959000,0.010,0.968,0.022
959500,0.010,0.962,0.028
960000,0.010,0.959,0.031
960500,0.010,0.958,0.032
961000,0.010,0.967,0.023
961500,0.010,0.966,0.024
962000,0.010,0.971,0.019
962500,0.010,0.971,0.019
963000,0.010,0.971,0.019
963500,0.010,0.972,0.018
964000,0.010,0.978,0.012
964500,0.010,0.960,0.030
965000,0.010,0.966,0.024
965500,0.010,0.962,0.028
966000,0.010,0.967,0.023
966500,0.010,0.968,0.022
967000,0.010,0.969,0.021
967500,0.010,0.975,0.015
968000,0.010,0.979,0.011
968500,0.010,0.975,0.015
969000,0.010,0.979,0.011
969500,0.010,0.978,0.012
970000,0.010,0.964,0.026
970500,0.010,0.968,0.022
971000,0.010,0.974,0.016
971500,0.010,0.963,0.027
972000,0.010,0.965,0.025
972500,0.010,0.968,0.022
973000,0.010,0.964,0.026
973500,0.010,0.971,0.019
974000,0.010,0.975,0.015
974500,0.010,0.973,0.017
975000,0.010,0.971,0.019
975500,0.010,0.966,0.024
976000,0.010,0.968,0.022
976500,0.010,0.965,0.025
977000,0.010,0.963,0.027
977500,0.010,0.965,0.025
978000,0.010,0.969,0.021
978500,0.010,0.966,0.024
979000,0.010,0.956,0.034
979500,0.010,0.960,0.030
980000,0.010,0.953,0.037
980500,0.010,0.955,0.035
981000,0.010,0.953,0.037
981500,0.010,0.947,0.043
982000,0.010,0.945,0.045
982500,0.010,0.948,0.042
983000,0.010,0.954,0.036
983500,0.010,0.950,0.040
984000,0.010,0.947,0.043
984500,0.010,0.953,0.037
985000,0.010,0.960,0.030
985500,0.010,0.957,0.033
986000,0.010,0.961,0.029
986500,0.010,0.962,0.028
987000,0.010,0.965,0.025
987500,0.010,0.953,0.037
988000,0.010,0.957,0.033
988500,0.010,0.960,0.030
989000,0.010,0.961,0.029
989500,0.010,0.957,0.033
990000,0.010,0.948,0.042
990500,0.010,0.950,0.040
991000,0.010,0.951,0.039
991500,0.010,0.952,0.038
992000,0.010,0.957,0.033
992500,0.010,0.957,0.033
993000,0.010,0.953,0.037
993500,0.010,0.959,0.031
994000,0.010,0.962,0.028
994500,0.010,0.970,0.020
995000,0.010,0.973,0.017
995500,0.010,0.975,0.015
996000,0.010,0.969,0.021
996500,0.010,0.967,0.023
997000,0.010,0.964,0.026
997500,0.010,0.970,0.020
998000,0.010,0.961,0.029
998500,0.010,0.964,0.026
999000,0.010,0.967,0.023
999500,0.010,0.964,0.026
1000000,0.010,0.957,0.033
