time,n_A+p,n_B,n_AB
200,0.030,0.957,0.013
400,0.030,0.939,0.030
600,0.031,0.909,0.060
800,0.030,0.884,0.086
1000,0.033,0.856,0.112
1200,0.031,0.866,0.104
1400,0.031,0.824,0.146
1600,0.031,0.830,0.139
1800,0.031,0.748,0.221
2000,0.033,0.674,0.293
2200,0.034,0.664,0.303
2400,0.031,0.646,0.323
2600,0.033,0.623,0.344
2800,0.036,0.616,0.349
3000,0.038,0.592,0.370
3200,0.039,0.574,0.387
3400,0.036,0.557,0.407
3600,0.035,0.535,0.430
3800,0.041,0.554,0.405
4000,0.037,0.506,0.458
4200,0.041,0.509,0.449
4400,0.040,0.526,0.434
4600,0.049,0.476,0.475
4800,0.043,0.462,0.495
5000,0.045,0.462,0.494
5200,0.040,0.466,0.494
5400,0.044,0.476,0.480
5600,0.046,0.471,0.483
5800,0.058,0.453,0.490
6000,0.063,0.409,0.528
6200,0.070,0.380,0.550
6400,0.082,0.387,0.531
6600,0.077,0.378,0.545
6800,0.096,0.406,0.498
7000,0.083,0.419,0.498
7200,0.095,0.386,0.519
7400,0.111,0.354,0.535
7600,0.118,0.366,0.516
7800,0.123,0.350,0.527
8000,0.141,0.376,0.483
8200,0.135,0.375,0.490
8400,0.157,0.329,0.514
8600,0.159,0.327,0.514
8800,0.161,0.303,0.536
9000,0.176,0.271,0.554
9200,0.197,0.256,0.547
9400,0.187,0.262,0.551
9600,0.179,0.252,0.569
9800,0.179,0.232,0.588
10000,0.195,0.216,0.589
10200,0.207,0.192,0.601
10400,0.228,0.171,0.601
10600,0.246,0.151,0.604
10800,0.243,0.140,0.616
11000,0.253,0.132,0.615
11200,0.286,0.125,0.590
11400,0.290,0.126,0.584
11600,0.283,0.130,0.587
11800,0.331,0.114,0.555
12000,0.325,0.110,0.565
12200,0.382,0.096,0.522
12400,0.408,0.088,0.503
12600,0.396,0.086,0.517
12800,0.425,0.077,0.497
13000,0.449,0.075,0.476
13200,0.441,0.068,0.491
13400,0.505,0.065,0.430
13600,0.512,0.059,0.429
13800,0.566,0.055,0.379
14000,0.551,0.051,0.398
14200,0.558,0.048,0.395
14400,0.602,0.046,0.352
14600,0.650,0.045,0.305
14800,0.650,0.044,0.306
15000,0.661,0.043,0.296
15200,0.669,0.041,0.290
15400,0.714,0.038,0.249
15600,0.703,0.036,0.261
15800,0.725,0.031,0.243
16000,0.729,0.031,0.240
16200,0.719,0.030,0.250
16400,0.743,0.029,0.228
16600,0.721,0.027,0.252
16800,0.713,0.026,0.261
17000,0.725,0.024,0.251
17200,0.751,0.023,0.226
17400,0.766,0.022,0.212
17600,0.788,0.020,0.192
17800,0.789,0.019,0.192
18000,0.812,0.018,0.170
18200,0.814,0.017,0.169
18400,0.821,0.017,0.161
18600,0.806,0.016,0.179
18800,0.798,0.015,0.187
19000,0.818,0.015,0.168
19200,0.810,0.013,0.177
19400,0.812,0.013,0.175
19600,0.853,0.013,0.134
19800,0.863,0.012,0.125
20000,0.871,0.012,0.116
20200,0.867,0.012,0.120
20400,0.864,0.012,0.123
20600,0.873,0.012,0.116
20800,0.850,0.012,0.138
21000,0.880,0.012,0.109
21200,0.881,0.011,0.108
21400,0.884,0.011,0.105
21600,0.891,0.011,0.098
21800,0.871,0.011,0.118
22000,0.865,0.011,0.124
22200,0.868,0.011,0.121
22400,0.873,0.010,0.116
22600,0.873,0.010,0.116
22800,0.854,0.010,0.136
23000,0.872,0.010,0.118
23200,0.889,0.010,0.101
23400,0.903,0.010,0.087
23600,0.910,0.009,0.081
23800,0.920,0.009,0.071
24000,0.914,0.008,0.078
24200,0.914,0.008,0.077
24400,0.881,0.008,0.111
24600,0.900,0.008,0.092
24800,0.893,0.008,0.099
25000,0.874,0.007,0.119
25200,0.866,0.007,0.127
25400,0.848,0.006,0.146
25600,0.832,0.006,0.161
25800,0.834,0.006,0.160
26000,0.856,0.006,0.138
26200,0.824,0.006,0.169
26400,0.820,0.006,0.173
26600,0.827,0.008,0.165
26800,0.792,0.006,0.201
27000,0.816,0.006,0.178
27200,0.821,0.006,0.172
27400,0.858,0.008,0.134
27600,0.864,0.008,0.128
27800,0.824,0.008,0.168
28000,0.846,0.006,0.147
28200,0.857,0.006,0.137
28400,0.854,0.006,0.140
28600,0.834,0.006,0.161
28800,0.803,0.006,0.191
29000,0.829,0.006,0.165
29200,0.840,0.007,0.153
29400,0.838,0.006,0.155
29600,0.836,0.005,0.159
29800,0.839,0.004,0.157
30000,0.846,0.005,0.148
30200,0.847,0.005,0.147
30400,0.861,0.005,0.134
30600,0.839,0.005,0.157
30800,0.859,0.005,0.136
31000,0.863,0.005,0.132
31200,0.892,0.005,0.103
31400,0.891,0.005,0.104
31600,0.890,0.005,0.105
31800,0.905,0.005,0.090
32000,0.893,0.005,0.102
32200,0.898,0.005,0.097
32400,0.912,0.005,0.084
32600,0.896,0.005,0.098
32800,0.914,0.005,0.081
33000,0.909,0.004,0.087
33200,0.922,0.004,0.074
33400,0.930,0.004,0.066
33600,0.935,0.004,0.061
33800,0.932,0.004,0.064
34000,0.922,0.004,0.074
34200,0.910,0.004,0.086
34400,0.915,0.004,0.081
34600,0.912,0.004,0.084
34800,0.926,0.004,0.070
35000,0.931,0.004,0.065
35200,0.927,0.004,0.069
35400,0.935,0.004,0.061
35600,0.935,0.004,0.061
35800,0.934,0.004,0.062
36000,0.940,0.004,0.056
36200,0.941,0.004,0.055
36400,0.948,0.004,0.048
36600,0.953,0.004,0.043
36800,0.955,0.004,0.041
37000,0.958,0.003,0.039
37200,0.962,0.003,0.035
37400,0.966,0.003,0.031
37600,0.969,0.003,0.029
37800,0.971,0.003,0.026
38000,0.973,0.003,0.024
38200,0.974,0.003,0.023
38400,0.974,0.003,0.023
38600,0.975,0.003,0.022
38800,0.975,0.003,0.022
39000,0.977,0.003,0.020
39200,0.978,0.003,0.019
39400,0.978,0.003,0.019
39600,0.980,0.003,0.017
39800,0.980,0.003,0.017
40000,0.980,0.003,0.017
40200,0.981,0.003,0.016
40400,0.982,0.003,0.015
40600,0.982,0.003,0.015
40800,0.982,0.003,0.015
41000,0.983,0.003,0.015
41200,0.983,0.003,0.015
41400,0.978,0.003,0.019
41600,0.981,0.003,0.016
41800,0.982,0.003,0.015
42000,0.982,0.003,0.015
42200,0.974,0.003,0.023
42400,0.965,0.003,0.032
42600,0.970,0.003,0.027
42800,0.970,0.003,0.027
43000,0.973,0.003,0.024
43200,0.966,0.003,0.031
43400,0.963,0.003,0.034
43600,0.966,0.003,0.031
43800,0.973,0.003,0.024
44000,0.971,0.003,0.026
44200,0.976,0.003,0.022
44400,0.968,0.003,0.029
44600,0.974,0.003,0.023
44800,0.978,0.003,0.019
45000,0.978,0.003,0.019
45200,0.980,0.003,0.017
45400,0.981,0.003,0.016
45600,0.983,0.003,0.015
45800,0.984,0.003,0.013
46000,0.985,0.003,0.012
46200,0.985,0.003,0.012
46400,0.986,0.003,0.011
46600,0.987,0.003,0.010
46800,0.987,0.003,0.010
47000,0.987,0.003,0.010
47200,0.987,0.003,0.010
47400,0.987,0.003,0.010
47600,0.987,0.003,0.010
47800,0.988,0.003,0.009
48000,0.989,0.003,0.008
48200,0.990,0.003,0.008
48400,0.990,0.003,0.008
48600,0.990,0.003,0.008
48800,0.991,0.003,0.006
49000,0.991,0.003,0.006
49200,0.991,0.003,0.006
49400,0.991,0.003,0.006
49600,0.991,0.003,0.006
49800,0.991,0.003,0.006
50000,0.991,0.003,0.006
50200,0.991,0.003,0.006
50400,0.991,0.002,0.007
50600,0.991,0.002,0.006
50800,0.991,0.002,0.006
51000,0.992,0.002,0.006
51200,0.992,0.002,0.006
51400,0.992,0.002,0.006
51600,0.992,0.002,0.005
51800,0.992,0.002,0.005
52000,0.992,0.002,0.005
52200,0.992,0.002,0.005
52400,0.992,0.002,0.005
52600,0.992,0.002,0.005
52800,0.992,0.002,0.005
53000,0.992,0.002,0.005
53200,0.992,0.002,0.005
53400,0.992,0.002,0.005
53600,0.992,0.002,0.005
53800,0.992,0.002,0.005
54000,0.992,0.002,0.005
54200,0.992,0.002,0.005
54400,0.992,0.002,0.005
54600,0.992,0.002,0.005
54800,0.992,0.002,0.005
55000,0.992,0.002,0.005
55200,0.992,0.002,0.005
55400,0.992,0.002,0.005
55600,0.993,0.002,0.005
55800,0.993,0.002,0.005
56000,0.993,0.002,0.005
56200,0.993,0.002,0.005
56400,0.993,0.002,0.005
56600,0.993,0.002,0.005
56800,0.993,0.002,0.005
57000,0.981,0.002,0.017
57200,0.982,0.002,0.016
57400,0.987,0.002,0.011
57600,0.981,0.002,0.016
57800,0.983,0.002,0.015
58000,0.987,0.002,0.011
58200,0.987,0.002,0.010
58400,0.979,0.002,0.019
58600,0.976,0.002,0.022
58800,0.984,0.002,0.013
59000,0.985,0.002,0.012
59200,0.986,0.002,0.012
59400,0.988,0.002,0.010
59600,0.990,0.002,0.008
59800,0.990,0.002,0.008
60000,0.991,0.002,0.007
60200,0.991,0.002,0.007
60400,0.992,0.002,0.005
60600,0.993,0.002,0.005
60800,0.993,0.002,0.005
61000,0.993,0.002,0.005
61200,0.994,0.002,0.004
61400,0.994,0.002,0.004
61600,0.994,0.002,0.004
61800,0.994,0.002,0.004
62000,0.994,0.002,0.004
62200,0.994,0.002,0.004
62400,0.994,0.002,0.004
62600,0.994,0.002,0.004
62800,0.994,0.002,0.004
63000,0.994,0.002,0.004
63200,0.994,0.002,0.004
63400,0.994,0.002,0.004
63600,0.994,0.002,0.004
63800,0.994,0.002,0.004
64000,0.994,0.002,0.004
64200,0.994,0.002,0.004
64400,0.994,0.002,0.004
64600,0.994,0.002,0.004
64800,0.994,0.002,0.004
65000,0.994,0.002,0.004
65200,0.994,0.002,0.004
65400,0.994,0.002,0.004
65600,0.994,0.002,0.004
65800,0.994,0.002,0.004
66000,0.994,0.002,0.004
66200,0.994,0.002,0.004
66400,0.994,0.002,0.004
66600,0.994,0.002,0.004
66800,0.994,0.002,0.004
67000,0.994,0.002,0.004
67200,0.994,0.002,0.005
67400,0.994,0.002,0.005
67600,0.994,0.002,0.005
67800,0.994,0.002,0.004
68000,0.994,0.002,0.004
68200,0.994,0.002,0.004
68400,0.994,0.002,0.004
68600,0.994,0.002,0.004
68800,0.994,0.002,0.004
69000,0.994,0.002,0.004
69200,0.994,0.002,0.004
69400,0.994,0.002,0.004
69600,0.994,0.002,0.004
69800,0.994,0.002,0.004
70000,0.994,0.002,0.004
70200,0.994,0.002,0.004
70400,0.994,0.002,0.004
70600,0.994,0.002,0.004
70800,0.994,0.002,0.004
71000,0.994,0.002,0.004
71200,0.994,0.002,0.004
71400,0.994,0.002,0.004
71600,0.994,0.002,0.004
71800,0.994,0.002,0.004
72000,0.994,0.002,0.004
72200,0.994,0.002,0.004
72400,0.994,0.002,0.004
72600,0.994,0.002,0.004
72800,0.994,0.002,0.004
73000,0.994,0.002,0.004
73200,0.994,0.002,0.004
73400,0.994,0.002,0.004
73600,0.994,0.002,0.004
73800,0.994,0.002,0.004
74000,0.994,0.002,0.004
74200,0.994,0.002,0.004
74400,0.994,0.002,0.004
74600,0.994,0.002,0.004
74800,0.994,0.002,0.004
75000,0.994,0.002,0.004
75200,0.994,0.002,0.004
75400,0.994,0.002,0.004
75600,0.994,0.002,0.004
75800,0.994,0.002,0.004
76000,0.994,0.002,0.004
76200,0.994,0.002,0.004
76400,0.994,0.002,0.004
76600,0.994,0.002,0.004
76800,0.994,0.002,0.004
77000,0.994,0.002,0.004
77200,0.994,0.002,0.004
77400,0.994,0.002,0.004
77600,0.994,0.002,0.004
77800,0.994,0.002,0.004
78000,0.994,0.002,0.004
78200,0.994,0.002,0.004
78400,0.994,0.002,0.004
78600,0.994,0.002,0.004
78800,0.994,0.002,0.004
79000,0.994,0.002,0.004
79200,0.994,0.002,0.004
79400,0.994,0.002,0.004
79600,0.994,0.002,0.004
79800,0.994,0.002,0.004
80000,0.994,0.002,0.004
80200,0.994,0.002,0.004
80400,0.994,0.002,0.004
80600,0.994,0.002,0.004
80800,0.994,0.002,0.004
81000,0.994,0.002,0.004
81200,0.994,0.002,0.004
81400,0.994,0.002,0.004
81600,0.994,0.002,0.004
81800,0.994,0.002,0.004
82000,0.994,0.002,0.004
82200,0.994,0.002,0.004
82400,0.994,0.002,0.004
82600,0.994,0.002,0.004
82800,0.994,0.002,0.004
83000,0.994,0.002,0.004
83200,0.994,0.002,0.004
83400,0.994,0.002,0.004
83600,0.994,0.002,0.004
83800,0.994,0.002,0.004
84000,0.994,0.002,0.004
84200,0.994,0.002,0.004
84400,0.994,0.002,0.004
84600,0.994,0.002,0.004
84800,0.994,0.002,0.004
85000,0.994,0.002,0.004
85200,0.994,0.002,0.004
85400,0.994,0.002,0.004
85600,0.994,0.002,0.004
85800,0.994,0.002,0.004
86000,0.994,0.002,0.004
86200,0.994,0.002,0.004
86400,0.994,0.002,0.004
86600,0.994,0.002,0.004
86800,0.994,0.002,0.004
87000,0.994,0.002,0.004
87200,0.994,0.002,0.004
87400,0.994,0.002,0.004
87600,0.994,0.002,0.004
87800,0.994,0.002,0.004
88000,0.994,0.002,0.004
88200,0.994,0.002,0.004
88400,0.994,0.002,0.004
88600,0.994,0.002,0.004
88800,0.994,0.002,0.004
89000,0.994,0.002,0.004
89200,0.994,0.002,0.004
89400,0.994,0.002,0.004
89600,0.994,0.002,0.004
89800,0.994,0.002,0.004
90000,0.994,0.002,0.004
90200,0.994,0.002,0.004
90400,0.994,0.002,0.004
90600,0.995,0.002,0.003
90800,0.995,0.002,0.003
91000,0.995,0.002,0.003
91200,0.995,0.002,0.003
91400,0.995,0.002,0.003
91600,0.995,0.002,0.003
91800,0.995,0.002,0.003
92000,0.995,0.002,0.003
92200,0.995,0.002,0.003
92400,0.995,0.002,0.003
92600,0.995,0.002,0.003
92800,0.995,0.002,0.003
93000,0.995,0.002,0.003
93200,0.995,0.002,0.003
93400,0.995,0.002,0.003
93600,0.995,0.002,0.003
93800,0.995,0.002,0.003
94000,0.995,0.002,0.003
94200,0.995,0.002,0.003
94400,0.995,0.002,0.003
94600,0.995,0.002,0.003
94800,0.995,0.002,0.003
95000,0.995,0.002,0.003
95200,0.995,0.001,0.004
95400,0.995,0.001,0.004
95600,0.995,0.001,0.004
95800,0.995,0.001,0.004
96000,0.995,0.001,0.004
96200,0.995,0.001,0.004
96400,0.995,0.001,0.004
96600,0.995,0.001,0.004
96800,0.995,0.001,0.004
97000,0.995,0.001,0.004
97200,0.995,0.001,0.004
97400,0.995,0.001,0.004
97600,0.995,0.001,0.004
97800,0.995,0.001,0.004
98000,0.995,0.001,0.004
98200,0.995,0.001,0.004
98400,0.995,0.001,0.004
98600,0.995,0.001,0.004
98800,0.995,0.001,0.004
99000,0.995,0.001,0.004
99200,0.995,0.001,0.004
99400,0.995,0.001,0.004
99600,0.995,0.001,0.003
99800,0.995,0.001,0.003
100000,0.995,0.001,0.003
100200,0.995,0.001,0.003
100400,0.995,0.001,0.003
100600,0.995,0.001,0.003
100800,0.995,0.001,0.003
101000,0.996,0.001,0.003
101200,0.996,0.001,0.003
101400,0.996,0.001,0.003
101600,0.996,0.001,0.003
101800,0.996,0.001,0.003
102000,0.996,0.001,0.003
102200,0.996,0.001,0.003
102400,0.996,0.001,0.003
102600,0.996,0.001,0.003
102800,0.996,0.001,0.003
103000,0.996,0.001,0.003
103200,0.996,0.001,0.003
103400,0.996,0.001,0.003
103600,0.996,0.001,0.003
103800,0.997,0.001,0.003
104000,0.997,0.001,0.003
104200,0.997,0.001,0.003
104400,0.997,0.001,0.003
104600,0.997,0.001,0.003
104800,0.997,0.001,0.003
105000,0.997,0.001,0.003
105200,0.997,0.001,0.003
105400,0.997,0.001,0.003
105600,0.997,0.001,0.003
105800,0.997,0.001,0.003
106000,0.997,0.001,0.003
106200,0.997,0.001,0.003
106400,0.997,0.001,0.003
106600,0.997,0.001,0.003
106800,0.997,0.001,0.003
107000,0.997,0.001,0.003
107200,0.997,0.001,0.003
107400,0.997,0.001,0.003
107600,0.997,0.001,0.003
107800,0.997,0.001,0.003
108000,0.997,0.001,0.003
108200,0.997,0.001,0.003
108400,0.997,0.001,0.003
108600,0.997,0.001,0.003
108800,0.997,0.001,0.003
109000,0.997,0.001,0.003
109200,0.997,0.001,0.003
109400,0.997,0.001,0.003
109600,0.997,0.001,0.003
109800,0.997,0.001,0.003
110000,0.997,0.001,0.003
110200,0.997,0.001,0.003
110400,0.997,0.001,0.003
110600,0.997,0.001,0.003
110800,0.997,0.001,0.003
111000,0.997,0.001,0.003
111200,0.997,0.001,0.003
111400,0.997,0.001,0.003
111600,0.997,0.001,0.003
111800,0.997,0.001,0.003
112000,0.997,0.001,0.003
112200,0.997,0.001,0.003
112400,0.997,0.001,0.003
112600,0.997,0.001,0.003
112800,0.997,0.001,0.003
113000,0.997,0.001,0.003
113200,0.997,0.001,0.003
113400,0.997,0.001,0.003
113600,0.997,0.001,0.003
113800,0.997,0.001,0.003
114000,0.997,0.001,0.003
114200,0.997,0.001,0.003
114400,0.997,0.001,0.003
114600,0.997,0.001,0.003
114800,0.997,0.001,0.003
115000,0.997,0.001,0.003
115200,0.997,0.001,0.003
115400,0.997,0.001,0.003
115600,0.997,0.001,0.003
115800,0.997,0.001,0.003
116000,0.997,0.001,0.003
116200,0.997,0.001,0.002
116400,0.997,0.001,0.002
116600,0.997,0.001,0.002
116800,0.997,0.001,0.002
117000,0.997,0.001,0.002
117200,0.997,0.001,0.002
117400,0.997,0.001,0.002
117600,0.997,0.001,0.002
117800,0.997,0.001,0.002
118000,0.997,0.001,0.002
118200,0.997,0.001,0.002
118400,0.997,0.001,0.002
118600,0.997,0.001,0.002
118800,0.997,0.001,0.002
119000,0.997,0.001,0.002
119200,0.997,0.001,0.002
119400,0.997,0.001,0.002
119600,0.997,0.001,0.002
119800,0.997,0.001,0.002
120000,0.997,0.001,0.002
120200,0.997,0.001,0.002
120400,0.997,0.001,0.002
120600,0.997,0.001,0.002
120800,0.997,0.001,0.002
121000,0.997,0.001,0.002
121200,0.997,0.001,0.002
121400,0.997,0.001,0.002
121600,0.997,0.001,0.002
121800,0.997,0.001,0.002
122000,0.997,0.001,0.002
122200,0.997,0.001,0.002
122400,0.997,0.001,0.002
122600,0.997,0.001,0.002
122800,0.997,0.001,0.002
123000,0.997,0.001,0.002
123200,0.997,0.001,0.002
123400,0.997,0.001,0.002
123600,0.997,0.001,0.002
123800,0.997,0.001,0.002
124000,0.997,0.001,0.002
124200,0.997,0.001,0.002
124400,0.997,0.001,0.002
124600,0.997,0.001,0.002
124800,0.997,0.001,0.002
125000,0.997,0.001,0.002
125200,0.997,0.001,0.002
125400,0.997,0.001,0.002
125600,0.997,0.001,0.002
125800,0.997,0.001,0.002
126000,0.997,0.001,0.002
126200,0.997,0.001,0.002
126400,0.997,0.001,0.002
126600,0.997,0.001,0.002
126800,0.997,0.001,0.002
127000,0.997,0.001,0.002
127200,0.997,0.001,0.002
127400,0.997,0.001,0.002
127600,0.997,0.001,0.002
127800,0.997,0.001,0.002
128000,0.997,0.001,0.002
128200,0.997,0.001,0.002
128400,0.997,0.001,0.002
128600,0.997,0.001,0.002
128800,0.997,0.001,0.002
129000,0.997,0.001,0.002
129200,0.997,0.001,0.002
129400,0.997,0.001,0.002
129600,0.997,0.001,0.002
129800,0.997,0.001,0.002
130000,0.997,0.001,0.002
130200,0.997,0.001,0.002
130400,0.997,0.001,0.002
130600,0.997,0.001,0.002
130800,0.997,0.001,0.002
131000,0.997,0.001,0.002
131200,0.997,0.001,0.002
131400,0.997,0.001,0.002
131600,0.997,0.001,0.002
131800,0.997,0.001,0.002
132000,0.997,0.001,0.002
132200,0.997,0.001,0.002
132400,0.997,0.001,0.002
132600,0.997,0.001,0.002
132800,0.997,0.001,0.002
133000,0.997,0.001,0.002
133200,0.997,0.001,0.002
133400,0.997,0.001,0.002
133600,0.997,0.001,0.002
133800,0.997,0.001,0.002
134000,0.997,0.001,0.002
134200,0.997,0.001,0.002
134400,0.997,0.001,0.002
134600,0.997,0.001,0.002
134800,0.997,0.001,0.002
135000,0.997,0.001,0.002
135200,0.997,0.001,0.002
135400,0.997,0.001,0.002
135600,0.997,0.001,0.002
135800,0.997,0.001,0.002
136000,0.997,0.001,0.002
136200,0.997,0.001,0.002
136400,0.997,0.001,0.002
136600,0.997,0.001,0.002
136800,0.997,0.001,0.002
137000,0.997,0.001,0.002
137200,0.997,0.001,0.002
137400,0.997,0.001,0.002
137600,0.997,0.001,0.002
137800,0.997,0.001,0.002
138000,0.997,0.001,0.002
138200,0.997,0.001,0.002
138400,0.997,0.001,0.002
138600,0.997,0.001,0.002
138800,0.997,0.001,0.002
139000,0.997,0.001,0.002
139200,0.997,0.001,0.002
139400,0.997,0.001,0.002
139600,0.997,0.001,0.002
139800,0.997,0.001,0.002
140000,0.997,0.001,0.002
140200,0.997,0.001,0.002
140400,0.997,0.001,0.002
140600,0.997,0.001,0.002
140800,0.997,0.001,0.002
141000,0.997,0.001,0.002
141200,0.997,0.001,0.002
141400,0.997,0.001,0.002
141600,0.997,0.001,0.002
141800,0.997,0.001,0.002
142000,0.997,0.001,0.002
142200,0.997,0.001,0.002
142400,0.997,0.001,0.002
142600,0.997,0.001,0.002
142800,0.997,0.001,0.002
143000,0.997,0.001,0.002
143200,0.997,0.001,0.002
143400,0.997,0.001,0.002
143600,0.997,0.001,0.002
143800,0.997,0.001,0.002
144000,0.997,0.001,0.002
144200,0.997,0.001,0.002
144400,0.997,0.001,0.002
144600,0.997,0.001,0.002
144800,0.997,0.001,0.002
145000,0.997,0.001,0.002
145200,0.997,0.001,0.002
145400,0.997,0.001,0.002
145600,0.997,0.001,0.002
145800,0.997,0.001,0.002
146000,0.997,0.001,0.002
146200,0.997,0.001,0.002
146400,0.997,0.001,0.002
146600,0.997,0.001,0.002
146800,0.997,0.001,0.002
147000,0.997,0.001,0.002
147200,0.997,0.001,0.002
147400,0.997,0.001,0.002
147600,0.997,0.001,0.002
147800,0.997,0.001,0.002
148000,0.997,0.001,0.002
148200,0.997,0.001,0.002
148400,0.997,0.001,0.002
148600,0.997,0.001,0.002
148800,0.997,0.001,0.002
149000,0.997,0.001,0.002
149200,0.997,0.001,0.002
149400,0.997,0.001,0.002
149600,0.997,0.001,0.002
149800,0.997,0.001,0.002
150000,0.997,0.001,0.002
150200,0.997,0.001,0.002
150400,0.997,0.001,0.002
150600,0.997,0.001,0.002
150800,0.997,0.001,0.002
151000,0.997,0.001,0.002
151200,0.997,0.001,0.002
151400,0.997,0.001,0.002
151600,0.997,0.001,0.002
151800,0.997,0.001,0.002
152000,0.997,0.001,0.002
152200,0.997,0.001,0.002
152400,0.997,0.001,0.002
152600,0.997,0.001,0.002
152800,0.997,0.001,0.002
153000,0.997,0.001,0.002
153200,0.997,0.001,0.002
153400,0.997,0.001,0.002
153600,0.997,0.001,0.002
153800,0.997,0.001,0.002
154000,0.997,0.001,0.002
154200,0.997,0.001,0.002
154400,0.997,0.001,0.002
154600,0.997,0.001,0.002
154800,0.997,0.001,0.002
155000,0.997,0.001,0.002
155200,0.997,0.001,0.002
155400,0.997,0.001,0.002
155600,0.997,0.001,0.002
155800,0.997,0.001,0.002
156000,0.997,0.001,0.002
156200,0.997,0.001,0.002
156400,0.997,0.001,0.002
156600,0.997,0.001,0.002
156800,0.997,0.001,0.002
157000,0.997,0.001,0.002
157200,0.997,0.001,0.002
157400,0.997,0.001,0.002
157600,0.997,0.001,0.002
157800,0.997,0.001,0.002
158000,0.997,0.001,0.002
158200,0.997,0.001,0.002
158400,0.997,0.001,0.002
158600,0.997,0.001,0.002
158800,0.997,0.001,0.002
159000,0.997,0.001,0.002
159200,0.997,0.001,0.002
159400,0.997,0.001,0.002
159600,0.997,0.001,0.002
159800,0.997,0.001,0.002
160000,0.997,0.001,0.002
160200,0.997,0.001,0.002
160400,0.997,0.001,0.002
160600,0.997,0.001,0.002
160800,0.997,0.001,0.002
161000,0.997,0.001,0.002
161200,0.997,0.001,0.002
161400,0.997,0.001,0.002
161600,0.997,0.001,0.002
161800,0.997,0.001,0.002
162000,0.997,0.001,0.002
162200,0.997,0.001,0.002
162400,0.997,0.001,0.002
162600,0.997,0.001,0.002
162800,0.997,0.001,0.002
163000,0.997,0.001,0.002
163200,0.997,0.001,0.002
163400,0.997,0.001,0.002
163600,0.997,0.001,0.002
163800,0.997,0.001,0.002
164000,0.997,0.001,0.002
164200,0.997,0.001,0.002
164400,0.997,0.001,0.002
164600,0.997,0.001,0.002
164800,0.997,0.001,0.002
165000,0.997,0.001,0.002
165200,0.997,0.001,0.002
165400,0.997,0.001,0.002
165600,0.997,0.001,0.002
165800,0.997,0.001,0.002
166000,0.997,0.001,0.002
166200,0.997,0.001,0.002
166400,0.997,0.001,0.002
166600,0.997,0.001,0.002
166800,0.997,0.001,0.002
167000,0.997,0.001,0.002
167200,0.997,0.001,0.002
167400,0.997,0.001,0.002
167600,0.997,0.001,0.002
167800,0.997,0.001,0.002
168000,0.997,0.001,0.002
168200,0.997,0.001,0.002
168400,0.997,0.001,0.002
168600,0.997,0.001,0.002
168800,0.997,0.001,0.002
169000,0.995,0.001,0.005
169200,0.995,0.001,0.004
169400,0.996,0.001,0.003
169600,0.996,0.001,0.003
169800,0.996,0.001,0.003
170000,0.996,0.001,0.003
170200,0.996,0.001,0.003
170400,0.996,0.001,0.003
170600,0.995,0.001,0.004
170800,0.995,0.001,0.005
171000,0.997,0.001,0.003
171200,0.997,0.001,0.003
171400,0.997,0.001,0.002
171600,0.997,0.001,0.002
171800,0.997,0.001,0.002
172000,0.997,0.001,0.002
172200,0.997,0.001,0.002
172400,0.997,0.001,0.002
172600,0.997,0.001,0.002
172800,0.997,0.001,0.002
173000,0.997,0.001,0.002
173200,0.997,0.001,0.002
173400,0.997,0.001,0.002
173600,0.997,0.001,0.002
173800,0.997,0.001,0.002
174000,0.997,0.001,0.002
174200,0.997,0.001,0.002
174400,0.997,0.001,0.002
174600,0.997,0.001,0.002
174800,0.997,0.001,0.002
175000,0.997,0.001,0.002
175200,0.997,0.001,0.002
175400,0.997,0.001,0.002
175600,0.997,0.001,0.002
175800,0.997,0.001,0.002
176000,0.997,0.001,0.002
176200,0.997,0.001,0.002
176400,0.997,0.001,0.002
176600,0.997,0.001,0.002
176800,0.997,0.001,0.002
177000,0.997,0.001,0.002
177200,0.997,0.001,0.002
177400,0.997,0.001,0.002
177600,0.997,0.001,0.002
177800,0.997,0.001,0.002
178000,0.997,0.001,0.002
178200,0.997,0.001,0.002
178400,0.997,0.001,0.002
178600,0.997,0.001,0.002
178800,0.997,0.001,0.002
179000,0.997,0.001,0.002
179200,0.997,0.001,0.002
179400,0.997,0.001,0.002
179600,0.997,0.001,0.002
179800,0.997,0.001,0.002
180000,0.997,0.001,0.002
180200,0.997,0.001,0.002
180400,0.997,0.001,0.002
180600,0.997,0.001,0.002
180800,0.997,0.001,0.002
181000,0.997,0.001,0.002
181200,0.997,0.001,0.002
181400,0.997,0.001,0.002
181600,0.997,0.001,0.002
181800,0.997,0.001,0.002
182000,0.997,0.001,0.002
182200,0.997,0.001,0.002
182400,0.997,0.001,0.002
182600,0.997,0.001,0.002
182800,0.997,0.001,0.002
183000,0.997,0.001,0.002
183200,0.997,0.001,0.002
183400,0.997,0.001,0.002
183600,0.997,0.001,0.002
183800,0.997,0.001,0.002
184000,0.997,0.001,0.002
184200,0.997,0.001,0.002
184400,0.997,0.001,0.002
184600,0.997,0.001,0.002
184800,0.997,0.001,0.002
185000,0.997,0.001,0.002
185200,0.997,0.001,0.002
185400,0.997,0.001,0.002
185600,0.997,0.001,0.002
185800,0.997,0.001,0.002
186000,0.997,0.001,0.002
186200,0.997,0.001,0.002
186400,0.997,0.001,0.002
186600,0.997,0.001,0.002
186800,0.997,0.001,0.003
187000,0.997,0.001,0.002
187200,0.997,0.001,0.002
187400,0.997,0.001,0.002
187600,0.997,0.001,0.002
187800,0.997,0.001,0.002
188000,0.997,0.001,0.002
188200,0.997,0.001,0.002
188400,0.997,0.001,0.002
188600,0.997,0.001,0.002
188800,0.997,0.001,0.002
189000,0.997,0.001,0.002
189200,0.997,0.001,0.002
189400,0.997,0.001,0.002
189600,0.997,0.001,0.002
189800,0.997,0.001,0.002
190000,0.997,0.001,0.002
190200,0.997,0.001,0.002
190400,0.997,0.001,0.002
190600,0.997,0.001,0.002
190800,0.997,0.001,0.002
191000,0.997,0.001,0.002
191200,0.997,0.001,0.002
191400,0.997,0.001,0.002
191600,0.997,0.001,0.002
191800,0.997,0.001,0.002
192000,0.997,0.001,0.002
192200,0.997,0.001,0.002
192400,0.997,0.001,0.002
192600,0.997,0.001,0.002
192800,0.997,0.001,0.002
193000,0.997,0.001,0.002
193200,0.997,0.001,0.002
193400,0.997,0.001,0.002
193600,0.997,0.001,0.002
193800,0.997,0.001,0.002
194000,0.997,0.001,0.002
194200,0.997,0.001,0.002
194400,0.997,0.001,0.002
194600,0.997,0.001,0.002
194800,0.997,0.001,0.002
195000,0.997,0.001,0.002
195200,0.997,0.001,0.002
195400,0.997,0.001,0.002
195600,0.997,0.001,0.002
195800,0.997,0.001,0.002
196000,0.997,0.001,0.002
196200,0.997,0.001,0.002
196400,0.997,0.001,0.002
196600,0.997,0.001,0.002
196800,0.997,0.001,0.002
197000,0.997,0.001,0.002
197200,0.997,0.001,0.002
197400,0.997,0.001,0.002
197600,0.997,0.001,0.002
197800,0.997,0.001,0.002
198000,0.997,0.001,0.002
198200,0.997,0.001,0.002
198400,0.997,0.001,0.002
198600,0.997,0.001,0.002
198800,0.997,0.001,0.002
199000,0.997,0.001,0.002
199200,0.997,0.001,0.002
199400,0.997,0.001,0.002
199600,0.997,0.001,0.002
199800,0.997,0.001,0.002
200000,0.997,0.001,0.002
200200,0.997,0.001,0.002
200400,0.997,0.001,0.002
200600,0.997,0.001,0.002
200800,0.997,0.001,0.002
201000,0.997,0.001,0.002
201200,0.997,0.001,0.002
201400,0.997,0.001,0.002
201600,0.997,0.001,0.002
201800,0.997,0.001,0.002
202000,0.997,0.001,0.002
202200,0.997,0.001,0.002
202400,0.997,0.001,0.002
202600,0.997,0.001,0.002
202800,0.997,0.001,0.002
203000,0.997,0.001,0.002
203200,0.997,0.001,0.002
203400,0.997,0.001,0.002
203600,0.997,0.001,0.002
203800,0.997,0.001,0.002
204000,0.997,0.001,0.002
204200,0.997,0.001,0.002
204400,0.997,0.001,0.002
204600,0.997,0.001,0.002
204800,0.997,0.001,0.002
205000,0.997,0.001,0.002
205200,0.997,0.001,0.002
205400,0.997,0.001,0.002
205600,0.997,0.001,0.002
205800,0.997,0.001,0.002
206000,0.997,0.001,0.002
206200,0.997,0.001,0.002
206400,0.997,0.001,0.002
206600,0.997,0.001,0.002
206800,0.997,0.001,0.002
207000,0.997,0.001,0.002
207200,0.997,0.001,0.002
207400,0.997,0.001,0.002
207600,0.997,0.001,0.002
207800,0.997,0.001,0.002
208000,0.997,0.001,0.002
208200,0.997,0.001,0.002
208400,0.997,0.001,0.002
208600,0.997,0.001,0.002
208800,0.997,0.001,0.002
209000,0.997,0.001,0.002
209200,0.997,0.001,0.002
209400,0.997,0.001,0.002
209600,0.997,0.001,0.002
209800,0.997,0.001,0.002
210000,0.997,0.001,0.002
210200,0.997,0.001,0.002
210400,0.997,0.001,0.002
210600,0.997,0.001,0.002
210800,0.997,0.001,0.002
211000,0.997,0.001,0.002
211200,0.997,0.001,0.002
211400,0.997,0.001,0.002
211600,0.997,0.001,0.002
211800,0.997,0.001,0.002
212000,0.997,0.001,0.002
212200,0.997,0.001,0.002
212400,0.997,0.001,0.002
212600,0.997,0.001,0.002
212800,0.997,0.001,0.002
213000,0.997,0.001,0.002
213200,0.997,0.001,0.002
213400,0.997,0.001,0.002
213600,0.997,0.001,0.002
213800,0.997,0.001,0.002
214000,0.997,0.001,0.002
214200,0.997,0.001,0.002
214400,0.997,0.001,0.002
214600,0.997,0.001,0.002
214800,0.997,0.001,0.002
215000,0.997,0.001,0.002
215200,0.997,0.001,0.002
215400,0.997,0.001,0.002
215600,0.997,0.001,0.002
215800,0.997,0.001,0.002
216000,0.997,0.001,0.002
216200,0.997,0.001,0.002
216400,0.997,0.001,0.002
216600,0.997,0.001,0.002
216800,0.997,0.001,0.002
217000,0.997,0.001,0.002
217200,0.997,0.001,0.002
217400,0.997,0.001,0.002
217600,0.997,0.001,0.002
217800,0.997,0.001,0.002
218000,0.997,0.001,0.002
218200,0.997,0.001,0.002
218400,0.997,0.001,0.002
218600,0.997,0.001,0.002
218800,0.997,0.001,0.002
219000,0.997,0.001,0.002
219200,0.997,0.001,0.002
219400,0.997,0.001,0.002
219600,0.997,0.001,0.002
219800,0.997,0.001,0.002
220000,0.997,0.001,0.002
220200,0.997,0.001,0.002
220400,0.997,0.001,0.002
220600,0.997,0.001,0.002
220800,0.997,0.001,0.002
221000,0.997,0.001,0.002
221200,0.997,0.001,0.002
221400,0.997,0.001,0.002
221600,0.997,0.001,0.002
221800,0.997,0.001,0.002
222000,0.997,0.001,0.002
222200,0.997,0.001,0.002
222400,0.997,0.001,0.002
222600,0.997,0.001,0.002
222800,0.997,0.001,0.002
223000,0.997,0.001,0.002
223200,0.997,0.001,0.002
223400,0.997,0.001,0.002
223600,0.997,0.001,0.002
223800,0.997,0.001,0.002
224000,0.997,0.001,0.002
224200,0.997,0.001,0.002
224400,0.997,0.001,0.002
224600,0.997,0.001,0.002
224800,0.997,0.001,0.002
225000,0.997,0.001,0.002
225200,0.997,0.001,0.002
225400,0.997,0.001,0.002
225600,0.997,0.001,0.002
225800,0.997,0.001,0.002
226000,0.997,0.001,0.002
226200,0.997,0.001,0.002
226400,0.997,0.001,0.002
226600,0.997,0.001,0.002
226800,0.997,0.001,0.002
227000,0.997,0.001,0.002
227200,0.997,0.001,0.002
227400,0.997,0.001,0.002
227600,0.997,0.001,0.002
227800,0.997,0.001,0.002
228000,0.997,0.001,0.002
228200,0.997,0.001,0.002
228400,0.997,0.001,0.002
228600,0.997,0.001,0.002
228800,0.997,0.001,0.002
229000,0.997,0.001,0.002
229200,0.997,0.001,0.002
229400,0.997,0.001,0.002
229600,0.997,0.001,0.002
229800,0.997,0.001,0.002
230000,0.997,0.001,0.002
230200,0.997,0.001,0.002
230400,0.997,0.001,0.002
230600,0.997,0.001,0.002
230800,0.997,0.001,0.002
231000,0.997,0.001,0.002
231200,0.997,0.001,0.002
231400,0.997,0.001,0.002
231600,0.997,0.001,0.002
231800,0.997,0.001,0.002
232000,0.997,0.001,0.002
232200,0.997,0.001,0.002
232400,0.997,0.001,0.002
232600,0.997,0.001,0.002
232800,0.997,0.001,0.002
233000,0.997,0.001,0.002
233200,0.997,0.001,0.002
233400,0.997,0.001,0.002
233600,0.997,0.001,0.002
233800,0.997,0.001,0.002
234000,0.997,0.001,0.002
234200,0.997,0.001,0.002
234400,0.997,0.001,0.002
234600,0.997,0.001,0.002
234800,0.997,0.001,0.002
235000,0.997,0.001,0.002
235200,0.997,0.001,0.002
235400,0.997,0.001,0.002
235600,0.997,0.001,0.002
235800,0.997,0.001,0.002
236000,0.997,0.001,0.002
236200,0.997,0.001,0.002
236400,0.997,0.001,0.002
236600,0.997,0.001,0.002
236800,0.997,0.001,0.002
237000,0.997,0.001,0.002
237200,0.997,0.001,0.002
237400,0.997,0.001,0.002
237600,0.997,0.001,0.002
237800,0.997,0.001,0.002
238000,0.997,0.001,0.002
238200,0.997,0.001,0.002
238400,0.997,0.001,0.002
238600,0.997,0.001,0.002
238800,0.997,0.001,0.002
239000,0.997,0.001,0.002
239200,0.997,0.001,0.002
239400,0.997,0.001,0.002
239600,0.997,0.001,0.002
239800,0.997,0.001,0.002
240000,0.997,0.001,0.002
240200,0.997,0.001,0.002
240400,0.997,0.001,0.002
240600,0.997,0.001,0.002
240800,0.997,0.001,0.002
241000,0.997,0.001,0.002
241200,0.997,0.001,0.002
241400,0.997,0.001,0.002
241600,0.997,0.001,0.002
241800,0.997,0.001,0.002
242000,0.997,0.001,0.002
242200,0.997,0.001,0.002
242400,0.997,0.001,0.002
242600,0.997,0.001,0.002
242800,0.997,0.001,0.002
243000,0.997,0.001,0.002
243200,0.997,0.001,0.002
243400,0.997,0.001,0.002
243600,0.997,0.001,0.002
243800,0.997,0.001,0.002
244000,0.997,0.001,0.002
244200,0.997,0.001,0.002
244400,0.997,0.001,0.002
244600,0.997,0.001,0.002
244800,0.997,0.001,0.002
245000,0.997,0.001,0.002
245200,0.997,0.001,0.002
245400,0.997,0.001,0.002
245600,0.997,0.001,0.002
245800,0.997,0.001,0.002
246000,0.997,0.001,0.002
246200,0.997,0.001,0.002
246400,0.997,0.001,0.002
246600,0.997,0.001,0.002
246800,0.997,0.001,0.002
247000,0.997,0.001,0.002
247200,0.997,0.001,0.002
247400,0.997,0.001,0.002
247600,0.997,0.001,0.002
247800,0.997,0.001,0.002
248000,0.997,0.001,0.002
248200,0.997,0.001,0.002
248400,0.997,0.001,0.002
248600,0.997,0.001,0.002
248800,0.997,0.001,0.002
249000,0.997,0.001,0.002
249200,0.997,0.001,0.002
249400,0.997,0.001,0.002
249600,0.997,0.001,0.002
249800,0.997,0.001,0.002
250000,0.997,0.001,0.002
250200,0.997,0.001,0.002
250400,0.997,0.001,0.002
250600,0.998,0.001,0.002
250800,0.998,0.001,0.002
251000,0.998,0.001,0.002
251200,0.998,0.001,0.002
251400,0.998,0.001,0.002
251600,0.998,0.001,0.002
251800,0.998,0.001,0.002
252000,0.998,0.001,0.002
252200,0.998,0.001,0.002
252400,0.998,0.001,0.002
252600,0.998,0.001,0.002
252800,0.998,0.001,0.002
253000,0.998,0.001,0.002
253200,0.998,0.001,0.002
253400,0.998,0.001,0.002
253600,0.998,0.001,0.002
253800,0.998,0.001,0.002
254000,0.998,0.001,0.002
254200,0.998,0.001,0.002
254400,0.998,0.001,0.002
254600,0.998,0.001,0.002
254800,0.998,0.001,0.002
255000,0.998,0.001,0.002
255200,0.998,0.001,0.002
255400,0.998,0.001,0.002
255600,0.998,0.001,0.002
255800,0.998,0.001,0.002
256000,0.998,0.001,0.002
256200,0.998,0.001,0.002
256400,0.998,0.001,0.002
256600,0.998,0.001,0.002
256800,0.998,0.001,0.002
257000,0.998,0.001,0.002
257200,0.998,0.001,0.002
257400,0.998,0.001,0.002
257600,0.998,0.001,0.002
257800,0.998,0.001,0.002
258000,0.998,0.001,0.002
258200,0.998,0.001,0.002
258400,0.998,0.001,0.002
258600,0.998,0.001,0.002
258800,0.998,0.001,0.002
259000,0.998,0.001,0.002
259200,0.998,0.001,0.002
259400,0.998,0.001,0.002
259600,0.998,0.001,0.002
259800,0.998,0.001,0.002
260000,0.998,0.001,0.002
260200,0.998,0.001,0.002
260400,0.998,0.001,0.002
260600,0.998,0.001,0.002
260800,0.998,0.001,0.002
261000,0.998,0.001,0.002
261200,0.998,0.001,0.002
261400,0.998,0.001,0.002
261600,0.998,0.001,0.002
261800,0.998,0.001,0.002
262000,0.998,0.001,0.002
262200,0.998,0.001,0.002
262400,0.998,0.001,0.002
262600,0.998,0.001,0.002
262800,0.998,0.001,0.002
263000,0.998,0.001,0.002
263200,0.998,0.001,0.002
263400,0.998,0.001,0.002
263600,0.998,0.001,0.002
263800,0.998,0.001,0.002
264000,0.998,0.001,0.002
264200,0.998,0.001,0.002
264400,0.998,0.001,0.002
264600,0.998,0.001,0.002
264800,0.998,0.001,0.002
265000,0.998,0.001,0.002
265200,0.998,0.001,0.002
265400,0.998,0.001,0.002
265600,0.998,0.001,0.002
265800,0.998,0.001,0.002
266000,0.998,0.001,0.002
266200,0.998,0.001,0.002
266400,0.998,0.001,0.002
266600,0.998,0.001,0.002
266800,0.998,0.001,0.002
267000,0.998,0.001,0.002
267200,0.998,0.001,0.002
267400,0.998,0.001,0.002
267600,0.998,0.001,0.002
267800,0.998,0.001,0.002
268000,0.998,0.001,0.002
268200,0.998,0.001,0.002
268400,0.998,0.001,0.002
268600,0.998,0.001,0.002
268800,0.998,0.001,0.002
269000,0.998,0.001,0.002
269200,0.998,0.001,0.002
269400,0.998,0.001,0.002
269600,0.998,0.001,0.002
269800,0.998,0.001,0.002
270000,0.998,0.001,0.002
270200,0.998,0.001,0.002
270400,0.998,0.001,0.002
270600,0.998,0.001,0.002
270800,0.998,0.001,0.002
271000,0.998,0.001,0.002
271200,0.998,0.001,0.002
271400,0.998,0.001,0.002
271600,0.998,0.001,0.002
271800,0.998,0.001,0.002
272000,0.998,0.001,0.002
272200,0.998,0.001,0.002
272400,0.998,0.001,0.002
272600,0.998,0.001,0.002
272800,0.998,0.001,0.002
273000,0.998,0.001,0.002
273200,0.998,0.001,0.002
273400,0.998,0.001,0.002
273600,0.998,0.001,0.002
273800,0.998,0.001,0.002
274000,0.998,0.001,0.002
274200,0.998,0.001,0.002
274400,0.998,0.001,0.002
274600,0.998,0.001,0.002
274800,0.998,0.001,0.002
275000,0.998,0.001,0.002
275200,0.998,0.001,0.002
275400,0.998,0.001,0.002
275600,0.998,0.001,0.002
275800,0.998,0.001,0.002
276000,0.998,0.001,0.002
276200,0.998,0.001,0.002
276400,0.998,0.001,0.002
276600,0.998,0.001,0.002
276800,0.998,0.001,0.002
277000,0.998,0.001,0.002
277200,0.998,0.001,0.002
277400,0.998,0.001,0.002
277600,0.998,0.001,0.002
277800,0.998,0.001,0.002
278000,0.998,0.001,0.002
278200,0.998,0.001,0.002
278400,0.998,0.001,0.002
278600,0.998,0.001,0.002
278800,0.998,0.001,0.002
279000,0.998,0.001,0.002
279200,0.998,0.001,0.002
279400,0.998,0.001,0.002
279600,0.998,0.001,0.002
279800,0.998,0.001,0.002
280000,0.998,0.001,0.002
280200,0.998,0.001,0.002
280400,0.998,0.001,0.002
280600,0.998,0.001,0.002
280800,0.998,0.001,0.002
281000,0.998,0.001,0.002
281200,0.998,0.001,0.002
281400,0.997,0.001,0.002
281600,0.998,0.001,0.002
281800,0.998,0.001,0.002
282000,0.998,0.001,0.002
282200,0.998,0.001,0.002
282400,0.998,0.001,0.002
282600,0.998,0.001,0.002
282800,0.998,0.001,0.002
283000,0.998,0.001,0.002
283200,0.998,0.001,0.002
283400,0.998,0.001,0.002
283600,0.998,0.001,0.002
283800,0.998,0.001,0.002
284000,0.998,0.001,0.002
284200,0.998,0.001,0.002
284400,0.998,0.001,0.002
284600,0.998,0.001,0.002
284800,0.998,0.001,0.002
285000,0.998,0.000,0.002
285200,0.998,0.000,0.002
285400,0.998,0.000,0.002
285600,0.998,0.000,0.002
285800,0.998,0.000,0.002
286000,0.998,0.000,0.002
286200,0.998,0.000,0.002
286400,0.998,0.000,0.002
286600,0.998,0.000,0.002
286800,0.998,0.000,0.002
287000,0.998,0.000,0.002
287200,0.998,0.000,0.002
287400,0.998,0.000,0.002
287600,0.998,0.000,0.002
287800,0.998,0.000,0.002
288000,0.998,0.000,0.002
288200,0.998,0.000,0.002
288400,0.998,0.000,0.002
288600,0.998,0.000,0.002
288800,0.998,0.000,0.002
289000,0.998,0.000,0.002
289200,0.998,0.000,0.002
289400,0.998,0.000,0.002
289600,0.998,0.000,0.002
289800,0.998,0.000,0.002
290000,0.998,0.000,0.002
290200,0.998,0.000,0.002
290400,0.998,0.000,0.002
290600,0.998,0.000,0.002
290800,0.998,0.000,0.002
291000,0.998,0.000,0.002
291200,0.998,0.000,0.002
291400,0.998,0.000,0.002
291600,0.998,0.000,0.002
291800,0.998,0.000,0.002
292000,0.998,0.000,0.002
292200,0.998,0.000,0.002
292400,0.998,0.000,0.002
292600,0.998,0.000,0.002
292800,0.998,0.000,0.002
293000,0.998,0.000,0.002
293200,0.998,0.000,0.002
293400,0.998,0.000,0.002
293600,0.998,0.000,0.002
293800,0.998,0.000,0.002
294000,0.998,0.000,0.002
294200,0.998,0.000,0.002
294400,0.998,0.000,0.002
294600,0.998,0.000,0.002
294800,0.998,0.000,0.002
295000,0.998,0.000,0.002
295200,0.998,0.000,0.002
295400,0.998,0.000,0.002
295600,0.998,0.000,0.002
295800,0.998,0.000,0.002
296000,0.998,0.000,0.002
296200,0.998,0.000,0.002
296400,0.998,0.000,0.002
296600,0.998,0.000,0.002
296800,0.998,0.000,0.002
297000,0.998,0.000,0.002
297200,0.998,0.000,0.002
297400,0.998,0.000,0.002
297600,0.998,0.000,0.002
297800,0.998,0.000,0.002
298000,0.998,0.000,0.002
298200,0.998,0.000,0.002
298400,0.998,0.000,0.002
298600,0.998,0.000,0.002
298800,0.998,0.000,0.002
299000,0.998,0.000,0.002
299200,0.998,0.000,0.002
299400,0.998,0.000,0.002
299600,0.998,0.000,0.002
299800,0.998,0.000,0.002
300000,0.998,0.000,0.002
300200,0.998,0.000,0.002
300400,0.998,0.000,0.002
300600,0.998,0.000,0.002
300800,0.998,0.000,0.002
301000,0.998,0.000,0.002
301200,0.998,0.000,0.002
301400,0.998,0.000,0.002
301600,0.998,0.000,0.002
301800,0.998,0.000,0.002
302000,0.998,0.000,0.002
302200,0.998,0.000,0.002
302400,0.998,0.000,0.002
302600,0.998,0.000,0.002
302800,0.998,0.000,0.002
303000,0.998,0.000,0.002
303200,0.998,0.000,0.002
303400,0.998,0.000,0.002
303600,0.998,0.000,0.002
303800,0.998,0.000,0.002
304000,0.998,0.000,0.002
304200,0.998,0.000,0.002
304400,0.998,0.000,0.002
304600,0.998,0.000,0.002
304800,0.998,0.000,0.002
305000,0.998,0.000,0.002
305200,0.998,0.000,0.002
305400,0.998,0.000,0.002
305600,0.998,0.000,0.002
305800,0.998,0.000,0.002
306000,0.998,0.000,0.002
306200,0.998,0.000,0.002
306400,0.998,0.000,0.002
306600,0.998,0.000,0.002
306800,0.998,0.000,0.002
307000,0.998,0.000,0.002
307200,0.998,0.000,0.002
307400,0.998,0.000,0.002
307600,0.998,0.000,0.002
307800,0.998,0.000,0.002
308000,0.998,0.000,0.002
308200,0.998,0.000,0.002
308400,0.998,0.000,0.002
308600,0.998,0.000,0.002
308800,0.998,0.000,0.002
309000,0.998,0.000,0.002
309200,0.998,0.000,0.002
309400,0.998,0.000,0.002
309600,0.998,0.000,0.002
309800,0.998,0.000,0.002
310000,0.998,0.000,0.002
310200,0.998,0.000,0.002
310400,0.998,0.000,0.002
310600,0.998,0.000,0.002
310800,0.998,0.000,0.002
311000,0.998,0.000,0.002
311200,0.998,0.000,0.002
311400,0.998,0.000,0.002
311600,0.998,0.000,0.002
311800,0.998,0.000,0.002
312000,0.998,0.000,0.002
312200,0.998,0.000,0.002
312400,0.998,0.000,0.002
312600,0.998,0.000,0.002
312800,0.998,0.000,0.002
313000,0.998,0.000,0.002
313200,0.998,0.000,0.002
313400,0.998,0.000,0.002
313600,0.998,0.000,0.002
313800,0.998,0.000,0.002
314000,0.998,0.000,0.002
314200,0.998,0.000,0.002
314400,0.998,0.000,0.002
314600,0.998,0.000,0.002
314800,0.998,0.000,0.002
315000,0.998,0.000,0.002
315200,0.998,0.000,0.002
315400,0.998,0.000,0.002
315600,0.998,0.000,0.002
315800,0.998,0.000,0.002
316000,0.998,0.000,0.002
316200,0.998,0.000,0.002
316400,0.998,0.000,0.002
316600,0.998,0.000,0.002
316800,0.998,0.000,0.002
317000,0.998,0.000,0.002
317200,0.998,0.000,0.002
317400,0.998,0.000,0.002
317600,0.998,0.000,0.002
317800,0.998,0.000,0.002
318000,0.998,0.000,0.002
318200,0.998,0.000,0.002
318400,0.998,0.000,0.002
318600,0.998,0.000,0.002
318800,0.998,0.000,0.002
319000,0.998,0.000,0.002
319200,0.998,0.000,0.002
319400,0.998,0.000,0.002
319600,0.998,0.000,0.002
319800,0.998,0.000,0.002
320000,0.998,0.000,0.002
320200,0.998,0.000,0.002
320400,0.998,0.000,0.002
320600,0.998,0.000,0.002
320800,0.998,0.000,0.002
321000,0.998,0.000,0.002
321200,0.998,0.000,0.002
321400,0.998,0.000,0.002
321600,0.998,0.000,0.002
321800,0.998,0.000,0.002
322000,0.998,0.000,0.002
322200,0.998,0.000,0.002
322400,0.998,0.000,0.002
322600,0.998,0.000,0.002
322800,0.998,0.000,0.002
323000,0.998,0.000,0.002
323200,0.998,0.000,0.002
323400,0.998,0.000,0.002
323600,0.998,0.000,0.002
323800,0.998,0.000,0.002
324000,0.998,0.000,0.002
324200,0.998,0.000,0.002
324400,0.998,0.000,0.002
324600,0.998,0.000,0.002
324800,0.998,0.000,0.002
325000,0.998,0.000,0.002
325200,0.998,0.000,0.002
325400,0.998,0.000,0.002
325600,0.998,0.000,0.002
325800,0.998,0.000,0.002
326000,0.998,0.000,0.002
326200,0.998,0.000,0.002
326400,0.998,0.000,0.002
326600,0.998,0.000,0.002
326800,0.998,0.000,0.002
327000,0.998,0.000,0.002
327200,0.998,0.000,0.002
327400,0.998,0.000,0.002
327600,0.998,0.000,0.002
327800,0.998,0.000,0.002
328000,0.998,0.000,0.002
328200,0.998,0.000,0.002
328400,0.998,0.000,0.002
328600,0.998,0.000,0.002
328800,0.998,0.000,0.002
329000,0.998,0.000,0.002
329200,0.998,0.000,0.002
329400,0.998,0.000,0.002
329600,0.998,0.000,0.002
329800,0.998,0.000,0.002
330000,0.998,0.000,0.002
330200,0.998,0.000,0.002
330400,0.998,0.000,0.002
330600,0.998,0.000,0.002
330800,0.998,0.000,0.002
331000,0.998,0.000,0.002
331200,0.998,0.000,0.002
331400,0.998,0.000,0.002
331600,0.998,0.000,0.002
331800,0.998,0.000,0.002
332000,0.998,0.000,0.002
332200,0.998,0.000,0.002
332400,0.998,0.000,0.002
332600,0.998,0.000,0.002
332800,0.998,0.000,0.002
333000,0.998,0.000,0.002
333200,0.998,0.000,0.002
333400,0.998,0.000,0.002
333600,0.998,0.000,0.002
333800,0.998,0.000,0.002
334000,0.998,0.000,0.002
334200,0.998,0.000,0.002
334400,0.998,0.000,0.002
334600,0.998,0.000,0.002
334800,0.998,0.000,0.002
335000,0.998,0.000,0.002
335200,0.998,0.000,0.002
335400,0.998,0.000,0.002
335600,0.998,0.000,0.002
335800,0.998,0.000,0.002
336000,0.998,0.000,0.002
336200,0.998,0.000,0.002
336400,0.998,0.000,0.002
336600,0.998,0.000,0.002
336800,0.998,0.000,0.002
337000,0.998,0.000,0.002
337200,0.998,0.000,0.002
337400,0.998,0.000,0.002
337600,0.998,0.000,0.002
337800,0.998,0.000,0.002
338000,0.998,0.000,0.002
338200,0.998,0.000,0.002
338400,0.998,0.000,0.002
338600,0.998,0.000,0.002
338800,0.998,0.000,0.002
339000,0.998,0.000,0.002
339200,0.998,0.000,0.002
339400,0.998,0.000,0.002
339600,0.998,0.000,0.002
339800,0.998,0.000,0.002
340000,0.998,0.000,0.002
340200,0.998,0.000,0.002
340400,0.998,0.000,0.002
340600,0.998,0.000,0.002
340800,0.998,0.000,0.002
341000,0.998,0.000,0.002
341200,0.998,0.000,0.002
341400,0.998,0.000,0.002
341600,0.998,0.000,0.002
341800,0.998,0.000,0.002
342000,0.998,0.000,0.002
342200,0.998,0.000,0.002
342400,0.998,0.000,0.002
342600,0.998,0.000,0.002
342800,0.998,0.000,0.002
343000,0.998,0.000,0.002
343200,0.998,0.000,0.002
343400,0.998,0.000,0.002
343600,0.998,0.000,0.002
343800,0.998,0.000,0.002
344000,0.998,0.000,0.002
344200,0.998,0.000,0.002
344400,0.998,0.000,0.002
344600,0.998,0.000,0.002
344800,0.998,0.000,0.002
345000,0.998,0.000,0.002
345200,0.998,0.000,0.002
345400,0.998,0.000,0.002
345600,0.998,0.000,0.002
345800,0.998,0.000,0.002
346000,0.998,0.000,0.002
346200,0.998,0.000,0.002
346400,0.998,0.000,0.002
346600,0.998,0.000,0.002
346800,0.998,0.000,0.002
347000,0.998,0.000,0.002
347200,0.998,0.000,0.002
347400,0.998,0.000,0.002
347600,0.998,0.000,0.002
347800,0.998,0.000,0.002
348000,0.998,0.000,0.002
348200,0.998,0.000,0.002
348400,0.998,0.000,0.002
348600,0.998,0.000,0.002
348800,0.998,0.000,0.002
349000,0.998,0.000,0.002
349200,0.998,0.000,0.002
349400,0.998,0.000,0.002
349600,0.998,0.000,0.002
349800,0.998,0.000,0.002
350000,0.998,0.000,0.002
350200,0.998,0.000,0.002
350400,0.998,0.000,0.002
350600,0.998,0.000,0.002
350800,0.998,0.000,0.002
351000,0.998,0.000,0.002
351200,0.998,0.000,0.002
351400,0.998,0.000,0.002
351600,0.998,0.000,0.002
351800,0.998,0.000,0.002
352000,0.998,0.000,0.002
352200,0.998,0.000,0.002
352400,0.998,0.000,0.002
352600,0.998,0.000,0.002
352800,0.998,0.000,0.002
353000,0.998,0.000,0.002
353200,0.998,0.000,0.002
353400,0.998,0.000,0.002
353600,0.998,0.000,0.002
353800,0.998,0.000,0.002
354000,0.998,0.000,0.002
354200,0.998,0.000,0.002
354400,0.998,0.000,0.002
354600,0.998,0.000,0.002
354800,0.998,0.000,0.002
355000,0.998,0.000,0.002
355200,0.998,0.000,0.002
355400,0.998,0.000,0.002
355600,0.998,0.000,0.002
355800,0.998,0.000,0.002
356000,0.998,0.000,0.002
356200,0.998,0.000,0.002
356400,0.998,0.000,0.002
356600,0.998,0.000,0.002
356800,0.998,0.000,0.002
357000,0.998,0.000,0.002
357200,0.998,0.000,0.002
357400,0.998,0.000,0.002
357600,0.998,0.000,0.002
357800,0.998,0.000,0.002
358000,0.998,0.000,0.002
358200,0.998,0.000,0.002
358400,0.998,0.000,0.002
358600,0.998,0.000,0.002
358800,0.998,0.000,0.002
359000,0.998,0.000,0.002
359200,0.998,0.000,0.002
359400,0.998,0.000,0.002
359600,0.998,0.000,0.002
359800,0.998,0.000,0.002
360000,0.998,0.000,0.002
360200,0.998,0.000,0.002
360400,0.998,0.000,0.002
360600,0.998,0.000,0.002
360800,0.998,0.000,0.002
361000,0.998,0.000,0.002
361200,0.998,0.000,0.002
361400,0.998,0.000,0.002
361600,0.998,0.000,0.002
361800,0.998,0.000,0.002
362000,0.998,0.000,0.002
362200,0.998,0.000,0.002
362400,0.998,0.000,0.002
362600,0.998,0.000,0.002
362800,0.998,0.000,0.002
363000,0.998,0.000,0.002
363200,0.998,0.000,0.002
363400,0.998,0.000,0.002
363600,0.998,0.000,0.002
363800,0.998,0.000,0.002
364000,0.998,0.000,0.002
364200,0.998,0.000,0.002
364400,0.998,0.000,0.002
364600,0.998,0.000,0.002
364800,0.998,0.000,0.002
365000,0.998,0.000,0.002
365200,0.998,0.000,0.002
365400,0.998,0.000,0.002
365600,0.998,0.000,0.002
365800,0.998,0.000,0.002
366000,0.998,0.000,0.002
366200,0.998,0.000,0.002
366400,0.998,0.000,0.002
366600,0.998,0.000,0.002
366800,0.998,0.000,0.002
367000,0.998,0.000,0.002
367200,0.998,0.000,0.002
367400,0.998,0.000,0.002
367600,0.998,0.000,0.002
367800,0.998,0.000,0.002
368000,0.998,0.000,0.002
368200,0.998,0.000,0.002
368400,0.998,0.000,0.002
368600,0.998,0.000,0.002
368800,0.998,0.000,0.002
369000,0.998,0.000,0.002
369200,0.998,0.000,0.002
369400,0.998,0.000,0.002
369600,0.998,0.000,0.002
369800,0.998,0.000,0.002
370000,0.998,0.000,0.002
370200,0.998,0.000,0.002
370400,0.998,0.000,0.002
370600,0.998,0.000,0.002
370800,0.998,0.000,0.002
371000,0.998,0.000,0.002
371200,0.998,0.000,0.002
371400,0.998,0.000,0.002
371600,0.998,0.000,0.002
371800,0.998,0.000,0.002
372000,0.998,0.000,0.002
372200,0.998,0.000,0.002
372400,0.998,0.000,0.002
372600,0.998,0.000,0.002
372800,0.998,0.000,0.002
373000,0.998,0.000,0.002
373200,0.998,0.000,0.002
373400,0.998,0.000,0.002
373600,0.998,0.000,0.002
373800,0.998,0.000,0.002
374000,0.998,0.000,0.002
374200,0.998,0.000,0.002
374400,0.998,0.000,0.002
374600,0.998,0.000,0.002
374800,0.998,0.000,0.002
375000,0.998,0.000,0.002
375200,0.998,0.000,0.002
375400,0.998,0.000,0.002
375600,0.998,0.000,0.002
375800,0.998,0.000,0.002
376000,0.998,0.000,0.002
376200,0.998,0.000,0.002
376400,0.998,0.000,0.002
376600,0.998,0.000,0.002
376800,0.998,0.000,0.002
377000,0.998,0.000,0.002
377200,0.998,0.000,0.002
377400,0.998,0.000,0.002
377600,0.998,0.000,0.002
377800,0.998,0.000,0.002
378000,0.998,0.000,0.002
378200,0.998,0.000,0.002
378400,0.998,0.000,0.002
378600,0.998,0.000,0.002
378800,0.998,0.000,0.002
379000,0.998,0.000,0.002
379200,0.998,0.000,0.002
379400,0.998,0.000,0.002
379600,0.998,0.000,0.002
379800,0.998,0.000,0.002
380000,0.998,0.000,0.002
380200,0.998,0.000,0.002
380400,0.998,0.000,0.002
380600,0.998,0.000,0.002
380800,0.998,0.000,0.002
381000,0.998,0.000,0.002
381200,0.998,0.000,0.002
381400,0.998,0.000,0.002
381600,0.998,0.000,0.002
381800,0.998,0.000,0.002
382000,0.998,0.000,0.002
382200,0.998,0.000,0.002
382400,0.998,0.000,0.002
382600,0.998,0.000,0.002
382800,0.998,0.000,0.002
383000,0.998,0.000,0.002
383200,0.998,0.000,0.002
383400,0.998,0.000,0.002
383600,0.998,0.000,0.002
383800,0.998,0.000,0.002
384000,0.998,0.000,0.002
384200,0.998,0.000,0.002
384400,0.998,0.000,0.002
384600,0.998,0.000,0.002
384800,0.998,0.000,0.002
385000,0.998,0.000,0.002
385200,0.998,0.000,0.002
385400,0.998,0.000,0.002
385600,0.998,0.000,0.002
385800,0.998,0.000,0.002
386000,0.998,0.000,0.002
386200,0.998,0.000,0.002
386400,0.998,0.000,0.002
386600,0.998,0.000,0.002
386800,0.998,0.000,0.002
387000,0.998,0.000,0.002
387200,0.998,0.000,0.002
387400,0.998,0.000,0.002
387600,0.998,0.000,0.002
387800,0.998,0.000,0.002
388000,0.998,0.000,0.002
388200,0.998,0.000,0.002
388400,0.998,0.000,0.002
388600,0.998,0.000,0.002
388800,0.998,0.000,0.002
389000,0.998,0.000,0.002
389200,0.998,0.000,0.002
389400,0.998,0.000,0.002
389600,0.998,0.000,0.002
389800,0.998,0.000,0.002
390000,0.998,0.000,0.002
390200,0.998,0.000,0.002
390400,0.998,0.000,0.002
390600,0.998,0.000,0.002
390800,0.998,0.000,0.002
391000,0.998,0.000,0.002
391200,0.998,0.000,0.002
391400,0.998,0.000,0.002
391600,0.998,0.000,0.002
391800,0.998,0.000,0.002
392000,0.998,0.000,0.002
392200,0.998,0.000,0.002
392400,0.998,0.000,0.002
392600,0.998,0.000,0.002
392800,0.998,0.000,0.002
393000,0.998,0.000,0.002
393200,0.998,0.000,0.002
393400,0.998,0.000,0.002
393600,0.998,0.000,0.002
393800,0.998,0.000,0.002
394000,0.998,0.000,0.002
394200,0.998,0.000,0.002
394400,0.998,0.000,0.002
394600,0.998,0.000,0.002
394800,0.998,0.000,0.002
395000,0.998,0.000,0.002
395200,0.998,0.000,0.002
395400,0.998,0.000,0.002
395600,0.998,0.000,0.002
395800,0.998,0.000,0.002
396000,0.998,0.000,0.002
396200,0.998,0.000,0.002
396400,0.998,0.000,0.002
396600,0.998,0.000,0.002
396800,0.998,0.000,0.002
397000,0.998,0.000,0.002
397200,0.998,0.000,0.002
397400,0.998,0.000,0.002
397600,0.998,0.000,0.002
397800,0.998,0.000,0.002
398000,0.998,0.000,0.002
398200,0.998,0.000,0.002
398400,0.998,0.000,0.002
398600,0.998,0.000,0.002
398800,0.998,0.000,0.002
399000,0.998,0.000,0.002
399200,0.999,0.000,0.001
399400,0.999,0.000,0.001
399600,0.999,0.000,0.001
399800,0.999,0.000,0.001
400000,0.999,0.000,0.001
