time,n_A+p,n_B,n_AB
500,0.050,0.794,0.156
1000,0.050,0.691,0.259
1500,0.050,0.628,0.322
2000,0.050,0.630,0.320
2500,0.050,0.685,0.265
3000,0.050,0.678,0.272
3500,0.050,0.654,0.296
4000,0.050,0.640,0.310
4500,0.050,0.653,0.297
5000,0.050,0.607,0.343
5500,0.050,0.555,0.395
6000,0.050,0.621,0.329
6500,0.050,0.627,0.323
7000,0.050,0.675,0.275
7500,0.050,0.676,0.274
8000,0.050,0.622,0.328
8500,0.050,0.525,0.425
9000,0.050,0.570,0.380
9500,0.050,0.576,0.374
10000,0.050,0.591,0.359
10500,0.050,0.572,0.378
11000,0.050,0.601,0.349
11500,0.050,0.660,0.290
12000,0.050,0.638,0.312
12500,0.050,0.646,0.304
13000,0.050,0.647,0.303
13500,0.050,0.627,0.323
14000,0.050,0.654,0.296
14500,0.050,0.607,0.343
15000,0.050,0.607,0.343
15500,0.050,0.568,0.382
16000,0.050,0.530,0.420
16500,0.050,0.621,0.329
17000,0.050,0.653,0.297
17500,0.050,0.629,0.321
18000,0.050,0.616,0.334
18500,0.050,0.597,0.353
19000,0.050,0.677,0.273
19500,0.050,0.667,0.283
20000,0.050,0.651,0.299
20500,0.050,0.581,0.369
21000,0.050,0.634,0.316
21500,0.050,0.665,0.285
22000,0.052,0.660,0.288
22500,0.050,0.618,0.332
23000,0.050,0.641,0.309
23500,0.050,0.698,0.252
24000,0.050,0.616,0.334
24500,0.050,0.622,0.328
25000,0.050,0.647,0.303
25500,0.050,0.700,0.250
26000,0.050,0.674,0.276
26500,0.050,0.648,0.302
27000,0.050,0.640,0.310
27500,0.050,0.638,0.312
28000,0.050,0.644,0.306
28500,0.050,0.665,0.285
29000,0.050,0.641,0.309
29500,0.050,0.603,0.347
30000,0.050,0.669,0.281
30500,0.050,0.623,0.327
31000,0.050,0.666,0.284
31500,0.050,0.647,0.303
32000,0.050,0.654,0.296
32500,0.050,0.666,0.284
33000,0.050,0.621,0.329
33500,0.050,0.571,0.379
34000,0.050,0.675,0.275
34500,0.050,0.646,0.304
35000,0.050,0.625,0.325
35500,0.050,0.633,0.317
36000,0.050,0.611,0.339
36500,0.050,0.670,0.280
37000,0.050,0.692,0.258
37500,0.050,0.675,0.275
38000,0.050,0.609,0.341
38500,0.050,0.623,0.327
39000,0.050,0.651,0.299
39500,0.050,0.706,0.244
40000,0.050,0.641,0.309
40500,0.050,0.666,0.284
41000,0.050,0.747,0.203
41500,0.050,0.702,0.248
42000,0.050,0.610,0.340
42500,0.050,0.589,0.361
43000,0.050,0.636,0.314
43500,0.050,0.696,0.254
44000,0.050,0.729,0.221
44500,0.050,0.668,0.282
45000,0.050,0.625,0.325
45500,0.050,0.619,0.331
46000,0.050,0.698,0.252
46500,0.050,0.632,0.318
47000,0.050,0.589,0.361
47500,0.050,0.615,0.335
48000,0.050,0.643,0.307
48500,0.050,0.608,0.342
49000,0.050,0.591,0.359
49500,0.050,0.651,0.299
50000,0.050,0.686,0.264
50500,0.050,0.696,0.254
51000,0.050,0.638,0.312
51500,0.051,0.622,0.327
52000,0.050,0.604,0.346
52500,0.050,0.706,0.244
53000,0.050,0.628,0.322
53500,0.050,0.610,0.340
54000,0.056,0.584,0.360
54500,0.050,0.667,0.283
55000,0.050,0.574,0.376
55500,0.050,0.725,0.225
56000,0.050,0.654,0.296
56500,0.050,0.629,0.321
57000,0.050,0.600,0.350
57500,0.050,0.667,0.283
58000,0.050,0.685,0.265
58500,0.050,0.653,0.297
59000,0.050,0.688,0.262
59500,0.050,0.655,0.295
60000,0.050,0.693,0.257
60500,0.050,0.690,0.260
61000,0.050,0.592,0.358
61500,0.050,0.578,0.372
62000,0.050,0.545,0.405
62500,0.050,0.634,0.316
63000,0.050,0.626,0.324
63500,0.050,0.640,0.310
64000,0.050,0.646,0.304
64500,0.050,0.647,0.303
65000,0.050,0.705,0.245
65500,0.050,0.724,0.226
66000,0.050,0.663,0.287
66500,0.050,0.718,0.232
67000,0.050,0.653,0.297
67500,0.050,0.580,0.370
68000,0.050,0.681,0.269
68500,0.050,0.607,0.343
69000,0.050,0.655,0.295
69500,0.050,0.616,0.334
70000,0.050,0.610,0.340
70500,0.050,0.695,0.255
71000,0.050,0.659,0.291
71500,0.050,0.696,0.254
72000,0.050,0.636,0.314
72500,0.050,0.601,0.349
73000,0.053,0.601,0.346
73500,0.050,0.657,0.293
74000,0.050,0.679,0.271
74500,0.050,0.684,0.266
75000,0.050,0.678,0.272
75500,0.050,0.695,0.255
76000,0.050,0.650,0.300
76500,0.050,0.628,0.322
77000,0.050,0.649,0.301
77500,0.050,0.679,0.271
78000,0.050,0.569,0.381
78500,0.050,0.587,0.363
79000,0.050,0.611,0.339
79500,0.050,0.646,0.304
80000,0.050,0.611,0.339
80500,0.050,0.595,0.355
81000,0.050,0.668,0.282
81500,0.050,0.706,0.244
82000,0.050,0.680,0.270
82500,0.050,0.679,0.271
83000,0.050,0.683,0.267
83500,0.050,0.638,0.312
84000,0.050,0.599,0.351
84500,0.050,0.569,0.381
85000,0.050,0.588,0.362
85500,0.050,0.664,0.286
86000,0.050,0.679,0.271
86500,0.050,0.646,0.304
87000,0.050,0.738,0.212
87500,0.050,0.699,0.251
88000,0.050,0.644,0.306
88500,0.050,0.625,0.325
89000,0.050,0.649,0.301
89500,0.050,0.612,0.338
90000,0.050,0.592,0.358
90500,0.050,0.601,0.349
91000,0.050,0.605,0.345
91500,0.050,0.682,0.268
92000,0.050,0.621,0.329
92500,0.050,0.626,0.324
93000,0.050,0.595,0.355
93500,0.050,0.614,0.336
94000,0.050,0.624,0.326
94500,0.050,0.619,0.331
95000,0.057,0.611,0.332
95500,0.052,0.715,0.233
96000,0.050,0.659,0.291
96500,0.050,0.587,0.363
97000,0.055,0.714,0.231
97500,0.050,0.645,0.305
98000,0.050,0.683,0.267
98500,0.050,0.670,0.280
99000,0.050,0.664,0.286
99500,0.050,0.739,0.211
100000,0.050,0.669,0.281
100500,0.050,0.699,0.251
101000,0.050,0.652,0.298
101500,0.050,0.626,0.324
102000,0.050,0.584,0.366
102500,0.050,0.646,0.304
103000,0.050,0.677,0.273
103500,0.050,0.669,0.281
104000,0.050,0.676,0.274
104500,0.050,0.656,0.294
105000,0.050,0.753,0.197
105500,0.050,0.721,0.229
106000,0.050,0.711,0.239
106500,0.050,0.710,0.240
107000,0.050,0.692,0.258
107500,0.050,0.693,0.257
108000,0.050,0.659,0.291
108500,0.050,0.676,0.274
109000,0.050,0.663,0.287
109500,0.050,0.668,0.282
110000,0.050,0.678,0.272
110500,0.050,0.640,0.310
111000,0.050,0.722,0.228
111500,0.050,0.517,0.433
112000,0.050,0.579,0.371
112500,0.050,0.555,0.395
113000,0.052,0.623,0.325
113500,0.051,0.678,0.271
114000,0.050,0.653,0.297
114500,0.050,0.673,0.277
115000,0.050,0.673,0.277
115500,0.050,0.629,0.321
116000,0.050,0.606,0.344
116500,0.050,0.642,0.308
117000,0.050,0.684,0.266
117500,0.050,0.710,0.240
118000,0.050,0.684,0.266
118500,0.050,0.676,0.274
119000,0.050,0.681,0.269
119500,0.050,0.658,0.292
120000,0.050,0.703,0.247
120500,0.050,0.714,0.236
121000,0.050,0.677,0.273
121500,0.050,0.729,0.221
122000,0.050,0.635,0.315
122500,0.050,0.668,0.282
123000,0.050,0.622,0.328
123500,0.050,0.673,0.277
124000,0.050,0.658,0.292
124500,0.052,0.708,0.240
125000,0.050,0.745,0.205
125500,0.050,0.723,0.227
126000,0.050,0.639,0.311
126500,0.050,0.656,0.294
127000,0.050,0.652,0.298
127500,0.050,0.682,0.268
128000,0.050,0.584,0.366
128500,0.050,0.649,0.301
129000,0.050,0.673,0.277
129500,0.050,0.663,0.287
130000,0.050,0.705,0.245
130500,0.050,0.687,0.263
131000,0.050,0.680,0.270
131500,0.050,0.614,0.336
132000,0.050,0.621,0.329
132500,0.050,0.670,0.280
133000,0.050,0.716,0.234
133500,0.050,0.778,0.172
134000,0.055,0.706,0.239
134500,0.050,0.677,0.273
135000,0.050,0.638,0.312
135500,0.050,0.588,0.362
136000,0.050,0.648,0.302
136500,0.050,0.617,0.333
137000,0.050,0.646,0.304
137500,0.050,0.686,0.264
138000,0.050,0.711,0.239
138500,0.050,0.654,0.296
139000,0.050,0.688,0.262
139500,0.050,0.646,0.304
140000,0.050,0.629,0.321
140500,0.050,0.599,0.351
141000,0.050,0.571,0.379
141500,0.050,0.551,0.399
142000,0.050,0.566,0.384
142500,0.050,0.676,0.274
143000,0.050,0.698,0.252
143500,0.050,0.672,0.278
144000,0.050,0.646,0.304
144500,0.050,0.620,0.330
145000,0.050,0.626,0.324
145500,0.050,0.629,0.321
146000,0.050,0.631,0.319
146500,0.050,0.648,0.302
147000,0.050,0.656,0.294
147500,0.050,0.603,0.347
148000,0.050,0.557,0.393
148500,0.052,0.554,0.394
149000,0.051,0.533,0.416
149500,0.052,0.617,0.331
150000,0.050,0.520,0.430
150500,0.050,0.548,0.402
151000,0.050,0.584,0.366
151500,0.050,0.587,0.363
152000,0.050,0.658,0.292
152500,0.050,0.677,0.273
153000,0.050,0.731,0.219
153500,0.050,0.596,0.354
154000,0.050,0.651,0.299
154500,0.050,0.686,0.264
155000,0.050,0.576,0.374
155500,0.050,0.680,0.270
156000,0.050,0.643,0.307
156500,0.050,0.658,0.292
157000,0.050,0.598,0.352
157500,0.050,0.608,0.342
158000,0.050,0.654,0.296
158500,0.050,0.702,0.248
159000,0.050,0.657,0.293
159500,0.050,0.637,0.313
160000,0.050,0.672,0.278
160500,0.050,0.701,0.249
161000,0.050,0.655,0.295
161500,0.050,0.642,0.308
162000,0.050,0.683,0.267
162500,0.050,0.673,0.277
163000,0.056,0.610,0.334
163500,0.051,0.573,0.376
164000,0.050,0.611,0.339
164500,0.050,0.625,0.325
165000,0.051,0.646,0.303
165500,0.050,0.642,0.308
166000,0.050,0.556,0.394
166500,0.050,0.671,0.279
167000,0.050,0.579,0.371
167500,0.050,0.671,0.279
168000,0.053,0.639,0.308
168500,0.051,0.619,0.330
169000,0.050,0.687,0.263
169500,0.050,0.687,0.263
170000,0.056,0.618,0.326
170500,0.050,0.667,0.283
171000,0.050,0.601,0.349
171500,0.050,0.647,0.303
172000,0.050,0.687,0.263
172500,0.050,0.699,0.251
173000,0.050,0.627,0.323
173500,0.050,0.681,0.269
174000,0.050,0.676,0.274
174500,0.050,0.696,0.254
175000,0.050,0.767,0.183
175500,0.050,0.706,0.244
176000,0.050,0.627,0.323
176500,0.050,0.624,0.326
177000,0.050,0.594,0.356
177500,0.055,0.585,0.360
178000,0.050,0.679,0.271
178500,0.050,0.675,0.275
179000,0.050,0.636,0.314
179500,0.050,0.634,0.316
180000,0.050,0.608,0.342
180500,0.050,0.655,0.295
181000,0.050,0.675,0.275
181500,0.050,0.658,0.292
182000,0.050,0.677,0.273
182500,0.050,0.634,0.316
183000,0.050,0.582,0.368
183500,0.050,0.623,0.327
184000,0.050,0.625,0.325
184500,0.050,0.665,0.285
185000,0.050,0.730,0.220
185500,0.050,0.707,0.243
186000,0.050,0.726,0.224
186500,0.050,0.691,0.259
187000,0.050,0.652,0.298
187500,0.050,0.603,0.347
188000,0.050,0.641,0.309
188500,0.050,0.615,0.335
189000,0.050,0.614,0.336
189500,0.050,0.639,0.311
190000,0.050,0.698,0.252
190500,0.052,0.682,0.266
191000,0.050,0.584,0.366
191500,0.050,0.629,0.321
192000,0.050,0.665,0.285
192500,0.050,0.672,0.278
193000,0.050,0.647,0.303
193500,0.050,0.707,0.243
194000,0.050,0.650,0.300
194500,0.050,0.654,0.296
195000,0.050,0.647,0.303
195500,0.050,0.637,0.313
196000,0.050,0.713,0.237
196500,0.050,0.632,0.318
197000,0.050,0.653,0.297
197500,0.050,0.671,0.279
198000,0.050,0.732,0.218
198500,0.050,0.682,0.268
199000,0.050,0.636,0.314
199500,0.050,0.705,0.245
200000,0.054,0.645,0.301
200500,0.050,0.714,0.236
201000,0.050,0.671,0.279
201500,0.050,0.714,0.236
202000,0.050,0.736,0.214
202500,0.050,0.713,0.237
203000,0.050,0.720,0.230
203500,0.050,0.689,0.261
204000,0.050,0.605,0.345
204500,0.050,0.570,0.380
205000,0.050,0.532,0.418
205500,0.053,0.564,0.383
206000,0.050,0.646,0.304
206500,0.050,0.680,0.270
207000,0.050,0.602,0.348
207500,0.050,0.712,0.238
208000,0.050,0.626,0.324
208500,0.050,0.626,0.324
209000,0.050,0.602,0.348
209500,0.050,0.703,0.247
210000,0.050,0.663,0.287
210500,0.050,0.666,0.284
211000,0.050,0.736,0.214
211500,0.050,0.645,0.305
212000,0.050,0.624,0.326
212500,0.050,0.607,0.343
213000,0.050,0.641,0.309
213500,0.050,0.594,0.356
214000,0.050,0.676,0.274
214500,0.050,0.682,0.268
215000,0.050,0.668,0.282
215500,0.050,0.592,0.358
216000,0.050,0.570,0.380
216500,0.050,0.569,0.381
217000,0.050,0.603,0.347
217500,0.050,0.594,0.356
218000,0.050,0.662,0.288
218500,0.050,0.682,0.268
219000,0.050,0.692,0.258
219500,0.050,0.739,0.211
220000,0.050,0.676,0.274
220500,0.050,0.709,0.241
221000,0.050,0.589,0.361
221500,0.050,0.629,0.321
222000,0.050,0.717,0.233
222500,0.050,0.704,0.246
223000,0.050,0.646,0.304
223500,0.050,0.646,0.304
224000,0.050,0.644,0.306
224500,0.050,0.664,0.286
225000,0.050,0.616,0.334
225500,0.050,0.635,0.315
226000,0.050,0.628,0.322
226500,0.050,0.592,0.358
227000,0.050,0.521,0.429
227500,0.051,0.565,0.384
228000,0.050,0.600,0.350
228500,0.050,0.684,0.266
229000,0.050,0.643,0.307
229500,0.050,0.593,0.357
230000,0.050,0.741,0.209
230500,0.050,0.661,0.289
231000,0.050,0.659,0.291
231500,0.050,0.554,0.396
232000,0.050,0.585,0.365
232500,0.050,0.595,0.355
233000,0.050,0.680,0.270
233500,0.050,0.691,0.259
234000,0.050,0.618,0.332
234500,0.050,0.702,0.248
235000,0.050,0.647,0.303
235500,0.050,0.663,0.287
236000,0.050,0.609,0.341
236500,0.050,0.641,0.309
237000,0.050,0.590,0.360
237500,0.050,0.708,0.242
238000,0.050,0.707,0.243
238500,0.050,0.676,0.274
239000,0.050,0.634,0.316
239500,0.050,0.611,0.339
240000,0.050,0.594,0.356
240500,0.050,0.650,0.300
241000,0.050,0.622,0.328
241500,0.050,0.635,0.315
242000,0.050,0.700,0.250
242500,0.050,0.599,0.351
243000,0.050,0.625,0.325
243500,0.050,0.683,0.267
244000,0.050,0.706,0.244
244500,0.050,0.769,0.181
245000,0.050,0.651,0.299
245500,0.050,0.625,0.325
246000,0.050,0.666,0.284
246500,0.050,0.678,0.272
247000,0.050,0.672,0.278
247500,0.050,0.654,0.296
248000,0.050,0.663,0.287
248500,0.050,0.600,0.350
249000,0.050,0.629,0.321
249500,0.050,0.675,0.275
250000,0.050,0.672,0.278
250500,0.050,0.725,0.225
251000,0.050,0.675,0.275
251500,0.050,0.647,0.303
252000,0.050,0.578,0.372
252500,0.050,0.546,0.404
253000,0.050,0.616,0.334
253500,0.050,0.597,0.353
254000,0.050,0.721,0.229
254500,0.050,0.695,0.255
255000,0.050,0.642,0.308
255500,0.050,0.725,0.225
256000,0.050,0.725,0.225
256500,0.050,0.760,0.190
257000,0.050,0.669,0.281
257500,0.050,0.685,0.265
258000,0.050,0.664,0.286
258500,0.050,0.641,0.309
259000,0.050,0.670,0.280
259500,0.050,0.651,0.299
260000,0.050,0.579,0.371
260500,0.050,0.569,0.381
261000,0.050,0.603,0.347
261500,0.050,0.590,0.360
262000,0.050,0.604,0.346
262500,0.050,0.621,0.329
263000,0.050,0.601,0.349
263500,0.050,0.680,0.270
264000,0.050,0.702,0.248
264500,0.050,0.749,0.201
265000,0.050,0.720,0.230
265500,0.050,0.663,0.287
266000,0.050,0.738,0.212
266500,0.050,0.655,0.295
267000,0.050,0.601,0.349
267500,0.050,0.636,0.314
268000,0.050,0.638,0.312
268500,0.050,0.587,0.363
269000,0.050,0.600,0.350
269500,0.050,0.621,0.329
270000,0.050,0.635,0.315
270500,0.056,0.497,0.447
271000,0.050,0.603,0.347
271500,0.052,0.571,0.377
272000,0.050,0.697,0.253
272500,0.050,0.703,0.247
273000,0.050,0.697,0.253
273500,0.050,0.639,0.311
274000,0.050,0.612,0.338
274500,0.050,0.698,0.252
275000,0.050,0.705,0.245
275500,0.050,0.716,0.234
276000,0.050,0.731,0.219
276500,0.050,0.714,0.236
277000,0.050,0.639,0.311
277500,0.050,0.733,0.217
278000,0.050,0.666,0.284
278500,0.050,0.646,0.304
279000,0.050,0.622,0.328
279500,0.050,0.657,0.293
280000,0.050,0.651,0.299
280500,0.050,0.687,0.263
281000,0.050,0.640,0.310
281500,0.050,0.644,0.306
282000,0.050,0.654,0.296
282500,0.054,0.638,0.308
283000,0.051,0.585,0.364
283500,0.050,0.620,0.330
284000,0.050,0.639,0.311
284500,0.050,0.707,0.243
285000,0.050,0.645,0.305
285500,0.050,0.635,0.315
286000,0.050,0.622,0.328
286500,0.050,0.677,0.273
287000,0.050,0.697,0.253
287500,0.050,0.575,0.375
288000,0.050,0.707,0.243
288500,0.050,0.718,0.232
289000,0.050,0.660,0.290
289500,0.050,0.674,0.276
290000,0.050,0.647,0.303
290500,0.050,0.663,0.287
291000,0.050,0.579,0.371
291500,0.050,0.625,0.325
292000,0.052,0.644,0.304
292500,0.050,0.619,0.331
293000,0.050,0.651,0.299
293500,0.050,0.702,0.248
294000,0.050,0.567,0.383
294500,0.050,0.602,0.348
295000,0.050,0.642,0.308
295500,0.050,0.727,0.223
296000,0.050,0.696,0.254
296500,0.050,0.618,0.332
297000,0.050,0.644,0.306
297500,0.050,0.645,0.305
298000,0.050,0.634,0.316
298500,0.050,0.614,0.336
299000,0.050,0.593,0.357
299500,0.050,0.537,0.413
300000,0.050,0.602,0.348
300500,0.050,0.614,0.336
301000,0.050,0.699,0.251
301500,0.050,0.606,0.344
302000,0.050,0.632,0.318
302500,0.050,0.686,0.264
303000,0.050,0.645,0.305
303500,0.050,0.523,0.427
304000,0.050,0.641,0.309
304500,0.050,0.603,0.347
305000,0.050,0.650,0.300
305500,0.051,0.633,0.316
306000,0.050,0.620,0.330
306500,0.050,0.671,0.279
307000,0.050,0.719,0.231
307500,0.050,0.678,0.272
308000,0.050,0.635,0.315
308500,0.050,0.590,0.360
309000,0.054,0.603,0.343
309500,0.051,0.588,0.361
310000,0.050,0.678,0.272
310500,0.050,0.670,0.280
311000,0.050,0.655,0.295
311500,0.050,0.619,0.331
312000,0.050,0.631,0.319
312500,0.050,0.690,0.260
313000,0.050,0.634,0.316
313500,0.050,0.617,0.333
314000,0.050,0.694,0.256
314500,0.050,0.665,0.285
315000,0.050,0.692,0.258
315500,0.050,0.699,0.251
316000,0.050,0.719,0.231
316500,0.050,0.685,0.265
317000,0.050,0.713,0.237
317500,0.050,0.720,0.230
318000,0.050,0.709,0.241
318500,0.050,0.705,0.245
319000,0.050,0.660,0.290
319500,0.050,0.687,0.263
320000,0.050,0.641,0.309
320500,0.050,0.618,0.332
321000,0.050,0.584,0.366
321500,0.050,0.574,0.376
322000,0.050,0.609,0.341
322500,0.050,0.675,0.275
323000,0.050,0.648,0.302
323500,0.050,0.702,0.248
324000,0.050,0.613,0.337
324500,0.055,0.578,0.367
325000,0.050,0.641,0.309
325500,0.050,0.640,0.310
326000,0.050,0.604,0.346
326500,0.050,0.642,0.308
327000,0.050,0.615,0.335
327500,0.050,0.637,0.313
328000,0.050,0.615,0.335
328500,0.050,0.625,0.325
329000,0.050,0.617,0.333
329500,0.050,0.685,0.265
330000,0.050,0.623,0.327
330500,0.050,0.658,0.292
331000,0.056,0.556,0.388
331500,0.051,0.619,0.330
332000,0.050,0.651,0.299
332500,0.050,0.567,0.383
333000,0.050,0.587,0.363
333500,0.050,0.638,0.312
334000,0.050,0.594,0.356
334500,0.050,0.684,0.266
335000,0.050,0.576,0.374
335500,0.050,0.637,0.313
336000,0.050,0.679,0.271
336500,0.050,0.677,0.273
337000,0.050,0.649,0.301
337500,0.050,0.675,0.275
338000,0.050,0.599,0.351
338500,0.050,0.629,0.321
339000,0.050,0.572,0.378
339500,0.053,0.591,0.356
340000,0.050,0.581,0.369
340500,0.050,0.577,0.373
341000,0.050,0.621,0.329
341500,0.050,0.732,0.218
342000,0.050,0.758,0.192
342500,0.050,0.652,0.298
343000,0.050,0.582,0.368
343500,0.050,0.642,0.308
344000,0.050,0.654,0.296
344500,0.050,0.703,0.247
345000,0.050,0.608,0.342
345500,0.050,0.709,0.241
346000,0.050,0.671,0.279
346500,0.050,0.609,0.341
347000,0.050,0.653,0.297
347500,0.050,0.714,0.236
348000,0.050,0.685,0.265
348500,0.050,0.763,0.187
349000,0.050,0.665,0.285
349500,0.050,0.637,0.313
350000,0.052,0.646,0.302
350500,0.050,0.655,0.295
351000,0.050,0.607,0.343
351500,0.050,0.584,0.366
352000,0.050,0.582,0.368
352500,0.050,0.698,0.252
353000,0.050,0.709,0.241
353500,0.050,0.748,0.202
354000,0.050,0.675,0.275
354500,0.050,0.700,0.250
355000,0.050,0.694,0.256
355500,0.050,0.722,0.228
356000,0.050,0.675,0.275
356500,0.050,0.628,0.322
357000,0.050,0.672,0.278
357500,0.050,0.651,0.299
358000,0.050,0.633,0.317
358500,0.050,0.642,0.308
359000,0.050,0.688,0.262
359500,0.050,0.679,0.271
360000,0.050,0.581,0.369
360500,0.050,0.595,0.355
361000,0.050,0.636,0.314
361500,0.050,0.593,0.357
362000,0.050,0.646,0.304
362500,0.050,0.702,0.248
363000,0.050,0.694,0.256
363500,0.050,0.678,0.272
364000,0.050,0.616,0.334
364500,0.050,0.617,0.333
365000,0.050,0.613,0.337
365500,0.051,0.597,0.352
366000,0.050,0.575,0.375
366500,0.050,0.632,0.318
367000,0.050,0.662,0.288
367500,0.050,0.666,0.284
368000,0.050,0.660,0.290
368500,0.050,0.701,0.249
369000,0.050,0.582,0.368
369500,0.050,0.634,0.316
370000,0.050,0.640,0.310
370500,0.050,0.663,0.287
371000,0.050,0.721,0.229
371500,0.050,0.647,0.303
372000,0.050,0.703,0.247
372500,0.050,0.651,0.299
373000,0.050,0.705,0.245
373500,0.050,0.655,0.295
374000,0.050,0.678,0.272
374500,0.050,0.724,0.226
375000,0.050,0.613,0.337
375500,0.050,0.629,0.321
376000,0.050,0.628,0.322
376500,0.050,0.644,0.306
377000,0.050,0.689,0.261
377500,0.050,0.731,0.219
378000,0.050,0.670,0.280
378500,0.050,0.664,0.286
379000,0.050,0.669,0.281
379500,0.050,0.664,0.286
380000,0.050,0.625,0.325
380500,0.056,0.616,0.328
381000,0.051,0.613,0.336
381500,0.050,0.671,0.279
382000,0.050,0.627,0.323
382500,0.050,0.615,0.335
383000,0.050,0.628,0.322
383500,0.050,0.635,0.315
384000,0.050,0.626,0.324
384500,0.050,0.628,0.322
385000,0.050,0.635,0.315
385500,0.050,0.596,0.354
386000,0.050,0.610,0.340
386500,0.050,0.669,0.281
387000,0.050,0.695,0.255
387500,0.050,0.613,0.337
388000,0.050,0.640,0.310
388500,0.050,0.640,0.310
389000,0.050,0.619,0.331
389500,0.050,0.625,0.325
390000,0.050,0.623,0.327
390500,0.050,0.706,0.244
391000,0.050,0.706,0.244
391500,0.050,0.678,0.272
392000,0.050,0.614,0.336
392500,0.050,0.570,0.380
393000,0.050,0.654,0.296
393500,0.050,0.632,0.318
394000,0.050,0.617,0.333
394500,0.050,0.622,0.328
395000,0.050,0.727,0.223
395500,0.050,0.678,0.272
396000,0.050,0.600,0.350
396500,0.050,0.632,0.318
397000,0.050,0.580,0.370
397500,0.050,0.622,0.328
398000,0.050,0.626,0.324
398500,0.050,0.643,0.307
399000,0.050,0.703,0.247
399500,0.050,0.687,0.263
400000,0.050,0.644,0.306
400500,0.050,0.649,0.301
401000,0.050,0.627,0.323
401500,0.050,0.690,0.260
402000,0.050,0.584,0.366
402500,0.050,0.567,0.383
403000,0.050,0.611,0.339
403500,0.050,0.634,0.316
404000,0.050,0.585,0.365
404500,0.050,0.633,0.317
405000,0.050,0.517,0.433
405500,0.050,0.596,0.354
406000,0.050,0.677,0.273
406500,0.050,0.578,0.372
407000,0.050,0.574,0.376
407500,0.050,0.678,0.272
408000,0.050,0.656,0.294
408500,0.050,0.676,0.274
409000,0.050,0.732,0.218
409500,0.050,0.630,0.320
410000,0.050,0.637,0.313
410500,0.050,0.564,0.386
411000,0.050,0.620,0.330
411500,0.050,0.638,0.312
412000,0.050,0.692,0.258
412500,0.050,0.684,0.266
413000,0.050,0.665,0.285
413500,0.050,0.642,0.308
414000,0.050,0.637,0.313
414500,0.050,0.578,0.372
415000,0.050,0.561,0.389
415500,0.050,0.667,0.283
416000,0.050,0.635,0.315
416500,0.052,0.692,0.256
417000,0.050,0.580,0.370
417500,0.050,0.697,0.253
418000,0.050,0.638,0.312
418500,0.050,0.624,0.326
419000,0.050,0.560,0.390
419500,0.050,0.599,0.351
420000,0.050,0.583,0.367
420500,0.050,0.579,0.371
421000,0.050,0.565,0.385
421500,0.050,0.671,0.279
422000,0.050,0.635,0.315
422500,0.053,0.607,0.340
423000,0.050,0.649,0.301
423500,0.050,0.659,0.291
424000,0.050,0.676,0.274
424500,0.050,0.653,0.297
425000,0.050,0.617,0.333
425500,0.050,0.667,0.283
426000,0.050,0.700,0.250
426500,0.050,0.513,0.437
427000,0.053,0.589,0.358
427500,0.050,0.620,0.330
428000,0.050,0.559,0.391
428500,0.050,0.644,0.306
429000,0.050,0.698,0.252
429500,0.050,0.612,0.338
430000,0.050,0.663,0.287
430500,0.050,0.630,0.320
431000,0.050,0.619,0.331
431500,0.050,0.597,0.353
432000,0.050,0.601,0.349
432500,0.050,0.705,0.245
433000,0.050,0.643,0.307
433500,0.050,0.653,0.297
434000,0.050,0.662,0.288
434500,0.050,0.654,0.296
435000,0.050,0.659,0.291
435500,0.050,0.581,0.369
436000,0.050,0.596,0.354
436500,0.051,0.568,0.381
437000,0.050,0.573,0.377
437500,0.050,0.674,0.276
438000,0.050,0.611,0.339
438500,0.050,0.561,0.389
439000,0.050,0.581,0.369
439500,0.050,0.579,0.371
440000,0.050,0.579,0.371
440500,0.050,0.614,0.336
441000,0.050,0.669,0.281
441500,0.050,0.647,0.303
442000,0.050,0.661,0.289
442500,0.050,0.649,0.301
443000,0.050,0.605,0.345
443500,0.050,0.697,0.253
444000,0.050,0.636,0.314
444500,0.050,0.633,0.317
445000,0.050,0.611,0.339
445500,0.050,0.679,0.271
446000,0.050,0.641,0.309
446500,0.050,0.645,0.305
447000,0.050,0.570,0.380
447500,0.050,0.613,0.337
448000,0.053,0.562,0.385
448500,0.051,0.588,0.361
449000,0.051,0.590,0.359
449500,0.051,0.600,0.349
450000,0.056,0.587,0.357
450500,0.050,0.609,0.341
451000,0.050,0.607,0.343
451500,0.050,0.605,0.345
452000,0.050,0.651,0.299
452500,0.050,0.626,0.324
453000,0.050,0.667,0.283
453500,0.050,0.636,0.314
454000,0.057,0.655,0.288
454500,0.050,0.651,0.299
455000,0.050,0.652,0.298
455500,0.050,0.665,0.285
456000,0.050,0.681,0.269
456500,0.050,0.726,0.224
457000,0.050,0.743,0.207
457500,0.050,0.744,0.206
458000,0.050,0.776,0.174
458500,0.050,0.691,0.259
459000,0.050,0.658,0.292
459500,0.050,0.692,0.258
460000,0.050,0.582,0.368
460500,0.050,0.642,0.308
461000,0.050,0.682,0.268
461500,0.050,0.640,0.310
462000,0.050,0.606,0.344
462500,0.050,0.691,0.259
463000,0.050,0.709,0.241
463500,0.050,0.669,0.281
464000,0.050,0.687,0.263
464500,0.050,0.686,0.264
465000,0.050,0.653,0.297
465500,0.050,0.648,0.302
466000,0.050,0.519,0.431
466500,0.050,0.603,0.347
467000,0.050,0.609,0.341
467500,0.050,0.590,0.360
468000,0.050,0.652,0.298
468500,0.050,0.645,0.305
469000,0.050,0.674,0.276
469500,0.050,0.676,0.274
470000,0.050,0.665,0.285
470500,0.050,0.661,0.289
471000,0.050,0.729,0.221
471500,0.050,0.657,0.293
472000,0.050,0.648,0.302
472500,0.050,0.693,0.257
473000,0.050,0.626,0.324
473500,0.050,0.649,0.301
474000,0.050,0.662,0.288
474500,0.050,0.663,0.287
475000,0.050,0.686,0.264
475500,0.050,0.708,0.242
476000,0.050,0.604,0.346
476500,0.050,0.594,0.356
477000,0.050,0.626,0.324
477500,0.050,0.596,0.354
478000,0.050,0.685,0.265
478500,0.050,0.707,0.243
479000,0.050,0.648,0.302
479500,0.050,0.618,0.332
480000,0.050,0.640,0.310
480500,0.050,0.701,0.249
481000,0.050,0.630,0.320
481500,0.050,0.649,0.301
482000,0.050,0.657,0.293
482500,0.050,0.683,0.267
483000,0.050,0.691,0.259
483500,0.050,0.694,0.256
484000,0.050,0.691,0.259
484500,0.050,0.614,0.336
485000,0.050,0.722,0.228
485500,0.050,0.698,0.252
486000,0.050,0.694,0.256
486500,0.050,0.690,0.260
487000,0.050,0.592,0.358
487500,0.053,0.622,0.325
488000,0.051,0.620,0.329
488500,0.050,0.694,0.256
489000,0.050,0.690,0.260
489500,0.050,0.632,0.318
490000,0.050,0.705,0.245
490500,0.050,0.684,0.266
491000,0.050,0.665,0.285
491500,0.050,0.691,0.259
492000,0.050,0.677,0.273
492500,0.050,0.671,0.279
493000,0.050,0.598,0.352
493500,0.057,0.559,0.384
494000,0.053,0.566,0.381
494500,0.051,0.551,0.398
495000,0.050,0.575,0.375
495500,0.050,0.599,0.351
496000,0.050,0.525,0.425
496500,0.050,0.641,0.309
497000,0.050,0.669,0.281
497500,0.050,0.728,0.222
498000,0.050,0.704,0.246
498500,0.050,0.671,0.279
499000,0.050,0.601,0.349
499500,0.050,0.623,0.327
500000,0.050,0.624,0.326
500500,0.050,0.582,0.368
501000,0.050,0.700,0.250
501500,0.050,0.740,0.210
502000,0.050,0.686,0.264
502500,0.050,0.694,0.256
503000,0.050,0.687,0.263
503500,0.050,0.719,0.231
504000,0.050,0.673,0.277
504500,0.050,0.699,0.251
505000,0.050,0.614,0.336
505500,0.050,0.646,0.304
506000,0.050,0.626,0.324
506500,0.050,0.595,0.355
507000,0.050,0.640,0.310
507500,0.050,0.606,0.344
508000,0.050,0.686,0.264
508500,0.050,0.701,0.249
509000,0.050,0.664,0.286
509500,0.050,0.660,0.290
510000,0.050,0.664,0.286
510500,0.050,0.644,0.306
511000,0.050,0.579,0.371
511500,0.050,0.633,0.317
512000,0.050,0.625,0.325
512500,0.050,0.541,0.409
513000,0.050,0.595,0.355
513500,0.050,0.622,0.328
514000,0.050,0.621,0.329
514500,0.056,0.557,0.387
515000,0.052,0.541,0.407
515500,0.050,0.609,0.341
516000,0.050,0.687,0.263
516500,0.050,0.674,0.276
517000,0.050,0.668,0.282
517500,0.051,0.653,0.296
518000,0.050,0.638,0.312
518500,0.050,0.560,0.390
519000,0.050,0.595,0.355
519500,0.050,0.600,0.350
520000,0.050,0.635,0.315
520500,0.050,0.637,0.313
521000,0.050,0.603,0.347
521500,0.050,0.564,0.386
522000,0.050,0.624,0.326
522500,0.050,0.623,0.327
523000,0.050,0.663,0.287
523500,0.050,0.663,0.287
524000,0.050,0.632,0.318
524500,0.050,0.605,0.345
525000,0.050,0.640,0.310
525500,0.050,0.613,0.337
526000,0.050,0.634,0.316
526500,0.050,0.687,0.263
527000,0.050,0.640,0.310
527500,0.050,0.664,0.286
528000,0.050,0.693,0.257
528500,0.050,0.608,0.342
529000,0.050,0.683,0.267
529500,0.050,0.563,0.387
530000,0.050,0.531,0.419
530500,0.050,0.628,0.322
531000,0.050,0.649,0.301
531500,0.050,0.676,0.274
532000,0.050,0.650,0.300
532500,0.050,0.526,0.424
533000,0.050,0.658,0.292
533500,0.050,0.755,0.195
534000,0.050,0.730,0.220
534500,0.050,0.684,0.266
535000,0.050,0.596,0.354
535500,0.050,0.651,0.299
536000,0.050,0.685,0.265
536500,0.050,0.708,0.242
537000,0.050,0.742,0.208
537500,0.050,0.648,0.302
538000,0.050,0.659,0.291
538500,0.050,0.609,0.341
539000,0.050,0.602,0.348
539500,0.050,0.612,0.338
540000,0.050,0.616,0.334
540500,0.051,0.638,0.311
541000,0.050,0.648,0.302
541500,0.050,0.579,0.371
542000,0.050,0.601,0.349
542500,0.050,0.618,0.332
543000,0.050,0.647,0.303
543500,0.050,0.655,0.295
544000,0.050,0.581,0.369
544500,0.050,0.620,0.330
545000,0.050,0.568,0.382
545500,0.050,0.653,0.297
546000,0.050,0.614,0.336
546500,0.050,0.637,0.313
547000,0.050,0.559,0.391
547500,0.050,0.624,0.326
548000,0.050,0.610,0.340
548500,0.050,0.645,0.305
549000,0.050,0.601,0.349
549500,0.050,0.669,0.281
550000,0.050,0.649,0.301
550500,0.050,0.688,0.262
551000,0.050,0.637,0.313
551500,0.050,0.691,0.259
552000,0.050,0.683,0.267
552500,0.050,0.632,0.318
553000,0.050,0.643,0.307
553500,0.050,0.655,0.295
554000,0.050,0.684,0.266
554500,0.050,0.688,0.262
555000,0.050,0.679,0.271
555500,0.050,0.635,0.315
556000,0.050,0.643,0.307
556500,0.050,0.663,0.287
557000,0.050,0.694,0.256
557500,0.050,0.679,0.271
558000,0.050,0.641,0.309
558500,0.050,0.716,0.234
559000,0.050,0.658,0.292
559500,0.050,0.598,0.352
560000,0.050,0.639,0.311
560500,0.050,0.704,0.246
561000,0.050,0.666,0.284
561500,0.050,0.673,0.277
562000,0.050,0.571,0.379
562500,0.050,0.717,0.233
563000,0.050,0.697,0.253
563500,0.050,0.612,0.338
564000,0.050,0.626,0.324
564500,0.050,0.666,0.284
565000,0.050,0.681,0.269
565500,0.050,0.735,0.215
566000,0.050,0.695,0.255
566500,0.050,0.697,0.253
567000,0.050,0.646,0.304
567500,0.050,0.652,0.298
568000,0.050,0.711,0.239
568500,0.050,0.676,0.274
569000,0.050,0.663,0.287
569500,0.050,0.622,0.328
570000,0.050,0.530,0.420
570500,0.050,0.584,0.366
571000,0.050,0.597,0.353
571500,0.050,0.618,0.332
572000,0.050,0.684,0.266
572500,0.050,0.597,0.353
573000,0.050,0.620,0.330
573500,0.052,0.661,0.287
574000,0.050,0.662,0.288
574500,0.050,0.668,0.282
575000,0.050,0.566,0.384
575500,0.050,0.587,0.363
576000,0.050,0.573,0.377
576500,0.050,0.575,0.375
577000,0.050,0.590,0.360
577500,0.050,0.645,0.305
578000,0.050,0.645,0.305
578500,0.050,0.578,0.372
579000,0.054,0.562,0.384
579500,0.050,0.547,0.403
580000,0.050,0.626,0.324
580500,0.050,0.662,0.288
581000,0.050,0.619,0.331
581500,0.050,0.720,0.230
582000,0.050,0.686,0.264
582500,0.050,0.608,0.342
583000,0.050,0.637,0.313
583500,0.050,0.702,0.248
584000,0.050,0.637,0.313
584500,0.050,0.665,0.285
585000,0.050,0.725,0.225
585500,0.050,0.717,0.233
586000,0.050,0.616,0.334
586500,0.050,0.674,0.276
587000,0.050,0.660,0.290
587500,0.050,0.615,0.335
588000,0.050,0.611,0.339
588500,0.050,0.639,0.311
589000,0.050,0.624,0.326
589500,0.050,0.544,0.406
590000,0.050,0.556,0.394
590500,0.050,0.646,0.304
591000,0.050,0.630,0.320
591500,0.052,0.550,0.398
592000,0.050,0.597,0.353
592500,0.050,0.569,0.381
593000,0.050,0.589,0.361
593500,0.050,0.540,0.410
594000,0.050,0.578,0.372
594500,0.050,0.615,0.335
595000,0.050,0.601,0.349
595500,0.050,0.620,0.330
596000,0.050,0.682,0.268
596500,0.050,0.674,0.276
597000,0.050,0.713,0.237
597500,0.050,0.677,0.273
598000,0.050,0.651,0.299
598500,0.050,0.641,0.309
599000,0.050,0.695,0.255
599500,0.050,0.604,0.346
600000,0.050,0.710,0.240
600500,0.050,0.646,0.304
601000,0.050,0.615,0.335
601500,0.050,0.644,0.306
602000,0.054,0.686,0.260
602500,0.051,0.666,0.283
603000,0.050,0.672,0.278
603500,0.050,0.623,0.327
604000,0.050,0.690,0.260
604500,0.050,0.715,0.235
605000,0.050,0.731,0.219
605500,0.050,0.706,0.244
606000,0.050,0.747,0.203
606500,0.050,0.676,0.274
607000,0.050,0.597,0.353
607500,0.050,0.600,0.350
608000,0.053,0.619,0.328
608500,0.050,0.595,0.355
609000,0.050,0.623,0.327
609500,0.050,0.588,0.362
610000,0.050,0.662,0.288
610500,0.050,0.681,0.269
611000,0.050,0.639,0.311
611500,0.050,0.623,0.327
612000,0.050,0.568,0.382
612500,0.050,0.589,0.361
613000,0.050,0.609,0.341
613500,0.050,0.566,0.384
614000,0.050,0.626,0.324
614500,0.050,0.601,0.349
615000,0.050,0.697,0.253
615500,0.050,0.725,0.225
616000,0.050,0.683,0.267
616500,0.054,0.591,0.355
617000,0.050,0.603,0.347
617500,0.050,0.626,0.324
618000,0.050,0.658,0.292
618500,0.050,0.765,0.185
619000,0.050,0.657,0.293
619500,0.050,0.688,0.262
620000,0.050,0.643,0.307
620500,0.050,0.687,0.263
621000,0.050,0.617,0.333
621500,0.050,0.640,0.310
622000,0.056,0.571,0.373
622500,0.060,0.500,0.440
623000,0.051,0.588,0.361
623500,0.051,0.624,0.325
624000,0.050,0.686,0.264
624500,0.050,0.706,0.244
625000,0.050,0.708,0.242
625500,0.052,0.609,0.339
626000,0.050,0.643,0.307
626500,0.050,0.613,0.337
627000,0.050,0.594,0.356
627500,0.050,0.647,0.303
628000,0.050,0.654,0.296
628500,0.050,0.664,0.286
629000,0.050,0.673,0.277
629500,0.050,0.663,0.287
630000,0.050,0.724,0.226
630500,0.050,0.769,0.181
631000,0.050,0.768,0.182
631500,0.050,0.738,0.212
632000,0.050,0.697,0.253
632500,0.050,0.697,0.253
633000,0.050,0.736,0.214
633500,0.050,0.721,0.229
634000,0.050,0.648,0.302
634500,0.050,0.676,0.274
635000,0.050,0.691,0.259
635500,0.050,0.584,0.366
636000,0.050,0.597,0.353
636500,0.050,0.593,0.357
637000,0.050,0.673,0.277
637500,0.050,0.653,0.297
638000,0.050,0.682,0.268
638500,0.050,0.683,0.267
639000,0.050,0.701,0.249
639500,0.050,0.742,0.208
640000,0.050,0.734,0.216
640500,0.050,0.649,0.301
641000,0.050,0.646,0.304
641500,0.054,0.616,0.330
642000,0.050,0.633,0.317
642500,0.050,0.542,0.408
643000,0.050,0.551,0.399
643500,0.050,0.625,0.325
644000,0.050,0.677,0.273
644500,0.050,0.717,0.233
645000,0.050,0.654,0.296
645500,0.050,0.624,0.326
646000,0.050,0.675,0.275
646500,0.050,0.658,0.292
647000,0.050,0.656,0.294
647500,0.050,0.687,0.263
648000,0.050,0.693,0.257
648500,0.050,0.665,0.285
649000,0.050,0.622,0.328
649500,0.050,0.617,0.333
650000,0.050,0.588,0.362
650500,0.050,0.679,0.271
651000,0.050,0.726,0.224
651500,0.050,0.726,0.224
652000,0.050,0.655,0.295
652500,0.050,0.630,0.320
653000,0.050,0.686,0.264
653500,0.050,0.675,0.275
654000,0.050,0.710,0.240
654500,0.050,0.705,0.245
655000,0.050,0.720,0.230
655500,0.050,0.667,0.283
656000,0.050,0.644,0.306
656500,0.050,0.684,0.266
657000,0.050,0.693,0.257
657500,0.050,0.673,0.277
658000,0.050,0.699,0.251
658500,0.050,0.737,0.213
659000,0.050,0.702,0.248
659500,0.050,0.698,0.252
660000,0.050,0.693,0.257
660500,0.050,0.605,0.345
661000,0.050,0.564,0.386
661500,0.050,0.612,0.338
662000,0.050,0.588,0.362
662500,0.050,0.605,0.345
663000,0.050,0.664,0.286
663500,0.050,0.632,0.318
664000,0.050,0.674,0.276
664500,0.050,0.661,0.289
665000,0.050,0.711,0.239
665500,0.050,0.692,0.258
666000,0.050,0.714,0.236
666500,0.050,0.670,0.280
667000,0.056,0.570,0.374
667500,0.051,0.670,0.279
668000,0.050,0.714,0.236
668500,0.050,0.600,0.350
669000,0.052,0.606,0.342
669500,0.050,0.734,0.216
670000,0.050,0.626,0.324
670500,0.050,0.605,0.345
671000,0.050,0.629,0.321
671500,0.050,0.677,0.273
672000,0.053,0.684,0.263
672500,0.050,0.626,0.324
673000,0.050,0.660,0.290
673500,0.050,0.639,0.311
674000,0.050,0.660,0.290
674500,0.052,0.603,0.345
675000,0.050,0.639,0.311
675500,0.050,0.621,0.329
676000,0.050,0.595,0.355
676500,0.050,0.634,0.316
677000,0.050,0.716,0.234
677500,0.050,0.641,0.309
678000,0.050,0.704,0.246
678500,0.050,0.642,0.308
679000,0.050,0.664,0.286
679500,0.050,0.702,0.248
680000,0.050,0.688,0.262
680500,0.050,0.692,0.258
681000,0.050,0.594,0.356
681500,0.050,0.631,0.319
682000,0.050,0.625,0.325
682500,0.050,0.650,0.300
683000,0.050,0.627,0.323
683500,0.050,0.637,0.313
684000,0.050,0.725,0.225
684500,0.050,0.642,0.308
685000,0.050,0.610,0.340
685500,0.050,0.663,0.287
686000,0.050,0.601,0.349
686500,0.050,0.715,0.235
687000,0.050,0.658,0.292
687500,0.050,0.682,0.268
688000,0.050,0.638,0.312
688500,0.050,0.683,0.267
689000,0.050,0.674,0.276
689500,0.050,0.633,0.317
690000,0.050,0.558,0.392
690500,0.051,0.604,0.345
691000,0.050,0.605,0.345
691500,0.051,0.665,0.284
692000,0.050,0.657,0.293
692500,0.050,0.661,0.289
693000,0.050,0.640,0.310
693500,0.050,0.686,0.264
694000,0.050,0.706,0.244
694500,0.050,0.613,0.337
695000,0.050,0.607,0.343
695500,0.050,0.615,0.335
696000,0.050,0.577,0.373
696500,0.050,0.621,0.329
697000,0.050,0.636,0.314
697500,0.050,0.647,0.303
698000,0.050,0.635,0.315
698500,0.050,0.620,0.330
699000,0.050,0.606,0.344
699500,0.050,0.668,0.282
700000,0.050,0.625,0.325
700500,0.050,0.593,0.357
701000,0.050,0.622,0.328
701500,0.050,0.611,0.339
702000,0.050,0.699,0.251
702500,0.050,0.598,0.352
703000,0.050,0.688,0.262
703500,0.051,0.634,0.315
704000,0.051,0.633,0.316
704500,0.050,0.601,0.349
705000,0.050,0.644,0.306
705500,0.050,0.675,0.275
706000,0.050,0.593,0.357
706500,0.050,0.635,0.315
707000,0.050,0.579,0.371
707500,0.050,0.683,0.267
708000,0.050,0.708,0.242
708500,0.050,0.665,0.285
709000,0.050,0.590,0.360
709500,0.050,0.597,0.353
710000,0.050,0.610,0.340
710500,0.050,0.602,0.348
711000,0.050,0.557,0.393
711500,0.050,0.646,0.304
712000,0.050,0.615,0.335
712500,0.050,0.725,0.225
713000,0.050,0.573,0.377
713500,0.052,0.585,0.363
714000,0.051,0.611,0.338
714500,0.050,0.585,0.365
715000,0.050,0.591,0.359
715500,0.050,0.583,0.367
716000,0.050,0.566,0.384
716500,0.050,0.604,0.346
717000,0.052,0.550,0.398
717500,0.050,0.561,0.389
718000,0.050,0.614,0.336
718500,0.050,0.668,0.282
719000,0.050,0.661,0.289
719500,0.050,0.605,0.345
720000,0.050,0.642,0.308
720500,0.050,0.572,0.378
721000,0.050,0.617,0.333
721500,0.052,0.654,0.294
722000,0.050,0.661,0.289
722500,0.050,0.587,0.363
723000,0.050,0.612,0.338
723500,0.050,0.577,0.373
724000,0.050,0.567,0.383
724500,0.050,0.571,0.379
725000,0.054,0.664,0.282
725500,0.050,0.667,0.283
726000,0.050,0.648,0.302
726500,0.050,0.599,0.351
727000,0.050,0.679,0.271
727500,0.050,0.672,0.278
728000,0.050,0.680,0.270
728500,0.050,0.649,0.301
729000,0.050,0.668,0.282
729500,0.050,0.664,0.286
730000,0.050,0.622,0.328
730500,0.050,0.669,0.281
731000,0.050,0.643,0.307
731500,0.050,0.636,0.314
732000,0.050,0.643,0.307
732500,0.050,0.658,0.292
733000,0.050,0.605,0.345
733500,0.050,0.613,0.337
734000,0.050,0.565,0.385
734500,0.050,0.638,0.312
735000,0.050,0.646,0.304
735500,0.050,0.651,0.299
736000,0.050,0.588,0.362
736500,0.050,0.654,0.296
737000,0.050,0.729,0.221
737500,0.050,0.673,0.277
738000,0.050,0.605,0.345
738500,0.050,0.599,0.351
739000,0.050,0.618,0.332
739500,0.050,0.684,0.266
740000,0.050,0.660,0.290
740500,0.050,0.585,0.365
741000,0.050,0.598,0.352
741500,0.050,0.654,0.296
742000,0.050,0.671,0.279
742500,0.050,0.642,0.308
743000,0.050,0.673,0.277
743500,0.050,0.633,0.317
744000,0.050,0.614,0.336
744500,0.050,0.652,0.298
745000,0.050,0.688,0.262
745500,0.050,0.645,0.305
746000,0.050,0.661,0.289
746500,0.050,0.707,0.243
747000,0.050,0.742,0.208
747500,0.050,0.679,0.271
748000,0.050,0.578,0.372
748500,0.050,0.674,0.276
749000,0.050,0.577,0.373
749500,0.050,0.514,0.436
750000,0.056,0.533,0.411
750500,0.050,0.613,0.337
751000,0.050,0.699,0.251
751500,0.050,0.690,0.260
752000,0.050,0.685,0.265
752500,0.050,0.718,0.232
753000,0.050,0.718,0.232
753500,0.050,0.814,0.136
754000,0.050,0.780,0.170
754500,0.050,0.752,0.198
755000,0.050,0.700,0.250
755500,0.050,0.725,0.225
756000,0.050,0.707,0.243
756500,0.050,0.626,0.324
757000,0.050,0.622,0.328
757500,0.050,0.654,0.296
758000,0.050,0.670,0.280
758500,0.050,0.703,0.247
759000,0.050,0.707,0.243
759500,0.050,0.633,0.317
760000,0.050,0.679,0.271
760500,0.050,0.688,0.262
761000,0.050,0.560,0.390
761500,0.050,0.670,0.280
762000,0.050,0.680,0.270
762500,0.050,0.654,0.296
763000,0.050,0.668,0.282
763500,0.050,0.667,0.283
764000,0.050,0.718,0.232
764500,0.050,0.613,0.337
765000,0.050,0.681,0.269
765500,0.050,0.600,0.350
766000,0.050,0.706,0.244
766500,0.050,0.717,0.233
767000,0.050,0.665,0.285
767500,0.050,0.569,0.381
768000,0.057,0.539,0.404
768500,0.051,0.523,0.426
769000,0.051,0.503,0.446
769500,0.050,0.568,0.382
770000,0.050,0.665,0.285
770500,0.050,0.652,0.298
771000,0.050,0.627,0.323
771500,0.050,0.628,0.322
772000,0.050,0.717,0.233
772500,0.050,0.727,0.223
773000,0.050,0.698,0.252
773500,0.050,0.738,0.212
774000,0.050,0.640,0.310
774500,0.050,0.574,0.376
775000,0.050,0.668,0.282
775500,0.050,0.724,0.226
776000,0.050,0.716,0.234
776500,0.050,0.704,0.246
777000,0.050,0.718,0.232
777500,0.050,0.602,0.348
778000,0.050,0.613,0.337
778500,0.050,0.586,0.364
779000,0.050,0.555,0.395
779500,0.050,0.641,0.309
780000,0.050,0.713,0.237
780500,0.050,0.600,0.350
781000,0.050,0.639,0.311
781500,0.050,0.744,0.206
782000,0.050,0.770,0.180
782500,0.050,0.652,0.298
783000,0.050,0.567,0.383
783500,0.050,0.617,0.333
784000,0.050,0.666,0.284
784500,0.050,0.659,0.291
785000,0.050,0.619,0.331
785500,0.052,0.574,0.374
786000,0.050,0.578,0.372
786500,0.050,0.623,0.327
787000,0.050,0.653,0.297
787500,0.050,0.687,0.263
788000,0.050,0.638,0.312
788500,0.050,0.673,0.277
789000,0.050,0.637,0.313
789500,0.050,0.700,0.250
790000,0.058,0.598,0.344
790500,0.051,0.642,0.307
791000,0.050,0.675,0.275
791500,0.050,0.668,0.282
792000,0.050,0.648,0.302
792500,0.050,0.702,0.248
793000,0.050,0.694,0.256
793500,0.050,0.606,0.344
794000,0.050,0.692,0.258
794500,0.050,0.706,0.244
795000,0.050,0.720,0.230
795500,0.050,0.667,0.283
796000,0.050,0.709,0.241
796500,0.050,0.651,0.299
797000,0.050,0.664,0.286
797500,0.050,0.665,0.285
798000,0.050,0.635,0.315
798500,0.050,0.623,0.327
799000,0.050,0.550,0.400
799500,0.050,0.559,0.391
800000,0.050,0.504,0.446
800500,0.050,0.648,0.302
801000,0.050,0.696,0.254
801500,0.050,0.673,0.277
802000,0.050,0.710,0.240
802500,0.050,0.634,0.316
803000,0.050,0.597,0.353
803500,0.050,0.619,0.331
804000,0.050,0.609,0.341
804500,0.050,0.616,0.334
805000,0.052,0.629,0.319
805500,0.050,0.628,0.322
806000,0.050,0.669,0.281
806500,0.050,0.644,0.306
807000,0.050,0.634,0.316
807500,0.050,0.648,0.302
808000,0.050,0.628,0.322
808500,0.050,0.661,0.289
809000,0.050,0.666,0.284
809500,0.050,0.727,0.223
810000,0.050,0.774,0.176
810500,0.050,0.680,0.270
811000,0.050,0.673,0.277
811500,0.050,0.664,0.286
812000,0.050,0.722,0.228
812500,0.050,0.757,0.193
813000,0.050,0.715,0.235
813500,0.050,0.710,0.240
814000,0.050,0.764,0.186
814500,0.050,0.653,0.297
815000,0.050,0.623,0.327
815500,0.052,0.598,0.350
816000,0.056,0.597,0.347
816500,0.050,0.677,0.273
817000,0.050,0.684,0.266
817500,0.050,0.659,0.291
818000,0.056,0.607,0.337
818500,0.058,0.553,0.389
819000,0.050,0.589,0.361
819500,0.050,0.584,0.366
820000,0.050,0.626,0.324
820500,0.050,0.638,0.312
821000,0.050,0.639,0.311
821500,0.050,0.671,0.279
822000,0.050,0.683,0.267
822500,0.050,0.682,0.268
823000,0.050,0.655,0.295
823500,0.050,0.649,0.301
824000,0.050,0.645,0.305
824500,0.050,0.641,0.309
825000,0.050,0.639,0.311
825500,0.050,0.644,0.306
826000,0.050,0.682,0.268
826500,0.050,0.749,0.201
827000,0.050,0.739,0.211
827500,0.050,0.667,0.283
828000,0.050,0.602,0.348
828500,0.050,0.642,0.308
829000,0.050,0.680,0.270
829500,0.050,0.594,0.356
830000,0.050,0.571,0.379
830500,0.050,0.584,0.366
831000,0.050,0.578,0.372
831500,0.050,0.551,0.399
832000,0.050,0.624,0.326
832500,0.050,0.634,0.316
833000,0.050,0.661,0.289
833500,0.050,0.603,0.347
834000,0.050,0.612,0.338
834500,0.050,0.600,0.350
835000,0.050,0.590,0.360
835500,0.050,0.624,0.326
836000,0.050,0.594,0.356
836500,0.050,0.594,0.356
837000,0.050,0.631,0.319
837500,0.050,0.742,0.208
838000,0.050,0.673,0.277
838500,0.050,0.629,0.321
839000,0.050,0.631,0.319
839500,0.050,0.541,0.409
840000,0.054,0.589,0.357
840500,0.050,0.672,0.278
841000,0.050,0.741,0.209
841500,0.050,0.683,0.267
842000,0.050,0.695,0.255
842500,0.050,0.689,0.261
843000,0.050,0.747,0.203
843500,0.050,0.713,0.237
844000,0.050,0.728,0.222
844500,0.050,0.637,0.313
845000,0.050,0.678,0.272
845500,0.050,0.657,0.293
846000,0.050,0.611,0.339
846500,0.050,0.626,0.324
847000,0.050,0.624,0.326
847500,0.050,0.624,0.326
848000,0.050,0.617,0.333
848500,0.050,0.720,0.230
849000,0.050,0.704,0.246
849500,0.054,0.622,0.324
850000,0.050,0.633,0.317
850500,0.050,0.675,0.275
851000,0.050,0.649,0.301
851500,0.050,0.700,0.250
852000,0.050,0.663,0.287
852500,0.050,0.655,0.295
853000,0.050,0.597,0.353
853500,0.050,0.604,0.346
854000,0.050,0.636,0.314
854500,0.050,0.593,0.357
855000,0.050,0.603,0.347
855500,0.055,0.601,0.344
856000,0.051,0.640,0.309
856500,0.050,0.675,0.275
857000,0.050,0.707,0.243
857500,0.050,0.704,0.246
858000,0.050,0.649,0.301
858500,0.050,0.614,0.336
859000,0.050,0.597,0.353
859500,0.054,0.614,0.332
860000,0.050,0.588,0.362
860500,0.050,0.607,0.343
861000,0.050,0.647,0.303
861500,0.050,0.695,0.255
862000,0.050,0.595,0.355
862500,0.050,0.605,0.345
863000,0.050,0.519,0.431
863500,0.050,0.561,0.389
864000,0.050,0.622,0.328
864500,0.050,0.663,0.287
865000,0.050,0.744,0.206
865500,0.050,0.675,0.275
866000,0.050,0.731,0.219
866500,0.050,0.677,0.273
867000,0.050,0.632,0.318
867500,0.050,0.621,0.329
868000,0.050,0.583,0.367
868500,0.050,0.581,0.369
869000,0.050,0.694,0.256
869500,0.050,0.657,0.293
870000,0.050,0.634,0.316
870500,0.050,0.669,0.281
871000,0.050,0.625,0.325
871500,0.050,0.651,0.299
872000,0.050,0.651,0.299
872500,0.050,0.603,0.347
873000,0.054,0.628,0.318
873500,0.054,0.614,0.332
874000,0.050,0.676,0.274
874500,0.057,0.648,0.295
875000,0.058,0.581,0.361
875500,0.051,0.630,0.319
876000,0.050,0.599,0.351
876500,0.050,0.573,0.377
877000,0.050,0.598,0.352
877500,0.050,0.592,0.358
878000,0.050,0.619,0.331
878500,0.050,0.600,0.350
879000,0.050,0.578,0.372
879500,0.050,0.661,0.289
880000,0.050,0.656,0.294
880500,0.050,0.649,0.301
881000,0.050,0.613,0.337
881500,0.050,0.651,0.299
882000,0.050,0.660,0.290
882500,0.050,0.681,0.269
883000,0.050,0.690,0.260
883500,0.050,0.671,0.279
884000,0.050,0.578,0.372
884500,0.050,0.605,0.345
885000,0.050,0.632,0.318
885500,0.050,0.596,0.354
886000,0.050,0.602,0.348
886500,0.050,0.661,0.289
887000,0.050,0.656,0.294
887500,0.050,0.618,0.332
888000,0.050,0.724,0.226
888500,0.050,0.602,0.348
889000,0.050,0.607,0.343
889500,0.050,0.556,0.394
890000,0.050,0.628,0.322
890500,0.050,0.597,0.353
891000,0.050,0.579,0.371
891500,0.050,0.673,0.277
892000,0.050,0.663,0.287
892500,0.050,0.682,0.268
893000,0.050,0.613,0.337
893500,0.050,0.661,0.289
894000,0.050,0.660,0.290
894500,0.050,0.662,0.288
895000,0.050,0.680,0.270
895500,0.050,0.723,0.227
896000,0.050,0.692,0.258
896500,0.050,0.596,0.354
897000,0.050,0.600,0.350
897500,0.050,0.565,0.385
898000,0.050,0.539,0.411
898500,0.050,0.600,0.350
899000,0.050,0.645,0.305
899500,0.050,0.628,0.322
900000,0.050,0.735,0.215
900500,0.050,0.740,0.210
901000,0.050,0.693,0.257
901500,0.050,0.630,0.320
902000,0.050,0.690,0.260
902500,0.050,0.650,0.300
903000,0.050,0.641,0.309
903500,0.050,0.683,0.267
904000,0.050,0.740,0.210
904500,0.050,0.597,0.353
905000,0.050,0.627,0.323
905500,0.050,0.631,0.319
906000,0.050,0.649,0.301
906500,0.050,0.677,0.273
907000,0.050,0.567,0.383
907500,0.050,0.580,0.370
908000,0.050,0.635,0.315
908500,0.050,0.637,0.313
909000,0.050,0.641,0.309
909500,0.050,0.641,0.309
910000,0.050,0.679,0.271
910500,0.050,0.722,0.228
911000,0.050,0.662,0.288
911500,0.050,0.663,0.287
912000,0.050,0.701,0.249
912500,0.050,0.689,0.261
913000,0.050,0.721,0.229
913500,0.050,0.603,0.347
914000,0.050,0.603,0.347
914500,0.050,0.627,0.323
915000,0.050,0.650,0.300
915500,0.050,0.611,0.339
916000,0.050,0.589,0.361
916500,0.053,0.559,0.388
917000,0.053,0.568,0.379
917500,0.053,0.570,0.377
918000,0.050,0.621,0.329
918500,0.050,0.636,0.314
919000,0.050,0.568,0.382
919500,0.050,0.681,0.269
920000,0.050,0.675,0.275
920500,0.050,0.667,0.283
921000,0.050,0.614,0.336
921500,0.050,0.706,0.244
922000,0.050,0.741,0.209
922500,0.050,0.702,0.248
923000,0.050,0.639,0.311
923500,0.050,0.612,0.338
924000,0.050,0.631,0.319
924500,0.050,0.600,0.350
925000,0.050,0.674,0.276
925500,0.050,0.652,0.298
926000,0.050,0.626,0.324
926500,0.050,0.689,0.261
927000,0.050,0.681,0.269
927500,0.050,0.682,0.268
928000,0.050,0.697,0.253
928500,0.050,0.716,0.234
929000,0.050,0.689,0.261
929500,0.050,0.673,0.277
930000,0.050,0.727,0.223
930500,0.050,0.644,0.306
931000,0.050,0.718,0.232
931500,0.050,0.676,0.274
932000,0.050,0.661,0.289
932500,0.050,0.661,0.289
933000,0.050,0.617,0.333
933500,0.050,0.607,0.343
934000,0.050,0.686,0.264
934500,0.050,0.673,0.277
935000,0.050,0.767,0.183
935500,0.050,0.604,0.346
936000,0.050,0.651,0.299
936500,0.050,0.636,0.314
937000,0.050,0.645,0.305
937500,0.050,0.603,0.347
938000,0.052,0.520,0.428
938500,0.055,0.544,0.401
939000,0.051,0.497,0.452
939500,0.050,0.578,0.372
940000,0.050,0.605,0.345
940500,0.050,0.592,0.358
941000,0.050,0.553,0.397
941500,0.050,0.507,0.443
942000,0.050,0.563,0.387
942500,0.050,0.707,0.243
943000,0.050,0.703,0.247
943500,0.050,0.626,0.324
944000,0.050,0.670,0.280
944500,0.050,0.608,0.342
945000,0.050,0.570,0.380
945500,0.059,0.577,0.364
946000,0.050,0.565,0.385
946500,0.050,0.597,0.353
947000,0.050,0.485,0.465
947500,0.050,0.626,0.324
948000,0.050,0.542,0.408
948500,0.050,0.639,0.311
949000,0.050,0.725,0.225
949500,0.050,0.688,0.262
950000,0.050,0.658,0.292
950500,0.050,0.706,0.244
951000,0.050,0.701,0.249
951500,0.050,0.654,0.296
952000,0.050,0.725,0.225
952500,0.050,0.717,0.233
953000,0.050,0.750,0.200
953500,0.050,0.681,0.269
954000,0.050,0.683,0.267
954500,0.050,0.749,0.201
955000,0.050,0.712,0.238
955500,0.050,0.677,0.273
956000,0.050,0.738,0.212
956500,0.050,0.696,0.254
957000,0.050,0.680,0.270
957500,0.050,0.613,0.337
958000,0.051,0.613,0.336
958500,0.051,0.571,0.378
959000,0.051,0.542,0.407
959500,0.050,0.609,0.341
960000,0.050,0.625,0.325
960500,0.050,0.678,0.272
961000,0.050,0.665,0.285
961500,0.050,0.686,0.264
962000,0.050,0.643,0.307
962500,0.050,0.707,0.243
963000,0.050,0.743,0.207
963500,0.050,0.751,0.199
964000,0.050,0.754,0.196
964500,0.050,0.686,0.264
965000,0.050,0.626,0.324
965500,0.050,0.658,0.292
966000,0.050,0.679,0.271
966500,0.050,0.602,0.348
967000,0.050,0.557,0.393
967500,0.050,0.546,0.404
968000,0.050,0.520,0.430
968500,0.051,0.579,0.370
969000,0.050,0.627,0.323
969500,0.050,0.686,0.264
970000,0.050,0.690,0.260
970500,0.050,0.652,0.298
971000,0.050,0.622,0.328
971500,0.050,0.668,0.282
972000,0.050,0.671,0.279
972500,0.050,0.746,0.204
973000,0.050,0.720,0.230
973500,0.050,0.699,0.251
974000,0.050,0.717,0.233
974500,0.050,0.558,0.392
975000,0.051,0.499,0.450
975500,0.050,0.602,0.348
976000,0.050,0.622,0.328
976500,0.057,0.604,0.339
977000,0.051,0.587,0.362
977500,0.050,0.584,0.366
978000,0.050,0.612,0.338
978500,0.050,0.679,0.271
979000,0.050,0.589,0.361
979500,0.050,0.640,0.310
980000,0.050,0.720,0.230
980500,0.050,0.632,0.318
981000,0.050,0.645,0.305
981500,0.050,0.647,0.303
982000,0.050,0.587,0.363
982500,0.050,0.672,0.278
983000,0.050,0.727,0.223
983500,0.050,0.642,0.308
984000,0.050,0.552,0.398
984500,0.053,0.649,0.298
985000,0.050,0.696,0.254
985500,0.050,0.644,0.306
986000,0.050,0.629,0.321
986500,0.052,0.678,0.270
987000,0.050,0.590,0.360
987500,0.050,0.592,0.358
988000,0.050,0.624,0.326
988500,0.050,0.676,0.274
989000,0.050,0.702,0.248
989500,0.050,0.665,0.285
990000,0.050,0.644,0.306
990500,0.050,0.646,0.304
991000,0.050,0.609,0.341
991500,0.050,0.615,0.335
992000,0.050,0.696,0.254
992500,0.050,0.659,0.291
993000,0.050,0.724,0.226
993500,0.057,0.622,0.321
994000,0.052,0.579,0.369
994500,0.050,0.612,0.338
995000,0.050,0.646,0.304
995500,0.050,0.664,0.286
996000,0.050,0.717,0.233
996500,0.050,0.731,0.219
997000,0.050,0.716,0.234
997500,0.050,0.747,0.203
998000,0.050,0.737,0.213
998500,0.050,0.733,0.217
999000,0.052,0.650,0.298
999500,0.050,0.560,0.390
1000000,0.050,0.561,0.389
