time,n_A+p,n_B,n_AB
500,0.030,0.859,0.111
1000,0.030,0.641,0.329
1500,0.047,0.397,0.556
2000,0.044,0.359,0.597
2500,0.030,0.452,0.518
3000,0.030,0.453,0.517
3500,0.030,0.419,0.551
4000,0.039,0.353,0.608
4500,0.039,0.362,0.599
5000,0.032,0.488,0.480
5500,0.031,0.386,0.583
6000,0.034,0.377,0.589
6500,0.035,0.436,0.529
7000,0.030,0.446,0.524
7500,0.036,0.441,0.523
8000,0.031,0.419,0.550
8500,0.030,0.370,0.600
9000,0.033,0.428,0.539
9500,0.030,0.357,0.613
10000,0.030,0.413,0.557
10500,0.030,0.398,0.572
11000,0.031,0.349,0.620
11500,0.031,0.308,0.661
12000,0.043,0.280,0.677
12500,0.036,0.366,0.598
13000,0.040,0.395,0.565
13500,0.030,0.403,0.567
14000,0.030,0.394,0.576
14500,0.047,0.330,0.623
15000,0.040,0.302,0.658
15500,0.032,0.377,0.591
16000,0.040,0.370,0.590
16500,0.030,0.325,0.645
17000,0.047,0.298,0.655
17500,0.037,0.330,0.633
18000,0.030,0.402,0.568
18500,0.030,0.333,0.637
19000,0.040,0.367,0.593
19500,0.030,0.432,0.538
20000,0.030,0.389,0.581
20500,0.030,0.425,0.545
21000,0.030,0.450,0.520
21500,0.037,0.247,0.716
22000,0.041,0.306,0.653
22500,0.038,0.281,0.681
23000,0.039,0.316,0.645
23500,0.040,0.408,0.552
24000,0.031,0.336,0.633
24500,0.031,0.370,0.599
25000,0.030,0.412,0.558
25500,0.030,0.370,0.600
26000,0.034,0.333,0.633
26500,0.032,0.450,0.518
27000,0.031,0.418,0.551
27500,0.032,0.398,0.570
28000,0.030,0.402,0.568
28500,0.030,0.456,0.514
29000,0.030,0.445,0.525
29500,0.036,0.466,0.498
30000,0.030,0.403,0.567
30500,0.030,0.477,0.493
31000,0.030,0.421,0.549
31500,0.034,0.401,0.565
32000,0.030,0.454,0.516
32500,0.034,0.418,0.548
33000,0.030,0.356,0.614
33500,0.041,0.413,0.546
34000,0.035,0.386,0.579
34500,0.035,0.389,0.576
35000,0.030,0.467,0.503
35500,0.056,0.284,0.660
36000,0.056,0.271,0.673
36500,0.063,0.252,0.685
37000,0.047,0.287,0.666
37500,0.038,0.381,0.581
38000,0.030,0.375,0.595
38500,0.030,0.399,0.571
39000,0.030,0.412,0.558
39500,0.030,0.371,0.599
40000,0.030,0.301,0.669
40500,0.030,0.405,0.565
41000,0.033,0.352,0.615
41500,0.030,0.352,0.618
42000,0.037,0.342,0.621
42500,0.030,0.375,0.595
43000,0.036,0.339,0.625
43500,0.030,0.382,0.588
44000,0.030,0.322,0.648
44500,0.030,0.269,0.701
45000,0.034,0.329,0.637
45500,0.030,0.390,0.580
46000,0.031,0.384,0.585
46500,0.030,0.345,0.625
47000,0.036,0.383,0.581
47500,0.037,0.378,0.585
48000,0.034,0.360,0.606
48500,0.035,0.460,0.505
49000,0.047,0.355,0.598
49500,0.034,0.397,0.569
50000,0.031,0.432,0.537
50500,0.030,0.341,0.629
51000,0.030,0.366,0.604
51500,0.030,0.408,0.562
52000,0.030,0.372,0.598
52500,0.031,0.386,0.583
53000,0.031,0.453,0.516
53500,0.030,0.512,0.458
54000,0.030,0.361,0.609
54500,0.030,0.378,0.592
55000,0.030,0.423,0.547
55500,0.030,0.442,0.528
56000,0.030,0.423,0.547
56500,0.030,0.386,0.584
57000,0.030,0.356,0.614
57500,0.030,0.386,0.584
58000,0.030,0.441,0.529
58500,0.030,0.483,0.487
59000,0.030,0.466,0.504
59500,0.045,0.336,0.619
60000,0.040,0.302,0.658
60500,0.030,0.330,0.640
61000,0.030,0.440,0.530
61500,0.030,0.393,0.577
62000,0.035,0.410,0.555
62500,0.030,0.452,0.518
63000,0.030,0.423,0.547
63500,0.030,0.435,0.535
64000,0.031,0.388,0.581
64500,0.037,0.386,0.577
65000,0.030,0.355,0.615
65500,0.031,0.387,0.582
66000,0.030,0.484,0.486
66500,0.034,0.404,0.562
67000,0.030,0.420,0.550
67500,0.037,0.391,0.572
68000,0.035,0.374,0.591
68500,0.031,0.417,0.552
69000,0.034,0.270,0.696
69500,0.033,0.386,0.581
70000,0.033,0.388,0.579
70500,0.031,0.349,0.620
71000,0.033,0.396,0.571
71500,0.033,0.330,0.637
72000,0.031,0.447,0.522
72500,0.030,0.395,0.575
73000,0.030,0.426,0.544
73500,0.032,0.417,0.551
74000,0.030,0.402,0.568
74500,0.034,0.457,0.509
75000,0.034,0.400,0.566
75500,0.030,0.359,0.611
76000,0.040,0.333,0.627
76500,0.035,0.369,0.596
77000,0.030,0.480,0.490
77500,0.030,0.418,0.552
78000,0.030,0.367,0.603
78500,0.030,0.378,0.592
79000,0.038,0.369,0.593
79500,0.030,0.368,0.602
80000,0.030,0.400,0.570
80500,0.033,0.382,0.585
81000,0.030,0.390,0.580
81500,0.030,0.430,0.540
82000,0.030,0.390,0.580
82500,0.038,0.353,0.609
83000,0.038,0.290,0.672
83500,0.030,0.425,0.545
84000,0.030,0.425,0.545
84500,0.035,0.389,0.576
85000,0.035,0.418,0.547
85500,0.030,0.358,0.612
86000,0.035,0.360,0.605
86500,0.040,0.347,0.613
87000,0.031,0.368,0.601
87500,0.030,0.354,0.616
88000,0.035,0.317,0.648
88500,0.031,0.362,0.607
89000,0.030,0.336,0.634
89500,0.030,0.345,0.625
90000,0.030,0.451,0.519
90500,0.030,0.440,0.530
91000,0.030,0.361,0.609
91500,0.030,0.420,0.550
92000,0.030,0.450,0.520
92500,0.030,0.377,0.593
93000,0.048,0.326,0.626
93500,0.032,0.392,0.576
94000,0.030,0.352,0.618
94500,0.033,0.426,0.541
95000,0.031,0.377,0.592
95500,0.030,0.384,0.586
96000,0.030,0.336,0.634
96500,0.031,0.345,0.624
97000,0.032,0.393,0.575
97500,0.030,0.385,0.585
98000,0.030,0.476,0.494
98500,0.038,0.370,0.592
99000,0.030,0.292,0.678
99500,0.030,0.382,0.588
100000,0.030,0.369,0.601
100500,0.030,0.326,0.644
101000,0.035,0.255,0.710
101500,0.030,0.369,0.601
102000,0.030,0.487,0.483
102500,0.030,0.410,0.560
103000,0.031,0.416,0.553
103500,0.030,0.424,0.546
104000,0.030,0.476,0.494
104500,0.030,0.376,0.594
105000,0.031,0.461,0.508
105500,0.030,0.453,0.517
106000,0.030,0.532,0.438
106500,0.030,0.494,0.476
107000,0.030,0.357,0.613
107500,0.030,0.354,0.616
108000,0.030,0.403,0.567
108500,0.030,0.427,0.543
109000,0.040,0.354,0.606
109500,0.030,0.396,0.574
110000,0.030,0.404,0.566
110500,0.031,0.416,0.553
111000,0.031,0.421,0.548
111500,0.030,0.282,0.688
112000,0.030,0.277,0.693
112500,0.043,0.332,0.625
113000,0.043,0.357,0.600
113500,0.036,0.368,0.596
114000,0.031,0.373,0.596
114500,0.030,0.340,0.630
115000,0.030,0.383,0.587
115500,0.030,0.407,0.563
116000,0.031,0.355,0.614
116500,0.032,0.469,0.499
117000,0.030,0.464,0.506
117500,0.030,0.506,0.464
118000,0.030,0.453,0.517
118500,0.030,0.450,0.520
119000,0.030,0.427,0.543
119500,0.030,0.471,0.499
120000,0.030,0.431,0.539
120500,0.035,0.317,0.648
121000,0.031,0.318,0.651
121500,0.030,0.329,0.641
122000,0.030,0.342,0.628
122500,0.031,0.382,0.587
123000,0.031,0.349,0.620
123500,0.037,0.430,0.533
124000,0.030,0.399,0.571
124500,0.030,0.386,0.584
125000,0.030,0.439,0.531
125500,0.043,0.325,0.632
126000,0.032,0.343,0.625
126500,0.030,0.428,0.542
127000,0.033,0.351,0.616
127500,0.060,0.299,0.641
128000,0.039,0.364,0.597
128500,0.030,0.447,0.523
129000,0.030,0.453,0.517
129500,0.043,0.277,0.680
130000,0.037,0.295,0.668
130500,0.035,0.346,0.619
131000,0.030,0.436,0.534
131500,0.030,0.400,0.570
132000,0.033,0.408,0.559
132500,0.058,0.289,0.653
133000,0.035,0.322,0.643
133500,0.037,0.395,0.568
134000,0.030,0.380,0.590
134500,0.034,0.333,0.633
135000,0.030,0.452,0.518
135500,0.030,0.375,0.595
136000,0.030,0.357,0.613
136500,0.030,0.459,0.511
137000,0.030,0.398,0.572
137500,0.034,0.355,0.611
138000,0.040,0.358,0.602
138500,0.038,0.367,0.595
139000,0.033,0.343,0.624
139500,0.031,0.371,0.598
140000,0.032,0.357,0.611
140500,0.030,0.340,0.630
141000,0.030,0.462,0.508
141500,0.030,0.381,0.589
142000,0.031,0.363,0.606
142500,0.043,0.320,0.637
143000,0.037,0.334,0.629
143500,0.031,0.310,0.659
144000,0.042,0.322,0.636
144500,0.039,0.348,0.613
145000,0.042,0.327,0.631
145500,0.036,0.379,0.585
146000,0.032,0.342,0.626
146500,0.042,0.398,0.560
147000,0.030,0.340,0.630
147500,0.030,0.413,0.557
148000,0.034,0.326,0.640
148500,0.043,0.288,0.669
149000,0.035,0.373,0.592
149500,0.030,0.385,0.585
150000,0.044,0.289,0.667
150500,0.030,0.405,0.565
151000,0.030,0.360,0.610
151500,0.040,0.360,0.600
152000,0.045,0.321,0.634
152500,0.030,0.391,0.579
153000,0.030,0.403,0.567
153500,0.032,0.394,0.574
154000,0.030,0.367,0.603
154500,0.030,0.332,0.638
155000,0.048,0.380,0.572
155500,0.031,0.329,0.640
156000,0.033,0.431,0.536
156500,0.030,0.405,0.565
157000,0.034,0.402,0.564
157500,0.036,0.405,0.559
158000,0.030,0.360,0.610
158500,0.053,0.293,0.654
159000,0.052,0.264,0.684
159500,0.045,0.253,0.702
160000,0.042,0.267,0.691
160500,0.033,0.269,0.698
161000,0.051,0.308,0.641
161500,0.053,0.284,0.663
162000,0.048,0.282,0.670
162500,0.044,0.323,0.633
163000,0.037,0.383,0.580
163500,0.036,0.309,0.655
164000,0.031,0.337,0.632
164500,0.042,0.287,0.671
165000,0.030,0.410,0.560
165500,0.030,0.468,0.502
166000,0.032,0.434,0.534
166500,0.040,0.375,0.585
167000,0.035,0.386,0.579
167500,0.039,0.365,0.596
168000,0.036,0.341,0.623
168500,0.030,0.395,0.575
169000,0.030,0.467,0.503
169500,0.030,0.376,0.594
170000,0.030,0.415,0.555
170500,0.032,0.411,0.557
171000,0.039,0.303,0.658
171500,0.059,0.338,0.603
172000,0.072,0.212,0.716
172500,0.044,0.354,0.602
173000,0.044,0.344,0.612
173500,0.031,0.383,0.586
174000,0.030,0.414,0.556
174500,0.030,0.426,0.544
175000,0.030,0.400,0.570
175500,0.036,0.356,0.608
176000,0.030,0.351,0.619
176500,0.032,0.370,0.598
177000,0.030,0.420,0.550
177500,0.030,0.414,0.556
178000,0.030,0.339,0.631
178500,0.034,0.260,0.706
179000,0.031,0.299,0.670
179500,0.033,0.366,0.601
180000,0.052,0.265,0.683
180500,0.030,0.328,0.642
181000,0.031,0.346,0.623
181500,0.035,0.411,0.554
182000,0.036,0.387,0.577
182500,0.030,0.441,0.529
183000,0.030,0.446,0.524
183500,0.030,0.432,0.538
184000,0.046,0.270,0.684
184500,0.033,0.338,0.629
185000,0.036,0.423,0.541
185500,0.030,0.518,0.452
186000,0.030,0.409,0.561
186500,0.035,0.451,0.514
187000,0.030,0.373,0.597
187500,0.030,0.421,0.549
188000,0.030,0.345,0.625
188500,0.034,0.313,0.653
189000,0.031,0.434,0.535
189500,0.030,0.457,0.513
190000,0.031,0.406,0.563
190500,0.033,0.379,0.588
191000,0.030,0.477,0.493
191500,0.030,0.518,0.452
192000,0.030,0.505,0.465
192500,0.030,0.518,0.452
193000,0.030,0.449,0.521
193500,0.030,0.489,0.481
194000,0.030,0.433,0.537
194500,0.040,0.321,0.639
195000,0.031,0.327,0.642
195500,0.038,0.352,0.610
196000,0.039,0.300,0.661
196500,0.037,0.322,0.641
197000,0.031,0.340,0.629
197500,0.031,0.335,0.634
198000,0.030,0.419,0.551
198500,0.033,0.388,0.579
199000,0.039,0.335,0.626
199500,0.030,0.314,0.656
200000,0.043,0.289,0.668
200500,0.036,0.276,0.688
201000,0.042,0.330,0.628
201500,0.031,0.418,0.551
202000,0.034,0.369,0.597
202500,0.030,0.431,0.539
203000,0.033,0.362,0.605
203500,0.033,0.343,0.624
204000,0.034,0.313,0.653
204500,0.033,0.310,0.657
205000,0.030,0.460,0.510
205500,0.030,0.415,0.555
206000,0.032,0.392,0.576
206500,0.032,0.406,0.562
207000,0.030,0.459,0.511
207500,0.030,0.416,0.554
208000,0.033,0.415,0.552
208500,0.030,0.386,0.584
209000,0.036,0.377,0.587
209500,0.033,0.382,0.585
210000,0.030,0.377,0.593
210500,0.030,0.434,0.536
211000,0.030,0.429,0.541
211500,0.030,0.363,0.607
212000,0.030,0.449,0.521
212500,0.030,0.493,0.477
213000,0.030,0.398,0.572
213500,0.036,0.315,0.649
214000,0.036,0.344,0.620
214500,0.032,0.322,0.646
215000,0.039,0.313,0.648
215500,0.030,0.333,0.637
216000,0.039,0.284,0.677
216500,0.036,0.391,0.573
217000,0.030,0.361,0.609
217500,0.035,0.348,0.617
218000,0.030,0.393,0.577
218500,0.030,0.358,0.612
219000,0.031,0.339,0.630
219500,0.030,0.326,0.644
220000,0.034,0.403,0.563
220500,0.035,0.361,0.604
221000,0.033,0.429,0.538
221500,0.038,0.352,0.610
222000,0.031,0.331,0.638
222500,0.032,0.315,0.653
223000,0.042,0.307,0.651
223500,0.036,0.267,0.697
224000,0.031,0.376,0.593
224500,0.045,0.376,0.579
225000,0.040,0.256,0.704
225500,0.054,0.266,0.680
226000,0.046,0.238,0.716
226500,0.041,0.377,0.582
227000,0.034,0.389,0.577
227500,0.030,0.391,0.579
228000,0.030,0.358,0.612
228500,0.035,0.314,0.651
229000,0.031,0.386,0.583
229500,0.030,0.409,0.561
230000,0.030,0.492,0.478
230500,0.030,0.411,0.559
231000,0.032,0.305,0.663
231500,0.031,0.342,0.627
232000,0.035,0.278,0.687
232500,0.031,0.366,0.603
233000,0.036,0.346,0.618
233500,0.057,0.350,0.593
234000,0.040,0.262,0.698
234500,0.031,0.393,0.576
235000,0.031,0.398,0.571
235500,0.032,0.375,0.593
236000,0.030,0.426,0.544
236500,0.034,0.356,0.610
237000,0.053,0.330,0.617
237500,0.037,0.351,0.612
238000,0.034,0.457,0.509
238500,0.031,0.459,0.510
239000,0.030,0.481,0.489
239500,0.030,0.434,0.536
240000,0.030,0.452,0.518
240500,0.032,0.392,0.576
241000,0.030,0.396,0.574
241500,0.030,0.472,0.498
242000,0.033,0.471,0.496
242500,0.030,0.412,0.558
243000,0.030,0.283,0.687
243500,0.041,0.364,0.595
244000,0.031,0.358,0.611
244500,0.030,0.460,0.510
245000,0.030,0.389,0.581
245500,0.033,0.404,0.563
246000,0.037,0.329,0.634
246500,0.030,0.391,0.579
247000,0.030,0.503,0.467
247500,0.036,0.403,0.561
248000,0.030,0.451,0.519
248500,0.030,0.472,0.498
249000,0.033,0.393,0.574
249500,0.031,0.386,0.583
250000,0.032,0.400,0.568
250500,0.034,0.403,0.563
251000,0.037,0.331,0.632
251500,0.037,0.337,0.626
252000,0.032,0.380,0.588
252500,0.030,0.353,0.617
253000,0.030,0.402,0.568
253500,0.030,0.364,0.606
254000,0.040,0.315,0.645
254500,0.038,0.345,0.617
255000,0.032,0.347,0.621
255500,0.035,0.302,0.663
256000,0.039,0.298,0.663
256500,0.030,0.384,0.586
257000,0.030,0.362,0.608
257500,0.030,0.400,0.570
258000,0.030,0.344,0.626
258500,0.030,0.437,0.533
259000,0.030,0.423,0.547
259500,0.030,0.426,0.544
260000,0.031,0.396,0.573
260500,0.030,0.373,0.597
261000,0.035,0.344,0.621
261500,0.030,0.374,0.596
262000,0.043,0.291,0.666
262500,0.036,0.369,0.595
263000,0.030,0.383,0.587
263500,0.039,0.322,0.639
264000,0.049,0.334,0.617
264500,0.034,0.302,0.664
265000,0.030,0.400,0.570
265500,0.031,0.427,0.542
266000,0.039,0.382,0.579
266500,0.030,0.413,0.557
267000,0.034,0.362,0.604
267500,0.030,0.383,0.587
268000,0.030,0.423,0.547
268500,0.040,0.388,0.572
269000,0.040,0.362,0.598
269500,0.031,0.336,0.633
270000,0.030,0.421,0.549
270500,0.030,0.315,0.655
271000,0.031,0.407,0.562
271500,0.047,0.313,0.640
272000,0.046,0.347,0.607
272500,0.041,0.334,0.625
273000,0.039,0.322,0.639
273500,0.030,0.412,0.558
274000,0.030,0.508,0.462
274500,0.030,0.566,0.404
275000,0.034,0.328,0.638
275500,0.033,0.364,0.603
276000,0.030,0.419,0.551
276500,0.031,0.389,0.580
277000,0.030,0.319,0.651
277500,0.039,0.303,0.658
278000,0.035,0.335,0.630
278500,0.032,0.331,0.637
279000,0.038,0.332,0.630
279500,0.031,0.338,0.631
280000,0.030,0.440,0.530
280500,0.030,0.425,0.545
281000,0.030,0.394,0.576
281500,0.030,0.403,0.567
282000,0.032,0.429,0.539
282500,0.035,0.395,0.570
283000,0.031,0.504,0.465
283500,0.030,0.467,0.503
284000,0.030,0.382,0.588
284500,0.037,0.381,0.582
285000,0.030,0.404,0.566
285500,0.036,0.341,0.623
286000,0.034,0.400,0.566
286500,0.030,0.457,0.513
287000,0.030,0.433,0.537
287500,0.030,0.397,0.573
288000,0.037,0.302,0.661
288500,0.031,0.428,0.541
289000,0.032,0.410,0.558
289500,0.030,0.368,0.602
290000,0.030,0.429,0.541
290500,0.034,0.311,0.655
291000,0.032,0.385,0.583
291500,0.030,0.379,0.591
292000,0.030,0.500,0.470
292500,0.030,0.414,0.556
293000,0.037,0.376,0.587
293500,0.044,0.305,0.651
294000,0.038,0.327,0.635
294500,0.031,0.312,0.657
295000,0.036,0.340,0.624
295500,0.032,0.466,0.502
296000,0.030,0.426,0.544
296500,0.051,0.322,0.627
297000,0.033,0.361,0.606
297500,0.030,0.441,0.529
298000,0.030,0.453,0.517
298500,0.030,0.431,0.539
299000,0.030,0.488,0.482
299500,0.030,0.405,0.565
300000,0.030,0.399,0.571
300500,0.030,0.377,0.593
301000,0.051,0.306,0.643
301500,0.038,0.377,0.585
302000,0.030,0.436,0.534
302500,0.035,0.368,0.597
303000,0.031,0.372,0.597
303500,0.030,0.425,0.545
304000,0.033,0.386,0.581
304500,0.031,0.421,0.548
305000,0.035,0.402,0.563
305500,0.030,0.397,0.573
306000,0.031,0.303,0.666
306500,0.033,0.456,0.511
307000,0.033,0.401,0.566
307500,0.030,0.407,0.563
308000,0.033,0.361,0.606
308500,0.030,0.313,0.657
309000,0.030,0.425,0.545
309500,0.032,0.342,0.626
310000,0.030,0.395,0.575
310500,0.030,0.402,0.568
311000,0.030,0.496,0.474
311500,0.030,0.522,0.448
312000,0.030,0.515,0.455
312500,0.030,0.455,0.515
313000,0.030,0.389,0.581
313500,0.034,0.326,0.640
314000,0.036,0.314,0.650
314500,0.039,0.355,0.606
315000,0.040,0.332,0.628
315500,0.030,0.399,0.571
316000,0.031,0.444,0.525
316500,0.030,0.428,0.542
317000,0.030,0.384,0.586
317500,0.032,0.410,0.558
318000,0.034,0.437,0.529
318500,0.030,0.442,0.528
319000,0.030,0.479,0.491
319500,0.030,0.365,0.605
320000,0.032,0.381,0.587
320500,0.033,0.343,0.624
321000,0.040,0.375,0.585
321500,0.030,0.504,0.466
322000,0.030,0.445,0.525
322500,0.030,0.478,0.492
323000,0.030,0.440,0.530
323500,0.030,0.450,0.520
324000,0.032,0.452,0.516
324500,0.030,0.411,0.559
325000,0.039,0.438,0.523
325500,0.036,0.301,0.663
326000,0.035,0.320,0.645
326500,0.039,0.363,0.598
327000,0.033,0.287,0.680
327500,0.032,0.353,0.615
328000,0.036,0.362,0.602
328500,0.033,0.324,0.643
329000,0.033,0.331,0.636
329500,0.030,0.413,0.557
330000,0.033,0.454,0.513
330500,0.030,0.419,0.551
331000,0.037,0.386,0.577
331500,0.036,0.339,0.625
332000,0.030,0.376,0.594
332500,0.030,0.356,0.614
333000,0.035,0.310,0.655
333500,0.031,0.359,0.610
334000,0.038,0.370,0.592
334500,0.036,0.307,0.657
335000,0.041,0.302,0.657
335500,0.030,0.408,0.562
336000,0.035,0.395,0.570
336500,0.040,0.329,0.631
337000,0.041,0.334,0.625
337500,0.043,0.324,0.633
338000,0.030,0.362,0.608
338500,0.038,0.399,0.563
339000,0.032,0.228,0.740
339500,0.032,0.365,0.603
340000,0.030,0.469,0.501
340500,0.030,0.429,0.541
341000,0.034,0.416,0.550
341500,0.032,0.344,0.624
342000,0.030,0.358,0.612
342500,0.030,0.355,0.615
343000,0.030,0.475,0.495
343500,0.030,0.480,0.490
344000,0.030,0.415,0.555
344500,0.030,0.349,0.621
345000,0.030,0.371,0.599
345500,0.039,0.351,0.610
346000,0.048,0.424,0.528
346500,0.034,0.334,0.632
347000,0.031,0.386,0.583
347500,0.030,0.394,0.576
348000,0.030,0.412,0.558
348500,0.039,0.387,0.574
349000,0.031,0.358,0.611
349500,0.031,0.397,0.572
350000,0.030,0.392,0.578
350500,0.030,0.376,0.594
351000,0.030,0.416,0.554
351500,0.030,0.338,0.632
352000,0.042,0.320,0.638
352500,0.033,0.292,0.675
353000,0.031,0.321,0.648
353500,0.030,0.446,0.524
354000,0.031,0.406,0.563
354500,0.034,0.341,0.625
355000,0.039,0.406,0.555
355500,0.034,0.400,0.566
356000,0.030,0.380,0.590
356500,0.030,0.434,0.536
357000,0.030,0.426,0.544
357500,0.030,0.425,0.545
358000,0.035,0.412,0.553
358500,0.048,0.253,0.699
359000,0.053,0.263,0.684
359500,0.069,0.255,0.676
360000,0.033,0.300,0.667
360500,0.032,0.453,0.515
361000,0.030,0.440,0.530
361500,0.030,0.357,0.613
362000,0.030,0.375,0.595
362500,0.037,0.387,0.576
363000,0.030,0.427,0.543
363500,0.030,0.348,0.622
364000,0.034,0.350,0.616
364500,0.036,0.370,0.594
365000,0.037,0.304,0.659
365500,0.051,0.221,0.728
366000,0.051,0.260,0.689
366500,0.030,0.324,0.646
367000,0.040,0.282,0.678
367500,0.040,0.280,0.680
368000,0.034,0.418,0.548
368500,0.030,0.390,0.580
369000,0.039,0.386,0.575
369500,0.032,0.463,0.505
370000,0.030,0.380,0.590
370500,0.038,0.328,0.634
371000,0.040,0.364,0.596
371500,0.037,0.307,0.656
372000,0.036,0.303,0.661
372500,0.043,0.274,0.683
373000,0.032,0.307,0.661
373500,0.046,0.381,0.573
374000,0.031,0.407,0.562
374500,0.030,0.434,0.536
375000,0.030,0.411,0.559
375500,0.034,0.401,0.565
376000,0.030,0.413,0.557
376500,0.030,0.455,0.515
377000,0.030,0.418,0.552
377500,0.030,0.425,0.545
378000,0.030,0.476,0.494
378500,0.030,0.461,0.509
379000,0.030,0.323,0.647
379500,0.038,0.360,0.602
380000,0.031,0.432,0.537
380500,0.030,0.377,0.593
381000,0.036,0.442,0.522
381500,0.030,0.452,0.518
382000,0.032,0.365,0.603
382500,0.030,0.409,0.561
383000,0.030,0.383,0.587
383500,0.031,0.444,0.525
384000,0.030,0.479,0.491
384500,0.030,0.406,0.564
385000,0.030,0.409,0.561
385500,0.030,0.414,0.556
386000,0.032,0.402,0.566
386500,0.030,0.418,0.552
387000,0.035,0.379,0.586
387500,0.030,0.405,0.565
388000,0.033,0.360,0.607
388500,0.030,0.455,0.515
389000,0.042,0.323,0.635
389500,0.034,0.388,0.578
390000,0.030,0.308,0.662
390500,0.041,0.233,0.726
391000,0.033,0.315,0.652
391500,0.034,0.356,0.610
392000,0.033,0.382,0.585
392500,0.031,0.381,0.588
393000,0.030,0.403,0.567
393500,0.030,0.344,0.626
394000,0.030,0.383,0.587
394500,0.033,0.389,0.578
395000,0.030,0.366,0.604
395500,0.030,0.356,0.614
396000,0.034,0.326,0.640
396500,0.031,0.324,0.645
397000,0.030,0.304,0.666
397500,0.030,0.398,0.572
398000,0.030,0.369,0.601
398500,0.030,0.430,0.540
399000,0.030,0.427,0.543
399500,0.030,0.430,0.540
400000,0.030,0.514,0.456
400500,0.030,0.478,0.492
401000,0.030,0.504,0.466
401500,0.030,0.476,0.494
402000,0.038,0.389,0.573
402500,0.030,0.382,0.588
403000,0.030,0.385,0.585
403500,0.039,0.377,0.584
404000,0.036,0.488,0.476
404500,0.038,0.357,0.605
405000,0.037,0.376,0.587
405500,0.031,0.414,0.555
406000,0.030,0.457,0.513
406500,0.030,0.431,0.539
407000,0.030,0.335,0.635
407500,0.030,0.436,0.534
408000,0.042,0.335,0.623
408500,0.042,0.340,0.618
409000,0.031,0.371,0.598
409500,0.030,0.386,0.584
410000,0.030,0.374,0.596
410500,0.030,0.396,0.574
411000,0.030,0.385,0.585
411500,0.030,0.438,0.532
412000,0.039,0.388,0.573
412500,0.032,0.389,0.579
413000,0.031,0.482,0.487
413500,0.030,0.491,0.479
414000,0.030,0.439,0.531
414500,0.030,0.437,0.533
415000,0.030,0.423,0.547
415500,0.030,0.475,0.495
416000,0.030,0.341,0.629
416500,0.030,0.338,0.632
417000,0.031,0.407,0.562
417500,0.030,0.427,0.543
418000,0.030,0.380,0.590
418500,0.033,0.373,0.594
419000,0.030,0.403,0.567
419500,0.039,0.334,0.627
420000,0.033,0.369,0.598
420500,0.037,0.257,0.706
421000,0.039,0.281,0.680
421500,0.039,0.379,0.582
422000,0.031,0.330,0.639
422500,0.037,0.344,0.619
423000,0.030,0.393,0.577
423500,0.030,0.400,0.570
424000,0.030,0.353,0.617
424500,0.031,0.347,0.622
425000,0.035,0.338,0.627
425500,0.030,0.418,0.552
426000,0.039,0.388,0.573
426500,0.030,0.429,0.541
427000,0.030,0.445,0.525
427500,0.030,0.371,0.599
428000,0.038,0.353,0.609
428500,0.030,0.339,0.631
429000,0.031,0.393,0.576
429500,0.031,0.362,0.607
430000,0.031,0.353,0.616
430500,0.030,0.504,0.466
431000,0.030,0.490,0.480
431500,0.030,0.347,0.623
432000,0.045,0.283,0.672
432500,0.074,0.231,0.695
433000,0.054,0.219,0.727
433500,0.038,0.359,0.603
434000,0.037,0.385,0.578
434500,0.031,0.354,0.615
435000,0.036,0.389,0.575
435500,0.033,0.354,0.613
436000,0.034,0.377,0.589
436500,0.045,0.348,0.607
437000,0.030,0.294,0.676
437500,0.042,0.306,0.652
438000,0.037,0.290,0.673
438500,0.030,0.346,0.624
439000,0.043,0.307,0.650
439500,0.033,0.357,0.610
440000,0.032,0.442,0.526
440500,0.031,0.381,0.588
441000,0.031,0.348,0.621
441500,0.039,0.345,0.616
442000,0.032,0.385,0.583
442500,0.037,0.313,0.650
443000,0.047,0.225,0.728
443500,0.100,0.219,0.681
444000,0.075,0.188,0.737
444500,0.077,0.203,0.720
445000,0.045,0.292,0.663
445500,0.051,0.294,0.655
446000,0.035,0.380,0.585
446500,0.030,0.461,0.509
447000,0.030,0.362,0.608
447500,0.038,0.393,0.569
448000,0.040,0.409,0.551
448500,0.035,0.322,0.643
449000,0.037,0.331,0.632
449500,0.031,0.390,0.579
450000,0.040,0.323,0.637
450500,0.031,0.300,0.669
451000,0.031,0.420,0.549
451500,0.030,0.478,0.492
452000,0.030,0.413,0.557
452500,0.030,0.384,0.586
453000,0.032,0.401,0.567
453500,0.030,0.464,0.506
454000,0.030,0.468,0.502
454500,0.030,0.371,0.599
455000,0.036,0.465,0.499
455500,0.030,0.353,0.617
456000,0.037,0.249,0.714
456500,0.045,0.292,0.663
457000,0.038,0.351,0.611
457500,0.043,0.309,0.648
458000,0.041,0.418,0.541
458500,0.040,0.306,0.654
459000,0.035,0.412,0.553
459500,0.040,0.375,0.585
460000,0.030,0.361,0.609
460500,0.030,0.374,0.596
461000,0.031,0.402,0.567
461500,0.035,0.311,0.654
462000,0.030,0.386,0.584
462500,0.030,0.406,0.564
463000,0.030,0.357,0.613
463500,0.030,0.419,0.551
464000,0.030,0.400,0.570
464500,0.041,0.308,0.651
465000,0.033,0.323,0.644
465500,0.042,0.246,0.712
466000,0.053,0.277,0.670
466500,0.030,0.400,0.570
467000,0.030,0.365,0.605
467500,0.034,0.312,0.654
468000,0.036,0.346,0.618
468500,0.036,0.414,0.550
469000,0.030,0.428,0.542
469500,0.046,0.272,0.682
470000,0.031,0.357,0.612
470500,0.030,0.384,0.586
471000,0.036,0.428,0.536
471500,0.032,0.305,0.663
472000,0.031,0.332,0.637
472500,0.039,0.341,0.620
473000,0.030,0.339,0.631
473500,0.030,0.377,0.593
474000,0.030,0.320,0.650
474500,0.030,0.435,0.535
475000,0.037,0.400,0.563
475500,0.033,0.429,0.538
476000,0.042,0.348,0.610
476500,0.031,0.408,0.561
477000,0.030,0.453,0.517
477500,0.033,0.345,0.622
478000,0.030,0.419,0.551
478500,0.030,0.465,0.505
479000,0.030,0.361,0.609
479500,0.039,0.355,0.606
480000,0.044,0.378,0.578
480500,0.034,0.358,0.608
481000,0.030,0.430,0.540
481500,0.033,0.415,0.552
482000,0.032,0.407,0.561
482500,0.032,0.347,0.621
483000,0.030,0.388,0.582
483500,0.030,0.366,0.604
484000,0.030,0.364,0.606
484500,0.030,0.348,0.622
485000,0.033,0.317,0.650
485500,0.054,0.305,0.641
486000,0.053,0.278,0.669
486500,0.036,0.299,0.665
487000,0.035,0.298,0.667
487500,0.030,0.380,0.590
488000,0.031,0.340,0.629
488500,0.033,0.393,0.574
489000,0.030,0.308,0.662
489500,0.035,0.408,0.557
490000,0.031,0.413,0.556
490500,0.033,0.457,0.510
491000,0.030,0.382,0.588
491500,0.034,0.406,0.560
492000,0.031,0.425,0.544
492500,0.030,0.492,0.478
493000,0.030,0.411,0.559
493500,0.030,0.355,0.615
494000,0.031,0.401,0.568
494500,0.030,0.349,0.621
495000,0.030,0.307,0.663
495500,0.033,0.361,0.606
496000,0.031,0.417,0.552
496500,0.033,0.339,0.628
497000,0.030,0.459,0.511
497500,0.040,0.421,0.539
498000,0.030,0.458,0.512
498500,0.030,0.426,0.544
499000,0.030,0.434,0.536
499500,0.030,0.403,0.567
500000,0.038,0.386,0.576
500500,0.039,0.306,0.655
501000,0.034,0.422,0.544
501500,0.030,0.382,0.588
502000,0.030,0.424,0.546
502500,0.030,0.487,0.483
503000,0.030,0.452,0.518
503500,0.030,0.481,0.489
504000,0.030,0.464,0.506
504500,0.038,0.296,0.666
505000,0.034,0.415,0.551
505500,0.030,0.418,0.552
506000,0.039,0.307,0.654
506500,0.040,0.299,0.661
507000,0.036,0.340,0.624
507500,0.030,0.382,0.588
508000,0.030,0.350,0.620
508500,0.044,0.349,0.607
509000,0.032,0.385,0.583
509500,0.039,0.380,0.581
510000,0.033,0.373,0.594
510500,0.031,0.314,0.655
511000,0.032,0.365,0.603
511500,0.031,0.346,0.623
512000,0.030,0.375,0.595
512500,0.030,0.418,0.552
513000,0.030,0.391,0.579
513500,0.037,0.430,0.533
514000,0.030,0.439,0.531
514500,0.030,0.452,0.518
515000,0.030,0.470,0.500
515500,0.030,0.470,0.500
516000,0.030,0.507,0.463
516500,0.030,0.452,0.518
517000,0.030,0.327,0.643
517500,0.030,0.301,0.669
518000,0.030,0.381,0.589
518500,0.039,0.466,0.495
519000,0.032,0.473,0.495
519500,0.030,0.536,0.434
520000,0.039,0.370,0.591
520500,0.053,0.294,0.653
521000,0.041,0.317,0.642
521500,0.036,0.281,0.683
522000,0.030,0.394,0.576
522500,0.030,0.434,0.536
523000,0.040,0.330,0.630
523500,0.034,0.278,0.688
524000,0.043,0.282,0.675
524500,0.046,0.327,0.627
525000,0.051,0.297,0.652
525500,0.044,0.249,0.707
526000,0.051,0.308,0.641
526500,0.033,0.406,0.561
527000,0.030,0.360,0.610
527500,0.033,0.343,0.624
528000,0.048,0.289,0.663
528500,0.032,0.386,0.582
529000,0.031,0.394,0.575
529500,0.030,0.388,0.582
530000,0.031,0.433,0.536
530500,0.034,0.379,0.587
531000,0.031,0.482,0.487
531500,0.030,0.428,0.542
532000,0.030,0.489,0.481
532500,0.030,0.465,0.505
533000,0.033,0.380,0.587
533500,0.034,0.323,0.643
534000,0.030,0.351,0.619
534500,0.036,0.363,0.601
535000,0.053,0.280,0.667
535500,0.051,0.317,0.632
536000,0.047,0.277,0.676
536500,0.058,0.265,0.677
537000,0.038,0.324,0.638
537500,0.039,0.376,0.585
538000,0.031,0.312,0.657
538500,0.049,0.321,0.630
539000,0.030,0.336,0.634
539500,0.032,0.361,0.607
540000,0.040,0.357,0.603
540500,0.038,0.346,0.616
541000,0.030,0.352,0.618
541500,0.030,0.368,0.602
542000,0.032,0.362,0.606
542500,0.041,0.354,0.605
543000,0.039,0.258,0.703
543500,0.053,0.274,0.673
544000,0.049,0.310,0.641
544500,0.033,0.353,0.614
545000,0.050,0.251,0.699
545500,0.065,0.176,0.759
546000,0.035,0.313,0.652
546500,0.037,0.339,0.624
547000,0.046,0.294,0.660
547500,0.042,0.332,0.626
548000,0.035,0.282,0.683
548500,0.052,0.237,0.711
549000,0.046,0.312,0.642
549500,0.038,0.283,0.679
550000,0.073,0.215,0.712
550500,0.039,0.325,0.636
551000,0.031,0.432,0.537
551500,0.040,0.394,0.566
552000,0.030,0.371,0.599
552500,0.035,0.372,0.593
553000,0.030,0.392,0.578
553500,0.036,0.369,0.595
554000,0.031,0.452,0.517
554500,0.030,0.436,0.534
555000,0.033,0.479,0.488
555500,0.036,0.351,0.613
556000,0.033,0.435,0.532
556500,0.030,0.423,0.547
557000,0.030,0.389,0.581
557500,0.032,0.436,0.532
558000,0.030,0.449,0.521
558500,0.032,0.370,0.598
559000,0.043,0.346,0.611
559500,0.031,0.360,0.609
560000,0.038,0.347,0.615
560500,0.039,0.399,0.562
561000,0.030,0.351,0.619
561500,0.031,0.434,0.535
562000,0.030,0.450,0.520
562500,0.042,0.355,0.603
563000,0.045,0.295,0.660
563500,0.035,0.330,0.635
564000,0.030,0.458,0.512
564500,0.030,0.384,0.586
565000,0.030,0.354,0.616
565500,0.030,0.372,0.598
566000,0.030,0.401,0.569
566500,0.030,0.388,0.582
567000,0.033,0.358,0.609
567500,0.030,0.469,0.501
568000,0.030,0.424,0.546
568500,0.040,0.470,0.490
569000,0.036,0.327,0.637
569500,0.030,0.428,0.542
570000,0.032,0.427,0.541
570500,0.030,0.316,0.654
571000,0.034,0.313,0.653
571500,0.036,0.302,0.662
572000,0.031,0.351,0.618
572500,0.032,0.342,0.626
573000,0.031,0.391,0.578
573500,0.031,0.488,0.481
574000,0.030,0.415,0.555
574500,0.033,0.433,0.534
575000,0.030,0.348,0.622
575500,0.038,0.376,0.586
576000,0.030,0.330,0.640
576500,0.030,0.328,0.642
577000,0.030,0.354,0.616
577500,0.030,0.389,0.581
578000,0.030,0.385,0.585
578500,0.045,0.331,0.624
579000,0.061,0.275,0.664
579500,0.047,0.274,0.679
580000,0.047,0.280,0.673
580500,0.036,0.296,0.668
581000,0.032,0.371,0.597
581500,0.031,0.456,0.513
582000,0.030,0.427,0.543
582500,0.038,0.339,0.623
583000,0.039,0.382,0.579
583500,0.031,0.356,0.613
584000,0.030,0.427,0.543
584500,0.030,0.383,0.587
585000,0.032,0.413,0.555
585500,0.034,0.419,0.547
586000,0.031,0.407,0.562
586500,0.037,0.402,0.561
587000,0.030,0.414,0.556
587500,0.036,0.352,0.612
588000,0.030,0.326,0.644
588500,0.037,0.330,0.633
589000,0.031,0.292,0.677
589500,0.034,0.273,0.693
590000,0.030,0.371,0.599
590500,0.030,0.362,0.608
591000,0.034,0.333,0.633
591500,0.033,0.340,0.627
592000,0.031,0.349,0.620
592500,0.039,0.323,0.638
593000,0.037,0.335,0.628
593500,0.038,0.356,0.606
594000,0.030,0.343,0.627
594500,0.036,0.336,0.628
595000,0.034,0.303,0.663
595500,0.030,0.326,0.644
596000,0.046,0.293,0.661
596500,0.033,0.399,0.568
597000,0.032,0.401,0.567
597500,0.030,0.399,0.571
598000,0.030,0.380,0.590
598500,0.031,0.361,0.608
599000,0.030,0.454,0.516
599500,0.032,0.388,0.580
600000,0.034,0.327,0.639
600500,0.030,0.463,0.507
601000,0.030,0.445,0.525
601500,0.031,0.340,0.629
602000,0.030,0.445,0.525
602500,0.030,0.382,0.588
603000,0.030,0.474,0.496
603500,0.030,0.435,0.535
604000,0.030,0.397,0.573
604500,0.030,0.433,0.537
605000,0.030,0.509,0.461
605500,0.030,0.472,0.498
606000,0.030,0.426,0.544
606500,0.035,0.317,0.648
607000,0.030,0.418,0.552
607500,0.032,0.428,0.540
608000,0.044,0.395,0.561
608500,0.031,0.359,0.610
609000,0.033,0.375,0.592
609500,0.030,0.406,0.564
610000,0.030,0.459,0.511
610500,0.032,0.377,0.591
611000,0.032,0.422,0.546
611500,0.030,0.386,0.584
612000,0.041,0.352,0.607
612500,0.030,0.345,0.625
613000,0.036,0.329,0.635
613500,0.031,0.365,0.604
614000,0.035,0.277,0.688
614500,0.046,0.334,0.620
615000,0.050,0.307,0.643
615500,0.049,0.311,0.640
616000,0.044,0.230,0.726
616500,0.035,0.328,0.637
617000,0.040,0.326,0.634
617500,0.039,0.272,0.689
618000,0.030,0.372,0.598
618500,0.033,0.422,0.545
619000,0.031,0.324,0.645
619500,0.034,0.370,0.596
620000,0.031,0.403,0.566
620500,0.030,0.501,0.469
621000,0.030,0.480,0.490
621500,0.030,0.408,0.562
622000,0.032,0.353,0.615
622500,0.042,0.352,0.606
623000,0.039,0.323,0.638
623500,0.035,0.282,0.683
624000,0.055,0.266,0.679
624500,0.031,0.326,0.643
625000,0.032,0.295,0.673
625500,0.058,0.259,0.683
626000,0.042,0.275,0.683
626500,0.037,0.284,0.679
627000,0.039,0.306,0.655
627500,0.033,0.358,0.609
628000,0.030,0.460,0.510
628500,0.030,0.354,0.616
629000,0.034,0.405,0.561
629500,0.030,0.408,0.562
630000,0.030,0.375,0.595
630500,0.030,0.407,0.563
631000,0.030,0.439,0.531
631500,0.035,0.389,0.576
632000,0.034,0.313,0.653
632500,0.030,0.455,0.515
633000,0.035,0.448,0.517
633500,0.033,0.390,0.577
634000,0.033,0.334,0.633
634500,0.041,0.366,0.593
635000,0.039,0.269,0.692
635500,0.057,0.231,0.712
636000,0.057,0.222,0.721
636500,0.048,0.289,0.663
637000,0.037,0.362,0.601
637500,0.037,0.408,0.555
638000,0.043,0.259,0.698
638500,0.031,0.297,0.672
639000,0.052,0.235,0.713
639500,0.032,0.386,0.582
640000,0.034,0.370,0.596
640500,0.030,0.374,0.596
641000,0.030,0.408,0.562
641500,0.033,0.382,0.585
642000,0.038,0.367,0.595
642500,0.030,0.430,0.540
643000,0.030,0.355,0.615
643500,0.035,0.476,0.489
644000,0.033,0.492,0.475
644500,0.030,0.391,0.579
645000,0.030,0.422,0.548
645500,0.030,0.511,0.459
646000,0.030,0.425,0.545
646500,0.030,0.500,0.470
647000,0.030,0.473,0.497
647500,0.042,0.373,0.585
648000,0.030,0.424,0.546
648500,0.037,0.374,0.589
649000,0.032,0.367,0.601
649500,0.060,0.287,0.653
650000,0.047,0.356,0.597
650500,0.030,0.452,0.518
651000,0.030,0.322,0.648
651500,0.039,0.287,0.674
652000,0.036,0.282,0.682
652500,0.037,0.339,0.624
653000,0.039,0.406,0.555
653500,0.031,0.383,0.586
654000,0.040,0.343,0.617
654500,0.044,0.246,0.710
655000,0.039,0.200,0.761
655500,0.038,0.321,0.641
656000,0.030,0.399,0.571
656500,0.030,0.429,0.541
657000,0.034,0.456,0.510
657500,0.030,0.463,0.507
658000,0.030,0.471,0.499
658500,0.030,0.339,0.631
659000,0.030,0.461,0.509
659500,0.030,0.393,0.577
660000,0.030,0.427,0.543
660500,0.030,0.450,0.520
661000,0.030,0.484,0.486
661500,0.030,0.455,0.515
662000,0.033,0.406,0.561
662500,0.030,0.426,0.544
663000,0.030,0.420,0.550
663500,0.030,0.366,0.604
664000,0.030,0.448,0.522
664500,0.030,0.414,0.556
665000,0.030,0.382,0.588
665500,0.030,0.464,0.506
666000,0.030,0.441,0.529
666500,0.034,0.413,0.553
667000,0.030,0.375,0.595
667500,0.030,0.439,0.531
668000,0.030,0.432,0.538
668500,0.033,0.428,0.539
669000,0.031,0.395,0.574
669500,0.030,0.412,0.558
670000,0.039,0.322,0.639
670500,0.043,0.279,0.678
671000,0.034,0.311,0.655
671500,0.043,0.290,0.667
672000,0.072,0.232,0.696
672500,0.061,0.252,0.687
673000,0.061,0.240,0.699
673500,0.061,0.229,0.710
674000,0.042,0.286,0.672
674500,0.035,0.405,0.560
675000,0.030,0.458,0.512
675500,0.030,0.406,0.564
676000,0.030,0.425,0.545
676500,0.030,0.443,0.527
677000,0.030,0.486,0.484
677500,0.030,0.384,0.586
678000,0.030,0.375,0.595
678500,0.030,0.498,0.472
679000,0.030,0.422,0.548
679500,0.030,0.419,0.551
680000,0.033,0.345,0.622
680500,0.030,0.352,0.618
681000,0.030,0.415,0.555
681500,0.030,0.360,0.610
682000,0.032,0.420,0.548
682500,0.031,0.386,0.583
683000,0.036,0.391,0.573
683500,0.033,0.385,0.582
684000,0.031,0.385,0.584
684500,0.039,0.375,0.586
685000,0.044,0.300,0.656
685500,0.043,0.329,0.628
686000,0.048,0.327,0.625
686500,0.031,0.328,0.641
687000,0.030,0.379,0.591
687500,0.030,0.474,0.496
688000,0.030,0.487,0.483
688500,0.030,0.489,0.481
689000,0.036,0.389,0.575
689500,0.032,0.336,0.632
690000,0.047,0.346,0.607
690500,0.048,0.331,0.621
691000,0.035,0.350,0.615
691500,0.032,0.378,0.590
692000,0.033,0.373,0.594
692500,0.032,0.284,0.684
693000,0.053,0.241,0.706
693500,0.041,0.346,0.613
694000,0.033,0.336,0.631
694500,0.032,0.316,0.652
695000,0.030,0.397,0.573
695500,0.033,0.369,0.598
696000,0.037,0.367,0.596
696500,0.045,0.254,0.701
697000,0.031,0.405,0.564
697500,0.032,0.359,0.609
698000,0.040,0.334,0.626
698500,0.031,0.417,0.552
699000,0.036,0.413,0.551
699500,0.030,0.405,0.565
700000,0.030,0.531,0.439
700500,0.030,0.441,0.529
701000,0.030,0.427,0.543
701500,0.030,0.475,0.495
702000,0.033,0.473,0.494
702500,0.032,0.349,0.619
703000,0.030,0.376,0.594
703500,0.038,0.333,0.629
704000,0.033,0.383,0.584
704500,0.030,0.362,0.608
705000,0.040,0.308,0.652
705500,0.068,0.221,0.711
706000,0.068,0.208,0.724
706500,0.058,0.200,0.742
707000,0.047,0.229,0.724
707500,0.035,0.354,0.611
708000,0.030,0.345,0.625
708500,0.030,0.400,0.570
709000,0.030,0.414,0.556
709500,0.047,0.295,0.658
710000,0.037,0.328,0.635
710500,0.038,0.307,0.655
711000,0.037,0.298,0.665
711500,0.034,0.453,0.513
712000,0.030,0.411,0.559
712500,0.030,0.356,0.614
713000,0.033,0.355,0.612
713500,0.033,0.371,0.596
714000,0.030,0.463,0.507
714500,0.030,0.467,0.503
715000,0.030,0.360,0.610
715500,0.032,0.304,0.664
716000,0.030,0.342,0.628
716500,0.030,0.341,0.629
717000,0.030,0.376,0.594
717500,0.033,0.337,0.630
718000,0.039,0.379,0.582
718500,0.030,0.344,0.626
719000,0.030,0.400,0.570
719500,0.030,0.385,0.585
720000,0.030,0.376,0.594
720500,0.035,0.358,0.607
721000,0.030,0.328,0.642
721500,0.032,0.423,0.545
722000,0.030,0.279,0.691
722500,0.030,0.327,0.643
723000,0.030,0.370,0.600
723500,0.035,0.365,0.600
724000,0.030,0.435,0.535
724500,0.030,0.341,0.629
725000,0.035,0.284,0.681
725500,0.032,0.424,0.544
726000,0.031,0.406,0.563
726500,0.030,0.414,0.556
727000,0.030,0.472,0.498
727500,0.030,0.448,0.522
728000,0.034,0.437,0.529
728500,0.030,0.471,0.499
729000,0.030,0.369,0.601
729500,0.030,0.363,0.607
730000,0.030,0.398,0.572
730500,0.036,0.393,0.571
731000,0.034,0.407,0.559
731500,0.032,0.342,0.626
732000,0.030,0.375,0.595
732500,0.030,0.308,0.662
733000,0.039,0.317,0.644
733500,0.036,0.435,0.529
734000,0.031,0.389,0.580
734500,0.031,0.428,0.541
735000,0.030,0.477,0.493
735500,0.030,0.379,0.591
736000,0.030,0.366,0.604
736500,0.034,0.418,0.548
737000,0.035,0.400,0.565
737500,0.030,0.402,0.568
738000,0.032,0.411,0.557
738500,0.030,0.376,0.594
739000,0.030,0.400,0.570
739500,0.037,0.332,0.631
740000,0.064,0.264,0.672
740500,0.034,0.327,0.639
741000,0.041,0.343,0.616
741500,0.055,0.318,0.627
742000,0.045,0.268,0.687
742500,0.040,0.293,0.667
743000,0.043,0.249,0.708
743500,0.054,0.230,0.716
744000,0.038,0.328,0.634
744500,0.034,0.269,0.697
745000,0.035,0.417,0.548
745500,0.032,0.414,0.554
746000,0.030,0.342,0.628
746500,0.038,0.373,0.589
747000,0.030,0.343,0.627
747500,0.033,0.432,0.535
748000,0.033,0.424,0.543
748500,0.031,0.377,0.592
749000,0.030,0.307,0.663
749500,0.038,0.391,0.571
750000,0.031,0.387,0.582
750500,0.030,0.388,0.582
751000,0.030,0.382,0.588
751500,0.035,0.374,0.591
752000,0.030,0.372,0.598
752500,0.030,0.511,0.459
753000,0.035,0.392,0.573
753500,0.032,0.422,0.546
754000,0.030,0.499,0.471
754500,0.030,0.533,0.437
755000,0.030,0.437,0.533
755500,0.030,0.417,0.553
756000,0.040,0.375,0.585
756500,0.030,0.503,0.467
757000,0.030,0.572,0.398
757500,0.030,0.520,0.450
758000,0.030,0.420,0.550
758500,0.039,0.404,0.557
759000,0.034,0.370,0.596
759500,0.035,0.339,0.626
760000,0.030,0.370,0.600
760500,0.030,0.333,0.637
761000,0.031,0.377,0.592
761500,0.038,0.314,0.648
762000,0.030,0.294,0.676
762500,0.033,0.337,0.630
763000,0.031,0.428,0.541
763500,0.030,0.379,0.591
764000,0.030,0.397,0.573
764500,0.039,0.302,0.659
765000,0.034,0.406,0.560
765500,0.030,0.398,0.572
766000,0.032,0.422,0.546
766500,0.030,0.364,0.606
767000,0.039,0.372,0.589
767500,0.030,0.458,0.512
768000,0.030,0.391,0.579
768500,0.032,0.387,0.581
769000,0.032,0.315,0.653
769500,0.030,0.334,0.636
770000,0.030,0.424,0.546
770500,0.030,0.380,0.590
771000,0.030,0.379,0.591
771500,0.032,0.410,0.558
772000,0.030,0.394,0.576
772500,0.030,0.426,0.544
773000,0.036,0.333,0.631
773500,0.030,0.430,0.540
774000,0.049,0.280,0.671
774500,0.038,0.295,0.667
775000,0.030,0.410,0.560
775500,0.030,0.481,0.489
776000,0.030,0.492,0.478
776500,0.030,0.443,0.527
777000,0.035,0.311,0.654
777500,0.044,0.262,0.694
778000,0.055,0.322,0.623
778500,0.031,0.347,0.622
779000,0.030,0.360,0.610
779500,0.030,0.396,0.574
780000,0.030,0.380,0.590
780500,0.030,0.383,0.587
781000,0.030,0.333,0.637
781500,0.030,0.431,0.539
782000,0.030,0.477,0.493
782500,0.030,0.411,0.559
783000,0.030,0.410,0.560
783500,0.032,0.421,0.547
784000,0.030,0.383,0.587
784500,0.030,0.291,0.679
785000,0.041,0.315,0.644
785500,0.044,0.313,0.643
786000,0.031,0.403,0.566
786500,0.030,0.391,0.579
787000,0.030,0.419,0.551
787500,0.032,0.415,0.553
788000,0.030,0.437,0.533
788500,0.030,0.403,0.567
789000,0.030,0.340,0.630
789500,0.031,0.360,0.609
790000,0.030,0.395,0.575
790500,0.044,0.336,0.620
791000,0.036,0.402,0.562
791500,0.031,0.335,0.634
792000,0.036,0.298,0.666
792500,0.042,0.327,0.631
793000,0.035,0.336,0.629
793500,0.032,0.331,0.637
794000,0.035,0.351,0.614
794500,0.037,0.393,0.570
795000,0.030,0.379,0.591
795500,0.030,0.383,0.587
796000,0.035,0.319,0.646
796500,0.031,0.282,0.687
797000,0.048,0.274,0.678
797500,0.097,0.146,0.757
798000,0.067,0.211,0.722
798500,0.052,0.193,0.755
799000,0.038,0.353,0.609
799500,0.039,0.319,0.642
800000,0.050,0.382,0.568
800500,0.030,0.413,0.557
801000,0.030,0.372,0.598
801500,0.030,0.419,0.551
802000,0.030,0.422,0.548
802500,0.030,0.357,0.613
803000,0.030,0.437,0.533
803500,0.030,0.411,0.559
804000,0.035,0.367,0.598
804500,0.030,0.407,0.563
805000,0.030,0.469,0.501
805500,0.039,0.404,0.557
806000,0.030,0.394,0.576
806500,0.031,0.418,0.551
807000,0.030,0.369,0.601
807500,0.030,0.327,0.643
808000,0.034,0.326,0.640
808500,0.031,0.439,0.530
809000,0.030,0.385,0.585
809500,0.030,0.348,0.622
810000,0.040,0.325,0.635
810500,0.031,0.380,0.589
811000,0.033,0.396,0.571
811500,0.031,0.468,0.501
812000,0.030,0.457,0.513
812500,0.030,0.513,0.457
813000,0.030,0.450,0.520
813500,0.030,0.432,0.538
814000,0.030,0.431,0.539
814500,0.030,0.381,0.589
815000,0.030,0.316,0.654
815500,0.030,0.436,0.534
816000,0.030,0.320,0.650
816500,0.030,0.340,0.630
817000,0.030,0.394,0.576
817500,0.030,0.389,0.581
818000,0.030,0.468,0.502
818500,0.044,0.333,0.623
819000,0.031,0.327,0.642
819500,0.035,0.362,0.603
820000,0.030,0.354,0.616
820500,0.040,0.394,0.566
821000,0.030,0.509,0.461
821500,0.030,0.424,0.546
822000,0.030,0.399,0.571
822500,0.030,0.464,0.506
823000,0.038,0.356,0.606
823500,0.031,0.370,0.599
824000,0.030,0.414,0.556
824500,0.033,0.400,0.567
825000,0.030,0.442,0.528
825500,0.030,0.442,0.528
826000,0.030,0.419,0.551
826500,0.030,0.481,0.489
827000,0.030,0.445,0.525
827500,0.032,0.331,0.637
828000,0.032,0.313,0.655
828500,0.046,0.250,0.704
829000,0.060,0.257,0.683
829500,0.044,0.316,0.640
830000,0.039,0.330,0.631
830500,0.030,0.435,0.535
831000,0.030,0.402,0.568
831500,0.030,0.405,0.565
832000,0.036,0.391,0.573
832500,0.030,0.479,0.491
833000,0.030,0.532,0.438
833500,0.030,0.385,0.585
834000,0.033,0.297,0.670
834500,0.039,0.268,0.693
835000,0.037,0.380,0.583
835500,0.044,0.341,0.615
836000,0.041,0.251,0.708
836500,0.037,0.359,0.604
837000,0.042,0.372,0.586
837500,0.032,0.330,0.638
838000,0.045,0.288,0.667
838500,0.034,0.347,0.619
839000,0.037,0.321,0.642
839500,0.046,0.319,0.635
840000,0.030,0.401,0.569
840500,0.030,0.433,0.537
841000,0.030,0.361,0.609
841500,0.030,0.377,0.593
842000,0.030,0.375,0.595
842500,0.030,0.359,0.611
843000,0.033,0.350,0.617
843500,0.040,0.376,0.584
844000,0.032,0.302,0.666
844500,0.034,0.322,0.644
845000,0.031,0.368,0.601
845500,0.031,0.330,0.639
846000,0.033,0.385,0.582
846500,0.030,0.349,0.621
847000,0.031,0.398,0.571
847500,0.030,0.408,0.562
848000,0.036,0.373,0.591
848500,0.030,0.362,0.608
849000,0.033,0.370,0.597
849500,0.044,0.332,0.624
850000,0.040,0.308,0.652
850500,0.048,0.373,0.579
851000,0.030,0.344,0.626
851500,0.030,0.389,0.581
852000,0.030,0.423,0.547
852500,0.030,0.380,0.590
853000,0.030,0.306,0.664
853500,0.033,0.380,0.587
854000,0.030,0.437,0.533
854500,0.030,0.428,0.542
855000,0.030,0.494,0.476
855500,0.030,0.428,0.542
856000,0.030,0.369,0.601
856500,0.030,0.399,0.571
857000,0.030,0.392,0.578
857500,0.030,0.349,0.621
858000,0.036,0.306,0.658
858500,0.030,0.390,0.580
859000,0.030,0.453,0.517
859500,0.030,0.413,0.557
860000,0.040,0.455,0.505
860500,0.039,0.310,0.651
861000,0.033,0.346,0.621
861500,0.038,0.319,0.643
862000,0.031,0.315,0.654
862500,0.030,0.431,0.539
863000,0.030,0.407,0.563
863500,0.037,0.362,0.601
864000,0.036,0.373,0.591
864500,0.030,0.386,0.584
865000,0.030,0.398,0.572
865500,0.039,0.356,0.605
866000,0.030,0.437,0.533
866500,0.030,0.411,0.559
867000,0.030,0.375,0.595
867500,0.037,0.377,0.586
868000,0.038,0.347,0.615
868500,0.032,0.381,0.587
869000,0.030,0.369,0.601
869500,0.030,0.423,0.547
870000,0.039,0.434,0.527
870500,0.032,0.434,0.534
871000,0.030,0.408,0.562
871500,0.032,0.309,0.659
872000,0.030,0.401,0.569
872500,0.030,0.492,0.478
873000,0.030,0.479,0.491
873500,0.037,0.380,0.583
874000,0.030,0.477,0.493
874500,0.030,0.420,0.550
875000,0.030,0.393,0.577
875500,0.031,0.405,0.564
876000,0.030,0.496,0.474
876500,0.030,0.516,0.454
877000,0.030,0.463,0.507
877500,0.033,0.354,0.613
878000,0.032,0.431,0.537
878500,0.034,0.385,0.581
879000,0.036,0.390,0.574
879500,0.030,0.411,0.559
880000,0.030,0.457,0.513
880500,0.035,0.364,0.601
881000,0.038,0.358,0.604
881500,0.039,0.356,0.605
882000,0.039,0.310,0.651
882500,0.038,0.290,0.672
883000,0.058,0.228,0.714
883500,0.100,0.138,0.762
884000,0.087,0.211,0.702
884500,0.072,0.240,0.688
885000,0.046,0.199,0.755
885500,0.039,0.335,0.626
886000,0.057,0.279,0.664
886500,0.039,0.335,0.626
887000,0.031,0.383,0.586
887500,0.048,0.261,0.691
888000,0.030,0.354,0.616
888500,0.036,0.334,0.630
889000,0.033,0.383,0.584
889500,0.035,0.439,0.526
890000,0.030,0.449,0.521
890500,0.032,0.353,0.615
891000,0.035,0.444,0.521
891500,0.037,0.453,0.510
892000,0.030,0.394,0.576
892500,0.037,0.384,0.579
893000,0.033,0.361,0.606
893500,0.031,0.303,0.666
894000,0.036,0.288,0.676
894500,0.040,0.375,0.585
895000,0.033,0.289,0.678
895500,0.030,0.377,0.593
896000,0.035,0.305,0.660
896500,0.030,0.402,0.568
897000,0.037,0.389,0.574
897500,0.034,0.352,0.614
898000,0.050,0.259,0.691
898500,0.053,0.329,0.618
899000,0.046,0.345,0.609
899500,0.038,0.316,0.646
900000,0.035,0.319,0.646
900500,0.030,0.341,0.629
901000,0.031,0.376,0.593
901500,0.039,0.457,0.504
902000,0.031,0.421,0.548
902500,0.030,0.387,0.583
903000,0.037,0.336,0.627
903500,0.031,0.428,0.541
904000,0.030,0.412,0.558
904500,0.030,0.380,0.590
905000,0.035,0.287,0.678
905500,0.030,0.312,0.658
906000,0.041,0.282,0.677
906500,0.044,0.348,0.608
907000,0.032,0.385,0.583
907500,0.030,0.495,0.475
908000,0.030,0.491,0.479
908500,0.030,0.443,0.527
909000,0.030,0.467,0.503
909500,0.033,0.361,0.606
910000,0.030,0.412,0.558
910500,0.045,0.314,0.641
911000,0.038,0.275,0.687
911500,0.032,0.364,0.604
912000,0.060,0.297,0.643
912500,0.053,0.285,0.662
913000,0.031,0.345,0.624
913500,0.030,0.380,0.590
914000,0.038,0.374,0.588
914500,0.030,0.357,0.613
915000,0.030,0.316,0.654
915500,0.043,0.332,0.625
916000,0.042,0.361,0.597
916500,0.033,0.375,0.592
917000,0.050,0.350,0.600
917500,0.032,0.424,0.544
918000,0.031,0.392,0.577
918500,0.030,0.477,0.493
919000,0.036,0.410,0.554
919500,0.030,0.342,0.628
920000,0.033,0.342,0.625
920500,0.033,0.340,0.627
921000,0.050,0.288,0.662
921500,0.033,0.353,0.614
922000,0.034,0.296,0.670
922500,0.031,0.385,0.584
923000,0.039,0.382,0.579
923500,0.044,0.265,0.691
924000,0.038,0.368,0.594
924500,0.030,0.357,0.613
925000,0.030,0.449,0.521
925500,0.030,0.383,0.587
926000,0.032,0.318,0.650
926500,0.048,0.333,0.619
927000,0.049,0.265,0.686
927500,0.055,0.290,0.655
928000,0.044,0.268,0.688
928500,0.080,0.159,0.761
929000,0.047,0.297,0.656
929500,0.044,0.328,0.628
930000,0.030,0.369,0.601
930500,0.034,0.301,0.665
931000,0.042,0.278,0.680
931500,0.053,0.191,0.756
932000,0.034,0.298,0.668
932500,0.030,0.338,0.632
933000,0.030,0.340,0.630
933500,0.030,0.431,0.539
934000,0.030,0.414,0.556
934500,0.030,0.378,0.592
935000,0.036,0.345,0.619
935500,0.030,0.421,0.549
936000,0.035,0.288,0.677
936500,0.036,0.317,0.647
937000,0.030,0.401,0.569
937500,0.030,0.353,0.617
938000,0.030,0.371,0.599
938500,0.030,0.344,0.626
939000,0.036,0.392,0.572
939500,0.030,0.423,0.547
940000,0.030,0.342,0.628
940500,0.030,0.370,0.600
941000,0.033,0.378,0.589
941500,0.031,0.317,0.652
942000,0.031,0.472,0.497
942500,0.030,0.487,0.483
943000,0.030,0.510,0.460
943500,0.030,0.496,0.474
944000,0.030,0.381,0.589
944500,0.036,0.454,0.510
945000,0.034,0.396,0.570
945500,0.030,0.380,0.590
946000,0.030,0.431,0.539
946500,0.030,0.450,0.520
947000,0.036,0.340,0.624
947500,0.030,0.320,0.650
948000,0.030,0.394,0.576
948500,0.035,0.379,0.586
949000,0.039,0.371,0.590
949500,0.030,0.469,0.501
950000,0.030,0.440,0.530
950500,0.035,0.343,0.622
951000,0.052,0.288,0.660
951500,0.040,0.370,0.590
952000,0.030,0.439,0.531
952500,0.030,0.500,0.470
953000,0.032,0.374,0.594
953500,0.032,0.375,0.593
954000,0.030,0.353,0.617
954500,0.039,0.288,0.673
955000,0.034,0.304,0.662
955500,0.045,0.345,0.610
956000,0.040,0.326,0.634
956500,0.032,0.436,0.532
957000,0.037,0.372,0.591
957500,0.030,0.415,0.555
958000,0.030,0.375,0.595
958500,0.036,0.416,0.548
959000,0.030,0.374,0.596
959500,0.030,0.340,0.630
960000,0.034,0.335,0.631
960500,0.038,0.385,0.577
961000,0.032,0.353,0.615
961500,0.031,0.413,0.556
962000,0.030,0.438,0.532
962500,0.030,0.433,0.537
963000,0.030,0.450,0.520
963500,0.030,0.435,0.535
964000,0.030,0.518,0.452
964500,0.030,0.402,0.568
965000,0.030,0.480,0.490
965500,0.030,0.421,0.549
966000,0.040,0.304,0.656
966500,0.030,0.371,0.599
967000,0.040,0.320,0.640
967500,0.046,0.387,0.567
968000,0.037,0.330,0.633
968500,0.033,0.376,0.591
969000,0.037,0.364,0.599
969500,0.032,0.352,0.616
970000,0.042,0.365,0.593
970500,0.030,0.392,0.578
971000,0.030,0.404,0.566
971500,0.041,0.296,0.663
972000,0.043,0.368,0.589
972500,0.044,0.337,0.619
973000,0.036,0.349,0.615
973500,0.030,0.405,0.565
974000,0.035,0.374,0.591
974500,0.033,0.373,0.594
975000,0.030,0.394,0.576
975500,0.030,0.501,0.469
976000,0.030,0.498,0.472
976500,0.030,0.326,0.644
977000,0.037,0.395,0.568
977500,0.030,0.482,0.488
978000,0.040,0.364,0.596
978500,0.033,0.297,0.670
979000,0.030,0.367,0.603
979500,0.030,0.379,0.591
980000,0.030,0.456,0.514
980500,0.030,0.361,0.609
981000,0.036,0.343,0.621
981500,0.031,0.407,0.562
982000,0.032,0.365,0.603
982500,0.037,0.324,0.639
983000,0.031,0.337,0.632
983500,0.033,0.361,0.606
984000,0.041,0.305,0.654
984500,0.030,0.356,0.614
985000,0.033,0.289,0.678
985500,0.030,0.371,0.599
986000,0.033,0.320,0.647
986500,0.034,0.336,0.630
987000,0.041,0.356,0.603
987500,0.037,0.354,0.609
988000,0.035,0.336,0.629
988500,0.030,0.368,0.602
989000,0.033,0.430,0.537
989500,0.030,0.426,0.544
990000,0.030,0.481,0.489
990500,0.034,0.442,0.524
991000,0.038,0.378,0.584
991500,0.030,0.415,0.555
992000,0.030,0.472,0.498
992500,0.030,0.511,0.459
993000,0.030,0.460,0.510
993500,0.032,0.376,0.592
994000,0.030,0.427,0.543
994500,0.033,0.409,0.558
995000,0.032,0.370,0.598
995500,0.030,0.400,0.570
996000,0.030,0.340,0.630
996500,0.030,0.373,0.597
997000,0.030,0.395,0.575
997500,0.030,0.470,0.500
998000,0.030,0.495,0.475
998500,0.030,0.508,0.462
999000,0.031,0.414,0.555
999500,0.031,0.423,0.546
1000000,0.030,0.491,0.479
