time,n_A+p,n_B,n_AB
500,0.030,0.778,0.192
1000,0.030,0.418,0.552
1500,0.030,0.431,0.539
2000,0.037,0.275,0.688
2500,0.044,0.167,0.789
3000,0.105,0.123,0.772
3500,0.126,0.077,0.797
4000,0.145,0.070,0.785
4500,0.224,0.017,0.759
5000,0.317,0.015,0.668
5500,0.328,0.003,0.669
6000,0.332,0.008,0.660
6500,0.410,0.003,0.587
7000,0.456,0.000,0.544
7500,0.464,0.000,0.536
8000,0.506,0.000,0.494
8500,0.398,0.000,0.602
9000,0.426,0.000,0.574
9500,0.369,0.000,0.631
10000,0.366,0.000,0.634
10500,0.407,0.000,0.593
11000,0.450,0.000,0.550
11500,0.480,0.000,0.520
12000,0.422,0.000,0.578
12500,0.427,0.000,0.573
13000,0.496,0.000,0.504
13500,0.450,0.000,0.550
14000,0.488,0.000,0.512
14500,0.462,0.000,0.538
15000,0.419,0.000,0.581
15500,0.458,0.000,0.542
16000,0.490,0.008,0.502
16500,0.430,0.009,0.561
17000,0.357,0.003,0.640
17500,0.411,0.000,0.589
18000,0.429,0.000,0.571
18500,0.449,0.000,0.551
19000,0.467,0.000,0.533
19500,0.417,0.000,0.583
20000,0.431,0.000,0.569
20500,0.460,0.000,0.540
21000,0.395,0.000,0.605
21500,0.470,0.000,0.530
22000,0.404,0.000,0.596
22500,0.431,0.000,0.569
23000,0.424,0.000,0.576
23500,0.367,0.002,0.631
24000,0.430,0.000,0.570
24500,0.488,0.000,0.512
25000,0.569,0.000,0.431
25500,0.511,0.000,0.489
26000,0.404,0.000,0.596
26500,0.526,0.000,0.474
27000,0.547,0.000,0.453
27500,0.461,0.000,0.539
28000,0.512,0.000,0.488
28500,0.484,0.000,0.516
29000,0.459,0.000,0.541
29500,0.430,0.000,0.570
30000,0.512,0.000,0.488
30500,0.384,0.000,0.616
31000,0.404,0.000,0.596
31500,0.489,0.000,0.511
32000,0.464,0.000,0.536
32500,0.436,0.000,0.564
33000,0.472,0.000,0.528
33500,0.444,0.002,0.554
34000,0.383,0.007,0.610
34500,0.417,0.000,0.583
35000,0.374,0.000,0.626
35500,0.444,0.000,0.556
36000,0.481,0.001,0.518
36500,0.542,0.000,0.458
37000,0.522,0.000,0.478
37500,0.394,0.005,0.601
38000,0.373,0.001,0.626
38500,0.408,0.000,0.592
39000,0.327,0.010,0.663
39500,0.300,0.005,0.695
40000,0.373,0.000,0.627
40500,0.489,0.000,0.511
41000,0.446,0.008,0.546
41500,0.416,0.002,0.582
42000,0.384,0.000,0.616
42500,0.399,0.000,0.601
43000,0.395,0.000,0.605
43500,0.422,0.000,0.578
44000,0.485,0.000,0.515
44500,0.476,0.000,0.524
45000,0.591,0.000,0.409
45500,0.495,0.000,0.505
46000,0.509,0.000,0.491
46500,0.561,0.000,0.439
47000,0.524,0.000,0.476
47500,0.443,0.000,0.557
48000,0.429,0.000,0.571
48500,0.457,0.000,0.543
49000,0.425,0.000,0.575
49500,0.403,0.000,0.597
50000,0.424,0.002,0.574
50500,0.358,0.001,0.641
51000,0.344,0.000,0.656
51500,0.371,0.000,0.629
52000,0.419,0.000,0.581
52500,0.462,0.000,0.538
53000,0.388,0.000,0.612
53500,0.495,0.003,0.502
54000,0.492,0.001,0.507
54500,0.386,0.000,0.614
55000,0.410,0.000,0.590
55500,0.383,0.001,0.616
56000,0.411,0.000,0.589
56500,0.417,0.002,0.581
57000,0.366,0.002,0.632
57500,0.389,0.000,0.611
58000,0.354,0.000,0.646
58500,0.422,0.004,0.574
59000,0.508,0.000,0.492
59500,0.461,0.000,0.539
60000,0.488,0.000,0.512
60500,0.483,0.000,0.517
61000,0.416,0.000,0.584
61500,0.494,0.000,0.506
62000,0.427,0.000,0.573
62500,0.473,0.000,0.527
63000,0.489,0.006,0.505
63500,0.367,0.000,0.633
64000,0.423,0.003,0.574
64500,0.415,0.000,0.585
65000,0.496,0.000,0.504
65500,0.473,0.000,0.527
66000,0.476,0.003,0.521
66500,0.457,0.000,0.543
67000,0.470,0.000,0.530
67500,0.417,0.000,0.583
68000,0.543,0.000,0.457
68500,0.486,0.000,0.514
69000,0.517,0.000,0.483
69500,0.446,0.000,0.554
70000,0.516,0.000,0.484
70500,0.490,0.004,0.506
71000,0.456,0.000,0.544
71500,0.505,0.000,0.495
72000,0.494,0.000,0.506
72500,0.473,0.000,0.527
73000,0.498,0.003,0.499
73500,0.440,0.000,0.560
74000,0.482,0.000,0.518
74500,0.440,0.000,0.560
75000,0.433,0.000,0.567
75500,0.430,0.000,0.570
76000,0.500,0.000,0.500
76500,0.355,0.000,0.645
77000,0.387,0.003,0.610
77500,0.481,0.000,0.519
78000,0.395,0.000,0.605
78500,0.423,0.000,0.577
79000,0.443,0.000,0.557
79500,0.452,0.008,0.540
80000,0.414,0.004,0.582
80500,0.426,0.000,0.574
81000,0.403,0.000,0.597
81500,0.450,0.000,0.550
82000,0.376,0.000,0.624
82500,0.448,0.000,0.552
83000,0.476,0.000,0.524
83500,0.432,0.000,0.568
84000,0.481,0.000,0.519
84500,0.442,0.000,0.558
85000,0.362,0.000,0.638
85500,0.357,0.008,0.635
86000,0.468,0.000,0.532
86500,0.452,0.000,0.548
87000,0.440,0.000,0.560
87500,0.400,0.000,0.600
88000,0.434,0.000,0.566
88500,0.426,0.000,0.574
89000,0.439,0.000,0.561
89500,0.433,0.000,0.567
90000,0.515,0.007,0.478
90500,0.440,0.000,0.560
91000,0.402,0.000,0.598
91500,0.415,0.000,0.585
92000,0.354,0.000,0.646
92500,0.382,0.000,0.618
93000,0.397,0.002,0.601
93500,0.390,0.000,0.610
94000,0.444,0.000,0.556
94500,0.362,0.003,0.635
95000,0.388,0.008,0.604
95500,0.367,0.001,0.632
96000,0.437,0.000,0.563
96500,0.458,0.000,0.542
97000,0.382,0.000,0.618
97500,0.418,0.009,0.573
98000,0.402,0.000,0.598
98500,0.467,0.000,0.533
99000,0.467,0.000,0.533
99500,0.395,0.000,0.605
100000,0.404,0.000,0.596
100500,0.459,0.000,0.541
101000,0.486,0.000,0.514
101500,0.497,0.000,0.503
102000,0.489,0.000,0.511
102500,0.393,0.000,0.607
103000,0.430,0.000,0.570
103500,0.289,0.008,0.703
104000,0.316,0.003,0.681
104500,0.389,0.004,0.607
105000,0.447,0.001,0.552
105500,0.436,0.000,0.564
106000,0.471,0.000,0.529
106500,0.429,0.000,0.571
107000,0.380,0.015,0.605
107500,0.414,0.001,0.585
108000,0.460,0.001,0.539
108500,0.375,0.000,0.625
109000,0.415,0.000,0.585
109500,0.485,0.000,0.515
110000,0.408,0.000,0.592
110500,0.379,0.001,0.620
111000,0.425,0.001,0.574
111500,0.373,0.000,0.627
112000,0.419,0.000,0.581
112500,0.400,0.001,0.599
113000,0.349,0.000,0.651
113500,0.410,0.000,0.590
114000,0.393,0.000,0.607
114500,0.344,0.002,0.654
115000,0.373,0.008,0.619
115500,0.405,0.000,0.595
116000,0.408,0.011,0.581
116500,0.382,0.001,0.617
117000,0.364,0.003,0.633
117500,0.439,0.004,0.557
118000,0.394,0.000,0.606
118500,0.430,0.000,0.570
119000,0.433,0.001,0.566
119500,0.490,0.000,0.510
120000,0.381,0.000,0.619
120500,0.400,0.002,0.598
121000,0.478,0.001,0.521
121500,0.482,0.000,0.518
122000,0.552,0.000,0.448
122500,0.530,0.000,0.470
123000,0.531,0.000,0.469
123500,0.537,0.000,0.463
124000,0.512,0.000,0.488
124500,0.509,0.000,0.491
125000,0.446,0.000,0.554
125500,0.407,0.003,0.590
126000,0.494,0.000,0.506
126500,0.509,0.000,0.491
127000,0.460,0.000,0.540
127500,0.471,0.000,0.529
128000,0.447,0.000,0.553
128500,0.385,0.000,0.615
129000,0.394,0.002,0.604
129500,0.408,0.005,0.587
130000,0.407,0.007,0.586
130500,0.410,0.001,0.589
131000,0.422,0.001,0.577
131500,0.403,0.000,0.597
132000,0.379,0.009,0.612
132500,0.508,0.000,0.492
133000,0.439,0.000,0.561
133500,0.404,0.000,0.596
134000,0.453,0.000,0.547
134500,0.377,0.005,0.618
135000,0.480,0.000,0.520
135500,0.506,0.000,0.494
136000,0.380,0.000,0.620
136500,0.445,0.000,0.555
137000,0.455,0.000,0.545
137500,0.500,0.000,0.500
138000,0.404,0.000,0.596
138500,0.320,0.008,0.672
139000,0.369,0.001,0.630
139500,0.471,0.001,0.528
140000,0.459,0.000,0.541
140500,0.520,0.000,0.480
141000,0.428,0.001,0.571
141500,0.397,0.002,0.601
142000,0.443,0.000,0.557
142500,0.445,0.000,0.555
143000,0.425,0.000,0.575
143500,0.468,0.000,0.532
144000,0.430,0.000,0.570
144500,0.498,0.000,0.502
145000,0.529,0.000,0.471
145500,0.437,0.001,0.562
146000,0.427,0.000,0.573
146500,0.452,0.000,0.548
147000,0.460,0.003,0.537
147500,0.539,0.000,0.461
148000,0.451,0.000,0.549
148500,0.329,0.000,0.671
149000,0.361,0.001,0.638
149500,0.381,0.009,0.610
150000,0.306,0.021,0.673
150500,0.391,0.003,0.606
151000,0.399,0.000,0.601
151500,0.409,0.000,0.591
152000,0.440,0.004,0.556
152500,0.432,0.005,0.563
153000,0.446,0.000,0.554
153500,0.374,0.000,0.626
154000,0.351,0.000,0.649
154500,0.503,0.000,0.497
155000,0.518,0.000,0.482
155500,0.480,0.000,0.520
156000,0.448,0.000,0.552
156500,0.452,0.000,0.548
157000,0.468,0.000,0.532
157500,0.436,0.000,0.564
158000,0.471,0.000,0.529
158500,0.461,0.000,0.539
159000,0.466,0.000,0.534
159500,0.426,0.000,0.574
160000,0.499,0.000,0.501
160500,0.455,0.000,0.545
161000,0.440,0.000,0.560
161500,0.506,0.000,0.494
162000,0.473,0.000,0.527
162500,0.331,0.000,0.669
163000,0.376,0.005,0.619
163500,0.324,0.008,0.668
164000,0.416,0.004,0.580
164500,0.499,0.000,0.501
165000,0.434,0.000,0.566
165500,0.407,0.002,0.591
166000,0.434,0.001,0.565
166500,0.397,0.000,0.603
167000,0.472,0.002,0.526
167500,0.472,0.000,0.528
168000,0.455,0.000,0.545
168500,0.369,0.000,0.631
169000,0.397,0.000,0.603
169500,0.409,0.006,0.585
170000,0.418,0.001,0.581
170500,0.464,0.000,0.536
171000,0.478,0.000,0.522
171500,0.423,0.000,0.577
172000,0.475,0.000,0.525
172500,0.436,0.005,0.559
173000,0.486,0.002,0.512
173500,0.488,0.000,0.512
174000,0.509,0.000,0.491
174500,0.475,0.000,0.525
175000,0.459,0.000,0.541
175500,0.458,0.000,0.542
176000,0.380,0.000,0.620
176500,0.413,0.000,0.587
177000,0.449,0.004,0.547
177500,0.422,0.000,0.578
178000,0.448,0.000,0.552
178500,0.412,0.000,0.588
179000,0.361,0.000,0.639
179500,0.383,0.000,0.617
180000,0.394,0.000,0.606
180500,0.437,0.000,0.563
181000,0.467,0.000,0.533
181500,0.380,0.005,0.615
182000,0.441,0.000,0.559
182500,0.476,0.000,0.524
183000,0.445,0.000,0.555
183500,0.390,0.000,0.610
184000,0.324,0.000,0.676
184500,0.384,0.000,0.616
185000,0.428,0.000,0.572
185500,0.490,0.000,0.510
186000,0.504,0.000,0.496
186500,0.527,0.000,0.473
187000,0.428,0.000,0.572
187500,0.397,0.009,0.594
188000,0.433,0.004,0.563
188500,0.412,0.000,0.588
189000,0.415,0.000,0.585
189500,0.422,0.000,0.578
190000,0.471,0.000,0.529
190500,0.452,0.000,0.548
191000,0.534,0.000,0.466
191500,0.418,0.000,0.582
192000,0.342,0.001,0.657
192500,0.473,0.000,0.527
193000,0.506,0.000,0.494
193500,0.526,0.000,0.474
194000,0.517,0.000,0.483
194500,0.343,0.000,0.657
195000,0.373,0.000,0.627
195500,0.400,0.000,0.600
196000,0.435,0.000,0.565
196500,0.512,0.000,0.488
197000,0.406,0.000,0.594
197500,0.477,0.000,0.523
198000,0.372,0.000,0.628
198500,0.423,0.001,0.576
199000,0.531,0.000,0.469
199500,0.427,0.000,0.573
200000,0.398,0.000,0.602
200500,0.457,0.000,0.543
201000,0.361,0.009,0.630
201500,0.326,0.017,0.657
202000,0.446,0.002,0.552
202500,0.486,0.000,0.514
203000,0.501,0.000,0.499
203500,0.522,0.000,0.478
204000,0.512,0.000,0.488
204500,0.491,0.000,0.509
205000,0.497,0.000,0.503
205500,0.444,0.000,0.556
206000,0.401,0.000,0.599
206500,0.418,0.005,0.577
207000,0.364,0.001,0.635
207500,0.433,0.000,0.567
208000,0.436,0.000,0.564
208500,0.470,0.012,0.518
209000,0.550,0.003,0.447
209500,0.477,0.000,0.523
210000,0.391,0.000,0.609
210500,0.420,0.000,0.580
211000,0.587,0.000,0.413
211500,0.473,0.000,0.527
212000,0.432,0.000,0.568
212500,0.458,0.000,0.542
213000,0.483,0.000,0.517
213500,0.459,0.000,0.541
214000,0.423,0.000,0.577
214500,0.495,0.000,0.505
215000,0.506,0.000,0.494
215500,0.508,0.000,0.492
216000,0.458,0.000,0.542
216500,0.323,0.011,0.666
217000,0.319,0.001,0.680
217500,0.387,0.000,0.613
218000,0.424,0.000,0.576
218500,0.469,0.000,0.531
219000,0.460,0.000,0.540
219500,0.424,0.000,0.576
220000,0.461,0.000,0.539
220500,0.534,0.000,0.466
221000,0.584,0.000,0.416
221500,0.457,0.000,0.543
222000,0.525,0.000,0.475
222500,0.556,0.000,0.444
223000,0.373,0.000,0.627
223500,0.386,0.000,0.614
224000,0.500,0.000,0.500
224500,0.389,0.010,0.601
225000,0.440,0.000,0.560
225500,0.396,0.000,0.604
226000,0.534,0.000,0.466
226500,0.579,0.000,0.421
227000,0.538,0.000,0.462
227500,0.489,0.000,0.511
228000,0.442,0.000,0.558
228500,0.415,0.005,0.580
229000,0.505,0.001,0.494
229500,0.430,0.000,0.570
230000,0.423,0.000,0.577
230500,0.387,0.000,0.613
231000,0.501,0.000,0.499
231500,0.466,0.000,0.534
232000,0.463,0.008,0.529
232500,0.469,0.000,0.531
233000,0.466,0.000,0.534
233500,0.494,0.000,0.506
234000,0.448,0.000,0.552
234500,0.438,0.000,0.562
235000,0.443,0.000,0.557
235500,0.442,0.000,0.558
236000,0.451,0.000,0.549
236500,0.491,0.000,0.509
237000,0.420,0.000,0.580
237500,0.405,0.000,0.595
238000,0.371,0.000,0.629
238500,0.327,0.000,0.673
239000,0.470,0.001,0.529
239500,0.446,0.000,0.554
240000,0.500,0.004,0.496
240500,0.497,0.000,0.503
241000,0.457,0.000,0.543
241500,0.386,0.000,0.614
242000,0.401,0.000,0.599
242500,0.428,0.000,0.572
243000,0.412,0.000,0.588
243500,0.423,0.005,0.572
244000,0.445,0.003,0.552
244500,0.378,0.007,0.615
245000,0.332,0.002,0.666
245500,0.361,0.001,0.638
246000,0.460,0.000,0.540
246500,0.405,0.003,0.592
247000,0.463,0.000,0.537
247500,0.511,0.000,0.489
248000,0.369,0.000,0.631
248500,0.428,0.000,0.572
249000,0.427,0.000,0.573
249500,0.422,0.000,0.578
250000,0.492,0.000,0.508
250500,0.476,0.000,0.524
251000,0.414,0.000,0.586
251500,0.405,0.007,0.588
252000,0.350,0.000,0.650
252500,0.424,0.000,0.576
253000,0.467,0.000,0.533
253500,0.393,0.000,0.607
254000,0.363,0.007,0.630
254500,0.428,0.001,0.571
255000,0.488,0.000,0.512
255500,0.410,0.000,0.590
256000,0.402,0.000,0.598
256500,0.398,0.000,0.602
257000,0.390,0.001,0.609
257500,0.435,0.000,0.565
258000,0.440,0.003,0.557
258500,0.457,0.000,0.543
259000,0.493,0.002,0.505
259500,0.438,0.001,0.561
260000,0.387,0.003,0.610
260500,0.502,0.000,0.498
261000,0.378,0.000,0.622
261500,0.426,0.003,0.571
262000,0.475,0.000,0.525
262500,0.372,0.000,0.628
263000,0.389,0.000,0.611
263500,0.404,0.000,0.596
264000,0.438,0.002,0.560
264500,0.422,0.002,0.576
265000,0.461,0.001,0.538
265500,0.387,0.001,0.612
266000,0.435,0.001,0.564
266500,0.443,0.000,0.557
267000,0.455,0.000,0.545
267500,0.391,0.000,0.609
268000,0.483,0.000,0.517
268500,0.503,0.000,0.497
269000,0.556,0.000,0.444
269500,0.552,0.000,0.448
270000,0.490,0.000,0.510
270500,0.447,0.004,0.549
271000,0.455,0.000,0.545
271500,0.419,0.000,0.581
272000,0.419,0.003,0.578
272500,0.408,0.000,0.592
273000,0.357,0.000,0.643
273500,0.416,0.000,0.584
274000,0.478,0.000,0.522
274500,0.407,0.000,0.593
275000,0.402,0.000,0.598
275500,0.408,0.000,0.592
276000,0.461,0.000,0.539
276500,0.366,0.003,0.631
277000,0.363,0.000,0.637
277500,0.441,0.001,0.558
278000,0.422,0.003,0.575
278500,0.344,0.000,0.656
279000,0.430,0.000,0.570
279500,0.410,0.000,0.590
280000,0.425,0.000,0.575
280500,0.429,0.002,0.569
281000,0.350,0.001,0.649
281500,0.424,0.000,0.576
282000,0.404,0.000,0.596
282500,0.405,0.000,0.595
283000,0.399,0.000,0.601
283500,0.411,0.000,0.589
284000,0.451,0.000,0.549
284500,0.376,0.000,0.624
285000,0.416,0.000,0.584
285500,0.483,0.000,0.517
286000,0.481,0.000,0.519
286500,0.490,0.000,0.510
287000,0.516,0.000,0.484
287500,0.500,0.000,0.500
288000,0.512,0.000,0.488
288500,0.456,0.000,0.544
289000,0.426,0.009,0.565
289500,0.459,0.001,0.540
290000,0.350,0.000,0.650
290500,0.377,0.000,0.623
291000,0.399,0.000,0.601
291500,0.372,0.001,0.627
292000,0.557,0.000,0.443
292500,0.481,0.000,0.519
293000,0.405,0.000,0.595
293500,0.382,0.000,0.618
294000,0.461,0.000,0.539
294500,0.397,0.000,0.603
295000,0.468,0.000,0.532
295500,0.473,0.000,0.527
296000,0.391,0.000,0.609
296500,0.322,0.000,0.678
297000,0.380,0.007,0.613
297500,0.460,0.000,0.540
298000,0.487,0.000,0.513
298500,0.385,0.000,0.615
299000,0.323,0.004,0.673
299500,0.421,0.000,0.579
300000,0.451,0.000,0.549
300500,0.375,0.007,0.618
301000,0.376,0.002,0.622
301500,0.502,0.000,0.498
302000,0.520,0.000,0.480
302500,0.465,0.000,0.535
303000,0.533,0.000,0.467
303500,0.459,0.000,0.541
304000,0.398,0.000,0.602
304500,0.430,0.000,0.570
305000,0.459,0.000,0.541
305500,0.491,0.000,0.509
306000,0.472,0.000,0.528
306500,0.463,0.000,0.537
307000,0.389,0.000,0.611
307500,0.360,0.002,0.638
308000,0.521,0.002,0.477
308500,0.518,0.000,0.482
309000,0.483,0.000,0.517
309500,0.443,0.000,0.557
310000,0.423,0.008,0.569
310500,0.512,0.000,0.488
311000,0.492,0.000,0.508
311500,0.497,0.000,0.503
312000,0.521,0.000,0.479
312500,0.383,0.002,0.615
313000,0.394,0.000,0.606
313500,0.444,0.000,0.556
314000,0.471,0.000,0.529
314500,0.421,0.005,0.574
315000,0.436,0.004,0.560
315500,0.423,0.002,0.575
316000,0.387,0.000,0.613
316500,0.457,0.000,0.543
317000,0.393,0.001,0.606
317500,0.377,0.000,0.623
318000,0.443,0.000,0.557
318500,0.471,0.000,0.529
319000,0.415,0.000,0.585
319500,0.408,0.000,0.592
320000,0.312,0.011,0.677
320500,0.366,0.000,0.634
321000,0.424,0.000,0.576
321500,0.466,0.000,0.534
322000,0.528,0.000,0.472
322500,0.559,0.000,0.441
323000,0.425,0.000,0.575
323500,0.429,0.000,0.571
324000,0.407,0.000,0.593
324500,0.389,0.008,0.603
325000,0.423,0.004,0.573
325500,0.387,0.000,0.613
326000,0.334,0.000,0.666
326500,0.417,0.000,0.583
327000,0.477,0.000,0.523
327500,0.512,0.000,0.488
328000,0.534,0.000,0.466
328500,0.488,0.000,0.512
329000,0.486,0.000,0.514
329500,0.489,0.000,0.511
330000,0.391,0.000,0.609
330500,0.339,0.008,0.653
331000,0.367,0.000,0.633
331500,0.364,0.000,0.636
332000,0.458,0.000,0.542
332500,0.406,0.000,0.594
333000,0.373,0.000,0.627
333500,0.455,0.000,0.545
334000,0.461,0.000,0.539
334500,0.524,0.000,0.476
335000,0.394,0.002,0.604
335500,0.458,0.000,0.542
336000,0.436,0.000,0.564
336500,0.371,0.000,0.629
337000,0.412,0.000,0.588
337500,0.517,0.000,0.483
338000,0.478,0.000,0.522
338500,0.453,0.000,0.547
339000,0.362,0.000,0.638
339500,0.348,0.005,0.647
340000,0.443,0.001,0.556
340500,0.462,0.000,0.538
341000,0.524,0.000,0.476
341500,0.554,0.000,0.446
342000,0.472,0.005,0.523
342500,0.397,0.000,0.603
343000,0.417,0.000,0.583
343500,0.413,0.001,0.586
344000,0.431,0.000,0.569
344500,0.488,0.000,0.512
345000,0.411,0.000,0.589
345500,0.343,0.006,0.651
346000,0.468,0.000,0.532
346500,0.425,0.003,0.572
347000,0.466,0.000,0.534
347500,0.402,0.000,0.598
348000,0.513,0.000,0.487
348500,0.568,0.000,0.432
349000,0.563,0.000,0.437
349500,0.534,0.000,0.466
350000,0.437,0.000,0.563
350500,0.470,0.000,0.530
351000,0.446,0.000,0.554
351500,0.441,0.000,0.559
352000,0.458,0.000,0.542
352500,0.467,0.000,0.533
353000,0.438,0.000,0.562
353500,0.411,0.000,0.589
354000,0.481,0.000,0.519
354500,0.502,0.000,0.498
355000,0.552,0.000,0.448
355500,0.414,0.000,0.586
356000,0.363,0.000,0.637
356500,0.384,0.000,0.616
357000,0.357,0.000,0.643
357500,0.385,0.000,0.615
358000,0.388,0.003,0.609
358500,0.321,0.017,0.662
359000,0.387,0.002,0.611
359500,0.385,0.000,0.615
360000,0.504,0.000,0.496
360500,0.524,0.000,0.476
361000,0.414,0.000,0.586
361500,0.463,0.000,0.537
362000,0.458,0.002,0.540
362500,0.427,0.003,0.570
363000,0.359,0.000,0.641
363500,0.317,0.012,0.671
364000,0.306,0.007,0.687
364500,0.401,0.003,0.596
365000,0.398,0.000,0.602
365500,0.352,0.006,0.642
366000,0.329,0.000,0.671
366500,0.372,0.000,0.628
367000,0.435,0.003,0.562
367500,0.417,0.000,0.583
368000,0.373,0.000,0.627
368500,0.383,0.006,0.611
369000,0.444,0.000,0.556
369500,0.396,0.000,0.604
370000,0.544,0.000,0.456
370500,0.510,0.000,0.490
371000,0.411,0.006,0.583
371500,0.367,0.001,0.632
372000,0.364,0.000,0.636
372500,0.362,0.016,0.622
373000,0.307,0.001,0.692
373500,0.432,0.000,0.568
374000,0.454,0.000,0.546
374500,0.476,0.000,0.524
375000,0.409,0.000,0.591
375500,0.368,0.000,0.632
376000,0.392,0.000,0.608
376500,0.378,0.007,0.615
377000,0.310,0.002,0.688
377500,0.374,0.000,0.626
378000,0.458,0.000,0.542
378500,0.387,0.000,0.613
379000,0.304,0.000,0.696
379500,0.346,0.014,0.640
380000,0.448,0.000,0.552
380500,0.435,0.003,0.562
381000,0.404,0.001,0.595
381500,0.414,0.000,0.586
382000,0.426,0.000,0.574
382500,0.381,0.000,0.619
383000,0.417,0.000,0.583
383500,0.391,0.002,0.607
384000,0.345,0.014,0.641
384500,0.359,0.001,0.640
385000,0.470,0.000,0.530
385500,0.535,0.000,0.465
386000,0.500,0.000,0.500
386500,0.434,0.000,0.566
387000,0.394,0.000,0.606
387500,0.367,0.000,0.633
388000,0.409,0.003,0.588
388500,0.414,0.001,0.585
389000,0.444,0.000,0.556
389500,0.429,0.000,0.571
390000,0.428,0.001,0.571
390500,0.421,0.000,0.579
391000,0.347,0.000,0.653
391500,0.392,0.001,0.607
392000,0.434,0.000,0.566
392500,0.436,0.000,0.564
393000,0.445,0.000,0.555
393500,0.450,0.000,0.550
394000,0.405,0.000,0.595
394500,0.464,0.000,0.536
395000,0.457,0.000,0.543
395500,0.434,0.000,0.566
396000,0.365,0.003,0.632
396500,0.342,0.007,0.651
397000,0.378,0.001,0.621
397500,0.272,0.000,0.728
398000,0.342,0.000,0.658
398500,0.398,0.000,0.602
399000,0.459,0.000,0.541
399500,0.414,0.000,0.586
400000,0.396,0.000,0.604
400500,0.434,0.000,0.566
401000,0.361,0.000,0.639
401500,0.376,0.000,0.624
402000,0.491,0.000,0.509
402500,0.404,0.000,0.596
403000,0.357,0.000,0.643
403500,0.435,0.000,0.565
404000,0.441,0.000,0.559
404500,0.488,0.000,0.512
405000,0.441,0.000,0.559
405500,0.418,0.000,0.582
406000,0.432,0.000,0.568
406500,0.454,0.000,0.546
407000,0.388,0.002,0.610
407500,0.382,0.000,0.618
408000,0.379,0.009,0.612
408500,0.364,0.000,0.636
409000,0.362,0.000,0.638
409500,0.486,0.000,0.514
410000,0.443,0.002,0.555
410500,0.335,0.025,0.640
411000,0.379,0.009,0.612
411500,0.324,0.006,0.670
412000,0.284,0.004,0.712
412500,0.380,0.000,0.620
413000,0.383,0.004,0.613
413500,0.285,0.013,0.702
414000,0.347,0.011,0.642
414500,0.380,0.005,0.615
415000,0.378,0.000,0.622
415500,0.420,0.011,0.569
416000,0.343,0.000,0.657
416500,0.422,0.000,0.578
417000,0.371,0.005,0.624
417500,0.381,0.002,0.617
418000,0.317,0.009,0.674
418500,0.342,0.000,0.658
419000,0.488,0.002,0.510
419500,0.321,0.010,0.669
420000,0.374,0.004,0.622
420500,0.480,0.000,0.520
421000,0.361,0.000,0.639
421500,0.369,0.000,0.631
422000,0.413,0.001,0.586
422500,0.374,0.000,0.626
423000,0.400,0.005,0.595
423500,0.372,0.000,0.628
424000,0.452,0.000,0.548
424500,0.423,0.000,0.577
425000,0.424,0.000,0.576
425500,0.403,0.000,0.597
426000,0.425,0.004,0.571
426500,0.441,0.000,0.559
427000,0.430,0.000,0.570
427500,0.397,0.000,0.603
428000,0.473,0.000,0.527
428500,0.431,0.000,0.569
429000,0.434,0.000,0.566
429500,0.489,0.000,0.511
430000,0.486,0.000,0.514
430500,0.491,0.000,0.509
431000,0.397,0.000,0.603
431500,0.423,0.000,0.577
432000,0.444,0.000,0.556
432500,0.441,0.000,0.559
433000,0.503,0.000,0.497
433500,0.475,0.000,0.525
434000,0.398,0.000,0.602
434500,0.456,0.000,0.544
435000,0.437,0.000,0.563
435500,0.430,0.000,0.570
436000,0.473,0.000,0.527
436500,0.478,0.000,0.522
437000,0.494,0.000,0.506
437500,0.391,0.000,0.609
438000,0.483,0.002,0.515
438500,0.399,0.000,0.601
439000,0.346,0.000,0.654
439500,0.385,0.000,0.615
440000,0.391,0.000,0.609
440500,0.459,0.000,0.541
441000,0.386,0.003,0.611
441500,0.423,0.000,0.577
442000,0.441,0.000,0.559
442500,0.455,0.000,0.545
443000,0.445,0.000,0.555
443500,0.442,0.000,0.558
444000,0.397,0.001,0.602
444500,0.401,0.000,0.599
445000,0.411,0.000,0.589
445500,0.431,0.000,0.569
446000,0.448,0.000,0.552
446500,0.489,0.000,0.511
447000,0.371,0.000,0.629
447500,0.361,0.000,0.639
448000,0.389,0.000,0.611
448500,0.383,0.000,0.617
449000,0.424,0.000,0.576
449500,0.488,0.000,0.512
450000,0.419,0.000,0.581
450500,0.395,0.000,0.605
451000,0.399,0.006,0.595
451500,0.384,0.000,0.616
452000,0.434,0.000,0.566
452500,0.427,0.000,0.573
453000,0.483,0.000,0.517
453500,0.516,0.000,0.484
454000,0.407,0.000,0.593
454500,0.526,0.000,0.474
455000,0.534,0.000,0.466
455500,0.520,0.000,0.480
456000,0.399,0.000,0.601
456500,0.390,0.000,0.610
457000,0.369,0.000,0.631
457500,0.359,0.000,0.641
458000,0.400,0.000,0.600
458500,0.441,0.000,0.559
459000,0.427,0.000,0.573
459500,0.463,0.000,0.537
460000,0.436,0.000,0.564
460500,0.355,0.000,0.645
461000,0.362,0.000,0.638
461500,0.466,0.000,0.534
462000,0.461,0.000,0.539
462500,0.422,0.000,0.578
463000,0.430,0.000,0.570
463500,0.410,0.000,0.590
464000,0.393,0.000,0.607
464500,0.382,0.000,0.618
465000,0.379,0.008,0.613
465500,0.368,0.002,0.630
466000,0.474,0.000,0.526
466500,0.484,0.000,0.516
467000,0.513,0.000,0.487
467500,0.447,0.000,0.553
468000,0.353,0.003,0.644
468500,0.424,0.008,0.568
469000,0.411,0.000,0.589
469500,0.388,0.000,0.612
470000,0.424,0.000,0.576
470500,0.401,0.000,0.599
471000,0.498,0.000,0.502
471500,0.356,0.000,0.644
472000,0.380,0.000,0.620
472500,0.398,0.000,0.602
473000,0.362,0.003,0.635
473500,0.402,0.001,0.597
474000,0.411,0.010,0.579
474500,0.444,0.000,0.556
475000,0.350,0.000,0.650
475500,0.458,0.001,0.541
476000,0.407,0.000,0.593
476500,0.459,0.000,0.541
477000,0.567,0.000,0.433
477500,0.550,0.000,0.450
478000,0.426,0.000,0.574
478500,0.451,0.000,0.549
479000,0.361,0.007,0.632
479500,0.316,0.006,0.678
480000,0.348,0.002,0.650
480500,0.375,0.000,0.625
481000,0.376,0.007,0.617
481500,0.419,0.004,0.577
482000,0.422,0.001,0.577
482500,0.410,0.000,0.590
483000,0.516,0.000,0.484
483500,0.421,0.009,0.570
484000,0.437,0.000,0.563
484500,0.456,0.000,0.544
485000,0.486,0.000,0.514
485500,0.465,0.000,0.535
486000,0.423,0.002,0.575
486500,0.432,0.000,0.568
487000,0.352,0.000,0.648
487500,0.331,0.001,0.668
488000,0.367,0.002,0.631
488500,0.397,0.000,0.603
489000,0.409,0.000,0.591
489500,0.448,0.000,0.552
490000,0.431,0.000,0.569
490500,0.421,0.001,0.578
491000,0.325,0.000,0.675
491500,0.382,0.000,0.618
492000,0.355,0.001,0.644
492500,0.444,0.002,0.554
493000,0.414,0.000,0.586
493500,0.444,0.000,0.556
494000,0.443,0.000,0.557
494500,0.354,0.004,0.642
495000,0.346,0.003,0.651
495500,0.315,0.008,0.677
496000,0.389,0.001,0.610
496500,0.405,0.000,0.595
497000,0.381,0.001,0.618
497500,0.503,0.000,0.497
498000,0.579,0.000,0.421
498500,0.476,0.000,0.524
499000,0.510,0.000,0.490
499500,0.390,0.000,0.610
500000,0.438,0.000,0.562
500500,0.439,0.000,0.561
501000,0.459,0.000,0.541
501500,0.360,0.000,0.640
502000,0.451,0.000,0.549
502500,0.478,0.000,0.522
503000,0.466,0.000,0.534
503500,0.361,0.009,0.630
504000,0.416,0.001,0.583
504500,0.415,0.009,0.576
505000,0.398,0.001,0.601
505500,0.321,0.000,0.679
506000,0.404,0.000,0.596
506500,0.454,0.000,0.546
507000,0.481,0.000,0.519
507500,0.453,0.003,0.544
508000,0.456,0.000,0.544
508500,0.290,0.005,0.705
509000,0.386,0.003,0.611
509500,0.414,0.000,0.586
510000,0.511,0.010,0.479
510500,0.485,0.001,0.514
511000,0.383,0.000,0.617
511500,0.375,0.000,0.625
512000,0.420,0.000,0.580
512500,0.377,0.000,0.623
513000,0.406,0.002,0.592
513500,0.429,0.001,0.570
514000,0.358,0.001,0.641
514500,0.392,0.000,0.608
515000,0.461,0.000,0.539
515500,0.420,0.018,0.562
516000,0.475,0.003,0.522
516500,0.293,0.000,0.707
517000,0.415,0.000,0.585
517500,0.415,0.000,0.585
518000,0.543,0.000,0.457
518500,0.520,0.002,0.478
519000,0.413,0.000,0.587
519500,0.365,0.000,0.635
520000,0.368,0.001,0.631
520500,0.437,0.001,0.562
521000,0.423,0.000,0.577
521500,0.355,0.000,0.645
522000,0.425,0.000,0.575
522500,0.527,0.000,0.473
523000,0.497,0.000,0.503
523500,0.421,0.000,0.579
524000,0.448,0.000,0.552
524500,0.423,0.000,0.577
525000,0.507,0.000,0.493
525500,0.512,0.000,0.488
526000,0.462,0.000,0.538
526500,0.440,0.000,0.560
527000,0.317,0.000,0.683
527500,0.467,0.000,0.533
528000,0.377,0.000,0.623
528500,0.366,0.002,0.632
529000,0.406,0.001,0.593
529500,0.460,0.000,0.540
530000,0.449,0.000,0.551
530500,0.453,0.000,0.547
531000,0.580,0.000,0.420
531500,0.453,0.000,0.547
532000,0.491,0.000,0.509
532500,0.519,0.000,0.481
533000,0.444,0.000,0.556
533500,0.439,0.000,0.561
534000,0.497,0.000,0.503
534500,0.481,0.000,0.519
535000,0.437,0.006,0.557
535500,0.462,0.000,0.538
536000,0.415,0.000,0.585
536500,0.541,0.000,0.459
537000,0.474,0.000,0.526
537500,0.487,0.000,0.513
538000,0.457,0.000,0.543
538500,0.505,0.000,0.495
539000,0.452,0.000,0.548
539500,0.473,0.000,0.527
540000,0.428,0.000,0.572
540500,0.340,0.000,0.660
541000,0.429,0.001,0.570
541500,0.412,0.000,0.588
542000,0.496,0.000,0.504
542500,0.433,0.000,0.567
543000,0.478,0.001,0.521
543500,0.508,0.000,0.492
544000,0.521,0.000,0.479
544500,0.472,0.000,0.528
545000,0.399,0.000,0.601
545500,0.500,0.003,0.497
546000,0.528,0.000,0.472
546500,0.470,0.000,0.530
547000,0.391,0.000,0.609
547500,0.396,0.000,0.604
548000,0.349,0.000,0.651
548500,0.379,0.000,0.621
549000,0.400,0.000,0.600
549500,0.392,0.003,0.605
550000,0.408,0.000,0.592
550500,0.376,0.000,0.624
551000,0.346,0.000,0.654
551500,0.370,0.000,0.630
552000,0.363,0.001,0.636
552500,0.407,0.000,0.593
553000,0.531,0.000,0.469
553500,0.515,0.000,0.485
554000,0.445,0.000,0.555
554500,0.391,0.000,0.609
555000,0.430,0.000,0.570
555500,0.466,0.000,0.534
556000,0.471,0.000,0.529
556500,0.352,0.000,0.648
557000,0.356,0.004,0.640
557500,0.370,0.003,0.627
558000,0.433,0.002,0.565
558500,0.493,0.000,0.507
559000,0.439,0.000,0.561
559500,0.547,0.000,0.453
560000,0.370,0.000,0.630
560500,0.457,0.000,0.543
561000,0.447,0.000,0.553
561500,0.412,0.000,0.588
562000,0.445,0.003,0.552
562500,0.443,0.000,0.557
563000,0.574,0.000,0.426
563500,0.486,0.000,0.514
564000,0.331,0.001,0.668
564500,0.305,0.002,0.693
565000,0.444,0.000,0.556
565500,0.443,0.000,0.557
566000,0.471,0.000,0.529
566500,0.483,0.000,0.517
567000,0.406,0.003,0.591
567500,0.373,0.002,0.625
568000,0.435,0.000,0.565
568500,0.475,0.002,0.523
569000,0.412,0.002,0.586
569500,0.395,0.004,0.601
570000,0.460,0.008,0.532
570500,0.304,0.000,0.696
571000,0.376,0.010,0.614
571500,0.420,0.001,0.579
572000,0.498,0.000,0.502
572500,0.381,0.000,0.619
573000,0.478,0.000,0.522
573500,0.407,0.012,0.581
574000,0.389,0.000,0.611
574500,0.424,0.000,0.576
575000,0.499,0.000,0.501
575500,0.413,0.000,0.587
576000,0.419,0.003,0.578
576500,0.439,0.007,0.554
577000,0.360,0.002,0.638
577500,0.446,0.000,0.554
578000,0.466,0.000,0.534
578500,0.428,0.000,0.572
579000,0.495,0.000,0.505
579500,0.471,0.000,0.529
580000,0.440,0.002,0.558
580500,0.459,0.000,0.541
581000,0.506,0.000,0.494
581500,0.391,0.000,0.609
582000,0.374,0.000,0.626
582500,0.327,0.011,0.662
583000,0.371,0.002,0.627
583500,0.431,0.000,0.569
584000,0.401,0.000,0.599
584500,0.419,0.004,0.577
585000,0.414,0.010,0.576
585500,0.457,0.000,0.543
586000,0.563,0.000,0.437
586500,0.512,0.000,0.488
587000,0.394,0.000,0.606
587500,0.467,0.000,0.533
588000,0.450,0.000,0.550
588500,0.508,0.000,0.492
589000,0.587,0.000,0.413
589500,0.448,0.000,0.552
590000,0.499,0.000,0.501
590500,0.506,0.000,0.494
591000,0.431,0.000,0.569
591500,0.496,0.000,0.504
592000,0.491,0.000,0.509
592500,0.478,0.000,0.522
593000,0.425,0.000,0.575
593500,0.447,0.000,0.553
594000,0.425,0.000,0.575
594500,0.438,0.005,0.557
595000,0.396,0.000,0.604
595500,0.435,0.000,0.565
596000,0.331,0.008,0.661
596500,0.396,0.000,0.604
597000,0.500,0.000,0.500
597500,0.487,0.000,0.513
598000,0.444,0.001,0.555
598500,0.495,0.000,0.505
599000,0.504,0.000,0.496
599500,0.435,0.000,0.565
600000,0.420,0.010,0.570
600500,0.464,0.000,0.536
601000,0.466,0.000,0.534
601500,0.354,0.000,0.646
602000,0.350,0.000,0.650
602500,0.461,0.003,0.536
603000,0.370,0.000,0.630
603500,0.415,0.007,0.578
604000,0.510,0.003,0.487
604500,0.431,0.007,0.562
605000,0.460,0.001,0.539
605500,0.406,0.000,0.594
606000,0.374,0.000,0.626
606500,0.417,0.000,0.583
607000,0.503,0.000,0.497
607500,0.467,0.001,0.532
608000,0.516,0.000,0.484
608500,0.392,0.000,0.608
609000,0.445,0.000,0.555
609500,0.426,0.000,0.574
610000,0.500,0.003,0.497
610500,0.384,0.000,0.616
611000,0.402,0.000,0.598
611500,0.440,0.000,0.560
612000,0.406,0.000,0.594
612500,0.404,0.000,0.596
613000,0.359,0.008,0.633
613500,0.396,0.000,0.604
614000,0.319,0.002,0.679
614500,0.316,0.017,0.667
615000,0.312,0.006,0.682
615500,0.498,0.000,0.502
616000,0.387,0.002,0.611
616500,0.353,0.008,0.639
617000,0.402,0.000,0.598
617500,0.513,0.000,0.487
618000,0.484,0.000,0.516
618500,0.506,0.000,0.494
619000,0.427,0.000,0.573
619500,0.379,0.000,0.621
620000,0.361,0.004,0.635
620500,0.447,0.000,0.553
621000,0.442,0.000,0.558
621500,0.378,0.000,0.622
622000,0.383,0.002,0.615
622500,0.423,0.000,0.577
623000,0.470,0.000,0.530
623500,0.383,0.005,0.612
624000,0.409,0.004,0.587
624500,0.472,0.002,0.526
625000,0.453,0.000,0.547
625500,0.515,0.000,0.485
626000,0.402,0.000,0.598
626500,0.399,0.000,0.601
627000,0.384,0.000,0.616
627500,0.371,0.000,0.629
628000,0.456,0.000,0.544
628500,0.432,0.000,0.568
629000,0.420,0.005,0.575
629500,0.488,0.000,0.512
630000,0.520,0.000,0.480
630500,0.377,0.000,0.623
631000,0.469,0.000,0.531
631500,0.435,0.000,0.565
632000,0.370,0.000,0.630
632500,0.310,0.008,0.682
633000,0.379,0.000,0.621
633500,0.346,0.001,0.653
634000,0.369,0.000,0.631
634500,0.417,0.004,0.579
635000,0.397,0.001,0.602
635500,0.420,0.000,0.580
636000,0.481,0.000,0.519
636500,0.438,0.000,0.562
637000,0.404,0.000,0.596
637500,0.393,0.000,0.607
638000,0.370,0.000,0.630
638500,0.404,0.000,0.596
639000,0.380,0.003,0.617
639500,0.355,0.002,0.643
640000,0.514,0.001,0.485
640500,0.477,0.000,0.523
641000,0.450,0.000,0.550
641500,0.358,0.000,0.642
642000,0.451,0.000,0.549
642500,0.553,0.000,0.447
643000,0.649,0.000,0.351
643500,0.469,0.000,0.531
644000,0.328,0.006,0.666
644500,0.425,0.001,0.574
645000,0.411,0.000,0.589
645500,0.444,0.000,0.556
646000,0.382,0.000,0.618
646500,0.446,0.000,0.554
647000,0.404,0.000,0.596
647500,0.471,0.000,0.529
648000,0.530,0.000,0.470
648500,0.523,0.000,0.477
649000,0.450,0.000,0.550
649500,0.433,0.000,0.567
650000,0.485,0.000,0.515
650500,0.420,0.000,0.580
651000,0.441,0.001,0.558
651500,0.381,0.001,0.618
652000,0.376,0.000,0.624
652500,0.410,0.000,0.590
653000,0.397,0.001,0.602
653500,0.328,0.009,0.663
654000,0.327,0.005,0.668
654500,0.387,0.000,0.613
655000,0.435,0.000,0.565
655500,0.455,0.000,0.545
656000,0.463,0.000,0.537
656500,0.423,0.000,0.577
657000,0.519,0.000,0.481
657500,0.371,0.000,0.629
658000,0.297,0.000,0.703
658500,0.419,0.010,0.571
659000,0.357,0.007,0.636
659500,0.431,0.001,0.568
660000,0.462,0.000,0.538
660500,0.433,0.000,0.567
661000,0.438,0.000,0.562
661500,0.463,0.000,0.537
662000,0.468,0.000,0.532
662500,0.496,0.000,0.504
663000,0.535,0.000,0.465
663500,0.499,0.000,0.501
664000,0.483,0.000,0.517
664500,0.525,0.000,0.475
665000,0.439,0.009,0.552
665500,0.392,0.000,0.608
666000,0.449,0.000,0.551
666500,0.393,0.000,0.607
667000,0.435,0.004,0.561
667500,0.477,0.000,0.523
668000,0.415,0.000,0.585
668500,0.398,0.005,0.597
669000,0.375,0.019,0.606
669500,0.309,0.008,0.683
670000,0.397,0.002,0.601
670500,0.435,0.000,0.565
671000,0.392,0.000,0.608
671500,0.429,0.000,0.571
672000,0.389,0.000,0.611
672500,0.453,0.000,0.547
673000,0.522,0.000,0.478
673500,0.451,0.000,0.549
674000,0.491,0.000,0.509
674500,0.524,0.000,0.476
675000,0.512,0.000,0.488
675500,0.532,0.000,0.468
676000,0.432,0.000,0.568
676500,0.443,0.000,0.557
677000,0.381,0.000,0.619
677500,0.427,0.000,0.573
678000,0.329,0.005,0.666
678500,0.377,0.010,0.613
679000,0.486,0.000,0.514
679500,0.463,0.000,0.537
680000,0.441,0.000,0.559
680500,0.460,0.000,0.540
681000,0.449,0.000,0.551
681500,0.407,0.000,0.593
682000,0.321,0.003,0.676
682500,0.401,0.000,0.599
683000,0.572,0.000,0.428
683500,0.467,0.000,0.533
684000,0.400,0.000,0.600
684500,0.475,0.000,0.525
685000,0.494,0.000,0.506
685500,0.481,0.000,0.519
686000,0.415,0.007,0.578
686500,0.406,0.000,0.594
687000,0.430,0.000,0.570
687500,0.421,0.000,0.579
688000,0.403,0.013,0.584
688500,0.352,0.009,0.639
689000,0.326,0.014,0.660
689500,0.322,0.001,0.677
690000,0.414,0.000,0.586
690500,0.418,0.000,0.582
691000,0.410,0.003,0.587
691500,0.377,0.006,0.617
692000,0.434,0.000,0.566
692500,0.473,0.000,0.527
693000,0.422,0.000,0.578
693500,0.452,0.000,0.548
694000,0.380,0.000,0.620
694500,0.405,0.000,0.595
695000,0.504,0.000,0.496
695500,0.488,0.003,0.509
696000,0.437,0.000,0.563
696500,0.447,0.000,0.553
697000,0.455,0.000,0.545
697500,0.484,0.000,0.516
698000,0.452,0.000,0.548
698500,0.478,0.000,0.522
699000,0.426,0.000,0.574
699500,0.512,0.000,0.488
700000,0.397,0.000,0.603
700500,0.371,0.005,0.624
701000,0.412,0.006,0.582
701500,0.428,0.000,0.572
702000,0.343,0.000,0.657
702500,0.458,0.000,0.542
703000,0.373,0.000,0.627
703500,0.398,0.000,0.602
704000,0.428,0.000,0.572
704500,0.574,0.000,0.426
705000,0.521,0.000,0.479
705500,0.495,0.000,0.505
706000,0.471,0.000,0.529
706500,0.398,0.000,0.602
707000,0.462,0.004,0.534
707500,0.459,0.002,0.539
708000,0.421,0.000,0.579
708500,0.405,0.000,0.595
709000,0.432,0.000,0.568
709500,0.495,0.000,0.505
710000,0.406,0.000,0.594
710500,0.438,0.000,0.562
711000,0.488,0.000,0.512
711500,0.329,0.009,0.662
712000,0.423,0.000,0.577
712500,0.289,0.003,0.708
713000,0.383,0.000,0.617
713500,0.468,0.000,0.532
714000,0.466,0.000,0.534
714500,0.418,0.001,0.581
715000,0.320,0.001,0.679
715500,0.397,0.011,0.592
716000,0.398,0.001,0.601
716500,0.424,0.000,0.576
717000,0.361,0.008,0.631
717500,0.387,0.000,0.613
718000,0.444,0.001,0.555
718500,0.424,0.000,0.576
719000,0.383,0.001,0.616
719500,0.374,0.000,0.626
720000,0.378,0.000,0.622
720500,0.375,0.014,0.611
721000,0.322,0.003,0.675
721500,0.452,0.000,0.548
722000,0.433,0.000,0.567
722500,0.473,0.000,0.527
723000,0.457,0.000,0.543
723500,0.485,0.000,0.515
724000,0.417,0.000,0.583
724500,0.417,0.007,0.576
725000,0.344,0.001,0.655
725500,0.477,0.003,0.520
726000,0.371,0.010,0.619
726500,0.429,0.001,0.570
727000,0.426,0.000,0.574
727500,0.372,0.001,0.627
728000,0.423,0.000,0.577
728500,0.405,0.000,0.595
729000,0.356,0.000,0.644
729500,0.358,0.000,0.642
730000,0.407,0.000,0.593
730500,0.430,0.000,0.570
731000,0.336,0.010,0.654
731500,0.391,0.000,0.609
732000,0.398,0.000,0.602
732500,0.409,0.000,0.591
733000,0.531,0.000,0.469
733500,0.423,0.008,0.569
734000,0.395,0.000,0.605
734500,0.396,0.000,0.604
735000,0.424,0.004,0.572
735500,0.509,0.000,0.491
736000,0.463,0.000,0.537
736500,0.442,0.000,0.558
737000,0.422,0.000,0.578
737500,0.433,0.014,0.553
738000,0.388,0.010,0.602
738500,0.357,0.007,0.636
739000,0.307,0.005,0.688
739500,0.385,0.018,0.597
740000,0.371,0.000,0.629
740500,0.318,0.005,0.677
741000,0.354,0.005,0.641
741500,0.429,0.001,0.570
742000,0.390,0.002,0.608
742500,0.396,0.000,0.604
743000,0.402,0.000,0.598
743500,0.359,0.000,0.641
744000,0.300,0.009,0.691
744500,0.280,0.001,0.719
745000,0.388,0.014,0.598
745500,0.494,0.000,0.506
746000,0.545,0.000,0.455
746500,0.389,0.009,0.602
747000,0.328,0.001,0.671
747500,0.399,0.000,0.601
748000,0.402,0.000,0.598
748500,0.382,0.000,0.618
749000,0.404,0.000,0.596
749500,0.397,0.001,0.602
750000,0.386,0.001,0.613
750500,0.418,0.000,0.582
751000,0.483,0.000,0.517
751500,0.495,0.000,0.505
752000,0.387,0.000,0.613
752500,0.383,0.004,0.613
753000,0.472,0.002,0.526
753500,0.425,0.000,0.575
754000,0.387,0.004,0.609
754500,0.332,0.013,0.655
755000,0.376,0.000,0.624
755500,0.417,0.000,0.583
756000,0.497,0.000,0.503
756500,0.527,0.000,0.473
757000,0.520,0.000,0.480
757500,0.430,0.000,0.570
758000,0.473,0.002,0.525
758500,0.456,0.000,0.544
759000,0.389,0.008,0.603
759500,0.433,0.000,0.567
760000,0.541,0.000,0.459
760500,0.534,0.000,0.466
761000,0.624,0.000,0.376
761500,0.593,0.000,0.407
762000,0.538,0.000,0.462
762500,0.543,0.000,0.457
763000,0.447,0.000,0.553
763500,0.459,0.000,0.541
764000,0.454,0.000,0.546
764500,0.410,0.000,0.590
765000,0.530,0.000,0.470
765500,0.415,0.000,0.585
766000,0.483,0.000,0.517
766500,0.356,0.007,0.637
767000,0.358,0.000,0.642
767500,0.435,0.000,0.565
768000,0.411,0.000,0.589
768500,0.393,0.000,0.607
769000,0.382,0.000,0.618
769500,0.397,0.000,0.603
770000,0.472,0.000,0.528
770500,0.554,0.000,0.446
771000,0.597,0.000,0.403
771500,0.447,0.000,0.553
772000,0.409,0.000,0.591
772500,0.422,0.005,0.573
773000,0.413,0.000,0.587
773500,0.353,0.003,0.644
774000,0.403,0.010,0.587
774500,0.388,0.000,0.612
775000,0.486,0.000,0.514
775500,0.365,0.000,0.635
776000,0.445,0.000,0.555
776500,0.377,0.000,0.623
777000,0.397,0.000,0.603
777500,0.452,0.000,0.548
778000,0.514,0.000,0.486
778500,0.568,0.000,0.432
779000,0.559,0.000,0.441
779500,0.499,0.000,0.501
780000,0.420,0.000,0.580
780500,0.551,0.000,0.449
781000,0.502,0.000,0.498
781500,0.504,0.000,0.496
782000,0.472,0.000,0.528
782500,0.457,0.000,0.543
783000,0.445,0.000,0.555
783500,0.364,0.004,0.632
784000,0.399,0.000,0.601
784500,0.505,0.000,0.495
785000,0.490,0.000,0.510
785500,0.437,0.000,0.563
786000,0.378,0.000,0.622
786500,0.348,0.010,0.642
787000,0.339,0.002,0.659
787500,0.467,0.000,0.533
788000,0.405,0.000,0.595
788500,0.373,0.000,0.627
789000,0.440,0.000,0.560
789500,0.391,0.000,0.609
790000,0.424,0.002,0.574
790500,0.422,0.000,0.578
791000,0.351,0.000,0.649
791500,0.408,0.000,0.592
792000,0.401,0.000,0.599
792500,0.446,0.002,0.552
793000,0.329,0.000,0.671
793500,0.380,0.007,0.613
794000,0.357,0.008,0.635
794500,0.374,0.006,0.620
795000,0.296,0.005,0.699
795500,0.376,0.004,0.620
796000,0.405,0.003,0.592
796500,0.378,0.000,0.622
797000,0.289,0.000,0.711
797500,0.433,0.000,0.567
798000,0.339,0.010,0.651
798500,0.391,0.007,0.602
799000,0.444,0.000,0.556
799500,0.517,0.000,0.483
800000,0.496,0.000,0.504
800500,0.501,0.000,0.499
801000,0.441,0.000,0.559
801500,0.487,0.001,0.512
802000,0.376,0.000,0.624
802500,0.516,0.000,0.484
803000,0.447,0.000,0.553
803500,0.421,0.000,0.579
804000,0.382,0.000,0.618
804500,0.482,0.000,0.518
805000,0.453,0.000,0.547
805500,0.477,0.000,0.523
806000,0.515,0.000,0.485
806500,0.417,0.000,0.583
807000,0.466,0.000,0.534
807500,0.513,0.000,0.487
808000,0.484,0.000,0.516
808500,0.436,0.000,0.564
809000,0.449,0.000,0.551
809500,0.469,0.000,0.531
810000,0.370,0.000,0.630
810500,0.354,0.000,0.646
811000,0.462,0.000,0.538
811500,0.447,0.000,0.553
812000,0.406,0.000,0.594
812500,0.469,0.000,0.531
813000,0.402,0.000,0.598
813500,0.457,0.000,0.543
814000,0.490,0.000,0.510
814500,0.428,0.000,0.572
815000,0.433,0.008,0.559
815500,0.345,0.000,0.655
816000,0.438,0.000,0.562
816500,0.501,0.000,0.499
817000,0.460,0.000,0.540
817500,0.353,0.000,0.647
818000,0.427,0.000,0.573
818500,0.367,0.000,0.633
819000,0.406,0.000,0.594
819500,0.392,0.000,0.608
820000,0.386,0.000,0.614
820500,0.415,0.001,0.584
821000,0.391,0.002,0.607
821500,0.513,0.000,0.487
822000,0.569,0.000,0.431
822500,0.423,0.000,0.577
823000,0.507,0.000,0.493
823500,0.555,0.000,0.445
824000,0.486,0.000,0.514
824500,0.438,0.000,0.562
825000,0.426,0.000,0.574
825500,0.352,0.000,0.648
826000,0.380,0.000,0.620
826500,0.477,0.000,0.523
827000,0.492,0.000,0.508
827500,0.383,0.005,0.612
828000,0.389,0.007,0.604
828500,0.369,0.005,0.626
829000,0.335,0.000,0.665
829500,0.404,0.000,0.596
830000,0.477,0.000,0.523
830500,0.476,0.000,0.524
831000,0.457,0.000,0.543
831500,0.466,0.000,0.534
832000,0.450,0.000,0.550
832500,0.471,0.000,0.529
833000,0.396,0.000,0.604
833500,0.391,0.000,0.609
834000,0.352,0.000,0.648
834500,0.435,0.000,0.565
835000,0.384,0.001,0.615
835500,0.388,0.000,0.612
836000,0.406,0.000,0.594
836500,0.460,0.000,0.540
837000,0.438,0.000,0.562
837500,0.300,0.007,0.693
838000,0.384,0.004,0.612
838500,0.380,0.000,0.620
839000,0.381,0.006,0.613
839500,0.409,0.001,0.590
840000,0.457,0.000,0.543
840500,0.462,0.001,0.537
841000,0.455,0.000,0.545
841500,0.341,0.006,0.653
842000,0.343,0.008,0.649
842500,0.441,0.000,0.559
843000,0.490,0.000,0.510
843500,0.498,0.000,0.502
844000,0.366,0.007,0.627
844500,0.378,0.004,0.618
845000,0.422,0.003,0.575
845500,0.483,0.000,0.517
846000,0.384,0.000,0.616
846500,0.449,0.000,0.551
847000,0.557,0.000,0.443
847500,0.522,0.000,0.478
848000,0.553,0.000,0.447
848500,0.468,0.000,0.532
849000,0.469,0.004,0.527
849500,0.329,0.000,0.671
850000,0.358,0.000,0.642
850500,0.425,0.000,0.575
851000,0.483,0.000,0.517
851500,0.480,0.000,0.520
852000,0.510,0.000,0.490
852500,0.467,0.000,0.533
853000,0.482,0.000,0.518
853500,0.532,0.000,0.468
854000,0.490,0.003,0.507
854500,0.299,0.008,0.693
855000,0.344,0.003,0.653
855500,0.377,0.008,0.615
856000,0.382,0.002,0.616
856500,0.450,0.000,0.550
857000,0.491,0.000,0.509
857500,0.456,0.000,0.544
858000,0.412,0.010,0.578
858500,0.383,0.002,0.615
859000,0.441,0.000,0.559
859500,0.478,0.000,0.522
860000,0.503,0.000,0.497
860500,0.480,0.000,0.520
861000,0.532,0.000,0.468
861500,0.468,0.000,0.532
862000,0.466,0.000,0.534
862500,0.445,0.000,0.555
863000,0.369,0.000,0.631
863500,0.430,0.009,0.561
864000,0.449,0.000,0.551
864500,0.361,0.002,0.637
865000,0.402,0.000,0.598
865500,0.409,0.002,0.589
866000,0.358,0.000,0.642
866500,0.337,0.001,0.662
867000,0.348,0.010,0.642
867500,0.409,0.000,0.591
868000,0.456,0.000,0.544
868500,0.406,0.002,0.592
869000,0.389,0.006,0.605
869500,0.401,0.001,0.598
870000,0.448,0.000,0.552
870500,0.428,0.000,0.572
871000,0.471,0.000,0.529
871500,0.511,0.000,0.489
872000,0.376,0.007,0.617
872500,0.399,0.000,0.601
873000,0.446,0.000,0.554
873500,0.395,0.000,0.605
874000,0.493,0.000,0.507
874500,0.438,0.001,0.561
875000,0.564,0.006,0.430
875500,0.628,0.000,0.372
876000,0.481,0.000,0.519
876500,0.368,0.000,0.632
877000,0.413,0.000,0.587
877500,0.446,0.000,0.554
878000,0.485,0.000,0.515
878500,0.464,0.000,0.536
879000,0.460,0.000,0.540
879500,0.411,0.000,0.589
880000,0.344,0.000,0.656
880500,0.398,0.000,0.602
881000,0.464,0.000,0.536
881500,0.462,0.000,0.538
882000,0.530,0.000,0.470
882500,0.398,0.000,0.602
883000,0.385,0.000,0.615
883500,0.369,0.000,0.631
884000,0.371,0.000,0.629
884500,0.410,0.000,0.590
885000,0.424,0.000,0.576
885500,0.414,0.000,0.586
886000,0.381,0.000,0.619
886500,0.426,0.000,0.574
887000,0.446,0.000,0.554
887500,0.413,0.001,0.586
888000,0.365,0.001,0.634
888500,0.409,0.000,0.591
889000,0.412,0.000,0.588
889500,0.472,0.000,0.528
890000,0.402,0.000,0.598
890500,0.401,0.000,0.599
891000,0.413,0.000,0.587
891500,0.356,0.003,0.641
892000,0.411,0.001,0.588
892500,0.368,0.000,0.632
893000,0.333,0.007,0.660
893500,0.372,0.000,0.628
894000,0.410,0.000,0.590
894500,0.328,0.005,0.667
895000,0.393,0.000,0.607
895500,0.423,0.000,0.577
896000,0.411,0.000,0.589
896500,0.354,0.010,0.636
897000,0.354,0.000,0.646
897500,0.374,0.000,0.626
898000,0.393,0.003,0.604
898500,0.439,0.000,0.561
899000,0.536,0.000,0.464
899500,0.468,0.000,0.532
900000,0.439,0.000,0.561
900500,0.461,0.000,0.539
901000,0.490,0.000,0.510
901500,0.418,0.000,0.582
902000,0.499,0.000,0.501
902500,0.456,0.007,0.537
903000,0.491,0.000,0.509
903500,0.495,0.000,0.505
904000,0.383,0.000,0.617
904500,0.398,0.000,0.602
905000,0.384,0.000,0.616
905500,0.471,0.000,0.529
906000,0.399,0.000,0.601
906500,0.439,0.000,0.561
907000,0.495,0.000,0.505
907500,0.461,0.000,0.539
908000,0.381,0.003,0.616
908500,0.402,0.000,0.598
909000,0.427,0.000,0.573
909500,0.399,0.004,0.597
910000,0.377,0.002,0.621
910500,0.337,0.007,0.656
911000,0.355,0.000,0.645
911500,0.388,0.000,0.612
912000,0.381,0.000,0.619
912500,0.342,0.010,0.648
913000,0.339,0.006,0.655
913500,0.394,0.001,0.605
914000,0.354,0.000,0.646
914500,0.364,0.000,0.636
915000,0.383,0.004,0.613
915500,0.360,0.000,0.640
916000,0.471,0.000,0.529
916500,0.399,0.000,0.601
917000,0.532,0.000,0.468
917500,0.489,0.000,0.511
918000,0.449,0.000,0.551
918500,0.454,0.004,0.542
919000,0.415,0.001,0.584
919500,0.458,0.000,0.542
920000,0.542,0.000,0.458
920500,0.520,0.000,0.480
921000,0.568,0.000,0.432
921500,0.463,0.000,0.537
922000,0.488,0.000,0.512
922500,0.421,0.008,0.571
923000,0.370,0.000,0.630
923500,0.410,0.000,0.590
924000,0.447,0.000,0.553
924500,0.464,0.000,0.536
925000,0.493,0.000,0.507
925500,0.438,0.000,0.562
926000,0.420,0.000,0.580
926500,0.398,0.000,0.602
927000,0.513,0.000,0.487
927500,0.448,0.000,0.552
928000,0.448,0.000,0.552
928500,0.488,0.000,0.512
929000,0.488,0.000,0.512
929500,0.502,0.000,0.498
930000,0.421,0.000,0.579
930500,0.455,0.000,0.545
931000,0.438,0.000,0.562
931500,0.336,0.000,0.664
932000,0.372,0.000,0.628
932500,0.447,0.000,0.553
933000,0.477,0.002,0.521
933500,0.404,0.000,0.596
934000,0.325,0.000,0.675
934500,0.403,0.000,0.597
935000,0.398,0.005,0.597
935500,0.416,0.001,0.583
936000,0.433,0.000,0.567
936500,0.464,0.000,0.536
937000,0.424,0.000,0.576
937500,0.517,0.000,0.483
938000,0.429,0.000,0.571
938500,0.432,0.000,0.568
939000,0.515,0.000,0.485
939500,0.484,0.000,0.516
940000,0.383,0.000,0.617
940500,0.411,0.000,0.589
941000,0.459,0.000,0.541
941500,0.443,0.000,0.557
942000,0.382,0.008,0.610
942500,0.387,0.001,0.612
943000,0.491,0.000,0.509
943500,0.552,0.000,0.448
944000,0.417,0.000,0.583
944500,0.341,0.000,0.659
945000,0.386,0.001,0.613
945500,0.421,0.000,0.579
946000,0.352,0.000,0.648
946500,0.399,0.000,0.601
947000,0.403,0.000,0.597
947500,0.426,0.004,0.570
948000,0.447,0.000,0.553
948500,0.490,0.000,0.510
949000,0.470,0.000,0.530
949500,0.467,0.001,0.532
950000,0.419,0.000,0.581
950500,0.467,0.000,0.533
951000,0.477,0.000,0.523
951500,0.459,0.000,0.541
952000,0.473,0.000,0.527
952500,0.315,0.006,0.679
953000,0.326,0.004,0.670
953500,0.470,0.000,0.530
954000,0.509,0.000,0.491
954500,0.450,0.000,0.550
955000,0.483,0.000,0.517
955500,0.372,0.000,0.628
956000,0.391,0.000,0.609
956500,0.385,0.000,0.615
957000,0.474,0.000,0.526
957500,0.501,0.000,0.499
958000,0.550,0.000,0.450
958500,0.604,0.000,0.396
959000,0.501,0.000,0.499
959500,0.391,0.000,0.609
960000,0.374,0.000,0.626
960500,0.340,0.014,0.646
961000,0.360,0.003,0.637
961500,0.420,0.002,0.578
962000,0.400,0.000,0.600
962500,0.503,0.000,0.497
963000,0.419,0.000,0.581
963500,0.416,0.000,0.584
964000,0.491,0.000,0.509
964500,0.469,0.000,0.531
965000,0.413,0.000,0.587
965500,0.502,0.001,0.497
966000,0.325,0.000,0.675
966500,0.369,0.000,0.631
967000,0.343,0.006,0.651
967500,0.436,0.005,0.559
968000,0.484,0.000,0.516
968500,0.494,0.000,0.506
969000,0.460,0.000,0.540
969500,0.407,0.000,0.593
970000,0.334,0.006,0.660
970500,0.353,0.000,0.647
971000,0.418,0.002,0.580
971500,0.305,0.008,0.687
972000,0.401,0.000,0.599
972500,0.393,0.000,0.607
973000,0.495,0.000,0.505
973500,0.525,0.000,0.475
974000,0.401,0.000,0.599
974500,0.390,0.000,0.610
975000,0.415,0.000,0.585
975500,0.409,0.000,0.591
976000,0.374,0.000,0.626
976500,0.415,0.000,0.585
977000,0.474,0.000,0.526
977500,0.413,0.009,0.578
978000,0.374,0.000,0.626
978500,0.402,0.000,0.598
979000,0.435,0.001,0.564
979500,0.385,0.001,0.614
980000,0.337,0.000,0.663
980500,0.543,0.000,0.457
981000,0.441,0.000,0.559
981500,0.470,0.000,0.530
982000,0.513,0.000,0.487
982500,0.506,0.000,0.494
983000,0.486,0.000,0.514
983500,0.457,0.000,0.543
984000,0.443,0.000,0.557
984500,0.495,0.000,0.505
985000,0.452,0.000,0.548
985500,0.424,0.000,0.576
986000,0.454,0.000,0.546
986500,0.511,0.000,0.489
987000,0.378,0.000,0.622
987500,0.395,0.000,0.605
988000,0.447,0.000,0.553
988500,0.414,0.000,0.586
989000,0.433,0.000,0.567
989500,0.492,0.000,0.508
990000,0.571,0.000,0.429
990500,0.422,0.000,0.578
991000,0.395,0.000,0.605
991500,0.428,0.000,0.572
992000,0.473,0.000,0.527
992500,0.451,0.002,0.547
993000,0.412,0.000,0.588
993500,0.406,0.000,0.594
994000,0.467,0.000,0.533
994500,0.345,0.006,0.649
995000,0.400,0.000,0.600
995500,0.424,0.000,0.576
996000,0.470,0.000,0.530
996500,0.506,0.000,0.494
997000,0.438,0.000,0.562
997500,0.430,0.000,0.570
998000,0.480,0.000,0.520
998500,0.521,0.000,0.479
999000,0.410,0.000,0.590
999500,0.404,0.000,0.596
1000000,0.355,0.001,0.644
