time,n_A+p,n_B,n_AB
500,0.010,0.949,0.041
1000,0.010,0.908,0.082
1500,0.010,0.923,0.067
2000,0.010,0.918,0.072
2500,0.010,0.909,0.081
3000,0.010,0.860,0.130
3500,0.010,0.805,0.184
4000,0.010,0.880,0.110
4500,0.010,0.917,0.073
5000,0.010,0.889,0.101
5500,0.010,0.864,0.126
6000,0.010,0.870,0.120
6500,0.010,0.817,0.173
7000,0.010,0.834,0.156
7500,0.010,0.817,0.173
8000,0.010,0.765,0.225
8500,0.010,0.784,0.206
9000,0.010,0.776,0.214
9500,0.010,0.875,0.115
10000,0.010,0.870,0.120
10500,0.010,0.872,0.118
11000,0.010,0.801,0.189
11500,0.010,0.786,0.204
12000,0.010,0.811,0.179
12500,0.010,0.861,0.129
13000,0.010,0.822,0.168
13500,0.010,0.804,0.185
14000,0.010,0.862,0.128
14500,0.010,0.817,0.173
15000,0.010,0.760,0.230
15500,0.010,0.807,0.182
16000,0.010,0.785,0.205
16500,0.010,0.834,0.156
17000,0.010,0.830,0.160
17500,0.010,0.811,0.178
18000,0.010,0.786,0.204
18500,0.010,0.732,0.258
19000,0.010,0.773,0.217
19500,0.010,0.845,0.145
20000,0.010,0.797,0.193
20500,0.010,0.765,0.225
21000,0.010,0.753,0.237
21500,0.010,0.766,0.224
22000,0.010,0.731,0.259
22500,0.010,0.824,0.166
23000,0.010,0.799,0.191
23500,0.010,0.836,0.154
24000,0.010,0.890,0.100
24500,0.010,0.882,0.108
25000,0.010,0.817,0.173
25500,0.010,0.808,0.182
26000,0.010,0.815,0.175
26500,0.010,0.894,0.096
27000,0.010,0.893,0.097
27500,0.010,0.881,0.109
28000,0.010,0.871,0.119
28500,0.010,0.826,0.164
29000,0.010,0.829,0.161
29500,0.010,0.822,0.168
30000,0.010,0.811,0.179
30500,0.010,0.821,0.169
31000,0.010,0.837,0.153
31500,0.010,0.876,0.114
32000,0.010,0.834,0.156
32500,0.010,0.872,0.118
33000,0.010,0.879,0.111
33500,0.010,0.898,0.092
34000,0.010,0.882,0.108
34500,0.010,0.859,0.131
35000,0.010,0.892,0.098
35500,0.010,0.906,0.084
36000,0.010,0.889,0.101
36500,0.010,0.834,0.156
37000,0.010,0.798,0.192
37500,0.010,0.706,0.284
38000,0.010,0.723,0.267
38500,0.010,0.825,0.165
39000,0.010,0.885,0.105
39500,0.010,0.925,0.065
40000,0.010,0.858,0.132
40500,0.010,0.844,0.146
41000,0.010,0.798,0.192
41500,0.010,0.778,0.212
42000,0.010,0.836,0.154
42500,0.010,0.871,0.119
43000,0.010,0.861,0.129
43500,0.010,0.830,0.160
44000,0.010,0.784,0.206
44500,0.010,0.809,0.181
45000,0.010,0.779,0.211
45500,0.010,0.687,0.303
46000,0.010,0.655,0.335
46500,0.010,0.665,0.325
47000,0.010,0.716,0.274
47500,0.010,0.616,0.374
48000,0.010,0.718,0.272
48500,0.010,0.834,0.156
49000,0.010,0.783,0.207
49500,0.010,0.766,0.224
50000,0.010,0.851,0.139
50500,0.010,0.879,0.111
51000,0.010,0.883,0.107
51500,0.010,0.871,0.119
52000,0.010,0.887,0.103
52500,0.010,0.825,0.165
53000,0.010,0.777,0.213
53500,0.010,0.758,0.232
54000,0.010,0.818,0.172
54500,0.010,0.767,0.223
55000,0.010,0.862,0.128
55500,0.010,0.809,0.181
56000,0.010,0.812,0.178
56500,0.010,0.814,0.176
57000,0.010,0.800,0.190
57500,0.010,0.772,0.218
58000,0.010,0.779,0.211
58500,0.010,0.828,0.162
59000,0.010,0.836,0.154
59500,0.010,0.857,0.133
60000,0.010,0.903,0.087
60500,0.010,0.880,0.110
61000,0.010,0.883,0.107
61500,0.010,0.873,0.117
62000,0.010,0.849,0.141
62500,0.010,0.861,0.129
63000,0.010,0.882,0.108
63500,0.010,0.839,0.151
64000,0.010,0.801,0.189
64500,0.010,0.787,0.203
65000,0.010,0.799,0.191
65500,0.010,0.768,0.222
66000,0.010,0.751,0.239
66500,0.010,0.824,0.166
67000,0.010,0.889,0.101
67500,0.010,0.839,0.151
68000,0.010,0.812,0.177
68500,0.010,0.805,0.185
69000,0.010,0.741,0.249
69500,0.010,0.760,0.230
70000,0.010,0.787,0.203
70500,0.010,0.793,0.197
71000,0.010,0.724,0.266
71500,0.010,0.787,0.203
72000,0.010,0.854,0.136
72500,0.010,0.859,0.131
73000,0.010,0.885,0.105
73500,0.010,0.896,0.094
74000,0.010,0.850,0.140
74500,0.010,0.751,0.239
75000,0.010,0.779,0.211
75500,0.010,0.849,0.141
76000,0.010,0.795,0.195
76500,0.010,0.844,0.146
77000,0.010,0.864,0.126
77500,0.010,0.863,0.127
78000,0.010,0.774,0.216
78500,0.010,0.858,0.132
79000,0.010,0.897,0.093
79500,0.010,0.895,0.095
80000,0.010,0.906,0.084
80500,0.010,0.867,0.123
81000,0.010,0.864,0.126
81500,0.010,0.826,0.164
82000,0.010,0.814,0.176
82500,0.010,0.828,0.162
83000,0.010,0.809,0.180
83500,0.010,0.834,0.156
84000,0.010,0.764,0.226
84500,0.010,0.815,0.175
85000,0.010,0.766,0.224
85500,0.010,0.784,0.206
86000,0.010,0.774,0.216
86500,0.010,0.819,0.171
87000,0.010,0.840,0.150
87500,0.010,0.845,0.145
88000,0.010,0.882,0.108
88500,0.010,0.889,0.101
89000,0.010,0.901,0.089
89500,0.010,0.884,0.106
90000,0.010,0.884,0.106
90500,0.010,0.849,0.141
91000,0.010,0.823,0.167
91500,0.010,0.818,0.172
92000,0.010,0.855,0.135
92500,0.010,0.797,0.193
93000,0.010,0.803,0.186
93500,0.010,0.855,0.135
94000,0.010,0.825,0.165
94500,0.010,0.872,0.118
95000,0.010,0.891,0.099
95500,0.010,0.883,0.107
96000,0.010,0.897,0.093
96500,0.010,0.860,0.130
97000,0.010,0.836,0.154
97500,0.010,0.812,0.178
98000,0.010,0.718,0.272
98500,0.010,0.718,0.272
99000,0.010,0.783,0.207
99500,0.010,0.808,0.181
100000,0.010,0.823,0.167
100500,0.010,0.858,0.132
101000,0.010,0.851,0.139
101500,0.010,0.841,0.149
102000,0.010,0.895,0.095
102500,0.010,0.882,0.108
103000,0.010,0.851,0.139
103500,0.010,0.749,0.241
104000,0.010,0.695,0.295
104500,0.010,0.754,0.236
105000,0.010,0.763,0.227
105500,0.010,0.661,0.329
106000,0.010,0.680,0.309
106500,0.010,0.810,0.179
107000,0.010,0.829,0.161
107500,0.010,0.816,0.174
108000,0.010,0.804,0.186
108500,0.010,0.885,0.105
109000,0.010,0.823,0.167
109500,0.010,0.827,0.163
110000,0.010,0.855,0.135
110500,0.010,0.793,0.197
111000,0.010,0.743,0.247
111500,0.010,0.728,0.262
112000,0.010,0.720,0.270
112500,0.010,0.773,0.217
113000,0.010,0.793,0.197
113500,0.010,0.856,0.134
114000,0.010,0.881,0.109
114500,0.010,0.819,0.171
115000,0.010,0.814,0.176
115500,0.010,0.866,0.124
116000,0.010,0.842,0.148
116500,0.010,0.848,0.142
117000,0.010,0.754,0.236
117500,0.010,0.792,0.198
118000,0.010,0.692,0.298
118500,0.010,0.771,0.219
119000,0.010,0.745,0.245
119500,0.010,0.801,0.189
120000,0.010,0.742,0.248
120500,0.010,0.747,0.243
121000,0.010,0.787,0.203
121500,0.010,0.780,0.210
122000,0.010,0.781,0.209
122500,0.010,0.813,0.177
123000,0.010,0.794,0.196
123500,0.010,0.800,0.190
124000,0.010,0.796,0.194
124500,0.010,0.775,0.215
125000,0.010,0.762,0.228
125500,0.010,0.760,0.230
126000,0.010,0.853,0.137
126500,0.010,0.834,0.156
127000,0.010,0.833,0.157
127500,0.010,0.839,0.151
128000,0.010,0.845,0.145
128500,0.010,0.838,0.152
129000,0.010,0.842,0.148
129500,0.010,0.849,0.141
130000,0.010,0.886,0.104
130500,0.010,0.853,0.137
131000,0.010,0.747,0.243
131500,0.010,0.833,0.157
132000,0.010,0.838,0.152
132500,0.010,0.681,0.309
133000,0.010,0.783,0.207
133500,0.010,0.853,0.137
134000,0.010,0.850,0.140
134500,0.010,0.825,0.165
135000,0.010,0.812,0.178
135500,0.010,0.813,0.177
136000,0.010,0.831,0.159
136500,0.010,0.920,0.070
137000,0.010,0.898,0.092
137500,0.010,0.878,0.112
138000,0.010,0.886,0.104
138500,0.010,0.845,0.145
139000,0.010,0.800,0.190
139500,0.010,0.862,0.128
140000,0.010,0.896,0.094
140500,0.010,0.919,0.071
141000,0.010,0.922,0.068
141500,0.010,0.873,0.117
142000,0.010,0.896,0.094
142500,0.010,0.905,0.085
143000,0.010,0.872,0.118
143500,0.010,0.896,0.094
144000,0.010,0.846,0.144
144500,0.010,0.864,0.126
145000,0.010,0.834,0.156
145500,0.010,0.832,0.158
146000,0.010,0.817,0.173
146500,0.010,0.787,0.203
147000,0.010,0.675,0.315
147500,0.010,0.746,0.244
148000,0.010,0.785,0.205
148500,0.010,0.740,0.250
149000,0.010,0.728,0.262
149500,0.010,0.823,0.167
150000,0.010,0.778,0.212
150500,0.010,0.831,0.159
151000,0.010,0.794,0.196
151500,0.010,0.758,0.232
152000,0.010,0.767,0.223
152500,0.010,0.824,0.166
153000,0.010,0.916,0.074
153500,0.010,0.929,0.061
154000,0.010,0.899,0.091
154500,0.010,0.899,0.091
155000,0.010,0.891,0.099
155500,0.010,0.896,0.094
156000,0.010,0.852,0.138
156500,0.010,0.806,0.184
157000,0.010,0.777,0.213
157500,0.010,0.765,0.225
158000,0.010,0.802,0.188
158500,0.010,0.782,0.208
159000,0.010,0.792,0.198
159500,0.010,0.758,0.232
160000,0.010,0.802,0.188
160500,0.010,0.865,0.125
161000,0.010,0.892,0.098
161500,0.010,0.922,0.068
162000,0.010,0.878,0.112
162500,0.010,0.874,0.116
163000,0.010,0.885,0.105
163500,0.010,0.876,0.114
164000,0.010,0.835,0.155
164500,0.010,0.910,0.080
165000,0.010,0.896,0.094
165500,0.010,0.853,0.137
166000,0.010,0.815,0.175
166500,0.010,0.794,0.196
167000,0.010,0.820,0.170
167500,0.010,0.797,0.193
168000,0.010,0.804,0.185
168500,0.010,0.854,0.136
169000,0.010,0.867,0.123
169500,0.010,0.889,0.101
170000,0.010,0.786,0.204
170500,0.010,0.835,0.155
171000,0.010,0.849,0.141
171500,0.010,0.837,0.153
172000,0.010,0.869,0.121
172500,0.010,0.885,0.105
173000,0.010,0.895,0.095
173500,0.010,0.892,0.098
174000,0.010,0.853,0.137
174500,0.010,0.866,0.124
175000,0.010,0.851,0.139
175500,0.010,0.826,0.164
176000,0.010,0.842,0.148
176500,0.010,0.900,0.090
177000,0.010,0.850,0.140
177500,0.010,0.881,0.109
178000,0.010,0.925,0.065
178500,0.010,0.861,0.129
179000,0.010,0.840,0.150
179500,0.010,0.830,0.160
180000,0.010,0.818,0.172
180500,0.010,0.834,0.156
181000,0.010,0.849,0.141
181500,0.010,0.863,0.127
182000,0.010,0.889,0.101
182500,0.010,0.834,0.156
183000,0.010,0.868,0.122
183500,0.010,0.861,0.129
184000,0.010,0.874,0.116
184500,0.010,0.874,0.116
185000,0.010,0.814,0.176
185500,0.010,0.866,0.124
186000,0.010,0.843,0.147
186500,0.010,0.925,0.065
187000,0.010,0.920,0.070
187500,0.010,0.890,0.100
188000,0.010,0.841,0.149
188500,0.010,0.903,0.087
189000,0.010,0.866,0.124
189500,0.010,0.841,0.149
190000,0.010,0.844,0.146
190500,0.010,0.878,0.112
191000,0.010,0.798,0.192
191500,0.010,0.849,0.141
192000,0.010,0.824,0.166
192500,0.010,0.804,0.186
193000,0.010,0.767,0.223
193500,0.010,0.883,0.107
194000,0.010,0.809,0.180
194500,0.010,0.813,0.177
195000,0.010,0.849,0.141
195500,0.010,0.857,0.133
196000,0.010,0.810,0.180
196500,0.010,0.780,0.210
197000,0.010,0.716,0.274
197500,0.010,0.824,0.166
198000,0.010,0.785,0.205
198500,0.010,0.835,0.155
199000,0.010,0.829,0.161
199500,0.010,0.832,0.158
200000,0.010,0.832,0.158
200500,0.010,0.862,0.128
201000,0.010,0.885,0.105
201500,0.010,0.870,0.120
202000,0.010,0.870,0.120
202500,0.010,0.810,0.179
203000,0.010,0.727,0.263
203500,0.010,0.822,0.168
204000,0.010,0.742,0.248
204500,0.010,0.771,0.219
205000,0.010,0.873,0.117
205500,0.010,0.815,0.175
206000,0.010,0.872,0.118
206500,0.010,0.892,0.098
207000,0.010,0.841,0.149
207500,0.010,0.835,0.155
208000,0.010,0.875,0.115
208500,0.010,0.814,0.176
209000,0.010,0.841,0.149
209500,0.010,0.782,0.208
210000,0.010,0.797,0.193
210500,0.010,0.820,0.170
211000,0.010,0.859,0.131
211500,0.010,0.809,0.181
212000,0.010,0.848,0.142
212500,0.010,0.834,0.156
213000,0.010,0.787,0.203
213500,0.010,0.806,0.183
214000,0.010,0.871,0.119
214500,0.010,0.854,0.136
215000,0.010,0.848,0.142
215500,0.010,0.828,0.162
216000,0.010,0.889,0.101
216500,0.010,0.936,0.054
217000,0.010,0.963,0.027
217500,0.010,0.938,0.052
218000,0.010,0.924,0.066
218500,0.010,0.885,0.105
219000,0.010,0.909,0.081
219500,0.010,0.900,0.090
220000,0.010,0.881,0.109
220500,0.010,0.735,0.255
221000,0.010,0.848,0.142
221500,0.010,0.764,0.226
222000,0.010,0.790,0.200
222500,0.010,0.828,0.162
223000,0.010,0.807,0.183
223500,0.010,0.789,0.201
224000,0.010,0.810,0.179
224500,0.010,0.807,0.183
225000,0.010,0.809,0.181
225500,0.010,0.800,0.190
226000,0.010,0.835,0.155
226500,0.010,0.769,0.221
227000,0.010,0.785,0.205
227500,0.010,0.819,0.171
228000,0.010,0.769,0.221
228500,0.010,0.785,0.205
229000,0.010,0.854,0.136
229500,0.010,0.881,0.109
230000,0.010,0.809,0.180
230500,0.010,0.894,0.096
231000,0.010,0.826,0.164
231500,0.010,0.835,0.155
232000,0.010,0.855,0.135
232500,0.010,0.857,0.133
233000,0.010,0.820,0.170
233500,0.010,0.798,0.192
234000,0.010,0.839,0.151
234500,0.010,0.852,0.138
235000,0.010,0.907,0.083
235500,0.010,0.820,0.170
236000,0.010,0.827,0.163
236500,0.010,0.864,0.126
237000,0.010,0.805,0.184
237500,0.010,0.822,0.168
238000,0.010,0.796,0.194
238500,0.010,0.765,0.225
239000,0.010,0.704,0.286
239500,0.010,0.808,0.181
240000,0.010,0.789,0.201
240500,0.010,0.723,0.267
241000,0.010,0.818,0.172
241500,0.010,0.853,0.137
242000,0.010,0.821,0.169
242500,0.010,0.711,0.279
243000,0.010,0.749,0.241
243500,0.010,0.743,0.247
244000,0.010,0.815,0.175
244500,0.010,0.853,0.137
245000,0.010,0.876,0.114
245500,0.010,0.888,0.102
246000,0.010,0.906,0.084
246500,0.010,0.878,0.112
247000,0.010,0.873,0.117
247500,0.010,0.811,0.178
248000,0.010,0.768,0.222
248500,0.010,0.804,0.186
249000,0.010,0.796,0.194
249500,0.010,0.784,0.206
250000,0.010,0.741,0.249
250500,0.010,0.888,0.102
251000,0.010,0.857,0.133
251500,0.010,0.842,0.148
252000,0.010,0.847,0.143
252500,0.010,0.906,0.084
253000,0.010,0.888,0.102
253500,0.010,0.845,0.145
254000,0.010,0.818,0.172
254500,0.010,0.738,0.252
255000,0.010,0.759,0.231
255500,0.010,0.801,0.189
256000,0.010,0.842,0.148
256500,0.010,0.822,0.168
257000,0.010,0.870,0.120
257500,0.010,0.899,0.091
258000,0.010,0.897,0.093
258500,0.010,0.940,0.050
259000,0.010,0.921,0.069
259500,0.010,0.908,0.082
260000,0.010,0.839,0.151
260500,0.010,0.854,0.136
261000,0.010,0.817,0.173
261500,0.010,0.780,0.210
262000,0.010,0.791,0.199
262500,0.010,0.702,0.288
263000,0.010,0.733,0.257
263500,0.010,0.725,0.265
264000,0.010,0.750,0.240
264500,0.010,0.726,0.264
265000,0.010,0.789,0.201
265500,0.010,0.751,0.239
266000,0.010,0.810,0.180
266500,0.010,0.868,0.122
267000,0.010,0.831,0.159
267500,0.010,0.854,0.136
268000,0.010,0.798,0.192
268500,0.010,0.832,0.158
269000,0.010,0.866,0.124
269500,0.010,0.858,0.132
270000,0.010,0.819,0.171
270500,0.010,0.825,0.165
271000,0.010,0.848,0.142
271500,0.010,0.783,0.207
272000,0.010,0.837,0.153
272500,0.010,0.897,0.093
273000,0.010,0.812,0.177
273500,0.010,0.811,0.179
274000,0.010,0.841,0.149
274500,0.010,0.818,0.172
275000,0.010,0.833,0.157
275500,0.010,0.813,0.177
276000,0.010,0.877,0.113
276500,0.010,0.887,0.103
277000,0.010,0.844,0.146
277500,0.010,0.804,0.185
278000,0.010,0.868,0.122
278500,0.010,0.751,0.239
279000,0.010,0.765,0.225
279500,0.010,0.792,0.198
280000,0.010,0.828,0.162
280500,0.010,0.844,0.146
281000,0.010,0.792,0.198
281500,0.010,0.858,0.132
282000,0.010,0.853,0.137
282500,0.010,0.786,0.204
283000,0.010,0.826,0.164
283500,0.010,0.829,0.161
284000,0.010,0.835,0.155
284500,0.010,0.861,0.129
285000,0.010,0.816,0.174
285500,0.010,0.833,0.157
286000,0.010,0.877,0.113
286500,0.010,0.923,0.067
287000,0.010,0.846,0.144
287500,0.010,0.848,0.142
288000,0.010,0.858,0.132
288500,0.010,0.867,0.123
289000,0.010,0.819,0.171
289500,0.010,0.890,0.100
290000,0.010,0.900,0.090
290500,0.010,0.839,0.151
291000,0.010,0.874,0.116
291500,0.010,0.819,0.171
292000,0.010,0.838,0.152
292500,0.010,0.907,0.083
293000,0.010,0.837,0.153
293500,0.010,0.866,0.124
294000,0.010,0.774,0.216
294500,0.010,0.833,0.157
295000,0.010,0.843,0.147
295500,0.010,0.829,0.161
296000,0.010,0.860,0.130
296500,0.010,0.876,0.114
297000,0.010,0.882,0.108
297500,0.010,0.905,0.085
298000,0.010,0.919,0.071
298500,0.010,0.870,0.120
299000,0.010,0.837,0.153
299500,0.010,0.811,0.179
300000,0.010,0.838,0.152
300500,0.010,0.848,0.142
301000,0.010,0.839,0.151
301500,0.010,0.875,0.115
302000,0.010,0.854,0.136
302500,0.010,0.897,0.093
303000,0.010,0.867,0.123
303500,0.010,0.857,0.133
304000,0.010,0.894,0.096
304500,0.010,0.851,0.139
305000,0.010,0.819,0.171
305500,0.010,0.829,0.161
306000,0.010,0.811,0.179
306500,0.010,0.849,0.141
307000,0.010,0.873,0.117
307500,0.010,0.882,0.108
308000,0.010,0.952,0.038
308500,0.010,0.895,0.095
309000,0.010,0.890,0.100
309500,0.010,0.902,0.088
310000,0.010,0.866,0.124
310500,0.010,0.831,0.159
311000,0.010,0.729,0.261
311500,0.010,0.664,0.326
312000,0.010,0.720,0.270
312500,0.010,0.735,0.255
313000,0.010,0.732,0.258
313500,0.010,0.723,0.267
314000,0.010,0.711,0.279
314500,0.010,0.785,0.205
315000,0.010,0.794,0.196
315500,0.010,0.788,0.202
316000,0.010,0.852,0.138
316500,0.010,0.889,0.101
317000,0.010,0.898,0.092
317500,0.010,0.890,0.100
318000,0.010,0.812,0.177
318500,0.010,0.843,0.147
319000,0.010,0.898,0.092
319500,0.010,0.833,0.157
320000,0.010,0.847,0.143
320500,0.010,0.850,0.140
321000,0.010,0.873,0.117
321500,0.010,0.898,0.092
322000,0.010,0.845,0.145
322500,0.010,0.879,0.111
323000,0.010,0.823,0.167
323500,0.010,0.865,0.125
324000,0.010,0.778,0.212
324500,0.010,0.807,0.183
325000,0.010,0.817,0.173
325500,0.010,0.860,0.130
326000,0.010,0.889,0.101
326500,0.010,0.842,0.148
327000,0.010,0.876,0.114
327500,0.010,0.914,0.076
328000,0.010,0.935,0.055
328500,0.010,0.954,0.036
329000,0.010,0.952,0.038
329500,0.010,0.906,0.084
330000,0.010,0.883,0.107
330500,0.010,0.826,0.164
331000,0.010,0.824,0.166
331500,0.010,0.770,0.220
332000,0.010,0.796,0.194
332500,0.010,0.771,0.219
333000,0.010,0.790,0.200
333500,0.010,0.875,0.115
334000,0.010,0.818,0.172
334500,0.010,0.780,0.210
335000,0.010,0.810,0.180
335500,0.010,0.771,0.219
336000,0.010,0.783,0.207
336500,0.010,0.705,0.285
337000,0.010,0.720,0.270
337500,0.010,0.738,0.252
338000,0.010,0.707,0.283
338500,0.010,0.716,0.274
339000,0.010,0.766,0.224
339500,0.010,0.778,0.212
340000,0.010,0.825,0.165
340500,0.010,0.867,0.123
341000,0.010,0.900,0.090
341500,0.010,0.940,0.050
342000,0.010,0.879,0.111
342500,0.010,0.933,0.056
343000,0.010,0.889,0.101
343500,0.010,0.906,0.084
344000,0.010,0.911,0.079
344500,0.010,0.868,0.122
345000,0.010,0.893,0.097
345500,0.010,0.915,0.075
346000,0.010,0.870,0.120
346500,0.010,0.850,0.140
347000,0.010,0.889,0.101
347500,0.010,0.817,0.173
348000,0.010,0.832,0.158
348500,0.010,0.744,0.246
349000,0.010,0.792,0.198
349500,0.010,0.750,0.240
350000,0.010,0.753,0.237
350500,0.010,0.792,0.198
351000,0.010,0.805,0.184
351500,0.010,0.824,0.166
352000,0.010,0.868,0.122
352500,0.010,0.823,0.167
353000,0.010,0.909,0.081
353500,0.010,0.874,0.116
354000,0.010,0.913,0.077
354500,0.010,0.891,0.099
355000,0.010,0.846,0.144
355500,0.010,0.843,0.147
356000,0.010,0.838,0.152
356500,0.010,0.842,0.148
357000,0.010,0.733,0.257
357500,0.010,0.801,0.189
358000,0.010,0.797,0.193
358500,0.010,0.764,0.226
359000,0.010,0.865,0.125
359500,0.010,0.824,0.166
360000,0.010,0.855,0.135
360500,0.010,0.891,0.099
361000,0.010,0.819,0.171
361500,0.010,0.830,0.160
362000,0.010,0.875,0.115
362500,0.010,0.727,0.263
363000,0.010,0.776,0.214
363500,0.010,0.757,0.233
364000,0.010,0.755,0.235
364500,0.010,0.730,0.260
365000,0.010,0.796,0.194
365500,0.010,0.872,0.118
366000,0.010,0.836,0.154
366500,0.010,0.819,0.171
367000,0.010,0.855,0.135
367500,0.010,0.833,0.157
368000,0.010,0.818,0.172
368500,0.010,0.831,0.159
369000,0.010,0.824,0.166
369500,0.010,0.746,0.244
370000,0.010,0.759,0.231
370500,0.010,0.765,0.225
371000,0.010,0.742,0.248
371500,0.010,0.808,0.181
372000,0.010,0.799,0.191
372500,0.010,0.827,0.163
373000,0.010,0.847,0.143
373500,0.010,0.771,0.219
374000,0.010,0.769,0.221
374500,0.010,0.766,0.224
375000,0.010,0.755,0.235
375500,0.010,0.808,0.182
376000,0.010,0.784,0.206
376500,0.010,0.810,0.179
377000,0.010,0.773,0.217
377500,0.010,0.800,0.190
378000,0.010,0.771,0.219
378500,0.010,0.787,0.203
379000,0.010,0.813,0.177
379500,0.010,0.775,0.215
380000,0.010,0.762,0.228
380500,0.010,0.766,0.224
381000,0.010,0.817,0.173
381500,0.010,0.867,0.123
382000,0.010,0.902,0.088
382500,0.010,0.897,0.093
383000,0.010,0.852,0.138
383500,0.010,0.853,0.137
384000,0.010,0.832,0.158
384500,0.010,0.844,0.146
385000,0.010,0.860,0.130
385500,0.010,0.847,0.143
386000,0.010,0.863,0.127
386500,0.010,0.839,0.151
387000,0.010,0.845,0.145
387500,0.010,0.890,0.100
388000,0.010,0.879,0.111
388500,0.010,0.891,0.099
389000,0.010,0.826,0.164
389500,0.010,0.783,0.207
390000,0.010,0.844,0.146
390500,0.010,0.791,0.199
391000,0.010,0.832,0.158
391500,0.010,0.811,0.178
392000,0.010,0.850,0.140
392500,0.010,0.820,0.170
393000,0.010,0.817,0.173
393500,0.010,0.822,0.168
394000,0.010,0.847,0.143
394500,0.010,0.850,0.140
395000,0.010,0.897,0.093
395500,0.010,0.821,0.169
396000,0.010,0.770,0.220
396500,0.010,0.805,0.184
397000,0.010,0.847,0.143
397500,0.010,0.874,0.116
398000,0.010,0.892,0.098
398500,0.010,0.912,0.078
399000,0.010,0.878,0.112
399500,0.010,0.863,0.127
400000,0.010,0.834,0.156
400500,0.010,0.849,0.141
401000,0.010,0.919,0.071
401500,0.010,0.916,0.074
402000,0.010,0.896,0.094
402500,0.010,0.854,0.136
403000,0.010,0.823,0.167
403500,0.010,0.879,0.111
404000,0.010,0.842,0.148
404500,0.010,0.878,0.112
405000,0.010,0.866,0.124
405500,0.010,0.872,0.118
406000,0.010,0.824,0.166
406500,0.010,0.824,0.166
407000,0.010,0.861,0.129
407500,0.010,0.793,0.197
408000,0.010,0.721,0.269
408500,0.010,0.821,0.169
409000,0.010,0.771,0.219
409500,0.010,0.810,0.179
410000,0.010,0.803,0.186
410500,0.010,0.870,0.120
411000,0.010,0.871,0.119
411500,0.010,0.799,0.191
412000,0.010,0.755,0.235
412500,0.010,0.769,0.221
413000,0.010,0.745,0.245
413500,0.010,0.852,0.138
414000,0.010,0.809,0.181
414500,0.010,0.791,0.199
415000,0.010,0.775,0.215
415500,0.010,0.800,0.190
416000,0.010,0.782,0.208
416500,0.010,0.741,0.249
417000,0.010,0.793,0.197
417500,0.010,0.814,0.176
418000,0.010,0.795,0.195
418500,0.010,0.808,0.182
419000,0.010,0.833,0.157
419500,0.010,0.764,0.226
420000,0.010,0.839,0.151
420500,0.010,0.852,0.138
421000,0.010,0.860,0.130
421500,0.010,0.902,0.088
422000,0.010,0.869,0.121
422500,0.010,0.826,0.164
423000,0.010,0.842,0.148
423500,0.010,0.887,0.103
424000,0.010,0.829,0.161
424500,0.010,0.764,0.226
425000,0.010,0.713,0.277
425500,0.010,0.696,0.294
426000,0.010,0.810,0.179
426500,0.010,0.792,0.198
427000,0.010,0.829,0.161
427500,0.010,0.829,0.161
428000,0.010,0.806,0.183
428500,0.010,0.803,0.187
429000,0.010,0.842,0.148
429500,0.010,0.832,0.158
430000,0.010,0.903,0.087
430500,0.010,0.928,0.062
431000,0.010,0.856,0.134
431500,0.010,0.829,0.161
432000,0.010,0.891,0.099
432500,0.010,0.883,0.107
433000,0.010,0.741,0.249
433500,0.010,0.822,0.168
434000,0.010,0.785,0.205
434500,0.010,0.875,0.115
435000,0.010,0.884,0.106
435500,0.010,0.900,0.090
436000,0.010,0.858,0.132
436500,0.010,0.850,0.140
437000,0.010,0.828,0.162
437500,0.010,0.846,0.144
438000,0.010,0.824,0.166
438500,0.010,0.818,0.172
439000,0.010,0.756,0.234
439500,0.010,0.790,0.200
440000,0.010,0.796,0.194
440500,0.010,0.780,0.210
441000,0.010,0.770,0.220
441500,0.010,0.779,0.211
442000,0.010,0.845,0.145
442500,0.010,0.781,0.209
443000,0.010,0.787,0.203
443500,0.010,0.803,0.186
444000,0.010,0.831,0.159
444500,0.010,0.872,0.118
445000,0.010,0.927,0.063
445500,0.010,0.933,0.057
446000,0.010,0.887,0.103
446500,0.010,0.921,0.069
447000,0.010,0.879,0.111
447500,0.010,0.795,0.195
448000,0.010,0.830,0.160
448500,0.010,0.800,0.190
449000,0.010,0.712,0.278
449500,0.010,0.814,0.176
450000,0.010,0.782,0.208
450500,0.010,0.828,0.162
451000,0.010,0.842,0.148
451500,0.010,0.888,0.102
452000,0.010,0.870,0.120
452500,0.010,0.831,0.159
453000,0.010,0.862,0.128
453500,0.010,0.883,0.107
454000,0.010,0.859,0.131
454500,0.010,0.885,0.105
455000,0.010,0.865,0.125
455500,0.010,0.771,0.219
456000,0.010,0.739,0.251
456500,0.010,0.736,0.254
457000,0.010,0.795,0.195
457500,0.010,0.779,0.211
458000,0.010,0.790,0.200
458500,0.010,0.791,0.199
459000,0.010,0.783,0.207
459500,0.010,0.793,0.197
460000,0.010,0.836,0.154
460500,0.010,0.841,0.149
461000,0.010,0.754,0.236
461500,0.010,0.769,0.221
462000,0.010,0.763,0.227
462500,0.010,0.875,0.115
463000,0.010,0.827,0.163
463500,0.010,0.762,0.228
464000,0.010,0.787,0.203
464500,0.010,0.795,0.195
465000,0.010,0.829,0.161
465500,0.010,0.831,0.159
466000,0.010,0.890,0.100
466500,0.010,0.873,0.117
467000,0.010,0.812,0.177
467500,0.010,0.844,0.146
468000,0.010,0.787,0.203
468500,0.010,0.900,0.090
469000,0.010,0.869,0.121
469500,0.010,0.850,0.140
470000,0.010,0.797,0.193
470500,0.010,0.779,0.211
471000,0.010,0.724,0.266
471500,0.010,0.788,0.202
472000,0.010,0.758,0.232
472500,0.010,0.874,0.116
473000,0.010,0.845,0.145
473500,0.010,0.823,0.167
474000,0.010,0.911,0.079
474500,0.010,0.921,0.069
475000,0.010,0.935,0.055
475500,0.010,0.955,0.035
476000,0.010,0.974,0.016
476500,0.010,0.967,0.023
477000,0.010,0.908,0.082
477500,0.010,0.871,0.119
478000,0.010,0.866,0.124
478500,0.010,0.843,0.147
479000,0.010,0.847,0.143
479500,0.010,0.844,0.146
480000,0.010,0.756,0.234
480500,0.010,0.805,0.185
481000,0.010,0.824,0.166
481500,0.010,0.854,0.136
482000,0.010,0.891,0.099
482500,0.010,0.881,0.109
483000,0.010,0.872,0.118
483500,0.010,0.891,0.099
484000,0.010,0.900,0.090
484500,0.010,0.845,0.145
485000,0.010,0.791,0.199
485500,0.010,0.857,0.133
486000,0.010,0.882,0.108
486500,0.010,0.811,0.178
487000,0.010,0.785,0.205
487500,0.010,0.782,0.208
488000,0.010,0.854,0.136
488500,0.010,0.849,0.141
489000,0.010,0.826,0.164
489500,0.010,0.874,0.116
490000,0.010,0.846,0.144
490500,0.010,0.856,0.134
491000,0.010,0.828,0.162
491500,0.010,0.870,0.120
492000,0.010,0.870,0.120
492500,0.010,0.852,0.138
493000,0.010,0.851,0.139
493500,0.010,0.887,0.103
494000,0.010,0.905,0.085
494500,0.010,0.753,0.237
495000,0.010,0.770,0.220
495500,0.010,0.812,0.177
496000,0.010,0.857,0.133
496500,0.010,0.876,0.114
497000,0.010,0.845,0.145
497500,0.010,0.823,0.167
498000,0.010,0.799,0.191
498500,0.010,0.846,0.144
499000,0.010,0.894,0.096
499500,0.010,0.889,0.101
500000,0.010,0.809,0.181
500500,0.010,0.760,0.230
501000,0.010,0.738,0.252
501500,0.010,0.796,0.194
502000,0.010,0.757,0.233
502500,0.010,0.772,0.218
503000,0.010,0.823,0.167
503500,0.010,0.794,0.196
504000,0.010,0.847,0.143
504500,0.010,0.885,0.105
505000,0.010,0.828,0.162
505500,0.010,0.827,0.163
506000,0.010,0.912,0.078
506500,0.010,0.870,0.120
507000,0.010,0.912,0.078
507500,0.010,0.901,0.089
508000,0.010,0.913,0.077
508500,0.010,0.899,0.091
509000,0.010,0.913,0.077
509500,0.010,0.890,0.100
510000,0.010,0.838,0.152
510500,0.010,0.780,0.210
511000,0.010,0.739,0.251
511500,0.010,0.755,0.235
512000,0.010,0.816,0.174
512500,0.010,0.799,0.191
513000,0.010,0.857,0.133
513500,0.010,0.818,0.172
514000,0.010,0.793,0.197
514500,0.010,0.779,0.211
515000,0.010,0.811,0.179
515500,0.010,0.791,0.199
516000,0.010,0.845,0.145
516500,0.010,0.862,0.128
517000,0.010,0.788,0.202
517500,0.010,0.888,0.102
518000,0.010,0.883,0.107
518500,0.010,0.833,0.157
519000,0.010,0.854,0.136
519500,0.010,0.894,0.096
520000,0.010,0.847,0.143
520500,0.010,0.863,0.127
521000,0.010,0.838,0.152
521500,0.010,0.821,0.169
522000,0.010,0.851,0.139
522500,0.010,0.880,0.110
523000,0.010,0.897,0.093
523500,0.010,0.874,0.116
524000,0.010,0.918,0.072
524500,0.010,0.940,0.050
525000,0.010,0.897,0.093
525500,0.010,0.853,0.137
526000,0.010,0.822,0.168
526500,0.010,0.798,0.192
527000,0.010,0.841,0.149
527500,0.010,0.887,0.103
528000,0.010,0.830,0.160
528500,0.010,0.781,0.209
529000,0.010,0.765,0.225
529500,0.010,0.770,0.220
530000,0.010,0.708,0.282
530500,0.010,0.684,0.306
531000,0.010,0.787,0.203
531500,0.010,0.805,0.184
532000,0.010,0.696,0.294
532500,0.010,0.721,0.269
533000,0.010,0.753,0.237
533500,0.010,0.666,0.324
534000,0.010,0.786,0.204
534500,0.010,0.797,0.193
535000,0.010,0.790,0.200
535500,0.010,0.775,0.215
536000,0.010,0.827,0.163
536500,0.010,0.848,0.142
537000,0.010,0.891,0.099
537500,0.010,0.901,0.089
538000,0.010,0.853,0.137
538500,0.010,0.785,0.205
539000,0.010,0.783,0.207
539500,0.010,0.801,0.189
540000,0.010,0.894,0.096
540500,0.010,0.889,0.101
541000,0.010,0.862,0.128
541500,0.010,0.887,0.103
542000,0.010,0.903,0.087
542500,0.010,0.922,0.068
543000,0.010,0.856,0.134
543500,0.010,0.845,0.145
544000,0.010,0.928,0.062
544500,0.010,0.934,0.055
545000,0.010,0.929,0.061
545500,0.010,0.873,0.117
546000,0.010,0.872,0.118
546500,0.010,0.774,0.216
547000,0.010,0.791,0.199
547500,0.010,0.814,0.176
548000,0.010,0.782,0.208
548500,0.010,0.846,0.144
549000,0.010,0.830,0.160
549500,0.010,0.858,0.132
550000,0.010,0.886,0.104
550500,0.010,0.874,0.116
551000,0.010,0.858,0.132
551500,0.010,0.902,0.088
552000,0.010,0.903,0.087
552500,0.010,0.888,0.102
553000,0.010,0.825,0.165
553500,0.010,0.894,0.096
554000,0.010,0.923,0.067
554500,0.010,0.906,0.084
555000,0.010,0.874,0.116
555500,0.010,0.838,0.152
556000,0.010,0.880,0.110
556500,0.010,0.854,0.136
557000,0.010,0.816,0.174
557500,0.010,0.840,0.150
558000,0.010,0.781,0.209
558500,0.010,0.870,0.120
559000,0.010,0.873,0.117
559500,0.010,0.799,0.191
560000,0.010,0.846,0.144
560500,0.010,0.802,0.188
561000,0.010,0.878,0.112
561500,0.010,0.872,0.118
562000,0.010,0.894,0.096
562500,0.010,0.948,0.042
563000,0.010,0.954,0.036
563500,0.010,0.892,0.098
564000,0.010,0.898,0.092
564500,0.010,0.864,0.126
565000,0.010,0.833,0.157
565500,0.010,0.846,0.144
566000,0.010,0.854,0.136
566500,0.010,0.863,0.127
567000,0.010,0.800,0.190
567500,0.010,0.809,0.180
568000,0.010,0.828,0.162
568500,0.010,0.869,0.121
569000,0.010,0.856,0.134
569500,0.010,0.903,0.087
570000,0.010,0.802,0.188
570500,0.010,0.827,0.163
571000,0.010,0.895,0.095
571500,0.010,0.870,0.120
572000,0.010,0.872,0.118
572500,0.010,0.861,0.129
573000,0.010,0.872,0.118
573500,0.010,0.869,0.121
574000,0.010,0.837,0.153
574500,0.010,0.861,0.129
575000,0.010,0.812,0.177
575500,0.010,0.734,0.256
576000,0.010,0.769,0.221
576500,0.010,0.770,0.220
577000,0.010,0.792,0.198
577500,0.010,0.860,0.130
578000,0.010,0.866,0.124
578500,0.010,0.879,0.111
579000,0.010,0.857,0.133
579500,0.010,0.856,0.134
580000,0.010,0.842,0.148
580500,0.010,0.780,0.210
581000,0.010,0.800,0.190
581500,0.010,0.843,0.147
582000,0.010,0.859,0.131
582500,0.010,0.912,0.078
583000,0.010,0.931,0.058
583500,0.010,0.964,0.026
584000,0.010,0.961,0.029
584500,0.010,0.939,0.051
585000,0.010,0.916,0.074
585500,0.010,0.909,0.081
586000,0.010,0.887,0.103
586500,0.010,0.772,0.218
587000,0.010,0.811,0.179
587500,0.010,0.870,0.120
588000,0.010,0.838,0.152
588500,0.010,0.836,0.154
589000,0.010,0.837,0.153
589500,0.010,0.909,0.081
590000,0.010,0.870,0.120
590500,0.010,0.889,0.101
591000,0.010,0.840,0.150
591500,0.010,0.808,0.181
592000,0.010,0.819,0.171
592500,0.010,0.844,0.146
593000,0.010,0.801,0.189
593500,0.010,0.794,0.196
594000,0.010,0.774,0.216
594500,0.010,0.789,0.201
595000,0.010,0.753,0.237
595500,0.010,0.741,0.249
596000,0.010,0.805,0.185
596500,0.010,0.798,0.192
597000,0.010,0.669,0.321
597500,0.010,0.712,0.278
598000,0.010,0.672,0.318
598500,0.010,0.731,0.259
599000,0.010,0.750,0.240
599500,0.010,0.781,0.209
600000,0.010,0.839,0.151
600500,0.010,0.884,0.106
601000,0.010,0.862,0.128
601500,0.010,0.895,0.095
602000,0.010,0.856,0.134
602500,0.010,0.874,0.116
603000,0.010,0.862,0.128
603500,0.010,0.896,0.094
604000,0.010,0.915,0.075
604500,0.010,0.917,0.073
605000,0.010,0.907,0.083
605500,0.010,0.851,0.139
606000,0.010,0.850,0.140
606500,0.010,0.865,0.125
607000,0.010,0.757,0.233
607500,0.010,0.841,0.149
608000,0.010,0.823,0.167
608500,0.010,0.875,0.115
609000,0.010,0.937,0.053
609500,0.010,0.945,0.045
610000,0.010,0.871,0.119
610500,0.010,0.889,0.101
611000,0.010,0.834,0.156
611500,0.010,0.878,0.112
612000,0.010,0.883,0.107
612500,0.010,0.876,0.114
613000,0.010,0.847,0.143
613500,0.010,0.806,0.184
614000,0.010,0.838,0.152
614500,0.010,0.855,0.135
615000,0.010,0.865,0.125
615500,0.010,0.834,0.156
616000,0.010,0.839,0.151
616500,0.010,0.816,0.174
617000,0.010,0.772,0.218
617500,0.010,0.923,0.067
618000,0.010,0.905,0.085
618500,0.010,0.874,0.116
619000,0.010,0.877,0.113
619500,0.010,0.785,0.205
620000,0.010,0.739,0.251
620500,0.010,0.736,0.254
621000,0.010,0.784,0.206
621500,0.010,0.804,0.185
622000,0.010,0.792,0.198
622500,0.010,0.807,0.183
623000,0.010,0.839,0.151
623500,0.010,0.686,0.304
624000,0.010,0.661,0.329
624500,0.010,0.709,0.281
625000,0.010,0.776,0.214
625500,0.010,0.765,0.225
626000,0.010,0.739,0.251
626500,0.010,0.803,0.186
627000,0.010,0.840,0.150
627500,0.010,0.816,0.174
628000,0.010,0.858,0.132
628500,0.010,0.761,0.229
629000,0.010,0.861,0.129
629500,0.010,0.829,0.161
630000,0.010,0.815,0.175
630500,0.010,0.867,0.123
631000,0.010,0.797,0.193
631500,0.010,0.819,0.171
632000,0.010,0.861,0.129
632500,0.010,0.864,0.126
633000,0.010,0.874,0.116
633500,0.010,0.838,0.152
634000,0.010,0.799,0.191
634500,0.010,0.763,0.227
635000,0.010,0.723,0.267
635500,0.010,0.722,0.268
636000,0.010,0.717,0.273
636500,0.010,0.754,0.236
637000,0.010,0.791,0.199
637500,0.010,0.751,0.239
638000,0.010,0.756,0.234
638500,0.010,0.767,0.223
639000,0.010,0.797,0.193
639500,0.010,0.800,0.190
640000,0.010,0.783,0.207
640500,0.010,0.822,0.168
641000,0.010,0.836,0.154
641500,0.010,0.837,0.153
642000,0.010,0.827,0.163
642500,0.010,0.826,0.164
643000,0.010,0.851,0.139
643500,0.010,0.804,0.185
644000,0.010,0.785,0.205
644500,0.010,0.814,0.176
645000,0.010,0.837,0.153
645500,0.010,0.817,0.173
646000,0.010,0.733,0.257
646500,0.010,0.812,0.178
647000,0.010,0.793,0.197
647500,0.010,0.814,0.176
648000,0.010,0.789,0.201
648500,0.010,0.749,0.241
649000,0.010,0.782,0.208
649500,0.010,0.875,0.115
650000,0.010,0.908,0.082
650500,0.010,0.898,0.092
651000,0.010,0.871,0.119
651500,0.010,0.837,0.153
652000,0.010,0.859,0.131
652500,0.010,0.834,0.156
653000,0.010,0.807,0.183
653500,0.010,0.846,0.144
654000,0.010,0.855,0.135
654500,0.010,0.809,0.180
655000,0.010,0.854,0.136
655500,0.010,0.800,0.190
656000,0.010,0.858,0.132
656500,0.010,0.837,0.153
657000,0.010,0.879,0.111
657500,0.010,0.885,0.105
658000,0.010,0.827,0.163
658500,0.010,0.838,0.152
659000,0.010,0.779,0.211
659500,0.010,0.874,0.116
660000,0.010,0.843,0.147
660500,0.010,0.839,0.151
661000,0.010,0.831,0.159
661500,0.010,0.849,0.141
662000,0.010,0.852,0.138
662500,0.010,0.821,0.169
663000,0.010,0.795,0.195
663500,0.010,0.795,0.195
664000,0.010,0.773,0.217
664500,0.010,0.850,0.140
665000,0.010,0.880,0.110
665500,0.010,0.852,0.138
666000,0.010,0.790,0.200
666500,0.010,0.831,0.159
667000,0.010,0.836,0.154
667500,0.010,0.880,0.110
668000,0.010,0.834,0.156
668500,0.010,0.760,0.230
669000,0.010,0.789,0.201
669500,0.010,0.849,0.141
670000,0.010,0.851,0.139
670500,0.010,0.817,0.173
671000,0.010,0.865,0.125
671500,0.010,0.887,0.103
672000,0.010,0.846,0.144
672500,0.010,0.779,0.211
673000,0.010,0.752,0.238
673500,0.010,0.756,0.234
674000,0.010,0.757,0.233
674500,0.010,0.772,0.218
675000,0.010,0.729,0.261
675500,0.010,0.708,0.282
676000,0.010,0.783,0.207
676500,0.010,0.684,0.306
677000,0.010,0.754,0.236
677500,0.010,0.783,0.207
678000,0.010,0.816,0.174
678500,0.010,0.899,0.091
679000,0.010,0.919,0.071
679500,0.010,0.945,0.045
680000,0.010,0.903,0.087
680500,0.010,0.821,0.169
681000,0.010,0.750,0.240
681500,0.010,0.706,0.284
682000,0.010,0.689,0.301
682500,0.010,0.754,0.236
683000,0.010,0.734,0.256
683500,0.010,0.732,0.258
684000,0.010,0.867,0.123
684500,0.010,0.825,0.165
685000,0.010,0.871,0.119
685500,0.010,0.859,0.131
686000,0.010,0.796,0.194
686500,0.010,0.858,0.132
687000,0.010,0.809,0.180
687500,0.010,0.764,0.226
688000,0.010,0.827,0.163
688500,0.010,0.772,0.218
689000,0.010,0.734,0.256
689500,0.010,0.690,0.300
690000,0.010,0.804,0.185
690500,0.010,0.864,0.126
691000,0.010,0.908,0.082
691500,0.010,0.898,0.092
692000,0.010,0.888,0.102
692500,0.010,0.825,0.165
693000,0.010,0.837,0.153
693500,0.010,0.852,0.138
694000,0.010,0.779,0.211
694500,0.010,0.867,0.123
695000,0.010,0.912,0.078
695500,0.010,0.838,0.152
696000,0.010,0.867,0.123
696500,0.010,0.851,0.139
697000,0.010,0.853,0.137
697500,0.010,0.858,0.132
698000,0.010,0.899,0.091
698500,0.010,0.877,0.113
699000,0.010,0.815,0.175
699500,0.010,0.776,0.214
700000,0.010,0.830,0.160
700500,0.010,0.853,0.137
701000,0.010,0.828,0.162
701500,0.010,0.788,0.202
702000,0.010,0.824,0.166
702500,0.010,0.845,0.145
703000,0.010,0.861,0.129
703500,0.010,0.844,0.146
704000,0.010,0.914,0.076
704500,0.010,0.915,0.075
705000,0.010,0.820,0.170
705500,0.010,0.845,0.145
706000,0.010,0.865,0.125
706500,0.010,0.825,0.165
707000,0.010,0.872,0.118
707500,0.010,0.839,0.151
708000,0.010,0.777,0.213
708500,0.010,0.760,0.230
709000,0.010,0.776,0.214
709500,0.010,0.776,0.214
710000,0.010,0.792,0.198
710500,0.010,0.770,0.220
711000,0.010,0.829,0.161
711500,0.010,0.818,0.172
712000,0.010,0.776,0.214
712500,0.010,0.772,0.218
713000,0.010,0.797,0.193
713500,0.010,0.782,0.208
714000,0.010,0.788,0.202
714500,0.010,0.781,0.209
715000,0.010,0.754,0.236
715500,0.010,0.787,0.203
716000,0.010,0.791,0.199
716500,0.010,0.796,0.194
717000,0.010,0.792,0.198
717500,0.010,0.732,0.258
718000,0.010,0.787,0.203
718500,0.010,0.838,0.152
719000,0.010,0.809,0.181
719500,0.010,0.781,0.209
720000,0.010,0.878,0.112
720500,0.010,0.878,0.112
721000,0.010,0.905,0.085
721500,0.010,0.880,0.110
722000,0.010,0.858,0.132
722500,0.010,0.840,0.150
723000,0.010,0.901,0.089
723500,0.010,0.808,0.181
724000,0.010,0.788,0.202
724500,0.010,0.864,0.126
725000,0.010,0.797,0.193
725500,0.010,0.835,0.155
726000,0.010,0.849,0.141
726500,0.010,0.814,0.176
727000,0.010,0.756,0.234
727500,0.010,0.781,0.209
728000,0.010,0.794,0.196
728500,0.010,0.829,0.161
729000,0.010,0.776,0.214
729500,0.010,0.822,0.168
730000,0.010,0.843,0.147
730500,0.010,0.822,0.168
731000,0.010,0.857,0.133
731500,0.010,0.872,0.118
732000,0.010,0.827,0.163
732500,0.010,0.878,0.112
733000,0.010,0.874,0.116
733500,0.010,0.944,0.046
734000,0.010,0.919,0.071
734500,0.010,0.892,0.098
735000,0.010,0.902,0.088
735500,0.010,0.895,0.095
736000,0.010,0.832,0.158
736500,0.010,0.867,0.123
737000,0.010,0.903,0.087
737500,0.010,0.873,0.117
738000,0.010,0.891,0.099
738500,0.010,0.861,0.129
739000,0.010,0.865,0.125
739500,0.010,0.853,0.137
740000,0.010,0.825,0.165
740500,0.010,0.818,0.172
741000,0.010,0.807,0.182
741500,0.010,0.779,0.211
742000,0.010,0.775,0.215
742500,0.010,0.769,0.221
743000,0.010,0.744,0.246
743500,0.010,0.737,0.253
744000,0.010,0.772,0.218
744500,0.010,0.770,0.220
745000,0.010,0.835,0.155
745500,0.010,0.834,0.156
746000,0.010,0.897,0.093
746500,0.010,0.885,0.105
747000,0.010,0.890,0.100
747500,0.010,0.924,0.066
748000,0.010,0.923,0.067
748500,0.010,0.907,0.083
749000,0.010,0.905,0.085
749500,0.010,0.919,0.071
750000,0.010,0.886,0.104
750500,0.010,0.827,0.163
751000,0.010,0.803,0.187
751500,0.010,0.804,0.186
752000,0.010,0.795,0.195
752500,0.010,0.821,0.169
753000,0.010,0.925,0.065
753500,0.010,0.927,0.062
754000,0.010,0.888,0.102
754500,0.010,0.910,0.080
755000,0.010,0.944,0.046
755500,0.010,0.907,0.083
756000,0.010,0.933,0.056
756500,0.010,0.907,0.083
757000,0.010,0.845,0.145
757500,0.010,0.795,0.195
758000,0.010,0.861,0.129
758500,0.010,0.880,0.110
759000,0.010,0.882,0.108
759500,0.010,0.868,0.122
760000,0.010,0.836,0.154
760500,0.010,0.849,0.141
761000,0.010,0.854,0.136
761500,0.010,0.834,0.156
762000,0.010,0.844,0.146
762500,0.010,0.870,0.120
763000,0.010,0.891,0.099
763500,0.010,0.902,0.088
764000,0.010,0.802,0.188
764500,0.010,0.847,0.143
765000,0.010,0.810,0.179
765500,0.010,0.815,0.175
766000,0.010,0.871,0.119
766500,0.010,0.859,0.131
767000,0.010,0.861,0.129
767500,0.010,0.883,0.107
768000,0.010,0.921,0.069
768500,0.010,0.939,0.051
769000,0.010,0.873,0.117
769500,0.010,0.829,0.161
770000,0.010,0.783,0.207
770500,0.010,0.758,0.232
771000,0.010,0.821,0.169
771500,0.010,0.882,0.108
772000,0.010,0.837,0.153
772500,0.010,0.780,0.210
773000,0.010,0.824,0.166
773500,0.010,0.804,0.186
774000,0.010,0.843,0.147
774500,0.010,0.895,0.095
775000,0.010,0.938,0.052
775500,0.010,0.948,0.042
776000,0.010,0.946,0.044
776500,0.010,0.942,0.048
777000,0.010,0.914,0.076
777500,0.010,0.903,0.087
778000,0.010,0.867,0.123
778500,0.010,0.824,0.166
779000,0.010,0.803,0.187
779500,0.010,0.757,0.233
780000,0.010,0.764,0.226
780500,0.010,0.791,0.199
781000,0.010,0.780,0.210
781500,0.010,0.735,0.255
782000,0.010,0.816,0.174
782500,0.010,0.838,0.152
783000,0.010,0.748,0.242
783500,0.010,0.793,0.197
784000,0.010,0.871,0.119
784500,0.010,0.866,0.124
785000,0.010,0.869,0.121
785500,0.010,0.894,0.096
786000,0.010,0.826,0.164
786500,0.010,0.883,0.107
787000,0.010,0.830,0.160
787500,0.010,0.820,0.170
788000,0.010,0.884,0.106
788500,0.010,0.929,0.060
789000,0.010,0.916,0.074
789500,0.010,0.885,0.105
790000,0.010,0.885,0.105
790500,0.010,0.854,0.136
791000,0.010,0.820,0.170
791500,0.010,0.833,0.157
792000,0.010,0.845,0.145
792500,0.010,0.870,0.120
793000,0.010,0.827,0.163
793500,0.010,0.829,0.161
794000,0.010,0.858,0.132
794500,0.010,0.823,0.167
795000,0.010,0.849,0.141
795500,0.010,0.861,0.129
796000,0.010,0.864,0.126
796500,0.010,0.857,0.133
797000,0.010,0.865,0.125
797500,0.010,0.897,0.093
798000,0.010,0.855,0.135
798500,0.010,0.884,0.106
799000,0.010,0.831,0.159
799500,0.010,0.850,0.140
800000,0.010,0.876,0.114
800500,0.010,0.884,0.106
801000,0.010,0.824,0.166
801500,0.010,0.852,0.138
802000,0.010,0.819,0.171
802500,0.010,0.889,0.101
803000,0.010,0.892,0.098
803500,0.010,0.896,0.094
804000,0.010,0.912,0.078
804500,0.010,0.940,0.050
805000,0.010,0.979,0.011
805500,0.010,0.964,0.026
806000,0.010,0.953,0.037
806500,0.010,0.904,0.086
807000,0.010,0.807,0.182
807500,0.010,0.805,0.185
808000,0.010,0.812,0.178
808500,0.010,0.779,0.211
809000,0.010,0.720,0.270
809500,0.010,0.783,0.207
810000,0.010,0.815,0.175
810500,0.010,0.753,0.237
811000,0.010,0.801,0.189
811500,0.010,0.789,0.201
812000,0.010,0.712,0.278
812500,0.010,0.709,0.281
813000,0.010,0.674,0.316
813500,0.010,0.819,0.171
814000,0.010,0.860,0.130
814500,0.010,0.857,0.133
815000,0.010,0.808,0.181
815500,0.010,0.787,0.203
816000,0.010,0.842,0.148
816500,0.010,0.894,0.096
817000,0.010,0.906,0.084
817500,0.010,0.832,0.158
818000,0.010,0.812,0.178
818500,0.010,0.857,0.133
819000,0.010,0.819,0.171
819500,0.010,0.762,0.228
820000,0.010,0.765,0.225
820500,0.010,0.786,0.204
821000,0.010,0.855,0.135
821500,0.010,0.826,0.164
822000,0.010,0.835,0.155
822500,0.010,0.870,0.120
823000,0.010,0.852,0.138
823500,0.010,0.845,0.145
824000,0.010,0.776,0.214
824500,0.010,0.759,0.231
825000,0.010,0.828,0.162
825500,0.010,0.855,0.135
826000,0.010,0.837,0.153
826500,0.010,0.821,0.169
827000,0.010,0.863,0.127
827500,0.010,0.845,0.145
828000,0.010,0.833,0.157
828500,0.010,0.761,0.229
829000,0.010,0.825,0.165
829500,0.010,0.828,0.162
830000,0.010,0.845,0.145
830500,0.010,0.874,0.116
831000,0.010,0.915,0.075
831500,0.010,0.847,0.143
832000,0.010,0.865,0.125
832500,0.010,0.855,0.135
833000,0.010,0.856,0.134
833500,0.010,0.879,0.111
834000,0.010,0.899,0.091
834500,0.010,0.869,0.121
835000,0.010,0.791,0.199
835500,0.010,0.840,0.150
836000,0.010,0.808,0.181
836500,0.010,0.840,0.150
837000,0.010,0.871,0.119
837500,0.010,0.885,0.105
838000,0.010,0.880,0.110
838500,0.010,0.930,0.060
839000,0.010,0.901,0.089
839500,0.010,0.869,0.121
840000,0.010,0.912,0.078
840500,0.010,0.831,0.159
841000,0.010,0.772,0.218
841500,0.010,0.793,0.197
842000,0.010,0.852,0.138
842500,0.010,0.808,0.181
843000,0.010,0.846,0.144
843500,0.010,0.855,0.135
844000,0.010,0.867,0.123
844500,0.010,0.877,0.113
845000,0.010,0.809,0.180
845500,0.010,0.752,0.238
846000,0.010,0.811,0.179
846500,0.010,0.683,0.307
847000,0.010,0.709,0.281
847500,0.010,0.761,0.229
848000,0.010,0.810,0.179
848500,0.010,0.858,0.132
849000,0.010,0.888,0.102
849500,0.010,0.864,0.126
850000,0.010,0.776,0.214
850500,0.010,0.860,0.130
851000,0.010,0.849,0.141
851500,0.010,0.836,0.154
852000,0.010,0.803,0.186
852500,0.010,0.812,0.177
853000,0.010,0.801,0.189
853500,0.010,0.833,0.157
854000,0.010,0.829,0.161
854500,0.010,0.819,0.171
855000,0.010,0.864,0.126
855500,0.010,0.864,0.126
856000,0.010,0.827,0.163
856500,0.010,0.818,0.172
857000,0.010,0.829,0.161
857500,0.010,0.831,0.159
858000,0.010,0.911,0.079
858500,0.010,0.854,0.136
859000,0.010,0.799,0.191
859500,0.010,0.893,0.097
860000,0.010,0.925,0.065
860500,0.010,0.914,0.076
861000,0.010,0.938,0.052
861500,0.010,0.905,0.085
862000,0.010,0.927,0.063
862500,0.010,0.915,0.075
863000,0.010,0.919,0.071
863500,0.010,0.853,0.137
864000,0.010,0.864,0.126
864500,0.010,0.780,0.210
865000,0.010,0.771,0.219
865500,0.010,0.776,0.214
866000,0.010,0.746,0.244
866500,0.010,0.749,0.241
867000,0.010,0.766,0.224
867500,0.010,0.730,0.260
868000,0.010,0.729,0.261
868500,0.010,0.759,0.231
869000,0.010,0.773,0.217
869500,0.010,0.780,0.210
870000,0.010,0.728,0.262
870500,0.010,0.679,0.311
871000,0.010,0.765,0.225
871500,0.010,0.768,0.222
872000,0.010,0.722,0.268
872500,0.010,0.757,0.233
873000,0.010,0.841,0.149
873500,0.010,0.851,0.139
874000,0.010,0.824,0.166
874500,0.010,0.856,0.134
875000,0.010,0.868,0.122
875500,0.010,0.839,0.151
876000,0.010,0.761,0.229
876500,0.010,0.782,0.208
877000,0.010,0.802,0.188
877500,0.010,0.845,0.145
878000,0.010,0.792,0.198
878500,0.010,0.791,0.199
879000,0.010,0.849,0.141
879500,0.010,0.876,0.114
880000,0.010,0.896,0.094
880500,0.010,0.923,0.067
881000,0.010,0.870,0.120
881500,0.010,0.919,0.071
882000,0.010,0.913,0.077
882500,0.010,0.883,0.107
883000,0.010,0.802,0.188
883500,0.010,0.798,0.192
884000,0.010,0.824,0.166
884500,0.010,0.779,0.211
885000,0.010,0.823,0.167
885500,0.010,0.823,0.167
886000,0.010,0.796,0.194
886500,0.010,0.851,0.139
887000,0.010,0.843,0.147
887500,0.010,0.742,0.248
888000,0.010,0.752,0.238
888500,0.010,0.790,0.200
889000,0.010,0.789,0.201
889500,0.010,0.772,0.218
890000,0.010,0.805,0.185
890500,0.010,0.826,0.164
891000,0.010,0.786,0.204
891500,0.010,0.859,0.131
892000,0.010,0.683,0.307
892500,0.010,0.717,0.273
893000,0.010,0.812,0.177
893500,0.010,0.821,0.169
894000,0.010,0.869,0.121
894500,0.010,0.824,0.166
895000,0.010,0.897,0.093
895500,0.010,0.831,0.159
896000,0.010,0.776,0.214
896500,0.010,0.771,0.219
897000,0.010,0.746,0.244
897500,0.010,0.766,0.224
898000,0.010,0.815,0.175
898500,0.010,0.761,0.229
899000,0.010,0.778,0.212
899500,0.010,0.838,0.152
900000,0.010,0.918,0.072
900500,0.010,0.883,0.107
901000,0.010,0.900,0.090
901500,0.010,0.893,0.097
902000,0.010,0.833,0.157
902500,0.010,0.841,0.149
903000,0.010,0.829,0.161
903500,0.010,0.815,0.175
904000,0.010,0.829,0.161
904500,0.010,0.876,0.114
905000,0.010,0.847,0.143
905500,0.010,0.794,0.196
906000,0.010,0.782,0.208
906500,0.010,0.698,0.292
907000,0.010,0.742,0.248
907500,0.010,0.787,0.203
908000,0.010,0.883,0.107
908500,0.010,0.795,0.195
909000,0.010,0.864,0.126
909500,0.010,0.845,0.145
910000,0.010,0.811,0.179
910500,0.010,0.816,0.174
911000,0.010,0.787,0.203
911500,0.010,0.855,0.135
912000,0.010,0.866,0.124
912500,0.010,0.930,0.060
913000,0.010,0.910,0.080
913500,0.010,0.916,0.074
914000,0.010,0.891,0.099
914500,0.010,0.874,0.116
915000,0.010,0.805,0.185
915500,0.010,0.869,0.121
916000,0.010,0.785,0.205
916500,0.010,0.805,0.185
917000,0.010,0.857,0.133
917500,0.010,0.833,0.157
918000,0.010,0.831,0.159
918500,0.010,0.801,0.189
919000,0.010,0.845,0.145
919500,0.010,0.829,0.161
920000,0.010,0.826,0.164
920500,0.010,0.796,0.194
921000,0.010,0.775,0.215
921500,0.010,0.828,0.162
922000,0.010,0.894,0.096
922500,0.010,0.843,0.147
923000,0.010,0.859,0.131
923500,0.010,0.895,0.095
924000,0.010,0.864,0.126
924500,0.010,0.907,0.083
925000,0.010,0.836,0.154
925500,0.010,0.822,0.168
926000,0.010,0.778,0.212
926500,0.010,0.824,0.166
927000,0.010,0.876,0.114
927500,0.010,0.870,0.120
928000,0.010,0.848,0.142
928500,0.010,0.842,0.148
929000,0.010,0.899,0.091
929500,0.010,0.907,0.083
930000,0.010,0.893,0.097
930500,0.010,0.880,0.110
931000,0.010,0.833,0.157
931500,0.010,0.888,0.102
932000,0.010,0.893,0.097
932500,0.010,0.907,0.083
933000,0.010,0.924,0.066
933500,0.010,0.872,0.118
934000,0.010,0.806,0.184
934500,0.010,0.754,0.236
935000,0.010,0.826,0.164
935500,0.010,0.830,0.160
936000,0.010,0.708,0.282
936500,0.010,0.714,0.276
937000,0.010,0.737,0.253
937500,0.010,0.791,0.199
938000,0.010,0.878,0.112
938500,0.010,0.917,0.073
939000,0.010,0.889,0.101
939500,0.010,0.915,0.075
940000,0.010,0.931,0.058
940500,0.010,0.945,0.045
941000,0.010,0.931,0.058
941500,0.010,0.946,0.044
942000,0.010,0.846,0.144
942500,0.010,0.885,0.105
943000,0.010,0.907,0.083
943500,0.010,0.843,0.147
944000,0.010,0.796,0.194
944500,0.010,0.805,0.184
945000,0.010,0.792,0.198
945500,0.010,0.828,0.162
946000,0.010,0.894,0.096
946500,0.010,0.845,0.145
947000,0.010,0.879,0.111
947500,0.010,0.881,0.109
948000,0.010,0.897,0.093
948500,0.010,0.831,0.159
949000,0.010,0.847,0.143
949500,0.010,0.894,0.096
950000,0.010,0.880,0.110
950500,0.010,0.834,0.156
951000,0.010,0.804,0.186
951500,0.010,0.798,0.192
952000,0.010,0.826,0.164
952500,0.010,0.836,0.154
953000,0.010,0.922,0.068
953500,0.010,0.843,0.147
954000,0.010,0.793,0.197
954500,0.010,0.837,0.153
955000,0.010,0.840,0.150
955500,0.010,0.838,0.152
956000,0.010,0.879,0.111
956500,0.010,0.881,0.109
957000,0.010,0.881,0.109
957500,0.010,0.921,0.069
958000,0.010,0.882,0.108
958500,0.010,0.898,0.092
959000,0.010,0.908,0.082
959500,0.010,0.804,0.186
960000,0.010,0.803,0.186
960500,0.010,0.803,0.187
961000,0.010,0.804,0.185
961500,0.010,0.904,0.086
962000,0.010,0.875,0.115
962500,0.010,0.904,0.086
963000,0.010,0.840,0.150
963500,0.010,0.854,0.136
964000,0.010,0.786,0.204
964500,0.010,0.881,0.109
965000,0.010,0.897,0.093
965500,0.010,0.924,0.066
966000,0.010,0.868,0.122
966500,0.010,0.862,0.128
967000,0.010,0.857,0.133
967500,0.010,0.827,0.163
968000,0.010,0.769,0.221
968500,0.010,0.804,0.186
969000,0.010,0.868,0.122
969500,0.010,0.855,0.135
970000,0.010,0.842,0.148
970500,0.010,0.894,0.096
971000,0.010,0.938,0.052
971500,0.010,0.851,0.139
972000,0.010,0.876,0.114
972500,0.010,0.867,0.123
973000,0.010,0.789,0.201
973500,0.010,0.739,0.251
974000,0.010,0.765,0.225
974500,0.010,0.751,0.239
975000,0.010,0.775,0.215
975500,0.010,0.867,0.123
976000,0.010,0.861,0.129
976500,0.010,0.884,0.106
977000,0.010,0.877,0.113
977500,0.010,0.853,0.137
978000,0.010,0.860,0.130
978500,0.010,0.800,0.190
979000,0.010,0.881,0.109
979500,0.010,0.786,0.204
980000,0.010,0.757,0.233
980500,0.010,0.819,0.171
981000,0.010,0.824,0.166
981500,0.010,0.777,0.213
982000,0.010,0.817,0.173
982500,0.010,0.816,0.174
983000,0.010,0.854,0.136
983500,0.010,0.796,0.194
984000,0.010,0.790,0.200
984500,0.010,0.821,0.169
985000,0.010,0.823,0.167
985500,0.010,0.788,0.202
986000,0.010,0.832,0.158
986500,0.010,0.840,0.150
987000,0.010,0.857,0.133
987500,0.010,0.828,0.162
988000,0.010,0.875,0.115
988500,0.010,0.833,0.157
989000,0.010,0.771,0.219
989500,0.010,0.776,0.214
990000,0.010,0.847,0.143
990500,0.010,0.862,0.128
991000,0.010,0.883,0.107
991500,0.010,0.852,0.138
992000,0.010,0.828,0.162
992500,0.010,0.718,0.272
993000,0.010,0.688,0.302
993500,0.010,0.720,0.270
994000,0.010,0.776,0.214
994500,0.010,0.802,0.188
995000,0.010,0.800,0.190
995500,0.010,0.844,0.146
996000,0.010,0.884,0.106
996500,0.010,0.931,0.059
997000,0.010,0.919,0.071
997500,0.010,0.956,0.034
998000,0.010,0.927,0.063
998500,0.010,0.898,0.092
999000,0.010,0.826,0.164
999500,0.010,0.780,0.210
1000000,0.010,0.763,0.227
