time,n_A+p,n_B,n_AB
500,0.050,0.808,0.141
1000,0.050,0.691,0.259
1500,0.050,0.643,0.307
2000,0.050,0.580,0.370
2500,0.050,0.549,0.400
3000,0.050,0.593,0.357
3500,0.050,0.605,0.345
4000,0.050,0.628,0.322
4500,0.050,0.518,0.432
5000,0.050,0.565,0.385
5500,0.050,0.577,0.373
6000,0.050,0.567,0.383
6500,0.050,0.614,0.336
7000,0.050,0.664,0.286
7500,0.050,0.717,0.233
8000,0.050,0.691,0.259
8500,0.050,0.550,0.400
9000,0.050,0.544,0.406
9500,0.050,0.604,0.346
10000,0.050,0.558,0.392
10500,0.050,0.578,0.372
11000,0.050,0.567,0.383
11500,0.050,0.554,0.395
12000,0.050,0.587,0.363
12500,0.050,0.561,0.388
13000,0.050,0.551,0.398
13500,0.050,0.554,0.395
14000,0.050,0.578,0.372
14500,0.050,0.574,0.376
15000,0.050,0.630,0.320
15500,0.050,0.574,0.376
16000,0.050,0.586,0.364
16500,0.050,0.584,0.366
17000,0.050,0.591,0.359
17500,0.050,0.561,0.389
18000,0.050,0.598,0.352
18500,0.050,0.653,0.296
19000,0.050,0.641,0.309
19500,0.050,0.641,0.309
20000,0.050,0.566,0.384
20500,0.050,0.545,0.405
21000,0.050,0.530,0.420
21500,0.050,0.633,0.317
22000,0.050,0.607,0.343
22500,0.050,0.555,0.395
23000,0.050,0.643,0.306
23500,0.050,0.667,0.282
24000,0.050,0.609,0.341
24500,0.050,0.657,0.293
25000,0.050,0.599,0.351
25500,0.050,0.595,0.355
26000,0.050,0.584,0.366
26500,0.050,0.568,0.382
27000,0.050,0.571,0.379
27500,0.050,0.654,0.296
28000,0.050,0.722,0.228
28500,0.050,0.663,0.287
29000,0.050,0.633,0.317
29500,0.050,0.600,0.350
30000,0.050,0.581,0.369
30500,0.050,0.586,0.364
31000,0.050,0.642,0.307
31500,0.050,0.690,0.260
32000,0.050,0.594,0.356
32500,0.050,0.560,0.389
33000,0.050,0.631,0.319
33500,0.050,0.561,0.388
34000,0.050,0.681,0.269
34500,0.050,0.656,0.293
35000,0.050,0.624,0.326
35500,0.050,0.696,0.254
36000,0.050,0.580,0.370
36500,0.050,0.562,0.387
37000,0.050,0.642,0.308
37500,0.050,0.699,0.251
38000,0.050,0.630,0.320
38500,0.050,0.619,0.331
39000,0.050,0.669,0.280
39500,0.050,0.556,0.393
40000,0.050,0.588,0.362
40500,0.050,0.563,0.387
41000,0.050,0.655,0.295
41500,0.050,0.603,0.347
42000,0.050,0.560,0.390
42500,0.050,0.573,0.377
43000,0.050,0.570,0.380
43500,0.050,0.612,0.338
44000,0.050,0.619,0.331
44500,0.050,0.598,0.352
45000,0.050,0.680,0.269
45500,0.050,0.557,0.392
46000,0.050,0.571,0.379
46500,0.050,0.577,0.373
47000,0.050,0.571,0.379
47500,0.050,0.568,0.382
48000,0.050,0.574,0.376
48500,0.050,0.583,0.367
49000,0.050,0.559,0.390
49500,0.050,0.584,0.366
50000,0.050,0.597,0.353
50500,0.050,0.623,0.327
51000,0.050,0.621,0.329
51500,0.050,0.624,0.326
52000,0.050,0.601,0.349
52500,0.050,0.671,0.279
53000,0.050,0.559,0.391
53500,0.050,0.568,0.382
54000,0.050,0.515,0.435
54500,0.050,0.564,0.386
55000,0.050,0.646,0.304
55500,0.050,0.602,0.348
56000,0.050,0.626,0.324
56500,0.050,0.622,0.328
57000,0.050,0.674,0.276
57500,0.050,0.611,0.339
58000,0.050,0.602,0.348
58500,0.050,0.545,0.405
59000,0.050,0.640,0.309
59500,0.050,0.577,0.373
60000,0.050,0.601,0.349
60500,0.050,0.589,0.361
61000,0.050,0.640,0.310
61500,0.050,0.618,0.332
62000,0.050,0.584,0.366
62500,0.050,0.574,0.376
63000,0.050,0.511,0.439
63500,0.050,0.577,0.373
64000,0.050,0.666,0.283
64500,0.050,0.607,0.343
65000,0.050,0.664,0.285
65500,0.050,0.606,0.344
66000,0.050,0.671,0.279
66500,0.050,0.676,0.273
67000,0.050,0.619,0.331
67500,0.050,0.669,0.280
68000,0.050,0.651,0.299
68500,0.050,0.604,0.346
69000,0.050,0.603,0.347
69500,0.050,0.547,0.402
70000,0.050,0.530,0.420
70500,0.050,0.570,0.380
71000,0.050,0.610,0.340
71500,0.050,0.609,0.341
72000,0.050,0.624,0.326
72500,0.050,0.579,0.371
73000,0.050,0.592,0.358
73500,0.050,0.644,0.306
74000,0.050,0.582,0.368
74500,0.050,0.578,0.372
75000,0.050,0.624,0.326
75500,0.050,0.570,0.380
76000,0.050,0.536,0.414
76500,0.050,0.570,0.380
77000,0.050,0.598,0.352
77500,0.050,0.559,0.391
78000,0.050,0.584,0.366
78500,0.050,0.516,0.434
79000,0.050,0.492,0.457
79500,0.050,0.536,0.413
80000,0.050,0.579,0.371
80500,0.050,0.591,0.359
81000,0.050,0.486,0.464
81500,0.050,0.538,0.411
82000,0.050,0.492,0.458
82500,0.050,0.616,0.334
83000,0.050,0.553,0.396
83500,0.050,0.572,0.378
84000,0.050,0.616,0.334
84500,0.050,0.601,0.349
85000,0.050,0.647,0.303
85500,0.050,0.505,0.445
86000,0.050,0.575,0.375
86500,0.050,0.632,0.318
87000,0.050,0.583,0.367
87500,0.050,0.498,0.451
88000,0.050,0.599,0.351
88500,0.050,0.533,0.417
89000,0.050,0.594,0.356
89500,0.050,0.643,0.307
90000,0.050,0.633,0.317
90500,0.050,0.553,0.396
91000,0.050,0.636,0.314
91500,0.050,0.573,0.377
92000,0.050,0.565,0.385
92500,0.050,0.588,0.362
93000,0.050,0.550,0.399
93500,0.050,0.573,0.377
94000,0.050,0.584,0.366
94500,0.050,0.554,0.395
95000,0.050,0.511,0.439
95500,0.050,0.593,0.357
96000,0.050,0.611,0.339
96500,0.050,0.620,0.330
97000,0.050,0.673,0.276
97500,0.050,0.647,0.303
98000,0.050,0.615,0.335
98500,0.050,0.539,0.411
99000,0.050,0.524,0.425
99500,0.050,0.590,0.360
100000,0.050,0.568,0.382
100500,0.050,0.539,0.410
101000,0.050,0.550,0.400
101500,0.050,0.535,0.415
102000,0.050,0.616,0.334
102500,0.050,0.567,0.383
103000,0.050,0.585,0.365
103500,0.050,0.610,0.340
104000,0.050,0.555,0.394
104500,0.050,0.616,0.334
105000,0.050,0.671,0.279
105500,0.050,0.710,0.240
106000,0.050,0.681,0.269
106500,0.050,0.688,0.262
107000,0.050,0.639,0.310
107500,0.050,0.595,0.355
108000,0.050,0.545,0.404
108500,0.050,0.588,0.362
109000,0.050,0.630,0.320
109500,0.050,0.681,0.269
110000,0.050,0.660,0.289
110500,0.050,0.702,0.248
111000,0.050,0.689,0.261
111500,0.050,0.700,0.250
112000,0.050,0.715,0.235
112500,0.050,0.624,0.326
113000,0.050,0.583,0.367
113500,0.050,0.627,0.323
114000,0.050,0.622,0.328
114500,0.050,0.612,0.338
115000,0.050,0.600,0.350
115500,0.050,0.633,0.317
116000,0.050,0.569,0.381
116500,0.050,0.577,0.373
117000,0.050,0.641,0.308
117500,0.050,0.620,0.330
118000,0.050,0.604,0.346
118500,0.050,0.627,0.323
119000,0.050,0.654,0.296
119500,0.050,0.632,0.318
120000,0.050,0.578,0.372
120500,0.050,0.608,0.342
121000,0.050,0.576,0.374
121500,0.050,0.566,0.384
122000,0.050,0.552,0.397
122500,0.050,0.583,0.367
123000,0.050,0.600,0.350
123500,0.050,0.626,0.324
124000,0.050,0.595,0.355
124500,0.050,0.612,0.338
125000,0.050,0.644,0.306
125500,0.050,0.657,0.293
126000,0.050,0.614,0.336
126500,0.050,0.670,0.279
127000,0.050,0.690,0.260
127500,0.050,0.646,0.304
128000,0.050,0.591,0.359
128500,0.050,0.535,0.414
129000,0.050,0.513,0.436
129500,0.050,0.525,0.425
130000,0.050,0.560,0.390
130500,0.050,0.510,0.440
131000,0.050,0.572,0.378
131500,0.050,0.592,0.358
132000,0.050,0.584,0.366
132500,0.050,0.492,0.458
133000,0.050,0.593,0.357
133500,0.050,0.581,0.369
134000,0.050,0.534,0.416
134500,0.050,0.514,0.436
135000,0.050,0.572,0.378
135500,0.050,0.540,0.410
136000,0.050,0.619,0.331
136500,0.050,0.618,0.332
137000,0.050,0.616,0.334
137500,0.050,0.647,0.303
138000,0.050,0.650,0.299
138500,0.050,0.622,0.328
139000,0.050,0.584,0.366
139500,0.050,0.590,0.360
140000,0.050,0.623,0.327
140500,0.050,0.631,0.319
141000,0.050,0.586,0.364
141500,0.050,0.622,0.328
142000,0.050,0.538,0.412
142500,0.050,0.643,0.307
143000,0.050,0.601,0.349
143500,0.050,0.603,0.347
144000,0.050,0.621,0.329
144500,0.050,0.605,0.345
145000,0.050,0.646,0.303
145500,0.050,0.597,0.353
146000,0.050,0.581,0.369
146500,0.050,0.610,0.340
147000,0.050,0.651,0.298
147500,0.050,0.617,0.333
148000,0.050,0.589,0.361
148500,0.050,0.575,0.375
149000,0.050,0.589,0.361
149500,0.050,0.527,0.422
150000,0.050,0.529,0.421
150500,0.050,0.483,0.467
151000,0.050,0.596,0.354
151500,0.050,0.647,0.303
152000,0.050,0.569,0.381
152500,0.050,0.543,0.407
153000,0.050,0.566,0.384
153500,0.050,0.553,0.396
154000,0.050,0.599,0.351
154500,0.050,0.566,0.384
155000,0.050,0.582,0.368
155500,0.050,0.624,0.326
156000,0.050,0.651,0.299
156500,0.050,0.567,0.383
157000,0.050,0.635,0.315
157500,0.050,0.592,0.358
158000,0.050,0.515,0.434
158500,0.050,0.581,0.369
159000,0.050,0.564,0.386
159500,0.050,0.592,0.358
160000,0.050,0.644,0.305
160500,0.050,0.644,0.306
161000,0.050,0.661,0.288
161500,0.050,0.625,0.325
162000,0.050,0.594,0.356
162500,0.050,0.604,0.346
163000,0.050,0.609,0.341
163500,0.050,0.661,0.289
164000,0.050,0.653,0.296
164500,0.050,0.700,0.250
165000,0.050,0.703,0.247
165500,0.050,0.625,0.325
166000,0.050,0.612,0.338
166500,0.050,0.522,0.428
167000,0.050,0.542,0.407
167500,0.050,0.640,0.310
168000,0.050,0.630,0.320
168500,0.050,0.579,0.371
169000,0.050,0.561,0.388
169500,0.050,0.653,0.297
170000,0.050,0.582,0.368
170500,0.050,0.557,0.392
171000,0.050,0.592,0.358
171500,0.050,0.705,0.245
172000,0.050,0.638,0.312
172500,0.050,0.636,0.314
173000,0.050,0.590,0.360
173500,0.050,0.549,0.401
174000,0.050,0.661,0.289
174500,0.050,0.581,0.369
175000,0.050,0.624,0.326
175500,0.050,0.553,0.397
176000,0.050,0.514,0.436
176500,0.050,0.651,0.298
177000,0.050,0.569,0.381
177500,0.050,0.609,0.341
178000,0.050,0.519,0.431
178500,0.050,0.620,0.330
179000,0.050,0.654,0.295
179500,0.050,0.597,0.353
180000,0.050,0.669,0.280
180500,0.050,0.608,0.342
181000,0.050,0.633,0.317
181500,0.050,0.659,0.291
182000,0.050,0.595,0.355
182500,0.050,0.606,0.344
183000,0.050,0.551,0.398
183500,0.050,0.628,0.322
184000,0.050,0.644,0.305
184500,0.050,0.592,0.358
185000,0.050,0.609,0.341
185500,0.050,0.661,0.289
186000,0.050,0.581,0.369
186500,0.050,0.562,0.387
187000,0.050,0.583,0.367
187500,0.050,0.633,0.317
188000,0.050,0.658,0.292
188500,0.050,0.561,0.388
189000,0.050,0.616,0.334
189500,0.050,0.595,0.355
190000,0.050,0.579,0.371
190500,0.050,0.568,0.382
191000,0.050,0.545,0.404
191500,0.050,0.584,0.366
192000,0.050,0.625,0.325
192500,0.050,0.619,0.331
193000,0.050,0.602,0.348
193500,0.050,0.603,0.347
194000,0.050,0.541,0.409
194500,0.050,0.557,0.392
195000,0.050,0.550,0.400
195500,0.050,0.541,0.409
196000,0.050,0.603,0.347
196500,0.050,0.512,0.438
197000,0.050,0.556,0.394
197500,0.050,0.643,0.306
198000,0.050,0.615,0.335
198500,0.050,0.504,0.446
199000,0.050,0.597,0.353
199500,0.050,0.552,0.398
200000,0.050,0.572,0.378
200500,0.050,0.592,0.358
201000,0.050,0.570,0.380
201500,0.050,0.592,0.358
202000,0.050,0.585,0.365
202500,0.050,0.624,0.326
203000,0.050,0.582,0.368
203500,0.050,0.616,0.334
204000,0.050,0.577,0.373
204500,0.050,0.605,0.345
205000,0.050,0.625,0.325
205500,0.050,0.612,0.338
206000,0.050,0.596,0.354
206500,0.050,0.573,0.377
207000,0.050,0.525,0.425
207500,0.050,0.637,0.312
208000,0.050,0.694,0.256
208500,0.050,0.655,0.294
209000,0.050,0.648,0.302
209500,0.050,0.686,0.264
210000,0.050,0.559,0.390
210500,0.050,0.628,0.322
211000,0.050,0.657,0.292
211500,0.050,0.607,0.343
212000,0.050,0.579,0.371
212500,0.050,0.568,0.382
213000,0.050,0.489,0.461
213500,0.050,0.584,0.366
214000,0.050,0.577,0.373
214500,0.050,0.573,0.377
215000,0.050,0.609,0.341
215500,0.050,0.681,0.269
216000,0.050,0.679,0.270
216500,0.050,0.657,0.293
217000,0.050,0.619,0.331
217500,0.050,0.617,0.333
218000,0.050,0.619,0.331
218500,0.050,0.621,0.329
219000,0.050,0.576,0.374
219500,0.050,0.519,0.430
220000,0.050,0.578,0.372
220500,0.050,0.649,0.301
221000,0.050,0.645,0.304
221500,0.050,0.653,0.296
222000,0.050,0.621,0.329
222500,0.050,0.642,0.308
223000,0.050,0.579,0.371
223500,0.050,0.593,0.357
224000,0.050,0.555,0.395
224500,0.050,0.637,0.312
225000,0.050,0.579,0.371
225500,0.050,0.620,0.330
226000,0.050,0.519,0.430
226500,0.050,0.569,0.381
227000,0.050,0.569,0.381
227500,0.050,0.634,0.316
228000,0.050,0.512,0.438
228500,0.050,0.562,0.388
229000,0.050,0.639,0.310
229500,0.050,0.564,0.386
230000,0.050,0.630,0.320
230500,0.050,0.611,0.339
231000,0.050,0.563,0.387
231500,0.050,0.586,0.364
232000,0.050,0.637,0.312
232500,0.050,0.563,0.387
233000,0.050,0.544,0.406
233500,0.050,0.535,0.415
234000,0.050,0.632,0.318
234500,0.050,0.624,0.326
235000,0.050,0.584,0.366
235500,0.050,0.606,0.344
236000,0.050,0.591,0.359
236500,0.050,0.607,0.343
237000,0.050,0.638,0.312
237500,0.050,0.598,0.352
238000,0.050,0.517,0.432
238500,0.050,0.552,0.398
239000,0.050,0.581,0.369
239500,0.050,0.595,0.355
240000,0.050,0.567,0.383
240500,0.050,0.584,0.366
241000,0.050,0.597,0.353
241500,0.050,0.667,0.283
242000,0.050,0.698,0.252
242500,0.050,0.659,0.291
243000,0.050,0.685,0.265
243500,0.050,0.635,0.315
244000,0.050,0.554,0.396
244500,0.050,0.691,0.259
245000,0.050,0.633,0.317
245500,0.050,0.694,0.256
246000,0.050,0.594,0.356
246500,0.050,0.643,0.306
247000,0.050,0.666,0.284
247500,0.050,0.665,0.285
248000,0.050,0.577,0.373
248500,0.050,0.541,0.408
249000,0.050,0.581,0.369
249500,0.050,0.673,0.277
250000,0.050,0.703,0.247
250500,0.050,0.644,0.305
251000,0.050,0.612,0.338
251500,0.050,0.532,0.418
252000,0.050,0.709,0.241
252500,0.050,0.647,0.303
253000,0.050,0.656,0.294
253500,0.050,0.645,0.305
254000,0.050,0.627,0.323
254500,0.050,0.607,0.343
255000,0.050,0.488,0.462
255500,0.050,0.548,0.402
256000,0.050,0.560,0.390
256500,0.050,0.612,0.338
257000,0.050,0.573,0.377
257500,0.050,0.519,0.431
258000,0.050,0.638,0.311
258500,0.050,0.618,0.332
259000,0.050,0.632,0.318
259500,0.050,0.594,0.356
260000,0.050,0.549,0.401
260500,0.050,0.581,0.369
261000,0.050,0.603,0.347
261500,0.050,0.570,0.380
262000,0.050,0.656,0.293
262500,0.050,0.666,0.283
263000,0.050,0.645,0.305
263500,0.050,0.596,0.354
264000,0.050,0.613,0.337
264500,0.050,0.591,0.359
265000,0.050,0.559,0.390
265500,0.050,0.597,0.353
266000,0.050,0.594,0.356
266500,0.050,0.615,0.335
267000,0.050,0.560,0.389
267500,0.050,0.628,0.322
268000,0.050,0.640,0.310
268500,0.050,0.630,0.320
269000,0.050,0.620,0.330
269500,0.050,0.640,0.309
270000,0.050,0.544,0.405
270500,0.050,0.513,0.437
271000,0.050,0.597,0.353
271500,0.050,0.636,0.314
272000,0.050,0.672,0.278
272500,0.050,0.586,0.364
273000,0.050,0.603,0.347
273500,0.050,0.611,0.339
274000,0.050,0.608,0.342
274500,0.050,0.538,0.412
275000,0.050,0.557,0.392
275500,0.050,0.532,0.418
276000,0.050,0.606,0.344
276500,0.050,0.581,0.369
277000,0.050,0.564,0.386
277500,0.050,0.545,0.405
278000,0.050,0.612,0.338
278500,0.050,0.582,0.368
279000,0.050,0.686,0.264
279500,0.050,0.673,0.276
280000,0.050,0.619,0.331
280500,0.050,0.592,0.358
281000,0.050,0.622,0.328
281500,0.050,0.628,0.322
282000,0.050,0.643,0.306
282500,0.050,0.561,0.389
283000,0.050,0.640,0.309
283500,0.050,0.609,0.341
284000,0.050,0.611,0.339
284500,0.050,0.581,0.369
285000,0.050,0.525,0.425
285500,0.050,0.561,0.388
286000,0.050,0.639,0.310
286500,0.050,0.584,0.366
287000,0.050,0.587,0.363
287500,0.050,0.621,0.329
288000,0.050,0.545,0.404
288500,0.050,0.603,0.347
289000,0.050,0.611,0.339
289500,0.050,0.595,0.355
290000,0.050,0.484,0.465
290500,0.050,0.566,0.384
291000,0.050,0.595,0.355
291500,0.050,0.575,0.375
292000,0.050,0.634,0.316
292500,0.050,0.646,0.304
293000,0.050,0.618,0.332
293500,0.050,0.657,0.293
294000,0.050,0.642,0.307
294500,0.050,0.640,0.310
295000,0.050,0.587,0.363
295500,0.050,0.536,0.413
296000,0.050,0.574,0.376
296500,0.050,0.592,0.358
297000,0.050,0.556,0.393
297500,0.050,0.571,0.379
298000,0.050,0.604,0.346
298500,0.050,0.615,0.335
299000,0.050,0.655,0.295
299500,0.050,0.603,0.347
300000,0.050,0.609,0.341
300500,0.050,0.638,0.312
301000,0.050,0.542,0.407
301500,0.050,0.649,0.300
302000,0.050,0.630,0.320
302500,0.050,0.610,0.340
303000,0.050,0.570,0.380
303500,0.050,0.586,0.364
304000,0.050,0.666,0.283
304500,0.050,0.596,0.354
305000,0.050,0.665,0.285
305500,0.050,0.565,0.385
306000,0.050,0.562,0.387
306500,0.050,0.557,0.392
307000,0.050,0.604,0.346
307500,0.050,0.586,0.364
308000,0.050,0.554,0.396
308500,0.050,0.630,0.320
309000,0.050,0.650,0.300
309500,0.050,0.657,0.293
310000,0.050,0.677,0.273
310500,0.050,0.654,0.295
311000,0.050,0.615,0.335
311500,0.050,0.594,0.356
312000,0.050,0.663,0.286
312500,0.050,0.652,0.297
313000,0.050,0.629,0.321
313500,0.050,0.541,0.408
314000,0.050,0.534,0.415
314500,0.050,0.584,0.366
315000,0.050,0.559,0.390
315500,0.050,0.545,0.404
316000,0.050,0.558,0.391
316500,0.050,0.479,0.470
317000,0.050,0.479,0.471
317500,0.050,0.478,0.471
318000,0.050,0.585,0.365
318500,0.050,0.535,0.415
319000,0.050,0.587,0.363
319500,0.050,0.606,0.344
320000,0.050,0.616,0.334
320500,0.050,0.576,0.374
321000,0.050,0.609,0.341
321500,0.050,0.567,0.383
322000,0.050,0.523,0.426
322500,0.050,0.535,0.414
323000,0.050,0.554,0.396
323500,0.050,0.575,0.375
324000,0.050,0.634,0.316
324500,0.050,0.608,0.342
325000,0.050,0.618,0.332
325500,0.050,0.576,0.374
326000,0.050,0.572,0.378
326500,0.050,0.621,0.329
327000,0.050,0.565,0.385
327500,0.050,0.645,0.304
328000,0.050,0.553,0.397
328500,0.050,0.625,0.325
329000,0.050,0.619,0.331
329500,0.050,0.624,0.326
330000,0.050,0.574,0.376
330500,0.050,0.612,0.338
331000,0.050,0.578,0.372
331500,0.050,0.595,0.355
332000,0.050,0.551,0.398
332500,0.050,0.560,0.389
333000,0.050,0.598,0.352
333500,0.050,0.521,0.429
334000,0.050,0.650,0.299
334500,0.050,0.560,0.390
335000,0.050,0.615,0.335
335500,0.050,0.585,0.365
336000,0.050,0.556,0.393
336500,0.050,0.650,0.300
337000,0.050,0.721,0.229
337500,0.050,0.727,0.223
338000,0.050,0.686,0.264
338500,0.050,0.601,0.349
339000,0.050,0.487,0.462
339500,0.050,0.467,0.483
340000,0.050,0.544,0.406
340500,0.050,0.605,0.345
341000,0.050,0.624,0.326
341500,0.050,0.664,0.285
342000,0.050,0.588,0.362
342500,0.050,0.560,0.389
343000,0.050,0.559,0.391
343500,0.050,0.693,0.257
344000,0.050,0.604,0.346
344500,0.050,0.650,0.300
345000,0.050,0.525,0.425
345500,0.050,0.538,0.412
346000,0.050,0.516,0.433
346500,0.050,0.568,0.382
347000,0.050,0.609,0.341
347500,0.050,0.549,0.401
348000,0.050,0.587,0.363
348500,0.050,0.626,0.324
349000,0.050,0.604,0.346
349500,0.050,0.573,0.377
350000,0.050,0.565,0.385
350500,0.050,0.665,0.284
351000,0.050,0.675,0.275
351500,0.050,0.634,0.316
352000,0.050,0.644,0.306
352500,0.050,0.582,0.368
353000,0.050,0.556,0.393
353500,0.050,0.542,0.407
354000,0.050,0.580,0.370
354500,0.050,0.593,0.357
355000,0.050,0.584,0.366
355500,0.050,0.523,0.426
356000,0.050,0.575,0.375
356500,0.050,0.529,0.420
357000,0.050,0.499,0.451
357500,0.050,0.485,0.465
358000,0.050,0.594,0.356
358500,0.050,0.593,0.357
359000,0.050,0.623,0.327
359500,0.050,0.655,0.295
360000,0.050,0.636,0.314
360500,0.050,0.635,0.315
361000,0.050,0.634,0.316
361500,0.050,0.665,0.284
362000,0.050,0.677,0.273
362500,0.050,0.615,0.335
363000,0.050,0.597,0.353
363500,0.050,0.664,0.285
364000,0.050,0.665,0.285
364500,0.050,0.597,0.353
365000,0.050,0.584,0.366
365500,0.050,0.605,0.345
366000,0.050,0.562,0.387
366500,0.050,0.604,0.346
367000,0.050,0.582,0.368
367500,0.050,0.579,0.371
368000,0.050,0.599,0.351
368500,0.050,0.661,0.288
369000,0.050,0.592,0.358
369500,0.050,0.617,0.333
370000,0.050,0.613,0.337
370500,0.050,0.659,0.290
371000,0.050,0.654,0.296
371500,0.050,0.663,0.286
372000,0.050,0.637,0.312
372500,0.050,0.639,0.310
373000,0.050,0.690,0.260
373500,0.050,0.640,0.309
374000,0.050,0.543,0.407
374500,0.050,0.523,0.426
375000,0.050,0.515,0.435
375500,0.050,0.518,0.431
376000,0.050,0.522,0.428
376500,0.050,0.537,0.413
377000,0.050,0.501,0.449
377500,0.050,0.539,0.410
378000,0.050,0.670,0.280
378500,0.050,0.683,0.267
379000,0.050,0.606,0.344
379500,0.050,0.577,0.373
380000,0.050,0.635,0.315
380500,0.050,0.559,0.390
381000,0.050,0.584,0.366
381500,0.050,0.590,0.360
382000,0.050,0.648,0.302
382500,0.050,0.574,0.376
383000,0.050,0.588,0.362
383500,0.050,0.643,0.307
384000,0.050,0.608,0.342
384500,0.050,0.612,0.338
385000,0.050,0.652,0.298
385500,0.050,0.588,0.362
386000,0.050,0.593,0.357
386500,0.050,0.606,0.344
387000,0.050,0.615,0.335
387500,0.050,0.669,0.280
388000,0.050,0.628,0.322
388500,0.050,0.617,0.333
389000,0.050,0.587,0.363
389500,0.050,0.683,0.267
390000,0.050,0.581,0.369
390500,0.050,0.602,0.348
391000,0.050,0.538,0.411
391500,0.050,0.561,0.389
392000,0.050,0.491,0.459
392500,0.050,0.418,0.531
393000,0.050,0.540,0.409
393500,0.050,0.528,0.421
394000,0.050,0.536,0.414
394500,0.050,0.540,0.410
395000,0.050,0.607,0.343
395500,0.050,0.548,0.401
396000,0.050,0.596,0.354
396500,0.050,0.598,0.352
397000,0.050,0.617,0.333
397500,0.050,0.581,0.369
398000,0.050,0.607,0.343
398500,0.050,0.569,0.381
399000,0.050,0.552,0.398
399500,0.050,0.626,0.324
400000,0.050,0.663,0.287
400500,0.050,0.614,0.336
401000,0.050,0.631,0.319
401500,0.050,0.602,0.348
402000,0.050,0.619,0.331
402500,0.050,0.697,0.253
403000,0.050,0.623,0.327
403500,0.050,0.610,0.340
404000,0.050,0.606,0.344
404500,0.050,0.602,0.348
405000,0.050,0.615,0.335
405500,0.050,0.616,0.334
406000,0.050,0.668,0.281
406500,0.050,0.640,0.310
407000,0.050,0.604,0.346
407500,0.050,0.603,0.347
408000,0.050,0.622,0.328
408500,0.050,0.671,0.278
409000,0.050,0.638,0.311
409500,0.050,0.724,0.226
410000,0.050,0.672,0.278
410500,0.050,0.637,0.312
411000,0.050,0.652,0.298
411500,0.050,0.613,0.337
412000,0.050,0.584,0.366
412500,0.050,0.645,0.305
413000,0.050,0.704,0.246
413500,0.050,0.637,0.312
414000,0.050,0.601,0.349
414500,0.050,0.627,0.323
415000,0.050,0.557,0.392
415500,0.050,0.598,0.352
416000,0.050,0.583,0.367
416500,0.050,0.587,0.363
417000,0.050,0.537,0.412
417500,0.050,0.621,0.329
418000,0.050,0.560,0.389
418500,0.050,0.628,0.322
419000,0.050,0.576,0.374
419500,0.050,0.558,0.391
420000,0.050,0.605,0.345
420500,0.050,0.656,0.293
421000,0.050,0.583,0.367
421500,0.050,0.600,0.350
422000,0.050,0.661,0.289
422500,0.050,0.660,0.290
423000,0.050,0.600,0.350
423500,0.050,0.579,0.371
424000,0.050,0.567,0.383
424500,0.050,0.533,0.417
425000,0.050,0.526,0.423
425500,0.050,0.507,0.443
426000,0.050,0.579,0.371
426500,0.050,0.553,0.397
427000,0.050,0.531,0.419
427500,0.050,0.584,0.366
428000,0.050,0.607,0.343
428500,0.050,0.598,0.352
429000,0.050,0.605,0.345
429500,0.050,0.573,0.377
430000,0.050,0.625,0.325
430500,0.050,0.517,0.433
431000,0.050,0.609,0.341
431500,0.050,0.647,0.303
432000,0.050,0.638,0.312
432500,0.050,0.711,0.239
433000,0.050,0.644,0.305
433500,0.050,0.623,0.327
434000,0.050,0.646,0.304
434500,0.050,0.694,0.256
435000,0.050,0.581,0.369
435500,0.050,0.680,0.269
436000,0.050,0.652,0.297
436500,0.050,0.585,0.365
437000,0.050,0.597,0.353
437500,0.050,0.634,0.316
438000,0.050,0.552,0.398
438500,0.050,0.583,0.367
439000,0.050,0.590,0.360
439500,0.050,0.579,0.371
440000,0.050,0.660,0.289
440500,0.050,0.600,0.350
441000,0.050,0.660,0.289
441500,0.050,0.615,0.335
442000,0.050,0.617,0.333
442500,0.050,0.627,0.323
443000,0.050,0.607,0.343
443500,0.050,0.690,0.260
444000,0.050,0.641,0.309
444500,0.050,0.602,0.348
445000,0.050,0.613,0.337
445500,0.050,0.668,0.282
446000,0.050,0.671,0.279
446500,0.050,0.633,0.317
447000,0.050,0.585,0.365
447500,0.050,0.625,0.325
448000,0.050,0.664,0.286
448500,0.050,0.640,0.309
449000,0.050,0.655,0.295
449500,0.050,0.656,0.294
450000,0.050,0.614,0.336
450500,0.050,0.522,0.427
451000,0.050,0.559,0.390
451500,0.050,0.568,0.382
452000,0.050,0.586,0.364
452500,0.050,0.669,0.281
453000,0.050,0.658,0.292
453500,0.050,0.608,0.342
454000,0.050,0.522,0.427
454500,0.050,0.548,0.402
455000,0.050,0.540,0.410
455500,0.050,0.538,0.411
456000,0.050,0.582,0.368
456500,0.050,0.567,0.383
457000,0.050,0.584,0.366
457500,0.050,0.598,0.352
458000,0.050,0.686,0.264
458500,0.050,0.609,0.341
459000,0.050,0.599,0.351
459500,0.050,0.542,0.408
460000,0.050,0.571,0.379
460500,0.050,0.535,0.415
461000,0.050,0.464,0.486
461500,0.050,0.536,0.414
462000,0.050,0.629,0.321
462500,0.050,0.610,0.340
463000,0.050,0.557,0.393
463500,0.050,0.490,0.460
464000,0.050,0.568,0.382
464500,0.050,0.580,0.370
465000,0.050,0.600,0.350
465500,0.050,0.564,0.386
466000,0.050,0.614,0.336
466500,0.050,0.622,0.328
467000,0.050,0.608,0.342
467500,0.050,0.633,0.317
468000,0.050,0.582,0.368
468500,0.050,0.617,0.333
469000,0.050,0.652,0.298
469500,0.050,0.712,0.238
470000,0.050,0.642,0.307
470500,0.050,0.695,0.255
471000,0.050,0.666,0.283
471500,0.050,0.630,0.320
472000,0.050,0.621,0.329
472500,0.050,0.566,0.384
473000,0.050,0.596,0.354
473500,0.050,0.603,0.347
474000,0.050,0.566,0.384
474500,0.050,0.570,0.380
475000,0.050,0.562,0.388
475500,0.050,0.491,0.458
476000,0.050,0.605,0.345
476500,0.050,0.617,0.333
477000,0.050,0.708,0.242
477500,0.050,0.610,0.340
478000,0.050,0.595,0.355
478500,0.050,0.561,0.389
479000,0.050,0.588,0.362
479500,0.050,0.565,0.385
480000,0.050,0.566,0.384
480500,0.050,0.558,0.391
481000,0.050,0.591,0.359
481500,0.050,0.582,0.368
482000,0.050,0.589,0.361
482500,0.050,0.630,0.320
483000,0.050,0.592,0.358
483500,0.050,0.568,0.382
484000,0.050,0.588,0.362
484500,0.050,0.577,0.373
485000,0.050,0.593,0.357
485500,0.050,0.647,0.303
486000,0.050,0.676,0.274
486500,0.050,0.647,0.302
487000,0.050,0.611,0.339
487500,0.050,0.591,0.359
488000,0.050,0.576,0.374
488500,0.050,0.631,0.319
489000,0.050,0.631,0.319
489500,0.050,0.635,0.315
490000,0.050,0.594,0.356
490500,0.050,0.690,0.260
491000,0.050,0.632,0.318
491500,0.050,0.596,0.354
492000,0.050,0.673,0.276
492500,0.050,0.635,0.315
493000,0.050,0.624,0.326
493500,0.050,0.640,0.309
494000,0.050,0.546,0.404
494500,0.050,0.552,0.398
495000,0.050,0.521,0.428
495500,0.050,0.554,0.396
496000,0.050,0.598,0.352
496500,0.050,0.579,0.371
497000,0.050,0.644,0.305
497500,0.050,0.609,0.341
498000,0.050,0.552,0.398
498500,0.050,0.586,0.364
499000,0.050,0.501,0.449
499500,0.050,0.560,0.390
500000,0.050,0.554,0.395
500500,0.050,0.535,0.414
501000,0.050,0.557,0.393
501500,0.050,0.482,0.467
502000,0.050,0.578,0.372
502500,0.050,0.634,0.316
503000,0.050,0.643,0.307
503500,0.050,0.612,0.338
504000,0.050,0.672,0.278
504500,0.050,0.617,0.333
505000,0.050,0.623,0.327
505500,0.050,0.635,0.315
506000,0.050,0.692,0.258
506500,0.050,0.593,0.357
507000,0.050,0.612,0.338
507500,0.050,0.586,0.364
508000,0.050,0.597,0.353
508500,0.050,0.572,0.378
509000,0.050,0.568,0.382
509500,0.050,0.566,0.384
510000,0.050,0.626,0.324
510500,0.050,0.610,0.340
511000,0.050,0.673,0.277
511500,0.050,0.629,0.321
512000,0.050,0.627,0.323
512500,0.050,0.579,0.371
513000,0.050,0.597,0.353
513500,0.050,0.612,0.338
514000,0.050,0.637,0.312
514500,0.050,0.641,0.308
515000,0.050,0.604,0.346
515500,0.050,0.537,0.413
516000,0.050,0.642,0.307
516500,0.050,0.654,0.295
517000,0.050,0.650,0.300
517500,0.050,0.627,0.323
518000,0.050,0.594,0.356
518500,0.050,0.599,0.351
519000,0.050,0.547,0.403
519500,0.050,0.659,0.291
520000,0.050,0.637,0.313
520500,0.050,0.575,0.375
521000,0.050,0.592,0.358
521500,0.050,0.631,0.319
522000,0.050,0.574,0.376
522500,0.050,0.545,0.405
523000,0.050,0.656,0.294
523500,0.050,0.633,0.317
524000,0.050,0.568,0.382
524500,0.050,0.564,0.386
525000,0.050,0.522,0.427
525500,0.050,0.586,0.364
526000,0.050,0.572,0.378
526500,0.050,0.632,0.318
527000,0.050,0.663,0.286
527500,0.050,0.628,0.322
528000,0.050,0.686,0.264
528500,0.050,0.636,0.314
529000,0.050,0.669,0.281
529500,0.050,0.625,0.325
530000,0.050,0.570,0.380
530500,0.050,0.579,0.371
531000,0.050,0.532,0.418
531500,0.050,0.548,0.402
532000,0.050,0.559,0.391
532500,0.050,0.622,0.328
533000,0.050,0.612,0.338
533500,0.050,0.670,0.280
534000,0.050,0.608,0.342
534500,0.050,0.559,0.390
535000,0.050,0.500,0.450
535500,0.050,0.523,0.427
536000,0.050,0.621,0.329
536500,0.050,0.577,0.373
537000,0.050,0.675,0.275
537500,0.050,0.682,0.268
538000,0.050,0.672,0.278
538500,0.050,0.615,0.335
539000,0.050,0.599,0.351
539500,0.050,0.530,0.419
540000,0.050,0.579,0.371
540500,0.050,0.618,0.332
541000,0.050,0.600,0.350
541500,0.050,0.571,0.379
542000,0.050,0.594,0.356
542500,0.050,0.596,0.354
543000,0.050,0.614,0.336
543500,0.050,0.600,0.350
544000,0.050,0.581,0.369
544500,0.050,0.660,0.290
545000,0.050,0.641,0.308
545500,0.050,0.608,0.342
546000,0.050,0.597,0.353
546500,0.050,0.621,0.329
547000,0.050,0.567,0.383
547500,0.050,0.564,0.386
548000,0.050,0.651,0.299
548500,0.050,0.642,0.307
549000,0.050,0.643,0.306
549500,0.050,0.615,0.335
550000,0.050,0.675,0.274
550500,0.050,0.630,0.320
551000,0.050,0.591,0.359
551500,0.050,0.595,0.355
552000,0.050,0.631,0.319
552500,0.050,0.580,0.370
553000,0.050,0.675,0.275
553500,0.050,0.509,0.441
554000,0.050,0.589,0.361
554500,0.050,0.532,0.417
555000,0.050,0.560,0.390
555500,0.050,0.573,0.377
556000,0.050,0.551,0.398
556500,0.050,0.610,0.340
557000,0.050,0.635,0.315
557500,0.050,0.614,0.336
558000,0.050,0.515,0.434
558500,0.050,0.544,0.405
559000,0.050,0.603,0.347
559500,0.050,0.523,0.427
560000,0.050,0.561,0.388
560500,0.050,0.582,0.368
561000,0.050,0.601,0.349
561500,0.050,0.592,0.358
562000,0.050,0.575,0.375
562500,0.050,0.567,0.383
563000,0.050,0.469,0.481
563500,0.050,0.613,0.337
564000,0.050,0.535,0.415
564500,0.050,0.552,0.398
565000,0.050,0.548,0.402
565500,0.050,0.551,0.398
566000,0.050,0.595,0.355
566500,0.050,0.656,0.293
567000,0.050,0.594,0.356
567500,0.050,0.547,0.402
568000,0.050,0.494,0.456
568500,0.050,0.623,0.327
569000,0.050,0.643,0.306
569500,0.050,0.612,0.338
570000,0.050,0.561,0.388
570500,0.050,0.638,0.312
571000,0.050,0.599,0.351
571500,0.050,0.626,0.324
572000,0.050,0.634,0.316
572500,0.050,0.619,0.331
573000,0.050,0.569,0.381
573500,0.050,0.627,0.323
574000,0.050,0.584,0.366
574500,0.050,0.544,0.406
575000,0.050,0.607,0.343
575500,0.050,0.696,0.254
576000,0.050,0.674,0.275
576500,0.050,0.524,0.426
577000,0.050,0.620,0.330
577500,0.050,0.618,0.332
578000,0.050,0.586,0.364
578500,0.050,0.613,0.337
579000,0.050,0.571,0.379
579500,0.050,0.522,0.428
580000,0.050,0.598,0.352
580500,0.050,0.610,0.340
581000,0.050,0.548,0.402
581500,0.050,0.613,0.337
582000,0.050,0.586,0.364
582500,0.050,0.630,0.320
583000,0.050,0.642,0.307
583500,0.050,0.599,0.351
584000,0.050,0.566,0.384
584500,0.050,0.611,0.339
585000,0.050,0.535,0.414
585500,0.050,0.553,0.397
586000,0.050,0.562,0.388
586500,0.050,0.571,0.379
587000,0.050,0.498,0.452
587500,0.050,0.506,0.444
588000,0.050,0.539,0.410
588500,0.050,0.560,0.390
589000,0.050,0.558,0.392
589500,0.050,0.506,0.444
590000,0.050,0.547,0.402
590500,0.050,0.637,0.313
591000,0.050,0.646,0.304
591500,0.050,0.578,0.372
592000,0.050,0.537,0.413
592500,0.050,0.528,0.421
593000,0.050,0.583,0.367
593500,0.050,0.616,0.334
594000,0.050,0.665,0.285
594500,0.050,0.570,0.380
595000,0.050,0.589,0.361
595500,0.050,0.583,0.367
596000,0.050,0.644,0.306
596500,0.050,0.625,0.325
597000,0.050,0.616,0.334
597500,0.050,0.635,0.315
598000,0.050,0.569,0.381
598500,0.050,0.612,0.338
599000,0.050,0.622,0.328
599500,0.050,0.614,0.336
600000,0.050,0.627,0.323
600500,0.050,0.680,0.269
601000,0.050,0.661,0.289
601500,0.050,0.592,0.358
602000,0.050,0.594,0.356
602500,0.050,0.555,0.394
603000,0.050,0.652,0.297
603500,0.050,0.645,0.304
604000,0.050,0.586,0.364
604500,0.050,0.642,0.308
605000,0.050,0.591,0.359
605500,0.050,0.583,0.367
606000,0.050,0.626,0.324
606500,0.050,0.678,0.272
607000,0.050,0.686,0.263
607500,0.050,0.642,0.307
608000,0.050,0.609,0.341
608500,0.050,0.564,0.386
609000,0.050,0.494,0.455
609500,0.050,0.505,0.445
610000,0.050,0.506,0.444
610500,0.050,0.538,0.411
611000,0.050,0.631,0.319
611500,0.050,0.604,0.346
612000,0.050,0.551,0.399
612500,0.050,0.518,0.431
613000,0.050,0.557,0.393
613500,0.050,0.526,0.423
614000,0.050,0.585,0.365
614500,0.050,0.587,0.363
615000,0.050,0.622,0.328
615500,0.050,0.553,0.397
616000,0.050,0.625,0.325
616500,0.050,0.554,0.396
617000,0.050,0.503,0.447
617500,0.050,0.573,0.377
618000,0.050,0.549,0.401
618500,0.050,0.522,0.428
619000,0.050,0.603,0.347
619500,0.050,0.621,0.329
620000,0.050,0.614,0.336
620500,0.050,0.539,0.410
621000,0.050,0.644,0.305
621500,0.050,0.683,0.266
622000,0.050,0.665,0.284
622500,0.050,0.625,0.325
623000,0.050,0.691,0.259
623500,0.050,0.699,0.251
624000,0.050,0.684,0.265
624500,0.050,0.664,0.285
625000,0.050,0.637,0.313
625500,0.050,0.538,0.411
626000,0.050,0.495,0.455
626500,0.050,0.640,0.309
627000,0.050,0.679,0.271
627500,0.050,0.588,0.362
628000,0.050,0.508,0.442
628500,0.050,0.535,0.415
629000,0.050,0.522,0.427
629500,0.050,0.603,0.347
630000,0.050,0.572,0.378
630500,0.050,0.570,0.380
631000,0.050,0.553,0.396
631500,0.050,0.543,0.406
632000,0.050,0.614,0.336
632500,0.050,0.659,0.291
633000,0.050,0.621,0.329
633500,0.050,0.579,0.371
634000,0.050,0.682,0.267
634500,0.050,0.582,0.368
635000,0.050,0.586,0.364
635500,0.050,0.635,0.315
636000,0.050,0.614,0.336
636500,0.050,0.616,0.334
637000,0.050,0.574,0.376
637500,0.050,0.561,0.388
638000,0.050,0.535,0.415
638500,0.050,0.631,0.319
639000,0.050,0.646,0.304
639500,0.050,0.671,0.279
640000,0.050,0.648,0.301
640500,0.050,0.629,0.321
641000,0.050,0.682,0.267
641500,0.050,0.642,0.308
642000,0.050,0.666,0.284
642500,0.050,0.607,0.343
643000,0.050,0.621,0.329
643500,0.050,0.642,0.308
644000,0.050,0.595,0.355
644500,0.050,0.650,0.300
645000,0.050,0.638,0.312
645500,0.050,0.553,0.396
646000,0.050,0.586,0.364
646500,0.050,0.514,0.436
647000,0.050,0.585,0.365
647500,0.050,0.567,0.383
648000,0.050,0.581,0.369
648500,0.050,0.504,0.446
649000,0.050,0.527,0.422
649500,0.050,0.596,0.354
650000,0.050,0.624,0.326
650500,0.050,0.592,0.358
651000,0.050,0.560,0.389
651500,0.050,0.626,0.324
652000,0.050,0.553,0.396
652500,0.050,0.606,0.344
653000,0.050,0.561,0.388
653500,0.050,0.560,0.390
654000,0.050,0.656,0.294
654500,0.050,0.585,0.365
655000,0.050,0.600,0.350
655500,0.050,0.638,0.312
656000,0.050,0.634,0.316
656500,0.050,0.576,0.374
657000,0.050,0.650,0.300
657500,0.050,0.618,0.332
658000,0.050,0.625,0.325
658500,0.050,0.685,0.264
659000,0.050,0.638,0.312
659500,0.050,0.628,0.322
660000,0.050,0.553,0.396
660500,0.050,0.614,0.336
661000,0.050,0.641,0.308
661500,0.050,0.613,0.337
662000,0.050,0.642,0.308
662500,0.050,0.609,0.341
663000,0.050,0.585,0.365
663500,0.050,0.638,0.311
664000,0.050,0.655,0.294
664500,0.050,0.588,0.362
665000,0.050,0.588,0.362
665500,0.050,0.499,0.450
666000,0.050,0.534,0.416
666500,0.050,0.566,0.384
667000,0.050,0.560,0.390
667500,0.050,0.537,0.412
668000,0.050,0.518,0.431
668500,0.050,0.504,0.446
669000,0.050,0.467,0.483
669500,0.050,0.468,0.482
670000,0.050,0.585,0.365
670500,0.050,0.593,0.357
671000,0.050,0.577,0.373
671500,0.050,0.554,0.396
672000,0.050,0.644,0.306
672500,0.050,0.660,0.289
673000,0.050,0.577,0.373
673500,0.050,0.540,0.409
674000,0.050,0.635,0.315
674500,0.050,0.563,0.387
675000,0.050,0.577,0.373
675500,0.050,0.615,0.335
676000,0.050,0.546,0.403
676500,0.050,0.608,0.342
677000,0.050,0.614,0.336
677500,0.050,0.594,0.356
678000,0.050,0.618,0.332
678500,0.050,0.574,0.376
679000,0.050,0.530,0.420
679500,0.050,0.529,0.420
680000,0.050,0.565,0.385
680500,0.050,0.549,0.400
681000,0.050,0.522,0.427
681500,0.050,0.540,0.410
682000,0.050,0.548,0.401
682500,0.050,0.586,0.364
683000,0.050,0.595,0.355
683500,0.050,0.549,0.401
684000,0.050,0.598,0.352
684500,0.050,0.541,0.408
685000,0.050,0.625,0.325
685500,0.050,0.658,0.292
686000,0.050,0.672,0.277
686500,0.050,0.686,0.264
687000,0.050,0.629,0.321
687500,0.050,0.641,0.309
688000,0.050,0.572,0.378
688500,0.050,0.559,0.390
689000,0.050,0.553,0.396
689500,0.050,0.546,0.404
690000,0.050,0.700,0.250
690500,0.050,0.709,0.241
691000,0.050,0.602,0.348
691500,0.050,0.621,0.329
692000,0.050,0.671,0.279
692500,0.050,0.716,0.234
693000,0.050,0.651,0.298
693500,0.050,0.556,0.394
694000,0.050,0.587,0.363
694500,0.050,0.533,0.416
695000,0.050,0.557,0.393
695500,0.050,0.618,0.332
696000,0.050,0.635,0.315
696500,0.050,0.547,0.403
697000,0.050,0.519,0.431
697500,0.050,0.524,0.425
698000,0.050,0.630,0.320
698500,0.050,0.656,0.294
699000,0.050,0.585,0.365
699500,0.050,0.574,0.376
700000,0.050,0.600,0.350
700500,0.050,0.606,0.344
701000,0.050,0.668,0.282
701500,0.050,0.621,0.329
702000,0.050,0.610,0.340
702500,0.050,0.706,0.244
703000,0.050,0.721,0.229
703500,0.050,0.629,0.321
704000,0.050,0.567,0.383
704500,0.050,0.604,0.346
705000,0.050,0.568,0.382
705500,0.050,0.589,0.361
706000,0.050,0.589,0.361
706500,0.050,0.622,0.328
707000,0.050,0.582,0.368
707500,0.050,0.506,0.444
708000,0.050,0.601,0.349
708500,0.050,0.648,0.301
709000,0.050,0.567,0.383
709500,0.050,0.585,0.365
710000,0.050,0.652,0.298
710500,0.050,0.627,0.323
711000,0.050,0.648,0.302
711500,0.050,0.630,0.320
712000,0.050,0.579,0.371
712500,0.050,0.582,0.368
713000,0.050,0.614,0.336
713500,0.050,0.698,0.252
714000,0.050,0.730,0.220
714500,0.050,0.606,0.344
715000,0.050,0.571,0.379
715500,0.050,0.548,0.402
716000,0.050,0.640,0.310
716500,0.050,0.636,0.314
717000,0.050,0.705,0.245
717500,0.050,0.624,0.326
718000,0.050,0.547,0.403
718500,0.050,0.608,0.342
719000,0.050,0.559,0.391
719500,0.050,0.513,0.437
720000,0.050,0.533,0.417
720500,0.050,0.515,0.435
721000,0.050,0.615,0.335
721500,0.050,0.595,0.355
722000,0.050,0.671,0.279
722500,0.050,0.641,0.309
723000,0.050,0.606,0.344
723500,0.050,0.575,0.375
724000,0.050,0.539,0.410
724500,0.050,0.483,0.466
725000,0.050,0.489,0.460
725500,0.050,0.599,0.351
726000,0.050,0.664,0.285
726500,0.050,0.640,0.310
727000,0.050,0.659,0.290
727500,0.050,0.511,0.439
728000,0.050,0.577,0.373
728500,0.050,0.624,0.326
729000,0.050,0.616,0.334
729500,0.050,0.620,0.330
730000,0.050,0.633,0.317
730500,0.050,0.616,0.334
731000,0.050,0.633,0.317
731500,0.050,0.578,0.372
732000,0.050,0.625,0.325
732500,0.050,0.654,0.295
733000,0.050,0.671,0.279
733500,0.050,0.704,0.246
734000,0.050,0.572,0.378
734500,0.050,0.566,0.384
735000,0.050,0.606,0.344
735500,0.050,0.576,0.374
736000,0.050,0.609,0.341
736500,0.050,0.686,0.263
737000,0.050,0.622,0.328
737500,0.050,0.594,0.356
738000,0.050,0.611,0.339
738500,0.050,0.585,0.365
739000,0.050,0.607,0.343
739500,0.050,0.645,0.305
740000,0.050,0.599,0.351
740500,0.050,0.552,0.397
741000,0.050,0.624,0.326
741500,0.050,0.591,0.359
742000,0.050,0.607,0.343
742500,0.050,0.583,0.367
743000,0.050,0.459,0.491
743500,0.050,0.515,0.435
744000,0.050,0.589,0.361
744500,0.050,0.644,0.305
745000,0.050,0.583,0.367
745500,0.050,0.603,0.347
746000,0.050,0.551,0.399
746500,0.050,0.622,0.328
747000,0.050,0.668,0.281
747500,0.050,0.605,0.345
748000,0.050,0.616,0.334
748500,0.050,0.592,0.358
749000,0.050,0.557,0.392
749500,0.050,0.562,0.388
750000,0.050,0.554,0.395
750500,0.050,0.527,0.423
751000,0.050,0.624,0.326
751500,0.050,0.588,0.362
752000,0.050,0.695,0.255
752500,0.050,0.684,0.265
753000,0.050,0.607,0.343
753500,0.050,0.666,0.283
754000,0.050,0.662,0.287
754500,0.050,0.591,0.359
755000,0.050,0.582,0.368
755500,0.050,0.490,0.459
756000,0.050,0.549,0.400
756500,0.050,0.634,0.316
757000,0.050,0.582,0.368
757500,0.050,0.623,0.327
758000,0.050,0.639,0.311
758500,0.050,0.567,0.383
759000,0.050,0.644,0.306
759500,0.050,0.610,0.340
760000,0.050,0.621,0.329
760500,0.050,0.559,0.391
761000,0.050,0.577,0.373
761500,0.050,0.547,0.403
762000,0.050,0.489,0.460
762500,0.050,0.476,0.474
763000,0.050,0.586,0.364
763500,0.050,0.559,0.390
764000,0.050,0.600,0.350
764500,0.050,0.576,0.374
765000,0.050,0.614,0.336
765500,0.050,0.561,0.389
766000,0.050,0.611,0.339
766500,0.050,0.588,0.362
767000,0.050,0.610,0.340
767500,0.050,0.540,0.410
768000,0.050,0.535,0.415
768500,0.050,0.551,0.398
769000,0.050,0.590,0.360
769500,0.050,0.528,0.421
770000,0.050,0.550,0.400
770500,0.050,0.577,0.373
771000,0.050,0.640,0.310
771500,0.050,0.615,0.335
772000,0.050,0.534,0.415
772500,0.050,0.608,0.342
773000,0.050,0.634,0.316
773500,0.050,0.602,0.348
774000,0.050,0.525,0.424
774500,0.050,0.513,0.436
775000,0.050,0.581,0.369
775500,0.050,0.571,0.379
776000,0.050,0.623,0.327
776500,0.050,0.630,0.320
777000,0.050,0.594,0.356
777500,0.050,0.549,0.401
778000,0.050,0.602,0.348
778500,0.050,0.624,0.326
779000,0.050,0.596,0.354
779500,0.050,0.622,0.328
780000,0.050,0.575,0.375
780500,0.050,0.545,0.405
781000,0.050,0.556,0.393
781500,0.050,0.492,0.457
782000,0.050,0.528,0.421
782500,0.050,0.534,0.415
783000,0.050,0.551,0.398
783500,0.050,0.510,0.440
784000,0.050,0.634,0.316
784500,0.050,0.522,0.428
785000,0.050,0.623,0.327
785500,0.050,0.529,0.421
786000,0.050,0.487,0.462
786500,0.050,0.524,0.425
787000,0.050,0.551,0.398
787500,0.050,0.574,0.376
788000,0.050,0.551,0.398
788500,0.050,0.590,0.360
789000,0.050,0.613,0.337
789500,0.050,0.634,0.316
790000,0.050,0.638,0.312
790500,0.050,0.578,0.372
791000,0.050,0.584,0.366
791500,0.050,0.492,0.457
792000,0.050,0.581,0.369
792500,0.050,0.539,0.411
793000,0.050,0.519,0.430
793500,0.050,0.527,0.423
794000,0.050,0.543,0.406
794500,0.050,0.570,0.380
795000,0.050,0.581,0.369
795500,0.050,0.660,0.290
796000,0.050,0.622,0.328
796500,0.050,0.611,0.339
797000,0.050,0.658,0.291
797500,0.050,0.572,0.378
798000,0.050,0.517,0.433
798500,0.050,0.581,0.369
799000,0.050,0.572,0.378
799500,0.050,0.547,0.402
800000,0.050,0.614,0.336
800500,0.050,0.594,0.356
801000,0.050,0.561,0.388
801500,0.050,0.567,0.383
802000,0.050,0.584,0.366
802500,0.050,0.617,0.333
803000,0.050,0.543,0.407
803500,0.050,0.577,0.373
804000,0.050,0.552,0.398
804500,0.050,0.560,0.390
805000,0.050,0.580,0.370
805500,0.050,0.587,0.363
806000,0.050,0.606,0.344
806500,0.050,0.605,0.345
807000,0.050,0.542,0.407
807500,0.050,0.602,0.348
808000,0.050,0.640,0.309
808500,0.050,0.647,0.302
809000,0.050,0.624,0.326
809500,0.050,0.655,0.295
810000,0.050,0.604,0.346
810500,0.050,0.598,0.352
811000,0.050,0.540,0.410
811500,0.050,0.512,0.438
812000,0.050,0.620,0.330
812500,0.050,0.611,0.339
813000,0.050,0.688,0.262
813500,0.050,0.662,0.287
814000,0.050,0.653,0.297
814500,0.050,0.517,0.432
815000,0.050,0.526,0.423
815500,0.050,0.554,0.395
816000,0.050,0.585,0.365
816500,0.050,0.605,0.345
817000,0.050,0.539,0.410
817500,0.050,0.614,0.336
818000,0.050,0.625,0.325
818500,0.050,0.627,0.323
819000,0.050,0.629,0.321
819500,0.050,0.599,0.351
820000,0.050,0.584,0.366
820500,0.050,0.647,0.303
821000,0.050,0.638,0.312
821500,0.050,0.587,0.363
822000,0.050,0.561,0.388
822500,0.050,0.584,0.366
823000,0.050,0.578,0.372
823500,0.050,0.623,0.327
824000,0.050,0.604,0.346
824500,0.050,0.644,0.305
825000,0.050,0.625,0.325
825500,0.050,0.597,0.353
826000,0.050,0.637,0.313
826500,0.050,0.653,0.297
827000,0.050,0.625,0.325
827500,0.050,0.670,0.279
828000,0.050,0.626,0.324
828500,0.050,0.654,0.295
829000,0.050,0.593,0.357
829500,0.050,0.612,0.338
830000,0.050,0.644,0.306
830500,0.050,0.602,0.348
831000,0.050,0.611,0.339
831500,0.050,0.578,0.372
832000,0.050,0.567,0.383
832500,0.050,0.602,0.348
833000,0.050,0.555,0.395
833500,0.050,0.579,0.371
834000,0.050,0.570,0.380
834500,0.050,0.557,0.392
835000,0.050,0.668,0.282
835500,0.050,0.600,0.350
836000,0.050,0.611,0.339
836500,0.050,0.617,0.333
837000,0.050,0.571,0.379
837500,0.050,0.607,0.343
838000,0.050,0.556,0.393
838500,0.050,0.625,0.325
839000,0.050,0.642,0.308
839500,0.050,0.563,0.387
840000,0.050,0.635,0.315
840500,0.050,0.598,0.352
841000,0.050,0.655,0.295
841500,0.050,0.674,0.275
842000,0.050,0.588,0.362
842500,0.050,0.589,0.361
843000,0.050,0.661,0.288
843500,0.050,0.627,0.323
844000,0.050,0.632,0.318
844500,0.050,0.686,0.263
845000,0.050,0.666,0.284
845500,0.050,0.618,0.332
846000,0.050,0.689,0.261
846500,0.050,0.647,0.302
847000,0.050,0.619,0.331
847500,0.050,0.588,0.362
848000,0.050,0.586,0.364
848500,0.050,0.621,0.329
849000,0.050,0.701,0.249
849500,0.050,0.642,0.308
850000,0.050,0.629,0.321
850500,0.050,0.597,0.353
851000,0.050,0.518,0.431
851500,0.050,0.573,0.377
852000,0.050,0.587,0.363
852500,0.050,0.644,0.306
853000,0.050,0.530,0.419
853500,0.050,0.524,0.425
854000,0.050,0.545,0.405
854500,0.050,0.527,0.422
855000,0.050,0.576,0.374
855500,0.050,0.599,0.351
856000,0.050,0.691,0.259
856500,0.050,0.614,0.336
857000,0.050,0.641,0.308
857500,0.050,0.603,0.347
858000,0.050,0.624,0.326
858500,0.050,0.636,0.314
859000,0.050,0.645,0.305
859500,0.050,0.616,0.334
860000,0.050,0.601,0.349
860500,0.050,0.597,0.353
861000,0.050,0.568,0.382
861500,0.050,0.588,0.362
862000,0.050,0.616,0.334
862500,0.050,0.661,0.288
863000,0.050,0.685,0.264
863500,0.050,0.699,0.251
864000,0.050,0.555,0.395
864500,0.050,0.567,0.383
865000,0.050,0.608,0.342
865500,0.050,0.749,0.201
866000,0.050,0.635,0.315
866500,0.050,0.655,0.295
867000,0.050,0.637,0.313
867500,0.050,0.613,0.337
868000,0.050,0.616,0.334
868500,0.050,0.617,0.333
869000,0.050,0.627,0.323
869500,0.050,0.646,0.304
870000,0.050,0.720,0.230
870500,0.050,0.705,0.245
871000,0.050,0.695,0.255
871500,0.050,0.653,0.297
872000,0.050,0.543,0.406
872500,0.050,0.609,0.341
873000,0.050,0.614,0.336
873500,0.050,0.641,0.308
874000,0.050,0.648,0.302
874500,0.050,0.699,0.251
875000,0.050,0.649,0.301
875500,0.050,0.588,0.362
876000,0.050,0.589,0.361
876500,0.050,0.595,0.355
877000,0.050,0.624,0.326
877500,0.050,0.622,0.328
878000,0.050,0.651,0.299
878500,0.050,0.563,0.387
879000,0.050,0.542,0.407
879500,0.050,0.537,0.413
880000,0.050,0.648,0.302
880500,0.050,0.674,0.276
881000,0.050,0.636,0.314
881500,0.050,0.652,0.297
882000,0.050,0.580,0.370
882500,0.050,0.676,0.273
883000,0.050,0.656,0.294
883500,0.050,0.584,0.366
884000,0.050,0.642,0.307
884500,0.050,0.651,0.299
885000,0.050,0.611,0.339
885500,0.050,0.695,0.255
886000,0.050,0.611,0.339
886500,0.050,0.612,0.338
887000,0.050,0.644,0.305
887500,0.050,0.603,0.347
888000,0.050,0.653,0.296
888500,0.050,0.554,0.395
889000,0.050,0.632,0.318
889500,0.050,0.628,0.322
890000,0.050,0.606,0.344
890500,0.050,0.686,0.264
891000,0.050,0.676,0.274
891500,0.050,0.627,0.323
892000,0.050,0.632,0.318
892500,0.050,0.649,0.300
893000,0.050,0.632,0.318
893500,0.050,0.678,0.272
894000,0.050,0.591,0.359
894500,0.050,0.604,0.346
895000,0.050,0.621,0.329
895500,0.050,0.690,0.260
896000,0.050,0.623,0.327
896500,0.050,0.586,0.364
897000,0.050,0.575,0.375
897500,0.050,0.583,0.367
898000,0.050,0.652,0.298
898500,0.050,0.721,0.229
899000,0.050,0.695,0.255
899500,0.050,0.663,0.286
900000,0.050,0.640,0.310
900500,0.050,0.621,0.329
901000,0.050,0.558,0.392
901500,0.050,0.571,0.379
902000,0.050,0.628,0.322
902500,0.050,0.608,0.342
903000,0.050,0.567,0.383
903500,0.050,0.590,0.360
904000,0.050,0.549,0.401
904500,0.050,0.686,0.264
905000,0.050,0.671,0.278
905500,0.050,0.665,0.284
906000,0.050,0.613,0.337
906500,0.050,0.624,0.326
907000,0.050,0.754,0.196
907500,0.050,0.623,0.327
908000,0.050,0.638,0.311
908500,0.050,0.582,0.368
909000,0.050,0.547,0.403
909500,0.050,0.551,0.399
910000,0.050,0.581,0.369
910500,0.050,0.586,0.364
911000,0.050,0.618,0.332
911500,0.050,0.657,0.292
912000,0.050,0.656,0.294
912500,0.050,0.538,0.411
913000,0.050,0.577,0.373
913500,0.050,0.586,0.364
914000,0.050,0.610,0.340
914500,0.050,0.598,0.352
915000,0.050,0.597,0.353
915500,0.050,0.618,0.332
916000,0.050,0.589,0.361
916500,0.050,0.666,0.283
917000,0.050,0.622,0.328
917500,0.050,0.637,0.313
918000,0.050,0.576,0.374
918500,0.050,0.654,0.296
919000,0.050,0.613,0.337
919500,0.050,0.695,0.255
920000,0.050,0.636,0.314
920500,0.050,0.655,0.294
921000,0.050,0.657,0.292
921500,0.050,0.698,0.252
922000,0.050,0.662,0.287
922500,0.050,0.696,0.254
923000,0.050,0.645,0.304
923500,0.050,0.634,0.316
924000,0.050,0.672,0.277
924500,0.050,0.631,0.319
925000,0.050,0.607,0.343
925500,0.050,0.590,0.360
926000,0.050,0.636,0.314
926500,0.050,0.640,0.310
927000,0.050,0.675,0.275
927500,0.050,0.632,0.318
928000,0.050,0.620,0.330
928500,0.050,0.647,0.302
929000,0.050,0.596,0.354
929500,0.050,0.564,0.386
930000,0.050,0.611,0.339
930500,0.050,0.536,0.414
931000,0.050,0.494,0.456
931500,0.050,0.506,0.444
932000,0.050,0.596,0.354
932500,0.050,0.594,0.356
933000,0.050,0.689,0.261
933500,0.050,0.591,0.359
934000,0.050,0.583,0.367
934500,0.050,0.575,0.375
935000,0.050,0.562,0.387
935500,0.050,0.601,0.349
936000,0.050,0.555,0.394
936500,0.050,0.515,0.434
937000,0.050,0.636,0.314
937500,0.050,0.626,0.324
938000,0.050,0.672,0.278
938500,0.050,0.639,0.310
939000,0.050,0.641,0.308
939500,0.050,0.669,0.281
940000,0.050,0.664,0.286
940500,0.050,0.659,0.290
941000,0.050,0.595,0.355
941500,0.050,0.610,0.340
942000,0.050,0.601,0.349
942500,0.050,0.616,0.334
943000,0.050,0.582,0.368
943500,0.050,0.583,0.367
944000,0.050,0.592,0.358
944500,0.050,0.659,0.291
945000,0.050,0.589,0.361
945500,0.050,0.604,0.346
946000,0.050,0.660,0.290
946500,0.050,0.616,0.334
947000,0.050,0.641,0.309
947500,0.050,0.620,0.330
948000,0.050,0.516,0.434
948500,0.050,0.552,0.397
949000,0.050,0.612,0.338
949500,0.050,0.627,0.323
950000,0.050,0.629,0.321
950500,0.050,0.609,0.341
951000,0.050,0.581,0.369
951500,0.050,0.562,0.387
952000,0.050,0.565,0.385
952500,0.050,0.568,0.382
953000,0.050,0.574,0.376
953500,0.050,0.656,0.294
954000,0.050,0.551,0.398
954500,0.050,0.515,0.434
955000,0.050,0.591,0.359
955500,0.050,0.582,0.368
956000,0.050,0.635,0.315
956500,0.050,0.568,0.382
957000,0.050,0.552,0.397
957500,0.050,0.584,0.366
958000,0.050,0.595,0.355
958500,0.050,0.616,0.334
959000,0.050,0.642,0.307
959500,0.050,0.645,0.304
960000,0.050,0.604,0.346
960500,0.050,0.628,0.322
961000,0.050,0.672,0.277
961500,0.050,0.625,0.325
962000,0.050,0.627,0.323
962500,0.050,0.690,0.260
963000,0.050,0.677,0.272
963500,0.050,0.567,0.383
964000,0.050,0.517,0.432
964500,0.050,0.545,0.404
965000,0.050,0.599,0.351
965500,0.050,0.590,0.360
966000,0.050,0.621,0.329
966500,0.050,0.676,0.273
967000,0.050,0.613,0.337
967500,0.050,0.603,0.347
968000,0.050,0.621,0.329
968500,0.050,0.621,0.329
969000,0.050,0.583,0.367
969500,0.050,0.610,0.340
970000,0.050,0.574,0.376
970500,0.050,0.549,0.401
971000,0.050,0.570,0.380
971500,0.050,0.633,0.317
972000,0.050,0.622,0.328
972500,0.050,0.595,0.355
973000,0.050,0.657,0.292
973500,0.050,0.570,0.380
974000,0.050,0.542,0.407
974500,0.050,0.608,0.342
975000,0.050,0.600,0.350
975500,0.050,0.598,0.352
976000,0.050,0.572,0.378
976500,0.050,0.527,0.423
977000,0.050,0.602,0.348
977500,0.050,0.581,0.369
978000,0.050,0.607,0.343
978500,0.050,0.670,0.280
979000,0.050,0.540,0.410
979500,0.050,0.529,0.421
980000,0.050,0.582,0.368
980500,0.050,0.539,0.410
981000,0.050,0.605,0.345
981500,0.050,0.584,0.366
982000,0.050,0.549,0.400
982500,0.050,0.646,0.303
983000,0.050,0.624,0.326
983500,0.050,0.582,0.368
984000,0.050,0.574,0.376
984500,0.050,0.542,0.407
985000,0.050,0.479,0.470
985500,0.050,0.520,0.430
986000,0.050,0.584,0.366
986500,0.050,0.573,0.377
987000,0.050,0.574,0.376
987500,0.050,0.579,0.371
988000,0.050,0.579,0.371
988500,0.050,0.645,0.305
989000,0.050,0.645,0.304
989500,0.050,0.574,0.376
990000,0.050,0.603,0.347
990500,0.050,0.572,0.378
991000,0.050,0.590,0.360
991500,0.050,0.587,0.363
992000,0.050,0.551,0.398
992500,0.050,0.560,0.389
993000,0.050,0.619,0.331
993500,0.050,0.571,0.379
994000,0.050,0.581,0.369
994500,0.050,0.697,0.253
995000,0.050,0.588,0.362
995500,0.050,0.596,0.354
996000,0.050,0.635,0.315
996500,0.050,0.641,0.309
997000,0.050,0.596,0.354
997500,0.050,0.584,0.366
998000,0.050,0.632,0.318
998500,0.050,0.619,0.331
999000,0.050,0.578,0.372
999500,0.050,0.603,0.347
1000000,0.050,0.546,0.403
