time,n_A+p,n_B,n_AB
500,0.050,0.819,0.131
1000,0.050,0.809,0.140
1500,0.050,0.729,0.221
2000,0.050,0.680,0.270
2500,0.050,0.632,0.318
3000,0.050,0.646,0.304
3500,0.050,0.665,0.285
4000,0.050,0.639,0.310
4500,0.050,0.645,0.304
5000,0.050,0.611,0.339
5500,0.050,0.668,0.281
6000,0.050,0.643,0.307
6500,0.050,0.670,0.280
7000,0.050,0.652,0.298
7500,0.050,0.652,0.297
8000,0.050,0.686,0.264
8500,0.050,0.705,0.245
9000,0.050,0.741,0.209
9500,0.050,0.725,0.225
10000,0.050,0.784,0.165
10500,0.050,0.761,0.189
11000,0.050,0.705,0.245
11500,0.050,0.690,0.260
12000,0.050,0.646,0.304
12500,0.050,0.638,0.312
13000,0.050,0.648,0.301
13500,0.050,0.627,0.323
14000,0.050,0.593,0.357
14500,0.050,0.707,0.243
15000,0.050,0.721,0.229
15500,0.050,0.768,0.181
16000,0.050,0.750,0.200
16500,0.050,0.731,0.219
17000,0.050,0.637,0.313
17500,0.050,0.641,0.309
18000,0.050,0.647,0.303
18500,0.050,0.661,0.289
19000,0.050,0.694,0.256
19500,0.050,0.702,0.248
20000,0.050,0.699,0.251
20500,0.050,0.668,0.281
21000,0.050,0.657,0.292
21500,0.050,0.644,0.305
22000,0.050,0.664,0.286
22500,0.050,0.675,0.275
23000,0.050,0.625,0.325
23500,0.050,0.635,0.315
24000,0.050,0.590,0.360
24500,0.050,0.589,0.361
25000,0.050,0.634,0.316
25500,0.050,0.695,0.255
26000,0.050,0.687,0.263
26500,0.050,0.707,0.243
27000,0.050,0.734,0.216
27500,0.050,0.704,0.246
28000,0.050,0.716,0.234
28500,0.050,0.630,0.320
29000,0.050,0.619,0.331
29500,0.050,0.653,0.296
30000,0.050,0.638,0.311
30500,0.050,0.638,0.311
31000,0.050,0.672,0.277
31500,0.050,0.640,0.309
32000,0.050,0.626,0.324
32500,0.050,0.670,0.280
33000,0.050,0.644,0.305
33500,0.050,0.611,0.339
34000,0.050,0.579,0.371
34500,0.050,0.584,0.366
35000,0.050,0.666,0.284
35500,0.050,0.676,0.273
36000,0.050,0.671,0.278
36500,0.050,0.629,0.321
37000,0.050,0.615,0.335
37500,0.050,0.646,0.304
38000,0.050,0.686,0.263
38500,0.050,0.723,0.227
39000,0.050,0.684,0.266
39500,0.050,0.686,0.264
40000,0.050,0.656,0.293
40500,0.050,0.666,0.284
41000,0.050,0.670,0.280
41500,0.050,0.762,0.188
42000,0.050,0.721,0.229
42500,0.050,0.629,0.321
43000,0.050,0.656,0.293
43500,0.050,0.646,0.304
44000,0.050,0.618,0.332
44500,0.050,0.683,0.266
45000,0.050,0.647,0.303
45500,0.050,0.679,0.271
46000,0.050,0.730,0.220
46500,0.050,0.693,0.257
47000,0.050,0.648,0.301
47500,0.050,0.619,0.331
48000,0.050,0.644,0.306
48500,0.050,0.689,0.261
49000,0.050,0.702,0.248
49500,0.050,0.674,0.276
50000,0.050,0.645,0.305
50500,0.050,0.637,0.313
51000,0.050,0.598,0.352
51500,0.050,0.674,0.275
52000,0.050,0.665,0.284
52500,0.050,0.676,0.273
53000,0.050,0.623,0.327
53500,0.050,0.672,0.277
54000,0.050,0.630,0.320
54500,0.050,0.665,0.285
55000,0.050,0.642,0.308
55500,0.050,0.620,0.330
56000,0.050,0.645,0.304
56500,0.050,0.626,0.324
57000,0.050,0.599,0.351
57500,0.050,0.723,0.227
58000,0.050,0.715,0.235
58500,0.050,0.659,0.291
59000,0.050,0.650,0.299
59500,0.050,0.629,0.321
60000,0.050,0.611,0.339
60500,0.050,0.622,0.328
61000,0.050,0.650,0.300
61500,0.050,0.703,0.247
62000,0.050,0.644,0.305
62500,0.050,0.672,0.277
63000,0.050,0.694,0.256
63500,0.050,0.694,0.256
64000,0.050,0.666,0.284
64500,0.050,0.657,0.292
65000,0.050,0.702,0.248
65500,0.050,0.690,0.260
66000,0.050,0.747,0.203
66500,0.050,0.779,0.171
67000,0.050,0.713,0.237
67500,0.050,0.697,0.253
68000,0.050,0.721,0.229
68500,0.050,0.694,0.256
69000,0.050,0.717,0.233
69500,0.050,0.590,0.360
70000,0.050,0.613,0.337
70500,0.050,0.653,0.296
71000,0.050,0.657,0.293
71500,0.050,0.692,0.258
72000,0.050,0.662,0.288
72500,0.050,0.643,0.306
73000,0.050,0.665,0.285
73500,0.050,0.623,0.327
74000,0.050,0.695,0.255
74500,0.050,0.699,0.251
75000,0.050,0.668,0.281
75500,0.050,0.654,0.295
76000,0.050,0.675,0.274
76500,0.050,0.644,0.305
77000,0.050,0.663,0.286
77500,0.050,0.637,0.313
78000,0.050,0.688,0.262
78500,0.050,0.708,0.242
79000,0.050,0.678,0.272
79500,0.050,0.683,0.266
80000,0.050,0.706,0.244
80500,0.050,0.741,0.209
81000,0.050,0.668,0.281
81500,0.050,0.637,0.312
82000,0.050,0.595,0.355
82500,0.050,0.588,0.362
83000,0.050,0.647,0.302
83500,0.050,0.611,0.339
84000,0.050,0.664,0.286
84500,0.050,0.732,0.218
85000,0.050,0.703,0.247
85500,0.050,0.690,0.260
86000,0.050,0.704,0.246
86500,0.050,0.689,0.261
87000,0.050,0.612,0.338
87500,0.050,0.642,0.308
88000,0.050,0.682,0.267
88500,0.050,0.640,0.310
89000,0.050,0.676,0.274
89500,0.050,0.695,0.255
90000,0.050,0.673,0.277
90500,0.050,0.612,0.338
91000,0.050,0.675,0.275
91500,0.050,0.642,0.307
92000,0.050,0.678,0.272
92500,0.050,0.669,0.280
93000,0.050,0.662,0.287
93500,0.050,0.744,0.206
94000,0.050,0.739,0.211
94500,0.050,0.712,0.238
95000,0.050,0.698,0.252
95500,0.050,0.657,0.293
96000,0.050,0.713,0.237
96500,0.050,0.720,0.230
97000,0.050,0.730,0.220
97500,0.050,0.762,0.188
98000,0.050,0.747,0.203
98500,0.050,0.719,0.231
99000,0.050,0.780,0.169
99500,0.050,0.763,0.187
100000,0.050,0.734,0.216
100500,0.050,0.705,0.245
101000,0.050,0.684,0.266
101500,0.050,0.732,0.218
102000,0.050,0.670,0.280
102500,0.050,0.617,0.333
103000,0.050,0.695,0.255
103500,0.050,0.685,0.264
104000,0.050,0.697,0.253
104500,0.050,0.722,0.228
105000,0.050,0.643,0.306
105500,0.050,0.683,0.266
106000,0.050,0.699,0.251
106500,0.050,0.606,0.344
107000,0.050,0.588,0.362
107500,0.050,0.637,0.313
108000,0.050,0.639,0.311
108500,0.050,0.598,0.352
109000,0.050,0.469,0.481
109500,0.050,0.570,0.380
110000,0.050,0.615,0.335
110500,0.050,0.517,0.433
111000,0.050,0.634,0.316
111500,0.050,0.627,0.323
112000,0.050,0.634,0.316
112500,0.050,0.626,0.324
113000,0.050,0.679,0.270
113500,0.050,0.704,0.246
114000,0.050,0.669,0.281
114500,0.050,0.617,0.333
115000,0.050,0.582,0.368
115500,0.050,0.596,0.354
116000,0.050,0.678,0.271
116500,0.050,0.669,0.280
117000,0.050,0.657,0.292
117500,0.050,0.625,0.325
118000,0.050,0.698,0.252
118500,0.050,0.692,0.258
119000,0.050,0.685,0.265
119500,0.050,0.711,0.239
120000,0.050,0.714,0.236
120500,0.050,0.737,0.213
121000,0.050,0.654,0.296
121500,0.050,0.573,0.377
122000,0.050,0.630,0.320
122500,0.050,0.651,0.299
123000,0.050,0.626,0.324
123500,0.050,0.622,0.328
124000,0.050,0.645,0.305
124500,0.050,0.655,0.295
125000,0.050,0.729,0.221
125500,0.050,0.718,0.232
126000,0.050,0.596,0.354
126500,0.050,0.653,0.296
127000,0.050,0.676,0.273
127500,0.050,0.711,0.239
128000,0.050,0.684,0.265
128500,0.050,0.760,0.190
129000,0.050,0.714,0.236
129500,0.050,0.729,0.221
130000,0.050,0.694,0.256
130500,0.050,0.626,0.324
131000,0.050,0.556,0.393
131500,0.050,0.641,0.309
132000,0.050,0.668,0.282
132500,0.050,0.681,0.269
133000,0.050,0.719,0.231
133500,0.050,0.782,0.167
134000,0.050,0.681,0.268
134500,0.050,0.715,0.235
135000,0.050,0.631,0.319
135500,0.050,0.756,0.194
136000,0.050,0.688,0.262
136500,0.050,0.655,0.295
137000,0.050,0.614,0.336
137500,0.050,0.597,0.353
138000,0.050,0.575,0.375
138500,0.050,0.604,0.346
139000,0.050,0.670,0.279
139500,0.050,0.654,0.295
140000,0.050,0.723,0.227
140500,0.050,0.676,0.273
141000,0.050,0.651,0.299
141500,0.050,0.659,0.290
142000,0.050,0.625,0.325
142500,0.050,0.599,0.351
143000,0.050,0.711,0.239
143500,0.050,0.653,0.296
144000,0.050,0.632,0.318
144500,0.050,0.654,0.295
145000,0.050,0.623,0.327
145500,0.050,0.646,0.304
146000,0.050,0.606,0.344
146500,0.050,0.706,0.244
147000,0.050,0.678,0.271
147500,0.050,0.772,0.178
148000,0.050,0.700,0.250
148500,0.050,0.675,0.274
149000,0.050,0.670,0.279
149500,0.050,0.635,0.315
150000,0.050,0.674,0.275
150500,0.050,0.691,0.259
151000,0.050,0.678,0.271
151500,0.050,0.728,0.222
152000,0.050,0.688,0.262
152500,0.050,0.698,0.252
153000,0.050,0.690,0.260
153500,0.050,0.722,0.228
154000,0.050,0.757,0.193
154500,0.050,0.773,0.176
155000,0.050,0.728,0.222
155500,0.050,0.707,0.243
156000,0.050,0.722,0.228
156500,0.050,0.695,0.255
157000,0.050,0.746,0.204
157500,0.050,0.711,0.239
158000,0.050,0.668,0.281
158500,0.050,0.623,0.327
159000,0.050,0.635,0.315
159500,0.050,0.561,0.388
160000,0.050,0.613,0.337
160500,0.050,0.676,0.274
161000,0.050,0.631,0.319
161500,0.050,0.648,0.302
162000,0.050,0.652,0.297
162500,0.050,0.709,0.241
163000,0.050,0.700,0.250
163500,0.050,0.725,0.225
164000,0.050,0.700,0.250
164500,0.050,0.707,0.243
165000,0.050,0.631,0.319
165500,0.050,0.636,0.314
166000,0.050,0.654,0.296
166500,0.050,0.656,0.294
167000,0.050,0.679,0.271
167500,0.050,0.667,0.283
168000,0.050,0.721,0.229
168500,0.050,0.654,0.296
169000,0.050,0.657,0.292
169500,0.050,0.636,0.314
170000,0.050,0.711,0.239
170500,0.050,0.576,0.374
171000,0.050,0.533,0.416
171500,0.050,0.558,0.391
172000,0.050,0.588,0.362
172500,0.050,0.662,0.287
173000,0.050,0.721,0.229
173500,0.050,0.712,0.238
174000,0.050,0.697,0.253
174500,0.050,0.655,0.294
175000,0.050,0.706,0.244
175500,0.050,0.684,0.266
176000,0.050,0.683,0.266
176500,0.050,0.689,0.261
177000,0.050,0.696,0.254
177500,0.050,0.666,0.284
178000,0.050,0.666,0.284
178500,0.050,0.615,0.335
179000,0.050,0.625,0.325
179500,0.050,0.644,0.306
180000,0.050,0.635,0.315
180500,0.050,0.636,0.314
181000,0.050,0.556,0.394
181500,0.050,0.615,0.335
182000,0.050,0.604,0.346
182500,0.050,0.609,0.341
183000,0.050,0.631,0.319
183500,0.050,0.643,0.307
184000,0.050,0.683,0.267
184500,0.050,0.657,0.293
185000,0.050,0.709,0.241
185500,0.050,0.665,0.285
186000,0.050,0.682,0.267
186500,0.050,0.642,0.308
187000,0.050,0.685,0.265
187500,0.050,0.645,0.304
188000,0.050,0.647,0.302
188500,0.050,0.592,0.358
189000,0.050,0.635,0.315
189500,0.050,0.615,0.335
190000,0.050,0.656,0.294
190500,0.050,0.636,0.314
191000,0.050,0.679,0.271
191500,0.050,0.674,0.275
192000,0.050,0.680,0.269
192500,0.050,0.709,0.241
193000,0.050,0.669,0.280
193500,0.050,0.669,0.281
194000,0.050,0.666,0.284
194500,0.050,0.659,0.290
195000,0.050,0.734,0.216
195500,0.050,0.713,0.237
196000,0.050,0.735,0.215
196500,0.050,0.676,0.273
197000,0.050,0.707,0.243
197500,0.050,0.676,0.274
198000,0.050,0.626,0.324
198500,0.050,0.653,0.297
199000,0.050,0.578,0.372
199500,0.050,0.616,0.334
200000,0.050,0.624,0.326
200500,0.050,0.594,0.356
201000,0.050,0.673,0.276
201500,0.050,0.634,0.316
202000,0.050,0.633,0.317
202500,0.050,0.639,0.310
203000,0.050,0.736,0.214
203500,0.050,0.694,0.256
204000,0.050,0.643,0.307
204500,0.050,0.636,0.314
205000,0.050,0.645,0.304
205500,0.050,0.673,0.277
206000,0.050,0.657,0.293
206500,0.050,0.628,0.322
207000,0.050,0.567,0.383
207500,0.050,0.565,0.385
208000,0.050,0.715,0.235
208500,0.050,0.679,0.270
209000,0.050,0.683,0.266
209500,0.050,0.605,0.345
210000,0.050,0.545,0.405
210500,0.050,0.573,0.377
211000,0.050,0.567,0.383
211500,0.050,0.610,0.340
212000,0.050,0.602,0.348
212500,0.050,0.609,0.341
213000,0.050,0.620,0.330
213500,0.050,0.576,0.374
214000,0.050,0.642,0.307
214500,0.050,0.546,0.404
215000,0.050,0.642,0.308
215500,0.050,0.701,0.249
216000,0.050,0.590,0.360
216500,0.050,0.692,0.258
217000,0.050,0.632,0.318
217500,0.050,0.648,0.301
218000,0.050,0.713,0.237
218500,0.050,0.643,0.307
219000,0.050,0.680,0.270
219500,0.050,0.643,0.306
220000,0.050,0.655,0.294
220500,0.050,0.658,0.292
221000,0.050,0.671,0.279
221500,0.050,0.702,0.248
222000,0.050,0.639,0.310
222500,0.050,0.704,0.246
223000,0.050,0.702,0.248
223500,0.050,0.700,0.250
224000,0.050,0.688,0.262
224500,0.050,0.684,0.265
225000,0.050,0.646,0.304
225500,0.050,0.641,0.308
226000,0.050,0.709,0.241
226500,0.050,0.715,0.235
227000,0.050,0.721,0.229
227500,0.050,0.672,0.278
228000,0.050,0.632,0.318
228500,0.050,0.656,0.293
229000,0.050,0.587,0.363
229500,0.050,0.664,0.285
230000,0.050,0.647,0.303
230500,0.050,0.667,0.282
231000,0.050,0.596,0.354
231500,0.050,0.662,0.287
232000,0.050,0.612,0.338
232500,0.050,0.623,0.327
233000,0.050,0.669,0.281
233500,0.050,0.639,0.310
234000,0.050,0.608,0.342
234500,0.050,0.597,0.353
235000,0.050,0.618,0.332
235500,0.050,0.622,0.328
236000,0.050,0.662,0.287
236500,0.050,0.674,0.275
237000,0.050,0.697,0.253
237500,0.050,0.685,0.265
238000,0.050,0.729,0.221
238500,0.050,0.684,0.265
239000,0.050,0.520,0.430
239500,0.050,0.591,0.359
240000,0.050,0.610,0.340
240500,0.050,0.589,0.361
241000,0.050,0.592,0.358
241500,0.050,0.644,0.305
242000,0.050,0.683,0.267
242500,0.050,0.724,0.226
243000,0.050,0.660,0.289
243500,0.050,0.772,0.177
244000,0.050,0.780,0.170
244500,0.050,0.717,0.233
245000,0.050,0.696,0.254
245500,0.050,0.672,0.277
246000,0.050,0.718,0.232
246500,0.050,0.689,0.261
247000,0.050,0.739,0.211
247500,0.050,0.725,0.225
248000,0.050,0.708,0.242
248500,0.050,0.646,0.304
249000,0.050,0.655,0.295
249500,0.050,0.685,0.264
250000,0.050,0.685,0.264
250500,0.050,0.653,0.296
251000,0.050,0.726,0.224
251500,0.050,0.677,0.272
252000,0.050,0.737,0.213
252500,0.050,0.674,0.276
253000,0.050,0.622,0.328
253500,0.050,0.624,0.326
254000,0.050,0.633,0.317
254500,0.050,0.659,0.290
255000,0.050,0.559,0.391
255500,0.050,0.634,0.316
256000,0.050,0.660,0.289
256500,0.050,0.599,0.351
257000,0.050,0.585,0.365
257500,0.050,0.644,0.306
258000,0.050,0.641,0.309
258500,0.050,0.657,0.292
259000,0.050,0.617,0.333
259500,0.050,0.694,0.256
260000,0.050,0.697,0.253
260500,0.050,0.718,0.232
261000,0.050,0.668,0.281
261500,0.050,0.683,0.266
262000,0.050,0.623,0.327
262500,0.050,0.616,0.334
263000,0.050,0.680,0.269
263500,0.050,0.702,0.248
264000,0.050,0.672,0.277
264500,0.050,0.734,0.216
265000,0.050,0.761,0.189
265500,0.050,0.674,0.275
266000,0.050,0.678,0.271
266500,0.050,0.693,0.257
267000,0.050,0.692,0.258
267500,0.050,0.696,0.254
268000,0.050,0.648,0.302
268500,0.050,0.617,0.333
269000,0.050,0.662,0.288
269500,0.050,0.637,0.312
270000,0.050,0.663,0.287
270500,0.050,0.641,0.308
271000,0.050,0.655,0.294
271500,0.050,0.707,0.243
272000,0.050,0.647,0.302
272500,0.050,0.636,0.314
273000,0.050,0.654,0.296
273500,0.050,0.707,0.243
274000,0.050,0.655,0.295
274500,0.050,0.670,0.280
275000,0.050,0.711,0.239
275500,0.050,0.679,0.270
276000,0.050,0.645,0.305
276500,0.050,0.697,0.253
277000,0.050,0.682,0.267
277500,0.050,0.646,0.303
278000,0.050,0.716,0.234
278500,0.050,0.708,0.242
279000,0.050,0.628,0.322
279500,0.050,0.641,0.308
280000,0.050,0.631,0.319
280500,0.050,0.681,0.268
281000,0.050,0.680,0.269
281500,0.050,0.651,0.299
282000,0.050,0.737,0.213
282500,0.050,0.736,0.214
283000,0.050,0.689,0.261
283500,0.050,0.615,0.335
284000,0.050,0.703,0.247
284500,0.050,0.728,0.222
285000,0.050,0.710,0.240
285500,0.050,0.739,0.211
286000,0.050,0.731,0.219
286500,0.050,0.672,0.277
287000,0.050,0.672,0.277
287500,0.050,0.687,0.263
288000,0.050,0.697,0.253
288500,0.050,0.667,0.282
289000,0.050,0.634,0.316
289500,0.050,0.649,0.301
290000,0.050,0.639,0.311
290500,0.050,0.589,0.361
291000,0.050,0.618,0.332
291500,0.050,0.660,0.290
292000,0.050,0.752,0.198
292500,0.050,0.731,0.219
293000,0.050,0.722,0.228
293500,0.050,0.717,0.233
294000,0.050,0.720,0.230
294500,0.050,0.718,0.232
295000,0.050,0.712,0.238
295500,0.050,0.723,0.227
296000,0.050,0.675,0.275
296500,0.050,0.652,0.297
297000,0.050,0.660,0.289
297500,0.050,0.705,0.245
298000,0.050,0.681,0.268
298500,0.050,0.621,0.329
299000,0.050,0.585,0.365
299500,0.050,0.659,0.291
300000,0.050,0.716,0.234
300500,0.050,0.672,0.278
301000,0.050,0.678,0.272
301500,0.050,0.593,0.357
302000,0.050,0.626,0.324
302500,0.050,0.649,0.301
303000,0.050,0.754,0.196
303500,0.050,0.686,0.263
304000,0.050,0.693,0.257
304500,0.050,0.661,0.288
305000,0.050,0.656,0.294
305500,0.050,0.661,0.288
306000,0.050,0.604,0.346
306500,0.050,0.661,0.289
307000,0.050,0.728,0.222
307500,0.050,0.706,0.244
308000,0.050,0.702,0.248
308500,0.050,0.688,0.262
309000,0.050,0.712,0.238
309500,0.050,0.729,0.221
310000,0.050,0.629,0.321
310500,0.050,0.633,0.317
311000,0.050,0.737,0.213
311500,0.050,0.683,0.266
312000,0.050,0.739,0.211
312500,0.050,0.760,0.190
313000,0.050,0.715,0.235
313500,0.050,0.623,0.327
314000,0.050,0.650,0.300
314500,0.050,0.709,0.241
315000,0.050,0.658,0.292
315500,0.050,0.725,0.225
316000,0.050,0.697,0.253
316500,0.050,0.633,0.317
317000,0.050,0.585,0.365
317500,0.051,0.706,0.243
318000,0.050,0.703,0.247
318500,0.050,0.671,0.279
319000,0.050,0.663,0.286
319500,0.050,0.642,0.307
320000,0.050,0.584,0.366
320500,0.050,0.635,0.315
321000,0.050,0.703,0.247
321500,0.050,0.690,0.260
322000,0.050,0.660,0.290
322500,0.050,0.661,0.288
323000,0.050,0.685,0.264
323500,0.050,0.741,0.209
324000,0.050,0.764,0.186
324500,0.050,0.698,0.252
325000,0.050,0.726,0.224
325500,0.050,0.760,0.190
326000,0.050,0.657,0.292
326500,0.050,0.747,0.203
327000,0.050,0.713,0.237
327500,0.050,0.710,0.240
328000,0.050,0.662,0.288
328500,0.050,0.714,0.236
329000,0.050,0.715,0.235
329500,0.050,0.699,0.251
330000,0.050,0.694,0.256
330500,0.050,0.650,0.299
331000,0.050,0.674,0.276
331500,0.050,0.602,0.348
332000,0.050,0.669,0.280
332500,0.050,0.671,0.279
333000,0.050,0.700,0.250
333500,0.050,0.687,0.263
334000,0.050,0.676,0.274
334500,0.050,0.686,0.264
335000,0.050,0.610,0.340
335500,0.050,0.645,0.305
336000,0.050,0.611,0.339
336500,0.050,0.637,0.312
337000,0.050,0.572,0.378
337500,0.050,0.663,0.286
338000,0.050,0.694,0.256
338500,0.050,0.763,0.186
339000,0.050,0.716,0.234
339500,0.050,0.625,0.325
340000,0.050,0.571,0.379
340500,0.050,0.657,0.293
341000,0.050,0.656,0.294
341500,0.050,0.588,0.362
342000,0.050,0.637,0.312
342500,0.050,0.683,0.267
343000,0.050,0.733,0.217
343500,0.050,0.754,0.196
344000,0.050,0.790,0.160
344500,0.050,0.745,0.205
345000,0.050,0.799,0.150
345500,0.050,0.726,0.224
346000,0.050,0.682,0.267
346500,0.050,0.746,0.204
347000,0.050,0.720,0.230
347500,0.050,0.634,0.316
348000,0.050,0.658,0.291
348500,0.050,0.704,0.246
349000,0.050,0.671,0.278
349500,0.050,0.618,0.332
350000,0.050,0.635,0.315
350500,0.050,0.612,0.338
351000,0.050,0.641,0.308
351500,0.050,0.659,0.291
352000,0.050,0.706,0.244
352500,0.050,0.679,0.271
353000,0.050,0.717,0.233
353500,0.050,0.656,0.294
354000,0.050,0.674,0.275
354500,0.050,0.696,0.254
355000,0.050,0.694,0.256
355500,0.050,0.703,0.247
356000,0.050,0.705,0.245
356500,0.050,0.652,0.298
357000,0.050,0.656,0.294
357500,0.050,0.651,0.299
358000,0.050,0.669,0.280
358500,0.050,0.634,0.316
359000,0.050,0.657,0.292
359500,0.050,0.707,0.243
360000,0.050,0.639,0.310
360500,0.050,0.639,0.310
361000,0.050,0.622,0.328
361500,0.050,0.652,0.297
362000,0.050,0.723,0.227
362500,0.050,0.632,0.318
363000,0.050,0.672,0.277
363500,0.050,0.682,0.268
364000,0.050,0.623,0.327
364500,0.050,0.647,0.303
365000,0.050,0.702,0.248
365500,0.050,0.723,0.227
366000,0.050,0.684,0.266
366500,0.050,0.613,0.337
367000,0.050,0.613,0.337
367500,0.050,0.629,0.321
368000,0.050,0.653,0.296
368500,0.050,0.727,0.223
369000,0.050,0.725,0.225
369500,0.050,0.706,0.244
370000,0.050,0.651,0.298
370500,0.050,0.651,0.298
371000,0.050,0.619,0.331
371500,0.050,0.635,0.315
372000,0.050,0.646,0.303
372500,0.050,0.611,0.339
373000,0.050,0.674,0.275
373500,0.050,0.681,0.268
374000,0.050,0.684,0.265
374500,0.050,0.652,0.298
375000,0.050,0.644,0.306
375500,0.050,0.617,0.333
376000,0.050,0.668,0.282
376500,0.050,0.652,0.297
377000,0.050,0.633,0.317
377500,0.050,0.656,0.294
378000,0.050,0.653,0.296
378500,0.050,0.686,0.264
379000,0.050,0.741,0.209
379500,0.050,0.717,0.233
380000,0.050,0.750,0.200
380500,0.050,0.676,0.274
381000,0.050,0.669,0.281
381500,0.050,0.630,0.320
382000,0.050,0.671,0.279
382500,0.050,0.657,0.293
383000,0.050,0.651,0.298
383500,0.050,0.705,0.245
384000,0.050,0.736,0.214
384500,0.050,0.662,0.288
385000,0.050,0.659,0.291
385500,0.050,0.553,0.397
386000,0.050,0.639,0.311
386500,0.050,0.703,0.247
387000,0.050,0.724,0.226
387500,0.050,0.638,0.312
388000,0.050,0.642,0.307
388500,0.050,0.596,0.354
389000,0.050,0.588,0.362
389500,0.050,0.649,0.300
390000,0.050,0.646,0.304
390500,0.050,0.603,0.347
391000,0.050,0.701,0.249
391500,0.050,0.721,0.229
392000,0.050,0.725,0.225
392500,0.050,0.686,0.264
393000,0.050,0.659,0.291
393500,0.050,0.679,0.271
394000,0.050,0.728,0.222
394500,0.050,0.581,0.369
395000,0.050,0.599,0.351
395500,0.050,0.616,0.334
396000,0.050,0.594,0.356
396500,0.050,0.626,0.324
397000,0.050,0.541,0.409
397500,0.050,0.548,0.401
398000,0.050,0.524,0.425
398500,0.050,0.644,0.305
399000,0.050,0.665,0.284
399500,0.050,0.649,0.301
400000,0.050,0.626,0.324
400500,0.050,0.682,0.267
401000,0.050,0.726,0.224
401500,0.050,0.692,0.258
402000,0.050,0.726,0.224
402500,0.050,0.711,0.239
403000,0.050,0.742,0.208
403500,0.050,0.706,0.244
404000,0.050,0.692,0.258
404500,0.050,0.669,0.280
405000,0.050,0.652,0.297
405500,0.050,0.672,0.277
406000,0.050,0.673,0.277
406500,0.050,0.685,0.264
407000,0.050,0.610,0.340
407500,0.050,0.618,0.332
408000,0.050,0.599,0.351
408500,0.050,0.585,0.365
409000,0.050,0.633,0.317
409500,0.050,0.692,0.258
410000,0.050,0.695,0.255
410500,0.050,0.698,0.252
411000,0.050,0.715,0.235
411500,0.050,0.728,0.222
412000,0.050,0.744,0.206
412500,0.050,0.681,0.269
413000,0.050,0.686,0.263
413500,0.050,0.634,0.316
414000,0.050,0.653,0.296
414500,0.050,0.654,0.295
415000,0.050,0.670,0.279
415500,0.050,0.649,0.300
416000,0.050,0.682,0.267
416500,0.050,0.630,0.320
417000,0.050,0.654,0.295
417500,0.050,0.646,0.304
418000,0.050,0.699,0.251
418500,0.050,0.618,0.332
419000,0.050,0.624,0.326
419500,0.050,0.725,0.225
420000,0.050,0.659,0.290
420500,0.050,0.579,0.371
421000,0.050,0.633,0.317
421500,0.050,0.646,0.304
422000,0.050,0.651,0.299
422500,0.050,0.677,0.273
423000,0.050,0.765,0.184
423500,0.050,0.709,0.241
424000,0.050,0.579,0.371
424500,0.050,0.620,0.330
425000,0.050,0.611,0.339
425500,0.050,0.647,0.302
426000,0.050,0.676,0.273
426500,0.050,0.679,0.270
427000,0.050,0.746,0.204
427500,0.050,0.679,0.270
428000,0.050,0.671,0.279
428500,0.050,0.680,0.269
429000,0.050,0.705,0.245
429500,0.050,0.621,0.329
430000,0.050,0.636,0.314
430500,0.050,0.634,0.316
431000,0.050,0.587,0.363
431500,0.050,0.599,0.351
432000,0.050,0.602,0.348
432500,0.050,0.653,0.297
433000,0.050,0.686,0.263
433500,0.050,0.694,0.256
434000,0.050,0.712,0.238
434500,0.050,0.690,0.260
435000,0.050,0.656,0.294
435500,0.050,0.624,0.326
436000,0.050,0.696,0.254
436500,0.050,0.645,0.305
437000,0.050,0.620,0.330
437500,0.050,0.644,0.306
438000,0.050,0.627,0.323
438500,0.050,0.595,0.355
439000,0.050,0.614,0.336
439500,0.050,0.617,0.333
440000,0.050,0.698,0.252
440500,0.050,0.683,0.267
441000,0.050,0.724,0.226
441500,0.050,0.715,0.235
442000,0.050,0.720,0.230
442500,0.050,0.731,0.219
443000,0.050,0.688,0.262
443500,0.050,0.762,0.188
444000,0.050,0.752,0.198
444500,0.050,0.769,0.181
445000,0.050,0.748,0.202
445500,0.050,0.697,0.253
446000,0.050,0.630,0.320
446500,0.050,0.625,0.325
447000,0.050,0.695,0.255
447500,0.050,0.672,0.278
448000,0.050,0.601,0.349
448500,0.050,0.661,0.288
449000,0.050,0.686,0.264
449500,0.050,0.714,0.236
450000,0.050,0.713,0.237
450500,0.050,0.683,0.266
451000,0.050,0.629,0.321
451500,0.050,0.591,0.359
452000,0.050,0.641,0.308
452500,0.050,0.753,0.197
453000,0.050,0.681,0.268
453500,0.050,0.730,0.220
454000,0.050,0.728,0.222
454500,0.050,0.734,0.216
455000,0.050,0.703,0.247
455500,0.050,0.666,0.284
456000,0.050,0.632,0.318
456500,0.050,0.611,0.339
457000,0.050,0.596,0.354
457500,0.050,0.572,0.378
458000,0.050,0.585,0.365
458500,0.050,0.677,0.272
459000,0.050,0.659,0.291
459500,0.050,0.639,0.310
460000,0.050,0.641,0.309
460500,0.050,0.615,0.335
461000,0.050,0.678,0.272
461500,0.050,0.693,0.257
462000,0.050,0.609,0.341
462500,0.050,0.633,0.317
463000,0.050,0.670,0.280
463500,0.050,0.647,0.302
464000,0.050,0.711,0.239
464500,0.050,0.683,0.266
465000,0.050,0.667,0.283
465500,0.050,0.711,0.239
466000,0.050,0.643,0.306
466500,0.050,0.707,0.243
467000,0.050,0.695,0.255
467500,0.050,0.700,0.250
468000,0.050,0.656,0.293
468500,0.050,0.659,0.291
469000,0.050,0.684,0.265
469500,0.050,0.663,0.287
470000,0.050,0.689,0.261
470500,0.050,0.747,0.203
471000,0.050,0.703,0.247
471500,0.050,0.613,0.337
472000,0.050,0.689,0.261
472500,0.050,0.725,0.225
473000,0.050,0.694,0.256
473500,0.050,0.682,0.267
474000,0.050,0.606,0.344
474500,0.050,0.608,0.342
475000,0.050,0.632,0.318
475500,0.050,0.650,0.299
476000,0.050,0.614,0.336
476500,0.050,0.616,0.334
477000,0.050,0.561,0.388
477500,0.050,0.581,0.369
478000,0.050,0.607,0.343
478500,0.050,0.596,0.354
479000,0.050,0.637,0.313
479500,0.050,0.672,0.278
480000,0.050,0.690,0.260
480500,0.050,0.721,0.229
481000,0.050,0.676,0.274
481500,0.050,0.597,0.353
482000,0.050,0.647,0.303
482500,0.050,0.587,0.363
483000,0.050,0.660,0.289
483500,0.050,0.759,0.191
484000,0.050,0.764,0.185
484500,0.050,0.685,0.264
485000,0.050,0.665,0.284
485500,0.050,0.707,0.243
486000,0.050,0.701,0.249
486500,0.050,0.680,0.270
487000,0.050,0.618,0.332
487500,0.050,0.659,0.290
488000,0.050,0.647,0.302
488500,0.050,0.641,0.308
489000,0.050,0.649,0.301
489500,0.050,0.670,0.279
490000,0.050,0.680,0.269
490500,0.050,0.728,0.222
491000,0.050,0.732,0.218
491500,0.050,0.732,0.218
492000,0.050,0.718,0.232
492500,0.050,0.709,0.241
493000,0.050,0.755,0.195
493500,0.050,0.750,0.200
494000,0.050,0.769,0.180
494500,0.050,0.690,0.260
495000,0.050,0.718,0.232
495500,0.050,0.652,0.298
496000,0.050,0.679,0.270
496500,0.050,0.634,0.316
497000,0.050,0.594,0.356
497500,0.050,0.572,0.378
498000,0.050,0.617,0.333
498500,0.050,0.604,0.346
499000,0.050,0.667,0.283
499500,0.050,0.632,0.318
500000,0.050,0.645,0.305
500500,0.050,0.655,0.295
501000,0.050,0.668,0.282
501500,0.050,0.600,0.350
502000,0.050,0.610,0.340
502500,0.050,0.641,0.308
503000,0.050,0.615,0.335
503500,0.050,0.684,0.266
504000,0.050,0.629,0.321
504500,0.050,0.670,0.279
505000,0.050,0.741,0.209
505500,0.050,0.706,0.244
506000,0.050,0.672,0.277
506500,0.050,0.698,0.252
507000,0.050,0.707,0.243
507500,0.050,0.695,0.255
508000,0.050,0.718,0.232
508500,0.050,0.735,0.215
509000,0.050,0.711,0.239
509500,0.050,0.737,0.213
510000,0.050,0.690,0.260
510500,0.050,0.721,0.229
511000,0.050,0.736,0.214
511500,0.050,0.735,0.215
512000,0.050,0.726,0.224
512500,0.050,0.665,0.284
513000,0.050,0.695,0.255
513500,0.050,0.655,0.295
514000,0.050,0.710,0.240
514500,0.050,0.694,0.256
515000,0.050,0.676,0.274
515500,0.050,0.694,0.256
516000,0.050,0.670,0.280
516500,0.050,0.665,0.285
517000,0.050,0.613,0.337
517500,0.050,0.640,0.309
518000,0.050,0.646,0.303
518500,0.050,0.623,0.327
519000,0.050,0.648,0.301
519500,0.050,0.707,0.243
520000,0.050,0.748,0.202
520500,0.050,0.752,0.198
521000,0.050,0.677,0.272
521500,0.050,0.600,0.350
522000,0.050,0.621,0.329
522500,0.050,0.676,0.273
523000,0.050,0.678,0.272
523500,0.050,0.653,0.297
524000,0.050,0.685,0.265
524500,0.050,0.658,0.291
525000,0.050,0.597,0.353
525500,0.050,0.658,0.292
526000,0.050,0.724,0.226
526500,0.050,0.666,0.283
527000,0.050,0.568,0.382
527500,0.050,0.627,0.323
528000,0.050,0.620,0.330
528500,0.050,0.573,0.377
529000,0.050,0.669,0.281
529500,0.050,0.595,0.355
530000,0.050,0.620,0.330
530500,0.050,0.652,0.298
531000,0.050,0.641,0.308
531500,0.050,0.627,0.323
532000,0.050,0.507,0.443
532500,0.050,0.631,0.319
533000,0.050,0.635,0.315
533500,0.050,0.624,0.326
534000,0.050,0.597,0.353
534500,0.050,0.587,0.363
535000,0.050,0.626,0.324
535500,0.050,0.594,0.356
536000,0.050,0.624,0.326
536500,0.050,0.653,0.297
537000,0.050,0.668,0.282
537500,0.050,0.608,0.342
538000,0.050,0.654,0.296
538500,0.050,0.632,0.318
539000,0.050,0.668,0.282
539500,0.050,0.660,0.290
540000,0.050,0.693,0.257
540500,0.050,0.646,0.303
541000,0.050,0.639,0.310
541500,0.050,0.676,0.273
542000,0.050,0.655,0.295
542500,0.050,0.611,0.339
543000,0.050,0.680,0.269
543500,0.050,0.713,0.237
544000,0.050,0.736,0.214
544500,0.050,0.743,0.207
545000,0.050,0.681,0.268
545500,0.050,0.654,0.295
546000,0.050,0.682,0.268
546500,0.050,0.663,0.286
547000,0.050,0.673,0.276
547500,0.050,0.729,0.221
548000,0.050,0.591,0.359
548500,0.050,0.568,0.382
549000,0.050,0.631,0.319
549500,0.050,0.640,0.310
550000,0.050,0.674,0.275
550500,0.050,0.693,0.257
551000,0.050,0.750,0.200
551500,0.050,0.670,0.280
552000,0.050,0.646,0.303
552500,0.050,0.669,0.281
553000,0.050,0.729,0.221
553500,0.050,0.640,0.309
554000,0.050,0.615,0.335
554500,0.050,0.651,0.298
555000,0.050,0.709,0.241
555500,0.050,0.689,0.261
556000,0.050,0.744,0.206
556500,0.050,0.632,0.318
557000,0.050,0.646,0.303
557500,0.050,0.664,0.286
558000,0.050,0.610,0.340
558500,0.050,0.672,0.278
559000,0.050,0.675,0.274
559500,0.050,0.721,0.229
560000,0.050,0.749,0.201
560500,0.050,0.671,0.279
561000,0.050,0.630,0.320
561500,0.050,0.621,0.329
562000,0.050,0.651,0.298
562500,0.050,0.672,0.277
563000,0.050,0.688,0.262
563500,0.050,0.729,0.221
564000,0.050,0.677,0.273
564500,0.050,0.691,0.259
565000,0.050,0.679,0.271
565500,0.050,0.637,0.312
566000,0.050,0.667,0.283
566500,0.050,0.637,0.313
567000,0.050,0.684,0.266
567500,0.050,0.694,0.256
568000,0.050,0.645,0.304
568500,0.050,0.667,0.282
569000,0.050,0.708,0.242
569500,0.050,0.701,0.249
570000,0.050,0.659,0.291
570500,0.050,0.700,0.250
571000,0.050,0.680,0.269
571500,0.050,0.709,0.241
572000,0.050,0.681,0.268
572500,0.050,0.634,0.316
573000,0.050,0.635,0.315
573500,0.050,0.721,0.229
574000,0.050,0.693,0.257
574500,0.050,0.658,0.291
575000,0.050,0.678,0.272
575500,0.050,0.701,0.249
576000,0.050,0.648,0.301
576500,0.050,0.624,0.326
577000,0.050,0.647,0.302
577500,0.050,0.675,0.274
578000,0.050,0.656,0.294
578500,0.050,0.707,0.243
579000,0.050,0.702,0.248
579500,0.050,0.651,0.299
580000,0.050,0.692,0.258
580500,0.050,0.649,0.301
581000,0.050,0.698,0.252
581500,0.050,0.745,0.205
582000,0.050,0.743,0.207
582500,0.050,0.695,0.255
583000,0.050,0.664,0.286
583500,0.050,0.692,0.258
584000,0.050,0.708,0.242
584500,0.050,0.690,0.260
585000,0.050,0.634,0.316
585500,0.050,0.644,0.306
586000,0.050,0.645,0.304
586500,0.050,0.649,0.301
587000,0.050,0.742,0.208
587500,0.050,0.676,0.273
588000,0.050,0.702,0.248
588500,0.050,0.672,0.277
589000,0.050,0.645,0.304
589500,0.050,0.636,0.314
590000,0.050,0.638,0.312
590500,0.050,0.682,0.268
591000,0.050,0.635,0.315
591500,0.050,0.668,0.282
592000,0.050,0.697,0.253
592500,0.050,0.668,0.282
593000,0.050,0.672,0.277
593500,0.050,0.642,0.308
594000,0.050,0.622,0.328
594500,0.050,0.607,0.343
595000,0.050,0.648,0.301
595500,0.050,0.622,0.328
596000,0.050,0.605,0.345
596500,0.050,0.676,0.274
597000,0.050,0.702,0.248
597500,0.050,0.743,0.207
598000,0.050,0.728,0.222
598500,0.050,0.633,0.317
599000,0.050,0.680,0.270
599500,0.050,0.664,0.285
600000,0.050,0.720,0.230
600500,0.050,0.659,0.291
601000,0.050,0.692,0.258
601500,0.050,0.664,0.286
602000,0.050,0.669,0.280
602500,0.050,0.697,0.253
603000,0.050,0.707,0.243
603500,0.050,0.643,0.307
604000,0.050,0.691,0.259
604500,0.050,0.677,0.272
605000,0.050,0.702,0.248
605500,0.050,0.683,0.266
606000,0.050,0.659,0.291
606500,0.050,0.624,0.326
607000,0.050,0.639,0.310
607500,0.050,0.722,0.228
608000,0.050,0.712,0.238
608500,0.050,0.651,0.299
609000,0.050,0.563,0.387
609500,0.050,0.583,0.367
610000,0.050,0.637,0.312
610500,0.050,0.695,0.255
611000,0.050,0.689,0.261
611500,0.050,0.721,0.229
612000,0.050,0.732,0.218
612500,0.050,0.741,0.209
613000,0.050,0.667,0.283
613500,0.050,0.686,0.264
614000,0.050,0.744,0.206
614500,0.050,0.660,0.290
615000,0.050,0.645,0.304
615500,0.050,0.617,0.333
616000,0.050,0.657,0.292
616500,0.050,0.728,0.222
617000,0.050,0.676,0.274
617500,0.050,0.699,0.251
618000,0.050,0.727,0.223
618500,0.050,0.614,0.336
619000,0.050,0.695,0.255
619500,0.050,0.720,0.230
620000,0.050,0.722,0.228
620500,0.050,0.639,0.310
621000,0.050,0.631,0.319
621500,0.050,0.593,0.357
622000,0.050,0.625,0.325
622500,0.050,0.599,0.351
623000,0.050,0.627,0.323
623500,0.050,0.611,0.339
624000,0.050,0.633,0.317
624500,0.050,0.669,0.281
625000,0.050,0.706,0.244
625500,0.050,0.658,0.292
626000,0.050,0.716,0.234
626500,0.050,0.679,0.270
627000,0.050,0.678,0.272
627500,0.050,0.686,0.263
628000,0.050,0.678,0.271
628500,0.050,0.679,0.270
629000,0.050,0.682,0.268
629500,0.050,0.646,0.304
630000,0.050,0.668,0.281
630500,0.050,0.646,0.303
631000,0.050,0.686,0.263
631500,0.050,0.679,0.270
632000,0.050,0.681,0.269
632500,0.050,0.739,0.211
633000,0.050,0.714,0.236
633500,0.050,0.756,0.194
634000,0.050,0.743,0.207
634500,0.050,0.679,0.271
635000,0.050,0.634,0.316
635500,0.050,0.614,0.336
636000,0.050,0.635,0.315
636500,0.050,0.628,0.322
637000,0.050,0.598,0.352
637500,0.050,0.664,0.286
638000,0.050,0.724,0.226
638500,0.050,0.739,0.211
639000,0.050,0.722,0.228
639500,0.050,0.699,0.251
640000,0.050,0.704,0.246
640500,0.050,0.657,0.293
641000,0.050,0.716,0.234
641500,0.050,0.750,0.200
642000,0.050,0.646,0.303
642500,0.050,0.660,0.289
643000,0.050,0.755,0.195
643500,0.050,0.734,0.216
644000,0.050,0.691,0.259
644500,0.050,0.698,0.252
645000,0.050,0.660,0.290
645500,0.050,0.652,0.297
646000,0.050,0.715,0.235
646500,0.050,0.742,0.208
647000,0.050,0.709,0.241
647500,0.050,0.730,0.220
648000,0.050,0.722,0.228
648500,0.050,0.695,0.255
649000,0.050,0.710,0.240
649500,0.050,0.713,0.237
650000,0.050,0.625,0.325
650500,0.050,0.639,0.310
651000,0.050,0.698,0.252
651500,0.050,0.700,0.250
652000,0.050,0.696,0.254
652500,0.050,0.691,0.259
653000,0.050,0.652,0.297
653500,0.050,0.620,0.330
654000,0.050,0.656,0.293
654500,0.050,0.702,0.248
655000,0.050,0.661,0.289
655500,0.050,0.615,0.335
656000,0.050,0.703,0.247
656500,0.050,0.706,0.244
657000,0.050,0.694,0.256
657500,0.050,0.663,0.287
658000,0.050,0.661,0.288
658500,0.050,0.664,0.285
659000,0.050,0.656,0.293
659500,0.050,0.700,0.250
660000,0.050,0.692,0.258
660500,0.050,0.652,0.297
661000,0.050,0.703,0.247
661500,0.050,0.701,0.249
662000,0.050,0.760,0.190
662500,0.050,0.636,0.314
663000,0.050,0.629,0.321
663500,0.050,0.628,0.322
664000,0.050,0.679,0.271
664500,0.050,0.638,0.311
665000,0.050,0.648,0.302
665500,0.050,0.741,0.209
666000,0.050,0.760,0.190
666500,0.050,0.786,0.163
667000,0.050,0.741,0.209
667500,0.050,0.677,0.272
668000,0.050,0.709,0.241
668500,0.050,0.728,0.222
669000,0.050,0.661,0.288
669500,0.050,0.676,0.273
670000,0.050,0.617,0.333
670500,0.050,0.689,0.261
671000,0.050,0.651,0.298
671500,0.050,0.603,0.347
672000,0.050,0.606,0.344
672500,0.050,0.646,0.304
673000,0.050,0.668,0.282
673500,0.050,0.631,0.319
674000,0.050,0.569,0.381
674500,0.050,0.594,0.356
675000,0.050,0.679,0.270
675500,0.050,0.705,0.245
676000,0.050,0.728,0.222
676500,0.050,0.693,0.257
677000,0.050,0.705,0.245
677500,0.050,0.684,0.266
678000,0.050,0.739,0.211
678500,0.050,0.693,0.257
679000,0.050,0.694,0.256
679500,0.050,0.652,0.297
680000,0.050,0.704,0.246
680500,0.050,0.715,0.235
681000,0.050,0.599,0.351
681500,0.050,0.607,0.343
682000,0.050,0.670,0.280
682500,0.050,0.662,0.287
683000,0.050,0.693,0.257
683500,0.050,0.550,0.399
684000,0.050,0.695,0.255
684500,0.050,0.682,0.267
685000,0.050,0.648,0.302
685500,0.050,0.692,0.258
686000,0.050,0.718,0.232
686500,0.050,0.732,0.218
687000,0.050,0.702,0.248
687500,0.050,0.715,0.235
688000,0.050,0.707,0.243
688500,0.050,0.637,0.313
689000,0.050,0.598,0.352
689500,0.050,0.619,0.331
690000,0.050,0.685,0.264
690500,0.050,0.677,0.273
691000,0.050,0.731,0.219
691500,0.050,0.727,0.223
692000,0.050,0.649,0.301
692500,0.050,0.703,0.247
693000,0.050,0.656,0.293
693500,0.050,0.629,0.321
694000,0.050,0.575,0.375
694500,0.050,0.620,0.330
695000,0.050,0.608,0.342
695500,0.050,0.666,0.283
696000,0.050,0.654,0.296
696500,0.050,0.613,0.337
697000,0.050,0.674,0.275
697500,0.050,0.628,0.322
698000,0.050,0.612,0.338
698500,0.050,0.661,0.288
699000,0.050,0.650,0.299
699500,0.050,0.608,0.342
700000,0.050,0.678,0.271
700500,0.050,0.730,0.220
701000,0.050,0.658,0.291
701500,0.050,0.705,0.245
702000,0.050,0.656,0.294
702500,0.050,0.604,0.346
703000,0.050,0.652,0.297
703500,0.050,0.711,0.239
704000,0.050,0.650,0.299
704500,0.050,0.628,0.322
705000,0.050,0.668,0.282
705500,0.050,0.680,0.269
706000,0.050,0.761,0.189
706500,0.050,0.716,0.234
707000,0.050,0.635,0.315
707500,0.050,0.610,0.340
708000,0.050,0.680,0.269
708500,0.050,0.702,0.248
709000,0.050,0.699,0.251
709500,0.050,0.695,0.255
710000,0.050,0.713,0.237
710500,0.050,0.717,0.233
711000,0.050,0.675,0.275
711500,0.050,0.663,0.287
712000,0.050,0.720,0.230
712500,0.050,0.708,0.242
713000,0.050,0.661,0.289
713500,0.050,0.649,0.300
714000,0.050,0.646,0.304
714500,0.050,0.788,0.161
715000,0.050,0.730,0.220
715500,0.050,0.755,0.195
716000,0.050,0.741,0.209
716500,0.050,0.716,0.234
717000,0.050,0.671,0.278
717500,0.050,0.665,0.285
718000,0.050,0.612,0.338
718500,0.050,0.581,0.369
719000,0.050,0.666,0.283
719500,0.050,0.656,0.294
720000,0.050,0.650,0.300
720500,0.050,0.639,0.311
721000,0.050,0.655,0.294
721500,0.050,0.653,0.297
722000,0.050,0.693,0.257
722500,0.050,0.708,0.242
723000,0.050,0.583,0.367
723500,0.050,0.615,0.335
724000,0.050,0.661,0.289
724500,0.050,0.644,0.305
725000,0.050,0.728,0.222
725500,0.050,0.640,0.310
726000,0.050,0.645,0.304
726500,0.050,0.682,0.268
727000,0.050,0.651,0.298
727500,0.050,0.649,0.301
728000,0.050,0.657,0.292
728500,0.050,0.664,0.285
729000,0.050,0.701,0.249
729500,0.050,0.671,0.278
730000,0.050,0.677,0.273
730500,0.050,0.616,0.334
731000,0.050,0.711,0.239
731500,0.050,0.709,0.241
732000,0.050,0.711,0.239
732500,0.050,0.668,0.282
733000,0.050,0.602,0.348
733500,0.050,0.619,0.331
734000,0.050,0.669,0.280
734500,0.050,0.674,0.275
735000,0.050,0.654,0.295
735500,0.050,0.690,0.260
736000,0.050,0.666,0.283
736500,0.050,0.637,0.312
737000,0.050,0.567,0.383
737500,0.050,0.612,0.338
738000,0.050,0.673,0.277
738500,0.050,0.672,0.277
739000,0.050,0.717,0.233
739500,0.050,0.662,0.288
740000,0.050,0.723,0.227
740500,0.050,0.682,0.267
741000,0.050,0.723,0.227
741500,0.050,0.679,0.271
742000,0.050,0.684,0.266
742500,0.050,0.694,0.256
743000,0.050,0.677,0.273
743500,0.050,0.650,0.300
744000,0.050,0.631,0.319
744500,0.050,0.571,0.379
745000,0.050,0.570,0.380
745500,0.050,0.593,0.357
746000,0.050,0.691,0.259
746500,0.050,0.724,0.226
747000,0.050,0.664,0.286
747500,0.050,0.695,0.255
748000,0.050,0.643,0.306
748500,0.050,0.655,0.295
749000,0.050,0.665,0.285
749500,0.050,0.675,0.275
750000,0.050,0.666,0.283
750500,0.050,0.651,0.298
751000,0.050,0.691,0.259
751500,0.050,0.624,0.326
752000,0.050,0.578,0.372
752500,0.050,0.648,0.302
753000,0.050,0.647,0.303
753500,0.050,0.681,0.269
754000,0.050,0.669,0.281
754500,0.050,0.643,0.307
755000,0.050,0.669,0.280
755500,0.050,0.632,0.318
756000,0.050,0.640,0.310
756500,0.050,0.658,0.291
757000,0.050,0.633,0.317
757500,0.050,0.620,0.330
758000,0.050,0.628,0.322
758500,0.050,0.639,0.310
759000,0.050,0.697,0.253
759500,0.050,0.678,0.271
760000,0.050,0.649,0.301
760500,0.050,0.654,0.295
761000,0.050,0.714,0.236
761500,0.050,0.624,0.326
762000,0.050,0.640,0.309
762500,0.050,0.688,0.262
763000,0.050,0.693,0.257
763500,0.050,0.742,0.208
764000,0.050,0.701,0.249
764500,0.050,0.567,0.383
765000,0.050,0.623,0.327
765500,0.050,0.665,0.284
766000,0.050,0.621,0.329
766500,0.050,0.564,0.386
767000,0.050,0.584,0.366
767500,0.050,0.609,0.341
768000,0.050,0.645,0.304
768500,0.050,0.653,0.296
769000,0.050,0.605,0.345
769500,0.050,0.726,0.224
770000,0.050,0.678,0.271
770500,0.050,0.660,0.290
771000,0.050,0.663,0.286
771500,0.050,0.619,0.331
772000,0.050,0.637,0.313
772500,0.050,0.634,0.316
773000,0.050,0.675,0.275
773500,0.050,0.668,0.281
774000,0.050,0.716,0.234
774500,0.050,0.632,0.318
775000,0.050,0.703,0.247
775500,0.050,0.745,0.205
776000,0.050,0.689,0.261
776500,0.050,0.670,0.280
777000,0.050,0.652,0.297
777500,0.050,0.647,0.302
778000,0.050,0.661,0.288
778500,0.050,0.651,0.298
779000,0.050,0.674,0.276
779500,0.050,0.603,0.347
780000,0.050,0.609,0.341
780500,0.050,0.616,0.334
781000,0.050,0.634,0.316
781500,0.050,0.621,0.329
782000,0.050,0.572,0.378
782500,0.050,0.667,0.283
783000,0.050,0.636,0.314
783500,0.050,0.713,0.237
784000,0.050,0.713,0.237
784500,0.050,0.772,0.178
785000,0.050,0.754,0.196
785500,0.050,0.714,0.236
786000,0.050,0.719,0.231
786500,0.050,0.693,0.257
787000,0.050,0.668,0.281
787500,0.050,0.682,0.268
788000,0.050,0.653,0.296
788500,0.050,0.697,0.253
789000,0.050,0.673,0.277
789500,0.050,0.704,0.246
790000,0.050,0.716,0.234
790500,0.050,0.630,0.320
791000,0.050,0.655,0.295
791500,0.050,0.578,0.372
792000,0.050,0.647,0.303
792500,0.050,0.636,0.314
793000,0.050,0.662,0.287
793500,0.050,0.655,0.295
794000,0.050,0.727,0.223
794500,0.050,0.630,0.320
795000,0.050,0.677,0.272
795500,0.050,0.656,0.294
796000,0.050,0.690,0.260
796500,0.050,0.656,0.294
797000,0.050,0.684,0.266
797500,0.050,0.636,0.314
798000,0.050,0.628,0.322
798500,0.050,0.670,0.280
799000,0.050,0.700,0.250
799500,0.050,0.709,0.241
800000,0.050,0.724,0.226
800500,0.050,0.686,0.264
801000,0.050,0.688,0.262
801500,0.050,0.712,0.238
802000,0.050,0.681,0.268
802500,0.050,0.644,0.305
803000,0.050,0.626,0.324
803500,0.050,0.642,0.308
804000,0.050,0.617,0.333
804500,0.050,0.628,0.322
805000,0.050,0.634,0.316
805500,0.050,0.629,0.321
806000,0.050,0.655,0.294
806500,0.050,0.663,0.287
807000,0.050,0.676,0.274
807500,0.050,0.639,0.310
808000,0.050,0.682,0.268
808500,0.050,0.654,0.295
809000,0.050,0.693,0.257
809500,0.050,0.708,0.242
810000,0.050,0.616,0.334
810500,0.050,0.656,0.294
811000,0.050,0.631,0.319
811500,0.050,0.580,0.370
812000,0.050,0.615,0.335
812500,0.050,0.593,0.357
813000,0.050,0.653,0.296
813500,0.050,0.612,0.338
814000,0.050,0.636,0.314
814500,0.050,0.638,0.312
815000,0.050,0.681,0.268
815500,0.050,0.695,0.255
816000,0.050,0.660,0.290
816500,0.050,0.655,0.295
817000,0.050,0.671,0.278
817500,0.050,0.708,0.242
818000,0.050,0.677,0.272
818500,0.050,0.688,0.262
819000,0.050,0.725,0.225
819500,0.050,0.731,0.219
820000,0.050,0.718,0.232
820500,0.050,0.764,0.185
821000,0.050,0.740,0.210
821500,0.050,0.727,0.223
822000,0.050,0.690,0.260
822500,0.050,0.673,0.277
823000,0.050,0.716,0.234
823500,0.050,0.652,0.298
824000,0.050,0.623,0.327
824500,0.050,0.652,0.297
825000,0.050,0.636,0.314
825500,0.050,0.670,0.279
826000,0.050,0.644,0.306
826500,0.050,0.660,0.289
827000,0.050,0.691,0.259
827500,0.050,0.671,0.279
828000,0.050,0.578,0.372
828500,0.050,0.559,0.390
829000,0.050,0.688,0.262
829500,0.050,0.661,0.288
830000,0.050,0.624,0.326
830500,0.050,0.612,0.338
831000,0.050,0.600,0.350
831500,0.050,0.667,0.283
832000,0.050,0.585,0.365
832500,0.050,0.638,0.312
833000,0.050,0.721,0.229
833500,0.050,0.666,0.283
834000,0.050,0.680,0.270
834500,0.050,0.700,0.250
835000,0.050,0.662,0.287
835500,0.050,0.610,0.340
836000,0.050,0.669,0.281
836500,0.050,0.675,0.274
837000,0.050,0.691,0.259
837500,0.050,0.644,0.305
838000,0.050,0.624,0.326
838500,0.050,0.636,0.314
839000,0.050,0.669,0.280
839500,0.050,0.680,0.270
840000,0.050,0.703,0.247
840500,0.050,0.691,0.259
841000,0.050,0.695,0.255
841500,0.050,0.677,0.273
842000,0.050,0.631,0.319
842500,0.050,0.681,0.269
843000,0.050,0.734,0.216
843500,0.050,0.725,0.225
844000,0.050,0.749,0.201
844500,0.050,0.727,0.223
845000,0.050,0.721,0.229
845500,0.050,0.658,0.292
846000,0.050,0.624,0.326
846500,0.050,0.639,0.310
847000,0.050,0.673,0.277
847500,0.050,0.697,0.253
848000,0.050,0.690,0.260
848500,0.050,0.736,0.214
849000,0.050,0.644,0.305
849500,0.050,0.671,0.279
850000,0.050,0.652,0.297
850500,0.050,0.659,0.290
851000,0.050,0.624,0.326
851500,0.050,0.680,0.269
852000,0.050,0.695,0.255
852500,0.050,0.722,0.228
853000,0.050,0.680,0.269
853500,0.050,0.724,0.226
854000,0.050,0.661,0.289
854500,0.050,0.603,0.347
855000,0.050,0.661,0.289
855500,0.050,0.656,0.293
856000,0.050,0.659,0.290
856500,0.050,0.684,0.266
857000,0.050,0.679,0.270
857500,0.050,0.726,0.224
858000,0.050,0.708,0.242
858500,0.050,0.728,0.222
859000,0.050,0.704,0.246
859500,0.050,0.666,0.284
860000,0.050,0.581,0.369
860500,0.050,0.550,0.400
861000,0.050,0.646,0.304
861500,0.050,0.662,0.287
862000,0.050,0.682,0.267
862500,0.050,0.699,0.251
863000,0.050,0.701,0.249
863500,0.050,0.700,0.250
864000,0.050,0.599,0.351
864500,0.050,0.644,0.306
865000,0.050,0.665,0.285
865500,0.050,0.661,0.288
866000,0.050,0.617,0.333
866500,0.050,0.656,0.294
867000,0.050,0.663,0.286
867500,0.050,0.665,0.284
868000,0.050,0.643,0.306
868500,0.050,0.718,0.232
869000,0.050,0.737,0.213
869500,0.050,0.702,0.248
870000,0.050,0.661,0.288
870500,0.050,0.662,0.287
871000,0.050,0.697,0.253
871500,0.050,0.682,0.268
872000,0.050,0.647,0.302
872500,0.050,0.670,0.279
873000,0.050,0.609,0.341
873500,0.050,0.633,0.317
874000,0.050,0.659,0.291
874500,0.050,0.629,0.321
875000,0.050,0.619,0.331
875500,0.050,0.607,0.343
876000,0.050,0.649,0.300
876500,0.050,0.631,0.319
877000,0.050,0.634,0.316
877500,0.050,0.674,0.275
878000,0.050,0.677,0.272
878500,0.050,0.716,0.234
879000,0.050,0.655,0.295
879500,0.050,0.596,0.354
880000,0.050,0.636,0.314
880500,0.050,0.656,0.293
881000,0.050,0.660,0.290
881500,0.050,0.673,0.276
882000,0.050,0.660,0.289
882500,0.050,0.704,0.246
883000,0.050,0.666,0.283
883500,0.050,0.668,0.281
884000,0.050,0.664,0.286
884500,0.050,0.576,0.374
885000,0.050,0.673,0.276
885500,0.050,0.667,0.282
886000,0.050,0.671,0.279
886500,0.050,0.649,0.301
887000,0.050,0.601,0.349
887500,0.050,0.693,0.257
888000,0.050,0.692,0.258
888500,0.050,0.669,0.281
889000,0.050,0.691,0.259
889500,0.050,0.694,0.256
890000,0.050,0.596,0.354
890500,0.050,0.637,0.313
891000,0.050,0.644,0.306
891500,0.050,0.620,0.330
892000,0.050,0.666,0.284
892500,0.050,0.661,0.289
893000,0.050,0.719,0.231
893500,0.050,0.667,0.282
894000,0.050,0.622,0.328
894500,0.050,0.663,0.287
895000,0.050,0.710,0.240
895500,0.050,0.717,0.233
896000,0.050,0.685,0.264
896500,0.050,0.678,0.272
897000,0.050,0.619,0.331
897500,0.050,0.665,0.285
898000,0.050,0.693,0.257
898500,0.050,0.638,0.311
899000,0.050,0.681,0.268
899500,0.050,0.701,0.249
900000,0.050,0.734,0.216
900500,0.050,0.732,0.218
901000,0.050,0.702,0.248
901500,0.050,0.681,0.268
902000,0.050,0.704,0.246
902500,0.050,0.724,0.226
903000,0.050,0.644,0.305
903500,0.050,0.673,0.276
904000,0.050,0.691,0.259
904500,0.050,0.678,0.271
905000,0.050,0.683,0.266
905500,0.050,0.656,0.294
906000,0.050,0.682,0.267
906500,0.050,0.671,0.279
907000,0.050,0.621,0.329
907500,0.050,0.691,0.259
908000,0.050,0.639,0.311
908500,0.050,0.650,0.299
909000,0.050,0.693,0.257
909500,0.050,0.713,0.237
910000,0.050,0.684,0.265
910500,0.050,0.661,0.289
911000,0.050,0.676,0.273
911500,0.050,0.604,0.346
912000,0.050,0.599,0.351
912500,0.050,0.657,0.292
913000,0.050,0.650,0.299
913500,0.050,0.645,0.304
914000,0.050,0.624,0.326
914500,0.050,0.710,0.240
915000,0.050,0.586,0.364
915500,0.050,0.623,0.327
916000,0.050,0.628,0.322
916500,0.050,0.665,0.285
917000,0.050,0.707,0.243
917500,0.050,0.725,0.225
918000,0.050,0.673,0.277
918500,0.050,0.597,0.353
919000,0.050,0.633,0.317
919500,0.050,0.603,0.347
920000,0.050,0.697,0.253
920500,0.050,0.665,0.284
921000,0.050,0.608,0.342
921500,0.050,0.611,0.339
922000,0.050,0.625,0.325
922500,0.050,0.688,0.262
923000,0.050,0.721,0.229
923500,0.050,0.741,0.209
924000,0.050,0.690,0.260
924500,0.050,0.733,0.217
925000,0.050,0.714,0.236
925500,0.050,0.747,0.203
926000,0.050,0.757,0.193
926500,0.050,0.643,0.306
927000,0.050,0.677,0.272
927500,0.050,0.742,0.208
928000,0.050,0.730,0.220
928500,0.050,0.635,0.315
929000,0.050,0.711,0.239
929500,0.050,0.633,0.317
930000,0.050,0.713,0.237
930500,0.050,0.615,0.335
931000,0.050,0.653,0.297
931500,0.050,0.650,0.299
932000,0.050,0.698,0.252
932500,0.050,0.700,0.250
933000,0.050,0.696,0.254
933500,0.050,0.601,0.349
934000,0.050,0.606,0.344
934500,0.050,0.608,0.342
935000,0.050,0.716,0.234
935500,0.050,0.726,0.224
936000,0.050,0.744,0.206
936500,0.050,0.753,0.197
937000,0.050,0.700,0.250
937500,0.050,0.628,0.322
938000,0.050,0.610,0.340
938500,0.050,0.686,0.264
939000,0.050,0.731,0.219
939500,0.050,0.726,0.224
940000,0.050,0.709,0.241
940500,0.050,0.642,0.308
941000,0.050,0.739,0.211
941500,0.050,0.773,0.177
942000,0.050,0.696,0.254
942500,0.050,0.676,0.273
943000,0.050,0.670,0.279
943500,0.050,0.610,0.340
944000,0.050,0.622,0.328
944500,0.050,0.666,0.283
945000,0.050,0.733,0.217
945500,0.050,0.682,0.268
946000,0.050,0.657,0.293
946500,0.050,0.598,0.352
947000,0.050,0.594,0.356
947500,0.050,0.606,0.344
948000,0.050,0.589,0.361
948500,0.050,0.623,0.327
949000,0.050,0.680,0.270
949500,0.050,0.771,0.178
950000,0.050,0.671,0.279
950500,0.050,0.668,0.281
951000,0.050,0.675,0.274
951500,0.050,0.670,0.279
952000,0.050,0.611,0.339
952500,0.050,0.593,0.357
953000,0.050,0.588,0.362
953500,0.050,0.653,0.297
954000,0.050,0.638,0.311
954500,0.050,0.599,0.351
955000,0.050,0.618,0.332
955500,0.050,0.627,0.323
956000,0.050,0.688,0.262
956500,0.050,0.675,0.275
957000,0.050,0.685,0.264
957500,0.050,0.710,0.240
958000,0.050,0.692,0.258
958500,0.050,0.714,0.236
959000,0.050,0.719,0.231
959500,0.050,0.657,0.293
960000,0.050,0.661,0.289
960500,0.050,0.643,0.307
961000,0.050,0.681,0.268
961500,0.050,0.697,0.253
962000,0.050,0.675,0.274
962500,0.050,0.632,0.318
963000,0.050,0.625,0.325
963500,0.050,0.651,0.298
964000,0.050,0.619,0.331
964500,0.050,0.659,0.290
965000,0.050,0.624,0.326
965500,0.050,0.607,0.343
966000,0.050,0.642,0.308
966500,0.050,0.653,0.296
967000,0.050,0.671,0.279
967500,0.050,0.736,0.214
968000,0.050,0.640,0.309
968500,0.050,0.635,0.315
969000,0.050,0.710,0.240
969500,0.050,0.636,0.314
970000,0.050,0.587,0.363
970500,0.050,0.541,0.409
971000,0.050,0.665,0.285
971500,0.050,0.668,0.281
972000,0.050,0.557,0.392
972500,0.050,0.649,0.301
973000,0.050,0.648,0.302
973500,0.050,0.628,0.322
974000,0.050,0.633,0.317
974500,0.050,0.637,0.313
975000,0.050,0.576,0.374
975500,0.050,0.558,0.392
976000,0.050,0.635,0.315
976500,0.050,0.642,0.307
977000,0.050,0.685,0.265
977500,0.050,0.707,0.243
978000,0.050,0.633,0.317
978500,0.050,0.650,0.299
979000,0.050,0.681,0.269
979500,0.050,0.648,0.302
980000,0.050,0.621,0.329
980500,0.050,0.683,0.267
981000,0.050,0.746,0.204
981500,0.050,0.702,0.248
982000,0.050,0.652,0.298
982500,0.050,0.690,0.260
983000,0.050,0.719,0.231
983500,0.050,0.678,0.272
984000,0.050,0.632,0.318
984500,0.050,0.625,0.325
985000,0.050,0.683,0.267
985500,0.050,0.689,0.261
986000,0.050,0.729,0.221
986500,0.050,0.750,0.200
987000,0.050,0.736,0.214
987500,0.050,0.709,0.241
988000,0.050,0.678,0.271
988500,0.050,0.696,0.254
989000,0.050,0.638,0.312
989500,0.050,0.586,0.364
990000,0.050,0.654,0.296
990500,0.050,0.713,0.237
991000,0.050,0.663,0.287
991500,0.050,0.642,0.307
992000,0.050,0.655,0.295
992500,0.050,0.712,0.238
993000,0.050,0.735,0.215
993500,0.050,0.737,0.213
994000,0.050,0.708,0.242
994500,0.050,0.683,0.267
995000,0.050,0.616,0.334
995500,0.050,0.661,0.288
996000,0.050,0.647,0.303
996500,0.050,0.653,0.297
997000,0.050,0.660,0.289
997500,0.050,0.609,0.341
998000,0.050,0.652,0.297
998500,0.050,0.682,0.267
999000,0.050,0.658,0.291
999500,0.050,0.693,0.257
1000000,0.050,0.628,0.322
