time,n_A+p,n_B,n_AB
500,0.030,0.870,0.100
1000,0.030,0.602,0.368
1500,0.030,0.538,0.431
2000,0.030,0.404,0.567
2500,0.030,0.392,0.578
3000,0.033,0.335,0.632
3500,0.032,0.354,0.615
4000,0.030,0.398,0.572
4500,0.030,0.350,0.619
5000,0.030,0.387,0.583
5500,0.030,0.314,0.656
6000,0.030,0.350,0.620
6500,0.030,0.391,0.579
7000,0.030,0.333,0.637
7500,0.030,0.353,0.617
8000,0.030,0.390,0.580
8500,0.030,0.422,0.548
9000,0.030,0.310,0.660
9500,0.038,0.258,0.704
10000,0.035,0.282,0.682
10500,0.035,0.304,0.661
11000,0.036,0.293,0.670
11500,0.031,0.332,0.637
12000,0.030,0.264,0.706
12500,0.030,0.300,0.669
13000,0.030,0.393,0.577
13500,0.030,0.395,0.575
14000,0.030,0.446,0.524
14500,0.030,0.357,0.613
15000,0.030,0.404,0.567
15500,0.030,0.461,0.509
16000,0.030,0.380,0.591
16500,0.030,0.390,0.580
17000,0.030,0.385,0.585
17500,0.030,0.381,0.589
18000,0.030,0.322,0.648
18500,0.030,0.378,0.592
19000,0.031,0.326,0.643
19500,0.030,0.405,0.565
20000,0.030,0.357,0.613
20500,0.030,0.437,0.533
21000,0.030,0.415,0.554
21500,0.033,0.346,0.622
22000,0.030,0.261,0.709
22500,0.036,0.245,0.719
23000,0.033,0.285,0.682
23500,0.033,0.212,0.754
24000,0.037,0.231,0.732
24500,0.030,0.291,0.678
25000,0.030,0.256,0.714
25500,0.031,0.310,0.658
26000,0.030,0.340,0.630
26500,0.030,0.391,0.579
27000,0.030,0.432,0.538
27500,0.030,0.353,0.617
28000,0.036,0.339,0.625
28500,0.032,0.282,0.686
29000,0.033,0.297,0.670
29500,0.030,0.364,0.606
30000,0.032,0.371,0.597
30500,0.030,0.332,0.638
31000,0.030,0.395,0.575
31500,0.030,0.286,0.684
32000,0.030,0.311,0.658
32500,0.032,0.288,0.681
33000,0.030,0.353,0.617
33500,0.030,0.285,0.684
34000,0.030,0.322,0.648
34500,0.032,0.343,0.625
35000,0.030,0.316,0.654
35500,0.030,0.360,0.610
36000,0.030,0.344,0.626
36500,0.030,0.273,0.697
37000,0.031,0.356,0.613
37500,0.030,0.422,0.548
38000,0.030,0.388,0.582
38500,0.030,0.347,0.623
39000,0.030,0.335,0.635
39500,0.030,0.356,0.613
40000,0.030,0.423,0.547
40500,0.030,0.425,0.545
41000,0.030,0.440,0.530
41500,0.030,0.398,0.573
42000,0.030,0.356,0.613
42500,0.030,0.338,0.632
43000,0.030,0.283,0.686
43500,0.032,0.292,0.675
44000,0.030,0.331,0.639
44500,0.030,0.338,0.632
45000,0.030,0.355,0.615
45500,0.030,0.396,0.574
46000,0.030,0.363,0.607
46500,0.033,0.362,0.605
47000,0.030,0.417,0.552
47500,0.030,0.429,0.540
48000,0.030,0.434,0.535
48500,0.030,0.356,0.613
49000,0.030,0.353,0.617
49500,0.030,0.381,0.589
50000,0.030,0.323,0.647
50500,0.031,0.311,0.657
51000,0.030,0.315,0.655
51500,0.030,0.335,0.635
52000,0.030,0.294,0.676
52500,0.030,0.360,0.610
53000,0.030,0.391,0.579
53500,0.030,0.359,0.611
54000,0.035,0.374,0.590
54500,0.030,0.311,0.658
55000,0.030,0.323,0.647
55500,0.030,0.290,0.679
56000,0.030,0.361,0.609
56500,0.030,0.391,0.579
57000,0.030,0.385,0.585
57500,0.036,0.347,0.617
58000,0.032,0.329,0.639
58500,0.030,0.264,0.706
59000,0.030,0.248,0.722
59500,0.030,0.274,0.696
60000,0.030,0.403,0.567
60500,0.030,0.334,0.636
61000,0.030,0.358,0.611
61500,0.030,0.341,0.629
62000,0.030,0.376,0.594
62500,0.030,0.413,0.557
63000,0.030,0.385,0.585
63500,0.030,0.344,0.626
64000,0.030,0.389,0.581
64500,0.030,0.350,0.619
65000,0.030,0.301,0.668
65500,0.030,0.297,0.673
66000,0.030,0.347,0.623
66500,0.030,0.428,0.542
67000,0.030,0.434,0.536
67500,0.030,0.439,0.531
68000,0.030,0.425,0.545
68500,0.030,0.365,0.605
69000,0.030,0.298,0.671
69500,0.030,0.338,0.632
70000,0.030,0.238,0.732
70500,0.030,0.307,0.662
71000,0.032,0.290,0.678
71500,0.030,0.349,0.621
72000,0.030,0.297,0.673
72500,0.030,0.327,0.643
73000,0.033,0.323,0.645
73500,0.030,0.347,0.623
74000,0.030,0.271,0.699
74500,0.034,0.294,0.672
75000,0.030,0.331,0.639
75500,0.030,0.335,0.635
76000,0.032,0.407,0.562
76500,0.030,0.390,0.581
77000,0.038,0.301,0.660
77500,0.030,0.359,0.611
78000,0.030,0.371,0.599
78500,0.030,0.380,0.591
79000,0.035,0.285,0.679
79500,0.030,0.329,0.641
80000,0.030,0.308,0.661
80500,0.030,0.386,0.584
81000,0.030,0.417,0.553
81500,0.030,0.400,0.571
82000,0.030,0.455,0.515
82500,0.030,0.439,0.531
83000,0.030,0.396,0.574
83500,0.030,0.372,0.597
84000,0.030,0.373,0.597
84500,0.030,0.343,0.627
85000,0.030,0.404,0.566
85500,0.030,0.336,0.634
86000,0.030,0.359,0.611
86500,0.030,0.400,0.571
87000,0.030,0.413,0.556
87500,0.037,0.331,0.632
88000,0.030,0.367,0.603
88500,0.030,0.326,0.644
89000,0.030,0.390,0.580
89500,0.030,0.336,0.634
90000,0.030,0.321,0.649
90500,0.030,0.337,0.633
91000,0.030,0.380,0.590
91500,0.030,0.368,0.602
92000,0.030,0.301,0.668
92500,0.030,0.424,0.545
93000,0.030,0.446,0.524
93500,0.030,0.429,0.541
94000,0.030,0.344,0.626
94500,0.030,0.354,0.616
95000,0.030,0.400,0.571
95500,0.030,0.267,0.703
96000,0.030,0.347,0.623
96500,0.030,0.268,0.702
97000,0.030,0.308,0.662
97500,0.030,0.365,0.605
98000,0.030,0.285,0.684
98500,0.030,0.309,0.660
99000,0.030,0.339,0.631
99500,0.030,0.311,0.659
100000,0.030,0.312,0.658
100500,0.030,0.348,0.621
101000,0.030,0.351,0.619
101500,0.030,0.388,0.583
102000,0.030,0.315,0.655
102500,0.030,0.391,0.579
103000,0.030,0.361,0.609
103500,0.030,0.331,0.639
104000,0.030,0.346,0.623
104500,0.030,0.419,0.550
105000,0.030,0.407,0.563
105500,0.030,0.337,0.633
106000,0.030,0.377,0.593
106500,0.030,0.287,0.682
107000,0.030,0.386,0.585
107500,0.030,0.390,0.581
108000,0.030,0.334,0.636
108500,0.030,0.327,0.643
109000,0.030,0.392,0.578
109500,0.030,0.346,0.624
110000,0.030,0.334,0.636
110500,0.030,0.356,0.613
111000,0.030,0.289,0.680
111500,0.030,0.300,0.669
112000,0.030,0.282,0.688
112500,0.030,0.310,0.659
113000,0.030,0.328,0.642
113500,0.031,0.319,0.650
114000,0.030,0.312,0.657
114500,0.030,0.359,0.611
115000,0.034,0.317,0.650
115500,0.030,0.325,0.645
116000,0.030,0.368,0.601
116500,0.030,0.394,0.576
117000,0.030,0.445,0.525
117500,0.030,0.321,0.649
118000,0.030,0.426,0.543
118500,0.030,0.393,0.577
119000,0.030,0.394,0.576
119500,0.030,0.371,0.599
120000,0.030,0.377,0.593
120500,0.030,0.345,0.625
121000,0.030,0.352,0.618
121500,0.030,0.364,0.606
122000,0.030,0.322,0.648
122500,0.036,0.232,0.732
123000,0.030,0.276,0.694
123500,0.030,0.300,0.670
124000,0.030,0.360,0.609
124500,0.030,0.384,0.587
125000,0.030,0.356,0.614
125500,0.030,0.320,0.650
126000,0.030,0.428,0.542
126500,0.030,0.436,0.534
127000,0.030,0.368,0.602
127500,0.030,0.380,0.591
128000,0.035,0.368,0.597
128500,0.030,0.372,0.597
129000,0.030,0.345,0.625
129500,0.030,0.310,0.660
130000,0.030,0.334,0.636
130500,0.030,0.356,0.613
131000,0.030,0.318,0.652
131500,0.030,0.402,0.568
132000,0.030,0.322,0.648
132500,0.030,0.348,0.622
133000,0.032,0.296,0.672
133500,0.030,0.314,0.656
134000,0.030,0.327,0.643
134500,0.030,0.343,0.627
135000,0.030,0.344,0.626
135500,0.030,0.330,0.640
136000,0.030,0.366,0.603
136500,0.030,0.370,0.600
137000,0.030,0.362,0.607
137500,0.030,0.351,0.619
138000,0.030,0.348,0.621
138500,0.030,0.361,0.609
139000,0.030,0.341,0.629
139500,0.030,0.318,0.652
140000,0.031,0.290,0.679
140500,0.030,0.329,0.641
141000,0.030,0.330,0.640
141500,0.030,0.327,0.643
142000,0.030,0.414,0.556
142500,0.030,0.397,0.573
143000,0.030,0.426,0.543
143500,0.030,0.400,0.570
144000,0.030,0.380,0.590
144500,0.030,0.309,0.661
145000,0.030,0.326,0.644
145500,0.030,0.371,0.599
146000,0.030,0.290,0.680
146500,0.030,0.314,0.656
147000,0.032,0.299,0.669
147500,0.030,0.371,0.599
148000,0.030,0.411,0.558
148500,0.030,0.455,0.515
149000,0.030,0.398,0.573
149500,0.030,0.351,0.619
150000,0.030,0.322,0.648
150500,0.030,0.322,0.648
151000,0.030,0.284,0.686
151500,0.030,0.298,0.672
152000,0.030,0.433,0.537
152500,0.030,0.380,0.590
153000,0.034,0.345,0.622
153500,0.030,0.306,0.663
154000,0.030,0.278,0.692
154500,0.030,0.349,0.621
155000,0.034,0.364,0.602
155500,0.030,0.463,0.506
156000,0.030,0.369,0.601
156500,0.032,0.331,0.637
157000,0.030,0.396,0.575
157500,0.030,0.305,0.664
158000,0.035,0.308,0.657
158500,0.030,0.286,0.683
159000,0.030,0.391,0.579
159500,0.030,0.449,0.521
160000,0.030,0.406,0.564
160500,0.030,0.348,0.622
161000,0.036,0.292,0.671
161500,0.030,0.432,0.538
162000,0.030,0.398,0.572
162500,0.030,0.364,0.605
163000,0.030,0.362,0.607
163500,0.030,0.338,0.632
164000,0.030,0.371,0.599
164500,0.030,0.350,0.619
165000,0.030,0.344,0.626
165500,0.031,0.304,0.664
166000,0.030,0.366,0.603
166500,0.030,0.438,0.532
167000,0.030,0.372,0.597
167500,0.030,0.434,0.536
168000,0.030,0.385,0.585
168500,0.033,0.304,0.663
169000,0.030,0.300,0.670
169500,0.030,0.326,0.644
170000,0.032,0.338,0.630
170500,0.030,0.359,0.610
171000,0.030,0.367,0.603
171500,0.032,0.324,0.644
172000,0.030,0.371,0.599
172500,0.030,0.424,0.546
173000,0.030,0.400,0.570
173500,0.030,0.300,0.670
174000,0.033,0.231,0.737
174500,0.030,0.296,0.673
175000,0.030,0.387,0.583
175500,0.035,0.282,0.683
176000,0.030,0.326,0.644
176500,0.030,0.324,0.646
177000,0.030,0.331,0.639
177500,0.030,0.297,0.672
178000,0.032,0.290,0.678
178500,0.030,0.273,0.698
179000,0.030,0.345,0.625
179500,0.030,0.422,0.547
180000,0.030,0.373,0.597
180500,0.030,0.398,0.573
181000,0.030,0.386,0.584
181500,0.030,0.365,0.605
182000,0.030,0.312,0.658
182500,0.030,0.378,0.593
183000,0.030,0.341,0.629
183500,0.030,0.308,0.661
184000,0.030,0.362,0.607
184500,0.030,0.320,0.650
185000,0.030,0.332,0.638
185500,0.030,0.351,0.619
186000,0.030,0.366,0.603
186500,0.030,0.339,0.631
187000,0.030,0.355,0.615
187500,0.030,0.348,0.622
188000,0.030,0.392,0.579
188500,0.033,0.421,0.546
189000,0.030,0.361,0.609
189500,0.030,0.312,0.657
190000,0.030,0.349,0.621
190500,0.030,0.302,0.668
191000,0.033,0.319,0.649
191500,0.030,0.335,0.635
192000,0.030,0.337,0.633
192500,0.030,0.396,0.575
193000,0.030,0.367,0.603
193500,0.030,0.405,0.565
194000,0.030,0.324,0.646
194500,0.030,0.339,0.631
195000,0.037,0.298,0.664
195500,0.034,0.279,0.687
196000,0.030,0.316,0.654
196500,0.030,0.355,0.615
197000,0.030,0.311,0.658
197500,0.030,0.334,0.636
198000,0.030,0.400,0.571
198500,0.030,0.408,0.562
199000,0.030,0.333,0.637
199500,0.030,0.319,0.651
200000,0.030,0.309,0.660
200500,0.030,0.347,0.623
201000,0.030,0.373,0.597
201500,0.030,0.413,0.556
202000,0.034,0.361,0.605
202500,0.033,0.266,0.701
203000,0.030,0.341,0.629
203500,0.031,0.361,0.608
204000,0.030,0.416,0.554
204500,0.030,0.379,0.591
205000,0.030,0.350,0.619
205500,0.030,0.335,0.635
206000,0.030,0.404,0.567
206500,0.030,0.315,0.655
207000,0.030,0.356,0.613
207500,0.030,0.337,0.633
208000,0.030,0.432,0.537
208500,0.030,0.388,0.582
209000,0.030,0.371,0.599
209500,0.030,0.387,0.583
210000,0.030,0.351,0.619
210500,0.030,0.328,0.642
211000,0.030,0.372,0.597
211500,0.030,0.333,0.637
212000,0.035,0.269,0.696
212500,0.030,0.320,0.649
213000,0.030,0.309,0.660
213500,0.034,0.256,0.710
214000,0.030,0.317,0.653
214500,0.030,0.343,0.627
215000,0.030,0.359,0.611
215500,0.030,0.466,0.504
216000,0.030,0.404,0.567
216500,0.030,0.417,0.553
217000,0.030,0.350,0.620
217500,0.030,0.366,0.603
218000,0.030,0.354,0.616
218500,0.030,0.374,0.595
219000,0.030,0.387,0.583
219500,0.030,0.325,0.645
220000,0.030,0.384,0.587
220500,0.030,0.308,0.662
221000,0.030,0.384,0.586
221500,0.030,0.337,0.633
222000,0.030,0.330,0.640
222500,0.030,0.359,0.611
223000,0.033,0.373,0.595
223500,0.035,0.353,0.612
224000,0.030,0.343,0.627
224500,0.030,0.319,0.651
225000,0.030,0.325,0.645
225500,0.030,0.330,0.640
226000,0.030,0.343,0.627
226500,0.031,0.268,0.701
227000,0.030,0.312,0.657
227500,0.034,0.283,0.683
228000,0.032,0.317,0.651
228500,0.030,0.301,0.668
229000,0.030,0.315,0.655
229500,0.030,0.309,0.660
230000,0.030,0.367,0.603
230500,0.030,0.337,0.633
231000,0.030,0.342,0.628
231500,0.030,0.314,0.656
232000,0.037,0.306,0.656
232500,0.030,0.398,0.573
233000,0.030,0.386,0.584
233500,0.030,0.402,0.569
234000,0.030,0.402,0.568
234500,0.030,0.375,0.595
235000,0.030,0.287,0.682
235500,0.030,0.305,0.665
236000,0.030,0.311,0.658
236500,0.030,0.425,0.544
237000,0.030,0.321,0.649
237500,0.030,0.330,0.640
238000,0.030,0.344,0.625
238500,0.030,0.353,0.617
239000,0.030,0.392,0.579
239500,0.030,0.375,0.595
240000,0.036,0.361,0.603
240500,0.030,0.395,0.575
241000,0.030,0.343,0.627
241500,0.030,0.311,0.658
242000,0.030,0.384,0.586
242500,0.030,0.366,0.603
243000,0.030,0.348,0.622
243500,0.030,0.337,0.633
244000,0.032,0.369,0.599
244500,0.030,0.315,0.655
245000,0.030,0.361,0.609
245500,0.030,0.289,0.681
246000,0.030,0.395,0.575
246500,0.030,0.413,0.556
247000,0.030,0.379,0.591
247500,0.030,0.278,0.692
248000,0.030,0.376,0.594
248500,0.030,0.310,0.660
249000,0.030,0.330,0.640
249500,0.030,0.336,0.634
250000,0.030,0.326,0.644
250500,0.030,0.256,0.714
251000,0.030,0.246,0.723
251500,0.030,0.336,0.633
252000,0.030,0.332,0.638
252500,0.030,0.401,0.569
253000,0.030,0.359,0.611
253500,0.030,0.345,0.625
254000,0.030,0.339,0.631
254500,0.030,0.303,0.666
255000,0.030,0.341,0.629
255500,0.037,0.290,0.672
256000,0.030,0.306,0.664
256500,0.030,0.368,0.601
257000,0.030,0.411,0.558
257500,0.030,0.416,0.553
258000,0.030,0.334,0.636
258500,0.030,0.373,0.597
259000,0.030,0.417,0.553
259500,0.030,0.460,0.510
260000,0.030,0.389,0.581
260500,0.030,0.292,0.678
261000,0.032,0.307,0.661
261500,0.030,0.381,0.589
262000,0.030,0.435,0.535
262500,0.030,0.431,0.539
263000,0.030,0.288,0.682
263500,0.030,0.336,0.634
264000,0.030,0.316,0.654
264500,0.030,0.295,0.674
265000,0.030,0.286,0.684
265500,0.030,0.326,0.644
266000,0.030,0.332,0.638
266500,0.030,0.344,0.626
267000,0.030,0.331,0.639
267500,0.032,0.338,0.631
268000,0.030,0.370,0.600
268500,0.030,0.369,0.601
269000,0.030,0.331,0.639
269500,0.030,0.341,0.629
270000,0.033,0.329,0.638
270500,0.031,0.338,0.631
271000,0.030,0.343,0.627
271500,0.030,0.333,0.637
272000,0.030,0.319,0.651
272500,0.030,0.306,0.663
273000,0.030,0.337,0.633
273500,0.030,0.325,0.645
274000,0.030,0.331,0.639
274500,0.030,0.339,0.631
275000,0.030,0.338,0.632
275500,0.030,0.347,0.623
276000,0.030,0.369,0.601
276500,0.030,0.387,0.583
277000,0.030,0.372,0.597
277500,0.030,0.366,0.604
278000,0.030,0.345,0.625
278500,0.030,0.266,0.704
279000,0.030,0.290,0.679
279500,0.030,0.354,0.615
280000,0.036,0.336,0.627
280500,0.043,0.265,0.693
281000,0.032,0.283,0.685
281500,0.030,0.379,0.591
282000,0.030,0.349,0.621
282500,0.035,0.313,0.653
283000,0.036,0.269,0.695
283500,0.030,0.274,0.696
284000,0.036,0.327,0.637
284500,0.031,0.367,0.602
285000,0.030,0.336,0.634
285500,0.030,0.357,0.613
286000,0.030,0.318,0.652
286500,0.033,0.323,0.645
287000,0.030,0.330,0.640
287500,0.030,0.286,0.684
288000,0.030,0.302,0.668
288500,0.030,0.276,0.694
289000,0.030,0.355,0.615
289500,0.030,0.335,0.635
290000,0.030,0.407,0.562
290500,0.030,0.318,0.652
291000,0.030,0.379,0.591
291500,0.030,0.384,0.587
292000,0.030,0.384,0.587
292500,0.030,0.401,0.569
293000,0.030,0.449,0.521
293500,0.030,0.366,0.603
294000,0.030,0.322,0.648
294500,0.030,0.286,0.684
295000,0.030,0.358,0.612
295500,0.030,0.382,0.589
296000,0.030,0.305,0.664
296500,0.030,0.381,0.589
297000,0.030,0.372,0.597
297500,0.030,0.382,0.589
298000,0.030,0.388,0.582
298500,0.034,0.286,0.681
299000,0.030,0.341,0.629
299500,0.030,0.416,0.553
300000,0.030,0.409,0.561
300500,0.030,0.325,0.645
301000,0.030,0.461,0.509
301500,0.030,0.407,0.563
302000,0.030,0.311,0.659
302500,0.030,0.300,0.669
303000,0.030,0.322,0.648
303500,0.030,0.335,0.635
304000,0.030,0.383,0.587
304500,0.030,0.392,0.578
305000,0.030,0.304,0.666
305500,0.030,0.354,0.615
306000,0.030,0.405,0.565
306500,0.030,0.328,0.642
307000,0.030,0.270,0.700
307500,0.030,0.253,0.718
308000,0.030,0.289,0.680
308500,0.030,0.385,0.585
309000,0.030,0.349,0.621
309500,0.030,0.354,0.615
310000,0.030,0.363,0.607
310500,0.030,0.410,0.560
311000,0.030,0.464,0.506
311500,0.030,0.305,0.665
312000,0.030,0.294,0.675
312500,0.030,0.318,0.652
313000,0.030,0.345,0.625
313500,0.030,0.327,0.643
314000,0.030,0.329,0.641
314500,0.032,0.333,0.636
315000,0.034,0.303,0.662
315500,0.030,0.363,0.606
316000,0.030,0.404,0.566
316500,0.030,0.358,0.611
317000,0.030,0.426,0.544
317500,0.030,0.381,0.589
318000,0.030,0.283,0.687
318500,0.030,0.395,0.575
319000,0.030,0.374,0.596
319500,0.030,0.398,0.573
320000,0.033,0.383,0.584
320500,0.031,0.275,0.694
321000,0.033,0.289,0.678
321500,0.030,0.289,0.681
322000,0.032,0.330,0.639
322500,0.030,0.366,0.604
323000,0.030,0.379,0.591
323500,0.030,0.329,0.641
324000,0.030,0.328,0.642
324500,0.030,0.367,0.603
325000,0.030,0.386,0.585
325500,0.030,0.306,0.663
326000,0.030,0.325,0.645
326500,0.030,0.312,0.658
327000,0.030,0.426,0.544
327500,0.030,0.378,0.593
328000,0.030,0.325,0.645
328500,0.030,0.393,0.577
329000,0.030,0.340,0.630
329500,0.030,0.400,0.570
330000,0.030,0.440,0.530
330500,0.030,0.336,0.634
331000,0.030,0.282,0.688
331500,0.030,0.286,0.684
332000,0.030,0.317,0.653
332500,0.033,0.328,0.640
333000,0.030,0.337,0.633
333500,0.030,0.307,0.662
334000,0.030,0.401,0.569
334500,0.038,0.294,0.668
335000,0.030,0.290,0.679
335500,0.033,0.294,0.673
336000,0.030,0.255,0.716
336500,0.033,0.260,0.707
337000,0.030,0.401,0.569
337500,0.030,0.370,0.600
338000,0.030,0.345,0.625
338500,0.030,0.268,0.702
339000,0.030,0.322,0.648
339500,0.030,0.292,0.678
340000,0.030,0.356,0.613
340500,0.030,0.299,0.670
341000,0.030,0.299,0.671
341500,0.030,0.302,0.668
342000,0.030,0.300,0.669
342500,0.030,0.310,0.660
343000,0.030,0.345,0.625
343500,0.034,0.287,0.679
344000,0.030,0.360,0.609
344500,0.030,0.356,0.614
345000,0.030,0.314,0.656
345500,0.030,0.329,0.641
346000,0.030,0.354,0.615
346500,0.038,0.290,0.671
347000,0.031,0.344,0.625
347500,0.030,0.303,0.666
348000,0.037,0.254,0.709
348500,0.038,0.322,0.639
349000,0.031,0.307,0.661
349500,0.030,0.297,0.673
350000,0.032,0.357,0.611
350500,0.030,0.385,0.585
351000,0.030,0.352,0.617
351500,0.030,0.385,0.585
352000,0.030,0.361,0.609
352500,0.030,0.406,0.564
353000,0.030,0.364,0.606
353500,0.030,0.369,0.601
354000,0.030,0.448,0.522
354500,0.030,0.396,0.574
355000,0.030,0.390,0.580
355500,0.030,0.406,0.564
356000,0.030,0.364,0.606
356500,0.030,0.346,0.623
357000,0.030,0.302,0.668
357500,0.042,0.261,0.698
358000,0.034,0.265,0.702
358500,0.030,0.332,0.637
359000,0.030,0.354,0.616
359500,0.030,0.383,0.587
360000,0.030,0.308,0.662
360500,0.030,0.358,0.611
361000,0.030,0.342,0.628
361500,0.032,0.249,0.719
362000,0.030,0.362,0.608
362500,0.030,0.338,0.632
363000,0.030,0.313,0.657
363500,0.030,0.366,0.603
364000,0.030,0.411,0.559
364500,0.030,0.357,0.613
365000,0.030,0.317,0.653
365500,0.030,0.308,0.662
366000,0.033,0.269,0.698
366500,0.030,0.350,0.619
367000,0.030,0.326,0.644
367500,0.030,0.377,0.593
368000,0.030,0.389,0.581
368500,0.030,0.333,0.637
369000,0.030,0.343,0.627
369500,0.031,0.365,0.604
370000,0.030,0.368,0.602
370500,0.030,0.344,0.626
371000,0.030,0.377,0.593
371500,0.030,0.401,0.569
372000,0.030,0.342,0.628
372500,0.030,0.351,0.619
373000,0.031,0.265,0.704
373500,0.047,0.277,0.676
374000,0.032,0.327,0.641
374500,0.032,0.258,0.711
375000,0.030,0.396,0.574
375500,0.030,0.456,0.514
376000,0.030,0.378,0.592
376500,0.030,0.359,0.611
377000,0.033,0.282,0.685
377500,0.032,0.299,0.668
378000,0.030,0.321,0.649
378500,0.030,0.302,0.667
379000,0.037,0.222,0.741
379500,0.032,0.257,0.711
380000,0.030,0.309,0.660
380500,0.035,0.309,0.655
381000,0.030,0.294,0.675
381500,0.030,0.321,0.649
382000,0.030,0.343,0.627
382500,0.030,0.346,0.624
383000,0.030,0.344,0.626
383500,0.030,0.351,0.619
384000,0.036,0.317,0.647
384500,0.030,0.296,0.673
385000,0.030,0.396,0.575
385500,0.030,0.443,0.527
386000,0.030,0.404,0.567
386500,0.030,0.302,0.667
387000,0.030,0.389,0.581
387500,0.030,0.381,0.589
388000,0.030,0.395,0.575
388500,0.030,0.380,0.590
389000,0.030,0.399,0.571
389500,0.030,0.361,0.609
390000,0.030,0.289,0.680
390500,0.030,0.301,0.668
391000,0.035,0.371,0.595
391500,0.030,0.346,0.623
392000,0.030,0.409,0.560
392500,0.030,0.379,0.591
393000,0.030,0.413,0.557
393500,0.030,0.409,0.561
394000,0.030,0.378,0.593
394500,0.030,0.348,0.622
395000,0.030,0.324,0.646
395500,0.030,0.373,0.597
396000,0.030,0.414,0.555
396500,0.030,0.326,0.644
397000,0.037,0.324,0.639
397500,0.030,0.356,0.613
398000,0.030,0.335,0.635
398500,0.030,0.308,0.662
399000,0.030,0.321,0.649
399500,0.030,0.288,0.682
400000,0.035,0.273,0.693
400500,0.030,0.309,0.661
401000,0.030,0.314,0.656
401500,0.030,0.283,0.687
402000,0.030,0.328,0.642
402500,0.033,0.268,0.700
403000,0.030,0.386,0.584
403500,0.030,0.350,0.619
404000,0.030,0.330,0.640
404500,0.030,0.350,0.619
405000,0.030,0.395,0.575
405500,0.030,0.380,0.591
406000,0.030,0.367,0.603
406500,0.030,0.346,0.624
407000,0.030,0.328,0.642
407500,0.030,0.408,0.562
408000,0.030,0.388,0.582
408500,0.030,0.341,0.629
409000,0.030,0.302,0.668
409500,0.030,0.380,0.591
410000,0.030,0.363,0.607
410500,0.030,0.357,0.613
411000,0.030,0.349,0.621
411500,0.030,0.349,0.621
412000,0.030,0.375,0.595
412500,0.030,0.323,0.647
413000,0.030,0.340,0.630
413500,0.030,0.300,0.669
414000,0.033,0.332,0.635
414500,0.030,0.314,0.655
415000,0.037,0.210,0.753
415500,0.040,0.257,0.704
416000,0.030,0.346,0.623
416500,0.030,0.371,0.599
417000,0.030,0.356,0.614
417500,0.030,0.306,0.663
418000,0.032,0.319,0.649
418500,0.030,0.376,0.595
419000,0.030,0.343,0.627
419500,0.030,0.354,0.615
420000,0.030,0.343,0.627
420500,0.030,0.320,0.649
421000,0.030,0.312,0.658
421500,0.030,0.348,0.622
422000,0.030,0.329,0.641
422500,0.030,0.303,0.667
423000,0.030,0.371,0.599
423500,0.030,0.400,0.571
424000,0.030,0.334,0.636
424500,0.030,0.278,0.692
425000,0.030,0.298,0.672
425500,0.030,0.357,0.613
426000,0.030,0.281,0.689
426500,0.030,0.396,0.574
427000,0.030,0.358,0.611
427500,0.030,0.376,0.594
428000,0.030,0.352,0.618
428500,0.030,0.316,0.654
429000,0.030,0.296,0.674
429500,0.036,0.284,0.680
430000,0.040,0.240,0.721
430500,0.030,0.296,0.673
431000,0.034,0.303,0.663
431500,0.030,0.401,0.569
432000,0.030,0.371,0.599
432500,0.030,0.279,0.692
433000,0.030,0.312,0.657
433500,0.031,0.308,0.661
434000,0.035,0.288,0.677
434500,0.032,0.325,0.643
435000,0.033,0.306,0.661
435500,0.030,0.334,0.636
436000,0.030,0.310,0.659
436500,0.043,0.226,0.732
437000,0.033,0.312,0.655
437500,0.030,0.273,0.697
438000,0.036,0.323,0.641
438500,0.037,0.319,0.644
439000,0.038,0.299,0.662
439500,0.031,0.281,0.688
440000,0.033,0.344,0.623
440500,0.036,0.269,0.696
441000,0.030,0.324,0.645
441500,0.030,0.369,0.601
442000,0.030,0.326,0.644
442500,0.030,0.306,0.664
443000,0.030,0.333,0.637
443500,0.034,0.305,0.660
444000,0.031,0.361,0.608
444500,0.030,0.299,0.671
445000,0.033,0.305,0.662
445500,0.035,0.287,0.677
446000,0.031,0.354,0.615
446500,0.030,0.328,0.642
447000,0.030,0.340,0.630
447500,0.030,0.321,0.649
448000,0.030,0.353,0.617
448500,0.031,0.316,0.653
449000,0.030,0.374,0.596
449500,0.030,0.372,0.598
450000,0.031,0.368,0.601
450500,0.030,0.357,0.613
451000,0.030,0.368,0.601
451500,0.030,0.363,0.607
452000,0.030,0.385,0.585
452500,0.030,0.402,0.568
453000,0.030,0.340,0.630
453500,0.035,0.324,0.642
454000,0.030,0.334,0.636
454500,0.030,0.378,0.593
455000,0.030,0.291,0.679
455500,0.030,0.357,0.613
456000,0.030,0.349,0.621
456500,0.030,0.384,0.587
457000,0.030,0.377,0.593
457500,0.030,0.322,0.648
458000,0.030,0.310,0.660
458500,0.032,0.290,0.678
459000,0.030,0.388,0.582
459500,0.030,0.343,0.627
460000,0.031,0.303,0.665
460500,0.030,0.300,0.669
461000,0.030,0.369,0.601
461500,0.036,0.344,0.620
462000,0.030,0.359,0.611
462500,0.037,0.280,0.683
463000,0.030,0.361,0.609
463500,0.030,0.358,0.611
464000,0.030,0.401,0.569
464500,0.030,0.321,0.649
465000,0.030,0.332,0.638
465500,0.030,0.419,0.551
466000,0.030,0.415,0.555
466500,0.030,0.338,0.632
467000,0.030,0.357,0.613
467500,0.030,0.294,0.675
468000,0.030,0.359,0.611
468500,0.030,0.345,0.625
469000,0.032,0.339,0.629
469500,0.031,0.391,0.578
470000,0.030,0.295,0.675
470500,0.030,0.304,0.666
471000,0.030,0.379,0.591
471500,0.030,0.344,0.626
472000,0.033,0.395,0.573
472500,0.030,0.394,0.577
473000,0.030,0.366,0.604
473500,0.030,0.329,0.641
474000,0.034,0.324,0.643
474500,0.030,0.326,0.644
475000,0.030,0.273,0.698
475500,0.031,0.291,0.677
476000,0.030,0.292,0.677
476500,0.030,0.334,0.635
477000,0.030,0.407,0.562
477500,0.035,0.361,0.604
478000,0.030,0.353,0.617
478500,0.030,0.358,0.612
479000,0.032,0.390,0.579
479500,0.030,0.345,0.625
480000,0.030,0.374,0.596
480500,0.030,0.296,0.674
481000,0.030,0.341,0.629
481500,0.030,0.348,0.621
482000,0.035,0.295,0.670
482500,0.032,0.312,0.656
483000,0.030,0.342,0.628
483500,0.030,0.362,0.607
484000,0.030,0.365,0.605
484500,0.030,0.397,0.573
485000,0.030,0.360,0.609
485500,0.030,0.348,0.622
486000,0.030,0.397,0.573
486500,0.030,0.357,0.613
487000,0.030,0.349,0.621
487500,0.030,0.350,0.619
488000,0.030,0.344,0.625
488500,0.030,0.316,0.654
489000,0.030,0.338,0.632
489500,0.037,0.324,0.639
490000,0.030,0.357,0.613
490500,0.030,0.344,0.626
491000,0.030,0.358,0.611
491500,0.030,0.375,0.595
492000,0.030,0.362,0.608
492500,0.030,0.289,0.680
493000,0.030,0.348,0.622
493500,0.030,0.373,0.597
494000,0.037,0.292,0.671
494500,0.030,0.345,0.624
495000,0.030,0.373,0.596
495500,0.030,0.307,0.662
496000,0.030,0.339,0.631
496500,0.031,0.329,0.640
497000,0.030,0.334,0.635
497500,0.030,0.329,0.641
498000,0.030,0.319,0.651
498500,0.030,0.346,0.624
499000,0.030,0.361,0.609
499500,0.030,0.349,0.621
500000,0.030,0.405,0.565
500500,0.030,0.382,0.588
501000,0.030,0.406,0.565
501500,0.030,0.393,0.577
502000,0.030,0.390,0.581
502500,0.030,0.400,0.571
503000,0.030,0.326,0.644
503500,0.030,0.298,0.672
504000,0.030,0.337,0.633
504500,0.030,0.342,0.628
505000,0.030,0.383,0.587
505500,0.030,0.411,0.559
506000,0.030,0.355,0.615
506500,0.030,0.307,0.663
507000,0.030,0.329,0.641
507500,0.031,0.309,0.660
508000,0.030,0.317,0.653
508500,0.030,0.291,0.678
509000,0.030,0.379,0.591
509500,0.037,0.224,0.739
510000,0.043,0.258,0.700
510500,0.035,0.216,0.748
511000,0.031,0.245,0.724
511500,0.030,0.355,0.615
512000,0.030,0.295,0.675
512500,0.035,0.283,0.681
513000,0.033,0.261,0.706
513500,0.031,0.367,0.602
514000,0.030,0.343,0.627
514500,0.030,0.311,0.659
515000,0.036,0.259,0.705
515500,0.033,0.267,0.701
516000,0.030,0.353,0.617
516500,0.030,0.306,0.663
517000,0.038,0.284,0.677
517500,0.030,0.336,0.634
518000,0.030,0.386,0.585
518500,0.035,0.312,0.652
519000,0.030,0.263,0.707
519500,0.030,0.307,0.662
520000,0.032,0.301,0.666
520500,0.030,0.303,0.667
521000,0.030,0.376,0.595
521500,0.030,0.372,0.597
522000,0.030,0.345,0.625
522500,0.030,0.336,0.634
523000,0.030,0.306,0.664
523500,0.030,0.326,0.644
524000,0.035,0.290,0.674
524500,0.030,0.360,0.609
525000,0.030,0.342,0.628
525500,0.032,0.313,0.655
526000,0.030,0.278,0.692
526500,0.030,0.345,0.625
527000,0.030,0.361,0.609
527500,0.030,0.359,0.611
528000,0.030,0.311,0.659
528500,0.035,0.311,0.653
529000,0.031,0.319,0.650
529500,0.032,0.345,0.623
530000,0.030,0.404,0.567
530500,0.030,0.371,0.599
531000,0.030,0.369,0.601
531500,0.032,0.318,0.651
532000,0.030,0.362,0.608
532500,0.030,0.327,0.643
533000,0.030,0.332,0.638
533500,0.037,0.317,0.646
534000,0.031,0.345,0.623
534500,0.036,0.278,0.685
535000,0.041,0.273,0.686
535500,0.032,0.336,0.633
536000,0.030,0.374,0.595
536500,0.030,0.387,0.583
537000,0.030,0.326,0.644
537500,0.030,0.361,0.609
538000,0.030,0.373,0.597
538500,0.030,0.346,0.623
539000,0.030,0.325,0.645
539500,0.030,0.355,0.615
540000,0.030,0.321,0.649
540500,0.031,0.326,0.643
541000,0.030,0.292,0.678
541500,0.030,0.372,0.597
542000,0.030,0.403,0.567
542500,0.030,0.352,0.618
543000,0.030,0.318,0.652
543500,0.030,0.247,0.722
544000,0.034,0.277,0.689
544500,0.038,0.337,0.625
545000,0.036,0.288,0.675
545500,0.030,0.368,0.602
546000,0.030,0.342,0.628
546500,0.030,0.342,0.628
547000,0.030,0.309,0.661
547500,0.030,0.350,0.620
548000,0.030,0.378,0.593
548500,0.030,0.322,0.648
549000,0.030,0.349,0.621
549500,0.030,0.350,0.620
550000,0.030,0.314,0.656
550500,0.030,0.342,0.628
551000,0.030,0.359,0.611
551500,0.030,0.342,0.628
552000,0.033,0.335,0.632
552500,0.030,0.342,0.628
553000,0.030,0.356,0.614
553500,0.030,0.399,0.571
554000,0.030,0.355,0.615
554500,0.030,0.331,0.639
555000,0.030,0.284,0.686
555500,0.030,0.323,0.647
556000,0.030,0.384,0.586
556500,0.030,0.331,0.639
557000,0.030,0.411,0.559
557500,0.030,0.349,0.621
558000,0.030,0.311,0.659
558500,0.030,0.351,0.619
559000,0.030,0.393,0.577
559500,0.030,0.334,0.636
560000,0.030,0.352,0.618
560500,0.030,0.376,0.594
561000,0.030,0.337,0.633
561500,0.030,0.367,0.603
562000,0.040,0.272,0.689
562500,0.034,0.230,0.737
563000,0.030,0.312,0.657
563500,0.030,0.315,0.655
564000,0.030,0.354,0.615
564500,0.030,0.361,0.609
565000,0.030,0.370,0.600
565500,0.030,0.359,0.611
566000,0.030,0.415,0.555
566500,0.030,0.319,0.651
567000,0.030,0.281,0.689
567500,0.030,0.268,0.702
568000,0.033,0.271,0.697
568500,0.030,0.323,0.647
569000,0.030,0.380,0.591
569500,0.030,0.358,0.612
570000,0.030,0.350,0.619
570500,0.030,0.292,0.678
571000,0.030,0.312,0.658
571500,0.030,0.358,0.612
572000,0.030,0.343,0.627
572500,0.030,0.364,0.606
573000,0.030,0.321,0.649
573500,0.030,0.267,0.704
574000,0.032,0.307,0.661
574500,0.030,0.342,0.627
575000,0.030,0.388,0.583
575500,0.030,0.291,0.678
576000,0.030,0.325,0.645
576500,0.030,0.292,0.678
577000,0.030,0.345,0.625
577500,0.032,0.366,0.603
578000,0.030,0.350,0.620
578500,0.030,0.366,0.604
579000,0.030,0.307,0.662
579500,0.030,0.298,0.672
580000,0.030,0.312,0.658
580500,0.033,0.338,0.629
581000,0.030,0.366,0.604
581500,0.030,0.386,0.584
582000,0.030,0.422,0.547
582500,0.030,0.353,0.617
583000,0.030,0.457,0.513
583500,0.030,0.291,0.678
584000,0.039,0.292,0.669
584500,0.030,0.338,0.632
585000,0.030,0.363,0.607
585500,0.030,0.343,0.627
586000,0.030,0.274,0.696
586500,0.030,0.349,0.621
587000,0.033,0.334,0.634
587500,0.030,0.339,0.631
588000,0.030,0.382,0.589
588500,0.030,0.438,0.532
589000,0.030,0.368,0.601
589500,0.030,0.307,0.662
590000,0.032,0.287,0.681
590500,0.030,0.341,0.629
591000,0.035,0.295,0.670
591500,0.035,0.275,0.690
592000,0.032,0.296,0.671
592500,0.030,0.320,0.650
593000,0.030,0.397,0.573
593500,0.030,0.314,0.656
594000,0.030,0.348,0.622
594500,0.030,0.422,0.548
595000,0.030,0.344,0.626
595500,0.030,0.291,0.679
596000,0.030,0.355,0.615
596500,0.030,0.382,0.588
597000,0.030,0.392,0.579
597500,0.030,0.415,0.554
598000,0.030,0.425,0.544
598500,0.030,0.327,0.643
599000,0.030,0.323,0.647
599500,0.032,0.316,0.653
600000,0.030,0.386,0.584
600500,0.030,0.357,0.613
601000,0.030,0.380,0.591
601500,0.030,0.278,0.692
602000,0.030,0.281,0.689
602500,0.032,0.306,0.662
603000,0.032,0.263,0.706
603500,0.030,0.312,0.658
604000,0.030,0.327,0.643
604500,0.030,0.357,0.613
605000,0.030,0.370,0.600
605500,0.030,0.354,0.615
606000,0.030,0.377,0.593
606500,0.030,0.318,0.652
607000,0.030,0.365,0.605
607500,0.030,0.306,0.664
608000,0.035,0.263,0.703
608500,0.030,0.318,0.651
609000,0.030,0.303,0.666
609500,0.033,0.275,0.692
610000,0.030,0.323,0.647
610500,0.030,0.303,0.666
611000,0.032,0.336,0.632
611500,0.037,0.292,0.671
612000,0.033,0.372,0.595
612500,0.030,0.295,0.675
613000,0.030,0.350,0.620
613500,0.030,0.253,0.718
614000,0.034,0.248,0.718
614500,0.036,0.261,0.703
615000,0.036,0.227,0.737
615500,0.037,0.246,0.717
616000,0.032,0.298,0.670
616500,0.033,0.326,0.641
617000,0.034,0.315,0.652
617500,0.032,0.308,0.660
618000,0.030,0.358,0.611
618500,0.030,0.401,0.569
619000,0.030,0.361,0.609
619500,0.030,0.357,0.613
620000,0.030,0.338,0.632
620500,0.030,0.311,0.659
621000,0.030,0.392,0.579
621500,0.033,0.299,0.668
622000,0.036,0.308,0.656
622500,0.031,0.301,0.668
623000,0.030,0.345,0.624
623500,0.030,0.356,0.613
624000,0.036,0.297,0.666
624500,0.031,0.349,0.619
625000,0.030,0.323,0.647
625500,0.030,0.312,0.658
626000,0.030,0.333,0.637
626500,0.036,0.279,0.685
627000,0.030,0.253,0.717
627500,0.041,0.192,0.767
628000,0.032,0.263,0.705
628500,0.030,0.420,0.550
629000,0.030,0.451,0.519
629500,0.030,0.423,0.547
630000,0.030,0.336,0.634
630500,0.030,0.375,0.595
631000,0.030,0.399,0.571
631500,0.030,0.374,0.595
632000,0.030,0.344,0.625
632500,0.030,0.378,0.593
633000,0.030,0.427,0.542
633500,0.030,0.491,0.478
634000,0.030,0.438,0.532
634500,0.030,0.346,0.624
635000,0.031,0.406,0.562
635500,0.031,0.470,0.498
636000,0.030,0.394,0.576
636500,0.030,0.300,0.670
637000,0.030,0.323,0.647
637500,0.030,0.296,0.674
638000,0.030,0.407,0.563
638500,0.030,0.324,0.646
639000,0.030,0.357,0.613
639500,0.030,0.337,0.633
640000,0.030,0.337,0.633
640500,0.032,0.367,0.602
641000,0.030,0.364,0.605
641500,0.030,0.370,0.600
642000,0.030,0.347,0.623
642500,0.035,0.317,0.647
643000,0.030,0.296,0.673
643500,0.030,0.329,0.641
644000,0.030,0.392,0.579
644500,0.030,0.391,0.579
645000,0.030,0.355,0.615
645500,0.030,0.285,0.684
646000,0.030,0.355,0.615
646500,0.030,0.326,0.644
647000,0.030,0.344,0.626
647500,0.030,0.320,0.650
648000,0.030,0.386,0.584
648500,0.030,0.369,0.601
649000,0.030,0.357,0.613
649500,0.030,0.309,0.660
650000,0.030,0.317,0.653
650500,0.030,0.319,0.651
651000,0.032,0.269,0.700
651500,0.031,0.348,0.621
652000,0.030,0.304,0.666
652500,0.030,0.332,0.638
653000,0.040,0.289,0.671
653500,0.030,0.312,0.657
654000,0.030,0.387,0.583
654500,0.030,0.266,0.704
655000,0.030,0.354,0.616
655500,0.034,0.292,0.673
656000,0.030,0.275,0.695
656500,0.035,0.324,0.641
657000,0.030,0.346,0.623
657500,0.033,0.324,0.643
658000,0.033,0.324,0.643
658500,0.030,0.404,0.567
659000,0.030,0.415,0.554
659500,0.030,0.411,0.559
660000,0.030,0.355,0.614
660500,0.030,0.342,0.628
661000,0.030,0.342,0.628
661500,0.030,0.369,0.601
662000,0.030,0.358,0.611
662500,0.030,0.249,0.720
663000,0.030,0.322,0.648
663500,0.030,0.322,0.648
664000,0.032,0.398,0.570
664500,0.030,0.354,0.616
665000,0.030,0.324,0.646
665500,0.030,0.381,0.589
666000,0.030,0.350,0.619
666500,0.030,0.329,0.641
667000,0.030,0.322,0.648
667500,0.030,0.359,0.611
668000,0.030,0.316,0.654
668500,0.030,0.420,0.550
669000,0.030,0.406,0.564
669500,0.030,0.429,0.541
670000,0.030,0.391,0.579
670500,0.034,0.337,0.629
671000,0.030,0.337,0.633
671500,0.036,0.304,0.659
672000,0.030,0.286,0.683
672500,0.030,0.329,0.641
673000,0.034,0.285,0.680
673500,0.037,0.303,0.660
674000,0.030,0.366,0.604
674500,0.030,0.280,0.690
675000,0.030,0.324,0.646
675500,0.037,0.309,0.653
676000,0.034,0.345,0.621
676500,0.030,0.370,0.600
677000,0.030,0.410,0.560
677500,0.030,0.333,0.637
678000,0.035,0.289,0.675
678500,0.048,0.192,0.760
679000,0.035,0.266,0.700
679500,0.033,0.299,0.668
680000,0.030,0.408,0.561
680500,0.030,0.358,0.611
681000,0.030,0.343,0.627
681500,0.030,0.320,0.650
682000,0.030,0.280,0.690
682500,0.030,0.294,0.675
683000,0.030,0.321,0.649
683500,0.030,0.307,0.662
684000,0.030,0.330,0.640
684500,0.030,0.384,0.587
685000,0.030,0.342,0.628
685500,0.030,0.281,0.689
686000,0.036,0.312,0.651
686500,0.030,0.293,0.677
687000,0.035,0.281,0.683
687500,0.030,0.350,0.619
688000,0.030,0.365,0.605
688500,0.030,0.351,0.619
689000,0.030,0.340,0.630
689500,0.030,0.292,0.677
690000,0.030,0.336,0.634
690500,0.030,0.371,0.599
691000,0.030,0.343,0.627
691500,0.030,0.368,0.601
692000,0.030,0.291,0.678
692500,0.030,0.312,0.657
693000,0.030,0.424,0.546
693500,0.030,0.402,0.568
694000,0.030,0.345,0.625
694500,0.030,0.333,0.637
695000,0.030,0.396,0.575
695500,0.030,0.382,0.588
696000,0.030,0.390,0.580
696500,0.030,0.393,0.577
697000,0.030,0.390,0.580
697500,0.030,0.389,0.581
698000,0.030,0.297,0.672
698500,0.032,0.297,0.671
699000,0.030,0.351,0.619
699500,0.030,0.337,0.633
700000,0.030,0.313,0.657
700500,0.030,0.317,0.653
701000,0.030,0.317,0.653
701500,0.030,0.362,0.607
702000,0.030,0.381,0.589
702500,0.030,0.345,0.625
703000,0.030,0.316,0.654
703500,0.030,0.325,0.645
704000,0.030,0.346,0.624
704500,0.030,0.350,0.620
705000,0.030,0.298,0.671
705500,0.030,0.372,0.597
706000,0.030,0.369,0.601
706500,0.030,0.421,0.549
707000,0.030,0.413,0.557
707500,0.030,0.453,0.517
708000,0.038,0.272,0.690
708500,0.030,0.369,0.601
709000,0.030,0.378,0.592
709500,0.030,0.402,0.569
710000,0.030,0.423,0.547
710500,0.030,0.362,0.608
711000,0.030,0.436,0.534
711500,0.030,0.400,0.571
712000,0.030,0.339,0.631
712500,0.030,0.440,0.530
713000,0.035,0.326,0.639
713500,0.034,0.334,0.633
714000,0.030,0.374,0.595
714500,0.030,0.327,0.643
715000,0.030,0.317,0.653
715500,0.030,0.309,0.661
716000,0.030,0.270,0.700
716500,0.030,0.360,0.610
717000,0.030,0.404,0.566
717500,0.030,0.374,0.595
718000,0.030,0.446,0.524
718500,0.030,0.409,0.560
719000,0.030,0.367,0.603
719500,0.030,0.440,0.530
720000,0.030,0.382,0.589
720500,0.030,0.290,0.679
721000,0.036,0.346,0.617
721500,0.030,0.322,0.648
722000,0.030,0.328,0.642
722500,0.030,0.314,0.656
723000,0.030,0.363,0.607
723500,0.030,0.410,0.559
724000,0.030,0.452,0.518
724500,0.030,0.383,0.587
725000,0.030,0.362,0.608
725500,0.030,0.364,0.606
726000,0.036,0.284,0.680
726500,0.031,0.270,0.699
727000,0.030,0.312,0.658
727500,0.030,0.358,0.612
728000,0.030,0.394,0.577
728500,0.030,0.328,0.642
729000,0.030,0.299,0.671
729500,0.030,0.321,0.649
730000,0.032,0.288,0.680
730500,0.030,0.311,0.659
731000,0.032,0.324,0.644
731500,0.033,0.329,0.639
732000,0.030,0.317,0.653
732500,0.030,0.403,0.567
733000,0.037,0.343,0.619
733500,0.036,0.288,0.675
734000,0.035,0.273,0.693
734500,0.030,0.406,0.564
735000,0.030,0.381,0.589
735500,0.030,0.328,0.642
736000,0.030,0.348,0.622
736500,0.030,0.414,0.556
737000,0.030,0.406,0.564
737500,0.030,0.357,0.613
738000,0.030,0.334,0.636
738500,0.030,0.360,0.609
739000,0.031,0.301,0.667
739500,0.030,0.379,0.591
740000,0.030,0.409,0.560
740500,0.035,0.367,0.597
741000,0.031,0.282,0.686
741500,0.030,0.334,0.636
742000,0.030,0.370,0.599
742500,0.033,0.314,0.654
743000,0.030,0.376,0.594
743500,0.030,0.359,0.611
744000,0.030,0.422,0.547
744500,0.030,0.398,0.573
745000,0.030,0.290,0.679
745500,0.030,0.364,0.606
746000,0.030,0.365,0.605
746500,0.030,0.382,0.588
747000,0.030,0.432,0.537
747500,0.030,0.385,0.585
748000,0.030,0.300,0.669
748500,0.030,0.349,0.621
749000,0.035,0.319,0.647
749500,0.031,0.273,0.696
750000,0.030,0.357,0.613
750500,0.030,0.432,0.538
751000,0.030,0.402,0.569
751500,0.030,0.374,0.595
752000,0.030,0.364,0.606
752500,0.030,0.359,0.611
753000,0.030,0.305,0.665
753500,0.033,0.300,0.667
754000,0.030,0.339,0.631
754500,0.030,0.364,0.606
755000,0.030,0.312,0.658
755500,0.030,0.323,0.647
756000,0.030,0.353,0.617
756500,0.030,0.388,0.583
757000,0.030,0.370,0.600
757500,0.030,0.392,0.578
758000,0.030,0.440,0.530
758500,0.030,0.421,0.548
759000,0.030,0.385,0.585
759500,0.030,0.345,0.625
760000,0.030,0.364,0.605
760500,0.030,0.302,0.668
761000,0.030,0.395,0.575
761500,0.030,0.327,0.643
762000,0.030,0.308,0.661
762500,0.030,0.334,0.636
763000,0.030,0.340,0.630
763500,0.030,0.290,0.679
764000,0.030,0.341,0.629
764500,0.030,0.419,0.550
765000,0.030,0.396,0.574
765500,0.030,0.424,0.546
766000,0.030,0.321,0.649
766500,0.030,0.443,0.527
767000,0.030,0.378,0.593
767500,0.030,0.333,0.637
768000,0.030,0.351,0.619
768500,0.030,0.357,0.613
769000,0.030,0.294,0.675
769500,0.039,0.235,0.726
770000,0.035,0.272,0.694
770500,0.030,0.366,0.603
771000,0.030,0.332,0.638
771500,0.030,0.324,0.646
772000,0.030,0.331,0.639
772500,0.030,0.330,0.640
773000,0.030,0.313,0.657
773500,0.030,0.295,0.675
774000,0.030,0.321,0.649
774500,0.033,0.348,0.620
775000,0.030,0.319,0.651
775500,0.030,0.382,0.588
776000,0.030,0.329,0.641
776500,0.030,0.340,0.630
777000,0.030,0.285,0.684
777500,0.030,0.365,0.605
778000,0.030,0.396,0.575
778500,0.030,0.383,0.587
779000,0.030,0.322,0.648
779500,0.030,0.294,0.675
780000,0.030,0.321,0.649
780500,0.030,0.311,0.659
781000,0.030,0.325,0.645
781500,0.030,0.425,0.544
782000,0.030,0.416,0.553
782500,0.030,0.328,0.642
783000,0.030,0.328,0.642
783500,0.030,0.379,0.591
784000,0.030,0.402,0.568
784500,0.030,0.397,0.573
785000,0.030,0.355,0.615
785500,0.030,0.291,0.679
786000,0.030,0.348,0.622
786500,0.030,0.342,0.628
787000,0.030,0.377,0.593
787500,0.030,0.303,0.666
788000,0.030,0.326,0.644
788500,0.030,0.298,0.671
789000,0.034,0.329,0.637
789500,0.030,0.307,0.662
790000,0.031,0.297,0.671
790500,0.030,0.397,0.573
791000,0.030,0.350,0.620
791500,0.030,0.329,0.641
792000,0.030,0.376,0.594
792500,0.030,0.409,0.561
793000,0.030,0.384,0.587
793500,0.030,0.310,0.659
794000,0.030,0.306,0.664
794500,0.030,0.371,0.599
795000,0.030,0.334,0.636
795500,0.030,0.402,0.568
796000,0.030,0.317,0.653
796500,0.037,0.272,0.691
797000,0.036,0.248,0.716
797500,0.030,0.272,0.698
798000,0.034,0.335,0.632
798500,0.030,0.396,0.575
799000,0.030,0.365,0.605
799500,0.030,0.342,0.628
800000,0.032,0.324,0.645
800500,0.030,0.326,0.644
801000,0.030,0.410,0.559
801500,0.030,0.418,0.551
802000,0.030,0.381,0.589
802500,0.030,0.414,0.555
803000,0.030,0.393,0.577
803500,0.030,0.360,0.610
804000,0.030,0.401,0.569
804500,0.030,0.361,0.609
805000,0.030,0.331,0.639
805500,0.030,0.344,0.626
806000,0.030,0.292,0.678
806500,0.030,0.346,0.623
807000,0.030,0.341,0.629
807500,0.030,0.392,0.578
808000,0.030,0.380,0.591
808500,0.030,0.319,0.651
809000,0.030,0.348,0.621
809500,0.030,0.336,0.634
810000,0.030,0.341,0.629
810500,0.030,0.368,0.601
811000,0.030,0.380,0.591
811500,0.030,0.427,0.543
812000,0.030,0.360,0.610
812500,0.030,0.366,0.603
813000,0.030,0.373,0.597
813500,0.030,0.392,0.579
814000,0.035,0.300,0.665
814500,0.030,0.363,0.606
815000,0.034,0.290,0.676
815500,0.030,0.318,0.652
816000,0.030,0.373,0.597
816500,0.030,0.358,0.611
817000,0.030,0.367,0.603
817500,0.030,0.341,0.629
818000,0.030,0.360,0.610
818500,0.030,0.289,0.680
819000,0.031,0.352,0.617
819500,0.030,0.347,0.623
820000,0.030,0.288,0.682
820500,0.033,0.298,0.669
821000,0.030,0.312,0.658
821500,0.030,0.299,0.670
822000,0.030,0.339,0.631
822500,0.030,0.378,0.592
823000,0.030,0.448,0.522
823500,0.030,0.350,0.620
824000,0.030,0.345,0.625
824500,0.030,0.306,0.664
825000,0.030,0.353,0.617
825500,0.030,0.379,0.591
826000,0.030,0.361,0.609
826500,0.030,0.338,0.632
827000,0.030,0.273,0.698
827500,0.030,0.283,0.686
828000,0.030,0.417,0.552
828500,0.030,0.372,0.597
829000,0.030,0.289,0.681
829500,0.030,0.312,0.657
830000,0.030,0.317,0.653
830500,0.030,0.380,0.590
831000,0.030,0.353,0.617
831500,0.030,0.312,0.657
832000,0.030,0.348,0.621
832500,0.030,0.365,0.605
833000,0.030,0.331,0.639
833500,0.030,0.325,0.645
834000,0.030,0.315,0.655
834500,0.030,0.373,0.597
835000,0.030,0.327,0.643
835500,0.030,0.306,0.664
836000,0.030,0.370,0.600
836500,0.030,0.394,0.577
837000,0.030,0.331,0.639
837500,0.030,0.374,0.595
838000,0.030,0.327,0.643
838500,0.030,0.462,0.508
839000,0.030,0.386,0.584
839500,0.030,0.333,0.637
840000,0.030,0.335,0.635
840500,0.032,0.362,0.606
841000,0.030,0.324,0.646
841500,0.032,0.303,0.664
842000,0.030,0.363,0.607
842500,0.030,0.396,0.574
843000,0.030,0.377,0.593
843500,0.030,0.341,0.629
844000,0.030,0.360,0.610
844500,0.030,0.292,0.678
845000,0.037,0.316,0.647
845500,0.032,0.288,0.681
846000,0.030,0.272,0.698
846500,0.030,0.345,0.625
847000,0.032,0.230,0.739
847500,0.030,0.265,0.705
848000,0.035,0.272,0.693
848500,0.030,0.368,0.601
849000,0.030,0.325,0.645
849500,0.030,0.372,0.597
850000,0.030,0.392,0.578
850500,0.030,0.386,0.585
851000,0.030,0.365,0.605
851500,0.036,0.329,0.635
852000,0.030,0.362,0.607
852500,0.037,0.279,0.684
853000,0.031,0.220,0.749
853500,0.030,0.315,0.655
854000,0.030,0.347,0.623
854500,0.030,0.314,0.656
855000,0.030,0.347,0.623
855500,0.030,0.347,0.623
856000,0.030,0.408,0.562
856500,0.030,0.337,0.633
857000,0.030,0.365,0.605
857500,0.030,0.254,0.716
858000,0.030,0.329,0.641
858500,0.030,0.376,0.594
859000,0.030,0.364,0.605
859500,0.030,0.274,0.696
860000,0.030,0.303,0.667
860500,0.030,0.293,0.677
861000,0.030,0.280,0.690
861500,0.030,0.351,0.619
862000,0.030,0.398,0.572
862500,0.030,0.447,0.523
863000,0.030,0.333,0.637
863500,0.030,0.306,0.664
864000,0.030,0.344,0.625
864500,0.030,0.323,0.647
865000,0.030,0.369,0.601
865500,0.030,0.352,0.618
866000,0.030,0.297,0.672
866500,0.033,0.275,0.693
867000,0.032,0.314,0.655
867500,0.030,0.376,0.595
868000,0.032,0.244,0.724
868500,0.030,0.361,0.609
869000,0.030,0.349,0.621
869500,0.030,0.312,0.657
870000,0.030,0.366,0.604
870500,0.030,0.337,0.633
871000,0.030,0.330,0.640
871500,0.030,0.332,0.638
872000,0.030,0.366,0.603
872500,0.030,0.363,0.607
873000,0.030,0.339,0.631
873500,0.030,0.400,0.570
874000,0.030,0.300,0.670
874500,0.030,0.382,0.589
875000,0.030,0.380,0.591
875500,0.030,0.325,0.645
876000,0.030,0.400,0.571
876500,0.030,0.307,0.662
877000,0.030,0.295,0.675
877500,0.030,0.355,0.615
878000,0.037,0.292,0.670
878500,0.031,0.300,0.669
879000,0.030,0.328,0.642
879500,0.030,0.339,0.631
880000,0.030,0.327,0.643
880500,0.030,0.364,0.606
881000,0.030,0.390,0.580
881500,0.030,0.397,0.573
882000,0.030,0.396,0.574
882500,0.030,0.361,0.609
883000,0.030,0.341,0.629
883500,0.030,0.302,0.668
884000,0.030,0.357,0.613
884500,0.030,0.368,0.602
885000,0.030,0.410,0.560
885500,0.030,0.447,0.523
886000,0.030,0.354,0.616
886500,0.030,0.366,0.604
887000,0.030,0.371,0.599
887500,0.030,0.353,0.617
888000,0.030,0.336,0.634
888500,0.030,0.343,0.627
889000,0.030,0.342,0.628
889500,0.030,0.303,0.667
890000,0.030,0.405,0.565
890500,0.030,0.383,0.587
891000,0.030,0.333,0.637
891500,0.030,0.345,0.625
892000,0.030,0.308,0.661
892500,0.030,0.362,0.607
893000,0.030,0.305,0.664
893500,0.030,0.340,0.630
894000,0.030,0.414,0.555
894500,0.030,0.396,0.574
895000,0.030,0.348,0.622
895500,0.030,0.368,0.602
896000,0.030,0.366,0.603
896500,0.030,0.402,0.569
897000,0.037,0.317,0.645
897500,0.034,0.282,0.684
898000,0.030,0.340,0.630
898500,0.030,0.374,0.596
899000,0.030,0.412,0.557
899500,0.030,0.466,0.504
900000,0.030,0.400,0.571
900500,0.030,0.368,0.602
901000,0.030,0.338,0.632
901500,0.030,0.302,0.667
902000,0.030,0.404,0.567
902500,0.030,0.380,0.591
903000,0.030,0.367,0.603
903500,0.030,0.350,0.619
904000,0.034,0.337,0.629
904500,0.030,0.277,0.693
905000,0.030,0.272,0.698
905500,0.030,0.254,0.716
906000,0.032,0.294,0.674
906500,0.030,0.312,0.657
907000,0.030,0.385,0.585
907500,0.030,0.380,0.590
908000,0.030,0.354,0.615
908500,0.035,0.327,0.637
909000,0.034,0.270,0.696
909500,0.030,0.295,0.674
910000,0.030,0.310,0.659
910500,0.030,0.276,0.694
911000,0.031,0.257,0.712
911500,0.030,0.350,0.619
912000,0.030,0.335,0.635
912500,0.030,0.348,0.621
913000,0.030,0.349,0.621
913500,0.030,0.267,0.703
914000,0.031,0.245,0.724
914500,0.030,0.319,0.651
915000,0.030,0.266,0.704
915500,0.030,0.341,0.629
916000,0.030,0.418,0.551
916500,0.030,0.422,0.548
917000,0.030,0.359,0.611
917500,0.030,0.345,0.625
918000,0.030,0.386,0.585
918500,0.030,0.323,0.647
919000,0.030,0.309,0.661
919500,0.030,0.387,0.583
920000,0.030,0.324,0.646
920500,0.030,0.386,0.585
921000,0.030,0.365,0.605
921500,0.033,0.320,0.647
922000,0.030,0.385,0.585
922500,0.030,0.319,0.651
923000,0.030,0.456,0.514
923500,0.030,0.422,0.548
924000,0.030,0.451,0.519
924500,0.030,0.406,0.564
925000,0.030,0.419,0.550
925500,0.030,0.328,0.642
926000,0.030,0.328,0.642
926500,0.037,0.281,0.682
927000,0.043,0.240,0.716
927500,0.032,0.283,0.685
928000,0.031,0.321,0.648
928500,0.030,0.307,0.662
929000,0.030,0.330,0.640
929500,0.030,0.363,0.607
930000,0.030,0.395,0.575
930500,0.030,0.444,0.526
931000,0.030,0.486,0.483
931500,0.030,0.361,0.609
932000,0.030,0.429,0.541
932500,0.030,0.344,0.626
933000,0.032,0.351,0.618
933500,0.030,0.337,0.633
934000,0.030,0.346,0.623
934500,0.030,0.393,0.577
935000,0.030,0.305,0.664
935500,0.030,0.323,0.647
936000,0.030,0.245,0.724
936500,0.030,0.264,0.706
937000,0.030,0.353,0.617
937500,0.030,0.385,0.585
938000,0.030,0.368,0.601
938500,0.030,0.396,0.574
939000,0.031,0.343,0.626
939500,0.030,0.411,0.559
940000,0.030,0.438,0.532
940500,0.030,0.434,0.536
941000,0.030,0.391,0.579
941500,0.030,0.388,0.582
942000,0.030,0.329,0.641
942500,0.030,0.312,0.657
943000,0.030,0.316,0.654
943500,0.030,0.297,0.672
944000,0.030,0.333,0.637
944500,0.030,0.295,0.675
945000,0.030,0.342,0.628
945500,0.030,0.341,0.629
946000,0.030,0.378,0.593
946500,0.030,0.342,0.628
947000,0.030,0.352,0.617
947500,0.030,0.344,0.625
948000,0.030,0.331,0.639
948500,0.030,0.354,0.616
949000,0.030,0.344,0.626
949500,0.030,0.356,0.614
950000,0.030,0.332,0.637
950500,0.030,0.373,0.597
951000,0.037,0.294,0.668
951500,0.033,0.340,0.627
952000,0.042,0.296,0.663
952500,0.031,0.350,0.619
953000,0.030,0.408,0.562
953500,0.030,0.420,0.549
954000,0.030,0.303,0.666
954500,0.030,0.362,0.607
955000,0.030,0.321,0.649
955500,0.030,0.301,0.668
956000,0.030,0.304,0.666
956500,0.030,0.345,0.625
957000,0.030,0.311,0.659
957500,0.030,0.350,0.620
958000,0.030,0.371,0.599
958500,0.030,0.339,0.631
959000,0.030,0.300,0.670
959500,0.030,0.292,0.677
960000,0.030,0.336,0.634
960500,0.030,0.364,0.606
961000,0.030,0.368,0.602
961500,0.030,0.380,0.590
962000,0.030,0.372,0.598
962500,0.030,0.344,0.626
963000,0.030,0.407,0.562
963500,0.030,0.353,0.617
964000,0.030,0.318,0.652
964500,0.030,0.327,0.643
965000,0.030,0.344,0.626
965500,0.030,0.361,0.609
966000,0.030,0.323,0.647
966500,0.030,0.285,0.684
967000,0.035,0.302,0.662
967500,0.030,0.331,0.639
968000,0.030,0.359,0.611
968500,0.030,0.315,0.655
969000,0.030,0.376,0.594
969500,0.034,0.304,0.662
970000,0.030,0.300,0.669
970500,0.030,0.334,0.636
971000,0.030,0.324,0.646
971500,0.030,0.313,0.657
972000,0.030,0.290,0.679
972500,0.039,0.264,0.697
973000,0.030,0.296,0.673
973500,0.030,0.312,0.657
974000,0.030,0.317,0.653
974500,0.035,0.241,0.724
975000,0.035,0.286,0.679
975500,0.032,0.290,0.679
976000,0.032,0.286,0.682
976500,0.030,0.319,0.651
977000,0.030,0.374,0.596
977500,0.030,0.378,0.592
978000,0.030,0.357,0.613
978500,0.030,0.361,0.609
979000,0.030,0.249,0.721
979500,0.030,0.284,0.686
980000,0.030,0.315,0.655
980500,0.030,0.382,0.589
981000,0.030,0.394,0.576
981500,0.030,0.295,0.674
982000,0.030,0.335,0.635
982500,0.030,0.306,0.664
983000,0.030,0.396,0.575
983500,0.030,0.382,0.589
984000,0.030,0.352,0.617
984500,0.032,0.324,0.644
985000,0.030,0.306,0.663
985500,0.030,0.305,0.665
986000,0.030,0.304,0.665
986500,0.033,0.321,0.647
987000,0.030,0.326,0.644
987500,0.030,0.330,0.640
988000,0.030,0.337,0.633
988500,0.030,0.361,0.609
989000,0.030,0.347,0.623
989500,0.030,0.395,0.575
990000,0.030,0.297,0.672
990500,0.035,0.285,0.681
991000,0.031,0.352,0.617
991500,0.030,0.406,0.564
992000,0.030,0.296,0.673
992500,0.033,0.379,0.589
993000,0.030,0.385,0.585
993500,0.030,0.343,0.627
994000,0.030,0.336,0.634
994500,0.030,0.352,0.618
995000,0.034,0.302,0.663
995500,0.033,0.319,0.648
996000,0.030,0.347,0.623
996500,0.030,0.380,0.590
997000,0.030,0.344,0.626
997500,0.030,0.424,0.546
998000,0.030,0.381,0.589
998500,0.030,0.305,0.664
999000,0.030,0.335,0.635
999500,0.030,0.332,0.638
1000000,0.030,0.377,0.593
