time,n_A+p,n_B,n_AB
500,0.010,0.946,0.044
1000,0.010,0.910,0.080
1500,0.010,0.891,0.099
2000,0.010,0.884,0.106
2500,0.010,0.896,0.094
3000,0.010,0.950,0.040
3500,0.010,0.967,0.023
4000,0.010,0.974,0.016
4500,0.010,0.930,0.060
5000,0.010,0.890,0.100
5500,0.010,0.916,0.074
6000,0.010,0.844,0.146
6500,0.010,0.838,0.152
7000,0.010,0.890,0.100
7500,0.010,0.945,0.045
8000,0.010,0.887,0.103
8500,0.010,0.911,0.079
9000,0.010,0.855,0.135
9500,0.010,0.905,0.085
10000,0.010,0.950,0.040
10500,0.010,0.931,0.058
11000,0.010,0.894,0.096
11500,0.010,0.931,0.059
12000,0.010,0.901,0.089
12500,0.010,0.950,0.040
13000,0.010,0.964,0.026
13500,0.010,0.937,0.053
14000,0.010,0.869,0.121
14500,0.010,0.866,0.124
15000,0.010,0.920,0.070
15500,0.010,0.881,0.109
16000,0.010,0.933,0.057
16500,0.010,0.932,0.058
17000,0.010,0.938,0.052
17500,0.010,0.908,0.082
18000,0.010,0.910,0.080
18500,0.010,0.913,0.077
19000,0.010,0.955,0.035
19500,0.010,0.944,0.046
20000,0.010,0.949,0.041
20500,0.010,0.964,0.026
21000,0.010,0.910,0.080
21500,0.010,0.882,0.108
22000,0.010,0.884,0.106
22500,0.010,0.899,0.091
23000,0.010,0.912,0.078
23500,0.010,0.960,0.030
24000,0.010,0.958,0.032
24500,0.010,0.917,0.073
25000,0.010,0.914,0.076
25500,0.010,0.917,0.073
26000,0.010,0.912,0.078
26500,0.010,0.914,0.076
27000,0.010,0.859,0.131
27500,0.010,0.939,0.051
28000,0.010,0.908,0.082
28500,0.010,0.933,0.057
29000,0.010,0.943,0.047
29500,0.010,0.891,0.099
30000,0.010,0.908,0.082
30500,0.010,0.881,0.109
31000,0.010,0.865,0.125
31500,0.010,0.913,0.077
32000,0.010,0.895,0.095
32500,0.010,0.862,0.128
33000,0.010,0.858,0.132
33500,0.010,0.899,0.091
34000,0.010,0.884,0.106
34500,0.010,0.870,0.120
35000,0.010,0.867,0.123
35500,0.010,0.894,0.096
36000,0.010,0.911,0.079
36500,0.010,0.918,0.072
37000,0.010,0.928,0.061
37500,0.010,0.942,0.048
38000,0.010,0.974,0.016
38500,0.010,0.944,0.046
39000,0.010,0.938,0.052
39500,0.010,0.884,0.106
40000,0.010,0.909,0.081
40500,0.010,0.926,0.064
41000,0.010,0.951,0.039
41500,0.010,0.949,0.041
42000,0.010,0.897,0.093
42500,0.010,0.914,0.076
43000,0.010,0.944,0.046
43500,0.010,0.917,0.073
44000,0.010,0.965,0.025
44500,0.010,0.964,0.026
45000,0.010,0.953,0.037
45500,0.010,0.974,0.016
46000,0.010,0.957,0.033
46500,0.010,0.954,0.036
47000,0.010,0.926,0.064
47500,0.010,0.914,0.076
48000,0.010,0.911,0.079
48500,0.010,0.933,0.056
49000,0.010,0.935,0.054
49500,0.010,0.974,0.016
50000,0.010,0.950,0.040
50500,0.010,0.968,0.022
51000,0.010,0.956,0.034
51500,0.010,0.944,0.046
52000,0.010,0.945,0.045
52500,0.010,0.956,0.034
53000,0.010,0.955,0.035
53500,0.010,0.915,0.075
54000,0.010,0.918,0.072
54500,0.010,0.897,0.093
55000,0.010,0.902,0.088
55500,0.010,0.906,0.084
56000,0.010,0.901,0.089
56500,0.010,0.897,0.093
57000,0.010,0.885,0.105
57500,0.010,0.895,0.095
58000,0.010,0.880,0.110
58500,0.010,0.934,0.056
59000,0.010,0.914,0.076
59500,0.010,0.935,0.055
60000,0.010,0.922,0.068
60500,0.010,0.944,0.046
61000,0.010,0.920,0.070
61500,0.010,0.905,0.085
62000,0.010,0.910,0.080
62500,0.010,0.892,0.098
63000,0.010,0.884,0.106
63500,0.010,0.857,0.133
64000,0.010,0.897,0.093
64500,0.010,0.896,0.094
65000,0.010,0.894,0.096
65500,0.010,0.908,0.082
66000,0.010,0.901,0.089
66500,0.010,0.940,0.050
67000,0.010,0.970,0.020
67500,0.010,0.959,0.031
68000,0.010,0.936,0.054
68500,0.010,0.904,0.086
69000,0.010,0.950,0.040
69500,0.010,0.939,0.051
70000,0.010,0.913,0.077
70500,0.010,0.908,0.082
71000,0.010,0.951,0.039
71500,0.010,0.921,0.069
72000,0.010,0.935,0.054
72500,0.010,0.923,0.067
73000,0.010,0.910,0.080
73500,0.010,0.900,0.090
74000,0.010,0.913,0.077
74500,0.010,0.901,0.089
75000,0.010,0.907,0.083
75500,0.010,0.902,0.088
76000,0.010,0.889,0.101
76500,0.010,0.924,0.066
77000,0.010,0.909,0.081
77500,0.010,0.913,0.077
78000,0.010,0.883,0.107
78500,0.010,0.861,0.129
79000,0.010,0.844,0.146
79500,0.010,0.918,0.072
80000,0.010,0.934,0.056
80500,0.010,0.957,0.033
81000,0.010,0.971,0.019
81500,0.010,0.951,0.039
82000,0.010,0.948,0.042
82500,0.010,0.935,0.054
83000,0.010,0.893,0.097
83500,0.010,0.933,0.057
84000,0.010,0.864,0.126
84500,0.010,0.844,0.146
85000,0.010,0.875,0.115
85500,0.010,0.863,0.127
86000,0.010,0.822,0.168
86500,0.010,0.916,0.074
87000,0.010,0.906,0.084
87500,0.010,0.867,0.123
88000,0.010,0.931,0.059
88500,0.010,0.933,0.056
89000,0.010,0.939,0.051
89500,0.010,0.907,0.083
90000,0.010,0.893,0.097
90500,0.010,0.945,0.045
91000,0.010,0.960,0.030
91500,0.010,0.967,0.023
92000,0.010,0.930,0.060
92500,0.010,0.901,0.089
93000,0.010,0.907,0.083
93500,0.010,0.922,0.068
94000,0.010,0.916,0.074
94500,0.010,0.963,0.027
95000,0.010,0.980,0.010
95500,0.010,0.905,0.085
96000,0.010,0.880,0.110
96500,0.010,0.865,0.125
97000,0.010,0.925,0.065
97500,0.010,0.891,0.099
98000,0.010,0.869,0.121
98500,0.010,0.898,0.092
99000,0.010,0.977,0.013
99500,0.010,0.927,0.062
100000,0.010,0.944,0.046
100500,0.010,0.915,0.075
101000,0.010,0.954,0.036
101500,0.010,0.937,0.053
102000,0.010,0.929,0.060
102500,0.010,0.941,0.049
103000,0.010,0.911,0.079
103500,0.010,0.941,0.049
104000,0.010,0.954,0.036
104500,0.010,0.960,0.030
105000,0.010,0.971,0.019
105500,0.010,0.963,0.027
106000,0.010,0.889,0.101
106500,0.010,0.905,0.085
107000,0.010,0.923,0.067
107500,0.010,0.845,0.145
108000,0.010,0.862,0.128
108500,0.010,0.921,0.069
109000,0.010,0.902,0.088
109500,0.010,0.926,0.064
110000,0.010,0.863,0.127
110500,0.010,0.863,0.127
111000,0.010,0.905,0.085
111500,0.010,0.903,0.087
112000,0.010,0.905,0.085
112500,0.010,0.888,0.102
113000,0.010,0.891,0.099
113500,0.010,0.892,0.098
114000,0.010,0.911,0.079
114500,0.010,0.876,0.114
115000,0.010,0.907,0.083
115500,0.010,0.880,0.110
116000,0.010,0.887,0.103
116500,0.010,0.904,0.086
117000,0.010,0.844,0.146
117500,0.010,0.897,0.093
118000,0.010,0.924,0.066
118500,0.010,0.929,0.061
119000,0.010,0.947,0.043
119500,0.010,0.942,0.048
120000,0.010,0.941,0.049
120500,0.010,0.931,0.059
121000,0.010,0.911,0.079
121500,0.010,0.939,0.051
122000,0.010,0.910,0.080
122500,0.010,0.957,0.033
123000,0.010,0.922,0.068
123500,0.010,0.877,0.113
124000,0.010,0.914,0.076
124500,0.010,0.901,0.089
125000,0.010,0.903,0.087
125500,0.010,0.919,0.071
126000,0.010,0.911,0.079
126500,0.010,0.904,0.086
127000,0.010,0.900,0.090
127500,0.010,0.867,0.123
128000,0.010,0.882,0.108
128500,0.010,0.884,0.106
129000,0.010,0.906,0.084
129500,0.010,0.928,0.062
130000,0.010,0.881,0.109
130500,0.010,0.903,0.087
131000,0.010,0.864,0.126
131500,0.010,0.879,0.111
132000,0.010,0.920,0.070
132500,0.010,0.851,0.139
133000,0.010,0.894,0.096
133500,0.010,0.925,0.065
134000,0.010,0.875,0.115
134500,0.010,0.888,0.102
135000,0.010,0.863,0.127
135500,0.010,0.871,0.119
136000,0.010,0.856,0.134
136500,0.010,0.851,0.139
137000,0.010,0.871,0.119
137500,0.010,0.915,0.075
138000,0.010,0.909,0.081
138500,0.010,0.903,0.087
139000,0.010,0.882,0.108
139500,0.010,0.897,0.093
140000,0.010,0.943,0.047
140500,0.010,0.933,0.056
141000,0.010,0.916,0.074
141500,0.010,0.876,0.114
142000,0.010,0.854,0.136
142500,0.010,0.805,0.184
143000,0.010,0.882,0.108
143500,0.010,0.891,0.099
144000,0.010,0.891,0.099
144500,0.010,0.924,0.066
145000,0.010,0.937,0.053
145500,0.010,0.887,0.103
146000,0.010,0.867,0.123
146500,0.010,0.815,0.175
147000,0.010,0.933,0.056
147500,0.010,0.929,0.061
148000,0.010,0.954,0.036
148500,0.010,0.964,0.026
149000,0.010,0.943,0.047
149500,0.010,0.967,0.023
150000,0.010,0.956,0.034
150500,0.010,0.890,0.100
151000,0.010,0.853,0.137
151500,0.010,0.772,0.218
152000,0.010,0.837,0.153
152500,0.010,0.896,0.094
153000,0.010,0.884,0.106
153500,0.010,0.878,0.112
154000,0.010,0.921,0.069
154500,0.010,0.889,0.101
155000,0.010,0.875,0.115
155500,0.010,0.884,0.106
156000,0.010,0.915,0.075
156500,0.010,0.908,0.082
157000,0.010,0.884,0.106
157500,0.010,0.796,0.194
158000,0.010,0.841,0.149
158500,0.010,0.879,0.111
159000,0.010,0.904,0.086
159500,0.010,0.806,0.184
160000,0.010,0.913,0.077
160500,0.010,0.909,0.081
161000,0.010,0.917,0.073
161500,0.010,0.947,0.043
162000,0.010,0.901,0.089
162500,0.010,0.856,0.134
163000,0.010,0.923,0.067
163500,0.010,0.843,0.147
164000,0.010,0.879,0.111
164500,0.010,0.893,0.097
165000,0.010,0.843,0.147
165500,0.010,0.879,0.111
166000,0.010,0.887,0.103
166500,0.010,0.916,0.074
167000,0.010,0.873,0.117
167500,0.010,0.893,0.097
168000,0.010,0.935,0.055
168500,0.010,0.933,0.056
169000,0.010,0.925,0.065
169500,0.010,0.936,0.054
170000,0.010,0.921,0.069
170500,0.010,0.935,0.055
171000,0.010,0.970,0.020
171500,0.010,0.961,0.029
172000,0.010,0.949,0.041
172500,0.010,0.829,0.161
173000,0.010,0.910,0.080
173500,0.010,0.927,0.063
174000,0.010,0.949,0.041
174500,0.010,0.923,0.067
175000,0.010,0.876,0.114
175500,0.010,0.895,0.095
176000,0.010,0.917,0.073
176500,0.010,0.871,0.119
177000,0.010,0.902,0.088
177500,0.010,0.926,0.064
178000,0.010,0.936,0.054
178500,0.010,0.951,0.039
179000,0.010,0.938,0.052
179500,0.010,0.918,0.072
180000,0.010,0.956,0.034
180500,0.010,0.962,0.028
181000,0.010,0.911,0.079
181500,0.010,0.951,0.039
182000,0.010,0.942,0.048
182500,0.010,0.935,0.054
183000,0.010,0.919,0.071
183500,0.010,0.890,0.100
184000,0.010,0.835,0.155
184500,0.010,0.883,0.107
185000,0.010,0.942,0.048
185500,0.010,0.929,0.061
186000,0.010,0.937,0.053
186500,0.010,0.903,0.087
187000,0.010,0.883,0.107
187500,0.010,0.922,0.068
188000,0.010,0.891,0.099
188500,0.010,0.876,0.114
189000,0.010,0.836,0.154
189500,0.010,0.866,0.124
190000,0.010,0.836,0.154
190500,0.010,0.877,0.113
191000,0.010,0.871,0.119
191500,0.010,0.843,0.147
192000,0.010,0.904,0.086
192500,0.010,0.925,0.065
193000,0.010,0.962,0.028
193500,0.010,0.910,0.080
194000,0.010,0.948,0.042
194500,0.010,0.951,0.039
195000,0.010,0.943,0.047
195500,0.010,0.928,0.062
196000,0.010,0.907,0.083
196500,0.010,0.915,0.075
197000,0.010,0.925,0.065
197500,0.010,0.852,0.138
198000,0.010,0.866,0.124
198500,0.010,0.783,0.207
199000,0.010,0.818,0.172
199500,0.010,0.817,0.173
200000,0.010,0.899,0.091
200500,0.010,0.853,0.137
201000,0.010,0.897,0.093
201500,0.010,0.918,0.072
202000,0.010,0.938,0.052
202500,0.010,0.949,0.041
203000,0.010,0.875,0.115
203500,0.010,0.882,0.108
204000,0.010,0.863,0.127
204500,0.010,0.828,0.162
205000,0.010,0.837,0.153
205500,0.010,0.926,0.064
206000,0.010,0.867,0.123
206500,0.010,0.889,0.101
207000,0.010,0.889,0.101
207500,0.010,0.939,0.051
208000,0.010,0.911,0.079
208500,0.010,0.954,0.036
209000,0.010,0.961,0.029
209500,0.010,0.947,0.043
210000,0.010,0.961,0.029
210500,0.010,0.939,0.051
211000,0.010,0.934,0.055
211500,0.010,0.925,0.065
212000,0.010,0.947,0.043
212500,0.010,0.961,0.029
213000,0.010,0.951,0.039
213500,0.010,0.958,0.032
214000,0.010,0.949,0.041
214500,0.010,0.883,0.107
215000,0.010,0.925,0.065
215500,0.010,0.863,0.127
216000,0.010,0.881,0.109
216500,0.010,0.883,0.107
217000,0.010,0.913,0.077
217500,0.010,0.931,0.059
218000,0.010,0.953,0.037
218500,0.010,0.919,0.071
219000,0.010,0.950,0.040
219500,0.010,0.842,0.148
220000,0.010,0.906,0.084
220500,0.010,0.922,0.068
221000,0.010,0.889,0.101
221500,0.010,0.893,0.097
222000,0.010,0.882,0.108
222500,0.010,0.885,0.105
223000,0.010,0.917,0.073
223500,0.010,0.884,0.106
224000,0.010,0.898,0.092
224500,0.010,0.918,0.072
225000,0.010,0.902,0.088
225500,0.010,0.907,0.083
226000,0.010,0.948,0.042
226500,0.010,0.950,0.040
227000,0.010,0.931,0.059
227500,0.010,0.939,0.051
228000,0.010,0.954,0.036
228500,0.010,0.954,0.036
229000,0.010,0.941,0.049
229500,0.010,0.925,0.065
230000,0.010,0.856,0.134
230500,0.010,0.846,0.144
231000,0.010,0.897,0.093
231500,0.010,0.925,0.065
232000,0.010,0.927,0.062
232500,0.010,0.867,0.123
233000,0.010,0.904,0.086
233500,0.010,0.917,0.073
234000,0.010,0.889,0.101
234500,0.010,0.846,0.144
235000,0.010,0.849,0.141
235500,0.010,0.851,0.139
236000,0.010,0.884,0.106
236500,0.010,0.914,0.076
237000,0.010,0.933,0.056
237500,0.010,0.874,0.116
238000,0.010,0.907,0.083
238500,0.010,0.874,0.116
239000,0.010,0.865,0.125
239500,0.010,0.889,0.101
240000,0.010,0.875,0.115
240500,0.010,0.906,0.084
241000,0.010,0.907,0.083
241500,0.010,0.918,0.072
242000,0.010,0.928,0.061
242500,0.010,0.894,0.096
243000,0.010,0.961,0.029
243500,0.010,0.961,0.029
244000,0.010,0.973,0.017
244500,0.010,0.915,0.075
245000,0.010,0.897,0.093
245500,0.010,0.888,0.102
246000,0.010,0.881,0.109
246500,0.010,0.909,0.081
247000,0.010,0.862,0.128
247500,0.010,0.892,0.098
248000,0.010,0.887,0.103
248500,0.010,0.890,0.100
249000,0.010,0.909,0.081
249500,0.010,0.836,0.154
250000,0.010,0.918,0.072
250500,0.010,0.889,0.101
251000,0.010,0.847,0.143
251500,0.010,0.843,0.147
252000,0.010,0.893,0.097
252500,0.010,0.936,0.054
253000,0.010,0.876,0.114
253500,0.010,0.878,0.112
254000,0.010,0.861,0.129
254500,0.010,0.872,0.118
255000,0.010,0.858,0.132
255500,0.010,0.845,0.145
256000,0.010,0.846,0.144
256500,0.010,0.850,0.140
257000,0.010,0.907,0.083
257500,0.010,0.864,0.126
258000,0.010,0.891,0.099
258500,0.010,0.882,0.108
259000,0.010,0.912,0.078
259500,0.010,0.924,0.066
260000,0.010,0.902,0.088
260500,0.010,0.882,0.108
261000,0.010,0.911,0.079
261500,0.010,0.858,0.132
262000,0.010,0.890,0.100
262500,0.010,0.906,0.084
263000,0.010,0.855,0.135
263500,0.010,0.831,0.159
264000,0.010,0.877,0.113
264500,0.010,0.821,0.169
265000,0.010,0.848,0.142
265500,0.010,0.794,0.196
266000,0.010,0.847,0.143
266500,0.010,0.911,0.079
267000,0.010,0.943,0.047
267500,0.010,0.954,0.036
268000,0.010,0.937,0.053
268500,0.010,0.957,0.033
269000,0.010,0.919,0.071
269500,0.010,0.931,0.058
270000,0.010,0.829,0.161
270500,0.010,0.911,0.079
271000,0.010,0.934,0.056
271500,0.010,0.910,0.080
272000,0.010,0.903,0.087
272500,0.010,0.940,0.050
273000,0.010,0.908,0.082
273500,0.010,0.939,0.051
274000,0.010,0.953,0.037
274500,0.010,0.871,0.119
275000,0.010,0.910,0.080
275500,0.010,0.938,0.052
276000,0.010,0.942,0.048
276500,0.010,0.953,0.037
277000,0.010,0.906,0.084
277500,0.010,0.904,0.086
278000,0.010,0.929,0.061
278500,0.010,0.961,0.029
279000,0.010,0.944,0.046
279500,0.010,0.905,0.085
280000,0.010,0.946,0.044
280500,0.010,0.952,0.038
281000,0.010,0.941,0.049
281500,0.010,0.923,0.067
282000,0.010,0.897,0.093
282500,0.010,0.951,0.039
283000,0.010,0.951,0.039
283500,0.010,0.957,0.033
284000,0.010,0.915,0.075
284500,0.010,0.952,0.038
285000,0.010,0.888,0.102
285500,0.010,0.896,0.094
286000,0.010,0.899,0.091
286500,0.010,0.888,0.102
287000,0.010,0.891,0.099
287500,0.010,0.888,0.102
288000,0.010,0.919,0.071
288500,0.010,0.887,0.103
289000,0.010,0.938,0.052
289500,0.010,0.949,0.041
290000,0.010,0.934,0.055
290500,0.010,0.925,0.065
291000,0.010,0.906,0.084
291500,0.010,0.931,0.059
292000,0.010,0.935,0.054
292500,0.010,0.928,0.062
293000,0.010,0.920,0.070
293500,0.010,0.914,0.076
294000,0.010,0.901,0.089
294500,0.010,0.887,0.103
295000,0.010,0.864,0.126
295500,0.010,0.926,0.064
296000,0.010,0.923,0.067
296500,0.010,0.873,0.117
297000,0.010,0.898,0.092
297500,0.010,0.922,0.068
298000,0.010,0.895,0.095
298500,0.010,0.860,0.130
299000,0.010,0.923,0.067
299500,0.010,0.861,0.129
300000,0.010,0.889,0.101
300500,0.010,0.862,0.128
301000,0.010,0.873,0.117
301500,0.010,0.917,0.073
302000,0.010,0.898,0.092
302500,0.010,0.910,0.080
303000,0.010,0.911,0.079
303500,0.010,0.894,0.096
304000,0.010,0.815,0.175
304500,0.010,0.886,0.104
305000,0.010,0.899,0.091
305500,0.010,0.937,0.053
306000,0.010,0.924,0.066
306500,0.010,0.914,0.076
307000,0.010,0.963,0.027
307500,0.010,0.918,0.072
308000,0.010,0.931,0.058
308500,0.010,0.900,0.090
309000,0.010,0.878,0.112
309500,0.010,0.919,0.071
310000,0.010,0.848,0.142
310500,0.010,0.853,0.137
311000,0.010,0.837,0.153
311500,0.010,0.817,0.173
312000,0.010,0.874,0.116
312500,0.010,0.903,0.087
313000,0.010,0.910,0.080
313500,0.010,0.817,0.173
314000,0.010,0.831,0.159
314500,0.010,0.883,0.107
315000,0.010,0.896,0.094
315500,0.010,0.903,0.087
316000,0.010,0.899,0.091
316500,0.010,0.915,0.075
317000,0.010,0.946,0.044
317500,0.010,0.936,0.053
318000,0.010,0.947,0.043
318500,0.010,0.904,0.086
319000,0.010,0.930,0.060
319500,0.010,0.909,0.081
320000,0.010,0.954,0.036
320500,0.010,0.966,0.024
321000,0.010,0.955,0.035
321500,0.010,0.921,0.069
322000,0.010,0.894,0.096
322500,0.010,0.892,0.098
323000,0.010,0.932,0.057
323500,0.010,0.823,0.167
324000,0.010,0.832,0.158
324500,0.010,0.867,0.123
325000,0.010,0.861,0.129
325500,0.010,0.912,0.078
326000,0.010,0.900,0.090
326500,0.010,0.937,0.053
327000,0.010,0.877,0.113
327500,0.010,0.877,0.113
328000,0.010,0.879,0.111
328500,0.010,0.875,0.115
329000,0.010,0.866,0.124
329500,0.010,0.860,0.130
330000,0.010,0.862,0.128
330500,0.010,0.820,0.170
331000,0.010,0.897,0.093
331500,0.010,0.932,0.057
332000,0.010,0.927,0.062
332500,0.010,0.890,0.100
333000,0.010,0.898,0.092
333500,0.010,0.892,0.098
334000,0.010,0.909,0.081
334500,0.010,0.918,0.072
335000,0.010,0.889,0.101
335500,0.010,0.839,0.151
336000,0.010,0.859,0.131
336500,0.010,0.872,0.118
337000,0.010,0.835,0.155
337500,0.010,0.864,0.126
338000,0.010,0.805,0.185
338500,0.010,0.848,0.142
339000,0.010,0.886,0.104
339500,0.010,0.888,0.102
340000,0.010,0.917,0.073
340500,0.010,0.939,0.051
341000,0.010,0.900,0.090
341500,0.010,0.898,0.092
342000,0.010,0.943,0.047
342500,0.010,0.918,0.072
343000,0.010,0.895,0.095
343500,0.010,0.890,0.100
344000,0.010,0.790,0.200
344500,0.010,0.884,0.106
345000,0.010,0.838,0.152
345500,0.010,0.870,0.120
346000,0.010,0.832,0.158
346500,0.010,0.804,0.185
347000,0.010,0.792,0.198
347500,0.010,0.792,0.198
348000,0.010,0.746,0.244
348500,0.010,0.777,0.213
349000,0.010,0.764,0.226
349500,0.010,0.776,0.214
350000,0.010,0.776,0.214
350500,0.010,0.745,0.245
351000,0.010,0.884,0.106
351500,0.010,0.892,0.098
352000,0.010,0.940,0.050
352500,0.010,0.898,0.092
353000,0.010,0.909,0.081
353500,0.010,0.864,0.126
354000,0.010,0.880,0.110
354500,0.010,0.899,0.091
355000,0.010,0.870,0.120
355500,0.010,0.901,0.089
356000,0.010,0.886,0.104
356500,0.010,0.883,0.107
357000,0.010,0.895,0.095
357500,0.010,0.925,0.065
358000,0.010,0.921,0.069
358500,0.010,0.920,0.070
359000,0.010,0.864,0.126
359500,0.010,0.832,0.158
360000,0.010,0.817,0.173
360500,0.010,0.812,0.178
361000,0.010,0.845,0.145
361500,0.010,0.881,0.109
362000,0.010,0.812,0.178
362500,0.010,0.854,0.136
363000,0.010,0.860,0.130
363500,0.010,0.762,0.228
364000,0.010,0.718,0.272
364500,0.010,0.804,0.186
365000,0.010,0.817,0.173
365500,0.010,0.850,0.140
366000,0.010,0.859,0.131
366500,0.010,0.825,0.165
367000,0.010,0.862,0.128
367500,0.010,0.921,0.069
368000,0.010,0.951,0.039
368500,0.010,0.921,0.069
369000,0.010,0.852,0.138
369500,0.010,0.875,0.115
370000,0.010,0.910,0.080
370500,0.010,0.936,0.054
371000,0.010,0.931,0.059
371500,0.010,0.913,0.077
372000,0.010,0.936,0.053
372500,0.010,0.904,0.086
373000,0.010,0.932,0.057
373500,0.010,0.969,0.021
374000,0.010,0.965,0.025
374500,0.010,0.957,0.033
375000,0.010,0.887,0.103
375500,0.010,0.887,0.103
376000,0.010,0.816,0.174
376500,0.010,0.894,0.096
377000,0.010,0.898,0.092
377500,0.010,0.924,0.066
378000,0.010,0.941,0.049
378500,0.010,0.956,0.034
379000,0.010,0.967,0.023
379500,0.010,0.944,0.046
380000,0.010,0.896,0.094
380500,0.010,0.924,0.066
381000,0.010,0.933,0.057
381500,0.010,0.867,0.123
382000,0.010,0.908,0.082
382500,0.010,0.956,0.034
383000,0.010,0.937,0.053
383500,0.010,0.892,0.098
384000,0.010,0.916,0.074
384500,0.010,0.939,0.051
385000,0.010,0.949,0.041
385500,0.010,0.923,0.067
386000,0.010,0.893,0.097
386500,0.010,0.940,0.050
387000,0.010,0.921,0.069
387500,0.010,0.924,0.066
388000,0.010,0.953,0.037
388500,0.010,0.939,0.051
389000,0.010,0.949,0.041
389500,0.010,0.908,0.082
390000,0.010,0.893,0.097
390500,0.010,0.907,0.083
391000,0.010,0.878,0.112
391500,0.010,0.841,0.149
392000,0.010,0.846,0.144
392500,0.010,0.876,0.114
393000,0.010,0.868,0.122
393500,0.010,0.926,0.064
394000,0.010,0.950,0.040
394500,0.010,0.850,0.140
395000,0.010,0.897,0.093
395500,0.010,0.873,0.117
396000,0.010,0.937,0.053
396500,0.010,0.948,0.042
397000,0.010,0.850,0.140
397500,0.010,0.802,0.188
398000,0.010,0.865,0.125
398500,0.010,0.820,0.170
399000,0.010,0.774,0.216
399500,0.010,0.807,0.183
400000,0.010,0.904,0.086
400500,0.010,0.874,0.116
401000,0.010,0.792,0.198
401500,0.010,0.894,0.096
402000,0.010,0.944,0.046
402500,0.010,0.932,0.058
403000,0.010,0.953,0.037
403500,0.010,0.959,0.031
404000,0.010,0.926,0.064
404500,0.010,0.927,0.062
405000,0.010,0.960,0.030
405500,0.010,0.923,0.067
406000,0.010,0.932,0.057
406500,0.010,0.947,0.043
407000,0.010,0.893,0.097
407500,0.010,0.893,0.097
408000,0.010,0.907,0.083
408500,0.010,0.939,0.051
409000,0.010,0.938,0.052
409500,0.010,0.937,0.053
410000,0.010,0.939,0.051
410500,0.010,0.845,0.145
411000,0.010,0.788,0.202
411500,0.010,0.801,0.189
412000,0.010,0.802,0.188
412500,0.010,0.843,0.147
413000,0.010,0.888,0.102
413500,0.010,0.857,0.133
414000,0.010,0.893,0.097
414500,0.010,0.940,0.050
415000,0.010,0.936,0.053
415500,0.010,0.887,0.103
416000,0.010,0.888,0.102
416500,0.010,0.911,0.079
417000,0.010,0.931,0.058
417500,0.010,0.953,0.037
418000,0.010,0.936,0.054
418500,0.010,0.986,0.004
419000,0.010,0.962,0.028
419500,0.010,0.956,0.034
420000,0.010,0.976,0.014
420500,0.010,0.942,0.048
421000,0.010,0.916,0.074
421500,0.010,0.951,0.039
422000,0.010,0.894,0.096
422500,0.010,0.926,0.064
423000,0.010,0.909,0.081
423500,0.010,0.917,0.073
424000,0.010,0.935,0.055
424500,0.010,0.938,0.052
425000,0.010,0.938,0.052
425500,0.010,0.910,0.080
426000,0.010,0.909,0.081
426500,0.010,0.941,0.049
427000,0.010,0.933,0.057
427500,0.010,0.899,0.091
428000,0.010,0.896,0.094
428500,0.010,0.867,0.123
429000,0.010,0.861,0.129
429500,0.010,0.874,0.116
430000,0.010,0.916,0.074
430500,0.010,0.829,0.161
431000,0.010,0.823,0.167
431500,0.010,0.863,0.127
432000,0.010,0.857,0.133
432500,0.010,0.899,0.091
433000,0.010,0.928,0.061
433500,0.010,0.974,0.016
434000,0.010,0.964,0.026
434500,0.010,0.958,0.032
435000,0.010,0.976,0.014
435500,0.010,0.949,0.041
436000,0.010,0.942,0.048
436500,0.010,0.901,0.089
437000,0.010,0.941,0.049
437500,0.010,0.928,0.061
438000,0.010,0.940,0.050
438500,0.010,0.920,0.070
439000,0.010,0.922,0.068
439500,0.010,0.925,0.065
440000,0.010,0.859,0.131
440500,0.010,0.906,0.084
441000,0.010,0.914,0.076
441500,0.010,0.946,0.044
442000,0.010,0.941,0.049
442500,0.010,0.968,0.022
443000,0.010,0.916,0.074
443500,0.010,0.935,0.055
444000,0.010,0.873,0.117
444500,0.010,0.927,0.063
445000,0.010,0.904,0.086
445500,0.010,0.912,0.078
446000,0.010,0.957,0.033
446500,0.010,0.967,0.023
447000,0.010,0.904,0.086
447500,0.010,0.851,0.139
448000,0.010,0.890,0.100
448500,0.010,0.929,0.060
449000,0.010,0.958,0.032
449500,0.010,0.908,0.082
450000,0.010,0.885,0.105
450500,0.010,0.878,0.112
451000,0.010,0.873,0.117
451500,0.010,0.917,0.073
452000,0.010,0.861,0.129
452500,0.010,0.885,0.105
453000,0.010,0.880,0.110
453500,0.010,0.883,0.107
454000,0.010,0.922,0.068
454500,0.010,0.917,0.073
455000,0.010,0.945,0.045
455500,0.010,0.944,0.046
456000,0.010,0.938,0.052
456500,0.010,0.949,0.041
457000,0.010,0.946,0.044
457500,0.010,0.877,0.113
458000,0.010,0.834,0.156
458500,0.010,0.931,0.058
459000,0.010,0.889,0.101
459500,0.010,0.918,0.072
460000,0.010,0.899,0.091
460500,0.010,0.892,0.098
461000,0.010,0.906,0.084
461500,0.010,0.875,0.115
462000,0.010,0.807,0.183
462500,0.010,0.803,0.187
463000,0.010,0.826,0.164
463500,0.010,0.907,0.083
464000,0.010,0.897,0.093
464500,0.010,0.897,0.093
465000,0.010,0.822,0.168
465500,0.010,0.861,0.129
466000,0.010,0.901,0.089
466500,0.010,0.967,0.023
467000,0.010,0.965,0.025
467500,0.010,0.931,0.059
468000,0.010,0.924,0.066
468500,0.010,0.965,0.025
469000,0.010,0.879,0.111
469500,0.010,0.881,0.109
470000,0.010,0.902,0.088
470500,0.010,0.891,0.099
471000,0.010,0.903,0.087
471500,0.010,0.866,0.124
472000,0.010,0.897,0.093
472500,0.010,0.877,0.113
473000,0.010,0.848,0.142
473500,0.010,0.918,0.072
474000,0.010,0.917,0.073
474500,0.010,0.943,0.047
475000,0.010,0.933,0.057
475500,0.010,0.947,0.043
476000,0.010,0.942,0.048
476500,0.010,0.955,0.035
477000,0.010,0.942,0.048
477500,0.010,0.905,0.085
478000,0.010,0.902,0.088
478500,0.010,0.915,0.075
479000,0.010,0.897,0.093
479500,0.010,0.953,0.037
480000,0.010,0.954,0.036
480500,0.010,0.924,0.066
481000,0.010,0.882,0.108
481500,0.010,0.843,0.147
482000,0.010,0.885,0.105
482500,0.010,0.877,0.113
483000,0.010,0.859,0.131
483500,0.010,0.903,0.087
484000,0.010,0.916,0.074
484500,0.010,0.936,0.053
485000,0.010,0.947,0.043
485500,0.010,0.918,0.072
486000,0.010,0.874,0.116
486500,0.010,0.900,0.090
487000,0.010,0.908,0.082
487500,0.010,0.919,0.071
488000,0.010,0.913,0.077
488500,0.010,0.881,0.109
489000,0.010,0.910,0.080
489500,0.010,0.890,0.100
490000,0.010,0.957,0.033
490500,0.010,0.952,0.038
491000,0.010,0.947,0.043
491500,0.010,0.945,0.045
492000,0.010,0.926,0.064
492500,0.010,0.928,0.062
493000,0.010,0.904,0.086
493500,0.010,0.918,0.072
494000,0.010,0.900,0.090
494500,0.010,0.923,0.067
495000,0.010,0.931,0.058
495500,0.010,0.906,0.084
496000,0.010,0.951,0.039
496500,0.010,0.934,0.055
497000,0.010,0.963,0.027
497500,0.010,0.932,0.057
498000,0.010,0.936,0.053
498500,0.010,0.950,0.040
499000,0.010,0.935,0.054
499500,0.010,0.929,0.061
500000,0.010,0.909,0.081
500500,0.010,0.926,0.064
501000,0.010,0.859,0.131
501500,0.010,0.871,0.119
502000,0.010,0.818,0.172
502500,0.010,0.734,0.256
503000,0.010,0.868,0.122
503500,0.010,0.873,0.117
504000,0.010,0.744,0.246
504500,0.010,0.852,0.138
505000,0.010,0.878,0.112
505500,0.010,0.947,0.043
506000,0.010,0.910,0.080
506500,0.010,0.927,0.063
507000,0.010,0.915,0.075
507500,0.010,0.864,0.126
508000,0.010,0.918,0.072
508500,0.010,0.928,0.061
509000,0.010,0.913,0.077
509500,0.010,0.893,0.097
510000,0.010,0.928,0.062
510500,0.010,0.934,0.056
511000,0.010,0.932,0.058
511500,0.010,0.903,0.087
512000,0.010,0.895,0.095
512500,0.010,0.856,0.134
513000,0.010,0.883,0.107
513500,0.010,0.896,0.094
514000,0.010,0.884,0.106
514500,0.010,0.876,0.114
515000,0.010,0.830,0.160
515500,0.010,0.902,0.088
516000,0.010,0.885,0.105
516500,0.010,0.898,0.092
517000,0.010,0.820,0.170
517500,0.010,0.846,0.144
518000,0.010,0.887,0.103
518500,0.010,0.903,0.087
519000,0.010,0.857,0.133
519500,0.010,0.875,0.115
520000,0.010,0.876,0.114
520500,0.010,0.918,0.072
521000,0.010,0.872,0.118
521500,0.010,0.860,0.130
522000,0.010,0.859,0.131
522500,0.010,0.907,0.083
523000,0.010,0.921,0.069
523500,0.010,0.945,0.045
524000,0.010,0.929,0.060
524500,0.010,0.947,0.043
525000,0.010,0.942,0.048
525500,0.010,0.901,0.089
526000,0.010,0.873,0.117
526500,0.010,0.860,0.130
527000,0.010,0.881,0.109
527500,0.010,0.852,0.138
528000,0.010,0.904,0.086
528500,0.010,0.919,0.071
529000,0.010,0.946,0.044
529500,0.010,0.956,0.034
530000,0.010,0.966,0.024
530500,0.010,0.967,0.023
531000,0.010,0.967,0.023
531500,0.010,0.951,0.039
532000,0.010,0.945,0.045
532500,0.010,0.896,0.094
533000,0.010,0.945,0.045
533500,0.010,0.933,0.057
534000,0.010,0.910,0.080
534500,0.010,0.935,0.055
535000,0.010,0.856,0.134
535500,0.010,0.850,0.140
536000,0.010,0.859,0.131
536500,0.010,0.902,0.088
537000,0.010,0.932,0.058
537500,0.010,0.975,0.015
538000,0.010,0.908,0.082
538500,0.010,0.907,0.083
539000,0.010,0.919,0.071
539500,0.010,0.882,0.108
540000,0.010,0.925,0.065
540500,0.010,0.861,0.129
541000,0.010,0.862,0.128
541500,0.010,0.916,0.074
542000,0.010,0.892,0.098
542500,0.010,0.944,0.046
543000,0.010,0.946,0.044
543500,0.010,0.954,0.036
544000,0.010,0.939,0.051
544500,0.010,0.966,0.024
545000,0.010,0.951,0.039
545500,0.010,0.974,0.016
546000,0.010,0.951,0.039
546500,0.010,0.954,0.036
547000,0.010,0.893,0.097
547500,0.010,0.933,0.057
548000,0.010,0.918,0.072
548500,0.010,0.893,0.097
549000,0.010,0.911,0.079
549500,0.010,0.873,0.117
550000,0.010,0.822,0.168
550500,0.010,0.883,0.107
551000,0.010,0.859,0.131
551500,0.010,0.916,0.074
552000,0.010,0.954,0.036
552500,0.010,0.886,0.104
553000,0.010,0.837,0.153
553500,0.010,0.903,0.087
554000,0.010,0.902,0.088
554500,0.010,0.910,0.080
555000,0.010,0.892,0.098
555500,0.010,0.874,0.116
556000,0.010,0.855,0.135
556500,0.010,0.747,0.243
557000,0.010,0.824,0.166
557500,0.010,0.883,0.107
558000,0.010,0.924,0.066
558500,0.010,0.959,0.031
559000,0.010,0.943,0.047
559500,0.010,0.876,0.114
560000,0.010,0.933,0.056
560500,0.010,0.906,0.084
561000,0.010,0.870,0.120
561500,0.010,0.839,0.151
562000,0.010,0.807,0.183
562500,0.010,0.808,0.182
563000,0.010,0.859,0.131
563500,0.010,0.880,0.110
564000,0.010,0.911,0.079
564500,0.010,0.858,0.132
565000,0.010,0.875,0.115
565500,0.010,0.895,0.095
566000,0.010,0.877,0.113
566500,0.010,0.909,0.081
567000,0.010,0.877,0.113
567500,0.010,0.912,0.078
568000,0.010,0.910,0.080
568500,0.010,0.890,0.100
569000,0.010,0.879,0.111
569500,0.010,0.852,0.138
570000,0.010,0.896,0.094
570500,0.010,0.892,0.098
571000,0.010,0.924,0.066
571500,0.010,0.842,0.148
572000,0.010,0.895,0.095
572500,0.010,0.901,0.089
573000,0.010,0.952,0.038
573500,0.010,0.933,0.056
574000,0.010,0.948,0.042
574500,0.010,0.942,0.048
575000,0.010,0.949,0.041
575500,0.010,0.972,0.018
576000,0.010,0.972,0.018
576500,0.010,0.962,0.028
577000,0.010,0.939,0.051
577500,0.010,0.922,0.068
578000,0.010,0.957,0.033
578500,0.010,0.952,0.038
579000,0.010,0.944,0.046
579500,0.010,0.903,0.087
580000,0.010,0.798,0.192
580500,0.010,0.897,0.093
581000,0.010,0.900,0.090
581500,0.010,0.874,0.116
582000,0.010,0.902,0.088
582500,0.010,0.913,0.077
583000,0.010,0.910,0.080
583500,0.010,0.904,0.086
584000,0.010,0.888,0.102
584500,0.010,0.889,0.101
585000,0.010,0.930,0.059
585500,0.010,0.873,0.117
586000,0.010,0.941,0.049
586500,0.010,0.928,0.062
587000,0.010,0.953,0.037
587500,0.010,0.922,0.068
588000,0.010,0.903,0.087
588500,0.010,0.940,0.050
589000,0.010,0.884,0.106
589500,0.010,0.823,0.167
590000,0.010,0.933,0.056
590500,0.010,0.957,0.033
591000,0.010,0.978,0.012
591500,0.010,0.933,0.057
592000,0.010,0.918,0.072
592500,0.010,0.885,0.105
593000,0.010,0.850,0.140
593500,0.010,0.848,0.142
594000,0.010,0.852,0.138
594500,0.010,0.839,0.151
595000,0.010,0.852,0.138
595500,0.010,0.857,0.133
596000,0.010,0.858,0.132
596500,0.010,0.838,0.152
597000,0.010,0.850,0.140
597500,0.010,0.859,0.131
598000,0.010,0.873,0.117
598500,0.010,0.866,0.124
599000,0.010,0.902,0.088
599500,0.010,0.945,0.045
600000,0.010,0.925,0.065
600500,0.010,0.950,0.040
601000,0.010,0.921,0.069
601500,0.010,0.920,0.070
602000,0.010,0.939,0.051
602500,0.010,0.909,0.081
603000,0.010,0.886,0.104
603500,0.010,0.812,0.178
604000,0.010,0.780,0.210
604500,0.010,0.847,0.143
605000,0.010,0.847,0.143
605500,0.010,0.892,0.098
606000,0.010,0.914,0.076
606500,0.010,0.825,0.165
607000,0.010,0.910,0.080
607500,0.010,0.926,0.064
608000,0.010,0.969,0.021
608500,0.010,0.941,0.049
609000,0.010,0.904,0.086
609500,0.010,0.918,0.072
610000,0.010,0.945,0.045
610500,0.010,0.913,0.077
611000,0.010,0.939,0.051
611500,0.010,0.928,0.061
612000,0.010,0.913,0.077
612500,0.010,0.928,0.062
613000,0.010,0.931,0.059
613500,0.010,0.888,0.102
614000,0.010,0.938,0.052
614500,0.010,0.893,0.097
615000,0.010,0.876,0.114
615500,0.010,0.814,0.176
616000,0.010,0.792,0.198
616500,0.010,0.880,0.110
617000,0.010,0.911,0.079
617500,0.010,0.892,0.098
618000,0.010,0.883,0.107
618500,0.010,0.919,0.071
619000,0.010,0.842,0.148
619500,0.010,0.842,0.148
620000,0.010,0.890,0.100
620500,0.010,0.908,0.082
621000,0.010,0.894,0.096
621500,0.010,0.913,0.077
622000,0.010,0.911,0.079
622500,0.010,0.910,0.080
623000,0.010,0.924,0.066
623500,0.010,0.924,0.066
624000,0.010,0.916,0.074
624500,0.010,0.861,0.129
625000,0.010,0.898,0.092
625500,0.010,0.906,0.084
626000,0.010,0.872,0.118
626500,0.010,0.891,0.099
627000,0.010,0.911,0.079
627500,0.010,0.938,0.052
628000,0.010,0.869,0.121
628500,0.010,0.853,0.137
629000,0.010,0.925,0.065
629500,0.010,0.935,0.054
630000,0.010,0.928,0.062
630500,0.010,0.961,0.029
631000,0.010,0.928,0.062
631500,0.010,0.948,0.042
632000,0.010,0.947,0.043
632500,0.010,0.924,0.066
633000,0.010,0.889,0.101
633500,0.010,0.907,0.083
634000,0.010,0.935,0.054
634500,0.010,0.890,0.100
635000,0.010,0.911,0.079
635500,0.010,0.926,0.064
636000,0.010,0.919,0.071
636500,0.010,0.947,0.043
637000,0.010,0.935,0.054
637500,0.010,0.920,0.070
638000,0.010,0.887,0.103
638500,0.010,0.881,0.109
639000,0.010,0.901,0.089
639500,0.010,0.918,0.072
640000,0.010,0.869,0.121
640500,0.010,0.831,0.159
641000,0.010,0.851,0.139
641500,0.010,0.888,0.102
642000,0.010,0.909,0.081
642500,0.010,0.913,0.077
643000,0.010,0.941,0.049
643500,0.010,0.965,0.025
644000,0.010,0.960,0.030
644500,0.010,0.920,0.070
645000,0.010,0.881,0.109
645500,0.010,0.902,0.088
646000,0.010,0.907,0.083
646500,0.010,0.876,0.114
647000,0.010,0.874,0.116
647500,0.010,0.926,0.064
648000,0.010,0.931,0.058
648500,0.010,0.972,0.018
649000,0.010,0.920,0.070
649500,0.010,0.934,0.055
650000,0.010,0.936,0.054
650500,0.010,0.927,0.062
651000,0.010,0.933,0.057
651500,0.010,0.904,0.086
652000,0.010,0.930,0.060
652500,0.010,0.922,0.068
653000,0.010,0.906,0.084
653500,0.010,0.887,0.103
654000,0.010,0.922,0.068
654500,0.010,0.867,0.123
655000,0.010,0.861,0.129
655500,0.010,0.864,0.126
656000,0.010,0.894,0.096
656500,0.010,0.956,0.034
657000,0.010,0.912,0.078
657500,0.010,0.908,0.082
658000,0.010,0.875,0.115
658500,0.010,0.886,0.104
659000,0.010,0.861,0.129
659500,0.010,0.911,0.079
660000,0.010,0.875,0.115
660500,0.010,0.874,0.116
661000,0.010,0.901,0.089
661500,0.010,0.906,0.084
662000,0.010,0.900,0.090
662500,0.010,0.900,0.090
663000,0.010,0.851,0.139
663500,0.010,0.912,0.078
664000,0.010,0.951,0.039
664500,0.010,0.955,0.035
665000,0.010,0.923,0.067
665500,0.010,0.926,0.064
666000,0.010,0.929,0.061
666500,0.010,0.907,0.083
667000,0.010,0.912,0.078
667500,0.010,0.893,0.097
668000,0.010,0.832,0.158
668500,0.010,0.889,0.101
669000,0.010,0.903,0.087
669500,0.010,0.940,0.050
670000,0.010,0.953,0.037
670500,0.010,0.977,0.013
671000,0.010,0.955,0.035
671500,0.010,0.929,0.061
672000,0.010,0.886,0.104
672500,0.010,0.900,0.090
673000,0.010,0.892,0.098
673500,0.010,0.897,0.093
674000,0.010,0.870,0.120
674500,0.010,0.899,0.091
675000,0.010,0.944,0.046
675500,0.010,0.945,0.045
676000,0.010,0.948,0.042
676500,0.010,0.968,0.022
677000,0.010,0.931,0.058
677500,0.010,0.896,0.094
678000,0.010,0.931,0.059
678500,0.010,0.933,0.057
679000,0.010,0.896,0.094
679500,0.010,0.912,0.078
680000,0.010,0.912,0.078
680500,0.010,0.885,0.105
681000,0.010,0.904,0.086
681500,0.010,0.922,0.068
682000,0.010,0.889,0.101
682500,0.010,0.888,0.102
683000,0.010,0.835,0.155
683500,0.010,0.890,0.100
684000,0.010,0.895,0.095
684500,0.010,0.870,0.120
685000,0.010,0.914,0.076
685500,0.010,0.930,0.060
686000,0.010,0.971,0.019
686500,0.010,0.956,0.034
687000,0.010,0.964,0.026
687500,0.010,0.958,0.032
688000,0.010,0.865,0.125
688500,0.010,0.889,0.101
689000,0.010,0.866,0.124
689500,0.010,0.868,0.122
690000,0.010,0.895,0.095
690500,0.010,0.853,0.137
691000,0.010,0.853,0.137
691500,0.010,0.891,0.099
692000,0.010,0.858,0.132
692500,0.010,0.848,0.142
693000,0.010,0.885,0.105
693500,0.010,0.771,0.219
694000,0.010,0.863,0.127
694500,0.010,0.877,0.113
695000,0.010,0.838,0.152
695500,0.010,0.909,0.081
696000,0.010,0.941,0.049
696500,0.010,0.948,0.042
697000,0.010,0.954,0.036
697500,0.010,0.909,0.081
698000,0.010,0.921,0.069
698500,0.010,0.919,0.071
699000,0.010,0.946,0.044
699500,0.010,0.959,0.031
700000,0.010,0.965,0.025
700500,0.010,0.935,0.054
701000,0.010,0.909,0.081
701500,0.010,0.919,0.071
702000,0.010,0.946,0.044
702500,0.010,0.915,0.075
703000,0.010,0.907,0.083
703500,0.010,0.926,0.064
704000,0.010,0.902,0.088
704500,0.010,0.777,0.213
705000,0.010,0.885,0.105
705500,0.010,0.829,0.161
706000,0.010,0.788,0.202
706500,0.010,0.865,0.125
707000,0.010,0.920,0.070
707500,0.010,0.955,0.035
708000,0.010,0.930,0.059
708500,0.010,0.935,0.054
709000,0.010,0.952,0.038
709500,0.010,0.935,0.055
710000,0.010,0.916,0.074
710500,0.010,0.876,0.114
711000,0.010,0.856,0.134
711500,0.010,0.913,0.077
712000,0.010,0.902,0.088
712500,0.010,0.889,0.101
713000,0.010,0.895,0.095
713500,0.010,0.945,0.045
714000,0.010,0.878,0.112
714500,0.010,0.889,0.101
715000,0.010,0.851,0.139
715500,0.010,0.839,0.151
716000,0.010,0.822,0.168
716500,0.010,0.840,0.150
717000,0.010,0.851,0.139
717500,0.010,0.855,0.135
718000,0.010,0.875,0.115
718500,0.010,0.888,0.102
719000,0.010,0.884,0.106
719500,0.010,0.931,0.058
720000,0.010,0.932,0.058
720500,0.010,0.885,0.105
721000,0.010,0.946,0.044
721500,0.010,0.934,0.055
722000,0.010,0.934,0.056
722500,0.010,0.914,0.076
723000,0.010,0.916,0.074
723500,0.010,0.918,0.072
724000,0.010,0.920,0.070
724500,0.010,0.961,0.029
725000,0.010,0.950,0.040
725500,0.010,0.878,0.112
726000,0.010,0.864,0.126
726500,0.010,0.888,0.102
727000,0.010,0.867,0.123
727500,0.010,0.925,0.065
728000,0.010,0.915,0.075
728500,0.010,0.933,0.056
729000,0.010,0.986,0.004
729500,0.010,0.948,0.042
730000,0.010,0.919,0.071
730500,0.010,0.919,0.071
731000,0.010,0.941,0.049
731500,0.010,0.941,0.049
732000,0.010,0.901,0.089
732500,0.010,0.936,0.053
733000,0.010,0.923,0.067
733500,0.010,0.939,0.051
734000,0.010,0.935,0.055
734500,0.010,0.928,0.061
735000,0.010,0.891,0.099
735500,0.010,0.914,0.076
736000,0.010,0.920,0.070
736500,0.010,0.926,0.064
737000,0.010,0.890,0.100
737500,0.010,0.852,0.138
738000,0.010,0.902,0.088
738500,0.010,0.887,0.103
739000,0.010,0.839,0.151
739500,0.010,0.879,0.111
740000,0.010,0.903,0.087
740500,0.010,0.948,0.042
741000,0.010,0.845,0.145
741500,0.010,0.899,0.091
742000,0.010,0.907,0.083
742500,0.010,0.922,0.068
743000,0.010,0.926,0.064
743500,0.010,0.859,0.131
744000,0.010,0.885,0.105
744500,0.010,0.934,0.055
745000,0.010,0.946,0.044
745500,0.010,0.986,0.004
746000,0.010,0.978,0.012
746500,0.010,0.970,0.020
747000,0.010,0.946,0.044
747500,0.010,0.950,0.040
748000,0.010,0.923,0.067
748500,0.010,0.923,0.067
749000,0.010,0.865,0.125
749500,0.010,0.868,0.122
750000,0.010,0.934,0.056
750500,0.010,0.915,0.075
751000,0.010,0.882,0.108
751500,0.010,0.856,0.134
752000,0.010,0.918,0.072
752500,0.010,0.879,0.111
753000,0.010,0.863,0.127
753500,0.010,0.874,0.116
754000,0.010,0.877,0.113
754500,0.010,0.851,0.139
755000,0.010,0.862,0.128
755500,0.010,0.869,0.121
756000,0.010,0.918,0.072
756500,0.010,0.924,0.066
757000,0.010,0.905,0.085
757500,0.010,0.924,0.066
758000,0.010,0.969,0.021
758500,0.010,0.923,0.067
759000,0.010,0.909,0.081
759500,0.010,0.938,0.052
760000,0.010,0.940,0.050
760500,0.010,0.965,0.025
761000,0.010,0.911,0.079
761500,0.010,0.894,0.096
762000,0.010,0.911,0.079
762500,0.010,0.946,0.044
763000,0.010,0.898,0.092
763500,0.010,0.888,0.102
764000,0.010,0.902,0.088
764500,0.010,0.887,0.103
765000,0.010,0.914,0.076
765500,0.010,0.939,0.051
766000,0.010,0.901,0.089
766500,0.010,0.890,0.100
767000,0.010,0.914,0.076
767500,0.010,0.926,0.064
768000,0.010,0.958,0.032
768500,0.010,0.880,0.110
769000,0.010,0.923,0.067
769500,0.010,0.899,0.091
770000,0.010,0.879,0.111
770500,0.010,0.927,0.062
771000,0.010,0.948,0.042
771500,0.010,0.952,0.038
772000,0.010,0.967,0.023
772500,0.010,0.943,0.047
773000,0.010,0.866,0.124
773500,0.010,0.868,0.122
774000,0.010,0.897,0.093
774500,0.010,0.893,0.097
775000,0.010,0.946,0.044
775500,0.010,0.957,0.033
776000,0.010,0.973,0.017
776500,0.010,0.945,0.045
777000,0.010,0.932,0.058
777500,0.010,0.880,0.110
778000,0.010,0.901,0.089
778500,0.010,0.853,0.137
779000,0.010,0.887,0.103
779500,0.010,0.919,0.071
780000,0.010,0.847,0.143
780500,0.010,0.862,0.128
781000,0.010,0.880,0.110
781500,0.010,0.911,0.079
782000,0.010,0.883,0.107
782500,0.010,0.931,0.058
783000,0.010,0.878,0.112
783500,0.010,0.942,0.048
784000,0.010,0.962,0.028
784500,0.010,0.951,0.039
785000,0.010,0.966,0.024
785500,0.010,0.949,0.041
786000,0.010,0.937,0.053
786500,0.010,0.894,0.096
787000,0.010,0.876,0.114
787500,0.010,0.872,0.118
788000,0.010,0.908,0.082
788500,0.010,0.904,0.086
789000,0.010,0.867,0.123
789500,0.010,0.870,0.120
790000,0.010,0.850,0.140
790500,0.010,0.869,0.121
791000,0.010,0.919,0.071
791500,0.010,0.931,0.058
792000,0.010,0.894,0.096
792500,0.010,0.930,0.059
793000,0.010,0.941,0.049
793500,0.010,0.882,0.108
794000,0.010,0.881,0.109
794500,0.010,0.877,0.113
795000,0.010,0.934,0.055
795500,0.010,0.896,0.094
796000,0.010,0.900,0.090
796500,0.010,0.932,0.058
797000,0.010,0.932,0.058
797500,0.010,0.938,0.052
798000,0.010,0.940,0.050
798500,0.010,0.897,0.093
799000,0.010,0.800,0.190
799500,0.010,0.850,0.140
800000,0.010,0.889,0.101
800500,0.010,0.933,0.057
801000,0.010,0.856,0.134
801500,0.010,0.881,0.109
802000,0.010,0.929,0.060
802500,0.010,0.875,0.115
803000,0.010,0.872,0.118
803500,0.010,0.807,0.183
804000,0.010,0.897,0.093
804500,0.010,0.869,0.121
805000,0.010,0.880,0.110
805500,0.010,0.910,0.080
806000,0.010,0.944,0.046
806500,0.010,0.952,0.038
807000,0.010,0.925,0.065
807500,0.010,0.912,0.078
808000,0.010,0.930,0.059
808500,0.010,0.848,0.142
809000,0.010,0.889,0.101
809500,0.010,0.919,0.071
810000,0.010,0.894,0.096
810500,0.010,0.915,0.075
811000,0.010,0.960,0.030
811500,0.010,0.891,0.099
812000,0.010,0.913,0.077
812500,0.010,0.936,0.053
813000,0.010,0.922,0.068
813500,0.010,0.950,0.040
814000,0.010,0.920,0.070
814500,0.010,0.876,0.114
815000,0.010,0.883,0.107
815500,0.010,0.871,0.119
816000,0.010,0.850,0.140
816500,0.010,0.822,0.168
817000,0.010,0.824,0.166
817500,0.010,0.867,0.123
818000,0.010,0.842,0.148
818500,0.010,0.912,0.078
819000,0.010,0.935,0.054
819500,0.010,0.950,0.040
820000,0.010,0.861,0.129
820500,0.010,0.891,0.099
821000,0.010,0.867,0.123
821500,0.010,0.897,0.093
822000,0.010,0.835,0.155
822500,0.010,0.853,0.137
823000,0.010,0.890,0.100
823500,0.010,0.890,0.100
824000,0.010,0.944,0.046
824500,0.010,0.940,0.050
825000,0.010,0.913,0.077
825500,0.010,0.909,0.081
826000,0.010,0.870,0.120
826500,0.010,0.885,0.105
827000,0.010,0.904,0.086
827500,0.010,0.927,0.062
828000,0.010,0.941,0.049
828500,0.010,0.952,0.038
829000,0.010,0.935,0.054
829500,0.010,0.945,0.045
830000,0.010,0.946,0.044
830500,0.010,0.919,0.071
831000,0.010,0.950,0.040
831500,0.010,0.911,0.079
832000,0.010,0.921,0.069
832500,0.010,0.881,0.109
833000,0.010,0.904,0.086
833500,0.010,0.895,0.095
834000,0.010,0.915,0.075
834500,0.010,0.959,0.031
835000,0.010,0.948,0.042
835500,0.010,0.949,0.041
836000,0.010,0.973,0.017
836500,0.010,0.982,0.008
837000,0.010,0.960,0.030
837500,0.010,0.929,0.060
838000,0.010,0.887,0.103
838500,0.010,0.905,0.085
839000,0.010,0.902,0.088
839500,0.010,0.930,0.059
840000,0.010,0.951,0.039
840500,0.010,0.923,0.067
841000,0.010,0.899,0.091
841500,0.010,0.938,0.052
842000,0.010,0.900,0.090
842500,0.010,0.888,0.102
843000,0.010,0.902,0.088
843500,0.010,0.902,0.088
844000,0.010,0.890,0.100
844500,0.010,0.909,0.081
845000,0.010,0.918,0.072
845500,0.010,0.915,0.075
846000,0.010,0.927,0.062
846500,0.010,0.939,0.051
847000,0.010,0.965,0.025
847500,0.010,0.958,0.032
848000,0.010,0.928,0.061
848500,0.010,0.968,0.022
849000,0.010,0.951,0.039
849500,0.010,0.954,0.036
850000,0.010,0.967,0.023
850500,0.010,0.964,0.026
851000,0.010,0.963,0.027
851500,0.010,0.950,0.040
852000,0.010,0.965,0.025
852500,0.010,0.975,0.015
853000,0.010,0.901,0.089
853500,0.010,0.929,0.061
854000,0.010,0.911,0.079
854500,0.010,0.846,0.144
855000,0.010,0.871,0.119
855500,0.010,0.879,0.111
856000,0.010,0.906,0.084
856500,0.010,0.875,0.115
857000,0.010,0.931,0.059
857500,0.010,0.923,0.067
858000,0.010,0.922,0.068
858500,0.010,0.923,0.067
859000,0.010,0.934,0.056
859500,0.010,0.921,0.069
860000,0.010,0.897,0.093
860500,0.010,0.924,0.066
861000,0.010,0.918,0.072
861500,0.010,0.895,0.095
862000,0.010,0.898,0.092
862500,0.010,0.884,0.106
863000,0.010,0.908,0.082
863500,0.010,0.904,0.086
864000,0.010,0.908,0.082
864500,0.010,0.895,0.095
865000,0.010,0.875,0.115
865500,0.010,0.882,0.108
866000,0.010,0.950,0.040
866500,0.010,0.921,0.069
867000,0.010,0.969,0.021
867500,0.010,0.963,0.027
868000,0.010,0.953,0.037
868500,0.010,0.923,0.067
869000,0.010,0.947,0.043
869500,0.010,0.946,0.044
870000,0.010,0.948,0.042
870500,0.010,0.922,0.068
871000,0.010,0.951,0.039
871500,0.010,0.911,0.079
872000,0.010,0.949,0.041
872500,0.010,0.941,0.049
873000,0.010,0.913,0.077
873500,0.010,0.883,0.107
874000,0.010,0.857,0.133
874500,0.010,0.878,0.112
875000,0.010,0.920,0.070
875500,0.010,0.906,0.084
876000,0.010,0.909,0.081
876500,0.010,0.915,0.075
877000,0.010,0.881,0.109
877500,0.010,0.944,0.046
878000,0.010,0.913,0.077
878500,0.010,0.918,0.072
879000,0.010,0.949,0.041
879500,0.010,0.974,0.016
880000,0.010,0.938,0.052
880500,0.010,0.955,0.035
881000,0.010,0.935,0.055
881500,0.010,0.903,0.087
882000,0.010,0.866,0.124
882500,0.010,0.844,0.146
883000,0.010,0.854,0.136
883500,0.010,0.888,0.102
884000,0.010,0.959,0.031
884500,0.010,0.947,0.043
885000,0.010,0.937,0.053
885500,0.010,0.941,0.049
886000,0.010,0.880,0.110
886500,0.010,0.902,0.088
887000,0.010,0.898,0.092
887500,0.010,0.868,0.122
888000,0.010,0.957,0.033
888500,0.010,0.905,0.085
889000,0.010,0.898,0.092
889500,0.010,0.904,0.086
890000,0.010,0.889,0.101
890500,0.010,0.852,0.138
891000,0.010,0.854,0.136
891500,0.010,0.894,0.096
892000,0.010,0.909,0.081
892500,0.010,0.879,0.111
893000,0.010,0.811,0.178
893500,0.010,0.859,0.131
894000,0.010,0.827,0.163
894500,0.010,0.859,0.131
895000,0.010,0.919,0.071
895500,0.010,0.899,0.091
896000,0.010,0.884,0.106
896500,0.010,0.887,0.103
897000,0.010,0.911,0.079
897500,0.010,0.914,0.076
898000,0.010,0.897,0.093
898500,0.010,0.911,0.079
899000,0.010,0.857,0.133
899500,0.010,0.899,0.091
900000,0.010,0.902,0.088
900500,0.010,0.880,0.110
901000,0.010,0.882,0.108
901500,0.010,0.918,0.072
902000,0.010,0.959,0.031
902500,0.010,0.955,0.035
903000,0.010,0.917,0.073
903500,0.010,0.872,0.118
904000,0.010,0.921,0.069
904500,0.010,0.906,0.084
905000,0.010,0.860,0.130
905500,0.010,0.871,0.119
906000,0.010,0.825,0.165
906500,0.010,0.859,0.131
907000,0.010,0.860,0.130
907500,0.010,0.886,0.104
908000,0.010,0.876,0.114
908500,0.010,0.877,0.113
909000,0.010,0.830,0.160
909500,0.010,0.886,0.104
910000,0.010,0.890,0.100
910500,0.010,0.900,0.090
911000,0.010,0.883,0.107
911500,0.010,0.888,0.102
912000,0.010,0.834,0.156
912500,0.010,0.825,0.165
913000,0.010,0.882,0.108
913500,0.010,0.909,0.081
914000,0.010,0.891,0.099
914500,0.010,0.916,0.074
915000,0.010,0.909,0.081
915500,0.010,0.918,0.072
916000,0.010,0.930,0.060
916500,0.010,0.944,0.046
917000,0.010,0.921,0.069
917500,0.010,0.923,0.067
918000,0.010,0.929,0.061
918500,0.010,0.908,0.082
919000,0.010,0.916,0.074
919500,0.010,0.920,0.070
920000,0.010,0.945,0.045
920500,0.010,0.932,0.057
921000,0.010,0.912,0.078
921500,0.010,0.932,0.057
922000,0.010,0.949,0.041
922500,0.010,0.929,0.060
923000,0.010,0.907,0.083
923500,0.010,0.888,0.102
924000,0.010,0.866,0.124
924500,0.010,0.904,0.086
925000,0.010,0.914,0.076
925500,0.010,0.885,0.105
926000,0.010,0.913,0.077
926500,0.010,0.921,0.069
927000,0.010,0.854,0.136
927500,0.010,0.918,0.072
928000,0.010,0.851,0.139
928500,0.010,0.878,0.112
929000,0.010,0.916,0.074
929500,0.010,0.887,0.103
930000,0.010,0.913,0.077
930500,0.010,0.908,0.082
931000,0.010,0.857,0.133
931500,0.010,0.785,0.205
932000,0.010,0.860,0.130
932500,0.010,0.915,0.075
933000,0.010,0.873,0.117
933500,0.010,0.838,0.152
934000,0.010,0.890,0.100
934500,0.010,0.867,0.123
935000,0.010,0.815,0.175
935500,0.010,0.907,0.083
936000,0.010,0.905,0.085
936500,0.010,0.919,0.071
937000,0.010,0.946,0.044
937500,0.010,0.862,0.128
938000,0.010,0.908,0.082
938500,0.010,0.908,0.082
939000,0.010,0.913,0.077
939500,0.010,0.944,0.046
940000,0.010,0.938,0.052
940500,0.010,0.956,0.034
941000,0.010,0.937,0.053
941500,0.010,0.919,0.071
942000,0.010,0.883,0.107
942500,0.010,0.919,0.071
943000,0.010,0.889,0.101
943500,0.010,0.880,0.110
944000,0.010,0.958,0.032
944500,0.010,0.927,0.062
945000,0.010,0.952,0.038
945500,0.010,0.971,0.019
946000,0.010,0.950,0.040
946500,0.010,0.920,0.070
947000,0.010,0.918,0.072
947500,0.010,0.925,0.065
948000,0.010,0.885,0.105
948500,0.010,0.912,0.078
949000,0.010,0.900,0.090
949500,0.010,0.930,0.059
950000,0.010,0.937,0.053
950500,0.010,0.906,0.084
951000,0.010,0.864,0.126
951500,0.010,0.911,0.079
952000,0.010,0.930,0.059
952500,0.010,0.931,0.058
953000,0.010,0.880,0.110
953500,0.010,0.888,0.102
954000,0.010,0.936,0.053
954500,0.010,0.937,0.053
955000,0.010,0.932,0.058
955500,0.010,0.909,0.081
956000,0.010,0.906,0.084
956500,0.010,0.820,0.170
957000,0.010,0.856,0.134
957500,0.010,0.861,0.129
958000,0.010,0.845,0.145
958500,0.010,0.892,0.098
959000,0.010,0.860,0.130
959500,0.010,0.809,0.180
960000,0.010,0.820,0.170
960500,0.010,0.800,0.190
961000,0.010,0.902,0.088
961500,0.010,0.925,0.065
962000,0.010,0.944,0.046
962500,0.010,0.947,0.043
963000,0.010,0.922,0.068
963500,0.010,0.911,0.079
964000,0.010,0.908,0.082
964500,0.010,0.875,0.115
965000,0.010,0.902,0.088
965500,0.010,0.925,0.065
966000,0.010,0.899,0.091
966500,0.010,0.831,0.159
967000,0.010,0.883,0.107
967500,0.010,0.907,0.083
968000,0.010,0.904,0.086
968500,0.010,0.877,0.113
969000,0.010,0.938,0.052
969500,0.010,0.936,0.054
970000,0.010,0.875,0.115
970500,0.010,0.848,0.142
971000,0.010,0.841,0.149
971500,0.010,0.798,0.192
972000,0.010,0.929,0.060
972500,0.010,0.918,0.072
973000,0.010,0.940,0.050
973500,0.010,0.890,0.100
974000,0.010,0.937,0.053
974500,0.010,0.919,0.071
975000,0.010,0.923,0.067
975500,0.010,0.904,0.086
976000,0.010,0.875,0.115
976500,0.010,0.938,0.052
977000,0.010,0.907,0.083
977500,0.010,0.861,0.129
978000,0.010,0.857,0.133
978500,0.010,0.832,0.158
979000,0.010,0.863,0.127
979500,0.010,0.907,0.083
980000,0.010,0.929,0.060
980500,0.010,0.891,0.099
981000,0.010,0.886,0.104
981500,0.010,0.915,0.075
982000,0.010,0.882,0.108
982500,0.010,0.872,0.118
983000,0.010,0.888,0.102
983500,0.010,0.905,0.085
984000,0.010,0.879,0.111
984500,0.010,0.952,0.038
985000,0.010,0.942,0.048
985500,0.010,0.934,0.055
986000,0.010,0.905,0.085
986500,0.010,0.912,0.078
987000,0.010,0.860,0.130
987500,0.010,0.917,0.073
988000,0.010,0.939,0.051
988500,0.010,0.961,0.029
989000,0.010,0.956,0.034
989500,0.010,0.916,0.074
990000,0.010,0.912,0.078
990500,0.010,0.955,0.035
991000,0.010,0.928,0.061
991500,0.010,0.945,0.045
992000,0.010,0.931,0.058
992500,0.010,0.951,0.039
993000,0.010,0.936,0.053
993500,0.010,0.924,0.066
994000,0.010,0.913,0.077
994500,0.010,0.955,0.035
995000,0.010,0.977,0.013
995500,0.010,0.982,0.008
996000,0.010,0.939,0.051
996500,0.010,0.946,0.044
997000,0.010,0.972,0.018
997500,0.010,0.917,0.073
998000,0.010,0.949,0.041
998500,0.010,0.964,0.026
999000,0.010,0.900,0.090
999500,0.010,0.927,0.062
1000000,0.010,0.928,0.062
