time,n_A+p,n_B,n_AB
500,0.030,0.869,0.101
1000,0.030,0.875,0.095
1500,0.030,0.882,0.088
2000,0.030,0.804,0.166
2500,0.030,0.797,0.173
3000,0.030,0.733,0.237
3500,0.030,0.711,0.259
4000,0.030,0.786,0.184
4500,0.030,0.778,0.192
5000,0.030,0.809,0.161
5500,0.030,0.817,0.153
6000,0.030,0.851,0.119
6500,0.030,0.818,0.152
7000,0.030,0.794,0.176
7500,0.030,0.753,0.217
8000,0.030,0.773,0.197
8500,0.030,0.652,0.318
9000,0.030,0.625,0.345
9500,0.030,0.686,0.284
10000,0.030,0.715,0.255
10500,0.030,0.748,0.222
11000,0.030,0.759,0.211
11500,0.030,0.752,0.218
12000,0.030,0.798,0.172
12500,0.030,0.796,0.174
13000,0.030,0.820,0.150
13500,0.030,0.753,0.217
14000,0.030,0.758,0.212
14500,0.030,0.802,0.168
15000,0.030,0.802,0.168
15500,0.030,0.738,0.232
16000,0.030,0.816,0.154
16500,0.030,0.768,0.202
17000,0.030,0.721,0.249
17500,0.030,0.805,0.165
18000,0.030,0.757,0.213
18500,0.030,0.785,0.185
19000,0.030,0.718,0.252
19500,0.030,0.776,0.194
20000,0.030,0.838,0.132
20500,0.030,0.833,0.137
21000,0.030,0.813,0.157
21500,0.030,0.770,0.200
22000,0.030,0.754,0.216
22500,0.030,0.720,0.250
23000,0.035,0.679,0.286
23500,0.031,0.749,0.220
24000,0.030,0.739,0.231
24500,0.030,0.781,0.189
25000,0.030,0.805,0.165
25500,0.030,0.749,0.221
26000,0.030,0.748,0.222
26500,0.030,0.776,0.194
27000,0.030,0.713,0.257
27500,0.030,0.753,0.217
28000,0.030,0.763,0.207
28500,0.030,0.761,0.209
29000,0.030,0.747,0.223
29500,0.030,0.688,0.282
30000,0.030,0.741,0.229
30500,0.030,0.765,0.205
31000,0.030,0.765,0.205
31500,0.030,0.794,0.176
32000,0.030,0.868,0.102
32500,0.030,0.856,0.114
33000,0.030,0.825,0.145
33500,0.030,0.828,0.142
34000,0.030,0.806,0.164
34500,0.030,0.780,0.190
35000,0.030,0.767,0.203
35500,0.030,0.676,0.294
36000,0.030,0.738,0.232
36500,0.030,0.776,0.194
37000,0.030,0.756,0.214
37500,0.030,0.714,0.256
38000,0.030,0.728,0.242
38500,0.030,0.768,0.202
39000,0.030,0.773,0.197
39500,0.030,0.763,0.207
40000,0.030,0.795,0.175
40500,0.030,0.761,0.209
41000,0.030,0.719,0.251
41500,0.030,0.744,0.226
42000,0.030,0.755,0.215
42500,0.030,0.746,0.224
43000,0.030,0.777,0.193
43500,0.030,0.783,0.187
44000,0.030,0.833,0.137
44500,0.030,0.809,0.161
45000,0.030,0.712,0.258
45500,0.030,0.766,0.204
46000,0.030,0.708,0.262
46500,0.030,0.719,0.251
47000,0.030,0.728,0.242
47500,0.030,0.696,0.274
48000,0.030,0.782,0.188
48500,0.030,0.776,0.194
49000,0.030,0.820,0.150
49500,0.030,0.864,0.106
50000,0.030,0.841,0.129
50500,0.030,0.842,0.128
51000,0.030,0.805,0.165
51500,0.030,0.814,0.156
52000,0.030,0.746,0.224
52500,0.030,0.708,0.262
53000,0.030,0.673,0.297
53500,0.030,0.648,0.322
54000,0.030,0.733,0.237
54500,0.030,0.752,0.218
55000,0.030,0.686,0.284
55500,0.030,0.750,0.220
56000,0.030,0.747,0.223
56500,0.030,0.782,0.188
57000,0.030,0.764,0.206
57500,0.030,0.717,0.253
58000,0.030,0.684,0.286
58500,0.030,0.704,0.266
59000,0.030,0.771,0.199
59500,0.030,0.740,0.230
60000,0.030,0.729,0.241
60500,0.030,0.726,0.244
61000,0.030,0.701,0.269
61500,0.030,0.726,0.244
62000,0.030,0.734,0.236
62500,0.030,0.790,0.180
63000,0.030,0.820,0.150
63500,0.030,0.838,0.132
64000,0.030,0.804,0.166
64500,0.030,0.812,0.158
65000,0.030,0.784,0.186
65500,0.030,0.772,0.198
66000,0.030,0.738,0.232
66500,0.030,0.726,0.244
67000,0.030,0.733,0.237
67500,0.030,0.693,0.277
68000,0.030,0.772,0.198
68500,0.030,0.776,0.194
69000,0.030,0.751,0.219
69500,0.030,0.789,0.181
70000,0.030,0.819,0.151
70500,0.030,0.830,0.140
71000,0.030,0.705,0.265
71500,0.030,0.667,0.303
72000,0.030,0.770,0.200
72500,0.030,0.761,0.209
73000,0.030,0.760,0.210
73500,0.030,0.762,0.208
74000,0.030,0.808,0.162
74500,0.030,0.786,0.184
75000,0.030,0.796,0.174
75500,0.030,0.761,0.209
76000,0.030,0.778,0.192
76500,0.030,0.815,0.155
77000,0.030,0.825,0.145
77500,0.030,0.822,0.148
78000,0.030,0.723,0.247
78500,0.030,0.746,0.224
79000,0.030,0.766,0.204
79500,0.030,0.804,0.166
80000,0.030,0.791,0.179
80500,0.030,0.768,0.202
81000,0.030,0.696,0.274
81500,0.030,0.730,0.240
82000,0.030,0.719,0.251
82500,0.030,0.740,0.230
83000,0.030,0.727,0.243
83500,0.030,0.749,0.221
84000,0.030,0.689,0.281
84500,0.030,0.805,0.165
85000,0.030,0.814,0.156
85500,0.030,0.731,0.239
86000,0.030,0.820,0.150
86500,0.030,0.825,0.145
87000,0.030,0.807,0.163
87500,0.030,0.817,0.153
88000,0.030,0.794,0.176
88500,0.030,0.796,0.174
89000,0.030,0.816,0.154
89500,0.030,0.692,0.278
90000,0.030,0.655,0.315
90500,0.030,0.701,0.269
91000,0.030,0.710,0.260
91500,0.030,0.732,0.238
92000,0.030,0.750,0.220
92500,0.030,0.715,0.255
93000,0.030,0.801,0.169
93500,0.030,0.801,0.169
94000,0.030,0.783,0.187
94500,0.030,0.746,0.224
95000,0.030,0.842,0.128
95500,0.030,0.763,0.207
96000,0.030,0.780,0.190
96500,0.030,0.778,0.192
97000,0.030,0.798,0.172
97500,0.030,0.783,0.187
98000,0.030,0.782,0.188
98500,0.030,0.766,0.204
99000,0.030,0.752,0.218
99500,0.030,0.736,0.234
100000,0.030,0.767,0.203
100500,0.030,0.753,0.217
101000,0.030,0.782,0.188
101500,0.030,0.773,0.197
102000,0.030,0.812,0.158
102500,0.030,0.802,0.168
103000,0.030,0.798,0.172
103500,0.030,0.752,0.218
104000,0.030,0.798,0.172
104500,0.030,0.700,0.270
105000,0.030,0.685,0.285
105500,0.030,0.771,0.199
106000,0.030,0.843,0.127
106500,0.030,0.801,0.169
107000,0.030,0.798,0.172
107500,0.030,0.803,0.167
108000,0.030,0.761,0.209
108500,0.030,0.748,0.222
109000,0.030,0.752,0.218
109500,0.030,0.768,0.202
110000,0.030,0.735,0.235
110500,0.030,0.761,0.209
111000,0.030,0.800,0.170
111500,0.030,0.802,0.168
112000,0.030,0.833,0.137
112500,0.030,0.771,0.199
113000,0.030,0.830,0.140
113500,0.030,0.815,0.155
114000,0.030,0.810,0.160
114500,0.030,0.821,0.149
115000,0.030,0.796,0.174
115500,0.030,0.733,0.237
116000,0.030,0.752,0.218
116500,0.030,0.711,0.259
117000,0.030,0.745,0.225
117500,0.030,0.811,0.159
118000,0.030,0.849,0.121
118500,0.030,0.791,0.179
119000,0.030,0.771,0.199
119500,0.030,0.758,0.212
120000,0.030,0.778,0.192
120500,0.030,0.690,0.280
121000,0.030,0.715,0.255
121500,0.030,0.762,0.208
122000,0.030,0.824,0.146
122500,0.030,0.824,0.146
123000,0.030,0.811,0.159
123500,0.030,0.805,0.165
124000,0.030,0.794,0.176
124500,0.030,0.743,0.227
125000,0.030,0.818,0.152
125500,0.030,0.823,0.147
126000,0.030,0.711,0.259
126500,0.030,0.746,0.224
127000,0.030,0.720,0.250
127500,0.030,0.761,0.209
128000,0.030,0.742,0.228
128500,0.030,0.681,0.289
129000,0.030,0.713,0.257
129500,0.030,0.703,0.267
130000,0.030,0.747,0.223
130500,0.030,0.818,0.152
131000,0.030,0.804,0.166
131500,0.030,0.740,0.230
132000,0.030,0.754,0.216
132500,0.030,0.774,0.196
133000,0.030,0.790,0.180
133500,0.030,0.837,0.133
134000,0.030,0.788,0.182
134500,0.030,0.789,0.181
135000,0.030,0.757,0.213
135500,0.030,0.724,0.246
136000,0.030,0.743,0.227
136500,0.030,0.777,0.193
137000,0.030,0.760,0.210
137500,0.030,0.751,0.219
138000,0.030,0.850,0.120
138500,0.030,0.856,0.114
139000,0.030,0.803,0.167
139500,0.030,0.817,0.153
140000,0.030,0.814,0.156
140500,0.030,0.792,0.178
141000,0.030,0.784,0.186
141500,0.030,0.818,0.152
142000,0.030,0.718,0.252
142500,0.030,0.717,0.253
143000,0.030,0.850,0.120
143500,0.030,0.840,0.130
144000,0.030,0.810,0.160
144500,0.030,0.785,0.185
145000,0.030,0.756,0.214
145500,0.030,0.774,0.196
146000,0.030,0.751,0.219
146500,0.030,0.770,0.200
147000,0.030,0.824,0.146
147500,0.030,0.817,0.153
148000,0.030,0.752,0.218
148500,0.030,0.776,0.194
149000,0.030,0.772,0.198
149500,0.030,0.780,0.190
150000,0.030,0.764,0.206
150500,0.030,0.768,0.202
151000,0.030,0.770,0.200
151500,0.030,0.751,0.219
152000,0.030,0.798,0.172
152500,0.030,0.724,0.246
153000,0.030,0.622,0.348
153500,0.030,0.589,0.381
154000,0.030,0.697,0.273
154500,0.030,0.708,0.262
155000,0.030,0.689,0.281
155500,0.030,0.714,0.256
156000,0.030,0.724,0.246
156500,0.030,0.739,0.231
157000,0.030,0.744,0.226
157500,0.030,0.800,0.170
158000,0.030,0.824,0.146
158500,0.030,0.820,0.150
159000,0.030,0.788,0.182
159500,0.030,0.770,0.200
160000,0.030,0.786,0.184
160500,0.030,0.826,0.144
161000,0.030,0.787,0.183
161500,0.030,0.712,0.258
162000,0.030,0.734,0.236
162500,0.030,0.789,0.181
163000,0.030,0.739,0.231
163500,0.030,0.815,0.155
164000,0.030,0.813,0.157
164500,0.030,0.793,0.177
165000,0.030,0.817,0.153
165500,0.030,0.812,0.158
166000,0.030,0.813,0.157
166500,0.030,0.801,0.169
167000,0.030,0.815,0.155
167500,0.030,0.809,0.161
168000,0.030,0.725,0.245
168500,0.030,0.768,0.202
169000,0.030,0.791,0.179
169500,0.030,0.718,0.252
170000,0.030,0.777,0.193
170500,0.030,0.771,0.199
171000,0.030,0.798,0.172
171500,0.030,0.759,0.211
172000,0.035,0.719,0.246
172500,0.030,0.707,0.263
173000,0.030,0.748,0.222
173500,0.030,0.741,0.229
174000,0.030,0.731,0.239
174500,0.030,0.692,0.278
175000,0.030,0.752,0.218
175500,0.030,0.723,0.247
176000,0.030,0.705,0.265
176500,0.030,0.725,0.245
177000,0.030,0.721,0.249
177500,0.030,0.746,0.224
178000,0.030,0.757,0.213
178500,0.030,0.711,0.259
179000,0.030,0.706,0.264
179500,0.030,0.718,0.252
180000,0.030,0.769,0.201
180500,0.030,0.777,0.193
181000,0.030,0.780,0.190
181500,0.030,0.824,0.146
182000,0.030,0.806,0.164
182500,0.030,0.737,0.233
183000,0.030,0.793,0.177
183500,0.030,0.830,0.140
184000,0.030,0.802,0.168
184500,0.030,0.777,0.193
185000,0.030,0.781,0.189
185500,0.030,0.728,0.242
186000,0.030,0.762,0.208
186500,0.030,0.768,0.202
187000,0.030,0.790,0.180
187500,0.030,0.753,0.217
188000,0.030,0.749,0.221
188500,0.030,0.736,0.234
189000,0.030,0.741,0.229
189500,0.030,0.785,0.185
190000,0.030,0.806,0.164
190500,0.030,0.797,0.173
191000,0.030,0.752,0.218
191500,0.030,0.744,0.226
192000,0.030,0.780,0.190
192500,0.030,0.831,0.139
193000,0.030,0.839,0.131
193500,0.030,0.855,0.115
194000,0.030,0.741,0.229
194500,0.030,0.761,0.209
195000,0.030,0.728,0.242
195500,0.031,0.743,0.226
196000,0.030,0.748,0.222
196500,0.030,0.771,0.199
197000,0.030,0.744,0.226
197500,0.030,0.814,0.156
198000,0.030,0.782,0.188
198500,0.030,0.794,0.176
199000,0.034,0.730,0.236
199500,0.030,0.717,0.253
200000,0.030,0.764,0.206
200500,0.030,0.745,0.225
201000,0.030,0.733,0.237
201500,0.030,0.731,0.239
202000,0.030,0.800,0.170
202500,0.030,0.742,0.228
203000,0.030,0.715,0.255
203500,0.030,0.800,0.170
204000,0.030,0.824,0.146
204500,0.030,0.748,0.222
205000,0.030,0.757,0.213
205500,0.030,0.725,0.245
206000,0.030,0.771,0.199
206500,0.030,0.676,0.294
207000,0.030,0.764,0.206
207500,0.030,0.713,0.257
208000,0.030,0.787,0.183
208500,0.030,0.756,0.214
209000,0.030,0.810,0.160
209500,0.030,0.802,0.168
210000,0.030,0.855,0.115
210500,0.030,0.840,0.130
211000,0.030,0.809,0.161
211500,0.030,0.747,0.223
212000,0.030,0.751,0.219
212500,0.030,0.789,0.181
213000,0.030,0.790,0.180
213500,0.030,0.779,0.191
214000,0.030,0.769,0.201
214500,0.030,0.814,0.156
215000,0.030,0.790,0.180
215500,0.030,0.748,0.222
216000,0.030,0.719,0.251
216500,0.030,0.711,0.259
217000,0.030,0.756,0.214
217500,0.030,0.777,0.193
218000,0.030,0.785,0.185
218500,0.030,0.781,0.189
219000,0.030,0.794,0.176
219500,0.030,0.779,0.191
220000,0.030,0.777,0.193
220500,0.030,0.711,0.259
221000,0.030,0.685,0.285
221500,0.030,0.707,0.263
222000,0.030,0.768,0.202
222500,0.030,0.743,0.227
223000,0.030,0.732,0.238
223500,0.030,0.746,0.224
224000,0.030,0.710,0.260
224500,0.030,0.698,0.272
225000,0.030,0.642,0.328
225500,0.030,0.732,0.238
226000,0.030,0.821,0.149
226500,0.030,0.796,0.174
227000,0.030,0.802,0.168
227500,0.030,0.776,0.194
228000,0.030,0.776,0.194
228500,0.030,0.750,0.220
229000,0.030,0.738,0.232
229500,0.030,0.710,0.260
230000,0.030,0.721,0.249
230500,0.030,0.775,0.195
231000,0.030,0.813,0.157
231500,0.030,0.799,0.171
232000,0.030,0.731,0.239
232500,0.030,0.693,0.277
233000,0.030,0.739,0.231
233500,0.030,0.748,0.222
234000,0.030,0.744,0.226
234500,0.030,0.748,0.222
235000,0.030,0.796,0.174
235500,0.030,0.767,0.203
236000,0.030,0.759,0.211
236500,0.030,0.769,0.201
237000,0.030,0.776,0.194
237500,0.030,0.762,0.208
238000,0.030,0.804,0.166
238500,0.030,0.782,0.188
239000,0.031,0.747,0.222
239500,0.030,0.756,0.214
240000,0.030,0.750,0.220
240500,0.030,0.738,0.232
241000,0.030,0.758,0.212
241500,0.030,0.764,0.206
242000,0.030,0.782,0.188
242500,0.030,0.787,0.183
243000,0.030,0.779,0.191
243500,0.030,0.810,0.160
244000,0.030,0.747,0.223
244500,0.030,0.756,0.214
245000,0.030,0.734,0.236
245500,0.030,0.693,0.277
246000,0.030,0.671,0.299
246500,0.030,0.731,0.239
247000,0.030,0.777,0.193
247500,0.030,0.807,0.163
248000,0.030,0.782,0.188
248500,0.030,0.798,0.172
249000,0.030,0.763,0.207
249500,0.030,0.769,0.201
250000,0.030,0.790,0.180
250500,0.030,0.766,0.204
251000,0.030,0.773,0.197
251500,0.030,0.825,0.145
252000,0.030,0.780,0.190
252500,0.030,0.750,0.220
253000,0.030,0.734,0.236
253500,0.030,0.691,0.279
254000,0.030,0.715,0.255
254500,0.030,0.729,0.241
255000,0.030,0.723,0.247
255500,0.030,0.756,0.214
256000,0.030,0.766,0.204
256500,0.030,0.791,0.179
257000,0.030,0.810,0.160
257500,0.030,0.738,0.232
258000,0.030,0.787,0.183
258500,0.030,0.770,0.200
259000,0.030,0.789,0.181
259500,0.030,0.755,0.215
260000,0.030,0.781,0.189
260500,0.030,0.792,0.178
261000,0.030,0.744,0.226
261500,0.030,0.741,0.229
262000,0.030,0.729,0.241
262500,0.030,0.764,0.206
263000,0.030,0.725,0.245
263500,0.030,0.714,0.256
264000,0.030,0.735,0.235
264500,0.030,0.725,0.245
265000,0.030,0.748,0.222
265500,0.030,0.698,0.272
266000,0.030,0.684,0.286
266500,0.030,0.774,0.196
267000,0.030,0.782,0.188
267500,0.030,0.807,0.163
268000,0.030,0.805,0.165
268500,0.030,0.757,0.213
269000,0.030,0.752,0.218
269500,0.030,0.731,0.239
270000,0.030,0.753,0.217
270500,0.030,0.779,0.191
271000,0.030,0.759,0.211
271500,0.030,0.750,0.220
272000,0.030,0.756,0.214
272500,0.030,0.729,0.241
273000,0.030,0.750,0.220
273500,0.030,0.715,0.255
274000,0.030,0.721,0.249
274500,0.030,0.795,0.175
275000,0.030,0.791,0.179
275500,0.030,0.746,0.224
276000,0.030,0.696,0.274
276500,0.030,0.680,0.290
277000,0.030,0.726,0.244
277500,0.030,0.758,0.212
278000,0.030,0.734,0.236
278500,0.030,0.757,0.213
279000,0.030,0.767,0.203
279500,0.030,0.733,0.237
280000,0.030,0.777,0.193
280500,0.030,0.730,0.240
281000,0.032,0.713,0.255
281500,0.030,0.671,0.299
282000,0.030,0.781,0.189
282500,0.030,0.782,0.188
283000,0.030,0.814,0.156
283500,0.030,0.811,0.159
284000,0.030,0.758,0.212
284500,0.030,0.788,0.182
285000,0.030,0.787,0.183
285500,0.030,0.754,0.216
286000,0.030,0.734,0.236
286500,0.030,0.733,0.237
287000,0.030,0.776,0.194
287500,0.030,0.795,0.175
288000,0.030,0.675,0.295
288500,0.030,0.701,0.269
289000,0.030,0.670,0.300
289500,0.030,0.636,0.334
290000,0.030,0.755,0.215
290500,0.030,0.719,0.251
291000,0.030,0.701,0.269
291500,0.030,0.775,0.195
292000,0.030,0.823,0.147
292500,0.030,0.808,0.162
293000,0.030,0.745,0.225
293500,0.030,0.747,0.223
294000,0.030,0.765,0.205
294500,0.030,0.757,0.213
295000,0.030,0.724,0.246
295500,0.030,0.775,0.195
296000,0.030,0.768,0.202
296500,0.030,0.760,0.210
297000,0.030,0.845,0.125
297500,0.030,0.793,0.177
298000,0.030,0.808,0.162
298500,0.030,0.821,0.149
299000,0.030,0.825,0.145
299500,0.030,0.830,0.140
300000,0.030,0.752,0.218
300500,0.030,0.758,0.212
301000,0.030,0.695,0.275
301500,0.030,0.685,0.285
302000,0.030,0.681,0.289
302500,0.030,0.689,0.281
303000,0.030,0.713,0.257
303500,0.030,0.698,0.272
304000,0.030,0.753,0.217
304500,0.030,0.777,0.193
305000,0.030,0.752,0.218
305500,0.030,0.788,0.182
306000,0.030,0.757,0.213
306500,0.030,0.800,0.170
307000,0.030,0.795,0.175
307500,0.030,0.790,0.180
308000,0.030,0.783,0.187
308500,0.030,0.769,0.201
309000,0.030,0.727,0.243
309500,0.030,0.725,0.245
310000,0.030,0.709,0.261
310500,0.030,0.722,0.248
311000,0.030,0.720,0.250
311500,0.030,0.780,0.190
312000,0.030,0.832,0.138
312500,0.030,0.810,0.160
313000,0.030,0.824,0.146
313500,0.030,0.738,0.232
314000,0.030,0.757,0.213
314500,0.030,0.653,0.317
315000,0.030,0.644,0.326
315500,0.031,0.683,0.286
316000,0.030,0.727,0.243
316500,0.030,0.777,0.193
317000,0.030,0.782,0.188
317500,0.030,0.799,0.171
318000,0.030,0.815,0.155
318500,0.030,0.822,0.148
319000,0.030,0.829,0.141
319500,0.030,0.835,0.135
320000,0.030,0.774,0.196
320500,0.030,0.682,0.288
321000,0.035,0.664,0.301
321500,0.031,0.674,0.295
322000,0.030,0.706,0.264
322500,0.030,0.717,0.253
323000,0.030,0.742,0.228
323500,0.030,0.791,0.179
324000,0.030,0.793,0.177
324500,0.030,0.793,0.177
325000,0.030,0.822,0.148
325500,0.030,0.771,0.199
326000,0.030,0.737,0.233
326500,0.030,0.697,0.273
327000,0.030,0.717,0.253
327500,0.030,0.682,0.288
328000,0.030,0.638,0.332
328500,0.030,0.688,0.282
329000,0.030,0.751,0.219
329500,0.030,0.800,0.170
330000,0.030,0.749,0.221
330500,0.030,0.782,0.188
331000,0.030,0.783,0.187
331500,0.030,0.780,0.190
332000,0.030,0.740,0.230
332500,0.030,0.745,0.225
333000,0.030,0.783,0.187
333500,0.030,0.797,0.173
334000,0.030,0.830,0.140
334500,0.030,0.821,0.149
335000,0.030,0.792,0.178
335500,0.030,0.774,0.196
336000,0.030,0.729,0.241
336500,0.030,0.774,0.196
337000,0.030,0.746,0.224
337500,0.030,0.765,0.205
338000,0.030,0.812,0.158
338500,0.030,0.758,0.212
339000,0.030,0.731,0.239
339500,0.030,0.766,0.204
340000,0.030,0.781,0.189
340500,0.030,0.770,0.200
341000,0.030,0.777,0.193
341500,0.030,0.731,0.239
342000,0.030,0.739,0.231
342500,0.030,0.740,0.230
343000,0.030,0.714,0.256
343500,0.030,0.695,0.275
344000,0.030,0.763,0.207
344500,0.030,0.780,0.190
345000,0.030,0.820,0.150
345500,0.033,0.757,0.210
346000,0.030,0.800,0.170
346500,0.030,0.799,0.171
347000,0.030,0.807,0.163
347500,0.030,0.827,0.143
348000,0.030,0.817,0.153
348500,0.030,0.718,0.252
349000,0.030,0.655,0.315
349500,0.030,0.739,0.231
350000,0.030,0.735,0.235
350500,0.030,0.757,0.213
351000,0.030,0.734,0.236
351500,0.030,0.755,0.215
352000,0.030,0.743,0.227
352500,0.030,0.734,0.236
353000,0.030,0.704,0.266
353500,0.030,0.689,0.281
354000,0.030,0.743,0.227
354500,0.030,0.728,0.242
355000,0.030,0.691,0.279
355500,0.030,0.698,0.272
356000,0.030,0.712,0.258
356500,0.030,0.738,0.232
357000,0.030,0.658,0.312
357500,0.030,0.761,0.209
358000,0.030,0.720,0.250
358500,0.030,0.735,0.235
359000,0.030,0.747,0.223
359500,0.030,0.758,0.212
360000,0.030,0.721,0.249
360500,0.030,0.705,0.265
361000,0.030,0.732,0.238
361500,0.030,0.772,0.198
362000,0.030,0.788,0.182
362500,0.030,0.789,0.181
363000,0.030,0.816,0.154
363500,0.030,0.863,0.107
364000,0.030,0.806,0.164
364500,0.030,0.727,0.243
365000,0.030,0.703,0.267
365500,0.030,0.747,0.223
366000,0.030,0.720,0.250
366500,0.030,0.778,0.192
367000,0.030,0.832,0.138
367500,0.030,0.785,0.185
368000,0.033,0.793,0.174
368500,0.031,0.751,0.218
369000,0.030,0.745,0.225
369500,0.030,0.767,0.203
370000,0.030,0.745,0.225
370500,0.030,0.759,0.211
371000,0.030,0.730,0.240
371500,0.030,0.761,0.209
372000,0.030,0.833,0.137
372500,0.030,0.791,0.179
373000,0.030,0.800,0.170
373500,0.030,0.751,0.219
374000,0.030,0.762,0.208
374500,0.030,0.775,0.195
375000,0.030,0.767,0.203
375500,0.030,0.791,0.179
376000,0.030,0.729,0.241
376500,0.030,0.808,0.162
377000,0.030,0.784,0.186
377500,0.030,0.811,0.159
378000,0.030,0.855,0.115
378500,0.030,0.840,0.130
379000,0.030,0.844,0.126
379500,0.030,0.802,0.168
380000,0.030,0.729,0.241
380500,0.030,0.747,0.223
381000,0.030,0.791,0.179
381500,0.030,0.749,0.221
382000,0.030,0.791,0.179
382500,0.030,0.792,0.178
383000,0.030,0.739,0.231
383500,0.030,0.729,0.241
384000,0.030,0.747,0.223
384500,0.030,0.659,0.311
385000,0.030,0.690,0.280
385500,0.030,0.748,0.222
386000,0.030,0.710,0.260
386500,0.030,0.752,0.218
387000,0.030,0.792,0.178
387500,0.030,0.799,0.171
388000,0.030,0.810,0.160
388500,0.030,0.780,0.190
389000,0.030,0.722,0.248
389500,0.030,0.748,0.222
390000,0.030,0.743,0.227
390500,0.032,0.723,0.245
391000,0.030,0.760,0.210
391500,0.030,0.754,0.216
392000,0.030,0.731,0.239
392500,0.030,0.780,0.190
393000,0.030,0.737,0.233
393500,0.030,0.767,0.203
394000,0.030,0.685,0.285
394500,0.030,0.661,0.309
395000,0.030,0.723,0.247
395500,0.030,0.764,0.206
396000,0.030,0.760,0.210
396500,0.030,0.759,0.211
397000,0.030,0.776,0.194
397500,0.030,0.820,0.150
398000,0.030,0.739,0.231
398500,0.030,0.752,0.218
399000,0.030,0.796,0.174
399500,0.030,0.782,0.188
400000,0.030,0.820,0.150
400500,0.030,0.722,0.248
401000,0.030,0.818,0.152
401500,0.030,0.771,0.199
402000,0.030,0.808,0.162
402500,0.030,0.861,0.109
403000,0.030,0.826,0.144
403500,0.030,0.810,0.160
404000,0.030,0.774,0.196
404500,0.030,0.805,0.165
405000,0.030,0.816,0.154
405500,0.030,0.810,0.160
406000,0.030,0.748,0.222
406500,0.030,0.811,0.159
407000,0.030,0.796,0.174
407500,0.030,0.749,0.221
408000,0.030,0.772,0.198
408500,0.030,0.766,0.204
409000,0.030,0.744,0.226
409500,0.030,0.759,0.211
410000,0.030,0.716,0.254
410500,0.030,0.707,0.263
411000,0.030,0.811,0.159
411500,0.030,0.744,0.226
412000,0.030,0.826,0.144
412500,0.030,0.764,0.206
413000,0.030,0.731,0.239
413500,0.030,0.768,0.202
414000,0.030,0.764,0.206
414500,0.030,0.768,0.202
415000,0.030,0.729,0.241
415500,0.030,0.788,0.182
416000,0.030,0.732,0.238
416500,0.030,0.718,0.252
417000,0.030,0.733,0.237
417500,0.030,0.699,0.271
418000,0.030,0.752,0.218
418500,0.030,0.746,0.224
419000,0.030,0.732,0.238
419500,0.030,0.741,0.229
420000,0.030,0.692,0.278
420500,0.030,0.706,0.264
421000,0.030,0.701,0.269
421500,0.030,0.740,0.230
422000,0.030,0.724,0.246
422500,0.030,0.740,0.230
423000,0.030,0.787,0.183
423500,0.030,0.763,0.207
424000,0.030,0.665,0.305
424500,0.030,0.683,0.287
425000,0.030,0.735,0.235
425500,0.030,0.750,0.220
426000,0.030,0.831,0.139
426500,0.030,0.841,0.129
427000,0.030,0.779,0.191
427500,0.030,0.763,0.207
428000,0.030,0.685,0.285
428500,0.030,0.723,0.247
429000,0.030,0.753,0.217
429500,0.030,0.778,0.192
430000,0.030,0.776,0.194
430500,0.030,0.798,0.172
431000,0.030,0.803,0.167
431500,0.030,0.745,0.225
432000,0.030,0.740,0.230
432500,0.030,0.740,0.230
433000,0.030,0.672,0.298
433500,0.030,0.735,0.235
434000,0.030,0.764,0.206
434500,0.030,0.741,0.229
435000,0.030,0.783,0.187
435500,0.030,0.833,0.137
436000,0.030,0.812,0.158
436500,0.030,0.746,0.224
437000,0.030,0.726,0.244
437500,0.030,0.762,0.208
438000,0.030,0.709,0.261
438500,0.030,0.770,0.200
439000,0.030,0.758,0.212
439500,0.030,0.716,0.254
440000,0.030,0.758,0.212
440500,0.030,0.844,0.126
441000,0.030,0.804,0.166
441500,0.030,0.719,0.251
442000,0.030,0.691,0.279
442500,0.030,0.680,0.290
443000,0.030,0.756,0.214
443500,0.030,0.730,0.240
444000,0.030,0.735,0.235
444500,0.030,0.738,0.232
445000,0.030,0.696,0.274
445500,0.030,0.683,0.287
446000,0.030,0.704,0.266
446500,0.030,0.668,0.302
447000,0.030,0.738,0.232
447500,0.030,0.774,0.196
448000,0.030,0.805,0.165
448500,0.030,0.828,0.142
449000,0.030,0.764,0.206
449500,0.030,0.782,0.188
450000,0.030,0.728,0.242
450500,0.030,0.738,0.232
451000,0.030,0.764,0.206
451500,0.030,0.799,0.171
452000,0.030,0.816,0.154
452500,0.030,0.797,0.173
453000,0.030,0.756,0.214
453500,0.030,0.778,0.192
454000,0.030,0.731,0.239
454500,0.030,0.791,0.179
455000,0.030,0.848,0.122
455500,0.030,0.807,0.163
456000,0.030,0.791,0.179
456500,0.030,0.737,0.233
457000,0.030,0.720,0.250
457500,0.030,0.729,0.241
458000,0.030,0.699,0.271
458500,0.030,0.703,0.267
459000,0.030,0.769,0.201
459500,0.030,0.769,0.201
460000,0.030,0.754,0.216
460500,0.030,0.713,0.257
461000,0.030,0.757,0.213
461500,0.030,0.806,0.164
462000,0.030,0.767,0.203
462500,0.030,0.769,0.201
463000,0.030,0.817,0.153
463500,0.030,0.747,0.223
464000,0.030,0.734,0.236
464500,0.030,0.716,0.254
465000,0.033,0.706,0.261
465500,0.030,0.808,0.162
466000,0.030,0.761,0.209
466500,0.030,0.776,0.194
467000,0.030,0.733,0.237
467500,0.030,0.794,0.176
468000,0.030,0.833,0.137
468500,0.030,0.810,0.160
469000,0.030,0.774,0.196
469500,0.030,0.727,0.243
470000,0.030,0.698,0.272
470500,0.030,0.728,0.242
471000,0.030,0.759,0.211
471500,0.030,0.716,0.254
472000,0.030,0.734,0.236
472500,0.030,0.719,0.251
473000,0.030,0.697,0.273
473500,0.030,0.714,0.256
474000,0.030,0.721,0.249
474500,0.030,0.768,0.202
475000,0.030,0.656,0.314
475500,0.030,0.723,0.247
476000,0.030,0.736,0.234
476500,0.030,0.740,0.230
477000,0.030,0.715,0.255
477500,0.030,0.673,0.297
478000,0.030,0.766,0.204
478500,0.030,0.715,0.255
479000,0.035,0.669,0.296
479500,0.031,0.722,0.247
480000,0.030,0.817,0.153
480500,0.030,0.791,0.179
481000,0.030,0.803,0.167
481500,0.030,0.797,0.173
482000,0.030,0.786,0.184
482500,0.030,0.787,0.183
483000,0.030,0.748,0.222
483500,0.030,0.747,0.223
484000,0.030,0.745,0.225
484500,0.030,0.762,0.208
485000,0.030,0.806,0.164
485500,0.030,0.781,0.189
486000,0.030,0.771,0.199
486500,0.030,0.784,0.186
487000,0.030,0.743,0.227
487500,0.030,0.750,0.220
488000,0.030,0.695,0.275
488500,0.030,0.712,0.258
489000,0.030,0.699,0.271
489500,0.030,0.716,0.254
490000,0.030,0.709,0.261
490500,0.030,0.713,0.257
491000,0.030,0.736,0.234
491500,0.030,0.785,0.185
492000,0.030,0.744,0.226
492500,0.030,0.778,0.192
493000,0.030,0.816,0.154
493500,0.030,0.760,0.210
494000,0.030,0.762,0.208
494500,0.030,0.835,0.135
495000,0.030,0.816,0.154
495500,0.030,0.772,0.198
496000,0.030,0.788,0.182
496500,0.030,0.764,0.206
497000,0.030,0.759,0.211
497500,0.030,0.806,0.164
498000,0.030,0.771,0.199
498500,0.030,0.751,0.219
499000,0.030,0.751,0.219
499500,0.030,0.639,0.331
500000,0.030,0.735,0.235
500500,0.030,0.810,0.160
501000,0.030,0.716,0.254
501500,0.030,0.803,0.167
502000,0.030,0.747,0.223
502500,0.030,0.794,0.176
503000,0.030,0.792,0.178
503500,0.030,0.787,0.183
504000,0.030,0.763,0.207
504500,0.030,0.761,0.209
505000,0.030,0.796,0.174
505500,0.030,0.766,0.204
506000,0.030,0.807,0.163
506500,0.030,0.782,0.188
507000,0.030,0.779,0.191
507500,0.030,0.801,0.169
508000,0.030,0.812,0.158
508500,0.030,0.801,0.169
509000,0.030,0.737,0.233
509500,0.030,0.773,0.197
510000,0.030,0.741,0.229
510500,0.030,0.701,0.269
511000,0.030,0.727,0.243
511500,0.030,0.756,0.214
512000,0.030,0.728,0.242
512500,0.030,0.774,0.196
513000,0.030,0.732,0.238
513500,0.030,0.711,0.259
514000,0.030,0.681,0.289
514500,0.030,0.709,0.261
515000,0.030,0.713,0.257
515500,0.030,0.722,0.248
516000,0.030,0.777,0.193
516500,0.030,0.768,0.202
517000,0.030,0.730,0.240
517500,0.030,0.757,0.213
518000,0.030,0.740,0.230
518500,0.030,0.775,0.195
519000,0.030,0.765,0.205
519500,0.030,0.795,0.175
520000,0.030,0.807,0.163
520500,0.030,0.776,0.194
521000,0.030,0.793,0.177
521500,0.030,0.792,0.178
522000,0.030,0.735,0.235
522500,0.033,0.728,0.239
523000,0.030,0.694,0.276
523500,0.030,0.768,0.202
524000,0.030,0.695,0.275
524500,0.030,0.757,0.213
525000,0.030,0.751,0.219
525500,0.030,0.777,0.193
526000,0.030,0.729,0.241
526500,0.030,0.747,0.223
527000,0.030,0.797,0.173
527500,0.030,0.748,0.222
528000,0.030,0.675,0.295
528500,0.030,0.673,0.297
529000,0.030,0.617,0.353
529500,0.031,0.755,0.214
530000,0.030,0.835,0.135
530500,0.030,0.781,0.189
531000,0.030,0.791,0.179
531500,0.030,0.786,0.184
532000,0.030,0.793,0.177
532500,0.030,0.812,0.158
533000,0.030,0.832,0.138
533500,0.030,0.818,0.152
534000,0.030,0.817,0.153
534500,0.030,0.813,0.157
535000,0.030,0.782,0.188
535500,0.030,0.771,0.199
536000,0.030,0.772,0.198
536500,0.030,0.794,0.176
537000,0.030,0.772,0.198
537500,0.030,0.786,0.184
538000,0.030,0.804,0.166
538500,0.030,0.731,0.239
539000,0.030,0.711,0.259
539500,0.030,0.769,0.201
540000,0.030,0.757,0.213
540500,0.030,0.748,0.222
541000,0.030,0.777,0.193
541500,0.030,0.748,0.222
542000,0.030,0.796,0.174
542500,0.030,0.844,0.126
543000,0.030,0.842,0.128
543500,0.030,0.845,0.125
544000,0.030,0.780,0.190
544500,0.030,0.801,0.169
545000,0.030,0.771,0.199
545500,0.030,0.786,0.184
546000,0.030,0.799,0.171
546500,0.030,0.746,0.224
547000,0.030,0.754,0.216
547500,0.030,0.773,0.197
548000,0.030,0.754,0.216
548500,0.030,0.720,0.250
549000,0.030,0.754,0.216
549500,0.030,0.722,0.248
550000,0.030,0.716,0.254
550500,0.030,0.703,0.267
551000,0.030,0.762,0.208
551500,0.030,0.846,0.124
552000,0.030,0.820,0.150
552500,0.030,0.803,0.167
553000,0.030,0.775,0.195
553500,0.030,0.779,0.191
554000,0.030,0.764,0.206
554500,0.030,0.699,0.271
555000,0.030,0.730,0.240
555500,0.030,0.775,0.195
556000,0.030,0.768,0.202
556500,0.030,0.767,0.203
557000,0.030,0.699,0.271
557500,0.030,0.714,0.256
558000,0.030,0.707,0.263
558500,0.030,0.753,0.217
559000,0.030,0.818,0.152
559500,0.030,0.760,0.210
560000,0.030,0.738,0.232
560500,0.030,0.777,0.193
561000,0.030,0.747,0.223
561500,0.030,0.705,0.265
562000,0.032,0.717,0.251
562500,0.031,0.758,0.211
563000,0.030,0.691,0.279
563500,0.030,0.670,0.300
564000,0.030,0.747,0.223
564500,0.030,0.732,0.238
565000,0.030,0.730,0.240
565500,0.030,0.764,0.206
566000,0.030,0.755,0.215
566500,0.030,0.823,0.147
567000,0.030,0.778,0.192
567500,0.030,0.788,0.182
568000,0.030,0.823,0.147
568500,0.030,0.841,0.129
569000,0.030,0.805,0.165
569500,0.030,0.843,0.127
570000,0.030,0.741,0.229
570500,0.030,0.803,0.167
571000,0.030,0.788,0.182
571500,0.030,0.752,0.218
572000,0.030,0.742,0.228
572500,0.030,0.801,0.169
573000,0.030,0.733,0.237
573500,0.030,0.702,0.268
574000,0.030,0.709,0.261
574500,0.030,0.730,0.240
575000,0.030,0.712,0.258
575500,0.030,0.773,0.197
576000,0.030,0.794,0.176
576500,0.030,0.739,0.231
577000,0.030,0.766,0.204
577500,0.030,0.728,0.242
578000,0.030,0.772,0.198
578500,0.030,0.822,0.148
579000,0.030,0.796,0.174
579500,0.030,0.837,0.133
580000,0.030,0.835,0.135
580500,0.030,0.846,0.124
581000,0.030,0.806,0.164
581500,0.030,0.784,0.186
582000,0.030,0.745,0.225
582500,0.030,0.767,0.203
583000,0.030,0.783,0.187
583500,0.030,0.819,0.151
584000,0.030,0.849,0.121
584500,0.030,0.822,0.148
585000,0.030,0.796,0.174
585500,0.030,0.834,0.136
586000,0.030,0.830,0.140
586500,0.030,0.763,0.207
587000,0.030,0.783,0.187
587500,0.030,0.750,0.220
588000,0.030,0.734,0.236
588500,0.030,0.757,0.213
589000,0.030,0.655,0.315
589500,0.030,0.765,0.205
590000,0.030,0.772,0.198
590500,0.030,0.762,0.208
591000,0.030,0.764,0.206
591500,0.030,0.740,0.230
592000,0.030,0.768,0.202
592500,0.030,0.811,0.159
593000,0.030,0.850,0.120
593500,0.030,0.849,0.121
594000,0.030,0.855,0.115
594500,0.030,0.858,0.112
595000,0.030,0.867,0.103
595500,0.030,0.801,0.169
596000,0.030,0.820,0.150
596500,0.030,0.809,0.161
597000,0.030,0.697,0.273
597500,0.030,0.719,0.251
598000,0.030,0.711,0.259
598500,0.030,0.752,0.218
599000,0.030,0.734,0.236
599500,0.030,0.756,0.214
600000,0.030,0.801,0.169
600500,0.030,0.713,0.257
601000,0.030,0.787,0.183
601500,0.030,0.824,0.146
602000,0.030,0.842,0.128
602500,0.030,0.819,0.151
603000,0.030,0.799,0.171
603500,0.030,0.816,0.154
604000,0.030,0.826,0.144
604500,0.030,0.727,0.243
605000,0.030,0.809,0.161
605500,0.030,0.788,0.182
606000,0.030,0.765,0.205
606500,0.030,0.752,0.218
607000,0.030,0.735,0.235
607500,0.030,0.790,0.180
608000,0.030,0.788,0.182
608500,0.030,0.720,0.250
609000,0.030,0.767,0.203
609500,0.036,0.749,0.215
610000,0.031,0.688,0.281
610500,0.030,0.731,0.239
611000,0.030,0.800,0.170
611500,0.030,0.776,0.194
612000,0.030,0.745,0.225
612500,0.030,0.741,0.229
613000,0.030,0.771,0.199
613500,0.030,0.759,0.211
614000,0.030,0.785,0.185
614500,0.030,0.814,0.156
615000,0.030,0.793,0.177
615500,0.030,0.824,0.146
616000,0.030,0.795,0.175
616500,0.030,0.750,0.220
617000,0.030,0.765,0.205
617500,0.030,0.822,0.148
618000,0.030,0.770,0.200
618500,0.030,0.713,0.257
619000,0.030,0.699,0.271
619500,0.030,0.699,0.271
620000,0.030,0.655,0.315
620500,0.030,0.656,0.314
621000,0.030,0.689,0.281
621500,0.030,0.769,0.201
622000,0.030,0.762,0.208
622500,0.030,0.726,0.244
623000,0.030,0.752,0.218
623500,0.030,0.785,0.185
624000,0.030,0.820,0.150
624500,0.030,0.798,0.172
625000,0.030,0.757,0.213
625500,0.030,0.771,0.199
626000,0.030,0.796,0.174
626500,0.030,0.852,0.118
627000,0.030,0.818,0.152
627500,0.030,0.820,0.150
628000,0.030,0.757,0.213
628500,0.030,0.730,0.240
629000,0.030,0.749,0.221
629500,0.030,0.729,0.241
630000,0.030,0.753,0.217
630500,0.030,0.746,0.224
631000,0.030,0.741,0.229
631500,0.030,0.707,0.263
632000,0.030,0.631,0.339
632500,0.030,0.691,0.279
633000,0.030,0.722,0.248
633500,0.030,0.705,0.265
634000,0.030,0.790,0.180
634500,0.030,0.792,0.178
635000,0.030,0.758,0.212
635500,0.030,0.661,0.309
636000,0.030,0.746,0.224
636500,0.030,0.711,0.259
637000,0.030,0.722,0.248
637500,0.030,0.718,0.252
638000,0.030,0.733,0.237
638500,0.030,0.688,0.282
639000,0.030,0.734,0.236
639500,0.030,0.748,0.222
640000,0.030,0.743,0.227
640500,0.030,0.768,0.202
641000,0.030,0.781,0.189
641500,0.030,0.727,0.243
642000,0.030,0.698,0.272
642500,0.030,0.668,0.302
643000,0.030,0.677,0.293
643500,0.030,0.763,0.207
644000,0.030,0.741,0.229
644500,0.030,0.785,0.185
645000,0.030,0.760,0.210
645500,0.030,0.765,0.205
646000,0.030,0.764,0.206
646500,0.030,0.788,0.182
647000,0.030,0.797,0.173
647500,0.030,0.771,0.199
648000,0.030,0.735,0.235
648500,0.030,0.731,0.239
649000,0.030,0.741,0.229
649500,0.030,0.712,0.258
650000,0.030,0.735,0.235
650500,0.030,0.726,0.244
651000,0.030,0.745,0.225
651500,0.030,0.769,0.201
652000,0.030,0.777,0.193
652500,0.030,0.781,0.189
653000,0.030,0.749,0.221
653500,0.030,0.780,0.190
654000,0.030,0.782,0.188
654500,0.030,0.787,0.183
655000,0.030,0.796,0.174
655500,0.030,0.776,0.194
656000,0.030,0.708,0.262
656500,0.030,0.767,0.203
657000,0.030,0.725,0.245
657500,0.030,0.755,0.215
658000,0.030,0.727,0.243
658500,0.030,0.792,0.178
659000,0.030,0.799,0.171
659500,0.030,0.758,0.212
660000,0.030,0.761,0.209
660500,0.030,0.747,0.223
661000,0.030,0.770,0.200
661500,0.030,0.811,0.159
662000,0.030,0.891,0.079
662500,0.030,0.861,0.109
663000,0.030,0.827,0.143
663500,0.030,0.813,0.157
664000,0.030,0.839,0.131
664500,0.030,0.817,0.153
665000,0.030,0.815,0.155
665500,0.030,0.796,0.174
666000,0.030,0.812,0.158
666500,0.030,0.801,0.169
667000,0.030,0.801,0.169
667500,0.030,0.862,0.108
668000,0.030,0.839,0.131
668500,0.030,0.831,0.139
669000,0.030,0.832,0.138
669500,0.030,0.825,0.145
670000,0.030,0.745,0.225
670500,0.030,0.695,0.275
671000,0.030,0.727,0.243
671500,0.030,0.756,0.214
672000,0.030,0.707,0.263
672500,0.030,0.658,0.312
673000,0.030,0.721,0.249
673500,0.030,0.761,0.209
674000,0.030,0.757,0.213
674500,0.030,0.766,0.204
675000,0.030,0.749,0.221
675500,0.030,0.765,0.205
676000,0.030,0.739,0.231
676500,0.030,0.733,0.237
677000,0.030,0.774,0.196
677500,0.030,0.759,0.211
678000,0.030,0.718,0.252
678500,0.030,0.716,0.254
679000,0.030,0.785,0.185
679500,0.030,0.808,0.162
680000,0.030,0.764,0.206
680500,0.030,0.777,0.193
681000,0.030,0.730,0.240
681500,0.030,0.712,0.258
682000,0.030,0.701,0.269
682500,0.030,0.691,0.279
683000,0.030,0.744,0.226
683500,0.030,0.730,0.240
684000,0.030,0.713,0.257
684500,0.030,0.759,0.211
685000,0.030,0.703,0.267
685500,0.030,0.740,0.230
686000,0.030,0.749,0.221
686500,0.030,0.790,0.180
687000,0.030,0.814,0.156
687500,0.030,0.832,0.138
688000,0.030,0.842,0.128
688500,0.030,0.820,0.150
689000,0.030,0.789,0.181
689500,0.030,0.813,0.157
690000,0.030,0.851,0.119
690500,0.030,0.862,0.108
691000,0.030,0.794,0.176
691500,0.030,0.811,0.159
692000,0.030,0.777,0.193
692500,0.030,0.697,0.273
693000,0.030,0.754,0.216
693500,0.030,0.806,0.164
694000,0.030,0.730,0.240
694500,0.030,0.694,0.276
695000,0.030,0.736,0.234
695500,0.030,0.732,0.238
696000,0.030,0.782,0.188
696500,0.030,0.685,0.285
697000,0.030,0.762,0.208
697500,0.030,0.742,0.228
698000,0.030,0.717,0.253
698500,0.030,0.803,0.167
699000,0.030,0.741,0.229
699500,0.030,0.757,0.213
700000,0.030,0.781,0.189
700500,0.030,0.765,0.205
701000,0.030,0.740,0.230
701500,0.030,0.787,0.183
702000,0.030,0.810,0.160
702500,0.030,0.807,0.163
703000,0.030,0.802,0.168
703500,0.030,0.845,0.125
704000,0.030,0.808,0.162
704500,0.030,0.826,0.144
705000,0.030,0.770,0.200
705500,0.030,0.827,0.143
706000,0.030,0.748,0.222
706500,0.030,0.817,0.153
707000,0.030,0.787,0.183
707500,0.030,0.803,0.167
708000,0.030,0.792,0.178
708500,0.030,0.738,0.232
709000,0.030,0.698,0.272
709500,0.030,0.704,0.266
710000,0.030,0.772,0.198
710500,0.030,0.736,0.234
711000,0.030,0.733,0.237
711500,0.030,0.724,0.246
712000,0.030,0.697,0.273
712500,0.030,0.739,0.231
713000,0.030,0.773,0.197
713500,0.030,0.814,0.156
714000,0.030,0.765,0.205
714500,0.030,0.770,0.200
715000,0.030,0.745,0.225
715500,0.030,0.718,0.252
716000,0.030,0.834,0.136
716500,0.030,0.773,0.197
717000,0.030,0.752,0.218
717500,0.030,0.785,0.185
718000,0.030,0.790,0.180
718500,0.030,0.739,0.231
719000,0.030,0.765,0.205
719500,0.030,0.721,0.249
720000,0.030,0.758,0.212
720500,0.030,0.750,0.220
721000,0.030,0.676,0.294
721500,0.030,0.706,0.264
722000,0.030,0.798,0.172
722500,0.030,0.754,0.216
723000,0.030,0.730,0.240
723500,0.030,0.674,0.296
724000,0.030,0.694,0.276
724500,0.030,0.753,0.217
725000,0.030,0.768,0.202
725500,0.030,0.723,0.247
726000,0.030,0.768,0.202
726500,0.032,0.746,0.222
727000,0.030,0.765,0.205
727500,0.030,0.777,0.193
728000,0.030,0.800,0.170
728500,0.030,0.826,0.144
729000,0.030,0.769,0.201
729500,0.030,0.706,0.264
730000,0.030,0.723,0.247
730500,0.031,0.723,0.246
731000,0.030,0.763,0.207
731500,0.030,0.758,0.212
732000,0.030,0.770,0.200
732500,0.030,0.829,0.141
733000,0.030,0.785,0.185
733500,0.030,0.788,0.182
734000,0.030,0.751,0.219
734500,0.030,0.754,0.216
735000,0.030,0.812,0.158
735500,0.030,0.777,0.193
736000,0.030,0.822,0.148
736500,0.030,0.757,0.213
737000,0.030,0.794,0.176
737500,0.030,0.745,0.225
738000,0.030,0.779,0.191
738500,0.030,0.768,0.202
739000,0.030,0.746,0.224
739500,0.030,0.760,0.210
740000,0.030,0.786,0.184
740500,0.030,0.806,0.164
741000,0.030,0.804,0.166
741500,0.030,0.696,0.274
742000,0.030,0.728,0.242
742500,0.030,0.674,0.296
743000,0.030,0.738,0.232
743500,0.030,0.685,0.285
744000,0.030,0.745,0.225
744500,0.030,0.752,0.218
745000,0.030,0.756,0.214
745500,0.030,0.754,0.216
746000,0.030,0.822,0.148
746500,0.030,0.782,0.188
747000,0.030,0.791,0.179
747500,0.030,0.749,0.221
748000,0.030,0.759,0.211
748500,0.030,0.721,0.249
749000,0.030,0.761,0.209
749500,0.030,0.781,0.189
750000,0.030,0.713,0.257
750500,0.030,0.766,0.204
751000,0.030,0.694,0.276
751500,0.030,0.731,0.239
752000,0.030,0.751,0.219
752500,0.030,0.806,0.164
753000,0.030,0.812,0.158
753500,0.030,0.808,0.162
754000,0.030,0.804,0.166
754500,0.030,0.745,0.225
755000,0.030,0.748,0.222
755500,0.030,0.712,0.258
756000,0.030,0.701,0.269
756500,0.030,0.748,0.222
757000,0.030,0.694,0.276
757500,0.033,0.723,0.244
758000,0.030,0.736,0.234
758500,0.030,0.764,0.206
759000,0.030,0.761,0.209
759500,0.030,0.740,0.230
760000,0.030,0.778,0.192
760500,0.030,0.801,0.169
761000,0.030,0.781,0.189
761500,0.030,0.781,0.189
762000,0.030,0.738,0.232
762500,0.030,0.747,0.223
763000,0.030,0.762,0.208
763500,0.030,0.775,0.195
764000,0.030,0.841,0.129
764500,0.030,0.716,0.254
765000,0.030,0.751,0.219
765500,0.030,0.680,0.290
766000,0.030,0.688,0.282
766500,0.030,0.722,0.248
767000,0.030,0.714,0.256
767500,0.030,0.723,0.247
768000,0.030,0.722,0.248
768500,0.030,0.756,0.214
769000,0.032,0.679,0.289
769500,0.030,0.705,0.265
770000,0.030,0.762,0.208
770500,0.030,0.821,0.149
771000,0.030,0.822,0.148
771500,0.030,0.794,0.176
772000,0.030,0.737,0.233
772500,0.030,0.658,0.312
773000,0.030,0.707,0.263
773500,0.030,0.720,0.250
774000,0.030,0.751,0.219
774500,0.030,0.680,0.290
775000,0.030,0.742,0.228
775500,0.030,0.795,0.175
776000,0.030,0.774,0.196
776500,0.030,0.805,0.165
777000,0.030,0.822,0.148
777500,0.030,0.762,0.208
778000,0.030,0.745,0.225
778500,0.030,0.715,0.255
779000,0.030,0.718,0.252
779500,0.030,0.712,0.258
780000,0.030,0.735,0.235
780500,0.030,0.767,0.203
781000,0.030,0.746,0.224
781500,0.030,0.745,0.225
782000,0.030,0.675,0.295
782500,0.030,0.724,0.246
783000,0.030,0.778,0.192
783500,0.030,0.761,0.209
784000,0.030,0.711,0.259
784500,0.030,0.727,0.243
785000,0.030,0.747,0.223
785500,0.030,0.779,0.191
786000,0.030,0.813,0.157
786500,0.030,0.774,0.196
787000,0.030,0.795,0.175
787500,0.030,0.789,0.181
788000,0.030,0.808,0.162
788500,0.030,0.773,0.197
789000,0.030,0.814,0.156
789500,0.030,0.774,0.196
790000,0.030,0.787,0.183
790500,0.030,0.694,0.276
791000,0.030,0.789,0.181
791500,0.030,0.794,0.176
792000,0.030,0.729,0.241
792500,0.030,0.745,0.225
793000,0.030,0.788,0.182
793500,0.030,0.812,0.158
794000,0.030,0.794,0.176
794500,0.030,0.785,0.185
795000,0.030,0.767,0.203
795500,0.030,0.746,0.224
796000,0.030,0.682,0.288
796500,0.030,0.738,0.232
797000,0.030,0.751,0.219
797500,0.030,0.806,0.164
798000,0.030,0.818,0.152
798500,0.030,0.839,0.131
799000,0.030,0.825,0.145
799500,0.030,0.813,0.157
800000,0.030,0.806,0.164
800500,0.030,0.794,0.176
801000,0.030,0.819,0.151
801500,0.030,0.782,0.188
802000,0.030,0.782,0.188
802500,0.030,0.798,0.172
803000,0.030,0.770,0.200
803500,0.030,0.744,0.226
804000,0.030,0.774,0.196
804500,0.030,0.756,0.214
805000,0.030,0.793,0.177
805500,0.030,0.738,0.232
806000,0.030,0.759,0.211
806500,0.030,0.699,0.271
807000,0.030,0.744,0.226
807500,0.030,0.794,0.176
808000,0.030,0.783,0.187
808500,0.030,0.761,0.209
809000,0.030,0.806,0.164
809500,0.030,0.749,0.221
810000,0.030,0.708,0.262
810500,0.030,0.745,0.225
811000,0.030,0.787,0.183
811500,0.030,0.738,0.232
812000,0.030,0.697,0.273
812500,0.030,0.695,0.275
813000,0.030,0.678,0.292
813500,0.030,0.658,0.312
814000,0.030,0.670,0.300
814500,0.030,0.707,0.263
815000,0.030,0.715,0.255
815500,0.030,0.653,0.317
816000,0.030,0.686,0.284
816500,0.030,0.703,0.267
817000,0.030,0.770,0.200
817500,0.030,0.731,0.239
818000,0.030,0.800,0.170
818500,0.030,0.798,0.172
819000,0.030,0.796,0.174
819500,0.030,0.779,0.191
820000,0.030,0.786,0.184
820500,0.030,0.770,0.200
821000,0.030,0.830,0.140
821500,0.030,0.779,0.191
822000,0.030,0.706,0.264
822500,0.030,0.722,0.248
823000,0.030,0.703,0.267
823500,0.030,0.710,0.260
824000,0.030,0.744,0.226
824500,0.030,0.759,0.211
825000,0.030,0.669,0.301
825500,0.032,0.706,0.262
826000,0.030,0.765,0.205
826500,0.030,0.722,0.248
827000,0.030,0.780,0.190
827500,0.030,0.747,0.223
828000,0.030,0.799,0.171
828500,0.030,0.773,0.197
829000,0.030,0.801,0.169
829500,0.030,0.803,0.167
830000,0.030,0.791,0.179
830500,0.030,0.787,0.183
831000,0.030,0.754,0.216
831500,0.030,0.769,0.201
832000,0.030,0.777,0.193
832500,0.030,0.759,0.211
833000,0.030,0.768,0.202
833500,0.030,0.731,0.239
834000,0.032,0.698,0.270
834500,0.030,0.705,0.265
835000,0.030,0.728,0.242
835500,0.030,0.683,0.287
836000,0.030,0.680,0.290
836500,0.030,0.712,0.258
837000,0.030,0.756,0.214
837500,0.030,0.744,0.226
838000,0.030,0.748,0.222
838500,0.030,0.708,0.262
839000,0.030,0.749,0.221
839500,0.030,0.753,0.217
840000,0.030,0.735,0.235
840500,0.030,0.675,0.295
841000,0.030,0.707,0.263
841500,0.030,0.723,0.247
842000,0.030,0.612,0.358
842500,0.030,0.645,0.325
843000,0.030,0.700,0.270
843500,0.030,0.735,0.235
844000,0.030,0.699,0.271
844500,0.030,0.647,0.323
845000,0.030,0.636,0.334
845500,0.030,0.664,0.306
846000,0.030,0.664,0.306
846500,0.030,0.741,0.229
847000,0.030,0.766,0.204
847500,0.030,0.683,0.287
848000,0.030,0.747,0.223
848500,0.030,0.787,0.183
849000,0.030,0.759,0.211
849500,0.030,0.799,0.171
850000,0.030,0.769,0.201
850500,0.030,0.762,0.208
851000,0.030,0.786,0.184
851500,0.030,0.731,0.239
852000,0.030,0.695,0.275
852500,0.030,0.680,0.290
853000,0.030,0.766,0.204
853500,0.030,0.765,0.205
854000,0.030,0.748,0.222
854500,0.030,0.753,0.217
855000,0.030,0.725,0.245
855500,0.030,0.694,0.276
856000,0.030,0.708,0.262
856500,0.030,0.729,0.241
857000,0.030,0.760,0.210
857500,0.030,0.819,0.151
858000,0.030,0.777,0.193
858500,0.030,0.778,0.192
859000,0.030,0.762,0.208
859500,0.030,0.825,0.145
860000,0.030,0.815,0.155
860500,0.030,0.773,0.197
861000,0.030,0.762,0.208
861500,0.030,0.767,0.203
862000,0.030,0.775,0.195
862500,0.030,0.817,0.153
863000,0.030,0.852,0.118
863500,0.030,0.724,0.246
864000,0.030,0.817,0.153
864500,0.030,0.853,0.117
865000,0.030,0.820,0.150
865500,0.030,0.815,0.155
866000,0.030,0.742,0.228
866500,0.030,0.755,0.215
867000,0.030,0.852,0.118
867500,0.030,0.793,0.177
868000,0.030,0.814,0.156
868500,0.030,0.770,0.200
869000,0.030,0.792,0.178
869500,0.030,0.759,0.211
870000,0.030,0.749,0.221
870500,0.030,0.748,0.222
871000,0.030,0.767,0.203
871500,0.030,0.771,0.199
872000,0.030,0.762,0.208
872500,0.030,0.771,0.199
873000,0.030,0.806,0.164
873500,0.030,0.785,0.185
874000,0.030,0.786,0.184
874500,0.032,0.710,0.258
875000,0.030,0.738,0.232
875500,0.030,0.810,0.160
876000,0.030,0.730,0.240
876500,0.030,0.736,0.234
877000,0.030,0.717,0.253
877500,0.030,0.716,0.254
878000,0.030,0.710,0.260
878500,0.030,0.783,0.187
879000,0.030,0.731,0.239
879500,0.030,0.726,0.244
880000,0.030,0.741,0.229
880500,0.030,0.788,0.182
881000,0.030,0.824,0.146
881500,0.030,0.818,0.152
882000,0.030,0.725,0.245
882500,0.030,0.790,0.180
883000,0.030,0.760,0.210
883500,0.030,0.755,0.215
884000,0.030,0.760,0.210
884500,0.030,0.773,0.197
885000,0.030,0.780,0.190
885500,0.030,0.813,0.157
886000,0.030,0.748,0.222
886500,0.030,0.720,0.250
887000,0.030,0.703,0.267
887500,0.030,0.778,0.192
888000,0.030,0.741,0.229
888500,0.030,0.705,0.265
889000,0.030,0.712,0.258
889500,0.030,0.801,0.169
890000,0.030,0.771,0.199
890500,0.030,0.794,0.176
891000,0.030,0.750,0.220
891500,0.032,0.691,0.277
892000,0.030,0.662,0.308
892500,0.030,0.625,0.345
893000,0.030,0.687,0.283
893500,0.030,0.819,0.151
894000,0.030,0.853,0.117
894500,0.030,0.776,0.194
895000,0.030,0.771,0.199
895500,0.030,0.690,0.280
896000,0.030,0.678,0.292
896500,0.030,0.693,0.277
897000,0.030,0.654,0.316
897500,0.030,0.712,0.258
898000,0.030,0.758,0.212
898500,0.030,0.759,0.211
899000,0.030,0.742,0.228
899500,0.030,0.796,0.174
900000,0.030,0.700,0.270
900500,0.030,0.779,0.191
901000,0.030,0.750,0.220
901500,0.030,0.799,0.171
902000,0.030,0.767,0.203
902500,0.030,0.800,0.170
903000,0.030,0.755,0.215
903500,0.030,0.765,0.205
904000,0.030,0.812,0.158
904500,0.030,0.764,0.206
905000,0.030,0.746,0.224
905500,0.030,0.731,0.239
906000,0.030,0.676,0.294
906500,0.030,0.771,0.199
907000,0.030,0.787,0.183
907500,0.030,0.785,0.185
908000,0.030,0.763,0.207
908500,0.030,0.712,0.258
909000,0.030,0.760,0.210
909500,0.030,0.827,0.143
910000,0.030,0.778,0.192
910500,0.030,0.809,0.161
911000,0.030,0.834,0.136
911500,0.030,0.750,0.220
912000,0.030,0.732,0.238
912500,0.030,0.794,0.176
913000,0.030,0.755,0.215
913500,0.030,0.794,0.176
914000,0.030,0.763,0.207
914500,0.030,0.751,0.219
915000,0.030,0.718,0.252
915500,0.030,0.738,0.232
916000,0.030,0.694,0.276
916500,0.030,0.762,0.208
917000,0.030,0.798,0.172
917500,0.030,0.786,0.184
918000,0.030,0.827,0.143
918500,0.030,0.750,0.220
919000,0.030,0.791,0.179
919500,0.030,0.758,0.212
920000,0.030,0.756,0.214
920500,0.030,0.752,0.218
921000,0.030,0.778,0.192
921500,0.030,0.739,0.231
922000,0.030,0.731,0.239
922500,0.030,0.733,0.237
923000,0.030,0.774,0.196
923500,0.030,0.701,0.269
924000,0.030,0.722,0.248
924500,0.030,0.748,0.222
925000,0.030,0.796,0.174
925500,0.030,0.800,0.170
926000,0.030,0.826,0.144
926500,0.030,0.767,0.203
927000,0.030,0.782,0.188
927500,0.030,0.705,0.265
928000,0.030,0.737,0.233
928500,0.030,0.778,0.192
929000,0.030,0.767,0.203
929500,0.030,0.780,0.190
930000,0.030,0.726,0.244
930500,0.030,0.700,0.270
931000,0.030,0.719,0.251
931500,0.030,0.732,0.238
932000,0.030,0.745,0.225
932500,0.030,0.744,0.226
933000,0.030,0.737,0.233
933500,0.030,0.727,0.243
934000,0.030,0.734,0.236
934500,0.030,0.728,0.242
935000,0.030,0.799,0.171
935500,0.030,0.802,0.168
936000,0.030,0.783,0.187
936500,0.030,0.716,0.254
937000,0.030,0.753,0.217
937500,0.030,0.761,0.209
938000,0.030,0.748,0.222
938500,0.030,0.749,0.221
939000,0.030,0.747,0.223
939500,0.030,0.731,0.239
940000,0.030,0.764,0.206
940500,0.030,0.825,0.145
941000,0.030,0.822,0.148
941500,0.030,0.837,0.133
942000,0.030,0.827,0.143
942500,0.030,0.843,0.127
943000,0.030,0.769,0.201
943500,0.030,0.776,0.194
944000,0.030,0.775,0.195
944500,0.030,0.754,0.216
945000,0.030,0.733,0.237
945500,0.030,0.755,0.215
946000,0.030,0.717,0.253
946500,0.030,0.725,0.245
947000,0.030,0.749,0.221
947500,0.030,0.828,0.142
948000,0.030,0.806,0.164
948500,0.030,0.738,0.232
949000,0.030,0.777,0.193
949500,0.030,0.732,0.238
950000,0.030,0.789,0.181
950500,0.030,0.784,0.186
951000,0.030,0.757,0.213
951500,0.030,0.769,0.201
952000,0.030,0.808,0.162
952500,0.030,0.783,0.187
953000,0.030,0.793,0.177
953500,0.030,0.759,0.211
954000,0.030,0.764,0.206
954500,0.030,0.785,0.185
955000,0.030,0.768,0.202
955500,0.030,0.793,0.177
956000,0.030,0.705,0.265
956500,0.030,0.750,0.220
957000,0.030,0.750,0.220
957500,0.030,0.779,0.191
958000,0.030,0.772,0.198
958500,0.030,0.781,0.189
959000,0.030,0.793,0.177
959500,0.030,0.779,0.191
960000,0.030,0.774,0.196
960500,0.030,0.782,0.188
961000,0.030,0.802,0.168
961500,0.030,0.808,0.162
962000,0.030,0.783,0.187
962500,0.030,0.763,0.207
963000,0.030,0.767,0.203
963500,0.030,0.745,0.225
964000,0.030,0.718,0.252
964500,0.030,0.743,0.227
965000,0.031,0.803,0.166
965500,0.030,0.763,0.207
966000,0.030,0.753,0.217
966500,0.030,0.789,0.181
967000,0.030,0.803,0.167
967500,0.030,0.792,0.178
968000,0.030,0.819,0.151
968500,0.030,0.821,0.149
969000,0.030,0.807,0.163
969500,0.030,0.790,0.180
970000,0.030,0.858,0.112
970500,0.030,0.884,0.086
971000,0.030,0.836,0.134
971500,0.030,0.772,0.198
972000,0.030,0.819,0.151
972500,0.030,0.748,0.222
973000,0.030,0.790,0.180
973500,0.030,0.779,0.191
974000,0.030,0.781,0.189
974500,0.030,0.729,0.241
975000,0.030,0.792,0.178
975500,0.030,0.748,0.222
976000,0.030,0.777,0.193
976500,0.030,0.790,0.180
977000,0.030,0.776,0.194
977500,0.030,0.769,0.201
978000,0.030,0.771,0.199
978500,0.030,0.728,0.242
979000,0.030,0.751,0.219
979500,0.030,0.733,0.237
980000,0.030,0.752,0.218
980500,0.030,0.793,0.177
981000,0.030,0.773,0.197
981500,0.030,0.736,0.234
982000,0.030,0.787,0.183
982500,0.030,0.715,0.255
983000,0.030,0.739,0.231
983500,0.030,0.705,0.265
984000,0.030,0.702,0.268
984500,0.030,0.691,0.279
985000,0.030,0.728,0.242
985500,0.030,0.678,0.292
986000,0.030,0.689,0.281
986500,0.030,0.739,0.231
987000,0.030,0.783,0.187
987500,0.030,0.798,0.172
988000,0.030,0.783,0.187
988500,0.030,0.709,0.261
989000,0.030,0.736,0.234
989500,0.030,0.756,0.214
990000,0.030,0.714,0.256
990500,0.030,0.709,0.261
991000,0.030,0.713,0.257
991500,0.030,0.693,0.277
992000,0.030,0.752,0.218
992500,0.030,0.793,0.177
993000,0.030,0.677,0.293
993500,0.030,0.712,0.258
994000,0.030,0.707,0.263
994500,0.030,0.725,0.245
995000,0.030,0.789,0.181
995500,0.030,0.776,0.194
996000,0.030,0.752,0.218
996500,0.030,0.742,0.228
997000,0.030,0.757,0.213
997500,0.030,0.723,0.247
998000,0.030,0.807,0.163
998500,0.030,0.703,0.267
999000,0.030,0.723,0.247
999500,0.030,0.754,0.216
1000000,0.030,0.772,0.198
