time,n_A+p,n_B,n_AB
500,0.030,0.921,0.049
1000,0.030,0.847,0.123
1500,0.030,0.696,0.274
2000,0.030,0.464,0.506
2500,0.030,0.314,0.656
3000,0.037,0.170,0.793
3500,0.056,0.113,0.832
4000,0.070,0.092,0.838
4500,0.076,0.076,0.847
5000,0.099,0.068,0.833
5500,0.105,0.058,0.837
6000,0.133,0.051,0.816
6500,0.098,0.055,0.847
7000,0.117,0.062,0.820
7500,0.110,0.053,0.837
8000,0.102,0.059,0.839
8500,0.092,0.041,0.866
9000,0.096,0.061,0.843
9500,0.087,0.037,0.876
10000,0.109,0.047,0.844
10500,0.101,0.050,0.850
11000,0.101,0.059,0.840
11500,0.120,0.032,0.847
12000,0.126,0.043,0.831
12500,0.122,0.051,0.826
13000,0.135,0.021,0.844
13500,0.137,0.062,0.801
14000,0.145,0.032,0.823
14500,0.117,0.035,0.848
15000,0.102,0.036,0.862
15500,0.129,0.047,0.824
16000,0.108,0.047,0.844
16500,0.117,0.032,0.851
17000,0.132,0.021,0.847
17500,0.131,0.023,0.846
18000,0.140,0.026,0.834
18500,0.156,0.036,0.808
19000,0.148,0.044,0.807
19500,0.143,0.036,0.821
20000,0.125,0.028,0.847
20500,0.120,0.030,0.849
21000,0.120,0.039,0.841
21500,0.147,0.035,0.818
22000,0.128,0.023,0.849
22500,0.110,0.052,0.838
23000,0.113,0.038,0.849
23500,0.131,0.035,0.834
24000,0.116,0.043,0.842
24500,0.136,0.041,0.823
25000,0.136,0.030,0.835
25500,0.127,0.040,0.834
26000,0.139,0.031,0.830
26500,0.143,0.019,0.838
27000,0.143,0.013,0.844
27500,0.138,0.043,0.820
28000,0.107,0.038,0.854
28500,0.137,0.025,0.838
29000,0.145,0.030,0.825
29500,0.168,0.028,0.805
30000,0.158,0.012,0.830
30500,0.166,0.013,0.821
31000,0.142,0.013,0.845
31500,0.123,0.025,0.852
32000,0.125,0.033,0.843
32500,0.141,0.025,0.834
33000,0.153,0.021,0.826
33500,0.117,0.036,0.847
34000,0.122,0.035,0.843
34500,0.126,0.043,0.831
35000,0.160,0.031,0.809
35500,0.149,0.034,0.818
36000,0.135,0.033,0.833
36500,0.151,0.025,0.824
37000,0.128,0.037,0.835
37500,0.118,0.049,0.833
38000,0.129,0.037,0.834
38500,0.139,0.042,0.819
39000,0.139,0.038,0.823
39500,0.124,0.037,0.838
40000,0.135,0.051,0.814
40500,0.127,0.034,0.839
41000,0.129,0.042,0.829
41500,0.133,0.025,0.842
42000,0.150,0.030,0.820
42500,0.148,0.019,0.833
43000,0.158,0.027,0.815
43500,0.119,0.035,0.846
44000,0.101,0.052,0.847
44500,0.135,0.066,0.800
45000,0.110,0.043,0.847
45500,0.106,0.055,0.838
46000,0.113,0.041,0.846
46500,0.143,0.040,0.818
47000,0.131,0.049,0.820
47500,0.121,0.045,0.833
48000,0.112,0.025,0.863
48500,0.114,0.037,0.849
49000,0.142,0.025,0.833
49500,0.161,0.026,0.812
50000,0.132,0.038,0.831
50500,0.128,0.044,0.829
51000,0.120,0.047,0.833
51500,0.130,0.052,0.818
52000,0.127,0.040,0.834
52500,0.123,0.030,0.847
53000,0.148,0.040,0.812
53500,0.155,0.024,0.821
54000,0.125,0.045,0.830
54500,0.125,0.028,0.847
55000,0.132,0.041,0.828
55500,0.106,0.030,0.864
56000,0.127,0.037,0.836
56500,0.140,0.039,0.821
57000,0.118,0.041,0.841
57500,0.124,0.035,0.841
58000,0.135,0.035,0.830
58500,0.163,0.033,0.804
59000,0.158,0.027,0.815
59500,0.153,0.014,0.833
60000,0.148,0.033,0.819
60500,0.127,0.028,0.846
61000,0.146,0.035,0.820
61500,0.140,0.037,0.823
62000,0.135,0.021,0.844
62500,0.147,0.027,0.826
63000,0.142,0.042,0.816
63500,0.131,0.045,0.824
64000,0.135,0.035,0.830
64500,0.125,0.015,0.861
65000,0.124,0.030,0.846
65500,0.142,0.034,0.825
66000,0.129,0.021,0.850
66500,0.143,0.032,0.825
67000,0.128,0.036,0.836
67500,0.143,0.032,0.826
68000,0.167,0.023,0.810
68500,0.167,0.025,0.809
69000,0.163,0.018,0.819
69500,0.158,0.026,0.816
70000,0.150,0.028,0.822
70500,0.117,0.044,0.839
71000,0.132,0.029,0.839
71500,0.139,0.038,0.823
72000,0.151,0.027,0.822
72500,0.153,0.026,0.820
73000,0.142,0.028,0.830
73500,0.153,0.032,0.815
74000,0.144,0.018,0.837
74500,0.132,0.042,0.827
75000,0.122,0.051,0.826
75500,0.138,0.048,0.814
76000,0.117,0.041,0.842
76500,0.165,0.018,0.818
77000,0.157,0.024,0.820
77500,0.152,0.009,0.839
78000,0.165,0.015,0.821
78500,0.125,0.044,0.831
79000,0.126,0.043,0.832
79500,0.135,0.037,0.828
80000,0.101,0.051,0.848
80500,0.115,0.034,0.851
81000,0.127,0.036,0.837
81500,0.114,0.040,0.846
82000,0.128,0.029,0.843
82500,0.142,0.036,0.822
83000,0.114,0.040,0.847
83500,0.120,0.019,0.861
84000,0.127,0.025,0.848
84500,0.172,0.021,0.807
85000,0.143,0.034,0.823
85500,0.156,0.032,0.812
86000,0.144,0.033,0.823
86500,0.149,0.032,0.820
87000,0.149,0.043,0.807
87500,0.136,0.041,0.824
88000,0.130,0.032,0.838
88500,0.158,0.032,0.811
89000,0.139,0.042,0.820
89500,0.135,0.027,0.838
90000,0.155,0.022,0.823
90500,0.168,0.022,0.810
91000,0.193,0.026,0.781
91500,0.174,0.021,0.805
92000,0.146,0.038,0.816
92500,0.154,0.028,0.818
93000,0.157,0.033,0.810
93500,0.136,0.029,0.836
94000,0.110,0.045,0.845
94500,0.105,0.048,0.847
95000,0.121,0.046,0.832
95500,0.135,0.031,0.834
96000,0.149,0.024,0.827
96500,0.134,0.033,0.834
97000,0.141,0.036,0.823
97500,0.126,0.026,0.848
98000,0.129,0.031,0.840
98500,0.129,0.042,0.830
99000,0.142,0.021,0.837
99500,0.178,0.018,0.805
100000,0.179,0.010,0.811
100500,0.173,0.009,0.819
101000,0.163,0.024,0.814
101500,0.132,0.037,0.831
102000,0.139,0.018,0.844
102500,0.147,0.025,0.827
103000,0.149,0.026,0.825
103500,0.141,0.036,0.823
104000,0.146,0.029,0.826
104500,0.141,0.030,0.828
105000,0.142,0.038,0.820
105500,0.140,0.043,0.818
106000,0.133,0.034,0.834
106500,0.151,0.026,0.822
107000,0.171,0.013,0.816
107500,0.189,0.003,0.809
108000,0.169,0.016,0.816
108500,0.170,0.019,0.811
109000,0.157,0.026,0.818
109500,0.155,0.022,0.822
110000,0.132,0.043,0.826
110500,0.129,0.058,0.813
111000,0.128,0.058,0.815
111500,0.127,0.053,0.820
112000,0.127,0.041,0.833
112500,0.137,0.047,0.816
113000,0.127,0.048,0.826
113500,0.116,0.045,0.839
114000,0.130,0.034,0.837
114500,0.129,0.029,0.843
115000,0.128,0.024,0.848
115500,0.120,0.025,0.854
116000,0.144,0.032,0.825
116500,0.153,0.023,0.824
117000,0.176,0.025,0.798
117500,0.187,0.011,0.802
118000,0.162,0.013,0.825
118500,0.184,0.021,0.794
119000,0.207,0.017,0.776
119500,0.222,0.010,0.768
120000,0.180,0.022,0.798
120500,0.161,0.023,0.816
121000,0.164,0.018,0.819
121500,0.143,0.017,0.840
122000,0.139,0.028,0.834
122500,0.135,0.025,0.840
123000,0.154,0.036,0.809
123500,0.141,0.030,0.829
124000,0.149,0.029,0.822
124500,0.135,0.021,0.844
125000,0.128,0.029,0.844
125500,0.116,0.043,0.842
126000,0.136,0.042,0.822
126500,0.121,0.049,0.830
127000,0.113,0.037,0.850
127500,0.128,0.046,0.826
128000,0.124,0.043,0.833
128500,0.121,0.034,0.845
129000,0.142,0.028,0.830
129500,0.137,0.040,0.824
130000,0.113,0.044,0.843
130500,0.115,0.042,0.844
131000,0.130,0.036,0.834
131500,0.167,0.021,0.812
132000,0.150,0.014,0.836
132500,0.147,0.015,0.839
133000,0.125,0.032,0.843
133500,0.150,0.040,0.810
134000,0.140,0.033,0.828
134500,0.160,0.043,0.798
135000,0.122,0.049,0.829
135500,0.121,0.052,0.827
136000,0.109,0.082,0.809
136500,0.124,0.043,0.832
137000,0.126,0.051,0.824
137500,0.141,0.043,0.817
138000,0.126,0.044,0.830
138500,0.133,0.059,0.808
139000,0.122,0.053,0.824
139500,0.131,0.029,0.840
140000,0.113,0.027,0.860
140500,0.115,0.025,0.860
141000,0.143,0.028,0.829
141500,0.138,0.016,0.846
142000,0.130,0.023,0.847
142500,0.103,0.039,0.857
143000,0.117,0.033,0.850
143500,0.147,0.034,0.819
144000,0.114,0.029,0.857
144500,0.098,0.032,0.871
145000,0.120,0.030,0.849
145500,0.131,0.054,0.815
146000,0.139,0.036,0.825
146500,0.132,0.027,0.842
147000,0.147,0.035,0.818
147500,0.139,0.029,0.832
148000,0.136,0.031,0.834
148500,0.122,0.035,0.843
149000,0.134,0.033,0.834
149500,0.135,0.023,0.842
150000,0.160,0.014,0.826
150500,0.196,0.009,0.796
151000,0.163,0.021,0.816
151500,0.143,0.027,0.830
152000,0.123,0.041,0.836
152500,0.144,0.031,0.825
153000,0.164,0.015,0.821
153500,0.163,0.018,0.820
154000,0.175,0.015,0.809
154500,0.168,0.036,0.796
155000,0.159,0.027,0.814
155500,0.123,0.045,0.832
156000,0.097,0.058,0.845
156500,0.090,0.049,0.861
157000,0.118,0.036,0.845
157500,0.132,0.025,0.843
158000,0.148,0.035,0.817
158500,0.142,0.021,0.837
159000,0.130,0.034,0.837
159500,0.143,0.028,0.829
160000,0.163,0.009,0.828
160500,0.147,0.021,0.831
161000,0.129,0.046,0.825
161500,0.127,0.050,0.824
162000,0.121,0.043,0.836
162500,0.113,0.038,0.849
163000,0.096,0.067,0.837
163500,0.093,0.061,0.845
164000,0.107,0.088,0.804
164500,0.127,0.053,0.820
165000,0.103,0.050,0.847
165500,0.097,0.059,0.844
166000,0.117,0.051,0.833
166500,0.102,0.052,0.846
167000,0.080,0.043,0.877
167500,0.099,0.046,0.855
168000,0.084,0.038,0.878
168500,0.104,0.032,0.863
169000,0.130,0.035,0.836
169500,0.113,0.025,0.863
170000,0.128,0.023,0.849
170500,0.141,0.029,0.830
171000,0.149,0.023,0.828
171500,0.146,0.046,0.807
172000,0.120,0.038,0.841
172500,0.123,0.044,0.833
173000,0.093,0.048,0.859
173500,0.102,0.055,0.843
174000,0.080,0.066,0.854
174500,0.081,0.075,0.844
175000,0.079,0.074,0.847
175500,0.089,0.069,0.842
176000,0.102,0.051,0.847
176500,0.148,0.039,0.813
177000,0.129,0.037,0.834
177500,0.160,0.037,0.803
178000,0.139,0.040,0.821
178500,0.117,0.043,0.840
179000,0.139,0.035,0.826
179500,0.152,0.043,0.804
180000,0.136,0.034,0.830
180500,0.133,0.027,0.840
181000,0.138,0.032,0.830
181500,0.150,0.025,0.825
182000,0.176,0.022,0.802
182500,0.158,0.019,0.823
183000,0.164,0.026,0.809
183500,0.162,0.024,0.815
184000,0.126,0.032,0.843
184500,0.100,0.029,0.871
185000,0.122,0.033,0.844
185500,0.147,0.019,0.834
186000,0.143,0.021,0.836
186500,0.129,0.035,0.837
187000,0.129,0.031,0.840
187500,0.143,0.038,0.819
188000,0.154,0.037,0.808
188500,0.136,0.035,0.829
189000,0.125,0.036,0.839
189500,0.149,0.032,0.819
190000,0.118,0.026,0.856
190500,0.110,0.036,0.854
191000,0.105,0.041,0.854
191500,0.113,0.051,0.836
192000,0.085,0.061,0.855
192500,0.100,0.066,0.834
193000,0.130,0.047,0.823
193500,0.133,0.049,0.818
194000,0.127,0.038,0.835
194500,0.150,0.025,0.826
195000,0.123,0.036,0.841
195500,0.103,0.029,0.868
196000,0.121,0.035,0.844
196500,0.117,0.049,0.834
197000,0.125,0.038,0.837
197500,0.120,0.036,0.843
198000,0.134,0.044,0.823
198500,0.151,0.025,0.824
199000,0.159,0.019,0.822
199500,0.159,0.024,0.817
200000,0.148,0.025,0.827
200500,0.168,0.022,0.810
201000,0.153,0.016,0.831
201500,0.173,0.021,0.805
202000,0.166,0.026,0.808
202500,0.159,0.027,0.815
203000,0.158,0.026,0.816
203500,0.151,0.035,0.813
204000,0.158,0.028,0.814
204500,0.166,0.022,0.812
205000,0.193,0.015,0.792
205500,0.165,0.028,0.807
206000,0.168,0.016,0.816
206500,0.145,0.027,0.828
207000,0.142,0.029,0.828
207500,0.129,0.036,0.835
208000,0.130,0.026,0.844
208500,0.135,0.033,0.833
209000,0.150,0.032,0.819
209500,0.177,0.017,0.806
210000,0.176,0.022,0.801
210500,0.119,0.025,0.856
211000,0.143,0.017,0.840
211500,0.110,0.032,0.859
212000,0.119,0.039,0.842
212500,0.134,0.028,0.839
213000,0.138,0.017,0.846
213500,0.151,0.024,0.825
214000,0.135,0.059,0.805
214500,0.137,0.077,0.786
215000,0.125,0.059,0.816
215500,0.132,0.028,0.840
216000,0.105,0.057,0.838
216500,0.133,0.021,0.846
217000,0.107,0.057,0.836
217500,0.119,0.056,0.826
218000,0.119,0.062,0.819
218500,0.115,0.049,0.836
219000,0.109,0.022,0.869
219500,0.143,0.022,0.835
220000,0.145,0.031,0.824
220500,0.143,0.040,0.818
221000,0.155,0.039,0.806
221500,0.167,0.029,0.804
222000,0.164,0.025,0.811
222500,0.158,0.033,0.809
223000,0.161,0.025,0.814
223500,0.169,0.022,0.808
224000,0.150,0.021,0.829
224500,0.169,0.012,0.819
225000,0.171,0.017,0.812
225500,0.179,0.009,0.811
226000,0.171,0.015,0.815
226500,0.157,0.021,0.823
227000,0.169,0.018,0.813
227500,0.153,0.029,0.818
228000,0.162,0.019,0.820
228500,0.146,0.045,0.808
229000,0.126,0.034,0.841
229500,0.118,0.038,0.844
230000,0.116,0.052,0.832
230500,0.085,0.064,0.851
231000,0.081,0.061,0.858
231500,0.101,0.064,0.835
232000,0.117,0.068,0.815
232500,0.098,0.051,0.851
233000,0.102,0.054,0.843
233500,0.132,0.028,0.840
234000,0.141,0.041,0.818
234500,0.164,0.028,0.808
235000,0.179,0.022,0.798
235500,0.142,0.030,0.828
236000,0.143,0.028,0.829
236500,0.141,0.029,0.831
237000,0.126,0.042,0.833
237500,0.140,0.033,0.828
238000,0.143,0.034,0.823
238500,0.145,0.025,0.830
239000,0.135,0.033,0.832
239500,0.122,0.028,0.851
240000,0.113,0.053,0.834
240500,0.128,0.061,0.811
241000,0.113,0.065,0.822
241500,0.109,0.041,0.850
242000,0.125,0.029,0.847
242500,0.131,0.032,0.837
243000,0.139,0.028,0.834
243500,0.107,0.040,0.854
244000,0.148,0.015,0.837
244500,0.155,0.013,0.832
245000,0.183,0.009,0.808
245500,0.166,0.015,0.820
246000,0.145,0.021,0.833
246500,0.136,0.021,0.843
247000,0.124,0.029,0.847
247500,0.161,0.031,0.808
248000,0.143,0.025,0.832
248500,0.141,0.032,0.827
249000,0.139,0.030,0.831
249500,0.126,0.028,0.847
250000,0.158,0.025,0.817
250500,0.165,0.028,0.807
251000,0.135,0.028,0.838
251500,0.163,0.018,0.820
252000,0.150,0.021,0.829
252500,0.103,0.048,0.850
253000,0.142,0.035,0.822
253500,0.179,0.024,0.796
254000,0.174,0.017,0.808
254500,0.157,0.022,0.821
255000,0.176,0.015,0.809
255500,0.173,0.022,0.804
256000,0.157,0.024,0.820
256500,0.128,0.024,0.849
257000,0.143,0.035,0.822
257500,0.163,0.018,0.820
258000,0.141,0.045,0.814
258500,0.148,0.032,0.820
259000,0.135,0.038,0.827
259500,0.130,0.045,0.825
260000,0.130,0.035,0.835
260500,0.117,0.031,0.852
261000,0.140,0.025,0.835
261500,0.165,0.025,0.811
262000,0.177,0.033,0.790
262500,0.190,0.016,0.794
263000,0.184,0.005,0.810
263500,0.181,0.013,0.806
264000,0.192,0.017,0.792
264500,0.153,0.018,0.830
265000,0.136,0.030,0.835
265500,0.118,0.027,0.854
266000,0.103,0.035,0.863
266500,0.112,0.044,0.844
267000,0.130,0.029,0.841
267500,0.141,0.024,0.836
268000,0.148,0.038,0.814
268500,0.137,0.053,0.810
269000,0.139,0.048,0.813
269500,0.138,0.043,0.820
270000,0.146,0.032,0.822
270500,0.153,0.036,0.811
271000,0.134,0.026,0.840
271500,0.141,0.029,0.830
272000,0.132,0.036,0.833
272500,0.124,0.045,0.831
273000,0.108,0.048,0.845
273500,0.110,0.056,0.834
274000,0.112,0.052,0.836
274500,0.122,0.019,0.858
275000,0.120,0.028,0.851
275500,0.134,0.025,0.842
276000,0.102,0.023,0.874
276500,0.113,0.043,0.845
277000,0.115,0.034,0.852
277500,0.109,0.053,0.838
278000,0.114,0.062,0.825
278500,0.114,0.041,0.845
279000,0.115,0.037,0.848
279500,0.116,0.040,0.845
280000,0.123,0.037,0.839
280500,0.148,0.034,0.819
281000,0.143,0.028,0.829
281500,0.115,0.040,0.846
282000,0.115,0.048,0.837
282500,0.122,0.044,0.833
283000,0.120,0.057,0.822
283500,0.126,0.054,0.821
284000,0.123,0.036,0.840
284500,0.130,0.034,0.836
285000,0.139,0.043,0.818
285500,0.124,0.058,0.817
286000,0.133,0.032,0.835
286500,0.165,0.030,0.805
287000,0.161,0.032,0.807
287500,0.135,0.046,0.819
288000,0.160,0.036,0.804
288500,0.091,0.045,0.864
289000,0.117,0.032,0.851
289500,0.143,0.036,0.821
290000,0.172,0.028,0.799
290500,0.190,0.011,0.800
291000,0.184,0.025,0.792
291500,0.148,0.022,0.830
292000,0.170,0.026,0.803
292500,0.152,0.025,0.823
293000,0.134,0.021,0.845
293500,0.140,0.021,0.839
294000,0.150,0.030,0.820
294500,0.161,0.028,0.811
295000,0.169,0.019,0.812
295500,0.141,0.021,0.838
296000,0.132,0.029,0.840
296500,0.127,0.021,0.852
297000,0.168,0.016,0.816
297500,0.143,0.020,0.837
298000,0.176,0.013,0.811
298500,0.143,0.032,0.825
299000,0.146,0.036,0.817
299500,0.129,0.032,0.840
300000,0.139,0.036,0.825
300500,0.115,0.047,0.838
301000,0.105,0.047,0.847
301500,0.110,0.054,0.836
302000,0.117,0.056,0.827
302500,0.132,0.034,0.834
303000,0.151,0.039,0.809
303500,0.132,0.036,0.832
304000,0.110,0.038,0.852
304500,0.111,0.037,0.852
305000,0.139,0.033,0.828
305500,0.130,0.031,0.839
306000,0.148,0.030,0.822
306500,0.127,0.015,0.859
307000,0.132,0.032,0.837
307500,0.144,0.023,0.833
308000,0.153,0.027,0.820
308500,0.133,0.035,0.832
309000,0.104,0.048,0.848
309500,0.129,0.043,0.829
310000,0.154,0.039,0.807
310500,0.129,0.026,0.845
311000,0.132,0.024,0.844
311500,0.135,0.037,0.828
312000,0.128,0.045,0.827
312500,0.124,0.044,0.832
313000,0.133,0.025,0.842
313500,0.148,0.024,0.829
314000,0.123,0.021,0.856
314500,0.127,0.043,0.831
315000,0.138,0.033,0.830
315500,0.109,0.046,0.845
316000,0.119,0.059,0.823
316500,0.127,0.050,0.824
317000,0.123,0.031,0.846
317500,0.134,0.040,0.827
318000,0.134,0.043,0.824
318500,0.135,0.032,0.834
319000,0.121,0.032,0.847
319500,0.128,0.049,0.823
320000,0.123,0.040,0.838
320500,0.149,0.038,0.812
321000,0.136,0.039,0.825
321500,0.131,0.028,0.842
322000,0.139,0.028,0.833
322500,0.165,0.023,0.812
323000,0.192,0.017,0.792
323500,0.183,0.011,0.805
324000,0.204,0.017,0.778
324500,0.157,0.017,0.827
325000,0.136,0.024,0.840
325500,0.138,0.021,0.842
326000,0.132,0.035,0.834
326500,0.141,0.033,0.826
327000,0.100,0.041,0.859
327500,0.115,0.032,0.853
328000,0.120,0.060,0.820
328500,0.102,0.045,0.853
329000,0.108,0.034,0.858
329500,0.117,0.042,0.841
330000,0.132,0.028,0.840
330500,0.131,0.034,0.835
331000,0.114,0.034,0.852
331500,0.123,0.033,0.845
332000,0.160,0.018,0.823
332500,0.141,0.013,0.846
333000,0.139,0.027,0.834
333500,0.130,0.014,0.857
334000,0.121,0.034,0.845
334500,0.133,0.040,0.828
335000,0.133,0.031,0.836
335500,0.137,0.021,0.843
336000,0.145,0.031,0.824
336500,0.138,0.042,0.821
337000,0.151,0.028,0.821
337500,0.136,0.028,0.837
338000,0.117,0.032,0.851
338500,0.110,0.045,0.845
339000,0.112,0.049,0.840
339500,0.086,0.064,0.849
340000,0.089,0.056,0.856
340500,0.128,0.048,0.824
341000,0.127,0.038,0.835
341500,0.140,0.033,0.828
342000,0.131,0.028,0.842
342500,0.184,0.025,0.791
343000,0.203,0.017,0.781
343500,0.193,0.020,0.787
344000,0.166,0.015,0.820
344500,0.156,0.020,0.824
345000,0.137,0.032,0.832
345500,0.106,0.027,0.866
346000,0.114,0.045,0.841
346500,0.110,0.050,0.840
347000,0.106,0.061,0.832
347500,0.079,0.054,0.867
348000,0.075,0.073,0.852
348500,0.089,0.067,0.844
349000,0.093,0.051,0.855
349500,0.112,0.049,0.840
350000,0.103,0.059,0.839
350500,0.102,0.033,0.865
351000,0.116,0.044,0.840
351500,0.135,0.042,0.823
352000,0.154,0.033,0.812
352500,0.161,0.025,0.815
353000,0.145,0.024,0.831
353500,0.161,0.036,0.803
354000,0.152,0.043,0.805
354500,0.127,0.051,0.822
355000,0.107,0.038,0.854
355500,0.145,0.019,0.836
356000,0.155,0.021,0.825
356500,0.152,0.020,0.828
357000,0.160,0.018,0.822
357500,0.137,0.018,0.845
358000,0.152,0.021,0.828
358500,0.141,0.021,0.838
359000,0.137,0.021,0.843
359500,0.113,0.028,0.860
360000,0.124,0.025,0.851
360500,0.118,0.035,0.846
361000,0.135,0.029,0.837
361500,0.147,0.017,0.837
362000,0.125,0.013,0.862
362500,0.147,0.030,0.823
363000,0.135,0.026,0.839
363500,0.151,0.029,0.820
364000,0.146,0.044,0.810
364500,0.159,0.026,0.815
365000,0.133,0.033,0.835
365500,0.141,0.016,0.843
366000,0.136,0.038,0.827
366500,0.118,0.028,0.854
367000,0.105,0.050,0.845
367500,0.119,0.035,0.846
368000,0.144,0.029,0.827
368500,0.130,0.025,0.846
369000,0.104,0.053,0.843
369500,0.087,0.056,0.856
370000,0.110,0.049,0.841
370500,0.119,0.042,0.839
371000,0.133,0.046,0.821
371500,0.106,0.032,0.861
372000,0.142,0.039,0.819
372500,0.135,0.032,0.833
373000,0.126,0.025,0.850
373500,0.155,0.032,0.813
374000,0.132,0.021,0.848
374500,0.143,0.034,0.824
375000,0.106,0.035,0.859
375500,0.104,0.037,0.858
376000,0.119,0.050,0.831
376500,0.102,0.048,0.851
377000,0.125,0.025,0.850
377500,0.128,0.036,0.836
378000,0.139,0.043,0.819
378500,0.109,0.049,0.842
379000,0.126,0.046,0.829
379500,0.120,0.029,0.851
380000,0.124,0.033,0.842
380500,0.109,0.060,0.831
381000,0.108,0.038,0.854
381500,0.117,0.040,0.843
382000,0.132,0.029,0.839
382500,0.155,0.017,0.828
383000,0.153,0.024,0.824
383500,0.140,0.040,0.821
384000,0.137,0.026,0.837
384500,0.121,0.036,0.843
385000,0.130,0.022,0.849
385500,0.116,0.047,0.837
386000,0.112,0.059,0.830
386500,0.134,0.029,0.837
387000,0.121,0.030,0.848
387500,0.112,0.041,0.848
388000,0.108,0.056,0.836
388500,0.129,0.056,0.815
389000,0.108,0.038,0.854
389500,0.089,0.049,0.863
390000,0.090,0.058,0.852
390500,0.122,0.050,0.829
391000,0.137,0.035,0.829
391500,0.144,0.031,0.825
392000,0.153,0.046,0.800
392500,0.133,0.049,0.819
393000,0.119,0.032,0.849
393500,0.126,0.024,0.851
394000,0.119,0.034,0.847
394500,0.129,0.037,0.834
395000,0.116,0.049,0.835
395500,0.106,0.045,0.848
396000,0.136,0.025,0.839
396500,0.129,0.022,0.849
397000,0.162,0.035,0.804
397500,0.138,0.038,0.824
398000,0.149,0.039,0.812
398500,0.152,0.022,0.826
399000,0.194,0.018,0.788
399500,0.177,0.029,0.794
400000,0.180,0.032,0.789
400500,0.153,0.032,0.816
401000,0.141,0.022,0.837
401500,0.148,0.019,0.833
402000,0.136,0.014,0.851
402500,0.126,0.017,0.858
403000,0.134,0.033,0.833
403500,0.197,0.021,0.781
404000,0.172,0.019,0.809
404500,0.177,0.015,0.807
405000,0.172,0.017,0.811
405500,0.169,0.021,0.810
406000,0.157,0.018,0.826
406500,0.180,0.030,0.789
407000,0.172,0.015,0.813
407500,0.150,0.029,0.821
408000,0.145,0.040,0.815
408500,0.142,0.027,0.831
409000,0.157,0.026,0.817
409500,0.133,0.058,0.809
410000,0.128,0.050,0.823
410500,0.142,0.028,0.831
411000,0.134,0.035,0.832
411500,0.126,0.034,0.841
412000,0.154,0.030,0.816
412500,0.126,0.024,0.851
413000,0.116,0.044,0.840
413500,0.154,0.034,0.811
414000,0.135,0.052,0.812
414500,0.132,0.034,0.834
415000,0.141,0.036,0.823
415500,0.139,0.032,0.830
416000,0.115,0.033,0.853
416500,0.114,0.039,0.847
417000,0.146,0.032,0.822
417500,0.137,0.051,0.812
418000,0.126,0.028,0.846
418500,0.128,0.042,0.831
419000,0.118,0.035,0.847
419500,0.122,0.034,0.844
420000,0.152,0.024,0.825
420500,0.155,0.022,0.823
421000,0.168,0.013,0.819
421500,0.158,0.026,0.816
422000,0.163,0.025,0.812
422500,0.131,0.036,0.833
423000,0.114,0.051,0.835
423500,0.090,0.060,0.850
424000,0.118,0.037,0.845
424500,0.147,0.026,0.827
425000,0.154,0.025,0.821
425500,0.157,0.028,0.815
426000,0.133,0.029,0.839
426500,0.143,0.021,0.835
427000,0.123,0.025,0.851
427500,0.176,0.026,0.797
428000,0.159,0.030,0.811
428500,0.171,0.026,0.802
429000,0.178,0.009,0.812
429500,0.137,0.011,0.852
430000,0.144,0.019,0.836
430500,0.148,0.025,0.826
431000,0.139,0.033,0.828
431500,0.160,0.019,0.822
432000,0.165,0.013,0.822
432500,0.142,0.030,0.828
433000,0.155,0.035,0.810
433500,0.143,0.048,0.809
434000,0.120,0.057,0.823
434500,0.108,0.055,0.837
435000,0.103,0.045,0.852
435500,0.133,0.051,0.816
436000,0.146,0.045,0.809
436500,0.162,0.034,0.804
437000,0.159,0.047,0.794
437500,0.131,0.040,0.830
438000,0.126,0.049,0.826
438500,0.143,0.041,0.817
439000,0.145,0.034,0.821
439500,0.112,0.030,0.858
440000,0.124,0.054,0.822
440500,0.129,0.043,0.828
441000,0.134,0.030,0.836
441500,0.164,0.029,0.806
442000,0.139,0.043,0.818
442500,0.112,0.037,0.851
443000,0.113,0.033,0.854
443500,0.119,0.026,0.855
444000,0.148,0.021,0.831
444500,0.141,0.015,0.843
445000,0.174,0.018,0.809
445500,0.160,0.011,0.829
446000,0.177,0.018,0.804
446500,0.175,0.015,0.810
447000,0.131,0.018,0.851
447500,0.111,0.048,0.842
448000,0.105,0.052,0.842
448500,0.110,0.044,0.846
449000,0.116,0.017,0.868
449500,0.133,0.027,0.840
450000,0.124,0.048,0.828
450500,0.123,0.028,0.850
451000,0.137,0.040,0.824
451500,0.149,0.024,0.828
452000,0.163,0.024,0.814
452500,0.137,0.017,0.847
453000,0.140,0.051,0.809
453500,0.121,0.045,0.834
454000,0.136,0.028,0.836
454500,0.143,0.013,0.843
455000,0.153,0.019,0.828
455500,0.145,0.019,0.836
456000,0.121,0.025,0.855
456500,0.127,0.033,0.841
457000,0.140,0.036,0.824
457500,0.154,0.018,0.828
458000,0.159,0.025,0.816
458500,0.142,0.036,0.822
459000,0.149,0.036,0.814
459500,0.147,0.029,0.823
460000,0.143,0.026,0.831
460500,0.137,0.025,0.838
461000,0.134,0.024,0.843
461500,0.149,0.021,0.830
462000,0.126,0.017,0.858
462500,0.103,0.028,0.869
463000,0.109,0.049,0.842
463500,0.101,0.051,0.848
464000,0.096,0.055,0.849
464500,0.120,0.065,0.816
465000,0.107,0.051,0.841
465500,0.133,0.035,0.833
466000,0.132,0.033,0.836
466500,0.122,0.042,0.835
467000,0.115,0.035,0.850
467500,0.143,0.036,0.821
468000,0.134,0.029,0.838
468500,0.144,0.036,0.820
469000,0.127,0.029,0.845
469500,0.130,0.029,0.841
470000,0.131,0.037,0.832
470500,0.137,0.032,0.832
471000,0.113,0.030,0.857
471500,0.135,0.035,0.830
472000,0.107,0.055,0.838
472500,0.122,0.059,0.819
473000,0.105,0.038,0.856
473500,0.089,0.051,0.861
474000,0.081,0.052,0.867
474500,0.080,0.048,0.873
475000,0.114,0.038,0.848
475500,0.137,0.034,0.830
476000,0.106,0.015,0.880
476500,0.121,0.026,0.852
477000,0.123,0.044,0.833
477500,0.105,0.034,0.861
478000,0.108,0.026,0.866
478500,0.121,0.045,0.834
479000,0.119,0.039,0.842
479500,0.133,0.032,0.836
480000,0.142,0.030,0.828
480500,0.168,0.042,0.790
481000,0.154,0.035,0.811
481500,0.135,0.033,0.832
482000,0.124,0.058,0.819
482500,0.130,0.031,0.839
483000,0.153,0.019,0.828
483500,0.166,0.026,0.808
484000,0.166,0.021,0.814
484500,0.172,0.041,0.787
485000,0.142,0.021,0.837
485500,0.170,0.023,0.807
486000,0.180,0.018,0.802
486500,0.159,0.020,0.821
487000,0.140,0.020,0.840
487500,0.152,0.022,0.825
488000,0.146,0.018,0.836
488500,0.168,0.042,0.790
489000,0.124,0.053,0.822
489500,0.141,0.038,0.820
490000,0.123,0.043,0.834
490500,0.134,0.029,0.837
491000,0.137,0.028,0.836
491500,0.121,0.021,0.859
492000,0.142,0.018,0.841
492500,0.158,0.019,0.823
493000,0.155,0.008,0.837
493500,0.168,0.013,0.820
494000,0.179,0.021,0.800
494500,0.157,0.014,0.829
495000,0.158,0.013,0.829
495500,0.151,0.025,0.824
496000,0.158,0.037,0.805
496500,0.166,0.021,0.813
497000,0.160,0.037,0.802
497500,0.148,0.031,0.821
498000,0.146,0.043,0.811
498500,0.143,0.043,0.814
499000,0.139,0.024,0.838
499500,0.117,0.022,0.860
500000,0.118,0.034,0.847
500500,0.146,0.016,0.838
501000,0.130,0.040,0.831
501500,0.117,0.035,0.849
502000,0.135,0.025,0.840
502500,0.159,0.029,0.812
503000,0.186,0.026,0.788
503500,0.149,0.018,0.834
504000,0.140,0.029,0.832
504500,0.157,0.033,0.810
505000,0.144,0.033,0.823
505500,0.133,0.029,0.839
506000,0.126,0.043,0.832
506500,0.124,0.044,0.832
507000,0.142,0.032,0.826
507500,0.152,0.022,0.826
508000,0.170,0.030,0.799
508500,0.148,0.030,0.822
509000,0.113,0.038,0.849
509500,0.137,0.045,0.818
510000,0.115,0.050,0.836
510500,0.086,0.058,0.855
511000,0.094,0.045,0.861
511500,0.088,0.058,0.853
512000,0.116,0.048,0.836
512500,0.109,0.052,0.839
513000,0.134,0.042,0.824
513500,0.104,0.048,0.849
514000,0.107,0.030,0.862
514500,0.128,0.033,0.839
515000,0.122,0.025,0.854
515500,0.135,0.026,0.839
516000,0.120,0.034,0.845
516500,0.102,0.041,0.857
517000,0.115,0.044,0.841
517500,0.126,0.029,0.845
518000,0.132,0.029,0.840
518500,0.102,0.037,0.860
519000,0.092,0.057,0.851
519500,0.114,0.060,0.826
520000,0.108,0.050,0.843
520500,0.115,0.048,0.838
521000,0.116,0.047,0.837
521500,0.130,0.036,0.835
522000,0.172,0.015,0.814
522500,0.165,0.018,0.817
523000,0.169,0.022,0.809
523500,0.179,0.011,0.809
524000,0.155,0.011,0.834
524500,0.179,0.025,0.795
525000,0.162,0.017,0.822
525500,0.170,0.026,0.803
526000,0.141,0.032,0.828
526500,0.161,0.020,0.819
527000,0.182,0.012,0.806
527500,0.189,0.013,0.798
528000,0.172,0.019,0.809
528500,0.145,0.027,0.828
529000,0.117,0.039,0.844
529500,0.134,0.043,0.824
530000,0.145,0.035,0.820
530500,0.140,0.033,0.828
531000,0.147,0.043,0.810
531500,0.165,0.030,0.804
532000,0.158,0.015,0.827
532500,0.133,0.040,0.827
533000,0.174,0.024,0.802
533500,0.141,0.029,0.830
534000,0.128,0.045,0.827
534500,0.165,0.023,0.812
535000,0.139,0.025,0.837
535500,0.142,0.032,0.827
536000,0.113,0.057,0.831
536500,0.115,0.025,0.860
537000,0.159,0.032,0.809
537500,0.139,0.020,0.841
538000,0.133,0.023,0.844
538500,0.128,0.032,0.841
539000,0.137,0.032,0.831
539500,0.140,0.035,0.825
540000,0.154,0.025,0.821
540500,0.172,0.026,0.801
541000,0.184,0.023,0.793
541500,0.151,0.027,0.822
542000,0.162,0.028,0.810
542500,0.144,0.017,0.839
543000,0.155,0.020,0.825
543500,0.149,0.029,0.823
544000,0.166,0.016,0.818
544500,0.159,0.026,0.815
545000,0.141,0.033,0.827
545500,0.130,0.033,0.838
546000,0.150,0.031,0.819
546500,0.139,0.031,0.830
547000,0.127,0.028,0.846
547500,0.121,0.042,0.837
548000,0.134,0.024,0.843
548500,0.153,0.032,0.815
549000,0.145,0.041,0.814
549500,0.136,0.038,0.827
550000,0.131,0.036,0.833
550500,0.129,0.035,0.836
551000,0.124,0.034,0.842
551500,0.131,0.028,0.842
552000,0.150,0.019,0.831
552500,0.165,0.019,0.816
553000,0.185,0.017,0.798
553500,0.197,0.015,0.787
554000,0.168,0.019,0.813
554500,0.147,0.022,0.831
555000,0.131,0.035,0.834
555500,0.127,0.040,0.833
556000,0.143,0.034,0.823
556500,0.145,0.039,0.816
557000,0.156,0.030,0.814
557500,0.145,0.032,0.823
558000,0.135,0.025,0.840
558500,0.138,0.019,0.843
559000,0.150,0.046,0.804
559500,0.137,0.044,0.819
560000,0.147,0.015,0.838
560500,0.158,0.022,0.820
561000,0.137,0.028,0.836
561500,0.150,0.009,0.842
562000,0.165,0.027,0.808
562500,0.141,0.029,0.831
563000,0.142,0.023,0.835
563500,0.155,0.025,0.820
564000,0.153,0.018,0.830
564500,0.140,0.035,0.825
565000,0.142,0.027,0.831
565500,0.120,0.040,0.840
566000,0.120,0.050,0.831
566500,0.123,0.044,0.832
567000,0.112,0.046,0.842
567500,0.124,0.035,0.841
568000,0.133,0.041,0.826
568500,0.127,0.044,0.829
569000,0.129,0.029,0.842
569500,0.134,0.030,0.836
570000,0.158,0.023,0.820
570500,0.149,0.025,0.826
571000,0.180,0.026,0.793
571500,0.182,0.025,0.793
572000,0.175,0.017,0.807
572500,0.159,0.019,0.822
573000,0.147,0.033,0.820
573500,0.139,0.035,0.827
574000,0.148,0.047,0.804
574500,0.138,0.045,0.818
575000,0.115,0.040,0.845
575500,0.108,0.029,0.862
576000,0.105,0.044,0.850
576500,0.126,0.039,0.835
577000,0.100,0.043,0.857
577500,0.114,0.050,0.836
578000,0.111,0.049,0.841
578500,0.103,0.051,0.846
579000,0.099,0.064,0.838
579500,0.138,0.063,0.799
580000,0.143,0.032,0.825
580500,0.136,0.032,0.833
581000,0.140,0.039,0.821
581500,0.138,0.039,0.824
582000,0.138,0.042,0.820
582500,0.112,0.035,0.853
583000,0.136,0.038,0.826
583500,0.103,0.048,0.849
584000,0.114,0.032,0.855
584500,0.110,0.031,0.859
585000,0.105,0.035,0.860
585500,0.140,0.042,0.818
586000,0.135,0.036,0.829
586500,0.139,0.043,0.818
587000,0.101,0.043,0.856
587500,0.101,0.038,0.861
588000,0.123,0.043,0.834
588500,0.138,0.040,0.823
589000,0.143,0.040,0.817
589500,0.138,0.024,0.839
590000,0.152,0.026,0.822
590500,0.153,0.034,0.813
591000,0.152,0.015,0.833
591500,0.135,0.025,0.841
592000,0.133,0.034,0.833
592500,0.136,0.016,0.848
593000,0.138,0.028,0.835
593500,0.149,0.050,0.801
594000,0.112,0.032,0.857
594500,0.169,0.017,0.815
595000,0.184,0.024,0.791
595500,0.168,0.025,0.807
596000,0.140,0.024,0.837
596500,0.133,0.028,0.840
597000,0.165,0.038,0.797
597500,0.167,0.023,0.810
598000,0.180,0.027,0.793
598500,0.173,0.024,0.803
599000,0.161,0.029,0.810
599500,0.144,0.024,0.832
600000,0.162,0.013,0.825
600500,0.144,0.025,0.831
601000,0.159,0.025,0.817
601500,0.166,0.028,0.807
602000,0.140,0.033,0.828
602500,0.121,0.030,0.849
603000,0.118,0.051,0.831
603500,0.137,0.037,0.826
604000,0.115,0.044,0.841
604500,0.098,0.048,0.855
605000,0.082,0.055,0.863
605500,0.077,0.066,0.857
606000,0.096,0.055,0.849
606500,0.098,0.064,0.839
607000,0.103,0.043,0.854
607500,0.122,0.058,0.820
608000,0.120,0.054,0.826
608500,0.120,0.053,0.827
609000,0.120,0.044,0.835
609500,0.113,0.029,0.858
610000,0.133,0.030,0.837
610500,0.128,0.031,0.842
611000,0.121,0.042,0.838
611500,0.098,0.049,0.854
612000,0.099,0.052,0.849
612500,0.124,0.043,0.833
613000,0.112,0.029,0.860
613500,0.110,0.054,0.836
614000,0.132,0.036,0.832
614500,0.117,0.038,0.844
615000,0.140,0.037,0.823
615500,0.118,0.030,0.852
616000,0.140,0.036,0.825
616500,0.129,0.050,0.822
617000,0.121,0.053,0.826
617500,0.153,0.026,0.821
618000,0.173,0.015,0.811
618500,0.162,0.022,0.816
619000,0.146,0.017,0.837
619500,0.172,0.018,0.811
620000,0.173,0.035,0.791
620500,0.138,0.030,0.833
621000,0.121,0.033,0.846
621500,0.123,0.037,0.840
622000,0.125,0.035,0.841
622500,0.092,0.038,0.870
623000,0.107,0.046,0.847
623500,0.117,0.047,0.836
624000,0.101,0.037,0.862
624500,0.087,0.050,0.864
625000,0.101,0.050,0.850
625500,0.105,0.043,0.852
626000,0.107,0.049,0.844
626500,0.144,0.031,0.825
627000,0.141,0.031,0.828
627500,0.144,0.041,0.815
628000,0.088,0.038,0.874
628500,0.127,0.048,0.825
629000,0.174,0.034,0.793
629500,0.145,0.038,0.817
630000,0.128,0.045,0.827
630500,0.123,0.060,0.817
631000,0.105,0.051,0.844
631500,0.111,0.064,0.825
632000,0.118,0.059,0.824
632500,0.113,0.050,0.838
633000,0.134,0.036,0.830
633500,0.164,0.026,0.810
634000,0.138,0.027,0.835
634500,0.141,0.027,0.832
635000,0.150,0.021,0.829
635500,0.149,0.026,0.824
636000,0.137,0.029,0.835
636500,0.133,0.040,0.828
637000,0.112,0.049,0.840
637500,0.145,0.030,0.824
638000,0.154,0.029,0.817
638500,0.137,0.028,0.835
639000,0.138,0.028,0.835
639500,0.119,0.037,0.844
640000,0.146,0.026,0.828
640500,0.145,0.026,0.829
641000,0.145,0.025,0.829
641500,0.140,0.026,0.834
642000,0.124,0.033,0.842
642500,0.105,0.043,0.852
643000,0.115,0.042,0.843
643500,0.112,0.052,0.836
644000,0.115,0.054,0.831
644500,0.113,0.051,0.836
645000,0.115,0.045,0.840
645500,0.112,0.047,0.841
646000,0.113,0.057,0.830
646500,0.137,0.035,0.828
647000,0.119,0.023,0.858
647500,0.145,0.041,0.814
648000,0.117,0.045,0.838
648500,0.118,0.045,0.836
649000,0.161,0.036,0.802
649500,0.163,0.037,0.799
650000,0.152,0.021,0.827
650500,0.127,0.026,0.847
651000,0.151,0.019,0.830
651500,0.144,0.031,0.825
652000,0.167,0.021,0.813
652500,0.128,0.026,0.846
653000,0.145,0.022,0.833
653500,0.169,0.020,0.811
654000,0.136,0.040,0.825
654500,0.122,0.039,0.838
655000,0.106,0.036,0.857
655500,0.124,0.047,0.829
656000,0.116,0.031,0.853
656500,0.126,0.042,0.832
657000,0.139,0.023,0.838
657500,0.173,0.025,0.802
658000,0.144,0.017,0.839
658500,0.177,0.018,0.805
659000,0.189,0.029,0.782
659500,0.160,0.021,0.819
660000,0.173,0.013,0.814
660500,0.154,0.026,0.820
661000,0.157,0.011,0.833
661500,0.149,0.025,0.826
662000,0.155,0.032,0.814
662500,0.160,0.028,0.812
663000,0.163,0.033,0.804
663500,0.146,0.033,0.821
664000,0.134,0.034,0.833
664500,0.135,0.033,0.833
665000,0.177,0.021,0.801
665500,0.174,0.019,0.806
666000,0.185,0.007,0.807
666500,0.141,0.021,0.838
667000,0.161,0.010,0.829
667500,0.148,0.015,0.837
668000,0.134,0.043,0.824
668500,0.140,0.036,0.824
669000,0.126,0.031,0.844
669500,0.117,0.043,0.840
670000,0.145,0.037,0.818
670500,0.130,0.028,0.843
671000,0.136,0.020,0.844
671500,0.127,0.024,0.849
672000,0.132,0.040,0.829
672500,0.120,0.033,0.847
673000,0.124,0.044,0.832
673500,0.129,0.026,0.845
674000,0.137,0.013,0.851
674500,0.142,0.019,0.839
675000,0.123,0.024,0.854
675500,0.120,0.024,0.856
676000,0.131,0.033,0.836
676500,0.123,0.028,0.849
677000,0.124,0.045,0.830
677500,0.133,0.021,0.846
678000,0.114,0.037,0.849
678500,0.127,0.032,0.842
679000,0.147,0.034,0.820
679500,0.150,0.040,0.810
680000,0.124,0.033,0.842
680500,0.122,0.032,0.847
681000,0.126,0.048,0.827
681500,0.132,0.055,0.813
682000,0.147,0.048,0.805
682500,0.128,0.038,0.834
683000,0.142,0.036,0.821
683500,0.121,0.046,0.833
684000,0.127,0.029,0.845
684500,0.143,0.036,0.821
685000,0.138,0.048,0.815
685500,0.142,0.032,0.826
686000,0.117,0.033,0.850
686500,0.152,0.029,0.819
687000,0.151,0.035,0.813
687500,0.128,0.020,0.853
688000,0.132,0.011,0.857
688500,0.144,0.027,0.829
689000,0.167,0.018,0.815
689500,0.144,0.036,0.820
690000,0.142,0.022,0.836
690500,0.136,0.022,0.842
691000,0.132,0.019,0.849
691500,0.148,0.029,0.823
692000,0.152,0.021,0.827
692500,0.158,0.026,0.816
693000,0.159,0.021,0.820
693500,0.186,0.024,0.790
694000,0.159,0.021,0.821
694500,0.166,0.013,0.822
695000,0.162,0.015,0.823
695500,0.163,0.011,0.826
696000,0.161,0.015,0.824
696500,0.155,0.030,0.815
697000,0.137,0.034,0.830
697500,0.122,0.035,0.844
698000,0.144,0.030,0.826
698500,0.142,0.036,0.822
699000,0.148,0.028,0.824
699500,0.151,0.034,0.815
700000,0.146,0.030,0.824
700500,0.170,0.015,0.815
701000,0.150,0.025,0.825
701500,0.131,0.025,0.845
702000,0.124,0.024,0.852
702500,0.120,0.036,0.844
703000,0.170,0.035,0.795
703500,0.163,0.014,0.824
704000,0.147,0.015,0.838
704500,0.133,0.020,0.847
705000,0.129,0.018,0.853
705500,0.152,0.025,0.823
706000,0.136,0.046,0.819
706500,0.117,0.048,0.836
707000,0.145,0.035,0.820
707500,0.114,0.050,0.837
708000,0.113,0.048,0.840
708500,0.131,0.036,0.833
709000,0.161,0.032,0.807
709500,0.138,0.020,0.842
710000,0.142,0.018,0.840
710500,0.144,0.006,0.850
711000,0.162,0.010,0.828
711500,0.144,0.019,0.837
712000,0.135,0.022,0.843
712500,0.128,0.027,0.845
713000,0.128,0.037,0.836
713500,0.131,0.029,0.840
714000,0.151,0.029,0.820
714500,0.146,0.028,0.826
715000,0.150,0.029,0.821
715500,0.134,0.026,0.841
716000,0.131,0.016,0.853
716500,0.151,0.018,0.831
717000,0.157,0.022,0.821
717500,0.129,0.030,0.841
718000,0.127,0.044,0.829
718500,0.131,0.028,0.842
719000,0.111,0.028,0.861
719500,0.131,0.016,0.853
720000,0.161,0.028,0.811
720500,0.176,0.021,0.802
721000,0.190,0.015,0.796
721500,0.165,0.018,0.817
722000,0.166,0.026,0.808
722500,0.155,0.023,0.822
723000,0.163,0.026,0.811
723500,0.146,0.022,0.831
724000,0.200,0.022,0.778
724500,0.147,0.035,0.818
725000,0.154,0.021,0.825
725500,0.169,0.028,0.803
726000,0.153,0.022,0.825
726500,0.173,0.018,0.808
727000,0.137,0.041,0.823
727500,0.115,0.032,0.853
728000,0.112,0.052,0.836
728500,0.100,0.053,0.847
729000,0.102,0.050,0.848
729500,0.109,0.036,0.855
730000,0.111,0.043,0.847
730500,0.126,0.043,0.832
731000,0.109,0.035,0.856
731500,0.121,0.032,0.848
732000,0.123,0.035,0.843
732500,0.134,0.018,0.849
733000,0.147,0.026,0.826
733500,0.143,0.035,0.822
734000,0.148,0.039,0.813
734500,0.116,0.043,0.842
735000,0.147,0.036,0.817
735500,0.158,0.031,0.811
736000,0.146,0.042,0.812
736500,0.118,0.029,0.854
737000,0.134,0.022,0.844
737500,0.128,0.023,0.850
738000,0.142,0.021,0.837
738500,0.157,0.017,0.827
739000,0.141,0.026,0.833
739500,0.135,0.029,0.837
740000,0.102,0.054,0.843
740500,0.117,0.035,0.849
741000,0.132,0.028,0.841
741500,0.106,0.043,0.851
742000,0.131,0.035,0.834
742500,0.144,0.029,0.826
743000,0.131,0.028,0.842
743500,0.132,0.027,0.842
744000,0.144,0.045,0.811
744500,0.126,0.041,0.833
745000,0.120,0.047,0.832
745500,0.127,0.043,0.830
746000,0.108,0.036,0.855
746500,0.119,0.038,0.843
747000,0.115,0.039,0.846
747500,0.131,0.029,0.840
748000,0.134,0.032,0.834
748500,0.143,0.041,0.816
749000,0.158,0.041,0.801
749500,0.145,0.037,0.818
750000,0.151,0.025,0.824
750500,0.145,0.042,0.813
751000,0.128,0.035,0.837
751500,0.125,0.041,0.835
752000,0.124,0.030,0.845
752500,0.157,0.020,0.823
753000,0.142,0.041,0.817
753500,0.163,0.027,0.810
754000,0.149,0.034,0.817
754500,0.133,0.036,0.831
755000,0.112,0.044,0.844
755500,0.121,0.027,0.852
756000,0.118,0.040,0.842
756500,0.132,0.041,0.828
757000,0.130,0.023,0.847
757500,0.139,0.021,0.840
758000,0.134,0.023,0.844
758500,0.113,0.046,0.841
759000,0.119,0.027,0.854
759500,0.132,0.025,0.844
760000,0.169,0.029,0.803
760500,0.161,0.026,0.813
761000,0.174,0.018,0.808
761500,0.140,0.029,0.832
762000,0.137,0.035,0.828
762500,0.148,0.036,0.816
763000,0.178,0.021,0.801
763500,0.172,0.024,0.804
764000,0.130,0.038,0.832
764500,0.116,0.039,0.845
765000,0.115,0.032,0.853
765500,0.138,0.021,0.842
766000,0.146,0.022,0.832
766500,0.120,0.035,0.844
767000,0.110,0.036,0.854
767500,0.121,0.037,0.842
768000,0.118,0.055,0.826
768500,0.122,0.041,0.837
769000,0.168,0.026,0.806
769500,0.151,0.024,0.825
770000,0.143,0.024,0.833
770500,0.146,0.021,0.833
771000,0.141,0.013,0.846
771500,0.120,0.022,0.857
772000,0.148,0.024,0.828
772500,0.165,0.018,0.817
773000,0.169,0.029,0.803
773500,0.128,0.024,0.849
774000,0.119,0.035,0.846
774500,0.119,0.038,0.843
775000,0.115,0.047,0.838
775500,0.135,0.057,0.809
776000,0.115,0.043,0.843
776500,0.130,0.041,0.830
777000,0.124,0.032,0.843
777500,0.149,0.015,0.837
778000,0.149,0.036,0.815
778500,0.138,0.028,0.835
779000,0.137,0.019,0.844
779500,0.157,0.018,0.825
780000,0.184,0.019,0.797
780500,0.179,0.021,0.799
781000,0.157,0.024,0.820
781500,0.172,0.017,0.811
782000,0.147,0.009,0.844
782500,0.170,0.023,0.807
783000,0.133,0.029,0.839
783500,0.110,0.033,0.857
784000,0.120,0.029,0.851
784500,0.110,0.046,0.844
785000,0.132,0.042,0.827
785500,0.143,0.035,0.823
786000,0.128,0.033,0.839
786500,0.135,0.030,0.835
787000,0.138,0.034,0.829
787500,0.130,0.030,0.840
788000,0.125,0.030,0.845
788500,0.152,0.022,0.826
789000,0.147,0.019,0.834
789500,0.136,0.011,0.854
790000,0.147,0.007,0.845
790500,0.192,0.013,0.795
791000,0.139,0.034,0.828
791500,0.119,0.033,0.848
792000,0.137,0.025,0.838
792500,0.120,0.029,0.851
793000,0.144,0.030,0.826
793500,0.141,0.015,0.844
794000,0.172,0.024,0.805
794500,0.136,0.028,0.837
795000,0.132,0.027,0.841
795500,0.121,0.034,0.845
796000,0.117,0.027,0.856
796500,0.126,0.053,0.822
797000,0.125,0.046,0.829
797500,0.112,0.053,0.835
798000,0.113,0.035,0.852
798500,0.119,0.032,0.849
799000,0.110,0.036,0.854
799500,0.132,0.026,0.843
800000,0.147,0.022,0.831
800500,0.121,0.032,0.848
801000,0.114,0.038,0.848
801500,0.111,0.062,0.827
802000,0.103,0.057,0.841
802500,0.136,0.042,0.822
803000,0.130,0.043,0.828
803500,0.126,0.034,0.841
804000,0.122,0.044,0.833
804500,0.122,0.041,0.836
805000,0.121,0.043,0.836
805500,0.100,0.050,0.851
806000,0.126,0.044,0.830
806500,0.102,0.032,0.867
807000,0.125,0.029,0.846
807500,0.136,0.033,0.832
808000,0.123,0.029,0.848
808500,0.114,0.041,0.846
809000,0.114,0.048,0.838
809500,0.106,0.065,0.829
810000,0.129,0.045,0.826
810500,0.124,0.034,0.842
811000,0.113,0.040,0.848
811500,0.138,0.026,0.836
812000,0.152,0.022,0.826
812500,0.133,0.035,0.833
813000,0.149,0.028,0.823
813500,0.123,0.025,0.852
814000,0.124,0.035,0.840
814500,0.170,0.025,0.805
815000,0.158,0.040,0.802
815500,0.127,0.048,0.826
816000,0.120,0.040,0.839
816500,0.138,0.042,0.821
817000,0.147,0.031,0.822
817500,0.155,0.034,0.811
818000,0.121,0.032,0.847
818500,0.093,0.046,0.861
819000,0.091,0.080,0.829
819500,0.080,0.072,0.849
820000,0.120,0.046,0.834
820500,0.118,0.049,0.833
821000,0.136,0.045,0.819
821500,0.117,0.052,0.830
822000,0.120,0.047,0.833
822500,0.112,0.020,0.868
823000,0.091,0.051,0.858
823500,0.087,0.053,0.860
824000,0.108,0.052,0.839
824500,0.129,0.043,0.829
825000,0.124,0.036,0.839
825500,0.116,0.043,0.842
826000,0.117,0.040,0.843
826500,0.119,0.038,0.843
827000,0.120,0.041,0.839
827500,0.115,0.034,0.851
828000,0.116,0.032,0.852
828500,0.161,0.024,0.816
829000,0.142,0.022,0.836
829500,0.153,0.033,0.815
830000,0.143,0.017,0.840
830500,0.148,0.015,0.838
831000,0.130,0.026,0.844
831500,0.166,0.029,0.804
832000,0.129,0.035,0.837
832500,0.133,0.029,0.838
833000,0.111,0.050,0.839
833500,0.106,0.056,0.838
834000,0.143,0.033,0.824
834500,0.132,0.048,0.821
835000,0.121,0.043,0.837
835500,0.117,0.062,0.821
836000,0.106,0.043,0.850
836500,0.139,0.039,0.822
837000,0.178,0.028,0.794
837500,0.162,0.032,0.806
838000,0.168,0.025,0.807
838500,0.171,0.027,0.802
839000,0.153,0.032,0.816
839500,0.161,0.013,0.826
840000,0.183,0.023,0.794
840500,0.142,0.013,0.845
841000,0.141,0.025,0.834
841500,0.132,0.043,0.825
842000,0.114,0.034,0.853
842500,0.134,0.025,0.842
843000,0.150,0.029,0.822
843500,0.158,0.021,0.822
844000,0.151,0.025,0.823
844500,0.170,0.033,0.797
845000,0.158,0.030,0.811
845500,0.170,0.019,0.811
846000,0.159,0.015,0.827
846500,0.154,0.017,0.829
847000,0.138,0.026,0.837
847500,0.126,0.022,0.853
848000,0.119,0.061,0.820
848500,0.126,0.042,0.833
849000,0.139,0.037,0.824
849500,0.137,0.029,0.834
850000,0.142,0.043,0.815
850500,0.106,0.046,0.847
851000,0.145,0.056,0.798
851500,0.121,0.052,0.827
852000,0.097,0.048,0.856
852500,0.122,0.044,0.834
853000,0.127,0.034,0.840
853500,0.127,0.033,0.841
854000,0.130,0.037,0.833
854500,0.140,0.043,0.818
855000,0.138,0.030,0.832
855500,0.145,0.033,0.822
856000,0.140,0.038,0.823
856500,0.148,0.029,0.823
857000,0.139,0.039,0.822
857500,0.119,0.047,0.834
858000,0.112,0.044,0.844
858500,0.111,0.046,0.843
859000,0.127,0.051,0.823
859500,0.128,0.046,0.826
860000,0.113,0.036,0.851
860500,0.101,0.036,0.863
861000,0.090,0.035,0.875
861500,0.125,0.040,0.836
862000,0.122,0.022,0.856
862500,0.142,0.036,0.822
863000,0.147,0.023,0.830
863500,0.133,0.027,0.840
864000,0.132,0.019,0.849
864500,0.128,0.043,0.830
865000,0.124,0.035,0.841
865500,0.109,0.048,0.844
866000,0.118,0.038,0.843
866500,0.118,0.036,0.845
867000,0.137,0.043,0.820
867500,0.095,0.051,0.855
868000,0.095,0.061,0.845
868500,0.116,0.043,0.841
869000,0.127,0.044,0.829
869500,0.098,0.050,0.853
870000,0.134,0.053,0.813
870500,0.094,0.054,0.852
871000,0.091,0.071,0.838
871500,0.105,0.075,0.820
872000,0.097,0.061,0.842
872500,0.125,0.043,0.832
873000,0.141,0.032,0.827
873500,0.134,0.034,0.833
874000,0.125,0.019,0.856
874500,0.177,0.024,0.799
875000,0.153,0.018,0.828
875500,0.183,0.017,0.800
876000,0.197,0.018,0.785
876500,0.181,0.011,0.808
877000,0.185,0.021,0.794
877500,0.158,0.020,0.823
878000,0.161,0.040,0.800
878500,0.154,0.019,0.826
879000,0.155,0.026,0.819
879500,0.154,0.022,0.823
880000,0.177,0.015,0.807
880500,0.158,0.016,0.826
881000,0.174,0.027,0.798
881500,0.147,0.022,0.831
882000,0.147,0.022,0.831
882500,0.152,0.022,0.826
883000,0.171,0.023,0.806
883500,0.129,0.024,0.848
884000,0.139,0.018,0.844
884500,0.127,0.019,0.854
885000,0.162,0.024,0.815
885500,0.193,0.009,0.798
886000,0.154,0.021,0.825
886500,0.147,0.028,0.826
887000,0.131,0.043,0.826
887500,0.141,0.033,0.826
888000,0.139,0.023,0.838
888500,0.141,0.038,0.821
889000,0.117,0.058,0.825
889500,0.123,0.038,0.839
890000,0.137,0.037,0.826
890500,0.157,0.021,0.822
891000,0.161,0.028,0.811
891500,0.161,0.017,0.822
892000,0.157,0.022,0.822
892500,0.170,0.021,0.808
893000,0.163,0.017,0.821
893500,0.163,0.026,0.811
894000,0.135,0.023,0.842
894500,0.124,0.039,0.837
895000,0.128,0.021,0.851
895500,0.164,0.018,0.818
896000,0.132,0.019,0.849
896500,0.130,0.024,0.846
897000,0.119,0.023,0.858
897500,0.152,0.026,0.822
898000,0.139,0.021,0.840
898500,0.138,0.029,0.833
899000,0.134,0.034,0.833
899500,0.140,0.029,0.832
900000,0.147,0.043,0.810
900500,0.151,0.032,0.817
901000,0.141,0.036,0.823
901500,0.117,0.022,0.861
902000,0.124,0.027,0.848
902500,0.110,0.038,0.852
903000,0.149,0.038,0.812
903500,0.110,0.035,0.856
904000,0.121,0.035,0.845
904500,0.117,0.036,0.847
905000,0.137,0.036,0.827
905500,0.138,0.040,0.823
906000,0.131,0.043,0.827
906500,0.099,0.051,0.850
907000,0.097,0.052,0.851
907500,0.151,0.030,0.819
908000,0.144,0.025,0.831
908500,0.151,0.026,0.823
909000,0.151,0.029,0.821
909500,0.162,0.019,0.819
910000,0.198,0.009,0.793
910500,0.155,0.015,0.829
911000,0.170,0.015,0.815
911500,0.186,0.019,0.795
912000,0.140,0.018,0.842
912500,0.149,0.015,0.836
913000,0.175,0.009,0.816
913500,0.169,0.011,0.821
914000,0.175,0.016,0.809
914500,0.139,0.038,0.823
915000,0.126,0.026,0.849
915500,0.135,0.029,0.836
916000,0.116,0.035,0.849
916500,0.140,0.025,0.835
917000,0.130,0.019,0.852
917500,0.106,0.025,0.869
918000,0.127,0.043,0.831
918500,0.113,0.042,0.846
919000,0.117,0.059,0.824
919500,0.104,0.038,0.858
920000,0.102,0.029,0.869
920500,0.117,0.042,0.842
921000,0.119,0.037,0.844
921500,0.135,0.025,0.841
922000,0.121,0.040,0.840
922500,0.123,0.026,0.851
923000,0.157,0.029,0.814
923500,0.148,0.032,0.820
924000,0.117,0.022,0.861
924500,0.129,0.022,0.849
925000,0.136,0.026,0.838
925500,0.148,0.019,0.833
926000,0.111,0.033,0.857
926500,0.110,0.045,0.845
927000,0.115,0.044,0.841
927500,0.102,0.061,0.837
928000,0.118,0.046,0.835
928500,0.124,0.038,0.837
929000,0.128,0.043,0.830
929500,0.140,0.042,0.819
930000,0.123,0.036,0.841
930500,0.097,0.054,0.849
931000,0.102,0.050,0.849
931500,0.131,0.045,0.824
932000,0.128,0.062,0.810
932500,0.133,0.037,0.830
933000,0.129,0.044,0.827
933500,0.132,0.030,0.838
934000,0.114,0.037,0.849
934500,0.130,0.029,0.841
935000,0.141,0.027,0.832
935500,0.127,0.022,0.851
936000,0.155,0.018,0.828
936500,0.143,0.030,0.827
937000,0.124,0.018,0.858
937500,0.149,0.032,0.820
938000,0.162,0.028,0.811
938500,0.148,0.028,0.825
939000,0.141,0.037,0.822
939500,0.137,0.027,0.836
940000,0.147,0.030,0.823
940500,0.158,0.032,0.811
941000,0.159,0.034,0.807
941500,0.148,0.029,0.823
942000,0.159,0.026,0.816
942500,0.155,0.018,0.827
943000,0.140,0.020,0.840
943500,0.153,0.014,0.833
944000,0.166,0.025,0.809
944500,0.172,0.017,0.811
945000,0.151,0.025,0.823
945500,0.139,0.027,0.834
946000,0.176,0.021,0.804
946500,0.159,0.036,0.804
947000,0.126,0.043,0.832
947500,0.113,0.029,0.858
948000,0.128,0.049,0.824
948500,0.116,0.049,0.836
949000,0.121,0.038,0.841
949500,0.124,0.026,0.849
950000,0.137,0.033,0.831
950500,0.120,0.045,0.834
951000,0.116,0.036,0.848
951500,0.131,0.030,0.839
952000,0.139,0.046,0.815
952500,0.118,0.036,0.845
953000,0.111,0.042,0.848
953500,0.118,0.068,0.815
954000,0.113,0.066,0.821
954500,0.106,0.043,0.851
955000,0.118,0.043,0.839
955500,0.107,0.022,0.870
956000,0.089,0.054,0.856
956500,0.123,0.037,0.840
957000,0.119,0.051,0.830
957500,0.146,0.035,0.819
958000,0.147,0.033,0.820
958500,0.141,0.032,0.827
959000,0.116,0.029,0.855
959500,0.141,0.037,0.822
960000,0.116,0.034,0.851
960500,0.105,0.043,0.851
961000,0.095,0.073,0.833
961500,0.117,0.072,0.810
962000,0.095,0.064,0.842
962500,0.105,0.051,0.844
963000,0.095,0.041,0.865
963500,0.103,0.047,0.849
964000,0.089,0.066,0.845
964500,0.104,0.059,0.837
965000,0.085,0.088,0.827
965500,0.088,0.088,0.824
966000,0.115,0.058,0.827
966500,0.136,0.049,0.816
967000,0.134,0.025,0.842
967500,0.155,0.027,0.818
968000,0.142,0.031,0.827
968500,0.132,0.017,0.852
969000,0.134,0.026,0.840
969500,0.135,0.018,0.847
970000,0.115,0.052,0.833
970500,0.114,0.044,0.842
971000,0.115,0.053,0.832
971500,0.126,0.034,0.841
972000,0.134,0.026,0.840
972500,0.152,0.047,0.801
973000,0.108,0.046,0.845
973500,0.131,0.055,0.814
974000,0.149,0.037,0.813
974500,0.134,0.029,0.837
975000,0.135,0.025,0.840
975500,0.123,0.036,0.840
976000,0.116,0.060,0.824
976500,0.106,0.038,0.855
977000,0.139,0.025,0.836
977500,0.160,0.024,0.816
978000,0.158,0.014,0.828
978500,0.135,0.024,0.841
979000,0.148,0.033,0.819
979500,0.117,0.051,0.832
980000,0.107,0.051,0.841
980500,0.117,0.040,0.844
981000,0.142,0.039,0.819
981500,0.150,0.036,0.813
982000,0.160,0.021,0.820
982500,0.197,0.012,0.791
983000,0.185,0.025,0.790
983500,0.143,0.021,0.836
984000,0.142,0.059,0.799
984500,0.158,0.041,0.801
985000,0.144,0.031,0.825
985500,0.157,0.020,0.824
986000,0.138,0.026,0.837
986500,0.129,0.045,0.826
987000,0.112,0.045,0.843
987500,0.107,0.037,0.856
988000,0.108,0.064,0.828
988500,0.126,0.051,0.824
989000,0.140,0.024,0.836
989500,0.128,0.029,0.843
990000,0.130,0.051,0.820
990500,0.104,0.054,0.841
991000,0.113,0.053,0.834
991500,0.093,0.060,0.847
992000,0.119,0.036,0.845
992500,0.115,0.058,0.828
993000,0.098,0.061,0.841
993500,0.102,0.058,0.840
994000,0.105,0.043,0.852
994500,0.108,0.034,0.858
995000,0.132,0.020,0.848
995500,0.115,0.037,0.848
996000,0.105,0.036,0.859
996500,0.108,0.064,0.828
997000,0.115,0.054,0.831
997500,0.121,0.056,0.823
998000,0.099,0.065,0.836
998500,0.116,0.052,0.832
999000,0.134,0.034,0.833
999500,0.160,0.025,0.815
1000000,0.164,0.021,0.816
