time,n_A+p,n_B,n_AB
0,0.030,0.970,0.000
500,0.032,0.938,0.030
1000,0.032,0.864,0.104
1500,0.032,0.811,0.156
2000,0.040,0.794,0.166
2500,0.052,0.727,0.221
3000,0.057,0.618,0.325
3500,0.062,0.610,0.328
4000,0.092,0.526,0.382
4500,0.077,0.494,0.429
5000,0.109,0.414,0.476
5500,0.134,0.447,0.419
6000,0.164,0.414,0.422
6500,0.159,0.323,0.519
7000,0.218,0.323,0.459
7500,0.243,0.268,0.489
8000,0.218,0.273,0.509
8500,0.186,0.266,0.548
9000,0.203,0.273,0.524
9500,0.221,0.290,0.489
10000,0.256,0.270,0.474
10500,0.248,0.206,0.546
11000,0.315,0.199,0.486
11500,0.285,0.253,0.462
12000,0.246,0.218,0.536
12500,0.278,0.189,0.533
13000,0.266,0.206,0.529
13500,0.226,0.263,0.511
14000,0.228,0.258,0.514
14500,0.211,0.256,0.533
15000,0.238,0.243,0.519
15500,0.246,0.258,0.496
16000,0.273,0.208,0.519
16500,0.300,0.216,0.484
17000,0.315,0.184,0.501
17500,0.337,0.179,0.484
18000,0.337,0.169,0.494
18500,0.342,0.151,0.506
19000,0.315,0.144,0.541
19500,0.310,0.171,0.519
20000,0.337,0.179,0.484
20500,0.295,0.146,0.558
21000,0.308,0.201,0.491
21500,0.278,0.171,0.551
22000,0.290,0.218,0.491
22500,0.298,0.179,0.524
23000,0.290,0.194,0.516
23500,0.340,0.164,0.496
24000,0.323,0.181,0.496
24500,0.320,0.169,0.511
25000,0.280,0.171,0.548
25500,0.300,0.166,0.533
26000,0.308,0.179,0.514
26500,0.328,0.164,0.509
27000,0.337,0.144,0.519
27500,0.273,0.161,0.566
28000,0.270,0.221,0.509
28500,0.236,0.238,0.526
29000,0.246,0.233,0.521
29500,0.290,0.194,0.516
30000,0.283,0.206,0.511
30500,0.268,0.203,0.529
31000,0.273,0.199,0.529
31500,0.261,0.223,0.516
32000,0.228,0.211,0.561
32500,0.283,0.176,0.541
33000,0.298,0.196,0.506
33500,0.308,0.216,0.476
34000,0.310,0.196,0.494
34500,0.273,0.233,0.494
35000,0.273,0.203,0.524
35500,0.357,0.161,0.481
36000,0.325,0.171,0.504
36500,0.310,0.176,0.514
37000,0.305,0.221,0.474
37500,0.268,0.194,0.538
38000,0.266,0.171,0.563
38500,0.305,0.186,0.509
39000,0.335,0.169,0.496
39500,0.280,0.159,0.561
40000,0.337,0.149,0.514
40500,0.335,0.171,0.494
41000,0.320,0.206,0.474
41500,0.308,0.238,0.454
42000,0.315,0.221,0.464
42500,0.328,0.171,0.501
43000,0.372,0.171,0.457
43500,0.337,0.199,0.464
44000,0.357,0.161,0.481
44500,0.362,0.132,0.506
45000,0.387,0.132,0.481
45500,0.377,0.139,0.484
46000,0.362,0.144,0.494
46500,0.357,0.141,0.501
47000,0.328,0.127,0.546
47500,0.382,0.134,0.484
48000,0.340,0.156,0.504
48500,0.335,0.159,0.506
49000,0.293,0.164,0.543
49500,0.283,0.191,0.526
50000,0.293,0.246,0.462
50500,0.372,0.186,0.442
51000,0.355,0.169,0.476
51500,0.335,0.181,0.484
52000,0.333,0.184,0.484
52500,0.333,0.154,0.514
53000,0.337,0.144,0.519
53500,0.362,0.114,0.524
54000,0.397,0.099,0.504
54500,0.382,0.132,0.486
55000,0.377,0.114,0.509
55500,0.370,0.124,0.506
56000,0.385,0.127,0.489
56500,0.367,0.109,0.524
57000,0.402,0.112,0.486
57500,0.362,0.119,0.519
58000,0.318,0.184,0.499
58500,0.263,0.211,0.526
59000,0.268,0.196,0.536
59500,0.251,0.208,0.541
60000,0.280,0.186,0.533
60500,0.278,0.201,0.521
61000,0.270,0.196,0.533
61500,0.258,0.228,0.514
62000,0.295,0.166,0.538
62500,0.305,0.176,0.519
63000,0.288,0.199,0.514
63500,0.298,0.186,0.516
64000,0.345,0.181,0.474
64500,0.347,0.176,0.476
65000,0.313,0.171,0.516
65500,0.320,0.171,0.509
66000,0.328,0.151,0.521
66500,0.342,0.171,0.486
67000,0.325,0.139,0.536
67500,0.315,0.144,0.541
68000,0.352,0.124,0.524
68500,0.347,0.149,0.504
69000,0.300,0.208,0.491
69500,0.303,0.194,0.504
70000,0.355,0.169,0.476
70500,0.370,0.129,0.501
71000,0.444,0.149,0.407
71500,0.392,0.149,0.459
72000,0.375,0.156,0.469
72500,0.362,0.164,0.474
73000,0.377,0.117,0.506
73500,0.345,0.151,0.504
74000,0.352,0.141,0.506
74500,0.382,0.164,0.454
75000,0.395,0.151,0.454
75500,0.387,0.161,0.452
76000,0.347,0.151,0.501
76500,0.335,0.174,0.491
77000,0.308,0.179,0.514
77500,0.355,0.176,0.469
78000,0.367,0.161,0.471
78500,0.335,0.169,0.496
79000,0.337,0.184,0.479
79500,0.357,0.159,0.484
80000,0.372,0.161,0.467
80500,0.325,0.164,0.511
81000,0.300,0.171,0.529
81500,0.280,0.186,0.533
82000,0.320,0.161,0.519
82500,0.333,0.196,0.471
83000,0.360,0.124,0.516
83500,0.382,0.134,0.484
84000,0.350,0.134,0.516
84500,0.367,0.151,0.481
85000,0.429,0.122,0.449
85500,0.362,0.136,0.501
86000,0.303,0.164,0.533
86500,0.347,0.191,0.462
87000,0.345,0.186,0.469
87500,0.335,0.146,0.519
88000,0.367,0.136,0.496
88500,0.404,0.164,0.432
89000,0.385,0.144,0.471
89500,0.439,0.161,0.400
90000,0.459,0.114,0.427
90500,0.442,0.154,0.404
91000,0.419,0.154,0.427
91500,0.437,0.136,0.427
92000,0.409,0.154,0.437
92500,0.447,0.122,0.432
93000,0.409,0.129,0.462
93500,0.404,0.117,0.479
94000,0.362,0.119,0.519
94500,0.385,0.136,0.479
95000,0.385,0.114,0.501
95500,0.459,0.072,0.469
96000,0.432,0.104,0.464
96500,0.457,0.074,0.469
97000,0.467,0.087,0.447
97500,0.464,0.069,0.467
98000,0.476,0.057,0.467
98500,0.489,0.092,0.419
99000,0.501,0.089,0.409
99500,0.447,0.094,0.459
100000,0.432,0.117,0.452
100500,0.412,0.107,0.481
101000,0.380,0.114,0.506
101500,0.400,0.114,0.486
102000,0.357,0.141,0.501
102500,0.380,0.151,0.469
103000,0.365,0.144,0.491
103500,0.308,0.154,0.538
104000,0.266,0.159,0.576
104500,0.333,0.146,0.521
105000,0.335,0.144,0.521
105500,0.328,0.129,0.543
106000,0.370,0.144,0.486
106500,0.323,0.151,0.526
107000,0.367,0.129,0.504
107500,0.397,0.129,0.474
108000,0.382,0.112,0.506
108500,0.400,0.119,0.481
109000,0.377,0.127,0.496
109500,0.333,0.124,0.543
110000,0.377,0.119,0.504
110500,0.342,0.136,0.521
111000,0.342,0.129,0.529
111500,0.367,0.139,0.494
112000,0.352,0.141,0.506
112500,0.337,0.161,0.501
113000,0.342,0.154,0.504
113500,0.382,0.119,0.499
114000,0.337,0.154,0.509
114500,0.350,0.136,0.514
115000,0.367,0.114,0.519
115500,0.355,0.151,0.494
116000,0.375,0.161,0.464
116500,0.352,0.156,0.491
117000,0.315,0.231,0.454
117500,0.290,0.213,0.496
118000,0.278,0.206,0.516
118500,0.248,0.251,0.501
119000,0.270,0.228,0.501
119500,0.226,0.246,0.529
120000,0.295,0.196,0.509
120500,0.333,0.181,0.486
121000,0.340,0.181,0.479
121500,0.241,0.251,0.509
122000,0.280,0.246,0.474
122500,0.273,0.243,0.484
123000,0.251,0.208,0.541
123500,0.330,0.196,0.474
124000,0.258,0.258,0.484
124500,0.256,0.228,0.516
125000,0.270,0.218,0.511
125500,0.273,0.213,0.514
126000,0.313,0.199,0.489
126500,0.350,0.166,0.484
127000,0.337,0.132,0.531
127500,0.323,0.129,0.548
128000,0.355,0.161,0.484
128500,0.337,0.199,0.464
129000,0.313,0.181,0.506
129500,0.278,0.194,0.529
130000,0.275,0.206,0.519
130500,0.251,0.226,0.524
131000,0.293,0.246,0.462
131500,0.280,0.218,0.501
132000,0.293,0.211,0.496
132500,0.280,0.223,0.496
133000,0.298,0.223,0.479
133500,0.290,0.189,0.521
134000,0.261,0.216,0.524
134500,0.303,0.208,0.489
135000,0.345,0.211,0.444
135500,0.285,0.184,0.531
136000,0.342,0.208,0.449
136500,0.295,0.223,0.481
137000,0.295,0.213,0.491
137500,0.285,0.201,0.514
138000,0.253,0.171,0.576
138500,0.268,0.213,0.519
139000,0.246,0.223,0.531
139500,0.263,0.208,0.529
140000,0.266,0.211,0.524
140500,0.275,0.238,0.486
141000,0.335,0.181,0.484
141500,0.335,0.161,0.504
142000,0.305,0.174,0.521
142500,0.362,0.196,0.442
143000,0.298,0.201,0.501
143500,0.303,0.161,0.536
144000,0.318,0.203,0.479
144500,0.335,0.199,0.467
145000,0.315,0.181,0.504
145500,0.335,0.169,0.496
146000,0.340,0.166,0.494
146500,0.360,0.146,0.494
147000,0.380,0.144,0.476
147500,0.315,0.174,0.511
148000,0.347,0.139,0.514
148500,0.337,0.139,0.524
149000,0.313,0.169,0.519
149500,0.305,0.159,0.536
150000,0.318,0.201,0.481
150500,0.325,0.196,0.479
151000,0.357,0.161,0.481
151500,0.342,0.186,0.471
152000,0.330,0.171,0.499
152500,0.347,0.189,0.464
153000,0.340,0.141,0.519
153500,0.342,0.122,0.536
154000,0.352,0.151,0.496
154500,0.345,0.151,0.504
155000,0.320,0.134,0.546
155500,0.347,0.149,0.504
156000,0.308,0.156,0.536
156500,0.365,0.139,0.496
157000,0.390,0.191,0.419
157500,0.333,0.171,0.496
158000,0.298,0.186,0.516
158500,0.315,0.161,0.524
159000,0.261,0.174,0.566
159500,0.295,0.176,0.529
160000,0.288,0.181,0.531
160500,0.278,0.159,0.563
161000,0.280,0.159,0.561
161500,0.315,0.156,0.529
162000,0.285,0.179,0.536
162500,0.337,0.169,0.494
163000,0.333,0.122,0.546
163500,0.352,0.109,0.538
164000,0.352,0.129,0.519
164500,0.347,0.117,0.536
165000,0.377,0.117,0.506
165500,0.407,0.122,0.471
166000,0.400,0.102,0.499
166500,0.390,0.127,0.484
167000,0.357,0.132,0.511
167500,0.303,0.201,0.496
168000,0.270,0.184,0.546
168500,0.320,0.139,0.541
169000,0.323,0.139,0.538
169500,0.377,0.139,0.484
170000,0.360,0.149,0.491
170500,0.313,0.218,0.469
171000,0.335,0.186,0.479
171500,0.335,0.139,0.526
172000,0.313,0.171,0.516
172500,0.280,0.166,0.553
173000,0.310,0.146,0.543
173500,0.323,0.132,0.546
174000,0.350,0.139,0.511
174500,0.323,0.184,0.494
175000,0.295,0.194,0.511
175500,0.295,0.164,0.541
176000,0.266,0.189,0.546
176500,0.285,0.206,0.509
177000,0.340,0.176,0.484
177500,0.337,0.179,0.484
178000,0.328,0.171,0.501
178500,0.380,0.151,0.469
179000,0.400,0.161,0.439
179500,0.347,0.132,0.521
180000,0.323,0.154,0.524
180500,0.293,0.176,0.531
181000,0.261,0.238,0.501
181500,0.221,0.231,0.548
182000,0.213,0.203,0.583
182500,0.196,0.251,0.553
183000,0.236,0.258,0.506
183500,0.256,0.241,0.504
184000,0.246,0.251,0.504
184500,0.256,0.199,0.546
185000,0.275,0.221,0.504
185500,0.315,0.208,0.476
186000,0.288,0.196,0.516
186500,0.283,0.201,0.516
187000,0.288,0.201,0.511
187500,0.275,0.246,0.479
188000,0.258,0.256,0.486
188500,0.243,0.251,0.506
189000,0.275,0.238,0.486
189500,0.243,0.263,0.494
190000,0.223,0.273,0.504
190500,0.208,0.268,0.524
191000,0.243,0.266,0.491
191500,0.273,0.203,0.524
192000,0.266,0.174,0.561
192500,0.236,0.206,0.558
193000,0.236,0.236,0.529
193500,0.280,0.171,0.548
194000,0.300,0.176,0.524
194500,0.248,0.156,0.596
195000,0.246,0.231,0.524
195500,0.243,0.228,0.529
196000,0.263,0.221,0.516
196500,0.241,0.196,0.563
197000,0.233,0.218,0.548
197500,0.275,0.213,0.511
198000,0.305,0.154,0.541
198500,0.300,0.169,0.531
199000,0.290,0.189,0.521
199500,0.318,0.156,0.526
200000,0.323,0.159,0.519
200500,0.323,0.159,0.519
201000,0.310,0.146,0.543
201500,0.352,0.159,0.489
202000,0.333,0.156,0.511
202500,0.305,0.203,0.491
203000,0.216,0.241,0.543
203500,0.203,0.293,0.504
204000,0.236,0.283,0.481
204500,0.278,0.228,0.494
205000,0.315,0.189,0.496
205500,0.303,0.189,0.509
206000,0.283,0.213,0.504
206500,0.258,0.201,0.541
207000,0.335,0.136,0.529
207500,0.357,0.144,0.499
208000,0.347,0.159,0.494
208500,0.375,0.161,0.464
209000,0.385,0.136,0.479
209500,0.380,0.141,0.479
210000,0.330,0.132,0.538
210500,0.350,0.149,0.501
211000,0.315,0.166,0.519
211500,0.293,0.154,0.553
212000,0.362,0.141,0.496
212500,0.385,0.166,0.449
213000,0.372,0.122,0.506
213500,0.370,0.132,0.499
214000,0.352,0.119,0.529
214500,0.300,0.164,0.536
215000,0.295,0.149,0.556
215500,0.370,0.139,0.491
216000,0.342,0.139,0.519
216500,0.345,0.127,0.529
217000,0.377,0.127,0.496
217500,0.385,0.097,0.519
218000,0.404,0.099,0.496
218500,0.357,0.132,0.511
219000,0.333,0.169,0.499
219500,0.335,0.161,0.504
220000,0.340,0.151,0.509
220500,0.315,0.189,0.496
221000,0.285,0.191,0.524
221500,0.295,0.236,0.469
222000,0.285,0.203,0.511
222500,0.352,0.179,0.469
223000,0.360,0.176,0.464
223500,0.380,0.154,0.467
224000,0.340,0.164,0.496
224500,0.387,0.129,0.484
225000,0.360,0.129,0.511
225500,0.345,0.132,0.524
226000,0.372,0.134,0.494
226500,0.352,0.139,0.509
227000,0.367,0.109,0.524
227500,0.422,0.089,0.489
228000,0.355,0.114,0.531
228500,0.345,0.141,0.514
229000,0.298,0.164,0.538
229500,0.298,0.189,0.514
230000,0.337,0.184,0.479
230500,0.342,0.129,0.529
231000,0.305,0.151,0.543
231500,0.337,0.149,0.514
232000,0.352,0.136,0.511
232500,0.293,0.213,0.494
233000,0.268,0.228,0.504
233500,0.278,0.191,0.531
234000,0.328,0.109,0.563
234500,0.328,0.129,0.543
235000,0.375,0.109,0.516
235500,0.360,0.139,0.501
236000,0.303,0.151,0.546
236500,0.275,0.184,0.541
237000,0.270,0.191,0.538
237500,0.295,0.166,0.538
238000,0.298,0.174,0.529
238500,0.290,0.179,0.531
239000,0.318,0.154,0.529
239500,0.333,0.134,0.533
240000,0.360,0.119,0.521
240500,0.390,0.129,0.481
241000,0.372,0.179,0.449
241500,0.360,0.156,0.484
242000,0.342,0.127,0.531
242500,0.355,0.146,0.499
243000,0.385,0.144,0.471
243500,0.429,0.087,0.484
244000,0.462,0.067,0.471
244500,0.474,0.084,0.442
245000,0.454,0.097,0.449
245500,0.439,0.092,0.469
246000,0.392,0.122,0.486
246500,0.367,0.139,0.494
247000,0.308,0.184,0.509
247500,0.275,0.223,0.501
248000,0.246,0.263,0.491
248500,0.256,0.243,0.501
249000,0.221,0.258,0.521
249500,0.206,0.275,0.519
250000,0.251,0.261,0.489
250500,0.266,0.246,0.489
251000,0.253,0.233,0.514
251500,0.305,0.251,0.444
252000,0.238,0.226,0.536
252500,0.273,0.206,0.521
253000,0.300,0.181,0.519
253500,0.337,0.171,0.491
254000,0.362,0.164,0.474
254500,0.352,0.154,0.494
255000,0.270,0.181,0.548
255500,0.340,0.176,0.484
256000,0.328,0.186,0.486
256500,0.293,0.199,0.509
257000,0.256,0.211,0.533
257500,0.251,0.223,0.526
258000,0.278,0.156,0.566
258500,0.283,0.164,0.553
259000,0.293,0.211,0.496
259500,0.295,0.231,0.474
260000,0.261,0.189,0.551
260500,0.283,0.166,0.551
261000,0.308,0.174,0.519
261500,0.270,0.266,0.464
262000,0.278,0.268,0.454
262500,0.243,0.258,0.499
263000,0.268,0.201,0.531
263500,0.275,0.194,0.531
264000,0.251,0.223,0.526
264500,0.233,0.201,0.566
265000,0.223,0.228,0.548
265500,0.226,0.206,0.568
266000,0.213,0.256,0.531
266500,0.275,0.258,0.467
267000,0.226,0.261,0.514
267500,0.238,0.266,0.496
268000,0.238,0.273,0.489
268500,0.246,0.270,0.484
269000,0.305,0.221,0.474
269500,0.290,0.221,0.489
270000,0.318,0.203,0.479
270500,0.330,0.166,0.504
271000,0.342,0.199,0.459
271500,0.305,0.199,0.496
272000,0.270,0.191,0.538
272500,0.300,0.169,0.531
273000,0.325,0.166,0.509
273500,0.305,0.196,0.499
274000,0.313,0.218,0.469
274500,0.347,0.184,0.469
275000,0.340,0.166,0.494
275500,0.315,0.176,0.509
276000,0.310,0.194,0.496
276500,0.330,0.151,0.519
277000,0.318,0.139,0.543
277500,0.347,0.154,0.499
278000,0.360,0.136,0.504
278500,0.335,0.132,0.533
279000,0.310,0.161,0.529
279500,0.305,0.203,0.491
280000,0.261,0.186,0.553
280500,0.280,0.196,0.524
281000,0.288,0.171,0.541
281500,0.335,0.186,0.479
282000,0.337,0.186,0.476
282500,0.323,0.176,0.501
283000,0.303,0.144,0.553
283500,0.305,0.174,0.521
284000,0.258,0.221,0.521
284500,0.295,0.231,0.474
285000,0.293,0.213,0.494
285500,0.350,0.201,0.449
286000,0.325,0.149,0.526
286500,0.340,0.199,0.462
287000,0.335,0.146,0.519
287500,0.347,0.186,0.467
288000,0.342,0.181,0.476
288500,0.320,0.189,0.491
289000,0.318,0.146,0.536
289500,0.310,0.181,0.509
290000,0.355,0.136,0.509
290500,0.340,0.144,0.516
291000,0.347,0.181,0.471
291500,0.288,0.194,0.519
292000,0.328,0.159,0.514
292500,0.328,0.171,0.501
293000,0.310,0.151,0.538
293500,0.308,0.176,0.516
294000,0.325,0.154,0.521
294500,0.298,0.184,0.519
295000,0.330,0.189,0.481
295500,0.300,0.171,0.529
296000,0.293,0.208,0.499
296500,0.258,0.211,0.531
297000,0.310,0.179,0.511
297500,0.300,0.201,0.499
298000,0.295,0.211,0.494
298500,0.295,0.256,0.449
299000,0.323,0.223,0.454
299500,0.385,0.174,0.442
300000,0.365,0.136,0.499
300500,0.345,0.166,0.489
301000,0.325,0.179,0.496
301500,0.308,0.206,0.486
302000,0.288,0.231,0.481
302500,0.243,0.226,0.531
303000,0.290,0.223,0.486
303500,0.285,0.184,0.531
304000,0.288,0.186,0.526
304500,0.266,0.159,0.576
305000,0.328,0.144,0.529
305500,0.323,0.144,0.533
306000,0.308,0.161,0.531
306500,0.283,0.199,0.519
307000,0.318,0.174,0.509
307500,0.325,0.191,0.484
308000,0.340,0.181,0.479
308500,0.280,0.221,0.499
309000,0.270,0.191,0.538
309500,0.258,0.191,0.551
310000,0.261,0.184,0.556
310500,0.318,0.191,0.491
311000,0.290,0.201,0.509
311500,0.333,0.179,0.489
312000,0.305,0.181,0.514
312500,0.350,0.181,0.469
313000,0.345,0.136,0.519
313500,0.357,0.124,0.519
314000,0.345,0.161,0.494
314500,0.402,0.104,0.494
315000,0.372,0.122,0.506
315500,0.345,0.174,0.481
316000,0.303,0.171,0.526
316500,0.293,0.206,0.501
317000,0.268,0.211,0.521
317500,0.280,0.206,0.514
318000,0.352,0.208,0.439
318500,0.345,0.171,0.484
319000,0.318,0.184,0.499
319500,0.298,0.221,0.481
320000,0.300,0.159,0.541
320500,0.275,0.171,0.553
321000,0.248,0.191,0.561
321500,0.231,0.221,0.548
322000,0.218,0.248,0.533
322500,0.248,0.236,0.516
323000,0.253,0.201,0.546
323500,0.323,0.144,0.533
324000,0.342,0.099,0.558
324500,0.372,0.136,0.491
325000,0.385,0.114,0.501
325500,0.372,0.112,0.516
326000,0.437,0.107,0.457
326500,0.419,0.112,0.469
327000,0.365,0.151,0.484
327500,0.387,0.112,0.501
328000,0.355,0.146,0.499
328500,0.350,0.176,0.474
329000,0.290,0.223,0.486
329500,0.300,0.208,0.491
330000,0.293,0.181,0.526
330500,0.290,0.174,0.536
331000,0.248,0.223,0.529
331500,0.246,0.206,0.548
332000,0.223,0.218,0.558
332500,0.253,0.221,0.526
333000,0.360,0.179,0.462
333500,0.387,0.122,0.491
334000,0.392,0.122,0.486
334500,0.392,0.132,0.476
335000,0.404,0.102,0.494
335500,0.439,0.109,0.452
336000,0.419,0.109,0.471
336500,0.437,0.119,0.444
337000,0.422,0.114,0.464
337500,0.407,0.129,0.464
338000,0.404,0.097,0.499
338500,0.404,0.109,0.486
339000,0.347,0.119,0.533
339500,0.345,0.151,0.504
340000,0.370,0.146,0.484
340500,0.350,0.141,0.509
341000,0.357,0.141,0.501
341500,0.360,0.174,0.467
342000,0.342,0.218,0.439
342500,0.330,0.171,0.499
343000,0.315,0.169,0.516
343500,0.345,0.141,0.514
344000,0.275,0.166,0.558
344500,0.315,0.151,0.533
345000,0.310,0.156,0.533
345500,0.340,0.141,0.519
346000,0.352,0.141,0.506
346500,0.323,0.134,0.543
347000,0.305,0.176,0.519
347500,0.298,0.184,0.519
348000,0.350,0.159,0.491
348500,0.333,0.136,0.531
349000,0.355,0.134,0.511
349500,0.437,0.112,0.452
350000,0.382,0.119,0.499
350500,0.360,0.134,0.506
351000,0.357,0.154,0.489
351500,0.340,0.139,0.521
352000,0.347,0.139,0.514
352500,0.357,0.112,0.531
353000,0.387,0.114,0.499
353500,0.400,0.114,0.486
354000,0.382,0.127,0.491
354500,0.367,0.149,0.484
355000,0.305,0.159,0.536
355500,0.333,0.196,0.471
356000,0.320,0.194,0.486
356500,0.397,0.154,0.449
357000,0.397,0.136,0.467
357500,0.387,0.144,0.469
358000,0.385,0.136,0.479
358500,0.315,0.176,0.509
359000,0.310,0.164,0.526
359500,0.352,0.179,0.469
360000,0.355,0.146,0.499
360500,0.370,0.134,0.496
361000,0.298,0.184,0.519
361500,0.293,0.201,0.506
362000,0.313,0.149,0.538
362500,0.323,0.169,0.509
363000,0.315,0.169,0.516
363500,0.285,0.169,0.546
364000,0.320,0.164,0.516
364500,0.335,0.211,0.454
365000,0.315,0.161,0.524
365500,0.325,0.154,0.521
366000,0.347,0.166,0.486
366500,0.328,0.136,0.536
367000,0.325,0.186,0.489
367500,0.347,0.169,0.484
368000,0.340,0.156,0.504
368500,0.350,0.156,0.494
369000,0.323,0.144,0.533
369500,0.325,0.151,0.524
370000,0.330,0.114,0.556
370500,0.355,0.112,0.533
371000,0.325,0.146,0.529
371500,0.335,0.221,0.444
372000,0.270,0.189,0.541
372500,0.335,0.161,0.504
373000,0.330,0.139,0.531
373500,0.342,0.117,0.541
374000,0.360,0.122,0.519
374500,0.350,0.141,0.509
375000,0.335,0.146,0.519
375500,0.300,0.161,0.538
376000,0.280,0.181,0.538
376500,0.315,0.166,0.519
377000,0.337,0.151,0.511
377500,0.375,0.171,0.454
378000,0.387,0.174,0.439
378500,0.400,0.141,0.459
379000,0.337,0.169,0.494
379500,0.352,0.196,0.452
380000,0.305,0.159,0.536
380500,0.273,0.186,0.541
381000,0.283,0.181,0.536
381500,0.283,0.191,0.526
382000,0.288,0.176,0.536
382500,0.328,0.164,0.509
383000,0.347,0.141,0.511
383500,0.275,0.171,0.553
384000,0.357,0.159,0.484
384500,0.310,0.151,0.538
385000,0.362,0.132,0.506
385500,0.335,0.144,0.521
386000,0.335,0.139,0.526
386500,0.352,0.171,0.476
387000,0.342,0.176,0.481
387500,0.347,0.186,0.467
388000,0.335,0.141,0.524
388500,0.375,0.146,0.479
389000,0.380,0.166,0.454
389500,0.362,0.139,0.499
390000,0.370,0.122,0.509
390500,0.345,0.181,0.474
391000,0.375,0.191,0.434
391500,0.360,0.184,0.457
392000,0.320,0.184,0.496
392500,0.298,0.206,0.496
393000,0.340,0.196,0.464
393500,0.367,0.199,0.434
394000,0.320,0.211,0.469
394500,0.330,0.141,0.529
395000,0.380,0.107,0.514
395500,0.447,0.092,0.462
396000,0.449,0.082,0.469
396500,0.439,0.092,0.469
397000,0.409,0.119,0.471
397500,0.429,0.141,0.429
398000,0.395,0.156,0.449
398500,0.315,0.179,0.506
399000,0.347,0.194,0.459
399500,0.372,0.206,0.422
400000,0.333,0.176,0.491
400500,0.333,0.161,0.506
401000,0.313,0.169,0.519
401500,0.295,0.146,0.558
402000,0.290,0.199,0.511
402500,0.320,0.146,0.533
403000,0.298,0.189,0.514
403500,0.395,0.159,0.447
404000,0.437,0.149,0.414
404500,0.409,0.164,0.427
405000,0.429,0.134,0.437
405500,0.454,0.122,0.424
406000,0.462,0.104,0.434
406500,0.442,0.107,0.452
407000,0.409,0.114,0.476
407500,0.412,0.132,0.457
408000,0.409,0.141,0.449
408500,0.367,0.107,0.526
409000,0.372,0.107,0.521
409500,0.357,0.122,0.521
410000,0.330,0.154,0.516
410500,0.335,0.174,0.491
411000,0.325,0.189,0.486
411500,0.320,0.181,0.499
412000,0.288,0.221,0.491
412500,0.300,0.223,0.476
413000,0.330,0.206,0.464
413500,0.325,0.169,0.506
414000,0.352,0.141,0.506
414500,0.357,0.184,0.459
415000,0.323,0.164,0.514
415500,0.380,0.129,0.491
416000,0.434,0.109,0.457
416500,0.414,0.109,0.476
417000,0.402,0.146,0.452
417500,0.362,0.144,0.494
418000,0.400,0.122,0.479
418500,0.417,0.164,0.419
419000,0.377,0.156,0.467
419500,0.357,0.129,0.514
420000,0.370,0.156,0.474
420500,0.392,0.102,0.506
421000,0.350,0.136,0.514
421500,0.375,0.159,0.467
422000,0.357,0.109,0.533
422500,0.380,0.129,0.491
423000,0.315,0.144,0.541
423500,0.328,0.171,0.501
424000,0.362,0.166,0.471
424500,0.367,0.122,0.511
425000,0.390,0.112,0.499
425500,0.357,0.149,0.494
426000,0.407,0.122,0.471
426500,0.380,0.097,0.524
427000,0.345,0.094,0.561
427500,0.325,0.112,0.563
428000,0.318,0.171,0.511
428500,0.303,0.203,0.494
429000,0.263,0.203,0.533
429500,0.305,0.186,0.509
430000,0.268,0.238,0.494
430500,0.221,0.241,0.538
431000,0.261,0.251,0.489
431500,0.278,0.270,0.452
432000,0.228,0.258,0.514
432500,0.293,0.221,0.486
433000,0.313,0.181,0.506
433500,0.315,0.139,0.546
434000,0.337,0.154,0.509
434500,0.375,0.117,0.509
435000,0.377,0.149,0.474
435500,0.337,0.119,0.543
436000,0.347,0.151,0.501
436500,0.397,0.097,0.506
437000,0.417,0.084,0.499
437500,0.424,0.112,0.464
438000,0.395,0.161,0.444
438500,0.370,0.161,0.469
439000,0.397,0.151,0.452
439500,0.328,0.134,0.538
440000,0.350,0.139,0.511
440500,0.350,0.117,0.533
441000,0.337,0.114,0.548
441500,0.409,0.159,0.432
442000,0.442,0.134,0.424
442500,0.387,0.146,0.467
443000,0.355,0.159,0.486
443500,0.365,0.166,0.469
444000,0.380,0.129,0.491
444500,0.407,0.112,0.481
445000,0.335,0.144,0.521
445500,0.377,0.127,0.496
446000,0.360,0.164,0.476
446500,0.404,0.169,0.427
447000,0.382,0.104,0.514
447500,0.427,0.119,0.454
448000,0.429,0.104,0.467
448500,0.409,0.136,0.454
449000,0.362,0.146,0.491
449500,0.395,0.141,0.464
450000,0.340,0.141,0.519
450500,0.382,0.107,0.511
451000,0.422,0.099,0.479
451500,0.402,0.077,0.521
452000,0.377,0.141,0.481
452500,0.370,0.122,0.509
453000,0.357,0.117,0.526
453500,0.352,0.149,0.499
454000,0.345,0.151,0.504
454500,0.308,0.191,0.501
455000,0.340,0.171,0.489
455500,0.337,0.174,0.489
456000,0.372,0.169,0.459
456500,0.337,0.171,0.491
457000,0.342,0.124,0.533
457500,0.337,0.124,0.538
458000,0.323,0.144,0.533
458500,0.295,0.169,0.536
459000,0.305,0.208,0.486
459500,0.323,0.186,0.491
460000,0.290,0.154,0.556
460500,0.330,0.139,0.531
461000,0.261,0.211,0.529
461500,0.293,0.179,0.529
462000,0.352,0.139,0.509
462500,0.365,0.132,0.504
463000,0.372,0.136,0.491
463500,0.335,0.151,0.514
464000,0.275,0.159,0.566
464500,0.285,0.213,0.501
465000,0.290,0.201,0.509
465500,0.266,0.241,0.494
466000,0.256,0.206,0.538
466500,0.318,0.218,0.464
467000,0.280,0.228,0.491
467500,0.268,0.223,0.509
468000,0.270,0.261,0.469
468500,0.285,0.206,0.509
469000,0.275,0.221,0.504
469500,0.315,0.194,0.491
470000,0.330,0.203,0.467
470500,0.352,0.171,0.476
471000,0.365,0.127,0.509
471500,0.357,0.154,0.489
472000,0.355,0.146,0.499
472500,0.345,0.169,0.486
473000,0.335,0.164,0.501
473500,0.280,0.196,0.524
474000,0.295,0.223,0.481
474500,0.280,0.201,0.519
475000,0.283,0.174,0.543
475500,0.288,0.184,0.529
476000,0.270,0.176,0.553
476500,0.266,0.184,0.551
477000,0.275,0.256,0.469
477500,0.258,0.251,0.491
478000,0.248,0.226,0.526
478500,0.256,0.206,0.538
479000,0.298,0.189,0.514
479500,0.340,0.171,0.489
480000,0.310,0.181,0.509
480500,0.266,0.171,0.563
481000,0.270,0.181,0.548
481500,0.275,0.211,0.514
482000,0.293,0.189,0.519
482500,0.313,0.176,0.511
483000,0.352,0.132,0.516
483500,0.419,0.136,0.444
484000,0.409,0.149,0.442
484500,0.409,0.114,0.476
485000,0.357,0.122,0.521
485500,0.350,0.141,0.509
486000,0.377,0.109,0.514
486500,0.437,0.099,0.464
487000,0.449,0.087,0.464
487500,0.432,0.082,0.486
488000,0.442,0.084,0.474
488500,0.489,0.087,0.424
489000,0.486,0.092,0.422
489500,0.459,0.102,0.439
490000,0.407,0.067,0.526
490500,0.402,0.104,0.494
491000,0.397,0.087,0.516
491500,0.342,0.159,0.499
492000,0.285,0.191,0.524
492500,0.273,0.174,0.553
493000,0.253,0.221,0.526
493500,0.275,0.208,0.516
494000,0.340,0.171,0.489
494500,0.328,0.184,0.489
495000,0.325,0.196,0.479
495500,0.328,0.189,0.484
496000,0.285,0.216,0.499
496500,0.335,0.179,0.486
497000,0.313,0.174,0.514
497500,0.325,0.159,0.516
498000,0.333,0.154,0.514
498500,0.340,0.181,0.479
499000,0.350,0.201,0.449
499500,0.362,0.164,0.474
500000,0.362,0.184,0.454
500500,0.357,0.149,0.494
501000,0.360,0.099,0.541
501500,0.365,0.124,0.511
502000,0.325,0.196,0.479
502500,0.298,0.213,0.489
503000,0.288,0.154,0.558
503500,0.290,0.149,0.561
504000,0.285,0.196,0.519
504500,0.258,0.206,0.536
505000,0.278,0.216,0.506
505500,0.288,0.171,0.541
506000,0.357,0.151,0.491
506500,0.414,0.171,0.414
507000,0.352,0.189,0.459
507500,0.330,0.144,0.526
508000,0.367,0.149,0.484
508500,0.407,0.156,0.437
509000,0.429,0.127,0.444
509500,0.459,0.119,0.422
510000,0.467,0.079,0.454
510500,0.471,0.112,0.417
511000,0.429,0.107,0.464
511500,0.449,0.117,0.434
512000,0.454,0.122,0.424
512500,0.427,0.122,0.452
513000,0.407,0.124,0.469
513500,0.409,0.136,0.454
514000,0.392,0.159,0.449
514500,0.382,0.171,0.447
515000,0.402,0.164,0.434
515500,0.357,0.146,0.496
516000,0.330,0.161,0.509
516500,0.357,0.144,0.499
517000,0.360,0.159,0.481
517500,0.367,0.161,0.471
518000,0.325,0.154,0.521
518500,0.313,0.117,0.571
519000,0.310,0.171,0.519
519500,0.320,0.159,0.521
520000,0.290,0.156,0.553
520500,0.275,0.191,0.533
521000,0.261,0.208,0.531
521500,0.300,0.226,0.474
522000,0.295,0.226,0.479
522500,0.290,0.233,0.476
523000,0.275,0.223,0.501
523500,0.246,0.241,0.514
524000,0.295,0.194,0.511
524500,0.275,0.174,0.551
525000,0.305,0.216,0.479
525500,0.392,0.186,0.422
526000,0.370,0.174,0.457
526500,0.323,0.223,0.454
527000,0.352,0.156,0.491
527500,0.357,0.166,0.476
528000,0.345,0.129,0.526
528500,0.367,0.132,0.501
529000,0.390,0.139,0.471
529500,0.424,0.136,0.439
530000,0.370,0.132,0.499
530500,0.365,0.174,0.462
531000,0.347,0.144,0.509
531500,0.357,0.181,0.462
532000,0.283,0.186,0.531
532500,0.285,0.201,0.514
533000,0.243,0.228,0.529
533500,0.295,0.241,0.464
534000,0.236,0.194,0.571
534500,0.243,0.263,0.494
535000,0.278,0.236,0.486
535500,0.275,0.208,0.516
536000,0.268,0.201,0.531
536500,0.290,0.191,0.519
537000,0.283,0.149,0.568
537500,0.300,0.169,0.531
538000,0.303,0.196,0.501
538500,0.323,0.151,0.526
539000,0.305,0.221,0.474
539500,0.273,0.201,0.526
540000,0.285,0.228,0.486
540500,0.293,0.189,0.519
541000,0.340,0.159,0.501
541500,0.313,0.146,0.541
542000,0.300,0.169,0.531
542500,0.278,0.189,0.533
543000,0.293,0.186,0.521
543500,0.288,0.213,0.499
544000,0.238,0.246,0.516
544500,0.243,0.206,0.551
545000,0.236,0.243,0.521
545500,0.208,0.261,0.531
546000,0.218,0.248,0.533
546500,0.293,0.186,0.521
547000,0.305,0.184,0.511
547500,0.246,0.231,0.524
548000,0.261,0.208,0.531
548500,0.266,0.216,0.519
549000,0.236,0.228,0.536
549500,0.248,0.218,0.533
550000,0.238,0.261,0.501
550500,0.256,0.228,0.516
551000,0.266,0.194,0.541
551500,0.228,0.194,0.578
552000,0.293,0.196,0.511
552500,0.303,0.211,0.486
553000,0.298,0.176,0.526
553500,0.320,0.181,0.499
554000,0.345,0.171,0.484
554500,0.347,0.164,0.489
555000,0.342,0.166,0.491
555500,0.355,0.159,0.486
556000,0.318,0.179,0.504
556500,0.266,0.194,0.541
557000,0.231,0.213,0.556
557500,0.241,0.223,0.536
558000,0.243,0.196,0.561
558500,0.283,0.174,0.543
559000,0.256,0.243,0.501
559500,0.290,0.203,0.506
560000,0.258,0.191,0.551
560500,0.283,0.174,0.543
561000,0.258,0.199,0.543
561500,0.248,0.206,0.546
562000,0.285,0.169,0.546
562500,0.333,0.149,0.519
563000,0.333,0.139,0.529
563500,0.288,0.179,0.533
564000,0.295,0.184,0.521
564500,0.315,0.166,0.519
565000,0.335,0.181,0.484
565500,0.387,0.139,0.474
566000,0.352,0.136,0.511
566500,0.380,0.122,0.499
567000,0.330,0.154,0.516
567500,0.345,0.117,0.538
568000,0.395,0.144,0.462
568500,0.400,0.144,0.457
569000,0.355,0.119,0.526
569500,0.372,0.099,0.529
570000,0.362,0.146,0.491
570500,0.395,0.134,0.471
571000,0.370,0.141,0.489
571500,0.350,0.144,0.506
572000,0.303,0.164,0.533
572500,0.337,0.141,0.521
573000,0.323,0.211,0.467
573500,0.273,0.216,0.511
574000,0.241,0.199,0.561
574500,0.275,0.223,0.501
575000,0.208,0.280,0.511
575500,0.211,0.256,0.533
576000,0.253,0.263,0.484
576500,0.263,0.223,0.514
577000,0.298,0.201,0.501
577500,0.290,0.221,0.489
578000,0.313,0.181,0.506
578500,0.241,0.184,0.576
579000,0.268,0.191,0.541
579500,0.258,0.199,0.543
580000,0.221,0.243,0.536
580500,0.258,0.218,0.524
581000,0.251,0.236,0.514
581500,0.273,0.226,0.501
582000,0.285,0.206,0.509
582500,0.303,0.196,0.501
583000,0.310,0.151,0.538
583500,0.375,0.156,0.469
584000,0.350,0.159,0.491
584500,0.330,0.119,0.551
585000,0.367,0.119,0.514
585500,0.342,0.149,0.509
586000,0.300,0.159,0.541
586500,0.335,0.174,0.491
587000,0.402,0.151,0.447
587500,0.395,0.134,0.471
588000,0.402,0.181,0.417
588500,0.360,0.186,0.454
589000,0.333,0.213,0.454
589500,0.328,0.216,0.457
590000,0.330,0.194,0.476
590500,0.313,0.201,0.486
591000,0.283,0.233,0.484
591500,0.253,0.216,0.531
592000,0.275,0.208,0.516
592500,0.325,0.184,0.491
593000,0.256,0.203,0.541
593500,0.288,0.184,0.529
594000,0.318,0.184,0.499
594500,0.278,0.166,0.556
595000,0.261,0.179,0.561
595500,0.278,0.243,0.479
596000,0.261,0.216,0.524
596500,0.283,0.241,0.476
597000,0.248,0.258,0.494
597500,0.251,0.248,0.501
598000,0.261,0.226,0.514
598500,0.310,0.176,0.514
599000,0.295,0.186,0.519
599500,0.308,0.191,0.501
600000,0.333,0.149,0.519
600500,0.370,0.151,0.479
601000,0.397,0.136,0.467
601500,0.352,0.159,0.489
602000,0.407,0.122,0.471
602500,0.350,0.186,0.464
603000,0.303,0.184,0.514
603500,0.342,0.154,0.504
604000,0.342,0.154,0.504
604500,0.345,0.161,0.494
605000,0.414,0.151,0.434
605500,0.459,0.124,0.417
606000,0.467,0.092,0.442
606500,0.452,0.079,0.469
607000,0.442,0.102,0.457
607500,0.400,0.102,0.499
608000,0.380,0.119,0.501
608500,0.320,0.174,0.506
609000,0.293,0.186,0.521
609500,0.325,0.151,0.524
610000,0.375,0.129,0.496
610500,0.377,0.136,0.486
611000,0.385,0.151,0.464
611500,0.367,0.124,0.509
612000,0.407,0.119,0.474
612500,0.449,0.099,0.452
613000,0.464,0.119,0.417
613500,0.459,0.067,0.474
614000,0.414,0.107,0.479
614500,0.422,0.114,0.464
615000,0.417,0.119,0.464
615500,0.367,0.104,0.529
616000,0.437,0.089,0.474
616500,0.442,0.102,0.457
617000,0.409,0.094,0.496
617500,0.355,0.129,0.516
618000,0.318,0.134,0.548
618500,0.357,0.154,0.489
619000,0.345,0.124,0.531
619500,0.305,0.169,0.526
620000,0.340,0.149,0.511
620500,0.342,0.141,0.516
621000,0.380,0.127,0.494
621500,0.375,0.124,0.501
622000,0.397,0.146,0.457
622500,0.377,0.109,0.514
623000,0.355,0.132,0.514
623500,0.367,0.136,0.496
624000,0.397,0.132,0.471
624500,0.404,0.141,0.454
625000,0.392,0.114,0.494
625500,0.380,0.124,0.496
626000,0.449,0.079,0.471
626500,0.479,0.104,0.417
627000,0.474,0.102,0.424
627500,0.432,0.119,0.449
628000,0.367,0.136,0.496
628500,0.392,0.154,0.454
629000,0.370,0.174,0.457
629500,0.367,0.156,0.476
630000,0.382,0.154,0.464
630500,0.365,0.156,0.479
631000,0.345,0.169,0.486
631500,0.362,0.151,0.486
632000,0.385,0.151,0.464
632500,0.350,0.129,0.521
633000,0.409,0.119,0.471
633500,0.404,0.129,0.467
634000,0.385,0.149,0.467
634500,0.362,0.159,0.479
635000,0.357,0.149,0.494
635500,0.288,0.203,0.509
636000,0.280,0.211,0.509
636500,0.236,0.263,0.501
637000,0.233,0.298,0.469
637500,0.226,0.288,0.486
638000,0.253,0.253,0.494
638500,0.300,0.226,0.474
639000,0.288,0.201,0.511
639500,0.313,0.221,0.467
640000,0.325,0.151,0.524
640500,0.330,0.181,0.489
641000,0.313,0.203,0.484
641500,0.315,0.189,0.496
642000,0.323,0.176,0.501
642500,0.323,0.146,0.531
643000,0.333,0.228,0.439
643500,0.342,0.199,0.459
644000,0.290,0.241,0.469
644500,0.270,0.174,0.556
645000,0.298,0.231,0.471
645500,0.275,0.211,0.514
646000,0.268,0.186,0.546
646500,0.233,0.243,0.524
647000,0.231,0.189,0.581
647500,0.233,0.194,0.573
648000,0.283,0.228,0.489
648500,0.253,0.270,0.476
649000,0.218,0.253,0.529
649500,0.256,0.238,0.506
650000,0.290,0.203,0.506
650500,0.258,0.216,0.526
651000,0.278,0.154,0.568
651500,0.303,0.141,0.556
652000,0.385,0.141,0.474
652500,0.427,0.097,0.476
653000,0.333,0.134,0.533
653500,0.318,0.166,0.516
654000,0.330,0.196,0.474
654500,0.290,0.206,0.504
655000,0.308,0.161,0.531
655500,0.278,0.211,0.511
656000,0.313,0.184,0.504
656500,0.335,0.136,0.529
657000,0.303,0.166,0.531
657500,0.333,0.191,0.476
658000,0.342,0.181,0.476
658500,0.293,0.189,0.519
659000,0.283,0.176,0.541
659500,0.313,0.194,0.494
660000,0.261,0.201,0.538
660500,0.288,0.196,0.516
661000,0.298,0.206,0.496
661500,0.300,0.181,0.519
662000,0.350,0.156,0.494
662500,0.335,0.136,0.529
663000,0.392,0.122,0.486
663500,0.320,0.102,0.578
664000,0.362,0.132,0.506
664500,0.328,0.154,0.519
665000,0.382,0.149,0.469
665500,0.313,0.139,0.548
666000,0.303,0.146,0.551
666500,0.305,0.161,0.533
667000,0.293,0.151,0.556
667500,0.253,0.216,0.531
668000,0.261,0.223,0.516
668500,0.273,0.201,0.526
669000,0.258,0.174,0.568
669500,0.231,0.194,0.576
670000,0.238,0.228,0.533
670500,0.248,0.251,0.501
671000,0.298,0.194,0.509
671500,0.305,0.191,0.504
672000,0.315,0.171,0.514
672500,0.253,0.181,0.566
673000,0.320,0.176,0.504
673500,0.298,0.166,0.536
674000,0.251,0.211,0.538
674500,0.285,0.199,0.516
675000,0.328,0.144,0.529
675500,0.352,0.154,0.494
676000,0.330,0.161,0.509
676500,0.360,0.132,0.509
677000,0.308,0.117,0.576
677500,0.335,0.176,0.489
678000,0.323,0.127,0.551
678500,0.357,0.141,0.501
679000,0.375,0.161,0.464
679500,0.387,0.151,0.462
680000,0.360,0.151,0.489
680500,0.412,0.127,0.462
681000,0.400,0.136,0.464
681500,0.390,0.164,0.447
682000,0.380,0.169,0.452
682500,0.352,0.159,0.489
683000,0.362,0.161,0.476
683500,0.380,0.129,0.491
684000,0.387,0.144,0.469
684500,0.357,0.179,0.464
685000,0.347,0.169,0.484
685500,0.340,0.186,0.474
686000,0.355,0.149,0.496
686500,0.367,0.109,0.524
687000,0.337,0.129,0.533
687500,0.325,0.171,0.504
688000,0.295,0.161,0.543
688500,0.305,0.124,0.571
689000,0.308,0.154,0.538
689500,0.333,0.139,0.529
690000,0.337,0.164,0.499
690500,0.323,0.194,0.484
691000,0.298,0.166,0.536
691500,0.325,0.146,0.529
692000,0.325,0.179,0.496
692500,0.337,0.151,0.511
693000,0.345,0.154,0.501
693500,0.362,0.124,0.514
694000,0.400,0.132,0.469
694500,0.382,0.124,0.494
695000,0.328,0.164,0.509
695500,0.350,0.104,0.546
696000,0.345,0.141,0.514
696500,0.407,0.141,0.452
697000,0.417,0.122,0.462
697500,0.362,0.127,0.511
698000,0.365,0.127,0.509
698500,0.347,0.149,0.504
699000,0.310,0.171,0.519
699500,0.290,0.233,0.476
700000,0.275,0.216,0.509
700500,0.303,0.218,0.479
701000,0.258,0.213,0.529
701500,0.243,0.248,0.509
702000,0.233,0.248,0.519
702500,0.273,0.223,0.504
703000,0.238,0.256,0.506
703500,0.283,0.218,0.499
704000,0.275,0.236,0.489
704500,0.352,0.166,0.481
705000,0.345,0.171,0.484
705500,0.367,0.156,0.476
706000,0.340,0.154,0.506
706500,0.320,0.176,0.504
707000,0.298,0.141,0.561
707500,0.330,0.159,0.511
708000,0.375,0.139,0.486
708500,0.300,0.166,0.533
709000,0.298,0.194,0.509
709500,0.335,0.196,0.469
710000,0.335,0.149,0.516
710500,0.315,0.154,0.531
711000,0.333,0.161,0.506
711500,0.313,0.156,0.531
712000,0.303,0.194,0.504
712500,0.288,0.191,0.521
713000,0.350,0.161,0.489
713500,0.372,0.109,0.519
714000,0.337,0.201,0.462
714500,0.318,0.174,0.509
715000,0.300,0.201,0.499
715500,0.323,0.154,0.524
716000,0.328,0.159,0.514
716500,0.285,0.184,0.531
717000,0.313,0.179,0.509
717500,0.333,0.211,0.457
718000,0.330,0.169,0.501
718500,0.303,0.213,0.484
719000,0.308,0.179,0.514
719500,0.290,0.159,0.551
720000,0.305,0.134,0.561
720500,0.273,0.159,0.568
721000,0.218,0.199,0.583
721500,0.218,0.196,0.586
722000,0.266,0.154,0.581
722500,0.298,0.208,0.494
723000,0.290,0.164,0.546
723500,0.298,0.201,0.501
724000,0.270,0.216,0.514
724500,0.273,0.208,0.519
725000,0.268,0.186,0.546
725500,0.298,0.164,0.538
726000,0.293,0.191,0.516
726500,0.246,0.226,0.529
727000,0.295,0.176,0.529
727500,0.246,0.206,0.548
728000,0.226,0.206,0.568
728500,0.228,0.218,0.553
729000,0.295,0.159,0.546
729500,0.290,0.216,0.494
730000,0.253,0.251,0.496
730500,0.251,0.246,0.504
731000,0.261,0.223,0.516
731500,0.283,0.236,0.481
732000,0.300,0.189,0.511
732500,0.288,0.161,0.551
733000,0.273,0.199,0.529
733500,0.280,0.216,0.504
734000,0.270,0.256,0.474
734500,0.278,0.216,0.506
735000,0.256,0.233,0.511
735500,0.278,0.223,0.499
736000,0.280,0.203,0.516
736500,0.275,0.194,0.531
737000,0.290,0.211,0.499
737500,0.261,0.216,0.524
738000,0.216,0.213,0.571
738500,0.243,0.228,0.529
739000,0.241,0.221,0.538
739500,0.258,0.251,0.491
740000,0.238,0.275,0.486
740500,0.258,0.243,0.499
741000,0.233,0.293,0.474
741500,0.233,0.243,0.524
742000,0.181,0.253,0.566
742500,0.228,0.241,0.531
743000,0.246,0.258,0.496
743500,0.236,0.236,0.529
744000,0.318,0.184,0.499
744500,0.333,0.122,0.546
745000,0.360,0.171,0.469
745500,0.323,0.159,0.519
746000,0.290,0.201,0.509
746500,0.303,0.203,0.494
747000,0.315,0.159,0.526
747500,0.320,0.154,0.526
748000,0.342,0.169,0.489
748500,0.395,0.127,0.479
749000,0.342,0.164,0.494
749500,0.303,0.181,0.516
750000,0.285,0.156,0.558
750500,0.325,0.181,0.494
751000,0.320,0.171,0.509
751500,0.290,0.181,0.529
752000,0.273,0.199,0.529
752500,0.256,0.213,0.531
753000,0.293,0.233,0.474
753500,0.233,0.213,0.553
754000,0.261,0.186,0.553
754500,0.295,0.169,0.536
755000,0.275,0.171,0.553
755500,0.315,0.161,0.524
756000,0.320,0.144,0.536
756500,0.320,0.199,0.481
757000,0.310,0.171,0.519
757500,0.273,0.166,0.561
758000,0.308,0.144,0.548
758500,0.330,0.117,0.553
759000,0.375,0.104,0.521
759500,0.355,0.119,0.526
760000,0.360,0.129,0.511
760500,0.367,0.169,0.464
761000,0.325,0.191,0.484
761500,0.315,0.164,0.521
762000,0.375,0.151,0.474
762500,0.350,0.159,0.491
763000,0.323,0.161,0.516
763500,0.380,0.141,0.479
764000,0.367,0.146,0.486
764500,0.290,0.159,0.551
765000,0.340,0.176,0.484
765500,0.328,0.156,0.516
766000,0.342,0.189,0.469
766500,0.385,0.179,0.437
767000,0.342,0.176,0.481
767500,0.333,0.132,0.536
768000,0.333,0.194,0.474
768500,0.352,0.169,0.479
769000,0.303,0.166,0.531
769500,0.387,0.156,0.457
770000,0.335,0.169,0.496
770500,0.333,0.134,0.533
771000,0.323,0.154,0.524
771500,0.330,0.132,0.538
772000,0.367,0.124,0.509
772500,0.362,0.156,0.481
773000,0.377,0.156,0.467
773500,0.412,0.132,0.457
774000,0.424,0.124,0.452
774500,0.439,0.094,0.467
775000,0.409,0.087,0.504
775500,0.404,0.129,0.467
776000,0.390,0.124,0.486
776500,0.345,0.176,0.479
777000,0.323,0.171,0.506
777500,0.300,0.171,0.529
778000,0.313,0.191,0.496
778500,0.290,0.186,0.524
779000,0.233,0.216,0.551
779500,0.261,0.226,0.514
780000,0.243,0.211,0.546
780500,0.278,0.231,0.491
781000,0.261,0.266,0.474
781500,0.228,0.278,0.494
782000,0.251,0.283,0.467
782500,0.241,0.256,0.504
783000,0.280,0.233,0.486
783500,0.270,0.223,0.506
784000,0.320,0.201,0.479
784500,0.377,0.196,0.427
785000,0.315,0.176,0.509
785500,0.270,0.213,0.516
786000,0.288,0.238,0.474
786500,0.228,0.248,0.524
787000,0.258,0.253,0.489
787500,0.251,0.233,0.516
788000,0.243,0.201,0.556
788500,0.241,0.226,0.533
789000,0.325,0.199,0.476
789500,0.323,0.199,0.479
790000,0.360,0.122,0.519
790500,0.350,0.176,0.474
791000,0.328,0.146,0.526
791500,0.360,0.136,0.504
792000,0.347,0.144,0.509
792500,0.308,0.186,0.506
793000,0.323,0.102,0.576
793500,0.362,0.141,0.496
794000,0.333,0.134,0.533
794500,0.377,0.102,0.521
795000,0.355,0.124,0.521
795500,0.422,0.127,0.452
796000,0.365,0.109,0.526
796500,0.352,0.156,0.491
797000,0.330,0.159,0.511
797500,0.330,0.136,0.533
798000,0.375,0.107,0.519
798500,0.337,0.159,0.504
799000,0.360,0.141,0.499
799500,0.320,0.151,0.529
800000,0.360,0.146,0.494
800500,0.380,0.144,0.476
801000,0.355,0.141,0.504
801500,0.397,0.136,0.467
802000,0.392,0.109,0.499
802500,0.352,0.139,0.509
803000,0.400,0.136,0.464
803500,0.377,0.132,0.491
804000,0.387,0.109,0.504
804500,0.385,0.112,0.504
805000,0.395,0.114,0.491
805500,0.340,0.156,0.504
806000,0.290,0.181,0.529
806500,0.328,0.184,0.489
807000,0.328,0.208,0.464
807500,0.288,0.176,0.536
808000,0.288,0.166,0.546
808500,0.298,0.184,0.519
809000,0.355,0.141,0.504
809500,0.318,0.189,0.494
810000,0.320,0.136,0.543
810500,0.352,0.184,0.464
811000,0.377,0.164,0.459
811500,0.370,0.169,0.462
812000,0.395,0.127,0.479
812500,0.395,0.174,0.432
813000,0.390,0.139,0.471
813500,0.345,0.174,0.481
814000,0.337,0.184,0.479
814500,0.315,0.149,0.536
815000,0.323,0.169,0.509
815500,0.325,0.141,0.533
816000,0.370,0.122,0.509
816500,0.380,0.124,0.496
817000,0.382,0.134,0.484
817500,0.380,0.132,0.489
818000,0.417,0.094,0.489
818500,0.382,0.122,0.496
819000,0.367,0.127,0.506
819500,0.365,0.127,0.509
820000,0.325,0.164,0.511
820500,0.340,0.156,0.504
821000,0.333,0.161,0.506
821500,0.347,0.164,0.489
822000,0.350,0.199,0.452
822500,0.352,0.139,0.509
823000,0.367,0.139,0.494
823500,0.392,0.146,0.462
824000,0.370,0.171,0.459
824500,0.385,0.151,0.464
825000,0.387,0.149,0.464
825500,0.422,0.119,0.459
826000,0.419,0.112,0.469
826500,0.464,0.112,0.424
827000,0.459,0.089,0.452
827500,0.457,0.077,0.467
828000,0.459,0.092,0.449
828500,0.464,0.094,0.442
829000,0.429,0.174,0.397
829500,0.390,0.117,0.494
830000,0.397,0.102,0.501
830500,0.392,0.104,0.504
831000,0.352,0.166,0.481
831500,0.340,0.139,0.521
832000,0.325,0.156,0.519
832500,0.370,0.134,0.496
833000,0.333,0.201,0.467
833500,0.345,0.134,0.521
834000,0.310,0.169,0.521
834500,0.280,0.196,0.524
835000,0.275,0.218,0.506
835500,0.330,0.189,0.481
836000,0.323,0.186,0.491
836500,0.325,0.199,0.476
837000,0.333,0.156,0.511
837500,0.357,0.124,0.519
838000,0.340,0.129,0.531
838500,0.370,0.119,0.511
839000,0.397,0.114,0.489
839500,0.422,0.124,0.454
840000,0.355,0.134,0.511
840500,0.342,0.114,0.543
841000,0.362,0.122,0.516
841500,0.360,0.124,0.516
842000,0.352,0.161,0.486
842500,0.333,0.194,0.474
843000,0.333,0.169,0.499
843500,0.340,0.146,0.514
844000,0.280,0.216,0.504
844500,0.315,0.191,0.494
845000,0.352,0.149,0.499
845500,0.337,0.201,0.462
846000,0.268,0.211,0.521
846500,0.313,0.196,0.491
847000,0.352,0.166,0.481
847500,0.387,0.122,0.491
848000,0.380,0.154,0.467
848500,0.395,0.117,0.489
849000,0.409,0.112,0.479
849500,0.385,0.104,0.511
850000,0.330,0.164,0.506
850500,0.328,0.176,0.496
851000,0.323,0.179,0.499
851500,0.283,0.208,0.509
852000,0.285,0.186,0.529
852500,0.355,0.169,0.476
853000,0.375,0.149,0.476
853500,0.355,0.112,0.533
854000,0.347,0.129,0.524
854500,0.352,0.134,0.514
855000,0.360,0.146,0.494
855500,0.397,0.139,0.464
856000,0.315,0.233,0.452
856500,0.320,0.181,0.499
857000,0.335,0.171,0.494
857500,0.352,0.139,0.509
858000,0.442,0.119,0.439
858500,0.432,0.132,0.437
859000,0.342,0.159,0.499
859500,0.380,0.161,0.459
860000,0.439,0.107,0.454
860500,0.484,0.062,0.454
861000,0.484,0.074,0.442
861500,0.454,0.117,0.429
862000,0.414,0.107,0.479
862500,0.370,0.144,0.486
863000,0.367,0.151,0.481
863500,0.345,0.166,0.489
864000,0.333,0.179,0.489
864500,0.345,0.189,0.467
865000,0.308,0.189,0.504
865500,0.335,0.127,0.538
866000,0.350,0.141,0.509
866500,0.382,0.119,0.499
867000,0.347,0.134,0.519
867500,0.340,0.156,0.504
868000,0.375,0.154,0.471
868500,0.342,0.136,0.521
869000,0.380,0.129,0.491
869500,0.385,0.109,0.506
870000,0.377,0.109,0.514
870500,0.377,0.129,0.494
871000,0.385,0.159,0.457
871500,0.370,0.146,0.484
872000,0.357,0.161,0.481
872500,0.347,0.129,0.524
873000,0.377,0.134,0.489
873500,0.367,0.146,0.486
874000,0.392,0.159,0.449
874500,0.352,0.156,0.491
875000,0.345,0.132,0.524
875500,0.328,0.159,0.514
876000,0.308,0.166,0.526
876500,0.313,0.179,0.509
877000,0.333,0.208,0.459
877500,0.298,0.199,0.504
878000,0.285,0.199,0.516
878500,0.283,0.171,0.546
879000,0.263,0.211,0.526
879500,0.285,0.213,0.501
880000,0.273,0.176,0.551
880500,0.278,0.169,0.553
881000,0.310,0.181,0.509
881500,0.335,0.129,0.536
882000,0.360,0.161,0.479
882500,0.360,0.144,0.496
883000,0.337,0.134,0.529
883500,0.342,0.176,0.481
884000,0.295,0.186,0.519
884500,0.308,0.203,0.489
885000,0.256,0.201,0.543
885500,0.290,0.134,0.576
886000,0.300,0.151,0.548
886500,0.320,0.139,0.541
887000,0.345,0.144,0.511
887500,0.355,0.136,0.509
888000,0.315,0.141,0.543
888500,0.365,0.124,0.511
889000,0.340,0.159,0.501
889500,0.300,0.169,0.531
890000,0.298,0.149,0.553
890500,0.290,0.199,0.511
891000,0.253,0.223,0.524
891500,0.266,0.273,0.462
892000,0.251,0.233,0.516
892500,0.228,0.226,0.546
893000,0.231,0.233,0.536
893500,0.226,0.243,0.531
894000,0.253,0.285,0.462
894500,0.228,0.270,0.501
895000,0.233,0.238,0.529
895500,0.233,0.278,0.489
896000,0.295,0.208,0.496
896500,0.310,0.213,0.476
897000,0.295,0.161,0.543
897500,0.313,0.171,0.516
898000,0.330,0.189,0.481
898500,0.295,0.213,0.491
899000,0.261,0.199,0.541
899500,0.285,0.181,0.533
900000,0.310,0.151,0.538
900500,0.308,0.184,0.509
901000,0.305,0.154,0.541
901500,0.313,0.132,0.556
902000,0.372,0.139,0.489
902500,0.367,0.136,0.496
903000,0.377,0.166,0.457
903500,0.330,0.122,0.548
904000,0.362,0.134,0.504
904500,0.325,0.151,0.524
905000,0.320,0.132,0.548
905500,0.330,0.129,0.541
906000,0.342,0.127,0.531
906500,0.357,0.127,0.516
907000,0.347,0.159,0.494
907500,0.313,0.151,0.536
908000,0.355,0.156,0.489
908500,0.350,0.136,0.514
909000,0.352,0.124,0.524
909500,0.350,0.139,0.511
910000,0.318,0.144,0.538
910500,0.300,0.186,0.514
911000,0.357,0.164,0.479
911500,0.345,0.166,0.489
912000,0.357,0.151,0.491
912500,0.390,0.134,0.476
913000,0.345,0.136,0.519
913500,0.342,0.146,0.511
914000,0.382,0.129,0.489
914500,0.345,0.119,0.536
915000,0.323,0.144,0.533
915500,0.328,0.154,0.519
916000,0.350,0.149,0.501
916500,0.395,0.124,0.481
917000,0.395,0.107,0.499
917500,0.412,0.117,0.471
918000,0.377,0.139,0.484
918500,0.380,0.144,0.476
919000,0.360,0.119,0.521
919500,0.370,0.139,0.491
920000,0.380,0.146,0.474
920500,0.367,0.166,0.467
921000,0.395,0.127,0.479
921500,0.345,0.132,0.524
922000,0.313,0.149,0.538
922500,0.402,0.149,0.449
923000,0.337,0.139,0.524
923500,0.333,0.166,0.501
924000,0.345,0.149,0.506
924500,0.288,0.181,0.531
925000,0.273,0.231,0.496
925500,0.270,0.228,0.501
926000,0.248,0.273,0.479
926500,0.288,0.201,0.511
927000,0.298,0.196,0.506
927500,0.261,0.181,0.558
928000,0.295,0.171,0.533
928500,0.283,0.191,0.526
929000,0.310,0.218,0.471
929500,0.295,0.238,0.467
930000,0.288,0.228,0.484
930500,0.270,0.216,0.514
931000,0.293,0.216,0.491
931500,0.308,0.211,0.481
932000,0.251,0.199,0.551
932500,0.263,0.213,0.524
933000,0.280,0.201,0.519
933500,0.280,0.203,0.516
934000,0.310,0.186,0.504
934500,0.318,0.174,0.509
935000,0.345,0.176,0.479
935500,0.330,0.159,0.511
936000,0.335,0.181,0.484
936500,0.355,0.208,0.437
937000,0.305,0.176,0.519
937500,0.280,0.171,0.548
938000,0.340,0.151,0.509
938500,0.335,0.154,0.511
939000,0.293,0.166,0.541
939500,0.330,0.174,0.496
940000,0.305,0.194,0.501
940500,0.340,0.213,0.447
941000,0.290,0.248,0.462
941500,0.266,0.216,0.519
942000,0.278,0.203,0.519
942500,0.313,0.221,0.467
943000,0.290,0.164,0.546
943500,0.305,0.176,0.519
944000,0.345,0.141,0.514
944500,0.320,0.181,0.499
945000,0.315,0.189,0.496
945500,0.328,0.171,0.501
946000,0.305,0.149,0.546
946500,0.335,0.146,0.519
947000,0.357,0.166,0.476
947500,0.333,0.174,0.494
948000,0.318,0.159,0.524
948500,0.328,0.149,0.524
949000,0.283,0.184,0.533
949500,0.261,0.223,0.516
950000,0.263,0.213,0.524
950500,0.293,0.194,0.514
951000,0.275,0.216,0.509
951500,0.275,0.241,0.484
952000,0.226,0.270,0.504
952500,0.231,0.221,0.548
953000,0.251,0.221,0.529
953500,0.266,0.238,0.496
954000,0.208,0.273,0.519
954500,0.248,0.238,0.514
955000,0.280,0.236,0.484
955500,0.261,0.208,0.531
956000,0.298,0.231,0.471
956500,0.290,0.231,0.479
957000,0.275,0.231,0.494
957500,0.273,0.216,0.511
958000,0.263,0.194,0.543
958500,0.261,0.171,0.568
959000,0.313,0.196,0.491
959500,0.275,0.208,0.516
960000,0.288,0.226,0.486
960500,0.223,0.251,0.526
961000,0.233,0.231,0.536
961500,0.280,0.221,0.499
962000,0.275,0.201,0.524
962500,0.228,0.290,0.481
963000,0.238,0.253,0.509
963500,0.246,0.223,0.531
964000,0.278,0.243,0.479
964500,0.285,0.233,0.481
965000,0.290,0.203,0.506
965500,0.333,0.149,0.519
966000,0.340,0.134,0.526
966500,0.300,0.139,0.561
967000,0.330,0.159,0.511
967500,0.318,0.176,0.506
968000,0.313,0.161,0.526
968500,0.342,0.136,0.521
969000,0.320,0.166,0.514
969500,0.362,0.166,0.471
970000,0.392,0.174,0.434
970500,0.375,0.194,0.432
971000,0.335,0.176,0.489
971500,0.318,0.253,0.429
972000,0.325,0.228,0.447
972500,0.318,0.203,0.479
973000,0.305,0.171,0.524
973500,0.283,0.181,0.536
974000,0.308,0.176,0.516
974500,0.350,0.144,0.506
975000,0.355,0.149,0.496
975500,0.345,0.176,0.479
976000,0.333,0.171,0.496
976500,0.337,0.144,0.519
977000,0.325,0.169,0.506
977500,0.323,0.169,0.509
978000,0.305,0.166,0.529
978500,0.347,0.151,0.501
979000,0.315,0.166,0.519
979500,0.337,0.161,0.501
980000,0.318,0.151,0.531
980500,0.335,0.149,0.516
981000,0.367,0.144,0.489
981500,0.414,0.117,0.469
982000,0.370,0.129,0.501
982500,0.350,0.119,0.531
983000,0.372,0.124,0.504
983500,0.390,0.146,0.464
984000,0.367,0.112,0.521
984500,0.355,0.151,0.494
985000,0.352,0.141,0.506
985500,0.365,0.104,0.531
986000,0.340,0.141,0.519
986500,0.303,0.176,0.521
987000,0.285,0.166,0.548
987500,0.266,0.164,0.571
988000,0.298,0.156,0.546
988500,0.337,0.189,0.474
989000,0.308,0.203,0.489
989500,0.303,0.238,0.459
990000,0.285,0.191,0.524
990500,0.310,0.194,0.496
991000,0.298,0.196,0.506
991500,0.295,0.206,0.499
992000,0.290,0.196,0.514
992500,0.290,0.201,0.509
993000,0.273,0.186,0.541
993500,0.285,0.176,0.538
994000,0.308,0.186,0.506
994500,0.347,0.186,0.467
995000,0.330,0.156,0.514
995500,0.305,0.151,0.543
996000,0.352,0.149,0.499
996500,0.330,0.139,0.531
997000,0.320,0.171,0.509
997500,0.340,0.154,0.506
998000,0.340,0.149,0.511
998500,0.342,0.136,0.521
999000,0.310,0.127,0.563
999500,0.288,0.169,0.543
1000000,0.330,0.166,0.504
