time,n_A+p,n_B,n_AB
500,0.010,0.226,0.764
1000,0.011,0.028,0.961
1500,0.010,0.004,0.986
2000,0.010,0.019,0.971
2500,0.044,0.000,0.956
3000,0.010,0.039,0.951
3500,0.011,0.000,0.989
4000,0.056,0.004,0.940
4500,0.022,0.009,0.969
5000,0.013,0.030,0.957
5500,0.037,0.000,0.963
6000,0.014,0.000,0.986
6500,0.022,0.028,0.950
7000,0.010,0.019,0.971
7500,0.062,0.000,0.938
8000,0.010,0.002,0.988
8500,0.011,0.010,0.979
9000,0.015,0.003,0.982
9500,0.010,0.016,0.974
10000,0.017,0.062,0.921
10500,0.028,0.000,0.972
11000,0.018,0.047,0.935
11500,0.079,0.030,0.891
12000,0.012,0.038,0.950
12500,0.018,0.016,0.966
13000,0.010,0.035,0.955
13500,0.053,0.007,0.940
14000,0.010,0.011,0.979
14500,0.060,0.016,0.924
15000,0.010,0.016,0.974
15500,0.031,0.007,0.962
16000,0.013,0.034,0.953
16500,0.027,0.000,0.973
17000,0.011,0.046,0.943
17500,0.012,0.017,0.971
18000,0.035,0.012,0.953
18500,0.044,0.000,0.956
19000,0.010,0.000,0.990
19500,0.017,0.001,0.982
20000,0.013,0.005,0.982
20500,0.035,0.014,0.951
21000,0.010,0.035,0.955
21500,0.021,0.002,0.977
22000,0.013,0.001,0.986
22500,0.012,0.006,0.982
23000,0.031,0.000,0.969
23500,0.010,0.009,0.981
24000,0.020,0.036,0.944
24500,0.072,0.004,0.924
25000,0.063,0.001,0.936
25500,0.023,0.014,0.963
26000,0.057,0.000,0.943
26500,0.025,0.007,0.968
27000,0.010,0.010,0.980
27500,0.011,0.025,0.964
28000,0.010,0.015,0.975
28500,0.024,0.035,0.941
29000,0.045,0.013,0.942
29500,0.025,0.021,0.954
30000,0.015,0.006,0.979
30500,0.044,0.001,0.955
31000,0.024,0.000,0.976
31500,0.010,0.027,0.963
32000,0.010,0.042,0.948
32500,0.030,0.005,0.965
33000,0.025,0.000,0.975
33500,0.052,0.001,0.947
34000,0.011,0.012,0.977
34500,0.018,0.002,0.980
35000,0.044,0.000,0.956
35500,0.012,0.000,0.988
36000,0.045,0.002,0.953
36500,0.034,0.000,0.966
37000,0.023,0.000,0.977
37500,0.027,0.001,0.972
38000,0.032,0.013,0.955
38500,0.022,0.037,0.941
39000,0.017,0.004,0.979
39500,0.031,0.005,0.964
40000,0.011,0.006,0.983
40500,0.013,0.010,0.977
41000,0.070,0.000,0.930
41500,0.011,0.001,0.988
42000,0.010,0.006,0.984
42500,0.025,0.004,0.971
43000,0.021,0.001,0.978
43500,0.018,0.017,0.965
44000,0.028,0.000,0.972
44500,0.015,0.029,0.956
45000,0.015,0.001,0.984
45500,0.014,0.031,0.955
46000,0.061,0.000,0.939
46500,0.030,0.000,0.970
47000,0.025,0.010,0.965
47500,0.049,0.001,0.950
48000,0.035,0.003,0.962
48500,0.011,0.025,0.964
49000,0.012,0.015,0.973
49500,0.010,0.010,0.980
50000,0.025,0.027,0.948
50500,0.012,0.018,0.970
51000,0.010,0.005,0.985
51500,0.016,0.000,0.984
52000,0.025,0.022,0.953
52500,0.020,0.007,0.973
53000,0.014,0.000,0.986
53500,0.011,0.000,0.989
54000,0.040,0.000,0.960
54500,0.019,0.003,0.978
55000,0.015,0.000,0.985
55500,0.012,0.003,0.985
56000,0.031,0.002,0.967
56500,0.045,0.000,0.955
57000,0.027,0.000,0.973
57500,0.010,0.009,0.981
58000,0.041,0.001,0.958
58500,0.033,0.004,0.963
59000,0.040,0.000,0.960
59500,0.027,0.014,0.959
60000,0.010,0.008,0.982
60500,0.011,0.002,0.987
61000,0.027,0.002,0.971
61500,0.011,0.033,0.956
62000,0.011,0.010,0.979
62500,0.029,0.028,0.943
63000,0.011,0.061,0.928
63500,0.010,0.000,0.990
64000,0.011,0.016,0.973
64500,0.023,0.006,0.971
65000,0.037,0.000,0.963
65500,0.011,0.018,0.971
66000,0.010,0.001,0.989
66500,0.025,0.001,0.974
67000,0.013,0.017,0.970
67500,0.012,0.026,0.962
68000,0.040,0.000,0.960
68500,0.023,0.008,0.969
69000,0.011,0.008,0.981
69500,0.014,0.000,0.986
70000,0.036,0.001,0.963
70500,0.039,0.000,0.961
71000,0.025,0.002,0.973
71500,0.029,0.029,0.942
72000,0.029,0.000,0.971
72500,0.017,0.003,0.980
73000,0.011,0.019,0.970
73500,0.030,0.000,0.970
74000,0.023,0.000,0.977
74500,0.011,0.019,0.970
75000,0.032,0.000,0.968
75500,0.020,0.000,0.980
76000,0.047,0.000,0.953
76500,0.011,0.055,0.934
77000,0.028,0.010,0.962
77500,0.031,0.000,0.969
78000,0.053,0.001,0.946
78500,0.021,0.017,0.962
79000,0.011,0.000,0.989
79500,0.033,0.000,0.967
80000,0.022,0.000,0.978
80500,0.012,0.001,0.987
81000,0.017,0.000,0.983
81500,0.044,0.000,0.956
82000,0.042,0.000,0.958
82500,0.022,0.005,0.973
83000,0.020,0.019,0.961
83500,0.013,0.065,0.922
84000,0.050,0.000,0.950
84500,0.029,0.002,0.969
85000,0.010,0.006,0.984
85500,0.025,0.001,0.974
86000,0.011,0.047,0.942
86500,0.021,0.003,0.976
87000,0.012,0.009,0.979
87500,0.010,0.008,0.982
88000,0.018,0.000,0.982
88500,0.013,0.016,0.971
89000,0.011,0.009,0.980
89500,0.010,0.001,0.989
90000,0.057,0.000,0.943
90500,0.010,0.003,0.987
91000,0.044,0.000,0.956
91500,0.052,0.005,0.943
92000,0.038,0.029,0.933
92500,0.037,0.025,0.938
93000,0.014,0.018,0.968
93500,0.049,0.000,0.951
94000,0.020,0.000,0.980
94500,0.049,0.002,0.949
95000,0.010,0.002,0.988
95500,0.039,0.000,0.961
96000,0.017,0.005,0.978
96500,0.031,0.000,0.969
97000,0.017,0.012,0.971
97500,0.030,0.007,0.963
98000,0.010,0.064,0.926
98500,0.010,0.007,0.983
99000,0.028,0.005,0.967
99500,0.025,0.009,0.966
100000,0.047,0.000,0.953
100500,0.015,0.000,0.985
101000,0.011,0.009,0.980
101500,0.027,0.003,0.970
102000,0.022,0.000,0.978
102500,0.022,0.000,0.978
103000,0.029,0.001,0.970
103500,0.010,0.002,0.988
104000,0.025,0.000,0.975
104500,0.056,0.012,0.932
105000,0.013,0.000,0.987
105500,0.013,0.018,0.969
106000,0.010,0.012,0.978
106500,0.010,0.022,0.968
107000,0.017,0.025,0.958
107500,0.013,0.012,0.975
108000,0.010,0.010,0.980
108500,0.015,0.009,0.976
109000,0.010,0.005,0.985
109500,0.071,0.012,0.917
110000,0.038,0.004,0.958
110500,0.012,0.014,0.974
111000,0.010,0.048,0.942
111500,0.018,0.000,0.982
112000,0.035,0.008,0.957
112500,0.022,0.000,0.978
113000,0.010,0.006,0.984
113500,0.033,0.000,0.967
114000,0.016,0.012,0.972
114500,0.042,0.008,0.950
115000,0.010,0.036,0.954
115500,0.025,0.021,0.954
116000,0.010,0.004,0.986
116500,0.011,0.009,0.980
117000,0.023,0.000,0.977
117500,0.032,0.000,0.968
118000,0.022,0.000,0.978
118500,0.026,0.000,0.974
119000,0.011,0.001,0.988
119500,0.023,0.000,0.977
120000,0.027,0.021,0.952
120500,0.064,0.000,0.936
121000,0.025,0.009,0.966
121500,0.010,0.012,0.978
122000,0.016,0.022,0.962
122500,0.013,0.000,0.987
123000,0.023,0.000,0.977
123500,0.037,0.002,0.961
124000,0.011,0.022,0.967
124500,0.034,0.004,0.962
125000,0.022,0.020,0.958
125500,0.022,0.002,0.976
126000,0.029,0.038,0.933
126500,0.026,0.002,0.972
127000,0.011,0.000,0.989
127500,0.021,0.001,0.978
128000,0.010,0.013,0.977
128500,0.026,0.000,0.974
129000,0.017,0.000,0.983
129500,0.019,0.004,0.977
130000,0.010,0.063,0.927
130500,0.036,0.000,0.964
131000,0.010,0.011,0.979
131500,0.013,0.000,0.987
132000,0.010,0.000,0.990
132500,0.017,0.000,0.983
133000,0.044,0.000,0.956
133500,0.046,0.003,0.951
134000,0.030,0.013,0.957
134500,0.068,0.000,0.932
135000,0.044,0.000,0.956
135500,0.010,0.007,0.983
136000,0.036,0.006,0.958
136500,0.037,0.003,0.960
137000,0.014,0.000,0.986
137500,0.033,0.014,0.953
138000,0.015,0.000,0.985
138500,0.012,0.017,0.971
139000,0.011,0.007,0.982
139500,0.020,0.006,0.974
140000,0.014,0.000,0.986
140500,0.032,0.000,0.968
141000,0.013,0.000,0.987
141500,0.024,0.015,0.961
142000,0.013,0.026,0.961
142500,0.050,0.000,0.950
143000,0.015,0.035,0.950
143500,0.010,0.068,0.922
144000,0.097,0.001,0.902
144500,0.011,0.016,0.973
145000,0.019,0.000,0.981
145500,0.012,0.013,0.975
146000,0.018,0.014,0.968
146500,0.022,0.021,0.957
147000,0.013,0.001,0.986
147500,0.031,0.000,0.969
148000,0.033,0.000,0.967
148500,0.020,0.026,0.954
149000,0.033,0.001,0.966
149500,0.017,0.019,0.964
150000,0.024,0.019,0.957
150500,0.037,0.000,0.963
151000,0.011,0.000,0.989
151500,0.015,0.029,0.956
152000,0.065,0.000,0.935
152500,0.010,0.000,0.990
153000,0.010,0.000,0.990
153500,0.010,0.045,0.945
154000,0.027,0.000,0.973
154500,0.026,0.046,0.928
155000,0.041,0.028,0.931
155500,0.010,0.005,0.985
156000,0.025,0.000,0.975
156500,0.013,0.000,0.987
157000,0.014,0.001,0.985
157500,0.011,0.000,0.989
158000,0.025,0.004,0.971
158500,0.045,0.002,0.953
159000,0.011,0.007,0.982
159500,0.010,0.008,0.982
160000,0.020,0.008,0.972
160500,0.010,0.022,0.968
161000,0.024,0.002,0.974
161500,0.027,0.000,0.973
162000,0.027,0.001,0.972
162500,0.043,0.001,0.956
163000,0.041,0.021,0.938
163500,0.016,0.005,0.979
164000,0.027,0.010,0.963
164500,0.014,0.002,0.984
165000,0.019,0.015,0.966
165500,0.026,0.011,0.963
166000,0.010,0.003,0.987
166500,0.020,0.000,0.980
167000,0.049,0.000,0.951
167500,0.036,0.007,0.957
168000,0.060,0.001,0.939
168500,0.046,0.003,0.951
169000,0.020,0.000,0.980
169500,0.035,0.004,0.961
170000,0.022,0.001,0.977
170500,0.010,0.031,0.959
171000,0.034,0.009,0.957
171500,0.033,0.000,0.967
172000,0.016,0.042,0.942
172500,0.028,0.008,0.964
173000,0.031,0.007,0.962
173500,0.010,0.000,0.990
174000,0.010,0.041,0.949
174500,0.024,0.006,0.970
175000,0.051,0.001,0.948
175500,0.034,0.024,0.942
176000,0.019,0.000,0.981
176500,0.010,0.000,0.990
177000,0.012,0.014,0.974
177500,0.050,0.001,0.949
178000,0.010,0.027,0.963
178500,0.033,0.000,0.967
179000,0.050,0.000,0.950
179500,0.016,0.000,0.984
180000,0.060,0.000,0.940
180500,0.018,0.000,0.982
181000,0.071,0.016,0.913
181500,0.023,0.011,0.966
182000,0.025,0.005,0.970
182500,0.016,0.024,0.960
183000,0.010,0.000,0.990
183500,0.010,0.000,0.990
184000,0.015,0.000,0.985
184500,0.035,0.000,0.965
185000,0.025,0.039,0.936
185500,0.016,0.018,0.966
186000,0.030,0.012,0.958
186500,0.010,0.005,0.985
187000,0.010,0.025,0.965
187500,0.013,0.027,0.960
188000,0.069,0.002,0.929
188500,0.010,0.003,0.987
189000,0.010,0.022,0.968
189500,0.014,0.025,0.961
190000,0.010,0.010,0.980
190500,0.012,0.006,0.982
191000,0.011,0.028,0.961
191500,0.052,0.000,0.948
192000,0.028,0.000,0.972
192500,0.017,0.007,0.976
193000,0.010,0.006,0.984
193500,0.018,0.000,0.982
194000,0.091,0.003,0.906
194500,0.043,0.000,0.957
195000,0.029,0.004,0.967
195500,0.026,0.000,0.974
196000,0.014,0.005,0.981
196500,0.010,0.006,0.984
197000,0.043,0.007,0.950
197500,0.034,0.020,0.946
198000,0.010,0.001,0.989
198500,0.023,0.014,0.963
199000,0.021,0.001,0.978
199500,0.027,0.005,0.968
200000,0.010,0.013,0.977
200500,0.012,0.000,0.988
201000,0.010,0.009,0.981
201500,0.025,0.010,0.965
202000,0.023,0.001,0.976
202500,0.010,0.017,0.973
203000,0.021,0.002,0.977
203500,0.011,0.001,0.988
204000,0.010,0.006,0.984
204500,0.028,0.000,0.972
205000,0.030,0.007,0.963
205500,0.037,0.026,0.937
206000,0.051,0.008,0.941
206500,0.010,0.036,0.954
207000,0.014,0.012,0.974
207500,0.026,0.012,0.962
208000,0.043,0.009,0.948
208500,0.010,0.005,0.985
209000,0.019,0.004,0.977
209500,0.010,0.004,0.986
210000,0.011,0.005,0.984
210500,0.021,0.069,0.910
211000,0.018,0.000,0.982
211500,0.012,0.001,0.987
212000,0.029,0.005,0.966
212500,0.010,0.012,0.978
213000,0.011,0.047,0.942
213500,0.037,0.014,0.949
214000,0.024,0.016,0.960
214500,0.025,0.025,0.950
215000,0.052,0.002,0.946
215500,0.041,0.001,0.958
216000,0.036,0.006,0.958
216500,0.026,0.001,0.973
217000,0.024,0.014,0.962
217500,0.070,0.004,0.926
218000,0.061,0.017,0.922
218500,0.017,0.014,0.969
219000,0.039,0.000,0.961
219500,0.038,0.023,0.939
220000,0.011,0.028,0.961
220500,0.014,0.022,0.964
221000,0.012,0.043,0.945
221500,0.023,0.024,0.953
222000,0.023,0.000,0.977
222500,0.017,0.015,0.968
223000,0.048,0.004,0.948
223500,0.010,0.033,0.957
224000,0.013,0.090,0.897
224500,0.052,0.022,0.926
225000,0.014,0.000,0.986
225500,0.043,0.003,0.954
226000,0.014,0.023,0.963
226500,0.022,0.000,0.978
227000,0.027,0.006,0.967
227500,0.051,0.000,0.949
228000,0.014,0.022,0.964
228500,0.016,0.009,0.975
229000,0.011,0.021,0.968
229500,0.010,0.037,0.953
230000,0.029,0.026,0.945
230500,0.011,0.000,0.989
231000,0.058,0.002,0.940
231500,0.011,0.023,0.966
232000,0.010,0.000,0.990
232500,0.030,0.020,0.950
233000,0.036,0.007,0.957
233500,0.026,0.002,0.972
234000,0.052,0.000,0.948
234500,0.019,0.000,0.981
235000,0.010,0.005,0.985
235500,0.012,0.007,0.981
236000,0.014,0.001,0.985
236500,0.010,0.004,0.986
237000,0.012,0.002,0.986
237500,0.016,0.003,0.981
238000,0.010,0.023,0.967
238500,0.013,0.012,0.975
239000,0.039,0.019,0.942
239500,0.011,0.012,0.977
240000,0.017,0.000,0.983
240500,0.019,0.000,0.981
241000,0.039,0.000,0.961
241500,0.027,0.002,0.971
242000,0.010,0.025,0.965
242500,0.036,0.000,0.964
243000,0.052,0.011,0.937
243500,0.010,0.001,0.989
244000,0.049,0.003,0.948
244500,0.022,0.000,0.978
245000,0.012,0.044,0.944
245500,0.038,0.000,0.962
246000,0.012,0.047,0.941
246500,0.018,0.041,0.941
247000,0.012,0.060,0.928
247500,0.025,0.002,0.973
248000,0.026,0.000,0.974
248500,0.013,0.012,0.975
249000,0.012,0.009,0.979
249500,0.020,0.053,0.927
250000,0.032,0.021,0.947
250500,0.037,0.011,0.952
251000,0.033,0.002,0.965
251500,0.023,0.025,0.952
252000,0.010,0.007,0.983
252500,0.055,0.000,0.945
253000,0.031,0.008,0.961
253500,0.010,0.039,0.951
254000,0.010,0.018,0.972
254500,0.022,0.012,0.966
255000,0.049,0.000,0.951
255500,0.015,0.054,0.931
256000,0.010,0.009,0.981
256500,0.010,0.033,0.957
257000,0.010,0.008,0.982
257500,0.023,0.000,0.977
258000,0.033,0.025,0.942
258500,0.017,0.007,0.976
259000,0.010,0.013,0.977
259500,0.016,0.028,0.956
260000,0.049,0.011,0.940
260500,0.025,0.000,0.975
261000,0.014,0.022,0.964
261500,0.012,0.030,0.958
262000,0.033,0.000,0.967
262500,0.015,0.006,0.979
263000,0.013,0.023,0.964
263500,0.018,0.000,0.982
264000,0.033,0.005,0.962
264500,0.010,0.006,0.984
265000,0.015,0.000,0.985
265500,0.023,0.000,0.977
266000,0.014,0.016,0.970
266500,0.010,0.035,0.955
267000,0.016,0.031,0.953
267500,0.015,0.039,0.946
268000,0.018,0.001,0.981
268500,0.010,0.060,0.930
269000,0.033,0.008,0.959
269500,0.031,0.000,0.969
270000,0.036,0.007,0.957
270500,0.010,0.000,0.990
271000,0.018,0.014,0.968
271500,0.064,0.000,0.936
272000,0.018,0.000,0.982
272500,0.016,0.029,0.955
273000,0.030,0.011,0.959
273500,0.071,0.001,0.928
274000,0.011,0.015,0.974
274500,0.016,0.019,0.965
275000,0.018,0.037,0.945
275500,0.039,0.005,0.956
276000,0.032,0.004,0.964
276500,0.014,0.015,0.971
277000,0.031,0.003,0.966
277500,0.032,0.000,0.968
278000,0.014,0.035,0.951
278500,0.038,0.000,0.962
279000,0.013,0.044,0.943
279500,0.029,0.000,0.971
280000,0.045,0.000,0.955
280500,0.025,0.028,0.947
281000,0.010,0.041,0.949
281500,0.012,0.000,0.988
282000,0.010,0.009,0.981
282500,0.041,0.000,0.959
283000,0.012,0.000,0.988
283500,0.032,0.000,0.968
284000,0.010,0.001,0.989
284500,0.018,0.000,0.982
285000,0.016,0.032,0.952
285500,0.028,0.000,0.972
286000,0.011,0.001,0.988
286500,0.013,0.002,0.985
287000,0.010,0.010,0.980
287500,0.010,0.000,0.990
288000,0.010,0.002,0.988
288500,0.010,0.002,0.988
289000,0.012,0.003,0.985
289500,0.012,0.013,0.975
290000,0.015,0.016,0.969
290500,0.066,0.000,0.934
291000,0.010,0.012,0.978
291500,0.044,0.035,0.921
292000,0.020,0.000,0.980
292500,0.044,0.019,0.937
293000,0.064,0.001,0.935
293500,0.010,0.000,0.990
294000,0.019,0.000,0.981
294500,0.010,0.036,0.954
295000,0.014,0.001,0.985
295500,0.018,0.014,0.968
296000,0.012,0.001,0.987
296500,0.026,0.018,0.956
297000,0.010,0.008,0.982
297500,0.020,0.033,0.947
298000,0.015,0.028,0.957
298500,0.011,0.022,0.967
299000,0.047,0.000,0.953
299500,0.014,0.007,0.979
300000,0.026,0.000,0.974
300500,0.032,0.000,0.968
301000,0.010,0.016,0.974
301500,0.010,0.009,0.981
302000,0.010,0.020,0.970
302500,0.051,0.000,0.949
303000,0.020,0.017,0.963
303500,0.025,0.000,0.975
304000,0.016,0.000,0.984
304500,0.010,0.015,0.975
305000,0.046,0.000,0.954
305500,0.023,0.000,0.977
306000,0.010,0.005,0.985
306500,0.012,0.003,0.985
307000,0.041,0.000,0.959
307500,0.025,0.004,0.971
308000,0.010,0.040,0.950
308500,0.011,0.001,0.988
309000,0.033,0.001,0.966
309500,0.028,0.000,0.972
310000,0.047,0.001,0.952
310500,0.026,0.023,0.951
311000,0.041,0.006,0.953
311500,0.017,0.021,0.962
312000,0.011,0.000,0.989
312500,0.049,0.000,0.951
313000,0.034,0.003,0.963
313500,0.036,0.000,0.964
314000,0.011,0.021,0.968
314500,0.013,0.016,0.971
315000,0.033,0.000,0.967
315500,0.035,0.007,0.958
316000,0.011,0.001,0.988
316500,0.010,0.024,0.966
317000,0.021,0.036,0.943
317500,0.025,0.000,0.975
318000,0.033,0.017,0.950
318500,0.013,0.000,0.987
319000,0.018,0.000,0.982
319500,0.049,0.001,0.950
320000,0.024,0.000,0.976
320500,0.015,0.031,0.954
321000,0.016,0.000,0.984
321500,0.027,0.004,0.969
322000,0.015,0.011,0.974
322500,0.013,0.006,0.981
323000,0.017,0.011,0.972
323500,0.013,0.000,0.987
324000,0.013,0.018,0.969
324500,0.014,0.000,0.986
325000,0.013,0.028,0.959
325500,0.010,0.008,0.982
326000,0.016,0.054,0.930
326500,0.036,0.009,0.955
327000,0.017,0.000,0.983
327500,0.022,0.001,0.977
328000,0.010,0.006,0.984
328500,0.015,0.000,0.985
329000,0.030,0.012,0.958
329500,0.011,0.000,0.989
330000,0.013,0.000,0.987
330500,0.023,0.000,0.977
331000,0.023,0.000,0.977
331500,0.058,0.000,0.942
332000,0.043,0.000,0.957
332500,0.013,0.009,0.978
333000,0.010,0.001,0.989
333500,0.018,0.004,0.978
334000,0.026,0.000,0.974
334500,0.012,0.002,0.986
335000,0.016,0.013,0.971
335500,0.058,0.015,0.927
336000,0.010,0.000,0.990
336500,0.012,0.027,0.961
337000,0.029,0.005,0.966
337500,0.010,0.001,0.989
338000,0.025,0.027,0.948
338500,0.019,0.022,0.959
339000,0.016,0.021,0.963
339500,0.034,0.031,0.935
340000,0.021,0.000,0.979
340500,0.012,0.001,0.987
341000,0.021,0.000,0.979
341500,0.022,0.019,0.959
342000,0.037,0.008,0.955
342500,0.058,0.008,0.934
343000,0.010,0.023,0.967
343500,0.010,0.010,0.980
344000,0.016,0.004,0.980
344500,0.051,0.000,0.949
345000,0.015,0.025,0.960
345500,0.020,0.034,0.946
346000,0.015,0.011,0.974
346500,0.010,0.023,0.967
347000,0.033,0.000,0.967
347500,0.042,0.014,0.944
348000,0.011,0.004,0.985
348500,0.019,0.030,0.951
349000,0.034,0.010,0.956
349500,0.053,0.000,0.947
350000,0.017,0.016,0.967
350500,0.049,0.000,0.951
351000,0.039,0.013,0.948
351500,0.016,0.024,0.960
352000,0.010,0.046,0.944
352500,0.051,0.011,0.938
353000,0.039,0.008,0.953
353500,0.046,0.000,0.954
354000,0.018,0.000,0.982
354500,0.014,0.003,0.983
355000,0.031,0.001,0.968
355500,0.018,0.002,0.980
356000,0.012,0.025,0.963
356500,0.039,0.011,0.950
357000,0.036,0.000,0.964
357500,0.028,0.000,0.972
358000,0.023,0.000,0.977
358500,0.010,0.000,0.990
359000,0.010,0.009,0.981
359500,0.023,0.007,0.970
360000,0.011,0.017,0.972
360500,0.024,0.002,0.974
361000,0.040,0.023,0.937
361500,0.016,0.003,0.981
362000,0.059,0.000,0.941
362500,0.015,0.040,0.945
363000,0.041,0.012,0.947
363500,0.017,0.007,0.976
364000,0.030,0.000,0.970
364500,0.038,0.000,0.962
365000,0.010,0.022,0.968
365500,0.021,0.001,0.978
366000,0.013,0.031,0.956
366500,0.010,0.010,0.980
367000,0.038,0.000,0.962
367500,0.010,0.012,0.978
368000,0.018,0.005,0.977
368500,0.010,0.003,0.987
369000,0.032,0.028,0.940
369500,0.029,0.000,0.971
370000,0.037,0.001,0.962
370500,0.011,0.001,0.988
371000,0.021,0.008,0.971
371500,0.017,0.022,0.961
372000,0.010,0.027,0.963
372500,0.010,0.019,0.971
373000,0.010,0.003,0.987
373500,0.010,0.042,0.948
374000,0.034,0.001,0.965
374500,0.019,0.013,0.968
375000,0.025,0.000,0.975
375500,0.050,0.002,0.948
376000,0.013,0.027,0.960
376500,0.010,0.044,0.946
377000,0.026,0.001,0.973
377500,0.021,0.019,0.960
378000,0.037,0.000,0.963
378500,0.027,0.037,0.936
379000,0.012,0.027,0.961
379500,0.010,0.001,0.989
380000,0.041,0.000,0.959
380500,0.058,0.000,0.942
381000,0.065,0.000,0.935
381500,0.041,0.009,0.950
382000,0.015,0.000,0.985
382500,0.062,0.021,0.917
383000,0.011,0.019,0.970
383500,0.010,0.021,0.969
384000,0.012,0.022,0.966
384500,0.028,0.001,0.971
385000,0.010,0.035,0.955
385500,0.016,0.022,0.962
386000,0.022,0.016,0.962
386500,0.029,0.002,0.969
387000,0.013,0.000,0.987
387500,0.054,0.004,0.942
388000,0.049,0.005,0.946
388500,0.010,0.014,0.976
389000,0.014,0.001,0.985
389500,0.014,0.016,0.970
390000,0.012,0.005,0.983
390500,0.042,0.010,0.948
391000,0.017,0.002,0.981
391500,0.011,0.041,0.948
392000,0.020,0.021,0.959
392500,0.010,0.000,0.990
393000,0.013,0.008,0.979
393500,0.020,0.009,0.971
394000,0.025,0.003,0.972
394500,0.016,0.000,0.984
395000,0.012,0.018,0.970
395500,0.011,0.028,0.961
396000,0.019,0.000,0.981
396500,0.024,0.010,0.966
397000,0.016,0.000,0.984
397500,0.038,0.029,0.933
398000,0.013,0.024,0.963
398500,0.010,0.024,0.966
399000,0.035,0.000,0.965
399500,0.019,0.001,0.980
400000,0.024,0.000,0.976
400500,0.027,0.029,0.944
401000,0.011,0.027,0.962
401500,0.026,0.002,0.972
402000,0.017,0.000,0.983
402500,0.013,0.014,0.973
403000,0.051,0.001,0.948
403500,0.013,0.014,0.973
404000,0.052,0.037,0.911
404500,0.019,0.000,0.981
405000,0.016,0.000,0.984
405500,0.010,0.046,0.944
406000,0.037,0.000,0.963
406500,0.014,0.000,0.986
407000,0.017,0.005,0.978
407500,0.029,0.000,0.971
408000,0.010,0.028,0.962
408500,0.038,0.008,0.954
409000,0.010,0.000,0.990
409500,0.013,0.005,0.982
410000,0.039,0.000,0.961
410500,0.027,0.037,0.936
411000,0.028,0.000,0.972
411500,0.069,0.000,0.931
412000,0.013,0.041,0.946
412500,0.050,0.002,0.948
413000,0.031,0.000,0.969
413500,0.033,0.007,0.960
414000,0.010,0.019,0.971
414500,0.011,0.004,0.985
415000,0.027,0.000,0.973
415500,0.010,0.000,0.990
416000,0.033,0.001,0.966
416500,0.061,0.000,0.939
417000,0.010,0.007,0.983
417500,0.029,0.000,0.971
418000,0.016,0.024,0.960
418500,0.024,0.001,0.975
419000,0.036,0.000,0.964
419500,0.019,0.007,0.974
420000,0.063,0.000,0.937
420500,0.025,0.000,0.975
421000,0.047,0.002,0.951
421500,0.041,0.003,0.956
422000,0.017,0.034,0.949
422500,0.022,0.000,0.978
423000,0.012,0.000,0.988
423500,0.011,0.043,0.946
424000,0.023,0.003,0.974
424500,0.015,0.000,0.985
425000,0.041,0.004,0.955
425500,0.029,0.000,0.971
426000,0.025,0.041,0.934
426500,0.012,0.018,0.970
427000,0.030,0.002,0.968
427500,0.011,0.009,0.980
428000,0.022,0.019,0.959
428500,0.010,0.027,0.963
429000,0.031,0.000,0.969
429500,0.012,0.003,0.985
430000,0.017,0.000,0.983
430500,0.013,0.004,0.983
431000,0.011,0.007,0.982
431500,0.016,0.008,0.976
432000,0.024,0.026,0.950
432500,0.013,0.023,0.964
433000,0.039,0.000,0.961
433500,0.010,0.016,0.974
434000,0.034,0.000,0.966
434500,0.046,0.001,0.953
435000,0.019,0.015,0.966
435500,0.042,0.000,0.958
436000,0.054,0.000,0.946
436500,0.010,0.026,0.964
437000,0.012,0.005,0.983
437500,0.010,0.000,0.990
438000,0.010,0.045,0.945
438500,0.057,0.004,0.939
439000,0.019,0.000,0.981
439500,0.021,0.000,0.979
440000,0.014,0.001,0.985
440500,0.013,0.001,0.986
441000,0.054,0.010,0.936
441500,0.029,0.001,0.970
442000,0.011,0.000,0.989
442500,0.041,0.020,0.939
443000,0.055,0.000,0.945
443500,0.011,0.000,0.989
444000,0.034,0.009,0.957
444500,0.011,0.001,0.988
445000,0.010,0.001,0.989
445500,0.019,0.004,0.977
446000,0.028,0.000,0.972
446500,0.014,0.004,0.982
447000,0.054,0.006,0.940
447500,0.014,0.027,0.959
448000,0.010,0.006,0.984
448500,0.015,0.020,0.965
449000,0.031,0.000,0.969
449500,0.035,0.000,0.965
450000,0.034,0.007,0.959
450500,0.016,0.003,0.981
451000,0.018,0.033,0.949
451500,0.033,0.006,0.961
452000,0.062,0.026,0.912
452500,0.059,0.001,0.940
453000,0.013,0.008,0.979
453500,0.011,0.015,0.974
454000,0.016,0.017,0.967
454500,0.030,0.000,0.970
455000,0.015,0.018,0.967
455500,0.026,0.004,0.970
456000,0.035,0.002,0.963
456500,0.013,0.007,0.980
457000,0.031,0.001,0.968
457500,0.036,0.019,0.945
458000,0.018,0.000,0.982
458500,0.010,0.012,0.978
459000,0.032,0.013,0.955
459500,0.056,0.004,0.940
460000,0.010,0.000,0.990
460500,0.027,0.000,0.973
461000,0.013,0.021,0.966
461500,0.031,0.006,0.963
462000,0.012,0.000,0.988
462500,0.010,0.010,0.980
463000,0.026,0.000,0.974
463500,0.010,0.015,0.975
464000,0.029,0.012,0.959
464500,0.033,0.003,0.964
465000,0.051,0.000,0.949
465500,0.020,0.001,0.979
466000,0.021,0.016,0.963
466500,0.044,0.002,0.954
467000,0.013,0.013,0.974
467500,0.049,0.000,0.951
468000,0.020,0.021,0.959
468500,0.018,0.004,0.978
469000,0.039,0.001,0.960
469500,0.013,0.000,0.987
470000,0.041,0.018,0.941
470500,0.018,0.034,0.948
471000,0.023,0.006,0.971
471500,0.041,0.002,0.957
472000,0.037,0.003,0.960
472500,0.044,0.000,0.956
473000,0.044,0.027,0.929
473500,0.031,0.012,0.957
474000,0.031,0.003,0.966
474500,0.010,0.000,0.990
475000,0.010,0.000,0.990
475500,0.010,0.001,0.989
476000,0.020,0.000,0.980
476500,0.011,0.003,0.986
477000,0.048,0.013,0.939
477500,0.010,0.014,0.976
478000,0.027,0.004,0.969
478500,0.019,0.000,0.981
479000,0.030,0.001,0.969
479500,0.010,0.014,0.976
480000,0.021,0.015,0.964
480500,0.030,0.024,0.946
481000,0.010,0.006,0.984
481500,0.021,0.000,0.979
482000,0.027,0.038,0.935
482500,0.029,0.000,0.971
483000,0.036,0.003,0.961
483500,0.017,0.003,0.980
484000,0.012,0.025,0.963
484500,0.014,0.014,0.972
485000,0.013,0.005,0.982
485500,0.013,0.000,0.987
486000,0.029,0.013,0.958
486500,0.060,0.000,0.940
487000,0.035,0.000,0.965
487500,0.029,0.025,0.946
488000,0.057,0.015,0.928
488500,0.010,0.052,0.938
489000,0.034,0.014,0.952
489500,0.010,0.000,0.990
490000,0.033,0.000,0.967
490500,0.010,0.008,0.982
491000,0.010,0.020,0.970
491500,0.026,0.037,0.937
492000,0.018,0.028,0.954
492500,0.011,0.020,0.969
493000,0.010,0.007,0.983
493500,0.037,0.000,0.963
494000,0.040,0.020,0.940
494500,0.010,0.014,0.976
495000,0.055,0.000,0.945
495500,0.014,0.025,0.961
496000,0.026,0.006,0.968
496500,0.016,0.004,0.980
497000,0.017,0.020,0.963
497500,0.020,0.024,0.956
498000,0.023,0.000,0.977
498500,0.046,0.000,0.954
499000,0.016,0.000,0.984
499500,0.026,0.000,0.974
500000,0.014,0.021,0.965
500500,0.013,0.026,0.961
501000,0.010,0.010,0.980
501500,0.027,0.016,0.957
502000,0.023,0.000,0.977
502500,0.011,0.028,0.961
503000,0.014,0.000,0.986
503500,0.010,0.006,0.984
504000,0.049,0.001,0.950
504500,0.019,0.008,0.973
505000,0.029,0.004,0.967
505500,0.015,0.006,0.979
506000,0.034,0.000,0.966
506500,0.011,0.002,0.987
507000,0.012,0.002,0.986
507500,0.011,0.003,0.986
508000,0.028,0.012,0.960
508500,0.043,0.000,0.957
509000,0.018,0.009,0.973
509500,0.046,0.000,0.954
510000,0.049,0.001,0.950
510500,0.062,0.000,0.938
511000,0.013,0.004,0.983
511500,0.034,0.000,0.966
512000,0.038,0.000,0.962
512500,0.039,0.001,0.960
513000,0.010,0.014,0.976
513500,0.014,0.004,0.982
514000,0.048,0.010,0.942
514500,0.026,0.003,0.971
515000,0.039,0.000,0.961
515500,0.039,0.046,0.915
516000,0.036,0.007,0.957
516500,0.029,0.031,0.940
517000,0.014,0.003,0.983
517500,0.042,0.000,0.958
518000,0.012,0.000,0.988
518500,0.030,0.000,0.970
519000,0.026,0.028,0.946
519500,0.010,0.000,0.990
520000,0.010,0.000,0.990
520500,0.010,0.002,0.988
521000,0.016,0.000,0.984
521500,0.048,0.000,0.952
522000,0.011,0.011,0.978
522500,0.055,0.002,0.943
523000,0.018,0.014,0.968
523500,0.045,0.000,0.955
524000,0.012,0.000,0.988
524500,0.049,0.002,0.949
525000,0.010,0.011,0.979
525500,0.023,0.005,0.972
526000,0.017,0.000,0.983
526500,0.041,0.019,0.940
527000,0.019,0.022,0.959
527500,0.011,0.003,0.986
528000,0.010,0.008,0.982
528500,0.014,0.023,0.963
529000,0.025,0.023,0.952
529500,0.015,0.021,0.964
530000,0.041,0.001,0.958
530500,0.013,0.000,0.987
531000,0.030,0.028,0.942
531500,0.040,0.013,0.947
532000,0.024,0.000,0.976
532500,0.015,0.002,0.983
533000,0.039,0.003,0.958
533500,0.049,0.008,0.943
534000,0.021,0.001,0.978
534500,0.010,0.003,0.987
535000,0.029,0.001,0.970
535500,0.010,0.008,0.982
536000,0.036,0.023,0.941
536500,0.031,0.000,0.969
537000,0.013,0.021,0.966
537500,0.021,0.027,0.952
538000,0.054,0.000,0.946
538500,0.031,0.010,0.959
539000,0.011,0.003,0.986
539500,0.010,0.023,0.967
540000,0.021,0.001,0.978
540500,0.071,0.000,0.929
541000,0.032,0.000,0.968
541500,0.010,0.000,0.990
542000,0.024,0.019,0.957
542500,0.013,0.008,0.979
543000,0.027,0.000,0.973
543500,0.056,0.000,0.944
544000,0.010,0.010,0.980
544500,0.017,0.006,0.977
545000,0.015,0.001,0.984
545500,0.019,0.024,0.957
546000,0.010,0.014,0.976
546500,0.011,0.018,0.971
547000,0.010,0.008,0.982
547500,0.043,0.004,0.953
548000,0.010,0.012,0.978
548500,0.028,0.001,0.971
549000,0.015,0.000,0.985
549500,0.070,0.000,0.930
550000,0.028,0.003,0.969
550500,0.038,0.015,0.947
551000,0.051,0.000,0.949
551500,0.021,0.001,0.978
552000,0.010,0.035,0.955
552500,0.044,0.032,0.924
553000,0.016,0.011,0.973
553500,0.011,0.008,0.981
554000,0.033,0.001,0.966
554500,0.010,0.013,0.977
555000,0.013,0.001,0.986
555500,0.012,0.000,0.988
556000,0.022,0.000,0.978
556500,0.023,0.001,0.976
557000,0.013,0.005,0.982
557500,0.011,0.010,0.979
558000,0.016,0.000,0.984
558500,0.029,0.000,0.971
559000,0.027,0.000,0.973
559500,0.019,0.019,0.962
560000,0.015,0.000,0.985
560500,0.017,0.006,0.977
561000,0.012,0.000,0.988
561500,0.013,0.000,0.987
562000,0.050,0.000,0.950
562500,0.018,0.000,0.982
563000,0.038,0.018,0.944
563500,0.010,0.008,0.982
564000,0.050,0.000,0.950
564500,0.050,0.000,0.950
565000,0.043,0.000,0.957
565500,0.016,0.000,0.984
566000,0.011,0.028,0.961
566500,0.038,0.000,0.962
567000,0.010,0.021,0.969
567500,0.088,0.000,0.912
568000,0.018,0.000,0.982
568500,0.017,0.022,0.961
569000,0.024,0.002,0.974
569500,0.023,0.002,0.975
570000,0.021,0.002,0.977
570500,0.011,0.052,0.937
571000,0.051,0.004,0.945
571500,0.027,0.005,0.968
572000,0.035,0.003,0.962
572500,0.038,0.000,0.962
573000,0.020,0.001,0.979
573500,0.058,0.028,0.914
574000,0.021,0.000,0.979
574500,0.025,0.000,0.975
575000,0.033,0.004,0.963
575500,0.017,0.000,0.983
576000,0.011,0.025,0.964
576500,0.011,0.019,0.970
577000,0.038,0.001,0.961
577500,0.034,0.003,0.963
578000,0.010,0.012,0.978
578500,0.039,0.000,0.961
579000,0.030,0.008,0.962
579500,0.047,0.025,0.928
580000,0.020,0.004,0.976
580500,0.013,0.021,0.966
581000,0.042,0.001,0.957
581500,0.015,0.006,0.979
582000,0.010,0.028,0.962
582500,0.016,0.001,0.983
583000,0.042,0.004,0.954
583500,0.038,0.000,0.962
584000,0.036,0.000,0.964
584500,0.010,0.037,0.953
585000,0.011,0.022,0.967
585500,0.030,0.001,0.969
586000,0.013,0.030,0.957
586500,0.025,0.000,0.975
587000,0.014,0.048,0.938
587500,0.010,0.002,0.988
588000,0.028,0.014,0.958
588500,0.016,0.023,0.961
589000,0.038,0.012,0.950
589500,0.011,0.000,0.989
590000,0.026,0.000,0.974
590500,0.010,0.022,0.968
591000,0.010,0.028,0.962
591500,0.010,0.002,0.988
592000,0.044,0.016,0.940
592500,0.023,0.002,0.975
593000,0.033,0.003,0.964
593500,0.010,0.025,0.965
594000,0.011,0.046,0.943
594500,0.010,0.029,0.961
595000,0.048,0.001,0.951
595500,0.024,0.000,0.976
596000,0.028,0.000,0.972
596500,0.012,0.009,0.979
597000,0.072,0.003,0.925
597500,0.010,0.005,0.985
598000,0.040,0.002,0.958
598500,0.010,0.013,0.977
599000,0.027,0.000,0.973
599500,0.010,0.001,0.989
600000,0.010,0.003,0.987
600500,0.017,0.000,0.983
601000,0.028,0.000,0.972
601500,0.040,0.025,0.935
602000,0.037,0.007,0.956
602500,0.029,0.000,0.971
603000,0.031,0.017,0.952
603500,0.011,0.029,0.960
604000,0.014,0.003,0.983
604500,0.011,0.000,0.989
605000,0.014,0.027,0.959
605500,0.011,0.001,0.988
606000,0.043,0.008,0.949
606500,0.010,0.006,0.984
607000,0.010,0.052,0.938
607500,0.035,0.000,0.965
608000,0.012,0.004,0.984
608500,0.018,0.037,0.945
609000,0.023,0.000,0.977
609500,0.047,0.000,0.953
610000,0.031,0.000,0.969
610500,0.011,0.001,0.988
611000,0.014,0.013,0.973
611500,0.011,0.001,0.988
612000,0.035,0.001,0.964
612500,0.011,0.015,0.974
613000,0.039,0.003,0.958
613500,0.032,0.002,0.966
614000,0.010,0.024,0.966
614500,0.017,0.010,0.973
615000,0.010,0.013,0.977
615500,0.021,0.018,0.961
616000,0.016,0.025,0.959
616500,0.010,0.023,0.967
617000,0.036,0.009,0.955
617500,0.039,0.000,0.961
618000,0.029,0.006,0.965
618500,0.039,0.001,0.960
619000,0.020,0.004,0.976
619500,0.037,0.002,0.961
620000,0.010,0.000,0.990
620500,0.045,0.000,0.955
621000,0.049,0.031,0.920
621500,0.030,0.013,0.957
622000,0.022,0.000,0.978
622500,0.010,0.008,0.982
623000,0.047,0.016,0.937
623500,0.014,0.011,0.975
624000,0.010,0.002,0.988
624500,0.011,0.004,0.985
625000,0.050,0.003,0.947
625500,0.047,0.006,0.947
626000,0.010,0.001,0.989
626500,0.039,0.015,0.946
627000,0.014,0.001,0.985
627500,0.024,0.000,0.976
628000,0.060,0.000,0.940
628500,0.011,0.009,0.980
629000,0.032,0.001,0.967
629500,0.043,0.003,0.954
630000,0.021,0.029,0.950
630500,0.028,0.000,0.972
631000,0.010,0.010,0.980
631500,0.030,0.003,0.967
632000,0.046,0.000,0.954
632500,0.040,0.000,0.960
633000,0.016,0.000,0.984
633500,0.013,0.030,0.957
634000,0.025,0.000,0.975
634500,0.027,0.003,0.970
635000,0.014,0.001,0.985
635500,0.010,0.007,0.983
636000,0.014,0.015,0.971
636500,0.010,0.000,0.990
637000,0.011,0.000,0.989
637500,0.017,0.000,0.983
638000,0.013,0.010,0.977
638500,0.024,0.001,0.975
639000,0.016,0.000,0.984
639500,0.011,0.008,0.981
640000,0.010,0.000,0.990
640500,0.027,0.000,0.973
641000,0.011,0.004,0.985
641500,0.048,0.006,0.946
642000,0.032,0.000,0.968
642500,0.010,0.014,0.976
643000,0.010,0.006,0.984
643500,0.032,0.001,0.967
644000,0.025,0.000,0.975
644500,0.015,0.001,0.984
645000,0.026,0.000,0.974
645500,0.033,0.004,0.963
646000,0.033,0.002,0.965
646500,0.038,0.005,0.957
647000,0.016,0.004,0.980
647500,0.013,0.010,0.977
648000,0.017,0.023,0.960
648500,0.011,0.014,0.975
649000,0.032,0.000,0.968
649500,0.030,0.004,0.966
650000,0.010,0.018,0.972
650500,0.014,0.004,0.982
651000,0.038,0.000,0.962
651500,0.038,0.014,0.948
652000,0.028,0.000,0.972
652500,0.017,0.000,0.983
653000,0.019,0.000,0.981
653500,0.014,0.049,0.937
654000,0.025,0.001,0.974
654500,0.029,0.018,0.953
655000,0.047,0.000,0.953
655500,0.026,0.000,0.974
656000,0.010,0.015,0.975
656500,0.013,0.011,0.976
657000,0.030,0.032,0.938
657500,0.036,0.005,0.959
658000,0.015,0.053,0.932
658500,0.012,0.052,0.936
659000,0.011,0.014,0.975
659500,0.017,0.027,0.956
660000,0.076,0.000,0.924
660500,0.010,0.009,0.981
661000,0.067,0.001,0.932
661500,0.010,0.025,0.965
662000,0.011,0.000,0.989
662500,0.036,0.003,0.961
663000,0.017,0.029,0.954
663500,0.014,0.025,0.961
664000,0.045,0.016,0.939
664500,0.037,0.001,0.962
665000,0.015,0.004,0.981
665500,0.029,0.028,0.943
666000,0.043,0.001,0.956
666500,0.038,0.001,0.961
667000,0.010,0.020,0.970
667500,0.045,0.004,0.951
668000,0.049,0.000,0.951
668500,0.019,0.000,0.981
669000,0.043,0.000,0.957
669500,0.022,0.009,0.969
670000,0.010,0.019,0.971
670500,0.034,0.006,0.960
671000,0.015,0.018,0.967
671500,0.020,0.010,0.970
672000,0.036,0.011,0.953
672500,0.049,0.000,0.951
673000,0.023,0.023,0.954
673500,0.045,0.008,0.947
674000,0.031,0.000,0.969
674500,0.012,0.000,0.988
675000,0.010,0.006,0.984
675500,0.010,0.003,0.987
676000,0.041,0.000,0.959
676500,0.018,0.004,0.978
677000,0.055,0.008,0.937
677500,0.037,0.000,0.963
678000,0.010,0.018,0.972
678500,0.010,0.001,0.989
679000,0.019,0.004,0.977
679500,0.032,0.007,0.961
680000,0.010,0.002,0.988
680500,0.022,0.010,0.968
681000,0.037,0.000,0.963
681500,0.010,0.006,0.984
682000,0.010,0.006,0.984
682500,0.028,0.023,0.949
683000,0.041,0.020,0.939
683500,0.010,0.035,0.955
684000,0.016,0.018,0.966
684500,0.054,0.000,0.946
685000,0.045,0.001,0.954
685500,0.018,0.000,0.982
686000,0.011,0.032,0.957
686500,0.011,0.006,0.983
687000,0.021,0.000,0.979
687500,0.016,0.000,0.984
688000,0.012,0.000,0.988
688500,0.016,0.000,0.984
689000,0.035,0.000,0.965
689500,0.033,0.000,0.967
690000,0.024,0.012,0.964
690500,0.031,0.003,0.966
691000,0.027,0.008,0.965
691500,0.028,0.001,0.971
692000,0.011,0.003,0.986
692500,0.010,0.008,0.982
693000,0.022,0.022,0.956
693500,0.031,0.000,0.969
694000,0.014,0.000,0.986
694500,0.012,0.028,0.960
695000,0.029,0.000,0.971
695500,0.011,0.011,0.978
696000,0.017,0.000,0.983
696500,0.032,0.000,0.968
697000,0.040,0.000,0.960
697500,0.049,0.006,0.945
698000,0.046,0.000,0.954
698500,0.019,0.005,0.976
699000,0.043,0.000,0.957
699500,0.024,0.029,0.947
700000,0.020,0.010,0.970
700500,0.044,0.006,0.950
701000,0.013,0.004,0.983
701500,0.052,0.008,0.940
702000,0.035,0.005,0.960
702500,0.010,0.000,0.990
703000,0.014,0.030,0.956
703500,0.010,0.000,0.990
704000,0.061,0.000,0.939
704500,0.012,0.015,0.973
705000,0.010,0.000,0.990
705500,0.035,0.011,0.954
706000,0.010,0.006,0.984
706500,0.025,0.000,0.975
707000,0.034,0.000,0.966
707500,0.014,0.000,0.986
708000,0.033,0.011,0.956
708500,0.037,0.002,0.961
709000,0.019,0.022,0.959
709500,0.018,0.000,0.982
710000,0.059,0.001,0.940
710500,0.037,0.006,0.957
711000,0.010,0.008,0.982
711500,0.012,0.003,0.985
712000,0.013,0.001,0.986
712500,0.011,0.005,0.984
713000,0.012,0.001,0.987
713500,0.011,0.010,0.979
714000,0.018,0.000,0.982
714500,0.017,0.000,0.983
715000,0.010,0.000,0.990
715500,0.026,0.042,0.932
716000,0.011,0.009,0.980
716500,0.014,0.001,0.985
717000,0.011,0.011,0.978
717500,0.030,0.000,0.970
718000,0.021,0.012,0.967
718500,0.032,0.015,0.953
719000,0.045,0.001,0.954
719500,0.037,0.001,0.962
720000,0.029,0.001,0.970
720500,0.010,0.013,0.977
721000,0.023,0.001,0.976
721500,0.011,0.022,0.967
722000,0.018,0.001,0.981
722500,0.014,0.023,0.963
723000,0.042,0.003,0.955
723500,0.022,0.029,0.949
724000,0.044,0.000,0.956
724500,0.010,0.000,0.990
725000,0.022,0.016,0.962
725500,0.026,0.003,0.971
726000,0.010,0.031,0.959
726500,0.032,0.009,0.959
727000,0.031,0.001,0.968
727500,0.020,0.000,0.980
728000,0.038,0.015,0.947
728500,0.011,0.029,0.960
729000,0.010,0.024,0.966
729500,0.011,0.002,0.987
730000,0.014,0.000,0.986
730500,0.029,0.000,0.971
731000,0.019,0.009,0.972
731500,0.031,0.028,0.941
732000,0.042,0.000,0.958
732500,0.010,0.027,0.963
733000,0.029,0.002,0.969
733500,0.015,0.024,0.961
734000,0.012,0.024,0.964
734500,0.010,0.000,0.990
735000,0.010,0.038,0.952
735500,0.040,0.003,0.957
736000,0.019,0.000,0.981
736500,0.010,0.018,0.972
737000,0.040,0.000,0.960
737500,0.040,0.017,0.943
738000,0.036,0.000,0.964
738500,0.027,0.011,0.962
739000,0.011,0.004,0.985
739500,0.060,0.000,0.940
740000,0.017,0.006,0.977
740500,0.010,0.010,0.980
741000,0.048,0.004,0.948
741500,0.013,0.000,0.987
742000,0.014,0.000,0.986
742500,0.022,0.003,0.975
743000,0.022,0.018,0.960
743500,0.036,0.003,0.961
744000,0.010,0.057,0.933
744500,0.010,0.004,0.986
745000,0.014,0.004,0.982
745500,0.010,0.010,0.980
746000,0.023,0.000,0.977
746500,0.020,0.000,0.980
747000,0.017,0.000,0.983
747500,0.029,0.002,0.969
748000,0.010,0.044,0.946
748500,0.018,0.004,0.978
749000,0.011,0.028,0.961
749500,0.014,0.000,0.986
750000,0.026,0.000,0.974
750500,0.015,0.046,0.939
751000,0.014,0.000,0.986
751500,0.027,0.003,0.970
752000,0.014,0.007,0.979
752500,0.033,0.000,0.967
753000,0.020,0.000,0.980
753500,0.016,0.020,0.964
754000,0.029,0.024,0.947
754500,0.022,0.008,0.970
755000,0.028,0.003,0.969
755500,0.025,0.041,0.934
756000,0.027,0.010,0.963
756500,0.010,0.028,0.962
757000,0.010,0.000,0.990
757500,0.013,0.013,0.974
758000,0.036,0.031,0.933
758500,0.042,0.000,0.958
759000,0.026,0.010,0.964
759500,0.018,0.006,0.976
760000,0.028,0.002,0.970
760500,0.020,0.021,0.959
761000,0.023,0.000,0.977
761500,0.072,0.015,0.913
762000,0.028,0.025,0.947
762500,0.015,0.023,0.962
763000,0.038,0.000,0.962
763500,0.010,0.025,0.965
764000,0.010,0.027,0.963
764500,0.041,0.002,0.957
765000,0.052,0.012,0.936
765500,0.039,0.001,0.960
766000,0.014,0.000,0.986
766500,0.019,0.000,0.981
767000,0.019,0.000,0.981
767500,0.035,0.015,0.950
768000,0.017,0.032,0.951
768500,0.017,0.000,0.983
769000,0.010,0.036,0.954
769500,0.015,0.000,0.985
770000,0.020,0.002,0.978
770500,0.011,0.001,0.988
771000,0.052,0.000,0.948
771500,0.016,0.000,0.984
772000,0.015,0.001,0.984
772500,0.052,0.019,0.929
773000,0.043,0.000,0.957
773500,0.025,0.015,0.960
774000,0.025,0.002,0.973
774500,0.020,0.016,0.964
775000,0.037,0.033,0.930
775500,0.043,0.008,0.949
776000,0.014,0.010,0.976
776500,0.062,0.014,0.924
777000,0.036,0.045,0.919
777500,0.016,0.004,0.980
778000,0.054,0.001,0.945
778500,0.022,0.000,0.978
779000,0.037,0.021,0.942
779500,0.042,0.012,0.946
780000,0.010,0.000,0.990
780500,0.010,0.047,0.943
781000,0.010,0.030,0.960
781500,0.010,0.030,0.960
782000,0.013,0.031,0.956
782500,0.055,0.000,0.945
783000,0.041,0.006,0.953
783500,0.029,0.003,0.968
784000,0.033,0.005,0.962
784500,0.010,0.003,0.987
785000,0.012,0.014,0.974
785500,0.094,0.002,0.904
786000,0.013,0.000,0.987
786500,0.011,0.008,0.981
787000,0.020,0.003,0.977
787500,0.031,0.000,0.969
788000,0.014,0.003,0.983
788500,0.010,0.041,0.949
789000,0.011,0.048,0.941
789500,0.011,0.052,0.937
790000,0.013,0.018,0.969
790500,0.016,0.002,0.982
791000,0.013,0.011,0.976
791500,0.010,0.020,0.970
792000,0.053,0.030,0.917
792500,0.034,0.005,0.961
793000,0.025,0.000,0.975
793500,0.026,0.000,0.974
794000,0.021,0.009,0.970
794500,0.022,0.013,0.965
795000,0.028,0.002,0.970
795500,0.010,0.044,0.946
796000,0.039,0.000,0.961
796500,0.037,0.000,0.963
797000,0.018,0.013,0.969
797500,0.011,0.016,0.973
798000,0.012,0.000,0.988
798500,0.039,0.014,0.947
799000,0.057,0.000,0.943
799500,0.011,0.000,0.989
800000,0.015,0.000,0.985
800500,0.010,0.000,0.990
801000,0.070,0.000,0.930
801500,0.010,0.008,0.982
802000,0.052,0.013,0.935
802500,0.019,0.018,0.963
803000,0.010,0.018,0.972
803500,0.020,0.026,0.954
804000,0.010,0.022,0.968
804500,0.013,0.049,0.938
805000,0.015,0.000,0.985
805500,0.025,0.018,0.957
806000,0.060,0.000,0.940
806500,0.045,0.000,0.955
807000,0.010,0.013,0.977
807500,0.010,0.008,0.982
808000,0.011,0.017,0.972
808500,0.029,0.000,0.971
809000,0.015,0.000,0.985
809500,0.010,0.009,0.981
810000,0.018,0.000,0.982
810500,0.013,0.011,0.976
811000,0.046,0.000,0.954
811500,0.047,0.000,0.953
812000,0.015,0.001,0.984
812500,0.013,0.003,0.984
813000,0.023,0.000,0.977
813500,0.038,0.004,0.958
814000,0.019,0.000,0.981
814500,0.061,0.012,0.927
815000,0.011,0.011,0.978
815500,0.014,0.000,0.986
816000,0.031,0.000,0.969
816500,0.013,0.033,0.954
817000,0.036,0.000,0.964
817500,0.013,0.008,0.979
818000,0.043,0.000,0.957
818500,0.031,0.000,0.969
819000,0.022,0.000,0.978
819500,0.010,0.005,0.985
820000,0.015,0.014,0.971
820500,0.010,0.024,0.966
821000,0.015,0.016,0.969
821500,0.037,0.002,0.961
822000,0.036,0.018,0.946
822500,0.022,0.001,0.977
823000,0.024,0.011,0.965
823500,0.010,0.002,0.988
824000,0.031,0.009,0.960
824500,0.010,0.008,0.982
825000,0.062,0.013,0.925
825500,0.025,0.009,0.966
826000,0.106,0.012,0.882
826500,0.010,0.013,0.977
827000,0.040,0.000,0.960
827500,0.013,0.017,0.970
828000,0.016,0.000,0.984
828500,0.012,0.006,0.982
829000,0.017,0.000,0.983
829500,0.016,0.003,0.981
830000,0.038,0.000,0.962
830500,0.011,0.000,0.989
831000,0.031,0.000,0.969
831500,0.010,0.000,0.990
832000,0.012,0.001,0.987
832500,0.010,0.012,0.978
833000,0.024,0.002,0.974
833500,0.026,0.005,0.969
834000,0.013,0.000,0.987
834500,0.010,0.033,0.957
835000,0.010,0.001,0.989
835500,0.017,0.007,0.976
836000,0.019,0.021,0.960
836500,0.044,0.015,0.941
837000,0.010,0.020,0.970
837500,0.014,0.002,0.984
838000,0.031,0.021,0.948
838500,0.026,0.002,0.972
839000,0.011,0.040,0.949
839500,0.013,0.006,0.981
840000,0.010,0.016,0.974
840500,0.010,0.035,0.955
841000,0.031,0.005,0.964
841500,0.010,0.008,0.982
842000,0.021,0.026,0.953
842500,0.029,0.007,0.964
843000,0.013,0.021,0.966
843500,0.025,0.000,0.975
844000,0.010,0.032,0.958
844500,0.071,0.000,0.929
845000,0.040,0.000,0.960
845500,0.018,0.035,0.947
846000,0.024,0.016,0.960
846500,0.029,0.000,0.971
847000,0.091,0.012,0.897
847500,0.104,0.000,0.896
848000,0.042,0.000,0.958
848500,0.017,0.000,0.983
849000,0.018,0.010,0.972
849500,0.011,0.036,0.953
850000,0.011,0.004,0.985
850500,0.031,0.001,0.968
851000,0.010,0.024,0.966
851500,0.010,0.010,0.980
852000,0.042,0.001,0.957
852500,0.048,0.000,0.952
853000,0.019,0.020,0.961
853500,0.023,0.002,0.975
854000,0.010,0.010,0.980
854500,0.042,0.008,0.950
855000,0.010,0.017,0.973
855500,0.010,0.004,0.986
856000,0.040,0.014,0.946
856500,0.036,0.000,0.964
857000,0.010,0.047,0.943
857500,0.010,0.024,0.966
858000,0.035,0.000,0.965
858500,0.030,0.033,0.937
859000,0.017,0.015,0.968
859500,0.020,0.001,0.979
860000,0.037,0.010,0.953
860500,0.017,0.001,0.982
861000,0.018,0.001,0.981
861500,0.018,0.011,0.971
862000,0.010,0.009,0.981
862500,0.030,0.000,0.970
863000,0.011,0.032,0.957
863500,0.034,0.009,0.957
864000,0.043,0.000,0.957
864500,0.010,0.000,0.990
865000,0.010,0.001,0.989
865500,0.020,0.008,0.972
866000,0.048,0.000,0.952
866500,0.014,0.019,0.967
867000,0.010,0.012,0.978
867500,0.010,0.003,0.987
868000,0.036,0.005,0.959
868500,0.033,0.021,0.946
869000,0.023,0.000,0.977
869500,0.041,0.000,0.959
870000,0.035,0.005,0.960
870500,0.057,0.002,0.941
871000,0.031,0.015,0.954
871500,0.015,0.002,0.983
872000,0.010,0.026,0.964
872500,0.011,0.000,0.989
873000,0.010,0.018,0.972
873500,0.012,0.018,0.970
874000,0.041,0.000,0.959
874500,0.012,0.014,0.974
875000,0.040,0.000,0.960
875500,0.010,0.005,0.985
876000,0.014,0.016,0.970
876500,0.061,0.000,0.939
877000,0.020,0.047,0.933
877500,0.053,0.001,0.946
878000,0.011,0.003,0.986
878500,0.012,0.044,0.944
879000,0.029,0.017,0.954
879500,0.016,0.003,0.981
880000,0.010,0.036,0.954
880500,0.011,0.031,0.958
881000,0.019,0.020,0.961
881500,0.040,0.000,0.960
882000,0.010,0.000,0.990
882500,0.035,0.004,0.961
883000,0.016,0.020,0.964
883500,0.020,0.000,0.980
884000,0.011,0.023,0.966
884500,0.023,0.001,0.976
885000,0.014,0.038,0.948
885500,0.059,0.000,0.941
886000,0.011,0.015,0.974
886500,0.034,0.006,0.960
887000,0.030,0.001,0.969
887500,0.010,0.035,0.955
888000,0.035,0.001,0.964
888500,0.010,0.033,0.957
889000,0.018,0.030,0.952
889500,0.030,0.000,0.970
890000,0.010,0.004,0.986
890500,0.013,0.033,0.954
891000,0.043,0.010,0.947
891500,0.048,0.004,0.948
892000,0.010,0.005,0.985
892500,0.011,0.007,0.982
893000,0.024,0.000,0.976
893500,0.034,0.000,0.966
894000,0.022,0.010,0.968
894500,0.034,0.010,0.956
895000,0.023,0.007,0.970
895500,0.044,0.000,0.956
896000,0.011,0.019,0.970
896500,0.011,0.000,0.989
897000,0.038,0.001,0.961
897500,0.029,0.000,0.971
898000,0.011,0.014,0.975
898500,0.023,0.004,0.973
899000,0.028,0.002,0.970
899500,0.035,0.001,0.964
900000,0.050,0.001,0.949
900500,0.010,0.003,0.987
901000,0.031,0.011,0.958
901500,0.017,0.022,0.961
902000,0.015,0.000,0.985
902500,0.015,0.000,0.985
903000,0.033,0.000,0.967
903500,0.019,0.001,0.980
904000,0.029,0.006,0.965
904500,0.022,0.000,0.978
905000,0.046,0.019,0.935
905500,0.021,0.000,0.979
906000,0.062,0.000,0.938
906500,0.010,0.000,0.990
907000,0.012,0.000,0.988
907500,0.016,0.000,0.984
908000,0.010,0.030,0.960
908500,0.010,0.003,0.987
909000,0.019,0.000,0.981
909500,0.010,0.015,0.975
910000,0.026,0.000,0.974
910500,0.038,0.030,0.932
911000,0.026,0.000,0.974
911500,0.027,0.005,0.968
912000,0.010,0.013,0.977
912500,0.035,0.002,0.963
913000,0.019,0.009,0.972
913500,0.034,0.000,0.966
914000,0.013,0.002,0.985
914500,0.060,0.000,0.940
915000,0.022,0.009,0.969
915500,0.060,0.000,0.940
916000,0.050,0.001,0.949
916500,0.035,0.017,0.948
917000,0.041,0.000,0.959
917500,0.015,0.005,0.980
918000,0.010,0.036,0.954
918500,0.024,0.001,0.975
919000,0.031,0.000,0.969
919500,0.048,0.000,0.952
920000,0.015,0.002,0.983
920500,0.024,0.005,0.971
921000,0.055,0.011,0.934
921500,0.021,0.000,0.979
922000,0.035,0.000,0.965
922500,0.028,0.014,0.958
923000,0.040,0.000,0.960
923500,0.027,0.005,0.968
924000,0.045,0.001,0.954
924500,0.031,0.009,0.960
925000,0.057,0.000,0.943
925500,0.019,0.000,0.981
926000,0.010,0.018,0.972
926500,0.010,0.000,0.990
927000,0.015,0.005,0.980
927500,0.025,0.002,0.973
928000,0.010,0.048,0.942
928500,0.011,0.000,0.989
929000,0.010,0.013,0.977
929500,0.025,0.003,0.972
930000,0.013,0.003,0.984
930500,0.019,0.000,0.981
931000,0.012,0.014,0.974
931500,0.037,0.003,0.960
932000,0.013,0.022,0.965
932500,0.020,0.006,0.974
933000,0.024,0.006,0.970
933500,0.022,0.000,0.978
934000,0.011,0.012,0.977
934500,0.030,0.000,0.970
935000,0.013,0.030,0.957
935500,0.017,0.016,0.967
936000,0.031,0.000,0.969
936500,0.010,0.010,0.980
937000,0.011,0.003,0.986
937500,0.010,0.000,0.990
938000,0.019,0.007,0.974
938500,0.021,0.000,0.979
939000,0.010,0.005,0.985
939500,0.010,0.021,0.969
940000,0.010,0.008,0.982
940500,0.018,0.035,0.947
941000,0.031,0.023,0.946
941500,0.018,0.005,0.977
942000,0.026,0.000,0.974
942500,0.019,0.037,0.944
943000,0.027,0.001,0.972
943500,0.051,0.000,0.949
944000,0.010,0.017,0.973
944500,0.010,0.006,0.984
945000,0.017,0.001,0.982
945500,0.052,0.000,0.948
946000,0.026,0.006,0.968
946500,0.029,0.002,0.969
947000,0.010,0.000,0.990
947500,0.047,0.006,0.947
948000,0.032,0.022,0.946
948500,0.022,0.026,0.952
949000,0.018,0.024,0.958
949500,0.027,0.000,0.973
950000,0.039,0.000,0.961
950500,0.018,0.000,0.982
951000,0.027,0.000,0.973
951500,0.020,0.013,0.967
952000,0.053,0.000,0.947
952500,0.036,0.000,0.964
953000,0.032,0.002,0.966
953500,0.013,0.020,0.967
954000,0.021,0.016,0.963
954500,0.010,0.017,0.973
955000,0.010,0.046,0.944
955500,0.012,0.021,0.967
956000,0.062,0.001,0.937
956500,0.031,0.043,0.926
957000,0.026,0.000,0.974
957500,0.047,0.000,0.953
958000,0.023,0.001,0.976
958500,0.020,0.002,0.978
959000,0.012,0.002,0.986
959500,0.026,0.000,0.974
960000,0.011,0.000,0.989
960500,0.040,0.000,0.960
961000,0.010,0.000,0.990
961500,0.045,0.000,0.955
962000,0.011,0.036,0.953
962500,0.054,0.003,0.943
963000,0.011,0.000,0.989
963500,0.050,0.005,0.945
964000,0.051,0.008,0.941
964500,0.016,0.001,0.983
965000,0.010,0.025,0.965
965500,0.015,0.000,0.985
966000,0.037,0.020,0.943
966500,0.019,0.013,0.968
967000,0.035,0.022,0.943
967500,0.038,0.000,0.962
968000,0.032,0.000,0.968
968500,0.016,0.007,0.977
969000,0.010,0.017,0.973
969500,0.019,0.000,0.981
970000,0.035,0.022,0.943
970500,0.060,0.002,0.938
971000,0.031,0.009,0.960
971500,0.010,0.032,0.958
972000,0.061,0.007,0.932
972500,0.020,0.000,0.980
973000,0.010,0.033,0.957
973500,0.022,0.001,0.977
974000,0.038,0.001,0.961
974500,0.011,0.035,0.954
975000,0.010,0.000,0.990
975500,0.035,0.017,0.948
976000,0.030,0.001,0.969
976500,0.035,0.000,0.965
977000,0.024,0.002,0.974
977500,0.036,0.004,0.960
978000,0.016,0.004,0.980
978500,0.016,0.019,0.965
979000,0.012,0.001,0.987
979500,0.018,0.014,0.968
980000,0.012,0.001,0.987
980500,0.036,0.000,0.964
981000,0.041,0.003,0.956
981500,0.015,0.000,0.985
982000,0.019,0.007,0.974
982500,0.010,0.042,0.948
983000,0.012,0.005,0.983
983500,0.022,0.036,0.942
984000,0.019,0.000,0.981
984500,0.027,0.001,0.972
985000,0.032,0.009,0.959
985500,0.036,0.024,0.940
986000,0.015,0.001,0.984
986500,0.019,0.021,0.960
987000,0.010,0.001,0.989
987500,0.016,0.000,0.984
988000,0.020,0.016,0.964
988500,0.055,0.007,0.938
989000,0.016,0.000,0.984
989500,0.027,0.001,0.972
990000,0.034,0.021,0.945
990500,0.033,0.000,0.967
991000,0.013,0.014,0.973
991500,0.049,0.023,0.928
992000,0.027,0.000,0.973
992500,0.030,0.004,0.966
993000,0.021,0.009,0.970
993500,0.023,0.001,0.976
994000,0.011,0.001,0.988
994500,0.014,0.011,0.975
995000,0.029,0.008,0.963
995500,0.011,0.019,0.970
996000,0.021,0.006,0.973
996500,0.024,0.000,0.976
997000,0.012,0.018,0.970
997500,0.037,0.012,0.951
998000,0.019,0.026,0.955
998500,0.010,0.003,0.987
999000,0.010,0.040,0.950
999500,0.013,0.003,0.984
1000000,0.023,0.000,0.977
