time,n_A+p,n_B,n_AB
500,0.030,0.771,0.199
1000,0.030,0.663,0.307
1500,0.030,0.745,0.225
2000,0.030,0.597,0.373
2500,0.030,0.643,0.327
3000,0.030,0.637,0.333
3500,0.030,0.664,0.306
4000,0.030,0.567,0.403
4500,0.030,0.560,0.410
5000,0.030,0.671,0.299
5500,0.030,0.628,0.342
6000,0.030,0.650,0.320
6500,0.030,0.643,0.327
7000,0.030,0.714,0.256
7500,0.030,0.720,0.250
8000,0.030,0.765,0.205
8500,0.030,0.678,0.292
9000,0.030,0.654,0.316
9500,0.030,0.672,0.298
10000,0.030,0.773,0.197
10500,0.030,0.751,0.219
11000,0.030,0.737,0.233
11500,0.030,0.798,0.172
12000,0.030,0.601,0.369
12500,0.030,0.589,0.381
13000,0.030,0.587,0.383
13500,0.030,0.615,0.355
14000,0.030,0.778,0.192
14500,0.030,0.619,0.351
15000,0.030,0.779,0.191
15500,0.030,0.705,0.265
16000,0.030,0.608,0.362
16500,0.030,0.718,0.252
17000,0.030,0.638,0.332
17500,0.030,0.694,0.276
18000,0.030,0.714,0.256
18500,0.030,0.786,0.184
19000,0.030,0.700,0.270
19500,0.030,0.762,0.208
20000,0.030,0.720,0.250
20500,0.030,0.672,0.298
21000,0.030,0.560,0.410
21500,0.030,0.666,0.304
22000,0.030,0.654,0.316
22500,0.030,0.668,0.302
23000,0.030,0.660,0.310
23500,0.030,0.641,0.329
24000,0.030,0.690,0.280
24500,0.030,0.634,0.336
25000,0.030,0.613,0.357
25500,0.030,0.697,0.273
26000,0.030,0.596,0.374
26500,0.030,0.542,0.428
27000,0.030,0.647,0.323
27500,0.030,0.681,0.289
28000,0.030,0.770,0.200
28500,0.030,0.753,0.217
29000,0.030,0.840,0.130
29500,0.030,0.692,0.278
30000,0.030,0.798,0.172
30500,0.030,0.677,0.293
31000,0.030,0.638,0.332
31500,0.030,0.672,0.298
32000,0.030,0.646,0.324
32500,0.030,0.627,0.343
33000,0.030,0.587,0.383
33500,0.030,0.665,0.305
34000,0.030,0.772,0.198
34500,0.030,0.872,0.098
35000,0.030,0.859,0.111
35500,0.030,0.753,0.217
36000,0.030,0.583,0.387
36500,0.030,0.741,0.229
37000,0.030,0.856,0.114
37500,0.030,0.798,0.172
38000,0.030,0.675,0.295
38500,0.030,0.710,0.260
39000,0.030,0.615,0.355
39500,0.030,0.548,0.422
40000,0.030,0.674,0.296
40500,0.030,0.786,0.184
41000,0.030,0.760,0.210
41500,0.030,0.623,0.347
42000,0.030,0.708,0.262
42500,0.030,0.803,0.167
43000,0.030,0.750,0.220
43500,0.030,0.637,0.333
44000,0.030,0.644,0.326
44500,0.030,0.773,0.197
45000,0.030,0.728,0.242
45500,0.030,0.660,0.310
46000,0.030,0.575,0.395
46500,0.030,0.654,0.316
47000,0.030,0.685,0.285
47500,0.030,0.653,0.317
48000,0.030,0.707,0.263
48500,0.030,0.664,0.306
49000,0.030,0.700,0.270
49500,0.030,0.594,0.376
50000,0.030,0.653,0.317
50500,0.030,0.628,0.342
51000,0.030,0.678,0.292
51500,0.030,0.691,0.279
52000,0.030,0.684,0.286
52500,0.030,0.741,0.229
53000,0.030,0.660,0.310
53500,0.030,0.662,0.308
54000,0.030,0.693,0.277
54500,0.030,0.688,0.282
55000,0.030,0.780,0.190
55500,0.030,0.695,0.275
56000,0.030,0.682,0.288
56500,0.030,0.809,0.161
57000,0.030,0.666,0.304
57500,0.030,0.694,0.276
58000,0.030,0.579,0.391
58500,0.030,0.615,0.355
59000,0.030,0.687,0.283
59500,0.030,0.631,0.339
60000,0.030,0.656,0.314
60500,0.030,0.710,0.260
61000,0.030,0.648,0.322
61500,0.030,0.636,0.334
62000,0.030,0.635,0.335
62500,0.030,0.605,0.365
63000,0.030,0.586,0.384
63500,0.030,0.690,0.280
64000,0.030,0.730,0.240
64500,0.030,0.756,0.214
65000,0.030,0.789,0.181
65500,0.030,0.685,0.285
66000,0.030,0.588,0.382
66500,0.030,0.625,0.345
67000,0.030,0.619,0.351
67500,0.030,0.665,0.305
68000,0.030,0.621,0.349
68500,0.030,0.721,0.249
69000,0.030,0.682,0.288
69500,0.030,0.569,0.401
70000,0.030,0.532,0.438
70500,0.030,0.690,0.280
71000,0.030,0.779,0.191
71500,0.030,0.653,0.317
72000,0.030,0.645,0.325
72500,0.030,0.649,0.321
73000,0.030,0.678,0.292
73500,0.030,0.645,0.325
74000,0.030,0.697,0.273
74500,0.030,0.779,0.191
75000,0.030,0.699,0.271
75500,0.030,0.769,0.201
76000,0.030,0.651,0.319
76500,0.030,0.617,0.353
77000,0.030,0.690,0.280
77500,0.030,0.696,0.274
78000,0.030,0.677,0.293
78500,0.030,0.694,0.276
79000,0.030,0.736,0.234
79500,0.030,0.670,0.300
80000,0.030,0.769,0.201
80500,0.030,0.685,0.285
81000,0.030,0.723,0.247
81500,0.030,0.613,0.357
82000,0.030,0.706,0.264
82500,0.030,0.662,0.308
83000,0.030,0.768,0.202
83500,0.030,0.763,0.207
84000,0.030,0.756,0.214
84500,0.030,0.707,0.263
85000,0.030,0.658,0.312
85500,0.030,0.745,0.225
86000,0.030,0.815,0.155
86500,0.030,0.828,0.142
87000,0.030,0.809,0.161
87500,0.030,0.679,0.291
88000,0.030,0.741,0.229
88500,0.030,0.684,0.286
89000,0.030,0.639,0.331
89500,0.030,0.663,0.307
90000,0.030,0.668,0.302
90500,0.030,0.695,0.275
91000,0.030,0.598,0.372
91500,0.030,0.691,0.279
92000,0.030,0.667,0.303
92500,0.030,0.766,0.204
93000,0.030,0.736,0.234
93500,0.030,0.684,0.286
94000,0.030,0.657,0.313
94500,0.030,0.764,0.206
95000,0.030,0.763,0.207
95500,0.030,0.704,0.266
96000,0.030,0.748,0.222
96500,0.030,0.761,0.209
97000,0.030,0.788,0.182
97500,0.030,0.740,0.230
98000,0.030,0.763,0.207
98500,0.030,0.784,0.186
99000,0.030,0.741,0.229
99500,0.030,0.842,0.128
100000,0.030,0.827,0.143
100500,0.030,0.657,0.313
101000,0.030,0.735,0.235
101500,0.030,0.734,0.236
102000,0.030,0.707,0.263
102500,0.030,0.675,0.295
103000,0.030,0.650,0.320
103500,0.030,0.725,0.245
104000,0.030,0.553,0.417
104500,0.030,0.611,0.359
105000,0.030,0.648,0.322
105500,0.030,0.740,0.230
106000,0.030,0.671,0.299
106500,0.030,0.691,0.279
107000,0.030,0.657,0.313
107500,0.030,0.652,0.318
108000,0.030,0.641,0.329
108500,0.030,0.686,0.284
109000,0.030,0.796,0.174
109500,0.030,0.769,0.201
110000,0.030,0.822,0.148
110500,0.030,0.750,0.220
111000,0.030,0.775,0.195
111500,0.030,0.827,0.143
112000,0.030,0.787,0.183
112500,0.030,0.615,0.355
113000,0.030,0.636,0.334
113500,0.030,0.715,0.255
114000,0.030,0.685,0.285
114500,0.030,0.715,0.255
115000,0.030,0.717,0.253
115500,0.030,0.640,0.330
116000,0.030,0.751,0.219
116500,0.030,0.821,0.149
117000,0.030,0.893,0.077
117500,0.030,0.778,0.192
118000,0.030,0.709,0.261
118500,0.030,0.731,0.239
119000,0.030,0.655,0.315
119500,0.030,0.609,0.361
120000,0.030,0.817,0.153
120500,0.030,0.817,0.153
121000,0.030,0.742,0.228
121500,0.030,0.700,0.270
122000,0.030,0.592,0.378
122500,0.030,0.644,0.326
123000,0.030,0.652,0.318
123500,0.030,0.616,0.354
124000,0.030,0.767,0.203
124500,0.030,0.647,0.323
125000,0.030,0.694,0.276
125500,0.030,0.694,0.276
126000,0.030,0.724,0.246
126500,0.030,0.654,0.316
127000,0.030,0.624,0.346
127500,0.030,0.677,0.293
128000,0.030,0.604,0.366
128500,0.030,0.728,0.242
129000,0.030,0.748,0.222
129500,0.030,0.757,0.213
130000,0.030,0.730,0.240
130500,0.030,0.683,0.287
131000,0.030,0.746,0.224
131500,0.030,0.742,0.228
132000,0.030,0.782,0.188
132500,0.030,0.786,0.184
133000,0.030,0.668,0.302
133500,0.030,0.677,0.293
134000,0.030,0.728,0.242
134500,0.030,0.652,0.318
135000,0.030,0.729,0.241
135500,0.030,0.761,0.209
136000,0.030,0.740,0.230
136500,0.030,0.638,0.332
137000,0.030,0.616,0.354
137500,0.030,0.606,0.364
138000,0.030,0.698,0.272
138500,0.030,0.827,0.143
139000,0.030,0.687,0.283
139500,0.030,0.759,0.211
140000,0.030,0.716,0.254
140500,0.030,0.819,0.151
141000,0.030,0.782,0.188
141500,0.030,0.772,0.198
142000,0.030,0.667,0.303
142500,0.030,0.661,0.309
143000,0.030,0.572,0.398
143500,0.030,0.685,0.285
144000,0.030,0.704,0.266
144500,0.030,0.712,0.258
145000,0.030,0.679,0.291
145500,0.030,0.699,0.271
146000,0.030,0.596,0.374
146500,0.030,0.763,0.207
147000,0.030,0.542,0.428
147500,0.030,0.622,0.348
148000,0.030,0.704,0.266
148500,0.030,0.730,0.240
149000,0.030,0.715,0.255
149500,0.030,0.709,0.261
150000,0.030,0.722,0.248
150500,0.030,0.743,0.227
151000,0.030,0.797,0.173
151500,0.030,0.824,0.146
152000,0.030,0.747,0.223
152500,0.030,0.694,0.276
153000,0.030,0.608,0.362
153500,0.030,0.721,0.249
154000,0.030,0.818,0.152
154500,0.030,0.813,0.157
155000,0.030,0.688,0.282
155500,0.030,0.710,0.260
156000,0.030,0.699,0.271
156500,0.030,0.629,0.341
157000,0.030,0.637,0.333
157500,0.030,0.696,0.274
158000,0.030,0.786,0.184
158500,0.030,0.684,0.286
159000,0.030,0.625,0.345
159500,0.030,0.800,0.170
160000,0.030,0.715,0.255
160500,0.030,0.666,0.304
161000,0.030,0.731,0.239
161500,0.030,0.764,0.206
162000,0.030,0.756,0.214
162500,0.030,0.721,0.249
163000,0.030,0.664,0.306
163500,0.030,0.679,0.291
164000,0.030,0.750,0.220
164500,0.030,0.692,0.278
165000,0.030,0.688,0.282
165500,0.030,0.719,0.251
166000,0.030,0.620,0.350
166500,0.030,0.612,0.358
167000,0.030,0.637,0.333
167500,0.030,0.620,0.350
168000,0.030,0.733,0.237
168500,0.030,0.773,0.197
169000,0.030,0.748,0.222
169500,0.030,0.603,0.367
170000,0.030,0.697,0.273
170500,0.030,0.662,0.308
171000,0.030,0.800,0.170
171500,0.030,0.716,0.254
172000,0.030,0.703,0.267
172500,0.030,0.755,0.215
173000,0.030,0.715,0.255
173500,0.030,0.688,0.282
174000,0.030,0.627,0.343
174500,0.030,0.645,0.325
175000,0.030,0.658,0.312
175500,0.030,0.676,0.294
176000,0.030,0.655,0.315
176500,0.030,0.623,0.347
177000,0.030,0.558,0.412
177500,0.030,0.649,0.321
178000,0.030,0.745,0.225
178500,0.030,0.831,0.139
179000,0.030,0.743,0.227
179500,0.030,0.586,0.384
180000,0.030,0.721,0.249
180500,0.030,0.694,0.276
181000,0.030,0.676,0.294
181500,0.030,0.645,0.325
182000,0.030,0.816,0.154
182500,0.030,0.719,0.251
183000,0.030,0.729,0.241
183500,0.030,0.621,0.349
184000,0.030,0.733,0.237
184500,0.030,0.729,0.241
185000,0.030,0.704,0.266
185500,0.030,0.849,0.121
186000,0.030,0.830,0.140
186500,0.030,0.739,0.231
187000,0.030,0.556,0.414
187500,0.030,0.750,0.220
188000,0.030,0.706,0.264
188500,0.030,0.674,0.296
189000,0.030,0.738,0.232
189500,0.030,0.676,0.294
190000,0.030,0.708,0.262
190500,0.030,0.642,0.328
191000,0.030,0.728,0.242
191500,0.030,0.663,0.307
192000,0.030,0.697,0.273
192500,0.030,0.695,0.275
193000,0.030,0.715,0.255
193500,0.030,0.724,0.246
194000,0.030,0.671,0.299
194500,0.030,0.686,0.284
195000,0.030,0.635,0.335
195500,0.030,0.658,0.312
196000,0.030,0.518,0.452
196500,0.030,0.630,0.340
197000,0.030,0.568,0.402
197500,0.030,0.591,0.379
198000,0.030,0.635,0.335
198500,0.030,0.581,0.389
199000,0.030,0.652,0.318
199500,0.030,0.784,0.186
200000,0.030,0.795,0.175
200500,0.030,0.722,0.248
201000,0.030,0.748,0.222
201500,0.030,0.789,0.181
202000,0.030,0.827,0.143
202500,0.030,0.727,0.243
203000,0.030,0.734,0.236
203500,0.030,0.619,0.351
204000,0.030,0.687,0.283
204500,0.030,0.807,0.163
205000,0.030,0.777,0.193
205500,0.030,0.786,0.184
206000,0.030,0.628,0.342
206500,0.030,0.555,0.415
207000,0.030,0.646,0.324
207500,0.030,0.660,0.310
208000,0.030,0.652,0.318
208500,0.030,0.690,0.280
209000,0.030,0.624,0.346
209500,0.030,0.637,0.333
210000,0.030,0.767,0.203
210500,0.030,0.734,0.236
211000,0.030,0.643,0.327
211500,0.030,0.684,0.286
212000,0.030,0.687,0.283
212500,0.030,0.708,0.262
213000,0.030,0.714,0.256
213500,0.030,0.715,0.255
214000,0.030,0.671,0.299
214500,0.030,0.531,0.439
215000,0.030,0.690,0.280
215500,0.030,0.677,0.293
216000,0.030,0.684,0.286
216500,0.030,0.724,0.246
217000,0.030,0.652,0.318
217500,0.030,0.585,0.385
218000,0.030,0.625,0.345
218500,0.030,0.639,0.331
219000,0.030,0.712,0.258
219500,0.030,0.665,0.305
220000,0.030,0.672,0.298
220500,0.030,0.657,0.313
221000,0.030,0.605,0.365
221500,0.030,0.617,0.353
222000,0.030,0.680,0.290
222500,0.030,0.685,0.285
223000,0.030,0.763,0.207
223500,0.030,0.641,0.329
224000,0.030,0.745,0.225
224500,0.030,0.739,0.231
225000,0.030,0.708,0.262
225500,0.030,0.623,0.347
226000,0.030,0.616,0.354
226500,0.030,0.664,0.306
227000,0.030,0.635,0.335
227500,0.030,0.590,0.380
228000,0.030,0.712,0.258
228500,0.030,0.784,0.186
229000,0.030,0.817,0.153
229500,0.030,0.794,0.176
230000,0.030,0.861,0.109
230500,0.030,0.834,0.136
231000,0.030,0.691,0.279
231500,0.030,0.671,0.299
232000,0.030,0.699,0.271
232500,0.030,0.670,0.300
233000,0.030,0.696,0.274
233500,0.030,0.606,0.364
234000,0.030,0.681,0.289
234500,0.030,0.586,0.384
235000,0.030,0.719,0.251
235500,0.030,0.612,0.358
236000,0.030,0.572,0.398
236500,0.030,0.604,0.366
237000,0.030,0.624,0.346
237500,0.030,0.641,0.329
238000,0.030,0.683,0.287
238500,0.030,0.660,0.310
239000,0.030,0.647,0.323
239500,0.030,0.667,0.303
240000,0.030,0.676,0.294
240500,0.030,0.653,0.317
241000,0.030,0.558,0.412
241500,0.030,0.673,0.297
242000,0.030,0.813,0.157
242500,0.030,0.654,0.316
243000,0.030,0.516,0.454
243500,0.030,0.715,0.255
244000,0.030,0.742,0.228
244500,0.030,0.815,0.155
245000,0.030,0.679,0.291
245500,0.030,0.703,0.267
246000,0.030,0.708,0.262
246500,0.030,0.708,0.262
247000,0.030,0.631,0.339
247500,0.030,0.729,0.241
248000,0.030,0.685,0.285
248500,0.030,0.717,0.253
249000,0.030,0.756,0.214
249500,0.030,0.782,0.188
250000,0.030,0.757,0.213
250500,0.030,0.691,0.279
251000,0.030,0.616,0.354
251500,0.030,0.670,0.300
252000,0.030,0.695,0.275
252500,0.030,0.642,0.328
253000,0.030,0.641,0.329
253500,0.030,0.658,0.312
254000,0.030,0.720,0.250
254500,0.030,0.669,0.301
255000,0.030,0.668,0.302
255500,0.030,0.677,0.293
256000,0.030,0.764,0.206
256500,0.030,0.697,0.273
257000,0.030,0.708,0.262
257500,0.030,0.764,0.206
258000,0.030,0.771,0.199
258500,0.030,0.779,0.191
259000,0.030,0.816,0.154
259500,0.030,0.705,0.265
260000,0.030,0.714,0.256
260500,0.030,0.730,0.240
261000,0.030,0.727,0.243
261500,0.030,0.578,0.392
262000,0.030,0.567,0.403
262500,0.030,0.609,0.361
263000,0.030,0.683,0.287
263500,0.030,0.826,0.144
264000,0.030,0.841,0.129
264500,0.030,0.674,0.296
265000,0.030,0.709,0.261
265500,0.030,0.692,0.278
266000,0.030,0.616,0.354
266500,0.030,0.638,0.332
267000,0.030,0.716,0.254
267500,0.030,0.757,0.213
268000,0.030,0.805,0.165
268500,0.030,0.677,0.293
269000,0.030,0.663,0.307
269500,0.030,0.857,0.113
270000,0.030,0.802,0.168
270500,0.030,0.684,0.286
271000,0.030,0.613,0.357
271500,0.030,0.676,0.294
272000,0.030,0.736,0.234
272500,0.030,0.808,0.162
273000,0.030,0.683,0.287
273500,0.030,0.684,0.286
274000,0.030,0.695,0.275
274500,0.030,0.827,0.143
275000,0.030,0.796,0.174
275500,0.030,0.751,0.219
276000,0.030,0.596,0.374
276500,0.030,0.583,0.387
277000,0.030,0.677,0.293
277500,0.030,0.784,0.186
278000,0.030,0.662,0.308
278500,0.030,0.723,0.247
279000,0.030,0.628,0.342
279500,0.030,0.627,0.343
280000,0.030,0.727,0.243
280500,0.030,0.632,0.338
281000,0.030,0.627,0.343
281500,0.030,0.646,0.324
282000,0.030,0.696,0.274
282500,0.030,0.672,0.298
283000,0.030,0.697,0.273
283500,0.030,0.591,0.379
284000,0.030,0.717,0.253
284500,0.030,0.637,0.333
285000,0.030,0.507,0.463
285500,0.030,0.604,0.366
286000,0.030,0.734,0.236
286500,0.030,0.662,0.308
287000,0.030,0.705,0.265
287500,0.030,0.587,0.383
288000,0.030,0.726,0.244
288500,0.030,0.691,0.279
289000,0.030,0.685,0.285
289500,0.030,0.681,0.289
290000,0.030,0.629,0.341
290500,0.030,0.772,0.198
291000,0.030,0.697,0.273
291500,0.030,0.771,0.199
292000,0.030,0.741,0.229
292500,0.030,0.738,0.232
293000,0.030,0.777,0.193
293500,0.030,0.759,0.211
294000,0.030,0.759,0.211
294500,0.030,0.637,0.333
295000,0.030,0.668,0.302
295500,0.030,0.712,0.258
296000,0.030,0.619,0.351
296500,0.030,0.691,0.279
297000,0.030,0.552,0.418
297500,0.030,0.661,0.309
298000,0.030,0.621,0.349
298500,0.030,0.727,0.243
299000,0.030,0.680,0.290
299500,0.030,0.701,0.269
300000,0.030,0.602,0.368
300500,0.030,0.779,0.191
301000,0.030,0.740,0.230
301500,0.030,0.792,0.178
302000,0.030,0.749,0.221
302500,0.030,0.720,0.250
303000,0.030,0.749,0.221
303500,0.030,0.721,0.249
304000,0.030,0.730,0.240
304500,0.030,0.645,0.325
305000,0.030,0.745,0.225
305500,0.030,0.673,0.297
306000,0.030,0.630,0.340
306500,0.030,0.565,0.405
307000,0.030,0.660,0.310
307500,0.030,0.698,0.272
308000,0.030,0.782,0.188
308500,0.030,0.706,0.264
309000,0.030,0.682,0.288
309500,0.030,0.713,0.257
310000,0.030,0.622,0.348
310500,0.030,0.556,0.414
311000,0.030,0.731,0.239
311500,0.030,0.576,0.394
312000,0.030,0.735,0.235
312500,0.030,0.612,0.358
313000,0.030,0.597,0.373
313500,0.030,0.657,0.313
314000,0.030,0.614,0.356
314500,0.030,0.681,0.289
315000,0.030,0.695,0.275
315500,0.030,0.632,0.338
316000,0.030,0.735,0.235
316500,0.030,0.690,0.280
317000,0.030,0.695,0.275
317500,0.030,0.693,0.277
318000,0.030,0.704,0.266
318500,0.030,0.616,0.354
319000,0.030,0.615,0.355
319500,0.030,0.626,0.344
320000,0.030,0.649,0.321
320500,0.030,0.729,0.241
321000,0.030,0.554,0.416
321500,0.030,0.654,0.316
322000,0.030,0.707,0.263
322500,0.030,0.730,0.240
323000,0.030,0.686,0.284
323500,0.030,0.666,0.304
324000,0.030,0.605,0.365
324500,0.030,0.809,0.161
325000,0.030,0.880,0.090
325500,0.030,0.820,0.150
326000,0.030,0.710,0.260
326500,0.030,0.792,0.178
327000,0.030,0.828,0.142
327500,0.030,0.827,0.143
328000,0.030,0.692,0.278
328500,0.030,0.663,0.307
329000,0.030,0.662,0.308
329500,0.030,0.662,0.308
330000,0.030,0.654,0.316
330500,0.030,0.665,0.305
331000,0.030,0.741,0.229
331500,0.030,0.769,0.201
332000,0.030,0.668,0.302
332500,0.030,0.699,0.271
333000,0.030,0.699,0.271
333500,0.030,0.729,0.241
334000,0.030,0.748,0.222
334500,0.030,0.700,0.270
335000,0.030,0.697,0.273
335500,0.030,0.588,0.382
336000,0.030,0.704,0.266
336500,0.030,0.696,0.274
337000,0.030,0.720,0.250
337500,0.030,0.709,0.261
338000,0.030,0.688,0.282
338500,0.030,0.737,0.233
339000,0.030,0.708,0.262
339500,0.030,0.680,0.290
340000,0.030,0.736,0.234
340500,0.030,0.839,0.131
341000,0.030,0.824,0.146
341500,0.030,0.851,0.119
342000,0.030,0.648,0.322
342500,0.030,0.650,0.320
343000,0.030,0.751,0.219
343500,0.030,0.734,0.236
344000,0.030,0.788,0.182
344500,0.030,0.734,0.236
345000,0.030,0.677,0.293
345500,0.030,0.823,0.147
346000,0.030,0.828,0.142
346500,0.030,0.680,0.290
347000,0.030,0.636,0.334
347500,0.030,0.548,0.422
348000,0.030,0.692,0.278
348500,0.030,0.765,0.205
349000,0.030,0.736,0.234
349500,0.030,0.847,0.123
350000,0.030,0.752,0.218
350500,0.030,0.772,0.198
351000,0.030,0.618,0.352
351500,0.030,0.701,0.269
352000,0.030,0.760,0.210
352500,0.030,0.738,0.232
353000,0.030,0.688,0.282
353500,0.030,0.752,0.218
354000,0.030,0.751,0.219
354500,0.030,0.544,0.426
355000,0.030,0.618,0.352
355500,0.030,0.606,0.364
356000,0.030,0.740,0.230
356500,0.030,0.759,0.211
357000,0.030,0.614,0.356
357500,0.030,0.689,0.281
358000,0.030,0.770,0.200
358500,0.030,0.726,0.244
359000,0.030,0.804,0.166
359500,0.030,0.726,0.244
360000,0.030,0.668,0.302
360500,0.030,0.607,0.363
361000,0.030,0.567,0.403
361500,0.030,0.708,0.262
362000,0.030,0.707,0.263
362500,0.030,0.579,0.391
363000,0.030,0.724,0.246
363500,0.030,0.764,0.206
364000,0.030,0.734,0.236
364500,0.030,0.708,0.262
365000,0.030,0.758,0.212
365500,0.030,0.756,0.214
366000,0.030,0.802,0.168
366500,0.030,0.772,0.198
367000,0.030,0.677,0.293
367500,0.030,0.673,0.297
368000,0.030,0.660,0.310
368500,0.030,0.758,0.212
369000,0.030,0.726,0.244
369500,0.030,0.714,0.256
370000,0.030,0.671,0.299
370500,0.030,0.785,0.185
371000,0.030,0.820,0.150
371500,0.030,0.753,0.217
372000,0.030,0.740,0.230
372500,0.030,0.630,0.340
373000,0.030,0.572,0.398
373500,0.030,0.647,0.323
374000,0.030,0.669,0.301
374500,0.030,0.746,0.224
375000,0.030,0.780,0.190
375500,0.030,0.750,0.220
376000,0.030,0.645,0.325
376500,0.030,0.750,0.220
377000,0.030,0.657,0.313
377500,0.030,0.678,0.292
378000,0.030,0.639,0.331
378500,0.030,0.727,0.243
379000,0.030,0.747,0.223
379500,0.030,0.693,0.277
380000,0.030,0.630,0.340
380500,0.030,0.722,0.248
381000,0.030,0.689,0.281
381500,0.030,0.734,0.236
382000,0.030,0.705,0.265
382500,0.030,0.804,0.166
383000,0.030,0.728,0.242
383500,0.030,0.655,0.315
384000,0.030,0.668,0.302
384500,0.030,0.817,0.153
385000,0.030,0.655,0.315
385500,0.030,0.561,0.409
386000,0.039,0.561,0.400
386500,0.030,0.692,0.278
387000,0.030,0.780,0.190
387500,0.030,0.757,0.213
388000,0.030,0.745,0.225
388500,0.030,0.805,0.165
389000,0.030,0.786,0.184
389500,0.030,0.770,0.200
390000,0.030,0.679,0.291
390500,0.030,0.628,0.342
391000,0.030,0.656,0.314
391500,0.030,0.685,0.285
392000,0.030,0.658,0.312
392500,0.030,0.689,0.281
393000,0.030,0.664,0.306
393500,0.030,0.717,0.253
394000,0.030,0.747,0.223
394500,0.030,0.770,0.200
395000,0.030,0.736,0.234
395500,0.030,0.686,0.284
396000,0.030,0.685,0.285
396500,0.030,0.661,0.309
397000,0.030,0.663,0.307
397500,0.030,0.629,0.341
398000,0.030,0.637,0.333
398500,0.030,0.674,0.296
399000,0.030,0.754,0.216
399500,0.030,0.728,0.242
400000,0.030,0.695,0.275
400500,0.030,0.682,0.288
401000,0.030,0.735,0.235
401500,0.030,0.613,0.357
402000,0.030,0.541,0.429
402500,0.030,0.629,0.341
403000,0.030,0.663,0.307
403500,0.030,0.761,0.209
404000,0.030,0.710,0.260
404500,0.030,0.727,0.243
405000,0.030,0.572,0.398
405500,0.030,0.488,0.482
406000,0.030,0.578,0.392
406500,0.030,0.642,0.328
407000,0.030,0.667,0.303
407500,0.030,0.699,0.271
408000,0.030,0.664,0.306
408500,0.030,0.616,0.354
409000,0.030,0.643,0.327
409500,0.030,0.767,0.203
410000,0.030,0.780,0.190
410500,0.030,0.717,0.253
411000,0.030,0.692,0.278
411500,0.030,0.622,0.348
412000,0.030,0.637,0.333
412500,0.030,0.683,0.287
413000,0.030,0.709,0.261
413500,0.030,0.789,0.181
414000,0.030,0.798,0.172
414500,0.030,0.693,0.277
415000,0.030,0.648,0.322
415500,0.030,0.651,0.319
416000,0.030,0.710,0.260
416500,0.030,0.613,0.357
417000,0.030,0.723,0.247
417500,0.030,0.676,0.294
418000,0.030,0.674,0.296
418500,0.030,0.679,0.291
419000,0.030,0.722,0.248
419500,0.030,0.680,0.290
420000,0.030,0.790,0.180
420500,0.030,0.738,0.232
421000,0.030,0.695,0.275
421500,0.030,0.703,0.267
422000,0.030,0.640,0.330
422500,0.030,0.735,0.235
423000,0.030,0.705,0.265
423500,0.030,0.781,0.189
424000,0.030,0.815,0.155
424500,0.030,0.738,0.232
425000,0.030,0.654,0.316
425500,0.030,0.480,0.490
426000,0.030,0.681,0.289
426500,0.030,0.709,0.261
427000,0.030,0.703,0.267
427500,0.030,0.627,0.343
428000,0.030,0.666,0.304
428500,0.030,0.576,0.394
429000,0.030,0.668,0.302
429500,0.030,0.779,0.191
430000,0.030,0.782,0.188
430500,0.030,0.850,0.120
431000,0.030,0.762,0.208
431500,0.030,0.695,0.275
432000,0.030,0.684,0.286
432500,0.030,0.731,0.239
433000,0.030,0.663,0.307
433500,0.030,0.731,0.239
434000,0.030,0.698,0.272
434500,0.030,0.729,0.241
435000,0.030,0.697,0.273
435500,0.030,0.654,0.316
436000,0.030,0.695,0.275
436500,0.030,0.620,0.350
437000,0.030,0.683,0.287
437500,0.030,0.679,0.291
438000,0.030,0.616,0.354
438500,0.030,0.592,0.378
439000,0.030,0.587,0.383
439500,0.030,0.693,0.277
440000,0.030,0.617,0.353
440500,0.030,0.730,0.240
441000,0.030,0.596,0.374
441500,0.030,0.716,0.254
442000,0.030,0.749,0.221
442500,0.030,0.557,0.413
443000,0.030,0.705,0.265
443500,0.030,0.648,0.322
444000,0.030,0.690,0.280
444500,0.030,0.662,0.308
445000,0.030,0.787,0.183
445500,0.030,0.695,0.275
446000,0.030,0.718,0.252
446500,0.030,0.728,0.242
447000,0.030,0.707,0.263
447500,0.030,0.692,0.278
448000,0.030,0.678,0.292
448500,0.030,0.669,0.301
449000,0.030,0.610,0.360
449500,0.030,0.654,0.316
450000,0.030,0.735,0.235
450500,0.030,0.730,0.240
451000,0.030,0.638,0.332
451500,0.030,0.775,0.195
452000,0.030,0.782,0.188
452500,0.030,0.771,0.199
453000,0.030,0.769,0.201
453500,0.030,0.704,0.266
454000,0.030,0.567,0.403
454500,0.030,0.587,0.383
455000,0.030,0.656,0.314
455500,0.030,0.663,0.307
456000,0.030,0.710,0.260
456500,0.030,0.605,0.365
457000,0.030,0.602,0.368
457500,0.030,0.719,0.251
458000,0.030,0.812,0.158
458500,0.030,0.838,0.132
459000,0.030,0.687,0.283
459500,0.030,0.574,0.396
460000,0.030,0.594,0.376
460500,0.030,0.677,0.293
461000,0.030,0.646,0.324
461500,0.030,0.619,0.351
462000,0.030,0.752,0.218
462500,0.030,0.555,0.415
463000,0.030,0.628,0.342
463500,0.030,0.791,0.179
464000,0.030,0.790,0.180
464500,0.030,0.745,0.225
465000,0.030,0.717,0.253
465500,0.030,0.732,0.238
466000,0.030,0.695,0.275
466500,0.030,0.700,0.270
467000,0.030,0.730,0.240
467500,0.030,0.747,0.223
468000,0.030,0.702,0.268
468500,0.030,0.698,0.272
469000,0.030,0.690,0.280
469500,0.030,0.705,0.265
470000,0.030,0.662,0.308
470500,0.030,0.673,0.297
471000,0.030,0.639,0.331
471500,0.030,0.583,0.387
472000,0.030,0.654,0.316
472500,0.030,0.676,0.294
473000,0.030,0.672,0.298
473500,0.030,0.696,0.274
474000,0.030,0.578,0.392
474500,0.030,0.681,0.289
475000,0.030,0.693,0.277
475500,0.030,0.743,0.227
476000,0.030,0.719,0.251
476500,0.030,0.798,0.172
477000,0.030,0.713,0.257
477500,0.030,0.726,0.244
478000,0.030,0.710,0.260
478500,0.030,0.719,0.251
479000,0.030,0.812,0.158
479500,0.030,0.726,0.244
480000,0.030,0.722,0.248
480500,0.030,0.768,0.202
481000,0.030,0.781,0.189
481500,0.030,0.696,0.274
482000,0.030,0.665,0.305
482500,0.030,0.641,0.329
483000,0.030,0.582,0.388
483500,0.030,0.691,0.279
484000,0.030,0.599,0.371
484500,0.030,0.709,0.261
485000,0.030,0.664,0.306
485500,0.030,0.706,0.264
486000,0.030,0.610,0.360
486500,0.030,0.696,0.274
487000,0.030,0.696,0.274
487500,0.030,0.683,0.287
488000,0.030,0.755,0.215
488500,0.030,0.809,0.161
489000,0.030,0.773,0.197
489500,0.030,0.768,0.202
490000,0.030,0.758,0.212
490500,0.030,0.696,0.274
491000,0.030,0.696,0.274
491500,0.030,0.651,0.319
492000,0.030,0.706,0.264
492500,0.030,0.738,0.232
493000,0.030,0.783,0.187
493500,0.030,0.714,0.256
494000,0.030,0.653,0.317
494500,0.030,0.603,0.367
495000,0.030,0.647,0.323
495500,0.030,0.642,0.328
496000,0.030,0.645,0.325
496500,0.030,0.655,0.315
497000,0.030,0.571,0.399
497500,0.030,0.689,0.281
498000,0.030,0.686,0.284
498500,0.030,0.741,0.229
499000,0.030,0.781,0.189
499500,0.030,0.817,0.153
500000,0.030,0.661,0.309
500500,0.030,0.777,0.193
501000,0.030,0.736,0.234
501500,0.030,0.815,0.155
502000,0.030,0.857,0.113
502500,0.030,0.866,0.104
503000,0.030,0.823,0.147
503500,0.030,0.842,0.128
504000,0.030,0.782,0.188
504500,0.030,0.672,0.298
505000,0.030,0.717,0.253
505500,0.030,0.679,0.291
506000,0.030,0.660,0.310
506500,0.030,0.661,0.309
507000,0.030,0.684,0.286
507500,0.030,0.656,0.314
508000,0.030,0.620,0.350
508500,0.030,0.656,0.314
509000,0.030,0.602,0.368
509500,0.030,0.633,0.337
510000,0.030,0.688,0.282
510500,0.030,0.763,0.207
511000,0.030,0.722,0.248
511500,0.030,0.707,0.263
512000,0.030,0.689,0.281
512500,0.030,0.716,0.254
513000,0.030,0.656,0.314
513500,0.030,0.673,0.297
514000,0.030,0.703,0.267
514500,0.030,0.707,0.263
515000,0.030,0.730,0.240
515500,0.030,0.650,0.320
516000,0.030,0.767,0.203
516500,0.030,0.769,0.201
517000,0.030,0.815,0.155
517500,0.030,0.806,0.164
518000,0.030,0.725,0.245
518500,0.030,0.731,0.239
519000,0.030,0.727,0.243
519500,0.030,0.638,0.332
520000,0.030,0.678,0.292
520500,0.030,0.764,0.206
521000,0.030,0.723,0.247
521500,0.030,0.724,0.246
522000,0.030,0.805,0.165
522500,0.030,0.879,0.091
523000,0.030,0.626,0.344
523500,0.030,0.691,0.279
524000,0.030,0.709,0.261
524500,0.030,0.752,0.218
525000,0.030,0.814,0.156
525500,0.030,0.820,0.150
526000,0.030,0.728,0.242
526500,0.030,0.724,0.246
527000,0.030,0.708,0.262
527500,0.030,0.784,0.186
528000,0.030,0.812,0.158
528500,0.030,0.871,0.099
529000,0.030,0.680,0.290
529500,0.030,0.698,0.272
530000,0.030,0.699,0.271
530500,0.030,0.688,0.282
531000,0.030,0.625,0.345
531500,0.030,0.701,0.269
532000,0.030,0.631,0.339
532500,0.030,0.648,0.322
533000,0.030,0.688,0.282
533500,0.030,0.712,0.258
534000,0.030,0.732,0.238
534500,0.030,0.684,0.286
535000,0.030,0.681,0.289
535500,0.030,0.723,0.247
536000,0.030,0.750,0.220
536500,0.030,0.828,0.142
537000,0.030,0.734,0.236
537500,0.030,0.611,0.359
538000,0.030,0.556,0.414
538500,0.030,0.657,0.313
539000,0.030,0.710,0.260
539500,0.030,0.733,0.237
540000,0.030,0.679,0.291
540500,0.030,0.690,0.280
541000,0.030,0.690,0.280
541500,0.030,0.653,0.317
542000,0.030,0.672,0.298
542500,0.030,0.634,0.336
543000,0.030,0.820,0.150
543500,0.030,0.738,0.232
544000,0.030,0.723,0.247
544500,0.030,0.749,0.221
545000,0.030,0.686,0.284
545500,0.030,0.723,0.247
546000,0.030,0.716,0.254
546500,0.030,0.717,0.253
547000,0.030,0.810,0.160
547500,0.030,0.695,0.275
548000,0.030,0.655,0.315
548500,0.030,0.640,0.330
549000,0.030,0.682,0.288
549500,0.030,0.664,0.306
550000,0.030,0.692,0.278
550500,0.030,0.751,0.219
551000,0.030,0.717,0.253
551500,0.030,0.722,0.248
552000,0.030,0.774,0.196
552500,0.030,0.662,0.308
553000,0.030,0.684,0.286
553500,0.030,0.702,0.268
554000,0.030,0.681,0.289
554500,0.030,0.657,0.313
555000,0.030,0.712,0.258
555500,0.030,0.657,0.313
556000,0.030,0.734,0.236
556500,0.030,0.739,0.231
557000,0.030,0.685,0.285
557500,0.030,0.742,0.228
558000,0.030,0.718,0.252
558500,0.030,0.675,0.295
559000,0.030,0.659,0.311
559500,0.030,0.628,0.342
560000,0.030,0.638,0.332
560500,0.030,0.639,0.331
561000,0.030,0.689,0.281
561500,0.030,0.697,0.273
562000,0.030,0.667,0.303
562500,0.030,0.728,0.242
563000,0.030,0.712,0.258
563500,0.030,0.799,0.171
564000,0.030,0.700,0.270
564500,0.030,0.683,0.287
565000,0.030,0.767,0.203
565500,0.030,0.799,0.171
566000,0.030,0.604,0.366
566500,0.030,0.610,0.360
567000,0.030,0.654,0.316
567500,0.030,0.681,0.289
568000,0.030,0.802,0.168
568500,0.030,0.649,0.321
569000,0.030,0.611,0.359
569500,0.030,0.713,0.257
570000,0.030,0.786,0.184
570500,0.030,0.817,0.153
571000,0.030,0.760,0.210
571500,0.030,0.752,0.218
572000,0.030,0.616,0.354
572500,0.030,0.753,0.217
573000,0.030,0.668,0.302
573500,0.030,0.665,0.305
574000,0.030,0.651,0.319
574500,0.030,0.761,0.209
575000,0.030,0.661,0.309
575500,0.030,0.705,0.265
576000,0.030,0.773,0.197
576500,0.030,0.682,0.288
577000,0.030,0.705,0.265
577500,0.030,0.677,0.293
578000,0.030,0.671,0.299
578500,0.030,0.737,0.233
579000,0.030,0.685,0.285
579500,0.030,0.755,0.215
580000,0.030,0.665,0.305
580500,0.030,0.654,0.316
581000,0.030,0.615,0.355
581500,0.030,0.647,0.323
582000,0.030,0.550,0.420
582500,0.030,0.728,0.242
583000,0.030,0.779,0.191
583500,0.030,0.774,0.196
584000,0.030,0.797,0.173
584500,0.030,0.690,0.280
585000,0.030,0.671,0.299
585500,0.030,0.710,0.260
586000,0.030,0.664,0.306
586500,0.030,0.815,0.155
587000,0.030,0.691,0.279
587500,0.030,0.685,0.285
588000,0.030,0.655,0.315
588500,0.030,0.670,0.300
589000,0.030,0.728,0.242
589500,0.030,0.733,0.237
590000,0.030,0.663,0.307
590500,0.030,0.709,0.261
591000,0.030,0.790,0.180
591500,0.030,0.769,0.201
592000,0.030,0.784,0.186
592500,0.030,0.665,0.305
593000,0.030,0.795,0.175
593500,0.030,0.679,0.291
594000,0.030,0.609,0.361
594500,0.030,0.615,0.355
595000,0.030,0.696,0.274
595500,0.030,0.654,0.316
596000,0.030,0.597,0.373
596500,0.030,0.698,0.272
597000,0.030,0.711,0.259
597500,0.030,0.758,0.212
598000,0.030,0.710,0.260
598500,0.030,0.660,0.310
599000,0.030,0.640,0.330
599500,0.030,0.690,0.280
600000,0.030,0.737,0.233
600500,0.030,0.691,0.279
601000,0.030,0.629,0.341
601500,0.030,0.614,0.356
602000,0.030,0.756,0.214
602500,0.030,0.756,0.214
603000,0.030,0.769,0.201
603500,0.030,0.718,0.252
604000,0.030,0.700,0.270
604500,0.030,0.626,0.344
605000,0.030,0.766,0.204
605500,0.030,0.716,0.254
606000,0.030,0.759,0.211
606500,0.030,0.592,0.378
607000,0.030,0.627,0.343
607500,0.030,0.659,0.311
608000,0.030,0.676,0.294
608500,0.030,0.614,0.356
609000,0.030,0.704,0.266
609500,0.030,0.709,0.261
610000,0.030,0.735,0.235
610500,0.030,0.698,0.272
611000,0.030,0.831,0.139
611500,0.030,0.742,0.228
612000,0.030,0.613,0.357
612500,0.030,0.665,0.305
613000,0.030,0.615,0.355
613500,0.030,0.663,0.307
614000,0.030,0.721,0.249
614500,0.030,0.784,0.186
615000,0.030,0.756,0.214
615500,0.030,0.799,0.171
616000,0.030,0.821,0.149
616500,0.030,0.807,0.163
617000,0.030,0.791,0.179
617500,0.030,0.758,0.212
618000,0.030,0.656,0.314
618500,0.030,0.779,0.191
619000,0.030,0.793,0.177
619500,0.030,0.774,0.196
620000,0.030,0.854,0.116
620500,0.030,0.705,0.265
621000,0.030,0.811,0.159
621500,0.030,0.792,0.178
622000,0.030,0.746,0.224
622500,0.030,0.633,0.337
623000,0.030,0.704,0.266
623500,0.030,0.748,0.222
624000,0.030,0.801,0.169
624500,0.030,0.667,0.303
625000,0.030,0.637,0.333
625500,0.030,0.702,0.268
626000,0.030,0.656,0.314
626500,0.030,0.664,0.306
627000,0.030,0.609,0.361
627500,0.030,0.618,0.352
628000,0.030,0.706,0.264
628500,0.030,0.685,0.285
629000,0.030,0.708,0.262
629500,0.030,0.697,0.273
630000,0.030,0.703,0.267
630500,0.030,0.693,0.277
631000,0.030,0.740,0.230
631500,0.030,0.755,0.215
632000,0.030,0.643,0.327
632500,0.030,0.645,0.325
633000,0.030,0.720,0.250
633500,0.030,0.613,0.357
634000,0.030,0.646,0.324
634500,0.030,0.677,0.293
635000,0.030,0.674,0.296
635500,0.030,0.795,0.175
636000,0.030,0.633,0.337
636500,0.030,0.756,0.214
637000,0.030,0.760,0.210
637500,0.030,0.699,0.271
638000,0.030,0.712,0.258
638500,0.030,0.570,0.400
639000,0.030,0.616,0.354
639500,0.030,0.662,0.308
640000,0.030,0.732,0.238
640500,0.030,0.725,0.245
641000,0.030,0.578,0.392
641500,0.030,0.846,0.124
642000,0.030,0.765,0.205
642500,0.030,0.710,0.260
643000,0.030,0.799,0.171
643500,0.030,0.806,0.164
644000,0.030,0.714,0.256
644500,0.030,0.796,0.174
645000,0.030,0.616,0.354
645500,0.030,0.629,0.341
646000,0.030,0.729,0.241
646500,0.030,0.618,0.352
647000,0.030,0.729,0.241
647500,0.030,0.711,0.259
648000,0.030,0.660,0.310
648500,0.030,0.833,0.137
649000,0.030,0.839,0.131
649500,0.030,0.782,0.188
650000,0.030,0.632,0.338
650500,0.030,0.652,0.318
651000,0.030,0.664,0.306
651500,0.030,0.688,0.282
652000,0.030,0.766,0.204
652500,0.030,0.779,0.191
653000,0.030,0.734,0.236
653500,0.030,0.736,0.234
654000,0.030,0.790,0.180
654500,0.030,0.749,0.221
655000,0.030,0.654,0.316
655500,0.030,0.666,0.304
656000,0.030,0.710,0.260
656500,0.030,0.609,0.361
657000,0.030,0.610,0.360
657500,0.030,0.664,0.306
658000,0.030,0.749,0.221
658500,0.030,0.670,0.300
659000,0.030,0.590,0.380
659500,0.030,0.637,0.333
660000,0.030,0.670,0.300
660500,0.030,0.686,0.284
661000,0.030,0.650,0.320
661500,0.030,0.683,0.287
662000,0.030,0.730,0.240
662500,0.030,0.745,0.225
663000,0.030,0.579,0.391
663500,0.030,0.626,0.344
664000,0.030,0.601,0.369
664500,0.030,0.701,0.269
665000,0.030,0.768,0.202
665500,0.030,0.731,0.239
666000,0.030,0.656,0.314
666500,0.030,0.766,0.204
667000,0.030,0.823,0.147
667500,0.030,0.732,0.238
668000,0.030,0.633,0.337
668500,0.030,0.646,0.324
669000,0.030,0.683,0.287
669500,0.030,0.749,0.221
670000,0.030,0.707,0.263
670500,0.030,0.802,0.168
671000,0.030,0.665,0.305
671500,0.030,0.633,0.337
672000,0.030,0.654,0.316
672500,0.030,0.773,0.197
673000,0.030,0.732,0.238
673500,0.030,0.625,0.345
674000,0.030,0.657,0.313
674500,0.030,0.676,0.294
675000,0.030,0.727,0.243
675500,0.030,0.724,0.246
676000,0.030,0.668,0.302
676500,0.030,0.776,0.194
677000,0.030,0.744,0.226
677500,0.030,0.824,0.146
678000,0.030,0.703,0.267
678500,0.030,0.640,0.330
679000,0.030,0.654,0.316
679500,0.030,0.605,0.365
680000,0.030,0.653,0.317
680500,0.030,0.742,0.228
681000,0.030,0.651,0.319
681500,0.030,0.550,0.420
682000,0.030,0.719,0.251
682500,0.030,0.720,0.250
683000,0.030,0.835,0.135
683500,0.030,0.849,0.121
684000,0.030,0.772,0.198
684500,0.030,0.626,0.344
685000,0.030,0.762,0.208
685500,0.030,0.760,0.210
686000,0.030,0.629,0.341
686500,0.030,0.706,0.264
687000,0.030,0.744,0.226
687500,0.030,0.597,0.373
688000,0.030,0.651,0.319
688500,0.030,0.718,0.252
689000,0.030,0.667,0.303
689500,0.030,0.734,0.236
690000,0.030,0.689,0.281
690500,0.030,0.727,0.243
691000,0.030,0.683,0.287
691500,0.030,0.798,0.172
692000,0.030,0.714,0.256
692500,0.030,0.588,0.382
693000,0.030,0.542,0.428
693500,0.030,0.719,0.251
694000,0.030,0.808,0.162
694500,0.030,0.841,0.129
695000,0.030,0.771,0.199
695500,0.030,0.681,0.289
696000,0.030,0.664,0.306
696500,0.030,0.672,0.298
697000,0.030,0.746,0.224
697500,0.030,0.711,0.259
698000,0.030,0.712,0.258
698500,0.030,0.651,0.319
699000,0.030,0.704,0.266
699500,0.030,0.701,0.269
700000,0.030,0.632,0.338
700500,0.030,0.710,0.260
701000,0.030,0.740,0.230
701500,0.030,0.653,0.317
702000,0.030,0.710,0.260
702500,0.030,0.726,0.244
703000,0.030,0.743,0.227
703500,0.030,0.778,0.192
704000,0.030,0.737,0.233
704500,0.030,0.769,0.201
705000,0.030,0.707,0.263
705500,0.030,0.585,0.385
706000,0.030,0.673,0.297
706500,0.030,0.649,0.321
707000,0.030,0.670,0.300
707500,0.030,0.745,0.225
708000,0.030,0.751,0.219
708500,0.030,0.740,0.230
709000,0.030,0.676,0.294
709500,0.030,0.757,0.213
710000,0.030,0.744,0.226
710500,0.030,0.704,0.266
711000,0.030,0.691,0.279
711500,0.030,0.771,0.199
712000,0.030,0.734,0.236
712500,0.030,0.636,0.334
713000,0.030,0.656,0.314
713500,0.030,0.639,0.331
714000,0.030,0.669,0.301
714500,0.030,0.747,0.223
715000,0.030,0.781,0.189
715500,0.030,0.810,0.160
716000,0.030,0.850,0.120
716500,0.030,0.795,0.175
717000,0.030,0.659,0.311
717500,0.030,0.725,0.245
718000,0.030,0.805,0.165
718500,0.030,0.752,0.218
719000,0.030,0.705,0.265
719500,0.030,0.645,0.325
720000,0.030,0.682,0.288
720500,0.030,0.688,0.282
721000,0.030,0.751,0.219
721500,0.030,0.692,0.278
722000,0.030,0.692,0.278
722500,0.030,0.681,0.289
723000,0.030,0.635,0.335
723500,0.030,0.695,0.275
724000,0.030,0.739,0.231
724500,0.030,0.705,0.265
725000,0.030,0.774,0.196
725500,0.030,0.659,0.311
726000,0.030,0.663,0.307
726500,0.030,0.769,0.201
727000,0.030,0.758,0.212
727500,0.030,0.739,0.231
728000,0.030,0.772,0.198
728500,0.030,0.697,0.273
729000,0.030,0.752,0.218
729500,0.030,0.685,0.285
730000,0.030,0.642,0.328
730500,0.030,0.708,0.262
731000,0.030,0.810,0.160
731500,0.030,0.666,0.304
732000,0.030,0.732,0.238
732500,0.030,0.775,0.195
733000,0.030,0.810,0.160
733500,0.030,0.705,0.265
734000,0.030,0.669,0.301
734500,0.030,0.644,0.326
735000,0.030,0.749,0.221
735500,0.030,0.746,0.224
736000,0.030,0.620,0.350
736500,0.030,0.564,0.406
737000,0.030,0.592,0.378
737500,0.030,0.783,0.187
738000,0.030,0.778,0.192
738500,0.030,0.811,0.159
739000,0.030,0.702,0.268
739500,0.030,0.728,0.242
740000,0.030,0.738,0.232
740500,0.030,0.664,0.306
741000,0.030,0.684,0.286
741500,0.030,0.613,0.357
742000,0.030,0.540,0.430
742500,0.030,0.620,0.350
743000,0.030,0.707,0.263
743500,0.030,0.750,0.220
744000,0.030,0.725,0.245
744500,0.030,0.695,0.275
745000,0.030,0.748,0.222
745500,0.030,0.747,0.223
746000,0.030,0.671,0.299
746500,0.030,0.752,0.218
747000,0.030,0.732,0.238
747500,0.030,0.731,0.239
748000,0.030,0.526,0.444
748500,0.030,0.582,0.388
749000,0.030,0.696,0.274
749500,0.030,0.656,0.314
750000,0.030,0.714,0.256
750500,0.030,0.582,0.388
751000,0.030,0.751,0.219
751500,0.030,0.689,0.281
752000,0.030,0.709,0.261
752500,0.030,0.741,0.229
753000,0.030,0.804,0.166
753500,0.030,0.774,0.196
754000,0.030,0.831,0.139
754500,0.030,0.754,0.216
755000,0.030,0.700,0.270
755500,0.030,0.762,0.208
756000,0.030,0.806,0.164
756500,0.030,0.814,0.156
757000,0.030,0.672,0.298
757500,0.030,0.801,0.169
758000,0.030,0.636,0.334
758500,0.030,0.709,0.261
759000,0.030,0.739,0.231
759500,0.030,0.722,0.248
760000,0.030,0.770,0.200
760500,0.030,0.717,0.253
761000,0.030,0.740,0.230
761500,0.030,0.759,0.211
762000,0.030,0.737,0.233
762500,0.030,0.731,0.239
763000,0.030,0.710,0.260
763500,0.030,0.755,0.215
764000,0.030,0.693,0.277
764500,0.030,0.575,0.395
765000,0.030,0.702,0.268
765500,0.030,0.610,0.360
766000,0.030,0.694,0.276
766500,0.030,0.676,0.294
767000,0.030,0.675,0.295
767500,0.030,0.752,0.218
768000,0.030,0.712,0.258
768500,0.030,0.692,0.278
769000,0.030,0.651,0.319
769500,0.030,0.691,0.279
770000,0.030,0.627,0.343
770500,0.030,0.562,0.408
771000,0.030,0.658,0.312
771500,0.030,0.633,0.337
772000,0.030,0.757,0.213
772500,0.030,0.729,0.241
773000,0.030,0.741,0.229
773500,0.030,0.714,0.256
774000,0.030,0.669,0.301
774500,0.030,0.655,0.315
775000,0.030,0.671,0.299
775500,0.030,0.812,0.158
776000,0.030,0.670,0.300
776500,0.030,0.722,0.248
777000,0.030,0.736,0.234
777500,0.030,0.655,0.315
778000,0.030,0.773,0.197
778500,0.030,0.696,0.274
779000,0.030,0.681,0.289
779500,0.030,0.691,0.279
780000,0.030,0.649,0.321
780500,0.030,0.703,0.267
781000,0.030,0.743,0.227
781500,0.030,0.813,0.157
782000,0.030,0.813,0.157
782500,0.030,0.731,0.239
783000,0.030,0.765,0.205
783500,0.030,0.696,0.274
784000,0.030,0.635,0.335
784500,0.030,0.709,0.261
785000,0.030,0.731,0.239
785500,0.030,0.613,0.357
786000,0.030,0.639,0.331
786500,0.030,0.729,0.241
787000,0.030,0.774,0.196
787500,0.030,0.597,0.373
788000,0.030,0.654,0.316
788500,0.030,0.690,0.280
789000,0.030,0.645,0.325
789500,0.030,0.756,0.214
790000,0.030,0.659,0.311
790500,0.030,0.781,0.189
791000,0.030,0.752,0.218
791500,0.030,0.690,0.280
792000,0.030,0.616,0.354
792500,0.030,0.713,0.257
793000,0.030,0.812,0.158
793500,0.030,0.691,0.279
794000,0.030,0.688,0.282
794500,0.030,0.727,0.243
795000,0.030,0.725,0.245
795500,0.030,0.730,0.240
796000,0.030,0.631,0.339
796500,0.030,0.693,0.277
797000,0.030,0.727,0.243
797500,0.030,0.758,0.212
798000,0.030,0.652,0.318
798500,0.030,0.803,0.167
799000,0.030,0.758,0.212
799500,0.030,0.779,0.191
800000,0.030,0.845,0.125
800500,0.030,0.736,0.234
801000,0.030,0.696,0.274
801500,0.030,0.663,0.307
802000,0.030,0.565,0.405
802500,0.030,0.667,0.303
803000,0.030,0.668,0.302
803500,0.030,0.666,0.304
804000,0.030,0.720,0.250
804500,0.030,0.710,0.260
805000,0.030,0.687,0.283
805500,0.030,0.723,0.247
806000,0.030,0.819,0.151
806500,0.030,0.695,0.275
807000,0.030,0.625,0.345
807500,0.030,0.690,0.280
808000,0.030,0.695,0.275
808500,0.030,0.660,0.310
809000,0.030,0.627,0.343
809500,0.030,0.698,0.272
810000,0.030,0.622,0.348
810500,0.030,0.552,0.418
811000,0.030,0.585,0.385
811500,0.030,0.682,0.288
812000,0.030,0.717,0.253
812500,0.030,0.752,0.218
813000,0.030,0.715,0.255
813500,0.030,0.806,0.164
814000,0.030,0.636,0.334
814500,0.030,0.588,0.382
815000,0.030,0.718,0.252
815500,0.030,0.711,0.259
816000,0.030,0.751,0.219
816500,0.030,0.688,0.282
817000,0.030,0.715,0.255
817500,0.030,0.734,0.236
818000,0.030,0.661,0.309
818500,0.030,0.660,0.310
819000,0.030,0.726,0.244
819500,0.030,0.726,0.244
820000,0.030,0.706,0.264
820500,0.030,0.580,0.390
821000,0.030,0.601,0.369
821500,0.030,0.709,0.261
822000,0.030,0.658,0.312
822500,0.030,0.613,0.357
823000,0.030,0.621,0.349
823500,0.030,0.805,0.165
824000,0.030,0.839,0.131
824500,0.030,0.750,0.220
825000,0.030,0.758,0.212
825500,0.030,0.757,0.213
826000,0.030,0.725,0.245
826500,0.030,0.828,0.142
827000,0.030,0.711,0.259
827500,0.030,0.724,0.246
828000,0.030,0.625,0.345
828500,0.030,0.671,0.299
829000,0.030,0.705,0.265
829500,0.030,0.602,0.368
830000,0.030,0.733,0.237
830500,0.030,0.718,0.252
831000,0.030,0.723,0.247
831500,0.030,0.787,0.183
832000,0.030,0.713,0.257
832500,0.030,0.605,0.365
833000,0.030,0.580,0.390
833500,0.030,0.767,0.203
834000,0.030,0.755,0.215
834500,0.030,0.602,0.368
835000,0.030,0.644,0.326
835500,0.030,0.555,0.415
836000,0.030,0.712,0.258
836500,0.030,0.781,0.189
837000,0.030,0.729,0.241
837500,0.030,0.801,0.169
838000,0.030,0.797,0.173
838500,0.030,0.667,0.303
839000,0.030,0.741,0.229
839500,0.030,0.777,0.193
840000,0.030,0.766,0.204
840500,0.030,0.753,0.217
841000,0.030,0.661,0.309
841500,0.030,0.727,0.243
842000,0.030,0.650,0.320
842500,0.030,0.717,0.253
843000,0.030,0.827,0.143
843500,0.030,0.728,0.242
844000,0.030,0.787,0.183
844500,0.030,0.709,0.261
845000,0.030,0.843,0.127
845500,0.030,0.790,0.180
846000,0.030,0.754,0.216
846500,0.030,0.806,0.164
847000,0.030,0.765,0.205
847500,0.030,0.835,0.135
848000,0.030,0.829,0.141
848500,0.030,0.721,0.249
849000,0.030,0.727,0.243
849500,0.030,0.803,0.167
850000,0.030,0.782,0.188
850500,0.030,0.749,0.221
851000,0.030,0.776,0.194
851500,0.030,0.733,0.237
852000,0.030,0.696,0.274
852500,0.030,0.534,0.436
853000,0.030,0.618,0.352
853500,0.030,0.627,0.343
854000,0.030,0.753,0.217
854500,0.030,0.707,0.263
855000,0.030,0.711,0.259
855500,0.030,0.684,0.286
856000,0.030,0.680,0.290
856500,0.030,0.709,0.261
857000,0.030,0.738,0.232
857500,0.030,0.747,0.223
858000,0.030,0.651,0.319
858500,0.030,0.676,0.294
859000,0.030,0.743,0.227
859500,0.030,0.684,0.286
860000,0.030,0.578,0.392
860500,0.030,0.616,0.354
861000,0.030,0.606,0.364
861500,0.030,0.606,0.364
862000,0.030,0.635,0.335
862500,0.030,0.590,0.380
863000,0.030,0.668,0.302
863500,0.030,0.675,0.295
864000,0.030,0.655,0.315
864500,0.030,0.716,0.254
865000,0.030,0.679,0.291
865500,0.030,0.717,0.253
866000,0.030,0.755,0.215
866500,0.030,0.826,0.144
867000,0.030,0.752,0.218
867500,0.030,0.733,0.237
868000,0.030,0.706,0.264
868500,0.030,0.772,0.198
869000,0.030,0.646,0.324
869500,0.030,0.724,0.246
870000,0.030,0.703,0.267
870500,0.030,0.692,0.278
871000,0.030,0.719,0.251
871500,0.030,0.674,0.296
872000,0.030,0.707,0.263
872500,0.030,0.657,0.313
873000,0.030,0.693,0.277
873500,0.030,0.589,0.381
874000,0.030,0.794,0.176
874500,0.030,0.704,0.266
875000,0.030,0.654,0.316
875500,0.030,0.753,0.217
876000,0.030,0.772,0.198
876500,0.030,0.777,0.193
877000,0.030,0.623,0.347
877500,0.030,0.655,0.315
878000,0.030,0.750,0.220
878500,0.030,0.726,0.244
879000,0.030,0.715,0.255
879500,0.030,0.570,0.400
880000,0.030,0.639,0.331
880500,0.030,0.646,0.324
881000,0.030,0.647,0.323
881500,0.030,0.683,0.287
882000,0.030,0.787,0.183
882500,0.030,0.710,0.260
883000,0.030,0.754,0.216
883500,0.030,0.777,0.193
884000,0.030,0.736,0.234
884500,0.030,0.648,0.322
885000,0.030,0.742,0.228
885500,0.030,0.651,0.319
886000,0.030,0.769,0.201
886500,0.030,0.669,0.301
887000,0.030,0.584,0.386
887500,0.030,0.661,0.309
888000,0.030,0.751,0.219
888500,0.030,0.689,0.281
889000,0.030,0.647,0.323
889500,0.030,0.592,0.378
890000,0.030,0.672,0.298
890500,0.030,0.610,0.360
891000,0.030,0.593,0.377
891500,0.030,0.738,0.232
892000,0.030,0.601,0.369
892500,0.030,0.653,0.317
893000,0.030,0.727,0.243
893500,0.030,0.700,0.270
894000,0.030,0.798,0.172
894500,0.030,0.716,0.254
895000,0.030,0.652,0.318
895500,0.030,0.671,0.299
896000,0.030,0.588,0.382
896500,0.030,0.664,0.306
897000,0.030,0.599,0.371
897500,0.030,0.640,0.330
898000,0.030,0.682,0.288
898500,0.030,0.697,0.273
899000,0.030,0.648,0.322
899500,0.030,0.556,0.414
900000,0.030,0.659,0.311
900500,0.030,0.578,0.392
901000,0.030,0.761,0.209
901500,0.030,0.791,0.179
902000,0.030,0.729,0.241
902500,0.030,0.634,0.336
903000,0.030,0.679,0.291
903500,0.030,0.695,0.275
904000,0.030,0.635,0.335
904500,0.030,0.774,0.196
905000,0.030,0.635,0.335
905500,0.030,0.764,0.206
906000,0.030,0.728,0.242
906500,0.030,0.734,0.236
907000,0.030,0.844,0.126
907500,0.030,0.734,0.236
908000,0.030,0.652,0.318
908500,0.030,0.623,0.347
909000,0.030,0.627,0.343
909500,0.030,0.738,0.232
910000,0.030,0.739,0.231
910500,0.030,0.760,0.210
911000,0.030,0.702,0.268
911500,0.030,0.689,0.281
912000,0.030,0.781,0.189
912500,0.030,0.585,0.385
913000,0.030,0.692,0.278
913500,0.030,0.755,0.215
914000,0.030,0.698,0.272
914500,0.030,0.748,0.222
915000,0.030,0.693,0.277
915500,0.030,0.617,0.353
916000,0.030,0.677,0.293
916500,0.030,0.608,0.362
917000,0.030,0.647,0.323
917500,0.030,0.662,0.308
918000,0.030,0.608,0.362
918500,0.030,0.740,0.230
919000,0.030,0.683,0.287
919500,0.030,0.641,0.329
920000,0.030,0.710,0.260
920500,0.030,0.623,0.347
921000,0.030,0.765,0.205
921500,0.030,0.680,0.290
922000,0.030,0.667,0.303
922500,0.030,0.746,0.224
923000,0.030,0.680,0.290
923500,0.030,0.791,0.179
924000,0.030,0.695,0.275
924500,0.030,0.780,0.190
925000,0.030,0.712,0.258
925500,0.030,0.566,0.404
926000,0.030,0.648,0.322
926500,0.030,0.699,0.271
927000,0.030,0.765,0.205
927500,0.030,0.684,0.286
928000,0.030,0.566,0.404
928500,0.030,0.690,0.280
929000,0.030,0.695,0.275
929500,0.030,0.682,0.288
930000,0.030,0.668,0.302
930500,0.030,0.707,0.263
931000,0.030,0.741,0.229
931500,0.030,0.800,0.170
932000,0.030,0.681,0.289
932500,0.030,0.699,0.271
933000,0.030,0.664,0.306
933500,0.030,0.670,0.300
934000,0.030,0.719,0.251
934500,0.030,0.696,0.274
935000,0.030,0.689,0.281
935500,0.030,0.698,0.272
936000,0.030,0.683,0.287
936500,0.030,0.807,0.163
937000,0.030,0.797,0.173
937500,0.030,0.593,0.377
938000,0.030,0.707,0.263
938500,0.030,0.814,0.156
939000,0.030,0.653,0.317
939500,0.030,0.642,0.328
940000,0.030,0.738,0.232
940500,0.030,0.782,0.188
941000,0.030,0.689,0.281
941500,0.030,0.704,0.266
942000,0.030,0.700,0.270
942500,0.030,0.681,0.289
943000,0.030,0.769,0.201
943500,0.030,0.697,0.273
944000,0.030,0.786,0.184
944500,0.030,0.717,0.253
945000,0.030,0.733,0.237
945500,0.030,0.683,0.287
946000,0.030,0.720,0.250
946500,0.030,0.786,0.184
947000,0.030,0.775,0.195
947500,0.030,0.788,0.182
948000,0.030,0.796,0.174
948500,0.030,0.687,0.283
949000,0.030,0.678,0.292
949500,0.030,0.647,0.323
950000,0.030,0.621,0.349
950500,0.030,0.623,0.347
951000,0.030,0.672,0.298
951500,0.030,0.653,0.317
952000,0.030,0.700,0.270
952500,0.030,0.639,0.331
953000,0.030,0.697,0.273
953500,0.030,0.782,0.188
954000,0.030,0.837,0.133
954500,0.030,0.635,0.335
955000,0.030,0.658,0.312
955500,0.030,0.597,0.373
956000,0.030,0.665,0.305
956500,0.030,0.801,0.169
957000,0.030,0.755,0.215
957500,0.030,0.738,0.232
958000,0.030,0.740,0.230
958500,0.030,0.750,0.220
959000,0.030,0.683,0.287
959500,0.030,0.633,0.337
960000,0.030,0.707,0.263
960500,0.030,0.604,0.366
961000,0.030,0.669,0.301
961500,0.030,0.712,0.258
962000,0.030,0.719,0.251
962500,0.030,0.596,0.374
963000,0.030,0.504,0.466
963500,0.030,0.589,0.381
964000,0.030,0.724,0.246
964500,0.030,0.771,0.199
965000,0.030,0.751,0.219
965500,0.030,0.650,0.320
966000,0.030,0.575,0.395
966500,0.030,0.586,0.384
967000,0.030,0.694,0.276
967500,0.030,0.580,0.390
968000,0.030,0.636,0.334
968500,0.030,0.700,0.270
969000,0.030,0.694,0.276
969500,0.030,0.633,0.337
970000,0.030,0.762,0.208
970500,0.030,0.741,0.229
971000,0.030,0.684,0.286
971500,0.030,0.693,0.277
972000,0.030,0.569,0.401
972500,0.030,0.587,0.383
973000,0.030,0.679,0.291
973500,0.030,0.675,0.295
974000,0.030,0.702,0.268
974500,0.030,0.745,0.225
975000,0.030,0.676,0.294
975500,0.030,0.727,0.243
976000,0.030,0.708,0.262
976500,0.030,0.695,0.275
977000,0.030,0.704,0.266
977500,0.030,0.698,0.272
978000,0.030,0.677,0.293
978500,0.030,0.827,0.143
979000,0.030,0.741,0.229
979500,0.030,0.754,0.216
980000,0.030,0.781,0.189
980500,0.030,0.731,0.239
981000,0.030,0.674,0.296
981500,0.030,0.676,0.294
982000,0.030,0.692,0.278
982500,0.030,0.558,0.412
983000,0.030,0.588,0.382
983500,0.030,0.743,0.227
984000,0.030,0.819,0.151
984500,0.030,0.680,0.290
985000,0.030,0.605,0.365
985500,0.030,0.604,0.366
986000,0.030,0.809,0.161
986500,0.030,0.739,0.231
987000,0.030,0.749,0.221
987500,0.030,0.798,0.172
988000,0.030,0.738,0.232
988500,0.030,0.836,0.134
989000,0.030,0.784,0.186
989500,0.030,0.807,0.163
990000,0.030,0.807,0.163
990500,0.030,0.801,0.169
991000,0.030,0.722,0.248
991500,0.030,0.646,0.324
992000,0.030,0.737,0.233
992500,0.030,0.710,0.260
993000,0.030,0.633,0.337
993500,0.030,0.676,0.294
994000,0.030,0.614,0.356
994500,0.030,0.706,0.264
995000,0.030,0.677,0.293
995500,0.030,0.741,0.229
996000,0.030,0.693,0.277
996500,0.030,0.650,0.320
997000,0.030,0.738,0.232
997500,0.030,0.803,0.167
998000,0.030,0.691,0.279
998500,0.030,0.701,0.269
999000,0.030,0.686,0.284
999500,0.030,0.727,0.243
1000000,0.030,0.723,0.247
