time,n_A+p,n_B,n_AB
500,0.030,0.038,0.932
1000,0.044,0.038,0.918
1500,0.084,0.000,0.916
2000,0.033,0.056,0.911
2500,0.059,0.007,0.934
3000,0.059,0.028,0.913
3500,0.059,0.003,0.938
4000,0.061,0.019,0.920
4500,0.060,0.002,0.938
5000,0.078,0.004,0.918
5500,0.090,0.000,0.910
6000,0.072,0.000,0.928
6500,0.085,0.000,0.915
7000,0.038,0.020,0.942
7500,0.044,0.002,0.954
8000,0.051,0.000,0.949
8500,0.076,0.003,0.921
9000,0.097,0.007,0.896
9500,0.051,0.016,0.933
10000,0.040,0.008,0.952
10500,0.047,0.006,0.947
11000,0.030,0.009,0.961
11500,0.086,0.004,0.910
12000,0.089,0.000,0.911
12500,0.072,0.013,0.915
13000,0.049,0.041,0.910
13500,0.049,0.015,0.936
14000,0.063,0.021,0.916
14500,0.054,0.002,0.944
15000,0.067,0.021,0.912
15500,0.071,0.030,0.899
16000,0.059,0.000,0.941
16500,0.074,0.017,0.909
17000,0.046,0.001,0.953
17500,0.068,0.020,0.912
18000,0.069,0.005,0.926
18500,0.086,0.001,0.913
19000,0.061,0.000,0.939
19500,0.031,0.000,0.969
20000,0.047,0.008,0.945
20500,0.072,0.002,0.926
21000,0.070,0.002,0.928
21500,0.041,0.029,0.930
22000,0.094,0.000,0.906
22500,0.046,0.007,0.947
23000,0.080,0.000,0.920
23500,0.050,0.033,0.917
24000,0.049,0.015,0.936
24500,0.103,0.001,0.896
25000,0.071,0.007,0.922
25500,0.071,0.000,0.929
26000,0.116,0.000,0.884
26500,0.050,0.049,0.901
27000,0.080,0.002,0.918
27500,0.058,0.001,0.941
28000,0.070,0.000,0.930
28500,0.035,0.015,0.950
29000,0.066,0.009,0.925
29500,0.043,0.000,0.957
30000,0.090,0.002,0.908
30500,0.055,0.007,0.938
31000,0.052,0.033,0.915
31500,0.102,0.002,0.896
32000,0.036,0.002,0.962
32500,0.079,0.017,0.904
33000,0.072,0.002,0.926
33500,0.089,0.000,0.911
34000,0.050,0.008,0.942
34500,0.076,0.016,0.908
35000,0.086,0.000,0.914
35500,0.072,0.003,0.925
36000,0.104,0.006,0.890
36500,0.055,0.012,0.933
37000,0.069,0.011,0.920
37500,0.053,0.019,0.928
38000,0.087,0.006,0.907
38500,0.053,0.003,0.944
39000,0.061,0.029,0.910
39500,0.054,0.001,0.945
40000,0.081,0.004,0.915
40500,0.066,0.002,0.932
41000,0.086,0.000,0.914
41500,0.037,0.030,0.933
42000,0.048,0.001,0.951
42500,0.061,0.023,0.916
43000,0.052,0.001,0.947
43500,0.065,0.002,0.933
44000,0.066,0.001,0.933
44500,0.065,0.000,0.935
45000,0.064,0.016,0.920
45500,0.030,0.020,0.950
46000,0.062,0.017,0.921
46500,0.070,0.010,0.920
47000,0.056,0.008,0.936
47500,0.092,0.000,0.908
48000,0.061,0.009,0.930
48500,0.033,0.027,0.940
49000,0.086,0.008,0.906
49500,0.052,0.013,0.935
50000,0.055,0.003,0.942
50500,0.088,0.003,0.909
51000,0.034,0.014,0.952
51500,0.054,0.016,0.930
52000,0.123,0.003,0.874
52500,0.033,0.037,0.930
53000,0.075,0.002,0.923
53500,0.059,0.002,0.939
54000,0.062,0.001,0.937
54500,0.045,0.008,0.947
55000,0.085,0.000,0.915
55500,0.067,0.013,0.920
56000,0.038,0.010,0.952
56500,0.079,0.013,0.908
57000,0.042,0.029,0.929
57500,0.065,0.002,0.933
58000,0.103,0.000,0.897
58500,0.050,0.001,0.949
59000,0.057,0.015,0.928
59500,0.105,0.001,0.894
60000,0.037,0.018,0.945
60500,0.058,0.000,0.942
61000,0.059,0.010,0.931
61500,0.102,0.017,0.881
62000,0.039,0.042,0.919
62500,0.052,0.021,0.927
63000,0.072,0.003,0.925
63500,0.054,0.037,0.909
64000,0.081,0.003,0.916
64500,0.046,0.000,0.954
65000,0.030,0.024,0.946
65500,0.065,0.006,0.929
66000,0.063,0.002,0.935
66500,0.061,0.023,0.916
67000,0.064,0.011,0.925
67500,0.047,0.014,0.939
68000,0.039,0.024,0.937
68500,0.035,0.025,0.940
69000,0.032,0.007,0.961
69500,0.053,0.028,0.919
70000,0.055,0.000,0.945
70500,0.055,0.000,0.945
71000,0.068,0.000,0.932
71500,0.046,0.000,0.954
72000,0.043,0.014,0.943
72500,0.034,0.033,0.933
73000,0.054,0.001,0.945
73500,0.065,0.002,0.933
74000,0.084,0.010,0.906
74500,0.062,0.000,0.938
75000,0.072,0.005,0.923
75500,0.035,0.001,0.964
76000,0.081,0.001,0.918
76500,0.035,0.009,0.956
77000,0.046,0.015,0.939
77500,0.048,0.021,0.931
78000,0.042,0.006,0.952
78500,0.057,0.020,0.923
79000,0.051,0.022,0.927
79500,0.073,0.006,0.921
80000,0.086,0.000,0.914
80500,0.042,0.024,0.934
81000,0.064,0.019,0.917
81500,0.085,0.000,0.915
82000,0.048,0.015,0.937
82500,0.032,0.020,0.948
83000,0.037,0.026,0.937
83500,0.080,0.000,0.920
84000,0.116,0.000,0.884
84500,0.058,0.040,0.902
85000,0.033,0.029,0.938
85500,0.056,0.026,0.918
86000,0.038,0.017,0.945
86500,0.036,0.001,0.963
87000,0.042,0.043,0.915
87500,0.052,0.000,0.948
88000,0.040,0.010,0.950
88500,0.049,0.007,0.944
89000,0.059,0.002,0.939
89500,0.097,0.001,0.902
90000,0.086,0.004,0.910
90500,0.043,0.001,0.956
91000,0.045,0.023,0.932
91500,0.058,0.007,0.935
92000,0.061,0.003,0.936
92500,0.040,0.005,0.955
93000,0.057,0.007,0.936
93500,0.048,0.006,0.946
94000,0.068,0.008,0.924
94500,0.050,0.017,0.933
95000,0.071,0.000,0.929
95500,0.071,0.014,0.915
96000,0.035,0.025,0.940
96500,0.048,0.000,0.952
97000,0.081,0.026,0.893
97500,0.060,0.002,0.938
98000,0.077,0.002,0.921
98500,0.062,0.005,0.933
99000,0.031,0.002,0.967
99500,0.070,0.005,0.925
100000,0.031,0.023,0.946
100500,0.046,0.001,0.953
101000,0.093,0.000,0.907
101500,0.064,0.020,0.916
102000,0.060,0.015,0.925
102500,0.037,0.005,0.958
103000,0.126,0.000,0.874
103500,0.046,0.007,0.947
104000,0.080,0.000,0.920
104500,0.050,0.000,0.950
105000,0.071,0.001,0.928
105500,0.052,0.009,0.939
106000,0.033,0.020,0.947
106500,0.071,0.003,0.926
107000,0.032,0.016,0.952
107500,0.036,0.011,0.953
108000,0.078,0.020,0.902
108500,0.035,0.015,0.950
109000,0.031,0.026,0.943
109500,0.059,0.001,0.940
110000,0.041,0.032,0.927
110500,0.059,0.033,0.908
111000,0.033,0.001,0.966
111500,0.046,0.003,0.951
112000,0.032,0.042,0.926
112500,0.082,0.004,0.914
113000,0.052,0.000,0.948
113500,0.113,0.002,0.885
114000,0.036,0.015,0.949
114500,0.042,0.011,0.947
115000,0.080,0.000,0.920
115500,0.056,0.023,0.921
116000,0.037,0.007,0.956
116500,0.047,0.011,0.942
117000,0.037,0.000,0.963
117500,0.073,0.001,0.926
118000,0.070,0.021,0.909
118500,0.070,0.000,0.930
119000,0.033,0.005,0.962
119500,0.082,0.012,0.906
120000,0.036,0.018,0.946
120500,0.032,0.010,0.958
121000,0.053,0.036,0.911
121500,0.051,0.012,0.937
122000,0.042,0.000,0.958
122500,0.057,0.004,0.939
123000,0.077,0.013,0.910
123500,0.060,0.000,0.940
124000,0.059,0.023,0.918
124500,0.076,0.001,0.923
125000,0.105,0.000,0.895
125500,0.050,0.004,0.946
126000,0.052,0.020,0.928
126500,0.072,0.020,0.908
127000,0.072,0.008,0.920
127500,0.084,0.003,0.913
128000,0.030,0.018,0.952
128500,0.046,0.000,0.954
129000,0.052,0.000,0.948
129500,0.050,0.000,0.950
130000,0.053,0.000,0.947
130500,0.048,0.012,0.940
131000,0.078,0.008,0.914
131500,0.081,0.016,0.903
132000,0.045,0.010,0.945
132500,0.045,0.017,0.938
133000,0.043,0.003,0.954
133500,0.053,0.000,0.947
134000,0.048,0.005,0.947
134500,0.073,0.000,0.927
135000,0.053,0.002,0.945
135500,0.059,0.002,0.939
136000,0.063,0.007,0.930
136500,0.060,0.003,0.937
137000,0.093,0.000,0.907
137500,0.059,0.002,0.939
138000,0.054,0.005,0.941
138500,0.067,0.000,0.933
139000,0.037,0.035,0.928
139500,0.043,0.012,0.945
140000,0.120,0.002,0.878
140500,0.111,0.000,0.889
141000,0.036,0.024,0.940
141500,0.046,0.005,0.949
142000,0.034,0.024,0.942
142500,0.064,0.001,0.935
143000,0.047,0.015,0.938
143500,0.050,0.002,0.948
144000,0.073,0.008,0.919
144500,0.059,0.002,0.939
145000,0.039,0.002,0.959
145500,0.049,0.037,0.914
146000,0.059,0.007,0.934
146500,0.054,0.003,0.943
147000,0.056,0.025,0.919
147500,0.059,0.001,0.940
148000,0.042,0.000,0.958
148500,0.040,0.013,0.947
149000,0.084,0.004,0.912
149500,0.039,0.011,0.950
150000,0.073,0.000,0.927
150500,0.050,0.014,0.936
151000,0.061,0.014,0.925
151500,0.090,0.009,0.901
152000,0.043,0.022,0.935
152500,0.057,0.019,0.924
153000,0.034,0.004,0.962
153500,0.050,0.026,0.924
154000,0.041,0.018,0.941
154500,0.077,0.001,0.922
155000,0.082,0.000,0.918
155500,0.050,0.000,0.950
156000,0.077,0.001,0.922
156500,0.054,0.003,0.943
157000,0.045,0.017,0.938
157500,0.076,0.033,0.891
158000,0.045,0.001,0.954
158500,0.034,0.018,0.948
159000,0.072,0.000,0.928
159500,0.062,0.021,0.917
160000,0.041,0.000,0.959
160500,0.078,0.000,0.922
161000,0.065,0.000,0.935
161500,0.096,0.015,0.889
162000,0.051,0.003,0.946
162500,0.106,0.000,0.894
163000,0.075,0.000,0.925
163500,0.053,0.004,0.943
164000,0.073,0.019,0.908
164500,0.036,0.001,0.963
165000,0.046,0.007,0.947
165500,0.075,0.015,0.910
166000,0.051,0.001,0.948
166500,0.061,0.000,0.939
167000,0.071,0.000,0.929
167500,0.032,0.012,0.956
168000,0.052,0.000,0.948
168500,0.058,0.002,0.940
169000,0.101,0.011,0.888
169500,0.045,0.023,0.932
170000,0.057,0.008,0.935
170500,0.047,0.009,0.944
171000,0.082,0.000,0.918
171500,0.042,0.000,0.958
172000,0.041,0.020,0.939
172500,0.044,0.003,0.953
173000,0.030,0.014,0.956
173500,0.039,0.001,0.960
174000,0.060,0.018,0.922
174500,0.090,0.000,0.910
175000,0.045,0.008,0.947
175500,0.036,0.023,0.941
176000,0.122,0.000,0.878
176500,0.032,0.007,0.961
177000,0.052,0.029,0.919
177500,0.059,0.000,0.941
178000,0.066,0.000,0.934
178500,0.064,0.031,0.905
179000,0.048,0.006,0.946
179500,0.064,0.003,0.933
180000,0.039,0.002,0.959
180500,0.037,0.023,0.940
181000,0.067,0.000,0.933
181500,0.040,0.007,0.953
182000,0.055,0.001,0.944
182500,0.059,0.004,0.937
183000,0.052,0.000,0.948
183500,0.038,0.001,0.961
184000,0.031,0.004,0.965
184500,0.043,0.018,0.939
185000,0.057,0.009,0.934
185500,0.085,0.006,0.909
186000,0.085,0.019,0.896
186500,0.030,0.025,0.945
187000,0.068,0.001,0.931
187500,0.106,0.004,0.890
188000,0.043,0.025,0.932
188500,0.074,0.015,0.911
189000,0.073,0.010,0.917
189500,0.044,0.039,0.917
190000,0.059,0.000,0.941
190500,0.068,0.000,0.932
191000,0.057,0.003,0.940
191500,0.054,0.008,0.938
192000,0.113,0.000,0.887
192500,0.063,0.037,0.900
193000,0.063,0.014,0.923
193500,0.047,0.000,0.953
194000,0.059,0.030,0.911
194500,0.076,0.001,0.923
195000,0.058,0.005,0.937
195500,0.094,0.000,0.906
196000,0.076,0.000,0.924
196500,0.093,0.010,0.897
197000,0.059,0.001,0.940
197500,0.046,0.000,0.954
198000,0.081,0.008,0.911
198500,0.077,0.000,0.923
199000,0.083,0.000,0.917
199500,0.042,0.025,0.933
200000,0.068,0.001,0.931
200500,0.097,0.000,0.903
201000,0.034,0.026,0.940
201500,0.059,0.005,0.936
202000,0.050,0.002,0.948
202500,0.052,0.012,0.936
203000,0.039,0.030,0.931
203500,0.072,0.012,0.916
204000,0.074,0.001,0.925
204500,0.071,0.000,0.929
205000,0.034,0.044,0.922
205500,0.043,0.015,0.942
206000,0.038,0.025,0.937
206500,0.088,0.004,0.908
207000,0.040,0.023,0.937
207500,0.079,0.004,0.917
208000,0.048,0.042,0.910
208500,0.069,0.008,0.923
209000,0.056,0.019,0.925
209500,0.064,0.000,0.936
210000,0.082,0.024,0.894
210500,0.051,0.017,0.932
211000,0.040,0.015,0.945
211500,0.043,0.019,0.938
212000,0.047,0.008,0.945
212500,0.051,0.051,0.898
213000,0.056,0.004,0.940
213500,0.045,0.045,0.910
214000,0.126,0.000,0.874
214500,0.094,0.000,0.906
215000,0.068,0.000,0.932
215500,0.053,0.010,0.937
216000,0.043,0.009,0.948
216500,0.085,0.003,0.912
217000,0.100,0.002,0.898
217500,0.088,0.001,0.911
218000,0.066,0.020,0.914
218500,0.062,0.004,0.934
219000,0.059,0.000,0.941
219500,0.046,0.014,0.940
220000,0.075,0.001,0.924
220500,0.042,0.049,0.909
221000,0.053,0.001,0.946
221500,0.078,0.001,0.921
222000,0.079,0.000,0.921
222500,0.059,0.007,0.934
223000,0.086,0.000,0.914
223500,0.062,0.001,0.937
224000,0.088,0.002,0.910
224500,0.050,0.001,0.949
225000,0.100,0.001,0.899
225500,0.070,0.005,0.925
226000,0.045,0.032,0.923
226500,0.036,0.003,0.961
227000,0.101,0.001,0.898
227500,0.071,0.000,0.929
228000,0.044,0.014,0.942
228500,0.094,0.007,0.899
229000,0.086,0.004,0.910
229500,0.055,0.021,0.924
230000,0.051,0.000,0.949
230500,0.053,0.005,0.942
231000,0.044,0.017,0.939
231500,0.076,0.001,0.923
232000,0.038,0.006,0.956
232500,0.052,0.008,0.940
233000,0.057,0.011,0.932
233500,0.045,0.029,0.926
234000,0.055,0.003,0.942
234500,0.065,0.018,0.917
235000,0.047,0.017,0.936
235500,0.052,0.015,0.933
236000,0.051,0.003,0.946
236500,0.060,0.002,0.938
237000,0.045,0.016,0.939
237500,0.046,0.005,0.949
238000,0.067,0.003,0.930
238500,0.044,0.010,0.946
239000,0.052,0.035,0.913
239500,0.072,0.001,0.927
240000,0.066,0.025,0.909
240500,0.050,0.004,0.946
241000,0.067,0.037,0.896
241500,0.049,0.027,0.924
242000,0.031,0.008,0.961
242500,0.053,0.004,0.943
243000,0.078,0.000,0.922
243500,0.044,0.025,0.931
244000,0.091,0.002,0.907
244500,0.030,0.033,0.937
245000,0.109,0.001,0.890
245500,0.054,0.026,0.920
246000,0.050,0.000,0.950
246500,0.039,0.000,0.961
247000,0.071,0.000,0.929
247500,0.045,0.000,0.955
248000,0.060,0.017,0.923
248500,0.074,0.000,0.926
249000,0.044,0.024,0.932
249500,0.039,0.005,0.956
250000,0.049,0.005,0.946
250500,0.104,0.000,0.896
251000,0.078,0.000,0.922
251500,0.039,0.010,0.951
252000,0.051,0.014,0.935
252500,0.064,0.013,0.923
253000,0.057,0.017,0.926
253500,0.112,0.003,0.885
254000,0.062,0.000,0.938
254500,0.044,0.000,0.956
255000,0.051,0.000,0.949
255500,0.051,0.000,0.949
256000,0.059,0.000,0.941
256500,0.067,0.000,0.933
257000,0.068,0.000,0.932
257500,0.032,0.011,0.957
258000,0.041,0.015,0.944
258500,0.051,0.017,0.932
259000,0.054,0.017,0.929
259500,0.074,0.003,0.923
260000,0.036,0.034,0.930
260500,0.061,0.021,0.918
261000,0.052,0.018,0.930
261500,0.039,0.022,0.939
262000,0.040,0.008,0.952
262500,0.043,0.006,0.951
263000,0.090,0.006,0.904
263500,0.047,0.017,0.936
264000,0.059,0.019,0.922
264500,0.086,0.001,0.913
265000,0.061,0.000,0.939
265500,0.052,0.002,0.946
266000,0.070,0.000,0.930
266500,0.072,0.000,0.928
267000,0.042,0.001,0.957
267500,0.052,0.004,0.944
268000,0.065,0.016,0.919
268500,0.030,0.011,0.959
269000,0.045,0.014,0.941
269500,0.103,0.003,0.894
270000,0.071,0.002,0.927
270500,0.054,0.002,0.944
271000,0.052,0.005,0.943
271500,0.062,0.019,0.919
272000,0.070,0.000,0.930
272500,0.076,0.000,0.924
273000,0.043,0.015,0.942
273500,0.085,0.000,0.915
274000,0.049,0.017,0.934
274500,0.087,0.021,0.892
275000,0.053,0.004,0.943
275500,0.078,0.000,0.922
276000,0.072,0.020,0.908
276500,0.067,0.002,0.931
277000,0.071,0.003,0.926
277500,0.082,0.009,0.909
278000,0.067,0.000,0.933
278500,0.070,0.009,0.921
279000,0.061,0.027,0.912
279500,0.035,0.019,0.946
280000,0.058,0.007,0.935
280500,0.086,0.012,0.902
281000,0.052,0.016,0.932
281500,0.067,0.001,0.932
282000,0.048,0.019,0.933
282500,0.128,0.001,0.871
283000,0.078,0.001,0.921
283500,0.056,0.010,0.934
284000,0.051,0.003,0.946
284500,0.054,0.008,0.938
285000,0.053,0.013,0.934
285500,0.053,0.020,0.927
286000,0.061,0.000,0.939
286500,0.059,0.016,0.925
287000,0.037,0.029,0.934
287500,0.031,0.022,0.947
288000,0.053,0.005,0.942
288500,0.077,0.003,0.920
289000,0.096,0.000,0.904
289500,0.057,0.022,0.921
290000,0.034,0.002,0.964
290500,0.033,0.023,0.944
291000,0.066,0.001,0.933
291500,0.058,0.004,0.938
292000,0.040,0.000,0.960
292500,0.092,0.004,0.904
293000,0.066,0.000,0.934
293500,0.050,0.018,0.932
294000,0.056,0.000,0.944
294500,0.085,0.001,0.914
295000,0.056,0.006,0.938
295500,0.073,0.009,0.918
296000,0.056,0.035,0.909
296500,0.096,0.000,0.904
297000,0.055,0.000,0.945
297500,0.108,0.003,0.889
298000,0.052,0.017,0.931
298500,0.032,0.019,0.949
299000,0.062,0.000,0.938
299500,0.092,0.003,0.905
300000,0.063,0.001,0.936
300500,0.050,0.000,0.950
301000,0.062,0.000,0.938
301500,0.054,0.008,0.938
302000,0.088,0.003,0.909
302500,0.050,0.007,0.943
303000,0.031,0.023,0.946
303500,0.049,0.005,0.946
304000,0.057,0.023,0.920
304500,0.054,0.013,0.933
305000,0.033,0.021,0.946
305500,0.080,0.001,0.919
306000,0.077,0.007,0.916
306500,0.086,0.000,0.914
307000,0.061,0.000,0.939
307500,0.032,0.047,0.921
308000,0.085,0.001,0.914
308500,0.065,0.006,0.929
309000,0.032,0.014,0.954
309500,0.057,0.000,0.943
310000,0.048,0.029,0.923
310500,0.048,0.005,0.947
311000,0.048,0.020,0.932
311500,0.045,0.019,0.936
312000,0.101,0.002,0.897
312500,0.038,0.001,0.961
313000,0.063,0.010,0.927
313500,0.036,0.004,0.960
314000,0.066,0.014,0.920
314500,0.051,0.000,0.949
315000,0.036,0.010,0.954
315500,0.065,0.034,0.901
316000,0.087,0.005,0.908
316500,0.051,0.021,0.928
317000,0.093,0.001,0.906
317500,0.074,0.008,0.918
318000,0.079,0.012,0.909
318500,0.053,0.011,0.936
319000,0.071,0.005,0.924
319500,0.045,0.002,0.953
320000,0.079,0.000,0.921
320500,0.051,0.010,0.939
321000,0.080,0.001,0.919
321500,0.043,0.000,0.957
322000,0.081,0.000,0.919
322500,0.049,0.003,0.948
323000,0.056,0.027,0.917
323500,0.044,0.048,0.908
324000,0.035,0.018,0.947
324500,0.031,0.059,0.910
325000,0.045,0.002,0.953
325500,0.056,0.001,0.943
326000,0.044,0.013,0.943
326500,0.078,0.002,0.920
327000,0.066,0.002,0.932
327500,0.087,0.002,0.911
328000,0.043,0.020,0.937
328500,0.055,0.001,0.944
329000,0.035,0.009,0.956
329500,0.063,0.001,0.936
330000,0.100,0.000,0.900
330500,0.030,0.024,0.946
331000,0.074,0.023,0.903
331500,0.047,0.019,0.934
332000,0.063,0.001,0.936
332500,0.069,0.012,0.919
333000,0.056,0.022,0.922
333500,0.079,0.003,0.918
334000,0.072,0.002,0.926
334500,0.062,0.001,0.937
335000,0.056,0.021,0.923
335500,0.033,0.041,0.926
336000,0.050,0.020,0.930
336500,0.060,0.017,0.923
337000,0.032,0.016,0.952
337500,0.042,0.018,0.940
338000,0.040,0.018,0.942
338500,0.095,0.004,0.901
339000,0.125,0.000,0.875
339500,0.062,0.002,0.936
340000,0.052,0.019,0.929
340500,0.036,0.012,0.952
341000,0.074,0.013,0.913
341500,0.065,0.000,0.935
342000,0.063,0.000,0.937
342500,0.052,0.005,0.943
343000,0.042,0.007,0.951
343500,0.080,0.001,0.919
344000,0.059,0.004,0.937
344500,0.072,0.003,0.925
345000,0.091,0.000,0.909
345500,0.058,0.000,0.942
346000,0.094,0.021,0.885
346500,0.064,0.010,0.926
347000,0.057,0.000,0.943
347500,0.047,0.003,0.950
348000,0.074,0.001,0.925
348500,0.072,0.014,0.914
349000,0.050,0.008,0.942
349500,0.037,0.025,0.938
350000,0.031,0.032,0.937
350500,0.081,0.020,0.899
351000,0.057,0.014,0.929
351500,0.089,0.000,0.911
352000,0.038,0.001,0.961
352500,0.032,0.014,0.954
353000,0.068,0.019,0.913
353500,0.032,0.017,0.951
354000,0.035,0.019,0.946
354500,0.046,0.000,0.954
355000,0.031,0.045,0.924
355500,0.057,0.001,0.942
356000,0.081,0.005,0.914
356500,0.089,0.005,0.906
357000,0.070,0.015,0.915
357500,0.071,0.001,0.928
358000,0.052,0.006,0.942
358500,0.058,0.002,0.940
359000,0.078,0.013,0.909
359500,0.075,0.000,0.925
360000,0.054,0.007,0.939
360500,0.048,0.000,0.952
361000,0.086,0.001,0.913
361500,0.095,0.001,0.904
362000,0.101,0.004,0.895
362500,0.031,0.045,0.924
363000,0.066,0.009,0.925
363500,0.068,0.001,0.931
364000,0.032,0.011,0.957
364500,0.091,0.021,0.888
365000,0.073,0.000,0.927
365500,0.057,0.010,0.933
366000,0.070,0.015,0.915
366500,0.059,0.004,0.937
367000,0.044,0.009,0.947
367500,0.067,0.026,0.907
368000,0.061,0.001,0.938
368500,0.082,0.000,0.918
369000,0.063,0.000,0.937
369500,0.075,0.004,0.921
370000,0.101,0.007,0.892
370500,0.092,0.000,0.908
371000,0.054,0.000,0.946
371500,0.032,0.055,0.913
372000,0.048,0.011,0.941
372500,0.079,0.015,0.906
373000,0.092,0.000,0.908
373500,0.034,0.006,0.960
374000,0.044,0.002,0.954
374500,0.087,0.025,0.888
375000,0.052,0.000,0.948
375500,0.057,0.002,0.941
376000,0.047,0.005,0.948
376500,0.072,0.019,0.909
377000,0.077,0.000,0.923
377500,0.057,0.000,0.943
378000,0.038,0.003,0.959
378500,0.064,0.001,0.935
379000,0.045,0.001,0.954
379500,0.080,0.000,0.920
380000,0.040,0.013,0.947
380500,0.102,0.001,0.897
381000,0.069,0.000,0.931
381500,0.095,0.000,0.905
382000,0.038,0.043,0.919
382500,0.058,0.000,0.942
383000,0.072,0.000,0.928
383500,0.053,0.000,0.947
384000,0.043,0.017,0.940
384500,0.059,0.004,0.937
385000,0.052,0.009,0.939
385500,0.074,0.003,0.923
386000,0.061,0.043,0.896
386500,0.037,0.050,0.913
387000,0.073,0.000,0.927
387500,0.054,0.006,0.940
388000,0.065,0.013,0.922
388500,0.065,0.017,0.918
389000,0.048,0.018,0.934
389500,0.154,0.005,0.841
390000,0.046,0.002,0.952
390500,0.079,0.010,0.911
391000,0.038,0.003,0.959
391500,0.040,0.000,0.960
392000,0.061,0.000,0.939
392500,0.041,0.000,0.959
393000,0.069,0.000,0.931
393500,0.060,0.018,0.922
394000,0.051,0.046,0.903
394500,0.046,0.013,0.941
395000,0.094,0.001,0.905
395500,0.066,0.006,0.928
396000,0.039,0.001,0.960
396500,0.052,0.015,0.933
397000,0.052,0.019,0.929
397500,0.071,0.002,0.927
398000,0.049,0.000,0.951
398500,0.054,0.017,0.929
399000,0.046,0.001,0.953
399500,0.063,0.000,0.937
400000,0.107,0.014,0.879
400500,0.085,0.000,0.915
401000,0.040,0.036,0.924
401500,0.098,0.000,0.902
402000,0.061,0.031,0.908
402500,0.042,0.000,0.958
403000,0.078,0.002,0.920
403500,0.058,0.021,0.921
404000,0.060,0.021,0.919
404500,0.077,0.000,0.923
405000,0.080,0.001,0.919
405500,0.050,0.018,0.932
406000,0.085,0.002,0.913
406500,0.058,0.001,0.941
407000,0.060,0.000,0.940
407500,0.079,0.011,0.910
408000,0.045,0.024,0.931
408500,0.103,0.002,0.895
409000,0.065,0.023,0.912
409500,0.052,0.001,0.947
410000,0.051,0.012,0.937
410500,0.063,0.001,0.936
411000,0.067,0.003,0.930
411500,0.047,0.000,0.953
412000,0.044,0.000,0.956
412500,0.047,0.025,0.928
413000,0.047,0.004,0.949
413500,0.078,0.016,0.906
414000,0.106,0.007,0.887
414500,0.055,0.000,0.945
415000,0.049,0.000,0.951
415500,0.061,0.006,0.933
416000,0.080,0.011,0.909
416500,0.044,0.026,0.930
417000,0.069,0.012,0.919
417500,0.059,0.011,0.930
418000,0.036,0.050,0.914
418500,0.087,0.003,0.910
419000,0.065,0.020,0.915
419500,0.097,0.002,0.901
420000,0.036,0.031,0.933
420500,0.054,0.012,0.934
421000,0.038,0.000,0.962
421500,0.103,0.000,0.897
422000,0.066,0.014,0.920
422500,0.052,0.017,0.931
423000,0.088,0.004,0.908
423500,0.059,0.021,0.920
424000,0.057,0.011,0.932
424500,0.047,0.001,0.952
425000,0.058,0.025,0.917
425500,0.052,0.014,0.934
426000,0.062,0.021,0.917
426500,0.049,0.015,0.936
427000,0.044,0.005,0.951
427500,0.062,0.002,0.936
428000,0.052,0.002,0.946
428500,0.040,0.020,0.940
429000,0.060,0.000,0.940
429500,0.047,0.043,0.910
430000,0.030,0.044,0.926
430500,0.060,0.011,0.929
431000,0.051,0.015,0.934
431500,0.069,0.003,0.928
432000,0.112,0.004,0.884
432500,0.070,0.009,0.921
433000,0.057,0.002,0.941
433500,0.089,0.006,0.905
434000,0.057,0.001,0.942
434500,0.063,0.017,0.920
435000,0.056,0.028,0.916
435500,0.041,0.012,0.947
436000,0.072,0.026,0.902
436500,0.042,0.000,0.958
437000,0.041,0.000,0.959
437500,0.059,0.020,0.921
438000,0.062,0.003,0.935
438500,0.048,0.000,0.952
439000,0.068,0.002,0.930
439500,0.084,0.022,0.894
440000,0.059,0.019,0.922
440500,0.088,0.000,0.912
441000,0.072,0.001,0.927
441500,0.088,0.025,0.887
442000,0.064,0.005,0.931
442500,0.086,0.025,0.889
443000,0.042,0.009,0.949
443500,0.049,0.002,0.949
444000,0.042,0.023,0.935
444500,0.106,0.001,0.893
445000,0.075,0.016,0.909
445500,0.062,0.015,0.923
446000,0.053,0.008,0.939
446500,0.077,0.001,0.922
447000,0.088,0.000,0.912
447500,0.068,0.003,0.929
448000,0.078,0.001,0.921
448500,0.071,0.009,0.920
449000,0.076,0.015,0.909
449500,0.075,0.002,0.923
450000,0.070,0.010,0.920
450500,0.046,0.012,0.942
451000,0.084,0.000,0.916
451500,0.038,0.006,0.956
452000,0.067,0.000,0.933
452500,0.052,0.024,0.924
453000,0.038,0.004,0.958
453500,0.044,0.000,0.956
454000,0.070,0.000,0.930
454500,0.086,0.005,0.909
455000,0.042,0.002,0.956
455500,0.047,0.010,0.943
456000,0.103,0.000,0.897
456500,0.077,0.024,0.899
457000,0.050,0.006,0.944
457500,0.053,0.018,0.929
458000,0.065,0.018,0.917
458500,0.047,0.000,0.953
459000,0.043,0.011,0.946
459500,0.043,0.016,0.941
460000,0.066,0.000,0.934
460500,0.068,0.006,0.926
461000,0.130,0.002,0.868
461500,0.051,0.000,0.949
462000,0.069,0.017,0.914
462500,0.065,0.000,0.935
463000,0.057,0.011,0.932
463500,0.102,0.000,0.898
464000,0.081,0.000,0.919
464500,0.089,0.021,0.890
465000,0.043,0.010,0.947
465500,0.075,0.000,0.925
466000,0.056,0.002,0.942
466500,0.051,0.004,0.945
467000,0.054,0.009,0.937
467500,0.098,0.003,0.899
468000,0.089,0.000,0.911
468500,0.068,0.000,0.932
469000,0.044,0.005,0.951
469500,0.044,0.003,0.953
470000,0.065,0.001,0.934
470500,0.032,0.048,0.920
471000,0.066,0.002,0.932
471500,0.079,0.001,0.920
472000,0.081,0.000,0.919
472500,0.065,0.009,0.926
473000,0.049,0.008,0.943
473500,0.033,0.020,0.947
474000,0.041,0.011,0.948
474500,0.059,0.000,0.941
475000,0.057,0.015,0.928
475500,0.089,0.001,0.910
476000,0.055,0.004,0.941
476500,0.050,0.000,0.950
477000,0.057,0.000,0.943
477500,0.045,0.017,0.938
478000,0.040,0.025,0.935
478500,0.076,0.001,0.923
479000,0.051,0.000,0.949
479500,0.052,0.025,0.923
480000,0.057,0.019,0.924
480500,0.053,0.029,0.918
481000,0.094,0.018,0.888
481500,0.041,0.020,0.939
482000,0.131,0.004,0.865
482500,0.054,0.002,0.944
483000,0.057,0.001,0.942
483500,0.047,0.027,0.926
484000,0.070,0.011,0.919
484500,0.030,0.010,0.960
485000,0.050,0.011,0.939
485500,0.053,0.021,0.926
486000,0.102,0.020,0.878
486500,0.052,0.013,0.935
487000,0.065,0.008,0.927
487500,0.100,0.018,0.882
488000,0.045,0.026,0.929
488500,0.075,0.010,0.915
489000,0.068,0.005,0.927
489500,0.052,0.019,0.929
490000,0.076,0.038,0.886
490500,0.037,0.017,0.946
491000,0.061,0.000,0.939
491500,0.037,0.014,0.949
492000,0.055,0.001,0.944
492500,0.075,0.000,0.925
493000,0.052,0.009,0.939
493500,0.033,0.011,0.956
494000,0.061,0.001,0.938
494500,0.093,0.001,0.906
495000,0.096,0.019,0.885
495500,0.071,0.006,0.923
496000,0.052,0.030,0.918
496500,0.069,0.002,0.929
497000,0.042,0.006,0.952
497500,0.073,0.001,0.926
498000,0.031,0.010,0.959
498500,0.089,0.012,0.899
499000,0.112,0.000,0.888
499500,0.058,0.009,0.933
500000,0.034,0.028,0.938
500500,0.047,0.020,0.933
501000,0.097,0.003,0.900
501500,0.084,0.000,0.916
502000,0.100,0.003,0.897
502500,0.060,0.019,0.921
503000,0.055,0.016,0.929
503500,0.070,0.008,0.922
504000,0.050,0.005,0.945
504500,0.074,0.015,0.911
505000,0.077,0.005,0.918
505500,0.058,0.021,0.921
506000,0.055,0.000,0.945
506500,0.036,0.004,0.960
507000,0.037,0.021,0.942
507500,0.053,0.009,0.938
508000,0.046,0.017,0.937
508500,0.030,0.017,0.953
509000,0.111,0.019,0.870
509500,0.067,0.000,0.933
510000,0.040,0.017,0.943
510500,0.065,0.000,0.935
511000,0.045,0.015,0.940
511500,0.064,0.001,0.935
512000,0.061,0.002,0.937
512500,0.133,0.000,0.867
513000,0.085,0.020,0.895
513500,0.045,0.018,0.937
514000,0.031,0.027,0.942
514500,0.070,0.019,0.911
515000,0.035,0.024,0.941
515500,0.058,0.002,0.940
516000,0.077,0.001,0.922
516500,0.047,0.001,0.952
517000,0.059,0.001,0.940
517500,0.084,0.000,0.916
518000,0.041,0.022,0.937
518500,0.036,0.030,0.934
519000,0.066,0.002,0.932
519500,0.041,0.000,0.959
520000,0.064,0.000,0.936
520500,0.074,0.005,0.921
521000,0.046,0.000,0.954
521500,0.044,0.019,0.937
522000,0.048,0.000,0.952
522500,0.082,0.000,0.918
523000,0.033,0.002,0.965
523500,0.033,0.016,0.951
524000,0.061,0.012,0.927
524500,0.069,0.000,0.931
525000,0.038,0.020,0.942
525500,0.059,0.004,0.937
526000,0.069,0.025,0.906
526500,0.048,0.000,0.952
527000,0.044,0.001,0.955
527500,0.092,0.000,0.908
528000,0.056,0.000,0.944
528500,0.115,0.000,0.885
529000,0.040,0.008,0.952
529500,0.049,0.025,0.926
530000,0.060,0.018,0.922
530500,0.054,0.000,0.946
531000,0.054,0.023,0.923
531500,0.040,0.007,0.953
532000,0.041,0.000,0.959
532500,0.071,0.027,0.902
533000,0.053,0.000,0.947
533500,0.046,0.023,0.931
534000,0.033,0.021,0.946
534500,0.049,0.001,0.950
535000,0.045,0.026,0.929
535500,0.055,0.006,0.939
536000,0.035,0.020,0.945
536500,0.052,0.013,0.935
537000,0.101,0.000,0.899
537500,0.094,0.023,0.883
538000,0.060,0.000,0.940
538500,0.072,0.001,0.927
539000,0.050,0.003,0.947
539500,0.043,0.016,0.941
540000,0.086,0.000,0.914
540500,0.052,0.011,0.937
541000,0.071,0.001,0.928
541500,0.046,0.000,0.954
542000,0.112,0.023,0.865
542500,0.062,0.000,0.938
543000,0.081,0.000,0.919
543500,0.084,0.004,0.912
544000,0.053,0.000,0.947
544500,0.068,0.005,0.927
545000,0.055,0.000,0.945
545500,0.068,0.005,0.927
546000,0.041,0.008,0.951
546500,0.041,0.032,0.927
547000,0.043,0.003,0.954
547500,0.053,0.000,0.947
548000,0.074,0.002,0.924
548500,0.057,0.000,0.943
549000,0.100,0.000,0.900
549500,0.089,0.001,0.910
550000,0.044,0.016,0.940
550500,0.035,0.000,0.965
551000,0.039,0.005,0.956
551500,0.091,0.002,0.907
552000,0.116,0.004,0.880
552500,0.051,0.000,0.949
553000,0.035,0.020,0.945
553500,0.065,0.019,0.916
554000,0.075,0.009,0.916
554500,0.084,0.008,0.908
555000,0.041,0.004,0.955
555500,0.053,0.014,0.933
556000,0.056,0.016,0.928
556500,0.053,0.000,0.947
557000,0.072,0.008,0.920
557500,0.063,0.005,0.932
558000,0.097,0.023,0.880
558500,0.058,0.022,0.920
559000,0.079,0.001,0.920
559500,0.052,0.009,0.939
560000,0.057,0.002,0.941
560500,0.062,0.007,0.931
561000,0.069,0.002,0.929
561500,0.040,0.000,0.960
562000,0.067,0.000,0.933
562500,0.031,0.013,0.956
563000,0.069,0.006,0.925
563500,0.066,0.014,0.920
564000,0.075,0.012,0.913
564500,0.056,0.024,0.920
565000,0.043,0.022,0.935
565500,0.038,0.015,0.947
566000,0.059,0.001,0.940
566500,0.087,0.029,0.884
567000,0.037,0.000,0.963
567500,0.065,0.000,0.935
568000,0.054,0.004,0.942
568500,0.064,0.002,0.934
569000,0.099,0.000,0.901
569500,0.043,0.010,0.947
570000,0.058,0.006,0.936
570500,0.043,0.002,0.955
571000,0.041,0.022,0.937
571500,0.060,0.032,0.908
572000,0.030,0.003,0.967
572500,0.048,0.004,0.948
573000,0.041,0.011,0.948
573500,0.076,0.004,0.920
574000,0.099,0.000,0.901
574500,0.084,0.003,0.913
575000,0.061,0.011,0.928
575500,0.053,0.020,0.927
576000,0.071,0.000,0.929
576500,0.040,0.017,0.943
577000,0.048,0.031,0.921
577500,0.084,0.000,0.916
578000,0.044,0.016,0.940
578500,0.040,0.057,0.903
579000,0.050,0.007,0.943
579500,0.058,0.000,0.942
580000,0.056,0.001,0.943
580500,0.065,0.001,0.934
581000,0.058,0.016,0.926
581500,0.064,0.001,0.935
582000,0.092,0.000,0.908
582500,0.079,0.002,0.919
583000,0.069,0.017,0.914
583500,0.079,0.000,0.921
584000,0.053,0.030,0.917
584500,0.039,0.003,0.958
585000,0.070,0.005,0.925
585500,0.032,0.020,0.948
586000,0.078,0.000,0.922
586500,0.041,0.016,0.943
587000,0.078,0.015,0.907
587500,0.044,0.011,0.945
588000,0.041,0.000,0.959
588500,0.075,0.030,0.895
589000,0.042,0.000,0.958
589500,0.074,0.002,0.924
590000,0.077,0.007,0.916
590500,0.066,0.000,0.934
591000,0.069,0.001,0.930
591500,0.062,0.002,0.936
592000,0.039,0.012,0.949
592500,0.089,0.002,0.909
593000,0.079,0.000,0.921
593500,0.059,0.001,0.940
594000,0.045,0.000,0.955
594500,0.041,0.006,0.953
595000,0.060,0.001,0.939
595500,0.044,0.005,0.951
596000,0.059,0.014,0.927
596500,0.050,0.012,0.938
597000,0.068,0.003,0.929
597500,0.043,0.010,0.947
598000,0.112,0.003,0.885
598500,0.087,0.001,0.912
599000,0.077,0.002,0.921
599500,0.049,0.011,0.940
600000,0.039,0.007,0.954
600500,0.091,0.000,0.909
601000,0.051,0.012,0.937
601500,0.032,0.014,0.954
602000,0.068,0.005,0.927
602500,0.052,0.005,0.943
603000,0.034,0.004,0.962
603500,0.084,0.001,0.915
604000,0.058,0.013,0.929
604500,0.094,0.000,0.906
605000,0.087,0.001,0.912
605500,0.067,0.037,0.896
606000,0.038,0.005,0.957
606500,0.040,0.014,0.946
607000,0.055,0.001,0.944
607500,0.034,0.028,0.938
608000,0.050,0.007,0.943
608500,0.064,0.000,0.936
609000,0.062,0.013,0.925
609500,0.063,0.001,0.936
610000,0.039,0.021,0.940
610500,0.067,0.004,0.929
611000,0.067,0.025,0.908
611500,0.035,0.005,0.960
612000,0.033,0.029,0.938
612500,0.075,0.016,0.909
613000,0.031,0.011,0.958
613500,0.080,0.035,0.885
614000,0.066,0.001,0.933
614500,0.050,0.000,0.950
615000,0.082,0.000,0.918
615500,0.039,0.018,0.943
616000,0.040,0.041,0.919
616500,0.060,0.007,0.933
617000,0.061,0.004,0.935
617500,0.039,0.001,0.960
618000,0.058,0.000,0.942
618500,0.050,0.029,0.921
619000,0.060,0.004,0.936
619500,0.063,0.007,0.930
620000,0.083,0.000,0.917
620500,0.034,0.000,0.966
621000,0.071,0.002,0.927
621500,0.086,0.010,0.904
622000,0.068,0.001,0.931
622500,0.037,0.005,0.958
623000,0.033,0.020,0.947
623500,0.073,0.002,0.925
624000,0.047,0.001,0.952
624500,0.114,0.003,0.883
625000,0.066,0.000,0.934
625500,0.056,0.032,0.912
626000,0.083,0.002,0.915
626500,0.037,0.046,0.917
627000,0.075,0.011,0.914
627500,0.067,0.004,0.929
628000,0.071,0.021,0.908
628500,0.056,0.003,0.941
629000,0.093,0.000,0.907
629500,0.054,0.000,0.946
630000,0.040,0.000,0.960
630500,0.060,0.028,0.912
631000,0.051,0.015,0.934
631500,0.036,0.016,0.948
632000,0.060,0.002,0.938
632500,0.072,0.023,0.905
633000,0.094,0.002,0.904
633500,0.058,0.000,0.942
634000,0.032,0.022,0.946
634500,0.053,0.011,0.936
635000,0.069,0.009,0.922
635500,0.050,0.001,0.949
636000,0.042,0.017,0.941
636500,0.035,0.003,0.962
637000,0.038,0.010,0.952
637500,0.066,0.004,0.930
638000,0.034,0.030,0.936
638500,0.070,0.013,0.917
639000,0.094,0.001,0.905
639500,0.051,0.008,0.941
640000,0.059,0.000,0.941
640500,0.061,0.000,0.939
641000,0.051,0.011,0.938
641500,0.071,0.021,0.908
642000,0.052,0.023,0.925
642500,0.084,0.000,0.916
643000,0.066,0.015,0.919
643500,0.084,0.016,0.900
644000,0.058,0.005,0.937
644500,0.032,0.011,0.957
645000,0.091,0.001,0.908
645500,0.081,0.001,0.918
646000,0.053,0.010,0.937
646500,0.070,0.008,0.922
647000,0.058,0.039,0.903
647500,0.090,0.000,0.910
648000,0.048,0.002,0.950
648500,0.095,0.000,0.905
649000,0.039,0.048,0.913
649500,0.035,0.021,0.944
650000,0.083,0.010,0.907
650500,0.033,0.024,0.943
651000,0.034,0.009,0.957
651500,0.065,0.000,0.935
652000,0.055,0.001,0.944
652500,0.056,0.000,0.944
653000,0.080,0.000,0.920
653500,0.048,0.002,0.950
654000,0.068,0.001,0.931
654500,0.101,0.000,0.899
655000,0.065,0.003,0.932
655500,0.050,0.021,0.929
656000,0.054,0.000,0.946
656500,0.035,0.019,0.946
657000,0.047,0.009,0.944
657500,0.053,0.000,0.947
658000,0.056,0.000,0.944
658500,0.054,0.020,0.926
659000,0.036,0.006,0.958
659500,0.036,0.002,0.962
660000,0.048,0.012,0.940
660500,0.085,0.020,0.895
661000,0.075,0.000,0.925
661500,0.092,0.001,0.907
662000,0.073,0.009,0.918
662500,0.033,0.047,0.920
663000,0.081,0.021,0.898
663500,0.072,0.005,0.923
664000,0.110,0.002,0.888
664500,0.079,0.004,0.917
665000,0.049,0.005,0.946
665500,0.070,0.003,0.927
666000,0.048,0.002,0.950
666500,0.061,0.003,0.936
667000,0.044,0.033,0.923
667500,0.067,0.034,0.899
668000,0.055,0.002,0.943
668500,0.055,0.020,0.925
669000,0.053,0.016,0.931
669500,0.083,0.001,0.916
670000,0.047,0.024,0.929
670500,0.103,0.011,0.886
671000,0.047,0.001,0.952
671500,0.068,0.011,0.921
672000,0.075,0.004,0.921
672500,0.077,0.001,0.922
673000,0.052,0.009,0.939
673500,0.086,0.008,0.906
674000,0.095,0.000,0.905
674500,0.059,0.008,0.933
675000,0.042,0.016,0.942
675500,0.031,0.002,0.967
676000,0.072,0.016,0.912
676500,0.049,0.000,0.951
677000,0.049,0.012,0.939
677500,0.078,0.018,0.904
678000,0.050,0.024,0.926
678500,0.054,0.008,0.938
679000,0.073,0.016,0.911
679500,0.044,0.008,0.948
680000,0.081,0.015,0.904
680500,0.069,0.000,0.931
681000,0.050,0.000,0.950
681500,0.087,0.001,0.912
682000,0.034,0.000,0.966
682500,0.062,0.000,0.938
683000,0.057,0.019,0.924
683500,0.063,0.000,0.937
684000,0.092,0.002,0.906
684500,0.060,0.014,0.926
685000,0.056,0.021,0.923
685500,0.054,0.001,0.945
686000,0.047,0.018,0.935
686500,0.100,0.003,0.897
687000,0.081,0.010,0.909
687500,0.112,0.000,0.888
688000,0.058,0.000,0.942
688500,0.056,0.032,0.912
689000,0.058,0.001,0.941
689500,0.053,0.006,0.941
690000,0.051,0.007,0.942
690500,0.058,0.008,0.934
691000,0.031,0.001,0.968
691500,0.088,0.005,0.907
692000,0.081,0.000,0.919
692500,0.049,0.020,0.931
693000,0.115,0.001,0.884
693500,0.050,0.000,0.950
694000,0.075,0.008,0.917
694500,0.053,0.000,0.947
695000,0.063,0.004,0.933
695500,0.072,0.021,0.907
696000,0.046,0.004,0.950
696500,0.042,0.006,0.952
697000,0.039,0.002,0.959
697500,0.047,0.002,0.951
698000,0.047,0.024,0.929
698500,0.046,0.001,0.953
699000,0.124,0.000,0.876
699500,0.047,0.040,0.913
700000,0.045,0.008,0.947
700500,0.076,0.005,0.919
701000,0.090,0.000,0.910
701500,0.041,0.009,0.950
702000,0.041,0.018,0.941
702500,0.066,0.000,0.934
703000,0.051,0.014,0.935
703500,0.082,0.000,0.918
704000,0.047,0.014,0.939
704500,0.061,0.008,0.931
705000,0.034,0.000,0.966
705500,0.090,0.013,0.897
706000,0.060,0.003,0.937
706500,0.046,0.014,0.940
707000,0.045,0.002,0.953
707500,0.075,0.001,0.924
708000,0.030,0.007,0.963
708500,0.044,0.014,0.942
709000,0.055,0.001,0.944
709500,0.061,0.016,0.923
710000,0.045,0.000,0.955
710500,0.072,0.007,0.921
711000,0.070,0.006,0.924
711500,0.086,0.008,0.906
712000,0.061,0.014,0.925
712500,0.057,0.020,0.923
713000,0.091,0.001,0.908
713500,0.057,0.000,0.943
714000,0.063,0.006,0.931
714500,0.068,0.001,0.931
715000,0.047,0.014,0.939
715500,0.056,0.002,0.942
716000,0.045,0.003,0.952
716500,0.092,0.018,0.890
717000,0.096,0.001,0.903
717500,0.040,0.024,0.936
718000,0.030,0.017,0.953
718500,0.040,0.019,0.941
719000,0.060,0.013,0.927
719500,0.075,0.023,0.902
720000,0.033,0.014,0.953
720500,0.040,0.026,0.934
721000,0.032,0.023,0.945
721500,0.057,0.007,0.936
722000,0.056,0.010,0.934
722500,0.038,0.031,0.931
723000,0.039,0.011,0.950
723500,0.130,0.001,0.869
724000,0.073,0.001,0.926
724500,0.062,0.031,0.907
725000,0.036,0.004,0.960
725500,0.063,0.023,0.914
726000,0.070,0.010,0.920
726500,0.056,0.036,0.908
727000,0.052,0.053,0.895
727500,0.030,0.035,0.935
728000,0.063,0.002,0.935
728500,0.035,0.013,0.952
729000,0.136,0.001,0.863
729500,0.074,0.000,0.926
730000,0.065,0.001,0.934
730500,0.031,0.023,0.946
731000,0.052,0.004,0.944
731500,0.040,0.007,0.953
732000,0.063,0.000,0.937
732500,0.061,0.003,0.936
733000,0.080,0.002,0.918
733500,0.052,0.008,0.940
734000,0.040,0.018,0.942
734500,0.051,0.000,0.949
735000,0.076,0.015,0.909
735500,0.041,0.026,0.933
736000,0.035,0.026,0.939
736500,0.035,0.071,0.894
737000,0.039,0.012,0.949
737500,0.120,0.000,0.880
738000,0.032,0.013,0.955
738500,0.039,0.022,0.939
739000,0.039,0.012,0.949
739500,0.067,0.006,0.927
740000,0.085,0.003,0.912
740500,0.045,0.036,0.919
741000,0.039,0.021,0.940
741500,0.069,0.001,0.930
742000,0.072,0.030,0.898
742500,0.062,0.018,0.920
743000,0.072,0.000,0.928
743500,0.051,0.008,0.941
744000,0.037,0.002,0.961
744500,0.061,0.020,0.919
745000,0.050,0.010,0.940
745500,0.034,0.047,0.919
746000,0.077,0.015,0.908
746500,0.096,0.009,0.895
747000,0.043,0.013,0.944
747500,0.077,0.001,0.922
748000,0.043,0.002,0.955
748500,0.033,0.000,0.967
749000,0.043,0.003,0.954
749500,0.045,0.014,0.941
750000,0.066,0.006,0.928
750500,0.079,0.001,0.920
751000,0.047,0.016,0.937
751500,0.058,0.001,0.941
752000,0.057,0.000,0.943
752500,0.058,0.023,0.919
753000,0.046,0.012,0.942
753500,0.058,0.005,0.937
754000,0.042,0.012,0.946
754500,0.060,0.005,0.935
755000,0.044,0.000,0.956
755500,0.039,0.020,0.941
756000,0.072,0.017,0.911
756500,0.099,0.001,0.900
757000,0.031,0.027,0.942
757500,0.030,0.011,0.959
758000,0.037,0.024,0.939
758500,0.037,0.010,0.953
759000,0.050,0.014,0.936
759500,0.030,0.003,0.967
760000,0.073,0.018,0.909
760500,0.075,0.016,0.909
761000,0.094,0.000,0.906
761500,0.041,0.032,0.927
762000,0.123,0.000,0.877
762500,0.053,0.000,0.947
763000,0.060,0.004,0.936
763500,0.120,0.000,0.880
764000,0.035,0.005,0.960
764500,0.099,0.002,0.899
765000,0.085,0.006,0.909
765500,0.058,0.004,0.938
766000,0.048,0.008,0.944
766500,0.087,0.000,0.913
767000,0.079,0.000,0.921
767500,0.070,0.009,0.921
768000,0.058,0.017,0.925
768500,0.038,0.003,0.959
769000,0.071,0.004,0.925
769500,0.036,0.003,0.961
770000,0.062,0.001,0.937
770500,0.048,0.001,0.951
771000,0.076,0.000,0.924
771500,0.061,0.026,0.913
772000,0.047,0.017,0.936
772500,0.071,0.000,0.929
773000,0.032,0.044,0.924
773500,0.091,0.007,0.902
774000,0.052,0.010,0.938
774500,0.056,0.007,0.937
775000,0.059,0.001,0.940
775500,0.064,0.001,0.935
776000,0.075,0.002,0.923
776500,0.036,0.000,0.964
777000,0.063,0.017,0.920
777500,0.074,0.004,0.922
778000,0.047,0.012,0.941
778500,0.040,0.000,0.960
779000,0.051,0.000,0.949
779500,0.069,0.001,0.930
780000,0.046,0.006,0.948
780500,0.074,0.011,0.915
781000,0.064,0.016,0.920
781500,0.051,0.001,0.948
782000,0.048,0.000,0.952
782500,0.066,0.005,0.929
783000,0.052,0.001,0.947
783500,0.042,0.019,0.939
784000,0.052,0.014,0.934
784500,0.096,0.003,0.901
785000,0.060,0.001,0.939
785500,0.046,0.051,0.903
786000,0.044,0.027,0.929
786500,0.057,0.001,0.942
787000,0.074,0.000,0.926
787500,0.043,0.003,0.954
788000,0.056,0.008,0.936
788500,0.081,0.003,0.916
789000,0.047,0.033,0.920
789500,0.045,0.026,0.929
790000,0.052,0.011,0.937
790500,0.098,0.004,0.898
791000,0.041,0.014,0.945
791500,0.041,0.013,0.946
792000,0.055,0.000,0.945
792500,0.051,0.009,0.940
793000,0.091,0.000,0.909
793500,0.039,0.022,0.939
794000,0.088,0.000,0.912
794500,0.073,0.001,0.926
795000,0.073,0.019,0.908
795500,0.054,0.007,0.939
796000,0.046,0.004,0.950
796500,0.045,0.011,0.944
797000,0.059,0.000,0.941
797500,0.083,0.000,0.917
798000,0.070,0.008,0.922
798500,0.050,0.002,0.948
799000,0.035,0.009,0.956
799500,0.053,0.000,0.947
800000,0.059,0.010,0.931
800500,0.072,0.012,0.916
801000,0.072,0.007,0.921
801500,0.052,0.000,0.948
802000,0.046,0.021,0.933
802500,0.062,0.007,0.931
803000,0.049,0.024,0.927
803500,0.050,0.045,0.905
804000,0.055,0.016,0.929
804500,0.034,0.003,0.963
805000,0.060,0.010,0.930
805500,0.031,0.006,0.963
806000,0.070,0.013,0.917
806500,0.031,0.013,0.956
807000,0.059,0.003,0.938
807500,0.073,0.026,0.901
808000,0.063,0.018,0.919
808500,0.073,0.009,0.918
809000,0.086,0.006,0.908
809500,0.030,0.014,0.956
810000,0.046,0.003,0.951
810500,0.080,0.004,0.916
811000,0.035,0.010,0.955
811500,0.055,0.014,0.931
812000,0.060,0.008,0.932
812500,0.035,0.017,0.948
813000,0.041,0.001,0.958
813500,0.087,0.005,0.908
814000,0.057,0.031,0.912
814500,0.069,0.032,0.899
815000,0.050,0.016,0.934
815500,0.039,0.010,0.951
816000,0.049,0.001,0.950
816500,0.066,0.019,0.915
817000,0.088,0.000,0.912
817500,0.050,0.000,0.950
818000,0.094,0.000,0.906
818500,0.061,0.000,0.939
819000,0.079,0.049,0.872
819500,0.073,0.000,0.927
820000,0.054,0.003,0.943
820500,0.093,0.000,0.907
821000,0.062,0.002,0.936
821500,0.032,0.011,0.957
822000,0.039,0.033,0.928
822500,0.065,0.013,0.922
823000,0.096,0.020,0.884
823500,0.032,0.041,0.927
824000,0.067,0.016,0.917
824500,0.042,0.021,0.937
825000,0.070,0.037,0.893
825500,0.083,0.000,0.917
826000,0.050,0.017,0.933
826500,0.058,0.000,0.942
827000,0.063,0.000,0.937
827500,0.040,0.004,0.956
828000,0.052,0.012,0.936
828500,0.063,0.004,0.933
829000,0.060,0.002,0.938
829500,0.036,0.020,0.944
830000,0.058,0.013,0.929
830500,0.052,0.026,0.922
831000,0.070,0.008,0.922
831500,0.100,0.000,0.900
832000,0.037,0.018,0.945
832500,0.045,0.018,0.937
833000,0.030,0.001,0.969
833500,0.062,0.021,0.917
834000,0.035,0.011,0.954
834500,0.049,0.015,0.936
835000,0.102,0.000,0.898
835500,0.058,0.016,0.926
836000,0.074,0.000,0.926
836500,0.073,0.025,0.902
837000,0.057,0.004,0.939
837500,0.059,0.004,0.937
838000,0.044,0.004,0.952
838500,0.076,0.004,0.920
839000,0.037,0.012,0.951
839500,0.041,0.001,0.958
840000,0.108,0.000,0.892
840500,0.082,0.001,0.917
841000,0.041,0.001,0.958
841500,0.048,0.008,0.944
842000,0.124,0.003,0.873
842500,0.071,0.000,0.929
843000,0.088,0.000,0.912
843500,0.063,0.018,0.919
844000,0.056,0.007,0.937
844500,0.061,0.000,0.939
845000,0.109,0.000,0.891
845500,0.073,0.000,0.927
846000,0.076,0.000,0.924
846500,0.049,0.000,0.951
847000,0.062,0.022,0.916
847500,0.085,0.001,0.914
848000,0.052,0.015,0.933
848500,0.073,0.000,0.927
849000,0.102,0.000,0.898
849500,0.047,0.000,0.953
850000,0.042,0.001,0.957
850500,0.035,0.027,0.938
851000,0.049,0.007,0.944
851500,0.035,0.019,0.946
852000,0.030,0.037,0.933
852500,0.080,0.017,0.903
853000,0.054,0.026,0.920
853500,0.070,0.058,0.872
854000,0.045,0.006,0.949
854500,0.064,0.000,0.936
855000,0.053,0.002,0.945
855500,0.066,0.003,0.931
856000,0.052,0.000,0.948
856500,0.076,0.000,0.924
857000,0.047,0.018,0.935
857500,0.066,0.009,0.925
858000,0.049,0.021,0.930
858500,0.033,0.004,0.963
859000,0.066,0.000,0.934
859500,0.073,0.000,0.927
860000,0.102,0.002,0.896
860500,0.043,0.036,0.921
861000,0.068,0.007,0.925
861500,0.068,0.001,0.931
862000,0.079,0.000,0.921
862500,0.068,0.000,0.932
863000,0.056,0.007,0.937
863500,0.043,0.030,0.927
864000,0.075,0.011,0.914
864500,0.072,0.007,0.921
865000,0.063,0.016,0.921
865500,0.042,0.047,0.911
866000,0.060,0.006,0.934
866500,0.054,0.003,0.943
867000,0.047,0.021,0.932
867500,0.044,0.019,0.937
868000,0.083,0.000,0.917
868500,0.064,0.007,0.929
869000,0.081,0.032,0.887
869500,0.041,0.013,0.946
870000,0.087,0.000,0.913
870500,0.094,0.005,0.901
871000,0.059,0.000,0.941
871500,0.041,0.007,0.952
872000,0.053,0.000,0.947
872500,0.070,0.007,0.923
873000,0.081,0.015,0.904
873500,0.078,0.014,0.908
874000,0.050,0.025,0.925
874500,0.050,0.044,0.906
875000,0.059,0.041,0.900
875500,0.046,0.016,0.938
876000,0.066,0.000,0.934
876500,0.075,0.019,0.906
877000,0.052,0.000,0.948
877500,0.051,0.008,0.941
878000,0.094,0.007,0.899
878500,0.052,0.020,0.928
879000,0.051,0.000,0.949
879500,0.047,0.008,0.945
880000,0.052,0.023,0.925
880500,0.036,0.007,0.957
881000,0.044,0.017,0.939
881500,0.034,0.028,0.938
882000,0.069,0.000,0.931
882500,0.106,0.000,0.894
883000,0.036,0.013,0.951
883500,0.084,0.004,0.912
884000,0.059,0.004,0.937
884500,0.051,0.001,0.948
885000,0.049,0.001,0.950
885500,0.058,0.009,0.933
886000,0.076,0.000,0.924
886500,0.052,0.002,0.946
887000,0.044,0.023,0.933
887500,0.052,0.000,0.948
888000,0.076,0.000,0.924
888500,0.043,0.009,0.948
889000,0.082,0.003,0.915
889500,0.081,0.000,0.919
890000,0.054,0.000,0.946
890500,0.062,0.001,0.937
891000,0.080,0.002,0.918
891500,0.061,0.004,0.935
892000,0.063,0.000,0.937
892500,0.089,0.000,0.911
893000,0.052,0.031,0.917
893500,0.031,0.010,0.959
894000,0.076,0.006,0.918
894500,0.072,0.005,0.923
895000,0.053,0.009,0.938
895500,0.035,0.036,0.929
896000,0.056,0.007,0.937
896500,0.069,0.000,0.931
897000,0.060,0.009,0.931
897500,0.085,0.000,0.915
898000,0.068,0.016,0.916
898500,0.046,0.032,0.922
899000,0.093,0.001,0.906
899500,0.047,0.002,0.951
900000,0.051,0.014,0.935
900500,0.059,0.020,0.921
901000,0.042,0.038,0.920
901500,0.049,0.000,0.951
902000,0.068,0.008,0.924
902500,0.045,0.002,0.953
903000,0.053,0.012,0.935
903500,0.030,0.007,0.963
904000,0.064,0.010,0.926
904500,0.064,0.022,0.914
905000,0.059,0.010,0.931
905500,0.054,0.011,0.935
906000,0.038,0.037,0.925
906500,0.043,0.024,0.933
907000,0.057,0.000,0.943
907500,0.050,0.018,0.932
908000,0.091,0.012,0.897
908500,0.047,0.000,0.953
909000,0.045,0.007,0.948
909500,0.057,0.005,0.938
910000,0.070,0.000,0.930
910500,0.093,0.002,0.905
911000,0.084,0.000,0.916
911500,0.070,0.007,0.923
912000,0.033,0.003,0.964
912500,0.032,0.017,0.951
913000,0.067,0.001,0.932
913500,0.070,0.020,0.910
914000,0.094,0.000,0.906
914500,0.055,0.009,0.936
915000,0.063,0.000,0.937
915500,0.055,0.000,0.945
916000,0.044,0.000,0.956
916500,0.045,0.003,0.952
917000,0.089,0.001,0.910
917500,0.072,0.007,0.921
918000,0.079,0.008,0.913
918500,0.068,0.000,0.932
919000,0.043,0.019,0.938
919500,0.073,0.000,0.927
920000,0.049,0.010,0.941
920500,0.050,0.009,0.941
921000,0.054,0.008,0.938
921500,0.047,0.013,0.940
922000,0.064,0.000,0.936
922500,0.066,0.030,0.904
923000,0.075,0.000,0.925
923500,0.047,0.000,0.953
924000,0.038,0.000,0.962
924500,0.067,0.009,0.924
925000,0.054,0.000,0.946
925500,0.076,0.006,0.918
926000,0.089,0.021,0.890
926500,0.057,0.015,0.928
927000,0.089,0.010,0.901
927500,0.118,0.001,0.881
928000,0.091,0.000,0.909
928500,0.088,0.014,0.898
929000,0.059,0.005,0.936
929500,0.057,0.010,0.933
930000,0.073,0.001,0.926
930500,0.072,0.012,0.916
931000,0.052,0.000,0.948
931500,0.043,0.012,0.945
932000,0.048,0.001,0.951
932500,0.049,0.012,0.939
933000,0.061,0.032,0.907
933500,0.056,0.003,0.941
934000,0.090,0.017,0.893
934500,0.037,0.024,0.939
935000,0.060,0.013,0.927
935500,0.061,0.001,0.938
936000,0.055,0.021,0.924
936500,0.055,0.008,0.937
937000,0.061,0.001,0.938
937500,0.082,0.004,0.914
938000,0.077,0.000,0.923
938500,0.057,0.002,0.941
939000,0.082,0.011,0.907
939500,0.074,0.001,0.925
940000,0.092,0.013,0.895
940500,0.040,0.005,0.955
941000,0.078,0.002,0.920
941500,0.063,0.001,0.936
942000,0.061,0.015,0.924
942500,0.066,0.000,0.934
943000,0.067,0.005,0.928
943500,0.053,0.011,0.936
944000,0.052,0.016,0.932
944500,0.066,0.000,0.934
945000,0.052,0.010,0.938
945500,0.088,0.000,0.912
946000,0.095,0.000,0.905
946500,0.064,0.016,0.920
947000,0.088,0.020,0.892
947500,0.063,0.001,0.936
948000,0.033,0.038,0.929
948500,0.053,0.030,0.917
949000,0.052,0.007,0.941
949500,0.055,0.012,0.933
950000,0.050,0.000,0.950
950500,0.060,0.030,0.910
951000,0.048,0.016,0.936
951500,0.038,0.001,0.961
952000,0.073,0.000,0.927
952500,0.041,0.017,0.942
953000,0.044,0.014,0.942
953500,0.050,0.028,0.922
954000,0.065,0.000,0.935
954500,0.044,0.042,0.914
955000,0.054,0.010,0.936
955500,0.057,0.015,0.928
956000,0.041,0.004,0.955
956500,0.064,0.000,0.936
957000,0.054,0.016,0.930
957500,0.050,0.001,0.949
958000,0.045,0.016,0.939
958500,0.058,0.006,0.936
959000,0.081,0.000,0.919
959500,0.044,0.000,0.956
960000,0.052,0.005,0.943
960500,0.053,0.011,0.936
961000,0.090,0.001,0.909
961500,0.062,0.000,0.938
962000,0.101,0.005,0.894
962500,0.032,0.006,0.962
963000,0.048,0.009,0.943
963500,0.046,0.007,0.947
964000,0.036,0.005,0.959
964500,0.062,0.000,0.938
965000,0.064,0.001,0.935
965500,0.062,0.006,0.932
966000,0.046,0.011,0.943
966500,0.041,0.004,0.955
967000,0.074,0.000,0.926
967500,0.104,0.000,0.896
968000,0.088,0.000,0.912
968500,0.046,0.002,0.952
969000,0.051,0.011,0.938
969500,0.046,0.018,0.936
970000,0.088,0.017,0.895
970500,0.049,0.000,0.951
971000,0.061,0.003,0.936
971500,0.072,0.000,0.928
972000,0.064,0.028,0.908
972500,0.058,0.016,0.926
973000,0.064,0.006,0.930
973500,0.056,0.001,0.943
974000,0.089,0.000,0.911
974500,0.048,0.016,0.936
975000,0.044,0.000,0.956
975500,0.075,0.000,0.925
976000,0.039,0.002,0.959
976500,0.062,0.014,0.924
977000,0.072,0.003,0.925
977500,0.055,0.018,0.927
978000,0.125,0.015,0.860
978500,0.117,0.000,0.883
979000,0.075,0.016,0.909
979500,0.049,0.012,0.939
980000,0.059,0.001,0.940
980500,0.069,0.000,0.931
981000,0.050,0.000,0.950
981500,0.050,0.000,0.950
982000,0.045,0.018,0.937
982500,0.098,0.017,0.885
983000,0.043,0.022,0.935
983500,0.045,0.006,0.949
984000,0.055,0.013,0.932
984500,0.085,0.006,0.909
985000,0.072,0.005,0.923
985500,0.072,0.017,0.911
986000,0.064,0.001,0.935
986500,0.030,0.009,0.961
987000,0.046,0.025,0.929
987500,0.073,0.002,0.925
988000,0.093,0.000,0.907
988500,0.040,0.036,0.924
989000,0.046,0.017,0.937
989500,0.032,0.030,0.938
990000,0.063,0.000,0.937
990500,0.070,0.000,0.930
991000,0.038,0.005,0.957
991500,0.134,0.000,0.866
992000,0.042,0.009,0.949
992500,0.068,0.019,0.913
993000,0.053,0.019,0.928
993500,0.086,0.000,0.914
994000,0.061,0.023,0.916
994500,0.040,0.056,0.904
995000,0.065,0.002,0.933
995500,0.050,0.009,0.941
996000,0.048,0.012,0.940
996500,0.035,0.027,0.938
997000,0.056,0.035,0.909
997500,0.104,0.002,0.894
998000,0.090,0.000,0.910
998500,0.055,0.000,0.945
999000,0.080,0.000,0.920
999500,0.059,0.022,0.919
1000000,0.042,0.017,0.941
