time,n_A+p,n_B,n_AB
500,0.080,0.875,0.045
1000,0.080,0.828,0.093
1500,0.080,0.768,0.152
2000,0.082,0.716,0.203
2500,0.082,0.667,0.251
3000,0.081,0.615,0.305
3500,0.083,0.548,0.369
4000,0.095,0.493,0.412
4500,0.096,0.450,0.455
5000,0.103,0.433,0.464
5500,0.107,0.422,0.470
6000,0.108,0.404,0.488
6500,0.117,0.391,0.492
7000,0.124,0.364,0.512
7500,0.138,0.323,0.539
8000,0.149,0.317,0.534
8500,0.152,0.293,0.554
9000,0.162,0.275,0.564
9500,0.172,0.241,0.586
10000,0.189,0.228,0.584
10500,0.186,0.220,0.595
11000,0.197,0.215,0.587
11500,0.193,0.206,0.600
12000,0.210,0.198,0.591
12500,0.227,0.166,0.607
13000,0.242,0.146,0.612
13500,0.264,0.131,0.605
14000,0.288,0.114,0.598
14500,0.320,0.101,0.580
15000,0.336,0.079,0.586
15500,0.350,0.077,0.573
16000,0.382,0.067,0.552
16500,0.404,0.051,0.545
17000,0.453,0.039,0.508
17500,0.485,0.032,0.482
18000,0.503,0.034,0.463
18500,0.516,0.026,0.458
19000,0.528,0.024,0.448
19500,0.562,0.013,0.425
20000,0.592,0.009,0.399
20500,0.593,0.009,0.399
21000,0.619,0.011,0.369
21500,0.612,0.011,0.377
22000,0.626,0.011,0.363
22500,0.635,0.006,0.358
23000,0.626,0.009,0.365
23500,0.642,0.004,0.354
24000,0.669,0.003,0.328
24500,0.665,0.002,0.333
25000,0.681,0.000,0.319
25500,0.669,0.000,0.331
26000,0.667,0.004,0.329
26500,0.676,0.004,0.320
27000,0.686,0.002,0.312
27500,0.696,0.002,0.303
28000,0.717,0.002,0.282
28500,0.729,0.003,0.269
29000,0.754,0.002,0.244
29500,0.759,0.002,0.239
30000,0.752,0.000,0.248
30500,0.742,0.000,0.258
31000,0.750,0.001,0.249
31500,0.762,0.001,0.237
32000,0.772,0.000,0.228
32500,0.797,0.000,0.203
33000,0.792,0.002,0.206
33500,0.772,0.001,0.227
34000,0.789,0.002,0.209
34500,0.774,0.002,0.224
35000,0.785,0.001,0.214
35500,0.781,0.000,0.219
36000,0.763,0.000,0.237
36500,0.741,0.002,0.258
37000,0.742,0.001,0.257
37500,0.738,0.001,0.261
38000,0.742,0.001,0.258
38500,0.732,0.001,0.268
39000,0.716,0.002,0.282
39500,0.720,0.003,0.278
40000,0.729,0.002,0.269
40500,0.748,0.003,0.249
41000,0.735,0.003,0.262
41500,0.738,0.006,0.256
42000,0.731,0.004,0.265
42500,0.718,0.004,0.279
43000,0.729,0.003,0.269
43500,0.726,0.001,0.273
44000,0.739,0.001,0.260
44500,0.746,0.001,0.254
45000,0.739,0.001,0.261
45500,0.747,0.002,0.251
46000,0.742,0.002,0.256
46500,0.723,0.002,0.276
47000,0.741,0.002,0.257
47500,0.775,0.001,0.224
48000,0.793,0.001,0.206
48500,0.795,0.000,0.205
49000,0.797,0.002,0.201
49500,0.801,0.001,0.198
50000,0.790,0.000,0.210
50500,0.772,0.000,0.228
51000,0.773,0.002,0.225
51500,0.780,0.003,0.217
52000,0.788,0.003,0.209
52500,0.806,0.001,0.193
53000,0.815,0.001,0.185
53500,0.828,0.001,0.172
54000,0.837,0.000,0.163
54500,0.838,0.000,0.162
55000,0.833,0.000,0.167
55500,0.830,0.000,0.170
56000,0.832,0.000,0.168
56500,0.831,0.000,0.169
57000,0.834,0.000,0.166
57500,0.834,0.000,0.166
58000,0.832,0.000,0.168
58500,0.820,0.000,0.180
59000,0.813,0.002,0.185
59500,0.827,0.001,0.172
60000,0.820,0.001,0.179
60500,0.811,0.001,0.188
61000,0.813,0.001,0.187
61500,0.813,0.000,0.187
62000,0.830,0.000,0.170
62500,0.829,0.002,0.170
63000,0.825,0.000,0.175
63500,0.831,0.000,0.169
64000,0.831,0.000,0.169
64500,0.809,0.002,0.189
65000,0.788,0.001,0.211
65500,0.776,0.000,0.224
66000,0.798,0.000,0.202
66500,0.811,0.000,0.189
67000,0.817,0.000,0.183
67500,0.823,0.001,0.177
68000,0.840,0.001,0.160
68500,0.849,0.001,0.151
69000,0.851,0.001,0.149
69500,0.849,0.001,0.151
70000,0.839,0.001,0.161
70500,0.847,0.001,0.153
71000,0.862,0.001,0.138
71500,0.859,0.001,0.141
72000,0.858,0.000,0.142
72500,0.848,0.000,0.152
73000,0.837,0.000,0.163
73500,0.819,0.000,0.181
74000,0.821,0.002,0.178
74500,0.815,0.000,0.185
75000,0.816,0.000,0.184
75500,0.813,0.000,0.187
76000,0.822,0.000,0.178
76500,0.818,0.000,0.182
77000,0.806,0.000,0.194
77500,0.813,0.000,0.187
78000,0.816,0.000,0.184
78500,0.810,0.000,0.190
79000,0.792,0.000,0.208
79500,0.798,0.000,0.202
80000,0.784,0.000,0.216
80500,0.783,0.000,0.217
81000,0.775,0.000,0.225
81500,0.772,0.000,0.228
82000,0.773,0.000,0.227
82500,0.789,0.002,0.209
83000,0.796,0.001,0.203
83500,0.787,0.000,0.213
84000,0.795,0.002,0.203
84500,0.806,0.001,0.193
85000,0.807,0.001,0.192
85500,0.810,0.002,0.188
86000,0.819,0.000,0.181
86500,0.818,0.000,0.182
87000,0.815,0.000,0.185
87500,0.819,0.000,0.181
88000,0.826,0.000,0.174
88500,0.815,0.002,0.183
89000,0.809,0.001,0.190
89500,0.810,0.000,0.190
90000,0.816,0.000,0.184
90500,0.823,0.000,0.177
91000,0.815,0.000,0.185
91500,0.831,0.000,0.169
92000,0.827,0.000,0.173
92500,0.806,0.000,0.194
93000,0.803,0.000,0.197
93500,0.810,0.000,0.190
94000,0.799,0.000,0.201
94500,0.791,0.002,0.207
95000,0.785,0.001,0.214
95500,0.783,0.000,0.217
96000,0.782,0.002,0.216
96500,0.798,0.002,0.200
97000,0.798,0.002,0.200
97500,0.807,0.001,0.192
98000,0.789,0.000,0.211
98500,0.773,0.000,0.227
99000,0.773,0.000,0.227
99500,0.772,0.000,0.228
100000,0.788,0.001,0.211
100500,0.804,0.001,0.195
101000,0.797,0.001,0.202
101500,0.797,0.000,0.203
102000,0.816,0.002,0.183
102500,0.816,0.001,0.183
103000,0.820,0.001,0.179
103500,0.809,0.000,0.191
104000,0.798,0.000,0.202
104500,0.805,0.000,0.195
105000,0.803,0.002,0.195
105500,0.810,0.000,0.190
106000,0.817,0.000,0.183
106500,0.810,0.000,0.190
107000,0.821,0.000,0.179
107500,0.817,0.000,0.183
108000,0.818,0.000,0.182
108500,0.817,0.000,0.183
109000,0.823,0.000,0.177
109500,0.828,0.000,0.172
110000,0.837,0.000,0.163
110500,0.829,0.000,0.171
111000,0.846,0.000,0.154
111500,0.851,0.000,0.149
112000,0.854,0.000,0.146
112500,0.843,0.000,0.157
113000,0.856,0.000,0.144
113500,0.836,0.000,0.164
114000,0.833,0.000,0.167
114500,0.837,0.000,0.163
115000,0.833,0.000,0.167
115500,0.826,0.000,0.174
116000,0.828,0.000,0.172
116500,0.835,0.000,0.165
117000,0.838,0.000,0.162
117500,0.831,0.000,0.169
118000,0.835,0.000,0.165
118500,0.829,0.000,0.171
119000,0.811,0.000,0.189
119500,0.799,0.000,0.201
120000,0.789,0.000,0.211
120500,0.790,0.000,0.210
121000,0.789,0.000,0.211
121500,0.780,0.000,0.220
122000,0.793,0.000,0.207
122500,0.784,0.000,0.216
123000,0.778,0.000,0.222
123500,0.790,0.000,0.210
124000,0.800,0.000,0.200
124500,0.794,0.000,0.206
125000,0.784,0.000,0.216
125500,0.788,0.000,0.212
126000,0.785,0.000,0.215
126500,0.787,0.000,0.213
127000,0.771,0.000,0.229
127500,0.771,0.000,0.229
128000,0.800,0.000,0.200
128500,0.815,0.000,0.185
129000,0.820,0.000,0.180
129500,0.830,0.000,0.170
130000,0.824,0.000,0.176
130500,0.820,0.000,0.180
131000,0.830,0.000,0.170
131500,0.826,0.000,0.174
132000,0.823,0.000,0.177
132500,0.801,0.000,0.199
133000,0.829,0.000,0.171
133500,0.839,0.000,0.161
134000,0.838,0.000,0.162
134500,0.819,0.000,0.181
135000,0.812,0.000,0.188
135500,0.817,0.002,0.181
136000,0.814,0.002,0.185
136500,0.806,0.002,0.192
137000,0.807,0.002,0.191
137500,0.795,0.002,0.203
138000,0.799,0.001,0.200
138500,0.799,0.000,0.201
139000,0.804,0.001,0.195
139500,0.820,0.001,0.180
140000,0.809,0.001,0.190
140500,0.806,0.001,0.193
141000,0.818,0.001,0.182
141500,0.820,0.000,0.180
142000,0.813,0.000,0.187
142500,0.797,0.000,0.203
143000,0.800,0.000,0.200
143500,0.784,0.000,0.216
144000,0.779,0.000,0.221
144500,0.780,0.001,0.219
145000,0.793,0.000,0.207
145500,0.786,0.000,0.214
146000,0.771,0.002,0.227
146500,0.769,0.003,0.228
147000,0.786,0.002,0.212
147500,0.778,0.000,0.222
148000,0.770,0.001,0.229
148500,0.784,0.001,0.215
149000,0.786,0.001,0.213
149500,0.793,0.000,0.207
150000,0.778,0.000,0.222
150500,0.785,0.000,0.215
151000,0.783,0.000,0.217
151500,0.781,0.000,0.219
152000,0.781,0.000,0.219
152500,0.780,0.000,0.220
153000,0.793,0.000,0.207
153500,0.797,0.000,0.203
154000,0.785,0.000,0.215
154500,0.779,0.000,0.221
155000,0.802,0.000,0.198
155500,0.808,0.000,0.192
156000,0.797,0.000,0.203
156500,0.783,0.000,0.217
157000,0.798,0.000,0.202
157500,0.809,0.000,0.191
158000,0.814,0.001,0.185
158500,0.817,0.001,0.183
159000,0.806,0.001,0.193
159500,0.807,0.000,0.193
160000,0.794,0.000,0.206
160500,0.798,0.000,0.202
161000,0.800,0.000,0.200
161500,0.788,0.000,0.212
162000,0.797,0.000,0.203
162500,0.817,0.000,0.183
163000,0.817,0.000,0.183
163500,0.805,0.000,0.195
164000,0.807,0.002,0.191
164500,0.797,0.001,0.202
165000,0.792,0.001,0.207
165500,0.808,0.001,0.191
166000,0.800,0.001,0.199
166500,0.800,0.001,0.199
167000,0.788,0.001,0.211
167500,0.783,0.001,0.216
168000,0.781,0.002,0.217
168500,0.781,0.002,0.217
169000,0.785,0.002,0.213
169500,0.782,0.001,0.217
170000,0.801,0.000,0.199
170500,0.802,0.002,0.196
171000,0.808,0.001,0.191
171500,0.804,0.001,0.195
172000,0.787,0.000,0.213
172500,0.800,0.000,0.200
173000,0.794,0.000,0.206
173500,0.806,0.000,0.194
174000,0.809,0.000,0.191
174500,0.796,0.002,0.202
175000,0.807,0.002,0.191
175500,0.800,0.000,0.200
176000,0.796,0.000,0.204
176500,0.802,0.000,0.198
177000,0.811,0.000,0.189
177500,0.801,0.000,0.199
178000,0.787,0.000,0.213
178500,0.781,0.000,0.219
179000,0.799,0.000,0.201
179500,0.794,0.000,0.206
180000,0.795,0.000,0.205
180500,0.788,0.000,0.212
181000,0.792,0.000,0.208
181500,0.800,0.000,0.200
182000,0.802,0.000,0.198
182500,0.804,0.000,0.196
183000,0.804,0.002,0.194
183500,0.817,0.002,0.182
184000,0.810,0.001,0.189
184500,0.798,0.000,0.202
185000,0.805,0.000,0.195
185500,0.820,0.000,0.180
186000,0.834,0.000,0.166
186500,0.833,0.000,0.167
187000,0.829,0.000,0.171
187500,0.831,0.000,0.169
188000,0.814,0.000,0.186
188500,0.833,0.000,0.167
189000,0.845,0.000,0.155
189500,0.839,0.000,0.161
190000,0.829,0.000,0.171
190500,0.835,0.000,0.165
191000,0.814,0.000,0.186
191500,0.821,0.000,0.179
192000,0.815,0.000,0.185
192500,0.808,0.000,0.192
193000,0.810,0.000,0.190
193500,0.805,0.000,0.195
194000,0.818,0.000,0.182
194500,0.829,0.000,0.171
195000,0.841,0.000,0.159
195500,0.837,0.000,0.163
196000,0.843,0.000,0.157
196500,0.847,0.000,0.153
197000,0.847,0.000,0.153
197500,0.843,0.000,0.157
198000,0.852,0.000,0.148
198500,0.846,0.000,0.154
199000,0.860,0.000,0.140
199500,0.848,0.000,0.152
200000,0.857,0.000,0.143
200500,0.859,0.000,0.141
201000,0.866,0.000,0.134
201500,0.860,0.000,0.140
202000,0.856,0.000,0.144
202500,0.847,0.000,0.153
203000,0.840,0.000,0.160
203500,0.844,0.000,0.156
204000,0.848,0.000,0.152
204500,0.839,0.000,0.161
205000,0.850,0.000,0.150
205500,0.864,0.000,0.136
206000,0.856,0.000,0.144
206500,0.849,0.000,0.151
207000,0.845,0.000,0.155
207500,0.840,0.000,0.160
208000,0.846,0.000,0.154
208500,0.840,0.000,0.160
209000,0.852,0.000,0.148
209500,0.850,0.000,0.150
210000,0.847,0.000,0.153
210500,0.854,0.000,0.146
211000,0.849,0.000,0.151
211500,0.857,0.000,0.143
212000,0.866,0.000,0.134
212500,0.866,0.000,0.134
213000,0.871,0.000,0.129
213500,0.877,0.000,0.123
214000,0.878,0.000,0.122
214500,0.874,0.000,0.126
215000,0.884,0.000,0.116
215500,0.890,0.000,0.110
216000,0.899,0.000,0.101
216500,0.894,0.000,0.106
217000,0.882,0.000,0.118
217500,0.863,0.000,0.137
218000,0.871,0.002,0.128
218500,0.862,0.000,0.138
219000,0.853,0.000,0.147
219500,0.859,0.000,0.141
220000,0.864,0.000,0.136
220500,0.883,0.000,0.117
221000,0.868,0.000,0.132
221500,0.868,0.000,0.132
222000,0.869,0.000,0.131
222500,0.872,0.000,0.128
223000,0.866,0.000,0.134
223500,0.857,0.002,0.141
224000,0.850,0.002,0.148
224500,0.843,0.002,0.156
225000,0.843,0.001,0.156
225500,0.839,0.001,0.161
226000,0.844,0.000,0.156
226500,0.843,0.000,0.157
227000,0.828,0.000,0.172
227500,0.847,0.000,0.153
228000,0.846,0.000,0.154
228500,0.846,0.000,0.154
229000,0.853,0.000,0.147
229500,0.849,0.000,0.151
230000,0.847,0.000,0.153
230500,0.845,0.000,0.155
231000,0.856,0.000,0.144
231500,0.864,0.000,0.136
232000,0.866,0.000,0.134
232500,0.868,0.000,0.132
233000,0.875,0.000,0.125
233500,0.874,0.000,0.126
234000,0.876,0.000,0.124
234500,0.869,0.000,0.131
235000,0.876,0.000,0.124
235500,0.870,0.000,0.130
236000,0.861,0.000,0.139
236500,0.859,0.000,0.141
237000,0.840,0.000,0.160
237500,0.861,0.000,0.139
238000,0.875,0.000,0.125
238500,0.868,0.000,0.132
239000,0.858,0.000,0.142
239500,0.854,0.000,0.146
240000,0.841,0.000,0.159
240500,0.834,0.000,0.166
241000,0.837,0.000,0.163
241500,0.838,0.000,0.162
242000,0.829,0.000,0.171
242500,0.817,0.000,0.183
243000,0.832,0.000,0.168
243500,0.824,0.002,0.175
244000,0.833,0.001,0.167
244500,0.829,0.000,0.171
245000,0.828,0.000,0.172
245500,0.829,0.000,0.171
246000,0.832,0.000,0.168
246500,0.826,0.000,0.174
247000,0.834,0.000,0.166
247500,0.818,0.000,0.182
248000,0.808,0.000,0.192
248500,0.814,0.000,0.186
249000,0.810,0.002,0.188
249500,0.790,0.002,0.208
250000,0.803,0.002,0.195
250500,0.806,0.002,0.192
251000,0.801,0.001,0.198
251500,0.823,0.000,0.177
252000,0.816,0.000,0.184
252500,0.824,0.000,0.176
253000,0.818,0.002,0.180
253500,0.817,0.003,0.180
254000,0.810,0.001,0.189
254500,0.803,0.000,0.197
255000,0.815,0.000,0.185
255500,0.808,0.000,0.192
256000,0.817,0.000,0.183
256500,0.819,0.002,0.180
257000,0.803,0.001,0.196
257500,0.824,0.002,0.175
258000,0.822,0.001,0.178
258500,0.816,0.000,0.184
259000,0.825,0.000,0.175
259500,0.823,0.000,0.177
260000,0.821,0.000,0.179
260500,0.815,0.000,0.185
261000,0.801,0.000,0.199
261500,0.807,0.000,0.193
262000,0.817,0.000,0.183
262500,0.807,0.000,0.193
263000,0.806,0.000,0.194
263500,0.805,0.000,0.195
264000,0.793,0.000,0.207
264500,0.794,0.000,0.206
265000,0.791,0.000,0.209
265500,0.805,0.001,0.194
266000,0.787,0.001,0.212
266500,0.784,0.002,0.214
267000,0.779,0.001,0.220
267500,0.772,0.001,0.227
268000,0.776,0.000,0.224
268500,0.785,0.000,0.215
269000,0.779,0.000,0.221
269500,0.792,0.000,0.208
270000,0.792,0.000,0.208
270500,0.785,0.000,0.215
271000,0.791,0.000,0.209
271500,0.795,0.000,0.205
272000,0.800,0.000,0.200
272500,0.804,0.000,0.196
273000,0.817,0.000,0.183
273500,0.802,0.000,0.198
274000,0.774,0.000,0.226
274500,0.788,0.000,0.212
275000,0.790,0.000,0.210
275500,0.801,0.000,0.199
276000,0.810,0.000,0.190
276500,0.816,0.002,0.183
277000,0.822,0.003,0.175
277500,0.833,0.002,0.166
278000,0.835,0.001,0.164
278500,0.833,0.001,0.166
279000,0.839,0.001,0.161
279500,0.841,0.000,0.159
280000,0.849,0.002,0.149
280500,0.853,0.001,0.146
281000,0.842,0.000,0.158
281500,0.847,0.000,0.153
282000,0.859,0.000,0.141
282500,0.851,0.000,0.149
283000,0.848,0.000,0.152
283500,0.855,0.000,0.145
284000,0.859,0.000,0.141
284500,0.860,0.000,0.140
285000,0.861,0.000,0.139
285500,0.845,0.000,0.155
286000,0.829,0.000,0.171
286500,0.821,0.000,0.179
287000,0.828,0.000,0.172
287500,0.812,0.000,0.188
288000,0.804,0.000,0.196
288500,0.795,0.000,0.205
289000,0.772,0.000,0.228
289500,0.776,0.000,0.224
290000,0.769,0.000,0.231
290500,0.771,0.000,0.229
291000,0.779,0.001,0.220
291500,0.779,0.001,0.220
292000,0.766,0.000,0.234
292500,0.747,0.000,0.253
293000,0.732,0.001,0.267
293500,0.740,0.001,0.259
294000,0.738,0.005,0.257
294500,0.727,0.004,0.269
295000,0.713,0.002,0.286
295500,0.711,0.003,0.287
296000,0.696,0.001,0.303
296500,0.705,0.000,0.295
297000,0.702,0.000,0.298
297500,0.699,0.001,0.300
298000,0.664,0.000,0.336
298500,0.674,0.002,0.324
299000,0.687,0.001,0.312
299500,0.695,0.001,0.304
300000,0.709,0.001,0.291
300500,0.737,0.001,0.263
301000,0.756,0.000,0.244
301500,0.748,0.000,0.252
302000,0.763,0.000,0.237
302500,0.767,0.000,0.233
303000,0.766,0.002,0.232
303500,0.766,0.001,0.233
304000,0.765,0.000,0.235
304500,0.764,0.000,0.236
305000,0.773,0.000,0.227
305500,0.753,0.000,0.247
306000,0.750,0.000,0.250
306500,0.762,0.000,0.238
307000,0.786,0.001,0.213
307500,0.787,0.001,0.212
308000,0.801,0.000,0.199
308500,0.804,0.000,0.196
309000,0.815,0.000,0.185
309500,0.817,0.000,0.183
310000,0.826,0.000,0.174
310500,0.826,0.000,0.174
311000,0.815,0.000,0.185
311500,0.822,0.000,0.178
312000,0.826,0.000,0.174
312500,0.826,0.000,0.174
313000,0.835,0.000,0.165
313500,0.838,0.000,0.162
314000,0.825,0.000,0.175
314500,0.819,0.000,0.181
315000,0.814,0.000,0.186
315500,0.814,0.000,0.186
316000,0.815,0.000,0.185
316500,0.808,0.000,0.192
317000,0.819,0.000,0.181
317500,0.831,0.000,0.169
318000,0.827,0.000,0.173
318500,0.822,0.000,0.178
319000,0.831,0.000,0.169
319500,0.816,0.000,0.184
320000,0.820,0.000,0.180
320500,0.826,0.000,0.174
321000,0.826,0.000,0.174
321500,0.809,0.000,0.191
322000,0.828,0.002,0.170
322500,0.826,0.000,0.174
323000,0.822,0.002,0.177
323500,0.816,0.001,0.184
324000,0.810,0.000,0.190
324500,0.812,0.002,0.186
325000,0.808,0.002,0.190
325500,0.782,0.002,0.216
326000,0.786,0.002,0.212
326500,0.781,0.001,0.218
327000,0.768,0.001,0.231
327500,0.778,0.001,0.221
328000,0.791,0.001,0.208
328500,0.816,0.000,0.184
329000,0.821,0.000,0.179
329500,0.817,0.000,0.183
330000,0.835,0.000,0.165
330500,0.849,0.000,0.151
331000,0.841,0.000,0.159
331500,0.853,0.000,0.147
332000,0.854,0.000,0.146
332500,0.863,0.000,0.137
333000,0.860,0.000,0.140
333500,0.871,0.000,0.129
334000,0.854,0.000,0.146
334500,0.829,0.000,0.171
335000,0.824,0.000,0.176
335500,0.820,0.000,0.180
336000,0.840,0.000,0.160
336500,0.850,0.000,0.150
337000,0.841,0.000,0.159
337500,0.836,0.000,0.164
338000,0.848,0.000,0.152
338500,0.842,0.000,0.158
339000,0.861,0.000,0.139
339500,0.848,0.000,0.152
340000,0.833,0.000,0.167
340500,0.818,0.000,0.182
341000,0.816,0.000,0.184
341500,0.830,0.001,0.170
342000,0.837,0.001,0.163
342500,0.827,0.000,0.173
343000,0.823,0.000,0.177
343500,0.813,0.000,0.187
344000,0.819,0.000,0.181
344500,0.820,0.000,0.180
345000,0.819,0.000,0.181
345500,0.822,0.000,0.178
346000,0.808,0.000,0.192
346500,0.818,0.000,0.182
347000,0.821,0.000,0.179
347500,0.818,0.000,0.182
348000,0.819,0.000,0.181
348500,0.825,0.000,0.175
349000,0.834,0.000,0.166
349500,0.833,0.000,0.167
350000,0.826,0.004,0.171
350500,0.803,0.002,0.195
351000,0.812,0.001,0.186
351500,0.820,0.002,0.179
352000,0.817,0.001,0.182
352500,0.817,0.001,0.182
353000,0.815,0.000,0.185
353500,0.818,0.000,0.182
354000,0.832,0.000,0.168
354500,0.821,0.000,0.179
355000,0.810,0.002,0.188
355500,0.794,0.002,0.204
356000,0.790,0.001,0.209
356500,0.789,0.000,0.211
357000,0.784,0.000,0.216
357500,0.788,0.000,0.212
358000,0.791,0.000,0.209
358500,0.781,0.001,0.218
359000,0.792,0.001,0.207
359500,0.798,0.000,0.202
360000,0.791,0.002,0.207
360500,0.786,0.000,0.214
361000,0.784,0.000,0.216
361500,0.776,0.000,0.224
362000,0.786,0.001,0.213
362500,0.790,0.001,0.209
363000,0.798,0.001,0.201
363500,0.799,0.001,0.200
364000,0.813,0.000,0.187
364500,0.826,0.000,0.174
365000,0.847,0.000,0.153
365500,0.848,0.000,0.152
366000,0.855,0.000,0.145
366500,0.853,0.000,0.147
367000,0.868,0.000,0.132
367500,0.863,0.000,0.137
368000,0.869,0.000,0.131
368500,0.864,0.000,0.136
369000,0.869,0.000,0.131
369500,0.874,0.000,0.126
370000,0.867,0.000,0.133
370500,0.869,0.000,0.131
371000,0.876,0.000,0.124
371500,0.878,0.000,0.122
372000,0.868,0.002,0.131
372500,0.872,0.002,0.127
373000,0.875,0.001,0.125
373500,0.867,0.002,0.131
374000,0.852,0.001,0.148
374500,0.846,0.002,0.152
375000,0.855,0.001,0.144
375500,0.845,0.000,0.155
376000,0.849,0.000,0.151
376500,0.846,0.000,0.154
377000,0.850,0.000,0.150
377500,0.855,0.000,0.145
378000,0.856,0.000,0.144
378500,0.850,0.000,0.150
379000,0.831,0.000,0.169
379500,0.859,0.000,0.141
380000,0.868,0.001,0.132
380500,0.872,0.001,0.128
381000,0.869,0.000,0.131
381500,0.881,0.000,0.119
382000,0.875,0.000,0.125
382500,0.875,0.000,0.125
383000,0.861,0.000,0.139
383500,0.854,0.000,0.146
384000,0.867,0.000,0.133
384500,0.864,0.000,0.136
385000,0.859,0.000,0.141
385500,0.855,0.000,0.145
386000,0.854,0.000,0.146
386500,0.857,0.000,0.143
387000,0.855,0.000,0.145
387500,0.859,0.000,0.141
388000,0.865,0.000,0.135
388500,0.849,0.000,0.151
389000,0.855,0.000,0.145
389500,0.844,0.000,0.156
390000,0.847,0.000,0.153
390500,0.844,0.002,0.155
391000,0.844,0.001,0.156
391500,0.855,0.001,0.145
392000,0.861,0.000,0.139
392500,0.858,0.000,0.142
393000,0.856,0.000,0.144
393500,0.846,0.000,0.154
394000,0.833,0.000,0.167
394500,0.823,0.000,0.177
395000,0.834,0.000,0.166
395500,0.838,0.000,0.162
396000,0.840,0.000,0.160
396500,0.845,0.000,0.155
397000,0.849,0.000,0.151
397500,0.853,0.000,0.147
398000,0.853,0.000,0.147
398500,0.847,0.000,0.153
399000,0.830,0.000,0.170
399500,0.834,0.000,0.166
400000,0.825,0.000,0.175
400500,0.829,0.000,0.171
401000,0.832,0.000,0.168
401500,0.849,0.000,0.151
402000,0.855,0.000,0.145
402500,0.851,0.000,0.149
403000,0.848,0.000,0.152
403500,0.840,0.000,0.160
404000,0.851,0.000,0.149
404500,0.837,0.000,0.163
405000,0.837,0.000,0.163
405500,0.821,0.000,0.179
406000,0.822,0.001,0.178
406500,0.833,0.001,0.167
407000,0.811,0.001,0.188
407500,0.809,0.001,0.190
408000,0.800,0.000,0.200
408500,0.810,0.000,0.190
409000,0.815,0.000,0.185
409500,0.829,0.000,0.171
410000,0.805,0.000,0.195
410500,0.813,0.000,0.187
411000,0.819,0.000,0.181
411500,0.823,0.000,0.177
412000,0.817,0.000,0.183
412500,0.799,0.000,0.201
413000,0.803,0.000,0.197
413500,0.802,0.000,0.198
414000,0.810,0.000,0.190
414500,0.808,0.000,0.192
415000,0.799,0.000,0.201
415500,0.810,0.000,0.190
416000,0.816,0.000,0.184
416500,0.802,0.000,0.198
417000,0.807,0.002,0.191
417500,0.815,0.001,0.184
418000,0.815,0.001,0.184
418500,0.829,0.000,0.171
419000,0.833,0.000,0.167
419500,0.840,0.000,0.160
420000,0.846,0.000,0.154
420500,0.847,0.000,0.153
421000,0.841,0.000,0.159
421500,0.835,0.000,0.165
422000,0.845,0.000,0.155
422500,0.862,0.000,0.138
423000,0.869,0.000,0.131
423500,0.866,0.000,0.134
424000,0.864,0.000,0.136
424500,0.858,0.000,0.142
425000,0.854,0.002,0.144
425500,0.853,0.001,0.147
426000,0.850,0.001,0.150
426500,0.858,0.000,0.142
427000,0.885,0.000,0.115
427500,0.890,0.000,0.110
428000,0.903,0.000,0.097
428500,0.902,0.000,0.098
429000,0.887,0.000,0.113
429500,0.865,0.000,0.135
430000,0.863,0.000,0.137
430500,0.864,0.000,0.136
431000,0.873,0.000,0.127
431500,0.867,0.000,0.133
432000,0.876,0.002,0.122
432500,0.868,0.002,0.131
433000,0.878,0.003,0.119
433500,0.886,0.001,0.113
434000,0.885,0.000,0.115
434500,0.893,0.000,0.107
435000,0.875,0.000,0.125
435500,0.861,0.000,0.139
436000,0.849,0.000,0.151
436500,0.853,0.000,0.147
437000,0.851,0.000,0.149
437500,0.850,0.000,0.150
438000,0.849,0.000,0.151
438500,0.841,0.000,0.159
439000,0.842,0.000,0.158
439500,0.846,0.000,0.154
440000,0.852,0.000,0.148
440500,0.847,0.000,0.153
441000,0.849,0.000,0.151
441500,0.839,0.000,0.161
442000,0.846,0.002,0.153
442500,0.835,0.001,0.164
443000,0.826,0.001,0.173
443500,0.821,0.001,0.179
444000,0.818,0.000,0.182
444500,0.827,0.000,0.173
445000,0.842,0.000,0.158
445500,0.851,0.000,0.149
446000,0.853,0.000,0.147
446500,0.847,0.000,0.153
447000,0.845,0.000,0.155
447500,0.836,0.000,0.164
448000,0.824,0.000,0.176
448500,0.835,0.000,0.165
449000,0.845,0.000,0.155
449500,0.863,0.000,0.137
450000,0.859,0.000,0.141
450500,0.862,0.000,0.138
451000,0.861,0.000,0.139
451500,0.875,0.000,0.125
452000,0.867,0.000,0.133
452500,0.866,0.000,0.134
453000,0.852,0.000,0.148
453500,0.856,0.000,0.144
454000,0.864,0.000,0.136
454500,0.850,0.000,0.150
455000,0.842,0.000,0.158
455500,0.831,0.001,0.168
456000,0.848,0.000,0.152
456500,0.843,0.000,0.157
457000,0.843,0.000,0.157
457500,0.823,0.000,0.177
458000,0.816,0.000,0.184
458500,0.825,0.000,0.175
459000,0.825,0.000,0.175
459500,0.816,0.000,0.184
460000,0.798,0.000,0.202
460500,0.779,0.000,0.221
461000,0.770,0.000,0.230
461500,0.783,0.000,0.217
462000,0.779,0.000,0.221
462500,0.785,0.000,0.215
463000,0.781,0.000,0.219
463500,0.777,0.000,0.223
464000,0.763,0.002,0.235
464500,0.758,0.001,0.241
465000,0.759,0.000,0.241
465500,0.771,0.000,0.229
466000,0.778,0.000,0.222
466500,0.782,0.000,0.218
467000,0.784,0.000,0.216
467500,0.784,0.000,0.216
468000,0.801,0.000,0.199
468500,0.799,0.000,0.201
469000,0.787,0.000,0.213
469500,0.773,0.000,0.227
470000,0.773,0.001,0.226
470500,0.757,0.000,0.243
471000,0.748,0.000,0.252
471500,0.733,0.000,0.267
472000,0.749,0.000,0.251
472500,0.747,0.000,0.253
473000,0.754,0.000,0.246
473500,0.764,0.002,0.234
474000,0.752,0.002,0.246
474500,0.760,0.000,0.240
475000,0.765,0.000,0.235
475500,0.760,0.000,0.240
476000,0.759,0.002,0.239
476500,0.766,0.001,0.233
477000,0.774,0.001,0.225
477500,0.781,0.001,0.218
478000,0.769,0.001,0.230
478500,0.767,0.001,0.232
479000,0.756,0.001,0.243
479500,0.753,0.001,0.246
480000,0.767,0.001,0.232
480500,0.769,0.001,0.230
481000,0.775,0.002,0.223
481500,0.794,0.002,0.204
482000,0.794,0.001,0.205
482500,0.789,0.001,0.210
483000,0.794,0.001,0.205
483500,0.792,0.000,0.208
484000,0.785,0.000,0.215
484500,0.783,0.000,0.217
485000,0.787,0.000,0.213
485500,0.790,0.000,0.210
486000,0.809,0.000,0.191
486500,0.823,0.000,0.177
487000,0.838,0.000,0.162
487500,0.818,0.000,0.182
488000,0.819,0.000,0.181
488500,0.828,0.000,0.172
489000,0.824,0.000,0.176
489500,0.803,0.000,0.197
490000,0.796,0.000,0.204
490500,0.799,0.000,0.201
491000,0.796,0.000,0.204
491500,0.805,0.000,0.195
492000,0.809,0.000,0.191
492500,0.796,0.000,0.204
493000,0.784,0.000,0.216
493500,0.807,0.000,0.193
494000,0.796,0.000,0.204
494500,0.801,0.000,0.199
495000,0.807,0.000,0.193
495500,0.811,0.002,0.186
496000,0.819,0.002,0.180
496500,0.824,0.001,0.175
497000,0.821,0.001,0.179
497500,0.814,0.000,0.186
498000,0.822,0.000,0.178
498500,0.818,0.000,0.182
499000,0.826,0.000,0.174
499500,0.812,0.000,0.188
500000,0.802,0.001,0.197
500500,0.804,0.001,0.195
501000,0.816,0.001,0.184
501500,0.831,0.000,0.169
502000,0.810,0.000,0.190
502500,0.818,0.002,0.180
503000,0.810,0.001,0.189
503500,0.823,0.000,0.177
504000,0.854,0.000,0.146
504500,0.843,0.000,0.157
505000,0.856,0.000,0.144
505500,0.848,0.000,0.152
506000,0.851,0.000,0.149
506500,0.854,0.000,0.146
507000,0.844,0.000,0.156
507500,0.842,0.000,0.158
508000,0.847,0.000,0.153
508500,0.854,0.000,0.146
509000,0.859,0.000,0.141
509500,0.873,0.000,0.127
510000,0.865,0.000,0.135
510500,0.863,0.000,0.137
511000,0.857,0.000,0.143
511500,0.868,0.000,0.132
512000,0.863,0.000,0.137
512500,0.838,0.000,0.162
513000,0.831,0.000,0.169
513500,0.826,0.000,0.174
514000,0.826,0.000,0.174
514500,0.811,0.000,0.189
515000,0.817,0.000,0.183
515500,0.810,0.000,0.190
516000,0.817,0.000,0.183
516500,0.809,0.000,0.191
517000,0.817,0.000,0.183
517500,0.806,0.000,0.194
518000,0.801,0.000,0.199
518500,0.802,0.000,0.198
519000,0.801,0.000,0.199
519500,0.816,0.000,0.184
520000,0.817,0.000,0.183
520500,0.834,0.000,0.166
521000,0.841,0.000,0.159
521500,0.847,0.000,0.153
522000,0.848,0.000,0.152
522500,0.853,0.000,0.147
523000,0.858,0.000,0.142
523500,0.857,0.000,0.143
524000,0.859,0.001,0.140
524500,0.863,0.001,0.137
525000,0.866,0.000,0.134
525500,0.862,0.000,0.138
526000,0.863,0.000,0.137
526500,0.858,0.000,0.142
527000,0.872,0.000,0.128
527500,0.864,0.000,0.136
528000,0.854,0.000,0.146
528500,0.856,0.000,0.144
529000,0.861,0.000,0.139
529500,0.853,0.000,0.147
530000,0.856,0.000,0.144
530500,0.842,0.000,0.158
531000,0.840,0.002,0.159
531500,0.843,0.002,0.156
532000,0.843,0.001,0.156
532500,0.851,0.001,0.149
533000,0.854,0.000,0.146
533500,0.841,0.000,0.159
534000,0.834,0.000,0.166
534500,0.835,0.001,0.164
535000,0.829,0.000,0.171
535500,0.828,0.000,0.172
536000,0.800,0.000,0.200
536500,0.785,0.000,0.215
537000,0.779,0.002,0.219
537500,0.768,0.001,0.231
538000,0.768,0.000,0.232
538500,0.767,0.002,0.231
539000,0.760,0.001,0.239
539500,0.770,0.000,0.230
540000,0.787,0.000,0.213
540500,0.779,0.001,0.220
541000,0.777,0.001,0.222
541500,0.787,0.000,0.213
542000,0.798,0.000,0.202
542500,0.796,0.000,0.204
543000,0.801,0.000,0.199
543500,0.791,0.000,0.209
544000,0.786,0.000,0.214
544500,0.793,0.000,0.207
545000,0.791,0.000,0.209
545500,0.796,0.000,0.204
546000,0.778,0.000,0.222
546500,0.797,0.000,0.203
547000,0.795,0.000,0.205
547500,0.811,0.000,0.189
548000,0.809,0.001,0.190
548500,0.809,0.001,0.190
549000,0.814,0.000,0.186
549500,0.807,0.000,0.193
550000,0.810,0.000,0.190
550500,0.817,0.000,0.183
551000,0.808,0.002,0.190
551500,0.813,0.001,0.186
552000,0.822,0.001,0.177
552500,0.818,0.000,0.182
553000,0.809,0.000,0.191
553500,0.803,0.000,0.197
554000,0.812,0.000,0.188
554500,0.829,0.000,0.171
555000,0.821,0.000,0.179
555500,0.817,0.000,0.183
556000,0.814,0.000,0.186
556500,0.842,0.000,0.158
557000,0.846,0.000,0.154
557500,0.856,0.000,0.144
558000,0.852,0.000,0.148
558500,0.853,0.000,0.147
559000,0.845,0.000,0.155
559500,0.852,0.000,0.148
560000,0.841,0.000,0.159
560500,0.843,0.000,0.157
561000,0.826,0.000,0.174
561500,0.839,0.001,0.160
562000,0.837,0.002,0.162
562500,0.834,0.002,0.164
563000,0.838,0.000,0.162
563500,0.843,0.000,0.157
564000,0.842,0.000,0.158
564500,0.829,0.000,0.171
565000,0.820,0.000,0.180
565500,0.823,0.002,0.175
566000,0.817,0.001,0.182
566500,0.809,0.001,0.190
567000,0.795,0.000,0.205
567500,0.774,0.000,0.226
568000,0.781,0.000,0.219
568500,0.761,0.000,0.239
569000,0.770,0.000,0.230
569500,0.772,0.000,0.228
570000,0.788,0.000,0.212
570500,0.787,0.000,0.213
571000,0.793,0.000,0.207
571500,0.793,0.000,0.207
572000,0.800,0.000,0.200
572500,0.815,0.002,0.184
573000,0.831,0.001,0.169
573500,0.831,0.001,0.169
574000,0.822,0.002,0.177
574500,0.820,0.001,0.180
575000,0.812,0.000,0.188
575500,0.812,0.000,0.188
576000,0.826,0.000,0.174
576500,0.821,0.000,0.179
577000,0.827,0.000,0.173
577500,0.826,0.000,0.174
578000,0.820,0.000,0.180
578500,0.834,0.000,0.166
579000,0.827,0.000,0.173
579500,0.834,0.000,0.166
580000,0.839,0.000,0.161
580500,0.839,0.000,0.161
581000,0.832,0.000,0.168
581500,0.836,0.000,0.164
582000,0.836,0.000,0.164
582500,0.821,0.000,0.179
583000,0.818,0.000,0.182
583500,0.805,0.000,0.195
584000,0.809,0.000,0.191
584500,0.813,0.000,0.187
585000,0.797,0.000,0.203
585500,0.805,0.000,0.195
586000,0.831,0.002,0.167
586500,0.831,0.000,0.169
587000,0.814,0.000,0.186
587500,0.830,0.000,0.170
588000,0.838,0.000,0.162
588500,0.830,0.000,0.170
589000,0.851,0.002,0.148
589500,0.846,0.001,0.153
590000,0.835,0.001,0.165
590500,0.838,0.001,0.162
591000,0.841,0.000,0.159
591500,0.821,0.000,0.179
592000,0.831,0.000,0.169
592500,0.820,0.000,0.180
593000,0.836,0.000,0.164
593500,0.836,0.000,0.164
594000,0.829,0.000,0.171
594500,0.825,0.000,0.175
595000,0.826,0.000,0.174
595500,0.829,0.002,0.169
596000,0.840,0.001,0.159
596500,0.831,0.000,0.169
597000,0.818,0.000,0.182
597500,0.825,0.000,0.175
598000,0.826,0.000,0.174
598500,0.824,0.000,0.176
599000,0.836,0.000,0.164
599500,0.818,0.000,0.182
600000,0.808,0.000,0.192
600500,0.822,0.000,0.178
601000,0.794,0.000,0.206
601500,0.798,0.000,0.202
602000,0.810,0.000,0.190
602500,0.818,0.000,0.182
603000,0.831,0.000,0.169
603500,0.848,0.000,0.152
604000,0.833,0.000,0.167
604500,0.826,0.000,0.174
605000,0.828,0.000,0.172
605500,0.828,0.000,0.172
606000,0.836,0.004,0.161
606500,0.844,0.001,0.155
607000,0.834,0.001,0.166
607500,0.844,0.001,0.156
608000,0.837,0.001,0.163
608500,0.837,0.001,0.163
609000,0.839,0.000,0.161
609500,0.829,0.002,0.169
610000,0.823,0.001,0.177
610500,0.833,0.001,0.167
611000,0.825,0.001,0.175
611500,0.827,0.000,0.173
612000,0.820,0.001,0.179
612500,0.808,0.001,0.191
613000,0.807,0.000,0.193
613500,0.808,0.000,0.192
614000,0.816,0.000,0.184
614500,0.829,0.000,0.171
615000,0.828,0.000,0.172
615500,0.830,0.000,0.170
616000,0.829,0.000,0.171
616500,0.829,0.000,0.171
617000,0.838,0.000,0.162
617500,0.824,0.000,0.176
618000,0.822,0.000,0.178
618500,0.804,0.000,0.196
619000,0.788,0.002,0.210
619500,0.779,0.002,0.219
620000,0.789,0.000,0.211
620500,0.799,0.000,0.201
621000,0.796,0.002,0.202
621500,0.801,0.001,0.198
622000,0.807,0.001,0.192
622500,0.816,0.000,0.184
623000,0.807,0.000,0.193
623500,0.805,0.000,0.195
624000,0.827,0.000,0.173
624500,0.816,0.000,0.184
625000,0.804,0.000,0.196
625500,0.807,0.002,0.191
626000,0.810,0.001,0.189
626500,0.790,0.000,0.210
627000,0.820,0.000,0.180
627500,0.816,0.001,0.183
628000,0.821,0.001,0.179
628500,0.832,0.000,0.168
629000,0.837,0.000,0.163
629500,0.823,0.002,0.175
630000,0.827,0.001,0.172
630500,0.839,0.001,0.160
631000,0.855,0.001,0.145
631500,0.859,0.001,0.141
632000,0.853,0.001,0.147
632500,0.856,0.001,0.144
633000,0.867,0.001,0.133
633500,0.847,0.000,0.153
634000,0.851,0.000,0.149
634500,0.843,0.000,0.157
635000,0.839,0.000,0.161
635500,0.836,0.000,0.164
636000,0.837,0.000,0.163
636500,0.836,0.000,0.164
637000,0.838,0.000,0.162
637500,0.852,0.000,0.148
638000,0.846,0.000,0.154
638500,0.852,0.000,0.148
639000,0.849,0.000,0.151
639500,0.848,0.000,0.152
640000,0.849,0.000,0.151
640500,0.855,0.000,0.145
641000,0.872,0.000,0.128
641500,0.846,0.002,0.153
642000,0.846,0.002,0.153
642500,0.849,0.000,0.151
643000,0.851,0.001,0.148
643500,0.856,0.001,0.143
644000,0.869,0.000,0.131
644500,0.862,0.000,0.138
645000,0.848,0.000,0.152
645500,0.845,0.000,0.155
646000,0.845,0.000,0.155
646500,0.856,0.000,0.144
647000,0.858,0.000,0.142
647500,0.850,0.000,0.150
648000,0.854,0.001,0.145
648500,0.856,0.000,0.144
649000,0.863,0.000,0.137
649500,0.865,0.000,0.135
650000,0.871,0.000,0.129
650500,0.859,0.000,0.141
651000,0.858,0.000,0.142
651500,0.853,0.000,0.147
652000,0.848,0.000,0.152
652500,0.831,0.000,0.169
653000,0.820,0.000,0.180
653500,0.826,0.000,0.174
654000,0.816,0.000,0.184
654500,0.812,0.000,0.188
655000,0.809,0.000,0.191
655500,0.812,0.000,0.188
656000,0.815,0.000,0.185
656500,0.825,0.000,0.175
657000,0.822,0.000,0.178
657500,0.804,0.000,0.196
658000,0.804,0.000,0.196
658500,0.810,0.000,0.190
659000,0.792,0.002,0.206
659500,0.803,0.001,0.196
660000,0.796,0.001,0.203
660500,0.796,0.003,0.201
661000,0.794,0.001,0.205
661500,0.785,0.001,0.214
662000,0.804,0.001,0.195
662500,0.776,0.001,0.223
663000,0.773,0.000,0.227
663500,0.785,0.000,0.215
664000,0.782,0.000,0.218
664500,0.783,0.000,0.217
665000,0.785,0.000,0.215
665500,0.800,0.001,0.199
666000,0.795,0.001,0.204
666500,0.807,0.001,0.192
667000,0.805,0.001,0.194
667500,0.799,0.001,0.200
668000,0.821,0.000,0.179
668500,0.827,0.000,0.173
669000,0.828,0.000,0.172
669500,0.818,0.000,0.182
670000,0.815,0.000,0.185
670500,0.815,0.000,0.185
671000,0.801,0.000,0.199
671500,0.800,0.000,0.200
672000,0.789,0.000,0.211
672500,0.794,0.000,0.206
673000,0.783,0.000,0.217
673500,0.770,0.000,0.230
674000,0.756,0.000,0.244
674500,0.760,0.000,0.240
675000,0.763,0.002,0.235
675500,0.742,0.001,0.257
676000,0.750,0.001,0.249
676500,0.757,0.000,0.243
677000,0.741,0.000,0.259
677500,0.741,0.004,0.255
678000,0.749,0.003,0.248
678500,0.754,0.003,0.243
679000,0.764,0.001,0.235
679500,0.767,0.001,0.232
680000,0.772,0.001,0.227
680500,0.800,0.001,0.199
681000,0.811,0.001,0.188
681500,0.808,0.002,0.190
682000,0.807,0.001,0.192
682500,0.811,0.001,0.188
683000,0.810,0.001,0.189
683500,0.813,0.001,0.187
684000,0.794,0.001,0.205
684500,0.810,0.001,0.189
685000,0.806,0.001,0.193
685500,0.814,0.001,0.186
686000,0.805,0.000,0.195
686500,0.814,0.000,0.186
687000,0.819,0.000,0.181
687500,0.818,0.000,0.182
688000,0.817,0.000,0.183
688500,0.810,0.002,0.188
689000,0.824,0.003,0.174
689500,0.814,0.002,0.184
690000,0.828,0.001,0.171
690500,0.828,0.003,0.170
691000,0.823,0.001,0.176
691500,0.829,0.001,0.171
692000,0.825,0.001,0.175
692500,0.833,0.000,0.167
693000,0.840,0.000,0.160
693500,0.828,0.000,0.172
694000,0.838,0.000,0.162
694500,0.836,0.000,0.164
695000,0.836,0.002,0.163
695500,0.822,0.002,0.177
696000,0.818,0.001,0.181
696500,0.832,0.001,0.167
697000,0.813,0.000,0.187
697500,0.802,0.002,0.196
698000,0.795,0.002,0.203
698500,0.770,0.001,0.229
699000,0.768,0.004,0.228
699500,0.752,0.007,0.240
700000,0.765,0.005,0.230
700500,0.769,0.004,0.227
701000,0.780,0.003,0.217
701500,0.780,0.001,0.219
702000,0.775,0.001,0.224
702500,0.774,0.002,0.224
703000,0.773,0.001,0.226
703500,0.778,0.000,0.222
704000,0.768,0.001,0.231
704500,0.747,0.002,0.251
705000,0.744,0.002,0.255
705500,0.750,0.001,0.249
706000,0.745,0.001,0.255
706500,0.762,0.001,0.237
707000,0.764,0.001,0.235
707500,0.766,0.000,0.234
708000,0.760,0.000,0.240
708500,0.781,0.000,0.219
709000,0.771,0.000,0.229
709500,0.773,0.001,0.226
710000,0.778,0.001,0.221
710500,0.786,0.000,0.214
711000,0.782,0.000,0.218
711500,0.781,0.000,0.219
712000,0.783,0.002,0.215
712500,0.786,0.002,0.212
713000,0.794,0.001,0.205
713500,0.796,0.000,0.204
714000,0.783,0.000,0.217
714500,0.795,0.000,0.205
715000,0.802,0.000,0.198
715500,0.800,0.000,0.200
716000,0.792,0.000,0.208
716500,0.796,0.001,0.203
717000,0.792,0.001,0.207
717500,0.800,0.000,0.200
718000,0.795,0.000,0.205
718500,0.787,0.000,0.213
719000,0.778,0.000,0.222
719500,0.779,0.000,0.221
720000,0.767,0.001,0.232
720500,0.759,0.003,0.238
721000,0.764,0.002,0.234
721500,0.770,0.001,0.229
722000,0.790,0.001,0.209
722500,0.799,0.001,0.200
723000,0.819,0.001,0.181
723500,0.797,0.000,0.203
724000,0.796,0.000,0.204
724500,0.807,0.000,0.193
725000,0.811,0.000,0.189
725500,0.812,0.000,0.188
726000,0.824,0.000,0.176
726500,0.835,0.000,0.165
727000,0.823,0.001,0.176
727500,0.852,0.001,0.147
728000,0.849,0.000,0.151
728500,0.845,0.000,0.155
729000,0.857,0.000,0.143
729500,0.848,0.000,0.152
730000,0.850,0.001,0.149
730500,0.853,0.001,0.147
731000,0.847,0.000,0.153
731500,0.832,0.000,0.168
732000,0.819,0.000,0.181
732500,0.819,0.000,0.181
733000,0.797,0.000,0.203
733500,0.805,0.000,0.195
734000,0.816,0.000,0.184
734500,0.835,0.000,0.165
735000,0.821,0.000,0.179
735500,0.811,0.000,0.189
736000,0.804,0.000,0.196
736500,0.807,0.000,0.193
737000,0.813,0.002,0.186
737500,0.810,0.001,0.189
738000,0.821,0.000,0.179
738500,0.815,0.000,0.185
739000,0.810,0.000,0.190
739500,0.820,0.000,0.180
740000,0.804,0.000,0.196
740500,0.820,0.000,0.180
741000,0.813,0.000,0.187
741500,0.796,0.000,0.204
742000,0.798,0.002,0.200
742500,0.815,0.001,0.185
743000,0.826,0.000,0.174
743500,0.810,0.000,0.190
744000,0.819,0.002,0.179
744500,0.814,0.002,0.185
745000,0.811,0.001,0.188
745500,0.822,0.001,0.178
746000,0.824,0.002,0.174
746500,0.812,0.002,0.185
747000,0.793,0.001,0.206
747500,0.807,0.001,0.192
748000,0.808,0.003,0.189
748500,0.821,0.002,0.178
749000,0.831,0.002,0.168
749500,0.836,0.001,0.164
750000,0.830,0.001,0.170
750500,0.834,0.001,0.166
751000,0.833,0.000,0.167
751500,0.832,0.000,0.168
752000,0.833,0.000,0.167
752500,0.841,0.000,0.159
753000,0.839,0.000,0.161
753500,0.844,0.000,0.156
754000,0.849,0.000,0.151
754500,0.853,0.000,0.147
755000,0.858,0.000,0.142
755500,0.845,0.000,0.155
756000,0.841,0.000,0.159
756500,0.841,0.000,0.159
757000,0.839,0.000,0.161
757500,0.835,0.002,0.163
758000,0.841,0.001,0.158
758500,0.832,0.000,0.168
759000,0.833,0.000,0.167
759500,0.840,0.000,0.160
760000,0.826,0.000,0.174
760500,0.828,0.000,0.172
761000,0.815,0.000,0.185
761500,0.814,0.000,0.186
762000,0.793,0.003,0.204
762500,0.805,0.001,0.194
763000,0.809,0.000,0.191
763500,0.810,0.002,0.188
764000,0.804,0.003,0.193
764500,0.793,0.002,0.205
765000,0.801,0.002,0.197
765500,0.799,0.001,0.200
766000,0.805,0.000,0.195
766500,0.802,0.001,0.197
767000,0.811,0.000,0.189
767500,0.796,0.000,0.204
768000,0.800,0.000,0.200
768500,0.815,0.000,0.185
769000,0.835,0.000,0.165
769500,0.848,0.000,0.152
770000,0.829,0.000,0.171
770500,0.835,0.000,0.165
771000,0.825,0.000,0.175
771500,0.821,0.001,0.178
772000,0.821,0.001,0.179
772500,0.818,0.000,0.182
773000,0.807,0.000,0.193
773500,0.805,0.000,0.195
774000,0.792,0.000,0.208
774500,0.804,0.000,0.196
775000,0.804,0.000,0.196
775500,0.824,0.000,0.176
776000,0.811,0.000,0.189
776500,0.801,0.000,0.199
777000,0.804,0.000,0.196
777500,0.811,0.000,0.189
778000,0.796,0.000,0.204
778500,0.787,0.000,0.213
779000,0.795,0.000,0.205
779500,0.786,0.000,0.214
780000,0.782,0.000,0.218
780500,0.791,0.000,0.209
781000,0.790,0.000,0.210
781500,0.806,0.000,0.194
782000,0.802,0.000,0.198
782500,0.822,0.000,0.178
783000,0.812,0.000,0.188
783500,0.827,0.000,0.173
784000,0.821,0.000,0.179
784500,0.806,0.000,0.194
785000,0.806,0.000,0.194
785500,0.808,0.000,0.192
786000,0.800,0.000,0.200
786500,0.796,0.002,0.202
787000,0.812,0.001,0.187
787500,0.826,0.000,0.174
788000,0.825,0.000,0.175
788500,0.809,0.002,0.189
789000,0.801,0.001,0.198
789500,0.807,0.000,0.193
790000,0.804,0.000,0.196
790500,0.791,0.001,0.208
791000,0.774,0.001,0.225
791500,0.784,0.002,0.214
792000,0.796,0.001,0.203
792500,0.785,0.000,0.215
793000,0.768,0.000,0.232
793500,0.767,0.002,0.231
794000,0.765,0.000,0.235
794500,0.775,0.000,0.225
795000,0.774,0.000,0.226
795500,0.776,0.000,0.224
796000,0.769,0.000,0.231
796500,0.769,0.004,0.227
797000,0.767,0.002,0.231
797500,0.771,0.001,0.228
798000,0.774,0.003,0.223
798500,0.765,0.003,0.232
799000,0.759,0.003,0.238
799500,0.770,0.000,0.230
800000,0.782,0.000,0.218
800500,0.783,0.000,0.217
801000,0.768,0.000,0.232
801500,0.760,0.000,0.240
802000,0.755,0.000,0.245
802500,0.774,0.000,0.226
803000,0.790,0.000,0.210
803500,0.782,0.000,0.218
804000,0.776,0.000,0.224
804500,0.783,0.000,0.217
805000,0.780,0.000,0.220
805500,0.775,0.000,0.225
806000,0.778,0.000,0.222
806500,0.779,0.000,0.221
807000,0.775,0.000,0.225
807500,0.780,0.000,0.220
808000,0.769,0.000,0.231
808500,0.784,0.000,0.216
809000,0.795,0.000,0.205
809500,0.809,0.000,0.191
810000,0.793,0.000,0.207
810500,0.773,0.000,0.227
811000,0.784,0.000,0.216
811500,0.790,0.003,0.207
812000,0.784,0.002,0.214
812500,0.787,0.001,0.212
813000,0.797,0.000,0.203
813500,0.801,0.000,0.199
814000,0.804,0.000,0.196
814500,0.800,0.000,0.200
815000,0.794,0.000,0.206
815500,0.801,0.000,0.199
816000,0.801,0.000,0.199
816500,0.799,0.000,0.201
817000,0.791,0.000,0.209
817500,0.786,0.000,0.214
818000,0.798,0.000,0.202
818500,0.803,0.000,0.197
819000,0.802,0.000,0.198
819500,0.813,0.000,0.187
820000,0.827,0.000,0.173
820500,0.846,0.000,0.154
821000,0.832,0.000,0.168
821500,0.835,0.000,0.165
822000,0.837,0.000,0.163
822500,0.833,0.000,0.167
823000,0.839,0.000,0.161
823500,0.840,0.000,0.160
824000,0.824,0.000,0.176
824500,0.826,0.000,0.174
825000,0.833,0.000,0.167
825500,0.829,0.000,0.171
826000,0.831,0.000,0.169
826500,0.824,0.000,0.176
827000,0.828,0.000,0.172
827500,0.826,0.000,0.174
828000,0.819,0.000,0.181
828500,0.818,0.000,0.182
829000,0.801,0.000,0.199
829500,0.808,0.000,0.192
830000,0.805,0.000,0.195
830500,0.817,0.000,0.183
831000,0.807,0.000,0.193
831500,0.799,0.000,0.201
832000,0.789,0.000,0.211
832500,0.802,0.000,0.198
833000,0.790,0.000,0.210
833500,0.793,0.000,0.207
834000,0.791,0.000,0.209
834500,0.792,0.000,0.208
835000,0.791,0.001,0.208
835500,0.800,0.001,0.199
836000,0.790,0.000,0.210
836500,0.807,0.000,0.193
837000,0.831,0.000,0.169
837500,0.824,0.000,0.176
838000,0.824,0.000,0.176
838500,0.835,0.000,0.165
839000,0.831,0.000,0.169
839500,0.838,0.000,0.162
840000,0.852,0.000,0.148
840500,0.852,0.000,0.148
841000,0.855,0.000,0.145
841500,0.868,0.000,0.132
842000,0.863,0.000,0.137
842500,0.863,0.000,0.137
843000,0.877,0.002,0.121
843500,0.871,0.001,0.128
844000,0.884,0.001,0.115
844500,0.868,0.001,0.131
845000,0.868,0.001,0.131
845500,0.866,0.001,0.134
846000,0.854,0.001,0.146
846500,0.862,0.000,0.138
847000,0.867,0.000,0.133
847500,0.862,0.000,0.138
848000,0.850,0.000,0.150
848500,0.864,0.000,0.136
849000,0.868,0.000,0.132
849500,0.873,0.000,0.127
850000,0.881,0.000,0.119
850500,0.877,0.000,0.123
851000,0.880,0.000,0.120
851500,0.890,0.000,0.110
852000,0.888,0.000,0.112
852500,0.865,0.000,0.135
853000,0.856,0.000,0.144
853500,0.850,0.000,0.150
854000,0.855,0.000,0.145
854500,0.855,0.000,0.145
855000,0.864,0.000,0.136
855500,0.860,0.000,0.140
856000,0.862,0.000,0.138
856500,0.863,0.000,0.137
857000,0.858,0.000,0.142
857500,0.871,0.000,0.129
858000,0.872,0.000,0.128
858500,0.877,0.000,0.123
859000,0.872,0.000,0.128
859500,0.876,0.000,0.124
860000,0.876,0.000,0.124
860500,0.873,0.000,0.127
861000,0.876,0.000,0.124
861500,0.865,0.000,0.135
862000,0.862,0.000,0.138
862500,0.852,0.000,0.148
863000,0.846,0.000,0.154
863500,0.842,0.000,0.158
864000,0.838,0.000,0.162
864500,0.842,0.000,0.158
865000,0.840,0.000,0.160
865500,0.840,0.000,0.160
866000,0.839,0.000,0.161
866500,0.831,0.000,0.169
867000,0.832,0.001,0.167
867500,0.824,0.001,0.176
868000,0.831,0.000,0.169
868500,0.844,0.000,0.156
869000,0.825,0.000,0.175
869500,0.837,0.000,0.163
870000,0.849,0.000,0.151
870500,0.840,0.000,0.160
871000,0.858,0.000,0.142
871500,0.873,0.000,0.127
872000,0.865,0.000,0.135
872500,0.850,0.000,0.150
873000,0.848,0.000,0.152
873500,0.860,0.000,0.140
874000,0.842,0.000,0.158
874500,0.830,0.000,0.170
875000,0.827,0.000,0.173
875500,0.820,0.000,0.180
876000,0.819,0.000,0.181
876500,0.812,0.000,0.188
877000,0.813,0.000,0.187
877500,0.830,0.000,0.170
878000,0.837,0.000,0.163
878500,0.840,0.000,0.160
879000,0.828,0.000,0.172
879500,0.837,0.000,0.163
880000,0.815,0.000,0.185
880500,0.814,0.000,0.186
881000,0.812,0.000,0.188
881500,0.813,0.000,0.187
882000,0.819,0.000,0.181
882500,0.829,0.000,0.171
883000,0.818,0.000,0.182
883500,0.809,0.000,0.191
884000,0.820,0.000,0.180
884500,0.821,0.001,0.179
885000,0.835,0.002,0.163
885500,0.845,0.003,0.153
886000,0.833,0.002,0.166
886500,0.843,0.001,0.156
887000,0.847,0.000,0.153
887500,0.852,0.000,0.148
888000,0.842,0.000,0.158
888500,0.829,0.000,0.171
889000,0.829,0.000,0.171
889500,0.820,0.000,0.180
890000,0.836,0.000,0.164
890500,0.845,0.000,0.155
891000,0.835,0.000,0.165
891500,0.835,0.000,0.165
892000,0.840,0.000,0.160
892500,0.825,0.000,0.175
893000,0.846,0.000,0.154
893500,0.856,0.000,0.144
894000,0.839,0.000,0.161
894500,0.847,0.000,0.153
895000,0.856,0.000,0.144
895500,0.862,0.000,0.138
896000,0.863,0.000,0.137
896500,0.873,0.000,0.127
897000,0.870,0.000,0.130
897500,0.868,0.000,0.132
898000,0.865,0.000,0.135
898500,0.843,0.000,0.157
899000,0.841,0.000,0.159
899500,0.835,0.000,0.165
900000,0.835,0.000,0.165
900500,0.825,0.000,0.175
901000,0.824,0.000,0.176
901500,0.831,0.000,0.169
902000,0.849,0.000,0.151
902500,0.854,0.000,0.146
903000,0.834,0.000,0.166
903500,0.848,0.000,0.152
904000,0.857,0.000,0.143
904500,0.858,0.000,0.142
905000,0.842,0.000,0.158
905500,0.823,0.000,0.177
906000,0.820,0.000,0.180
906500,0.825,0.000,0.175
907000,0.813,0.000,0.187
907500,0.817,0.000,0.183
908000,0.823,0.000,0.177
908500,0.817,0.000,0.183
909000,0.812,0.000,0.188
909500,0.808,0.000,0.192
910000,0.807,0.000,0.193
910500,0.816,0.000,0.184
911000,0.820,0.000,0.180
911500,0.830,0.000,0.170
912000,0.836,0.000,0.164
912500,0.836,0.000,0.164
913000,0.827,0.001,0.172
913500,0.801,0.000,0.199
914000,0.801,0.000,0.199
914500,0.792,0.000,0.208
915000,0.810,0.000,0.190
915500,0.805,0.000,0.195
916000,0.806,0.000,0.194
916500,0.797,0.000,0.203
917000,0.804,0.000,0.196
917500,0.806,0.000,0.194
918000,0.809,0.000,0.191
918500,0.809,0.000,0.191
919000,0.814,0.002,0.185
919500,0.797,0.001,0.202
920000,0.807,0.001,0.192
920500,0.800,0.001,0.199
921000,0.795,0.000,0.205
921500,0.784,0.002,0.214
922000,0.796,0.001,0.203
922500,0.810,0.001,0.189
923000,0.806,0.001,0.193
923500,0.822,0.001,0.178
924000,0.831,0.000,0.169
924500,0.829,0.000,0.171
925000,0.821,0.000,0.179
925500,0.815,0.000,0.185
926000,0.821,0.000,0.179
926500,0.840,0.000,0.160
927000,0.826,0.000,0.174
927500,0.800,0.000,0.200
928000,0.801,0.000,0.199
928500,0.792,0.000,0.208
929000,0.791,0.000,0.209
929500,0.800,0.000,0.200
930000,0.796,0.000,0.204
930500,0.783,0.001,0.216
931000,0.766,0.000,0.234
931500,0.741,0.000,0.259
932000,0.742,0.000,0.258
932500,0.760,0.000,0.240
933000,0.771,0.002,0.227
933500,0.763,0.002,0.235
934000,0.774,0.001,0.225
934500,0.781,0.000,0.219
935000,0.783,0.000,0.217
935500,0.775,0.002,0.223
936000,0.763,0.002,0.235
936500,0.767,0.002,0.231
937000,0.771,0.001,0.228
937500,0.780,0.004,0.216
938000,0.775,0.002,0.223
938500,0.761,0.001,0.238
939000,0.756,0.001,0.243
939500,0.758,0.003,0.239
940000,0.757,0.005,0.237
940500,0.765,0.004,0.231
941000,0.762,0.002,0.236
941500,0.761,0.003,0.236
942000,0.761,0.004,0.235
942500,0.778,0.002,0.220
943000,0.770,0.001,0.229
943500,0.786,0.000,0.214
944000,0.784,0.000,0.216
944500,0.783,0.000,0.217
945000,0.800,0.002,0.198
945500,0.796,0.003,0.201
946000,0.799,0.003,0.198
946500,0.811,0.001,0.188
947000,0.812,0.001,0.187
947500,0.800,0.000,0.200
948000,0.804,0.000,0.196
948500,0.810,0.000,0.190
949000,0.816,0.000,0.184
949500,0.812,0.000,0.188
950000,0.804,0.000,0.196
950500,0.808,0.000,0.192
951000,0.827,0.000,0.173
951500,0.848,0.000,0.152
952000,0.843,0.000,0.157
952500,0.833,0.000,0.167
953000,0.827,0.000,0.173
953500,0.830,0.000,0.170
954000,0.822,0.000,0.178
954500,0.823,0.000,0.177
955000,0.832,0.000,0.168
955500,0.848,0.000,0.152
956000,0.832,0.000,0.168
956500,0.821,0.000,0.179
957000,0.839,0.000,0.161
957500,0.841,0.000,0.159
958000,0.824,0.000,0.176
958500,0.828,0.000,0.172
959000,0.816,0.000,0.184
959500,0.814,0.000,0.186
960000,0.805,0.000,0.195
960500,0.799,0.000,0.201
961000,0.804,0.000,0.196
961500,0.809,0.000,0.191
962000,0.804,0.000,0.196
962500,0.813,0.000,0.187
963000,0.793,0.000,0.207
963500,0.813,0.000,0.187
964000,0.819,0.000,0.181
964500,0.839,0.000,0.161
965000,0.848,0.000,0.152
965500,0.847,0.000,0.153
966000,0.867,0.000,0.133
966500,0.855,0.000,0.145
967000,0.842,0.000,0.158
967500,0.844,0.000,0.156
968000,0.857,0.000,0.143
968500,0.849,0.000,0.151
969000,0.855,0.000,0.145
969500,0.844,0.000,0.156
970000,0.848,0.000,0.152
970500,0.847,0.000,0.153
971000,0.839,0.000,0.161
971500,0.808,0.000,0.192
972000,0.802,0.000,0.198
972500,0.797,0.001,0.202
973000,0.810,0.000,0.190
973500,0.810,0.000,0.190
974000,0.815,0.000,0.185
974500,0.816,0.000,0.184
975000,0.816,0.000,0.184
975500,0.829,0.000,0.171
976000,0.832,0.000,0.168
976500,0.838,0.000,0.162
977000,0.829,0.000,0.171
977500,0.831,0.000,0.169
978000,0.820,0.000,0.180
978500,0.808,0.000,0.192
979000,0.789,0.002,0.209
979500,0.791,0.001,0.208
980000,0.795,0.001,0.204
980500,0.795,0.001,0.204
981000,0.794,0.001,0.205
981500,0.805,0.000,0.195
982000,0.823,0.001,0.176
982500,0.826,0.001,0.173
983000,0.828,0.001,0.172
983500,0.823,0.001,0.177
984000,0.822,0.000,0.178
984500,0.820,0.000,0.180
985000,0.809,0.002,0.189
985500,0.814,0.002,0.185
986000,0.791,0.001,0.208
986500,0.789,0.001,0.210
987000,0.795,0.001,0.204
987500,0.785,0.001,0.214
988000,0.791,0.000,0.209
988500,0.791,0.000,0.209
989000,0.791,0.000,0.209
989500,0.783,0.000,0.217
990000,0.787,0.000,0.213
990500,0.790,0.000,0.210
991000,0.780,0.000,0.220
991500,0.792,0.000,0.208
992000,0.801,0.000,0.199
992500,0.809,0.002,0.189
993000,0.816,0.001,0.184
993500,0.822,0.000,0.178
994000,0.834,0.000,0.166
994500,0.839,0.000,0.161
995000,0.841,0.000,0.159
995500,0.847,0.000,0.153
996000,0.855,0.000,0.145
996500,0.843,0.000,0.157
997000,0.841,0.000,0.159
997500,0.839,0.000,0.161
998000,0.836,0.000,0.164
998500,0.822,0.000,0.178
999000,0.838,0.000,0.162
999500,0.850,0.000,0.150
1000000,0.846,0.000,0.154
