time,n_A+p,n_B,n_AB
500,0.080,0.801,0.119
1000,0.080,0.665,0.255
1500,0.080,0.530,0.390
2000,0.080,0.386,0.534
2500,0.080,0.262,0.658
3000,0.080,0.167,0.754
3500,0.082,0.119,0.799
4000,0.084,0.077,0.839
4500,0.094,0.057,0.850
5000,0.092,0.034,0.874
5500,0.095,0.030,0.875
6000,0.097,0.028,0.875
6500,0.093,0.021,0.886
7000,0.091,0.019,0.890
7500,0.090,0.017,0.892
8000,0.097,0.017,0.887
8500,0.104,0.012,0.884
9000,0.102,0.009,0.888
9500,0.102,0.015,0.884
10000,0.100,0.017,0.883
10500,0.096,0.013,0.891
11000,0.102,0.012,0.886
11500,0.095,0.015,0.890
12000,0.098,0.011,0.891
12500,0.098,0.011,0.891
13000,0.112,0.011,0.878
13500,0.101,0.017,0.883
14000,0.102,0.012,0.886
14500,0.108,0.011,0.881
15000,0.110,0.009,0.881
15500,0.114,0.007,0.879
16000,0.112,0.017,0.872
16500,0.104,0.013,0.883
17000,0.104,0.007,0.889
17500,0.101,0.004,0.896
18000,0.106,0.006,0.887
18500,0.098,0.017,0.886
19000,0.100,0.013,0.887
19500,0.104,0.015,0.882
20000,0.111,0.009,0.881
20500,0.106,0.018,0.876
21000,0.104,0.015,0.882
21500,0.103,0.011,0.885
22000,0.099,0.012,0.889
22500,0.094,0.015,0.891
23000,0.093,0.008,0.899
23500,0.100,0.011,0.889
24000,0.093,0.013,0.894
24500,0.099,0.015,0.886
25000,0.096,0.013,0.891
25500,0.099,0.015,0.886
26000,0.100,0.014,0.886
26500,0.098,0.011,0.892
27000,0.101,0.010,0.889
27500,0.095,0.011,0.895
28000,0.093,0.008,0.899
28500,0.104,0.017,0.880
29000,0.104,0.014,0.882
29500,0.110,0.011,0.879
30000,0.105,0.016,0.879
30500,0.098,0.017,0.885
31000,0.091,0.018,0.892
31500,0.092,0.017,0.890
32000,0.102,0.014,0.884
32500,0.102,0.015,0.882
33000,0.106,0.013,0.880
33500,0.101,0.017,0.882
34000,0.101,0.009,0.890
34500,0.096,0.014,0.890
35000,0.090,0.009,0.900
35500,0.104,0.007,0.889
36000,0.095,0.005,0.900
36500,0.102,0.008,0.890
37000,0.099,0.005,0.896
37500,0.097,0.012,0.891
38000,0.094,0.018,0.888
38500,0.097,0.016,0.887
39000,0.094,0.013,0.893
39500,0.102,0.012,0.886
40000,0.111,0.013,0.877
40500,0.106,0.007,0.886
41000,0.101,0.006,0.893
41500,0.101,0.007,0.892
42000,0.108,0.011,0.881
42500,0.105,0.011,0.884
43000,0.105,0.007,0.888
43500,0.103,0.006,0.890
44000,0.104,0.006,0.890
44500,0.100,0.009,0.892
45000,0.097,0.007,0.896
45500,0.094,0.011,0.895
46000,0.091,0.011,0.898
46500,0.096,0.009,0.895
47000,0.100,0.008,0.892
47500,0.102,0.009,0.889
48000,0.097,0.008,0.895
48500,0.098,0.012,0.890
49000,0.097,0.013,0.891
49500,0.095,0.011,0.894
50000,0.089,0.015,0.896
50500,0.099,0.012,0.889
51000,0.096,0.013,0.891
51500,0.092,0.007,0.901
52000,0.092,0.009,0.899
52500,0.089,0.005,0.906
53000,0.088,0.008,0.904
53500,0.098,0.011,0.892
54000,0.097,0.011,0.893
54500,0.101,0.004,0.896
55000,0.098,0.007,0.895
55500,0.102,0.009,0.889
56000,0.108,0.008,0.884
56500,0.108,0.013,0.880
57000,0.107,0.012,0.881
57500,0.105,0.011,0.883
58000,0.104,0.011,0.885
58500,0.104,0.013,0.883
59000,0.100,0.021,0.880
59500,0.098,0.018,0.884
60000,0.099,0.018,0.884
60500,0.096,0.023,0.881
61000,0.101,0.021,0.878
61500,0.107,0.011,0.881
62000,0.102,0.015,0.884
62500,0.100,0.014,0.886
63000,0.102,0.012,0.885
63500,0.104,0.009,0.887
64000,0.108,0.021,0.870
64500,0.099,0.030,0.871
65000,0.096,0.025,0.879
65500,0.090,0.020,0.889
66000,0.097,0.022,0.881
66500,0.090,0.022,0.887
67000,0.093,0.016,0.891
67500,0.092,0.013,0.894
68000,0.091,0.017,0.891
68500,0.096,0.016,0.888
69000,0.095,0.012,0.893
69500,0.102,0.009,0.889
70000,0.096,0.013,0.891
70500,0.097,0.014,0.889
71000,0.101,0.015,0.885
71500,0.105,0.019,0.876
72000,0.103,0.011,0.885
72500,0.100,0.009,0.892
73000,0.094,0.011,0.896
73500,0.101,0.013,0.886
74000,0.103,0.009,0.889
74500,0.102,0.009,0.889
75000,0.095,0.017,0.888
75500,0.097,0.016,0.887
76000,0.100,0.013,0.887
76500,0.099,0.011,0.890
77000,0.101,0.013,0.886
77500,0.099,0.011,0.891
78000,0.098,0.011,0.892
78500,0.098,0.006,0.896
79000,0.096,0.005,0.899
79500,0.100,0.011,0.890
80000,0.107,0.013,0.879
80500,0.108,0.009,0.883
81000,0.107,0.011,0.882
81500,0.102,0.011,0.886
82000,0.100,0.007,0.893
82500,0.111,0.005,0.884
83000,0.107,0.009,0.884
83500,0.108,0.015,0.877
84000,0.105,0.015,0.880
84500,0.106,0.012,0.882
85000,0.101,0.011,0.888
85500,0.099,0.006,0.895
86000,0.098,0.004,0.898
86500,0.101,0.010,0.889
87000,0.101,0.009,0.891
87500,0.101,0.013,0.886
88000,0.103,0.011,0.886
88500,0.104,0.009,0.887
89000,0.105,0.005,0.889
89500,0.102,0.009,0.889
90000,0.100,0.007,0.893
90500,0.104,0.011,0.884
91000,0.106,0.009,0.885
91500,0.113,0.009,0.878
92000,0.111,0.009,0.881
92500,0.112,0.015,0.873
93000,0.117,0.010,0.873
93500,0.113,0.009,0.878
94000,0.109,0.007,0.884
94500,0.111,0.007,0.882
95000,0.110,0.009,0.881
95500,0.104,0.007,0.889
96000,0.102,0.008,0.890
96500,0.098,0.005,0.897
97000,0.094,0.005,0.901
97500,0.097,0.004,0.900
98000,0.097,0.004,0.899
98500,0.108,0.007,0.884
99000,0.100,0.009,0.891
99500,0.098,0.011,0.892
100000,0.097,0.013,0.890
100500,0.107,0.013,0.880
101000,0.108,0.012,0.880
101500,0.108,0.011,0.882
102000,0.097,0.005,0.898
102500,0.100,0.007,0.893
103000,0.097,0.006,0.897
103500,0.098,0.007,0.895
104000,0.107,0.013,0.880
104500,0.102,0.010,0.888
105000,0.099,0.013,0.889
105500,0.095,0.012,0.893
106000,0.106,0.015,0.879
106500,0.112,0.013,0.875
107000,0.108,0.011,0.880
107500,0.105,0.017,0.878
108000,0.096,0.013,0.891
108500,0.101,0.017,0.883
109000,0.096,0.021,0.883
109500,0.096,0.018,0.886
110000,0.096,0.009,0.895
110500,0.096,0.014,0.890
111000,0.094,0.012,0.894
111500,0.093,0.009,0.897
112000,0.096,0.012,0.892
112500,0.100,0.009,0.891
113000,0.101,0.009,0.891
113500,0.099,0.020,0.881
114000,0.100,0.015,0.886
114500,0.102,0.016,0.882
115000,0.100,0.015,0.886
115500,0.103,0.015,0.883
116000,0.108,0.012,0.879
116500,0.100,0.013,0.887
117000,0.097,0.011,0.892
117500,0.100,0.007,0.893
118000,0.100,0.013,0.887
118500,0.101,0.018,0.882
119000,0.096,0.017,0.888
119500,0.099,0.015,0.886
120000,0.095,0.015,0.890
120500,0.098,0.018,0.885
121000,0.097,0.013,0.890
121500,0.100,0.010,0.890
122000,0.099,0.008,0.893
122500,0.099,0.011,0.890
123000,0.097,0.015,0.888
123500,0.098,0.011,0.891
124000,0.099,0.015,0.886
124500,0.102,0.016,0.882
125000,0.106,0.013,0.881
125500,0.105,0.013,0.882
126000,0.102,0.012,0.886
126500,0.098,0.018,0.885
127000,0.091,0.011,0.897
127500,0.092,0.009,0.898
128000,0.104,0.013,0.883
128500,0.105,0.009,0.885
129000,0.101,0.010,0.889
129500,0.105,0.007,0.887
130000,0.102,0.013,0.884
130500,0.102,0.013,0.886
131000,0.105,0.007,0.888
131500,0.106,0.007,0.886
132000,0.104,0.007,0.889
132500,0.102,0.007,0.891
133000,0.101,0.007,0.892
133500,0.096,0.010,0.894
134000,0.098,0.011,0.892
134500,0.098,0.009,0.894
135000,0.102,0.009,0.890
135500,0.101,0.008,0.891
136000,0.106,0.007,0.886
136500,0.097,0.009,0.894
137000,0.093,0.010,0.897
137500,0.097,0.009,0.895
138000,0.101,0.011,0.888
138500,0.097,0.013,0.891
139000,0.098,0.013,0.890
139500,0.102,0.013,0.886
140000,0.106,0.014,0.879
140500,0.103,0.014,0.882
141000,0.104,0.013,0.884
141500,0.105,0.013,0.882
142000,0.105,0.015,0.880
142500,0.102,0.011,0.888
143000,0.105,0.011,0.883
143500,0.108,0.015,0.877
144000,0.105,0.010,0.885
144500,0.098,0.009,0.893
145000,0.095,0.009,0.897
145500,0.098,0.007,0.895
146000,0.100,0.011,0.890
146500,0.107,0.012,0.880
147000,0.110,0.011,0.879
147500,0.106,0.013,0.881
148000,0.102,0.015,0.882
148500,0.101,0.013,0.887
149000,0.101,0.013,0.886
149500,0.099,0.011,0.890
150000,0.096,0.009,0.895
150500,0.096,0.011,0.894
151000,0.097,0.018,0.885
151500,0.102,0.019,0.879
152000,0.104,0.013,0.882
152500,0.103,0.021,0.876
153000,0.102,0.013,0.885
153500,0.100,0.018,0.882
154000,0.104,0.016,0.880
154500,0.110,0.013,0.877
155000,0.102,0.011,0.886
155500,0.100,0.006,0.894
156000,0.102,0.010,0.887
156500,0.099,0.019,0.882
157000,0.101,0.021,0.878
157500,0.104,0.018,0.878
158000,0.103,0.017,0.880
158500,0.111,0.011,0.878
159000,0.109,0.009,0.882
159500,0.107,0.006,0.886
160000,0.105,0.011,0.885
160500,0.100,0.009,0.891
161000,0.099,0.015,0.886
161500,0.095,0.015,0.890
162000,0.099,0.011,0.890
162500,0.104,0.015,0.882
163000,0.105,0.014,0.881
163500,0.105,0.013,0.882
164000,0.103,0.009,0.887
164500,0.102,0.006,0.892
165000,0.102,0.007,0.891
165500,0.100,0.011,0.890
166000,0.096,0.009,0.895
166500,0.097,0.015,0.889
167000,0.093,0.013,0.893
167500,0.090,0.009,0.900
168000,0.088,0.012,0.899
168500,0.093,0.005,0.901
169000,0.102,0.006,0.892
169500,0.100,0.007,0.893
170000,0.101,0.011,0.888
170500,0.107,0.016,0.876
171000,0.105,0.011,0.884
171500,0.106,0.007,0.886
172000,0.106,0.007,0.886
172500,0.102,0.009,0.889
173000,0.103,0.010,0.887
173500,0.101,0.009,0.890
174000,0.103,0.007,0.889
174500,0.096,0.011,0.893
175000,0.107,0.015,0.878
175500,0.106,0.015,0.880
176000,0.110,0.019,0.871
176500,0.099,0.011,0.891
177000,0.106,0.013,0.880
177500,0.100,0.016,0.884
178000,0.092,0.010,0.897
178500,0.087,0.010,0.903
179000,0.097,0.007,0.896
179500,0.096,0.013,0.892
180000,0.096,0.009,0.895
180500,0.098,0.008,0.894
181000,0.095,0.006,0.899
181500,0.093,0.006,0.901
182000,0.102,0.011,0.888
182500,0.104,0.008,0.887
183000,0.104,0.007,0.888
183500,0.104,0.013,0.883
184000,0.096,0.015,0.889
184500,0.110,0.012,0.878
185000,0.110,0.007,0.883
185500,0.105,0.011,0.883
186000,0.101,0.011,0.888
186500,0.102,0.013,0.884
187000,0.099,0.011,0.891
187500,0.108,0.009,0.884
188000,0.100,0.009,0.891
188500,0.097,0.009,0.894
189000,0.099,0.011,0.891
189500,0.107,0.015,0.877
190000,0.112,0.012,0.876
190500,0.111,0.009,0.880
191000,0.104,0.011,0.886
191500,0.101,0.009,0.891
192000,0.104,0.015,0.880
192500,0.099,0.009,0.892
193000,0.100,0.005,0.895
193500,0.101,0.009,0.891
194000,0.103,0.008,0.889
194500,0.101,0.011,0.889
195000,0.102,0.011,0.887
195500,0.103,0.007,0.889
196000,0.100,0.010,0.890
196500,0.098,0.013,0.890
197000,0.098,0.013,0.889
197500,0.104,0.009,0.887
198000,0.096,0.009,0.896
198500,0.096,0.015,0.890
199000,0.098,0.015,0.887
199500,0.105,0.013,0.882
200000,0.107,0.011,0.882
200500,0.100,0.009,0.891
201000,0.099,0.013,0.888
201500,0.109,0.008,0.883
202000,0.102,0.011,0.888
202500,0.104,0.006,0.890
203000,0.096,0.014,0.890
203500,0.101,0.013,0.886
204000,0.095,0.014,0.891
204500,0.108,0.013,0.880
205000,0.106,0.009,0.886
205500,0.101,0.015,0.885
206000,0.091,0.015,0.894
206500,0.093,0.009,0.899
207000,0.100,0.007,0.893
207500,0.099,0.009,0.892
208000,0.108,0.009,0.883
208500,0.112,0.013,0.875
209000,0.111,0.009,0.880
209500,0.108,0.009,0.882
210000,0.110,0.007,0.883
210500,0.113,0.011,0.876
211000,0.107,0.010,0.883
211500,0.102,0.007,0.891
212000,0.100,0.009,0.891
212500,0.099,0.011,0.890
213000,0.096,0.011,0.893
213500,0.093,0.015,0.892
214000,0.094,0.021,0.885
214500,0.093,0.018,0.889
215000,0.095,0.014,0.891
215500,0.092,0.012,0.895
216000,0.091,0.013,0.896
216500,0.090,0.014,0.895
217000,0.098,0.009,0.893
217500,0.105,0.015,0.881
218000,0.095,0.011,0.895
218500,0.096,0.006,0.898
219000,0.094,0.007,0.899
219500,0.090,0.006,0.903
220000,0.092,0.009,0.898
220500,0.096,0.009,0.895
221000,0.097,0.012,0.891
221500,0.098,0.012,0.890
222000,0.093,0.015,0.891
222500,0.101,0.015,0.884
223000,0.102,0.008,0.889
223500,0.108,0.015,0.878
224000,0.102,0.015,0.883
224500,0.095,0.013,0.892
225000,0.098,0.018,0.884
225500,0.107,0.011,0.883
226000,0.103,0.009,0.888
226500,0.108,0.004,0.888
227000,0.104,0.009,0.887
227500,0.102,0.008,0.890
228000,0.100,0.009,0.891
228500,0.102,0.014,0.883
229000,0.104,0.020,0.876
229500,0.105,0.017,0.877
230000,0.104,0.014,0.881
230500,0.102,0.010,0.888
231000,0.100,0.009,0.891
231500,0.093,0.015,0.892
232000,0.097,0.019,0.884
232500,0.099,0.018,0.883
233000,0.100,0.014,0.886
233500,0.096,0.010,0.894
234000,0.095,0.013,0.893
234500,0.096,0.010,0.894
235000,0.096,0.006,0.898
235500,0.098,0.008,0.894
236000,0.103,0.010,0.887
236500,0.101,0.016,0.883
237000,0.103,0.013,0.884
237500,0.102,0.011,0.888
238000,0.106,0.009,0.884
238500,0.116,0.011,0.873
239000,0.114,0.013,0.873
239500,0.108,0.011,0.882
240000,0.108,0.010,0.882
240500,0.102,0.015,0.883
241000,0.101,0.011,0.888
241500,0.102,0.016,0.881
242000,0.101,0.013,0.886
242500,0.101,0.009,0.890
243000,0.103,0.010,0.887
243500,0.099,0.010,0.891
244000,0.105,0.013,0.882
244500,0.101,0.013,0.887
245000,0.098,0.014,0.888
245500,0.099,0.011,0.891
246000,0.096,0.007,0.897
246500,0.098,0.009,0.894
247000,0.097,0.011,0.893
247500,0.100,0.009,0.892
248000,0.091,0.008,0.901
248500,0.098,0.009,0.893
249000,0.101,0.009,0.890
249500,0.092,0.007,0.900
250000,0.094,0.013,0.893
250500,0.099,0.018,0.884
251000,0.096,0.016,0.888
251500,0.094,0.017,0.890
252000,0.091,0.011,0.898
252500,0.092,0.006,0.901
253000,0.099,0.011,0.890
253500,0.096,0.014,0.890
254000,0.092,0.011,0.898
254500,0.093,0.011,0.895
255000,0.104,0.014,0.881
255500,0.106,0.018,0.877
256000,0.099,0.013,0.888
256500,0.095,0.009,0.897
257000,0.099,0.009,0.892
257500,0.100,0.009,0.891
258000,0.101,0.009,0.890
258500,0.097,0.012,0.891
259000,0.108,0.006,0.886
259500,0.112,0.006,0.882
260000,0.108,0.008,0.883
260500,0.103,0.011,0.887
261000,0.104,0.006,0.889
261500,0.096,0.007,0.897
262000,0.100,0.011,0.889
262500,0.100,0.010,0.890
263000,0.105,0.007,0.887
263500,0.108,0.017,0.875
264000,0.110,0.016,0.874
264500,0.114,0.023,0.863
265000,0.110,0.018,0.873
265500,0.102,0.021,0.878
266000,0.100,0.015,0.885
266500,0.104,0.011,0.885
267000,0.110,0.011,0.880
267500,0.106,0.013,0.882
268000,0.102,0.015,0.883
268500,0.105,0.013,0.882
269000,0.104,0.015,0.881
269500,0.106,0.018,0.875
270000,0.100,0.013,0.887
270500,0.099,0.021,0.880
271000,0.096,0.012,0.892
271500,0.097,0.009,0.895
272000,0.098,0.011,0.892
272500,0.109,0.010,0.881
273000,0.108,0.009,0.883
273500,0.100,0.009,0.891
274000,0.093,0.005,0.901
274500,0.097,0.011,0.892
275000,0.099,0.007,0.894
275500,0.102,0.009,0.888
276000,0.105,0.012,0.883
276500,0.104,0.007,0.888
277000,0.100,0.011,0.889
277500,0.105,0.013,0.881
278000,0.102,0.009,0.888
278500,0.104,0.006,0.889
279000,0.101,0.011,0.889
279500,0.105,0.011,0.883
280000,0.103,0.006,0.891
280500,0.097,0.010,0.893
281000,0.092,0.013,0.896
281500,0.102,0.009,0.890
282000,0.111,0.006,0.883
282500,0.112,0.010,0.878
283000,0.106,0.011,0.884
283500,0.102,0.011,0.887
284000,0.101,0.011,0.888
284500,0.095,0.007,0.898
285000,0.092,0.018,0.889
285500,0.087,0.009,0.903
286000,0.097,0.005,0.898
286500,0.098,0.004,0.898
287000,0.098,0.009,0.893
287500,0.099,0.007,0.894
288000,0.099,0.012,0.889
288500,0.105,0.011,0.884
289000,0.105,0.012,0.882
289500,0.099,0.009,0.892
290000,0.097,0.007,0.896
290500,0.098,0.009,0.893
291000,0.101,0.009,0.890
291500,0.102,0.011,0.888
292000,0.101,0.007,0.892
292500,0.102,0.013,0.884
293000,0.104,0.011,0.884
293500,0.105,0.011,0.883
294000,0.103,0.013,0.884
294500,0.100,0.018,0.882
295000,0.105,0.015,0.880
295500,0.101,0.015,0.884
296000,0.104,0.008,0.888
296500,0.105,0.011,0.883
297000,0.098,0.017,0.885
297500,0.098,0.009,0.893
298000,0.090,0.013,0.898
298500,0.101,0.020,0.879
299000,0.101,0.018,0.882
299500,0.100,0.017,0.884
300000,0.102,0.019,0.879
300500,0.101,0.017,0.882
301000,0.110,0.020,0.870
301500,0.116,0.021,0.863
302000,0.112,0.018,0.870
302500,0.111,0.018,0.872
303000,0.111,0.019,0.870
303500,0.102,0.020,0.878
304000,0.102,0.027,0.871
304500,0.104,0.017,0.879
305000,0.110,0.010,0.880
305500,0.103,0.019,0.878
306000,0.108,0.011,0.881
306500,0.104,0.013,0.883
307000,0.105,0.011,0.885
307500,0.103,0.010,0.886
308000,0.102,0.007,0.891
308500,0.097,0.011,0.893
309000,0.102,0.011,0.887
309500,0.107,0.009,0.883
310000,0.101,0.007,0.892
310500,0.102,0.005,0.893
311000,0.103,0.004,0.893
311500,0.098,0.009,0.894
312000,0.098,0.008,0.894
312500,0.104,0.010,0.885
313000,0.103,0.009,0.887
313500,0.101,0.008,0.891
314000,0.097,0.006,0.897
314500,0.093,0.016,0.891
315000,0.098,0.015,0.887
315500,0.097,0.011,0.892
316000,0.093,0.011,0.896
316500,0.097,0.007,0.896
317000,0.098,0.009,0.894
317500,0.099,0.005,0.896
318000,0.097,0.011,0.892
318500,0.096,0.013,0.891
319000,0.096,0.017,0.887
319500,0.105,0.013,0.882
320000,0.102,0.007,0.891
320500,0.098,0.006,0.896
321000,0.092,0.013,0.896
321500,0.087,0.009,0.904
322000,0.098,0.013,0.889
322500,0.096,0.013,0.891
323000,0.102,0.015,0.883
323500,0.102,0.017,0.880
324000,0.099,0.013,0.888
324500,0.099,0.014,0.887
325000,0.099,0.015,0.886
325500,0.095,0.017,0.889
326000,0.102,0.010,0.888
326500,0.105,0.011,0.885
327000,0.097,0.013,0.890
327500,0.103,0.011,0.886
328000,0.102,0.014,0.884
328500,0.102,0.011,0.888
329000,0.097,0.007,0.896
329500,0.092,0.016,0.892
330000,0.097,0.011,0.892
330500,0.103,0.009,0.888
331000,0.100,0.006,0.894
331500,0.095,0.004,0.901
332000,0.100,0.004,0.896
332500,0.100,0.007,0.893
333000,0.098,0.007,0.895
333500,0.097,0.009,0.894
334000,0.095,0.015,0.890
334500,0.092,0.015,0.894
335000,0.097,0.013,0.890
335500,0.095,0.010,0.895
336000,0.095,0.006,0.899
336500,0.097,0.010,0.893
337000,0.097,0.008,0.895
337500,0.094,0.004,0.902
338000,0.104,0.004,0.891
338500,0.113,0.006,0.881
339000,0.110,0.006,0.884
339500,0.102,0.009,0.889
340000,0.099,0.010,0.891
340500,0.101,0.015,0.884
341000,0.102,0.009,0.889
341500,0.101,0.007,0.892
342000,0.099,0.006,0.895
342500,0.098,0.006,0.896
343000,0.101,0.011,0.888
343500,0.102,0.022,0.875
344000,0.099,0.016,0.885
344500,0.097,0.016,0.887
345000,0.098,0.015,0.887
345500,0.105,0.015,0.880
346000,0.099,0.011,0.890
346500,0.093,0.012,0.895
347000,0.099,0.009,0.893
347500,0.102,0.006,0.892
348000,0.103,0.005,0.892
348500,0.107,0.009,0.885
349000,0.111,0.011,0.878
349500,0.106,0.019,0.874
350000,0.104,0.014,0.881
350500,0.103,0.018,0.878
351000,0.096,0.021,0.883
351500,0.095,0.018,0.887
352000,0.096,0.027,0.877
352500,0.089,0.020,0.890
353000,0.100,0.022,0.878
353500,0.102,0.014,0.884
354000,0.097,0.007,0.896
354500,0.103,0.013,0.884
355000,0.102,0.011,0.886
355500,0.102,0.007,0.890
356000,0.102,0.007,0.890
356500,0.096,0.018,0.887
357000,0.106,0.013,0.881
357500,0.111,0.013,0.877
358000,0.102,0.009,0.889
358500,0.105,0.004,0.891
359000,0.104,0.006,0.890
359500,0.110,0.013,0.878
360000,0.110,0.017,0.873
360500,0.114,0.011,0.875
361000,0.103,0.011,0.886
361500,0.101,0.013,0.886
362000,0.097,0.013,0.890
362500,0.091,0.019,0.890
363000,0.099,0.021,0.881
363500,0.095,0.017,0.888
364000,0.107,0.016,0.876
364500,0.117,0.014,0.869
365000,0.112,0.010,0.878
365500,0.099,0.011,0.890
366000,0.097,0.011,0.892
366500,0.096,0.006,0.898
367000,0.101,0.009,0.890
367500,0.099,0.006,0.895
368000,0.102,0.008,0.890
368500,0.111,0.008,0.881
369000,0.109,0.009,0.882
369500,0.112,0.015,0.874
370000,0.113,0.010,0.877
370500,0.113,0.009,0.878
371000,0.110,0.009,0.881
371500,0.106,0.008,0.885
372000,0.103,0.006,0.891
372500,0.100,0.009,0.891
373000,0.099,0.009,0.892
373500,0.100,0.011,0.889
374000,0.098,0.013,0.889
374500,0.097,0.009,0.894
375000,0.095,0.011,0.894
375500,0.100,0.013,0.887
376000,0.097,0.011,0.892
376500,0.098,0.007,0.895
377000,0.098,0.010,0.892
377500,0.110,0.013,0.877
378000,0.106,0.011,0.882
378500,0.108,0.010,0.881
379000,0.107,0.009,0.884
379500,0.111,0.006,0.883
380000,0.117,0.004,0.879
380500,0.117,0.009,0.875
381000,0.107,0.012,0.880
381500,0.101,0.013,0.886
382000,0.095,0.011,0.894
382500,0.092,0.013,0.894
383000,0.093,0.009,0.897
383500,0.097,0.013,0.890
384000,0.099,0.013,0.888
384500,0.097,0.007,0.896
385000,0.096,0.013,0.891
385500,0.098,0.009,0.893
386000,0.103,0.007,0.890
386500,0.103,0.005,0.892
387000,0.102,0.009,0.890
387500,0.106,0.013,0.880
388000,0.098,0.007,0.895
388500,0.100,0.010,0.890
389000,0.100,0.009,0.891
389500,0.107,0.013,0.880
390000,0.102,0.013,0.886
390500,0.104,0.009,0.886
391000,0.106,0.013,0.882
391500,0.102,0.011,0.887
392000,0.103,0.007,0.889
392500,0.102,0.007,0.891
393000,0.100,0.004,0.896
393500,0.103,0.006,0.890
394000,0.107,0.007,0.886
394500,0.104,0.005,0.891
395000,0.107,0.009,0.884
395500,0.108,0.005,0.887
396000,0.110,0.009,0.881
396500,0.108,0.009,0.882
397000,0.101,0.010,0.889
397500,0.100,0.013,0.887
398000,0.097,0.015,0.888
398500,0.101,0.010,0.889
399000,0.098,0.018,0.884
399500,0.095,0.013,0.893
400000,0.105,0.013,0.882
400500,0.108,0.008,0.884
401000,0.105,0.009,0.886
401500,0.100,0.013,0.887
402000,0.097,0.018,0.885
402500,0.099,0.015,0.886
403000,0.099,0.015,0.886
403500,0.100,0.017,0.884
404000,0.104,0.011,0.886
404500,0.101,0.007,0.892
405000,0.103,0.009,0.888
405500,0.113,0.013,0.874
406000,0.113,0.009,0.878
406500,0.111,0.007,0.882
407000,0.102,0.008,0.889
407500,0.097,0.011,0.892
408000,0.100,0.021,0.880
408500,0.101,0.018,0.881
409000,0.106,0.018,0.876
409500,0.102,0.021,0.876
410000,0.102,0.015,0.883
410500,0.099,0.015,0.887
411000,0.098,0.018,0.884
411500,0.090,0.018,0.893
412000,0.096,0.021,0.883
412500,0.103,0.018,0.879
413000,0.104,0.018,0.877
413500,0.115,0.015,0.871
414000,0.112,0.014,0.874
414500,0.109,0.007,0.884
415000,0.107,0.011,0.881
415500,0.102,0.020,0.877
416000,0.101,0.018,0.881
416500,0.098,0.015,0.888
417000,0.103,0.015,0.882
417500,0.104,0.013,0.882
418000,0.103,0.018,0.879
418500,0.096,0.017,0.888
419000,0.096,0.022,0.882
419500,0.099,0.015,0.886
420000,0.096,0.009,0.895
420500,0.099,0.006,0.895
421000,0.100,0.011,0.890
421500,0.100,0.007,0.893
422000,0.102,0.010,0.888
422500,0.102,0.013,0.885
423000,0.100,0.011,0.890
423500,0.099,0.013,0.888
424000,0.102,0.015,0.884
424500,0.102,0.011,0.888
425000,0.107,0.007,0.886
425500,0.102,0.006,0.892
426000,0.102,0.010,0.887
426500,0.098,0.013,0.890
427000,0.098,0.011,0.891
427500,0.096,0.014,0.890
428000,0.101,0.015,0.885
428500,0.100,0.013,0.887
429000,0.097,0.012,0.891
429500,0.095,0.009,0.896
430000,0.105,0.008,0.886
430500,0.100,0.011,0.889
431000,0.097,0.011,0.892
431500,0.097,0.014,0.889
432000,0.104,0.011,0.885
432500,0.102,0.015,0.882
433000,0.108,0.018,0.873
433500,0.114,0.017,0.870
434000,0.101,0.020,0.879
434500,0.108,0.018,0.874
435000,0.108,0.018,0.875
435500,0.097,0.013,0.891
436000,0.096,0.013,0.891
436500,0.099,0.013,0.889
437000,0.107,0.009,0.884
437500,0.100,0.011,0.890
438000,0.102,0.007,0.891
438500,0.100,0.007,0.893
439000,0.103,0.004,0.892
439500,0.102,0.006,0.892
440000,0.106,0.009,0.884
440500,0.101,0.009,0.891
441000,0.102,0.005,0.893
441500,0.108,0.011,0.881
442000,0.109,0.013,0.879
442500,0.100,0.009,0.892
443000,0.100,0.006,0.894
443500,0.102,0.007,0.891
444000,0.101,0.007,0.892
444500,0.101,0.004,0.896
445000,0.099,0.004,0.898
445500,0.102,0.004,0.894
446000,0.100,0.008,0.892
446500,0.104,0.012,0.884
447000,0.100,0.011,0.889
447500,0.096,0.006,0.898
448000,0.106,0.007,0.887
448500,0.103,0.006,0.890
449000,0.100,0.005,0.895
449500,0.100,0.011,0.890
450000,0.102,0.011,0.888
450500,0.098,0.011,0.891
451000,0.099,0.015,0.887
451500,0.099,0.018,0.883
452000,0.100,0.007,0.893
452500,0.100,0.013,0.887
453000,0.103,0.013,0.884
453500,0.102,0.013,0.885
454000,0.097,0.011,0.892
454500,0.113,0.013,0.874
455000,0.109,0.010,0.881
455500,0.103,0.007,0.890
456000,0.108,0.014,0.878
456500,0.106,0.010,0.884
457000,0.104,0.017,0.880
457500,0.107,0.020,0.872
458000,0.103,0.013,0.884
458500,0.105,0.013,0.881
459000,0.102,0.013,0.886
459500,0.099,0.018,0.884
460000,0.099,0.015,0.887
460500,0.105,0.017,0.878
461000,0.103,0.010,0.886
461500,0.099,0.006,0.895
462000,0.098,0.010,0.892
462500,0.093,0.009,0.897
463000,0.102,0.005,0.893
463500,0.101,0.008,0.891
464000,0.098,0.007,0.895
464500,0.103,0.004,0.892
465000,0.111,0.010,0.879
465500,0.109,0.008,0.883
466000,0.105,0.009,0.887
466500,0.110,0.011,0.879
467000,0.104,0.011,0.885
467500,0.109,0.009,0.882
468000,0.102,0.008,0.890
468500,0.103,0.011,0.886
469000,0.102,0.007,0.891
469500,0.101,0.007,0.892
470000,0.106,0.009,0.885
470500,0.114,0.007,0.879
471000,0.103,0.009,0.889
471500,0.099,0.018,0.884
472000,0.105,0.015,0.879
472500,0.105,0.013,0.882
473000,0.102,0.013,0.885
473500,0.106,0.018,0.876
474000,0.109,0.016,0.875
474500,0.104,0.015,0.881
475000,0.105,0.007,0.888
475500,0.107,0.005,0.887
476000,0.107,0.009,0.885
476500,0.111,0.011,0.878
477000,0.111,0.009,0.880
477500,0.104,0.011,0.885
478000,0.099,0.013,0.888
478500,0.096,0.017,0.887
479000,0.102,0.011,0.888
479500,0.103,0.013,0.884
480000,0.100,0.015,0.885
480500,0.100,0.015,0.885
481000,0.096,0.009,0.895
481500,0.100,0.011,0.889
482000,0.097,0.024,0.880
482500,0.102,0.016,0.882
483000,0.103,0.015,0.882
483500,0.105,0.013,0.882
484000,0.103,0.017,0.880
484500,0.104,0.014,0.882
485000,0.102,0.021,0.877
485500,0.097,0.013,0.890
486000,0.098,0.015,0.887
486500,0.101,0.015,0.884
487000,0.100,0.017,0.883
487500,0.099,0.013,0.888
488000,0.103,0.013,0.884
488500,0.099,0.009,0.892
489000,0.106,0.009,0.885
489500,0.100,0.004,0.897
490000,0.099,0.008,0.893
490500,0.098,0.013,0.889
491000,0.102,0.007,0.890
491500,0.103,0.005,0.891
492000,0.107,0.005,0.888
492500,0.100,0.008,0.892
493000,0.096,0.017,0.887
493500,0.098,0.017,0.886
494000,0.092,0.015,0.892
494500,0.092,0.013,0.894
495000,0.098,0.009,0.893
495500,0.103,0.015,0.882
496000,0.104,0.021,0.875
496500,0.100,0.012,0.888
497000,0.094,0.013,0.894
497500,0.092,0.018,0.891
498000,0.089,0.024,0.886
498500,0.090,0.018,0.893
499000,0.096,0.018,0.886
499500,0.102,0.018,0.880
500000,0.100,0.016,0.884
500500,0.101,0.019,0.880
501000,0.102,0.018,0.879
501500,0.100,0.013,0.888
502000,0.104,0.011,0.884
502500,0.103,0.014,0.883
503000,0.101,0.011,0.888
503500,0.096,0.013,0.892
504000,0.098,0.011,0.892
504500,0.101,0.011,0.888
505000,0.101,0.009,0.890
505500,0.101,0.015,0.884
506000,0.101,0.018,0.881
506500,0.097,0.022,0.881
507000,0.097,0.017,0.886
507500,0.093,0.006,0.900
508000,0.094,0.009,0.898
508500,0.092,0.009,0.899
509000,0.096,0.009,0.896
509500,0.098,0.009,0.893
510000,0.101,0.007,0.892
510500,0.095,0.007,0.898
511000,0.096,0.009,0.896
511500,0.096,0.015,0.890
512000,0.096,0.013,0.891
512500,0.098,0.017,0.885
513000,0.098,0.015,0.887
513500,0.095,0.011,0.894
514000,0.094,0.017,0.890
514500,0.102,0.015,0.882
515000,0.105,0.009,0.885
515500,0.106,0.010,0.883
516000,0.102,0.015,0.883
516500,0.102,0.013,0.886
517000,0.102,0.011,0.886
517500,0.102,0.011,0.887
518000,0.103,0.011,0.885
518500,0.101,0.011,0.889
519000,0.098,0.009,0.893
519500,0.100,0.011,0.889
520000,0.101,0.013,0.886
520500,0.105,0.011,0.885
521000,0.105,0.009,0.885
521500,0.106,0.006,0.888
522000,0.099,0.009,0.892
522500,0.104,0.015,0.882
523000,0.100,0.024,0.877
523500,0.096,0.011,0.893
524000,0.100,0.018,0.882
524500,0.103,0.015,0.881
525000,0.099,0.015,0.886
525500,0.097,0.011,0.892
526000,0.091,0.011,0.897
526500,0.096,0.009,0.896
527000,0.099,0.008,0.893
527500,0.092,0.011,0.897
528000,0.090,0.010,0.899
528500,0.090,0.015,0.894
529000,0.086,0.014,0.899
529500,0.092,0.015,0.893
530000,0.090,0.011,0.899
530500,0.102,0.007,0.890
531000,0.104,0.010,0.886
531500,0.098,0.009,0.893
532000,0.102,0.012,0.886
532500,0.108,0.014,0.877
533000,0.107,0.011,0.882
533500,0.107,0.011,0.882
534000,0.101,0.011,0.889
534500,0.103,0.009,0.888
535000,0.102,0.008,0.890
535500,0.102,0.008,0.889
536000,0.101,0.013,0.886
536500,0.103,0.011,0.885
537000,0.100,0.015,0.886
537500,0.109,0.013,0.879
538000,0.106,0.011,0.884
538500,0.097,0.009,0.894
539000,0.101,0.007,0.892
539500,0.096,0.010,0.894
540000,0.101,0.007,0.892
540500,0.098,0.009,0.893
541000,0.100,0.006,0.894
541500,0.096,0.007,0.897
542000,0.093,0.006,0.901
542500,0.097,0.008,0.895
543000,0.098,0.011,0.891
543500,0.102,0.006,0.892
544000,0.101,0.003,0.896
544500,0.100,0.010,0.890
545000,0.101,0.007,0.892
545500,0.102,0.009,0.890
546000,0.097,0.018,0.886
546500,0.097,0.013,0.890
547000,0.099,0.010,0.891
547500,0.095,0.008,0.897
548000,0.091,0.008,0.900
548500,0.100,0.007,0.893
549000,0.102,0.008,0.890
549500,0.092,0.011,0.897
550000,0.097,0.011,0.892
550500,0.088,0.009,0.903
551000,0.092,0.015,0.893
551500,0.097,0.011,0.893
552000,0.096,0.013,0.891
552500,0.095,0.018,0.887
553000,0.093,0.015,0.892
553500,0.106,0.014,0.879
554000,0.106,0.017,0.877
554500,0.103,0.013,0.884
555000,0.102,0.010,0.888
555500,0.102,0.009,0.889
556000,0.097,0.006,0.897
556500,0.095,0.006,0.899
557000,0.096,0.004,0.900
557500,0.093,0.003,0.904
558000,0.088,0.006,0.906
558500,0.095,0.012,0.893
559000,0.093,0.009,0.898
559500,0.091,0.018,0.891
560000,0.090,0.013,0.897
560500,0.100,0.013,0.887
561000,0.097,0.017,0.887
561500,0.096,0.015,0.889
562000,0.095,0.013,0.892
562500,0.098,0.006,0.896
563000,0.102,0.017,0.881
563500,0.111,0.011,0.878
564000,0.103,0.013,0.884
564500,0.102,0.015,0.884
565000,0.097,0.013,0.891
565500,0.100,0.009,0.892
566000,0.101,0.009,0.890
566500,0.101,0.005,0.894
567000,0.101,0.013,0.886
567500,0.099,0.011,0.891
568000,0.101,0.013,0.886
568500,0.100,0.017,0.883
569000,0.102,0.015,0.882
569500,0.102,0.013,0.886
570000,0.104,0.010,0.885
570500,0.102,0.018,0.880
571000,0.106,0.018,0.877
571500,0.102,0.018,0.880
572000,0.102,0.013,0.886
572500,0.103,0.015,0.882
573000,0.102,0.013,0.885
573500,0.108,0.021,0.872
574000,0.109,0.011,0.880
574500,0.102,0.009,0.890
575000,0.111,0.011,0.878
575500,0.103,0.009,0.888
576000,0.110,0.011,0.879
576500,0.105,0.010,0.884
577000,0.098,0.009,0.894
577500,0.104,0.013,0.884
578000,0.114,0.018,0.868
578500,0.110,0.013,0.877
579000,0.100,0.011,0.889
579500,0.104,0.009,0.886
580000,0.109,0.009,0.883
580500,0.103,0.010,0.886
581000,0.103,0.011,0.886
581500,0.105,0.012,0.883
582000,0.102,0.010,0.888
582500,0.102,0.015,0.884
583000,0.107,0.014,0.879
583500,0.102,0.011,0.886
584000,0.103,0.015,0.883
584500,0.099,0.019,0.882
585000,0.105,0.017,0.877
585500,0.111,0.013,0.876
586000,0.104,0.011,0.884
586500,0.103,0.017,0.880
587000,0.101,0.022,0.877
587500,0.098,0.018,0.884
588000,0.099,0.020,0.881
588500,0.098,0.018,0.884
589000,0.102,0.017,0.881
589500,0.103,0.014,0.883
590000,0.103,0.009,0.887
590500,0.098,0.009,0.893
591000,0.093,0.009,0.899
591500,0.093,0.006,0.901
592000,0.098,0.007,0.895
592500,0.097,0.011,0.893
593000,0.103,0.009,0.889
593500,0.102,0.011,0.887
594000,0.104,0.012,0.884
594500,0.095,0.016,0.889
595000,0.094,0.015,0.891
595500,0.096,0.018,0.886
596000,0.096,0.015,0.889
596500,0.090,0.011,0.898
597000,0.096,0.010,0.894
597500,0.093,0.006,0.901
598000,0.101,0.007,0.892
598500,0.105,0.006,0.889
599000,0.102,0.005,0.893
599500,0.100,0.004,0.897
600000,0.102,0.003,0.894
600500,0.107,0.004,0.888
601000,0.107,0.006,0.886
601500,0.106,0.006,0.887
602000,0.113,0.002,0.885
602500,0.107,0.007,0.885
603000,0.114,0.009,0.878
603500,0.118,0.009,0.873
604000,0.114,0.007,0.879
604500,0.108,0.006,0.886
605000,0.110,0.003,0.888
605500,0.106,0.002,0.892
606000,0.111,0.009,0.881
606500,0.110,0.004,0.886
607000,0.110,0.003,0.888
607500,0.106,0.007,0.887
608000,0.102,0.006,0.892
608500,0.102,0.015,0.884
609000,0.098,0.020,0.882
609500,0.095,0.015,0.890
610000,0.099,0.012,0.889
610500,0.099,0.016,0.885
611000,0.099,0.015,0.886
611500,0.096,0.015,0.889
612000,0.111,0.019,0.870
612500,0.110,0.018,0.873
613000,0.114,0.013,0.873
613500,0.102,0.015,0.883
614000,0.098,0.012,0.890
614500,0.093,0.015,0.891
615000,0.101,0.012,0.887
615500,0.105,0.011,0.885
616000,0.105,0.007,0.887
616500,0.099,0.007,0.894
617000,0.103,0.007,0.890
617500,0.113,0.006,0.881
618000,0.114,0.008,0.878
618500,0.116,0.007,0.877
619000,0.110,0.010,0.880
619500,0.100,0.020,0.880
620000,0.102,0.020,0.878
620500,0.107,0.015,0.877
621000,0.102,0.012,0.886
621500,0.099,0.007,0.894
622000,0.098,0.006,0.896
622500,0.099,0.013,0.889
623000,0.100,0.010,0.890
623500,0.098,0.013,0.890
624000,0.102,0.009,0.889
624500,0.099,0.009,0.892
625000,0.097,0.005,0.898
625500,0.102,0.009,0.888
626000,0.102,0.009,0.889
626500,0.098,0.010,0.892
627000,0.104,0.008,0.888
627500,0.107,0.006,0.887
628000,0.113,0.006,0.881
628500,0.106,0.006,0.887
629000,0.107,0.004,0.889
629500,0.111,0.002,0.888
630000,0.107,0.004,0.888
630500,0.101,0.004,0.895
631000,0.105,0.002,0.892
631500,0.109,0.006,0.885
632000,0.107,0.009,0.885
632500,0.099,0.005,0.896
633000,0.100,0.011,0.889
633500,0.101,0.014,0.885
634000,0.104,0.013,0.883
634500,0.107,0.013,0.880
635000,0.104,0.015,0.881
635500,0.102,0.013,0.885
636000,0.106,0.013,0.882
636500,0.108,0.011,0.880
637000,0.106,0.013,0.881
637500,0.107,0.008,0.885
638000,0.106,0.008,0.885
638500,0.105,0.009,0.885
639000,0.113,0.007,0.880
639500,0.100,0.013,0.887
640000,0.097,0.009,0.894
640500,0.107,0.017,0.875
641000,0.102,0.020,0.877
641500,0.099,0.020,0.881
642000,0.097,0.023,0.880
642500,0.095,0.016,0.889
643000,0.098,0.010,0.892
643500,0.092,0.008,0.900
644000,0.092,0.013,0.895
644500,0.096,0.011,0.894
645000,0.099,0.009,0.892
645500,0.097,0.015,0.888
646000,0.101,0.013,0.887
646500,0.106,0.007,0.887
647000,0.107,0.008,0.884
647500,0.101,0.009,0.891
648000,0.101,0.018,0.882
648500,0.103,0.012,0.885
649000,0.103,0.006,0.891
649500,0.099,0.006,0.895
650000,0.100,0.009,0.891
650500,0.102,0.015,0.884
651000,0.097,0.011,0.892
651500,0.093,0.013,0.894
652000,0.100,0.013,0.887
652500,0.097,0.013,0.890
653000,0.097,0.013,0.890
653500,0.105,0.010,0.885
654000,0.097,0.009,0.894
654500,0.103,0.009,0.889
655000,0.102,0.011,0.887
655500,0.101,0.014,0.885
656000,0.100,0.015,0.885
656500,0.100,0.017,0.883
657000,0.097,0.012,0.891
657500,0.094,0.013,0.893
658000,0.098,0.015,0.887
658500,0.093,0.007,0.899
659000,0.097,0.015,0.889
659500,0.102,0.012,0.885
660000,0.112,0.013,0.876
660500,0.111,0.011,0.879
661000,0.102,0.014,0.883
661500,0.097,0.015,0.889
662000,0.099,0.011,0.891
662500,0.099,0.006,0.895
663000,0.104,0.007,0.888
663500,0.102,0.005,0.892
664000,0.101,0.009,0.890
664500,0.102,0.017,0.881
665000,0.110,0.020,0.870
665500,0.102,0.020,0.878
666000,0.096,0.020,0.884
666500,0.095,0.013,0.892
667000,0.093,0.011,0.895
667500,0.095,0.011,0.894
668000,0.097,0.006,0.897
668500,0.099,0.013,0.888
669000,0.101,0.016,0.883
669500,0.102,0.015,0.882
670000,0.105,0.015,0.881
670500,0.110,0.018,0.873
671000,0.102,0.015,0.884
671500,0.101,0.018,0.881
672000,0.106,0.019,0.875
672500,0.100,0.018,0.882
673000,0.102,0.013,0.884
673500,0.101,0.027,0.872
674000,0.097,0.021,0.882
674500,0.100,0.013,0.887
675000,0.104,0.010,0.885
675500,0.108,0.008,0.884
676000,0.108,0.015,0.877
676500,0.105,0.012,0.883
677000,0.106,0.011,0.883
677500,0.115,0.014,0.871
678000,0.114,0.020,0.866
678500,0.103,0.020,0.877
679000,0.099,0.019,0.882
679500,0.100,0.013,0.887
680000,0.100,0.009,0.891
680500,0.099,0.006,0.895
681000,0.101,0.013,0.886
681500,0.102,0.009,0.889
682000,0.102,0.009,0.888
682500,0.100,0.008,0.892
683000,0.101,0.012,0.887
683500,0.109,0.012,0.879
684000,0.102,0.009,0.889
684500,0.101,0.005,0.894
685000,0.100,0.005,0.895
685500,0.097,0.004,0.899
686000,0.097,0.003,0.901
686500,0.105,0.006,0.888
687000,0.101,0.005,0.894
687500,0.105,0.011,0.884
688000,0.103,0.013,0.884
688500,0.100,0.016,0.884
689000,0.100,0.013,0.887
689500,0.093,0.008,0.898
690000,0.098,0.013,0.890
690500,0.099,0.009,0.892
691000,0.094,0.009,0.897
691500,0.097,0.006,0.897
692000,0.102,0.006,0.892
692500,0.095,0.009,0.897
693000,0.100,0.011,0.889
693500,0.097,0.009,0.894
694000,0.095,0.007,0.898
694500,0.092,0.006,0.902
695000,0.097,0.009,0.894
695500,0.097,0.013,0.890
696000,0.099,0.019,0.882
696500,0.104,0.018,0.879
697000,0.102,0.011,0.886
697500,0.104,0.010,0.885
698000,0.096,0.010,0.894
698500,0.096,0.007,0.897
699000,0.097,0.009,0.895
699500,0.107,0.012,0.881
700000,0.115,0.008,0.877
700500,0.118,0.008,0.874
701000,0.108,0.013,0.879
701500,0.110,0.008,0.882
702000,0.105,0.005,0.889
702500,0.097,0.007,0.896
703000,0.096,0.009,0.896
703500,0.110,0.009,0.882
704000,0.101,0.011,0.888
704500,0.100,0.009,0.891
705000,0.100,0.006,0.894
705500,0.098,0.007,0.895
706000,0.097,0.007,0.896
706500,0.092,0.006,0.901
707000,0.100,0.009,0.891
707500,0.097,0.011,0.892
708000,0.093,0.015,0.891
708500,0.100,0.020,0.880
709000,0.099,0.018,0.883
709500,0.092,0.016,0.892
710000,0.091,0.018,0.890
710500,0.096,0.018,0.886
711000,0.095,0.009,0.896
711500,0.098,0.012,0.890
712000,0.104,0.011,0.884
712500,0.107,0.013,0.880
713000,0.108,0.009,0.882
713500,0.105,0.008,0.886
714000,0.100,0.013,0.887
714500,0.098,0.011,0.891
715000,0.100,0.011,0.889
715500,0.098,0.007,0.895
716000,0.098,0.012,0.890
716500,0.097,0.011,0.893
717000,0.102,0.006,0.892
717500,0.095,0.008,0.897
718000,0.100,0.008,0.892
718500,0.100,0.009,0.891
719000,0.096,0.007,0.897
719500,0.101,0.005,0.894
720000,0.101,0.013,0.886
720500,0.100,0.012,0.888
721000,0.098,0.009,0.893
721500,0.098,0.010,0.892
722000,0.098,0.011,0.891
722500,0.097,0.011,0.892
723000,0.097,0.007,0.896
723500,0.097,0.013,0.890
724000,0.098,0.011,0.891
724500,0.100,0.010,0.890
725000,0.097,0.011,0.892
725500,0.101,0.009,0.891
726000,0.100,0.006,0.894
726500,0.100,0.006,0.894
727000,0.098,0.011,0.892
727500,0.091,0.015,0.893
728000,0.093,0.009,0.897
728500,0.105,0.007,0.888
729000,0.101,0.009,0.890
729500,0.100,0.018,0.882
730000,0.099,0.017,0.885
730500,0.108,0.014,0.877
731000,0.107,0.014,0.879
731500,0.111,0.019,0.870
732000,0.105,0.015,0.880
732500,0.102,0.009,0.889
733000,0.112,0.012,0.876
733500,0.108,0.009,0.882
734000,0.105,0.011,0.883
734500,0.109,0.006,0.885
735000,0.112,0.010,0.878
735500,0.110,0.010,0.880
736000,0.107,0.009,0.883
736500,0.102,0.007,0.891
737000,0.103,0.011,0.885
737500,0.096,0.006,0.898
738000,0.099,0.006,0.895
738500,0.097,0.014,0.889
739000,0.104,0.013,0.884
739500,0.108,0.011,0.881
740000,0.103,0.011,0.885
740500,0.098,0.018,0.885
741000,0.100,0.017,0.883
741500,0.097,0.013,0.890
742000,0.092,0.013,0.895
742500,0.089,0.011,0.899
743000,0.096,0.013,0.891
743500,0.104,0.009,0.887
744000,0.099,0.005,0.896
744500,0.099,0.005,0.896
745000,0.106,0.011,0.884
745500,0.100,0.017,0.883
746000,0.102,0.014,0.884
746500,0.102,0.011,0.887
747000,0.102,0.018,0.880
747500,0.104,0.014,0.881
748000,0.099,0.014,0.887
748500,0.102,0.011,0.886
749000,0.098,0.010,0.892
749500,0.099,0.010,0.891
750000,0.099,0.011,0.891
750500,0.096,0.009,0.895
751000,0.107,0.011,0.883
751500,0.107,0.006,0.887
752000,0.101,0.011,0.888
752500,0.098,0.011,0.891
753000,0.102,0.013,0.885
753500,0.107,0.013,0.879
754000,0.108,0.018,0.874
754500,0.102,0.021,0.876
755000,0.097,0.015,0.888
755500,0.092,0.013,0.894
756000,0.100,0.017,0.883
756500,0.098,0.009,0.893
757000,0.110,0.011,0.879
757500,0.109,0.011,0.880
758000,0.110,0.011,0.880
758500,0.108,0.009,0.882
759000,0.104,0.009,0.888
759500,0.102,0.014,0.883
760000,0.098,0.010,0.892
760500,0.099,0.013,0.889
761000,0.095,0.011,0.894
761500,0.100,0.007,0.893
762000,0.095,0.010,0.895
762500,0.102,0.013,0.886
763000,0.104,0.014,0.882
763500,0.096,0.013,0.892
764000,0.097,0.007,0.896
764500,0.104,0.012,0.884
765000,0.102,0.015,0.882
765500,0.097,0.018,0.886
766000,0.097,0.015,0.888
766500,0.094,0.010,0.896
767000,0.094,0.011,0.895
767500,0.102,0.009,0.890
768000,0.101,0.007,0.892
768500,0.098,0.012,0.890
769000,0.101,0.011,0.889
769500,0.100,0.009,0.891
770000,0.106,0.009,0.885
770500,0.104,0.011,0.884
771000,0.102,0.013,0.884
771500,0.114,0.009,0.878
772000,0.108,0.009,0.883
772500,0.102,0.006,0.891
773000,0.099,0.011,0.891
773500,0.102,0.015,0.883
774000,0.102,0.008,0.890
774500,0.110,0.013,0.877
775000,0.109,0.023,0.868
775500,0.103,0.017,0.880
776000,0.095,0.015,0.891
776500,0.096,0.013,0.891
777000,0.096,0.007,0.897
777500,0.102,0.006,0.891
778000,0.101,0.009,0.891
778500,0.100,0.009,0.891
779000,0.100,0.006,0.894
779500,0.096,0.006,0.898
780000,0.101,0.007,0.892
780500,0.101,0.006,0.893
781000,0.098,0.010,0.892
781500,0.099,0.009,0.892
782000,0.096,0.009,0.895
782500,0.105,0.007,0.887
783000,0.105,0.007,0.888
783500,0.101,0.009,0.891
784000,0.102,0.017,0.880
784500,0.099,0.011,0.890
785000,0.100,0.009,0.892
785500,0.111,0.008,0.881
786000,0.106,0.009,0.885
786500,0.112,0.010,0.878
787000,0.117,0.009,0.873
787500,0.117,0.010,0.873
788000,0.115,0.016,0.869
788500,0.108,0.013,0.879
789000,0.104,0.011,0.886
789500,0.095,0.009,0.896
790000,0.093,0.012,0.895
790500,0.091,0.011,0.898
791000,0.098,0.009,0.893
791500,0.105,0.008,0.886
792000,0.095,0.012,0.893
792500,0.106,0.009,0.886
793000,0.099,0.011,0.891
793500,0.097,0.011,0.893
794000,0.103,0.010,0.886
794500,0.099,0.007,0.894
795000,0.104,0.013,0.883
795500,0.099,0.009,0.892
796000,0.095,0.013,0.893
796500,0.102,0.017,0.882
797000,0.101,0.020,0.879
797500,0.094,0.021,0.886
798000,0.104,0.015,0.882
798500,0.106,0.013,0.880
799000,0.105,0.017,0.878
799500,0.107,0.013,0.880
800000,0.101,0.010,0.889
800500,0.101,0.008,0.891
801000,0.106,0.011,0.884
801500,0.109,0.009,0.882
802000,0.100,0.011,0.889
802500,0.095,0.009,0.896
803000,0.093,0.009,0.898
803500,0.096,0.008,0.896
804000,0.102,0.004,0.893
804500,0.099,0.003,0.898
805000,0.098,0.004,0.899
805500,0.096,0.011,0.894
806000,0.099,0.009,0.892
806500,0.107,0.013,0.880
807000,0.107,0.011,0.881
807500,0.108,0.011,0.880
808000,0.108,0.011,0.881
808500,0.113,0.007,0.880
809000,0.107,0.007,0.885
809500,0.112,0.008,0.880
810000,0.101,0.011,0.888
810500,0.110,0.017,0.874
811000,0.117,0.015,0.868
811500,0.116,0.008,0.876
812000,0.110,0.009,0.881
812500,0.115,0.007,0.878
813000,0.103,0.014,0.882
813500,0.098,0.015,0.887
814000,0.105,0.013,0.882
814500,0.103,0.017,0.881
815000,0.100,0.016,0.884
815500,0.101,0.017,0.882
816000,0.104,0.016,0.880
816500,0.100,0.012,0.888
817000,0.099,0.014,0.887
817500,0.095,0.011,0.894
818000,0.095,0.011,0.895
818500,0.102,0.011,0.887
819000,0.095,0.008,0.897
819500,0.090,0.009,0.900
820000,0.093,0.006,0.900
820500,0.089,0.012,0.898
821000,0.102,0.011,0.887
821500,0.103,0.005,0.892
822000,0.104,0.011,0.884
822500,0.102,0.024,0.874
823000,0.100,0.015,0.885
823500,0.101,0.013,0.886
824000,0.093,0.011,0.895
824500,0.093,0.012,0.895
825000,0.100,0.008,0.892
825500,0.103,0.009,0.889
826000,0.105,0.018,0.877
826500,0.102,0.011,0.888
827000,0.099,0.011,0.890
827500,0.105,0.011,0.883
828000,0.110,0.013,0.878
828500,0.102,0.013,0.886
829000,0.105,0.017,0.878
829500,0.104,0.019,0.876
830000,0.103,0.018,0.878
830500,0.106,0.022,0.871
831000,0.103,0.013,0.883
831500,0.102,0.014,0.884
832000,0.100,0.010,0.890
832500,0.102,0.009,0.889
833000,0.098,0.010,0.892
833500,0.090,0.013,0.896
834000,0.098,0.013,0.889
834500,0.093,0.007,0.899
835000,0.095,0.013,0.892
835500,0.097,0.013,0.890
836000,0.097,0.013,0.890
836500,0.104,0.013,0.882
837000,0.106,0.011,0.884
837500,0.114,0.008,0.878
838000,0.114,0.008,0.878
838500,0.107,0.009,0.884
839000,0.105,0.009,0.886
839500,0.114,0.006,0.880
840000,0.107,0.008,0.885
840500,0.105,0.007,0.888
841000,0.110,0.007,0.883
841500,0.108,0.012,0.880
842000,0.100,0.009,0.892
842500,0.098,0.013,0.890
843000,0.106,0.013,0.880
843500,0.102,0.011,0.887
844000,0.105,0.018,0.878
844500,0.103,0.014,0.882
845000,0.103,0.013,0.883
845500,0.097,0.014,0.889
846000,0.092,0.009,0.899
846500,0.107,0.013,0.881
847000,0.096,0.015,0.890
847500,0.103,0.012,0.885
848000,0.101,0.009,0.891
848500,0.103,0.013,0.885
849000,0.096,0.016,0.888
849500,0.098,0.013,0.889
850000,0.103,0.008,0.888
850500,0.103,0.004,0.893
851000,0.098,0.004,0.899
851500,0.101,0.004,0.895
852000,0.102,0.009,0.890
852500,0.107,0.008,0.885
853000,0.102,0.010,0.888
853500,0.106,0.018,0.876
854000,0.104,0.011,0.885
854500,0.101,0.009,0.890
855000,0.095,0.012,0.893
855500,0.101,0.011,0.889
856000,0.101,0.007,0.892
856500,0.101,0.008,0.891
857000,0.103,0.011,0.885
857500,0.106,0.011,0.882
858000,0.105,0.009,0.886
858500,0.113,0.011,0.876
859000,0.108,0.013,0.879
859500,0.101,0.006,0.893
860000,0.103,0.007,0.890
860500,0.101,0.011,0.889
861000,0.102,0.009,0.890
861500,0.106,0.009,0.885
862000,0.099,0.014,0.887
862500,0.095,0.008,0.897
863000,0.101,0.005,0.894
863500,0.115,0.015,0.870
864000,0.109,0.012,0.879
864500,0.103,0.012,0.884
865000,0.102,0.010,0.888
865500,0.102,0.008,0.889
866000,0.104,0.015,0.881
866500,0.107,0.009,0.883
867000,0.108,0.011,0.880
867500,0.113,0.009,0.879
868000,0.108,0.015,0.877
868500,0.102,0.011,0.887
869000,0.103,0.015,0.882
869500,0.107,0.011,0.882
870000,0.107,0.007,0.885
870500,0.102,0.008,0.890
871000,0.098,0.011,0.892
871500,0.101,0.015,0.885
872000,0.100,0.020,0.880
872500,0.096,0.015,0.889
873000,0.096,0.015,0.889
873500,0.097,0.009,0.895
874000,0.095,0.011,0.894
874500,0.097,0.007,0.896
875000,0.096,0.007,0.897
875500,0.096,0.007,0.897
876000,0.100,0.005,0.895
876500,0.099,0.006,0.895
877000,0.111,0.012,0.877
877500,0.107,0.018,0.875
878000,0.103,0.018,0.879
878500,0.108,0.013,0.879
879000,0.102,0.021,0.876
879500,0.114,0.012,0.874
880000,0.116,0.018,0.866
880500,0.109,0.017,0.875
881000,0.106,0.012,0.881
881500,0.104,0.012,0.884
882000,0.100,0.011,0.889
882500,0.101,0.010,0.889
883000,0.101,0.010,0.889
883500,0.107,0.013,0.880
884000,0.103,0.018,0.880
884500,0.102,0.013,0.885
885000,0.100,0.015,0.885
885500,0.107,0.014,0.878
886000,0.103,0.007,0.890
886500,0.099,0.007,0.894
887000,0.112,0.010,0.878
887500,0.111,0.011,0.879
888000,0.112,0.013,0.875
888500,0.105,0.011,0.884
889000,0.110,0.009,0.881
889500,0.102,0.011,0.887
890000,0.100,0.009,0.891
890500,0.101,0.008,0.891
891000,0.100,0.012,0.888
891500,0.101,0.011,0.889
892000,0.105,0.009,0.886
892500,0.103,0.016,0.881
893000,0.098,0.019,0.883
893500,0.102,0.017,0.882
894000,0.097,0.013,0.890
894500,0.099,0.015,0.887
895000,0.103,0.013,0.883
895500,0.098,0.016,0.886
896000,0.106,0.017,0.878
896500,0.105,0.018,0.876
897000,0.100,0.013,0.888
897500,0.101,0.009,0.890
898000,0.100,0.011,0.889
898500,0.100,0.015,0.885
899000,0.105,0.018,0.878
899500,0.102,0.013,0.886
900000,0.101,0.011,0.888
900500,0.104,0.007,0.889
901000,0.099,0.011,0.890
901500,0.098,0.010,0.892
902000,0.099,0.006,0.895
902500,0.102,0.009,0.889
903000,0.099,0.007,0.894
903500,0.102,0.015,0.883
904000,0.100,0.013,0.887
904500,0.106,0.008,0.886
905000,0.102,0.006,0.892
905500,0.113,0.006,0.881
906000,0.109,0.007,0.884
906500,0.107,0.009,0.884
907000,0.097,0.005,0.898
907500,0.100,0.006,0.894
908000,0.102,0.014,0.884
908500,0.101,0.013,0.886
909000,0.100,0.016,0.884
909500,0.099,0.010,0.891
910000,0.100,0.015,0.886
910500,0.102,0.011,0.886
911000,0.105,0.008,0.887
911500,0.104,0.009,0.888
912000,0.107,0.011,0.882
912500,0.109,0.013,0.878
913000,0.099,0.009,0.893
913500,0.098,0.009,0.893
914000,0.107,0.013,0.880
914500,0.106,0.012,0.882
915000,0.102,0.010,0.887
915500,0.096,0.015,0.889
916000,0.098,0.015,0.887
916500,0.101,0.015,0.885
917000,0.096,0.014,0.890
917500,0.092,0.009,0.898
918000,0.100,0.011,0.890
918500,0.093,0.012,0.894
919000,0.093,0.010,0.897
919500,0.097,0.013,0.890
920000,0.099,0.011,0.891
920500,0.098,0.008,0.894
921000,0.098,0.013,0.890
921500,0.103,0.013,0.884
922000,0.102,0.009,0.889
922500,0.102,0.012,0.885
923000,0.102,0.007,0.891
923500,0.098,0.015,0.887
924000,0.103,0.021,0.875
924500,0.098,0.019,0.883
925000,0.100,0.013,0.887
925500,0.099,0.013,0.888
926000,0.102,0.011,0.887
926500,0.099,0.013,0.889
927000,0.094,0.015,0.891
927500,0.093,0.011,0.896
928000,0.102,0.014,0.883
928500,0.103,0.011,0.887
929000,0.102,0.007,0.891
929500,0.104,0.011,0.885
930000,0.098,0.016,0.886
930500,0.101,0.009,0.890
931000,0.100,0.011,0.889
931500,0.097,0.004,0.899
932000,0.100,0.007,0.893
932500,0.099,0.007,0.894
933000,0.096,0.008,0.896
933500,0.102,0.009,0.888
934000,0.100,0.007,0.893
934500,0.102,0.006,0.892
935000,0.097,0.006,0.897
935500,0.100,0.005,0.895
936000,0.098,0.005,0.897
936500,0.099,0.013,0.889
937000,0.094,0.006,0.900
937500,0.104,0.021,0.874
938000,0.104,0.018,0.879
938500,0.106,0.012,0.881
939000,0.102,0.013,0.886
939500,0.098,0.006,0.896
940000,0.105,0.008,0.887
940500,0.109,0.009,0.883
941000,0.100,0.015,0.885
941500,0.098,0.009,0.893
942000,0.100,0.011,0.890
942500,0.108,0.009,0.882
943000,0.103,0.009,0.888
943500,0.098,0.010,0.892
944000,0.098,0.008,0.894
944500,0.100,0.015,0.886
945000,0.098,0.011,0.891
945500,0.103,0.012,0.885
946000,0.097,0.008,0.895
946500,0.104,0.010,0.886
947000,0.102,0.011,0.888
947500,0.098,0.011,0.891
948000,0.101,0.007,0.892
948500,0.099,0.012,0.889
949000,0.099,0.009,0.892
949500,0.103,0.011,0.886
950000,0.102,0.018,0.881
950500,0.100,0.021,0.879
951000,0.095,0.022,0.883
951500,0.097,0.022,0.881
952000,0.103,0.021,0.877
952500,0.096,0.016,0.888
953000,0.102,0.014,0.884
953500,0.100,0.011,0.890
954000,0.099,0.007,0.894
954500,0.096,0.012,0.892
955000,0.097,0.013,0.890
955500,0.101,0.007,0.892
956000,0.102,0.004,0.893
956500,0.105,0.014,0.881
957000,0.103,0.018,0.879
957500,0.098,0.015,0.887
958000,0.096,0.018,0.886
958500,0.094,0.018,0.889
959000,0.100,0.020,0.880
959500,0.094,0.019,0.887
960000,0.091,0.021,0.887
960500,0.104,0.021,0.875
961000,0.102,0.018,0.881
961500,0.097,0.013,0.891
962000,0.099,0.012,0.889
962500,0.099,0.009,0.893
963000,0.101,0.013,0.887
963500,0.101,0.008,0.891
964000,0.100,0.005,0.895
964500,0.098,0.009,0.894
965000,0.091,0.006,0.902
965500,0.092,0.006,0.901
966000,0.102,0.009,0.888
966500,0.097,0.011,0.893
967000,0.110,0.009,0.881
967500,0.110,0.011,0.880
968000,0.105,0.004,0.891
968500,0.101,0.003,0.896
969000,0.105,0.010,0.884
969500,0.108,0.019,0.873
970000,0.103,0.015,0.881
970500,0.103,0.011,0.887
971000,0.103,0.013,0.885
971500,0.103,0.015,0.881
972000,0.105,0.014,0.880
972500,0.096,0.011,0.894
973000,0.100,0.009,0.892
973500,0.100,0.006,0.894
974000,0.099,0.006,0.895
974500,0.100,0.012,0.888
975000,0.095,0.010,0.895
975500,0.099,0.010,0.891
976000,0.099,0.005,0.896
976500,0.096,0.004,0.901
977000,0.097,0.009,0.894
977500,0.093,0.006,0.900
978000,0.089,0.014,0.897
978500,0.098,0.010,0.892
979000,0.096,0.015,0.890
979500,0.092,0.010,0.897
980000,0.092,0.019,0.889
980500,0.095,0.015,0.890
981000,0.102,0.014,0.883
981500,0.100,0.021,0.880
982000,0.104,0.019,0.877
982500,0.097,0.023,0.880
983000,0.101,0.016,0.883
983500,0.104,0.016,0.879
984000,0.108,0.021,0.872
984500,0.107,0.017,0.877
985000,0.112,0.018,0.870
985500,0.109,0.010,0.881
986000,0.105,0.006,0.888
986500,0.106,0.007,0.886
987000,0.105,0.011,0.884
987500,0.104,0.010,0.886
988000,0.099,0.010,0.891
988500,0.097,0.011,0.892
989000,0.092,0.015,0.893
989500,0.089,0.018,0.892
990000,0.090,0.021,0.888
990500,0.093,0.025,0.881
991000,0.098,0.021,0.882
991500,0.098,0.018,0.884
992000,0.098,0.013,0.889
992500,0.105,0.015,0.881
993000,0.100,0.009,0.892
993500,0.101,0.012,0.887
994000,0.097,0.012,0.891
994500,0.093,0.012,0.894
995000,0.098,0.011,0.892
995500,0.095,0.017,0.888
996000,0.092,0.009,0.898
996500,0.093,0.004,0.903
997000,0.099,0.007,0.894
997500,0.100,0.006,0.894
998000,0.104,0.013,0.882
998500,0.104,0.009,0.886
999000,0.109,0.007,0.884
999500,0.104,0.011,0.885
1000000,0.100,0.013,0.887
