time,n_A+p,n_B,n_AB
500,0.050,0.913,0.036
1000,0.050,0.892,0.058
1500,0.050,0.873,0.077
2000,0.050,0.858,0.092
2500,0.050,0.849,0.101
3000,0.050,0.844,0.106
3500,0.050,0.834,0.116
4000,0.050,0.840,0.110
4500,0.050,0.838,0.112
5000,0.050,0.832,0.118
5500,0.050,0.838,0.112
6000,0.050,0.861,0.089
6500,0.050,0.861,0.089
7000,0.050,0.842,0.108
7500,0.050,0.849,0.101
8000,0.050,0.844,0.106
8500,0.050,0.850,0.100
9000,0.050,0.849,0.101
9500,0.050,0.844,0.106
10000,0.050,0.839,0.111
10500,0.050,0.867,0.083
11000,0.050,0.845,0.105
11500,0.050,0.829,0.121
12000,0.050,0.845,0.105
12500,0.050,0.829,0.121
13000,0.050,0.825,0.125
13500,0.050,0.789,0.161
14000,0.050,0.822,0.128
14500,0.050,0.824,0.126
15000,0.050,0.827,0.123
15500,0.050,0.819,0.131
16000,0.050,0.839,0.111
16500,0.050,0.829,0.121
17000,0.050,0.843,0.107
17500,0.050,0.846,0.104
18000,0.050,0.839,0.111
18500,0.050,0.834,0.116
19000,0.050,0.846,0.104
19500,0.050,0.822,0.128
20000,0.050,0.825,0.125
20500,0.050,0.847,0.103
21000,0.050,0.836,0.114
21500,0.050,0.828,0.122
22000,0.050,0.806,0.143
22500,0.050,0.830,0.120
23000,0.050,0.831,0.119
23500,0.050,0.836,0.114
24000,0.050,0.832,0.118
24500,0.050,0.820,0.130
25000,0.050,0.827,0.123
25500,0.050,0.836,0.114
26000,0.050,0.840,0.110
26500,0.050,0.849,0.101
27000,0.050,0.834,0.116
27500,0.050,0.830,0.120
28000,0.050,0.818,0.132
28500,0.050,0.804,0.145
29000,0.050,0.821,0.129
29500,0.050,0.799,0.150
30000,0.050,0.821,0.129
30500,0.050,0.824,0.126
31000,0.050,0.821,0.129
31500,0.050,0.820,0.130
32000,0.050,0.815,0.135
32500,0.050,0.830,0.120
33000,0.050,0.823,0.127
33500,0.050,0.839,0.111
34000,0.050,0.846,0.104
34500,0.050,0.839,0.111
35000,0.050,0.830,0.120
35500,0.050,0.820,0.130
36000,0.050,0.796,0.153
36500,0.050,0.832,0.118
37000,0.050,0.822,0.128
37500,0.050,0.820,0.130
38000,0.050,0.840,0.110
38500,0.050,0.814,0.136
39000,0.050,0.824,0.126
39500,0.050,0.798,0.151
40000,0.050,0.853,0.097
40500,0.050,0.832,0.118
41000,0.050,0.852,0.098
41500,0.050,0.849,0.101
42000,0.050,0.851,0.099
42500,0.050,0.824,0.126
43000,0.050,0.847,0.103
43500,0.050,0.824,0.126
44000,0.050,0.795,0.154
44500,0.050,0.829,0.121
45000,0.051,0.833,0.116
45500,0.050,0.822,0.128
46000,0.050,0.854,0.096
46500,0.050,0.829,0.121
47000,0.050,0.825,0.125
47500,0.050,0.832,0.118
48000,0.050,0.828,0.122
48500,0.050,0.820,0.130
49000,0.050,0.804,0.145
49500,0.050,0.794,0.156
50000,0.050,0.833,0.117
50500,0.050,0.832,0.118
51000,0.050,0.826,0.124
51500,0.050,0.844,0.106
52000,0.050,0.817,0.133
52500,0.050,0.833,0.117
53000,0.050,0.822,0.128
53500,0.050,0.832,0.118
54000,0.050,0.849,0.101
54500,0.050,0.833,0.117
55000,0.050,0.832,0.118
55500,0.050,0.842,0.108
56000,0.050,0.827,0.123
56500,0.050,0.820,0.130
57000,0.050,0.814,0.136
57500,0.050,0.823,0.127
58000,0.050,0.835,0.115
58500,0.050,0.855,0.095
59000,0.050,0.851,0.099
59500,0.050,0.829,0.121
60000,0.050,0.828,0.122
60500,0.050,0.855,0.095
61000,0.050,0.837,0.113
61500,0.050,0.853,0.097
62000,0.050,0.845,0.105
62500,0.050,0.835,0.115
63000,0.050,0.857,0.093
63500,0.050,0.822,0.128
64000,0.050,0.828,0.122
64500,0.050,0.856,0.094
65000,0.050,0.846,0.104
65500,0.050,0.855,0.095
66000,0.050,0.861,0.089
66500,0.050,0.860,0.090
67000,0.050,0.857,0.093
67500,0.050,0.865,0.085
68000,0.050,0.881,0.069
68500,0.050,0.854,0.096
69000,0.050,0.842,0.108
69500,0.050,0.840,0.110
70000,0.050,0.842,0.108
70500,0.050,0.857,0.093
71000,0.050,0.864,0.086
71500,0.050,0.849,0.101
72000,0.050,0.850,0.100
72500,0.050,0.848,0.102
73000,0.050,0.838,0.112
73500,0.050,0.844,0.106
74000,0.050,0.845,0.105
74500,0.050,0.837,0.113
75000,0.050,0.822,0.128
75500,0.050,0.799,0.150
76000,0.050,0.819,0.131
76500,0.050,0.823,0.127
77000,0.050,0.848,0.102
77500,0.050,0.863,0.087
78000,0.050,0.843,0.107
78500,0.050,0.842,0.108
79000,0.050,0.859,0.091
79500,0.050,0.839,0.111
80000,0.050,0.840,0.110
80500,0.050,0.824,0.126
81000,0.050,0.851,0.099
81500,0.050,0.825,0.125
82000,0.050,0.820,0.130
82500,0.050,0.838,0.112
83000,0.050,0.830,0.120
83500,0.050,0.811,0.138
84000,0.050,0.829,0.121
84500,0.050,0.811,0.139
85000,0.050,0.844,0.106
85500,0.050,0.862,0.088
86000,0.050,0.840,0.110
86500,0.050,0.820,0.130
87000,0.050,0.830,0.120
87500,0.050,0.839,0.111
88000,0.050,0.830,0.120
88500,0.050,0.853,0.097
89000,0.050,0.836,0.114
89500,0.050,0.812,0.137
90000,0.050,0.824,0.126
90500,0.050,0.819,0.131
91000,0.050,0.845,0.105
91500,0.050,0.850,0.100
92000,0.050,0.847,0.103
92500,0.050,0.843,0.107
93000,0.050,0.849,0.101
93500,0.050,0.842,0.108
94000,0.050,0.854,0.096
94500,0.050,0.844,0.106
95000,0.050,0.828,0.122
95500,0.050,0.836,0.114
96000,0.050,0.832,0.118
96500,0.050,0.847,0.103
97000,0.050,0.847,0.103
97500,0.050,0.845,0.105
98000,0.050,0.849,0.101
98500,0.050,0.832,0.118
99000,0.050,0.839,0.111
99500,0.050,0.851,0.099
100000,0.050,0.843,0.107
100500,0.050,0.854,0.096
101000,0.050,0.865,0.085
101500,0.050,0.849,0.101
102000,0.050,0.815,0.135
102500,0.050,0.827,0.123
103000,0.050,0.834,0.116
103500,0.050,0.840,0.110
104000,0.050,0.828,0.122
104500,0.050,0.849,0.101
105000,0.050,0.840,0.110
105500,0.050,0.822,0.128
106000,0.050,0.766,0.184
106500,0.050,0.793,0.157
107000,0.050,0.822,0.128
107500,0.050,0.801,0.148
108000,0.050,0.843,0.107
108500,0.050,0.855,0.095
109000,0.050,0.851,0.099
109500,0.050,0.849,0.101
110000,0.050,0.843,0.107
110500,0.050,0.819,0.131
111000,0.050,0.804,0.145
111500,0.050,0.824,0.126
112000,0.050,0.850,0.100
112500,0.050,0.849,0.101
113000,0.050,0.857,0.093
113500,0.050,0.841,0.109
114000,0.050,0.831,0.119
114500,0.050,0.819,0.131
115000,0.050,0.842,0.108
115500,0.050,0.839,0.111
116000,0.050,0.856,0.094
116500,0.050,0.882,0.068
117000,0.050,0.841,0.109
117500,0.050,0.871,0.079
118000,0.050,0.842,0.108
118500,0.050,0.844,0.106
119000,0.050,0.832,0.118
119500,0.050,0.831,0.119
120000,0.050,0.817,0.133
120500,0.050,0.815,0.135
121000,0.050,0.844,0.106
121500,0.050,0.841,0.109
122000,0.050,0.851,0.099
122500,0.050,0.844,0.106
123000,0.050,0.836,0.114
123500,0.050,0.832,0.118
124000,0.050,0.838,0.112
124500,0.050,0.827,0.123
125000,0.050,0.837,0.113
125500,0.050,0.829,0.121
126000,0.050,0.833,0.117
126500,0.050,0.807,0.142
127000,0.050,0.816,0.134
127500,0.050,0.811,0.138
128000,0.050,0.812,0.137
128500,0.050,0.802,0.147
129000,0.050,0.795,0.155
129500,0.050,0.842,0.108
130000,0.050,0.840,0.110
130500,0.050,0.847,0.103
131000,0.050,0.832,0.118
131500,0.050,0.833,0.117
132000,0.050,0.848,0.102
132500,0.050,0.847,0.103
133000,0.050,0.840,0.110
133500,0.050,0.829,0.121
134000,0.050,0.839,0.111
134500,0.050,0.842,0.108
135000,0.050,0.831,0.119
135500,0.050,0.844,0.106
136000,0.050,0.847,0.103
136500,0.050,0.837,0.113
137000,0.050,0.837,0.113
137500,0.050,0.853,0.097
138000,0.050,0.822,0.128
138500,0.050,0.808,0.142
139000,0.050,0.814,0.136
139500,0.050,0.815,0.135
140000,0.050,0.836,0.114
140500,0.050,0.801,0.148
141000,0.050,0.818,0.132
141500,0.050,0.822,0.128
142000,0.050,0.842,0.108
142500,0.050,0.851,0.099
143000,0.050,0.830,0.120
143500,0.050,0.846,0.104
144000,0.050,0.828,0.122
144500,0.050,0.842,0.108
145000,0.050,0.845,0.105
145500,0.050,0.814,0.136
146000,0.050,0.821,0.129
146500,0.050,0.804,0.146
147000,0.050,0.832,0.118
147500,0.050,0.815,0.135
148000,0.050,0.822,0.128
148500,0.050,0.819,0.131
149000,0.050,0.804,0.145
149500,0.050,0.795,0.155
150000,0.050,0.798,0.151
150500,0.050,0.813,0.137
151000,0.050,0.829,0.121
151500,0.050,0.836,0.114
152000,0.050,0.840,0.110
152500,0.050,0.843,0.107
153000,0.050,0.848,0.102
153500,0.050,0.856,0.094
154000,0.050,0.826,0.124
154500,0.050,0.814,0.136
155000,0.050,0.830,0.120
155500,0.050,0.826,0.124
156000,0.050,0.821,0.129
156500,0.050,0.819,0.131
157000,0.050,0.844,0.106
157500,0.050,0.827,0.123
158000,0.050,0.809,0.140
158500,0.050,0.824,0.126
159000,0.050,0.848,0.102
159500,0.050,0.840,0.110
160000,0.050,0.856,0.094
160500,0.050,0.849,0.101
161000,0.050,0.839,0.111
161500,0.050,0.847,0.103
162000,0.050,0.853,0.097
162500,0.050,0.816,0.134
163000,0.050,0.814,0.136
163500,0.050,0.829,0.121
164000,0.050,0.822,0.128
164500,0.050,0.848,0.102
165000,0.050,0.812,0.138
165500,0.050,0.813,0.137
166000,0.050,0.819,0.131
166500,0.050,0.846,0.104
167000,0.050,0.859,0.091
167500,0.050,0.836,0.114
168000,0.050,0.838,0.112
168500,0.050,0.837,0.113
169000,0.050,0.820,0.130
169500,0.050,0.829,0.121
170000,0.050,0.828,0.122
170500,0.050,0.818,0.132
171000,0.050,0.834,0.116
171500,0.050,0.824,0.126
172000,0.050,0.814,0.136
172500,0.050,0.814,0.136
173000,0.050,0.822,0.128
173500,0.050,0.820,0.130
174000,0.050,0.855,0.095
174500,0.050,0.854,0.096
175000,0.050,0.847,0.103
175500,0.050,0.847,0.103
176000,0.050,0.816,0.134
176500,0.050,0.805,0.145
177000,0.050,0.842,0.108
177500,0.050,0.829,0.121
178000,0.050,0.829,0.121
178500,0.050,0.841,0.109
179000,0.050,0.826,0.124
179500,0.050,0.820,0.130
180000,0.050,0.836,0.114
180500,0.050,0.831,0.119
181000,0.050,0.838,0.112
181500,0.050,0.842,0.108
182000,0.050,0.843,0.107
182500,0.050,0.842,0.108
183000,0.050,0.856,0.094
183500,0.050,0.839,0.111
184000,0.050,0.845,0.105
184500,0.050,0.848,0.102
185000,0.050,0.837,0.113
185500,0.050,0.817,0.133
186000,0.050,0.832,0.118
186500,0.050,0.836,0.114
187000,0.050,0.841,0.109
187500,0.050,0.822,0.128
188000,0.050,0.830,0.120
188500,0.050,0.829,0.121
189000,0.050,0.831,0.119
189500,0.050,0.842,0.108
190000,0.050,0.839,0.111
190500,0.050,0.853,0.097
191000,0.050,0.865,0.085
191500,0.050,0.858,0.092
192000,0.050,0.865,0.085
192500,0.050,0.856,0.094
193000,0.050,0.834,0.116
193500,0.050,0.835,0.115
194000,0.050,0.850,0.100
194500,0.050,0.828,0.122
195000,0.050,0.822,0.128
195500,0.050,0.821,0.129
196000,0.050,0.825,0.125
196500,0.050,0.808,0.142
197000,0.050,0.845,0.105
197500,0.050,0.840,0.110
198000,0.050,0.838,0.112
198500,0.050,0.853,0.097
199000,0.050,0.833,0.117
199500,0.050,0.843,0.107
200000,0.050,0.851,0.099
200500,0.050,0.849,0.101
201000,0.050,0.860,0.090
201500,0.050,0.875,0.075
202000,0.050,0.858,0.092
202500,0.050,0.837,0.113
203000,0.050,0.843,0.107
203500,0.050,0.843,0.107
204000,0.050,0.837,0.113
204500,0.050,0.839,0.111
205000,0.050,0.840,0.110
205500,0.050,0.810,0.140
206000,0.050,0.835,0.115
206500,0.050,0.833,0.117
207000,0.050,0.823,0.127
207500,0.050,0.832,0.118
208000,0.050,0.807,0.142
208500,0.050,0.822,0.128
209000,0.050,0.832,0.118
209500,0.050,0.810,0.140
210000,0.050,0.821,0.129
210500,0.050,0.822,0.128
211000,0.050,0.808,0.142
211500,0.050,0.819,0.131
212000,0.050,0.822,0.128
212500,0.050,0.830,0.120
213000,0.050,0.832,0.118
213500,0.050,0.839,0.111
214000,0.050,0.854,0.096
214500,0.050,0.850,0.100
215000,0.050,0.859,0.091
215500,0.050,0.837,0.113
216000,0.050,0.814,0.136
216500,0.050,0.818,0.132
217000,0.050,0.823,0.127
217500,0.050,0.825,0.125
218000,0.050,0.860,0.090
218500,0.050,0.857,0.093
219000,0.050,0.834,0.116
219500,0.050,0.848,0.102
220000,0.050,0.843,0.107
220500,0.050,0.848,0.102
221000,0.050,0.842,0.108
221500,0.050,0.844,0.106
222000,0.050,0.834,0.116
222500,0.050,0.822,0.128
223000,0.050,0.827,0.123
223500,0.050,0.850,0.100
224000,0.050,0.840,0.110
224500,0.050,0.832,0.118
225000,0.050,0.838,0.112
225500,0.050,0.838,0.112
226000,0.050,0.839,0.111
226500,0.050,0.852,0.098
227000,0.050,0.835,0.115
227500,0.050,0.849,0.101
228000,0.050,0.861,0.089
228500,0.050,0.866,0.084
229000,0.050,0.889,0.061
229500,0.050,0.885,0.065
230000,0.050,0.838,0.112
230500,0.050,0.862,0.088
231000,0.050,0.849,0.101
231500,0.050,0.843,0.107
232000,0.050,0.810,0.140
232500,0.050,0.812,0.137
233000,0.050,0.795,0.154
233500,0.050,0.812,0.137
234000,0.050,0.823,0.127
234500,0.050,0.823,0.127
235000,0.050,0.830,0.120
235500,0.050,0.838,0.112
236000,0.050,0.818,0.132
236500,0.050,0.828,0.122
237000,0.050,0.811,0.139
237500,0.050,0.831,0.119
238000,0.050,0.835,0.115
238500,0.050,0.839,0.111
239000,0.050,0.817,0.133
239500,0.050,0.813,0.137
240000,0.050,0.830,0.120
240500,0.051,0.811,0.137
241000,0.051,0.829,0.121
241500,0.050,0.815,0.135
242000,0.050,0.826,0.124
242500,0.050,0.843,0.107
243000,0.050,0.828,0.122
243500,0.050,0.845,0.105
244000,0.050,0.848,0.102
244500,0.050,0.854,0.096
245000,0.050,0.843,0.107
245500,0.050,0.852,0.098
246000,0.050,0.835,0.115
246500,0.050,0.843,0.107
247000,0.050,0.851,0.099
247500,0.050,0.835,0.115
248000,0.050,0.848,0.102
248500,0.050,0.836,0.114
249000,0.050,0.875,0.075
249500,0.050,0.843,0.107
250000,0.050,0.837,0.113
250500,0.050,0.852,0.098
251000,0.050,0.802,0.148
251500,0.050,0.811,0.139
252000,0.050,0.838,0.112
252500,0.050,0.840,0.110
253000,0.050,0.842,0.108
253500,0.050,0.831,0.119
254000,0.050,0.833,0.117
254500,0.050,0.804,0.146
255000,0.050,0.839,0.111
255500,0.050,0.837,0.113
256000,0.050,0.838,0.112
256500,0.050,0.834,0.116
257000,0.050,0.830,0.120
257500,0.050,0.834,0.116
258000,0.050,0.834,0.116
258500,0.050,0.809,0.141
259000,0.050,0.840,0.110
259500,0.050,0.836,0.114
260000,0.050,0.850,0.100
260500,0.050,0.861,0.089
261000,0.050,0.843,0.107
261500,0.050,0.830,0.120
262000,0.050,0.831,0.119
262500,0.050,0.843,0.107
263000,0.050,0.826,0.124
263500,0.050,0.831,0.119
264000,0.050,0.831,0.119
264500,0.050,0.797,0.152
265000,0.050,0.819,0.131
265500,0.050,0.817,0.133
266000,0.050,0.844,0.106
266500,0.051,0.820,0.130
267000,0.050,0.800,0.149
267500,0.050,0.830,0.120
268000,0.050,0.800,0.150
268500,0.050,0.810,0.140
269000,0.050,0.817,0.133
269500,0.050,0.825,0.125
270000,0.050,0.835,0.115
270500,0.050,0.814,0.136
271000,0.050,0.802,0.148
271500,0.050,0.807,0.142
272000,0.050,0.810,0.139
272500,0.050,0.801,0.149
273000,0.050,0.803,0.147
273500,0.050,0.784,0.165
274000,0.050,0.804,0.145
274500,0.050,0.816,0.134
275000,0.050,0.794,0.155
275500,0.050,0.795,0.155
276000,0.050,0.816,0.134
276500,0.050,0.825,0.125
277000,0.050,0.832,0.118
277500,0.050,0.826,0.124
278000,0.050,0.812,0.137
278500,0.050,0.827,0.123
279000,0.050,0.830,0.120
279500,0.050,0.851,0.099
280000,0.050,0.828,0.122
280500,0.050,0.828,0.122
281000,0.050,0.846,0.104
281500,0.050,0.834,0.116
282000,0.050,0.801,0.149
282500,0.050,0.829,0.121
283000,0.050,0.828,0.122
283500,0.050,0.818,0.132
284000,0.050,0.819,0.131
284500,0.050,0.800,0.150
285000,0.050,0.826,0.124
285500,0.050,0.848,0.102
286000,0.050,0.871,0.079
286500,0.050,0.875,0.075
287000,0.050,0.855,0.095
287500,0.050,0.858,0.092
288000,0.050,0.834,0.116
288500,0.050,0.864,0.086
289000,0.050,0.839,0.111
289500,0.050,0.839,0.111
290000,0.050,0.814,0.136
290500,0.050,0.833,0.117
291000,0.050,0.816,0.134
291500,0.050,0.831,0.119
292000,0.050,0.844,0.106
292500,0.050,0.825,0.125
293000,0.050,0.835,0.115
293500,0.050,0.846,0.104
294000,0.050,0.842,0.108
294500,0.050,0.822,0.128
295000,0.050,0.817,0.133
295500,0.050,0.806,0.143
296000,0.050,0.807,0.143
296500,0.050,0.787,0.162
297000,0.050,0.820,0.130
297500,0.050,0.806,0.143
298000,0.050,0.806,0.144
298500,0.051,0.804,0.145
299000,0.051,0.839,0.111
299500,0.050,0.835,0.115
300000,0.050,0.824,0.126
300500,0.050,0.855,0.095
301000,0.050,0.821,0.129
301500,0.050,0.824,0.126
302000,0.050,0.829,0.121
302500,0.050,0.823,0.127
303000,0.050,0.839,0.111
303500,0.050,0.832,0.118
304000,0.050,0.829,0.121
304500,0.050,0.818,0.132
305000,0.050,0.819,0.131
305500,0.050,0.828,0.122
306000,0.050,0.823,0.127
306500,0.050,0.812,0.138
307000,0.050,0.821,0.129
307500,0.050,0.852,0.098
308000,0.050,0.848,0.102
308500,0.050,0.861,0.089
309000,0.050,0.862,0.088
309500,0.050,0.859,0.091
310000,0.050,0.844,0.106
310500,0.050,0.835,0.115
311000,0.050,0.861,0.089
311500,0.050,0.863,0.087
312000,0.050,0.849,0.101
312500,0.050,0.842,0.108
313000,0.050,0.836,0.114
313500,0.050,0.842,0.108
314000,0.050,0.822,0.128
314500,0.050,0.830,0.120
315000,0.050,0.839,0.111
315500,0.050,0.829,0.121
316000,0.050,0.809,0.140
316500,0.050,0.821,0.129
317000,0.050,0.839,0.111
317500,0.050,0.847,0.103
318000,0.050,0.849,0.101
318500,0.050,0.834,0.116
319000,0.050,0.847,0.103
319500,0.050,0.834,0.116
320000,0.050,0.847,0.103
320500,0.050,0.844,0.106
321000,0.050,0.834,0.116
321500,0.050,0.840,0.110
322000,0.050,0.844,0.106
322500,0.050,0.835,0.115
323000,0.050,0.827,0.123
323500,0.050,0.820,0.130
324000,0.050,0.842,0.108
324500,0.050,0.819,0.131
325000,0.050,0.847,0.103
325500,0.050,0.858,0.092
326000,0.050,0.854,0.096
326500,0.050,0.854,0.096
327000,0.050,0.832,0.118
327500,0.050,0.840,0.110
328000,0.050,0.862,0.088
328500,0.050,0.858,0.092
329000,0.050,0.855,0.095
329500,0.050,0.863,0.087
330000,0.050,0.846,0.104
330500,0.050,0.843,0.107
331000,0.050,0.851,0.099
331500,0.050,0.861,0.089
332000,0.050,0.871,0.079
332500,0.050,0.866,0.084
333000,0.050,0.857,0.093
333500,0.050,0.843,0.107
334000,0.050,0.836,0.114
334500,0.050,0.839,0.111
335000,0.050,0.827,0.123
335500,0.050,0.816,0.134
336000,0.050,0.806,0.144
336500,0.050,0.825,0.125
337000,0.050,0.819,0.131
337500,0.050,0.817,0.133
338000,0.050,0.833,0.117
338500,0.050,0.840,0.110
339000,0.050,0.827,0.123
339500,0.050,0.830,0.120
340000,0.050,0.819,0.131
340500,0.050,0.817,0.133
341000,0.050,0.825,0.125
341500,0.050,0.828,0.122
342000,0.050,0.805,0.144
342500,0.050,0.807,0.142
343000,0.050,0.829,0.121
343500,0.050,0.832,0.118
344000,0.050,0.846,0.104
344500,0.050,0.831,0.119
345000,0.050,0.825,0.125
345500,0.050,0.832,0.118
346000,0.050,0.844,0.106
346500,0.050,0.850,0.100
347000,0.050,0.824,0.126
347500,0.050,0.829,0.121
348000,0.050,0.810,0.139
348500,0.050,0.832,0.118
349000,0.050,0.826,0.124
349500,0.050,0.834,0.116
350000,0.050,0.819,0.131
350500,0.050,0.801,0.149
351000,0.050,0.801,0.149
351500,0.050,0.829,0.121
352000,0.050,0.806,0.144
352500,0.050,0.821,0.129
353000,0.050,0.813,0.137
353500,0.050,0.825,0.125
354000,0.050,0.844,0.106
354500,0.050,0.835,0.115
355000,0.050,0.849,0.101
355500,0.050,0.816,0.134
356000,0.050,0.846,0.104
356500,0.050,0.857,0.093
357000,0.050,0.866,0.084
357500,0.050,0.854,0.096
358000,0.050,0.834,0.116
358500,0.050,0.828,0.122
359000,0.050,0.827,0.123
359500,0.050,0.844,0.106
360000,0.050,0.833,0.117
360500,0.050,0.844,0.106
361000,0.050,0.817,0.133
361500,0.050,0.802,0.147
362000,0.050,0.817,0.133
362500,0.050,0.842,0.108
363000,0.050,0.813,0.137
363500,0.050,0.814,0.136
364000,0.050,0.835,0.115
364500,0.050,0.812,0.138
365000,0.050,0.834,0.116
365500,0.050,0.846,0.104
366000,0.050,0.843,0.107
366500,0.050,0.852,0.098
367000,0.050,0.858,0.092
367500,0.050,0.851,0.099
368000,0.050,0.839,0.111
368500,0.050,0.810,0.139
369000,0.050,0.821,0.129
369500,0.050,0.834,0.116
370000,0.050,0.835,0.115
370500,0.050,0.851,0.099
371000,0.050,0.850,0.100
371500,0.050,0.848,0.102
372000,0.050,0.825,0.125
372500,0.050,0.849,0.101
373000,0.050,0.834,0.116
373500,0.051,0.847,0.102
374000,0.051,0.862,0.087
374500,0.051,0.847,0.103
375000,0.051,0.862,0.088
375500,0.050,0.821,0.129
376000,0.050,0.833,0.117
376500,0.050,0.820,0.130
377000,0.050,0.822,0.128
377500,0.050,0.834,0.116
378000,0.050,0.848,0.102
378500,0.050,0.832,0.118
379000,0.050,0.819,0.131
379500,0.050,0.815,0.135
380000,0.050,0.803,0.146
380500,0.050,0.801,0.149
381000,0.050,0.826,0.124
381500,0.050,0.832,0.118
382000,0.050,0.835,0.115
382500,0.050,0.828,0.122
383000,0.050,0.833,0.117
383500,0.050,0.824,0.126
384000,0.050,0.818,0.132
384500,0.050,0.812,0.137
385000,0.050,0.797,0.152
385500,0.050,0.808,0.142
386000,0.050,0.832,0.118
386500,0.050,0.834,0.116
387000,0.050,0.831,0.119
387500,0.050,0.835,0.115
388000,0.050,0.835,0.115
388500,0.051,0.852,0.097
389000,0.050,0.816,0.134
389500,0.050,0.849,0.101
390000,0.050,0.840,0.110
390500,0.050,0.835,0.115
391000,0.050,0.840,0.110
391500,0.050,0.843,0.107
392000,0.050,0.839,0.111
392500,0.050,0.825,0.125
393000,0.050,0.858,0.092
393500,0.050,0.848,0.102
394000,0.050,0.851,0.099
394500,0.050,0.859,0.091
395000,0.050,0.847,0.103
395500,0.050,0.853,0.097
396000,0.050,0.853,0.097
396500,0.050,0.835,0.115
397000,0.050,0.845,0.105
397500,0.050,0.876,0.074
398000,0.050,0.854,0.096
398500,0.050,0.825,0.125
399000,0.050,0.837,0.113
399500,0.050,0.846,0.104
400000,0.050,0.844,0.106
400500,0.050,0.813,0.137
401000,0.050,0.814,0.136
401500,0.050,0.803,0.147
402000,0.050,0.814,0.136
402500,0.050,0.832,0.118
403000,0.050,0.847,0.103
403500,0.050,0.841,0.109
404000,0.050,0.829,0.121
404500,0.050,0.795,0.155
405000,0.050,0.821,0.129
405500,0.050,0.802,0.148
406000,0.050,0.805,0.145
406500,0.050,0.805,0.145
407000,0.050,0.817,0.133
407500,0.050,0.816,0.134
408000,0.050,0.807,0.142
408500,0.050,0.826,0.124
409000,0.050,0.825,0.125
409500,0.050,0.814,0.136
410000,0.050,0.852,0.098
410500,0.050,0.876,0.074
411000,0.050,0.857,0.093
411500,0.050,0.847,0.103
412000,0.050,0.810,0.140
412500,0.050,0.844,0.106
413000,0.050,0.830,0.120
413500,0.050,0.839,0.111
414000,0.050,0.832,0.118
414500,0.050,0.834,0.116
415000,0.050,0.844,0.106
415500,0.050,0.833,0.117
416000,0.050,0.856,0.094
416500,0.050,0.843,0.107
417000,0.050,0.818,0.132
417500,0.050,0.850,0.100
418000,0.050,0.836,0.114
418500,0.050,0.826,0.124
419000,0.050,0.843,0.107
419500,0.050,0.834,0.116
420000,0.050,0.861,0.089
420500,0.050,0.871,0.079
421000,0.050,0.857,0.093
421500,0.050,0.851,0.099
422000,0.050,0.831,0.119
422500,0.050,0.847,0.103
423000,0.050,0.844,0.106
423500,0.050,0.813,0.137
424000,0.050,0.812,0.138
424500,0.050,0.797,0.152
425000,0.050,0.816,0.134
425500,0.050,0.779,0.170
426000,0.050,0.819,0.131
426500,0.050,0.822,0.128
427000,0.050,0.838,0.112
427500,0.050,0.856,0.094
428000,0.050,0.845,0.105
428500,0.050,0.826,0.124
429000,0.050,0.839,0.111
429500,0.050,0.856,0.094
430000,0.050,0.856,0.094
430500,0.050,0.850,0.100
431000,0.050,0.857,0.093
431500,0.050,0.850,0.100
432000,0.050,0.839,0.111
432500,0.050,0.863,0.087
433000,0.050,0.861,0.089
433500,0.050,0.843,0.107
434000,0.050,0.844,0.106
434500,0.050,0.820,0.130
435000,0.050,0.795,0.155
435500,0.050,0.807,0.143
436000,0.050,0.805,0.145
436500,0.050,0.821,0.129
437000,0.050,0.818,0.132
437500,0.050,0.834,0.116
438000,0.050,0.837,0.113
438500,0.050,0.849,0.101
439000,0.050,0.834,0.116
439500,0.050,0.837,0.113
440000,0.050,0.829,0.121
440500,0.050,0.817,0.133
441000,0.050,0.843,0.107
441500,0.050,0.828,0.122
442000,0.050,0.832,0.118
442500,0.050,0.831,0.119
443000,0.050,0.834,0.116
443500,0.050,0.832,0.118
444000,0.050,0.850,0.100
444500,0.050,0.831,0.119
445000,0.050,0.812,0.137
445500,0.050,0.810,0.139
446000,0.050,0.845,0.105
446500,0.050,0.832,0.118
447000,0.050,0.833,0.117
447500,0.050,0.848,0.102
448000,0.050,0.851,0.099
448500,0.050,0.817,0.133
449000,0.050,0.828,0.122
449500,0.050,0.842,0.108
450000,0.050,0.851,0.099
450500,0.050,0.863,0.087
451000,0.050,0.866,0.084
451500,0.050,0.865,0.085
452000,0.050,0.869,0.081
452500,0.050,0.859,0.091
453000,0.050,0.855,0.095
453500,0.050,0.828,0.122
454000,0.050,0.832,0.118
454500,0.050,0.831,0.119
455000,0.050,0.824,0.126
455500,0.050,0.835,0.115
456000,0.050,0.835,0.115
456500,0.050,0.820,0.130
457000,0.050,0.838,0.112
457500,0.050,0.852,0.098
458000,0.050,0.847,0.103
458500,0.050,0.838,0.112
459000,0.050,0.798,0.151
459500,0.050,0.809,0.140
460000,0.050,0.835,0.115
460500,0.050,0.851,0.099
461000,0.050,0.848,0.102
461500,0.050,0.862,0.088
462000,0.050,0.840,0.110
462500,0.050,0.831,0.119
463000,0.050,0.825,0.125
463500,0.050,0.834,0.116
464000,0.050,0.831,0.119
464500,0.050,0.816,0.134
465000,0.050,0.824,0.126
465500,0.050,0.820,0.130
466000,0.050,0.819,0.131
466500,0.050,0.840,0.110
467000,0.050,0.862,0.088
467500,0.050,0.836,0.114
468000,0.050,0.837,0.113
468500,0.050,0.850,0.100
469000,0.050,0.843,0.107
469500,0.050,0.834,0.116
470000,0.050,0.854,0.096
470500,0.050,0.859,0.091
471000,0.050,0.854,0.096
471500,0.050,0.847,0.103
472000,0.050,0.820,0.130
472500,0.050,0.842,0.108
473000,0.050,0.840,0.110
473500,0.050,0.839,0.111
474000,0.050,0.862,0.088
474500,0.050,0.861,0.089
475000,0.050,0.839,0.111
475500,0.050,0.830,0.120
476000,0.050,0.842,0.108
476500,0.050,0.829,0.121
477000,0.050,0.849,0.101
477500,0.050,0.841,0.109
478000,0.050,0.812,0.138
478500,0.050,0.833,0.117
479000,0.050,0.837,0.113
479500,0.050,0.846,0.104
480000,0.050,0.835,0.115
480500,0.050,0.871,0.079
481000,0.050,0.879,0.071
481500,0.050,0.857,0.093
482000,0.050,0.861,0.089
482500,0.050,0.835,0.115
483000,0.050,0.836,0.114
483500,0.050,0.846,0.104
484000,0.050,0.839,0.111
484500,0.050,0.839,0.111
485000,0.050,0.821,0.129
485500,0.050,0.827,0.123
486000,0.050,0.845,0.105
486500,0.050,0.840,0.110
487000,0.050,0.833,0.117
487500,0.050,0.848,0.102
488000,0.050,0.836,0.114
488500,0.050,0.841,0.109
489000,0.050,0.815,0.135
489500,0.050,0.792,0.158
490000,0.050,0.815,0.135
490500,0.050,0.801,0.149
491000,0.050,0.828,0.122
491500,0.050,0.819,0.131
492000,0.050,0.846,0.104
492500,0.050,0.858,0.092
493000,0.050,0.829,0.121
493500,0.050,0.814,0.136
494000,0.050,0.808,0.141
494500,0.050,0.831,0.119
495000,0.050,0.839,0.111
495500,0.050,0.846,0.104
496000,0.050,0.812,0.137
496500,0.050,0.794,0.156
497000,0.050,0.825,0.125
497500,0.050,0.819,0.131
498000,0.050,0.812,0.137
498500,0.050,0.810,0.140
499000,0.050,0.821,0.129
499500,0.050,0.831,0.119
500000,0.050,0.831,0.119
500500,0.050,0.835,0.115
501000,0.050,0.836,0.114
501500,0.050,0.822,0.128
502000,0.050,0.840,0.110
502500,0.050,0.845,0.105
503000,0.050,0.850,0.100
503500,0.050,0.852,0.098
504000,0.050,0.862,0.088
504500,0.050,0.855,0.095
505000,0.050,0.861,0.089
505500,0.050,0.847,0.103
506000,0.050,0.829,0.121
506500,0.050,0.839,0.111
507000,0.050,0.875,0.075
507500,0.050,0.859,0.091
508000,0.050,0.845,0.105
508500,0.050,0.825,0.125
509000,0.050,0.834,0.116
509500,0.052,0.824,0.124
510000,0.050,0.826,0.124
510500,0.050,0.825,0.125
511000,0.050,0.827,0.123
511500,0.050,0.818,0.132
512000,0.050,0.833,0.117
512500,0.050,0.842,0.108
513000,0.050,0.839,0.111
513500,0.050,0.856,0.094
514000,0.050,0.848,0.102
514500,0.050,0.846,0.104
515000,0.050,0.835,0.115
515500,0.050,0.839,0.111
516000,0.050,0.830,0.120
516500,0.050,0.831,0.119
517000,0.050,0.849,0.101
517500,0.050,0.859,0.091
518000,0.050,0.835,0.115
518500,0.050,0.844,0.106
519000,0.050,0.842,0.108
519500,0.050,0.828,0.122
520000,0.050,0.799,0.151
520500,0.050,0.792,0.157
521000,0.050,0.808,0.142
521500,0.050,0.817,0.133
522000,0.050,0.820,0.130
522500,0.050,0.843,0.107
523000,0.050,0.843,0.107
523500,0.050,0.839,0.111
524000,0.050,0.838,0.112
524500,0.050,0.831,0.119
525000,0.050,0.828,0.122
525500,0.050,0.817,0.133
526000,0.050,0.833,0.117
526500,0.050,0.830,0.120
527000,0.050,0.825,0.125
527500,0.050,0.807,0.142
528000,0.050,0.816,0.134
528500,0.050,0.809,0.141
529000,0.050,0.834,0.116
529500,0.050,0.830,0.120
530000,0.050,0.816,0.134
530500,0.050,0.826,0.124
531000,0.050,0.816,0.134
531500,0.050,0.806,0.143
532000,0.050,0.824,0.126
532500,0.050,0.816,0.134
533000,0.050,0.796,0.153
533500,0.050,0.811,0.138
534000,0.050,0.837,0.113
534500,0.050,0.826,0.124
535000,0.050,0.803,0.146
535500,0.050,0.828,0.122
536000,0.050,0.840,0.110
536500,0.050,0.843,0.107
537000,0.050,0.850,0.100
537500,0.050,0.820,0.130
538000,0.050,0.826,0.124
538500,0.050,0.805,0.145
539000,0.050,0.826,0.124
539500,0.050,0.839,0.111
540000,0.050,0.839,0.111
540500,0.050,0.840,0.110
541000,0.050,0.846,0.104
541500,0.050,0.832,0.118
542000,0.050,0.826,0.124
542500,0.050,0.839,0.111
543000,0.050,0.822,0.128
543500,0.050,0.826,0.124
544000,0.050,0.850,0.100
544500,0.050,0.866,0.084
545000,0.050,0.878,0.072
545500,0.050,0.882,0.068
546000,0.050,0.876,0.074
546500,0.050,0.846,0.104
547000,0.050,0.831,0.119
547500,0.050,0.834,0.116
548000,0.050,0.858,0.092
548500,0.050,0.862,0.088
549000,0.050,0.845,0.105
549500,0.050,0.859,0.091
550000,0.050,0.842,0.108
550500,0.050,0.825,0.125
551000,0.050,0.819,0.131
551500,0.050,0.834,0.116
552000,0.050,0.805,0.145
552500,0.050,0.810,0.140
553000,0.050,0.817,0.133
553500,0.050,0.834,0.116
554000,0.050,0.836,0.114
554500,0.050,0.830,0.120
555000,0.050,0.845,0.105
555500,0.050,0.857,0.093
556000,0.050,0.853,0.097
556500,0.050,0.848,0.102
557000,0.050,0.856,0.094
557500,0.050,0.827,0.123
558000,0.050,0.828,0.122
558500,0.050,0.818,0.132
559000,0.050,0.821,0.129
559500,0.050,0.822,0.128
560000,0.050,0.810,0.139
560500,0.050,0.827,0.123
561000,0.050,0.832,0.118
561500,0.050,0.831,0.119
562000,0.050,0.838,0.112
562500,0.050,0.831,0.119
563000,0.050,0.811,0.139
563500,0.050,0.823,0.127
564000,0.050,0.843,0.107
564500,0.050,0.834,0.116
565000,0.050,0.833,0.117
565500,0.050,0.844,0.106
566000,0.050,0.861,0.089
566500,0.050,0.858,0.092
567000,0.050,0.841,0.109
567500,0.050,0.848,0.102
568000,0.050,0.839,0.111
568500,0.050,0.846,0.104
569000,0.050,0.854,0.096
569500,0.050,0.838,0.112
570000,0.050,0.808,0.141
570500,0.050,0.841,0.109
571000,0.050,0.803,0.146
571500,0.050,0.803,0.146
572000,0.050,0.801,0.148
572500,0.050,0.814,0.136
573000,0.050,0.787,0.162
573500,0.050,0.774,0.176
574000,0.050,0.797,0.153
574500,0.050,0.817,0.133
575000,0.050,0.843,0.107
575500,0.050,0.852,0.098
576000,0.050,0.842,0.108
576500,0.050,0.832,0.118
577000,0.050,0.839,0.111
577500,0.050,0.840,0.110
578000,0.050,0.876,0.074
578500,0.050,0.857,0.093
579000,0.050,0.851,0.099
579500,0.050,0.828,0.122
580000,0.050,0.857,0.093
580500,0.050,0.851,0.099
581000,0.050,0.859,0.091
581500,0.050,0.863,0.087
582000,0.050,0.862,0.088
582500,0.050,0.850,0.100
583000,0.050,0.839,0.111
583500,0.050,0.822,0.128
584000,0.050,0.825,0.125
584500,0.050,0.816,0.134
585000,0.050,0.809,0.140
585500,0.050,0.828,0.122
586000,0.050,0.822,0.128
586500,0.050,0.832,0.118
587000,0.050,0.817,0.133
587500,0.050,0.839,0.111
588000,0.050,0.839,0.111
588500,0.050,0.843,0.107
589000,0.050,0.848,0.102
589500,0.050,0.831,0.119
590000,0.050,0.833,0.117
590500,0.050,0.812,0.138
591000,0.050,0.827,0.123
591500,0.050,0.840,0.110
592000,0.050,0.862,0.088
592500,0.050,0.842,0.108
593000,0.050,0.839,0.111
593500,0.050,0.830,0.120
594000,0.050,0.828,0.122
594500,0.050,0.842,0.108
595000,0.050,0.841,0.109
595500,0.050,0.867,0.083
596000,0.050,0.841,0.109
596500,0.050,0.846,0.104
597000,0.050,0.848,0.102
597500,0.050,0.844,0.106
598000,0.050,0.856,0.094
598500,0.050,0.852,0.098
599000,0.050,0.870,0.080
599500,0.050,0.844,0.106
600000,0.050,0.826,0.124
600500,0.050,0.803,0.146
601000,0.050,0.819,0.131
601500,0.050,0.823,0.127
602000,0.050,0.856,0.094
602500,0.050,0.835,0.115
603000,0.050,0.824,0.126
603500,0.050,0.832,0.118
604000,0.050,0.841,0.109
604500,0.050,0.864,0.086
605000,0.050,0.834,0.116
605500,0.050,0.829,0.121
606000,0.050,0.843,0.107
606500,0.050,0.834,0.116
607000,0.050,0.843,0.107
607500,0.050,0.833,0.117
608000,0.050,0.805,0.144
608500,0.050,0.813,0.137
609000,0.050,0.823,0.127
609500,0.050,0.817,0.133
610000,0.050,0.820,0.130
610500,0.050,0.830,0.120
611000,0.050,0.857,0.093
611500,0.050,0.841,0.109
612000,0.050,0.824,0.126
612500,0.050,0.810,0.140
613000,0.050,0.807,0.142
613500,0.050,0.804,0.145
614000,0.050,0.839,0.111
614500,0.050,0.821,0.129
615000,0.050,0.796,0.153
615500,0.050,0.794,0.155
616000,0.050,0.791,0.159
616500,0.050,0.824,0.126
617000,0.050,0.849,0.101
617500,0.050,0.834,0.116
618000,0.050,0.867,0.083
618500,0.050,0.876,0.074
619000,0.050,0.863,0.087
619500,0.050,0.822,0.128
620000,0.050,0.820,0.130
620500,0.050,0.857,0.093
621000,0.050,0.842,0.108
621500,0.050,0.807,0.143
622000,0.050,0.825,0.125
622500,0.050,0.826,0.124
623000,0.050,0.830,0.120
623500,0.050,0.822,0.128
624000,0.050,0.815,0.135
624500,0.050,0.816,0.134
625000,0.050,0.828,0.122
625500,0.050,0.847,0.103
626000,0.050,0.847,0.103
626500,0.050,0.821,0.129
627000,0.050,0.849,0.101
627500,0.050,0.824,0.126
628000,0.050,0.821,0.129
628500,0.050,0.840,0.110
629000,0.050,0.834,0.116
629500,0.050,0.838,0.112
630000,0.050,0.837,0.113
630500,0.050,0.843,0.107
631000,0.050,0.820,0.130
631500,0.050,0.831,0.119
632000,0.050,0.815,0.135
632500,0.050,0.809,0.141
633000,0.050,0.848,0.102
633500,0.050,0.854,0.096
634000,0.050,0.835,0.115
634500,0.050,0.847,0.103
635000,0.050,0.839,0.111
635500,0.050,0.829,0.121
636000,0.050,0.831,0.119
636500,0.050,0.807,0.142
637000,0.050,0.838,0.112
637500,0.050,0.856,0.094
638000,0.050,0.849,0.101
638500,0.050,0.857,0.093
639000,0.050,0.839,0.111
639500,0.050,0.806,0.143
640000,0.050,0.813,0.137
640500,0.050,0.789,0.161
641000,0.050,0.784,0.166
641500,0.050,0.828,0.122
642000,0.050,0.833,0.117
642500,0.050,0.811,0.138
643000,0.050,0.816,0.134
643500,0.050,0.807,0.142
644000,0.050,0.832,0.118
644500,0.050,0.821,0.129
645000,0.050,0.835,0.115
645500,0.050,0.838,0.112
646000,0.050,0.847,0.103
646500,0.050,0.844,0.106
647000,0.050,0.853,0.097
647500,0.050,0.834,0.116
648000,0.050,0.824,0.126
648500,0.050,0.821,0.129
649000,0.050,0.819,0.131
649500,0.050,0.833,0.117
650000,0.050,0.793,0.157
650500,0.050,0.799,0.150
651000,0.050,0.808,0.142
651500,0.050,0.827,0.123
652000,0.050,0.819,0.131
652500,0.050,0.838,0.112
653000,0.050,0.852,0.098
653500,0.050,0.857,0.093
654000,0.050,0.853,0.097
654500,0.050,0.826,0.124
655000,0.050,0.842,0.108
655500,0.050,0.842,0.108
656000,0.050,0.847,0.103
656500,0.050,0.840,0.110
657000,0.050,0.854,0.096
657500,0.050,0.867,0.083
658000,0.050,0.852,0.098
658500,0.050,0.832,0.118
659000,0.050,0.854,0.096
659500,0.050,0.848,0.102
660000,0.050,0.835,0.115
660500,0.050,0.840,0.110
661000,0.050,0.813,0.137
661500,0.050,0.828,0.122
662000,0.050,0.831,0.119
662500,0.050,0.821,0.129
663000,0.050,0.845,0.105
663500,0.050,0.841,0.109
664000,0.050,0.832,0.118
664500,0.050,0.806,0.144
665000,0.050,0.808,0.141
665500,0.050,0.836,0.114
666000,0.050,0.832,0.118
666500,0.050,0.839,0.111
667000,0.050,0.840,0.110
667500,0.050,0.811,0.138
668000,0.050,0.822,0.128
668500,0.050,0.824,0.126
669000,0.050,0.811,0.139
669500,0.050,0.812,0.138
670000,0.050,0.802,0.147
670500,0.050,0.815,0.135
671000,0.050,0.820,0.130
671500,0.050,0.827,0.123
672000,0.050,0.843,0.107
672500,0.050,0.837,0.113
673000,0.050,0.828,0.122
673500,0.050,0.821,0.129
674000,0.050,0.830,0.120
674500,0.050,0.844,0.106
675000,0.050,0.846,0.104
675500,0.050,0.855,0.095
676000,0.050,0.843,0.107
676500,0.050,0.871,0.079
677000,0.050,0.865,0.085
677500,0.050,0.836,0.114
678000,0.050,0.817,0.133
678500,0.050,0.847,0.103
679000,0.050,0.857,0.093
679500,0.050,0.849,0.101
680000,0.050,0.824,0.126
680500,0.050,0.835,0.115
681000,0.050,0.845,0.105
681500,0.050,0.852,0.098
682000,0.050,0.844,0.106
682500,0.050,0.832,0.118
683000,0.050,0.842,0.108
683500,0.050,0.855,0.095
684000,0.050,0.852,0.098
684500,0.050,0.871,0.079
685000,0.050,0.850,0.100
685500,0.050,0.835,0.115
686000,0.050,0.840,0.110
686500,0.050,0.820,0.130
687000,0.050,0.816,0.134
687500,0.050,0.838,0.112
688000,0.050,0.863,0.087
688500,0.050,0.859,0.091
689000,0.050,0.855,0.095
689500,0.050,0.841,0.109
690000,0.050,0.823,0.127
690500,0.050,0.859,0.091
691000,0.050,0.827,0.123
691500,0.050,0.848,0.102
692000,0.050,0.825,0.125
692500,0.050,0.811,0.139
693000,0.050,0.828,0.122
693500,0.050,0.829,0.121
694000,0.050,0.840,0.110
694500,0.050,0.829,0.121
695000,0.050,0.824,0.126
695500,0.050,0.842,0.108
696000,0.050,0.858,0.092
696500,0.050,0.856,0.094
697000,0.050,0.857,0.093
697500,0.050,0.843,0.107
698000,0.050,0.819,0.131
698500,0.050,0.837,0.113
699000,0.050,0.848,0.102
699500,0.050,0.821,0.129
700000,0.050,0.825,0.125
700500,0.050,0.837,0.113
701000,0.050,0.855,0.095
701500,0.050,0.856,0.094
702000,0.050,0.859,0.091
702500,0.050,0.867,0.083
703000,0.050,0.850,0.100
703500,0.050,0.853,0.097
704000,0.050,0.864,0.086
704500,0.050,0.875,0.075
705000,0.050,0.842,0.108
705500,0.050,0.833,0.117
706000,0.050,0.830,0.120
706500,0.050,0.801,0.148
707000,0.050,0.813,0.137
707500,0.050,0.834,0.116
708000,0.050,0.843,0.107
708500,0.050,0.851,0.099
709000,0.050,0.838,0.112
709500,0.050,0.831,0.119
710000,0.050,0.841,0.109
710500,0.050,0.858,0.092
711000,0.050,0.832,0.118
711500,0.050,0.825,0.125
712000,0.050,0.834,0.116
712500,0.050,0.846,0.104
713000,0.050,0.812,0.137
713500,0.050,0.814,0.136
714000,0.050,0.860,0.090
714500,0.050,0.843,0.107
715000,0.050,0.852,0.098
715500,0.050,0.837,0.113
716000,0.050,0.836,0.114
716500,0.050,0.789,0.161
717000,0.050,0.800,0.150
717500,0.050,0.829,0.121
718000,0.050,0.847,0.103
718500,0.050,0.815,0.135
719000,0.050,0.790,0.159
719500,0.050,0.799,0.151
720000,0.050,0.835,0.115
720500,0.050,0.852,0.098
721000,0.050,0.856,0.094
721500,0.050,0.849,0.101
722000,0.050,0.847,0.103
722500,0.050,0.821,0.129
723000,0.050,0.833,0.117
723500,0.050,0.819,0.131
724000,0.050,0.830,0.120
724500,0.050,0.841,0.109
725000,0.050,0.848,0.102
725500,0.050,0.842,0.108
726000,0.050,0.851,0.099
726500,0.050,0.842,0.108
727000,0.050,0.837,0.113
727500,0.050,0.835,0.115
728000,0.050,0.824,0.126
728500,0.050,0.819,0.131
729000,0.050,0.815,0.135
729500,0.050,0.828,0.122
730000,0.050,0.821,0.129
730500,0.050,0.828,0.122
731000,0.050,0.845,0.105
731500,0.050,0.831,0.119
732000,0.050,0.840,0.110
732500,0.050,0.828,0.122
733000,0.050,0.839,0.111
733500,0.050,0.810,0.140
734000,0.050,0.808,0.142
734500,0.050,0.806,0.143
735000,0.050,0.831,0.119
735500,0.050,0.829,0.121
736000,0.050,0.830,0.120
736500,0.050,0.851,0.099
737000,0.050,0.838,0.112
737500,0.050,0.817,0.133
738000,0.050,0.834,0.116
738500,0.050,0.849,0.101
739000,0.050,0.847,0.103
739500,0.050,0.803,0.147
740000,0.050,0.819,0.131
740500,0.050,0.797,0.153
741000,0.050,0.795,0.154
741500,0.050,0.825,0.125
742000,0.050,0.836,0.114
742500,0.050,0.854,0.096
743000,0.050,0.867,0.083
743500,0.050,0.850,0.100
744000,0.050,0.845,0.105
744500,0.050,0.825,0.125
745000,0.050,0.842,0.108
745500,0.050,0.858,0.092
746000,0.050,0.848,0.102
746500,0.050,0.843,0.107
747000,0.050,0.855,0.095
747500,0.050,0.833,0.117
748000,0.050,0.834,0.116
748500,0.050,0.852,0.098
749000,0.050,0.861,0.089
749500,0.050,0.849,0.101
750000,0.050,0.851,0.099
750500,0.050,0.845,0.105
751000,0.050,0.849,0.101
751500,0.050,0.839,0.111
752000,0.050,0.835,0.115
752500,0.050,0.855,0.095
753000,0.050,0.883,0.067
753500,0.050,0.856,0.094
754000,0.050,0.845,0.105
754500,0.050,0.847,0.103
755000,0.050,0.834,0.116
755500,0.050,0.861,0.089
756000,0.050,0.845,0.105
756500,0.050,0.849,0.101
757000,0.050,0.858,0.092
757500,0.050,0.858,0.092
758000,0.050,0.828,0.122
758500,0.050,0.868,0.082
759000,0.050,0.854,0.096
759500,0.050,0.849,0.101
760000,0.050,0.820,0.130
760500,0.050,0.829,0.121
761000,0.050,0.826,0.124
761500,0.050,0.848,0.102
762000,0.050,0.832,0.118
762500,0.050,0.819,0.131
763000,0.050,0.824,0.126
763500,0.050,0.816,0.134
764000,0.050,0.823,0.127
764500,0.050,0.810,0.140
765000,0.050,0.825,0.125
765500,0.050,0.811,0.138
766000,0.050,0.807,0.142
766500,0.050,0.798,0.151
767000,0.050,0.791,0.159
767500,0.050,0.805,0.144
768000,0.050,0.814,0.136
768500,0.050,0.798,0.151
769000,0.050,0.792,0.157
769500,0.050,0.818,0.132
770000,0.050,0.824,0.126
770500,0.050,0.841,0.109
771000,0.050,0.816,0.134
771500,0.050,0.848,0.102
772000,0.050,0.852,0.098
772500,0.050,0.847,0.103
773000,0.050,0.856,0.094
773500,0.050,0.829,0.121
774000,0.050,0.841,0.109
774500,0.050,0.830,0.120
775000,0.050,0.839,0.111
775500,0.050,0.840,0.110
776000,0.050,0.860,0.090
776500,0.050,0.843,0.107
777000,0.050,0.834,0.116
777500,0.050,0.811,0.139
778000,0.050,0.811,0.139
778500,0.050,0.819,0.131
779000,0.050,0.831,0.119
779500,0.050,0.833,0.117
780000,0.050,0.828,0.122
780500,0.050,0.800,0.150
781000,0.050,0.819,0.131
781500,0.050,0.826,0.124
782000,0.050,0.857,0.093
782500,0.050,0.853,0.097
783000,0.050,0.874,0.076
783500,0.050,0.856,0.094
784000,0.050,0.841,0.109
784500,0.050,0.823,0.127
785000,0.050,0.835,0.115
785500,0.050,0.839,0.111
786000,0.050,0.836,0.114
786500,0.050,0.838,0.112
787000,0.050,0.827,0.123
787500,0.050,0.846,0.104
788000,0.050,0.812,0.137
788500,0.050,0.833,0.117
789000,0.050,0.801,0.149
789500,0.050,0.826,0.124
790000,0.050,0.858,0.092
790500,0.050,0.825,0.125
791000,0.050,0.832,0.118
791500,0.050,0.812,0.137
792000,0.050,0.821,0.129
792500,0.050,0.845,0.105
793000,0.050,0.842,0.108
793500,0.050,0.834,0.116
794000,0.050,0.810,0.140
794500,0.050,0.808,0.141
795000,0.050,0.822,0.128
795500,0.050,0.817,0.133
796000,0.050,0.845,0.105
796500,0.050,0.819,0.131
797000,0.050,0.809,0.141
797500,0.050,0.831,0.119
798000,0.050,0.842,0.108
798500,0.050,0.838,0.112
799000,0.050,0.829,0.121
799500,0.050,0.861,0.089
800000,0.050,0.861,0.089
800500,0.050,0.847,0.103
801000,0.050,0.850,0.100
801500,0.050,0.863,0.087
802000,0.050,0.883,0.067
802500,0.050,0.863,0.087
803000,0.050,0.881,0.069
803500,0.050,0.872,0.078
804000,0.050,0.855,0.095
804500,0.050,0.832,0.118
805000,0.050,0.848,0.102
805500,0.050,0.837,0.113
806000,0.050,0.827,0.123
806500,0.050,0.847,0.103
807000,0.050,0.854,0.096
807500,0.050,0.861,0.089
808000,0.050,0.835,0.115
808500,0.050,0.840,0.110
809000,0.050,0.822,0.128
809500,0.050,0.814,0.136
810000,0.050,0.808,0.141
810500,0.050,0.828,0.122
811000,0.050,0.803,0.147
811500,0.050,0.811,0.138
812000,0.050,0.801,0.148
812500,0.050,0.823,0.127
813000,0.050,0.797,0.153
813500,0.050,0.808,0.141
814000,0.050,0.841,0.109
814500,0.050,0.835,0.115
815000,0.050,0.824,0.126
815500,0.050,0.844,0.106
816000,0.050,0.833,0.117
816500,0.050,0.832,0.118
817000,0.050,0.815,0.135
817500,0.050,0.819,0.131
818000,0.050,0.830,0.120
818500,0.050,0.850,0.100
819000,0.050,0.855,0.095
819500,0.050,0.835,0.115
820000,0.050,0.869,0.081
820500,0.050,0.864,0.086
821000,0.050,0.841,0.109
821500,0.050,0.853,0.097
822000,0.050,0.856,0.094
822500,0.050,0.835,0.115
823000,0.050,0.820,0.130
823500,0.050,0.829,0.121
824000,0.050,0.850,0.100
824500,0.050,0.813,0.137
825000,0.050,0.805,0.145
825500,0.050,0.815,0.135
826000,0.050,0.814,0.136
826500,0.050,0.839,0.111
827000,0.050,0.851,0.099
827500,0.050,0.831,0.119
828000,0.050,0.849,0.101
828500,0.050,0.844,0.106
829000,0.050,0.836,0.114
829500,0.050,0.851,0.099
830000,0.050,0.815,0.135
830500,0.050,0.809,0.141
831000,0.050,0.804,0.145
831500,0.051,0.803,0.146
832000,0.050,0.792,0.157
832500,0.050,0.792,0.158
833000,0.050,0.779,0.171
833500,0.050,0.826,0.124
834000,0.050,0.825,0.125
834500,0.050,0.821,0.129
835000,0.050,0.823,0.127
835500,0.050,0.839,0.111
836000,0.050,0.834,0.116
836500,0.050,0.820,0.130
837000,0.050,0.806,0.144
837500,0.050,0.805,0.145
838000,0.050,0.814,0.136
838500,0.050,0.816,0.134
839000,0.050,0.830,0.120
839500,0.050,0.843,0.107
840000,0.050,0.838,0.112
840500,0.050,0.828,0.122
841000,0.050,0.811,0.138
841500,0.050,0.813,0.137
842000,0.050,0.813,0.137
842500,0.050,0.843,0.107
843000,0.050,0.816,0.134
843500,0.050,0.797,0.152
844000,0.050,0.792,0.158
844500,0.050,0.813,0.137
845000,0.051,0.826,0.124
845500,0.050,0.816,0.134
846000,0.050,0.823,0.127
846500,0.050,0.829,0.121
847000,0.050,0.840,0.110
847500,0.050,0.847,0.103
848000,0.050,0.842,0.108
848500,0.050,0.835,0.115
849000,0.050,0.839,0.111
849500,0.050,0.836,0.114
850000,0.050,0.819,0.131
850500,0.050,0.832,0.118
851000,0.050,0.860,0.090
851500,0.050,0.826,0.124
852000,0.050,0.828,0.122
852500,0.050,0.835,0.115
853000,0.050,0.852,0.098
853500,0.050,0.840,0.110
854000,0.050,0.857,0.093
854500,0.050,0.851,0.099
855000,0.050,0.829,0.121
855500,0.050,0.817,0.133
856000,0.050,0.822,0.128
856500,0.050,0.824,0.126
857000,0.050,0.848,0.102
857500,0.050,0.847,0.103
858000,0.050,0.848,0.102
858500,0.050,0.849,0.101
859000,0.050,0.841,0.109
859500,0.050,0.842,0.108
860000,0.050,0.835,0.115
860500,0.050,0.824,0.126
861000,0.050,0.823,0.127
861500,0.050,0.817,0.133
862000,0.050,0.819,0.131
862500,0.050,0.841,0.109
863000,0.050,0.846,0.104
863500,0.050,0.840,0.110
864000,0.050,0.861,0.089
864500,0.050,0.847,0.103
865000,0.050,0.821,0.129
865500,0.050,0.817,0.133
866000,0.050,0.821,0.129
866500,0.050,0.808,0.142
867000,0.050,0.816,0.134
867500,0.050,0.822,0.128
868000,0.050,0.821,0.129
868500,0.050,0.820,0.130
869000,0.050,0.836,0.114
869500,0.050,0.843,0.107
870000,0.050,0.842,0.108
870500,0.050,0.848,0.102
871000,0.052,0.821,0.127
871500,0.050,0.803,0.147
872000,0.050,0.826,0.124
872500,0.050,0.834,0.116
873000,0.050,0.829,0.121
873500,0.050,0.831,0.119
874000,0.050,0.831,0.119
874500,0.050,0.818,0.132
875000,0.050,0.830,0.120
875500,0.050,0.831,0.119
876000,0.050,0.848,0.102
876500,0.050,0.857,0.093
877000,0.050,0.849,0.101
877500,0.050,0.829,0.121
878000,0.050,0.842,0.108
878500,0.050,0.815,0.135
879000,0.050,0.828,0.122
879500,0.050,0.816,0.134
880000,0.050,0.828,0.122
880500,0.050,0.808,0.142
881000,0.050,0.828,0.122
881500,0.050,0.822,0.128
882000,0.050,0.805,0.145
882500,0.050,0.799,0.151
883000,0.050,0.799,0.150
883500,0.050,0.828,0.122
884000,0.050,0.849,0.101
884500,0.050,0.858,0.092
885000,0.050,0.866,0.084
885500,0.050,0.860,0.090
886000,0.050,0.840,0.110
886500,0.050,0.844,0.106
887000,0.050,0.834,0.116
887500,0.050,0.814,0.136
888000,0.050,0.823,0.127
888500,0.050,0.841,0.109
889000,0.050,0.827,0.123
889500,0.050,0.854,0.096
890000,0.050,0.841,0.109
890500,0.050,0.831,0.119
891000,0.050,0.830,0.120
891500,0.050,0.851,0.099
892000,0.050,0.844,0.106
892500,0.050,0.837,0.113
893000,0.050,0.833,0.117
893500,0.050,0.836,0.114
894000,0.050,0.816,0.134
894500,0.050,0.831,0.119
895000,0.050,0.830,0.120
895500,0.050,0.830,0.120
896000,0.050,0.829,0.121
896500,0.050,0.852,0.098
897000,0.050,0.841,0.109
897500,0.050,0.866,0.084
898000,0.050,0.857,0.093
898500,0.050,0.865,0.085
899000,0.050,0.862,0.088
899500,0.050,0.840,0.110
900000,0.050,0.820,0.130
900500,0.050,0.822,0.128
901000,0.050,0.814,0.136
901500,0.050,0.817,0.133
902000,0.050,0.813,0.137
902500,0.050,0.802,0.148
903000,0.050,0.791,0.159
903500,0.050,0.824,0.126
904000,0.050,0.854,0.096
904500,0.050,0.867,0.083
905000,0.050,0.867,0.083
905500,0.050,0.852,0.098
906000,0.050,0.849,0.101
906500,0.050,0.837,0.113
907000,0.050,0.858,0.092
907500,0.050,0.852,0.098
908000,0.050,0.820,0.130
908500,0.050,0.814,0.136
909000,0.050,0.825,0.125
909500,0.050,0.828,0.122
910000,0.050,0.834,0.116
910500,0.050,0.848,0.102
911000,0.050,0.834,0.116
911500,0.050,0.829,0.121
912000,0.050,0.809,0.140
912500,0.050,0.816,0.134
913000,0.050,0.832,0.118
913500,0.050,0.836,0.114
914000,0.050,0.862,0.088
914500,0.050,0.856,0.094
915000,0.050,0.854,0.096
915500,0.050,0.842,0.108
916000,0.050,0.845,0.105
916500,0.050,0.815,0.135
917000,0.051,0.822,0.127
917500,0.050,0.795,0.154
918000,0.050,0.814,0.136
918500,0.050,0.824,0.126
919000,0.050,0.826,0.124
919500,0.050,0.797,0.152
920000,0.050,0.836,0.114
920500,0.050,0.837,0.113
921000,0.050,0.854,0.096
921500,0.050,0.859,0.091
922000,0.050,0.843,0.107
922500,0.050,0.833,0.117
923000,0.050,0.831,0.119
923500,0.050,0.841,0.109
924000,0.050,0.832,0.118
924500,0.050,0.811,0.139
925000,0.050,0.810,0.140
925500,0.050,0.817,0.133
926000,0.050,0.823,0.127
926500,0.050,0.820,0.130
927000,0.050,0.855,0.095
927500,0.050,0.845,0.105
928000,0.050,0.850,0.100
928500,0.050,0.843,0.107
929000,0.050,0.848,0.102
929500,0.050,0.853,0.097
930000,0.050,0.865,0.085
930500,0.050,0.857,0.093
931000,0.050,0.850,0.100
931500,0.050,0.836,0.114
932000,0.050,0.819,0.131
932500,0.050,0.827,0.123
933000,0.050,0.828,0.122
933500,0.050,0.834,0.116
934000,0.050,0.851,0.099
934500,0.050,0.831,0.119
935000,0.050,0.838,0.112
935500,0.050,0.812,0.138
936000,0.050,0.826,0.124
936500,0.050,0.832,0.118
937000,0.050,0.825,0.125
937500,0.050,0.828,0.122
938000,0.050,0.821,0.129
938500,0.050,0.845,0.105
939000,0.050,0.840,0.110
939500,0.050,0.848,0.102
940000,0.050,0.843,0.107
940500,0.050,0.825,0.125
941000,0.050,0.832,0.118
941500,0.050,0.812,0.137
942000,0.050,0.837,0.113
942500,0.050,0.813,0.137
943000,0.050,0.837,0.113
943500,0.050,0.848,0.102
944000,0.050,0.844,0.106
944500,0.050,0.841,0.109
945000,0.050,0.830,0.120
945500,0.050,0.840,0.110
946000,0.050,0.825,0.125
946500,0.050,0.822,0.128
947000,0.050,0.820,0.130
947500,0.050,0.821,0.129
948000,0.050,0.822,0.128
948500,0.050,0.827,0.123
949000,0.050,0.843,0.107
949500,0.050,0.812,0.137
950000,0.051,0.808,0.140
950500,0.050,0.767,0.183
951000,0.050,0.789,0.161
951500,0.050,0.817,0.133
952000,0.050,0.836,0.114
952500,0.050,0.845,0.105
953000,0.050,0.812,0.137
953500,0.050,0.827,0.123
954000,0.050,0.830,0.120
954500,0.050,0.843,0.107
955000,0.050,0.826,0.124
955500,0.050,0.820,0.130
956000,0.050,0.847,0.103
956500,0.050,0.833,0.117
957000,0.050,0.833,0.117
957500,0.050,0.848,0.102
958000,0.050,0.847,0.103
958500,0.050,0.816,0.134
959000,0.050,0.826,0.124
959500,0.050,0.812,0.138
960000,0.050,0.823,0.127
960500,0.050,0.817,0.133
961000,0.050,0.814,0.136
961500,0.050,0.812,0.137
962000,0.050,0.834,0.116
962500,0.050,0.832,0.118
963000,0.050,0.847,0.103
963500,0.050,0.848,0.102
964000,0.050,0.832,0.118
964500,0.050,0.842,0.108
965000,0.050,0.843,0.107
965500,0.050,0.841,0.109
966000,0.050,0.831,0.119
966500,0.050,0.815,0.135
967000,0.050,0.833,0.117
967500,0.050,0.808,0.142
968000,0.050,0.793,0.157
968500,0.050,0.800,0.149
969000,0.050,0.805,0.144
969500,0.050,0.826,0.124
970000,0.050,0.829,0.121
970500,0.050,0.810,0.140
971000,0.050,0.815,0.135
971500,0.050,0.784,0.166
972000,0.050,0.819,0.131
972500,0.050,0.800,0.150
973000,0.050,0.826,0.124
973500,0.050,0.834,0.116
974000,0.050,0.857,0.093
974500,0.050,0.857,0.093
975000,0.050,0.856,0.094
975500,0.050,0.825,0.125
976000,0.050,0.842,0.108
976500,0.050,0.849,0.101
977000,0.050,0.821,0.129
977500,0.050,0.850,0.100
978000,0.050,0.842,0.108
978500,0.050,0.855,0.095
979000,0.050,0.830,0.120
979500,0.050,0.801,0.149
980000,0.050,0.827,0.123
980500,0.050,0.792,0.158
981000,0.050,0.820,0.130
981500,0.050,0.836,0.114
982000,0.050,0.830,0.120
982500,0.050,0.819,0.131
983000,0.050,0.851,0.099
983500,0.050,0.847,0.103
984000,0.050,0.833,0.117
984500,0.050,0.824,0.126
985000,0.050,0.809,0.140
985500,0.050,0.838,0.112
986000,0.050,0.827,0.123
986500,0.050,0.842,0.108
987000,0.050,0.857,0.093
987500,0.050,0.865,0.085
988000,0.050,0.842,0.108
988500,0.050,0.814,0.136
989000,0.050,0.840,0.110
989500,0.050,0.825,0.125
990000,0.050,0.822,0.128
990500,0.050,0.848,0.102
991000,0.050,0.836,0.114
991500,0.050,0.826,0.124
992000,0.050,0.832,0.118
992500,0.050,0.847,0.103
993000,0.050,0.835,0.115
993500,0.050,0.846,0.104
994000,0.050,0.843,0.107
994500,0.050,0.850,0.100
995000,0.050,0.828,0.122
995500,0.050,0.807,0.142
996000,0.050,0.831,0.119
996500,0.050,0.840,0.110
997000,0.050,0.846,0.104
997500,0.050,0.829,0.121
998000,0.050,0.845,0.105
998500,0.050,0.848,0.102
999000,0.050,0.829,0.121
999500,0.051,0.841,0.108
1000000,0.051,0.837,0.113
