time,n_A+p,n_B,n_AB
500,0.010,0.962,0.028
1000,0.010,0.953,0.037
1500,0.010,0.930,0.059
2000,0.010,0.923,0.067
2500,0.010,0.903,0.087
3000,0.010,0.906,0.084
3500,0.010,0.895,0.095
4000,0.010,0.906,0.084
4500,0.010,0.919,0.071
5000,0.010,0.903,0.087
5500,0.010,0.900,0.090
6000,0.010,0.930,0.060
6500,0.010,0.897,0.093
7000,0.010,0.913,0.077
7500,0.010,0.911,0.079
8000,0.010,0.896,0.094
8500,0.010,0.853,0.137
9000,0.010,0.833,0.157
9500,0.010,0.801,0.189
10000,0.010,0.828,0.162
10500,0.010,0.835,0.155
11000,0.010,0.859,0.131
11500,0.010,0.845,0.145
12000,0.010,0.887,0.103
12500,0.010,0.859,0.131
13000,0.010,0.872,0.118
13500,0.010,0.863,0.127
14000,0.010,0.886,0.104
14500,0.010,0.888,0.102
15000,0.010,0.896,0.094
15500,0.010,0.888,0.102
16000,0.010,0.924,0.066
16500,0.010,0.939,0.051
17000,0.010,0.935,0.055
17500,0.010,0.904,0.086
18000,0.010,0.853,0.137
18500,0.010,0.834,0.156
19000,0.010,0.810,0.179
19500,0.010,0.832,0.158
20000,0.010,0.849,0.141
20500,0.010,0.859,0.131
21000,0.010,0.905,0.085
21500,0.010,0.899,0.091
22000,0.010,0.920,0.070
22500,0.010,0.906,0.084
23000,0.010,0.878,0.112
23500,0.010,0.855,0.135
24000,0.010,0.884,0.106
24500,0.010,0.883,0.107
25000,0.010,0.894,0.096
25500,0.010,0.854,0.136
26000,0.010,0.868,0.122
26500,0.010,0.885,0.105
27000,0.010,0.854,0.136
27500,0.010,0.833,0.157
28000,0.010,0.802,0.188
28500,0.010,0.794,0.196
29000,0.010,0.849,0.141
29500,0.010,0.834,0.156
30000,0.010,0.831,0.159
30500,0.010,0.841,0.149
31000,0.010,0.818,0.172
31500,0.010,0.819,0.171
32000,0.010,0.860,0.130
32500,0.010,0.839,0.151
33000,0.010,0.840,0.150
33500,0.010,0.871,0.119
34000,0.010,0.886,0.104
34500,0.010,0.902,0.088
35000,0.010,0.861,0.129
35500,0.010,0.912,0.078
36000,0.010,0.925,0.065
36500,0.010,0.899,0.091
37000,0.010,0.919,0.071
37500,0.010,0.936,0.053
38000,0.010,0.915,0.075
38500,0.010,0.895,0.095
39000,0.010,0.912,0.078
39500,0.010,0.884,0.106
40000,0.010,0.903,0.087
40500,0.010,0.875,0.115
41000,0.010,0.903,0.087
41500,0.010,0.888,0.102
42000,0.010,0.909,0.081
42500,0.010,0.896,0.094
43000,0.010,0.927,0.062
43500,0.010,0.900,0.090
44000,0.010,0.917,0.073
44500,0.010,0.943,0.047
45000,0.010,0.932,0.058
45500,0.010,0.910,0.080
46000,0.010,0.916,0.074
46500,0.010,0.915,0.075
47000,0.010,0.924,0.066
47500,0.010,0.913,0.077
48000,0.010,0.904,0.086
48500,0.010,0.861,0.129
49000,0.010,0.851,0.139
49500,0.010,0.867,0.123
50000,0.010,0.870,0.120
50500,0.010,0.856,0.134
51000,0.010,0.884,0.106
51500,0.010,0.847,0.143
52000,0.010,0.847,0.143
52500,0.010,0.854,0.136
53000,0.010,0.862,0.128
53500,0.010,0.912,0.078
54000,0.010,0.922,0.068
54500,0.010,0.924,0.066
55000,0.010,0.908,0.082
55500,0.010,0.908,0.082
56000,0.010,0.935,0.054
56500,0.010,0.941,0.049
57000,0.010,0.935,0.054
57500,0.010,0.918,0.072
58000,0.010,0.904,0.086
58500,0.010,0.871,0.119
59000,0.010,0.869,0.121
59500,0.010,0.869,0.121
60000,0.010,0.839,0.151
60500,0.010,0.877,0.113
61000,0.010,0.890,0.100
61500,0.010,0.887,0.103
62000,0.010,0.887,0.103
62500,0.010,0.899,0.091
63000,0.010,0.901,0.089
63500,0.010,0.893,0.097
64000,0.010,0.868,0.122
64500,0.010,0.893,0.097
65000,0.010,0.903,0.087
65500,0.010,0.869,0.121
66000,0.010,0.862,0.128
66500,0.010,0.853,0.137
67000,0.010,0.826,0.164
67500,0.010,0.842,0.148
68000,0.010,0.840,0.150
68500,0.010,0.810,0.180
69000,0.010,0.827,0.163
69500,0.010,0.806,0.183
70000,0.010,0.863,0.127
70500,0.010,0.860,0.130
71000,0.010,0.857,0.133
71500,0.010,0.859,0.131
72000,0.010,0.834,0.156
72500,0.010,0.824,0.166
73000,0.010,0.888,0.102
73500,0.010,0.909,0.081
74000,0.010,0.911,0.079
74500,0.010,0.922,0.068
75000,0.010,0.923,0.067
75500,0.010,0.940,0.050
76000,0.010,0.894,0.096
76500,0.010,0.903,0.087
77000,0.010,0.921,0.069
77500,0.010,0.917,0.073
78000,0.010,0.910,0.080
78500,0.010,0.904,0.086
79000,0.010,0.878,0.112
79500,0.010,0.901,0.089
80000,0.010,0.943,0.047
80500,0.010,0.927,0.062
81000,0.010,0.909,0.081
81500,0.010,0.898,0.092
82000,0.010,0.870,0.120
82500,0.010,0.857,0.133
83000,0.010,0.857,0.133
83500,0.010,0.865,0.125
84000,0.010,0.856,0.134
84500,0.010,0.847,0.143
85000,0.010,0.840,0.150
85500,0.010,0.890,0.100
86000,0.010,0.878,0.112
86500,0.010,0.879,0.111
87000,0.010,0.873,0.117
87500,0.010,0.840,0.150
88000,0.010,0.842,0.148
88500,0.010,0.847,0.143
89000,0.010,0.894,0.096
89500,0.010,0.874,0.116
90000,0.010,0.910,0.080
90500,0.010,0.902,0.088
91000,0.010,0.875,0.115
91500,0.010,0.871,0.119
92000,0.010,0.866,0.124
92500,0.010,0.846,0.144
93000,0.010,0.856,0.134
93500,0.010,0.848,0.142
94000,0.010,0.850,0.140
94500,0.010,0.828,0.162
95000,0.010,0.819,0.171
95500,0.010,0.782,0.208
96000,0.010,0.808,0.181
96500,0.010,0.799,0.191
97000,0.010,0.797,0.193
97500,0.010,0.808,0.182
98000,0.010,0.863,0.127
98500,0.010,0.814,0.176
99000,0.010,0.802,0.188
99500,0.010,0.806,0.183
100000,0.010,0.829,0.161
100500,0.010,0.865,0.125
101000,0.010,0.900,0.090
101500,0.010,0.909,0.081
102000,0.010,0.881,0.109
102500,0.010,0.906,0.084
103000,0.010,0.941,0.049
103500,0.010,0.928,0.062
104000,0.010,0.914,0.076
104500,0.010,0.916,0.074
105000,0.010,0.902,0.088
105500,0.010,0.909,0.081
106000,0.010,0.857,0.133
106500,0.010,0.889,0.101
107000,0.010,0.873,0.117
107500,0.010,0.887,0.103
108000,0.010,0.862,0.128
108500,0.010,0.898,0.092
109000,0.010,0.911,0.079
109500,0.010,0.911,0.079
110000,0.010,0.940,0.050
110500,0.010,0.946,0.044
111000,0.010,0.911,0.079
111500,0.010,0.874,0.116
112000,0.010,0.919,0.071
112500,0.010,0.917,0.073
113000,0.010,0.895,0.095
113500,0.010,0.865,0.125
114000,0.010,0.857,0.133
114500,0.010,0.878,0.112
115000,0.010,0.891,0.099
115500,0.010,0.908,0.082
116000,0.010,0.879,0.111
116500,0.010,0.853,0.137
117000,0.010,0.871,0.119
117500,0.010,0.851,0.139
118000,0.010,0.887,0.103
118500,0.010,0.904,0.086
119000,0.010,0.903,0.087
119500,0.010,0.888,0.102
120000,0.010,0.908,0.082
120500,0.010,0.932,0.058
121000,0.010,0.926,0.064
121500,0.010,0.936,0.053
122000,0.010,0.921,0.069
122500,0.010,0.916,0.074
123000,0.010,0.928,0.061
123500,0.010,0.914,0.076
124000,0.010,0.891,0.099
124500,0.010,0.888,0.102
125000,0.010,0.854,0.136
125500,0.010,0.890,0.100
126000,0.010,0.893,0.097
126500,0.010,0.855,0.135
127000,0.010,0.873,0.117
127500,0.010,0.888,0.102
128000,0.010,0.886,0.104
128500,0.010,0.913,0.077
129000,0.010,0.897,0.093
129500,0.010,0.896,0.094
130000,0.010,0.887,0.103
130500,0.010,0.906,0.084
131000,0.010,0.855,0.135
131500,0.010,0.832,0.158
132000,0.010,0.791,0.199
132500,0.010,0.812,0.177
133000,0.010,0.824,0.166
133500,0.010,0.839,0.151
134000,0.010,0.859,0.131
134500,0.010,0.847,0.143
135000,0.010,0.866,0.124
135500,0.010,0.902,0.088
136000,0.010,0.882,0.108
136500,0.010,0.887,0.103
137000,0.010,0.858,0.132
137500,0.010,0.867,0.123
138000,0.010,0.861,0.129
138500,0.010,0.876,0.114
139000,0.010,0.873,0.117
139500,0.010,0.855,0.135
140000,0.010,0.864,0.126
140500,0.010,0.880,0.110
141000,0.010,0.905,0.085
141500,0.010,0.910,0.080
142000,0.010,0.905,0.085
142500,0.010,0.893,0.097
143000,0.010,0.876,0.114
143500,0.010,0.906,0.084
144000,0.010,0.875,0.115
144500,0.010,0.896,0.094
145000,0.010,0.883,0.107
145500,0.010,0.914,0.076
146000,0.010,0.920,0.070
146500,0.010,0.903,0.087
147000,0.010,0.906,0.084
147500,0.010,0.842,0.148
148000,0.010,0.838,0.152
148500,0.010,0.808,0.181
149000,0.010,0.849,0.141
149500,0.010,0.860,0.130
150000,0.010,0.837,0.153
150500,0.010,0.791,0.199
151000,0.010,0.835,0.155
151500,0.010,0.847,0.143
152000,0.010,0.866,0.124
152500,0.010,0.877,0.113
153000,0.010,0.867,0.123
153500,0.010,0.889,0.101
154000,0.010,0.851,0.139
154500,0.010,0.893,0.097
155000,0.010,0.891,0.099
155500,0.010,0.886,0.104
156000,0.010,0.877,0.113
156500,0.010,0.838,0.152
157000,0.010,0.904,0.086
157500,0.010,0.895,0.095
158000,0.010,0.889,0.101
158500,0.010,0.903,0.087
159000,0.010,0.896,0.094
159500,0.010,0.863,0.127
160000,0.010,0.837,0.153
160500,0.010,0.857,0.133
161000,0.010,0.853,0.137
161500,0.010,0.824,0.166
162000,0.010,0.836,0.154
162500,0.010,0.859,0.131
163000,0.010,0.849,0.141
163500,0.010,0.907,0.083
164000,0.010,0.867,0.123
164500,0.010,0.908,0.082
165000,0.010,0.871,0.119
165500,0.010,0.910,0.080
166000,0.010,0.884,0.106
166500,0.010,0.866,0.124
167000,0.010,0.826,0.164
167500,0.010,0.801,0.189
168000,0.010,0.815,0.175
168500,0.010,0.840,0.150
169000,0.010,0.859,0.131
169500,0.010,0.868,0.122
170000,0.010,0.851,0.139
170500,0.010,0.866,0.124
171000,0.010,0.842,0.148
171500,0.010,0.837,0.153
172000,0.010,0.806,0.183
172500,0.010,0.833,0.157
173000,0.010,0.808,0.182
173500,0.010,0.880,0.110
174000,0.010,0.880,0.110
174500,0.010,0.817,0.173
175000,0.010,0.824,0.166
175500,0.010,0.779,0.211
176000,0.010,0.812,0.178
176500,0.010,0.828,0.162
177000,0.010,0.838,0.152
177500,0.010,0.862,0.128
178000,0.010,0.849,0.141
178500,0.010,0.833,0.157
179000,0.010,0.815,0.175
179500,0.010,0.844,0.146
180000,0.010,0.854,0.136
180500,0.010,0.819,0.171
181000,0.010,0.818,0.172
181500,0.010,0.850,0.140
182000,0.010,0.809,0.180
182500,0.010,0.826,0.164
183000,0.010,0.812,0.178
183500,0.010,0.826,0.164
184000,0.010,0.812,0.177
184500,0.010,0.818,0.172
185000,0.010,0.838,0.152
185500,0.010,0.846,0.144
186000,0.010,0.831,0.159
186500,0.010,0.875,0.115
187000,0.010,0.899,0.091
187500,0.010,0.906,0.084
188000,0.010,0.873,0.117
188500,0.010,0.838,0.152
189000,0.010,0.820,0.170
189500,0.010,0.862,0.128
190000,0.010,0.888,0.102
190500,0.010,0.899,0.091
191000,0.010,0.872,0.118
191500,0.010,0.878,0.112
192000,0.010,0.860,0.130
192500,0.010,0.847,0.143
193000,0.010,0.824,0.166
193500,0.010,0.829,0.161
194000,0.010,0.850,0.140
194500,0.010,0.854,0.136
195000,0.010,0.895,0.095
195500,0.010,0.872,0.118
196000,0.010,0.849,0.141
196500,0.010,0.839,0.151
197000,0.010,0.846,0.144
197500,0.010,0.851,0.139
198000,0.010,0.843,0.147
198500,0.010,0.848,0.142
199000,0.010,0.865,0.125
199500,0.010,0.864,0.126
200000,0.010,0.888,0.102
200500,0.010,0.865,0.125
201000,0.010,0.839,0.151
201500,0.010,0.848,0.142
202000,0.010,0.872,0.118
202500,0.010,0.852,0.138
203000,0.010,0.856,0.134
203500,0.010,0.855,0.135
204000,0.010,0.884,0.106
204500,0.010,0.848,0.142
205000,0.010,0.870,0.120
205500,0.010,0.847,0.143
206000,0.010,0.850,0.140
206500,0.010,0.821,0.169
207000,0.010,0.855,0.135
207500,0.010,0.855,0.135
208000,0.010,0.832,0.158
208500,0.010,0.855,0.135
209000,0.010,0.850,0.140
209500,0.010,0.849,0.141
210000,0.010,0.849,0.141
210500,0.010,0.843,0.147
211000,0.010,0.814,0.176
211500,0.010,0.848,0.142
212000,0.010,0.809,0.181
212500,0.010,0.812,0.177
213000,0.010,0.829,0.161
213500,0.010,0.858,0.132
214000,0.010,0.862,0.128
214500,0.010,0.874,0.116
215000,0.010,0.900,0.090
215500,0.010,0.907,0.083
216000,0.010,0.884,0.106
216500,0.010,0.886,0.104
217000,0.010,0.894,0.096
217500,0.010,0.895,0.095
218000,0.010,0.897,0.093
218500,0.010,0.896,0.094
219000,0.010,0.906,0.084
219500,0.010,0.904,0.086
220000,0.010,0.919,0.071
220500,0.010,0.884,0.106
221000,0.010,0.904,0.086
221500,0.010,0.888,0.102
222000,0.010,0.912,0.078
222500,0.010,0.922,0.068
223000,0.010,0.884,0.106
223500,0.010,0.854,0.136
224000,0.010,0.867,0.123
224500,0.010,0.862,0.128
225000,0.010,0.897,0.093
225500,0.010,0.891,0.099
226000,0.010,0.855,0.135
226500,0.010,0.858,0.132
227000,0.010,0.873,0.117
227500,0.010,0.829,0.161
228000,0.010,0.826,0.164
228500,0.010,0.803,0.187
229000,0.010,0.854,0.136
229500,0.010,0.864,0.126
230000,0.010,0.860,0.130
230500,0.010,0.858,0.132
231000,0.010,0.849,0.141
231500,0.010,0.889,0.101
232000,0.010,0.899,0.091
232500,0.010,0.873,0.117
233000,0.010,0.880,0.110
233500,0.010,0.893,0.097
234000,0.010,0.915,0.075
234500,0.010,0.904,0.086
235000,0.010,0.879,0.111
235500,0.010,0.882,0.108
236000,0.010,0.890,0.100
236500,0.010,0.859,0.131
237000,0.010,0.829,0.161
237500,0.010,0.779,0.211
238000,0.010,0.772,0.218
238500,0.010,0.757,0.233
239000,0.010,0.736,0.254
239500,0.010,0.758,0.232
240000,0.010,0.762,0.228
240500,0.010,0.795,0.195
241000,0.010,0.805,0.185
241500,0.010,0.807,0.182
242000,0.010,0.809,0.180
242500,0.010,0.816,0.174
243000,0.010,0.870,0.120
243500,0.010,0.907,0.083
244000,0.010,0.910,0.080
244500,0.010,0.877,0.113
245000,0.010,0.888,0.102
245500,0.010,0.882,0.108
246000,0.010,0.886,0.104
246500,0.010,0.858,0.132
247000,0.010,0.812,0.178
247500,0.010,0.821,0.169
248000,0.010,0.848,0.142
248500,0.010,0.849,0.141
249000,0.010,0.844,0.146
249500,0.010,0.789,0.201
250000,0.010,0.819,0.171
250500,0.010,0.842,0.148
251000,0.010,0.841,0.149
251500,0.010,0.833,0.157
252000,0.010,0.868,0.122
252500,0.010,0.823,0.167
253000,0.010,0.885,0.105
253500,0.010,0.882,0.108
254000,0.010,0.913,0.077
254500,0.010,0.894,0.096
255000,0.010,0.924,0.066
255500,0.010,0.871,0.119
256000,0.010,0.916,0.074
256500,0.010,0.897,0.093
257000,0.010,0.893,0.097
257500,0.010,0.892,0.098
258000,0.010,0.867,0.123
258500,0.010,0.868,0.122
259000,0.010,0.895,0.095
259500,0.010,0.887,0.103
260000,0.010,0.840,0.150
260500,0.010,0.834,0.156
261000,0.010,0.859,0.131
261500,0.010,0.871,0.119
262000,0.010,0.869,0.121
262500,0.010,0.877,0.113
263000,0.010,0.914,0.076
263500,0.010,0.903,0.087
264000,0.010,0.881,0.109
264500,0.010,0.891,0.099
265000,0.010,0.909,0.081
265500,0.010,0.872,0.118
266000,0.010,0.858,0.132
266500,0.010,0.858,0.132
267000,0.010,0.860,0.130
267500,0.010,0.859,0.131
268000,0.010,0.907,0.083
268500,0.010,0.853,0.137
269000,0.010,0.857,0.133
269500,0.010,0.885,0.105
270000,0.010,0.891,0.099
270500,0.010,0.903,0.087
271000,0.010,0.881,0.109
271500,0.010,0.893,0.097
272000,0.010,0.909,0.081
272500,0.010,0.924,0.066
273000,0.010,0.906,0.084
273500,0.010,0.909,0.081
274000,0.010,0.882,0.108
274500,0.010,0.912,0.078
275000,0.010,0.918,0.072
275500,0.010,0.929,0.061
276000,0.010,0.890,0.100
276500,0.010,0.883,0.107
277000,0.010,0.896,0.094
277500,0.010,0.879,0.111
278000,0.010,0.863,0.127
278500,0.010,0.846,0.144
279000,0.010,0.870,0.120
279500,0.010,0.875,0.115
280000,0.010,0.858,0.132
280500,0.010,0.870,0.120
281000,0.010,0.893,0.097
281500,0.010,0.928,0.061
282000,0.010,0.884,0.106
282500,0.010,0.867,0.123
283000,0.010,0.868,0.122
283500,0.010,0.862,0.128
284000,0.010,0.891,0.099
284500,0.010,0.876,0.114
285000,0.010,0.821,0.169
285500,0.010,0.851,0.139
286000,0.010,0.857,0.133
286500,0.010,0.855,0.135
287000,0.010,0.892,0.098
287500,0.010,0.887,0.103
288000,0.010,0.904,0.086
288500,0.010,0.891,0.099
289000,0.010,0.873,0.117
289500,0.010,0.847,0.143
290000,0.010,0.874,0.116
290500,0.010,0.881,0.109
291000,0.010,0.910,0.080
291500,0.010,0.928,0.061
292000,0.010,0.870,0.120
292500,0.010,0.871,0.119
293000,0.010,0.864,0.126
293500,0.010,0.809,0.181
294000,0.010,0.837,0.153
294500,0.010,0.874,0.116
295000,0.010,0.876,0.114
295500,0.010,0.903,0.087
296000,0.010,0.899,0.091
296500,0.010,0.864,0.126
297000,0.010,0.885,0.105
297500,0.010,0.903,0.087
298000,0.010,0.876,0.114
298500,0.010,0.877,0.113
299000,0.010,0.889,0.101
299500,0.010,0.893,0.097
300000,0.010,0.904,0.086
300500,0.010,0.922,0.068
301000,0.010,0.885,0.105
301500,0.010,0.895,0.095
302000,0.010,0.902,0.088
302500,0.010,0.886,0.104
303000,0.010,0.825,0.165
303500,0.010,0.881,0.109
304000,0.010,0.865,0.125
304500,0.010,0.848,0.142
305000,0.010,0.867,0.123
305500,0.010,0.888,0.102
306000,0.010,0.882,0.108
306500,0.010,0.853,0.137
307000,0.010,0.850,0.140
307500,0.010,0.882,0.108
308000,0.010,0.885,0.105
308500,0.010,0.899,0.091
309000,0.010,0.909,0.081
309500,0.010,0.932,0.058
310000,0.010,0.895,0.095
310500,0.010,0.917,0.073
311000,0.010,0.853,0.137
311500,0.010,0.848,0.142
312000,0.010,0.820,0.170
312500,0.010,0.832,0.158
313000,0.010,0.828,0.162
313500,0.010,0.863,0.127
314000,0.010,0.834,0.156
314500,0.010,0.817,0.173
315000,0.010,0.840,0.150
315500,0.010,0.811,0.178
316000,0.010,0.803,0.187
316500,0.010,0.821,0.169
317000,0.010,0.830,0.160
317500,0.010,0.823,0.167
318000,0.010,0.796,0.194
318500,0.010,0.789,0.201
319000,0.010,0.805,0.185
319500,0.010,0.796,0.194
320000,0.010,0.784,0.206
320500,0.010,0.818,0.172
321000,0.010,0.847,0.143
321500,0.010,0.862,0.128
322000,0.010,0.816,0.174
322500,0.010,0.836,0.154
323000,0.010,0.851,0.139
323500,0.010,0.868,0.122
324000,0.010,0.899,0.091
324500,0.010,0.872,0.118
325000,0.010,0.918,0.072
325500,0.010,0.871,0.119
326000,0.010,0.902,0.088
326500,0.010,0.864,0.126
327000,0.010,0.873,0.117
327500,0.010,0.845,0.145
328000,0.010,0.833,0.157
328500,0.010,0.863,0.127
329000,0.010,0.851,0.139
329500,0.010,0.879,0.111
330000,0.010,0.869,0.121
330500,0.010,0.888,0.102
331000,0.010,0.901,0.089
331500,0.010,0.872,0.118
332000,0.010,0.854,0.136
332500,0.010,0.871,0.119
333000,0.010,0.850,0.140
333500,0.010,0.867,0.123
334000,0.010,0.903,0.087
334500,0.010,0.836,0.154
335000,0.010,0.838,0.152
335500,0.010,0.864,0.126
336000,0.010,0.878,0.112
336500,0.010,0.839,0.151
337000,0.010,0.841,0.149
337500,0.010,0.817,0.173
338000,0.010,0.826,0.164
338500,0.010,0.841,0.149
339000,0.010,0.847,0.143
339500,0.010,0.861,0.129
340000,0.010,0.858,0.132
340500,0.010,0.853,0.137
341000,0.010,0.797,0.193
341500,0.010,0.859,0.131
342000,0.010,0.848,0.142
342500,0.010,0.848,0.142
343000,0.010,0.833,0.157
343500,0.010,0.867,0.123
344000,0.010,0.836,0.154
344500,0.010,0.883,0.107
345000,0.010,0.917,0.073
345500,0.010,0.868,0.122
346000,0.010,0.840,0.150
346500,0.010,0.873,0.117
347000,0.010,0.842,0.148
347500,0.010,0.872,0.118
348000,0.010,0.931,0.058
348500,0.010,0.914,0.076
349000,0.010,0.922,0.068
349500,0.010,0.902,0.088
350000,0.010,0.876,0.114
350500,0.010,0.909,0.081
351000,0.010,0.918,0.072
351500,0.010,0.920,0.070
352000,0.010,0.875,0.115
352500,0.010,0.878,0.112
353000,0.010,0.825,0.165
353500,0.010,0.790,0.200
354000,0.010,0.822,0.168
354500,0.010,0.818,0.172
355000,0.010,0.837,0.153
355500,0.010,0.861,0.129
356000,0.010,0.850,0.140
356500,0.010,0.864,0.126
357000,0.010,0.907,0.083
357500,0.010,0.881,0.109
358000,0.010,0.867,0.123
358500,0.010,0.886,0.104
359000,0.010,0.862,0.128
359500,0.010,0.853,0.137
360000,0.010,0.870,0.120
360500,0.010,0.873,0.117
361000,0.010,0.869,0.121
361500,0.010,0.825,0.165
362000,0.010,0.839,0.151
362500,0.010,0.859,0.131
363000,0.010,0.830,0.160
363500,0.010,0.795,0.195
364000,0.010,0.831,0.159
364500,0.010,0.872,0.118
365000,0.010,0.906,0.084
365500,0.010,0.906,0.084
366000,0.010,0.937,0.053
366500,0.010,0.902,0.088
367000,0.010,0.903,0.087
367500,0.010,0.906,0.084
368000,0.010,0.903,0.087
368500,0.010,0.851,0.139
369000,0.010,0.843,0.147
369500,0.010,0.852,0.138
370000,0.010,0.834,0.156
370500,0.010,0.828,0.162
371000,0.010,0.866,0.124
371500,0.010,0.881,0.109
372000,0.010,0.855,0.135
372500,0.010,0.867,0.123
373000,0.010,0.899,0.091
373500,0.010,0.914,0.076
374000,0.010,0.903,0.087
374500,0.010,0.890,0.100
375000,0.010,0.911,0.079
375500,0.010,0.887,0.103
376000,0.010,0.891,0.099
376500,0.010,0.895,0.095
377000,0.010,0.840,0.150
377500,0.010,0.818,0.172
378000,0.010,0.860,0.130
378500,0.010,0.844,0.146
379000,0.010,0.860,0.130
379500,0.010,0.870,0.120
380000,0.010,0.886,0.104
380500,0.010,0.855,0.135
381000,0.010,0.836,0.154
381500,0.010,0.838,0.152
382000,0.010,0.800,0.190
382500,0.010,0.791,0.199
383000,0.010,0.810,0.180
383500,0.010,0.822,0.168
384000,0.010,0.835,0.155
384500,0.010,0.814,0.176
385000,0.010,0.777,0.213
385500,0.010,0.800,0.190
386000,0.010,0.843,0.147
386500,0.010,0.814,0.176
387000,0.010,0.836,0.154
387500,0.010,0.811,0.178
388000,0.010,0.821,0.169
388500,0.010,0.869,0.121
389000,0.010,0.879,0.111
389500,0.010,0.880,0.110
390000,0.010,0.908,0.082
390500,0.010,0.873,0.117
391000,0.010,0.889,0.101
391500,0.010,0.907,0.083
392000,0.010,0.897,0.093
392500,0.010,0.887,0.103
393000,0.010,0.872,0.118
393500,0.010,0.889,0.101
394000,0.010,0.902,0.088
394500,0.010,0.877,0.113
395000,0.010,0.866,0.124
395500,0.010,0.841,0.149
396000,0.010,0.823,0.167
396500,0.010,0.805,0.185
397000,0.010,0.863,0.127
397500,0.010,0.918,0.072
398000,0.010,0.905,0.085
398500,0.010,0.906,0.084
399000,0.010,0.934,0.055
399500,0.010,0.925,0.065
400000,0.010,0.927,0.062
400500,0.010,0.933,0.056
401000,0.010,0.929,0.060
401500,0.010,0.928,0.062
402000,0.010,0.861,0.129
402500,0.010,0.880,0.110
403000,0.010,0.904,0.086
403500,0.010,0.913,0.077
404000,0.010,0.896,0.094
404500,0.010,0.912,0.078
405000,0.010,0.880,0.110
405500,0.010,0.841,0.149
406000,0.010,0.863,0.127
406500,0.010,0.886,0.104
407000,0.010,0.867,0.123
407500,0.010,0.863,0.127
408000,0.010,0.881,0.109
408500,0.010,0.863,0.127
409000,0.010,0.838,0.152
409500,0.010,0.862,0.128
410000,0.010,0.899,0.091
410500,0.010,0.875,0.115
411000,0.010,0.919,0.071
411500,0.010,0.906,0.084
412000,0.010,0.889,0.101
412500,0.010,0.888,0.102
413000,0.010,0.870,0.120
413500,0.010,0.878,0.112
414000,0.010,0.905,0.085
414500,0.010,0.912,0.078
415000,0.010,0.934,0.056
415500,0.010,0.891,0.099
416000,0.010,0.911,0.079
416500,0.010,0.901,0.089
417000,0.010,0.850,0.140
417500,0.010,0.859,0.131
418000,0.010,0.893,0.097
418500,0.010,0.893,0.097
419000,0.010,0.879,0.111
419500,0.010,0.879,0.111
420000,0.010,0.845,0.145
420500,0.010,0.844,0.146
421000,0.010,0.819,0.171
421500,0.010,0.870,0.120
422000,0.010,0.880,0.110
422500,0.010,0.899,0.091
423000,0.010,0.872,0.118
423500,0.010,0.882,0.108
424000,0.010,0.881,0.109
424500,0.010,0.896,0.094
425000,0.010,0.875,0.115
425500,0.010,0.892,0.098
426000,0.010,0.887,0.103
426500,0.010,0.913,0.077
427000,0.010,0.875,0.115
427500,0.010,0.814,0.176
428000,0.010,0.808,0.181
428500,0.010,0.826,0.164
429000,0.010,0.795,0.195
429500,0.010,0.853,0.137
430000,0.010,0.888,0.102
430500,0.010,0.882,0.108
431000,0.010,0.854,0.136
431500,0.010,0.862,0.128
432000,0.010,0.824,0.166
432500,0.010,0.875,0.115
433000,0.010,0.882,0.108
433500,0.010,0.889,0.101
434000,0.010,0.895,0.095
434500,0.010,0.867,0.123
435000,0.010,0.867,0.123
435500,0.010,0.833,0.157
436000,0.010,0.798,0.192
436500,0.010,0.863,0.127
437000,0.010,0.857,0.133
437500,0.010,0.825,0.165
438000,0.010,0.771,0.219
438500,0.010,0.815,0.175
439000,0.010,0.842,0.148
439500,0.010,0.905,0.085
440000,0.010,0.845,0.145
440500,0.010,0.901,0.089
441000,0.010,0.886,0.104
441500,0.010,0.911,0.079
442000,0.010,0.939,0.051
442500,0.010,0.909,0.081
443000,0.010,0.931,0.058
443500,0.010,0.913,0.077
444000,0.010,0.896,0.094
444500,0.010,0.891,0.099
445000,0.010,0.879,0.111
445500,0.010,0.869,0.121
446000,0.010,0.914,0.076
446500,0.010,0.893,0.097
447000,0.010,0.903,0.087
447500,0.010,0.873,0.117
448000,0.010,0.895,0.095
448500,0.010,0.909,0.081
449000,0.010,0.876,0.114
449500,0.010,0.862,0.128
450000,0.010,0.861,0.129
450500,0.010,0.791,0.199
451000,0.010,0.858,0.132
451500,0.010,0.898,0.092
452000,0.010,0.892,0.098
452500,0.010,0.872,0.118
453000,0.010,0.836,0.154
453500,0.010,0.864,0.126
454000,0.010,0.886,0.104
454500,0.010,0.865,0.125
455000,0.010,0.873,0.117
455500,0.010,0.873,0.117
456000,0.010,0.830,0.160
456500,0.010,0.847,0.143
457000,0.010,0.884,0.106
457500,0.010,0.830,0.160
458000,0.010,0.876,0.114
458500,0.010,0.898,0.092
459000,0.010,0.912,0.078
459500,0.010,0.898,0.092
460000,0.010,0.914,0.076
460500,0.010,0.910,0.080
461000,0.010,0.908,0.082
461500,0.010,0.922,0.068
462000,0.010,0.918,0.072
462500,0.010,0.897,0.093
463000,0.010,0.902,0.088
463500,0.010,0.899,0.091
464000,0.010,0.918,0.072
464500,0.010,0.893,0.097
465000,0.010,0.904,0.086
465500,0.010,0.905,0.085
466000,0.010,0.916,0.074
466500,0.010,0.887,0.103
467000,0.010,0.900,0.090
467500,0.010,0.889,0.101
468000,0.010,0.843,0.147
468500,0.010,0.847,0.143
469000,0.010,0.871,0.119
469500,0.010,0.908,0.082
470000,0.010,0.884,0.106
470500,0.010,0.900,0.090
471000,0.010,0.936,0.053
471500,0.010,0.915,0.075
472000,0.010,0.922,0.068
472500,0.010,0.913,0.077
473000,0.010,0.893,0.097
473500,0.010,0.868,0.122
474000,0.010,0.871,0.119
474500,0.010,0.869,0.121
475000,0.010,0.868,0.122
475500,0.010,0.900,0.090
476000,0.010,0.869,0.121
476500,0.010,0.868,0.122
477000,0.010,0.851,0.139
477500,0.010,0.831,0.159
478000,0.010,0.853,0.137
478500,0.010,0.907,0.083
479000,0.010,0.897,0.093
479500,0.010,0.873,0.117
480000,0.010,0.871,0.119
480500,0.010,0.852,0.138
481000,0.010,0.878,0.112
481500,0.010,0.862,0.128
482000,0.010,0.878,0.112
482500,0.010,0.879,0.111
483000,0.010,0.908,0.082
483500,0.010,0.874,0.116
484000,0.010,0.891,0.099
484500,0.010,0.863,0.127
485000,0.010,0.869,0.121
485500,0.010,0.900,0.090
486000,0.010,0.856,0.134
486500,0.010,0.896,0.094
487000,0.010,0.912,0.078
487500,0.010,0.906,0.084
488000,0.010,0.924,0.066
488500,0.010,0.892,0.098
489000,0.010,0.904,0.086
489500,0.010,0.906,0.084
490000,0.010,0.907,0.083
490500,0.010,0.864,0.126
491000,0.010,0.807,0.182
491500,0.010,0.851,0.139
492000,0.010,0.867,0.123
492500,0.010,0.890,0.100
493000,0.010,0.933,0.056
493500,0.010,0.923,0.067
494000,0.010,0.954,0.036
494500,0.010,0.936,0.054
495000,0.010,0.897,0.093
495500,0.010,0.906,0.084
496000,0.010,0.877,0.113
496500,0.010,0.875,0.115
497000,0.010,0.860,0.130
497500,0.010,0.911,0.079
498000,0.010,0.866,0.124
498500,0.010,0.886,0.104
499000,0.010,0.893,0.097
499500,0.010,0.904,0.086
500000,0.010,0.912,0.078
500500,0.010,0.917,0.073
501000,0.010,0.881,0.109
501500,0.010,0.872,0.118
502000,0.010,0.865,0.125
502500,0.010,0.886,0.104
503000,0.010,0.819,0.171
503500,0.010,0.840,0.150
504000,0.010,0.834,0.156
504500,0.010,0.860,0.130
505000,0.010,0.836,0.154
505500,0.010,0.859,0.131
506000,0.010,0.841,0.149
506500,0.010,0.855,0.135
507000,0.010,0.843,0.147
507500,0.010,0.817,0.173
508000,0.010,0.846,0.144
508500,0.010,0.834,0.156
509000,0.010,0.841,0.149
509500,0.010,0.830,0.160
510000,0.010,0.812,0.178
510500,0.010,0.852,0.138
511000,0.010,0.879,0.111
511500,0.010,0.900,0.090
512000,0.010,0.904,0.086
512500,0.010,0.877,0.113
513000,0.010,0.878,0.112
513500,0.010,0.859,0.131
514000,0.010,0.870,0.120
514500,0.010,0.874,0.116
515000,0.010,0.877,0.113
515500,0.010,0.855,0.135
516000,0.010,0.872,0.118
516500,0.010,0.875,0.115
517000,0.010,0.910,0.080
517500,0.010,0.946,0.044
518000,0.010,0.914,0.076
518500,0.010,0.900,0.090
519000,0.010,0.901,0.089
519500,0.010,0.863,0.127
520000,0.010,0.861,0.129
520500,0.010,0.829,0.161
521000,0.010,0.847,0.143
521500,0.010,0.845,0.145
522000,0.010,0.864,0.126
522500,0.010,0.863,0.127
523000,0.010,0.892,0.098
523500,0.010,0.904,0.086
524000,0.010,0.922,0.068
524500,0.010,0.900,0.090
525000,0.010,0.922,0.068
525500,0.010,0.913,0.077
526000,0.010,0.893,0.097
526500,0.010,0.869,0.121
527000,0.010,0.857,0.133
527500,0.010,0.852,0.138
528000,0.010,0.854,0.136
528500,0.010,0.904,0.086
529000,0.010,0.899,0.091
529500,0.010,0.872,0.118
530000,0.010,0.826,0.164
530500,0.010,0.824,0.166
531000,0.010,0.832,0.158
531500,0.010,0.858,0.132
532000,0.010,0.868,0.122
532500,0.010,0.890,0.100
533000,0.010,0.874,0.116
533500,0.010,0.910,0.080
534000,0.010,0.901,0.089
534500,0.010,0.899,0.091
535000,0.010,0.894,0.096
535500,0.010,0.853,0.137
536000,0.010,0.853,0.137
536500,0.010,0.814,0.176
537000,0.010,0.833,0.157
537500,0.010,0.818,0.172
538000,0.010,0.847,0.143
538500,0.010,0.884,0.106
539000,0.010,0.905,0.085
539500,0.010,0.876,0.114
540000,0.010,0.881,0.109
540500,0.010,0.906,0.084
541000,0.010,0.904,0.086
541500,0.010,0.883,0.107
542000,0.010,0.874,0.116
542500,0.010,0.865,0.125
543000,0.010,0.889,0.101
543500,0.010,0.857,0.133
544000,0.010,0.896,0.094
544500,0.010,0.887,0.103
545000,0.010,0.856,0.134
545500,0.010,0.848,0.142
546000,0.010,0.880,0.110
546500,0.010,0.889,0.101
547000,0.010,0.881,0.109
547500,0.010,0.889,0.101
548000,0.010,0.847,0.143
548500,0.010,0.869,0.121
549000,0.010,0.888,0.102
549500,0.010,0.860,0.130
550000,0.010,0.865,0.125
550500,0.010,0.884,0.106
551000,0.010,0.908,0.082
551500,0.010,0.895,0.095
552000,0.010,0.898,0.092
552500,0.010,0.904,0.086
553000,0.010,0.865,0.125
553500,0.010,0.885,0.105
554000,0.010,0.894,0.096
554500,0.010,0.903,0.087
555000,0.010,0.869,0.121
555500,0.010,0.877,0.113
556000,0.010,0.904,0.086
556500,0.010,0.872,0.118
557000,0.010,0.891,0.099
557500,0.010,0.930,0.060
558000,0.010,0.940,0.050
558500,0.010,0.912,0.078
559000,0.010,0.896,0.094
559500,0.010,0.845,0.145
560000,0.010,0.856,0.134
560500,0.010,0.871,0.119
561000,0.010,0.885,0.105
561500,0.010,0.878,0.112
562000,0.010,0.894,0.096
562500,0.010,0.879,0.111
563000,0.010,0.886,0.104
563500,0.010,0.892,0.098
564000,0.010,0.908,0.082
564500,0.010,0.931,0.058
565000,0.010,0.904,0.086
565500,0.010,0.923,0.067
566000,0.010,0.914,0.076
566500,0.010,0.911,0.079
567000,0.010,0.886,0.104
567500,0.010,0.887,0.103
568000,0.010,0.880,0.110
568500,0.010,0.865,0.125
569000,0.010,0.895,0.095
569500,0.010,0.888,0.102
570000,0.010,0.894,0.096
570500,0.010,0.886,0.104
571000,0.010,0.860,0.130
571500,0.010,0.869,0.121
572000,0.010,0.844,0.146
572500,0.010,0.843,0.147
573000,0.010,0.845,0.145
573500,0.010,0.877,0.113
574000,0.010,0.911,0.079
574500,0.010,0.878,0.112
575000,0.010,0.826,0.164
575500,0.010,0.859,0.131
576000,0.010,0.873,0.117
576500,0.010,0.864,0.126
577000,0.010,0.886,0.104
577500,0.010,0.918,0.072
578000,0.010,0.922,0.068
578500,0.010,0.916,0.074
579000,0.010,0.943,0.047
579500,0.010,0.945,0.045
580000,0.010,0.910,0.080
580500,0.010,0.892,0.098
581000,0.010,0.882,0.108
581500,0.010,0.890,0.100
582000,0.010,0.882,0.108
582500,0.010,0.875,0.115
583000,0.010,0.893,0.097
583500,0.010,0.867,0.123
584000,0.010,0.907,0.083
584500,0.010,0.919,0.071
585000,0.010,0.907,0.083
585500,0.010,0.927,0.062
586000,0.010,0.917,0.073
586500,0.010,0.907,0.083
587000,0.010,0.915,0.075
587500,0.010,0.898,0.092
588000,0.010,0.927,0.063
588500,0.010,0.903,0.087
589000,0.010,0.918,0.072
589500,0.010,0.864,0.126
590000,0.010,0.885,0.105
590500,0.010,0.892,0.098
591000,0.010,0.887,0.103
591500,0.010,0.863,0.127
592000,0.010,0.846,0.144
592500,0.010,0.865,0.125
593000,0.010,0.886,0.104
593500,0.010,0.875,0.115
594000,0.010,0.877,0.113
594500,0.010,0.883,0.107
595000,0.010,0.889,0.101
595500,0.010,0.857,0.133
596000,0.010,0.857,0.133
596500,0.010,0.869,0.121
597000,0.010,0.846,0.144
597500,0.010,0.853,0.137
598000,0.010,0.786,0.204
598500,0.010,0.773,0.217
599000,0.010,0.802,0.188
599500,0.010,0.838,0.152
600000,0.010,0.812,0.178
600500,0.010,0.826,0.164
601000,0.010,0.880,0.110
601500,0.010,0.865,0.125
602000,0.010,0.861,0.129
602500,0.010,0.858,0.132
603000,0.010,0.821,0.169
603500,0.010,0.846,0.144
604000,0.010,0.868,0.122
604500,0.010,0.870,0.120
605000,0.010,0.906,0.084
605500,0.010,0.846,0.144
606000,0.010,0.877,0.113
606500,0.010,0.880,0.110
607000,0.010,0.881,0.109
607500,0.010,0.887,0.103
608000,0.010,0.896,0.094
608500,0.010,0.896,0.094
609000,0.010,0.878,0.112
609500,0.010,0.869,0.121
610000,0.010,0.863,0.127
610500,0.010,0.885,0.105
611000,0.010,0.880,0.110
611500,0.010,0.878,0.112
612000,0.010,0.903,0.087
612500,0.010,0.879,0.111
613000,0.010,0.914,0.076
613500,0.010,0.930,0.060
614000,0.010,0.944,0.046
614500,0.010,0.926,0.064
615000,0.010,0.915,0.075
615500,0.010,0.930,0.060
616000,0.010,0.918,0.072
616500,0.010,0.910,0.080
617000,0.010,0.873,0.117
617500,0.010,0.867,0.123
618000,0.010,0.888,0.102
618500,0.010,0.893,0.097
619000,0.010,0.871,0.119
619500,0.010,0.859,0.131
620000,0.010,0.881,0.109
620500,0.010,0.883,0.107
621000,0.010,0.882,0.108
621500,0.010,0.909,0.081
622000,0.010,0.875,0.115
622500,0.010,0.876,0.114
623000,0.010,0.902,0.088
623500,0.010,0.893,0.097
624000,0.010,0.894,0.096
624500,0.010,0.916,0.074
625000,0.010,0.897,0.093
625500,0.010,0.902,0.088
626000,0.010,0.894,0.096
626500,0.010,0.858,0.132
627000,0.010,0.859,0.131
627500,0.010,0.890,0.100
628000,0.010,0.882,0.108
628500,0.010,0.852,0.138
629000,0.010,0.889,0.101
629500,0.010,0.893,0.097
630000,0.010,0.899,0.091
630500,0.010,0.867,0.123
631000,0.010,0.864,0.126
631500,0.010,0.877,0.113
632000,0.010,0.863,0.127
632500,0.010,0.862,0.128
633000,0.010,0.881,0.109
633500,0.010,0.848,0.142
634000,0.010,0.847,0.143
634500,0.010,0.824,0.166
635000,0.010,0.818,0.172
635500,0.010,0.802,0.188
636000,0.010,0.811,0.179
636500,0.010,0.835,0.155
637000,0.010,0.870,0.120
637500,0.010,0.895,0.095
638000,0.010,0.900,0.090
638500,0.010,0.883,0.107
639000,0.010,0.863,0.127
639500,0.010,0.866,0.124
640000,0.010,0.841,0.149
640500,0.010,0.815,0.175
641000,0.010,0.842,0.148
641500,0.010,0.877,0.113
642000,0.010,0.855,0.135
642500,0.010,0.902,0.088
643000,0.010,0.899,0.091
643500,0.010,0.900,0.090
644000,0.010,0.888,0.102
644500,0.010,0.897,0.093
645000,0.010,0.934,0.055
645500,0.010,0.949,0.041
646000,0.010,0.938,0.052
646500,0.010,0.952,0.038
647000,0.010,0.943,0.047
647500,0.010,0.945,0.045
648000,0.010,0.919,0.071
648500,0.010,0.945,0.045
649000,0.010,0.916,0.074
649500,0.010,0.916,0.074
650000,0.010,0.916,0.074
650500,0.010,0.899,0.091
651000,0.010,0.905,0.085
651500,0.010,0.827,0.163
652000,0.010,0.858,0.132
652500,0.010,0.906,0.084
653000,0.010,0.913,0.077
653500,0.010,0.905,0.085
654000,0.010,0.896,0.094
654500,0.010,0.875,0.115
655000,0.010,0.886,0.104
655500,0.010,0.853,0.137
656000,0.010,0.854,0.136
656500,0.010,0.830,0.160
657000,0.010,0.851,0.139
657500,0.010,0.861,0.129
658000,0.010,0.865,0.125
658500,0.010,0.859,0.131
659000,0.010,0.863,0.127
659500,0.010,0.822,0.168
660000,0.010,0.825,0.165
660500,0.010,0.781,0.209
661000,0.010,0.758,0.232
661500,0.010,0.755,0.235
662000,0.010,0.824,0.166
662500,0.010,0.830,0.160
663000,0.010,0.860,0.130
663500,0.010,0.826,0.164
664000,0.010,0.823,0.167
664500,0.010,0.825,0.165
665000,0.010,0.840,0.150
665500,0.010,0.834,0.156
666000,0.010,0.859,0.131
666500,0.010,0.900,0.090
667000,0.010,0.915,0.075
667500,0.010,0.895,0.095
668000,0.010,0.918,0.072
668500,0.010,0.879,0.111
669000,0.010,0.872,0.118
669500,0.010,0.856,0.134
670000,0.010,0.877,0.113
670500,0.010,0.913,0.077
671000,0.010,0.925,0.065
671500,0.010,0.849,0.141
672000,0.010,0.869,0.121
672500,0.010,0.870,0.120
673000,0.010,0.884,0.106
673500,0.010,0.894,0.096
674000,0.010,0.883,0.107
674500,0.010,0.888,0.102
675000,0.010,0.854,0.136
675500,0.010,0.860,0.130
676000,0.010,0.840,0.150
676500,0.010,0.857,0.133
677000,0.010,0.858,0.132
677500,0.010,0.870,0.120
678000,0.010,0.910,0.080
678500,0.010,0.916,0.074
679000,0.010,0.922,0.068
679500,0.010,0.899,0.091
680000,0.010,0.894,0.096
680500,0.010,0.895,0.095
681000,0.010,0.839,0.151
681500,0.010,0.822,0.168
682000,0.010,0.822,0.168
682500,0.010,0.828,0.162
683000,0.010,0.828,0.162
683500,0.010,0.841,0.149
684000,0.010,0.771,0.219
684500,0.010,0.806,0.184
685000,0.010,0.834,0.156
685500,0.010,0.880,0.110
686000,0.010,0.896,0.094
686500,0.010,0.887,0.103
687000,0.010,0.889,0.101
687500,0.010,0.896,0.094
688000,0.010,0.892,0.098
688500,0.010,0.869,0.121
689000,0.010,0.847,0.143
689500,0.010,0.854,0.136
690000,0.010,0.870,0.120
690500,0.010,0.888,0.102
691000,0.010,0.900,0.090
691500,0.010,0.899,0.091
692000,0.010,0.890,0.100
692500,0.010,0.909,0.081
693000,0.010,0.920,0.070
693500,0.010,0.910,0.080
694000,0.010,0.880,0.110
694500,0.010,0.852,0.138
695000,0.010,0.877,0.113
695500,0.010,0.891,0.099
696000,0.010,0.858,0.132
696500,0.010,0.831,0.159
697000,0.010,0.864,0.126
697500,0.010,0.851,0.139
698000,0.010,0.857,0.133
698500,0.010,0.819,0.171
699000,0.010,0.828,0.162
699500,0.010,0.843,0.147
700000,0.010,0.850,0.140
700500,0.010,0.861,0.129
701000,0.010,0.872,0.118
701500,0.010,0.866,0.124
702000,0.010,0.883,0.107
702500,0.010,0.881,0.109
703000,0.010,0.876,0.114
703500,0.010,0.892,0.098
704000,0.010,0.887,0.103
704500,0.010,0.896,0.094
705000,0.010,0.892,0.098
705500,0.010,0.896,0.094
706000,0.010,0.883,0.107
706500,0.010,0.844,0.146
707000,0.010,0.797,0.193
707500,0.010,0.839,0.151
708000,0.010,0.863,0.127
708500,0.010,0.883,0.107
709000,0.010,0.831,0.159
709500,0.010,0.805,0.185
710000,0.010,0.801,0.189
710500,0.010,0.825,0.165
711000,0.010,0.819,0.171
711500,0.010,0.798,0.192
712000,0.010,0.818,0.172
712500,0.010,0.848,0.142
713000,0.010,0.900,0.090
713500,0.010,0.928,0.061
714000,0.010,0.930,0.059
714500,0.010,0.913,0.077
715000,0.010,0.899,0.091
715500,0.010,0.897,0.093
716000,0.010,0.913,0.077
716500,0.010,0.928,0.062
717000,0.010,0.929,0.061
717500,0.010,0.935,0.054
718000,0.010,0.942,0.048
718500,0.010,0.894,0.096
719000,0.010,0.871,0.119
719500,0.010,0.928,0.062
720000,0.010,0.915,0.075
720500,0.010,0.918,0.072
721000,0.010,0.935,0.054
721500,0.010,0.949,0.041
722000,0.010,0.924,0.066
722500,0.010,0.917,0.073
723000,0.010,0.927,0.062
723500,0.010,0.930,0.059
724000,0.010,0.944,0.046
724500,0.010,0.924,0.066
725000,0.010,0.919,0.071
725500,0.010,0.923,0.067
726000,0.010,0.925,0.065
726500,0.010,0.928,0.061
727000,0.010,0.928,0.062
727500,0.010,0.936,0.053
728000,0.010,0.934,0.056
728500,0.010,0.917,0.073
729000,0.010,0.912,0.078
729500,0.010,0.913,0.077
730000,0.010,0.898,0.092
730500,0.010,0.867,0.123
731000,0.010,0.869,0.121
731500,0.010,0.877,0.113
732000,0.010,0.862,0.128
732500,0.010,0.857,0.133
733000,0.010,0.870,0.120
733500,0.010,0.927,0.062
734000,0.010,0.942,0.048
734500,0.010,0.944,0.046
735000,0.010,0.933,0.056
735500,0.010,0.915,0.075
736000,0.010,0.889,0.101
736500,0.010,0.882,0.108
737000,0.010,0.873,0.117
737500,0.010,0.881,0.109
738000,0.010,0.837,0.153
738500,0.010,0.819,0.171
739000,0.010,0.846,0.144
739500,0.010,0.840,0.150
740000,0.010,0.848,0.142
740500,0.010,0.843,0.147
741000,0.010,0.803,0.186
741500,0.010,0.826,0.164
742000,0.010,0.869,0.121
742500,0.010,0.892,0.098
743000,0.010,0.886,0.104
743500,0.010,0.870,0.120
744000,0.010,0.894,0.096
744500,0.010,0.910,0.080
745000,0.010,0.930,0.060
745500,0.010,0.893,0.097
746000,0.010,0.854,0.136
746500,0.010,0.843,0.147
747000,0.010,0.854,0.136
747500,0.010,0.896,0.094
748000,0.010,0.909,0.081
748500,0.010,0.912,0.078
749000,0.010,0.900,0.090
749500,0.010,0.898,0.092
750000,0.010,0.855,0.135
750500,0.010,0.850,0.140
751000,0.010,0.823,0.167
751500,0.010,0.801,0.189
752000,0.010,0.862,0.128
752500,0.010,0.872,0.118
753000,0.010,0.854,0.136
753500,0.010,0.831,0.159
754000,0.010,0.894,0.096
754500,0.010,0.914,0.076
755000,0.010,0.946,0.044
755500,0.010,0.945,0.045
756000,0.010,0.892,0.098
756500,0.010,0.888,0.102
757000,0.010,0.847,0.143
757500,0.010,0.870,0.120
758000,0.010,0.890,0.100
758500,0.010,0.851,0.139
759000,0.010,0.845,0.145
759500,0.010,0.890,0.100
760000,0.010,0.876,0.114
760500,0.010,0.914,0.076
761000,0.010,0.899,0.091
761500,0.010,0.874,0.116
762000,0.010,0.867,0.123
762500,0.010,0.893,0.097
763000,0.010,0.860,0.130
763500,0.010,0.872,0.118
764000,0.010,0.851,0.139
764500,0.010,0.854,0.136
765000,0.010,0.855,0.135
765500,0.010,0.850,0.140
766000,0.010,0.884,0.106
766500,0.010,0.899,0.091
767000,0.010,0.864,0.126
767500,0.010,0.894,0.096
768000,0.010,0.872,0.118
768500,0.010,0.851,0.139
769000,0.010,0.868,0.122
769500,0.010,0.862,0.128
770000,0.010,0.849,0.141
770500,0.010,0.815,0.175
771000,0.010,0.823,0.167
771500,0.010,0.836,0.154
772000,0.010,0.827,0.163
772500,0.010,0.858,0.132
773000,0.010,0.849,0.141
773500,0.010,0.860,0.130
774000,0.010,0.873,0.117
774500,0.010,0.881,0.109
775000,0.010,0.878,0.112
775500,0.010,0.910,0.080
776000,0.010,0.855,0.135
776500,0.010,0.881,0.109
777000,0.010,0.884,0.106
777500,0.010,0.851,0.139
778000,0.010,0.865,0.125
778500,0.010,0.874,0.116
779000,0.010,0.874,0.116
779500,0.010,0.895,0.095
780000,0.010,0.860,0.130
780500,0.010,0.845,0.145
781000,0.010,0.861,0.129
781500,0.010,0.896,0.094
782000,0.010,0.814,0.176
782500,0.010,0.846,0.144
783000,0.010,0.903,0.087
783500,0.010,0.907,0.083
784000,0.010,0.889,0.101
784500,0.010,0.865,0.125
785000,0.010,0.848,0.142
785500,0.010,0.848,0.142
786000,0.010,0.827,0.163
786500,0.010,0.811,0.179
787000,0.010,0.822,0.168
787500,0.010,0.823,0.167
788000,0.010,0.841,0.149
788500,0.010,0.850,0.140
789000,0.010,0.880,0.110
789500,0.010,0.941,0.049
790000,0.010,0.947,0.043
790500,0.010,0.949,0.041
791000,0.010,0.905,0.085
791500,0.010,0.888,0.102
792000,0.010,0.881,0.109
792500,0.010,0.927,0.062
793000,0.010,0.895,0.095
793500,0.010,0.880,0.110
794000,0.010,0.873,0.117
794500,0.010,0.837,0.153
795000,0.010,0.828,0.162
795500,0.010,0.868,0.122
796000,0.010,0.886,0.104
796500,0.010,0.868,0.122
797000,0.010,0.849,0.141
797500,0.010,0.872,0.118
798000,0.010,0.865,0.125
798500,0.010,0.864,0.126
799000,0.010,0.882,0.108
799500,0.010,0.842,0.148
800000,0.010,0.865,0.125
800500,0.010,0.815,0.175
801000,0.010,0.837,0.153
801500,0.010,0.849,0.141
802000,0.010,0.868,0.122
802500,0.010,0.883,0.107
803000,0.010,0.879,0.111
803500,0.010,0.877,0.113
804000,0.010,0.833,0.157
804500,0.010,0.861,0.129
805000,0.010,0.869,0.121
805500,0.010,0.867,0.123
806000,0.010,0.893,0.097
806500,0.010,0.901,0.089
807000,0.010,0.900,0.090
807500,0.010,0.892,0.098
808000,0.010,0.867,0.123
808500,0.010,0.851,0.139
809000,0.010,0.863,0.127
809500,0.010,0.838,0.152
810000,0.010,0.852,0.138
810500,0.010,0.864,0.126
811000,0.010,0.881,0.109
811500,0.010,0.833,0.157
812000,0.010,0.867,0.123
812500,0.010,0.865,0.125
813000,0.010,0.887,0.103
813500,0.010,0.898,0.092
814000,0.010,0.862,0.128
814500,0.010,0.881,0.109
815000,0.010,0.882,0.108
815500,0.010,0.895,0.095
816000,0.010,0.898,0.092
816500,0.010,0.924,0.066
817000,0.010,0.934,0.056
817500,0.010,0.905,0.085
818000,0.010,0.930,0.059
818500,0.010,0.918,0.072
819000,0.010,0.925,0.065
819500,0.010,0.920,0.070
820000,0.010,0.906,0.084
820500,0.010,0.893,0.097
821000,0.010,0.897,0.093
821500,0.010,0.907,0.083
822000,0.010,0.923,0.067
822500,0.010,0.893,0.097
823000,0.010,0.876,0.114
823500,0.010,0.864,0.126
824000,0.010,0.885,0.105
824500,0.010,0.887,0.103
825000,0.010,0.890,0.100
825500,0.010,0.892,0.098
826000,0.010,0.898,0.092
826500,0.010,0.896,0.094
827000,0.010,0.921,0.069
827500,0.010,0.894,0.096
828000,0.010,0.862,0.128
828500,0.010,0.859,0.131
829000,0.010,0.866,0.124
829500,0.010,0.841,0.149
830000,0.010,0.870,0.120
830500,0.010,0.822,0.168
831000,0.010,0.838,0.152
831500,0.010,0.838,0.152
832000,0.010,0.863,0.127
832500,0.010,0.875,0.115
833000,0.010,0.867,0.123
833500,0.010,0.849,0.141
834000,0.010,0.881,0.109
834500,0.010,0.866,0.124
835000,0.010,0.877,0.113
835500,0.010,0.886,0.104
836000,0.010,0.863,0.127
836500,0.010,0.905,0.085
837000,0.010,0.905,0.085
837500,0.010,0.923,0.067
838000,0.010,0.915,0.075
838500,0.010,0.954,0.036
839000,0.010,0.961,0.029
839500,0.010,0.929,0.060
840000,0.010,0.919,0.071
840500,0.010,0.937,0.053
841000,0.010,0.938,0.052
841500,0.010,0.929,0.061
842000,0.010,0.904,0.086
842500,0.010,0.880,0.110
843000,0.010,0.893,0.097
843500,0.010,0.914,0.076
844000,0.010,0.912,0.078
844500,0.010,0.904,0.086
845000,0.010,0.892,0.098
845500,0.010,0.904,0.086
846000,0.010,0.903,0.087
846500,0.010,0.924,0.066
847000,0.010,0.910,0.080
847500,0.010,0.916,0.074
848000,0.010,0.915,0.075
848500,0.010,0.886,0.104
849000,0.010,0.894,0.096
849500,0.010,0.884,0.106
850000,0.010,0.911,0.079
850500,0.010,0.897,0.093
851000,0.010,0.890,0.100
851500,0.010,0.896,0.094
852000,0.010,0.876,0.114
852500,0.010,0.889,0.101
853000,0.010,0.889,0.101
853500,0.010,0.840,0.150
854000,0.010,0.859,0.131
854500,0.010,0.859,0.131
855000,0.010,0.852,0.138
855500,0.010,0.896,0.094
856000,0.010,0.868,0.122
856500,0.010,0.865,0.125
857000,0.010,0.873,0.117
857500,0.010,0.931,0.059
858000,0.010,0.923,0.067
858500,0.010,0.899,0.091
859000,0.010,0.867,0.123
859500,0.010,0.893,0.097
860000,0.010,0.855,0.135
860500,0.010,0.840,0.150
861000,0.010,0.799,0.191
861500,0.010,0.756,0.234
862000,0.010,0.801,0.189
862500,0.010,0.820,0.170
863000,0.010,0.844,0.146
863500,0.010,0.865,0.125
864000,0.010,0.867,0.123
864500,0.010,0.910,0.080
865000,0.010,0.938,0.052
865500,0.010,0.963,0.027
866000,0.010,0.954,0.036
866500,0.010,0.921,0.069
867000,0.010,0.917,0.073
867500,0.010,0.901,0.089
868000,0.010,0.870,0.120
868500,0.010,0.887,0.103
869000,0.010,0.892,0.098
869500,0.010,0.907,0.083
870000,0.010,0.887,0.103
870500,0.010,0.857,0.133
871000,0.010,0.870,0.120
871500,0.010,0.831,0.159
872000,0.010,0.850,0.140
872500,0.010,0.893,0.097
873000,0.010,0.882,0.108
873500,0.010,0.909,0.081
874000,0.010,0.903,0.087
874500,0.010,0.905,0.085
875000,0.010,0.891,0.099
875500,0.010,0.894,0.096
876000,0.010,0.880,0.110
876500,0.010,0.900,0.090
877000,0.010,0.900,0.090
877500,0.010,0.810,0.180
878000,0.010,0.830,0.160
878500,0.010,0.841,0.149
879000,0.010,0.824,0.166
879500,0.010,0.801,0.189
880000,0.010,0.872,0.118
880500,0.010,0.865,0.125
881000,0.010,0.885,0.105
881500,0.010,0.891,0.099
882000,0.010,0.881,0.109
882500,0.010,0.885,0.105
883000,0.010,0.915,0.075
883500,0.010,0.903,0.087
884000,0.010,0.927,0.063
884500,0.010,0.896,0.094
885000,0.010,0.882,0.108
885500,0.010,0.858,0.132
886000,0.010,0.881,0.109
886500,0.010,0.885,0.105
887000,0.010,0.886,0.104
887500,0.010,0.881,0.109
888000,0.010,0.885,0.105
888500,0.010,0.879,0.111
889000,0.010,0.894,0.096
889500,0.010,0.892,0.098
890000,0.010,0.884,0.106
890500,0.010,0.911,0.079
891000,0.010,0.879,0.111
891500,0.010,0.829,0.161
892000,0.010,0.831,0.159
892500,0.010,0.839,0.151
893000,0.010,0.822,0.168
893500,0.010,0.837,0.153
894000,0.010,0.857,0.133
894500,0.010,0.879,0.111
895000,0.010,0.879,0.111
895500,0.010,0.873,0.117
896000,0.010,0.878,0.112
896500,0.010,0.878,0.112
897000,0.010,0.921,0.069
897500,0.010,0.887,0.103
898000,0.010,0.900,0.090
898500,0.010,0.904,0.086
899000,0.010,0.875,0.115
899500,0.010,0.864,0.126
900000,0.010,0.872,0.118
900500,0.010,0.882,0.108
901000,0.010,0.870,0.120
901500,0.010,0.861,0.129
902000,0.010,0.829,0.161
902500,0.010,0.833,0.157
903000,0.010,0.851,0.139
903500,0.010,0.865,0.125
904000,0.010,0.889,0.101
904500,0.010,0.858,0.132
905000,0.010,0.887,0.103
905500,0.010,0.896,0.094
906000,0.010,0.894,0.096
906500,0.010,0.874,0.116
907000,0.010,0.899,0.091
907500,0.010,0.912,0.078
908000,0.010,0.909,0.081
908500,0.010,0.914,0.076
909000,0.010,0.915,0.075
909500,0.010,0.911,0.079
910000,0.010,0.899,0.091
910500,0.010,0.834,0.156
911000,0.010,0.839,0.151
911500,0.010,0.830,0.160
912000,0.010,0.797,0.193
912500,0.010,0.817,0.173
913000,0.010,0.819,0.171
913500,0.010,0.851,0.139
914000,0.010,0.847,0.143
914500,0.010,0.909,0.081
915000,0.010,0.925,0.065
915500,0.010,0.926,0.064
916000,0.010,0.903,0.087
916500,0.010,0.900,0.090
917000,0.010,0.899,0.091
917500,0.010,0.896,0.094
918000,0.010,0.895,0.095
918500,0.010,0.919,0.071
919000,0.010,0.879,0.111
919500,0.010,0.841,0.149
920000,0.010,0.822,0.168
920500,0.010,0.825,0.165
921000,0.010,0.862,0.128
921500,0.010,0.859,0.131
922000,0.010,0.853,0.137
922500,0.010,0.869,0.121
923000,0.010,0.849,0.141
923500,0.010,0.855,0.135
924000,0.010,0.812,0.177
924500,0.010,0.878,0.112
925000,0.010,0.871,0.119
925500,0.010,0.916,0.074
926000,0.010,0.920,0.070
926500,0.010,0.890,0.100
927000,0.010,0.859,0.131
927500,0.010,0.855,0.135
928000,0.010,0.857,0.133
928500,0.010,0.879,0.111
929000,0.010,0.920,0.070
929500,0.010,0.887,0.103
930000,0.010,0.892,0.098
930500,0.010,0.927,0.062
931000,0.010,0.909,0.081
931500,0.010,0.936,0.053
932000,0.010,0.904,0.086
932500,0.010,0.884,0.106
933000,0.010,0.857,0.133
933500,0.010,0.874,0.116
934000,0.010,0.866,0.124
934500,0.010,0.855,0.135
935000,0.010,0.860,0.130
935500,0.010,0.853,0.137
936000,0.010,0.834,0.156
936500,0.010,0.806,0.183
937000,0.010,0.827,0.163
937500,0.010,0.829,0.161
938000,0.010,0.826,0.164
938500,0.010,0.829,0.161
939000,0.010,0.811,0.178
939500,0.010,0.838,0.152
940000,0.010,0.850,0.140
940500,0.010,0.873,0.117
941000,0.010,0.863,0.127
941500,0.010,0.891,0.099
942000,0.010,0.890,0.100
942500,0.010,0.892,0.098
943000,0.010,0.918,0.072
943500,0.010,0.913,0.077
944000,0.010,0.924,0.066
944500,0.010,0.931,0.059
945000,0.010,0.908,0.082
945500,0.010,0.893,0.097
946000,0.010,0.876,0.114
946500,0.010,0.857,0.133
947000,0.010,0.838,0.152
947500,0.010,0.842,0.148
948000,0.010,0.804,0.185
948500,0.010,0.858,0.132
949000,0.010,0.878,0.112
949500,0.010,0.904,0.086
950000,0.010,0.919,0.071
950500,0.010,0.936,0.054
951000,0.010,0.927,0.063
951500,0.010,0.871,0.119
952000,0.010,0.886,0.104
952500,0.010,0.874,0.116
953000,0.010,0.898,0.092
953500,0.010,0.893,0.097
954000,0.010,0.880,0.110
954500,0.010,0.878,0.112
955000,0.010,0.860,0.130
955500,0.010,0.860,0.130
956000,0.010,0.837,0.153
956500,0.010,0.867,0.123
957000,0.010,0.850,0.140
957500,0.010,0.875,0.115
958000,0.010,0.896,0.094
958500,0.010,0.918,0.072
959000,0.010,0.929,0.060
959500,0.010,0.913,0.077
960000,0.010,0.927,0.063
960500,0.010,0.933,0.056
961000,0.010,0.901,0.089
961500,0.010,0.914,0.076
962000,0.010,0.900,0.090
962500,0.010,0.870,0.120
963000,0.010,0.873,0.117
963500,0.010,0.859,0.131
964000,0.010,0.832,0.158
964500,0.010,0.828,0.162
965000,0.010,0.855,0.135
965500,0.010,0.851,0.139
966000,0.010,0.881,0.109
966500,0.010,0.913,0.077
967000,0.010,0.931,0.059
967500,0.010,0.898,0.092
968000,0.010,0.877,0.113
968500,0.010,0.918,0.072
969000,0.010,0.921,0.069
969500,0.010,0.918,0.072
970000,0.010,0.938,0.052
970500,0.010,0.912,0.078
971000,0.010,0.899,0.091
971500,0.010,0.890,0.100
972000,0.010,0.873,0.117
972500,0.010,0.926,0.064
973000,0.010,0.894,0.096
973500,0.010,0.870,0.120
974000,0.010,0.898,0.092
974500,0.010,0.927,0.063
975000,0.010,0.913,0.077
975500,0.010,0.914,0.076
976000,0.010,0.902,0.088
976500,0.010,0.903,0.087
977000,0.010,0.886,0.104
977500,0.010,0.895,0.095
978000,0.010,0.923,0.067
978500,0.010,0.942,0.048
979000,0.010,0.959,0.031
979500,0.010,0.962,0.028
980000,0.010,0.934,0.055
980500,0.010,0.929,0.061
981000,0.010,0.942,0.048
981500,0.010,0.900,0.090
982000,0.010,0.889,0.101
982500,0.010,0.890,0.100
983000,0.010,0.921,0.069
983500,0.010,0.898,0.092
984000,0.010,0.853,0.137
984500,0.010,0.873,0.117
985000,0.010,0.862,0.128
985500,0.010,0.853,0.137
986000,0.010,0.851,0.139
986500,0.010,0.852,0.138
987000,0.010,0.836,0.154
987500,0.010,0.896,0.094
988000,0.010,0.873,0.117
988500,0.010,0.877,0.113
989000,0.010,0.880,0.110
989500,0.010,0.875,0.115
990000,0.010,0.830,0.160
990500,0.010,0.867,0.123
991000,0.010,0.875,0.115
991500,0.010,0.891,0.099
992000,0.010,0.874,0.116
992500,0.010,0.830,0.160
993000,0.010,0.832,0.158
993500,0.010,0.799,0.191
994000,0.010,0.823,0.167
994500,0.010,0.857,0.133
995000,0.010,0.835,0.155
995500,0.010,0.875,0.115
996000,0.010,0.869,0.121
996500,0.010,0.851,0.139
997000,0.010,0.857,0.133
997500,0.010,0.863,0.127
998000,0.010,0.836,0.154
998500,0.010,0.874,0.116
999000,0.010,0.869,0.121
999500,0.010,0.875,0.115
1000000,0.010,0.885,0.105
