time,n_A+p,n_B,n_AB
500,0.010,0.938,0.052
1000,0.010,0.836,0.154
1500,0.010,0.695,0.295
2000,0.010,0.652,0.338
2500,0.010,0.582,0.408
3000,0.010,0.519,0.471
3500,0.010,0.622,0.368
4000,0.010,0.613,0.377
4500,0.010,0.622,0.368
5000,0.010,0.606,0.384
5500,0.010,0.592,0.398
6000,0.010,0.528,0.462
6500,0.010,0.521,0.469
7000,0.010,0.583,0.407
7500,0.010,0.555,0.434
8000,0.010,0.499,0.491
8500,0.010,0.533,0.457
9000,0.010,0.572,0.418
9500,0.010,0.594,0.396
10000,0.010,0.657,0.333
10500,0.010,0.612,0.378
11000,0.010,0.619,0.371
11500,0.010,0.542,0.448
12000,0.010,0.538,0.452
12500,0.010,0.486,0.504
13000,0.010,0.520,0.470
13500,0.010,0.524,0.466
14000,0.010,0.492,0.498
14500,0.010,0.414,0.576
15000,0.010,0.515,0.475
15500,0.010,0.506,0.484
16000,0.010,0.497,0.493
16500,0.010,0.461,0.529
17000,0.010,0.586,0.404
17500,0.010,0.647,0.343
18000,0.010,0.615,0.375
18500,0.010,0.601,0.389
19000,0.010,0.590,0.400
19500,0.010,0.645,0.345
20000,0.010,0.552,0.438
20500,0.010,0.528,0.462
21000,0.010,0.562,0.427
21500,0.010,0.495,0.494
22000,0.010,0.490,0.499
22500,0.010,0.516,0.474
23000,0.010,0.568,0.422
23500,0.010,0.528,0.462
24000,0.010,0.580,0.410
24500,0.010,0.576,0.414
25000,0.010,0.564,0.426
25500,0.010,0.547,0.443
26000,0.010,0.557,0.432
26500,0.010,0.538,0.452
27000,0.010,0.605,0.385
27500,0.010,0.513,0.477
28000,0.010,0.443,0.547
28500,0.010,0.502,0.488
29000,0.010,0.493,0.496
29500,0.010,0.453,0.537
30000,0.010,0.501,0.489
30500,0.010,0.559,0.431
31000,0.010,0.473,0.516
31500,0.010,0.481,0.508
32000,0.010,0.534,0.456
32500,0.010,0.544,0.446
33000,0.010,0.524,0.466
33500,0.010,0.528,0.462
34000,0.010,0.484,0.506
34500,0.010,0.442,0.548
35000,0.010,0.434,0.556
35500,0.010,0.513,0.477
36000,0.010,0.619,0.371
36500,0.010,0.624,0.366
37000,0.010,0.676,0.314
37500,0.010,0.604,0.386
38000,0.010,0.515,0.475
38500,0.010,0.433,0.556
39000,0.010,0.408,0.582
39500,0.010,0.482,0.508
40000,0.010,0.517,0.473
40500,0.010,0.525,0.465
41000,0.010,0.522,0.468
41500,0.010,0.573,0.417
42000,0.010,0.606,0.384
42500,0.010,0.523,0.467
43000,0.010,0.559,0.431
43500,0.010,0.532,0.458
44000,0.010,0.609,0.381
44500,0.010,0.601,0.389
45000,0.010,0.535,0.455
45500,0.010,0.565,0.425
46000,0.010,0.597,0.393
46500,0.010,0.617,0.373
47000,0.010,0.587,0.403
47500,0.010,0.569,0.421
48000,0.010,0.611,0.379
48500,0.010,0.592,0.398
49000,0.010,0.641,0.349
49500,0.010,0.593,0.397
50000,0.010,0.531,0.459
50500,0.010,0.530,0.460
51000,0.010,0.532,0.458
51500,0.010,0.505,0.485
52000,0.010,0.571,0.419
52500,0.010,0.574,0.416
53000,0.010,0.609,0.381
53500,0.010,0.563,0.427
54000,0.010,0.542,0.448
54500,0.010,0.577,0.413
55000,0.010,0.525,0.465
55500,0.010,0.546,0.444
56000,0.010,0.565,0.425
56500,0.010,0.559,0.430
57000,0.010,0.574,0.416
57500,0.010,0.587,0.403
58000,0.010,0.635,0.355
58500,0.010,0.564,0.426
59000,0.010,0.554,0.436
59500,0.010,0.562,0.427
60000,0.010,0.541,0.449
60500,0.010,0.516,0.474
61000,0.010,0.469,0.521
61500,0.010,0.521,0.469
62000,0.010,0.472,0.518
62500,0.010,0.488,0.502
63000,0.010,0.487,0.502
63500,0.010,0.504,0.486
64000,0.010,0.466,0.524
64500,0.010,0.473,0.517
65000,0.010,0.493,0.497
65500,0.010,0.546,0.444
66000,0.010,0.573,0.417
66500,0.010,0.529,0.461
67000,0.010,0.512,0.478
67500,0.010,0.489,0.500
68000,0.010,0.538,0.452
68500,0.010,0.532,0.458
69000,0.010,0.541,0.449
69500,0.010,0.514,0.476
70000,0.010,0.497,0.492
70500,0.010,0.576,0.414
71000,0.010,0.456,0.534
71500,0.010,0.458,0.532
72000,0.010,0.529,0.461
72500,0.010,0.593,0.397
73000,0.010,0.605,0.385
73500,0.010,0.594,0.396
74000,0.010,0.693,0.297
74500,0.010,0.606,0.384
75000,0.010,0.549,0.441
75500,0.010,0.568,0.422
76000,0.010,0.588,0.402
76500,0.010,0.524,0.466
77000,0.010,0.527,0.463
77500,0.010,0.520,0.470
78000,0.010,0.472,0.518
78500,0.010,0.473,0.516
79000,0.010,0.578,0.412
79500,0.010,0.609,0.381
80000,0.010,0.529,0.461
80500,0.010,0.600,0.390
81000,0.010,0.510,0.480
81500,0.010,0.490,0.500
82000,0.010,0.441,0.549
82500,0.013,0.509,0.478
83000,0.010,0.512,0.478
83500,0.010,0.472,0.518
84000,0.010,0.490,0.499
84500,0.010,0.568,0.422
85000,0.010,0.533,0.457
85500,0.010,0.522,0.468
86000,0.010,0.517,0.473
86500,0.010,0.617,0.373
87000,0.010,0.598,0.392
87500,0.010,0.626,0.364
88000,0.010,0.594,0.396
88500,0.010,0.531,0.459
89000,0.010,0.476,0.514
89500,0.010,0.486,0.504
90000,0.010,0.449,0.541
90500,0.010,0.638,0.352
91000,0.010,0.615,0.375
91500,0.010,0.640,0.350
92000,0.010,0.615,0.375
92500,0.010,0.560,0.429
93000,0.010,0.562,0.427
93500,0.010,0.490,0.499
94000,0.012,0.410,0.578
94500,0.010,0.495,0.495
95000,0.010,0.587,0.403
95500,0.010,0.575,0.415
96000,0.010,0.542,0.448
96500,0.010,0.550,0.440
97000,0.010,0.537,0.453
97500,0.010,0.498,0.492
98000,0.010,0.504,0.486
98500,0.010,0.558,0.432
99000,0.010,0.587,0.403
99500,0.010,0.530,0.460
100000,0.010,0.501,0.489
100500,0.010,0.498,0.491
101000,0.010,0.484,0.506
101500,0.010,0.600,0.390
102000,0.010,0.592,0.398
102500,0.010,0.574,0.416
103000,0.010,0.556,0.433
103500,0.010,0.546,0.444
104000,0.010,0.531,0.459
104500,0.010,0.535,0.455
105000,0.010,0.570,0.420
105500,0.010,0.563,0.427
106000,0.010,0.541,0.449
106500,0.010,0.492,0.498
107000,0.010,0.479,0.510
107500,0.010,0.532,0.458
108000,0.010,0.591,0.399
108500,0.010,0.570,0.420
109000,0.010,0.589,0.401
109500,0.010,0.623,0.367
110000,0.010,0.614,0.376
110500,0.010,0.551,0.439
111000,0.010,0.622,0.368
111500,0.010,0.582,0.408
112000,0.010,0.517,0.473
112500,0.010,0.500,0.490
113000,0.010,0.421,0.569
113500,0.010,0.457,0.533
114000,0.010,0.398,0.592
114500,0.010,0.485,0.505
115000,0.010,0.460,0.530
115500,0.010,0.470,0.520
116000,0.010,0.492,0.498
116500,0.010,0.541,0.449
117000,0.010,0.503,0.487
117500,0.010,0.582,0.408
118000,0.010,0.556,0.433
118500,0.010,0.558,0.432
119000,0.010,0.474,0.516
119500,0.010,0.463,0.527
120000,0.010,0.484,0.506
120500,0.010,0.526,0.464
121000,0.010,0.493,0.497
121500,0.010,0.488,0.502
122000,0.010,0.466,0.524
122500,0.010,0.473,0.516
123000,0.010,0.488,0.502
123500,0.010,0.464,0.526
124000,0.010,0.510,0.480
124500,0.010,0.465,0.525
125000,0.010,0.461,0.529
125500,0.010,0.436,0.554
126000,0.010,0.519,0.471
126500,0.010,0.567,0.423
127000,0.010,0.514,0.476
127500,0.010,0.455,0.535
128000,0.010,0.365,0.625
128500,0.010,0.388,0.603
129000,0.010,0.399,0.591
129500,0.010,0.434,0.555
130000,0.010,0.501,0.489
130500,0.010,0.476,0.514
131000,0.010,0.472,0.518
131500,0.010,0.528,0.462
132000,0.010,0.557,0.432
132500,0.010,0.451,0.539
133000,0.010,0.417,0.573
133500,0.010,0.451,0.539
134000,0.010,0.516,0.474
134500,0.010,0.456,0.534
135000,0.010,0.478,0.512
135500,0.010,0.579,0.411
136000,0.010,0.543,0.447
136500,0.010,0.443,0.547
137000,0.010,0.445,0.545
137500,0.010,0.443,0.547
138000,0.010,0.438,0.552
138500,0.010,0.515,0.475
139000,0.010,0.574,0.416
139500,0.010,0.528,0.462
140000,0.010,0.485,0.505
140500,0.010,0.505,0.485
141000,0.010,0.424,0.566
141500,0.010,0.454,0.536
142000,0.010,0.413,0.577
142500,0.010,0.495,0.495
143000,0.010,0.545,0.445
143500,0.010,0.586,0.404
144000,0.010,0.609,0.381
144500,0.010,0.555,0.435
145000,0.010,0.599,0.391
145500,0.010,0.532,0.458
146000,0.010,0.576,0.414
146500,0.010,0.565,0.425
147000,0.010,0.550,0.440
147500,0.010,0.522,0.468
148000,0.010,0.552,0.438
148500,0.010,0.537,0.453
149000,0.010,0.531,0.459
149500,0.010,0.514,0.476
150000,0.010,0.487,0.503
150500,0.010,0.503,0.487
151000,0.010,0.552,0.438
151500,0.010,0.546,0.444
152000,0.010,0.565,0.425
152500,0.010,0.616,0.374
153000,0.010,0.592,0.398
153500,0.010,0.542,0.448
154000,0.010,0.497,0.493
154500,0.010,0.511,0.479
155000,0.010,0.498,0.491
155500,0.010,0.574,0.416
156000,0.010,0.479,0.511
156500,0.010,0.513,0.477
157000,0.010,0.544,0.446
157500,0.010,0.502,0.488
158000,0.010,0.495,0.495
158500,0.010,0.527,0.463
159000,0.010,0.530,0.460
159500,0.010,0.523,0.467
160000,0.010,0.623,0.367
160500,0.010,0.563,0.427
161000,0.010,0.475,0.515
161500,0.010,0.534,0.456
162000,0.010,0.525,0.465
162500,0.010,0.482,0.508
163000,0.010,0.527,0.463
163500,0.010,0.432,0.557
164000,0.010,0.460,0.530
164500,0.010,0.521,0.469
165000,0.010,0.521,0.469
165500,0.010,0.512,0.478
166000,0.010,0.506,0.484
166500,0.010,0.574,0.416
167000,0.010,0.514,0.476
167500,0.010,0.533,0.457
168000,0.010,0.505,0.485
168500,0.010,0.527,0.463
169000,0.010,0.523,0.467
169500,0.010,0.556,0.433
170000,0.010,0.569,0.421
170500,0.010,0.511,0.479
171000,0.010,0.514,0.476
171500,0.010,0.494,0.496
172000,0.010,0.499,0.490
172500,0.010,0.488,0.502
173000,0.010,0.477,0.512
173500,0.010,0.546,0.444
174000,0.010,0.630,0.360
174500,0.010,0.604,0.386
175000,0.010,0.551,0.439
175500,0.010,0.538,0.452
176000,0.010,0.506,0.484
176500,0.010,0.441,0.549
177000,0.010,0.469,0.521
177500,0.010,0.476,0.514
178000,0.010,0.493,0.496
178500,0.010,0.534,0.456
179000,0.010,0.527,0.463
179500,0.010,0.457,0.533
180000,0.010,0.501,0.489
180500,0.010,0.517,0.473
181000,0.010,0.503,0.487
181500,0.010,0.432,0.558
182000,0.010,0.544,0.446
182500,0.010,0.514,0.476
183000,0.010,0.477,0.513
183500,0.010,0.528,0.462
184000,0.010,0.565,0.425
184500,0.010,0.572,0.418
185000,0.010,0.526,0.464
185500,0.010,0.491,0.499
186000,0.010,0.436,0.554
186500,0.010,0.557,0.432
187000,0.010,0.496,0.494
187500,0.010,0.469,0.521
188000,0.010,0.525,0.465
188500,0.010,0.506,0.484
189000,0.010,0.612,0.378
189500,0.010,0.541,0.449
190000,0.010,0.526,0.464
190500,0.010,0.566,0.424
191000,0.010,0.466,0.524
191500,0.010,0.499,0.490
192000,0.010,0.554,0.435
192500,0.010,0.554,0.435
193000,0.010,0.497,0.492
193500,0.010,0.470,0.520
194000,0.010,0.594,0.396
194500,0.010,0.609,0.381
195000,0.010,0.537,0.453
195500,0.010,0.561,0.428
196000,0.010,0.486,0.504
196500,0.010,0.512,0.478
197000,0.010,0.588,0.402
197500,0.010,0.580,0.410
198000,0.010,0.595,0.395
198500,0.010,0.535,0.455
199000,0.010,0.569,0.421
199500,0.010,0.590,0.400
200000,0.010,0.528,0.462
200500,0.010,0.543,0.447
201000,0.010,0.551,0.439
201500,0.010,0.535,0.455
202000,0.010,0.503,0.487
202500,0.010,0.472,0.518
203000,0.010,0.489,0.501
203500,0.010,0.498,0.491
204000,0.010,0.505,0.485
204500,0.010,0.511,0.479
205000,0.010,0.487,0.502
205500,0.010,0.461,0.529
206000,0.010,0.562,0.427
206500,0.010,0.618,0.372
207000,0.010,0.589,0.401
207500,0.010,0.538,0.452
208000,0.010,0.551,0.439
208500,0.010,0.531,0.459
209000,0.010,0.507,0.483
209500,0.010,0.543,0.447
210000,0.010,0.591,0.399
210500,0.010,0.601,0.389
211000,0.010,0.584,0.406
211500,0.010,0.505,0.485
212000,0.010,0.512,0.478
212500,0.010,0.505,0.485
213000,0.010,0.415,0.575
213500,0.010,0.445,0.545
214000,0.010,0.423,0.567
214500,0.010,0.468,0.522
215000,0.010,0.474,0.516
215500,0.010,0.496,0.494
216000,0.010,0.519,0.471
216500,0.010,0.495,0.495
217000,0.010,0.508,0.482
217500,0.010,0.491,0.498
218000,0.010,0.526,0.464
218500,0.010,0.512,0.478
219000,0.010,0.459,0.531
219500,0.010,0.467,0.523
220000,0.010,0.511,0.479
220500,0.010,0.553,0.436
221000,0.010,0.513,0.477
221500,0.010,0.477,0.512
222000,0.010,0.529,0.461
222500,0.010,0.531,0.459
223000,0.010,0.551,0.439
223500,0.010,0.516,0.474
224000,0.010,0.682,0.308
224500,0.010,0.681,0.309
225000,0.010,0.605,0.385
225500,0.010,0.558,0.432
226000,0.010,0.522,0.468
226500,0.010,0.477,0.512
227000,0.010,0.449,0.541
227500,0.010,0.426,0.564
228000,0.010,0.494,0.495
228500,0.010,0.558,0.432
229000,0.010,0.555,0.435
229500,0.010,0.578,0.412
230000,0.010,0.617,0.373
230500,0.010,0.555,0.435
231000,0.010,0.634,0.356
231500,0.010,0.679,0.310
232000,0.010,0.619,0.371
232500,0.010,0.625,0.365
233000,0.010,0.630,0.360
233500,0.010,0.610,0.380
234000,0.010,0.618,0.372
234500,0.010,0.595,0.395
235000,0.010,0.530,0.460
235500,0.010,0.566,0.424
236000,0.010,0.554,0.435
236500,0.010,0.569,0.421
237000,0.010,0.536,0.454
237500,0.010,0.592,0.398
238000,0.010,0.550,0.440
238500,0.010,0.513,0.477
239000,0.010,0.428,0.561
239500,0.010,0.463,0.527
240000,0.010,0.469,0.520
240500,0.010,0.454,0.536
241000,0.010,0.430,0.559
241500,0.010,0.467,0.523
242000,0.010,0.481,0.508
242500,0.010,0.495,0.495
243000,0.010,0.490,0.500
243500,0.010,0.503,0.487
244000,0.010,0.489,0.501
244500,0.010,0.520,0.470
245000,0.010,0.597,0.393
245500,0.010,0.531,0.459
246000,0.010,0.562,0.427
246500,0.010,0.561,0.429
247000,0.010,0.577,0.413
247500,0.010,0.585,0.405
248000,0.010,0.562,0.427
248500,0.010,0.432,0.558
249000,0.010,0.466,0.524
249500,0.010,0.476,0.514
250000,0.010,0.479,0.511
250500,0.010,0.521,0.469
251000,0.010,0.475,0.515
251500,0.010,0.511,0.479
252000,0.010,0.542,0.448
252500,0.010,0.554,0.435
253000,0.010,0.621,0.369
253500,0.010,0.594,0.396
254000,0.010,0.601,0.389
254500,0.010,0.592,0.398
255000,0.010,0.634,0.356
255500,0.010,0.605,0.385
256000,0.010,0.584,0.406
256500,0.010,0.562,0.428
257000,0.010,0.589,0.401
257500,0.010,0.599,0.391
258000,0.010,0.620,0.370
258500,0.010,0.547,0.443
259000,0.010,0.536,0.454
259500,0.010,0.504,0.486
260000,0.010,0.581,0.409
260500,0.010,0.542,0.448
261000,0.010,0.543,0.447
261500,0.010,0.542,0.448
262000,0.010,0.580,0.410
262500,0.010,0.606,0.384
263000,0.010,0.489,0.501
263500,0.010,0.491,0.498
264000,0.010,0.488,0.502
264500,0.010,0.471,0.518
265000,0.010,0.538,0.452
265500,0.010,0.430,0.560
266000,0.010,0.518,0.472
266500,0.010,0.478,0.512
267000,0.010,0.506,0.484
267500,0.010,0.503,0.487
268000,0.010,0.547,0.443
268500,0.010,0.517,0.473
269000,0.010,0.561,0.428
269500,0.010,0.568,0.422
270000,0.010,0.586,0.404
270500,0.010,0.573,0.417
271000,0.010,0.582,0.408
271500,0.010,0.628,0.362
272000,0.010,0.605,0.385
272500,0.010,0.512,0.478
273000,0.010,0.480,0.510
273500,0.010,0.442,0.548
274000,0.010,0.451,0.539
274500,0.010,0.477,0.513
275000,0.010,0.533,0.457
275500,0.010,0.567,0.423
276000,0.010,0.585,0.405
276500,0.010,0.594,0.396
277000,0.010,0.637,0.353
277500,0.010,0.580,0.410
278000,0.010,0.590,0.400
278500,0.010,0.554,0.436
279000,0.010,0.537,0.453
279500,0.010,0.532,0.458
280000,0.010,0.569,0.421
280500,0.010,0.558,0.431
281000,0.010,0.528,0.462
281500,0.010,0.439,0.551
282000,0.010,0.606,0.384
282500,0.010,0.603,0.387
283000,0.010,0.608,0.382
283500,0.010,0.547,0.443
284000,0.010,0.609,0.381
284500,0.010,0.537,0.453
285000,0.010,0.596,0.394
285500,0.010,0.641,0.349
286000,0.010,0.579,0.411
286500,0.010,0.520,0.470
287000,0.010,0.555,0.434
287500,0.010,0.546,0.444
288000,0.010,0.569,0.421
288500,0.010,0.597,0.393
289000,0.010,0.558,0.432
289500,0.010,0.585,0.405
290000,0.010,0.567,0.423
290500,0.010,0.542,0.448
291000,0.010,0.512,0.478
291500,0.010,0.473,0.516
292000,0.010,0.529,0.461
292500,0.010,0.588,0.402
293000,0.010,0.578,0.412
293500,0.010,0.558,0.432
294000,0.010,0.506,0.484
294500,0.010,0.541,0.449
295000,0.010,0.511,0.479
295500,0.010,0.533,0.457
296000,0.010,0.580,0.410
296500,0.010,0.547,0.443
297000,0.010,0.457,0.533
297500,0.010,0.489,0.500
298000,0.010,0.512,0.478
298500,0.010,0.529,0.461
299000,0.010,0.507,0.483
299500,0.010,0.521,0.469
300000,0.010,0.531,0.459
300500,0.010,0.504,0.486
301000,0.010,0.528,0.462
301500,0.011,0.552,0.437
302000,0.010,0.527,0.463
302500,0.010,0.550,0.440
303000,0.010,0.533,0.457
303500,0.010,0.585,0.405
304000,0.010,0.634,0.356
304500,0.010,0.590,0.400
305000,0.010,0.551,0.439
305500,0.010,0.618,0.372
306000,0.010,0.657,0.333
306500,0.010,0.557,0.432
307000,0.010,0.587,0.403
307500,0.010,0.644,0.346
308000,0.010,0.607,0.383
308500,0.010,0.611,0.379
309000,0.010,0.591,0.399
309500,0.010,0.557,0.433
310000,0.010,0.539,0.451
310500,0.010,0.550,0.440
311000,0.010,0.571,0.419
311500,0.010,0.636,0.354
312000,0.010,0.585,0.405
312500,0.010,0.526,0.464
313000,0.010,0.529,0.461
313500,0.010,0.516,0.474
314000,0.010,0.535,0.455
314500,0.010,0.545,0.445
315000,0.010,0.517,0.473
315500,0.010,0.549,0.441
316000,0.010,0.545,0.445
316500,0.010,0.495,0.494
317000,0.010,0.482,0.508
317500,0.010,0.558,0.431
318000,0.010,0.514,0.476
318500,0.010,0.408,0.582
319000,0.010,0.487,0.502
319500,0.010,0.555,0.435
320000,0.010,0.546,0.444
320500,0.010,0.508,0.482
321000,0.010,0.516,0.474
321500,0.010,0.593,0.397
322000,0.010,0.537,0.453
322500,0.010,0.484,0.506
323000,0.010,0.480,0.510
323500,0.010,0.488,0.502
324000,0.013,0.430,0.556
324500,0.011,0.473,0.516
325000,0.010,0.540,0.450
325500,0.010,0.473,0.516
326000,0.010,0.591,0.399
326500,0.010,0.574,0.416
327000,0.010,0.546,0.444
327500,0.010,0.529,0.461
328000,0.010,0.495,0.494
328500,0.010,0.560,0.429
329000,0.010,0.569,0.421
329500,0.010,0.565,0.425
330000,0.010,0.551,0.439
330500,0.010,0.495,0.495
331000,0.016,0.457,0.527
331500,0.011,0.520,0.469
332000,0.010,0.527,0.463
332500,0.010,0.470,0.520
333000,0.010,0.411,0.579
333500,0.010,0.357,0.633
334000,0.011,0.405,0.584
334500,0.014,0.462,0.524
335000,0.010,0.515,0.475
335500,0.010,0.567,0.423
336000,0.010,0.586,0.404
336500,0.010,0.500,0.490
337000,0.010,0.523,0.467
337500,0.010,0.517,0.473
338000,0.010,0.614,0.376
338500,0.010,0.599,0.391
339000,0.010,0.604,0.386
339500,0.010,0.541,0.449
340000,0.010,0.467,0.523
340500,0.010,0.454,0.536
341000,0.015,0.421,0.565
341500,0.010,0.441,0.549
342000,0.010,0.473,0.516
342500,0.010,0.460,0.530
343000,0.010,0.519,0.471
343500,0.010,0.578,0.412
344000,0.010,0.635,0.355
344500,0.010,0.570,0.420
345000,0.010,0.453,0.537
345500,0.010,0.540,0.450
346000,0.010,0.495,0.495
346500,0.010,0.520,0.470
347000,0.010,0.521,0.469
347500,0.010,0.556,0.434
348000,0.010,0.544,0.446
348500,0.010,0.512,0.478
349000,0.010,0.560,0.430
349500,0.010,0.548,0.442
350000,0.010,0.530,0.460
350500,0.010,0.550,0.440
351000,0.010,0.561,0.429
351500,0.010,0.549,0.441
352000,0.010,0.569,0.421
352500,0.010,0.500,0.490
353000,0.010,0.545,0.445
353500,0.010,0.457,0.533
354000,0.010,0.546,0.444
354500,0.010,0.543,0.447
355000,0.010,0.505,0.485
355500,0.010,0.599,0.391
356000,0.010,0.622,0.368
356500,0.010,0.543,0.447
357000,0.010,0.519,0.471
357500,0.010,0.559,0.430
358000,0.010,0.531,0.459
358500,0.010,0.517,0.473
359000,0.010,0.504,0.486
359500,0.010,0.466,0.524
360000,0.010,0.421,0.569
360500,0.010,0.390,0.601
361000,0.010,0.471,0.518
361500,0.010,0.465,0.525
362000,0.010,0.469,0.520
362500,0.010,0.539,0.451
363000,0.010,0.569,0.421
363500,0.010,0.544,0.446
364000,0.010,0.505,0.485
364500,0.010,0.552,0.438
365000,0.010,0.586,0.404
365500,0.010,0.504,0.486
366000,0.010,0.531,0.459
366500,0.010,0.553,0.436
367000,0.010,0.528,0.462
367500,0.010,0.583,0.407
368000,0.010,0.527,0.463
368500,0.010,0.544,0.446
369000,0.010,0.525,0.465
369500,0.010,0.516,0.474
370000,0.010,0.549,0.441
370500,0.010,0.542,0.448
371000,0.010,0.512,0.478
371500,0.010,0.505,0.485
372000,0.010,0.533,0.457
372500,0.010,0.638,0.352
373000,0.010,0.532,0.458
373500,0.010,0.487,0.502
374000,0.010,0.601,0.389
374500,0.010,0.582,0.408
375000,0.010,0.573,0.417
375500,0.010,0.483,0.507
376000,0.010,0.497,0.492
376500,0.010,0.447,0.543
377000,0.010,0.351,0.639
377500,0.010,0.401,0.589
378000,0.010,0.465,0.525
378500,0.010,0.516,0.474
379000,0.010,0.467,0.523
379500,0.010,0.569,0.421
380000,0.010,0.521,0.469
380500,0.010,0.516,0.474
381000,0.010,0.559,0.431
381500,0.010,0.507,0.483
382000,0.010,0.430,0.559
382500,0.010,0.440,0.550
383000,0.010,0.491,0.498
383500,0.010,0.545,0.445
384000,0.010,0.592,0.398
384500,0.010,0.591,0.399
385000,0.010,0.541,0.449
385500,0.010,0.578,0.412
386000,0.010,0.506,0.484
386500,0.010,0.508,0.482
387000,0.010,0.555,0.435
387500,0.010,0.554,0.436
388000,0.010,0.528,0.462
388500,0.010,0.496,0.494
389000,0.010,0.490,0.499
389500,0.010,0.476,0.514
390000,0.010,0.525,0.465
390500,0.010,0.601,0.389
391000,0.010,0.598,0.392
391500,0.010,0.606,0.384
392000,0.010,0.505,0.485
392500,0.010,0.450,0.540
393000,0.010,0.483,0.507
393500,0.010,0.506,0.484
394000,0.010,0.562,0.428
394500,0.010,0.537,0.453
395000,0.010,0.571,0.419
395500,0.010,0.567,0.423
396000,0.010,0.607,0.383
396500,0.010,0.608,0.382
397000,0.010,0.546,0.444
397500,0.010,0.501,0.489
398000,0.010,0.509,0.481
398500,0.010,0.462,0.528
399000,0.010,0.559,0.431
399500,0.010,0.556,0.434
400000,0.010,0.546,0.444
400500,0.010,0.605,0.385
401000,0.010,0.658,0.332
401500,0.010,0.637,0.353
402000,0.010,0.577,0.413
402500,0.010,0.535,0.455
403000,0.010,0.555,0.435
403500,0.010,0.598,0.392
404000,0.010,0.601,0.389
404500,0.010,0.536,0.454
405000,0.010,0.503,0.487
405500,0.010,0.423,0.567
406000,0.010,0.439,0.551
406500,0.010,0.461,0.529
407000,0.010,0.478,0.512
407500,0.010,0.513,0.477
408000,0.010,0.584,0.406
408500,0.010,0.575,0.415
409000,0.010,0.500,0.490
409500,0.010,0.514,0.476
410000,0.010,0.450,0.540
410500,0.010,0.525,0.465
411000,0.010,0.531,0.459
411500,0.010,0.560,0.429
412000,0.010,0.527,0.463
412500,0.010,0.557,0.432
413000,0.010,0.553,0.437
413500,0.010,0.542,0.448
414000,0.010,0.527,0.463
414500,0.010,0.491,0.498
415000,0.010,0.476,0.514
415500,0.010,0.483,0.506
416000,0.010,0.518,0.472
416500,0.010,0.532,0.458
417000,0.010,0.483,0.507
417500,0.010,0.493,0.496
418000,0.010,0.510,0.480
418500,0.010,0.472,0.518
419000,0.010,0.527,0.463
419500,0.010,0.486,0.504
420000,0.010,0.586,0.404
420500,0.010,0.581,0.409
421000,0.010,0.484,0.506
421500,0.010,0.529,0.461
422000,0.010,0.570,0.420
422500,0.010,0.604,0.386
423000,0.010,0.592,0.398
423500,0.010,0.588,0.402
424000,0.010,0.518,0.472
424500,0.010,0.546,0.444
425000,0.010,0.559,0.431
425500,0.010,0.602,0.388
426000,0.010,0.614,0.376
426500,0.010,0.618,0.372
427000,0.010,0.556,0.434
427500,0.010,0.553,0.437
428000,0.010,0.495,0.495
428500,0.010,0.457,0.533
429000,0.010,0.514,0.476
429500,0.010,0.410,0.580
430000,0.010,0.370,0.619
430500,0.010,0.437,0.553
431000,0.010,0.450,0.540
431500,0.010,0.486,0.504
432000,0.010,0.474,0.516
432500,0.010,0.455,0.535
433000,0.010,0.513,0.477
433500,0.010,0.546,0.444
434000,0.010,0.595,0.395
434500,0.010,0.570,0.420
435000,0.010,0.543,0.447
435500,0.010,0.545,0.445
436000,0.010,0.611,0.379
436500,0.010,0.603,0.387
437000,0.010,0.508,0.482
437500,0.010,0.457,0.533
438000,0.010,0.511,0.479
438500,0.010,0.548,0.442
439000,0.010,0.516,0.474
439500,0.010,0.540,0.450
440000,0.010,0.501,0.489
440500,0.010,0.521,0.469
441000,0.010,0.571,0.419
441500,0.010,0.536,0.454
442000,0.010,0.463,0.527
442500,0.010,0.474,0.516
443000,0.010,0.491,0.498
443500,0.010,0.516,0.474
444000,0.010,0.547,0.443
444500,0.010,0.517,0.473
445000,0.010,0.556,0.433
445500,0.010,0.626,0.364
446000,0.010,0.564,0.426
446500,0.010,0.529,0.461
447000,0.010,0.488,0.502
447500,0.010,0.640,0.350
448000,0.010,0.575,0.415
448500,0.010,0.531,0.459
449000,0.010,0.568,0.422
449500,0.010,0.607,0.383
450000,0.010,0.630,0.360
450500,0.010,0.646,0.344
451000,0.010,0.661,0.329
451500,0.010,0.642,0.348
452000,0.010,0.606,0.384
452500,0.010,0.607,0.383
453000,0.010,0.630,0.360
453500,0.010,0.607,0.383
454000,0.010,0.595,0.395
454500,0.010,0.508,0.482
455000,0.010,0.601,0.389
455500,0.010,0.606,0.384
456000,0.010,0.526,0.464
456500,0.010,0.568,0.422
457000,0.010,0.602,0.388
457500,0.010,0.560,0.430
458000,0.010,0.484,0.506
458500,0.010,0.494,0.495
459000,0.010,0.543,0.447
459500,0.010,0.527,0.463
460000,0.010,0.585,0.405
460500,0.010,0.626,0.364
461000,0.010,0.615,0.375
461500,0.010,0.587,0.403
462000,0.010,0.592,0.398
462500,0.010,0.529,0.461
463000,0.010,0.538,0.452
463500,0.010,0.533,0.457
464000,0.010,0.545,0.445
464500,0.010,0.485,0.505
465000,0.010,0.484,0.506
465500,0.010,0.544,0.446
466000,0.010,0.539,0.451
466500,0.010,0.576,0.414
467000,0.010,0.562,0.427
467500,0.010,0.564,0.426
468000,0.010,0.613,0.377
468500,0.010,0.605,0.385
469000,0.010,0.614,0.376
469500,0.010,0.593,0.397
470000,0.010,0.597,0.393
470500,0.010,0.633,0.357
471000,0.010,0.592,0.398
471500,0.010,0.544,0.446
472000,0.010,0.554,0.435
472500,0.010,0.531,0.459
473000,0.010,0.608,0.382
473500,0.010,0.546,0.444
474000,0.010,0.585,0.405
474500,0.010,0.571,0.419
475000,0.010,0.579,0.411
475500,0.010,0.565,0.425
476000,0.010,0.542,0.448
476500,0.010,0.548,0.442
477000,0.010,0.499,0.491
477500,0.010,0.480,0.510
478000,0.010,0.583,0.407
478500,0.010,0.513,0.477
479000,0.010,0.513,0.477
479500,0.010,0.518,0.472
480000,0.010,0.551,0.439
480500,0.010,0.544,0.446
481000,0.010,0.556,0.434
481500,0.010,0.481,0.509
482000,0.010,0.526,0.464
482500,0.010,0.458,0.532
483000,0.010,0.525,0.465
483500,0.010,0.531,0.459
484000,0.010,0.533,0.457
484500,0.010,0.523,0.467
485000,0.010,0.524,0.466
485500,0.010,0.511,0.479
486000,0.010,0.535,0.455
486500,0.010,0.452,0.538
487000,0.010,0.580,0.410
487500,0.010,0.635,0.355
488000,0.010,0.624,0.366
488500,0.010,0.617,0.373
489000,0.010,0.602,0.388
489500,0.010,0.634,0.356
490000,0.010,0.626,0.364
490500,0.010,0.517,0.473
491000,0.010,0.487,0.502
491500,0.010,0.558,0.432
492000,0.010,0.469,0.521
492500,0.010,0.526,0.464
493000,0.010,0.523,0.467
493500,0.010,0.558,0.432
494000,0.010,0.547,0.443
494500,0.010,0.534,0.456
495000,0.010,0.558,0.431
495500,0.010,0.593,0.397
496000,0.010,0.579,0.411
496500,0.010,0.594,0.396
497000,0.010,0.572,0.418
497500,0.010,0.538,0.452
498000,0.010,0.524,0.466
498500,0.010,0.539,0.451
499000,0.010,0.537,0.453
499500,0.010,0.532,0.458
500000,0.010,0.510,0.480
500500,0.010,0.499,0.490
501000,0.010,0.585,0.405
501500,0.010,0.558,0.432
502000,0.010,0.558,0.431
502500,0.010,0.535,0.455
503000,0.010,0.557,0.433
503500,0.010,0.534,0.456
504000,0.010,0.449,0.541
504500,0.010,0.481,0.508
505000,0.010,0.545,0.445
505500,0.010,0.611,0.379
506000,0.010,0.635,0.355
506500,0.010,0.660,0.330
507000,0.010,0.630,0.360
507500,0.010,0.616,0.374
508000,0.010,0.485,0.505
508500,0.010,0.547,0.443
509000,0.010,0.630,0.360
509500,0.010,0.645,0.345
510000,0.010,0.619,0.371
510500,0.010,0.516,0.474
511000,0.010,0.546,0.444
511500,0.010,0.581,0.409
512000,0.010,0.595,0.395
512500,0.010,0.614,0.376
513000,0.010,0.510,0.480
513500,0.010,0.475,0.515
514000,0.010,0.429,0.561
514500,0.010,0.503,0.487
515000,0.010,0.589,0.401
515500,0.010,0.570,0.420
516000,0.010,0.577,0.413
516500,0.010,0.569,0.421
517000,0.010,0.589,0.401
517500,0.010,0.522,0.468
518000,0.010,0.491,0.498
518500,0.010,0.578,0.412
519000,0.010,0.483,0.507
519500,0.010,0.558,0.432
520000,0.010,0.587,0.403
520500,0.010,0.566,0.424
521000,0.010,0.629,0.361
521500,0.010,0.610,0.380
522000,0.010,0.539,0.451
522500,0.010,0.555,0.434
523000,0.010,0.523,0.467
523500,0.010,0.546,0.444
524000,0.010,0.505,0.485
524500,0.010,0.518,0.472
525000,0.010,0.481,0.508
525500,0.010,0.493,0.496
526000,0.010,0.532,0.458
526500,0.010,0.514,0.476
527000,0.010,0.586,0.404
527500,0.010,0.474,0.516
528000,0.010,0.480,0.510
528500,0.010,0.486,0.504
529000,0.010,0.538,0.452
529500,0.010,0.598,0.392
530000,0.010,0.603,0.387
530500,0.010,0.582,0.408
531000,0.010,0.547,0.443
531500,0.010,0.514,0.476
532000,0.010,0.447,0.543
532500,0.010,0.474,0.516
533000,0.010,0.469,0.520
533500,0.010,0.532,0.458
534000,0.010,0.512,0.478
534500,0.010,0.470,0.520
535000,0.010,0.600,0.390
535500,0.010,0.535,0.455
536000,0.010,0.544,0.446
536500,0.010,0.558,0.432
537000,0.010,0.515,0.475
537500,0.010,0.478,0.512
538000,0.010,0.487,0.503
538500,0.010,0.497,0.492
539000,0.010,0.526,0.464
539500,0.010,0.544,0.446
540000,0.010,0.554,0.436
540500,0.010,0.546,0.444
541000,0.010,0.539,0.451
541500,0.010,0.600,0.390
542000,0.010,0.584,0.406
542500,0.010,0.602,0.388
543000,0.010,0.512,0.478
543500,0.010,0.484,0.506
544000,0.010,0.488,0.502
544500,0.010,0.538,0.452
545000,0.010,0.537,0.453
545500,0.010,0.468,0.522
546000,0.010,0.482,0.508
546500,0.010,0.548,0.442
547000,0.010,0.557,0.433
547500,0.010,0.574,0.416
548000,0.010,0.542,0.448
548500,0.010,0.488,0.502
549000,0.010,0.565,0.425
549500,0.010,0.476,0.514
550000,0.010,0.522,0.468
550500,0.010,0.471,0.518
551000,0.010,0.494,0.495
551500,0.010,0.483,0.507
552000,0.010,0.497,0.492
552500,0.010,0.546,0.444
553000,0.010,0.527,0.463
553500,0.010,0.475,0.514
554000,0.010,0.577,0.413
554500,0.010,0.537,0.453
555000,0.010,0.480,0.510
555500,0.010,0.441,0.549
556000,0.010,0.437,0.553
556500,0.010,0.574,0.416
557000,0.010,0.599,0.391
557500,0.010,0.562,0.428
558000,0.010,0.514,0.476
558500,0.010,0.588,0.402
559000,0.010,0.607,0.383
559500,0.010,0.599,0.391
560000,0.010,0.507,0.483
560500,0.010,0.553,0.436
561000,0.010,0.604,0.386
561500,0.010,0.585,0.405
562000,0.010,0.527,0.463
562500,0.010,0.482,0.508
563000,0.010,0.509,0.481
563500,0.010,0.544,0.446
564000,0.010,0.535,0.455
564500,0.010,0.537,0.453
565000,0.010,0.554,0.435
565500,0.010,0.595,0.395
566000,0.010,0.527,0.463
566500,0.010,0.423,0.567
567000,0.010,0.504,0.486
567500,0.010,0.507,0.483
568000,0.010,0.545,0.445
568500,0.010,0.603,0.387
569000,0.010,0.520,0.470
569500,0.010,0.568,0.422
570000,0.010,0.490,0.499
570500,0.010,0.510,0.480
571000,0.010,0.526,0.464
571500,0.010,0.627,0.363
572000,0.010,0.605,0.385
572500,0.010,0.598,0.392
573000,0.010,0.568,0.422
573500,0.010,0.469,0.521
574000,0.010,0.487,0.503
574500,0.010,0.485,0.504
575000,0.010,0.544,0.446
575500,0.010,0.522,0.468
576000,0.010,0.541,0.449
576500,0.010,0.517,0.473
577000,0.010,0.523,0.467
577500,0.010,0.514,0.476
578000,0.010,0.529,0.461
578500,0.010,0.511,0.479
579000,0.010,0.555,0.435
579500,0.010,0.498,0.491
580000,0.010,0.498,0.491
580500,0.010,0.458,0.532
581000,0.010,0.516,0.474
581500,0.010,0.547,0.443
582000,0.010,0.595,0.395
582500,0.010,0.545,0.445
583000,0.010,0.560,0.430
583500,0.010,0.562,0.427
584000,0.010,0.587,0.403
584500,0.010,0.466,0.524
585000,0.010,0.465,0.525
585500,0.010,0.526,0.464
586000,0.010,0.478,0.512
586500,0.010,0.497,0.492
587000,0.010,0.529,0.461
587500,0.010,0.499,0.491
588000,0.010,0.499,0.491
588500,0.010,0.516,0.474
589000,0.010,0.509,0.481
589500,0.010,0.525,0.465
590000,0.010,0.475,0.514
590500,0.010,0.545,0.445
591000,0.010,0.512,0.478
591500,0.010,0.497,0.492
592000,0.010,0.549,0.441
592500,0.010,0.565,0.425
593000,0.010,0.545,0.445
593500,0.010,0.596,0.394
594000,0.010,0.598,0.392
594500,0.010,0.532,0.458
595000,0.010,0.561,0.428
595500,0.010,0.481,0.509
596000,0.010,0.535,0.455
596500,0.010,0.586,0.404
597000,0.010,0.613,0.377
597500,0.010,0.545,0.445
598000,0.010,0.544,0.446
598500,0.010,0.515,0.475
599000,0.010,0.480,0.510
599500,0.010,0.426,0.564
600000,0.010,0.493,0.496
600500,0.010,0.523,0.467
601000,0.010,0.498,0.492
601500,0.010,0.481,0.509
602000,0.010,0.478,0.512
602500,0.010,0.504,0.486
603000,0.010,0.496,0.493
603500,0.010,0.474,0.516
604000,0.010,0.433,0.557
604500,0.010,0.429,0.560
605000,0.010,0.474,0.516
605500,0.010,0.601,0.389
606000,0.010,0.599,0.391
606500,0.010,0.448,0.542
607000,0.010,0.498,0.492
607500,0.010,0.471,0.518
608000,0.010,0.457,0.533
608500,0.010,0.473,0.517
609000,0.010,0.505,0.485
609500,0.010,0.509,0.481
610000,0.010,0.500,0.490
610500,0.010,0.500,0.490
611000,0.010,0.495,0.495
611500,0.010,0.514,0.476
612000,0.010,0.567,0.423
612500,0.010,0.624,0.366
613000,0.010,0.550,0.440
613500,0.010,0.534,0.456
614000,0.010,0.466,0.524
614500,0.010,0.601,0.389
615000,0.010,0.606,0.384
615500,0.010,0.614,0.376
616000,0.010,0.661,0.329
616500,0.010,0.540,0.450
617000,0.010,0.573,0.417
617500,0.010,0.469,0.520
618000,0.010,0.569,0.421
618500,0.010,0.569,0.421
619000,0.010,0.589,0.401
619500,0.010,0.533,0.457
620000,0.010,0.545,0.445
620500,0.010,0.552,0.438
621000,0.010,0.523,0.467
621500,0.010,0.480,0.510
622000,0.010,0.612,0.378
622500,0.010,0.655,0.335
623000,0.010,0.661,0.329
623500,0.010,0.570,0.420
624000,0.010,0.530,0.460
624500,0.010,0.482,0.508
625000,0.010,0.497,0.493
625500,0.010,0.522,0.468
626000,0.010,0.477,0.512
626500,0.010,0.423,0.567
627000,0.010,0.542,0.448
627500,0.010,0.534,0.456
628000,0.010,0.569,0.421
628500,0.010,0.544,0.446
629000,0.010,0.570,0.420
629500,0.010,0.465,0.525
630000,0.010,0.456,0.534
630500,0.010,0.491,0.499
631000,0.010,0.483,0.507
631500,0.010,0.498,0.491
632000,0.010,0.515,0.475
632500,0.010,0.500,0.490
633000,0.010,0.520,0.470
633500,0.010,0.496,0.494
634000,0.010,0.501,0.489
634500,0.010,0.510,0.480
635000,0.010,0.513,0.477
635500,0.010,0.532,0.458
636000,0.010,0.580,0.410
636500,0.010,0.562,0.428
637000,0.010,0.567,0.423
637500,0.010,0.497,0.492
638000,0.010,0.499,0.490
638500,0.010,0.496,0.493
639000,0.010,0.490,0.499
639500,0.010,0.494,0.496
640000,0.010,0.540,0.450
640500,0.010,0.497,0.493
641000,0.010,0.533,0.457
641500,0.010,0.487,0.502
642000,0.010,0.487,0.502
642500,0.010,0.524,0.466
643000,0.010,0.593,0.397
643500,0.010,0.516,0.474
644000,0.010,0.419,0.571
644500,0.010,0.522,0.468
645000,0.010,0.520,0.470
645500,0.010,0.531,0.459
646000,0.010,0.593,0.397
646500,0.010,0.555,0.435
647000,0.010,0.584,0.406
647500,0.010,0.521,0.469
648000,0.010,0.584,0.406
648500,0.010,0.480,0.510
649000,0.010,0.509,0.481
649500,0.010,0.507,0.483
650000,0.010,0.497,0.493
650500,0.010,0.459,0.531
651000,0.010,0.493,0.496
651500,0.010,0.547,0.443
652000,0.010,0.558,0.431
652500,0.010,0.495,0.495
653000,0.010,0.497,0.492
653500,0.010,0.583,0.407
654000,0.010,0.561,0.428
654500,0.010,0.546,0.444
655000,0.010,0.599,0.391
655500,0.010,0.604,0.386
656000,0.010,0.560,0.430
656500,0.010,0.516,0.474
657000,0.010,0.565,0.425
657500,0.010,0.480,0.510
658000,0.010,0.455,0.535
658500,0.010,0.446,0.544
659000,0.010,0.551,0.439
659500,0.010,0.546,0.444
660000,0.010,0.599,0.391
660500,0.010,0.592,0.398
661000,0.010,0.519,0.471
661500,0.010,0.477,0.513
662000,0.010,0.593,0.397
662500,0.010,0.591,0.399
663000,0.010,0.578,0.412
663500,0.010,0.544,0.446
664000,0.010,0.610,0.380
664500,0.010,0.610,0.380
665000,0.010,0.574,0.416
665500,0.010,0.488,0.502
666000,0.010,0.529,0.461
666500,0.010,0.574,0.416
667000,0.010,0.491,0.499
667500,0.010,0.508,0.482
668000,0.010,0.552,0.438
668500,0.010,0.568,0.422
669000,0.010,0.425,0.565
669500,0.010,0.514,0.476
670000,0.010,0.586,0.404
670500,0.010,0.578,0.412
671000,0.010,0.581,0.409
671500,0.010,0.517,0.473
672000,0.010,0.480,0.510
672500,0.010,0.515,0.475
673000,0.010,0.546,0.444
673500,0.010,0.618,0.372
674000,0.010,0.623,0.367
674500,0.010,0.671,0.319
675000,0.010,0.678,0.311
675500,0.010,0.621,0.369
676000,0.010,0.666,0.324
676500,0.010,0.557,0.432
677000,0.010,0.624,0.366
677500,0.010,0.618,0.372
678000,0.010,0.633,0.357
678500,0.010,0.648,0.342
679000,0.010,0.543,0.447
679500,0.010,0.514,0.476
680000,0.010,0.519,0.471
680500,0.010,0.565,0.425
681000,0.010,0.513,0.477
681500,0.010,0.505,0.485
682000,0.010,0.524,0.466
682500,0.010,0.558,0.432
683000,0.010,0.531,0.459
683500,0.010,0.517,0.473
684000,0.010,0.656,0.334
684500,0.010,0.626,0.364
685000,0.010,0.566,0.424
685500,0.010,0.536,0.454
686000,0.010,0.518,0.472
686500,0.010,0.551,0.439
687000,0.010,0.470,0.520
687500,0.010,0.515,0.475
688000,0.010,0.554,0.435
688500,0.010,0.614,0.376
689000,0.010,0.611,0.379
689500,0.010,0.544,0.446
690000,0.010,0.571,0.419
690500,0.010,0.547,0.443
691000,0.010,0.568,0.422
691500,0.010,0.568,0.422
692000,0.010,0.525,0.465
692500,0.010,0.538,0.452
693000,0.010,0.625,0.365
693500,0.010,0.605,0.385
694000,0.010,0.592,0.398
694500,0.010,0.577,0.413
695000,0.010,0.528,0.462
695500,0.010,0.562,0.428
696000,0.010,0.574,0.416
696500,0.010,0.576,0.414
697000,0.010,0.557,0.432
697500,0.010,0.429,0.561
698000,0.010,0.544,0.446
698500,0.010,0.578,0.412
699000,0.010,0.551,0.439
699500,0.010,0.545,0.445
700000,0.010,0.518,0.472
700500,0.010,0.580,0.410
701000,0.010,0.542,0.448
701500,0.010,0.531,0.459
702000,0.010,0.568,0.422
702500,0.010,0.513,0.477
703000,0.010,0.501,0.489
703500,0.010,0.502,0.488
704000,0.010,0.552,0.438
704500,0.010,0.519,0.471
705000,0.010,0.560,0.430
705500,0.010,0.557,0.432
706000,0.010,0.498,0.491
706500,0.010,0.515,0.475
707000,0.010,0.475,0.514
707500,0.010,0.518,0.472
708000,0.010,0.497,0.492
708500,0.010,0.480,0.510
709000,0.010,0.516,0.474
709500,0.010,0.530,0.460
710000,0.010,0.517,0.473
710500,0.010,0.500,0.490
711000,0.010,0.609,0.381
711500,0.010,0.621,0.369
712000,0.010,0.563,0.427
712500,0.010,0.552,0.438
713000,0.010,0.516,0.474
713500,0.010,0.564,0.426
714000,0.010,0.601,0.389
714500,0.010,0.596,0.394
715000,0.010,0.611,0.379
715500,0.010,0.631,0.359
716000,0.010,0.647,0.343
716500,0.010,0.632,0.358
717000,0.010,0.511,0.479
717500,0.010,0.551,0.439
718000,0.010,0.547,0.443
718500,0.010,0.480,0.510
719000,0.010,0.513,0.477
719500,0.010,0.512,0.478
720000,0.010,0.559,0.430
720500,0.010,0.543,0.447
721000,0.010,0.614,0.376
721500,0.010,0.521,0.469
722000,0.010,0.489,0.500
722500,0.010,0.467,0.523
723000,0.010,0.445,0.545
723500,0.010,0.577,0.413
724000,0.010,0.556,0.433
724500,0.010,0.514,0.476
725000,0.010,0.401,0.589
725500,0.011,0.434,0.555
726000,0.010,0.459,0.531
726500,0.010,0.571,0.419
727000,0.010,0.424,0.566
727500,0.010,0.490,0.499
728000,0.010,0.474,0.516
728500,0.010,0.500,0.490
729000,0.010,0.451,0.539
729500,0.010,0.529,0.461
730000,0.010,0.463,0.527
730500,0.010,0.554,0.436
731000,0.010,0.555,0.435
731500,0.010,0.595,0.395
732000,0.010,0.592,0.398
732500,0.010,0.538,0.452
733000,0.010,0.470,0.520
733500,0.010,0.537,0.453
734000,0.010,0.548,0.442
734500,0.010,0.538,0.452
735000,0.010,0.534,0.456
735500,0.010,0.507,0.483
736000,0.010,0.513,0.477
736500,0.010,0.510,0.480
737000,0.010,0.555,0.435
737500,0.010,0.530,0.460
738000,0.010,0.501,0.489
738500,0.010,0.493,0.496
739000,0.010,0.523,0.467
739500,0.010,0.618,0.372
740000,0.010,0.528,0.462
740500,0.010,0.551,0.439
741000,0.010,0.629,0.361
741500,0.010,0.568,0.422
742000,0.010,0.489,0.501
742500,0.010,0.516,0.474
743000,0.010,0.554,0.436
743500,0.010,0.622,0.368
744000,0.010,0.510,0.480
744500,0.010,0.537,0.453
745000,0.010,0.495,0.495
745500,0.010,0.506,0.484
746000,0.010,0.493,0.496
746500,0.010,0.484,0.506
747000,0.010,0.494,0.496
747500,0.010,0.592,0.398
748000,0.010,0.556,0.433
748500,0.010,0.523,0.467
749000,0.010,0.536,0.454
749500,0.010,0.520,0.470
750000,0.010,0.552,0.438
750500,0.010,0.542,0.448
751000,0.010,0.526,0.464
751500,0.010,0.524,0.466
752000,0.010,0.441,0.549
752500,0.010,0.489,0.500
753000,0.010,0.591,0.399
753500,0.010,0.546,0.444
754000,0.010,0.549,0.441
754500,0.010,0.596,0.394
755000,0.010,0.562,0.427
755500,0.010,0.601,0.389
756000,0.010,0.654,0.336
756500,0.010,0.620,0.370
757000,0.010,0.630,0.360
757500,0.010,0.624,0.366
758000,0.010,0.529,0.461
758500,0.010,0.495,0.495
759000,0.010,0.454,0.536
759500,0.010,0.508,0.482
760000,0.010,0.515,0.475
760500,0.010,0.592,0.398
761000,0.010,0.588,0.402
761500,0.010,0.541,0.449
762000,0.010,0.600,0.390
762500,0.010,0.547,0.443
763000,0.010,0.463,0.527
763500,0.010,0.477,0.513
764000,0.010,0.490,0.499
764500,0.010,0.463,0.527
765000,0.010,0.493,0.496
765500,0.010,0.540,0.450
766000,0.010,0.635,0.355
766500,0.010,0.629,0.361
767000,0.010,0.689,0.301
767500,0.010,0.735,0.255
768000,0.010,0.667,0.323
768500,0.010,0.558,0.431
769000,0.010,0.491,0.499
769500,0.010,0.455,0.535
770000,0.010,0.539,0.451
770500,0.010,0.512,0.478
771000,0.010,0.557,0.432
771500,0.010,0.577,0.413
772000,0.010,0.628,0.362
772500,0.010,0.616,0.374
773000,0.010,0.540,0.450
773500,0.010,0.547,0.443
774000,0.010,0.586,0.404
774500,0.010,0.605,0.385
775000,0.010,0.620,0.370
775500,0.010,0.582,0.408
776000,0.010,0.551,0.439
776500,0.010,0.548,0.442
777000,0.010,0.574,0.416
777500,0.010,0.537,0.453
778000,0.010,0.555,0.434
778500,0.010,0.523,0.467
779000,0.010,0.576,0.414
779500,0.010,0.518,0.472
780000,0.010,0.494,0.496
780500,0.010,0.591,0.399
781000,0.010,0.505,0.485
781500,0.010,0.503,0.487
782000,0.010,0.461,0.529
782500,0.010,0.517,0.473
783000,0.010,0.490,0.500
783500,0.010,0.478,0.512
784000,0.010,0.517,0.473
784500,0.010,0.597,0.393
785000,0.010,0.572,0.418
785500,0.010,0.526,0.464
786000,0.010,0.553,0.436
786500,0.010,0.579,0.411
787000,0.010,0.493,0.497
787500,0.010,0.482,0.508
788000,0.010,0.476,0.514
788500,0.010,0.509,0.481
789000,0.010,0.564,0.426
789500,0.010,0.598,0.392
790000,0.010,0.505,0.485
790500,0.010,0.573,0.417
791000,0.010,0.607,0.383
791500,0.010,0.652,0.338
792000,0.010,0.624,0.366
792500,0.010,0.551,0.439
793000,0.010,0.588,0.402
793500,0.010,0.562,0.427
794000,0.010,0.599,0.391
794500,0.010,0.508,0.482
795000,0.010,0.529,0.461
795500,0.010,0.550,0.440
796000,0.010,0.535,0.455
796500,0.010,0.574,0.416
797000,0.010,0.600,0.390
797500,0.010,0.562,0.427
798000,0.010,0.559,0.430
798500,0.010,0.518,0.472
799000,0.010,0.523,0.467
799500,0.010,0.527,0.463
800000,0.010,0.573,0.417
800500,0.010,0.530,0.460
801000,0.010,0.562,0.428
801500,0.010,0.556,0.434
802000,0.010,0.482,0.508
802500,0.010,0.543,0.447
803000,0.010,0.502,0.488
803500,0.010,0.528,0.462
804000,0.010,0.520,0.470
804500,0.010,0.499,0.490
805000,0.010,0.479,0.511
805500,0.010,0.592,0.398
806000,0.010,0.567,0.423
806500,0.010,0.506,0.484
807000,0.010,0.564,0.426
807500,0.010,0.654,0.336
808000,0.010,0.658,0.332
808500,0.010,0.605,0.385
809000,0.010,0.544,0.446
809500,0.010,0.440,0.550
810000,0.010,0.472,0.518
810500,0.010,0.446,0.544
811000,0.010,0.513,0.477
811500,0.010,0.480,0.510
812000,0.010,0.445,0.545
812500,0.010,0.444,0.546
813000,0.010,0.576,0.414
813500,0.010,0.526,0.464
814000,0.010,0.579,0.411
814500,0.010,0.644,0.346
815000,0.010,0.613,0.377
815500,0.010,0.560,0.430
816000,0.010,0.535,0.455
816500,0.010,0.500,0.490
817000,0.010,0.510,0.480
817500,0.010,0.470,0.520
818000,0.010,0.483,0.506
818500,0.010,0.463,0.527
819000,0.010,0.522,0.468
819500,0.010,0.532,0.458
820000,0.010,0.482,0.508
820500,0.010,0.483,0.506
821000,0.010,0.548,0.442
821500,0.010,0.542,0.448
822000,0.010,0.513,0.477
822500,0.010,0.568,0.422
823000,0.010,0.592,0.398
823500,0.010,0.571,0.419
824000,0.010,0.514,0.476
824500,0.010,0.536,0.454
825000,0.010,0.555,0.434
825500,0.010,0.493,0.496
826000,0.010,0.487,0.502
826500,0.010,0.516,0.474
827000,0.010,0.522,0.468
827500,0.010,0.522,0.468
828000,0.010,0.550,0.440
828500,0.010,0.511,0.479
829000,0.010,0.511,0.479
829500,0.010,0.538,0.452
830000,0.010,0.522,0.468
830500,0.010,0.508,0.482
831000,0.010,0.556,0.434
831500,0.010,0.499,0.490
832000,0.010,0.518,0.472
832500,0.010,0.520,0.470
833000,0.010,0.468,0.522
833500,0.010,0.436,0.553
834000,0.010,0.531,0.459
834500,0.010,0.507,0.483
835000,0.010,0.582,0.408
835500,0.010,0.532,0.458
836000,0.010,0.576,0.414
836500,0.010,0.558,0.431
837000,0.010,0.509,0.481
837500,0.010,0.527,0.463
838000,0.010,0.519,0.471
838500,0.010,0.549,0.441
839000,0.010,0.508,0.482
839500,0.010,0.473,0.517
840000,0.010,0.524,0.466
840500,0.010,0.486,0.504
841000,0.010,0.441,0.549
841500,0.010,0.531,0.459
842000,0.010,0.567,0.423
842500,0.010,0.530,0.460
843000,0.010,0.550,0.440
843500,0.010,0.411,0.579
844000,0.010,0.433,0.557
844500,0.010,0.526,0.464
845000,0.010,0.503,0.487
845500,0.010,0.443,0.547
846000,0.010,0.458,0.532
846500,0.010,0.505,0.485
847000,0.010,0.446,0.544
847500,0.010,0.494,0.496
848000,0.010,0.533,0.457
848500,0.010,0.549,0.441
849000,0.010,0.610,0.380
849500,0.010,0.534,0.456
850000,0.010,0.530,0.460
850500,0.010,0.515,0.475
851000,0.010,0.444,0.546
851500,0.010,0.538,0.452
852000,0.010,0.601,0.389
852500,0.010,0.591,0.399
853000,0.010,0.577,0.413
853500,0.010,0.528,0.462
854000,0.010,0.514,0.476
854500,0.010,0.485,0.504
855000,0.010,0.506,0.484
855500,0.010,0.488,0.502
856000,0.010,0.516,0.474
856500,0.010,0.541,0.449
857000,0.010,0.549,0.441
857500,0.010,0.482,0.508
858000,0.010,0.461,0.529
858500,0.010,0.435,0.555
859000,0.010,0.576,0.414
859500,0.010,0.491,0.498
860000,0.010,0.499,0.490
860500,0.010,0.526,0.464
861000,0.010,0.475,0.515
861500,0.010,0.500,0.490
862000,0.010,0.484,0.506
862500,0.010,0.426,0.564
863000,0.010,0.429,0.560
863500,0.010,0.435,0.554
864000,0.010,0.482,0.508
864500,0.010,0.566,0.424
865000,0.010,0.542,0.448
865500,0.010,0.595,0.395
866000,0.010,0.618,0.372
866500,0.010,0.531,0.459
867000,0.010,0.517,0.473
867500,0.010,0.494,0.495
868000,0.010,0.537,0.453
868500,0.010,0.557,0.433
869000,0.010,0.541,0.449
869500,0.010,0.570,0.420
870000,0.010,0.534,0.456
870500,0.010,0.529,0.461
871000,0.010,0.645,0.345
871500,0.010,0.637,0.353
872000,0.010,0.621,0.369
872500,0.010,0.568,0.422
873000,0.010,0.678,0.311
873500,0.010,0.610,0.380
874000,0.010,0.597,0.393
874500,0.010,0.651,0.339
875000,0.010,0.701,0.289
875500,0.010,0.669,0.321
876000,0.010,0.720,0.270
876500,0.010,0.597,0.393
877000,0.010,0.504,0.486
877500,0.010,0.520,0.470
878000,0.010,0.606,0.384
878500,0.010,0.517,0.473
879000,0.010,0.488,0.502
879500,0.010,0.544,0.446
880000,0.010,0.469,0.520
880500,0.010,0.442,0.548
881000,0.010,0.473,0.517
881500,0.010,0.510,0.480
882000,0.010,0.502,0.488
882500,0.010,0.432,0.557
883000,0.010,0.491,0.499
883500,0.010,0.522,0.468
884000,0.010,0.550,0.440
884500,0.010,0.616,0.374
885000,0.010,0.618,0.372
885500,0.010,0.577,0.413
886000,0.010,0.483,0.506
886500,0.010,0.558,0.432
887000,0.010,0.440,0.550
887500,0.010,0.492,0.497
888000,0.010,0.532,0.458
888500,0.010,0.582,0.408
889000,0.010,0.572,0.418
889500,0.010,0.656,0.334
890000,0.010,0.630,0.360
890500,0.010,0.674,0.316
891000,0.010,0.599,0.391
891500,0.010,0.619,0.371
892000,0.010,0.522,0.468
892500,0.010,0.499,0.491
893000,0.011,0.523,0.467
893500,0.010,0.600,0.390
894000,0.010,0.610,0.380
894500,0.010,0.598,0.392
895000,0.010,0.529,0.461
895500,0.010,0.546,0.444
896000,0.010,0.564,0.426
896500,0.010,0.586,0.404
897000,0.010,0.591,0.399
897500,0.010,0.630,0.360
898000,0.010,0.568,0.422
898500,0.010,0.544,0.446
899000,0.010,0.556,0.433
899500,0.010,0.540,0.450
900000,0.010,0.532,0.458
900500,0.010,0.552,0.438
901000,0.010,0.579,0.411
901500,0.010,0.631,0.359
902000,0.010,0.575,0.415
902500,0.010,0.561,0.429
903000,0.010,0.582,0.408
903500,0.010,0.643,0.347
904000,0.010,0.570,0.420
904500,0.010,0.601,0.389
905000,0.010,0.520,0.470
905500,0.010,0.518,0.472
906000,0.010,0.481,0.509
906500,0.010,0.521,0.469
907000,0.010,0.587,0.403
907500,0.010,0.619,0.371
908000,0.010,0.621,0.369
908500,0.010,0.479,0.510
909000,0.010,0.438,0.552
909500,0.010,0.484,0.506
910000,0.010,0.480,0.510
910500,0.010,0.536,0.454
911000,0.010,0.532,0.458
911500,0.010,0.556,0.433
912000,0.010,0.514,0.476
912500,0.010,0.559,0.430
913000,0.010,0.541,0.449
913500,0.010,0.514,0.476
914000,0.010,0.563,0.427
914500,0.010,0.551,0.439
915000,0.010,0.513,0.477
915500,0.010,0.548,0.442
916000,0.010,0.612,0.378
916500,0.010,0.567,0.423
917000,0.010,0.520,0.470
917500,0.010,0.472,0.518
918000,0.010,0.482,0.508
918500,0.010,0.536,0.454
919000,0.013,0.565,0.422
919500,0.010,0.571,0.419
920000,0.010,0.566,0.424
920500,0.010,0.579,0.411
921000,0.010,0.593,0.397
921500,0.010,0.552,0.438
922000,0.010,0.463,0.527
922500,0.010,0.511,0.479
923000,0.010,0.514,0.476
923500,0.010,0.512,0.478
924000,0.010,0.560,0.429
924500,0.010,0.549,0.441
925000,0.010,0.505,0.485
925500,0.010,0.519,0.471
926000,0.010,0.551,0.439
926500,0.010,0.497,0.492
927000,0.010,0.568,0.422
927500,0.010,0.514,0.476
928000,0.010,0.558,0.432
928500,0.010,0.562,0.427
929000,0.010,0.552,0.438
929500,0.010,0.584,0.406
930000,0.010,0.608,0.382
930500,0.010,0.575,0.415
931000,0.010,0.607,0.383
931500,0.010,0.569,0.421
932000,0.010,0.616,0.374
932500,0.010,0.560,0.429
933000,0.010,0.498,0.491
933500,0.010,0.495,0.495
934000,0.010,0.537,0.453
934500,0.010,0.510,0.480
935000,0.010,0.469,0.520
935500,0.010,0.549,0.441
936000,0.010,0.541,0.449
936500,0.010,0.520,0.470
937000,0.010,0.516,0.474
937500,0.010,0.513,0.477
938000,0.010,0.615,0.375
938500,0.010,0.636,0.354
939000,0.010,0.491,0.498
939500,0.010,0.602,0.388
940000,0.010,0.558,0.432
940500,0.010,0.514,0.476
941000,0.010,0.524,0.466
941500,0.010,0.552,0.438
942000,0.010,0.509,0.481
942500,0.010,0.537,0.453
943000,0.010,0.564,0.426
943500,0.010,0.573,0.417
944000,0.010,0.558,0.432
944500,0.010,0.544,0.446
945000,0.010,0.566,0.424
945500,0.010,0.517,0.473
946000,0.010,0.494,0.496
946500,0.010,0.559,0.431
947000,0.010,0.552,0.438
947500,0.010,0.661,0.329
948000,0.010,0.549,0.441
948500,0.010,0.490,0.499
949000,0.010,0.463,0.527
949500,0.010,0.469,0.520
950000,0.010,0.438,0.552
950500,0.010,0.533,0.457
951000,0.010,0.559,0.430
951500,0.010,0.521,0.469
952000,0.010,0.511,0.479
952500,0.010,0.512,0.478
953000,0.010,0.553,0.436
953500,0.010,0.510,0.480
954000,0.010,0.500,0.490
954500,0.010,0.464,0.526
955000,0.010,0.476,0.514
955500,0.010,0.530,0.460
956000,0.010,0.515,0.475
956500,0.010,0.550,0.440
957000,0.010,0.512,0.478
957500,0.010,0.595,0.395
958000,0.010,0.534,0.456
958500,0.010,0.503,0.487
959000,0.010,0.541,0.449
959500,0.010,0.491,0.499
960000,0.010,0.549,0.441
960500,0.010,0.551,0.439
961000,0.010,0.566,0.424
961500,0.010,0.550,0.440
962000,0.010,0.518,0.472
962500,0.010,0.495,0.495
963000,0.010,0.518,0.472
963500,0.010,0.496,0.493
964000,0.010,0.440,0.550
964500,0.010,0.524,0.466
965000,0.010,0.477,0.513
965500,0.010,0.487,0.503
966000,0.010,0.537,0.453
966500,0.010,0.472,0.518
967000,0.010,0.529,0.461
967500,0.010,0.494,0.495
968000,0.010,0.509,0.481
968500,0.010,0.489,0.501
969000,0.010,0.553,0.436
969500,0.010,0.479,0.511
970000,0.010,0.520,0.470
970500,0.010,0.521,0.469
971000,0.010,0.528,0.462
971500,0.010,0.511,0.479
972000,0.010,0.522,0.468
972500,0.010,0.530,0.460
973000,0.010,0.562,0.427
973500,0.010,0.558,0.431
974000,0.010,0.469,0.521
974500,0.010,0.474,0.516
975000,0.010,0.627,0.363
975500,0.010,0.574,0.416
976000,0.010,0.618,0.372
976500,0.010,0.592,0.398
977000,0.010,0.553,0.436
977500,0.010,0.555,0.435
978000,0.010,0.567,0.423
978500,0.010,0.578,0.412
979000,0.010,0.554,0.435
979500,0.010,0.535,0.455
980000,0.010,0.431,0.559
980500,0.010,0.527,0.463
981000,0.010,0.570,0.420
981500,0.010,0.621,0.369
982000,0.010,0.583,0.407
982500,0.010,0.580,0.410
983000,0.010,0.577,0.413
983500,0.010,0.532,0.458
984000,0.010,0.593,0.397
984500,0.010,0.575,0.415
985000,0.010,0.533,0.457
985500,0.010,0.565,0.425
986000,0.010,0.543,0.447
986500,0.010,0.584,0.406
987000,0.010,0.498,0.492
987500,0.010,0.507,0.483
988000,0.010,0.535,0.455
988500,0.010,0.540,0.450
989000,0.010,0.500,0.490
989500,0.010,0.467,0.523
990000,0.010,0.509,0.481
990500,0.010,0.534,0.456
991000,0.010,0.492,0.498
991500,0.010,0.517,0.473
992000,0.010,0.557,0.433
992500,0.010,0.588,0.402
993000,0.010,0.616,0.374
993500,0.010,0.541,0.449
994000,0.010,0.517,0.473
994500,0.010,0.473,0.516
995000,0.010,0.533,0.457
995500,0.010,0.544,0.446
996000,0.010,0.503,0.487
996500,0.010,0.515,0.475
997000,0.010,0.465,0.525
997500,0.010,0.482,0.508
998000,0.010,0.467,0.523
998500,0.010,0.573,0.417
999000,0.010,0.572,0.418
999500,0.010,0.567,0.423
1000000,0.010,0.514,0.476
