time,n_A+p,n_B,n_AB
500,0.046,0.029,0.925
1000,0.540,0.000,0.460
1500,0.201,0.000,0.799
2000,0.420,0.000,0.580
2500,0.383,0.000,0.617
3000,0.525,0.000,0.475
3500,0.327,0.000,0.673
4000,0.380,0.000,0.620
4500,0.462,0.000,0.538
5000,0.427,0.000,0.573
5500,0.342,0.000,0.658
6000,0.331,0.000,0.669
6500,0.519,0.000,0.481
7000,0.408,0.000,0.592
7500,0.351,0.000,0.649
8000,0.417,0.000,0.583
8500,0.358,0.000,0.642
9000,0.426,0.000,0.574
9500,0.268,0.000,0.732
10000,0.560,0.000,0.440
10500,0.337,0.000,0.663
11000,0.230,0.000,0.770
11500,0.406,0.000,0.594
12000,0.432,0.000,0.568
12500,0.245,0.000,0.755
13000,0.528,0.000,0.472
13500,0.202,0.000,0.798
14000,0.281,0.000,0.719
14500,0.338,0.000,0.662
15000,0.481,0.000,0.519
15500,0.233,0.000,0.767
16000,0.257,0.000,0.743
16500,0.302,0.000,0.698
17000,0.242,0.000,0.758
17500,0.438,0.000,0.562
18000,0.346,0.000,0.654
18500,0.479,0.000,0.521
19000,0.397,0.000,0.603
19500,0.354,0.000,0.646
20000,0.232,0.000,0.768
20500,0.465,0.000,0.535
21000,0.404,0.000,0.596
21500,0.476,0.000,0.524
22000,0.407,0.000,0.593
22500,0.350,0.000,0.650
23000,0.236,0.000,0.764
23500,0.288,0.000,0.712
24000,0.275,0.000,0.725
24500,0.349,0.000,0.651
25000,0.389,0.000,0.611
25500,0.511,0.000,0.489
26000,0.293,0.000,0.707
26500,0.356,0.000,0.644
27000,0.316,0.000,0.684
27500,0.400,0.000,0.600
28000,0.339,0.000,0.661
28500,0.376,0.000,0.624
29000,0.512,0.000,0.488
29500,0.272,0.000,0.728
30000,0.466,0.000,0.534
30500,0.482,0.000,0.518
31000,0.402,0.000,0.598
31500,0.489,0.000,0.511
32000,0.430,0.000,0.570
32500,0.312,0.000,0.688
33000,0.396,0.000,0.604
33500,0.316,0.000,0.684
34000,0.377,0.000,0.623
34500,0.454,0.000,0.546
35000,0.473,0.000,0.527
35500,0.341,0.000,0.659
36000,0.179,0.000,0.821
36500,0.277,0.000,0.723
37000,0.310,0.000,0.690
37500,0.396,0.000,0.604
38000,0.315,0.000,0.685
38500,0.353,0.000,0.647
39000,0.410,0.000,0.590
39500,0.517,0.000,0.483
40000,0.304,0.000,0.696
40500,0.423,0.000,0.577
41000,0.327,0.000,0.673
41500,0.415,0.000,0.585
42000,0.371,0.000,0.629
42500,0.403,0.000,0.597
43000,0.352,0.000,0.648
43500,0.248,0.000,0.752
44000,0.420,0.000,0.580
44500,0.315,0.000,0.685
45000,0.192,0.000,0.808
45500,0.294,0.000,0.706
46000,0.449,0.000,0.551
46500,0.295,0.000,0.705
47000,0.302,0.000,0.698
47500,0.471,0.000,0.529
48000,0.390,0.000,0.610
48500,0.378,0.000,0.622
49000,0.242,0.000,0.758
49500,0.293,0.000,0.707
50000,0.396,0.000,0.604
50500,0.442,0.000,0.558
51000,0.427,0.000,0.573
51500,0.510,0.000,0.490
52000,0.218,0.000,0.782
52500,0.268,0.000,0.732
53000,0.399,0.000,0.601
53500,0.385,0.000,0.615
54000,0.395,0.000,0.605
54500,0.473,0.000,0.527
55000,0.365,0.000,0.635
55500,0.298,0.000,0.702
56000,0.342,0.000,0.658
56500,0.378,0.000,0.622
57000,0.203,0.000,0.797
57500,0.450,0.000,0.550
58000,0.241,0.000,0.759
58500,0.273,0.000,0.727
59000,0.227,0.000,0.773
59500,0.366,0.000,0.634
60000,0.298,0.000,0.702
60500,0.381,0.000,0.619
61000,0.319,0.000,0.681
61500,0.371,0.000,0.629
62000,0.329,0.000,0.671
62500,0.306,0.000,0.694
63000,0.414,0.000,0.586
63500,0.316,0.000,0.684
64000,0.446,0.000,0.554
64500,0.403,0.000,0.597
65000,0.290,0.000,0.710
65500,0.287,0.000,0.713
66000,0.337,0.000,0.663
66500,0.419,0.000,0.581
67000,0.423,0.000,0.577
67500,0.374,0.000,0.626
68000,0.560,0.000,0.440
68500,0.437,0.000,0.563
69000,0.342,0.000,0.658
69500,0.496,0.000,0.504
70000,0.357,0.000,0.643
70500,0.502,0.000,0.498
71000,0.421,0.000,0.579
71500,0.295,0.000,0.705
72000,0.354,0.000,0.646
72500,0.402,0.000,0.598
73000,0.396,0.000,0.604
73500,0.440,0.000,0.560
74000,0.314,0.000,0.686
74500,0.414,0.000,0.586
75000,0.341,0.000,0.659
75500,0.352,0.000,0.648
76000,0.437,0.000,0.563
76500,0.373,0.000,0.627
77000,0.312,0.000,0.688
77500,0.330,0.000,0.670
78000,0.263,0.000,0.737
78500,0.302,0.000,0.698
79000,0.334,0.000,0.666
79500,0.401,0.000,0.599
80000,0.353,0.000,0.647
80500,0.395,0.000,0.605
81000,0.429,0.000,0.571
81500,0.372,0.000,0.628
82000,0.268,0.000,0.732
82500,0.439,0.000,0.561
83000,0.387,0.000,0.613
83500,0.314,0.000,0.686
84000,0.421,0.000,0.579
84500,0.362,0.000,0.638
85000,0.396,0.000,0.604
85500,0.358,0.000,0.642
86000,0.353,0.000,0.647
86500,0.164,0.000,0.836
87000,0.272,0.000,0.728
87500,0.267,0.000,0.733
88000,0.293,0.000,0.707
88500,0.458,0.000,0.542
89000,0.492,0.000,0.508
89500,0.385,0.000,0.615
90000,0.447,0.000,0.553
90500,0.376,0.000,0.624
91000,0.468,0.000,0.532
91500,0.373,0.000,0.627
92000,0.426,0.000,0.574
92500,0.456,0.000,0.544
93000,0.453,0.000,0.547
93500,0.360,0.000,0.640
94000,0.336,0.000,0.664
94500,0.376,0.000,0.624
95000,0.441,0.000,0.559
95500,0.287,0.000,0.713
96000,0.387,0.000,0.613
96500,0.237,0.000,0.763
97000,0.364,0.000,0.636
97500,0.389,0.000,0.611
98000,0.276,0.000,0.724
98500,0.351,0.000,0.649
99000,0.312,0.000,0.688
99500,0.325,0.000,0.675
100000,0.224,0.000,0.776
100500,0.326,0.000,0.674
101000,0.277,0.000,0.723
101500,0.450,0.000,0.550
102000,0.423,0.000,0.577
102500,0.365,0.000,0.635
103000,0.261,0.000,0.739
103500,0.282,0.000,0.718
104000,0.427,0.000,0.573
104500,0.553,0.000,0.447
105000,0.290,0.000,0.710
105500,0.460,0.000,0.540
106000,0.366,0.000,0.634
106500,0.485,0.000,0.515
107000,0.561,0.000,0.439
107500,0.409,0.000,0.591
108000,0.429,0.000,0.571
108500,0.540,0.000,0.460
109000,0.446,0.000,0.554
109500,0.330,0.000,0.670
110000,0.416,0.000,0.584
110500,0.434,0.000,0.566
111000,0.296,0.000,0.704
111500,0.459,0.000,0.541
112000,0.271,0.000,0.729
112500,0.363,0.000,0.637
113000,0.387,0.000,0.613
113500,0.408,0.000,0.592
114000,0.439,0.000,0.561
114500,0.614,0.000,0.386
115000,0.447,0.000,0.553
115500,0.400,0.000,0.600
116000,0.267,0.000,0.733
116500,0.326,0.000,0.674
117000,0.357,0.000,0.643
117500,0.484,0.000,0.516
118000,0.476,0.000,0.524
118500,0.311,0.000,0.689
119000,0.506,0.000,0.494
119500,0.352,0.000,0.648
120000,0.367,0.000,0.633
120500,0.326,0.000,0.674
121000,0.323,0.000,0.677
121500,0.317,0.000,0.683
122000,0.304,0.000,0.696
122500,0.337,0.000,0.663
123000,0.362,0.000,0.638
123500,0.304,0.000,0.696
124000,0.399,0.000,0.601
124500,0.295,0.000,0.705
125000,0.414,0.000,0.586
125500,0.232,0.000,0.768
126000,0.307,0.000,0.693
126500,0.157,0.000,0.843
127000,0.403,0.000,0.597
127500,0.165,0.000,0.835
128000,0.283,0.000,0.717
128500,0.303,0.000,0.697
129000,0.420,0.000,0.580
129500,0.295,0.000,0.705
130000,0.257,0.000,0.743
130500,0.370,0.000,0.630
131000,0.265,0.000,0.735
131500,0.478,0.000,0.522
132000,0.495,0.000,0.505
132500,0.404,0.000,0.596
133000,0.390,0.000,0.610
133500,0.199,0.000,0.801
134000,0.419,0.000,0.581
134500,0.472,0.000,0.528
135000,0.553,0.000,0.447
135500,0.339,0.000,0.661
136000,0.465,0.000,0.535
136500,0.347,0.000,0.653
137000,0.233,0.000,0.767
137500,0.431,0.000,0.569
138000,0.365,0.000,0.635
138500,0.517,0.000,0.483
139000,0.281,0.000,0.719
139500,0.369,0.000,0.631
140000,0.338,0.000,0.662
140500,0.534,0.000,0.466
141000,0.349,0.000,0.651
141500,0.247,0.000,0.753
142000,0.317,0.000,0.683
142500,0.386,0.000,0.614
143000,0.330,0.000,0.670
143500,0.350,0.000,0.650
144000,0.596,0.000,0.404
144500,0.433,0.000,0.567
145000,0.612,0.000,0.388
145500,0.540,0.000,0.460
146000,0.392,0.000,0.608
146500,0.345,0.000,0.655
147000,0.511,0.000,0.489
147500,0.401,0.000,0.599
148000,0.390,0.000,0.610
148500,0.389,0.000,0.611
149000,0.381,0.000,0.619
149500,0.304,0.000,0.696
150000,0.424,0.000,0.576
150500,0.285,0.000,0.715
151000,0.313,0.000,0.687
151500,0.257,0.000,0.743
152000,0.378,0.000,0.622
152500,0.389,0.000,0.611
153000,0.423,0.000,0.577
153500,0.201,0.000,0.799
154000,0.322,0.000,0.678
154500,0.381,0.000,0.619
155000,0.244,0.000,0.756
155500,0.382,0.000,0.618
156000,0.504,0.000,0.496
156500,0.335,0.000,0.665
157000,0.351,0.000,0.649
157500,0.392,0.000,0.608
158000,0.467,0.000,0.533
158500,0.333,0.000,0.667
159000,0.332,0.000,0.668
159500,0.319,0.000,0.681
160000,0.439,0.000,0.561
160500,0.261,0.000,0.739
161000,0.499,0.000,0.501
161500,0.312,0.000,0.688
162000,0.442,0.000,0.558
162500,0.304,0.000,0.696
163000,0.485,0.000,0.515
163500,0.333,0.000,0.667
164000,0.421,0.000,0.579
164500,0.245,0.000,0.755
165000,0.381,0.000,0.619
165500,0.167,0.000,0.833
166000,0.367,0.000,0.633
166500,0.456,0.000,0.544
167000,0.356,0.000,0.644
167500,0.268,0.000,0.732
168000,0.271,0.000,0.729
168500,0.365,0.000,0.635
169000,0.367,0.000,0.633
169500,0.374,0.000,0.626
170000,0.304,0.000,0.696
170500,0.349,0.000,0.651
171000,0.521,0.000,0.479
171500,0.409,0.000,0.591
172000,0.178,0.000,0.822
172500,0.443,0.000,0.557
173000,0.393,0.000,0.607
173500,0.274,0.000,0.726
174000,0.481,0.000,0.519
174500,0.418,0.000,0.582
175000,0.438,0.000,0.562
175500,0.342,0.000,0.658
176000,0.476,0.000,0.524
176500,0.376,0.000,0.624
177000,0.399,0.000,0.601
177500,0.350,0.000,0.650
178000,0.330,0.000,0.670
178500,0.350,0.000,0.650
179000,0.602,0.000,0.398
179500,0.499,0.000,0.501
180000,0.299,0.000,0.701
180500,0.371,0.000,0.629
181000,0.347,0.000,0.653
181500,0.210,0.000,0.790
182000,0.367,0.000,0.633
182500,0.452,0.000,0.548
183000,0.314,0.000,0.686
183500,0.211,0.000,0.789
184000,0.382,0.000,0.618
184500,0.403,0.000,0.597
185000,0.200,0.000,0.800
185500,0.402,0.000,0.598
186000,0.372,0.000,0.628
186500,0.403,0.000,0.597
187000,0.436,0.000,0.564
187500,0.483,0.000,0.517
188000,0.453,0.000,0.547
188500,0.284,0.000,0.716
189000,0.509,0.000,0.491
189500,0.428,0.000,0.572
190000,0.231,0.000,0.769
190500,0.443,0.000,0.557
191000,0.248,0.000,0.752
191500,0.338,0.000,0.662
192000,0.297,0.000,0.703
192500,0.274,0.000,0.726
193000,0.392,0.000,0.608
193500,0.466,0.000,0.534
194000,0.290,0.000,0.710
194500,0.277,0.000,0.723
195000,0.229,0.000,0.771
195500,0.255,0.000,0.745
196000,0.328,0.000,0.672
196500,0.412,0.000,0.588
197000,0.411,0.000,0.589
197500,0.381,0.000,0.619
198000,0.248,0.000,0.752
198500,0.345,0.000,0.655
199000,0.326,0.000,0.674
199500,0.325,0.000,0.675
200000,0.362,0.000,0.638
200500,0.389,0.000,0.611
201000,0.558,0.000,0.442
201500,0.520,0.000,0.480
202000,0.295,0.000,0.705
202500,0.439,0.000,0.561
203000,0.487,0.000,0.513
203500,0.391,0.000,0.609
204000,0.405,0.000,0.595
204500,0.478,0.000,0.522
205000,0.435,0.000,0.565
205500,0.433,0.000,0.567
206000,0.444,0.000,0.556
206500,0.379,0.000,0.621
207000,0.334,0.000,0.666
207500,0.375,0.000,0.625
208000,0.368,0.000,0.632
208500,0.459,0.000,0.541
209000,0.345,0.000,0.655
209500,0.285,0.000,0.715
210000,0.540,0.000,0.460
210500,0.291,0.000,0.709
211000,0.330,0.000,0.670
211500,0.353,0.000,0.647
212000,0.497,0.000,0.503
212500,0.491,0.000,0.509
213000,0.321,0.000,0.679
213500,0.292,0.000,0.708
214000,0.353,0.000,0.647
214500,0.553,0.000,0.447
215000,0.458,0.000,0.542
215500,0.411,0.000,0.589
216000,0.345,0.000,0.655
216500,0.316,0.000,0.684
217000,0.419,0.000,0.581
217500,0.383,0.000,0.617
218000,0.256,0.000,0.744
218500,0.342,0.000,0.658
219000,0.542,0.000,0.458
219500,0.545,0.000,0.455
220000,0.360,0.000,0.640
220500,0.306,0.000,0.694
221000,0.391,0.000,0.609
221500,0.430,0.000,0.570
222000,0.353,0.000,0.647
222500,0.569,0.000,0.431
223000,0.575,0.000,0.425
223500,0.359,0.000,0.641
224000,0.487,0.000,0.513
224500,0.401,0.000,0.599
225000,0.509,0.000,0.491
225500,0.431,0.000,0.569
226000,0.301,0.000,0.699
226500,0.436,0.000,0.564
227000,0.248,0.000,0.752
227500,0.433,0.000,0.567
228000,0.292,0.000,0.708
228500,0.516,0.000,0.484
229000,0.401,0.000,0.599
229500,0.381,0.000,0.619
230000,0.415,0.000,0.585
230500,0.266,0.000,0.734
231000,0.380,0.000,0.620
231500,0.299,0.000,0.701
232000,0.470,0.000,0.530
232500,0.455,0.000,0.545
233000,0.297,0.000,0.703
233500,0.320,0.000,0.680
234000,0.395,0.000,0.605
234500,0.328,0.000,0.672
235000,0.253,0.000,0.747
235500,0.437,0.000,0.563
236000,0.191,0.000,0.809
236500,0.372,0.000,0.628
237000,0.349,0.000,0.651
237500,0.246,0.000,0.754
238000,0.265,0.000,0.735
238500,0.380,0.000,0.620
239000,0.394,0.000,0.606
239500,0.315,0.000,0.685
240000,0.354,0.000,0.646
240500,0.342,0.000,0.658
241000,0.350,0.000,0.650
241500,0.440,0.000,0.560
242000,0.290,0.000,0.710
242500,0.389,0.000,0.611
243000,0.318,0.000,0.682
243500,0.391,0.000,0.609
244000,0.273,0.000,0.727
244500,0.334,0.000,0.666
245000,0.349,0.000,0.651
245500,0.333,0.000,0.667
246000,0.194,0.000,0.806
246500,0.381,0.000,0.619
247000,0.445,0.000,0.555
247500,0.554,0.000,0.446
248000,0.540,0.000,0.460
248500,0.243,0.000,0.757
249000,0.304,0.000,0.696
249500,0.493,0.000,0.507
250000,0.290,0.000,0.710
250500,0.346,0.000,0.654
251000,0.410,0.000,0.590
251500,0.284,0.000,0.716
252000,0.249,0.000,0.751
252500,0.432,0.000,0.568
253000,0.223,0.000,0.777
253500,0.317,0.000,0.683
254000,0.257,0.000,0.743
254500,0.385,0.000,0.615
255000,0.460,0.000,0.540
255500,0.184,0.000,0.816
256000,0.347,0.000,0.653
256500,0.317,0.000,0.683
257000,0.437,0.000,0.563
257500,0.505,0.000,0.495
258000,0.359,0.000,0.641
258500,0.505,0.000,0.495
259000,0.485,0.000,0.515
259500,0.232,0.000,0.768
260000,0.403,0.000,0.597
260500,0.535,0.000,0.465
261000,0.413,0.000,0.587
261500,0.419,0.000,0.581
262000,0.295,0.000,0.705
262500,0.382,0.000,0.618
263000,0.385,0.000,0.615
263500,0.389,0.000,0.611
264000,0.326,0.000,0.674
264500,0.372,0.000,0.628
265000,0.281,0.000,0.719
265500,0.443,0.000,0.557
266000,0.296,0.000,0.704
266500,0.254,0.000,0.746
267000,0.197,0.000,0.803
267500,0.284,0.000,0.716
268000,0.297,0.000,0.703
268500,0.449,0.000,0.551
269000,0.540,0.000,0.460
269500,0.482,0.000,0.518
270000,0.330,0.000,0.670
270500,0.290,0.000,0.710
271000,0.534,0.000,0.466
271500,0.491,0.000,0.509
272000,0.375,0.000,0.625
272500,0.355,0.000,0.645
273000,0.439,0.000,0.561
273500,0.388,0.000,0.612
274000,0.373,0.000,0.627
274500,0.332,0.000,0.668
275000,0.354,0.000,0.646
275500,0.295,0.000,0.705
276000,0.372,0.000,0.628
276500,0.399,0.000,0.601
277000,0.371,0.000,0.629
277500,0.367,0.000,0.633
278000,0.319,0.000,0.681
278500,0.313,0.000,0.687
279000,0.297,0.000,0.703
279500,0.323,0.000,0.677
280000,0.333,0.000,0.667
280500,0.302,0.000,0.698
281000,0.414,0.000,0.586
281500,0.390,0.000,0.610
282000,0.380,0.000,0.620
282500,0.473,0.000,0.527
283000,0.302,0.000,0.698
283500,0.398,0.000,0.602
284000,0.370,0.000,0.630
284500,0.310,0.000,0.690
285000,0.465,0.000,0.535
285500,0.398,0.000,0.602
286000,0.380,0.000,0.620
286500,0.340,0.000,0.660
287000,0.427,0.000,0.573
287500,0.442,0.000,0.558
288000,0.498,0.000,0.502
288500,0.371,0.000,0.629
289000,0.256,0.000,0.744
289500,0.374,0.000,0.626
290000,0.497,0.000,0.503
290500,0.344,0.000,0.656
291000,0.454,0.000,0.546
291500,0.376,0.000,0.624
292000,0.365,0.000,0.635
292500,0.303,0.000,0.697
293000,0.282,0.000,0.718
293500,0.420,0.000,0.580
294000,0.489,0.000,0.511
294500,0.355,0.000,0.645
295000,0.266,0.000,0.734
295500,0.638,0.000,0.362
296000,0.161,0.000,0.839
296500,0.371,0.000,0.629
297000,0.294,0.000,0.706
297500,0.529,0.000,0.471
298000,0.290,0.000,0.710
298500,0.356,0.000,0.644
299000,0.360,0.000,0.640
299500,0.637,0.000,0.363
300000,0.427,0.000,0.573
300500,0.291,0.000,0.709
301000,0.207,0.000,0.793
301500,0.242,0.000,0.758
302000,0.393,0.000,0.607
302500,0.484,0.000,0.516
303000,0.403,0.000,0.597
303500,0.304,0.000,0.696
304000,0.275,0.000,0.725
304500,0.240,0.000,0.760
305000,0.302,0.000,0.698
305500,0.471,0.000,0.529
306000,0.429,0.000,0.571
306500,0.488,0.000,0.512
307000,0.407,0.000,0.593
307500,0.450,0.000,0.550
308000,0.354,0.000,0.646
308500,0.418,0.000,0.582
309000,0.403,0.000,0.597
309500,0.438,0.000,0.562
310000,0.267,0.000,0.733
310500,0.393,0.000,0.607
311000,0.517,0.000,0.483
311500,0.328,0.000,0.672
312000,0.427,0.000,0.573
312500,0.296,0.000,0.704
313000,0.251,0.000,0.749
313500,0.646,0.000,0.354
314000,0.498,0.000,0.502
314500,0.416,0.000,0.584
315000,0.351,0.000,0.649
315500,0.412,0.000,0.588
316000,0.300,0.000,0.700
316500,0.410,0.000,0.590
317000,0.315,0.000,0.685
317500,0.307,0.000,0.693
318000,0.265,0.000,0.735
318500,0.365,0.000,0.635
319000,0.337,0.000,0.663
319500,0.348,0.000,0.652
320000,0.278,0.000,0.722
320500,0.271,0.000,0.729
321000,0.341,0.000,0.659
321500,0.464,0.000,0.536
322000,0.492,0.000,0.508
322500,0.276,0.000,0.724
323000,0.417,0.000,0.583
323500,0.404,0.000,0.596
324000,0.334,0.000,0.666
324500,0.282,0.000,0.718
325000,0.361,0.000,0.639
325500,0.480,0.000,0.520
326000,0.430,0.000,0.570
326500,0.378,0.000,0.622
327000,0.326,0.000,0.674
327500,0.276,0.000,0.724
328000,0.295,0.000,0.705
328500,0.306,0.000,0.694
329000,0.380,0.000,0.620
329500,0.280,0.000,0.720
330000,0.367,0.000,0.633
330500,0.386,0.000,0.614
331000,0.326,0.000,0.674
331500,0.215,0.000,0.785
332000,0.339,0.000,0.661
332500,0.271,0.000,0.729
333000,0.353,0.000,0.647
333500,0.280,0.000,0.720
334000,0.266,0.000,0.734
334500,0.341,0.000,0.659
335000,0.381,0.000,0.619
335500,0.457,0.000,0.543
336000,0.303,0.000,0.697
336500,0.595,0.000,0.405
337000,0.318,0.000,0.682
337500,0.290,0.000,0.710
338000,0.269,0.000,0.731
338500,0.357,0.000,0.643
339000,0.343,0.000,0.657
339500,0.324,0.000,0.676
340000,0.479,0.000,0.521
340500,0.334,0.000,0.666
341000,0.352,0.000,0.648
341500,0.369,0.000,0.631
342000,0.463,0.000,0.537
342500,0.499,0.000,0.501
343000,0.329,0.000,0.671
343500,0.483,0.000,0.517
344000,0.478,0.000,0.522
344500,0.433,0.000,0.567
345000,0.219,0.000,0.781
345500,0.362,0.000,0.638
346000,0.522,0.000,0.478
346500,0.325,0.000,0.675
347000,0.442,0.000,0.558
347500,0.274,0.000,0.726
348000,0.280,0.000,0.720
348500,0.425,0.000,0.575
349000,0.338,0.000,0.662
349500,0.472,0.000,0.528
350000,0.456,0.000,0.544
350500,0.264,0.000,0.736
351000,0.321,0.000,0.679
351500,0.335,0.000,0.665
352000,0.370,0.000,0.630
352500,0.361,0.000,0.639
353000,0.427,0.000,0.573
353500,0.393,0.000,0.607
354000,0.318,0.000,0.682
354500,0.445,0.000,0.555
355000,0.254,0.000,0.746
355500,0.429,0.000,0.571
356000,0.517,0.000,0.483
356500,0.384,0.000,0.616
357000,0.210,0.000,0.790
357500,0.459,0.000,0.541
358000,0.253,0.000,0.747
358500,0.386,0.000,0.614
359000,0.612,0.000,0.388
359500,0.466,0.000,0.534
360000,0.430,0.000,0.570
360500,0.422,0.000,0.578
361000,0.443,0.000,0.557
361500,0.431,0.000,0.569
362000,0.453,0.000,0.547
362500,0.427,0.000,0.573
363000,0.418,0.000,0.582
363500,0.408,0.000,0.592
364000,0.338,0.000,0.662
364500,0.273,0.000,0.727
365000,0.432,0.000,0.568
365500,0.311,0.000,0.689
366000,0.318,0.000,0.682
366500,0.396,0.000,0.604
367000,0.303,0.000,0.697
367500,0.393,0.000,0.607
368000,0.338,0.000,0.662
368500,0.308,0.000,0.692
369000,0.505,0.000,0.495
369500,0.371,0.000,0.629
370000,0.324,0.000,0.676
370500,0.417,0.000,0.583
371000,0.431,0.000,0.569
371500,0.271,0.000,0.729
372000,0.287,0.000,0.713
372500,0.240,0.000,0.760
373000,0.418,0.000,0.582
373500,0.252,0.000,0.748
374000,0.430,0.000,0.570
374500,0.289,0.000,0.711
375000,0.321,0.000,0.679
375500,0.364,0.000,0.636
376000,0.389,0.000,0.611
376500,0.383,0.000,0.617
377000,0.343,0.000,0.657
377500,0.232,0.000,0.768
378000,0.329,0.000,0.671
378500,0.521,0.000,0.479
379000,0.335,0.000,0.665
379500,0.459,0.000,0.541
380000,0.601,0.000,0.399
380500,0.265,0.000,0.735
381000,0.404,0.000,0.596
381500,0.457,0.000,0.543
382000,0.296,0.000,0.704
382500,0.449,0.000,0.551
383000,0.701,0.000,0.299
383500,0.439,0.000,0.561
384000,0.336,0.000,0.664
384500,0.396,0.000,0.604
385000,0.561,0.000,0.439
385500,0.437,0.000,0.563
386000,0.330,0.000,0.670
386500,0.260,0.000,0.740
387000,0.325,0.000,0.675
387500,0.445,0.000,0.555
388000,0.255,0.000,0.745
388500,0.390,0.000,0.610
389000,0.337,0.000,0.663
389500,0.259,0.000,0.741
390000,0.466,0.000,0.534
390500,0.442,0.000,0.558
391000,0.395,0.000,0.605
391500,0.374,0.000,0.626
392000,0.389,0.000,0.611
392500,0.366,0.000,0.634
393000,0.428,0.000,0.572
393500,0.297,0.000,0.703
394000,0.303,0.000,0.697
394500,0.449,0.000,0.551
395000,0.504,0.000,0.496
395500,0.421,0.000,0.579
396000,0.255,0.000,0.745
396500,0.273,0.000,0.727
397000,0.365,0.000,0.635
397500,0.365,0.000,0.635
398000,0.329,0.000,0.671
398500,0.416,0.000,0.584
399000,0.460,0.000,0.540
399500,0.420,0.000,0.580
400000,0.397,0.000,0.603
400500,0.399,0.000,0.601
401000,0.358,0.000,0.642
401500,0.448,0.000,0.552
402000,0.299,0.000,0.701
402500,0.219,0.000,0.781
403000,0.256,0.000,0.744
403500,0.139,0.000,0.861
404000,0.257,0.000,0.743
404500,0.434,0.000,0.566
405000,0.381,0.000,0.619
405500,0.370,0.000,0.630
406000,0.524,0.000,0.476
406500,0.294,0.000,0.706
407000,0.325,0.000,0.675
407500,0.408,0.000,0.592
408000,0.278,0.000,0.722
408500,0.316,0.000,0.684
409000,0.378,0.000,0.622
409500,0.267,0.000,0.733
410000,0.306,0.000,0.694
410500,0.543,0.000,0.457
411000,0.360,0.000,0.640
411500,0.350,0.000,0.650
412000,0.240,0.000,0.760
412500,0.273,0.000,0.727
413000,0.429,0.000,0.571
413500,0.365,0.000,0.635
414000,0.358,0.000,0.642
414500,0.292,0.000,0.708
415000,0.327,0.000,0.673
415500,0.360,0.000,0.640
416000,0.442,0.000,0.558
416500,0.246,0.000,0.754
417000,0.290,0.000,0.710
417500,0.355,0.000,0.645
418000,0.283,0.000,0.717
418500,0.425,0.000,0.575
419000,0.232,0.000,0.768
419500,0.283,0.000,0.717
420000,0.467,0.000,0.533
420500,0.425,0.000,0.575
421000,0.360,0.000,0.640
421500,0.297,0.000,0.703
422000,0.328,0.000,0.672
422500,0.431,0.000,0.569
423000,0.382,0.000,0.618
423500,0.367,0.000,0.633
424000,0.488,0.000,0.512
424500,0.253,0.000,0.747
425000,0.443,0.000,0.557
425500,0.514,0.000,0.486
426000,0.434,0.000,0.566
426500,0.274,0.000,0.726
427000,0.314,0.000,0.686
427500,0.328,0.000,0.672
428000,0.331,0.000,0.669
428500,0.411,0.000,0.589
429000,0.372,0.000,0.628
429500,0.465,0.000,0.535
430000,0.392,0.000,0.608
430500,0.220,0.000,0.780
431000,0.399,0.000,0.601
431500,0.389,0.000,0.611
432000,0.431,0.000,0.569
432500,0.381,0.000,0.619
433000,0.349,0.000,0.651
433500,0.346,0.000,0.654
434000,0.436,0.000,0.564
434500,0.386,0.000,0.614
435000,0.391,0.000,0.609
435500,0.259,0.000,0.741
436000,0.502,0.000,0.498
436500,0.456,0.000,0.544
437000,0.354,0.000,0.646
437500,0.334,0.000,0.666
438000,0.374,0.000,0.626
438500,0.321,0.000,0.679
439000,0.170,0.000,0.830
439500,0.410,0.000,0.590
440000,0.361,0.000,0.639
440500,0.316,0.000,0.684
441000,0.382,0.000,0.618
441500,0.515,0.000,0.485
442000,0.358,0.000,0.642
442500,0.435,0.000,0.565
443000,0.330,0.000,0.670
443500,0.384,0.000,0.616
444000,0.438,0.000,0.562
444500,0.645,0.000,0.355
445000,0.261,0.000,0.739
445500,0.438,0.000,0.562
446000,0.243,0.000,0.757
446500,0.326,0.000,0.674
447000,0.340,0.000,0.660
447500,0.292,0.000,0.708
448000,0.368,0.000,0.632
448500,0.258,0.000,0.742
449000,0.293,0.000,0.707
449500,0.362,0.000,0.638
450000,0.400,0.000,0.600
450500,0.412,0.000,0.588
451000,0.302,0.000,0.698
451500,0.301,0.000,0.699
452000,0.260,0.000,0.740
452500,0.329,0.000,0.671
453000,0.260,0.000,0.740
453500,0.138,0.000,0.862
454000,0.339,0.000,0.661
454500,0.482,0.000,0.518
455000,0.455,0.000,0.545
455500,0.409,0.000,0.591
456000,0.312,0.000,0.688
456500,0.358,0.000,0.642
457000,0.270,0.000,0.730
457500,0.368,0.000,0.632
458000,0.403,0.000,0.597
458500,0.605,0.000,0.395
459000,0.299,0.000,0.701
459500,0.359,0.000,0.641
460000,0.493,0.000,0.507
460500,0.340,0.000,0.660
461000,0.393,0.000,0.607
461500,0.340,0.000,0.660
462000,0.268,0.000,0.732
462500,0.454,0.000,0.546
463000,0.300,0.000,0.700
463500,0.320,0.000,0.680
464000,0.254,0.000,0.746
464500,0.416,0.000,0.584
465000,0.359,0.000,0.641
465500,0.381,0.000,0.619
466000,0.415,0.000,0.585
466500,0.463,0.000,0.537
467000,0.427,0.000,0.573
467500,0.339,0.000,0.661
468000,0.305,0.000,0.695
468500,0.492,0.000,0.508
469000,0.455,0.000,0.545
469500,0.377,0.000,0.623
470000,0.589,0.000,0.411
470500,0.494,0.000,0.506
471000,0.406,0.000,0.594
471500,0.424,0.000,0.576
472000,0.438,0.000,0.562
472500,0.319,0.000,0.681
473000,0.498,0.000,0.502
473500,0.278,0.000,0.722
474000,0.370,0.000,0.630
474500,0.422,0.000,0.578
475000,0.323,0.000,0.677
475500,0.387,0.000,0.613
476000,0.358,0.000,0.642
476500,0.445,0.000,0.555
477000,0.311,0.000,0.689
477500,0.242,0.000,0.758
478000,0.340,0.000,0.660
478500,0.309,0.000,0.691
479000,0.317,0.000,0.683
479500,0.294,0.000,0.706
480000,0.258,0.000,0.742
480500,0.346,0.000,0.654
481000,0.386,0.000,0.614
481500,0.233,0.000,0.767
482000,0.447,0.000,0.553
482500,0.266,0.000,0.734
483000,0.378,0.000,0.622
483500,0.275,0.000,0.725
484000,0.477,0.000,0.523
484500,0.328,0.000,0.672
485000,0.409,0.000,0.591
485500,0.389,0.000,0.611
486000,0.268,0.000,0.732
486500,0.648,0.000,0.352
487000,0.462,0.000,0.538
487500,0.558,0.000,0.442
488000,0.513,0.000,0.487
488500,0.304,0.000,0.696
489000,0.374,0.000,0.626
489500,0.511,0.000,0.489
490000,0.297,0.000,0.703
490500,0.490,0.000,0.510
491000,0.328,0.000,0.672
491500,0.351,0.000,0.649
492000,0.289,0.000,0.711
492500,0.372,0.000,0.628
493000,0.343,0.000,0.657
493500,0.475,0.000,0.525
494000,0.380,0.000,0.620
494500,0.339,0.000,0.661
495000,0.309,0.000,0.691
495500,0.466,0.000,0.534
496000,0.301,0.000,0.699
496500,0.399,0.000,0.601
497000,0.302,0.000,0.698
497500,0.273,0.000,0.727
498000,0.464,0.000,0.536
498500,0.251,0.000,0.749
499000,0.465,0.000,0.535
499500,0.232,0.000,0.768
500000,0.262,0.000,0.738
500500,0.476,0.000,0.524
501000,0.517,0.000,0.483
501500,0.337,0.000,0.663
502000,0.527,0.000,0.473
502500,0.425,0.000,0.575
503000,0.242,0.000,0.758
503500,0.469,0.000,0.531
504000,0.400,0.000,0.600
504500,0.293,0.000,0.707
505000,0.257,0.000,0.743
505500,0.353,0.000,0.647
506000,0.437,0.000,0.563
506500,0.472,0.000,0.528
507000,0.307,0.000,0.693
507500,0.390,0.000,0.610
508000,0.243,0.000,0.757
508500,0.381,0.000,0.619
509000,0.364,0.000,0.636
509500,0.242,0.000,0.758
510000,0.304,0.000,0.696
510500,0.340,0.000,0.660
511000,0.368,0.000,0.632
511500,0.322,0.000,0.678
512000,0.437,0.000,0.563
512500,0.400,0.000,0.600
513000,0.394,0.000,0.606
513500,0.272,0.000,0.728
514000,0.395,0.000,0.605
514500,0.421,0.000,0.579
515000,0.352,0.000,0.648
515500,0.365,0.000,0.635
516000,0.353,0.000,0.647
516500,0.491,0.000,0.509
517000,0.345,0.000,0.655
517500,0.437,0.000,0.563
518000,0.493,0.000,0.507
518500,0.392,0.000,0.608
519000,0.388,0.000,0.612
519500,0.260,0.000,0.740
520000,0.336,0.000,0.664
520500,0.320,0.000,0.680
521000,0.363,0.000,0.637
521500,0.393,0.000,0.607
522000,0.440,0.000,0.560
522500,0.336,0.000,0.664
523000,0.401,0.000,0.599
523500,0.383,0.000,0.617
524000,0.503,0.000,0.497
524500,0.301,0.000,0.699
525000,0.304,0.000,0.696
525500,0.236,0.000,0.764
526000,0.237,0.000,0.763
526500,0.344,0.000,0.656
527000,0.468,0.000,0.532
527500,0.437,0.000,0.563
528000,0.253,0.000,0.747
528500,0.334,0.000,0.666
529000,0.393,0.000,0.607
529500,0.325,0.000,0.675
530000,0.388,0.000,0.612
530500,0.348,0.000,0.652
531000,0.425,0.000,0.575
531500,0.327,0.000,0.673
532000,0.312,0.000,0.688
532500,0.347,0.000,0.653
533000,0.295,0.000,0.705
533500,0.401,0.000,0.599
534000,0.547,0.000,0.453
534500,0.383,0.000,0.617
535000,0.387,0.000,0.613
535500,0.373,0.000,0.627
536000,0.301,0.000,0.699
536500,0.298,0.000,0.702
537000,0.295,0.000,0.705
537500,0.315,0.000,0.685
538000,0.385,0.000,0.615
538500,0.204,0.000,0.796
539000,0.483,0.000,0.517
539500,0.416,0.000,0.584
540000,0.468,0.000,0.532
540500,0.281,0.000,0.719
541000,0.449,0.000,0.551
541500,0.279,0.000,0.721
542000,0.296,0.000,0.704
542500,0.358,0.000,0.642
543000,0.315,0.000,0.685
543500,0.460,0.000,0.540
544000,0.294,0.000,0.706
544500,0.547,0.000,0.453
545000,0.450,0.000,0.550
545500,0.521,0.000,0.479
546000,0.451,0.000,0.549
546500,0.319,0.000,0.681
547000,0.324,0.000,0.676
547500,0.427,0.000,0.573
548000,0.405,0.000,0.595
548500,0.421,0.000,0.579
549000,0.239,0.000,0.761
549500,0.433,0.000,0.567
550000,0.234,0.000,0.766
550500,0.282,0.000,0.718
551000,0.280,0.000,0.720
551500,0.245,0.000,0.755
552000,0.358,0.000,0.642
552500,0.208,0.000,0.792
553000,0.498,0.000,0.502
553500,0.311,0.000,0.689
554000,0.265,0.000,0.735
554500,0.458,0.000,0.542
555000,0.327,0.000,0.673
555500,0.363,0.000,0.637
556000,0.367,0.000,0.633
556500,0.363,0.000,0.637
557000,0.311,0.000,0.689
557500,0.217,0.000,0.783
558000,0.349,0.000,0.651
558500,0.345,0.000,0.655
559000,0.414,0.000,0.586
559500,0.376,0.000,0.624
560000,0.285,0.000,0.715
560500,0.309,0.000,0.691
561000,0.458,0.000,0.542
561500,0.432,0.000,0.568
562000,0.569,0.000,0.431
562500,0.686,0.000,0.314
563000,0.437,0.000,0.563
563500,0.234,0.000,0.766
564000,0.448,0.000,0.552
564500,0.271,0.000,0.729
565000,0.494,0.000,0.506
565500,0.341,0.000,0.659
566000,0.343,0.000,0.657
566500,0.315,0.000,0.685
567000,0.219,0.000,0.781
567500,0.319,0.000,0.681
568000,0.423,0.000,0.577
568500,0.330,0.000,0.670
569000,0.522,0.000,0.478
569500,0.337,0.000,0.663
570000,0.342,0.000,0.658
570500,0.384,0.000,0.616
571000,0.503,0.000,0.497
571500,0.344,0.000,0.656
572000,0.507,0.000,0.493
572500,0.239,0.000,0.761
573000,0.372,0.000,0.628
573500,0.299,0.000,0.701
574000,0.367,0.000,0.633
574500,0.378,0.000,0.622
575000,0.379,0.000,0.621
575500,0.404,0.000,0.596
576000,0.303,0.000,0.697
576500,0.307,0.000,0.693
577000,0.401,0.000,0.599
577500,0.379,0.000,0.621
578000,0.292,0.000,0.708
578500,0.472,0.000,0.528
579000,0.431,0.000,0.569
579500,0.247,0.000,0.753
580000,0.263,0.000,0.737
580500,0.402,0.000,0.598
581000,0.229,0.000,0.771
581500,0.424,0.000,0.576
582000,0.462,0.000,0.538
582500,0.411,0.000,0.589
583000,0.328,0.000,0.672
583500,0.286,0.000,0.714
584000,0.306,0.000,0.694
584500,0.244,0.000,0.756
585000,0.398,0.000,0.602
585500,0.414,0.000,0.586
586000,0.449,0.000,0.551
586500,0.372,0.000,0.628
587000,0.338,0.000,0.662
587500,0.352,0.000,0.648
588000,0.354,0.000,0.646
588500,0.442,0.000,0.558
589000,0.387,0.000,0.613
589500,0.360,0.000,0.640
590000,0.309,0.000,0.691
590500,0.277,0.000,0.723
591000,0.475,0.000,0.525
591500,0.397,0.000,0.603
592000,0.281,0.000,0.719
592500,0.456,0.000,0.544
593000,0.332,0.000,0.668
593500,0.491,0.000,0.509
594000,0.350,0.000,0.650
594500,0.432,0.000,0.568
595000,0.522,0.000,0.478
595500,0.465,0.000,0.535
596000,0.392,0.000,0.608
596500,0.375,0.000,0.625
597000,0.350,0.000,0.650
597500,0.302,0.000,0.698
598000,0.307,0.000,0.693
598500,0.356,0.000,0.644
599000,0.399,0.000,0.601
599500,0.447,0.000,0.553
600000,0.357,0.000,0.643
600500,0.314,0.000,0.686
601000,0.273,0.000,0.727
601500,0.455,0.000,0.545
602000,0.308,0.000,0.692
602500,0.298,0.000,0.702
603000,0.380,0.000,0.620
603500,0.321,0.000,0.679
604000,0.400,0.000,0.600
604500,0.496,0.000,0.504
605000,0.366,0.000,0.634
605500,0.245,0.000,0.755
606000,0.297,0.000,0.703
606500,0.464,0.000,0.536
607000,0.329,0.000,0.671
607500,0.296,0.000,0.704
608000,0.293,0.000,0.707
608500,0.306,0.000,0.694
609000,0.281,0.000,0.719
609500,0.394,0.000,0.606
610000,0.542,0.000,0.458
610500,0.311,0.000,0.689
611000,0.383,0.000,0.617
611500,0.274,0.000,0.726
612000,0.342,0.000,0.658
612500,0.404,0.000,0.596
613000,0.355,0.000,0.645
613500,0.325,0.000,0.675
614000,0.327,0.000,0.673
614500,0.364,0.000,0.636
615000,0.446,0.000,0.554
615500,0.366,0.000,0.634
616000,0.328,0.000,0.672
616500,0.442,0.000,0.558
617000,0.383,0.000,0.617
617500,0.397,0.000,0.603
618000,0.293,0.000,0.707
618500,0.545,0.000,0.455
619000,0.376,0.000,0.624
619500,0.530,0.000,0.470
620000,0.381,0.000,0.619
620500,0.368,0.000,0.632
621000,0.384,0.000,0.616
621500,0.322,0.000,0.678
622000,0.426,0.000,0.574
622500,0.402,0.000,0.598
623000,0.455,0.000,0.545
623500,0.448,0.000,0.552
624000,0.353,0.000,0.647
624500,0.412,0.000,0.588
625000,0.324,0.000,0.676
625500,0.343,0.000,0.657
626000,0.416,0.000,0.584
626500,0.411,0.000,0.589
627000,0.380,0.000,0.620
627500,0.323,0.000,0.677
628000,0.297,0.000,0.703
628500,0.346,0.000,0.654
629000,0.450,0.000,0.550
629500,0.465,0.000,0.535
630000,0.382,0.000,0.618
630500,0.391,0.000,0.609
631000,0.399,0.000,0.601
631500,0.355,0.000,0.645
632000,0.424,0.000,0.576
632500,0.313,0.000,0.687
633000,0.314,0.000,0.686
633500,0.463,0.000,0.537
634000,0.253,0.000,0.747
634500,0.292,0.000,0.708
635000,0.324,0.000,0.676
635500,0.331,0.000,0.669
636000,0.251,0.000,0.749
636500,0.434,0.000,0.566
637000,0.466,0.000,0.534
637500,0.512,0.000,0.488
638000,0.438,0.000,0.562
638500,0.220,0.000,0.780
639000,0.452,0.000,0.548
639500,0.367,0.000,0.633
640000,0.380,0.000,0.620
640500,0.316,0.000,0.684
641000,0.500,0.000,0.500
641500,0.446,0.000,0.554
642000,0.427,0.000,0.573
642500,0.473,0.000,0.527
643000,0.244,0.000,0.756
643500,0.285,0.000,0.715
644000,0.369,0.000,0.631
644500,0.445,0.000,0.555
645000,0.387,0.000,0.613
645500,0.367,0.000,0.633
646000,0.309,0.000,0.691
646500,0.365,0.000,0.635
647000,0.427,0.000,0.573
647500,0.424,0.000,0.576
648000,0.458,0.000,0.542
648500,0.364,0.000,0.636
649000,0.310,0.000,0.690
649500,0.437,0.000,0.563
650000,0.309,0.000,0.691
650500,0.377,0.000,0.623
651000,0.313,0.000,0.687
651500,0.261,0.000,0.739
652000,0.562,0.000,0.438
652500,0.149,0.000,0.851
653000,0.309,0.000,0.691
653500,0.336,0.000,0.664
654000,0.170,0.000,0.830
654500,0.317,0.000,0.683
655000,0.486,0.000,0.514
655500,0.292,0.000,0.708
656000,0.395,0.000,0.605
656500,0.303,0.000,0.697
657000,0.205,0.000,0.795
657500,0.344,0.000,0.656
658000,0.488,0.000,0.512
658500,0.265,0.000,0.735
659000,0.520,0.000,0.480
659500,0.299,0.000,0.701
660000,0.501,0.000,0.499
660500,0.282,0.000,0.718
661000,0.363,0.000,0.637
661500,0.521,0.000,0.479
662000,0.502,0.000,0.498
662500,0.448,0.000,0.552
663000,0.317,0.000,0.683
663500,0.376,0.000,0.624
664000,0.224,0.000,0.776
664500,0.233,0.000,0.767
665000,0.411,0.000,0.589
665500,0.305,0.000,0.695
666000,0.486,0.000,0.514
666500,0.304,0.000,0.696
667000,0.249,0.000,0.751
667500,0.258,0.000,0.742
668000,0.375,0.000,0.625
668500,0.320,0.000,0.680
669000,0.419,0.000,0.581
669500,0.337,0.000,0.663
670000,0.479,0.000,0.521
670500,0.389,0.000,0.611
671000,0.420,0.000,0.580
671500,0.409,0.000,0.591
672000,0.356,0.000,0.644
672500,0.451,0.000,0.549
673000,0.423,0.000,0.577
673500,0.370,0.000,0.630
674000,0.385,0.000,0.615
674500,0.231,0.000,0.769
675000,0.492,0.000,0.508
675500,0.537,0.000,0.463
676000,0.440,0.000,0.560
676500,0.378,0.000,0.622
677000,0.314,0.000,0.686
677500,0.489,0.000,0.511
678000,0.441,0.000,0.559
678500,0.539,0.000,0.461
679000,0.372,0.000,0.628
679500,0.382,0.000,0.618
680000,0.445,0.000,0.555
680500,0.360,0.000,0.640
681000,0.216,0.000,0.784
681500,0.415,0.000,0.585
682000,0.145,0.000,0.855
682500,0.294,0.000,0.706
683000,0.381,0.000,0.619
683500,0.385,0.000,0.615
684000,0.510,0.000,0.490
684500,0.344,0.000,0.656
685000,0.420,0.000,0.580
685500,0.319,0.000,0.681
686000,0.362,0.000,0.638
686500,0.316,0.000,0.684
687000,0.395,0.000,0.605
687500,0.440,0.000,0.560
688000,0.319,0.000,0.681
688500,0.426,0.000,0.574
689000,0.408,0.000,0.592
689500,0.338,0.000,0.662
690000,0.361,0.000,0.639
690500,0.469,0.000,0.531
691000,0.363,0.000,0.637
691500,0.367,0.000,0.633
692000,0.236,0.000,0.764
692500,0.298,0.000,0.702
693000,0.299,0.000,0.701
693500,0.484,0.000,0.516
694000,0.404,0.000,0.596
694500,0.573,0.000,0.427
695000,0.365,0.000,0.635
695500,0.404,0.000,0.596
696000,0.423,0.000,0.577
696500,0.379,0.000,0.621
697000,0.392,0.000,0.608
697500,0.216,0.000,0.784
698000,0.283,0.000,0.717
698500,0.251,0.000,0.749
699000,0.392,0.000,0.608
699500,0.382,0.000,0.618
700000,0.368,0.000,0.632
700500,0.357,0.000,0.643
701000,0.341,0.000,0.659
701500,0.300,0.000,0.700
702000,0.421,0.000,0.579
702500,0.447,0.000,0.553
703000,0.439,0.000,0.561
703500,0.313,0.000,0.687
704000,0.330,0.000,0.670
704500,0.519,0.000,0.481
705000,0.283,0.000,0.717
705500,0.576,0.000,0.424
706000,0.258,0.000,0.742
706500,0.397,0.000,0.603
707000,0.459,0.000,0.541
707500,0.365,0.000,0.635
708000,0.242,0.000,0.758
708500,0.411,0.000,0.589
709000,0.334,0.000,0.666
709500,0.429,0.000,0.571
710000,0.224,0.000,0.776
710500,0.233,0.000,0.767
711000,0.461,0.000,0.539
711500,0.327,0.000,0.673
712000,0.328,0.000,0.672
712500,0.353,0.000,0.647
713000,0.274,0.000,0.726
713500,0.325,0.000,0.675
714000,0.372,0.000,0.628
714500,0.396,0.000,0.604
715000,0.281,0.000,0.719
715500,0.264,0.000,0.736
716000,0.504,0.000,0.496
716500,0.393,0.000,0.607
717000,0.420,0.000,0.580
717500,0.410,0.000,0.590
718000,0.456,0.000,0.544
718500,0.300,0.000,0.700
719000,0.380,0.000,0.620
719500,0.214,0.000,0.786
720000,0.398,0.000,0.602
720500,0.389,0.000,0.611
721000,0.425,0.000,0.575
721500,0.404,0.000,0.596
722000,0.408,0.000,0.592
722500,0.159,0.000,0.841
723000,0.329,0.000,0.671
723500,0.359,0.000,0.641
724000,0.370,0.000,0.630
724500,0.421,0.000,0.579
725000,0.216,0.000,0.784
725500,0.275,0.000,0.725
726000,0.453,0.000,0.547
726500,0.496,0.000,0.504
727000,0.540,0.000,0.460
727500,0.437,0.000,0.563
728000,0.371,0.000,0.629
728500,0.373,0.000,0.627
729000,0.425,0.000,0.575
729500,0.439,0.000,0.561
730000,0.390,0.000,0.610
730500,0.385,0.000,0.615
731000,0.253,0.000,0.747
731500,0.369,0.000,0.631
732000,0.333,0.000,0.667
732500,0.381,0.000,0.619
733000,0.443,0.000,0.557
733500,0.366,0.000,0.634
734000,0.241,0.000,0.759
734500,0.427,0.000,0.573
735000,0.395,0.000,0.605
735500,0.413,0.000,0.587
736000,0.352,0.000,0.648
736500,0.472,0.000,0.528
737000,0.345,0.000,0.655
737500,0.355,0.000,0.645
738000,0.251,0.000,0.749
738500,0.501,0.000,0.499
739000,0.375,0.000,0.625
739500,0.269,0.000,0.731
740000,0.208,0.000,0.792
740500,0.518,0.000,0.482
741000,0.329,0.000,0.671
741500,0.356,0.000,0.644
742000,0.330,0.000,0.670
742500,0.225,0.000,0.775
743000,0.385,0.000,0.615
743500,0.271,0.000,0.729
744000,0.399,0.000,0.601
744500,0.454,0.000,0.546
745000,0.268,0.000,0.732
745500,0.339,0.000,0.661
746000,0.339,0.000,0.661
746500,0.270,0.000,0.730
747000,0.300,0.000,0.700
747500,0.226,0.000,0.774
748000,0.254,0.000,0.746
748500,0.302,0.000,0.698
749000,0.402,0.000,0.598
749500,0.453,0.000,0.547
750000,0.397,0.000,0.603
750500,0.303,0.000,0.697
751000,0.235,0.000,0.765
751500,0.385,0.000,0.615
752000,0.315,0.000,0.685
752500,0.228,0.000,0.772
753000,0.264,0.000,0.736
753500,0.293,0.000,0.707
754000,0.392,0.000,0.608
754500,0.422,0.000,0.578
755000,0.349,0.000,0.651
755500,0.299,0.000,0.701
756000,0.518,0.000,0.482
756500,0.381,0.000,0.619
757000,0.334,0.000,0.666
757500,0.335,0.000,0.665
758000,0.313,0.000,0.687
758500,0.503,0.000,0.497
759000,0.442,0.000,0.558
759500,0.285,0.000,0.715
760000,0.536,0.000,0.464
760500,0.231,0.000,0.769
761000,0.313,0.000,0.687
761500,0.273,0.000,0.727
762000,0.292,0.000,0.708
762500,0.364,0.000,0.636
763000,0.237,0.000,0.763
763500,0.329,0.000,0.671
764000,0.234,0.000,0.766
764500,0.419,0.000,0.581
765000,0.334,0.000,0.666
765500,0.564,0.000,0.436
766000,0.351,0.000,0.649
766500,0.384,0.000,0.616
767000,0.388,0.000,0.612
767500,0.311,0.000,0.689
768000,0.398,0.000,0.602
768500,0.431,0.000,0.569
769000,0.345,0.000,0.655
769500,0.268,0.000,0.732
770000,0.491,0.000,0.509
770500,0.358,0.000,0.642
771000,0.273,0.000,0.727
771500,0.326,0.000,0.674
772000,0.533,0.000,0.467
772500,0.468,0.000,0.532
773000,0.265,0.000,0.735
773500,0.433,0.000,0.567
774000,0.395,0.000,0.605
774500,0.324,0.000,0.676
775000,0.296,0.000,0.704
775500,0.408,0.000,0.592
776000,0.363,0.000,0.637
776500,0.360,0.000,0.640
777000,0.262,0.000,0.738
777500,0.339,0.000,0.661
778000,0.305,0.000,0.695
778500,0.296,0.000,0.704
779000,0.302,0.000,0.698
779500,0.271,0.000,0.729
780000,0.343,0.000,0.657
780500,0.589,0.000,0.411
781000,0.304,0.000,0.696
781500,0.347,0.000,0.653
782000,0.358,0.000,0.642
782500,0.293,0.000,0.707
783000,0.329,0.000,0.671
783500,0.212,0.000,0.788
784000,0.338,0.000,0.662
784500,0.367,0.000,0.633
785000,0.316,0.000,0.684
785500,0.261,0.000,0.739
786000,0.373,0.000,0.627
786500,0.265,0.000,0.735
787000,0.289,0.000,0.711
787500,0.389,0.000,0.611
788000,0.360,0.000,0.640
788500,0.353,0.000,0.647
789000,0.509,0.000,0.491
789500,0.354,0.000,0.646
790000,0.456,0.000,0.544
790500,0.272,0.000,0.728
791000,0.378,0.000,0.622
791500,0.271,0.000,0.729
792000,0.303,0.000,0.697
792500,0.466,0.000,0.534
793000,0.342,0.000,0.658
793500,0.422,0.000,0.578
794000,0.296,0.000,0.704
794500,0.343,0.000,0.657
795000,0.365,0.000,0.635
795500,0.344,0.000,0.656
796000,0.342,0.000,0.658
796500,0.288,0.000,0.712
797000,0.509,0.000,0.491
797500,0.351,0.000,0.649
798000,0.324,0.000,0.676
798500,0.287,0.000,0.713
799000,0.468,0.000,0.532
799500,0.335,0.000,0.665
800000,0.347,0.000,0.653
800500,0.299,0.000,0.701
801000,0.398,0.000,0.602
801500,0.458,0.000,0.542
802000,0.460,0.000,0.540
802500,0.352,0.000,0.648
803000,0.220,0.000,0.780
803500,0.395,0.000,0.605
804000,0.444,0.000,0.556
804500,0.451,0.000,0.549
805000,0.467,0.000,0.533
805500,0.367,0.000,0.633
806000,0.192,0.000,0.808
806500,0.298,0.000,0.702
807000,0.420,0.000,0.580
807500,0.296,0.000,0.704
808000,0.299,0.000,0.701
808500,0.367,0.000,0.633
809000,0.414,0.000,0.586
809500,0.324,0.000,0.676
810000,0.397,0.000,0.603
810500,0.527,0.000,0.473
811000,0.209,0.000,0.791
811500,0.364,0.000,0.636
812000,0.573,0.000,0.427
812500,0.447,0.000,0.553
813000,0.415,0.000,0.585
813500,0.308,0.000,0.692
814000,0.496,0.000,0.504
814500,0.509,0.000,0.491
815000,0.380,0.000,0.620
815500,0.422,0.000,0.578
816000,0.399,0.000,0.601
816500,0.289,0.000,0.711
817000,0.169,0.000,0.831
817500,0.361,0.000,0.639
818000,0.536,0.000,0.464
818500,0.377,0.000,0.623
819000,0.319,0.000,0.681
819500,0.526,0.000,0.474
820000,0.390,0.000,0.610
820500,0.445,0.000,0.555
821000,0.380,0.000,0.620
821500,0.244,0.000,0.756
822000,0.290,0.000,0.710
822500,0.332,0.000,0.668
823000,0.366,0.000,0.634
823500,0.338,0.000,0.662
824000,0.446,0.000,0.554
824500,0.483,0.000,0.517
825000,0.312,0.000,0.688
825500,0.387,0.000,0.613
826000,0.402,0.000,0.598
826500,0.306,0.000,0.694
827000,0.283,0.000,0.717
827500,0.364,0.000,0.636
828000,0.239,0.000,0.761
828500,0.381,0.000,0.619
829000,0.334,0.000,0.666
829500,0.378,0.000,0.622
830000,0.314,0.000,0.686
830500,0.382,0.000,0.618
831000,0.436,0.000,0.564
831500,0.396,0.000,0.604
832000,0.327,0.000,0.673
832500,0.491,0.000,0.509
833000,0.385,0.000,0.615
833500,0.508,0.000,0.492
834000,0.305,0.000,0.695
834500,0.291,0.000,0.709
835000,0.296,0.000,0.704
835500,0.265,0.000,0.735
836000,0.256,0.000,0.744
836500,0.348,0.000,0.652
837000,0.390,0.000,0.610
837500,0.404,0.000,0.596
838000,0.296,0.000,0.704
838500,0.352,0.000,0.648
839000,0.288,0.000,0.712
839500,0.239,0.000,0.761
840000,0.426,0.000,0.574
840500,0.335,0.000,0.665
841000,0.346,0.000,0.654
841500,0.369,0.000,0.631
842000,0.418,0.000,0.582
842500,0.547,0.000,0.453
843000,0.340,0.000,0.660
843500,0.267,0.000,0.733
844000,0.502,0.000,0.498
844500,0.439,0.000,0.561
845000,0.463,0.000,0.537
845500,0.342,0.000,0.658
846000,0.375,0.000,0.625
846500,0.402,0.000,0.598
847000,0.575,0.000,0.425
847500,0.420,0.000,0.580
848000,0.323,0.000,0.677
848500,0.354,0.000,0.646
849000,0.448,0.000,0.552
849500,0.429,0.000,0.571
850000,0.473,0.000,0.527
850500,0.255,0.000,0.745
851000,0.352,0.000,0.648
851500,0.385,0.000,0.615
852000,0.332,0.000,0.668
852500,0.354,0.000,0.646
853000,0.420,0.000,0.580
853500,0.347,0.000,0.653
854000,0.480,0.000,0.520
854500,0.536,0.000,0.464
855000,0.304,0.000,0.696
855500,0.455,0.000,0.545
856000,0.323,0.000,0.677
856500,0.424,0.000,0.576
857000,0.209,0.000,0.791
857500,0.253,0.000,0.747
858000,0.397,0.000,0.603
858500,0.446,0.000,0.554
859000,0.394,0.000,0.606
859500,0.353,0.000,0.647
860000,0.373,0.000,0.627
860500,0.367,0.000,0.633
861000,0.325,0.000,0.675
861500,0.300,0.000,0.700
862000,0.309,0.003,0.688
862500,0.291,0.000,0.709
863000,0.388,0.000,0.612
863500,0.398,0.000,0.602
864000,0.322,0.000,0.678
864500,0.371,0.000,0.629
865000,0.512,0.000,0.488
865500,0.346,0.000,0.654
866000,0.440,0.000,0.560
866500,0.322,0.000,0.678
867000,0.400,0.000,0.600
867500,0.426,0.000,0.574
868000,0.270,0.000,0.730
868500,0.411,0.000,0.589
869000,0.503,0.000,0.497
869500,0.352,0.000,0.648
870000,0.354,0.000,0.646
870500,0.413,0.000,0.587
871000,0.306,0.000,0.694
871500,0.416,0.000,0.584
872000,0.391,0.000,0.609
872500,0.445,0.000,0.555
873000,0.285,0.000,0.715
873500,0.299,0.000,0.701
874000,0.396,0.000,0.604
874500,0.301,0.000,0.699
875000,0.411,0.000,0.589
875500,0.421,0.000,0.579
876000,0.335,0.000,0.665
876500,0.225,0.000,0.775
877000,0.284,0.000,0.716
877500,0.400,0.000,0.600
878000,0.289,0.000,0.711
878500,0.673,0.000,0.327
879000,0.438,0.000,0.562
879500,0.375,0.000,0.625
880000,0.379,0.000,0.621
880500,0.344,0.000,0.656
881000,0.455,0.000,0.545
881500,0.371,0.000,0.629
882000,0.262,0.000,0.738
882500,0.280,0.000,0.720
883000,0.398,0.000,0.602
883500,0.559,0.000,0.441
884000,0.356,0.000,0.644
884500,0.382,0.000,0.618
885000,0.372,0.000,0.628
885500,0.495,0.000,0.505
886000,0.379,0.000,0.621
886500,0.355,0.000,0.645
887000,0.330,0.000,0.670
887500,0.328,0.000,0.672
888000,0.544,0.000,0.456
888500,0.455,0.000,0.545
889000,0.420,0.000,0.580
889500,0.503,0.000,0.497
890000,0.370,0.000,0.630
890500,0.483,0.000,0.517
891000,0.462,0.000,0.538
891500,0.252,0.000,0.748
892000,0.318,0.000,0.682
892500,0.305,0.000,0.695
893000,0.507,0.000,0.493
893500,0.300,0.000,0.700
894000,0.277,0.000,0.723
894500,0.312,0.000,0.688
895000,0.400,0.000,0.600
895500,0.349,0.000,0.651
896000,0.417,0.000,0.583
896500,0.449,0.000,0.551
897000,0.350,0.000,0.650
897500,0.367,0.000,0.633
898000,0.351,0.000,0.649
898500,0.393,0.000,0.607
899000,0.286,0.000,0.714
899500,0.416,0.000,0.584
900000,0.400,0.000,0.600
900500,0.454,0.000,0.546
901000,0.355,0.000,0.645
901500,0.360,0.000,0.640
902000,0.300,0.000,0.700
902500,0.319,0.000,0.681
903000,0.370,0.000,0.630
903500,0.561,0.000,0.439
904000,0.397,0.000,0.603
904500,0.253,0.000,0.747
905000,0.308,0.000,0.692
905500,0.322,0.000,0.678
906000,0.397,0.000,0.603
906500,0.446,0.000,0.554
907000,0.318,0.000,0.682
907500,0.413,0.000,0.587
908000,0.354,0.000,0.646
908500,0.368,0.000,0.632
909000,0.531,0.000,0.469
909500,0.506,0.000,0.494
910000,0.422,0.000,0.578
910500,0.375,0.000,0.625
911000,0.438,0.000,0.562
911500,0.447,0.000,0.553
912000,0.469,0.000,0.531
912500,0.451,0.000,0.549
913000,0.286,0.000,0.714
913500,0.375,0.000,0.625
914000,0.371,0.000,0.629
914500,0.442,0.000,0.558
915000,0.334,0.000,0.666
915500,0.424,0.000,0.576
916000,0.240,0.000,0.760
916500,0.429,0.000,0.571
917000,0.408,0.000,0.592
917500,0.539,0.000,0.461
918000,0.500,0.000,0.500
918500,0.304,0.000,0.696
919000,0.354,0.000,0.646
919500,0.523,0.000,0.477
920000,0.276,0.000,0.724
920500,0.416,0.000,0.584
921000,0.382,0.000,0.618
921500,0.371,0.000,0.629
922000,0.366,0.000,0.634
922500,0.477,0.000,0.523
923000,0.330,0.000,0.670
923500,0.476,0.000,0.524
924000,0.657,0.000,0.343
924500,0.316,0.000,0.684
925000,0.396,0.000,0.604
925500,0.534,0.000,0.466
926000,0.480,0.000,0.520
926500,0.476,0.000,0.524
927000,0.393,0.000,0.607
927500,0.489,0.000,0.511
928000,0.440,0.000,0.560
928500,0.324,0.000,0.676
929000,0.459,0.000,0.541
929500,0.395,0.000,0.605
930000,0.444,0.000,0.556
930500,0.393,0.000,0.607
931000,0.280,0.000,0.720
931500,0.425,0.000,0.575
932000,0.298,0.000,0.702
932500,0.404,0.000,0.596
933000,0.303,0.000,0.697
933500,0.334,0.000,0.666
934000,0.281,0.000,0.719
934500,0.437,0.000,0.563
935000,0.245,0.000,0.755
935500,0.339,0.000,0.661
936000,0.234,0.000,0.766
936500,0.307,0.000,0.693
937000,0.359,0.000,0.641
937500,0.510,0.000,0.490
938000,0.417,0.000,0.583
938500,0.333,0.000,0.667
939000,0.428,0.000,0.572
939500,0.397,0.000,0.603
940000,0.553,0.000,0.447
940500,0.241,0.000,0.759
941000,0.317,0.000,0.683
941500,0.395,0.000,0.605
942000,0.183,0.000,0.817
942500,0.287,0.000,0.713
943000,0.465,0.000,0.535
943500,0.249,0.000,0.751
944000,0.478,0.000,0.522
944500,0.476,0.000,0.524
945000,0.406,0.000,0.594
945500,0.354,0.000,0.646
946000,0.320,0.000,0.680
946500,0.405,0.000,0.595
947000,0.202,0.000,0.798
947500,0.476,0.000,0.524
948000,0.351,0.000,0.649
948500,0.328,0.000,0.672
949000,0.535,0.000,0.465
949500,0.267,0.000,0.733
950000,0.321,0.000,0.679
950500,0.306,0.000,0.694
951000,0.552,0.000,0.448
951500,0.395,0.000,0.605
952000,0.425,0.000,0.575
952500,0.330,0.000,0.670
953000,0.477,0.000,0.523
953500,0.245,0.000,0.755
954000,0.344,0.000,0.656
954500,0.351,0.000,0.649
955000,0.582,0.000,0.418
955500,0.423,0.000,0.577
956000,0.284,0.000,0.716
956500,0.332,0.000,0.668
957000,0.509,0.000,0.491
957500,0.437,0.000,0.563
958000,0.431,0.000,0.569
958500,0.343,0.000,0.657
959000,0.462,0.000,0.538
959500,0.323,0.000,0.677
960000,0.402,0.000,0.598
960500,0.456,0.000,0.544
961000,0.396,0.000,0.604
961500,0.383,0.000,0.617
962000,0.244,0.000,0.756
962500,0.444,0.000,0.556
963000,0.359,0.000,0.641
963500,0.368,0.000,0.632
964000,0.329,0.000,0.671
964500,0.291,0.000,0.709
965000,0.299,0.000,0.701
965500,0.415,0.000,0.585
966000,0.380,0.000,0.620
966500,0.343,0.000,0.657
967000,0.402,0.000,0.598
967500,0.350,0.000,0.650
968000,0.290,0.000,0.710
968500,0.389,0.000,0.611
969000,0.361,0.000,0.639
969500,0.450,0.000,0.550
970000,0.284,0.000,0.716
970500,0.205,0.000,0.795
971000,0.393,0.000,0.607
971500,0.405,0.000,0.595
972000,0.321,0.000,0.679
972500,0.490,0.000,0.510
973000,0.365,0.000,0.635
973500,0.347,0.000,0.653
974000,0.494,0.000,0.506
974500,0.445,0.000,0.555
975000,0.361,0.000,0.639
975500,0.305,0.000,0.695
976000,0.251,0.000,0.749
976500,0.398,0.000,0.602
977000,0.280,0.000,0.720
977500,0.582,0.000,0.418
978000,0.254,0.000,0.746
978500,0.609,0.000,0.391
979000,0.517,0.000,0.483
979500,0.401,0.000,0.599
980000,0.260,0.000,0.740
980500,0.324,0.000,0.676
981000,0.358,0.000,0.642
981500,0.371,0.000,0.629
982000,0.378,0.000,0.622
982500,0.428,0.000,0.572
983000,0.319,0.000,0.681
983500,0.396,0.000,0.604
984000,0.270,0.000,0.730
984500,0.328,0.000,0.672
985000,0.298,0.000,0.702
985500,0.235,0.000,0.765
986000,0.386,0.000,0.614
986500,0.480,0.000,0.520
987000,0.354,0.000,0.646
987500,0.353,0.000,0.647
988000,0.276,0.000,0.724
988500,0.239,0.000,0.761
989000,0.339,0.000,0.661
989500,0.316,0.000,0.684
990000,0.353,0.000,0.647
990500,0.354,0.000,0.646
991000,0.371,0.000,0.629
991500,0.312,0.000,0.688
992000,0.366,0.000,0.634
992500,0.248,0.000,0.752
993000,0.421,0.000,0.579
993500,0.319,0.000,0.681
994000,0.474,0.000,0.526
994500,0.422,0.000,0.578
995000,0.402,0.000,0.598
995500,0.480,0.000,0.520
996000,0.325,0.000,0.675
996500,0.271,0.000,0.729
997000,0.437,0.000,0.563
997500,0.276,0.000,0.724
998000,0.320,0.000,0.680
998500,0.333,0.000,0.667
999000,0.384,0.000,0.616
999500,0.305,0.000,0.695
1000000,0.439,0.000,0.561
