time,n_A+p,n_B,n_AB
500,0.030,0.768,0.202
1000,0.030,0.390,0.580
1500,0.030,0.454,0.516
2000,0.030,0.465,0.505
2500,0.030,0.476,0.494
3000,0.030,0.435,0.535
3500,0.030,0.339,0.631
4000,0.030,0.465,0.505
4500,0.030,0.540,0.430
5000,0.030,0.492,0.478
5500,0.030,0.496,0.474
6000,0.030,0.440,0.530
6500,0.030,0.548,0.422
7000,0.030,0.506,0.464
7500,0.030,0.354,0.616
8000,0.030,0.449,0.521
8500,0.030,0.419,0.551
9000,0.030,0.429,0.541
9500,0.030,0.463,0.507
10000,0.038,0.346,0.616
10500,0.030,0.390,0.580
11000,0.030,0.351,0.619
11500,0.030,0.442,0.528
12000,0.030,0.348,0.622
12500,0.030,0.389,0.581
13000,0.030,0.372,0.598
13500,0.030,0.424,0.546
14000,0.030,0.350,0.620
14500,0.030,0.566,0.404
15000,0.030,0.406,0.564
15500,0.030,0.521,0.449
16000,0.030,0.355,0.615
16500,0.031,0.303,0.666
17000,0.030,0.471,0.499
17500,0.030,0.413,0.557
18000,0.030,0.483,0.487
18500,0.030,0.363,0.607
19000,0.030,0.369,0.601
19500,0.030,0.286,0.684
20000,0.030,0.355,0.615
20500,0.030,0.351,0.619
21000,0.030,0.416,0.554
21500,0.030,0.497,0.473
22000,0.030,0.319,0.651
22500,0.030,0.434,0.536
23000,0.030,0.564,0.406
23500,0.030,0.464,0.506
24000,0.030,0.415,0.555
24500,0.030,0.506,0.464
25000,0.030,0.430,0.540
25500,0.030,0.421,0.549
26000,0.030,0.469,0.501
26500,0.030,0.391,0.579
27000,0.030,0.483,0.487
27500,0.030,0.499,0.471
28000,0.030,0.485,0.485
28500,0.030,0.442,0.528
29000,0.030,0.367,0.603
29500,0.030,0.436,0.534
30000,0.030,0.353,0.617
30500,0.030,0.490,0.480
31000,0.030,0.390,0.580
31500,0.030,0.474,0.496
32000,0.030,0.457,0.513
32500,0.030,0.375,0.595
33000,0.030,0.370,0.600
33500,0.030,0.434,0.536
34000,0.030,0.549,0.421
34500,0.030,0.468,0.502
35000,0.030,0.372,0.598
35500,0.030,0.367,0.603
36000,0.030,0.438,0.532
36500,0.030,0.508,0.462
37000,0.030,0.456,0.514
37500,0.030,0.403,0.567
38000,0.030,0.563,0.407
38500,0.030,0.479,0.491
39000,0.030,0.465,0.505
39500,0.034,0.366,0.600
40000,0.030,0.303,0.667
40500,0.030,0.371,0.599
41000,0.030,0.512,0.458
41500,0.030,0.363,0.607
42000,0.030,0.534,0.436
42500,0.030,0.311,0.659
43000,0.030,0.443,0.527
43500,0.030,0.342,0.628
44000,0.030,0.446,0.524
44500,0.030,0.499,0.471
45000,0.030,0.285,0.685
45500,0.030,0.381,0.589
46000,0.030,0.451,0.519
46500,0.030,0.324,0.646
47000,0.030,0.507,0.463
47500,0.030,0.461,0.509
48000,0.030,0.432,0.538
48500,0.030,0.463,0.507
49000,0.030,0.377,0.593
49500,0.041,0.299,0.660
50000,0.030,0.439,0.531
50500,0.030,0.351,0.619
51000,0.030,0.400,0.570
51500,0.030,0.476,0.494
52000,0.030,0.281,0.689
52500,0.030,0.420,0.550
53000,0.030,0.434,0.536
53500,0.038,0.285,0.677
54000,0.030,0.357,0.613
54500,0.030,0.478,0.492
55000,0.030,0.389,0.581
55500,0.030,0.419,0.551
56000,0.030,0.524,0.446
56500,0.030,0.460,0.510
57000,0.030,0.443,0.527
57500,0.030,0.357,0.613
58000,0.030,0.416,0.554
58500,0.030,0.346,0.624
59000,0.030,0.457,0.513
59500,0.030,0.463,0.507
60000,0.030,0.475,0.495
60500,0.030,0.307,0.663
61000,0.030,0.466,0.504
61500,0.030,0.465,0.505
62000,0.030,0.458,0.512
62500,0.030,0.399,0.571
63000,0.030,0.439,0.531
63500,0.030,0.607,0.363
64000,0.030,0.416,0.554
64500,0.030,0.368,0.602
65000,0.030,0.436,0.534
65500,0.030,0.454,0.516
66000,0.030,0.302,0.668
66500,0.030,0.482,0.488
67000,0.030,0.519,0.451
67500,0.030,0.414,0.556
68000,0.030,0.437,0.533
68500,0.030,0.492,0.478
69000,0.030,0.401,0.569
69500,0.030,0.522,0.448
70000,0.030,0.428,0.542
70500,0.030,0.370,0.600
71000,0.030,0.508,0.462
71500,0.030,0.461,0.509
72000,0.030,0.383,0.587
72500,0.030,0.435,0.535
73000,0.030,0.386,0.584
73500,0.038,0.359,0.603
74000,0.030,0.339,0.631
74500,0.030,0.449,0.521
75000,0.030,0.464,0.506
75500,0.030,0.521,0.449
76000,0.030,0.443,0.527
76500,0.030,0.408,0.562
77000,0.030,0.474,0.496
77500,0.030,0.458,0.512
78000,0.030,0.476,0.494
78500,0.030,0.329,0.641
79000,0.030,0.471,0.499
79500,0.030,0.350,0.620
80000,0.032,0.367,0.601
80500,0.030,0.428,0.542
81000,0.030,0.405,0.565
81500,0.030,0.512,0.458
82000,0.030,0.467,0.503
82500,0.030,0.478,0.492
83000,0.030,0.355,0.615
83500,0.030,0.336,0.634
84000,0.030,0.394,0.576
84500,0.030,0.446,0.524
85000,0.030,0.492,0.478
85500,0.030,0.556,0.414
86000,0.030,0.441,0.529
86500,0.030,0.463,0.507
87000,0.030,0.367,0.603
87500,0.030,0.433,0.537
88000,0.030,0.319,0.651
88500,0.030,0.323,0.647
89000,0.030,0.410,0.560
89500,0.030,0.342,0.628
90000,0.030,0.380,0.590
90500,0.030,0.472,0.498
91000,0.030,0.470,0.500
91500,0.030,0.316,0.654
92000,0.030,0.384,0.586
92500,0.030,0.326,0.644
93000,0.030,0.504,0.466
93500,0.030,0.475,0.495
94000,0.030,0.450,0.520
94500,0.030,0.347,0.623
95000,0.030,0.480,0.490
95500,0.030,0.425,0.545
96000,0.030,0.489,0.481
96500,0.030,0.395,0.575
97000,0.030,0.369,0.601
97500,0.030,0.378,0.592
98000,0.030,0.358,0.612
98500,0.030,0.489,0.481
99000,0.030,0.410,0.560
99500,0.030,0.451,0.519
100000,0.030,0.348,0.622
100500,0.030,0.431,0.539
101000,0.030,0.308,0.662
101500,0.030,0.360,0.610
102000,0.030,0.468,0.502
102500,0.030,0.533,0.437
103000,0.030,0.495,0.475
103500,0.030,0.443,0.527
104000,0.030,0.359,0.611
104500,0.030,0.454,0.516
105000,0.030,0.411,0.559
105500,0.030,0.407,0.563
106000,0.030,0.383,0.587
106500,0.030,0.447,0.523
107000,0.030,0.450,0.520
107500,0.030,0.442,0.528
108000,0.030,0.315,0.655
108500,0.030,0.374,0.596
109000,0.030,0.341,0.629
109500,0.030,0.466,0.504
110000,0.030,0.406,0.564
110500,0.030,0.469,0.501
111000,0.030,0.436,0.534
111500,0.030,0.473,0.497
112000,0.030,0.424,0.546
112500,0.030,0.388,0.582
113000,0.033,0.385,0.582
113500,0.030,0.412,0.558
114000,0.037,0.279,0.684
114500,0.030,0.403,0.567
115000,0.030,0.541,0.429
115500,0.030,0.416,0.554
116000,0.030,0.441,0.529
116500,0.030,0.528,0.442
117000,0.030,0.445,0.525
117500,0.032,0.370,0.598
118000,0.030,0.409,0.561
118500,0.030,0.301,0.669
119000,0.030,0.365,0.605
119500,0.030,0.430,0.540
120000,0.030,0.519,0.451
120500,0.030,0.430,0.540
121000,0.030,0.431,0.539
121500,0.030,0.430,0.540
122000,0.030,0.504,0.466
122500,0.030,0.431,0.539
123000,0.030,0.391,0.579
123500,0.030,0.452,0.518
124000,0.030,0.491,0.479
124500,0.030,0.360,0.610
125000,0.030,0.439,0.531
125500,0.030,0.455,0.515
126000,0.030,0.351,0.619
126500,0.030,0.362,0.608
127000,0.030,0.502,0.468
127500,0.030,0.504,0.466
128000,0.030,0.458,0.512
128500,0.030,0.396,0.574
129000,0.030,0.422,0.548
129500,0.032,0.486,0.482
130000,0.030,0.418,0.552
130500,0.030,0.378,0.592
131000,0.030,0.452,0.518
131500,0.030,0.490,0.480
132000,0.030,0.395,0.575
132500,0.030,0.359,0.611
133000,0.031,0.381,0.588
133500,0.030,0.384,0.586
134000,0.030,0.442,0.528
134500,0.030,0.365,0.605
135000,0.030,0.413,0.557
135500,0.030,0.440,0.530
136000,0.033,0.415,0.552
136500,0.030,0.324,0.646
137000,0.033,0.370,0.597
137500,0.031,0.350,0.619
138000,0.030,0.511,0.459
138500,0.034,0.377,0.589
139000,0.030,0.390,0.580
139500,0.030,0.420,0.550
140000,0.030,0.470,0.500
140500,0.030,0.420,0.550
141000,0.030,0.360,0.610
141500,0.030,0.351,0.619
142000,0.030,0.480,0.490
142500,0.030,0.338,0.632
143000,0.030,0.395,0.575
143500,0.030,0.325,0.645
144000,0.030,0.446,0.524
144500,0.030,0.424,0.546
145000,0.030,0.536,0.434
145500,0.030,0.576,0.394
146000,0.030,0.386,0.584
146500,0.030,0.363,0.607
147000,0.031,0.342,0.627
147500,0.030,0.492,0.478
148000,0.030,0.461,0.509
148500,0.030,0.429,0.541
149000,0.030,0.536,0.434
149500,0.030,0.530,0.440
150000,0.030,0.493,0.477
150500,0.030,0.506,0.464
151000,0.030,0.451,0.519
151500,0.030,0.401,0.569
152000,0.030,0.473,0.497
152500,0.030,0.367,0.603
153000,0.030,0.409,0.561
153500,0.030,0.436,0.534
154000,0.030,0.438,0.532
154500,0.030,0.298,0.672
155000,0.030,0.416,0.554
155500,0.030,0.356,0.614
156000,0.030,0.420,0.550
156500,0.030,0.488,0.482
157000,0.030,0.369,0.601
157500,0.030,0.447,0.523
158000,0.034,0.315,0.651
158500,0.034,0.309,0.657
159000,0.030,0.446,0.524
159500,0.030,0.487,0.483
160000,0.030,0.506,0.464
160500,0.030,0.528,0.442
161000,0.030,0.279,0.691
161500,0.030,0.337,0.633
162000,0.030,0.421,0.549
162500,0.030,0.385,0.585
163000,0.030,0.347,0.623
163500,0.047,0.400,0.553
164000,0.030,0.303,0.667
164500,0.030,0.379,0.591
165000,0.030,0.559,0.411
165500,0.030,0.396,0.574
166000,0.030,0.289,0.681
166500,0.030,0.361,0.609
167000,0.030,0.341,0.629
167500,0.030,0.340,0.630
168000,0.030,0.477,0.493
168500,0.030,0.356,0.614
169000,0.033,0.331,0.636
169500,0.030,0.487,0.483
170000,0.030,0.515,0.455
170500,0.030,0.501,0.469
171000,0.030,0.558,0.412
171500,0.030,0.351,0.619
172000,0.030,0.355,0.615
172500,0.044,0.440,0.516
173000,0.030,0.560,0.410
173500,0.030,0.380,0.590
174000,0.030,0.439,0.531
174500,0.030,0.546,0.424
175000,0.030,0.422,0.548
175500,0.030,0.402,0.568
176000,0.030,0.370,0.600
176500,0.030,0.412,0.558
177000,0.030,0.425,0.545
177500,0.030,0.327,0.643
178000,0.030,0.376,0.594
178500,0.030,0.405,0.565
179000,0.030,0.437,0.533
179500,0.030,0.432,0.538
180000,0.030,0.549,0.421
180500,0.030,0.514,0.456
181000,0.030,0.454,0.516
181500,0.030,0.382,0.588
182000,0.030,0.430,0.540
182500,0.030,0.329,0.641
183000,0.030,0.313,0.657
183500,0.030,0.365,0.605
184000,0.030,0.321,0.649
184500,0.030,0.312,0.658
185000,0.030,0.378,0.592
185500,0.030,0.397,0.573
186000,0.030,0.352,0.618
186500,0.030,0.498,0.472
187000,0.030,0.419,0.551
187500,0.030,0.412,0.558
188000,0.030,0.391,0.579
188500,0.030,0.518,0.452
189000,0.030,0.382,0.588
189500,0.030,0.420,0.550
190000,0.030,0.499,0.471
190500,0.030,0.405,0.565
191000,0.030,0.336,0.634
191500,0.030,0.341,0.629
192000,0.030,0.474,0.496
192500,0.030,0.401,0.569
193000,0.030,0.487,0.483
193500,0.030,0.415,0.555
194000,0.030,0.496,0.474
194500,0.030,0.402,0.568
195000,0.030,0.440,0.530
195500,0.030,0.475,0.495
196000,0.030,0.395,0.575
196500,0.030,0.374,0.596
197000,0.030,0.434,0.536
197500,0.030,0.466,0.504
198000,0.030,0.373,0.597
198500,0.030,0.509,0.461
199000,0.030,0.460,0.510
199500,0.030,0.449,0.521
200000,0.030,0.364,0.606
200500,0.030,0.385,0.585
201000,0.030,0.322,0.648
201500,0.030,0.454,0.516
202000,0.030,0.499,0.471
202500,0.030,0.456,0.514
203000,0.030,0.448,0.522
203500,0.030,0.491,0.479
204000,0.030,0.427,0.543
204500,0.030,0.438,0.532
205000,0.030,0.500,0.470
205500,0.030,0.444,0.526
206000,0.030,0.400,0.570
206500,0.030,0.403,0.567
207000,0.030,0.372,0.598
207500,0.030,0.463,0.507
208000,0.030,0.460,0.510
208500,0.030,0.422,0.548
209000,0.030,0.518,0.452
209500,0.030,0.306,0.664
210000,0.030,0.400,0.570
210500,0.032,0.373,0.595
211000,0.030,0.438,0.532
211500,0.030,0.344,0.626
212000,0.030,0.338,0.632
212500,0.030,0.419,0.551
213000,0.030,0.476,0.494
213500,0.030,0.371,0.599
214000,0.030,0.393,0.577
214500,0.030,0.522,0.448
215000,0.030,0.459,0.511
215500,0.030,0.302,0.668
216000,0.030,0.526,0.444
216500,0.030,0.452,0.518
217000,0.030,0.454,0.516
217500,0.030,0.393,0.577
218000,0.030,0.435,0.535
218500,0.030,0.342,0.628
219000,0.030,0.363,0.607
219500,0.030,0.477,0.493
220000,0.030,0.397,0.573
220500,0.030,0.334,0.636
221000,0.030,0.386,0.584
221500,0.030,0.492,0.478
222000,0.030,0.451,0.519
222500,0.030,0.442,0.528
223000,0.030,0.532,0.438
223500,0.030,0.450,0.520
224000,0.030,0.410,0.560
224500,0.030,0.464,0.506
225000,0.030,0.343,0.627
225500,0.030,0.429,0.541
226000,0.042,0.424,0.534
226500,0.030,0.439,0.531
227000,0.030,0.476,0.494
227500,0.030,0.358,0.612
228000,0.030,0.404,0.566
228500,0.030,0.457,0.513
229000,0.030,0.371,0.599
229500,0.030,0.545,0.425
230000,0.030,0.573,0.397
230500,0.030,0.398,0.572
231000,0.030,0.508,0.462
231500,0.030,0.396,0.574
232000,0.030,0.387,0.583
232500,0.030,0.387,0.583
233000,0.030,0.413,0.557
233500,0.030,0.295,0.675
234000,0.030,0.288,0.682
234500,0.030,0.495,0.475
235000,0.030,0.406,0.564
235500,0.030,0.463,0.507
236000,0.030,0.403,0.567
236500,0.030,0.393,0.577
237000,0.030,0.452,0.518
237500,0.030,0.414,0.556
238000,0.030,0.483,0.487
238500,0.030,0.631,0.339
239000,0.030,0.435,0.535
239500,0.030,0.396,0.574
240000,0.030,0.514,0.456
240500,0.030,0.488,0.482
241000,0.030,0.510,0.460
241500,0.030,0.486,0.484
242000,0.030,0.422,0.548
242500,0.030,0.340,0.630
243000,0.030,0.496,0.474
243500,0.030,0.494,0.476
244000,0.030,0.423,0.547
244500,0.030,0.384,0.586
245000,0.030,0.407,0.563
245500,0.030,0.537,0.433
246000,0.030,0.412,0.558
246500,0.030,0.530,0.440
247000,0.030,0.376,0.594
247500,0.037,0.287,0.676
248000,0.030,0.422,0.548
248500,0.030,0.518,0.452
249000,0.030,0.451,0.519
249500,0.030,0.426,0.544
250000,0.030,0.454,0.516
250500,0.030,0.510,0.460
251000,0.030,0.403,0.567
251500,0.030,0.333,0.637
252000,0.030,0.423,0.547
252500,0.030,0.381,0.589
253000,0.030,0.423,0.547
253500,0.030,0.477,0.493
254000,0.030,0.385,0.585
254500,0.030,0.492,0.478
255000,0.030,0.451,0.519
255500,0.030,0.419,0.551
256000,0.030,0.340,0.630
256500,0.030,0.366,0.604
257000,0.030,0.467,0.503
257500,0.030,0.445,0.525
258000,0.030,0.401,0.569
258500,0.030,0.411,0.559
259000,0.030,0.354,0.616
259500,0.030,0.413,0.557
260000,0.030,0.484,0.486
260500,0.030,0.363,0.607
261000,0.030,0.348,0.622
261500,0.030,0.346,0.624
262000,0.030,0.500,0.470
262500,0.030,0.434,0.536
263000,0.030,0.435,0.535
263500,0.030,0.386,0.584
264000,0.030,0.318,0.652
264500,0.030,0.343,0.627
265000,0.030,0.389,0.581
265500,0.030,0.431,0.539
266000,0.030,0.415,0.555
266500,0.030,0.342,0.628
267000,0.030,0.464,0.506
267500,0.030,0.527,0.443
268000,0.030,0.366,0.604
268500,0.030,0.551,0.419
269000,0.030,0.504,0.466
269500,0.030,0.476,0.494
270000,0.030,0.377,0.593
270500,0.030,0.467,0.503
271000,0.030,0.419,0.551
271500,0.030,0.448,0.522
272000,0.030,0.476,0.494
272500,0.030,0.412,0.558
273000,0.030,0.427,0.543
273500,0.030,0.323,0.647
274000,0.030,0.471,0.499
274500,0.030,0.432,0.538
275000,0.030,0.513,0.457
275500,0.030,0.552,0.418
276000,0.030,0.437,0.533
276500,0.030,0.454,0.516
277000,0.030,0.451,0.519
277500,0.030,0.352,0.618
278000,0.030,0.352,0.618
278500,0.030,0.404,0.566
279000,0.030,0.414,0.556
279500,0.030,0.336,0.634
280000,0.030,0.480,0.490
280500,0.030,0.365,0.605
281000,0.030,0.381,0.589
281500,0.030,0.420,0.550
282000,0.030,0.511,0.459
282500,0.030,0.416,0.554
283000,0.030,0.362,0.608
283500,0.030,0.394,0.576
284000,0.030,0.393,0.577
284500,0.030,0.392,0.578
285000,0.030,0.477,0.493
285500,0.030,0.465,0.505
286000,0.030,0.409,0.561
286500,0.030,0.374,0.596
287000,0.030,0.518,0.452
287500,0.030,0.417,0.553
288000,0.030,0.477,0.493
288500,0.030,0.459,0.511
289000,0.042,0.327,0.631
289500,0.032,0.364,0.604
290000,0.030,0.436,0.534
290500,0.030,0.477,0.493
291000,0.030,0.409,0.561
291500,0.031,0.492,0.477
292000,0.030,0.460,0.510
292500,0.030,0.416,0.554
293000,0.030,0.355,0.615
293500,0.030,0.446,0.524
294000,0.030,0.418,0.552
294500,0.030,0.447,0.523
295000,0.030,0.486,0.484
295500,0.030,0.376,0.594
296000,0.030,0.373,0.597
296500,0.030,0.443,0.527
297000,0.030,0.445,0.525
297500,0.030,0.374,0.596
298000,0.030,0.427,0.543
298500,0.030,0.484,0.486
299000,0.030,0.326,0.644
299500,0.033,0.376,0.591
300000,0.030,0.483,0.487
300500,0.030,0.592,0.378
301000,0.030,0.531,0.439
301500,0.030,0.391,0.579
302000,0.030,0.452,0.518
302500,0.030,0.276,0.694
303000,0.030,0.436,0.534
303500,0.030,0.502,0.468
304000,0.030,0.458,0.512
304500,0.030,0.380,0.590
305000,0.030,0.321,0.649
305500,0.030,0.470,0.500
306000,0.030,0.463,0.507
306500,0.030,0.397,0.573
307000,0.030,0.431,0.539
307500,0.030,0.423,0.547
308000,0.030,0.507,0.463
308500,0.030,0.351,0.619
309000,0.030,0.420,0.550
309500,0.030,0.437,0.533
310000,0.030,0.339,0.631
310500,0.037,0.327,0.636
311000,0.031,0.513,0.456
311500,0.030,0.413,0.557
312000,0.030,0.493,0.477
312500,0.032,0.375,0.593
313000,0.030,0.410,0.560
313500,0.030,0.336,0.634
314000,0.030,0.461,0.509
314500,0.030,0.400,0.570
315000,0.030,0.405,0.565
315500,0.030,0.447,0.523
316000,0.030,0.390,0.580
316500,0.030,0.369,0.601
317000,0.030,0.461,0.509
317500,0.030,0.483,0.487
318000,0.030,0.397,0.573
318500,0.030,0.333,0.637
319000,0.030,0.508,0.462
319500,0.030,0.516,0.454
320000,0.030,0.388,0.582
320500,0.030,0.425,0.545
321000,0.030,0.321,0.649
321500,0.030,0.465,0.505
322000,0.030,0.428,0.542
322500,0.030,0.495,0.475
323000,0.030,0.452,0.518
323500,0.030,0.428,0.542
324000,0.030,0.446,0.524
324500,0.030,0.294,0.676
325000,0.030,0.371,0.599
325500,0.030,0.520,0.450
326000,0.030,0.464,0.506
326500,0.030,0.461,0.509
327000,0.030,0.498,0.472
327500,0.030,0.325,0.645
328000,0.030,0.411,0.559
328500,0.030,0.466,0.504
329000,0.030,0.361,0.609
329500,0.030,0.520,0.450
330000,0.030,0.606,0.364
330500,0.030,0.422,0.548
331000,0.042,0.328,0.630
331500,0.030,0.364,0.606
332000,0.030,0.398,0.572
332500,0.030,0.387,0.583
333000,0.030,0.363,0.607
333500,0.030,0.335,0.635
334000,0.030,0.396,0.574
334500,0.030,0.397,0.573
335000,0.030,0.336,0.634
335500,0.030,0.443,0.527
336000,0.030,0.410,0.560
336500,0.030,0.473,0.497
337000,0.030,0.357,0.613
337500,0.030,0.475,0.495
338000,0.030,0.518,0.452
338500,0.030,0.448,0.522
339000,0.030,0.462,0.508
339500,0.030,0.388,0.582
340000,0.030,0.430,0.540
340500,0.030,0.346,0.624
341000,0.030,0.440,0.530
341500,0.030,0.397,0.573
342000,0.030,0.432,0.538
342500,0.030,0.458,0.512
343000,0.036,0.378,0.586
343500,0.030,0.409,0.561
344000,0.030,0.382,0.588
344500,0.030,0.471,0.499
345000,0.030,0.437,0.533
345500,0.030,0.459,0.511
346000,0.030,0.362,0.608
346500,0.030,0.452,0.518
347000,0.030,0.427,0.543
347500,0.030,0.421,0.549
348000,0.030,0.396,0.574
348500,0.030,0.426,0.544
349000,0.034,0.348,0.618
349500,0.030,0.456,0.514
350000,0.030,0.471,0.499
350500,0.030,0.419,0.551
351000,0.030,0.438,0.532
351500,0.030,0.541,0.429
352000,0.030,0.400,0.570
352500,0.030,0.395,0.575
353000,0.030,0.407,0.563
353500,0.030,0.462,0.508
354000,0.030,0.397,0.573
354500,0.030,0.348,0.622
355000,0.030,0.455,0.515
355500,0.034,0.367,0.599
356000,0.039,0.348,0.613
356500,0.030,0.470,0.500
357000,0.030,0.496,0.474
357500,0.030,0.576,0.394
358000,0.030,0.494,0.476
358500,0.030,0.537,0.433
359000,0.030,0.426,0.544
359500,0.030,0.379,0.591
360000,0.030,0.504,0.466
360500,0.030,0.418,0.552
361000,0.032,0.302,0.666
361500,0.030,0.422,0.548
362000,0.030,0.440,0.530
362500,0.030,0.361,0.609
363000,0.030,0.308,0.662
363500,0.030,0.331,0.639
364000,0.030,0.405,0.565
364500,0.030,0.366,0.604
365000,0.030,0.390,0.580
365500,0.030,0.391,0.579
366000,0.030,0.431,0.539
366500,0.030,0.478,0.492
367000,0.030,0.495,0.475
367500,0.030,0.717,0.253
368000,0.030,0.455,0.515
368500,0.030,0.359,0.611
369000,0.030,0.448,0.522
369500,0.030,0.404,0.566
370000,0.030,0.469,0.501
370500,0.030,0.452,0.518
371000,0.030,0.410,0.560
371500,0.030,0.378,0.592
372000,0.030,0.570,0.400
372500,0.030,0.530,0.440
373000,0.032,0.334,0.634
373500,0.030,0.434,0.536
374000,0.030,0.334,0.636
374500,0.030,0.432,0.538
375000,0.030,0.432,0.538
375500,0.030,0.352,0.618
376000,0.032,0.324,0.644
376500,0.030,0.258,0.712
377000,0.030,0.333,0.637
377500,0.030,0.445,0.525
378000,0.030,0.355,0.615
378500,0.030,0.351,0.619
379000,0.030,0.443,0.527
379500,0.030,0.467,0.503
380000,0.030,0.444,0.526
380500,0.030,0.435,0.535
381000,0.030,0.365,0.605
381500,0.030,0.389,0.581
382000,0.030,0.296,0.674
382500,0.030,0.481,0.489
383000,0.030,0.513,0.457
383500,0.030,0.474,0.496
384000,0.030,0.406,0.564
384500,0.030,0.373,0.597
385000,0.030,0.400,0.570
385500,0.030,0.393,0.577
386000,0.030,0.321,0.649
386500,0.030,0.383,0.587
387000,0.030,0.433,0.537
387500,0.030,0.448,0.522
388000,0.030,0.431,0.539
388500,0.030,0.427,0.543
389000,0.030,0.383,0.587
389500,0.030,0.502,0.468
390000,0.030,0.442,0.528
390500,0.030,0.404,0.566
391000,0.030,0.392,0.578
391500,0.030,0.407,0.563
392000,0.030,0.452,0.518
392500,0.030,0.404,0.566
393000,0.030,0.398,0.572
393500,0.030,0.496,0.474
394000,0.030,0.472,0.498
394500,0.030,0.447,0.523
395000,0.030,0.548,0.422
395500,0.030,0.440,0.530
396000,0.030,0.518,0.452
396500,0.030,0.527,0.443
397000,0.030,0.493,0.477
397500,0.030,0.397,0.573
398000,0.030,0.395,0.575
398500,0.030,0.315,0.655
399000,0.030,0.441,0.529
399500,0.030,0.410,0.560
400000,0.030,0.427,0.543
400500,0.030,0.432,0.538
401000,0.030,0.425,0.545
401500,0.030,0.471,0.499
402000,0.030,0.374,0.596
402500,0.030,0.369,0.601
403000,0.030,0.422,0.548
403500,0.030,0.375,0.595
404000,0.030,0.352,0.618
404500,0.034,0.364,0.602
405000,0.030,0.361,0.609
405500,0.030,0.329,0.641
406000,0.030,0.389,0.581
406500,0.030,0.418,0.552
407000,0.030,0.426,0.544
407500,0.030,0.503,0.467
408000,0.030,0.522,0.448
408500,0.033,0.377,0.590
409000,0.030,0.402,0.568
409500,0.030,0.378,0.592
410000,0.030,0.442,0.528
410500,0.030,0.474,0.496
411000,0.030,0.389,0.581
411500,0.030,0.349,0.621
412000,0.030,0.511,0.459
412500,0.030,0.439,0.531
413000,0.030,0.371,0.599
413500,0.030,0.415,0.555
414000,0.030,0.388,0.582
414500,0.030,0.330,0.640
415000,0.030,0.409,0.561
415500,0.030,0.421,0.549
416000,0.030,0.462,0.508
416500,0.030,0.517,0.453
417000,0.030,0.397,0.573
417500,0.030,0.388,0.582
418000,0.030,0.344,0.626
418500,0.030,0.418,0.552
419000,0.030,0.485,0.485
419500,0.030,0.445,0.525
420000,0.030,0.364,0.606
420500,0.030,0.427,0.543
421000,0.030,0.334,0.636
421500,0.030,0.390,0.580
422000,0.030,0.536,0.434
422500,0.030,0.454,0.516
423000,0.030,0.671,0.299
423500,0.030,0.586,0.384
424000,0.030,0.394,0.576
424500,0.030,0.370,0.600
425000,0.030,0.490,0.480
425500,0.030,0.394,0.576
426000,0.030,0.426,0.544
426500,0.030,0.401,0.569
427000,0.030,0.540,0.430
427500,0.030,0.522,0.448
428000,0.030,0.544,0.426
428500,0.030,0.294,0.676
429000,0.030,0.411,0.559
429500,0.030,0.303,0.667
430000,0.030,0.369,0.601
430500,0.030,0.381,0.589
431000,0.030,0.396,0.574
431500,0.030,0.423,0.547
432000,0.030,0.418,0.552
432500,0.038,0.283,0.679
433000,0.030,0.479,0.491
433500,0.030,0.527,0.443
434000,0.030,0.387,0.583
434500,0.030,0.425,0.545
435000,0.030,0.521,0.449
435500,0.030,0.395,0.575
436000,0.030,0.367,0.603
436500,0.030,0.304,0.666
437000,0.030,0.351,0.619
437500,0.030,0.459,0.511
438000,0.030,0.415,0.555
438500,0.030,0.552,0.418
439000,0.030,0.399,0.571
439500,0.030,0.348,0.622
440000,0.030,0.446,0.524
440500,0.030,0.469,0.501
441000,0.030,0.432,0.538
441500,0.030,0.390,0.580
442000,0.030,0.547,0.423
442500,0.032,0.415,0.553
443000,0.030,0.282,0.688
443500,0.031,0.353,0.616
444000,0.030,0.520,0.450
444500,0.030,0.449,0.521
445000,0.030,0.368,0.602
445500,0.030,0.228,0.742
446000,0.030,0.369,0.601
446500,0.030,0.411,0.559
447000,0.030,0.366,0.604
447500,0.030,0.480,0.490
448000,0.030,0.411,0.559
448500,0.030,0.396,0.574
449000,0.030,0.413,0.557
449500,0.030,0.466,0.504
450000,0.030,0.410,0.560
450500,0.030,0.409,0.561
451000,0.030,0.406,0.564
451500,0.030,0.462,0.508
452000,0.030,0.417,0.553
452500,0.030,0.286,0.684
453000,0.030,0.419,0.551
453500,0.030,0.444,0.526
454000,0.030,0.534,0.436
454500,0.030,0.400,0.570
455000,0.030,0.397,0.573
455500,0.030,0.438,0.532
456000,0.030,0.541,0.429
456500,0.030,0.378,0.592
457000,0.030,0.392,0.578
457500,0.030,0.418,0.552
458000,0.030,0.337,0.633
458500,0.032,0.389,0.579
459000,0.030,0.419,0.551
459500,0.030,0.503,0.467
460000,0.044,0.323,0.633
460500,0.030,0.340,0.630
461000,0.030,0.335,0.635
461500,0.030,0.355,0.615
462000,0.030,0.374,0.596
462500,0.030,0.340,0.630
463000,0.030,0.371,0.599
463500,0.030,0.362,0.608
464000,0.033,0.280,0.687
464500,0.030,0.382,0.588
465000,0.030,0.440,0.530
465500,0.030,0.385,0.585
466000,0.030,0.506,0.464
466500,0.030,0.447,0.523
467000,0.039,0.244,0.717
467500,0.031,0.402,0.567
468000,0.030,0.358,0.612
468500,0.031,0.382,0.587
469000,0.030,0.337,0.633
469500,0.030,0.477,0.493
470000,0.030,0.405,0.565
470500,0.030,0.519,0.451
471000,0.030,0.566,0.404
471500,0.030,0.436,0.534
472000,0.030,0.440,0.530
472500,0.030,0.461,0.509
473000,0.030,0.461,0.509
473500,0.030,0.475,0.495
474000,0.030,0.454,0.516
474500,0.032,0.477,0.491
475000,0.030,0.300,0.670
475500,0.030,0.473,0.497
476000,0.030,0.427,0.543
476500,0.030,0.443,0.527
477000,0.030,0.228,0.742
477500,0.030,0.379,0.591
478000,0.030,0.368,0.602
478500,0.037,0.418,0.545
479000,0.030,0.463,0.507
479500,0.030,0.512,0.458
480000,0.030,0.500,0.470
480500,0.030,0.390,0.580
481000,0.030,0.407,0.563
481500,0.030,0.396,0.574
482000,0.030,0.397,0.573
482500,0.030,0.519,0.451
483000,0.030,0.468,0.502
483500,0.030,0.498,0.472
484000,0.030,0.512,0.458
484500,0.030,0.471,0.499
485000,0.030,0.394,0.576
485500,0.030,0.408,0.562
486000,0.030,0.488,0.482
486500,0.040,0.288,0.672
487000,0.030,0.430,0.540
487500,0.030,0.441,0.529
488000,0.030,0.361,0.609
488500,0.030,0.455,0.515
489000,0.030,0.562,0.408
489500,0.030,0.363,0.607
490000,0.030,0.415,0.555
490500,0.030,0.296,0.674
491000,0.039,0.233,0.728
491500,0.033,0.320,0.647
492000,0.032,0.362,0.606
492500,0.030,0.431,0.539
493000,0.030,0.367,0.603
493500,0.030,0.421,0.549
494000,0.030,0.460,0.510
494500,0.030,0.373,0.597
495000,0.030,0.306,0.664
495500,0.030,0.303,0.667
496000,0.030,0.452,0.518
496500,0.030,0.504,0.466
497000,0.030,0.482,0.488
497500,0.030,0.498,0.472
498000,0.030,0.479,0.491
498500,0.030,0.527,0.443
499000,0.030,0.488,0.482
499500,0.030,0.507,0.463
500000,0.030,0.441,0.529
500500,0.030,0.443,0.527
501000,0.030,0.451,0.519
501500,0.030,0.399,0.571
502000,0.030,0.394,0.576
502500,0.030,0.356,0.614
503000,0.030,0.589,0.381
503500,0.030,0.481,0.489
504000,0.030,0.358,0.612
504500,0.030,0.383,0.587
505000,0.030,0.430,0.540
505500,0.030,0.526,0.444
506000,0.030,0.554,0.416
506500,0.030,0.526,0.444
507000,0.030,0.566,0.404
507500,0.030,0.461,0.509
508000,0.030,0.338,0.632
508500,0.030,0.307,0.663
509000,0.030,0.341,0.629
509500,0.030,0.498,0.472
510000,0.030,0.443,0.527
510500,0.030,0.449,0.521
511000,0.030,0.441,0.529
511500,0.030,0.292,0.678
512000,0.030,0.529,0.441
512500,0.030,0.360,0.610
513000,0.030,0.538,0.432
513500,0.030,0.318,0.652
514000,0.030,0.408,0.562
514500,0.030,0.432,0.538
515000,0.030,0.435,0.535
515500,0.030,0.499,0.471
516000,0.030,0.423,0.547
516500,0.030,0.418,0.552
517000,0.030,0.351,0.619
517500,0.030,0.498,0.472
518000,0.030,0.478,0.492
518500,0.030,0.485,0.485
519000,0.030,0.459,0.511
519500,0.030,0.487,0.483
520000,0.030,0.349,0.621
520500,0.030,0.382,0.588
521000,0.030,0.402,0.568
521500,0.032,0.415,0.553
522000,0.030,0.431,0.539
522500,0.030,0.492,0.478
523000,0.030,0.428,0.542
523500,0.030,0.391,0.579
524000,0.030,0.319,0.651
524500,0.030,0.327,0.643
525000,0.030,0.424,0.546
525500,0.030,0.414,0.556
526000,0.030,0.459,0.511
526500,0.030,0.422,0.548
527000,0.030,0.400,0.570
527500,0.030,0.366,0.604
528000,0.030,0.574,0.396
528500,0.030,0.462,0.508
529000,0.030,0.430,0.540
529500,0.030,0.381,0.589
530000,0.030,0.476,0.494
530500,0.030,0.448,0.522
531000,0.030,0.537,0.433
531500,0.030,0.369,0.601
532000,0.030,0.520,0.450
532500,0.030,0.498,0.472
533000,0.030,0.488,0.482
533500,0.030,0.505,0.465
534000,0.030,0.504,0.466
534500,0.030,0.507,0.463
535000,0.030,0.346,0.624
535500,0.030,0.353,0.617
536000,0.030,0.374,0.596
536500,0.030,0.367,0.603
537000,0.033,0.302,0.665
537500,0.030,0.379,0.591
538000,0.030,0.332,0.638
538500,0.030,0.445,0.525
539000,0.030,0.342,0.628
539500,0.030,0.506,0.464
540000,0.030,0.488,0.482
540500,0.030,0.488,0.482
541000,0.030,0.399,0.571
541500,0.030,0.356,0.614
542000,0.030,0.339,0.631
542500,0.041,0.378,0.581
543000,0.030,0.445,0.525
543500,0.030,0.370,0.600
544000,0.030,0.451,0.519
544500,0.030,0.413,0.557
545000,0.030,0.450,0.520
545500,0.030,0.554,0.416
546000,0.030,0.392,0.578
546500,0.030,0.501,0.469
547000,0.030,0.422,0.548
547500,0.030,0.370,0.600
548000,0.030,0.364,0.606
548500,0.030,0.491,0.479
549000,0.030,0.381,0.589
549500,0.030,0.420,0.550
550000,0.030,0.483,0.487
550500,0.030,0.505,0.465
551000,0.030,0.434,0.536
551500,0.030,0.364,0.606
552000,0.030,0.424,0.546
552500,0.030,0.378,0.592
553000,0.030,0.377,0.593
553500,0.030,0.328,0.642
554000,0.030,0.444,0.526
554500,0.030,0.424,0.546
555000,0.030,0.407,0.563
555500,0.030,0.453,0.517
556000,0.030,0.373,0.597
556500,0.030,0.386,0.584
557000,0.030,0.368,0.602
557500,0.041,0.381,0.578
558000,0.030,0.355,0.615
558500,0.030,0.466,0.504
559000,0.030,0.470,0.500
559500,0.030,0.472,0.498
560000,0.030,0.459,0.511
560500,0.030,0.459,0.511
561000,0.030,0.416,0.554
561500,0.030,0.331,0.639
562000,0.030,0.430,0.540
562500,0.030,0.433,0.537
563000,0.030,0.520,0.450
563500,0.030,0.459,0.511
564000,0.030,0.436,0.534
564500,0.030,0.499,0.471
565000,0.030,0.513,0.457
565500,0.030,0.508,0.462
566000,0.030,0.459,0.511
566500,0.030,0.575,0.395
567000,0.030,0.459,0.511
567500,0.030,0.406,0.564
568000,0.031,0.394,0.575
568500,0.030,0.403,0.567
569000,0.030,0.510,0.460
569500,0.030,0.496,0.474
570000,0.030,0.414,0.556
570500,0.030,0.466,0.504
571000,0.030,0.453,0.517
571500,0.030,0.558,0.412
572000,0.030,0.517,0.453
572500,0.030,0.569,0.401
573000,0.030,0.533,0.437
573500,0.030,0.485,0.485
574000,0.030,0.348,0.622
574500,0.030,0.437,0.533
575000,0.030,0.414,0.556
575500,0.030,0.439,0.531
576000,0.030,0.325,0.645
576500,0.030,0.481,0.489
577000,0.030,0.514,0.456
577500,0.030,0.499,0.471
578000,0.030,0.403,0.567
578500,0.030,0.413,0.557
579000,0.030,0.350,0.620
579500,0.030,0.302,0.668
580000,0.030,0.376,0.594
580500,0.030,0.508,0.462
581000,0.030,0.376,0.594
581500,0.030,0.475,0.495
582000,0.030,0.536,0.434
582500,0.030,0.426,0.544
583000,0.030,0.412,0.558
583500,0.030,0.451,0.519
584000,0.030,0.432,0.538
584500,0.030,0.429,0.541
585000,0.030,0.535,0.435
585500,0.030,0.491,0.479
586000,0.030,0.513,0.457
586500,0.030,0.539,0.431
587000,0.030,0.438,0.532
587500,0.030,0.437,0.533
588000,0.030,0.347,0.623
588500,0.030,0.485,0.485
589000,0.030,0.422,0.548
589500,0.030,0.442,0.528
590000,0.030,0.437,0.533
590500,0.030,0.496,0.474
591000,0.030,0.407,0.563
591500,0.030,0.386,0.584
592000,0.030,0.271,0.699
592500,0.032,0.423,0.545
593000,0.030,0.410,0.560
593500,0.030,0.516,0.454
594000,0.030,0.400,0.570
594500,0.030,0.497,0.473
595000,0.030,0.396,0.574
595500,0.030,0.439,0.531
596000,0.030,0.380,0.590
596500,0.030,0.404,0.566
597000,0.030,0.412,0.558
597500,0.030,0.456,0.514
598000,0.030,0.412,0.558
598500,0.030,0.438,0.532
599000,0.030,0.411,0.559
599500,0.030,0.466,0.504
600000,0.030,0.398,0.572
600500,0.030,0.455,0.515
601000,0.030,0.509,0.461
601500,0.030,0.322,0.648
602000,0.030,0.504,0.466
602500,0.030,0.350,0.620
603000,0.030,0.405,0.565
603500,0.030,0.372,0.598
604000,0.030,0.465,0.505
604500,0.030,0.413,0.557
605000,0.030,0.510,0.460
605500,0.030,0.418,0.552
606000,0.030,0.354,0.616
606500,0.031,0.470,0.499
607000,0.030,0.551,0.419
607500,0.030,0.391,0.579
608000,0.030,0.288,0.682
608500,0.030,0.350,0.620
609000,0.030,0.348,0.622
609500,0.030,0.407,0.563
610000,0.030,0.356,0.614
610500,0.030,0.492,0.478
611000,0.030,0.487,0.483
611500,0.030,0.407,0.563
612000,0.030,0.412,0.558
612500,0.030,0.381,0.589
613000,0.030,0.419,0.551
613500,0.030,0.402,0.568
614000,0.030,0.483,0.487
614500,0.030,0.530,0.440
615000,0.030,0.447,0.523
615500,0.030,0.386,0.584
616000,0.030,0.393,0.577
616500,0.030,0.441,0.529
617000,0.030,0.294,0.676
617500,0.030,0.385,0.585
618000,0.030,0.498,0.472
618500,0.030,0.589,0.381
619000,0.030,0.436,0.534
619500,0.030,0.480,0.490
620000,0.030,0.442,0.528
620500,0.030,0.460,0.510
621000,0.035,0.310,0.655
621500,0.042,0.334,0.624
622000,0.030,0.478,0.492
622500,0.030,0.360,0.610
623000,0.030,0.448,0.522
623500,0.030,0.457,0.513
624000,0.030,0.432,0.538
624500,0.030,0.415,0.555
625000,0.030,0.505,0.465
625500,0.030,0.451,0.519
626000,0.030,0.362,0.608
626500,0.030,0.394,0.576
627000,0.030,0.439,0.531
627500,0.030,0.463,0.507
628000,0.030,0.496,0.474
628500,0.030,0.417,0.553
629000,0.030,0.396,0.574
629500,0.030,0.335,0.635
630000,0.030,0.327,0.643
630500,0.030,0.444,0.526
631000,0.030,0.384,0.586
631500,0.030,0.516,0.454
632000,0.030,0.317,0.653
632500,0.030,0.558,0.412
633000,0.030,0.431,0.539
633500,0.030,0.517,0.453
634000,0.030,0.464,0.506
634500,0.030,0.445,0.525
635000,0.030,0.465,0.505
635500,0.030,0.412,0.558
636000,0.030,0.358,0.612
636500,0.030,0.467,0.503
637000,0.030,0.428,0.542
637500,0.030,0.459,0.511
638000,0.030,0.377,0.593
638500,0.030,0.424,0.546
639000,0.030,0.356,0.614
639500,0.030,0.434,0.536
640000,0.030,0.391,0.579
640500,0.030,0.389,0.581
641000,0.030,0.448,0.522
641500,0.030,0.523,0.447
642000,0.030,0.470,0.500
642500,0.030,0.399,0.571
643000,0.030,0.433,0.537
643500,0.030,0.335,0.635
644000,0.030,0.438,0.532
644500,0.030,0.386,0.584
645000,0.030,0.395,0.575
645500,0.030,0.528,0.442
646000,0.030,0.377,0.593
646500,0.030,0.391,0.579
647000,0.030,0.409,0.561
647500,0.032,0.419,0.549
648000,0.030,0.348,0.622
648500,0.030,0.456,0.514
649000,0.030,0.432,0.538
649500,0.030,0.501,0.469
650000,0.030,0.494,0.476
650500,0.030,0.448,0.522
651000,0.030,0.400,0.570
651500,0.030,0.357,0.613
652000,0.030,0.392,0.578
652500,0.030,0.377,0.593
653000,0.030,0.519,0.451
653500,0.030,0.396,0.574
654000,0.030,0.409,0.561
654500,0.030,0.409,0.561
655000,0.030,0.496,0.474
655500,0.030,0.363,0.607
656000,0.030,0.433,0.537
656500,0.030,0.470,0.500
657000,0.030,0.540,0.430
657500,0.030,0.486,0.484
658000,0.030,0.370,0.600
658500,0.030,0.466,0.504
659000,0.030,0.392,0.578
659500,0.030,0.377,0.593
660000,0.030,0.465,0.505
660500,0.030,0.478,0.492
661000,0.030,0.509,0.461
661500,0.030,0.396,0.574
662000,0.030,0.344,0.626
662500,0.030,0.254,0.716
663000,0.031,0.354,0.615
663500,0.030,0.453,0.517
664000,0.030,0.404,0.566
664500,0.030,0.428,0.542
665000,0.030,0.482,0.488
665500,0.030,0.457,0.513
666000,0.030,0.511,0.459
666500,0.030,0.537,0.433
667000,0.030,0.497,0.473
667500,0.030,0.507,0.463
668000,0.030,0.334,0.636
668500,0.030,0.357,0.613
669000,0.030,0.370,0.600
669500,0.030,0.452,0.518
670000,0.030,0.318,0.652
670500,0.030,0.246,0.724
671000,0.034,0.302,0.664
671500,0.033,0.293,0.674
672000,0.030,0.468,0.502
672500,0.030,0.288,0.682
673000,0.030,0.343,0.627
673500,0.030,0.452,0.518
674000,0.030,0.411,0.559
674500,0.030,0.442,0.528
675000,0.030,0.425,0.545
675500,0.030,0.346,0.624
676000,0.030,0.325,0.645
676500,0.030,0.371,0.599
677000,0.030,0.449,0.521
677500,0.030,0.446,0.524
678000,0.030,0.417,0.553
678500,0.030,0.401,0.569
679000,0.030,0.396,0.574
679500,0.030,0.378,0.592
680000,0.030,0.536,0.434
680500,0.030,0.415,0.555
681000,0.030,0.561,0.409
681500,0.030,0.410,0.560
682000,0.030,0.483,0.487
682500,0.030,0.444,0.526
683000,0.030,0.394,0.576
683500,0.034,0.342,0.624
684000,0.030,0.378,0.592
684500,0.030,0.338,0.632
685000,0.030,0.530,0.440
685500,0.030,0.446,0.524
686000,0.030,0.356,0.614
686500,0.030,0.463,0.507
687000,0.030,0.486,0.484
687500,0.030,0.384,0.586
688000,0.030,0.364,0.606
688500,0.030,0.411,0.559
689000,0.030,0.405,0.565
689500,0.030,0.393,0.577
690000,0.030,0.372,0.598
690500,0.039,0.404,0.557
691000,0.030,0.413,0.557
691500,0.030,0.539,0.431
692000,0.030,0.392,0.578
692500,0.030,0.361,0.609
693000,0.030,0.373,0.597
693500,0.030,0.381,0.589
694000,0.030,0.413,0.557
694500,0.030,0.440,0.530
695000,0.030,0.363,0.607
695500,0.030,0.427,0.543
696000,0.030,0.565,0.405
696500,0.030,0.488,0.482
697000,0.030,0.469,0.501
697500,0.030,0.542,0.428
698000,0.030,0.602,0.368
698500,0.030,0.506,0.464
699000,0.030,0.500,0.470
699500,0.030,0.458,0.512
700000,0.030,0.460,0.510
700500,0.030,0.343,0.627
701000,0.030,0.404,0.566
701500,0.030,0.400,0.570
702000,0.031,0.398,0.571
702500,0.030,0.486,0.484
703000,0.030,0.367,0.603
703500,0.030,0.338,0.632
704000,0.030,0.479,0.491
704500,0.030,0.425,0.545
705000,0.052,0.221,0.727
705500,0.030,0.340,0.630
706000,0.030,0.441,0.529
706500,0.030,0.513,0.457
707000,0.030,0.420,0.550
707500,0.030,0.411,0.559
708000,0.030,0.304,0.666
708500,0.030,0.408,0.562
709000,0.030,0.391,0.579
709500,0.030,0.508,0.462
710000,0.030,0.349,0.621
710500,0.030,0.406,0.564
711000,0.030,0.353,0.617
711500,0.030,0.393,0.577
712000,0.030,0.322,0.648
712500,0.030,0.450,0.520
713000,0.030,0.407,0.563
713500,0.030,0.378,0.592
714000,0.030,0.595,0.375
714500,0.030,0.376,0.594
715000,0.030,0.492,0.478
715500,0.030,0.431,0.539
716000,0.030,0.422,0.548
716500,0.030,0.432,0.538
717000,0.030,0.452,0.518
717500,0.030,0.457,0.513
718000,0.030,0.360,0.610
718500,0.040,0.255,0.705
719000,0.030,0.341,0.629
719500,0.030,0.476,0.494
720000,0.030,0.362,0.608
720500,0.030,0.425,0.545
721000,0.030,0.385,0.585
721500,0.030,0.400,0.570
722000,0.030,0.404,0.566
722500,0.030,0.349,0.621
723000,0.030,0.395,0.575
723500,0.030,0.462,0.508
724000,0.030,0.438,0.532
724500,0.030,0.408,0.562
725000,0.030,0.383,0.587
725500,0.030,0.450,0.520
726000,0.030,0.365,0.605
726500,0.030,0.489,0.481
727000,0.030,0.377,0.593
727500,0.030,0.431,0.539
728000,0.030,0.380,0.590
728500,0.030,0.450,0.520
729000,0.030,0.377,0.593
729500,0.030,0.421,0.549
730000,0.030,0.352,0.618
730500,0.030,0.443,0.527
731000,0.030,0.408,0.562
731500,0.030,0.289,0.681
732000,0.030,0.456,0.514
732500,0.030,0.491,0.479
733000,0.030,0.402,0.568
733500,0.030,0.544,0.426
734000,0.030,0.293,0.677
734500,0.030,0.332,0.638
735000,0.030,0.382,0.588
735500,0.030,0.386,0.584
736000,0.030,0.429,0.541
736500,0.030,0.541,0.429
737000,0.030,0.440,0.530
737500,0.030,0.375,0.595
738000,0.030,0.399,0.571
738500,0.030,0.462,0.508
739000,0.030,0.369,0.601
739500,0.030,0.396,0.574
740000,0.030,0.401,0.569
740500,0.030,0.441,0.529
741000,0.030,0.321,0.649
741500,0.030,0.387,0.583
742000,0.030,0.365,0.605
742500,0.030,0.437,0.533
743000,0.030,0.310,0.660
743500,0.030,0.367,0.603
744000,0.030,0.394,0.576
744500,0.031,0.357,0.612
745000,0.030,0.435,0.535
745500,0.030,0.532,0.438
746000,0.030,0.458,0.512
746500,0.030,0.461,0.509
747000,0.030,0.548,0.422
747500,0.030,0.362,0.608
748000,0.030,0.438,0.532
748500,0.030,0.395,0.575
749000,0.030,0.406,0.564
749500,0.030,0.416,0.554
750000,0.030,0.425,0.545
750500,0.030,0.513,0.457
751000,0.030,0.434,0.536
751500,0.030,0.388,0.582
752000,0.030,0.335,0.635
752500,0.030,0.296,0.674
753000,0.030,0.352,0.618
753500,0.031,0.339,0.630
754000,0.030,0.322,0.648
754500,0.030,0.307,0.663
755000,0.031,0.286,0.683
755500,0.030,0.416,0.554
756000,0.030,0.514,0.456
756500,0.030,0.319,0.651
757000,0.031,0.348,0.621
757500,0.031,0.306,0.663
758000,0.030,0.526,0.444
758500,0.030,0.466,0.504
759000,0.030,0.493,0.477
759500,0.030,0.436,0.534
760000,0.030,0.387,0.583
760500,0.030,0.561,0.409
761000,0.030,0.463,0.507
761500,0.030,0.367,0.603
762000,0.030,0.375,0.595
762500,0.030,0.327,0.643
763000,0.030,0.423,0.547
763500,0.030,0.427,0.543
764000,0.030,0.379,0.591
764500,0.030,0.348,0.622
765000,0.030,0.334,0.636
765500,0.030,0.379,0.591
766000,0.030,0.426,0.544
766500,0.030,0.388,0.582
767000,0.030,0.486,0.484
767500,0.030,0.345,0.625
768000,0.030,0.332,0.638
768500,0.030,0.432,0.538
769000,0.030,0.444,0.526
769500,0.030,0.453,0.517
770000,0.030,0.378,0.592
770500,0.030,0.495,0.475
771000,0.030,0.345,0.625
771500,0.030,0.384,0.586
772000,0.030,0.311,0.659
772500,0.030,0.453,0.517
773000,0.030,0.519,0.451
773500,0.030,0.509,0.461
774000,0.030,0.437,0.533
774500,0.030,0.367,0.603
775000,0.030,0.375,0.595
775500,0.030,0.325,0.645
776000,0.030,0.440,0.530
776500,0.030,0.482,0.488
777000,0.030,0.459,0.511
777500,0.030,0.487,0.483
778000,0.030,0.413,0.557
778500,0.030,0.409,0.561
779000,0.030,0.451,0.519
779500,0.030,0.450,0.520
780000,0.030,0.353,0.617
780500,0.030,0.457,0.513
781000,0.030,0.432,0.538
781500,0.030,0.511,0.459
782000,0.030,0.423,0.547
782500,0.030,0.407,0.563
783000,0.030,0.435,0.535
783500,0.030,0.452,0.518
784000,0.030,0.387,0.583
784500,0.030,0.291,0.679
785000,0.031,0.338,0.631
785500,0.030,0.537,0.433
786000,0.030,0.392,0.578
786500,0.030,0.586,0.384
787000,0.030,0.502,0.468
787500,0.030,0.492,0.478
788000,0.030,0.401,0.569
788500,0.030,0.316,0.654
789000,0.030,0.377,0.593
789500,0.030,0.415,0.555
790000,0.030,0.425,0.545
790500,0.030,0.356,0.614
791000,0.030,0.472,0.498
791500,0.030,0.376,0.594
792000,0.030,0.535,0.435
792500,0.030,0.439,0.531
793000,0.030,0.378,0.592
793500,0.030,0.314,0.656
794000,0.030,0.454,0.516
794500,0.030,0.426,0.544
795000,0.030,0.485,0.485
795500,0.030,0.401,0.569
796000,0.031,0.256,0.713
796500,0.030,0.429,0.541
797000,0.030,0.529,0.441
797500,0.030,0.486,0.484
798000,0.030,0.485,0.485
798500,0.030,0.444,0.526
799000,0.030,0.401,0.569
799500,0.030,0.502,0.468
800000,0.034,0.313,0.653
800500,0.030,0.489,0.481
801000,0.030,0.510,0.460
801500,0.030,0.487,0.483
802000,0.030,0.405,0.565
802500,0.030,0.372,0.598
803000,0.030,0.484,0.486
803500,0.030,0.569,0.401
804000,0.030,0.398,0.572
804500,0.030,0.447,0.523
805000,0.030,0.408,0.562
805500,0.030,0.320,0.650
806000,0.030,0.388,0.582
806500,0.030,0.381,0.589
807000,0.030,0.460,0.510
807500,0.030,0.385,0.585
808000,0.037,0.232,0.731
808500,0.031,0.395,0.574
809000,0.030,0.433,0.537
809500,0.030,0.532,0.438
810000,0.030,0.378,0.592
810500,0.030,0.440,0.530
811000,0.030,0.494,0.476
811500,0.030,0.464,0.506
812000,0.030,0.507,0.463
812500,0.030,0.377,0.593
813000,0.030,0.496,0.474
813500,0.030,0.549,0.421
814000,0.030,0.454,0.516
814500,0.030,0.371,0.599
815000,0.030,0.388,0.582
815500,0.030,0.399,0.571
816000,0.030,0.391,0.579
816500,0.030,0.420,0.550
817000,0.030,0.361,0.609
817500,0.030,0.375,0.595
818000,0.030,0.403,0.567
818500,0.030,0.479,0.491
819000,0.030,0.574,0.396
819500,0.030,0.479,0.491
820000,0.030,0.412,0.558
820500,0.030,0.387,0.583
821000,0.040,0.296,0.664
821500,0.030,0.361,0.609
822000,0.030,0.409,0.561
822500,0.030,0.415,0.555
823000,0.030,0.400,0.570
823500,0.030,0.469,0.501
824000,0.030,0.409,0.561
824500,0.030,0.348,0.622
825000,0.030,0.426,0.544
825500,0.030,0.409,0.561
826000,0.030,0.390,0.580
826500,0.030,0.413,0.557
827000,0.030,0.459,0.511
827500,0.030,0.315,0.655
828000,0.030,0.347,0.623
828500,0.030,0.399,0.571
829000,0.030,0.297,0.673
829500,0.030,0.548,0.422
830000,0.030,0.481,0.489
830500,0.030,0.428,0.542
831000,0.030,0.459,0.511
831500,0.030,0.390,0.580
832000,0.030,0.449,0.521
832500,0.034,0.356,0.610
833000,0.030,0.372,0.598
833500,0.030,0.371,0.599
834000,0.030,0.468,0.502
834500,0.030,0.443,0.527
835000,0.030,0.492,0.478
835500,0.030,0.488,0.482
836000,0.030,0.443,0.527
836500,0.030,0.438,0.532
837000,0.030,0.340,0.630
837500,0.030,0.429,0.541
838000,0.030,0.387,0.583
838500,0.030,0.411,0.559
839000,0.030,0.483,0.487
839500,0.030,0.440,0.530
840000,0.030,0.430,0.540
840500,0.030,0.492,0.478
841000,0.030,0.478,0.492
841500,0.030,0.429,0.541
842000,0.030,0.324,0.646
842500,0.030,0.391,0.579
843000,0.031,0.355,0.614
843500,0.030,0.435,0.535
844000,0.030,0.409,0.561
844500,0.030,0.286,0.684
845000,0.030,0.367,0.603
845500,0.034,0.334,0.632
846000,0.030,0.405,0.565
846500,0.030,0.410,0.560
847000,0.030,0.401,0.569
847500,0.030,0.434,0.536
848000,0.030,0.436,0.534
848500,0.030,0.435,0.535
849000,0.030,0.372,0.598
849500,0.030,0.414,0.556
850000,0.030,0.415,0.555
850500,0.030,0.500,0.470
851000,0.030,0.379,0.591
851500,0.030,0.456,0.514
852000,0.030,0.460,0.510
852500,0.030,0.434,0.536
853000,0.030,0.362,0.608
853500,0.030,0.342,0.628
854000,0.030,0.426,0.544
854500,0.030,0.518,0.452
855000,0.030,0.344,0.626
855500,0.030,0.425,0.545
856000,0.030,0.485,0.485
856500,0.030,0.534,0.436
857000,0.030,0.556,0.414
857500,0.030,0.541,0.429
858000,0.030,0.389,0.581
858500,0.030,0.472,0.498
859000,0.030,0.605,0.365
859500,0.030,0.524,0.446
860000,0.030,0.608,0.362
860500,0.030,0.378,0.592
861000,0.032,0.451,0.517
861500,0.030,0.629,0.341
862000,0.030,0.519,0.451
862500,0.030,0.459,0.511
863000,0.030,0.380,0.590
863500,0.030,0.399,0.571
864000,0.030,0.424,0.546
864500,0.030,0.317,0.653
865000,0.030,0.385,0.585
865500,0.030,0.431,0.539
866000,0.030,0.411,0.559
866500,0.030,0.467,0.503
867000,0.030,0.365,0.605
867500,0.030,0.450,0.520
868000,0.030,0.435,0.535
868500,0.030,0.402,0.568
869000,0.030,0.293,0.677
869500,0.030,0.354,0.616
870000,0.030,0.329,0.641
870500,0.030,0.451,0.519
871000,0.033,0.328,0.639
871500,0.050,0.259,0.691
872000,0.030,0.445,0.525
872500,0.030,0.289,0.681
873000,0.030,0.391,0.579
873500,0.030,0.408,0.562
874000,0.030,0.328,0.642
874500,0.030,0.455,0.515
875000,0.030,0.580,0.390
875500,0.030,0.280,0.690
876000,0.030,0.504,0.466
876500,0.030,0.413,0.557
877000,0.030,0.403,0.567
877500,0.030,0.415,0.555
878000,0.030,0.477,0.493
878500,0.030,0.516,0.454
879000,0.030,0.374,0.596
879500,0.030,0.362,0.608
880000,0.030,0.422,0.548
880500,0.030,0.391,0.579
881000,0.030,0.457,0.513
881500,0.030,0.613,0.357
882000,0.030,0.476,0.494
882500,0.030,0.449,0.521
883000,0.030,0.394,0.576
883500,0.030,0.351,0.619
884000,0.030,0.365,0.605
884500,0.030,0.511,0.459
885000,0.030,0.469,0.501
885500,0.030,0.376,0.594
886000,0.030,0.453,0.517
886500,0.030,0.444,0.526
887000,0.030,0.423,0.547
887500,0.030,0.364,0.606
888000,0.030,0.301,0.669
888500,0.030,0.440,0.530
889000,0.030,0.625,0.345
889500,0.030,0.346,0.624
890000,0.030,0.321,0.649
890500,0.030,0.460,0.510
891000,0.030,0.438,0.532
891500,0.030,0.397,0.573
892000,0.030,0.409,0.561
892500,0.030,0.399,0.571
893000,0.030,0.403,0.567
893500,0.030,0.503,0.467
894000,0.030,0.470,0.500
894500,0.030,0.433,0.537
895000,0.030,0.417,0.553
895500,0.030,0.435,0.535
896000,0.030,0.403,0.567
896500,0.030,0.534,0.436
897000,0.030,0.558,0.412
897500,0.030,0.436,0.534
898000,0.030,0.580,0.390
898500,0.030,0.392,0.578
899000,0.030,0.390,0.580
899500,0.036,0.264,0.700
900000,0.031,0.368,0.601
900500,0.030,0.415,0.555
901000,0.030,0.369,0.601
901500,0.030,0.465,0.505
902000,0.030,0.481,0.489
902500,0.030,0.462,0.508
903000,0.030,0.389,0.581
903500,0.030,0.430,0.540
904000,0.030,0.388,0.582
904500,0.030,0.343,0.627
905000,0.030,0.417,0.553
905500,0.030,0.340,0.630
906000,0.030,0.342,0.628
906500,0.030,0.431,0.539
907000,0.030,0.534,0.436
907500,0.030,0.474,0.496
908000,0.030,0.375,0.595
908500,0.030,0.404,0.566
909000,0.030,0.470,0.500
909500,0.030,0.543,0.427
910000,0.030,0.425,0.545
910500,0.030,0.458,0.512
911000,0.030,0.364,0.606
911500,0.030,0.527,0.443
912000,0.030,0.435,0.535
912500,0.030,0.384,0.586
913000,0.030,0.450,0.520
913500,0.030,0.381,0.589
914000,0.030,0.528,0.442
914500,0.030,0.448,0.522
915000,0.030,0.406,0.564
915500,0.030,0.403,0.567
916000,0.031,0.308,0.661
916500,0.030,0.451,0.519
917000,0.030,0.526,0.444
917500,0.030,0.416,0.554
918000,0.030,0.418,0.552
918500,0.040,0.351,0.609
919000,0.031,0.367,0.602
919500,0.030,0.405,0.565
920000,0.030,0.368,0.602
920500,0.030,0.447,0.523
921000,0.030,0.491,0.479
921500,0.030,0.486,0.484
922000,0.030,0.572,0.398
922500,0.030,0.456,0.514
923000,0.030,0.511,0.459
923500,0.030,0.417,0.553
924000,0.030,0.394,0.576
924500,0.030,0.238,0.732
925000,0.030,0.355,0.615
925500,0.030,0.363,0.607
926000,0.030,0.397,0.573
926500,0.030,0.463,0.507
927000,0.030,0.435,0.535
927500,0.030,0.499,0.471
928000,0.030,0.442,0.528
928500,0.030,0.456,0.514
929000,0.030,0.325,0.645
929500,0.030,0.373,0.597
930000,0.030,0.462,0.508
930500,0.030,0.447,0.523
931000,0.030,0.357,0.613
931500,0.030,0.406,0.564
932000,0.030,0.423,0.547
932500,0.030,0.414,0.556
933000,0.030,0.505,0.465
933500,0.030,0.361,0.609
934000,0.043,0.286,0.671
934500,0.030,0.462,0.508
935000,0.030,0.400,0.570
935500,0.030,0.496,0.474
936000,0.030,0.394,0.576
936500,0.030,0.359,0.611
937000,0.030,0.345,0.625
937500,0.030,0.416,0.554
938000,0.030,0.357,0.613
938500,0.030,0.350,0.620
939000,0.030,0.422,0.548
939500,0.030,0.513,0.457
940000,0.030,0.355,0.615
940500,0.030,0.406,0.564
941000,0.030,0.497,0.473
941500,0.030,0.412,0.558
942000,0.030,0.528,0.442
942500,0.030,0.406,0.564
943000,0.037,0.298,0.665
943500,0.030,0.407,0.563
944000,0.030,0.477,0.493
944500,0.030,0.502,0.468
945000,0.030,0.269,0.701
945500,0.035,0.391,0.574
946000,0.030,0.493,0.477
946500,0.030,0.371,0.599
947000,0.030,0.478,0.492
947500,0.030,0.428,0.542
948000,0.030,0.379,0.591
948500,0.030,0.499,0.471
949000,0.030,0.466,0.504
949500,0.030,0.464,0.506
950000,0.030,0.395,0.575
950500,0.030,0.504,0.466
951000,0.030,0.467,0.503
951500,0.030,0.625,0.345
952000,0.030,0.472,0.498
952500,0.030,0.371,0.599
953000,0.030,0.370,0.600
953500,0.030,0.510,0.460
954000,0.030,0.356,0.614
954500,0.030,0.519,0.451
955000,0.030,0.330,0.640
955500,0.030,0.384,0.586
956000,0.030,0.383,0.587
956500,0.030,0.520,0.450
957000,0.030,0.475,0.495
957500,0.030,0.406,0.564
958000,0.030,0.534,0.436
958500,0.030,0.307,0.663
959000,0.030,0.495,0.475
959500,0.030,0.410,0.560
960000,0.030,0.460,0.510
960500,0.030,0.390,0.580
961000,0.030,0.452,0.518
961500,0.030,0.409,0.561
962000,0.030,0.382,0.588
962500,0.030,0.414,0.556
963000,0.030,0.392,0.578
963500,0.030,0.433,0.537
964000,0.030,0.377,0.593
964500,0.030,0.364,0.606
965000,0.030,0.498,0.472
965500,0.030,0.389,0.581
966000,0.030,0.442,0.528
966500,0.030,0.454,0.516
967000,0.030,0.387,0.583
967500,0.030,0.494,0.476
968000,0.030,0.486,0.484
968500,0.030,0.412,0.558
969000,0.030,0.405,0.565
969500,0.030,0.372,0.598
970000,0.030,0.326,0.644
970500,0.030,0.307,0.663
971000,0.030,0.475,0.495
971500,0.030,0.519,0.451
972000,0.030,0.385,0.585
972500,0.030,0.330,0.640
973000,0.030,0.394,0.576
973500,0.030,0.377,0.593
974000,0.030,0.450,0.520
974500,0.030,0.453,0.517
975000,0.030,0.458,0.512
975500,0.030,0.383,0.587
976000,0.030,0.418,0.552
976500,0.030,0.446,0.524
977000,0.030,0.447,0.523
977500,0.030,0.510,0.460
978000,0.030,0.398,0.572
978500,0.030,0.427,0.543
979000,0.030,0.405,0.565
979500,0.030,0.418,0.552
980000,0.030,0.442,0.528
980500,0.030,0.507,0.463
981000,0.030,0.524,0.446
981500,0.030,0.446,0.524
982000,0.030,0.378,0.592
982500,0.030,0.346,0.624
983000,0.030,0.402,0.568
983500,0.030,0.644,0.326
984000,0.030,0.473,0.497
984500,0.030,0.365,0.605
985000,0.030,0.386,0.584
985500,0.030,0.468,0.502
986000,0.030,0.386,0.584
986500,0.030,0.484,0.486
987000,0.030,0.428,0.542
987500,0.030,0.436,0.534
988000,0.030,0.492,0.478
988500,0.030,0.398,0.572
989000,0.030,0.419,0.551
989500,0.036,0.327,0.637
990000,0.030,0.335,0.635
990500,0.030,0.391,0.579
991000,0.030,0.388,0.582
991500,0.030,0.406,0.564
992000,0.030,0.392,0.578
992500,0.030,0.379,0.591
993000,0.030,0.325,0.645
993500,0.030,0.385,0.585
994000,0.030,0.490,0.480
994500,0.030,0.391,0.579
995000,0.030,0.398,0.572
995500,0.030,0.507,0.463
996000,0.030,0.381,0.589
996500,0.030,0.362,0.608
997000,0.030,0.445,0.525
997500,0.030,0.411,0.559
998000,0.030,0.349,0.621
998500,0.030,0.493,0.477
999000,0.030,0.413,0.557
999500,0.030,0.348,0.622
1000000,0.030,0.400,0.570
