time,n_A+p,n_B,n_AB
500,0.050,0.596,0.354
1000,0.062,0.279,0.659
1500,0.073,0.132,0.795
2000,0.111,0.110,0.779
2500,0.173,0.078,0.749
3000,0.198,0.040,0.762
3500,0.302,0.009,0.689
4000,0.323,0.007,0.670
4500,0.299,0.000,0.701
5000,0.349,0.001,0.650
5500,0.397,0.007,0.596
6000,0.370,0.000,0.630
6500,0.378,0.000,0.622
7000,0.363,0.000,0.637
7500,0.358,0.000,0.642
8000,0.347,0.000,0.653
8500,0.325,0.000,0.675
9000,0.343,0.009,0.648
9500,0.398,0.001,0.601
10000,0.394,0.002,0.604
10500,0.380,0.000,0.620
11000,0.398,0.005,0.597
11500,0.431,0.000,0.569
12000,0.430,0.000,0.570
12500,0.409,0.000,0.591
13000,0.401,0.001,0.598
13500,0.405,0.000,0.595
14000,0.385,0.000,0.615
14500,0.383,0.000,0.617
15000,0.475,0.000,0.525
15500,0.358,0.002,0.640
16000,0.349,0.000,0.651
16500,0.305,0.008,0.687
17000,0.339,0.000,0.661
17500,0.279,0.011,0.710
18000,0.291,0.012,0.697
18500,0.276,0.009,0.715
19000,0.344,0.008,0.648
19500,0.372,0.001,0.627
20000,0.348,0.002,0.650
20500,0.364,0.005,0.631
21000,0.455,0.000,0.545
21500,0.405,0.000,0.595
22000,0.413,0.007,0.580
22500,0.326,0.004,0.670
23000,0.388,0.003,0.609
23500,0.352,0.003,0.645
24000,0.404,0.001,0.595
24500,0.424,0.000,0.576
25000,0.410,0.000,0.590
25500,0.349,0.015,0.636
26000,0.336,0.005,0.659
26500,0.328,0.000,0.672
27000,0.336,0.007,0.657
27500,0.369,0.002,0.629
28000,0.350,0.002,0.648
28500,0.387,0.000,0.613
29000,0.289,0.009,0.702
29500,0.294,0.007,0.699
30000,0.358,0.001,0.641
30500,0.432,0.000,0.568
31000,0.376,0.000,0.624
31500,0.366,0.006,0.628
32000,0.347,0.006,0.647
32500,0.405,0.000,0.595
33000,0.387,0.000,0.613
33500,0.368,0.002,0.630
34000,0.340,0.013,0.647
34500,0.310,0.000,0.690
35000,0.341,0.006,0.653
35500,0.354,0.000,0.646
36000,0.268,0.000,0.732
36500,0.311,0.015,0.674
37000,0.358,0.012,0.630
37500,0.348,0.007,0.645
38000,0.345,0.000,0.655
38500,0.415,0.000,0.585
39000,0.460,0.003,0.537
39500,0.375,0.000,0.625
40000,0.369,0.000,0.631
40500,0.310,0.006,0.684
41000,0.389,0.012,0.599
41500,0.348,0.006,0.646
42000,0.411,0.000,0.589
42500,0.405,0.000,0.595
43000,0.331,0.000,0.669
43500,0.335,0.009,0.656
44000,0.372,0.007,0.621
44500,0.382,0.002,0.616
45000,0.377,0.000,0.623
45500,0.324,0.018,0.658
46000,0.331,0.002,0.667
46500,0.287,0.012,0.701
47000,0.286,0.018,0.696
47500,0.280,0.011,0.709
48000,0.301,0.001,0.698
48500,0.344,0.005,0.651
49000,0.343,0.001,0.656
49500,0.343,0.003,0.654
50000,0.338,0.000,0.662
50500,0.409,0.000,0.591
51000,0.386,0.000,0.614
51500,0.405,0.000,0.595
52000,0.362,0.012,0.626
52500,0.342,0.000,0.658
53000,0.321,0.000,0.679
53500,0.374,0.002,0.624
54000,0.298,0.001,0.701
54500,0.357,0.004,0.639
55000,0.303,0.001,0.696
55500,0.408,0.000,0.592
56000,0.379,0.000,0.621
56500,0.307,0.005,0.688
57000,0.372,0.001,0.627
57500,0.410,0.001,0.589
58000,0.358,0.002,0.640
58500,0.393,0.003,0.604
59000,0.389,0.007,0.604
59500,0.334,0.001,0.665
60000,0.327,0.003,0.670
60500,0.346,0.002,0.652
61000,0.349,0.000,0.651
61500,0.370,0.009,0.621
62000,0.319,0.008,0.673
62500,0.399,0.010,0.591
63000,0.396,0.000,0.604
63500,0.330,0.004,0.666
64000,0.371,0.015,0.614
64500,0.417,0.002,0.581
65000,0.397,0.000,0.603
65500,0.386,0.008,0.606
66000,0.366,0.002,0.632
66500,0.394,0.001,0.605
67000,0.480,0.000,0.520
67500,0.445,0.000,0.555
68000,0.403,0.000,0.597
68500,0.388,0.005,0.607
69000,0.371,0.011,0.618
69500,0.323,0.005,0.672
70000,0.312,0.005,0.683
70500,0.337,0.005,0.658
71000,0.376,0.003,0.621
71500,0.409,0.000,0.591
72000,0.358,0.001,0.641
72500,0.341,0.020,0.639
73000,0.361,0.000,0.639
73500,0.375,0.000,0.625
74000,0.374,0.000,0.626
74500,0.367,0.000,0.633
75000,0.356,0.015,0.629
75500,0.443,0.000,0.557
76000,0.407,0.001,0.592
76500,0.405,0.002,0.593
77000,0.384,0.004,0.612
77500,0.379,0.000,0.621
78000,0.382,0.001,0.617
78500,0.300,0.004,0.696
79000,0.322,0.002,0.676
79500,0.365,0.000,0.635
80000,0.347,0.000,0.653
80500,0.338,0.008,0.654
81000,0.320,0.000,0.680
81500,0.374,0.000,0.626
82000,0.368,0.019,0.613
82500,0.323,0.001,0.676
83000,0.311,0.003,0.686
83500,0.366,0.001,0.633
84000,0.380,0.000,0.620
84500,0.386,0.000,0.614
85000,0.309,0.012,0.679
85500,0.379,0.001,0.620
86000,0.412,0.001,0.587
86500,0.407,0.004,0.589
87000,0.399,0.001,0.600
87500,0.351,0.000,0.649
88000,0.406,0.000,0.594
88500,0.346,0.002,0.652
89000,0.319,0.000,0.681
89500,0.471,0.000,0.529
90000,0.372,0.000,0.628
90500,0.313,0.005,0.682
91000,0.299,0.014,0.687
91500,0.342,0.011,0.647
92000,0.356,0.000,0.644
92500,0.390,0.000,0.610
93000,0.355,0.004,0.641
93500,0.335,0.007,0.658
94000,0.338,0.008,0.654
94500,0.336,0.001,0.663
95000,0.359,0.003,0.638
95500,0.370,0.002,0.628
96000,0.264,0.009,0.727
96500,0.294,0.009,0.697
97000,0.363,0.000,0.637
97500,0.390,0.002,0.608
98000,0.409,0.003,0.588
98500,0.424,0.001,0.575
99000,0.398,0.003,0.599
99500,0.424,0.001,0.575
100000,0.380,0.001,0.619
100500,0.310,0.000,0.690
101000,0.340,0.019,0.641
101500,0.384,0.002,0.614
102000,0.378,0.000,0.622
102500,0.393,0.005,0.602
103000,0.376,0.004,0.620
103500,0.377,0.000,0.623
104000,0.430,0.001,0.569
104500,0.366,0.000,0.634
105000,0.350,0.002,0.648
105500,0.334,0.025,0.641
106000,0.312,0.009,0.679
106500,0.385,0.007,0.608
107000,0.307,0.001,0.692
107500,0.324,0.001,0.675
108000,0.317,0.007,0.676
108500,0.330,0.005,0.665
109000,0.306,0.000,0.694
109500,0.284,0.004,0.712
110000,0.344,0.001,0.655
110500,0.398,0.000,0.602
111000,0.377,0.004,0.619
111500,0.372,0.001,0.627
112000,0.330,0.000,0.670
112500,0.401,0.002,0.597
113000,0.341,0.000,0.659
113500,0.371,0.000,0.629
114000,0.322,0.000,0.678
114500,0.328,0.003,0.669
115000,0.365,0.002,0.633
115500,0.419,0.000,0.581
116000,0.423,0.007,0.570
116500,0.359,0.007,0.634
117000,0.341,0.003,0.656
117500,0.442,0.002,0.556
118000,0.466,0.000,0.534
118500,0.481,0.000,0.519
119000,0.412,0.000,0.588
119500,0.442,0.000,0.558
120000,0.394,0.000,0.606
120500,0.370,0.008,0.622
121000,0.390,0.002,0.608
121500,0.415,0.000,0.585
122000,0.396,0.000,0.604
122500,0.340,0.018,0.642
123000,0.354,0.000,0.646
123500,0.364,0.008,0.628
124000,0.432,0.000,0.568
124500,0.464,0.000,0.536
125000,0.429,0.000,0.571
125500,0.395,0.000,0.605
126000,0.402,0.005,0.593
126500,0.367,0.004,0.629
127000,0.381,0.007,0.612
127500,0.336,0.006,0.658
128000,0.335,0.002,0.663
128500,0.364,0.001,0.635
129000,0.396,0.000,0.604
129500,0.385,0.013,0.602
130000,0.446,0.001,0.553
130500,0.485,0.000,0.515
131000,0.470,0.000,0.530
131500,0.382,0.006,0.612
132000,0.381,0.000,0.619
132500,0.423,0.000,0.577
133000,0.383,0.001,0.616
133500,0.417,0.000,0.583
134000,0.289,0.002,0.709
134500,0.241,0.025,0.734
135000,0.234,0.023,0.743
135500,0.249,0.008,0.743
136000,0.342,0.002,0.656
136500,0.290,0.007,0.703
137000,0.366,0.004,0.630
137500,0.347,0.000,0.653
138000,0.427,0.000,0.573
138500,0.348,0.000,0.652
139000,0.331,0.001,0.668
139500,0.351,0.000,0.649
140000,0.394,0.005,0.601
140500,0.479,0.000,0.521
141000,0.333,0.000,0.667
141500,0.322,0.000,0.678
142000,0.331,0.001,0.668
142500,0.290,0.008,0.702
143000,0.326,0.008,0.666
143500,0.304,0.005,0.691
144000,0.288,0.009,0.703
144500,0.346,0.004,0.650
145000,0.294,0.016,0.690
145500,0.304,0.002,0.694
146000,0.409,0.000,0.591
146500,0.368,0.007,0.625
147000,0.402,0.010,0.588
147500,0.358,0.006,0.636
148000,0.349,0.000,0.651
148500,0.311,0.016,0.673
149000,0.428,0.000,0.572
149500,0.334,0.000,0.666
150000,0.419,0.000,0.581
150500,0.409,0.000,0.591
151000,0.403,0.005,0.592
151500,0.404,0.001,0.595
152000,0.396,0.010,0.594
152500,0.409,0.000,0.591
153000,0.309,0.000,0.691
153500,0.362,0.007,0.631
154000,0.374,0.005,0.621
154500,0.478,0.001,0.521
155000,0.466,0.000,0.534
155500,0.444,0.000,0.556
156000,0.411,0.000,0.589
156500,0.402,0.002,0.596
157000,0.377,0.007,0.616
157500,0.368,0.006,0.626
158000,0.293,0.014,0.693
158500,0.291,0.020,0.689
159000,0.338,0.001,0.661
159500,0.261,0.006,0.733
160000,0.296,0.007,0.697
160500,0.375,0.000,0.625
161000,0.409,0.004,0.587
161500,0.319,0.010,0.671
162000,0.275,0.022,0.703
162500,0.289,0.004,0.707
163000,0.323,0.002,0.675
163500,0.284,0.001,0.715
164000,0.259,0.003,0.738
164500,0.317,0.003,0.680
165000,0.381,0.000,0.619
165500,0.363,0.000,0.637
166000,0.337,0.004,0.659
166500,0.333,0.008,0.659
167000,0.397,0.001,0.602
167500,0.339,0.000,0.661
168000,0.387,0.000,0.613
168500,0.429,0.000,0.571
169000,0.401,0.000,0.599
169500,0.373,0.000,0.627
170000,0.403,0.000,0.597
170500,0.373,0.000,0.627
171000,0.420,0.000,0.580
171500,0.473,0.003,0.524
172000,0.406,0.009,0.585
172500,0.411,0.000,0.589
173000,0.349,0.003,0.648
173500,0.235,0.002,0.763
174000,0.295,0.019,0.686
174500,0.295,0.003,0.702
175000,0.346,0.017,0.637
175500,0.336,0.003,0.661
176000,0.399,0.000,0.601
176500,0.404,0.000,0.596
177000,0.335,0.001,0.664
177500,0.266,0.003,0.731
178000,0.338,0.002,0.660
178500,0.387,0.001,0.612
179000,0.360,0.000,0.640
179500,0.355,0.000,0.645
180000,0.373,0.004,0.623
180500,0.322,0.007,0.671
181000,0.361,0.020,0.619
181500,0.333,0.006,0.661
182000,0.254,0.028,0.718
182500,0.230,0.018,0.752
183000,0.309,0.016,0.675
183500,0.299,0.021,0.680
184000,0.344,0.005,0.651
184500,0.352,0.010,0.638
185000,0.302,0.015,0.683
185500,0.359,0.006,0.635
186000,0.302,0.007,0.691
186500,0.284,0.010,0.706
187000,0.319,0.004,0.677
187500,0.349,0.002,0.649
188000,0.379,0.000,0.621
188500,0.374,0.000,0.626
189000,0.354,0.000,0.646
189500,0.342,0.001,0.657
190000,0.363,0.000,0.637
190500,0.287,0.002,0.711
191000,0.415,0.004,0.581
191500,0.491,0.000,0.509
192000,0.432,0.000,0.568
192500,0.374,0.000,0.626
193000,0.368,0.000,0.632
193500,0.328,0.015,0.657
194000,0.325,0.004,0.671
194500,0.361,0.004,0.635
195000,0.343,0.006,0.651
195500,0.264,0.008,0.728
196000,0.287,0.012,0.701
196500,0.379,0.003,0.618
197000,0.365,0.000,0.635
197500,0.287,0.004,0.709
198000,0.292,0.014,0.694
198500,0.325,0.009,0.666
199000,0.379,0.010,0.611
199500,0.354,0.010,0.636
200000,0.346,0.000,0.654
200500,0.334,0.005,0.661
201000,0.286,0.003,0.711
201500,0.285,0.006,0.709
202000,0.323,0.001,0.676
202500,0.372,0.000,0.628
203000,0.424,0.003,0.573
203500,0.418,0.006,0.576
204000,0.374,0.007,0.619
204500,0.330,0.007,0.663
205000,0.387,0.000,0.613
205500,0.361,0.002,0.637
206000,0.393,0.000,0.607
206500,0.308,0.000,0.692
207000,0.340,0.012,0.648
207500,0.329,0.014,0.657
208000,0.398,0.009,0.593
208500,0.382,0.004,0.614
209000,0.320,0.006,0.674
209500,0.360,0.007,0.633
210000,0.356,0.000,0.644
210500,0.306,0.006,0.688
211000,0.377,0.003,0.620
211500,0.346,0.001,0.653
212000,0.372,0.000,0.628
212500,0.380,0.006,0.614
213000,0.366,0.000,0.634
213500,0.368,0.011,0.621
214000,0.303,0.008,0.689
214500,0.303,0.010,0.687
215000,0.349,0.000,0.651
215500,0.347,0.015,0.638
216000,0.301,0.000,0.699
216500,0.345,0.000,0.655
217000,0.290,0.000,0.710
217500,0.324,0.001,0.675
218000,0.329,0.001,0.670
218500,0.326,0.007,0.667
219000,0.331,0.009,0.660
219500,0.278,0.012,0.710
220000,0.413,0.001,0.586
220500,0.337,0.004,0.659
221000,0.348,0.003,0.649
221500,0.304,0.000,0.696
222000,0.332,0.009,0.659
222500,0.329,0.005,0.666
223000,0.370,0.009,0.621
223500,0.374,0.000,0.626
224000,0.342,0.004,0.654
224500,0.312,0.006,0.682
225000,0.303,0.002,0.695
225500,0.349,0.000,0.651
226000,0.366,0.000,0.634
226500,0.399,0.000,0.601
227000,0.411,0.006,0.583
227500,0.462,0.000,0.538
228000,0.396,0.000,0.604
228500,0.452,0.000,0.548
229000,0.459,0.000,0.541
229500,0.416,0.000,0.584
230000,0.367,0.005,0.628
230500,0.369,0.005,0.626
231000,0.365,0.000,0.635
231500,0.332,0.000,0.668
232000,0.368,0.000,0.632
232500,0.408,0.000,0.592
233000,0.353,0.000,0.647
233500,0.383,0.000,0.617
234000,0.382,0.000,0.618
234500,0.409,0.000,0.591
235000,0.385,0.008,0.607
235500,0.389,0.000,0.611
236000,0.398,0.006,0.596
236500,0.425,0.001,0.574
237000,0.396,0.000,0.604
237500,0.428,0.000,0.572
238000,0.418,0.000,0.582
238500,0.341,0.000,0.659
239000,0.342,0.000,0.658
239500,0.412,0.000,0.588
240000,0.414,0.006,0.580
240500,0.360,0.002,0.638
241000,0.337,0.000,0.663
241500,0.419,0.002,0.579
242000,0.368,0.001,0.631
242500,0.334,0.006,0.660
243000,0.281,0.002,0.717
243500,0.344,0.006,0.650
244000,0.392,0.000,0.608
244500,0.360,0.005,0.635
245000,0.348,0.015,0.637
245500,0.340,0.002,0.658
246000,0.364,0.000,0.636
246500,0.296,0.002,0.702
247000,0.310,0.005,0.685
247500,0.337,0.000,0.663
248000,0.431,0.001,0.568
248500,0.365,0.001,0.634
249000,0.297,0.000,0.703
249500,0.299,0.007,0.694
250000,0.324,0.000,0.676
250500,0.314,0.001,0.685
251000,0.428,0.000,0.572
251500,0.322,0.001,0.677
252000,0.430,0.000,0.570
252500,0.416,0.000,0.584
253000,0.421,0.000,0.579
253500,0.403,0.000,0.597
254000,0.380,0.007,0.613
254500,0.394,0.008,0.598
255000,0.327,0.001,0.672
255500,0.401,0.001,0.598
256000,0.322,0.001,0.677
256500,0.312,0.004,0.684
257000,0.335,0.000,0.665
257500,0.261,0.020,0.719
258000,0.292,0.016,0.692
258500,0.277,0.012,0.711
259000,0.321,0.004,0.675
259500,0.362,0.002,0.636
260000,0.387,0.008,0.605
260500,0.337,0.006,0.657
261000,0.285,0.023,0.692
261500,0.314,0.006,0.680
262000,0.290,0.002,0.708
262500,0.319,0.006,0.675
263000,0.285,0.018,0.697
263500,0.186,0.039,0.775
264000,0.264,0.002,0.734
264500,0.337,0.000,0.663
265000,0.359,0.000,0.641
265500,0.380,0.000,0.620
266000,0.321,0.001,0.678
266500,0.282,0.000,0.718
267000,0.329,0.002,0.669
267500,0.307,0.000,0.693
268000,0.333,0.006,0.661
268500,0.283,0.001,0.716
269000,0.355,0.000,0.645
269500,0.305,0.006,0.689
270000,0.348,0.001,0.651
270500,0.247,0.008,0.745
271000,0.259,0.027,0.714
271500,0.331,0.014,0.655
272000,0.388,0.001,0.611
272500,0.400,0.004,0.596
273000,0.317,0.003,0.680
273500,0.375,0.008,0.617
274000,0.367,0.000,0.633
274500,0.354,0.000,0.646
275000,0.289,0.008,0.703
275500,0.328,0.006,0.666
276000,0.330,0.000,0.670
276500,0.351,0.000,0.649
277000,0.412,0.008,0.580
277500,0.390,0.010,0.600
278000,0.368,0.004,0.628
278500,0.371,0.008,0.621
279000,0.356,0.001,0.643
279500,0.379,0.009,0.612
280000,0.397,0.002,0.601
280500,0.337,0.000,0.663
281000,0.316,0.000,0.684
281500,0.326,0.006,0.668
282000,0.301,0.001,0.698
282500,0.312,0.002,0.686
283000,0.354,0.006,0.640
283500,0.407,0.002,0.591
284000,0.398,0.000,0.602
284500,0.392,0.000,0.608
285000,0.356,0.004,0.640
285500,0.409,0.000,0.591
286000,0.376,0.000,0.624
286500,0.411,0.000,0.589
287000,0.332,0.000,0.668
287500,0.355,0.003,0.642
288000,0.313,0.001,0.686
288500,0.353,0.007,0.640
289000,0.386,0.000,0.614
289500,0.356,0.004,0.640
290000,0.345,0.001,0.654
290500,0.336,0.000,0.664
291000,0.359,0.000,0.641
291500,0.334,0.000,0.666
292000,0.382,0.005,0.613
292500,0.394,0.002,0.604
293000,0.353,0.001,0.646
293500,0.366,0.002,0.632
294000,0.369,0.000,0.631
294500,0.386,0.000,0.614
295000,0.426,0.000,0.574
295500,0.358,0.000,0.642
296000,0.377,0.008,0.615
296500,0.405,0.000,0.595
297000,0.332,0.003,0.665
297500,0.340,0.002,0.658
298000,0.396,0.004,0.600
298500,0.324,0.018,0.658
299000,0.350,0.000,0.650
299500,0.343,0.018,0.639
300000,0.409,0.000,0.591
300500,0.385,0.000,0.615
301000,0.402,0.002,0.596
301500,0.316,0.006,0.678
302000,0.317,0.005,0.678
302500,0.312,0.004,0.684
303000,0.285,0.000,0.715
303500,0.366,0.002,0.632
304000,0.360,0.000,0.640
304500,0.389,0.001,0.610
305000,0.317,0.004,0.679
305500,0.368,0.000,0.632
306000,0.384,0.002,0.614
306500,0.279,0.019,0.702
307000,0.319,0.002,0.679
307500,0.320,0.009,0.671
308000,0.274,0.004,0.722
308500,0.352,0.006,0.642
309000,0.327,0.000,0.673
309500,0.296,0.003,0.701
310000,0.380,0.002,0.618
310500,0.346,0.000,0.654
311000,0.353,0.005,0.642
311500,0.362,0.007,0.631
312000,0.304,0.009,0.687
312500,0.383,0.006,0.611
313000,0.350,0.007,0.643
313500,0.298,0.024,0.678
314000,0.332,0.008,0.660
314500,0.279,0.027,0.694
315000,0.351,0.002,0.647
315500,0.346,0.005,0.649
316000,0.352,0.001,0.647
316500,0.355,0.001,0.644
317000,0.370,0.000,0.630
317500,0.322,0.000,0.678
318000,0.356,0.001,0.643
318500,0.370,0.003,0.627
319000,0.353,0.013,0.634
319500,0.337,0.004,0.659
320000,0.292,0.014,0.694
320500,0.266,0.018,0.716
321000,0.276,0.022,0.702
321500,0.378,0.003,0.619
322000,0.370,0.000,0.630
322500,0.344,0.011,0.645
323000,0.354,0.000,0.646
323500,0.381,0.007,0.612
324000,0.400,0.004,0.596
324500,0.387,0.000,0.613
325000,0.404,0.006,0.590
325500,0.406,0.005,0.589
326000,0.413,0.010,0.577
326500,0.346,0.000,0.654
327000,0.305,0.015,0.680
327500,0.327,0.008,0.665
328000,0.300,0.002,0.698
328500,0.341,0.000,0.659
329000,0.350,0.007,0.643
329500,0.387,0.000,0.613
330000,0.323,0.008,0.669
330500,0.331,0.003,0.666
331000,0.323,0.016,0.661
331500,0.349,0.006,0.645
332000,0.328,0.005,0.667
332500,0.358,0.000,0.642
333000,0.347,0.000,0.653
333500,0.454,0.000,0.546
334000,0.424,0.004,0.572
334500,0.379,0.008,0.613
335000,0.390,0.002,0.608
335500,0.361,0.011,0.628
336000,0.395,0.007,0.598
336500,0.316,0.016,0.668
337000,0.346,0.003,0.651
337500,0.340,0.007,0.653
338000,0.379,0.000,0.621
338500,0.333,0.005,0.662
339000,0.420,0.011,0.569
339500,0.368,0.000,0.632
340000,0.326,0.011,0.663
340500,0.315,0.001,0.684
341000,0.360,0.002,0.638
341500,0.364,0.000,0.636
342000,0.316,0.000,0.684
342500,0.335,0.000,0.665
343000,0.421,0.000,0.579
343500,0.432,0.000,0.568
344000,0.375,0.001,0.624
344500,0.354,0.000,0.646
345000,0.454,0.002,0.544
345500,0.430,0.000,0.570
346000,0.392,0.000,0.608
346500,0.359,0.000,0.641
347000,0.348,0.004,0.648
347500,0.329,0.003,0.668
348000,0.269,0.012,0.719
348500,0.293,0.006,0.701
349000,0.303,0.014,0.683
349500,0.321,0.010,0.669
350000,0.322,0.002,0.676
350500,0.445,0.000,0.555
351000,0.436,0.000,0.564
351500,0.363,0.000,0.637
352000,0.331,0.000,0.669
352500,0.425,0.005,0.570
353000,0.412,0.002,0.586
353500,0.376,0.003,0.621
354000,0.375,0.000,0.625
354500,0.403,0.000,0.597
355000,0.365,0.000,0.635
355500,0.386,0.000,0.614
356000,0.291,0.002,0.707
356500,0.331,0.001,0.668
357000,0.318,0.005,0.677
357500,0.348,0.004,0.648
358000,0.282,0.010,0.708
358500,0.308,0.004,0.688
359000,0.350,0.012,0.638
359500,0.336,0.009,0.655
360000,0.391,0.000,0.609
360500,0.414,0.004,0.582
361000,0.360,0.000,0.640
361500,0.381,0.000,0.619
362000,0.382,0.000,0.618
362500,0.405,0.000,0.595
363000,0.358,0.008,0.634
363500,0.293,0.014,0.693
364000,0.329,0.005,0.666
364500,0.350,0.000,0.650
365000,0.310,0.002,0.688
365500,0.400,0.000,0.600
366000,0.449,0.000,0.551
366500,0.387,0.000,0.613
367000,0.381,0.002,0.617
367500,0.345,0.002,0.653
368000,0.400,0.001,0.599
368500,0.363,0.009,0.628
369000,0.307,0.005,0.688
369500,0.378,0.006,0.616
370000,0.332,0.000,0.668
370500,0.362,0.000,0.638
371000,0.319,0.000,0.681
371500,0.372,0.000,0.628
372000,0.339,0.003,0.658
372500,0.357,0.000,0.643
373000,0.347,0.000,0.653
373500,0.408,0.000,0.592
374000,0.315,0.006,0.679
374500,0.361,0.001,0.638
375000,0.304,0.001,0.695
375500,0.435,0.000,0.565
376000,0.383,0.000,0.617
376500,0.440,0.000,0.560
377000,0.400,0.000,0.600
377500,0.396,0.006,0.598
378000,0.366,0.001,0.633
378500,0.494,0.000,0.506
379000,0.412,0.005,0.583
379500,0.425,0.000,0.575
380000,0.424,0.006,0.570
380500,0.474,0.000,0.526
381000,0.464,0.000,0.536
381500,0.362,0.005,0.633
382000,0.271,0.007,0.722
382500,0.266,0.032,0.702
383000,0.225,0.031,0.744
383500,0.324,0.008,0.668
384000,0.340,0.003,0.657
384500,0.385,0.002,0.613
385000,0.322,0.004,0.674
385500,0.359,0.025,0.616
386000,0.338,0.001,0.661
386500,0.371,0.009,0.620
387000,0.375,0.001,0.624
387500,0.402,0.000,0.598
388000,0.359,0.000,0.641
388500,0.333,0.001,0.666
389000,0.370,0.016,0.614
389500,0.370,0.007,0.623
390000,0.323,0.000,0.677
390500,0.315,0.000,0.685
391000,0.403,0.000,0.597
391500,0.306,0.005,0.689
392000,0.269,0.002,0.729
392500,0.313,0.000,0.687
393000,0.316,0.001,0.683
393500,0.329,0.003,0.668
394000,0.284,0.001,0.715
394500,0.333,0.015,0.652
395000,0.268,0.004,0.728
395500,0.316,0.005,0.679
396000,0.363,0.006,0.631
396500,0.352,0.006,0.642
397000,0.418,0.003,0.579
397500,0.417,0.000,0.583
398000,0.454,0.000,0.546
398500,0.337,0.000,0.663
399000,0.402,0.000,0.598
399500,0.403,0.000,0.597
400000,0.408,0.000,0.592
400500,0.420,0.000,0.580
401000,0.271,0.004,0.725
401500,0.289,0.005,0.706
402000,0.358,0.010,0.632
402500,0.351,0.008,0.641
403000,0.410,0.000,0.590
403500,0.333,0.003,0.664
404000,0.333,0.000,0.667
404500,0.424,0.000,0.576
405000,0.392,0.000,0.608
405500,0.365,0.005,0.630
406000,0.393,0.000,0.607
406500,0.394,0.000,0.606
407000,0.383,0.000,0.617
407500,0.332,0.016,0.652
408000,0.312,0.012,0.676
408500,0.375,0.002,0.623
409000,0.378,0.001,0.621
409500,0.385,0.006,0.609
410000,0.328,0.003,0.669
410500,0.371,0.000,0.629
411000,0.365,0.000,0.635
411500,0.327,0.009,0.664
412000,0.316,0.015,0.669
412500,0.276,0.015,0.709
413000,0.289,0.013,0.698
413500,0.214,0.022,0.764
414000,0.266,0.010,0.724
414500,0.354,0.003,0.643
415000,0.333,0.001,0.666
415500,0.368,0.000,0.632
416000,0.306,0.011,0.683
416500,0.330,0.003,0.667
417000,0.373,0.003,0.624
417500,0.305,0.001,0.694
418000,0.324,0.006,0.670
418500,0.315,0.004,0.681
419000,0.340,0.001,0.659
419500,0.291,0.004,0.705
420000,0.338,0.004,0.658
420500,0.273,0.014,0.713
421000,0.356,0.006,0.638
421500,0.325,0.002,0.673
422000,0.459,0.000,0.541
422500,0.422,0.000,0.578
423000,0.351,0.003,0.646
423500,0.298,0.004,0.698
424000,0.306,0.009,0.685
424500,0.328,0.010,0.662
425000,0.268,0.001,0.731
425500,0.262,0.005,0.733
426000,0.332,0.012,0.656
426500,0.385,0.010,0.605
427000,0.335,0.001,0.664
427500,0.400,0.000,0.600
428000,0.430,0.000,0.570
428500,0.319,0.001,0.680
429000,0.298,0.012,0.690
429500,0.333,0.000,0.667
430000,0.354,0.000,0.646
430500,0.356,0.000,0.644
431000,0.258,0.017,0.725
431500,0.350,0.009,0.641
432000,0.314,0.015,0.671
432500,0.253,0.016,0.731
433000,0.222,0.017,0.761
433500,0.326,0.028,0.646
434000,0.432,0.002,0.566
434500,0.382,0.000,0.618
435000,0.345,0.001,0.654
435500,0.430,0.000,0.570
436000,0.432,0.000,0.568
436500,0.390,0.003,0.607
437000,0.391,0.000,0.609
437500,0.445,0.000,0.555
438000,0.398,0.003,0.599
438500,0.421,0.000,0.579
439000,0.379,0.000,0.621
439500,0.354,0.016,0.630
440000,0.379,0.000,0.621
440500,0.418,0.000,0.582
441000,0.429,0.000,0.571
441500,0.469,0.000,0.531
442000,0.424,0.000,0.576
442500,0.475,0.000,0.525
443000,0.396,0.000,0.604
443500,0.360,0.000,0.640
444000,0.303,0.012,0.685
444500,0.319,0.001,0.680
445000,0.411,0.004,0.585
445500,0.401,0.000,0.599
446000,0.445,0.000,0.555
446500,0.405,0.000,0.595
447000,0.333,0.000,0.667
447500,0.373,0.000,0.627
448000,0.392,0.000,0.608
448500,0.406,0.006,0.588
449000,0.464,0.000,0.536
449500,0.342,0.000,0.658
450000,0.342,0.004,0.654
450500,0.301,0.002,0.697
451000,0.328,0.005,0.667
451500,0.344,0.001,0.655
452000,0.410,0.000,0.590
452500,0.340,0.000,0.660
453000,0.342,0.005,0.653
453500,0.337,0.001,0.662
454000,0.340,0.006,0.654
454500,0.342,0.005,0.653
455000,0.368,0.000,0.632
455500,0.455,0.000,0.545
456000,0.380,0.000,0.620
456500,0.369,0.000,0.631
457000,0.340,0.008,0.652
457500,0.271,0.019,0.710
458000,0.291,0.016,0.693
458500,0.384,0.001,0.615
459000,0.329,0.001,0.670
459500,0.391,0.004,0.605
460000,0.395,0.000,0.605
460500,0.337,0.007,0.656
461000,0.383,0.000,0.617
461500,0.357,0.005,0.638
462000,0.315,0.015,0.670
462500,0.372,0.005,0.623
463000,0.363,0.001,0.636
463500,0.330,0.013,0.657
464000,0.315,0.010,0.675
464500,0.336,0.013,0.651
465000,0.319,0.010,0.671
465500,0.307,0.007,0.686
466000,0.320,0.008,0.672
466500,0.290,0.006,0.704
467000,0.350,0.001,0.649
467500,0.289,0.007,0.704
468000,0.257,0.014,0.729
468500,0.299,0.020,0.681
469000,0.365,0.003,0.632
469500,0.330,0.000,0.670
470000,0.352,0.000,0.648
470500,0.370,0.000,0.630
471000,0.418,0.014,0.568
471500,0.387,0.000,0.613
472000,0.412,0.000,0.588
472500,0.393,0.000,0.607
473000,0.402,0.006,0.592
473500,0.342,0.009,0.649
474000,0.288,0.000,0.712
474500,0.347,0.000,0.653
475000,0.334,0.000,0.666
475500,0.373,0.003,0.624
476000,0.378,0.004,0.618
476500,0.390,0.004,0.606
477000,0.427,0.001,0.572
477500,0.356,0.010,0.634
478000,0.320,0.011,0.669
478500,0.361,0.001,0.638
479000,0.408,0.003,0.589
479500,0.343,0.001,0.656
480000,0.346,0.009,0.645
480500,0.363,0.001,0.636
481000,0.334,0.007,0.659
481500,0.338,0.006,0.656
482000,0.361,0.007,0.632
482500,0.351,0.001,0.648
483000,0.342,0.007,0.651
483500,0.292,0.005,0.703
484000,0.308,0.003,0.689
484500,0.379,0.000,0.621
485000,0.385,0.000,0.615
485500,0.369,0.004,0.627
486000,0.433,0.001,0.566
486500,0.459,0.005,0.536
487000,0.392,0.001,0.607
487500,0.387,0.006,0.607
488000,0.366,0.001,0.633
488500,0.279,0.001,0.720
489000,0.306,0.012,0.682
489500,0.306,0.010,0.684
490000,0.267,0.014,0.719
490500,0.374,0.002,0.624
491000,0.346,0.003,0.651
491500,0.329,0.013,0.658
492000,0.377,0.005,0.618
492500,0.307,0.009,0.684
493000,0.311,0.005,0.684
493500,0.350,0.004,0.646
494000,0.399,0.002,0.599
494500,0.340,0.000,0.660
495000,0.380,0.000,0.620
495500,0.379,0.000,0.621
496000,0.336,0.017,0.647
496500,0.284,0.008,0.708
497000,0.290,0.009,0.701
497500,0.338,0.005,0.657
498000,0.348,0.001,0.651
498500,0.368,0.000,0.632
499000,0.349,0.003,0.648
499500,0.390,0.005,0.605
500000,0.358,0.002,0.640
500500,0.382,0.007,0.611
501000,0.359,0.000,0.641
501500,0.389,0.000,0.611
502000,0.414,0.000,0.586
502500,0.335,0.000,0.665
503000,0.372,0.007,0.621
503500,0.350,0.008,0.642
504000,0.330,0.013,0.657
504500,0.310,0.005,0.685
505000,0.344,0.021,0.635
505500,0.310,0.002,0.688
506000,0.268,0.006,0.726
506500,0.423,0.001,0.576
507000,0.322,0.001,0.677
507500,0.339,0.006,0.655
508000,0.373,0.002,0.625
508500,0.355,0.001,0.644
509000,0.402,0.001,0.597
509500,0.414,0.000,0.586
510000,0.325,0.003,0.672
510500,0.350,0.001,0.649
511000,0.382,0.000,0.618
511500,0.353,0.004,0.643
512000,0.292,0.000,0.708
512500,0.303,0.003,0.694
513000,0.367,0.000,0.633
513500,0.398,0.000,0.602
514000,0.371,0.003,0.626
514500,0.377,0.000,0.623
515000,0.422,0.000,0.578
515500,0.464,0.000,0.536
516000,0.413,0.000,0.587
516500,0.363,0.000,0.637
517000,0.351,0.001,0.648
517500,0.348,0.001,0.651
518000,0.312,0.013,0.675
518500,0.328,0.002,0.670
519000,0.371,0.005,0.624
519500,0.321,0.007,0.672
520000,0.390,0.000,0.610
520500,0.379,0.000,0.621
521000,0.403,0.000,0.597
521500,0.312,0.001,0.687
522000,0.326,0.000,0.674
522500,0.391,0.000,0.609
523000,0.384,0.006,0.610
523500,0.399,0.000,0.601
524000,0.339,0.020,0.641
524500,0.333,0.003,0.664
525000,0.318,0.004,0.678
525500,0.303,0.015,0.682
526000,0.305,0.006,0.689
526500,0.314,0.006,0.680
527000,0.317,0.008,0.675
527500,0.351,0.012,0.637
528000,0.303,0.006,0.691
528500,0.338,0.011,0.651
529000,0.302,0.000,0.698
529500,0.339,0.000,0.661
530000,0.320,0.000,0.680
530500,0.385,0.000,0.615
531000,0.431,0.001,0.568
531500,0.380,0.007,0.613
532000,0.394,0.004,0.602
532500,0.344,0.005,0.651
533000,0.349,0.000,0.651
533500,0.304,0.006,0.690
534000,0.376,0.005,0.619
534500,0.321,0.001,0.678
535000,0.332,0.004,0.664
535500,0.456,0.000,0.544
536000,0.437,0.010,0.553
536500,0.459,0.000,0.541
537000,0.337,0.001,0.662
537500,0.332,0.001,0.667
538000,0.361,0.005,0.634
538500,0.296,0.013,0.691
539000,0.384,0.000,0.616
539500,0.359,0.001,0.640
540000,0.325,0.002,0.673
540500,0.392,0.001,0.607
541000,0.400,0.000,0.600
541500,0.339,0.005,0.656
542000,0.344,0.005,0.651
542500,0.366,0.006,0.628
543000,0.342,0.005,0.653
543500,0.331,0.005,0.664
544000,0.287,0.015,0.698
544500,0.342,0.002,0.656
545000,0.360,0.000,0.640
545500,0.379,0.007,0.614
546000,0.313,0.013,0.674
546500,0.330,0.007,0.663
547000,0.337,0.011,0.652
547500,0.292,0.021,0.687
548000,0.288,0.016,0.696
548500,0.277,0.013,0.710
549000,0.308,0.000,0.692
549500,0.317,0.013,0.670
550000,0.338,0.006,0.656
550500,0.323,0.008,0.669
551000,0.342,0.014,0.644
551500,0.323,0.009,0.668
552000,0.316,0.010,0.674
552500,0.346,0.001,0.653
553000,0.392,0.010,0.598
553500,0.409,0.000,0.591
554000,0.364,0.001,0.635
554500,0.348,0.005,0.647
555000,0.322,0.010,0.668
555500,0.382,0.001,0.617
556000,0.365,0.000,0.635
556500,0.415,0.000,0.585
557000,0.421,0.000,0.579
557500,0.347,0.004,0.649
558000,0.387,0.000,0.613
558500,0.340,0.000,0.660
559000,0.415,0.003,0.582
559500,0.345,0.000,0.655
560000,0.312,0.014,0.674
560500,0.338,0.001,0.661
561000,0.316,0.000,0.684
561500,0.275,0.012,0.713
562000,0.278,0.009,0.713
562500,0.332,0.011,0.657
563000,0.322,0.003,0.675
563500,0.345,0.000,0.655
564000,0.347,0.005,0.648
564500,0.361,0.003,0.636
565000,0.359,0.001,0.640
565500,0.384,0.000,0.616
566000,0.299,0.021,0.680
566500,0.308,0.001,0.691
567000,0.307,0.007,0.686
567500,0.359,0.004,0.637
568000,0.276,0.000,0.724
568500,0.343,0.000,0.657
569000,0.338,0.005,0.657
569500,0.337,0.000,0.663
570000,0.320,0.005,0.675
570500,0.389,0.003,0.608
571000,0.446,0.007,0.547
571500,0.456,0.000,0.544
572000,0.388,0.001,0.611
572500,0.363,0.001,0.636
573000,0.347,0.000,0.653
573500,0.347,0.000,0.653
574000,0.373,0.007,0.620
574500,0.432,0.000,0.568
575000,0.355,0.000,0.645
575500,0.292,0.007,0.701
576000,0.299,0.012,0.689
576500,0.347,0.005,0.648
577000,0.358,0.001,0.641
577500,0.406,0.000,0.594
578000,0.352,0.005,0.643
578500,0.339,0.000,0.661
579000,0.288,0.000,0.712
579500,0.359,0.003,0.638
580000,0.310,0.002,0.688
580500,0.333,0.000,0.667
581000,0.310,0.000,0.690
581500,0.370,0.000,0.630
582000,0.322,0.006,0.672
582500,0.313,0.002,0.685
583000,0.404,0.000,0.596
583500,0.416,0.009,0.575
584000,0.391,0.006,0.603
584500,0.399,0.000,0.601
585000,0.352,0.002,0.646
585500,0.396,0.000,0.604
586000,0.361,0.012,0.627
586500,0.326,0.007,0.667
587000,0.334,0.003,0.663
587500,0.327,0.007,0.666
588000,0.339,0.001,0.660
588500,0.376,0.000,0.624
589000,0.343,0.001,0.656
589500,0.389,0.000,0.611
590000,0.405,0.000,0.595
590500,0.356,0.000,0.644
591000,0.306,0.002,0.692
591500,0.370,0.003,0.627
592000,0.343,0.003,0.654
592500,0.406,0.004,0.590
593000,0.363,0.009,0.628
593500,0.251,0.007,0.742
594000,0.416,0.004,0.580
594500,0.332,0.001,0.667
595000,0.364,0.001,0.635
595500,0.294,0.002,0.704
596000,0.327,0.017,0.656
596500,0.375,0.002,0.623
597000,0.393,0.000,0.607
597500,0.336,0.006,0.658
598000,0.286,0.002,0.712
598500,0.305,0.002,0.693
599000,0.352,0.003,0.645
599500,0.346,0.000,0.654
600000,0.372,0.000,0.628
600500,0.394,0.001,0.605
601000,0.338,0.000,0.662
601500,0.358,0.002,0.640
602000,0.386,0.000,0.614
602500,0.373,0.000,0.627
603000,0.368,0.003,0.629
603500,0.437,0.001,0.562
604000,0.334,0.006,0.660
604500,0.396,0.000,0.604
605000,0.420,0.000,0.580
605500,0.365,0.001,0.634
606000,0.389,0.002,0.609
606500,0.332,0.001,0.667
607000,0.325,0.003,0.672
607500,0.315,0.009,0.676
608000,0.341,0.003,0.656
608500,0.382,0.000,0.618
609000,0.415,0.000,0.585
609500,0.330,0.008,0.662
610000,0.312,0.000,0.688
610500,0.358,0.000,0.642
611000,0.367,0.000,0.633
611500,0.451,0.000,0.549
612000,0.420,0.000,0.580
612500,0.431,0.000,0.569
613000,0.438,0.000,0.562
613500,0.447,0.006,0.547
614000,0.476,0.000,0.524
614500,0.351,0.000,0.649
615000,0.319,0.005,0.676
615500,0.346,0.002,0.652
616000,0.431,0.000,0.569
616500,0.399,0.000,0.601
617000,0.371,0.004,0.625
617500,0.336,0.000,0.664
618000,0.376,0.001,0.623
618500,0.371,0.004,0.625
619000,0.337,0.001,0.662
619500,0.338,0.001,0.661
620000,0.388,0.000,0.612
620500,0.399,0.001,0.600
621000,0.449,0.000,0.551
621500,0.414,0.000,0.586
622000,0.432,0.000,0.568
622500,0.360,0.000,0.640
623000,0.386,0.000,0.614
623500,0.362,0.000,0.638
624000,0.372,0.000,0.628
624500,0.334,0.003,0.663
625000,0.277,0.007,0.716
625500,0.384,0.001,0.615
626000,0.409,0.000,0.591
626500,0.441,0.000,0.559
627000,0.342,0.011,0.647
627500,0.346,0.010,0.644
628000,0.387,0.000,0.613
628500,0.309,0.007,0.684
629000,0.365,0.008,0.627
629500,0.353,0.007,0.640
630000,0.379,0.000,0.621
630500,0.441,0.000,0.559
631000,0.385,0.001,0.614
631500,0.369,0.005,0.626
632000,0.415,0.002,0.583
632500,0.425,0.000,0.575
633000,0.324,0.002,0.674
633500,0.353,0.014,0.633
634000,0.294,0.008,0.698
634500,0.277,0.022,0.701
635000,0.304,0.001,0.695
635500,0.329,0.000,0.671
636000,0.342,0.005,0.653
636500,0.275,0.000,0.725
637000,0.337,0.002,0.661
637500,0.292,0.010,0.698
638000,0.342,0.013,0.645
638500,0.338,0.000,0.662
639000,0.379,0.000,0.621
639500,0.325,0.009,0.666
640000,0.294,0.004,0.702
640500,0.306,0.014,0.680
641000,0.434,0.000,0.566
641500,0.362,0.000,0.638
642000,0.364,0.001,0.635
642500,0.342,0.013,0.645
643000,0.329,0.004,0.667
643500,0.375,0.008,0.617
644000,0.297,0.012,0.691
644500,0.315,0.010,0.675
645000,0.285,0.001,0.714
645500,0.356,0.000,0.644
646000,0.356,0.006,0.638
646500,0.357,0.000,0.643
647000,0.429,0.000,0.571
647500,0.329,0.007,0.664
648000,0.348,0.010,0.642
648500,0.452,0.001,0.547
649000,0.372,0.009,0.619
649500,0.401,0.001,0.598
650000,0.366,0.000,0.634
650500,0.431,0.000,0.569
651000,0.416,0.000,0.584
651500,0.392,0.000,0.608
652000,0.320,0.000,0.680
652500,0.375,0.000,0.625
653000,0.339,0.000,0.661
653500,0.372,0.003,0.625
654000,0.360,0.000,0.640
654500,0.334,0.000,0.666
655000,0.283,0.021,0.696
655500,0.289,0.005,0.706
656000,0.351,0.000,0.649
656500,0.357,0.000,0.643
657000,0.368,0.007,0.625
657500,0.380,0.001,0.619
658000,0.410,0.000,0.590
658500,0.382,0.000,0.618
659000,0.366,0.001,0.633
659500,0.390,0.001,0.609
660000,0.443,0.001,0.556
660500,0.315,0.004,0.681
661000,0.361,0.008,0.631
661500,0.430,0.001,0.569
662000,0.390,0.000,0.610
662500,0.366,0.011,0.623
663000,0.401,0.005,0.594
663500,0.387,0.000,0.613
664000,0.330,0.000,0.670
664500,0.429,0.000,0.571
665000,0.392,0.000,0.608
665500,0.385,0.006,0.609
666000,0.313,0.005,0.682
666500,0.336,0.000,0.664
667000,0.352,0.000,0.648
667500,0.293,0.009,0.698
668000,0.344,0.000,0.656
668500,0.370,0.000,0.630
669000,0.383,0.006,0.611
669500,0.363,0.000,0.637
670000,0.394,0.015,0.591
670500,0.352,0.001,0.647
671000,0.359,0.003,0.638
671500,0.364,0.007,0.629
672000,0.363,0.004,0.633
672500,0.315,0.002,0.683
673000,0.410,0.000,0.590
673500,0.406,0.000,0.594
674000,0.404,0.003,0.593
674500,0.305,0.014,0.681
675000,0.322,0.003,0.675
675500,0.345,0.001,0.654
676000,0.371,0.000,0.629
676500,0.350,0.008,0.642
677000,0.328,0.015,0.657
677500,0.367,0.002,0.631
678000,0.366,0.001,0.633
678500,0.333,0.000,0.667
679000,0.349,0.000,0.651
679500,0.368,0.002,0.630
680000,0.390,0.004,0.606
680500,0.389,0.001,0.610
681000,0.344,0.003,0.653
681500,0.325,0.000,0.675
682000,0.354,0.004,0.642
682500,0.392,0.000,0.608
683000,0.402,0.000,0.598
683500,0.415,0.000,0.585
684000,0.388,0.001,0.611
684500,0.327,0.001,0.672
685000,0.357,0.009,0.634
685500,0.271,0.008,0.721
686000,0.391,0.000,0.609
686500,0.365,0.000,0.635
687000,0.415,0.000,0.585
687500,0.366,0.008,0.626
688000,0.382,0.000,0.618
688500,0.341,0.005,0.654
689000,0.421,0.007,0.572
689500,0.376,0.014,0.610
690000,0.334,0.002,0.664
690500,0.302,0.016,0.682
691000,0.301,0.005,0.694
691500,0.492,0.000,0.508
692000,0.378,0.000,0.622
692500,0.374,0.000,0.626
693000,0.382,0.007,0.611
693500,0.320,0.004,0.676
694000,0.309,0.010,0.681
694500,0.326,0.000,0.674
695000,0.353,0.003,0.644
695500,0.361,0.003,0.636
696000,0.349,0.000,0.651
696500,0.374,0.000,0.626
697000,0.411,0.000,0.589
697500,0.352,0.001,0.647
698000,0.364,0.003,0.633
698500,0.368,0.000,0.632
699000,0.397,0.000,0.603
699500,0.429,0.000,0.571
700000,0.298,0.003,0.699
700500,0.297,0.006,0.697
701000,0.429,0.000,0.571
701500,0.393,0.005,0.602
702000,0.314,0.004,0.682
702500,0.335,0.008,0.657
703000,0.388,0.001,0.611
703500,0.456,0.000,0.544
704000,0.433,0.001,0.566
704500,0.368,0.022,0.610
705000,0.393,0.002,0.605
705500,0.331,0.000,0.669
706000,0.407,0.002,0.591
706500,0.334,0.002,0.664
707000,0.389,0.000,0.611
707500,0.382,0.001,0.617
708000,0.327,0.005,0.668
708500,0.335,0.007,0.658
709000,0.250,0.023,0.727
709500,0.283,0.003,0.714
710000,0.261,0.013,0.726
710500,0.341,0.008,0.651
711000,0.340,0.003,0.657
711500,0.332,0.001,0.667
712000,0.366,0.002,0.632
712500,0.374,0.000,0.626
713000,0.365,0.000,0.635
713500,0.313,0.006,0.681
714000,0.373,0.004,0.623
714500,0.377,0.000,0.623
715000,0.346,0.005,0.649
715500,0.348,0.001,0.651
716000,0.329,0.001,0.670
716500,0.256,0.018,0.726
717000,0.402,0.002,0.596
717500,0.449,0.000,0.551
718000,0.392,0.000,0.608
718500,0.355,0.000,0.645
719000,0.312,0.019,0.669
719500,0.320,0.014,0.666
720000,0.345,0.008,0.647
720500,0.356,0.001,0.643
721000,0.386,0.007,0.607
721500,0.394,0.002,0.604
722000,0.397,0.009,0.594
722500,0.427,0.005,0.568
723000,0.439,0.002,0.559
723500,0.338,0.000,0.662
724000,0.375,0.002,0.623
724500,0.389,0.000,0.611
725000,0.427,0.000,0.573
725500,0.473,0.000,0.527
726000,0.439,0.000,0.561
726500,0.445,0.000,0.555
727000,0.467,0.001,0.532
727500,0.462,0.001,0.537
728000,0.422,0.000,0.578
728500,0.425,0.000,0.575
729000,0.320,0.000,0.680
729500,0.279,0.003,0.718
730000,0.448,0.001,0.551
730500,0.415,0.000,0.585
731000,0.355,0.000,0.645
731500,0.358,0.000,0.642
732000,0.418,0.009,0.573
732500,0.443,0.001,0.556
733000,0.377,0.000,0.623
733500,0.338,0.000,0.662
734000,0.379,0.000,0.621
734500,0.327,0.011,0.662
735000,0.422,0.001,0.577
735500,0.355,0.008,0.637
736000,0.352,0.001,0.647
736500,0.364,0.001,0.635
737000,0.362,0.000,0.638
737500,0.375,0.002,0.623
738000,0.420,0.003,0.577
738500,0.362,0.011,0.627
739000,0.352,0.002,0.646
739500,0.286,0.011,0.703
740000,0.445,0.002,0.553
740500,0.459,0.007,0.534
741000,0.345,0.005,0.650
741500,0.385,0.000,0.615
742000,0.366,0.005,0.629
742500,0.357,0.009,0.634
743000,0.372,0.010,0.618
743500,0.348,0.001,0.651
744000,0.385,0.000,0.615
744500,0.428,0.000,0.572
745000,0.359,0.002,0.639
745500,0.325,0.002,0.673
746000,0.340,0.004,0.656
746500,0.304,0.006,0.690
747000,0.298,0.010,0.692
747500,0.211,0.015,0.774
748000,0.211,0.017,0.772
748500,0.276,0.002,0.722
749000,0.331,0.000,0.669
749500,0.269,0.000,0.731
750000,0.278,0.005,0.717
750500,0.391,0.003,0.606
751000,0.303,0.006,0.691
751500,0.309,0.004,0.687
752000,0.332,0.009,0.659
752500,0.371,0.003,0.626
753000,0.334,0.012,0.654
753500,0.341,0.000,0.659
754000,0.388,0.000,0.612
754500,0.301,0.002,0.697
755000,0.377,0.005,0.618
755500,0.427,0.002,0.571
756000,0.395,0.000,0.605
756500,0.422,0.000,0.578
757000,0.415,0.005,0.580
757500,0.346,0.005,0.649
758000,0.363,0.002,0.635
758500,0.401,0.001,0.598
759000,0.443,0.000,0.557
759500,0.435,0.000,0.565
760000,0.461,0.000,0.539
760500,0.421,0.005,0.574
761000,0.324,0.017,0.659
761500,0.321,0.001,0.678
762000,0.326,0.001,0.673
762500,0.340,0.002,0.658
763000,0.327,0.000,0.673
763500,0.361,0.008,0.631
764000,0.310,0.008,0.682
764500,0.300,0.014,0.686
765000,0.342,0.003,0.655
765500,0.294,0.000,0.706
766000,0.336,0.000,0.664
766500,0.251,0.017,0.732
767000,0.271,0.009,0.720
767500,0.378,0.001,0.621
768000,0.445,0.000,0.555
768500,0.408,0.000,0.592
769000,0.433,0.000,0.567
769500,0.303,0.000,0.697
770000,0.388,0.006,0.606
770500,0.361,0.002,0.637
771000,0.440,0.003,0.557
771500,0.417,0.001,0.582
772000,0.389,0.000,0.611
772500,0.411,0.000,0.589
773000,0.372,0.000,0.628
773500,0.347,0.000,0.653
774000,0.399,0.000,0.601
774500,0.399,0.004,0.597
775000,0.319,0.002,0.679
775500,0.344,0.000,0.656
776000,0.285,0.003,0.712
776500,0.289,0.011,0.700
777000,0.248,0.026,0.726
777500,0.221,0.021,0.758
778000,0.342,0.004,0.654
778500,0.347,0.008,0.645
779000,0.366,0.001,0.633
779500,0.331,0.000,0.669
780000,0.343,0.001,0.656
780500,0.355,0.002,0.643
781000,0.335,0.013,0.652
781500,0.318,0.005,0.677
782000,0.359,0.000,0.641
782500,0.394,0.000,0.606
783000,0.446,0.000,0.554
783500,0.362,0.000,0.638
784000,0.431,0.000,0.569
784500,0.410,0.000,0.590
785000,0.420,0.000,0.580
785500,0.307,0.001,0.692
786000,0.400,0.011,0.589
786500,0.471,0.005,0.524
787000,0.372,0.000,0.628
787500,0.361,0.000,0.639
788000,0.385,0.003,0.612
788500,0.345,0.008,0.647
789000,0.347,0.010,0.643
789500,0.372,0.007,0.621
790000,0.275,0.002,0.723
790500,0.346,0.012,0.642
791000,0.399,0.012,0.589
791500,0.326,0.007,0.667
792000,0.308,0.010,0.682
792500,0.383,0.007,0.610
793000,0.378,0.000,0.622
793500,0.378,0.002,0.620
794000,0.369,0.005,0.626
794500,0.311,0.005,0.684
795000,0.337,0.003,0.660
795500,0.305,0.000,0.695
796000,0.334,0.013,0.653
796500,0.272,0.013,0.715
797000,0.267,0.031,0.702
797500,0.309,0.003,0.688
798000,0.334,0.000,0.666
798500,0.381,0.003,0.616
799000,0.359,0.001,0.640
799500,0.428,0.000,0.572
800000,0.449,0.000,0.551
800500,0.399,0.001,0.600
801000,0.359,0.000,0.641
801500,0.315,0.000,0.685
802000,0.372,0.018,0.610
802500,0.347,0.002,0.651
803000,0.418,0.000,0.582
803500,0.384,0.000,0.616
804000,0.322,0.000,0.678
804500,0.292,0.010,0.698
805000,0.227,0.042,0.731
805500,0.246,0.018,0.736
806000,0.276,0.019,0.705
806500,0.352,0.011,0.637
807000,0.348,0.001,0.651
807500,0.443,0.000,0.557
808000,0.418,0.006,0.576
808500,0.359,0.001,0.640
809000,0.338,0.019,0.643
809500,0.351,0.009,0.640
810000,0.427,0.001,0.572
810500,0.311,0.000,0.689
811000,0.384,0.002,0.614
811500,0.377,0.000,0.623
812000,0.399,0.001,0.600
812500,0.370,0.014,0.616
813000,0.385,0.000,0.615
813500,0.364,0.008,0.628
814000,0.390,0.000,0.610
814500,0.394,0.000,0.606
815000,0.420,0.004,0.576
815500,0.357,0.002,0.641
816000,0.327,0.011,0.662
816500,0.346,0.002,0.652
817000,0.350,0.009,0.641
817500,0.362,0.004,0.634
818000,0.409,0.005,0.586
818500,0.363,0.004,0.633
819000,0.403,0.005,0.592
819500,0.292,0.003,0.705
820000,0.296,0.003,0.701
820500,0.276,0.010,0.714
821000,0.302,0.002,0.696
821500,0.317,0.017,0.666
822000,0.283,0.003,0.714
822500,0.330,0.008,0.662
823000,0.409,0.003,0.588
823500,0.398,0.005,0.597
824000,0.380,0.000,0.620
824500,0.356,0.007,0.637
825000,0.380,0.001,0.619
825500,0.405,0.001,0.594
826000,0.412,0.000,0.588
826500,0.332,0.006,0.662
827000,0.292,0.006,0.702
827500,0.285,0.005,0.710
828000,0.319,0.010,0.671
828500,0.266,0.004,0.730
829000,0.320,0.002,0.678
829500,0.294,0.027,0.679
830000,0.288,0.000,0.712
830500,0.378,0.000,0.622
831000,0.369,0.000,0.631
831500,0.385,0.001,0.614
832000,0.351,0.010,0.639
832500,0.324,0.004,0.672
833000,0.373,0.008,0.619
833500,0.319,0.001,0.680
834000,0.414,0.000,0.586
834500,0.365,0.004,0.631
835000,0.428,0.000,0.572
835500,0.378,0.002,0.620
836000,0.317,0.010,0.673
836500,0.303,0.002,0.695
837000,0.394,0.005,0.601
837500,0.398,0.000,0.602
838000,0.385,0.000,0.615
838500,0.398,0.005,0.597
839000,0.381,0.000,0.619
839500,0.394,0.000,0.606
840000,0.352,0.007,0.641
840500,0.400,0.004,0.596
841000,0.341,0.009,0.650
841500,0.326,0.003,0.671
842000,0.364,0.002,0.634
842500,0.424,0.000,0.576
843000,0.375,0.002,0.623
843500,0.316,0.013,0.671
844000,0.348,0.005,0.647
844500,0.354,0.004,0.642
845000,0.325,0.001,0.674
845500,0.342,0.001,0.657
846000,0.366,0.003,0.631
846500,0.390,0.000,0.610
847000,0.326,0.000,0.674
847500,0.318,0.010,0.672
848000,0.350,0.000,0.650
848500,0.335,0.004,0.661
849000,0.360,0.004,0.636
849500,0.308,0.001,0.691
850000,0.325,0.007,0.668
850500,0.391,0.004,0.605
851000,0.323,0.015,0.662
851500,0.269,0.015,0.716
852000,0.318,0.001,0.681
852500,0.348,0.002,0.650
853000,0.346,0.000,0.654
853500,0.290,0.000,0.710
854000,0.374,0.003,0.623
854500,0.319,0.006,0.675
855000,0.355,0.001,0.644
855500,0.353,0.000,0.647
856000,0.304,0.000,0.696
856500,0.318,0.010,0.672
857000,0.235,0.025,0.740
857500,0.247,0.013,0.740
858000,0.298,0.004,0.698
858500,0.397,0.000,0.603
859000,0.367,0.000,0.633
859500,0.351,0.009,0.640
860000,0.350,0.006,0.644
860500,0.397,0.000,0.603
861000,0.445,0.000,0.555
861500,0.411,0.000,0.589
862000,0.329,0.007,0.664
862500,0.294,0.005,0.701
863000,0.329,0.011,0.660
863500,0.326,0.006,0.668
864000,0.343,0.004,0.653
864500,0.277,0.002,0.721
865000,0.323,0.010,0.667
865500,0.319,0.030,0.651
866000,0.352,0.011,0.637
866500,0.295,0.009,0.696
867000,0.236,0.020,0.744
867500,0.242,0.016,0.742
868000,0.291,0.017,0.692
868500,0.285,0.011,0.704
869000,0.329,0.003,0.668
869500,0.362,0.000,0.638
870000,0.329,0.006,0.665
870500,0.369,0.005,0.626
871000,0.362,0.001,0.637
871500,0.332,0.000,0.668
872000,0.270,0.004,0.726
872500,0.327,0.008,0.665
873000,0.333,0.004,0.663
873500,0.326,0.000,0.674
874000,0.375,0.005,0.620
874500,0.435,0.000,0.565
875000,0.448,0.003,0.549
875500,0.472,0.000,0.528
876000,0.406,0.000,0.594
876500,0.323,0.000,0.677
877000,0.366,0.003,0.631
877500,0.331,0.006,0.663
878000,0.338,0.006,0.656
878500,0.338,0.001,0.661
879000,0.424,0.000,0.576
879500,0.390,0.000,0.610
880000,0.342,0.001,0.657
880500,0.363,0.003,0.634
881000,0.414,0.000,0.586
881500,0.485,0.000,0.515
882000,0.433,0.004,0.563
882500,0.409,0.004,0.587
883000,0.398,0.009,0.593
883500,0.373,0.000,0.627
884000,0.416,0.000,0.584
884500,0.363,0.001,0.636
885000,0.364,0.008,0.628
885500,0.406,0.001,0.593
886000,0.401,0.000,0.599
886500,0.387,0.000,0.613
887000,0.371,0.000,0.629
887500,0.327,0.000,0.673
888000,0.319,0.020,0.661
888500,0.330,0.002,0.668
889000,0.340,0.017,0.643
889500,0.321,0.000,0.679
890000,0.331,0.000,0.669
890500,0.327,0.009,0.664
891000,0.334,0.009,0.657
891500,0.438,0.001,0.561
892000,0.411,0.000,0.589
892500,0.440,0.000,0.560
893000,0.437,0.000,0.563
893500,0.470,0.000,0.530
894000,0.432,0.000,0.568
894500,0.402,0.000,0.598
895000,0.407,0.000,0.593
895500,0.345,0.003,0.652
896000,0.331,0.001,0.668
896500,0.375,0.002,0.623
897000,0.370,0.002,0.628
897500,0.365,0.000,0.635
898000,0.380,0.000,0.620
898500,0.317,0.002,0.681
899000,0.311,0.003,0.686
899500,0.383,0.000,0.617
900000,0.389,0.000,0.611
900500,0.387,0.000,0.613
901000,0.495,0.000,0.505
901500,0.446,0.000,0.554
902000,0.447,0.000,0.553
902500,0.482,0.000,0.518
903000,0.313,0.007,0.680
903500,0.303,0.003,0.694
904000,0.349,0.009,0.642
904500,0.400,0.006,0.594
905000,0.386,0.002,0.612
905500,0.421,0.000,0.579
906000,0.326,0.001,0.673
906500,0.387,0.004,0.609
907000,0.439,0.001,0.560
907500,0.387,0.000,0.613
908000,0.347,0.012,0.641
908500,0.427,0.001,0.572
909000,0.347,0.000,0.653
909500,0.424,0.000,0.576
910000,0.445,0.006,0.549
910500,0.378,0.000,0.622
911000,0.383,0.003,0.614
911500,0.326,0.000,0.674
912000,0.435,0.000,0.565
912500,0.370,0.008,0.622
913000,0.348,0.001,0.651
913500,0.425,0.000,0.575
914000,0.473,0.000,0.527
914500,0.457,0.000,0.543
915000,0.366,0.001,0.633
915500,0.348,0.000,0.652
916000,0.367,0.000,0.633
916500,0.376,0.000,0.624
917000,0.307,0.006,0.687
917500,0.335,0.011,0.654
918000,0.297,0.004,0.699
918500,0.366,0.000,0.634
919000,0.374,0.004,0.622
919500,0.442,0.001,0.557
920000,0.405,0.000,0.595
920500,0.367,0.000,0.633
921000,0.365,0.000,0.635
921500,0.404,0.000,0.596
922000,0.398,0.000,0.602
922500,0.457,0.006,0.537
923000,0.440,0.001,0.559
923500,0.361,0.000,0.639
924000,0.340,0.002,0.658
924500,0.391,0.002,0.607
925000,0.408,0.000,0.592
925500,0.425,0.000,0.575
926000,0.390,0.000,0.610
926500,0.416,0.002,0.582
927000,0.281,0.001,0.718
927500,0.285,0.002,0.713
928000,0.266,0.010,0.724
928500,0.320,0.005,0.675
929000,0.339,0.007,0.654
929500,0.425,0.000,0.575
930000,0.430,0.000,0.570
930500,0.374,0.000,0.626
931000,0.433,0.005,0.562
931500,0.396,0.005,0.599
932000,0.450,0.000,0.550
932500,0.412,0.001,0.587
933000,0.373,0.000,0.627
933500,0.357,0.005,0.638
934000,0.370,0.000,0.630
934500,0.372,0.008,0.620
935000,0.408,0.000,0.592
935500,0.363,0.000,0.637
936000,0.381,0.000,0.619
936500,0.389,0.007,0.604
937000,0.404,0.000,0.596
937500,0.330,0.000,0.670
938000,0.310,0.000,0.690
938500,0.353,0.000,0.647
939000,0.366,0.002,0.632
939500,0.446,0.007,0.547
940000,0.452,0.000,0.548
940500,0.496,0.000,0.504
941000,0.356,0.000,0.644
941500,0.356,0.022,0.622
942000,0.264,0.006,0.730
942500,0.280,0.008,0.712
943000,0.310,0.001,0.689
943500,0.265,0.009,0.726
944000,0.333,0.012,0.655
944500,0.348,0.006,0.646
945000,0.306,0.016,0.678
945500,0.257,0.028,0.715
946000,0.220,0.033,0.747
946500,0.224,0.015,0.761
947000,0.354,0.001,0.645
947500,0.368,0.002,0.630
948000,0.370,0.007,0.623
948500,0.328,0.000,0.672
949000,0.341,0.014,0.645
949500,0.311,0.009,0.680
950000,0.265,0.004,0.731
950500,0.334,0.002,0.664
951000,0.412,0.000,0.588
951500,0.416,0.000,0.584
952000,0.293,0.003,0.704
952500,0.375,0.010,0.615
953000,0.342,0.002,0.656
953500,0.312,0.000,0.688
954000,0.345,0.000,0.655
954500,0.311,0.014,0.675
955000,0.308,0.015,0.677
955500,0.275,0.003,0.722
956000,0.368,0.000,0.632
956500,0.299,0.009,0.692
957000,0.384,0.001,0.615
957500,0.383,0.000,0.617
958000,0.341,0.000,0.659
958500,0.353,0.000,0.647
959000,0.369,0.001,0.630
959500,0.393,0.001,0.606
960000,0.372,0.004,0.624
960500,0.376,0.007,0.617
961000,0.334,0.006,0.660
961500,0.344,0.015,0.641
962000,0.313,0.002,0.685
962500,0.330,0.000,0.670
963000,0.357,0.009,0.634
963500,0.376,0.011,0.613
964000,0.383,0.001,0.616
964500,0.453,0.001,0.546
965000,0.378,0.000,0.622
965500,0.392,0.000,0.608
966000,0.479,0.000,0.521
966500,0.389,0.000,0.611
967000,0.372,0.000,0.628
967500,0.445,0.000,0.555
968000,0.419,0.000,0.581
968500,0.351,0.007,0.642
969000,0.362,0.008,0.630
969500,0.345,0.002,0.653
970000,0.381,0.002,0.617
970500,0.373,0.007,0.620
971000,0.401,0.002,0.597
971500,0.335,0.008,0.657
972000,0.305,0.006,0.689
972500,0.331,0.005,0.664
973000,0.296,0.006,0.698
973500,0.317,0.006,0.677
974000,0.295,0.017,0.688
974500,0.309,0.012,0.679
975000,0.380,0.001,0.619
975500,0.377,0.004,0.619
976000,0.399,0.001,0.600
976500,0.430,0.000,0.570
977000,0.368,0.002,0.630
977500,0.428,0.000,0.572
978000,0.400,0.006,0.594
978500,0.374,0.000,0.626
979000,0.377,0.000,0.623
979500,0.418,0.004,0.578
980000,0.439,0.003,0.558
980500,0.463,0.000,0.537
981000,0.423,0.000,0.577
981500,0.391,0.000,0.609
982000,0.421,0.000,0.579
982500,0.372,0.000,0.628
983000,0.369,0.000,0.631
983500,0.373,0.000,0.627
984000,0.314,0.009,0.677
984500,0.302,0.020,0.678
985000,0.260,0.018,0.722
985500,0.331,0.006,0.663
986000,0.388,0.006,0.606
986500,0.439,0.002,0.559
987000,0.406,0.000,0.594
987500,0.379,0.002,0.619
988000,0.324,0.000,0.676
988500,0.376,0.000,0.624
989000,0.405,0.000,0.595
989500,0.285,0.002,0.713
990000,0.334,0.000,0.666
990500,0.333,0.010,0.657
991000,0.334,0.008,0.658
991500,0.365,0.004,0.631
992000,0.436,0.004,0.560
992500,0.396,0.006,0.598
993000,0.318,0.019,0.663
993500,0.383,0.008,0.609
994000,0.450,0.000,0.550
994500,0.371,0.000,0.629
995000,0.360,0.000,0.640
995500,0.391,0.007,0.602
996000,0.323,0.000,0.677
996500,0.327,0.001,0.672
997000,0.310,0.009,0.681
997500,0.303,0.019,0.678
998000,0.369,0.000,0.631
998500,0.387,0.001,0.612
999000,0.318,0.003,0.679
999500,0.376,0.007,0.617
1000000,0.378,0.000,0.622
