time,n_A+p,n_B,n_AB
500,0.050,0.182,0.768
1000,0.201,0.025,0.774
1500,0.525,0.000,0.475
2000,0.510,0.000,0.490
2500,0.429,0.000,0.571
3000,0.686,0.000,0.314
3500,0.417,0.000,0.583
4000,0.480,0.000,0.520
4500,0.496,0.000,0.504
5000,0.641,0.000,0.359
5500,0.515,0.000,0.485
6000,0.645,0.000,0.355
6500,0.629,0.000,0.371
7000,0.346,0.000,0.654
7500,0.432,0.000,0.568
8000,0.569,0.000,0.431
8500,0.714,0.000,0.286
9000,0.433,0.000,0.567
9500,0.459,0.000,0.541
10000,0.430,0.000,0.570
10500,0.378,0.000,0.622
11000,0.643,0.000,0.357
11500,0.504,0.000,0.496
12000,0.467,0.000,0.533
12500,0.379,0.000,0.621
13000,0.573,0.000,0.427
13500,0.603,0.000,0.397
14000,0.400,0.000,0.600
14500,0.462,0.000,0.538
15000,0.604,0.000,0.396
15500,0.569,0.000,0.431
16000,0.827,0.000,0.173
16500,0.404,0.000,0.596
17000,0.551,0.000,0.449
17500,0.526,0.000,0.474
18000,0.393,0.000,0.607
18500,0.472,0.000,0.528
19000,0.590,0.000,0.410
19500,0.402,0.000,0.598
20000,0.518,0.000,0.482
20500,0.784,0.000,0.216
21000,0.633,0.000,0.367
21500,0.555,0.000,0.445
22000,0.517,0.000,0.483
22500,0.472,0.000,0.528
23000,0.453,0.000,0.547
23500,0.595,0.000,0.405
24000,0.607,0.000,0.393
24500,0.473,0.000,0.527
25000,0.443,0.000,0.557
25500,0.395,0.000,0.605
26000,0.470,0.000,0.530
26500,0.528,0.000,0.472
27000,0.450,0.000,0.550
27500,0.522,0.000,0.478
28000,0.577,0.000,0.423
28500,0.433,0.000,0.567
29000,0.415,0.000,0.585
29500,0.587,0.000,0.413
30000,0.632,0.000,0.368
30500,0.548,0.000,0.452
31000,0.689,0.000,0.311
31500,0.563,0.000,0.437
32000,0.487,0.000,0.513
32500,0.409,0.000,0.591
33000,0.341,0.000,0.659
33500,0.577,0.000,0.423
34000,0.636,0.000,0.364
34500,0.337,0.000,0.663
35000,0.338,0.000,0.662
35500,0.500,0.000,0.500
36000,0.409,0.000,0.591
36500,0.430,0.000,0.570
37000,0.515,0.000,0.485
37500,0.482,0.000,0.518
38000,0.464,0.000,0.536
38500,0.452,0.000,0.548
39000,0.539,0.000,0.461
39500,0.503,0.000,0.497
40000,0.489,0.000,0.511
40500,0.438,0.000,0.562
41000,0.449,0.000,0.551
41500,0.590,0.000,0.410
42000,0.450,0.000,0.550
42500,0.701,0.000,0.299
43000,0.727,0.000,0.273
43500,0.462,0.000,0.538
44000,0.425,0.000,0.575
44500,0.409,0.000,0.591
45000,0.522,0.000,0.478
45500,0.474,0.000,0.526
46000,0.435,0.000,0.565
46500,0.408,0.000,0.592
47000,0.558,0.000,0.442
47500,0.526,0.000,0.474
48000,0.550,0.000,0.450
48500,0.490,0.000,0.510
49000,0.445,0.000,0.555
49500,0.463,0.000,0.537
50000,0.566,0.000,0.434
50500,0.594,0.000,0.406
51000,0.527,0.000,0.473
51500,0.555,0.000,0.445
52000,0.423,0.000,0.577
52500,0.462,0.000,0.538
53000,0.478,0.000,0.522
53500,0.421,0.000,0.579
54000,0.396,0.000,0.604
54500,0.462,0.000,0.538
55000,0.548,0.000,0.452
55500,0.647,0.000,0.353
56000,0.747,0.000,0.253
56500,0.661,0.000,0.339
57000,0.392,0.000,0.608
57500,0.504,0.000,0.496
58000,0.479,0.000,0.521
58500,0.457,0.000,0.543
59000,0.574,0.000,0.426
59500,0.459,0.000,0.541
60000,0.598,0.000,0.402
60500,0.544,0.000,0.456
61000,0.541,0.000,0.459
61500,0.496,0.000,0.504
62000,0.586,0.000,0.414
62500,0.589,0.000,0.411
63000,0.508,0.000,0.492
63500,0.503,0.000,0.497
64000,0.329,0.000,0.671
64500,0.417,0.000,0.583
65000,0.522,0.000,0.478
65500,0.523,0.000,0.477
66000,0.553,0.000,0.447
66500,0.570,0.000,0.430
67000,0.755,0.000,0.245
67500,0.782,0.000,0.218
68000,0.470,0.000,0.530
68500,0.468,0.000,0.532
69000,0.627,0.000,0.373
69500,0.471,0.000,0.529
70000,0.497,0.000,0.503
70500,0.729,0.000,0.271
71000,0.537,0.000,0.463
71500,0.527,0.000,0.473
72000,0.516,0.000,0.484
72500,0.566,0.000,0.434
73000,0.503,0.000,0.497
73500,0.511,0.000,0.489
74000,0.670,0.000,0.330
74500,0.537,0.000,0.463
75000,0.499,0.000,0.501
75500,0.642,0.000,0.358
76000,0.460,0.000,0.540
76500,0.508,0.000,0.492
77000,0.572,0.000,0.428
77500,0.541,0.000,0.459
78000,0.466,0.000,0.534
78500,0.493,0.000,0.507
79000,0.574,0.000,0.426
79500,0.494,0.000,0.506
80000,0.385,0.000,0.615
80500,0.530,0.000,0.470
81000,0.551,0.000,0.449
81500,0.581,0.000,0.419
82000,0.369,0.000,0.631
82500,0.425,0.000,0.575
83000,0.607,0.000,0.393
83500,0.440,0.000,0.560
84000,0.398,0.000,0.602
84500,0.519,0.000,0.481
85000,0.589,0.000,0.411
85500,0.431,0.000,0.569
86000,0.502,0.000,0.498
86500,0.341,0.000,0.659
87000,0.533,0.000,0.467
87500,0.492,0.000,0.508
88000,0.394,0.000,0.606
88500,0.627,0.000,0.373
89000,0.538,0.000,0.462
89500,0.574,0.000,0.426
90000,0.526,0.000,0.474
90500,0.531,0.000,0.469
91000,0.799,0.000,0.201
91500,0.521,0.000,0.479
92000,0.422,0.000,0.578
92500,0.640,0.000,0.360
93000,0.502,0.000,0.498
93500,0.570,0.000,0.430
94000,0.512,0.000,0.488
94500,0.640,0.000,0.360
95000,0.398,0.000,0.602
95500,0.616,0.000,0.384
96000,0.409,0.000,0.591
96500,0.491,0.000,0.509
97000,0.396,0.000,0.604
97500,0.407,0.000,0.593
98000,0.581,0.000,0.419
98500,0.640,0.000,0.360
99000,0.609,0.000,0.391
99500,0.565,0.000,0.435
100000,0.604,0.000,0.396
100500,0.440,0.000,0.560
101000,0.396,0.000,0.604
101500,0.472,0.000,0.528
102000,0.594,0.000,0.406
102500,0.535,0.000,0.465
103000,0.624,0.000,0.376
103500,0.691,0.000,0.309
104000,0.500,0.000,0.500
104500,0.457,0.000,0.543
105000,0.495,0.000,0.505
105500,0.473,0.000,0.527
106000,0.560,0.000,0.440
106500,0.377,0.000,0.623
107000,0.400,0.000,0.600
107500,0.425,0.000,0.575
108000,0.426,0.000,0.574
108500,0.474,0.000,0.526
109000,0.518,0.000,0.482
109500,0.563,0.000,0.437
110000,0.402,0.000,0.598
110500,0.461,0.000,0.539
111000,0.499,0.000,0.501
111500,0.556,0.000,0.444
112000,0.491,0.000,0.509
112500,0.451,0.000,0.549
113000,0.711,0.000,0.289
113500,0.544,0.000,0.456
114000,0.691,0.000,0.309
114500,0.680,0.000,0.320
115000,0.627,0.000,0.373
115500,0.493,0.000,0.507
116000,0.479,0.000,0.521
116500,0.667,0.000,0.333
117000,0.465,0.000,0.535
117500,0.494,0.000,0.506
118000,0.450,0.000,0.550
118500,0.472,0.000,0.528
119000,0.555,0.000,0.445
119500,0.664,0.000,0.336
120000,0.576,0.000,0.424
120500,0.412,0.000,0.588
121000,0.374,0.000,0.626
121500,0.505,0.000,0.495
122000,0.416,0.000,0.584
122500,0.497,0.000,0.503
123000,0.440,0.000,0.560
123500,0.607,0.000,0.393
124000,0.610,0.000,0.390
124500,0.703,0.000,0.297
125000,0.693,0.000,0.307
125500,0.344,0.000,0.656
126000,0.441,0.000,0.559
126500,0.462,0.000,0.538
127000,0.508,0.000,0.492
127500,0.482,0.000,0.518
128000,0.374,0.000,0.626
128500,0.685,0.000,0.315
129000,0.594,0.000,0.406
129500,0.597,0.000,0.403
130000,0.377,0.000,0.623
130500,0.477,0.000,0.523
131000,0.447,0.000,0.553
131500,0.630,0.000,0.370
132000,0.573,0.000,0.427
132500,0.485,0.000,0.515
133000,0.593,0.000,0.407
133500,0.515,0.000,0.485
134000,0.462,0.000,0.538
134500,0.366,0.000,0.634
135000,0.509,0.000,0.491
135500,0.643,0.000,0.357
136000,0.535,0.000,0.465
136500,0.379,0.000,0.621
137000,0.456,0.000,0.544
137500,0.639,0.000,0.361
138000,0.657,0.000,0.343
138500,0.532,0.000,0.468
139000,0.492,0.000,0.508
139500,0.558,0.000,0.442
140000,0.497,0.000,0.503
140500,0.461,0.000,0.539
141000,0.359,0.000,0.641
141500,0.504,0.000,0.496
142000,0.693,0.000,0.307
142500,0.439,0.000,0.561
143000,0.572,0.000,0.428
143500,0.466,0.000,0.534
144000,0.699,0.000,0.301
144500,0.520,0.000,0.480
145000,0.432,0.000,0.568
145500,0.686,0.000,0.314
146000,0.503,0.000,0.497
146500,0.501,0.000,0.499
147000,0.705,0.000,0.295
147500,0.563,0.000,0.437
148000,0.512,0.000,0.488
148500,0.553,0.000,0.447
149000,0.455,0.000,0.545
149500,0.543,0.000,0.457
150000,0.472,0.000,0.528
150500,0.667,0.000,0.333
151000,0.522,0.000,0.478
151500,0.519,0.000,0.481
152000,0.666,0.000,0.334
152500,0.485,0.000,0.515
153000,0.597,0.000,0.403
153500,0.653,0.000,0.347
154000,0.424,0.000,0.576
154500,0.613,0.000,0.387
155000,0.439,0.000,0.561
155500,0.329,0.000,0.671
156000,0.411,0.000,0.589
156500,0.570,0.000,0.430
157000,0.575,0.000,0.425
157500,0.557,0.000,0.443
158000,0.544,0.000,0.456
158500,0.345,0.000,0.655
159000,0.403,0.000,0.597
159500,0.346,0.000,0.654
160000,0.509,0.000,0.491
160500,0.344,0.000,0.656
161000,0.551,0.000,0.449
161500,0.481,0.000,0.519
162000,0.522,0.000,0.478
162500,0.378,0.000,0.622
163000,0.501,0.000,0.499
163500,0.525,0.000,0.475
164000,0.645,0.000,0.355
164500,0.540,0.000,0.460
165000,0.520,0.000,0.480
165500,0.614,0.000,0.386
166000,0.413,0.000,0.587
166500,0.620,0.000,0.380
167000,0.490,0.000,0.510
167500,0.509,0.000,0.491
168000,0.533,0.000,0.467
168500,0.264,0.000,0.736
169000,0.474,0.000,0.526
169500,0.362,0.000,0.638
170000,0.524,0.000,0.476
170500,0.386,0.000,0.614
171000,0.518,0.000,0.482
171500,0.436,0.000,0.564
172000,0.471,0.000,0.529
172500,0.407,0.000,0.593
173000,0.411,0.000,0.589
173500,0.473,0.000,0.527
174000,0.565,0.000,0.435
174500,0.655,0.000,0.345
175000,0.592,0.000,0.408
175500,0.493,0.000,0.507
176000,0.575,0.000,0.425
176500,0.314,0.000,0.686
177000,0.506,0.000,0.494
177500,0.489,0.000,0.511
178000,0.361,0.000,0.639
178500,0.422,0.000,0.578
179000,0.495,0.000,0.505
179500,0.557,0.000,0.443
180000,0.490,0.000,0.510
180500,0.369,0.000,0.631
181000,0.472,0.000,0.528
181500,0.462,0.000,0.538
182000,0.503,0.000,0.497
182500,0.519,0.000,0.481
183000,0.586,0.000,0.414
183500,0.573,0.000,0.427
184000,0.568,0.000,0.432
184500,0.511,0.000,0.489
185000,0.507,0.000,0.493
185500,0.590,0.000,0.410
186000,0.435,0.000,0.565
186500,0.350,0.000,0.650
187000,0.655,0.000,0.345
187500,0.536,0.000,0.464
188000,0.583,0.000,0.417
188500,0.400,0.000,0.600
189000,0.507,0.000,0.493
189500,0.347,0.000,0.653
190000,0.502,0.000,0.498
190500,0.365,0.000,0.635
191000,0.480,0.000,0.520
191500,0.446,0.000,0.554
192000,0.396,0.000,0.604
192500,0.551,0.000,0.449
193000,0.441,0.000,0.559
193500,0.560,0.000,0.440
194000,0.644,0.000,0.356
194500,0.571,0.000,0.429
195000,0.471,0.000,0.529
195500,0.592,0.000,0.408
196000,0.562,0.000,0.438
196500,0.543,0.000,0.457
197000,0.498,0.000,0.502
197500,0.493,0.000,0.507
198000,0.373,0.000,0.627
198500,0.421,0.000,0.579
199000,0.483,0.000,0.517
199500,0.590,0.000,0.410
200000,0.569,0.000,0.431
200500,0.509,0.000,0.491
201000,0.528,0.000,0.472
201500,0.539,0.000,0.461
202000,0.465,0.000,0.535
202500,0.499,0.000,0.501
203000,0.579,0.000,0.421
203500,0.499,0.000,0.501
204000,0.457,0.000,0.543
204500,0.544,0.000,0.456
205000,0.424,0.000,0.576
205500,0.366,0.000,0.634
206000,0.698,0.000,0.302
206500,0.555,0.000,0.445
207000,0.621,0.000,0.379
207500,0.532,0.000,0.468
208000,0.428,0.000,0.572
208500,0.768,0.000,0.232
209000,0.674,0.000,0.326
209500,0.449,0.000,0.551
210000,0.552,0.000,0.448
210500,0.457,0.000,0.543
211000,0.405,0.000,0.595
211500,0.557,0.000,0.443
212000,0.413,0.000,0.587
212500,0.475,0.000,0.525
213000,0.605,0.000,0.395
213500,0.392,0.000,0.608
214000,0.394,0.000,0.606
214500,0.496,0.000,0.504
215000,0.465,0.000,0.535
215500,0.617,0.000,0.383
216000,0.607,0.000,0.393
216500,0.433,0.000,0.567
217000,0.509,0.000,0.491
217500,0.452,0.000,0.548
218000,0.490,0.000,0.510
218500,0.353,0.000,0.647
219000,0.300,0.000,0.700
219500,0.548,0.000,0.452
220000,0.397,0.000,0.603
220500,0.436,0.000,0.564
221000,0.447,0.000,0.553
221500,0.672,0.000,0.328
222000,0.431,0.000,0.569
222500,0.566,0.000,0.434
223000,0.628,0.000,0.372
223500,0.435,0.000,0.565
224000,0.556,0.000,0.444
224500,0.518,0.000,0.482
225000,0.675,0.000,0.325
225500,0.622,0.000,0.378
226000,0.524,0.000,0.476
226500,0.483,0.000,0.517
227000,0.333,0.000,0.667
227500,0.395,0.000,0.605
228000,0.621,0.000,0.379
228500,0.547,0.000,0.453
229000,0.642,0.000,0.358
229500,0.558,0.000,0.442
230000,0.544,0.000,0.456
230500,0.416,0.000,0.584
231000,0.539,0.000,0.461
231500,0.450,0.000,0.550
232000,0.383,0.000,0.617
232500,0.574,0.000,0.426
233000,0.564,0.000,0.436
233500,0.539,0.000,0.461
234000,0.523,0.000,0.477
234500,0.518,0.000,0.482
235000,0.412,0.000,0.588
235500,0.395,0.000,0.605
236000,0.537,0.000,0.463
236500,0.557,0.000,0.443
237000,0.616,0.000,0.384
237500,0.556,0.000,0.444
238000,0.502,0.000,0.498
238500,0.499,0.000,0.501
239000,0.642,0.000,0.358
239500,0.565,0.000,0.435
240000,0.610,0.000,0.390
240500,0.494,0.000,0.506
241000,0.483,0.000,0.517
241500,0.441,0.000,0.559
242000,0.477,0.000,0.523
242500,0.668,0.000,0.332
243000,0.567,0.000,0.433
243500,0.602,0.000,0.398
244000,0.400,0.000,0.600
244500,0.447,0.000,0.553
245000,0.475,0.000,0.525
245500,0.445,0.000,0.555
246000,0.539,0.000,0.461
246500,0.502,0.000,0.498
247000,0.439,0.000,0.561
247500,0.464,0.000,0.536
248000,0.512,0.000,0.488
248500,0.411,0.000,0.589
249000,0.427,0.000,0.573
249500,0.563,0.000,0.437
250000,0.554,0.000,0.446
250500,0.498,0.000,0.502
251000,0.463,0.000,0.537
251500,0.445,0.000,0.555
252000,0.460,0.000,0.540
252500,0.503,0.000,0.497
253000,0.599,0.000,0.401
253500,0.517,0.000,0.483
254000,0.446,0.000,0.554
254500,0.488,0.000,0.512
255000,0.479,0.000,0.521
255500,0.517,0.000,0.483
256000,0.559,0.000,0.441
256500,0.553,0.000,0.447
257000,0.462,0.000,0.538
257500,0.362,0.000,0.638
258000,0.516,0.000,0.484
258500,0.378,0.000,0.622
259000,0.662,0.000,0.338
259500,0.435,0.000,0.565
260000,0.510,0.000,0.490
260500,0.446,0.000,0.554
261000,0.518,0.000,0.482
261500,0.412,0.000,0.588
262000,0.540,0.000,0.460
262500,0.664,0.000,0.336
263000,0.525,0.000,0.475
263500,0.620,0.000,0.380
264000,0.621,0.000,0.379
264500,0.480,0.000,0.520
265000,0.459,0.000,0.541
265500,0.326,0.000,0.674
266000,0.401,0.000,0.599
266500,0.542,0.000,0.458
267000,0.590,0.000,0.410
267500,0.493,0.000,0.507
268000,0.440,0.000,0.560
268500,0.465,0.000,0.535
269000,0.432,0.000,0.568
269500,0.571,0.000,0.429
270000,0.519,0.000,0.481
270500,0.496,0.000,0.504
271000,0.553,0.000,0.447
271500,0.597,0.000,0.403
272000,0.285,0.000,0.715
272500,0.548,0.000,0.452
273000,0.512,0.000,0.488
273500,0.665,0.000,0.335
274000,0.643,0.000,0.357
274500,0.456,0.000,0.544
275000,0.354,0.000,0.646
275500,0.406,0.000,0.594
276000,0.585,0.000,0.415
276500,0.554,0.000,0.446
277000,0.422,0.000,0.578
277500,0.517,0.000,0.483
278000,0.653,0.000,0.347
278500,0.589,0.000,0.411
279000,0.554,0.000,0.446
279500,0.284,0.000,0.716
280000,0.504,0.000,0.496
280500,0.617,0.000,0.383
281000,0.450,0.000,0.550
281500,0.359,0.000,0.641
282000,0.361,0.000,0.639
282500,0.486,0.000,0.514
283000,0.375,0.000,0.625
283500,0.458,0.000,0.542
284000,0.537,0.000,0.463
284500,0.522,0.000,0.478
285000,0.336,0.000,0.664
285500,0.429,0.000,0.571
286000,0.580,0.000,0.420
286500,0.368,0.000,0.632
287000,0.435,0.000,0.565
287500,0.528,0.000,0.472
288000,0.470,0.000,0.530
288500,0.426,0.000,0.574
289000,0.541,0.000,0.459
289500,0.501,0.000,0.499
290000,0.483,0.000,0.517
290500,0.535,0.000,0.465
291000,0.644,0.000,0.356
291500,0.727,0.000,0.273
292000,0.523,0.000,0.477
292500,0.377,0.000,0.623
293000,0.385,0.000,0.615
293500,0.383,0.000,0.617
294000,0.419,0.000,0.581
294500,0.487,0.000,0.513
295000,0.556,0.000,0.444
295500,0.510,0.000,0.490
296000,0.502,0.000,0.498
296500,0.448,0.000,0.552
297000,0.625,0.000,0.375
297500,0.472,0.000,0.528
298000,0.575,0.000,0.425
298500,0.558,0.000,0.442
299000,0.442,0.000,0.558
299500,0.609,0.000,0.391
300000,0.504,0.000,0.496
300500,0.467,0.000,0.533
301000,0.476,0.000,0.524
301500,0.398,0.000,0.602
302000,0.655,0.000,0.345
302500,0.295,0.000,0.705
303000,0.551,0.000,0.449
303500,0.568,0.000,0.432
304000,0.447,0.000,0.553
304500,0.416,0.000,0.584
305000,0.512,0.000,0.488
305500,0.574,0.000,0.426
306000,0.483,0.000,0.517
306500,0.587,0.000,0.413
307000,0.480,0.000,0.520
307500,0.561,0.000,0.439
308000,0.512,0.000,0.488
308500,0.479,0.000,0.521
309000,0.558,0.000,0.442
309500,0.515,0.000,0.485
310000,0.481,0.000,0.519
310500,0.475,0.000,0.525
311000,0.448,0.000,0.552
311500,0.592,0.000,0.408
312000,0.622,0.000,0.378
312500,0.422,0.000,0.578
313000,0.504,0.000,0.496
313500,0.498,0.000,0.502
314000,0.699,0.000,0.301
314500,0.484,0.000,0.516
315000,0.359,0.000,0.641
315500,0.542,0.000,0.458
316000,0.412,0.000,0.588
316500,0.429,0.000,0.571
317000,0.616,0.000,0.384
317500,0.643,0.000,0.357
318000,0.421,0.000,0.579
318500,0.484,0.000,0.516
319000,0.666,0.000,0.334
319500,0.359,0.000,0.641
320000,0.485,0.000,0.515
320500,0.515,0.000,0.485
321000,0.510,0.000,0.490
321500,0.554,0.000,0.446
322000,0.594,0.000,0.406
322500,0.514,0.000,0.486
323000,0.388,0.000,0.612
323500,0.470,0.000,0.530
324000,0.421,0.000,0.579
324500,0.488,0.000,0.512
325000,0.415,0.000,0.585
325500,0.376,0.000,0.624
326000,0.526,0.000,0.474
326500,0.533,0.000,0.467
327000,0.455,0.000,0.545
327500,0.457,0.000,0.543
328000,0.355,0.000,0.645
328500,0.392,0.000,0.608
329000,0.539,0.000,0.461
329500,0.566,0.000,0.434
330000,0.461,0.000,0.539
330500,0.376,0.000,0.624
331000,0.364,0.000,0.636
331500,0.514,0.000,0.486
332000,0.527,0.000,0.473
332500,0.513,0.000,0.487
333000,0.592,0.000,0.408
333500,0.496,0.000,0.504
334000,0.520,0.000,0.480
334500,0.403,0.000,0.597
335000,0.451,0.000,0.549
335500,0.440,0.000,0.560
336000,0.353,0.000,0.647
336500,0.490,0.000,0.510
337000,0.421,0.000,0.579
337500,0.367,0.000,0.633
338000,0.423,0.000,0.577
338500,0.465,0.000,0.535
339000,0.633,0.000,0.367
339500,0.584,0.000,0.416
340000,0.441,0.000,0.559
340500,0.452,0.000,0.548
341000,0.490,0.000,0.510
341500,0.549,0.000,0.451
342000,0.475,0.000,0.525
342500,0.490,0.000,0.510
343000,0.557,0.000,0.443
343500,0.594,0.000,0.406
344000,0.441,0.000,0.559
344500,0.438,0.000,0.562
345000,0.633,0.000,0.367
345500,0.478,0.000,0.522
346000,0.334,0.000,0.666
346500,0.468,0.000,0.532
347000,0.308,0.000,0.692
347500,0.364,0.000,0.636
348000,0.295,0.000,0.705
348500,0.567,0.000,0.433
349000,0.501,0.000,0.499
349500,0.583,0.000,0.417
350000,0.370,0.000,0.630
350500,0.423,0.000,0.577
351000,0.602,0.000,0.398
351500,0.685,0.000,0.315
352000,0.731,0.000,0.269
352500,0.476,0.000,0.524
353000,0.677,0.000,0.323
353500,0.633,0.000,0.367
354000,0.636,0.000,0.364
354500,0.404,0.000,0.596
355000,0.506,0.000,0.494
355500,0.572,0.000,0.428
356000,0.296,0.000,0.704
356500,0.532,0.000,0.468
357000,0.439,0.000,0.561
357500,0.286,0.000,0.714
358000,0.609,0.000,0.391
358500,0.461,0.000,0.539
359000,0.484,0.000,0.516
359500,0.476,0.000,0.524
360000,0.530,0.000,0.470
360500,0.694,0.000,0.306
361000,0.561,0.000,0.439
361500,0.428,0.000,0.572
362000,0.401,0.000,0.599
362500,0.390,0.000,0.610
363000,0.408,0.000,0.592
363500,0.537,0.000,0.463
364000,0.491,0.000,0.509
364500,0.495,0.000,0.505
365000,0.469,0.000,0.531
365500,0.476,0.000,0.524
366000,0.534,0.000,0.466
366500,0.478,0.000,0.522
367000,0.300,0.000,0.700
367500,0.561,0.000,0.439
368000,0.465,0.000,0.535
368500,0.484,0.000,0.516
369000,0.490,0.000,0.510
369500,0.468,0.000,0.532
370000,0.497,0.000,0.503
370500,0.490,0.000,0.510
371000,0.713,0.000,0.287
371500,0.679,0.000,0.321
372000,0.576,0.000,0.424
372500,0.388,0.000,0.612
373000,0.560,0.000,0.440
373500,0.570,0.000,0.430
374000,0.570,0.000,0.430
374500,0.476,0.000,0.524
375000,0.395,0.000,0.605
375500,0.467,0.000,0.533
376000,0.562,0.000,0.438
376500,0.516,0.000,0.484
377000,0.678,0.000,0.322
377500,0.594,0.000,0.406
378000,0.489,0.000,0.511
378500,0.502,0.000,0.498
379000,0.461,0.000,0.539
379500,0.361,0.000,0.639
380000,0.490,0.000,0.510
380500,0.481,0.000,0.519
381000,0.418,0.000,0.582
381500,0.492,0.000,0.508
382000,0.442,0.000,0.558
382500,0.515,0.000,0.485
383000,0.610,0.000,0.390
383500,0.443,0.000,0.557
384000,0.559,0.000,0.441
384500,0.518,0.000,0.482
385000,0.544,0.000,0.456
385500,0.379,0.000,0.621
386000,0.394,0.000,0.606
386500,0.561,0.000,0.439
387000,0.375,0.000,0.625
387500,0.599,0.000,0.401
388000,0.611,0.000,0.389
388500,0.526,0.000,0.474
389000,0.783,0.000,0.217
389500,0.700,0.000,0.300
390000,0.666,0.000,0.334
390500,0.611,0.000,0.389
391000,0.465,0.000,0.535
391500,0.471,0.000,0.529
392000,0.370,0.000,0.630
392500,0.447,0.000,0.553
393000,0.570,0.000,0.430
393500,0.472,0.000,0.528
394000,0.457,0.000,0.543
394500,0.399,0.000,0.601
395000,0.518,0.000,0.482
395500,0.609,0.000,0.391
396000,0.545,0.000,0.455
396500,0.400,0.000,0.600
397000,0.444,0.000,0.556
397500,0.450,0.000,0.550
398000,0.438,0.000,0.562
398500,0.438,0.000,0.562
399000,0.544,0.000,0.456
399500,0.488,0.000,0.512
400000,0.637,0.000,0.363
400500,0.490,0.000,0.510
401000,0.523,0.000,0.477
401500,0.534,0.000,0.466
402000,0.485,0.000,0.515
402500,0.516,0.000,0.484
403000,0.596,0.000,0.404
403500,0.491,0.000,0.509
404000,0.630,0.000,0.370
404500,0.621,0.000,0.379
405000,0.447,0.000,0.553
405500,0.445,0.000,0.555
406000,0.442,0.000,0.558
406500,0.536,0.000,0.464
407000,0.492,0.000,0.508
407500,0.641,0.000,0.359
408000,0.679,0.000,0.321
408500,0.616,0.000,0.384
409000,0.411,0.000,0.589
409500,0.518,0.000,0.482
410000,0.555,0.000,0.445
410500,0.579,0.000,0.421
411000,0.454,0.000,0.546
411500,0.492,0.000,0.508
412000,0.504,0.000,0.496
412500,0.653,0.000,0.347
413000,0.597,0.000,0.403
413500,0.548,0.000,0.452
414000,0.527,0.000,0.473
414500,0.517,0.000,0.483
415000,0.590,0.000,0.410
415500,0.476,0.000,0.524
416000,0.360,0.000,0.640
416500,0.660,0.000,0.340
417000,0.587,0.000,0.413
417500,0.316,0.000,0.684
418000,0.710,0.000,0.290
418500,0.533,0.000,0.467
419000,0.662,0.000,0.338
419500,0.507,0.000,0.493
420000,0.482,0.000,0.518
420500,0.526,0.000,0.474
421000,0.526,0.000,0.474
421500,0.552,0.000,0.448
422000,0.412,0.000,0.588
422500,0.470,0.000,0.530
423000,0.610,0.000,0.390
423500,0.402,0.000,0.598
424000,0.256,0.000,0.744
424500,0.453,0.000,0.547
425000,0.548,0.000,0.452
425500,0.505,0.000,0.495
426000,0.506,0.000,0.494
426500,0.645,0.000,0.355
427000,0.631,0.000,0.369
427500,0.393,0.000,0.607
428000,0.652,0.000,0.348
428500,0.426,0.000,0.574
429000,0.490,0.000,0.510
429500,0.395,0.000,0.605
430000,0.613,0.000,0.387
430500,0.532,0.000,0.468
431000,0.462,0.000,0.538
431500,0.475,0.000,0.525
432000,0.516,0.000,0.484
432500,0.343,0.000,0.657
433000,0.637,0.000,0.363
433500,0.486,0.000,0.514
434000,0.377,0.000,0.623
434500,0.493,0.000,0.507
435000,0.612,0.000,0.388
435500,0.390,0.000,0.610
436000,0.374,0.000,0.626
436500,0.355,0.000,0.645
437000,0.434,0.000,0.566
437500,0.458,0.000,0.542
438000,0.614,0.000,0.386
438500,0.676,0.000,0.324
439000,0.406,0.000,0.594
439500,0.558,0.000,0.442
440000,0.585,0.000,0.415
440500,0.658,0.000,0.342
441000,0.437,0.000,0.563
441500,0.372,0.000,0.628
442000,0.413,0.000,0.587
442500,0.473,0.000,0.527
443000,0.688,0.000,0.312
443500,0.499,0.000,0.501
444000,0.607,0.000,0.393
444500,0.499,0.000,0.501
445000,0.438,0.000,0.562
445500,0.469,0.000,0.531
446000,0.466,0.000,0.534
446500,0.616,0.000,0.384
447000,0.448,0.000,0.552
447500,0.634,0.000,0.366
448000,0.566,0.000,0.434
448500,0.529,0.000,0.471
449000,0.452,0.000,0.548
449500,0.400,0.000,0.600
450000,0.526,0.000,0.474
450500,0.598,0.000,0.402
451000,0.559,0.000,0.441
451500,0.437,0.000,0.563
452000,0.483,0.000,0.517
452500,0.515,0.000,0.485
453000,0.399,0.000,0.601
453500,0.425,0.000,0.575
454000,0.424,0.000,0.576
454500,0.393,0.000,0.607
455000,0.491,0.000,0.509
455500,0.384,0.000,0.616
456000,0.573,0.000,0.427
456500,0.594,0.000,0.406
457000,0.496,0.000,0.504
457500,0.572,0.000,0.428
458000,0.410,0.000,0.590
458500,0.482,0.000,0.518
459000,0.421,0.000,0.579
459500,0.522,0.000,0.478
460000,0.492,0.000,0.508
460500,0.491,0.000,0.509
461000,0.452,0.000,0.548
461500,0.455,0.000,0.545
462000,0.402,0.000,0.598
462500,0.670,0.000,0.330
463000,0.576,0.000,0.424
463500,0.368,0.000,0.632
464000,0.546,0.000,0.454
464500,0.577,0.000,0.423
465000,0.709,0.000,0.291
465500,0.615,0.000,0.385
466000,0.660,0.000,0.340
466500,0.549,0.000,0.451
467000,0.535,0.000,0.465
467500,0.489,0.000,0.511
468000,0.619,0.000,0.381
468500,0.357,0.000,0.643
469000,0.635,0.000,0.365
469500,0.500,0.000,0.500
470000,0.330,0.000,0.670
470500,0.462,0.000,0.538
471000,0.614,0.000,0.386
471500,0.699,0.000,0.301
472000,0.749,0.000,0.251
472500,0.708,0.000,0.292
473000,0.545,0.000,0.455
473500,0.467,0.000,0.533
474000,0.552,0.000,0.448
474500,0.449,0.000,0.551
475000,0.735,0.000,0.265
475500,0.817,0.000,0.183
476000,0.445,0.000,0.555
476500,0.566,0.000,0.434
477000,0.495,0.000,0.505
477500,0.371,0.000,0.629
478000,0.417,0.000,0.583
478500,0.579,0.000,0.421
479000,0.356,0.000,0.644
479500,0.503,0.000,0.497
480000,0.527,0.000,0.473
480500,0.493,0.000,0.507
481000,0.419,0.000,0.581
481500,0.352,0.000,0.648
482000,0.481,0.000,0.519
482500,0.365,0.000,0.635
483000,0.407,0.000,0.593
483500,0.588,0.000,0.412
484000,0.444,0.000,0.556
484500,0.486,0.000,0.514
485000,0.520,0.000,0.480
485500,0.500,0.000,0.500
486000,0.418,0.000,0.582
486500,0.499,0.000,0.501
487000,0.641,0.000,0.359
487500,0.584,0.000,0.416
488000,0.566,0.000,0.434
488500,0.623,0.000,0.377
489000,0.507,0.000,0.493
489500,0.417,0.000,0.583
490000,0.486,0.000,0.514
490500,0.609,0.000,0.391
491000,0.440,0.000,0.560
491500,0.399,0.000,0.601
492000,0.513,0.000,0.487
492500,0.661,0.000,0.339
493000,0.539,0.000,0.461
493500,0.508,0.000,0.492
494000,0.410,0.000,0.590
494500,0.420,0.000,0.580
495000,0.564,0.000,0.436
495500,0.434,0.000,0.566
496000,0.389,0.000,0.611
496500,0.409,0.000,0.591
497000,0.524,0.000,0.476
497500,0.418,0.000,0.582
498000,0.649,0.000,0.351
498500,0.526,0.000,0.474
499000,0.582,0.000,0.418
499500,0.455,0.000,0.545
500000,0.445,0.000,0.555
500500,0.526,0.000,0.474
501000,0.593,0.000,0.407
501500,0.551,0.000,0.449
502000,0.515,0.000,0.485
502500,0.476,0.000,0.524
503000,0.396,0.000,0.604
503500,0.568,0.000,0.432
504000,0.762,0.000,0.238
504500,0.565,0.000,0.435
505000,0.519,0.000,0.481
505500,0.421,0.000,0.579
506000,0.508,0.000,0.492
506500,0.376,0.000,0.624
507000,0.672,0.000,0.328
507500,0.430,0.000,0.570
508000,0.421,0.000,0.579
508500,0.439,0.000,0.561
509000,0.425,0.000,0.575
509500,0.397,0.000,0.603
510000,0.458,0.000,0.542
510500,0.548,0.000,0.452
511000,0.486,0.000,0.514
511500,0.626,0.000,0.374
512000,0.486,0.000,0.514
512500,0.587,0.000,0.413
513000,0.411,0.000,0.589
513500,0.544,0.000,0.456
514000,0.461,0.000,0.539
514500,0.659,0.000,0.341
515000,0.428,0.000,0.572
515500,0.504,0.000,0.496
516000,0.470,0.000,0.530
516500,0.376,0.000,0.624
517000,0.457,0.000,0.543
517500,0.467,0.000,0.533
518000,0.612,0.000,0.388
518500,0.560,0.000,0.440
519000,0.529,0.000,0.471
519500,0.539,0.000,0.461
520000,0.592,0.000,0.408
520500,0.599,0.000,0.401
521000,0.373,0.000,0.627
521500,0.530,0.000,0.470
522000,0.297,0.000,0.703
522500,0.538,0.000,0.462
523000,0.439,0.000,0.561
523500,0.569,0.000,0.431
524000,0.625,0.000,0.375
524500,0.655,0.000,0.345
525000,0.538,0.000,0.462
525500,0.320,0.000,0.680
526000,0.449,0.000,0.551
526500,0.505,0.000,0.495
527000,0.452,0.000,0.548
527500,0.459,0.000,0.541
528000,0.484,0.000,0.516
528500,0.505,0.000,0.495
529000,0.453,0.000,0.547
529500,0.557,0.000,0.443
530000,0.516,0.000,0.484
530500,0.477,0.000,0.523
531000,0.477,0.000,0.523
531500,0.381,0.000,0.619
532000,0.273,0.000,0.727
532500,0.433,0.000,0.567
533000,0.502,0.000,0.498
533500,0.526,0.000,0.474
534000,0.581,0.000,0.419
534500,0.545,0.000,0.455
535000,0.478,0.000,0.522
535500,0.353,0.000,0.647
536000,0.498,0.000,0.502
536500,0.479,0.000,0.521
537000,0.423,0.000,0.577
537500,0.625,0.000,0.375
538000,0.289,0.000,0.711
538500,0.515,0.000,0.485
539000,0.571,0.000,0.429
539500,0.589,0.000,0.411
540000,0.678,0.000,0.322
540500,0.629,0.000,0.371
541000,0.636,0.000,0.364
541500,0.488,0.000,0.512
542000,0.743,0.000,0.257
542500,0.646,0.000,0.354
543000,0.586,0.000,0.414
543500,0.595,0.000,0.405
544000,0.471,0.000,0.529
544500,0.413,0.000,0.587
545000,0.462,0.000,0.538
545500,0.482,0.000,0.518
546000,0.504,0.000,0.496
546500,0.574,0.000,0.426
547000,0.446,0.000,0.554
547500,0.559,0.000,0.441
548000,0.419,0.000,0.581
548500,0.402,0.000,0.598
549000,0.490,0.000,0.510
549500,0.561,0.000,0.439
550000,0.504,0.000,0.496
550500,0.590,0.000,0.410
551000,0.511,0.000,0.489
551500,0.499,0.000,0.501
552000,0.385,0.000,0.615
552500,0.506,0.000,0.494
553000,0.439,0.000,0.561
553500,0.611,0.000,0.389
554000,0.447,0.000,0.553
554500,0.458,0.000,0.542
555000,0.580,0.000,0.420
555500,0.517,0.000,0.483
556000,0.434,0.000,0.566
556500,0.465,0.000,0.535
557000,0.759,0.000,0.241
557500,0.762,0.000,0.238
558000,0.540,0.000,0.460
558500,0.441,0.000,0.559
559000,0.554,0.000,0.446
559500,0.559,0.000,0.441
560000,0.451,0.000,0.549
560500,0.623,0.000,0.377
561000,0.452,0.000,0.548
561500,0.477,0.000,0.523
562000,0.334,0.000,0.666
562500,0.472,0.000,0.528
563000,0.562,0.000,0.438
563500,0.546,0.000,0.454
564000,0.446,0.000,0.554
564500,0.571,0.000,0.429
565000,0.669,0.000,0.331
565500,0.580,0.000,0.420
566000,0.336,0.000,0.664
566500,0.579,0.000,0.421
567000,0.637,0.000,0.363
567500,0.523,0.000,0.477
568000,0.632,0.000,0.368
568500,0.560,0.000,0.440
569000,0.412,0.000,0.588
569500,0.406,0.000,0.594
570000,0.676,0.000,0.324
570500,0.466,0.000,0.534
571000,0.430,0.000,0.570
571500,0.495,0.000,0.505
572000,0.490,0.000,0.510
572500,0.483,0.000,0.517
573000,0.360,0.000,0.640
573500,0.442,0.000,0.558
574000,0.522,0.000,0.478
574500,0.557,0.000,0.443
575000,0.598,0.000,0.402
575500,0.541,0.000,0.459
576000,0.515,0.000,0.485
576500,0.602,0.000,0.398
577000,0.467,0.000,0.533
577500,0.492,0.000,0.508
578000,0.420,0.000,0.580
578500,0.360,0.000,0.640
579000,0.512,0.000,0.488
579500,0.583,0.000,0.417
580000,0.442,0.000,0.558
580500,0.537,0.000,0.463
581000,0.492,0.000,0.508
581500,0.410,0.000,0.590
582000,0.554,0.000,0.446
582500,0.724,0.000,0.276
583000,0.485,0.000,0.515
583500,0.362,0.000,0.638
584000,0.435,0.000,0.565
584500,0.371,0.000,0.629
585000,0.464,0.000,0.536
585500,0.517,0.000,0.483
586000,0.547,0.000,0.453
586500,0.443,0.000,0.557
587000,0.471,0.000,0.529
587500,0.391,0.000,0.609
588000,0.491,0.000,0.509
588500,0.508,0.000,0.492
589000,0.469,0.000,0.531
589500,0.474,0.000,0.526
590000,0.563,0.000,0.437
590500,0.501,0.000,0.499
591000,0.467,0.000,0.533
591500,0.471,0.000,0.529
592000,0.501,0.000,0.499
592500,0.434,0.000,0.566
593000,0.600,0.000,0.400
593500,0.529,0.000,0.471
594000,0.337,0.000,0.663
594500,0.510,0.000,0.490
595000,0.446,0.000,0.554
595500,0.549,0.000,0.451
596000,0.518,0.000,0.482
596500,0.555,0.000,0.445
597000,0.473,0.000,0.527
597500,0.502,0.000,0.498
598000,0.563,0.000,0.437
598500,0.515,0.000,0.485
599000,0.509,0.000,0.491
599500,0.518,0.000,0.482
600000,0.514,0.000,0.486
600500,0.512,0.000,0.488
601000,0.412,0.000,0.588
601500,0.528,0.000,0.472
602000,0.723,0.000,0.277
602500,0.501,0.000,0.499
603000,0.482,0.000,0.518
603500,0.592,0.000,0.408
604000,0.645,0.000,0.355
604500,0.453,0.000,0.547
605000,0.465,0.000,0.535
605500,0.424,0.000,0.576
606000,0.509,0.000,0.491
606500,0.551,0.000,0.449
607000,0.397,0.000,0.603
607500,0.477,0.000,0.523
608000,0.390,0.000,0.610
608500,0.409,0.000,0.591
609000,0.467,0.000,0.533
609500,0.444,0.000,0.556
610000,0.489,0.000,0.511
610500,0.479,0.000,0.521
611000,0.455,0.000,0.545
611500,0.319,0.000,0.681
612000,0.461,0.000,0.539
612500,0.440,0.000,0.560
613000,0.556,0.000,0.444
613500,0.551,0.000,0.449
614000,0.403,0.000,0.597
614500,0.401,0.000,0.599
615000,0.625,0.000,0.375
615500,0.400,0.000,0.600
616000,0.563,0.000,0.437
616500,0.437,0.000,0.563
617000,0.539,0.000,0.461
617500,0.520,0.000,0.480
618000,0.532,0.000,0.468
618500,0.635,0.000,0.365
619000,0.575,0.000,0.425
619500,0.581,0.000,0.419
620000,0.593,0.000,0.407
620500,0.554,0.000,0.446
621000,0.458,0.000,0.542
621500,0.666,0.000,0.334
622000,0.592,0.000,0.408
622500,0.642,0.000,0.358
623000,0.511,0.000,0.489
623500,0.548,0.000,0.452
624000,0.480,0.000,0.520
624500,0.471,0.000,0.529
625000,0.497,0.000,0.503
625500,0.463,0.000,0.537
626000,0.611,0.000,0.389
626500,0.535,0.000,0.465
627000,0.391,0.000,0.609
627500,0.394,0.000,0.606
628000,0.480,0.000,0.520
628500,0.461,0.000,0.539
629000,0.639,0.000,0.361
629500,0.579,0.000,0.421
630000,0.396,0.000,0.604
630500,0.301,0.000,0.699
631000,0.547,0.000,0.453
631500,0.423,0.000,0.577
632000,0.404,0.000,0.596
632500,0.393,0.000,0.607
633000,0.450,0.000,0.550
633500,0.535,0.000,0.465
634000,0.471,0.000,0.529
634500,0.373,0.000,0.627
635000,0.498,0.000,0.502
635500,0.566,0.000,0.434
636000,0.560,0.000,0.440
636500,0.587,0.000,0.413
637000,0.461,0.000,0.539
637500,0.416,0.000,0.584
638000,0.579,0.000,0.421
638500,0.511,0.000,0.489
639000,0.543,0.000,0.457
639500,0.581,0.000,0.419
640000,0.762,0.000,0.238
640500,0.509,0.000,0.491
641000,0.618,0.000,0.382
641500,0.557,0.000,0.443
642000,0.450,0.000,0.550
642500,0.427,0.000,0.573
643000,0.547,0.000,0.453
643500,0.545,0.000,0.455
644000,0.520,0.000,0.480
644500,0.675,0.000,0.325
645000,0.556,0.000,0.444
645500,0.559,0.000,0.441
646000,0.478,0.000,0.522
646500,0.505,0.000,0.495
647000,0.482,0.000,0.518
647500,0.406,0.000,0.594
648000,0.443,0.000,0.557
648500,0.380,0.000,0.620
649000,0.336,0.000,0.664
649500,0.268,0.000,0.732
650000,0.400,0.000,0.600
650500,0.528,0.000,0.472
651000,0.465,0.000,0.535
651500,0.358,0.000,0.642
652000,0.433,0.000,0.567
652500,0.482,0.000,0.518
653000,0.397,0.000,0.603
653500,0.475,0.000,0.525
654000,0.363,0.000,0.637
654500,0.630,0.000,0.370
655000,0.434,0.000,0.566
655500,0.654,0.000,0.346
656000,0.395,0.000,0.605
656500,0.759,0.000,0.241
657000,0.660,0.000,0.340
657500,0.486,0.000,0.514
658000,0.611,0.000,0.389
658500,0.421,0.000,0.579
659000,0.548,0.000,0.452
659500,0.386,0.000,0.614
660000,0.472,0.000,0.528
660500,0.459,0.000,0.541
661000,0.578,0.000,0.422
661500,0.589,0.000,0.411
662000,0.335,0.000,0.665
662500,0.530,0.000,0.470
663000,0.440,0.000,0.560
663500,0.596,0.000,0.404
664000,0.438,0.000,0.562
664500,0.491,0.000,0.509
665000,0.621,0.000,0.379
665500,0.444,0.000,0.556
666000,0.493,0.000,0.507
666500,0.500,0.000,0.500
667000,0.504,0.000,0.496
667500,0.532,0.000,0.468
668000,0.739,0.000,0.261
668500,0.546,0.000,0.454
669000,0.663,0.000,0.337
669500,0.607,0.000,0.393
670000,0.572,0.000,0.428
670500,0.364,0.000,0.636
671000,0.450,0.000,0.550
671500,0.369,0.000,0.631
672000,0.570,0.000,0.430
672500,0.470,0.000,0.530
673000,0.516,0.000,0.484
673500,0.642,0.000,0.358
674000,0.437,0.000,0.563
674500,0.461,0.000,0.539
675000,0.375,0.000,0.625
675500,0.509,0.000,0.491
676000,0.538,0.000,0.462
676500,0.467,0.000,0.533
677000,0.576,0.000,0.424
677500,0.466,0.000,0.534
678000,0.452,0.000,0.548
678500,0.551,0.000,0.449
679000,0.308,0.000,0.692
679500,0.462,0.000,0.538
680000,0.496,0.000,0.504
680500,0.552,0.000,0.448
681000,0.543,0.000,0.457
681500,0.623,0.000,0.377
682000,0.513,0.000,0.487
682500,0.527,0.000,0.473
683000,0.532,0.000,0.468
683500,0.386,0.000,0.614
684000,0.443,0.000,0.557
684500,0.462,0.000,0.538
685000,0.359,0.000,0.641
685500,0.557,0.000,0.443
686000,0.501,0.000,0.499
686500,0.524,0.000,0.476
687000,0.579,0.000,0.421
687500,0.546,0.000,0.454
688000,0.589,0.000,0.411
688500,0.482,0.000,0.518
689000,0.528,0.000,0.472
689500,0.438,0.000,0.562
690000,0.487,0.000,0.513
690500,0.468,0.000,0.532
691000,0.467,0.000,0.533
691500,0.688,0.000,0.312
692000,0.543,0.000,0.457
692500,0.439,0.000,0.561
693000,0.434,0.000,0.566
693500,0.495,0.000,0.505
694000,0.579,0.000,0.421
694500,0.437,0.000,0.563
695000,0.495,0.000,0.505
695500,0.629,0.000,0.371
696000,0.561,0.000,0.439
696500,0.392,0.000,0.608
697000,0.672,0.000,0.328
697500,0.649,0.000,0.351
698000,0.607,0.000,0.393
698500,0.517,0.000,0.483
699000,0.451,0.000,0.549
699500,0.394,0.000,0.606
700000,0.509,0.000,0.491
700500,0.642,0.000,0.358
701000,0.421,0.000,0.579
701500,0.559,0.000,0.441
702000,0.348,0.000,0.652
702500,0.461,0.000,0.539
703000,0.616,0.000,0.384
703500,0.447,0.000,0.553
704000,0.369,0.000,0.631
704500,0.417,0.000,0.583
705000,0.545,0.000,0.455
705500,0.463,0.000,0.537
706000,0.517,0.000,0.483
706500,0.564,0.000,0.436
707000,0.420,0.000,0.580
707500,0.429,0.000,0.571
708000,0.551,0.000,0.449
708500,0.558,0.000,0.442
709000,0.552,0.000,0.448
709500,0.483,0.000,0.517
710000,0.519,0.000,0.481
710500,0.576,0.000,0.424
711000,0.480,0.000,0.520
711500,0.365,0.000,0.635
712000,0.515,0.000,0.485
712500,0.423,0.000,0.577
713000,0.564,0.000,0.436
713500,0.646,0.000,0.354
714000,0.457,0.000,0.543
714500,0.493,0.000,0.507
715000,0.410,0.000,0.590
715500,0.542,0.000,0.458
716000,0.575,0.000,0.425
716500,0.571,0.000,0.429
717000,0.394,0.000,0.606
717500,0.394,0.000,0.606
718000,0.492,0.000,0.508
718500,0.445,0.000,0.555
719000,0.274,0.000,0.726
719500,0.535,0.000,0.465
720000,0.397,0.000,0.603
720500,0.511,0.000,0.489
721000,0.580,0.000,0.420
721500,0.344,0.000,0.656
722000,0.417,0.000,0.583
722500,0.420,0.000,0.580
723000,0.353,0.000,0.647
723500,0.582,0.000,0.418
724000,0.662,0.000,0.338
724500,0.358,0.000,0.642
725000,0.350,0.000,0.650
725500,0.520,0.000,0.480
726000,0.342,0.000,0.658
726500,0.495,0.000,0.505
727000,0.663,0.000,0.337
727500,0.755,0.000,0.245
728000,0.628,0.000,0.372
728500,0.488,0.000,0.512
729000,0.378,0.000,0.622
729500,0.491,0.000,0.509
730000,0.331,0.000,0.669
730500,0.467,0.000,0.533
731000,0.409,0.000,0.591
731500,0.584,0.000,0.416
732000,0.455,0.000,0.545
732500,0.413,0.000,0.587
733000,0.488,0.000,0.512
733500,0.540,0.000,0.460
734000,0.502,0.000,0.498
734500,0.338,0.000,0.662
735000,0.652,0.000,0.348
735500,0.682,0.000,0.318
736000,0.420,0.000,0.580
736500,0.492,0.000,0.508
737000,0.560,0.000,0.440
737500,0.423,0.000,0.577
738000,0.473,0.000,0.527
738500,0.626,0.000,0.374
739000,0.448,0.000,0.552
739500,0.375,0.000,0.625
740000,0.541,0.000,0.459
740500,0.524,0.000,0.476
741000,0.588,0.000,0.412
741500,0.528,0.000,0.472
742000,0.585,0.000,0.415
742500,0.458,0.000,0.542
743000,0.562,0.000,0.438
743500,0.518,0.000,0.482
744000,0.479,0.000,0.521
744500,0.457,0.000,0.543
745000,0.544,0.000,0.456
745500,0.520,0.000,0.480
746000,0.559,0.000,0.441
746500,0.519,0.000,0.481
747000,0.464,0.000,0.536
747500,0.373,0.000,0.627
748000,0.515,0.000,0.485
748500,0.397,0.000,0.603
749000,0.387,0.000,0.613
749500,0.466,0.000,0.534
750000,0.469,0.000,0.531
750500,0.623,0.000,0.377
751000,0.688,0.000,0.312
751500,0.456,0.000,0.544
752000,0.645,0.000,0.355
752500,0.588,0.000,0.412
753000,0.500,0.000,0.500
753500,0.647,0.000,0.353
754000,0.484,0.000,0.516
754500,0.386,0.000,0.614
755000,0.427,0.000,0.573
755500,0.549,0.000,0.451
756000,0.415,0.000,0.585
756500,0.467,0.000,0.533
757000,0.489,0.000,0.511
757500,0.482,0.000,0.518
758000,0.450,0.000,0.550
758500,0.500,0.000,0.500
759000,0.496,0.000,0.504
759500,0.493,0.000,0.507
760000,0.464,0.000,0.536
760500,0.390,0.000,0.610
761000,0.444,0.000,0.556
761500,0.516,0.000,0.484
762000,0.452,0.000,0.548
762500,0.390,0.000,0.610
763000,0.512,0.000,0.488
763500,0.482,0.000,0.518
764000,0.408,0.000,0.592
764500,0.392,0.000,0.608
765000,0.576,0.000,0.424
765500,0.481,0.000,0.519
766000,0.487,0.000,0.513
766500,0.324,0.000,0.676
767000,0.364,0.000,0.636
767500,0.403,0.000,0.597
768000,0.573,0.000,0.427
768500,0.553,0.000,0.447
769000,0.400,0.000,0.600
769500,0.573,0.000,0.427
770000,0.562,0.000,0.438
770500,0.445,0.000,0.555
771000,0.470,0.000,0.530
771500,0.344,0.000,0.656
772000,0.439,0.000,0.561
772500,0.612,0.000,0.388
773000,0.652,0.000,0.348
773500,0.567,0.000,0.433
774000,0.691,0.000,0.309
774500,0.680,0.000,0.320
775000,0.458,0.000,0.542
775500,0.472,0.000,0.528
776000,0.488,0.000,0.512
776500,0.587,0.000,0.413
777000,0.495,0.000,0.505
777500,0.618,0.000,0.382
778000,0.454,0.000,0.546
778500,0.364,0.000,0.636
779000,0.621,0.000,0.379
779500,0.445,0.000,0.555
780000,0.394,0.000,0.606
780500,0.438,0.000,0.562
781000,0.634,0.000,0.366
781500,0.444,0.000,0.556
782000,0.616,0.000,0.384
782500,0.605,0.000,0.395
783000,0.541,0.000,0.459
783500,0.357,0.000,0.643
784000,0.439,0.000,0.561
784500,0.490,0.000,0.510
785000,0.532,0.000,0.468
785500,0.564,0.000,0.436
786000,0.507,0.000,0.493
786500,0.583,0.000,0.417
787000,0.479,0.000,0.521
787500,0.495,0.000,0.505
788000,0.411,0.000,0.589
788500,0.476,0.000,0.524
789000,0.575,0.000,0.425
789500,0.605,0.000,0.395
790000,0.525,0.000,0.475
790500,0.542,0.000,0.458
791000,0.632,0.000,0.368
791500,0.605,0.000,0.395
792000,0.536,0.000,0.464
792500,0.544,0.000,0.456
793000,0.574,0.000,0.426
793500,0.566,0.000,0.434
794000,0.651,0.000,0.349
794500,0.467,0.000,0.533
795000,0.454,0.000,0.546
795500,0.512,0.000,0.488
796000,0.501,0.000,0.499
796500,0.458,0.000,0.542
797000,0.493,0.000,0.507
797500,0.578,0.000,0.422
798000,0.589,0.000,0.411
798500,0.656,0.000,0.344
799000,0.695,0.000,0.305
799500,0.434,0.000,0.566
800000,0.391,0.000,0.609
800500,0.570,0.000,0.430
801000,0.514,0.000,0.486
801500,0.552,0.000,0.448
802000,0.486,0.000,0.514
802500,0.555,0.000,0.445
803000,0.375,0.000,0.625
803500,0.526,0.000,0.474
804000,0.557,0.000,0.443
804500,0.431,0.000,0.569
805000,0.510,0.000,0.490
805500,0.488,0.000,0.512
806000,0.533,0.000,0.467
806500,0.515,0.000,0.485
807000,0.554,0.000,0.446
807500,0.483,0.000,0.517
808000,0.513,0.000,0.487
808500,0.451,0.000,0.549
809000,0.530,0.000,0.470
809500,0.582,0.000,0.418
810000,0.635,0.000,0.365
810500,0.397,0.000,0.603
811000,0.495,0.000,0.505
811500,0.759,0.000,0.241
812000,0.686,0.000,0.314
812500,0.456,0.000,0.544
813000,0.527,0.000,0.473
813500,0.476,0.000,0.524
814000,0.418,0.000,0.582
814500,0.523,0.000,0.477
815000,0.585,0.000,0.415
815500,0.664,0.000,0.336
816000,0.493,0.000,0.507
816500,0.538,0.000,0.462
817000,0.540,0.000,0.460
817500,0.504,0.000,0.496
818000,0.552,0.000,0.448
818500,0.597,0.000,0.403
819000,0.621,0.000,0.379
819500,0.475,0.000,0.525
820000,0.496,0.000,0.504
820500,0.441,0.000,0.559
821000,0.506,0.000,0.494
821500,0.497,0.000,0.503
822000,0.513,0.000,0.487
822500,0.740,0.000,0.260
823000,0.551,0.000,0.449
823500,0.640,0.000,0.360
824000,0.494,0.000,0.506
824500,0.510,0.000,0.490
825000,0.620,0.000,0.380
825500,0.572,0.000,0.428
826000,0.505,0.000,0.495
826500,0.531,0.000,0.469
827000,0.410,0.000,0.590
827500,0.558,0.000,0.442
828000,0.577,0.000,0.423
828500,0.527,0.000,0.473
829000,0.474,0.000,0.526
829500,0.670,0.000,0.330
830000,0.684,0.000,0.316
830500,0.501,0.000,0.499
831000,0.611,0.000,0.389
831500,0.727,0.000,0.273
832000,0.564,0.000,0.436
832500,0.417,0.000,0.583
833000,0.428,0.000,0.572
833500,0.532,0.000,0.468
834000,0.551,0.000,0.449
834500,0.337,0.000,0.663
835000,0.373,0.000,0.627
835500,0.457,0.000,0.543
836000,0.461,0.000,0.539
836500,0.510,0.000,0.490
837000,0.593,0.000,0.407
837500,0.475,0.000,0.525
838000,0.566,0.000,0.434
838500,0.434,0.000,0.566
839000,0.523,0.000,0.477
839500,0.489,0.000,0.511
840000,0.584,0.000,0.416
840500,0.553,0.000,0.447
841000,0.579,0.000,0.421
841500,0.525,0.000,0.475
842000,0.544,0.000,0.456
842500,0.466,0.000,0.534
843000,0.334,0.000,0.666
843500,0.590,0.000,0.410
844000,0.486,0.000,0.514
844500,0.435,0.000,0.565
845000,0.440,0.000,0.560
845500,0.305,0.000,0.695
846000,0.512,0.000,0.488
846500,0.588,0.000,0.412
847000,0.439,0.000,0.561
847500,0.361,0.000,0.639
848000,0.452,0.000,0.548
848500,0.453,0.000,0.547
849000,0.311,0.000,0.689
849500,0.439,0.000,0.561
850000,0.364,0.000,0.636
850500,0.410,0.000,0.590
851000,0.598,0.000,0.402
851500,0.633,0.000,0.367
852000,0.452,0.000,0.548
852500,0.505,0.000,0.495
853000,0.599,0.000,0.401
853500,0.715,0.000,0.285
854000,0.466,0.000,0.534
854500,0.472,0.000,0.528
855000,0.526,0.000,0.474
855500,0.331,0.000,0.669
856000,0.551,0.000,0.449
856500,0.506,0.000,0.494
857000,0.406,0.000,0.594
857500,0.553,0.000,0.447
858000,0.548,0.000,0.452
858500,0.353,0.000,0.647
859000,0.424,0.000,0.576
859500,0.400,0.000,0.600
860000,0.480,0.000,0.520
860500,0.625,0.000,0.375
861000,0.552,0.000,0.448
861500,0.498,0.000,0.502
862000,0.577,0.000,0.423
862500,0.599,0.000,0.401
863000,0.512,0.000,0.488
863500,0.354,0.000,0.646
864000,0.415,0.000,0.585
864500,0.420,0.000,0.580
865000,0.349,0.000,0.651
865500,0.397,0.000,0.603
866000,0.512,0.000,0.488
866500,0.353,0.000,0.647
867000,0.589,0.000,0.411
867500,0.558,0.000,0.442
868000,0.589,0.000,0.411
868500,0.563,0.000,0.437
869000,0.634,0.000,0.366
869500,0.478,0.000,0.522
870000,0.579,0.000,0.421
870500,0.481,0.000,0.519
871000,0.470,0.000,0.530
871500,0.599,0.000,0.401
872000,0.424,0.000,0.576
872500,0.411,0.000,0.589
873000,0.373,0.000,0.627
873500,0.359,0.000,0.641
874000,0.418,0.000,0.582
874500,0.505,0.000,0.495
875000,0.604,0.000,0.396
875500,0.557,0.000,0.443
876000,0.500,0.000,0.500
876500,0.404,0.000,0.596
877000,0.445,0.000,0.555
877500,0.333,0.000,0.667
878000,0.658,0.000,0.342
878500,0.595,0.000,0.405
879000,0.524,0.000,0.476
879500,0.590,0.000,0.410
880000,0.649,0.000,0.351
880500,0.535,0.000,0.465
881000,0.474,0.000,0.526
881500,0.426,0.000,0.574
882000,0.538,0.000,0.462
882500,0.557,0.000,0.443
883000,0.407,0.000,0.593
883500,0.599,0.000,0.401
884000,0.643,0.000,0.357
884500,0.473,0.000,0.527
885000,0.486,0.000,0.514
885500,0.491,0.000,0.509
886000,0.578,0.000,0.422
886500,0.446,0.000,0.554
887000,0.548,0.000,0.452
887500,0.459,0.000,0.541
888000,0.448,0.000,0.552
888500,0.364,0.000,0.636
889000,0.604,0.000,0.396
889500,0.414,0.000,0.586
890000,0.396,0.000,0.604
890500,0.473,0.000,0.527
891000,0.343,0.000,0.657
891500,0.408,0.000,0.592
892000,0.488,0.000,0.512
892500,0.673,0.000,0.327
893000,0.558,0.000,0.442
893500,0.449,0.000,0.551
894000,0.623,0.000,0.377
894500,0.596,0.000,0.404
895000,0.478,0.000,0.522
895500,0.494,0.000,0.506
896000,0.453,0.000,0.547
896500,0.367,0.000,0.633
897000,0.612,0.000,0.388
897500,0.481,0.000,0.519
898000,0.554,0.000,0.446
898500,0.460,0.000,0.540
899000,0.469,0.000,0.531
899500,0.516,0.000,0.484
900000,0.502,0.000,0.498
900500,0.721,0.000,0.279
901000,0.492,0.000,0.508
901500,0.499,0.000,0.501
902000,0.436,0.000,0.564
902500,0.480,0.000,0.520
903000,0.521,0.000,0.479
903500,0.524,0.000,0.476
904000,0.656,0.000,0.344
904500,0.545,0.000,0.455
905000,0.630,0.000,0.370
905500,0.456,0.000,0.544
906000,0.484,0.000,0.516
906500,0.447,0.000,0.553
907000,0.664,0.000,0.336
907500,0.514,0.000,0.486
908000,0.602,0.000,0.398
908500,0.543,0.000,0.457
909000,0.526,0.000,0.474
909500,0.415,0.000,0.585
910000,0.569,0.000,0.431
910500,0.556,0.000,0.444
911000,0.334,0.000,0.666
911500,0.545,0.000,0.455
912000,0.395,0.000,0.605
912500,0.490,0.000,0.510
913000,0.601,0.000,0.399
913500,0.370,0.000,0.630
914000,0.347,0.000,0.653
914500,0.331,0.000,0.669
915000,0.405,0.000,0.595
915500,0.512,0.000,0.488
916000,0.511,0.000,0.489
916500,0.366,0.000,0.634
917000,0.493,0.000,0.507
917500,0.523,0.000,0.477
918000,0.378,0.000,0.622
918500,0.411,0.000,0.589
919000,0.425,0.000,0.575
919500,0.431,0.000,0.569
920000,0.445,0.000,0.555
920500,0.513,0.000,0.487
921000,0.428,0.000,0.572
921500,0.417,0.000,0.583
922000,0.499,0.000,0.501
922500,0.536,0.000,0.464
923000,0.522,0.000,0.478
923500,0.566,0.000,0.434
924000,0.463,0.000,0.537
924500,0.387,0.000,0.613
925000,0.701,0.000,0.299
925500,0.579,0.000,0.421
926000,0.539,0.000,0.461
926500,0.557,0.000,0.443
927000,0.509,0.000,0.491
927500,0.360,0.000,0.640
928000,0.457,0.000,0.543
928500,0.592,0.000,0.408
929000,0.612,0.000,0.388
929500,0.553,0.000,0.447
930000,0.528,0.000,0.472
930500,0.632,0.000,0.368
931000,0.512,0.000,0.488
931500,0.508,0.000,0.492
932000,0.457,0.000,0.543
932500,0.675,0.000,0.325
933000,0.433,0.000,0.567
933500,0.592,0.000,0.408
934000,0.538,0.000,0.462
934500,0.449,0.000,0.551
935000,0.530,0.000,0.470
935500,0.731,0.000,0.269
936000,0.681,0.000,0.319
936500,0.516,0.000,0.484
937000,0.666,0.000,0.334
937500,0.341,0.000,0.659
938000,0.633,0.000,0.367
938500,0.511,0.000,0.489
939000,0.438,0.000,0.562
939500,0.542,0.000,0.458
940000,0.684,0.000,0.316
940500,0.694,0.000,0.306
941000,0.549,0.000,0.451
941500,0.374,0.000,0.626
942000,0.385,0.000,0.615
942500,0.518,0.000,0.482
943000,0.578,0.000,0.422
943500,0.494,0.000,0.506
944000,0.518,0.000,0.482
944500,0.678,0.000,0.322
945000,0.549,0.000,0.451
945500,0.527,0.000,0.473
946000,0.449,0.000,0.551
946500,0.475,0.000,0.525
947000,0.391,0.000,0.609
947500,0.471,0.000,0.529
948000,0.479,0.000,0.521
948500,0.467,0.000,0.533
949000,0.467,0.000,0.533
949500,0.448,0.000,0.552
950000,0.677,0.000,0.323
950500,0.552,0.000,0.448
951000,0.477,0.000,0.523
951500,0.440,0.000,0.560
952000,0.553,0.000,0.447
952500,0.604,0.000,0.396
953000,0.514,0.000,0.486
953500,0.363,0.000,0.637
954000,0.435,0.000,0.565
954500,0.550,0.000,0.450
955000,0.566,0.000,0.434
955500,0.493,0.000,0.507
956000,0.578,0.000,0.422
956500,0.628,0.000,0.372
957000,0.592,0.000,0.408
957500,0.350,0.000,0.650
958000,0.442,0.000,0.558
958500,0.448,0.000,0.552
959000,0.515,0.000,0.485
959500,0.542,0.000,0.458
960000,0.613,0.000,0.387
960500,0.509,0.000,0.491
961000,0.569,0.000,0.431
961500,0.440,0.000,0.560
962000,0.369,0.000,0.631
962500,0.507,0.000,0.493
963000,0.482,0.000,0.518
963500,0.487,0.000,0.513
964000,0.321,0.000,0.679
964500,0.602,0.000,0.398
965000,0.675,0.000,0.325
965500,0.631,0.000,0.369
966000,0.446,0.000,0.554
966500,0.555,0.000,0.445
967000,0.418,0.000,0.582
967500,0.480,0.000,0.520
968000,0.580,0.000,0.420
968500,0.490,0.000,0.510
969000,0.661,0.000,0.339
969500,0.493,0.000,0.507
970000,0.494,0.000,0.506
970500,0.406,0.000,0.594
971000,0.608,0.000,0.392
971500,0.681,0.000,0.319
972000,0.649,0.000,0.351
972500,0.553,0.000,0.447
973000,0.549,0.000,0.451
973500,0.384,0.000,0.616
974000,0.527,0.000,0.473
974500,0.655,0.000,0.345
975000,0.590,0.000,0.410
975500,0.462,0.000,0.538
976000,0.409,0.000,0.591
976500,0.450,0.000,0.550
977000,0.618,0.000,0.382
977500,0.447,0.000,0.553
978000,0.472,0.000,0.528
978500,0.429,0.000,0.571
979000,0.386,0.000,0.614
979500,0.535,0.000,0.465
980000,0.297,0.000,0.703
980500,0.457,0.000,0.543
981000,0.514,0.000,0.486
981500,0.589,0.000,0.411
982000,0.425,0.000,0.575
982500,0.397,0.000,0.603
983000,0.513,0.000,0.487
983500,0.416,0.000,0.584
984000,0.336,0.000,0.664
984500,0.467,0.000,0.533
985000,0.319,0.000,0.681
985500,0.562,0.000,0.438
986000,0.630,0.000,0.370
986500,0.559,0.000,0.441
987000,0.573,0.000,0.427
987500,0.426,0.000,0.574
988000,0.300,0.000,0.700
988500,0.456,0.000,0.544
989000,0.431,0.000,0.569
989500,0.448,0.000,0.552
990000,0.536,0.000,0.464
990500,0.466,0.000,0.534
991000,0.556,0.000,0.444
991500,0.540,0.000,0.460
992000,0.472,0.000,0.528
992500,0.684,0.000,0.316
993000,0.527,0.000,0.473
993500,0.600,0.000,0.400
994000,0.663,0.000,0.337
994500,0.333,0.000,0.667
995000,0.568,0.000,0.432
995500,0.494,0.000,0.506
996000,0.496,0.000,0.504
996500,0.520,0.000,0.480
997000,0.433,0.000,0.567
997500,0.508,0.000,0.492
998000,0.429,0.000,0.571
998500,0.427,0.000,0.573
999000,0.565,0.000,0.435
999500,0.488,0.000,0.512
1000000,0.607,0.000,0.393
