time,n_A+p,n_B,n_AB
500,0.080,0.790,0.130
1000,0.080,0.646,0.274
1500,0.082,0.515,0.403
2000,0.083,0.402,0.515
2500,0.092,0.325,0.583
3000,0.103,0.285,0.611
3500,0.103,0.231,0.666
4000,0.121,0.181,0.698
4500,0.137,0.148,0.715
5000,0.155,0.141,0.703
5500,0.161,0.115,0.724
6000,0.181,0.099,0.720
6500,0.215,0.078,0.707
7000,0.234,0.070,0.696
7500,0.241,0.058,0.702
8000,0.275,0.041,0.684
8500,0.283,0.035,0.681
9000,0.300,0.030,0.669
9500,0.308,0.035,0.657
10000,0.308,0.026,0.665
10500,0.348,0.021,0.631
11000,0.353,0.011,0.635
11500,0.372,0.009,0.619
12000,0.394,0.005,0.602
12500,0.420,0.006,0.573
13000,0.425,0.002,0.573
13500,0.409,0.001,0.590
14000,0.461,0.005,0.534
14500,0.461,0.004,0.535
15000,0.436,0.004,0.560
15500,0.413,0.006,0.580
16000,0.430,0.011,0.559
16500,0.452,0.009,0.540
17000,0.425,0.004,0.571
17500,0.416,0.006,0.578
18000,0.394,0.009,0.598
18500,0.418,0.007,0.575
19000,0.399,0.004,0.598
19500,0.446,0.004,0.551
20000,0.430,0.007,0.562
20500,0.403,0.007,0.590
21000,0.418,0.009,0.573
21500,0.427,0.011,0.562
22000,0.470,0.006,0.524
22500,0.465,0.009,0.526
23000,0.452,0.009,0.539
23500,0.439,0.004,0.558
24000,0.452,0.003,0.545
24500,0.425,0.004,0.572
25000,0.467,0.006,0.527
25500,0.450,0.005,0.545
26000,0.420,0.007,0.572
26500,0.435,0.003,0.562
27000,0.439,0.001,0.560
27500,0.441,0.004,0.556
28000,0.412,0.003,0.585
28500,0.408,0.005,0.587
29000,0.416,0.006,0.578
29500,0.426,0.005,0.569
30000,0.431,0.005,0.564
30500,0.427,0.004,0.569
31000,0.462,0.006,0.532
31500,0.448,0.009,0.543
32000,0.453,0.007,0.540
32500,0.472,0.003,0.526
33000,0.493,0.003,0.504
33500,0.488,0.002,0.511
34000,0.463,0.004,0.533
34500,0.433,0.011,0.556
35000,0.438,0.012,0.550
35500,0.455,0.004,0.541
36000,0.430,0.002,0.569
36500,0.423,0.005,0.572
37000,0.419,0.005,0.575
37500,0.450,0.005,0.545
38000,0.435,0.004,0.560
38500,0.455,0.004,0.541
39000,0.472,0.009,0.518
39500,0.468,0.007,0.525
40000,0.456,0.003,0.541
40500,0.434,0.005,0.561
41000,0.447,0.005,0.548
41500,0.468,0.005,0.527
42000,0.466,0.003,0.532
42500,0.460,0.002,0.539
43000,0.465,0.000,0.535
43500,0.458,0.004,0.538
44000,0.426,0.009,0.564
44500,0.440,0.004,0.556
45000,0.435,0.003,0.561
45500,0.432,0.005,0.562
46000,0.407,0.006,0.587
46500,0.455,0.003,0.542
47000,0.433,0.004,0.564
47500,0.451,0.013,0.536
48000,0.450,0.007,0.543
48500,0.469,0.009,0.523
49000,0.428,0.004,0.568
49500,0.424,0.010,0.566
50000,0.431,0.015,0.554
50500,0.412,0.011,0.578
51000,0.421,0.009,0.570
51500,0.410,0.009,0.581
52000,0.407,0.011,0.583
52500,0.394,0.010,0.597
53000,0.395,0.009,0.597
53500,0.398,0.011,0.592
54000,0.402,0.011,0.587
54500,0.392,0.008,0.601
55000,0.392,0.011,0.597
55500,0.402,0.004,0.595
56000,0.397,0.007,0.596
56500,0.448,0.006,0.546
57000,0.447,0.003,0.550
57500,0.431,0.003,0.566
58000,0.459,0.005,0.536
58500,0.462,0.004,0.535
59000,0.451,0.006,0.543
59500,0.467,0.003,0.530
60000,0.473,0.010,0.517
60500,0.445,0.011,0.544
61000,0.446,0.006,0.548
61500,0.449,0.006,0.544
62000,0.435,0.008,0.556
62500,0.406,0.003,0.591
63000,0.441,0.002,0.557
63500,0.433,0.013,0.554
64000,0.443,0.007,0.549
64500,0.461,0.006,0.532
65000,0.471,0.003,0.527
65500,0.443,0.007,0.550
66000,0.401,0.007,0.592
66500,0.406,0.011,0.584
67000,0.411,0.015,0.575
67500,0.407,0.015,0.578
68000,0.423,0.008,0.569
68500,0.426,0.005,0.568
69000,0.422,0.006,0.572
69500,0.436,0.006,0.557
70000,0.408,0.010,0.582
70500,0.443,0.005,0.552
71000,0.449,0.006,0.545
71500,0.433,0.004,0.562
72000,0.461,0.005,0.534
72500,0.467,0.010,0.523
73000,0.464,0.003,0.533
73500,0.446,0.004,0.550
74000,0.440,0.004,0.556
74500,0.433,0.010,0.556
75000,0.435,0.004,0.560
75500,0.440,0.003,0.557
76000,0.455,0.001,0.544
76500,0.449,0.009,0.542
77000,0.418,0.009,0.572
77500,0.429,0.006,0.565
78000,0.460,0.005,0.535
78500,0.450,0.010,0.540
79000,0.444,0.007,0.549
79500,0.460,0.004,0.536
80000,0.413,0.006,0.581
80500,0.410,0.009,0.582
81000,0.445,0.006,0.549
81500,0.432,0.006,0.562
82000,0.434,0.003,0.563
82500,0.406,0.009,0.586
83000,0.407,0.009,0.584
83500,0.409,0.011,0.580
84000,0.394,0.013,0.593
84500,0.399,0.009,0.592
85000,0.435,0.009,0.555
85500,0.442,0.007,0.551
86000,0.443,0.004,0.553
86500,0.414,0.004,0.582
87000,0.451,0.004,0.545
87500,0.442,0.002,0.557
88000,0.446,0.006,0.548
88500,0.439,0.004,0.557
89000,0.459,0.005,0.536
89500,0.452,0.004,0.545
90000,0.462,0.004,0.534
90500,0.471,0.009,0.519
91000,0.440,0.009,0.551
91500,0.458,0.009,0.534
92000,0.445,0.008,0.547
92500,0.430,0.010,0.560
93000,0.417,0.007,0.576
93500,0.442,0.007,0.551
94000,0.435,0.006,0.558
94500,0.408,0.002,0.590
95000,0.411,0.004,0.585
95500,0.413,0.003,0.584
96000,0.445,0.011,0.544
96500,0.401,0.006,0.593
97000,0.384,0.007,0.610
97500,0.380,0.004,0.617
98000,0.381,0.014,0.605
98500,0.362,0.009,0.630
99000,0.366,0.012,0.621
99500,0.380,0.006,0.615
100000,0.376,0.006,0.618
100500,0.387,0.011,0.603
101000,0.396,0.007,0.597
101500,0.386,0.007,0.607
102000,0.400,0.004,0.597
102500,0.411,0.007,0.582
103000,0.407,0.007,0.586
103500,0.418,0.006,0.576
104000,0.431,0.007,0.562
104500,0.428,0.006,0.566
105000,0.433,0.004,0.564
105500,0.477,0.006,0.517
106000,0.469,0.004,0.527
106500,0.440,0.006,0.554
107000,0.443,0.003,0.554
107500,0.431,0.002,0.568
108000,0.425,0.000,0.575
108500,0.449,0.004,0.546
109000,0.472,0.006,0.522
109500,0.448,0.009,0.543
110000,0.448,0.002,0.551
110500,0.444,0.005,0.551
111000,0.407,0.005,0.587
111500,0.406,0.015,0.580
112000,0.416,0.013,0.571
112500,0.424,0.015,0.561
113000,0.389,0.011,0.600
113500,0.417,0.011,0.572
114000,0.406,0.008,0.586
114500,0.388,0.006,0.607
115000,0.399,0.007,0.594
115500,0.380,0.007,0.614
116000,0.365,0.013,0.622
116500,0.363,0.013,0.625
117000,0.345,0.022,0.632
117500,0.351,0.023,0.626
118000,0.344,0.023,0.632
118500,0.362,0.017,0.620
119000,0.396,0.009,0.595
119500,0.418,0.006,0.576
120000,0.396,0.011,0.594
120500,0.409,0.009,0.582
121000,0.390,0.004,0.606
121500,0.399,0.004,0.597
122000,0.410,0.008,0.582
122500,0.405,0.006,0.589
123000,0.378,0.006,0.616
123500,0.340,0.017,0.643
124000,0.358,0.016,0.625
124500,0.347,0.016,0.637
125000,0.331,0.021,0.648
125500,0.358,0.024,0.618
126000,0.365,0.014,0.621
126500,0.385,0.018,0.597
127000,0.386,0.013,0.601
127500,0.410,0.009,0.581
128000,0.417,0.010,0.573
128500,0.408,0.010,0.582
129000,0.395,0.009,0.597
129500,0.394,0.008,0.599
130000,0.396,0.007,0.597
130500,0.359,0.010,0.631
131000,0.395,0.011,0.594
131500,0.376,0.014,0.611
132000,0.375,0.007,0.618
132500,0.383,0.008,0.609
133000,0.396,0.009,0.596
133500,0.409,0.015,0.576
134000,0.428,0.009,0.563
134500,0.428,0.004,0.568
135000,0.433,0.007,0.559
135500,0.436,0.011,0.553
136000,0.438,0.010,0.552
136500,0.442,0.009,0.550
137000,0.409,0.006,0.584
137500,0.405,0.003,0.592
138000,0.392,0.007,0.602
138500,0.395,0.003,0.603
139000,0.403,0.009,0.588
139500,0.379,0.006,0.615
140000,0.374,0.007,0.619
140500,0.368,0.011,0.620
141000,0.392,0.010,0.599
141500,0.379,0.013,0.608
142000,0.359,0.012,0.629
142500,0.349,0.011,0.640
143000,0.361,0.014,0.625
143500,0.369,0.008,0.623
144000,0.388,0.011,0.601
144500,0.395,0.007,0.598
145000,0.365,0.006,0.628
145500,0.361,0.013,0.626
146000,0.367,0.009,0.624
146500,0.402,0.004,0.594
147000,0.448,0.002,0.551
147500,0.472,0.001,0.527
148000,0.477,0.000,0.523
148500,0.490,0.004,0.507
149000,0.490,0.005,0.505
149500,0.472,0.005,0.523
150000,0.452,0.004,0.545
150500,0.443,0.005,0.552
151000,0.416,0.012,0.572
151500,0.440,0.006,0.554
152000,0.472,0.009,0.519
152500,0.442,0.003,0.555
153000,0.472,0.008,0.520
153500,0.465,0.007,0.528
154000,0.458,0.006,0.536
154500,0.464,0.003,0.534
155000,0.438,0.011,0.551
155500,0.457,0.007,0.535
156000,0.429,0.004,0.567
156500,0.421,0.007,0.572
157000,0.438,0.004,0.558
157500,0.444,0.002,0.554
158000,0.453,0.004,0.544
158500,0.428,0.000,0.572
159000,0.434,0.007,0.559
159500,0.406,0.009,0.585
160000,0.402,0.007,0.591
160500,0.401,0.007,0.592
161000,0.377,0.009,0.614
161500,0.369,0.018,0.614
162000,0.389,0.009,0.602
162500,0.403,0.004,0.593
163000,0.401,0.005,0.594
163500,0.400,0.006,0.594
164000,0.412,0.007,0.581
164500,0.427,0.009,0.563
165000,0.433,0.015,0.551
165500,0.435,0.008,0.557
166000,0.410,0.007,0.583
166500,0.395,0.013,0.593
167000,0.428,0.010,0.561
167500,0.440,0.007,0.553
168000,0.457,0.004,0.539
168500,0.435,0.003,0.562
169000,0.423,0.005,0.572
169500,0.421,0.011,0.569
170000,0.438,0.013,0.550
170500,0.433,0.007,0.559
171000,0.446,0.006,0.548
171500,0.427,0.005,0.568
172000,0.426,0.006,0.568
172500,0.417,0.006,0.577
173000,0.427,0.011,0.561
173500,0.392,0.009,0.599
174000,0.391,0.006,0.603
174500,0.403,0.005,0.592
175000,0.377,0.004,0.619
175500,0.368,0.014,0.617
176000,0.398,0.014,0.589
176500,0.360,0.013,0.627
177000,0.373,0.013,0.615
177500,0.373,0.011,0.615
178000,0.392,0.013,0.596
178500,0.400,0.013,0.587
179000,0.368,0.009,0.622
179500,0.367,0.013,0.620
180000,0.396,0.017,0.587
180500,0.406,0.005,0.588
181000,0.386,0.009,0.606
181500,0.400,0.007,0.594
182000,0.385,0.015,0.600
182500,0.393,0.007,0.600
183000,0.389,0.009,0.602
183500,0.376,0.011,0.614
184000,0.369,0.011,0.619
184500,0.385,0.009,0.606
185000,0.359,0.011,0.630
185500,0.346,0.017,0.636
186000,0.353,0.007,0.640
186500,0.388,0.015,0.598
187000,0.406,0.009,0.586
187500,0.412,0.005,0.582
188000,0.418,0.007,0.575
188500,0.443,0.007,0.549
189000,0.430,0.005,0.565
189500,0.428,0.002,0.571
190000,0.444,0.003,0.553
190500,0.422,0.003,0.575
191000,0.437,0.007,0.556
191500,0.433,0.007,0.559
192000,0.427,0.004,0.569
192500,0.415,0.004,0.580
193000,0.415,0.007,0.578
193500,0.421,0.011,0.568
194000,0.441,0.015,0.544
194500,0.415,0.014,0.571
195000,0.433,0.005,0.561
195500,0.418,0.004,0.578
196000,0.457,0.002,0.541
196500,0.426,0.001,0.573
197000,0.424,0.003,0.574
197500,0.419,0.005,0.576
198000,0.466,0.006,0.528
198500,0.450,0.006,0.544
199000,0.442,0.007,0.551
199500,0.421,0.004,0.574
200000,0.379,0.007,0.614
200500,0.390,0.007,0.603
201000,0.387,0.006,0.607
201500,0.417,0.009,0.574
202000,0.426,0.011,0.563
202500,0.410,0.007,0.582
203000,0.406,0.018,0.577
203500,0.389,0.010,0.601
204000,0.396,0.008,0.597
204500,0.411,0.002,0.587
205000,0.406,0.003,0.592
205500,0.423,0.003,0.574
206000,0.402,0.006,0.592
206500,0.406,0.004,0.590
207000,0.402,0.013,0.586
207500,0.429,0.004,0.568
208000,0.428,0.005,0.566
208500,0.453,0.003,0.545
209000,0.450,0.009,0.542
209500,0.442,0.001,0.558
210000,0.456,0.001,0.544
210500,0.423,0.004,0.572
211000,0.420,0.007,0.573
211500,0.458,0.007,0.535
212000,0.423,0.006,0.571
212500,0.445,0.004,0.551
213000,0.428,0.007,0.564
213500,0.436,0.006,0.557
214000,0.457,0.004,0.539
214500,0.440,0.002,0.558
215000,0.431,0.005,0.564
215500,0.435,0.004,0.561
216000,0.417,0.004,0.579
216500,0.439,0.004,0.558
217000,0.417,0.002,0.581
217500,0.415,0.001,0.584
218000,0.400,0.003,0.597
218500,0.432,0.006,0.562
219000,0.446,0.008,0.546
219500,0.413,0.009,0.578
220000,0.422,0.010,0.568
220500,0.385,0.017,0.598
221000,0.363,0.011,0.625
221500,0.397,0.013,0.590
222000,0.387,0.013,0.601
222500,0.355,0.019,0.626
223000,0.341,0.021,0.639
223500,0.351,0.010,0.639
224000,0.354,0.021,0.624
224500,0.342,0.015,0.642
225000,0.343,0.011,0.646
225500,0.333,0.007,0.660
226000,0.336,0.013,0.651
226500,0.369,0.018,0.614
227000,0.373,0.013,0.615
227500,0.378,0.009,0.613
228000,0.388,0.005,0.608
228500,0.388,0.007,0.605
229000,0.385,0.004,0.611
229500,0.376,0.014,0.611
230000,0.371,0.011,0.618
230500,0.357,0.011,0.632
231000,0.360,0.014,0.625
231500,0.396,0.019,0.585
232000,0.413,0.015,0.571
232500,0.400,0.017,0.583
233000,0.440,0.011,0.549
233500,0.437,0.017,0.546
234000,0.460,0.010,0.530
234500,0.457,0.004,0.540
235000,0.435,0.006,0.558
235500,0.431,0.004,0.565
236000,0.446,0.003,0.552
236500,0.466,0.007,0.527
237000,0.456,0.006,0.538
237500,0.426,0.007,0.567
238000,0.398,0.018,0.585
238500,0.383,0.013,0.605
239000,0.392,0.011,0.598
239500,0.385,0.009,0.606
240000,0.413,0.011,0.575
240500,0.400,0.007,0.594
241000,0.411,0.007,0.581
241500,0.397,0.009,0.594
242000,0.393,0.011,0.597
242500,0.391,0.015,0.595
243000,0.390,0.012,0.599
243500,0.393,0.008,0.599
244000,0.390,0.009,0.602
244500,0.407,0.009,0.584
245000,0.406,0.010,0.584
245500,0.407,0.010,0.583
246000,0.364,0.013,0.623
246500,0.386,0.005,0.609
247000,0.422,0.005,0.573
247500,0.411,0.006,0.582
248000,0.407,0.004,0.588
248500,0.378,0.009,0.614
249000,0.399,0.006,0.595
249500,0.390,0.006,0.604
250000,0.399,0.013,0.589
250500,0.385,0.011,0.605
251000,0.411,0.006,0.583
251500,0.432,0.009,0.559
252000,0.444,0.004,0.552
252500,0.441,0.005,0.553
253000,0.403,0.008,0.589
253500,0.402,0.011,0.588
254000,0.410,0.007,0.582
254500,0.436,0.004,0.560
255000,0.460,0.010,0.530
255500,0.442,0.006,0.552
256000,0.460,0.008,0.532
256500,0.463,0.004,0.533
257000,0.454,0.004,0.542
257500,0.427,0.009,0.564
258000,0.420,0.009,0.570
258500,0.420,0.009,0.571
259000,0.444,0.005,0.551
259500,0.443,0.009,0.548
260000,0.440,0.003,0.557
260500,0.451,0.004,0.545
261000,0.406,0.003,0.592
261500,0.377,0.010,0.613
262000,0.398,0.004,0.598
262500,0.390,0.005,0.605
263000,0.400,0.012,0.589
263500,0.415,0.014,0.571
264000,0.420,0.009,0.571
264500,0.436,0.007,0.557
265000,0.417,0.015,0.569
265500,0.404,0.007,0.589
266000,0.393,0.012,0.595
266500,0.393,0.009,0.598
267000,0.422,0.007,0.571
267500,0.429,0.009,0.562
268000,0.433,0.009,0.558
268500,0.441,0.011,0.549
269000,0.420,0.004,0.575
269500,0.431,0.009,0.560
270000,0.415,0.009,0.577
270500,0.463,0.004,0.533
271000,0.471,0.006,0.522
271500,0.465,0.004,0.531
272000,0.432,0.004,0.563
272500,0.449,0.011,0.540
273000,0.428,0.004,0.567
273500,0.419,0.002,0.579
274000,0.427,0.004,0.569
274500,0.402,0.005,0.594
275000,0.412,0.005,0.583
275500,0.403,0.006,0.591
276000,0.414,0.007,0.578
276500,0.399,0.014,0.587
277000,0.383,0.014,0.603
277500,0.377,0.011,0.612
278000,0.388,0.013,0.599
278500,0.449,0.009,0.542
279000,0.452,0.009,0.539
279500,0.439,0.009,0.551
280000,0.434,0.009,0.556
280500,0.438,0.004,0.558
281000,0.433,0.003,0.565
281500,0.421,0.004,0.575
282000,0.456,0.003,0.542
282500,0.455,0.004,0.542
283000,0.459,0.009,0.532
283500,0.471,0.004,0.525
284000,0.432,0.010,0.558
284500,0.407,0.008,0.585
285000,0.414,0.012,0.574
285500,0.389,0.006,0.605
286000,0.418,0.002,0.580
286500,0.424,0.002,0.574
287000,0.417,0.004,0.580
287500,0.431,0.004,0.565
288000,0.432,0.005,0.563
288500,0.442,0.003,0.555
289000,0.431,0.010,0.558
289500,0.414,0.005,0.581
290000,0.374,0.011,0.615
290500,0.364,0.012,0.624
291000,0.378,0.016,0.607
291500,0.387,0.012,0.601
292000,0.405,0.006,0.589
292500,0.425,0.004,0.571
293000,0.426,0.004,0.570
293500,0.410,0.004,0.586
294000,0.411,0.004,0.585
294500,0.404,0.007,0.589
295000,0.445,0.006,0.549
295500,0.430,0.006,0.564
296000,0.419,0.009,0.571
296500,0.440,0.003,0.557
297000,0.450,0.006,0.544
297500,0.452,0.005,0.543
298000,0.451,0.006,0.543
298500,0.462,0.002,0.536
299000,0.461,0.001,0.539
299500,0.414,0.010,0.576
300000,0.413,0.011,0.576
300500,0.399,0.009,0.592
301000,0.413,0.007,0.579
301500,0.387,0.008,0.605
302000,0.383,0.014,0.603
302500,0.400,0.011,0.589
303000,0.431,0.009,0.559
303500,0.440,0.005,0.555
304000,0.433,0.004,0.562
304500,0.459,0.004,0.538
305000,0.446,0.002,0.553
305500,0.470,0.005,0.525
306000,0.460,0.008,0.532
306500,0.470,0.004,0.526
307000,0.461,0.007,0.532
307500,0.466,0.004,0.530
308000,0.437,0.004,0.558
308500,0.410,0.011,0.579
309000,0.421,0.009,0.570
309500,0.441,0.004,0.555
310000,0.463,0.005,0.532
310500,0.454,0.002,0.545
311000,0.461,0.006,0.533
311500,0.435,0.007,0.557
312000,0.449,0.006,0.544
312500,0.436,0.006,0.557
313000,0.448,0.006,0.546
313500,0.464,0.003,0.533
314000,0.457,0.002,0.541
314500,0.437,0.006,0.556
315000,0.431,0.009,0.560
315500,0.413,0.004,0.583
316000,0.424,0.003,0.573
316500,0.430,0.004,0.567
317000,0.391,0.004,0.606
317500,0.398,0.006,0.596
318000,0.411,0.017,0.572
318500,0.411,0.009,0.581
319000,0.429,0.007,0.563
319500,0.438,0.006,0.556
320000,0.453,0.003,0.544
320500,0.422,0.010,0.568
321000,0.432,0.009,0.560
321500,0.421,0.009,0.570
322000,0.404,0.010,0.587
322500,0.399,0.009,0.592
323000,0.387,0.011,0.602
323500,0.384,0.005,0.611
324000,0.399,0.011,0.591
324500,0.416,0.007,0.577
325000,0.416,0.006,0.578
325500,0.426,0.007,0.567
326000,0.433,0.006,0.560
326500,0.409,0.007,0.584
327000,0.400,0.009,0.592
327500,0.381,0.011,0.608
328000,0.394,0.015,0.592
328500,0.384,0.011,0.606
329000,0.395,0.008,0.597
329500,0.404,0.011,0.586
330000,0.411,0.011,0.578
330500,0.413,0.011,0.577
331000,0.413,0.002,0.586
331500,0.397,0.015,0.588
332000,0.390,0.013,0.598
332500,0.375,0.020,0.605
333000,0.391,0.015,0.595
333500,0.390,0.013,0.597
334000,0.400,0.020,0.581
334500,0.382,0.021,0.598
335000,0.364,0.015,0.620
335500,0.358,0.017,0.625
336000,0.350,0.021,0.629
336500,0.380,0.017,0.604
337000,0.378,0.015,0.608
337500,0.360,0.008,0.632
338000,0.370,0.004,0.626
338500,0.371,0.011,0.618
339000,0.361,0.013,0.626
339500,0.363,0.010,0.627
340000,0.367,0.015,0.618
340500,0.384,0.006,0.610
341000,0.371,0.005,0.624
341500,0.386,0.010,0.604
342000,0.429,0.006,0.565
342500,0.411,0.004,0.585
343000,0.446,0.003,0.552
343500,0.445,0.001,0.554
344000,0.466,0.001,0.534
344500,0.459,0.003,0.538
345000,0.455,0.002,0.543
345500,0.462,0.004,0.534
346000,0.456,0.007,0.537
346500,0.439,0.007,0.554
347000,0.460,0.014,0.526
347500,0.442,0.006,0.552
348000,0.419,0.005,0.576
348500,0.423,0.002,0.575
349000,0.450,0.006,0.544
349500,0.422,0.007,0.571
350000,0.457,0.003,0.540
350500,0.460,0.004,0.537
351000,0.442,0.005,0.553
351500,0.450,0.006,0.544
352000,0.411,0.007,0.582
352500,0.416,0.009,0.575
353000,0.440,0.006,0.554
353500,0.407,0.018,0.575
354000,0.379,0.011,0.610
354500,0.395,0.012,0.593
355000,0.377,0.013,0.611
355500,0.391,0.011,0.599
356000,0.412,0.010,0.578
356500,0.396,0.008,0.597
357000,0.371,0.007,0.622
357500,0.398,0.010,0.592
358000,0.421,0.011,0.567
358500,0.416,0.013,0.572
359000,0.423,0.011,0.566
359500,0.419,0.010,0.571
360000,0.403,0.008,0.589
360500,0.385,0.004,0.612
361000,0.385,0.005,0.610
361500,0.398,0.007,0.595
362000,0.416,0.003,0.582
362500,0.397,0.007,0.596
363000,0.404,0.004,0.592
363500,0.418,0.007,0.575
364000,0.409,0.007,0.584
364500,0.448,0.006,0.546
365000,0.401,0.009,0.590
365500,0.406,0.008,0.587
366000,0.381,0.014,0.605
366500,0.383,0.012,0.605
367000,0.379,0.011,0.610
367500,0.376,0.015,0.610
368000,0.403,0.014,0.583
368500,0.373,0.013,0.614
369000,0.399,0.009,0.592
369500,0.386,0.013,0.602
370000,0.385,0.007,0.608
370500,0.433,0.006,0.561
371000,0.427,0.005,0.568
371500,0.427,0.004,0.569
372000,0.445,0.003,0.552
372500,0.432,0.004,0.564
373000,0.423,0.003,0.574
373500,0.445,0.001,0.554
374000,0.422,0.005,0.572
374500,0.432,0.007,0.560
375000,0.432,0.005,0.563
375500,0.428,0.004,0.568
376000,0.389,0.009,0.603
376500,0.402,0.016,0.583
377000,0.353,0.013,0.635
377500,0.366,0.012,0.621
378000,0.357,0.007,0.636
378500,0.388,0.011,0.602
379000,0.391,0.013,0.596
379500,0.391,0.007,0.602
380000,0.377,0.009,0.615
380500,0.379,0.015,0.607
381000,0.371,0.014,0.615
381500,0.362,0.014,0.623
382000,0.402,0.011,0.588
382500,0.399,0.006,0.595
383000,0.398,0.004,0.599
383500,0.414,0.009,0.577
384000,0.431,0.006,0.562
384500,0.430,0.008,0.562
385000,0.423,0.006,0.571
385500,0.408,0.006,0.585
386000,0.418,0.004,0.577
386500,0.424,0.002,0.575
387000,0.434,0.003,0.563
387500,0.447,0.001,0.552
388000,0.452,0.006,0.542
388500,0.469,0.004,0.527
389000,0.454,0.003,0.543
389500,0.440,0.007,0.553
390000,0.428,0.004,0.567
390500,0.440,0.005,0.555
391000,0.463,0.007,0.530
391500,0.465,0.005,0.530
392000,0.457,0.004,0.538
392500,0.455,0.003,0.542
393000,0.472,0.004,0.524
393500,0.471,0.002,0.528
394000,0.474,0.002,0.524
394500,0.467,0.003,0.531
395000,0.447,0.008,0.545
395500,0.419,0.005,0.576
396000,0.409,0.004,0.587
396500,0.419,0.013,0.569
397000,0.462,0.009,0.530
397500,0.459,0.004,0.536
398000,0.470,0.004,0.527
398500,0.462,0.002,0.536
399000,0.452,0.001,0.547
399500,0.442,0.003,0.556
400000,0.443,0.001,0.556
400500,0.425,0.010,0.565
401000,0.458,0.004,0.539
401500,0.464,0.005,0.531
402000,0.460,0.005,0.535
402500,0.445,0.001,0.554
403000,0.429,0.002,0.570
403500,0.419,0.005,0.575
404000,0.408,0.003,0.589
404500,0.405,0.012,0.583
405000,0.428,0.009,0.563
405500,0.424,0.005,0.571
406000,0.409,0.009,0.582
406500,0.397,0.014,0.589
407000,0.401,0.005,0.594
407500,0.405,0.008,0.587
408000,0.415,0.009,0.576
408500,0.410,0.011,0.579
409000,0.418,0.009,0.574
409500,0.408,0.009,0.582
410000,0.407,0.011,0.582
410500,0.394,0.018,0.588
411000,0.395,0.013,0.592
411500,0.412,0.012,0.576
412000,0.403,0.009,0.589
412500,0.408,0.009,0.583
413000,0.412,0.013,0.575
413500,0.440,0.007,0.553
414000,0.454,0.010,0.536
414500,0.452,0.005,0.543
415000,0.433,0.004,0.562
415500,0.403,0.006,0.591
416000,0.422,0.009,0.569
416500,0.409,0.013,0.579
417000,0.389,0.015,0.596
417500,0.372,0.023,0.605
418000,0.358,0.013,0.629
418500,0.351,0.020,0.629
419000,0.395,0.011,0.594
419500,0.414,0.005,0.580
420000,0.426,0.003,0.571
420500,0.413,0.003,0.584
421000,0.426,0.005,0.569
421500,0.415,0.008,0.577
422000,0.433,0.003,0.564
422500,0.450,0.010,0.540
423000,0.463,0.008,0.529
423500,0.436,0.004,0.560
424000,0.436,0.008,0.555
424500,0.452,0.005,0.543
425000,0.459,0.005,0.536
425500,0.459,0.009,0.533
426000,0.464,0.005,0.531
426500,0.477,0.002,0.521
427000,0.501,0.003,0.496
427500,0.474,0.004,0.523
428000,0.472,0.004,0.524
428500,0.463,0.009,0.528
429000,0.441,0.005,0.554
429500,0.433,0.007,0.559
430000,0.443,0.009,0.549
430500,0.400,0.006,0.594
431000,0.413,0.009,0.578
431500,0.393,0.007,0.600
432000,0.379,0.007,0.614
432500,0.410,0.003,0.587
433000,0.430,0.008,0.562
433500,0.425,0.007,0.568
434000,0.451,0.010,0.539
434500,0.440,0.010,0.550
435000,0.469,0.006,0.524
435500,0.457,0.005,0.538
436000,0.432,0.007,0.560
436500,0.394,0.010,0.597
437000,0.404,0.010,0.587
437500,0.382,0.011,0.607
438000,0.400,0.017,0.583
438500,0.423,0.008,0.569
439000,0.417,0.005,0.577
439500,0.436,0.003,0.560
440000,0.426,0.009,0.565
440500,0.415,0.009,0.576
441000,0.382,0.010,0.608
441500,0.374,0.007,0.618
442000,0.371,0.011,0.618
442500,0.378,0.006,0.617
443000,0.406,0.008,0.586
443500,0.406,0.007,0.588
444000,0.429,0.009,0.561
444500,0.413,0.014,0.573
445000,0.415,0.011,0.574
445500,0.421,0.006,0.573
446000,0.432,0.011,0.557
446500,0.438,0.013,0.550
447000,0.437,0.008,0.555
447500,0.458,0.005,0.537
448000,0.455,0.004,0.540
448500,0.434,0.002,0.565
449000,0.424,0.005,0.571
449500,0.439,0.005,0.555
450000,0.427,0.015,0.558
450500,0.426,0.015,0.560
451000,0.432,0.011,0.557
451500,0.392,0.009,0.599
452000,0.369,0.013,0.617
452500,0.374,0.015,0.611
453000,0.392,0.009,0.600
453500,0.430,0.009,0.560
454000,0.432,0.005,0.562
454500,0.444,0.003,0.554
455000,0.456,0.007,0.537
455500,0.450,0.005,0.545
456000,0.450,0.001,0.549
456500,0.426,0.003,0.572
457000,0.391,0.011,0.598
457500,0.379,0.013,0.608
458000,0.372,0.009,0.618
458500,0.362,0.011,0.628
459000,0.359,0.011,0.630
459500,0.378,0.013,0.609
460000,0.386,0.018,0.596
460500,0.356,0.016,0.628
461000,0.360,0.011,0.628
461500,0.393,0.010,0.597
462000,0.381,0.007,0.612
462500,0.388,0.015,0.597
463000,0.379,0.013,0.609
463500,0.344,0.007,0.649
464000,0.353,0.009,0.637
464500,0.358,0.016,0.625
465000,0.407,0.009,0.584
465500,0.405,0.015,0.580
466000,0.395,0.011,0.595
466500,0.410,0.005,0.585
467000,0.393,0.007,0.600
467500,0.381,0.007,0.612
468000,0.426,0.004,0.571
468500,0.430,0.002,0.568
469000,0.425,0.004,0.571
469500,0.414,0.005,0.581
470000,0.441,0.005,0.554
470500,0.446,0.007,0.547
471000,0.455,0.005,0.539
471500,0.469,0.001,0.530
472000,0.436,0.006,0.557
472500,0.461,0.003,0.537
473000,0.431,0.013,0.556
473500,0.418,0.009,0.574
474000,0.421,0.009,0.570
474500,0.428,0.007,0.565
475000,0.406,0.013,0.581
475500,0.369,0.014,0.617
476000,0.353,0.006,0.641
476500,0.388,0.009,0.604
477000,0.373,0.011,0.617
477500,0.379,0.008,0.613
478000,0.399,0.011,0.591
478500,0.406,0.009,0.584
479000,0.395,0.013,0.592
479500,0.394,0.015,0.591
480000,0.354,0.013,0.633
480500,0.390,0.004,0.606
481000,0.401,0.006,0.593
481500,0.390,0.009,0.602
482000,0.360,0.011,0.629
482500,0.397,0.013,0.590
483000,0.391,0.006,0.603
483500,0.388,0.011,0.602
484000,0.412,0.004,0.583
484500,0.429,0.010,0.560
485000,0.430,0.005,0.565
485500,0.456,0.007,0.537
486000,0.413,0.009,0.578
486500,0.432,0.008,0.560
487000,0.421,0.009,0.570
487500,0.430,0.009,0.562
488000,0.409,0.010,0.581
488500,0.431,0.007,0.561
489000,0.430,0.005,0.565
489500,0.440,0.003,0.558
490000,0.438,0.005,0.557
490500,0.424,0.010,0.566
491000,0.440,0.005,0.555
491500,0.448,0.003,0.549
492000,0.471,0.002,0.528
492500,0.463,0.004,0.533
493000,0.463,0.010,0.527
493500,0.453,0.009,0.537
494000,0.434,0.006,0.560
494500,0.439,0.007,0.554
495000,0.464,0.013,0.523
495500,0.442,0.009,0.550
496000,0.454,0.004,0.543
496500,0.428,0.007,0.564
497000,0.410,0.007,0.583
497500,0.406,0.007,0.586
498000,0.402,0.013,0.585
498500,0.410,0.008,0.582
499000,0.425,0.003,0.572
499500,0.439,0.004,0.557
500000,0.427,0.006,0.567
500500,0.407,0.007,0.586
501000,0.419,0.007,0.574
501500,0.424,0.005,0.571
502000,0.421,0.011,0.568
502500,0.413,0.006,0.581
503000,0.434,0.009,0.558
503500,0.432,0.009,0.559
504000,0.420,0.009,0.572
504500,0.420,0.009,0.572
505000,0.403,0.009,0.589
505500,0.385,0.013,0.602
506000,0.390,0.011,0.600
506500,0.400,0.017,0.584
507000,0.397,0.011,0.593
507500,0.397,0.006,0.597
508000,0.404,0.011,0.586
508500,0.410,0.004,0.586
509000,0.386,0.005,0.609
509500,0.404,0.013,0.583
510000,0.404,0.013,0.583
510500,0.421,0.014,0.565
511000,0.417,0.011,0.572
511500,0.437,0.007,0.556
512000,0.443,0.005,0.552
512500,0.435,0.005,0.560
513000,0.425,0.007,0.568
513500,0.450,0.004,0.547
514000,0.473,0.003,0.523
514500,0.441,0.002,0.557
515000,0.488,0.005,0.507
515500,0.474,0.004,0.521
516000,0.471,0.005,0.524
516500,0.445,0.004,0.551
517000,0.470,0.009,0.521
517500,0.468,0.009,0.524
518000,0.461,0.009,0.530
518500,0.426,0.009,0.565
519000,0.415,0.007,0.578
519500,0.389,0.009,0.603
520000,0.378,0.010,0.612
520500,0.395,0.011,0.594
521000,0.402,0.017,0.582
521500,0.395,0.014,0.591
522000,0.370,0.011,0.619
522500,0.391,0.012,0.597
523000,0.397,0.013,0.591
523500,0.397,0.011,0.592
524000,0.406,0.011,0.583
524500,0.424,0.007,0.569
525000,0.403,0.006,0.591
525500,0.401,0.011,0.588
526000,0.406,0.009,0.585
526500,0.450,0.007,0.543
527000,0.440,0.004,0.556
527500,0.417,0.006,0.576
528000,0.409,0.005,0.585
528500,0.420,0.004,0.576
529000,0.400,0.005,0.595
529500,0.395,0.008,0.597
530000,0.392,0.007,0.601
530500,0.401,0.010,0.589
531000,0.402,0.013,0.585
531500,0.414,0.011,0.575
532000,0.411,0.008,0.581
532500,0.389,0.009,0.602
533000,0.378,0.004,0.618
533500,0.366,0.006,0.627
534000,0.377,0.004,0.619
534500,0.388,0.003,0.610
535000,0.397,0.007,0.596
535500,0.427,0.004,0.568
536000,0.421,0.003,0.577
536500,0.427,0.010,0.562
537000,0.425,0.005,0.570
537500,0.422,0.005,0.572
538000,0.394,0.008,0.598
538500,0.411,0.011,0.578
539000,0.404,0.013,0.583
539500,0.386,0.015,0.599
540000,0.392,0.007,0.601
540500,0.410,0.005,0.585
541000,0.399,0.006,0.595
541500,0.392,0.011,0.597
542000,0.393,0.007,0.600
542500,0.405,0.004,0.591
543000,0.406,0.010,0.585
543500,0.425,0.008,0.567
544000,0.434,0.002,0.564
544500,0.428,0.003,0.569
545000,0.446,0.013,0.541
545500,0.421,0.015,0.564
546000,0.430,0.003,0.567
546500,0.432,0.010,0.558
547000,0.423,0.013,0.564
547500,0.442,0.013,0.545
548000,0.419,0.009,0.571
548500,0.410,0.011,0.579
549000,0.436,0.010,0.553
549500,0.407,0.015,0.578
550000,0.377,0.016,0.607
550500,0.370,0.015,0.615
551000,0.382,0.009,0.609
551500,0.362,0.017,0.622
552000,0.357,0.019,0.624
552500,0.352,0.024,0.624
553000,0.343,0.011,0.646
553500,0.353,0.020,0.627
554000,0.380,0.013,0.607
554500,0.386,0.006,0.609
555000,0.404,0.008,0.588
555500,0.405,0.011,0.584
556000,0.410,0.013,0.577
556500,0.396,0.005,0.600
557000,0.384,0.005,0.611
557500,0.385,0.013,0.603
558000,0.405,0.009,0.586
558500,0.383,0.005,0.612
559000,0.386,0.008,0.606
559500,0.390,0.006,0.604
560000,0.397,0.004,0.599
560500,0.410,0.005,0.585
561000,0.386,0.004,0.610
561500,0.435,0.006,0.558
562000,0.462,0.003,0.536
562500,0.460,0.004,0.537
563000,0.460,0.001,0.539
563500,0.461,0.002,0.537
564000,0.440,0.001,0.560
564500,0.456,0.008,0.536
565000,0.432,0.009,0.559
565500,0.431,0.008,0.560
566000,0.421,0.011,0.567
566500,0.419,0.013,0.568
567000,0.429,0.011,0.559
567500,0.445,0.013,0.542
568000,0.438,0.006,0.556
568500,0.441,0.011,0.548
569000,0.423,0.007,0.569
569500,0.414,0.006,0.579
570000,0.430,0.007,0.563
570500,0.428,0.005,0.566
571000,0.418,0.007,0.575
571500,0.439,0.004,0.557
572000,0.403,0.007,0.590
572500,0.409,0.005,0.586
573000,0.371,0.011,0.618
573500,0.410,0.009,0.580
574000,0.418,0.005,0.577
574500,0.410,0.009,0.581
575000,0.408,0.011,0.581
575500,0.414,0.017,0.569
576000,0.385,0.018,0.597
576500,0.408,0.014,0.578
577000,0.414,0.009,0.578
577500,0.399,0.006,0.595
578000,0.386,0.009,0.606
578500,0.411,0.005,0.584
579000,0.427,0.005,0.568
579500,0.451,0.014,0.535
580000,0.448,0.013,0.539
580500,0.458,0.011,0.531
581000,0.467,0.004,0.529
581500,0.453,0.007,0.540
582000,0.424,0.013,0.562
582500,0.405,0.015,0.580
583000,0.392,0.010,0.599
583500,0.369,0.011,0.620
584000,0.368,0.011,0.622
584500,0.363,0.011,0.627
585000,0.369,0.009,0.622
585500,0.377,0.004,0.619
586000,0.382,0.013,0.606
586500,0.381,0.013,0.607
587000,0.391,0.013,0.596
587500,0.385,0.013,0.602
588000,0.396,0.016,0.588
588500,0.421,0.011,0.567
589000,0.430,0.007,0.563
589500,0.404,0.009,0.587
590000,0.418,0.005,0.577
590500,0.436,0.006,0.558
591000,0.459,0.005,0.535
591500,0.462,0.005,0.533
592000,0.449,0.009,0.541
592500,0.439,0.005,0.555
593000,0.422,0.002,0.576
593500,0.433,0.009,0.558
594000,0.411,0.004,0.586
594500,0.416,0.003,0.581
595000,0.414,0.004,0.583
595500,0.409,0.009,0.582
596000,0.407,0.009,0.584
596500,0.413,0.013,0.575
597000,0.418,0.008,0.574
597500,0.435,0.005,0.560
598000,0.416,0.003,0.581
598500,0.436,0.005,0.559
599000,0.455,0.009,0.536
599500,0.442,0.006,0.552
600000,0.432,0.004,0.565
600500,0.430,0.004,0.566
601000,0.423,0.005,0.571
601500,0.401,0.008,0.591
602000,0.420,0.006,0.573
602500,0.442,0.006,0.552
603000,0.438,0.001,0.561
603500,0.469,0.004,0.527
604000,0.479,0.003,0.518
604500,0.468,0.004,0.528
605000,0.459,0.004,0.537
605500,0.456,0.006,0.538
606000,0.461,0.003,0.536
606500,0.431,0.007,0.561
607000,0.415,0.002,0.583
607500,0.403,0.001,0.597
608000,0.414,0.000,0.586
608500,0.423,0.010,0.567
609000,0.425,0.004,0.571
609500,0.408,0.004,0.589
610000,0.417,0.007,0.576
610500,0.389,0.007,0.604
611000,0.396,0.004,0.600
611500,0.426,0.007,0.566
612000,0.448,0.005,0.547
612500,0.423,0.002,0.575
613000,0.443,0.008,0.549
613500,0.421,0.005,0.574
614000,0.442,0.001,0.557
614500,0.458,0.002,0.541
615000,0.414,0.006,0.580
615500,0.420,0.008,0.572
616000,0.395,0.006,0.599
616500,0.379,0.006,0.615
617000,0.368,0.013,0.618
617500,0.374,0.009,0.617
618000,0.362,0.017,0.620
618500,0.406,0.011,0.583
619000,0.379,0.013,0.608
619500,0.349,0.008,0.643
620000,0.370,0.015,0.615
620500,0.378,0.017,0.605
621000,0.372,0.013,0.615
621500,0.375,0.013,0.612
622000,0.357,0.009,0.634
622500,0.373,0.007,0.619
623000,0.356,0.009,0.636
623500,0.370,0.009,0.621
624000,0.381,0.014,0.605
624500,0.388,0.016,0.597
625000,0.391,0.011,0.598
625500,0.389,0.019,0.592
626000,0.386,0.013,0.602
626500,0.398,0.013,0.590
627000,0.391,0.011,0.598
627500,0.404,0.010,0.586
628000,0.412,0.012,0.576
628500,0.428,0.010,0.562
629000,0.412,0.004,0.584
629500,0.400,0.010,0.590
630000,0.391,0.009,0.601
630500,0.391,0.008,0.601
631000,0.381,0.006,0.613
631500,0.390,0.009,0.601
632000,0.414,0.007,0.579
632500,0.406,0.006,0.587
633000,0.419,0.010,0.571
633500,0.400,0.007,0.593
634000,0.407,0.009,0.584
634500,0.386,0.013,0.602
635000,0.398,0.011,0.591
635500,0.371,0.015,0.614
636000,0.377,0.016,0.607
636500,0.369,0.013,0.617
637000,0.382,0.008,0.611
637500,0.372,0.012,0.615
638000,0.377,0.013,0.611
638500,0.408,0.019,0.573
639000,0.400,0.009,0.591
639500,0.404,0.011,0.586
640000,0.395,0.004,0.601
640500,0.421,0.002,0.577
641000,0.450,0.005,0.545
641500,0.434,0.004,0.562
642000,0.440,0.011,0.550
642500,0.429,0.013,0.558
643000,0.450,0.003,0.547
643500,0.460,0.003,0.537
644000,0.487,0.007,0.506
644500,0.460,0.004,0.536
645000,0.462,0.003,0.536
645500,0.438,0.007,0.555
646000,0.446,0.005,0.549
646500,0.464,0.007,0.529
647000,0.459,0.004,0.537
647500,0.452,0.006,0.542
648000,0.438,0.004,0.559
648500,0.445,0.006,0.549
649000,0.445,0.009,0.546
649500,0.436,0.009,0.554
650000,0.462,0.010,0.528
650500,0.477,0.002,0.521
651000,0.450,0.004,0.546
651500,0.456,0.004,0.540
652000,0.428,0.004,0.568
652500,0.435,0.005,0.559
653000,0.416,0.011,0.572
653500,0.421,0.012,0.567
654000,0.419,0.011,0.570
654500,0.439,0.009,0.552
655000,0.432,0.004,0.563
655500,0.445,0.005,0.549
656000,0.441,0.005,0.554
656500,0.443,0.005,0.551
657000,0.440,0.003,0.557
657500,0.456,0.004,0.540
658000,0.445,0.003,0.552
658500,0.415,0.006,0.579
659000,0.416,0.003,0.581
659500,0.417,0.009,0.574
660000,0.431,0.007,0.562
660500,0.445,0.005,0.550
661000,0.458,0.007,0.535
661500,0.450,0.003,0.547
662000,0.435,0.001,0.565
662500,0.435,0.001,0.565
663000,0.428,0.007,0.564
663500,0.416,0.009,0.574
664000,0.378,0.009,0.614
664500,0.395,0.004,0.601
665000,0.405,0.007,0.588
665500,0.405,0.009,0.586
666000,0.416,0.009,0.576
666500,0.439,0.009,0.551
667000,0.443,0.011,0.546
667500,0.447,0.010,0.543
668000,0.445,0.011,0.544
668500,0.466,0.008,0.526
669000,0.461,0.012,0.527
669500,0.436,0.007,0.556
670000,0.441,0.005,0.554
670500,0.433,0.003,0.564
671000,0.430,0.006,0.564
671500,0.429,0.007,0.563
672000,0.411,0.008,0.581
672500,0.408,0.006,0.586
673000,0.438,0.003,0.559
673500,0.431,0.004,0.565
674000,0.434,0.004,0.562
674500,0.458,0.006,0.536
675000,0.416,0.017,0.567
675500,0.401,0.015,0.584
676000,0.378,0.007,0.615
676500,0.355,0.011,0.634
677000,0.365,0.013,0.622
677500,0.413,0.004,0.583
678000,0.403,0.005,0.592
678500,0.411,0.011,0.577
679000,0.390,0.013,0.597
679500,0.387,0.011,0.603
680000,0.380,0.009,0.611
680500,0.381,0.007,0.612
681000,0.401,0.007,0.592
681500,0.415,0.004,0.581
682000,0.385,0.008,0.607
682500,0.400,0.010,0.591
683000,0.392,0.018,0.590
683500,0.383,0.010,0.607
684000,0.418,0.005,0.576
684500,0.451,0.011,0.538
685000,0.428,0.009,0.563
685500,0.395,0.005,0.600
686000,0.383,0.004,0.613
686500,0.385,0.006,0.609
687000,0.403,0.008,0.589
687500,0.441,0.009,0.550
688000,0.451,0.011,0.538
688500,0.439,0.011,0.549
689000,0.425,0.011,0.564
689500,0.421,0.013,0.567
690000,0.432,0.011,0.558
690500,0.406,0.005,0.588
691000,0.410,0.006,0.583
691500,0.388,0.011,0.601
692000,0.384,0.007,0.609
692500,0.364,0.009,0.628
693000,0.361,0.007,0.632
693500,0.387,0.009,0.604
694000,0.379,0.013,0.608
694500,0.373,0.016,0.611
695000,0.384,0.012,0.604
695500,0.396,0.007,0.598
696000,0.442,0.010,0.548
696500,0.411,0.007,0.581
697000,0.416,0.010,0.574
697500,0.414,0.011,0.576
698000,0.422,0.004,0.574
698500,0.413,0.006,0.581
699000,0.448,0.004,0.548
699500,0.436,0.002,0.561
700000,0.447,0.007,0.546
700500,0.420,0.005,0.575
701000,0.422,0.003,0.575
701500,0.411,0.004,0.585
702000,0.413,0.002,0.585
702500,0.409,0.005,0.586
703000,0.420,0.007,0.573
703500,0.425,0.004,0.570
704000,0.427,0.015,0.558
704500,0.442,0.009,0.549
705000,0.446,0.007,0.547
705500,0.432,0.002,0.567
706000,0.438,0.004,0.558
706500,0.433,0.004,0.562
707000,0.464,0.002,0.534
707500,0.433,0.000,0.567
708000,0.441,0.001,0.558
708500,0.428,0.006,0.565
709000,0.435,0.006,0.558
709500,0.430,0.009,0.562
710000,0.422,0.004,0.574
710500,0.453,0.007,0.540
711000,0.477,0.005,0.518
711500,0.440,0.005,0.555
712000,0.446,0.002,0.552
712500,0.435,0.001,0.565
713000,0.447,0.000,0.553
713500,0.452,0.001,0.547
714000,0.452,0.005,0.543
714500,0.436,0.006,0.557
715000,0.432,0.007,0.561
715500,0.445,0.008,0.547
716000,0.450,0.003,0.548
716500,0.447,0.006,0.547
717000,0.430,0.008,0.562
717500,0.410,0.006,0.584
718000,0.443,0.006,0.551
718500,0.419,0.001,0.580
719000,0.423,0.003,0.574
719500,0.422,0.011,0.568
720000,0.421,0.007,0.572
720500,0.439,0.003,0.558
721000,0.438,0.005,0.557
721500,0.431,0.002,0.567
722000,0.442,0.003,0.555
722500,0.447,0.005,0.548
723000,0.428,0.010,0.562
723500,0.417,0.007,0.576
724000,0.381,0.012,0.607
724500,0.381,0.009,0.611
725000,0.409,0.006,0.584
725500,0.413,0.004,0.582
726000,0.399,0.015,0.587
726500,0.428,0.008,0.564
727000,0.416,0.009,0.576
727500,0.403,0.009,0.589
728000,0.401,0.005,0.594
728500,0.393,0.005,0.602
729000,0.398,0.006,0.597
729500,0.415,0.007,0.578
730000,0.412,0.002,0.586
730500,0.413,0.009,0.578
731000,0.423,0.011,0.566
731500,0.393,0.007,0.600
732000,0.382,0.011,0.607
732500,0.398,0.009,0.594
733000,0.402,0.009,0.589
733500,0.418,0.011,0.571
734000,0.443,0.011,0.546
734500,0.430,0.004,0.566
735000,0.430,0.006,0.564
735500,0.421,0.003,0.577
736000,0.423,0.007,0.570
736500,0.423,0.008,0.569
737000,0.426,0.004,0.570
737500,0.422,0.006,0.572
738000,0.398,0.009,0.594
738500,0.374,0.007,0.618
739000,0.394,0.011,0.596
739500,0.388,0.017,0.595
740000,0.370,0.013,0.617
740500,0.391,0.007,0.602
741000,0.429,0.009,0.562
741500,0.433,0.004,0.562
742000,0.419,0.002,0.579
742500,0.407,0.011,0.582
743000,0.414,0.005,0.581
743500,0.398,0.002,0.601
744000,0.418,0.001,0.581
744500,0.433,0.007,0.559
745000,0.448,0.007,0.545
745500,0.398,0.009,0.593
746000,0.376,0.009,0.615
746500,0.396,0.007,0.598
747000,0.406,0.007,0.586
747500,0.398,0.007,0.595
748000,0.404,0.005,0.591
748500,0.377,0.013,0.611
749000,0.390,0.011,0.600
749500,0.414,0.010,0.576
750000,0.413,0.009,0.578
750500,0.422,0.013,0.565
751000,0.406,0.012,0.583
751500,0.381,0.021,0.598
752000,0.374,0.015,0.612
752500,0.375,0.013,0.613
753000,0.381,0.009,0.610
753500,0.383,0.011,0.607
754000,0.379,0.014,0.607
754500,0.390,0.008,0.603
755000,0.415,0.006,0.579
755500,0.434,0.004,0.561
756000,0.436,0.009,0.555
756500,0.421,0.004,0.576
757000,0.402,0.005,0.593
757500,0.408,0.006,0.585
758000,0.416,0.004,0.580
758500,0.419,0.005,0.576
759000,0.458,0.009,0.533
759500,0.441,0.014,0.545
760000,0.422,0.009,0.569
760500,0.416,0.011,0.573
761000,0.445,0.007,0.548
761500,0.435,0.007,0.557
762000,0.429,0.013,0.558
762500,0.423,0.008,0.569
763000,0.422,0.013,0.565
763500,0.413,0.011,0.576
764000,0.428,0.009,0.563
764500,0.406,0.013,0.582
765000,0.387,0.005,0.608
765500,0.397,0.011,0.593
766000,0.413,0.010,0.577
766500,0.430,0.014,0.555
767000,0.413,0.010,0.577
767500,0.409,0.011,0.580
768000,0.420,0.011,0.569
768500,0.412,0.011,0.577
769000,0.418,0.009,0.573
769500,0.406,0.005,0.588
770000,0.421,0.008,0.571
770500,0.398,0.007,0.595
771000,0.404,0.005,0.591
771500,0.406,0.007,0.588
772000,0.415,0.006,0.579
772500,0.413,0.004,0.583
773000,0.399,0.001,0.600
773500,0.404,0.009,0.588
774000,0.415,0.004,0.580
774500,0.435,0.003,0.562
775000,0.431,0.009,0.560
775500,0.437,0.004,0.558
776000,0.444,0.002,0.555
776500,0.427,0.006,0.567
777000,0.442,0.003,0.556
777500,0.408,0.010,0.582
778000,0.416,0.014,0.570
778500,0.407,0.006,0.587
779000,0.421,0.006,0.573
779500,0.407,0.006,0.587
780000,0.407,0.004,0.590
780500,0.415,0.004,0.582
781000,0.440,0.005,0.555
781500,0.429,0.008,0.563
782000,0.436,0.005,0.559
782500,0.406,0.009,0.585
783000,0.404,0.007,0.589
783500,0.408,0.007,0.585
784000,0.390,0.007,0.603
784500,0.370,0.013,0.616
785000,0.390,0.013,0.598
785500,0.396,0.006,0.598
786000,0.405,0.009,0.586
786500,0.440,0.004,0.556
787000,0.434,0.013,0.553
787500,0.422,0.007,0.571
788000,0.415,0.009,0.576
788500,0.446,0.011,0.543
789000,0.429,0.011,0.559
789500,0.434,0.011,0.554
790000,0.453,0.004,0.543
790500,0.413,0.003,0.585
791000,0.425,0.009,0.565
791500,0.419,0.004,0.577
792000,0.430,0.004,0.566
792500,0.425,0.004,0.572
793000,0.402,0.002,0.597
793500,0.390,0.011,0.599
794000,0.383,0.015,0.602
794500,0.385,0.009,0.606
795000,0.373,0.013,0.614
795500,0.370,0.009,0.620
796000,0.364,0.005,0.631
796500,0.384,0.005,0.612
797000,0.365,0.011,0.625
797500,0.380,0.009,0.611
798000,0.387,0.013,0.600
798500,0.414,0.009,0.577
799000,0.428,0.005,0.566
799500,0.409,0.011,0.580
800000,0.421,0.012,0.567
800500,0.418,0.011,0.571
801000,0.438,0.009,0.554
801500,0.434,0.006,0.560
802000,0.454,0.006,0.540
802500,0.452,0.009,0.539
803000,0.447,0.005,0.548
803500,0.447,0.004,0.548
804000,0.417,0.005,0.578
804500,0.413,0.005,0.582
805000,0.421,0.005,0.574
805500,0.429,0.002,0.570
806000,0.480,0.002,0.518
806500,0.436,0.004,0.559
807000,0.438,0.006,0.556
807500,0.420,0.015,0.566
808000,0.418,0.009,0.573
808500,0.424,0.012,0.564
809000,0.420,0.009,0.571
809500,0.401,0.007,0.592
810000,0.414,0.003,0.583
810500,0.416,0.003,0.581
811000,0.414,0.006,0.579
811500,0.396,0.009,0.595
812000,0.408,0.005,0.586
812500,0.399,0.009,0.593
813000,0.418,0.003,0.580
813500,0.420,0.008,0.572
814000,0.415,0.011,0.575
814500,0.401,0.007,0.592
815000,0.406,0.015,0.580
815500,0.389,0.012,0.599
816000,0.415,0.011,0.574
816500,0.421,0.009,0.570
817000,0.381,0.011,0.608
817500,0.360,0.026,0.613
818000,0.350,0.022,0.628
818500,0.365,0.020,0.615
819000,0.386,0.016,0.598
819500,0.371,0.020,0.609
820000,0.407,0.010,0.583
820500,0.410,0.013,0.578
821000,0.417,0.005,0.578
821500,0.442,0.002,0.556
822000,0.452,0.002,0.546
822500,0.468,0.006,0.526
823000,0.449,0.004,0.547
823500,0.443,0.009,0.549
824000,0.448,0.006,0.546
824500,0.465,0.012,0.523
825000,0.438,0.009,0.553
825500,0.416,0.006,0.577
826000,0.426,0.003,0.571
826500,0.434,0.012,0.554
827000,0.391,0.007,0.602
827500,0.407,0.007,0.585
828000,0.382,0.011,0.607
828500,0.373,0.013,0.614
829000,0.344,0.019,0.637
829500,0.356,0.024,0.621
830000,0.365,0.022,0.613
830500,0.352,0.022,0.625
831000,0.387,0.013,0.601
831500,0.389,0.009,0.602
832000,0.412,0.004,0.583
832500,0.429,0.010,0.561
833000,0.406,0.006,0.587
833500,0.409,0.011,0.580
834000,0.433,0.008,0.558
834500,0.414,0.006,0.580
835000,0.400,0.011,0.590
835500,0.408,0.007,0.584
836000,0.404,0.011,0.586
836500,0.430,0.008,0.561
837000,0.423,0.005,0.572
837500,0.417,0.005,0.578
838000,0.443,0.002,0.555
838500,0.447,0.004,0.549
839000,0.412,0.011,0.578
839500,0.414,0.011,0.575
840000,0.440,0.005,0.555
840500,0.451,0.005,0.544
841000,0.459,0.003,0.539
841500,0.447,0.006,0.547
842000,0.413,0.003,0.584
842500,0.442,0.005,0.553
843000,0.449,0.005,0.546
843500,0.431,0.008,0.561
844000,0.446,0.010,0.544
844500,0.428,0.004,0.568
845000,0.425,0.007,0.567
845500,0.421,0.006,0.573
846000,0.434,0.005,0.561
846500,0.456,0.007,0.537
847000,0.473,0.003,0.524
847500,0.454,0.004,0.542
848000,0.461,0.001,0.538
848500,0.477,0.005,0.517
849000,0.486,0.004,0.510
849500,0.457,0.003,0.540
850000,0.406,0.009,0.586
850500,0.395,0.011,0.594
851000,0.396,0.011,0.594
851500,0.409,0.013,0.579
852000,0.417,0.006,0.577
852500,0.425,0.005,0.570
853000,0.435,0.009,0.555
853500,0.428,0.005,0.566
854000,0.390,0.015,0.596
854500,0.383,0.015,0.602
855000,0.380,0.011,0.610
855500,0.396,0.009,0.595
856000,0.399,0.011,0.591
856500,0.392,0.011,0.597
857000,0.420,0.005,0.575
857500,0.404,0.013,0.584
858000,0.419,0.006,0.575
858500,0.393,0.005,0.602
859000,0.385,0.013,0.602
859500,0.435,0.009,0.556
860000,0.443,0.005,0.552
860500,0.416,0.004,0.580
861000,0.419,0.004,0.578
861500,0.424,0.004,0.572
862000,0.433,0.010,0.556
862500,0.448,0.003,0.549
863000,0.436,0.009,0.554
863500,0.484,0.009,0.507
864000,0.486,0.008,0.506
864500,0.472,0.003,0.525
865000,0.453,0.008,0.539
865500,0.433,0.005,0.561
866000,0.428,0.003,0.569
866500,0.436,0.001,0.564
867000,0.438,0.001,0.562
867500,0.455,0.004,0.541
868000,0.432,0.003,0.565
868500,0.418,0.003,0.579
869000,0.433,0.011,0.555
869500,0.398,0.011,0.591
870000,0.414,0.011,0.576
870500,0.436,0.006,0.558
871000,0.415,0.005,0.579
871500,0.405,0.012,0.583
872000,0.410,0.007,0.582
872500,0.413,0.008,0.579
873000,0.413,0.004,0.583
873500,0.436,0.002,0.563
874000,0.454,0.001,0.546
874500,0.436,0.005,0.558
875000,0.449,0.007,0.544
875500,0.454,0.006,0.540
876000,0.474,0.002,0.525
876500,0.436,0.006,0.558
877000,0.461,0.004,0.536
877500,0.449,0.003,0.548
878000,0.419,0.001,0.580
878500,0.422,0.002,0.576
879000,0.413,0.004,0.584
879500,0.402,0.007,0.591
880000,0.376,0.008,0.616
880500,0.377,0.011,0.612
881000,0.401,0.012,0.587
881500,0.411,0.006,0.583
882000,0.429,0.001,0.570
882500,0.429,0.004,0.567
883000,0.432,0.005,0.563
883500,0.430,0.006,0.563
884000,0.406,0.009,0.585
884500,0.399,0.006,0.595
885000,0.402,0.007,0.591
885500,0.371,0.009,0.620
886000,0.369,0.009,0.622
886500,0.365,0.007,0.628
887000,0.379,0.009,0.613
887500,0.420,0.006,0.574
888000,0.436,0.009,0.554
888500,0.412,0.007,0.580
889000,0.417,0.008,0.575
889500,0.443,0.005,0.552
890000,0.464,0.003,0.534
890500,0.444,0.006,0.550
891000,0.416,0.006,0.578
891500,0.426,0.005,0.568
892000,0.422,0.004,0.574
892500,0.422,0.009,0.569
893000,0.431,0.003,0.566
893500,0.446,0.004,0.550
894000,0.458,0.002,0.540
894500,0.466,0.007,0.527
895000,0.458,0.004,0.539
895500,0.448,0.003,0.549
896000,0.445,0.005,0.550
896500,0.401,0.010,0.589
897000,0.398,0.007,0.595
897500,0.381,0.016,0.603
898000,0.379,0.011,0.611
898500,0.374,0.013,0.612
899000,0.400,0.009,0.591
899500,0.426,0.006,0.568
900000,0.428,0.004,0.567
900500,0.433,0.004,0.563
901000,0.424,0.004,0.572
901500,0.423,0.007,0.570
902000,0.420,0.005,0.574
902500,0.404,0.009,0.588
903000,0.428,0.005,0.566
903500,0.427,0.003,0.571
904000,0.444,0.001,0.555
904500,0.468,0.003,0.530
905000,0.469,0.001,0.530
905500,0.448,0.003,0.549
906000,0.454,0.001,0.545
906500,0.438,0.005,0.557
907000,0.457,0.005,0.538
907500,0.434,0.003,0.563
908000,0.424,0.007,0.569
908500,0.443,0.005,0.551
909000,0.399,0.009,0.593
909500,0.386,0.008,0.606
910000,0.420,0.003,0.577
910500,0.458,0.003,0.540
911000,0.445,0.006,0.549
911500,0.456,0.004,0.540
912000,0.424,0.007,0.569
912500,0.425,0.004,0.571
913000,0.440,0.004,0.556
913500,0.430,0.002,0.568
914000,0.426,0.002,0.573
914500,0.424,0.004,0.572
915000,0.444,0.009,0.547
915500,0.474,0.004,0.522
916000,0.480,0.004,0.516
916500,0.439,0.002,0.559
917000,0.444,0.004,0.552
917500,0.411,0.004,0.585
918000,0.409,0.007,0.583
918500,0.382,0.007,0.611
919000,0.375,0.007,0.618
919500,0.365,0.008,0.627
920000,0.371,0.007,0.622
920500,0.373,0.013,0.615
921000,0.363,0.013,0.624
921500,0.387,0.008,0.605
922000,0.401,0.007,0.592
922500,0.405,0.009,0.586
923000,0.399,0.009,0.593
923500,0.397,0.004,0.599
924000,0.400,0.005,0.596
924500,0.416,0.009,0.576
925000,0.432,0.006,0.561
925500,0.453,0.007,0.540
926000,0.454,0.006,0.540
926500,0.458,0.009,0.534
927000,0.438,0.006,0.556
927500,0.430,0.004,0.565
928000,0.446,0.003,0.551
928500,0.457,0.004,0.539
929000,0.428,0.006,0.566
929500,0.444,0.005,0.551
930000,0.450,0.003,0.547
930500,0.449,0.001,0.550
931000,0.438,0.009,0.553
931500,0.424,0.007,0.569
932000,0.411,0.004,0.585
932500,0.452,0.006,0.542
933000,0.460,0.003,0.538
933500,0.445,0.003,0.552
934000,0.442,0.004,0.555
934500,0.422,0.007,0.571
935000,0.418,0.003,0.579
935500,0.399,0.003,0.598
936000,0.418,0.004,0.578
936500,0.429,0.006,0.564
937000,0.413,0.005,0.582
937500,0.402,0.010,0.588
938000,0.425,0.004,0.570
938500,0.395,0.004,0.602
939000,0.411,0.006,0.582
939500,0.407,0.005,0.587
940000,0.441,0.009,0.550
940500,0.418,0.005,0.577
941000,0.425,0.007,0.567
941500,0.429,0.005,0.565
942000,0.431,0.005,0.564
942500,0.430,0.004,0.566
943000,0.435,0.009,0.555
943500,0.432,0.005,0.563
944000,0.424,0.008,0.568
944500,0.449,0.007,0.544
945000,0.430,0.007,0.562
945500,0.411,0.009,0.581
946000,0.420,0.011,0.569
946500,0.415,0.011,0.574
947000,0.391,0.004,0.605
947500,0.415,0.011,0.574
948000,0.420,0.014,0.566
948500,0.404,0.016,0.581
949000,0.381,0.013,0.606
949500,0.363,0.015,0.622
950000,0.390,0.015,0.596
950500,0.377,0.009,0.614
951000,0.392,0.009,0.600
951500,0.392,0.013,0.595
952000,0.386,0.010,0.605
952500,0.419,0.007,0.574
953000,0.419,0.006,0.575
953500,0.458,0.007,0.535
954000,0.445,0.008,0.547
954500,0.428,0.006,0.566
955000,0.414,0.008,0.578
955500,0.410,0.009,0.581
956000,0.415,0.006,0.579
956500,0.409,0.005,0.585
957000,0.372,0.005,0.622
957500,0.391,0.004,0.605
958000,0.398,0.002,0.600
958500,0.416,0.002,0.583
959000,0.427,0.003,0.570
959500,0.413,0.001,0.587
960000,0.425,0.004,0.571
960500,0.437,0.007,0.555
961000,0.432,0.004,0.564
961500,0.417,0.008,0.575
962000,0.420,0.006,0.574
962500,0.431,0.012,0.556
963000,0.459,0.007,0.534
963500,0.433,0.006,0.561
964000,0.433,0.004,0.563
964500,0.400,0.005,0.595
965000,0.391,0.009,0.600
965500,0.392,0.021,0.588
966000,0.376,0.018,0.606
966500,0.356,0.015,0.629
967000,0.333,0.015,0.652
967500,0.372,0.013,0.615
968000,0.369,0.014,0.617
968500,0.358,0.016,0.626
969000,0.355,0.005,0.640
969500,0.403,0.013,0.584
970000,0.379,0.011,0.610
970500,0.367,0.006,0.627
971000,0.399,0.013,0.588
971500,0.386,0.013,0.602
972000,0.394,0.005,0.601
972500,0.390,0.008,0.602
973000,0.423,0.011,0.566
973500,0.407,0.006,0.587
974000,0.394,0.005,0.601
974500,0.405,0.008,0.587
975000,0.433,0.007,0.559
975500,0.422,0.006,0.572
976000,0.407,0.001,0.592
976500,0.390,0.006,0.604
977000,0.411,0.004,0.585
977500,0.409,0.003,0.588
978000,0.389,0.007,0.604
978500,0.391,0.006,0.603
979000,0.390,0.013,0.597
979500,0.388,0.009,0.604
980000,0.398,0.013,0.589
980500,0.389,0.011,0.600
981000,0.415,0.009,0.576
981500,0.415,0.005,0.580
982000,0.417,0.005,0.578
982500,0.425,0.005,0.570
983000,0.418,0.002,0.580
983500,0.414,0.003,0.583
984000,0.401,0.006,0.593
984500,0.399,0.013,0.588
985000,0.410,0.008,0.582
985500,0.440,0.005,0.555
986000,0.440,0.006,0.554
986500,0.429,0.004,0.567
987000,0.416,0.003,0.581
987500,0.396,0.007,0.598
988000,0.395,0.003,0.602
988500,0.422,0.003,0.575
989000,0.395,0.006,0.599
989500,0.403,0.009,0.588
990000,0.413,0.007,0.580
990500,0.416,0.005,0.579
991000,0.391,0.009,0.600
991500,0.407,0.007,0.586
992000,0.396,0.007,0.597
992500,0.398,0.010,0.593
993000,0.388,0.007,0.605
993500,0.420,0.002,0.578
994000,0.428,0.005,0.567
994500,0.432,0.003,0.565
995000,0.425,0.003,0.572
995500,0.386,0.001,0.614
996000,0.399,0.007,0.594
996500,0.416,0.005,0.579
997000,0.423,0.009,0.568
997500,0.423,0.005,0.572
998000,0.425,0.004,0.570
998500,0.420,0.006,0.573
999000,0.461,0.004,0.534
999500,0.414,0.004,0.582
1000000,0.432,0.002,0.567
