time,n_A+p,n_B,n_AB
500,0.030,0.922,0.048
1000,0.030,0.870,0.100
1500,0.030,0.752,0.218
2000,0.030,0.706,0.264
2500,0.030,0.655,0.315
3000,0.030,0.625,0.345
3500,0.030,0.587,0.383
4000,0.030,0.531,0.439
4500,0.030,0.540,0.429
5000,0.030,0.545,0.424
5500,0.030,0.518,0.452
6000,0.030,0.474,0.496
6500,0.033,0.495,0.472
7000,0.031,0.518,0.451
7500,0.030,0.518,0.452
8000,0.030,0.513,0.457
8500,0.030,0.491,0.479
9000,0.030,0.523,0.447
9500,0.030,0.526,0.444
10000,0.030,0.591,0.379
10500,0.030,0.607,0.363
11000,0.035,0.571,0.395
11500,0.031,0.524,0.445
12000,0.030,0.576,0.394
12500,0.030,0.560,0.410
13000,0.030,0.539,0.431
13500,0.030,0.488,0.481
14000,0.030,0.502,0.468
14500,0.030,0.540,0.429
15000,0.030,0.474,0.495
15500,0.035,0.458,0.507
16000,0.031,0.495,0.473
16500,0.033,0.465,0.502
17000,0.030,0.471,0.498
17500,0.030,0.522,0.448
18000,0.035,0.520,0.445
18500,0.030,0.506,0.464
19000,0.031,0.440,0.529
19500,0.032,0.456,0.512
20000,0.030,0.470,0.500
20500,0.030,0.466,0.504
21000,0.037,0.460,0.503
21500,0.036,0.389,0.575
22000,0.033,0.406,0.560
22500,0.039,0.416,0.544
23000,0.033,0.445,0.523
23500,0.030,0.421,0.548
24000,0.034,0.408,0.558
24500,0.031,0.469,0.499
25000,0.030,0.463,0.507
25500,0.030,0.487,0.482
26000,0.030,0.497,0.473
26500,0.030,0.505,0.465
27000,0.030,0.579,0.391
27500,0.030,0.565,0.405
28000,0.030,0.560,0.409
28500,0.030,0.547,0.423
29000,0.030,0.521,0.449
29500,0.030,0.498,0.471
30000,0.030,0.511,0.459
30500,0.030,0.520,0.450
31000,0.030,0.482,0.487
31500,0.031,0.494,0.474
32000,0.030,0.501,0.469
32500,0.030,0.518,0.452
33000,0.030,0.543,0.426
33500,0.030,0.543,0.427
34000,0.030,0.528,0.442
34500,0.030,0.540,0.430
35000,0.030,0.527,0.443
35500,0.030,0.499,0.470
36000,0.033,0.448,0.519
36500,0.031,0.501,0.468
37000,0.030,0.498,0.472
37500,0.030,0.470,0.500
38000,0.030,0.462,0.508
38500,0.030,0.433,0.536
39000,0.032,0.444,0.524
39500,0.030,0.447,0.523
40000,0.034,0.402,0.565
40500,0.033,0.470,0.496
41000,0.032,0.462,0.507
41500,0.032,0.442,0.526
42000,0.032,0.451,0.518
42500,0.030,0.506,0.464
43000,0.030,0.469,0.500
43500,0.031,0.469,0.500
44000,0.035,0.428,0.538
44500,0.043,0.407,0.550
45000,0.036,0.425,0.538
45500,0.033,0.504,0.463
46000,0.030,0.530,0.440
46500,0.030,0.493,0.476
47000,0.030,0.490,0.479
47500,0.030,0.495,0.475
48000,0.030,0.491,0.478
48500,0.030,0.487,0.483
49000,0.030,0.514,0.456
49500,0.030,0.491,0.478
50000,0.030,0.535,0.434
50500,0.030,0.536,0.434
51000,0.030,0.533,0.436
51500,0.030,0.503,0.467
52000,0.030,0.499,0.470
52500,0.030,0.543,0.426
53000,0.030,0.541,0.428
53500,0.030,0.516,0.454
54000,0.030,0.545,0.424
54500,0.030,0.573,0.397
55000,0.030,0.599,0.371
55500,0.030,0.616,0.354
56000,0.030,0.579,0.391
56500,0.030,0.567,0.403
57000,0.030,0.540,0.430
57500,0.030,0.559,0.410
58000,0.030,0.568,0.402
58500,0.030,0.566,0.404
59000,0.030,0.458,0.512
59500,0.030,0.470,0.500
60000,0.030,0.444,0.526
60500,0.030,0.469,0.501
61000,0.030,0.445,0.525
61500,0.030,0.447,0.523
62000,0.030,0.480,0.490
62500,0.031,0.510,0.459
63000,0.030,0.506,0.464
63500,0.030,0.456,0.514
64000,0.030,0.474,0.495
64500,0.030,0.522,0.448
65000,0.030,0.544,0.425
65500,0.030,0.559,0.410
66000,0.033,0.504,0.463
66500,0.031,0.471,0.497
67000,0.034,0.468,0.498
67500,0.030,0.467,0.503
68000,0.034,0.474,0.491
68500,0.034,0.456,0.511
69000,0.034,0.427,0.539
69500,0.034,0.451,0.516
70000,0.032,0.489,0.478
70500,0.031,0.478,0.491
71000,0.031,0.457,0.512
71500,0.030,0.493,0.476
72000,0.030,0.485,0.485
72500,0.030,0.483,0.487
73000,0.030,0.489,0.481
73500,0.030,0.474,0.495
74000,0.030,0.437,0.533
74500,0.031,0.441,0.528
75000,0.033,0.459,0.508
75500,0.030,0.479,0.490
76000,0.032,0.483,0.486
76500,0.033,0.444,0.524
77000,0.032,0.433,0.536
77500,0.030,0.459,0.511
78000,0.031,0.492,0.477
78500,0.030,0.498,0.472
79000,0.032,0.480,0.488
79500,0.030,0.488,0.481
80000,0.030,0.521,0.448
80500,0.031,0.554,0.414
81000,0.030,0.511,0.459
81500,0.030,0.570,0.400
82000,0.030,0.530,0.440
82500,0.030,0.516,0.454
83000,0.030,0.480,0.489
83500,0.030,0.514,0.456
84000,0.030,0.505,0.465
84500,0.030,0.526,0.444
85000,0.030,0.475,0.495
85500,0.030,0.459,0.511
86000,0.030,0.497,0.472
86500,0.030,0.481,0.488
87000,0.033,0.511,0.457
87500,0.030,0.493,0.476
88000,0.030,0.502,0.468
88500,0.030,0.516,0.454
89000,0.031,0.496,0.473
89500,0.030,0.516,0.453
90000,0.032,0.543,0.424
90500,0.030,0.542,0.428
91000,0.030,0.532,0.438
91500,0.035,0.477,0.488
92000,0.034,0.467,0.499
92500,0.032,0.502,0.466
93000,0.030,0.479,0.490
93500,0.033,0.516,0.452
94000,0.035,0.492,0.473
94500,0.031,0.454,0.515
95000,0.030,0.527,0.443
95500,0.030,0.535,0.435
96000,0.034,0.499,0.466
96500,0.030,0.517,0.452
97000,0.030,0.535,0.435
97500,0.030,0.520,0.450
98000,0.034,0.524,0.442
98500,0.035,0.500,0.465
99000,0.031,0.513,0.456
99500,0.030,0.522,0.448
100000,0.030,0.497,0.473
100500,0.030,0.491,0.479
101000,0.035,0.476,0.490
101500,0.033,0.465,0.502
102000,0.033,0.453,0.514
102500,0.033,0.480,0.488
103000,0.032,0.502,0.466
103500,0.034,0.489,0.476
104000,0.032,0.513,0.456
104500,0.031,0.477,0.491
105000,0.030,0.503,0.467
105500,0.030,0.540,0.430
106000,0.030,0.529,0.441
106500,0.030,0.519,0.451
107000,0.030,0.497,0.473
107500,0.030,0.554,0.416
108000,0.030,0.509,0.461
108500,0.030,0.518,0.452
109000,0.031,0.500,0.469
109500,0.030,0.493,0.476
110000,0.030,0.494,0.475
110500,0.030,0.495,0.474
111000,0.030,0.470,0.500
111500,0.030,0.434,0.536
112000,0.030,0.440,0.530
112500,0.033,0.485,0.483
113000,0.034,0.527,0.439
113500,0.030,0.525,0.445
114000,0.030,0.516,0.454
114500,0.030,0.468,0.502
115000,0.030,0.487,0.482
115500,0.030,0.502,0.468
116000,0.030,0.513,0.457
116500,0.030,0.539,0.431
117000,0.030,0.533,0.436
117500,0.030,0.502,0.468
118000,0.030,0.531,0.439
118500,0.030,0.521,0.449
119000,0.030,0.537,0.432
119500,0.030,0.567,0.403
120000,0.030,0.587,0.383
120500,0.030,0.576,0.394
121000,0.030,0.535,0.435
121500,0.030,0.551,0.418
122000,0.030,0.527,0.443
122500,0.034,0.504,0.462
123000,0.032,0.502,0.466
123500,0.034,0.504,0.463
124000,0.031,0.549,0.419
124500,0.030,0.556,0.413
125000,0.030,0.559,0.411
125500,0.033,0.528,0.440
126000,0.030,0.512,0.457
126500,0.030,0.483,0.487
127000,0.030,0.464,0.506
127500,0.030,0.499,0.471
128000,0.030,0.527,0.443
128500,0.030,0.572,0.398
129000,0.030,0.565,0.405
129500,0.030,0.541,0.429
130000,0.030,0.536,0.434
130500,0.030,0.462,0.508
131000,0.031,0.439,0.530
131500,0.032,0.445,0.524
132000,0.030,0.483,0.486
132500,0.030,0.510,0.460
133000,0.034,0.498,0.468
133500,0.030,0.507,0.463
134000,0.030,0.563,0.407
134500,0.030,0.577,0.393
135000,0.030,0.561,0.409
135500,0.030,0.546,0.423
136000,0.030,0.601,0.369
136500,0.030,0.522,0.448
137000,0.030,0.505,0.465
137500,0.030,0.466,0.504
138000,0.032,0.465,0.503
138500,0.031,0.489,0.480
139000,0.030,0.493,0.476
139500,0.030,0.476,0.493
140000,0.030,0.543,0.426
140500,0.030,0.546,0.423
141000,0.030,0.540,0.430
141500,0.030,0.456,0.514
142000,0.030,0.481,0.489
142500,0.030,0.473,0.496
143000,0.030,0.469,0.501
143500,0.030,0.469,0.500
144000,0.030,0.449,0.521
144500,0.030,0.471,0.499
145000,0.030,0.480,0.490
145500,0.034,0.505,0.461
146000,0.030,0.525,0.445
146500,0.031,0.502,0.467
147000,0.030,0.523,0.447
147500,0.030,0.529,0.441
148000,0.030,0.545,0.425
148500,0.030,0.545,0.425
149000,0.030,0.529,0.441
149500,0.030,0.476,0.493
150000,0.034,0.522,0.444
150500,0.032,0.486,0.483
151000,0.031,0.477,0.491
151500,0.030,0.460,0.510
152000,0.030,0.427,0.542
152500,0.035,0.433,0.532
153000,0.030,0.482,0.488
153500,0.030,0.496,0.473
154000,0.030,0.491,0.478
154500,0.030,0.538,0.431
155000,0.034,0.537,0.429
155500,0.031,0.492,0.477
156000,0.030,0.493,0.477
156500,0.030,0.504,0.466
157000,0.032,0.458,0.510
157500,0.032,0.494,0.474
158000,0.030,0.512,0.457
158500,0.032,0.503,0.466
159000,0.030,0.500,0.470
159500,0.030,0.473,0.496
160000,0.033,0.488,0.479
160500,0.030,0.487,0.483
161000,0.030,0.472,0.498
161500,0.030,0.436,0.534
162000,0.032,0.553,0.415
162500,0.032,0.533,0.435
163000,0.030,0.497,0.473
163500,0.030,0.479,0.490
164000,0.030,0.495,0.475
164500,0.030,0.508,0.462
165000,0.030,0.500,0.470
165500,0.030,0.508,0.462
166000,0.030,0.515,0.455
166500,0.030,0.548,0.421
167000,0.030,0.577,0.393
167500,0.030,0.583,0.387
168000,0.030,0.582,0.388
168500,0.030,0.608,0.362
169000,0.030,0.566,0.404
169500,0.030,0.571,0.399
170000,0.030,0.570,0.400
170500,0.030,0.541,0.428
171000,0.030,0.524,0.446
171500,0.030,0.457,0.513
172000,0.030,0.492,0.478
172500,0.030,0.470,0.499
173000,0.030,0.469,0.501
173500,0.030,0.483,0.486
174000,0.030,0.464,0.506
174500,0.030,0.464,0.506
175000,0.030,0.460,0.510
175500,0.030,0.495,0.475
176000,0.030,0.427,0.543
176500,0.030,0.510,0.460
177000,0.030,0.515,0.455
177500,0.030,0.514,0.456
178000,0.034,0.456,0.510
178500,0.030,0.490,0.479
179000,0.030,0.494,0.475
179500,0.030,0.529,0.441
180000,0.030,0.468,0.502
180500,0.030,0.439,0.531
181000,0.030,0.411,0.559
181500,0.030,0.466,0.504
182000,0.030,0.444,0.526
182500,0.030,0.514,0.456
183000,0.030,0.462,0.508
183500,0.030,0.538,0.432
184000,0.031,0.524,0.445
184500,0.031,0.492,0.476
185000,0.030,0.485,0.484
185500,0.030,0.449,0.521
186000,0.033,0.443,0.525
186500,0.030,0.433,0.536
187000,0.036,0.458,0.506
187500,0.036,0.439,0.525
188000,0.030,0.456,0.514
188500,0.032,0.473,0.494
189000,0.031,0.452,0.517
189500,0.030,0.467,0.503
190000,0.030,0.465,0.505
190500,0.030,0.480,0.490
191000,0.030,0.465,0.505
191500,0.030,0.487,0.482
192000,0.030,0.521,0.449
192500,0.030,0.488,0.481
193000,0.032,0.443,0.526
193500,0.033,0.442,0.526
194000,0.031,0.460,0.509
194500,0.033,0.463,0.504
195000,0.031,0.497,0.471
195500,0.030,0.456,0.514
196000,0.030,0.469,0.500
196500,0.034,0.520,0.446
197000,0.031,0.538,0.431
197500,0.030,0.519,0.451
198000,0.032,0.512,0.457
198500,0.034,0.489,0.478
199000,0.030,0.437,0.532
199500,0.030,0.438,0.532
200000,0.030,0.494,0.476
200500,0.030,0.511,0.459
201000,0.030,0.487,0.483
201500,0.030,0.491,0.478
202000,0.032,0.503,0.465
202500,0.031,0.513,0.456
203000,0.030,0.524,0.446
203500,0.030,0.533,0.437
204000,0.030,0.537,0.432
204500,0.030,0.547,0.422
205000,0.032,0.533,0.435
205500,0.030,0.560,0.409
206000,0.030,0.488,0.482
206500,0.031,0.514,0.455
207000,0.030,0.498,0.472
207500,0.030,0.496,0.473
208000,0.030,0.543,0.427
208500,0.031,0.506,0.463
209000,0.030,0.450,0.520
209500,0.034,0.449,0.518
210000,0.031,0.443,0.526
210500,0.032,0.431,0.537
211000,0.035,0.427,0.537
211500,0.032,0.444,0.524
212000,0.040,0.478,0.482
212500,0.034,0.513,0.453
213000,0.030,0.532,0.438
213500,0.030,0.571,0.399
214000,0.030,0.529,0.441
214500,0.030,0.521,0.449
215000,0.030,0.497,0.472
215500,0.032,0.453,0.515
216000,0.030,0.496,0.473
216500,0.030,0.525,0.444
217000,0.030,0.515,0.455
217500,0.030,0.473,0.497
218000,0.033,0.472,0.495
218500,0.031,0.467,0.502
219000,0.030,0.514,0.456
219500,0.030,0.525,0.445
220000,0.030,0.507,0.463
220500,0.032,0.510,0.458
221000,0.032,0.443,0.525
221500,0.032,0.447,0.521
222000,0.030,0.444,0.526
222500,0.030,0.492,0.477
223000,0.030,0.502,0.468
223500,0.031,0.451,0.518
224000,0.030,0.530,0.440
224500,0.030,0.469,0.501
225000,0.035,0.445,0.521
225500,0.030,0.512,0.458
226000,0.030,0.475,0.494
226500,0.034,0.442,0.524
227000,0.035,0.395,0.570
227500,0.030,0.430,0.540
228000,0.030,0.432,0.537
228500,0.034,0.410,0.556
229000,0.035,0.421,0.543
229500,0.033,0.488,0.479
230000,0.030,0.507,0.463
230500,0.032,0.522,0.446
231000,0.030,0.485,0.484
231500,0.030,0.465,0.504
232000,0.034,0.450,0.516
232500,0.031,0.472,0.496
233000,0.031,0.516,0.453
233500,0.030,0.514,0.456
234000,0.030,0.513,0.457
234500,0.030,0.473,0.497
235000,0.030,0.502,0.468
235500,0.030,0.471,0.498
236000,0.030,0.486,0.484
236500,0.030,0.493,0.477
237000,0.030,0.528,0.442
237500,0.030,0.529,0.441
238000,0.030,0.503,0.467
238500,0.030,0.534,0.436
239000,0.030,0.533,0.437
239500,0.030,0.517,0.453
240000,0.030,0.522,0.448
240500,0.030,0.528,0.442
241000,0.030,0.509,0.461
241500,0.030,0.585,0.385
242000,0.030,0.570,0.400
242500,0.030,0.544,0.426
243000,0.030,0.532,0.438
243500,0.034,0.503,0.463
244000,0.030,0.556,0.413
244500,0.030,0.587,0.383
245000,0.030,0.585,0.385
245500,0.030,0.550,0.419
246000,0.030,0.544,0.425
246500,0.030,0.550,0.420
247000,0.030,0.539,0.430
247500,0.030,0.546,0.424
248000,0.030,0.574,0.396
248500,0.030,0.567,0.403
249000,0.030,0.546,0.423
249500,0.030,0.550,0.420
250000,0.030,0.553,0.416
250500,0.030,0.575,0.395
251000,0.030,0.575,0.395
251500,0.030,0.539,0.430
252000,0.030,0.513,0.457
252500,0.030,0.522,0.448
253000,0.030,0.544,0.426
253500,0.030,0.532,0.438
254000,0.030,0.486,0.484
254500,0.032,0.469,0.499
255000,0.032,0.522,0.446
255500,0.030,0.569,0.401
256000,0.030,0.529,0.441
256500,0.030,0.533,0.436
257000,0.030,0.546,0.424
257500,0.030,0.501,0.469
258000,0.030,0.441,0.529
258500,0.032,0.445,0.524
259000,0.030,0.469,0.501
259500,0.032,0.445,0.524
260000,0.030,0.464,0.506
260500,0.030,0.524,0.446
261000,0.030,0.539,0.430
261500,0.030,0.538,0.432
262000,0.030,0.537,0.433
262500,0.030,0.445,0.525
263000,0.038,0.432,0.530
263500,0.033,0.448,0.519
264000,0.032,0.465,0.504
264500,0.031,0.510,0.459
265000,0.030,0.513,0.457
265500,0.030,0.554,0.416
266000,0.030,0.573,0.397
266500,0.030,0.540,0.430
267000,0.032,0.548,0.420
267500,0.030,0.593,0.377
268000,0.030,0.565,0.405
268500,0.030,0.571,0.399
269000,0.030,0.533,0.437
269500,0.030,0.541,0.429
270000,0.030,0.461,0.509
270500,0.033,0.497,0.471
271000,0.030,0.509,0.461
271500,0.030,0.502,0.468
272000,0.030,0.519,0.451
272500,0.030,0.509,0.461
273000,0.030,0.447,0.523
273500,0.037,0.470,0.492
274000,0.035,0.456,0.509
274500,0.031,0.482,0.487
275000,0.030,0.510,0.460
275500,0.030,0.515,0.455
276000,0.032,0.487,0.481
276500,0.030,0.550,0.419
277000,0.030,0.543,0.426
277500,0.030,0.588,0.382
278000,0.030,0.575,0.395
278500,0.030,0.534,0.436
279000,0.030,0.566,0.404
279500,0.030,0.493,0.477
280000,0.030,0.511,0.459
280500,0.030,0.501,0.469
281000,0.030,0.524,0.446
281500,0.030,0.495,0.475
282000,0.030,0.473,0.496
282500,0.030,0.475,0.494
283000,0.036,0.452,0.512
283500,0.032,0.440,0.528
284000,0.032,0.425,0.542
284500,0.030,0.515,0.454
285000,0.030,0.470,0.499
285500,0.030,0.492,0.477
286000,0.030,0.541,0.429
286500,0.030,0.531,0.439
287000,0.030,0.506,0.464
287500,0.030,0.526,0.444
288000,0.030,0.506,0.464
288500,0.032,0.517,0.452
289000,0.031,0.507,0.462
289500,0.030,0.526,0.444
290000,0.030,0.489,0.480
290500,0.032,0.420,0.547
291000,0.035,0.369,0.596
291500,0.033,0.406,0.561
292000,0.030,0.443,0.527
292500,0.030,0.421,0.549
293000,0.030,0.445,0.525
293500,0.030,0.471,0.498
294000,0.033,0.458,0.510
294500,0.030,0.494,0.475
295000,0.030,0.506,0.464
295500,0.030,0.512,0.458
296000,0.030,0.491,0.479
296500,0.030,0.532,0.438
297000,0.030,0.560,0.410
297500,0.030,0.531,0.439
298000,0.030,0.511,0.459
298500,0.030,0.500,0.470
299000,0.033,0.472,0.495
299500,0.034,0.444,0.523
300000,0.032,0.437,0.532
300500,0.038,0.465,0.497
301000,0.031,0.452,0.517
301500,0.030,0.503,0.467
302000,0.030,0.608,0.362
302500,0.030,0.618,0.352
303000,0.030,0.576,0.394
303500,0.030,0.573,0.397
304000,0.033,0.525,0.442
304500,0.030,0.535,0.434
305000,0.030,0.567,0.403
305500,0.030,0.549,0.421
306000,0.030,0.488,0.482
306500,0.030,0.525,0.445
307000,0.030,0.498,0.471
307500,0.030,0.486,0.484
308000,0.031,0.480,0.489
308500,0.030,0.493,0.476
309000,0.030,0.487,0.482
309500,0.030,0.475,0.495
310000,0.032,0.527,0.442
310500,0.035,0.458,0.507
311000,0.034,0.446,0.520
311500,0.030,0.549,0.420
312000,0.030,0.545,0.425
312500,0.030,0.551,0.418
313000,0.030,0.581,0.389
313500,0.030,0.532,0.438
314000,0.030,0.549,0.420
314500,0.030,0.511,0.458
315000,0.031,0.547,0.422
315500,0.030,0.571,0.399
316000,0.030,0.603,0.367
316500,0.030,0.522,0.448
317000,0.030,0.468,0.502
317500,0.030,0.466,0.504
318000,0.030,0.451,0.519
318500,0.033,0.490,0.476
319000,0.030,0.433,0.536
319500,0.033,0.453,0.514
320000,0.030,0.505,0.465
320500,0.030,0.558,0.411
321000,0.030,0.552,0.417
321500,0.030,0.547,0.422
322000,0.030,0.495,0.475
322500,0.030,0.501,0.468
323000,0.034,0.459,0.508
323500,0.033,0.448,0.520
324000,0.030,0.419,0.550
324500,0.030,0.462,0.508
325000,0.032,0.457,0.512
325500,0.030,0.464,0.506
326000,0.030,0.509,0.461
326500,0.030,0.515,0.455
327000,0.030,0.478,0.492
327500,0.030,0.488,0.482
328000,0.030,0.493,0.477
328500,0.030,0.536,0.434
329000,0.030,0.520,0.450
329500,0.030,0.503,0.467
330000,0.030,0.527,0.443
330500,0.030,0.484,0.485
331000,0.030,0.470,0.499
331500,0.030,0.434,0.535
332000,0.030,0.463,0.507
332500,0.034,0.477,0.488
333000,0.030,0.460,0.510
333500,0.030,0.481,0.489
334000,0.030,0.472,0.497
334500,0.030,0.458,0.512
335000,0.034,0.481,0.486
335500,0.032,0.465,0.504
336000,0.030,0.414,0.556
336500,0.033,0.428,0.539
337000,0.031,0.466,0.503
337500,0.030,0.503,0.467
338000,0.030,0.533,0.437
338500,0.030,0.511,0.459
339000,0.030,0.539,0.431
339500,0.030,0.520,0.450
340000,0.030,0.473,0.496
340500,0.030,0.469,0.501
341000,0.030,0.477,0.493
341500,0.030,0.527,0.443
342000,0.030,0.538,0.432
342500,0.034,0.464,0.502
343000,0.033,0.509,0.458
343500,0.030,0.495,0.474
344000,0.030,0.471,0.498
344500,0.030,0.512,0.458
345000,0.030,0.476,0.494
345500,0.030,0.555,0.414
346000,0.030,0.550,0.420
346500,0.030,0.511,0.459
347000,0.030,0.514,0.456
347500,0.030,0.478,0.491
348000,0.030,0.538,0.432
348500,0.030,0.540,0.429
349000,0.030,0.548,0.421
349500,0.030,0.560,0.410
350000,0.030,0.531,0.439
350500,0.030,0.512,0.458
351000,0.030,0.509,0.461
351500,0.030,0.490,0.479
352000,0.030,0.487,0.483
352500,0.030,0.509,0.461
353000,0.030,0.490,0.479
353500,0.030,0.523,0.447
354000,0.030,0.552,0.418
354500,0.030,0.549,0.421
355000,0.030,0.580,0.390
355500,0.030,0.557,0.413
356000,0.030,0.576,0.394
356500,0.030,0.538,0.432
357000,0.030,0.532,0.438
357500,0.030,0.508,0.462
358000,0.030,0.516,0.454
358500,0.030,0.525,0.445
359000,0.032,0.529,0.439
359500,0.030,0.515,0.454
360000,0.030,0.518,0.451
360500,0.030,0.511,0.459
361000,0.030,0.497,0.473
361500,0.030,0.480,0.490
362000,0.032,0.504,0.464
362500,0.030,0.524,0.446
363000,0.030,0.567,0.403
363500,0.030,0.570,0.400
364000,0.030,0.508,0.462
364500,0.030,0.518,0.452
365000,0.030,0.544,0.426
365500,0.030,0.530,0.440
366000,0.032,0.523,0.445
366500,0.030,0.498,0.471
367000,0.031,0.466,0.503
367500,0.030,0.469,0.500
368000,0.030,0.482,0.487
368500,0.030,0.535,0.434
369000,0.030,0.519,0.451
369500,0.033,0.477,0.490
370000,0.032,0.543,0.425
370500,0.030,0.540,0.429
371000,0.030,0.535,0.435
371500,0.032,0.487,0.482
372000,0.030,0.481,0.488
372500,0.030,0.465,0.504
373000,0.030,0.473,0.497
373500,0.030,0.505,0.465
374000,0.030,0.502,0.468
374500,0.030,0.494,0.476
375000,0.030,0.474,0.495
375500,0.034,0.467,0.500
376000,0.031,0.449,0.520
376500,0.031,0.486,0.483
377000,0.031,0.461,0.508
377500,0.037,0.483,0.480
378000,0.031,0.451,0.518
378500,0.032,0.463,0.505
379000,0.030,0.485,0.484
379500,0.030,0.490,0.480
380000,0.030,0.498,0.471
380500,0.030,0.507,0.463
381000,0.034,0.525,0.442
381500,0.030,0.522,0.447
382000,0.030,0.573,0.397
382500,0.030,0.532,0.438
383000,0.030,0.560,0.410
383500,0.030,0.607,0.363
384000,0.030,0.579,0.391
384500,0.030,0.539,0.430
385000,0.030,0.576,0.394
385500,0.030,0.497,0.473
386000,0.030,0.456,0.514
386500,0.033,0.441,0.526
387000,0.030,0.439,0.531
387500,0.030,0.434,0.535
388000,0.034,0.453,0.514
388500,0.033,0.460,0.508
389000,0.030,0.475,0.494
389500,0.030,0.496,0.474
390000,0.030,0.475,0.495
390500,0.034,0.458,0.508
391000,0.035,0.459,0.506
391500,0.034,0.463,0.503
392000,0.036,0.437,0.527
392500,0.031,0.499,0.470
393000,0.030,0.464,0.506
393500,0.030,0.437,0.533
394000,0.030,0.455,0.515
394500,0.030,0.445,0.525
395000,0.030,0.526,0.444
395500,0.030,0.531,0.439
396000,0.030,0.498,0.471
396500,0.030,0.503,0.466
397000,0.030,0.470,0.499
397500,0.033,0.432,0.535
398000,0.034,0.439,0.527
398500,0.037,0.387,0.576
399000,0.037,0.405,0.558
399500,0.030,0.457,0.512
400000,0.030,0.476,0.493
400500,0.030,0.482,0.487
401000,0.030,0.435,0.534
401500,0.032,0.475,0.493
402000,0.031,0.472,0.496
402500,0.030,0.455,0.515
403000,0.034,0.468,0.498
403500,0.036,0.392,0.572
404000,0.032,0.479,0.490
404500,0.034,0.457,0.510
405000,0.030,0.487,0.483
405500,0.032,0.436,0.532
406000,0.031,0.460,0.509
406500,0.033,0.504,0.464
407000,0.030,0.492,0.477
407500,0.030,0.448,0.522
408000,0.030,0.430,0.540
408500,0.030,0.479,0.491
409000,0.032,0.431,0.537
409500,0.033,0.471,0.496
410000,0.031,0.502,0.467
410500,0.030,0.505,0.465
411000,0.030,0.525,0.445
411500,0.030,0.566,0.404
412000,0.030,0.566,0.404
412500,0.030,0.565,0.405
413000,0.031,0.569,0.400
413500,0.030,0.544,0.425
414000,0.030,0.532,0.437
414500,0.030,0.459,0.511
415000,0.030,0.464,0.506
415500,0.030,0.499,0.471
416000,0.030,0.518,0.452
416500,0.030,0.475,0.494
417000,0.030,0.518,0.452
417500,0.030,0.535,0.434
418000,0.030,0.514,0.456
418500,0.030,0.544,0.426
419000,0.030,0.595,0.375
419500,0.030,0.603,0.367
420000,0.030,0.527,0.443
420500,0.030,0.503,0.467
421000,0.030,0.452,0.518
421500,0.031,0.428,0.540
422000,0.030,0.489,0.480
422500,0.030,0.519,0.451
423000,0.034,0.492,0.473
423500,0.031,0.464,0.505
424000,0.031,0.475,0.493
424500,0.032,0.501,0.467
425000,0.030,0.502,0.468
425500,0.030,0.489,0.481
426000,0.030,0.472,0.497
426500,0.030,0.504,0.466
427000,0.030,0.469,0.501
427500,0.030,0.503,0.467
428000,0.030,0.538,0.431
428500,0.030,0.538,0.431
429000,0.030,0.545,0.424
429500,0.030,0.506,0.464
430000,0.030,0.464,0.506
430500,0.030,0.500,0.470
431000,0.030,0.552,0.417
431500,0.030,0.567,0.403
432000,0.030,0.523,0.447
432500,0.030,0.485,0.484
433000,0.032,0.447,0.522
433500,0.030,0.470,0.500
434000,0.030,0.446,0.524
434500,0.033,0.435,0.532
435000,0.031,0.451,0.518
435500,0.030,0.487,0.483
436000,0.030,0.465,0.505
436500,0.030,0.466,0.504
437000,0.030,0.440,0.530
437500,0.035,0.434,0.532
438000,0.033,0.449,0.518
438500,0.032,0.480,0.488
439000,0.032,0.445,0.523
439500,0.032,0.493,0.475
440000,0.030,0.543,0.427
440500,0.030,0.542,0.427
441000,0.030,0.556,0.413
441500,0.030,0.521,0.449
442000,0.030,0.461,0.509
442500,0.030,0.464,0.506
443000,0.034,0.491,0.474
443500,0.033,0.420,0.548
444000,0.036,0.441,0.523
444500,0.035,0.435,0.530
445000,0.031,0.433,0.536
445500,0.030,0.483,0.486
446000,0.030,0.493,0.476
446500,0.030,0.487,0.483
447000,0.030,0.436,0.534
447500,0.035,0.468,0.497
448000,0.031,0.490,0.478
448500,0.030,0.517,0.453
449000,0.030,0.520,0.450
449500,0.030,0.519,0.451
450000,0.030,0.497,0.472
450500,0.030,0.469,0.501
451000,0.030,0.427,0.543
451500,0.030,0.470,0.499
452000,0.031,0.444,0.525
452500,0.032,0.483,0.486
453000,0.033,0.471,0.497
453500,0.037,0.478,0.485
454000,0.033,0.461,0.507
454500,0.030,0.497,0.472
455000,0.030,0.550,0.420
455500,0.030,0.519,0.451
456000,0.030,0.494,0.476
456500,0.030,0.524,0.446
457000,0.030,0.535,0.434
457500,0.030,0.599,0.371
458000,0.030,0.617,0.353
458500,0.030,0.625,0.345
459000,0.030,0.625,0.345
459500,0.030,0.560,0.410
460000,0.030,0.541,0.428
460500,0.030,0.481,0.488
461000,0.030,0.429,0.541
461500,0.032,0.430,0.538
462000,0.032,0.439,0.529
462500,0.030,0.489,0.481
463000,0.030,0.524,0.446
463500,0.030,0.518,0.452
464000,0.030,0.580,0.390
464500,0.030,0.577,0.393
465000,0.030,0.550,0.419
465500,0.030,0.521,0.449
466000,0.030,0.530,0.440
466500,0.030,0.466,0.504
467000,0.030,0.505,0.465
467500,0.030,0.530,0.440
468000,0.030,0.506,0.464
468500,0.030,0.516,0.454
469000,0.030,0.551,0.419
469500,0.030,0.550,0.419
470000,0.030,0.507,0.463
470500,0.030,0.515,0.455
471000,0.030,0.464,0.506
471500,0.030,0.485,0.485
472000,0.030,0.524,0.446
472500,0.031,0.543,0.426
473000,0.030,0.507,0.463
473500,0.030,0.500,0.470
474000,0.030,0.496,0.474
474500,0.030,0.492,0.478
475000,0.030,0.541,0.429
475500,0.030,0.512,0.458
476000,0.032,0.482,0.487
476500,0.030,0.526,0.444
477000,0.033,0.512,0.455
477500,0.031,0.550,0.419
478000,0.031,0.510,0.459
478500,0.030,0.571,0.399
479000,0.030,0.567,0.403
479500,0.030,0.546,0.424
480000,0.030,0.489,0.480
480500,0.031,0.513,0.456
481000,0.030,0.521,0.449
481500,0.030,0.469,0.501
482000,0.030,0.479,0.491
482500,0.030,0.506,0.464
483000,0.030,0.491,0.479
483500,0.032,0.486,0.481
484000,0.030,0.459,0.511
484500,0.030,0.438,0.532
485000,0.030,0.460,0.510
485500,0.030,0.509,0.461
486000,0.030,0.525,0.445
486500,0.030,0.499,0.471
487000,0.033,0.482,0.485
487500,0.030,0.494,0.475
488000,0.030,0.435,0.534
488500,0.036,0.419,0.544
489000,0.037,0.400,0.563
489500,0.033,0.435,0.532
490000,0.034,0.452,0.514
490500,0.036,0.393,0.571
491000,0.036,0.417,0.547
491500,0.033,0.370,0.597
492000,0.037,0.409,0.554
492500,0.032,0.443,0.525
493000,0.032,0.441,0.527
493500,0.031,0.447,0.522
494000,0.030,0.460,0.510
494500,0.030,0.501,0.469
495000,0.030,0.534,0.435
495500,0.030,0.496,0.474
496000,0.030,0.515,0.455
496500,0.030,0.538,0.432
497000,0.030,0.524,0.446
497500,0.030,0.562,0.407
498000,0.030,0.572,0.398
498500,0.032,0.535,0.433
499000,0.030,0.513,0.457
499500,0.030,0.520,0.449
500000,0.030,0.519,0.451
500500,0.034,0.545,0.421
501000,0.030,0.539,0.430
501500,0.030,0.527,0.443
502000,0.030,0.478,0.492
502500,0.030,0.490,0.480
503000,0.030,0.486,0.484
503500,0.030,0.533,0.437
504000,0.033,0.523,0.444
504500,0.030,0.569,0.401
505000,0.030,0.549,0.421
505500,0.030,0.529,0.441
506000,0.030,0.496,0.474
506500,0.030,0.501,0.469
507000,0.030,0.474,0.495
507500,0.030,0.499,0.470
508000,0.031,0.489,0.479
508500,0.031,0.479,0.490
509000,0.030,0.576,0.394
509500,0.030,0.571,0.399
510000,0.030,0.556,0.413
510500,0.030,0.540,0.430
511000,0.031,0.464,0.505
511500,0.030,0.477,0.493
512000,0.030,0.493,0.476
512500,0.030,0.515,0.455
513000,0.033,0.528,0.439
513500,0.030,0.511,0.458
514000,0.030,0.536,0.434
514500,0.030,0.511,0.459
515000,0.030,0.508,0.462
515500,0.030,0.554,0.416
516000,0.030,0.590,0.380
516500,0.030,0.551,0.419
517000,0.030,0.553,0.417
517500,0.030,0.490,0.480
518000,0.030,0.499,0.471
518500,0.030,0.478,0.492
519000,0.030,0.497,0.473
519500,0.030,0.490,0.480
520000,0.030,0.473,0.496
520500,0.030,0.428,0.542
521000,0.037,0.459,0.504
521500,0.032,0.487,0.481
522000,0.034,0.471,0.495
522500,0.035,0.483,0.482
523000,0.032,0.453,0.516
523500,0.030,0.473,0.497
524000,0.031,0.484,0.485
524500,0.030,0.506,0.464
525000,0.030,0.531,0.439
525500,0.030,0.528,0.442
526000,0.030,0.541,0.429
526500,0.030,0.508,0.462
527000,0.030,0.480,0.490
527500,0.030,0.515,0.455
528000,0.034,0.442,0.524
528500,0.039,0.464,0.497
529000,0.033,0.476,0.490
529500,0.030,0.527,0.442
530000,0.030,0.518,0.452
530500,0.030,0.559,0.410
531000,0.030,0.553,0.417
531500,0.030,0.503,0.467
532000,0.031,0.494,0.475
532500,0.030,0.488,0.482
533000,0.030,0.497,0.472
533500,0.030,0.538,0.432
534000,0.030,0.504,0.466
534500,0.030,0.469,0.500
535000,0.030,0.495,0.475
535500,0.030,0.475,0.495
536000,0.033,0.451,0.516
536500,0.032,0.441,0.528
537000,0.032,0.405,0.564
537500,0.031,0.472,0.497
538000,0.034,0.481,0.485
538500,0.030,0.495,0.474
539000,0.030,0.454,0.516
539500,0.031,0.438,0.531
540000,0.033,0.471,0.496
540500,0.035,0.459,0.506
541000,0.032,0.451,0.517
541500,0.037,0.435,0.528
542000,0.030,0.455,0.514
542500,0.030,0.455,0.515
543000,0.030,0.493,0.476
543500,0.032,0.477,0.491
544000,0.030,0.474,0.496
544500,0.032,0.476,0.492
545000,0.030,0.486,0.483
545500,0.030,0.477,0.492
546000,0.030,0.478,0.491
546500,0.030,0.515,0.455
547000,0.030,0.553,0.416
547500,0.030,0.562,0.408
548000,0.030,0.536,0.433
548500,0.030,0.496,0.473
549000,0.030,0.519,0.451
549500,0.030,0.498,0.472
550000,0.030,0.518,0.452
550500,0.030,0.529,0.441
551000,0.030,0.522,0.448
551500,0.030,0.521,0.449
552000,0.032,0.501,0.467
552500,0.030,0.497,0.473
553000,0.030,0.461,0.509
553500,0.030,0.486,0.484
554000,0.035,0.473,0.492
554500,0.033,0.458,0.510
555000,0.032,0.434,0.534
555500,0.031,0.472,0.496
556000,0.033,0.447,0.520
556500,0.031,0.452,0.517
557000,0.030,0.533,0.436
557500,0.030,0.476,0.494
558000,0.033,0.448,0.519
558500,0.033,0.424,0.542
559000,0.034,0.446,0.520
559500,0.033,0.474,0.493
560000,0.031,0.471,0.498
560500,0.030,0.470,0.499
561000,0.034,0.445,0.521
561500,0.035,0.423,0.542
562000,0.034,0.460,0.507
562500,0.032,0.450,0.519
563000,0.030,0.505,0.464
563500,0.030,0.495,0.475
564000,0.035,0.414,0.550
564500,0.032,0.425,0.543
565000,0.034,0.443,0.523
565500,0.031,0.485,0.484
566000,0.035,0.514,0.450
566500,0.035,0.497,0.467
567000,0.042,0.430,0.528
567500,0.036,0.439,0.525
568000,0.031,0.432,0.537
568500,0.030,0.453,0.517
569000,0.031,0.468,0.501
569500,0.030,0.447,0.523
570000,0.037,0.458,0.505
570500,0.031,0.451,0.518
571000,0.034,0.504,0.463
571500,0.030,0.475,0.494
572000,0.034,0.432,0.534
572500,0.034,0.440,0.526
573000,0.032,0.453,0.515
573500,0.035,0.489,0.476
574000,0.030,0.512,0.457
574500,0.030,0.539,0.430
575000,0.030,0.527,0.443
575500,0.030,0.525,0.445
576000,0.030,0.536,0.434
576500,0.030,0.512,0.458
577000,0.030,0.543,0.426
577500,0.030,0.558,0.412
578000,0.030,0.534,0.435
578500,0.030,0.510,0.460
579000,0.036,0.474,0.489
579500,0.031,0.464,0.505
580000,0.030,0.501,0.468
580500,0.030,0.504,0.466
581000,0.033,0.506,0.461
581500,0.030,0.479,0.491
582000,0.030,0.463,0.506
582500,0.030,0.496,0.473
583000,0.030,0.504,0.466
583500,0.030,0.488,0.482
584000,0.033,0.456,0.511
584500,0.030,0.477,0.493
585000,0.030,0.449,0.521
585500,0.030,0.483,0.486
586000,0.030,0.504,0.466
586500,0.030,0.548,0.422
587000,0.030,0.522,0.448
587500,0.030,0.542,0.427
588000,0.032,0.551,0.417
588500,0.032,0.514,0.454
589000,0.030,0.551,0.418
589500,0.030,0.558,0.412
590000,0.030,0.545,0.425
590500,0.030,0.484,0.486
591000,0.030,0.491,0.478
591500,0.030,0.482,0.488
592000,0.030,0.497,0.472
592500,0.030,0.496,0.474
593000,0.030,0.498,0.471
593500,0.030,0.491,0.478
594000,0.033,0.482,0.485
594500,0.030,0.467,0.503
595000,0.033,0.487,0.481
595500,0.031,0.430,0.538
596000,0.030,0.466,0.504
596500,0.030,0.463,0.507
597000,0.030,0.503,0.467
597500,0.030,0.473,0.497
598000,0.032,0.523,0.445
598500,0.033,0.512,0.455
599000,0.030,0.483,0.487
599500,0.032,0.491,0.477
600000,0.030,0.506,0.464
600500,0.030,0.469,0.500
601000,0.030,0.515,0.455
601500,0.030,0.507,0.463
602000,0.030,0.495,0.475
602500,0.030,0.496,0.474
603000,0.030,0.509,0.461
603500,0.030,0.518,0.452
604000,0.030,0.464,0.506
604500,0.032,0.486,0.482
605000,0.030,0.498,0.471
605500,0.030,0.534,0.435
606000,0.032,0.512,0.457
606500,0.030,0.541,0.428
607000,0.030,0.503,0.467
607500,0.032,0.479,0.489
608000,0.033,0.444,0.524
608500,0.034,0.460,0.507
609000,0.031,0.479,0.490
609500,0.033,0.507,0.460
610000,0.030,0.519,0.450
610500,0.030,0.510,0.460
611000,0.030,0.516,0.454
611500,0.030,0.487,0.483
612000,0.035,0.511,0.455
612500,0.032,0.539,0.428
613000,0.030,0.518,0.452
613500,0.030,0.543,0.426
614000,0.033,0.493,0.473
614500,0.034,0.459,0.508
615000,0.036,0.484,0.479
615500,0.032,0.470,0.497
616000,0.031,0.469,0.499
616500,0.030,0.460,0.510
617000,0.030,0.493,0.477
617500,0.030,0.502,0.468
618000,0.030,0.489,0.480
618500,0.033,0.478,0.489
619000,0.032,0.529,0.439
619500,0.030,0.497,0.472
620000,0.030,0.509,0.461
620500,0.033,0.448,0.520
621000,0.032,0.466,0.503
621500,0.030,0.427,0.543
622000,0.030,0.432,0.538
622500,0.033,0.424,0.544
623000,0.030,0.462,0.508
623500,0.030,0.522,0.448
624000,0.030,0.525,0.445
624500,0.030,0.513,0.457
625000,0.030,0.478,0.491
625500,0.030,0.477,0.493
626000,0.030,0.501,0.469
626500,0.030,0.481,0.489
627000,0.036,0.477,0.487
627500,0.031,0.459,0.510
628000,0.030,0.508,0.462
628500,0.030,0.488,0.482
629000,0.030,0.497,0.473
629500,0.030,0.489,0.481
630000,0.030,0.523,0.447
630500,0.030,0.565,0.405
631000,0.030,0.564,0.406
631500,0.030,0.527,0.443
632000,0.030,0.505,0.465
632500,0.030,0.542,0.427
633000,0.030,0.507,0.463
633500,0.030,0.518,0.452
634000,0.030,0.558,0.411
634500,0.030,0.541,0.428
635000,0.030,0.532,0.438
635500,0.030,0.496,0.474
636000,0.030,0.532,0.438
636500,0.030,0.557,0.412
637000,0.030,0.606,0.364
637500,0.030,0.590,0.380
638000,0.030,0.612,0.358
638500,0.030,0.534,0.435
639000,0.030,0.521,0.449
639500,0.030,0.502,0.468
640000,0.032,0.488,0.480
640500,0.031,0.521,0.448
641000,0.030,0.489,0.481
641500,0.030,0.476,0.494
642000,0.033,0.497,0.469
642500,0.031,0.501,0.468
643000,0.030,0.501,0.469
643500,0.030,0.495,0.474
644000,0.031,0.499,0.469
644500,0.031,0.519,0.450
645000,0.030,0.502,0.468
645500,0.030,0.512,0.458
646000,0.030,0.511,0.459
646500,0.030,0.519,0.451
647000,0.030,0.518,0.452
647500,0.030,0.499,0.470
648000,0.030,0.499,0.471
648500,0.030,0.469,0.500
649000,0.030,0.490,0.480
649500,0.030,0.537,0.432
650000,0.030,0.576,0.394
650500,0.030,0.653,0.317
651000,0.030,0.624,0.346
651500,0.030,0.640,0.330
652000,0.030,0.628,0.342
652500,0.033,0.591,0.377
653000,0.030,0.496,0.473
653500,0.030,0.469,0.500
654000,0.031,0.489,0.480
654500,0.030,0.421,0.549
655000,0.030,0.429,0.541
655500,0.036,0.406,0.557
656000,0.032,0.402,0.567
656500,0.030,0.423,0.547
657000,0.030,0.487,0.482
657500,0.030,0.555,0.415
658000,0.030,0.508,0.462
658500,0.030,0.524,0.446
659000,0.030,0.486,0.484
659500,0.031,0.504,0.465
660000,0.030,0.498,0.472
660500,0.030,0.429,0.540
661000,0.030,0.506,0.464
661500,0.033,0.515,0.453
662000,0.031,0.521,0.448
662500,0.030,0.526,0.444
663000,0.030,0.583,0.387
663500,0.030,0.545,0.425
664000,0.032,0.547,0.421
664500,0.030,0.561,0.408
665000,0.030,0.550,0.419
665500,0.030,0.552,0.417
666000,0.030,0.550,0.420
666500,0.030,0.505,0.465
667000,0.030,0.519,0.451
667500,0.030,0.460,0.510
668000,0.032,0.431,0.536
668500,0.032,0.434,0.534
669000,0.033,0.470,0.497
669500,0.030,0.494,0.476
670000,0.030,0.493,0.476
670500,0.030,0.480,0.490
671000,0.033,0.531,0.436
671500,0.031,0.501,0.468
672000,0.030,0.541,0.428
672500,0.030,0.534,0.436
673000,0.030,0.552,0.417
673500,0.030,0.525,0.445
674000,0.030,0.498,0.472
674500,0.030,0.518,0.452
675000,0.030,0.506,0.464
675500,0.030,0.517,0.453
676000,0.030,0.492,0.477
676500,0.030,0.528,0.442
677000,0.030,0.481,0.488
677500,0.030,0.498,0.471
678000,0.030,0.489,0.481
678500,0.030,0.478,0.491
679000,0.030,0.499,0.470
679500,0.030,0.496,0.474
680000,0.030,0.524,0.446
680500,0.030,0.557,0.413
681000,0.030,0.509,0.461
681500,0.032,0.517,0.451
682000,0.030,0.507,0.463
682500,0.032,0.485,0.483
683000,0.030,0.439,0.530
683500,0.034,0.456,0.510
684000,0.030,0.411,0.558
684500,0.030,0.485,0.484
685000,0.030,0.465,0.505
685500,0.030,0.474,0.495
686000,0.030,0.487,0.483
686500,0.030,0.477,0.492
687000,0.030,0.508,0.462
687500,0.030,0.535,0.435
688000,0.032,0.468,0.500
688500,0.030,0.483,0.486
689000,0.032,0.473,0.495
689500,0.030,0.464,0.506
690000,0.030,0.467,0.502
690500,0.030,0.502,0.468
691000,0.030,0.473,0.496
691500,0.030,0.478,0.491
692000,0.034,0.444,0.522
692500,0.033,0.487,0.480
693000,0.030,0.504,0.466
693500,0.030,0.498,0.471
694000,0.030,0.528,0.442
694500,0.030,0.534,0.436
695000,0.030,0.547,0.423
695500,0.030,0.487,0.483
696000,0.030,0.506,0.464
696500,0.030,0.483,0.486
697000,0.030,0.524,0.446
697500,0.032,0.483,0.485
698000,0.035,0.497,0.467
698500,0.034,0.469,0.497
699000,0.033,0.496,0.471
699500,0.033,0.523,0.445
700000,0.030,0.548,0.421
700500,0.030,0.518,0.452
701000,0.030,0.520,0.450
701500,0.030,0.447,0.523
702000,0.033,0.463,0.504
702500,0.031,0.449,0.520
703000,0.030,0.454,0.516
703500,0.030,0.458,0.512
704000,0.030,0.438,0.532
704500,0.033,0.424,0.542
705000,0.030,0.401,0.569
705500,0.033,0.429,0.538
706000,0.037,0.511,0.452
706500,0.034,0.543,0.423
707000,0.032,0.512,0.456
707500,0.030,0.482,0.488
708000,0.030,0.483,0.487
708500,0.030,0.488,0.482
709000,0.030,0.515,0.455
709500,0.030,0.551,0.419
710000,0.030,0.475,0.495
710500,0.030,0.552,0.417
711000,0.030,0.542,0.427
711500,0.033,0.559,0.407
712000,0.033,0.532,0.435
712500,0.031,0.517,0.452
713000,0.030,0.530,0.439
713500,0.030,0.471,0.499
714000,0.030,0.501,0.469
714500,0.030,0.537,0.432
715000,0.030,0.532,0.438
715500,0.030,0.536,0.433
716000,0.030,0.492,0.477
716500,0.030,0.535,0.435
717000,0.035,0.501,0.464
717500,0.035,0.463,0.502
718000,0.033,0.428,0.539
718500,0.030,0.457,0.512
719000,0.030,0.497,0.472
719500,0.030,0.502,0.468
720000,0.030,0.486,0.483
720500,0.030,0.548,0.421
721000,0.030,0.545,0.425
721500,0.030,0.531,0.439
722000,0.030,0.486,0.483
722500,0.030,0.459,0.511
723000,0.035,0.473,0.492
723500,0.033,0.471,0.497
724000,0.030,0.515,0.455
724500,0.030,0.489,0.480
725000,0.030,0.456,0.514
725500,0.030,0.482,0.487
726000,0.030,0.513,0.457
726500,0.030,0.483,0.487
727000,0.030,0.522,0.448
727500,0.030,0.498,0.471
728000,0.031,0.494,0.475
728500,0.034,0.498,0.467
729000,0.032,0.517,0.451
729500,0.035,0.510,0.456
730000,0.032,0.553,0.415
730500,0.030,0.563,0.407
731000,0.032,0.512,0.456
731500,0.030,0.517,0.452
732000,0.030,0.469,0.501
732500,0.030,0.530,0.440
733000,0.030,0.547,0.422
733500,0.030,0.553,0.417
734000,0.030,0.505,0.465
734500,0.030,0.541,0.428
735000,0.030,0.524,0.446
735500,0.032,0.503,0.465
736000,0.030,0.533,0.436
736500,0.030,0.509,0.461
737000,0.030,0.496,0.474
737500,0.030,0.487,0.483
738000,0.030,0.482,0.487
738500,0.030,0.512,0.458
739000,0.033,0.512,0.456
739500,0.035,0.522,0.444
740000,0.031,0.569,0.400
740500,0.030,0.534,0.435
741000,0.030,0.502,0.468
741500,0.030,0.507,0.463
742000,0.030,0.463,0.507
742500,0.030,0.510,0.460
743000,0.030,0.477,0.492
743500,0.030,0.476,0.493
744000,0.030,0.492,0.478
744500,0.030,0.510,0.460
745000,0.030,0.484,0.485
745500,0.030,0.439,0.531
746000,0.032,0.489,0.479
746500,0.030,0.475,0.494
747000,0.030,0.502,0.468
747500,0.033,0.489,0.477
748000,0.031,0.476,0.492
748500,0.030,0.483,0.487
749000,0.030,0.509,0.461
749500,0.030,0.462,0.508
750000,0.030,0.463,0.507
750500,0.032,0.470,0.499
751000,0.030,0.473,0.497
751500,0.030,0.508,0.462
752000,0.030,0.481,0.488
752500,0.030,0.449,0.521
753000,0.030,0.445,0.525
753500,0.030,0.489,0.481
754000,0.030,0.457,0.513
754500,0.030,0.514,0.456
755000,0.030,0.480,0.490
755500,0.030,0.506,0.464
756000,0.030,0.478,0.491
756500,0.030,0.510,0.460
757000,0.030,0.469,0.501
757500,0.030,0.457,0.513
758000,0.030,0.436,0.533
758500,0.030,0.459,0.511
759000,0.030,0.464,0.506
759500,0.030,0.495,0.474
760000,0.030,0.466,0.504
760500,0.030,0.466,0.504
761000,0.030,0.480,0.490
761500,0.030,0.463,0.507
762000,0.030,0.565,0.405
762500,0.032,0.527,0.441
763000,0.030,0.557,0.413
763500,0.030,0.586,0.384
764000,0.030,0.591,0.379
764500,0.030,0.569,0.401
765000,0.030,0.543,0.427
765500,0.030,0.582,0.388
766000,0.030,0.548,0.421
766500,0.030,0.482,0.488
767000,0.030,0.463,0.507
767500,0.030,0.481,0.489
768000,0.032,0.454,0.514
768500,0.036,0.463,0.501
769000,0.032,0.480,0.487
769500,0.031,0.454,0.515
770000,0.030,0.498,0.471
770500,0.030,0.471,0.498
771000,0.030,0.516,0.454
771500,0.030,0.544,0.426
772000,0.030,0.519,0.451
772500,0.030,0.507,0.463
773000,0.030,0.482,0.487
773500,0.030,0.528,0.442
774000,0.030,0.490,0.480
774500,0.030,0.458,0.512
775000,0.037,0.418,0.544
775500,0.032,0.455,0.514
776000,0.030,0.454,0.516
776500,0.032,0.484,0.483
777000,0.030,0.556,0.413
777500,0.030,0.540,0.430
778000,0.030,0.496,0.473
778500,0.034,0.507,0.460
779000,0.032,0.463,0.505
779500,0.032,0.460,0.508
780000,0.030,0.461,0.508
780500,0.030,0.508,0.462
781000,0.030,0.524,0.446
781500,0.030,0.499,0.471
782000,0.030,0.493,0.476
782500,0.030,0.469,0.501
783000,0.030,0.506,0.464
783500,0.032,0.496,0.473
784000,0.033,0.482,0.486
784500,0.030,0.479,0.491
785000,0.030,0.469,0.500
785500,0.030,0.491,0.478
786000,0.030,0.475,0.494
786500,0.030,0.521,0.449
787000,0.030,0.511,0.459
787500,0.035,0.487,0.479
788000,0.032,0.447,0.521
788500,0.031,0.461,0.508
789000,0.030,0.447,0.523
789500,0.034,0.470,0.495
790000,0.031,0.491,0.478
790500,0.030,0.477,0.492
791000,0.032,0.527,0.441
791500,0.030,0.566,0.404
792000,0.030,0.528,0.442
792500,0.030,0.549,0.420
793000,0.030,0.507,0.463
793500,0.033,0.497,0.470
794000,0.030,0.506,0.464
794500,0.031,0.503,0.466
795000,0.030,0.506,0.464
795500,0.030,0.475,0.494
796000,0.030,0.493,0.476
796500,0.030,0.528,0.442
797000,0.030,0.538,0.432
797500,0.030,0.572,0.398
798000,0.030,0.552,0.418
798500,0.030,0.519,0.451
799000,0.030,0.443,0.527
799500,0.030,0.475,0.494
800000,0.030,0.477,0.493
800500,0.030,0.515,0.455
801000,0.030,0.498,0.472
801500,0.030,0.500,0.470
802000,0.030,0.515,0.455
802500,0.030,0.482,0.487
803000,0.030,0.472,0.497
803500,0.030,0.473,0.497
804000,0.030,0.516,0.454
804500,0.030,0.527,0.443
805000,0.030,0.496,0.474
805500,0.030,0.493,0.477
806000,0.030,0.523,0.447
806500,0.030,0.449,0.521
807000,0.032,0.419,0.548
807500,0.031,0.467,0.502
808000,0.030,0.483,0.487
808500,0.030,0.443,0.527
809000,0.030,0.431,0.539
809500,0.030,0.445,0.525
810000,0.032,0.433,0.534
810500,0.030,0.462,0.508
811000,0.035,0.465,0.500
811500,0.034,0.415,0.552
812000,0.032,0.456,0.512
812500,0.033,0.423,0.544
813000,0.032,0.465,0.504
813500,0.030,0.470,0.500
814000,0.030,0.430,0.539
814500,0.030,0.464,0.506
815000,0.030,0.484,0.486
815500,0.030,0.510,0.460
816000,0.030,0.529,0.441
816500,0.030,0.533,0.436
817000,0.030,0.589,0.381
817500,0.030,0.595,0.375
818000,0.030,0.548,0.421
818500,0.030,0.517,0.453
819000,0.030,0.505,0.465
819500,0.030,0.521,0.449
820000,0.030,0.532,0.438
820500,0.030,0.520,0.450
821000,0.030,0.535,0.434
821500,0.030,0.547,0.423
822000,0.030,0.536,0.433
822500,0.034,0.502,0.464
823000,0.031,0.497,0.471
823500,0.030,0.496,0.473
824000,0.030,0.496,0.474
824500,0.030,0.518,0.452
825000,0.030,0.499,0.471
825500,0.030,0.578,0.392
826000,0.030,0.549,0.421
826500,0.030,0.525,0.445
827000,0.030,0.503,0.467
827500,0.030,0.498,0.471
828000,0.030,0.491,0.478
828500,0.030,0.502,0.468
829000,0.030,0.510,0.460
829500,0.030,0.566,0.404
830000,0.030,0.548,0.421
830500,0.030,0.548,0.422
831000,0.030,0.514,0.456
831500,0.030,0.527,0.443
832000,0.030,0.530,0.440
832500,0.030,0.556,0.414
833000,0.030,0.526,0.444
833500,0.030,0.523,0.447
834000,0.030,0.505,0.465
834500,0.030,0.508,0.462
835000,0.030,0.546,0.424
835500,0.030,0.555,0.415
836000,0.030,0.588,0.382
836500,0.030,0.564,0.406
837000,0.030,0.536,0.434
837500,0.030,0.506,0.464
838000,0.030,0.481,0.488
838500,0.033,0.490,0.478
839000,0.035,0.477,0.487
839500,0.031,0.443,0.526
840000,0.030,0.391,0.579
840500,0.033,0.434,0.534
841000,0.032,0.436,0.532
841500,0.032,0.476,0.492
842000,0.030,0.557,0.412
842500,0.030,0.581,0.389
843000,0.030,0.578,0.392
843500,0.030,0.580,0.390
844000,0.030,0.593,0.377
844500,0.030,0.544,0.425
845000,0.030,0.470,0.500
845500,0.030,0.503,0.467
846000,0.030,0.462,0.508
846500,0.033,0.433,0.534
847000,0.031,0.444,0.525
847500,0.030,0.460,0.510
848000,0.030,0.459,0.511
848500,0.035,0.435,0.530
849000,0.032,0.454,0.515
849500,0.033,0.491,0.477
850000,0.032,0.455,0.513
850500,0.031,0.475,0.494
851000,0.030,0.486,0.484
851500,0.030,0.500,0.470
852000,0.030,0.504,0.466
852500,0.030,0.527,0.443
853000,0.030,0.494,0.475
853500,0.030,0.485,0.484
854000,0.034,0.451,0.516
854500,0.034,0.390,0.577
855000,0.032,0.471,0.496
855500,0.030,0.540,0.429
856000,0.030,0.535,0.434
856500,0.035,0.500,0.465
857000,0.031,0.463,0.506
857500,0.030,0.455,0.515
858000,0.030,0.471,0.498
858500,0.030,0.460,0.510
859000,0.030,0.473,0.497
859500,0.030,0.491,0.479
860000,0.030,0.495,0.474
860500,0.030,0.520,0.450
861000,0.030,0.506,0.464
861500,0.030,0.519,0.451
862000,0.030,0.529,0.441
862500,0.030,0.545,0.424
863000,0.030,0.523,0.447
863500,0.030,0.542,0.428
864000,0.030,0.536,0.433
864500,0.032,0.549,0.419
865000,0.030,0.545,0.424
865500,0.030,0.538,0.431
866000,0.030,0.534,0.435
866500,0.030,0.485,0.484
867000,0.030,0.480,0.489
867500,0.030,0.471,0.498
868000,0.030,0.497,0.473
868500,0.031,0.522,0.447
869000,0.030,0.544,0.426
869500,0.030,0.547,0.423
870000,0.030,0.548,0.422
870500,0.030,0.535,0.434
871000,0.030,0.470,0.500
871500,0.030,0.523,0.447
872000,0.030,0.527,0.443
872500,0.030,0.591,0.379
873000,0.030,0.606,0.364
873500,0.030,0.551,0.419
874000,0.030,0.489,0.480
874500,0.032,0.452,0.516
875000,0.032,0.433,0.536
875500,0.037,0.432,0.530
876000,0.037,0.438,0.524
876500,0.032,0.444,0.524
877000,0.032,0.473,0.495
877500,0.030,0.541,0.428
878000,0.030,0.588,0.382
878500,0.030,0.580,0.390
879000,0.030,0.594,0.376
879500,0.030,0.526,0.444
880000,0.030,0.537,0.433
880500,0.030,0.551,0.419
881000,0.030,0.518,0.452
881500,0.030,0.527,0.443
882000,0.030,0.481,0.488
882500,0.030,0.514,0.456
883000,0.030,0.542,0.427
883500,0.032,0.468,0.500
884000,0.030,0.535,0.434
884500,0.030,0.562,0.408
885000,0.030,0.574,0.396
885500,0.030,0.596,0.374
886000,0.030,0.576,0.394
886500,0.030,0.558,0.412
887000,0.030,0.546,0.424
887500,0.030,0.557,0.412
888000,0.030,0.542,0.428
888500,0.033,0.529,0.438
889000,0.030,0.533,0.436
889500,0.030,0.483,0.487
890000,0.033,0.464,0.504
890500,0.032,0.489,0.478
891000,0.032,0.507,0.461
891500,0.030,0.508,0.462
892000,0.030,0.521,0.449
892500,0.030,0.467,0.503
893000,0.032,0.503,0.465
893500,0.030,0.505,0.464
894000,0.030,0.514,0.456
894500,0.030,0.547,0.423
895000,0.030,0.543,0.426
895500,0.030,0.534,0.435
896000,0.030,0.504,0.466
896500,0.034,0.500,0.466
897000,0.030,0.523,0.447
897500,0.030,0.493,0.476
898000,0.030,0.514,0.456
898500,0.030,0.509,0.461
899000,0.030,0.498,0.471
899500,0.030,0.516,0.454
900000,0.030,0.545,0.425
900500,0.034,0.508,0.458
901000,0.033,0.479,0.489
901500,0.034,0.528,0.438
902000,0.032,0.500,0.468
902500,0.032,0.469,0.499
903000,0.030,0.449,0.521
903500,0.030,0.466,0.504
904000,0.030,0.475,0.494
904500,0.032,0.484,0.485
905000,0.030,0.499,0.470
905500,0.033,0.497,0.470
906000,0.030,0.493,0.476
906500,0.032,0.500,0.468
907000,0.030,0.456,0.514
907500,0.032,0.495,0.473
908000,0.030,0.480,0.489
908500,0.030,0.508,0.462
909000,0.030,0.470,0.500
909500,0.030,0.512,0.458
910000,0.030,0.537,0.432
910500,0.030,0.530,0.440
911000,0.030,0.498,0.471
911500,0.030,0.497,0.473
912000,0.030,0.545,0.425
912500,0.030,0.554,0.415
913000,0.030,0.568,0.402
913500,0.030,0.567,0.403
914000,0.030,0.555,0.415
914500,0.030,0.538,0.432
915000,0.030,0.492,0.477
915500,0.030,0.471,0.499
916000,0.030,0.502,0.468
916500,0.030,0.517,0.453
917000,0.030,0.565,0.405
917500,0.030,0.573,0.397
918000,0.030,0.615,0.355
918500,0.030,0.608,0.362
919000,0.030,0.573,0.397
919500,0.030,0.538,0.431
920000,0.031,0.513,0.456
920500,0.030,0.527,0.443
921000,0.030,0.528,0.442
921500,0.030,0.461,0.509
922000,0.030,0.468,0.502
922500,0.030,0.469,0.501
923000,0.030,0.483,0.486
923500,0.030,0.481,0.489
924000,0.030,0.503,0.467
924500,0.030,0.461,0.509
925000,0.030,0.488,0.481
925500,0.034,0.455,0.511
926000,0.033,0.507,0.460
926500,0.033,0.498,0.470
927000,0.034,0.434,0.531
927500,0.030,0.436,0.534
928000,0.030,0.489,0.480
928500,0.030,0.462,0.508
929000,0.034,0.447,0.520
929500,0.030,0.421,0.548
930000,0.030,0.470,0.500
930500,0.033,0.494,0.473
931000,0.031,0.508,0.461
931500,0.030,0.513,0.457
932000,0.034,0.489,0.477
932500,0.031,0.469,0.499
933000,0.030,0.478,0.491
933500,0.030,0.495,0.474
934000,0.030,0.519,0.451
934500,0.030,0.535,0.435
935000,0.030,0.495,0.474
935500,0.030,0.513,0.457
936000,0.030,0.467,0.503
936500,0.030,0.485,0.485
937000,0.030,0.461,0.509
937500,0.030,0.492,0.478
938000,0.030,0.491,0.478
938500,0.030,0.512,0.458
939000,0.030,0.514,0.456
939500,0.030,0.537,0.433
940000,0.030,0.541,0.429
940500,0.034,0.547,0.418
941000,0.030,0.527,0.442
941500,0.034,0.531,0.435
942000,0.030,0.526,0.443
942500,0.030,0.550,0.420
943000,0.030,0.558,0.411
943500,0.030,0.501,0.468
944000,0.030,0.502,0.468
944500,0.033,0.489,0.478
945000,0.032,0.457,0.512
945500,0.034,0.489,0.477
946000,0.030,0.455,0.514
946500,0.030,0.448,0.522
947000,0.030,0.493,0.477
947500,0.033,0.450,0.517
948000,0.033,0.472,0.495
948500,0.030,0.487,0.482
949000,0.030,0.511,0.459
949500,0.030,0.506,0.464
950000,0.030,0.494,0.475
950500,0.032,0.464,0.504
951000,0.030,0.516,0.454
951500,0.030,0.543,0.427
952000,0.030,0.554,0.415
952500,0.030,0.520,0.450
953000,0.030,0.517,0.453
953500,0.030,0.489,0.480
954000,0.030,0.466,0.504
954500,0.034,0.505,0.461
955000,0.035,0.495,0.470
955500,0.032,0.518,0.450
956000,0.031,0.490,0.478
956500,0.030,0.535,0.434
957000,0.030,0.512,0.458
957500,0.033,0.465,0.503
958000,0.030,0.476,0.494
958500,0.030,0.521,0.449
959000,0.030,0.536,0.434
959500,0.030,0.528,0.442
960000,0.032,0.512,0.456
960500,0.030,0.525,0.445
961000,0.030,0.526,0.444
961500,0.034,0.494,0.473
962000,0.032,0.521,0.448
962500,0.030,0.519,0.451
963000,0.030,0.504,0.466
963500,0.030,0.498,0.471
964000,0.030,0.468,0.502
964500,0.030,0.504,0.466
965000,0.030,0.499,0.470
965500,0.030,0.489,0.480
966000,0.030,0.509,0.461
966500,0.033,0.491,0.475
967000,0.030,0.454,0.516
967500,0.032,0.485,0.484
968000,0.030,0.499,0.470
968500,0.030,0.462,0.508
969000,0.030,0.468,0.502
969500,0.030,0.505,0.465
970000,0.032,0.482,0.485
970500,0.031,0.506,0.463
971000,0.030,0.493,0.477
971500,0.030,0.429,0.541
972000,0.036,0.413,0.551
972500,0.039,0.394,0.567
973000,0.033,0.456,0.512
973500,0.030,0.440,0.530
974000,0.030,0.432,0.537
974500,0.030,0.404,0.567
975000,0.030,0.434,0.535
975500,0.036,0.416,0.548
976000,0.034,0.470,0.497
976500,0.032,0.456,0.512
977000,0.030,0.421,0.548
977500,0.037,0.369,0.594
978000,0.033,0.420,0.546
978500,0.031,0.462,0.507
979000,0.030,0.473,0.497
979500,0.030,0.522,0.448
980000,0.030,0.478,0.491
980500,0.030,0.510,0.460
981000,0.033,0.540,0.427
981500,0.030,0.528,0.441
982000,0.030,0.557,0.412
982500,0.030,0.578,0.392
983000,0.030,0.604,0.366
983500,0.030,0.534,0.435
984000,0.030,0.492,0.478
984500,0.030,0.488,0.482
985000,0.030,0.501,0.469
985500,0.030,0.502,0.468
986000,0.030,0.538,0.431
986500,0.030,0.509,0.461
987000,0.034,0.462,0.505
987500,0.030,0.500,0.469
988000,0.030,0.448,0.522
988500,0.030,0.466,0.504
989000,0.030,0.472,0.497
989500,0.033,0.465,0.503
990000,0.030,0.494,0.476
990500,0.030,0.490,0.479
991000,0.033,0.431,0.536
991500,0.032,0.452,0.517
992000,0.030,0.494,0.476
992500,0.030,0.511,0.459
993000,0.030,0.510,0.460
993500,0.030,0.502,0.468
994000,0.033,0.467,0.500
994500,0.034,0.492,0.474
995000,0.035,0.433,0.532
995500,0.033,0.447,0.520
996000,0.030,0.465,0.505
996500,0.033,0.484,0.483
997000,0.030,0.461,0.509
997500,0.030,0.471,0.498
998000,0.037,0.490,0.473
998500,0.034,0.477,0.489
999000,0.030,0.484,0.486
999500,0.030,0.468,0.502
1000000,0.030,0.455,0.515
