time,n_A+p,n_B,n_AB
500,0.074,0.058,0.868
1000,0.381,0.000,0.619
1500,0.479,0.000,0.521
2000,0.407,0.000,0.593
2500,0.542,0.000,0.458
3000,0.446,0.000,0.554
3500,0.555,0.000,0.445
4000,0.281,0.000,0.719
4500,0.357,0.000,0.643
5000,0.381,0.000,0.619
5500,0.363,0.000,0.637
6000,0.447,0.000,0.553
6500,0.489,0.000,0.511
7000,0.412,0.000,0.588
7500,0.424,0.000,0.576
8000,0.401,0.000,0.599
8500,0.329,0.000,0.671
9000,0.552,0.000,0.448
9500,0.311,0.000,0.689
10000,0.351,0.000,0.649
10500,0.485,0.000,0.515
11000,0.382,0.000,0.618
11500,0.415,0.000,0.585
12000,0.587,0.000,0.413
12500,0.282,0.000,0.718
13000,0.419,0.000,0.581
13500,0.346,0.000,0.654
14000,0.596,0.000,0.404
14500,0.326,0.000,0.674
15000,0.466,0.000,0.534
15500,0.265,0.000,0.735
16000,0.344,0.000,0.656
16500,0.628,0.000,0.372
17000,0.301,0.000,0.699
17500,0.517,0.000,0.483
18000,0.498,0.000,0.502
18500,0.378,0.000,0.622
19000,0.705,0.000,0.295
19500,0.384,0.000,0.616
20000,0.309,0.000,0.691
20500,0.447,0.000,0.553
21000,0.468,0.000,0.532
21500,0.355,0.000,0.645
22000,0.346,0.000,0.654
22500,0.474,0.000,0.526
23000,0.313,0.000,0.687
23500,0.326,0.000,0.674
24000,0.223,0.000,0.777
24500,0.514,0.000,0.486
25000,0.294,0.000,0.706
25500,0.364,0.000,0.636
26000,0.350,0.000,0.650
26500,0.250,0.000,0.750
27000,0.362,0.000,0.638
27500,0.434,0.000,0.566
28000,0.505,0.000,0.495
28500,0.341,0.000,0.659
29000,0.331,0.000,0.669
29500,0.489,0.000,0.511
30000,0.347,0.000,0.653
30500,0.264,0.000,0.736
31000,0.342,0.000,0.658
31500,0.479,0.000,0.521
32000,0.499,0.000,0.501
32500,0.348,0.000,0.652
33000,0.261,0.000,0.739
33500,0.418,0.000,0.582
34000,0.340,0.000,0.660
34500,0.493,0.000,0.507
35000,0.297,0.000,0.703
35500,0.400,0.000,0.600
36000,0.512,0.000,0.488
36500,0.479,0.000,0.521
37000,0.361,0.000,0.639
37500,0.365,0.000,0.635
38000,0.461,0.000,0.539
38500,0.609,0.000,0.391
39000,0.486,0.000,0.514
39500,0.313,0.000,0.687
40000,0.313,0.000,0.687
40500,0.442,0.000,0.558
41000,0.561,0.000,0.439
41500,0.450,0.000,0.550
42000,0.358,0.000,0.642
42500,0.460,0.000,0.540
43000,0.395,0.000,0.605
43500,0.435,0.000,0.565
44000,0.546,0.000,0.454
44500,0.434,0.000,0.566
45000,0.254,0.000,0.746
45500,0.360,0.000,0.640
46000,0.751,0.000,0.249
46500,0.272,0.000,0.728
47000,0.308,0.000,0.692
47500,0.560,0.000,0.440
48000,0.395,0.000,0.605
48500,0.452,0.000,0.548
49000,0.373,0.000,0.627
49500,0.406,0.000,0.594
50000,0.566,0.000,0.434
50500,0.362,0.000,0.638
51000,0.420,0.000,0.580
51500,0.376,0.000,0.624
52000,0.441,0.000,0.559
52500,0.564,0.000,0.436
53000,0.408,0.000,0.592
53500,0.410,0.000,0.590
54000,0.441,0.000,0.559
54500,0.774,0.000,0.226
55000,0.304,0.000,0.696
55500,0.520,0.000,0.480
56000,0.324,0.000,0.676
56500,0.503,0.000,0.497
57000,0.301,0.000,0.699
57500,0.497,0.000,0.503
58000,0.428,0.000,0.572
58500,0.313,0.000,0.687
59000,0.517,0.000,0.483
59500,0.406,0.000,0.594
60000,0.429,0.000,0.571
60500,0.406,0.000,0.594
61000,0.371,0.000,0.629
61500,0.548,0.000,0.452
62000,0.206,0.000,0.794
62500,0.486,0.000,0.514
63000,0.438,0.000,0.562
63500,0.517,0.000,0.483
64000,0.320,0.000,0.680
64500,0.544,0.000,0.456
65000,0.357,0.000,0.643
65500,0.645,0.000,0.355
66000,0.249,0.000,0.751
66500,0.394,0.000,0.606
67000,0.355,0.000,0.645
67500,0.363,0.000,0.637
68000,0.299,0.000,0.701
68500,0.452,0.000,0.548
69000,0.345,0.000,0.655
69500,0.489,0.000,0.511
70000,0.297,0.000,0.703
70500,0.571,0.000,0.429
71000,0.430,0.000,0.570
71500,0.548,0.000,0.452
72000,0.517,0.000,0.483
72500,0.540,0.000,0.460
73000,0.395,0.000,0.605
73500,0.312,0.000,0.688
74000,0.380,0.000,0.620
74500,0.433,0.000,0.567
75000,0.475,0.000,0.525
75500,0.504,0.000,0.496
76000,0.430,0.000,0.570
76500,0.431,0.000,0.569
77000,0.320,0.000,0.680
77500,0.242,0.000,0.758
78000,0.343,0.000,0.657
78500,0.552,0.000,0.448
79000,0.432,0.000,0.568
79500,0.511,0.000,0.489
80000,0.555,0.000,0.445
80500,0.455,0.000,0.545
81000,0.323,0.000,0.677
81500,0.285,0.000,0.715
82000,0.464,0.000,0.536
82500,0.235,0.000,0.765
83000,0.550,0.000,0.450
83500,0.390,0.000,0.610
84000,0.331,0.000,0.669
84500,0.361,0.000,0.639
85000,0.351,0.000,0.649
85500,0.356,0.000,0.644
86000,0.445,0.000,0.555
86500,0.409,0.000,0.591
87000,0.362,0.000,0.638
87500,0.365,0.000,0.635
88000,0.469,0.000,0.531
88500,0.440,0.000,0.560
89000,0.263,0.000,0.737
89500,0.488,0.000,0.512
90000,0.403,0.000,0.597
90500,0.427,0.000,0.573
91000,0.359,0.000,0.641
91500,0.289,0.000,0.711
92000,0.280,0.000,0.720
92500,0.510,0.000,0.490
93000,0.429,0.000,0.571
93500,0.457,0.000,0.543
94000,0.410,0.000,0.590
94500,0.392,0.000,0.608
95000,0.398,0.000,0.602
95500,0.416,0.000,0.584
96000,0.324,0.000,0.676
96500,0.280,0.000,0.720
97000,0.503,0.000,0.497
97500,0.388,0.000,0.612
98000,0.305,0.000,0.695
98500,0.376,0.000,0.624
99000,0.344,0.000,0.656
99500,0.357,0.000,0.643
100000,0.338,0.000,0.662
100500,0.374,0.000,0.626
101000,0.488,0.000,0.512
101500,0.329,0.000,0.671
102000,0.450,0.000,0.550
102500,0.269,0.000,0.731
103000,0.397,0.000,0.603
103500,0.403,0.000,0.597
104000,0.539,0.000,0.461
104500,0.405,0.000,0.595
105000,0.438,0.000,0.562
105500,0.443,0.000,0.557
106000,0.234,0.000,0.766
106500,0.487,0.000,0.513
107000,0.281,0.000,0.719
107500,0.304,0.000,0.696
108000,0.402,0.000,0.598
108500,0.312,0.000,0.688
109000,0.438,0.000,0.562
109500,0.388,0.000,0.612
110000,0.416,0.000,0.584
110500,0.403,0.000,0.597
111000,0.615,0.000,0.385
111500,0.385,0.000,0.615
112000,0.401,0.000,0.599
112500,0.473,0.000,0.527
113000,0.390,0.000,0.610
113500,0.497,0.000,0.503
114000,0.574,0.000,0.426
114500,0.438,0.000,0.562
115000,0.273,0.000,0.727
115500,0.408,0.000,0.592
116000,0.374,0.000,0.626
116500,0.388,0.000,0.612
117000,0.244,0.000,0.756
117500,0.471,0.000,0.529
118000,0.443,0.000,0.557
118500,0.352,0.000,0.648
119000,0.356,0.000,0.644
119500,0.283,0.000,0.717
120000,0.475,0.000,0.525
120500,0.557,0.000,0.443
121000,0.379,0.000,0.621
121500,0.400,0.000,0.600
122000,0.446,0.000,0.554
122500,0.322,0.000,0.678
123000,0.412,0.000,0.588
123500,0.401,0.000,0.599
124000,0.414,0.000,0.586
124500,0.333,0.000,0.667
125000,0.626,0.000,0.374
125500,0.399,0.000,0.601
126000,0.560,0.000,0.440
126500,0.416,0.000,0.584
127000,0.321,0.000,0.679
127500,0.318,0.000,0.682
128000,0.370,0.000,0.630
128500,0.444,0.000,0.556
129000,0.537,0.000,0.463
129500,0.307,0.000,0.693
130000,0.408,0.000,0.592
130500,0.677,0.000,0.323
131000,0.484,0.000,0.516
131500,0.342,0.000,0.658
132000,0.419,0.000,0.581
132500,0.355,0.000,0.645
133000,0.666,0.000,0.334
133500,0.565,0.000,0.435
134000,0.363,0.000,0.637
134500,0.555,0.000,0.445
135000,0.487,0.000,0.513
135500,0.308,0.000,0.692
136000,0.257,0.000,0.743
136500,0.391,0.000,0.609
137000,0.317,0.000,0.683
137500,0.484,0.000,0.516
138000,0.182,0.000,0.818
138500,0.316,0.000,0.684
139000,0.405,0.000,0.595
139500,0.314,0.000,0.686
140000,0.459,0.000,0.541
140500,0.213,0.000,0.787
141000,0.225,0.000,0.775
141500,0.453,0.000,0.547
142000,0.357,0.000,0.643
142500,0.370,0.000,0.630
143000,0.639,0.000,0.361
143500,0.289,0.000,0.711
144000,0.286,0.000,0.714
144500,0.395,0.000,0.605
145000,0.371,0.000,0.629
145500,0.406,0.000,0.594
146000,0.518,0.000,0.482
146500,0.392,0.000,0.608
147000,0.389,0.000,0.611
147500,0.503,0.000,0.497
148000,0.550,0.000,0.450
148500,0.328,0.000,0.672
149000,0.332,0.000,0.668
149500,0.464,0.000,0.536
150000,0.414,0.000,0.586
150500,0.380,0.000,0.620
151000,0.422,0.000,0.578
151500,0.336,0.000,0.664
152000,0.581,0.000,0.419
152500,0.295,0.000,0.705
153000,0.492,0.000,0.508
153500,0.434,0.000,0.566
154000,0.405,0.000,0.595
154500,0.346,0.000,0.654
155000,0.380,0.000,0.620
155500,0.401,0.000,0.599
156000,0.477,0.000,0.523
156500,0.486,0.000,0.514
157000,0.487,0.000,0.513
157500,0.328,0.000,0.672
158000,0.368,0.000,0.632
158500,0.322,0.000,0.678
159000,0.229,0.000,0.771
159500,0.480,0.000,0.520
160000,0.493,0.000,0.507
160500,0.385,0.000,0.615
161000,0.405,0.000,0.595
161500,0.306,0.000,0.694
162000,0.464,0.000,0.536
162500,0.334,0.000,0.666
163000,0.283,0.000,0.717
163500,0.311,0.000,0.689
164000,0.488,0.000,0.512
164500,0.313,0.000,0.687
165000,0.280,0.000,0.720
165500,0.134,0.000,0.866
166000,0.413,0.000,0.587
166500,0.314,0.000,0.686
167000,0.359,0.000,0.641
167500,0.360,0.000,0.640
168000,0.337,0.000,0.663
168500,0.336,0.000,0.664
169000,0.332,0.000,0.668
169500,0.669,0.000,0.331
170000,0.412,0.000,0.588
170500,0.429,0.000,0.571
171000,0.301,0.000,0.699
171500,0.293,0.000,0.707
172000,0.483,0.000,0.517
172500,0.378,0.000,0.622
173000,0.539,0.000,0.461
173500,0.339,0.000,0.661
174000,0.290,0.000,0.710
174500,0.383,0.000,0.617
175000,0.337,0.000,0.663
175500,0.597,0.000,0.403
176000,0.480,0.000,0.520
176500,0.238,0.000,0.762
177000,0.190,0.000,0.810
177500,0.434,0.000,0.566
178000,0.313,0.000,0.687
178500,0.466,0.000,0.534
179000,0.353,0.000,0.647
179500,0.297,0.000,0.703
180000,0.420,0.000,0.580
180500,0.439,0.000,0.561
181000,0.429,0.000,0.571
181500,0.411,0.000,0.589
182000,0.388,0.000,0.612
182500,0.457,0.000,0.543
183000,0.230,0.000,0.770
183500,0.443,0.000,0.557
184000,0.380,0.000,0.620
184500,0.302,0.000,0.698
185000,0.219,0.000,0.781
185500,0.266,0.000,0.734
186000,0.342,0.000,0.658
186500,0.468,0.000,0.532
187000,0.443,0.000,0.557
187500,0.555,0.000,0.445
188000,0.437,0.000,0.563
188500,0.462,0.000,0.538
189000,0.488,0.000,0.512
189500,0.472,0.000,0.528
190000,0.337,0.000,0.663
190500,0.393,0.000,0.607
191000,0.190,0.000,0.810
191500,0.497,0.000,0.503
192000,0.308,0.000,0.692
192500,0.449,0.000,0.551
193000,0.294,0.000,0.706
193500,0.522,0.000,0.478
194000,0.378,0.000,0.622
194500,0.400,0.000,0.600
195000,0.335,0.000,0.665
195500,0.565,0.000,0.435
196000,0.360,0.000,0.640
196500,0.381,0.000,0.619
197000,0.304,0.000,0.696
197500,0.339,0.000,0.661
198000,0.467,0.000,0.533
198500,0.469,0.000,0.531
199000,0.311,0.000,0.689
199500,0.477,0.000,0.523
200000,0.377,0.000,0.623
200500,0.356,0.000,0.644
201000,0.355,0.000,0.645
201500,0.201,0.000,0.799
202000,0.264,0.000,0.736
202500,0.386,0.000,0.614
203000,0.509,0.000,0.491
203500,0.346,0.000,0.654
204000,0.191,0.000,0.809
204500,0.599,0.000,0.401
205000,0.329,0.000,0.671
205500,0.470,0.000,0.530
206000,0.560,0.000,0.440
206500,0.346,0.000,0.654
207000,0.399,0.000,0.601
207500,0.432,0.000,0.568
208000,0.324,0.000,0.676
208500,0.413,0.000,0.587
209000,0.426,0.000,0.574
209500,0.377,0.000,0.623
210000,0.430,0.000,0.570
210500,0.569,0.000,0.431
211000,0.425,0.000,0.575
211500,0.484,0.000,0.516
212000,0.243,0.000,0.757
212500,0.346,0.000,0.654
213000,0.427,0.000,0.573
213500,0.406,0.000,0.594
214000,0.302,0.000,0.698
214500,0.505,0.000,0.495
215000,0.417,0.000,0.583
215500,0.288,0.000,0.712
216000,0.450,0.000,0.550
216500,0.434,0.000,0.566
217000,0.413,0.000,0.587
217500,0.325,0.000,0.675
218000,0.513,0.000,0.487
218500,0.438,0.000,0.562
219000,0.394,0.000,0.606
219500,0.379,0.000,0.621
220000,0.391,0.000,0.609
220500,0.359,0.000,0.641
221000,0.364,0.000,0.636
221500,0.265,0.000,0.735
222000,0.409,0.000,0.591
222500,0.341,0.000,0.659
223000,0.353,0.000,0.647
223500,0.268,0.000,0.732
224000,0.426,0.000,0.574
224500,0.323,0.000,0.677
225000,0.360,0.000,0.640
225500,0.434,0.000,0.566
226000,0.584,0.000,0.416
226500,0.274,0.000,0.726
227000,0.468,0.000,0.532
227500,0.510,0.000,0.490
228000,0.329,0.000,0.671
228500,0.460,0.000,0.540
229000,0.489,0.000,0.511
229500,0.497,0.000,0.503
230000,0.594,0.000,0.406
230500,0.395,0.000,0.605
231000,0.403,0.000,0.597
231500,0.340,0.000,0.660
232000,0.409,0.000,0.591
232500,0.325,0.000,0.675
233000,0.337,0.000,0.663
233500,0.419,0.000,0.581
234000,0.355,0.000,0.645
234500,0.403,0.000,0.597
235000,0.394,0.000,0.606
235500,0.452,0.000,0.548
236000,0.428,0.000,0.572
236500,0.470,0.000,0.530
237000,0.443,0.000,0.557
237500,0.307,0.000,0.693
238000,0.306,0.000,0.694
238500,0.340,0.000,0.660
239000,0.302,0.000,0.698
239500,0.412,0.000,0.588
240000,0.397,0.000,0.603
240500,0.260,0.000,0.740
241000,0.334,0.000,0.666
241500,0.326,0.000,0.674
242000,0.360,0.000,0.640
242500,0.448,0.000,0.552
243000,0.534,0.000,0.466
243500,0.347,0.000,0.653
244000,0.403,0.000,0.597
244500,0.385,0.000,0.615
245000,0.305,0.000,0.695
245500,0.267,0.000,0.733
246000,0.309,0.000,0.691
246500,0.486,0.000,0.514
247000,0.324,0.000,0.676
247500,0.371,0.000,0.629
248000,0.415,0.000,0.585
248500,0.435,0.000,0.565
249000,0.401,0.000,0.599
249500,0.269,0.000,0.731
250000,0.490,0.000,0.510
250500,0.506,0.000,0.494
251000,0.400,0.000,0.600
251500,0.366,0.000,0.634
252000,0.388,0.000,0.612
252500,0.279,0.000,0.721
253000,0.268,0.000,0.732
253500,0.398,0.000,0.602
254000,0.462,0.000,0.538
254500,0.310,0.000,0.690
255000,0.430,0.000,0.570
255500,0.359,0.000,0.641
256000,0.580,0.000,0.420
256500,0.646,0.000,0.354
257000,0.442,0.000,0.558
257500,0.371,0.000,0.629
258000,0.498,0.000,0.502
258500,0.289,0.000,0.711
259000,0.419,0.000,0.581
259500,0.197,0.000,0.803
260000,0.444,0.000,0.556
260500,0.256,0.000,0.744
261000,0.306,0.000,0.694
261500,0.545,0.000,0.455
262000,0.435,0.000,0.565
262500,0.433,0.000,0.567
263000,0.270,0.000,0.730
263500,0.501,0.000,0.499
264000,0.302,0.000,0.698
264500,0.422,0.000,0.578
265000,0.238,0.000,0.762
265500,0.362,0.000,0.638
266000,0.360,0.000,0.640
266500,0.314,0.000,0.686
267000,0.453,0.000,0.547
267500,0.518,0.000,0.482
268000,0.468,0.000,0.532
268500,0.474,0.000,0.526
269000,0.373,0.000,0.627
269500,0.378,0.000,0.622
270000,0.317,0.000,0.683
270500,0.446,0.000,0.554
271000,0.476,0.000,0.524
271500,0.293,0.000,0.707
272000,0.649,0.000,0.351
272500,0.482,0.000,0.518
273000,0.366,0.000,0.634
273500,0.374,0.000,0.626
274000,0.355,0.000,0.645
274500,0.347,0.000,0.653
275000,0.264,0.000,0.736
275500,0.183,0.000,0.817
276000,0.382,0.000,0.618
276500,0.385,0.000,0.615
277000,0.542,0.000,0.458
277500,0.455,0.000,0.545
278000,0.436,0.000,0.564
278500,0.338,0.000,0.662
279000,0.440,0.000,0.560
279500,0.455,0.000,0.545
280000,0.405,0.000,0.595
280500,0.411,0.000,0.589
281000,0.317,0.000,0.683
281500,0.380,0.000,0.620
282000,0.203,0.000,0.797
282500,0.333,0.000,0.667
283000,0.318,0.000,0.682
283500,0.437,0.000,0.563
284000,0.345,0.000,0.655
284500,0.252,0.000,0.748
285000,0.260,0.000,0.740
285500,0.542,0.000,0.458
286000,0.427,0.000,0.573
286500,0.311,0.000,0.689
287000,0.317,0.000,0.683
287500,0.401,0.000,0.599
288000,0.467,0.000,0.533
288500,0.344,0.000,0.656
289000,0.470,0.000,0.530
289500,0.292,0.000,0.708
290000,0.479,0.000,0.521
290500,0.286,0.000,0.714
291000,0.356,0.000,0.644
291500,0.368,0.000,0.632
292000,0.323,0.000,0.677
292500,0.387,0.000,0.613
293000,0.313,0.000,0.687
293500,0.317,0.000,0.683
294000,0.293,0.000,0.707
294500,0.384,0.000,0.616
295000,0.298,0.000,0.702
295500,0.354,0.000,0.646
296000,0.369,0.000,0.631
296500,0.430,0.000,0.570
297000,0.432,0.000,0.568
297500,0.467,0.000,0.533
298000,0.476,0.000,0.524
298500,0.432,0.000,0.568
299000,0.326,0.000,0.674
299500,0.525,0.000,0.475
300000,0.399,0.000,0.601
300500,0.600,0.000,0.400
301000,0.359,0.000,0.641
301500,0.550,0.000,0.450
302000,0.456,0.000,0.544
302500,0.406,0.000,0.594
303000,0.439,0.000,0.561
303500,0.359,0.000,0.641
304000,0.517,0.000,0.483
304500,0.404,0.000,0.596
305000,0.448,0.000,0.552
305500,0.343,0.000,0.657
306000,0.601,0.000,0.399
306500,0.493,0.000,0.507
307000,0.498,0.000,0.502
307500,0.377,0.000,0.623
308000,0.527,0.000,0.473
308500,0.438,0.000,0.562
309000,0.687,0.000,0.313
309500,0.501,0.000,0.499
310000,0.348,0.000,0.652
310500,0.336,0.000,0.664
311000,0.311,0.000,0.689
311500,0.414,0.000,0.586
312000,0.459,0.000,0.541
312500,0.373,0.000,0.627
313000,0.335,0.000,0.665
313500,0.362,0.000,0.638
314000,0.397,0.000,0.603
314500,0.336,0.000,0.664
315000,0.440,0.000,0.560
315500,0.398,0.000,0.602
316000,0.285,0.000,0.715
316500,0.369,0.000,0.631
317000,0.492,0.000,0.508
317500,0.311,0.000,0.689
318000,0.452,0.000,0.548
318500,0.361,0.000,0.639
319000,0.354,0.000,0.646
319500,0.439,0.000,0.561
320000,0.337,0.000,0.663
320500,0.370,0.000,0.630
321000,0.386,0.000,0.614
321500,0.418,0.000,0.582
322000,0.326,0.000,0.674
322500,0.232,0.000,0.768
323000,0.436,0.000,0.564
323500,0.388,0.000,0.612
324000,0.334,0.000,0.666
324500,0.404,0.000,0.596
325000,0.336,0.000,0.664
325500,0.370,0.000,0.630
326000,0.380,0.000,0.620
326500,0.360,0.000,0.640
327000,0.342,0.000,0.658
327500,0.331,0.000,0.669
328000,0.349,0.000,0.651
328500,0.441,0.000,0.559
329000,0.516,0.000,0.484
329500,0.259,0.000,0.741
330000,0.397,0.000,0.603
330500,0.476,0.000,0.524
331000,0.432,0.000,0.568
331500,0.417,0.000,0.583
332000,0.480,0.000,0.520
332500,0.249,0.000,0.751
333000,0.393,0.000,0.607
333500,0.228,0.000,0.772
334000,0.421,0.000,0.579
334500,0.489,0.000,0.511
335000,0.264,0.000,0.736
335500,0.404,0.000,0.596
336000,0.381,0.000,0.619
336500,0.299,0.000,0.701
337000,0.424,0.000,0.576
337500,0.430,0.000,0.570
338000,0.350,0.000,0.650
338500,0.478,0.000,0.522
339000,0.362,0.000,0.638
339500,0.370,0.000,0.630
340000,0.600,0.000,0.400
340500,0.426,0.000,0.574
341000,0.330,0.000,0.670
341500,0.419,0.000,0.581
342000,0.567,0.000,0.433
342500,0.328,0.000,0.672
343000,0.361,0.000,0.639
343500,0.478,0.000,0.522
344000,0.421,0.000,0.579
344500,0.431,0.000,0.569
345000,0.507,0.000,0.493
345500,0.275,0.000,0.725
346000,0.372,0.000,0.628
346500,0.576,0.000,0.424
347000,0.316,0.000,0.684
347500,0.255,0.000,0.745
348000,0.347,0.000,0.653
348500,0.540,0.000,0.460
349000,0.529,0.000,0.471
349500,0.322,0.000,0.678
350000,0.294,0.000,0.706
350500,0.402,0.000,0.598
351000,0.428,0.000,0.572
351500,0.416,0.000,0.584
352000,0.360,0.000,0.640
352500,0.436,0.000,0.564
353000,0.385,0.000,0.615
353500,0.539,0.000,0.461
354000,0.640,0.000,0.360
354500,0.354,0.000,0.646
355000,0.343,0.000,0.657
355500,0.420,0.000,0.580
356000,0.312,0.000,0.688
356500,0.407,0.000,0.593
357000,0.501,0.000,0.499
357500,0.330,0.000,0.670
358000,0.274,0.000,0.726
358500,0.423,0.000,0.577
359000,0.383,0.000,0.617
359500,0.439,0.000,0.561
360000,0.370,0.000,0.630
360500,0.385,0.000,0.615
361000,0.221,0.000,0.779
361500,0.386,0.000,0.614
362000,0.407,0.000,0.593
362500,0.444,0.000,0.556
363000,0.302,0.000,0.698
363500,0.448,0.000,0.552
364000,0.465,0.000,0.535
364500,0.573,0.000,0.427
365000,0.434,0.000,0.566
365500,0.280,0.000,0.720
366000,0.489,0.000,0.511
366500,0.305,0.000,0.695
367000,0.420,0.000,0.580
367500,0.302,0.000,0.698
368000,0.457,0.000,0.543
368500,0.331,0.000,0.669
369000,0.332,0.000,0.668
369500,0.327,0.000,0.673
370000,0.406,0.000,0.594
370500,0.418,0.000,0.582
371000,0.435,0.000,0.565
371500,0.393,0.000,0.607
372000,0.476,0.000,0.524
372500,0.548,0.000,0.452
373000,0.267,0.000,0.733
373500,0.298,0.000,0.702
374000,0.427,0.000,0.573
374500,0.439,0.000,0.561
375000,0.213,0.000,0.787
375500,0.288,0.000,0.712
376000,0.318,0.000,0.682
376500,0.365,0.000,0.635
377000,0.279,0.000,0.721
377500,0.487,0.000,0.513
378000,0.465,0.000,0.535
378500,0.386,0.000,0.614
379000,0.447,0.000,0.553
379500,0.467,0.000,0.533
380000,0.495,0.000,0.505
380500,0.322,0.000,0.678
381000,0.345,0.000,0.655
381500,0.366,0.000,0.634
382000,0.512,0.000,0.488
382500,0.435,0.000,0.565
383000,0.253,0.000,0.747
383500,0.406,0.000,0.594
384000,0.355,0.000,0.645
384500,0.275,0.000,0.725
385000,0.492,0.000,0.508
385500,0.441,0.000,0.559
386000,0.313,0.000,0.687
386500,0.314,0.000,0.686
387000,0.448,0.000,0.552
387500,0.303,0.000,0.697
388000,0.341,0.000,0.659
388500,0.429,0.000,0.571
389000,0.527,0.000,0.473
389500,0.435,0.000,0.565
390000,0.486,0.000,0.514
390500,0.378,0.000,0.622
391000,0.360,0.000,0.640
391500,0.348,0.000,0.652
392000,0.289,0.000,0.711
392500,0.523,0.000,0.477
393000,0.354,0.000,0.646
393500,0.342,0.000,0.658
394000,0.351,0.000,0.649
394500,0.343,0.000,0.657
395000,0.452,0.000,0.548
395500,0.345,0.000,0.655
396000,0.649,0.000,0.351
396500,0.486,0.000,0.514
397000,0.501,0.000,0.499
397500,0.403,0.000,0.597
398000,0.298,0.000,0.702
398500,0.420,0.000,0.580
399000,0.336,0.000,0.664
399500,0.417,0.000,0.583
400000,0.401,0.000,0.599
400500,0.321,0.000,0.679
401000,0.277,0.000,0.723
401500,0.255,0.000,0.745
402000,0.521,0.000,0.479
402500,0.540,0.000,0.460
403000,0.332,0.000,0.668
403500,0.363,0.000,0.637
404000,0.456,0.000,0.544
404500,0.241,0.000,0.759
405000,0.436,0.000,0.564
405500,0.359,0.000,0.641
406000,0.257,0.000,0.743
406500,0.366,0.000,0.634
407000,0.375,0.000,0.625
407500,0.351,0.000,0.649
408000,0.374,0.000,0.626
408500,0.441,0.000,0.559
409000,0.270,0.000,0.730
409500,0.450,0.000,0.550
410000,0.312,0.000,0.688
410500,0.442,0.000,0.558
411000,0.476,0.000,0.524
411500,0.582,0.000,0.418
412000,0.556,0.000,0.444
412500,0.417,0.000,0.583
413000,0.393,0.000,0.607
413500,0.294,0.000,0.706
414000,0.435,0.000,0.565
414500,0.351,0.000,0.649
415000,0.508,0.000,0.492
415500,0.494,0.000,0.506
416000,0.559,0.000,0.441
416500,0.453,0.000,0.547
417000,0.633,0.000,0.367
417500,0.282,0.000,0.718
418000,0.343,0.000,0.657
418500,0.440,0.000,0.560
419000,0.456,0.000,0.544
419500,0.367,0.000,0.633
420000,0.518,0.000,0.482
420500,0.341,0.000,0.659
421000,0.277,0.000,0.723
421500,0.384,0.000,0.616
422000,0.380,0.000,0.620
422500,0.410,0.000,0.590
423000,0.310,0.000,0.690
423500,0.426,0.000,0.574
424000,0.521,0.000,0.479
424500,0.282,0.000,0.718
425000,0.376,0.000,0.624
425500,0.397,0.000,0.603
426000,0.278,0.000,0.722
426500,0.527,0.000,0.473
427000,0.305,0.000,0.695
427500,0.424,0.000,0.576
428000,0.581,0.000,0.419
428500,0.517,0.000,0.483
429000,0.545,0.000,0.455
429500,0.495,0.000,0.505
430000,0.363,0.000,0.637
430500,0.334,0.000,0.666
431000,0.450,0.000,0.550
431500,0.347,0.000,0.653
432000,0.461,0.000,0.539
432500,0.497,0.000,0.503
433000,0.251,0.000,0.749
433500,0.398,0.000,0.602
434000,0.282,0.000,0.718
434500,0.522,0.000,0.478
435000,0.341,0.000,0.659
435500,0.407,0.000,0.593
436000,0.513,0.000,0.487
436500,0.358,0.000,0.642
437000,0.275,0.000,0.725
437500,0.382,0.000,0.618
438000,0.463,0.000,0.537
438500,0.372,0.000,0.628
439000,0.287,0.000,0.713
439500,0.477,0.000,0.523
440000,0.420,0.000,0.580
440500,0.409,0.000,0.591
441000,0.292,0.000,0.708
441500,0.265,0.000,0.735
442000,0.534,0.000,0.466
442500,0.382,0.000,0.618
443000,0.458,0.000,0.542
443500,0.309,0.000,0.691
444000,0.493,0.000,0.507
444500,0.358,0.000,0.642
445000,0.468,0.000,0.532
445500,0.419,0.000,0.581
446000,0.417,0.000,0.583
446500,0.421,0.000,0.579
447000,0.393,0.000,0.607
447500,0.455,0.000,0.545
448000,0.365,0.000,0.635
448500,0.402,0.000,0.598
449000,0.388,0.000,0.612
449500,0.452,0.000,0.548
450000,0.418,0.000,0.582
450500,0.259,0.000,0.741
451000,0.338,0.000,0.662
451500,0.415,0.000,0.585
452000,0.617,0.000,0.383
452500,0.332,0.000,0.668
453000,0.423,0.000,0.577
453500,0.340,0.000,0.660
454000,0.345,0.000,0.655
454500,0.430,0.000,0.570
455000,0.256,0.000,0.744
455500,0.600,0.000,0.400
456000,0.401,0.000,0.599
456500,0.217,0.000,0.783
457000,0.398,0.000,0.602
457500,0.435,0.000,0.565
458000,0.422,0.000,0.578
458500,0.309,0.000,0.691
459000,0.455,0.000,0.545
459500,0.311,0.000,0.689
460000,0.492,0.000,0.508
460500,0.281,0.000,0.719
461000,0.341,0.000,0.659
461500,0.359,0.000,0.641
462000,0.452,0.000,0.548
462500,0.341,0.000,0.659
463000,0.227,0.000,0.773
463500,0.303,0.000,0.697
464000,0.221,0.000,0.779
464500,0.418,0.000,0.582
465000,0.476,0.000,0.524
465500,0.405,0.000,0.595
466000,0.329,0.000,0.671
466500,0.202,0.000,0.798
467000,0.504,0.000,0.496
467500,0.442,0.000,0.558
468000,0.505,0.000,0.495
468500,0.492,0.000,0.508
469000,0.276,0.000,0.724
469500,0.351,0.000,0.649
470000,0.508,0.000,0.492
470500,0.316,0.000,0.684
471000,0.349,0.000,0.651
471500,0.564,0.000,0.436
472000,0.268,0.000,0.732
472500,0.452,0.000,0.548
473000,0.538,0.000,0.462
473500,0.345,0.000,0.655
474000,0.567,0.000,0.433
474500,0.335,0.000,0.665
475000,0.483,0.000,0.517
475500,0.398,0.000,0.602
476000,0.396,0.000,0.604
476500,0.402,0.000,0.598
477000,0.455,0.000,0.545
477500,0.513,0.000,0.487
478000,0.459,0.000,0.541
478500,0.470,0.000,0.530
479000,0.414,0.000,0.586
479500,0.384,0.000,0.616
480000,0.323,0.000,0.677
480500,0.328,0.000,0.672
481000,0.480,0.000,0.520
481500,0.438,0.000,0.562
482000,0.331,0.000,0.669
482500,0.422,0.000,0.578
483000,0.382,0.000,0.618
483500,0.328,0.000,0.672
484000,0.334,0.000,0.666
484500,0.635,0.000,0.365
485000,0.296,0.000,0.704
485500,0.496,0.000,0.504
486000,0.434,0.000,0.566
486500,0.478,0.000,0.522
487000,0.723,0.000,0.277
487500,0.506,0.000,0.494
488000,0.538,0.000,0.462
488500,0.356,0.000,0.644
489000,0.463,0.000,0.537
489500,0.535,0.000,0.465
490000,0.260,0.000,0.740
490500,0.391,0.000,0.609
491000,0.275,0.000,0.725
491500,0.407,0.000,0.593
492000,0.419,0.000,0.581
492500,0.437,0.000,0.563
493000,0.260,0.000,0.740
493500,0.487,0.000,0.513
494000,0.280,0.000,0.720
494500,0.463,0.000,0.537
495000,0.279,0.000,0.721
495500,0.324,0.000,0.676
496000,0.488,0.000,0.512
496500,0.368,0.000,0.632
497000,0.427,0.000,0.573
497500,0.530,0.000,0.470
498000,0.451,0.000,0.549
498500,0.305,0.000,0.695
499000,0.385,0.000,0.615
499500,0.302,0.000,0.698
500000,0.235,0.000,0.765
500500,0.305,0.000,0.695
501000,0.430,0.000,0.570
501500,0.356,0.000,0.644
502000,0.433,0.000,0.567
502500,0.310,0.000,0.690
503000,0.540,0.000,0.460
503500,0.418,0.000,0.582
504000,0.391,0.000,0.609
504500,0.409,0.000,0.591
505000,0.501,0.000,0.499
505500,0.462,0.000,0.538
506000,0.576,0.000,0.424
506500,0.454,0.000,0.546
507000,0.413,0.000,0.587
507500,0.485,0.000,0.515
508000,0.327,0.000,0.673
508500,0.345,0.000,0.655
509000,0.350,0.000,0.650
509500,0.335,0.000,0.665
510000,0.429,0.000,0.571
510500,0.508,0.000,0.492
511000,0.373,0.000,0.627
511500,0.238,0.000,0.762
512000,0.296,0.000,0.704
512500,0.352,0.000,0.648
513000,0.377,0.000,0.623
513500,0.327,0.000,0.673
514000,0.495,0.000,0.505
514500,0.411,0.000,0.589
515000,0.333,0.000,0.667
515500,0.424,0.000,0.576
516000,0.271,0.000,0.729
516500,0.366,0.000,0.634
517000,0.569,0.000,0.431
517500,0.526,0.000,0.474
518000,0.530,0.000,0.470
518500,0.287,0.000,0.713
519000,0.347,0.000,0.653
519500,0.540,0.000,0.460
520000,0.228,0.000,0.772
520500,0.340,0.000,0.660
521000,0.291,0.000,0.709
521500,0.401,0.000,0.599
522000,0.376,0.000,0.624
522500,0.354,0.000,0.646
523000,0.474,0.000,0.526
523500,0.365,0.000,0.635
524000,0.390,0.000,0.610
524500,0.338,0.000,0.662
525000,0.574,0.000,0.426
525500,0.368,0.000,0.632
526000,0.379,0.000,0.621
526500,0.504,0.000,0.496
527000,0.494,0.000,0.506
527500,0.529,0.000,0.471
528000,0.307,0.000,0.693
528500,0.329,0.000,0.671
529000,0.260,0.000,0.740
529500,0.328,0.000,0.672
530000,0.408,0.000,0.592
530500,0.412,0.000,0.588
531000,0.680,0.000,0.320
531500,0.424,0.000,0.576
532000,0.405,0.000,0.595
532500,0.575,0.000,0.425
533000,0.349,0.000,0.651
533500,0.456,0.000,0.544
534000,0.557,0.000,0.443
534500,0.480,0.000,0.520
535000,0.386,0.000,0.614
535500,0.321,0.000,0.679
536000,0.552,0.000,0.448
536500,0.337,0.000,0.663
537000,0.462,0.000,0.538
537500,0.482,0.000,0.518
538000,0.722,0.000,0.278
538500,0.571,0.000,0.429
539000,0.543,0.000,0.457
539500,0.587,0.000,0.413
540000,0.256,0.000,0.744
540500,0.427,0.000,0.573
541000,0.314,0.000,0.686
541500,0.332,0.000,0.668
542000,0.228,0.000,0.772
542500,0.497,0.000,0.503
543000,0.408,0.000,0.592
543500,0.460,0.000,0.540
544000,0.499,0.000,0.501
544500,0.513,0.000,0.487
545000,0.588,0.000,0.412
545500,0.293,0.000,0.707
546000,0.327,0.000,0.673
546500,0.600,0.000,0.400
547000,0.218,0.000,0.782
547500,0.389,0.000,0.611
548000,0.573,0.000,0.427
548500,0.319,0.000,0.681
549000,0.568,0.000,0.432
549500,0.503,0.000,0.497
550000,0.794,0.000,0.206
550500,0.329,0.000,0.671
551000,0.276,0.000,0.724
551500,0.340,0.000,0.660
552000,0.327,0.000,0.673
552500,0.393,0.000,0.607
553000,0.292,0.000,0.708
553500,0.464,0.000,0.536
554000,0.500,0.000,0.500
554500,0.418,0.000,0.582
555000,0.427,0.000,0.573
555500,0.442,0.000,0.558
556000,0.391,0.000,0.609
556500,0.359,0.000,0.641
557000,0.271,0.000,0.729
557500,0.297,0.000,0.703
558000,0.411,0.000,0.589
558500,0.260,0.000,0.740
559000,0.250,0.000,0.750
559500,0.278,0.000,0.722
560000,0.373,0.000,0.627
560500,0.479,0.000,0.521
561000,0.441,0.000,0.559
561500,0.285,0.000,0.715
562000,0.403,0.000,0.597
562500,0.478,0.000,0.522
563000,0.378,0.000,0.622
563500,0.393,0.000,0.607
564000,0.570,0.000,0.430
564500,0.417,0.000,0.583
565000,0.451,0.000,0.549
565500,0.354,0.000,0.646
566000,0.326,0.000,0.674
566500,0.313,0.000,0.687
567000,0.440,0.000,0.560
567500,0.326,0.000,0.674
568000,0.424,0.000,0.576
568500,0.332,0.000,0.668
569000,0.438,0.000,0.562
569500,0.521,0.000,0.479
570000,0.328,0.000,0.672
570500,0.424,0.000,0.576
571000,0.587,0.000,0.413
571500,0.267,0.000,0.733
572000,0.525,0.000,0.475
572500,0.358,0.000,0.642
573000,0.393,0.000,0.607
573500,0.476,0.000,0.524
574000,0.401,0.000,0.599
574500,0.332,0.000,0.668
575000,0.307,0.000,0.693
575500,0.389,0.000,0.611
576000,0.368,0.000,0.632
576500,0.565,0.000,0.435
577000,0.581,0.000,0.419
577500,0.390,0.000,0.610
578000,0.463,0.000,0.537
578500,0.453,0.000,0.547
579000,0.479,0.000,0.521
579500,0.244,0.000,0.756
580000,0.338,0.000,0.662
580500,0.638,0.000,0.362
581000,0.335,0.000,0.665
581500,0.338,0.000,0.662
582000,0.433,0.000,0.567
582500,0.594,0.000,0.406
583000,0.323,0.000,0.677
583500,0.415,0.000,0.585
584000,0.352,0.000,0.648
584500,0.405,0.000,0.595
585000,0.525,0.000,0.475
585500,0.494,0.000,0.506
586000,0.314,0.000,0.686
586500,0.455,0.000,0.545
587000,0.551,0.000,0.449
587500,0.466,0.000,0.534
588000,0.346,0.000,0.654
588500,0.515,0.000,0.485
589000,0.345,0.000,0.655
589500,0.237,0.000,0.763
590000,0.277,0.000,0.723
590500,0.422,0.000,0.578
591000,0.483,0.000,0.517
591500,0.308,0.000,0.692
592000,0.471,0.000,0.529
592500,0.408,0.000,0.592
593000,0.503,0.000,0.497
593500,0.271,0.000,0.729
594000,0.462,0.000,0.538
594500,0.250,0.000,0.750
595000,0.287,0.000,0.713
595500,0.332,0.000,0.668
596000,0.343,0.000,0.657
596500,0.352,0.000,0.648
597000,0.517,0.000,0.483
597500,0.372,0.000,0.628
598000,0.411,0.000,0.589
598500,0.512,0.000,0.488
599000,0.262,0.000,0.738
599500,0.346,0.000,0.654
600000,0.466,0.000,0.534
600500,0.400,0.000,0.600
601000,0.584,0.000,0.416
601500,0.354,0.000,0.646
602000,0.488,0.000,0.512
602500,0.397,0.000,0.603
603000,0.261,0.000,0.739
603500,0.322,0.000,0.678
604000,0.461,0.000,0.539
604500,0.192,0.000,0.808
605000,0.360,0.000,0.640
605500,0.411,0.000,0.589
606000,0.302,0.000,0.698
606500,0.442,0.000,0.558
607000,0.244,0.000,0.756
607500,0.283,0.000,0.717
608000,0.217,0.000,0.783
608500,0.477,0.000,0.523
609000,0.299,0.000,0.701
609500,0.397,0.000,0.603
610000,0.403,0.000,0.597
610500,0.517,0.000,0.483
611000,0.494,0.000,0.506
611500,0.544,0.000,0.456
612000,0.439,0.000,0.561
612500,0.196,0.000,0.804
613000,0.563,0.000,0.437
613500,0.411,0.000,0.589
614000,0.298,0.000,0.702
614500,0.543,0.000,0.457
615000,0.343,0.000,0.657
615500,0.422,0.000,0.578
616000,0.267,0.000,0.733
616500,0.562,0.000,0.438
617000,0.323,0.000,0.677
617500,0.431,0.000,0.569
618000,0.443,0.000,0.557
618500,0.321,0.000,0.679
619000,0.499,0.000,0.501
619500,0.449,0.000,0.551
620000,0.366,0.000,0.634
620500,0.470,0.000,0.530
621000,0.331,0.000,0.669
621500,0.500,0.000,0.500
622000,0.426,0.000,0.574
622500,0.527,0.000,0.473
623000,0.332,0.000,0.668
623500,0.393,0.000,0.607
624000,0.561,0.000,0.439
624500,0.367,0.000,0.633
625000,0.447,0.000,0.553
625500,0.305,0.000,0.695
626000,0.302,0.000,0.698
626500,0.618,0.000,0.382
627000,0.327,0.000,0.673
627500,0.450,0.000,0.550
628000,0.347,0.000,0.653
628500,0.510,0.000,0.490
629000,0.345,0.000,0.655
629500,0.380,0.000,0.620
630000,0.304,0.000,0.696
630500,0.369,0.000,0.631
631000,0.332,0.000,0.668
631500,0.511,0.000,0.489
632000,0.296,0.000,0.704
632500,0.586,0.000,0.414
633000,0.342,0.000,0.658
633500,0.301,0.000,0.699
634000,0.321,0.000,0.679
634500,0.215,0.000,0.785
635000,0.337,0.000,0.663
635500,0.347,0.000,0.653
636000,0.577,0.000,0.423
636500,0.476,0.000,0.524
637000,0.377,0.000,0.623
637500,0.208,0.000,0.792
638000,0.220,0.000,0.780
638500,0.414,0.000,0.586
639000,0.343,0.000,0.657
639500,0.381,0.000,0.619
640000,0.262,0.000,0.738
640500,0.520,0.000,0.480
641000,0.489,0.000,0.511
641500,0.313,0.000,0.687
642000,0.417,0.000,0.583
642500,0.391,0.000,0.609
643000,0.461,0.000,0.539
643500,0.448,0.000,0.552
644000,0.489,0.000,0.511
644500,0.380,0.000,0.620
645000,0.466,0.000,0.534
645500,0.642,0.000,0.358
646000,0.420,0.000,0.580
646500,0.342,0.000,0.658
647000,0.338,0.000,0.662
647500,0.307,0.000,0.693
648000,0.434,0.000,0.566
648500,0.320,0.000,0.680
649000,0.446,0.000,0.554
649500,0.305,0.000,0.695
650000,0.321,0.000,0.679
650500,0.394,0.000,0.606
651000,0.475,0.000,0.525
651500,0.273,0.000,0.727
652000,0.419,0.000,0.581
652500,0.539,0.000,0.461
653000,0.474,0.000,0.526
653500,0.275,0.000,0.725
654000,0.405,0.000,0.595
654500,0.450,0.000,0.550
655000,0.408,0.000,0.592
655500,0.236,0.000,0.764
656000,0.348,0.000,0.652
656500,0.452,0.000,0.548
657000,0.537,0.000,0.463
657500,0.413,0.000,0.587
658000,0.356,0.000,0.644
658500,0.644,0.000,0.356
659000,0.410,0.000,0.590
659500,0.373,0.000,0.627
660000,0.249,0.000,0.751
660500,0.329,0.000,0.671
661000,0.120,0.000,0.880
661500,0.281,0.000,0.719
662000,0.314,0.000,0.686
662500,0.415,0.000,0.585
663000,0.399,0.000,0.601
663500,0.424,0.000,0.576
664000,0.331,0.000,0.669
664500,0.351,0.000,0.649
665000,0.277,0.000,0.723
665500,0.467,0.000,0.533
666000,0.493,0.000,0.507
666500,0.403,0.000,0.597
667000,0.398,0.000,0.602
667500,0.445,0.000,0.555
668000,0.482,0.000,0.518
668500,0.359,0.000,0.641
669000,0.409,0.000,0.591
669500,0.402,0.000,0.598
670000,0.538,0.000,0.462
670500,0.337,0.000,0.663
671000,0.260,0.000,0.740
671500,0.371,0.000,0.629
672000,0.328,0.000,0.672
672500,0.513,0.000,0.487
673000,0.472,0.000,0.528
673500,0.322,0.000,0.678
674000,0.500,0.000,0.500
674500,0.228,0.000,0.772
675000,0.368,0.000,0.632
675500,0.431,0.000,0.569
676000,0.460,0.000,0.540
676500,0.396,0.000,0.604
677000,0.382,0.000,0.618
677500,0.365,0.000,0.635
678000,0.407,0.000,0.593
678500,0.486,0.000,0.514
679000,0.294,0.000,0.706
679500,0.250,0.000,0.750
680000,0.596,0.000,0.404
680500,0.479,0.000,0.521
681000,0.540,0.000,0.460
681500,0.386,0.000,0.614
682000,0.637,0.000,0.363
682500,0.442,0.000,0.558
683000,0.378,0.000,0.622
683500,0.309,0.000,0.691
684000,0.561,0.000,0.439
684500,0.245,0.000,0.755
685000,0.508,0.000,0.492
685500,0.330,0.000,0.670
686000,0.384,0.000,0.616
686500,0.521,0.000,0.479
687000,0.384,0.000,0.616
687500,0.377,0.000,0.623
688000,0.416,0.000,0.584
688500,0.421,0.000,0.579
689000,0.377,0.000,0.623
689500,0.321,0.000,0.679
690000,0.312,0.000,0.688
690500,0.386,0.000,0.614
691000,0.407,0.000,0.593
691500,0.331,0.000,0.669
692000,0.279,0.000,0.721
692500,0.468,0.000,0.532
693000,0.217,0.000,0.783
693500,0.438,0.000,0.562
694000,0.305,0.000,0.695
694500,0.430,0.000,0.570
695000,0.358,0.000,0.642
695500,0.396,0.000,0.604
696000,0.297,0.000,0.703
696500,0.196,0.000,0.804
697000,0.457,0.000,0.543
697500,0.488,0.000,0.512
698000,0.319,0.000,0.681
698500,0.550,0.000,0.450
699000,0.425,0.000,0.575
699500,0.260,0.000,0.740
700000,0.305,0.000,0.695
700500,0.198,0.000,0.802
701000,0.342,0.000,0.658
701500,0.449,0.000,0.551
702000,0.408,0.000,0.592
702500,0.474,0.000,0.526
703000,0.295,0.000,0.705
703500,0.441,0.000,0.559
704000,0.300,0.000,0.700
704500,0.375,0.000,0.625
705000,0.323,0.000,0.677
705500,0.297,0.000,0.703
706000,0.350,0.000,0.650
706500,0.345,0.000,0.655
707000,0.214,0.000,0.786
707500,0.408,0.000,0.592
708000,0.533,0.000,0.467
708500,0.475,0.000,0.525
709000,0.446,0.000,0.554
709500,0.466,0.000,0.534
710000,0.408,0.000,0.592
710500,0.500,0.000,0.500
711000,0.441,0.000,0.559
711500,0.443,0.000,0.557
712000,0.507,0.000,0.493
712500,0.332,0.000,0.668
713000,0.202,0.000,0.798
713500,0.489,0.000,0.511
714000,0.276,0.000,0.724
714500,0.495,0.000,0.505
715000,0.378,0.000,0.622
715500,0.343,0.000,0.657
716000,0.334,0.000,0.666
716500,0.447,0.000,0.553
717000,0.377,0.000,0.623
717500,0.307,0.000,0.693
718000,0.194,0.000,0.806
718500,0.387,0.000,0.613
719000,0.419,0.000,0.581
719500,0.361,0.000,0.639
720000,0.603,0.000,0.397
720500,0.478,0.000,0.522
721000,0.414,0.000,0.586
721500,0.544,0.000,0.456
722000,0.291,0.000,0.709
722500,0.384,0.000,0.616
723000,0.256,0.000,0.744
723500,0.233,0.000,0.767
724000,0.448,0.000,0.552
724500,0.303,0.000,0.697
725000,0.511,0.000,0.489
725500,0.410,0.000,0.590
726000,0.361,0.000,0.639
726500,0.263,0.000,0.737
727000,0.405,0.000,0.595
727500,0.389,0.000,0.611
728000,0.410,0.000,0.590
728500,0.472,0.000,0.528
729000,0.479,0.000,0.521
729500,0.508,0.000,0.492
730000,0.300,0.000,0.700
730500,0.338,0.000,0.662
731000,0.576,0.000,0.424
731500,0.451,0.000,0.549
732000,0.624,0.000,0.376
732500,0.346,0.000,0.654
733000,0.687,0.000,0.313
733500,0.509,0.000,0.491
734000,0.462,0.000,0.538
734500,0.423,0.000,0.577
735000,0.288,0.000,0.712
735500,0.322,0.000,0.678
736000,0.321,0.000,0.679
736500,0.382,0.000,0.618
737000,0.317,0.000,0.683
737500,0.354,0.000,0.646
738000,0.424,0.000,0.576
738500,0.298,0.000,0.702
739000,0.431,0.000,0.569
739500,0.334,0.000,0.666
740000,0.344,0.000,0.656
740500,0.419,0.000,0.581
741000,0.394,0.000,0.606
741500,0.381,0.000,0.619
742000,0.435,0.000,0.565
742500,0.455,0.000,0.545
743000,0.425,0.000,0.575
743500,0.315,0.000,0.685
744000,0.326,0.000,0.674
744500,0.538,0.000,0.462
745000,0.368,0.000,0.632
745500,0.363,0.000,0.637
746000,0.372,0.000,0.628
746500,0.175,0.000,0.825
747000,0.349,0.000,0.651
747500,0.477,0.000,0.523
748000,0.430,0.000,0.570
748500,0.290,0.000,0.710
749000,0.557,0.000,0.443
749500,0.355,0.000,0.645
750000,0.449,0.000,0.551
750500,0.469,0.000,0.531
751000,0.385,0.000,0.615
751500,0.293,0.000,0.707
752000,0.442,0.000,0.558
752500,0.282,0.000,0.718
753000,0.376,0.000,0.624
753500,0.360,0.000,0.640
754000,0.351,0.000,0.649
754500,0.401,0.000,0.599
755000,0.295,0.000,0.705
755500,0.359,0.000,0.641
756000,0.346,0.000,0.654
756500,0.316,0.000,0.684
757000,0.411,0.000,0.589
757500,0.433,0.000,0.567
758000,0.413,0.000,0.587
758500,0.436,0.000,0.564
759000,0.450,0.000,0.550
759500,0.393,0.000,0.607
760000,0.386,0.000,0.614
760500,0.487,0.000,0.513
761000,0.319,0.000,0.681
761500,0.307,0.000,0.693
762000,0.429,0.000,0.571
762500,0.400,0.000,0.600
763000,0.324,0.000,0.676
763500,0.433,0.000,0.567
764000,0.191,0.000,0.809
764500,0.406,0.000,0.594
765000,0.455,0.000,0.545
765500,0.415,0.000,0.585
766000,0.258,0.000,0.742
766500,0.588,0.000,0.412
767000,0.438,0.000,0.562
767500,0.573,0.000,0.427
768000,0.373,0.000,0.627
768500,0.457,0.000,0.543
769000,0.414,0.000,0.586
769500,0.429,0.000,0.571
770000,0.464,0.000,0.536
770500,0.449,0.000,0.551
771000,0.261,0.000,0.739
771500,0.359,0.000,0.641
772000,0.696,0.000,0.304
772500,0.462,0.000,0.538
773000,0.511,0.000,0.489
773500,0.501,0.000,0.499
774000,0.388,0.000,0.612
774500,0.354,0.000,0.646
775000,0.333,0.000,0.667
775500,0.357,0.000,0.643
776000,0.431,0.000,0.569
776500,0.419,0.000,0.581
777000,0.419,0.000,0.581
777500,0.283,0.000,0.717
778000,0.392,0.000,0.608
778500,0.371,0.000,0.629
779000,0.295,0.000,0.705
779500,0.415,0.000,0.585
780000,0.303,0.000,0.697
780500,0.282,0.000,0.718
781000,0.343,0.000,0.657
781500,0.381,0.000,0.619
782000,0.429,0.000,0.571
782500,0.577,0.000,0.423
783000,0.544,0.000,0.456
783500,0.402,0.000,0.598
784000,0.375,0.000,0.625
784500,0.243,0.000,0.757
785000,0.362,0.000,0.638
785500,0.317,0.000,0.683
786000,0.526,0.000,0.474
786500,0.359,0.000,0.641
787000,0.238,0.000,0.762
787500,0.615,0.000,0.385
788000,0.446,0.000,0.554
788500,0.346,0.000,0.654
789000,0.378,0.000,0.622
789500,0.379,0.000,0.621
790000,0.344,0.000,0.656
790500,0.298,0.000,0.702
791000,0.308,0.000,0.692
791500,0.339,0.000,0.661
792000,0.491,0.000,0.509
792500,0.514,0.000,0.486
793000,0.384,0.000,0.616
793500,0.463,0.000,0.537
794000,0.511,0.000,0.489
794500,0.344,0.000,0.656
795000,0.375,0.000,0.625
795500,0.468,0.000,0.532
796000,0.559,0.000,0.441
796500,0.386,0.000,0.614
797000,0.378,0.000,0.622
797500,0.518,0.000,0.482
798000,0.337,0.000,0.663
798500,0.474,0.000,0.526
799000,0.464,0.000,0.536
799500,0.398,0.000,0.602
800000,0.660,0.000,0.340
800500,0.481,0.000,0.519
801000,0.360,0.000,0.640
801500,0.389,0.000,0.611
802000,0.408,0.000,0.592
802500,0.560,0.000,0.440
803000,0.274,0.000,0.726
803500,0.333,0.000,0.667
804000,0.491,0.000,0.509
804500,0.329,0.000,0.671
805000,0.316,0.000,0.684
805500,0.321,0.000,0.679
806000,0.450,0.000,0.550
806500,0.284,0.000,0.716
807000,0.349,0.000,0.651
807500,0.527,0.000,0.473
808000,0.582,0.000,0.418
808500,0.282,0.000,0.718
809000,0.382,0.000,0.618
809500,0.334,0.000,0.666
810000,0.446,0.000,0.554
810500,0.254,0.000,0.746
811000,0.436,0.000,0.564
811500,0.324,0.000,0.676
812000,0.521,0.000,0.479
812500,0.420,0.000,0.580
813000,0.336,0.000,0.664
813500,0.433,0.000,0.567
814000,0.352,0.000,0.648
814500,0.490,0.000,0.510
815000,0.375,0.000,0.625
815500,0.387,0.000,0.613
816000,0.427,0.000,0.573
816500,0.396,0.000,0.604
817000,0.365,0.000,0.635
817500,0.404,0.000,0.596
818000,0.292,0.000,0.708
818500,0.373,0.000,0.627
819000,0.393,0.000,0.607
819500,0.435,0.000,0.565
820000,0.405,0.000,0.595
820500,0.365,0.000,0.635
821000,0.397,0.000,0.603
821500,0.327,0.000,0.673
822000,0.449,0.000,0.551
822500,0.474,0.000,0.526
823000,0.375,0.000,0.625
823500,0.355,0.000,0.645
824000,0.294,0.000,0.706
824500,0.399,0.000,0.601
825000,0.392,0.000,0.608
825500,0.314,0.000,0.686
826000,0.460,0.000,0.540
826500,0.399,0.000,0.601
827000,0.419,0.000,0.581
827500,0.299,0.000,0.701
828000,0.342,0.000,0.658
828500,0.440,0.000,0.560
829000,0.461,0.000,0.539
829500,0.589,0.000,0.411
830000,0.422,0.000,0.578
830500,0.468,0.000,0.532
831000,0.365,0.000,0.635
831500,0.295,0.000,0.705
832000,0.556,0.000,0.444
832500,0.328,0.000,0.672
833000,0.627,0.000,0.373
833500,0.638,0.000,0.362
834000,0.509,0.000,0.491
834500,0.482,0.000,0.518
835000,0.431,0.000,0.569
835500,0.366,0.000,0.634
836000,0.504,0.000,0.496
836500,0.250,0.000,0.750
837000,0.458,0.000,0.542
837500,0.312,0.000,0.688
838000,0.488,0.000,0.512
838500,0.637,0.000,0.363
839000,0.271,0.000,0.729
839500,0.306,0.000,0.694
840000,0.290,0.000,0.710
840500,0.438,0.000,0.562
841000,0.613,0.000,0.387
841500,0.219,0.000,0.781
842000,0.381,0.000,0.619
842500,0.369,0.000,0.631
843000,0.397,0.000,0.603
843500,0.414,0.000,0.586
844000,0.298,0.000,0.702
844500,0.393,0.000,0.607
845000,0.362,0.000,0.638
845500,0.382,0.000,0.618
846000,0.606,0.000,0.394
846500,0.386,0.000,0.614
847000,0.371,0.000,0.629
847500,0.311,0.000,0.689
848000,0.372,0.000,0.628
848500,0.427,0.000,0.573
849000,0.342,0.000,0.658
849500,0.399,0.000,0.601
850000,0.517,0.000,0.483
850500,0.332,0.000,0.668
851000,0.359,0.000,0.641
851500,0.411,0.000,0.589
852000,0.312,0.000,0.688
852500,0.340,0.000,0.660
853000,0.308,0.000,0.692
853500,0.511,0.000,0.489
854000,0.527,0.000,0.473
854500,0.450,0.000,0.550
855000,0.294,0.000,0.706
855500,0.476,0.000,0.524
856000,0.378,0.000,0.622
856500,0.402,0.000,0.598
857000,0.402,0.000,0.598
857500,0.526,0.000,0.474
858000,0.408,0.000,0.592
858500,0.411,0.000,0.589
859000,0.368,0.000,0.632
859500,0.393,0.000,0.607
860000,0.524,0.000,0.476
860500,0.375,0.000,0.625
861000,0.457,0.000,0.543
861500,0.402,0.000,0.598
862000,0.484,0.000,0.516
862500,0.476,0.000,0.524
863000,0.406,0.000,0.594
863500,0.559,0.000,0.441
864000,0.412,0.000,0.588
864500,0.286,0.000,0.714
865000,0.511,0.000,0.489
865500,0.348,0.000,0.652
866000,0.500,0.000,0.500
866500,0.482,0.000,0.518
867000,0.431,0.000,0.569
867500,0.165,0.000,0.835
868000,0.437,0.000,0.563
868500,0.377,0.000,0.623
869000,0.348,0.000,0.652
869500,0.351,0.000,0.649
870000,0.356,0.000,0.644
870500,0.291,0.000,0.709
871000,0.381,0.000,0.619
871500,0.367,0.000,0.633
872000,0.524,0.000,0.476
872500,0.433,0.000,0.567
873000,0.419,0.000,0.581
873500,0.419,0.000,0.581
874000,0.332,0.000,0.668
874500,0.280,0.000,0.720
875000,0.324,0.000,0.676
875500,0.367,0.000,0.633
876000,0.353,0.000,0.647
876500,0.365,0.000,0.635
877000,0.318,0.000,0.682
877500,0.463,0.000,0.537
878000,0.537,0.000,0.463
878500,0.457,0.000,0.543
879000,0.329,0.000,0.671
879500,0.290,0.000,0.710
880000,0.273,0.000,0.727
880500,0.632,0.000,0.368
881000,0.574,0.000,0.426
881500,0.259,0.000,0.741
882000,0.494,0.000,0.506
882500,0.350,0.000,0.650
883000,0.456,0.000,0.544
883500,0.494,0.000,0.506
884000,0.551,0.000,0.449
884500,0.300,0.000,0.700
885000,0.327,0.000,0.673
885500,0.577,0.000,0.423
886000,0.466,0.000,0.534
886500,0.323,0.000,0.677
887000,0.365,0.000,0.635
887500,0.439,0.000,0.561
888000,0.371,0.000,0.629
888500,0.376,0.000,0.624
889000,0.536,0.000,0.464
889500,0.389,0.000,0.611
890000,0.302,0.000,0.698
890500,0.204,0.000,0.796
891000,0.543,0.000,0.457
891500,0.361,0.000,0.639
892000,0.532,0.000,0.468
892500,0.383,0.000,0.617
893000,0.417,0.000,0.583
893500,0.502,0.000,0.498
894000,0.357,0.000,0.643
894500,0.459,0.000,0.541
895000,0.337,0.000,0.663
895500,0.453,0.000,0.547
896000,0.411,0.000,0.589
896500,0.294,0.000,0.706
897000,0.433,0.000,0.567
897500,0.311,0.000,0.689
898000,0.241,0.000,0.759
898500,0.504,0.000,0.496
899000,0.325,0.000,0.675
899500,0.301,0.000,0.699
900000,0.320,0.000,0.680
900500,0.347,0.000,0.653
901000,0.461,0.000,0.539
901500,0.371,0.000,0.629
902000,0.406,0.000,0.594
902500,0.177,0.000,0.823
903000,0.556,0.000,0.444
903500,0.328,0.000,0.672
904000,0.340,0.000,0.660
904500,0.508,0.000,0.492
905000,0.350,0.000,0.650
905500,0.396,0.000,0.604
906000,0.366,0.000,0.634
906500,0.371,0.000,0.629
907000,0.272,0.000,0.728
907500,0.350,0.000,0.650
908000,0.398,0.000,0.602
908500,0.415,0.000,0.585
909000,0.258,0.000,0.742
909500,0.554,0.000,0.446
910000,0.464,0.000,0.536
910500,0.578,0.000,0.422
911000,0.232,0.000,0.768
911500,0.409,0.000,0.591
912000,0.323,0.000,0.677
912500,0.487,0.000,0.513
913000,0.394,0.000,0.606
913500,0.341,0.000,0.659
914000,0.507,0.000,0.493
914500,0.522,0.000,0.478
915000,0.423,0.000,0.577
915500,0.472,0.000,0.528
916000,0.469,0.000,0.531
916500,0.355,0.000,0.645
917000,0.451,0.000,0.549
917500,0.313,0.000,0.687
918000,0.347,0.000,0.653
918500,0.432,0.000,0.568
919000,0.570,0.000,0.430
919500,0.592,0.000,0.408
920000,0.477,0.000,0.523
920500,0.362,0.000,0.638
921000,0.451,0.000,0.549
921500,0.390,0.000,0.610
922000,0.498,0.000,0.502
922500,0.319,0.000,0.681
923000,0.450,0.000,0.550
923500,0.434,0.000,0.566
924000,0.384,0.000,0.616
924500,0.398,0.000,0.602
925000,0.484,0.000,0.516
925500,0.351,0.000,0.649
926000,0.252,0.000,0.748
926500,0.412,0.000,0.588
927000,0.385,0.000,0.615
927500,0.428,0.000,0.572
928000,0.478,0.000,0.522
928500,0.395,0.000,0.605
929000,0.445,0.000,0.555
929500,0.314,0.000,0.686
930000,0.415,0.000,0.585
930500,0.425,0.000,0.575
931000,0.466,0.000,0.534
931500,0.302,0.000,0.698
932000,0.327,0.000,0.673
932500,0.478,0.000,0.522
933000,0.426,0.000,0.574
933500,0.405,0.000,0.595
934000,0.428,0.000,0.572
934500,0.437,0.000,0.563
935000,0.252,0.000,0.748
935500,0.234,0.000,0.766
936000,0.358,0.000,0.642
936500,0.326,0.000,0.674
937000,0.408,0.000,0.592
937500,0.557,0.000,0.443
938000,0.356,0.000,0.644
938500,0.484,0.000,0.516
939000,0.292,0.000,0.708
939500,0.413,0.000,0.587
940000,0.295,0.000,0.705
940500,0.577,0.000,0.423
941000,0.393,0.000,0.607
941500,0.246,0.000,0.754
942000,0.372,0.000,0.628
942500,0.319,0.000,0.681
943000,0.338,0.000,0.662
943500,0.371,0.000,0.629
944000,0.417,0.000,0.583
944500,0.346,0.000,0.654
945000,0.352,0.000,0.648
945500,0.382,0.000,0.618
946000,0.308,0.000,0.692
946500,0.343,0.000,0.657
947000,0.391,0.000,0.609
947500,0.273,0.000,0.727
948000,0.379,0.000,0.621
948500,0.359,0.000,0.641
949000,0.416,0.000,0.584
949500,0.425,0.000,0.575
950000,0.361,0.000,0.639
950500,0.513,0.000,0.487
951000,0.502,0.000,0.498
951500,0.272,0.000,0.728
952000,0.441,0.000,0.559
952500,0.382,0.000,0.618
953000,0.340,0.000,0.660
953500,0.554,0.000,0.446
954000,0.361,0.000,0.639
954500,0.452,0.000,0.548
955000,0.440,0.000,0.560
955500,0.480,0.000,0.520
956000,0.653,0.000,0.347
956500,0.253,0.000,0.747
957000,0.491,0.000,0.509
957500,0.363,0.000,0.637
958000,0.508,0.000,0.492
958500,0.325,0.000,0.675
959000,0.313,0.000,0.687
959500,0.419,0.000,0.581
960000,0.436,0.000,0.564
960500,0.572,0.000,0.428
961000,0.335,0.000,0.665
961500,0.483,0.000,0.517
962000,0.296,0.000,0.704
962500,0.618,0.000,0.382
963000,0.274,0.000,0.726
963500,0.285,0.000,0.715
964000,0.533,0.000,0.467
964500,0.484,0.000,0.516
965000,0.371,0.000,0.629
965500,0.557,0.000,0.443
966000,0.424,0.000,0.576
966500,0.278,0.000,0.722
967000,0.273,0.000,0.727
967500,0.307,0.000,0.693
968000,0.666,0.000,0.334
968500,0.319,0.000,0.681
969000,0.361,0.000,0.639
969500,0.284,0.000,0.716
970000,0.532,0.000,0.468
970500,0.346,0.000,0.654
971000,0.296,0.000,0.704
971500,0.290,0.000,0.710
972000,0.468,0.000,0.532
972500,0.383,0.000,0.617
973000,0.354,0.000,0.646
973500,0.476,0.000,0.524
974000,0.351,0.000,0.649
974500,0.383,0.000,0.617
975000,0.339,0.000,0.661
975500,0.268,0.000,0.732
976000,0.361,0.000,0.639
976500,0.502,0.000,0.498
977000,0.439,0.000,0.561
977500,0.300,0.000,0.700
978000,0.531,0.000,0.469
978500,0.371,0.000,0.629
979000,0.410,0.000,0.590
979500,0.528,0.000,0.472
980000,0.413,0.000,0.587
980500,0.475,0.000,0.525
981000,0.424,0.000,0.576
981500,0.397,0.000,0.603
982000,0.474,0.000,0.526
982500,0.432,0.000,0.568
983000,0.481,0.000,0.519
983500,0.346,0.000,0.654
984000,0.350,0.000,0.650
984500,0.488,0.000,0.512
985000,0.521,0.000,0.479
985500,0.429,0.000,0.571
986000,0.335,0.000,0.665
986500,0.416,0.000,0.584
987000,0.358,0.000,0.642
987500,0.428,0.000,0.572
988000,0.217,0.000,0.783
988500,0.210,0.000,0.790
989000,0.407,0.000,0.593
989500,0.424,0.000,0.576
990000,0.495,0.000,0.505
990500,0.269,0.000,0.731
991000,0.426,0.000,0.574
991500,0.526,0.000,0.474
992000,0.471,0.000,0.529
992500,0.445,0.000,0.555
993000,0.424,0.000,0.576
993500,0.399,0.000,0.601
994000,0.400,0.000,0.600
994500,0.314,0.000,0.686
995000,0.212,0.000,0.788
995500,0.557,0.000,0.443
996000,0.352,0.000,0.648
996500,0.345,0.000,0.655
997000,0.424,0.000,0.576
997500,0.494,0.000,0.506
998000,0.363,0.000,0.637
998500,0.351,0.000,0.649
999000,0.385,0.000,0.615
999500,0.463,0.000,0.537
1000000,0.322,0.000,0.678
