time,n_A+p,n_B,n_AB
500,0.010,0.983,0.007
1000,0.010,0.977,0.013
1500,0.010,0.984,0.006
2000,0.010,0.978,0.012
2500,0.010,0.971,0.019
3000,0.010,0.971,0.019
3500,0.010,0.971,0.019
4000,0.010,0.976,0.014
4500,0.010,0.974,0.016
5000,0.010,0.978,0.012
5500,0.010,0.977,0.013
6000,0.010,0.980,0.010
6500,0.010,0.978,0.012
7000,0.010,0.975,0.015
7500,0.010,0.968,0.022
8000,0.010,0.972,0.018
8500,0.010,0.979,0.011
9000,0.010,0.974,0.016
9500,0.010,0.967,0.023
10000,0.010,0.960,0.030
10500,0.010,0.952,0.038
11000,0.010,0.964,0.026
11500,0.010,0.970,0.020
12000,0.010,0.973,0.017
12500,0.010,0.958,0.032
13000,0.010,0.972,0.018
13500,0.010,0.962,0.028
14000,0.010,0.946,0.044
14500,0.010,0.954,0.036
15000,0.010,0.952,0.038
15500,0.010,0.949,0.041
16000,0.010,0.959,0.031
16500,0.010,0.959,0.031
17000,0.010,0.964,0.026
17500,0.010,0.967,0.023
18000,0.010,0.974,0.016
18500,0.010,0.962,0.028
19000,0.010,0.963,0.027
19500,0.010,0.969,0.021
20000,0.010,0.971,0.019
20500,0.010,0.972,0.018
21000,0.010,0.977,0.013
21500,0.010,0.978,0.012
22000,0.010,0.982,0.008
22500,0.010,0.977,0.013
23000,0.010,0.978,0.012
23500,0.010,0.967,0.023
24000,0.010,0.976,0.014
24500,0.010,0.978,0.012
25000,0.010,0.973,0.017
25500,0.010,0.967,0.023
26000,0.010,0.970,0.020
26500,0.010,0.971,0.019
27000,0.010,0.975,0.015
27500,0.010,0.974,0.016
28000,0.010,0.979,0.011
28500,0.010,0.966,0.024
29000,0.010,0.971,0.019
29500,0.010,0.964,0.026
30000,0.010,0.976,0.014
30500,0.010,0.974,0.016
31000,0.010,0.978,0.012
31500,0.010,0.975,0.015
32000,0.010,0.965,0.025
32500,0.010,0.966,0.024
33000,0.010,0.957,0.033
33500,0.010,0.953,0.037
34000,0.010,0.973,0.017
34500,0.010,0.974,0.016
35000,0.010,0.964,0.026
35500,0.010,0.965,0.025
36000,0.010,0.970,0.020
36500,0.010,0.968,0.022
37000,0.010,0.969,0.021
37500,0.010,0.978,0.012
38000,0.010,0.974,0.016
38500,0.010,0.971,0.019
39000,0.010,0.965,0.025
39500,0.010,0.950,0.040
40000,0.010,0.965,0.025
40500,0.010,0.963,0.027
41000,0.010,0.968,0.022
41500,0.010,0.959,0.031
42000,0.010,0.972,0.018
42500,0.010,0.957,0.033
43000,0.010,0.958,0.032
43500,0.010,0.955,0.035
44000,0.010,0.972,0.018
44500,0.010,0.964,0.026
45000,0.010,0.978,0.012
45500,0.010,0.977,0.013
46000,0.010,0.968,0.022
46500,0.010,0.972,0.018
47000,0.010,0.978,0.012
47500,0.010,0.976,0.014
48000,0.010,0.970,0.020
48500,0.010,0.968,0.022
49000,0.010,0.969,0.021
49500,0.010,0.973,0.017
50000,0.010,0.979,0.011
50500,0.010,0.972,0.018
51000,0.010,0.975,0.015
51500,0.010,0.982,0.008
52000,0.010,0.970,0.020
52500,0.010,0.972,0.018
53000,0.010,0.975,0.015
53500,0.010,0.971,0.019
54000,0.010,0.975,0.015
54500,0.010,0.972,0.018
55000,0.010,0.965,0.025
55500,0.010,0.974,0.016
56000,0.010,0.975,0.015
56500,0.010,0.971,0.019
57000,0.010,0.966,0.024
57500,0.010,0.967,0.023
58000,0.010,0.967,0.023
58500,0.010,0.963,0.027
59000,0.010,0.975,0.015
59500,0.010,0.981,0.009
60000,0.010,0.976,0.014
60500,0.010,0.984,0.006
61000,0.010,0.977,0.013
61500,0.010,0.974,0.016
62000,0.010,0.965,0.025
62500,0.010,0.961,0.029
63000,0.010,0.954,0.036
63500,0.010,0.962,0.028
64000,0.010,0.967,0.023
64500,0.010,0.962,0.028
65000,0.010,0.968,0.022
65500,0.010,0.956,0.034
66000,0.010,0.960,0.030
66500,0.010,0.974,0.016
67000,0.010,0.960,0.030
67500,0.010,0.966,0.024
68000,0.010,0.976,0.014
68500,0.010,0.970,0.020
69000,0.010,0.956,0.034
69500,0.010,0.967,0.023
70000,0.010,0.953,0.037
70500,0.010,0.956,0.034
71000,0.010,0.966,0.024
71500,0.010,0.956,0.034
72000,0.010,0.972,0.018
72500,0.010,0.950,0.040
73000,0.010,0.967,0.023
73500,0.010,0.974,0.016
74000,0.010,0.976,0.014
74500,0.010,0.979,0.011
75000,0.010,0.979,0.011
75500,0.010,0.955,0.035
76000,0.010,0.958,0.032
76500,0.010,0.965,0.025
77000,0.010,0.966,0.024
77500,0.010,0.959,0.031
78000,0.010,0.959,0.031
78500,0.010,0.969,0.021
79000,0.010,0.951,0.039
79500,0.010,0.959,0.031
80000,0.010,0.966,0.024
80500,0.010,0.963,0.027
81000,0.010,0.951,0.039
81500,0.010,0.967,0.023
82000,0.010,0.979,0.011
82500,0.010,0.973,0.017
83000,0.010,0.979,0.011
83500,0.010,0.971,0.019
84000,0.010,0.970,0.020
84500,0.010,0.971,0.019
85000,0.010,0.960,0.030
85500,0.010,0.969,0.021
86000,0.010,0.968,0.022
86500,0.010,0.964,0.026
87000,0.010,0.964,0.026
87500,0.010,0.971,0.019
88000,0.010,0.971,0.019
88500,0.010,0.980,0.010
89000,0.010,0.984,0.006
89500,0.010,0.983,0.007
90000,0.010,0.974,0.016
90500,0.010,0.977,0.013
91000,0.010,0.965,0.025
91500,0.010,0.967,0.023
92000,0.010,0.974,0.016
92500,0.010,0.964,0.026
93000,0.010,0.959,0.031
93500,0.010,0.971,0.019
94000,0.010,0.971,0.019
94500,0.010,0.975,0.015
95000,0.010,0.978,0.012
95500,0.010,0.978,0.012
96000,0.010,0.977,0.013
96500,0.010,0.980,0.010
97000,0.010,0.982,0.008
97500,0.010,0.982,0.008
98000,0.010,0.981,0.009
98500,0.010,0.979,0.011
99000,0.010,0.976,0.014
99500,0.010,0.965,0.025
100000,0.010,0.970,0.020
100500,0.010,0.979,0.011
101000,0.010,0.969,0.021
101500,0.010,0.973,0.017
102000,0.010,0.974,0.016
102500,0.010,0.971,0.019
103000,0.010,0.974,0.016
103500,0.010,0.965,0.025
104000,0.010,0.964,0.026
104500,0.010,0.967,0.023
105000,0.010,0.964,0.026
105500,0.010,0.967,0.023
106000,0.010,0.971,0.019
106500,0.010,0.964,0.026
107000,0.010,0.965,0.025
107500,0.010,0.968,0.022
108000,0.010,0.966,0.024
108500,0.010,0.966,0.024
109000,0.010,0.968,0.022
109500,0.010,0.960,0.030
110000,0.010,0.970,0.020
110500,0.010,0.963,0.027
111000,0.010,0.961,0.029
111500,0.010,0.972,0.018
112000,0.010,0.963,0.027
112500,0.010,0.967,0.023
113000,0.010,0.973,0.017
113500,0.010,0.967,0.023
114000,0.010,0.969,0.021
114500,0.010,0.974,0.016
115000,0.010,0.970,0.020
115500,0.010,0.978,0.012
116000,0.010,0.980,0.010
116500,0.010,0.974,0.016
117000,0.010,0.974,0.016
117500,0.010,0.964,0.026
118000,0.010,0.975,0.015
118500,0.010,0.963,0.027
119000,0.010,0.971,0.019
119500,0.010,0.978,0.012
120000,0.010,0.978,0.012
120500,0.010,0.965,0.025
121000,0.010,0.954,0.036
121500,0.010,0.960,0.030
122000,0.010,0.957,0.033
122500,0.010,0.961,0.029
123000,0.010,0.967,0.023
123500,0.010,0.968,0.022
124000,0.010,0.975,0.015
124500,0.010,0.973,0.017
125000,0.010,0.971,0.019
125500,0.010,0.976,0.014
126000,0.010,0.966,0.024
126500,0.010,0.967,0.023
127000,0.010,0.973,0.017
127500,0.010,0.961,0.029
128000,0.010,0.960,0.030
128500,0.010,0.972,0.018
129000,0.010,0.969,0.021
129500,0.010,0.976,0.014
130000,0.010,0.983,0.007
130500,0.010,0.982,0.008
131000,0.010,0.973,0.017
131500,0.010,0.970,0.020
132000,0.010,0.973,0.017
132500,0.010,0.964,0.026
133000,0.010,0.967,0.023
133500,0.010,0.968,0.022
134000,0.010,0.971,0.019
134500,0.010,0.964,0.026
135000,0.010,0.968,0.022
135500,0.010,0.971,0.019
136000,0.010,0.968,0.022
136500,0.010,0.971,0.019
137000,0.010,0.960,0.030
137500,0.010,0.967,0.023
138000,0.010,0.967,0.023
138500,0.010,0.977,0.013
139000,0.010,0.964,0.026
139500,0.010,0.959,0.031
140000,0.010,0.971,0.019
140500,0.010,0.967,0.023
141000,0.010,0.974,0.016
141500,0.010,0.972,0.018
142000,0.010,0.969,0.021
142500,0.010,0.971,0.019
143000,0.010,0.964,0.026
143500,0.010,0.969,0.021
144000,0.010,0.973,0.017
144500,0.010,0.956,0.034
145000,0.010,0.969,0.021
145500,0.010,0.959,0.031
146000,0.010,0.958,0.032
146500,0.010,0.976,0.014
147000,0.010,0.967,0.023
147500,0.010,0.969,0.021
148000,0.010,0.961,0.029
148500,0.010,0.955,0.035
149000,0.010,0.960,0.030
149500,0.010,0.955,0.035
150000,0.010,0.968,0.022
150500,0.010,0.973,0.017
151000,0.010,0.987,0.003
151500,0.010,0.971,0.019
152000,0.010,0.973,0.017
152500,0.010,0.975,0.015
153000,0.010,0.978,0.012
153500,0.010,0.976,0.014
154000,0.010,0.965,0.025
154500,0.010,0.956,0.034
155000,0.010,0.950,0.040
155500,0.010,0.967,0.023
156000,0.010,0.976,0.014
156500,0.010,0.972,0.018
157000,0.010,0.972,0.018
157500,0.010,0.978,0.012
158000,0.010,0.977,0.013
158500,0.010,0.979,0.011
159000,0.010,0.978,0.012
159500,0.010,0.962,0.028
160000,0.010,0.955,0.035
160500,0.010,0.966,0.024
161000,0.010,0.977,0.013
161500,0.010,0.980,0.010
162000,0.010,0.973,0.017
162500,0.010,0.981,0.009
163000,0.010,0.978,0.012
163500,0.010,0.965,0.025
164000,0.010,0.956,0.034
164500,0.010,0.964,0.026
165000,0.010,0.969,0.021
165500,0.010,0.964,0.026
166000,0.010,0.956,0.034
166500,0.010,0.973,0.017
167000,0.010,0.962,0.028
167500,0.010,0.959,0.031
168000,0.010,0.960,0.030
168500,0.010,0.962,0.028
169000,0.010,0.965,0.025
169500,0.010,0.968,0.022
170000,0.010,0.975,0.015
170500,0.010,0.973,0.017
171000,0.010,0.972,0.018
171500,0.010,0.967,0.023
172000,0.010,0.968,0.022
172500,0.010,0.965,0.025
173000,0.010,0.965,0.025
173500,0.010,0.970,0.020
174000,0.010,0.969,0.021
174500,0.010,0.965,0.025
175000,0.010,0.974,0.016
175500,0.010,0.982,0.008
176000,0.010,0.977,0.013
176500,0.010,0.968,0.022
177000,0.010,0.965,0.025
177500,0.010,0.961,0.029
178000,0.010,0.966,0.024
178500,0.010,0.965,0.025
179000,0.010,0.972,0.018
179500,0.010,0.970,0.020
180000,0.010,0.968,0.022
180500,0.010,0.965,0.025
181000,0.010,0.956,0.034
181500,0.010,0.960,0.030
182000,0.010,0.963,0.027
182500,0.010,0.959,0.031
183000,0.010,0.963,0.027
183500,0.010,0.955,0.035
184000,0.010,0.951,0.039
184500,0.010,0.962,0.028
185000,0.010,0.960,0.030
185500,0.010,0.956,0.034
186000,0.010,0.964,0.026
186500,0.010,0.973,0.017
187000,0.010,0.969,0.021
187500,0.010,0.973,0.017
188000,0.010,0.964,0.026
188500,0.010,0.973,0.017
189000,0.010,0.971,0.019
189500,0.010,0.978,0.012
190000,0.010,0.970,0.020
190500,0.010,0.962,0.028
191000,0.010,0.968,0.022
191500,0.010,0.975,0.015
192000,0.010,0.970,0.020
192500,0.010,0.968,0.022
193000,0.010,0.971,0.019
193500,0.010,0.973,0.017
194000,0.010,0.966,0.024
194500,0.010,0.964,0.026
195000,0.010,0.974,0.016
195500,0.010,0.973,0.017
196000,0.010,0.976,0.014
196500,0.010,0.981,0.009
197000,0.010,0.961,0.029
197500,0.010,0.973,0.017
198000,0.010,0.973,0.017
198500,0.010,0.974,0.016
199000,0.010,0.970,0.020
199500,0.010,0.971,0.019
200000,0.010,0.972,0.018
200500,0.010,0.973,0.017
201000,0.010,0.962,0.028
201500,0.010,0.962,0.028
202000,0.010,0.961,0.029
202500,0.010,0.965,0.025
203000,0.010,0.973,0.017
203500,0.010,0.958,0.032
204000,0.010,0.964,0.026
204500,0.010,0.967,0.023
205000,0.010,0.971,0.019
205500,0.010,0.954,0.036
206000,0.010,0.966,0.024
206500,0.010,0.973,0.017
207000,0.010,0.969,0.021
207500,0.010,0.965,0.025
208000,0.010,0.962,0.028
208500,0.010,0.956,0.034
209000,0.010,0.941,0.049
209500,0.010,0.945,0.045
210000,0.010,0.969,0.021
210500,0.010,0.978,0.012
211000,0.010,0.963,0.027
211500,0.010,0.966,0.024
212000,0.010,0.966,0.024
212500,0.010,0.968,0.022
213000,0.010,0.969,0.021
213500,0.010,0.960,0.030
214000,0.010,0.970,0.020
214500,0.010,0.977,0.013
215000,0.010,0.969,0.021
215500,0.010,0.975,0.015
216000,0.010,0.974,0.016
216500,0.010,0.977,0.013
217000,0.010,0.973,0.017
217500,0.010,0.968,0.022
218000,0.010,0.971,0.019
218500,0.010,0.967,0.023
219000,0.010,0.970,0.020
219500,0.010,0.969,0.021
220000,0.010,0.963,0.027
220500,0.010,0.967,0.023
221000,0.010,0.981,0.009
221500,0.010,0.978,0.012
222000,0.010,0.972,0.018
222500,0.010,0.968,0.022
223000,0.010,0.959,0.031
223500,0.010,0.966,0.024
224000,0.010,0.952,0.038
224500,0.010,0.946,0.044
225000,0.010,0.960,0.030
225500,0.010,0.961,0.029
226000,0.010,0.944,0.046
226500,0.010,0.946,0.044
227000,0.010,0.940,0.050
227500,0.010,0.956,0.034
228000,0.010,0.969,0.021
228500,0.010,0.972,0.018
229000,0.010,0.964,0.026
229500,0.010,0.970,0.020
230000,0.010,0.969,0.021
230500,0.010,0.961,0.029
231000,0.010,0.960,0.030
231500,0.010,0.965,0.025
232000,0.010,0.957,0.033
232500,0.010,0.964,0.026
233000,0.010,0.958,0.032
233500,0.010,0.973,0.017
234000,0.010,0.968,0.022
234500,0.010,0.958,0.032
235000,0.010,0.971,0.019
235500,0.010,0.963,0.027
236000,0.010,0.965,0.025
236500,0.010,0.967,0.023
237000,0.010,0.975,0.015
237500,0.010,0.984,0.006
238000,0.010,0.975,0.015
238500,0.010,0.971,0.019
239000,0.010,0.962,0.028
239500,0.010,0.970,0.020
240000,0.010,0.968,0.022
240500,0.010,0.973,0.017
241000,0.010,0.971,0.019
241500,0.010,0.965,0.025
242000,0.010,0.969,0.021
242500,0.010,0.961,0.029
243000,0.010,0.955,0.035
243500,0.010,0.955,0.035
244000,0.010,0.956,0.034
244500,0.010,0.956,0.034
245000,0.010,0.960,0.030
245500,0.010,0.958,0.032
246000,0.010,0.959,0.031
246500,0.010,0.959,0.031
247000,0.010,0.958,0.032
247500,0.010,0.965,0.025
248000,0.010,0.960,0.030
248500,0.010,0.962,0.028
249000,0.010,0.970,0.020
249500,0.010,0.969,0.021
250000,0.010,0.967,0.023
250500,0.010,0.981,0.009
251000,0.010,0.964,0.026
251500,0.010,0.959,0.031
252000,0.010,0.948,0.042
252500,0.010,0.959,0.031
253000,0.010,0.961,0.029
253500,0.010,0.972,0.018
254000,0.010,0.965,0.025
254500,0.010,0.970,0.020
255000,0.010,0.978,0.012
255500,0.010,0.974,0.016
256000,0.010,0.969,0.021
256500,0.010,0.979,0.011
257000,0.010,0.971,0.019
257500,0.010,0.952,0.038
258000,0.010,0.963,0.027
258500,0.010,0.977,0.013
259000,0.010,0.970,0.020
259500,0.010,0.976,0.014
260000,0.010,0.972,0.018
260500,0.010,0.974,0.016
261000,0.010,0.965,0.025
261500,0.010,0.972,0.018
262000,0.010,0.966,0.024
262500,0.010,0.965,0.025
263000,0.010,0.955,0.035
263500,0.010,0.956,0.034
264000,0.010,0.966,0.024
264500,0.010,0.961,0.029
265000,0.010,0.968,0.022
265500,0.010,0.967,0.023
266000,0.010,0.970,0.020
266500,0.010,0.964,0.026
267000,0.010,0.961,0.029
267500,0.010,0.966,0.024
268000,0.010,0.974,0.016
268500,0.010,0.965,0.025
269000,0.010,0.970,0.020
269500,0.010,0.967,0.023
270000,0.010,0.963,0.027
270500,0.010,0.959,0.031
271000,0.010,0.957,0.033
271500,0.010,0.959,0.031
272000,0.010,0.967,0.023
272500,0.010,0.965,0.025
273000,0.010,0.961,0.029
273500,0.010,0.966,0.024
274000,0.010,0.964,0.026
274500,0.010,0.973,0.017
275000,0.010,0.974,0.016
275500,0.010,0.966,0.024
276000,0.010,0.962,0.028
276500,0.010,0.948,0.042
277000,0.010,0.958,0.032
277500,0.010,0.963,0.027
278000,0.010,0.966,0.024
278500,0.010,0.975,0.015
279000,0.010,0.969,0.021
279500,0.010,0.954,0.036
280000,0.010,0.966,0.024
280500,0.010,0.963,0.027
281000,0.010,0.974,0.016
281500,0.010,0.975,0.015
282000,0.010,0.977,0.013
282500,0.010,0.976,0.014
283000,0.010,0.978,0.012
283500,0.010,0.971,0.019
284000,0.010,0.972,0.018
284500,0.010,0.982,0.008
285000,0.010,0.973,0.017
285500,0.010,0.972,0.018
286000,0.010,0.974,0.016
286500,0.010,0.968,0.022
287000,0.010,0.978,0.012
287500,0.010,0.971,0.019
288000,0.010,0.970,0.020
288500,0.010,0.977,0.013
289000,0.010,0.981,0.009
289500,0.010,0.966,0.024
290000,0.010,0.962,0.028
290500,0.010,0.960,0.030
291000,0.010,0.968,0.022
291500,0.010,0.967,0.023
292000,0.010,0.976,0.014
292500,0.010,0.964,0.026
293000,0.010,0.962,0.028
293500,0.010,0.966,0.024
294000,0.010,0.967,0.023
294500,0.010,0.965,0.025
295000,0.010,0.970,0.020
295500,0.010,0.968,0.022
296000,0.010,0.968,0.022
296500,0.010,0.957,0.033
297000,0.010,0.964,0.026
297500,0.010,0.969,0.021
298000,0.010,0.982,0.008
298500,0.010,0.974,0.016
299000,0.010,0.980,0.010
299500,0.010,0.983,0.007
300000,0.010,0.982,0.008
300500,0.010,0.978,0.012
301000,0.010,0.974,0.016
301500,0.010,0.977,0.013
302000,0.010,0.967,0.023
302500,0.010,0.977,0.013
303000,0.010,0.974,0.016
303500,0.010,0.972,0.018
304000,0.010,0.975,0.015
304500,0.010,0.953,0.037
305000,0.010,0.969,0.021
305500,0.010,0.970,0.020
306000,0.010,0.974,0.016
306500,0.010,0.966,0.024
307000,0.010,0.974,0.016
307500,0.010,0.970,0.020
308000,0.010,0.977,0.013
308500,0.010,0.979,0.011
309000,0.010,0.976,0.014
309500,0.010,0.971,0.019
310000,0.010,0.978,0.012
310500,0.010,0.966,0.024
311000,0.010,0.969,0.021
311500,0.010,0.966,0.024
312000,0.010,0.954,0.036
312500,0.010,0.957,0.033
313000,0.010,0.963,0.027
313500,0.010,0.962,0.028
314000,0.010,0.968,0.022
314500,0.010,0.974,0.016
315000,0.010,0.976,0.014
315500,0.010,0.968,0.022
316000,0.010,0.964,0.026
316500,0.010,0.959,0.031
317000,0.010,0.962,0.028
317500,0.010,0.968,0.022
318000,0.010,0.958,0.032
318500,0.010,0.963,0.027
319000,0.010,0.966,0.024
319500,0.010,0.955,0.035
320000,0.010,0.950,0.040
320500,0.010,0.947,0.043
321000,0.010,0.958,0.032
321500,0.010,0.972,0.018
322000,0.010,0.971,0.019
322500,0.010,0.972,0.018
323000,0.010,0.977,0.013
323500,0.010,0.981,0.009
324000,0.010,0.975,0.015
324500,0.010,0.979,0.011
325000,0.010,0.979,0.011
325500,0.010,0.983,0.007
326000,0.010,0.983,0.007
326500,0.010,0.971,0.019
327000,0.010,0.968,0.022
327500,0.010,0.969,0.021
328000,0.010,0.973,0.017
328500,0.010,0.968,0.022
329000,0.010,0.975,0.015
329500,0.010,0.959,0.031
330000,0.010,0.966,0.024
330500,0.010,0.977,0.013
331000,0.010,0.984,0.006
331500,0.010,0.969,0.021
332000,0.010,0.969,0.021
332500,0.010,0.972,0.018
333000,0.010,0.964,0.026
333500,0.010,0.943,0.047
334000,0.010,0.942,0.048
334500,0.010,0.958,0.032
335000,0.010,0.963,0.027
335500,0.010,0.965,0.025
336000,0.010,0.970,0.020
336500,0.010,0.961,0.029
337000,0.010,0.960,0.030
337500,0.010,0.974,0.016
338000,0.010,0.963,0.027
338500,0.010,0.963,0.027
339000,0.010,0.946,0.044
339500,0.010,0.948,0.042
340000,0.010,0.965,0.025
340500,0.010,0.971,0.019
341000,0.010,0.959,0.031
341500,0.010,0.966,0.024
342000,0.010,0.958,0.032
342500,0.010,0.959,0.031
343000,0.010,0.958,0.032
343500,0.010,0.956,0.034
344000,0.010,0.972,0.018
344500,0.010,0.967,0.023
345000,0.010,0.960,0.030
345500,0.010,0.964,0.026
346000,0.010,0.964,0.026
346500,0.010,0.969,0.021
347000,0.010,0.968,0.022
347500,0.010,0.967,0.023
348000,0.010,0.979,0.011
348500,0.010,0.976,0.014
349000,0.010,0.964,0.026
349500,0.010,0.960,0.030
350000,0.010,0.952,0.038
350500,0.010,0.930,0.059
351000,0.010,0.934,0.055
351500,0.010,0.945,0.045
352000,0.010,0.959,0.031
352500,0.010,0.954,0.036
353000,0.010,0.966,0.024
353500,0.010,0.969,0.021
354000,0.010,0.968,0.022
354500,0.010,0.956,0.034
355000,0.010,0.965,0.025
355500,0.010,0.966,0.024
356000,0.010,0.974,0.016
356500,0.010,0.972,0.018
357000,0.010,0.966,0.024
357500,0.010,0.960,0.030
358000,0.010,0.961,0.029
358500,0.010,0.963,0.027
359000,0.010,0.965,0.025
359500,0.010,0.968,0.022
360000,0.010,0.969,0.021
360500,0.010,0.976,0.014
361000,0.010,0.979,0.011
361500,0.010,0.977,0.013
362000,0.010,0.980,0.010
362500,0.010,0.970,0.020
363000,0.010,0.972,0.018
363500,0.010,0.977,0.013
364000,0.010,0.973,0.017
364500,0.010,0.956,0.034
365000,0.010,0.954,0.036
365500,0.010,0.945,0.045
366000,0.010,0.968,0.022
366500,0.010,0.975,0.015
367000,0.010,0.969,0.021
367500,0.010,0.973,0.017
368000,0.010,0.951,0.039
368500,0.010,0.967,0.023
369000,0.010,0.955,0.035
369500,0.010,0.967,0.023
370000,0.010,0.962,0.028
370500,0.010,0.963,0.027
371000,0.010,0.971,0.019
371500,0.010,0.947,0.043
372000,0.010,0.957,0.033
372500,0.010,0.948,0.042
373000,0.010,0.969,0.021
373500,0.010,0.972,0.018
374000,0.010,0.973,0.017
374500,0.010,0.966,0.024
375000,0.010,0.971,0.019
375500,0.010,0.961,0.029
376000,0.010,0.964,0.026
376500,0.010,0.962,0.028
377000,0.010,0.962,0.028
377500,0.010,0.962,0.028
378000,0.010,0.965,0.025
378500,0.010,0.971,0.019
379000,0.010,0.971,0.019
379500,0.010,0.975,0.015
380000,0.010,0.962,0.028
380500,0.010,0.964,0.026
381000,0.010,0.957,0.033
381500,0.010,0.971,0.019
382000,0.010,0.967,0.023
382500,0.010,0.958,0.032
383000,0.010,0.960,0.030
383500,0.010,0.952,0.038
384000,0.010,0.964,0.026
384500,0.010,0.974,0.016
385000,0.010,0.977,0.013
385500,0.010,0.974,0.016
386000,0.010,0.967,0.023
386500,0.010,0.968,0.022
387000,0.010,0.970,0.020
387500,0.010,0.968,0.022
388000,0.010,0.975,0.015
388500,0.010,0.973,0.017
389000,0.010,0.978,0.012
389500,0.010,0.977,0.013
390000,0.010,0.980,0.010
390500,0.010,0.974,0.016
391000,0.010,0.970,0.020
391500,0.010,0.973,0.017
392000,0.010,0.979,0.011
392500,0.010,0.971,0.019
393000,0.010,0.970,0.020
393500,0.010,0.967,0.023
394000,0.010,0.979,0.011
394500,0.010,0.979,0.011
395000,0.010,0.964,0.026
395500,0.010,0.965,0.025
396000,0.010,0.967,0.023
396500,0.010,0.975,0.015
397000,0.010,0.959,0.031
397500,0.010,0.973,0.017
398000,0.010,0.966,0.024
398500,0.010,0.963,0.027
399000,0.010,0.981,0.009
399500,0.010,0.978,0.012
400000,0.010,0.976,0.014
400500,0.010,0.976,0.014
401000,0.010,0.976,0.014
401500,0.010,0.973,0.017
402000,0.010,0.973,0.017
402500,0.010,0.975,0.015
403000,0.010,0.971,0.019
403500,0.010,0.965,0.025
404000,0.010,0.964,0.026
404500,0.010,0.963,0.027
405000,0.010,0.948,0.042
405500,0.010,0.963,0.027
406000,0.010,0.949,0.041
406500,0.010,0.958,0.032
407000,0.010,0.963,0.027
407500,0.010,0.970,0.020
408000,0.010,0.963,0.027
408500,0.010,0.971,0.019
409000,0.010,0.964,0.026
409500,0.010,0.953,0.037
410000,0.010,0.952,0.038
410500,0.010,0.948,0.042
411000,0.010,0.931,0.058
411500,0.010,0.952,0.038
412000,0.010,0.950,0.040
412500,0.010,0.941,0.049
413000,0.010,0.957,0.033
413500,0.010,0.971,0.019
414000,0.010,0.977,0.013
414500,0.010,0.972,0.018
415000,0.010,0.955,0.035
415500,0.010,0.943,0.047
416000,0.010,0.960,0.030
416500,0.010,0.968,0.022
417000,0.010,0.964,0.026
417500,0.010,0.966,0.024
418000,0.010,0.967,0.023
418500,0.010,0.974,0.016
419000,0.010,0.974,0.016
419500,0.010,0.984,0.006
420000,0.010,0.966,0.024
420500,0.010,0.961,0.029
421000,0.010,0.962,0.028
421500,0.010,0.969,0.021
422000,0.010,0.976,0.014
422500,0.010,0.970,0.020
423000,0.010,0.961,0.029
423500,0.010,0.976,0.014
424000,0.010,0.975,0.015
424500,0.010,0.972,0.018
425000,0.010,0.970,0.020
425500,0.010,0.970,0.020
426000,0.010,0.975,0.015
426500,0.010,0.974,0.016
427000,0.010,0.981,0.009
427500,0.010,0.970,0.020
428000,0.010,0.964,0.026
428500,0.010,0.963,0.027
429000,0.010,0.961,0.029
429500,0.010,0.968,0.022
430000,0.010,0.973,0.017
430500,0.010,0.963,0.027
431000,0.010,0.963,0.027
431500,0.010,0.972,0.018
432000,0.010,0.957,0.033
432500,0.010,0.958,0.032
433000,0.010,0.935,0.055
433500,0.010,0.939,0.051
434000,0.010,0.947,0.043
434500,0.010,0.961,0.029
435000,0.010,0.971,0.019
435500,0.010,0.968,0.022
436000,0.010,0.968,0.022
436500,0.010,0.971,0.019
437000,0.010,0.972,0.018
437500,0.010,0.976,0.014
438000,0.010,0.974,0.016
438500,0.010,0.974,0.016
439000,0.010,0.975,0.015
439500,0.010,0.977,0.013
440000,0.010,0.974,0.016
440500,0.010,0.968,0.022
441000,0.010,0.977,0.013
441500,0.010,0.971,0.019
442000,0.010,0.949,0.041
442500,0.010,0.962,0.028
443000,0.010,0.966,0.024
443500,0.010,0.962,0.028
444000,0.010,0.975,0.015
444500,0.010,0.977,0.013
445000,0.010,0.970,0.020
445500,0.010,0.958,0.032
446000,0.010,0.949,0.041
446500,0.010,0.954,0.036
447000,0.010,0.959,0.031
447500,0.010,0.961,0.029
448000,0.010,0.968,0.022
448500,0.010,0.968,0.022
449000,0.010,0.974,0.016
449500,0.010,0.972,0.018
450000,0.010,0.976,0.014
450500,0.010,0.978,0.012
451000,0.010,0.959,0.031
451500,0.010,0.958,0.032
452000,0.010,0.975,0.015
452500,0.010,0.980,0.010
453000,0.010,0.976,0.014
453500,0.010,0.979,0.011
454000,0.010,0.981,0.009
454500,0.010,0.977,0.013
455000,0.010,0.979,0.011
455500,0.010,0.972,0.018
456000,0.010,0.977,0.013
456500,0.010,0.972,0.018
457000,0.010,0.969,0.021
457500,0.010,0.967,0.023
458000,0.010,0.965,0.025
458500,0.010,0.958,0.032
459000,0.010,0.959,0.031
459500,0.010,0.964,0.026
460000,0.010,0.957,0.033
460500,0.010,0.959,0.031
461000,0.010,0.957,0.033
461500,0.010,0.965,0.025
462000,0.010,0.954,0.036
462500,0.010,0.968,0.022
463000,0.010,0.963,0.027
463500,0.010,0.969,0.021
464000,0.010,0.959,0.031
464500,0.010,0.963,0.027
465000,0.010,0.964,0.026
465500,0.010,0.967,0.023
466000,0.010,0.972,0.018
466500,0.010,0.971,0.019
467000,0.010,0.975,0.015
467500,0.010,0.974,0.016
468000,0.010,0.972,0.018
468500,0.010,0.973,0.017
469000,0.010,0.973,0.017
469500,0.010,0.968,0.022
470000,0.010,0.976,0.014
470500,0.010,0.974,0.016
471000,0.010,0.976,0.014
471500,0.010,0.982,0.008
472000,0.010,0.975,0.015
472500,0.010,0.969,0.021
473000,0.010,0.979,0.011
473500,0.010,0.959,0.031
474000,0.010,0.960,0.030
474500,0.010,0.954,0.036
475000,0.010,0.962,0.028
475500,0.010,0.961,0.029
476000,0.010,0.951,0.039
476500,0.010,0.929,0.061
477000,0.010,0.955,0.035
477500,0.010,0.943,0.047
478000,0.010,0.942,0.048
478500,0.010,0.958,0.032
479000,0.010,0.968,0.022
479500,0.010,0.971,0.019
480000,0.010,0.978,0.012
480500,0.010,0.973,0.017
481000,0.010,0.963,0.027
481500,0.010,0.968,0.022
482000,0.010,0.973,0.017
482500,0.010,0.976,0.014
483000,0.010,0.968,0.022
483500,0.010,0.963,0.027
484000,0.010,0.965,0.025
484500,0.010,0.969,0.021
485000,0.010,0.962,0.028
485500,0.010,0.974,0.016
486000,0.010,0.969,0.021
486500,0.010,0.974,0.016
487000,0.010,0.974,0.016
487500,0.010,0.976,0.014
488000,0.010,0.974,0.016
488500,0.010,0.966,0.024
489000,0.010,0.972,0.018
489500,0.010,0.969,0.021
490000,0.010,0.965,0.025
490500,0.010,0.959,0.031
491000,0.010,0.960,0.030
491500,0.010,0.951,0.039
492000,0.010,0.972,0.018
492500,0.010,0.971,0.019
493000,0.010,0.973,0.017
493500,0.010,0.979,0.011
494000,0.010,0.961,0.029
494500,0.010,0.962,0.028
495000,0.010,0.970,0.020
495500,0.010,0.979,0.011
496000,0.010,0.944,0.046
496500,0.010,0.951,0.039
497000,0.010,0.959,0.031
497500,0.010,0.961,0.029
498000,0.010,0.965,0.025
498500,0.010,0.960,0.030
499000,0.010,0.965,0.025
499500,0.010,0.962,0.028
500000,0.010,0.962,0.028
500500,0.010,0.964,0.026
501000,0.010,0.957,0.033
501500,0.010,0.963,0.027
502000,0.010,0.974,0.016
502500,0.010,0.962,0.028
503000,0.010,0.950,0.040
503500,0.010,0.966,0.024
504000,0.010,0.972,0.018
504500,0.010,0.970,0.020
505000,0.010,0.976,0.014
505500,0.010,0.973,0.017
506000,0.010,0.972,0.018
506500,0.010,0.978,0.012
507000,0.010,0.977,0.013
507500,0.010,0.976,0.014
508000,0.010,0.972,0.018
508500,0.010,0.976,0.014
509000,0.010,0.974,0.016
509500,0.010,0.976,0.014
510000,0.010,0.968,0.022
510500,0.010,0.972,0.018
511000,0.010,0.973,0.017
511500,0.010,0.977,0.013
512000,0.010,0.960,0.030
512500,0.010,0.956,0.034
513000,0.010,0.951,0.039
513500,0.010,0.963,0.027
514000,0.010,0.960,0.030
514500,0.010,0.976,0.014
515000,0.010,0.968,0.022
515500,0.010,0.959,0.031
516000,0.010,0.946,0.044
516500,0.010,0.956,0.034
517000,0.010,0.968,0.022
517500,0.010,0.954,0.036
518000,0.010,0.959,0.031
518500,0.010,0.957,0.033
519000,0.010,0.969,0.021
519500,0.010,0.965,0.025
520000,0.010,0.971,0.019
520500,0.010,0.953,0.037
521000,0.010,0.957,0.033
521500,0.010,0.971,0.019
522000,0.010,0.964,0.026
522500,0.010,0.973,0.017
523000,0.010,0.979,0.011
523500,0.010,0.973,0.017
524000,0.010,0.958,0.032
524500,0.010,0.961,0.029
525000,0.010,0.964,0.026
525500,0.010,0.960,0.030
526000,0.010,0.968,0.022
526500,0.010,0.977,0.013
527000,0.010,0.972,0.018
527500,0.010,0.979,0.011
528000,0.010,0.982,0.008
528500,0.010,0.967,0.023
529000,0.010,0.957,0.033
529500,0.010,0.968,0.022
530000,0.010,0.953,0.037
530500,0.010,0.955,0.035
531000,0.010,0.942,0.048
531500,0.010,0.965,0.025
532000,0.010,0.958,0.032
532500,0.010,0.964,0.026
533000,0.010,0.971,0.019
533500,0.010,0.967,0.023
534000,0.010,0.969,0.021
534500,0.010,0.966,0.024
535000,0.010,0.973,0.017
535500,0.010,0.978,0.012
536000,0.010,0.981,0.009
536500,0.010,0.964,0.026
537000,0.010,0.966,0.024
537500,0.010,0.967,0.023
538000,0.010,0.969,0.021
538500,0.010,0.975,0.015
539000,0.010,0.969,0.021
539500,0.010,0.965,0.025
540000,0.010,0.954,0.036
540500,0.010,0.963,0.027
541000,0.010,0.969,0.021
541500,0.010,0.974,0.016
542000,0.010,0.959,0.031
542500,0.010,0.967,0.023
543000,0.010,0.968,0.022
543500,0.010,0.974,0.016
544000,0.010,0.973,0.017
544500,0.010,0.974,0.016
545000,0.010,0.972,0.018
545500,0.010,0.967,0.023
546000,0.010,0.963,0.027
546500,0.010,0.957,0.033
547000,0.010,0.963,0.027
547500,0.010,0.969,0.021
548000,0.010,0.961,0.029
548500,0.010,0.970,0.020
549000,0.010,0.968,0.022
549500,0.010,0.965,0.025
550000,0.010,0.963,0.027
550500,0.010,0.977,0.013
551000,0.010,0.964,0.026
551500,0.010,0.961,0.029
552000,0.010,0.968,0.022
552500,0.010,0.968,0.022
553000,0.010,0.972,0.018
553500,0.010,0.982,0.008
554000,0.010,0.966,0.024
554500,0.010,0.965,0.025
555000,0.010,0.967,0.023
555500,0.010,0.968,0.022
556000,0.010,0.967,0.023
556500,0.010,0.967,0.023
557000,0.010,0.968,0.022
557500,0.010,0.961,0.029
558000,0.010,0.955,0.035
558500,0.010,0.966,0.024
559000,0.010,0.979,0.011
559500,0.010,0.985,0.005
560000,0.010,0.976,0.014
560500,0.010,0.974,0.016
561000,0.010,0.965,0.025
561500,0.010,0.963,0.027
562000,0.010,0.958,0.032
562500,0.010,0.968,0.022
563000,0.010,0.959,0.031
563500,0.010,0.970,0.020
564000,0.010,0.974,0.016
564500,0.010,0.977,0.013
565000,0.010,0.973,0.017
565500,0.010,0.979,0.011
566000,0.010,0.975,0.015
566500,0.010,0.977,0.013
567000,0.010,0.982,0.008
567500,0.010,0.984,0.006
568000,0.010,0.975,0.015
568500,0.010,0.971,0.019
569000,0.010,0.958,0.032
569500,0.010,0.959,0.031
570000,0.010,0.968,0.022
570500,0.010,0.965,0.025
571000,0.010,0.970,0.020
571500,0.010,0.972,0.018
572000,0.010,0.964,0.026
572500,0.010,0.967,0.023
573000,0.010,0.955,0.035
573500,0.010,0.967,0.023
574000,0.010,0.961,0.029
574500,0.010,0.959,0.031
575000,0.010,0.954,0.036
575500,0.010,0.953,0.037
576000,0.010,0.957,0.033
576500,0.010,0.968,0.022
577000,0.010,0.968,0.022
577500,0.010,0.972,0.018
578000,0.010,0.962,0.028
578500,0.010,0.958,0.032
579000,0.010,0.969,0.021
579500,0.010,0.972,0.018
580000,0.010,0.972,0.018
580500,0.010,0.965,0.025
581000,0.010,0.953,0.037
581500,0.010,0.954,0.036
582000,0.010,0.954,0.036
582500,0.010,0.958,0.032
583000,0.010,0.956,0.034
583500,0.010,0.970,0.020
584000,0.010,0.968,0.022
584500,0.010,0.976,0.014
585000,0.010,0.975,0.015
585500,0.010,0.957,0.033
586000,0.010,0.956,0.034
586500,0.010,0.961,0.029
587000,0.010,0.965,0.025
587500,0.010,0.973,0.017
588000,0.010,0.980,0.010
588500,0.010,0.981,0.009
589000,0.010,0.974,0.016
589500,0.010,0.971,0.019
590000,0.010,0.974,0.016
590500,0.010,0.966,0.024
591000,0.010,0.954,0.036
591500,0.010,0.965,0.025
592000,0.010,0.957,0.033
592500,0.010,0.958,0.032
593000,0.010,0.958,0.032
593500,0.010,0.958,0.032
594000,0.010,0.964,0.026
594500,0.010,0.967,0.023
595000,0.010,0.966,0.024
595500,0.010,0.973,0.017
596000,0.010,0.965,0.025
596500,0.010,0.966,0.024
597000,0.010,0.969,0.021
597500,0.010,0.963,0.027
598000,0.010,0.964,0.026
598500,0.010,0.969,0.021
599000,0.010,0.971,0.019
599500,0.010,0.976,0.014
600000,0.010,0.976,0.014
600500,0.010,0.973,0.017
601000,0.010,0.966,0.024
601500,0.010,0.971,0.019
602000,0.010,0.967,0.023
602500,0.010,0.959,0.031
603000,0.010,0.975,0.015
603500,0.010,0.983,0.007
604000,0.010,0.978,0.012
604500,0.010,0.974,0.016
605000,0.010,0.970,0.020
605500,0.010,0.976,0.014
606000,0.010,0.964,0.026
606500,0.010,0.963,0.027
607000,0.010,0.957,0.033
607500,0.010,0.957,0.033
608000,0.010,0.966,0.024
608500,0.010,0.970,0.020
609000,0.010,0.962,0.028
609500,0.010,0.959,0.031
610000,0.010,0.958,0.032
610500,0.010,0.965,0.025
611000,0.010,0.959,0.031
611500,0.010,0.972,0.018
612000,0.010,0.976,0.014
612500,0.010,0.980,0.010
613000,0.010,0.978,0.012
613500,0.010,0.973,0.017
614000,0.010,0.973,0.017
614500,0.010,0.965,0.025
615000,0.010,0.979,0.011
615500,0.010,0.976,0.014
616000,0.010,0.967,0.023
616500,0.010,0.968,0.022
617000,0.010,0.962,0.028
617500,0.010,0.970,0.020
618000,0.010,0.968,0.022
618500,0.010,0.969,0.021
619000,0.010,0.964,0.026
619500,0.010,0.965,0.025
620000,0.010,0.966,0.024
620500,0.010,0.975,0.015
621000,0.010,0.974,0.016
621500,0.010,0.979,0.011
622000,0.010,0.979,0.011
622500,0.010,0.973,0.017
623000,0.010,0.967,0.023
623500,0.010,0.969,0.021
624000,0.010,0.961,0.029
624500,0.010,0.950,0.040
625000,0.010,0.966,0.024
625500,0.010,0.971,0.019
626000,0.010,0.979,0.011
626500,0.010,0.976,0.014
627000,0.010,0.978,0.012
627500,0.010,0.969,0.021
628000,0.010,0.976,0.014
628500,0.010,0.975,0.015
629000,0.010,0.970,0.020
629500,0.010,0.964,0.026
630000,0.010,0.965,0.025
630500,0.010,0.961,0.029
631000,0.010,0.967,0.023
631500,0.010,0.956,0.034
632000,0.010,0.957,0.033
632500,0.010,0.969,0.021
633000,0.010,0.974,0.016
633500,0.010,0.980,0.010
634000,0.010,0.982,0.008
634500,0.010,0.976,0.014
635000,0.010,0.980,0.010
635500,0.010,0.978,0.012
636000,0.010,0.976,0.014
636500,0.010,0.967,0.023
637000,0.010,0.962,0.028
637500,0.010,0.971,0.019
638000,0.010,0.960,0.030
638500,0.010,0.958,0.032
639000,0.010,0.969,0.021
639500,0.010,0.962,0.028
640000,0.010,0.971,0.019
640500,0.010,0.963,0.027
641000,0.010,0.968,0.022
641500,0.010,0.974,0.016
642000,0.010,0.974,0.016
642500,0.010,0.973,0.017
643000,0.010,0.971,0.019
643500,0.010,0.977,0.013
644000,0.010,0.964,0.026
644500,0.010,0.973,0.017
645000,0.010,0.978,0.012
645500,0.010,0.974,0.016
646000,0.010,0.967,0.023
646500,0.010,0.974,0.016
647000,0.010,0.971,0.019
647500,0.010,0.979,0.011
648000,0.010,0.978,0.012
648500,0.010,0.980,0.010
649000,0.010,0.976,0.014
649500,0.010,0.975,0.015
650000,0.010,0.974,0.016
650500,0.010,0.979,0.011
651000,0.010,0.981,0.009
651500,0.010,0.985,0.005
652000,0.010,0.973,0.017
652500,0.010,0.980,0.010
653000,0.010,0.982,0.008
653500,0.010,0.971,0.019
654000,0.010,0.967,0.023
654500,0.010,0.970,0.020
655000,0.010,0.978,0.012
655500,0.010,0.975,0.015
656000,0.010,0.973,0.017
656500,0.010,0.973,0.017
657000,0.010,0.957,0.033
657500,0.010,0.962,0.028
658000,0.010,0.965,0.025
658500,0.010,0.973,0.017
659000,0.010,0.979,0.011
659500,0.010,0.982,0.008
660000,0.010,0.977,0.013
660500,0.010,0.973,0.017
661000,0.010,0.966,0.024
661500,0.010,0.974,0.016
662000,0.010,0.979,0.011
662500,0.010,0.982,0.008
663000,0.010,0.969,0.021
663500,0.010,0.966,0.024
664000,0.010,0.960,0.030
664500,0.010,0.963,0.027
665000,0.010,0.973,0.017
665500,0.010,0.964,0.026
666000,0.010,0.965,0.025
666500,0.010,0.966,0.024
667000,0.010,0.970,0.020
667500,0.010,0.949,0.041
668000,0.010,0.961,0.029
668500,0.010,0.954,0.036
669000,0.010,0.961,0.029
669500,0.010,0.960,0.030
670000,0.010,0.957,0.033
670500,0.010,0.959,0.031
671000,0.010,0.961,0.029
671500,0.010,0.964,0.026
672000,0.010,0.970,0.020
672500,0.010,0.959,0.031
673000,0.010,0.968,0.022
673500,0.010,0.973,0.017
674000,0.010,0.977,0.013
674500,0.010,0.976,0.014
675000,0.010,0.966,0.024
675500,0.010,0.957,0.033
676000,0.010,0.962,0.028
676500,0.010,0.958,0.032
677000,0.010,0.962,0.028
677500,0.010,0.952,0.038
678000,0.010,0.957,0.033
678500,0.010,0.975,0.015
679000,0.010,0.978,0.012
679500,0.010,0.983,0.007
680000,0.010,0.980,0.010
680500,0.010,0.976,0.014
681000,0.010,0.974,0.016
681500,0.010,0.966,0.024
682000,0.010,0.974,0.016
682500,0.010,0.976,0.014
683000,0.010,0.969,0.021
683500,0.010,0.967,0.023
684000,0.010,0.958,0.032
684500,0.010,0.957,0.033
685000,0.010,0.958,0.032
685500,0.010,0.942,0.048
686000,0.010,0.958,0.032
686500,0.010,0.950,0.040
687000,0.010,0.950,0.040
687500,0.010,0.955,0.035
688000,0.010,0.971,0.019
688500,0.010,0.978,0.012
689000,0.010,0.970,0.020
689500,0.010,0.959,0.031
690000,0.010,0.963,0.027
690500,0.010,0.968,0.022
691000,0.010,0.969,0.021
691500,0.010,0.965,0.025
692000,0.010,0.956,0.034
692500,0.010,0.963,0.027
693000,0.010,0.970,0.020
693500,0.010,0.971,0.019
694000,0.010,0.966,0.024
694500,0.010,0.964,0.026
695000,0.010,0.970,0.020
695500,0.010,0.956,0.034
696000,0.010,0.960,0.030
696500,0.010,0.960,0.030
697000,0.010,0.959,0.031
697500,0.010,0.961,0.029
698000,0.010,0.970,0.020
698500,0.010,0.970,0.020
699000,0.010,0.972,0.018
699500,0.010,0.973,0.017
700000,0.010,0.969,0.021
700500,0.010,0.967,0.023
701000,0.010,0.968,0.022
701500,0.010,0.965,0.025
702000,0.010,0.969,0.021
702500,0.010,0.965,0.025
703000,0.010,0.968,0.022
703500,0.010,0.973,0.017
704000,0.010,0.981,0.009
704500,0.010,0.975,0.015
705000,0.010,0.974,0.016
705500,0.010,0.974,0.016
706000,0.010,0.962,0.028
706500,0.010,0.969,0.021
707000,0.010,0.969,0.021
707500,0.010,0.959,0.031
708000,0.010,0.956,0.034
708500,0.010,0.960,0.030
709000,0.010,0.978,0.012
709500,0.010,0.978,0.012
710000,0.010,0.981,0.009
710500,0.010,0.977,0.013
711000,0.010,0.972,0.018
711500,0.010,0.969,0.021
712000,0.010,0.969,0.021
712500,0.010,0.974,0.016
713000,0.010,0.970,0.020
713500,0.010,0.971,0.019
714000,0.010,0.969,0.021
714500,0.010,0.968,0.022
715000,0.010,0.977,0.013
715500,0.010,0.962,0.028
716000,0.010,0.970,0.020
716500,0.010,0.970,0.020
717000,0.010,0.969,0.021
717500,0.010,0.962,0.028
718000,0.010,0.955,0.035
718500,0.010,0.964,0.026
719000,0.010,0.979,0.011
719500,0.010,0.979,0.011
720000,0.010,0.966,0.024
720500,0.010,0.979,0.011
721000,0.010,0.971,0.019
721500,0.010,0.959,0.031
722000,0.010,0.959,0.031
722500,0.010,0.958,0.032
723000,0.010,0.956,0.034
723500,0.010,0.949,0.041
724000,0.010,0.954,0.036
724500,0.010,0.964,0.026
725000,0.010,0.971,0.019
725500,0.010,0.982,0.008
726000,0.010,0.970,0.020
726500,0.010,0.965,0.025
727000,0.010,0.973,0.017
727500,0.010,0.965,0.025
728000,0.010,0.960,0.030
728500,0.010,0.965,0.025
729000,0.010,0.969,0.021
729500,0.010,0.975,0.015
730000,0.010,0.966,0.024
730500,0.010,0.952,0.038
731000,0.010,0.969,0.021
731500,0.010,0.973,0.017
732000,0.010,0.965,0.025
732500,0.010,0.968,0.022
733000,0.010,0.964,0.026
733500,0.010,0.964,0.026
734000,0.010,0.959,0.031
734500,0.010,0.959,0.031
735000,0.010,0.953,0.037
735500,0.010,0.968,0.022
736000,0.010,0.973,0.017
736500,0.010,0.982,0.008
737000,0.010,0.976,0.014
737500,0.010,0.968,0.022
738000,0.010,0.965,0.025
738500,0.010,0.962,0.028
739000,0.010,0.958,0.032
739500,0.010,0.966,0.024
740000,0.010,0.969,0.021
740500,0.010,0.974,0.016
741000,0.010,0.975,0.015
741500,0.010,0.980,0.010
742000,0.010,0.974,0.016
742500,0.010,0.969,0.021
743000,0.010,0.961,0.029
743500,0.010,0.972,0.018
744000,0.010,0.967,0.023
744500,0.010,0.973,0.017
745000,0.010,0.977,0.013
745500,0.010,0.977,0.013
746000,0.010,0.965,0.025
746500,0.010,0.954,0.036
747000,0.010,0.940,0.050
747500,0.010,0.959,0.031
748000,0.010,0.973,0.017
748500,0.010,0.966,0.024
749000,0.010,0.965,0.025
749500,0.010,0.969,0.021
750000,0.010,0.965,0.025
750500,0.010,0.979,0.011
751000,0.010,0.975,0.015
751500,0.010,0.961,0.029
752000,0.010,0.965,0.025
752500,0.010,0.959,0.031
753000,0.010,0.971,0.019
753500,0.010,0.969,0.021
754000,0.010,0.966,0.024
754500,0.010,0.973,0.017
755000,0.010,0.975,0.015
755500,0.010,0.969,0.021
756000,0.010,0.969,0.021
756500,0.010,0.963,0.027
757000,0.010,0.971,0.019
757500,0.010,0.976,0.014
758000,0.010,0.970,0.020
758500,0.010,0.971,0.019
759000,0.010,0.971,0.019
759500,0.010,0.960,0.030
760000,0.010,0.966,0.024
760500,0.010,0.971,0.019
761000,0.010,0.975,0.015
761500,0.010,0.976,0.014
762000,0.010,0.969,0.021
762500,0.010,0.971,0.019
763000,0.010,0.966,0.024
763500,0.010,0.966,0.024
764000,0.010,0.959,0.031
764500,0.010,0.967,0.023
765000,0.010,0.977,0.013
765500,0.010,0.969,0.021
766000,0.010,0.975,0.015
766500,0.010,0.981,0.009
767000,0.010,0.976,0.014
767500,0.010,0.959,0.031
768000,0.010,0.962,0.028
768500,0.010,0.969,0.021
769000,0.010,0.964,0.026
769500,0.010,0.961,0.029
770000,0.010,0.969,0.021
770500,0.010,0.968,0.022
771000,0.010,0.973,0.017
771500,0.010,0.967,0.023
772000,0.010,0.971,0.019
772500,0.010,0.963,0.027
773000,0.010,0.959,0.031
773500,0.010,0.956,0.034
774000,0.010,0.952,0.038
774500,0.010,0.967,0.023
775000,0.010,0.967,0.023
775500,0.010,0.957,0.033
776000,0.010,0.961,0.029
776500,0.010,0.968,0.022
777000,0.010,0.962,0.028
777500,0.010,0.963,0.027
778000,0.010,0.973,0.017
778500,0.010,0.974,0.016
779000,0.010,0.970,0.020
779500,0.010,0.974,0.016
780000,0.010,0.980,0.010
780500,0.010,0.970,0.020
781000,0.010,0.976,0.014
781500,0.010,0.974,0.016
782000,0.010,0.968,0.022
782500,0.010,0.961,0.029
783000,0.010,0.971,0.019
783500,0.010,0.979,0.011
784000,0.010,0.965,0.025
784500,0.010,0.967,0.023
785000,0.010,0.967,0.023
785500,0.010,0.965,0.025
786000,0.010,0.963,0.027
786500,0.010,0.962,0.028
787000,0.010,0.965,0.025
787500,0.010,0.965,0.025
788000,0.010,0.971,0.019
788500,0.010,0.969,0.021
789000,0.010,0.968,0.022
789500,0.010,0.967,0.023
790000,0.010,0.955,0.035
790500,0.010,0.957,0.033
791000,0.010,0.960,0.030
791500,0.010,0.968,0.022
792000,0.010,0.960,0.030
792500,0.010,0.962,0.028
793000,0.010,0.963,0.027
793500,0.010,0.968,0.022
794000,0.010,0.973,0.017
794500,0.010,0.969,0.021
795000,0.010,0.966,0.024
795500,0.010,0.982,0.008
796000,0.010,0.975,0.015
796500,0.010,0.985,0.005
797000,0.010,0.979,0.011
797500,0.010,0.980,0.010
798000,0.010,0.978,0.012
798500,0.010,0.976,0.014
799000,0.010,0.981,0.009
799500,0.010,0.980,0.010
800000,0.010,0.978,0.012
800500,0.010,0.973,0.017
801000,0.010,0.964,0.026
801500,0.010,0.965,0.025
802000,0.010,0.962,0.028
802500,0.010,0.969,0.021
803000,0.010,0.956,0.034
803500,0.010,0.968,0.022
804000,0.010,0.973,0.017
804500,0.010,0.972,0.018
805000,0.010,0.972,0.018
805500,0.010,0.968,0.022
806000,0.010,0.947,0.043
806500,0.010,0.958,0.032
807000,0.010,0.970,0.020
807500,0.010,0.964,0.026
808000,0.010,0.974,0.016
808500,0.010,0.965,0.025
809000,0.010,0.966,0.024
809500,0.010,0.973,0.017
810000,0.010,0.973,0.017
810500,0.010,0.970,0.020
811000,0.010,0.973,0.017
811500,0.010,0.960,0.030
812000,0.010,0.955,0.035
812500,0.010,0.958,0.032
813000,0.010,0.958,0.032
813500,0.010,0.954,0.036
814000,0.010,0.939,0.051
814500,0.010,0.951,0.039
815000,0.010,0.962,0.028
815500,0.010,0.975,0.015
816000,0.010,0.963,0.027
816500,0.010,0.973,0.017
817000,0.010,0.975,0.015
817500,0.010,0.974,0.016
818000,0.010,0.967,0.023
818500,0.010,0.961,0.029
819000,0.010,0.950,0.040
819500,0.010,0.966,0.024
820000,0.010,0.959,0.031
820500,0.010,0.948,0.042
821000,0.010,0.959,0.031
821500,0.010,0.970,0.020
822000,0.010,0.969,0.021
822500,0.010,0.973,0.017
823000,0.010,0.968,0.022
823500,0.010,0.965,0.025
824000,0.010,0.972,0.018
824500,0.010,0.955,0.035
825000,0.010,0.955,0.035
825500,0.010,0.951,0.039
826000,0.010,0.971,0.019
826500,0.010,0.975,0.015
827000,0.010,0.974,0.016
827500,0.010,0.958,0.032
828000,0.010,0.966,0.024
828500,0.010,0.958,0.032
829000,0.010,0.949,0.041
829500,0.010,0.970,0.020
830000,0.010,0.968,0.022
830500,0.010,0.964,0.026
831000,0.010,0.946,0.044
831500,0.010,0.955,0.035
832000,0.010,0.965,0.025
832500,0.010,0.955,0.035
833000,0.010,0.951,0.039
833500,0.010,0.960,0.030
834000,0.010,0.964,0.026
834500,0.010,0.977,0.013
835000,0.010,0.974,0.016
835500,0.010,0.981,0.009
836000,0.010,0.972,0.018
836500,0.010,0.964,0.026
837000,0.010,0.975,0.015
837500,0.010,0.952,0.038
838000,0.010,0.965,0.025
838500,0.010,0.971,0.019
839000,0.010,0.967,0.023
839500,0.010,0.969,0.021
840000,0.010,0.981,0.009
840500,0.010,0.978,0.012
841000,0.010,0.971,0.019
841500,0.010,0.979,0.011
842000,0.010,0.979,0.011
842500,0.010,0.978,0.012
843000,0.010,0.977,0.013
843500,0.010,0.973,0.017
844000,0.010,0.960,0.030
844500,0.010,0.963,0.027
845000,0.010,0.959,0.031
845500,0.010,0.962,0.028
846000,0.010,0.975,0.015
846500,0.010,0.968,0.022
847000,0.010,0.962,0.028
847500,0.010,0.967,0.023
848000,0.010,0.959,0.031
848500,0.010,0.965,0.025
849000,0.010,0.973,0.017
849500,0.010,0.978,0.012
850000,0.010,0.987,0.003
850500,0.010,0.975,0.015
851000,0.010,0.964,0.026
851500,0.010,0.974,0.016
852000,0.010,0.964,0.026
852500,0.010,0.969,0.021
853000,0.010,0.977,0.013
853500,0.010,0.969,0.021
854000,0.010,0.974,0.016
854500,0.010,0.966,0.024
855000,0.010,0.970,0.020
855500,0.010,0.969,0.021
856000,0.010,0.977,0.013
856500,0.010,0.976,0.014
857000,0.010,0.972,0.018
857500,0.010,0.968,0.022
858000,0.010,0.969,0.021
858500,0.010,0.973,0.017
859000,0.010,0.978,0.012
859500,0.010,0.984,0.006
860000,0.010,0.986,0.004
860500,0.010,0.970,0.020
861000,0.010,0.975,0.015
861500,0.010,0.979,0.011
862000,0.010,0.980,0.010
862500,0.010,0.972,0.018
863000,0.010,0.979,0.011
863500,0.010,0.977,0.013
864000,0.010,0.980,0.010
864500,0.010,0.971,0.019
865000,0.010,0.950,0.040
865500,0.010,0.946,0.044
866000,0.010,0.957,0.033
866500,0.010,0.967,0.023
867000,0.010,0.967,0.023
867500,0.010,0.976,0.014
868000,0.010,0.979,0.011
868500,0.010,0.971,0.019
869000,0.010,0.974,0.016
869500,0.010,0.953,0.037
870000,0.010,0.962,0.028
870500,0.010,0.965,0.025
871000,0.010,0.962,0.028
871500,0.010,0.962,0.028
872000,0.010,0.961,0.029
872500,0.010,0.968,0.022
873000,0.010,0.978,0.012
873500,0.010,0.976,0.014
874000,0.010,0.972,0.018
874500,0.010,0.965,0.025
875000,0.010,0.968,0.022
875500,0.010,0.957,0.033
876000,0.010,0.968,0.022
876500,0.010,0.974,0.016
877000,0.010,0.970,0.020
877500,0.010,0.975,0.015
878000,0.010,0.982,0.008
878500,0.010,0.982,0.008
879000,0.010,0.978,0.012
879500,0.010,0.976,0.014
880000,0.010,0.967,0.023
880500,0.010,0.964,0.026
881000,0.010,0.967,0.023
881500,0.010,0.976,0.014
882000,0.010,0.972,0.018
882500,0.010,0.970,0.020
883000,0.010,0.965,0.025
883500,0.010,0.963,0.027
884000,0.010,0.965,0.025
884500,0.010,0.974,0.016
885000,0.010,0.977,0.013
885500,0.010,0.971,0.019
886000,0.010,0.970,0.020
886500,0.010,0.973,0.017
887000,0.010,0.978,0.012
887500,0.010,0.979,0.011
888000,0.010,0.978,0.012
888500,0.010,0.984,0.006
889000,0.010,0.984,0.006
889500,0.010,0.978,0.012
890000,0.010,0.967,0.023
890500,0.010,0.957,0.033
891000,0.010,0.964,0.026
891500,0.010,0.970,0.020
892000,0.010,0.968,0.022
892500,0.010,0.969,0.021
893000,0.010,0.960,0.030
893500,0.010,0.966,0.024
894000,0.010,0.962,0.028
894500,0.010,0.965,0.025
895000,0.010,0.967,0.023
895500,0.010,0.972,0.018
896000,0.010,0.957,0.033
896500,0.010,0.947,0.043
897000,0.010,0.957,0.033
897500,0.010,0.964,0.026
898000,0.010,0.977,0.013
898500,0.010,0.985,0.005
899000,0.010,0.977,0.013
899500,0.010,0.980,0.010
900000,0.010,0.975,0.015
900500,0.010,0.978,0.012
901000,0.010,0.977,0.013
901500,0.010,0.973,0.017
902000,0.010,0.981,0.009
902500,0.010,0.980,0.010
903000,0.010,0.978,0.012
903500,0.010,0.971,0.019
904000,0.010,0.970,0.020
904500,0.010,0.972,0.018
905000,0.010,0.973,0.017
905500,0.010,0.972,0.018
906000,0.010,0.974,0.016
906500,0.010,0.951,0.039
907000,0.010,0.952,0.038
907500,0.010,0.961,0.029
908000,0.010,0.971,0.019
908500,0.010,0.973,0.017
909000,0.010,0.981,0.009
909500,0.010,0.963,0.027
910000,0.010,0.957,0.033
910500,0.010,0.968,0.022
911000,0.010,0.965,0.025
911500,0.010,0.968,0.022
912000,0.010,0.976,0.014
912500,0.010,0.982,0.008
913000,0.010,0.975,0.015
913500,0.010,0.961,0.029
914000,0.010,0.950,0.040
914500,0.010,0.947,0.043
915000,0.010,0.965,0.025
915500,0.010,0.979,0.011
916000,0.010,0.967,0.023
916500,0.010,0.971,0.019
917000,0.010,0.959,0.031
917500,0.010,0.963,0.027
918000,0.010,0.958,0.032
918500,0.010,0.959,0.031
919000,0.010,0.967,0.023
919500,0.010,0.960,0.030
920000,0.010,0.957,0.033
920500,0.010,0.964,0.026
921000,0.010,0.965,0.025
921500,0.010,0.967,0.023
922000,0.010,0.970,0.020
922500,0.010,0.971,0.019
923000,0.010,0.978,0.012
923500,0.010,0.968,0.022
924000,0.010,0.961,0.029
924500,0.010,0.963,0.027
925000,0.010,0.965,0.025
925500,0.010,0.960,0.030
926000,0.010,0.949,0.041
926500,0.010,0.946,0.044
927000,0.010,0.941,0.049
927500,0.010,0.961,0.029
928000,0.010,0.957,0.033
928500,0.010,0.965,0.025
929000,0.010,0.967,0.023
929500,0.010,0.966,0.024
930000,0.010,0.958,0.032
930500,0.010,0.966,0.024
931000,0.010,0.967,0.023
931500,0.010,0.978,0.012
932000,0.010,0.970,0.020
932500,0.010,0.974,0.016
933000,0.010,0.972,0.018
933500,0.010,0.965,0.025
934000,0.010,0.963,0.027
934500,0.010,0.965,0.025
935000,0.010,0.982,0.008
935500,0.010,0.975,0.015
936000,0.010,0.974,0.016
936500,0.010,0.979,0.011
937000,0.010,0.973,0.017
937500,0.010,0.964,0.026
938000,0.010,0.970,0.020
938500,0.010,0.974,0.016
939000,0.010,0.979,0.011
939500,0.010,0.980,0.010
940000,0.010,0.979,0.011
940500,0.010,0.975,0.015
941000,0.010,0.974,0.016
941500,0.010,0.969,0.021
942000,0.010,0.979,0.011
942500,0.010,0.978,0.012
943000,0.010,0.969,0.021
943500,0.010,0.975,0.015
944000,0.010,0.975,0.015
944500,0.010,0.976,0.014
945000,0.010,0.977,0.013
945500,0.010,0.972,0.018
946000,0.010,0.972,0.018
946500,0.010,0.965,0.025
947000,0.010,0.958,0.032
947500,0.010,0.960,0.030
948000,0.010,0.967,0.023
948500,0.010,0.961,0.029
949000,0.010,0.957,0.033
949500,0.010,0.952,0.038
950000,0.010,0.939,0.051
950500,0.010,0.959,0.031
951000,0.010,0.965,0.025
951500,0.010,0.965,0.025
952000,0.010,0.971,0.019
952500,0.010,0.960,0.030
953000,0.010,0.964,0.026
953500,0.010,0.965,0.025
954000,0.010,0.968,0.022
954500,0.010,0.963,0.027
955000,0.010,0.960,0.030
955500,0.010,0.964,0.026
956000,0.010,0.951,0.039
956500,0.010,0.948,0.042
957000,0.010,0.956,0.034
957500,0.010,0.964,0.026
958000,0.010,0.968,0.022
958500,0.010,0.964,0.026
959000,0.010,0.974,0.016
959500,0.010,0.967,0.023
960000,0.010,0.972,0.018
960500,0.010,0.977,0.013
961000,0.010,0.972,0.018
961500,0.010,0.947,0.043
962000,0.010,0.952,0.038
962500,0.010,0.966,0.024
963000,0.010,0.977,0.013
963500,0.010,0.974,0.016
964000,0.010,0.980,0.010
964500,0.010,0.973,0.017
965000,0.010,0.965,0.025
965500,0.010,0.976,0.014
966000,0.010,0.981,0.009
966500,0.010,0.977,0.013
967000,0.010,0.972,0.018
967500,0.010,0.976,0.014
968000,0.010,0.981,0.009
968500,0.010,0.973,0.017
969000,0.010,0.963,0.027
969500,0.010,0.966,0.024
970000,0.010,0.970,0.020
970500,0.010,0.967,0.023
971000,0.010,0.974,0.016
971500,0.010,0.972,0.018
972000,0.010,0.969,0.021
972500,0.010,0.969,0.021
973000,0.010,0.958,0.032
973500,0.010,0.960,0.030
974000,0.010,0.962,0.028
974500,0.010,0.966,0.024
975000,0.010,0.962,0.028
975500,0.010,0.967,0.023
976000,0.010,0.962,0.028
976500,0.010,0.967,0.023
977000,0.010,0.958,0.032
977500,0.010,0.954,0.036
978000,0.010,0.965,0.025
978500,0.010,0.963,0.027
979000,0.010,0.965,0.025
979500,0.010,0.969,0.021
980000,0.010,0.955,0.035
980500,0.010,0.960,0.030
981000,0.010,0.963,0.027
981500,0.010,0.970,0.020
982000,0.010,0.976,0.014
982500,0.010,0.983,0.007
983000,0.010,0.974,0.016
983500,0.010,0.973,0.017
984000,0.010,0.969,0.021
984500,0.010,0.975,0.015
985000,0.010,0.957,0.033
985500,0.010,0.966,0.024
986000,0.010,0.974,0.016
986500,0.010,0.979,0.011
987000,0.010,0.979,0.011
987500,0.010,0.978,0.012
988000,0.010,0.976,0.014
988500,0.010,0.980,0.010
989000,0.010,0.977,0.013
989500,0.010,0.964,0.026
990000,0.010,0.968,0.022
990500,0.010,0.973,0.017
991000,0.010,0.978,0.012
991500,0.010,0.980,0.010
992000,0.010,0.974,0.016
992500,0.010,0.980,0.010
993000,0.010,0.982,0.008
993500,0.010,0.975,0.015
994000,0.010,0.978,0.012
994500,0.010,0.984,0.006
995000,0.010,0.977,0.013
995500,0.010,0.982,0.008
996000,0.010,0.976,0.014
996500,0.010,0.978,0.012
997000,0.010,0.978,0.012
997500,0.010,0.981,0.009
998000,0.010,0.962,0.028
998500,0.010,0.964,0.026
999000,0.010,0.958,0.032
999500,0.010,0.963,0.027
1000000,0.010,0.965,0.025
