time,n_A+p,n_B,n_AB
500,0.050,0.830,0.120
1000,0.050,0.609,0.341
1500,0.050,0.382,0.568
2000,0.054,0.233,0.713
2500,0.059,0.159,0.782
3000,0.080,0.127,0.794
3500,0.099,0.088,0.814
4000,0.150,0.055,0.794
4500,0.190,0.036,0.774
5000,0.211,0.015,0.773
5500,0.218,0.022,0.759
6000,0.256,0.018,0.727
6500,0.236,0.005,0.758
7000,0.304,0.000,0.696
7500,0.351,0.003,0.647
8000,0.302,0.000,0.698
8500,0.332,0.004,0.664
9000,0.384,0.001,0.616
9500,0.389,0.000,0.611
10000,0.350,0.004,0.646
10500,0.376,0.001,0.624
11000,0.335,0.000,0.665
11500,0.383,0.000,0.617
12000,0.394,0.000,0.606
12500,0.414,0.000,0.586
13000,0.392,0.000,0.608
13500,0.380,0.000,0.621
14000,0.408,0.000,0.592
14500,0.357,0.000,0.643
15000,0.346,0.003,0.651
15500,0.296,0.001,0.703
16000,0.326,0.003,0.671
16500,0.286,0.001,0.713
17000,0.300,0.001,0.699
17500,0.292,0.001,0.707
18000,0.308,0.000,0.692
18500,0.309,0.002,0.689
19000,0.309,0.013,0.678
19500,0.254,0.002,0.745
20000,0.301,0.001,0.698
20500,0.360,0.000,0.640
21000,0.409,0.000,0.591
21500,0.346,0.000,0.653
22000,0.349,0.010,0.641
22500,0.352,0.002,0.645
23000,0.328,0.003,0.669
23500,0.347,0.006,0.647
24000,0.287,0.002,0.711
24500,0.314,0.000,0.686
25000,0.389,0.000,0.611
25500,0.405,0.000,0.595
26000,0.350,0.000,0.649
26500,0.329,0.003,0.669
27000,0.366,0.004,0.629
27500,0.355,0.001,0.644
28000,0.368,0.000,0.631
28500,0.406,0.000,0.595
29000,0.377,0.000,0.623
29500,0.322,0.000,0.678
30000,0.355,0.000,0.645
30500,0.342,0.000,0.658
31000,0.321,0.000,0.679
31500,0.345,0.001,0.654
32000,0.344,0.000,0.656
32500,0.370,0.002,0.629
33000,0.308,0.000,0.692
33500,0.310,0.006,0.683
34000,0.343,0.002,0.655
34500,0.329,0.005,0.666
35000,0.339,0.005,0.656
35500,0.363,0.000,0.637
36000,0.307,0.005,0.688
36500,0.308,0.002,0.690
37000,0.335,0.001,0.665
37500,0.310,0.000,0.690
38000,0.310,0.000,0.690
38500,0.318,0.005,0.677
39000,0.366,0.008,0.625
39500,0.303,0.009,0.689
40000,0.332,0.007,0.661
40500,0.309,0.002,0.689
41000,0.299,0.001,0.701
41500,0.343,0.000,0.657
42000,0.320,0.004,0.676
42500,0.327,0.004,0.669
43000,0.367,0.000,0.633
43500,0.367,0.000,0.633
44000,0.330,0.000,0.670
44500,0.384,0.000,0.616
45000,0.362,0.000,0.638
45500,0.326,0.000,0.674
46000,0.304,0.004,0.692
46500,0.330,0.004,0.667
47000,0.382,0.002,0.617
47500,0.343,0.000,0.657
48000,0.329,0.004,0.668
48500,0.297,0.000,0.703
49000,0.297,0.002,0.701
49500,0.335,0.002,0.664
50000,0.346,0.000,0.653
50500,0.313,0.000,0.687
51000,0.338,0.005,0.657
51500,0.314,0.004,0.682
52000,0.307,0.007,0.685
52500,0.281,0.006,0.713
53000,0.286,0.007,0.707
53500,0.282,0.003,0.715
54000,0.282,0.000,0.718
54500,0.317,0.007,0.676
55000,0.347,0.005,0.647
55500,0.301,0.003,0.696
56000,0.310,0.002,0.689
56500,0.319,0.000,0.681
57000,0.339,0.003,0.658
57500,0.326,0.001,0.673
58000,0.284,0.009,0.708
58500,0.308,0.001,0.691
59000,0.306,0.000,0.694
59500,0.309,0.001,0.691
60000,0.328,0.003,0.669
60500,0.311,0.001,0.688
61000,0.296,0.001,0.703
61500,0.338,0.000,0.662
62000,0.338,0.000,0.662
62500,0.333,0.000,0.667
63000,0.330,0.003,0.668
63500,0.293,0.004,0.703
64000,0.292,0.009,0.699
64500,0.248,0.009,0.744
65000,0.266,0.011,0.723
65500,0.292,0.007,0.701
66000,0.309,0.004,0.687
66500,0.335,0.001,0.665
67000,0.344,0.000,0.656
67500,0.366,0.004,0.631
68000,0.343,0.001,0.656
68500,0.333,0.001,0.667
69000,0.371,0.004,0.625
69500,0.371,0.000,0.629
70000,0.344,0.000,0.656
70500,0.311,0.013,0.675
71000,0.273,0.012,0.715
71500,0.269,0.017,0.714
72000,0.274,0.005,0.721
72500,0.287,0.005,0.707
73000,0.321,0.001,0.678
73500,0.310,0.002,0.688
74000,0.352,0.002,0.646
74500,0.324,0.000,0.676
75000,0.383,0.002,0.616
75500,0.370,0.002,0.628
76000,0.379,0.004,0.618
76500,0.335,0.004,0.661
77000,0.367,0.003,0.631
77500,0.361,0.002,0.638
78000,0.400,0.000,0.600
78500,0.355,0.000,0.645
79000,0.301,0.000,0.699
79500,0.329,0.000,0.671
80000,0.328,0.001,0.671
80500,0.342,0.002,0.656
81000,0.366,0.003,0.631
81500,0.388,0.000,0.612
82000,0.336,0.000,0.664
82500,0.344,0.000,0.656
83000,0.354,0.000,0.645
83500,0.358,0.000,0.641
84000,0.356,0.000,0.643
84500,0.353,0.003,0.644
85000,0.323,0.001,0.676
85500,0.351,0.000,0.649
86000,0.365,0.000,0.635
86500,0.363,0.005,0.632
87000,0.292,0.002,0.707
87500,0.362,0.001,0.638
88000,0.325,0.000,0.675
88500,0.325,0.003,0.673
89000,0.343,0.000,0.657
89500,0.341,0.000,0.659
90000,0.282,0.000,0.718
90500,0.318,0.013,0.669
91000,0.316,0.004,0.680
91500,0.324,0.007,0.669
92000,0.354,0.002,0.645
92500,0.331,0.002,0.667
93000,0.361,0.000,0.639
93500,0.366,0.003,0.632
94000,0.341,0.007,0.652
94500,0.372,0.000,0.627
95000,0.393,0.000,0.607
95500,0.353,0.003,0.644
96000,0.362,0.001,0.637
96500,0.331,0.000,0.669
97000,0.344,0.005,0.651
97500,0.341,0.004,0.656
98000,0.360,0.000,0.639
98500,0.352,0.000,0.648
99000,0.339,0.004,0.657
99500,0.335,0.001,0.664
100000,0.358,0.000,0.641
100500,0.358,0.000,0.642
101000,0.376,0.000,0.624
101500,0.356,0.000,0.643
102000,0.316,0.000,0.684
102500,0.343,0.001,0.656
103000,0.331,0.000,0.669
103500,0.329,0.003,0.669
104000,0.312,0.003,0.685
104500,0.315,0.001,0.685
105000,0.344,0.006,0.650
105500,0.355,0.001,0.644
106000,0.324,0.005,0.670
106500,0.329,0.006,0.665
107000,0.300,0.008,0.692
107500,0.353,0.001,0.647
108000,0.315,0.000,0.685
108500,0.353,0.000,0.647
109000,0.345,0.002,0.653
109500,0.358,0.002,0.639
110000,0.355,0.002,0.643
110500,0.315,0.004,0.681
111000,0.283,0.004,0.714
111500,0.308,0.006,0.685
112000,0.290,0.004,0.707
112500,0.333,0.006,0.661
113000,0.363,0.007,0.630
113500,0.390,0.000,0.610
114000,0.397,0.000,0.603
114500,0.350,0.002,0.649
115000,0.390,0.000,0.611
115500,0.330,0.000,0.670
116000,0.382,0.003,0.616
116500,0.349,0.000,0.651
117000,0.324,0.000,0.676
117500,0.348,0.000,0.651
118000,0.345,0.004,0.651
118500,0.358,0.004,0.638
119000,0.359,0.000,0.641
119500,0.385,0.000,0.615
120000,0.395,0.000,0.605
120500,0.346,0.000,0.654
121000,0.364,0.002,0.633
121500,0.349,0.001,0.651
122000,0.340,0.000,0.660
122500,0.378,0.000,0.623
123000,0.327,0.000,0.673
123500,0.325,0.000,0.675
124000,0.316,0.000,0.684
124500,0.344,0.000,0.655
125000,0.336,0.000,0.664
125500,0.384,0.000,0.617
126000,0.358,0.003,0.639
126500,0.363,0.000,0.637
127000,0.384,0.000,0.616
127500,0.377,0.000,0.623
128000,0.423,0.000,0.577
128500,0.397,0.000,0.603
129000,0.354,0.000,0.645
129500,0.332,0.003,0.665
130000,0.312,0.001,0.687
130500,0.355,0.003,0.643
131000,0.328,0.000,0.672
131500,0.332,0.000,0.668
132000,0.371,0.000,0.629
132500,0.330,0.000,0.670
133000,0.330,0.002,0.669
133500,0.368,0.001,0.631
134000,0.312,0.001,0.688
134500,0.320,0.000,0.680
135000,0.361,0.003,0.637
135500,0.358,0.001,0.641
136000,0.348,0.000,0.652
136500,0.328,0.000,0.672
137000,0.371,0.002,0.628
137500,0.310,0.008,0.681
138000,0.323,0.003,0.674
138500,0.330,0.001,0.670
139000,0.371,0.000,0.629
139500,0.373,0.000,0.627
140000,0.419,0.000,0.581
140500,0.344,0.008,0.648
141000,0.336,0.002,0.663
141500,0.379,0.004,0.617
142000,0.348,0.002,0.650
142500,0.323,0.000,0.677
143000,0.314,0.000,0.686
143500,0.318,0.003,0.680
144000,0.299,0.006,0.695
144500,0.300,0.005,0.694
145000,0.290,0.002,0.708
145500,0.368,0.006,0.626
146000,0.316,0.005,0.679
146500,0.322,0.001,0.677
147000,0.363,0.002,0.635
147500,0.350,0.001,0.649
148000,0.358,0.000,0.641
148500,0.346,0.000,0.653
149000,0.362,0.000,0.638
149500,0.349,0.003,0.648
150000,0.363,0.000,0.637
150500,0.311,0.000,0.689
151000,0.374,0.000,0.625
151500,0.387,0.000,0.613
152000,0.356,0.000,0.643
152500,0.342,0.005,0.653
153000,0.353,0.001,0.646
153500,0.350,0.000,0.649
154000,0.353,0.003,0.644
154500,0.368,0.002,0.630
155000,0.405,0.000,0.595
155500,0.355,0.000,0.645
156000,0.322,0.000,0.678
156500,0.342,0.004,0.654
157000,0.311,0.001,0.688
157500,0.379,0.002,0.619
158000,0.358,0.004,0.638
158500,0.351,0.002,0.647
159000,0.309,0.004,0.687
159500,0.337,0.000,0.663
160000,0.371,0.000,0.629
160500,0.352,0.000,0.648
161000,0.365,0.002,0.633
161500,0.368,0.002,0.631
162000,0.384,0.001,0.616
162500,0.394,0.000,0.607
163000,0.357,0.003,0.640
163500,0.355,0.000,0.645
164000,0.384,0.000,0.616
164500,0.376,0.000,0.625
165000,0.393,0.000,0.607
165500,0.399,0.000,0.601
166000,0.386,0.000,0.615
166500,0.368,0.003,0.629
167000,0.309,0.000,0.691
167500,0.324,0.000,0.676
168000,0.322,0.003,0.675
168500,0.356,0.001,0.644
169000,0.362,0.000,0.638
169500,0.332,0.003,0.666
170000,0.335,0.000,0.665
170500,0.409,0.000,0.591
171000,0.382,0.000,0.619
171500,0.342,0.007,0.651
172000,0.270,0.003,0.727
172500,0.335,0.003,0.662
173000,0.303,0.008,0.689
173500,0.306,0.006,0.688
174000,0.373,0.009,0.618
174500,0.364,0.002,0.635
175000,0.387,0.004,0.610
175500,0.367,0.001,0.632
176000,0.311,0.005,0.683
176500,0.312,0.005,0.682
177000,0.355,0.002,0.643
177500,0.342,0.001,0.657
178000,0.339,0.000,0.661
178500,0.301,0.000,0.699
179000,0.314,0.000,0.686
179500,0.316,0.004,0.680
180000,0.313,0.007,0.680
180500,0.349,0.002,0.649
181000,0.350,0.001,0.650
181500,0.389,0.000,0.611
182000,0.404,0.000,0.597
182500,0.336,0.000,0.664
183000,0.324,0.000,0.676
183500,0.325,0.004,0.672
184000,0.345,0.004,0.651
184500,0.354,0.002,0.644
185000,0.364,0.001,0.634
185500,0.339,0.002,0.660
186000,0.349,0.004,0.647
186500,0.365,0.001,0.635
187000,0.360,0.000,0.639
187500,0.364,0.000,0.635
188000,0.335,0.000,0.665
188500,0.347,0.000,0.653
189000,0.317,0.003,0.681
189500,0.321,0.003,0.677
190000,0.288,0.001,0.711
190500,0.292,0.013,0.695
191000,0.286,0.004,0.710
191500,0.288,0.005,0.707
192000,0.273,0.006,0.721
192500,0.277,0.006,0.717
193000,0.288,0.009,0.704
193500,0.316,0.007,0.677
194000,0.387,0.002,0.611
194500,0.345,0.000,0.655
195000,0.374,0.000,0.625
195500,0.342,0.000,0.658
196000,0.298,0.000,0.702
196500,0.295,0.000,0.705
197000,0.324,0.001,0.675
197500,0.334,0.002,0.665
198000,0.298,0.002,0.701
198500,0.324,0.006,0.670
199000,0.342,0.002,0.656
199500,0.317,0.003,0.681
200000,0.373,0.006,0.620
200500,0.358,0.001,0.640
201000,0.335,0.002,0.663
201500,0.314,0.003,0.683
202000,0.323,0.000,0.677
202500,0.317,0.000,0.683
203000,0.300,0.001,0.699
203500,0.291,0.004,0.705
204000,0.345,0.004,0.651
204500,0.338,0.002,0.660
205000,0.326,0.002,0.673
205500,0.351,0.004,0.645
206000,0.342,0.004,0.654
206500,0.307,0.000,0.693
207000,0.339,0.009,0.653
207500,0.357,0.002,0.641
208000,0.352,0.001,0.648
208500,0.352,0.001,0.648
209000,0.326,0.002,0.673
209500,0.271,0.009,0.720
210000,0.322,0.001,0.677
210500,0.308,0.001,0.691
211000,0.288,0.003,0.709
211500,0.308,0.006,0.686
212000,0.305,0.006,0.689
212500,0.306,0.003,0.691
213000,0.294,0.005,0.700
213500,0.279,0.006,0.715
214000,0.317,0.011,0.673
214500,0.376,0.004,0.621
215000,0.316,0.001,0.683
215500,0.386,0.001,0.613
216000,0.403,0.000,0.597
216500,0.370,0.000,0.630
217000,0.358,0.000,0.641
217500,0.322,0.000,0.678
218000,0.338,0.000,0.662
218500,0.358,0.000,0.641
219000,0.403,0.005,0.592
219500,0.413,0.001,0.586
220000,0.401,0.001,0.599
220500,0.344,0.000,0.655
221000,0.362,0.000,0.638
221500,0.391,0.000,0.609
222000,0.407,0.000,0.593
222500,0.380,0.000,0.621
223000,0.370,0.000,0.629
223500,0.362,0.000,0.637
224000,0.363,0.000,0.637
224500,0.349,0.002,0.649
225000,0.312,0.000,0.688
225500,0.274,0.008,0.718
226000,0.292,0.004,0.704
226500,0.347,0.001,0.652
227000,0.350,0.000,0.649
227500,0.399,0.000,0.601
228000,0.403,0.000,0.597
228500,0.407,0.000,0.593
229000,0.396,0.000,0.604
229500,0.359,0.000,0.641
230000,0.395,0.002,0.603
230500,0.371,0.000,0.629
231000,0.385,0.000,0.615
231500,0.385,0.001,0.614
232000,0.320,0.001,0.680
232500,0.300,0.000,0.700
233000,0.307,0.010,0.682
233500,0.326,0.009,0.665
234000,0.304,0.014,0.681
234500,0.323,0.010,0.667
235000,0.328,0.006,0.665
235500,0.332,0.003,0.665
236000,0.404,0.001,0.596
236500,0.356,0.001,0.644
237000,0.333,0.001,0.667
237500,0.319,0.003,0.679
238000,0.346,0.005,0.648
238500,0.329,0.009,0.662
239000,0.342,0.002,0.656
239500,0.313,0.001,0.686
240000,0.358,0.001,0.640
240500,0.360,0.006,0.634
241000,0.382,0.007,0.612
241500,0.363,0.002,0.635
242000,0.384,0.000,0.616
242500,0.335,0.000,0.665
243000,0.324,0.000,0.676
243500,0.353,0.002,0.645
244000,0.356,0.000,0.644
244500,0.366,0.000,0.633
245000,0.391,0.000,0.609
245500,0.343,0.000,0.657
246000,0.318,0.000,0.682
246500,0.283,0.010,0.707
247000,0.295,0.009,0.696
247500,0.306,0.002,0.692
248000,0.330,0.002,0.668
248500,0.286,0.001,0.714
249000,0.343,0.002,0.656
249500,0.331,0.000,0.669
250000,0.269,0.000,0.732
250500,0.334,0.003,0.664
251000,0.364,0.001,0.635
251500,0.358,0.003,0.639
252000,0.378,0.004,0.618
252500,0.304,0.004,0.692
253000,0.283,0.001,0.716
253500,0.294,0.013,0.693
254000,0.333,0.003,0.665
254500,0.327,0.001,0.672
255000,0.323,0.001,0.677
255500,0.319,0.003,0.679
256000,0.315,0.004,0.681
256500,0.374,0.000,0.626
257000,0.400,0.000,0.600
257500,0.344,0.000,0.656
258000,0.349,0.003,0.648
258500,0.316,0.001,0.683
259000,0.355,0.004,0.641
259500,0.350,0.000,0.649
260000,0.360,0.000,0.640
260500,0.386,0.000,0.614
261000,0.359,0.000,0.641
261500,0.308,0.007,0.685
262000,0.331,0.003,0.667
262500,0.312,0.000,0.688
263000,0.340,0.002,0.658
263500,0.323,0.001,0.677
264000,0.318,0.000,0.682
264500,0.362,0.000,0.638
265000,0.384,0.000,0.617
265500,0.409,0.000,0.591
266000,0.412,0.000,0.588
266500,0.355,0.000,0.645
267000,0.315,0.000,0.685
267500,0.392,0.000,0.608
268000,0.397,0.000,0.603
268500,0.381,0.000,0.619
269000,0.343,0.000,0.657
269500,0.314,0.000,0.686
270000,0.354,0.005,0.641
270500,0.333,0.001,0.666
271000,0.293,0.010,0.697
271500,0.297,0.002,0.702
272000,0.315,0.000,0.685
272500,0.340,0.001,0.659
273000,0.368,0.000,0.632
273500,0.383,0.000,0.617
274000,0.347,0.000,0.653
274500,0.359,0.000,0.641
275000,0.312,0.000,0.688
275500,0.352,0.000,0.647
276000,0.360,0.000,0.639
276500,0.369,0.000,0.631
277000,0.356,0.002,0.642
277500,0.355,0.000,0.645
278000,0.348,0.000,0.651
278500,0.344,0.002,0.653
279000,0.371,0.000,0.629
279500,0.294,0.005,0.701
280000,0.350,0.003,0.647
280500,0.330,0.004,0.665
281000,0.298,0.001,0.702
281500,0.275,0.005,0.720
282000,0.244,0.003,0.753
282500,0.242,0.006,0.752
283000,0.279,0.013,0.708
283500,0.307,0.001,0.692
284000,0.349,0.004,0.647
284500,0.328,0.001,0.671
285000,0.298,0.004,0.698
285500,0.350,0.001,0.650
286000,0.341,0.001,0.659
286500,0.387,0.000,0.613
287000,0.353,0.004,0.643
287500,0.361,0.010,0.629
288000,0.333,0.002,0.666
288500,0.302,0.001,0.697
289000,0.295,0.000,0.705
289500,0.309,0.005,0.686
290000,0.304,0.005,0.691
290500,0.289,0.004,0.707
291000,0.336,0.000,0.664
291500,0.338,0.000,0.662
292000,0.308,0.007,0.684
292500,0.327,0.001,0.672
293000,0.316,0.000,0.684
293500,0.358,0.000,0.642
294000,0.346,0.000,0.654
294500,0.320,0.000,0.680
295000,0.266,0.000,0.734
295500,0.290,0.003,0.707
296000,0.281,0.004,0.716
296500,0.352,0.001,0.648
297000,0.303,0.004,0.694
297500,0.320,0.009,0.670
298000,0.297,0.002,0.701
298500,0.291,0.000,0.709
299000,0.321,0.002,0.677
299500,0.331,0.002,0.667
300000,0.381,0.003,0.617
300500,0.381,0.000,0.619
301000,0.381,0.000,0.619
301500,0.347,0.000,0.653
302000,0.362,0.000,0.637
302500,0.365,0.000,0.635
303000,0.351,0.000,0.649
303500,0.381,0.002,0.618
304000,0.317,0.001,0.682
304500,0.354,0.000,0.646
305000,0.300,0.004,0.697
305500,0.347,0.001,0.652
306000,0.309,0.000,0.691
306500,0.319,0.006,0.675
307000,0.272,0.003,0.725
307500,0.310,0.001,0.689
308000,0.296,0.001,0.703
308500,0.355,0.000,0.645
309000,0.387,0.000,0.613
309500,0.329,0.004,0.668
310000,0.380,0.006,0.614
310500,0.383,0.001,0.617
311000,0.343,0.004,0.654
311500,0.326,0.007,0.667
312000,0.309,0.002,0.689
312500,0.327,0.005,0.668
313000,0.316,0.001,0.684
313500,0.313,0.009,0.679
314000,0.336,0.001,0.663
314500,0.324,0.003,0.674
315000,0.317,0.003,0.680
315500,0.299,0.005,0.696
316000,0.307,0.001,0.692
316500,0.302,0.005,0.693
317000,0.280,0.009,0.711
317500,0.306,0.007,0.687
318000,0.291,0.003,0.707
318500,0.373,0.001,0.626
319000,0.360,0.003,0.637
319500,0.383,0.000,0.617
320000,0.362,0.002,0.637
320500,0.340,0.000,0.660
321000,0.314,0.000,0.686
321500,0.300,0.004,0.696
322000,0.324,0.002,0.674
322500,0.298,0.002,0.700
323000,0.294,0.005,0.700
323500,0.335,0.001,0.665
324000,0.323,0.000,0.677
324500,0.358,0.002,0.640
325000,0.312,0.001,0.687
325500,0.318,0.002,0.680
326000,0.341,0.006,0.653
326500,0.288,0.007,0.704
327000,0.287,0.001,0.713
327500,0.371,0.000,0.629
328000,0.331,0.002,0.667
328500,0.297,0.000,0.703
329000,0.356,0.000,0.644
329500,0.356,0.005,0.638
330000,0.366,0.003,0.631
330500,0.308,0.001,0.691
331000,0.315,0.001,0.684
331500,0.369,0.002,0.630
332000,0.368,0.000,0.632
332500,0.336,0.008,0.656
333000,0.314,0.003,0.683
333500,0.356,0.007,0.636
334000,0.383,0.001,0.616
334500,0.419,0.000,0.581
335000,0.398,0.000,0.603
335500,0.388,0.002,0.611
336000,0.399,0.000,0.601
336500,0.358,0.000,0.642
337000,0.326,0.000,0.674
337500,0.332,0.000,0.668
338000,0.369,0.001,0.630
338500,0.338,0.001,0.662
339000,0.316,0.002,0.682
339500,0.311,0.002,0.687
340000,0.320,0.004,0.676
340500,0.323,0.002,0.676
341000,0.327,0.011,0.663
341500,0.289,0.004,0.708
342000,0.352,0.000,0.647
342500,0.367,0.000,0.633
343000,0.368,0.000,0.632
343500,0.341,0.004,0.656
344000,0.370,0.000,0.630
344500,0.341,0.000,0.659
345000,0.316,0.008,0.676
345500,0.298,0.011,0.690
346000,0.285,0.002,0.713
346500,0.308,0.006,0.685
347000,0.315,0.001,0.685
347500,0.351,0.005,0.643
348000,0.345,0.001,0.654
348500,0.332,0.007,0.661
349000,0.363,0.001,0.636
349500,0.362,0.001,0.637
350000,0.387,0.002,0.611
350500,0.373,0.004,0.623
351000,0.366,0.001,0.632
351500,0.341,0.000,0.659
352000,0.331,0.000,0.669
352500,0.292,0.002,0.706
353000,0.314,0.000,0.686
353500,0.292,0.005,0.703
354000,0.314,0.006,0.680
354500,0.239,0.003,0.758
355000,0.237,0.005,0.757
355500,0.286,0.000,0.714
356000,0.350,0.006,0.644
356500,0.336,0.004,0.659
357000,0.307,0.001,0.692
357500,0.306,0.000,0.694
358000,0.374,0.004,0.622
358500,0.345,0.001,0.654
359000,0.363,0.000,0.637
359500,0.348,0.003,0.649
360000,0.343,0.002,0.656
360500,0.397,0.000,0.603
361000,0.433,0.000,0.567
361500,0.396,0.001,0.604
362000,0.417,0.001,0.582
362500,0.395,0.000,0.605
363000,0.351,0.002,0.647
363500,0.325,0.000,0.675
364000,0.345,0.000,0.655
364500,0.342,0.003,0.656
365000,0.276,0.007,0.717
365500,0.256,0.006,0.738
366000,0.297,0.008,0.695
366500,0.346,0.001,0.653
367000,0.408,0.001,0.591
367500,0.379,0.000,0.621
368000,0.370,0.000,0.629
368500,0.371,0.000,0.629
369000,0.303,0.004,0.693
369500,0.288,0.000,0.712
370000,0.295,0.005,0.700
370500,0.292,0.001,0.707
371000,0.340,0.002,0.658
371500,0.318,0.004,0.678
372000,0.328,0.001,0.671
372500,0.362,0.000,0.638
373000,0.329,0.003,0.668
373500,0.384,0.001,0.616
374000,0.347,0.002,0.651
374500,0.328,0.004,0.668
375000,0.331,0.004,0.665
375500,0.332,0.003,0.665
376000,0.336,0.005,0.659
376500,0.361,0.001,0.638
377000,0.314,0.006,0.679
377500,0.314,0.002,0.685
378000,0.331,0.003,0.666
378500,0.351,0.004,0.646
379000,0.356,0.001,0.643
379500,0.375,0.001,0.625
380000,0.392,0.000,0.608
380500,0.360,0.000,0.639
381000,0.349,0.007,0.644
381500,0.307,0.002,0.691
382000,0.302,0.000,0.698
382500,0.323,0.004,0.674
383000,0.349,0.001,0.650
383500,0.308,0.007,0.685
384000,0.324,0.004,0.672
384500,0.272,0.005,0.723
385000,0.282,0.015,0.703
385500,0.341,0.002,0.657
386000,0.391,0.000,0.609
386500,0.354,0.000,0.645
387000,0.330,0.000,0.670
387500,0.389,0.000,0.611
388000,0.360,0.000,0.640
388500,0.296,0.000,0.704
389000,0.284,0.000,0.716
389500,0.328,0.000,0.672
390000,0.301,0.000,0.699
390500,0.355,0.013,0.632
391000,0.281,0.009,0.710
391500,0.316,0.004,0.680
392000,0.316,0.001,0.683
392500,0.309,0.004,0.688
393000,0.291,0.002,0.707
393500,0.285,0.006,0.709
394000,0.305,0.003,0.692
394500,0.296,0.004,0.700
395000,0.372,0.002,0.627
395500,0.328,0.003,0.669
396000,0.307,0.009,0.685
396500,0.368,0.001,0.630
397000,0.356,0.000,0.644
397500,0.393,0.001,0.607
398000,0.421,0.000,0.579
398500,0.376,0.000,0.625
399000,0.385,0.000,0.615
399500,0.363,0.000,0.637
400000,0.322,0.000,0.678
400500,0.407,0.000,0.593
401000,0.343,0.000,0.657
401500,0.381,0.005,0.614
402000,0.330,0.001,0.669
402500,0.367,0.000,0.633
403000,0.332,0.003,0.666
403500,0.304,0.001,0.696
404000,0.310,0.000,0.690
404500,0.330,0.000,0.670
405000,0.342,0.000,0.658
405500,0.312,0.007,0.680
406000,0.311,0.006,0.682
406500,0.292,0.003,0.706
407000,0.299,0.005,0.696
407500,0.297,0.002,0.702
408000,0.322,0.000,0.678
408500,0.380,0.000,0.621
409000,0.341,0.000,0.659
409500,0.358,0.000,0.642
410000,0.358,0.000,0.642
410500,0.346,0.002,0.651
411000,0.331,0.003,0.666
411500,0.327,0.001,0.673
412000,0.302,0.000,0.698
412500,0.265,0.007,0.728
413000,0.303,0.003,0.695
413500,0.367,0.000,0.633
414000,0.347,0.000,0.653
414500,0.382,0.007,0.611
415000,0.387,0.000,0.613
415500,0.329,0.004,0.668
416000,0.405,0.001,0.594
416500,0.334,0.000,0.666
417000,0.332,0.000,0.668
417500,0.376,0.003,0.621
418000,0.363,0.002,0.635
418500,0.358,0.004,0.638
419000,0.360,0.006,0.634
419500,0.294,0.001,0.705
420000,0.330,0.002,0.669
420500,0.290,0.006,0.704
421000,0.306,0.001,0.694
421500,0.273,0.005,0.722
422000,0.281,0.004,0.715
422500,0.296,0.001,0.703
423000,0.397,0.000,0.603
423500,0.367,0.000,0.633
424000,0.321,0.002,0.677
424500,0.306,0.005,0.688
425000,0.307,0.002,0.692
425500,0.350,0.000,0.649
426000,0.269,0.009,0.722
426500,0.285,0.005,0.710
427000,0.329,0.001,0.671
427500,0.331,0.000,0.669
428000,0.315,0.003,0.683
428500,0.308,0.002,0.691
429000,0.308,0.002,0.690
429500,0.337,0.000,0.663
430000,0.316,0.003,0.681
430500,0.332,0.001,0.668
431000,0.317,0.001,0.683
431500,0.266,0.011,0.723
432000,0.298,0.009,0.693
432500,0.294,0.005,0.701
433000,0.259,0.000,0.741
433500,0.315,0.005,0.680
434000,0.265,0.005,0.730
434500,0.255,0.006,0.740
435000,0.303,0.002,0.695
435500,0.248,0.004,0.748
436000,0.283,0.004,0.713
436500,0.269,0.009,0.722
437000,0.305,0.005,0.690
437500,0.295,0.007,0.697
438000,0.268,0.004,0.728
438500,0.280,0.006,0.714
439000,0.309,0.003,0.688
439500,0.312,0.001,0.688
440000,0.351,0.000,0.649
440500,0.364,0.003,0.634
441000,0.349,0.000,0.651
441500,0.341,0.000,0.659
442000,0.365,0.005,0.630
442500,0.304,0.001,0.695
443000,0.297,0.009,0.694
443500,0.310,0.003,0.686
444000,0.279,0.006,0.716
444500,0.280,0.009,0.711
445000,0.301,0.012,0.687
445500,0.294,0.004,0.703
446000,0.283,0.011,0.706
446500,0.296,0.004,0.700
447000,0.343,0.001,0.656
447500,0.362,0.000,0.638
448000,0.329,0.002,0.669
448500,0.260,0.001,0.740
449000,0.327,0.001,0.673
449500,0.377,0.002,0.621
450000,0.393,0.000,0.607
450500,0.388,0.000,0.613
451000,0.369,0.000,0.631
451500,0.351,0.000,0.649
452000,0.342,0.000,0.658
452500,0.331,0.004,0.666
453000,0.322,0.001,0.677
453500,0.315,0.001,0.685
454000,0.325,0.001,0.675
454500,0.356,0.002,0.641
455000,0.372,0.001,0.627
455500,0.350,0.000,0.650
456000,0.316,0.004,0.680
456500,0.295,0.003,0.703
457000,0.309,0.009,0.682
457500,0.302,0.003,0.695
458000,0.298,0.006,0.696
458500,0.362,0.004,0.633
459000,0.359,0.002,0.640
459500,0.357,0.000,0.643
460000,0.364,0.000,0.636
460500,0.335,0.000,0.665
461000,0.414,0.001,0.586
461500,0.403,0.005,0.592
462000,0.311,0.001,0.688
462500,0.282,0.007,0.711
463000,0.308,0.001,0.691
463500,0.288,0.000,0.712
464000,0.296,0.005,0.698
464500,0.300,0.004,0.696
465000,0.335,0.003,0.663
465500,0.315,0.005,0.680
466000,0.307,0.004,0.690
466500,0.281,0.001,0.718
467000,0.303,0.004,0.693
467500,0.328,0.005,0.667
468000,0.295,0.003,0.702
468500,0.309,0.002,0.689
469000,0.327,0.000,0.673
469500,0.299,0.006,0.695
470000,0.297,0.001,0.702
470500,0.286,0.004,0.709
471000,0.283,0.011,0.706
471500,0.282,0.002,0.716
472000,0.310,0.001,0.689
472500,0.319,0.000,0.681
473000,0.356,0.000,0.644
473500,0.348,0.005,0.646
474000,0.308,0.004,0.688
474500,0.310,0.002,0.689
475000,0.298,0.000,0.702
475500,0.338,0.003,0.660
476000,0.330,0.000,0.670
476500,0.330,0.003,0.667
477000,0.315,0.010,0.675
477500,0.267,0.004,0.729
478000,0.278,0.011,0.711
478500,0.307,0.003,0.690
479000,0.277,0.007,0.716
479500,0.337,0.000,0.663
480000,0.375,0.000,0.625
480500,0.321,0.000,0.679
481000,0.335,0.004,0.662
481500,0.298,0.004,0.698
482000,0.296,0.001,0.703
482500,0.324,0.005,0.670
483000,0.316,0.002,0.683
483500,0.287,0.002,0.711
484000,0.331,0.001,0.668
484500,0.298,0.000,0.702
485000,0.300,0.006,0.694
485500,0.267,0.001,0.733
486000,0.285,0.000,0.715
486500,0.293,0.006,0.701
487000,0.349,0.002,0.650
487500,0.321,0.001,0.679
488000,0.293,0.000,0.707
488500,0.310,0.000,0.690
489000,0.392,0.002,0.607
489500,0.339,0.009,0.652
490000,0.356,0.003,0.642
490500,0.347,0.001,0.652
491000,0.344,0.001,0.656
491500,0.389,0.001,0.611
492000,0.440,0.000,0.560
492500,0.419,0.000,0.581
493000,0.404,0.000,0.596
493500,0.397,0.003,0.601
494000,0.372,0.001,0.627
494500,0.361,0.000,0.639
495000,0.346,0.000,0.654
495500,0.324,0.003,0.673
496000,0.364,0.001,0.635
496500,0.354,0.000,0.645
497000,0.384,0.000,0.617
497500,0.351,0.000,0.649
498000,0.333,0.004,0.663
498500,0.311,0.010,0.679
499000,0.305,0.002,0.693
499500,0.329,0.003,0.669
500000,0.289,0.001,0.710
500500,0.313,0.005,0.682
501000,0.291,0.001,0.708
501500,0.323,0.002,0.675
502000,0.395,0.000,0.605
502500,0.363,0.009,0.628
503000,0.367,0.007,0.626
503500,0.335,0.001,0.664
504000,0.285,0.006,0.709
504500,0.320,0.002,0.678
505000,0.312,0.003,0.685
505500,0.304,0.007,0.689
506000,0.275,0.009,0.716
506500,0.330,0.006,0.664
507000,0.300,0.002,0.698
507500,0.336,0.000,0.664
508000,0.359,0.000,0.641
508500,0.321,0.000,0.679
509000,0.397,0.003,0.601
509500,0.427,0.001,0.572
510000,0.357,0.000,0.643
510500,0.363,0.000,0.637
511000,0.310,0.000,0.690
511500,0.404,0.000,0.596
512000,0.393,0.000,0.607
512500,0.360,0.000,0.640
513000,0.326,0.000,0.674
513500,0.360,0.004,0.636
514000,0.359,0.000,0.641
514500,0.346,0.001,0.653
515000,0.403,0.000,0.597
515500,0.366,0.000,0.633
516000,0.355,0.000,0.645
516500,0.343,0.004,0.653
517000,0.299,0.001,0.700
517500,0.338,0.001,0.661
518000,0.374,0.000,0.625
518500,0.367,0.000,0.633
519000,0.416,0.000,0.584
519500,0.327,0.000,0.673
520000,0.336,0.003,0.662
520500,0.380,0.004,0.616
521000,0.343,0.001,0.657
521500,0.310,0.000,0.690
522000,0.318,0.000,0.682
522500,0.316,0.000,0.684
523000,0.350,0.003,0.648
523500,0.295,0.001,0.704
524000,0.280,0.009,0.712
524500,0.274,0.004,0.722
525000,0.243,0.007,0.749
525500,0.243,0.006,0.751
526000,0.278,0.003,0.720
526500,0.357,0.004,0.639
527000,0.352,0.002,0.645
527500,0.343,0.000,0.657
528000,0.333,0.003,0.664
528500,0.266,0.002,0.732
529000,0.322,0.006,0.671
529500,0.337,0.004,0.659
530000,0.389,0.004,0.608
530500,0.370,0.001,0.629
531000,0.302,0.003,0.695
531500,0.295,0.001,0.705
532000,0.297,0.000,0.703
532500,0.369,0.004,0.626
533000,0.382,0.001,0.617
533500,0.341,0.007,0.652
534000,0.354,0.001,0.646
534500,0.370,0.002,0.629
535000,0.344,0.000,0.656
535500,0.381,0.000,0.619
536000,0.387,0.000,0.613
536500,0.371,0.000,0.629
537000,0.337,0.000,0.663
537500,0.290,0.004,0.706
538000,0.342,0.001,0.657
538500,0.320,0.000,0.680
539000,0.367,0.003,0.630
539500,0.351,0.004,0.644
540000,0.359,0.001,0.640
540500,0.373,0.000,0.627
541000,0.387,0.000,0.613
541500,0.328,0.000,0.672
542000,0.383,0.000,0.617
542500,0.397,0.002,0.602
543000,0.402,0.006,0.592
543500,0.314,0.001,0.685
544000,0.301,0.004,0.695
544500,0.284,0.002,0.714
545000,0.323,0.000,0.677
545500,0.340,0.000,0.660
546000,0.302,0.004,0.695
546500,0.318,0.000,0.682
547000,0.299,0.004,0.697
547500,0.322,0.002,0.676
548000,0.343,0.000,0.657
548500,0.293,0.007,0.699
549000,0.331,0.002,0.667
549500,0.347,0.001,0.653
550000,0.377,0.000,0.623
550500,0.391,0.000,0.609
551000,0.392,0.000,0.608
551500,0.372,0.000,0.628
552000,0.358,0.000,0.642
552500,0.340,0.000,0.660
553000,0.367,0.000,0.633
553500,0.329,0.002,0.669
554000,0.340,0.001,0.659
554500,0.317,0.009,0.674
555000,0.314,0.006,0.680
555500,0.325,0.001,0.675
556000,0.350,0.000,0.650
556500,0.388,0.000,0.612
557000,0.358,0.000,0.641
557500,0.374,0.000,0.625
558000,0.422,0.000,0.578
558500,0.392,0.000,0.609
559000,0.404,0.000,0.597
559500,0.373,0.000,0.627
560000,0.321,0.000,0.679
560500,0.349,0.004,0.647
561000,0.341,0.006,0.653
561500,0.326,0.002,0.672
562000,0.323,0.000,0.677
562500,0.261,0.002,0.738
563000,0.333,0.002,0.665
563500,0.344,0.001,0.655
564000,0.390,0.001,0.610
564500,0.350,0.000,0.649
565000,0.308,0.000,0.692
565500,0.338,0.004,0.658
566000,0.365,0.001,0.634
566500,0.330,0.005,0.665
567000,0.339,0.001,0.661
567500,0.343,0.000,0.657
568000,0.364,0.000,0.636
568500,0.347,0.000,0.653
569000,0.312,0.003,0.684
569500,0.348,0.004,0.649
570000,0.355,0.001,0.644
570500,0.363,0.003,0.634
571000,0.346,0.000,0.654
571500,0.385,0.000,0.615
572000,0.351,0.003,0.646
572500,0.332,0.000,0.668
573000,0.390,0.000,0.610
573500,0.344,0.002,0.653
574000,0.314,0.000,0.686
574500,0.405,0.002,0.593
575000,0.346,0.001,0.652
575500,0.324,0.000,0.676
576000,0.308,0.004,0.689
576500,0.325,0.005,0.670
577000,0.334,0.005,0.661
577500,0.303,0.005,0.692
578000,0.304,0.000,0.696
578500,0.313,0.011,0.677
579000,0.332,0.001,0.667
579500,0.357,0.000,0.643
580000,0.379,0.000,0.621
580500,0.382,0.003,0.616
581000,0.334,0.002,0.664
581500,0.401,0.000,0.599
582000,0.331,0.000,0.669
582500,0.380,0.008,0.612
583000,0.318,0.001,0.681
583500,0.320,0.003,0.677
584000,0.353,0.002,0.645
584500,0.365,0.000,0.635
585000,0.350,0.002,0.648
585500,0.391,0.000,0.609
586000,0.389,0.000,0.611
586500,0.350,0.000,0.649
587000,0.372,0.000,0.628
587500,0.355,0.003,0.643
588000,0.368,0.001,0.631
588500,0.402,0.000,0.598
589000,0.367,0.000,0.633
589500,0.344,0.003,0.653
590000,0.317,0.004,0.679
590500,0.308,0.000,0.692
591000,0.320,0.004,0.676
591500,0.358,0.001,0.642
592000,0.345,0.001,0.655
592500,0.366,0.000,0.634
593000,0.357,0.000,0.643
593500,0.308,0.000,0.692
594000,0.285,0.005,0.710
594500,0.316,0.001,0.684
595000,0.273,0.005,0.722
595500,0.304,0.003,0.693
596000,0.306,0.008,0.686
596500,0.303,0.007,0.690
597000,0.296,0.003,0.701
597500,0.281,0.007,0.712
598000,0.335,0.004,0.662
598500,0.359,0.001,0.640
599000,0.351,0.001,0.648
599500,0.359,0.005,0.636
600000,0.294,0.003,0.703
600500,0.313,0.001,0.686
601000,0.330,0.003,0.667
601500,0.331,0.005,0.664
602000,0.343,0.005,0.652
602500,0.344,0.007,0.649
603000,0.308,0.001,0.692
603500,0.336,0.000,0.664
604000,0.324,0.000,0.676
604500,0.349,0.004,0.646
605000,0.321,0.010,0.669
605500,0.322,0.004,0.673
606000,0.276,0.001,0.724
606500,0.292,0.002,0.706
607000,0.337,0.004,0.659
607500,0.323,0.004,0.673
608000,0.307,0.005,0.688
608500,0.316,0.002,0.683
609000,0.344,0.000,0.655
609500,0.315,0.003,0.682
610000,0.302,0.005,0.693
610500,0.320,0.002,0.678
611000,0.312,0.004,0.683
611500,0.235,0.000,0.764
612000,0.292,0.006,0.702
612500,0.285,0.003,0.712
613000,0.316,0.001,0.683
613500,0.294,0.003,0.703
614000,0.329,0.005,0.666
614500,0.308,0.002,0.690
615000,0.299,0.003,0.699
615500,0.327,0.001,0.673
616000,0.316,0.006,0.678
616500,0.325,0.004,0.672
617000,0.311,0.002,0.688
617500,0.275,0.008,0.717
618000,0.316,0.002,0.682
618500,0.324,0.000,0.676
619000,0.306,0.000,0.694
619500,0.359,0.002,0.639
620000,0.387,0.000,0.613
620500,0.383,0.000,0.617
621000,0.361,0.000,0.639
621500,0.354,0.000,0.646
622000,0.354,0.000,0.646
622500,0.295,0.000,0.705
623000,0.301,0.000,0.699
623500,0.343,0.000,0.657
624000,0.320,0.005,0.674
624500,0.358,0.001,0.640
625000,0.362,0.002,0.637
625500,0.300,0.004,0.696
626000,0.286,0.010,0.704
626500,0.298,0.008,0.694
627000,0.306,0.003,0.691
627500,0.324,0.007,0.669
628000,0.323,0.003,0.674
628500,0.315,0.004,0.681
629000,0.325,0.001,0.675
629500,0.258,0.004,0.739
630000,0.245,0.002,0.752
630500,0.271,0.004,0.726
631000,0.321,0.001,0.679
631500,0.296,0.005,0.699
632000,0.275,0.001,0.725
632500,0.320,0.006,0.673
633000,0.299,0.009,0.692
633500,0.301,0.003,0.696
634000,0.269,0.004,0.728
634500,0.321,0.012,0.667
635000,0.321,0.001,0.678
635500,0.329,0.002,0.670
636000,0.364,0.001,0.636
636500,0.361,0.001,0.638
637000,0.380,0.000,0.620
637500,0.380,0.000,0.620
638000,0.376,0.000,0.625
638500,0.338,0.000,0.662
639000,0.297,0.004,0.698
639500,0.324,0.009,0.666
640000,0.321,0.002,0.677
640500,0.340,0.000,0.660
641000,0.334,0.000,0.666
641500,0.283,0.004,0.713
642000,0.280,0.004,0.716
642500,0.290,0.007,0.703
643000,0.339,0.007,0.654
643500,0.353,0.002,0.645
644000,0.359,0.000,0.641
644500,0.376,0.004,0.620
645000,0.337,0.002,0.662
645500,0.324,0.001,0.676
646000,0.328,0.002,0.670
646500,0.340,0.000,0.660
647000,0.338,0.000,0.662
647500,0.339,0.000,0.661
648000,0.388,0.005,0.607
648500,0.395,0.002,0.604
649000,0.341,0.000,0.659
649500,0.324,0.008,0.668
650000,0.308,0.002,0.690
650500,0.351,0.000,0.649
651000,0.329,0.000,0.671
651500,0.341,0.004,0.655
652000,0.350,0.002,0.648
652500,0.357,0.004,0.639
653000,0.373,0.002,0.625
653500,0.358,0.001,0.641
654000,0.341,0.002,0.657
654500,0.372,0.000,0.628
655000,0.354,0.000,0.646
655500,0.340,0.000,0.660
656000,0.284,0.000,0.716
656500,0.258,0.004,0.738
657000,0.278,0.004,0.719
657500,0.241,0.010,0.749
658000,0.258,0.009,0.733
658500,0.266,0.018,0.716
659000,0.235,0.006,0.758
659500,0.286,0.002,0.713
660000,0.318,0.000,0.682
660500,0.333,0.001,0.667
661000,0.316,0.000,0.684
661500,0.315,0.000,0.685
662000,0.363,0.001,0.636
662500,0.383,0.001,0.617
663000,0.378,0.000,0.623
663500,0.324,0.000,0.676
664000,0.332,0.006,0.662
664500,0.400,0.002,0.599
665000,0.337,0.005,0.658
665500,0.329,0.005,0.666
666000,0.344,0.002,0.655
666500,0.324,0.004,0.673
667000,0.359,0.002,0.640
667500,0.348,0.002,0.649
668000,0.377,0.001,0.623
668500,0.357,0.002,0.641
669000,0.339,0.004,0.657
669500,0.335,0.002,0.664
670000,0.332,0.001,0.667
670500,0.299,0.004,0.697
671000,0.294,0.003,0.703
671500,0.331,0.001,0.668
672000,0.303,0.004,0.693
672500,0.319,0.000,0.681
673000,0.370,0.000,0.629
673500,0.365,0.000,0.635
674000,0.308,0.002,0.691
674500,0.352,0.004,0.645
675000,0.262,0.009,0.729
675500,0.283,0.002,0.715
676000,0.352,0.001,0.647
676500,0.410,0.000,0.590
677000,0.416,0.000,0.584
677500,0.394,0.000,0.607
678000,0.345,0.000,0.655
678500,0.382,0.000,0.619
679000,0.379,0.000,0.621
679500,0.365,0.000,0.635
680000,0.376,0.001,0.624
680500,0.347,0.000,0.653
681000,0.313,0.000,0.687
681500,0.317,0.011,0.673
682000,0.308,0.004,0.688
682500,0.271,0.007,0.722
683000,0.304,0.003,0.693
683500,0.296,0.006,0.698
684000,0.314,0.006,0.679
684500,0.314,0.002,0.685
685000,0.371,0.001,0.629
685500,0.344,0.001,0.654
686000,0.311,0.000,0.689
686500,0.295,0.002,0.704
687000,0.283,0.005,0.712
687500,0.276,0.004,0.720
688000,0.310,0.009,0.680
688500,0.296,0.002,0.703
689000,0.343,0.001,0.657
689500,0.343,0.000,0.657
690000,0.328,0.000,0.672
690500,0.368,0.000,0.631
691000,0.373,0.003,0.625
691500,0.315,0.001,0.685
692000,0.317,0.002,0.682
692500,0.361,0.000,0.639
693000,0.320,0.000,0.680
693500,0.387,0.000,0.613
694000,0.394,0.000,0.607
694500,0.390,0.000,0.611
695000,0.368,0.002,0.630
695500,0.358,0.001,0.642
696000,0.313,0.002,0.685
696500,0.291,0.001,0.709
697000,0.293,0.001,0.707
697500,0.348,0.000,0.651
698000,0.328,0.003,0.669
698500,0.359,0.004,0.636
699000,0.318,0.000,0.682
699500,0.337,0.000,0.663
700000,0.342,0.000,0.658
700500,0.317,0.000,0.683
701000,0.336,0.000,0.664
701500,0.318,0.004,0.678
702000,0.357,0.001,0.642
702500,0.343,0.006,0.651
703000,0.366,0.001,0.633
703500,0.308,0.004,0.689
704000,0.366,0.001,0.634
704500,0.346,0.001,0.654
705000,0.295,0.000,0.705
705500,0.329,0.005,0.666
706000,0.307,0.003,0.691
706500,0.289,0.003,0.708
707000,0.293,0.003,0.705
707500,0.327,0.003,0.670
708000,0.311,0.001,0.688
708500,0.354,0.004,0.642
709000,0.342,0.007,0.651
709500,0.352,0.005,0.642
710000,0.362,0.003,0.634
710500,0.359,0.000,0.641
711000,0.358,0.000,0.642
711500,0.308,0.007,0.685
712000,0.291,0.009,0.700
712500,0.285,0.014,0.701
713000,0.313,0.004,0.683
713500,0.301,0.010,0.689
714000,0.327,0.002,0.672
714500,0.319,0.001,0.681
715000,0.287,0.000,0.713
715500,0.296,0.001,0.703
716000,0.311,0.003,0.685
716500,0.316,0.000,0.684
717000,0.341,0.000,0.659
717500,0.347,0.000,0.653
718000,0.299,0.003,0.698
718500,0.365,0.002,0.634
719000,0.355,0.004,0.641
719500,0.359,0.001,0.640
720000,0.309,0.005,0.685
720500,0.267,0.013,0.721
721000,0.318,0.005,0.677
721500,0.258,0.003,0.739
722000,0.293,0.001,0.706
722500,0.344,0.003,0.653
723000,0.342,0.005,0.653
723500,0.383,0.001,0.616
724000,0.316,0.000,0.684
724500,0.349,0.005,0.646
725000,0.334,0.001,0.665
725500,0.348,0.000,0.652
726000,0.329,0.003,0.669
726500,0.377,0.003,0.621
727000,0.374,0.000,0.626
727500,0.354,0.000,0.646
728000,0.351,0.004,0.645
728500,0.362,0.000,0.637
729000,0.387,0.000,0.613
729500,0.367,0.003,0.630
730000,0.331,0.004,0.665
730500,0.322,0.003,0.675
731000,0.354,0.006,0.640
731500,0.356,0.001,0.643
732000,0.342,0.000,0.658
732500,0.322,0.004,0.673
733000,0.360,0.002,0.639
733500,0.352,0.002,0.646
734000,0.317,0.002,0.682
734500,0.322,0.002,0.676
735000,0.352,0.001,0.646
735500,0.340,0.005,0.655
736000,0.330,0.002,0.668
736500,0.363,0.001,0.636
737000,0.348,0.003,0.649
737500,0.353,0.004,0.644
738000,0.372,0.001,0.628
738500,0.356,0.000,0.644
739000,0.359,0.000,0.641
739500,0.317,0.000,0.683
740000,0.309,0.003,0.688
740500,0.290,0.002,0.708
741000,0.244,0.004,0.752
741500,0.294,0.007,0.699
742000,0.302,0.007,0.691
742500,0.303,0.004,0.693
743000,0.298,0.001,0.701
743500,0.288,0.004,0.708
744000,0.280,0.001,0.719
744500,0.268,0.004,0.729
745000,0.277,0.004,0.719
745500,0.292,0.005,0.703
746000,0.348,0.004,0.648
746500,0.360,0.001,0.638
747000,0.362,0.003,0.634
747500,0.376,0.002,0.623
748000,0.332,0.007,0.660
748500,0.384,0.002,0.615
749000,0.359,0.000,0.641
749500,0.341,0.007,0.652
750000,0.335,0.008,0.657
750500,0.307,0.003,0.690
751000,0.355,0.001,0.644
751500,0.350,0.000,0.650
752000,0.340,0.000,0.660
752500,0.329,0.000,0.671
753000,0.313,0.000,0.687
753500,0.324,0.000,0.676
754000,0.364,0.000,0.636
754500,0.367,0.000,0.633
755000,0.355,0.000,0.645
755500,0.348,0.000,0.651
756000,0.309,0.001,0.690
756500,0.295,0.000,0.705
757000,0.323,0.000,0.677
757500,0.345,0.005,0.650
758000,0.291,0.004,0.705
758500,0.296,0.002,0.702
759000,0.304,0.003,0.693
759500,0.335,0.002,0.663
760000,0.316,0.001,0.684
760500,0.294,0.004,0.703
761000,0.309,0.001,0.690
761500,0.332,0.000,0.668
762000,0.269,0.002,0.730
762500,0.254,0.004,0.743
763000,0.309,0.007,0.683
763500,0.332,0.001,0.667
764000,0.321,0.001,0.679
764500,0.385,0.000,0.615
765000,0.353,0.000,0.647
765500,0.326,0.000,0.674
766000,0.360,0.000,0.640
766500,0.380,0.000,0.621
767000,0.308,0.000,0.692
767500,0.293,0.008,0.699
768000,0.289,0.004,0.707
768500,0.344,0.001,0.654
769000,0.337,0.001,0.663
769500,0.381,0.006,0.613
770000,0.350,0.003,0.646
770500,0.314,0.010,0.676
771000,0.339,0.002,0.660
771500,0.340,0.004,0.656
772000,0.323,0.007,0.670
772500,0.279,0.004,0.717
773000,0.323,0.001,0.676
773500,0.277,0.004,0.720
774000,0.329,0.001,0.670
774500,0.356,0.003,0.642
775000,0.337,0.000,0.663
775500,0.354,0.000,0.646
776000,0.348,0.003,0.648
776500,0.395,0.001,0.604
777000,0.380,0.000,0.620
777500,0.374,0.000,0.626
778000,0.376,0.000,0.624
778500,0.351,0.005,0.644
779000,0.369,0.003,0.628
779500,0.320,0.002,0.678
780000,0.373,0.000,0.627
780500,0.347,0.005,0.648
781000,0.304,0.006,0.690
781500,0.315,0.000,0.685
782000,0.353,0.000,0.647
782500,0.354,0.000,0.645
783000,0.373,0.003,0.624
783500,0.364,0.001,0.634
784000,0.357,0.002,0.641
784500,0.315,0.001,0.685
785000,0.349,0.005,0.645
785500,0.320,0.006,0.674
786000,0.343,0.002,0.656
786500,0.389,0.001,0.611
787000,0.346,0.000,0.654
787500,0.336,0.000,0.664
788000,0.368,0.000,0.631
788500,0.315,0.000,0.685
789000,0.325,0.003,0.672
789500,0.287,0.004,0.709
790000,0.315,0.006,0.679
790500,0.319,0.008,0.673
791000,0.340,0.002,0.658
791500,0.379,0.001,0.620
792000,0.408,0.001,0.591
792500,0.416,0.000,0.584
793000,0.360,0.000,0.640
793500,0.338,0.005,0.656
794000,0.324,0.001,0.675
794500,0.359,0.000,0.641
795000,0.356,0.000,0.644
795500,0.393,0.003,0.605
796000,0.372,0.000,0.627
796500,0.348,0.000,0.651
797000,0.327,0.000,0.673
797500,0.316,0.000,0.684
798000,0.337,0.000,0.663
798500,0.312,0.000,0.688
799000,0.315,0.000,0.685
799500,0.287,0.000,0.713
800000,0.295,0.002,0.703
800500,0.338,0.002,0.661
801000,0.328,0.001,0.672
801500,0.348,0.000,0.651
802000,0.332,0.005,0.663
802500,0.361,0.003,0.636
803000,0.314,0.003,0.683
803500,0.340,0.001,0.659
804000,0.338,0.001,0.661
804500,0.371,0.000,0.629
805000,0.427,0.000,0.573
805500,0.409,0.000,0.591
806000,0.406,0.000,0.594
806500,0.387,0.000,0.613
807000,0.381,0.000,0.619
807500,0.352,0.000,0.647
808000,0.337,0.000,0.663
808500,0.308,0.005,0.686
809000,0.361,0.003,0.637
809500,0.320,0.003,0.678
810000,0.339,0.008,0.653
810500,0.322,0.002,0.676
811000,0.323,0.000,0.677
811500,0.350,0.000,0.649
812000,0.326,0.000,0.674
812500,0.284,0.003,0.713
813000,0.281,0.008,0.711
813500,0.293,0.007,0.700
814000,0.281,0.004,0.715
814500,0.294,0.000,0.706
815000,0.299,0.000,0.701
815500,0.315,0.000,0.685
816000,0.357,0.000,0.643
816500,0.303,0.000,0.697
817000,0.320,0.000,0.680
817500,0.295,0.006,0.699
818000,0.291,0.004,0.705
818500,0.333,0.010,0.657
819000,0.311,0.005,0.683
819500,0.322,0.005,0.672
820000,0.290,0.002,0.708
820500,0.297,0.000,0.703
821000,0.315,0.000,0.685
821500,0.338,0.000,0.662
822000,0.326,0.000,0.674
822500,0.273,0.009,0.719
823000,0.311,0.002,0.688
823500,0.329,0.000,0.671
824000,0.336,0.000,0.664
824500,0.405,0.000,0.595
825000,0.357,0.005,0.638
825500,0.317,0.009,0.674
826000,0.323,0.003,0.674
826500,0.298,0.003,0.699
827000,0.337,0.000,0.663
827500,0.372,0.000,0.627
828000,0.332,0.000,0.668
828500,0.303,0.003,0.694
829000,0.303,0.001,0.697
829500,0.335,0.000,0.665
830000,0.361,0.000,0.639
830500,0.358,0.000,0.642
831000,0.397,0.003,0.600
831500,0.312,0.001,0.686
832000,0.364,0.002,0.634
832500,0.336,0.003,0.661
833000,0.353,0.001,0.646
833500,0.376,0.000,0.624
834000,0.378,0.002,0.620
834500,0.389,0.002,0.609
835000,0.341,0.000,0.659
835500,0.397,0.000,0.603
836000,0.353,0.000,0.647
836500,0.352,0.003,0.645
837000,0.326,0.002,0.673
837500,0.299,0.000,0.701
838000,0.255,0.002,0.744
838500,0.294,0.003,0.703
839000,0.247,0.005,0.748
839500,0.298,0.001,0.701
840000,0.316,0.004,0.680
840500,0.309,0.011,0.681
841000,0.326,0.006,0.668
841500,0.387,0.002,0.612
842000,0.382,0.004,0.615
842500,0.342,0.001,0.657
843000,0.350,0.002,0.648
843500,0.373,0.004,0.622
844000,0.372,0.001,0.626
844500,0.353,0.001,0.646
845000,0.325,0.000,0.675
845500,0.327,0.000,0.673
846000,0.341,0.000,0.659
846500,0.300,0.011,0.689
847000,0.328,0.001,0.671
847500,0.309,0.001,0.690
848000,0.305,0.000,0.695
848500,0.310,0.005,0.684
849000,0.325,0.001,0.674
849500,0.359,0.000,0.641
850000,0.290,0.001,0.710
850500,0.303,0.004,0.693
851000,0.356,0.004,0.641
851500,0.348,0.002,0.650
852000,0.349,0.000,0.651
852500,0.318,0.000,0.682
853000,0.337,0.000,0.663
853500,0.328,0.001,0.671
854000,0.348,0.000,0.652
854500,0.392,0.000,0.609
855000,0.390,0.000,0.610
855500,0.392,0.000,0.608
856000,0.373,0.000,0.627
856500,0.385,0.000,0.615
857000,0.351,0.000,0.649
857500,0.381,0.000,0.619
858000,0.385,0.000,0.615
858500,0.362,0.000,0.637
859000,0.377,0.000,0.623
859500,0.355,0.000,0.645
860000,0.320,0.005,0.675
860500,0.347,0.003,0.650
861000,0.367,0.001,0.633
861500,0.305,0.002,0.693
862000,0.283,0.005,0.711
862500,0.305,0.005,0.689
863000,0.281,0.004,0.715
863500,0.253,0.009,0.739
864000,0.286,0.011,0.703
864500,0.256,0.011,0.734
865000,0.278,0.004,0.718
865500,0.329,0.003,0.669
866000,0.352,0.001,0.646
866500,0.393,0.000,0.607
867000,0.365,0.002,0.633
867500,0.325,0.009,0.666
868000,0.305,0.001,0.695
868500,0.326,0.000,0.674
869000,0.397,0.000,0.603
869500,0.401,0.000,0.599
870000,0.366,0.000,0.634
870500,0.344,0.003,0.654
871000,0.328,0.001,0.671
871500,0.356,0.000,0.644
872000,0.358,0.005,0.636
872500,0.349,0.005,0.645
873000,0.359,0.005,0.636
873500,0.329,0.001,0.670
874000,0.358,0.000,0.642
874500,0.421,0.000,0.579
875000,0.338,0.000,0.662
875500,0.331,0.000,0.669
876000,0.337,0.000,0.663
876500,0.378,0.000,0.623
877000,0.381,0.000,0.619
877500,0.349,0.000,0.651
878000,0.345,0.004,0.652
878500,0.341,0.001,0.658
879000,0.367,0.000,0.633
879500,0.391,0.000,0.609
880000,0.371,0.004,0.625
880500,0.368,0.003,0.628
881000,0.316,0.000,0.684
881500,0.382,0.000,0.619
882000,0.349,0.000,0.651
882500,0.382,0.001,0.617
883000,0.392,0.000,0.609
883500,0.410,0.000,0.590
884000,0.469,0.000,0.531
884500,0.427,0.000,0.573
885000,0.391,0.000,0.609
885500,0.329,0.004,0.667
886000,0.321,0.001,0.679
886500,0.316,0.009,0.675
887000,0.325,0.002,0.673
887500,0.313,0.009,0.678
888000,0.304,0.004,0.692
888500,0.327,0.000,0.673
889000,0.331,0.000,0.669
889500,0.355,0.000,0.645
890000,0.327,0.000,0.673
890500,0.327,0.006,0.667
891000,0.322,0.000,0.678
891500,0.324,0.000,0.676
892000,0.326,0.002,0.672
892500,0.339,0.001,0.661
893000,0.358,0.000,0.642
893500,0.390,0.000,0.610
894000,0.352,0.000,0.648
894500,0.347,0.000,0.653
895000,0.359,0.000,0.641
895500,0.388,0.000,0.612
896000,0.355,0.000,0.645
896500,0.309,0.005,0.685
897000,0.288,0.004,0.708
897500,0.322,0.007,0.670
898000,0.304,0.003,0.693
898500,0.349,0.002,0.649
899000,0.345,0.001,0.654
899500,0.295,0.006,0.699
900000,0.292,0.007,0.701
900500,0.339,0.002,0.659
901000,0.349,0.007,0.644
901500,0.373,0.002,0.625
902000,0.344,0.001,0.655
902500,0.329,0.003,0.668
903000,0.339,0.003,0.658
903500,0.302,0.006,0.692
904000,0.283,0.001,0.716
904500,0.315,0.005,0.680
905000,0.301,0.001,0.698
905500,0.335,0.002,0.664
906000,0.351,0.002,0.648
906500,0.309,0.001,0.690
907000,0.346,0.000,0.653
907500,0.360,0.000,0.640
908000,0.345,0.000,0.655
908500,0.386,0.000,0.615
909000,0.390,0.000,0.611
909500,0.354,0.000,0.645
910000,0.352,0.004,0.643
910500,0.343,0.003,0.654
911000,0.339,0.001,0.661
911500,0.336,0.001,0.663
912000,0.350,0.001,0.650
912500,0.406,0.000,0.595
913000,0.369,0.000,0.631
913500,0.348,0.002,0.650
914000,0.325,0.000,0.675
914500,0.306,0.003,0.691
915000,0.369,0.001,0.630
915500,0.335,0.004,0.661
916000,0.329,0.002,0.670
916500,0.336,0.009,0.655
917000,0.287,0.009,0.704
917500,0.337,0.002,0.661
918000,0.336,0.002,0.663
918500,0.341,0.004,0.656
919000,0.341,0.001,0.658
919500,0.361,0.004,0.635
920000,0.333,0.001,0.667
920500,0.337,0.000,0.663
921000,0.344,0.000,0.656
921500,0.372,0.000,0.628
922000,0.348,0.007,0.644
922500,0.355,0.001,0.645
923000,0.401,0.000,0.599
923500,0.395,0.000,0.605
924000,0.428,0.000,0.572
924500,0.410,0.000,0.590
925000,0.393,0.000,0.607
925500,0.342,0.000,0.658
926000,0.355,0.000,0.645
926500,0.322,0.000,0.678
927000,0.316,0.003,0.681
927500,0.331,0.001,0.668
928000,0.288,0.002,0.710
928500,0.311,0.005,0.683
929000,0.305,0.001,0.695
929500,0.342,0.003,0.655
930000,0.330,0.001,0.669
930500,0.322,0.000,0.678
931000,0.304,0.000,0.696
931500,0.321,0.000,0.679
932000,0.329,0.000,0.671
932500,0.342,0.006,0.652
933000,0.374,0.004,0.622
933500,0.375,0.001,0.625
934000,0.378,0.000,0.623
934500,0.345,0.000,0.655
935000,0.389,0.002,0.610
935500,0.361,0.005,0.634
936000,0.363,0.002,0.635
936500,0.355,0.005,0.639
937000,0.317,0.001,0.683
937500,0.349,0.000,0.651
938000,0.337,0.000,0.663
938500,0.360,0.000,0.639
939000,0.367,0.000,0.633
939500,0.326,0.003,0.671
940000,0.288,0.007,0.704
940500,0.281,0.004,0.715
941000,0.289,0.002,0.710
941500,0.290,0.003,0.708
942000,0.304,0.001,0.695
942500,0.314,0.005,0.681
943000,0.316,0.003,0.681
943500,0.358,0.001,0.641
944000,0.385,0.000,0.615
944500,0.367,0.000,0.633
945000,0.341,0.000,0.659
945500,0.360,0.000,0.639
946000,0.329,0.000,0.671
946500,0.311,0.003,0.687
947000,0.307,0.004,0.689
947500,0.316,0.001,0.683
948000,0.299,0.006,0.695
948500,0.354,0.003,0.644
949000,0.363,0.001,0.636
949500,0.363,0.000,0.637
950000,0.332,0.003,0.665
950500,0.308,0.004,0.688
951000,0.342,0.006,0.652
951500,0.315,0.001,0.684
952000,0.320,0.002,0.678
952500,0.346,0.002,0.653
953000,0.340,0.001,0.659
953500,0.367,0.000,0.633
954000,0.397,0.000,0.603
954500,0.360,0.000,0.639
955000,0.379,0.002,0.620
955500,0.405,0.003,0.592
956000,0.342,0.001,0.658
956500,0.346,0.000,0.654
957000,0.355,0.005,0.639
957500,0.333,0.005,0.662
958000,0.324,0.001,0.675
958500,0.341,0.002,0.658
959000,0.336,0.006,0.658
959500,0.365,0.000,0.635
960000,0.414,0.000,0.586
960500,0.374,0.000,0.626
961000,0.399,0.000,0.601
961500,0.408,0.000,0.592
962000,0.430,0.000,0.570
962500,0.388,0.000,0.613
963000,0.336,0.000,0.664
963500,0.338,0.000,0.662
964000,0.299,0.000,0.701
964500,0.369,0.000,0.631
965000,0.324,0.000,0.676
965500,0.358,0.000,0.641
966000,0.402,0.000,0.599
966500,0.371,0.005,0.624
967000,0.369,0.002,0.629
967500,0.305,0.002,0.693
968000,0.273,0.009,0.719
968500,0.285,0.004,0.711
969000,0.260,0.001,0.739
969500,0.315,0.006,0.679
970000,0.285,0.002,0.714
970500,0.296,0.012,0.692
971000,0.260,0.009,0.731
971500,0.316,0.002,0.682
972000,0.326,0.005,0.669
972500,0.336,0.001,0.663
973000,0.352,0.000,0.648
973500,0.316,0.000,0.684
974000,0.420,0.000,0.580
974500,0.387,0.000,0.613
975000,0.370,0.000,0.629
975500,0.358,0.006,0.635
976000,0.358,0.002,0.639
976500,0.360,0.000,0.639
977000,0.390,0.000,0.610
977500,0.406,0.000,0.594
978000,0.399,0.000,0.601
978500,0.418,0.000,0.582
979000,0.349,0.000,0.651
979500,0.331,0.000,0.669
980000,0.352,0.000,0.648
980500,0.372,0.000,0.628
981000,0.366,0.000,0.634
981500,0.321,0.000,0.679
982000,0.328,0.006,0.666
982500,0.305,0.003,0.692
983000,0.305,0.001,0.694
983500,0.367,0.000,0.633
984000,0.369,0.000,0.631
984500,0.345,0.000,0.655
985000,0.353,0.000,0.647
985500,0.324,0.000,0.676
986000,0.341,0.000,0.659
986500,0.351,0.004,0.645
987000,0.348,0.000,0.651
987500,0.351,0.003,0.647
988000,0.303,0.006,0.691
988500,0.342,0.001,0.658
989000,0.366,0.002,0.632
989500,0.365,0.001,0.635
990000,0.372,0.000,0.627
990500,0.341,0.005,0.654
991000,0.347,0.001,0.652
991500,0.327,0.001,0.672
992000,0.335,0.000,0.665
992500,0.354,0.000,0.646
993000,0.345,0.002,0.654
993500,0.348,0.000,0.651
994000,0.330,0.000,0.670
994500,0.306,0.003,0.691
995000,0.336,0.001,0.664
995500,0.373,0.000,0.627
996000,0.296,0.004,0.701
996500,0.285,0.002,0.713
997000,0.282,0.004,0.714
997500,0.334,0.001,0.665
998000,0.340,0.000,0.660
998500,0.325,0.000,0.675
999000,0.278,0.000,0.722
999500,0.292,0.013,0.696
1000000,0.302,0.008,0.690
