time,n_A+p,n_B,n_AB
500,0.030,0.882,0.088
1000,0.030,0.867,0.103
1500,0.030,0.849,0.121
2000,0.030,0.841,0.129
2500,0.030,0.791,0.179
3000,0.030,0.785,0.185
3500,0.030,0.797,0.173
4000,0.030,0.809,0.161
4500,0.030,0.816,0.154
5000,0.030,0.827,0.143
5500,0.030,0.803,0.167
6000,0.030,0.776,0.194
6500,0.030,0.860,0.110
7000,0.030,0.831,0.139
7500,0.030,0.836,0.134
8000,0.030,0.856,0.114
8500,0.030,0.802,0.168
9000,0.030,0.792,0.178
9500,0.030,0.780,0.190
10000,0.030,0.742,0.228
10500,0.030,0.724,0.246
11000,0.030,0.758,0.212
11500,0.030,0.766,0.204
12000,0.030,0.739,0.231
12500,0.030,0.719,0.251
13000,0.030,0.796,0.174
13500,0.030,0.826,0.144
14000,0.030,0.827,0.143
14500,0.030,0.840,0.130
15000,0.030,0.874,0.096
15500,0.030,0.843,0.127
16000,0.030,0.820,0.150
16500,0.030,0.820,0.150
17000,0.030,0.827,0.143
17500,0.030,0.830,0.140
18000,0.030,0.793,0.177
18500,0.030,0.839,0.131
19000,0.030,0.752,0.218
19500,0.030,0.777,0.193
20000,0.030,0.709,0.261
20500,0.030,0.761,0.209
21000,0.030,0.817,0.153
21500,0.030,0.816,0.154
22000,0.030,0.848,0.122
22500,0.030,0.840,0.130
23000,0.030,0.855,0.115
23500,0.030,0.858,0.112
24000,0.030,0.770,0.200
24500,0.030,0.786,0.184
25000,0.030,0.768,0.202
25500,0.030,0.778,0.192
26000,0.030,0.795,0.175
26500,0.030,0.789,0.181
27000,0.030,0.779,0.191
27500,0.030,0.794,0.176
28000,0.030,0.797,0.173
28500,0.030,0.827,0.143
29000,0.030,0.819,0.151
29500,0.030,0.863,0.107
30000,0.030,0.862,0.108
30500,0.030,0.812,0.158
31000,0.030,0.833,0.137
31500,0.030,0.871,0.099
32000,0.030,0.871,0.099
32500,0.030,0.875,0.095
33000,0.030,0.831,0.139
33500,0.030,0.830,0.140
34000,0.030,0.833,0.137
34500,0.030,0.838,0.132
35000,0.030,0.849,0.121
35500,0.030,0.838,0.132
36000,0.030,0.833,0.137
36500,0.030,0.797,0.173
37000,0.030,0.767,0.203
37500,0.030,0.781,0.189
38000,0.030,0.805,0.165
38500,0.030,0.838,0.132
39000,0.030,0.868,0.102
39500,0.030,0.849,0.121
40000,0.030,0.866,0.104
40500,0.030,0.810,0.160
41000,0.030,0.815,0.155
41500,0.030,0.809,0.161
42000,0.035,0.705,0.260
42500,0.030,0.698,0.272
43000,0.032,0.688,0.280
43500,0.030,0.745,0.225
44000,0.030,0.764,0.206
44500,0.030,0.787,0.183
45000,0.030,0.775,0.195
45500,0.030,0.805,0.165
46000,0.030,0.857,0.113
46500,0.030,0.796,0.174
47000,0.030,0.831,0.139
47500,0.030,0.748,0.222
48000,0.030,0.693,0.277
48500,0.030,0.740,0.230
49000,0.030,0.799,0.171
49500,0.030,0.794,0.176
50000,0.030,0.747,0.223
50500,0.030,0.740,0.230
51000,0.030,0.786,0.184
51500,0.030,0.747,0.223
52000,0.030,0.821,0.149
52500,0.030,0.799,0.171
53000,0.030,0.805,0.165
53500,0.030,0.764,0.206
54000,0.030,0.706,0.264
54500,0.030,0.702,0.268
55000,0.030,0.726,0.244
55500,0.030,0.765,0.205
56000,0.030,0.768,0.202
56500,0.030,0.770,0.200
57000,0.030,0.789,0.181
57500,0.030,0.760,0.210
58000,0.030,0.810,0.160
58500,0.030,0.833,0.137
59000,0.030,0.832,0.138
59500,0.030,0.835,0.135
60000,0.030,0.869,0.101
60500,0.030,0.860,0.110
61000,0.030,0.809,0.161
61500,0.030,0.815,0.155
62000,0.030,0.827,0.143
62500,0.030,0.835,0.135
63000,0.030,0.795,0.175
63500,0.030,0.805,0.165
64000,0.030,0.845,0.125
64500,0.030,0.830,0.140
65000,0.030,0.842,0.128
65500,0.030,0.839,0.131
66000,0.030,0.845,0.125
66500,0.030,0.829,0.141
67000,0.030,0.837,0.133
67500,0.030,0.831,0.139
68000,0.030,0.862,0.108
68500,0.030,0.790,0.180
69000,0.030,0.765,0.205
69500,0.030,0.825,0.145
70000,0.030,0.831,0.139
70500,0.030,0.831,0.139
71000,0.030,0.805,0.165
71500,0.030,0.792,0.178
72000,0.030,0.809,0.161
72500,0.030,0.768,0.202
73000,0.030,0.820,0.150
73500,0.030,0.836,0.134
74000,0.030,0.823,0.147
74500,0.030,0.816,0.154
75000,0.030,0.796,0.174
75500,0.030,0.824,0.146
76000,0.030,0.822,0.148
76500,0.030,0.796,0.174
77000,0.030,0.744,0.226
77500,0.030,0.728,0.242
78000,0.030,0.807,0.163
78500,0.031,0.811,0.158
79000,0.030,0.837,0.133
79500,0.030,0.846,0.124
80000,0.030,0.838,0.132
80500,0.030,0.815,0.155
81000,0.030,0.790,0.180
81500,0.030,0.775,0.195
82000,0.030,0.770,0.200
82500,0.030,0.794,0.176
83000,0.030,0.786,0.184
83500,0.030,0.837,0.133
84000,0.030,0.824,0.146
84500,0.030,0.828,0.142
85000,0.030,0.745,0.225
85500,0.030,0.722,0.248
86000,0.031,0.799,0.170
86500,0.030,0.824,0.146
87000,0.030,0.844,0.126
87500,0.030,0.821,0.149
88000,0.030,0.812,0.158
88500,0.030,0.812,0.158
89000,0.030,0.827,0.143
89500,0.030,0.809,0.161
90000,0.030,0.800,0.170
90500,0.030,0.763,0.207
91000,0.030,0.786,0.184
91500,0.030,0.765,0.205
92000,0.030,0.813,0.157
92500,0.030,0.827,0.143
93000,0.030,0.761,0.209
93500,0.030,0.757,0.213
94000,0.030,0.771,0.199
94500,0.030,0.806,0.164
95000,0.030,0.799,0.171
95500,0.030,0.826,0.144
96000,0.030,0.795,0.175
96500,0.030,0.834,0.136
97000,0.030,0.832,0.138
97500,0.030,0.830,0.140
98000,0.030,0.817,0.153
98500,0.030,0.825,0.145
99000,0.030,0.805,0.165
99500,0.030,0.784,0.186
100000,0.030,0.793,0.177
100500,0.030,0.778,0.192
101000,0.030,0.771,0.199
101500,0.030,0.835,0.135
102000,0.030,0.729,0.241
102500,0.030,0.696,0.274
103000,0.030,0.745,0.225
103500,0.030,0.700,0.270
104000,0.030,0.750,0.220
104500,0.030,0.806,0.164
105000,0.030,0.790,0.180
105500,0.030,0.797,0.173
106000,0.030,0.830,0.140
106500,0.030,0.815,0.155
107000,0.030,0.828,0.142
107500,0.030,0.833,0.137
108000,0.030,0.842,0.128
108500,0.030,0.779,0.191
109000,0.030,0.774,0.196
109500,0.030,0.765,0.205
110000,0.030,0.767,0.203
110500,0.030,0.826,0.144
111000,0.030,0.824,0.146
111500,0.030,0.776,0.194
112000,0.030,0.806,0.164
112500,0.030,0.804,0.166
113000,0.030,0.821,0.149
113500,0.030,0.810,0.160
114000,0.030,0.794,0.176
114500,0.030,0.779,0.191
115000,0.030,0.780,0.190
115500,0.030,0.759,0.211
116000,0.030,0.800,0.170
116500,0.030,0.786,0.184
117000,0.030,0.769,0.201
117500,0.030,0.810,0.160
118000,0.030,0.847,0.123
118500,0.030,0.850,0.120
119000,0.030,0.873,0.097
119500,0.030,0.858,0.112
120000,0.030,0.832,0.138
120500,0.030,0.827,0.143
121000,0.030,0.814,0.156
121500,0.030,0.807,0.163
122000,0.030,0.774,0.196
122500,0.030,0.810,0.160
123000,0.030,0.824,0.146
123500,0.030,0.821,0.149
124000,0.030,0.824,0.146
124500,0.030,0.809,0.161
125000,0.030,0.723,0.247
125500,0.030,0.727,0.243
126000,0.030,0.765,0.205
126500,0.030,0.810,0.160
127000,0.030,0.767,0.203
127500,0.030,0.759,0.211
128000,0.030,0.760,0.210
128500,0.032,0.720,0.248
129000,0.030,0.740,0.230
129500,0.030,0.775,0.195
130000,0.030,0.816,0.154
130500,0.030,0.759,0.211
131000,0.030,0.783,0.187
131500,0.030,0.765,0.205
132000,0.030,0.809,0.161
132500,0.030,0.771,0.199
133000,0.030,0.724,0.246
133500,0.030,0.703,0.267
134000,0.030,0.701,0.269
134500,0.030,0.797,0.173
135000,0.030,0.753,0.217
135500,0.030,0.748,0.222
136000,0.030,0.768,0.202
136500,0.030,0.806,0.164
137000,0.030,0.790,0.180
137500,0.030,0.770,0.200
138000,0.030,0.778,0.192
138500,0.030,0.756,0.214
139000,0.030,0.778,0.192
139500,0.030,0.810,0.160
140000,0.030,0.836,0.134
140500,0.030,0.816,0.154
141000,0.030,0.850,0.120
141500,0.030,0.842,0.128
142000,0.030,0.812,0.158
142500,0.030,0.762,0.208
143000,0.030,0.866,0.104
143500,0.030,0.824,0.146
144000,0.030,0.805,0.165
144500,0.030,0.813,0.157
145000,0.030,0.806,0.164
145500,0.030,0.779,0.191
146000,0.030,0.770,0.200
146500,0.030,0.790,0.180
147000,0.030,0.851,0.119
147500,0.030,0.798,0.172
148000,0.030,0.789,0.181
148500,0.030,0.835,0.135
149000,0.030,0.837,0.133
149500,0.030,0.831,0.139
150000,0.030,0.780,0.190
150500,0.030,0.781,0.189
151000,0.030,0.750,0.220
151500,0.030,0.800,0.170
152000,0.030,0.780,0.190
152500,0.030,0.804,0.166
153000,0.030,0.770,0.200
153500,0.030,0.793,0.177
154000,0.030,0.750,0.220
154500,0.030,0.732,0.238
155000,0.030,0.796,0.174
155500,0.030,0.842,0.128
156000,0.030,0.828,0.142
156500,0.030,0.802,0.168
157000,0.030,0.837,0.133
157500,0.030,0.854,0.116
158000,0.030,0.859,0.111
158500,0.030,0.775,0.195
159000,0.030,0.813,0.157
159500,0.030,0.790,0.180
160000,0.030,0.791,0.179
160500,0.030,0.785,0.185
161000,0.030,0.764,0.206
161500,0.030,0.758,0.212
162000,0.030,0.800,0.170
162500,0.030,0.800,0.170
163000,0.030,0.756,0.214
163500,0.030,0.760,0.210
164000,0.030,0.821,0.149
164500,0.030,0.808,0.162
165000,0.030,0.799,0.171
165500,0.030,0.813,0.157
166000,0.030,0.752,0.218
166500,0.030,0.761,0.209
167000,0.030,0.793,0.177
167500,0.030,0.788,0.182
168000,0.030,0.770,0.200
168500,0.030,0.810,0.160
169000,0.030,0.774,0.196
169500,0.030,0.755,0.215
170000,0.030,0.772,0.198
170500,0.030,0.789,0.181
171000,0.030,0.782,0.188
171500,0.030,0.728,0.242
172000,0.030,0.830,0.140
172500,0.030,0.849,0.121
173000,0.030,0.806,0.164
173500,0.030,0.745,0.225
174000,0.030,0.731,0.239
174500,0.030,0.751,0.219
175000,0.030,0.752,0.218
175500,0.030,0.750,0.220
176000,0.030,0.784,0.186
176500,0.030,0.790,0.180
177000,0.030,0.803,0.167
177500,0.030,0.800,0.170
178000,0.030,0.828,0.142
178500,0.030,0.806,0.164
179000,0.030,0.810,0.160
179500,0.030,0.786,0.184
180000,0.030,0.761,0.209
180500,0.030,0.746,0.224
181000,0.030,0.784,0.186
181500,0.030,0.823,0.147
182000,0.030,0.851,0.119
182500,0.030,0.871,0.099
183000,0.030,0.862,0.108
183500,0.030,0.848,0.122
184000,0.030,0.784,0.186
184500,0.030,0.828,0.142
185000,0.030,0.830,0.140
185500,0.030,0.815,0.155
186000,0.030,0.769,0.201
186500,0.030,0.765,0.205
187000,0.030,0.696,0.274
187500,0.030,0.763,0.207
188000,0.030,0.788,0.182
188500,0.030,0.805,0.165
189000,0.030,0.842,0.128
189500,0.030,0.814,0.156
190000,0.030,0.759,0.211
190500,0.032,0.737,0.231
191000,0.030,0.796,0.174
191500,0.030,0.742,0.228
192000,0.030,0.719,0.251
192500,0.030,0.767,0.203
193000,0.030,0.740,0.230
193500,0.030,0.713,0.257
194000,0.030,0.732,0.238
194500,0.030,0.807,0.163
195000,0.030,0.745,0.225
195500,0.032,0.763,0.205
196000,0.030,0.809,0.161
196500,0.030,0.828,0.142
197000,0.030,0.802,0.168
197500,0.030,0.824,0.146
198000,0.030,0.781,0.189
198500,0.030,0.735,0.235
199000,0.030,0.742,0.228
199500,0.030,0.716,0.254
200000,0.030,0.784,0.186
200500,0.030,0.768,0.202
201000,0.030,0.763,0.207
201500,0.030,0.738,0.232
202000,0.030,0.716,0.254
202500,0.030,0.727,0.243
203000,0.030,0.772,0.198
203500,0.030,0.790,0.180
204000,0.030,0.755,0.215
204500,0.030,0.724,0.246
205000,0.030,0.705,0.265
205500,0.030,0.732,0.238
206000,0.030,0.748,0.222
206500,0.030,0.759,0.211
207000,0.030,0.771,0.199
207500,0.030,0.807,0.163
208000,0.030,0.716,0.254
208500,0.030,0.718,0.252
209000,0.030,0.754,0.216
209500,0.030,0.810,0.160
210000,0.030,0.739,0.231
210500,0.030,0.797,0.173
211000,0.030,0.833,0.137
211500,0.030,0.837,0.133
212000,0.030,0.822,0.148
212500,0.030,0.845,0.125
213000,0.030,0.858,0.112
213500,0.030,0.843,0.127
214000,0.030,0.851,0.119
214500,0.030,0.827,0.143
215000,0.030,0.807,0.163
215500,0.030,0.822,0.148
216000,0.030,0.796,0.174
216500,0.030,0.823,0.147
217000,0.030,0.875,0.095
217500,0.030,0.843,0.127
218000,0.030,0.803,0.167
218500,0.030,0.805,0.165
219000,0.030,0.809,0.161
219500,0.030,0.774,0.196
220000,0.030,0.799,0.171
220500,0.030,0.832,0.138
221000,0.030,0.809,0.161
221500,0.030,0.828,0.142
222000,0.030,0.840,0.130
222500,0.030,0.823,0.147
223000,0.030,0.828,0.142
223500,0.030,0.781,0.189
224000,0.030,0.744,0.226
224500,0.030,0.762,0.208
225000,0.030,0.814,0.156
225500,0.030,0.762,0.208
226000,0.030,0.794,0.176
226500,0.030,0.834,0.136
227000,0.030,0.782,0.188
227500,0.030,0.805,0.165
228000,0.030,0.786,0.184
228500,0.030,0.742,0.228
229000,0.030,0.751,0.219
229500,0.030,0.791,0.179
230000,0.030,0.817,0.153
230500,0.030,0.830,0.140
231000,0.030,0.799,0.171
231500,0.030,0.749,0.221
232000,0.030,0.784,0.186
232500,0.030,0.777,0.193
233000,0.030,0.799,0.171
233500,0.030,0.852,0.118
234000,0.030,0.822,0.148
234500,0.030,0.822,0.148
235000,0.030,0.815,0.155
235500,0.030,0.834,0.136
236000,0.030,0.819,0.151
236500,0.030,0.807,0.163
237000,0.030,0.730,0.240
237500,0.030,0.727,0.243
238000,0.030,0.732,0.238
238500,0.030,0.775,0.195
239000,0.030,0.803,0.167
239500,0.030,0.747,0.223
240000,0.030,0.786,0.184
240500,0.030,0.730,0.240
241000,0.030,0.769,0.201
241500,0.030,0.752,0.218
242000,0.030,0.792,0.178
242500,0.030,0.794,0.176
243000,0.030,0.832,0.138
243500,0.030,0.820,0.150
244000,0.030,0.856,0.114
244500,0.030,0.817,0.153
245000,0.030,0.771,0.199
245500,0.030,0.746,0.224
246000,0.030,0.796,0.174
246500,0.030,0.830,0.140
247000,0.030,0.800,0.170
247500,0.030,0.810,0.160
248000,0.030,0.751,0.219
248500,0.030,0.801,0.169
249000,0.030,0.808,0.162
249500,0.030,0.840,0.130
250000,0.030,0.837,0.133
250500,0.030,0.825,0.145
251000,0.030,0.778,0.192
251500,0.030,0.754,0.216
252000,0.030,0.762,0.208
252500,0.030,0.764,0.206
253000,0.030,0.749,0.221
253500,0.030,0.734,0.236
254000,0.030,0.746,0.224
254500,0.030,0.726,0.244
255000,0.030,0.766,0.204
255500,0.030,0.772,0.198
256000,0.030,0.780,0.190
256500,0.030,0.762,0.208
257000,0.030,0.756,0.214
257500,0.030,0.807,0.163
258000,0.030,0.815,0.155
258500,0.030,0.850,0.120
259000,0.030,0.843,0.127
259500,0.030,0.834,0.136
260000,0.030,0.819,0.151
260500,0.030,0.825,0.145
261000,0.030,0.789,0.181
261500,0.030,0.833,0.137
262000,0.030,0.829,0.141
262500,0.030,0.828,0.142
263000,0.030,0.793,0.177
263500,0.030,0.813,0.157
264000,0.030,0.825,0.145
264500,0.030,0.839,0.131
265000,0.030,0.826,0.144
265500,0.030,0.837,0.133
266000,0.030,0.817,0.153
266500,0.030,0.838,0.132
267000,0.030,0.787,0.183
267500,0.030,0.828,0.142
268000,0.030,0.844,0.126
268500,0.030,0.831,0.139
269000,0.030,0.754,0.216
269500,0.030,0.728,0.242
270000,0.030,0.808,0.162
270500,0.030,0.828,0.142
271000,0.030,0.829,0.141
271500,0.030,0.850,0.120
272000,0.030,0.879,0.091
272500,0.030,0.835,0.135
273000,0.030,0.789,0.181
273500,0.030,0.765,0.205
274000,0.030,0.770,0.200
274500,0.030,0.748,0.222
275000,0.030,0.801,0.169
275500,0.030,0.790,0.180
276000,0.030,0.845,0.125
276500,0.030,0.860,0.110
277000,0.030,0.788,0.182
277500,0.030,0.779,0.191
278000,0.030,0.750,0.220
278500,0.030,0.765,0.205
279000,0.030,0.788,0.182
279500,0.030,0.798,0.172
280000,0.030,0.829,0.141
280500,0.030,0.828,0.142
281000,0.030,0.766,0.204
281500,0.030,0.791,0.179
282000,0.030,0.747,0.223
282500,0.034,0.814,0.152
283000,0.030,0.810,0.160
283500,0.030,0.786,0.184
284000,0.030,0.824,0.146
284500,0.030,0.842,0.128
285000,0.030,0.859,0.111
285500,0.030,0.792,0.178
286000,0.030,0.791,0.179
286500,0.030,0.780,0.190
287000,0.030,0.783,0.187
287500,0.030,0.816,0.154
288000,0.030,0.839,0.131
288500,0.030,0.824,0.146
289000,0.030,0.817,0.153
289500,0.033,0.808,0.159
290000,0.030,0.831,0.139
290500,0.030,0.848,0.122
291000,0.030,0.816,0.154
291500,0.030,0.849,0.121
292000,0.030,0.841,0.129
292500,0.030,0.838,0.132
293000,0.030,0.854,0.116
293500,0.030,0.830,0.140
294000,0.030,0.771,0.199
294500,0.030,0.773,0.197
295000,0.030,0.756,0.214
295500,0.030,0.761,0.209
296000,0.030,0.801,0.169
296500,0.030,0.763,0.207
297000,0.030,0.668,0.302
297500,0.030,0.706,0.264
298000,0.030,0.797,0.173
298500,0.030,0.816,0.154
299000,0.030,0.811,0.159
299500,0.030,0.783,0.187
300000,0.030,0.723,0.247
300500,0.030,0.766,0.204
301000,0.030,0.809,0.161
301500,0.030,0.817,0.153
302000,0.030,0.803,0.167
302500,0.030,0.758,0.212
303000,0.030,0.773,0.197
303500,0.030,0.692,0.278
304000,0.030,0.773,0.197
304500,0.030,0.817,0.153
305000,0.030,0.819,0.151
305500,0.030,0.857,0.113
306000,0.030,0.841,0.129
306500,0.030,0.823,0.147
307000,0.030,0.831,0.139
307500,0.030,0.815,0.155
308000,0.030,0.794,0.176
308500,0.030,0.797,0.173
309000,0.030,0.750,0.220
309500,0.030,0.788,0.182
310000,0.030,0.796,0.174
310500,0.030,0.767,0.203
311000,0.030,0.764,0.206
311500,0.030,0.784,0.186
312000,0.030,0.828,0.142
312500,0.030,0.815,0.155
313000,0.030,0.786,0.184
313500,0.030,0.735,0.235
314000,0.030,0.776,0.194
314500,0.030,0.805,0.165
315000,0.030,0.855,0.115
315500,0.030,0.859,0.111
316000,0.030,0.870,0.100
316500,0.030,0.870,0.100
317000,0.030,0.869,0.101
317500,0.030,0.843,0.127
318000,0.030,0.847,0.123
318500,0.030,0.827,0.143
319000,0.030,0.819,0.151
319500,0.030,0.811,0.159
320000,0.030,0.839,0.131
320500,0.030,0.845,0.125
321000,0.030,0.836,0.134
321500,0.030,0.841,0.129
322000,0.030,0.803,0.167
322500,0.030,0.813,0.157
323000,0.030,0.839,0.131
323500,0.030,0.839,0.131
324000,0.030,0.836,0.134
324500,0.030,0.800,0.170
325000,0.030,0.785,0.185
325500,0.030,0.815,0.155
326000,0.030,0.807,0.163
326500,0.030,0.804,0.166
327000,0.030,0.768,0.202
327500,0.030,0.800,0.170
328000,0.030,0.805,0.165
328500,0.030,0.778,0.192
329000,0.030,0.833,0.137
329500,0.030,0.830,0.140
330000,0.030,0.813,0.157
330500,0.030,0.790,0.180
331000,0.030,0.818,0.152
331500,0.030,0.842,0.128
332000,0.030,0.858,0.112
332500,0.030,0.860,0.110
333000,0.030,0.847,0.123
333500,0.030,0.854,0.116
334000,0.030,0.836,0.134
334500,0.030,0.841,0.129
335000,0.030,0.816,0.154
335500,0.030,0.755,0.215
336000,0.030,0.810,0.160
336500,0.030,0.804,0.166
337000,0.030,0.782,0.188
337500,0.030,0.804,0.166
338000,0.030,0.808,0.162
338500,0.030,0.834,0.136
339000,0.030,0.844,0.126
339500,0.030,0.794,0.176
340000,0.030,0.816,0.154
340500,0.030,0.783,0.187
341000,0.030,0.809,0.161
341500,0.030,0.775,0.195
342000,0.030,0.771,0.199
342500,0.030,0.801,0.169
343000,0.030,0.815,0.155
343500,0.030,0.840,0.130
344000,0.030,0.892,0.078
344500,0.030,0.864,0.106
345000,0.030,0.865,0.105
345500,0.030,0.821,0.149
346000,0.030,0.852,0.118
346500,0.030,0.829,0.141
347000,0.030,0.800,0.170
347500,0.030,0.773,0.197
348000,0.030,0.798,0.172
348500,0.030,0.805,0.165
349000,0.030,0.778,0.192
349500,0.030,0.802,0.168
350000,0.030,0.761,0.209
350500,0.030,0.696,0.274
351000,0.030,0.708,0.262
351500,0.030,0.734,0.236
352000,0.030,0.788,0.182
352500,0.030,0.842,0.128
353000,0.030,0.822,0.148
353500,0.030,0.791,0.179
354000,0.030,0.796,0.174
354500,0.030,0.787,0.183
355000,0.030,0.770,0.200
355500,0.030,0.788,0.182
356000,0.030,0.755,0.215
356500,0.030,0.762,0.208
357000,0.030,0.764,0.206
357500,0.030,0.768,0.202
358000,0.030,0.801,0.169
358500,0.030,0.830,0.140
359000,0.030,0.775,0.195
359500,0.030,0.774,0.196
360000,0.030,0.763,0.207
360500,0.030,0.777,0.193
361000,0.030,0.738,0.232
361500,0.030,0.749,0.221
362000,0.030,0.796,0.174
362500,0.030,0.785,0.185
363000,0.030,0.823,0.147
363500,0.030,0.854,0.116
364000,0.030,0.789,0.181
364500,0.030,0.783,0.187
365000,0.030,0.848,0.122
365500,0.030,0.821,0.149
366000,0.030,0.755,0.215
366500,0.030,0.794,0.176
367000,0.030,0.749,0.221
367500,0.030,0.816,0.154
368000,0.030,0.824,0.146
368500,0.030,0.782,0.188
369000,0.030,0.750,0.220
369500,0.030,0.789,0.181
370000,0.030,0.803,0.167
370500,0.030,0.751,0.219
371000,0.030,0.754,0.216
371500,0.030,0.755,0.215
372000,0.030,0.770,0.200
372500,0.030,0.770,0.200
373000,0.030,0.776,0.194
373500,0.030,0.751,0.219
374000,0.030,0.770,0.200
374500,0.030,0.786,0.184
375000,0.030,0.777,0.193
375500,0.030,0.835,0.135
376000,0.030,0.764,0.206
376500,0.030,0.766,0.204
377000,0.030,0.777,0.193
377500,0.030,0.829,0.141
378000,0.030,0.800,0.170
378500,0.030,0.796,0.174
379000,0.030,0.805,0.165
379500,0.030,0.805,0.165
380000,0.030,0.763,0.207
380500,0.030,0.771,0.199
381000,0.030,0.748,0.222
381500,0.030,0.778,0.192
382000,0.030,0.857,0.113
382500,0.030,0.842,0.128
383000,0.030,0.845,0.125
383500,0.030,0.831,0.139
384000,0.030,0.779,0.191
384500,0.030,0.773,0.197
385000,0.030,0.816,0.154
385500,0.030,0.823,0.147
386000,0.030,0.829,0.141
386500,0.030,0.766,0.204
387000,0.030,0.783,0.187
387500,0.030,0.787,0.183
388000,0.030,0.812,0.158
388500,0.030,0.780,0.190
389000,0.030,0.786,0.184
389500,0.030,0.837,0.133
390000,0.030,0.853,0.117
390500,0.030,0.869,0.101
391000,0.030,0.799,0.171
391500,0.030,0.788,0.182
392000,0.030,0.773,0.197
392500,0.030,0.791,0.179
393000,0.030,0.799,0.171
393500,0.030,0.754,0.216
394000,0.030,0.757,0.213
394500,0.030,0.720,0.250
395000,0.030,0.795,0.175
395500,0.030,0.801,0.169
396000,0.030,0.788,0.182
396500,0.030,0.846,0.124
397000,0.030,0.849,0.121
397500,0.030,0.829,0.141
398000,0.030,0.802,0.168
398500,0.030,0.804,0.166
399000,0.030,0.813,0.157
399500,0.030,0.811,0.159
400000,0.030,0.792,0.178
400500,0.030,0.767,0.203
401000,0.030,0.776,0.194
401500,0.030,0.789,0.181
402000,0.030,0.796,0.174
402500,0.030,0.829,0.141
403000,0.030,0.848,0.122
403500,0.030,0.886,0.084
404000,0.030,0.813,0.157
404500,0.030,0.837,0.133
405000,0.030,0.804,0.166
405500,0.030,0.792,0.178
406000,0.030,0.741,0.229
406500,0.030,0.805,0.165
407000,0.030,0.804,0.166
407500,0.030,0.733,0.237
408000,0.030,0.703,0.267
408500,0.030,0.703,0.267
409000,0.030,0.736,0.234
409500,0.030,0.715,0.255
410000,0.030,0.752,0.218
410500,0.030,0.816,0.154
411000,0.030,0.803,0.167
411500,0.030,0.786,0.184
412000,0.030,0.789,0.181
412500,0.030,0.800,0.170
413000,0.030,0.814,0.156
413500,0.030,0.817,0.153
414000,0.030,0.859,0.111
414500,0.030,0.777,0.193
415000,0.030,0.739,0.231
415500,0.030,0.812,0.158
416000,0.030,0.803,0.167
416500,0.030,0.808,0.162
417000,0.030,0.801,0.169
417500,0.030,0.782,0.188
418000,0.030,0.746,0.224
418500,0.030,0.747,0.223
419000,0.033,0.697,0.270
419500,0.030,0.728,0.242
420000,0.030,0.780,0.190
420500,0.030,0.797,0.173
421000,0.030,0.717,0.253
421500,0.030,0.707,0.263
422000,0.030,0.725,0.245
422500,0.030,0.794,0.176
423000,0.030,0.764,0.206
423500,0.030,0.752,0.218
424000,0.030,0.780,0.190
424500,0.030,0.793,0.177
425000,0.030,0.763,0.207
425500,0.030,0.732,0.238
426000,0.030,0.781,0.189
426500,0.030,0.788,0.182
427000,0.030,0.821,0.149
427500,0.030,0.797,0.173
428000,0.030,0.836,0.134
428500,0.030,0.774,0.196
429000,0.030,0.785,0.185
429500,0.030,0.832,0.138
430000,0.030,0.829,0.141
430500,0.030,0.844,0.126
431000,0.030,0.849,0.121
431500,0.030,0.813,0.157
432000,0.030,0.820,0.150
432500,0.030,0.809,0.161
433000,0.030,0.812,0.158
433500,0.030,0.780,0.190
434000,0.036,0.700,0.264
434500,0.030,0.695,0.275
435000,0.031,0.747,0.222
435500,0.030,0.798,0.172
436000,0.030,0.810,0.160
436500,0.030,0.775,0.195
437000,0.032,0.785,0.183
437500,0.030,0.803,0.167
438000,0.030,0.781,0.189
438500,0.030,0.741,0.229
439000,0.030,0.782,0.188
439500,0.030,0.813,0.157
440000,0.030,0.811,0.159
440500,0.030,0.826,0.144
441000,0.030,0.844,0.126
441500,0.030,0.824,0.146
442000,0.030,0.761,0.209
442500,0.030,0.827,0.143
443000,0.030,0.834,0.136
443500,0.030,0.828,0.142
444000,0.030,0.812,0.158
444500,0.030,0.762,0.208
445000,0.030,0.804,0.166
445500,0.030,0.803,0.167
446000,0.030,0.802,0.168
446500,0.030,0.803,0.167
447000,0.030,0.814,0.156
447500,0.030,0.794,0.176
448000,0.030,0.771,0.199
448500,0.030,0.837,0.133
449000,0.030,0.793,0.177
449500,0.030,0.765,0.205
450000,0.030,0.811,0.159
450500,0.030,0.798,0.172
451000,0.030,0.828,0.142
451500,0.030,0.804,0.166
452000,0.030,0.827,0.143
452500,0.030,0.758,0.212
453000,0.030,0.818,0.152
453500,0.030,0.837,0.133
454000,0.030,0.820,0.150
454500,0.030,0.780,0.190
455000,0.030,0.781,0.189
455500,0.030,0.803,0.167
456000,0.030,0.799,0.171
456500,0.030,0.828,0.142
457000,0.030,0.817,0.153
457500,0.030,0.786,0.184
458000,0.030,0.780,0.190
458500,0.030,0.819,0.151
459000,0.030,0.839,0.131
459500,0.030,0.833,0.137
460000,0.030,0.866,0.104
460500,0.030,0.880,0.090
461000,0.030,0.871,0.099
461500,0.030,0.840,0.130
462000,0.030,0.805,0.165
462500,0.030,0.815,0.155
463000,0.030,0.834,0.136
463500,0.030,0.845,0.125
464000,0.030,0.845,0.125
464500,0.030,0.835,0.135
465000,0.030,0.828,0.142
465500,0.030,0.779,0.191
466000,0.030,0.768,0.202
466500,0.030,0.767,0.203
467000,0.030,0.760,0.210
467500,0.030,0.724,0.246
468000,0.030,0.730,0.240
468500,0.030,0.781,0.189
469000,0.030,0.829,0.141
469500,0.030,0.804,0.166
470000,0.030,0.808,0.162
470500,0.030,0.794,0.176
471000,0.030,0.866,0.104
471500,0.030,0.882,0.088
472000,0.030,0.870,0.100
472500,0.030,0.825,0.145
473000,0.030,0.837,0.133
473500,0.030,0.779,0.191
474000,0.030,0.809,0.161
474500,0.030,0.855,0.115
475000,0.030,0.828,0.142
475500,0.030,0.803,0.167
476000,0.030,0.772,0.198
476500,0.030,0.814,0.156
477000,0.030,0.816,0.154
477500,0.030,0.815,0.155
478000,0.030,0.818,0.152
478500,0.030,0.804,0.166
479000,0.030,0.814,0.156
479500,0.030,0.848,0.122
480000,0.030,0.877,0.093
480500,0.030,0.850,0.120
481000,0.030,0.847,0.123
481500,0.030,0.856,0.114
482000,0.030,0.795,0.175
482500,0.030,0.838,0.132
483000,0.030,0.861,0.109
483500,0.030,0.838,0.132
484000,0.030,0.826,0.144
484500,0.030,0.747,0.223
485000,0.030,0.765,0.205
485500,0.030,0.732,0.238
486000,0.035,0.744,0.221
486500,0.030,0.791,0.179
487000,0.030,0.774,0.196
487500,0.030,0.800,0.170
488000,0.030,0.846,0.124
488500,0.030,0.819,0.151
489000,0.030,0.819,0.151
489500,0.030,0.824,0.146
490000,0.030,0.812,0.158
490500,0.030,0.818,0.152
491000,0.030,0.846,0.124
491500,0.030,0.798,0.172
492000,0.030,0.803,0.167
492500,0.030,0.742,0.228
493000,0.035,0.748,0.217
493500,0.032,0.755,0.213
494000,0.030,0.771,0.199
494500,0.030,0.781,0.189
495000,0.030,0.798,0.172
495500,0.030,0.850,0.120
496000,0.030,0.830,0.140
496500,0.030,0.798,0.172
497000,0.030,0.817,0.153
497500,0.030,0.813,0.157
498000,0.030,0.793,0.177
498500,0.030,0.776,0.194
499000,0.030,0.794,0.176
499500,0.030,0.792,0.178
500000,0.030,0.769,0.201
500500,0.030,0.811,0.159
501000,0.030,0.795,0.175
501500,0.030,0.774,0.196
502000,0.030,0.786,0.184
502500,0.030,0.746,0.224
503000,0.030,0.724,0.246
503500,0.030,0.753,0.217
504000,0.030,0.794,0.176
504500,0.030,0.773,0.197
505000,0.030,0.802,0.168
505500,0.030,0.771,0.199
506000,0.030,0.776,0.194
506500,0.030,0.816,0.154
507000,0.030,0.778,0.192
507500,0.030,0.805,0.165
508000,0.030,0.790,0.180
508500,0.030,0.754,0.216
509000,0.030,0.742,0.228
509500,0.030,0.763,0.207
510000,0.030,0.814,0.156
510500,0.030,0.766,0.204
511000,0.030,0.767,0.203
511500,0.030,0.740,0.230
512000,0.030,0.800,0.170
512500,0.030,0.794,0.176
513000,0.030,0.818,0.152
513500,0.030,0.835,0.135
514000,0.030,0.847,0.123
514500,0.030,0.806,0.164
515000,0.030,0.781,0.189
515500,0.030,0.786,0.184
516000,0.030,0.724,0.246
516500,0.030,0.770,0.200
517000,0.030,0.772,0.198
517500,0.030,0.827,0.143
518000,0.030,0.817,0.153
518500,0.030,0.757,0.213
519000,0.030,0.792,0.178
519500,0.030,0.862,0.108
520000,0.030,0.832,0.138
520500,0.030,0.818,0.152
521000,0.030,0.791,0.179
521500,0.030,0.818,0.152
522000,0.030,0.803,0.167
522500,0.030,0.783,0.187
523000,0.030,0.787,0.183
523500,0.030,0.816,0.154
524000,0.030,0.750,0.220
524500,0.030,0.802,0.168
525000,0.030,0.806,0.164
525500,0.030,0.820,0.150
526000,0.030,0.854,0.116
526500,0.030,0.835,0.135
527000,0.030,0.813,0.157
527500,0.030,0.800,0.170
528000,0.030,0.811,0.159
528500,0.030,0.820,0.150
529000,0.030,0.783,0.187
529500,0.030,0.823,0.147
530000,0.030,0.814,0.156
530500,0.030,0.803,0.167
531000,0.030,0.833,0.137
531500,0.030,0.827,0.143
532000,0.030,0.869,0.101
532500,0.030,0.849,0.121
533000,0.030,0.826,0.144
533500,0.030,0.837,0.133
534000,0.030,0.828,0.142
534500,0.030,0.839,0.131
535000,0.030,0.764,0.206
535500,0.030,0.789,0.181
536000,0.030,0.850,0.120
536500,0.030,0.806,0.164
537000,0.030,0.786,0.184
537500,0.030,0.777,0.193
538000,0.030,0.760,0.210
538500,0.030,0.791,0.179
539000,0.030,0.800,0.170
539500,0.030,0.768,0.202
540000,0.030,0.770,0.200
540500,0.030,0.761,0.209
541000,0.030,0.801,0.169
541500,0.030,0.777,0.193
542000,0.030,0.794,0.176
542500,0.030,0.810,0.160
543000,0.030,0.784,0.186
543500,0.030,0.814,0.156
544000,0.030,0.800,0.170
544500,0.030,0.808,0.162
545000,0.030,0.809,0.161
545500,0.030,0.817,0.153
546000,0.030,0.801,0.169
546500,0.030,0.793,0.177
547000,0.030,0.744,0.226
547500,0.030,0.812,0.158
548000,0.030,0.747,0.223
548500,0.030,0.794,0.176
549000,0.030,0.819,0.151
549500,0.030,0.861,0.109
550000,0.030,0.849,0.121
550500,0.030,0.837,0.133
551000,0.030,0.806,0.164
551500,0.030,0.812,0.158
552000,0.030,0.812,0.158
552500,0.030,0.803,0.167
553000,0.030,0.807,0.163
553500,0.030,0.788,0.182
554000,0.030,0.806,0.164
554500,0.030,0.816,0.154
555000,0.030,0.780,0.190
555500,0.030,0.773,0.197
556000,0.030,0.777,0.193
556500,0.030,0.790,0.180
557000,0.031,0.764,0.205
557500,0.030,0.822,0.148
558000,0.030,0.772,0.198
558500,0.030,0.788,0.182
559000,0.030,0.741,0.229
559500,0.030,0.757,0.213
560000,0.030,0.783,0.187
560500,0.030,0.765,0.205
561000,0.030,0.748,0.222
561500,0.030,0.727,0.243
562000,0.030,0.800,0.170
562500,0.030,0.833,0.137
563000,0.030,0.757,0.213
563500,0.030,0.830,0.140
564000,0.030,0.835,0.135
564500,0.030,0.803,0.167
565000,0.030,0.789,0.181
565500,0.030,0.758,0.212
566000,0.030,0.780,0.190
566500,0.030,0.794,0.176
567000,0.030,0.825,0.145
567500,0.030,0.860,0.110
568000,0.030,0.811,0.159
568500,0.030,0.853,0.117
569000,0.030,0.828,0.142
569500,0.030,0.856,0.114
570000,0.030,0.855,0.115
570500,0.030,0.756,0.214
571000,0.030,0.738,0.232
571500,0.030,0.852,0.118
572000,0.030,0.763,0.207
572500,0.030,0.774,0.196
573000,0.033,0.783,0.184
573500,0.032,0.818,0.150
574000,0.030,0.794,0.176
574500,0.030,0.822,0.148
575000,0.030,0.802,0.168
575500,0.030,0.797,0.173
576000,0.030,0.779,0.191
576500,0.030,0.802,0.168
577000,0.030,0.820,0.150
577500,0.030,0.833,0.137
578000,0.030,0.788,0.182
578500,0.030,0.805,0.165
579000,0.030,0.812,0.158
579500,0.030,0.821,0.149
580000,0.030,0.802,0.168
580500,0.030,0.803,0.167
581000,0.030,0.795,0.175
581500,0.030,0.824,0.146
582000,0.030,0.788,0.182
582500,0.030,0.732,0.238
583000,0.030,0.759,0.211
583500,0.030,0.745,0.225
584000,0.030,0.764,0.206
584500,0.030,0.729,0.241
585000,0.030,0.742,0.228
585500,0.030,0.747,0.223
586000,0.030,0.782,0.188
586500,0.030,0.810,0.160
587000,0.030,0.842,0.128
587500,0.030,0.803,0.167
588000,0.030,0.840,0.130
588500,0.030,0.848,0.122
589000,0.030,0.842,0.128
589500,0.030,0.855,0.115
590000,0.030,0.858,0.112
590500,0.030,0.833,0.137
591000,0.030,0.783,0.187
591500,0.030,0.838,0.132
592000,0.030,0.832,0.138
592500,0.030,0.809,0.161
593000,0.030,0.739,0.231
593500,0.030,0.722,0.248
594000,0.030,0.743,0.227
594500,0.030,0.845,0.125
595000,0.030,0.802,0.168
595500,0.030,0.740,0.230
596000,0.030,0.759,0.211
596500,0.030,0.789,0.181
597000,0.030,0.791,0.179
597500,0.030,0.826,0.144
598000,0.030,0.802,0.168
598500,0.030,0.807,0.163
599000,0.030,0.748,0.222
599500,0.030,0.734,0.236
600000,0.030,0.708,0.262
600500,0.030,0.803,0.167
601000,0.030,0.817,0.153
601500,0.030,0.772,0.198
602000,0.030,0.787,0.183
602500,0.030,0.821,0.149
603000,0.030,0.831,0.139
603500,0.030,0.818,0.152
604000,0.030,0.830,0.140
604500,0.030,0.831,0.139
605000,0.030,0.817,0.153
605500,0.030,0.773,0.197
606000,0.030,0.829,0.141
606500,0.030,0.854,0.116
607000,0.030,0.850,0.120
607500,0.030,0.757,0.213
608000,0.030,0.781,0.189
608500,0.030,0.811,0.159
609000,0.030,0.770,0.200
609500,0.030,0.840,0.130
610000,0.030,0.840,0.130
610500,0.030,0.818,0.152
611000,0.030,0.816,0.154
611500,0.030,0.822,0.148
612000,0.030,0.846,0.124
612500,0.030,0.802,0.168
613000,0.030,0.794,0.176
613500,0.030,0.808,0.162
614000,0.030,0.809,0.161
614500,0.030,0.798,0.172
615000,0.030,0.794,0.176
615500,0.030,0.819,0.151
616000,0.030,0.790,0.180
616500,0.030,0.798,0.172
617000,0.030,0.768,0.202
617500,0.030,0.820,0.150
618000,0.030,0.799,0.171
618500,0.030,0.776,0.194
619000,0.030,0.796,0.174
619500,0.030,0.786,0.184
620000,0.030,0.792,0.178
620500,0.030,0.783,0.187
621000,0.030,0.799,0.171
621500,0.030,0.825,0.145
622000,0.030,0.845,0.125
622500,0.030,0.807,0.163
623000,0.030,0.766,0.204
623500,0.030,0.788,0.182
624000,0.030,0.789,0.181
624500,0.030,0.781,0.189
625000,0.030,0.769,0.201
625500,0.030,0.765,0.205
626000,0.030,0.799,0.171
626500,0.030,0.834,0.136
627000,0.030,0.801,0.169
627500,0.030,0.820,0.150
628000,0.030,0.800,0.170
628500,0.030,0.749,0.221
629000,0.030,0.768,0.202
629500,0.030,0.803,0.167
630000,0.030,0.807,0.163
630500,0.030,0.739,0.231
631000,0.030,0.737,0.233
631500,0.030,0.718,0.252
632000,0.030,0.761,0.209
632500,0.030,0.773,0.197
633000,0.030,0.812,0.158
633500,0.030,0.843,0.127
634000,0.030,0.801,0.169
634500,0.030,0.818,0.152
635000,0.030,0.768,0.202
635500,0.030,0.772,0.198
636000,0.030,0.826,0.144
636500,0.030,0.844,0.126
637000,0.030,0.807,0.163
637500,0.030,0.784,0.186
638000,0.030,0.780,0.190
638500,0.030,0.788,0.182
639000,0.030,0.777,0.193
639500,0.030,0.803,0.167
640000,0.030,0.815,0.155
640500,0.030,0.769,0.201
641000,0.030,0.728,0.242
641500,0.030,0.761,0.209
642000,0.030,0.778,0.192
642500,0.031,0.781,0.188
643000,0.030,0.809,0.161
643500,0.030,0.821,0.149
644000,0.030,0.820,0.150
644500,0.030,0.830,0.140
645000,0.030,0.803,0.167
645500,0.030,0.850,0.120
646000,0.030,0.817,0.153
646500,0.030,0.803,0.167
647000,0.030,0.783,0.187
647500,0.030,0.798,0.172
648000,0.030,0.832,0.138
648500,0.030,0.780,0.190
649000,0.030,0.758,0.212
649500,0.030,0.772,0.198
650000,0.030,0.781,0.189
650500,0.030,0.683,0.287
651000,0.030,0.662,0.308
651500,0.030,0.713,0.257
652000,0.033,0.696,0.271
652500,0.032,0.710,0.258
653000,0.030,0.739,0.231
653500,0.030,0.776,0.194
654000,0.030,0.827,0.143
654500,0.030,0.809,0.161
655000,0.030,0.810,0.160
655500,0.030,0.841,0.129
656000,0.030,0.810,0.160
656500,0.030,0.798,0.172
657000,0.030,0.808,0.162
657500,0.030,0.773,0.197
658000,0.030,0.810,0.160
658500,0.030,0.745,0.225
659000,0.030,0.787,0.183
659500,0.030,0.844,0.126
660000,0.030,0.793,0.177
660500,0.030,0.790,0.180
661000,0.030,0.794,0.176
661500,0.030,0.779,0.191
662000,0.030,0.792,0.178
662500,0.030,0.810,0.160
663000,0.030,0.800,0.170
663500,0.030,0.772,0.198
664000,0.030,0.814,0.156
664500,0.030,0.786,0.184
665000,0.030,0.821,0.149
665500,0.030,0.806,0.164
666000,0.030,0.776,0.194
666500,0.030,0.823,0.147
667000,0.030,0.830,0.140
667500,0.030,0.823,0.147
668000,0.030,0.798,0.172
668500,0.030,0.813,0.157
669000,0.030,0.743,0.227
669500,0.030,0.781,0.189
670000,0.030,0.792,0.178
670500,0.030,0.814,0.156
671000,0.030,0.823,0.147
671500,0.030,0.820,0.150
672000,0.030,0.786,0.184
672500,0.030,0.774,0.196
673000,0.030,0.851,0.119
673500,0.030,0.788,0.182
674000,0.030,0.781,0.189
674500,0.030,0.748,0.222
675000,0.030,0.795,0.175
675500,0.030,0.775,0.195
676000,0.030,0.800,0.170
676500,0.030,0.800,0.170
677000,0.030,0.823,0.147
677500,0.030,0.820,0.150
678000,0.030,0.813,0.157
678500,0.030,0.802,0.168
679000,0.030,0.810,0.160
679500,0.030,0.825,0.145
680000,0.030,0.825,0.145
680500,0.030,0.840,0.130
681000,0.030,0.776,0.194
681500,0.030,0.797,0.173
682000,0.030,0.838,0.132
682500,0.030,0.869,0.101
683000,0.030,0.842,0.128
683500,0.030,0.830,0.140
684000,0.030,0.846,0.124
684500,0.030,0.868,0.102
685000,0.030,0.879,0.091
685500,0.030,0.850,0.120
686000,0.030,0.858,0.112
686500,0.030,0.834,0.136
687000,0.030,0.805,0.165
687500,0.030,0.808,0.162
688000,0.030,0.803,0.167
688500,0.030,0.783,0.187
689000,0.030,0.756,0.214
689500,0.030,0.819,0.151
690000,0.030,0.817,0.153
690500,0.030,0.794,0.176
691000,0.030,0.777,0.193
691500,0.030,0.783,0.187
692000,0.030,0.821,0.149
692500,0.030,0.798,0.172
693000,0.030,0.813,0.157
693500,0.030,0.858,0.112
694000,0.030,0.866,0.104
694500,0.030,0.800,0.170
695000,0.030,0.737,0.233
695500,0.030,0.749,0.221
696000,0.030,0.778,0.192
696500,0.030,0.728,0.242
697000,0.030,0.792,0.178
697500,0.030,0.734,0.236
698000,0.030,0.753,0.217
698500,0.030,0.700,0.270
699000,0.030,0.799,0.171
699500,0.030,0.818,0.152
700000,0.030,0.798,0.172
700500,0.030,0.832,0.138
701000,0.030,0.860,0.110
701500,0.030,0.849,0.121
702000,0.030,0.813,0.157
702500,0.030,0.848,0.122
703000,0.030,0.824,0.146
703500,0.030,0.776,0.194
704000,0.030,0.775,0.195
704500,0.030,0.809,0.161
705000,0.036,0.797,0.167
705500,0.031,0.721,0.248
706000,0.030,0.781,0.189
706500,0.030,0.780,0.190
707000,0.030,0.829,0.141
707500,0.030,0.810,0.160
708000,0.030,0.794,0.176
708500,0.033,0.828,0.139
709000,0.030,0.818,0.152
709500,0.030,0.791,0.179
710000,0.030,0.780,0.190
710500,0.030,0.819,0.151
711000,0.030,0.764,0.206
711500,0.030,0.766,0.204
712000,0.030,0.776,0.194
712500,0.030,0.774,0.196
713000,0.030,0.795,0.175
713500,0.030,0.776,0.194
714000,0.030,0.793,0.177
714500,0.030,0.812,0.158
715000,0.030,0.812,0.158
715500,0.030,0.792,0.178
716000,0.030,0.824,0.146
716500,0.030,0.825,0.145
717000,0.030,0.833,0.137
717500,0.030,0.784,0.186
718000,0.030,0.811,0.159
718500,0.030,0.816,0.154
719000,0.030,0.772,0.198
719500,0.030,0.777,0.193
720000,0.030,0.776,0.194
720500,0.030,0.756,0.214
721000,0.030,0.745,0.225
721500,0.030,0.743,0.227
722000,0.030,0.808,0.162
722500,0.030,0.808,0.162
723000,0.030,0.853,0.117
723500,0.030,0.793,0.177
724000,0.030,0.774,0.196
724500,0.030,0.797,0.173
725000,0.030,0.812,0.158
725500,0.030,0.814,0.156
726000,0.030,0.790,0.180
726500,0.030,0.788,0.182
727000,0.030,0.807,0.163
727500,0.030,0.834,0.136
728000,0.030,0.781,0.189
728500,0.030,0.772,0.198
729000,0.030,0.786,0.184
729500,0.030,0.803,0.167
730000,0.030,0.804,0.166
730500,0.030,0.856,0.114
731000,0.030,0.859,0.111
731500,0.030,0.837,0.133
732000,0.030,0.830,0.140
732500,0.030,0.826,0.144
733000,0.030,0.848,0.122
733500,0.030,0.792,0.178
734000,0.030,0.780,0.190
734500,0.030,0.790,0.180
735000,0.030,0.815,0.155
735500,0.030,0.811,0.159
736000,0.030,0.832,0.138
736500,0.030,0.820,0.150
737000,0.030,0.826,0.144
737500,0.030,0.821,0.149
738000,0.030,0.872,0.098
738500,0.030,0.857,0.113
739000,0.030,0.857,0.113
739500,0.030,0.823,0.147
740000,0.030,0.803,0.167
740500,0.030,0.807,0.163
741000,0.030,0.856,0.114
741500,0.030,0.857,0.113
742000,0.030,0.848,0.122
742500,0.030,0.860,0.110
743000,0.030,0.860,0.110
743500,0.030,0.882,0.088
744000,0.030,0.809,0.161
744500,0.030,0.787,0.183
745000,0.030,0.787,0.183
745500,0.030,0.779,0.191
746000,0.030,0.833,0.137
746500,0.030,0.843,0.127
747000,0.030,0.831,0.139
747500,0.030,0.796,0.174
748000,0.030,0.723,0.247
748500,0.030,0.756,0.214
749000,0.030,0.791,0.179
749500,0.030,0.775,0.195
750000,0.030,0.733,0.237
750500,0.030,0.765,0.205
751000,0.030,0.761,0.209
751500,0.030,0.759,0.211
752000,0.030,0.760,0.210
752500,0.030,0.784,0.186
753000,0.030,0.747,0.223
753500,0.030,0.737,0.233
754000,0.030,0.756,0.214
754500,0.030,0.738,0.232
755000,0.030,0.807,0.163
755500,0.030,0.781,0.189
756000,0.030,0.793,0.177
756500,0.030,0.813,0.157
757000,0.030,0.823,0.147
757500,0.030,0.872,0.098
758000,0.030,0.793,0.177
758500,0.030,0.783,0.187
759000,0.030,0.808,0.162
759500,0.030,0.769,0.201
760000,0.030,0.788,0.182
760500,0.030,0.778,0.192
761000,0.030,0.800,0.170
761500,0.030,0.825,0.145
762000,0.030,0.850,0.120
762500,0.030,0.861,0.109
763000,0.030,0.808,0.162
763500,0.030,0.811,0.159
764000,0.030,0.839,0.131
764500,0.030,0.807,0.163
765000,0.030,0.820,0.150
765500,0.030,0.831,0.139
766000,0.030,0.819,0.151
766500,0.030,0.845,0.125
767000,0.030,0.814,0.156
767500,0.030,0.816,0.154
768000,0.030,0.818,0.152
768500,0.030,0.767,0.203
769000,0.030,0.786,0.184
769500,0.030,0.777,0.193
770000,0.030,0.804,0.166
770500,0.030,0.780,0.190
771000,0.030,0.817,0.153
771500,0.030,0.843,0.127
772000,0.030,0.819,0.151
772500,0.030,0.838,0.132
773000,0.030,0.853,0.117
773500,0.030,0.862,0.108
774000,0.030,0.816,0.154
774500,0.030,0.809,0.161
775000,0.030,0.802,0.168
775500,0.030,0.842,0.128
776000,0.030,0.762,0.208
776500,0.030,0.769,0.201
777000,0.030,0.765,0.205
777500,0.030,0.852,0.118
778000,0.030,0.764,0.206
778500,0.030,0.777,0.193
779000,0.030,0.767,0.203
779500,0.030,0.801,0.169
780000,0.030,0.786,0.184
780500,0.030,0.795,0.175
781000,0.030,0.823,0.147
781500,0.030,0.788,0.182
782000,0.030,0.773,0.197
782500,0.030,0.732,0.238
783000,0.030,0.763,0.207
783500,0.030,0.762,0.208
784000,0.030,0.801,0.169
784500,0.030,0.823,0.147
785000,0.030,0.794,0.176
785500,0.030,0.826,0.144
786000,0.030,0.848,0.122
786500,0.030,0.797,0.173
787000,0.030,0.829,0.141
787500,0.030,0.792,0.178
788000,0.030,0.766,0.204
788500,0.030,0.794,0.176
789000,0.030,0.842,0.128
789500,0.030,0.831,0.139
790000,0.030,0.780,0.190
790500,0.030,0.779,0.191
791000,0.030,0.761,0.209
791500,0.030,0.789,0.181
792000,0.030,0.829,0.141
792500,0.030,0.837,0.133
793000,0.030,0.825,0.145
793500,0.030,0.847,0.123
794000,0.030,0.813,0.157
794500,0.030,0.801,0.169
795000,0.030,0.743,0.227
795500,0.030,0.697,0.273
796000,0.030,0.779,0.191
796500,0.030,0.781,0.189
797000,0.030,0.785,0.185
797500,0.030,0.776,0.194
798000,0.030,0.757,0.213
798500,0.030,0.783,0.187
799000,0.030,0.814,0.156
799500,0.030,0.770,0.200
800000,0.030,0.767,0.203
800500,0.030,0.761,0.209
801000,0.030,0.778,0.192
801500,0.030,0.798,0.172
802000,0.030,0.808,0.162
802500,0.030,0.834,0.136
803000,0.030,0.840,0.130
803500,0.030,0.819,0.151
804000,0.030,0.744,0.226
804500,0.030,0.753,0.217
805000,0.030,0.774,0.196
805500,0.030,0.767,0.203
806000,0.030,0.792,0.178
806500,0.030,0.793,0.177
807000,0.030,0.812,0.158
807500,0.030,0.798,0.172
808000,0.030,0.808,0.162
808500,0.030,0.816,0.154
809000,0.030,0.743,0.227
809500,0.030,0.768,0.202
810000,0.030,0.764,0.206
810500,0.030,0.752,0.218
811000,0.030,0.770,0.200
811500,0.030,0.757,0.213
812000,0.030,0.786,0.184
812500,0.030,0.811,0.159
813000,0.030,0.808,0.162
813500,0.030,0.812,0.158
814000,0.030,0.751,0.219
814500,0.030,0.789,0.181
815000,0.030,0.765,0.205
815500,0.030,0.747,0.223
816000,0.030,0.786,0.184
816500,0.030,0.857,0.113
817000,0.030,0.862,0.108
817500,0.030,0.840,0.130
818000,0.030,0.776,0.194
818500,0.030,0.747,0.223
819000,0.030,0.798,0.172
819500,0.030,0.772,0.198
820000,0.030,0.782,0.188
820500,0.030,0.782,0.188
821000,0.030,0.795,0.175
821500,0.030,0.812,0.158
822000,0.030,0.787,0.183
822500,0.030,0.789,0.181
823000,0.030,0.810,0.160
823500,0.030,0.770,0.200
824000,0.030,0.815,0.155
824500,0.030,0.831,0.139
825000,0.030,0.775,0.195
825500,0.030,0.780,0.190
826000,0.030,0.793,0.177
826500,0.030,0.763,0.207
827000,0.036,0.727,0.237
827500,0.031,0.780,0.189
828000,0.030,0.775,0.195
828500,0.030,0.767,0.203
829000,0.030,0.801,0.169
829500,0.030,0.765,0.205
830000,0.030,0.826,0.144
830500,0.030,0.824,0.146
831000,0.030,0.818,0.152
831500,0.030,0.761,0.209
832000,0.030,0.790,0.180
832500,0.030,0.794,0.176
833000,0.030,0.793,0.177
833500,0.030,0.865,0.105
834000,0.030,0.836,0.134
834500,0.030,0.827,0.143
835000,0.030,0.689,0.281
835500,0.030,0.763,0.207
836000,0.030,0.730,0.240
836500,0.030,0.775,0.195
837000,0.030,0.710,0.260
837500,0.030,0.786,0.184
838000,0.030,0.808,0.162
838500,0.030,0.779,0.191
839000,0.030,0.750,0.220
839500,0.030,0.745,0.225
840000,0.030,0.764,0.206
840500,0.030,0.821,0.149
841000,0.030,0.821,0.149
841500,0.030,0.840,0.130
842000,0.030,0.838,0.132
842500,0.030,0.806,0.164
843000,0.030,0.806,0.164
843500,0.030,0.805,0.165
844000,0.030,0.784,0.186
844500,0.030,0.760,0.210
845000,0.030,0.747,0.223
845500,0.032,0.735,0.233
846000,0.030,0.788,0.182
846500,0.030,0.793,0.177
847000,0.030,0.800,0.170
847500,0.030,0.836,0.134
848000,0.030,0.830,0.140
848500,0.030,0.811,0.159
849000,0.030,0.832,0.138
849500,0.030,0.830,0.140
850000,0.030,0.826,0.144
850500,0.030,0.795,0.175
851000,0.030,0.857,0.113
851500,0.030,0.807,0.163
852000,0.030,0.831,0.139
852500,0.030,0.799,0.171
853000,0.030,0.757,0.213
853500,0.030,0.784,0.186
854000,0.030,0.799,0.171
854500,0.030,0.788,0.182
855000,0.030,0.797,0.173
855500,0.030,0.749,0.221
856000,0.030,0.750,0.220
856500,0.030,0.726,0.244
857000,0.030,0.744,0.226
857500,0.030,0.777,0.193
858000,0.030,0.755,0.215
858500,0.030,0.713,0.257
859000,0.030,0.687,0.283
859500,0.030,0.762,0.208
860000,0.030,0.747,0.223
860500,0.030,0.790,0.180
861000,0.030,0.788,0.182
861500,0.030,0.769,0.201
862000,0.030,0.780,0.190
862500,0.030,0.812,0.158
863000,0.030,0.819,0.151
863500,0.030,0.810,0.160
864000,0.030,0.812,0.158
864500,0.030,0.764,0.206
865000,0.030,0.787,0.183
865500,0.030,0.819,0.151
866000,0.030,0.839,0.131
866500,0.030,0.813,0.157
867000,0.030,0.817,0.153
867500,0.030,0.853,0.117
868000,0.030,0.768,0.202
868500,0.030,0.701,0.269
869000,0.030,0.759,0.211
869500,0.030,0.764,0.206
870000,0.030,0.802,0.168
870500,0.030,0.826,0.144
871000,0.030,0.803,0.167
871500,0.030,0.744,0.226
872000,0.030,0.729,0.241
872500,0.030,0.760,0.210
873000,0.030,0.732,0.238
873500,0.030,0.718,0.252
874000,0.030,0.691,0.279
874500,0.030,0.679,0.291
875000,0.030,0.730,0.240
875500,0.030,0.702,0.268
876000,0.030,0.734,0.236
876500,0.030,0.761,0.209
877000,0.030,0.790,0.180
877500,0.030,0.823,0.147
878000,0.030,0.816,0.154
878500,0.030,0.784,0.186
879000,0.030,0.767,0.203
879500,0.030,0.810,0.160
880000,0.030,0.799,0.171
880500,0.030,0.771,0.199
881000,0.030,0.785,0.185
881500,0.030,0.812,0.158
882000,0.030,0.773,0.197
882500,0.030,0.783,0.187
883000,0.030,0.731,0.239
883500,0.030,0.792,0.178
884000,0.030,0.756,0.214
884500,0.030,0.746,0.224
885000,0.030,0.756,0.214
885500,0.030,0.798,0.172
886000,0.030,0.782,0.188
886500,0.030,0.759,0.211
887000,0.030,0.820,0.150
887500,0.030,0.826,0.144
888000,0.030,0.834,0.136
888500,0.030,0.821,0.149
889000,0.030,0.735,0.235
889500,0.030,0.719,0.251
890000,0.030,0.736,0.234
890500,0.030,0.757,0.213
891000,0.030,0.773,0.197
891500,0.030,0.773,0.197
892000,0.030,0.751,0.219
892500,0.030,0.801,0.169
893000,0.030,0.812,0.158
893500,0.030,0.845,0.125
894000,0.030,0.804,0.166
894500,0.030,0.821,0.149
895000,0.030,0.823,0.147
895500,0.030,0.768,0.202
896000,0.030,0.844,0.126
896500,0.030,0.850,0.120
897000,0.030,0.874,0.096
897500,0.030,0.818,0.152
898000,0.030,0.840,0.130
898500,0.030,0.876,0.094
899000,0.030,0.855,0.115
899500,0.030,0.849,0.121
900000,0.030,0.800,0.170
900500,0.030,0.768,0.202
901000,0.030,0.793,0.177
901500,0.030,0.811,0.159
902000,0.030,0.767,0.203
902500,0.030,0.744,0.226
903000,0.030,0.782,0.188
903500,0.030,0.781,0.189
904000,0.030,0.784,0.186
904500,0.030,0.749,0.221
905000,0.030,0.754,0.216
905500,0.030,0.781,0.189
906000,0.030,0.779,0.191
906500,0.030,0.746,0.224
907000,0.030,0.778,0.192
907500,0.030,0.788,0.182
908000,0.030,0.824,0.146
908500,0.030,0.829,0.141
909000,0.030,0.813,0.157
909500,0.030,0.818,0.152
910000,0.030,0.780,0.190
910500,0.030,0.799,0.171
911000,0.030,0.813,0.157
911500,0.030,0.807,0.163
912000,0.030,0.796,0.174
912500,0.030,0.844,0.126
913000,0.030,0.802,0.168
913500,0.030,0.777,0.193
914000,0.030,0.708,0.262
914500,0.030,0.769,0.201
915000,0.030,0.737,0.233
915500,0.030,0.770,0.200
916000,0.030,0.768,0.202
916500,0.032,0.756,0.212
917000,0.034,0.712,0.254
917500,0.030,0.776,0.194
918000,0.031,0.729,0.240
918500,0.030,0.769,0.201
919000,0.030,0.776,0.194
919500,0.030,0.807,0.163
920000,0.030,0.813,0.157
920500,0.030,0.790,0.180
921000,0.030,0.723,0.247
921500,0.030,0.723,0.247
922000,0.031,0.726,0.243
922500,0.031,0.750,0.219
923000,0.030,0.749,0.221
923500,0.030,0.831,0.139
924000,0.030,0.801,0.169
924500,0.030,0.769,0.201
925000,0.030,0.801,0.169
925500,0.030,0.838,0.132
926000,0.030,0.778,0.192
926500,0.030,0.787,0.183
927000,0.030,0.751,0.219
927500,0.030,0.749,0.221
928000,0.030,0.782,0.188
928500,0.030,0.753,0.217
929000,0.030,0.785,0.185
929500,0.030,0.747,0.223
930000,0.030,0.754,0.216
930500,0.030,0.816,0.154
931000,0.030,0.833,0.137
931500,0.030,0.786,0.184
932000,0.030,0.784,0.186
932500,0.030,0.724,0.246
933000,0.030,0.731,0.239
933500,0.030,0.734,0.236
934000,0.030,0.754,0.216
934500,0.030,0.780,0.190
935000,0.030,0.829,0.141
935500,0.030,0.846,0.124
936000,0.030,0.778,0.192
936500,0.030,0.762,0.208
937000,0.030,0.664,0.306
937500,0.030,0.700,0.270
938000,0.030,0.708,0.262
938500,0.030,0.738,0.232
939000,0.030,0.737,0.233
939500,0.030,0.774,0.196
940000,0.030,0.804,0.166
940500,0.030,0.811,0.159
941000,0.030,0.818,0.152
941500,0.030,0.825,0.145
942000,0.030,0.879,0.091
942500,0.030,0.863,0.107
943000,0.030,0.791,0.179
943500,0.030,0.743,0.227
944000,0.030,0.759,0.211
944500,0.030,0.820,0.150
945000,0.030,0.870,0.100
945500,0.030,0.812,0.158
946000,0.030,0.837,0.133
946500,0.030,0.844,0.126
947000,0.030,0.856,0.114
947500,0.030,0.850,0.120
948000,0.030,0.848,0.122
948500,0.030,0.851,0.119
949000,0.030,0.856,0.114
949500,0.030,0.830,0.140
950000,0.030,0.818,0.152
950500,0.030,0.764,0.206
951000,0.030,0.801,0.169
951500,0.030,0.794,0.176
952000,0.030,0.832,0.138
952500,0.030,0.790,0.180
953000,0.030,0.823,0.147
953500,0.030,0.807,0.163
954000,0.030,0.762,0.208
954500,0.030,0.770,0.200
955000,0.030,0.799,0.171
955500,0.030,0.766,0.204
956000,0.030,0.767,0.203
956500,0.030,0.779,0.191
957000,0.030,0.791,0.179
957500,0.030,0.832,0.138
958000,0.030,0.789,0.181
958500,0.030,0.772,0.198
959000,0.030,0.832,0.138
959500,0.030,0.852,0.118
960000,0.030,0.854,0.116
960500,0.030,0.868,0.102
961000,0.030,0.827,0.143
961500,0.030,0.796,0.174
962000,0.030,0.857,0.113
962500,0.030,0.814,0.156
963000,0.030,0.794,0.176
963500,0.030,0.759,0.211
964000,0.030,0.714,0.256
964500,0.030,0.780,0.190
965000,0.030,0.759,0.211
965500,0.030,0.834,0.136
966000,0.030,0.836,0.134
966500,0.030,0.828,0.142
967000,0.030,0.841,0.129
967500,0.030,0.799,0.171
968000,0.030,0.779,0.191
968500,0.030,0.774,0.196
969000,0.030,0.848,0.122
969500,0.030,0.817,0.153
970000,0.030,0.804,0.166
970500,0.030,0.802,0.168
971000,0.030,0.762,0.208
971500,0.030,0.791,0.179
972000,0.030,0.797,0.173
972500,0.030,0.796,0.174
973000,0.030,0.854,0.116
973500,0.030,0.839,0.131
974000,0.030,0.826,0.144
974500,0.030,0.803,0.167
975000,0.030,0.815,0.155
975500,0.030,0.776,0.194
976000,0.030,0.806,0.164
976500,0.030,0.821,0.149
977000,0.030,0.797,0.173
977500,0.030,0.798,0.172
978000,0.030,0.747,0.223
978500,0.030,0.762,0.208
979000,0.030,0.765,0.205
979500,0.030,0.826,0.144
980000,0.030,0.768,0.202
980500,0.030,0.768,0.202
981000,0.030,0.782,0.188
981500,0.030,0.732,0.238
982000,0.030,0.734,0.236
982500,0.030,0.748,0.222
983000,0.030,0.712,0.258
983500,0.030,0.758,0.212
984000,0.030,0.820,0.150
984500,0.030,0.819,0.151
985000,0.030,0.769,0.201
985500,0.030,0.800,0.170
986000,0.030,0.770,0.200
986500,0.030,0.792,0.178
987000,0.030,0.825,0.145
987500,0.030,0.795,0.175
988000,0.030,0.778,0.192
988500,0.030,0.807,0.163
989000,0.030,0.824,0.146
989500,0.030,0.804,0.166
990000,0.030,0.803,0.167
990500,0.030,0.771,0.199
991000,0.030,0.738,0.232
991500,0.030,0.722,0.248
992000,0.030,0.767,0.203
992500,0.030,0.784,0.186
993000,0.030,0.766,0.204
993500,0.030,0.811,0.159
994000,0.030,0.802,0.168
994500,0.030,0.767,0.203
995000,0.030,0.805,0.165
995500,0.030,0.812,0.158
996000,0.030,0.796,0.174
996500,0.030,0.812,0.158
997000,0.030,0.797,0.173
997500,0.030,0.792,0.178
998000,0.030,0.806,0.164
998500,0.030,0.788,0.182
999000,0.030,0.795,0.175
999500,0.030,0.814,0.156
1000000,0.030,0.824,0.146
