time,n_A+p,n_B,n_AB
500,0.010,0.986,0.004
1000,0.010,0.974,0.016
1500,0.010,0.958,0.032
2000,0.010,0.944,0.046
2500,0.010,0.930,0.060
3000,0.010,0.916,0.074
3500,0.010,0.906,0.084
4000,0.010,0.881,0.109
4500,0.010,0.859,0.131
5000,0.010,0.841,0.149
5500,0.010,0.801,0.189
6000,0.010,0.766,0.224
6500,0.010,0.742,0.248
7000,0.010,0.696,0.294
7500,0.012,0.663,0.325
8000,0.011,0.618,0.371
8500,0.011,0.568,0.421
9000,0.018,0.545,0.436
9500,0.018,0.500,0.482
10000,0.021,0.457,0.523
10500,0.030,0.404,0.566
11000,0.045,0.369,0.585
11500,0.041,0.352,0.607
12000,0.036,0.336,0.628
12500,0.045,0.331,0.624
13000,0.051,0.327,0.621
13500,0.057,0.298,0.645
14000,0.060,0.257,0.683
14500,0.053,0.244,0.703
15000,0.073,0.218,0.709
15500,0.089,0.202,0.710
16000,0.089,0.190,0.721
16500,0.105,0.192,0.703
17000,0.107,0.175,0.718
17500,0.106,0.182,0.711
18000,0.103,0.175,0.721
18500,0.101,0.168,0.731
19000,0.097,0.172,0.731
19500,0.098,0.179,0.723
20000,0.100,0.179,0.721
20500,0.117,0.178,0.705
21000,0.111,0.184,0.705
21500,0.098,0.174,0.728
22000,0.102,0.180,0.718
22500,0.108,0.169,0.723
23000,0.110,0.194,0.697
23500,0.112,0.190,0.699
24000,0.107,0.170,0.723
24500,0.105,0.165,0.730
25000,0.116,0.178,0.706
25500,0.123,0.168,0.709
26000,0.121,0.176,0.703
26500,0.134,0.188,0.679
27000,0.132,0.170,0.699
27500,0.141,0.162,0.698
28000,0.126,0.182,0.693
28500,0.131,0.168,0.702
29000,0.145,0.161,0.694
29500,0.132,0.170,0.699
30000,0.124,0.181,0.694
30500,0.136,0.170,0.695
31000,0.117,0.156,0.727
31500,0.134,0.142,0.724
32000,0.140,0.148,0.712
32500,0.154,0.131,0.715
33000,0.154,0.125,0.721
33500,0.172,0.132,0.696
34000,0.167,0.126,0.708
34500,0.171,0.140,0.690
35000,0.164,0.142,0.695
35500,0.159,0.144,0.697
36000,0.161,0.126,0.714
36500,0.156,0.137,0.707
37000,0.144,0.136,0.720
37500,0.151,0.133,0.716
38000,0.142,0.145,0.713
38500,0.142,0.153,0.704
39000,0.142,0.152,0.706
39500,0.145,0.134,0.721
40000,0.147,0.143,0.709
40500,0.157,0.141,0.702
41000,0.193,0.126,0.681
41500,0.194,0.121,0.685
42000,0.201,0.114,0.685
42500,0.199,0.093,0.708
43000,0.175,0.104,0.720
43500,0.165,0.112,0.723
44000,0.162,0.114,0.724
44500,0.174,0.122,0.704
45000,0.190,0.101,0.710
45500,0.181,0.104,0.715
46000,0.203,0.102,0.695
46500,0.198,0.106,0.697
47000,0.197,0.099,0.705
47500,0.189,0.109,0.703
48000,0.192,0.113,0.695
48500,0.211,0.114,0.675
49000,0.202,0.111,0.688
49500,0.212,0.100,0.688
50000,0.190,0.095,0.716
50500,0.172,0.096,0.732
51000,0.171,0.096,0.734
51500,0.177,0.117,0.706
52000,0.180,0.099,0.721
52500,0.172,0.103,0.725
53000,0.173,0.086,0.741
53500,0.178,0.096,0.726
54000,0.182,0.086,0.732
54500,0.173,0.086,0.740
55000,0.182,0.096,0.722
55500,0.167,0.098,0.735
56000,0.171,0.107,0.723
56500,0.165,0.108,0.726
57000,0.175,0.103,0.722
57500,0.177,0.103,0.720
58000,0.170,0.116,0.714
58500,0.183,0.101,0.716
59000,0.173,0.109,0.718
59500,0.177,0.104,0.719
60000,0.162,0.114,0.724
60500,0.157,0.131,0.712
61000,0.142,0.124,0.733
61500,0.155,0.141,0.704
62000,0.149,0.138,0.713
62500,0.164,0.132,0.704
63000,0.157,0.123,0.720
63500,0.150,0.138,0.712
64000,0.146,0.148,0.706
64500,0.155,0.151,0.694
65000,0.149,0.126,0.725
65500,0.169,0.118,0.713
66000,0.160,0.108,0.732
66500,0.173,0.126,0.702
67000,0.178,0.128,0.694
67500,0.186,0.122,0.692
68000,0.199,0.121,0.680
68500,0.208,0.116,0.676
69000,0.204,0.102,0.694
69500,0.204,0.108,0.688
70000,0.183,0.096,0.721
70500,0.185,0.100,0.715
71000,0.182,0.104,0.713
71500,0.186,0.107,0.706
72000,0.172,0.111,0.717
72500,0.184,0.108,0.708
73000,0.169,0.130,0.702
73500,0.170,0.115,0.716
74000,0.172,0.096,0.732
74500,0.165,0.117,0.718
75000,0.158,0.141,0.702
75500,0.152,0.145,0.703
76000,0.150,0.138,0.712
76500,0.147,0.146,0.706
77000,0.172,0.145,0.682
77500,0.154,0.142,0.704
78000,0.141,0.142,0.716
78500,0.155,0.141,0.703
79000,0.146,0.148,0.706
79500,0.154,0.145,0.701
80000,0.134,0.135,0.732
80500,0.146,0.116,0.738
81000,0.130,0.133,0.738
81500,0.136,0.134,0.730
82000,0.134,0.134,0.733
82500,0.128,0.127,0.745
83000,0.141,0.145,0.714
83500,0.138,0.139,0.724
84000,0.141,0.129,0.730
84500,0.152,0.128,0.720
85000,0.155,0.124,0.720
85500,0.146,0.124,0.730
86000,0.144,0.141,0.716
86500,0.143,0.160,0.697
87000,0.149,0.159,0.692
87500,0.144,0.132,0.724
88000,0.130,0.141,0.729
88500,0.141,0.142,0.717
89000,0.144,0.141,0.715
89500,0.161,0.140,0.700
90000,0.168,0.136,0.697
90500,0.150,0.130,0.720
91000,0.147,0.135,0.718
91500,0.150,0.126,0.724
92000,0.158,0.133,0.709
92500,0.168,0.140,0.692
93000,0.172,0.129,0.699
93500,0.153,0.120,0.727
94000,0.163,0.131,0.706
94500,0.171,0.141,0.688
95000,0.161,0.138,0.702
95500,0.152,0.144,0.704
96000,0.154,0.124,0.722
96500,0.157,0.128,0.716
97000,0.155,0.153,0.691
97500,0.148,0.147,0.705
98000,0.144,0.159,0.698
98500,0.162,0.158,0.681
99000,0.173,0.132,0.696
99500,0.172,0.135,0.693
100000,0.172,0.128,0.700
100500,0.176,0.118,0.706
101000,0.177,0.125,0.698
101500,0.175,0.129,0.696
102000,0.175,0.117,0.708
102500,0.172,0.128,0.701
103000,0.179,0.121,0.699
103500,0.188,0.108,0.704
104000,0.187,0.107,0.705
104500,0.183,0.111,0.706
105000,0.183,0.101,0.716
105500,0.194,0.106,0.700
106000,0.165,0.104,0.730
106500,0.184,0.109,0.707
107000,0.175,0.121,0.703
107500,0.183,0.131,0.685
108000,0.175,0.134,0.691
108500,0.180,0.123,0.697
109000,0.184,0.108,0.707
109500,0.191,0.102,0.708
110000,0.192,0.107,0.702
110500,0.182,0.099,0.719
111000,0.184,0.100,0.717
111500,0.186,0.093,0.720
112000,0.183,0.089,0.727
112500,0.180,0.120,0.700
113000,0.183,0.115,0.702
113500,0.184,0.116,0.700
114000,0.188,0.112,0.701
114500,0.175,0.122,0.702
115000,0.165,0.115,0.720
115500,0.159,0.120,0.720
116000,0.154,0.128,0.718
116500,0.181,0.132,0.686
117000,0.159,0.136,0.706
117500,0.168,0.144,0.688
118000,0.167,0.127,0.706
118500,0.178,0.127,0.696
119000,0.193,0.135,0.673
119500,0.184,0.126,0.690
120000,0.185,0.120,0.694
120500,0.190,0.121,0.689
121000,0.176,0.126,0.698
121500,0.172,0.127,0.701
122000,0.161,0.134,0.705
122500,0.158,0.134,0.708
123000,0.154,0.117,0.729
123500,0.153,0.127,0.720
124000,0.155,0.129,0.716
124500,0.161,0.115,0.724
125000,0.179,0.116,0.705
125500,0.165,0.121,0.714
126000,0.167,0.125,0.708
126500,0.157,0.128,0.715
127000,0.165,0.127,0.708
127500,0.160,0.127,0.713
128000,0.175,0.119,0.706
128500,0.183,0.107,0.710
129000,0.174,0.117,0.709
129500,0.170,0.110,0.721
130000,0.176,0.112,0.712
130500,0.195,0.115,0.690
131000,0.189,0.106,0.706
131500,0.198,0.103,0.699
132000,0.190,0.114,0.697
132500,0.213,0.096,0.691
133000,0.203,0.100,0.697
133500,0.213,0.099,0.688
134000,0.216,0.091,0.693
134500,0.209,0.090,0.700
135000,0.196,0.100,0.705
135500,0.179,0.103,0.718
136000,0.177,0.098,0.725
136500,0.173,0.100,0.727
137000,0.164,0.125,0.711
137500,0.152,0.127,0.721
138000,0.144,0.115,0.741
138500,0.134,0.118,0.748
139000,0.142,0.123,0.735
139500,0.158,0.114,0.729
140000,0.153,0.115,0.732
140500,0.150,0.117,0.733
141000,0.174,0.126,0.701
141500,0.169,0.134,0.698
142000,0.157,0.125,0.718
142500,0.157,0.127,0.716
143000,0.148,0.129,0.724
143500,0.141,0.132,0.728
144000,0.142,0.126,0.732
144500,0.137,0.122,0.740
145000,0.133,0.135,0.733
145500,0.128,0.130,0.742
146000,0.134,0.135,0.732
146500,0.157,0.131,0.713
147000,0.168,0.116,0.717
147500,0.163,0.141,0.697
148000,0.160,0.137,0.704
148500,0.136,0.127,0.738
149000,0.133,0.127,0.741
149500,0.143,0.136,0.721
150000,0.154,0.126,0.720
150500,0.150,0.128,0.722
151000,0.141,0.124,0.734
151500,0.149,0.125,0.726
152000,0.145,0.109,0.746
152500,0.158,0.118,0.725
153000,0.146,0.133,0.721
153500,0.158,0.137,0.706
154000,0.167,0.119,0.714
154500,0.163,0.142,0.696
155000,0.160,0.130,0.710
155500,0.166,0.113,0.721
156000,0.185,0.111,0.704
156500,0.177,0.102,0.720
157000,0.184,0.117,0.700
157500,0.183,0.111,0.706
158000,0.185,0.114,0.701
158500,0.172,0.124,0.704
159000,0.178,0.119,0.703
159500,0.167,0.112,0.721
160000,0.176,0.096,0.729
160500,0.177,0.096,0.727
161000,0.188,0.097,0.716
161500,0.188,0.102,0.711
162000,0.171,0.108,0.721
162500,0.174,0.124,0.701
163000,0.185,0.120,0.695
163500,0.180,0.117,0.703
164000,0.201,0.123,0.676
164500,0.190,0.117,0.694
165000,0.201,0.111,0.688
165500,0.176,0.108,0.716
166000,0.180,0.113,0.707
166500,0.182,0.116,0.703
167000,0.174,0.111,0.715
167500,0.173,0.104,0.723
168000,0.166,0.113,0.721
168500,0.172,0.104,0.724
169000,0.190,0.108,0.702
169500,0.187,0.108,0.704
170000,0.182,0.129,0.689
170500,0.178,0.133,0.689
171000,0.167,0.139,0.694
171500,0.148,0.133,0.719
172000,0.154,0.128,0.718
172500,0.153,0.135,0.712
173000,0.158,0.131,0.712
173500,0.151,0.148,0.701
174000,0.153,0.143,0.704
174500,0.160,0.126,0.715
175000,0.159,0.127,0.715
175500,0.159,0.132,0.710
176000,0.160,0.122,0.718
176500,0.157,0.111,0.733
177000,0.163,0.115,0.722
177500,0.173,0.122,0.705
178000,0.176,0.123,0.701
178500,0.182,0.102,0.716
179000,0.189,0.109,0.703
179500,0.180,0.107,0.713
180000,0.188,0.096,0.717
180500,0.199,0.094,0.708
181000,0.201,0.089,0.709
181500,0.197,0.079,0.724
182000,0.218,0.084,0.698
182500,0.221,0.097,0.682
183000,0.212,0.090,0.698
183500,0.209,0.097,0.694
184000,0.195,0.098,0.707
184500,0.209,0.085,0.706
185000,0.203,0.102,0.695
185500,0.200,0.093,0.708
186000,0.188,0.099,0.713
186500,0.197,0.109,0.694
187000,0.208,0.098,0.695
187500,0.200,0.099,0.702
188000,0.207,0.092,0.701
188500,0.200,0.102,0.699
189000,0.213,0.105,0.681
189500,0.190,0.112,0.699
190000,0.168,0.114,0.718
190500,0.167,0.119,0.714
191000,0.172,0.114,0.714
191500,0.189,0.113,0.698
192000,0.181,0.123,0.696
192500,0.178,0.126,0.696
193000,0.190,0.122,0.688
193500,0.203,0.129,0.668
194000,0.188,0.121,0.692
194500,0.171,0.138,0.692
195000,0.176,0.120,0.704
195500,0.169,0.117,0.714
196000,0.162,0.118,0.721
196500,0.173,0.115,0.712
197000,0.181,0.119,0.700
197500,0.186,0.121,0.693
198000,0.188,0.116,0.697
198500,0.171,0.116,0.714
199000,0.173,0.122,0.705
199500,0.149,0.114,0.737
200000,0.155,0.108,0.736
200500,0.162,0.117,0.721
201000,0.172,0.126,0.702
201500,0.175,0.107,0.717
202000,0.191,0.109,0.700
202500,0.171,0.101,0.728
203000,0.186,0.106,0.708
203500,0.202,0.100,0.699
204000,0.199,0.090,0.712
204500,0.197,0.085,0.719
205000,0.184,0.106,0.710
205500,0.203,0.096,0.701
206000,0.195,0.096,0.709
206500,0.197,0.094,0.710
207000,0.207,0.085,0.708
207500,0.200,0.082,0.719
208000,0.209,0.100,0.692
208500,0.206,0.092,0.701
209000,0.221,0.090,0.689
209500,0.215,0.091,0.694
210000,0.218,0.108,0.673
210500,0.195,0.099,0.706
211000,0.193,0.095,0.713
211500,0.197,0.108,0.694
212000,0.193,0.104,0.704
212500,0.193,0.108,0.700
213000,0.191,0.097,0.713
213500,0.183,0.108,0.709
214000,0.181,0.115,0.704
214500,0.177,0.116,0.707
215000,0.188,0.116,0.697
215500,0.178,0.109,0.713
216000,0.166,0.127,0.708
216500,0.157,0.128,0.716
217000,0.157,0.133,0.710
217500,0.160,0.128,0.712
218000,0.162,0.116,0.722
218500,0.168,0.112,0.720
219000,0.177,0.104,0.719
219500,0.191,0.107,0.703
220000,0.189,0.131,0.680
220500,0.177,0.114,0.709
221000,0.166,0.111,0.724
221500,0.178,0.117,0.706
222000,0.169,0.126,0.706
222500,0.161,0.141,0.698
223000,0.158,0.123,0.719
223500,0.169,0.131,0.701
224000,0.165,0.133,0.702
224500,0.144,0.129,0.728
225000,0.134,0.147,0.720
225500,0.144,0.145,0.710
226000,0.151,0.137,0.712
226500,0.150,0.123,0.726
227000,0.138,0.142,0.720
227500,0.138,0.140,0.723
228000,0.120,0.139,0.740
228500,0.120,0.127,0.754
229000,0.115,0.158,0.728
229500,0.112,0.161,0.728
230000,0.119,0.161,0.720
230500,0.123,0.173,0.704
231000,0.121,0.167,0.712
231500,0.130,0.165,0.706
232000,0.123,0.163,0.715
232500,0.126,0.175,0.700
233000,0.118,0.175,0.707
233500,0.117,0.168,0.716
234000,0.126,0.153,0.722
234500,0.134,0.141,0.726
235000,0.132,0.143,0.725
235500,0.129,0.147,0.724
236000,0.130,0.151,0.720
236500,0.134,0.155,0.712
237000,0.142,0.161,0.698
237500,0.136,0.159,0.705
238000,0.152,0.143,0.704
238500,0.149,0.141,0.710
239000,0.137,0.138,0.725
239500,0.144,0.131,0.726
240000,0.140,0.140,0.720
240500,0.157,0.130,0.714
241000,0.158,0.131,0.712
241500,0.159,0.115,0.726
242000,0.173,0.118,0.709
242500,0.164,0.117,0.719
243000,0.174,0.106,0.720
243500,0.160,0.103,0.737
244000,0.163,0.110,0.727
244500,0.166,0.116,0.718
245000,0.156,0.118,0.726
245500,0.170,0.126,0.705
246000,0.174,0.127,0.699
246500,0.166,0.141,0.693
247000,0.165,0.144,0.691
247500,0.173,0.126,0.701
248000,0.166,0.119,0.715
248500,0.166,0.124,0.710
249000,0.165,0.103,0.731
249500,0.168,0.094,0.739
250000,0.189,0.096,0.716
250500,0.177,0.089,0.733
251000,0.188,0.106,0.706
251500,0.179,0.116,0.705
252000,0.180,0.101,0.719
252500,0.177,0.102,0.721
253000,0.169,0.114,0.717
253500,0.160,0.123,0.717
254000,0.165,0.136,0.700
254500,0.170,0.132,0.698
255000,0.180,0.112,0.708
255500,0.161,0.116,0.724
256000,0.170,0.115,0.715
256500,0.175,0.102,0.723
257000,0.179,0.111,0.710
257500,0.176,0.110,0.714
258000,0.178,0.120,0.701
258500,0.181,0.114,0.705
259000,0.189,0.106,0.706
259500,0.187,0.101,0.712
260000,0.172,0.115,0.713
260500,0.176,0.116,0.708
261000,0.173,0.117,0.710
261500,0.171,0.107,0.722
262000,0.169,0.108,0.723
262500,0.188,0.117,0.696
263000,0.170,0.127,0.704
263500,0.150,0.118,0.732
264000,0.165,0.111,0.725
264500,0.167,0.122,0.712
265000,0.173,0.110,0.717
265500,0.176,0.111,0.713
266000,0.185,0.100,0.715
266500,0.172,0.092,0.736
267000,0.182,0.095,0.724
267500,0.165,0.107,0.729
268000,0.171,0.110,0.719
268500,0.166,0.108,0.725
269000,0.174,0.108,0.718
269500,0.167,0.112,0.721
270000,0.174,0.114,0.712
270500,0.174,0.106,0.720
271000,0.185,0.117,0.698
271500,0.179,0.114,0.707
272000,0.179,0.118,0.703
272500,0.181,0.124,0.694
273000,0.178,0.117,0.705
273500,0.172,0.125,0.703
274000,0.181,0.110,0.709
274500,0.179,0.112,0.709
275000,0.197,0.118,0.685
275500,0.192,0.106,0.702
276000,0.180,0.110,0.711
276500,0.157,0.107,0.736
277000,0.175,0.103,0.721
277500,0.180,0.104,0.716
278000,0.173,0.118,0.708
278500,0.177,0.105,0.718
279000,0.189,0.111,0.700
279500,0.180,0.103,0.717
280000,0.186,0.102,0.712
280500,0.178,0.113,0.709
281000,0.173,0.115,0.712
281500,0.166,0.097,0.737
282000,0.187,0.102,0.711
282500,0.208,0.110,0.681
283000,0.204,0.104,0.691
283500,0.191,0.105,0.704
284000,0.191,0.102,0.708
284500,0.187,0.093,0.720
285000,0.197,0.090,0.713
285500,0.193,0.083,0.724
286000,0.197,0.086,0.717
286500,0.200,0.076,0.724
287000,0.203,0.069,0.728
287500,0.211,0.074,0.715
288000,0.214,0.080,0.706
288500,0.228,0.084,0.689
289000,0.216,0.081,0.703
289500,0.203,0.087,0.709
290000,0.205,0.087,0.707
290500,0.222,0.088,0.690
291000,0.234,0.080,0.687
291500,0.245,0.088,0.667
292000,0.229,0.076,0.695
292500,0.235,0.072,0.692
293000,0.241,0.078,0.681
293500,0.258,0.070,0.672
294000,0.249,0.075,0.676
294500,0.230,0.068,0.702
295000,0.229,0.068,0.703
295500,0.224,0.076,0.701
296000,0.234,0.065,0.701
296500,0.246,0.067,0.688
297000,0.255,0.065,0.680
297500,0.257,0.073,0.670
298000,0.253,0.086,0.661
298500,0.225,0.075,0.700
299000,0.217,0.089,0.694
299500,0.209,0.090,0.701
300000,0.211,0.077,0.712
300500,0.222,0.083,0.695
301000,0.193,0.082,0.725
301500,0.217,0.090,0.692
302000,0.195,0.096,0.710
302500,0.178,0.100,0.722
303000,0.178,0.105,0.716
303500,0.184,0.103,0.713
304000,0.165,0.118,0.716
304500,0.176,0.116,0.708
305000,0.168,0.123,0.710
305500,0.179,0.112,0.709
306000,0.185,0.126,0.690
306500,0.187,0.121,0.692
307000,0.172,0.119,0.709
307500,0.172,0.116,0.713
308000,0.170,0.124,0.706
308500,0.175,0.137,0.688
309000,0.181,0.123,0.696
309500,0.170,0.117,0.713
310000,0.155,0.119,0.726
310500,0.168,0.127,0.706
311000,0.158,0.148,0.694
311500,0.170,0.121,0.709
312000,0.151,0.120,0.728
312500,0.153,0.136,0.711
313000,0.157,0.134,0.710
313500,0.152,0.127,0.721
314000,0.154,0.139,0.707
314500,0.174,0.118,0.708
315000,0.162,0.129,0.709
315500,0.175,0.129,0.696
316000,0.181,0.124,0.695
316500,0.161,0.123,0.716
317000,0.161,0.117,0.722
317500,0.153,0.118,0.729
318000,0.150,0.132,0.718
318500,0.127,0.141,0.732
319000,0.144,0.128,0.728
319500,0.143,0.140,0.717
320000,0.156,0.136,0.708
320500,0.156,0.116,0.728
321000,0.161,0.121,0.718
321500,0.157,0.136,0.708
322000,0.158,0.155,0.688
322500,0.153,0.146,0.701
323000,0.149,0.140,0.711
323500,0.150,0.137,0.713
324000,0.150,0.120,0.729
324500,0.164,0.120,0.716
325000,0.157,0.137,0.707
325500,0.139,0.146,0.715
326000,0.138,0.141,0.722
326500,0.119,0.145,0.736
327000,0.133,0.141,0.726
327500,0.137,0.143,0.720
328000,0.140,0.143,0.717
328500,0.143,0.152,0.705
329000,0.145,0.140,0.715
329500,0.132,0.141,0.728
330000,0.139,0.123,0.738
330500,0.148,0.127,0.726
331000,0.146,0.130,0.724
331500,0.137,0.131,0.732
332000,0.144,0.130,0.726
332500,0.147,0.135,0.718
333000,0.167,0.126,0.708
333500,0.157,0.130,0.714
334000,0.181,0.118,0.700
334500,0.200,0.111,0.690
335000,0.204,0.106,0.689
335500,0.203,0.092,0.704
336000,0.201,0.100,0.699
336500,0.199,0.104,0.696
337000,0.186,0.111,0.703
337500,0.193,0.118,0.690
338000,0.181,0.106,0.713
338500,0.171,0.113,0.716
339000,0.185,0.116,0.699
339500,0.180,0.126,0.694
340000,0.179,0.119,0.701
340500,0.170,0.102,0.728
341000,0.171,0.100,0.730
341500,0.160,0.115,0.726
342000,0.162,0.104,0.733
342500,0.178,0.104,0.718
343000,0.170,0.099,0.732
343500,0.186,0.096,0.718
344000,0.207,0.093,0.700
344500,0.211,0.086,0.704
345000,0.204,0.091,0.705
345500,0.192,0.099,0.709
346000,0.182,0.091,0.727
346500,0.197,0.097,0.707
347000,0.210,0.098,0.693
347500,0.193,0.110,0.697
348000,0.200,0.091,0.710
348500,0.211,0.093,0.696
349000,0.199,0.092,0.710
349500,0.184,0.092,0.723
350000,0.187,0.095,0.718
350500,0.191,0.094,0.715
351000,0.202,0.111,0.687
351500,0.186,0.099,0.715
352000,0.190,0.085,0.725
352500,0.187,0.102,0.711
353000,0.184,0.110,0.706
353500,0.178,0.127,0.695
354000,0.170,0.117,0.714
354500,0.175,0.113,0.712
355000,0.172,0.107,0.721
355500,0.155,0.115,0.730
356000,0.168,0.108,0.725
356500,0.173,0.112,0.715
357000,0.172,0.107,0.721
357500,0.170,0.107,0.724
358000,0.163,0.115,0.722
358500,0.187,0.120,0.692
359000,0.171,0.123,0.706
359500,0.170,0.117,0.713
360000,0.163,0.112,0.726
360500,0.148,0.111,0.741
361000,0.162,0.120,0.719
361500,0.166,0.119,0.716
362000,0.157,0.132,0.711
362500,0.170,0.141,0.690
363000,0.160,0.150,0.690
363500,0.152,0.154,0.694
364000,0.151,0.165,0.683
364500,0.133,0.165,0.702
365000,0.123,0.154,0.723
365500,0.106,0.153,0.740
366000,0.110,0.154,0.736
366500,0.119,0.160,0.721
367000,0.128,0.167,0.706
367500,0.123,0.172,0.706
368000,0.127,0.172,0.701
368500,0.129,0.167,0.705
369000,0.117,0.148,0.735
369500,0.126,0.145,0.730
370000,0.134,0.150,0.716
370500,0.140,0.137,0.724
371000,0.138,0.131,0.731
371500,0.140,0.143,0.717
372000,0.153,0.141,0.705
372500,0.143,0.137,0.720
373000,0.155,0.131,0.714
373500,0.159,0.117,0.725
374000,0.155,0.126,0.719
374500,0.172,0.131,0.698
375000,0.170,0.111,0.720
375500,0.179,0.117,0.704
376000,0.190,0.110,0.701
376500,0.175,0.111,0.714
377000,0.171,0.117,0.712
377500,0.171,0.126,0.704
378000,0.160,0.143,0.697
378500,0.160,0.139,0.702
379000,0.163,0.139,0.699
379500,0.192,0.118,0.691
380000,0.181,0.114,0.705
380500,0.160,0.118,0.723
381000,0.163,0.129,0.708
381500,0.168,0.123,0.710
382000,0.170,0.112,0.719
382500,0.189,0.116,0.695
383000,0.168,0.113,0.719
383500,0.177,0.126,0.697
384000,0.172,0.132,0.696
384500,0.166,0.119,0.715
385000,0.180,0.112,0.708
385500,0.179,0.110,0.711
386000,0.184,0.110,0.706
386500,0.174,0.102,0.724
387000,0.192,0.091,0.717
387500,0.206,0.090,0.704
388000,0.198,0.111,0.691
388500,0.188,0.098,0.715
389000,0.188,0.103,0.709
389500,0.176,0.105,0.719
390000,0.193,0.098,0.710
390500,0.207,0.078,0.715
391000,0.243,0.076,0.680
391500,0.239,0.082,0.679
392000,0.231,0.090,0.679
392500,0.220,0.085,0.696
393000,0.225,0.076,0.700
393500,0.220,0.090,0.691
394000,0.205,0.094,0.701
394500,0.217,0.084,0.699
395000,0.222,0.084,0.695
395500,0.228,0.088,0.684
396000,0.209,0.093,0.698
396500,0.220,0.092,0.689
397000,0.232,0.091,0.677
397500,0.235,0.077,0.687
398000,0.225,0.076,0.700
398500,0.213,0.102,0.685
399000,0.203,0.096,0.701
399500,0.208,0.110,0.681
400000,0.196,0.107,0.697
400500,0.203,0.099,0.699
401000,0.190,0.083,0.727
401500,0.169,0.087,0.743
402000,0.191,0.091,0.718
402500,0.231,0.086,0.683
403000,0.218,0.073,0.709
403500,0.225,0.077,0.698
404000,0.226,0.081,0.694
404500,0.208,0.074,0.718
405000,0.205,0.068,0.727
405500,0.207,0.081,0.713
406000,0.217,0.081,0.703
406500,0.216,0.084,0.700
407000,0.218,0.082,0.701
407500,0.201,0.087,0.712
408000,0.205,0.093,0.702
408500,0.220,0.087,0.693
409000,0.217,0.090,0.692
409500,0.219,0.082,0.700
410000,0.221,0.076,0.704
410500,0.216,0.080,0.704
411000,0.212,0.088,0.700
411500,0.195,0.089,0.717
412000,0.208,0.087,0.705
412500,0.203,0.077,0.720
413000,0.205,0.081,0.715
413500,0.221,0.087,0.693
414000,0.208,0.088,0.704
414500,0.223,0.090,0.687
415000,0.209,0.088,0.703
415500,0.201,0.099,0.700
416000,0.200,0.117,0.683
416500,0.197,0.106,0.698
417000,0.191,0.101,0.709
417500,0.200,0.107,0.694
418000,0.196,0.097,0.708
418500,0.207,0.096,0.697
419000,0.202,0.103,0.695
419500,0.191,0.086,0.723
420000,0.190,0.079,0.732
420500,0.182,0.103,0.714
421000,0.189,0.110,0.702
421500,0.187,0.120,0.692
422000,0.181,0.116,0.703
422500,0.188,0.119,0.693
423000,0.175,0.121,0.704
423500,0.164,0.127,0.710
424000,0.176,0.092,0.731
424500,0.173,0.090,0.737
425000,0.169,0.093,0.739
425500,0.158,0.106,0.736
426000,0.164,0.117,0.718
426500,0.153,0.117,0.730
427000,0.157,0.126,0.718
427500,0.165,0.131,0.704
428000,0.178,0.113,0.709
428500,0.168,0.115,0.718
429000,0.178,0.114,0.708
429500,0.151,0.110,0.739
430000,0.161,0.110,0.730
430500,0.168,0.115,0.717
431000,0.164,0.112,0.725
431500,0.163,0.110,0.727
432000,0.175,0.104,0.720
432500,0.167,0.119,0.714
433000,0.173,0.128,0.700
433500,0.183,0.130,0.686
434000,0.180,0.126,0.694
434500,0.148,0.150,0.702
435000,0.155,0.149,0.696
435500,0.157,0.141,0.702
436000,0.137,0.152,0.711
436500,0.129,0.157,0.714
437000,0.118,0.156,0.725
437500,0.128,0.158,0.715
438000,0.124,0.147,0.729
438500,0.116,0.159,0.725
439000,0.130,0.167,0.704
439500,0.118,0.155,0.727
440000,0.122,0.169,0.710
440500,0.132,0.172,0.697
441000,0.132,0.154,0.715
441500,0.143,0.151,0.705
442000,0.141,0.153,0.706
442500,0.143,0.151,0.706
443000,0.138,0.131,0.732
443500,0.134,0.121,0.744
444000,0.149,0.156,0.695
444500,0.138,0.153,0.710
445000,0.132,0.159,0.710
445500,0.136,0.159,0.705
446000,0.140,0.144,0.716
446500,0.142,0.137,0.721
447000,0.157,0.131,0.712
447500,0.152,0.122,0.726
448000,0.167,0.102,0.730
448500,0.186,0.102,0.712
449000,0.189,0.097,0.715
449500,0.202,0.096,0.703
450000,0.194,0.106,0.700
450500,0.176,0.111,0.713
451000,0.186,0.113,0.702
451500,0.174,0.115,0.711
452000,0.156,0.119,0.725
452500,0.153,0.139,0.708
453000,0.162,0.134,0.705
453500,0.152,0.116,0.732
454000,0.166,0.105,0.729
454500,0.158,0.118,0.724
455000,0.172,0.114,0.714
455500,0.174,0.113,0.713
456000,0.176,0.117,0.707
456500,0.189,0.112,0.699
457000,0.188,0.114,0.699
457500,0.185,0.106,0.708
458000,0.174,0.116,0.710
458500,0.185,0.107,0.708
459000,0.166,0.094,0.740
459500,0.150,0.102,0.748
460000,0.160,0.104,0.737
460500,0.171,0.123,0.706
461000,0.169,0.101,0.731
461500,0.176,0.090,0.734
462000,0.191,0.088,0.721
462500,0.198,0.093,0.709
463000,0.186,0.093,0.721
463500,0.173,0.094,0.733
464000,0.158,0.098,0.744
464500,0.134,0.114,0.752
465000,0.140,0.135,0.725
465500,0.152,0.136,0.712
466000,0.172,0.128,0.700
466500,0.174,0.139,0.688
467000,0.177,0.125,0.698
467500,0.175,0.121,0.703
468000,0.166,0.124,0.711
468500,0.161,0.129,0.711
469000,0.168,0.126,0.707
469500,0.167,0.129,0.705
470000,0.174,0.136,0.690
470500,0.165,0.143,0.692
471000,0.154,0.141,0.705
471500,0.133,0.141,0.726
472000,0.155,0.134,0.711
472500,0.167,0.125,0.709
473000,0.173,0.128,0.699
473500,0.169,0.128,0.704
474000,0.173,0.121,0.706
474500,0.167,0.103,0.729
475000,0.166,0.131,0.704
475500,0.172,0.117,0.712
476000,0.181,0.102,0.717
476500,0.168,0.111,0.721
477000,0.183,0.122,0.694
477500,0.182,0.120,0.698
478000,0.199,0.102,0.700
478500,0.197,0.089,0.714
479000,0.204,0.082,0.714
479500,0.194,0.091,0.715
480000,0.215,0.099,0.686
480500,0.213,0.098,0.689
481000,0.202,0.086,0.713
481500,0.213,0.077,0.710
482000,0.213,0.095,0.693
482500,0.221,0.071,0.708
483000,0.215,0.077,0.707
483500,0.211,0.090,0.698
484000,0.207,0.091,0.701
484500,0.204,0.096,0.700
485000,0.191,0.097,0.712
485500,0.184,0.103,0.713
486000,0.172,0.101,0.727
486500,0.176,0.098,0.726
487000,0.179,0.101,0.720
487500,0.188,0.098,0.714
488000,0.188,0.093,0.719
488500,0.188,0.098,0.715
489000,0.191,0.093,0.716
489500,0.196,0.098,0.706
490000,0.188,0.106,0.706
490500,0.173,0.104,0.723
491000,0.190,0.095,0.715
491500,0.206,0.095,0.699
492000,0.200,0.095,0.706
492500,0.193,0.093,0.714
493000,0.216,0.085,0.699
493500,0.215,0.085,0.701
494000,0.224,0.075,0.701
494500,0.233,0.069,0.698
495000,0.228,0.074,0.698
495500,0.225,0.084,0.692
496000,0.239,0.082,0.678
496500,0.229,0.089,0.682
497000,0.213,0.088,0.699
497500,0.216,0.099,0.685
498000,0.203,0.103,0.693
498500,0.207,0.106,0.687
499000,0.205,0.107,0.687
499500,0.201,0.111,0.689
500000,0.204,0.101,0.695
500500,0.214,0.084,0.703
501000,0.226,0.085,0.689
501500,0.229,0.075,0.696
502000,0.206,0.086,0.708
502500,0.199,0.092,0.709
503000,0.198,0.094,0.708
503500,0.195,0.095,0.711
504000,0.209,0.085,0.706
504500,0.200,0.092,0.708
505000,0.207,0.079,0.715
505500,0.202,0.080,0.719
506000,0.203,0.082,0.715
506500,0.212,0.072,0.716
507000,0.213,0.085,0.703
507500,0.208,0.082,0.710
508000,0.211,0.093,0.695
508500,0.197,0.101,0.702
509000,0.190,0.105,0.705
509500,0.189,0.089,0.723
510000,0.189,0.093,0.717
510500,0.175,0.112,0.713
511000,0.176,0.117,0.707
511500,0.144,0.123,0.733
512000,0.144,0.115,0.741
512500,0.150,0.128,0.722
513000,0.157,0.142,0.701
513500,0.152,0.132,0.716
514000,0.164,0.116,0.720
514500,0.172,0.112,0.717
515000,0.190,0.116,0.695
515500,0.182,0.120,0.698
516000,0.172,0.117,0.710
516500,0.171,0.111,0.719
517000,0.172,0.119,0.710
517500,0.173,0.117,0.710
518000,0.171,0.133,0.697
518500,0.159,0.124,0.716
519000,0.153,0.121,0.725
519500,0.150,0.127,0.723
520000,0.157,0.134,0.710
520500,0.161,0.135,0.704
521000,0.166,0.131,0.703
521500,0.170,0.133,0.698
522000,0.162,0.115,0.724
522500,0.180,0.117,0.703
523000,0.174,0.123,0.702
523500,0.181,0.119,0.699
524000,0.166,0.111,0.723
524500,0.171,0.120,0.708
525000,0.172,0.105,0.724
525500,0.176,0.097,0.727
526000,0.170,0.113,0.718
526500,0.158,0.137,0.706
527000,0.141,0.143,0.716
527500,0.128,0.139,0.733
528000,0.131,0.146,0.723
528500,0.143,0.138,0.720
529000,0.139,0.143,0.718
529500,0.126,0.153,0.721
530000,0.117,0.145,0.738
530500,0.128,0.129,0.744
531000,0.143,0.134,0.723
531500,0.137,0.128,0.735
532000,0.130,0.143,0.727
532500,0.142,0.127,0.731
533000,0.155,0.126,0.720
533500,0.174,0.135,0.691
534000,0.167,0.131,0.703
534500,0.164,0.124,0.712
535000,0.186,0.119,0.695
535500,0.182,0.110,0.708
536000,0.182,0.102,0.716
536500,0.185,0.107,0.707
537000,0.189,0.113,0.698
537500,0.192,0.101,0.708
538000,0.188,0.092,0.720
538500,0.198,0.099,0.704
539000,0.211,0.099,0.690
539500,0.196,0.106,0.698
540000,0.184,0.112,0.704
540500,0.172,0.108,0.719
541000,0.176,0.115,0.709
541500,0.175,0.103,0.721
542000,0.168,0.102,0.730
542500,0.168,0.106,0.726
543000,0.169,0.094,0.738
543500,0.173,0.100,0.727
544000,0.166,0.095,0.740
544500,0.169,0.105,0.726
545000,0.166,0.107,0.727
545500,0.162,0.117,0.722
546000,0.161,0.118,0.722
546500,0.171,0.110,0.719
547000,0.148,0.118,0.733
547500,0.161,0.117,0.723
548000,0.170,0.116,0.714
548500,0.171,0.110,0.719
549000,0.174,0.115,0.711
549500,0.175,0.122,0.703
550000,0.179,0.111,0.710
550500,0.199,0.100,0.702
551000,0.206,0.089,0.705
551500,0.197,0.104,0.699
552000,0.197,0.089,0.713
552500,0.210,0.086,0.705
553000,0.197,0.096,0.708
553500,0.180,0.098,0.722
554000,0.186,0.102,0.712
554500,0.180,0.104,0.716
555000,0.189,0.090,0.720
555500,0.182,0.097,0.722
556000,0.182,0.117,0.701
556500,0.172,0.123,0.705
557000,0.146,0.131,0.724
557500,0.151,0.121,0.728
558000,0.152,0.135,0.713
558500,0.168,0.119,0.713
559000,0.164,0.109,0.727
559500,0.158,0.111,0.732
560000,0.166,0.104,0.730
560500,0.177,0.102,0.720
561000,0.189,0.097,0.715
561500,0.191,0.097,0.712
562000,0.189,0.095,0.717
562500,0.181,0.095,0.724
563000,0.183,0.105,0.711
563500,0.192,0.103,0.705
564000,0.194,0.102,0.704
564500,0.177,0.096,0.727
565000,0.180,0.093,0.726
565500,0.196,0.086,0.719
566000,0.209,0.089,0.702
566500,0.238,0.071,0.691
567000,0.251,0.077,0.672
567500,0.230,0.085,0.685
568000,0.225,0.079,0.696
568500,0.227,0.069,0.705
569000,0.216,0.077,0.707
569500,0.214,0.090,0.696
570000,0.232,0.082,0.686
570500,0.224,0.081,0.696
571000,0.215,0.076,0.708
571500,0.218,0.078,0.704
572000,0.213,0.077,0.710
572500,0.220,0.067,0.714
573000,0.223,0.062,0.716
573500,0.224,0.055,0.721
574000,0.221,0.053,0.726
574500,0.226,0.069,0.706
575000,0.224,0.070,0.706
575500,0.230,0.076,0.694
576000,0.234,0.066,0.701
576500,0.237,0.071,0.692
577000,0.260,0.060,0.679
577500,0.266,0.060,0.674
578000,0.255,0.065,0.680
578500,0.262,0.070,0.667
579000,0.236,0.073,0.690
579500,0.229,0.072,0.699
580000,0.226,0.074,0.701
580500,0.222,0.066,0.712
581000,0.223,0.067,0.710
581500,0.221,0.065,0.714
582000,0.207,0.067,0.727
582500,0.228,0.078,0.695
583000,0.221,0.082,0.698
583500,0.220,0.077,0.703
584000,0.206,0.098,0.696
584500,0.198,0.098,0.704
585000,0.209,0.100,0.691
585500,0.204,0.093,0.703
586000,0.194,0.092,0.715
586500,0.191,0.086,0.723
587000,0.214,0.095,0.691
587500,0.217,0.080,0.704
588000,0.201,0.092,0.707
588500,0.201,0.110,0.690
589000,0.211,0.101,0.688
589500,0.201,0.110,0.689
590000,0.189,0.112,0.699
590500,0.192,0.098,0.711
591000,0.194,0.103,0.703
591500,0.196,0.113,0.692
592000,0.179,0.103,0.717
592500,0.172,0.117,0.710
593000,0.159,0.113,0.728
593500,0.175,0.105,0.719
594000,0.173,0.117,0.710
594500,0.178,0.103,0.718
595000,0.175,0.105,0.719
595500,0.177,0.110,0.713
596000,0.163,0.123,0.714
596500,0.172,0.114,0.714
597000,0.170,0.100,0.731
597500,0.161,0.092,0.747
598000,0.158,0.116,0.727
598500,0.159,0.112,0.729
599000,0.163,0.105,0.732
599500,0.158,0.115,0.727
600000,0.177,0.106,0.717
600500,0.169,0.102,0.729
601000,0.175,0.111,0.714
601500,0.181,0.120,0.698
602000,0.166,0.121,0.714
602500,0.175,0.116,0.709
603000,0.175,0.110,0.715
603500,0.178,0.104,0.718
604000,0.182,0.112,0.706
604500,0.182,0.108,0.710
605000,0.210,0.102,0.688
605500,0.211,0.101,0.688
606000,0.195,0.092,0.713
606500,0.193,0.086,0.721
607000,0.178,0.099,0.723
607500,0.189,0.098,0.713
608000,0.199,0.095,0.707
608500,0.196,0.089,0.715
609000,0.194,0.087,0.720
609500,0.179,0.079,0.742
610000,0.194,0.083,0.723
610500,0.178,0.091,0.731
611000,0.177,0.103,0.720
611500,0.174,0.111,0.715
612000,0.159,0.114,0.728
612500,0.157,0.123,0.721
613000,0.143,0.110,0.747
613500,0.151,0.111,0.738
614000,0.158,0.103,0.739
614500,0.162,0.107,0.731
615000,0.168,0.117,0.715
615500,0.170,0.104,0.725
616000,0.182,0.112,0.706
616500,0.171,0.120,0.708
617000,0.177,0.116,0.707
617500,0.192,0.116,0.693
618000,0.182,0.129,0.689
618500,0.189,0.123,0.689
619000,0.178,0.112,0.710
619500,0.185,0.120,0.695
620000,0.190,0.112,0.699
620500,0.194,0.110,0.697
621000,0.201,0.089,0.710
621500,0.192,0.083,0.725
622000,0.201,0.101,0.698
622500,0.207,0.095,0.699
623000,0.221,0.113,0.666
623500,0.215,0.099,0.686
624000,0.197,0.104,0.699
624500,0.181,0.108,0.710
625000,0.193,0.099,0.708
625500,0.196,0.124,0.680
626000,0.200,0.110,0.691
626500,0.190,0.110,0.701
627000,0.181,0.110,0.709
627500,0.196,0.113,0.692
628000,0.190,0.130,0.681
628500,0.186,0.123,0.691
629000,0.163,0.112,0.726
629500,0.175,0.115,0.710
630000,0.177,0.115,0.708
630500,0.173,0.128,0.699
631000,0.165,0.128,0.708
631500,0.164,0.121,0.715
632000,0.164,0.106,0.729
632500,0.170,0.106,0.724
633000,0.181,0.100,0.719
633500,0.179,0.092,0.729
634000,0.183,0.101,0.716
634500,0.193,0.106,0.700
635000,0.188,0.112,0.701
635500,0.169,0.111,0.720
636000,0.162,0.121,0.716
636500,0.176,0.116,0.708
637000,0.176,0.124,0.699
637500,0.176,0.123,0.701
638000,0.176,0.116,0.708
638500,0.185,0.119,0.696
639000,0.201,0.099,0.701
639500,0.192,0.100,0.708
640000,0.207,0.102,0.691
640500,0.209,0.100,0.691
641000,0.212,0.090,0.698
641500,0.209,0.095,0.696
642000,0.199,0.101,0.701
642500,0.211,0.090,0.699
643000,0.204,0.096,0.701
643500,0.206,0.087,0.706
644000,0.208,0.103,0.688
644500,0.207,0.087,0.705
645000,0.207,0.086,0.707
645500,0.196,0.080,0.724
646000,0.195,0.083,0.723
646500,0.205,0.085,0.710
647000,0.188,0.086,0.726
647500,0.182,0.099,0.719
648000,0.177,0.098,0.725
648500,0.170,0.103,0.728
649000,0.167,0.116,0.717
649500,0.181,0.119,0.700
650000,0.171,0.101,0.728
650500,0.178,0.108,0.714
651000,0.184,0.102,0.714
651500,0.192,0.113,0.695
652000,0.174,0.112,0.714
652500,0.153,0.111,0.736
653000,0.154,0.111,0.735
653500,0.152,0.108,0.739
654000,0.171,0.105,0.724
654500,0.160,0.117,0.723
655000,0.177,0.129,0.694
655500,0.172,0.103,0.725
656000,0.173,0.103,0.724
656500,0.160,0.107,0.733
657000,0.157,0.125,0.719
657500,0.162,0.119,0.719
658000,0.148,0.130,0.722
658500,0.149,0.130,0.721
659000,0.152,0.136,0.712
659500,0.154,0.130,0.716
660000,0.149,0.127,0.724
660500,0.166,0.119,0.714
661000,0.156,0.129,0.716
661500,0.157,0.117,0.726
662000,0.164,0.122,0.715
662500,0.163,0.126,0.711
663000,0.148,0.146,0.706
663500,0.154,0.139,0.708
664000,0.153,0.115,0.732
664500,0.158,0.105,0.737
665000,0.170,0.117,0.713
665500,0.182,0.106,0.711
666000,0.180,0.103,0.717
666500,0.185,0.114,0.701
667000,0.184,0.127,0.689
667500,0.172,0.116,0.712
668000,0.161,0.122,0.717
668500,0.176,0.124,0.700
669000,0.175,0.104,0.721
669500,0.183,0.105,0.711
670000,0.177,0.102,0.720
670500,0.194,0.110,0.697
671000,0.186,0.124,0.690
671500,0.184,0.109,0.707
672000,0.183,0.117,0.700
672500,0.168,0.118,0.714
673000,0.160,0.124,0.717
673500,0.157,0.118,0.725
674000,0.169,0.120,0.711
674500,0.166,0.117,0.718
675000,0.154,0.123,0.723
675500,0.170,0.127,0.704
676000,0.174,0.116,0.711
676500,0.175,0.113,0.712
677000,0.171,0.115,0.715
677500,0.155,0.110,0.735
678000,0.143,0.110,0.747
678500,0.157,0.103,0.739
679000,0.164,0.116,0.720
679500,0.170,0.132,0.699
680000,0.175,0.124,0.700
680500,0.167,0.120,0.714
681000,0.178,0.117,0.706
681500,0.162,0.122,0.716
682000,0.161,0.136,0.704
682500,0.170,0.134,0.696
683000,0.184,0.130,0.685
683500,0.191,0.120,0.689
684000,0.192,0.105,0.703
684500,0.197,0.109,0.694
685000,0.199,0.105,0.695
685500,0.200,0.104,0.696
686000,0.191,0.108,0.700
686500,0.177,0.101,0.722
687000,0.172,0.103,0.724
687500,0.174,0.105,0.721
688000,0.169,0.119,0.713
688500,0.166,0.125,0.710
689000,0.160,0.127,0.714
689500,0.166,0.117,0.717
690000,0.192,0.105,0.704
690500,0.199,0.083,0.719
691000,0.208,0.073,0.718
691500,0.220,0.082,0.699
692000,0.233,0.076,0.691
692500,0.236,0.070,0.693
693000,0.205,0.079,0.716
693500,0.195,0.078,0.727
694000,0.214,0.095,0.691
694500,0.199,0.093,0.708
695000,0.203,0.086,0.712
695500,0.206,0.081,0.713
696000,0.210,0.082,0.709
696500,0.224,0.076,0.700
697000,0.233,0.089,0.678
697500,0.235,0.086,0.679
698000,0.229,0.073,0.698
698500,0.214,0.083,0.704
699000,0.221,0.085,0.695
699500,0.211,0.084,0.705
700000,0.223,0.079,0.699
700500,0.203,0.086,0.711
701000,0.189,0.093,0.718
701500,0.172,0.096,0.732
702000,0.172,0.103,0.725
702500,0.158,0.114,0.729
703000,0.155,0.110,0.735
703500,0.163,0.127,0.710
704000,0.172,0.128,0.700
704500,0.174,0.114,0.713
705000,0.170,0.107,0.724
705500,0.184,0.107,0.709
706000,0.201,0.103,0.696
706500,0.201,0.093,0.705
707000,0.191,0.093,0.715
707500,0.186,0.102,0.712
708000,0.173,0.098,0.729
708500,0.180,0.102,0.718
709000,0.193,0.105,0.702
709500,0.200,0.094,0.706
710000,0.195,0.112,0.693
710500,0.200,0.095,0.705
711000,0.212,0.087,0.700
711500,0.205,0.080,0.715
712000,0.203,0.089,0.708
712500,0.210,0.109,0.680
713000,0.209,0.114,0.677
713500,0.204,0.122,0.674
714000,0.180,0.117,0.703
714500,0.189,0.119,0.692
715000,0.180,0.118,0.702
715500,0.172,0.097,0.732
716000,0.179,0.099,0.722
716500,0.163,0.103,0.733
717000,0.167,0.108,0.725
717500,0.181,0.101,0.718
718000,0.172,0.111,0.717
718500,0.155,0.119,0.726
719000,0.164,0.113,0.724
719500,0.141,0.120,0.738
720000,0.148,0.127,0.725
720500,0.148,0.122,0.730
721000,0.147,0.130,0.723
721500,0.159,0.120,0.721
722000,0.146,0.113,0.741
722500,0.153,0.108,0.738
723000,0.162,0.122,0.716
723500,0.171,0.127,0.702
724000,0.159,0.113,0.728
724500,0.183,0.102,0.714
725000,0.189,0.095,0.716
725500,0.169,0.097,0.734
726000,0.163,0.118,0.718
726500,0.158,0.112,0.731
727000,0.165,0.119,0.716
727500,0.171,0.131,0.699
728000,0.175,0.123,0.702
728500,0.166,0.123,0.711
729000,0.181,0.115,0.704
729500,0.172,0.108,0.721
730000,0.173,0.107,0.719
730500,0.172,0.102,0.725
731000,0.183,0.106,0.710
731500,0.192,0.109,0.699
732000,0.182,0.108,0.710
732500,0.173,0.108,0.718
733000,0.166,0.124,0.711
733500,0.170,0.134,0.696
734000,0.164,0.143,0.693
734500,0.145,0.155,0.700
735000,0.148,0.150,0.702
735500,0.152,0.139,0.709
736000,0.161,0.139,0.701
736500,0.166,0.145,0.689
737000,0.173,0.137,0.690
737500,0.154,0.132,0.714
738000,0.162,0.131,0.708
738500,0.142,0.159,0.699
739000,0.142,0.148,0.710
739500,0.142,0.125,0.733
740000,0.136,0.127,0.738
740500,0.142,0.148,0.710
741000,0.137,0.147,0.716
741500,0.130,0.144,0.727
742000,0.142,0.134,0.724
742500,0.136,0.140,0.724
743000,0.131,0.140,0.730
743500,0.146,0.134,0.720
744000,0.150,0.136,0.714
744500,0.149,0.139,0.712
745000,0.141,0.142,0.717
745500,0.150,0.143,0.707
746000,0.162,0.135,0.704
746500,0.148,0.117,0.735
747000,0.148,0.122,0.730
747500,0.168,0.119,0.714
748000,0.168,0.118,0.714
748500,0.183,0.124,0.693
749000,0.172,0.131,0.697
749500,0.181,0.123,0.696
750000,0.178,0.111,0.711
750500,0.183,0.121,0.696
751000,0.184,0.133,0.683
751500,0.190,0.125,0.685
752000,0.177,0.119,0.704
752500,0.182,0.126,0.692
753000,0.180,0.121,0.699
753500,0.170,0.117,0.712
754000,0.177,0.141,0.681
754500,0.194,0.130,0.677
755000,0.179,0.118,0.702
755500,0.192,0.113,0.696
756000,0.186,0.117,0.697
756500,0.177,0.117,0.706
757000,0.163,0.122,0.716
757500,0.159,0.114,0.728
758000,0.170,0.117,0.713
758500,0.168,0.121,0.712
759000,0.151,0.138,0.711
759500,0.134,0.124,0.742
760000,0.136,0.134,0.731
760500,0.141,0.141,0.718
761000,0.167,0.131,0.702
761500,0.162,0.125,0.714
762000,0.172,0.112,0.717
762500,0.172,0.100,0.728
763000,0.179,0.098,0.723
763500,0.180,0.105,0.714
764000,0.195,0.118,0.686
764500,0.185,0.126,0.689
765000,0.194,0.107,0.699
765500,0.202,0.101,0.698
766000,0.195,0.094,0.711
766500,0.178,0.093,0.728
767000,0.173,0.103,0.723
767500,0.187,0.100,0.713
768000,0.187,0.105,0.707
768500,0.199,0.089,0.712
769000,0.202,0.086,0.713
769500,0.190,0.084,0.727
770000,0.209,0.080,0.712
770500,0.229,0.092,0.678
771000,0.212,0.087,0.701
771500,0.194,0.092,0.714
772000,0.193,0.098,0.710
772500,0.192,0.095,0.713
773000,0.194,0.101,0.706
773500,0.215,0.087,0.698
774000,0.219,0.095,0.686
774500,0.198,0.089,0.714
775000,0.191,0.108,0.702
775500,0.192,0.100,0.709
776000,0.177,0.100,0.723
776500,0.199,0.107,0.693
777000,0.218,0.099,0.683
777500,0.203,0.087,0.711
778000,0.204,0.091,0.705
778500,0.190,0.091,0.719
779000,0.184,0.091,0.725
779500,0.172,0.093,0.735
780000,0.157,0.107,0.736
780500,0.155,0.111,0.734
781000,0.127,0.117,0.756
781500,0.142,0.116,0.742
782000,0.143,0.115,0.742
782500,0.155,0.100,0.745
783000,0.145,0.118,0.737
783500,0.148,0.102,0.749
784000,0.152,0.119,0.728
784500,0.152,0.123,0.725
785000,0.148,0.128,0.724
785500,0.149,0.132,0.720
786000,0.160,0.128,0.712
786500,0.178,0.132,0.690
787000,0.177,0.128,0.695
787500,0.188,0.124,0.689
788000,0.171,0.124,0.705
788500,0.185,0.116,0.699
789000,0.182,0.118,0.700
789500,0.187,0.107,0.706
790000,0.200,0.109,0.692
790500,0.190,0.117,0.694
791000,0.183,0.106,0.711
791500,0.182,0.101,0.718
792000,0.187,0.090,0.722
792500,0.179,0.095,0.726
793000,0.180,0.088,0.732
793500,0.188,0.083,0.730
794000,0.196,0.080,0.725
794500,0.210,0.074,0.716
795000,0.216,0.089,0.694
795500,0.208,0.088,0.703
796000,0.212,0.084,0.704
796500,0.202,0.091,0.708
797000,0.196,0.096,0.709
797500,0.187,0.110,0.703
798000,0.203,0.105,0.692
798500,0.198,0.105,0.697
799000,0.184,0.097,0.720
799500,0.183,0.099,0.718
800000,0.176,0.111,0.713
800500,0.172,0.109,0.719
801000,0.181,0.101,0.718
801500,0.194,0.104,0.702
802000,0.196,0.106,0.698
802500,0.193,0.114,0.694
803000,0.191,0.105,0.704
803500,0.199,0.111,0.691
804000,0.186,0.119,0.695
804500,0.183,0.110,0.707
805000,0.198,0.107,0.695
805500,0.204,0.107,0.688
806000,0.213,0.108,0.678
806500,0.210,0.096,0.694
807000,0.213,0.100,0.688
807500,0.214,0.102,0.683
808000,0.217,0.093,0.690
808500,0.222,0.090,0.688
809000,0.201,0.090,0.709
809500,0.200,0.091,0.710
810000,0.196,0.097,0.708
810500,0.184,0.098,0.718
811000,0.200,0.095,0.706
811500,0.202,0.090,0.708
812000,0.209,0.089,0.702
812500,0.203,0.087,0.711
813000,0.212,0.086,0.702
813500,0.208,0.088,0.703
814000,0.208,0.093,0.699
814500,0.196,0.100,0.704
815000,0.181,0.100,0.719
815500,0.192,0.107,0.701
816000,0.196,0.105,0.699
816500,0.181,0.093,0.726
817000,0.171,0.105,0.725
817500,0.177,0.095,0.728
818000,0.191,0.096,0.713
818500,0.205,0.098,0.697
819000,0.183,0.110,0.707
819500,0.191,0.111,0.699
820000,0.193,0.103,0.705
820500,0.184,0.108,0.708
821000,0.176,0.107,0.717
821500,0.178,0.099,0.723
822000,0.184,0.087,0.728
822500,0.166,0.097,0.738
823000,0.175,0.101,0.724
823500,0.180,0.111,0.709
824000,0.180,0.113,0.707
824500,0.188,0.112,0.701
825000,0.183,0.104,0.712
825500,0.192,0.089,0.719
826000,0.206,0.085,0.709
826500,0.212,0.085,0.703
827000,0.213,0.072,0.715
827500,0.201,0.089,0.709
828000,0.212,0.091,0.697
828500,0.200,0.088,0.712
829000,0.202,0.098,0.701
829500,0.203,0.094,0.703
830000,0.190,0.100,0.711
830500,0.186,0.123,0.691
831000,0.180,0.120,0.700
831500,0.172,0.121,0.707
832000,0.178,0.136,0.685
832500,0.182,0.117,0.701
833000,0.170,0.127,0.704
833500,0.171,0.118,0.711
834000,0.163,0.112,0.725
834500,0.139,0.119,0.742
835000,0.143,0.136,0.721
835500,0.141,0.145,0.714
836000,0.141,0.143,0.716
836500,0.123,0.137,0.740
837000,0.113,0.172,0.716
837500,0.118,0.168,0.713
838000,0.118,0.174,0.708
838500,0.137,0.171,0.693
839000,0.142,0.167,0.692
839500,0.142,0.146,0.712
840000,0.156,0.136,0.708
840500,0.158,0.140,0.703
841000,0.158,0.122,0.720
841500,0.150,0.128,0.722
842000,0.138,0.133,0.730
842500,0.151,0.120,0.728
843000,0.139,0.120,0.741
843500,0.159,0.125,0.717
844000,0.168,0.137,0.696
844500,0.173,0.122,0.704
845000,0.183,0.127,0.690
845500,0.176,0.117,0.707
846000,0.174,0.113,0.713
846500,0.159,0.117,0.724
847000,0.152,0.129,0.720
847500,0.165,0.138,0.698
848000,0.175,0.132,0.693
848500,0.154,0.134,0.712
849000,0.149,0.128,0.724
849500,0.153,0.120,0.726
850000,0.146,0.117,0.737
850500,0.158,0.105,0.737
851000,0.175,0.099,0.726
851500,0.169,0.103,0.728
852000,0.166,0.107,0.727
852500,0.166,0.110,0.725
853000,0.158,0.107,0.735
853500,0.163,0.123,0.714
854000,0.156,0.113,0.731
854500,0.149,0.128,0.723
855000,0.143,0.136,0.721
855500,0.140,0.138,0.723
856000,0.155,0.118,0.727
856500,0.169,0.119,0.712
857000,0.179,0.125,0.696
857500,0.172,0.120,0.708
858000,0.169,0.125,0.706
858500,0.173,0.115,0.712
859000,0.168,0.108,0.724
859500,0.181,0.102,0.716
860000,0.177,0.093,0.729
860500,0.174,0.112,0.714
861000,0.174,0.125,0.701
861500,0.166,0.121,0.713
862000,0.175,0.118,0.707
862500,0.176,0.096,0.728
863000,0.178,0.099,0.723
863500,0.182,0.095,0.723
864000,0.174,0.077,0.749
864500,0.183,0.097,0.720
865000,0.182,0.101,0.718
865500,0.203,0.096,0.701
866000,0.194,0.100,0.707
866500,0.182,0.103,0.715
867000,0.182,0.096,0.723
867500,0.183,0.095,0.722
868000,0.212,0.091,0.697
868500,0.215,0.103,0.682
869000,0.204,0.092,0.704
869500,0.206,0.101,0.694
870000,0.201,0.097,0.703
870500,0.214,0.089,0.697
871000,0.205,0.092,0.703
871500,0.215,0.095,0.690
872000,0.204,0.084,0.713
872500,0.205,0.092,0.702
873000,0.198,0.106,0.697
873500,0.189,0.116,0.696
874000,0.180,0.117,0.703
874500,0.191,0.118,0.691
875000,0.193,0.100,0.707
875500,0.178,0.102,0.720
876000,0.178,0.093,0.729
876500,0.184,0.091,0.725
877000,0.203,0.103,0.693
877500,0.186,0.105,0.709
878000,0.187,0.104,0.709
878500,0.185,0.107,0.707
879000,0.168,0.114,0.718
879500,0.180,0.106,0.713
880000,0.185,0.104,0.711
880500,0.182,0.095,0.724
881000,0.188,0.090,0.723
881500,0.177,0.088,0.734
882000,0.166,0.102,0.733
882500,0.168,0.109,0.723
883000,0.180,0.121,0.699
883500,0.161,0.117,0.723
884000,0.171,0.112,0.717
884500,0.161,0.104,0.736
885000,0.169,0.101,0.731
885500,0.161,0.106,0.734
886000,0.153,0.101,0.746
886500,0.168,0.114,0.719
887000,0.160,0.117,0.723
887500,0.142,0.111,0.747
888000,0.157,0.122,0.721
888500,0.143,0.128,0.729
889000,0.165,0.124,0.712
889500,0.165,0.118,0.717
890000,0.183,0.107,0.709
890500,0.175,0.104,0.720
891000,0.166,0.101,0.733
891500,0.168,0.091,0.740
892000,0.195,0.100,0.705
892500,0.168,0.107,0.725
893000,0.158,0.114,0.729
893500,0.164,0.117,0.719
894000,0.173,0.103,0.723
894500,0.173,0.113,0.714
895000,0.163,0.111,0.727
895500,0.155,0.107,0.738
896000,0.172,0.101,0.727
896500,0.182,0.095,0.723
897000,0.199,0.109,0.692
897500,0.190,0.094,0.717
898000,0.181,0.099,0.720
898500,0.171,0.117,0.712
899000,0.199,0.106,0.696
899500,0.198,0.106,0.696
900000,0.223,0.102,0.675
900500,0.220,0.098,0.683
901000,0.221,0.086,0.694
901500,0.214,0.095,0.691
902000,0.221,0.092,0.686
902500,0.215,0.083,0.703
903000,0.221,0.095,0.685
903500,0.190,0.084,0.726
904000,0.189,0.078,0.734
904500,0.195,0.086,0.719
905000,0.207,0.086,0.707
905500,0.227,0.083,0.691
906000,0.218,0.091,0.691
906500,0.210,0.095,0.695
907000,0.195,0.091,0.715
907500,0.181,0.104,0.714
908000,0.172,0.100,0.729
908500,0.180,0.097,0.724
909000,0.173,0.092,0.735
909500,0.178,0.098,0.724
910000,0.186,0.087,0.726
910500,0.195,0.088,0.716
911000,0.199,0.100,0.701
911500,0.191,0.098,0.711
912000,0.194,0.092,0.714
912500,0.197,0.096,0.707
913000,0.212,0.093,0.695
913500,0.190,0.108,0.703
914000,0.194,0.108,0.699
914500,0.180,0.105,0.714
915000,0.189,0.117,0.694
915500,0.172,0.110,0.719
916000,0.166,0.110,0.724
916500,0.171,0.109,0.721
917000,0.162,0.117,0.722
917500,0.157,0.109,0.735
918000,0.159,0.123,0.719
918500,0.155,0.115,0.730
919000,0.160,0.111,0.730
919500,0.160,0.105,0.735
920000,0.166,0.119,0.714
920500,0.170,0.124,0.707
921000,0.172,0.115,0.713
921500,0.194,0.103,0.703
922000,0.192,0.103,0.705
922500,0.181,0.104,0.715
923000,0.172,0.104,0.724
923500,0.178,0.102,0.721
924000,0.160,0.092,0.748
924500,0.165,0.086,0.750
925000,0.190,0.101,0.710
925500,0.188,0.103,0.709
926000,0.190,0.102,0.709
926500,0.208,0.087,0.705
927000,0.204,0.093,0.702
927500,0.208,0.096,0.697
928000,0.203,0.094,0.703
928500,0.182,0.097,0.721
929000,0.193,0.102,0.705
929500,0.189,0.112,0.700
930000,0.197,0.115,0.688
930500,0.179,0.095,0.726
931000,0.172,0.103,0.726
931500,0.189,0.099,0.712
932000,0.182,0.089,0.729
932500,0.175,0.114,0.711
933000,0.178,0.111,0.711
933500,0.162,0.106,0.733
934000,0.172,0.128,0.701
934500,0.174,0.117,0.709
935000,0.185,0.099,0.716
935500,0.182,0.105,0.713
936000,0.182,0.117,0.701
936500,0.184,0.117,0.699
937000,0.192,0.107,0.702
937500,0.197,0.092,0.711
938000,0.181,0.097,0.722
938500,0.191,0.104,0.704
939000,0.194,0.102,0.704
939500,0.198,0.090,0.712
940000,0.200,0.091,0.709
940500,0.197,0.105,0.698
941000,0.200,0.102,0.698
941500,0.179,0.114,0.707
942000,0.165,0.114,0.722
942500,0.177,0.117,0.706
943000,0.180,0.123,0.697
943500,0.183,0.123,0.694
944000,0.179,0.117,0.703
944500,0.178,0.117,0.705
945000,0.184,0.131,0.684
945500,0.181,0.136,0.683
946000,0.176,0.127,0.697
946500,0.166,0.116,0.719
947000,0.159,0.106,0.734
947500,0.145,0.116,0.739
948000,0.149,0.130,0.722
948500,0.154,0.117,0.729
949000,0.153,0.129,0.718
949500,0.160,0.138,0.703
950000,0.140,0.135,0.726
950500,0.155,0.123,0.721
951000,0.141,0.133,0.726
951500,0.131,0.123,0.746
952000,0.141,0.118,0.740
952500,0.159,0.120,0.721
953000,0.171,0.119,0.710
953500,0.173,0.124,0.702
954000,0.169,0.129,0.702
954500,0.151,0.143,0.706
955000,0.145,0.137,0.718
955500,0.160,0.133,0.708
956000,0.171,0.126,0.704
956500,0.168,0.115,0.717
957000,0.173,0.115,0.712
957500,0.166,0.114,0.720
958000,0.179,0.113,0.708
958500,0.169,0.114,0.717
959000,0.160,0.119,0.720
959500,0.175,0.119,0.706
960000,0.164,0.115,0.722
960500,0.148,0.141,0.710
961000,0.154,0.141,0.706
961500,0.139,0.151,0.710
962000,0.140,0.148,0.712
962500,0.144,0.155,0.701
963000,0.143,0.154,0.703
963500,0.137,0.155,0.708
964000,0.126,0.151,0.723
964500,0.116,0.157,0.728
965000,0.119,0.155,0.726
965500,0.126,0.159,0.716
966000,0.132,0.151,0.717
966500,0.140,0.135,0.726
967000,0.147,0.124,0.729
967500,0.142,0.129,0.729
968000,0.140,0.131,0.729
968500,0.121,0.127,0.752
969000,0.131,0.127,0.742
969500,0.141,0.117,0.742
970000,0.138,0.127,0.736
970500,0.149,0.125,0.726
971000,0.142,0.118,0.739
971500,0.148,0.143,0.709
972000,0.154,0.143,0.703
972500,0.142,0.139,0.719
973000,0.166,0.137,0.697
973500,0.179,0.124,0.697
974000,0.175,0.129,0.696
974500,0.160,0.114,0.726
975000,0.162,0.127,0.711
975500,0.142,0.129,0.729
976000,0.178,0.151,0.671
976500,0.180,0.117,0.703
977000,0.177,0.107,0.715
977500,0.188,0.107,0.705
978000,0.201,0.102,0.698
978500,0.193,0.102,0.704
979000,0.210,0.111,0.679
979500,0.216,0.101,0.683
980000,0.195,0.091,0.714
980500,0.189,0.093,0.717
981000,0.172,0.098,0.730
981500,0.176,0.103,0.721
982000,0.162,0.128,0.710
982500,0.173,0.126,0.701
983000,0.154,0.131,0.715
983500,0.153,0.135,0.712
984000,0.157,0.124,0.720
984500,0.154,0.126,0.720
985000,0.151,0.135,0.714
985500,0.168,0.136,0.697
986000,0.166,0.149,0.685
986500,0.143,0.156,0.701
987000,0.132,0.155,0.714
987500,0.130,0.155,0.715
988000,0.149,0.137,0.714
988500,0.157,0.131,0.713
989000,0.144,0.108,0.748
989500,0.152,0.118,0.729
990000,0.157,0.137,0.707
990500,0.162,0.120,0.718
991000,0.154,0.118,0.728
991500,0.148,0.129,0.723
992000,0.155,0.131,0.714
992500,0.160,0.116,0.724
993000,0.171,0.129,0.701
993500,0.182,0.112,0.706
994000,0.192,0.093,0.715
994500,0.180,0.104,0.716
995000,0.183,0.108,0.709
995500,0.194,0.116,0.691
996000,0.177,0.107,0.715
996500,0.166,0.114,0.721
997000,0.163,0.129,0.708
997500,0.170,0.131,0.700
998000,0.167,0.116,0.717
998500,0.175,0.112,0.713
999000,0.180,0.117,0.702
999500,0.174,0.105,0.721
1000000,0.181,0.099,0.720
