time,n_A+p,n_B,n_AB
500,0.050,0.735,0.215
1000,0.050,0.493,0.457
1500,0.050,0.402,0.548
2000,0.050,0.433,0.517
2500,0.051,0.385,0.564
3000,0.050,0.475,0.475
3500,0.054,0.427,0.519
4000,0.050,0.445,0.505
4500,0.050,0.413,0.537
5000,0.050,0.511,0.439
5500,0.050,0.463,0.487
6000,0.051,0.410,0.539
6500,0.061,0.307,0.632
7000,0.051,0.394,0.555
7500,0.050,0.494,0.456
8000,0.050,0.532,0.418
8500,0.050,0.388,0.562
9000,0.070,0.337,0.593
9500,0.055,0.348,0.597
10000,0.052,0.373,0.575
10500,0.061,0.353,0.586
11000,0.050,0.443,0.507
11500,0.058,0.276,0.666
12000,0.057,0.305,0.638
12500,0.054,0.273,0.673
13000,0.050,0.416,0.534
13500,0.050,0.392,0.558
14000,0.050,0.460,0.490
14500,0.050,0.443,0.507
15000,0.050,0.473,0.477
15500,0.050,0.371,0.579
16000,0.050,0.484,0.466
16500,0.050,0.411,0.539
17000,0.050,0.400,0.550
17500,0.050,0.463,0.487
18000,0.057,0.359,0.584
18500,0.052,0.412,0.536
19000,0.050,0.377,0.573
19500,0.050,0.401,0.549
20000,0.050,0.438,0.512
20500,0.050,0.526,0.424
21000,0.050,0.459,0.491
21500,0.050,0.531,0.419
22000,0.050,0.562,0.388
22500,0.060,0.476,0.464
23000,0.050,0.390,0.560
23500,0.055,0.309,0.636
24000,0.050,0.418,0.532
24500,0.050,0.494,0.456
25000,0.052,0.425,0.523
25500,0.050,0.485,0.465
26000,0.050,0.420,0.530
26500,0.050,0.430,0.520
27000,0.050,0.377,0.573
27500,0.050,0.375,0.575
28000,0.050,0.453,0.497
28500,0.050,0.389,0.561
29000,0.050,0.482,0.468
29500,0.050,0.405,0.545
30000,0.050,0.351,0.599
30500,0.050,0.509,0.441
31000,0.050,0.441,0.509
31500,0.050,0.557,0.393
32000,0.050,0.483,0.467
32500,0.050,0.416,0.534
33000,0.050,0.352,0.598
33500,0.050,0.377,0.573
34000,0.050,0.424,0.526
34500,0.050,0.416,0.534
35000,0.050,0.417,0.533
35500,0.050,0.367,0.583
36000,0.050,0.399,0.551
36500,0.050,0.470,0.480
37000,0.050,0.522,0.428
37500,0.050,0.471,0.479
38000,0.050,0.490,0.460
38500,0.050,0.334,0.616
39000,0.053,0.327,0.620
39500,0.050,0.516,0.434
40000,0.056,0.288,0.656
40500,0.050,0.326,0.624
41000,0.050,0.417,0.533
41500,0.050,0.562,0.388
42000,0.050,0.537,0.413
42500,0.050,0.444,0.506
43000,0.059,0.365,0.576
43500,0.050,0.429,0.521
44000,0.050,0.426,0.524
44500,0.050,0.483,0.467
45000,0.050,0.458,0.492
45500,0.050,0.495,0.455
46000,0.050,0.488,0.462
46500,0.050,0.480,0.470
47000,0.050,0.423,0.527
47500,0.050,0.412,0.538
48000,0.050,0.425,0.525
48500,0.050,0.452,0.498
49000,0.050,0.444,0.506
49500,0.050,0.419,0.531
50000,0.050,0.560,0.390
50500,0.050,0.510,0.440
51000,0.050,0.496,0.454
51500,0.050,0.398,0.552
52000,0.053,0.444,0.503
52500,0.056,0.369,0.575
53000,0.050,0.406,0.544
53500,0.050,0.357,0.593
54000,0.050,0.426,0.524
54500,0.050,0.430,0.520
55000,0.050,0.506,0.444
55500,0.050,0.558,0.392
56000,0.050,0.503,0.447
56500,0.050,0.449,0.501
57000,0.050,0.441,0.509
57500,0.050,0.355,0.595
58000,0.050,0.445,0.505
58500,0.050,0.449,0.501
59000,0.050,0.470,0.480
59500,0.050,0.503,0.447
60000,0.050,0.469,0.481
60500,0.056,0.445,0.499
61000,0.050,0.464,0.486
61500,0.050,0.482,0.468
62000,0.050,0.435,0.515
62500,0.050,0.373,0.577
63000,0.051,0.333,0.616
63500,0.051,0.512,0.437
64000,0.050,0.465,0.485
64500,0.050,0.456,0.494
65000,0.050,0.296,0.654
65500,0.051,0.358,0.591
66000,0.050,0.463,0.487
66500,0.050,0.626,0.324
67000,0.050,0.398,0.552
67500,0.053,0.436,0.511
68000,0.050,0.540,0.410
68500,0.050,0.459,0.491
69000,0.050,0.431,0.519
69500,0.050,0.433,0.517
70000,0.050,0.450,0.500
70500,0.050,0.367,0.583
71000,0.059,0.367,0.574
71500,0.050,0.401,0.549
72000,0.050,0.387,0.563
72500,0.050,0.418,0.532
73000,0.051,0.348,0.601
73500,0.050,0.334,0.616
74000,0.050,0.376,0.574
74500,0.050,0.387,0.563
75000,0.050,0.432,0.518
75500,0.050,0.454,0.496
76000,0.050,0.471,0.479
76500,0.050,0.514,0.436
77000,0.050,0.357,0.593
77500,0.050,0.463,0.487
78000,0.061,0.370,0.569
78500,0.050,0.482,0.468
79000,0.050,0.485,0.465
79500,0.052,0.458,0.490
80000,0.050,0.466,0.484
80500,0.050,0.485,0.465
81000,0.050,0.387,0.563
81500,0.050,0.485,0.465
82000,0.050,0.492,0.458
82500,0.050,0.389,0.561
83000,0.051,0.398,0.551
83500,0.053,0.438,0.509
84000,0.050,0.529,0.421
84500,0.050,0.498,0.452
85000,0.050,0.563,0.387
85500,0.050,0.536,0.414
86000,0.050,0.454,0.496
86500,0.050,0.443,0.507
87000,0.050,0.413,0.537
87500,0.050,0.502,0.448
88000,0.050,0.449,0.501
88500,0.050,0.472,0.478
89000,0.050,0.405,0.545
89500,0.050,0.496,0.454
90000,0.050,0.384,0.566
90500,0.050,0.450,0.500
91000,0.050,0.422,0.528
91500,0.050,0.496,0.454
92000,0.050,0.531,0.419
92500,0.050,0.482,0.468
93000,0.051,0.533,0.416
93500,0.050,0.496,0.454
94000,0.050,0.556,0.394
94500,0.050,0.434,0.516
95000,0.050,0.385,0.565
95500,0.050,0.521,0.429
96000,0.050,0.405,0.545
96500,0.050,0.415,0.535
97000,0.050,0.444,0.506
97500,0.055,0.363,0.582
98000,0.050,0.409,0.541
98500,0.050,0.425,0.525
99000,0.050,0.467,0.483
99500,0.050,0.529,0.421
100000,0.050,0.413,0.537
100500,0.057,0.353,0.590
101000,0.050,0.474,0.476
101500,0.050,0.411,0.539
102000,0.050,0.397,0.553
102500,0.050,0.444,0.506
103000,0.050,0.464,0.486
103500,0.050,0.436,0.514
104000,0.050,0.456,0.494
104500,0.050,0.431,0.519
105000,0.052,0.459,0.489
105500,0.050,0.493,0.457
106000,0.050,0.439,0.511
106500,0.052,0.380,0.568
107000,0.050,0.426,0.524
107500,0.051,0.457,0.492
108000,0.050,0.379,0.571
108500,0.054,0.437,0.509
109000,0.050,0.502,0.448
109500,0.050,0.374,0.576
110000,0.050,0.453,0.497
110500,0.056,0.411,0.533
111000,0.050,0.361,0.589
111500,0.056,0.402,0.542
112000,0.050,0.401,0.549
112500,0.050,0.429,0.521
113000,0.050,0.382,0.568
113500,0.050,0.434,0.516
114000,0.060,0.314,0.626
114500,0.050,0.429,0.521
115000,0.050,0.419,0.531
115500,0.050,0.416,0.534
116000,0.057,0.350,0.593
116500,0.050,0.453,0.497
117000,0.050,0.442,0.508
117500,0.050,0.466,0.484
118000,0.050,0.506,0.444
118500,0.059,0.421,0.520
119000,0.050,0.345,0.605
119500,0.051,0.464,0.485
120000,0.050,0.463,0.487
120500,0.050,0.399,0.551
121000,0.050,0.406,0.544
121500,0.050,0.421,0.529
122000,0.050,0.388,0.562
122500,0.050,0.384,0.566
123000,0.050,0.402,0.548
123500,0.050,0.532,0.418
124000,0.050,0.474,0.476
124500,0.050,0.470,0.480
125000,0.050,0.436,0.514
125500,0.050,0.358,0.592
126000,0.050,0.482,0.468
126500,0.050,0.461,0.489
127000,0.050,0.596,0.354
127500,0.050,0.329,0.621
128000,0.051,0.430,0.519
128500,0.050,0.431,0.519
129000,0.050,0.439,0.511
129500,0.050,0.498,0.452
130000,0.050,0.462,0.488
130500,0.050,0.417,0.533
131000,0.050,0.425,0.525
131500,0.050,0.408,0.542
132000,0.050,0.442,0.508
132500,0.050,0.526,0.424
133000,0.050,0.415,0.535
133500,0.050,0.374,0.576
134000,0.050,0.401,0.549
134500,0.050,0.453,0.497
135000,0.050,0.496,0.454
135500,0.050,0.407,0.543
136000,0.050,0.551,0.399
136500,0.050,0.528,0.422
137000,0.052,0.390,0.558
137500,0.050,0.527,0.423
138000,0.050,0.505,0.445
138500,0.050,0.447,0.503
139000,0.050,0.463,0.487
139500,0.050,0.372,0.578
140000,0.050,0.563,0.387
140500,0.050,0.537,0.413
141000,0.050,0.429,0.521
141500,0.050,0.370,0.580
142000,0.050,0.490,0.460
142500,0.050,0.366,0.584
143000,0.053,0.309,0.638
143500,0.050,0.460,0.490
144000,0.055,0.329,0.616
144500,0.054,0.380,0.566
145000,0.052,0.393,0.555
145500,0.050,0.461,0.489
146000,0.050,0.445,0.505
146500,0.050,0.531,0.419
147000,0.050,0.498,0.452
147500,0.050,0.481,0.469
148000,0.050,0.460,0.490
148500,0.058,0.402,0.540
149000,0.050,0.543,0.407
149500,0.050,0.419,0.531
150000,0.050,0.440,0.510
150500,0.052,0.353,0.595
151000,0.063,0.403,0.534
151500,0.050,0.499,0.451
152000,0.050,0.538,0.412
152500,0.050,0.520,0.430
153000,0.050,0.500,0.450
153500,0.050,0.413,0.537
154000,0.050,0.406,0.544
154500,0.050,0.482,0.468
155000,0.050,0.444,0.506
155500,0.050,0.406,0.544
156000,0.050,0.439,0.511
156500,0.050,0.450,0.500
157000,0.051,0.419,0.530
157500,0.050,0.481,0.469
158000,0.050,0.511,0.439
158500,0.050,0.512,0.438
159000,0.050,0.413,0.537
159500,0.050,0.344,0.606
160000,0.050,0.380,0.570
160500,0.053,0.454,0.493
161000,0.050,0.503,0.447
161500,0.050,0.430,0.520
162000,0.062,0.392,0.546
162500,0.055,0.360,0.585
163000,0.051,0.446,0.503
163500,0.055,0.415,0.530
164000,0.050,0.485,0.465
164500,0.050,0.377,0.573
165000,0.050,0.459,0.491
165500,0.050,0.406,0.544
166000,0.050,0.534,0.416
166500,0.050,0.558,0.392
167000,0.050,0.510,0.440
167500,0.050,0.478,0.472
168000,0.050,0.418,0.532
168500,0.050,0.469,0.481
169000,0.050,0.476,0.474
169500,0.050,0.485,0.465
170000,0.050,0.500,0.450
170500,0.050,0.451,0.499
171000,0.050,0.362,0.588
171500,0.050,0.384,0.566
172000,0.050,0.417,0.533
172500,0.050,0.348,0.602
173000,0.050,0.382,0.568
173500,0.050,0.384,0.566
174000,0.065,0.316,0.619
174500,0.051,0.456,0.493
175000,0.058,0.283,0.659
175500,0.051,0.345,0.604
176000,0.050,0.381,0.569
176500,0.050,0.452,0.498
177000,0.056,0.401,0.543
177500,0.050,0.383,0.567
178000,0.051,0.455,0.494
178500,0.050,0.473,0.477
179000,0.050,0.506,0.444
179500,0.050,0.471,0.479
180000,0.050,0.470,0.480
180500,0.056,0.331,0.613
181000,0.056,0.340,0.604
181500,0.050,0.462,0.488
182000,0.050,0.501,0.449
182500,0.050,0.388,0.562
183000,0.050,0.468,0.482
183500,0.050,0.403,0.547
184000,0.050,0.398,0.552
184500,0.050,0.401,0.549
185000,0.050,0.443,0.507
185500,0.050,0.433,0.517
186000,0.052,0.395,0.553
186500,0.050,0.545,0.405
187000,0.050,0.492,0.458
187500,0.050,0.345,0.605
188000,0.050,0.492,0.458
188500,0.050,0.525,0.425
189000,0.051,0.425,0.524
189500,0.050,0.534,0.416
190000,0.050,0.428,0.522
190500,0.050,0.492,0.458
191000,0.050,0.437,0.513
191500,0.050,0.468,0.482
192000,0.050,0.472,0.478
192500,0.050,0.474,0.476
193000,0.050,0.483,0.467
193500,0.050,0.480,0.470
194000,0.050,0.460,0.490
194500,0.066,0.357,0.577
195000,0.050,0.382,0.568
195500,0.054,0.369,0.577
196000,0.051,0.323,0.626
196500,0.050,0.378,0.572
197000,0.050,0.428,0.522
197500,0.050,0.425,0.525
198000,0.050,0.385,0.565
198500,0.056,0.346,0.598
199000,0.050,0.430,0.520
199500,0.052,0.363,0.585
200000,0.051,0.444,0.505
200500,0.050,0.569,0.381
201000,0.050,0.505,0.445
201500,0.050,0.445,0.505
202000,0.050,0.341,0.609
202500,0.059,0.312,0.629
203000,0.050,0.438,0.512
203500,0.058,0.360,0.582
204000,0.050,0.467,0.483
204500,0.050,0.415,0.535
205000,0.050,0.465,0.485
205500,0.050,0.395,0.555
206000,0.050,0.486,0.464
206500,0.050,0.425,0.525
207000,0.050,0.375,0.575
207500,0.050,0.484,0.466
208000,0.050,0.407,0.543
208500,0.050,0.447,0.503
209000,0.050,0.433,0.517
209500,0.052,0.411,0.537
210000,0.050,0.568,0.382
210500,0.050,0.464,0.486
211000,0.050,0.346,0.604
211500,0.050,0.324,0.626
212000,0.050,0.480,0.470
212500,0.050,0.437,0.513
213000,0.050,0.425,0.525
213500,0.050,0.491,0.459
214000,0.050,0.428,0.522
214500,0.052,0.455,0.493
215000,0.051,0.441,0.508
215500,0.050,0.478,0.472
216000,0.050,0.406,0.544
216500,0.050,0.382,0.568
217000,0.050,0.366,0.584
217500,0.052,0.504,0.444
218000,0.050,0.381,0.569
218500,0.050,0.469,0.481
219000,0.050,0.475,0.475
219500,0.050,0.415,0.535
220000,0.060,0.481,0.459
220500,0.052,0.453,0.495
221000,0.054,0.386,0.560
221500,0.050,0.402,0.548
222000,0.055,0.386,0.559
222500,0.050,0.409,0.541
223000,0.050,0.522,0.428
223500,0.050,0.486,0.464
224000,0.050,0.472,0.478
224500,0.050,0.534,0.416
225000,0.050,0.375,0.575
225500,0.050,0.486,0.464
226000,0.050,0.414,0.536
226500,0.050,0.486,0.464
227000,0.050,0.496,0.454
227500,0.050,0.479,0.471
228000,0.050,0.384,0.566
228500,0.050,0.455,0.495
229000,0.050,0.437,0.513
229500,0.050,0.442,0.508
230000,0.050,0.369,0.581
230500,0.050,0.389,0.561
231000,0.052,0.483,0.465
231500,0.050,0.454,0.496
232000,0.050,0.501,0.449
232500,0.050,0.436,0.514
233000,0.050,0.385,0.565
233500,0.050,0.353,0.597
234000,0.055,0.375,0.570
234500,0.051,0.467,0.482
235000,0.050,0.493,0.457
235500,0.050,0.475,0.475
236000,0.050,0.406,0.544
236500,0.050,0.423,0.527
237000,0.053,0.375,0.572
237500,0.050,0.374,0.576
238000,0.054,0.471,0.475
238500,0.050,0.411,0.539
239000,0.050,0.486,0.464
239500,0.050,0.369,0.581
240000,0.054,0.394,0.552
240500,0.052,0.352,0.596
241000,0.060,0.346,0.594
241500,0.051,0.418,0.531
242000,0.057,0.357,0.586
242500,0.050,0.354,0.596
243000,0.054,0.455,0.491
243500,0.050,0.440,0.510
244000,0.050,0.425,0.525
244500,0.050,0.333,0.617
245000,0.050,0.420,0.530
245500,0.050,0.460,0.490
246000,0.057,0.331,0.612
246500,0.051,0.431,0.518
247000,0.056,0.368,0.576
247500,0.050,0.336,0.614
248000,0.050,0.429,0.521
248500,0.050,0.533,0.417
249000,0.050,0.449,0.501
249500,0.050,0.534,0.416
250000,0.050,0.491,0.459
250500,0.050,0.487,0.463
251000,0.050,0.445,0.505
251500,0.055,0.370,0.575
252000,0.051,0.493,0.456
252500,0.050,0.439,0.511
253000,0.051,0.438,0.511
253500,0.050,0.519,0.431
254000,0.050,0.462,0.488
254500,0.050,0.506,0.444
255000,0.050,0.490,0.460
255500,0.050,0.460,0.490
256000,0.050,0.369,0.581
256500,0.050,0.447,0.503
257000,0.050,0.493,0.457
257500,0.050,0.473,0.477
258000,0.050,0.461,0.489
258500,0.050,0.385,0.565
259000,0.050,0.438,0.512
259500,0.050,0.512,0.438
260000,0.050,0.438,0.512
260500,0.050,0.425,0.525
261000,0.050,0.418,0.532
261500,0.050,0.513,0.437
262000,0.050,0.569,0.381
262500,0.052,0.412,0.536
263000,0.050,0.424,0.526
263500,0.050,0.426,0.524
264000,0.050,0.469,0.481
264500,0.050,0.513,0.437
265000,0.050,0.456,0.494
265500,0.050,0.373,0.577
266000,0.050,0.429,0.521
266500,0.054,0.392,0.554
267000,0.051,0.350,0.599
267500,0.050,0.387,0.563
268000,0.050,0.397,0.553
268500,0.055,0.349,0.596
269000,0.051,0.366,0.583
269500,0.050,0.401,0.549
270000,0.050,0.471,0.479
270500,0.050,0.423,0.527
271000,0.056,0.361,0.583
271500,0.050,0.454,0.496
272000,0.050,0.491,0.459
272500,0.050,0.404,0.546
273000,0.050,0.407,0.543
273500,0.050,0.378,0.572
274000,0.050,0.361,0.589
274500,0.050,0.451,0.499
275000,0.055,0.440,0.505
275500,0.051,0.382,0.567
276000,0.050,0.394,0.556
276500,0.052,0.410,0.538
277000,0.050,0.383,0.567
277500,0.055,0.360,0.585
278000,0.050,0.458,0.492
278500,0.050,0.572,0.378
279000,0.050,0.415,0.535
279500,0.050,0.423,0.527
280000,0.050,0.498,0.452
280500,0.050,0.482,0.468
281000,0.050,0.483,0.467
281500,0.063,0.338,0.599
282000,0.050,0.430,0.520
282500,0.050,0.410,0.540
283000,0.050,0.546,0.404
283500,0.050,0.484,0.466
284000,0.050,0.495,0.455
284500,0.052,0.394,0.554
285000,0.050,0.376,0.574
285500,0.050,0.358,0.592
286000,0.051,0.368,0.581
286500,0.050,0.425,0.525
287000,0.050,0.348,0.602
287500,0.050,0.428,0.522
288000,0.050,0.447,0.503
288500,0.050,0.442,0.508
289000,0.050,0.432,0.518
289500,0.051,0.396,0.553
290000,0.050,0.397,0.553
290500,0.052,0.442,0.506
291000,0.050,0.366,0.584
291500,0.050,0.392,0.558
292000,0.051,0.405,0.544
292500,0.050,0.506,0.444
293000,0.050,0.539,0.411
293500,0.050,0.478,0.472
294000,0.050,0.552,0.398
294500,0.050,0.412,0.538
295000,0.050,0.516,0.434
295500,0.050,0.395,0.555
296000,0.050,0.453,0.497
296500,0.051,0.375,0.574
297000,0.051,0.278,0.671
297500,0.051,0.372,0.577
298000,0.050,0.431,0.519
298500,0.050,0.549,0.401
299000,0.050,0.475,0.475
299500,0.050,0.447,0.503
300000,0.050,0.520,0.430
300500,0.050,0.417,0.533
301000,0.050,0.368,0.582
301500,0.050,0.420,0.530
302000,0.050,0.500,0.450
302500,0.054,0.407,0.539
303000,0.050,0.476,0.474
303500,0.050,0.518,0.432
304000,0.050,0.522,0.428
304500,0.050,0.471,0.479
305000,0.057,0.417,0.526
305500,0.057,0.330,0.613
306000,0.053,0.370,0.577
306500,0.050,0.372,0.578
307000,0.050,0.363,0.587
307500,0.050,0.394,0.556
308000,0.050,0.462,0.488
308500,0.050,0.572,0.378
309000,0.050,0.500,0.450
309500,0.050,0.494,0.456
310000,0.050,0.436,0.514
310500,0.052,0.392,0.556
311000,0.054,0.451,0.495
311500,0.051,0.441,0.508
312000,0.050,0.533,0.417
312500,0.050,0.472,0.478
313000,0.050,0.463,0.487
313500,0.050,0.456,0.494
314000,0.050,0.444,0.506
314500,0.050,0.332,0.618
315000,0.051,0.312,0.637
315500,0.050,0.360,0.590
316000,0.050,0.362,0.588
316500,0.050,0.469,0.481
317000,0.050,0.427,0.523
317500,0.050,0.429,0.521
318000,0.050,0.469,0.481
318500,0.050,0.407,0.543
319000,0.050,0.507,0.443
319500,0.056,0.430,0.514
320000,0.051,0.392,0.557
320500,0.054,0.381,0.565
321000,0.054,0.478,0.468
321500,0.050,0.443,0.507
322000,0.050,0.438,0.512
322500,0.050,0.411,0.539
323000,0.050,0.398,0.552
323500,0.050,0.420,0.530
324000,0.050,0.412,0.538
324500,0.050,0.452,0.498
325000,0.050,0.470,0.480
325500,0.052,0.391,0.557
326000,0.050,0.443,0.507
326500,0.050,0.408,0.542
327000,0.050,0.464,0.486
327500,0.050,0.404,0.546
328000,0.050,0.517,0.433
328500,0.050,0.437,0.513
329000,0.050,0.381,0.569
329500,0.050,0.511,0.439
330000,0.050,0.475,0.475
330500,0.050,0.470,0.480
331000,0.050,0.408,0.542
331500,0.050,0.355,0.595
332000,0.050,0.433,0.517
332500,0.050,0.473,0.477
333000,0.050,0.408,0.542
333500,0.052,0.347,0.601
334000,0.050,0.406,0.544
334500,0.050,0.431,0.519
335000,0.050,0.361,0.589
335500,0.050,0.506,0.444
336000,0.050,0.501,0.449
336500,0.050,0.482,0.468
337000,0.050,0.454,0.496
337500,0.050,0.477,0.473
338000,0.050,0.506,0.444
338500,0.050,0.353,0.597
339000,0.051,0.364,0.585
339500,0.050,0.456,0.494
340000,0.052,0.406,0.542
340500,0.050,0.450,0.500
341000,0.050,0.333,0.617
341500,0.050,0.396,0.554
342000,0.050,0.464,0.486
342500,0.050,0.385,0.565
343000,0.050,0.470,0.480
343500,0.050,0.442,0.508
344000,0.050,0.352,0.598
344500,0.053,0.312,0.635
345000,0.050,0.297,0.653
345500,0.050,0.328,0.622
346000,0.050,0.469,0.481
346500,0.050,0.399,0.551
347000,0.053,0.468,0.479
347500,0.050,0.437,0.513
348000,0.050,0.473,0.477
348500,0.050,0.344,0.606
349000,0.050,0.443,0.507
349500,0.052,0.319,0.629
350000,0.054,0.413,0.533
350500,0.050,0.507,0.443
351000,0.050,0.391,0.559
351500,0.050,0.431,0.519
352000,0.050,0.378,0.572
352500,0.050,0.448,0.502
353000,0.050,0.389,0.561
353500,0.050,0.488,0.462
354000,0.050,0.480,0.470
354500,0.050,0.499,0.451
355000,0.051,0.424,0.525
355500,0.051,0.409,0.540
356000,0.061,0.367,0.572
356500,0.050,0.408,0.542
357000,0.052,0.363,0.585
357500,0.052,0.357,0.591
358000,0.050,0.403,0.547
358500,0.050,0.501,0.449
359000,0.050,0.543,0.407
359500,0.050,0.480,0.470
360000,0.050,0.482,0.468
360500,0.050,0.441,0.509
361000,0.050,0.458,0.492
361500,0.050,0.470,0.480
362000,0.052,0.494,0.454
362500,0.050,0.522,0.428
363000,0.050,0.448,0.502
363500,0.050,0.425,0.525
364000,0.050,0.442,0.508
364500,0.050,0.549,0.401
365000,0.050,0.524,0.426
365500,0.050,0.491,0.459
366000,0.050,0.468,0.482
366500,0.050,0.492,0.458
367000,0.050,0.419,0.531
367500,0.050,0.473,0.477
368000,0.050,0.432,0.518
368500,0.050,0.418,0.532
369000,0.050,0.390,0.560
369500,0.050,0.439,0.511
370000,0.054,0.449,0.497
370500,0.050,0.437,0.513
371000,0.050,0.499,0.451
371500,0.050,0.510,0.440
372000,0.050,0.546,0.404
372500,0.050,0.424,0.526
373000,0.050,0.405,0.545
373500,0.050,0.436,0.514
374000,0.050,0.502,0.448
374500,0.050,0.357,0.593
375000,0.050,0.457,0.493
375500,0.060,0.324,0.616
376000,0.054,0.424,0.522
376500,0.050,0.432,0.518
377000,0.050,0.423,0.527
377500,0.050,0.382,0.568
378000,0.050,0.348,0.602
378500,0.052,0.450,0.498
379000,0.050,0.353,0.597
379500,0.050,0.442,0.508
380000,0.050,0.350,0.600
380500,0.050,0.423,0.527
381000,0.050,0.360,0.590
381500,0.050,0.406,0.544
382000,0.061,0.425,0.514
382500,0.052,0.348,0.600
383000,0.050,0.494,0.456
383500,0.050,0.473,0.477
384000,0.050,0.470,0.480
384500,0.060,0.354,0.586
385000,0.050,0.427,0.523
385500,0.050,0.421,0.529
386000,0.050,0.483,0.467
386500,0.050,0.443,0.507
387000,0.050,0.496,0.454
387500,0.050,0.408,0.542
388000,0.050,0.412,0.538
388500,0.051,0.357,0.592
389000,0.050,0.338,0.612
389500,0.050,0.497,0.453
390000,0.050,0.494,0.456
390500,0.050,0.427,0.523
391000,0.050,0.398,0.552
391500,0.052,0.347,0.601
392000,0.050,0.469,0.481
392500,0.050,0.381,0.569
393000,0.050,0.502,0.448
393500,0.050,0.494,0.456
394000,0.050,0.469,0.481
394500,0.050,0.377,0.573
395000,0.050,0.481,0.469
395500,0.050,0.443,0.507
396000,0.050,0.393,0.557
396500,0.050,0.468,0.482
397000,0.051,0.460,0.489
397500,0.055,0.460,0.485
398000,0.050,0.418,0.532
398500,0.050,0.464,0.486
399000,0.050,0.435,0.515
399500,0.050,0.474,0.476
400000,0.050,0.512,0.438
400500,0.050,0.499,0.451
401000,0.050,0.433,0.517
401500,0.050,0.490,0.460
402000,0.062,0.401,0.537
402500,0.051,0.476,0.473
403000,0.050,0.420,0.530
403500,0.050,0.528,0.422
404000,0.050,0.519,0.431
404500,0.050,0.435,0.515
405000,0.050,0.397,0.553
405500,0.050,0.553,0.397
406000,0.050,0.476,0.474
406500,0.050,0.453,0.497
407000,0.050,0.537,0.413
407500,0.050,0.459,0.491
408000,0.050,0.490,0.460
408500,0.050,0.469,0.481
409000,0.050,0.405,0.545
409500,0.050,0.498,0.452
410000,0.050,0.424,0.526
410500,0.055,0.403,0.542
411000,0.050,0.412,0.538
411500,0.050,0.369,0.581
412000,0.050,0.420,0.530
412500,0.051,0.415,0.534
413000,0.062,0.287,0.651
413500,0.050,0.419,0.531
414000,0.050,0.379,0.571
414500,0.050,0.390,0.560
415000,0.050,0.513,0.437
415500,0.050,0.452,0.498
416000,0.050,0.376,0.574
416500,0.050,0.493,0.457
417000,0.050,0.371,0.579
417500,0.051,0.375,0.574
418000,0.050,0.441,0.509
418500,0.050,0.398,0.552
419000,0.050,0.491,0.459
419500,0.050,0.473,0.477
420000,0.050,0.338,0.612
420500,0.054,0.330,0.616
421000,0.051,0.459,0.490
421500,0.050,0.481,0.469
422000,0.050,0.517,0.433
422500,0.050,0.499,0.451
423000,0.050,0.430,0.520
423500,0.050,0.434,0.516
424000,0.050,0.370,0.580
424500,0.054,0.388,0.558
425000,0.050,0.498,0.452
425500,0.050,0.486,0.464
426000,0.050,0.476,0.474
426500,0.050,0.446,0.504
427000,0.054,0.355,0.591
427500,0.055,0.412,0.533
428000,0.050,0.435,0.515
428500,0.051,0.340,0.609
429000,0.050,0.406,0.544
429500,0.050,0.426,0.524
430000,0.050,0.535,0.415
430500,0.050,0.442,0.508
431000,0.050,0.381,0.569
431500,0.050,0.435,0.515
432000,0.050,0.451,0.499
432500,0.050,0.530,0.420
433000,0.052,0.517,0.431
433500,0.050,0.425,0.525
434000,0.050,0.574,0.376
434500,0.050,0.488,0.462
435000,0.050,0.370,0.580
435500,0.050,0.569,0.381
436000,0.050,0.427,0.523
436500,0.050,0.453,0.497
437000,0.050,0.432,0.518
437500,0.050,0.447,0.503
438000,0.051,0.472,0.477
438500,0.050,0.397,0.553
439000,0.050,0.325,0.625
439500,0.052,0.368,0.580
440000,0.051,0.419,0.530
440500,0.050,0.443,0.507
441000,0.050,0.441,0.509
441500,0.050,0.449,0.501
442000,0.050,0.340,0.610
442500,0.051,0.384,0.565
443000,0.050,0.344,0.606
443500,0.050,0.458,0.492
444000,0.050,0.479,0.471
444500,0.050,0.477,0.473
445000,0.050,0.571,0.379
445500,0.050,0.467,0.483
446000,0.050,0.515,0.435
446500,0.050,0.418,0.532
447000,0.050,0.368,0.582
447500,0.051,0.426,0.523
448000,0.050,0.440,0.510
448500,0.050,0.482,0.468
449000,0.050,0.504,0.446
449500,0.050,0.457,0.493
450000,0.050,0.479,0.471
450500,0.050,0.385,0.565
451000,0.050,0.435,0.515
451500,0.050,0.477,0.473
452000,0.050,0.474,0.476
452500,0.050,0.361,0.589
453000,0.050,0.457,0.493
453500,0.050,0.425,0.525
454000,0.050,0.438,0.512
454500,0.050,0.445,0.505
455000,0.050,0.441,0.509
455500,0.050,0.380,0.570
456000,0.050,0.405,0.545
456500,0.050,0.563,0.387
457000,0.050,0.382,0.568
457500,0.050,0.452,0.498
458000,0.050,0.415,0.535
458500,0.050,0.401,0.549
459000,0.050,0.500,0.450
459500,0.055,0.441,0.504
460000,0.050,0.464,0.486
460500,0.050,0.415,0.535
461000,0.050,0.494,0.456
461500,0.050,0.459,0.491
462000,0.050,0.458,0.492
462500,0.050,0.451,0.499
463000,0.050,0.328,0.622
463500,0.050,0.451,0.499
464000,0.050,0.478,0.472
464500,0.050,0.479,0.471
465000,0.050,0.405,0.545
465500,0.050,0.477,0.473
466000,0.050,0.420,0.530
466500,0.050,0.407,0.543
467000,0.050,0.437,0.513
467500,0.050,0.433,0.517
468000,0.050,0.396,0.554
468500,0.050,0.374,0.576
469000,0.051,0.422,0.527
469500,0.050,0.420,0.530
470000,0.050,0.491,0.459
470500,0.050,0.416,0.534
471000,0.050,0.430,0.520
471500,0.050,0.473,0.477
472000,0.050,0.397,0.553
472500,0.055,0.336,0.609
473000,0.050,0.361,0.589
473500,0.050,0.499,0.451
474000,0.054,0.388,0.558
474500,0.050,0.430,0.520
475000,0.050,0.388,0.562
475500,0.050,0.487,0.463
476000,0.050,0.419,0.531
476500,0.050,0.481,0.469
477000,0.050,0.435,0.515
477500,0.050,0.471,0.479
478000,0.050,0.459,0.491
478500,0.050,0.415,0.535
479000,0.050,0.443,0.507
479500,0.050,0.462,0.488
480000,0.050,0.429,0.521
480500,0.050,0.546,0.404
481000,0.050,0.445,0.505
481500,0.050,0.517,0.433
482000,0.050,0.398,0.552
482500,0.060,0.428,0.512
483000,0.050,0.481,0.469
483500,0.050,0.443,0.507
484000,0.057,0.403,0.540
484500,0.051,0.417,0.532
485000,0.050,0.453,0.497
485500,0.058,0.471,0.471
486000,0.050,0.342,0.608
486500,0.050,0.429,0.521
487000,0.050,0.450,0.500
487500,0.050,0.469,0.481
488000,0.052,0.402,0.546
488500,0.052,0.382,0.566
489000,0.050,0.446,0.504
489500,0.050,0.444,0.506
490000,0.051,0.471,0.478
490500,0.050,0.402,0.548
491000,0.050,0.516,0.434
491500,0.050,0.439,0.511
492000,0.050,0.433,0.517
492500,0.050,0.503,0.447
493000,0.050,0.450,0.500
493500,0.050,0.474,0.476
494000,0.050,0.474,0.476
494500,0.050,0.482,0.468
495000,0.050,0.494,0.456
495500,0.050,0.491,0.459
496000,0.050,0.542,0.408
496500,0.050,0.494,0.456
497000,0.058,0.355,0.587
497500,0.050,0.450,0.500
498000,0.050,0.375,0.575
498500,0.059,0.403,0.538
499000,0.050,0.499,0.451
499500,0.050,0.501,0.449
500000,0.050,0.467,0.483
500500,0.050,0.451,0.499
501000,0.050,0.524,0.426
501500,0.050,0.491,0.459
502000,0.050,0.476,0.474
502500,0.050,0.456,0.494
503000,0.056,0.378,0.566
503500,0.050,0.411,0.539
504000,0.050,0.396,0.554
504500,0.050,0.396,0.554
505000,0.050,0.416,0.534
505500,0.058,0.322,0.620
506000,0.053,0.372,0.575
506500,0.059,0.484,0.457
507000,0.050,0.497,0.453
507500,0.050,0.389,0.561
508000,0.050,0.368,0.582
508500,0.050,0.472,0.478
509000,0.050,0.477,0.473
509500,0.050,0.433,0.517
510000,0.050,0.496,0.454
510500,0.050,0.420,0.530
511000,0.050,0.464,0.486
511500,0.050,0.421,0.529
512000,0.050,0.332,0.618
512500,0.050,0.471,0.479
513000,0.050,0.428,0.522
513500,0.050,0.415,0.535
514000,0.056,0.436,0.508
514500,0.050,0.523,0.427
515000,0.050,0.451,0.499
515500,0.050,0.482,0.468
516000,0.050,0.555,0.395
516500,0.051,0.449,0.500
517000,0.050,0.491,0.459
517500,0.050,0.487,0.463
518000,0.050,0.464,0.486
518500,0.050,0.336,0.614
519000,0.056,0.298,0.646
519500,0.054,0.375,0.571
520000,0.050,0.473,0.477
520500,0.050,0.501,0.449
521000,0.050,0.443,0.507
521500,0.050,0.489,0.461
522000,0.050,0.524,0.426
522500,0.050,0.471,0.479
523000,0.050,0.462,0.488
523500,0.050,0.423,0.527
524000,0.050,0.436,0.514
524500,0.050,0.450,0.500
525000,0.050,0.444,0.506
525500,0.050,0.496,0.454
526000,0.050,0.460,0.490
526500,0.053,0.371,0.576
527000,0.050,0.431,0.519
527500,0.050,0.459,0.491
528000,0.050,0.473,0.477
528500,0.050,0.494,0.456
529000,0.078,0.298,0.624
529500,0.054,0.391,0.555
530000,0.073,0.280,0.647
530500,0.051,0.411,0.538
531000,0.050,0.429,0.521
531500,0.050,0.539,0.411
532000,0.050,0.497,0.453
532500,0.050,0.411,0.539
533000,0.050,0.369,0.581
533500,0.053,0.348,0.599
534000,0.053,0.342,0.605
534500,0.050,0.370,0.580
535000,0.052,0.379,0.569
535500,0.050,0.435,0.515
536000,0.050,0.463,0.487
536500,0.050,0.406,0.544
537000,0.050,0.353,0.597
537500,0.057,0.367,0.576
538000,0.050,0.428,0.522
538500,0.050,0.422,0.528
539000,0.050,0.474,0.476
539500,0.050,0.395,0.555
540000,0.050,0.434,0.516
540500,0.050,0.459,0.491
541000,0.050,0.367,0.583
541500,0.052,0.445,0.503
542000,0.050,0.369,0.581
542500,0.050,0.476,0.474
543000,0.050,0.468,0.482
543500,0.050,0.560,0.390
544000,0.050,0.516,0.434
544500,0.053,0.368,0.579
545000,0.050,0.395,0.555
545500,0.050,0.569,0.381
546000,0.050,0.600,0.350
546500,0.050,0.497,0.453
547000,0.050,0.495,0.455
547500,0.050,0.458,0.492
548000,0.059,0.379,0.562
548500,0.050,0.465,0.485
549000,0.050,0.350,0.600
549500,0.052,0.274,0.674
550000,0.053,0.355,0.592
550500,0.050,0.417,0.533
551000,0.050,0.546,0.404
551500,0.050,0.484,0.466
552000,0.055,0.439,0.506
552500,0.050,0.449,0.501
553000,0.050,0.351,0.599
553500,0.051,0.353,0.596
554000,0.057,0.436,0.507
554500,0.050,0.427,0.523
555000,0.050,0.410,0.540
555500,0.050,0.425,0.525
556000,0.050,0.427,0.523
556500,0.052,0.420,0.528
557000,0.051,0.392,0.557
557500,0.051,0.455,0.494
558000,0.050,0.371,0.579
558500,0.050,0.364,0.586
559000,0.050,0.457,0.493
559500,0.050,0.377,0.573
560000,0.050,0.463,0.487
560500,0.050,0.426,0.524
561000,0.050,0.477,0.473
561500,0.050,0.516,0.434
562000,0.050,0.407,0.543
562500,0.050,0.544,0.406
563000,0.050,0.418,0.532
563500,0.050,0.454,0.496
564000,0.050,0.545,0.405
564500,0.050,0.549,0.401
565000,0.050,0.451,0.499
565500,0.050,0.441,0.509
566000,0.050,0.466,0.484
566500,0.050,0.532,0.418
567000,0.050,0.479,0.471
567500,0.055,0.439,0.506
568000,0.054,0.396,0.550
568500,0.050,0.366,0.584
569000,0.057,0.357,0.586
569500,0.051,0.429,0.520
570000,0.050,0.467,0.483
570500,0.050,0.493,0.457
571000,0.054,0.385,0.561
571500,0.052,0.399,0.549
572000,0.050,0.385,0.565
572500,0.059,0.323,0.618
573000,0.050,0.352,0.598
573500,0.060,0.436,0.504
574000,0.050,0.429,0.521
574500,0.050,0.431,0.519
575000,0.050,0.408,0.542
575500,0.056,0.361,0.583
576000,0.052,0.397,0.551
576500,0.050,0.401,0.549
577000,0.053,0.429,0.518
577500,0.062,0.350,0.588
578000,0.058,0.388,0.554
578500,0.050,0.353,0.597
579000,0.050,0.511,0.439
579500,0.050,0.432,0.518
580000,0.050,0.314,0.636
580500,0.050,0.385,0.565
581000,0.052,0.444,0.504
581500,0.050,0.462,0.488
582000,0.050,0.481,0.469
582500,0.050,0.507,0.443
583000,0.050,0.389,0.561
583500,0.050,0.352,0.598
584000,0.055,0.314,0.631
584500,0.050,0.417,0.533
585000,0.050,0.396,0.554
585500,0.051,0.456,0.493
586000,0.050,0.394,0.556
586500,0.050,0.466,0.484
587000,0.050,0.418,0.532
587500,0.050,0.382,0.568
588000,0.050,0.436,0.514
588500,0.050,0.447,0.503
589000,0.050,0.447,0.503
589500,0.060,0.374,0.566
590000,0.055,0.416,0.529
590500,0.051,0.426,0.523
591000,0.050,0.431,0.519
591500,0.050,0.487,0.463
592000,0.050,0.475,0.475
592500,0.050,0.377,0.573
593000,0.062,0.373,0.565
593500,0.051,0.361,0.588
594000,0.064,0.282,0.654
594500,0.053,0.384,0.563
595000,0.050,0.434,0.516
595500,0.050,0.483,0.467
596000,0.050,0.458,0.492
596500,0.050,0.514,0.436
597000,0.050,0.436,0.514
597500,0.050,0.495,0.455
598000,0.050,0.334,0.616
598500,0.050,0.446,0.504
599000,0.050,0.415,0.535
599500,0.050,0.530,0.420
600000,0.050,0.563,0.387
600500,0.050,0.516,0.434
601000,0.050,0.531,0.419
601500,0.050,0.492,0.458
602000,0.050,0.457,0.493
602500,0.050,0.514,0.436
603000,0.050,0.492,0.458
603500,0.050,0.425,0.525
604000,0.050,0.390,0.560
604500,0.050,0.454,0.496
605000,0.050,0.486,0.464
605500,0.050,0.421,0.529
606000,0.050,0.491,0.459
606500,0.050,0.474,0.476
607000,0.050,0.351,0.599
607500,0.050,0.487,0.463
608000,0.050,0.369,0.581
608500,0.050,0.358,0.592
609000,0.050,0.399,0.551
609500,0.050,0.477,0.473
610000,0.050,0.454,0.496
610500,0.050,0.406,0.544
611000,0.050,0.392,0.558
611500,0.050,0.547,0.403
612000,0.050,0.426,0.524
612500,0.050,0.491,0.459
613000,0.050,0.532,0.418
613500,0.050,0.492,0.458
614000,0.054,0.388,0.558
614500,0.050,0.431,0.519
615000,0.050,0.447,0.503
615500,0.050,0.434,0.516
616000,0.050,0.413,0.537
616500,0.050,0.464,0.486
617000,0.050,0.460,0.490
617500,0.059,0.390,0.551
618000,0.050,0.379,0.571
618500,0.050,0.478,0.472
619000,0.050,0.509,0.441
619500,0.050,0.435,0.515
620000,0.050,0.430,0.520
620500,0.050,0.398,0.552
621000,0.052,0.414,0.534
621500,0.051,0.401,0.548
622000,0.050,0.410,0.540
622500,0.050,0.447,0.503
623000,0.050,0.488,0.462
623500,0.050,0.358,0.592
624000,0.052,0.363,0.585
624500,0.050,0.415,0.535
625000,0.056,0.406,0.538
625500,0.055,0.349,0.596
626000,0.051,0.455,0.494
626500,0.050,0.439,0.511
627000,0.050,0.444,0.506
627500,0.050,0.468,0.482
628000,0.050,0.432,0.518
628500,0.050,0.496,0.454
629000,0.050,0.383,0.567
629500,0.052,0.429,0.519
630000,0.050,0.507,0.443
630500,0.050,0.545,0.405
631000,0.050,0.456,0.494
631500,0.050,0.486,0.464
632000,0.050,0.512,0.438
632500,0.050,0.421,0.529
633000,0.051,0.447,0.502
633500,0.050,0.372,0.578
634000,0.054,0.335,0.611
634500,0.051,0.436,0.513
635000,0.050,0.422,0.528
635500,0.051,0.433,0.516
636000,0.050,0.404,0.546
636500,0.051,0.449,0.500
637000,0.050,0.522,0.428
637500,0.050,0.434,0.516
638000,0.050,0.418,0.532
638500,0.050,0.453,0.497
639000,0.050,0.476,0.474
639500,0.050,0.497,0.453
640000,0.050,0.531,0.419
640500,0.052,0.392,0.556
641000,0.050,0.380,0.570
641500,0.050,0.402,0.548
642000,0.050,0.336,0.614
642500,0.053,0.364,0.583
643000,0.051,0.332,0.617
643500,0.052,0.411,0.537
644000,0.050,0.423,0.527
644500,0.050,0.428,0.522
645000,0.050,0.430,0.520
645500,0.055,0.338,0.607
646000,0.050,0.410,0.540
646500,0.050,0.408,0.542
647000,0.052,0.374,0.574
647500,0.050,0.363,0.587
648000,0.050,0.343,0.607
648500,0.050,0.506,0.444
649000,0.050,0.398,0.552
649500,0.050,0.470,0.480
650000,0.050,0.426,0.524
650500,0.050,0.485,0.465
651000,0.050,0.463,0.487
651500,0.054,0.335,0.611
652000,0.050,0.417,0.533
652500,0.050,0.467,0.483
653000,0.050,0.500,0.450
653500,0.050,0.463,0.487
654000,0.050,0.382,0.568
654500,0.050,0.364,0.586
655000,0.050,0.487,0.463
655500,0.050,0.423,0.527
656000,0.050,0.447,0.503
656500,0.050,0.493,0.457
657000,0.050,0.441,0.509
657500,0.050,0.422,0.528
658000,0.050,0.373,0.577
658500,0.050,0.373,0.577
659000,0.050,0.447,0.503
659500,0.050,0.510,0.440
660000,0.050,0.518,0.432
660500,0.050,0.404,0.546
661000,0.057,0.353,0.590
661500,0.050,0.460,0.490
662000,0.050,0.485,0.465
662500,0.050,0.404,0.546
663000,0.050,0.400,0.550
663500,0.050,0.435,0.515
664000,0.050,0.487,0.463
664500,0.050,0.560,0.390
665000,0.050,0.441,0.509
665500,0.050,0.492,0.458
666000,0.050,0.388,0.562
666500,0.059,0.362,0.579
667000,0.058,0.425,0.517
667500,0.050,0.468,0.482
668000,0.050,0.557,0.393
668500,0.050,0.538,0.412
669000,0.050,0.482,0.468
669500,0.050,0.485,0.465
670000,0.050,0.503,0.447
670500,0.050,0.401,0.549
671000,0.050,0.342,0.608
671500,0.050,0.402,0.548
672000,0.050,0.445,0.505
672500,0.050,0.500,0.450
673000,0.050,0.447,0.503
673500,0.050,0.552,0.398
674000,0.050,0.425,0.525
674500,0.050,0.378,0.572
675000,0.059,0.385,0.556
675500,0.060,0.355,0.585
676000,0.055,0.397,0.548
676500,0.050,0.365,0.585
677000,0.051,0.437,0.512
677500,0.050,0.402,0.548
678000,0.050,0.414,0.536
678500,0.050,0.425,0.525
679000,0.050,0.454,0.496
679500,0.050,0.454,0.496
680000,0.050,0.514,0.436
680500,0.050,0.458,0.492
681000,0.050,0.430,0.520
681500,0.050,0.415,0.535
682000,0.050,0.470,0.480
682500,0.050,0.493,0.457
683000,0.050,0.495,0.455
683500,0.050,0.489,0.461
684000,0.050,0.511,0.439
684500,0.050,0.552,0.398
685000,0.050,0.496,0.454
685500,0.050,0.539,0.411
686000,0.050,0.466,0.484
686500,0.050,0.398,0.552
687000,0.050,0.413,0.537
687500,0.050,0.411,0.539
688000,0.050,0.443,0.507
688500,0.050,0.403,0.547
689000,0.050,0.410,0.540
689500,0.050,0.450,0.500
690000,0.050,0.419,0.531
690500,0.050,0.483,0.467
691000,0.050,0.507,0.443
691500,0.050,0.489,0.461
692000,0.050,0.379,0.571
692500,0.051,0.339,0.610
693000,0.050,0.362,0.588
693500,0.050,0.383,0.567
694000,0.050,0.492,0.458
694500,0.050,0.601,0.349
695000,0.050,0.515,0.435
695500,0.050,0.462,0.488
696000,0.050,0.488,0.462
696500,0.051,0.383,0.566
697000,0.050,0.387,0.563
697500,0.050,0.518,0.432
698000,0.052,0.344,0.604
698500,0.050,0.462,0.488
699000,0.050,0.464,0.486
699500,0.050,0.494,0.456
700000,0.050,0.554,0.396
700500,0.050,0.536,0.414
701000,0.050,0.459,0.491
701500,0.050,0.446,0.504
702000,0.050,0.567,0.383
702500,0.062,0.397,0.541
703000,0.050,0.489,0.461
703500,0.050,0.381,0.569
704000,0.050,0.406,0.544
704500,0.050,0.416,0.534
705000,0.050,0.438,0.512
705500,0.050,0.493,0.457
706000,0.050,0.479,0.471
706500,0.058,0.421,0.521
707000,0.050,0.403,0.547
707500,0.050,0.371,0.579
708000,0.054,0.386,0.560
708500,0.053,0.390,0.557
709000,0.050,0.459,0.491
709500,0.050,0.444,0.506
710000,0.050,0.368,0.582
710500,0.057,0.320,0.623
711000,0.050,0.340,0.610
711500,0.050,0.438,0.512
712000,0.052,0.384,0.564
712500,0.050,0.442,0.508
713000,0.053,0.340,0.607
713500,0.050,0.339,0.611
714000,0.051,0.355,0.594
714500,0.050,0.490,0.460
715000,0.050,0.403,0.547
715500,0.060,0.361,0.579
716000,0.050,0.366,0.584
716500,0.050,0.391,0.559
717000,0.050,0.624,0.326
717500,0.050,0.508,0.442
718000,0.050,0.449,0.501
718500,0.050,0.503,0.447
719000,0.050,0.391,0.559
719500,0.050,0.310,0.640
720000,0.050,0.412,0.538
720500,0.050,0.535,0.415
721000,0.050,0.512,0.438
721500,0.050,0.429,0.521
722000,0.050,0.472,0.478
722500,0.050,0.400,0.550
723000,0.050,0.589,0.361
723500,0.050,0.539,0.411
724000,0.050,0.421,0.529
724500,0.050,0.453,0.497
725000,0.050,0.401,0.549
725500,0.050,0.471,0.479
726000,0.050,0.506,0.444
726500,0.050,0.505,0.445
727000,0.055,0.318,0.627
727500,0.050,0.410,0.540
728000,0.050,0.511,0.439
728500,0.050,0.427,0.523
729000,0.050,0.441,0.509
729500,0.050,0.375,0.575
730000,0.050,0.459,0.491
730500,0.058,0.397,0.545
731000,0.050,0.508,0.442
731500,0.050,0.559,0.391
732000,0.050,0.474,0.476
732500,0.050,0.515,0.435
733000,0.050,0.423,0.527
733500,0.056,0.417,0.527
734000,0.050,0.473,0.477
734500,0.050,0.423,0.527
735000,0.056,0.450,0.494
735500,0.050,0.422,0.528
736000,0.050,0.439,0.511
736500,0.050,0.352,0.598
737000,0.050,0.560,0.390
737500,0.050,0.497,0.453
738000,0.050,0.529,0.421
738500,0.050,0.400,0.550
739000,0.050,0.455,0.495
739500,0.050,0.432,0.518
740000,0.050,0.462,0.488
740500,0.050,0.534,0.416
741000,0.050,0.442,0.508
741500,0.050,0.492,0.458
742000,0.050,0.372,0.578
742500,0.050,0.437,0.513
743000,0.050,0.424,0.526
743500,0.061,0.385,0.554
744000,0.051,0.397,0.552
744500,0.050,0.475,0.475
745000,0.050,0.361,0.589
745500,0.050,0.379,0.571
746000,0.050,0.575,0.375
746500,0.050,0.402,0.548
747000,0.050,0.482,0.468
747500,0.050,0.572,0.378
748000,0.050,0.396,0.554
748500,0.059,0.370,0.571
749000,0.054,0.336,0.610
749500,0.051,0.458,0.491
750000,0.050,0.461,0.489
750500,0.050,0.491,0.459
751000,0.051,0.511,0.438
751500,0.050,0.454,0.496
752000,0.050,0.575,0.375
752500,0.050,0.543,0.407
753000,0.050,0.494,0.456
753500,0.050,0.404,0.546
754000,0.050,0.414,0.536
754500,0.050,0.590,0.360
755000,0.050,0.541,0.409
755500,0.050,0.487,0.463
756000,0.050,0.428,0.522
756500,0.050,0.470,0.480
757000,0.051,0.374,0.575
757500,0.050,0.401,0.549
758000,0.059,0.412,0.529
758500,0.050,0.322,0.628
759000,0.050,0.357,0.593
759500,0.050,0.381,0.569
760000,0.050,0.487,0.463
760500,0.063,0.408,0.529
761000,0.052,0.346,0.602
761500,0.050,0.383,0.567
762000,0.050,0.431,0.519
762500,0.051,0.356,0.593
763000,0.050,0.466,0.484
763500,0.050,0.420,0.530
764000,0.050,0.459,0.491
764500,0.050,0.419,0.531
765000,0.050,0.472,0.478
765500,0.050,0.474,0.476
766000,0.050,0.426,0.524
766500,0.050,0.448,0.502
767000,0.050,0.350,0.600
767500,0.050,0.474,0.476
768000,0.050,0.474,0.476
768500,0.050,0.487,0.463
769000,0.050,0.510,0.440
769500,0.050,0.387,0.563
770000,0.050,0.468,0.482
770500,0.050,0.610,0.340
771000,0.050,0.482,0.468
771500,0.050,0.433,0.517
772000,0.050,0.501,0.449
772500,0.056,0.395,0.549
773000,0.050,0.498,0.452
773500,0.050,0.489,0.461
774000,0.052,0.407,0.541
774500,0.050,0.456,0.494
775000,0.054,0.370,0.576
775500,0.050,0.423,0.527
776000,0.050,0.484,0.466
776500,0.050,0.468,0.482
777000,0.050,0.497,0.453
777500,0.050,0.542,0.408
778000,0.050,0.444,0.506
778500,0.050,0.432,0.518
779000,0.061,0.318,0.621
779500,0.050,0.489,0.461
780000,0.050,0.441,0.509
780500,0.050,0.398,0.552
781000,0.050,0.408,0.542
781500,0.050,0.404,0.546
782000,0.050,0.420,0.530
782500,0.050,0.433,0.517
783000,0.050,0.475,0.475
783500,0.050,0.415,0.535
784000,0.059,0.397,0.544
784500,0.051,0.429,0.520
785000,0.050,0.453,0.497
785500,0.050,0.578,0.372
786000,0.050,0.507,0.443
786500,0.050,0.424,0.526
787000,0.050,0.464,0.486
787500,0.050,0.504,0.446
788000,0.050,0.485,0.465
788500,0.050,0.446,0.504
789000,0.055,0.428,0.517
789500,0.050,0.496,0.454
790000,0.050,0.413,0.537
790500,0.050,0.428,0.522
791000,0.050,0.525,0.425
791500,0.050,0.520,0.430
792000,0.050,0.449,0.501
792500,0.050,0.479,0.471
793000,0.050,0.498,0.452
793500,0.050,0.539,0.411
794000,0.050,0.571,0.379
794500,0.050,0.538,0.412
795000,0.050,0.447,0.503
795500,0.050,0.345,0.605
796000,0.050,0.436,0.514
796500,0.050,0.438,0.512
797000,0.050,0.475,0.475
797500,0.050,0.352,0.598
798000,0.051,0.483,0.466
798500,0.050,0.447,0.503
799000,0.050,0.407,0.543
799500,0.050,0.411,0.539
800000,0.050,0.484,0.466
800500,0.050,0.376,0.574
801000,0.050,0.400,0.550
801500,0.050,0.328,0.622
802000,0.050,0.340,0.610
802500,0.050,0.370,0.580
803000,0.050,0.372,0.578
803500,0.050,0.371,0.579
804000,0.050,0.401,0.549
804500,0.050,0.375,0.575
805000,0.051,0.325,0.624
805500,0.060,0.331,0.609
806000,0.052,0.399,0.549
806500,0.050,0.418,0.532
807000,0.050,0.483,0.467
807500,0.050,0.448,0.502
808000,0.052,0.431,0.517
808500,0.050,0.479,0.471
809000,0.061,0.388,0.551
809500,0.050,0.449,0.501
810000,0.050,0.585,0.365
810500,0.050,0.471,0.479
811000,0.050,0.527,0.423
811500,0.050,0.458,0.492
812000,0.053,0.428,0.519
812500,0.050,0.372,0.578
813000,0.050,0.454,0.496
813500,0.050,0.459,0.491
814000,0.050,0.415,0.535
814500,0.050,0.408,0.542
815000,0.050,0.498,0.452
815500,0.050,0.391,0.559
816000,0.050,0.438,0.512
816500,0.054,0.382,0.564
817000,0.050,0.455,0.495
817500,0.050,0.474,0.476
818000,0.050,0.476,0.474
818500,0.053,0.413,0.534
819000,0.055,0.360,0.585
819500,0.050,0.412,0.538
820000,0.050,0.498,0.452
820500,0.050,0.549,0.401
821000,0.050,0.520,0.430
821500,0.050,0.460,0.490
822000,0.050,0.456,0.494
822500,0.058,0.394,0.548
823000,0.051,0.420,0.529
823500,0.050,0.373,0.577
824000,0.050,0.425,0.525
824500,0.050,0.372,0.578
825000,0.050,0.440,0.510
825500,0.050,0.360,0.590
826000,0.050,0.337,0.613
826500,0.050,0.427,0.523
827000,0.050,0.538,0.412
827500,0.050,0.412,0.538
828000,0.050,0.420,0.530
828500,0.050,0.454,0.496
829000,0.062,0.372,0.566
829500,0.052,0.357,0.591
830000,0.051,0.364,0.585
830500,0.050,0.448,0.502
831000,0.050,0.484,0.466
831500,0.050,0.474,0.476
832000,0.054,0.450,0.496
832500,0.050,0.492,0.458
833000,0.050,0.479,0.471
833500,0.050,0.591,0.359
834000,0.050,0.477,0.473
834500,0.050,0.457,0.493
835000,0.057,0.379,0.564
835500,0.050,0.406,0.544
836000,0.060,0.388,0.552
836500,0.061,0.344,0.595
837000,0.051,0.431,0.518
837500,0.050,0.508,0.442
838000,0.050,0.507,0.443
838500,0.050,0.455,0.495
839000,0.050,0.469,0.481
839500,0.050,0.396,0.554
840000,0.050,0.509,0.441
840500,0.050,0.459,0.491
841000,0.050,0.426,0.524
841500,0.050,0.553,0.397
842000,0.050,0.492,0.458
842500,0.050,0.464,0.486
843000,0.050,0.392,0.558
843500,0.050,0.358,0.592
844000,0.052,0.432,0.516
844500,0.050,0.477,0.473
845000,0.050,0.438,0.512
845500,0.050,0.579,0.371
846000,0.050,0.434,0.516
846500,0.050,0.452,0.498
847000,0.050,0.395,0.555
847500,0.050,0.433,0.517
848000,0.050,0.378,0.572
848500,0.050,0.443,0.507
849000,0.050,0.451,0.499
849500,0.052,0.399,0.549
850000,0.050,0.469,0.481
850500,0.060,0.440,0.500
851000,0.050,0.508,0.442
851500,0.050,0.417,0.533
852000,0.050,0.398,0.552
852500,0.050,0.437,0.513
853000,0.050,0.445,0.505
853500,0.050,0.399,0.551
854000,0.050,0.499,0.451
854500,0.050,0.503,0.447
855000,0.050,0.409,0.541
855500,0.050,0.393,0.557
856000,0.050,0.461,0.489
856500,0.050,0.527,0.423
857000,0.050,0.484,0.466
857500,0.053,0.407,0.540
858000,0.050,0.393,0.557
858500,0.050,0.367,0.583
859000,0.050,0.493,0.457
859500,0.050,0.564,0.386
860000,0.050,0.513,0.437
860500,0.050,0.374,0.576
861000,0.050,0.396,0.554
861500,0.057,0.414,0.529
862000,0.050,0.401,0.549
862500,0.050,0.391,0.559
863000,0.050,0.442,0.508
863500,0.050,0.554,0.396
864000,0.050,0.489,0.461
864500,0.050,0.433,0.517
865000,0.051,0.348,0.601
865500,0.050,0.394,0.556
866000,0.050,0.379,0.571
866500,0.050,0.346,0.604
867000,0.050,0.458,0.492
867500,0.050,0.493,0.457
868000,0.050,0.469,0.481
868500,0.050,0.368,0.582
869000,0.050,0.447,0.503
869500,0.050,0.427,0.523
870000,0.050,0.474,0.476
870500,0.050,0.449,0.501
871000,0.050,0.385,0.565
871500,0.050,0.465,0.485
872000,0.050,0.382,0.568
872500,0.050,0.401,0.549
873000,0.068,0.346,0.586
873500,0.050,0.362,0.588
874000,0.051,0.390,0.559
874500,0.050,0.487,0.463
875000,0.050,0.549,0.401
875500,0.050,0.460,0.490
876000,0.050,0.398,0.552
876500,0.050,0.385,0.565
877000,0.050,0.532,0.418
877500,0.050,0.402,0.548
878000,0.050,0.401,0.549
878500,0.053,0.368,0.579
879000,0.050,0.311,0.639
879500,0.050,0.502,0.448
880000,0.050,0.477,0.473
880500,0.050,0.464,0.486
881000,0.050,0.380,0.570
881500,0.050,0.471,0.479
882000,0.050,0.488,0.462
882500,0.053,0.469,0.478
883000,0.054,0.384,0.562
883500,0.051,0.447,0.502
884000,0.050,0.287,0.663
884500,0.050,0.336,0.614
885000,0.057,0.419,0.524
885500,0.050,0.379,0.571
886000,0.050,0.448,0.502
886500,0.050,0.481,0.469
887000,0.050,0.401,0.549
887500,0.050,0.460,0.490
888000,0.050,0.490,0.460
888500,0.050,0.519,0.431
889000,0.050,0.465,0.485
889500,0.050,0.366,0.584
890000,0.050,0.383,0.567
890500,0.050,0.426,0.524
891000,0.050,0.494,0.456
891500,0.050,0.504,0.446
892000,0.050,0.424,0.526
892500,0.050,0.441,0.509
893000,0.050,0.420,0.530
893500,0.050,0.471,0.479
894000,0.050,0.515,0.435
894500,0.050,0.476,0.474
895000,0.050,0.457,0.493
895500,0.050,0.446,0.504
896000,0.050,0.507,0.443
896500,0.050,0.495,0.455
897000,0.050,0.492,0.458
897500,0.050,0.465,0.485
898000,0.050,0.496,0.454
898500,0.050,0.487,0.463
899000,0.050,0.403,0.547
899500,0.050,0.585,0.365
900000,0.050,0.520,0.430
900500,0.050,0.376,0.574
901000,0.050,0.402,0.548
901500,0.050,0.478,0.472
902000,0.050,0.410,0.540
902500,0.050,0.519,0.431
903000,0.050,0.405,0.545
903500,0.050,0.454,0.496
904000,0.064,0.269,0.667
904500,0.062,0.345,0.593
905000,0.051,0.491,0.458
905500,0.050,0.461,0.489
906000,0.051,0.431,0.518
906500,0.050,0.393,0.557
907000,0.050,0.447,0.503
907500,0.050,0.545,0.405
908000,0.050,0.522,0.428
908500,0.051,0.470,0.479
909000,0.050,0.411,0.539
909500,0.050,0.350,0.600
910000,0.050,0.416,0.534
910500,0.050,0.426,0.524
911000,0.050,0.360,0.590
911500,0.050,0.431,0.519
912000,0.052,0.389,0.559
912500,0.056,0.362,0.582
913000,0.050,0.444,0.506
913500,0.050,0.522,0.428
914000,0.050,0.515,0.435
914500,0.050,0.400,0.550
915000,0.050,0.408,0.542
915500,0.050,0.452,0.498
916000,0.053,0.447,0.500
916500,0.050,0.471,0.479
917000,0.050,0.499,0.451
917500,0.050,0.481,0.469
918000,0.051,0.471,0.478
918500,0.050,0.478,0.472
919000,0.050,0.546,0.404
919500,0.050,0.421,0.529
920000,0.050,0.500,0.450
920500,0.050,0.444,0.506
921000,0.050,0.358,0.592
921500,0.050,0.563,0.387
922000,0.050,0.478,0.472
922500,0.050,0.436,0.514
923000,0.050,0.449,0.501
923500,0.050,0.420,0.530
924000,0.050,0.472,0.478
924500,0.050,0.435,0.515
925000,0.050,0.435,0.515
925500,0.050,0.521,0.429
926000,0.050,0.434,0.516
926500,0.050,0.504,0.446
927000,0.050,0.538,0.412
927500,0.050,0.480,0.470
928000,0.050,0.392,0.558
928500,0.050,0.503,0.447
929000,0.050,0.545,0.405
929500,0.050,0.439,0.511
930000,0.050,0.517,0.433
930500,0.050,0.527,0.423
931000,0.057,0.331,0.612
931500,0.055,0.357,0.588
932000,0.053,0.322,0.625
932500,0.056,0.327,0.617
933000,0.050,0.523,0.427
933500,0.050,0.496,0.454
934000,0.050,0.424,0.526
934500,0.050,0.476,0.474
935000,0.050,0.423,0.527
935500,0.050,0.387,0.563
936000,0.050,0.532,0.418
936500,0.050,0.572,0.378
937000,0.055,0.459,0.486
937500,0.050,0.444,0.506
938000,0.050,0.547,0.403
938500,0.050,0.548,0.402
939000,0.050,0.431,0.519
939500,0.050,0.440,0.510
940000,0.050,0.430,0.520
940500,0.050,0.404,0.546
941000,0.050,0.475,0.475
941500,0.057,0.390,0.553
942000,0.050,0.399,0.551
942500,0.050,0.512,0.438
943000,0.050,0.401,0.549
943500,0.050,0.477,0.473
944000,0.050,0.526,0.424
944500,0.050,0.526,0.424
945000,0.050,0.371,0.579
945500,0.050,0.436,0.514
946000,0.050,0.402,0.548
946500,0.050,0.374,0.576
947000,0.060,0.346,0.594
947500,0.053,0.387,0.560
948000,0.050,0.423,0.527
948500,0.055,0.360,0.585
949000,0.050,0.384,0.566
949500,0.051,0.493,0.456
950000,0.050,0.484,0.466
950500,0.050,0.433,0.517
951000,0.050,0.407,0.543
951500,0.050,0.351,0.599
952000,0.062,0.345,0.593
952500,0.050,0.350,0.600
953000,0.050,0.364,0.586
953500,0.050,0.422,0.528
954000,0.050,0.432,0.518
954500,0.050,0.410,0.540
955000,0.050,0.414,0.536
955500,0.050,0.437,0.513
956000,0.050,0.458,0.492
956500,0.050,0.498,0.452
957000,0.050,0.611,0.339
957500,0.050,0.461,0.489
958000,0.050,0.453,0.497
958500,0.050,0.390,0.560
959000,0.050,0.450,0.500
959500,0.050,0.446,0.504
960000,0.056,0.424,0.520
960500,0.056,0.466,0.478
961000,0.050,0.463,0.487
961500,0.050,0.418,0.532
962000,0.050,0.509,0.441
962500,0.050,0.437,0.513
963000,0.050,0.456,0.494
963500,0.050,0.388,0.562
964000,0.050,0.387,0.563
964500,0.050,0.502,0.448
965000,0.050,0.443,0.507
965500,0.050,0.483,0.467
966000,0.050,0.608,0.342
966500,0.050,0.508,0.442
967000,0.050,0.500,0.450
967500,0.052,0.369,0.579
968000,0.050,0.381,0.569
968500,0.050,0.480,0.470
969000,0.050,0.545,0.405
969500,0.050,0.543,0.407
970000,0.050,0.484,0.466
970500,0.050,0.424,0.526
971000,0.050,0.403,0.547
971500,0.050,0.413,0.537
972000,0.050,0.507,0.443
972500,0.050,0.487,0.463
973000,0.050,0.485,0.465
973500,0.050,0.474,0.476
974000,0.050,0.359,0.591
974500,0.054,0.363,0.583
975000,0.050,0.466,0.484
975500,0.050,0.463,0.487
976000,0.050,0.478,0.472
976500,0.050,0.437,0.513
977000,0.050,0.460,0.490
977500,0.050,0.487,0.463
978000,0.050,0.523,0.427
978500,0.050,0.396,0.554
979000,0.050,0.492,0.458
979500,0.050,0.452,0.498
980000,0.050,0.558,0.392
980500,0.050,0.512,0.438
981000,0.050,0.498,0.452
981500,0.050,0.414,0.536
982000,0.050,0.372,0.578
982500,0.050,0.428,0.522
983000,0.051,0.430,0.519
983500,0.050,0.439,0.511
984000,0.050,0.448,0.502
984500,0.060,0.387,0.553
985000,0.050,0.547,0.403
985500,0.050,0.458,0.492
986000,0.050,0.402,0.548
986500,0.054,0.340,0.606
987000,0.054,0.366,0.580
987500,0.050,0.415,0.535
988000,0.051,0.470,0.479
988500,0.050,0.453,0.497
989000,0.050,0.533,0.417
989500,0.050,0.471,0.479
990000,0.050,0.423,0.527
990500,0.050,0.416,0.534
991000,0.050,0.469,0.481
991500,0.050,0.436,0.514
992000,0.051,0.441,0.508
992500,0.050,0.445,0.505
993000,0.052,0.444,0.504
993500,0.050,0.398,0.552
994000,0.061,0.389,0.550
994500,0.053,0.430,0.517
995000,0.050,0.517,0.433
995500,0.050,0.478,0.472
996000,0.050,0.440,0.510
996500,0.050,0.448,0.502
997000,0.050,0.389,0.561
997500,0.050,0.408,0.542
998000,0.050,0.404,0.546
998500,0.050,0.456,0.494
999000,0.050,0.419,0.531
999500,0.050,0.396,0.554
1000000,0.050,0.403,0.547
