time,n_A+p,n_B,n_AB
500,0.050,0.882,0.068
1000,0.050,0.801,0.149
1500,0.050,0.706,0.244
2000,0.050,0.685,0.265
2500,0.050,0.698,0.252
3000,0.050,0.682,0.268
3500,0.050,0.649,0.301
4000,0.050,0.667,0.282
4500,0.050,0.640,0.309
5000,0.050,0.678,0.272
5500,0.050,0.638,0.311
6000,0.050,0.608,0.342
6500,0.050,0.614,0.336
7000,0.050,0.599,0.351
7500,0.050,0.578,0.372
8000,0.050,0.535,0.414
8500,0.050,0.599,0.351
9000,0.050,0.668,0.282
9500,0.050,0.641,0.309
10000,0.050,0.610,0.340
10500,0.050,0.650,0.300
11000,0.050,0.671,0.278
11500,0.050,0.626,0.324
12000,0.050,0.652,0.297
12500,0.050,0.653,0.296
13000,0.050,0.641,0.309
13500,0.050,0.643,0.306
14000,0.050,0.642,0.307
14500,0.050,0.616,0.334
15000,0.050,0.606,0.344
15500,0.050,0.652,0.297
16000,0.050,0.645,0.304
16500,0.050,0.717,0.233
17000,0.050,0.686,0.264
17500,0.050,0.678,0.271
18000,0.050,0.674,0.275
18500,0.050,0.655,0.295
19000,0.050,0.644,0.305
19500,0.050,0.651,0.299
20000,0.050,0.666,0.283
20500,0.050,0.622,0.328
21000,0.050,0.631,0.319
21500,0.050,0.628,0.322
22000,0.050,0.642,0.307
22500,0.050,0.585,0.365
23000,0.050,0.605,0.345
23500,0.050,0.657,0.293
24000,0.050,0.642,0.308
24500,0.050,0.631,0.319
25000,0.050,0.683,0.266
25500,0.050,0.647,0.302
26000,0.050,0.684,0.265
26500,0.050,0.726,0.224
27000,0.050,0.637,0.313
27500,0.050,0.578,0.372
28000,0.050,0.584,0.366
28500,0.050,0.658,0.291
29000,0.050,0.692,0.258
29500,0.050,0.682,0.267
30000,0.050,0.669,0.280
30500,0.050,0.622,0.328
31000,0.050,0.605,0.345
31500,0.050,0.606,0.344
32000,0.050,0.600,0.350
32500,0.050,0.584,0.366
33000,0.050,0.571,0.379
33500,0.050,0.607,0.343
34000,0.050,0.623,0.327
34500,0.050,0.643,0.307
35000,0.050,0.664,0.286
35500,0.050,0.627,0.323
36000,0.050,0.656,0.293
36500,0.050,0.666,0.283
37000,0.050,0.651,0.299
37500,0.050,0.605,0.345
38000,0.050,0.630,0.320
38500,0.050,0.685,0.265
39000,0.050,0.671,0.278
39500,0.050,0.679,0.271
40000,0.050,0.636,0.314
40500,0.050,0.586,0.364
41000,0.050,0.598,0.352
41500,0.050,0.553,0.396
42000,0.050,0.615,0.335
42500,0.050,0.641,0.308
43000,0.050,0.670,0.280
43500,0.050,0.679,0.270
44000,0.050,0.644,0.305
44500,0.050,0.605,0.345
45000,0.050,0.637,0.313
45500,0.050,0.581,0.369
46000,0.050,0.650,0.300
46500,0.050,0.615,0.335
47000,0.050,0.612,0.338
47500,0.050,0.633,0.317
48000,0.050,0.676,0.273
48500,0.050,0.711,0.239
49000,0.050,0.635,0.315
49500,0.050,0.662,0.287
50000,0.050,0.679,0.270
50500,0.050,0.701,0.249
51000,0.050,0.694,0.256
51500,0.050,0.663,0.287
52000,0.050,0.634,0.316
52500,0.050,0.597,0.353
53000,0.050,0.591,0.359
53500,0.050,0.569,0.381
54000,0.050,0.535,0.414
54500,0.050,0.643,0.306
55000,0.050,0.679,0.270
55500,0.050,0.702,0.248
56000,0.050,0.736,0.214
56500,0.050,0.732,0.218
57000,0.050,0.706,0.244
57500,0.050,0.621,0.329
58000,0.050,0.580,0.370
58500,0.050,0.572,0.378
59000,0.050,0.586,0.364
59500,0.050,0.608,0.342
60000,0.050,0.612,0.338
60500,0.050,0.655,0.294
61000,0.050,0.643,0.306
61500,0.050,0.634,0.316
62000,0.050,0.670,0.280
62500,0.050,0.619,0.331
63000,0.050,0.540,0.409
63500,0.050,0.627,0.323
64000,0.050,0.600,0.350
64500,0.050,0.587,0.363
65000,0.053,0.542,0.404
65500,0.051,0.606,0.344
66000,0.050,0.651,0.298
66500,0.050,0.638,0.311
67000,0.050,0.602,0.348
67500,0.050,0.627,0.323
68000,0.050,0.643,0.307
68500,0.050,0.732,0.218
69000,0.050,0.673,0.277
69500,0.050,0.656,0.294
70000,0.050,0.600,0.350
70500,0.050,0.580,0.370
71000,0.050,0.617,0.333
71500,0.050,0.642,0.307
72000,0.050,0.632,0.318
72500,0.050,0.692,0.258
73000,0.050,0.676,0.274
73500,0.050,0.681,0.269
74000,0.050,0.611,0.339
74500,0.050,0.642,0.308
75000,0.050,0.636,0.314
75500,0.050,0.659,0.291
76000,0.050,0.692,0.258
76500,0.050,0.653,0.296
77000,0.050,0.678,0.271
77500,0.050,0.635,0.315
78000,0.050,0.645,0.304
78500,0.050,0.618,0.332
79000,0.050,0.652,0.298
79500,0.050,0.589,0.361
80000,0.050,0.638,0.312
80500,0.050,0.615,0.335
81000,0.050,0.666,0.284
81500,0.050,0.709,0.241
82000,0.050,0.680,0.269
82500,0.050,0.648,0.301
83000,0.050,0.677,0.272
83500,0.050,0.678,0.272
84000,0.050,0.693,0.257
84500,0.050,0.666,0.283
85000,0.050,0.641,0.308
85500,0.050,0.640,0.310
86000,0.050,0.616,0.334
86500,0.050,0.674,0.275
87000,0.050,0.684,0.265
87500,0.050,0.645,0.305
88000,0.050,0.593,0.357
88500,0.050,0.628,0.322
89000,0.050,0.664,0.285
89500,0.050,0.661,0.289
90000,0.050,0.591,0.359
90500,0.050,0.579,0.371
91000,0.050,0.652,0.297
91500,0.050,0.653,0.297
92000,0.050,0.581,0.369
92500,0.050,0.627,0.323
93000,0.050,0.697,0.253
93500,0.050,0.699,0.251
94000,0.050,0.656,0.293
94500,0.050,0.644,0.306
95000,0.050,0.645,0.305
95500,0.050,0.673,0.277
96000,0.050,0.625,0.325
96500,0.050,0.604,0.346
97000,0.050,0.579,0.371
97500,0.050,0.562,0.388
98000,0.050,0.585,0.365
98500,0.050,0.572,0.378
99000,0.050,0.616,0.334
99500,0.050,0.590,0.360
100000,0.050,0.628,0.322
100500,0.050,0.570,0.380
101000,0.050,0.560,0.390
101500,0.050,0.584,0.366
102000,0.050,0.588,0.362
102500,0.050,0.583,0.367
103000,0.050,0.565,0.385
103500,0.050,0.587,0.363
104000,0.050,0.650,0.299
104500,0.050,0.645,0.305
105000,0.050,0.661,0.289
105500,0.050,0.669,0.281
106000,0.050,0.638,0.311
106500,0.050,0.614,0.336
107000,0.050,0.649,0.301
107500,0.050,0.654,0.296
108000,0.050,0.608,0.342
108500,0.050,0.655,0.295
109000,0.050,0.672,0.277
109500,0.050,0.608,0.342
110000,0.050,0.632,0.318
110500,0.050,0.607,0.343
111000,0.050,0.629,0.321
111500,0.050,0.649,0.301
112000,0.050,0.648,0.301
112500,0.050,0.630,0.320
113000,0.050,0.603,0.347
113500,0.050,0.637,0.313
114000,0.050,0.628,0.322
114500,0.050,0.620,0.330
115000,0.050,0.581,0.369
115500,0.050,0.615,0.335
116000,0.050,0.618,0.332
116500,0.050,0.620,0.330
117000,0.050,0.619,0.331
117500,0.050,0.635,0.315
118000,0.050,0.642,0.307
118500,0.050,0.674,0.275
119000,0.050,0.661,0.288
119500,0.050,0.638,0.311
120000,0.050,0.642,0.308
120500,0.050,0.636,0.314
121000,0.050,0.625,0.325
121500,0.050,0.606,0.344
122000,0.050,0.599,0.351
122500,0.050,0.590,0.360
123000,0.050,0.562,0.388
123500,0.050,0.541,0.408
124000,0.050,0.607,0.343
124500,0.050,0.602,0.348
125000,0.050,0.637,0.312
125500,0.050,0.663,0.286
126000,0.050,0.665,0.284
126500,0.050,0.628,0.322
127000,0.050,0.590,0.360
127500,0.050,0.611,0.339
128000,0.050,0.627,0.323
128500,0.050,0.601,0.349
129000,0.050,0.638,0.312
129500,0.050,0.650,0.299
130000,0.050,0.626,0.324
130500,0.050,0.635,0.315
131000,0.050,0.646,0.303
131500,0.050,0.673,0.277
132000,0.050,0.705,0.245
132500,0.050,0.707,0.243
133000,0.050,0.669,0.280
133500,0.050,0.638,0.312
134000,0.050,0.609,0.341
134500,0.050,0.602,0.348
135000,0.050,0.597,0.353
135500,0.050,0.643,0.307
136000,0.050,0.660,0.289
136500,0.050,0.636,0.314
137000,0.050,0.647,0.303
137500,0.050,0.654,0.296
138000,0.050,0.637,0.313
138500,0.050,0.625,0.325
139000,0.050,0.624,0.326
139500,0.050,0.664,0.286
140000,0.050,0.712,0.238
140500,0.050,0.685,0.264
141000,0.050,0.660,0.290
141500,0.050,0.678,0.271
142000,0.050,0.719,0.231
142500,0.050,0.700,0.250
143000,0.050,0.687,0.263
143500,0.050,0.681,0.268
144000,0.050,0.633,0.317
144500,0.050,0.672,0.278
145000,0.050,0.603,0.347
145500,0.050,0.645,0.304
146000,0.050,0.620,0.330
146500,0.050,0.602,0.348
147000,0.050,0.607,0.343
147500,0.050,0.595,0.355
148000,0.050,0.645,0.305
148500,0.050,0.641,0.309
149000,0.050,0.639,0.311
149500,0.050,0.653,0.296
150000,0.050,0.650,0.300
150500,0.050,0.710,0.240
151000,0.050,0.646,0.303
151500,0.050,0.638,0.311
152000,0.050,0.640,0.309
152500,0.050,0.677,0.272
153000,0.050,0.652,0.298
153500,0.050,0.654,0.295
154000,0.050,0.655,0.294
154500,0.050,0.686,0.263
155000,0.050,0.660,0.289
155500,0.050,0.678,0.271
156000,0.050,0.746,0.204
156500,0.050,0.647,0.302
157000,0.050,0.673,0.276
157500,0.050,0.672,0.278
158000,0.050,0.697,0.253
158500,0.050,0.681,0.269
159000,0.050,0.690,0.260
159500,0.050,0.720,0.230
160000,0.050,0.721,0.229
160500,0.050,0.646,0.304
161000,0.050,0.676,0.274
161500,0.050,0.610,0.340
162000,0.050,0.577,0.373
162500,0.050,0.621,0.329
163000,0.050,0.605,0.345
163500,0.052,0.582,0.366
164000,0.051,0.627,0.322
164500,0.050,0.639,0.311
165000,0.051,0.662,0.287
165500,0.051,0.672,0.277
166000,0.050,0.696,0.254
166500,0.050,0.641,0.308
167000,0.050,0.602,0.348
167500,0.050,0.615,0.335
168000,0.050,0.591,0.359
168500,0.050,0.631,0.319
169000,0.050,0.594,0.356
169500,0.050,0.621,0.329
170000,0.050,0.676,0.274
170500,0.050,0.633,0.317
171000,0.050,0.603,0.347
171500,0.050,0.614,0.336
172000,0.050,0.643,0.306
172500,0.050,0.645,0.304
173000,0.050,0.676,0.273
173500,0.050,0.649,0.300
174000,0.050,0.628,0.322
174500,0.050,0.567,0.383
175000,0.050,0.576,0.374
175500,0.050,0.570,0.380
176000,0.050,0.613,0.337
176500,0.050,0.666,0.284
177000,0.050,0.654,0.296
177500,0.050,0.680,0.270
178000,0.050,0.635,0.315
178500,0.051,0.612,0.338
179000,0.050,0.570,0.380
179500,0.050,0.627,0.323
180000,0.050,0.614,0.336
180500,0.050,0.627,0.323
181000,0.050,0.688,0.262
181500,0.050,0.690,0.260
182000,0.050,0.665,0.285
182500,0.050,0.719,0.231
183000,0.050,0.697,0.253
183500,0.050,0.653,0.296
184000,0.050,0.696,0.254
184500,0.050,0.641,0.309
185000,0.050,0.639,0.310
185500,0.050,0.722,0.228
186000,0.050,0.727,0.223
186500,0.050,0.708,0.242
187000,0.050,0.643,0.306
187500,0.050,0.658,0.292
188000,0.050,0.591,0.359
188500,0.050,0.617,0.333
189000,0.050,0.632,0.318
189500,0.050,0.629,0.321
190000,0.050,0.635,0.315
190500,0.050,0.679,0.270
191000,0.050,0.693,0.257
191500,0.050,0.698,0.252
192000,0.050,0.656,0.294
192500,0.050,0.660,0.289
193000,0.050,0.658,0.292
193500,0.050,0.685,0.265
194000,0.050,0.705,0.245
194500,0.050,0.684,0.266
195000,0.050,0.705,0.245
195500,0.050,0.661,0.288
196000,0.050,0.630,0.320
196500,0.050,0.634,0.316
197000,0.050,0.686,0.264
197500,0.050,0.666,0.284
198000,0.050,0.579,0.371
198500,0.050,0.601,0.349
199000,0.050,0.585,0.365
199500,0.050,0.594,0.356
200000,0.050,0.600,0.350
200500,0.050,0.672,0.278
201000,0.050,0.676,0.273
201500,0.050,0.633,0.317
202000,0.050,0.642,0.308
202500,0.050,0.674,0.276
203000,0.050,0.662,0.287
203500,0.050,0.698,0.252
204000,0.050,0.675,0.275
204500,0.050,0.646,0.303
205000,0.050,0.650,0.300
205500,0.050,0.574,0.376
206000,0.050,0.612,0.338
206500,0.050,0.630,0.320
207000,0.050,0.651,0.298
207500,0.050,0.650,0.299
208000,0.050,0.646,0.303
208500,0.050,0.580,0.370
209000,0.050,0.569,0.381
209500,0.050,0.628,0.322
210000,0.050,0.622,0.328
210500,0.050,0.597,0.353
211000,0.050,0.597,0.353
211500,0.050,0.617,0.333
212000,0.050,0.628,0.322
212500,0.050,0.645,0.305
213000,0.050,0.593,0.357
213500,0.050,0.588,0.362
214000,0.050,0.608,0.342
214500,0.050,0.580,0.370
215000,0.050,0.599,0.351
215500,0.050,0.543,0.407
216000,0.050,0.587,0.363
216500,0.050,0.664,0.286
217000,0.050,0.646,0.303
217500,0.050,0.618,0.332
218000,0.050,0.652,0.297
218500,0.050,0.649,0.301
219000,0.050,0.684,0.265
219500,0.050,0.623,0.327
220000,0.050,0.650,0.300
220500,0.050,0.666,0.284
221000,0.050,0.692,0.258
221500,0.050,0.673,0.277
222000,0.050,0.642,0.308
222500,0.050,0.655,0.294
223000,0.050,0.655,0.294
223500,0.050,0.662,0.288
224000,0.050,0.610,0.340
224500,0.050,0.638,0.312
225000,0.050,0.641,0.309
225500,0.050,0.588,0.362
226000,0.050,0.612,0.338
226500,0.050,0.623,0.327
227000,0.050,0.619,0.331
227500,0.050,0.588,0.362
228000,0.050,0.608,0.342
228500,0.050,0.616,0.334
229000,0.050,0.641,0.309
229500,0.050,0.635,0.315
230000,0.050,0.651,0.299
230500,0.050,0.654,0.296
231000,0.050,0.658,0.291
231500,0.050,0.642,0.307
232000,0.050,0.645,0.305
232500,0.050,0.624,0.326
233000,0.050,0.633,0.317
233500,0.050,0.646,0.304
234000,0.050,0.605,0.345
234500,0.053,0.626,0.321
235000,0.051,0.610,0.340
235500,0.051,0.614,0.336
236000,0.050,0.580,0.370
236500,0.050,0.579,0.371
237000,0.050,0.585,0.365
237500,0.050,0.623,0.327
238000,0.050,0.632,0.318
238500,0.050,0.554,0.395
239000,0.050,0.625,0.325
239500,0.050,0.603,0.347
240000,0.050,0.623,0.327
240500,0.050,0.567,0.383
241000,0.050,0.621,0.329
241500,0.050,0.641,0.309
242000,0.050,0.633,0.317
242500,0.050,0.563,0.387
243000,0.050,0.556,0.393
243500,0.051,0.587,0.362
244000,0.050,0.618,0.332
244500,0.050,0.677,0.272
245000,0.050,0.663,0.287
245500,0.050,0.704,0.246
246000,0.050,0.716,0.234
246500,0.050,0.665,0.284
247000,0.050,0.641,0.308
247500,0.050,0.656,0.293
248000,0.050,0.635,0.315
248500,0.050,0.598,0.352
249000,0.050,0.596,0.354
249500,0.050,0.614,0.336
250000,0.050,0.620,0.330
250500,0.050,0.659,0.291
251000,0.050,0.646,0.303
251500,0.053,0.646,0.300
252000,0.051,0.633,0.316
252500,0.050,0.629,0.321
253000,0.051,0.637,0.312
253500,0.050,0.613,0.337
254000,0.050,0.647,0.302
254500,0.050,0.610,0.340
255000,0.050,0.669,0.281
255500,0.050,0.689,0.261
256000,0.050,0.733,0.217
256500,0.050,0.703,0.247
257000,0.050,0.631,0.319
257500,0.050,0.681,0.269
258000,0.050,0.682,0.267
258500,0.050,0.661,0.288
259000,0.050,0.670,0.279
259500,0.050,0.652,0.297
260000,0.050,0.626,0.324
260500,0.050,0.653,0.296
261000,0.050,0.628,0.322
261500,0.050,0.622,0.328
262000,0.050,0.658,0.292
262500,0.050,0.714,0.236
263000,0.050,0.697,0.253
263500,0.050,0.699,0.251
264000,0.050,0.694,0.256
264500,0.050,0.646,0.303
265000,0.050,0.647,0.303
265500,0.050,0.588,0.362
266000,0.050,0.616,0.334
266500,0.050,0.663,0.287
267000,0.050,0.649,0.300
267500,0.050,0.635,0.315
268000,0.050,0.570,0.380
268500,0.050,0.608,0.342
269000,0.050,0.604,0.346
269500,0.050,0.566,0.384
270000,0.050,0.565,0.385
270500,0.050,0.584,0.366
271000,0.050,0.639,0.310
271500,0.050,0.694,0.256
272000,0.050,0.669,0.280
272500,0.050,0.631,0.319
273000,0.050,0.683,0.267
273500,0.050,0.653,0.297
274000,0.050,0.676,0.273
274500,0.050,0.598,0.352
275000,0.050,0.586,0.364
275500,0.050,0.597,0.353
276000,0.050,0.638,0.312
276500,0.050,0.586,0.364
277000,0.050,0.634,0.316
277500,0.050,0.591,0.359
278000,0.050,0.617,0.333
278500,0.050,0.576,0.374
279000,0.050,0.543,0.406
279500,0.050,0.580,0.370
280000,0.050,0.600,0.350
280500,0.050,0.580,0.370
281000,0.050,0.624,0.326
281500,0.050,0.649,0.300
282000,0.050,0.633,0.317
282500,0.050,0.690,0.260
283000,0.050,0.673,0.276
283500,0.050,0.640,0.310
284000,0.050,0.545,0.405
284500,0.050,0.529,0.420
285000,0.050,0.559,0.390
285500,0.050,0.649,0.300
286000,0.050,0.697,0.253
286500,0.050,0.694,0.256
287000,0.050,0.718,0.232
287500,0.050,0.711,0.239
288000,0.050,0.713,0.237
288500,0.050,0.729,0.221
289000,0.050,0.660,0.289
289500,0.050,0.649,0.300
290000,0.050,0.631,0.319
290500,0.050,0.567,0.383
291000,0.050,0.625,0.325
291500,0.050,0.586,0.364
292000,0.050,0.597,0.353
292500,0.050,0.645,0.305
293000,0.050,0.636,0.314
293500,0.050,0.651,0.299
294000,0.050,0.709,0.241
294500,0.050,0.665,0.285
295000,0.050,0.654,0.295
295500,0.050,0.624,0.326
296000,0.050,0.603,0.347
296500,0.050,0.608,0.342
297000,0.050,0.663,0.286
297500,0.050,0.620,0.330
298000,0.050,0.609,0.341
298500,0.050,0.603,0.347
299000,0.050,0.642,0.308
299500,0.050,0.647,0.303
300000,0.050,0.641,0.309
300500,0.050,0.624,0.326
301000,0.050,0.621,0.329
301500,0.050,0.625,0.325
302000,0.050,0.684,0.266
302500,0.050,0.616,0.334
303000,0.050,0.615,0.335
303500,0.050,0.614,0.336
304000,0.050,0.592,0.358
304500,0.050,0.633,0.317
305000,0.050,0.650,0.300
305500,0.050,0.655,0.295
306000,0.050,0.643,0.307
306500,0.050,0.647,0.302
307000,0.050,0.625,0.325
307500,0.050,0.586,0.364
308000,0.050,0.579,0.371
308500,0.050,0.646,0.304
309000,0.050,0.608,0.342
309500,0.050,0.585,0.365
310000,0.050,0.604,0.346
310500,0.050,0.593,0.357
311000,0.050,0.610,0.340
311500,0.050,0.633,0.317
312000,0.050,0.665,0.284
312500,0.050,0.710,0.240
313000,0.050,0.665,0.284
313500,0.050,0.660,0.289
314000,0.050,0.671,0.278
314500,0.050,0.730,0.220
315000,0.050,0.740,0.210
315500,0.050,0.696,0.254
316000,0.050,0.645,0.305
316500,0.050,0.630,0.320
317000,0.050,0.613,0.337
317500,0.050,0.673,0.276
318000,0.050,0.702,0.248
318500,0.050,0.649,0.300
319000,0.050,0.689,0.261
319500,0.050,0.697,0.253
320000,0.050,0.669,0.280
320500,0.050,0.613,0.337
321000,0.050,0.583,0.367
321500,0.050,0.600,0.350
322000,0.050,0.665,0.285
322500,0.050,0.630,0.320
323000,0.050,0.623,0.327
323500,0.050,0.637,0.313
324000,0.050,0.682,0.268
324500,0.050,0.664,0.285
325000,0.050,0.644,0.306
325500,0.050,0.626,0.324
326000,0.050,0.626,0.324
326500,0.050,0.582,0.368
327000,0.050,0.561,0.389
327500,0.050,0.563,0.387
328000,0.050,0.573,0.377
328500,0.050,0.616,0.334
329000,0.050,0.611,0.339
329500,0.050,0.698,0.252
330000,0.050,0.638,0.311
330500,0.050,0.620,0.330
331000,0.050,0.651,0.299
331500,0.050,0.667,0.283
332000,0.050,0.650,0.300
332500,0.050,0.581,0.369
333000,0.050,0.571,0.379
333500,0.050,0.567,0.383
334000,0.050,0.592,0.358
334500,0.050,0.614,0.336
335000,0.050,0.616,0.334
335500,0.050,0.633,0.317
336000,0.050,0.661,0.288
336500,0.050,0.677,0.273
337000,0.050,0.668,0.282
337500,0.050,0.665,0.284
338000,0.050,0.667,0.283
338500,0.050,0.660,0.290
339000,0.050,0.641,0.309
339500,0.050,0.695,0.255
340000,0.050,0.642,0.308
340500,0.050,0.628,0.322
341000,0.050,0.588,0.362
341500,0.050,0.601,0.349
342000,0.050,0.615,0.335
342500,0.050,0.599,0.351
343000,0.050,0.603,0.347
343500,0.050,0.611,0.339
344000,0.050,0.619,0.331
344500,0.050,0.662,0.288
345000,0.050,0.645,0.305
345500,0.050,0.601,0.349
346000,0.050,0.587,0.363
346500,0.050,0.584,0.366
347000,0.050,0.579,0.371
347500,0.050,0.555,0.395
348000,0.050,0.587,0.363
348500,0.050,0.616,0.334
349000,0.050,0.594,0.356
349500,0.050,0.677,0.272
350000,0.050,0.630,0.320
350500,0.052,0.592,0.356
351000,0.051,0.584,0.366
351500,0.051,0.611,0.338
352000,0.051,0.583,0.367
352500,0.050,0.595,0.355
353000,0.050,0.601,0.349
353500,0.050,0.635,0.315
354000,0.050,0.604,0.346
354500,0.050,0.658,0.291
355000,0.050,0.661,0.289
355500,0.050,0.638,0.311
356000,0.050,0.634,0.316
356500,0.050,0.596,0.354
357000,0.050,0.625,0.325
357500,0.051,0.610,0.339
358000,0.050,0.641,0.308
358500,0.050,0.578,0.372
359000,0.050,0.604,0.346
359500,0.050,0.622,0.328
360000,0.050,0.629,0.321
360500,0.050,0.585,0.365
361000,0.050,0.573,0.377
361500,0.050,0.622,0.328
362000,0.050,0.634,0.316
362500,0.050,0.624,0.326
363000,0.050,0.573,0.377
363500,0.050,0.596,0.354
364000,0.050,0.608,0.342
364500,0.050,0.650,0.300
365000,0.050,0.602,0.348
365500,0.050,0.658,0.292
366000,0.050,0.629,0.321
366500,0.050,0.581,0.369
367000,0.050,0.595,0.355
367500,0.050,0.599,0.351
368000,0.050,0.539,0.411
368500,0.050,0.543,0.406
369000,0.050,0.579,0.371
369500,0.050,0.679,0.271
370000,0.050,0.648,0.301
370500,0.050,0.667,0.283
371000,0.050,0.613,0.337
371500,0.050,0.623,0.327
372000,0.050,0.656,0.293
372500,0.050,0.647,0.303
373000,0.050,0.631,0.319
373500,0.050,0.637,0.312
374000,0.050,0.637,0.312
374500,0.050,0.638,0.311
375000,0.050,0.682,0.268
375500,0.050,0.655,0.295
376000,0.050,0.635,0.315
376500,0.050,0.619,0.331
377000,0.050,0.635,0.315
377500,0.050,0.622,0.328
378000,0.050,0.618,0.332
378500,0.050,0.618,0.332
379000,0.050,0.621,0.329
379500,0.050,0.682,0.267
380000,0.050,0.646,0.304
380500,0.050,0.583,0.367
381000,0.050,0.622,0.328
381500,0.050,0.645,0.305
382000,0.050,0.651,0.299
382500,0.050,0.662,0.288
383000,0.050,0.670,0.279
383500,0.050,0.644,0.305
384000,0.050,0.660,0.290
384500,0.050,0.593,0.357
385000,0.050,0.600,0.350
385500,0.050,0.591,0.359
386000,0.050,0.654,0.295
386500,0.050,0.646,0.303
387000,0.050,0.688,0.262
387500,0.050,0.654,0.296
388000,0.050,0.651,0.298
388500,0.050,0.621,0.329
389000,0.050,0.572,0.378
389500,0.050,0.619,0.331
390000,0.050,0.660,0.290
390500,0.050,0.626,0.324
391000,0.050,0.617,0.333
391500,0.050,0.611,0.339
392000,0.050,0.631,0.319
392500,0.050,0.658,0.292
393000,0.050,0.638,0.311
393500,0.050,0.644,0.305
394000,0.050,0.657,0.292
394500,0.050,0.686,0.264
395000,0.050,0.662,0.287
395500,0.050,0.636,0.314
396000,0.050,0.595,0.355
396500,0.050,0.574,0.376
397000,0.050,0.602,0.348
397500,0.050,0.605,0.345
398000,0.050,0.635,0.315
398500,0.050,0.621,0.329
399000,0.050,0.588,0.362
399500,0.050,0.640,0.309
400000,0.050,0.588,0.362
400500,0.050,0.609,0.341
401000,0.050,0.648,0.302
401500,0.050,0.671,0.279
402000,0.050,0.696,0.254
402500,0.050,0.691,0.259
403000,0.050,0.655,0.295
403500,0.050,0.630,0.320
404000,0.050,0.643,0.307
404500,0.050,0.650,0.300
405000,0.050,0.670,0.280
405500,0.050,0.643,0.307
406000,0.050,0.637,0.313
406500,0.050,0.606,0.344
407000,0.050,0.637,0.312
407500,0.050,0.610,0.340
408000,0.050,0.666,0.283
408500,0.050,0.635,0.315
409000,0.050,0.635,0.315
409500,0.050,0.634,0.316
410000,0.050,0.619,0.331
410500,0.050,0.611,0.339
411000,0.050,0.618,0.332
411500,0.050,0.580,0.370
412000,0.050,0.624,0.326
412500,0.050,0.625,0.325
413000,0.050,0.639,0.311
413500,0.050,0.625,0.325
414000,0.050,0.653,0.297
414500,0.050,0.710,0.240
415000,0.050,0.676,0.273
415500,0.050,0.697,0.253
416000,0.050,0.676,0.274
416500,0.050,0.648,0.301
417000,0.050,0.644,0.305
417500,0.050,0.695,0.255
418000,0.050,0.670,0.280
418500,0.050,0.669,0.281
419000,0.050,0.704,0.246
419500,0.050,0.681,0.269
420000,0.050,0.688,0.262
420500,0.050,0.650,0.299
421000,0.050,0.625,0.325
421500,0.050,0.646,0.303
422000,0.050,0.621,0.329
422500,0.050,0.627,0.323
423000,0.050,0.598,0.352
423500,0.050,0.601,0.349
424000,0.050,0.621,0.329
424500,0.050,0.632,0.318
425000,0.050,0.647,0.302
425500,0.050,0.611,0.339
426000,0.050,0.612,0.338
426500,0.050,0.601,0.349
427000,0.050,0.576,0.374
427500,0.050,0.578,0.372
428000,0.050,0.548,0.402
428500,0.050,0.579,0.371
429000,0.050,0.562,0.387
429500,0.050,0.628,0.322
430000,0.050,0.620,0.330
430500,0.050,0.570,0.380
431000,0.051,0.533,0.416
431500,0.050,0.541,0.408
432000,0.050,0.616,0.334
432500,0.050,0.639,0.311
433000,0.050,0.624,0.326
433500,0.050,0.612,0.338
434000,0.050,0.612,0.338
434500,0.050,0.638,0.312
435000,0.050,0.631,0.319
435500,0.050,0.650,0.299
436000,0.050,0.672,0.277
436500,0.050,0.630,0.320
437000,0.050,0.594,0.356
437500,0.050,0.658,0.291
438000,0.050,0.617,0.333
438500,0.050,0.586,0.364
439000,0.050,0.633,0.317
439500,0.050,0.656,0.294
440000,0.050,0.664,0.285
440500,0.050,0.599,0.351
441000,0.050,0.642,0.307
441500,0.050,0.625,0.325
442000,0.050,0.657,0.293
442500,0.050,0.610,0.340
443000,0.050,0.647,0.302
443500,0.050,0.662,0.287
444000,0.050,0.630,0.320
444500,0.050,0.610,0.340
445000,0.050,0.650,0.300
445500,0.050,0.657,0.293
446000,0.050,0.620,0.330
446500,0.050,0.625,0.325
447000,0.050,0.614,0.336
447500,0.050,0.571,0.379
448000,0.050,0.574,0.376
448500,0.050,0.595,0.355
449000,0.050,0.629,0.321
449500,0.050,0.682,0.268
450000,0.050,0.680,0.270
450500,0.050,0.673,0.277
451000,0.050,0.632,0.318
451500,0.050,0.682,0.268
452000,0.050,0.713,0.237
452500,0.050,0.718,0.232
453000,0.050,0.662,0.288
453500,0.050,0.620,0.330
454000,0.050,0.519,0.431
454500,0.050,0.573,0.377
455000,0.050,0.566,0.384
455500,0.050,0.561,0.389
456000,0.050,0.588,0.362
456500,0.050,0.593,0.357
457000,0.050,0.547,0.403
457500,0.050,0.572,0.378
458000,0.050,0.648,0.302
458500,0.050,0.682,0.268
459000,0.050,0.688,0.262
459500,0.050,0.663,0.287
460000,0.050,0.625,0.325
460500,0.050,0.648,0.301
461000,0.050,0.625,0.325
461500,0.050,0.649,0.301
462000,0.050,0.669,0.280
462500,0.050,0.623,0.327
463000,0.050,0.619,0.331
463500,0.050,0.609,0.341
464000,0.050,0.659,0.290
464500,0.050,0.714,0.236
465000,0.050,0.668,0.281
465500,0.050,0.685,0.265
466000,0.050,0.635,0.315
466500,0.050,0.602,0.348
467000,0.050,0.587,0.363
467500,0.050,0.600,0.350
468000,0.050,0.623,0.327
468500,0.050,0.623,0.327
469000,0.050,0.640,0.310
469500,0.050,0.657,0.292
470000,0.050,0.622,0.328
470500,0.050,0.628,0.322
471000,0.050,0.635,0.315
471500,0.050,0.669,0.280
472000,0.050,0.661,0.289
472500,0.050,0.671,0.279
473000,0.050,0.679,0.270
473500,0.050,0.634,0.316
474000,0.050,0.659,0.291
474500,0.050,0.724,0.226
475000,0.050,0.705,0.245
475500,0.050,0.672,0.277
476000,0.050,0.668,0.282
476500,0.050,0.654,0.295
477000,0.050,0.636,0.314
477500,0.050,0.664,0.286
478000,0.050,0.768,0.182
478500,0.050,0.772,0.177
479000,0.050,0.696,0.254
479500,0.050,0.612,0.338
480000,0.050,0.569,0.381
480500,0.050,0.595,0.355
481000,0.050,0.614,0.336
481500,0.050,0.617,0.333
482000,0.050,0.651,0.298
482500,0.050,0.646,0.304
483000,0.050,0.699,0.251
483500,0.050,0.672,0.278
484000,0.050,0.651,0.299
484500,0.050,0.658,0.291
485000,0.050,0.702,0.248
485500,0.050,0.709,0.241
486000,0.050,0.639,0.311
486500,0.050,0.634,0.316
487000,0.050,0.633,0.317
487500,0.050,0.655,0.295
488000,0.050,0.617,0.333
488500,0.050,0.665,0.285
489000,0.050,0.653,0.296
489500,0.050,0.647,0.302
490000,0.050,0.672,0.277
490500,0.050,0.631,0.319
491000,0.050,0.684,0.265
491500,0.050,0.675,0.275
492000,0.050,0.671,0.278
492500,0.050,0.680,0.269
493000,0.050,0.705,0.245
493500,0.050,0.695,0.255
494000,0.050,0.643,0.307
494500,0.050,0.627,0.323
495000,0.050,0.635,0.315
495500,0.050,0.608,0.342
496000,0.050,0.602,0.348
496500,0.050,0.584,0.366
497000,0.050,0.581,0.369
497500,0.050,0.599,0.351
498000,0.050,0.604,0.346
498500,0.050,0.638,0.311
499000,0.050,0.681,0.269
499500,0.050,0.658,0.292
500000,0.050,0.675,0.275
500500,0.050,0.694,0.256
501000,0.050,0.680,0.269
501500,0.050,0.637,0.313
502000,0.050,0.619,0.331
502500,0.050,0.660,0.290
503000,0.050,0.667,0.283
503500,0.050,0.680,0.270
504000,0.050,0.724,0.226
504500,0.050,0.714,0.236
505000,0.050,0.660,0.289
505500,0.050,0.639,0.311
506000,0.050,0.676,0.274
506500,0.050,0.639,0.311
507000,0.050,0.689,0.261
507500,0.050,0.687,0.263
508000,0.050,0.639,0.311
508500,0.050,0.646,0.303
509000,0.050,0.639,0.311
509500,0.050,0.639,0.311
510000,0.050,0.637,0.312
510500,0.050,0.644,0.305
511000,0.050,0.636,0.314
511500,0.050,0.639,0.310
512000,0.050,0.624,0.326
512500,0.050,0.621,0.329
513000,0.050,0.637,0.313
513500,0.050,0.646,0.304
514000,0.050,0.671,0.279
514500,0.050,0.654,0.295
515000,0.050,0.674,0.276
515500,0.050,0.676,0.273
516000,0.050,0.608,0.342
516500,0.050,0.634,0.316
517000,0.050,0.614,0.336
517500,0.050,0.626,0.324
518000,0.050,0.621,0.329
518500,0.050,0.653,0.297
519000,0.050,0.663,0.287
519500,0.050,0.678,0.272
520000,0.050,0.657,0.292
520500,0.050,0.613,0.337
521000,0.050,0.561,0.389
521500,0.050,0.584,0.366
522000,0.050,0.571,0.379
522500,0.050,0.595,0.355
523000,0.051,0.586,0.363
523500,0.051,0.547,0.402
524000,0.050,0.591,0.359
524500,0.050,0.655,0.295
525000,0.050,0.662,0.287
525500,0.050,0.641,0.308
526000,0.050,0.632,0.318
526500,0.050,0.642,0.307
527000,0.050,0.679,0.271
527500,0.050,0.667,0.282
528000,0.050,0.638,0.311
528500,0.050,0.650,0.300
529000,0.050,0.628,0.322
529500,0.050,0.596,0.354
530000,0.050,0.634,0.316
530500,0.050,0.637,0.312
531000,0.050,0.702,0.248
531500,0.050,0.745,0.205
532000,0.050,0.701,0.249
532500,0.050,0.661,0.288
533000,0.050,0.678,0.271
533500,0.050,0.676,0.273
534000,0.050,0.600,0.350
534500,0.050,0.613,0.337
535000,0.050,0.656,0.294
535500,0.050,0.625,0.325
536000,0.051,0.630,0.319
536500,0.050,0.617,0.333
537000,0.050,0.582,0.368
537500,0.050,0.585,0.365
538000,0.050,0.556,0.394
538500,0.050,0.608,0.342
539000,0.052,0.644,0.303
539500,0.050,0.638,0.311
540000,0.050,0.607,0.343
540500,0.050,0.586,0.364
541000,0.050,0.619,0.331
541500,0.050,0.608,0.342
542000,0.050,0.586,0.364
542500,0.050,0.602,0.348
543000,0.050,0.636,0.314
543500,0.050,0.604,0.346
544000,0.050,0.589,0.361
544500,0.050,0.597,0.353
545000,0.050,0.617,0.333
545500,0.050,0.630,0.320
546000,0.050,0.675,0.274
546500,0.050,0.691,0.259
547000,0.050,0.645,0.305
547500,0.050,0.646,0.304
548000,0.050,0.681,0.268
548500,0.050,0.679,0.270
549000,0.050,0.701,0.249
549500,0.050,0.696,0.254
550000,0.050,0.646,0.303
550500,0.050,0.656,0.293
551000,0.050,0.644,0.305
551500,0.050,0.710,0.240
552000,0.050,0.670,0.280
552500,0.050,0.669,0.281
553000,0.050,0.687,0.263
553500,0.050,0.709,0.241
554000,0.050,0.725,0.225
554500,0.050,0.740,0.210
555000,0.050,0.713,0.237
555500,0.050,0.673,0.277
556000,0.050,0.646,0.303
556500,0.050,0.629,0.321
557000,0.050,0.674,0.276
557500,0.050,0.699,0.251
558000,0.050,0.750,0.200
558500,0.050,0.754,0.196
559000,0.050,0.704,0.246
559500,0.050,0.685,0.264
560000,0.050,0.639,0.310
560500,0.050,0.617,0.333
561000,0.050,0.676,0.273
561500,0.050,0.690,0.260
562000,0.050,0.679,0.271
562500,0.050,0.666,0.284
563000,0.050,0.571,0.379
563500,0.050,0.621,0.329
564000,0.050,0.618,0.332
564500,0.050,0.596,0.354
565000,0.050,0.612,0.338
565500,0.050,0.601,0.349
566000,0.050,0.589,0.361
566500,0.050,0.636,0.314
567000,0.050,0.656,0.294
567500,0.050,0.685,0.265
568000,0.050,0.656,0.293
568500,0.050,0.684,0.266
569000,0.050,0.636,0.314
569500,0.050,0.581,0.369
570000,0.050,0.553,0.396
570500,0.050,0.611,0.339
571000,0.050,0.617,0.333
571500,0.050,0.597,0.353
572000,0.050,0.590,0.360
572500,0.050,0.669,0.281
573000,0.050,0.665,0.285
573500,0.050,0.654,0.295
574000,0.050,0.679,0.270
574500,0.050,0.673,0.276
575000,0.050,0.648,0.301
575500,0.050,0.696,0.254
576000,0.050,0.661,0.288
576500,0.050,0.636,0.314
577000,0.050,0.641,0.308
577500,0.050,0.652,0.298
578000,0.050,0.643,0.306
578500,0.050,0.649,0.300
579000,0.050,0.617,0.333
579500,0.050,0.631,0.319
580000,0.050,0.625,0.325
580500,0.050,0.612,0.338
581000,0.050,0.584,0.366
581500,0.050,0.612,0.338
582000,0.050,0.666,0.283
582500,0.050,0.630,0.320
583000,0.050,0.635,0.315
583500,0.050,0.625,0.325
584000,0.050,0.622,0.328
584500,0.050,0.567,0.383
585000,0.050,0.572,0.378
585500,0.050,0.555,0.394
586000,0.050,0.615,0.335
586500,0.050,0.687,0.263
587000,0.050,0.605,0.345
587500,0.050,0.594,0.356
588000,0.053,0.626,0.320
588500,0.051,0.589,0.360
589000,0.050,0.551,0.399
589500,0.051,0.571,0.378
590000,0.051,0.572,0.378
590500,0.050,0.601,0.349
591000,0.053,0.631,0.316
591500,0.050,0.644,0.305
592000,0.050,0.685,0.264
592500,0.050,0.685,0.265
593000,0.050,0.645,0.305
593500,0.050,0.640,0.309
594000,0.050,0.633,0.317
594500,0.050,0.658,0.291
595000,0.050,0.620,0.330
595500,0.050,0.645,0.304
596000,0.050,0.697,0.253
596500,0.050,0.748,0.202
597000,0.050,0.674,0.276
597500,0.050,0.679,0.271
598000,0.050,0.668,0.281
598500,0.050,0.690,0.260
599000,0.050,0.668,0.282
599500,0.050,0.700,0.250
600000,0.050,0.671,0.278
600500,0.050,0.634,0.316
601000,0.050,0.640,0.310
601500,0.050,0.619,0.331
602000,0.050,0.609,0.341
602500,0.050,0.625,0.325
603000,0.050,0.614,0.336
603500,0.050,0.627,0.323
604000,0.050,0.587,0.363
604500,0.054,0.620,0.326
605000,0.050,0.609,0.341
605500,0.050,0.557,0.392
606000,0.050,0.587,0.363
606500,0.050,0.619,0.331
607000,0.050,0.624,0.326
607500,0.050,0.585,0.365
608000,0.050,0.596,0.354
608500,0.050,0.607,0.343
609000,0.050,0.597,0.353
609500,0.050,0.653,0.296
610000,0.050,0.634,0.316
610500,0.050,0.620,0.330
611000,0.050,0.614,0.336
611500,0.050,0.581,0.369
612000,0.050,0.579,0.371
612500,0.050,0.587,0.363
613000,0.050,0.611,0.339
613500,0.050,0.630,0.320
614000,0.050,0.693,0.257
614500,0.050,0.698,0.252
615000,0.050,0.661,0.289
615500,0.050,0.653,0.297
616000,0.050,0.656,0.294
616500,0.050,0.663,0.286
617000,0.050,0.661,0.289
617500,0.050,0.566,0.384
618000,0.050,0.604,0.346
618500,0.052,0.564,0.384
619000,0.051,0.601,0.349
619500,0.050,0.578,0.372
620000,0.051,0.606,0.344
620500,0.052,0.581,0.367
621000,0.051,0.618,0.332
621500,0.051,0.624,0.326
622000,0.050,0.601,0.349
622500,0.050,0.623,0.327
623000,0.050,0.620,0.330
623500,0.050,0.628,0.322
624000,0.050,0.640,0.309
624500,0.050,0.618,0.332
625000,0.050,0.637,0.313
625500,0.050,0.617,0.333
626000,0.050,0.626,0.324
626500,0.050,0.683,0.267
627000,0.050,0.673,0.276
627500,0.050,0.659,0.290
628000,0.050,0.665,0.284
628500,0.050,0.723,0.227
629000,0.050,0.638,0.311
629500,0.050,0.631,0.319
630000,0.050,0.656,0.294
630500,0.050,0.605,0.345
631000,0.050,0.632,0.318
631500,0.050,0.621,0.329
632000,0.050,0.567,0.383
632500,0.050,0.569,0.381
633000,0.050,0.624,0.326
633500,0.050,0.617,0.333
634000,0.050,0.672,0.278
634500,0.050,0.640,0.310
635000,0.050,0.577,0.373
635500,0.050,0.569,0.381
636000,0.050,0.628,0.322
636500,0.050,0.638,0.311
637000,0.050,0.632,0.318
637500,0.050,0.622,0.328
638000,0.050,0.644,0.306
638500,0.050,0.689,0.261
639000,0.050,0.640,0.309
639500,0.050,0.601,0.349
640000,0.050,0.577,0.373
640500,0.050,0.568,0.382
641000,0.050,0.556,0.393
641500,0.050,0.581,0.369
642000,0.050,0.562,0.387
642500,0.050,0.643,0.307
643000,0.050,0.602,0.348
643500,0.050,0.625,0.325
644000,0.050,0.585,0.365
644500,0.050,0.606,0.344
645000,0.050,0.601,0.349
645500,0.050,0.673,0.277
646000,0.050,0.658,0.292
646500,0.050,0.618,0.332
647000,0.050,0.615,0.335
647500,0.050,0.663,0.287
648000,0.050,0.665,0.284
648500,0.050,0.641,0.308
649000,0.050,0.589,0.361
649500,0.050,0.621,0.329
650000,0.050,0.605,0.345
650500,0.050,0.549,0.400
651000,0.050,0.635,0.315
651500,0.050,0.607,0.343
652000,0.050,0.688,0.262
652500,0.050,0.667,0.283
653000,0.050,0.656,0.293
653500,0.050,0.671,0.278
654000,0.050,0.645,0.305
654500,0.050,0.613,0.337
655000,0.050,0.629,0.321
655500,0.050,0.594,0.356
656000,0.050,0.592,0.358
656500,0.050,0.588,0.362
657000,0.050,0.616,0.334
657500,0.050,0.570,0.380
658000,0.050,0.579,0.371
658500,0.050,0.594,0.356
659000,0.050,0.601,0.349
659500,0.050,0.650,0.300
660000,0.050,0.651,0.298
660500,0.050,0.675,0.275
661000,0.050,0.697,0.253
661500,0.050,0.655,0.295
662000,0.050,0.636,0.314
662500,0.050,0.614,0.336
663000,0.050,0.667,0.283
663500,0.050,0.656,0.293
664000,0.050,0.672,0.277
664500,0.050,0.659,0.290
665000,0.050,0.662,0.288
665500,0.050,0.682,0.268
666000,0.050,0.678,0.272
666500,0.050,0.604,0.346
667000,0.050,0.612,0.338
667500,0.050,0.662,0.287
668000,0.050,0.693,0.257
668500,0.050,0.671,0.278
669000,0.050,0.673,0.277
669500,0.050,0.651,0.298
670000,0.050,0.617,0.333
670500,0.050,0.597,0.353
671000,0.050,0.637,0.313
671500,0.050,0.595,0.355
672000,0.050,0.628,0.322
672500,0.050,0.619,0.331
673000,0.051,0.651,0.298
673500,0.050,0.688,0.262
674000,0.050,0.661,0.289
674500,0.050,0.635,0.315
675000,0.050,0.650,0.300
675500,0.050,0.650,0.300
676000,0.050,0.701,0.249
676500,0.050,0.700,0.250
677000,0.050,0.710,0.240
677500,0.050,0.687,0.263
678000,0.050,0.670,0.280
678500,0.050,0.686,0.263
679000,0.050,0.642,0.307
679500,0.050,0.657,0.293
680000,0.050,0.638,0.312
680500,0.050,0.587,0.363
681000,0.050,0.532,0.417
681500,0.050,0.564,0.386
682000,0.050,0.586,0.364
682500,0.050,0.628,0.322
683000,0.050,0.629,0.321
683500,0.050,0.646,0.304
684000,0.050,0.704,0.246
684500,0.050,0.702,0.248
685000,0.050,0.730,0.220
685500,0.050,0.710,0.240
686000,0.050,0.707,0.243
686500,0.050,0.695,0.255
687000,0.050,0.619,0.331
687500,0.050,0.613,0.337
688000,0.050,0.607,0.343
688500,0.050,0.600,0.350
689000,0.050,0.611,0.339
689500,0.050,0.630,0.320
690000,0.050,0.629,0.321
690500,0.050,0.654,0.295
691000,0.050,0.685,0.265
691500,0.050,0.622,0.328
692000,0.050,0.602,0.348
692500,0.050,0.609,0.341
693000,0.050,0.677,0.273
693500,0.050,0.693,0.257
694000,0.050,0.683,0.267
694500,0.050,0.674,0.276
695000,0.050,0.673,0.276
695500,0.050,0.686,0.263
696000,0.050,0.642,0.308
696500,0.050,0.634,0.316
697000,0.050,0.621,0.329
697500,0.050,0.596,0.354
698000,0.050,0.612,0.338
698500,0.050,0.627,0.323
699000,0.050,0.596,0.354
699500,0.050,0.616,0.334
700000,0.050,0.639,0.310
700500,0.050,0.617,0.333
701000,0.050,0.648,0.302
701500,0.050,0.638,0.312
702000,0.050,0.649,0.300
702500,0.050,0.645,0.304
703000,0.050,0.635,0.315
703500,0.050,0.653,0.296
704000,0.050,0.677,0.273
704500,0.050,0.696,0.254
705000,0.050,0.697,0.253
705500,0.050,0.678,0.271
706000,0.050,0.640,0.309
706500,0.050,0.661,0.288
707000,0.050,0.667,0.282
707500,0.050,0.677,0.273
708000,0.050,0.668,0.281
708500,0.050,0.678,0.272
709000,0.050,0.645,0.305
709500,0.050,0.606,0.344
710000,0.050,0.603,0.347
710500,0.050,0.618,0.332
711000,0.050,0.616,0.334
711500,0.050,0.643,0.307
712000,0.050,0.605,0.345
712500,0.050,0.603,0.347
713000,0.050,0.589,0.361
713500,0.050,0.579,0.371
714000,0.050,0.588,0.362
714500,0.050,0.572,0.378
715000,0.050,0.577,0.373
715500,0.050,0.603,0.347
716000,0.050,0.596,0.354
716500,0.050,0.622,0.328
717000,0.050,0.607,0.343
717500,0.050,0.610,0.340
718000,0.050,0.668,0.281
718500,0.050,0.669,0.281
719000,0.050,0.634,0.316
719500,0.050,0.677,0.272
720000,0.050,0.616,0.334
720500,0.050,0.638,0.312
721000,0.050,0.648,0.301
721500,0.050,0.625,0.325
722000,0.050,0.602,0.348
722500,0.050,0.632,0.318
723000,0.050,0.661,0.289
723500,0.050,0.673,0.276
724000,0.050,0.615,0.335
724500,0.050,0.636,0.314
725000,0.050,0.613,0.337
725500,0.050,0.632,0.318
726000,0.050,0.657,0.293
726500,0.050,0.631,0.319
727000,0.050,0.661,0.288
727500,0.050,0.594,0.356
728000,0.050,0.652,0.297
728500,0.050,0.628,0.322
729000,0.050,0.655,0.295
729500,0.050,0.628,0.322
730000,0.050,0.674,0.276
730500,0.050,0.608,0.342
731000,0.050,0.589,0.361
731500,0.050,0.626,0.324
732000,0.050,0.611,0.339
732500,0.050,0.629,0.321
733000,0.050,0.637,0.312
733500,0.050,0.640,0.309
734000,0.050,0.644,0.305
734500,0.050,0.702,0.248
735000,0.050,0.653,0.296
735500,0.050,0.645,0.304
736000,0.050,0.612,0.338
736500,0.050,0.596,0.354
737000,0.050,0.596,0.354
737500,0.050,0.656,0.293
738000,0.050,0.663,0.287
738500,0.050,0.648,0.302
739000,0.050,0.585,0.365
739500,0.050,0.609,0.341
740000,0.050,0.609,0.341
740500,0.050,0.612,0.338
741000,0.050,0.579,0.371
741500,0.050,0.573,0.377
742000,0.050,0.611,0.339
742500,0.050,0.646,0.304
743000,0.050,0.659,0.290
743500,0.050,0.682,0.268
744000,0.050,0.618,0.332
744500,0.050,0.643,0.306
745000,0.050,0.613,0.337
745500,0.050,0.638,0.312
746000,0.050,0.638,0.311
746500,0.050,0.620,0.330
747000,0.050,0.577,0.373
747500,0.050,0.594,0.356
748000,0.050,0.639,0.310
748500,0.050,0.582,0.368
749000,0.050,0.624,0.326
749500,0.050,0.581,0.369
750000,0.050,0.594,0.356
750500,0.050,0.577,0.373
751000,0.050,0.609,0.341
751500,0.050,0.589,0.361
752000,0.050,0.559,0.390
752500,0.050,0.545,0.405
753000,0.050,0.568,0.382
753500,0.050,0.526,0.424
754000,0.051,0.544,0.405
754500,0.051,0.616,0.334
755000,0.050,0.598,0.352
755500,0.050,0.586,0.364
756000,0.050,0.658,0.292
756500,0.050,0.674,0.275
757000,0.050,0.651,0.298
757500,0.050,0.605,0.345
758000,0.050,0.562,0.388
758500,0.050,0.609,0.341
759000,0.050,0.588,0.362
759500,0.050,0.594,0.356
760000,0.050,0.669,0.281
760500,0.050,0.667,0.282
761000,0.050,0.625,0.325
761500,0.050,0.588,0.362
762000,0.050,0.596,0.354
762500,0.050,0.662,0.287
763000,0.050,0.654,0.296
763500,0.050,0.629,0.321
764000,0.050,0.619,0.331
764500,0.050,0.613,0.337
765000,0.050,0.583,0.367
765500,0.050,0.574,0.376
766000,0.050,0.634,0.316
766500,0.050,0.681,0.268
767000,0.050,0.677,0.273
767500,0.050,0.637,0.312
768000,0.050,0.685,0.265
768500,0.050,0.679,0.270
769000,0.050,0.666,0.284
769500,0.050,0.645,0.304
770000,0.050,0.657,0.293
770500,0.050,0.635,0.315
771000,0.050,0.690,0.260
771500,0.050,0.688,0.262
772000,0.050,0.629,0.321
772500,0.050,0.592,0.358
773000,0.050,0.609,0.341
773500,0.050,0.649,0.300
774000,0.050,0.604,0.346
774500,0.050,0.613,0.337
775000,0.050,0.612,0.338
775500,0.050,0.614,0.336
776000,0.050,0.618,0.332
776500,0.050,0.590,0.360
777000,0.050,0.663,0.287
777500,0.050,0.682,0.267
778000,0.050,0.700,0.250
778500,0.050,0.696,0.254
779000,0.050,0.668,0.282
779500,0.050,0.660,0.289
780000,0.050,0.692,0.258
780500,0.050,0.674,0.276
781000,0.050,0.611,0.339
781500,0.050,0.606,0.344
782000,0.050,0.687,0.263
782500,0.050,0.648,0.301
783000,0.050,0.699,0.251
783500,0.050,0.716,0.234
784000,0.050,0.676,0.274
784500,0.050,0.637,0.313
785000,0.050,0.616,0.334
785500,0.050,0.635,0.315
786000,0.050,0.611,0.339
786500,0.050,0.654,0.296
787000,0.050,0.672,0.277
787500,0.050,0.635,0.315
788000,0.050,0.638,0.312
788500,0.050,0.676,0.274
789000,0.050,0.639,0.311
789500,0.050,0.645,0.305
790000,0.050,0.588,0.362
790500,0.050,0.553,0.396
791000,0.050,0.592,0.358
791500,0.050,0.600,0.350
792000,0.050,0.652,0.298
792500,0.050,0.620,0.330
793000,0.050,0.626,0.324
793500,0.050,0.685,0.265
794000,0.050,0.674,0.275
794500,0.050,0.689,0.261
795000,0.050,0.643,0.307
795500,0.050,0.622,0.328
796000,0.050,0.622,0.328
796500,0.050,0.616,0.334
797000,0.050,0.595,0.355
797500,0.050,0.625,0.325
798000,0.050,0.650,0.300
798500,0.050,0.688,0.262
799000,0.050,0.657,0.292
799500,0.050,0.679,0.270
800000,0.050,0.713,0.237
800500,0.050,0.717,0.233
801000,0.050,0.626,0.324
801500,0.050,0.646,0.303
802000,0.050,0.676,0.274
802500,0.050,0.633,0.317
803000,0.050,0.631,0.319
803500,0.050,0.629,0.321
804000,0.050,0.569,0.381
804500,0.050,0.590,0.360
805000,0.050,0.600,0.350
805500,0.050,0.607,0.343
806000,0.050,0.626,0.324
806500,0.050,0.609,0.341
807000,0.050,0.654,0.296
807500,0.050,0.605,0.345
808000,0.050,0.611,0.339
808500,0.050,0.587,0.363
809000,0.050,0.603,0.347
809500,0.050,0.611,0.339
810000,0.050,0.602,0.348
810500,0.050,0.606,0.344
811000,0.050,0.600,0.350
811500,0.050,0.592,0.358
812000,0.050,0.596,0.354
812500,0.050,0.649,0.301
813000,0.050,0.638,0.312
813500,0.050,0.658,0.292
814000,0.050,0.665,0.284
814500,0.050,0.638,0.311
815000,0.050,0.605,0.345
815500,0.050,0.617,0.333
816000,0.050,0.641,0.308
816500,0.050,0.592,0.358
817000,0.050,0.610,0.340
817500,0.050,0.623,0.327
818000,0.050,0.658,0.292
818500,0.050,0.692,0.258
819000,0.050,0.672,0.277
819500,0.050,0.686,0.263
820000,0.050,0.650,0.299
820500,0.050,0.652,0.297
821000,0.050,0.668,0.281
821500,0.050,0.646,0.303
822000,0.050,0.656,0.293
822500,0.050,0.715,0.235
823000,0.050,0.703,0.247
823500,0.050,0.661,0.288
824000,0.050,0.702,0.248
824500,0.050,0.648,0.302
825000,0.050,0.601,0.349
825500,0.050,0.596,0.354
826000,0.050,0.580,0.370
826500,0.050,0.583,0.367
827000,0.050,0.627,0.323
827500,0.050,0.623,0.327
828000,0.050,0.666,0.283
828500,0.050,0.672,0.277
829000,0.050,0.679,0.271
829500,0.050,0.597,0.353
830000,0.050,0.641,0.308
830500,0.050,0.644,0.306
831000,0.050,0.616,0.334
831500,0.050,0.625,0.325
832000,0.050,0.619,0.331
832500,0.050,0.569,0.381
833000,0.050,0.631,0.319
833500,0.050,0.625,0.325
834000,0.050,0.609,0.341
834500,0.050,0.642,0.307
835000,0.050,0.656,0.293
835500,0.050,0.641,0.308
836000,0.050,0.671,0.278
836500,0.050,0.633,0.317
837000,0.050,0.671,0.279
837500,0.050,0.634,0.316
838000,0.050,0.659,0.290
838500,0.050,0.678,0.271
839000,0.050,0.667,0.283
839500,0.050,0.652,0.297
840000,0.050,0.654,0.295
840500,0.050,0.594,0.356
841000,0.050,0.607,0.343
841500,0.050,0.618,0.332
842000,0.050,0.622,0.328
842500,0.050,0.636,0.314
843000,0.050,0.644,0.305
843500,0.050,0.641,0.309
844000,0.050,0.661,0.288
844500,0.050,0.608,0.342
845000,0.051,0.679,0.270
845500,0.051,0.658,0.291
846000,0.050,0.636,0.314
846500,0.050,0.646,0.304
847000,0.050,0.607,0.343
847500,0.050,0.638,0.311
848000,0.050,0.631,0.319
848500,0.050,0.628,0.322
849000,0.050,0.590,0.360
849500,0.050,0.657,0.293
850000,0.050,0.649,0.301
850500,0.050,0.603,0.347
851000,0.050,0.546,0.404
851500,0.050,0.603,0.347
852000,0.050,0.582,0.368
852500,0.050,0.540,0.410
853000,0.050,0.571,0.379
853500,0.050,0.616,0.334
854000,0.050,0.602,0.348
854500,0.050,0.590,0.360
855000,0.050,0.612,0.338
855500,0.050,0.580,0.370
856000,0.050,0.599,0.351
856500,0.050,0.625,0.325
857000,0.050,0.608,0.342
857500,0.050,0.581,0.369
858000,0.050,0.612,0.338
858500,0.050,0.577,0.373
859000,0.050,0.601,0.349
859500,0.050,0.594,0.356
860000,0.050,0.646,0.303
860500,0.050,0.599,0.351
861000,0.050,0.654,0.295
861500,0.050,0.686,0.264
862000,0.050,0.712,0.238
862500,0.050,0.672,0.278
863000,0.050,0.661,0.288
863500,0.052,0.613,0.335
864000,0.051,0.605,0.345
864500,0.050,0.656,0.294
865000,0.050,0.629,0.321
865500,0.050,0.651,0.299
866000,0.050,0.619,0.331
866500,0.050,0.597,0.353
867000,0.050,0.591,0.359
867500,0.050,0.666,0.284
868000,0.050,0.670,0.279
868500,0.050,0.637,0.312
869000,0.050,0.663,0.287
869500,0.050,0.670,0.279
870000,0.050,0.630,0.320
870500,0.050,0.623,0.327
871000,0.050,0.670,0.280
871500,0.050,0.643,0.307
872000,0.050,0.685,0.265
872500,0.050,0.654,0.295
873000,0.050,0.642,0.307
873500,0.050,0.627,0.323
874000,0.050,0.580,0.370
874500,0.050,0.520,0.429
875000,0.050,0.555,0.394
875500,0.050,0.564,0.386
876000,0.050,0.627,0.323
876500,0.050,0.645,0.304
877000,0.050,0.625,0.325
877500,0.050,0.627,0.323
878000,0.051,0.658,0.291
878500,0.050,0.654,0.295
879000,0.050,0.596,0.354
879500,0.050,0.577,0.373
880000,0.050,0.576,0.374
880500,0.050,0.598,0.352
881000,0.050,0.600,0.350
881500,0.050,0.664,0.285
882000,0.050,0.618,0.332
882500,0.050,0.661,0.288
883000,0.050,0.647,0.302
883500,0.050,0.650,0.300
884000,0.050,0.658,0.292
884500,0.050,0.623,0.327
885000,0.050,0.681,0.268
885500,0.050,0.666,0.284
886000,0.050,0.635,0.315
886500,0.050,0.620,0.330
887000,0.050,0.637,0.312
887500,0.050,0.649,0.300
888000,0.050,0.643,0.306
888500,0.050,0.597,0.353
889000,0.050,0.586,0.364
889500,0.050,0.635,0.315
890000,0.050,0.606,0.344
890500,0.050,0.543,0.407
891000,0.050,0.613,0.337
891500,0.050,0.627,0.323
892000,0.050,0.675,0.274
892500,0.050,0.664,0.286
893000,0.050,0.667,0.282
893500,0.050,0.667,0.282
894000,0.050,0.624,0.326
894500,0.050,0.586,0.364
895000,0.050,0.609,0.341
895500,0.050,0.597,0.353
896000,0.050,0.545,0.404
896500,0.050,0.571,0.379
897000,0.050,0.561,0.388
897500,0.050,0.644,0.306
898000,0.050,0.664,0.286
898500,0.050,0.614,0.336
899000,0.050,0.615,0.335
899500,0.050,0.642,0.307
900000,0.050,0.657,0.292
900500,0.050,0.612,0.338
901000,0.050,0.670,0.280
901500,0.050,0.622,0.328
902000,0.050,0.617,0.333
902500,0.050,0.625,0.325
903000,0.050,0.576,0.374
903500,0.050,0.609,0.341
904000,0.050,0.640,0.310
904500,0.050,0.661,0.289
905000,0.050,0.660,0.290
905500,0.050,0.606,0.344
906000,0.050,0.625,0.325
906500,0.050,0.621,0.329
907000,0.050,0.635,0.315
907500,0.050,0.628,0.322
908000,0.050,0.581,0.369
908500,0.050,0.591,0.359
909000,0.050,0.598,0.352
909500,0.050,0.600,0.350
910000,0.050,0.615,0.335
910500,0.050,0.568,0.382
911000,0.050,0.593,0.357
911500,0.050,0.631,0.319
912000,0.050,0.677,0.272
912500,0.050,0.658,0.292
913000,0.050,0.678,0.271
913500,0.050,0.672,0.277
914000,0.050,0.675,0.274
914500,0.050,0.617,0.333
915000,0.050,0.585,0.365
915500,0.050,0.575,0.375
916000,0.050,0.640,0.310
916500,0.050,0.649,0.300
917000,0.050,0.702,0.248
917500,0.050,0.689,0.261
918000,0.050,0.673,0.276
918500,0.050,0.654,0.296
919000,0.050,0.637,0.313
919500,0.050,0.648,0.302
920000,0.050,0.647,0.303
920500,0.050,0.620,0.330
921000,0.050,0.562,0.388
921500,0.050,0.609,0.341
922000,0.050,0.629,0.321
922500,0.050,0.691,0.259
923000,0.050,0.694,0.256
923500,0.050,0.650,0.299
924000,0.050,0.713,0.237
924500,0.050,0.660,0.290
925000,0.050,0.718,0.232
925500,0.050,0.668,0.282
926000,0.050,0.653,0.297
926500,0.050,0.684,0.265
927000,0.050,0.653,0.296
927500,0.050,0.620,0.330
928000,0.050,0.650,0.299
928500,0.050,0.584,0.366
929000,0.050,0.638,0.312
929500,0.050,0.606,0.344
930000,0.050,0.624,0.326
930500,0.050,0.662,0.287
931000,0.050,0.699,0.251
931500,0.050,0.677,0.272
932000,0.050,0.669,0.280
932500,0.050,0.655,0.294
933000,0.050,0.582,0.368
933500,0.050,0.616,0.334
934000,0.050,0.693,0.257
934500,0.050,0.663,0.286
935000,0.050,0.591,0.359
935500,0.051,0.562,0.386
936000,0.050,0.611,0.339
936500,0.050,0.603,0.347
937000,0.050,0.567,0.383
937500,0.050,0.545,0.405
938000,0.050,0.603,0.347
938500,0.050,0.620,0.330
939000,0.050,0.569,0.381
939500,0.050,0.548,0.401
940000,0.050,0.575,0.375
940500,0.050,0.649,0.300
941000,0.050,0.676,0.273
941500,0.050,0.659,0.291
942000,0.050,0.612,0.338
942500,0.050,0.595,0.355
943000,0.050,0.610,0.340
943500,0.050,0.652,0.297
944000,0.050,0.671,0.279
944500,0.050,0.658,0.291
945000,0.050,0.684,0.265
945500,0.050,0.676,0.273
946000,0.050,0.661,0.289
946500,0.050,0.648,0.301
947000,0.050,0.637,0.312
947500,0.050,0.589,0.361
948000,0.050,0.641,0.309
948500,0.050,0.627,0.323
949000,0.050,0.607,0.343
949500,0.050,0.612,0.338
950000,0.050,0.599,0.351
950500,0.050,0.588,0.362
951000,0.050,0.623,0.327
951500,0.050,0.565,0.385
952000,0.050,0.594,0.356
952500,0.050,0.619,0.331
953000,0.050,0.645,0.304
953500,0.050,0.679,0.271
954000,0.050,0.642,0.307
954500,0.050,0.657,0.293
955000,0.050,0.659,0.291
955500,0.050,0.611,0.339
956000,0.050,0.621,0.329
956500,0.050,0.631,0.319
957000,0.050,0.653,0.296
957500,0.050,0.637,0.312
958000,0.050,0.626,0.324
958500,0.050,0.625,0.325
959000,0.050,0.647,0.302
959500,0.050,0.609,0.341
960000,0.050,0.642,0.308
960500,0.050,0.578,0.372
961000,0.050,0.573,0.377
961500,0.050,0.540,0.410
962000,0.050,0.617,0.333
962500,0.050,0.591,0.359
963000,0.050,0.607,0.343
963500,0.050,0.578,0.372
964000,0.050,0.576,0.374
964500,0.050,0.570,0.380
965000,0.050,0.613,0.337
965500,0.050,0.629,0.321
966000,0.050,0.608,0.342
966500,0.050,0.610,0.340
967000,0.050,0.576,0.374
967500,0.051,0.636,0.313
968000,0.051,0.641,0.308
968500,0.050,0.698,0.252
969000,0.050,0.662,0.287
969500,0.050,0.665,0.284
970000,0.050,0.611,0.339
970500,0.050,0.618,0.332
971000,0.050,0.601,0.349
971500,0.050,0.651,0.298
972000,0.050,0.662,0.288
972500,0.050,0.671,0.278
973000,0.050,0.655,0.294
973500,0.050,0.643,0.307
974000,0.050,0.621,0.329
974500,0.050,0.593,0.357
975000,0.050,0.612,0.338
975500,0.050,0.611,0.339
976000,0.050,0.640,0.310
976500,0.050,0.628,0.322
977000,0.050,0.647,0.303
977500,0.050,0.579,0.371
978000,0.050,0.658,0.291
978500,0.050,0.699,0.251
979000,0.050,0.692,0.258
979500,0.050,0.679,0.271
980000,0.050,0.679,0.271
980500,0.050,0.626,0.324
981000,0.050,0.631,0.319
981500,0.050,0.619,0.331
982000,0.050,0.611,0.339
982500,0.050,0.603,0.347
983000,0.050,0.680,0.269
983500,0.050,0.651,0.298
984000,0.050,0.604,0.346
984500,0.050,0.624,0.326
985000,0.050,0.635,0.315
985500,0.050,0.633,0.317
986000,0.050,0.604,0.346
986500,0.050,0.694,0.256
987000,0.050,0.646,0.303
987500,0.050,0.684,0.265
988000,0.050,0.632,0.318
988500,0.050,0.633,0.317
989000,0.050,0.639,0.311
989500,0.050,0.636,0.314
990000,0.050,0.626,0.324
990500,0.050,0.582,0.368
991000,0.050,0.591,0.359
991500,0.050,0.624,0.326
992000,0.050,0.624,0.326
992500,0.050,0.665,0.284
993000,0.050,0.608,0.342
993500,0.050,0.690,0.260
994000,0.050,0.710,0.240
994500,0.050,0.698,0.252
995000,0.050,0.690,0.260
995500,0.050,0.651,0.298
996000,0.050,0.627,0.323
996500,0.050,0.603,0.347
997000,0.050,0.597,0.353
997500,0.050,0.610,0.340
998000,0.050,0.633,0.317
998500,0.050,0.639,0.311
999000,0.050,0.641,0.309
999500,0.050,0.614,0.336
1000000,0.050,0.619,0.331
