time,n_A+p,n_B,n_AB
500,0.030,0.911,0.059
1000,0.030,0.827,0.143
1500,0.030,0.695,0.275
2000,0.030,0.495,0.475
2500,0.032,0.322,0.646
3000,0.040,0.185,0.775
3500,0.050,0.117,0.833
4000,0.044,0.074,0.882
4500,0.058,0.060,0.882
5000,0.064,0.042,0.894
5500,0.080,0.028,0.892
6000,0.067,0.025,0.908
6500,0.089,0.023,0.888
7000,0.057,0.025,0.918
7500,0.068,0.025,0.907
8000,0.070,0.034,0.896
8500,0.076,0.032,0.892
9000,0.083,0.022,0.895
9500,0.078,0.022,0.900
10000,0.067,0.037,0.896
10500,0.064,0.018,0.918
11000,0.065,0.032,0.903
11500,0.062,0.030,0.908
12000,0.081,0.018,0.901
12500,0.073,0.023,0.904
13000,0.085,0.037,0.878
13500,0.076,0.037,0.887
14000,0.072,0.018,0.910
14500,0.074,0.015,0.911
15000,0.074,0.015,0.911
15500,0.060,0.016,0.924
16000,0.073,0.033,0.894
16500,0.075,0.048,0.877
17000,0.063,0.047,0.890
17500,0.069,0.048,0.883
18000,0.070,0.024,0.906
18500,0.084,0.042,0.874
19000,0.075,0.033,0.892
19500,0.059,0.017,0.924
20000,0.058,0.033,0.909
20500,0.056,0.035,0.909
21000,0.054,0.021,0.925
21500,0.058,0.019,0.923
22000,0.085,0.015,0.900
22500,0.082,0.029,0.889
23000,0.078,0.033,0.889
23500,0.069,0.032,0.899
24000,0.072,0.034,0.894
24500,0.073,0.035,0.892
25000,0.089,0.026,0.885
25500,0.076,0.036,0.888
26000,0.079,0.038,0.883
26500,0.070,0.029,0.901
27000,0.074,0.026,0.900
27500,0.057,0.027,0.916
28000,0.071,0.020,0.909
28500,0.081,0.028,0.891
29000,0.068,0.021,0.911
29500,0.060,0.027,0.913
30000,0.059,0.029,0.912
30500,0.065,0.029,0.906
31000,0.058,0.038,0.904
31500,0.052,0.035,0.913
32000,0.059,0.035,0.906
32500,0.064,0.028,0.908
33000,0.070,0.031,0.899
33500,0.058,0.026,0.916
34000,0.071,0.037,0.892
34500,0.068,0.047,0.885
35000,0.075,0.039,0.886
35500,0.070,0.023,0.907
36000,0.071,0.032,0.897
36500,0.079,0.040,0.881
37000,0.076,0.031,0.893
37500,0.080,0.034,0.886
38000,0.069,0.034,0.897
38500,0.057,0.025,0.918
39000,0.061,0.039,0.900
39500,0.059,0.042,0.899
40000,0.052,0.034,0.914
40500,0.063,0.045,0.892
41000,0.057,0.033,0.910
41500,0.054,0.032,0.914
42000,0.063,0.048,0.889
42500,0.060,0.054,0.886
43000,0.065,0.046,0.889
43500,0.085,0.042,0.873
44000,0.091,0.027,0.882
44500,0.077,0.036,0.887
45000,0.071,0.038,0.891
45500,0.075,0.040,0.885
46000,0.060,0.057,0.883
46500,0.049,0.053,0.898
47000,0.054,0.044,0.902
47500,0.051,0.049,0.900
48000,0.057,0.054,0.889
48500,0.068,0.051,0.881
49000,0.052,0.041,0.907
49500,0.068,0.024,0.908
50000,0.076,0.032,0.892
50500,0.075,0.022,0.903
51000,0.074,0.013,0.913
51500,0.078,0.026,0.896
52000,0.061,0.039,0.900
52500,0.057,0.043,0.900
53000,0.053,0.050,0.897
53500,0.057,0.032,0.911
54000,0.062,0.026,0.912
54500,0.071,0.024,0.905
55000,0.075,0.034,0.891
55500,0.069,0.036,0.895
56000,0.060,0.028,0.912
56500,0.064,0.027,0.909
57000,0.073,0.039,0.888
57500,0.073,0.035,0.892
58000,0.068,0.031,0.901
58500,0.061,0.043,0.896
59000,0.065,0.040,0.895
59500,0.065,0.020,0.915
60000,0.073,0.026,0.901
60500,0.084,0.031,0.885
61000,0.076,0.025,0.899
61500,0.079,0.037,0.884
62000,0.085,0.037,0.878
62500,0.092,0.019,0.889
63000,0.085,0.025,0.890
63500,0.080,0.020,0.900
64000,0.078,0.023,0.899
64500,0.068,0.042,0.890
65000,0.066,0.050,0.884
65500,0.054,0.046,0.900
66000,0.056,0.049,0.895
66500,0.053,0.046,0.901
67000,0.075,0.031,0.894
67500,0.075,0.014,0.911
68000,0.079,0.028,0.893
68500,0.089,0.029,0.882
69000,0.080,0.014,0.906
69500,0.058,0.024,0.918
70000,0.077,0.029,0.894
70500,0.082,0.040,0.878
71000,0.107,0.023,0.870
71500,0.094,0.013,0.893
72000,0.082,0.010,0.908
72500,0.076,0.044,0.880
73000,0.084,0.034,0.882
73500,0.071,0.045,0.884
74000,0.076,0.027,0.897
74500,0.066,0.041,0.893
75000,0.060,0.025,0.915
75500,0.070,0.047,0.883
76000,0.071,0.045,0.884
76500,0.066,0.034,0.900
77000,0.073,0.041,0.886
77500,0.078,0.036,0.886
78000,0.060,0.025,0.915
78500,0.060,0.042,0.898
79000,0.071,0.036,0.893
79500,0.069,0.032,0.899
80000,0.080,0.032,0.888
80500,0.078,0.031,0.891
81000,0.080,0.031,0.889
81500,0.066,0.024,0.910
82000,0.059,0.015,0.926
82500,0.072,0.025,0.903
83000,0.070,0.024,0.906
83500,0.066,0.017,0.917
84000,0.074,0.025,0.901
84500,0.076,0.034,0.890
85000,0.069,0.026,0.905
85500,0.082,0.015,0.903
86000,0.081,0.016,0.903
86500,0.069,0.020,0.911
87000,0.082,0.026,0.892
87500,0.064,0.022,0.914
88000,0.066,0.016,0.918
88500,0.058,0.048,0.894
89000,0.068,0.040,0.892
89500,0.069,0.043,0.888
90000,0.059,0.040,0.901
90500,0.064,0.045,0.891
91000,0.069,0.043,0.888
91500,0.083,0.038,0.879
92000,0.071,0.034,0.895
92500,0.069,0.017,0.914
93000,0.070,0.018,0.912
93500,0.086,0.020,0.894
94000,0.078,0.022,0.900
94500,0.060,0.024,0.916
95000,0.063,0.039,0.898
95500,0.068,0.040,0.892
96000,0.096,0.035,0.869
96500,0.076,0.042,0.882
97000,0.064,0.037,0.899
97500,0.058,0.049,0.893
98000,0.080,0.049,0.871
98500,0.071,0.040,0.889
99000,0.075,0.023,0.902
99500,0.072,0.026,0.902
100000,0.087,0.021,0.892
100500,0.061,0.034,0.905
101000,0.063,0.045,0.892
101500,0.085,0.026,0.889
102000,0.091,0.023,0.886
102500,0.072,0.043,0.885
103000,0.061,0.030,0.909
103500,0.061,0.027,0.912
104000,0.071,0.020,0.909
104500,0.063,0.030,0.907
105000,0.053,0.030,0.917
105500,0.079,0.044,0.877
106000,0.077,0.033,0.890
106500,0.066,0.035,0.899
107000,0.073,0.029,0.898
107500,0.085,0.034,0.881
108000,0.070,0.026,0.904
108500,0.060,0.044,0.896
109000,0.069,0.069,0.862
109500,0.072,0.050,0.878
110000,0.067,0.036,0.897
110500,0.074,0.035,0.891
111000,0.089,0.030,0.881
111500,0.075,0.030,0.895
112000,0.069,0.024,0.907
112500,0.084,0.025,0.891
113000,0.076,0.035,0.889
113500,0.072,0.038,0.890
114000,0.061,0.047,0.892
114500,0.070,0.032,0.898
115000,0.074,0.026,0.900
115500,0.072,0.031,0.897
116000,0.089,0.030,0.881
116500,0.096,0.023,0.881
117000,0.075,0.022,0.903
117500,0.079,0.023,0.898
118000,0.071,0.021,0.908
118500,0.080,0.036,0.884
119000,0.069,0.028,0.903
119500,0.075,0.013,0.912
120000,0.065,0.036,0.899
120500,0.071,0.033,0.896
121000,0.068,0.035,0.897
121500,0.070,0.045,0.885
122000,0.061,0.036,0.903
122500,0.081,0.024,0.895
123000,0.086,0.031,0.883
123500,0.080,0.025,0.895
124000,0.061,0.016,0.923
124500,0.074,0.022,0.904
125000,0.079,0.020,0.901
125500,0.070,0.032,0.898
126000,0.077,0.039,0.884
126500,0.075,0.028,0.897
127000,0.076,0.027,0.897
127500,0.068,0.040,0.892
128000,0.065,0.043,0.892
128500,0.070,0.035,0.895
129000,0.065,0.042,0.893
129500,0.065,0.030,0.905
130000,0.067,0.025,0.908
130500,0.071,0.037,0.892
131000,0.081,0.044,0.875
131500,0.064,0.032,0.904
132000,0.059,0.025,0.916
132500,0.074,0.018,0.908
133000,0.065,0.033,0.902
133500,0.053,0.027,0.920
134000,0.058,0.038,0.904
134500,0.055,0.043,0.902
135000,0.063,0.042,0.895
135500,0.050,0.046,0.904
136000,0.065,0.037,0.898
136500,0.066,0.039,0.895
137000,0.062,0.028,0.910
137500,0.063,0.027,0.910
138000,0.061,0.033,0.906
138500,0.072,0.034,0.894
139000,0.065,0.024,0.911
139500,0.069,0.029,0.902
140000,0.067,0.042,0.891
140500,0.060,0.047,0.893
141000,0.066,0.058,0.876
141500,0.064,0.049,0.887
142000,0.058,0.046,0.896
142500,0.059,0.056,0.885
143000,0.067,0.049,0.884
143500,0.084,0.025,0.891
144000,0.078,0.020,0.902
144500,0.082,0.015,0.903
145000,0.085,0.023,0.892
145500,0.065,0.024,0.911
146000,0.062,0.028,0.910
146500,0.073,0.022,0.905
147000,0.070,0.014,0.916
147500,0.068,0.036,0.896
148000,0.072,0.057,0.871
148500,0.067,0.056,0.877
149000,0.072,0.040,0.888
149500,0.063,0.030,0.907
150000,0.069,0.025,0.906
150500,0.069,0.021,0.910
151000,0.067,0.058,0.875
151500,0.061,0.042,0.897
152000,0.067,0.029,0.904
152500,0.061,0.025,0.914
153000,0.062,0.021,0.917
153500,0.058,0.027,0.915
154000,0.058,0.018,0.924
154500,0.071,0.027,0.902
155000,0.079,0.021,0.900
155500,0.065,0.024,0.911
156000,0.068,0.027,0.905
156500,0.070,0.025,0.905
157000,0.071,0.025,0.904
157500,0.070,0.019,0.911
158000,0.073,0.015,0.912
158500,0.073,0.017,0.910
159000,0.088,0.028,0.884
159500,0.080,0.041,0.879
160000,0.073,0.030,0.897
160500,0.062,0.034,0.904
161000,0.060,0.021,0.919
161500,0.061,0.023,0.916
162000,0.069,0.026,0.905
162500,0.076,0.035,0.889
163000,0.064,0.036,0.900
163500,0.061,0.036,0.903
164000,0.067,0.032,0.901
164500,0.062,0.035,0.903
165000,0.065,0.030,0.905
165500,0.061,0.036,0.903
166000,0.060,0.021,0.919
166500,0.065,0.039,0.896
167000,0.069,0.019,0.912
167500,0.062,0.010,0.928
168000,0.062,0.028,0.910
168500,0.069,0.035,0.896
169000,0.082,0.040,0.878
169500,0.072,0.039,0.889
170000,0.070,0.030,0.900
170500,0.078,0.028,0.894
171000,0.067,0.023,0.910
171500,0.080,0.027,0.893
172000,0.083,0.040,0.877
172500,0.093,0.038,0.869
173000,0.086,0.036,0.878
173500,0.089,0.024,0.887
174000,0.083,0.019,0.898
174500,0.074,0.021,0.905
175000,0.070,0.028,0.902
175500,0.078,0.028,0.894
176000,0.080,0.044,0.876
176500,0.067,0.027,0.906
177000,0.072,0.030,0.898
177500,0.093,0.037,0.870
178000,0.069,0.037,0.894
178500,0.069,0.035,0.896
179000,0.073,0.045,0.882
179500,0.070,0.033,0.897
180000,0.066,0.028,0.906
180500,0.072,0.026,0.902
181000,0.079,0.028,0.893
181500,0.065,0.029,0.906
182000,0.073,0.020,0.907
182500,0.062,0.033,0.905
183000,0.049,0.046,0.905
183500,0.053,0.049,0.898
184000,0.062,0.031,0.907
184500,0.069,0.046,0.885
185000,0.075,0.034,0.891
185500,0.079,0.041,0.880
186000,0.080,0.035,0.885
186500,0.077,0.047,0.876
187000,0.067,0.034,0.899
187500,0.072,0.038,0.890
188000,0.061,0.047,0.892
188500,0.076,0.037,0.887
189000,0.060,0.027,0.913
189500,0.072,0.029,0.899
190000,0.085,0.033,0.882
190500,0.083,0.044,0.873
191000,0.069,0.044,0.887
191500,0.080,0.042,0.878
192000,0.077,0.047,0.876
192500,0.078,0.041,0.881
193000,0.089,0.054,0.857
193500,0.074,0.048,0.878
194000,0.065,0.044,0.891
194500,0.053,0.035,0.912
195000,0.055,0.033,0.912
195500,0.067,0.040,0.893
196000,0.078,0.028,0.894
196500,0.079,0.026,0.895
197000,0.074,0.029,0.897
197500,0.080,0.025,0.895
198000,0.072,0.040,0.888
198500,0.059,0.020,0.921
199000,0.057,0.032,0.911
199500,0.054,0.033,0.913
200000,0.059,0.031,0.910
200500,0.067,0.031,0.902
201000,0.055,0.033,0.912
201500,0.054,0.019,0.927
202000,0.066,0.029,0.905
202500,0.075,0.037,0.888
203000,0.080,0.044,0.876
203500,0.070,0.037,0.893
204000,0.057,0.041,0.902
204500,0.056,0.053,0.891
205000,0.052,0.043,0.905
205500,0.047,0.044,0.909
206000,0.058,0.047,0.895
206500,0.080,0.058,0.862
207000,0.076,0.038,0.886
207500,0.077,0.034,0.889
208000,0.066,0.024,0.910
208500,0.063,0.035,0.902
209000,0.087,0.024,0.889
209500,0.072,0.027,0.901
210000,0.068,0.029,0.903
210500,0.069,0.037,0.894
211000,0.075,0.045,0.880
211500,0.083,0.031,0.886
212000,0.073,0.030,0.897
212500,0.071,0.023,0.906
213000,0.075,0.028,0.897
213500,0.080,0.046,0.874
214000,0.060,0.051,0.889
214500,0.067,0.046,0.887
215000,0.071,0.042,0.887
215500,0.061,0.039,0.900
216000,0.055,0.028,0.917
216500,0.053,0.018,0.929
217000,0.066,0.009,0.925
217500,0.080,0.012,0.908
218000,0.072,0.019,0.909
218500,0.069,0.022,0.909
219000,0.068,0.024,0.908
219500,0.067,0.019,0.914
220000,0.104,0.014,0.882
220500,0.090,0.024,0.886
221000,0.094,0.020,0.886
221500,0.086,0.034,0.880
222000,0.076,0.033,0.891
222500,0.077,0.022,0.901
223000,0.076,0.032,0.892
223500,0.074,0.032,0.894
224000,0.074,0.029,0.897
224500,0.063,0.045,0.892
225000,0.061,0.042,0.897
225500,0.088,0.041,0.871
226000,0.075,0.045,0.880
226500,0.074,0.035,0.891
227000,0.087,0.033,0.880
227500,0.092,0.033,0.875
228000,0.078,0.030,0.892
228500,0.088,0.041,0.871
229000,0.080,0.027,0.893
229500,0.068,0.026,0.906
230000,0.076,0.032,0.892
230500,0.062,0.035,0.903
231000,0.059,0.038,0.903
231500,0.053,0.031,0.916
232000,0.068,0.030,0.902
232500,0.063,0.016,0.921
233000,0.066,0.028,0.906
233500,0.056,0.031,0.913
234000,0.058,0.046,0.896
234500,0.066,0.044,0.890
235000,0.058,0.031,0.911
235500,0.078,0.036,0.886
236000,0.083,0.042,0.875
236500,0.081,0.028,0.891
237000,0.065,0.041,0.894
237500,0.068,0.044,0.888
238000,0.072,0.048,0.880
238500,0.058,0.045,0.897
239000,0.069,0.028,0.903
239500,0.068,0.033,0.899
240000,0.079,0.022,0.899
240500,0.074,0.033,0.893
241000,0.081,0.032,0.887
241500,0.093,0.038,0.869
242000,0.086,0.061,0.853
242500,0.093,0.043,0.864
243000,0.075,0.034,0.891
243500,0.074,0.033,0.893
244000,0.062,0.041,0.897
244500,0.062,0.020,0.918
245000,0.053,0.022,0.925
245500,0.059,0.030,0.911
246000,0.079,0.018,0.903
246500,0.074,0.035,0.891
247000,0.078,0.030,0.892
247500,0.068,0.029,0.903
248000,0.059,0.029,0.912
248500,0.058,0.032,0.910
249000,0.050,0.027,0.923
249500,0.043,0.027,0.930
250000,0.057,0.014,0.929
250500,0.076,0.032,0.892
251000,0.075,0.044,0.881
251500,0.062,0.029,0.909
252000,0.055,0.040,0.905
252500,0.069,0.042,0.889
253000,0.075,0.040,0.885
253500,0.074,0.036,0.890
254000,0.063,0.020,0.917
254500,0.067,0.041,0.892
255000,0.073,0.043,0.884
255500,0.074,0.041,0.885
256000,0.066,0.053,0.881
256500,0.068,0.031,0.901
257000,0.086,0.028,0.886
257500,0.073,0.029,0.898
258000,0.084,0.025,0.891
258500,0.102,0.030,0.868
259000,0.080,0.028,0.892
259500,0.075,0.036,0.889
260000,0.088,0.019,0.893
260500,0.075,0.038,0.887
261000,0.070,0.023,0.907
261500,0.074,0.019,0.907
262000,0.071,0.011,0.918
262500,0.073,0.022,0.905
263000,0.076,0.038,0.886
263500,0.083,0.043,0.874
264000,0.084,0.035,0.881
264500,0.073,0.036,0.891
265000,0.057,0.030,0.913
265500,0.067,0.035,0.898
266000,0.060,0.034,0.906
266500,0.075,0.056,0.869
267000,0.068,0.037,0.895
267500,0.054,0.021,0.925
268000,0.072,0.021,0.907
268500,0.064,0.031,0.905
269000,0.072,0.031,0.897
269500,0.064,0.019,0.917
270000,0.067,0.018,0.915
270500,0.076,0.030,0.894
271000,0.083,0.045,0.872
271500,0.061,0.038,0.901
272000,0.068,0.023,0.909
272500,0.066,0.026,0.908
273000,0.067,0.036,0.897
273500,0.080,0.030,0.890
274000,0.091,0.052,0.857
274500,0.088,0.048,0.864
275000,0.072,0.058,0.870
275500,0.056,0.049,0.895
276000,0.056,0.045,0.899
276500,0.064,0.034,0.902
277000,0.053,0.036,0.911
277500,0.066,0.027,0.907
278000,0.060,0.031,0.909
278500,0.050,0.053,0.897
279000,0.056,0.034,0.910
279500,0.061,0.030,0.909
280000,0.070,0.019,0.911
280500,0.073,0.026,0.901
281000,0.066,0.039,0.895
281500,0.068,0.037,0.895
282000,0.078,0.029,0.893
282500,0.069,0.021,0.910
283000,0.070,0.030,0.900
283500,0.068,0.021,0.911
284000,0.069,0.025,0.906
284500,0.063,0.048,0.889
285000,0.061,0.030,0.909
285500,0.059,0.037,0.904
286000,0.067,0.035,0.898
286500,0.089,0.023,0.888
287000,0.081,0.030,0.889
287500,0.062,0.025,0.913
288000,0.067,0.034,0.899
288500,0.066,0.044,0.890
289000,0.070,0.034,0.896
289500,0.060,0.045,0.895
290000,0.076,0.034,0.890
290500,0.073,0.024,0.903
291000,0.095,0.033,0.872
291500,0.097,0.030,0.873
292000,0.074,0.044,0.882
292500,0.075,0.023,0.902
293000,0.077,0.028,0.895
293500,0.065,0.032,0.903
294000,0.080,0.041,0.879
294500,0.062,0.034,0.904
295000,0.062,0.025,0.913
295500,0.061,0.025,0.914
296000,0.074,0.026,0.900
296500,0.065,0.029,0.906
297000,0.066,0.039,0.895
297500,0.057,0.034,0.909
298000,0.071,0.041,0.888
298500,0.059,0.034,0.907
299000,0.064,0.054,0.882
299500,0.077,0.056,0.867
300000,0.085,0.043,0.872
300500,0.088,0.034,0.878
301000,0.078,0.030,0.892
301500,0.060,0.030,0.910
302000,0.066,0.033,0.901
302500,0.067,0.029,0.904
303000,0.048,0.035,0.917
303500,0.043,0.051,0.906
304000,0.067,0.035,0.898
304500,0.070,0.032,0.898
305000,0.077,0.036,0.887
305500,0.072,0.026,0.902
306000,0.067,0.038,0.895
306500,0.071,0.029,0.900
307000,0.064,0.027,0.909
307500,0.067,0.025,0.908
308000,0.071,0.029,0.900
308500,0.082,0.033,0.885
309000,0.076,0.040,0.884
309500,0.077,0.038,0.885
310000,0.060,0.041,0.899
310500,0.062,0.039,0.899
311000,0.067,0.032,0.901
311500,0.078,0.023,0.899
312000,0.069,0.035,0.896
312500,0.062,0.031,0.907
313000,0.078,0.028,0.894
313500,0.093,0.033,0.874
314000,0.082,0.026,0.892
314500,0.071,0.021,0.908
315000,0.060,0.027,0.913
315500,0.059,0.033,0.908
316000,0.060,0.026,0.914
316500,0.081,0.025,0.894
317000,0.080,0.017,0.903
317500,0.069,0.015,0.916
318000,0.068,0.019,0.913
318500,0.091,0.028,0.881
319000,0.081,0.022,0.897
319500,0.096,0.008,0.896
320000,0.085,0.014,0.901
320500,0.061,0.008,0.931
321000,0.061,0.014,0.925
321500,0.078,0.018,0.904
322000,0.059,0.020,0.921
322500,0.071,0.018,0.911
323000,0.075,0.026,0.899
323500,0.077,0.017,0.906
324000,0.073,0.029,0.898
324500,0.074,0.021,0.905
325000,0.063,0.011,0.926
325500,0.098,0.021,0.881
326000,0.082,0.026,0.892
326500,0.069,0.030,0.901
327000,0.069,0.031,0.900
327500,0.064,0.024,0.912
328000,0.070,0.030,0.900
328500,0.073,0.047,0.880
329000,0.073,0.022,0.905
329500,0.074,0.021,0.905
330000,0.079,0.035,0.886
330500,0.072,0.031,0.897
331000,0.061,0.018,0.921
331500,0.081,0.012,0.907
332000,0.088,0.030,0.882
332500,0.094,0.027,0.879
333000,0.081,0.033,0.886
333500,0.075,0.030,0.895
334000,0.079,0.039,0.882
334500,0.078,0.029,0.893
335000,0.099,0.037,0.864
335500,0.078,0.023,0.899
336000,0.062,0.040,0.898
336500,0.049,0.048,0.903
337000,0.059,0.045,0.896
337500,0.071,0.039,0.890
338000,0.063,0.029,0.908
338500,0.076,0.030,0.894
339000,0.060,0.025,0.915
339500,0.049,0.028,0.923
340000,0.062,0.033,0.905
340500,0.062,0.043,0.895
341000,0.067,0.045,0.888
341500,0.088,0.040,0.872
342000,0.074,0.035,0.891
342500,0.069,0.032,0.899
343000,0.073,0.023,0.904
343500,0.073,0.024,0.903
344000,0.076,0.013,0.911
344500,0.086,0.022,0.892
345000,0.098,0.022,0.880
345500,0.088,0.021,0.891
346000,0.078,0.022,0.900
346500,0.075,0.028,0.897
347000,0.090,0.034,0.876
347500,0.089,0.019,0.892
348000,0.075,0.013,0.912
348500,0.063,0.012,0.925
349000,0.078,0.020,0.902
349500,0.075,0.031,0.894
350000,0.070,0.036,0.894
350500,0.061,0.037,0.902
351000,0.061,0.037,0.902
351500,0.071,0.037,0.892
352000,0.065,0.027,0.908
352500,0.075,0.035,0.890
353000,0.062,0.033,0.905
353500,0.061,0.046,0.893
354000,0.057,0.048,0.895
354500,0.060,0.033,0.907
355000,0.057,0.023,0.920
355500,0.075,0.041,0.884
356000,0.051,0.028,0.921
356500,0.084,0.024,0.892
357000,0.066,0.021,0.913
357500,0.100,0.032,0.868
358000,0.098,0.023,0.879
358500,0.081,0.019,0.900
359000,0.066,0.040,0.894
359500,0.068,0.056,0.876
360000,0.063,0.036,0.901
360500,0.089,0.023,0.888
361000,0.080,0.039,0.881
361500,0.063,0.026,0.911
362000,0.069,0.026,0.905
362500,0.057,0.039,0.904
363000,0.059,0.032,0.909
363500,0.065,0.033,0.902
364000,0.080,0.043,0.877
364500,0.061,0.035,0.904
365000,0.072,0.020,0.908
365500,0.077,0.053,0.870
366000,0.058,0.042,0.900
366500,0.055,0.029,0.916
367000,0.055,0.030,0.915
367500,0.060,0.027,0.913
368000,0.069,0.022,0.909
368500,0.075,0.019,0.906
369000,0.089,0.023,0.888
369500,0.071,0.040,0.889
370000,0.098,0.031,0.871
370500,0.081,0.024,0.895
371000,0.078,0.021,0.901
371500,0.079,0.016,0.905
372000,0.071,0.023,0.906
372500,0.065,0.034,0.901
373000,0.078,0.032,0.890
373500,0.065,0.039,0.896
374000,0.056,0.036,0.908
374500,0.063,0.021,0.916
375000,0.071,0.029,0.900
375500,0.071,0.024,0.905
376000,0.061,0.018,0.921
376500,0.061,0.022,0.917
377000,0.070,0.026,0.904
377500,0.093,0.021,0.886
378000,0.088,0.026,0.886
378500,0.086,0.027,0.887
379000,0.088,0.040,0.872
379500,0.086,0.038,0.876
380000,0.082,0.033,0.885
380500,0.076,0.043,0.881
381000,0.084,0.040,0.876
381500,0.078,0.039,0.883
382000,0.065,0.039,0.896
382500,0.070,0.028,0.902
383000,0.066,0.039,0.895
383500,0.058,0.025,0.917
384000,0.060,0.025,0.915
384500,0.072,0.016,0.912
385000,0.079,0.023,0.898
385500,0.079,0.021,0.900
386000,0.077,0.023,0.900
386500,0.069,0.049,0.882
387000,0.071,0.046,0.883
387500,0.083,0.046,0.871
388000,0.059,0.035,0.906
388500,0.051,0.039,0.910
389000,0.068,0.027,0.905
389500,0.068,0.031,0.901
390000,0.052,0.036,0.912
390500,0.065,0.041,0.894
391000,0.065,0.030,0.905
391500,0.058,0.029,0.913
392000,0.069,0.051,0.880
392500,0.057,0.045,0.898
393000,0.058,0.040,0.902
393500,0.061,0.029,0.910
394000,0.075,0.020,0.905
394500,0.062,0.031,0.907
395000,0.075,0.044,0.881
395500,0.083,0.046,0.871
396000,0.089,0.029,0.882
396500,0.094,0.026,0.880
397000,0.087,0.056,0.857
397500,0.080,0.036,0.884
398000,0.068,0.028,0.904
398500,0.058,0.035,0.907
399000,0.070,0.029,0.901
399500,0.081,0.015,0.904
400000,0.082,0.016,0.902
400500,0.082,0.020,0.898
401000,0.086,0.025,0.889
401500,0.079,0.026,0.895
402000,0.068,0.016,0.916
402500,0.083,0.016,0.901
403000,0.060,0.033,0.907
403500,0.056,0.039,0.905
404000,0.061,0.039,0.900
404500,0.053,0.041,0.906
405000,0.063,0.044,0.893
405500,0.061,0.057,0.882
406000,0.063,0.036,0.901
406500,0.064,0.031,0.905
407000,0.082,0.036,0.882
407500,0.085,0.016,0.899
408000,0.066,0.023,0.911
408500,0.089,0.028,0.883
409000,0.069,0.031,0.900
409500,0.075,0.042,0.883
410000,0.100,0.037,0.863
410500,0.093,0.029,0.878
411000,0.077,0.034,0.889
411500,0.076,0.033,0.891
412000,0.073,0.041,0.886
412500,0.066,0.037,0.897
413000,0.064,0.037,0.899
413500,0.066,0.024,0.910
414000,0.074,0.027,0.899
414500,0.067,0.023,0.910
415000,0.068,0.021,0.911
415500,0.085,0.026,0.889
416000,0.081,0.029,0.890
416500,0.076,0.026,0.898
417000,0.073,0.033,0.894
417500,0.076,0.038,0.886
418000,0.086,0.033,0.881
418500,0.090,0.027,0.883
419000,0.073,0.024,0.903
419500,0.074,0.024,0.902
420000,0.075,0.039,0.886
420500,0.066,0.032,0.902
421000,0.066,0.040,0.894
421500,0.057,0.032,0.911
422000,0.059,0.027,0.914
422500,0.064,0.027,0.909
423000,0.067,0.021,0.912
423500,0.085,0.016,0.899
424000,0.068,0.028,0.904
424500,0.066,0.039,0.895
425000,0.082,0.031,0.887
425500,0.072,0.028,0.900
426000,0.085,0.035,0.880
426500,0.065,0.030,0.905
427000,0.072,0.028,0.900
427500,0.060,0.045,0.895
428000,0.067,0.032,0.901
428500,0.070,0.025,0.905
429000,0.067,0.016,0.917
429500,0.068,0.029,0.903
430000,0.048,0.019,0.933
430500,0.067,0.029,0.904
431000,0.051,0.039,0.910
431500,0.051,0.041,0.908
432000,0.055,0.055,0.890
432500,0.059,0.042,0.899
433000,0.053,0.041,0.906
433500,0.088,0.039,0.873
434000,0.068,0.040,0.892
434500,0.066,0.031,0.903
435000,0.065,0.027,0.908
435500,0.076,0.030,0.894
436000,0.077,0.037,0.886
436500,0.064,0.031,0.905
437000,0.058,0.037,0.905
437500,0.065,0.037,0.898
438000,0.065,0.032,0.903
438500,0.071,0.026,0.903
439000,0.072,0.025,0.903
439500,0.080,0.041,0.879
440000,0.069,0.023,0.908
440500,0.057,0.031,0.912
441000,0.062,0.034,0.904
441500,0.071,0.021,0.908
442000,0.074,0.035,0.891
442500,0.079,0.036,0.885
443000,0.068,0.030,0.902
443500,0.075,0.031,0.894
444000,0.094,0.023,0.883
444500,0.067,0.019,0.914
445000,0.064,0.030,0.906
445500,0.062,0.018,0.920
446000,0.050,0.035,0.915
446500,0.082,0.031,0.887
447000,0.092,0.033,0.875
447500,0.095,0.026,0.879
448000,0.079,0.024,0.897
448500,0.071,0.015,0.914
449000,0.081,0.025,0.894
449500,0.081,0.030,0.889
450000,0.066,0.038,0.896
450500,0.055,0.029,0.916
451000,0.051,0.024,0.925
451500,0.072,0.028,0.900
452000,0.084,0.019,0.897
452500,0.087,0.029,0.884
453000,0.083,0.033,0.884
453500,0.070,0.031,0.899
454000,0.066,0.042,0.892
454500,0.063,0.026,0.911
455000,0.064,0.029,0.907
455500,0.072,0.031,0.897
456000,0.069,0.030,0.901
456500,0.066,0.023,0.911
457000,0.071,0.022,0.907
457500,0.087,0.036,0.877
458000,0.088,0.028,0.884
458500,0.083,0.023,0.894
459000,0.065,0.035,0.900
459500,0.067,0.035,0.898
460000,0.056,0.031,0.913
460500,0.062,0.015,0.923
461000,0.073,0.027,0.900
461500,0.093,0.021,0.886
462000,0.076,0.021,0.903
462500,0.078,0.033,0.889
463000,0.070,0.030,0.900
463500,0.067,0.026,0.907
464000,0.059,0.031,0.910
464500,0.067,0.029,0.904
465000,0.065,0.024,0.911
465500,0.078,0.032,0.890
466000,0.075,0.044,0.881
466500,0.073,0.036,0.891
467000,0.081,0.043,0.876
467500,0.062,0.049,0.889
468000,0.066,0.049,0.885
468500,0.064,0.048,0.888
469000,0.059,0.034,0.907
469500,0.061,0.037,0.902
470000,0.077,0.033,0.890
470500,0.076,0.049,0.875
471000,0.070,0.039,0.891
471500,0.077,0.033,0.890
472000,0.061,0.022,0.917
472500,0.072,0.034,0.894
473000,0.079,0.036,0.885
473500,0.072,0.045,0.883
474000,0.079,0.032,0.889
474500,0.068,0.032,0.900
475000,0.074,0.017,0.909
475500,0.088,0.032,0.880
476000,0.072,0.040,0.888
476500,0.060,0.037,0.903
477000,0.072,0.042,0.886
477500,0.060,0.038,0.902
478000,0.079,0.024,0.897
478500,0.080,0.023,0.897
479000,0.090,0.023,0.887
479500,0.093,0.027,0.880
480000,0.078,0.030,0.892
480500,0.066,0.033,0.901
481000,0.058,0.032,0.910
481500,0.058,0.035,0.907
482000,0.053,0.026,0.921
482500,0.066,0.026,0.908
483000,0.057,0.046,0.897
483500,0.061,0.043,0.896
484000,0.051,0.043,0.906
484500,0.072,0.043,0.885
485000,0.066,0.039,0.895
485500,0.064,0.028,0.908
486000,0.071,0.021,0.908
486500,0.071,0.036,0.893
487000,0.067,0.037,0.896
487500,0.063,0.045,0.892
488000,0.062,0.029,0.909
488500,0.065,0.024,0.911
489000,0.081,0.024,0.895
489500,0.070,0.016,0.914
490000,0.083,0.027,0.890
490500,0.074,0.033,0.893
491000,0.086,0.024,0.890
491500,0.071,0.024,0.905
492000,0.053,0.022,0.925
492500,0.073,0.037,0.890
493000,0.080,0.035,0.885
493500,0.068,0.034,0.898
494000,0.065,0.039,0.896
494500,0.068,0.040,0.892
495000,0.063,0.037,0.900
495500,0.068,0.041,0.891
496000,0.062,0.044,0.894
496500,0.071,0.039,0.890
497000,0.062,0.046,0.892
497500,0.069,0.040,0.891
498000,0.053,0.043,0.904
498500,0.059,0.048,0.893
499000,0.065,0.046,0.889
499500,0.069,0.066,0.865
500000,0.067,0.049,0.884
500500,0.060,0.033,0.907
501000,0.082,0.042,0.876
501500,0.081,0.036,0.883
502000,0.090,0.031,0.879
502500,0.068,0.022,0.910
503000,0.067,0.023,0.910
503500,0.059,0.051,0.890
504000,0.065,0.058,0.877
504500,0.066,0.044,0.890
505000,0.069,0.031,0.900
505500,0.067,0.026,0.907
506000,0.056,0.041,0.903
506500,0.061,0.037,0.902
507000,0.057,0.035,0.908
507500,0.063,0.038,0.899
508000,0.060,0.030,0.910
508500,0.081,0.026,0.893
509000,0.071,0.025,0.904
509500,0.076,0.026,0.898
510000,0.065,0.029,0.906
510500,0.061,0.033,0.906
511000,0.058,0.034,0.908
511500,0.067,0.024,0.909
512000,0.077,0.026,0.897
512500,0.073,0.025,0.902
513000,0.065,0.029,0.906
513500,0.076,0.026,0.898
514000,0.055,0.030,0.915
514500,0.069,0.023,0.908
515000,0.071,0.042,0.887
515500,0.062,0.044,0.894
516000,0.054,0.040,0.906
516500,0.059,0.037,0.904
517000,0.054,0.036,0.910
517500,0.073,0.047,0.880
518000,0.059,0.041,0.900
518500,0.072,0.027,0.901
519000,0.044,0.036,0.920
519500,0.049,0.033,0.918
520000,0.057,0.024,0.919
520500,0.063,0.026,0.911
521000,0.055,0.036,0.909
521500,0.083,0.023,0.894
522000,0.068,0.036,0.896
522500,0.070,0.030,0.900
523000,0.066,0.045,0.889
523500,0.061,0.031,0.908
524000,0.065,0.033,0.902
524500,0.067,0.039,0.894
525000,0.063,0.041,0.896
525500,0.058,0.030,0.912
526000,0.069,0.046,0.885
526500,0.072,0.029,0.899
527000,0.082,0.033,0.885
527500,0.057,0.037,0.906
528000,0.077,0.021,0.902
528500,0.073,0.037,0.890
529000,0.064,0.036,0.900
529500,0.059,0.039,0.902
530000,0.077,0.037,0.886
530500,0.074,0.024,0.902
531000,0.070,0.021,0.909
531500,0.063,0.033,0.904
532000,0.064,0.028,0.908
532500,0.071,0.029,0.900
533000,0.069,0.021,0.910
533500,0.068,0.027,0.905
534000,0.065,0.029,0.906
534500,0.074,0.030,0.896
535000,0.058,0.039,0.903
535500,0.060,0.018,0.922
536000,0.080,0.030,0.890
536500,0.076,0.023,0.901
537000,0.076,0.016,0.908
537500,0.060,0.020,0.920
538000,0.061,0.011,0.928
538500,0.062,0.036,0.902
539000,0.063,0.041,0.896
539500,0.066,0.043,0.891
540000,0.072,0.027,0.901
540500,0.067,0.024,0.909
541000,0.054,0.030,0.916
541500,0.046,0.047,0.907
542000,0.066,0.053,0.881
542500,0.071,0.038,0.891
543000,0.085,0.033,0.882
543500,0.070,0.037,0.893
544000,0.082,0.036,0.882
544500,0.067,0.033,0.900
545000,0.074,0.048,0.878
545500,0.062,0.039,0.899
546000,0.070,0.023,0.907
546500,0.062,0.044,0.894
547000,0.063,0.028,0.909
547500,0.080,0.029,0.891
548000,0.067,0.025,0.908
548500,0.074,0.032,0.894
549000,0.064,0.028,0.908
549500,0.065,0.056,0.879
550000,0.063,0.049,0.888
550500,0.067,0.022,0.911
551000,0.062,0.043,0.895
551500,0.062,0.038,0.900
552000,0.071,0.031,0.898
552500,0.068,0.027,0.905
553000,0.070,0.037,0.893
553500,0.063,0.054,0.883
554000,0.063,0.037,0.900
554500,0.067,0.027,0.906
555000,0.080,0.026,0.894
555500,0.075,0.023,0.902
556000,0.079,0.024,0.897
556500,0.071,0.029,0.900
557000,0.088,0.017,0.895
557500,0.076,0.012,0.912
558000,0.080,0.020,0.900
558500,0.052,0.033,0.915
559000,0.058,0.037,0.905
559500,0.055,0.046,0.899
560000,0.063,0.036,0.901
560500,0.070,0.033,0.897
561000,0.080,0.024,0.896
561500,0.077,0.030,0.893
562000,0.057,0.036,0.907
562500,0.073,0.022,0.905
563000,0.066,0.032,0.902
563500,0.060,0.034,0.906
564000,0.074,0.026,0.900
564500,0.072,0.018,0.910
565000,0.088,0.034,0.878
565500,0.106,0.025,0.869
566000,0.095,0.030,0.875
566500,0.078,0.026,0.896
567000,0.069,0.032,0.899
567500,0.081,0.027,0.892
568000,0.079,0.025,0.896
568500,0.080,0.035,0.885
569000,0.051,0.055,0.894
569500,0.072,0.023,0.905
570000,0.081,0.019,0.900
570500,0.066,0.025,0.909
571000,0.063,0.036,0.901
571500,0.062,0.033,0.905
572000,0.055,0.030,0.915
572500,0.049,0.027,0.924
573000,0.078,0.028,0.894
573500,0.094,0.025,0.881
574000,0.084,0.025,0.891
574500,0.078,0.018,0.904
575000,0.064,0.025,0.911
575500,0.073,0.012,0.915
576000,0.065,0.023,0.912
576500,0.058,0.033,0.909
577000,0.075,0.034,0.891
577500,0.081,0.036,0.883
578000,0.089,0.047,0.864
578500,0.079,0.031,0.890
579000,0.076,0.025,0.899
579500,0.072,0.021,0.907
580000,0.069,0.023,0.908
580500,0.083,0.025,0.892
581000,0.081,0.023,0.896
581500,0.061,0.021,0.918
582000,0.071,0.029,0.900
582500,0.078,0.030,0.892
583000,0.084,0.025,0.891
583500,0.071,0.039,0.890
584000,0.076,0.039,0.885
584500,0.065,0.015,0.920
585000,0.073,0.022,0.905
585500,0.081,0.025,0.894
586000,0.074,0.040,0.886
586500,0.076,0.037,0.887
587000,0.084,0.023,0.893
587500,0.075,0.018,0.907
588000,0.065,0.008,0.927
588500,0.069,0.013,0.918
589000,0.075,0.026,0.899
589500,0.066,0.023,0.911
590000,0.061,0.021,0.918
590500,0.066,0.021,0.913
591000,0.074,0.018,0.908
591500,0.106,0.027,0.867
592000,0.087,0.026,0.887
592500,0.077,0.029,0.894
593000,0.069,0.047,0.884
593500,0.060,0.051,0.889
594000,0.052,0.037,0.911
594500,0.051,0.037,0.912
595000,0.067,0.020,0.913
595500,0.063,0.039,0.898
596000,0.079,0.035,0.886
596500,0.081,0.036,0.883
597000,0.068,0.043,0.889
597500,0.072,0.029,0.899
598000,0.057,0.043,0.900
598500,0.052,0.044,0.904
599000,0.054,0.040,0.906
599500,0.068,0.046,0.886
600000,0.059,0.040,0.901
600500,0.068,0.041,0.891
601000,0.069,0.031,0.900
601500,0.056,0.016,0.928
602000,0.059,0.033,0.908
602500,0.065,0.019,0.916
603000,0.059,0.032,0.909
603500,0.061,0.040,0.899
604000,0.079,0.050,0.871
604500,0.065,0.043,0.892
605000,0.064,0.034,0.902
605500,0.083,0.034,0.883
606000,0.082,0.031,0.887
606500,0.081,0.034,0.885
607000,0.069,0.032,0.899
607500,0.067,0.037,0.896
608000,0.072,0.030,0.898
608500,0.076,0.037,0.887
609000,0.074,0.040,0.886
609500,0.074,0.024,0.902
610000,0.096,0.020,0.884
610500,0.081,0.025,0.894
611000,0.084,0.040,0.876
611500,0.075,0.031,0.894
612000,0.078,0.040,0.882
612500,0.092,0.039,0.869
613000,0.099,0.028,0.873
613500,0.082,0.026,0.892
614000,0.096,0.016,0.888
614500,0.074,0.014,0.912
615000,0.084,0.039,0.877
615500,0.078,0.046,0.876
616000,0.061,0.026,0.913
616500,0.054,0.036,0.910
617000,0.051,0.040,0.909
617500,0.055,0.047,0.898
618000,0.086,0.039,0.875
618500,0.068,0.031,0.901
619000,0.071,0.029,0.900
619500,0.071,0.027,0.902
620000,0.066,0.020,0.914
620500,0.065,0.023,0.912
621000,0.059,0.022,0.919
621500,0.071,0.032,0.897
622000,0.076,0.033,0.891
622500,0.090,0.031,0.879
623000,0.061,0.032,0.907
623500,0.068,0.028,0.904
624000,0.072,0.032,0.896
624500,0.057,0.035,0.908
625000,0.049,0.027,0.924
625500,0.061,0.043,0.896
626000,0.068,0.038,0.894
626500,0.051,0.043,0.906
627000,0.060,0.044,0.896
627500,0.087,0.043,0.870
628000,0.076,0.051,0.873
628500,0.075,0.037,0.888
629000,0.058,0.031,0.911
629500,0.070,0.042,0.888
630000,0.062,0.018,0.920
630500,0.074,0.022,0.904
631000,0.063,0.020,0.917
631500,0.051,0.032,0.917
632000,0.056,0.026,0.918
632500,0.056,0.029,0.915
633000,0.064,0.042,0.894
633500,0.058,0.052,0.890
634000,0.060,0.035,0.905
634500,0.053,0.030,0.917
635000,0.058,0.035,0.907
635500,0.057,0.023,0.920
636000,0.063,0.041,0.896
636500,0.064,0.032,0.904
637000,0.051,0.039,0.910
637500,0.058,0.036,0.906
638000,0.057,0.069,0.874
638500,0.054,0.047,0.899
639000,0.060,0.052,0.888
639500,0.070,0.034,0.896
640000,0.066,0.040,0.894
640500,0.073,0.039,0.888
641000,0.074,0.025,0.901
641500,0.069,0.021,0.910
642000,0.078,0.015,0.907
642500,0.068,0.045,0.887
643000,0.076,0.035,0.889
643500,0.081,0.031,0.888
644000,0.069,0.020,0.911
644500,0.057,0.023,0.920
645000,0.061,0.020,0.919
645500,0.066,0.019,0.915
646000,0.079,0.012,0.909
646500,0.066,0.034,0.900
647000,0.072,0.027,0.901
647500,0.064,0.028,0.908
648000,0.065,0.037,0.898
648500,0.066,0.041,0.893
649000,0.057,0.028,0.915
649500,0.073,0.038,0.889
650000,0.070,0.032,0.898
650500,0.063,0.031,0.906
651000,0.078,0.025,0.897
651500,0.079,0.027,0.894
652000,0.081,0.025,0.894
652500,0.080,0.017,0.903
653000,0.084,0.024,0.892
653500,0.069,0.039,0.892
654000,0.078,0.033,0.889
654500,0.081,0.030,0.889
655000,0.075,0.027,0.898
655500,0.081,0.013,0.906
656000,0.091,0.039,0.870
656500,0.081,0.051,0.868
657000,0.084,0.054,0.862
657500,0.096,0.049,0.855
658000,0.101,0.042,0.857
658500,0.089,0.031,0.880
659000,0.082,0.021,0.897
659500,0.069,0.025,0.906
660000,0.070,0.028,0.902
660500,0.077,0.040,0.883
661000,0.074,0.033,0.893
661500,0.074,0.016,0.910
662000,0.100,0.022,0.878
662500,0.064,0.030,0.906
663000,0.072,0.033,0.895
663500,0.070,0.025,0.905
664000,0.061,0.029,0.910
664500,0.076,0.032,0.892
665000,0.072,0.030,0.898
665500,0.072,0.019,0.909
666000,0.061,0.021,0.918
666500,0.076,0.013,0.911
667000,0.076,0.013,0.911
667500,0.071,0.021,0.908
668000,0.076,0.018,0.906
668500,0.069,0.015,0.916
669000,0.054,0.013,0.933
669500,0.078,0.017,0.905
670000,0.081,0.041,0.878
670500,0.065,0.033,0.902
671000,0.067,0.022,0.911
671500,0.072,0.024,0.904
672000,0.072,0.028,0.900
672500,0.068,0.033,0.899
673000,0.070,0.038,0.892
673500,0.068,0.038,0.894
674000,0.059,0.035,0.906
674500,0.058,0.019,0.923
675000,0.064,0.029,0.907
675500,0.077,0.017,0.906
676000,0.084,0.019,0.897
676500,0.061,0.023,0.916
677000,0.061,0.025,0.914
677500,0.075,0.020,0.905
678000,0.079,0.023,0.898
678500,0.089,0.028,0.883
679000,0.086,0.024,0.890
679500,0.060,0.022,0.918
680000,0.065,0.027,0.908
680500,0.065,0.030,0.905
681000,0.072,0.041,0.887
681500,0.070,0.038,0.892
682000,0.071,0.047,0.882
682500,0.069,0.029,0.902
683000,0.078,0.026,0.896
683500,0.089,0.021,0.890
684000,0.077,0.037,0.886
684500,0.062,0.035,0.903
685000,0.057,0.037,0.906
685500,0.095,0.026,0.879
686000,0.081,0.041,0.878
686500,0.073,0.040,0.887
687000,0.075,0.043,0.882
687500,0.069,0.023,0.908
688000,0.060,0.027,0.913
688500,0.056,0.019,0.925
689000,0.060,0.017,0.923
689500,0.066,0.023,0.911
690000,0.063,0.034,0.903
690500,0.058,0.040,0.902
691000,0.075,0.034,0.891
691500,0.076,0.041,0.883
692000,0.065,0.044,0.891
692500,0.074,0.044,0.882
693000,0.093,0.031,0.876
693500,0.099,0.032,0.869
694000,0.074,0.030,0.896
694500,0.080,0.033,0.887
695000,0.083,0.019,0.898
695500,0.073,0.040,0.887
696000,0.056,0.040,0.904
696500,0.054,0.046,0.900
697000,0.080,0.036,0.884
697500,0.081,0.044,0.875
698000,0.072,0.032,0.896
698500,0.071,0.041,0.888
699000,0.061,0.037,0.902
699500,0.070,0.029,0.901
700000,0.056,0.030,0.914
700500,0.065,0.030,0.905
701000,0.060,0.025,0.915
701500,0.063,0.031,0.906
702000,0.060,0.030,0.910
702500,0.081,0.016,0.903
703000,0.079,0.032,0.889
703500,0.098,0.026,0.876
704000,0.094,0.024,0.882
704500,0.081,0.012,0.907
705000,0.077,0.031,0.892
705500,0.065,0.052,0.883
706000,0.078,0.033,0.889
706500,0.086,0.021,0.893
707000,0.063,0.021,0.916
707500,0.053,0.022,0.925
708000,0.067,0.019,0.914
708500,0.077,0.027,0.896
709000,0.067,0.034,0.899
709500,0.060,0.045,0.895
710000,0.062,0.037,0.901
710500,0.074,0.016,0.910
711000,0.086,0.019,0.895
711500,0.092,0.030,0.878
712000,0.084,0.030,0.886
712500,0.089,0.030,0.881
713000,0.080,0.020,0.900
713500,0.071,0.025,0.904
714000,0.062,0.029,0.909
714500,0.066,0.043,0.891
715000,0.072,0.036,0.892
715500,0.085,0.035,0.880
716000,0.061,0.043,0.896
716500,0.062,0.041,0.897
717000,0.068,0.037,0.895
717500,0.087,0.032,0.881
718000,0.083,0.033,0.884
718500,0.073,0.025,0.902
719000,0.070,0.017,0.913
719500,0.066,0.017,0.917
720000,0.056,0.037,0.907
720500,0.073,0.026,0.901
721000,0.086,0.016,0.898
721500,0.089,0.026,0.885
722000,0.084,0.026,0.890
722500,0.088,0.037,0.875
723000,0.075,0.039,0.886
723500,0.075,0.022,0.903
724000,0.070,0.035,0.895
724500,0.088,0.025,0.887
725000,0.067,0.021,0.912
725500,0.066,0.026,0.908
726000,0.054,0.012,0.934
726500,0.059,0.009,0.932
727000,0.069,0.023,0.908
727500,0.072,0.018,0.910
728000,0.080,0.021,0.899
728500,0.069,0.033,0.898
729000,0.075,0.024,0.901
729500,0.053,0.027,0.920
730000,0.066,0.020,0.914
730500,0.089,0.014,0.897
731000,0.086,0.021,0.893
731500,0.088,0.035,0.877
732000,0.073,0.033,0.894
732500,0.078,0.047,0.875
733000,0.052,0.041,0.907
733500,0.051,0.050,0.899
734000,0.046,0.023,0.931
734500,0.045,0.032,0.923
735000,0.062,0.039,0.899
735500,0.064,0.045,0.891
736000,0.065,0.041,0.894
736500,0.055,0.039,0.906
737000,0.056,0.021,0.923
737500,0.065,0.020,0.915
738000,0.081,0.028,0.891
738500,0.070,0.031,0.899
739000,0.071,0.023,0.906
739500,0.085,0.023,0.892
740000,0.080,0.017,0.903
740500,0.061,0.031,0.908
741000,0.097,0.031,0.872
741500,0.091,0.024,0.885
742000,0.087,0.022,0.891
742500,0.070,0.029,0.901
743000,0.061,0.018,0.921
743500,0.066,0.016,0.918
744000,0.078,0.015,0.907
744500,0.077,0.023,0.900
745000,0.068,0.018,0.914
745500,0.064,0.019,0.917
746000,0.077,0.019,0.904
746500,0.078,0.027,0.895
747000,0.069,0.021,0.910
747500,0.075,0.027,0.898
748000,0.056,0.025,0.919
748500,0.067,0.024,0.909
749000,0.067,0.041,0.892
749500,0.065,0.043,0.892
750000,0.091,0.028,0.881
750500,0.068,0.046,0.886
751000,0.065,0.030,0.905
751500,0.077,0.033,0.890
752000,0.066,0.028,0.906
752500,0.063,0.033,0.904
753000,0.060,0.029,0.911
753500,0.072,0.038,0.890
754000,0.078,0.040,0.882
754500,0.063,0.038,0.899
755000,0.078,0.025,0.897
755500,0.074,0.033,0.893
756000,0.066,0.024,0.910
756500,0.068,0.025,0.907
757000,0.070,0.035,0.895
757500,0.065,0.034,0.901
758000,0.067,0.037,0.896
758500,0.059,0.039,0.902
759000,0.058,0.028,0.914
759500,0.063,0.043,0.894
760000,0.055,0.021,0.924
760500,0.065,0.036,0.899
761000,0.080,0.033,0.887
761500,0.065,0.037,0.898
762000,0.065,0.030,0.905
762500,0.079,0.039,0.882
763000,0.063,0.036,0.901
763500,0.064,0.043,0.893
764000,0.066,0.025,0.909
764500,0.070,0.023,0.907
765000,0.080,0.016,0.904
765500,0.084,0.028,0.888
766000,0.084,0.029,0.887
766500,0.082,0.044,0.874
767000,0.079,0.044,0.877
767500,0.080,0.037,0.883
768000,0.077,0.036,0.887
768500,0.081,0.033,0.886
769000,0.080,0.032,0.888
769500,0.084,0.024,0.892
770000,0.069,0.020,0.911
770500,0.065,0.027,0.908
771000,0.073,0.022,0.905
771500,0.087,0.036,0.877
772000,0.082,0.034,0.884
772500,0.071,0.026,0.903
773000,0.081,0.022,0.897
773500,0.077,0.029,0.894
774000,0.071,0.021,0.908
774500,0.079,0.024,0.897
775000,0.074,0.043,0.883
775500,0.068,0.040,0.892
776000,0.055,0.044,0.901
776500,0.055,0.045,0.900
777000,0.061,0.045,0.894
777500,0.048,0.031,0.921
778000,0.052,0.035,0.913
778500,0.072,0.038,0.890
779000,0.066,0.039,0.895
779500,0.066,0.028,0.906
780000,0.071,0.040,0.889
780500,0.060,0.035,0.905
781000,0.058,0.034,0.908
781500,0.069,0.031,0.900
782000,0.082,0.038,0.880
782500,0.077,0.039,0.884
783000,0.071,0.062,0.867
783500,0.062,0.051,0.887
784000,0.065,0.038,0.897
784500,0.061,0.042,0.897
785000,0.050,0.058,0.892
785500,0.065,0.051,0.884
786000,0.052,0.035,0.913
786500,0.061,0.030,0.909
787000,0.054,0.027,0.919
787500,0.057,0.036,0.907
788000,0.063,0.043,0.894
788500,0.078,0.026,0.896
789000,0.072,0.025,0.903
789500,0.057,0.030,0.913
790000,0.058,0.035,0.907
790500,0.057,0.029,0.914
791000,0.078,0.037,0.885
791500,0.086,0.034,0.880
792000,0.095,0.026,0.879
792500,0.079,0.024,0.897
793000,0.082,0.029,0.889
793500,0.071,0.014,0.915
794000,0.070,0.019,0.911
794500,0.068,0.023,0.909
795000,0.072,0.043,0.885
795500,0.065,0.049,0.886
796000,0.064,0.037,0.899
796500,0.069,0.035,0.896
797000,0.053,0.039,0.908
797500,0.061,0.054,0.885
798000,0.064,0.039,0.897
798500,0.064,0.032,0.904
799000,0.067,0.025,0.908
799500,0.073,0.017,0.910
800000,0.093,0.019,0.888
800500,0.087,0.028,0.885
801000,0.084,0.025,0.891
801500,0.092,0.025,0.883
802000,0.079,0.033,0.888
802500,0.081,0.041,0.878
803000,0.068,0.033,0.899
803500,0.068,0.024,0.908
804000,0.081,0.017,0.902
804500,0.069,0.012,0.919
805000,0.071,0.027,0.902
805500,0.093,0.029,0.878
806000,0.101,0.023,0.876
806500,0.101,0.020,0.879
807000,0.097,0.029,0.874
807500,0.095,0.022,0.883
808000,0.096,0.027,0.877
808500,0.094,0.032,0.874
809000,0.081,0.031,0.888
809500,0.087,0.029,0.884
810000,0.068,0.025,0.907
810500,0.077,0.017,0.906
811000,0.063,0.043,0.894
811500,0.049,0.026,0.925
812000,0.050,0.021,0.929
812500,0.059,0.031,0.910
813000,0.076,0.046,0.878
813500,0.053,0.034,0.913
814000,0.071,0.025,0.904
814500,0.070,0.035,0.895
815000,0.063,0.035,0.902
815500,0.058,0.025,0.917
816000,0.067,0.027,0.906
816500,0.072,0.043,0.885
817000,0.081,0.038,0.881
817500,0.069,0.037,0.894
818000,0.071,0.030,0.899
818500,0.072,0.035,0.893
819000,0.079,0.028,0.893
819500,0.069,0.029,0.902
820000,0.062,0.020,0.918
820500,0.078,0.019,0.903
821000,0.078,0.015,0.907
821500,0.075,0.015,0.910
822000,0.070,0.025,0.905
822500,0.071,0.023,0.906
823000,0.081,0.020,0.899
823500,0.098,0.026,0.876
824000,0.094,0.024,0.882
824500,0.083,0.028,0.889
825000,0.095,0.017,0.888
825500,0.083,0.022,0.895
826000,0.078,0.041,0.881
826500,0.082,0.038,0.880
827000,0.065,0.028,0.907
827500,0.062,0.028,0.910
828000,0.070,0.028,0.902
828500,0.077,0.028,0.895
829000,0.063,0.043,0.894
829500,0.063,0.047,0.890
830000,0.062,0.042,0.896
830500,0.058,0.046,0.896
831000,0.053,0.034,0.913
831500,0.057,0.030,0.913
832000,0.063,0.040,0.897
832500,0.066,0.040,0.894
833000,0.080,0.025,0.895
833500,0.075,0.029,0.896
834000,0.076,0.028,0.896
834500,0.068,0.034,0.898
835000,0.072,0.043,0.885
835500,0.069,0.035,0.896
836000,0.061,0.044,0.895
836500,0.061,0.034,0.905
837000,0.066,0.038,0.896
837500,0.060,0.040,0.900
838000,0.074,0.041,0.885
838500,0.073,0.034,0.893
839000,0.086,0.036,0.878
839500,0.086,0.026,0.888
840000,0.081,0.019,0.900
840500,0.083,0.019,0.898
841000,0.081,0.014,0.905
841500,0.077,0.028,0.895
842000,0.077,0.032,0.891
842500,0.074,0.039,0.887
843000,0.080,0.035,0.885
843500,0.063,0.034,0.903
844000,0.049,0.030,0.921
844500,0.047,0.045,0.908
845000,0.068,0.034,0.898
845500,0.076,0.028,0.896
846000,0.086,0.035,0.879
846500,0.087,0.028,0.885
847000,0.070,0.024,0.906
847500,0.081,0.026,0.893
848000,0.085,0.027,0.888
848500,0.084,0.031,0.885
849000,0.076,0.034,0.890
849500,0.077,0.046,0.877
850000,0.081,0.033,0.886
850500,0.081,0.045,0.874
851000,0.071,0.041,0.888
851500,0.074,0.037,0.889
852000,0.061,0.031,0.908
852500,0.052,0.038,0.910
853000,0.061,0.035,0.904
853500,0.059,0.030,0.911
854000,0.069,0.030,0.901
854500,0.058,0.037,0.905
855000,0.054,0.043,0.903
855500,0.075,0.032,0.893
856000,0.080,0.030,0.890
856500,0.079,0.025,0.896
857000,0.080,0.029,0.891
857500,0.072,0.020,0.908
858000,0.070,0.017,0.913
858500,0.089,0.035,0.876
859000,0.065,0.045,0.890
859500,0.058,0.038,0.904
860000,0.067,0.038,0.895
860500,0.065,0.036,0.899
861000,0.069,0.034,0.897
861500,0.071,0.042,0.887
862000,0.077,0.030,0.893
862500,0.083,0.028,0.889
863000,0.074,0.031,0.895
863500,0.079,0.023,0.898
864000,0.068,0.025,0.907
864500,0.086,0.030,0.884
865000,0.088,0.031,0.881
865500,0.070,0.019,0.911
866000,0.074,0.017,0.909
866500,0.065,0.024,0.911
867000,0.063,0.028,0.909
867500,0.085,0.019,0.896
868000,0.091,0.024,0.885
868500,0.071,0.029,0.900
869000,0.080,0.029,0.891
869500,0.072,0.034,0.894
870000,0.078,0.038,0.884
870500,0.071,0.051,0.878
871000,0.065,0.036,0.899
871500,0.078,0.030,0.892
872000,0.083,0.026,0.891
872500,0.076,0.017,0.907
873000,0.069,0.022,0.909
873500,0.060,0.035,0.905
874000,0.054,0.034,0.912
874500,0.062,0.033,0.905
875000,0.073,0.027,0.900
875500,0.067,0.026,0.907
876000,0.080,0.034,0.886
876500,0.078,0.028,0.894
877000,0.084,0.033,0.883
877500,0.072,0.029,0.899
878000,0.064,0.037,0.899
878500,0.063,0.047,0.890
879000,0.074,0.044,0.882
879500,0.067,0.036,0.897
880000,0.066,0.041,0.893
880500,0.068,0.026,0.906
881000,0.064,0.023,0.913
881500,0.071,0.022,0.907
882000,0.068,0.026,0.906
882500,0.062,0.029,0.909
883000,0.063,0.042,0.895
883500,0.069,0.023,0.908
884000,0.065,0.026,0.909
884500,0.056,0.024,0.920
885000,0.058,0.030,0.912
885500,0.099,0.035,0.866
886000,0.087,0.040,0.873
886500,0.080,0.039,0.881
887000,0.066,0.034,0.900
887500,0.071,0.039,0.890
888000,0.071,0.042,0.887
888500,0.075,0.027,0.898
889000,0.071,0.036,0.893
889500,0.072,0.024,0.904
890000,0.066,0.022,0.912
890500,0.066,0.019,0.915
891000,0.074,0.026,0.900
891500,0.074,0.043,0.883
892000,0.066,0.039,0.895
892500,0.076,0.035,0.889
893000,0.078,0.047,0.875
893500,0.072,0.037,0.891
894000,0.080,0.039,0.881
894500,0.092,0.022,0.886
895000,0.081,0.030,0.889
895500,0.070,0.027,0.903
896000,0.067,0.038,0.895
896500,0.070,0.042,0.888
897000,0.066,0.025,0.909
897500,0.078,0.025,0.897
898000,0.053,0.036,0.911
898500,0.060,0.048,0.892
899000,0.056,0.047,0.897
899500,0.059,0.038,0.903
900000,0.060,0.025,0.915
900500,0.069,0.038,0.893
901000,0.060,0.033,0.907
901500,0.071,0.022,0.907
902000,0.065,0.028,0.907
902500,0.058,0.043,0.899
903000,0.062,0.038,0.900
903500,0.072,0.033,0.895
904000,0.071,0.032,0.897
904500,0.071,0.032,0.897
905000,0.062,0.044,0.894
905500,0.061,0.043,0.896
906000,0.069,0.039,0.892
906500,0.080,0.036,0.884
907000,0.057,0.029,0.914
907500,0.055,0.024,0.921
908000,0.078,0.022,0.900
908500,0.079,0.023,0.898
909000,0.067,0.042,0.891
909500,0.068,0.031,0.901
910000,0.069,0.033,0.898
910500,0.074,0.028,0.898
911000,0.083,0.044,0.873
911500,0.069,0.031,0.900
912000,0.073,0.027,0.900
912500,0.067,0.024,0.909
913000,0.069,0.033,0.898
913500,0.076,0.023,0.901
914000,0.078,0.031,0.891
914500,0.080,0.034,0.886
915000,0.072,0.020,0.908
915500,0.070,0.028,0.902
916000,0.072,0.026,0.902
916500,0.070,0.036,0.894
917000,0.059,0.037,0.904
917500,0.065,0.029,0.906
918000,0.067,0.012,0.921
918500,0.063,0.027,0.910
919000,0.063,0.039,0.898
919500,0.060,0.031,0.909
920000,0.071,0.020,0.909
920500,0.073,0.028,0.899
921000,0.085,0.020,0.895
921500,0.070,0.033,0.897
922000,0.062,0.036,0.902
922500,0.081,0.028,0.891
923000,0.078,0.027,0.895
923500,0.095,0.048,0.857
924000,0.083,0.038,0.879
924500,0.082,0.040,0.878
925000,0.077,0.032,0.891
925500,0.083,0.041,0.876
926000,0.069,0.048,0.883
926500,0.062,0.041,0.897
927000,0.066,0.029,0.905
927500,0.069,0.025,0.906
928000,0.062,0.024,0.914
928500,0.071,0.028,0.901
929000,0.059,0.028,0.913
929500,0.059,0.032,0.909
930000,0.061,0.046,0.893
930500,0.070,0.022,0.908
931000,0.067,0.017,0.916
931500,0.066,0.022,0.912
932000,0.072,0.013,0.915
932500,0.069,0.022,0.909
933000,0.082,0.038,0.880
933500,0.078,0.039,0.883
934000,0.074,0.033,0.893
934500,0.075,0.030,0.895
935000,0.070,0.040,0.890
935500,0.068,0.030,0.902
936000,0.069,0.018,0.913
936500,0.086,0.027,0.887
937000,0.097,0.028,0.875
937500,0.095,0.026,0.879
938000,0.079,0.051,0.870
938500,0.077,0.042,0.881
939000,0.066,0.065,0.869
939500,0.049,0.057,0.894
940000,0.051,0.044,0.905
940500,0.071,0.025,0.904
941000,0.099,0.037,0.864
941500,0.099,0.032,0.869
942000,0.075,0.035,0.890
942500,0.066,0.029,0.905
943000,0.063,0.027,0.910
943500,0.046,0.046,0.908
944000,0.066,0.038,0.896
944500,0.064,0.042,0.894
945000,0.078,0.040,0.882
945500,0.074,0.042,0.884
946000,0.071,0.025,0.904
946500,0.061,0.045,0.894
947000,0.065,0.031,0.904
947500,0.066,0.016,0.918
948000,0.072,0.028,0.900
948500,0.063,0.037,0.900
949000,0.078,0.018,0.904
949500,0.081,0.032,0.887
950000,0.082,0.039,0.879
950500,0.095,0.030,0.875
951000,0.093,0.017,0.890
951500,0.087,0.017,0.896
952000,0.082,0.018,0.900
952500,0.076,0.023,0.901
953000,0.076,0.021,0.903
953500,0.064,0.017,0.919
954000,0.059,0.019,0.922
954500,0.072,0.029,0.899
955000,0.083,0.033,0.884
955500,0.062,0.025,0.913
956000,0.057,0.025,0.918
956500,0.076,0.026,0.898
957000,0.070,0.050,0.880
957500,0.074,0.037,0.889
958000,0.066,0.031,0.903
958500,0.060,0.037,0.903
959000,0.075,0.036,0.889
959500,0.065,0.024,0.911
960000,0.073,0.024,0.903
960500,0.065,0.030,0.905
961000,0.064,0.037,0.899
961500,0.052,0.033,0.915
962000,0.065,0.038,0.897
962500,0.064,0.032,0.904
963000,0.074,0.023,0.903
963500,0.077,0.027,0.896
964000,0.072,0.042,0.886
964500,0.059,0.045,0.896
965000,0.063,0.026,0.911
965500,0.064,0.035,0.901
966000,0.071,0.044,0.885
966500,0.071,0.043,0.886
967000,0.073,0.042,0.885
967500,0.066,0.048,0.886
968000,0.075,0.034,0.891
968500,0.068,0.035,0.897
969000,0.047,0.051,0.902
969500,0.060,0.054,0.886
970000,0.054,0.036,0.910
970500,0.065,0.032,0.903
971000,0.068,0.032,0.900
971500,0.058,0.039,0.903
972000,0.072,0.024,0.904
972500,0.067,0.038,0.895
973000,0.068,0.022,0.910
973500,0.074,0.032,0.894
974000,0.090,0.026,0.884
974500,0.082,0.028,0.890
975000,0.074,0.038,0.888
975500,0.084,0.030,0.886
976000,0.085,0.030,0.885
976500,0.093,0.027,0.880
977000,0.080,0.024,0.896
977500,0.079,0.023,0.898
978000,0.072,0.019,0.909
978500,0.068,0.025,0.907
979000,0.084,0.031,0.885
979500,0.078,0.036,0.886
980000,0.085,0.040,0.875
980500,0.068,0.034,0.898
981000,0.082,0.020,0.898
981500,0.058,0.033,0.909
982000,0.047,0.042,0.911
982500,0.072,0.060,0.868
983000,0.063,0.038,0.899
983500,0.064,0.056,0.880
984000,0.065,0.038,0.897
984500,0.073,0.037,0.890
985000,0.093,0.038,0.869
985500,0.068,0.038,0.894
986000,0.065,0.041,0.894
986500,0.066,0.058,0.876
987000,0.061,0.061,0.878
987500,0.070,0.044,0.886
988000,0.068,0.023,0.909
988500,0.066,0.034,0.900
989000,0.066,0.041,0.893
989500,0.073,0.030,0.897
990000,0.083,0.039,0.878
990500,0.090,0.034,0.876
991000,0.074,0.038,0.888
991500,0.071,0.054,0.875
992000,0.059,0.051,0.890
992500,0.068,0.039,0.893
993000,0.056,0.028,0.916
993500,0.065,0.020,0.915
994000,0.077,0.023,0.900
994500,0.086,0.030,0.884
995000,0.080,0.029,0.891
995500,0.068,0.031,0.901
996000,0.088,0.030,0.882
996500,0.074,0.021,0.905
997000,0.073,0.016,0.911
997500,0.069,0.017,0.914
998000,0.054,0.017,0.929
998500,0.080,0.014,0.906
999000,0.083,0.034,0.883
999500,0.062,0.026,0.912
1000000,0.091,0.039,0.870
