time,n_A+p,n_B,n_AB
500,0.208,0.012,0.780
1000,0.436,0.000,0.564
1500,0.296,0.000,0.704
2000,0.434,0.000,0.566
2500,0.345,0.000,0.655
3000,0.367,0.000,0.633
3500,0.368,0.000,0.632
4000,0.345,0.000,0.655
4500,0.321,0.000,0.679
5000,0.378,0.000,0.622
5500,0.323,0.000,0.677
6000,0.328,0.000,0.672
6500,0.443,0.000,0.557
7000,0.309,0.000,0.691
7500,0.230,0.000,0.770
8000,0.347,0.000,0.653
8500,0.352,0.000,0.648
9000,0.344,0.000,0.656
9500,0.294,0.000,0.706
10000,0.372,0.000,0.628
10500,0.223,0.000,0.777
11000,0.455,0.000,0.545
11500,0.479,0.000,0.521
12000,0.262,0.000,0.738
12500,0.273,0.000,0.727
13000,0.351,0.000,0.649
13500,0.332,0.000,0.668
14000,0.352,0.000,0.648
14500,0.271,0.000,0.729
15000,0.248,0.000,0.752
15500,0.324,0.000,0.676
16000,0.401,0.000,0.599
16500,0.399,0.000,0.601
17000,0.295,0.000,0.705
17500,0.385,0.000,0.615
18000,0.450,0.000,0.550
18500,0.373,0.000,0.627
19000,0.358,0.000,0.642
19500,0.306,0.000,0.694
20000,0.350,0.000,0.650
20500,0.498,0.000,0.502
21000,0.405,0.000,0.595
21500,0.313,0.000,0.687
22000,0.369,0.000,0.631
22500,0.418,0.000,0.582
23000,0.251,0.000,0.749
23500,0.281,0.000,0.719
24000,0.287,0.000,0.713
24500,0.289,0.000,0.711
25000,0.306,0.000,0.694
25500,0.358,0.000,0.642
26000,0.339,0.000,0.661
26500,0.367,0.000,0.633
27000,0.384,0.000,0.616
27500,0.350,0.000,0.650
28000,0.225,0.000,0.775
28500,0.213,0.000,0.787
29000,0.309,0.000,0.691
29500,0.368,0.000,0.632
30000,0.327,0.000,0.673
30500,0.295,0.000,0.705
31000,0.220,0.000,0.780
31500,0.400,0.000,0.600
32000,0.120,0.006,0.874
32500,0.302,0.000,0.698
33000,0.294,0.000,0.706
33500,0.466,0.000,0.534
34000,0.304,0.000,0.696
34500,0.271,0.000,0.729
35000,0.343,0.000,0.657
35500,0.234,0.000,0.766
36000,0.345,0.000,0.655
36500,0.394,0.000,0.606
37000,0.579,0.000,0.421
37500,0.306,0.000,0.694
38000,0.361,0.000,0.639
38500,0.361,0.000,0.639
39000,0.417,0.000,0.583
39500,0.264,0.000,0.736
40000,0.347,0.000,0.653
40500,0.214,0.000,0.786
41000,0.385,0.000,0.615
41500,0.360,0.000,0.640
42000,0.352,0.000,0.648
42500,0.259,0.000,0.741
43000,0.320,0.000,0.680
43500,0.349,0.000,0.651
44000,0.401,0.000,0.599
44500,0.263,0.000,0.737
45000,0.277,0.000,0.723
45500,0.281,0.000,0.719
46000,0.365,0.000,0.635
46500,0.345,0.000,0.655
47000,0.352,0.000,0.648
47500,0.252,0.000,0.748
48000,0.333,0.000,0.667
48500,0.515,0.000,0.485
49000,0.449,0.000,0.551
49500,0.228,0.000,0.772
50000,0.344,0.000,0.656
50500,0.344,0.000,0.656
51000,0.252,0.000,0.748
51500,0.215,0.000,0.785
52000,0.381,0.000,0.619
52500,0.456,0.000,0.544
53000,0.276,0.000,0.724
53500,0.409,0.000,0.591
54000,0.349,0.000,0.651
54500,0.364,0.000,0.636
55000,0.278,0.000,0.722
55500,0.348,0.000,0.652
56000,0.281,0.000,0.719
56500,0.495,0.000,0.505
57000,0.374,0.000,0.626
57500,0.382,0.000,0.618
58000,0.248,0.000,0.752
58500,0.291,0.000,0.709
59000,0.347,0.000,0.653
59500,0.389,0.000,0.611
60000,0.349,0.000,0.651
60500,0.294,0.000,0.706
61000,0.288,0.000,0.712
61500,0.333,0.000,0.667
62000,0.303,0.000,0.697
62500,0.396,0.000,0.604
63000,0.286,0.000,0.714
63500,0.184,0.023,0.793
64000,0.256,0.000,0.744
64500,0.304,0.000,0.696
65000,0.280,0.000,0.720
65500,0.291,0.000,0.709
66000,0.360,0.000,0.640
66500,0.209,0.000,0.791
67000,0.373,0.000,0.627
67500,0.428,0.000,0.572
68000,0.420,0.000,0.580
68500,0.332,0.000,0.668
69000,0.300,0.000,0.700
69500,0.225,0.000,0.775
70000,0.328,0.000,0.672
70500,0.386,0.000,0.614
71000,0.264,0.000,0.736
71500,0.312,0.000,0.688
72000,0.303,0.000,0.697
72500,0.496,0.000,0.504
73000,0.275,0.000,0.725
73500,0.425,0.000,0.575
74000,0.390,0.000,0.610
74500,0.403,0.000,0.597
75000,0.442,0.000,0.558
75500,0.366,0.000,0.634
76000,0.300,0.000,0.700
76500,0.254,0.000,0.746
77000,0.263,0.000,0.737
77500,0.244,0.000,0.756
78000,0.310,0.000,0.690
78500,0.236,0.000,0.764
79000,0.266,0.000,0.734
79500,0.352,0.000,0.648
80000,0.298,0.000,0.702
80500,0.327,0.000,0.673
81000,0.363,0.000,0.637
81500,0.402,0.000,0.598
82000,0.277,0.000,0.723
82500,0.345,0.000,0.655
83000,0.319,0.000,0.681
83500,0.432,0.000,0.568
84000,0.426,0.000,0.574
84500,0.335,0.000,0.665
85000,0.368,0.000,0.632
85500,0.379,0.000,0.621
86000,0.467,0.000,0.533
86500,0.366,0.000,0.634
87000,0.393,0.000,0.607
87500,0.261,0.000,0.739
88000,0.296,0.000,0.704
88500,0.360,0.000,0.640
89000,0.332,0.000,0.668
89500,0.404,0.000,0.596
90000,0.297,0.000,0.703
90500,0.294,0.000,0.706
91000,0.198,0.000,0.802
91500,0.325,0.000,0.675
92000,0.330,0.000,0.670
92500,0.244,0.000,0.756
93000,0.419,0.000,0.581
93500,0.390,0.000,0.610
94000,0.315,0.000,0.685
94500,0.297,0.000,0.703
95000,0.400,0.000,0.600
95500,0.180,0.000,0.820
96000,0.276,0.000,0.724
96500,0.300,0.000,0.700
97000,0.317,0.000,0.683
97500,0.326,0.000,0.674
98000,0.213,0.000,0.787
98500,0.350,0.000,0.650
99000,0.410,0.000,0.590
99500,0.280,0.000,0.720
100000,0.383,0.000,0.617
100500,0.355,0.000,0.645
101000,0.410,0.000,0.590
101500,0.406,0.000,0.594
102000,0.300,0.000,0.700
102500,0.291,0.000,0.709
103000,0.257,0.000,0.743
103500,0.531,0.000,0.469
104000,0.411,0.000,0.589
104500,0.294,0.000,0.706
105000,0.354,0.000,0.646
105500,0.299,0.000,0.701
106000,0.343,0.000,0.657
106500,0.308,0.000,0.692
107000,0.415,0.000,0.585
107500,0.327,0.000,0.673
108000,0.271,0.000,0.729
108500,0.340,0.000,0.660
109000,0.263,0.000,0.737
109500,0.306,0.000,0.694
110000,0.432,0.000,0.568
110500,0.359,0.000,0.641
111000,0.386,0.000,0.614
111500,0.355,0.000,0.645
112000,0.390,0.000,0.610
112500,0.268,0.000,0.732
113000,0.308,0.000,0.692
113500,0.400,0.000,0.600
114000,0.301,0.000,0.699
114500,0.416,0.000,0.584
115000,0.357,0.000,0.643
115500,0.389,0.000,0.611
116000,0.481,0.000,0.519
116500,0.399,0.000,0.601
117000,0.470,0.000,0.530
117500,0.265,0.000,0.735
118000,0.340,0.000,0.660
118500,0.303,0.000,0.697
119000,0.328,0.000,0.672
119500,0.465,0.000,0.535
120000,0.378,0.000,0.622
120500,0.347,0.000,0.653
121000,0.357,0.000,0.643
121500,0.295,0.000,0.705
122000,0.386,0.000,0.614
122500,0.428,0.000,0.572
123000,0.308,0.000,0.692
123500,0.296,0.000,0.704
124000,0.263,0.000,0.737
124500,0.369,0.000,0.631
125000,0.340,0.000,0.660
125500,0.325,0.000,0.675
126000,0.383,0.000,0.617
126500,0.267,0.000,0.733
127000,0.288,0.000,0.712
127500,0.261,0.000,0.739
128000,0.390,0.000,0.610
128500,0.331,0.000,0.669
129000,0.356,0.000,0.644
129500,0.406,0.000,0.594
130000,0.354,0.000,0.646
130500,0.304,0.000,0.696
131000,0.257,0.000,0.743
131500,0.344,0.000,0.656
132000,0.322,0.000,0.678
132500,0.236,0.000,0.764
133000,0.359,0.000,0.641
133500,0.291,0.000,0.709
134000,0.334,0.000,0.666
134500,0.337,0.000,0.663
135000,0.365,0.000,0.635
135500,0.281,0.000,0.719
136000,0.386,0.000,0.614
136500,0.292,0.000,0.708
137000,0.329,0.000,0.671
137500,0.351,0.000,0.649
138000,0.344,0.000,0.656
138500,0.285,0.000,0.715
139000,0.252,0.000,0.748
139500,0.338,0.000,0.662
140000,0.311,0.000,0.689
140500,0.328,0.000,0.672
141000,0.357,0.000,0.643
141500,0.254,0.000,0.746
142000,0.528,0.000,0.472
142500,0.329,0.000,0.671
143000,0.320,0.000,0.680
143500,0.380,0.000,0.620
144000,0.371,0.000,0.629
144500,0.270,0.000,0.730
145000,0.378,0.000,0.622
145500,0.433,0.000,0.567
146000,0.301,0.000,0.699
146500,0.366,0.000,0.634
147000,0.278,0.000,0.722
147500,0.468,0.000,0.532
148000,0.464,0.000,0.536
148500,0.461,0.000,0.539
149000,0.275,0.000,0.725
149500,0.506,0.000,0.494
150000,0.253,0.000,0.747
150500,0.380,0.000,0.620
151000,0.380,0.000,0.620
151500,0.378,0.000,0.622
152000,0.273,0.000,0.727
152500,0.334,0.000,0.666
153000,0.479,0.000,0.521
153500,0.367,0.000,0.633
154000,0.265,0.000,0.735
154500,0.401,0.000,0.599
155000,0.273,0.000,0.727
155500,0.296,0.000,0.704
156000,0.166,0.000,0.834
156500,0.224,0.000,0.776
157000,0.434,0.000,0.566
157500,0.365,0.000,0.635
158000,0.281,0.000,0.719
158500,0.368,0.000,0.632
159000,0.329,0.000,0.671
159500,0.424,0.000,0.576
160000,0.374,0.000,0.626
160500,0.353,0.000,0.647
161000,0.244,0.000,0.756
161500,0.269,0.000,0.731
162000,0.426,0.000,0.574
162500,0.237,0.000,0.763
163000,0.370,0.000,0.630
163500,0.319,0.000,0.681
164000,0.285,0.000,0.715
164500,0.386,0.000,0.614
165000,0.375,0.000,0.625
165500,0.246,0.000,0.754
166000,0.293,0.000,0.707
166500,0.384,0.000,0.616
167000,0.286,0.000,0.714
167500,0.323,0.000,0.677
168000,0.320,0.000,0.680
168500,0.234,0.000,0.766
169000,0.265,0.000,0.735
169500,0.382,0.000,0.618
170000,0.392,0.000,0.608
170500,0.246,0.000,0.754
171000,0.321,0.000,0.679
171500,0.357,0.000,0.643
172000,0.376,0.000,0.624
172500,0.278,0.000,0.722
173000,0.398,0.000,0.602
173500,0.238,0.000,0.762
174000,0.322,0.000,0.678
174500,0.324,0.000,0.676
175000,0.248,0.000,0.752
175500,0.377,0.000,0.623
176000,0.448,0.000,0.552
176500,0.410,0.000,0.590
177000,0.286,0.000,0.714
177500,0.353,0.000,0.647
178000,0.328,0.000,0.672
178500,0.344,0.000,0.656
179000,0.392,0.000,0.608
179500,0.405,0.000,0.595
180000,0.418,0.000,0.582
180500,0.283,0.000,0.717
181000,0.304,0.000,0.696
181500,0.330,0.000,0.670
182000,0.439,0.000,0.561
182500,0.404,0.000,0.596
183000,0.304,0.000,0.696
183500,0.340,0.000,0.660
184000,0.347,0.000,0.653
184500,0.327,0.000,0.673
185000,0.431,0.000,0.569
185500,0.341,0.000,0.659
186000,0.335,0.000,0.665
186500,0.338,0.000,0.662
187000,0.347,0.000,0.653
187500,0.273,0.000,0.727
188000,0.327,0.000,0.673
188500,0.371,0.000,0.629
189000,0.232,0.000,0.768
189500,0.198,0.000,0.802
190000,0.303,0.000,0.697
190500,0.315,0.000,0.685
191000,0.342,0.000,0.658
191500,0.186,0.000,0.814
192000,0.398,0.000,0.602
192500,0.369,0.000,0.631
193000,0.240,0.000,0.760
193500,0.326,0.000,0.674
194000,0.240,0.000,0.760
194500,0.435,0.000,0.565
195000,0.357,0.000,0.643
195500,0.405,0.000,0.595
196000,0.430,0.000,0.570
196500,0.243,0.000,0.757
197000,0.330,0.000,0.670
197500,0.357,0.000,0.643
198000,0.287,0.000,0.713
198500,0.277,0.000,0.723
199000,0.253,0.000,0.747
199500,0.394,0.000,0.606
200000,0.342,0.000,0.658
200500,0.216,0.000,0.784
201000,0.349,0.000,0.651
201500,0.136,0.000,0.864
202000,0.314,0.000,0.686
202500,0.286,0.000,0.714
203000,0.421,0.000,0.579
203500,0.278,0.000,0.722
204000,0.298,0.000,0.702
204500,0.385,0.000,0.615
205000,0.277,0.000,0.723
205500,0.339,0.000,0.661
206000,0.360,0.000,0.640
206500,0.276,0.000,0.724
207000,0.297,0.000,0.703
207500,0.327,0.000,0.673
208000,0.358,0.000,0.642
208500,0.246,0.000,0.754
209000,0.329,0.000,0.671
209500,0.365,0.000,0.635
210000,0.403,0.000,0.597
210500,0.422,0.000,0.578
211000,0.421,0.000,0.579
211500,0.320,0.000,0.680
212000,0.194,0.000,0.806
212500,0.139,0.002,0.859
213000,0.237,0.000,0.763
213500,0.481,0.000,0.519
214000,0.284,0.000,0.716
214500,0.370,0.000,0.630
215000,0.312,0.000,0.688
215500,0.440,0.000,0.560
216000,0.331,0.000,0.669
216500,0.352,0.000,0.648
217000,0.343,0.000,0.657
217500,0.289,0.000,0.711
218000,0.264,0.000,0.736
218500,0.305,0.000,0.695
219000,0.219,0.000,0.781
219500,0.376,0.000,0.624
220000,0.320,0.000,0.680
220500,0.315,0.000,0.685
221000,0.327,0.000,0.673
221500,0.260,0.000,0.740
222000,0.353,0.000,0.647
222500,0.308,0.000,0.692
223000,0.257,0.000,0.743
223500,0.288,0.000,0.712
224000,0.348,0.000,0.652
224500,0.265,0.000,0.735
225000,0.332,0.000,0.668
225500,0.506,0.000,0.494
226000,0.357,0.000,0.643
226500,0.317,0.000,0.683
227000,0.319,0.000,0.681
227500,0.354,0.000,0.646
228000,0.391,0.000,0.609
228500,0.477,0.000,0.523
229000,0.333,0.000,0.667
229500,0.305,0.000,0.695
230000,0.317,0.000,0.683
230500,0.269,0.000,0.731
231000,0.392,0.000,0.608
231500,0.348,0.000,0.652
232000,0.291,0.000,0.709
232500,0.242,0.000,0.758
233000,0.474,0.000,0.526
233500,0.281,0.000,0.719
234000,0.390,0.000,0.610
234500,0.281,0.000,0.719
235000,0.394,0.000,0.606
235500,0.292,0.000,0.708
236000,0.226,0.000,0.774
236500,0.369,0.000,0.631
237000,0.394,0.000,0.606
237500,0.238,0.000,0.762
238000,0.479,0.000,0.521
238500,0.465,0.000,0.535
239000,0.280,0.000,0.720
239500,0.336,0.000,0.664
240000,0.320,0.000,0.680
240500,0.270,0.000,0.730
241000,0.222,0.000,0.778
241500,0.260,0.000,0.740
242000,0.285,0.000,0.715
242500,0.429,0.000,0.571
243000,0.393,0.000,0.607
243500,0.309,0.000,0.691
244000,0.357,0.000,0.643
244500,0.193,0.000,0.807
245000,0.339,0.000,0.661
245500,0.265,0.000,0.735
246000,0.395,0.000,0.605
246500,0.377,0.000,0.623
247000,0.416,0.000,0.584
247500,0.343,0.000,0.657
248000,0.307,0.000,0.693
248500,0.400,0.000,0.600
249000,0.367,0.000,0.633
249500,0.230,0.000,0.770
250000,0.401,0.000,0.599
250500,0.272,0.000,0.728
251000,0.559,0.000,0.441
251500,0.397,0.000,0.603
252000,0.236,0.000,0.764
252500,0.353,0.000,0.647
253000,0.283,0.000,0.717
253500,0.401,0.000,0.599
254000,0.237,0.000,0.763
254500,0.270,0.000,0.730
255000,0.314,0.000,0.686
255500,0.406,0.000,0.594
256000,0.301,0.000,0.699
256500,0.421,0.000,0.579
257000,0.362,0.000,0.638
257500,0.265,0.000,0.735
258000,0.332,0.000,0.668
258500,0.291,0.000,0.709
259000,0.314,0.000,0.686
259500,0.384,0.000,0.616
260000,0.230,0.000,0.770
260500,0.379,0.000,0.621
261000,0.308,0.000,0.692
261500,0.421,0.000,0.579
262000,0.303,0.000,0.697
262500,0.325,0.000,0.675
263000,0.280,0.000,0.720
263500,0.338,0.000,0.662
264000,0.259,0.000,0.741
264500,0.351,0.000,0.649
265000,0.230,0.000,0.770
265500,0.351,0.000,0.649
266000,0.280,0.000,0.720
266500,0.274,0.000,0.726
267000,0.277,0.000,0.723
267500,0.273,0.000,0.727
268000,0.419,0.000,0.581
268500,0.335,0.000,0.665
269000,0.386,0.000,0.614
269500,0.329,0.000,0.671
270000,0.365,0.000,0.635
270500,0.336,0.000,0.664
271000,0.305,0.000,0.695
271500,0.266,0.000,0.734
272000,0.292,0.000,0.708
272500,0.443,0.000,0.557
273000,0.394,0.000,0.606
273500,0.246,0.000,0.754
274000,0.434,0.000,0.566
274500,0.338,0.000,0.662
275000,0.247,0.000,0.753
275500,0.303,0.000,0.697
276000,0.414,0.000,0.586
276500,0.328,0.000,0.672
277000,0.255,0.000,0.745
277500,0.314,0.000,0.686
278000,0.331,0.000,0.669
278500,0.396,0.000,0.604
279000,0.285,0.000,0.715
279500,0.430,0.000,0.570
280000,0.391,0.000,0.609
280500,0.365,0.000,0.635
281000,0.250,0.000,0.750
281500,0.295,0.000,0.705
282000,0.429,0.000,0.571
282500,0.252,0.000,0.748
283000,0.318,0.000,0.682
283500,0.314,0.000,0.686
284000,0.267,0.000,0.733
284500,0.300,0.000,0.700
285000,0.223,0.000,0.777
285500,0.326,0.000,0.674
286000,0.311,0.000,0.689
286500,0.353,0.000,0.647
287000,0.289,0.000,0.711
287500,0.373,0.000,0.627
288000,0.377,0.000,0.623
288500,0.588,0.000,0.412
289000,0.454,0.000,0.546
289500,0.447,0.000,0.553
290000,0.389,0.000,0.611
290500,0.311,0.000,0.689
291000,0.305,0.000,0.695
291500,0.244,0.001,0.755
292000,0.352,0.000,0.648
292500,0.364,0.000,0.636
293000,0.311,0.000,0.689
293500,0.216,0.000,0.784
294000,0.284,0.000,0.716
294500,0.388,0.000,0.612
295000,0.264,0.000,0.736
295500,0.376,0.000,0.624
296000,0.399,0.000,0.601
296500,0.258,0.000,0.742
297000,0.374,0.000,0.626
297500,0.313,0.000,0.687
298000,0.336,0.000,0.664
298500,0.460,0.000,0.540
299000,0.462,0.000,0.538
299500,0.317,0.000,0.683
300000,0.334,0.000,0.666
300500,0.239,0.000,0.761
301000,0.368,0.000,0.632
301500,0.351,0.000,0.649
302000,0.471,0.000,0.529
302500,0.342,0.000,0.658
303000,0.319,0.000,0.681
303500,0.357,0.000,0.643
304000,0.341,0.000,0.659
304500,0.258,0.000,0.742
305000,0.391,0.000,0.609
305500,0.282,0.000,0.718
306000,0.321,0.000,0.679
306500,0.433,0.000,0.567
307000,0.298,0.000,0.702
307500,0.322,0.000,0.678
308000,0.315,0.000,0.685
308500,0.284,0.000,0.716
309000,0.294,0.000,0.706
309500,0.275,0.000,0.725
310000,0.315,0.000,0.685
310500,0.281,0.000,0.719
311000,0.216,0.000,0.784
311500,0.344,0.000,0.656
312000,0.367,0.000,0.633
312500,0.372,0.000,0.628
313000,0.229,0.000,0.771
313500,0.357,0.000,0.643
314000,0.316,0.000,0.684
314500,0.470,0.000,0.530
315000,0.377,0.000,0.623
315500,0.450,0.000,0.550
316000,0.309,0.000,0.691
316500,0.318,0.000,0.682
317000,0.222,0.000,0.778
317500,0.208,0.000,0.792
318000,0.290,0.000,0.710
318500,0.375,0.000,0.625
319000,0.309,0.000,0.691
319500,0.231,0.000,0.769
320000,0.294,0.000,0.706
320500,0.290,0.000,0.710
321000,0.265,0.000,0.735
321500,0.308,0.000,0.692
322000,0.335,0.000,0.665
322500,0.326,0.000,0.674
323000,0.411,0.000,0.589
323500,0.361,0.000,0.639
324000,0.225,0.000,0.775
324500,0.359,0.000,0.641
325000,0.526,0.000,0.474
325500,0.343,0.000,0.657
326000,0.453,0.000,0.547
326500,0.242,0.000,0.758
327000,0.205,0.000,0.795
327500,0.265,0.000,0.735
328000,0.283,0.000,0.717
328500,0.265,0.000,0.735
329000,0.293,0.000,0.707
329500,0.256,0.000,0.744
330000,0.286,0.000,0.714
330500,0.298,0.000,0.702
331000,0.437,0.000,0.563
331500,0.296,0.000,0.704
332000,0.391,0.000,0.609
332500,0.374,0.000,0.626
333000,0.389,0.000,0.611
333500,0.225,0.000,0.775
334000,0.293,0.000,0.707
334500,0.331,0.000,0.669
335000,0.381,0.000,0.619
335500,0.314,0.000,0.686
336000,0.350,0.000,0.650
336500,0.339,0.000,0.661
337000,0.270,0.000,0.730
337500,0.441,0.000,0.559
338000,0.445,0.000,0.555
338500,0.327,0.000,0.673
339000,0.383,0.000,0.617
339500,0.281,0.000,0.719
340000,0.367,0.000,0.633
340500,0.195,0.000,0.805
341000,0.347,0.000,0.653
341500,0.349,0.000,0.651
342000,0.357,0.000,0.643
342500,0.403,0.000,0.597
343000,0.295,0.000,0.705
343500,0.324,0.000,0.676
344000,0.399,0.000,0.601
344500,0.369,0.000,0.631
345000,0.393,0.000,0.607
345500,0.304,0.000,0.696
346000,0.310,0.000,0.690
346500,0.226,0.000,0.774
347000,0.420,0.000,0.580
347500,0.371,0.000,0.629
348000,0.413,0.000,0.587
348500,0.287,0.000,0.713
349000,0.382,0.000,0.618
349500,0.326,0.000,0.674
350000,0.302,0.000,0.698
350500,0.322,0.000,0.678
351000,0.348,0.000,0.652
351500,0.366,0.000,0.634
352000,0.379,0.000,0.621
352500,0.493,0.000,0.507
353000,0.432,0.000,0.568
353500,0.383,0.000,0.617
354000,0.331,0.000,0.669
354500,0.329,0.000,0.671
355000,0.245,0.000,0.755
355500,0.283,0.000,0.717
356000,0.350,0.000,0.650
356500,0.356,0.000,0.644
357000,0.289,0.000,0.711
357500,0.317,0.000,0.683
358000,0.218,0.000,0.782
358500,0.460,0.000,0.540
359000,0.177,0.000,0.823
359500,0.278,0.000,0.722
360000,0.266,0.000,0.734
360500,0.314,0.000,0.686
361000,0.578,0.000,0.422
361500,0.296,0.000,0.704
362000,0.274,0.000,0.726
362500,0.448,0.000,0.552
363000,0.286,0.000,0.714
363500,0.298,0.000,0.702
364000,0.234,0.000,0.766
364500,0.373,0.000,0.627
365000,0.286,0.000,0.714
365500,0.316,0.000,0.684
366000,0.284,0.000,0.716
366500,0.486,0.000,0.514
367000,0.255,0.000,0.745
367500,0.338,0.000,0.662
368000,0.335,0.000,0.665
368500,0.310,0.000,0.690
369000,0.416,0.000,0.584
369500,0.317,0.000,0.683
370000,0.408,0.000,0.592
370500,0.300,0.000,0.700
371000,0.389,0.000,0.611
371500,0.215,0.000,0.785
372000,0.318,0.000,0.682
372500,0.394,0.000,0.606
373000,0.411,0.000,0.589
373500,0.329,0.000,0.671
374000,0.466,0.000,0.534
374500,0.297,0.000,0.703
375000,0.343,0.000,0.657
375500,0.397,0.000,0.603
376000,0.307,0.000,0.693
376500,0.277,0.000,0.723
377000,0.341,0.000,0.659
377500,0.427,0.000,0.573
378000,0.449,0.000,0.551
378500,0.476,0.000,0.524
379000,0.344,0.000,0.656
379500,0.476,0.000,0.524
380000,0.253,0.000,0.747
380500,0.356,0.000,0.644
381000,0.387,0.000,0.613
381500,0.336,0.000,0.664
382000,0.330,0.000,0.670
382500,0.384,0.000,0.616
383000,0.326,0.000,0.674
383500,0.282,0.000,0.718
384000,0.332,0.000,0.668
384500,0.314,0.000,0.686
385000,0.336,0.000,0.664
385500,0.343,0.000,0.657
386000,0.307,0.000,0.693
386500,0.328,0.000,0.672
387000,0.285,0.000,0.715
387500,0.359,0.000,0.641
388000,0.283,0.000,0.717
388500,0.389,0.000,0.611
389000,0.356,0.000,0.644
389500,0.258,0.000,0.742
390000,0.368,0.000,0.632
390500,0.402,0.000,0.598
391000,0.368,0.000,0.632
391500,0.222,0.000,0.778
392000,0.334,0.000,0.666
392500,0.284,0.000,0.716
393000,0.391,0.000,0.609
393500,0.275,0.000,0.725
394000,0.333,0.000,0.667
394500,0.354,0.000,0.646
395000,0.430,0.000,0.570
395500,0.534,0.000,0.466
396000,0.308,0.000,0.692
396500,0.339,0.000,0.661
397000,0.309,0.000,0.691
397500,0.359,0.000,0.641
398000,0.324,0.000,0.676
398500,0.335,0.000,0.665
399000,0.303,0.000,0.697
399500,0.427,0.000,0.573
400000,0.429,0.000,0.571
400500,0.509,0.000,0.491
401000,0.332,0.000,0.668
401500,0.349,0.000,0.651
402000,0.352,0.000,0.648
402500,0.228,0.000,0.772
403000,0.359,0.000,0.641
403500,0.273,0.000,0.727
404000,0.318,0.000,0.682
404500,0.349,0.000,0.651
405000,0.233,0.000,0.767
405500,0.380,0.000,0.620
406000,0.281,0.000,0.719
406500,0.308,0.000,0.692
407000,0.260,0.000,0.740
407500,0.406,0.000,0.594
408000,0.311,0.000,0.689
408500,0.412,0.000,0.588
409000,0.225,0.000,0.775
409500,0.368,0.000,0.632
410000,0.254,0.000,0.746
410500,0.502,0.000,0.498
411000,0.289,0.000,0.711
411500,0.350,0.000,0.650
412000,0.275,0.000,0.725
412500,0.289,0.000,0.711
413000,0.292,0.000,0.708
413500,0.268,0.000,0.732
414000,0.292,0.000,0.708
414500,0.368,0.000,0.632
415000,0.357,0.000,0.643
415500,0.290,0.000,0.710
416000,0.367,0.000,0.633
416500,0.411,0.000,0.589
417000,0.388,0.000,0.612
417500,0.342,0.000,0.658
418000,0.436,0.000,0.564
418500,0.263,0.000,0.737
419000,0.341,0.000,0.659
419500,0.285,0.000,0.715
420000,0.293,0.000,0.707
420500,0.299,0.000,0.701
421000,0.246,0.000,0.754
421500,0.366,0.000,0.634
422000,0.365,0.000,0.635
422500,0.312,0.000,0.688
423000,0.317,0.000,0.683
423500,0.394,0.000,0.606
424000,0.350,0.000,0.650
424500,0.412,0.000,0.588
425000,0.358,0.000,0.642
425500,0.482,0.000,0.518
426000,0.413,0.000,0.587
426500,0.367,0.000,0.633
427000,0.321,0.000,0.679
427500,0.486,0.000,0.514
428000,0.385,0.000,0.615
428500,0.358,0.000,0.642
429000,0.342,0.000,0.658
429500,0.277,0.000,0.723
430000,0.386,0.000,0.614
430500,0.300,0.000,0.700
431000,0.351,0.000,0.649
431500,0.300,0.000,0.700
432000,0.277,0.000,0.723
432500,0.357,0.000,0.643
433000,0.258,0.000,0.742
433500,0.364,0.000,0.636
434000,0.298,0.000,0.702
434500,0.309,0.000,0.691
435000,0.452,0.000,0.548
435500,0.445,0.000,0.555
436000,0.197,0.000,0.803
436500,0.381,0.000,0.619
437000,0.305,0.000,0.695
437500,0.379,0.000,0.621
438000,0.354,0.000,0.646
438500,0.392,0.000,0.608
439000,0.369,0.000,0.631
439500,0.447,0.000,0.553
440000,0.408,0.000,0.592
440500,0.381,0.000,0.619
441000,0.355,0.000,0.645
441500,0.399,0.000,0.601
442000,0.400,0.000,0.600
442500,0.377,0.000,0.623
443000,0.317,0.000,0.683
443500,0.423,0.000,0.577
444000,0.311,0.000,0.689
444500,0.384,0.000,0.616
445000,0.365,0.000,0.635
445500,0.471,0.000,0.529
446000,0.353,0.000,0.647
446500,0.477,0.000,0.523
447000,0.256,0.000,0.744
447500,0.428,0.000,0.572
448000,0.400,0.000,0.600
448500,0.325,0.000,0.675
449000,0.266,0.000,0.734
449500,0.354,0.000,0.646
450000,0.523,0.000,0.477
450500,0.432,0.000,0.568
451000,0.304,0.000,0.696
451500,0.350,0.000,0.650
452000,0.317,0.000,0.683
452500,0.242,0.000,0.758
453000,0.190,0.000,0.810
453500,0.324,0.000,0.676
454000,0.301,0.000,0.699
454500,0.364,0.000,0.636
455000,0.301,0.000,0.699
455500,0.359,0.000,0.641
456000,0.376,0.000,0.624
456500,0.291,0.000,0.709
457000,0.297,0.000,0.703
457500,0.420,0.000,0.580
458000,0.348,0.000,0.652
458500,0.394,0.000,0.606
459000,0.270,0.000,0.730
459500,0.257,0.000,0.743
460000,0.281,0.000,0.719
460500,0.423,0.000,0.577
461000,0.396,0.000,0.604
461500,0.493,0.000,0.507
462000,0.325,0.000,0.675
462500,0.216,0.000,0.784
463000,0.342,0.000,0.658
463500,0.266,0.000,0.734
464000,0.265,0.000,0.735
464500,0.296,0.000,0.704
465000,0.270,0.000,0.730
465500,0.354,0.000,0.646
466000,0.313,0.000,0.687
466500,0.335,0.000,0.665
467000,0.339,0.000,0.661
467500,0.257,0.000,0.743
468000,0.294,0.000,0.706
468500,0.305,0.000,0.695
469000,0.466,0.000,0.534
469500,0.325,0.000,0.675
470000,0.366,0.000,0.634
470500,0.254,0.000,0.746
471000,0.283,0.000,0.717
471500,0.304,0.000,0.696
472000,0.321,0.000,0.679
472500,0.308,0.000,0.692
473000,0.275,0.000,0.725
473500,0.329,0.000,0.671
474000,0.382,0.000,0.618
474500,0.392,0.000,0.608
475000,0.456,0.000,0.544
475500,0.370,0.000,0.630
476000,0.265,0.000,0.735
476500,0.439,0.000,0.561
477000,0.247,0.000,0.753
477500,0.375,0.000,0.625
478000,0.410,0.000,0.590
478500,0.311,0.000,0.689
479000,0.407,0.000,0.593
479500,0.332,0.000,0.668
480000,0.283,0.000,0.717
480500,0.282,0.000,0.718
481000,0.375,0.000,0.625
481500,0.345,0.000,0.655
482000,0.371,0.000,0.629
482500,0.282,0.000,0.718
483000,0.291,0.000,0.709
483500,0.366,0.000,0.634
484000,0.339,0.000,0.661
484500,0.339,0.000,0.661
485000,0.379,0.000,0.621
485500,0.310,0.000,0.690
486000,0.262,0.000,0.738
486500,0.331,0.000,0.669
487000,0.359,0.000,0.641
487500,0.513,0.000,0.487
488000,0.327,0.000,0.673
488500,0.338,0.000,0.662
489000,0.221,0.000,0.779
489500,0.327,0.000,0.673
490000,0.211,0.000,0.789
490500,0.269,0.000,0.731
491000,0.330,0.000,0.670
491500,0.360,0.000,0.640
492000,0.424,0.000,0.576
492500,0.277,0.000,0.723
493000,0.247,0.000,0.753
493500,0.425,0.000,0.575
494000,0.300,0.000,0.700
494500,0.370,0.000,0.630
495000,0.384,0.000,0.616
495500,0.307,0.000,0.693
496000,0.310,0.000,0.690
496500,0.394,0.000,0.606
497000,0.350,0.000,0.650
497500,0.363,0.000,0.637
498000,0.226,0.000,0.774
498500,0.275,0.000,0.725
499000,0.345,0.000,0.655
499500,0.172,0.000,0.828
500000,0.380,0.000,0.620
500500,0.349,0.000,0.651
501000,0.351,0.000,0.649
501500,0.409,0.000,0.591
502000,0.350,0.000,0.650
502500,0.287,0.000,0.713
503000,0.342,0.000,0.658
503500,0.176,0.000,0.824
504000,0.233,0.000,0.767
504500,0.330,0.000,0.670
505000,0.359,0.000,0.641
505500,0.326,0.000,0.674
506000,0.245,0.000,0.755
506500,0.254,0.000,0.746
507000,0.357,0.000,0.643
507500,0.380,0.000,0.620
508000,0.247,0.000,0.753
508500,0.283,0.000,0.717
509000,0.375,0.000,0.625
509500,0.355,0.000,0.645
510000,0.441,0.000,0.559
510500,0.394,0.000,0.606
511000,0.545,0.000,0.455
511500,0.341,0.000,0.659
512000,0.238,0.000,0.762
512500,0.585,0.000,0.415
513000,0.474,0.000,0.526
513500,0.175,0.000,0.825
514000,0.368,0.000,0.632
514500,0.340,0.000,0.660
515000,0.380,0.000,0.620
515500,0.301,0.000,0.699
516000,0.444,0.000,0.556
516500,0.425,0.000,0.575
517000,0.385,0.000,0.615
517500,0.317,0.000,0.683
518000,0.387,0.000,0.613
518500,0.387,0.000,0.613
519000,0.304,0.000,0.696
519500,0.379,0.000,0.621
520000,0.362,0.000,0.638
520500,0.324,0.000,0.676
521000,0.374,0.000,0.626
521500,0.345,0.000,0.655
522000,0.462,0.000,0.538
522500,0.261,0.000,0.739
523000,0.322,0.000,0.678
523500,0.380,0.000,0.620
524000,0.348,0.000,0.652
524500,0.320,0.000,0.680
525000,0.331,0.000,0.669
525500,0.435,0.000,0.565
526000,0.437,0.000,0.563
526500,0.370,0.000,0.630
527000,0.382,0.000,0.618
527500,0.411,0.000,0.589
528000,0.405,0.000,0.595
528500,0.459,0.000,0.541
529000,0.296,0.000,0.704
529500,0.363,0.000,0.637
530000,0.483,0.000,0.517
530500,0.308,0.000,0.692
531000,0.429,0.000,0.571
531500,0.244,0.000,0.756
532000,0.272,0.000,0.728
532500,0.357,0.000,0.643
533000,0.334,0.000,0.666
533500,0.263,0.000,0.737
534000,0.349,0.000,0.651
534500,0.363,0.000,0.637
535000,0.293,0.000,0.707
535500,0.367,0.000,0.633
536000,0.259,0.000,0.741
536500,0.457,0.000,0.543
537000,0.168,0.000,0.832
537500,0.282,0.000,0.718
538000,0.297,0.000,0.703
538500,0.508,0.000,0.492
539000,0.401,0.000,0.599
539500,0.407,0.000,0.593
540000,0.389,0.000,0.611
540500,0.336,0.000,0.664
541000,0.536,0.000,0.464
541500,0.413,0.000,0.587
542000,0.267,0.000,0.733
542500,0.342,0.000,0.658
543000,0.375,0.000,0.625
543500,0.259,0.000,0.741
544000,0.450,0.000,0.550
544500,0.464,0.000,0.536
545000,0.433,0.000,0.567
545500,0.365,0.000,0.635
546000,0.375,0.000,0.625
546500,0.355,0.000,0.645
547000,0.255,0.000,0.745
547500,0.283,0.000,0.717
548000,0.295,0.000,0.705
548500,0.315,0.000,0.685
549000,0.291,0.000,0.709
549500,0.370,0.000,0.630
550000,0.198,0.000,0.802
550500,0.307,0.000,0.693
551000,0.269,0.000,0.731
551500,0.584,0.000,0.416
552000,0.324,0.000,0.676
552500,0.385,0.000,0.615
553000,0.250,0.000,0.750
553500,0.300,0.000,0.700
554000,0.436,0.000,0.564
554500,0.407,0.000,0.593
555000,0.363,0.000,0.637
555500,0.321,0.000,0.679
556000,0.225,0.000,0.775
556500,0.282,0.000,0.718
557000,0.405,0.000,0.595
557500,0.367,0.000,0.633
558000,0.228,0.000,0.772
558500,0.295,0.000,0.705
559000,0.468,0.000,0.532
559500,0.391,0.000,0.609
560000,0.364,0.000,0.636
560500,0.287,0.000,0.713
561000,0.378,0.000,0.622
561500,0.193,0.000,0.807
562000,0.399,0.000,0.601
562500,0.403,0.000,0.597
563000,0.403,0.000,0.597
563500,0.497,0.000,0.503
564000,0.422,0.000,0.578
564500,0.358,0.000,0.642
565000,0.334,0.000,0.666
565500,0.269,0.000,0.731
566000,0.424,0.000,0.576
566500,0.324,0.000,0.676
567000,0.240,0.000,0.760
567500,0.444,0.000,0.556
568000,0.300,0.000,0.700
568500,0.311,0.000,0.689
569000,0.356,0.000,0.644
569500,0.343,0.000,0.657
570000,0.338,0.000,0.662
570500,0.374,0.000,0.626
571000,0.368,0.000,0.632
571500,0.392,0.000,0.608
572000,0.319,0.000,0.681
572500,0.306,0.000,0.694
573000,0.340,0.000,0.660
573500,0.256,0.000,0.744
574000,0.330,0.000,0.670
574500,0.356,0.000,0.644
575000,0.507,0.000,0.493
575500,0.341,0.000,0.659
576000,0.424,0.000,0.576
576500,0.372,0.000,0.628
577000,0.311,0.000,0.689
577500,0.321,0.000,0.679
578000,0.290,0.000,0.710
578500,0.282,0.000,0.718
579000,0.425,0.000,0.575
579500,0.359,0.000,0.641
580000,0.413,0.000,0.587
580500,0.355,0.000,0.645
581000,0.347,0.000,0.653
581500,0.354,0.000,0.646
582000,0.275,0.000,0.725
582500,0.285,0.000,0.715
583000,0.371,0.000,0.629
583500,0.223,0.000,0.777
584000,0.467,0.000,0.533
584500,0.253,0.000,0.747
585000,0.446,0.000,0.554
585500,0.285,0.000,0.715
586000,0.232,0.000,0.768
586500,0.350,0.000,0.650
587000,0.230,0.000,0.770
587500,0.246,0.000,0.754
588000,0.181,0.000,0.819
588500,0.306,0.000,0.694
589000,0.350,0.000,0.650
589500,0.315,0.000,0.685
590000,0.290,0.001,0.709
590500,0.279,0.000,0.721
591000,0.319,0.000,0.681
591500,0.318,0.000,0.682
592000,0.265,0.000,0.735
592500,0.436,0.000,0.564
593000,0.392,0.000,0.608
593500,0.302,0.000,0.698
594000,0.222,0.000,0.778
594500,0.396,0.000,0.604
595000,0.227,0.000,0.773
595500,0.385,0.000,0.615
596000,0.347,0.000,0.653
596500,0.458,0.000,0.542
597000,0.360,0.000,0.640
597500,0.262,0.000,0.738
598000,0.243,0.000,0.757
598500,0.360,0.000,0.640
599000,0.209,0.000,0.791
599500,0.252,0.000,0.748
600000,0.300,0.000,0.700
600500,0.324,0.000,0.676
601000,0.340,0.000,0.660
601500,0.378,0.000,0.622
602000,0.468,0.000,0.532
602500,0.314,0.000,0.686
603000,0.434,0.000,0.566
603500,0.230,0.000,0.770
604000,0.375,0.000,0.625
604500,0.330,0.000,0.670
605000,0.377,0.000,0.623
605500,0.537,0.000,0.463
606000,0.409,0.000,0.591
606500,0.252,0.000,0.748
607000,0.211,0.000,0.789
607500,0.262,0.000,0.738
608000,0.313,0.000,0.687
608500,0.336,0.000,0.664
609000,0.398,0.000,0.602
609500,0.438,0.000,0.562
610000,0.315,0.000,0.685
610500,0.275,0.000,0.725
611000,0.388,0.000,0.612
611500,0.382,0.000,0.618
612000,0.397,0.000,0.603
612500,0.357,0.000,0.643
613000,0.478,0.000,0.522
613500,0.321,0.000,0.679
614000,0.342,0.000,0.658
614500,0.309,0.000,0.691
615000,0.350,0.000,0.650
615500,0.372,0.000,0.628
616000,0.482,0.000,0.518
616500,0.251,0.000,0.749
617000,0.251,0.000,0.749
617500,0.295,0.000,0.705
618000,0.343,0.000,0.657
618500,0.409,0.000,0.591
619000,0.244,0.000,0.756
619500,0.335,0.000,0.665
620000,0.427,0.000,0.573
620500,0.328,0.000,0.672
621000,0.390,0.000,0.610
621500,0.373,0.000,0.627
622000,0.321,0.000,0.679
622500,0.425,0.000,0.575
623000,0.298,0.000,0.702
623500,0.434,0.000,0.566
624000,0.362,0.000,0.638
624500,0.431,0.000,0.569
625000,0.329,0.000,0.671
625500,0.276,0.000,0.724
626000,0.385,0.000,0.615
626500,0.382,0.000,0.618
627000,0.348,0.000,0.652
627500,0.305,0.000,0.695
628000,0.381,0.000,0.619
628500,0.267,0.000,0.733
629000,0.315,0.000,0.685
629500,0.370,0.000,0.630
630000,0.257,0.000,0.743
630500,0.303,0.000,0.697
631000,0.294,0.000,0.706
631500,0.448,0.000,0.552
632000,0.434,0.000,0.566
632500,0.247,0.000,0.753
633000,0.352,0.000,0.648
633500,0.330,0.000,0.670
634000,0.312,0.000,0.688
634500,0.440,0.000,0.560
635000,0.390,0.000,0.610
635500,0.139,0.000,0.861
636000,0.400,0.000,0.600
636500,0.402,0.000,0.598
637000,0.281,0.000,0.719
637500,0.360,0.000,0.640
638000,0.312,0.000,0.688
638500,0.365,0.000,0.635
639000,0.284,0.000,0.716
639500,0.445,0.000,0.555
640000,0.335,0.000,0.665
640500,0.466,0.000,0.534
641000,0.283,0.000,0.717
641500,0.377,0.000,0.623
642000,0.220,0.000,0.780
642500,0.420,0.000,0.580
643000,0.342,0.000,0.658
643500,0.437,0.000,0.563
644000,0.401,0.000,0.599
644500,0.440,0.000,0.560
645000,0.366,0.000,0.634
645500,0.304,0.000,0.696
646000,0.407,0.000,0.593
646500,0.334,0.000,0.666
647000,0.347,0.000,0.653
647500,0.309,0.000,0.691
648000,0.328,0.000,0.672
648500,0.252,0.000,0.748
649000,0.152,0.000,0.848
649500,0.345,0.000,0.655
650000,0.417,0.000,0.583
650500,0.302,0.000,0.698
651000,0.429,0.000,0.571
651500,0.354,0.000,0.646
652000,0.416,0.000,0.584
652500,0.422,0.000,0.578
653000,0.360,0.000,0.640
653500,0.298,0.000,0.702
654000,0.327,0.000,0.673
654500,0.336,0.000,0.664
655000,0.346,0.000,0.654
655500,0.206,0.000,0.794
656000,0.428,0.000,0.572
656500,0.289,0.000,0.711
657000,0.271,0.000,0.729
657500,0.243,0.000,0.757
658000,0.321,0.000,0.679
658500,0.340,0.000,0.660
659000,0.239,0.000,0.761
659500,0.292,0.000,0.708
660000,0.332,0.000,0.668
660500,0.351,0.000,0.649
661000,0.271,0.000,0.729
661500,0.338,0.000,0.662
662000,0.331,0.000,0.669
662500,0.363,0.000,0.637
663000,0.326,0.000,0.674
663500,0.280,0.000,0.720
664000,0.345,0.000,0.655
664500,0.313,0.000,0.687
665000,0.260,0.000,0.740
665500,0.226,0.000,0.774
666000,0.335,0.000,0.665
666500,0.447,0.000,0.553
667000,0.315,0.000,0.685
667500,0.329,0.000,0.671
668000,0.379,0.000,0.621
668500,0.317,0.000,0.683
669000,0.228,0.000,0.772
669500,0.379,0.000,0.621
670000,0.256,0.000,0.744
670500,0.263,0.000,0.737
671000,0.459,0.000,0.541
671500,0.236,0.000,0.764
672000,0.349,0.000,0.651
672500,0.394,0.000,0.606
673000,0.339,0.000,0.661
673500,0.309,0.000,0.691
674000,0.371,0.000,0.629
674500,0.412,0.000,0.588
675000,0.410,0.000,0.590
675500,0.255,0.000,0.745
676000,0.358,0.000,0.642
676500,0.409,0.000,0.591
677000,0.321,0.000,0.679
677500,0.432,0.000,0.568
678000,0.412,0.000,0.588
678500,0.263,0.000,0.737
679000,0.250,0.000,0.750
679500,0.294,0.000,0.706
680000,0.433,0.000,0.567
680500,0.357,0.000,0.643
681000,0.261,0.000,0.739
681500,0.365,0.000,0.635
682000,0.287,0.000,0.713
682500,0.381,0.000,0.619
683000,0.330,0.000,0.670
683500,0.367,0.000,0.633
684000,0.373,0.000,0.627
684500,0.262,0.000,0.738
685000,0.266,0.000,0.734
685500,0.299,0.000,0.701
686000,0.369,0.000,0.631
686500,0.276,0.000,0.724
687000,0.358,0.000,0.642
687500,0.265,0.000,0.735
688000,0.268,0.000,0.732
688500,0.241,0.000,0.759
689000,0.495,0.000,0.505
689500,0.290,0.000,0.710
690000,0.403,0.000,0.597
690500,0.391,0.000,0.609
691000,0.229,0.000,0.771
691500,0.276,0.000,0.724
692000,0.271,0.000,0.729
692500,0.335,0.000,0.665
693000,0.306,0.000,0.694
693500,0.210,0.000,0.790
694000,0.245,0.000,0.755
694500,0.371,0.000,0.629
695000,0.316,0.000,0.684
695500,0.281,0.000,0.719
696000,0.288,0.000,0.712
696500,0.430,0.000,0.570
697000,0.256,0.000,0.744
697500,0.195,0.000,0.805
698000,0.296,0.002,0.702
698500,0.504,0.000,0.496
699000,0.223,0.000,0.777
699500,0.258,0.000,0.742
700000,0.502,0.000,0.498
700500,0.464,0.000,0.536
701000,0.210,0.000,0.790
701500,0.238,0.000,0.762
702000,0.396,0.000,0.604
702500,0.235,0.000,0.765
703000,0.322,0.000,0.678
703500,0.360,0.000,0.640
704000,0.335,0.000,0.665
704500,0.242,0.000,0.758
705000,0.396,0.000,0.604
705500,0.255,0.000,0.745
706000,0.341,0.000,0.659
706500,0.456,0.000,0.544
707000,0.268,0.000,0.732
707500,0.328,0.000,0.672
708000,0.338,0.000,0.662
708500,0.370,0.000,0.630
709000,0.176,0.000,0.824
709500,0.449,0.000,0.551
710000,0.411,0.000,0.589
710500,0.359,0.000,0.641
711000,0.177,0.016,0.807
711500,0.293,0.000,0.707
712000,0.325,0.000,0.675
712500,0.274,0.000,0.726
713000,0.222,0.000,0.778
713500,0.303,0.000,0.697
714000,0.241,0.000,0.759
714500,0.402,0.000,0.598
715000,0.300,0.000,0.700
715500,0.364,0.000,0.636
716000,0.430,0.000,0.570
716500,0.275,0.000,0.725
717000,0.399,0.000,0.601
717500,0.327,0.000,0.673
718000,0.253,0.000,0.747
718500,0.315,0.000,0.685
719000,0.262,0.000,0.738
719500,0.385,0.000,0.615
720000,0.385,0.000,0.615
720500,0.299,0.000,0.701
721000,0.460,0.000,0.540
721500,0.354,0.000,0.646
722000,0.303,0.000,0.697
722500,0.252,0.000,0.748
723000,0.319,0.000,0.681
723500,0.375,0.000,0.625
724000,0.298,0.000,0.702
724500,0.362,0.000,0.638
725000,0.424,0.000,0.576
725500,0.316,0.000,0.684
726000,0.283,0.000,0.717
726500,0.332,0.000,0.668
727000,0.428,0.000,0.572
727500,0.319,0.000,0.681
728000,0.343,0.000,0.657
728500,0.416,0.000,0.584
729000,0.439,0.000,0.561
729500,0.480,0.000,0.520
730000,0.186,0.000,0.814
730500,0.411,0.000,0.589
731000,0.386,0.000,0.614
731500,0.389,0.000,0.611
732000,0.292,0.000,0.708
732500,0.334,0.000,0.666
733000,0.306,0.000,0.694
733500,0.198,0.000,0.802
734000,0.416,0.000,0.584
734500,0.276,0.000,0.724
735000,0.350,0.000,0.650
735500,0.277,0.000,0.723
736000,0.337,0.000,0.663
736500,0.173,0.000,0.827
737000,0.423,0.000,0.577
737500,0.460,0.000,0.540
738000,0.508,0.000,0.492
738500,0.232,0.000,0.768
739000,0.290,0.000,0.710
739500,0.296,0.000,0.704
740000,0.384,0.000,0.616
740500,0.276,0.000,0.724
741000,0.287,0.000,0.713
741500,0.354,0.000,0.646
742000,0.339,0.000,0.661
742500,0.304,0.000,0.696
743000,0.345,0.000,0.655
743500,0.270,0.000,0.730
744000,0.422,0.000,0.578
744500,0.344,0.000,0.656
745000,0.362,0.000,0.638
745500,0.346,0.000,0.654
746000,0.422,0.000,0.578
746500,0.226,0.000,0.774
747000,0.255,0.000,0.745
747500,0.347,0.000,0.653
748000,0.330,0.000,0.670
748500,0.391,0.000,0.609
749000,0.360,0.000,0.640
749500,0.306,0.000,0.694
750000,0.287,0.000,0.713
750500,0.511,0.000,0.489
751000,0.236,0.000,0.764
751500,0.192,0.000,0.808
752000,0.201,0.000,0.799
752500,0.272,0.000,0.728
753000,0.307,0.000,0.693
753500,0.258,0.000,0.742
754000,0.269,0.000,0.731
754500,0.314,0.000,0.686
755000,0.255,0.000,0.745
755500,0.263,0.000,0.737
756000,0.250,0.000,0.750
756500,0.228,0.000,0.772
757000,0.287,0.000,0.713
757500,0.310,0.000,0.690
758000,0.349,0.000,0.651
758500,0.287,0.000,0.713
759000,0.238,0.000,0.762
759500,0.449,0.000,0.551
760000,0.359,0.000,0.641
760500,0.306,0.000,0.694
761000,0.321,0.000,0.679
761500,0.325,0.000,0.675
762000,0.341,0.000,0.659
762500,0.406,0.000,0.594
763000,0.296,0.000,0.704
763500,0.479,0.000,0.521
764000,0.299,0.000,0.701
764500,0.329,0.000,0.671
765000,0.424,0.000,0.576
765500,0.376,0.000,0.624
766000,0.293,0.000,0.707
766500,0.264,0.000,0.736
767000,0.362,0.000,0.638
767500,0.314,0.000,0.686
768000,0.243,0.000,0.757
768500,0.347,0.000,0.653
769000,0.325,0.000,0.675
769500,0.186,0.000,0.814
770000,0.254,0.000,0.746
770500,0.299,0.000,0.701
771000,0.408,0.000,0.592
771500,0.286,0.000,0.714
772000,0.375,0.000,0.625
772500,0.376,0.000,0.624
773000,0.416,0.000,0.584
773500,0.309,0.000,0.691
774000,0.290,0.000,0.710
774500,0.350,0.000,0.650
775000,0.235,0.000,0.765
775500,0.359,0.000,0.641
776000,0.336,0.000,0.664
776500,0.348,0.000,0.652
777000,0.350,0.000,0.650
777500,0.306,0.000,0.694
778000,0.337,0.000,0.663
778500,0.287,0.000,0.713
779000,0.441,0.000,0.559
779500,0.330,0.000,0.670
780000,0.418,0.000,0.582
780500,0.314,0.000,0.686
781000,0.231,0.001,0.768
781500,0.255,0.000,0.745
782000,0.224,0.000,0.776
782500,0.426,0.000,0.574
783000,0.273,0.000,0.727
783500,0.186,0.000,0.814
784000,0.245,0.000,0.755
784500,0.329,0.000,0.671
785000,0.331,0.000,0.669
785500,0.404,0.000,0.596
786000,0.374,0.000,0.626
786500,0.329,0.000,0.671
787000,0.266,0.000,0.734
787500,0.248,0.000,0.752
788000,0.337,0.000,0.663
788500,0.403,0.000,0.597
789000,0.285,0.000,0.715
789500,0.295,0.000,0.705
790000,0.389,0.000,0.611
790500,0.384,0.000,0.616
791000,0.374,0.000,0.626
791500,0.360,0.000,0.640
792000,0.289,0.000,0.711
792500,0.383,0.000,0.617
793000,0.355,0.000,0.645
793500,0.311,0.000,0.689
794000,0.502,0.000,0.498
794500,0.257,0.000,0.743
795000,0.314,0.000,0.686
795500,0.305,0.000,0.695
796000,0.294,0.000,0.706
796500,0.226,0.000,0.774
797000,0.241,0.000,0.759
797500,0.366,0.000,0.634
798000,0.258,0.000,0.742
798500,0.436,0.000,0.564
799000,0.336,0.000,0.664
799500,0.341,0.000,0.659
800000,0.325,0.000,0.675
800500,0.267,0.000,0.733
801000,0.387,0.000,0.613
801500,0.316,0.000,0.684
802000,0.323,0.000,0.677
802500,0.425,0.000,0.575
803000,0.457,0.000,0.543
803500,0.455,0.000,0.545
804000,0.455,0.000,0.545
804500,0.268,0.000,0.732
805000,0.313,0.000,0.687
805500,0.420,0.000,0.580
806000,0.208,0.000,0.792
806500,0.267,0.000,0.733
807000,0.289,0.000,0.711
807500,0.342,0.000,0.658
808000,0.345,0.000,0.655
808500,0.285,0.000,0.715
809000,0.429,0.000,0.571
809500,0.265,0.000,0.735
810000,0.397,0.000,0.603
810500,0.339,0.000,0.661
811000,0.376,0.000,0.624
811500,0.304,0.000,0.696
812000,0.195,0.000,0.805
812500,0.330,0.000,0.670
813000,0.306,0.000,0.694
813500,0.244,0.000,0.756
814000,0.463,0.000,0.537
814500,0.561,0.000,0.439
815000,0.317,0.000,0.683
815500,0.200,0.000,0.800
816000,0.352,0.000,0.648
816500,0.372,0.000,0.628
817000,0.400,0.000,0.600
817500,0.364,0.000,0.636
818000,0.327,0.000,0.673
818500,0.407,0.000,0.593
819000,0.322,0.000,0.678
819500,0.310,0.000,0.690
820000,0.476,0.000,0.524
820500,0.215,0.000,0.785
821000,0.327,0.000,0.673
821500,0.252,0.000,0.748
822000,0.477,0.000,0.523
822500,0.284,0.000,0.716
823000,0.397,0.000,0.603
823500,0.313,0.000,0.687
824000,0.331,0.000,0.669
824500,0.383,0.000,0.617
825000,0.362,0.000,0.638
825500,0.300,0.000,0.700
826000,0.276,0.000,0.724
826500,0.316,0.000,0.684
827000,0.412,0.000,0.588
827500,0.225,0.000,0.775
828000,0.329,0.000,0.671
828500,0.332,0.000,0.668
829000,0.379,0.000,0.621
829500,0.271,0.000,0.729
830000,0.375,0.000,0.625
830500,0.345,0.000,0.655
831000,0.333,0.000,0.667
831500,0.456,0.000,0.544
832000,0.317,0.000,0.683
832500,0.480,0.000,0.520
833000,0.512,0.000,0.488
833500,0.430,0.000,0.570
834000,0.434,0.000,0.566
834500,0.402,0.000,0.598
835000,0.299,0.000,0.701
835500,0.374,0.000,0.626
836000,0.388,0.000,0.612
836500,0.212,0.000,0.788
837000,0.304,0.000,0.696
837500,0.446,0.000,0.554
838000,0.408,0.000,0.592
838500,0.396,0.000,0.604
839000,0.313,0.000,0.687
839500,0.359,0.000,0.641
840000,0.308,0.000,0.692
840500,0.380,0.000,0.620
841000,0.392,0.000,0.608
841500,0.280,0.000,0.720
842000,0.346,0.000,0.654
842500,0.410,0.000,0.590
843000,0.297,0.000,0.703
843500,0.314,0.000,0.686
844000,0.347,0.000,0.653
844500,0.355,0.000,0.645
845000,0.311,0.000,0.689
845500,0.404,0.000,0.596
846000,0.313,0.000,0.687
846500,0.435,0.000,0.565
847000,0.371,0.000,0.629
847500,0.274,0.000,0.726
848000,0.331,0.000,0.669
848500,0.283,0.000,0.717
849000,0.279,0.000,0.721
849500,0.198,0.000,0.802
850000,0.553,0.000,0.447
850500,0.445,0.000,0.555
851000,0.316,0.000,0.684
851500,0.355,0.000,0.645
852000,0.387,0.000,0.613
852500,0.389,0.000,0.611
853000,0.262,0.000,0.738
853500,0.340,0.000,0.660
854000,0.295,0.000,0.705
854500,0.418,0.000,0.582
855000,0.393,0.000,0.607
855500,0.446,0.000,0.554
856000,0.367,0.000,0.633
856500,0.185,0.000,0.815
857000,0.311,0.000,0.689
857500,0.474,0.000,0.526
858000,0.447,0.000,0.553
858500,0.288,0.000,0.712
859000,0.350,0.000,0.650
859500,0.404,0.000,0.596
860000,0.347,0.000,0.653
860500,0.203,0.000,0.797
861000,0.374,0.000,0.626
861500,0.373,0.000,0.627
862000,0.288,0.000,0.712
862500,0.217,0.000,0.783
863000,0.379,0.000,0.621
863500,0.436,0.000,0.564
864000,0.261,0.000,0.739
864500,0.298,0.000,0.702
865000,0.263,0.000,0.737
865500,0.273,0.000,0.727
866000,0.281,0.000,0.719
866500,0.355,0.000,0.645
867000,0.223,0.000,0.777
867500,0.373,0.000,0.627
868000,0.326,0.000,0.674
868500,0.350,0.000,0.650
869000,0.271,0.000,0.729
869500,0.296,0.000,0.704
870000,0.278,0.000,0.722
870500,0.488,0.000,0.512
871000,0.332,0.000,0.668
871500,0.240,0.000,0.760
872000,0.331,0.000,0.669
872500,0.333,0.000,0.667
873000,0.386,0.000,0.614
873500,0.283,0.000,0.717
874000,0.324,0.000,0.676
874500,0.371,0.000,0.629
875000,0.353,0.000,0.647
875500,0.363,0.000,0.637
876000,0.294,0.000,0.706
876500,0.318,0.000,0.682
877000,0.403,0.000,0.597
877500,0.324,0.000,0.676
878000,0.351,0.000,0.649
878500,0.265,0.000,0.735
879000,0.204,0.000,0.796
879500,0.343,0.000,0.657
880000,0.311,0.000,0.689
880500,0.344,0.000,0.656
881000,0.349,0.000,0.651
881500,0.430,0.000,0.570
882000,0.402,0.000,0.598
882500,0.368,0.000,0.632
883000,0.390,0.000,0.610
883500,0.307,0.000,0.693
884000,0.417,0.000,0.583
884500,0.311,0.000,0.689
885000,0.423,0.000,0.577
885500,0.335,0.000,0.665
886000,0.293,0.000,0.707
886500,0.344,0.000,0.656
887000,0.320,0.000,0.680
887500,0.392,0.000,0.608
888000,0.247,0.000,0.753
888500,0.256,0.000,0.744
889000,0.308,0.000,0.692
889500,0.351,0.000,0.649
890000,0.369,0.000,0.631
890500,0.322,0.000,0.678
891000,0.344,0.000,0.656
891500,0.378,0.000,0.622
892000,0.333,0.000,0.667
892500,0.222,0.000,0.778
893000,0.279,0.000,0.721
893500,0.491,0.000,0.509
894000,0.356,0.000,0.644
894500,0.350,0.000,0.650
895000,0.318,0.000,0.682
895500,0.322,0.000,0.678
896000,0.275,0.000,0.725
896500,0.331,0.000,0.669
897000,0.399,0.000,0.601
897500,0.258,0.000,0.742
898000,0.300,0.000,0.700
898500,0.393,0.000,0.607
899000,0.338,0.000,0.662
899500,0.281,0.000,0.719
900000,0.278,0.000,0.722
900500,0.359,0.000,0.641
901000,0.355,0.000,0.645
901500,0.366,0.000,0.634
902000,0.317,0.000,0.683
902500,0.303,0.000,0.697
903000,0.284,0.000,0.716
903500,0.273,0.000,0.727
904000,0.335,0.000,0.665
904500,0.402,0.000,0.598
905000,0.393,0.000,0.607
905500,0.323,0.000,0.677
906000,0.373,0.000,0.627
906500,0.184,0.000,0.816
907000,0.324,0.000,0.676
907500,0.326,0.000,0.674
908000,0.419,0.000,0.581
908500,0.283,0.000,0.717
909000,0.291,0.000,0.709
909500,0.366,0.000,0.634
910000,0.319,0.000,0.681
910500,0.428,0.000,0.572
911000,0.390,0.000,0.610
911500,0.333,0.000,0.667
912000,0.374,0.000,0.626
912500,0.284,0.000,0.716
913000,0.448,0.000,0.552
913500,0.391,0.000,0.609
914000,0.375,0.000,0.625
914500,0.457,0.000,0.543
915000,0.261,0.000,0.739
915500,0.324,0.000,0.676
916000,0.383,0.000,0.617
916500,0.315,0.000,0.685
917000,0.382,0.000,0.618
917500,0.270,0.000,0.730
918000,0.244,0.000,0.756
918500,0.428,0.000,0.572
919000,0.409,0.000,0.591
919500,0.283,0.000,0.717
920000,0.372,0.000,0.628
920500,0.494,0.000,0.506
921000,0.465,0.000,0.535
921500,0.251,0.000,0.749
922000,0.408,0.000,0.592
922500,0.439,0.000,0.561
923000,0.305,0.000,0.695
923500,0.409,0.000,0.591
924000,0.535,0.000,0.465
924500,0.273,0.000,0.727
925000,0.277,0.000,0.723
925500,0.414,0.000,0.586
926000,0.380,0.000,0.620
926500,0.308,0.000,0.692
927000,0.404,0.000,0.596
927500,0.356,0.000,0.644
928000,0.342,0.000,0.658
928500,0.478,0.000,0.522
929000,0.414,0.000,0.586
929500,0.296,0.000,0.704
930000,0.307,0.000,0.693
930500,0.255,0.000,0.745
931000,0.312,0.000,0.688
931500,0.271,0.000,0.729
932000,0.460,0.000,0.540
932500,0.249,0.000,0.751
933000,0.354,0.000,0.646
933500,0.417,0.000,0.583
934000,0.359,0.000,0.641
934500,0.303,0.000,0.697
935000,0.373,0.000,0.627
935500,0.366,0.000,0.634
936000,0.182,0.000,0.818
936500,0.414,0.000,0.586
937000,0.256,0.000,0.744
937500,0.488,0.000,0.512
938000,0.323,0.000,0.677
938500,0.354,0.000,0.646
939000,0.352,0.000,0.648
939500,0.227,0.000,0.773
940000,0.321,0.000,0.679
940500,0.330,0.000,0.670
941000,0.420,0.000,0.580
941500,0.323,0.000,0.677
942000,0.297,0.000,0.703
942500,0.271,0.000,0.729
943000,0.390,0.000,0.610
943500,0.262,0.000,0.738
944000,0.284,0.000,0.716
944500,0.330,0.000,0.670
945000,0.315,0.000,0.685
945500,0.345,0.000,0.655
946000,0.317,0.000,0.683
946500,0.321,0.000,0.679
947000,0.219,0.000,0.781
947500,0.296,0.000,0.704
948000,0.347,0.000,0.653
948500,0.350,0.000,0.650
949000,0.310,0.000,0.690
949500,0.407,0.000,0.593
950000,0.401,0.000,0.599
950500,0.435,0.000,0.565
951000,0.121,0.021,0.858
951500,0.293,0.000,0.707
952000,0.312,0.000,0.688
952500,0.336,0.000,0.664
953000,0.490,0.000,0.510
953500,0.282,0.000,0.718
954000,0.411,0.000,0.589
954500,0.278,0.000,0.722
955000,0.274,0.000,0.726
955500,0.309,0.000,0.691
956000,0.404,0.000,0.596
956500,0.277,0.000,0.723
957000,0.303,0.000,0.697
957500,0.389,0.000,0.611
958000,0.420,0.000,0.580
958500,0.299,0.000,0.701
959000,0.366,0.000,0.634
959500,0.352,0.000,0.648
960000,0.514,0.000,0.486
960500,0.323,0.000,0.677
961000,0.444,0.000,0.556
961500,0.384,0.000,0.616
962000,0.338,0.000,0.662
962500,0.528,0.000,0.472
963000,0.297,0.000,0.703
963500,0.328,0.000,0.672
964000,0.389,0.000,0.611
964500,0.292,0.000,0.708
965000,0.277,0.000,0.723
965500,0.540,0.000,0.460
966000,0.303,0.000,0.697
966500,0.375,0.000,0.625
967000,0.364,0.000,0.636
967500,0.326,0.000,0.674
968000,0.337,0.000,0.663
968500,0.373,0.000,0.627
969000,0.334,0.000,0.666
969500,0.418,0.000,0.582
970000,0.330,0.000,0.670
970500,0.368,0.000,0.632
971000,0.317,0.000,0.683
971500,0.243,0.000,0.757
972000,0.306,0.000,0.694
972500,0.352,0.000,0.648
973000,0.350,0.000,0.650
973500,0.288,0.000,0.712
974000,0.326,0.000,0.674
974500,0.322,0.000,0.678
975000,0.354,0.000,0.646
975500,0.291,0.000,0.709
976000,0.340,0.000,0.660
976500,0.324,0.000,0.676
977000,0.344,0.000,0.656
977500,0.426,0.000,0.574
978000,0.385,0.000,0.615
978500,0.355,0.000,0.645
979000,0.393,0.000,0.607
979500,0.441,0.000,0.559
980000,0.373,0.000,0.627
980500,0.286,0.000,0.714
981000,0.346,0.000,0.654
981500,0.384,0.000,0.616
982000,0.359,0.000,0.641
982500,0.281,0.000,0.719
983000,0.303,0.000,0.697
983500,0.368,0.000,0.632
984000,0.295,0.000,0.705
984500,0.371,0.000,0.629
985000,0.478,0.000,0.522
985500,0.383,0.000,0.617
986000,0.293,0.000,0.707
986500,0.414,0.000,0.586
987000,0.285,0.000,0.715
987500,0.369,0.000,0.631
988000,0.263,0.000,0.737
988500,0.287,0.000,0.713
989000,0.281,0.000,0.719
989500,0.269,0.000,0.731
990000,0.226,0.000,0.774
990500,0.272,0.000,0.728
991000,0.289,0.000,0.711
991500,0.384,0.000,0.616
992000,0.403,0.000,0.597
992500,0.332,0.000,0.668
993000,0.311,0.000,0.689
993500,0.267,0.000,0.733
994000,0.326,0.000,0.674
994500,0.248,0.000,0.752
995000,0.382,0.000,0.618
995500,0.396,0.000,0.604
996000,0.375,0.000,0.625
996500,0.396,0.000,0.604
997000,0.429,0.000,0.571
997500,0.285,0.000,0.715
998000,0.412,0.000,0.588
998500,0.436,0.000,0.564
999000,0.306,0.000,0.694
999500,0.422,0.000,0.578
1000000,0.265,0.000,0.735
