time,n_A+p,n_B,n_AB
500,0.050,0.679,0.271
1000,0.050,0.371,0.579
1500,0.056,0.167,0.778
2000,0.058,0.124,0.817
2500,0.089,0.051,0.859
3000,0.181,0.024,0.794
3500,0.195,0.015,0.790
4000,0.213,0.004,0.782
4500,0.215,0.011,0.773
5000,0.251,0.004,0.746
5500,0.213,0.003,0.784
6000,0.189,0.012,0.799
6500,0.271,0.001,0.729
7000,0.259,0.006,0.736
7500,0.290,0.003,0.707
8000,0.243,0.000,0.756
8500,0.265,0.006,0.729
9000,0.235,0.006,0.759
9500,0.274,0.001,0.726
10000,0.324,0.000,0.676
10500,0.324,0.000,0.676
11000,0.282,0.004,0.714
11500,0.297,0.001,0.703
12000,0.304,0.000,0.696
12500,0.278,0.000,0.722
13000,0.276,0.005,0.719
13500,0.280,0.007,0.713
14000,0.267,0.001,0.733
14500,0.248,0.000,0.752
15000,0.231,0.000,0.769
15500,0.269,0.004,0.727
16000,0.266,0.003,0.732
16500,0.307,0.001,0.692
17000,0.340,0.000,0.660
17500,0.254,0.000,0.746
18000,0.231,0.000,0.769
18500,0.275,0.006,0.719
19000,0.273,0.007,0.721
19500,0.208,0.002,0.791
20000,0.207,0.018,0.775
20500,0.229,0.011,0.760
21000,0.258,0.003,0.740
21500,0.339,0.002,0.660
22000,0.309,0.000,0.691
22500,0.332,0.000,0.668
23000,0.283,0.000,0.717
23500,0.268,0.000,0.732
24000,0.237,0.000,0.762
24500,0.280,0.000,0.720
25000,0.290,0.000,0.710
25500,0.305,0.000,0.695
26000,0.234,0.002,0.764
26500,0.213,0.009,0.777
27000,0.169,0.012,0.820
27500,0.233,0.008,0.759
28000,0.232,0.008,0.760
28500,0.226,0.001,0.773
29000,0.227,0.004,0.769
29500,0.252,0.007,0.741
30000,0.234,0.009,0.757
30500,0.269,0.007,0.724
31000,0.264,0.001,0.735
31500,0.239,0.000,0.760
32000,0.206,0.003,0.791
32500,0.194,0.011,0.795
33000,0.225,0.011,0.764
33500,0.273,0.003,0.725
34000,0.297,0.004,0.699
34500,0.322,0.000,0.678
35000,0.282,0.001,0.717
35500,0.278,0.008,0.714
36000,0.222,0.004,0.775
36500,0.257,0.001,0.743
37000,0.230,0.009,0.762
37500,0.234,0.006,0.760
38000,0.281,0.000,0.719
38500,0.259,0.000,0.742
39000,0.340,0.000,0.660
39500,0.295,0.005,0.700
40000,0.298,0.005,0.697
40500,0.251,0.001,0.749
41000,0.224,0.000,0.776
41500,0.186,0.000,0.814
42000,0.203,0.007,0.790
42500,0.204,0.006,0.789
43000,0.242,0.001,0.757
43500,0.265,0.001,0.734
44000,0.252,0.000,0.748
44500,0.307,0.000,0.693
45000,0.306,0.012,0.681
45500,0.242,0.009,0.749
46000,0.268,0.001,0.731
46500,0.245,0.003,0.753
47000,0.252,0.002,0.747
47500,0.253,0.007,0.740
48000,0.285,0.002,0.713
48500,0.236,0.004,0.761
49000,0.289,0.001,0.711
49500,0.230,0.006,0.764
50000,0.255,0.000,0.746
50500,0.268,0.000,0.732
51000,0.316,0.000,0.684
51500,0.285,0.000,0.715
52000,0.292,0.000,0.708
52500,0.227,0.002,0.771
53000,0.270,0.001,0.730
53500,0.320,0.000,0.680
54000,0.247,0.000,0.752
54500,0.265,0.000,0.735
55000,0.272,0.000,0.728
55500,0.281,0.000,0.720
56000,0.243,0.009,0.749
56500,0.268,0.003,0.730
57000,0.287,0.002,0.712
57500,0.249,0.000,0.750
58000,0.257,0.004,0.739
58500,0.285,0.002,0.713
59000,0.259,0.007,0.734
59500,0.264,0.000,0.736
60000,0.261,0.003,0.737
60500,0.227,0.014,0.759
61000,0.201,0.004,0.795
61500,0.221,0.013,0.766
62000,0.225,0.013,0.763
62500,0.228,0.005,0.767
63000,0.267,0.001,0.733
63500,0.282,0.000,0.718
64000,0.363,0.000,0.637
64500,0.296,0.000,0.704
65000,0.243,0.006,0.750
65500,0.260,0.001,0.740
66000,0.277,0.000,0.723
66500,0.253,0.000,0.748
67000,0.282,0.000,0.718
67500,0.206,0.009,0.785
68000,0.228,0.011,0.762
68500,0.231,0.002,0.767
69000,0.211,0.007,0.782
69500,0.260,0.002,0.738
70000,0.249,0.000,0.750
70500,0.261,0.006,0.733
71000,0.287,0.006,0.707
71500,0.262,0.001,0.738
72000,0.277,0.002,0.722
72500,0.238,0.001,0.761
73000,0.238,0.004,0.758
73500,0.301,0.000,0.699
74000,0.289,0.001,0.710
74500,0.232,0.003,0.765
75000,0.268,0.002,0.731
75500,0.213,0.003,0.784
76000,0.247,0.002,0.750
76500,0.287,0.000,0.713
77000,0.280,0.000,0.720
77500,0.255,0.000,0.746
78000,0.238,0.008,0.754
78500,0.273,0.006,0.721
79000,0.268,0.001,0.732
79500,0.284,0.000,0.716
80000,0.294,0.005,0.701
80500,0.241,0.013,0.746
81000,0.225,0.006,0.769
81500,0.226,0.004,0.770
82000,0.226,0.006,0.768
82500,0.227,0.001,0.773
83000,0.240,0.000,0.760
83500,0.237,0.000,0.763
84000,0.292,0.000,0.708
84500,0.268,0.000,0.732
85000,0.230,0.000,0.770
85500,0.289,0.005,0.706
86000,0.272,0.002,0.727
86500,0.248,0.001,0.752
87000,0.334,0.002,0.664
87500,0.297,0.000,0.703
88000,0.274,0.000,0.726
88500,0.288,0.005,0.707
89000,0.304,0.001,0.695
89500,0.246,0.000,0.754
90000,0.267,0.000,0.733
90500,0.293,0.000,0.707
91000,0.250,0.000,0.750
91500,0.261,0.000,0.740
92000,0.293,0.000,0.707
92500,0.280,0.004,0.716
93000,0.328,0.003,0.669
93500,0.264,0.001,0.735
94000,0.261,0.002,0.738
94500,0.221,0.000,0.779
95000,0.265,0.000,0.736
95500,0.302,0.000,0.698
96000,0.287,0.000,0.713
96500,0.301,0.000,0.699
97000,0.288,0.000,0.712
97500,0.238,0.000,0.762
98000,0.281,0.000,0.719
98500,0.296,0.000,0.704
99000,0.254,0.000,0.746
99500,0.293,0.004,0.703
100000,0.279,0.001,0.721
100500,0.257,0.000,0.743
101000,0.284,0.000,0.716
101500,0.250,0.006,0.744
102000,0.240,0.001,0.759
102500,0.246,0.000,0.754
103000,0.235,0.006,0.758
103500,0.275,0.001,0.725
104000,0.328,0.000,0.672
104500,0.330,0.000,0.670
105000,0.299,0.000,0.701
105500,0.298,0.000,0.702
106000,0.315,0.000,0.685
106500,0.315,0.000,0.685
107000,0.280,0.004,0.716
107500,0.260,0.009,0.732
108000,0.275,0.004,0.721
108500,0.307,0.001,0.692
109000,0.255,0.000,0.746
109500,0.315,0.000,0.685
110000,0.282,0.000,0.718
110500,0.229,0.005,0.766
111000,0.204,0.004,0.791
111500,0.258,0.004,0.738
112000,0.267,0.001,0.733
112500,0.325,0.001,0.675
113000,0.336,0.000,0.664
113500,0.344,0.000,0.656
114000,0.295,0.000,0.705
114500,0.267,0.000,0.733
115000,0.216,0.000,0.784
115500,0.280,0.013,0.707
116000,0.237,0.001,0.763
116500,0.248,0.006,0.746
117000,0.213,0.005,0.782
117500,0.272,0.001,0.727
118000,0.284,0.000,0.716
118500,0.282,0.000,0.718
119000,0.238,0.000,0.762
119500,0.246,0.000,0.754
120000,0.283,0.001,0.716
120500,0.211,0.002,0.787
121000,0.247,0.005,0.747
121500,0.257,0.003,0.741
122000,0.323,0.000,0.677
122500,0.292,0.000,0.708
123000,0.252,0.007,0.741
123500,0.327,0.002,0.672
124000,0.262,0.003,0.736
124500,0.257,0.003,0.741
125000,0.229,0.004,0.767
125500,0.276,0.005,0.719
126000,0.264,0.008,0.728
126500,0.247,0.001,0.751
127000,0.331,0.004,0.665
127500,0.307,0.001,0.693
128000,0.282,0.002,0.716
128500,0.232,0.003,0.765
129000,0.309,0.003,0.689
129500,0.324,0.000,0.676
130000,0.306,0.000,0.694
130500,0.344,0.000,0.656
131000,0.264,0.000,0.736
131500,0.238,0.011,0.751
132000,0.293,0.004,0.704
132500,0.290,0.000,0.710
133000,0.275,0.004,0.722
133500,0.277,0.001,0.723
134000,0.297,0.000,0.703
134500,0.223,0.000,0.777
135000,0.263,0.000,0.737
135500,0.194,0.006,0.800
136000,0.206,0.001,0.793
136500,0.238,0.009,0.753
137000,0.242,0.003,0.756
137500,0.282,0.000,0.718
138000,0.312,0.000,0.688
138500,0.306,0.000,0.694
139000,0.308,0.000,0.692
139500,0.334,0.000,0.666
140000,0.290,0.000,0.710
140500,0.284,0.000,0.716
141000,0.278,0.006,0.716
141500,0.264,0.001,0.735
142000,0.299,0.004,0.697
142500,0.254,0.001,0.745
143000,0.307,0.000,0.693
143500,0.315,0.000,0.685
144000,0.304,0.000,0.696
144500,0.269,0.004,0.727
145000,0.253,0.001,0.747
145500,0.296,0.000,0.704
146000,0.244,0.005,0.750
146500,0.250,0.001,0.749
147000,0.247,0.000,0.753
147500,0.269,0.003,0.729
148000,0.234,0.003,0.763
148500,0.286,0.007,0.707
149000,0.245,0.001,0.754
149500,0.265,0.000,0.735
150000,0.250,0.002,0.748
150500,0.240,0.002,0.758
151000,0.266,0.002,0.733
151500,0.247,0.001,0.753
152000,0.304,0.002,0.694
152500,0.215,0.003,0.781
153000,0.268,0.009,0.724
153500,0.249,0.003,0.748
154000,0.282,0.009,0.709
154500,0.244,0.005,0.750
155000,0.239,0.007,0.753
155500,0.247,0.001,0.752
156000,0.278,0.004,0.718
156500,0.334,0.001,0.665
157000,0.346,0.000,0.654
157500,0.297,0.001,0.702
158000,0.269,0.003,0.729
158500,0.249,0.001,0.749
159000,0.298,0.003,0.699
159500,0.234,0.014,0.752
160000,0.268,0.005,0.727
160500,0.195,0.006,0.799
161000,0.248,0.002,0.750
161500,0.205,0.005,0.789
162000,0.281,0.001,0.719
162500,0.248,0.003,0.749
163000,0.273,0.002,0.726
163500,0.270,0.001,0.730
164000,0.289,0.000,0.711
164500,0.306,0.004,0.690
165000,0.292,0.004,0.704
165500,0.281,0.000,0.719
166000,0.277,0.000,0.724
166500,0.306,0.003,0.691
167000,0.315,0.002,0.684
167500,0.278,0.000,0.722
168000,0.300,0.000,0.700
168500,0.279,0.000,0.721
169000,0.244,0.003,0.754
169500,0.234,0.006,0.760
170000,0.269,0.001,0.730
170500,0.251,0.006,0.743
171000,0.246,0.002,0.753
171500,0.274,0.000,0.726
172000,0.247,0.006,0.746
172500,0.291,0.000,0.709
173000,0.281,0.000,0.719
173500,0.295,0.000,0.705
174000,0.241,0.001,0.757
174500,0.296,0.000,0.704
175000,0.297,0.000,0.703
175500,0.290,0.005,0.704
176000,0.264,0.000,0.736
176500,0.272,0.000,0.728
177000,0.208,0.009,0.784
177500,0.243,0.005,0.751
178000,0.244,0.008,0.748
178500,0.213,0.003,0.783
179000,0.258,0.005,0.737
179500,0.231,0.002,0.768
180000,0.254,0.001,0.746
180500,0.297,0.001,0.702
181000,0.332,0.000,0.668
181500,0.310,0.004,0.685
182000,0.242,0.001,0.757
182500,0.311,0.001,0.689
183000,0.312,0.000,0.688
183500,0.273,0.000,0.727
184000,0.331,0.000,0.669
184500,0.319,0.000,0.681
185000,0.297,0.000,0.703
185500,0.252,0.000,0.748
186000,0.325,0.000,0.675
186500,0.294,0.000,0.706
187000,0.275,0.000,0.726
187500,0.292,0.007,0.701
188000,0.308,0.001,0.691
188500,0.310,0.002,0.688
189000,0.258,0.001,0.741
189500,0.237,0.000,0.762
190000,0.239,0.000,0.761
190500,0.244,0.000,0.756
191000,0.226,0.004,0.771
191500,0.208,0.002,0.790
192000,0.278,0.007,0.715
192500,0.317,0.007,0.676
193000,0.277,0.002,0.722
193500,0.356,0.000,0.644
194000,0.348,0.000,0.652
194500,0.315,0.000,0.685
195000,0.273,0.004,0.723
195500,0.274,0.005,0.721
196000,0.244,0.001,0.756
196500,0.256,0.002,0.743
197000,0.243,0.005,0.751
197500,0.244,0.000,0.756
198000,0.286,0.007,0.707
198500,0.253,0.005,0.742
199000,0.275,0.004,0.721
199500,0.278,0.004,0.719
200000,0.265,0.002,0.734
200500,0.265,0.001,0.735
201000,0.246,0.005,0.749
201500,0.240,0.000,0.760
202000,0.253,0.004,0.743
202500,0.222,0.001,0.778
203000,0.269,0.001,0.731
203500,0.308,0.000,0.692
204000,0.267,0.000,0.733
204500,0.294,0.000,0.706
205000,0.301,0.004,0.695
205500,0.320,0.001,0.679
206000,0.303,0.000,0.697
206500,0.296,0.000,0.704
207000,0.294,0.000,0.706
207500,0.305,0.000,0.695
208000,0.314,0.000,0.686
208500,0.237,0.002,0.762
209000,0.260,0.001,0.740
209500,0.269,0.000,0.731
210000,0.319,0.000,0.681
210500,0.316,0.003,0.681
211000,0.401,0.001,0.599
211500,0.284,0.001,0.715
212000,0.245,0.000,0.754
212500,0.273,0.000,0.727
213000,0.302,0.000,0.698
213500,0.259,0.000,0.741
214000,0.293,0.000,0.707
214500,0.213,0.000,0.787
215000,0.232,0.003,0.765
215500,0.339,0.000,0.661
216000,0.333,0.000,0.667
216500,0.277,0.000,0.724
217000,0.334,0.000,0.666
217500,0.268,0.000,0.732
218000,0.243,0.000,0.756
218500,0.287,0.000,0.713
219000,0.318,0.000,0.682
219500,0.213,0.000,0.787
220000,0.323,0.000,0.677
220500,0.277,0.000,0.723
221000,0.298,0.000,0.702
221500,0.267,0.007,0.727
222000,0.325,0.001,0.675
222500,0.273,0.000,0.727
223000,0.285,0.000,0.715
223500,0.231,0.000,0.769
224000,0.253,0.002,0.746
224500,0.293,0.001,0.706
225000,0.288,0.006,0.706
225500,0.312,0.002,0.686
226000,0.271,0.007,0.722
226500,0.212,0.002,0.786
227000,0.261,0.001,0.739
227500,0.256,0.002,0.743
228000,0.270,0.000,0.730
228500,0.294,0.000,0.706
229000,0.338,0.000,0.662
229500,0.310,0.000,0.690
230000,0.309,0.000,0.691
230500,0.327,0.000,0.673
231000,0.282,0.000,0.718
231500,0.262,0.000,0.738
232000,0.264,0.003,0.734
232500,0.266,0.001,0.733
233000,0.289,0.003,0.709
233500,0.350,0.000,0.650
234000,0.332,0.000,0.668
234500,0.300,0.000,0.700
235000,0.275,0.004,0.721
235500,0.277,0.001,0.723
236000,0.243,0.000,0.757
236500,0.254,0.015,0.731
237000,0.251,0.004,0.746
237500,0.286,0.000,0.714
238000,0.265,0.004,0.731
238500,0.275,0.001,0.725
239000,0.329,0.000,0.671
239500,0.238,0.005,0.757
240000,0.287,0.002,0.712
240500,0.294,0.000,0.706
241000,0.326,0.000,0.674
241500,0.358,0.000,0.641
242000,0.333,0.002,0.666
242500,0.311,0.000,0.689
243000,0.310,0.000,0.690
243500,0.299,0.000,0.701
244000,0.294,0.005,0.701
244500,0.278,0.001,0.722
245000,0.313,0.000,0.687
245500,0.289,0.000,0.711
246000,0.273,0.000,0.728
246500,0.206,0.003,0.790
247000,0.280,0.001,0.720
247500,0.302,0.002,0.696
248000,0.286,0.001,0.714
248500,0.311,0.000,0.689
249000,0.313,0.000,0.687
249500,0.263,0.000,0.737
250000,0.283,0.000,0.717
250500,0.269,0.000,0.731
251000,0.335,0.000,0.665
251500,0.336,0.000,0.664
252000,0.299,0.008,0.693
252500,0.298,0.001,0.701
253000,0.310,0.001,0.689
253500,0.274,0.000,0.726
254000,0.305,0.000,0.695
254500,0.248,0.000,0.752
255000,0.246,0.000,0.754
255500,0.303,0.000,0.697
256000,0.359,0.000,0.641
256500,0.303,0.000,0.697
257000,0.291,0.000,0.709
257500,0.318,0.000,0.682
258000,0.307,0.000,0.693
258500,0.326,0.000,0.674
259000,0.319,0.005,0.676
259500,0.305,0.001,0.694
260000,0.273,0.000,0.728
260500,0.282,0.000,0.718
261000,0.278,0.004,0.718
261500,0.249,0.005,0.745
262000,0.234,0.001,0.765
262500,0.238,0.011,0.751
263000,0.263,0.015,0.722
263500,0.236,0.002,0.762
264000,0.277,0.000,0.724
264500,0.320,0.000,0.680
265000,0.309,0.000,0.691
265500,0.295,0.005,0.700
266000,0.277,0.001,0.723
266500,0.235,0.001,0.763
267000,0.305,0.003,0.692
267500,0.349,0.001,0.650
268000,0.334,0.000,0.666
268500,0.275,0.000,0.725
269000,0.271,0.000,0.730
269500,0.333,0.000,0.667
270000,0.292,0.000,0.708
270500,0.278,0.000,0.722
271000,0.274,0.002,0.724
271500,0.311,0.000,0.689
272000,0.284,0.000,0.716
272500,0.284,0.000,0.716
273000,0.303,0.001,0.696
273500,0.300,0.000,0.700
274000,0.267,0.000,0.733
274500,0.257,0.006,0.737
275000,0.235,0.005,0.760
275500,0.211,0.007,0.781
276000,0.245,0.002,0.753
276500,0.252,0.006,0.742
277000,0.221,0.000,0.779
277500,0.259,0.002,0.740
278000,0.303,0.001,0.696
278500,0.344,0.000,0.655
279000,0.306,0.000,0.694
279500,0.333,0.000,0.667
280000,0.302,0.000,0.698
280500,0.271,0.003,0.727
281000,0.307,0.000,0.693
281500,0.295,0.000,0.705
282000,0.367,0.000,0.633
282500,0.332,0.000,0.668
283000,0.295,0.000,0.705
283500,0.260,0.006,0.734
284000,0.265,0.001,0.735
284500,0.245,0.000,0.755
285000,0.292,0.003,0.705
285500,0.254,0.001,0.746
286000,0.231,0.003,0.767
286500,0.255,0.000,0.746
287000,0.267,0.000,0.733
287500,0.299,0.000,0.701
288000,0.236,0.007,0.757
288500,0.241,0.004,0.754
289000,0.246,0.000,0.754
289500,0.264,0.000,0.736
290000,0.276,0.000,0.724
290500,0.278,0.000,0.722
291000,0.295,0.001,0.704
291500,0.324,0.000,0.676
292000,0.327,0.000,0.673
292500,0.307,0.000,0.693
293000,0.302,0.000,0.698
293500,0.263,0.000,0.737
294000,0.276,0.000,0.724
294500,0.314,0.000,0.686
295000,0.254,0.000,0.746
295500,0.286,0.000,0.714
296000,0.261,0.002,0.738
296500,0.273,0.000,0.728
297000,0.211,0.011,0.777
297500,0.183,0.004,0.813
298000,0.222,0.011,0.767
298500,0.204,0.002,0.794
299000,0.232,0.004,0.764
299500,0.257,0.001,0.743
300000,0.257,0.003,0.741
300500,0.271,0.006,0.723
301000,0.339,0.002,0.659
301500,0.297,0.000,0.703
302000,0.298,0.000,0.702
302500,0.292,0.000,0.708
303000,0.289,0.000,0.711
303500,0.274,0.004,0.722
304000,0.271,0.003,0.726
304500,0.257,0.001,0.743
305000,0.307,0.000,0.693
305500,0.287,0.000,0.713
306000,0.256,0.000,0.744
306500,0.202,0.000,0.798
307000,0.235,0.006,0.759
307500,0.247,0.001,0.753
308000,0.230,0.002,0.768
308500,0.264,0.001,0.735
309000,0.283,0.002,0.715
309500,0.256,0.006,0.738
310000,0.268,0.005,0.727
310500,0.212,0.003,0.784
311000,0.232,0.001,0.767
311500,0.283,0.000,0.717
312000,0.281,0.005,0.713
312500,0.251,0.007,0.743
313000,0.245,0.003,0.752
313500,0.231,0.001,0.769
314000,0.304,0.000,0.696
314500,0.305,0.002,0.694
315000,0.318,0.001,0.682
315500,0.342,0.000,0.658
316000,0.332,0.000,0.668
316500,0.263,0.000,0.737
317000,0.368,0.000,0.632
317500,0.302,0.000,0.698
318000,0.292,0.000,0.708
318500,0.256,0.005,0.739
319000,0.255,0.001,0.745
319500,0.269,0.001,0.731
320000,0.291,0.005,0.704
320500,0.290,0.005,0.705
321000,0.274,0.000,0.726
321500,0.222,0.005,0.773
322000,0.229,0.005,0.766
322500,0.230,0.013,0.758
323000,0.201,0.013,0.786
323500,0.204,0.005,0.790
324000,0.240,0.002,0.758
324500,0.263,0.004,0.733
325000,0.270,0.000,0.730
325500,0.284,0.000,0.716
326000,0.272,0.000,0.728
326500,0.260,0.000,0.740
327000,0.255,0.000,0.746
327500,0.241,0.001,0.758
328000,0.280,0.001,0.720
328500,0.253,0.005,0.743
329000,0.331,0.004,0.665
329500,0.270,0.000,0.730
330000,0.235,0.000,0.765
330500,0.208,0.010,0.781
331000,0.183,0.011,0.805
331500,0.241,0.015,0.745
332000,0.220,0.009,0.771
332500,0.270,0.001,0.730
333000,0.232,0.000,0.768
333500,0.227,0.003,0.770
334000,0.256,0.001,0.743
334500,0.271,0.000,0.729
335000,0.294,0.000,0.706
335500,0.312,0.000,0.688
336000,0.304,0.000,0.696
336500,0.315,0.001,0.685
337000,0.304,0.001,0.696
337500,0.281,0.002,0.718
338000,0.312,0.001,0.688
338500,0.324,0.000,0.676
339000,0.275,0.003,0.723
339500,0.335,0.001,0.665
340000,0.303,0.000,0.697
340500,0.279,0.000,0.721
341000,0.322,0.000,0.678
341500,0.256,0.000,0.744
342000,0.278,0.000,0.722
342500,0.279,0.000,0.721
343000,0.294,0.004,0.702
343500,0.352,0.001,0.648
344000,0.348,0.000,0.652
344500,0.307,0.000,0.693
345000,0.292,0.000,0.708
345500,0.309,0.000,0.691
346000,0.340,0.000,0.660
346500,0.265,0.004,0.732
347000,0.287,0.001,0.713
347500,0.256,0.000,0.744
348000,0.261,0.003,0.737
348500,0.269,0.001,0.731
349000,0.359,0.000,0.641
349500,0.302,0.000,0.698
350000,0.290,0.000,0.710
350500,0.310,0.000,0.690
351000,0.224,0.005,0.771
351500,0.236,0.002,0.762
352000,0.275,0.000,0.726
352500,0.288,0.002,0.710
353000,0.260,0.005,0.735
353500,0.238,0.001,0.761
354000,0.243,0.011,0.746
354500,0.223,0.002,0.775
355000,0.293,0.001,0.706
355500,0.315,0.000,0.685
356000,0.257,0.000,0.743
356500,0.231,0.000,0.769
357000,0.267,0.000,0.733
357500,0.261,0.006,0.733
358000,0.259,0.001,0.740
358500,0.265,0.000,0.736
359000,0.228,0.008,0.764
359500,0.295,0.001,0.704
360000,0.284,0.000,0.716
360500,0.266,0.002,0.732
361000,0.315,0.002,0.684
361500,0.302,0.001,0.698
362000,0.322,0.000,0.678
362500,0.251,0.000,0.749
363000,0.225,0.000,0.775
363500,0.240,0.006,0.754
364000,0.246,0.005,0.749
364500,0.233,0.001,0.766
365000,0.190,0.015,0.795
365500,0.205,0.004,0.790
366000,0.217,0.009,0.773
366500,0.269,0.002,0.730
367000,0.236,0.004,0.760
367500,0.269,0.009,0.722
368000,0.310,0.003,0.687
368500,0.295,0.001,0.704
369000,0.312,0.000,0.688
369500,0.253,0.000,0.748
370000,0.313,0.000,0.687
370500,0.356,0.000,0.643
371000,0.318,0.000,0.682
371500,0.283,0.000,0.717
372000,0.295,0.006,0.699
372500,0.259,0.001,0.740
373000,0.210,0.007,0.783
373500,0.294,0.004,0.702
374000,0.297,0.000,0.703
374500,0.280,0.000,0.720
375000,0.274,0.000,0.726
375500,0.284,0.004,0.712
376000,0.257,0.001,0.743
376500,0.267,0.001,0.733
377000,0.268,0.000,0.732
377500,0.305,0.000,0.695
378000,0.371,0.000,0.629
378500,0.341,0.000,0.659
379000,0.339,0.000,0.661
379500,0.324,0.000,0.676
380000,0.287,0.000,0.713
380500,0.209,0.000,0.791
381000,0.212,0.000,0.788
381500,0.258,0.005,0.737
382000,0.241,0.007,0.752
382500,0.261,0.002,0.738
383000,0.302,0.004,0.693
383500,0.275,0.001,0.725
384000,0.241,0.000,0.759
384500,0.262,0.000,0.738
385000,0.282,0.000,0.718
385500,0.260,0.000,0.740
386000,0.276,0.000,0.724
386500,0.269,0.000,0.731
387000,0.302,0.000,0.698
387500,0.239,0.000,0.761
388000,0.304,0.000,0.696
388500,0.294,0.002,0.704
389000,0.291,0.001,0.708
389500,0.298,0.000,0.702
390000,0.280,0.000,0.720
390500,0.275,0.000,0.725
391000,0.325,0.000,0.675
391500,0.275,0.000,0.725
392000,0.325,0.000,0.675
392500,0.283,0.000,0.717
393000,0.241,0.000,0.758
393500,0.375,0.000,0.625
394000,0.320,0.000,0.680
394500,0.317,0.000,0.683
395000,0.294,0.000,0.706
395500,0.274,0.001,0.725
396000,0.277,0.000,0.724
396500,0.285,0.000,0.715
397000,0.257,0.000,0.744
397500,0.290,0.000,0.710
398000,0.271,0.000,0.729
398500,0.300,0.002,0.698
399000,0.234,0.001,0.765
399500,0.216,0.013,0.770
400000,0.249,0.004,0.747
400500,0.322,0.001,0.678
401000,0.291,0.001,0.709
401500,0.281,0.004,0.716
402000,0.246,0.007,0.747
402500,0.267,0.000,0.733
403000,0.256,0.000,0.744
403500,0.256,0.000,0.744
404000,0.275,0.000,0.726
404500,0.300,0.000,0.700
405000,0.266,0.000,0.734
405500,0.226,0.000,0.774
406000,0.204,0.007,0.789
406500,0.236,0.004,0.759
407000,0.293,0.000,0.707
407500,0.317,0.000,0.683
408000,0.283,0.000,0.717
408500,0.354,0.000,0.646
409000,0.320,0.000,0.680
409500,0.280,0.002,0.719
410000,0.294,0.000,0.706
410500,0.270,0.011,0.720
411000,0.257,0.008,0.735
411500,0.274,0.007,0.719
412000,0.242,0.001,0.757
412500,0.303,0.001,0.697
413000,0.347,0.001,0.652
413500,0.255,0.000,0.746
414000,0.302,0.000,0.698
414500,0.262,0.000,0.738
415000,0.275,0.000,0.725
415500,0.281,0.000,0.719
416000,0.208,0.007,0.784
416500,0.253,0.001,0.747
417000,0.263,0.005,0.732
417500,0.319,0.002,0.680
418000,0.245,0.000,0.755
418500,0.260,0.000,0.740
419000,0.241,0.002,0.756
419500,0.266,0.005,0.729
420000,0.305,0.001,0.694
420500,0.287,0.001,0.713
421000,0.282,0.000,0.718
421500,0.292,0.000,0.708
422000,0.267,0.000,0.734
422500,0.264,0.000,0.736
423000,0.273,0.000,0.728
423500,0.273,0.001,0.726
424000,0.303,0.000,0.697
424500,0.333,0.002,0.666
425000,0.298,0.000,0.702
425500,0.294,0.005,0.700
426000,0.262,0.002,0.737
426500,0.287,0.003,0.710
427000,0.293,0.001,0.706
427500,0.288,0.001,0.711
428000,0.278,0.000,0.722
428500,0.286,0.000,0.714
429000,0.241,0.002,0.757
429500,0.185,0.000,0.815
430000,0.260,0.000,0.740
430500,0.246,0.002,0.752
431000,0.287,0.003,0.710
431500,0.324,0.004,0.671
432000,0.287,0.001,0.713
432500,0.267,0.003,0.731
433000,0.279,0.000,0.721
433500,0.256,0.001,0.743
434000,0.273,0.000,0.728
434500,0.245,0.000,0.755
435000,0.216,0.002,0.782
435500,0.207,0.003,0.790
436000,0.275,0.000,0.725
436500,0.312,0.000,0.688
437000,0.307,0.000,0.693
437500,0.267,0.000,0.734
438000,0.251,0.000,0.750
438500,0.226,0.005,0.769
439000,0.226,0.007,0.767
439500,0.245,0.002,0.753
440000,0.251,0.001,0.749
440500,0.300,0.000,0.700
441000,0.317,0.000,0.683
441500,0.270,0.000,0.730
442000,0.294,0.000,0.706
442500,0.283,0.001,0.716
443000,0.307,0.000,0.693
443500,0.278,0.000,0.722
444000,0.327,0.000,0.673
444500,0.292,0.000,0.708
445000,0.275,0.000,0.725
445500,0.264,0.001,0.735
446000,0.246,0.005,0.749
446500,0.277,0.000,0.724
447000,0.320,0.000,0.680
447500,0.364,0.000,0.636
448000,0.303,0.000,0.697
448500,0.325,0.000,0.675
449000,0.287,0.005,0.708
449500,0.290,0.001,0.710
450000,0.271,0.001,0.729
450500,0.270,0.006,0.724
451000,0.285,0.004,0.711
451500,0.274,0.002,0.724
452000,0.283,0.000,0.717
452500,0.268,0.004,0.728
453000,0.314,0.001,0.685
453500,0.293,0.002,0.705
454000,0.297,0.001,0.703
454500,0.263,0.000,0.738
455000,0.234,0.000,0.766
455500,0.227,0.012,0.761
456000,0.230,0.009,0.762
456500,0.203,0.009,0.788
457000,0.228,0.002,0.770
457500,0.281,0.003,0.716
458000,0.296,0.004,0.700
458500,0.367,0.001,0.632
459000,0.329,0.000,0.671
459500,0.401,0.000,0.599
460000,0.287,0.000,0.713
460500,0.276,0.000,0.724
461000,0.285,0.000,0.715
461500,0.324,0.000,0.676
462000,0.347,0.000,0.653
462500,0.197,0.005,0.798
463000,0.228,0.004,0.768
463500,0.247,0.001,0.751
464000,0.256,0.004,0.741
464500,0.248,0.001,0.751
465000,0.298,0.000,0.702
465500,0.264,0.000,0.736
466000,0.285,0.000,0.715
466500,0.296,0.001,0.703
467000,0.406,0.000,0.594
467500,0.420,0.000,0.580
468000,0.332,0.000,0.668
468500,0.294,0.000,0.706
469000,0.303,0.000,0.697
469500,0.270,0.000,0.730
470000,0.252,0.000,0.748
470500,0.300,0.000,0.700
471000,0.276,0.000,0.724
471500,0.292,0.000,0.708
472000,0.310,0.000,0.690
472500,0.312,0.000,0.688
473000,0.288,0.000,0.712
473500,0.297,0.000,0.703
474000,0.297,0.004,0.698
474500,0.275,0.001,0.725
475000,0.234,0.007,0.759
475500,0.246,0.002,0.752
476000,0.278,0.002,0.721
476500,0.267,0.000,0.733
477000,0.300,0.000,0.700
477500,0.295,0.001,0.704
478000,0.288,0.003,0.709
478500,0.293,0.002,0.705
479000,0.275,0.006,0.719
479500,0.262,0.003,0.735
480000,0.292,0.002,0.706
480500,0.253,0.001,0.746
481000,0.281,0.000,0.719
481500,0.278,0.005,0.717
482000,0.280,0.001,0.719
482500,0.263,0.004,0.734
483000,0.268,0.001,0.732
483500,0.257,0.004,0.740
484000,0.257,0.001,0.742
484500,0.245,0.000,0.755
485000,0.257,0.000,0.743
485500,0.243,0.000,0.756
486000,0.290,0.000,0.710
486500,0.259,0.000,0.742
487000,0.254,0.000,0.746
487500,0.265,0.003,0.733
488000,0.245,0.005,0.750
488500,0.261,0.001,0.739
489000,0.285,0.000,0.715
489500,0.278,0.000,0.722
490000,0.278,0.000,0.722
490500,0.319,0.000,0.681
491000,0.273,0.000,0.727
491500,0.281,0.005,0.714
492000,0.242,0.004,0.754
492500,0.284,0.000,0.716
493000,0.282,0.000,0.718
493500,0.281,0.000,0.719
494000,0.241,0.001,0.758
494500,0.258,0.006,0.736
495000,0.212,0.005,0.782
495500,0.269,0.004,0.728
496000,0.253,0.005,0.743
496500,0.252,0.007,0.741
497000,0.248,0.001,0.751
497500,0.258,0.000,0.742
498000,0.328,0.000,0.672
498500,0.284,0.000,0.716
499000,0.290,0.000,0.710
499500,0.378,0.000,0.623
500000,0.369,0.000,0.631
500500,0.269,0.000,0.732
501000,0.235,0.002,0.763
501500,0.223,0.005,0.772
502000,0.232,0.007,0.761
502500,0.266,0.001,0.734
503000,0.258,0.002,0.740
503500,0.287,0.002,0.712
504000,0.266,0.002,0.733
504500,0.286,0.006,0.708
505000,0.258,0.006,0.736
505500,0.292,0.004,0.704
506000,0.305,0.000,0.695
506500,0.250,0.000,0.750
507000,0.238,0.000,0.762
507500,0.259,0.004,0.738
508000,0.274,0.001,0.726
508500,0.294,0.000,0.706
509000,0.314,0.000,0.686
509500,0.231,0.003,0.767
510000,0.334,0.001,0.665
510500,0.286,0.000,0.714
511000,0.266,0.000,0.734
511500,0.324,0.000,0.676
512000,0.307,0.000,0.693
512500,0.284,0.000,0.716
513000,0.333,0.004,0.664
513500,0.343,0.001,0.657
514000,0.339,0.000,0.661
514500,0.259,0.000,0.741
515000,0.301,0.004,0.695
515500,0.280,0.001,0.719
516000,0.272,0.001,0.727
516500,0.296,0.005,0.699
517000,0.269,0.001,0.730
517500,0.327,0.000,0.673
518000,0.296,0.000,0.704
518500,0.248,0.001,0.751
519000,0.276,0.004,0.721
519500,0.317,0.000,0.683
520000,0.296,0.000,0.704
520500,0.307,0.000,0.693
521000,0.339,0.000,0.661
521500,0.250,0.000,0.750
522000,0.264,0.007,0.729
522500,0.250,0.001,0.749
523000,0.271,0.003,0.726
523500,0.259,0.004,0.737
524000,0.277,0.005,0.718
524500,0.308,0.003,0.689
525000,0.273,0.000,0.727
525500,0.284,0.000,0.716
526000,0.309,0.000,0.691
526500,0.288,0.000,0.712
527000,0.292,0.004,0.704
527500,0.299,0.000,0.701
528000,0.297,0.000,0.703
528500,0.328,0.000,0.672
529000,0.357,0.000,0.643
529500,0.371,0.000,0.629
530000,0.381,0.005,0.614
530500,0.310,0.001,0.690
531000,0.269,0.000,0.731
531500,0.265,0.000,0.736
532000,0.322,0.000,0.678
532500,0.338,0.000,0.662
533000,0.331,0.000,0.669
533500,0.322,0.000,0.678
534000,0.315,0.000,0.685
534500,0.301,0.007,0.692
535000,0.303,0.004,0.692
535500,0.268,0.002,0.731
536000,0.222,0.004,0.774
536500,0.195,0.009,0.796
537000,0.259,0.004,0.737
537500,0.243,0.000,0.757
538000,0.285,0.000,0.715
538500,0.331,0.000,0.669
539000,0.305,0.000,0.695
539500,0.314,0.000,0.686
540000,0.237,0.000,0.763
540500,0.258,0.003,0.739
541000,0.244,0.001,0.755
541500,0.271,0.000,0.730
542000,0.245,0.000,0.754
542500,0.224,0.004,0.772
543000,0.296,0.001,0.704
543500,0.312,0.003,0.685
544000,0.263,0.001,0.736
544500,0.275,0.004,0.722
545000,0.263,0.001,0.737
545500,0.289,0.004,0.707
546000,0.274,0.002,0.724
546500,0.281,0.000,0.719
547000,0.237,0.001,0.761
547500,0.331,0.003,0.667
548000,0.315,0.000,0.685
548500,0.275,0.000,0.726
549000,0.263,0.001,0.737
549500,0.274,0.000,0.726
550000,0.264,0.005,0.731
550500,0.274,0.001,0.725
551000,0.296,0.001,0.703
551500,0.308,0.003,0.689
552000,0.314,0.001,0.686
552500,0.265,0.002,0.734
553000,0.325,0.000,0.675
553500,0.266,0.000,0.734
554000,0.299,0.006,0.695
554500,0.251,0.002,0.748
555000,0.262,0.000,0.738
555500,0.253,0.003,0.745
556000,0.207,0.006,0.786
556500,0.250,0.004,0.747
557000,0.240,0.005,0.755
557500,0.293,0.001,0.706
558000,0.292,0.000,0.708
558500,0.341,0.000,0.659
559000,0.303,0.000,0.697
559500,0.344,0.000,0.656
560000,0.228,0.005,0.767
560500,0.267,0.007,0.726
561000,0.221,0.007,0.772
561500,0.198,0.012,0.790
562000,0.208,0.005,0.787
562500,0.197,0.003,0.800
563000,0.217,0.004,0.779
563500,0.238,0.005,0.756
564000,0.241,0.000,0.759
564500,0.269,0.003,0.729
565000,0.274,0.001,0.726
565500,0.266,0.001,0.733
566000,0.251,0.002,0.748
566500,0.296,0.001,0.704
567000,0.287,0.000,0.713
567500,0.246,0.007,0.747
568000,0.206,0.015,0.779
568500,0.233,0.006,0.761
569000,0.270,0.001,0.729
569500,0.279,0.003,0.719
570000,0.304,0.000,0.696
570500,0.261,0.000,0.739
571000,0.242,0.009,0.749
571500,0.235,0.001,0.763
572000,0.272,0.000,0.728
572500,0.316,0.000,0.684
573000,0.261,0.000,0.739
573500,0.263,0.000,0.738
574000,0.278,0.000,0.722
574500,0.241,0.004,0.755
575000,0.241,0.012,0.747
575500,0.234,0.009,0.757
576000,0.235,0.002,0.764
576500,0.264,0.000,0.736
577000,0.248,0.001,0.751
577500,0.240,0.002,0.758
578000,0.263,0.001,0.737
578500,0.338,0.000,0.662
579000,0.355,0.000,0.645
579500,0.304,0.000,0.696
580000,0.324,0.001,0.675
580500,0.307,0.000,0.693
581000,0.321,0.000,0.679
581500,0.297,0.000,0.703
582000,0.319,0.000,0.681
582500,0.290,0.000,0.710
583000,0.234,0.009,0.757
583500,0.221,0.003,0.776
584000,0.240,0.003,0.757
584500,0.260,0.000,0.740
585000,0.283,0.007,0.710
585500,0.291,0.002,0.708
586000,0.205,0.001,0.794
586500,0.209,0.009,0.782
587000,0.210,0.022,0.768
587500,0.203,0.013,0.783
588000,0.242,0.006,0.752
588500,0.296,0.004,0.700
589000,0.284,0.000,0.716
589500,0.281,0.000,0.720
590000,0.241,0.002,0.758
590500,0.218,0.015,0.767
591000,0.259,0.003,0.739
591500,0.264,0.001,0.736
592000,0.261,0.000,0.740
592500,0.270,0.000,0.730
593000,0.275,0.000,0.726
593500,0.260,0.000,0.740
594000,0.270,0.001,0.730
594500,0.248,0.000,0.752
595000,0.279,0.001,0.720
595500,0.325,0.000,0.675
596000,0.319,0.000,0.681
596500,0.252,0.000,0.748
597000,0.300,0.000,0.700
597500,0.320,0.000,0.680
598000,0.301,0.000,0.699
598500,0.286,0.003,0.711
599000,0.290,0.001,0.710
599500,0.297,0.000,0.703
600000,0.323,0.000,0.677
600500,0.282,0.000,0.718
601000,0.211,0.003,0.786
601500,0.239,0.001,0.759
602000,0.298,0.000,0.702
602500,0.282,0.000,0.718
603000,0.268,0.000,0.732
603500,0.283,0.002,0.716
604000,0.280,0.000,0.720
604500,0.304,0.000,0.696
605000,0.274,0.000,0.726
605500,0.250,0.000,0.750
606000,0.265,0.000,0.735
606500,0.336,0.000,0.664
607000,0.370,0.000,0.629
607500,0.300,0.000,0.700
608000,0.305,0.000,0.695
608500,0.252,0.006,0.742
609000,0.262,0.002,0.737
609500,0.291,0.000,0.709
610000,0.243,0.005,0.752
610500,0.243,0.011,0.746
611000,0.277,0.002,0.722
611500,0.288,0.005,0.707
612000,0.274,0.003,0.724
612500,0.291,0.000,0.709
613000,0.292,0.000,0.708
613500,0.323,0.000,0.677
614000,0.333,0.000,0.667
614500,0.334,0.000,0.666
615000,0.238,0.004,0.757
615500,0.219,0.004,0.778
616000,0.257,0.001,0.743
616500,0.283,0.000,0.717
617000,0.261,0.004,0.735
617500,0.262,0.004,0.735
618000,0.292,0.002,0.706
618500,0.281,0.007,0.713
619000,0.291,0.001,0.708
619500,0.297,0.000,0.703
620000,0.344,0.000,0.656
620500,0.334,0.000,0.666
621000,0.310,0.000,0.690
621500,0.255,0.004,0.742
622000,0.235,0.006,0.758
622500,0.306,0.000,0.694
623000,0.267,0.009,0.724
623500,0.212,0.008,0.780
624000,0.237,0.009,0.753
624500,0.269,0.004,0.728
625000,0.283,0.004,0.713
625500,0.278,0.000,0.722
626000,0.238,0.000,0.762
626500,0.262,0.003,0.736
627000,0.263,0.000,0.738
627500,0.222,0.000,0.778
628000,0.249,0.002,0.748
628500,0.204,0.004,0.792
629000,0.231,0.002,0.767
629500,0.237,0.009,0.754
630000,0.214,0.006,0.780
630500,0.232,0.002,0.766
631000,0.215,0.002,0.782
631500,0.217,0.005,0.777
632000,0.237,0.001,0.762
632500,0.274,0.000,0.726
633000,0.269,0.006,0.725
633500,0.258,0.004,0.738
634000,0.236,0.003,0.761
634500,0.271,0.004,0.726
635000,0.247,0.000,0.753
635500,0.221,0.015,0.764
636000,0.215,0.004,0.781
636500,0.260,0.004,0.737
637000,0.232,0.007,0.761
637500,0.237,0.004,0.759
638000,0.208,0.004,0.789
638500,0.285,0.001,0.714
639000,0.260,0.004,0.736
639500,0.241,0.001,0.758
640000,0.321,0.002,0.678
640500,0.283,0.004,0.714
641000,0.264,0.003,0.733
641500,0.295,0.001,0.704
642000,0.342,0.000,0.658
642500,0.296,0.000,0.704
643000,0.287,0.000,0.713
643500,0.326,0.000,0.674
644000,0.271,0.000,0.730
644500,0.223,0.000,0.777
645000,0.246,0.003,0.751
645500,0.196,0.014,0.790
646000,0.239,0.003,0.759
646500,0.247,0.009,0.744
647000,0.274,0.007,0.719
647500,0.267,0.005,0.728
648000,0.301,0.003,0.697
648500,0.273,0.001,0.727
649000,0.297,0.000,0.703
649500,0.246,0.002,0.753
650000,0.216,0.000,0.784
650500,0.290,0.000,0.710
651000,0.300,0.000,0.700
651500,0.299,0.000,0.701
652000,0.302,0.004,0.694
652500,0.243,0.007,0.749
653000,0.267,0.007,0.726
653500,0.245,0.005,0.750
654000,0.278,0.001,0.722
654500,0.302,0.000,0.698
655000,0.238,0.004,0.757
655500,0.241,0.004,0.754
656000,0.246,0.002,0.752
656500,0.262,0.001,0.738
657000,0.316,0.001,0.683
657500,0.264,0.000,0.736
658000,0.268,0.000,0.732
658500,0.286,0.003,0.711
659000,0.298,0.001,0.702
659500,0.256,0.003,0.742
660000,0.281,0.004,0.715
660500,0.278,0.001,0.722
661000,0.324,0.000,0.676
661500,0.304,0.000,0.696
662000,0.255,0.000,0.746
662500,0.289,0.000,0.711
663000,0.292,0.000,0.708
663500,0.286,0.000,0.714
664000,0.220,0.005,0.775
664500,0.274,0.006,0.720
665000,0.260,0.001,0.740
665500,0.254,0.000,0.746
666000,0.268,0.000,0.732
666500,0.262,0.003,0.735
667000,0.305,0.004,0.692
667500,0.238,0.000,0.762
668000,0.264,0.000,0.736
668500,0.294,0.004,0.702
669000,0.280,0.001,0.720
669500,0.308,0.001,0.692
670000,0.215,0.004,0.780
670500,0.236,0.001,0.763
671000,0.281,0.000,0.719
671500,0.319,0.000,0.681
672000,0.298,0.000,0.702
672500,0.319,0.004,0.678
673000,0.283,0.000,0.717
673500,0.363,0.000,0.637
674000,0.363,0.000,0.637
674500,0.333,0.000,0.667
675000,0.295,0.000,0.705
675500,0.310,0.000,0.690
676000,0.341,0.000,0.659
676500,0.293,0.000,0.707
677000,0.230,0.004,0.766
677500,0.239,0.001,0.759
678000,0.300,0.000,0.700
678500,0.312,0.000,0.688
679000,0.355,0.000,0.645
679500,0.323,0.000,0.677
680000,0.290,0.000,0.710
680500,0.270,0.000,0.730
681000,0.289,0.003,0.708
681500,0.320,0.000,0.680
682000,0.287,0.000,0.713
682500,0.285,0.003,0.713
683000,0.269,0.000,0.731
683500,0.226,0.000,0.774
684000,0.230,0.007,0.763
684500,0.271,0.003,0.727
685000,0.272,0.000,0.728
685500,0.250,0.000,0.750
686000,0.223,0.000,0.777
686500,0.268,0.004,0.729
687000,0.257,0.009,0.734
687500,0.266,0.003,0.731
688000,0.303,0.009,0.688
688500,0.264,0.008,0.728
689000,0.236,0.001,0.763
689500,0.280,0.001,0.719
690000,0.227,0.000,0.773
690500,0.269,0.007,0.725
691000,0.298,0.001,0.701
691500,0.293,0.000,0.707
692000,0.289,0.000,0.711
692500,0.301,0.000,0.699
693000,0.303,0.000,0.697
693500,0.257,0.000,0.743
694000,0.219,0.000,0.781
694500,0.314,0.000,0.686
695000,0.312,0.000,0.688
695500,0.291,0.000,0.709
696000,0.283,0.006,0.711
696500,0.287,0.002,0.712
697000,0.311,0.000,0.689
697500,0.287,0.000,0.713
698000,0.226,0.000,0.774
698500,0.278,0.001,0.722
699000,0.282,0.000,0.718
699500,0.318,0.000,0.682
700000,0.271,0.000,0.730
700500,0.275,0.004,0.721
701000,0.255,0.001,0.745
701500,0.227,0.000,0.773
702000,0.268,0.005,0.727
702500,0.256,0.001,0.744
703000,0.279,0.000,0.722
703500,0.358,0.000,0.641
704000,0.342,0.000,0.658
704500,0.342,0.000,0.658
705000,0.359,0.000,0.641
705500,0.292,0.004,0.704
706000,0.252,0.001,0.748
706500,0.282,0.009,0.709
707000,0.232,0.001,0.768
707500,0.290,0.002,0.709
708000,0.303,0.000,0.697
708500,0.275,0.000,0.725
709000,0.305,0.000,0.695
709500,0.257,0.000,0.743
710000,0.282,0.000,0.718
710500,0.262,0.002,0.736
711000,0.216,0.000,0.783
711500,0.246,0.004,0.750
712000,0.249,0.004,0.746
712500,0.276,0.003,0.721
713000,0.252,0.001,0.748
713500,0.292,0.000,0.708
714000,0.296,0.000,0.704
714500,0.287,0.002,0.711
715000,0.269,0.003,0.728
715500,0.234,0.001,0.765
716000,0.265,0.000,0.735
716500,0.308,0.000,0.692
717000,0.285,0.007,0.708
717500,0.318,0.000,0.682
718000,0.297,0.000,0.703
718500,0.277,0.011,0.712
719000,0.255,0.003,0.743
719500,0.269,0.004,0.728
720000,0.256,0.001,0.744
720500,0.274,0.001,0.726
721000,0.280,0.000,0.720
721500,0.256,0.000,0.744
722000,0.252,0.004,0.744
722500,0.280,0.001,0.720
723000,0.262,0.007,0.731
723500,0.232,0.017,0.752
724000,0.269,0.006,0.725
724500,0.226,0.001,0.774
725000,0.274,0.002,0.724
725500,0.274,0.000,0.726
726000,0.307,0.000,0.693
726500,0.327,0.000,0.673
727000,0.299,0.000,0.701
727500,0.300,0.000,0.700
728000,0.356,0.000,0.643
728500,0.309,0.000,0.691
729000,0.247,0.006,0.747
729500,0.251,0.003,0.746
730000,0.296,0.001,0.704
730500,0.240,0.000,0.760
731000,0.203,0.000,0.797
731500,0.310,0.000,0.690
732000,0.299,0.000,0.701
732500,0.282,0.000,0.718
733000,0.287,0.004,0.709
733500,0.266,0.001,0.733
734000,0.228,0.000,0.772
734500,0.246,0.000,0.754
735000,0.278,0.000,0.722
735500,0.256,0.002,0.742
736000,0.310,0.004,0.686
736500,0.278,0.002,0.720
737000,0.267,0.001,0.733
737500,0.288,0.000,0.712
738000,0.252,0.001,0.748
738500,0.262,0.000,0.738
739000,0.236,0.000,0.764
739500,0.292,0.000,0.708
740000,0.270,0.000,0.730
740500,0.213,0.000,0.787
741000,0.255,0.002,0.743
741500,0.202,0.011,0.787
742000,0.224,0.002,0.775
742500,0.202,0.007,0.791
743000,0.200,0.006,0.794
743500,0.235,0.005,0.760
744000,0.275,0.002,0.724
744500,0.242,0.001,0.757
745000,0.230,0.000,0.770
745500,0.226,0.017,0.757
746000,0.240,0.009,0.751
746500,0.242,0.002,0.756
747000,0.256,0.001,0.743
747500,0.238,0.002,0.760
748000,0.268,0.009,0.724
748500,0.266,0.001,0.734
749000,0.312,0.000,0.688
749500,0.285,0.000,0.715
750000,0.226,0.002,0.772
750500,0.285,0.001,0.715
751000,0.223,0.001,0.777
751500,0.280,0.000,0.720
752000,0.302,0.002,0.697
752500,0.274,0.000,0.726
753000,0.245,0.000,0.754
753500,0.279,0.000,0.721
754000,0.292,0.000,0.708
754500,0.301,0.000,0.699
755000,0.252,0.000,0.748
755500,0.301,0.002,0.698
756000,0.269,0.004,0.728
756500,0.262,0.003,0.735
757000,0.224,0.002,0.774
757500,0.217,0.007,0.776
758000,0.246,0.006,0.748
758500,0.298,0.001,0.701
759000,0.264,0.005,0.731
759500,0.300,0.000,0.700
760000,0.320,0.000,0.680
760500,0.304,0.000,0.696
761000,0.305,0.001,0.694
761500,0.252,0.003,0.746
762000,0.256,0.004,0.740
762500,0.299,0.011,0.690
763000,0.243,0.001,0.756
763500,0.262,0.002,0.737
764000,0.346,0.001,0.653
764500,0.316,0.000,0.684
765000,0.308,0.000,0.692
765500,0.285,0.001,0.714
766000,0.232,0.011,0.757
766500,0.250,0.007,0.743
767000,0.254,0.006,0.740
767500,0.232,0.001,0.767
768000,0.270,0.010,0.720
768500,0.240,0.002,0.758
769000,0.295,0.004,0.701
769500,0.295,0.004,0.701
770000,0.306,0.001,0.693
770500,0.340,0.000,0.660
771000,0.277,0.000,0.724
771500,0.354,0.000,0.645
772000,0.340,0.000,0.660
772500,0.317,0.000,0.683
773000,0.316,0.000,0.684
773500,0.323,0.001,0.676
774000,0.266,0.002,0.732
774500,0.224,0.012,0.764
775000,0.298,0.002,0.700
775500,0.291,0.000,0.709
776000,0.275,0.000,0.726
776500,0.270,0.000,0.730
777000,0.280,0.003,0.717
777500,0.246,0.000,0.754
778000,0.289,0.001,0.711
778500,0.289,0.005,0.706
779000,0.299,0.002,0.699
779500,0.235,0.007,0.758
780000,0.239,0.007,0.753
780500,0.301,0.001,0.698
781000,0.335,0.001,0.665
781500,0.257,0.000,0.743
782000,0.327,0.000,0.673
782500,0.310,0.000,0.690
783000,0.291,0.000,0.709
783500,0.273,0.000,0.728
784000,0.253,0.000,0.747
784500,0.223,0.005,0.772
785000,0.253,0.003,0.745
785500,0.319,0.000,0.681
786000,0.280,0.000,0.720
786500,0.292,0.000,0.708
787000,0.247,0.002,0.752
787500,0.252,0.000,0.748
788000,0.267,0.000,0.733
788500,0.255,0.001,0.745
789000,0.246,0.001,0.753
789500,0.302,0.002,0.697
790000,0.287,0.001,0.712
790500,0.289,0.000,0.711
791000,0.321,0.000,0.679
791500,0.281,0.000,0.719
792000,0.341,0.000,0.659
792500,0.318,0.000,0.682
793000,0.289,0.000,0.711
793500,0.284,0.004,0.712
794000,0.258,0.001,0.742
794500,0.296,0.000,0.704
795000,0.291,0.000,0.709
795500,0.281,0.000,0.719
796000,0.305,0.000,0.695
796500,0.248,0.001,0.751
797000,0.259,0.000,0.742
797500,0.266,0.003,0.731
798000,0.282,0.001,0.718
798500,0.249,0.003,0.748
799000,0.265,0.000,0.736
799500,0.289,0.004,0.707
800000,0.306,0.001,0.693
800500,0.295,0.000,0.705
801000,0.308,0.000,0.692
801500,0.314,0.000,0.686
802000,0.327,0.001,0.672
802500,0.332,0.002,0.667
803000,0.322,0.001,0.677
803500,0.279,0.000,0.722
804000,0.262,0.008,0.730
804500,0.303,0.009,0.687
805000,0.293,0.001,0.706
805500,0.256,0.007,0.737
806000,0.256,0.004,0.740
806500,0.256,0.001,0.744
807000,0.249,0.004,0.748
807500,0.253,0.001,0.747
808000,0.293,0.001,0.706
808500,0.237,0.000,0.763
809000,0.299,0.000,0.701
809500,0.325,0.000,0.675
810000,0.319,0.000,0.681
810500,0.315,0.000,0.685
811000,0.236,0.000,0.764
811500,0.234,0.000,0.766
812000,0.256,0.005,0.739
812500,0.300,0.001,0.699
813000,0.308,0.000,0.692
813500,0.299,0.000,0.701
814000,0.281,0.000,0.719
814500,0.306,0.000,0.694
815000,0.301,0.000,0.699
815500,0.260,0.004,0.736
816000,0.193,0.000,0.807
816500,0.247,0.002,0.751
817000,0.269,0.011,0.720
817500,0.302,0.001,0.697
818000,0.325,0.000,0.675
818500,0.330,0.000,0.670
819000,0.282,0.005,0.713
819500,0.263,0.000,0.738
820000,0.287,0.000,0.713
820500,0.224,0.009,0.767
821000,0.202,0.002,0.796
821500,0.249,0.010,0.741
822000,0.268,0.001,0.731
822500,0.260,0.000,0.740
823000,0.289,0.000,0.711
823500,0.282,0.000,0.718
824000,0.250,0.000,0.750
824500,0.240,0.001,0.759
825000,0.269,0.000,0.732
825500,0.302,0.000,0.698
826000,0.303,0.000,0.697
826500,0.292,0.000,0.708
827000,0.297,0.000,0.703
827500,0.230,0.003,0.768
828000,0.254,0.001,0.746
828500,0.277,0.000,0.723
829000,0.252,0.000,0.748
829500,0.265,0.005,0.731
830000,0.252,0.000,0.748
830500,0.302,0.000,0.698
831000,0.299,0.000,0.701
831500,0.283,0.000,0.717
832000,0.279,0.000,0.722
832500,0.332,0.000,0.668
833000,0.293,0.007,0.700
833500,0.278,0.002,0.720
834000,0.250,0.000,0.750
834500,0.293,0.000,0.707
835000,0.285,0.000,0.715
835500,0.234,0.002,0.764
836000,0.239,0.001,0.759
836500,0.213,0.001,0.786
837000,0.268,0.001,0.731
837500,0.299,0.000,0.701
838000,0.273,0.003,0.724
838500,0.250,0.002,0.748
839000,0.249,0.011,0.740
839500,0.275,0.002,0.724
840000,0.298,0.000,0.702
840500,0.273,0.012,0.715
841000,0.258,0.003,0.740
841500,0.291,0.001,0.709
842000,0.300,0.000,0.700
842500,0.271,0.000,0.729
843000,0.301,0.003,0.696
843500,0.283,0.000,0.717
844000,0.285,0.000,0.715
844500,0.275,0.000,0.725
845000,0.277,0.000,0.724
845500,0.234,0.006,0.760
846000,0.246,0.001,0.753
846500,0.244,0.000,0.756
847000,0.256,0.010,0.734
847500,0.239,0.009,0.751
848000,0.279,0.006,0.715
848500,0.237,0.003,0.759
849000,0.255,0.006,0.740
849500,0.303,0.000,0.697
850000,0.309,0.000,0.691
850500,0.288,0.002,0.710
851000,0.310,0.005,0.684
851500,0.256,0.006,0.738
852000,0.248,0.001,0.752
852500,0.255,0.000,0.745
853000,0.263,0.000,0.738
853500,0.257,0.000,0.743
854000,0.210,0.013,0.778
854500,0.193,0.018,0.789
855000,0.182,0.016,0.801
855500,0.241,0.017,0.742
856000,0.291,0.002,0.707
856500,0.305,0.002,0.693
857000,0.324,0.000,0.676
857500,0.301,0.000,0.699
858000,0.245,0.000,0.755
858500,0.258,0.000,0.742
859000,0.218,0.000,0.781
859500,0.306,0.002,0.692
860000,0.277,0.003,0.721
860500,0.277,0.002,0.721
861000,0.287,0.000,0.713
861500,0.289,0.006,0.704
862000,0.297,0.002,0.701
862500,0.269,0.001,0.731
863000,0.285,0.002,0.714
863500,0.223,0.005,0.772
864000,0.246,0.011,0.744
864500,0.236,0.002,0.762
865000,0.251,0.003,0.747
865500,0.317,0.000,0.683
866000,0.297,0.000,0.703
866500,0.292,0.000,0.708
867000,0.249,0.000,0.751
867500,0.288,0.000,0.712
868000,0.309,0.000,0.691
868500,0.292,0.001,0.707
869000,0.263,0.000,0.737
869500,0.274,0.006,0.720
870000,0.197,0.016,0.787
870500,0.204,0.005,0.791
871000,0.252,0.011,0.737
871500,0.251,0.001,0.749
872000,0.286,0.000,0.714
872500,0.347,0.000,0.653
873000,0.341,0.000,0.659
873500,0.304,0.000,0.696
874000,0.285,0.000,0.715
874500,0.224,0.000,0.776
875000,0.240,0.000,0.760
875500,0.282,0.000,0.718
876000,0.260,0.002,0.738
876500,0.287,0.005,0.708
877000,0.298,0.001,0.701
877500,0.256,0.000,0.744
878000,0.236,0.000,0.764
878500,0.265,0.000,0.735
879000,0.298,0.000,0.702
879500,0.293,0.000,0.707
880000,0.286,0.000,0.714
880500,0.249,0.000,0.750
881000,0.296,0.004,0.700
881500,0.256,0.001,0.744
882000,0.251,0.000,0.749
882500,0.224,0.006,0.770
883000,0.270,0.001,0.729
883500,0.293,0.000,0.707
884000,0.253,0.000,0.747
884500,0.261,0.004,0.735
885000,0.259,0.001,0.741
885500,0.219,0.011,0.770
886000,0.336,0.001,0.663
886500,0.298,0.000,0.702
887000,0.297,0.003,0.700
887500,0.349,0.000,0.651
888000,0.367,0.000,0.633
888500,0.295,0.007,0.698
889000,0.334,0.000,0.666
889500,0.268,0.006,0.726
890000,0.279,0.004,0.718
890500,0.276,0.001,0.723
891000,0.259,0.000,0.741
891500,0.238,0.003,0.759
892000,0.228,0.011,0.761
892500,0.225,0.011,0.764
893000,0.206,0.002,0.793
893500,0.225,0.000,0.775
894000,0.239,0.013,0.749
894500,0.275,0.007,0.718
895000,0.246,0.001,0.754
895500,0.253,0.000,0.748
896000,0.221,0.006,0.773
896500,0.257,0.002,0.742
897000,0.271,0.000,0.730
897500,0.270,0.004,0.726
898000,0.303,0.001,0.696
898500,0.303,0.000,0.697
899000,0.282,0.000,0.718
899500,0.245,0.000,0.754
900000,0.271,0.000,0.729
900500,0.277,0.000,0.723
901000,0.293,0.001,0.706
901500,0.264,0.005,0.731
902000,0.230,0.005,0.765
902500,0.253,0.000,0.748
903000,0.300,0.004,0.697
903500,0.264,0.002,0.734
904000,0.315,0.000,0.685
904500,0.288,0.002,0.710
905000,0.335,0.000,0.665
905500,0.337,0.000,0.663
906000,0.296,0.000,0.704
906500,0.298,0.000,0.702
907000,0.289,0.000,0.711
907500,0.301,0.000,0.699
908000,0.293,0.000,0.707
908500,0.295,0.000,0.705
909000,0.323,0.000,0.677
909500,0.278,0.000,0.722
910000,0.224,0.006,0.770
910500,0.270,0.007,0.723
911000,0.263,0.006,0.731
911500,0.268,0.002,0.731
912000,0.247,0.002,0.750
912500,0.276,0.000,0.724
913000,0.278,0.000,0.722
913500,0.270,0.000,0.730
914000,0.246,0.000,0.754
914500,0.313,0.001,0.687
915000,0.303,0.000,0.697
915500,0.254,0.005,0.741
916000,0.279,0.000,0.722
916500,0.285,0.000,0.715
917000,0.268,0.006,0.726
917500,0.278,0.003,0.719
918000,0.235,0.009,0.756
918500,0.290,0.001,0.710
919000,0.227,0.000,0.773
919500,0.264,0.005,0.731
920000,0.273,0.001,0.726
920500,0.296,0.000,0.704
921000,0.254,0.000,0.746
921500,0.283,0.000,0.717
922000,0.298,0.003,0.699
922500,0.310,0.001,0.689
923000,0.262,0.001,0.738
923500,0.267,0.000,0.733
924000,0.292,0.004,0.704
924500,0.287,0.002,0.712
925000,0.314,0.000,0.686
925500,0.307,0.000,0.693
926000,0.289,0.000,0.711
926500,0.241,0.009,0.750
927000,0.258,0.004,0.738
927500,0.268,0.003,0.729
928000,0.286,0.001,0.714
928500,0.350,0.000,0.649
929000,0.314,0.000,0.686
929500,0.314,0.000,0.686
930000,0.325,0.000,0.675
930500,0.316,0.004,0.680
931000,0.302,0.000,0.698
931500,0.313,0.007,0.680
932000,0.223,0.003,0.774
932500,0.270,0.005,0.725
933000,0.267,0.004,0.730
933500,0.236,0.004,0.760
934000,0.255,0.002,0.744
934500,0.259,0.007,0.735
935000,0.254,0.001,0.746
935500,0.280,0.000,0.720
936000,0.235,0.013,0.752
936500,0.251,0.002,0.748
937000,0.256,0.000,0.744
937500,0.253,0.000,0.747
938000,0.279,0.009,0.712
938500,0.288,0.001,0.712
939000,0.311,0.000,0.689
939500,0.334,0.003,0.664
940000,0.316,0.000,0.684
940500,0.273,0.000,0.728
941000,0.295,0.000,0.705
941500,0.350,0.000,0.649
942000,0.278,0.000,0.722
942500,0.238,0.000,0.762
943000,0.261,0.004,0.736
943500,0.297,0.001,0.703
944000,0.277,0.000,0.724
944500,0.228,0.004,0.768
945000,0.257,0.000,0.744
945500,0.298,0.002,0.700
946000,0.290,0.000,0.710
946500,0.301,0.000,0.699
947000,0.249,0.004,0.746
947500,0.268,0.002,0.731
948000,0.226,0.001,0.774
948500,0.242,0.000,0.758
949000,0.274,0.000,0.726
949500,0.281,0.000,0.719
950000,0.259,0.004,0.737
950500,0.264,0.001,0.736
951000,0.303,0.000,0.697
951500,0.331,0.000,0.669
952000,0.329,0.000,0.671
952500,0.363,0.000,0.637
953000,0.280,0.000,0.720
953500,0.266,0.000,0.734
954000,0.279,0.000,0.722
954500,0.286,0.000,0.714
955000,0.284,0.000,0.716
955500,0.309,0.000,0.691
956000,0.264,0.000,0.736
956500,0.342,0.000,0.658
957000,0.308,0.000,0.692
957500,0.316,0.000,0.684
958000,0.266,0.003,0.732
958500,0.263,0.000,0.737
959000,0.270,0.000,0.730
959500,0.256,0.004,0.740
960000,0.237,0.007,0.756
960500,0.248,0.001,0.752
961000,0.323,0.000,0.677
961500,0.297,0.000,0.703
962000,0.305,0.000,0.695
962500,0.318,0.003,0.679
963000,0.337,0.001,0.663
963500,0.264,0.000,0.736
964000,0.220,0.004,0.776
964500,0.266,0.000,0.734
965000,0.293,0.001,0.706
965500,0.314,0.000,0.686
966000,0.287,0.004,0.710
966500,0.229,0.003,0.769
967000,0.274,0.000,0.726
967500,0.212,0.002,0.785
968000,0.210,0.003,0.786
968500,0.252,0.000,0.748
969000,0.317,0.000,0.683
969500,0.324,0.000,0.676
970000,0.331,0.000,0.669
970500,0.320,0.000,0.680
971000,0.290,0.000,0.710
971500,0.245,0.003,0.752
972000,0.266,0.006,0.728
972500,0.294,0.001,0.705
973000,0.329,0.000,0.671
973500,0.287,0.000,0.713
974000,0.283,0.000,0.717
974500,0.301,0.000,0.699
975000,0.323,0.000,0.677
975500,0.315,0.000,0.685
976000,0.309,0.000,0.691
976500,0.320,0.000,0.680
977000,0.348,0.000,0.651
977500,0.282,0.000,0.718
978000,0.342,0.000,0.658
978500,0.277,0.012,0.712
979000,0.229,0.010,0.761
979500,0.306,0.001,0.694
980000,0.296,0.000,0.704
980500,0.282,0.001,0.717
981000,0.282,0.000,0.718
981500,0.268,0.000,0.732
982000,0.241,0.000,0.759
982500,0.273,0.003,0.725
983000,0.239,0.000,0.760
983500,0.268,0.003,0.730
984000,0.226,0.005,0.769
984500,0.241,0.006,0.752
985000,0.246,0.009,0.744
985500,0.238,0.004,0.759
986000,0.229,0.000,0.771
986500,0.228,0.004,0.769
987000,0.287,0.000,0.713
987500,0.293,0.000,0.707
988000,0.285,0.000,0.715
988500,0.288,0.000,0.712
989000,0.248,0.000,0.752
989500,0.221,0.002,0.777
990000,0.242,0.006,0.752
990500,0.234,0.003,0.763
991000,0.310,0.001,0.690
991500,0.323,0.001,0.677
992000,0.224,0.013,0.763
992500,0.265,0.004,0.731
993000,0.254,0.008,0.738
993500,0.252,0.001,0.747
994000,0.277,0.000,0.723
994500,0.297,0.000,0.703
995000,0.249,0.006,0.745
995500,0.275,0.004,0.721
996000,0.237,0.005,0.757
996500,0.256,0.000,0.744
997000,0.266,0.000,0.734
997500,0.284,0.000,0.716
998000,0.281,0.000,0.720
998500,0.298,0.000,0.702
999000,0.249,0.007,0.743
999500,0.255,0.000,0.745
1000000,0.302,0.000,0.698
