time,n_A+p,n_B,n_AB
500,0.030,0.891,0.079
1000,0.030,0.771,0.199
1500,0.030,0.577,0.393
2000,0.030,0.428,0.541
2500,0.030,0.325,0.645
3000,0.036,0.233,0.731
3500,0.049,0.180,0.772
4000,0.056,0.125,0.820
4500,0.057,0.114,0.829
5000,0.060,0.067,0.873
5500,0.090,0.057,0.854
6000,0.096,0.041,0.864
6500,0.098,0.048,0.854
7000,0.091,0.051,0.857
7500,0.072,0.052,0.876
8000,0.073,0.064,0.863
8500,0.071,0.061,0.867
9000,0.077,0.061,0.862
9500,0.096,0.046,0.858
10000,0.083,0.048,0.870
10500,0.104,0.046,0.849
11000,0.096,0.044,0.860
11500,0.139,0.042,0.819
12000,0.123,0.046,0.830
12500,0.108,0.034,0.858
13000,0.101,0.047,0.852
13500,0.086,0.043,0.871
14000,0.105,0.038,0.856
14500,0.126,0.032,0.843
15000,0.140,0.028,0.832
15500,0.129,0.033,0.838
16000,0.141,0.035,0.825
16500,0.126,0.037,0.837
17000,0.127,0.028,0.845
17500,0.158,0.030,0.812
18000,0.120,0.029,0.851
18500,0.113,0.037,0.850
19000,0.094,0.043,0.863
19500,0.114,0.024,0.863
20000,0.104,0.034,0.861
20500,0.123,0.022,0.854
21000,0.106,0.035,0.858
21500,0.109,0.060,0.831
22000,0.089,0.046,0.865
22500,0.090,0.045,0.864
23000,0.095,0.052,0.853
23500,0.082,0.054,0.864
24000,0.114,0.065,0.822
24500,0.091,0.058,0.851
25000,0.089,0.050,0.860
25500,0.109,0.049,0.842
26000,0.127,0.040,0.834
26500,0.111,0.038,0.851
27000,0.106,0.035,0.859
27500,0.106,0.031,0.862
28000,0.119,0.032,0.850
28500,0.122,0.037,0.840
29000,0.119,0.048,0.833
29500,0.093,0.050,0.857
30000,0.097,0.047,0.856
30500,0.098,0.030,0.872
31000,0.106,0.038,0.855
31500,0.086,0.044,0.870
32000,0.102,0.059,0.840
32500,0.093,0.046,0.861
33000,0.102,0.038,0.860
33500,0.099,0.033,0.868
34000,0.100,0.056,0.845
34500,0.079,0.051,0.870
35000,0.102,0.037,0.861
35500,0.098,0.043,0.860
36000,0.086,0.066,0.847
36500,0.083,0.060,0.857
37000,0.086,0.057,0.857
37500,0.098,0.044,0.858
38000,0.097,0.052,0.851
38500,0.111,0.042,0.847
39000,0.102,0.033,0.865
39500,0.108,0.037,0.854
40000,0.141,0.038,0.821
40500,0.123,0.030,0.847
41000,0.126,0.025,0.849
41500,0.139,0.027,0.834
42000,0.117,0.024,0.859
42500,0.103,0.041,0.857
43000,0.102,0.036,0.862
43500,0.090,0.034,0.876
44000,0.100,0.037,0.863
44500,0.112,0.041,0.848
45000,0.105,0.051,0.844
45500,0.115,0.053,0.832
46000,0.117,0.043,0.840
46500,0.104,0.049,0.847
47000,0.099,0.049,0.852
47500,0.089,0.048,0.863
48000,0.091,0.063,0.845
48500,0.077,0.070,0.852
49000,0.076,0.051,0.873
49500,0.096,0.039,0.865
50000,0.098,0.043,0.859
50500,0.089,0.054,0.856
51000,0.099,0.053,0.848
51500,0.106,0.038,0.855
52000,0.108,0.061,0.831
52500,0.106,0.048,0.846
53000,0.117,0.040,0.843
53500,0.128,0.040,0.833
54000,0.117,0.046,0.837
54500,0.117,0.043,0.840
55000,0.124,0.033,0.843
55500,0.114,0.043,0.843
56000,0.111,0.036,0.853
56500,0.110,0.033,0.857
57000,0.105,0.035,0.860
57500,0.101,0.044,0.855
58000,0.092,0.063,0.845
58500,0.098,0.047,0.855
59000,0.105,0.040,0.856
59500,0.127,0.045,0.828
60000,0.116,0.032,0.852
60500,0.105,0.030,0.865
61000,0.108,0.051,0.840
61500,0.102,0.050,0.849
62000,0.086,0.045,0.869
62500,0.117,0.040,0.843
63000,0.106,0.034,0.859
63500,0.105,0.035,0.859
64000,0.102,0.043,0.855
64500,0.091,0.055,0.853
65000,0.113,0.040,0.847
65500,0.105,0.047,0.848
66000,0.113,0.044,0.843
66500,0.087,0.054,0.859
67000,0.099,0.040,0.861
67500,0.091,0.051,0.858
68000,0.099,0.052,0.849
68500,0.093,0.049,0.859
69000,0.099,0.040,0.861
69500,0.108,0.030,0.861
70000,0.137,0.035,0.828
70500,0.138,0.030,0.833
71000,0.122,0.035,0.843
71500,0.132,0.032,0.837
72000,0.133,0.032,0.835
72500,0.122,0.030,0.847
73000,0.105,0.032,0.862
73500,0.105,0.024,0.870
74000,0.111,0.029,0.860
74500,0.129,0.026,0.845
75000,0.119,0.051,0.830
75500,0.117,0.038,0.844
76000,0.128,0.046,0.826
76500,0.122,0.045,0.832
77000,0.102,0.041,0.857
77500,0.121,0.042,0.837
78000,0.111,0.032,0.857
78500,0.123,0.034,0.844
79000,0.117,0.042,0.841
79500,0.116,0.043,0.841
80000,0.122,0.033,0.845
80500,0.126,0.033,0.842
81000,0.116,0.023,0.861
81500,0.102,0.049,0.848
82000,0.126,0.047,0.827
82500,0.112,0.056,0.833
83000,0.115,0.042,0.843
83500,0.091,0.059,0.850
84000,0.086,0.052,0.862
84500,0.088,0.048,0.864
85000,0.083,0.032,0.885
85500,0.092,0.050,0.858
86000,0.097,0.039,0.864
86500,0.098,0.040,0.863
87000,0.093,0.032,0.874
87500,0.102,0.047,0.851
88000,0.114,0.038,0.848
88500,0.120,0.035,0.844
89000,0.141,0.035,0.824
89500,0.122,0.035,0.843
90000,0.117,0.032,0.851
90500,0.133,0.034,0.834
91000,0.098,0.043,0.859
91500,0.094,0.051,0.855
92000,0.104,0.045,0.850
92500,0.113,0.044,0.843
93000,0.095,0.058,0.848
93500,0.097,0.045,0.858
94000,0.089,0.047,0.864
94500,0.098,0.048,0.855
95000,0.088,0.052,0.859
95500,0.107,0.045,0.848
96000,0.094,0.052,0.854
96500,0.080,0.046,0.874
97000,0.120,0.051,0.830
97500,0.121,0.042,0.837
98000,0.126,0.043,0.832
98500,0.111,0.046,0.843
99000,0.091,0.049,0.860
99500,0.090,0.055,0.855
100000,0.092,0.041,0.867
100500,0.101,0.029,0.870
101000,0.096,0.049,0.856
101500,0.086,0.046,0.868
102000,0.085,0.051,0.864
102500,0.095,0.051,0.854
103000,0.093,0.061,0.846
103500,0.080,0.061,0.859
104000,0.073,0.057,0.870
104500,0.079,0.053,0.868
105000,0.089,0.060,0.851
105500,0.089,0.052,0.858
106000,0.107,0.046,0.847
106500,0.100,0.041,0.859
107000,0.080,0.072,0.849
107500,0.098,0.066,0.837
108000,0.096,0.059,0.845
108500,0.094,0.059,0.848
109000,0.085,0.038,0.877
109500,0.091,0.038,0.870
110000,0.104,0.041,0.855
110500,0.096,0.037,0.867
111000,0.114,0.027,0.859
111500,0.097,0.042,0.862
112000,0.097,0.051,0.852
112500,0.099,0.046,0.855
113000,0.132,0.046,0.822
113500,0.120,0.040,0.841
114000,0.107,0.028,0.865
114500,0.104,0.049,0.847
115000,0.098,0.049,0.854
115500,0.093,0.073,0.834
116000,0.098,0.059,0.843
116500,0.084,0.061,0.855
117000,0.089,0.055,0.856
117500,0.100,0.059,0.841
118000,0.106,0.059,0.835
118500,0.118,0.055,0.827
119000,0.103,0.043,0.854
119500,0.110,0.052,0.838
120000,0.092,0.038,0.870
120500,0.095,0.060,0.845
121000,0.110,0.043,0.847
121500,0.103,0.053,0.844
122000,0.097,0.046,0.857
122500,0.116,0.045,0.839
123000,0.106,0.031,0.862
123500,0.100,0.048,0.853
124000,0.095,0.051,0.855
124500,0.110,0.039,0.851
125000,0.112,0.035,0.854
125500,0.099,0.044,0.857
126000,0.114,0.064,0.823
126500,0.120,0.044,0.835
127000,0.114,0.029,0.857
127500,0.115,0.038,0.847
128000,0.113,0.046,0.841
128500,0.106,0.056,0.837
129000,0.101,0.050,0.850
129500,0.114,0.045,0.841
130000,0.117,0.030,0.853
130500,0.126,0.023,0.852
131000,0.131,0.024,0.846
131500,0.125,0.032,0.843
132000,0.111,0.027,0.862
132500,0.097,0.064,0.840
133000,0.097,0.065,0.839
133500,0.105,0.042,0.854
134000,0.104,0.045,0.850
134500,0.102,0.048,0.850
135000,0.091,0.060,0.848
135500,0.098,0.058,0.845
136000,0.093,0.037,0.869
136500,0.071,0.049,0.880
137000,0.089,0.050,0.860
137500,0.089,0.045,0.865
138000,0.093,0.052,0.855
138500,0.076,0.056,0.869
139000,0.101,0.045,0.854
139500,0.102,0.038,0.860
140000,0.105,0.045,0.850
140500,0.102,0.041,0.856
141000,0.096,0.054,0.850
141500,0.095,0.038,0.867
142000,0.126,0.039,0.836
142500,0.112,0.029,0.859
143000,0.115,0.051,0.834
143500,0.093,0.073,0.834
144000,0.084,0.062,0.854
144500,0.091,0.049,0.860
145000,0.082,0.048,0.871
145500,0.090,0.052,0.857
146000,0.104,0.041,0.856
146500,0.089,0.037,0.874
147000,0.097,0.032,0.872
147500,0.098,0.051,0.851
148000,0.116,0.039,0.845
148500,0.118,0.035,0.848
149000,0.136,0.034,0.831
149500,0.149,0.021,0.829
150000,0.131,0.032,0.838
150500,0.116,0.035,0.849
151000,0.107,0.033,0.860
151500,0.126,0.043,0.832
152000,0.108,0.052,0.839
152500,0.096,0.054,0.850
153000,0.095,0.045,0.860
153500,0.099,0.066,0.836
154000,0.095,0.048,0.857
154500,0.088,0.052,0.859
155000,0.075,0.052,0.872
155500,0.079,0.036,0.885
156000,0.092,0.029,0.879
156500,0.104,0.033,0.863
157000,0.122,0.038,0.840
157500,0.105,0.047,0.847
158000,0.097,0.044,0.859
158500,0.089,0.040,0.872
159000,0.099,0.044,0.857
159500,0.106,0.047,0.846
160000,0.096,0.054,0.850
160500,0.100,0.067,0.833
161000,0.090,0.058,0.852
161500,0.095,0.050,0.855
162000,0.092,0.052,0.855
162500,0.106,0.050,0.845
163000,0.087,0.039,0.873
163500,0.111,0.042,0.848
164000,0.108,0.044,0.848
164500,0.127,0.034,0.840
165000,0.119,0.038,0.843
165500,0.124,0.048,0.829
166000,0.114,0.041,0.846
166500,0.105,0.041,0.855
167000,0.093,0.042,0.866
167500,0.091,0.042,0.868
168000,0.091,0.043,0.866
168500,0.117,0.032,0.851
169000,0.102,0.028,0.871
169500,0.092,0.044,0.863
170000,0.087,0.044,0.869
170500,0.077,0.058,0.864
171000,0.086,0.063,0.851
171500,0.080,0.059,0.861
172000,0.095,0.045,0.860
172500,0.090,0.043,0.867
173000,0.093,0.057,0.849
173500,0.082,0.062,0.856
174000,0.096,0.045,0.859
174500,0.095,0.040,0.865
175000,0.105,0.035,0.860
175500,0.105,0.034,0.862
176000,0.103,0.042,0.855
176500,0.109,0.041,0.850
177000,0.098,0.051,0.851
177500,0.099,0.056,0.845
178000,0.094,0.057,0.850
178500,0.097,0.057,0.847
179000,0.098,0.036,0.866
179500,0.105,0.033,0.861
180000,0.089,0.035,0.876
180500,0.088,0.029,0.883
181000,0.076,0.044,0.879
181500,0.097,0.038,0.865
182000,0.108,0.043,0.849
182500,0.100,0.043,0.857
183000,0.120,0.044,0.836
183500,0.102,0.046,0.852
184000,0.107,0.041,0.853
184500,0.097,0.046,0.857
185000,0.101,0.034,0.865
185500,0.114,0.035,0.851
186000,0.106,0.037,0.856
186500,0.104,0.037,0.859
187000,0.111,0.031,0.858
187500,0.129,0.029,0.842
188000,0.118,0.028,0.854
188500,0.122,0.036,0.842
189000,0.114,0.034,0.853
189500,0.097,0.054,0.849
190000,0.082,0.052,0.866
190500,0.085,0.044,0.871
191000,0.094,0.051,0.856
191500,0.102,0.057,0.841
192000,0.102,0.044,0.854
192500,0.095,0.043,0.862
193000,0.097,0.047,0.856
193500,0.102,0.051,0.847
194000,0.119,0.027,0.854
194500,0.100,0.048,0.852
195000,0.112,0.049,0.839
195500,0.136,0.044,0.820
196000,0.135,0.036,0.829
196500,0.111,0.037,0.852
197000,0.108,0.041,0.851
197500,0.092,0.062,0.845
198000,0.077,0.069,0.855
198500,0.071,0.066,0.863
199000,0.112,0.068,0.821
199500,0.109,0.051,0.840
200000,0.110,0.039,0.851
200500,0.112,0.031,0.857
201000,0.119,0.034,0.847
201500,0.114,0.045,0.841
202000,0.101,0.044,0.855
202500,0.116,0.037,0.847
203000,0.108,0.048,0.844
203500,0.104,0.042,0.854
204000,0.098,0.042,0.860
204500,0.100,0.043,0.858
205000,0.110,0.032,0.859
205500,0.104,0.040,0.856
206000,0.112,0.043,0.846
206500,0.113,0.042,0.846
207000,0.115,0.034,0.852
207500,0.102,0.038,0.860
208000,0.100,0.044,0.856
208500,0.096,0.049,0.855
209000,0.086,0.052,0.862
209500,0.098,0.046,0.856
210000,0.092,0.043,0.865
210500,0.088,0.039,0.873
211000,0.088,0.051,0.861
211500,0.109,0.067,0.825
212000,0.100,0.045,0.855
212500,0.095,0.043,0.862
213000,0.106,0.040,0.854
213500,0.095,0.057,0.849
214000,0.087,0.061,0.852
214500,0.097,0.047,0.856
215000,0.112,0.061,0.827
215500,0.097,0.061,0.842
216000,0.100,0.045,0.855
216500,0.095,0.032,0.874
217000,0.124,0.034,0.843
217500,0.112,0.019,0.869
218000,0.117,0.030,0.853
218500,0.117,0.035,0.848
219000,0.111,0.026,0.863
219500,0.121,0.041,0.838
220000,0.125,0.023,0.852
220500,0.132,0.025,0.844
221000,0.117,0.030,0.852
221500,0.113,0.036,0.851
222000,0.105,0.036,0.858
222500,0.102,0.040,0.858
223000,0.096,0.050,0.855
223500,0.100,0.043,0.857
224000,0.102,0.041,0.857
224500,0.111,0.046,0.843
225000,0.116,0.040,0.845
225500,0.121,0.067,0.812
226000,0.099,0.049,0.853
226500,0.095,0.031,0.874
227000,0.103,0.034,0.864
227500,0.090,0.045,0.865
228000,0.093,0.042,0.865
228500,0.107,0.043,0.849
229000,0.109,0.044,0.847
229500,0.089,0.041,0.870
230000,0.101,0.048,0.851
230500,0.087,0.052,0.860
231000,0.108,0.049,0.844
231500,0.105,0.036,0.858
232000,0.102,0.047,0.850
232500,0.102,0.043,0.854
233000,0.092,0.040,0.867
233500,0.115,0.025,0.860
234000,0.127,0.032,0.842
234500,0.117,0.025,0.858
235000,0.107,0.027,0.866
235500,0.097,0.029,0.874
236000,0.119,0.046,0.835
236500,0.115,0.059,0.827
237000,0.110,0.042,0.848
237500,0.102,0.039,0.859
238000,0.095,0.051,0.855
238500,0.089,0.048,0.863
239000,0.091,0.053,0.855
239500,0.086,0.051,0.863
240000,0.087,0.040,0.873
240500,0.086,0.043,0.872
241000,0.107,0.033,0.859
241500,0.107,0.036,0.856
242000,0.137,0.037,0.826
242500,0.131,0.032,0.838
243000,0.131,0.043,0.827
243500,0.117,0.030,0.853
244000,0.117,0.029,0.853
244500,0.121,0.033,0.846
245000,0.128,0.037,0.835
245500,0.118,0.021,0.861
246000,0.121,0.027,0.852
246500,0.128,0.038,0.834
247000,0.109,0.035,0.857
247500,0.101,0.024,0.875
248000,0.105,0.032,0.863
248500,0.104,0.041,0.855
249000,0.128,0.035,0.838
249500,0.125,0.041,0.835
250000,0.100,0.043,0.857
250500,0.091,0.044,0.864
251000,0.098,0.043,0.860
251500,0.100,0.051,0.850
252000,0.092,0.058,0.849
252500,0.090,0.048,0.863
253000,0.095,0.045,0.860
253500,0.091,0.036,0.872
254000,0.098,0.050,0.853
254500,0.072,0.062,0.866
255000,0.086,0.055,0.859
255500,0.108,0.061,0.831
256000,0.120,0.055,0.824
256500,0.096,0.056,0.849
257000,0.097,0.043,0.860
257500,0.100,0.043,0.858
258000,0.108,0.047,0.845
258500,0.103,0.051,0.846
259000,0.097,0.049,0.854
259500,0.090,0.057,0.853
260000,0.081,0.064,0.856
260500,0.087,0.046,0.866
261000,0.073,0.057,0.870
261500,0.079,0.042,0.880
262000,0.106,0.049,0.845
262500,0.087,0.051,0.863
263000,0.099,0.064,0.838
263500,0.090,0.044,0.865
264000,0.101,0.033,0.866
264500,0.098,0.044,0.858
265000,0.108,0.050,0.842
265500,0.120,0.038,0.841
266000,0.109,0.033,0.858
266500,0.103,0.033,0.864
267000,0.085,0.048,0.868
267500,0.097,0.046,0.857
268000,0.086,0.056,0.858
268500,0.076,0.059,0.866
269000,0.077,0.063,0.860
269500,0.079,0.059,0.862
270000,0.076,0.076,0.848
270500,0.085,0.059,0.857
271000,0.101,0.046,0.853
271500,0.109,0.042,0.850
272000,0.103,0.033,0.864
272500,0.103,0.040,0.857
273000,0.120,0.035,0.846
273500,0.119,0.034,0.847
274000,0.104,0.030,0.866
274500,0.091,0.035,0.873
275000,0.100,0.059,0.841
275500,0.096,0.051,0.854
276000,0.102,0.034,0.863
276500,0.106,0.041,0.853
277000,0.127,0.024,0.850
277500,0.124,0.025,0.851
278000,0.134,0.024,0.843
278500,0.108,0.046,0.845
279000,0.104,0.046,0.849
279500,0.112,0.040,0.849
280000,0.105,0.043,0.851
280500,0.096,0.038,0.866
281000,0.118,0.043,0.838
281500,0.119,0.029,0.851
282000,0.122,0.040,0.838
282500,0.120,0.051,0.830
283000,0.101,0.046,0.853
283500,0.099,0.046,0.855
284000,0.101,0.038,0.861
284500,0.084,0.057,0.859
285000,0.073,0.057,0.870
285500,0.088,0.068,0.844
286000,0.078,0.070,0.852
286500,0.085,0.063,0.853
287000,0.086,0.069,0.846
287500,0.070,0.058,0.871
288000,0.077,0.052,0.871
288500,0.074,0.056,0.871
289000,0.076,0.071,0.853
289500,0.082,0.067,0.852
290000,0.076,0.066,0.857
290500,0.079,0.072,0.849
291000,0.074,0.062,0.863
291500,0.075,0.057,0.868
292000,0.086,0.044,0.869
292500,0.102,0.052,0.846
293000,0.110,0.067,0.824
293500,0.101,0.054,0.845
294000,0.110,0.041,0.850
294500,0.104,0.048,0.848
295000,0.115,0.051,0.834
295500,0.121,0.040,0.839
296000,0.111,0.034,0.856
296500,0.116,0.029,0.856
297000,0.116,0.033,0.851
297500,0.111,0.046,0.843
298000,0.119,0.036,0.845
298500,0.119,0.026,0.855
299000,0.103,0.028,0.870
299500,0.121,0.017,0.862
300000,0.135,0.019,0.846
300500,0.130,0.009,0.861
301000,0.120,0.026,0.853
301500,0.120,0.032,0.848
302000,0.114,0.037,0.849
302500,0.111,0.040,0.849
303000,0.106,0.050,0.844
303500,0.100,0.047,0.853
304000,0.102,0.054,0.844
304500,0.107,0.049,0.844
305000,0.093,0.072,0.835
305500,0.084,0.054,0.862
306000,0.102,0.051,0.847
306500,0.109,0.051,0.840
307000,0.106,0.051,0.844
307500,0.102,0.050,0.847
308000,0.098,0.058,0.844
308500,0.111,0.052,0.837
309000,0.118,0.053,0.829
309500,0.113,0.043,0.844
310000,0.111,0.041,0.848
310500,0.095,0.032,0.873
311000,0.105,0.026,0.868
311500,0.129,0.029,0.842
312000,0.125,0.018,0.858
312500,0.132,0.028,0.841
313000,0.135,0.048,0.817
313500,0.124,0.046,0.829
314000,0.097,0.044,0.859
314500,0.083,0.042,0.875
315000,0.103,0.041,0.856
315500,0.099,0.052,0.849
316000,0.095,0.050,0.855
316500,0.112,0.051,0.837
317000,0.101,0.037,0.862
317500,0.116,0.051,0.834
318000,0.118,0.049,0.833
318500,0.129,0.033,0.839
319000,0.122,0.046,0.832
319500,0.098,0.048,0.855
320000,0.091,0.050,0.860
320500,0.083,0.038,0.879
321000,0.095,0.031,0.874
321500,0.097,0.043,0.860
322000,0.099,0.052,0.849
322500,0.102,0.042,0.857
323000,0.112,0.040,0.848
323500,0.103,0.049,0.849
324000,0.114,0.029,0.857
324500,0.120,0.030,0.850
325000,0.112,0.034,0.855
325500,0.110,0.028,0.863
326000,0.115,0.046,0.839
326500,0.114,0.038,0.848
327000,0.114,0.033,0.854
327500,0.113,0.052,0.835
328000,0.108,0.051,0.840
328500,0.121,0.043,0.836
329000,0.097,0.037,0.866
329500,0.108,0.041,0.851
330000,0.115,0.044,0.841
330500,0.111,0.051,0.838
331000,0.113,0.031,0.856
331500,0.130,0.025,0.846
332000,0.130,0.023,0.847
332500,0.112,0.022,0.866
333000,0.129,0.026,0.845
333500,0.106,0.035,0.858
334000,0.099,0.031,0.870
334500,0.090,0.041,0.869
335000,0.092,0.044,0.863
335500,0.103,0.046,0.851
336000,0.097,0.062,0.841
336500,0.097,0.072,0.832
337000,0.111,0.053,0.836
337500,0.107,0.053,0.840
338000,0.110,0.052,0.838
338500,0.096,0.044,0.860
339000,0.088,0.054,0.858
339500,0.089,0.051,0.860
340000,0.107,0.053,0.839
340500,0.107,0.056,0.837
341000,0.091,0.056,0.852
341500,0.087,0.043,0.869
342000,0.086,0.044,0.870
342500,0.091,0.031,0.877
343000,0.099,0.022,0.879
343500,0.123,0.035,0.842
344000,0.102,0.035,0.862
344500,0.100,0.049,0.852
345000,0.129,0.032,0.840
345500,0.128,0.032,0.841
346000,0.113,0.042,0.846
346500,0.102,0.036,0.862
347000,0.112,0.033,0.855
347500,0.103,0.049,0.848
348000,0.096,0.054,0.850
348500,0.108,0.035,0.857
349000,0.096,0.041,0.863
349500,0.103,0.037,0.860
350000,0.113,0.036,0.851
350500,0.111,0.035,0.854
351000,0.101,0.043,0.857
351500,0.108,0.046,0.846
352000,0.091,0.061,0.848
352500,0.108,0.066,0.826
353000,0.100,0.064,0.837
353500,0.092,0.048,0.859
354000,0.108,0.058,0.834
354500,0.087,0.070,0.843
355000,0.095,0.054,0.851
355500,0.124,0.035,0.840
356000,0.105,0.033,0.863
356500,0.110,0.028,0.862
357000,0.105,0.038,0.856
357500,0.102,0.035,0.862
358000,0.123,0.034,0.844
358500,0.129,0.037,0.834
359000,0.121,0.043,0.836
359500,0.117,0.042,0.841
360000,0.103,0.039,0.858
360500,0.098,0.047,0.855
361000,0.107,0.032,0.861
361500,0.101,0.055,0.844
362000,0.105,0.051,0.843
362500,0.096,0.047,0.857
363000,0.119,0.043,0.838
363500,0.118,0.033,0.848
364000,0.125,0.024,0.852
364500,0.129,0.015,0.856
365000,0.125,0.022,0.853
365500,0.117,0.026,0.856
366000,0.133,0.053,0.814
366500,0.117,0.044,0.838
367000,0.102,0.053,0.844
367500,0.106,0.047,0.846
368000,0.139,0.043,0.818
368500,0.133,0.033,0.834
369000,0.126,0.030,0.844
369500,0.108,0.033,0.859
370000,0.119,0.048,0.833
370500,0.104,0.041,0.856
371000,0.086,0.061,0.853
371500,0.072,0.051,0.877
372000,0.077,0.054,0.868
372500,0.092,0.054,0.853
373000,0.077,0.052,0.870
373500,0.085,0.059,0.857
374000,0.086,0.056,0.858
374500,0.073,0.056,0.870
375000,0.080,0.070,0.850
375500,0.081,0.060,0.859
376000,0.099,0.058,0.844
376500,0.086,0.035,0.878
377000,0.097,0.046,0.857
377500,0.086,0.041,0.872
378000,0.091,0.047,0.862
378500,0.096,0.041,0.863
379000,0.089,0.029,0.881
379500,0.080,0.035,0.885
380000,0.088,0.041,0.871
380500,0.085,0.048,0.867
381000,0.073,0.049,0.878
381500,0.080,0.067,0.854
382000,0.081,0.065,0.855
382500,0.097,0.056,0.847
383000,0.108,0.045,0.847
383500,0.123,0.044,0.833
384000,0.093,0.044,0.862
384500,0.098,0.048,0.855
385000,0.084,0.058,0.858
385500,0.092,0.061,0.846
386000,0.105,0.064,0.831
386500,0.097,0.042,0.861
387000,0.123,0.054,0.823
387500,0.121,0.067,0.812
388000,0.113,0.053,0.834
388500,0.113,0.043,0.845
389000,0.101,0.057,0.843
389500,0.086,0.046,0.868
390000,0.096,0.038,0.866
390500,0.089,0.046,0.865
391000,0.099,0.058,0.844
391500,0.083,0.041,0.876
392000,0.077,0.052,0.870
392500,0.080,0.065,0.855
393000,0.081,0.066,0.854
393500,0.103,0.050,0.847
394000,0.103,0.063,0.833
394500,0.097,0.049,0.854
395000,0.101,0.051,0.848
395500,0.114,0.048,0.838
396000,0.100,0.048,0.852
396500,0.105,0.042,0.852
397000,0.113,0.046,0.841
397500,0.095,0.054,0.851
398000,0.107,0.043,0.850
398500,0.091,0.036,0.872
399000,0.112,0.042,0.846
399500,0.121,0.025,0.854
400000,0.120,0.028,0.852
400500,0.092,0.038,0.869
401000,0.103,0.048,0.850
401500,0.095,0.046,0.859
402000,0.096,0.034,0.871
402500,0.106,0.031,0.862
403000,0.110,0.032,0.859
403500,0.117,0.039,0.844
404000,0.117,0.046,0.837
404500,0.121,0.043,0.836
405000,0.136,0.035,0.830
405500,0.123,0.046,0.831
406000,0.102,0.048,0.850
406500,0.112,0.038,0.850
407000,0.110,0.040,0.851
407500,0.133,0.043,0.824
408000,0.126,0.045,0.830
408500,0.130,0.050,0.821
409000,0.114,0.040,0.846
409500,0.117,0.048,0.835
410000,0.113,0.036,0.851
410500,0.120,0.025,0.854
411000,0.133,0.037,0.830
411500,0.121,0.018,0.861
412000,0.105,0.028,0.868
412500,0.104,0.041,0.855
413000,0.098,0.037,0.865
413500,0.114,0.038,0.848
414000,0.105,0.054,0.841
414500,0.105,0.051,0.845
415000,0.096,0.037,0.867
415500,0.080,0.029,0.892
416000,0.075,0.046,0.878
416500,0.097,0.049,0.855
417000,0.085,0.052,0.863
417500,0.082,0.054,0.864
418000,0.098,0.052,0.850
418500,0.118,0.034,0.849
419000,0.127,0.043,0.830
419500,0.117,0.038,0.845
420000,0.127,0.035,0.839
420500,0.126,0.048,0.827
421000,0.103,0.052,0.844
421500,0.098,0.046,0.856
422000,0.101,0.036,0.863
422500,0.092,0.051,0.856
423000,0.087,0.036,0.876
423500,0.085,0.057,0.858
424000,0.093,0.059,0.847
424500,0.093,0.043,0.864
425000,0.103,0.040,0.857
425500,0.110,0.040,0.851
426000,0.109,0.044,0.847
426500,0.123,0.049,0.828
427000,0.127,0.050,0.824
427500,0.118,0.033,0.850
428000,0.118,0.026,0.856
428500,0.102,0.026,0.872
429000,0.097,0.041,0.863
429500,0.108,0.046,0.846
430000,0.112,0.042,0.846
430500,0.104,0.052,0.843
431000,0.113,0.050,0.838
431500,0.102,0.058,0.841
432000,0.102,0.045,0.852
432500,0.100,0.049,0.851
433000,0.101,0.051,0.848
433500,0.102,0.036,0.862
434000,0.109,0.043,0.848
434500,0.105,0.029,0.867
435000,0.088,0.039,0.873
435500,0.110,0.032,0.859
436000,0.115,0.033,0.852
436500,0.095,0.045,0.860
437000,0.122,0.052,0.826
437500,0.101,0.038,0.861
438000,0.100,0.045,0.855
438500,0.109,0.030,0.861
439000,0.100,0.033,0.868
439500,0.122,0.043,0.834
440000,0.137,0.028,0.836
440500,0.109,0.032,0.859
441000,0.085,0.041,0.875
441500,0.085,0.057,0.859
442000,0.099,0.044,0.857
442500,0.113,0.035,0.853
443000,0.092,0.037,0.871
443500,0.091,0.038,0.871
444000,0.084,0.033,0.883
444500,0.103,0.026,0.870
445000,0.089,0.034,0.876
445500,0.120,0.030,0.850
446000,0.106,0.026,0.868
446500,0.098,0.038,0.864
447000,0.090,0.040,0.869
447500,0.088,0.033,0.878
448000,0.096,0.046,0.858
448500,0.102,0.061,0.837
449000,0.101,0.055,0.844
449500,0.086,0.057,0.857
450000,0.076,0.056,0.868
450500,0.077,0.068,0.855
451000,0.081,0.051,0.868
451500,0.085,0.057,0.859
452000,0.080,0.064,0.856
452500,0.079,0.070,0.851
453000,0.091,0.065,0.843
453500,0.092,0.071,0.837
454000,0.087,0.059,0.854
454500,0.074,0.051,0.874
455000,0.086,0.051,0.862
455500,0.091,0.060,0.849
456000,0.095,0.051,0.855
456500,0.092,0.037,0.870
457000,0.099,0.052,0.849
457500,0.102,0.041,0.856
458000,0.114,0.054,0.832
458500,0.103,0.062,0.835
459000,0.105,0.063,0.831
459500,0.107,0.050,0.842
460000,0.101,0.049,0.850
460500,0.093,0.047,0.860
461000,0.114,0.043,0.844
461500,0.111,0.032,0.857
462000,0.120,0.029,0.851
462500,0.114,0.043,0.844
463000,0.110,0.057,0.834
463500,0.109,0.043,0.848
464000,0.101,0.041,0.859
464500,0.103,0.033,0.863
465000,0.113,0.041,0.846
465500,0.101,0.040,0.860
466000,0.089,0.042,0.869
466500,0.095,0.041,0.865
467000,0.108,0.042,0.850
467500,0.111,0.036,0.853
468000,0.103,0.030,0.866
468500,0.095,0.028,0.878
469000,0.090,0.041,0.869
469500,0.101,0.057,0.843
470000,0.087,0.049,0.863
470500,0.101,0.044,0.855
471000,0.099,0.045,0.856
471500,0.103,0.051,0.846
472000,0.110,0.047,0.843
472500,0.126,0.037,0.837
473000,0.111,0.049,0.840
473500,0.107,0.050,0.843
474000,0.080,0.032,0.889
474500,0.087,0.058,0.855
475000,0.092,0.041,0.866
475500,0.093,0.042,0.866
476000,0.094,0.053,0.853
476500,0.096,0.041,0.863
477000,0.093,0.036,0.870
477500,0.097,0.039,0.864
478000,0.097,0.041,0.862
478500,0.107,0.043,0.849
479000,0.122,0.032,0.846
479500,0.128,0.034,0.839
480000,0.121,0.043,0.836
480500,0.120,0.043,0.837
481000,0.117,0.030,0.853
481500,0.117,0.035,0.849
482000,0.131,0.029,0.840
482500,0.111,0.026,0.863
483000,0.102,0.040,0.859
483500,0.104,0.043,0.854
484000,0.089,0.045,0.866
484500,0.111,0.050,0.840
485000,0.115,0.045,0.840
485500,0.099,0.045,0.856
486000,0.097,0.046,0.857
486500,0.090,0.043,0.866
487000,0.104,0.053,0.843
487500,0.103,0.052,0.845
488000,0.098,0.037,0.865
488500,0.120,0.053,0.826
489000,0.106,0.039,0.854
489500,0.090,0.061,0.849
490000,0.089,0.057,0.855
490500,0.087,0.052,0.861
491000,0.096,0.057,0.848
491500,0.114,0.041,0.846
492000,0.092,0.038,0.869
492500,0.102,0.032,0.865
493000,0.083,0.041,0.877
493500,0.110,0.046,0.844
494000,0.110,0.044,0.846
494500,0.103,0.041,0.855
495000,0.101,0.040,0.859
495500,0.100,0.035,0.866
496000,0.108,0.025,0.867
496500,0.096,0.029,0.875
497000,0.097,0.038,0.865
497500,0.102,0.031,0.867
498000,0.105,0.045,0.850
498500,0.117,0.049,0.835
499000,0.105,0.042,0.853
499500,0.105,0.032,0.862
500000,0.115,0.044,0.841
500500,0.125,0.041,0.835
501000,0.102,0.046,0.852
501500,0.102,0.052,0.846
502000,0.105,0.037,0.857
502500,0.111,0.033,0.856
503000,0.100,0.034,0.867
503500,0.106,0.029,0.864
504000,0.133,0.024,0.844
504500,0.110,0.030,0.860
505000,0.085,0.043,0.872
505500,0.102,0.036,0.862
506000,0.108,0.054,0.837
506500,0.097,0.040,0.864
507000,0.090,0.043,0.867
507500,0.089,0.040,0.870
508000,0.077,0.048,0.874
508500,0.102,0.036,0.862
509000,0.094,0.039,0.867
509500,0.089,0.044,0.867
510000,0.079,0.048,0.874
510500,0.089,0.051,0.859
511000,0.100,0.044,0.856
511500,0.104,0.046,0.849
512000,0.103,0.042,0.855
512500,0.104,0.060,0.836
513000,0.106,0.049,0.846
513500,0.120,0.032,0.848
514000,0.102,0.038,0.860
514500,0.112,0.050,0.839
515000,0.092,0.053,0.855
515500,0.099,0.046,0.855
516000,0.102,0.049,0.849
516500,0.099,0.040,0.862
517000,0.100,0.049,0.851
517500,0.106,0.041,0.853
518000,0.107,0.037,0.855
518500,0.090,0.050,0.861
519000,0.079,0.051,0.871
519500,0.092,0.055,0.853
520000,0.084,0.065,0.851
520500,0.078,0.060,0.862
521000,0.095,0.052,0.853
521500,0.092,0.045,0.862
522000,0.121,0.052,0.827
522500,0.120,0.035,0.844
523000,0.117,0.029,0.855
523500,0.129,0.031,0.840
524000,0.130,0.035,0.835
524500,0.125,0.039,0.836
525000,0.117,0.046,0.837
525500,0.101,0.060,0.839
526000,0.104,0.052,0.844
526500,0.098,0.047,0.855
527000,0.099,0.036,0.865
527500,0.100,0.037,0.863
528000,0.078,0.029,0.894
528500,0.090,0.048,0.862
529000,0.086,0.039,0.875
529500,0.104,0.047,0.848
530000,0.099,0.054,0.847
530500,0.104,0.045,0.850
531000,0.112,0.048,0.841
531500,0.133,0.046,0.821
532000,0.120,0.052,0.828
532500,0.105,0.062,0.833
533000,0.107,0.051,0.841
533500,0.079,0.079,0.843
534000,0.079,0.073,0.848
534500,0.082,0.072,0.847
535000,0.094,0.052,0.854
535500,0.096,0.041,0.863
536000,0.101,0.038,0.861
536500,0.091,0.056,0.854
537000,0.108,0.037,0.854
537500,0.097,0.050,0.854
538000,0.116,0.041,0.844
538500,0.105,0.050,0.844
539000,0.106,0.036,0.857
539500,0.123,0.030,0.847
540000,0.130,0.040,0.831
540500,0.105,0.045,0.849
541000,0.126,0.054,0.820
541500,0.118,0.050,0.832
542000,0.112,0.044,0.844
542500,0.120,0.030,0.850
543000,0.117,0.031,0.852
543500,0.119,0.035,0.846
544000,0.120,0.029,0.851
544500,0.124,0.031,0.844
545000,0.111,0.032,0.857
545500,0.107,0.035,0.859
546000,0.109,0.035,0.856
546500,0.093,0.032,0.876
547000,0.115,0.036,0.849
547500,0.118,0.029,0.853
548000,0.117,0.033,0.850
548500,0.123,0.033,0.845
549000,0.095,0.038,0.867
549500,0.102,0.049,0.850
550000,0.077,0.049,0.873
550500,0.105,0.040,0.855
551000,0.125,0.033,0.843
551500,0.125,0.035,0.840
552000,0.125,0.037,0.838
552500,0.119,0.035,0.846
553000,0.107,0.025,0.867
553500,0.097,0.027,0.876
554000,0.113,0.043,0.845
554500,0.102,0.045,0.853
555000,0.097,0.046,0.857
555500,0.104,0.037,0.858
556000,0.114,0.039,0.847
556500,0.112,0.041,0.848
557000,0.115,0.043,0.842
557500,0.112,0.042,0.847
558000,0.119,0.038,0.843
558500,0.106,0.038,0.855
559000,0.097,0.035,0.868
559500,0.111,0.021,0.868
560000,0.118,0.046,0.835
560500,0.112,0.043,0.845
561000,0.096,0.037,0.867
561500,0.088,0.052,0.859
562000,0.074,0.046,0.880
562500,0.092,0.039,0.868
563000,0.134,0.037,0.829
563500,0.111,0.045,0.844
564000,0.097,0.048,0.855
564500,0.112,0.042,0.846
565000,0.092,0.032,0.876
565500,0.077,0.038,0.884
566000,0.089,0.053,0.858
566500,0.104,0.047,0.849
567000,0.103,0.050,0.847
567500,0.112,0.066,0.823
568000,0.123,0.043,0.833
568500,0.110,0.042,0.848
569000,0.106,0.044,0.849
569500,0.138,0.044,0.818
570000,0.120,0.039,0.840
570500,0.121,0.035,0.844
571000,0.120,0.039,0.840
571500,0.108,0.035,0.857
572000,0.115,0.037,0.848
572500,0.109,0.045,0.846
573000,0.102,0.040,0.859
573500,0.111,0.028,0.862
574000,0.110,0.051,0.840
574500,0.093,0.050,0.858
575000,0.092,0.068,0.839
575500,0.108,0.044,0.847
576000,0.126,0.029,0.845
576500,0.134,0.034,0.832
577000,0.118,0.030,0.851
577500,0.131,0.019,0.850
578000,0.128,0.021,0.851
578500,0.147,0.022,0.831
579000,0.122,0.025,0.854
579500,0.121,0.026,0.853
580000,0.110,0.022,0.868
580500,0.103,0.036,0.860
581000,0.127,0.030,0.843
581500,0.124,0.031,0.845
582000,0.127,0.024,0.849
582500,0.111,0.026,0.863
583000,0.113,0.035,0.852
583500,0.122,0.030,0.848
584000,0.119,0.035,0.846
584500,0.114,0.034,0.853
585000,0.117,0.036,0.846
585500,0.108,0.055,0.836
586000,0.113,0.043,0.844
586500,0.112,0.047,0.841
587000,0.107,0.036,0.857
587500,0.108,0.041,0.851
588000,0.115,0.037,0.848
588500,0.113,0.062,0.825
589000,0.111,0.037,0.852
589500,0.109,0.038,0.853
590000,0.107,0.044,0.848
590500,0.117,0.038,0.845
591000,0.120,0.037,0.842
591500,0.103,0.036,0.861
592000,0.087,0.031,0.881
592500,0.103,0.060,0.837
593000,0.098,0.062,0.840
593500,0.095,0.054,0.851
594000,0.087,0.056,0.857
594500,0.083,0.068,0.849
595000,0.086,0.068,0.847
595500,0.077,0.059,0.864
596000,0.076,0.071,0.853
596500,0.083,0.064,0.853
597000,0.083,0.062,0.855
597500,0.090,0.054,0.855
598000,0.114,0.047,0.839
598500,0.101,0.034,0.865
599000,0.107,0.031,0.861
599500,0.121,0.034,0.845
600000,0.118,0.035,0.847
600500,0.095,0.026,0.879
601000,0.080,0.043,0.877
601500,0.091,0.045,0.864
602000,0.079,0.046,0.875
602500,0.086,0.067,0.848
603000,0.094,0.065,0.842
603500,0.087,0.054,0.858
604000,0.081,0.050,0.869
604500,0.100,0.039,0.861
605000,0.096,0.050,0.855
605500,0.106,0.035,0.859
606000,0.093,0.042,0.865
606500,0.104,0.049,0.847
607000,0.099,0.058,0.844
607500,0.104,0.065,0.831
608000,0.091,0.063,0.846
608500,0.104,0.049,0.848
609000,0.111,0.030,0.859
609500,0.100,0.043,0.858
610000,0.086,0.043,0.871
610500,0.088,0.036,0.875
611000,0.084,0.053,0.863
611500,0.099,0.037,0.864
612000,0.103,0.036,0.860
612500,0.122,0.030,0.848
613000,0.146,0.024,0.830
613500,0.160,0.018,0.822
614000,0.145,0.022,0.833
614500,0.134,0.033,0.834
615000,0.112,0.033,0.856
615500,0.109,0.042,0.850
616000,0.098,0.054,0.848
616500,0.109,0.036,0.855
617000,0.101,0.043,0.856
617500,0.122,0.037,0.840
618000,0.086,0.045,0.869
618500,0.083,0.050,0.868
619000,0.086,0.047,0.867
619500,0.094,0.060,0.846
620000,0.112,0.058,0.831
620500,0.098,0.045,0.857
621000,0.097,0.037,0.866
621500,0.086,0.053,0.860
622000,0.111,0.051,0.838
622500,0.106,0.041,0.853
623000,0.110,0.042,0.849
623500,0.086,0.067,0.848
624000,0.090,0.056,0.854
624500,0.103,0.037,0.859
625000,0.094,0.033,0.873
625500,0.099,0.036,0.865
626000,0.128,0.036,0.836
626500,0.120,0.051,0.829
627000,0.105,0.052,0.843
627500,0.101,0.045,0.854
628000,0.098,0.047,0.855
628500,0.123,0.041,0.836
629000,0.098,0.043,0.859
629500,0.095,0.042,0.864
630000,0.113,0.043,0.844
630500,0.110,0.037,0.853
631000,0.113,0.025,0.863
631500,0.115,0.033,0.852
632000,0.117,0.038,0.844
632500,0.109,0.041,0.851
633000,0.126,0.034,0.841
633500,0.108,0.024,0.869
634000,0.103,0.034,0.862
634500,0.108,0.039,0.852
635000,0.100,0.046,0.854
635500,0.116,0.037,0.847
636000,0.120,0.032,0.848
636500,0.121,0.036,0.843
637000,0.138,0.036,0.826
637500,0.125,0.036,0.839
638000,0.119,0.035,0.846
638500,0.114,0.026,0.860
639000,0.140,0.030,0.830
639500,0.128,0.040,0.833
640000,0.122,0.048,0.831
640500,0.105,0.049,0.845
641000,0.105,0.035,0.859
641500,0.106,0.051,0.843
642000,0.101,0.028,0.872
642500,0.102,0.040,0.859
643000,0.106,0.041,0.853
643500,0.087,0.050,0.863
644000,0.077,0.060,0.863
644500,0.083,0.062,0.855
645000,0.080,0.042,0.878
645500,0.079,0.049,0.873
646000,0.078,0.068,0.855
646500,0.076,0.071,0.852
647000,0.084,0.080,0.836
647500,0.083,0.090,0.828
648000,0.074,0.073,0.853
648500,0.078,0.055,0.867
649000,0.076,0.043,0.881
649500,0.089,0.038,0.873
650000,0.088,0.048,0.864
650500,0.119,0.051,0.831
651000,0.120,0.042,0.839
651500,0.099,0.040,0.861
652000,0.099,0.030,0.871
652500,0.113,0.035,0.852
653000,0.117,0.052,0.831
653500,0.106,0.051,0.842
654000,0.110,0.032,0.858
654500,0.105,0.021,0.873
655000,0.101,0.030,0.869
655500,0.100,0.035,0.865
656000,0.095,0.048,0.858
656500,0.097,0.035,0.868
657000,0.095,0.038,0.867
657500,0.095,0.040,0.866
658000,0.089,0.054,0.856
658500,0.093,0.038,0.869
659000,0.079,0.050,0.872
659500,0.095,0.046,0.859
660000,0.116,0.046,0.838
660500,0.105,0.045,0.850
661000,0.124,0.045,0.831
661500,0.130,0.044,0.827
662000,0.114,0.044,0.842
662500,0.097,0.043,0.860
663000,0.087,0.051,0.861
663500,0.117,0.043,0.839
664000,0.102,0.044,0.853
664500,0.108,0.036,0.855
665000,0.101,0.029,0.871
665500,0.079,0.050,0.872
666000,0.080,0.059,0.862
666500,0.096,0.056,0.848
667000,0.097,0.049,0.855
667500,0.103,0.054,0.842
668000,0.101,0.051,0.848
668500,0.093,0.048,0.859
669000,0.112,0.047,0.841
669500,0.127,0.043,0.830
670000,0.112,0.028,0.860
670500,0.106,0.029,0.864
671000,0.107,0.029,0.864
671500,0.122,0.037,0.840
672000,0.121,0.029,0.850
672500,0.119,0.023,0.858
673000,0.104,0.045,0.851
673500,0.095,0.035,0.870
674000,0.091,0.057,0.852
674500,0.097,0.060,0.843
675000,0.098,0.044,0.858
675500,0.093,0.051,0.855
676000,0.117,0.043,0.841
676500,0.130,0.038,0.832
677000,0.108,0.040,0.851
677500,0.107,0.032,0.860
678000,0.128,0.025,0.848
678500,0.141,0.019,0.840
679000,0.130,0.024,0.847
679500,0.101,0.041,0.858
680000,0.107,0.048,0.845
680500,0.099,0.038,0.863
681000,0.102,0.038,0.859
681500,0.085,0.042,0.874
682000,0.095,0.039,0.866
682500,0.093,0.054,0.852
683000,0.100,0.043,0.858
683500,0.103,0.041,0.856
684000,0.107,0.035,0.857
684500,0.120,0.033,0.848
685000,0.135,0.028,0.838
685500,0.120,0.035,0.844
686000,0.092,0.044,0.863
686500,0.114,0.040,0.847
687000,0.138,0.042,0.821
687500,0.112,0.036,0.852
688000,0.099,0.043,0.858
688500,0.083,0.044,0.873
689000,0.101,0.037,0.862
689500,0.102,0.036,0.862
690000,0.110,0.045,0.845
690500,0.103,0.058,0.839
691000,0.092,0.044,0.863
691500,0.111,0.039,0.850
692000,0.114,0.044,0.842
692500,0.105,0.046,0.848
693000,0.100,0.051,0.849
693500,0.103,0.043,0.854
694000,0.099,0.050,0.852
694500,0.121,0.051,0.828
695000,0.111,0.059,0.831
695500,0.126,0.045,0.829
696000,0.107,0.045,0.848
696500,0.099,0.059,0.843
697000,0.082,0.051,0.867
697500,0.068,0.062,0.871
698000,0.121,0.058,0.821
698500,0.110,0.060,0.830
699000,0.091,0.070,0.840
699500,0.075,0.065,0.860
700000,0.088,0.043,0.869
700500,0.085,0.052,0.863
701000,0.089,0.042,0.870
701500,0.077,0.039,0.883
702000,0.102,0.034,0.865
702500,0.101,0.059,0.840
703000,0.106,0.047,0.846
703500,0.095,0.043,0.862
704000,0.102,0.045,0.853
704500,0.101,0.048,0.852
705000,0.100,0.045,0.855
705500,0.112,0.036,0.852
706000,0.112,0.028,0.860
706500,0.113,0.025,0.862
707000,0.112,0.051,0.837
707500,0.104,0.031,0.864
708000,0.117,0.036,0.847
708500,0.106,0.043,0.851
709000,0.101,0.047,0.852
709500,0.094,0.066,0.841
710000,0.088,0.072,0.840
710500,0.087,0.067,0.846
711000,0.099,0.054,0.847
711500,0.104,0.051,0.845
712000,0.095,0.047,0.858
712500,0.125,0.043,0.832
713000,0.112,0.040,0.849
713500,0.104,0.037,0.859
714000,0.116,0.025,0.859
714500,0.114,0.049,0.838
715000,0.114,0.054,0.832
715500,0.120,0.049,0.830
716000,0.114,0.050,0.836
716500,0.107,0.043,0.851
717000,0.095,0.042,0.864
717500,0.097,0.060,0.843
718000,0.084,0.043,0.873
718500,0.090,0.034,0.875
719000,0.104,0.042,0.853
719500,0.108,0.039,0.852
720000,0.082,0.049,0.869
720500,0.095,0.039,0.866
721000,0.101,0.039,0.860
721500,0.114,0.033,0.854
722000,0.130,0.026,0.844
722500,0.123,0.043,0.834
723000,0.121,0.030,0.849
723500,0.127,0.030,0.843
724000,0.124,0.033,0.843
724500,0.113,0.030,0.857
725000,0.107,0.051,0.841
725500,0.109,0.036,0.855
726000,0.093,0.042,0.865
726500,0.093,0.063,0.844
727000,0.108,0.051,0.840
727500,0.104,0.046,0.849
728000,0.111,0.037,0.852
728500,0.102,0.030,0.867
729000,0.124,0.050,0.827
729500,0.142,0.036,0.821
730000,0.141,0.024,0.835
730500,0.103,0.040,0.856
731000,0.110,0.034,0.856
731500,0.110,0.026,0.864
732000,0.138,0.035,0.827
732500,0.116,0.035,0.850
733000,0.098,0.037,0.865
733500,0.100,0.042,0.858
734000,0.105,0.058,0.838
734500,0.104,0.047,0.848
735000,0.093,0.050,0.857
735500,0.092,0.054,0.853
736000,0.093,0.037,0.869
736500,0.106,0.034,0.861
737000,0.102,0.037,0.861
737500,0.095,0.037,0.868
738000,0.093,0.042,0.864
738500,0.111,0.034,0.855
739000,0.091,0.054,0.855
739500,0.104,0.034,0.861
740000,0.107,0.023,0.869
740500,0.106,0.039,0.854
741000,0.108,0.040,0.853
741500,0.099,0.037,0.864
742000,0.095,0.053,0.852
742500,0.106,0.039,0.854
743000,0.084,0.061,0.855
743500,0.092,0.057,0.851
744000,0.072,0.059,0.869
744500,0.088,0.058,0.853
745000,0.093,0.056,0.850
745500,0.114,0.052,0.834
746000,0.112,0.041,0.848
746500,0.115,0.043,0.842
747000,0.111,0.037,0.852
747500,0.114,0.044,0.842
748000,0.114,0.040,0.846
748500,0.112,0.043,0.845
749000,0.119,0.036,0.844
749500,0.103,0.048,0.850
750000,0.108,0.048,0.845
750500,0.103,0.051,0.846
751000,0.093,0.060,0.847
751500,0.075,0.058,0.867
752000,0.091,0.052,0.856
752500,0.107,0.042,0.852
753000,0.106,0.046,0.847
753500,0.098,0.052,0.850
754000,0.092,0.044,0.863
754500,0.102,0.049,0.850
755000,0.110,0.051,0.839
755500,0.108,0.045,0.847
756000,0.096,0.057,0.847
756500,0.085,0.063,0.852
757000,0.087,0.050,0.863
757500,0.086,0.055,0.858
758000,0.092,0.049,0.859
758500,0.095,0.039,0.866
759000,0.099,0.036,0.865
759500,0.101,0.035,0.864
760000,0.112,0.048,0.841
760500,0.111,0.037,0.852
761000,0.111,0.035,0.854
761500,0.108,0.034,0.858
762000,0.145,0.024,0.831
762500,0.115,0.025,0.861
763000,0.113,0.024,0.864
763500,0.115,0.030,0.855
764000,0.108,0.055,0.837
764500,0.097,0.053,0.850
765000,0.080,0.048,0.873
765500,0.073,0.059,0.868
766000,0.089,0.062,0.849
766500,0.081,0.066,0.854
767000,0.085,0.081,0.835
767500,0.091,0.058,0.851
768000,0.098,0.054,0.848
768500,0.115,0.056,0.830
769000,0.106,0.036,0.858
769500,0.102,0.023,0.874
770000,0.101,0.034,0.866
770500,0.093,0.037,0.870
771000,0.102,0.043,0.855
771500,0.101,0.058,0.841
772000,0.091,0.053,0.855
772500,0.098,0.052,0.850
773000,0.091,0.049,0.860
773500,0.104,0.050,0.846
774000,0.096,0.036,0.868
774500,0.099,0.050,0.852
775000,0.105,0.043,0.853
775500,0.119,0.051,0.830
776000,0.099,0.042,0.860
776500,0.096,0.045,0.859
777000,0.112,0.044,0.844
777500,0.118,0.029,0.853
778000,0.126,0.032,0.843
778500,0.127,0.041,0.833
779000,0.121,0.044,0.835
779500,0.117,0.037,0.846
780000,0.115,0.051,0.834
780500,0.105,0.040,0.856
781000,0.100,0.043,0.857
781500,0.099,0.043,0.858
782000,0.097,0.042,0.862
782500,0.102,0.045,0.853
783000,0.120,0.032,0.848
783500,0.116,0.035,0.849
784000,0.130,0.036,0.834
784500,0.112,0.048,0.840
785000,0.099,0.039,0.862
785500,0.093,0.049,0.859
786000,0.102,0.060,0.838
786500,0.109,0.048,0.843
787000,0.099,0.058,0.844
787500,0.122,0.051,0.828
788000,0.110,0.060,0.831
788500,0.092,0.061,0.846
789000,0.095,0.050,0.856
789500,0.089,0.046,0.865
790000,0.088,0.029,0.884
790500,0.111,0.053,0.836
791000,0.118,0.043,0.840
791500,0.107,0.025,0.868
792000,0.113,0.027,0.860
792500,0.122,0.034,0.843
793000,0.117,0.040,0.843
793500,0.148,0.043,0.808
794000,0.162,0.028,0.810
794500,0.141,0.018,0.842
795000,0.132,0.021,0.847
795500,0.152,0.019,0.829
796000,0.124,0.037,0.838
796500,0.120,0.029,0.851
797000,0.127,0.038,0.835
797500,0.113,0.041,0.846
798000,0.119,0.032,0.849
798500,0.118,0.041,0.842
799000,0.094,0.048,0.858
799500,0.110,0.036,0.854
800000,0.101,0.034,0.865
800500,0.100,0.036,0.864
801000,0.085,0.026,0.889
801500,0.102,0.025,0.872
802000,0.092,0.029,0.879
802500,0.100,0.046,0.854
803000,0.099,0.044,0.857
803500,0.094,0.063,0.843
804000,0.089,0.046,0.864
804500,0.085,0.054,0.861
805000,0.081,0.073,0.847
805500,0.079,0.059,0.863
806000,0.084,0.053,0.863
806500,0.103,0.048,0.849
807000,0.099,0.045,0.856
807500,0.111,0.038,0.851
808000,0.117,0.043,0.839
808500,0.110,0.043,0.847
809000,0.091,0.056,0.853
809500,0.089,0.054,0.857
810000,0.083,0.060,0.857
810500,0.099,0.058,0.843
811000,0.103,0.053,0.844
811500,0.104,0.048,0.848
812000,0.097,0.045,0.858
812500,0.105,0.035,0.859
813000,0.100,0.042,0.858
813500,0.112,0.030,0.858
814000,0.105,0.028,0.867
814500,0.093,0.046,0.861
815000,0.090,0.048,0.862
815500,0.089,0.041,0.870
816000,0.102,0.033,0.866
816500,0.092,0.032,0.876
817000,0.090,0.043,0.868
817500,0.093,0.035,0.871
818000,0.086,0.030,0.884
818500,0.101,0.034,0.866
819000,0.107,0.044,0.848
819500,0.089,0.058,0.853
820000,0.089,0.054,0.857
820500,0.090,0.055,0.855
821000,0.112,0.053,0.835
821500,0.115,0.047,0.838
822000,0.121,0.038,0.840
822500,0.122,0.032,0.846
823000,0.117,0.032,0.851
823500,0.103,0.043,0.854
824000,0.088,0.043,0.870
824500,0.090,0.049,0.861
825000,0.098,0.070,0.833
825500,0.095,0.050,0.856
826000,0.082,0.048,0.871
826500,0.085,0.045,0.870
827000,0.088,0.064,0.848
827500,0.086,0.056,0.857
828000,0.093,0.056,0.851
828500,0.101,0.044,0.855
829000,0.106,0.050,0.844
829500,0.110,0.050,0.840
830000,0.098,0.062,0.840
830500,0.089,0.072,0.839
831000,0.092,0.050,0.857
831500,0.086,0.072,0.843
832000,0.084,0.058,0.859
832500,0.092,0.049,0.859
833000,0.102,0.050,0.848
833500,0.088,0.053,0.858
834000,0.104,0.048,0.848
834500,0.116,0.038,0.846
835000,0.100,0.036,0.864
835500,0.097,0.031,0.872
836000,0.111,0.046,0.843
836500,0.121,0.032,0.847
837000,0.125,0.038,0.837
837500,0.114,0.035,0.851
838000,0.106,0.046,0.848
838500,0.114,0.047,0.839
839000,0.121,0.053,0.826
839500,0.126,0.035,0.840
840000,0.105,0.026,0.868
840500,0.112,0.042,0.847
841000,0.123,0.029,0.848
841500,0.117,0.028,0.855
842000,0.119,0.041,0.840
842500,0.108,0.041,0.850
843000,0.132,0.039,0.830
843500,0.123,0.040,0.837
844000,0.111,0.029,0.860
844500,0.093,0.058,0.849
845000,0.100,0.049,0.852
845500,0.123,0.035,0.841
846000,0.131,0.039,0.830
846500,0.128,0.024,0.849
847000,0.127,0.020,0.853
847500,0.115,0.025,0.861
848000,0.106,0.037,0.856
848500,0.117,0.030,0.853
849000,0.122,0.042,0.836
849500,0.113,0.035,0.852
850000,0.109,0.047,0.844
850500,0.116,0.025,0.860
851000,0.104,0.034,0.862
851500,0.100,0.033,0.867
852000,0.103,0.053,0.843
852500,0.101,0.049,0.850
853000,0.093,0.046,0.861
853500,0.097,0.035,0.869
854000,0.113,0.022,0.865
854500,0.112,0.031,0.857
855000,0.106,0.041,0.852
855500,0.115,0.036,0.849
856000,0.117,0.029,0.854
856500,0.127,0.027,0.846
857000,0.114,0.029,0.857
857500,0.112,0.030,0.858
858000,0.112,0.037,0.851
858500,0.110,0.029,0.861
859000,0.127,0.038,0.835
859500,0.105,0.044,0.850
860000,0.117,0.026,0.857
860500,0.119,0.032,0.849
861000,0.102,0.037,0.860
861500,0.108,0.042,0.850
862000,0.132,0.048,0.820
862500,0.127,0.033,0.840
863000,0.110,0.024,0.867
863500,0.129,0.025,0.847
864000,0.131,0.042,0.827
864500,0.108,0.037,0.854
865000,0.100,0.027,0.873
865500,0.114,0.033,0.853
866000,0.132,0.035,0.833
866500,0.121,0.043,0.835
867000,0.118,0.072,0.809
867500,0.119,0.050,0.832
868000,0.122,0.036,0.842
868500,0.110,0.054,0.836
869000,0.110,0.045,0.845
869500,0.108,0.044,0.847
870000,0.108,0.042,0.850
870500,0.112,0.042,0.846
871000,0.105,0.045,0.849
871500,0.126,0.035,0.840
872000,0.134,0.033,0.834
872500,0.157,0.019,0.824
873000,0.129,0.010,0.861
873500,0.124,0.026,0.849
874000,0.120,0.022,0.857
874500,0.142,0.024,0.834
875000,0.143,0.025,0.832
875500,0.121,0.038,0.841
876000,0.110,0.040,0.851
876500,0.117,0.049,0.835
877000,0.090,0.061,0.849
877500,0.088,0.069,0.844
878000,0.079,0.065,0.857
878500,0.083,0.059,0.859
879000,0.091,0.050,0.859
879500,0.086,0.050,0.864
880000,0.104,0.050,0.846
880500,0.105,0.048,0.847
881000,0.096,0.043,0.862
881500,0.097,0.042,0.862
882000,0.106,0.036,0.858
882500,0.127,0.035,0.839
883000,0.106,0.051,0.843
883500,0.115,0.052,0.833
884000,0.101,0.048,0.851
884500,0.114,0.051,0.836
885000,0.104,0.032,0.863
885500,0.123,0.026,0.851
886000,0.129,0.028,0.844
886500,0.110,0.043,0.848
887000,0.102,0.041,0.858
887500,0.099,0.038,0.863
888000,0.128,0.042,0.831
888500,0.143,0.024,0.833
889000,0.137,0.021,0.842
889500,0.121,0.025,0.853
890000,0.107,0.035,0.857
890500,0.111,0.038,0.851
891000,0.111,0.034,0.855
891500,0.119,0.029,0.853
892000,0.105,0.033,0.863
892500,0.108,0.043,0.848
893000,0.121,0.037,0.842
893500,0.107,0.053,0.839
894000,0.109,0.035,0.857
894500,0.118,0.043,0.839
895000,0.118,0.041,0.841
895500,0.126,0.045,0.829
896000,0.114,0.038,0.848
896500,0.098,0.034,0.869
897000,0.112,0.035,0.854
897500,0.122,0.044,0.834
898000,0.103,0.047,0.849
898500,0.110,0.036,0.854
899000,0.104,0.030,0.866
899500,0.121,0.032,0.847
900000,0.123,0.022,0.855
900500,0.110,0.043,0.848
901000,0.097,0.045,0.858
901500,0.130,0.038,0.833
902000,0.115,0.035,0.850
902500,0.116,0.034,0.851
903000,0.132,0.037,0.831
903500,0.131,0.032,0.838
904000,0.130,0.032,0.839
904500,0.127,0.022,0.851
905000,0.122,0.029,0.849
905500,0.107,0.032,0.861
906000,0.126,0.028,0.846
906500,0.127,0.026,0.847
907000,0.113,0.021,0.866
907500,0.137,0.028,0.835
908000,0.123,0.032,0.845
908500,0.130,0.038,0.832
909000,0.154,0.033,0.813
909500,0.138,0.029,0.833
910000,0.111,0.041,0.849
910500,0.120,0.038,0.842
911000,0.126,0.032,0.843
911500,0.109,0.026,0.865
912000,0.111,0.043,0.846
912500,0.100,0.036,0.864
913000,0.117,0.033,0.850
913500,0.118,0.047,0.835
914000,0.112,0.033,0.855
914500,0.118,0.037,0.845
915000,0.122,0.037,0.840
915500,0.121,0.041,0.838
916000,0.116,0.060,0.825
916500,0.099,0.058,0.844
917000,0.091,0.039,0.869
917500,0.095,0.046,0.859
918000,0.081,0.032,0.887
918500,0.079,0.043,0.878
919000,0.080,0.040,0.880
919500,0.095,0.052,0.853
920000,0.103,0.050,0.846
920500,0.112,0.042,0.847
921000,0.115,0.028,0.857
921500,0.114,0.034,0.853
922000,0.105,0.049,0.847
922500,0.118,0.050,0.832
923000,0.098,0.043,0.859
923500,0.124,0.042,0.834
924000,0.122,0.043,0.834
924500,0.096,0.056,0.848
925000,0.105,0.046,0.848
925500,0.090,0.051,0.859
926000,0.091,0.050,0.859
926500,0.103,0.048,0.849
927000,0.110,0.051,0.839
927500,0.095,0.051,0.855
928000,0.111,0.046,0.843
928500,0.118,0.026,0.856
929000,0.127,0.025,0.848
929500,0.128,0.021,0.852
930000,0.123,0.026,0.851
930500,0.114,0.029,0.858
931000,0.093,0.044,0.862
931500,0.103,0.046,0.851
932000,0.108,0.037,0.855
932500,0.095,0.044,0.861
933000,0.091,0.059,0.850
933500,0.087,0.053,0.859
934000,0.082,0.055,0.863
934500,0.084,0.048,0.868
935000,0.113,0.034,0.853
935500,0.108,0.042,0.849
936000,0.136,0.043,0.821
936500,0.114,0.036,0.850
937000,0.098,0.042,0.860
937500,0.097,0.034,0.869
938000,0.091,0.036,0.873
938500,0.088,0.059,0.854
939000,0.081,0.063,0.857
939500,0.085,0.051,0.865
940000,0.097,0.046,0.857
940500,0.117,0.042,0.842
941000,0.118,0.035,0.848
941500,0.113,0.037,0.850
942000,0.119,0.028,0.853
942500,0.124,0.024,0.852
943000,0.110,0.035,0.855
943500,0.107,0.034,0.858
944000,0.103,0.043,0.855
944500,0.103,0.048,0.848
945000,0.086,0.046,0.867
945500,0.091,0.051,0.859
946000,0.108,0.052,0.839
946500,0.103,0.046,0.851
947000,0.095,0.064,0.841
947500,0.088,0.063,0.849
948000,0.089,0.059,0.851
948500,0.083,0.055,0.862
949000,0.108,0.050,0.841
949500,0.109,0.054,0.837
950000,0.096,0.052,0.852
950500,0.106,0.049,0.845
951000,0.094,0.048,0.859
951500,0.103,0.043,0.854
952000,0.106,0.063,0.831
952500,0.096,0.062,0.842
953000,0.089,0.046,0.864
953500,0.115,0.044,0.841
954000,0.108,0.041,0.851
954500,0.104,0.051,0.844
955000,0.114,0.044,0.842
955500,0.106,0.054,0.840
956000,0.106,0.050,0.845
956500,0.096,0.053,0.851
957000,0.097,0.043,0.860
957500,0.089,0.058,0.853
958000,0.086,0.053,0.861
958500,0.099,0.045,0.856
959000,0.095,0.041,0.865
959500,0.092,0.057,0.851
960000,0.089,0.050,0.861
960500,0.107,0.049,0.845
961000,0.102,0.042,0.856
961500,0.112,0.030,0.858
962000,0.112,0.030,0.858
962500,0.101,0.031,0.868
963000,0.091,0.039,0.870
963500,0.101,0.041,0.859
964000,0.101,0.032,0.867
964500,0.117,0.032,0.851
965000,0.122,0.032,0.846
965500,0.110,0.021,0.869
966000,0.120,0.021,0.860
966500,0.116,0.037,0.847
967000,0.112,0.031,0.857
967500,0.123,0.038,0.839
968000,0.115,0.036,0.849
968500,0.120,0.021,0.860
969000,0.107,0.026,0.867
969500,0.098,0.030,0.872
970000,0.113,0.028,0.859
970500,0.127,0.041,0.832
971000,0.121,0.033,0.846
971500,0.120,0.026,0.853
972000,0.121,0.030,0.848
972500,0.145,0.034,0.822
973000,0.110,0.030,0.860
973500,0.122,0.031,0.846
974000,0.119,0.036,0.844
974500,0.111,0.043,0.847
975000,0.095,0.043,0.862
975500,0.095,0.042,0.864
976000,0.097,0.044,0.859
976500,0.107,0.034,0.860
977000,0.100,0.051,0.849
977500,0.111,0.056,0.834
978000,0.116,0.072,0.812
978500,0.098,0.053,0.849
979000,0.079,0.056,0.866
979500,0.101,0.047,0.852
980000,0.110,0.039,0.851
980500,0.113,0.031,0.856
981000,0.117,0.014,0.869
981500,0.122,0.018,0.859
982000,0.127,0.021,0.853
982500,0.133,0.025,0.843
983000,0.115,0.042,0.844
983500,0.108,0.048,0.844
984000,0.111,0.058,0.831
984500,0.103,0.061,0.836
985000,0.096,0.074,0.830
985500,0.094,0.065,0.842
986000,0.087,0.060,0.853
986500,0.098,0.059,0.843
987000,0.095,0.045,0.860
987500,0.080,0.046,0.874
988000,0.086,0.067,0.847
988500,0.090,0.049,0.861
989000,0.092,0.036,0.872
989500,0.084,0.065,0.852
990000,0.087,0.067,0.847
990500,0.092,0.050,0.858
991000,0.101,0.045,0.854
991500,0.100,0.032,0.868
992000,0.120,0.040,0.840
992500,0.109,0.059,0.832
993000,0.141,0.056,0.802
993500,0.136,0.035,0.829
994000,0.119,0.043,0.838
994500,0.103,0.051,0.846
995000,0.089,0.051,0.860
995500,0.110,0.060,0.830
996000,0.096,0.048,0.857
996500,0.093,0.044,0.862
997000,0.102,0.034,0.863
997500,0.103,0.052,0.845
998000,0.106,0.057,0.837
998500,0.114,0.047,0.839
999000,0.103,0.034,0.862
999500,0.106,0.038,0.856
1000000,0.104,0.043,0.853
