time,n_A+p,n_B,n_AB
500,0.072,0.059,0.869
1000,0.404,0.000,0.596
1500,0.314,0.000,0.686
2000,0.409,0.000,0.591
2500,0.417,0.000,0.583
3000,0.418,0.000,0.582
3500,0.311,0.000,0.689
4000,0.387,0.000,0.613
4500,0.427,0.000,0.573
5000,0.323,0.000,0.677
5500,0.426,0.000,0.574
6000,0.438,0.000,0.562
6500,0.490,0.000,0.510
7000,0.424,0.000,0.576
7500,0.262,0.000,0.738
8000,0.344,0.000,0.656
8500,0.425,0.000,0.575
9000,0.368,0.000,0.632
9500,0.393,0.000,0.607
10000,0.440,0.000,0.560
10500,0.429,0.000,0.571
11000,0.350,0.000,0.650
11500,0.260,0.000,0.740
12000,0.397,0.000,0.603
12500,0.491,0.000,0.509
13000,0.363,0.000,0.637
13500,0.296,0.000,0.704
14000,0.420,0.000,0.580
14500,0.314,0.000,0.686
15000,0.401,0.000,0.599
15500,0.369,0.000,0.631
16000,0.395,0.000,0.605
16500,0.461,0.000,0.539
17000,0.444,0.000,0.556
17500,0.366,0.000,0.634
18000,0.314,0.000,0.686
18500,0.382,0.000,0.618
19000,0.404,0.000,0.596
19500,0.277,0.000,0.723
20000,0.444,0.000,0.556
20500,0.510,0.000,0.490
21000,0.308,0.000,0.692
21500,0.531,0.000,0.469
22000,0.560,0.000,0.440
22500,0.466,0.000,0.534
23000,0.353,0.000,0.647
23500,0.388,0.000,0.612
24000,0.424,0.000,0.576
24500,0.485,0.000,0.515
25000,0.335,0.000,0.665
25500,0.538,0.000,0.462
26000,0.317,0.000,0.683
26500,0.633,0.000,0.367
27000,0.422,0.000,0.578
27500,0.445,0.000,0.555
28000,0.336,0.000,0.664
28500,0.298,0.000,0.702
29000,0.449,0.000,0.551
29500,0.477,0.000,0.523
30000,0.403,0.000,0.597
30500,0.507,0.000,0.493
31000,0.475,0.000,0.525
31500,0.631,0.000,0.369
32000,0.427,0.000,0.573
32500,0.375,0.000,0.625
33000,0.497,0.000,0.503
33500,0.489,0.000,0.511
34000,0.527,0.000,0.473
34500,0.579,0.000,0.421
35000,0.387,0.000,0.613
35500,0.390,0.000,0.610
36000,0.633,0.000,0.367
36500,0.473,0.000,0.527
37000,0.242,0.000,0.758
37500,0.516,0.000,0.484
38000,0.442,0.000,0.558
38500,0.526,0.000,0.474
39000,0.485,0.000,0.515
39500,0.409,0.000,0.591
40000,0.493,0.000,0.507
40500,0.434,0.000,0.566
41000,0.366,0.000,0.634
41500,0.470,0.000,0.530
42000,0.456,0.000,0.544
42500,0.247,0.000,0.753
43000,0.426,0.000,0.574
43500,0.434,0.000,0.566
44000,0.351,0.000,0.649
44500,0.463,0.000,0.537
45000,0.369,0.000,0.631
45500,0.331,0.000,0.669
46000,0.422,0.000,0.578
46500,0.389,0.000,0.611
47000,0.371,0.000,0.629
47500,0.486,0.000,0.514
48000,0.473,0.000,0.527
48500,0.394,0.000,0.606
49000,0.646,0.000,0.354
49500,0.598,0.000,0.402
50000,0.445,0.000,0.555
50500,0.384,0.000,0.616
51000,0.319,0.000,0.681
51500,0.444,0.000,0.556
52000,0.656,0.000,0.344
52500,0.255,0.000,0.745
53000,0.436,0.000,0.564
53500,0.351,0.000,0.649
54000,0.475,0.000,0.525
54500,0.523,0.000,0.477
55000,0.363,0.000,0.637
55500,0.409,0.000,0.591
56000,0.543,0.000,0.457
56500,0.464,0.000,0.536
57000,0.453,0.000,0.547
57500,0.323,0.000,0.677
58000,0.303,0.000,0.697
58500,0.536,0.000,0.464
59000,0.382,0.000,0.618
59500,0.496,0.000,0.504
60000,0.472,0.000,0.528
60500,0.394,0.000,0.606
61000,0.613,0.000,0.387
61500,0.566,0.000,0.434
62000,0.335,0.000,0.665
62500,0.540,0.000,0.460
63000,0.435,0.000,0.565
63500,0.524,0.000,0.476
64000,0.399,0.000,0.601
64500,0.428,0.000,0.572
65000,0.488,0.000,0.512
65500,0.525,0.000,0.475
66000,0.468,0.000,0.532
66500,0.523,0.000,0.477
67000,0.454,0.000,0.546
67500,0.380,0.000,0.620
68000,0.387,0.000,0.613
68500,0.452,0.000,0.548
69000,0.317,0.000,0.683
69500,0.482,0.000,0.518
70000,0.450,0.000,0.550
70500,0.414,0.000,0.586
71000,0.272,0.000,0.728
71500,0.573,0.000,0.427
72000,0.596,0.000,0.404
72500,0.495,0.000,0.505
73000,0.396,0.000,0.604
73500,0.537,0.000,0.463
74000,0.357,0.000,0.643
74500,0.479,0.000,0.521
75000,0.456,0.000,0.544
75500,0.416,0.000,0.584
76000,0.556,0.000,0.444
76500,0.569,0.000,0.431
77000,0.548,0.000,0.452
77500,0.379,0.000,0.621
78000,0.323,0.000,0.677
78500,0.572,0.000,0.428
79000,0.537,0.000,0.463
79500,0.530,0.000,0.470
80000,0.391,0.000,0.609
80500,0.404,0.000,0.596
81000,0.380,0.000,0.620
81500,0.336,0.000,0.664
82000,0.371,0.000,0.629
82500,0.437,0.000,0.563
83000,0.455,0.000,0.545
83500,0.521,0.000,0.479
84000,0.550,0.000,0.450
84500,0.424,0.000,0.576
85000,0.391,0.000,0.609
85500,0.461,0.000,0.539
86000,0.558,0.000,0.442
86500,0.542,0.000,0.458
87000,0.435,0.000,0.565
87500,0.552,0.000,0.448
88000,0.346,0.000,0.654
88500,0.514,0.000,0.486
89000,0.233,0.000,0.767
89500,0.335,0.000,0.665
90000,0.411,0.000,0.589
90500,0.368,0.000,0.632
91000,0.546,0.000,0.454
91500,0.380,0.000,0.620
92000,0.410,0.000,0.590
92500,0.521,0.000,0.479
93000,0.694,0.000,0.306
93500,0.637,0.000,0.363
94000,0.442,0.000,0.558
94500,0.615,0.000,0.385
95000,0.465,0.000,0.535
95500,0.393,0.000,0.607
96000,0.402,0.000,0.598
96500,0.364,0.000,0.636
97000,0.388,0.000,0.612
97500,0.267,0.000,0.733
98000,0.506,0.000,0.494
98500,0.390,0.000,0.610
99000,0.460,0.000,0.540
99500,0.281,0.000,0.719
100000,0.427,0.000,0.573
100500,0.415,0.000,0.585
101000,0.394,0.000,0.606
101500,0.527,0.000,0.473
102000,0.522,0.000,0.478
102500,0.453,0.000,0.547
103000,0.361,0.000,0.639
103500,0.462,0.000,0.538
104000,0.534,0.000,0.466
104500,0.450,0.000,0.550
105000,0.399,0.000,0.601
105500,0.393,0.000,0.607
106000,0.527,0.000,0.473
106500,0.514,0.000,0.486
107000,0.380,0.000,0.620
107500,0.510,0.000,0.490
108000,0.632,0.000,0.368
108500,0.309,0.000,0.691
109000,0.348,0.000,0.652
109500,0.355,0.000,0.645
110000,0.361,0.000,0.639
110500,0.355,0.000,0.645
111000,0.407,0.000,0.593
111500,0.362,0.000,0.638
112000,0.344,0.000,0.656
112500,0.543,0.000,0.457
113000,0.458,0.000,0.542
113500,0.519,0.000,0.481
114000,0.457,0.000,0.543
114500,0.502,0.000,0.498
115000,0.273,0.000,0.727
115500,0.397,0.000,0.603
116000,0.339,0.000,0.661
116500,0.419,0.000,0.581
117000,0.358,0.000,0.642
117500,0.367,0.000,0.633
118000,0.595,0.000,0.405
118500,0.391,0.000,0.609
119000,0.409,0.000,0.591
119500,0.403,0.000,0.597
120000,0.558,0.000,0.442
120500,0.379,0.000,0.621
121000,0.452,0.000,0.548
121500,0.557,0.000,0.443
122000,0.568,0.000,0.432
122500,0.398,0.000,0.602
123000,0.417,0.000,0.583
123500,0.344,0.000,0.656
124000,0.454,0.000,0.546
124500,0.481,0.000,0.519
125000,0.510,0.000,0.490
125500,0.446,0.000,0.554
126000,0.380,0.000,0.620
126500,0.594,0.000,0.406
127000,0.402,0.000,0.598
127500,0.320,0.000,0.680
128000,0.597,0.000,0.403
128500,0.403,0.000,0.597
129000,0.514,0.000,0.486
129500,0.400,0.000,0.600
130000,0.327,0.000,0.673
130500,0.235,0.000,0.765
131000,0.428,0.000,0.572
131500,0.496,0.000,0.504
132000,0.368,0.000,0.632
132500,0.466,0.000,0.534
133000,0.356,0.000,0.644
133500,0.364,0.000,0.636
134000,0.419,0.000,0.581
134500,0.515,0.000,0.485
135000,0.251,0.000,0.749
135500,0.412,0.000,0.588
136000,0.333,0.000,0.667
136500,0.270,0.000,0.730
137000,0.413,0.000,0.587
137500,0.429,0.000,0.571
138000,0.265,0.000,0.735
138500,0.508,0.000,0.492
139000,0.514,0.000,0.486
139500,0.476,0.000,0.524
140000,0.371,0.000,0.629
140500,0.277,0.000,0.723
141000,0.571,0.000,0.429
141500,0.350,0.000,0.650
142000,0.606,0.000,0.394
142500,0.419,0.000,0.581
143000,0.407,0.000,0.593
143500,0.343,0.000,0.657
144000,0.322,0.000,0.678
144500,0.435,0.000,0.565
145000,0.347,0.000,0.653
145500,0.458,0.000,0.542
146000,0.400,0.000,0.600
146500,0.407,0.000,0.593
147000,0.505,0.000,0.495
147500,0.498,0.000,0.502
148000,0.341,0.000,0.659
148500,0.422,0.000,0.578
149000,0.418,0.000,0.582
149500,0.407,0.000,0.593
150000,0.435,0.000,0.565
150500,0.413,0.000,0.587
151000,0.410,0.000,0.590
151500,0.425,0.000,0.575
152000,0.339,0.000,0.661
152500,0.431,0.000,0.569
153000,0.383,0.000,0.617
153500,0.381,0.000,0.619
154000,0.397,0.000,0.603
154500,0.471,0.000,0.529
155000,0.473,0.000,0.527
155500,0.429,0.000,0.571
156000,0.485,0.000,0.515
156500,0.385,0.000,0.615
157000,0.328,0.000,0.672
157500,0.460,0.000,0.540
158000,0.343,0.000,0.657
158500,0.403,0.000,0.597
159000,0.384,0.000,0.616
159500,0.395,0.000,0.605
160000,0.593,0.000,0.407
160500,0.457,0.000,0.543
161000,0.552,0.000,0.448
161500,0.542,0.000,0.458
162000,0.391,0.000,0.609
162500,0.281,0.000,0.719
163000,0.338,0.000,0.662
163500,0.424,0.000,0.576
164000,0.376,0.000,0.624
164500,0.330,0.000,0.670
165000,0.432,0.000,0.568
165500,0.350,0.000,0.650
166000,0.552,0.000,0.448
166500,0.272,0.000,0.728
167000,0.413,0.000,0.587
167500,0.449,0.000,0.551
168000,0.354,0.000,0.646
168500,0.399,0.000,0.601
169000,0.549,0.000,0.451
169500,0.459,0.000,0.541
170000,0.362,0.000,0.638
170500,0.436,0.000,0.564
171000,0.374,0.000,0.626
171500,0.367,0.000,0.633
172000,0.347,0.000,0.653
172500,0.364,0.000,0.636
173000,0.418,0.000,0.582
173500,0.351,0.000,0.649
174000,0.418,0.000,0.582
174500,0.300,0.000,0.700
175000,0.257,0.000,0.743
175500,0.408,0.000,0.592
176000,0.359,0.000,0.641
176500,0.370,0.000,0.630
177000,0.401,0.000,0.599
177500,0.457,0.000,0.543
178000,0.431,0.000,0.569
178500,0.337,0.000,0.663
179000,0.392,0.000,0.608
179500,0.326,0.000,0.674
180000,0.325,0.000,0.675
180500,0.300,0.000,0.700
181000,0.382,0.000,0.618
181500,0.513,0.000,0.487
182000,0.338,0.000,0.662
182500,0.461,0.000,0.539
183000,0.346,0.000,0.654
183500,0.449,0.000,0.551
184000,0.404,0.000,0.596
184500,0.353,0.000,0.647
185000,0.358,0.000,0.642
185500,0.484,0.000,0.516
186000,0.456,0.000,0.544
186500,0.423,0.000,0.577
187000,0.460,0.000,0.540
187500,0.401,0.000,0.599
188000,0.340,0.000,0.660
188500,0.509,0.000,0.491
189000,0.355,0.000,0.645
189500,0.540,0.000,0.460
190000,0.515,0.000,0.485
190500,0.413,0.000,0.587
191000,0.256,0.000,0.744
191500,0.540,0.000,0.460
192000,0.535,0.000,0.465
192500,0.551,0.000,0.449
193000,0.494,0.000,0.506
193500,0.415,0.000,0.585
194000,0.509,0.000,0.491
194500,0.466,0.000,0.534
195000,0.554,0.000,0.446
195500,0.400,0.000,0.600
196000,0.412,0.000,0.588
196500,0.547,0.000,0.453
197000,0.346,0.000,0.654
197500,0.248,0.000,0.752
198000,0.471,0.000,0.529
198500,0.374,0.000,0.626
199000,0.463,0.000,0.537
199500,0.245,0.000,0.755
200000,0.440,0.000,0.560
200500,0.482,0.000,0.518
201000,0.419,0.000,0.581
201500,0.566,0.000,0.434
202000,0.417,0.000,0.583
202500,0.390,0.000,0.610
203000,0.357,0.000,0.643
203500,0.290,0.000,0.710
204000,0.485,0.000,0.515
204500,0.384,0.000,0.616
205000,0.521,0.000,0.479
205500,0.378,0.000,0.622
206000,0.387,0.000,0.613
206500,0.481,0.000,0.519
207000,0.247,0.000,0.753
207500,0.659,0.000,0.341
208000,0.453,0.000,0.547
208500,0.419,0.000,0.581
209000,0.334,0.000,0.666
209500,0.344,0.000,0.656
210000,0.427,0.000,0.573
210500,0.467,0.000,0.533
211000,0.447,0.000,0.553
211500,0.426,0.000,0.574
212000,0.553,0.000,0.447
212500,0.502,0.000,0.498
213000,0.462,0.000,0.538
213500,0.447,0.000,0.553
214000,0.439,0.000,0.561
214500,0.423,0.000,0.577
215000,0.449,0.000,0.551
215500,0.469,0.000,0.531
216000,0.447,0.000,0.553
216500,0.337,0.000,0.663
217000,0.431,0.000,0.569
217500,0.404,0.000,0.596
218000,0.480,0.000,0.520
218500,0.378,0.000,0.622
219000,0.380,0.000,0.620
219500,0.602,0.000,0.398
220000,0.422,0.000,0.578
220500,0.399,0.000,0.601
221000,0.429,0.000,0.571
221500,0.527,0.000,0.473
222000,0.409,0.000,0.591
222500,0.594,0.000,0.406
223000,0.400,0.000,0.600
223500,0.402,0.000,0.598
224000,0.285,0.000,0.715
224500,0.524,0.000,0.476
225000,0.483,0.000,0.517
225500,0.407,0.000,0.593
226000,0.417,0.000,0.583
226500,0.417,0.000,0.583
227000,0.373,0.000,0.627
227500,0.530,0.000,0.470
228000,0.445,0.000,0.555
228500,0.330,0.000,0.670
229000,0.472,0.000,0.528
229500,0.514,0.000,0.486
230000,0.302,0.000,0.698
230500,0.406,0.000,0.594
231000,0.301,0.000,0.699
231500,0.306,0.000,0.694
232000,0.418,0.000,0.582
232500,0.551,0.000,0.449
233000,0.391,0.000,0.609
233500,0.685,0.000,0.315
234000,0.429,0.000,0.571
234500,0.431,0.000,0.569
235000,0.491,0.000,0.509
235500,0.481,0.000,0.519
236000,0.515,0.000,0.485
236500,0.661,0.000,0.339
237000,0.461,0.000,0.539
237500,0.526,0.000,0.474
238000,0.428,0.000,0.572
238500,0.417,0.000,0.583
239000,0.416,0.000,0.584
239500,0.554,0.000,0.446
240000,0.331,0.000,0.669
240500,0.564,0.000,0.436
241000,0.366,0.000,0.634
241500,0.401,0.000,0.599
242000,0.358,0.000,0.642
242500,0.485,0.000,0.515
243000,0.502,0.000,0.498
243500,0.379,0.000,0.621
244000,0.436,0.000,0.564
244500,0.312,0.000,0.688
245000,0.328,0.000,0.672
245500,0.509,0.000,0.491
246000,0.748,0.000,0.252
246500,0.507,0.000,0.493
247000,0.344,0.000,0.656
247500,0.467,0.000,0.533
248000,0.400,0.000,0.600
248500,0.468,0.000,0.532
249000,0.387,0.000,0.613
249500,0.420,0.000,0.580
250000,0.478,0.000,0.522
250500,0.287,0.000,0.713
251000,0.390,0.000,0.610
251500,0.404,0.000,0.596
252000,0.460,0.000,0.540
252500,0.376,0.000,0.624
253000,0.438,0.000,0.562
253500,0.537,0.000,0.463
254000,0.607,0.000,0.393
254500,0.385,0.000,0.615
255000,0.367,0.000,0.633
255500,0.422,0.000,0.578
256000,0.372,0.000,0.628
256500,0.360,0.000,0.640
257000,0.369,0.000,0.631
257500,0.459,0.000,0.541
258000,0.286,0.000,0.714
258500,0.283,0.000,0.717
259000,0.354,0.000,0.646
259500,0.354,0.000,0.646
260000,0.419,0.000,0.581
260500,0.550,0.000,0.450
261000,0.473,0.000,0.527
261500,0.300,0.000,0.700
262000,0.394,0.000,0.606
262500,0.427,0.000,0.573
263000,0.334,0.000,0.666
263500,0.390,0.000,0.610
264000,0.353,0.000,0.647
264500,0.473,0.000,0.527
265000,0.532,0.000,0.468
265500,0.330,0.000,0.670
266000,0.348,0.000,0.652
266500,0.528,0.000,0.472
267000,0.318,0.000,0.682
267500,0.320,0.000,0.680
268000,0.434,0.000,0.566
268500,0.429,0.000,0.571
269000,0.510,0.000,0.490
269500,0.513,0.000,0.487
270000,0.391,0.000,0.609
270500,0.521,0.000,0.479
271000,0.421,0.000,0.579
271500,0.304,0.000,0.696
272000,0.305,0.000,0.695
272500,0.368,0.000,0.632
273000,0.500,0.000,0.500
273500,0.417,0.000,0.583
274000,0.464,0.000,0.536
274500,0.409,0.000,0.591
275000,0.355,0.000,0.645
275500,0.459,0.000,0.541
276000,0.452,0.000,0.548
276500,0.326,0.000,0.674
277000,0.460,0.000,0.540
277500,0.525,0.000,0.475
278000,0.492,0.000,0.508
278500,0.587,0.000,0.413
279000,0.441,0.000,0.559
279500,0.511,0.000,0.489
280000,0.490,0.000,0.510
280500,0.517,0.000,0.483
281000,0.458,0.000,0.542
281500,0.397,0.000,0.603
282000,0.495,0.000,0.505
282500,0.371,0.000,0.629
283000,0.469,0.000,0.531
283500,0.346,0.000,0.654
284000,0.468,0.000,0.532
284500,0.582,0.000,0.418
285000,0.357,0.000,0.643
285500,0.561,0.000,0.439
286000,0.440,0.000,0.560
286500,0.527,0.000,0.473
287000,0.641,0.000,0.359
287500,0.473,0.000,0.527
288000,0.406,0.000,0.594
288500,0.465,0.000,0.535
289000,0.304,0.000,0.696
289500,0.525,0.000,0.475
290000,0.294,0.000,0.706
290500,0.462,0.000,0.538
291000,0.521,0.000,0.479
291500,0.431,0.000,0.569
292000,0.410,0.000,0.590
292500,0.303,0.000,0.697
293000,0.592,0.000,0.408
293500,0.309,0.000,0.691
294000,0.438,0.000,0.562
294500,0.644,0.000,0.356
295000,0.477,0.000,0.523
295500,0.321,0.000,0.679
296000,0.461,0.000,0.539
296500,0.583,0.000,0.417
297000,0.406,0.000,0.594
297500,0.384,0.000,0.616
298000,0.387,0.000,0.613
298500,0.364,0.000,0.636
299000,0.331,0.000,0.669
299500,0.499,0.000,0.501
300000,0.367,0.000,0.633
300500,0.442,0.000,0.558
301000,0.527,0.000,0.473
301500,0.348,0.000,0.652
302000,0.390,0.000,0.610
302500,0.328,0.000,0.672
303000,0.395,0.000,0.605
303500,0.506,0.000,0.494
304000,0.316,0.000,0.684
304500,0.405,0.000,0.595
305000,0.451,0.000,0.549
305500,0.410,0.000,0.590
306000,0.473,0.000,0.527
306500,0.518,0.000,0.482
307000,0.498,0.000,0.502
307500,0.523,0.000,0.477
308000,0.453,0.000,0.547
308500,0.385,0.000,0.615
309000,0.383,0.000,0.617
309500,0.342,0.000,0.658
310000,0.361,0.000,0.639
310500,0.342,0.000,0.658
311000,0.535,0.000,0.465
311500,0.505,0.000,0.495
312000,0.347,0.000,0.653
312500,0.437,0.000,0.563
313000,0.328,0.000,0.672
313500,0.375,0.000,0.625
314000,0.371,0.000,0.629
314500,0.469,0.000,0.531
315000,0.352,0.000,0.648
315500,0.292,0.000,0.708
316000,0.485,0.000,0.515
316500,0.532,0.000,0.468
317000,0.390,0.000,0.610
317500,0.360,0.000,0.640
318000,0.530,0.000,0.470
318500,0.383,0.000,0.617
319000,0.292,0.000,0.708
319500,0.541,0.000,0.459
320000,0.351,0.000,0.649
320500,0.503,0.000,0.497
321000,0.340,0.000,0.660
321500,0.429,0.000,0.571
322000,0.252,0.000,0.748
322500,0.347,0.000,0.653
323000,0.458,0.000,0.542
323500,0.381,0.000,0.619
324000,0.382,0.000,0.618
324500,0.366,0.000,0.634
325000,0.308,0.000,0.692
325500,0.357,0.000,0.643
326000,0.357,0.000,0.643
326500,0.447,0.000,0.553
327000,0.345,0.000,0.655
327500,0.495,0.000,0.505
328000,0.440,0.000,0.560
328500,0.464,0.000,0.536
329000,0.355,0.000,0.645
329500,0.413,0.000,0.587
330000,0.319,0.000,0.681
330500,0.490,0.000,0.510
331000,0.405,0.000,0.595
331500,0.608,0.000,0.392
332000,0.439,0.000,0.561
332500,0.246,0.000,0.754
333000,0.413,0.000,0.587
333500,0.433,0.000,0.567
334000,0.508,0.000,0.492
334500,0.363,0.000,0.637
335000,0.462,0.000,0.538
335500,0.396,0.000,0.604
336000,0.379,0.000,0.621
336500,0.371,0.000,0.629
337000,0.378,0.000,0.622
337500,0.565,0.000,0.435
338000,0.438,0.000,0.562
338500,0.325,0.000,0.675
339000,0.328,0.000,0.672
339500,0.647,0.000,0.353
340000,0.525,0.000,0.475
340500,0.493,0.000,0.507
341000,0.373,0.000,0.627
341500,0.442,0.000,0.558
342000,0.414,0.000,0.586
342500,0.348,0.000,0.652
343000,0.466,0.000,0.534
343500,0.451,0.000,0.549
344000,0.442,0.000,0.558
344500,0.261,0.000,0.739
345000,0.422,0.000,0.578
345500,0.598,0.000,0.402
346000,0.466,0.000,0.534
346500,0.383,0.000,0.617
347000,0.461,0.000,0.539
347500,0.429,0.000,0.571
348000,0.478,0.000,0.522
348500,0.548,0.000,0.452
349000,0.344,0.000,0.656
349500,0.294,0.000,0.706
350000,0.591,0.000,0.409
350500,0.606,0.000,0.394
351000,0.376,0.000,0.624
351500,0.464,0.000,0.536
352000,0.637,0.000,0.363
352500,0.406,0.000,0.594
353000,0.471,0.000,0.529
353500,0.366,0.000,0.634
354000,0.487,0.000,0.513
354500,0.489,0.000,0.511
355000,0.426,0.000,0.574
355500,0.356,0.000,0.644
356000,0.482,0.000,0.518
356500,0.606,0.000,0.394
357000,0.308,0.000,0.692
357500,0.486,0.000,0.514
358000,0.395,0.000,0.605
358500,0.513,0.000,0.487
359000,0.598,0.000,0.402
359500,0.403,0.000,0.597
360000,0.418,0.000,0.582
360500,0.556,0.000,0.444
361000,0.413,0.000,0.587
361500,0.498,0.000,0.502
362000,0.229,0.000,0.771
362500,0.348,0.000,0.652
363000,0.469,0.000,0.531
363500,0.524,0.000,0.476
364000,0.514,0.000,0.486
364500,0.391,0.000,0.609
365000,0.467,0.000,0.533
365500,0.386,0.000,0.614
366000,0.195,0.000,0.805
366500,0.396,0.000,0.604
367000,0.474,0.000,0.526
367500,0.468,0.000,0.532
368000,0.408,0.000,0.592
368500,0.491,0.000,0.509
369000,0.414,0.000,0.586
369500,0.439,0.000,0.561
370000,0.415,0.000,0.585
370500,0.378,0.000,0.622
371000,0.506,0.000,0.494
371500,0.498,0.000,0.502
372000,0.436,0.000,0.564
372500,0.367,0.000,0.633
373000,0.522,0.000,0.478
373500,0.296,0.000,0.704
374000,0.318,0.000,0.682
374500,0.351,0.000,0.649
375000,0.410,0.000,0.590
375500,0.468,0.000,0.532
376000,0.376,0.000,0.624
376500,0.575,0.000,0.425
377000,0.553,0.000,0.447
377500,0.478,0.000,0.522
378000,0.409,0.000,0.591
378500,0.466,0.000,0.534
379000,0.313,0.000,0.687
379500,0.465,0.000,0.535
380000,0.367,0.000,0.633
380500,0.396,0.000,0.604
381000,0.509,0.000,0.491
381500,0.480,0.000,0.520
382000,0.239,0.000,0.761
382500,0.497,0.000,0.503
383000,0.324,0.000,0.676
383500,0.439,0.000,0.561
384000,0.609,0.000,0.391
384500,0.560,0.000,0.440
385000,0.457,0.000,0.543
385500,0.545,0.000,0.455
386000,0.503,0.000,0.497
386500,0.407,0.000,0.593
387000,0.378,0.000,0.622
387500,0.367,0.000,0.633
388000,0.492,0.000,0.508
388500,0.414,0.000,0.586
389000,0.370,0.000,0.630
389500,0.334,0.000,0.666
390000,0.498,0.000,0.502
390500,0.453,0.000,0.547
391000,0.422,0.000,0.578
391500,0.381,0.000,0.619
392000,0.265,0.000,0.735
392500,0.405,0.000,0.595
393000,0.312,0.000,0.688
393500,0.428,0.000,0.572
394000,0.478,0.000,0.522
394500,0.459,0.000,0.541
395000,0.424,0.000,0.576
395500,0.545,0.000,0.455
396000,0.398,0.000,0.602
396500,0.529,0.000,0.471
397000,0.419,0.000,0.581
397500,0.312,0.000,0.688
398000,0.508,0.000,0.492
398500,0.357,0.000,0.643
399000,0.386,0.000,0.614
399500,0.479,0.000,0.521
400000,0.380,0.000,0.620
400500,0.367,0.000,0.633
401000,0.529,0.000,0.471
401500,0.355,0.000,0.645
402000,0.314,0.000,0.686
402500,0.629,0.000,0.371
403000,0.499,0.000,0.501
403500,0.421,0.000,0.579
404000,0.479,0.000,0.521
404500,0.408,0.000,0.592
405000,0.431,0.000,0.569
405500,0.230,0.000,0.770
406000,0.468,0.000,0.532
406500,0.375,0.000,0.625
407000,0.461,0.000,0.539
407500,0.392,0.000,0.608
408000,0.440,0.000,0.560
408500,0.485,0.000,0.515
409000,0.515,0.000,0.485
409500,0.412,0.000,0.588
410000,0.346,0.000,0.654
410500,0.402,0.000,0.598
411000,0.628,0.000,0.372
411500,0.276,0.000,0.724
412000,0.391,0.000,0.609
412500,0.548,0.000,0.452
413000,0.329,0.000,0.671
413500,0.363,0.000,0.637
414000,0.335,0.000,0.665
414500,0.329,0.000,0.671
415000,0.370,0.000,0.630
415500,0.396,0.000,0.604
416000,0.409,0.000,0.591
416500,0.674,0.000,0.326
417000,0.323,0.000,0.677
417500,0.367,0.000,0.633
418000,0.327,0.000,0.673
418500,0.327,0.000,0.673
419000,0.517,0.000,0.483
419500,0.306,0.000,0.694
420000,0.528,0.000,0.472
420500,0.404,0.000,0.596
421000,0.301,0.000,0.699
421500,0.439,0.000,0.561
422000,0.319,0.000,0.681
422500,0.497,0.000,0.503
423000,0.514,0.000,0.486
423500,0.439,0.000,0.561
424000,0.476,0.000,0.524
424500,0.358,0.000,0.642
425000,0.448,0.000,0.552
425500,0.433,0.000,0.567
426000,0.407,0.000,0.593
426500,0.606,0.000,0.394
427000,0.399,0.000,0.601
427500,0.494,0.000,0.506
428000,0.496,0.000,0.504
428500,0.426,0.000,0.574
429000,0.529,0.000,0.471
429500,0.352,0.000,0.648
430000,0.548,0.000,0.452
430500,0.395,0.000,0.605
431000,0.295,0.000,0.705
431500,0.449,0.000,0.551
432000,0.479,0.000,0.521
432500,0.347,0.000,0.653
433000,0.469,0.000,0.531
433500,0.385,0.000,0.615
434000,0.473,0.000,0.527
434500,0.452,0.000,0.548
435000,0.473,0.000,0.527
435500,0.391,0.000,0.609
436000,0.391,0.000,0.609
436500,0.377,0.000,0.623
437000,0.537,0.000,0.463
437500,0.301,0.000,0.699
438000,0.351,0.000,0.649
438500,0.380,0.000,0.620
439000,0.437,0.000,0.563
439500,0.471,0.000,0.529
440000,0.468,0.000,0.532
440500,0.398,0.000,0.602
441000,0.394,0.000,0.606
441500,0.485,0.000,0.515
442000,0.404,0.000,0.596
442500,0.370,0.000,0.630
443000,0.473,0.000,0.527
443500,0.369,0.000,0.631
444000,0.534,0.000,0.466
444500,0.362,0.000,0.638
445000,0.378,0.000,0.622
445500,0.375,0.000,0.625
446000,0.566,0.000,0.434
446500,0.489,0.000,0.511
447000,0.433,0.000,0.567
447500,0.598,0.000,0.402
448000,0.455,0.000,0.545
448500,0.594,0.000,0.406
449000,0.546,0.000,0.454
449500,0.388,0.000,0.612
450000,0.520,0.000,0.480
450500,0.450,0.000,0.550
451000,0.363,0.000,0.637
451500,0.496,0.000,0.504
452000,0.431,0.000,0.569
452500,0.420,0.000,0.580
453000,0.312,0.000,0.688
453500,0.304,0.000,0.696
454000,0.509,0.000,0.491
454500,0.536,0.000,0.464
455000,0.492,0.000,0.508
455500,0.402,0.000,0.598
456000,0.338,0.000,0.662
456500,0.381,0.000,0.619
457000,0.486,0.000,0.514
457500,0.654,0.000,0.346
458000,0.382,0.000,0.618
458500,0.478,0.000,0.522
459000,0.403,0.000,0.597
459500,0.270,0.000,0.730
460000,0.247,0.000,0.753
460500,0.349,0.000,0.651
461000,0.359,0.000,0.641
461500,0.380,0.000,0.620
462000,0.471,0.000,0.529
462500,0.279,0.000,0.721
463000,0.416,0.000,0.584
463500,0.451,0.000,0.549
464000,0.414,0.000,0.586
464500,0.379,0.000,0.621
465000,0.480,0.000,0.520
465500,0.529,0.000,0.471
466000,0.474,0.000,0.526
466500,0.519,0.000,0.481
467000,0.313,0.000,0.687
467500,0.314,0.000,0.686
468000,0.372,0.000,0.628
468500,0.479,0.000,0.521
469000,0.499,0.000,0.501
469500,0.407,0.000,0.593
470000,0.472,0.000,0.528
470500,0.452,0.000,0.548
471000,0.489,0.000,0.511
471500,0.502,0.000,0.498
472000,0.372,0.000,0.628
472500,0.525,0.000,0.475
473000,0.438,0.000,0.562
473500,0.431,0.000,0.569
474000,0.443,0.000,0.557
474500,0.605,0.000,0.395
475000,0.505,0.000,0.495
475500,0.494,0.000,0.506
476000,0.357,0.000,0.643
476500,0.322,0.000,0.678
477000,0.457,0.000,0.543
477500,0.377,0.000,0.623
478000,0.333,0.000,0.667
478500,0.419,0.000,0.581
479000,0.446,0.000,0.554
479500,0.511,0.000,0.489
480000,0.570,0.000,0.430
480500,0.411,0.000,0.589
481000,0.453,0.000,0.547
481500,0.454,0.000,0.546
482000,0.388,0.000,0.612
482500,0.418,0.000,0.582
483000,0.325,0.000,0.675
483500,0.353,0.000,0.647
484000,0.513,0.000,0.487
484500,0.370,0.000,0.630
485000,0.488,0.000,0.512
485500,0.312,0.000,0.688
486000,0.421,0.000,0.579
486500,0.385,0.000,0.615
487000,0.506,0.000,0.494
487500,0.460,0.000,0.540
488000,0.399,0.000,0.601
488500,0.429,0.000,0.571
489000,0.520,0.000,0.480
489500,0.584,0.000,0.416
490000,0.329,0.000,0.671
490500,0.550,0.000,0.450
491000,0.439,0.000,0.561
491500,0.415,0.000,0.585
492000,0.367,0.000,0.633
492500,0.547,0.000,0.453
493000,0.372,0.000,0.628
493500,0.395,0.000,0.605
494000,0.447,0.000,0.553
494500,0.450,0.000,0.550
495000,0.374,0.000,0.626
495500,0.564,0.000,0.436
496000,0.478,0.000,0.522
496500,0.504,0.000,0.496
497000,0.542,0.000,0.458
497500,0.455,0.000,0.545
498000,0.373,0.000,0.627
498500,0.393,0.000,0.607
499000,0.418,0.000,0.582
499500,0.442,0.000,0.558
500000,0.457,0.000,0.543
500500,0.514,0.000,0.486
501000,0.433,0.000,0.567
501500,0.570,0.000,0.430
502000,0.534,0.000,0.466
502500,0.455,0.000,0.545
503000,0.504,0.000,0.496
503500,0.304,0.000,0.696
504000,0.376,0.000,0.624
504500,0.313,0.000,0.687
505000,0.382,0.000,0.618
505500,0.522,0.000,0.478
506000,0.322,0.000,0.678
506500,0.433,0.000,0.567
507000,0.509,0.000,0.491
507500,0.468,0.000,0.532
508000,0.480,0.000,0.520
508500,0.297,0.000,0.703
509000,0.367,0.000,0.633
509500,0.207,0.000,0.793
510000,0.183,0.000,0.817
510500,0.458,0.000,0.542
511000,0.523,0.000,0.477
511500,0.397,0.000,0.603
512000,0.447,0.000,0.553
512500,0.613,0.000,0.387
513000,0.571,0.000,0.429
513500,0.427,0.000,0.573
514000,0.476,0.000,0.524
514500,0.326,0.000,0.674
515000,0.444,0.000,0.556
515500,0.334,0.000,0.666
516000,0.382,0.000,0.618
516500,0.465,0.000,0.535
517000,0.422,0.000,0.578
517500,0.489,0.000,0.511
518000,0.504,0.000,0.496
518500,0.491,0.000,0.509
519000,0.467,0.000,0.533
519500,0.367,0.000,0.633
520000,0.486,0.000,0.514
520500,0.394,0.000,0.606
521000,0.389,0.000,0.611
521500,0.321,0.000,0.679
522000,0.467,0.000,0.533
522500,0.460,0.000,0.540
523000,0.434,0.000,0.566
523500,0.420,0.000,0.580
524000,0.530,0.000,0.470
524500,0.402,0.000,0.598
525000,0.338,0.000,0.662
525500,0.393,0.000,0.607
526000,0.335,0.000,0.665
526500,0.507,0.000,0.493
527000,0.484,0.000,0.516
527500,0.444,0.000,0.556
528000,0.273,0.000,0.727
528500,0.404,0.000,0.596
529000,0.365,0.000,0.635
529500,0.400,0.000,0.600
530000,0.414,0.000,0.586
530500,0.399,0.000,0.601
531000,0.425,0.000,0.575
531500,0.459,0.000,0.541
532000,0.519,0.000,0.481
532500,0.314,0.000,0.686
533000,0.357,0.000,0.643
533500,0.555,0.000,0.445
534000,0.378,0.000,0.622
534500,0.401,0.000,0.599
535000,0.434,0.000,0.566
535500,0.462,0.000,0.538
536000,0.417,0.000,0.583
536500,0.333,0.000,0.667
537000,0.463,0.000,0.537
537500,0.584,0.000,0.416
538000,0.481,0.000,0.519
538500,0.389,0.000,0.611
539000,0.467,0.000,0.533
539500,0.444,0.000,0.556
540000,0.461,0.000,0.539
540500,0.371,0.000,0.629
541000,0.353,0.000,0.647
541500,0.329,0.000,0.671
542000,0.450,0.000,0.550
542500,0.475,0.000,0.525
543000,0.413,0.000,0.587
543500,0.260,0.000,0.740
544000,0.431,0.000,0.569
544500,0.359,0.000,0.641
545000,0.393,0.000,0.607
545500,0.475,0.000,0.525
546000,0.567,0.000,0.433
546500,0.397,0.000,0.603
547000,0.584,0.000,0.416
547500,0.428,0.000,0.572
548000,0.354,0.000,0.646
548500,0.468,0.000,0.532
549000,0.471,0.000,0.529
549500,0.412,0.000,0.588
550000,0.402,0.000,0.598
550500,0.434,0.000,0.566
551000,0.504,0.000,0.496
551500,0.538,0.000,0.462
552000,0.493,0.000,0.507
552500,0.460,0.000,0.540
553000,0.390,0.000,0.610
553500,0.356,0.000,0.644
554000,0.567,0.000,0.433
554500,0.335,0.000,0.665
555000,0.402,0.000,0.598
555500,0.433,0.000,0.567
556000,0.553,0.000,0.447
556500,0.477,0.000,0.523
557000,0.456,0.000,0.544
557500,0.418,0.000,0.582
558000,0.479,0.000,0.521
558500,0.439,0.000,0.561
559000,0.457,0.000,0.543
559500,0.406,0.000,0.594
560000,0.530,0.000,0.470
560500,0.380,0.000,0.620
561000,0.425,0.000,0.575
561500,0.374,0.000,0.626
562000,0.351,0.000,0.649
562500,0.495,0.000,0.505
563000,0.491,0.000,0.509
563500,0.354,0.000,0.646
564000,0.317,0.000,0.683
564500,0.480,0.000,0.520
565000,0.326,0.000,0.674
565500,0.498,0.000,0.502
566000,0.391,0.000,0.609
566500,0.500,0.000,0.500
567000,0.405,0.000,0.595
567500,0.549,0.000,0.451
568000,0.274,0.000,0.726
568500,0.386,0.000,0.614
569000,0.486,0.000,0.514
569500,0.556,0.000,0.444
570000,0.452,0.000,0.548
570500,0.519,0.000,0.481
571000,0.587,0.000,0.413
571500,0.419,0.000,0.581
572000,0.446,0.000,0.554
572500,0.580,0.000,0.420
573000,0.489,0.000,0.511
573500,0.463,0.000,0.537
574000,0.393,0.000,0.607
574500,0.486,0.000,0.514
575000,0.457,0.000,0.543
575500,0.342,0.000,0.658
576000,0.322,0.000,0.678
576500,0.515,0.000,0.485
577000,0.361,0.000,0.639
577500,0.503,0.000,0.497
578000,0.506,0.000,0.494
578500,0.360,0.000,0.640
579000,0.455,0.000,0.545
579500,0.348,0.000,0.652
580000,0.439,0.000,0.561
580500,0.355,0.000,0.645
581000,0.328,0.000,0.672
581500,0.432,0.000,0.568
582000,0.406,0.000,0.594
582500,0.496,0.000,0.504
583000,0.283,0.000,0.717
583500,0.384,0.000,0.616
584000,0.537,0.000,0.463
584500,0.431,0.000,0.569
585000,0.446,0.000,0.554
585500,0.474,0.000,0.526
586000,0.552,0.000,0.448
586500,0.356,0.000,0.644
587000,0.325,0.000,0.675
587500,0.409,0.000,0.591
588000,0.370,0.000,0.630
588500,0.473,0.000,0.527
589000,0.466,0.000,0.534
589500,0.468,0.000,0.532
590000,0.372,0.000,0.628
590500,0.390,0.000,0.610
591000,0.431,0.000,0.569
591500,0.422,0.000,0.578
592000,0.469,0.000,0.531
592500,0.321,0.000,0.679
593000,0.563,0.000,0.437
593500,0.318,0.000,0.682
594000,0.327,0.000,0.673
594500,0.359,0.000,0.641
595000,0.383,0.000,0.617
595500,0.629,0.000,0.371
596000,0.481,0.000,0.519
596500,0.256,0.000,0.744
597000,0.485,0.000,0.515
597500,0.216,0.000,0.784
598000,0.377,0.000,0.623
598500,0.391,0.000,0.609
599000,0.527,0.000,0.473
599500,0.400,0.000,0.600
600000,0.508,0.000,0.492
600500,0.496,0.000,0.504
601000,0.305,0.000,0.695
601500,0.414,0.000,0.586
602000,0.449,0.000,0.551
602500,0.500,0.000,0.500
603000,0.554,0.000,0.446
603500,0.309,0.000,0.691
604000,0.423,0.000,0.577
604500,0.533,0.000,0.467
605000,0.288,0.000,0.712
605500,0.552,0.000,0.448
606000,0.386,0.000,0.614
606500,0.373,0.000,0.627
607000,0.388,0.000,0.612
607500,0.437,0.000,0.563
608000,0.446,0.000,0.554
608500,0.367,0.000,0.633
609000,0.342,0.000,0.658
609500,0.505,0.000,0.495
610000,0.439,0.000,0.561
610500,0.611,0.000,0.389
611000,0.385,0.000,0.615
611500,0.461,0.000,0.539
612000,0.593,0.000,0.407
612500,0.368,0.000,0.632
613000,0.460,0.000,0.540
613500,0.377,0.000,0.623
614000,0.434,0.000,0.566
614500,0.324,0.000,0.676
615000,0.464,0.000,0.536
615500,0.205,0.000,0.795
616000,0.274,0.000,0.726
616500,0.483,0.000,0.517
617000,0.401,0.000,0.599
617500,0.562,0.000,0.438
618000,0.374,0.000,0.626
618500,0.522,0.000,0.478
619000,0.384,0.000,0.616
619500,0.366,0.000,0.634
620000,0.589,0.000,0.411
620500,0.620,0.000,0.380
621000,0.353,0.000,0.647
621500,0.314,0.000,0.686
622000,0.469,0.000,0.531
622500,0.468,0.000,0.532
623000,0.355,0.000,0.645
623500,0.395,0.000,0.605
624000,0.419,0.000,0.581
624500,0.379,0.000,0.621
625000,0.417,0.000,0.583
625500,0.458,0.000,0.542
626000,0.549,0.000,0.451
626500,0.361,0.000,0.639
627000,0.444,0.000,0.556
627500,0.510,0.000,0.490
628000,0.524,0.000,0.476
628500,0.451,0.000,0.549
629000,0.587,0.000,0.413
629500,0.574,0.000,0.426
630000,0.406,0.000,0.594
630500,0.360,0.000,0.640
631000,0.476,0.000,0.524
631500,0.279,0.000,0.721
632000,0.376,0.000,0.624
632500,0.303,0.000,0.697
633000,0.336,0.000,0.664
633500,0.368,0.000,0.632
634000,0.529,0.000,0.471
634500,0.357,0.000,0.643
635000,0.521,0.000,0.479
635500,0.399,0.000,0.601
636000,0.457,0.000,0.543
636500,0.388,0.000,0.612
637000,0.345,0.000,0.655
637500,0.407,0.000,0.593
638000,0.421,0.000,0.579
638500,0.350,0.000,0.650
639000,0.408,0.000,0.592
639500,0.485,0.000,0.515
640000,0.431,0.000,0.569
640500,0.312,0.000,0.688
641000,0.432,0.000,0.568
641500,0.491,0.000,0.509
642000,0.432,0.000,0.568
642500,0.336,0.000,0.664
643000,0.393,0.000,0.607
643500,0.477,0.000,0.523
644000,0.434,0.000,0.566
644500,0.263,0.000,0.737
645000,0.306,0.000,0.694
645500,0.495,0.000,0.505
646000,0.344,0.000,0.656
646500,0.394,0.000,0.606
647000,0.430,0.000,0.570
647500,0.403,0.000,0.597
648000,0.464,0.000,0.536
648500,0.571,0.000,0.429
649000,0.550,0.000,0.450
649500,0.522,0.000,0.478
650000,0.308,0.000,0.692
650500,0.310,0.000,0.690
651000,0.338,0.000,0.662
651500,0.515,0.000,0.485
652000,0.421,0.000,0.579
652500,0.287,0.000,0.713
653000,0.447,0.000,0.553
653500,0.434,0.000,0.566
654000,0.461,0.000,0.539
654500,0.583,0.000,0.417
655000,0.462,0.000,0.538
655500,0.413,0.000,0.587
656000,0.471,0.000,0.529
656500,0.458,0.000,0.542
657000,0.469,0.000,0.531
657500,0.476,0.000,0.524
658000,0.254,0.000,0.746
658500,0.416,0.000,0.584
659000,0.435,0.000,0.565
659500,0.243,0.000,0.757
660000,0.444,0.000,0.556
660500,0.584,0.000,0.416
661000,0.475,0.000,0.525
661500,0.441,0.000,0.559
662000,0.413,0.000,0.587
662500,0.450,0.000,0.550
663000,0.465,0.000,0.535
663500,0.398,0.000,0.602
664000,0.446,0.000,0.554
664500,0.430,0.000,0.570
665000,0.571,0.000,0.429
665500,0.417,0.000,0.583
666000,0.465,0.000,0.535
666500,0.523,0.000,0.477
667000,0.363,0.000,0.637
667500,0.544,0.000,0.456
668000,0.530,0.000,0.470
668500,0.340,0.000,0.660
669000,0.478,0.000,0.522
669500,0.605,0.000,0.395
670000,0.524,0.000,0.476
670500,0.397,0.000,0.603
671000,0.299,0.000,0.701
671500,0.490,0.000,0.510
672000,0.374,0.000,0.626
672500,0.439,0.000,0.561
673000,0.344,0.000,0.656
673500,0.324,0.000,0.676
674000,0.394,0.000,0.606
674500,0.273,0.000,0.727
675000,0.512,0.000,0.488
675500,0.307,0.000,0.693
676000,0.659,0.000,0.341
676500,0.473,0.000,0.527
677000,0.327,0.000,0.673
677500,0.251,0.000,0.749
678000,0.469,0.000,0.531
678500,0.423,0.000,0.577
679000,0.537,0.000,0.463
679500,0.437,0.000,0.563
680000,0.615,0.000,0.385
680500,0.452,0.000,0.548
681000,0.572,0.000,0.428
681500,0.516,0.000,0.484
682000,0.624,0.000,0.376
682500,0.367,0.000,0.633
683000,0.433,0.000,0.567
683500,0.337,0.000,0.663
684000,0.541,0.000,0.459
684500,0.295,0.000,0.705
685000,0.367,0.000,0.633
685500,0.367,0.000,0.633
686000,0.472,0.000,0.528
686500,0.406,0.000,0.594
687000,0.564,0.000,0.436
687500,0.516,0.000,0.484
688000,0.538,0.000,0.462
688500,0.426,0.000,0.574
689000,0.518,0.000,0.482
689500,0.501,0.000,0.499
690000,0.485,0.000,0.515
690500,0.322,0.000,0.678
691000,0.596,0.000,0.404
691500,0.450,0.000,0.550
692000,0.358,0.000,0.642
692500,0.463,0.000,0.537
693000,0.397,0.000,0.603
693500,0.328,0.000,0.672
694000,0.609,0.000,0.391
694500,0.291,0.000,0.709
695000,0.340,0.000,0.660
695500,0.719,0.000,0.281
696000,0.496,0.000,0.504
696500,0.479,0.000,0.521
697000,0.440,0.000,0.560
697500,0.271,0.000,0.729
698000,0.357,0.000,0.643
698500,0.373,0.000,0.627
699000,0.401,0.000,0.599
699500,0.460,0.000,0.540
700000,0.534,0.000,0.466
700500,0.462,0.000,0.538
701000,0.528,0.000,0.472
701500,0.354,0.000,0.646
702000,0.488,0.000,0.512
702500,0.406,0.000,0.594
703000,0.730,0.000,0.270
703500,0.597,0.000,0.403
704000,0.446,0.000,0.554
704500,0.486,0.000,0.514
705000,0.444,0.000,0.556
705500,0.384,0.000,0.616
706000,0.291,0.000,0.709
706500,0.398,0.000,0.602
707000,0.407,0.000,0.593
707500,0.424,0.000,0.576
708000,0.336,0.000,0.664
708500,0.455,0.000,0.545
709000,0.311,0.000,0.689
709500,0.663,0.000,0.337
710000,0.468,0.000,0.532
710500,0.451,0.000,0.549
711000,0.284,0.000,0.716
711500,0.535,0.000,0.465
712000,0.434,0.000,0.566
712500,0.377,0.000,0.623
713000,0.344,0.000,0.656
713500,0.492,0.000,0.508
714000,0.329,0.000,0.671
714500,0.304,0.000,0.696
715000,0.417,0.000,0.583
715500,0.540,0.000,0.460
716000,0.418,0.000,0.582
716500,0.588,0.000,0.412
717000,0.495,0.000,0.505
717500,0.351,0.000,0.649
718000,0.509,0.000,0.491
718500,0.469,0.000,0.531
719000,0.618,0.000,0.382
719500,0.424,0.000,0.576
720000,0.431,0.000,0.569
720500,0.389,0.000,0.611
721000,0.286,0.000,0.714
721500,0.328,0.000,0.672
722000,0.330,0.000,0.670
722500,0.347,0.000,0.653
723000,0.420,0.000,0.580
723500,0.417,0.000,0.583
724000,0.391,0.000,0.609
724500,0.462,0.000,0.538
725000,0.457,0.000,0.543
725500,0.505,0.000,0.495
726000,0.452,0.000,0.548
726500,0.464,0.000,0.536
727000,0.482,0.000,0.518
727500,0.408,0.000,0.592
728000,0.357,0.000,0.643
728500,0.415,0.000,0.585
729000,0.414,0.000,0.586
729500,0.615,0.000,0.385
730000,0.525,0.000,0.475
730500,0.279,0.000,0.721
731000,0.359,0.000,0.641
731500,0.400,0.000,0.600
732000,0.420,0.000,0.580
732500,0.326,0.000,0.674
733000,0.396,0.000,0.604
733500,0.452,0.000,0.548
734000,0.535,0.000,0.465
734500,0.628,0.000,0.372
735000,0.491,0.000,0.509
735500,0.479,0.000,0.521
736000,0.444,0.000,0.556
736500,0.394,0.000,0.606
737000,0.541,0.000,0.459
737500,0.395,0.000,0.605
738000,0.357,0.000,0.643
738500,0.580,0.000,0.420
739000,0.386,0.000,0.614
739500,0.248,0.000,0.752
740000,0.343,0.000,0.657
740500,0.436,0.000,0.564
741000,0.367,0.000,0.633
741500,0.425,0.000,0.575
742000,0.332,0.000,0.668
742500,0.466,0.000,0.534
743000,0.316,0.000,0.684
743500,0.543,0.000,0.457
744000,0.596,0.000,0.404
744500,0.440,0.000,0.560
745000,0.340,0.000,0.660
745500,0.523,0.000,0.477
746000,0.545,0.000,0.455
746500,0.418,0.000,0.582
747000,0.380,0.000,0.620
747500,0.550,0.000,0.450
748000,0.354,0.000,0.646
748500,0.327,0.000,0.673
749000,0.428,0.000,0.572
749500,0.433,0.000,0.567
750000,0.411,0.000,0.589
750500,0.406,0.000,0.594
751000,0.304,0.000,0.696
751500,0.488,0.000,0.512
752000,0.456,0.000,0.544
752500,0.373,0.000,0.627
753000,0.358,0.000,0.642
753500,0.438,0.000,0.562
754000,0.298,0.000,0.702
754500,0.355,0.000,0.645
755000,0.307,0.000,0.693
755500,0.382,0.000,0.618
756000,0.390,0.000,0.610
756500,0.448,0.000,0.552
757000,0.440,0.000,0.560
757500,0.318,0.000,0.682
758000,0.292,0.000,0.708
758500,0.417,0.000,0.583
759000,0.372,0.000,0.628
759500,0.273,0.000,0.727
760000,0.626,0.000,0.374
760500,0.409,0.000,0.591
761000,0.343,0.000,0.657
761500,0.412,0.000,0.588
762000,0.459,0.000,0.541
762500,0.382,0.000,0.618
763000,0.288,0.000,0.712
763500,0.367,0.000,0.633
764000,0.482,0.000,0.518
764500,0.487,0.000,0.513
765000,0.404,0.000,0.596
765500,0.383,0.000,0.617
766000,0.368,0.000,0.632
766500,0.383,0.000,0.617
767000,0.552,0.000,0.448
767500,0.405,0.000,0.595
768000,0.419,0.000,0.581
768500,0.362,0.000,0.638
769000,0.458,0.000,0.542
769500,0.441,0.000,0.559
770000,0.453,0.000,0.547
770500,0.526,0.000,0.474
771000,0.379,0.000,0.621
771500,0.269,0.000,0.731
772000,0.661,0.000,0.339
772500,0.545,0.000,0.455
773000,0.587,0.000,0.413
773500,0.368,0.000,0.632
774000,0.400,0.000,0.600
774500,0.371,0.000,0.629
775000,0.336,0.000,0.664
775500,0.389,0.000,0.611
776000,0.324,0.000,0.676
776500,0.457,0.000,0.543
777000,0.253,0.000,0.747
777500,0.390,0.000,0.610
778000,0.455,0.000,0.545
778500,0.602,0.000,0.398
779000,0.486,0.000,0.514
779500,0.550,0.000,0.450
780000,0.419,0.000,0.581
780500,0.480,0.000,0.520
781000,0.391,0.000,0.609
781500,0.368,0.000,0.632
782000,0.263,0.000,0.737
782500,0.306,0.000,0.694
783000,0.548,0.000,0.452
783500,0.474,0.000,0.526
784000,0.402,0.000,0.598
784500,0.425,0.000,0.575
785000,0.462,0.000,0.538
785500,0.318,0.000,0.682
786000,0.457,0.000,0.543
786500,0.369,0.000,0.631
787000,0.330,0.000,0.670
787500,0.426,0.000,0.574
788000,0.314,0.000,0.686
788500,0.384,0.000,0.616
789000,0.444,0.000,0.556
789500,0.379,0.000,0.621
790000,0.426,0.000,0.574
790500,0.517,0.000,0.483
791000,0.520,0.000,0.480
791500,0.422,0.000,0.578
792000,0.366,0.000,0.634
792500,0.403,0.000,0.597
793000,0.330,0.000,0.670
793500,0.330,0.000,0.670
794000,0.536,0.000,0.464
794500,0.576,0.000,0.424
795000,0.458,0.000,0.542
795500,0.480,0.000,0.520
796000,0.548,0.000,0.452
796500,0.423,0.000,0.577
797000,0.382,0.000,0.618
797500,0.469,0.000,0.531
798000,0.381,0.000,0.619
798500,0.694,0.000,0.306
799000,0.290,0.000,0.710
799500,0.355,0.000,0.645
800000,0.506,0.000,0.494
800500,0.434,0.000,0.566
801000,0.430,0.000,0.570
801500,0.369,0.000,0.631
802000,0.449,0.000,0.551
802500,0.551,0.000,0.449
803000,0.475,0.000,0.525
803500,0.439,0.000,0.561
804000,0.378,0.000,0.622
804500,0.406,0.000,0.594
805000,0.356,0.000,0.644
805500,0.469,0.000,0.531
806000,0.349,0.000,0.651
806500,0.488,0.000,0.512
807000,0.407,0.000,0.593
807500,0.527,0.000,0.473
808000,0.524,0.000,0.476
808500,0.397,0.000,0.603
809000,0.447,0.000,0.553
809500,0.371,0.000,0.629
810000,0.500,0.000,0.500
810500,0.478,0.000,0.522
811000,0.443,0.000,0.557
811500,0.368,0.000,0.632
812000,0.434,0.000,0.566
812500,0.469,0.000,0.531
813000,0.542,0.000,0.458
813500,0.293,0.000,0.707
814000,0.383,0.000,0.617
814500,0.513,0.000,0.487
815000,0.400,0.000,0.600
815500,0.401,0.000,0.599
816000,0.389,0.000,0.611
816500,0.294,0.000,0.706
817000,0.370,0.000,0.630
817500,0.441,0.000,0.559
818000,0.352,0.000,0.648
818500,0.337,0.000,0.663
819000,0.438,0.000,0.562
819500,0.407,0.000,0.593
820000,0.414,0.000,0.586
820500,0.517,0.000,0.483
821000,0.377,0.000,0.623
821500,0.399,0.000,0.601
822000,0.405,0.000,0.595
822500,0.414,0.000,0.586
823000,0.402,0.000,0.598
823500,0.397,0.000,0.603
824000,0.451,0.000,0.549
824500,0.528,0.000,0.472
825000,0.449,0.000,0.551
825500,0.383,0.000,0.617
826000,0.420,0.000,0.580
826500,0.498,0.000,0.502
827000,0.385,0.000,0.615
827500,0.394,0.000,0.606
828000,0.454,0.000,0.546
828500,0.429,0.000,0.571
829000,0.467,0.000,0.533
829500,0.305,0.000,0.695
830000,0.461,0.000,0.539
830500,0.380,0.000,0.620
831000,0.448,0.000,0.552
831500,0.543,0.000,0.457
832000,0.307,0.000,0.693
832500,0.319,0.000,0.681
833000,0.311,0.000,0.689
833500,0.590,0.000,0.410
834000,0.286,0.000,0.714
834500,0.428,0.000,0.572
835000,0.398,0.000,0.602
835500,0.490,0.000,0.510
836000,0.479,0.000,0.521
836500,0.407,0.000,0.593
837000,0.484,0.000,0.516
837500,0.534,0.000,0.466
838000,0.342,0.000,0.658
838500,0.430,0.000,0.570
839000,0.408,0.000,0.592
839500,0.428,0.000,0.572
840000,0.495,0.000,0.505
840500,0.627,0.000,0.373
841000,0.410,0.000,0.590
841500,0.400,0.000,0.600
842000,0.472,0.000,0.528
842500,0.451,0.000,0.549
843000,0.428,0.000,0.572
843500,0.326,0.000,0.674
844000,0.509,0.000,0.491
844500,0.388,0.000,0.612
845000,0.398,0.000,0.602
845500,0.323,0.000,0.677
846000,0.519,0.000,0.481
846500,0.774,0.000,0.226
847000,0.343,0.000,0.657
847500,0.432,0.000,0.568
848000,0.426,0.000,0.574
848500,0.437,0.000,0.563
849000,0.426,0.000,0.574
849500,0.346,0.000,0.654
850000,0.425,0.000,0.575
850500,0.354,0.000,0.646
851000,0.342,0.000,0.658
851500,0.378,0.000,0.622
852000,0.364,0.000,0.636
852500,0.368,0.000,0.632
853000,0.466,0.000,0.534
853500,0.506,0.000,0.494
854000,0.539,0.000,0.461
854500,0.290,0.000,0.710
855000,0.453,0.000,0.547
855500,0.513,0.000,0.487
856000,0.413,0.000,0.587
856500,0.385,0.000,0.615
857000,0.501,0.000,0.499
857500,0.418,0.000,0.582
858000,0.335,0.000,0.665
858500,0.596,0.000,0.404
859000,0.446,0.000,0.554
859500,0.441,0.000,0.559
860000,0.468,0.000,0.532
860500,0.401,0.000,0.599
861000,0.440,0.000,0.560
861500,0.322,0.000,0.678
862000,0.349,0.000,0.651
862500,0.623,0.000,0.377
863000,0.502,0.000,0.498
863500,0.522,0.000,0.478
864000,0.550,0.000,0.450
864500,0.295,0.000,0.705
865000,0.408,0.000,0.592
865500,0.390,0.000,0.610
866000,0.447,0.000,0.553
866500,0.412,0.000,0.588
867000,0.479,0.000,0.521
867500,0.600,0.000,0.400
868000,0.524,0.000,0.476
868500,0.432,0.000,0.568
869000,0.576,0.000,0.424
869500,0.469,0.000,0.531
870000,0.430,0.000,0.570
870500,0.455,0.000,0.545
871000,0.386,0.000,0.614
871500,0.580,0.000,0.420
872000,0.532,0.000,0.468
872500,0.560,0.000,0.440
873000,0.285,0.000,0.715
873500,0.443,0.000,0.557
874000,0.487,0.000,0.513
874500,0.341,0.000,0.659
875000,0.529,0.000,0.471
875500,0.329,0.000,0.671
876000,0.354,0.000,0.646
876500,0.414,0.000,0.586
877000,0.436,0.000,0.564
877500,0.272,0.000,0.728
878000,0.409,0.000,0.591
878500,0.366,0.000,0.634
879000,0.400,0.000,0.600
879500,0.495,0.000,0.505
880000,0.385,0.000,0.615
880500,0.332,0.000,0.668
881000,0.448,0.000,0.552
881500,0.457,0.000,0.543
882000,0.368,0.000,0.632
882500,0.530,0.000,0.470
883000,0.411,0.000,0.589
883500,0.435,0.000,0.565
884000,0.347,0.000,0.653
884500,0.390,0.000,0.610
885000,0.503,0.000,0.497
885500,0.486,0.000,0.514
886000,0.472,0.000,0.528
886500,0.407,0.000,0.593
887000,0.287,0.000,0.713
887500,0.240,0.000,0.760
888000,0.421,0.000,0.579
888500,0.510,0.000,0.490
889000,0.312,0.000,0.688
889500,0.480,0.000,0.520
890000,0.514,0.000,0.486
890500,0.418,0.000,0.582
891000,0.484,0.000,0.516
891500,0.354,0.000,0.646
892000,0.339,0.000,0.661
892500,0.559,0.000,0.441
893000,0.508,0.000,0.492
893500,0.527,0.000,0.473
894000,0.544,0.000,0.456
894500,0.296,0.000,0.704
895000,0.336,0.000,0.664
895500,0.403,0.000,0.597
896000,0.495,0.000,0.505
896500,0.276,0.000,0.724
897000,0.329,0.000,0.671
897500,0.439,0.000,0.561
898000,0.428,0.000,0.572
898500,0.528,0.000,0.472
899000,0.574,0.000,0.426
899500,0.266,0.000,0.734
900000,0.442,0.000,0.558
900500,0.439,0.000,0.561
901000,0.514,0.000,0.486
901500,0.270,0.000,0.730
902000,0.367,0.000,0.633
902500,0.275,0.000,0.725
903000,0.401,0.000,0.599
903500,0.443,0.000,0.557
904000,0.527,0.000,0.473
904500,0.570,0.000,0.430
905000,0.383,0.000,0.617
905500,0.400,0.000,0.600
906000,0.378,0.000,0.622
906500,0.497,0.000,0.503
907000,0.410,0.000,0.590
907500,0.422,0.000,0.578
908000,0.501,0.000,0.499
908500,0.346,0.000,0.654
909000,0.370,0.000,0.630
909500,0.306,0.000,0.694
910000,0.430,0.000,0.570
910500,0.424,0.000,0.576
911000,0.490,0.000,0.510
911500,0.399,0.000,0.601
912000,0.273,0.000,0.727
912500,0.326,0.000,0.674
913000,0.380,0.000,0.620
913500,0.357,0.000,0.643
914000,0.326,0.000,0.674
914500,0.362,0.000,0.638
915000,0.482,0.000,0.518
915500,0.576,0.000,0.424
916000,0.461,0.000,0.539
916500,0.531,0.000,0.469
917000,0.652,0.000,0.348
917500,0.449,0.000,0.551
918000,0.372,0.000,0.628
918500,0.387,0.000,0.613
919000,0.554,0.000,0.446
919500,0.322,0.000,0.678
920000,0.352,0.000,0.648
920500,0.478,0.000,0.522
921000,0.382,0.000,0.618
921500,0.449,0.000,0.551
922000,0.611,0.000,0.389
922500,0.457,0.000,0.543
923000,0.495,0.000,0.505
923500,0.458,0.000,0.542
924000,0.288,0.000,0.712
924500,0.526,0.000,0.474
925000,0.333,0.000,0.667
925500,0.426,0.000,0.574
926000,0.402,0.000,0.598
926500,0.360,0.000,0.640
927000,0.299,0.000,0.701
927500,0.451,0.000,0.549
928000,0.465,0.000,0.535
928500,0.474,0.000,0.526
929000,0.429,0.000,0.571
929500,0.423,0.000,0.577
930000,0.336,0.000,0.664
930500,0.381,0.000,0.619
931000,0.358,0.000,0.642
931500,0.278,0.000,0.722
932000,0.472,0.000,0.528
932500,0.543,0.000,0.457
933000,0.525,0.000,0.475
933500,0.305,0.000,0.695
934000,0.445,0.000,0.555
934500,0.445,0.000,0.555
935000,0.450,0.000,0.550
935500,0.489,0.000,0.511
936000,0.527,0.000,0.473
936500,0.378,0.000,0.622
937000,0.426,0.000,0.574
937500,0.355,0.000,0.645
938000,0.447,0.000,0.553
938500,0.299,0.000,0.701
939000,0.287,0.000,0.713
939500,0.345,0.000,0.655
940000,0.568,0.000,0.432
940500,0.653,0.000,0.347
941000,0.374,0.000,0.626
941500,0.301,0.000,0.699
942000,0.450,0.000,0.550
942500,0.551,0.000,0.449
943000,0.355,0.000,0.645
943500,0.479,0.000,0.521
944000,0.394,0.000,0.606
944500,0.454,0.000,0.546
945000,0.357,0.000,0.643
945500,0.453,0.000,0.547
946000,0.478,0.000,0.522
946500,0.422,0.000,0.578
947000,0.518,0.000,0.482
947500,0.464,0.000,0.536
948000,0.409,0.000,0.591
948500,0.502,0.000,0.498
949000,0.388,0.000,0.612
949500,0.410,0.000,0.590
950000,0.452,0.000,0.548
950500,0.439,0.000,0.561
951000,0.517,0.000,0.483
951500,0.524,0.000,0.476
952000,0.493,0.000,0.507
952500,0.465,0.000,0.535
953000,0.387,0.000,0.613
953500,0.558,0.000,0.442
954000,0.398,0.000,0.602
954500,0.467,0.000,0.533
955000,0.521,0.000,0.479
955500,0.449,0.000,0.551
956000,0.412,0.000,0.588
956500,0.508,0.000,0.492
957000,0.420,0.000,0.580
957500,0.396,0.000,0.604
958000,0.426,0.000,0.574
958500,0.515,0.000,0.485
959000,0.465,0.000,0.535
959500,0.278,0.000,0.722
960000,0.519,0.000,0.481
960500,0.577,0.000,0.423
961000,0.583,0.000,0.417
961500,0.538,0.000,0.462
962000,0.435,0.000,0.565
962500,0.388,0.000,0.612
963000,0.506,0.000,0.494
963500,0.389,0.000,0.611
964000,0.402,0.000,0.598
964500,0.438,0.000,0.562
965000,0.468,0.000,0.532
965500,0.506,0.000,0.494
966000,0.335,0.000,0.665
966500,0.479,0.000,0.521
967000,0.397,0.000,0.603
967500,0.469,0.000,0.531
968000,0.527,0.000,0.473
968500,0.539,0.000,0.461
969000,0.437,0.000,0.563
969500,0.435,0.000,0.565
970000,0.445,0.000,0.555
970500,0.462,0.000,0.538
971000,0.351,0.000,0.649
971500,0.457,0.000,0.543
972000,0.549,0.000,0.451
972500,0.580,0.000,0.420
973000,0.368,0.000,0.632
973500,0.407,0.000,0.593
974000,0.365,0.000,0.635
974500,0.311,0.000,0.689
975000,0.449,0.000,0.551
975500,0.515,0.000,0.485
976000,0.476,0.000,0.524
976500,0.368,0.000,0.632
977000,0.570,0.000,0.430
977500,0.465,0.000,0.535
978000,0.339,0.000,0.661
978500,0.335,0.000,0.665
979000,0.548,0.000,0.452
979500,0.442,0.000,0.558
980000,0.386,0.000,0.614
980500,0.445,0.000,0.555
981000,0.330,0.000,0.670
981500,0.332,0.000,0.668
982000,0.502,0.000,0.498
982500,0.634,0.000,0.366
983000,0.316,0.000,0.684
983500,0.384,0.000,0.616
984000,0.414,0.000,0.586
984500,0.426,0.000,0.574
985000,0.466,0.000,0.534
985500,0.502,0.000,0.498
986000,0.365,0.000,0.635
986500,0.542,0.000,0.458
987000,0.491,0.000,0.509
987500,0.542,0.000,0.458
988000,0.433,0.000,0.567
988500,0.367,0.000,0.633
989000,0.463,0.000,0.537
989500,0.449,0.000,0.551
990000,0.392,0.000,0.608
990500,0.349,0.000,0.651
991000,0.433,0.000,0.567
991500,0.497,0.000,0.503
992000,0.345,0.000,0.655
992500,0.438,0.000,0.562
993000,0.462,0.000,0.538
993500,0.522,0.000,0.478
994000,0.521,0.000,0.479
994500,0.503,0.000,0.497
995000,0.342,0.000,0.658
995500,0.467,0.000,0.533
996000,0.437,0.000,0.563
996500,0.421,0.000,0.579
997000,0.443,0.000,0.557
997500,0.486,0.000,0.514
998000,0.411,0.000,0.589
998500,0.403,0.000,0.597
999000,0.332,0.000,0.668
999500,0.418,0.000,0.582
1000000,0.400,0.000,0.600
