time,n_A+p,n_B,n_AB
500,0.050,0.873,0.077
1000,0.050,0.783,0.167
1500,0.050,0.659,0.290
2000,0.050,0.521,0.429
2500,0.050,0.388,0.562
3000,0.052,0.261,0.686
3500,0.061,0.206,0.733
4000,0.083,0.154,0.763
4500,0.086,0.122,0.791
5000,0.090,0.096,0.815
5500,0.110,0.068,0.823
6000,0.104,0.063,0.833
6500,0.119,0.063,0.818
7000,0.136,0.043,0.822
7500,0.146,0.066,0.788
8000,0.171,0.060,0.768
8500,0.169,0.048,0.784
9000,0.150,0.052,0.797
9500,0.136,0.049,0.816
10000,0.141,0.037,0.822
10500,0.154,0.035,0.811
11000,0.145,0.032,0.824
11500,0.155,0.041,0.804
12000,0.151,0.033,0.817
12500,0.134,0.039,0.828
13000,0.137,0.037,0.826
13500,0.136,0.041,0.823
14000,0.118,0.042,0.839
14500,0.116,0.053,0.831
15000,0.123,0.050,0.828
15500,0.120,0.053,0.827
16000,0.142,0.062,0.796
16500,0.127,0.065,0.808
17000,0.119,0.053,0.827
17500,0.124,0.047,0.828
18000,0.114,0.047,0.839
18500,0.103,0.045,0.851
19000,0.122,0.045,0.832
19500,0.149,0.051,0.800
20000,0.157,0.053,0.790
20500,0.155,0.050,0.795
21000,0.165,0.046,0.788
21500,0.166,0.037,0.797
22000,0.164,0.043,0.793
22500,0.162,0.044,0.793
23000,0.141,0.052,0.806
23500,0.137,0.036,0.827
24000,0.121,0.046,0.833
24500,0.148,0.042,0.810
25000,0.148,0.038,0.813
25500,0.148,0.035,0.816
26000,0.157,0.037,0.805
26500,0.173,0.030,0.797
27000,0.185,0.030,0.784
27500,0.185,0.022,0.792
28000,0.185,0.026,0.788
28500,0.164,0.038,0.798
29000,0.154,0.044,0.802
29500,0.146,0.043,0.811
30000,0.137,0.039,0.824
30500,0.140,0.032,0.828
31000,0.136,0.035,0.830
31500,0.153,0.045,0.801
32000,0.133,0.043,0.824
32500,0.150,0.033,0.817
33000,0.166,0.042,0.793
33500,0.170,0.032,0.798
34000,0.139,0.043,0.819
34500,0.154,0.050,0.795
35000,0.141,0.042,0.817
35500,0.152,0.037,0.810
36000,0.140,0.055,0.805
36500,0.145,0.053,0.801
37000,0.146,0.048,0.806
37500,0.146,0.034,0.820
38000,0.143,0.048,0.808
38500,0.154,0.052,0.794
39000,0.145,0.054,0.801
39500,0.149,0.062,0.788
40000,0.176,0.044,0.779
40500,0.181,0.041,0.778
41000,0.155,0.038,0.806
41500,0.154,0.035,0.811
42000,0.155,0.029,0.816
42500,0.167,0.018,0.815
43000,0.166,0.029,0.804
43500,0.188,0.028,0.785
44000,0.180,0.037,0.782
44500,0.172,0.038,0.789
45000,0.158,0.029,0.814
45500,0.135,0.042,0.824
46000,0.146,0.048,0.806
46500,0.152,0.040,0.807
47000,0.152,0.031,0.817
47500,0.170,0.042,0.788
48000,0.166,0.051,0.784
48500,0.157,0.042,0.801
49000,0.140,0.039,0.822
49500,0.141,0.038,0.821
50000,0.137,0.041,0.823
50500,0.155,0.046,0.799
51000,0.139,0.041,0.821
51500,0.150,0.054,0.795
52000,0.135,0.049,0.816
52500,0.119,0.057,0.824
53000,0.136,0.059,0.805
53500,0.155,0.043,0.801
54000,0.157,0.044,0.799
54500,0.151,0.043,0.806
55000,0.142,0.035,0.822
55500,0.150,0.026,0.824
56000,0.152,0.030,0.817
56500,0.137,0.032,0.831
57000,0.147,0.035,0.818
57500,0.148,0.035,0.816
58000,0.146,0.051,0.802
58500,0.153,0.043,0.803
59000,0.133,0.053,0.814
59500,0.162,0.051,0.787
60000,0.154,0.035,0.810
60500,0.141,0.050,0.809
61000,0.149,0.044,0.806
61500,0.142,0.042,0.816
62000,0.164,0.041,0.795
62500,0.165,0.039,0.796
63000,0.143,0.042,0.815
63500,0.151,0.046,0.802
64000,0.152,0.044,0.804
64500,0.160,0.036,0.803
65000,0.172,0.027,0.801
65500,0.161,0.033,0.806
66000,0.149,0.050,0.801
66500,0.144,0.053,0.802
67000,0.149,0.051,0.799
67500,0.148,0.049,0.803
68000,0.155,0.059,0.785
68500,0.173,0.037,0.789
69000,0.164,0.040,0.796
69500,0.162,0.032,0.807
70000,0.184,0.029,0.787
70500,0.169,0.036,0.795
71000,0.175,0.040,0.785
71500,0.160,0.034,0.807
72000,0.164,0.043,0.794
72500,0.175,0.044,0.780
73000,0.170,0.035,0.795
73500,0.182,0.034,0.785
74000,0.170,0.038,0.791
74500,0.161,0.030,0.808
75000,0.159,0.043,0.798
75500,0.185,0.054,0.761
76000,0.181,0.044,0.774
76500,0.170,0.038,0.792
77000,0.148,0.026,0.825
77500,0.163,0.040,0.797
78000,0.150,0.041,0.809
78500,0.158,0.035,0.807
79000,0.135,0.035,0.830
79500,0.145,0.051,0.803
80000,0.138,0.040,0.823
80500,0.141,0.038,0.820
81000,0.155,0.041,0.804
81500,0.180,0.031,0.788
82000,0.150,0.043,0.806
82500,0.150,0.042,0.807
83000,0.149,0.030,0.821
83500,0.155,0.046,0.798
84000,0.141,0.036,0.823
84500,0.146,0.050,0.804
85000,0.147,0.051,0.801
85500,0.146,0.042,0.811
86000,0.176,0.048,0.776
86500,0.141,0.032,0.828
87000,0.154,0.033,0.814
87500,0.170,0.034,0.796
88000,0.155,0.038,0.806
88500,0.152,0.043,0.805
89000,0.163,0.041,0.796
89500,0.148,0.029,0.823
90000,0.154,0.043,0.803
90500,0.160,0.038,0.802
91000,0.151,0.031,0.818
91500,0.156,0.040,0.804
92000,0.167,0.040,0.793
92500,0.159,0.034,0.808
93000,0.164,0.026,0.809
93500,0.173,0.030,0.796
94000,0.177,0.032,0.791
94500,0.165,0.028,0.807
95000,0.154,0.049,0.797
95500,0.149,0.052,0.798
96000,0.159,0.036,0.805
96500,0.149,0.035,0.815
97000,0.144,0.042,0.815
97500,0.157,0.041,0.803
98000,0.157,0.044,0.799
98500,0.137,0.041,0.822
99000,0.137,0.058,0.805
99500,0.138,0.054,0.808
100000,0.126,0.059,0.815
100500,0.142,0.055,0.802
101000,0.150,0.038,0.811
101500,0.162,0.031,0.807
102000,0.172,0.041,0.786
102500,0.157,0.040,0.803
103000,0.152,0.024,0.825
103500,0.135,0.040,0.825
104000,0.144,0.040,0.817
104500,0.161,0.035,0.804
105000,0.173,0.036,0.790
105500,0.159,0.036,0.805
106000,0.162,0.036,0.802
106500,0.181,0.030,0.789
107000,0.188,0.040,0.773
107500,0.178,0.029,0.792
108000,0.171,0.029,0.801
108500,0.173,0.030,0.797
109000,0.154,0.030,0.816
109500,0.165,0.035,0.800
110000,0.157,0.032,0.812
110500,0.162,0.048,0.790
111000,0.153,0.047,0.799
111500,0.139,0.037,0.824
112000,0.134,0.051,0.815
112500,0.139,0.039,0.822
113000,0.144,0.072,0.784
113500,0.128,0.053,0.820
114000,0.125,0.040,0.836
114500,0.134,0.051,0.815
115000,0.144,0.045,0.810
115500,0.131,0.043,0.827
116000,0.142,0.042,0.816
116500,0.152,0.026,0.822
117000,0.138,0.048,0.814
117500,0.130,0.038,0.833
118000,0.124,0.040,0.836
118500,0.129,0.041,0.831
119000,0.141,0.031,0.828
119500,0.135,0.034,0.831
120000,0.143,0.040,0.817
120500,0.158,0.041,0.801
121000,0.144,0.048,0.807
121500,0.148,0.052,0.799
122000,0.152,0.050,0.797
122500,0.149,0.048,0.803
123000,0.139,0.049,0.812
123500,0.113,0.057,0.831
124000,0.129,0.050,0.822
124500,0.141,0.042,0.817
125000,0.152,0.041,0.807
125500,0.146,0.037,0.817
126000,0.151,0.036,0.813
126500,0.154,0.027,0.819
127000,0.149,0.035,0.816
127500,0.146,0.038,0.816
128000,0.132,0.034,0.834
128500,0.153,0.028,0.819
129000,0.151,0.035,0.815
129500,0.156,0.037,0.807
130000,0.147,0.034,0.819
130500,0.146,0.042,0.812
131000,0.164,0.039,0.797
131500,0.173,0.030,0.796
132000,0.182,0.033,0.784
132500,0.182,0.026,0.791
133000,0.154,0.032,0.815
133500,0.185,0.032,0.783
134000,0.188,0.024,0.788
134500,0.170,0.036,0.794
135000,0.170,0.034,0.796
135500,0.150,0.034,0.816
136000,0.137,0.035,0.828
136500,0.151,0.038,0.811
137000,0.151,0.044,0.804
137500,0.128,0.032,0.841
138000,0.158,0.036,0.806
138500,0.166,0.035,0.799
139000,0.143,0.047,0.810
139500,0.146,0.038,0.816
140000,0.154,0.036,0.810
140500,0.145,0.053,0.801
141000,0.184,0.043,0.773
141500,0.174,0.032,0.794
142000,0.159,0.034,0.807
142500,0.144,0.043,0.812
143000,0.138,0.050,0.812
143500,0.146,0.048,0.806
144000,0.161,0.032,0.807
144500,0.174,0.034,0.792
145000,0.172,0.032,0.796
145500,0.184,0.019,0.796
146000,0.164,0.022,0.814
146500,0.172,0.029,0.798
147000,0.182,0.025,0.793
147500,0.165,0.017,0.819
148000,0.187,0.025,0.787
148500,0.190,0.028,0.783
149000,0.182,0.033,0.785
149500,0.179,0.026,0.794
150000,0.174,0.021,0.804
150500,0.168,0.021,0.810
151000,0.176,0.026,0.798
151500,0.148,0.025,0.827
152000,0.171,0.037,0.792
152500,0.150,0.044,0.805
153000,0.137,0.046,0.817
153500,0.138,0.056,0.806
154000,0.136,0.042,0.823
154500,0.132,0.041,0.827
155000,0.149,0.038,0.812
155500,0.147,0.050,0.802
156000,0.143,0.048,0.809
156500,0.134,0.056,0.811
157000,0.142,0.051,0.807
157500,0.151,0.054,0.794
158000,0.132,0.049,0.819
158500,0.154,0.042,0.804
159000,0.149,0.036,0.815
159500,0.152,0.044,0.803
160000,0.154,0.043,0.803
160500,0.148,0.030,0.822
161000,0.145,0.029,0.826
161500,0.145,0.043,0.812
162000,0.138,0.043,0.819
162500,0.126,0.065,0.809
163000,0.141,0.064,0.795
163500,0.148,0.050,0.802
164000,0.148,0.044,0.807
164500,0.141,0.044,0.815
165000,0.140,0.054,0.805
165500,0.126,0.049,0.826
166000,0.132,0.048,0.820
166500,0.148,0.034,0.819
167000,0.152,0.037,0.810
167500,0.139,0.039,0.822
168000,0.142,0.042,0.816
168500,0.146,0.035,0.819
169000,0.163,0.037,0.800
169500,0.139,0.042,0.820
170000,0.133,0.042,0.826
170500,0.130,0.037,0.833
171000,0.139,0.033,0.828
171500,0.146,0.041,0.812
172000,0.136,0.044,0.820
172500,0.147,0.051,0.801
173000,0.133,0.052,0.815
173500,0.140,0.048,0.812
174000,0.134,0.048,0.819
174500,0.140,0.043,0.818
175000,0.128,0.050,0.823
175500,0.127,0.042,0.831
176000,0.138,0.055,0.807
176500,0.126,0.059,0.816
177000,0.135,0.053,0.812
177500,0.138,0.048,0.815
178000,0.143,0.038,0.819
178500,0.149,0.032,0.820
179000,0.154,0.038,0.807
179500,0.151,0.045,0.803
180000,0.157,0.042,0.801
180500,0.149,0.048,0.803
181000,0.138,0.067,0.796
181500,0.123,0.050,0.827
182000,0.133,0.059,0.809
182500,0.121,0.051,0.828
183000,0.106,0.047,0.847
183500,0.116,0.058,0.826
184000,0.120,0.054,0.826
184500,0.138,0.054,0.808
185000,0.138,0.057,0.805
185500,0.151,0.053,0.796
186000,0.149,0.042,0.809
186500,0.141,0.030,0.829
187000,0.144,0.038,0.818
187500,0.150,0.036,0.813
188000,0.168,0.037,0.795
188500,0.172,0.029,0.799
189000,0.157,0.034,0.809
189500,0.146,0.033,0.821
190000,0.149,0.026,0.824
190500,0.152,0.035,0.813
191000,0.140,0.035,0.825
191500,0.143,0.037,0.820
192000,0.141,0.040,0.819
192500,0.158,0.044,0.797
193000,0.161,0.034,0.806
193500,0.146,0.046,0.807
194000,0.172,0.039,0.788
194500,0.148,0.042,0.809
195000,0.141,0.037,0.822
195500,0.145,0.041,0.815
196000,0.135,0.070,0.796
196500,0.147,0.050,0.803
197000,0.138,0.050,0.812
197500,0.134,0.044,0.823
198000,0.138,0.036,0.826
198500,0.126,0.030,0.844
199000,0.117,0.038,0.845
199500,0.133,0.052,0.815
200000,0.147,0.051,0.801
200500,0.152,0.042,0.806
201000,0.150,0.042,0.808
201500,0.147,0.049,0.803
202000,0.134,0.057,0.809
202500,0.134,0.060,0.806
203000,0.144,0.061,0.794
203500,0.149,0.065,0.786
204000,0.167,0.060,0.772
204500,0.163,0.051,0.786
205000,0.170,0.052,0.778
205500,0.173,0.037,0.790
206000,0.151,0.034,0.815
206500,0.157,0.034,0.809
207000,0.164,0.021,0.815
207500,0.161,0.026,0.813
208000,0.148,0.045,0.807
208500,0.136,0.044,0.820
209000,0.140,0.042,0.819
209500,0.150,0.042,0.808
210000,0.155,0.030,0.814
210500,0.156,0.036,0.807
211000,0.153,0.039,0.808
211500,0.153,0.038,0.808
212000,0.151,0.034,0.815
212500,0.144,0.038,0.818
213000,0.142,0.034,0.824
213500,0.148,0.051,0.800
214000,0.145,0.044,0.810
214500,0.136,0.052,0.811
215000,0.140,0.059,0.801
215500,0.127,0.069,0.804
216000,0.141,0.044,0.815
216500,0.153,0.030,0.817
217000,0.146,0.037,0.817
217500,0.152,0.030,0.817
218000,0.153,0.022,0.825
218500,0.156,0.033,0.811
219000,0.134,0.046,0.820
219500,0.122,0.037,0.840
220000,0.138,0.047,0.816
220500,0.151,0.033,0.816
221000,0.159,0.030,0.811
221500,0.162,0.027,0.811
222000,0.174,0.030,0.796
222500,0.163,0.029,0.808
223000,0.161,0.044,0.795
223500,0.158,0.035,0.807
224000,0.164,0.038,0.798
224500,0.168,0.033,0.800
225000,0.160,0.035,0.804
225500,0.162,0.029,0.808
226000,0.169,0.040,0.791
226500,0.165,0.041,0.794
227000,0.164,0.033,0.803
227500,0.162,0.029,0.809
228000,0.162,0.030,0.808
228500,0.147,0.035,0.818
229000,0.142,0.049,0.808
229500,0.139,0.051,0.809
230000,0.170,0.040,0.790
230500,0.148,0.051,0.801
231000,0.147,0.046,0.807
231500,0.153,0.041,0.805
232000,0.151,0.042,0.807
232500,0.144,0.040,0.817
233000,0.151,0.035,0.814
233500,0.136,0.038,0.827
234000,0.142,0.036,0.822
234500,0.142,0.053,0.804
235000,0.141,0.064,0.794
235500,0.156,0.057,0.787
236000,0.145,0.049,0.806
236500,0.155,0.042,0.803
237000,0.153,0.030,0.817
237500,0.164,0.039,0.797
238000,0.166,0.036,0.798
238500,0.159,0.048,0.793
239000,0.161,0.051,0.788
239500,0.160,0.037,0.802
240000,0.159,0.038,0.803
240500,0.142,0.044,0.814
241000,0.173,0.038,0.788
241500,0.168,0.035,0.796
242000,0.159,0.036,0.805
242500,0.158,0.029,0.812
243000,0.170,0.037,0.793
243500,0.170,0.035,0.795
244000,0.150,0.051,0.798
244500,0.155,0.054,0.791
245000,0.156,0.046,0.798
245500,0.163,0.040,0.797
246000,0.138,0.038,0.824
246500,0.136,0.053,0.810
247000,0.142,0.050,0.807
247500,0.134,0.051,0.815
248000,0.152,0.039,0.808
248500,0.150,0.044,0.806
249000,0.161,0.038,0.801
249500,0.170,0.041,0.789
250000,0.143,0.052,0.805
250500,0.139,0.051,0.810
251000,0.134,0.049,0.818
251500,0.140,0.044,0.816
252000,0.162,0.047,0.791
252500,0.160,0.046,0.794
253000,0.136,0.041,0.823
253500,0.139,0.041,0.821
254000,0.140,0.049,0.811
254500,0.122,0.043,0.835
255000,0.139,0.045,0.816
255500,0.138,0.044,0.818
256000,0.159,0.034,0.807
256500,0.171,0.037,0.792
257000,0.155,0.030,0.814
257500,0.151,0.038,0.811
258000,0.156,0.039,0.805
258500,0.160,0.043,0.797
259000,0.146,0.035,0.819
259500,0.152,0.032,0.816
260000,0.140,0.036,0.824
260500,0.138,0.034,0.828
261000,0.131,0.038,0.831
261500,0.125,0.041,0.835
262000,0.136,0.037,0.827
262500,0.137,0.038,0.825
263000,0.146,0.052,0.801
263500,0.152,0.038,0.809
264000,0.152,0.043,0.804
264500,0.149,0.044,0.807
265000,0.164,0.034,0.803
265500,0.168,0.047,0.785
266000,0.183,0.044,0.772
266500,0.169,0.034,0.798
267000,0.168,0.033,0.799
267500,0.152,0.044,0.804
268000,0.159,0.046,0.795
268500,0.153,0.048,0.799
269000,0.150,0.048,0.802
269500,0.156,0.041,0.803
270000,0.155,0.028,0.817
270500,0.149,0.035,0.817
271000,0.160,0.036,0.804
271500,0.167,0.034,0.800
272000,0.160,0.045,0.795
272500,0.141,0.043,0.816
273000,0.158,0.032,0.811
273500,0.167,0.023,0.810
274000,0.175,0.025,0.800
274500,0.169,0.024,0.807
275000,0.173,0.026,0.800
275500,0.162,0.048,0.790
276000,0.153,0.044,0.802
276500,0.158,0.041,0.801
277000,0.176,0.041,0.783
277500,0.162,0.051,0.787
278000,0.145,0.059,0.796
278500,0.155,0.058,0.787
279000,0.162,0.053,0.784
279500,0.154,0.049,0.796
280000,0.165,0.047,0.788
280500,0.155,0.036,0.808
281000,0.163,0.039,0.798
281500,0.171,0.030,0.799
282000,0.170,0.034,0.796
282500,0.152,0.048,0.800
283000,0.171,0.037,0.792
283500,0.175,0.043,0.782
284000,0.181,0.042,0.776
284500,0.168,0.038,0.794
285000,0.179,0.042,0.779
285500,0.169,0.032,0.799
286000,0.164,0.024,0.812
286500,0.166,0.041,0.793
287000,0.170,0.037,0.793
287500,0.159,0.030,0.811
288000,0.162,0.033,0.805
288500,0.170,0.023,0.807
289000,0.174,0.025,0.801
289500,0.177,0.025,0.797
290000,0.183,0.039,0.778
290500,0.185,0.035,0.779
291000,0.186,0.052,0.762
291500,0.166,0.043,0.790
292000,0.144,0.051,0.804
292500,0.143,0.042,0.815
293000,0.131,0.050,0.819
293500,0.154,0.051,0.795
294000,0.162,0.047,0.791
294500,0.159,0.045,0.795
295000,0.151,0.044,0.804
295500,0.176,0.041,0.783
296000,0.167,0.051,0.782
296500,0.158,0.035,0.807
297000,0.154,0.026,0.820
297500,0.149,0.043,0.807
298000,0.138,0.044,0.819
298500,0.135,0.040,0.826
299000,0.136,0.044,0.820
299500,0.136,0.037,0.827
300000,0.165,0.042,0.794
300500,0.146,0.042,0.812
301000,0.151,0.037,0.811
301500,0.160,0.031,0.809
302000,0.169,0.035,0.796
302500,0.173,0.028,0.799
303000,0.170,0.040,0.790
303500,0.196,0.021,0.784
304000,0.171,0.037,0.792
304500,0.168,0.038,0.794
305000,0.141,0.036,0.823
305500,0.142,0.050,0.808
306000,0.141,0.032,0.827
306500,0.138,0.037,0.825
307000,0.134,0.035,0.832
307500,0.137,0.044,0.819
308000,0.149,0.042,0.808
308500,0.166,0.043,0.792
309000,0.147,0.048,0.805
309500,0.134,0.032,0.834
310000,0.131,0.045,0.824
310500,0.144,0.033,0.824
311000,0.163,0.035,0.802
311500,0.159,0.043,0.798
312000,0.143,0.058,0.799
312500,0.155,0.050,0.795
313000,0.167,0.050,0.783
313500,0.168,0.040,0.792
314000,0.167,0.037,0.795
314500,0.145,0.044,0.811
315000,0.169,0.036,0.795
315500,0.168,0.031,0.801
316000,0.172,0.037,0.791
316500,0.166,0.035,0.798
317000,0.169,0.031,0.800
317500,0.171,0.031,0.798
318000,0.137,0.049,0.815
318500,0.136,0.041,0.823
319000,0.132,0.051,0.818
319500,0.141,0.060,0.798
320000,0.147,0.049,0.804
320500,0.164,0.046,0.790
321000,0.154,0.034,0.812
321500,0.147,0.046,0.806
322000,0.150,0.039,0.810
322500,0.142,0.044,0.814
323000,0.126,0.058,0.817
323500,0.133,0.045,0.822
324000,0.157,0.048,0.795
324500,0.162,0.050,0.789
325000,0.155,0.054,0.790
325500,0.142,0.045,0.813
326000,0.148,0.046,0.805
326500,0.144,0.044,0.811
327000,0.139,0.036,0.825
327500,0.166,0.035,0.799
328000,0.165,0.042,0.794
328500,0.168,0.033,0.799
329000,0.170,0.024,0.806
329500,0.162,0.021,0.817
330000,0.151,0.025,0.823
330500,0.153,0.035,0.811
331000,0.136,0.042,0.823
331500,0.128,0.044,0.828
332000,0.155,0.038,0.806
332500,0.163,0.043,0.794
333000,0.143,0.044,0.813
333500,0.157,0.046,0.797
334000,0.156,0.047,0.797
334500,0.161,0.042,0.797
335000,0.155,0.040,0.805
335500,0.173,0.029,0.798
336000,0.163,0.038,0.799
336500,0.173,0.028,0.799
337000,0.181,0.023,0.795
337500,0.172,0.028,0.799
338000,0.191,0.029,0.781
338500,0.164,0.027,0.809
339000,0.158,0.041,0.801
339500,0.154,0.036,0.809
340000,0.174,0.022,0.804
340500,0.191,0.022,0.786
341000,0.186,0.020,0.793
341500,0.194,0.021,0.785
342000,0.188,0.035,0.777
342500,0.186,0.028,0.787
343000,0.172,0.044,0.784
343500,0.172,0.043,0.785
344000,0.157,0.038,0.805
344500,0.156,0.033,0.811
345000,0.155,0.038,0.806
345500,0.164,0.027,0.809
346000,0.168,0.035,0.797
346500,0.169,0.029,0.803
347000,0.144,0.036,0.819
347500,0.150,0.033,0.818
348000,0.153,0.036,0.810
348500,0.133,0.031,0.836
349000,0.148,0.042,0.810
349500,0.151,0.032,0.817
350000,0.175,0.032,0.793
350500,0.163,0.033,0.804
351000,0.155,0.032,0.814
351500,0.165,0.032,0.803
352000,0.146,0.049,0.805
352500,0.130,0.043,0.827
353000,0.133,0.028,0.839
353500,0.147,0.053,0.800
354000,0.145,0.047,0.808
354500,0.160,0.037,0.803
355000,0.152,0.038,0.809
355500,0.151,0.040,0.808
356000,0.145,0.051,0.804
356500,0.133,0.044,0.823
357000,0.129,0.045,0.826
357500,0.132,0.041,0.828
358000,0.139,0.046,0.815
358500,0.136,0.051,0.812
359000,0.146,0.049,0.805
359500,0.149,0.045,0.805
360000,0.135,0.060,0.805
360500,0.136,0.059,0.805
361000,0.140,0.063,0.797
361500,0.149,0.042,0.809
362000,0.157,0.048,0.795
362500,0.146,0.045,0.808
363000,0.135,0.042,0.824
363500,0.144,0.048,0.808
364000,0.165,0.041,0.794
364500,0.155,0.032,0.813
365000,0.154,0.039,0.807
365500,0.165,0.043,0.791
366000,0.159,0.030,0.811
366500,0.171,0.032,0.797
367000,0.171,0.028,0.801
367500,0.155,0.048,0.797
368000,0.154,0.055,0.791
368500,0.145,0.050,0.805
369000,0.151,0.044,0.804
369500,0.144,0.046,0.809
370000,0.139,0.043,0.819
370500,0.121,0.043,0.837
371000,0.136,0.035,0.829
371500,0.123,0.041,0.836
372000,0.126,0.054,0.820
372500,0.135,0.053,0.811
373000,0.132,0.051,0.818
373500,0.132,0.047,0.821
374000,0.144,0.037,0.819
374500,0.177,0.048,0.775
375000,0.168,0.040,0.793
375500,0.148,0.035,0.816
376000,0.129,0.040,0.832
376500,0.144,0.036,0.819
377000,0.156,0.035,0.809
377500,0.131,0.033,0.837
378000,0.136,0.049,0.816
378500,0.127,0.050,0.823
379000,0.143,0.064,0.793
379500,0.154,0.051,0.795
380000,0.143,0.055,0.802
380500,0.147,0.051,0.802
381000,0.145,0.042,0.814
381500,0.144,0.034,0.822
382000,0.158,0.034,0.809
382500,0.175,0.017,0.808
383000,0.183,0.013,0.803
383500,0.186,0.017,0.796
384000,0.192,0.025,0.784
384500,0.177,0.030,0.793
385000,0.157,0.047,0.796
385500,0.178,0.030,0.791
386000,0.180,0.029,0.790
386500,0.172,0.036,0.792
387000,0.158,0.022,0.821
387500,0.154,0.035,0.811
388000,0.157,0.035,0.808
388500,0.145,0.048,0.807
389000,0.145,0.042,0.814
389500,0.139,0.051,0.810
390000,0.145,0.036,0.819
390500,0.145,0.046,0.809
391000,0.162,0.057,0.782
391500,0.161,0.048,0.791
392000,0.151,0.043,0.806
392500,0.133,0.038,0.829
393000,0.135,0.037,0.828
393500,0.135,0.044,0.821
394000,0.135,0.035,0.830
394500,0.160,0.036,0.804
395000,0.142,0.029,0.829
395500,0.145,0.046,0.808
396000,0.141,0.056,0.802
396500,0.133,0.059,0.807
397000,0.134,0.049,0.817
397500,0.127,0.055,0.818
398000,0.143,0.046,0.810
398500,0.129,0.053,0.818
399000,0.120,0.058,0.823
399500,0.121,0.062,0.817
400000,0.122,0.051,0.827
400500,0.124,0.051,0.826
401000,0.139,0.044,0.817
401500,0.134,0.036,0.831
402000,0.155,0.049,0.795
402500,0.134,0.052,0.814
403000,0.135,0.065,0.800
403500,0.137,0.067,0.796
404000,0.130,0.060,0.810
404500,0.115,0.065,0.821
405000,0.144,0.062,0.794
405500,0.144,0.049,0.807
406000,0.143,0.044,0.813
406500,0.148,0.040,0.812
407000,0.157,0.036,0.807
407500,0.139,0.034,0.828
408000,0.145,0.037,0.817
408500,0.153,0.046,0.800
409000,0.163,0.049,0.789
409500,0.140,0.058,0.802
410000,0.144,0.058,0.798
410500,0.155,0.057,0.788
411000,0.166,0.033,0.801
411500,0.151,0.035,0.814
412000,0.140,0.033,0.828
412500,0.147,0.042,0.811
413000,0.151,0.043,0.805
413500,0.154,0.040,0.806
414000,0.146,0.039,0.815
414500,0.139,0.044,0.817
415000,0.150,0.041,0.809
415500,0.154,0.054,0.792
416000,0.150,0.047,0.802
416500,0.174,0.038,0.787
417000,0.146,0.033,0.821
417500,0.172,0.034,0.794
418000,0.166,0.032,0.802
418500,0.152,0.040,0.808
419000,0.140,0.044,0.816
419500,0.125,0.057,0.819
420000,0.130,0.049,0.822
420500,0.131,0.054,0.815
421000,0.132,0.067,0.801
421500,0.123,0.069,0.808
422000,0.134,0.051,0.815
422500,0.148,0.040,0.811
423000,0.152,0.027,0.821
423500,0.149,0.037,0.813
424000,0.160,0.042,0.798
424500,0.147,0.042,0.810
425000,0.132,0.044,0.824
425500,0.135,0.048,0.818
426000,0.143,0.038,0.819
426500,0.153,0.050,0.797
427000,0.128,0.048,0.825
427500,0.141,0.047,0.811
428000,0.143,0.035,0.822
428500,0.166,0.037,0.797
429000,0.164,0.040,0.796
429500,0.144,0.040,0.816
430000,0.128,0.054,0.818
430500,0.122,0.057,0.822
431000,0.121,0.051,0.829
431500,0.122,0.058,0.819
432000,0.126,0.057,0.818
432500,0.133,0.060,0.807
433000,0.145,0.043,0.811
433500,0.145,0.053,0.801
434000,0.146,0.050,0.804
434500,0.158,0.036,0.805
435000,0.149,0.037,0.814
435500,0.141,0.043,0.816
436000,0.145,0.040,0.815
436500,0.135,0.035,0.830
437000,0.149,0.037,0.814
437500,0.160,0.029,0.811
438000,0.159,0.035,0.806
438500,0.150,0.036,0.813
439000,0.166,0.030,0.803
439500,0.169,0.029,0.801
440000,0.154,0.034,0.812
440500,0.138,0.036,0.826
441000,0.138,0.043,0.819
441500,0.165,0.056,0.779
442000,0.181,0.039,0.780
442500,0.181,0.041,0.777
443000,0.175,0.026,0.799
443500,0.179,0.024,0.796
444000,0.162,0.031,0.807
444500,0.154,0.035,0.810
445000,0.172,0.033,0.795
445500,0.162,0.042,0.796
446000,0.149,0.040,0.811
446500,0.139,0.037,0.824
447000,0.146,0.036,0.818
447500,0.136,0.040,0.825
448000,0.136,0.042,0.822
448500,0.164,0.035,0.801
449000,0.173,0.043,0.783
449500,0.164,0.032,0.804
450000,0.179,0.037,0.783
450500,0.158,0.029,0.814
451000,0.172,0.033,0.795
451500,0.136,0.035,0.830
452000,0.148,0.044,0.807
452500,0.151,0.055,0.793
453000,0.170,0.048,0.782
453500,0.143,0.052,0.804
454000,0.149,0.034,0.818
454500,0.155,0.038,0.806
455000,0.148,0.043,0.808
455500,0.144,0.029,0.826
456000,0.153,0.023,0.824
456500,0.149,0.043,0.807
457000,0.169,0.039,0.792
457500,0.168,0.029,0.802
458000,0.166,0.043,0.791
458500,0.163,0.038,0.799
459000,0.151,0.033,0.817
459500,0.153,0.033,0.814
460000,0.143,0.034,0.823
460500,0.151,0.022,0.826
461000,0.146,0.040,0.814
461500,0.149,0.041,0.810
462000,0.148,0.040,0.812
462500,0.152,0.034,0.814
463000,0.164,0.037,0.799
463500,0.183,0.038,0.778
464000,0.175,0.025,0.799
464500,0.176,0.030,0.793
465000,0.187,0.024,0.789
465500,0.173,0.027,0.799
466000,0.176,0.049,0.776
466500,0.178,0.035,0.787
467000,0.164,0.033,0.803
467500,0.177,0.034,0.788
468000,0.175,0.030,0.794
468500,0.172,0.033,0.795
469000,0.156,0.044,0.800
469500,0.149,0.050,0.801
470000,0.153,0.045,0.802
470500,0.157,0.033,0.810
471000,0.158,0.025,0.817
471500,0.166,0.038,0.796
472000,0.144,0.045,0.810
472500,0.135,0.040,0.825
473000,0.164,0.036,0.800
473500,0.162,0.036,0.802
474000,0.171,0.028,0.801
474500,0.173,0.032,0.794
475000,0.165,0.034,0.801
475500,0.163,0.032,0.805
476000,0.180,0.045,0.775
476500,0.159,0.036,0.804
477000,0.161,0.035,0.804
477500,0.147,0.035,0.818
478000,0.163,0.032,0.806
478500,0.169,0.026,0.804
479000,0.178,0.025,0.797
479500,0.144,0.038,0.818
480000,0.146,0.056,0.798
480500,0.135,0.059,0.807
481000,0.140,0.053,0.807
481500,0.158,0.046,0.796
482000,0.157,0.046,0.797
482500,0.141,0.044,0.815
483000,0.141,0.051,0.807
483500,0.138,0.052,0.810
484000,0.131,0.052,0.817
484500,0.108,0.071,0.821
485000,0.112,0.054,0.834
485500,0.120,0.056,0.824
486000,0.133,0.057,0.810
486500,0.130,0.045,0.826
487000,0.151,0.041,0.808
487500,0.138,0.033,0.830
488000,0.141,0.035,0.824
488500,0.155,0.035,0.810
489000,0.167,0.037,0.795
489500,0.161,0.046,0.793
490000,0.159,0.042,0.800
490500,0.147,0.053,0.799
491000,0.160,0.041,0.800
491500,0.160,0.032,0.808
492000,0.153,0.031,0.816
492500,0.145,0.041,0.814
493000,0.150,0.040,0.810
493500,0.144,0.045,0.810
494000,0.151,0.056,0.793
494500,0.145,0.043,0.811
495000,0.147,0.050,0.803
495500,0.154,0.048,0.798
496000,0.171,0.040,0.790
496500,0.172,0.034,0.794
497000,0.159,0.018,0.823
497500,0.162,0.021,0.818
498000,0.175,0.026,0.798
498500,0.169,0.022,0.809
499000,0.170,0.034,0.796
499500,0.176,0.021,0.803
500000,0.154,0.027,0.819
500500,0.148,0.049,0.803
501000,0.170,0.030,0.800
501500,0.170,0.039,0.791
502000,0.173,0.035,0.792
502500,0.175,0.028,0.797
503000,0.162,0.044,0.793
503500,0.159,0.037,0.804
504000,0.145,0.033,0.822
504500,0.127,0.034,0.839
505000,0.129,0.045,0.826
505500,0.142,0.035,0.823
506000,0.158,0.036,0.806
506500,0.164,0.039,0.797
507000,0.159,0.040,0.801
507500,0.140,0.037,0.823
508000,0.141,0.042,0.818
508500,0.141,0.037,0.822
509000,0.152,0.044,0.803
509500,0.141,0.056,0.803
510000,0.160,0.048,0.792
510500,0.164,0.044,0.791
511000,0.147,0.059,0.794
511500,0.152,0.050,0.798
512000,0.152,0.038,0.809
512500,0.131,0.037,0.832
513000,0.139,0.036,0.825
513500,0.148,0.046,0.805
514000,0.166,0.028,0.806
514500,0.169,0.033,0.798
515000,0.152,0.026,0.821
515500,0.165,0.033,0.802
516000,0.145,0.032,0.824
516500,0.137,0.026,0.837
517000,0.149,0.035,0.816
517500,0.159,0.043,0.798
518000,0.142,0.041,0.817
518500,0.146,0.035,0.818
519000,0.127,0.051,0.822
519500,0.136,0.045,0.819
520000,0.145,0.038,0.817
520500,0.137,0.043,0.820
521000,0.121,0.042,0.838
521500,0.145,0.040,0.815
522000,0.140,0.045,0.815
522500,0.145,0.042,0.813
523000,0.165,0.027,0.808
523500,0.165,0.038,0.797
524000,0.171,0.030,0.799
524500,0.150,0.038,0.811
525000,0.152,0.037,0.810
525500,0.157,0.033,0.811
526000,0.157,0.035,0.808
526500,0.145,0.025,0.829
527000,0.156,0.043,0.801
527500,0.151,0.039,0.810
528000,0.150,0.038,0.812
528500,0.158,0.032,0.811
529000,0.137,0.052,0.810
529500,0.138,0.049,0.814
530000,0.143,0.037,0.820
530500,0.146,0.035,0.818
531000,0.147,0.044,0.808
531500,0.141,0.047,0.811
532000,0.163,0.037,0.800
532500,0.155,0.036,0.809
533000,0.154,0.025,0.821
533500,0.167,0.023,0.810
534000,0.172,0.029,0.799
534500,0.168,0.030,0.802
535000,0.176,0.029,0.794
535500,0.172,0.039,0.789
536000,0.154,0.051,0.794
536500,0.156,0.050,0.794
537000,0.132,0.059,0.808
537500,0.132,0.045,0.823
538000,0.129,0.043,0.829
538500,0.145,0.035,0.820
539000,0.137,0.033,0.831
539500,0.153,0.032,0.816
540000,0.149,0.043,0.808
540500,0.140,0.040,0.820
541000,0.133,0.049,0.819
541500,0.153,0.046,0.800
542000,0.154,0.063,0.783
542500,0.140,0.060,0.800
543000,0.124,0.052,0.824
543500,0.139,0.052,0.809
544000,0.144,0.053,0.802
544500,0.141,0.048,0.811
545000,0.143,0.035,0.822
545500,0.153,0.027,0.820
546000,0.140,0.030,0.830
546500,0.162,0.028,0.810
547000,0.161,0.028,0.811
547500,0.158,0.035,0.807
548000,0.131,0.048,0.822
548500,0.134,0.044,0.822
549000,0.136,0.040,0.825
549500,0.144,0.054,0.801
550000,0.145,0.064,0.791
550500,0.141,0.055,0.804
551000,0.136,0.054,0.809
551500,0.130,0.050,0.821
552000,0.135,0.045,0.820
552500,0.153,0.047,0.800
553000,0.160,0.043,0.797
553500,0.163,0.041,0.797
554000,0.164,0.036,0.799
554500,0.172,0.043,0.786
555000,0.164,0.043,0.794
555500,0.153,0.050,0.797
556000,0.159,0.038,0.802
556500,0.159,0.038,0.803
557000,0.159,0.046,0.795
557500,0.164,0.036,0.800
558000,0.136,0.062,0.802
558500,0.143,0.066,0.790
559000,0.140,0.052,0.807
559500,0.146,0.043,0.810
560000,0.169,0.038,0.793
560500,0.156,0.040,0.804
561000,0.154,0.046,0.799
561500,0.150,0.053,0.796
562000,0.163,0.053,0.784
562500,0.149,0.046,0.804
563000,0.147,0.037,0.815
563500,0.125,0.042,0.833
564000,0.142,0.031,0.827
564500,0.130,0.048,0.823
565000,0.123,0.053,0.824
565500,0.139,0.046,0.815
566000,0.144,0.043,0.812
566500,0.163,0.033,0.805
567000,0.171,0.039,0.790
567500,0.169,0.045,0.786
568000,0.173,0.042,0.784
568500,0.162,0.033,0.805
569000,0.143,0.031,0.826
569500,0.143,0.034,0.823
570000,0.153,0.035,0.811
570500,0.153,0.036,0.811
571000,0.160,0.035,0.806
571500,0.172,0.029,0.798
572000,0.155,0.030,0.815
572500,0.163,0.028,0.810
573000,0.153,0.048,0.799
573500,0.141,0.046,0.813
574000,0.138,0.040,0.822
574500,0.149,0.038,0.813
575000,0.139,0.054,0.807
575500,0.156,0.045,0.799
576000,0.145,0.045,0.809
576500,0.134,0.042,0.824
577000,0.143,0.056,0.800
577500,0.152,0.056,0.791
578000,0.140,0.052,0.808
578500,0.142,0.051,0.807
579000,0.144,0.048,0.808
579500,0.146,0.048,0.806
580000,0.149,0.053,0.797
580500,0.157,0.049,0.795
581000,0.164,0.046,0.790
581500,0.166,0.039,0.795
582000,0.172,0.032,0.796
582500,0.141,0.035,0.823
583000,0.140,0.033,0.827
583500,0.148,0.026,0.826
584000,0.161,0.029,0.810
584500,0.153,0.050,0.797
585000,0.146,0.047,0.806
585500,0.148,0.038,0.814
586000,0.172,0.038,0.790
586500,0.169,0.040,0.791
587000,0.148,0.049,0.803
587500,0.152,0.059,0.788
588000,0.147,0.035,0.818
588500,0.142,0.042,0.816
589000,0.145,0.038,0.817
589500,0.139,0.041,0.820
590000,0.144,0.035,0.821
590500,0.136,0.037,0.827
591000,0.144,0.043,0.812
591500,0.148,0.037,0.815
592000,0.152,0.037,0.811
592500,0.144,0.039,0.817
593000,0.132,0.044,0.824
593500,0.143,0.044,0.812
594000,0.133,0.038,0.829
594500,0.127,0.043,0.831
595000,0.115,0.059,0.827
595500,0.123,0.050,0.827
596000,0.126,0.044,0.830
596500,0.125,0.049,0.827
597000,0.120,0.072,0.808
597500,0.127,0.051,0.822
598000,0.117,0.052,0.831
598500,0.136,0.049,0.816
599000,0.134,0.057,0.809
599500,0.141,0.059,0.800
600000,0.144,0.060,0.795
600500,0.136,0.061,0.804
601000,0.152,0.030,0.818
601500,0.164,0.030,0.805
602000,0.158,0.026,0.816
602500,0.165,0.019,0.816
603000,0.172,0.031,0.796
603500,0.146,0.029,0.825
604000,0.148,0.027,0.825
604500,0.157,0.035,0.808
605000,0.161,0.026,0.812
605500,0.170,0.026,0.803
606000,0.159,0.027,0.815
606500,0.147,0.033,0.820
607000,0.159,0.054,0.786
607500,0.160,0.042,0.799
608000,0.148,0.047,0.805
608500,0.123,0.070,0.806
609000,0.117,0.064,0.820
609500,0.112,0.081,0.807
610000,0.124,0.068,0.808
610500,0.119,0.060,0.821
611000,0.136,0.057,0.807
611500,0.145,0.065,0.790
612000,0.149,0.048,0.802
612500,0.147,0.050,0.802
613000,0.142,0.049,0.809
613500,0.138,0.061,0.801
614000,0.160,0.059,0.782
614500,0.152,0.058,0.790
615000,0.142,0.049,0.809
615500,0.154,0.059,0.786
616000,0.140,0.059,0.802
616500,0.137,0.061,0.802
617000,0.137,0.062,0.801
617500,0.144,0.040,0.816
618000,0.142,0.042,0.816
618500,0.153,0.037,0.809
619000,0.163,0.054,0.783
619500,0.147,0.049,0.804
620000,0.144,0.049,0.806
620500,0.134,0.045,0.821
621000,0.121,0.044,0.834
621500,0.133,0.057,0.811
622000,0.110,0.068,0.822
622500,0.118,0.070,0.812
623000,0.123,0.059,0.818
623500,0.120,0.057,0.823
624000,0.169,0.043,0.787
624500,0.149,0.049,0.802
625000,0.150,0.048,0.802
625500,0.149,0.048,0.803
626000,0.137,0.035,0.828
626500,0.144,0.035,0.821
627000,0.136,0.036,0.829
627500,0.156,0.049,0.795
628000,0.134,0.047,0.820
628500,0.148,0.035,0.817
629000,0.144,0.036,0.819
629500,0.142,0.039,0.819
630000,0.147,0.049,0.803
630500,0.124,0.051,0.825
631000,0.132,0.037,0.831
631500,0.145,0.030,0.825
632000,0.157,0.028,0.815
632500,0.164,0.033,0.804
633000,0.170,0.026,0.804
633500,0.172,0.034,0.794
634000,0.164,0.035,0.800
634500,0.161,0.029,0.810
635000,0.165,0.044,0.790
635500,0.143,0.049,0.808
636000,0.165,0.052,0.783
636500,0.178,0.046,0.776
637000,0.173,0.036,0.791
637500,0.153,0.040,0.806
638000,0.143,0.048,0.808
638500,0.140,0.042,0.819
639000,0.141,0.051,0.808
639500,0.151,0.049,0.799
640000,0.136,0.048,0.817
640500,0.126,0.056,0.818
641000,0.132,0.056,0.813
641500,0.136,0.068,0.797
642000,0.134,0.051,0.816
642500,0.151,0.036,0.813
643000,0.140,0.044,0.816
643500,0.162,0.040,0.799
644000,0.159,0.036,0.805
644500,0.156,0.036,0.808
645000,0.153,0.043,0.804
645500,0.158,0.041,0.801
646000,0.150,0.036,0.814
646500,0.143,0.044,0.813
647000,0.137,0.059,0.804
647500,0.135,0.050,0.815
648000,0.141,0.046,0.813
648500,0.144,0.037,0.819
649000,0.122,0.035,0.843
649500,0.138,0.038,0.825
650000,0.143,0.043,0.814
650500,0.172,0.031,0.797
651000,0.170,0.033,0.798
651500,0.150,0.039,0.811
652000,0.134,0.032,0.834
652500,0.156,0.028,0.817
653000,0.154,0.021,0.825
653500,0.152,0.033,0.816
654000,0.153,0.037,0.809
654500,0.151,0.046,0.803
655000,0.166,0.034,0.800
655500,0.151,0.031,0.818
656000,0.138,0.034,0.829
656500,0.162,0.033,0.806
657000,0.170,0.029,0.802
657500,0.159,0.037,0.804
658000,0.157,0.031,0.812
658500,0.166,0.031,0.803
659000,0.178,0.025,0.797
659500,0.174,0.021,0.805
660000,0.169,0.030,0.801
660500,0.148,0.035,0.816
661000,0.156,0.034,0.810
661500,0.167,0.036,0.797
662000,0.177,0.029,0.794
662500,0.171,0.029,0.800
663000,0.165,0.037,0.798
663500,0.146,0.038,0.815
664000,0.162,0.035,0.803
664500,0.158,0.027,0.816
665000,0.159,0.030,0.811
665500,0.177,0.025,0.797
666000,0.149,0.032,0.819
666500,0.155,0.026,0.819
667000,0.156,0.023,0.821
667500,0.158,0.029,0.813
668000,0.160,0.036,0.803
668500,0.176,0.034,0.790
669000,0.172,0.028,0.799
669500,0.173,0.031,0.796
670000,0.163,0.032,0.805
670500,0.171,0.025,0.804
671000,0.174,0.029,0.796
671500,0.191,0.029,0.781
672000,0.169,0.029,0.802
672500,0.156,0.036,0.808
673000,0.138,0.035,0.828
673500,0.144,0.031,0.825
674000,0.147,0.035,0.818
674500,0.156,0.034,0.810
675000,0.147,0.052,0.801
675500,0.158,0.057,0.785
676000,0.156,0.049,0.795
676500,0.133,0.046,0.821
677000,0.139,0.057,0.805
677500,0.134,0.042,0.824
678000,0.143,0.051,0.806
678500,0.169,0.048,0.784
679000,0.173,0.036,0.790
679500,0.164,0.038,0.797
680000,0.160,0.042,0.798
680500,0.158,0.057,0.785
681000,0.179,0.050,0.771
681500,0.165,0.041,0.794
682000,0.140,0.036,0.824
682500,0.146,0.029,0.824
683000,0.139,0.034,0.827
683500,0.153,0.043,0.804
684000,0.132,0.043,0.826
684500,0.147,0.043,0.810
685000,0.158,0.035,0.807
685500,0.142,0.036,0.822
686000,0.145,0.042,0.814
686500,0.161,0.037,0.802
687000,0.144,0.042,0.814
687500,0.142,0.047,0.810
688000,0.149,0.042,0.809
688500,0.159,0.041,0.800
689000,0.149,0.058,0.793
689500,0.138,0.056,0.806
690000,0.145,0.069,0.786
690500,0.138,0.053,0.808
691000,0.151,0.044,0.804
691500,0.157,0.052,0.791
692000,0.139,0.049,0.812
692500,0.141,0.043,0.816
693000,0.135,0.037,0.828
693500,0.120,0.048,0.833
694000,0.134,0.032,0.834
694500,0.149,0.041,0.809
695000,0.146,0.039,0.815
695500,0.140,0.049,0.811
696000,0.142,0.043,0.815
696500,0.145,0.035,0.821
697000,0.151,0.028,0.821
697500,0.178,0.031,0.790
698000,0.177,0.036,0.786
698500,0.168,0.034,0.798
699000,0.149,0.046,0.804
699500,0.133,0.054,0.812
700000,0.138,0.052,0.810
700500,0.137,0.035,0.828
701000,0.145,0.034,0.821
701500,0.148,0.029,0.824
702000,0.133,0.042,0.825
702500,0.131,0.040,0.830
703000,0.131,0.030,0.839
703500,0.140,0.040,0.821
704000,0.150,0.035,0.814
704500,0.147,0.036,0.817
705000,0.130,0.046,0.824
705500,0.150,0.058,0.791
706000,0.157,0.040,0.803
706500,0.152,0.037,0.811
707000,0.165,0.051,0.784
707500,0.164,0.039,0.797
708000,0.168,0.043,0.789
708500,0.180,0.040,0.780
709000,0.178,0.056,0.767
709500,0.164,0.050,0.786
710000,0.192,0.040,0.769
710500,0.168,0.036,0.795
711000,0.163,0.040,0.797
711500,0.143,0.041,0.816
712000,0.140,0.030,0.830
712500,0.151,0.045,0.803
713000,0.137,0.066,0.797
713500,0.128,0.049,0.824
714000,0.128,0.052,0.820
714500,0.129,0.051,0.820
715000,0.142,0.042,0.816
715500,0.145,0.042,0.814
716000,0.141,0.048,0.811
716500,0.141,0.051,0.807
717000,0.133,0.049,0.819
717500,0.141,0.034,0.825
718000,0.149,0.053,0.797
718500,0.147,0.036,0.817
719000,0.144,0.048,0.808
719500,0.138,0.045,0.817
720000,0.123,0.055,0.822
720500,0.141,0.037,0.822
721000,0.149,0.048,0.803
721500,0.159,0.043,0.797
722000,0.141,0.035,0.824
722500,0.148,0.037,0.815
723000,0.145,0.040,0.815
723500,0.132,0.053,0.816
724000,0.131,0.044,0.825
724500,0.124,0.056,0.820
725000,0.140,0.061,0.799
725500,0.139,0.056,0.805
726000,0.123,0.057,0.820
726500,0.122,0.069,0.809
727000,0.126,0.057,0.818
727500,0.139,0.039,0.822
728000,0.143,0.031,0.826
728500,0.144,0.035,0.822
729000,0.144,0.041,0.815
729500,0.117,0.056,0.827
730000,0.124,0.045,0.830
730500,0.136,0.055,0.809
731000,0.142,0.059,0.798
731500,0.152,0.053,0.795
732000,0.149,0.056,0.795
732500,0.136,0.046,0.818
733000,0.136,0.035,0.830
733500,0.140,0.046,0.814
734000,0.138,0.042,0.821
734500,0.141,0.050,0.809
735000,0.146,0.046,0.808
735500,0.158,0.041,0.802
736000,0.153,0.030,0.817
736500,0.149,0.032,0.819
737000,0.160,0.039,0.801
737500,0.161,0.038,0.800
738000,0.152,0.026,0.822
738500,0.168,0.024,0.809
739000,0.180,0.026,0.794
739500,0.176,0.035,0.789
740000,0.173,0.027,0.800
740500,0.158,0.035,0.807
741000,0.161,0.043,0.797
741500,0.163,0.042,0.796
742000,0.160,0.042,0.799
742500,0.155,0.045,0.799
743000,0.136,0.038,0.826
743500,0.159,0.029,0.812
744000,0.157,0.035,0.808
744500,0.158,0.038,0.804
745000,0.163,0.023,0.815
745500,0.158,0.028,0.814
746000,0.161,0.034,0.805
746500,0.163,0.041,0.797
747000,0.152,0.046,0.801
747500,0.141,0.035,0.823
748000,0.138,0.043,0.819
748500,0.133,0.038,0.829
749000,0.110,0.049,0.842
749500,0.126,0.044,0.830
750000,0.136,0.049,0.816
750500,0.137,0.045,0.818
751000,0.137,0.052,0.811
751500,0.140,0.038,0.822
752000,0.146,0.045,0.808
752500,0.154,0.039,0.807
753000,0.145,0.043,0.812
753500,0.151,0.035,0.814
754000,0.152,0.044,0.803
754500,0.139,0.035,0.826
755000,0.146,0.036,0.818
755500,0.148,0.034,0.818
756000,0.163,0.037,0.800
756500,0.156,0.040,0.804
757000,0.149,0.043,0.808
757500,0.170,0.032,0.798
758000,0.168,0.032,0.800
758500,0.150,0.030,0.820
759000,0.165,0.022,0.812
759500,0.145,0.046,0.809
760000,0.140,0.050,0.811
760500,0.141,0.052,0.807
761000,0.141,0.058,0.802
761500,0.141,0.046,0.813
762000,0.136,0.040,0.824
762500,0.130,0.040,0.831
763000,0.138,0.051,0.811
763500,0.128,0.046,0.826
764000,0.142,0.036,0.821
764500,0.146,0.046,0.807
765000,0.144,0.047,0.809
765500,0.151,0.038,0.810
766000,0.157,0.037,0.806
766500,0.159,0.032,0.810
767000,0.165,0.054,0.781
767500,0.160,0.035,0.805
768000,0.153,0.029,0.818
768500,0.138,0.040,0.823
769000,0.141,0.041,0.818
769500,0.143,0.043,0.815
770000,0.151,0.044,0.804
770500,0.157,0.042,0.801
771000,0.170,0.047,0.783
771500,0.141,0.041,0.819
772000,0.152,0.043,0.805
772500,0.149,0.051,0.800
773000,0.152,0.053,0.794
773500,0.160,0.040,0.800
774000,0.139,0.043,0.818
774500,0.149,0.042,0.809
775000,0.151,0.051,0.797
775500,0.152,0.051,0.797
776000,0.142,0.046,0.811
776500,0.132,0.063,0.806
777000,0.117,0.060,0.823
777500,0.132,0.064,0.804
778000,0.140,0.051,0.809
778500,0.145,0.043,0.811
779000,0.138,0.062,0.799
779500,0.156,0.050,0.794
780000,0.155,0.048,0.797
780500,0.152,0.037,0.811
781000,0.163,0.022,0.815
781500,0.162,0.024,0.815
782000,0.157,0.026,0.817
782500,0.161,0.042,0.797
783000,0.146,0.035,0.818
783500,0.149,0.032,0.819
784000,0.154,0.031,0.815
784500,0.136,0.031,0.833
785000,0.126,0.049,0.825
785500,0.138,0.053,0.809
786000,0.154,0.051,0.795
786500,0.141,0.061,0.798
787000,0.154,0.040,0.805
787500,0.130,0.038,0.832
788000,0.154,0.034,0.811
788500,0.161,0.035,0.804
789000,0.170,0.028,0.802
789500,0.165,0.019,0.816
790000,0.159,0.040,0.801
790500,0.158,0.028,0.815
791000,0.159,0.030,0.811
791500,0.164,0.030,0.806
792000,0.148,0.043,0.809
792500,0.149,0.058,0.792
793000,0.146,0.043,0.811
793500,0.152,0.047,0.800
794000,0.146,0.043,0.811
794500,0.146,0.029,0.824
795000,0.163,0.048,0.789
795500,0.149,0.040,0.811
796000,0.150,0.040,0.810
796500,0.167,0.033,0.801
797000,0.174,0.028,0.798
797500,0.176,0.033,0.792
798000,0.173,0.032,0.795
798500,0.173,0.030,0.796
799000,0.151,0.035,0.814
799500,0.158,0.045,0.797
800000,0.171,0.035,0.793
800500,0.157,0.043,0.800
801000,0.156,0.043,0.800
801500,0.154,0.041,0.804
802000,0.165,0.036,0.799
802500,0.164,0.032,0.804
803000,0.159,0.025,0.816
803500,0.154,0.035,0.811
804000,0.131,0.045,0.824
804500,0.150,0.040,0.810
805000,0.164,0.038,0.798
805500,0.151,0.043,0.806
806000,0.152,0.052,0.796
806500,0.154,0.050,0.796
807000,0.152,0.043,0.805
807500,0.136,0.043,0.822
808000,0.141,0.051,0.809
808500,0.143,0.043,0.814
809000,0.128,0.038,0.835
809500,0.142,0.036,0.822
810000,0.139,0.042,0.820
810500,0.155,0.043,0.802
811000,0.141,0.042,0.817
811500,0.155,0.043,0.802
812000,0.145,0.042,0.813
812500,0.142,0.050,0.808
813000,0.173,0.045,0.782
813500,0.167,0.045,0.788
814000,0.165,0.053,0.782
814500,0.154,0.049,0.797
815000,0.148,0.045,0.807
815500,0.140,0.054,0.806
816000,0.142,0.054,0.803
816500,0.138,0.051,0.811
817000,0.141,0.041,0.818
817500,0.172,0.048,0.780
818000,0.167,0.042,0.791
818500,0.173,0.039,0.788
819000,0.172,0.034,0.794
819500,0.180,0.045,0.774
820000,0.191,0.034,0.775
820500,0.195,0.029,0.776
821000,0.184,0.032,0.785
821500,0.177,0.038,0.785
822000,0.164,0.034,0.802
822500,0.149,0.041,0.810
823000,0.134,0.035,0.832
823500,0.145,0.030,0.825
824000,0.160,0.030,0.810
824500,0.170,0.036,0.794
825000,0.157,0.034,0.809
825500,0.139,0.051,0.810
826000,0.145,0.041,0.814
826500,0.138,0.043,0.820
827000,0.149,0.042,0.809
827500,0.136,0.037,0.827
828000,0.154,0.040,0.806
828500,0.164,0.026,0.810
829000,0.145,0.021,0.834
829500,0.150,0.029,0.821
830000,0.143,0.045,0.811
830500,0.134,0.053,0.813
831000,0.129,0.046,0.825
831500,0.161,0.031,0.808
832000,0.161,0.035,0.804
832500,0.163,0.031,0.806
833000,0.172,0.021,0.806
833500,0.165,0.033,0.802
834000,0.164,0.035,0.800
834500,0.168,0.032,0.800
835000,0.168,0.022,0.810
835500,0.155,0.023,0.822
836000,0.154,0.025,0.822
836500,0.159,0.035,0.806
837000,0.148,0.041,0.811
837500,0.140,0.038,0.822
838000,0.131,0.055,0.814
838500,0.121,0.065,0.814
839000,0.136,0.041,0.823
839500,0.152,0.042,0.806
840000,0.160,0.035,0.805
840500,0.151,0.046,0.802
841000,0.152,0.038,0.810
841500,0.164,0.037,0.799
842000,0.170,0.035,0.795
842500,0.161,0.036,0.802
843000,0.168,0.038,0.794
843500,0.164,0.040,0.796
844000,0.157,0.038,0.805
844500,0.159,0.043,0.798
845000,0.152,0.046,0.801
845500,0.144,0.035,0.821
846000,0.153,0.033,0.814
846500,0.171,0.032,0.798
847000,0.169,0.025,0.805
847500,0.164,0.019,0.817
848000,0.161,0.030,0.809
848500,0.164,0.026,0.810
849000,0.175,0.037,0.787
849500,0.165,0.041,0.795
850000,0.158,0.051,0.791
850500,0.143,0.040,0.818
851000,0.154,0.048,0.797
851500,0.154,0.030,0.815
852000,0.140,0.035,0.825
852500,0.160,0.043,0.797
853000,0.161,0.038,0.801
853500,0.162,0.025,0.813
854000,0.156,0.035,0.808
854500,0.159,0.030,0.811
855000,0.161,0.044,0.795
855500,0.141,0.041,0.818
856000,0.160,0.033,0.807
856500,0.169,0.032,0.799
857000,0.143,0.032,0.825
857500,0.150,0.038,0.811
858000,0.150,0.045,0.804
858500,0.167,0.041,0.792
859000,0.158,0.034,0.809
859500,0.156,0.050,0.794
860000,0.149,0.041,0.810
860500,0.146,0.043,0.811
861000,0.154,0.058,0.788
861500,0.160,0.035,0.805
862000,0.164,0.036,0.800
862500,0.163,0.029,0.808
863000,0.159,0.036,0.805
863500,0.150,0.038,0.811
864000,0.148,0.044,0.807
864500,0.132,0.048,0.821
865000,0.142,0.038,0.820
865500,0.135,0.033,0.832
866000,0.144,0.041,0.815
866500,0.152,0.038,0.809
867000,0.141,0.041,0.818
867500,0.161,0.037,0.802
868000,0.162,0.035,0.803
868500,0.172,0.026,0.801
869000,0.154,0.025,0.821
869500,0.160,0.030,0.810
870000,0.159,0.034,0.807
870500,0.155,0.044,0.800
871000,0.145,0.040,0.815
871500,0.148,0.032,0.821
872000,0.154,0.030,0.816
872500,0.158,0.036,0.805
873000,0.163,0.033,0.804
873500,0.147,0.032,0.822
874000,0.154,0.027,0.819
874500,0.155,0.026,0.819
875000,0.146,0.030,0.824
875500,0.158,0.043,0.799
876000,0.158,0.047,0.795
876500,0.152,0.031,0.817
877000,0.148,0.029,0.823
877500,0.144,0.033,0.823
878000,0.139,0.045,0.816
878500,0.136,0.038,0.826
879000,0.124,0.051,0.824
879500,0.139,0.043,0.819
880000,0.128,0.048,0.825
880500,0.140,0.039,0.821
881000,0.162,0.042,0.796
881500,0.165,0.043,0.792
882000,0.145,0.038,0.817
882500,0.140,0.036,0.824
883000,0.138,0.047,0.816
883500,0.140,0.043,0.817
884000,0.141,0.041,0.819
884500,0.153,0.031,0.816
885000,0.145,0.022,0.833
885500,0.164,0.025,0.811
886000,0.181,0.033,0.786
886500,0.179,0.035,0.785
887000,0.170,0.037,0.793
887500,0.154,0.041,0.805
888000,0.160,0.036,0.804
888500,0.147,0.038,0.815
889000,0.136,0.040,0.824
889500,0.137,0.043,0.821
890000,0.136,0.034,0.831
890500,0.138,0.040,0.823
891000,0.128,0.036,0.836
891500,0.149,0.038,0.813
892000,0.165,0.026,0.808
892500,0.151,0.029,0.820
893000,0.144,0.035,0.820
893500,0.153,0.041,0.805
894000,0.139,0.035,0.827
894500,0.148,0.033,0.819
895000,0.154,0.034,0.812
895500,0.144,0.029,0.826
896000,0.173,0.025,0.801
896500,0.180,0.030,0.789
897000,0.179,0.029,0.791
897500,0.153,0.034,0.813
898000,0.147,0.039,0.814
898500,0.144,0.044,0.811
899000,0.165,0.039,0.796
899500,0.142,0.035,0.823
900000,0.132,0.030,0.838
900500,0.138,0.043,0.819
901000,0.134,0.039,0.827
901500,0.146,0.040,0.814
902000,0.148,0.038,0.814
902500,0.153,0.029,0.818
903000,0.172,0.021,0.808
903500,0.152,0.026,0.822
904000,0.160,0.022,0.818
904500,0.153,0.028,0.819
905000,0.147,0.033,0.820
905500,0.135,0.029,0.837
906000,0.168,0.037,0.794
906500,0.155,0.040,0.805
907000,0.132,0.036,0.832
907500,0.128,0.026,0.846
908000,0.119,0.043,0.838
908500,0.122,0.049,0.829
909000,0.131,0.059,0.810
909500,0.135,0.058,0.807
910000,0.125,0.047,0.828
910500,0.139,0.049,0.813
911000,0.137,0.045,0.818
911500,0.134,0.042,0.825
912000,0.138,0.037,0.825
912500,0.156,0.040,0.804
913000,0.145,0.038,0.817
913500,0.161,0.042,0.797
914000,0.159,0.043,0.798
914500,0.169,0.029,0.802
915000,0.163,0.034,0.804
915500,0.145,0.033,0.822
916000,0.169,0.030,0.801
916500,0.181,0.029,0.790
917000,0.169,0.028,0.804
917500,0.155,0.036,0.808
918000,0.154,0.036,0.809
918500,0.144,0.034,0.822
919000,0.141,0.044,0.815
919500,0.148,0.048,0.804
920000,0.143,0.037,0.820
920500,0.147,0.029,0.823
921000,0.152,0.032,0.816
921500,0.149,0.041,0.810
922000,0.150,0.034,0.816
922500,0.151,0.032,0.817
923000,0.151,0.029,0.820
923500,0.158,0.040,0.802
924000,0.154,0.029,0.817
924500,0.149,0.032,0.819
925000,0.139,0.044,0.817
925500,0.133,0.040,0.828
926000,0.154,0.042,0.804
926500,0.162,0.042,0.796
927000,0.166,0.037,0.797
927500,0.179,0.021,0.800
928000,0.164,0.032,0.804
928500,0.209,0.033,0.757
929000,0.195,0.030,0.775
929500,0.190,0.025,0.786
930000,0.194,0.013,0.793
930500,0.171,0.019,0.810
931000,0.183,0.026,0.790
931500,0.185,0.030,0.785
932000,0.164,0.029,0.807
932500,0.149,0.038,0.812
933000,0.148,0.048,0.804
933500,0.155,0.036,0.808
934000,0.174,0.030,0.795
934500,0.174,0.040,0.786
935000,0.157,0.033,0.810
935500,0.153,0.048,0.799
936000,0.138,0.051,0.812
936500,0.142,0.050,0.808
937000,0.144,0.051,0.804
937500,0.149,0.043,0.808
938000,0.141,0.043,0.815
938500,0.148,0.034,0.818
939000,0.163,0.044,0.792
939500,0.154,0.041,0.805
940000,0.168,0.032,0.801
940500,0.174,0.030,0.795
941000,0.170,0.027,0.803
941500,0.180,0.030,0.789
942000,0.163,0.038,0.798
942500,0.158,0.034,0.808
943000,0.147,0.044,0.808
943500,0.131,0.036,0.833
944000,0.119,0.029,0.853
944500,0.129,0.037,0.834
945000,0.123,0.046,0.831
945500,0.138,0.050,0.812
946000,0.147,0.042,0.811
946500,0.152,0.044,0.803
947000,0.168,0.042,0.790
947500,0.162,0.035,0.803
948000,0.157,0.045,0.797
948500,0.133,0.036,0.831
949000,0.141,0.036,0.823
949500,0.142,0.035,0.822
950000,0.155,0.035,0.810
950500,0.176,0.027,0.797
951000,0.196,0.031,0.773
951500,0.179,0.027,0.794
952000,0.172,0.024,0.804
952500,0.165,0.041,0.794
953000,0.148,0.037,0.814
953500,0.149,0.028,0.823
954000,0.167,0.032,0.801
954500,0.161,0.041,0.799
955000,0.153,0.041,0.806
955500,0.177,0.035,0.787
956000,0.183,0.032,0.785
956500,0.162,0.043,0.796
957000,0.157,0.033,0.811
957500,0.156,0.035,0.809
958000,0.150,0.025,0.824
958500,0.152,0.036,0.811
959000,0.151,0.036,0.812
959500,0.154,0.035,0.810
960000,0.173,0.036,0.790
960500,0.179,0.035,0.785
961000,0.185,0.026,0.788
961500,0.180,0.023,0.797
962000,0.173,0.024,0.803
962500,0.173,0.036,0.790
963000,0.172,0.027,0.801
963500,0.170,0.025,0.805
964000,0.168,0.025,0.806
964500,0.151,0.028,0.821
965000,0.164,0.025,0.810
965500,0.147,0.025,0.828
966000,0.179,0.032,0.789
966500,0.188,0.034,0.778
967000,0.168,0.035,0.797
967500,0.185,0.030,0.784
968000,0.175,0.034,0.791
968500,0.181,0.033,0.786
969000,0.177,0.024,0.798
969500,0.168,0.033,0.799
970000,0.183,0.036,0.780
970500,0.194,0.035,0.772
971000,0.172,0.034,0.794
971500,0.157,0.050,0.793
972000,0.155,0.049,0.795
972500,0.146,0.036,0.818
973000,0.159,0.044,0.797
973500,0.149,0.040,0.811
974000,0.158,0.044,0.798
974500,0.162,0.038,0.800
975000,0.152,0.026,0.822
975500,0.133,0.041,0.827
976000,0.142,0.032,0.826
976500,0.139,0.039,0.822
977000,0.142,0.036,0.822
977500,0.149,0.037,0.813
978000,0.134,0.038,0.828
978500,0.137,0.040,0.824
979000,0.146,0.056,0.798
979500,0.152,0.036,0.811
980000,0.145,0.040,0.815
980500,0.155,0.046,0.798
981000,0.154,0.042,0.804
981500,0.181,0.044,0.775
982000,0.170,0.035,0.795
982500,0.168,0.031,0.801
983000,0.162,0.030,0.808
983500,0.149,0.030,0.821
984000,0.160,0.022,0.818
984500,0.167,0.017,0.817
985000,0.144,0.022,0.833
985500,0.156,0.035,0.809
986000,0.137,0.045,0.818
986500,0.136,0.048,0.816
987000,0.148,0.038,0.813
987500,0.155,0.053,0.791
988000,0.178,0.038,0.784
988500,0.159,0.044,0.797
989000,0.141,0.048,0.811
989500,0.137,0.042,0.822
990000,0.125,0.038,0.837
990500,0.136,0.043,0.821
991000,0.158,0.032,0.810
991500,0.183,0.025,0.791
992000,0.167,0.032,0.801
992500,0.151,0.025,0.824
993000,0.129,0.031,0.840
993500,0.151,0.029,0.820
994000,0.154,0.034,0.812
994500,0.174,0.030,0.795
995000,0.160,0.023,0.818
995500,0.162,0.028,0.810
996000,0.165,0.019,0.816
996500,0.185,0.025,0.789
997000,0.172,0.061,0.766
997500,0.170,0.036,0.794
998000,0.172,0.041,0.787
998500,0.162,0.046,0.792
999000,0.142,0.038,0.819
999500,0.149,0.040,0.810
1000000,0.157,0.035,0.809
