time,n_A+p,n_B,n_AB
500,0.030,0.867,0.103
1000,0.030,0.727,0.243
1500,0.030,0.617,0.353
2000,0.030,0.572,0.398
2500,0.030,0.443,0.527
3000,0.030,0.484,0.486
3500,0.030,0.474,0.495
4000,0.030,0.538,0.432
4500,0.030,0.568,0.402
5000,0.030,0.520,0.450
5500,0.030,0.565,0.405
6000,0.030,0.561,0.408
6500,0.030,0.551,0.418
7000,0.030,0.589,0.381
7500,0.030,0.539,0.430
8000,0.030,0.515,0.455
8500,0.030,0.538,0.432
9000,0.030,0.555,0.415
9500,0.030,0.536,0.433
10000,0.030,0.631,0.339
10500,0.030,0.531,0.439
11000,0.030,0.523,0.447
11500,0.030,0.556,0.414
12000,0.030,0.463,0.507
12500,0.030,0.540,0.429
13000,0.030,0.538,0.432
13500,0.030,0.582,0.388
14000,0.030,0.554,0.416
14500,0.030,0.525,0.445
15000,0.030,0.507,0.463
15500,0.030,0.465,0.505
16000,0.030,0.528,0.442
16500,0.030,0.509,0.461
17000,0.030,0.383,0.587
17500,0.030,0.388,0.582
18000,0.030,0.548,0.421
18500,0.030,0.545,0.425
19000,0.030,0.548,0.421
19500,0.030,0.516,0.454
20000,0.030,0.545,0.425
20500,0.030,0.584,0.386
21000,0.030,0.509,0.461
21500,0.030,0.453,0.517
22000,0.030,0.518,0.452
22500,0.030,0.551,0.419
23000,0.030,0.492,0.477
23500,0.030,0.521,0.449
24000,0.030,0.529,0.441
24500,0.030,0.498,0.471
25000,0.030,0.538,0.432
25500,0.030,0.467,0.503
26000,0.030,0.517,0.453
26500,0.030,0.586,0.384
27000,0.030,0.613,0.357
27500,0.030,0.544,0.425
28000,0.030,0.530,0.440
28500,0.030,0.562,0.408
29000,0.030,0.567,0.403
29500,0.030,0.530,0.440
30000,0.030,0.545,0.424
30500,0.030,0.529,0.441
31000,0.030,0.531,0.439
31500,0.030,0.561,0.408
32000,0.030,0.560,0.409
32500,0.030,0.539,0.430
33000,0.030,0.585,0.385
33500,0.030,0.509,0.461
34000,0.030,0.524,0.446
34500,0.030,0.578,0.392
35000,0.030,0.518,0.452
35500,0.030,0.439,0.531
36000,0.030,0.503,0.467
36500,0.030,0.532,0.438
37000,0.030,0.506,0.464
37500,0.030,0.531,0.439
38000,0.030,0.586,0.384
38500,0.030,0.600,0.370
39000,0.030,0.600,0.370
39500,0.030,0.525,0.445
40000,0.030,0.587,0.383
40500,0.030,0.527,0.443
41000,0.030,0.504,0.466
41500,0.030,0.427,0.543
42000,0.030,0.478,0.492
42500,0.030,0.620,0.350
43000,0.030,0.620,0.350
43500,0.030,0.553,0.416
44000,0.030,0.486,0.483
44500,0.030,0.472,0.498
45000,0.030,0.409,0.561
45500,0.030,0.506,0.464
46000,0.030,0.520,0.450
46500,0.030,0.454,0.516
47000,0.030,0.443,0.527
47500,0.030,0.526,0.444
48000,0.030,0.601,0.369
48500,0.030,0.578,0.392
49000,0.030,0.510,0.460
49500,0.030,0.458,0.512
50000,0.030,0.505,0.465
50500,0.030,0.536,0.433
51000,0.030,0.542,0.427
51500,0.030,0.497,0.473
52000,0.030,0.527,0.443
52500,0.030,0.548,0.422
53000,0.030,0.569,0.401
53500,0.030,0.576,0.394
54000,0.030,0.501,0.469
54500,0.030,0.532,0.438
55000,0.030,0.560,0.409
55500,0.030,0.483,0.486
56000,0.030,0.613,0.357
56500,0.030,0.559,0.411
57000,0.030,0.588,0.382
57500,0.030,0.534,0.435
58000,0.030,0.516,0.454
58500,0.030,0.512,0.458
59000,0.030,0.531,0.439
59500,0.030,0.519,0.451
60000,0.030,0.522,0.448
60500,0.030,0.497,0.473
61000,0.030,0.414,0.555
61500,0.030,0.480,0.489
62000,0.030,0.527,0.443
62500,0.030,0.536,0.434
63000,0.030,0.601,0.369
63500,0.030,0.552,0.417
64000,0.030,0.518,0.452
64500,0.030,0.618,0.352
65000,0.030,0.479,0.491
65500,0.030,0.532,0.438
66000,0.030,0.510,0.460
66500,0.030,0.568,0.402
67000,0.030,0.611,0.359
67500,0.030,0.558,0.412
68000,0.030,0.537,0.432
68500,0.030,0.514,0.456
69000,0.030,0.543,0.426
69500,0.030,0.584,0.386
70000,0.030,0.561,0.409
70500,0.030,0.535,0.434
71000,0.030,0.510,0.460
71500,0.030,0.490,0.479
72000,0.030,0.602,0.368
72500,0.030,0.547,0.423
73000,0.030,0.546,0.423
73500,0.030,0.543,0.427
74000,0.030,0.464,0.506
74500,0.030,0.494,0.475
75000,0.030,0.466,0.504
75500,0.030,0.482,0.487
76000,0.030,0.508,0.462
76500,0.030,0.528,0.442
77000,0.030,0.568,0.402
77500,0.030,0.660,0.310
78000,0.030,0.636,0.334
78500,0.030,0.582,0.388
79000,0.030,0.590,0.380
79500,0.030,0.621,0.349
80000,0.030,0.533,0.436
80500,0.030,0.472,0.497
81000,0.030,0.448,0.522
81500,0.030,0.457,0.513
82000,0.030,0.537,0.432
82500,0.030,0.548,0.421
83000,0.030,0.581,0.389
83500,0.030,0.610,0.360
84000,0.030,0.449,0.521
84500,0.030,0.418,0.552
85000,0.030,0.494,0.476
85500,0.030,0.421,0.548
86000,0.030,0.395,0.575
86500,0.030,0.459,0.511
87000,0.030,0.535,0.435
87500,0.030,0.584,0.386
88000,0.030,0.536,0.434
88500,0.030,0.459,0.511
89000,0.030,0.511,0.459
89500,0.030,0.548,0.422
90000,0.030,0.592,0.378
90500,0.030,0.523,0.447
91000,0.030,0.495,0.474
91500,0.030,0.496,0.473
92000,0.030,0.525,0.445
92500,0.030,0.614,0.356
93000,0.030,0.592,0.378
93500,0.030,0.537,0.432
94000,0.030,0.569,0.401
94500,0.030,0.477,0.493
95000,0.030,0.466,0.504
95500,0.030,0.476,0.494
96000,0.030,0.425,0.544
96500,0.030,0.427,0.542
97000,0.030,0.479,0.490
97500,0.030,0.490,0.480
98000,0.030,0.505,0.465
98500,0.030,0.513,0.457
99000,0.030,0.430,0.539
99500,0.030,0.426,0.543
100000,0.030,0.523,0.447
100500,0.030,0.486,0.483
101000,0.030,0.488,0.482
101500,0.030,0.527,0.443
102000,0.030,0.579,0.391
102500,0.030,0.494,0.476
103000,0.030,0.516,0.454
103500,0.030,0.524,0.446
104000,0.030,0.542,0.427
104500,0.030,0.509,0.461
105000,0.030,0.512,0.458
105500,0.030,0.471,0.498
106000,0.030,0.443,0.527
106500,0.030,0.492,0.478
107000,0.030,0.478,0.492
107500,0.030,0.551,0.419
108000,0.030,0.512,0.458
108500,0.030,0.570,0.400
109000,0.030,0.594,0.376
109500,0.030,0.575,0.395
110000,0.030,0.559,0.411
110500,0.030,0.519,0.451
111000,0.030,0.540,0.430
111500,0.030,0.466,0.504
112000,0.030,0.469,0.501
112500,0.030,0.546,0.423
113000,0.030,0.559,0.411
113500,0.030,0.528,0.442
114000,0.030,0.606,0.364
114500,0.030,0.581,0.389
115000,0.030,0.516,0.454
115500,0.030,0.550,0.419
116000,0.030,0.486,0.483
116500,0.030,0.477,0.493
117000,0.030,0.416,0.554
117500,0.030,0.502,0.468
118000,0.030,0.594,0.376
118500,0.030,0.582,0.388
119000,0.030,0.474,0.496
119500,0.030,0.553,0.416
120000,0.030,0.513,0.457
120500,0.030,0.554,0.416
121000,0.030,0.578,0.392
121500,0.030,0.541,0.428
122000,0.030,0.495,0.474
122500,0.030,0.519,0.451
123000,0.030,0.499,0.470
123500,0.030,0.541,0.429
124000,0.030,0.447,0.523
124500,0.030,0.496,0.473
125000,0.030,0.487,0.482
125500,0.030,0.511,0.459
126000,0.030,0.563,0.407
126500,0.030,0.609,0.361
127000,0.030,0.588,0.382
127500,0.030,0.509,0.461
128000,0.030,0.451,0.519
128500,0.030,0.374,0.596
129000,0.030,0.420,0.550
129500,0.030,0.475,0.495
130000,0.030,0.455,0.515
130500,0.030,0.460,0.510
131000,0.030,0.447,0.523
131500,0.030,0.509,0.461
132000,0.030,0.491,0.479
132500,0.030,0.489,0.481
133000,0.030,0.486,0.484
133500,0.030,0.508,0.462
134000,0.030,0.425,0.544
134500,0.030,0.397,0.573
135000,0.030,0.517,0.453
135500,0.030,0.529,0.441
136000,0.030,0.509,0.461
136500,0.030,0.498,0.472
137000,0.030,0.425,0.544
137500,0.030,0.542,0.427
138000,0.030,0.518,0.452
138500,0.030,0.578,0.392
139000,0.030,0.520,0.450
139500,0.030,0.558,0.412
140000,0.030,0.505,0.465
140500,0.030,0.473,0.496
141000,0.030,0.447,0.523
141500,0.030,0.468,0.502
142000,0.030,0.507,0.463
142500,0.030,0.571,0.399
143000,0.030,0.481,0.489
143500,0.030,0.481,0.488
144000,0.030,0.496,0.474
144500,0.030,0.526,0.444
145000,0.030,0.460,0.510
145500,0.030,0.432,0.538
146000,0.030,0.527,0.443
146500,0.030,0.561,0.409
147000,0.030,0.475,0.494
147500,0.030,0.423,0.547
148000,0.030,0.487,0.483
148500,0.030,0.521,0.449
149000,0.030,0.540,0.430
149500,0.030,0.564,0.406
150000,0.030,0.548,0.422
150500,0.030,0.443,0.527
151000,0.030,0.486,0.484
151500,0.030,0.584,0.386
152000,0.030,0.536,0.433
152500,0.030,0.581,0.389
153000,0.030,0.501,0.469
153500,0.030,0.502,0.468
154000,0.030,0.562,0.408
154500,0.030,0.513,0.457
155000,0.030,0.479,0.491
155500,0.030,0.483,0.487
156000,0.030,0.447,0.523
156500,0.030,0.554,0.416
157000,0.030,0.491,0.479
157500,0.030,0.444,0.526
158000,0.030,0.509,0.461
158500,0.030,0.525,0.445
159000,0.030,0.488,0.481
159500,0.030,0.373,0.597
160000,0.030,0.474,0.496
160500,0.030,0.486,0.483
161000,0.030,0.479,0.490
161500,0.030,0.429,0.540
162000,0.030,0.517,0.453
162500,0.030,0.597,0.373
163000,0.030,0.518,0.452
163500,0.030,0.544,0.425
164000,0.036,0.454,0.510
164500,0.030,0.510,0.460
165000,0.030,0.472,0.498
165500,0.030,0.404,0.567
166000,0.030,0.516,0.454
166500,0.030,0.525,0.445
167000,0.030,0.574,0.396
167500,0.030,0.527,0.443
168000,0.030,0.477,0.492
168500,0.030,0.540,0.430
169000,0.030,0.493,0.476
169500,0.030,0.549,0.420
170000,0.030,0.616,0.354
170500,0.030,0.493,0.477
171000,0.030,0.422,0.547
171500,0.030,0.489,0.481
172000,0.030,0.550,0.420
172500,0.030,0.542,0.427
173000,0.030,0.541,0.429
173500,0.030,0.482,0.487
174000,0.030,0.555,0.414
174500,0.030,0.508,0.462
175000,0.030,0.469,0.501
175500,0.030,0.504,0.466
176000,0.030,0.518,0.452
176500,0.030,0.432,0.538
177000,0.030,0.476,0.493
177500,0.030,0.397,0.573
178000,0.030,0.478,0.491
178500,0.030,0.485,0.485
179000,0.030,0.493,0.476
179500,0.030,0.440,0.530
180000,0.030,0.481,0.488
180500,0.030,0.517,0.453
181000,0.030,0.550,0.419
181500,0.030,0.529,0.441
182000,0.030,0.549,0.420
182500,0.030,0.606,0.364
183000,0.030,0.546,0.424
183500,0.030,0.620,0.350
184000,0.030,0.559,0.411
184500,0.030,0.623,0.347
185000,0.030,0.588,0.382
185500,0.030,0.571,0.399
186000,0.030,0.588,0.382
186500,0.030,0.555,0.415
187000,0.030,0.501,0.469
187500,0.030,0.538,0.431
188000,0.030,0.547,0.423
188500,0.030,0.610,0.360
189000,0.030,0.516,0.454
189500,0.030,0.637,0.333
190000,0.030,0.573,0.397
190500,0.030,0.556,0.414
191000,0.030,0.511,0.459
191500,0.030,0.517,0.453
192000,0.030,0.502,0.468
192500,0.030,0.501,0.469
193000,0.030,0.432,0.538
193500,0.030,0.472,0.497
194000,0.030,0.520,0.450
194500,0.030,0.484,0.486
195000,0.030,0.497,0.473
195500,0.030,0.450,0.520
196000,0.030,0.469,0.501
196500,0.030,0.455,0.515
197000,0.030,0.581,0.389
197500,0.030,0.529,0.441
198000,0.030,0.587,0.383
198500,0.030,0.583,0.387
199000,0.030,0.592,0.378
199500,0.030,0.537,0.433
200000,0.030,0.538,0.431
200500,0.030,0.438,0.532
201000,0.030,0.450,0.520
201500,0.030,0.481,0.488
202000,0.030,0.535,0.435
202500,0.030,0.465,0.505
203000,0.030,0.468,0.502
203500,0.030,0.510,0.460
204000,0.030,0.552,0.418
204500,0.030,0.478,0.491
205000,0.030,0.481,0.489
205500,0.030,0.470,0.499
206000,0.030,0.534,0.435
206500,0.030,0.574,0.396
207000,0.030,0.499,0.471
207500,0.030,0.485,0.484
208000,0.030,0.544,0.426
208500,0.030,0.523,0.447
209000,0.030,0.538,0.432
209500,0.030,0.628,0.342
210000,0.030,0.569,0.401
210500,0.030,0.477,0.493
211000,0.030,0.483,0.487
211500,0.030,0.527,0.443
212000,0.030,0.503,0.467
212500,0.030,0.475,0.494
213000,0.030,0.389,0.581
213500,0.030,0.475,0.494
214000,0.030,0.508,0.462
214500,0.030,0.452,0.518
215000,0.030,0.558,0.411
215500,0.030,0.539,0.430
216000,0.030,0.499,0.470
216500,0.030,0.502,0.468
217000,0.030,0.624,0.346
217500,0.030,0.494,0.475
218000,0.030,0.503,0.467
218500,0.030,0.427,0.542
219000,0.030,0.479,0.490
219500,0.030,0.439,0.531
220000,0.030,0.478,0.492
220500,0.030,0.459,0.511
221000,0.030,0.487,0.482
221500,0.030,0.543,0.427
222000,0.030,0.579,0.391
222500,0.030,0.508,0.462
223000,0.030,0.526,0.444
223500,0.030,0.546,0.424
224000,0.030,0.555,0.415
224500,0.030,0.552,0.418
225000,0.030,0.547,0.422
225500,0.030,0.483,0.486
226000,0.030,0.509,0.461
226500,0.030,0.495,0.474
227000,0.030,0.540,0.430
227500,0.030,0.634,0.336
228000,0.030,0.579,0.391
228500,0.030,0.458,0.512
229000,0.030,0.539,0.431
229500,0.030,0.481,0.489
230000,0.030,0.518,0.452
230500,0.030,0.526,0.444
231000,0.030,0.508,0.462
231500,0.030,0.547,0.422
232000,0.030,0.534,0.435
232500,0.030,0.545,0.425
233000,0.030,0.475,0.495
233500,0.030,0.507,0.463
234000,0.030,0.512,0.458
234500,0.030,0.530,0.440
235000,0.030,0.532,0.438
235500,0.030,0.547,0.422
236000,0.030,0.526,0.444
236500,0.030,0.578,0.392
237000,0.030,0.587,0.383
237500,0.030,0.501,0.469
238000,0.030,0.490,0.479
238500,0.030,0.392,0.579
239000,0.030,0.422,0.547
239500,0.030,0.481,0.488
240000,0.030,0.472,0.498
240500,0.030,0.487,0.483
241000,0.030,0.566,0.404
241500,0.030,0.510,0.460
242000,0.030,0.555,0.415
242500,0.030,0.596,0.374
243000,0.030,0.581,0.389
243500,0.030,0.549,0.421
244000,0.030,0.622,0.348
244500,0.030,0.575,0.395
245000,0.030,0.531,0.439
245500,0.030,0.440,0.530
246000,0.030,0.507,0.463
246500,0.030,0.552,0.418
247000,0.030,0.628,0.342
247500,0.030,0.521,0.449
248000,0.030,0.535,0.435
248500,0.030,0.475,0.495
249000,0.030,0.484,0.486
249500,0.030,0.485,0.484
250000,0.030,0.497,0.473
250500,0.030,0.530,0.440
251000,0.030,0.597,0.373
251500,0.030,0.539,0.430
252000,0.030,0.509,0.461
252500,0.030,0.549,0.420
253000,0.030,0.560,0.409
253500,0.030,0.562,0.407
254000,0.030,0.483,0.487
254500,0.030,0.521,0.449
255000,0.030,0.524,0.446
255500,0.030,0.495,0.475
256000,0.030,0.540,0.429
256500,0.030,0.533,0.436
257000,0.030,0.516,0.454
257500,0.030,0.481,0.489
258000,0.030,0.481,0.488
258500,0.030,0.446,0.524
259000,0.030,0.516,0.454
259500,0.030,0.478,0.491
260000,0.030,0.496,0.473
260500,0.030,0.601,0.369
261000,0.030,0.536,0.433
261500,0.030,0.605,0.365
262000,0.030,0.525,0.445
262500,0.030,0.528,0.442
263000,0.030,0.480,0.489
263500,0.030,0.531,0.439
264000,0.030,0.565,0.405
264500,0.030,0.462,0.508
265000,0.030,0.494,0.475
265500,0.030,0.490,0.480
266000,0.030,0.403,0.567
266500,0.030,0.416,0.554
267000,0.030,0.468,0.502
267500,0.030,0.501,0.469
268000,0.030,0.510,0.460
268500,0.030,0.452,0.518
269000,0.030,0.434,0.535
269500,0.030,0.498,0.472
270000,0.030,0.466,0.504
270500,0.030,0.489,0.480
271000,0.030,0.453,0.517
271500,0.030,0.499,0.471
272000,0.030,0.498,0.472
272500,0.030,0.465,0.505
273000,0.030,0.423,0.547
273500,0.030,0.431,0.539
274000,0.030,0.468,0.502
274500,0.030,0.451,0.519
275000,0.030,0.497,0.472
275500,0.030,0.560,0.409
276000,0.030,0.548,0.422
276500,0.030,0.512,0.458
277000,0.030,0.501,0.469
277500,0.030,0.506,0.464
278000,0.030,0.601,0.369
278500,0.030,0.512,0.458
279000,0.030,0.489,0.481
279500,0.030,0.469,0.501
280000,0.030,0.475,0.495
280500,0.030,0.484,0.485
281000,0.030,0.529,0.441
281500,0.030,0.503,0.467
282000,0.030,0.467,0.503
282500,0.030,0.543,0.426
283000,0.030,0.657,0.313
283500,0.030,0.616,0.354
284000,0.030,0.540,0.430
284500,0.030,0.525,0.445
285000,0.030,0.569,0.401
285500,0.030,0.571,0.399
286000,0.030,0.530,0.440
286500,0.030,0.507,0.463
287000,0.030,0.674,0.295
287500,0.030,0.635,0.335
288000,0.030,0.486,0.484
288500,0.030,0.502,0.468
289000,0.030,0.480,0.489
289500,0.030,0.508,0.462
290000,0.030,0.529,0.441
290500,0.030,0.541,0.429
291000,0.030,0.500,0.470
291500,0.030,0.466,0.504
292000,0.030,0.557,0.413
292500,0.030,0.517,0.453
293000,0.030,0.547,0.423
293500,0.030,0.499,0.471
294000,0.030,0.491,0.478
294500,0.030,0.546,0.424
295000,0.030,0.563,0.407
295500,0.030,0.546,0.424
296000,0.030,0.611,0.359
296500,0.030,0.546,0.424
297000,0.030,0.513,0.457
297500,0.030,0.572,0.398
298000,0.030,0.625,0.345
298500,0.030,0.532,0.438
299000,0.030,0.522,0.448
299500,0.030,0.503,0.467
300000,0.030,0.546,0.423
300500,0.030,0.538,0.431
301000,0.030,0.458,0.512
301500,0.030,0.453,0.517
302000,0.030,0.488,0.482
302500,0.030,0.484,0.485
303000,0.030,0.566,0.404
303500,0.030,0.529,0.441
304000,0.030,0.567,0.403
304500,0.030,0.554,0.416
305000,0.030,0.600,0.370
305500,0.030,0.529,0.441
306000,0.030,0.543,0.426
306500,0.030,0.559,0.410
307000,0.030,0.574,0.396
307500,0.030,0.580,0.390
308000,0.030,0.582,0.388
308500,0.030,0.545,0.425
309000,0.030,0.491,0.478
309500,0.030,0.580,0.390
310000,0.030,0.597,0.373
310500,0.030,0.553,0.416
311000,0.030,0.536,0.433
311500,0.030,0.514,0.456
312000,0.030,0.527,0.443
312500,0.030,0.426,0.544
313000,0.030,0.487,0.482
313500,0.030,0.528,0.442
314000,0.030,0.414,0.556
314500,0.030,0.471,0.499
315000,0.030,0.461,0.509
315500,0.030,0.489,0.480
316000,0.030,0.538,0.432
316500,0.030,0.534,0.435
317000,0.030,0.608,0.362
317500,0.030,0.508,0.462
318000,0.030,0.532,0.438
318500,0.030,0.573,0.397
319000,0.030,0.520,0.450
319500,0.030,0.561,0.409
320000,0.030,0.469,0.501
320500,0.030,0.527,0.443
321000,0.030,0.488,0.481
321500,0.030,0.449,0.521
322000,0.030,0.485,0.485
322500,0.030,0.465,0.505
323000,0.030,0.551,0.419
323500,0.030,0.472,0.498
324000,0.030,0.550,0.419
324500,0.030,0.536,0.434
325000,0.030,0.478,0.491
325500,0.030,0.459,0.511
326000,0.030,0.532,0.438
326500,0.030,0.581,0.389
327000,0.030,0.470,0.499
327500,0.030,0.528,0.442
328000,0.030,0.529,0.441
328500,0.030,0.477,0.493
329000,0.030,0.497,0.472
329500,0.030,0.473,0.497
330000,0.030,0.437,0.533
330500,0.030,0.403,0.567
331000,0.030,0.506,0.464
331500,0.030,0.478,0.491
332000,0.030,0.511,0.459
332500,0.030,0.547,0.422
333000,0.030,0.587,0.383
333500,0.030,0.574,0.396
334000,0.030,0.608,0.362
334500,0.030,0.521,0.449
335000,0.030,0.483,0.486
335500,0.030,0.489,0.481
336000,0.030,0.553,0.417
336500,0.030,0.531,0.439
337000,0.030,0.459,0.511
337500,0.030,0.494,0.475
338000,0.030,0.443,0.527
338500,0.030,0.517,0.453
339000,0.030,0.512,0.458
339500,0.030,0.560,0.409
340000,0.030,0.487,0.483
340500,0.030,0.548,0.422
341000,0.030,0.507,0.463
341500,0.030,0.532,0.438
342000,0.030,0.537,0.433
342500,0.030,0.610,0.360
343000,0.030,0.550,0.419
343500,0.030,0.491,0.478
344000,0.030,0.467,0.503
344500,0.030,0.493,0.477
345000,0.030,0.459,0.511
345500,0.030,0.522,0.448
346000,0.030,0.528,0.442
346500,0.030,0.462,0.508
347000,0.030,0.503,0.467
347500,0.030,0.549,0.420
348000,0.030,0.486,0.484
348500,0.030,0.507,0.463
349000,0.030,0.578,0.392
349500,0.030,0.572,0.398
350000,0.030,0.570,0.400
350500,0.030,0.582,0.388
351000,0.030,0.490,0.480
351500,0.030,0.500,0.470
352000,0.030,0.589,0.381
352500,0.030,0.595,0.375
353000,0.030,0.583,0.387
353500,0.030,0.571,0.399
354000,0.030,0.593,0.377
354500,0.030,0.615,0.355
355000,0.030,0.552,0.417
355500,0.030,0.541,0.429
356000,0.030,0.597,0.373
356500,0.030,0.541,0.428
357000,0.030,0.597,0.373
357500,0.030,0.575,0.395
358000,0.030,0.573,0.397
358500,0.030,0.585,0.385
359000,0.030,0.598,0.372
359500,0.030,0.550,0.419
360000,0.030,0.487,0.483
360500,0.030,0.581,0.389
361000,0.030,0.577,0.393
361500,0.030,0.559,0.411
362000,0.030,0.493,0.477
362500,0.030,0.496,0.474
363000,0.030,0.492,0.478
363500,0.030,0.567,0.403
364000,0.030,0.537,0.433
364500,0.030,0.510,0.460
365000,0.030,0.586,0.384
365500,0.030,0.655,0.315
366000,0.030,0.568,0.402
366500,0.030,0.464,0.506
367000,0.030,0.466,0.504
367500,0.030,0.505,0.465
368000,0.030,0.469,0.501
368500,0.030,0.525,0.445
369000,0.030,0.456,0.514
369500,0.030,0.510,0.460
370000,0.030,0.495,0.474
370500,0.030,0.477,0.493
371000,0.030,0.485,0.485
371500,0.030,0.465,0.505
372000,0.030,0.559,0.411
372500,0.030,0.538,0.431
373000,0.030,0.479,0.491
373500,0.030,0.532,0.438
374000,0.030,0.594,0.376
374500,0.030,0.520,0.450
375000,0.030,0.593,0.377
375500,0.030,0.571,0.399
376000,0.030,0.531,0.439
376500,0.030,0.494,0.475
377000,0.030,0.521,0.449
377500,0.030,0.526,0.444
378000,0.030,0.506,0.464
378500,0.030,0.487,0.483
379000,0.030,0.539,0.430
379500,0.030,0.535,0.434
380000,0.030,0.547,0.423
380500,0.030,0.528,0.442
381000,0.030,0.573,0.397
381500,0.030,0.581,0.389
382000,0.030,0.538,0.432
382500,0.030,0.575,0.395
383000,0.030,0.568,0.402
383500,0.030,0.508,0.462
384000,0.030,0.531,0.439
384500,0.030,0.547,0.423
385000,0.030,0.527,0.443
385500,0.030,0.574,0.396
386000,0.030,0.529,0.441
386500,0.030,0.542,0.427
387000,0.030,0.520,0.450
387500,0.030,0.542,0.427
388000,0.030,0.574,0.396
388500,0.030,0.467,0.503
389000,0.030,0.487,0.483
389500,0.030,0.452,0.518
390000,0.030,0.443,0.527
390500,0.030,0.502,0.468
391000,0.030,0.510,0.460
391500,0.030,0.475,0.494
392000,0.030,0.542,0.427
392500,0.030,0.498,0.472
393000,0.030,0.564,0.406
393500,0.030,0.511,0.459
394000,0.030,0.448,0.522
394500,0.030,0.499,0.470
395000,0.030,0.438,0.532
395500,0.030,0.472,0.498
396000,0.030,0.526,0.444
396500,0.030,0.475,0.495
397000,0.030,0.553,0.417
397500,0.030,0.496,0.473
398000,0.030,0.487,0.482
398500,0.030,0.510,0.460
399000,0.030,0.494,0.475
399500,0.030,0.477,0.492
400000,0.030,0.537,0.433
400500,0.030,0.452,0.518
401000,0.030,0.442,0.528
401500,0.030,0.485,0.485
402000,0.030,0.496,0.474
402500,0.030,0.546,0.424
403000,0.030,0.597,0.373
403500,0.030,0.619,0.351
404000,0.030,0.572,0.398
404500,0.030,0.611,0.359
405000,0.030,0.564,0.406
405500,0.030,0.473,0.496
406000,0.030,0.498,0.471
406500,0.030,0.533,0.437
407000,0.030,0.456,0.514
407500,0.030,0.457,0.513
408000,0.030,0.453,0.517
408500,0.030,0.433,0.536
409000,0.030,0.470,0.500
409500,0.030,0.574,0.396
410000,0.030,0.528,0.442
410500,0.030,0.496,0.473
411000,0.030,0.472,0.498
411500,0.030,0.568,0.402
412000,0.030,0.534,0.435
412500,0.030,0.525,0.445
413000,0.030,0.492,0.478
413500,0.030,0.473,0.496
414000,0.030,0.540,0.430
414500,0.030,0.594,0.376
415000,0.030,0.517,0.453
415500,0.030,0.510,0.460
416000,0.030,0.566,0.404
416500,0.030,0.565,0.405
417000,0.030,0.522,0.448
417500,0.030,0.572,0.398
418000,0.030,0.605,0.365
418500,0.030,0.525,0.445
419000,0.030,0.522,0.448
419500,0.030,0.515,0.455
420000,0.030,0.437,0.533
420500,0.030,0.504,0.466
421000,0.030,0.511,0.459
421500,0.030,0.470,0.500
422000,0.030,0.406,0.564
422500,0.030,0.481,0.488
423000,0.030,0.499,0.470
423500,0.030,0.524,0.446
424000,0.030,0.502,0.468
424500,0.030,0.502,0.468
425000,0.030,0.564,0.406
425500,0.030,0.530,0.440
426000,0.030,0.476,0.494
426500,0.030,0.450,0.520
427000,0.030,0.513,0.457
427500,0.030,0.570,0.400
428000,0.030,0.496,0.473
428500,0.030,0.513,0.457
429000,0.030,0.429,0.541
429500,0.030,0.554,0.415
430000,0.030,0.475,0.495
430500,0.030,0.481,0.489
431000,0.030,0.458,0.512
431500,0.030,0.532,0.438
432000,0.030,0.518,0.452
432500,0.030,0.486,0.483
433000,0.030,0.393,0.577
433500,0.030,0.421,0.549
434000,0.030,0.496,0.473
434500,0.030,0.490,0.480
435000,0.030,0.507,0.463
435500,0.030,0.441,0.529
436000,0.030,0.448,0.522
436500,0.030,0.493,0.476
437000,0.030,0.548,0.422
437500,0.030,0.506,0.464
438000,0.030,0.468,0.502
438500,0.030,0.461,0.509
439000,0.030,0.412,0.557
439500,0.030,0.487,0.483
440000,0.030,0.539,0.431
440500,0.030,0.500,0.470
441000,0.030,0.509,0.461
441500,0.030,0.578,0.392
442000,0.030,0.565,0.405
442500,0.030,0.549,0.421
443000,0.030,0.564,0.406
443500,0.030,0.549,0.421
444000,0.030,0.470,0.500
444500,0.030,0.447,0.523
445000,0.030,0.449,0.521
445500,0.030,0.427,0.543
446000,0.030,0.492,0.477
446500,0.030,0.450,0.520
447000,0.030,0.512,0.458
447500,0.030,0.481,0.488
448000,0.030,0.539,0.430
448500,0.030,0.518,0.452
449000,0.030,0.488,0.482
449500,0.030,0.519,0.451
450000,0.030,0.463,0.507
450500,0.030,0.438,0.532
451000,0.030,0.508,0.462
451500,0.030,0.505,0.465
452000,0.030,0.529,0.441
452500,0.030,0.536,0.433
453000,0.030,0.570,0.400
453500,0.030,0.476,0.494
454000,0.030,0.450,0.520
454500,0.030,0.487,0.482
455000,0.030,0.526,0.444
455500,0.030,0.574,0.396
456000,0.030,0.536,0.434
456500,0.030,0.495,0.474
457000,0.030,0.472,0.498
457500,0.030,0.518,0.452
458000,0.030,0.503,0.467
458500,0.030,0.564,0.406
459000,0.030,0.643,0.327
459500,0.030,0.490,0.480
460000,0.030,0.390,0.580
460500,0.030,0.492,0.478
461000,0.030,0.477,0.492
461500,0.030,0.497,0.473
462000,0.030,0.551,0.418
462500,0.030,0.425,0.544
463000,0.030,0.521,0.449
463500,0.030,0.536,0.433
464000,0.030,0.630,0.340
464500,0.030,0.660,0.310
465000,0.030,0.557,0.413
465500,0.030,0.520,0.450
466000,0.030,0.495,0.475
466500,0.030,0.423,0.546
467000,0.030,0.444,0.526
467500,0.030,0.542,0.428
468000,0.030,0.588,0.382
468500,0.030,0.564,0.406
469000,0.030,0.515,0.455
469500,0.030,0.494,0.476
470000,0.030,0.444,0.526
470500,0.030,0.458,0.512
471000,0.030,0.462,0.508
471500,0.030,0.444,0.526
472000,0.030,0.447,0.523
472500,0.030,0.496,0.473
473000,0.030,0.493,0.477
473500,0.030,0.510,0.460
474000,0.030,0.526,0.444
474500,0.030,0.555,0.414
475000,0.030,0.514,0.456
475500,0.030,0.448,0.522
476000,0.030,0.388,0.582
476500,0.030,0.407,0.563
477000,0.037,0.450,0.513
477500,0.030,0.488,0.481
478000,0.030,0.433,0.537
478500,0.030,0.429,0.540
479000,0.030,0.504,0.466
479500,0.030,0.466,0.504
480000,0.030,0.457,0.513
480500,0.030,0.469,0.500
481000,0.030,0.425,0.545
481500,0.030,0.520,0.450
482000,0.030,0.525,0.445
482500,0.030,0.497,0.472
483000,0.030,0.492,0.477
483500,0.030,0.495,0.474
484000,0.030,0.525,0.445
484500,0.030,0.499,0.471
485000,0.030,0.550,0.420
485500,0.030,0.518,0.452
486000,0.030,0.490,0.479
486500,0.030,0.545,0.425
487000,0.030,0.578,0.392
487500,0.030,0.508,0.462
488000,0.030,0.536,0.434
488500,0.030,0.565,0.405
489000,0.030,0.605,0.365
489500,0.030,0.521,0.449
490000,0.030,0.499,0.471
490500,0.030,0.527,0.443
491000,0.030,0.547,0.422
491500,0.030,0.500,0.470
492000,0.030,0.469,0.500
492500,0.030,0.464,0.506
493000,0.030,0.556,0.413
493500,0.030,0.517,0.453
494000,0.030,0.567,0.403
494500,0.030,0.561,0.409
495000,0.030,0.538,0.431
495500,0.030,0.573,0.397
496000,0.030,0.543,0.427
496500,0.030,0.490,0.479
497000,0.030,0.500,0.470
497500,0.030,0.525,0.445
498000,0.030,0.583,0.387
498500,0.030,0.603,0.367
499000,0.030,0.622,0.348
499500,0.030,0.508,0.462
500000,0.030,0.522,0.448
500500,0.030,0.451,0.519
501000,0.030,0.479,0.490
501500,0.030,0.504,0.466
502000,0.030,0.494,0.476
502500,0.030,0.543,0.427
503000,0.030,0.597,0.373
503500,0.030,0.562,0.408
504000,0.030,0.512,0.458
504500,0.030,0.628,0.342
505000,0.030,0.557,0.412
505500,0.030,0.566,0.404
506000,0.030,0.535,0.435
506500,0.030,0.463,0.507
507000,0.030,0.495,0.475
507500,0.030,0.500,0.470
508000,0.030,0.482,0.488
508500,0.030,0.529,0.441
509000,0.030,0.541,0.429
509500,0.030,0.509,0.461
510000,0.030,0.499,0.470
510500,0.030,0.468,0.502
511000,0.030,0.482,0.487
511500,0.030,0.543,0.426
512000,0.030,0.509,0.461
512500,0.030,0.474,0.496
513000,0.030,0.471,0.498
513500,0.030,0.530,0.440
514000,0.030,0.421,0.549
514500,0.030,0.483,0.486
515000,0.030,0.535,0.435
515500,0.030,0.461,0.509
516000,0.030,0.462,0.508
516500,0.030,0.563,0.407
517000,0.030,0.513,0.457
517500,0.030,0.523,0.447
518000,0.030,0.504,0.466
518500,0.030,0.566,0.404
519000,0.030,0.575,0.395
519500,0.030,0.519,0.451
520000,0.030,0.457,0.513
520500,0.030,0.521,0.449
521000,0.030,0.456,0.514
521500,0.030,0.470,0.499
522000,0.030,0.500,0.470
522500,0.030,0.473,0.497
523000,0.030,0.453,0.517
523500,0.030,0.430,0.539
524000,0.030,0.461,0.509
524500,0.030,0.497,0.472
525000,0.030,0.591,0.379
525500,0.030,0.428,0.542
526000,0.030,0.516,0.454
526500,0.030,0.510,0.460
527000,0.030,0.546,0.424
527500,0.030,0.571,0.399
528000,0.030,0.473,0.497
528500,0.030,0.555,0.414
529000,0.030,0.502,0.468
529500,0.030,0.561,0.408
530000,0.030,0.539,0.431
530500,0.030,0.511,0.459
531000,0.030,0.542,0.428
531500,0.030,0.451,0.519
532000,0.030,0.554,0.416
532500,0.030,0.470,0.499
533000,0.030,0.530,0.440
533500,0.030,0.499,0.471
534000,0.030,0.542,0.428
534500,0.030,0.465,0.505
535000,0.030,0.483,0.487
535500,0.030,0.513,0.457
536000,0.030,0.485,0.484
536500,0.030,0.544,0.426
537000,0.030,0.591,0.379
537500,0.030,0.520,0.450
538000,0.030,0.615,0.355
538500,0.030,0.671,0.298
539000,0.030,0.576,0.394
539500,0.030,0.486,0.484
540000,0.030,0.546,0.423
540500,0.030,0.521,0.449
541000,0.030,0.427,0.543
541500,0.030,0.466,0.504
542000,0.030,0.499,0.471
542500,0.030,0.400,0.571
543000,0.030,0.492,0.478
543500,0.030,0.571,0.399
544000,0.030,0.567,0.403
544500,0.030,0.584,0.386
545000,0.030,0.586,0.384
545500,0.030,0.610,0.360
546000,0.030,0.548,0.422
546500,0.030,0.553,0.416
547000,0.030,0.488,0.481
547500,0.030,0.495,0.474
548000,0.030,0.490,0.479
548500,0.030,0.598,0.372
549000,0.030,0.614,0.356
549500,0.030,0.577,0.393
550000,0.030,0.646,0.324
550500,0.030,0.554,0.416
551000,0.030,0.538,0.431
551500,0.030,0.608,0.362
552000,0.030,0.574,0.396
552500,0.030,0.571,0.399
553000,0.030,0.608,0.362
553500,0.030,0.585,0.385
554000,0.030,0.601,0.369
554500,0.030,0.570,0.400
555000,0.030,0.650,0.320
555500,0.030,0.552,0.417
556000,0.030,0.515,0.455
556500,0.030,0.500,0.470
557000,0.030,0.526,0.444
557500,0.030,0.427,0.543
558000,0.030,0.492,0.478
558500,0.030,0.492,0.478
559000,0.030,0.441,0.529
559500,0.030,0.426,0.544
560000,0.030,0.501,0.469
560500,0.030,0.471,0.499
561000,0.030,0.472,0.497
561500,0.030,0.520,0.450
562000,0.030,0.485,0.485
562500,0.030,0.496,0.473
563000,0.030,0.574,0.396
563500,0.030,0.596,0.374
564000,0.030,0.530,0.440
564500,0.030,0.479,0.491
565000,0.030,0.503,0.467
565500,0.030,0.457,0.513
566000,0.030,0.504,0.466
566500,0.030,0.423,0.546
567000,0.030,0.491,0.478
567500,0.030,0.514,0.456
568000,0.030,0.515,0.455
568500,0.030,0.460,0.510
569000,0.030,0.449,0.521
569500,0.030,0.463,0.507
570000,0.030,0.511,0.459
570500,0.030,0.533,0.436
571000,0.030,0.503,0.467
571500,0.030,0.502,0.468
572000,0.030,0.542,0.427
572500,0.030,0.563,0.407
573000,0.030,0.538,0.431
573500,0.030,0.547,0.423
574000,0.030,0.493,0.476
574500,0.030,0.467,0.503
575000,0.030,0.445,0.525
575500,0.032,0.459,0.509
576000,0.030,0.553,0.416
576500,0.030,0.573,0.397
577000,0.030,0.516,0.454
577500,0.030,0.553,0.416
578000,0.030,0.516,0.454
578500,0.030,0.544,0.426
579000,0.030,0.529,0.441
579500,0.030,0.504,0.466
580000,0.030,0.577,0.393
580500,0.030,0.491,0.478
581000,0.030,0.491,0.479
581500,0.030,0.554,0.415
582000,0.030,0.542,0.428
582500,0.030,0.420,0.549
583000,0.030,0.496,0.473
583500,0.030,0.455,0.515
584000,0.030,0.468,0.502
584500,0.030,0.483,0.486
585000,0.030,0.487,0.483
585500,0.030,0.469,0.500
586000,0.030,0.495,0.475
586500,0.030,0.512,0.458
587000,0.030,0.450,0.520
587500,0.030,0.488,0.482
588000,0.030,0.495,0.474
588500,0.030,0.591,0.379
589000,0.030,0.523,0.447
589500,0.030,0.545,0.425
590000,0.030,0.518,0.452
590500,0.030,0.487,0.483
591000,0.030,0.514,0.456
591500,0.030,0.464,0.506
592000,0.030,0.585,0.385
592500,0.030,0.500,0.470
593000,0.030,0.526,0.444
593500,0.030,0.459,0.511
594000,0.030,0.418,0.551
594500,0.030,0.445,0.525
595000,0.030,0.503,0.467
595500,0.030,0.556,0.413
596000,0.030,0.551,0.419
596500,0.030,0.537,0.433
597000,0.030,0.473,0.497
597500,0.030,0.454,0.516
598000,0.030,0.522,0.448
598500,0.030,0.567,0.403
599000,0.030,0.606,0.364
599500,0.030,0.576,0.394
600000,0.030,0.547,0.422
600500,0.030,0.513,0.457
601000,0.030,0.505,0.465
601500,0.030,0.575,0.395
602000,0.030,0.509,0.461
602500,0.030,0.523,0.447
603000,0.030,0.530,0.440
603500,0.030,0.580,0.390
604000,0.030,0.583,0.387
604500,0.030,0.559,0.410
605000,0.030,0.497,0.472
605500,0.030,0.505,0.465
606000,0.030,0.578,0.392
606500,0.030,0.574,0.396
607000,0.030,0.542,0.427
607500,0.030,0.538,0.431
608000,0.030,0.491,0.478
608500,0.030,0.443,0.527
609000,0.030,0.458,0.512
609500,0.030,0.474,0.495
610000,0.030,0.528,0.442
610500,0.030,0.453,0.517
611000,0.030,0.470,0.499
611500,0.030,0.492,0.477
612000,0.030,0.521,0.449
612500,0.030,0.544,0.426
613000,0.030,0.551,0.419
613500,0.030,0.543,0.426
614000,0.030,0.500,0.470
614500,0.030,0.525,0.445
615000,0.030,0.556,0.413
615500,0.030,0.564,0.406
616000,0.030,0.499,0.471
616500,0.030,0.434,0.535
617000,0.030,0.433,0.536
617500,0.030,0.539,0.430
618000,0.030,0.566,0.404
618500,0.030,0.530,0.440
619000,0.030,0.545,0.425
619500,0.030,0.548,0.422
620000,0.030,0.585,0.385
620500,0.030,0.484,0.486
621000,0.030,0.517,0.453
621500,0.030,0.523,0.447
622000,0.030,0.474,0.495
622500,0.030,0.540,0.429
623000,0.030,0.519,0.451
623500,0.030,0.448,0.522
624000,0.030,0.424,0.546
624500,0.030,0.498,0.471
625000,0.030,0.499,0.470
625500,0.030,0.511,0.459
626000,0.030,0.520,0.450
626500,0.030,0.472,0.498
627000,0.030,0.491,0.479
627500,0.030,0.498,0.471
628000,0.030,0.501,0.469
628500,0.033,0.465,0.502
629000,0.030,0.536,0.434
629500,0.030,0.534,0.435
630000,0.030,0.559,0.411
630500,0.030,0.513,0.457
631000,0.030,0.581,0.389
631500,0.030,0.552,0.418
632000,0.030,0.557,0.413
632500,0.030,0.591,0.379
633000,0.030,0.563,0.407
633500,0.030,0.448,0.522
634000,0.030,0.461,0.509
634500,0.030,0.456,0.514
635000,0.030,0.488,0.481
635500,0.030,0.547,0.422
636000,0.030,0.493,0.476
636500,0.030,0.472,0.498
637000,0.030,0.523,0.447
637500,0.030,0.618,0.352
638000,0.030,0.602,0.368
638500,0.030,0.607,0.363
639000,0.030,0.572,0.398
639500,0.030,0.547,0.423
640000,0.030,0.558,0.412
640500,0.030,0.479,0.491
641000,0.030,0.495,0.475
641500,0.030,0.462,0.508
642000,0.030,0.483,0.487
642500,0.030,0.513,0.457
643000,0.030,0.482,0.488
643500,0.030,0.479,0.490
644000,0.030,0.486,0.483
644500,0.030,0.414,0.555
645000,0.030,0.472,0.498
645500,0.030,0.468,0.502
646000,0.030,0.537,0.433
646500,0.030,0.532,0.438
647000,0.030,0.530,0.440
647500,0.030,0.513,0.457
648000,0.030,0.451,0.519
648500,0.030,0.450,0.520
649000,0.030,0.507,0.463
649500,0.030,0.578,0.392
650000,0.030,0.528,0.442
650500,0.030,0.558,0.412
651000,0.030,0.518,0.452
651500,0.030,0.491,0.478
652000,0.030,0.512,0.458
652500,0.030,0.461,0.509
653000,0.030,0.477,0.492
653500,0.030,0.436,0.533
654000,0.030,0.515,0.455
654500,0.030,0.536,0.434
655000,0.030,0.509,0.461
655500,0.030,0.499,0.471
656000,0.030,0.531,0.439
656500,0.030,0.475,0.495
657000,0.030,0.541,0.428
657500,0.030,0.506,0.464
658000,0.030,0.528,0.442
658500,0.030,0.604,0.366
659000,0.030,0.505,0.465
659500,0.030,0.484,0.485
660000,0.030,0.540,0.430
660500,0.030,0.362,0.607
661000,0.030,0.426,0.544
661500,0.030,0.473,0.497
662000,0.030,0.509,0.461
662500,0.030,0.532,0.438
663000,0.030,0.479,0.491
663500,0.030,0.476,0.493
664000,0.030,0.531,0.439
664500,0.030,0.550,0.419
665000,0.030,0.516,0.454
665500,0.030,0.587,0.383
666000,0.030,0.553,0.417
666500,0.030,0.527,0.443
667000,0.030,0.445,0.525
667500,0.030,0.448,0.522
668000,0.030,0.441,0.529
668500,0.030,0.473,0.496
669000,0.030,0.473,0.497
669500,0.030,0.546,0.423
670000,0.030,0.576,0.394
670500,0.030,0.521,0.449
671000,0.030,0.505,0.465
671500,0.030,0.447,0.523
672000,0.030,0.497,0.472
672500,0.030,0.579,0.391
673000,0.030,0.625,0.345
673500,0.030,0.609,0.361
674000,0.030,0.567,0.403
674500,0.030,0.514,0.456
675000,0.030,0.549,0.421
675500,0.030,0.410,0.560
676000,0.030,0.479,0.491
676500,0.030,0.534,0.435
677000,0.030,0.525,0.445
677500,0.030,0.537,0.432
678000,0.030,0.468,0.502
678500,0.030,0.521,0.449
679000,0.030,0.526,0.444
679500,0.030,0.490,0.480
680000,0.030,0.509,0.461
680500,0.030,0.460,0.510
681000,0.030,0.445,0.525
681500,0.030,0.397,0.573
682000,0.030,0.480,0.489
682500,0.030,0.515,0.455
683000,0.030,0.566,0.404
683500,0.030,0.524,0.446
684000,0.030,0.451,0.519
684500,0.030,0.524,0.446
685000,0.030,0.494,0.475
685500,0.030,0.555,0.414
686000,0.030,0.566,0.404
686500,0.030,0.532,0.438
687000,0.030,0.481,0.488
687500,0.030,0.515,0.455
688000,0.030,0.462,0.508
688500,0.030,0.458,0.512
689000,0.030,0.545,0.425
689500,0.030,0.537,0.433
690000,0.030,0.526,0.444
690500,0.030,0.491,0.479
691000,0.030,0.607,0.363
691500,0.030,0.602,0.368
692000,0.030,0.485,0.484
692500,0.030,0.462,0.508
693000,0.030,0.488,0.481
693500,0.030,0.592,0.378
694000,0.030,0.516,0.454
694500,0.030,0.507,0.463
695000,0.030,0.570,0.400
695500,0.030,0.580,0.390
696000,0.030,0.540,0.429
696500,0.030,0.554,0.415
697000,0.030,0.581,0.389
697500,0.030,0.464,0.506
698000,0.030,0.531,0.439
698500,0.030,0.482,0.487
699000,0.030,0.514,0.456
699500,0.030,0.553,0.417
700000,0.030,0.557,0.412
700500,0.030,0.554,0.416
701000,0.030,0.543,0.426
701500,0.030,0.463,0.507
702000,0.030,0.546,0.424
702500,0.030,0.500,0.470
703000,0.030,0.481,0.488
703500,0.030,0.574,0.396
704000,0.030,0.475,0.495
704500,0.030,0.570,0.400
705000,0.030,0.568,0.402
705500,0.030,0.515,0.455
706000,0.030,0.472,0.497
706500,0.030,0.519,0.451
707000,0.030,0.443,0.527
707500,0.030,0.558,0.411
708000,0.030,0.537,0.433
708500,0.030,0.453,0.517
709000,0.030,0.466,0.504
709500,0.030,0.482,0.488
710000,0.030,0.536,0.433
710500,0.030,0.486,0.484
711000,0.030,0.512,0.458
711500,0.030,0.521,0.449
712000,0.030,0.535,0.434
712500,0.030,0.553,0.417
713000,0.030,0.562,0.407
713500,0.030,0.505,0.465
714000,0.030,0.460,0.510
714500,0.030,0.545,0.424
715000,0.030,0.535,0.434
715500,0.030,0.465,0.505
716000,0.030,0.524,0.446
716500,0.030,0.437,0.533
717000,0.030,0.466,0.504
717500,0.030,0.470,0.500
718000,0.030,0.460,0.510
718500,0.030,0.497,0.473
719000,0.030,0.519,0.451
719500,0.030,0.451,0.519
720000,0.030,0.534,0.436
720500,0.030,0.611,0.359
721000,0.030,0.528,0.442
721500,0.030,0.479,0.490
722000,0.030,0.535,0.434
722500,0.030,0.591,0.379
723000,0.030,0.527,0.443
723500,0.030,0.528,0.442
724000,0.030,0.527,0.443
724500,0.030,0.492,0.478
725000,0.030,0.518,0.452
725500,0.030,0.612,0.358
726000,0.030,0.558,0.412
726500,0.030,0.630,0.340
727000,0.030,0.558,0.411
727500,0.030,0.510,0.460
728000,0.030,0.514,0.456
728500,0.030,0.526,0.444
729000,0.030,0.521,0.449
729500,0.030,0.559,0.411
730000,0.030,0.552,0.418
730500,0.030,0.562,0.408
731000,0.030,0.474,0.496
731500,0.030,0.527,0.443
732000,0.030,0.502,0.468
732500,0.030,0.555,0.414
733000,0.030,0.526,0.444
733500,0.030,0.538,0.431
734000,0.030,0.559,0.411
734500,0.030,0.512,0.458
735000,0.030,0.465,0.505
735500,0.030,0.470,0.500
736000,0.030,0.421,0.548
736500,0.030,0.452,0.518
737000,0.030,0.534,0.436
737500,0.030,0.468,0.502
738000,0.030,0.500,0.470
738500,0.030,0.550,0.419
739000,0.030,0.555,0.415
739500,0.030,0.588,0.382
740000,0.030,0.538,0.432
740500,0.030,0.490,0.480
741000,0.030,0.458,0.512
741500,0.030,0.400,0.571
742000,0.030,0.492,0.478
742500,0.030,0.533,0.436
743000,0.030,0.559,0.411
743500,0.030,0.466,0.504
744000,0.030,0.500,0.470
744500,0.030,0.451,0.519
745000,0.030,0.526,0.444
745500,0.030,0.468,0.502
746000,0.030,0.549,0.420
746500,0.030,0.590,0.380
747000,0.030,0.547,0.422
747500,0.030,0.519,0.451
748000,0.030,0.486,0.484
748500,0.030,0.483,0.486
749000,0.030,0.456,0.514
749500,0.030,0.477,0.492
750000,0.030,0.571,0.399
750500,0.030,0.550,0.419
751000,0.030,0.523,0.447
751500,0.030,0.505,0.465
752000,0.030,0.539,0.430
752500,0.030,0.563,0.407
753000,0.030,0.545,0.425
753500,0.030,0.571,0.399
754000,0.030,0.582,0.388
754500,0.030,0.540,0.429
755000,0.030,0.552,0.418
755500,0.030,0.439,0.531
756000,0.030,0.548,0.421
756500,0.030,0.525,0.445
757000,0.030,0.534,0.435
757500,0.030,0.518,0.452
758000,0.030,0.546,0.424
758500,0.030,0.539,0.431
759000,0.030,0.504,0.466
759500,0.030,0.519,0.451
760000,0.030,0.566,0.404
760500,0.030,0.611,0.359
761000,0.030,0.586,0.384
761500,0.030,0.628,0.342
762000,0.030,0.612,0.358
762500,0.030,0.555,0.414
763000,0.030,0.532,0.438
763500,0.030,0.458,0.512
764000,0.030,0.496,0.473
764500,0.030,0.471,0.498
765000,0.030,0.489,0.480
765500,0.030,0.499,0.471
766000,0.030,0.470,0.499
766500,0.030,0.506,0.464
767000,0.030,0.568,0.402
767500,0.030,0.515,0.455
768000,0.030,0.496,0.473
768500,0.030,0.459,0.511
769000,0.030,0.450,0.520
769500,0.030,0.480,0.489
770000,0.030,0.463,0.507
770500,0.030,0.535,0.434
771000,0.030,0.591,0.379
771500,0.030,0.624,0.346
772000,0.030,0.654,0.316
772500,0.030,0.611,0.359
773000,0.030,0.583,0.387
773500,0.030,0.554,0.416
774000,0.030,0.561,0.409
774500,0.030,0.527,0.443
775000,0.030,0.536,0.434
775500,0.030,0.511,0.459
776000,0.030,0.512,0.458
776500,0.030,0.512,0.458
777000,0.030,0.570,0.400
777500,0.030,0.583,0.387
778000,0.030,0.574,0.396
778500,0.030,0.493,0.477
779000,0.030,0.557,0.413
779500,0.030,0.583,0.387
780000,0.030,0.555,0.415
780500,0.030,0.503,0.467
781000,0.030,0.532,0.438
781500,0.030,0.483,0.486
782000,0.030,0.499,0.471
782500,0.030,0.544,0.426
783000,0.030,0.450,0.520
783500,0.030,0.449,0.521
784000,0.030,0.478,0.492
784500,0.030,0.460,0.510
785000,0.030,0.484,0.485
785500,0.030,0.482,0.488
786000,0.030,0.481,0.489
786500,0.030,0.471,0.499
787000,0.030,0.534,0.435
787500,0.030,0.534,0.436
788000,0.030,0.588,0.382
788500,0.030,0.473,0.496
789000,0.030,0.482,0.487
789500,0.030,0.520,0.450
790000,0.030,0.451,0.519
790500,0.030,0.477,0.492
791000,0.030,0.438,0.532
791500,0.030,0.480,0.490
792000,0.030,0.486,0.484
792500,0.030,0.469,0.501
793000,0.030,0.523,0.447
793500,0.030,0.509,0.461
794000,0.030,0.530,0.440
794500,0.030,0.574,0.396
795000,0.030,0.590,0.380
795500,0.030,0.480,0.489
796000,0.030,0.483,0.486
796500,0.030,0.399,0.571
797000,0.030,0.469,0.501
797500,0.030,0.575,0.395
798000,0.030,0.572,0.398
798500,0.030,0.573,0.397
799000,0.030,0.543,0.427
799500,0.030,0.523,0.447
800000,0.030,0.502,0.468
800500,0.030,0.503,0.467
801000,0.030,0.457,0.513
801500,0.030,0.495,0.475
802000,0.030,0.499,0.471
802500,0.030,0.510,0.460
803000,0.030,0.581,0.389
803500,0.030,0.560,0.409
804000,0.030,0.556,0.414
804500,0.030,0.529,0.441
805000,0.030,0.478,0.491
805500,0.030,0.521,0.449
806000,0.030,0.533,0.437
806500,0.030,0.440,0.530
807000,0.030,0.483,0.487
807500,0.030,0.493,0.477
808000,0.030,0.555,0.414
808500,0.030,0.514,0.456
809000,0.030,0.473,0.497
809500,0.030,0.535,0.435
810000,0.030,0.560,0.410
810500,0.030,0.567,0.403
811000,0.030,0.484,0.486
811500,0.030,0.479,0.491
812000,0.030,0.526,0.444
812500,0.034,0.504,0.462
813000,0.030,0.501,0.469
813500,0.030,0.573,0.397
814000,0.030,0.558,0.412
814500,0.030,0.505,0.465
815000,0.030,0.515,0.455
815500,0.030,0.486,0.483
816000,0.030,0.553,0.416
816500,0.030,0.636,0.334
817000,0.030,0.557,0.413
817500,0.030,0.551,0.418
818000,0.030,0.523,0.447
818500,0.030,0.530,0.440
819000,0.030,0.601,0.369
819500,0.030,0.500,0.470
820000,0.030,0.470,0.499
820500,0.030,0.501,0.469
821000,0.030,0.465,0.505
821500,0.030,0.527,0.443
822000,0.030,0.446,0.524
822500,0.030,0.591,0.379
823000,0.030,0.544,0.426
823500,0.030,0.502,0.468
824000,0.030,0.500,0.470
824500,0.030,0.504,0.466
825000,0.030,0.559,0.410
825500,0.030,0.518,0.452
826000,0.030,0.435,0.535
826500,0.030,0.566,0.404
827000,0.030,0.513,0.457
827500,0.030,0.448,0.522
828000,0.030,0.480,0.490
828500,0.030,0.492,0.478
829000,0.030,0.550,0.419
829500,0.030,0.535,0.434
830000,0.030,0.565,0.405
830500,0.030,0.487,0.483
831000,0.030,0.488,0.482
831500,0.030,0.523,0.447
832000,0.030,0.479,0.491
832500,0.030,0.545,0.425
833000,0.030,0.562,0.407
833500,0.030,0.472,0.498
834000,0.030,0.474,0.495
834500,0.030,0.495,0.474
835000,0.030,0.524,0.446
835500,0.030,0.528,0.442
836000,0.030,0.508,0.462
836500,0.030,0.578,0.392
837000,0.030,0.559,0.410
837500,0.030,0.491,0.479
838000,0.030,0.523,0.447
838500,0.030,0.443,0.527
839000,0.030,0.405,0.565
839500,0.030,0.459,0.511
840000,0.030,0.578,0.392
840500,0.030,0.536,0.434
841000,0.030,0.524,0.446
841500,0.030,0.512,0.458
842000,0.030,0.504,0.466
842500,0.030,0.543,0.426
843000,0.030,0.565,0.405
843500,0.030,0.561,0.408
844000,0.030,0.523,0.447
844500,0.030,0.597,0.373
845000,0.030,0.531,0.439
845500,0.030,0.552,0.417
846000,0.030,0.544,0.425
846500,0.030,0.514,0.456
847000,0.030,0.499,0.471
847500,0.030,0.596,0.374
848000,0.030,0.479,0.491
848500,0.030,0.468,0.502
849000,0.030,0.524,0.446
849500,0.030,0.536,0.434
850000,0.030,0.492,0.477
850500,0.030,0.469,0.500
851000,0.030,0.542,0.427
851500,0.030,0.568,0.402
852000,0.030,0.588,0.382
852500,0.030,0.593,0.377
853000,0.030,0.559,0.410
853500,0.030,0.614,0.356
854000,0.030,0.591,0.379
854500,0.030,0.481,0.489
855000,0.030,0.400,0.570
855500,0.030,0.508,0.462
856000,0.030,0.488,0.482
856500,0.030,0.500,0.470
857000,0.030,0.535,0.435
857500,0.030,0.503,0.467
858000,0.030,0.435,0.534
858500,0.030,0.495,0.474
859000,0.030,0.470,0.499
859500,0.030,0.527,0.443
860000,0.030,0.445,0.525
860500,0.030,0.438,0.532
861000,0.030,0.417,0.553
861500,0.030,0.450,0.520
862000,0.030,0.494,0.475
862500,0.030,0.524,0.446
863000,0.030,0.522,0.448
863500,0.030,0.584,0.386
864000,0.030,0.549,0.420
864500,0.030,0.512,0.458
865000,0.030,0.524,0.446
865500,0.030,0.520,0.450
866000,0.030,0.456,0.514
866500,0.030,0.521,0.449
867000,0.030,0.537,0.433
867500,0.030,0.524,0.446
868000,0.030,0.519,0.451
868500,0.030,0.502,0.468
869000,0.030,0.549,0.420
869500,0.030,0.504,0.466
870000,0.030,0.541,0.429
870500,0.030,0.581,0.389
871000,0.030,0.580,0.390
871500,0.030,0.636,0.334
872000,0.030,0.527,0.443
872500,0.030,0.546,0.423
873000,0.030,0.581,0.389
873500,0.030,0.542,0.428
874000,0.030,0.542,0.428
874500,0.030,0.543,0.427
875000,0.030,0.546,0.423
875500,0.030,0.524,0.446
876000,0.030,0.598,0.372
876500,0.030,0.580,0.390
877000,0.030,0.604,0.366
877500,0.030,0.565,0.405
878000,0.030,0.530,0.440
878500,0.030,0.506,0.464
879000,0.030,0.509,0.461
879500,0.030,0.585,0.385
880000,0.030,0.513,0.457
880500,0.030,0.499,0.471
881000,0.030,0.502,0.468
881500,0.030,0.473,0.497
882000,0.030,0.509,0.461
882500,0.030,0.461,0.509
883000,0.030,0.523,0.447
883500,0.030,0.494,0.476
884000,0.030,0.515,0.455
884500,0.030,0.460,0.510
885000,0.030,0.527,0.443
885500,0.030,0.471,0.499
886000,0.030,0.453,0.517
886500,0.030,0.481,0.489
887000,0.030,0.497,0.472
887500,0.030,0.549,0.421
888000,0.030,0.464,0.506
888500,0.030,0.477,0.492
889000,0.030,0.478,0.492
889500,0.030,0.492,0.477
890000,0.030,0.535,0.434
890500,0.030,0.562,0.407
891000,0.030,0.479,0.491
891500,0.030,0.478,0.491
892000,0.030,0.511,0.459
892500,0.030,0.559,0.410
893000,0.030,0.438,0.532
893500,0.030,0.490,0.480
894000,0.030,0.475,0.495
894500,0.030,0.461,0.509
895000,0.030,0.498,0.472
895500,0.030,0.578,0.392
896000,0.030,0.556,0.413
896500,0.030,0.534,0.436
897000,0.030,0.530,0.440
897500,0.030,0.584,0.386
898000,0.030,0.557,0.412
898500,0.030,0.543,0.427
899000,0.030,0.477,0.492
899500,0.030,0.518,0.452
900000,0.030,0.456,0.514
900500,0.030,0.500,0.470
901000,0.030,0.419,0.551
901500,0.030,0.492,0.478
902000,0.030,0.485,0.485
902500,0.030,0.490,0.479
903000,0.030,0.453,0.517
903500,0.030,0.418,0.552
904000,0.030,0.435,0.535
904500,0.030,0.401,0.569
905000,0.030,0.428,0.541
905500,0.030,0.478,0.492
906000,0.030,0.479,0.491
906500,0.030,0.436,0.534
907000,0.030,0.451,0.519
907500,0.030,0.508,0.462
908000,0.030,0.460,0.510
908500,0.030,0.500,0.470
909000,0.030,0.504,0.466
909500,0.030,0.511,0.459
910000,0.030,0.554,0.416
910500,0.030,0.553,0.416
911000,0.030,0.516,0.454
911500,0.030,0.523,0.447
912000,0.030,0.511,0.459
912500,0.030,0.485,0.484
913000,0.030,0.485,0.485
913500,0.030,0.578,0.392
914000,0.030,0.530,0.440
914500,0.030,0.478,0.492
915000,0.030,0.609,0.361
915500,0.030,0.589,0.381
916000,0.030,0.603,0.367
916500,0.030,0.518,0.452
917000,0.030,0.585,0.385
917500,0.030,0.538,0.431
918000,0.030,0.486,0.483
918500,0.030,0.545,0.425
919000,0.030,0.486,0.483
919500,0.030,0.440,0.530
920000,0.030,0.509,0.461
920500,0.030,0.590,0.380
921000,0.030,0.512,0.458
921500,0.030,0.554,0.415
922000,0.030,0.526,0.444
922500,0.030,0.498,0.472
923000,0.030,0.486,0.484
923500,0.030,0.488,0.481
924000,0.030,0.537,0.432
924500,0.030,0.557,0.413
925000,0.030,0.560,0.410
925500,0.030,0.562,0.407
926000,0.030,0.532,0.438
926500,0.030,0.594,0.376
927000,0.030,0.577,0.393
927500,0.030,0.489,0.480
928000,0.030,0.512,0.458
928500,0.030,0.454,0.516
929000,0.030,0.419,0.550
929500,0.030,0.488,0.481
930000,0.030,0.614,0.356
930500,0.030,0.568,0.402
931000,0.030,0.481,0.488
931500,0.030,0.519,0.451
932000,0.030,0.654,0.316
932500,0.030,0.674,0.296
933000,0.030,0.557,0.412
933500,0.030,0.554,0.415
934000,0.030,0.528,0.442
934500,0.030,0.498,0.472
935000,0.030,0.555,0.415
935500,0.030,0.567,0.403
936000,0.030,0.590,0.380
936500,0.030,0.521,0.449
937000,0.030,0.536,0.433
937500,0.030,0.461,0.509
938000,0.030,0.475,0.495
938500,0.030,0.509,0.461
939000,0.030,0.527,0.443
939500,0.030,0.525,0.445
940000,0.030,0.445,0.525
940500,0.030,0.508,0.462
941000,0.030,0.550,0.419
941500,0.030,0.515,0.455
942000,0.030,0.564,0.406
942500,0.030,0.593,0.377
943000,0.030,0.503,0.467
943500,0.030,0.491,0.478
944000,0.030,0.532,0.438
944500,0.030,0.522,0.448
945000,0.030,0.566,0.404
945500,0.030,0.543,0.426
946000,0.030,0.490,0.479
946500,0.030,0.454,0.516
947000,0.030,0.522,0.448
947500,0.030,0.467,0.503
948000,0.030,0.454,0.516
948500,0.030,0.529,0.441
949000,0.030,0.498,0.472
949500,0.030,0.586,0.384
950000,0.030,0.458,0.512
950500,0.030,0.492,0.478
951000,0.030,0.499,0.471
951500,0.030,0.560,0.409
952000,0.030,0.477,0.493
952500,0.030,0.544,0.425
953000,0.030,0.528,0.442
953500,0.030,0.524,0.446
954000,0.030,0.579,0.391
954500,0.030,0.562,0.407
955000,0.030,0.571,0.399
955500,0.030,0.536,0.433
956000,0.030,0.637,0.333
956500,0.030,0.537,0.433
957000,0.030,0.452,0.518
957500,0.030,0.500,0.470
958000,0.030,0.545,0.425
958500,0.030,0.505,0.465
959000,0.030,0.513,0.457
959500,0.030,0.459,0.511
960000,0.030,0.588,0.382
960500,0.030,0.547,0.422
961000,0.030,0.492,0.477
961500,0.030,0.477,0.492
962000,0.030,0.568,0.402
962500,0.030,0.495,0.475
963000,0.030,0.556,0.413
963500,0.030,0.460,0.510
964000,0.030,0.443,0.527
964500,0.030,0.435,0.534
965000,0.030,0.483,0.487
965500,0.030,0.506,0.464
966000,0.030,0.541,0.428
966500,0.030,0.650,0.320
967000,0.030,0.524,0.446
967500,0.030,0.533,0.436
968000,0.030,0.528,0.442
968500,0.030,0.576,0.394
969000,0.030,0.501,0.469
969500,0.030,0.518,0.452
970000,0.030,0.553,0.416
970500,0.030,0.559,0.410
971000,0.030,0.607,0.363
971500,0.030,0.552,0.417
972000,0.030,0.551,0.418
972500,0.030,0.510,0.460
973000,0.030,0.498,0.471
973500,0.030,0.503,0.467
974000,0.030,0.554,0.416
974500,0.030,0.570,0.400
975000,0.030,0.542,0.428
975500,0.030,0.643,0.327
976000,0.030,0.659,0.311
976500,0.030,0.571,0.399
977000,0.030,0.654,0.316
977500,0.030,0.585,0.385
978000,0.030,0.513,0.457
978500,0.030,0.548,0.421
979000,0.030,0.519,0.451
979500,0.030,0.540,0.429
980000,0.030,0.505,0.465
980500,0.030,0.613,0.357
981000,0.030,0.560,0.409
981500,0.030,0.519,0.451
982000,0.030,0.547,0.423
982500,0.030,0.511,0.459
983000,0.030,0.527,0.443
983500,0.030,0.490,0.479
984000,0.030,0.490,0.479
984500,0.030,0.537,0.432
985000,0.030,0.512,0.458
985500,0.030,0.550,0.419
986000,0.030,0.575,0.395
986500,0.030,0.514,0.456
987000,0.030,0.508,0.462
987500,0.030,0.544,0.426
988000,0.030,0.526,0.444
988500,0.030,0.454,0.516
989000,0.030,0.552,0.417
989500,0.030,0.491,0.479
990000,0.030,0.537,0.432
990500,0.030,0.499,0.470
991000,0.030,0.542,0.427
991500,0.030,0.521,0.449
992000,0.030,0.437,0.533
992500,0.030,0.524,0.446
993000,0.030,0.514,0.456
993500,0.030,0.536,0.434
994000,0.030,0.468,0.502
994500,0.030,0.513,0.457
995000,0.030,0.540,0.429
995500,0.030,0.522,0.448
996000,0.030,0.502,0.468
996500,0.030,0.532,0.438
997000,0.030,0.611,0.359
997500,0.030,0.584,0.386
998000,0.030,0.537,0.433
998500,0.030,0.523,0.447
999000,0.030,0.567,0.403
999500,0.030,0.516,0.454
1000000,0.030,0.528,0.442
