time,n_A+p,n_B,n_AB
500,0.010,0.496,0.494
1000,0.010,0.162,0.828
1500,0.013,0.118,0.869
2000,0.010,0.206,0.784
2500,0.010,0.354,0.636
3000,0.010,0.220,0.770
3500,0.010,0.390,0.600
4000,0.010,0.250,0.740
4500,0.010,0.335,0.655
5000,0.010,0.104,0.886
5500,0.010,0.265,0.725
6000,0.010,0.215,0.775
6500,0.010,0.170,0.820
7000,0.011,0.181,0.808
7500,0.010,0.219,0.771
8000,0.010,0.237,0.753
8500,0.019,0.204,0.777
9000,0.010,0.183,0.807
9500,0.018,0.273,0.709
10000,0.010,0.201,0.789
10500,0.010,0.300,0.690
11000,0.010,0.174,0.816
11500,0.010,0.184,0.806
12000,0.010,0.257,0.733
12500,0.010,0.318,0.672
13000,0.010,0.311,0.679
13500,0.010,0.218,0.772
14000,0.010,0.175,0.815
14500,0.010,0.261,0.729
15000,0.010,0.301,0.689
15500,0.010,0.248,0.742
16000,0.010,0.211,0.779
16500,0.010,0.160,0.830
17000,0.010,0.251,0.739
17500,0.010,0.345,0.645
18000,0.010,0.250,0.740
18500,0.010,0.171,0.819
19000,0.010,0.329,0.661
19500,0.010,0.241,0.749
20000,0.010,0.409,0.581
20500,0.010,0.227,0.763
21000,0.082,0.035,0.883
21500,0.408,0.000,0.592
22000,0.279,0.000,0.721
22500,0.215,0.000,0.785
23000,0.152,0.000,0.848
23500,0.378,0.000,0.622
24000,0.512,0.000,0.488
24500,0.381,0.000,0.619
25000,0.466,0.000,0.534
25500,0.524,0.000,0.476
26000,0.377,0.000,0.623
26500,0.249,0.000,0.751
27000,0.310,0.000,0.690
27500,0.363,0.000,0.637
28000,0.388,0.000,0.612
28500,0.206,0.000,0.794
29000,0.333,0.000,0.667
29500,0.405,0.000,0.595
30000,0.444,0.000,0.556
30500,0.272,0.000,0.728
31000,0.188,0.000,0.812
31500,0.329,0.000,0.671
32000,0.209,0.000,0.791
32500,0.315,0.000,0.685
33000,0.321,0.000,0.679
33500,0.335,0.000,0.665
34000,0.242,0.000,0.758
34500,0.270,0.000,0.730
35000,0.329,0.000,0.671
35500,0.346,0.000,0.654
36000,0.220,0.000,0.780
36500,0.287,0.000,0.713
37000,0.311,0.000,0.689
37500,0.211,0.000,0.789
38000,0.310,0.000,0.690
38500,0.226,0.000,0.774
39000,0.374,0.000,0.626
39500,0.391,0.000,0.609
40000,0.271,0.000,0.729
40500,0.419,0.000,0.581
41000,0.333,0.000,0.667
41500,0.460,0.000,0.540
42000,0.249,0.000,0.751
42500,0.325,0.000,0.675
43000,0.415,0.000,0.585
43500,0.378,0.000,0.622
44000,0.365,0.000,0.635
44500,0.304,0.000,0.696
45000,0.230,0.000,0.770
45500,0.462,0.000,0.538
46000,0.239,0.000,0.761
46500,0.418,0.000,0.582
47000,0.339,0.000,0.661
47500,0.227,0.000,0.773
48000,0.381,0.000,0.619
48500,0.381,0.000,0.619
49000,0.379,0.000,0.621
49500,0.189,0.000,0.811
50000,0.400,0.000,0.600
50500,0.529,0.000,0.471
51000,0.269,0.000,0.731
51500,0.429,0.000,0.571
52000,0.469,0.000,0.531
52500,0.353,0.000,0.647
53000,0.283,0.000,0.717
53500,0.416,0.000,0.584
54000,0.333,0.000,0.667
54500,0.321,0.000,0.679
55000,0.404,0.000,0.596
55500,0.253,0.000,0.747
56000,0.354,0.000,0.646
56500,0.334,0.000,0.666
57000,0.413,0.000,0.587
57500,0.300,0.000,0.700
58000,0.296,0.000,0.704
58500,0.313,0.000,0.687
59000,0.308,0.000,0.692
59500,0.314,0.000,0.686
60000,0.402,0.000,0.598
60500,0.365,0.000,0.635
61000,0.304,0.000,0.696
61500,0.326,0.000,0.674
62000,0.269,0.000,0.731
62500,0.300,0.000,0.700
63000,0.325,0.000,0.675
63500,0.360,0.000,0.640
64000,0.298,0.000,0.702
64500,0.407,0.000,0.593
65000,0.461,0.000,0.539
65500,0.310,0.000,0.690
66000,0.428,0.000,0.572
66500,0.383,0.000,0.617
67000,0.395,0.000,0.605
67500,0.199,0.000,0.801
68000,0.400,0.000,0.600
68500,0.367,0.000,0.633
69000,0.425,0.000,0.575
69500,0.405,0.000,0.595
70000,0.346,0.000,0.654
70500,0.354,0.000,0.646
71000,0.213,0.000,0.787
71500,0.242,0.000,0.758
72000,0.184,0.000,0.816
72500,0.293,0.000,0.707
73000,0.182,0.000,0.818
73500,0.369,0.000,0.631
74000,0.282,0.000,0.718
74500,0.292,0.000,0.708
75000,0.306,0.000,0.694
75500,0.400,0.000,0.600
76000,0.343,0.000,0.657
76500,0.231,0.000,0.769
77000,0.343,0.000,0.657
77500,0.487,0.000,0.513
78000,0.362,0.000,0.638
78500,0.221,0.000,0.779
79000,0.439,0.000,0.561
79500,0.288,0.000,0.712
80000,0.335,0.000,0.665
80500,0.308,0.000,0.692
81000,0.191,0.000,0.809
81500,0.439,0.000,0.561
82000,0.440,0.000,0.560
82500,0.497,0.000,0.503
83000,0.358,0.000,0.642
83500,0.342,0.000,0.658
84000,0.214,0.000,0.786
84500,0.370,0.000,0.630
85000,0.357,0.000,0.643
85500,0.338,0.000,0.662
86000,0.319,0.000,0.681
86500,0.345,0.000,0.655
87000,0.329,0.000,0.671
87500,0.585,0.000,0.415
88000,0.444,0.000,0.556
88500,0.274,0.000,0.726
89000,0.284,0.000,0.716
89500,0.352,0.000,0.648
90000,0.450,0.000,0.550
90500,0.311,0.000,0.689
91000,0.479,0.000,0.521
91500,0.279,0.000,0.721
92000,0.401,0.000,0.599
92500,0.416,0.000,0.584
93000,0.234,0.000,0.766
93500,0.432,0.000,0.568
94000,0.328,0.000,0.672
94500,0.441,0.000,0.559
95000,0.392,0.000,0.608
95500,0.247,0.000,0.753
96000,0.216,0.000,0.784
96500,0.317,0.000,0.683
97000,0.279,0.000,0.721
97500,0.350,0.000,0.650
98000,0.259,0.000,0.741
98500,0.240,0.000,0.760
99000,0.189,0.000,0.811
99500,0.285,0.000,0.715
100000,0.250,0.000,0.750
100500,0.340,0.000,0.660
101000,0.303,0.000,0.697
101500,0.298,0.000,0.702
102000,0.239,0.000,0.761
102500,0.370,0.000,0.630
103000,0.194,0.000,0.806
103500,0.351,0.000,0.649
104000,0.329,0.000,0.671
104500,0.365,0.000,0.635
105000,0.267,0.000,0.733
105500,0.359,0.000,0.641
106000,0.213,0.000,0.787
106500,0.388,0.000,0.612
107000,0.180,0.000,0.820
107500,0.191,0.000,0.809
108000,0.208,0.000,0.792
108500,0.361,0.000,0.639
109000,0.285,0.000,0.715
109500,0.233,0.000,0.767
110000,0.464,0.000,0.536
110500,0.372,0.000,0.628
111000,0.301,0.000,0.699
111500,0.304,0.000,0.696
112000,0.343,0.000,0.657
112500,0.326,0.000,0.674
113000,0.327,0.000,0.673
113500,0.271,0.000,0.729
114000,0.172,0.000,0.828
114500,0.383,0.000,0.617
115000,0.370,0.000,0.630
115500,0.368,0.000,0.632
116000,0.336,0.000,0.664
116500,0.413,0.000,0.587
117000,0.243,0.000,0.757
117500,0.476,0.000,0.524
118000,0.333,0.000,0.667
118500,0.350,0.000,0.650
119000,0.414,0.000,0.586
119500,0.370,0.000,0.630
120000,0.334,0.000,0.666
120500,0.429,0.000,0.571
121000,0.358,0.000,0.642
121500,0.307,0.000,0.693
122000,0.315,0.000,0.685
122500,0.399,0.000,0.601
123000,0.459,0.000,0.541
123500,0.436,0.000,0.564
124000,0.274,0.000,0.726
124500,0.365,0.000,0.635
125000,0.322,0.000,0.678
125500,0.334,0.000,0.666
126000,0.591,0.000,0.409
126500,0.325,0.000,0.675
127000,0.337,0.000,0.663
127500,0.360,0.000,0.640
128000,0.243,0.000,0.757
128500,0.290,0.000,0.710
129000,0.351,0.000,0.649
129500,0.395,0.000,0.605
130000,0.243,0.000,0.757
130500,0.302,0.000,0.698
131000,0.333,0.000,0.667
131500,0.232,0.000,0.768
132000,0.446,0.000,0.554
132500,0.402,0.000,0.598
133000,0.296,0.000,0.704
133500,0.266,0.000,0.734
134000,0.325,0.000,0.675
134500,0.358,0.000,0.642
135000,0.330,0.000,0.670
135500,0.265,0.000,0.735
136000,0.397,0.000,0.603
136500,0.330,0.000,0.670
137000,0.169,0.000,0.831
137500,0.415,0.000,0.585
138000,0.302,0.000,0.698
138500,0.439,0.000,0.561
139000,0.291,0.000,0.709
139500,0.266,0.000,0.734
140000,0.399,0.000,0.601
140500,0.385,0.000,0.615
141000,0.343,0.000,0.657
141500,0.287,0.000,0.713
142000,0.282,0.000,0.718
142500,0.453,0.000,0.547
143000,0.421,0.000,0.579
143500,0.228,0.000,0.772
144000,0.279,0.000,0.721
144500,0.277,0.000,0.723
145000,0.397,0.000,0.603
145500,0.457,0.000,0.543
146000,0.210,0.000,0.790
146500,0.314,0.000,0.686
147000,0.392,0.000,0.608
147500,0.362,0.000,0.638
148000,0.295,0.000,0.705
148500,0.117,0.000,0.883
149000,0.321,0.000,0.679
149500,0.228,0.000,0.772
150000,0.144,0.000,0.856
150500,0.333,0.000,0.667
151000,0.408,0.000,0.592
151500,0.515,0.000,0.485
152000,0.406,0.000,0.594
152500,0.289,0.000,0.711
153000,0.602,0.000,0.398
153500,0.217,0.000,0.783
154000,0.362,0.000,0.638
154500,0.345,0.000,0.655
155000,0.421,0.000,0.579
155500,0.337,0.000,0.663
156000,0.399,0.000,0.601
156500,0.390,0.000,0.610
157000,0.406,0.000,0.594
157500,0.281,0.000,0.719
158000,0.171,0.000,0.829
158500,0.364,0.000,0.636
159000,0.457,0.000,0.543
159500,0.230,0.000,0.770
160000,0.277,0.000,0.723
160500,0.324,0.000,0.676
161000,0.434,0.000,0.566
161500,0.370,0.000,0.630
162000,0.390,0.000,0.610
162500,0.418,0.000,0.582
163000,0.253,0.000,0.747
163500,0.324,0.000,0.676
164000,0.449,0.000,0.551
164500,0.349,0.000,0.651
165000,0.282,0.000,0.718
165500,0.371,0.000,0.629
166000,0.345,0.000,0.655
166500,0.477,0.000,0.523
167000,0.320,0.000,0.680
167500,0.417,0.000,0.583
168000,0.271,0.000,0.729
168500,0.336,0.000,0.664
169000,0.436,0.000,0.564
169500,0.283,0.000,0.717
170000,0.284,0.000,0.716
170500,0.343,0.000,0.657
171000,0.269,0.000,0.731
171500,0.418,0.000,0.582
172000,0.317,0.000,0.683
172500,0.360,0.000,0.640
173000,0.372,0.000,0.628
173500,0.251,0.000,0.749
174000,0.301,0.000,0.699
174500,0.362,0.000,0.638
175000,0.321,0.000,0.679
175500,0.267,0.000,0.733
176000,0.255,0.000,0.745
176500,0.260,0.000,0.740
177000,0.305,0.000,0.695
177500,0.364,0.000,0.636
178000,0.436,0.000,0.564
178500,0.375,0.000,0.625
179000,0.486,0.000,0.514
179500,0.401,0.000,0.599
180000,0.324,0.000,0.676
180500,0.415,0.000,0.585
181000,0.394,0.000,0.606
181500,0.341,0.000,0.659
182000,0.294,0.000,0.706
182500,0.441,0.000,0.559
183000,0.405,0.000,0.595
183500,0.267,0.000,0.733
184000,0.170,0.000,0.830
184500,0.365,0.000,0.635
185000,0.248,0.000,0.752
185500,0.346,0.000,0.654
186000,0.252,0.000,0.748
186500,0.458,0.000,0.542
187000,0.335,0.000,0.665
187500,0.431,0.000,0.569
188000,0.289,0.000,0.711
188500,0.397,0.000,0.603
189000,0.387,0.000,0.613
189500,0.225,0.000,0.775
190000,0.499,0.000,0.501
190500,0.204,0.000,0.796
191000,0.202,0.000,0.798
191500,0.548,0.000,0.452
192000,0.321,0.000,0.679
192500,0.331,0.000,0.669
193000,0.356,0.000,0.644
193500,0.277,0.000,0.723
194000,0.351,0.000,0.649
194500,0.270,0.000,0.730
195000,0.322,0.000,0.678
195500,0.362,0.000,0.638
196000,0.299,0.000,0.701
196500,0.118,0.000,0.882
197000,0.239,0.000,0.761
197500,0.318,0.000,0.682
198000,0.511,0.000,0.489
198500,0.359,0.000,0.641
199000,0.247,0.000,0.753
199500,0.375,0.000,0.625
200000,0.329,0.000,0.671
200500,0.304,0.000,0.696
201000,0.348,0.000,0.652
201500,0.337,0.000,0.663
202000,0.297,0.000,0.703
202500,0.298,0.000,0.702
203000,0.234,0.000,0.766
203500,0.185,0.016,0.799
204000,0.257,0.000,0.743
204500,0.267,0.000,0.733
205000,0.418,0.000,0.582
205500,0.518,0.000,0.482
206000,0.269,0.000,0.731
206500,0.299,0.000,0.701
207000,0.356,0.000,0.644
207500,0.221,0.000,0.779
208000,0.222,0.000,0.778
208500,0.263,0.000,0.737
209000,0.463,0.000,0.537
209500,0.471,0.000,0.529
210000,0.314,0.000,0.686
210500,0.281,0.000,0.719
211000,0.251,0.000,0.749
211500,0.366,0.000,0.634
212000,0.389,0.000,0.611
212500,0.406,0.000,0.594
213000,0.417,0.000,0.583
213500,0.345,0.000,0.655
214000,0.345,0.000,0.655
214500,0.266,0.000,0.734
215000,0.325,0.000,0.675
215500,0.270,0.000,0.730
216000,0.382,0.000,0.618
216500,0.257,0.000,0.743
217000,0.343,0.000,0.657
217500,0.412,0.000,0.588
218000,0.476,0.000,0.524
218500,0.380,0.000,0.620
219000,0.303,0.000,0.697
219500,0.390,0.000,0.610
220000,0.334,0.000,0.666
220500,0.163,0.000,0.837
221000,0.425,0.000,0.575
221500,0.383,0.000,0.617
222000,0.393,0.000,0.607
222500,0.286,0.000,0.714
223000,0.449,0.000,0.551
223500,0.410,0.000,0.590
224000,0.400,0.000,0.600
224500,0.360,0.000,0.640
225000,0.336,0.000,0.664
225500,0.345,0.000,0.655
226000,0.326,0.000,0.674
226500,0.242,0.000,0.758
227000,0.366,0.000,0.634
227500,0.341,0.000,0.659
228000,0.272,0.000,0.728
228500,0.264,0.000,0.736
229000,0.265,0.000,0.735
229500,0.206,0.000,0.794
230000,0.314,0.000,0.686
230500,0.320,0.000,0.680
231000,0.284,0.000,0.716
231500,0.405,0.000,0.595
232000,0.360,0.000,0.640
232500,0.595,0.000,0.405
233000,0.418,0.000,0.582
233500,0.296,0.000,0.704
234000,0.221,0.000,0.779
234500,0.300,0.000,0.700
235000,0.449,0.000,0.551
235500,0.343,0.000,0.657
236000,0.344,0.000,0.656
236500,0.445,0.000,0.555
237000,0.242,0.000,0.758
237500,0.318,0.000,0.682
238000,0.202,0.000,0.798
238500,0.367,0.000,0.633
239000,0.246,0.000,0.754
239500,0.451,0.000,0.549
240000,0.468,0.000,0.532
240500,0.419,0.000,0.581
241000,0.247,0.000,0.753
241500,0.352,0.000,0.648
242000,0.269,0.000,0.731
242500,0.443,0.000,0.557
243000,0.462,0.000,0.538
243500,0.289,0.000,0.711
244000,0.214,0.000,0.786
244500,0.341,0.000,0.659
245000,0.287,0.000,0.713
245500,0.387,0.000,0.613
246000,0.464,0.000,0.536
246500,0.356,0.000,0.644
247000,0.306,0.000,0.694
247500,0.433,0.000,0.567
248000,0.312,0.000,0.688
248500,0.294,0.000,0.706
249000,0.200,0.004,0.796
249500,0.447,0.000,0.553
250000,0.325,0.000,0.675
250500,0.341,0.000,0.659
251000,0.275,0.000,0.725
251500,0.347,0.000,0.653
252000,0.271,0.000,0.729
252500,0.296,0.000,0.704
253000,0.325,0.000,0.675
253500,0.365,0.000,0.635
254000,0.218,0.000,0.782
254500,0.484,0.000,0.516
255000,0.285,0.000,0.715
255500,0.275,0.000,0.725
256000,0.244,0.000,0.756
256500,0.385,0.000,0.615
257000,0.489,0.000,0.511
257500,0.199,0.000,0.801
258000,0.467,0.000,0.533
258500,0.213,0.000,0.787
259000,0.325,0.000,0.675
259500,0.248,0.000,0.752
260000,0.270,0.000,0.730
260500,0.448,0.000,0.552
261000,0.396,0.000,0.604
261500,0.453,0.000,0.547
262000,0.511,0.000,0.489
262500,0.324,0.000,0.676
263000,0.246,0.000,0.754
263500,0.282,0.000,0.718
264000,0.299,0.000,0.701
264500,0.423,0.000,0.577
265000,0.323,0.000,0.677
265500,0.429,0.000,0.571
266000,0.500,0.000,0.500
266500,0.235,0.000,0.765
267000,0.372,0.000,0.628
267500,0.278,0.000,0.722
268000,0.295,0.000,0.705
268500,0.330,0.000,0.670
269000,0.401,0.000,0.599
269500,0.429,0.000,0.571
270000,0.340,0.000,0.660
270500,0.261,0.000,0.739
271000,0.498,0.000,0.502
271500,0.414,0.000,0.586
272000,0.281,0.000,0.719
272500,0.226,0.000,0.774
273000,0.363,0.000,0.637
273500,0.264,0.000,0.736
274000,0.196,0.000,0.804
274500,0.461,0.000,0.539
275000,0.388,0.000,0.612
275500,0.287,0.000,0.713
276000,0.450,0.000,0.550
276500,0.304,0.000,0.696
277000,0.357,0.000,0.643
277500,0.404,0.000,0.596
278000,0.384,0.000,0.616
278500,0.350,0.000,0.650
279000,0.273,0.000,0.727
279500,0.275,0.000,0.725
280000,0.389,0.000,0.611
280500,0.451,0.000,0.549
281000,0.326,0.000,0.674
281500,0.321,0.000,0.679
282000,0.371,0.000,0.629
282500,0.299,0.000,0.701
283000,0.312,0.000,0.688
283500,0.516,0.000,0.484
284000,0.391,0.000,0.609
284500,0.491,0.000,0.509
285000,0.397,0.000,0.603
285500,0.380,0.000,0.620
286000,0.312,0.000,0.688
286500,0.356,0.000,0.644
287000,0.397,0.000,0.603
287500,0.428,0.000,0.572
288000,0.382,0.000,0.618
288500,0.296,0.000,0.704
289000,0.349,0.000,0.651
289500,0.382,0.000,0.618
290000,0.276,0.000,0.724
290500,0.419,0.000,0.581
291000,0.437,0.000,0.563
291500,0.211,0.000,0.789
292000,0.376,0.000,0.624
292500,0.330,0.000,0.670
293000,0.376,0.000,0.624
293500,0.232,0.000,0.768
294000,0.343,0.000,0.657
294500,0.348,0.000,0.652
295000,0.340,0.000,0.660
295500,0.396,0.000,0.604
296000,0.288,0.000,0.712
296500,0.498,0.000,0.502
297000,0.306,0.000,0.694
297500,0.334,0.000,0.666
298000,0.274,0.000,0.726
298500,0.253,0.000,0.747
299000,0.286,0.000,0.714
299500,0.218,0.000,0.782
300000,0.328,0.000,0.672
300500,0.309,0.000,0.691
301000,0.337,0.000,0.663
301500,0.330,0.000,0.670
302000,0.346,0.000,0.654
302500,0.324,0.000,0.676
303000,0.338,0.000,0.662
303500,0.363,0.000,0.637
304000,0.329,0.000,0.671
304500,0.313,0.000,0.687
305000,0.225,0.000,0.775
305500,0.315,0.000,0.685
306000,0.372,0.000,0.628
306500,0.326,0.000,0.674
307000,0.335,0.000,0.665
307500,0.440,0.000,0.560
308000,0.410,0.000,0.590
308500,0.474,0.000,0.526
309000,0.242,0.000,0.758
309500,0.279,0.000,0.721
310000,0.249,0.000,0.751
310500,0.303,0.000,0.697
311000,0.301,0.000,0.699
311500,0.624,0.000,0.376
312000,0.367,0.000,0.633
312500,0.519,0.000,0.481
313000,0.359,0.000,0.641
313500,0.379,0.000,0.621
314000,0.287,0.000,0.713
314500,0.358,0.000,0.642
315000,0.320,0.000,0.680
315500,0.352,0.000,0.648
316000,0.281,0.000,0.719
316500,0.247,0.000,0.753
317000,0.428,0.000,0.572
317500,0.455,0.000,0.545
318000,0.223,0.000,0.777
318500,0.369,0.000,0.631
319000,0.355,0.000,0.645
319500,0.207,0.000,0.793
320000,0.277,0.000,0.723
320500,0.256,0.000,0.744
321000,0.379,0.000,0.621
321500,0.414,0.000,0.586
322000,0.319,0.000,0.681
322500,0.220,0.000,0.780
323000,0.439,0.000,0.561
323500,0.323,0.000,0.677
324000,0.237,0.000,0.763
324500,0.292,0.000,0.708
325000,0.365,0.000,0.635
325500,0.402,0.000,0.598
326000,0.259,0.000,0.741
326500,0.430,0.000,0.570
327000,0.231,0.000,0.769
327500,0.378,0.000,0.622
328000,0.304,0.000,0.696
328500,0.270,0.000,0.730
329000,0.440,0.000,0.560
329500,0.369,0.000,0.631
330000,0.343,0.000,0.657
330500,0.299,0.000,0.701
331000,0.271,0.000,0.729
331500,0.218,0.000,0.782
332000,0.287,0.000,0.713
332500,0.274,0.000,0.726
333000,0.307,0.000,0.693
333500,0.325,0.000,0.675
334000,0.295,0.000,0.705
334500,0.237,0.000,0.763
335000,0.363,0.000,0.637
335500,0.396,0.000,0.604
336000,0.334,0.000,0.666
336500,0.366,0.000,0.634
337000,0.239,0.000,0.761
337500,0.345,0.000,0.655
338000,0.432,0.000,0.568
338500,0.300,0.000,0.700
339000,0.363,0.000,0.637
339500,0.308,0.000,0.692
340000,0.344,0.000,0.656
340500,0.215,0.000,0.785
341000,0.370,0.000,0.630
341500,0.351,0.000,0.649
342000,0.518,0.000,0.482
342500,0.355,0.000,0.645
343000,0.241,0.000,0.759
343500,0.339,0.000,0.661
344000,0.311,0.000,0.689
344500,0.332,0.000,0.668
345000,0.276,0.000,0.724
345500,0.318,0.000,0.682
346000,0.348,0.000,0.652
346500,0.300,0.000,0.700
347000,0.382,0.000,0.618
347500,0.273,0.000,0.727
348000,0.345,0.000,0.655
348500,0.210,0.000,0.790
349000,0.256,0.000,0.744
349500,0.431,0.000,0.569
350000,0.289,0.000,0.711
350500,0.332,0.000,0.668
351000,0.457,0.000,0.543
351500,0.415,0.000,0.585
352000,0.348,0.000,0.652
352500,0.286,0.000,0.714
353000,0.359,0.000,0.641
353500,0.296,0.000,0.704
354000,0.286,0.000,0.714
354500,0.406,0.000,0.594
355000,0.278,0.000,0.722
355500,0.193,0.000,0.807
356000,0.373,0.000,0.627
356500,0.238,0.000,0.762
357000,0.315,0.000,0.685
357500,0.452,0.000,0.548
358000,0.371,0.000,0.629
358500,0.364,0.000,0.636
359000,0.268,0.000,0.732
359500,0.350,0.000,0.650
360000,0.250,0.000,0.750
360500,0.183,0.000,0.817
361000,0.366,0.000,0.634
361500,0.394,0.000,0.606
362000,0.327,0.000,0.673
362500,0.346,0.000,0.654
363000,0.236,0.000,0.764
363500,0.361,0.000,0.639
364000,0.367,0.000,0.633
364500,0.371,0.000,0.629
365000,0.366,0.000,0.634
365500,0.410,0.000,0.590
366000,0.386,0.000,0.614
366500,0.347,0.000,0.653
367000,0.227,0.000,0.773
367500,0.333,0.000,0.667
368000,0.412,0.000,0.588
368500,0.402,0.000,0.598
369000,0.378,0.000,0.622
369500,0.275,0.000,0.725
370000,0.184,0.000,0.816
370500,0.229,0.000,0.771
371000,0.403,0.000,0.597
371500,0.311,0.000,0.689
372000,0.264,0.000,0.736
372500,0.323,0.000,0.677
373000,0.292,0.000,0.708
373500,0.277,0.000,0.723
374000,0.366,0.000,0.634
374500,0.337,0.000,0.663
375000,0.348,0.000,0.652
375500,0.300,0.000,0.700
376000,0.269,0.000,0.731
376500,0.349,0.000,0.651
377000,0.384,0.000,0.616
377500,0.370,0.000,0.630
378000,0.365,0.000,0.635
378500,0.251,0.000,0.749
379000,0.388,0.000,0.612
379500,0.365,0.000,0.635
380000,0.291,0.000,0.709
380500,0.442,0.000,0.558
381000,0.290,0.000,0.710
381500,0.360,0.000,0.640
382000,0.403,0.000,0.597
382500,0.306,0.000,0.694
383000,0.290,0.000,0.710
383500,0.205,0.000,0.795
384000,0.162,0.000,0.838
384500,0.434,0.000,0.566
385000,0.394,0.000,0.606
385500,0.302,0.000,0.698
386000,0.171,0.000,0.829
386500,0.305,0.000,0.695
387000,0.352,0.000,0.648
387500,0.220,0.007,0.773
388000,0.260,0.000,0.740
388500,0.428,0.000,0.572
389000,0.445,0.000,0.555
389500,0.195,0.000,0.805
390000,0.263,0.000,0.737
390500,0.319,0.000,0.681
391000,0.280,0.000,0.720
391500,0.250,0.000,0.750
392000,0.323,0.000,0.677
392500,0.274,0.000,0.726
393000,0.407,0.000,0.593
393500,0.364,0.000,0.636
394000,0.413,0.000,0.587
394500,0.250,0.000,0.750
395000,0.267,0.000,0.733
395500,0.278,0.000,0.722
396000,0.376,0.000,0.624
396500,0.298,0.000,0.702
397000,0.293,0.000,0.707
397500,0.230,0.000,0.770
398000,0.427,0.000,0.573
398500,0.354,0.000,0.646
399000,0.243,0.000,0.757
399500,0.403,0.000,0.597
400000,0.238,0.000,0.762
400500,0.313,0.000,0.687
401000,0.376,0.000,0.624
401500,0.402,0.000,0.598
402000,0.331,0.000,0.669
402500,0.256,0.000,0.744
403000,0.303,0.000,0.697
403500,0.399,0.000,0.601
404000,0.397,0.000,0.603
404500,0.476,0.000,0.524
405000,0.279,0.006,0.715
405500,0.222,0.000,0.778
406000,0.260,0.000,0.740
406500,0.243,0.000,0.757
407000,0.575,0.000,0.425
407500,0.510,0.000,0.490
408000,0.371,0.000,0.629
408500,0.213,0.000,0.787
409000,0.381,0.000,0.619
409500,0.361,0.000,0.639
410000,0.427,0.000,0.573
410500,0.308,0.000,0.692
411000,0.431,0.000,0.569
411500,0.358,0.000,0.642
412000,0.342,0.000,0.658
412500,0.329,0.000,0.671
413000,0.317,0.000,0.683
413500,0.272,0.000,0.728
414000,0.227,0.000,0.773
414500,0.344,0.000,0.656
415000,0.353,0.000,0.647
415500,0.273,0.000,0.727
416000,0.258,0.000,0.742
416500,0.250,0.000,0.750
417000,0.357,0.000,0.643
417500,0.364,0.000,0.636
418000,0.340,0.000,0.660
418500,0.327,0.000,0.673
419000,0.404,0.000,0.596
419500,0.441,0.000,0.559
420000,0.330,0.000,0.670
420500,0.279,0.000,0.721
421000,0.449,0.000,0.551
421500,0.378,0.000,0.622
422000,0.325,0.000,0.675
422500,0.313,0.000,0.687
423000,0.329,0.000,0.671
423500,0.450,0.000,0.550
424000,0.302,0.000,0.698
424500,0.417,0.000,0.583
425000,0.392,0.000,0.608
425500,0.471,0.000,0.529
426000,0.423,0.000,0.577
426500,0.408,0.000,0.592
427000,0.321,0.000,0.679
427500,0.274,0.000,0.726
428000,0.297,0.000,0.703
428500,0.307,0.000,0.693
429000,0.214,0.008,0.778
429500,0.274,0.000,0.726
430000,0.268,0.000,0.732
430500,0.394,0.000,0.606
431000,0.333,0.000,0.667
431500,0.312,0.000,0.688
432000,0.278,0.000,0.722
432500,0.356,0.000,0.644
433000,0.316,0.000,0.684
433500,0.199,0.000,0.801
434000,0.400,0.000,0.600
434500,0.309,0.000,0.691
435000,0.474,0.000,0.526
435500,0.174,0.000,0.826
436000,0.189,0.000,0.811
436500,0.336,0.000,0.664
437000,0.276,0.000,0.724
437500,0.281,0.000,0.719
438000,0.238,0.000,0.762
438500,0.359,0.000,0.641
439000,0.500,0.000,0.500
439500,0.237,0.000,0.763
440000,0.282,0.000,0.718
440500,0.521,0.000,0.479
441000,0.441,0.000,0.559
441500,0.387,0.000,0.613
442000,0.287,0.000,0.713
442500,0.403,0.000,0.597
443000,0.343,0.000,0.657
443500,0.219,0.000,0.781
444000,0.445,0.000,0.555
444500,0.423,0.000,0.577
445000,0.312,0.000,0.688
445500,0.281,0.000,0.719
446000,0.282,0.000,0.718
446500,0.388,0.000,0.612
447000,0.371,0.000,0.629
447500,0.380,0.000,0.620
448000,0.332,0.000,0.668
448500,0.308,0.000,0.692
449000,0.247,0.000,0.753
449500,0.320,0.000,0.680
450000,0.305,0.000,0.695
450500,0.417,0.000,0.583
451000,0.408,0.000,0.592
451500,0.374,0.000,0.626
452000,0.348,0.000,0.652
452500,0.508,0.000,0.492
453000,0.345,0.000,0.655
453500,0.269,0.000,0.731
454000,0.172,0.000,0.828
454500,0.253,0.000,0.747
455000,0.343,0.000,0.657
455500,0.405,0.000,0.595
456000,0.395,0.000,0.605
456500,0.364,0.000,0.636
457000,0.350,0.000,0.650
457500,0.448,0.000,0.552
458000,0.380,0.000,0.620
458500,0.281,0.000,0.719
459000,0.429,0.000,0.571
459500,0.407,0.000,0.593
460000,0.256,0.000,0.744
460500,0.281,0.000,0.719
461000,0.321,0.000,0.679
461500,0.383,0.000,0.617
462000,0.244,0.000,0.756
462500,0.306,0.000,0.694
463000,0.431,0.000,0.569
463500,0.431,0.000,0.569
464000,0.482,0.000,0.518
464500,0.197,0.000,0.803
465000,0.310,0.000,0.690
465500,0.271,0.000,0.729
466000,0.223,0.000,0.777
466500,0.283,0.000,0.717
467000,0.331,0.000,0.669
467500,0.322,0.000,0.678
468000,0.243,0.000,0.757
468500,0.447,0.000,0.553
469000,0.349,0.000,0.651
469500,0.504,0.000,0.496
470000,0.394,0.000,0.606
470500,0.392,0.000,0.608
471000,0.362,0.000,0.638
471500,0.536,0.000,0.464
472000,0.344,0.000,0.656
472500,0.236,0.000,0.764
473000,0.398,0.000,0.602
473500,0.360,0.000,0.640
474000,0.396,0.000,0.604
474500,0.480,0.000,0.520
475000,0.489,0.000,0.511
475500,0.293,0.000,0.707
476000,0.228,0.000,0.772
476500,0.326,0.000,0.674
477000,0.439,0.000,0.561
477500,0.269,0.000,0.731
478000,0.398,0.000,0.602
478500,0.462,0.000,0.538
479000,0.383,0.000,0.617
479500,0.269,0.000,0.731
480000,0.365,0.000,0.635
480500,0.345,0.000,0.655
481000,0.363,0.000,0.637
481500,0.443,0.000,0.557
482000,0.403,0.000,0.597
482500,0.252,0.000,0.748
483000,0.286,0.000,0.714
483500,0.402,0.000,0.598
484000,0.559,0.000,0.441
484500,0.389,0.000,0.611
485000,0.418,0.000,0.582
485500,0.476,0.000,0.524
486000,0.301,0.000,0.699
486500,0.259,0.000,0.741
487000,0.326,0.000,0.674
487500,0.356,0.000,0.644
488000,0.361,0.000,0.639
488500,0.315,0.000,0.685
489000,0.296,0.000,0.704
489500,0.439,0.000,0.561
490000,0.287,0.000,0.713
490500,0.311,0.000,0.689
491000,0.243,0.000,0.757
491500,0.365,0.000,0.635
492000,0.319,0.000,0.681
492500,0.391,0.000,0.609
493000,0.328,0.000,0.672
493500,0.284,0.000,0.716
494000,0.284,0.000,0.716
494500,0.448,0.000,0.552
495000,0.448,0.000,0.552
495500,0.312,0.000,0.688
496000,0.365,0.000,0.635
496500,0.337,0.000,0.663
497000,0.393,0.000,0.607
497500,0.365,0.000,0.635
498000,0.381,0.000,0.619
498500,0.462,0.000,0.538
499000,0.373,0.000,0.627
499500,0.346,0.000,0.654
500000,0.338,0.000,0.662
500500,0.201,0.000,0.799
501000,0.384,0.000,0.616
501500,0.368,0.000,0.632
502000,0.418,0.000,0.582
502500,0.305,0.000,0.695
503000,0.301,0.000,0.699
503500,0.369,0.000,0.631
504000,0.248,0.000,0.752
504500,0.277,0.000,0.723
505000,0.306,0.000,0.694
505500,0.358,0.000,0.642
506000,0.516,0.000,0.484
506500,0.331,0.000,0.669
507000,0.277,0.000,0.723
507500,0.277,0.000,0.723
508000,0.369,0.000,0.631
508500,0.261,0.000,0.739
509000,0.344,0.000,0.656
509500,0.393,0.000,0.607
510000,0.339,0.000,0.661
510500,0.486,0.000,0.514
511000,0.424,0.000,0.576
511500,0.277,0.000,0.723
512000,0.436,0.000,0.564
512500,0.416,0.000,0.584
513000,0.280,0.000,0.720
513500,0.255,0.000,0.745
514000,0.461,0.000,0.539
514500,0.342,0.000,0.658
515000,0.286,0.000,0.714
515500,0.281,0.000,0.719
516000,0.423,0.000,0.577
516500,0.379,0.000,0.621
517000,0.334,0.000,0.666
517500,0.302,0.000,0.698
518000,0.421,0.000,0.579
518500,0.372,0.000,0.628
519000,0.355,0.000,0.645
519500,0.313,0.000,0.687
520000,0.387,0.000,0.613
520500,0.247,0.000,0.753
521000,0.490,0.000,0.510
521500,0.378,0.000,0.622
522000,0.474,0.000,0.526
522500,0.474,0.000,0.526
523000,0.279,0.000,0.721
523500,0.267,0.000,0.733
524000,0.378,0.000,0.622
524500,0.304,0.000,0.696
525000,0.271,0.000,0.729
525500,0.287,0.000,0.713
526000,0.302,0.000,0.698
526500,0.201,0.000,0.799
527000,0.408,0.000,0.592
527500,0.332,0.000,0.668
528000,0.384,0.000,0.616
528500,0.430,0.000,0.570
529000,0.268,0.000,0.732
529500,0.609,0.000,0.391
530000,0.401,0.000,0.599
530500,0.336,0.000,0.664
531000,0.396,0.000,0.604
531500,0.400,0.000,0.600
532000,0.245,0.000,0.755
532500,0.325,0.000,0.675
533000,0.201,0.000,0.799
533500,0.274,0.000,0.726
534000,0.299,0.000,0.701
534500,0.235,0.000,0.765
535000,0.525,0.000,0.475
535500,0.301,0.000,0.699
536000,0.488,0.000,0.512
536500,0.428,0.000,0.572
537000,0.221,0.000,0.779
537500,0.374,0.000,0.626
538000,0.364,0.000,0.636
538500,0.432,0.000,0.568
539000,0.349,0.000,0.651
539500,0.281,0.000,0.719
540000,0.305,0.000,0.695
540500,0.400,0.000,0.600
541000,0.446,0.000,0.554
541500,0.295,0.000,0.705
542000,0.378,0.000,0.622
542500,0.398,0.000,0.602
543000,0.339,0.000,0.661
543500,0.286,0.000,0.714
544000,0.370,0.000,0.630
544500,0.422,0.000,0.578
545000,0.478,0.000,0.522
545500,0.280,0.000,0.720
546000,0.386,0.000,0.614
546500,0.377,0.000,0.623
547000,0.458,0.000,0.542
547500,0.368,0.000,0.632
548000,0.459,0.000,0.541
548500,0.382,0.000,0.618
549000,0.412,0.000,0.588
549500,0.364,0.000,0.636
550000,0.295,0.000,0.705
550500,0.457,0.000,0.543
551000,0.373,0.000,0.627
551500,0.360,0.000,0.640
552000,0.299,0.000,0.701
552500,0.347,0.000,0.653
553000,0.239,0.000,0.761
553500,0.290,0.000,0.710
554000,0.319,0.000,0.681
554500,0.287,0.000,0.713
555000,0.252,0.000,0.748
555500,0.406,0.000,0.594
556000,0.346,0.000,0.654
556500,0.339,0.000,0.661
557000,0.483,0.000,0.517
557500,0.340,0.000,0.660
558000,0.464,0.000,0.536
558500,0.195,0.000,0.805
559000,0.358,0.000,0.642
559500,0.450,0.000,0.550
560000,0.241,0.000,0.759
560500,0.279,0.000,0.721
561000,0.273,0.000,0.727
561500,0.317,0.000,0.683
562000,0.261,0.000,0.739
562500,0.310,0.000,0.690
563000,0.283,0.000,0.717
563500,0.225,0.000,0.775
564000,0.327,0.000,0.673
564500,0.251,0.000,0.749
565000,0.413,0.000,0.587
565500,0.305,0.000,0.695
566000,0.405,0.000,0.595
566500,0.296,0.000,0.704
567000,0.226,0.000,0.774
567500,0.308,0.000,0.692
568000,0.556,0.000,0.444
568500,0.295,0.000,0.705
569000,0.225,0.000,0.775
569500,0.339,0.000,0.661
570000,0.250,0.000,0.750
570500,0.437,0.000,0.563
571000,0.262,0.000,0.738
571500,0.394,0.000,0.606
572000,0.372,0.000,0.628
572500,0.332,0.000,0.668
573000,0.401,0.000,0.599
573500,0.271,0.000,0.729
574000,0.435,0.000,0.565
574500,0.261,0.000,0.739
575000,0.487,0.000,0.513
575500,0.326,0.000,0.674
576000,0.352,0.000,0.648
576500,0.374,0.000,0.626
577000,0.297,0.000,0.703
577500,0.457,0.000,0.543
578000,0.279,0.000,0.721
578500,0.446,0.000,0.554
579000,0.363,0.000,0.637
579500,0.337,0.000,0.663
580000,0.245,0.000,0.755
580500,0.318,0.000,0.682
581000,0.399,0.000,0.601
581500,0.310,0.000,0.690
582000,0.485,0.000,0.515
582500,0.338,0.000,0.662
583000,0.344,0.000,0.656
583500,0.383,0.000,0.617
584000,0.403,0.000,0.597
584500,0.171,0.000,0.829
585000,0.379,0.000,0.621
585500,0.349,0.000,0.651
586000,0.335,0.000,0.665
586500,0.339,0.000,0.661
587000,0.476,0.000,0.524
587500,0.223,0.000,0.777
588000,0.442,0.000,0.558
588500,0.309,0.000,0.691
589000,0.414,0.000,0.586
589500,0.281,0.000,0.719
590000,0.416,0.000,0.584
590500,0.404,0.000,0.596
591000,0.459,0.000,0.541
591500,0.249,0.000,0.751
592000,0.137,0.000,0.863
592500,0.310,0.000,0.690
593000,0.568,0.000,0.432
593500,0.441,0.000,0.559
594000,0.278,0.000,0.722
594500,0.441,0.000,0.559
595000,0.373,0.000,0.627
595500,0.415,0.000,0.585
596000,0.418,0.000,0.582
596500,0.250,0.000,0.750
597000,0.357,0.000,0.643
597500,0.345,0.000,0.655
598000,0.293,0.000,0.707
598500,0.490,0.000,0.510
599000,0.353,0.000,0.647
599500,0.467,0.000,0.533
600000,0.233,0.000,0.767
600500,0.235,0.000,0.765
601000,0.359,0.000,0.641
601500,0.244,0.000,0.756
602000,0.286,0.000,0.714
602500,0.510,0.000,0.490
603000,0.328,0.000,0.672
603500,0.370,0.000,0.630
604000,0.207,0.000,0.793
604500,0.271,0.000,0.729
605000,0.381,0.000,0.619
605500,0.291,0.000,0.709
606000,0.211,0.000,0.789
606500,0.492,0.000,0.508
607000,0.494,0.000,0.506
607500,0.389,0.000,0.611
608000,0.341,0.000,0.659
608500,0.232,0.000,0.768
609000,0.459,0.000,0.541
609500,0.279,0.000,0.721
610000,0.261,0.000,0.739
610500,0.315,0.000,0.685
611000,0.292,0.000,0.708
611500,0.221,0.000,0.779
612000,0.229,0.000,0.771
612500,0.281,0.000,0.719
613000,0.344,0.000,0.656
613500,0.298,0.000,0.702
614000,0.300,0.000,0.700
614500,0.436,0.000,0.564
615000,0.246,0.000,0.754
615500,0.417,0.000,0.583
616000,0.262,0.000,0.738
616500,0.291,0.000,0.709
617000,0.464,0.000,0.536
617500,0.486,0.000,0.514
618000,0.343,0.000,0.657
618500,0.363,0.000,0.637
619000,0.303,0.000,0.697
619500,0.381,0.000,0.619
620000,0.374,0.000,0.626
620500,0.262,0.000,0.738
621000,0.340,0.000,0.660
621500,0.268,0.000,0.732
622000,0.316,0.000,0.684
622500,0.352,0.000,0.648
623000,0.185,0.000,0.815
623500,0.469,0.000,0.531
624000,0.340,0.000,0.660
624500,0.410,0.000,0.590
625000,0.272,0.000,0.728
625500,0.408,0.000,0.592
626000,0.337,0.000,0.663
626500,0.240,0.000,0.760
627000,0.305,0.000,0.695
627500,0.399,0.000,0.601
628000,0.418,0.000,0.582
628500,0.384,0.000,0.616
629000,0.324,0.000,0.676
629500,0.297,0.000,0.703
630000,0.273,0.000,0.727
630500,0.276,0.000,0.724
631000,0.291,0.000,0.709
631500,0.425,0.000,0.575
632000,0.304,0.000,0.696
632500,0.396,0.000,0.604
633000,0.326,0.000,0.674
633500,0.195,0.000,0.805
634000,0.265,0.000,0.735
634500,0.308,0.000,0.692
635000,0.263,0.000,0.737
635500,0.441,0.000,0.559
636000,0.267,0.000,0.733
636500,0.318,0.000,0.682
637000,0.257,0.000,0.743
637500,0.452,0.000,0.548
638000,0.161,0.000,0.839
638500,0.327,0.000,0.673
639000,0.353,0.000,0.647
639500,0.388,0.000,0.612
640000,0.344,0.000,0.656
640500,0.228,0.000,0.772
641000,0.367,0.000,0.633
641500,0.290,0.000,0.710
642000,0.367,0.000,0.633
642500,0.222,0.000,0.778
643000,0.416,0.000,0.584
643500,0.285,0.000,0.715
644000,0.417,0.000,0.583
644500,0.424,0.000,0.576
645000,0.237,0.000,0.763
645500,0.289,0.000,0.711
646000,0.333,0.000,0.667
646500,0.419,0.000,0.581
647000,0.393,0.000,0.607
647500,0.233,0.000,0.767
648000,0.326,0.000,0.674
648500,0.425,0.000,0.575
649000,0.305,0.000,0.695
649500,0.463,0.000,0.537
650000,0.388,0.000,0.612
650500,0.381,0.000,0.619
651000,0.346,0.000,0.654
651500,0.218,0.000,0.782
652000,0.376,0.000,0.624
652500,0.406,0.000,0.594
653000,0.290,0.000,0.710
653500,0.258,0.000,0.742
654000,0.417,0.000,0.583
654500,0.360,0.000,0.640
655000,0.441,0.000,0.559
655500,0.283,0.000,0.717
656000,0.349,0.000,0.651
656500,0.143,0.000,0.857
657000,0.301,0.000,0.699
657500,0.487,0.000,0.513
658000,0.219,0.000,0.781
658500,0.355,0.000,0.645
659000,0.183,0.000,0.817
659500,0.312,0.000,0.688
660000,0.209,0.000,0.791
660500,0.331,0.000,0.669
661000,0.425,0.000,0.575
661500,0.323,0.000,0.677
662000,0.310,0.000,0.690
662500,0.244,0.000,0.756
663000,0.242,0.000,0.758
663500,0.420,0.000,0.580
664000,0.458,0.000,0.542
664500,0.426,0.000,0.574
665000,0.354,0.000,0.646
665500,0.318,0.000,0.682
666000,0.354,0.000,0.646
666500,0.306,0.000,0.694
667000,0.284,0.000,0.716
667500,0.358,0.000,0.642
668000,0.325,0.000,0.675
668500,0.378,0.000,0.622
669000,0.251,0.000,0.749
669500,0.396,0.000,0.604
670000,0.184,0.000,0.816
670500,0.316,0.000,0.684
671000,0.344,0.000,0.656
671500,0.313,0.000,0.687
672000,0.310,0.000,0.690
672500,0.476,0.000,0.524
673000,0.310,0.000,0.690
673500,0.308,0.000,0.692
674000,0.232,0.000,0.768
674500,0.390,0.000,0.610
675000,0.409,0.000,0.591
675500,0.341,0.000,0.659
676000,0.290,0.000,0.710
676500,0.285,0.000,0.715
677000,0.245,0.000,0.755
677500,0.401,0.000,0.599
678000,0.505,0.000,0.495
678500,0.399,0.000,0.601
679000,0.423,0.000,0.577
679500,0.365,0.000,0.635
680000,0.337,0.000,0.663
680500,0.243,0.000,0.757
681000,0.247,0.000,0.753
681500,0.288,0.000,0.712
682000,0.358,0.000,0.642
682500,0.345,0.000,0.655
683000,0.383,0.000,0.617
683500,0.235,0.000,0.765
684000,0.331,0.000,0.669
684500,0.317,0.000,0.683
685000,0.320,0.000,0.680
685500,0.530,0.000,0.470
686000,0.439,0.000,0.561
686500,0.415,0.000,0.585
687000,0.279,0.000,0.721
687500,0.351,0.000,0.649
688000,0.363,0.000,0.637
688500,0.341,0.000,0.659
689000,0.309,0.000,0.691
689500,0.296,0.000,0.704
690000,0.338,0.000,0.662
690500,0.256,0.000,0.744
691000,0.403,0.000,0.597
691500,0.347,0.000,0.653
692000,0.441,0.000,0.559
692500,0.381,0.000,0.619
693000,0.203,0.000,0.797
693500,0.400,0.000,0.600
694000,0.464,0.000,0.536
694500,0.280,0.000,0.720
695000,0.267,0.000,0.733
695500,0.230,0.000,0.770
696000,0.364,0.000,0.636
696500,0.500,0.000,0.500
697000,0.383,0.000,0.617
697500,0.285,0.000,0.715
698000,0.256,0.000,0.744
698500,0.340,0.000,0.660
699000,0.279,0.000,0.721
699500,0.259,0.000,0.741
700000,0.408,0.000,0.592
700500,0.380,0.000,0.620
701000,0.316,0.000,0.684
701500,0.291,0.000,0.709
702000,0.436,0.000,0.564
702500,0.306,0.000,0.694
703000,0.338,0.000,0.662
703500,0.332,0.000,0.668
704000,0.428,0.000,0.572
704500,0.316,0.000,0.684
705000,0.303,0.000,0.697
705500,0.363,0.000,0.637
706000,0.280,0.000,0.720
706500,0.176,0.000,0.824
707000,0.381,0.000,0.619
707500,0.400,0.000,0.600
708000,0.512,0.000,0.488
708500,0.436,0.000,0.564
709000,0.266,0.000,0.734
709500,0.330,0.000,0.670
710000,0.443,0.000,0.557
710500,0.333,0.000,0.667
711000,0.268,0.000,0.732
711500,0.245,0.000,0.755
712000,0.387,0.000,0.613
712500,0.331,0.000,0.669
713000,0.455,0.000,0.545
713500,0.265,0.000,0.735
714000,0.329,0.000,0.671
714500,0.312,0.000,0.688
715000,0.277,0.000,0.723
715500,0.244,0.000,0.756
716000,0.342,0.000,0.658
716500,0.474,0.000,0.526
717000,0.358,0.000,0.642
717500,0.415,0.000,0.585
718000,0.287,0.000,0.713
718500,0.400,0.000,0.600
719000,0.385,0.000,0.615
719500,0.269,0.000,0.731
720000,0.419,0.000,0.581
720500,0.364,0.000,0.636
721000,0.336,0.000,0.664
721500,0.438,0.000,0.562
722000,0.375,0.000,0.625
722500,0.308,0.000,0.692
723000,0.192,0.000,0.808
723500,0.398,0.000,0.602
724000,0.217,0.000,0.783
724500,0.320,0.000,0.680
725000,0.236,0.000,0.764
725500,0.267,0.000,0.733
726000,0.363,0.000,0.637
726500,0.353,0.000,0.647
727000,0.411,0.000,0.589
727500,0.259,0.000,0.741
728000,0.319,0.000,0.681
728500,0.359,0.000,0.641
729000,0.388,0.000,0.612
729500,0.325,0.000,0.675
730000,0.402,0.000,0.598
730500,0.289,0.000,0.711
731000,0.361,0.000,0.639
731500,0.319,0.000,0.681
732000,0.435,0.000,0.565
732500,0.369,0.000,0.631
733000,0.218,0.000,0.782
733500,0.342,0.000,0.658
734000,0.141,0.018,0.841
734500,0.323,0.000,0.677
735000,0.245,0.000,0.755
735500,0.304,0.000,0.696
736000,0.337,0.000,0.663
736500,0.348,0.000,0.652
737000,0.215,0.000,0.785
737500,0.158,0.000,0.842
738000,0.239,0.000,0.761
738500,0.296,0.000,0.704
739000,0.434,0.000,0.566
739500,0.323,0.000,0.677
740000,0.262,0.000,0.738
740500,0.459,0.000,0.541
741000,0.369,0.000,0.631
741500,0.406,0.000,0.594
742000,0.265,0.000,0.735
742500,0.295,0.000,0.705
743000,0.341,0.000,0.659
743500,0.316,0.000,0.684
744000,0.233,0.000,0.767
744500,0.220,0.000,0.780
745000,0.426,0.000,0.574
745500,0.479,0.000,0.521
746000,0.334,0.000,0.666
746500,0.418,0.000,0.582
747000,0.275,0.000,0.725
747500,0.450,0.000,0.550
748000,0.266,0.003,0.731
748500,0.444,0.000,0.556
749000,0.324,0.000,0.676
749500,0.408,0.000,0.592
750000,0.329,0.000,0.671
750500,0.328,0.000,0.672
751000,0.403,0.000,0.597
751500,0.334,0.000,0.666
752000,0.329,0.000,0.671
752500,0.303,0.000,0.697
753000,0.294,0.000,0.706
753500,0.257,0.000,0.743
754000,0.309,0.000,0.691
754500,0.386,0.000,0.614
755000,0.362,0.000,0.638
755500,0.333,0.000,0.667
756000,0.326,0.000,0.674
756500,0.179,0.000,0.821
757000,0.540,0.000,0.460
757500,0.232,0.000,0.768
758000,0.381,0.000,0.619
758500,0.265,0.000,0.735
759000,0.287,0.000,0.713
759500,0.334,0.000,0.666
760000,0.219,0.000,0.781
760500,0.559,0.000,0.441
761000,0.392,0.000,0.608
761500,0.273,0.000,0.727
762000,0.398,0.000,0.602
762500,0.302,0.000,0.698
763000,0.353,0.000,0.647
763500,0.260,0.000,0.740
764000,0.244,0.000,0.756
764500,0.215,0.000,0.785
765000,0.472,0.000,0.528
765500,0.332,0.000,0.668
766000,0.412,0.000,0.588
766500,0.256,0.000,0.744
767000,0.203,0.000,0.797
767500,0.457,0.000,0.543
768000,0.599,0.000,0.401
768500,0.301,0.000,0.699
769000,0.346,0.000,0.654
769500,0.426,0.000,0.574
770000,0.252,0.000,0.748
770500,0.237,0.000,0.763
771000,0.379,0.000,0.621
771500,0.418,0.000,0.582
772000,0.414,0.000,0.586
772500,0.341,0.000,0.659
773000,0.280,0.000,0.720
773500,0.377,0.000,0.623
774000,0.319,0.000,0.681
774500,0.525,0.000,0.475
775000,0.343,0.000,0.657
775500,0.264,0.000,0.736
776000,0.361,0.000,0.639
776500,0.392,0.000,0.608
777000,0.396,0.000,0.604
777500,0.236,0.000,0.764
778000,0.344,0.000,0.656
778500,0.375,0.000,0.625
779000,0.199,0.000,0.801
779500,0.291,0.000,0.709
780000,0.435,0.000,0.565
780500,0.423,0.000,0.577
781000,0.374,0.000,0.626
781500,0.436,0.000,0.564
782000,0.423,0.000,0.577
782500,0.257,0.000,0.743
783000,0.291,0.000,0.709
783500,0.320,0.000,0.680
784000,0.352,0.000,0.648
784500,0.243,0.000,0.757
785000,0.359,0.000,0.641
785500,0.484,0.000,0.516
786000,0.330,0.000,0.670
786500,0.287,0.000,0.713
787000,0.335,0.000,0.665
787500,0.424,0.000,0.576
788000,0.331,0.000,0.669
788500,0.421,0.000,0.579
789000,0.284,0.007,0.709
789500,0.265,0.000,0.735
790000,0.554,0.000,0.446
790500,0.425,0.000,0.575
791000,0.387,0.000,0.613
791500,0.339,0.000,0.661
792000,0.531,0.000,0.469
792500,0.394,0.000,0.606
793000,0.306,0.000,0.694
793500,0.249,0.000,0.751
794000,0.402,0.000,0.598
794500,0.415,0.000,0.585
795000,0.251,0.000,0.749
795500,0.342,0.000,0.658
796000,0.368,0.000,0.632
796500,0.430,0.000,0.570
797000,0.343,0.000,0.657
797500,0.435,0.000,0.565
798000,0.321,0.000,0.679
798500,0.279,0.000,0.721
799000,0.428,0.000,0.572
799500,0.421,0.000,0.579
800000,0.289,0.000,0.711
800500,0.331,0.000,0.669
801000,0.284,0.000,0.716
801500,0.288,0.000,0.712
802000,0.288,0.000,0.712
802500,0.297,0.000,0.703
803000,0.366,0.000,0.634
803500,0.351,0.000,0.649
804000,0.470,0.000,0.530
804500,0.351,0.000,0.649
805000,0.359,0.000,0.641
805500,0.481,0.000,0.519
806000,0.321,0.000,0.679
806500,0.365,0.000,0.635
807000,0.366,0.000,0.634
807500,0.143,0.000,0.857
808000,0.354,0.000,0.646
808500,0.268,0.000,0.732
809000,0.185,0.000,0.815
809500,0.353,0.000,0.647
810000,0.420,0.000,0.580
810500,0.330,0.000,0.670
811000,0.308,0.000,0.692
811500,0.328,0.000,0.672
812000,0.467,0.000,0.533
812500,0.292,0.000,0.708
813000,0.320,0.000,0.680
813500,0.315,0.000,0.685
814000,0.253,0.000,0.747
814500,0.528,0.000,0.472
815000,0.355,0.000,0.645
815500,0.310,0.000,0.690
816000,0.266,0.000,0.734
816500,0.209,0.006,0.785
817000,0.391,0.000,0.609
817500,0.366,0.000,0.634
818000,0.482,0.000,0.518
818500,0.335,0.000,0.665
819000,0.533,0.000,0.467
819500,0.433,0.000,0.567
820000,0.234,0.000,0.766
820500,0.322,0.000,0.678
821000,0.316,0.000,0.684
821500,0.306,0.000,0.694
822000,0.344,0.000,0.656
822500,0.333,0.000,0.667
823000,0.197,0.000,0.803
823500,0.280,0.000,0.720
824000,0.349,0.000,0.651
824500,0.402,0.000,0.598
825000,0.400,0.000,0.600
825500,0.389,0.000,0.611
826000,0.263,0.000,0.737
826500,0.297,0.000,0.703
827000,0.365,0.000,0.635
827500,0.372,0.000,0.628
828000,0.206,0.002,0.792
828500,0.349,0.000,0.651
829000,0.189,0.000,0.811
829500,0.228,0.000,0.772
830000,0.306,0.000,0.694
830500,0.454,0.000,0.546
831000,0.308,0.000,0.692
831500,0.367,0.000,0.633
832000,0.431,0.000,0.569
832500,0.301,0.000,0.699
833000,0.407,0.000,0.593
833500,0.230,0.000,0.770
834000,0.418,0.000,0.582
834500,0.323,0.000,0.677
835000,0.288,0.000,0.712
835500,0.416,0.000,0.584
836000,0.367,0.000,0.633
836500,0.314,0.000,0.686
837000,0.320,0.000,0.680
837500,0.427,0.000,0.573
838000,0.288,0.000,0.712
838500,0.331,0.000,0.669
839000,0.277,0.000,0.723
839500,0.328,0.000,0.672
840000,0.358,0.000,0.642
840500,0.374,0.000,0.626
841000,0.277,0.000,0.723
841500,0.405,0.000,0.595
842000,0.277,0.000,0.723
842500,0.240,0.000,0.760
843000,0.334,0.000,0.666
843500,0.310,0.000,0.690
844000,0.405,0.000,0.595
844500,0.343,0.000,0.657
845000,0.396,0.000,0.604
845500,0.219,0.000,0.781
846000,0.484,0.000,0.516
846500,0.323,0.000,0.677
847000,0.360,0.000,0.640
847500,0.319,0.000,0.681
848000,0.206,0.000,0.794
848500,0.215,0.000,0.785
849000,0.331,0.000,0.669
849500,0.337,0.000,0.663
850000,0.311,0.000,0.689
850500,0.248,0.000,0.752
851000,0.311,0.000,0.689
851500,0.244,0.000,0.756
852000,0.231,0.000,0.769
852500,0.352,0.000,0.648
853000,0.295,0.000,0.705
853500,0.364,0.000,0.636
854000,0.333,0.000,0.667
854500,0.319,0.000,0.681
855000,0.317,0.000,0.683
855500,0.464,0.000,0.536
856000,0.333,0.000,0.667
856500,0.347,0.000,0.653
857000,0.355,0.000,0.645
857500,0.342,0.000,0.658
858000,0.395,0.000,0.605
858500,0.320,0.000,0.680
859000,0.461,0.000,0.539
859500,0.396,0.000,0.604
860000,0.297,0.000,0.703
860500,0.366,0.000,0.634
861000,0.280,0.000,0.720
861500,0.384,0.000,0.616
862000,0.307,0.000,0.693
862500,0.274,0.000,0.726
863000,0.363,0.000,0.637
863500,0.381,0.000,0.619
864000,0.372,0.000,0.628
864500,0.370,0.000,0.630
865000,0.382,0.000,0.618
865500,0.327,0.000,0.673
866000,0.418,0.000,0.582
866500,0.291,0.000,0.709
867000,0.436,0.000,0.564
867500,0.263,0.000,0.737
868000,0.357,0.000,0.643
868500,0.427,0.000,0.573
869000,0.281,0.000,0.719
869500,0.313,0.000,0.687
870000,0.371,0.000,0.629
870500,0.451,0.000,0.549
871000,0.356,0.000,0.644
871500,0.218,0.000,0.782
872000,0.500,0.000,0.500
872500,0.224,0.000,0.776
873000,0.389,0.000,0.611
873500,0.428,0.000,0.572
874000,0.264,0.000,0.736
874500,0.288,0.000,0.712
875000,0.330,0.000,0.670
875500,0.308,0.000,0.692
876000,0.323,0.000,0.677
876500,0.365,0.000,0.635
877000,0.275,0.000,0.725
877500,0.357,0.000,0.643
878000,0.456,0.000,0.544
878500,0.471,0.000,0.529
879000,0.313,0.000,0.687
879500,0.423,0.000,0.577
880000,0.255,0.000,0.745
880500,0.340,0.000,0.660
881000,0.336,0.000,0.664
881500,0.298,0.000,0.702
882000,0.270,0.000,0.730
882500,0.396,0.000,0.604
883000,0.486,0.000,0.514
883500,0.263,0.000,0.737
884000,0.340,0.000,0.660
884500,0.470,0.000,0.530
885000,0.459,0.000,0.541
885500,0.311,0.000,0.689
886000,0.242,0.000,0.758
886500,0.296,0.000,0.704
887000,0.543,0.000,0.457
887500,0.366,0.000,0.634
888000,0.297,0.000,0.703
888500,0.315,0.000,0.685
889000,0.494,0.000,0.506
889500,0.458,0.000,0.542
890000,0.333,0.000,0.667
890500,0.326,0.000,0.674
891000,0.252,0.000,0.748
891500,0.487,0.000,0.513
892000,0.232,0.000,0.768
892500,0.334,0.000,0.666
893000,0.367,0.000,0.633
893500,0.390,0.000,0.610
894000,0.339,0.000,0.661
894500,0.403,0.000,0.597
895000,0.276,0.000,0.724
895500,0.467,0.000,0.533
896000,0.450,0.000,0.550
896500,0.449,0.000,0.551
897000,0.342,0.000,0.658
897500,0.357,0.000,0.643
898000,0.350,0.000,0.650
898500,0.367,0.000,0.633
899000,0.227,0.000,0.773
899500,0.318,0.000,0.682
900000,0.297,0.000,0.703
900500,0.426,0.000,0.574
901000,0.302,0.000,0.698
901500,0.396,0.000,0.604
902000,0.201,0.000,0.799
902500,0.344,0.000,0.656
903000,0.415,0.000,0.585
903500,0.398,0.000,0.602
904000,0.261,0.000,0.739
904500,0.275,0.000,0.725
905000,0.439,0.000,0.561
905500,0.460,0.000,0.540
906000,0.118,0.000,0.882
906500,0.322,0.000,0.678
907000,0.192,0.000,0.808
907500,0.486,0.000,0.514
908000,0.232,0.000,0.768
908500,0.244,0.000,0.756
909000,0.468,0.000,0.532
909500,0.449,0.000,0.551
910000,0.294,0.000,0.706
910500,0.238,0.000,0.762
911000,0.336,0.000,0.664
911500,0.357,0.000,0.643
912000,0.290,0.000,0.710
912500,0.392,0.000,0.608
913000,0.242,0.000,0.758
913500,0.381,0.000,0.619
914000,0.373,0.000,0.627
914500,0.386,0.000,0.614
915000,0.271,0.000,0.729
915500,0.309,0.000,0.691
916000,0.336,0.000,0.664
916500,0.386,0.000,0.614
917000,0.466,0.000,0.534
917500,0.388,0.000,0.612
918000,0.334,0.000,0.666
918500,0.397,0.000,0.603
919000,0.405,0.000,0.595
919500,0.444,0.000,0.556
920000,0.260,0.000,0.740
920500,0.439,0.000,0.561
921000,0.252,0.000,0.748
921500,0.319,0.000,0.681
922000,0.379,0.000,0.621
922500,0.280,0.000,0.720
923000,0.481,0.000,0.519
923500,0.300,0.000,0.700
924000,0.405,0.000,0.595
924500,0.363,0.000,0.637
925000,0.363,0.000,0.637
925500,0.396,0.000,0.604
926000,0.302,0.000,0.698
926500,0.487,0.000,0.513
927000,0.453,0.000,0.547
927500,0.192,0.000,0.808
928000,0.398,0.000,0.602
928500,0.437,0.000,0.563
929000,0.426,0.000,0.574
929500,0.175,0.000,0.825
930000,0.297,0.000,0.703
930500,0.410,0.000,0.590
931000,0.414,0.000,0.586
931500,0.433,0.000,0.567
932000,0.241,0.000,0.759
932500,0.266,0.000,0.734
933000,0.228,0.000,0.772
933500,0.466,0.000,0.534
934000,0.413,0.000,0.587
934500,0.345,0.000,0.655
935000,0.245,0.000,0.755
935500,0.341,0.000,0.659
936000,0.217,0.000,0.783
936500,0.313,0.000,0.687
937000,0.240,0.000,0.760
937500,0.488,0.000,0.512
938000,0.350,0.000,0.650
938500,0.286,0.000,0.714
939000,0.294,0.000,0.706
939500,0.344,0.000,0.656
940000,0.322,0.000,0.678
940500,0.423,0.000,0.577
941000,0.505,0.000,0.495
941500,0.369,0.000,0.631
942000,0.332,0.000,0.668
942500,0.358,0.000,0.642
943000,0.379,0.000,0.621
943500,0.308,0.000,0.692
944000,0.434,0.000,0.566
944500,0.377,0.000,0.623
945000,0.306,0.000,0.694
945500,0.450,0.000,0.550
946000,0.257,0.000,0.743
946500,0.302,0.000,0.698
947000,0.353,0.000,0.647
947500,0.313,0.000,0.687
948000,0.245,0.000,0.755
948500,0.402,0.000,0.598
949000,0.416,0.000,0.584
949500,0.503,0.000,0.497
950000,0.368,0.000,0.632
950500,0.515,0.000,0.485
951000,0.412,0.000,0.588
951500,0.237,0.000,0.763
952000,0.463,0.000,0.537
952500,0.366,0.000,0.634
953000,0.567,0.000,0.433
953500,0.279,0.000,0.721
954000,0.366,0.000,0.634
954500,0.328,0.000,0.672
955000,0.324,0.000,0.676
955500,0.465,0.000,0.535
956000,0.407,0.000,0.593
956500,0.443,0.000,0.557
957000,0.480,0.000,0.520
957500,0.317,0.000,0.683
958000,0.390,0.000,0.610
958500,0.411,0.000,0.589
959000,0.372,0.000,0.628
959500,0.382,0.000,0.618
960000,0.326,0.000,0.674
960500,0.364,0.000,0.636
961000,0.356,0.000,0.644
961500,0.221,0.000,0.779
962000,0.350,0.000,0.650
962500,0.362,0.000,0.638
963000,0.269,0.000,0.731
963500,0.342,0.000,0.658
964000,0.228,0.000,0.772
964500,0.448,0.000,0.552
965000,0.331,0.000,0.669
965500,0.381,0.000,0.619
966000,0.365,0.000,0.635
966500,0.231,0.000,0.769
967000,0.400,0.000,0.600
967500,0.292,0.000,0.708
968000,0.374,0.000,0.626
968500,0.284,0.000,0.716
969000,0.445,0.000,0.555
969500,0.280,0.000,0.720
970000,0.328,0.000,0.672
970500,0.308,0.000,0.692
971000,0.391,0.000,0.609
971500,0.411,0.000,0.589
972000,0.252,0.000,0.748
972500,0.225,0.000,0.775
973000,0.403,0.000,0.597
973500,0.357,0.000,0.643
974000,0.338,0.000,0.662
974500,0.262,0.000,0.738
975000,0.376,0.000,0.624
975500,0.458,0.000,0.542
976000,0.427,0.000,0.573
976500,0.421,0.000,0.579
977000,0.318,0.000,0.682
977500,0.207,0.000,0.793
978000,0.252,0.000,0.748
978500,0.332,0.000,0.668
979000,0.316,0.000,0.684
979500,0.471,0.000,0.529
980000,0.405,0.000,0.595
980500,0.491,0.000,0.509
981000,0.356,0.000,0.644
981500,0.239,0.000,0.761
982000,0.276,0.000,0.724
982500,0.384,0.000,0.616
983000,0.287,0.000,0.713
983500,0.334,0.000,0.666
984000,0.405,0.000,0.595
984500,0.158,0.000,0.842
985000,0.222,0.000,0.778
985500,0.518,0.000,0.482
986000,0.302,0.000,0.698
986500,0.281,0.000,0.719
987000,0.382,0.000,0.618
987500,0.443,0.000,0.557
988000,0.335,0.000,0.665
988500,0.347,0.000,0.653
989000,0.354,0.000,0.646
989500,0.313,0.000,0.687
990000,0.347,0.000,0.653
990500,0.302,0.000,0.698
991000,0.271,0.000,0.729
991500,0.327,0.000,0.673
992000,0.236,0.000,0.764
992500,0.178,0.000,0.822
993000,0.403,0.000,0.597
993500,0.270,0.000,0.730
994000,0.429,0.000,0.571
994500,0.391,0.000,0.609
995000,0.446,0.000,0.554
995500,0.465,0.000,0.535
996000,0.330,0.000,0.670
996500,0.471,0.000,0.529
997000,0.204,0.000,0.796
997500,0.386,0.000,0.614
998000,0.392,0.000,0.608
998500,0.505,0.000,0.495
999000,0.378,0.000,0.622
999500,0.367,0.000,0.633
1000000,0.195,0.000,0.805
