time,n_A+p,n_B,n_AB
500,0.050,0.399,0.551
1000,0.055,0.069,0.876
1500,0.085,0.024,0.892
2000,0.102,0.012,0.886
2500,0.124,0.013,0.863
3000,0.084,0.008,0.908
3500,0.096,0.017,0.887
4000,0.073,0.012,0.914
4500,0.099,0.001,0.900
5000,0.113,0.003,0.885
5500,0.092,0.011,0.897
6000,0.112,0.009,0.879
6500,0.090,0.001,0.910
7000,0.120,0.004,0.875
7500,0.104,0.003,0.893
8000,0.087,0.025,0.887
8500,0.098,0.007,0.895
9000,0.114,0.003,0.883
9500,0.130,0.003,0.868
10000,0.086,0.015,0.898
10500,0.093,0.002,0.904
11000,0.104,0.013,0.883
11500,0.093,0.006,0.900
12000,0.065,0.038,0.897
12500,0.088,0.009,0.903
13000,0.107,0.009,0.885
13500,0.103,0.001,0.896
14000,0.067,0.009,0.925
14500,0.072,0.017,0.912
15000,0.089,0.008,0.903
15500,0.141,0.005,0.854
16000,0.115,0.001,0.885
16500,0.102,0.009,0.890
17000,0.103,0.006,0.890
17500,0.137,0.006,0.857
18000,0.102,0.022,0.876
18500,0.104,0.006,0.890
19000,0.117,0.009,0.874
19500,0.132,0.004,0.865
20000,0.098,0.001,0.902
20500,0.092,0.009,0.898
21000,0.084,0.001,0.916
21500,0.111,0.000,0.889
22000,0.102,0.007,0.891
22500,0.102,0.002,0.897
23000,0.129,0.002,0.869
23500,0.095,0.014,0.891
24000,0.085,0.022,0.893
24500,0.072,0.026,0.901
25000,0.093,0.004,0.903
25500,0.093,0.005,0.901
26000,0.085,0.007,0.908
26500,0.095,0.003,0.902
27000,0.153,0.002,0.845
27500,0.127,0.013,0.861
28000,0.077,0.014,0.909
28500,0.074,0.002,0.925
29000,0.098,0.015,0.888
29500,0.082,0.008,0.910
30000,0.104,0.011,0.884
30500,0.097,0.006,0.897
31000,0.085,0.013,0.902
31500,0.117,0.003,0.880
32000,0.122,0.001,0.876
32500,0.105,0.000,0.894
33000,0.100,0.009,0.892
33500,0.089,0.011,0.900
34000,0.099,0.009,0.892
34500,0.138,0.001,0.861
35000,0.086,0.000,0.914
35500,0.089,0.024,0.887
36000,0.097,0.009,0.895
36500,0.100,0.000,0.900
37000,0.090,0.000,0.910
37500,0.108,0.001,0.892
38000,0.090,0.002,0.908
38500,0.087,0.021,0.892
39000,0.083,0.010,0.907
39500,0.086,0.009,0.905
40000,0.138,0.003,0.860
40500,0.107,0.004,0.890
41000,0.111,0.009,0.881
41500,0.095,0.005,0.900
42000,0.069,0.008,0.923
42500,0.081,0.003,0.916
43000,0.111,0.014,0.875
43500,0.114,0.009,0.877
44000,0.086,0.018,0.895
44500,0.102,0.006,0.892
45000,0.086,0.001,0.914
45500,0.159,0.000,0.842
46000,0.114,0.000,0.886
46500,0.105,0.005,0.890
47000,0.110,0.007,0.883
47500,0.123,0.007,0.870
48000,0.085,0.007,0.908
48500,0.109,0.008,0.883
49000,0.102,0.001,0.898
49500,0.139,0.000,0.861
50000,0.098,0.003,0.900
50500,0.092,0.013,0.895
51000,0.087,0.009,0.904
51500,0.098,0.002,0.901
52000,0.107,0.009,0.883
52500,0.102,0.015,0.883
53000,0.106,0.007,0.887
53500,0.087,0.000,0.912
54000,0.085,0.015,0.901
54500,0.085,0.001,0.914
55000,0.103,0.013,0.884
55500,0.112,0.004,0.885
56000,0.110,0.002,0.889
56500,0.092,0.000,0.908
57000,0.102,0.009,0.890
57500,0.097,0.001,0.902
58000,0.138,0.000,0.863
58500,0.116,0.003,0.881
59000,0.120,0.000,0.880
59500,0.096,0.003,0.902
60000,0.093,0.014,0.892
60500,0.111,0.003,0.886
61000,0.096,0.008,0.896
61500,0.081,0.017,0.903
62000,0.102,0.004,0.894
62500,0.122,0.003,0.875
63000,0.160,0.001,0.840
63500,0.124,0.009,0.866
64000,0.108,0.001,0.891
64500,0.098,0.003,0.900
65000,0.118,0.005,0.876
65500,0.061,0.012,0.926
66000,0.082,0.024,0.895
66500,0.125,0.005,0.870
67000,0.164,0.002,0.835
67500,0.107,0.009,0.883
68000,0.100,0.002,0.899
68500,0.145,0.002,0.854
69000,0.097,0.011,0.892
69500,0.085,0.003,0.912
70000,0.107,0.000,0.892
70500,0.101,0.009,0.890
71000,0.111,0.003,0.886
71500,0.113,0.009,0.879
72000,0.102,0.004,0.894
72500,0.118,0.009,0.874
73000,0.101,0.018,0.881
73500,0.151,0.001,0.849
74000,0.114,0.002,0.884
74500,0.135,0.003,0.862
75000,0.099,0.002,0.900
75500,0.093,0.010,0.897
76000,0.096,0.011,0.894
76500,0.096,0.026,0.878
77000,0.082,0.009,0.909
77500,0.087,0.018,0.895
78000,0.127,0.016,0.857
78500,0.073,0.009,0.917
79000,0.096,0.025,0.879
79500,0.089,0.011,0.899
80000,0.133,0.004,0.863
80500,0.104,0.013,0.883
81000,0.097,0.004,0.900
81500,0.086,0.006,0.908
82000,0.114,0.011,0.876
82500,0.092,0.002,0.907
83000,0.090,0.004,0.906
83500,0.099,0.004,0.898
84000,0.098,0.007,0.895
84500,0.119,0.002,0.879
85000,0.093,0.001,0.907
85500,0.111,0.005,0.884
86000,0.111,0.009,0.881
86500,0.103,0.012,0.884
87000,0.072,0.004,0.923
87500,0.085,0.021,0.894
88000,0.127,0.009,0.865
88500,0.083,0.011,0.906
89000,0.111,0.003,0.886
89500,0.106,0.013,0.881
90000,0.089,0.007,0.904
90500,0.080,0.012,0.908
91000,0.088,0.005,0.907
91500,0.100,0.001,0.899
92000,0.122,0.000,0.878
92500,0.129,0.002,0.870
93000,0.102,0.007,0.890
93500,0.097,0.001,0.903
94000,0.097,0.004,0.899
94500,0.087,0.004,0.909
95000,0.086,0.011,0.903
95500,0.102,0.009,0.888
96000,0.101,0.001,0.898
96500,0.118,0.007,0.875
97000,0.087,0.031,0.881
97500,0.070,0.038,0.892
98000,0.108,0.004,0.888
98500,0.094,0.009,0.898
99000,0.095,0.003,0.903
99500,0.103,0.002,0.896
100000,0.092,0.001,0.907
100500,0.082,0.000,0.918
101000,0.081,0.017,0.903
101500,0.080,0.016,0.904
102000,0.079,0.008,0.913
102500,0.108,0.001,0.891
103000,0.111,0.026,0.863
103500,0.115,0.014,0.871
104000,0.083,0.017,0.900
104500,0.096,0.006,0.898
105000,0.087,0.011,0.902
105500,0.099,0.011,0.890
106000,0.076,0.018,0.906
106500,0.087,0.006,0.906
107000,0.098,0.012,0.890
107500,0.109,0.006,0.885
108000,0.130,0.004,0.866
108500,0.132,0.005,0.863
109000,0.118,0.001,0.881
109500,0.110,0.004,0.886
110000,0.091,0.004,0.904
110500,0.086,0.012,0.902
111000,0.098,0.001,0.902
111500,0.105,0.005,0.889
112000,0.082,0.007,0.911
112500,0.093,0.007,0.900
113000,0.099,0.007,0.894
113500,0.117,0.007,0.876
114000,0.115,0.004,0.881
114500,0.089,0.000,0.910
115000,0.087,0.004,0.910
115500,0.114,0.013,0.874
116000,0.081,0.006,0.913
116500,0.132,0.011,0.858
117000,0.113,0.003,0.884
117500,0.097,0.005,0.898
118000,0.097,0.023,0.880
118500,0.091,0.001,0.908
119000,0.118,0.009,0.873
119500,0.086,0.007,0.906
120000,0.102,0.011,0.887
120500,0.103,0.025,0.871
121000,0.098,0.004,0.898
121500,0.098,0.008,0.894
122000,0.104,0.001,0.894
122500,0.133,0.000,0.867
123000,0.104,0.009,0.887
123500,0.095,0.014,0.891
124000,0.093,0.018,0.889
124500,0.101,0.006,0.893
125000,0.104,0.015,0.882
125500,0.112,0.011,0.877
126000,0.099,0.018,0.883
126500,0.091,0.001,0.908
127000,0.129,0.002,0.870
127500,0.111,0.000,0.889
128000,0.074,0.019,0.906
128500,0.097,0.008,0.895
129000,0.111,0.001,0.888
129500,0.093,0.004,0.903
130000,0.114,0.001,0.886
130500,0.127,0.004,0.870
131000,0.099,0.000,0.901
131500,0.142,0.004,0.855
132000,0.116,0.009,0.876
132500,0.113,0.005,0.882
133000,0.066,0.016,0.918
133500,0.091,0.015,0.893
134000,0.090,0.018,0.892
134500,0.093,0.004,0.902
135000,0.099,0.007,0.894
135500,0.082,0.005,0.913
136000,0.088,0.007,0.905
136500,0.132,0.000,0.869
137000,0.126,0.000,0.875
137500,0.110,0.000,0.890
138000,0.113,0.011,0.877
138500,0.099,0.007,0.894
139000,0.112,0.001,0.887
139500,0.089,0.009,0.901
140000,0.106,0.007,0.886
140500,0.102,0.004,0.894
141000,0.102,0.004,0.895
141500,0.094,0.000,0.906
142000,0.103,0.004,0.894
142500,0.103,0.011,0.885
143000,0.081,0.005,0.914
143500,0.109,0.017,0.874
144000,0.102,0.009,0.890
144500,0.109,0.006,0.885
145000,0.086,0.009,0.904
145500,0.070,0.006,0.923
146000,0.084,0.015,0.901
146500,0.122,0.024,0.854
147000,0.106,0.004,0.890
147500,0.092,0.011,0.897
148000,0.101,0.007,0.892
148500,0.090,0.017,0.894
149000,0.084,0.025,0.892
149500,0.081,0.004,0.915
150000,0.088,0.013,0.899
150500,0.105,0.006,0.888
151000,0.086,0.009,0.905
151500,0.110,0.002,0.889
152000,0.076,0.008,0.915
152500,0.113,0.009,0.878
153000,0.126,0.006,0.868
153500,0.113,0.021,0.867
154000,0.121,0.004,0.875
154500,0.126,0.011,0.863
155000,0.081,0.009,0.910
155500,0.077,0.007,0.916
156000,0.069,0.017,0.915
156500,0.079,0.007,0.914
157000,0.110,0.005,0.885
157500,0.083,0.004,0.913
158000,0.089,0.007,0.903
158500,0.079,0.001,0.921
159000,0.084,0.005,0.911
159500,0.085,0.013,0.902
160000,0.095,0.003,0.903
160500,0.137,0.000,0.863
161000,0.141,0.000,0.859
161500,0.121,0.000,0.879
162000,0.094,0.002,0.905
162500,0.074,0.012,0.913
163000,0.074,0.017,0.908
163500,0.125,0.010,0.865
164000,0.090,0.009,0.902
164500,0.092,0.007,0.901
165000,0.116,0.001,0.883
165500,0.087,0.003,0.910
166000,0.097,0.024,0.880
166500,0.104,0.002,0.894
167000,0.096,0.002,0.903
167500,0.073,0.022,0.904
168000,0.106,0.004,0.889
168500,0.125,0.003,0.873
169000,0.077,0.000,0.923
169500,0.118,0.000,0.882
170000,0.115,0.000,0.885
170500,0.117,0.004,0.878
171000,0.127,0.009,0.864
171500,0.108,0.003,0.888
172000,0.119,0.001,0.880
172500,0.111,0.002,0.888
173000,0.100,0.003,0.897
173500,0.076,0.005,0.918
174000,0.098,0.005,0.897
174500,0.078,0.007,0.915
175000,0.113,0.001,0.887
175500,0.087,0.011,0.903
176000,0.103,0.007,0.890
176500,0.086,0.010,0.904
177000,0.132,0.004,0.865
177500,0.124,0.002,0.873
178000,0.131,0.000,0.869
178500,0.095,0.015,0.891
179000,0.099,0.006,0.895
179500,0.103,0.008,0.888
180000,0.085,0.002,0.914
180500,0.090,0.021,0.888
181000,0.104,0.010,0.885
181500,0.088,0.006,0.906
182000,0.090,0.008,0.902
182500,0.086,0.001,0.912
183000,0.114,0.003,0.884
183500,0.097,0.005,0.898
184000,0.114,0.006,0.880
184500,0.127,0.002,0.872
185000,0.150,0.006,0.844
185500,0.093,0.000,0.906
186000,0.074,0.009,0.917
186500,0.080,0.004,0.916
187000,0.113,0.004,0.883
187500,0.128,0.004,0.868
188000,0.100,0.001,0.899
188500,0.083,0.006,0.911
189000,0.086,0.001,0.913
189500,0.098,0.015,0.887
190000,0.104,0.007,0.889
190500,0.100,0.002,0.899
191000,0.090,0.002,0.907
191500,0.100,0.011,0.890
192000,0.099,0.018,0.884
192500,0.107,0.003,0.891
193000,0.107,0.001,0.892
193500,0.103,0.004,0.893
194000,0.085,0.009,0.907
194500,0.118,0.006,0.875
195000,0.095,0.009,0.896
195500,0.139,0.011,0.851
196000,0.096,0.008,0.896
196500,0.101,0.011,0.889
197000,0.087,0.018,0.895
197500,0.101,0.007,0.892
198000,0.126,0.004,0.871
198500,0.145,0.006,0.849
199000,0.096,0.013,0.891
199500,0.073,0.016,0.910
200000,0.084,0.011,0.905
200500,0.118,0.006,0.875
201000,0.082,0.003,0.916
201500,0.097,0.011,0.892
202000,0.100,0.011,0.889
202500,0.084,0.001,0.916
203000,0.110,0.009,0.881
203500,0.115,0.004,0.881
204000,0.080,0.000,0.920
204500,0.125,0.005,0.870
205000,0.084,0.024,0.892
205500,0.134,0.008,0.859
206000,0.112,0.008,0.880
206500,0.093,0.006,0.900
207000,0.095,0.000,0.905
207500,0.104,0.004,0.891
208000,0.097,0.012,0.891
208500,0.084,0.011,0.905
209000,0.082,0.006,0.912
209500,0.110,0.012,0.878
210000,0.125,0.002,0.873
210500,0.128,0.002,0.871
211000,0.080,0.000,0.920
211500,0.119,0.013,0.868
212000,0.095,0.003,0.903
212500,0.071,0.001,0.928
213000,0.103,0.002,0.896
213500,0.086,0.015,0.899
214000,0.084,0.026,0.890
214500,0.095,0.015,0.890
215000,0.072,0.018,0.910
215500,0.071,0.030,0.899
216000,0.090,0.019,0.890
216500,0.117,0.003,0.881
217000,0.106,0.001,0.893
217500,0.142,0.004,0.854
218000,0.104,0.000,0.896
218500,0.121,0.012,0.867
219000,0.118,0.008,0.873
219500,0.086,0.007,0.907
220000,0.098,0.011,0.892
220500,0.092,0.001,0.907
221000,0.076,0.023,0.900
221500,0.092,0.009,0.899
222000,0.090,0.005,0.904
222500,0.090,0.010,0.899
223000,0.103,0.007,0.890
223500,0.132,0.013,0.856
224000,0.107,0.012,0.881
224500,0.103,0.001,0.897
225000,0.094,0.000,0.906
225500,0.112,0.005,0.883
226000,0.099,0.009,0.892
226500,0.085,0.020,0.895
227000,0.068,0.019,0.913
227500,0.122,0.012,0.866
228000,0.102,0.007,0.891
228500,0.123,0.009,0.868
229000,0.155,0.001,0.844
229500,0.115,0.011,0.874
230000,0.095,0.029,0.877
230500,0.091,0.009,0.900
231000,0.093,0.006,0.900
231500,0.107,0.002,0.892
232000,0.113,0.010,0.877
232500,0.114,0.008,0.878
233000,0.077,0.002,0.921
233500,0.079,0.011,0.911
234000,0.074,0.011,0.914
234500,0.060,0.021,0.919
235000,0.099,0.003,0.898
235500,0.108,0.004,0.887
236000,0.102,0.000,0.898
236500,0.126,0.009,0.865
237000,0.116,0.003,0.882
237500,0.088,0.009,0.903
238000,0.118,0.018,0.864
238500,0.085,0.002,0.914
239000,0.103,0.001,0.896
239500,0.103,0.005,0.891
240000,0.120,0.004,0.876
240500,0.115,0.002,0.883
241000,0.112,0.000,0.888
241500,0.093,0.001,0.906
242000,0.102,0.004,0.893
242500,0.110,0.002,0.889
243000,0.086,0.009,0.906
243500,0.092,0.002,0.905
244000,0.088,0.006,0.906
244500,0.121,0.001,0.879
245000,0.101,0.009,0.891
245500,0.099,0.017,0.884
246000,0.094,0.014,0.892
246500,0.093,0.002,0.906
247000,0.112,0.004,0.884
247500,0.099,0.001,0.901
248000,0.110,0.012,0.878
248500,0.084,0.001,0.915
249000,0.124,0.002,0.875
249500,0.141,0.004,0.855
250000,0.125,0.000,0.875
250500,0.100,0.000,0.900
251000,0.092,0.009,0.899
251500,0.102,0.003,0.895
252000,0.101,0.006,0.893
252500,0.112,0.000,0.888
253000,0.110,0.006,0.884
253500,0.113,0.001,0.886
254000,0.118,0.001,0.881
254500,0.099,0.000,0.901
255000,0.072,0.016,0.912
255500,0.105,0.018,0.876
256000,0.088,0.002,0.911
256500,0.085,0.009,0.907
257000,0.065,0.012,0.923
257500,0.096,0.023,0.881
258000,0.077,0.010,0.913
258500,0.117,0.003,0.880
259000,0.103,0.006,0.891
259500,0.101,0.001,0.898
260000,0.092,0.006,0.902
260500,0.106,0.003,0.891
261000,0.090,0.009,0.901
261500,0.110,0.007,0.883
262000,0.106,0.003,0.890
262500,0.127,0.004,0.870
263000,0.132,0.008,0.861
263500,0.116,0.001,0.883
264000,0.098,0.000,0.902
264500,0.096,0.003,0.902
265000,0.071,0.001,0.928
265500,0.081,0.002,0.918
266000,0.110,0.001,0.890
266500,0.098,0.009,0.893
267000,0.090,0.003,0.908
267500,0.087,0.011,0.902
268000,0.119,0.008,0.873
268500,0.073,0.001,0.925
269000,0.134,0.002,0.864
269500,0.113,0.000,0.887
270000,0.091,0.000,0.908
270500,0.096,0.003,0.902
271000,0.089,0.001,0.910
271500,0.116,0.000,0.884
272000,0.108,0.002,0.891
272500,0.088,0.005,0.907
273000,0.094,0.007,0.899
273500,0.082,0.007,0.911
274000,0.114,0.003,0.883
274500,0.088,0.015,0.896
275000,0.107,0.006,0.887
275500,0.107,0.003,0.889
276000,0.108,0.000,0.892
276500,0.101,0.009,0.890
277000,0.112,0.009,0.879
277500,0.110,0.001,0.889
278000,0.100,0.011,0.889
278500,0.116,0.007,0.877
279000,0.118,0.010,0.871
279500,0.108,0.006,0.885
280000,0.086,0.002,0.912
280500,0.082,0.020,0.898
281000,0.111,0.003,0.887
281500,0.095,0.007,0.898
282000,0.093,0.011,0.896
282500,0.100,0.012,0.888
283000,0.096,0.002,0.903
283500,0.077,0.014,0.909
284000,0.079,0.004,0.917
284500,0.077,0.020,0.902
285000,0.085,0.011,0.904
285500,0.122,0.001,0.878
286000,0.103,0.003,0.893
286500,0.091,0.013,0.896
287000,0.102,0.002,0.896
287500,0.081,0.001,0.918
288000,0.086,0.016,0.898
288500,0.092,0.010,0.898
289000,0.069,0.029,0.903
289500,0.089,0.007,0.903
290000,0.092,0.024,0.883
290500,0.104,0.005,0.890
291000,0.105,0.005,0.889
291500,0.105,0.006,0.889
292000,0.093,0.017,0.890
292500,0.083,0.006,0.911
293000,0.104,0.013,0.883
293500,0.124,0.011,0.866
294000,0.135,0.008,0.857
294500,0.077,0.011,0.911
295000,0.100,0.006,0.894
295500,0.105,0.006,0.889
296000,0.126,0.007,0.867
296500,0.100,0.007,0.893
297000,0.113,0.013,0.874
297500,0.092,0.008,0.900
298000,0.083,0.014,0.903
298500,0.093,0.011,0.896
299000,0.095,0.019,0.886
299500,0.103,0.004,0.892
300000,0.116,0.000,0.884
300500,0.111,0.015,0.874
301000,0.075,0.011,0.913
301500,0.086,0.009,0.905
302000,0.072,0.013,0.916
302500,0.098,0.002,0.900
303000,0.097,0.002,0.901
303500,0.103,0.002,0.895
304000,0.110,0.001,0.890
304500,0.094,0.008,0.898
305000,0.106,0.003,0.890
305500,0.114,0.011,0.876
306000,0.109,0.003,0.888
306500,0.113,0.000,0.887
307000,0.095,0.004,0.902
307500,0.096,0.007,0.897
308000,0.101,0.001,0.899
308500,0.100,0.003,0.897
309000,0.106,0.007,0.886
309500,0.120,0.003,0.877
310000,0.083,0.005,0.912
310500,0.081,0.001,0.918
311000,0.109,0.015,0.877
311500,0.117,0.004,0.880
312000,0.105,0.004,0.891
312500,0.086,0.004,0.910
313000,0.127,0.007,0.866
313500,0.102,0.000,0.897
314000,0.094,0.009,0.898
314500,0.081,0.001,0.918
315000,0.105,0.011,0.884
315500,0.114,0.007,0.879
316000,0.124,0.000,0.875
316500,0.127,0.000,0.873
317000,0.119,0.002,0.879
317500,0.107,0.001,0.892
318000,0.106,0.002,0.892
318500,0.125,0.000,0.875
319000,0.114,0.005,0.881
319500,0.099,0.000,0.901
320000,0.121,0.000,0.879
320500,0.129,0.002,0.870
321000,0.098,0.002,0.900
321500,0.115,0.013,0.873
322000,0.108,0.002,0.889
322500,0.121,0.000,0.879
323000,0.106,0.006,0.888
323500,0.080,0.017,0.903
324000,0.104,0.005,0.890
324500,0.113,0.003,0.885
325000,0.100,0.000,0.900
325500,0.117,0.003,0.880
326000,0.112,0.005,0.883
326500,0.085,0.011,0.905
327000,0.116,0.008,0.876
327500,0.110,0.006,0.884
328000,0.147,0.001,0.853
328500,0.147,0.000,0.853
329000,0.141,0.004,0.856
329500,0.103,0.000,0.897
330000,0.108,0.000,0.891
330500,0.121,0.009,0.869
331000,0.120,0.006,0.873
331500,0.093,0.005,0.902
332000,0.102,0.015,0.883
332500,0.100,0.011,0.889
333000,0.147,0.007,0.845
333500,0.121,0.002,0.877
334000,0.122,0.004,0.874
334500,0.103,0.000,0.897
335000,0.095,0.011,0.894
335500,0.080,0.004,0.916
336000,0.079,0.010,0.911
336500,0.087,0.016,0.897
337000,0.113,0.005,0.882
337500,0.094,0.001,0.905
338000,0.112,0.000,0.888
338500,0.068,0.011,0.921
339000,0.065,0.004,0.931
339500,0.085,0.007,0.908
340000,0.093,0.003,0.905
340500,0.098,0.000,0.902
341000,0.118,0.004,0.878
341500,0.107,0.018,0.875
342000,0.111,0.002,0.888
342500,0.096,0.004,0.900
343000,0.089,0.004,0.907
343500,0.105,0.000,0.895
344000,0.114,0.000,0.886
344500,0.107,0.002,0.891
345000,0.133,0.001,0.867
345500,0.108,0.005,0.886
346000,0.116,0.003,0.881
346500,0.116,0.002,0.883
347000,0.076,0.015,0.908
347500,0.120,0.007,0.872
348000,0.128,0.001,0.872
348500,0.109,0.008,0.883
349000,0.087,0.003,0.910
349500,0.113,0.004,0.883
350000,0.098,0.003,0.900
350500,0.091,0.004,0.904
351000,0.091,0.008,0.901
351500,0.096,0.006,0.898
352000,0.145,0.001,0.855
352500,0.127,0.001,0.872
353000,0.121,0.002,0.877
353500,0.114,0.000,0.886
354000,0.103,0.034,0.863
354500,0.082,0.013,0.905
355000,0.070,0.034,0.896
355500,0.081,0.011,0.908
356000,0.083,0.017,0.901
356500,0.098,0.005,0.897
357000,0.122,0.006,0.871
357500,0.098,0.003,0.899
358000,0.121,0.001,0.878
358500,0.108,0.000,0.891
359000,0.087,0.013,0.900
359500,0.084,0.012,0.904
360000,0.071,0.025,0.904
360500,0.111,0.005,0.884
361000,0.076,0.001,0.923
361500,0.125,0.000,0.875
362000,0.097,0.013,0.890
362500,0.072,0.018,0.910
363000,0.095,0.003,0.902
363500,0.091,0.002,0.906
364000,0.103,0.000,0.896
364500,0.112,0.008,0.880
365000,0.113,0.001,0.887
365500,0.094,0.000,0.906
366000,0.076,0.000,0.924
366500,0.111,0.007,0.882
367000,0.099,0.001,0.901
367500,0.109,0.003,0.888
368000,0.110,0.002,0.888
368500,0.113,0.000,0.887
369000,0.119,0.000,0.881
369500,0.098,0.004,0.899
370000,0.104,0.002,0.893
370500,0.099,0.004,0.897
371000,0.130,0.009,0.861
371500,0.060,0.016,0.924
372000,0.099,0.002,0.900
372500,0.109,0.000,0.891
373000,0.115,0.009,0.876
373500,0.114,0.004,0.882
374000,0.086,0.018,0.896
374500,0.090,0.007,0.903
375000,0.079,0.013,0.909
375500,0.112,0.005,0.883
376000,0.086,0.007,0.907
376500,0.096,0.003,0.902
377000,0.103,0.009,0.889
377500,0.101,0.008,0.891
378000,0.087,0.006,0.907
378500,0.075,0.007,0.917
379000,0.104,0.002,0.895
379500,0.123,0.000,0.877
380000,0.104,0.009,0.886
380500,0.124,0.002,0.874
381000,0.089,0.003,0.908
381500,0.124,0.005,0.870
382000,0.130,0.006,0.865
382500,0.140,0.003,0.858
383000,0.090,0.005,0.905
383500,0.093,0.004,0.904
384000,0.100,0.018,0.882
384500,0.107,0.011,0.882
385000,0.105,0.002,0.893
385500,0.145,0.000,0.855
386000,0.100,0.000,0.900
386500,0.095,0.004,0.902
387000,0.107,0.000,0.893
387500,0.104,0.011,0.885
388000,0.103,0.004,0.893
388500,0.141,0.001,0.859
389000,0.087,0.003,0.909
389500,0.090,0.013,0.896
390000,0.099,0.004,0.897
390500,0.091,0.003,0.905
391000,0.098,0.015,0.887
391500,0.086,0.007,0.906
392000,0.088,0.008,0.904
392500,0.098,0.004,0.898
393000,0.088,0.006,0.906
393500,0.119,0.010,0.871
394000,0.129,0.002,0.870
394500,0.105,0.001,0.893
395000,0.089,0.007,0.903
395500,0.095,0.006,0.899
396000,0.118,0.013,0.869
396500,0.088,0.009,0.903
397000,0.088,0.021,0.890
397500,0.138,0.002,0.861
398000,0.151,0.000,0.849
398500,0.150,0.000,0.850
399000,0.102,0.015,0.883
399500,0.084,0.010,0.906
400000,0.108,0.005,0.886
400500,0.108,0.002,0.890
401000,0.085,0.006,0.909
401500,0.077,0.023,0.900
402000,0.102,0.005,0.892
402500,0.111,0.010,0.879
403000,0.095,0.013,0.892
403500,0.098,0.007,0.895
404000,0.124,0.003,0.872
404500,0.092,0.000,0.907
405000,0.132,0.001,0.867
405500,0.125,0.004,0.871
406000,0.099,0.035,0.867
406500,0.084,0.002,0.914
407000,0.112,0.007,0.881
407500,0.116,0.009,0.875
408000,0.099,0.001,0.900
408500,0.108,0.000,0.891
409000,0.110,0.000,0.890
409500,0.082,0.015,0.903
410000,0.075,0.003,0.922
410500,0.080,0.009,0.911
411000,0.096,0.013,0.892
411500,0.152,0.002,0.846
412000,0.095,0.000,0.905
412500,0.115,0.009,0.877
413000,0.086,0.003,0.911
413500,0.097,0.001,0.902
414000,0.096,0.011,0.893
414500,0.071,0.026,0.902
415000,0.088,0.010,0.901
415500,0.090,0.006,0.903
416000,0.083,0.007,0.910
416500,0.120,0.004,0.877
417000,0.077,0.018,0.905
417500,0.069,0.013,0.919
418000,0.117,0.018,0.865
418500,0.123,0.003,0.874
419000,0.117,0.005,0.878
419500,0.114,0.001,0.885
420000,0.114,0.011,0.876
420500,0.126,0.002,0.873
421000,0.068,0.015,0.917
421500,0.071,0.029,0.900
422000,0.073,0.006,0.920
422500,0.089,0.002,0.908
423000,0.124,0.001,0.875
423500,0.097,0.007,0.896
424000,0.096,0.001,0.904
424500,0.097,0.014,0.889
425000,0.102,0.002,0.897
425500,0.072,0.012,0.916
426000,0.085,0.025,0.890
426500,0.084,0.011,0.906
427000,0.117,0.003,0.880
427500,0.117,0.008,0.875
428000,0.122,0.013,0.864
428500,0.084,0.020,0.896
429000,0.080,0.009,0.911
429500,0.104,0.004,0.891
430000,0.129,0.005,0.866
430500,0.131,0.001,0.868
431000,0.090,0.013,0.897
431500,0.118,0.001,0.880
432000,0.088,0.017,0.896
432500,0.091,0.018,0.891
433000,0.123,0.003,0.874
433500,0.122,0.001,0.878
434000,0.132,0.000,0.868
434500,0.114,0.010,0.876
435000,0.096,0.006,0.898
435500,0.107,0.001,0.892
436000,0.101,0.009,0.891
436500,0.097,0.004,0.899
437000,0.133,0.003,0.864
437500,0.151,0.001,0.849
438000,0.114,0.005,0.881
438500,0.099,0.011,0.890
439000,0.104,0.015,0.880
439500,0.083,0.009,0.908
440000,0.080,0.017,0.903
440500,0.086,0.005,0.909
441000,0.100,0.007,0.893
441500,0.097,0.015,0.888
442000,0.115,0.004,0.881
442500,0.120,0.001,0.880
443000,0.122,0.009,0.870
443500,0.092,0.000,0.907
444000,0.098,0.000,0.902
444500,0.107,0.000,0.892
445000,0.103,0.009,0.887
445500,0.141,0.011,0.848
446000,0.071,0.004,0.926
446500,0.070,0.004,0.926
447000,0.089,0.025,0.886
447500,0.092,0.009,0.898
448000,0.093,0.007,0.899
448500,0.082,0.012,0.906
449000,0.089,0.013,0.898
449500,0.080,0.007,0.913
450000,0.091,0.008,0.901
450500,0.080,0.017,0.904
451000,0.126,0.009,0.866
451500,0.154,0.001,0.845
452000,0.164,0.000,0.837
452500,0.110,0.003,0.888
453000,0.124,0.009,0.868
453500,0.127,0.000,0.873
454000,0.121,0.002,0.878
454500,0.128,0.003,0.870
455000,0.099,0.003,0.898
455500,0.128,0.004,0.868
456000,0.106,0.006,0.888
456500,0.072,0.018,0.910
457000,0.104,0.003,0.893
457500,0.093,0.011,0.896
458000,0.074,0.017,0.908
458500,0.084,0.015,0.902
459000,0.096,0.013,0.892
459500,0.102,0.002,0.897
460000,0.107,0.001,0.892
460500,0.156,0.000,0.844
461000,0.096,0.000,0.904
461500,0.072,0.017,0.911
462000,0.071,0.012,0.916
462500,0.093,0.017,0.890
463000,0.101,0.016,0.883
463500,0.087,0.004,0.909
464000,0.086,0.011,0.902
464500,0.086,0.011,0.903
465000,0.104,0.017,0.878
465500,0.100,0.003,0.898
466000,0.089,0.008,0.902
466500,0.088,0.004,0.908
467000,0.141,0.000,0.859
467500,0.115,0.000,0.885
468000,0.086,0.009,0.904
468500,0.083,0.006,0.911
469000,0.072,0.013,0.916
469500,0.099,0.012,0.889
470000,0.086,0.013,0.900
470500,0.108,0.008,0.883
471000,0.108,0.005,0.886
471500,0.101,0.015,0.885
472000,0.066,0.022,0.912
472500,0.090,0.018,0.892
473000,0.080,0.001,0.920
473500,0.083,0.009,0.908
474000,0.096,0.008,0.896
474500,0.083,0.018,0.899
475000,0.088,0.029,0.883
475500,0.081,0.030,0.889
476000,0.082,0.011,0.907
476500,0.085,0.012,0.903
477000,0.075,0.012,0.913
477500,0.128,0.001,0.871
478000,0.083,0.005,0.912
478500,0.089,0.008,0.902
479000,0.093,0.003,0.904
479500,0.135,0.003,0.863
480000,0.115,0.000,0.885
480500,0.123,0.000,0.877
481000,0.100,0.008,0.892
481500,0.094,0.016,0.890
482000,0.103,0.007,0.889
482500,0.092,0.009,0.898
483000,0.091,0.010,0.899
483500,0.102,0.001,0.897
484000,0.094,0.017,0.890
484500,0.083,0.003,0.914
485000,0.099,0.006,0.895
485500,0.115,0.003,0.882
486000,0.079,0.015,0.906
486500,0.097,0.001,0.902
487000,0.068,0.014,0.918
487500,0.115,0.013,0.872
488000,0.080,0.011,0.909
488500,0.085,0.004,0.911
489000,0.070,0.040,0.889
489500,0.103,0.013,0.883
490000,0.131,0.001,0.868
490500,0.102,0.003,0.896
491000,0.108,0.011,0.881
491500,0.092,0.009,0.900
492000,0.076,0.008,0.915
492500,0.084,0.008,0.908
493000,0.102,0.006,0.892
493500,0.099,0.002,0.900
494000,0.102,0.005,0.893
494500,0.084,0.005,0.911
495000,0.079,0.006,0.915
495500,0.128,0.000,0.872
496000,0.168,0.009,0.824
496500,0.099,0.008,0.893
497000,0.075,0.011,0.915
497500,0.139,0.002,0.860
498000,0.093,0.012,0.895
498500,0.081,0.009,0.910
499000,0.096,0.002,0.903
499500,0.078,0.015,0.907
500000,0.081,0.018,0.901
500500,0.067,0.021,0.913
501000,0.082,0.012,0.906
501500,0.112,0.003,0.886
502000,0.084,0.001,0.916
502500,0.117,0.012,0.871
503000,0.097,0.015,0.888
503500,0.100,0.010,0.890
504000,0.104,0.017,0.880
504500,0.097,0.003,0.900
505000,0.119,0.000,0.881
505500,0.088,0.005,0.907
506000,0.080,0.006,0.914
506500,0.075,0.019,0.905
507000,0.085,0.004,0.912
507500,0.140,0.000,0.860
508000,0.114,0.006,0.880
508500,0.102,0.001,0.898
509000,0.093,0.015,0.892
509500,0.086,0.014,0.899
510000,0.082,0.011,0.907
510500,0.118,0.005,0.877
511000,0.096,0.003,0.901
511500,0.080,0.000,0.920
512000,0.115,0.000,0.885
512500,0.093,0.006,0.901
513000,0.085,0.002,0.913
513500,0.136,0.002,0.863
514000,0.098,0.007,0.895
514500,0.123,0.002,0.875
515000,0.088,0.002,0.909
515500,0.110,0.004,0.886
516000,0.098,0.001,0.902
516500,0.088,0.017,0.894
517000,0.102,0.011,0.888
517500,0.102,0.006,0.891
518000,0.121,0.009,0.870
518500,0.108,0.018,0.875
519000,0.101,0.003,0.896
519500,0.107,0.006,0.887
520000,0.086,0.005,0.909
520500,0.117,0.006,0.877
521000,0.101,0.004,0.896
521500,0.074,0.000,0.925
522000,0.110,0.000,0.890
522500,0.121,0.006,0.873
523000,0.107,0.001,0.891
523500,0.086,0.009,0.904
524000,0.085,0.012,0.903
524500,0.110,0.006,0.884
525000,0.090,0.006,0.904
525500,0.069,0.013,0.918
526000,0.104,0.009,0.887
526500,0.098,0.017,0.886
527000,0.091,0.013,0.897
527500,0.088,0.002,0.910
528000,0.079,0.021,0.900
528500,0.108,0.003,0.888
529000,0.105,0.000,0.895
529500,0.113,0.008,0.879
530000,0.128,0.018,0.855
530500,0.098,0.007,0.895
531000,0.096,0.004,0.900
531500,0.130,0.006,0.864
532000,0.099,0.003,0.899
532500,0.087,0.005,0.907
533000,0.097,0.006,0.897
533500,0.104,0.002,0.893
534000,0.089,0.001,0.910
534500,0.088,0.013,0.899
535000,0.102,0.005,0.893
535500,0.077,0.003,0.920
536000,0.085,0.007,0.908
536500,0.118,0.001,0.881
537000,0.105,0.011,0.883
537500,0.079,0.016,0.905
538000,0.140,0.001,0.860
538500,0.131,0.000,0.869
539000,0.119,0.002,0.879
539500,0.084,0.020,0.896
540000,0.147,0.001,0.852
540500,0.132,0.000,0.869
541000,0.101,0.000,0.899
541500,0.111,0.002,0.888
542000,0.108,0.004,0.887
542500,0.102,0.001,0.897
543000,0.076,0.008,0.916
543500,0.101,0.011,0.889
544000,0.086,0.015,0.899
544500,0.117,0.006,0.877
545000,0.108,0.007,0.884
545500,0.109,0.003,0.889
546000,0.132,0.000,0.868
546500,0.100,0.005,0.895
547000,0.098,0.007,0.895
547500,0.121,0.001,0.878
548000,0.118,0.000,0.882
548500,0.121,0.000,0.879
549000,0.105,0.000,0.894
549500,0.111,0.005,0.884
550000,0.103,0.002,0.895
550500,0.098,0.012,0.890
551000,0.117,0.003,0.881
551500,0.117,0.003,0.880
552000,0.091,0.005,0.903
552500,0.107,0.001,0.893
553000,0.106,0.006,0.887
553500,0.103,0.010,0.887
554000,0.091,0.001,0.907
554500,0.151,0.000,0.849
555000,0.104,0.009,0.887
555500,0.133,0.002,0.865
556000,0.098,0.002,0.900
556500,0.085,0.008,0.907
557000,0.072,0.024,0.904
557500,0.117,0.005,0.878
558000,0.083,0.001,0.917
558500,0.097,0.009,0.895
559000,0.144,0.001,0.855
559500,0.093,0.009,0.897
560000,0.115,0.001,0.884
560500,0.110,0.004,0.887
561000,0.127,0.003,0.871
561500,0.086,0.009,0.905
562000,0.078,0.004,0.919
562500,0.098,0.003,0.899
563000,0.104,0.006,0.889
563500,0.094,0.001,0.906
564000,0.118,0.004,0.879
564500,0.101,0.004,0.896
565000,0.106,0.006,0.888
565500,0.058,0.017,0.926
566000,0.101,0.013,0.887
566500,0.095,0.017,0.888
567000,0.112,0.009,0.880
567500,0.089,0.002,0.909
568000,0.080,0.025,0.895
568500,0.104,0.006,0.890
569000,0.087,0.018,0.895
569500,0.095,0.006,0.899
570000,0.084,0.018,0.899
570500,0.086,0.009,0.905
571000,0.112,0.006,0.882
571500,0.101,0.000,0.899
572000,0.092,0.007,0.900
572500,0.102,0.011,0.887
573000,0.086,0.002,0.912
573500,0.096,0.003,0.901
574000,0.101,0.018,0.881
574500,0.112,0.001,0.887
575000,0.084,0.000,0.916
575500,0.126,0.000,0.875
576000,0.107,0.001,0.891
576500,0.137,0.000,0.863
577000,0.102,0.004,0.893
577500,0.131,0.001,0.869
578000,0.121,0.000,0.879
578500,0.082,0.008,0.910
579000,0.114,0.008,0.878
579500,0.118,0.011,0.871
580000,0.095,0.017,0.889
580500,0.088,0.004,0.908
581000,0.105,0.004,0.890
581500,0.119,0.000,0.881
582000,0.105,0.001,0.893
582500,0.110,0.007,0.883
583000,0.096,0.006,0.898
583500,0.110,0.000,0.890
584000,0.126,0.004,0.870
584500,0.093,0.004,0.903
585000,0.087,0.013,0.899
585500,0.092,0.011,0.897
586000,0.119,0.007,0.873
586500,0.131,0.003,0.867
587000,0.113,0.001,0.887
587500,0.095,0.001,0.904
588000,0.098,0.007,0.895
588500,0.105,0.006,0.889
589000,0.083,0.032,0.886
589500,0.097,0.005,0.898
590000,0.098,0.000,0.902
590500,0.096,0.008,0.896
591000,0.070,0.002,0.928
591500,0.115,0.011,0.874
592000,0.102,0.002,0.896
592500,0.073,0.011,0.916
593000,0.114,0.003,0.883
593500,0.102,0.000,0.898
594000,0.096,0.013,0.891
594500,0.101,0.029,0.870
595000,0.121,0.018,0.861
595500,0.096,0.005,0.899
596000,0.094,0.018,0.888
596500,0.117,0.003,0.880
597000,0.165,0.004,0.831
597500,0.107,0.013,0.880
598000,0.099,0.013,0.888
598500,0.084,0.004,0.912
599000,0.080,0.005,0.915
599500,0.077,0.006,0.916
600000,0.093,0.035,0.873
600500,0.095,0.013,0.893
601000,0.071,0.015,0.914
601500,0.080,0.005,0.915
602000,0.074,0.019,0.906
602500,0.126,0.002,0.873
603000,0.102,0.015,0.883
603500,0.095,0.002,0.904
604000,0.074,0.013,0.913
604500,0.141,0.001,0.858
605000,0.088,0.007,0.904
605500,0.074,0.022,0.903
606000,0.101,0.001,0.898
606500,0.102,0.002,0.895
607000,0.175,0.001,0.824
607500,0.183,0.001,0.816
608000,0.109,0.000,0.891
608500,0.107,0.000,0.892
609000,0.088,0.005,0.907
609500,0.092,0.018,0.890
610000,0.125,0.004,0.872
610500,0.121,0.005,0.874
611000,0.108,0.020,0.872
611500,0.090,0.001,0.910
612000,0.130,0.004,0.866
612500,0.108,0.011,0.882
613000,0.130,0.001,0.870
613500,0.120,0.011,0.869
614000,0.133,0.001,0.866
614500,0.120,0.009,0.871
615000,0.102,0.016,0.881
615500,0.093,0.009,0.897
616000,0.102,0.006,0.891
616500,0.117,0.002,0.881
617000,0.080,0.010,0.910
617500,0.068,0.018,0.913
618000,0.096,0.013,0.892
618500,0.083,0.004,0.914
619000,0.093,0.004,0.902
619500,0.066,0.019,0.914
620000,0.087,0.019,0.893
620500,0.096,0.003,0.902
621000,0.088,0.008,0.903
621500,0.096,0.007,0.897
622000,0.134,0.001,0.866
622500,0.090,0.005,0.905
623000,0.094,0.001,0.905
623500,0.085,0.001,0.915
624000,0.089,0.009,0.902
624500,0.093,0.003,0.903
625000,0.077,0.016,0.907
625500,0.093,0.011,0.896
626000,0.099,0.021,0.881
626500,0.095,0.018,0.887
627000,0.140,0.009,0.852
627500,0.122,0.015,0.864
628000,0.082,0.010,0.908
628500,0.101,0.001,0.899
629000,0.095,0.005,0.900
629500,0.095,0.008,0.897
630000,0.113,0.002,0.885
630500,0.102,0.006,0.892
631000,0.069,0.011,0.921
631500,0.107,0.007,0.886
632000,0.108,0.001,0.891
632500,0.136,0.003,0.861
633000,0.120,0.009,0.871
633500,0.117,0.004,0.878
634000,0.119,0.002,0.879
634500,0.113,0.001,0.887
635000,0.102,0.006,0.892
635500,0.101,0.009,0.890
636000,0.102,0.001,0.897
636500,0.119,0.006,0.875
637000,0.091,0.015,0.894
637500,0.072,0.021,0.907
638000,0.075,0.022,0.902
638500,0.083,0.013,0.904
639000,0.081,0.007,0.912
639500,0.079,0.011,0.910
640000,0.096,0.004,0.901
640500,0.091,0.003,0.905
641000,0.121,0.008,0.871
641500,0.107,0.006,0.887
642000,0.117,0.004,0.878
642500,0.106,0.001,0.893
643000,0.095,0.005,0.900
643500,0.114,0.011,0.876
644000,0.109,0.003,0.888
644500,0.105,0.007,0.887
645000,0.098,0.001,0.901
645500,0.108,0.000,0.892
646000,0.091,0.003,0.906
646500,0.069,0.000,0.931
647000,0.119,0.003,0.878
647500,0.106,0.004,0.890
648000,0.085,0.004,0.911
648500,0.072,0.021,0.906
649000,0.109,0.007,0.884
649500,0.092,0.005,0.902
650000,0.096,0.017,0.888
650500,0.105,0.012,0.882
651000,0.075,0.002,0.923
651500,0.097,0.010,0.893
652000,0.108,0.018,0.873
652500,0.083,0.014,0.903
653000,0.108,0.011,0.882
653500,0.092,0.010,0.897
654000,0.092,0.004,0.903
654500,0.098,0.007,0.895
655000,0.100,0.006,0.894
655500,0.079,0.001,0.921
656000,0.082,0.009,0.909
656500,0.072,0.015,0.914
657000,0.091,0.016,0.893
657500,0.086,0.026,0.887
658000,0.090,0.010,0.899
658500,0.104,0.001,0.894
659000,0.082,0.007,0.911
659500,0.102,0.002,0.896
660000,0.137,0.003,0.861
660500,0.102,0.005,0.892
661000,0.139,0.007,0.854
661500,0.134,0.000,0.866
662000,0.095,0.009,0.896
662500,0.118,0.001,0.882
663000,0.114,0.001,0.885
663500,0.085,0.012,0.903
664000,0.078,0.018,0.905
664500,0.085,0.007,0.908
665000,0.086,0.006,0.908
665500,0.086,0.007,0.906
666000,0.089,0.005,0.906
666500,0.100,0.006,0.894
667000,0.102,0.007,0.890
667500,0.084,0.028,0.888
668000,0.107,0.011,0.881
668500,0.070,0.026,0.904
669000,0.067,0.034,0.900
669500,0.079,0.021,0.900
670000,0.080,0.017,0.903
670500,0.099,0.013,0.888
671000,0.106,0.002,0.892
671500,0.111,0.011,0.879
672000,0.092,0.013,0.894
672500,0.103,0.004,0.892
673000,0.089,0.002,0.908
673500,0.118,0.001,0.881
674000,0.087,0.002,0.911
674500,0.090,0.015,0.894
675000,0.064,0.026,0.910
675500,0.124,0.002,0.875
676000,0.090,0.018,0.892
676500,0.102,0.014,0.884
677000,0.096,0.007,0.897
677500,0.122,0.004,0.874
678000,0.122,0.003,0.875
678500,0.122,0.000,0.878
679000,0.083,0.004,0.913
679500,0.089,0.004,0.907
680000,0.106,0.004,0.891
680500,0.088,0.012,0.900
681000,0.140,0.000,0.861
681500,0.118,0.011,0.870
682000,0.096,0.016,0.888
682500,0.093,0.013,0.894
683000,0.087,0.009,0.904
683500,0.092,0.007,0.901
684000,0.093,0.004,0.903
684500,0.101,0.008,0.891
685000,0.096,0.007,0.897
685500,0.101,0.001,0.899
686000,0.110,0.000,0.890
686500,0.088,0.005,0.906
687000,0.116,0.003,0.881
687500,0.126,0.000,0.875
688000,0.129,0.002,0.869
688500,0.134,0.001,0.866
689000,0.116,0.001,0.883
689500,0.086,0.002,0.913
690000,0.104,0.018,0.877
690500,0.093,0.006,0.900
691000,0.069,0.004,0.927
691500,0.079,0.017,0.904
692000,0.096,0.013,0.892
692500,0.125,0.002,0.873
693000,0.117,0.001,0.883
693500,0.122,0.005,0.872
694000,0.107,0.002,0.890
694500,0.142,0.000,0.858
695000,0.138,0.000,0.862
695500,0.102,0.000,0.898
696000,0.099,0.019,0.882
696500,0.114,0.002,0.885
697000,0.128,0.010,0.862
697500,0.084,0.025,0.891
698000,0.081,0.008,0.911
698500,0.100,0.004,0.896
699000,0.091,0.005,0.903
699500,0.073,0.016,0.911
700000,0.108,0.003,0.888
700500,0.122,0.002,0.876
701000,0.129,0.008,0.863
701500,0.099,0.006,0.895
702000,0.098,0.005,0.897
702500,0.089,0.005,0.905
703000,0.099,0.030,0.871
703500,0.099,0.012,0.889
704000,0.105,0.001,0.894
704500,0.137,0.000,0.863
705000,0.101,0.008,0.891
705500,0.117,0.001,0.882
706000,0.115,0.004,0.882
706500,0.101,0.000,0.899
707000,0.115,0.005,0.880
707500,0.082,0.010,0.908
708000,0.095,0.004,0.901
708500,0.103,0.007,0.889
709000,0.084,0.004,0.912
709500,0.101,0.007,0.892
710000,0.103,0.000,0.897
710500,0.106,0.000,0.894
711000,0.123,0.006,0.871
711500,0.137,0.001,0.862
712000,0.102,0.004,0.894
712500,0.068,0.018,0.914
713000,0.122,0.004,0.873
713500,0.110,0.000,0.890
714000,0.104,0.000,0.895
714500,0.101,0.000,0.899
715000,0.111,0.000,0.889
715500,0.117,0.000,0.883
716000,0.094,0.005,0.901
716500,0.134,0.004,0.863
717000,0.108,0.001,0.892
717500,0.116,0.002,0.883
718000,0.140,0.005,0.855
718500,0.121,0.002,0.878
719000,0.104,0.001,0.896
719500,0.080,0.013,0.907
720000,0.093,0.004,0.902
720500,0.084,0.004,0.912
721000,0.080,0.001,0.920
721500,0.095,0.003,0.902
722000,0.110,0.017,0.874
722500,0.122,0.009,0.868
723000,0.114,0.004,0.883
723500,0.092,0.006,0.902
724000,0.123,0.009,0.867
724500,0.121,0.003,0.876
725000,0.095,0.006,0.899
725500,0.077,0.011,0.911
726000,0.082,0.007,0.911
726500,0.087,0.018,0.896
727000,0.076,0.013,0.911
727500,0.091,0.007,0.902
728000,0.093,0.000,0.906
728500,0.114,0.000,0.886
729000,0.122,0.003,0.875
729500,0.117,0.001,0.882
730000,0.127,0.000,0.873
730500,0.088,0.007,0.905
731000,0.080,0.011,0.909
731500,0.098,0.013,0.890
732000,0.073,0.026,0.900
732500,0.088,0.006,0.905
733000,0.065,0.011,0.924
733500,0.077,0.004,0.919
734000,0.098,0.005,0.897
734500,0.113,0.011,0.877
735000,0.093,0.004,0.903
735500,0.074,0.004,0.923
736000,0.108,0.009,0.882
736500,0.105,0.004,0.891
737000,0.106,0.004,0.889
737500,0.117,0.000,0.883
738000,0.135,0.005,0.860
738500,0.093,0.008,0.898
739000,0.100,0.004,0.897
739500,0.082,0.008,0.910
740000,0.108,0.008,0.883
740500,0.090,0.005,0.905
741000,0.086,0.003,0.911
741500,0.123,0.003,0.875
742000,0.098,0.016,0.886
742500,0.119,0.009,0.871
743000,0.068,0.014,0.918
743500,0.086,0.009,0.905
744000,0.108,0.009,0.883
744500,0.135,0.007,0.858
745000,0.086,0.005,0.909
745500,0.101,0.001,0.899
746000,0.103,0.002,0.894
746500,0.082,0.000,0.918
747000,0.107,0.003,0.890
747500,0.128,0.000,0.872
748000,0.089,0.006,0.904
748500,0.107,0.009,0.884
749000,0.080,0.015,0.905
749500,0.102,0.018,0.880
750000,0.101,0.019,0.880
750500,0.092,0.005,0.903
751000,0.121,0.000,0.879
751500,0.152,0.000,0.848
752000,0.100,0.000,0.900
752500,0.118,0.007,0.874
753000,0.090,0.002,0.907
753500,0.087,0.009,0.904
754000,0.120,0.001,0.879
754500,0.115,0.002,0.884
755000,0.089,0.009,0.901
755500,0.105,0.005,0.889
756000,0.099,0.002,0.900
756500,0.102,0.015,0.883
757000,0.137,0.002,0.862
757500,0.097,0.002,0.902
758000,0.110,0.001,0.890
758500,0.083,0.011,0.906
759000,0.111,0.002,0.888
759500,0.128,0.002,0.871
760000,0.076,0.005,0.918
760500,0.091,0.011,0.898
761000,0.117,0.002,0.881
761500,0.098,0.003,0.899
762000,0.085,0.015,0.901
762500,0.096,0.009,0.896
763000,0.095,0.006,0.899
763500,0.120,0.011,0.870
764000,0.100,0.009,0.891
764500,0.091,0.006,0.902
765000,0.099,0.002,0.900
765500,0.116,0.004,0.881
766000,0.105,0.003,0.892
766500,0.105,0.009,0.886
767000,0.115,0.011,0.875
767500,0.095,0.005,0.900
768000,0.082,0.018,0.901
768500,0.104,0.001,0.895
769000,0.116,0.001,0.883
769500,0.106,0.002,0.892
770000,0.088,0.006,0.905
770500,0.095,0.011,0.894
771000,0.076,0.004,0.919
771500,0.086,0.004,0.911
772000,0.099,0.003,0.899
772500,0.080,0.004,0.916
773000,0.089,0.004,0.907
773500,0.138,0.001,0.862
774000,0.121,0.000,0.879
774500,0.103,0.009,0.887
775000,0.095,0.009,0.897
775500,0.090,0.008,0.901
776000,0.106,0.014,0.879
776500,0.083,0.004,0.914
777000,0.080,0.010,0.910
777500,0.117,0.004,0.880
778000,0.089,0.003,0.907
778500,0.089,0.018,0.892
779000,0.110,0.009,0.881
779500,0.100,0.007,0.893
780000,0.111,0.013,0.876
780500,0.077,0.005,0.917
781000,0.083,0.004,0.913
781500,0.120,0.002,0.877
782000,0.122,0.000,0.877
782500,0.106,0.002,0.893
783000,0.095,0.008,0.897
783500,0.075,0.015,0.911
784000,0.086,0.018,0.896
784500,0.113,0.003,0.885
785000,0.091,0.011,0.898
785500,0.105,0.010,0.884
786000,0.083,0.004,0.914
786500,0.140,0.001,0.860
787000,0.122,0.000,0.878
787500,0.110,0.003,0.887
788000,0.087,0.021,0.893
788500,0.084,0.008,0.908
789000,0.118,0.009,0.873
789500,0.091,0.009,0.900
790000,0.102,0.005,0.892
790500,0.100,0.004,0.896
791000,0.100,0.024,0.877
791500,0.132,0.006,0.862
792000,0.097,0.003,0.900
792500,0.076,0.015,0.909
793000,0.114,0.009,0.877
793500,0.092,0.013,0.895
794000,0.093,0.005,0.902
794500,0.089,0.018,0.894
795000,0.092,0.002,0.907
795500,0.078,0.003,0.919
796000,0.107,0.003,0.890
796500,0.086,0.010,0.904
797000,0.101,0.010,0.889
797500,0.098,0.002,0.900
798000,0.143,0.001,0.856
798500,0.099,0.000,0.901
799000,0.104,0.006,0.889
799500,0.070,0.002,0.927
800000,0.127,0.002,0.872
800500,0.104,0.011,0.885
801000,0.068,0.003,0.929
801500,0.108,0.009,0.882
802000,0.117,0.000,0.883
802500,0.093,0.000,0.907
803000,0.118,0.006,0.875
803500,0.096,0.028,0.877
804000,0.087,0.017,0.896
804500,0.128,0.000,0.873
805000,0.096,0.009,0.895
805500,0.083,0.015,0.902
806000,0.117,0.000,0.883
806500,0.115,0.001,0.885
807000,0.105,0.006,0.888
807500,0.115,0.006,0.879
808000,0.092,0.009,0.898
808500,0.112,0.001,0.888
809000,0.101,0.001,0.898
809500,0.102,0.013,0.885
810000,0.089,0.012,0.899
810500,0.081,0.013,0.906
811000,0.082,0.017,0.901
811500,0.085,0.002,0.913
812000,0.085,0.018,0.897
812500,0.086,0.007,0.906
813000,0.108,0.009,0.882
813500,0.078,0.009,0.913
814000,0.089,0.002,0.908
814500,0.126,0.002,0.873
815000,0.109,0.001,0.891
815500,0.112,0.009,0.879
816000,0.106,0.001,0.894
816500,0.113,0.009,0.878
817000,0.098,0.001,0.902
817500,0.118,0.000,0.881
818000,0.093,0.000,0.907
818500,0.108,0.000,0.891
819000,0.133,0.000,0.867
819500,0.095,0.003,0.903
820000,0.095,0.013,0.893
820500,0.105,0.006,0.888
821000,0.092,0.009,0.899
821500,0.102,0.004,0.894
822000,0.107,0.013,0.881
822500,0.116,0.013,0.871
823000,0.109,0.008,0.883
823500,0.086,0.001,0.913
824000,0.088,0.000,0.911
824500,0.080,0.013,0.907
825000,0.094,0.003,0.904
825500,0.099,0.009,0.892
826000,0.117,0.004,0.879
826500,0.122,0.000,0.878
827000,0.116,0.009,0.875
827500,0.127,0.009,0.864
828000,0.126,0.009,0.866
828500,0.108,0.002,0.891
829000,0.090,0.009,0.900
829500,0.114,0.003,0.883
830000,0.132,0.001,0.867
830500,0.073,0.000,0.926
831000,0.107,0.009,0.884
831500,0.079,0.015,0.906
832000,0.079,0.023,0.898
832500,0.123,0.001,0.876
833000,0.117,0.003,0.880
833500,0.105,0.000,0.894
834000,0.104,0.006,0.889
834500,0.107,0.009,0.884
835000,0.095,0.006,0.899
835500,0.106,0.000,0.893
836000,0.070,0.015,0.914
836500,0.069,0.024,0.907
837000,0.110,0.001,0.890
837500,0.102,0.000,0.898
838000,0.106,0.004,0.889
838500,0.114,0.001,0.886
839000,0.095,0.002,0.903
839500,0.124,0.005,0.871
840000,0.136,0.001,0.864
840500,0.120,0.006,0.874
841000,0.099,0.014,0.887
841500,0.102,0.002,0.896
842000,0.144,0.000,0.856
842500,0.114,0.000,0.886
843000,0.110,0.000,0.890
843500,0.108,0.003,0.890
844000,0.082,0.018,0.900
844500,0.081,0.002,0.917
845000,0.094,0.004,0.902
845500,0.101,0.007,0.892
846000,0.078,0.009,0.914
846500,0.072,0.005,0.923
847000,0.110,0.006,0.884
847500,0.110,0.009,0.881
848000,0.108,0.005,0.887
848500,0.108,0.013,0.880
849000,0.080,0.021,0.899
849500,0.072,0.011,0.917
850000,0.115,0.007,0.878
850500,0.109,0.007,0.884
851000,0.100,0.004,0.897
851500,0.087,0.009,0.904
852000,0.140,0.007,0.854
852500,0.105,0.011,0.884
853000,0.115,0.004,0.882
853500,0.080,0.011,0.909
854000,0.129,0.009,0.862
854500,0.096,0.018,0.886
855000,0.085,0.003,0.912
855500,0.098,0.001,0.902
856000,0.108,0.004,0.888
856500,0.105,0.009,0.885
857000,0.111,0.023,0.866
857500,0.113,0.005,0.882
858000,0.120,0.003,0.878
858500,0.087,0.000,0.913
859000,0.079,0.000,0.921
859500,0.087,0.000,0.912
860000,0.101,0.003,0.896
860500,0.099,0.011,0.890
861000,0.082,0.019,0.899
861500,0.106,0.005,0.889
862000,0.124,0.001,0.876
862500,0.114,0.004,0.883
863000,0.115,0.006,0.879
863500,0.112,0.008,0.880
864000,0.114,0.004,0.883
864500,0.138,0.000,0.862
865000,0.128,0.003,0.870
865500,0.115,0.001,0.885
866000,0.113,0.000,0.887
866500,0.088,0.006,0.905
867000,0.143,0.001,0.857
867500,0.138,0.000,0.863
868000,0.136,0.007,0.857
868500,0.093,0.015,0.891
869000,0.106,0.005,0.888
869500,0.118,0.002,0.880
870000,0.126,0.007,0.868
870500,0.120,0.016,0.863
871000,0.100,0.000,0.900
871500,0.093,0.004,0.904
872000,0.101,0.013,0.886
872500,0.102,0.015,0.882
873000,0.119,0.005,0.876
873500,0.092,0.006,0.902
874000,0.074,0.029,0.898
874500,0.118,0.015,0.867
875000,0.111,0.005,0.884
875500,0.072,0.011,0.917
876000,0.087,0.023,0.889
876500,0.092,0.018,0.889
877000,0.098,0.007,0.895
877500,0.068,0.018,0.914
878000,0.097,0.007,0.896
878500,0.116,0.004,0.880
879000,0.103,0.000,0.896
879500,0.129,0.000,0.871
880000,0.154,0.000,0.846
880500,0.088,0.016,0.895
881000,0.108,0.007,0.884
881500,0.108,0.004,0.887
882000,0.100,0.001,0.899
882500,0.108,0.002,0.890
883000,0.104,0.004,0.892
883500,0.091,0.008,0.901
884000,0.098,0.011,0.892
884500,0.101,0.005,0.894
885000,0.110,0.013,0.878
885500,0.086,0.012,0.902
886000,0.108,0.022,0.870
886500,0.092,0.003,0.906
887000,0.091,0.004,0.904
887500,0.087,0.006,0.906
888000,0.080,0.015,0.905
888500,0.087,0.006,0.906
889000,0.098,0.001,0.902
889500,0.085,0.008,0.907
890000,0.095,0.004,0.902
890500,0.090,0.004,0.905
891000,0.152,0.004,0.844
891500,0.108,0.001,0.891
892000,0.084,0.017,0.900
892500,0.123,0.002,0.876
893000,0.102,0.000,0.898
893500,0.092,0.002,0.907
894000,0.095,0.018,0.888
894500,0.119,0.006,0.875
895000,0.084,0.001,0.916
895500,0.108,0.000,0.891
896000,0.116,0.004,0.881
896500,0.123,0.004,0.873
897000,0.084,0.001,0.915
897500,0.108,0.007,0.884
898000,0.095,0.010,0.895
898500,0.122,0.001,0.877
899000,0.126,0.009,0.866
899500,0.115,0.006,0.879
900000,0.110,0.008,0.882
900500,0.090,0.005,0.904
901000,0.105,0.001,0.893
901500,0.086,0.004,0.910
902000,0.082,0.022,0.896
902500,0.093,0.005,0.901
903000,0.127,0.002,0.872
903500,0.162,0.001,0.837
904000,0.108,0.000,0.891
904500,0.080,0.006,0.914
905000,0.098,0.009,0.893
905500,0.091,0.006,0.903
906000,0.110,0.001,0.890
906500,0.106,0.000,0.894
907000,0.111,0.015,0.875
907500,0.107,0.003,0.891
908000,0.106,0.004,0.890
908500,0.092,0.019,0.888
909000,0.106,0.003,0.890
909500,0.121,0.003,0.876
910000,0.119,0.002,0.879
910500,0.126,0.001,0.873
911000,0.105,0.000,0.894
911500,0.101,0.013,0.887
912000,0.084,0.023,0.893
912500,0.100,0.019,0.881
913000,0.099,0.003,0.898
913500,0.089,0.000,0.910
914000,0.080,0.001,0.919
914500,0.090,0.009,0.900
915000,0.102,0.003,0.894
915500,0.142,0.009,0.849
916000,0.098,0.005,0.897
916500,0.114,0.009,0.877
917000,0.108,0.005,0.886
917500,0.092,0.008,0.899
918000,0.128,0.009,0.863
918500,0.075,0.007,0.917
919000,0.074,0.016,0.910
919500,0.103,0.001,0.896
920000,0.131,0.004,0.865
920500,0.098,0.021,0.882
921000,0.097,0.010,0.893
921500,0.110,0.006,0.884
922000,0.090,0.011,0.898
922500,0.089,0.001,0.911
923000,0.083,0.007,0.910
923500,0.086,0.004,0.910
924000,0.071,0.017,0.912
924500,0.090,0.013,0.897
925000,0.102,0.003,0.895
925500,0.100,0.001,0.900
926000,0.105,0.002,0.894
926500,0.119,0.003,0.879
927000,0.111,0.000,0.889
927500,0.126,0.000,0.875
928000,0.111,0.012,0.877
928500,0.129,0.013,0.858
929000,0.121,0.004,0.874
929500,0.117,0.004,0.879
930000,0.075,0.010,0.915
930500,0.080,0.032,0.888
931000,0.081,0.004,0.915
931500,0.151,0.006,0.843
932000,0.117,0.000,0.883
932500,0.099,0.002,0.900
933000,0.085,0.000,0.915
933500,0.089,0.004,0.907
934000,0.122,0.002,0.875
934500,0.117,0.000,0.883
935000,0.139,0.004,0.857
935500,0.115,0.000,0.885
936000,0.103,0.009,0.887
936500,0.112,0.000,0.888
937000,0.107,0.003,0.889
937500,0.121,0.002,0.878
938000,0.096,0.006,0.898
938500,0.087,0.017,0.896
939000,0.087,0.003,0.910
939500,0.078,0.009,0.913
940000,0.097,0.003,0.901
940500,0.123,0.000,0.877
941000,0.105,0.000,0.894
941500,0.108,0.009,0.882
942000,0.114,0.005,0.881
942500,0.100,0.007,0.893
943000,0.085,0.012,0.903
943500,0.103,0.017,0.879
944000,0.135,0.002,0.864
944500,0.135,0.000,0.865
945000,0.126,0.000,0.875
945500,0.101,0.000,0.899
946000,0.078,0.009,0.913
946500,0.128,0.001,0.872
947000,0.097,0.008,0.895
947500,0.125,0.001,0.874
948000,0.124,0.001,0.875
948500,0.102,0.013,0.884
949000,0.092,0.007,0.901
949500,0.106,0.002,0.892
950000,0.127,0.000,0.873
950500,0.093,0.006,0.901
951000,0.076,0.011,0.913
951500,0.100,0.012,0.888
952000,0.095,0.001,0.905
952500,0.113,0.003,0.885
953000,0.097,0.000,0.903
953500,0.107,0.007,0.886
954000,0.108,0.000,0.891
954500,0.146,0.000,0.854
955000,0.100,0.000,0.900
955500,0.090,0.018,0.893
956000,0.118,0.013,0.869
956500,0.101,0.011,0.888
957000,0.100,0.007,0.893
957500,0.110,0.006,0.884
958000,0.111,0.002,0.887
958500,0.118,0.002,0.879
959000,0.091,0.015,0.893
959500,0.098,0.009,0.893
960000,0.125,0.000,0.875
960500,0.102,0.001,0.898
961000,0.070,0.008,0.921
961500,0.095,0.014,0.891
962000,0.096,0.015,0.890
962500,0.114,0.002,0.884
963000,0.125,0.009,0.866
963500,0.085,0.005,0.910
964000,0.083,0.003,0.915
964500,0.140,0.002,0.859
965000,0.080,0.013,0.908
965500,0.089,0.012,0.898
966000,0.126,0.009,0.865
966500,0.121,0.001,0.878
967000,0.095,0.001,0.905
967500,0.124,0.000,0.876
968000,0.106,0.000,0.894
968500,0.107,0.000,0.893
969000,0.086,0.008,0.905
969500,0.095,0.011,0.894
970000,0.092,0.006,0.901
970500,0.087,0.005,0.907
971000,0.082,0.015,0.903
971500,0.094,0.011,0.896
972000,0.080,0.004,0.916
972500,0.086,0.000,0.914
973000,0.072,0.010,0.917
973500,0.111,0.006,0.883
974000,0.131,0.003,0.867
974500,0.121,0.001,0.878
975000,0.111,0.016,0.873
975500,0.097,0.012,0.891
976000,0.112,0.003,0.886
976500,0.086,0.006,0.907
977000,0.112,0.013,0.876
977500,0.107,0.001,0.893
978000,0.088,0.004,0.909
978500,0.073,0.007,0.919
979000,0.081,0.011,0.908
979500,0.104,0.001,0.896
980000,0.113,0.000,0.887
980500,0.073,0.007,0.919
981000,0.084,0.009,0.907
981500,0.118,0.001,0.881
982000,0.103,0.004,0.893
982500,0.134,0.001,0.866
983000,0.067,0.003,0.930
983500,0.128,0.001,0.872
984000,0.142,0.000,0.858
984500,0.122,0.003,0.875
985000,0.095,0.002,0.904
985500,0.118,0.001,0.880
986000,0.101,0.003,0.897
986500,0.100,0.007,0.893
987000,0.103,0.006,0.891
987500,0.086,0.006,0.908
988000,0.123,0.003,0.874
988500,0.101,0.001,0.898
989000,0.104,0.000,0.896
989500,0.091,0.017,0.891
990000,0.092,0.004,0.905
990500,0.132,0.001,0.868
991000,0.117,0.011,0.873
991500,0.079,0.001,0.920
992000,0.105,0.006,0.888
992500,0.098,0.021,0.881
993000,0.106,0.002,0.891
993500,0.099,0.006,0.895
994000,0.117,0.006,0.877
994500,0.093,0.004,0.902
995000,0.097,0.005,0.898
995500,0.083,0.001,0.917
996000,0.093,0.013,0.894
996500,0.110,0.004,0.886
997000,0.106,0.002,0.891
997500,0.106,0.001,0.893
998000,0.089,0.003,0.908
998500,0.078,0.000,0.922
999000,0.097,0.017,0.886
999500,0.124,0.018,0.859
1000000,0.088,0.006,0.906
