time,n_A+p,n_B,n_AB
500,0.080,0.733,0.188
1000,0.080,0.458,0.462
1500,0.080,0.284,0.636
2000,0.116,0.161,0.724
2500,0.119,0.107,0.773
3000,0.192,0.065,0.743
3500,0.274,0.022,0.704
4000,0.320,0.013,0.666
4500,0.370,0.004,0.626
5000,0.411,0.001,0.588
5500,0.443,0.000,0.557
6000,0.454,0.000,0.546
6500,0.411,0.000,0.589
7000,0.444,0.000,0.556
7500,0.427,0.000,0.573
8000,0.440,0.000,0.560
8500,0.420,0.001,0.579
9000,0.413,0.000,0.587
9500,0.400,0.000,0.600
10000,0.356,0.000,0.644
10500,0.377,0.004,0.619
11000,0.357,0.001,0.642
11500,0.380,0.001,0.620
12000,0.401,0.000,0.599
12500,0.420,0.000,0.580
13000,0.391,0.000,0.609
13500,0.383,0.000,0.617
14000,0.422,0.000,0.578
14500,0.456,0.000,0.544
15000,0.447,0.000,0.553
15500,0.437,0.000,0.563
16000,0.429,0.004,0.568
16500,0.435,0.000,0.565
17000,0.468,0.000,0.532
17500,0.425,0.000,0.575
18000,0.408,0.000,0.592
18500,0.441,0.000,0.559
19000,0.438,0.000,0.562
19500,0.498,0.000,0.502
20000,0.485,0.000,0.514
20500,0.481,0.001,0.519
21000,0.448,0.001,0.552
21500,0.433,0.002,0.565
22000,0.431,0.004,0.564
22500,0.379,0.000,0.621
23000,0.389,0.000,0.611
23500,0.473,0.002,0.525
24000,0.470,0.001,0.529
24500,0.463,0.000,0.537
25000,0.432,0.000,0.568
25500,0.447,0.000,0.553
26000,0.418,0.000,0.582
26500,0.415,0.000,0.585
27000,0.397,0.000,0.603
27500,0.373,0.000,0.627
28000,0.420,0.000,0.580
28500,0.383,0.000,0.617
29000,0.423,0.000,0.577
29500,0.408,0.000,0.592
30000,0.409,0.003,0.588
30500,0.378,0.001,0.622
31000,0.375,0.000,0.625
31500,0.424,0.000,0.576
32000,0.416,0.002,0.582
32500,0.427,0.003,0.570
33000,0.426,0.002,0.572
33500,0.365,0.000,0.635
34000,0.363,0.000,0.637
34500,0.371,0.000,0.629
35000,0.396,0.002,0.603
35500,0.436,0.000,0.564
36000,0.401,0.000,0.599
36500,0.403,0.000,0.597
37000,0.442,0.004,0.554
37500,0.459,0.002,0.539
38000,0.389,0.000,0.611
38500,0.411,0.000,0.589
39000,0.367,0.000,0.633
39500,0.388,0.000,0.612
40000,0.398,0.000,0.602
40500,0.411,0.000,0.589
41000,0.396,0.000,0.604
41500,0.488,0.000,0.512
42000,0.462,0.003,0.535
42500,0.447,0.001,0.552
43000,0.423,0.000,0.577
43500,0.439,0.003,0.558
44000,0.443,0.000,0.557
44500,0.438,0.000,0.562
45000,0.405,0.000,0.595
45500,0.404,0.000,0.596
46000,0.458,0.000,0.542
46500,0.439,0.001,0.560
47000,0.469,0.001,0.531
47500,0.470,0.000,0.530
48000,0.421,0.000,0.579
48500,0.437,0.000,0.563
49000,0.452,0.000,0.548
49500,0.424,0.000,0.576
50000,0.462,0.003,0.535
50500,0.452,0.001,0.548
51000,0.430,0.001,0.570
51500,0.469,0.001,0.530
52000,0.448,0.000,0.552
52500,0.436,0.000,0.564
53000,0.451,0.001,0.548
53500,0.491,0.000,0.509
54000,0.413,0.000,0.587
54500,0.397,0.000,0.603
55000,0.413,0.000,0.587
55500,0.401,0.000,0.599
56000,0.431,0.000,0.569
56500,0.415,0.000,0.585
57000,0.378,0.000,0.622
57500,0.406,0.002,0.592
58000,0.389,0.004,0.608
58500,0.417,0.004,0.580
59000,0.380,0.003,0.618
59500,0.399,0.001,0.601
60000,0.388,0.000,0.613
60500,0.408,0.000,0.592
61000,0.392,0.004,0.604
61500,0.408,0.002,0.591
62000,0.379,0.001,0.621
62500,0.413,0.001,0.586
63000,0.397,0.000,0.603
63500,0.426,0.000,0.574
64000,0.331,0.004,0.666
64500,0.361,0.001,0.639
65000,0.371,0.000,0.629
65500,0.347,0.000,0.653
66000,0.371,0.007,0.622
66500,0.379,0.004,0.618
67000,0.388,0.001,0.611
67500,0.419,0.000,0.581
68000,0.418,0.004,0.579
68500,0.397,0.000,0.603
69000,0.365,0.000,0.635
69500,0.416,0.000,0.584
70000,0.399,0.000,0.601
70500,0.389,0.001,0.610
71000,0.351,0.003,0.646
71500,0.350,0.001,0.648
72000,0.364,0.000,0.635
72500,0.394,0.000,0.606
73000,0.341,0.000,0.659
73500,0.349,0.002,0.649
74000,0.361,0.001,0.638
74500,0.352,0.003,0.645
75000,0.351,0.001,0.648
75500,0.387,0.000,0.613
76000,0.378,0.000,0.623
76500,0.367,0.005,0.628
77000,0.330,0.003,0.667
77500,0.338,0.002,0.660
78000,0.383,0.003,0.614
78500,0.412,0.003,0.586
79000,0.415,0.001,0.584
79500,0.364,0.003,0.633
80000,0.404,0.000,0.596
80500,0.426,0.003,0.571
81000,0.375,0.000,0.625
81500,0.385,0.000,0.615
82000,0.389,0.000,0.611
82500,0.436,0.002,0.561
83000,0.413,0.003,0.584
83500,0.442,0.000,0.558
84000,0.453,0.000,0.547
84500,0.438,0.000,0.562
85000,0.460,0.001,0.539
85500,0.398,0.002,0.601
86000,0.413,0.004,0.583
86500,0.420,0.000,0.580
87000,0.369,0.000,0.631
87500,0.387,0.004,0.609
88000,0.383,0.001,0.616
88500,0.422,0.000,0.578
89000,0.414,0.000,0.586
89500,0.383,0.003,0.615
90000,0.367,0.005,0.628
90500,0.417,0.001,0.582
91000,0.420,0.000,0.580
91500,0.407,0.000,0.593
92000,0.371,0.000,0.629
92500,0.418,0.001,0.581
93000,0.458,0.000,0.542
93500,0.430,0.000,0.570
94000,0.405,0.000,0.595
94500,0.378,0.003,0.620
95000,0.363,0.000,0.637
95500,0.378,0.004,0.618
96000,0.394,0.003,0.604
96500,0.384,0.001,0.616
97000,0.400,0.003,0.597
97500,0.393,0.002,0.606
98000,0.423,0.001,0.577
98500,0.412,0.000,0.588
99000,0.396,0.000,0.604
99500,0.394,0.000,0.606
100000,0.389,0.005,0.606
100500,0.395,0.002,0.604
101000,0.414,0.001,0.585
101500,0.410,0.000,0.590
102000,0.415,0.000,0.585
102500,0.396,0.007,0.597
103000,0.436,0.002,0.563
103500,0.418,0.001,0.581
104000,0.400,0.000,0.601
104500,0.424,0.002,0.575
105000,0.439,0.000,0.561
105500,0.442,0.000,0.558
106000,0.403,0.000,0.597
106500,0.367,0.000,0.633
107000,0.434,0.003,0.564
107500,0.457,0.000,0.543
108000,0.403,0.000,0.597
108500,0.388,0.006,0.606
109000,0.396,0.003,0.602
109500,0.457,0.002,0.541
110000,0.425,0.001,0.574
110500,0.429,0.000,0.571
111000,0.457,0.000,0.543
111500,0.420,0.000,0.580
112000,0.416,0.000,0.584
112500,0.399,0.001,0.600
113000,0.389,0.000,0.611
113500,0.388,0.000,0.612
114000,0.369,0.000,0.631
114500,0.383,0.005,0.612
115000,0.408,0.001,0.591
115500,0.376,0.005,0.619
116000,0.389,0.002,0.610
116500,0.372,0.001,0.628
117000,0.409,0.000,0.591
117500,0.477,0.000,0.522
118000,0.456,0.000,0.544
118500,0.440,0.000,0.560
119000,0.412,0.000,0.588
119500,0.419,0.000,0.581
120000,0.399,0.002,0.600
120500,0.373,0.001,0.627
121000,0.376,0.000,0.624
121500,0.383,0.000,0.617
122000,0.434,0.001,0.565
122500,0.427,0.001,0.573
123000,0.414,0.000,0.586
123500,0.426,0.000,0.574
124000,0.388,0.000,0.612
124500,0.367,0.003,0.631
125000,0.412,0.001,0.587
125500,0.428,0.003,0.569
126000,0.417,0.001,0.582
126500,0.406,0.004,0.591
127000,0.399,0.003,0.599
127500,0.411,0.000,0.589
128000,0.368,0.000,0.632
128500,0.401,0.003,0.597
129000,0.385,0.002,0.613
129500,0.400,0.002,0.599
130000,0.386,0.001,0.614
130500,0.392,0.000,0.609
131000,0.428,0.003,0.570
131500,0.407,0.000,0.593
132000,0.414,0.000,0.586
132500,0.408,0.000,0.592
133000,0.424,0.000,0.576
133500,0.410,0.004,0.586
134000,0.414,0.002,0.585
134500,0.393,0.000,0.607
135000,0.346,0.001,0.652
135500,0.359,0.004,0.637
136000,0.378,0.003,0.620
136500,0.387,0.003,0.611
137000,0.399,0.001,0.601
137500,0.404,0.000,0.597
138000,0.380,0.000,0.621
138500,0.372,0.003,0.625
139000,0.444,0.001,0.556
139500,0.462,0.001,0.538
140000,0.426,0.001,0.574
140500,0.427,0.000,0.573
141000,0.433,0.000,0.567
141500,0.389,0.002,0.609
142000,0.404,0.004,0.593
142500,0.400,0.004,0.596
143000,0.422,0.001,0.578
143500,0.420,0.000,0.580
144000,0.410,0.000,0.590
144500,0.390,0.000,0.610
145000,0.388,0.000,0.613
145500,0.413,0.000,0.587
146000,0.365,0.005,0.630
146500,0.409,0.002,0.589
147000,0.434,0.001,0.565
147500,0.403,0.000,0.597
148000,0.403,0.000,0.597
148500,0.410,0.000,0.590
149000,0.408,0.000,0.592
149500,0.419,0.000,0.581
150000,0.433,0.000,0.567
150500,0.439,0.000,0.561
151000,0.400,0.000,0.600
151500,0.381,0.000,0.619
152000,0.402,0.002,0.596
152500,0.395,0.003,0.603
153000,0.398,0.000,0.602
153500,0.376,0.000,0.624
154000,0.428,0.000,0.572
154500,0.428,0.000,0.572
155000,0.429,0.000,0.571
155500,0.439,0.000,0.561
156000,0.431,0.000,0.569
156500,0.424,0.000,0.576
157000,0.426,0.000,0.574
157500,0.417,0.002,0.581
158000,0.444,0.000,0.556
158500,0.469,0.000,0.530
159000,0.417,0.000,0.583
159500,0.413,0.000,0.587
160000,0.456,0.000,0.544
160500,0.423,0.000,0.577
161000,0.409,0.000,0.591
161500,0.431,0.000,0.569
162000,0.394,0.000,0.606
162500,0.439,0.000,0.561
163000,0.443,0.000,0.557
163500,0.448,0.000,0.552
164000,0.459,0.000,0.541
164500,0.394,0.000,0.607
165000,0.416,0.000,0.584
165500,0.370,0.000,0.629
166000,0.403,0.000,0.597
166500,0.371,0.000,0.629
167000,0.368,0.001,0.631
167500,0.406,0.000,0.594
168000,0.410,0.000,0.590
168500,0.384,0.000,0.617
169000,0.364,0.000,0.636
169500,0.364,0.005,0.631
170000,0.423,0.005,0.572
170500,0.442,0.001,0.558
171000,0.417,0.000,0.583
171500,0.422,0.000,0.578
172000,0.445,0.000,0.555
172500,0.425,0.000,0.575
173000,0.397,0.007,0.596
173500,0.412,0.003,0.585
174000,0.409,0.000,0.591
174500,0.469,0.000,0.531
175000,0.473,0.000,0.526
175500,0.433,0.000,0.567
176000,0.452,0.000,0.548
176500,0.436,0.000,0.564
177000,0.409,0.000,0.591
177500,0.439,0.002,0.559
178000,0.442,0.000,0.558
178500,0.484,0.000,0.516
179000,0.488,0.000,0.512
179500,0.491,0.003,0.505
180000,0.496,0.000,0.504
180500,0.505,0.000,0.495
181000,0.475,0.000,0.525
181500,0.458,0.000,0.542
182000,0.449,0.000,0.551
182500,0.445,0.000,0.555
183000,0.417,0.000,0.583
183500,0.443,0.000,0.557
184000,0.403,0.000,0.597
184500,0.397,0.000,0.603
185000,0.412,0.000,0.588
185500,0.419,0.000,0.581
186000,0.424,0.000,0.576
186500,0.403,0.000,0.597
187000,0.422,0.000,0.578
187500,0.347,0.000,0.653
188000,0.405,0.004,0.591
188500,0.382,0.002,0.617
189000,0.365,0.001,0.634
189500,0.403,0.001,0.596
190000,0.439,0.000,0.561
190500,0.465,0.000,0.535
191000,0.383,0.000,0.617
191500,0.395,0.000,0.605
192000,0.372,0.000,0.627
192500,0.335,0.000,0.665
193000,0.327,0.006,0.667
193500,0.318,0.009,0.673
194000,0.370,0.003,0.627
194500,0.411,0.001,0.588
195000,0.468,0.000,0.532
195500,0.451,0.000,0.549
196000,0.468,0.000,0.532
196500,0.436,0.000,0.564
197000,0.433,0.000,0.567
197500,0.432,0.000,0.568
198000,0.434,0.000,0.566
198500,0.409,0.000,0.591
199000,0.470,0.000,0.530
199500,0.459,0.000,0.541
200000,0.502,0.000,0.498
200500,0.467,0.000,0.533
201000,0.423,0.000,0.577
201500,0.390,0.000,0.611
202000,0.400,0.008,0.593
202500,0.384,0.003,0.614
203000,0.361,0.004,0.635
203500,0.374,0.001,0.625
204000,0.399,0.000,0.601
204500,0.402,0.000,0.599
205000,0.393,0.000,0.607
205500,0.411,0.000,0.589
206000,0.422,0.001,0.577
206500,0.344,0.001,0.656
207000,0.398,0.003,0.599
207500,0.414,0.003,0.583
208000,0.421,0.001,0.578
208500,0.418,0.002,0.580
209000,0.382,0.002,0.616
209500,0.418,0.004,0.579
210000,0.458,0.001,0.542
210500,0.412,0.000,0.588
211000,0.393,0.000,0.607
211500,0.426,0.000,0.574
212000,0.453,0.000,0.547
212500,0.439,0.000,0.561
213000,0.472,0.000,0.528
213500,0.427,0.000,0.573
214000,0.434,0.000,0.566
214500,0.466,0.000,0.534
215000,0.436,0.000,0.564
215500,0.416,0.002,0.583
216000,0.410,0.001,0.590
216500,0.418,0.000,0.582
217000,0.392,0.000,0.608
217500,0.400,0.000,0.600
218000,0.377,0.003,0.621
218500,0.413,0.001,0.586
219000,0.403,0.000,0.597
219500,0.436,0.000,0.564
220000,0.382,0.000,0.618
220500,0.441,0.000,0.559
221000,0.448,0.001,0.551
221500,0.431,0.005,0.563
222000,0.400,0.003,0.598
222500,0.418,0.003,0.580
223000,0.407,0.000,0.593
223500,0.399,0.000,0.601
224000,0.486,0.002,0.513
224500,0.465,0.004,0.531
225000,0.420,0.001,0.580
225500,0.410,0.000,0.590
226000,0.426,0.000,0.574
226500,0.437,0.000,0.563
227000,0.435,0.000,0.565
227500,0.412,0.004,0.583
228000,0.389,0.002,0.609
228500,0.366,0.001,0.633
229000,0.383,0.007,0.610
229500,0.372,0.002,0.626
230000,0.392,0.001,0.607
230500,0.385,0.004,0.611
231000,0.412,0.001,0.588
231500,0.466,0.000,0.534
232000,0.459,0.000,0.541
232500,0.434,0.000,0.566
233000,0.446,0.000,0.554
233500,0.446,0.000,0.554
234000,0.431,0.000,0.569
234500,0.420,0.000,0.580
235000,0.421,0.003,0.576
235500,0.420,0.002,0.578
236000,0.433,0.000,0.567
236500,0.417,0.000,0.583
237000,0.427,0.001,0.572
237500,0.396,0.002,0.602
238000,0.362,0.003,0.635
238500,0.380,0.001,0.620
239000,0.435,0.000,0.565
239500,0.419,0.002,0.580
240000,0.424,0.001,0.575
240500,0.409,0.005,0.586
241000,0.408,0.006,0.586
241500,0.404,0.001,0.596
242000,0.371,0.005,0.624
242500,0.406,0.001,0.593
243000,0.460,0.000,0.540
243500,0.470,0.000,0.530
244000,0.463,0.000,0.537
244500,0.465,0.000,0.535
245000,0.457,0.004,0.540
245500,0.431,0.001,0.568
246000,0.428,0.000,0.572
246500,0.453,0.000,0.547
247000,0.431,0.000,0.569
247500,0.403,0.003,0.594
248000,0.427,0.000,0.573
248500,0.388,0.000,0.612
249000,0.405,0.003,0.593
249500,0.445,0.001,0.555
250000,0.426,0.000,0.574
250500,0.413,0.000,0.587
251000,0.444,0.000,0.556
251500,0.451,0.000,0.549
252000,0.445,0.000,0.555
252500,0.417,0.000,0.583
253000,0.450,0.000,0.550
253500,0.484,0.000,0.516
254000,0.414,0.000,0.586
254500,0.421,0.000,0.579
255000,0.401,0.001,0.598
255500,0.435,0.000,0.565
256000,0.411,0.000,0.589
256500,0.422,0.001,0.578
257000,0.453,0.000,0.547
257500,0.413,0.000,0.587
258000,0.410,0.000,0.590
258500,0.448,0.000,0.552
259000,0.431,0.000,0.569
259500,0.412,0.004,0.585
260000,0.403,0.000,0.597
260500,0.415,0.000,0.585
261000,0.429,0.000,0.571
261500,0.384,0.000,0.617
262000,0.400,0.005,0.595
262500,0.406,0.001,0.594
263000,0.401,0.000,0.599
263500,0.421,0.000,0.579
264000,0.432,0.002,0.567
264500,0.436,0.001,0.563
265000,0.390,0.000,0.610
265500,0.370,0.003,0.627
266000,0.356,0.000,0.644
266500,0.400,0.000,0.601
267000,0.419,0.000,0.581
267500,0.402,0.000,0.598
268000,0.400,0.000,0.600
268500,0.422,0.001,0.577
269000,0.443,0.000,0.557
269500,0.438,0.000,0.562
270000,0.443,0.000,0.557
270500,0.430,0.000,0.570
271000,0.436,0.001,0.563
271500,0.444,0.000,0.556
272000,0.462,0.000,0.538
272500,0.458,0.000,0.542
273000,0.443,0.000,0.557
273500,0.480,0.000,0.520
274000,0.454,0.000,0.546
274500,0.371,0.000,0.629
275000,0.398,0.003,0.600
275500,0.425,0.001,0.575
276000,0.431,0.001,0.568
276500,0.431,0.001,0.569
277000,0.409,0.001,0.591
277500,0.382,0.003,0.616
278000,0.348,0.000,0.651
278500,0.345,0.000,0.655
279000,0.352,0.004,0.643
279500,0.409,0.003,0.588
280000,0.371,0.001,0.628
280500,0.379,0.003,0.618
281000,0.394,0.000,0.607
281500,0.436,0.000,0.564
282000,0.373,0.000,0.627
282500,0.401,0.005,0.594
283000,0.416,0.004,0.581
283500,0.417,0.000,0.583
284000,0.421,0.000,0.579
284500,0.472,0.000,0.528
285000,0.420,0.000,0.580
285500,0.389,0.004,0.607
286000,0.410,0.000,0.590
286500,0.421,0.000,0.579
287000,0.385,0.004,0.611
287500,0.360,0.001,0.639
288000,0.358,0.009,0.632
288500,0.360,0.004,0.635
289000,0.362,0.003,0.636
289500,0.348,0.001,0.650
290000,0.353,0.004,0.643
290500,0.417,0.002,0.581
291000,0.391,0.001,0.609
291500,0.381,0.000,0.619
292000,0.385,0.000,0.615
292500,0.405,0.005,0.590
293000,0.383,0.001,0.616
293500,0.434,0.000,0.566
294000,0.383,0.000,0.617
294500,0.420,0.000,0.580
295000,0.455,0.000,0.545
295500,0.437,0.003,0.560
296000,0.413,0.001,0.586
296500,0.378,0.000,0.622
297000,0.404,0.000,0.596
297500,0.404,0.003,0.594
298000,0.394,0.000,0.607
298500,0.421,0.004,0.575
299000,0.475,0.002,0.524
299500,0.469,0.000,0.531
300000,0.471,0.000,0.528
300500,0.441,0.000,0.559
301000,0.422,0.000,0.578
301500,0.453,0.004,0.543
302000,0.418,0.001,0.581
302500,0.390,0.000,0.611
303000,0.410,0.002,0.589
303500,0.411,0.000,0.589
304000,0.363,0.000,0.637
304500,0.421,0.000,0.579
305000,0.412,0.000,0.588
305500,0.394,0.000,0.606
306000,0.382,0.000,0.619
306500,0.409,0.002,0.589
307000,0.438,0.000,0.562
307500,0.431,0.000,0.569
308000,0.422,0.000,0.578
308500,0.426,0.000,0.574
309000,0.444,0.000,0.556
309500,0.422,0.000,0.578
310000,0.432,0.000,0.568
310500,0.401,0.000,0.599
311000,0.470,0.000,0.530
311500,0.438,0.000,0.562
312000,0.440,0.004,0.556
312500,0.405,0.001,0.595
313000,0.414,0.002,0.584
313500,0.392,0.000,0.609
314000,0.429,0.000,0.571
314500,0.412,0.000,0.588
315000,0.393,0.000,0.607
315500,0.391,0.000,0.609
316000,0.423,0.000,0.577
316500,0.378,0.000,0.622
317000,0.425,0.000,0.575
317500,0.407,0.002,0.592
318000,0.355,0.001,0.645
318500,0.383,0.000,0.617
319000,0.393,0.000,0.607
319500,0.394,0.005,0.601
320000,0.412,0.001,0.587
320500,0.494,0.000,0.506
321000,0.425,0.000,0.575
321500,0.434,0.000,0.566
322000,0.404,0.000,0.596
322500,0.426,0.000,0.574
323000,0.397,0.000,0.603
323500,0.427,0.000,0.573
324000,0.436,0.001,0.563
324500,0.391,0.001,0.609
325000,0.427,0.000,0.573
325500,0.416,0.000,0.584
326000,0.407,0.000,0.593
326500,0.406,0.000,0.595
327000,0.461,0.000,0.539
327500,0.458,0.000,0.542
328000,0.462,0.000,0.538
328500,0.476,0.000,0.524
329000,0.472,0.000,0.528
329500,0.455,0.000,0.545
330000,0.462,0.000,0.538
330500,0.408,0.000,0.592
331000,0.408,0.000,0.592
331500,0.420,0.000,0.580
332000,0.416,0.000,0.584
332500,0.422,0.003,0.575
333000,0.411,0.000,0.589
333500,0.383,0.000,0.617
334000,0.369,0.004,0.626
334500,0.368,0.002,0.629
335000,0.408,0.001,0.591
335500,0.409,0.002,0.589
336000,0.406,0.001,0.594
336500,0.418,0.001,0.582
337000,0.400,0.000,0.600
337500,0.414,0.000,0.586
338000,0.482,0.000,0.518
338500,0.492,0.000,0.508
339000,0.461,0.000,0.539
339500,0.438,0.000,0.562
340000,0.410,0.000,0.590
340500,0.406,0.000,0.594
341000,0.392,0.000,0.608
341500,0.398,0.000,0.602
342000,0.390,0.000,0.610
342500,0.403,0.000,0.597
343000,0.402,0.003,0.596
343500,0.446,0.001,0.553
344000,0.457,0.001,0.542
344500,0.419,0.001,0.581
345000,0.466,0.000,0.534
345500,0.475,0.000,0.525
346000,0.477,0.000,0.522
346500,0.529,0.000,0.471
347000,0.422,0.000,0.578
347500,0.400,0.000,0.601
348000,0.411,0.000,0.589
348500,0.406,0.002,0.592
349000,0.418,0.001,0.581
349500,0.450,0.001,0.550
350000,0.424,0.000,0.576
350500,0.426,0.000,0.574
351000,0.411,0.000,0.589
351500,0.489,0.000,0.510
352000,0.467,0.000,0.533
352500,0.407,0.000,0.593
353000,0.435,0.000,0.565
353500,0.469,0.000,0.531
354000,0.464,0.000,0.536
354500,0.435,0.000,0.565
355000,0.427,0.000,0.573
355500,0.411,0.000,0.589
356000,0.389,0.000,0.611
356500,0.367,0.000,0.633
357000,0.389,0.000,0.611
357500,0.388,0.000,0.613
358000,0.369,0.000,0.631
358500,0.394,0.000,0.607
359000,0.392,0.003,0.606
359500,0.403,0.001,0.597
360000,0.356,0.001,0.643
360500,0.383,0.003,0.614
361000,0.323,0.005,0.672
361500,0.388,0.006,0.607
362000,0.427,0.000,0.573
362500,0.409,0.000,0.591
363000,0.412,0.000,0.588
363500,0.409,0.000,0.591
364000,0.361,0.005,0.634
364500,0.367,0.001,0.632
365000,0.410,0.000,0.590
365500,0.421,0.000,0.579
366000,0.396,0.000,0.604
366500,0.423,0.000,0.577
367000,0.429,0.000,0.571
367500,0.376,0.000,0.624
368000,0.417,0.000,0.583
368500,0.433,0.002,0.565
369000,0.400,0.001,0.600
369500,0.403,0.000,0.597
370000,0.456,0.004,0.540
370500,0.439,0.001,0.561
371000,0.448,0.000,0.552
371500,0.472,0.004,0.524
372000,0.448,0.001,0.552
372500,0.440,0.000,0.560
373000,0.450,0.000,0.550
373500,0.445,0.000,0.555
374000,0.418,0.001,0.581
374500,0.351,0.005,0.643
375000,0.408,0.001,0.592
375500,0.446,0.002,0.552
376000,0.440,0.000,0.560
376500,0.433,0.000,0.567
377000,0.420,0.000,0.580
377500,0.400,0.000,0.600
378000,0.406,0.002,0.593
378500,0.364,0.001,0.635
379000,0.435,0.000,0.565
379500,0.470,0.000,0.530
380000,0.457,0.000,0.543
380500,0.384,0.000,0.616
381000,0.421,0.000,0.579
381500,0.451,0.000,0.549
382000,0.432,0.000,0.568
382500,0.462,0.000,0.538
383000,0.472,0.002,0.526
383500,0.482,0.001,0.517
384000,0.473,0.000,0.526
384500,0.515,0.000,0.485
385000,0.499,0.000,0.500
385500,0.430,0.000,0.570
386000,0.460,0.000,0.540
386500,0.422,0.000,0.578
387000,0.436,0.000,0.564
387500,0.424,0.000,0.576
388000,0.463,0.000,0.537
388500,0.452,0.000,0.548
389000,0.438,0.000,0.562
389500,0.464,0.000,0.536
390000,0.417,0.000,0.583
390500,0.405,0.000,0.595
391000,0.413,0.002,0.585
391500,0.412,0.004,0.585
392000,0.383,0.001,0.617
392500,0.410,0.003,0.587
393000,0.401,0.003,0.597
393500,0.431,0.000,0.569
394000,0.411,0.000,0.589
394500,0.405,0.003,0.592
395000,0.401,0.004,0.596
395500,0.404,0.001,0.596
396000,0.451,0.000,0.549
396500,0.426,0.000,0.574
397000,0.442,0.000,0.558
397500,0.479,0.000,0.520
398000,0.444,0.000,0.556
398500,0.435,0.002,0.563
399000,0.428,0.001,0.572
399500,0.460,0.000,0.540
400000,0.431,0.000,0.569
400500,0.387,0.000,0.613
401000,0.423,0.000,0.577
401500,0.462,0.000,0.538
402000,0.439,0.004,0.558
402500,0.417,0.001,0.582
403000,0.428,0.000,0.572
403500,0.385,0.003,0.613
404000,0.443,0.001,0.556
404500,0.430,0.000,0.570
405000,0.424,0.000,0.576
405500,0.396,0.000,0.605
406000,0.403,0.006,0.591
406500,0.384,0.002,0.614
407000,0.427,0.000,0.573
407500,0.433,0.000,0.567
408000,0.403,0.000,0.597
408500,0.438,0.000,0.562
409000,0.412,0.000,0.588
409500,0.423,0.002,0.576
410000,0.441,0.001,0.559
410500,0.401,0.000,0.599
411000,0.386,0.000,0.615
411500,0.370,0.003,0.627
412000,0.372,0.000,0.628
412500,0.418,0.000,0.582
413000,0.353,0.000,0.647
413500,0.400,0.000,0.601
414000,0.429,0.003,0.569
414500,0.378,0.004,0.618
415000,0.396,0.000,0.605
415500,0.378,0.001,0.622
416000,0.414,0.001,0.585
416500,0.385,0.000,0.615
417000,0.363,0.000,0.637
417500,0.390,0.003,0.607
418000,0.379,0.001,0.620
418500,0.417,0.004,0.580
419000,0.423,0.000,0.577
419500,0.406,0.000,0.594
420000,0.377,0.000,0.623
420500,0.374,0.000,0.625
421000,0.393,0.000,0.607
421500,0.408,0.000,0.592
422000,0.412,0.000,0.588
422500,0.403,0.001,0.596
423000,0.430,0.000,0.570
423500,0.422,0.000,0.578
424000,0.443,0.000,0.557
424500,0.427,0.004,0.569
425000,0.408,0.000,0.592
425500,0.454,0.000,0.546
426000,0.435,0.000,0.565
426500,0.449,0.000,0.551
427000,0.404,0.000,0.596
427500,0.350,0.000,0.650
428000,0.417,0.000,0.583
428500,0.424,0.000,0.576
429000,0.409,0.000,0.591
429500,0.362,0.000,0.638
430000,0.373,0.003,0.625
430500,0.379,0.000,0.621
431000,0.408,0.000,0.592
431500,0.455,0.000,0.545
432000,0.453,0.000,0.547
432500,0.427,0.000,0.573
433000,0.401,0.002,0.598
433500,0.395,0.003,0.602
434000,0.373,0.005,0.622
434500,0.426,0.001,0.573
435000,0.411,0.004,0.586
435500,0.403,0.003,0.594
436000,0.401,0.001,0.598
436500,0.453,0.000,0.547
437000,0.423,0.000,0.577
437500,0.425,0.000,0.575
438000,0.429,0.000,0.571
438500,0.438,0.000,0.562
439000,0.406,0.000,0.594
439500,0.428,0.000,0.572
440000,0.409,0.000,0.591
440500,0.426,0.000,0.574
441000,0.427,0.000,0.573
441500,0.365,0.000,0.635
442000,0.361,0.004,0.635
442500,0.362,0.000,0.638
443000,0.336,0.000,0.664
443500,0.390,0.000,0.611
444000,0.393,0.004,0.603
444500,0.388,0.002,0.611
445000,0.402,0.000,0.598
445500,0.427,0.001,0.572
446000,0.431,0.000,0.569
446500,0.402,0.000,0.599
447000,0.382,0.004,0.615
447500,0.383,0.007,0.610
448000,0.407,0.002,0.592
448500,0.393,0.000,0.607
449000,0.388,0.002,0.610
449500,0.378,0.001,0.622
450000,0.397,0.000,0.603
450500,0.381,0.000,0.619
451000,0.400,0.000,0.600
451500,0.439,0.000,0.561
452000,0.443,0.000,0.557
452500,0.435,0.004,0.560
453000,0.459,0.001,0.540
453500,0.454,0.000,0.546
454000,0.426,0.000,0.574
454500,0.499,0.000,0.500
455000,0.471,0.000,0.528
455500,0.427,0.000,0.573
456000,0.410,0.001,0.589
456500,0.405,0.001,0.595
457000,0.412,0.000,0.588
457500,0.433,0.003,0.565
458000,0.406,0.000,0.594
458500,0.461,0.000,0.539
459000,0.460,0.000,0.540
459500,0.419,0.007,0.574
460000,0.455,0.002,0.544
460500,0.475,0.000,0.524
461000,0.464,0.000,0.536
461500,0.420,0.001,0.579
462000,0.426,0.000,0.574
462500,0.447,0.000,0.553
463000,0.441,0.001,0.558
463500,0.471,0.000,0.529
464000,0.462,0.001,0.537
464500,0.401,0.000,0.599
465000,0.445,0.000,0.555
465500,0.391,0.004,0.605
466000,0.364,0.003,0.633
466500,0.363,0.002,0.635
467000,0.398,0.001,0.602
467500,0.442,0.000,0.558
468000,0.471,0.000,0.529
468500,0.452,0.000,0.548
469000,0.407,0.000,0.593
469500,0.409,0.002,0.589
470000,0.431,0.000,0.569
470500,0.461,0.000,0.539
471000,0.443,0.000,0.557
471500,0.443,0.000,0.557
472000,0.429,0.000,0.571
472500,0.398,0.004,0.599
473000,0.388,0.002,0.611
473500,0.405,0.004,0.592
474000,0.369,0.004,0.626
474500,0.392,0.002,0.607
475000,0.425,0.000,0.575
475500,0.421,0.000,0.579
476000,0.403,0.000,0.597
476500,0.409,0.000,0.591
477000,0.415,0.004,0.582
477500,0.387,0.001,0.613
478000,0.402,0.001,0.598
478500,0.418,0.000,0.582
479000,0.399,0.002,0.600
479500,0.407,0.001,0.592
480000,0.388,0.000,0.612
480500,0.397,0.003,0.601
481000,0.428,0.001,0.571
481500,0.404,0.001,0.596
482000,0.343,0.000,0.657
482500,0.312,0.002,0.686
483000,0.333,0.003,0.664
483500,0.350,0.001,0.649
484000,0.359,0.000,0.641
484500,0.389,0.004,0.607
485000,0.386,0.002,0.613
485500,0.386,0.003,0.611
486000,0.370,0.006,0.624
486500,0.424,0.002,0.574
487000,0.414,0.000,0.586
487500,0.425,0.000,0.575
488000,0.449,0.002,0.550
488500,0.441,0.001,0.558
489000,0.433,0.000,0.567
489500,0.413,0.000,0.587
490000,0.402,0.003,0.596
490500,0.386,0.001,0.614
491000,0.415,0.000,0.585
491500,0.434,0.003,0.564
492000,0.446,0.001,0.553
492500,0.435,0.000,0.565
493000,0.430,0.000,0.570
493500,0.428,0.000,0.572
494000,0.394,0.006,0.600
494500,0.392,0.001,0.608
495000,0.419,0.000,0.581
495500,0.442,0.000,0.558
496000,0.440,0.000,0.560
496500,0.438,0.002,0.560
497000,0.421,0.004,0.575
497500,0.418,0.002,0.580
498000,0.395,0.000,0.605
498500,0.331,0.002,0.668
499000,0.399,0.004,0.597
499500,0.371,0.000,0.629
500000,0.380,0.004,0.616
500500,0.357,0.000,0.643
501000,0.389,0.000,0.611
501500,0.404,0.002,0.595
502000,0.401,0.005,0.594
502500,0.375,0.007,0.618
503000,0.383,0.001,0.616
503500,0.388,0.000,0.613
504000,0.412,0.000,0.588
504500,0.448,0.000,0.552
505000,0.402,0.000,0.599
505500,0.384,0.001,0.616
506000,0.412,0.003,0.585
506500,0.453,0.000,0.547
507000,0.453,0.000,0.547
507500,0.448,0.000,0.552
508000,0.443,0.000,0.557
508500,0.433,0.000,0.567
509000,0.416,0.000,0.584
509500,0.450,0.000,0.550
510000,0.419,0.000,0.581
510500,0.410,0.004,0.585
511000,0.435,0.001,0.564
511500,0.405,0.001,0.595
512000,0.414,0.000,0.586
512500,0.463,0.000,0.537
513000,0.466,0.000,0.534
513500,0.471,0.002,0.528
514000,0.418,0.001,0.581
514500,0.441,0.000,0.559
515000,0.394,0.000,0.606
515500,0.369,0.005,0.626
516000,0.379,0.003,0.618
516500,0.399,0.000,0.601
517000,0.395,0.000,0.605
517500,0.355,0.002,0.643
518000,0.378,0.000,0.622
518500,0.385,0.000,0.615
519000,0.373,0.002,0.625
519500,0.396,0.004,0.601
520000,0.346,0.001,0.653
520500,0.396,0.000,0.604
521000,0.374,0.000,0.625
521500,0.360,0.000,0.639
522000,0.389,0.001,0.610
522500,0.435,0.000,0.565
523000,0.400,0.002,0.599
523500,0.371,0.003,0.626
524000,0.386,0.006,0.609
524500,0.424,0.001,0.575
525000,0.408,0.000,0.592
525500,0.450,0.000,0.550
526000,0.424,0.000,0.576
526500,0.369,0.000,0.631
527000,0.393,0.000,0.607
527500,0.378,0.000,0.622
528000,0.387,0.000,0.613
528500,0.370,0.001,0.629
529000,0.410,0.000,0.590
529500,0.414,0.001,0.585
530000,0.418,0.003,0.580
530500,0.421,0.001,0.578
531000,0.404,0.000,0.597
531500,0.427,0.000,0.573
532000,0.389,0.000,0.611
532500,0.454,0.000,0.546
533000,0.393,0.000,0.607
533500,0.389,0.002,0.610
534000,0.392,0.000,0.609
534500,0.376,0.000,0.624
535000,0.417,0.000,0.583
535500,0.362,0.003,0.635
536000,0.370,0.002,0.628
536500,0.398,0.001,0.601
537000,0.431,0.001,0.568
537500,0.433,0.000,0.567
538000,0.433,0.000,0.567
538500,0.457,0.000,0.543
539000,0.471,0.000,0.529
539500,0.447,0.000,0.553
540000,0.440,0.000,0.560
540500,0.419,0.000,0.581
541000,0.467,0.000,0.533
541500,0.435,0.000,0.565
542000,0.430,0.000,0.570
542500,0.428,0.000,0.572
543000,0.472,0.000,0.528
543500,0.448,0.000,0.552
544000,0.420,0.002,0.578
544500,0.425,0.001,0.575
545000,0.384,0.000,0.617
545500,0.368,0.000,0.631
546000,0.409,0.000,0.591
546500,0.436,0.001,0.562
547000,0.442,0.000,0.558
547500,0.408,0.000,0.592
548000,0.445,0.000,0.555
548500,0.407,0.000,0.593
549000,0.436,0.000,0.564
549500,0.391,0.000,0.609
550000,0.401,0.004,0.595
550500,0.405,0.001,0.595
551000,0.395,0.000,0.605
551500,0.374,0.003,0.624
552000,0.383,0.000,0.617
552500,0.382,0.001,0.618
553000,0.394,0.000,0.607
553500,0.398,0.000,0.602
554000,0.396,0.000,0.604
554500,0.412,0.000,0.588
555000,0.399,0.004,0.597
555500,0.406,0.001,0.593
556000,0.418,0.001,0.582
556500,0.432,0.001,0.567
557000,0.475,0.000,0.524
557500,0.443,0.003,0.554
558000,0.457,0.001,0.542
558500,0.450,0.000,0.550
559000,0.440,0.000,0.560
559500,0.416,0.000,0.584
560000,0.416,0.000,0.584
560500,0.410,0.000,0.590
561000,0.420,0.000,0.580
561500,0.400,0.000,0.601
562000,0.443,0.000,0.557
562500,0.399,0.000,0.601
563000,0.417,0.000,0.583
563500,0.421,0.000,0.579
564000,0.460,0.004,0.537
564500,0.444,0.000,0.556
565000,0.416,0.000,0.584
565500,0.451,0.000,0.549
566000,0.469,0.000,0.530
566500,0.409,0.000,0.591
567000,0.409,0.002,0.589
567500,0.422,0.004,0.574
568000,0.391,0.000,0.609
568500,0.398,0.000,0.603
569000,0.459,0.000,0.541
569500,0.430,0.000,0.570
570000,0.435,0.000,0.565
570500,0.470,0.000,0.530
571000,0.479,0.000,0.521
571500,0.474,0.000,0.526
572000,0.478,0.000,0.522
572500,0.475,0.000,0.525
573000,0.480,0.000,0.520
573500,0.465,0.002,0.534
574000,0.454,0.000,0.546
574500,0.488,0.000,0.512
575000,0.443,0.002,0.555
575500,0.455,0.000,0.545
576000,0.416,0.000,0.584
576500,0.426,0.000,0.574
577000,0.414,0.000,0.586
577500,0.427,0.000,0.573
578000,0.417,0.000,0.583
578500,0.399,0.000,0.601
579000,0.382,0.005,0.613
579500,0.406,0.002,0.592
580000,0.401,0.001,0.599
580500,0.413,0.000,0.587
581000,0.410,0.000,0.590
581500,0.443,0.000,0.557
582000,0.447,0.000,0.553
582500,0.418,0.000,0.582
583000,0.424,0.000,0.576
583500,0.398,0.000,0.602
584000,0.401,0.000,0.599
584500,0.381,0.004,0.615
585000,0.381,0.002,0.618
585500,0.373,0.002,0.625
586000,0.394,0.001,0.606
586500,0.358,0.004,0.638
587000,0.386,0.002,0.612
587500,0.389,0.001,0.610
588000,0.394,0.002,0.605
588500,0.371,0.001,0.629
589000,0.351,0.000,0.649
589500,0.350,0.000,0.649
590000,0.376,0.000,0.625
590500,0.441,0.000,0.559
591000,0.447,0.003,0.550
591500,0.431,0.001,0.568
592000,0.415,0.000,0.585
592500,0.415,0.000,0.585
593000,0.388,0.000,0.613
593500,0.419,0.001,0.580
594000,0.364,0.004,0.632
594500,0.427,0.000,0.573
595000,0.432,0.000,0.568
595500,0.412,0.000,0.588
596000,0.401,0.000,0.599
596500,0.392,0.001,0.608
597000,0.357,0.004,0.639
597500,0.387,0.003,0.610
598000,0.342,0.002,0.657
598500,0.377,0.005,0.618
599000,0.404,0.001,0.595
599500,0.397,0.000,0.603
600000,0.396,0.000,0.604
600500,0.354,0.000,0.645
601000,0.382,0.006,0.612
601500,0.345,0.011,0.645
602000,0.393,0.003,0.605
602500,0.386,0.001,0.613
603000,0.414,0.001,0.585
603500,0.414,0.000,0.586
604000,0.385,0.002,0.613
604500,0.358,0.001,0.641
605000,0.364,0.001,0.634
605500,0.376,0.000,0.625
606000,0.415,0.003,0.582
606500,0.459,0.000,0.541
607000,0.431,0.000,0.569
607500,0.478,0.000,0.522
608000,0.433,0.000,0.567
608500,0.382,0.002,0.617
609000,0.395,0.001,0.605
609500,0.425,0.000,0.575
610000,0.439,0.000,0.561
610500,0.404,0.003,0.594
611000,0.360,0.006,0.634
611500,0.373,0.002,0.625
612000,0.336,0.008,0.656
612500,0.343,0.002,0.656
613000,0.363,0.001,0.637
613500,0.393,0.000,0.607
614000,0.398,0.000,0.602
614500,0.410,0.000,0.590
615000,0.412,0.000,0.588
615500,0.424,0.000,0.576
616000,0.428,0.000,0.572
616500,0.408,0.004,0.589
617000,0.364,0.001,0.635
617500,0.402,0.001,0.598
618000,0.382,0.003,0.616
618500,0.369,0.002,0.630
619000,0.402,0.001,0.598
619500,0.455,0.000,0.545
620000,0.448,0.000,0.552
620500,0.470,0.000,0.530
621000,0.476,0.000,0.524
621500,0.470,0.000,0.530
622000,0.479,0.000,0.521
622500,0.457,0.000,0.543
623000,0.462,0.000,0.538
623500,0.456,0.000,0.544
624000,0.468,0.000,0.532
624500,0.445,0.000,0.555
625000,0.432,0.000,0.568
625500,0.443,0.000,0.557
626000,0.435,0.000,0.565
626500,0.435,0.007,0.557
627000,0.431,0.002,0.567
627500,0.401,0.001,0.598
628000,0.423,0.000,0.577
628500,0.395,0.002,0.604
629000,0.379,0.001,0.620
629500,0.361,0.001,0.639
630000,0.360,0.001,0.640
630500,0.382,0.001,0.618
631000,0.378,0.002,0.621
631500,0.406,0.001,0.594
632000,0.452,0.000,0.548
632500,0.442,0.000,0.558
633000,0.424,0.000,0.576
633500,0.399,0.000,0.601
634000,0.404,0.000,0.597
634500,0.400,0.006,0.594
635000,0.399,0.006,0.595
635500,0.349,0.002,0.649
636000,0.346,0.004,0.650
636500,0.409,0.000,0.591
637000,0.415,0.000,0.585
637500,0.382,0.003,0.616
638000,0.378,0.001,0.622
638500,0.406,0.000,0.595
639000,0.369,0.000,0.631
639500,0.332,0.000,0.668
640000,0.368,0.000,0.631
640500,0.403,0.000,0.597
641000,0.388,0.002,0.611
641500,0.421,0.002,0.577
642000,0.420,0.004,0.577
642500,0.408,0.002,0.590
643000,0.434,0.001,0.565
643500,0.435,0.000,0.565
644000,0.436,0.000,0.564
644500,0.450,0.000,0.550
645000,0.424,0.000,0.576
645500,0.427,0.000,0.573
646000,0.427,0.000,0.573
646500,0.414,0.000,0.586
647000,0.418,0.000,0.582
647500,0.406,0.001,0.594
648000,0.395,0.001,0.605
648500,0.396,0.001,0.604
649000,0.440,0.000,0.560
649500,0.441,0.000,0.559
650000,0.475,0.000,0.525
650500,0.449,0.000,0.551
651000,0.475,0.000,0.525
651500,0.481,0.000,0.518
652000,0.471,0.000,0.528
652500,0.412,0.000,0.588
653000,0.391,0.000,0.609
653500,0.400,0.000,0.601
654000,0.451,0.000,0.549
654500,0.503,0.000,0.497
655000,0.442,0.000,0.558
655500,0.446,0.002,0.553
656000,0.470,0.000,0.530
656500,0.432,0.000,0.568
657000,0.457,0.000,0.543
657500,0.469,0.000,0.531
658000,0.415,0.000,0.585
658500,0.414,0.000,0.586
659000,0.367,0.004,0.630
659500,0.376,0.002,0.623
660000,0.372,0.009,0.618
660500,0.354,0.003,0.643
661000,0.353,0.001,0.646
661500,0.389,0.000,0.611
662000,0.419,0.004,0.577
662500,0.421,0.000,0.579
663000,0.386,0.000,0.615
663500,0.445,0.002,0.553
664000,0.496,0.001,0.503
664500,0.475,0.001,0.524
665000,0.400,0.002,0.599
665500,0.423,0.001,0.577
666000,0.407,0.000,0.593
666500,0.420,0.002,0.579
667000,0.413,0.000,0.587
667500,0.421,0.000,0.579
668000,0.398,0.000,0.603
668500,0.438,0.000,0.562
669000,0.397,0.000,0.603
669500,0.366,0.002,0.631
670000,0.387,0.001,0.613
670500,0.409,0.000,0.591
671000,0.395,0.000,0.605
671500,0.385,0.004,0.611
672000,0.428,0.001,0.572
672500,0.413,0.000,0.587
673000,0.452,0.000,0.548
673500,0.454,0.000,0.546
674000,0.428,0.000,0.572
674500,0.426,0.000,0.574
675000,0.437,0.000,0.563
675500,0.447,0.002,0.551
676000,0.390,0.001,0.610
676500,0.391,0.000,0.609
677000,0.362,0.001,0.637
677500,0.350,0.005,0.644
678000,0.333,0.009,0.658
678500,0.366,0.003,0.631
679000,0.373,0.001,0.626
679500,0.388,0.003,0.610
680000,0.419,0.000,0.581
680500,0.388,0.000,0.612
681000,0.454,0.000,0.546
681500,0.383,0.000,0.617
682000,0.441,0.000,0.559
682500,0.460,0.004,0.536
683000,0.417,0.003,0.581
683500,0.421,0.002,0.577
684000,0.448,0.001,0.551
684500,0.447,0.000,0.553
685000,0.495,0.000,0.505
685500,0.490,0.000,0.510
686000,0.403,0.000,0.597
686500,0.413,0.000,0.587
687000,0.418,0.000,0.582
687500,0.427,0.000,0.573
688000,0.407,0.000,0.593
688500,0.387,0.005,0.608
689000,0.365,0.005,0.630
689500,0.378,0.001,0.622
690000,0.345,0.002,0.653
690500,0.388,0.004,0.608
691000,0.435,0.004,0.561
691500,0.440,0.001,0.559
692000,0.421,0.001,0.578
692500,0.404,0.004,0.593
693000,0.412,0.001,0.587
693500,0.415,0.000,0.585
694000,0.394,0.000,0.606
694500,0.390,0.001,0.610
695000,0.415,0.000,0.585
695500,0.435,0.003,0.562
696000,0.414,0.000,0.586
696500,0.417,0.000,0.583
697000,0.438,0.000,0.562
697500,0.448,0.000,0.552
698000,0.490,0.002,0.509
698500,0.416,0.001,0.583
699000,0.406,0.000,0.595
699500,0.440,0.000,0.560
700000,0.450,0.000,0.550
700500,0.440,0.000,0.560
701000,0.469,0.000,0.530
701500,0.480,0.000,0.520
702000,0.445,0.001,0.554
702500,0.393,0.000,0.607
703000,0.401,0.000,0.599
703500,0.360,0.005,0.635
704000,0.392,0.004,0.604
704500,0.418,0.003,0.579
705000,0.389,0.001,0.611
705500,0.415,0.000,0.585
706000,0.427,0.000,0.573
706500,0.396,0.002,0.603
707000,0.406,0.001,0.593
707500,0.399,0.000,0.601
708000,0.440,0.000,0.560
708500,0.403,0.000,0.597
709000,0.430,0.000,0.570
709500,0.393,0.000,0.607
710000,0.369,0.000,0.631
710500,0.417,0.000,0.583
711000,0.431,0.000,0.569
711500,0.410,0.000,0.590
712000,0.415,0.000,0.585
712500,0.383,0.000,0.617
713000,0.378,0.000,0.622
713500,0.376,0.000,0.625
714000,0.412,0.000,0.588
714500,0.354,0.000,0.645
715000,0.383,0.003,0.614
715500,0.355,0.009,0.636
716000,0.367,0.002,0.632
716500,0.378,0.000,0.622
717000,0.402,0.000,0.598
717500,0.387,0.002,0.611
718000,0.401,0.001,0.598
718500,0.392,0.001,0.608
719000,0.391,0.000,0.609
719500,0.389,0.000,0.611
720000,0.376,0.001,0.624
720500,0.392,0.000,0.609
721000,0.425,0.000,0.575
721500,0.433,0.002,0.565
722000,0.456,0.002,0.543
722500,0.460,0.000,0.540
723000,0.423,0.001,0.576
723500,0.424,0.000,0.576
724000,0.454,0.000,0.546
724500,0.408,0.000,0.592
725000,0.372,0.006,0.621
725500,0.354,0.004,0.642
726000,0.382,0.002,0.617
726500,0.406,0.000,0.595
727000,0.393,0.000,0.607
727500,0.423,0.000,0.577
728000,0.466,0.000,0.534
728500,0.462,0.003,0.536
729000,0.430,0.002,0.568
729500,0.431,0.000,0.569
730000,0.455,0.000,0.545
730500,0.446,0.000,0.554
731000,0.460,0.000,0.540
731500,0.479,0.000,0.521
732000,0.477,0.000,0.523
732500,0.444,0.000,0.556
733000,0.401,0.000,0.599
733500,0.412,0.000,0.588
734000,0.446,0.000,0.554
734500,0.419,0.000,0.581
735000,0.442,0.000,0.558
735500,0.412,0.000,0.588
736000,0.369,0.000,0.631
736500,0.398,0.000,0.603
737000,0.396,0.000,0.604
737500,0.403,0.000,0.597
738000,0.428,0.004,0.568
738500,0.418,0.000,0.582
739000,0.427,0.000,0.573
739500,0.495,0.000,0.504
740000,0.513,0.000,0.487
740500,0.495,0.000,0.504
741000,0.410,0.000,0.590
741500,0.433,0.000,0.567
742000,0.428,0.000,0.572
742500,0.422,0.000,0.578
743000,0.434,0.000,0.566
743500,0.429,0.001,0.570
744000,0.424,0.000,0.576
744500,0.433,0.000,0.567
745000,0.405,0.000,0.595
745500,0.424,0.000,0.576
746000,0.449,0.000,0.551
746500,0.464,0.000,0.536
747000,0.460,0.000,0.540
747500,0.418,0.000,0.582
748000,0.384,0.000,0.617
748500,0.349,0.000,0.651
749000,0.359,0.010,0.631
749500,0.372,0.002,0.625
750000,0.390,0.002,0.609
750500,0.409,0.002,0.590
751000,0.411,0.001,0.588
751500,0.407,0.000,0.593
752000,0.404,0.000,0.596
752500,0.394,0.004,0.603
753000,0.406,0.001,0.594
753500,0.403,0.004,0.594
754000,0.390,0.001,0.609
754500,0.404,0.000,0.597
755000,0.406,0.000,0.594
755500,0.446,0.000,0.554
756000,0.429,0.000,0.571
756500,0.429,0.000,0.571
757000,0.404,0.004,0.592
757500,0.446,0.002,0.553
758000,0.413,0.001,0.586
758500,0.403,0.000,0.597
759000,0.391,0.004,0.606
759500,0.408,0.001,0.591
760000,0.421,0.000,0.579
760500,0.451,0.000,0.549
761000,0.424,0.000,0.576
761500,0.436,0.000,0.564
762000,0.456,0.000,0.544
762500,0.390,0.000,0.610
763000,0.355,0.004,0.641
763500,0.356,0.006,0.638
764000,0.372,0.002,0.625
764500,0.369,0.006,0.625
765000,0.365,0.002,0.634
765500,0.401,0.001,0.599
766000,0.399,0.004,0.598
766500,0.373,0.004,0.623
767000,0.369,0.002,0.629
767500,0.424,0.000,0.576
768000,0.433,0.005,0.562
768500,0.376,0.004,0.621
769000,0.393,0.004,0.603
769500,0.425,0.001,0.575
770000,0.442,0.000,0.558
770500,0.443,0.000,0.557
771000,0.442,0.000,0.558
771500,0.431,0.000,0.569
772000,0.405,0.000,0.595
772500,0.390,0.000,0.611
773000,0.418,0.000,0.582
773500,0.419,0.004,0.577
774000,0.449,0.001,0.551
774500,0.424,0.002,0.574
775000,0.398,0.000,0.602
775500,0.406,0.000,0.595
776000,0.402,0.002,0.597
776500,0.434,0.000,0.566
777000,0.402,0.000,0.599
777500,0.425,0.000,0.575
778000,0.425,0.000,0.575
778500,0.423,0.000,0.577
779000,0.403,0.000,0.597
779500,0.414,0.000,0.586
780000,0.385,0.000,0.615
780500,0.389,0.009,0.603
781000,0.393,0.002,0.605
781500,0.460,0.000,0.540
782000,0.447,0.005,0.548
782500,0.380,0.001,0.620
783000,0.376,0.001,0.624
783500,0.370,0.008,0.622
784000,0.397,0.001,0.602
784500,0.384,0.002,0.615
785000,0.379,0.004,0.617
785500,0.369,0.001,0.630
786000,0.367,0.004,0.629
786500,0.383,0.004,0.613
787000,0.360,0.006,0.633
787500,0.380,0.001,0.620
788000,0.399,0.000,0.601
788500,0.430,0.000,0.570
789000,0.427,0.004,0.569
789500,0.412,0.001,0.587
790000,0.423,0.000,0.577
790500,0.400,0.001,0.599
791000,0.423,0.002,0.576
791500,0.354,0.001,0.645
792000,0.394,0.001,0.606
792500,0.399,0.000,0.601
793000,0.396,0.000,0.604
793500,0.450,0.000,0.550
794000,0.453,0.000,0.547
794500,0.499,0.000,0.500
795000,0.506,0.000,0.494
795500,0.462,0.000,0.538
796000,0.416,0.000,0.584
796500,0.453,0.000,0.547
797000,0.427,0.000,0.573
797500,0.424,0.000,0.576
798000,0.371,0.000,0.629
798500,0.376,0.000,0.625
799000,0.380,0.000,0.621
799500,0.409,0.008,0.583
800000,0.357,0.002,0.641
800500,0.380,0.001,0.620
801000,0.423,0.000,0.577
801500,0.401,0.000,0.599
802000,0.403,0.000,0.597
802500,0.394,0.000,0.606
803000,0.363,0.003,0.634
803500,0.352,0.002,0.645
804000,0.371,0.000,0.629
804500,0.352,0.002,0.646
805000,0.411,0.003,0.587
805500,0.427,0.001,0.573
806000,0.400,0.001,0.600
806500,0.376,0.004,0.621
807000,0.431,0.003,0.566
807500,0.456,0.000,0.544
808000,0.428,0.004,0.568
808500,0.438,0.001,0.561
809000,0.424,0.003,0.573
809500,0.449,0.003,0.548
810000,0.404,0.004,0.592
810500,0.385,0.001,0.615
811000,0.416,0.000,0.584
811500,0.415,0.000,0.585
812000,0.405,0.002,0.594
812500,0.456,0.000,0.544
813000,0.441,0.000,0.559
813500,0.441,0.000,0.559
814000,0.386,0.000,0.615
814500,0.435,0.000,0.565
815000,0.460,0.003,0.537
815500,0.442,0.001,0.558
816000,0.386,0.001,0.614
816500,0.389,0.001,0.611
817000,0.444,0.000,0.556
817500,0.447,0.000,0.553
818000,0.457,0.000,0.543
818500,0.421,0.000,0.579
819000,0.435,0.000,0.565
819500,0.393,0.000,0.607
820000,0.361,0.005,0.633
820500,0.375,0.002,0.623
821000,0.410,0.001,0.589
821500,0.433,0.000,0.567
822000,0.473,0.000,0.526
822500,0.462,0.000,0.538
823000,0.440,0.000,0.560
823500,0.431,0.000,0.569
824000,0.420,0.000,0.580
824500,0.358,0.004,0.638
825000,0.372,0.000,0.627
825500,0.394,0.000,0.607
826000,0.372,0.000,0.627
826500,0.391,0.000,0.609
827000,0.368,0.000,0.631
827500,0.372,0.000,0.627
828000,0.356,0.005,0.639
828500,0.382,0.001,0.617
829000,0.400,0.000,0.601
829500,0.392,0.000,0.609
830000,0.391,0.000,0.609
830500,0.425,0.000,0.575
831000,0.370,0.000,0.630
831500,0.412,0.003,0.585
832000,0.436,0.002,0.563
832500,0.449,0.000,0.551
833000,0.409,0.000,0.591
833500,0.428,0.000,0.572
834000,0.390,0.000,0.610
834500,0.372,0.004,0.624
835000,0.359,0.000,0.641
835500,0.389,0.002,0.610
836000,0.367,0.001,0.632
836500,0.366,0.001,0.634
837000,0.410,0.000,0.590
837500,0.420,0.000,0.580
838000,0.398,0.005,0.598
838500,0.397,0.001,0.602
839000,0.466,0.001,0.534
839500,0.441,0.003,0.556
840000,0.475,0.001,0.524
840500,0.420,0.000,0.580
841000,0.419,0.000,0.581
841500,0.409,0.000,0.591
842000,0.428,0.000,0.572
842500,0.435,0.000,0.565
843000,0.418,0.000,0.582
843500,0.398,0.000,0.603
844000,0.365,0.003,0.632
844500,0.376,0.001,0.624
845000,0.392,0.000,0.609
845500,0.363,0.005,0.632
846000,0.342,0.002,0.656
846500,0.388,0.004,0.609
847000,0.387,0.001,0.612
847500,0.434,0.000,0.566
848000,0.424,0.000,0.576
848500,0.427,0.000,0.573
849000,0.426,0.000,0.574
849500,0.441,0.002,0.557
850000,0.439,0.000,0.561
850500,0.471,0.000,0.529
851000,0.446,0.000,0.554
851500,0.436,0.000,0.564
852000,0.459,0.000,0.541
852500,0.455,0.000,0.545
853000,0.444,0.000,0.556
853500,0.413,0.000,0.587
854000,0.388,0.000,0.613
854500,0.394,0.003,0.604
855000,0.436,0.000,0.564
855500,0.434,0.000,0.566
856000,0.406,0.000,0.594
856500,0.364,0.000,0.636
857000,0.339,0.002,0.659
857500,0.360,0.001,0.640
858000,0.404,0.000,0.596
858500,0.424,0.000,0.576
859000,0.400,0.000,0.601
859500,0.413,0.001,0.586
860000,0.387,0.001,0.613
860500,0.396,0.000,0.604
861000,0.423,0.000,0.577
861500,0.491,0.000,0.509
862000,0.403,0.000,0.597
862500,0.388,0.002,0.611
863000,0.398,0.000,0.603
863500,0.401,0.000,0.599
864000,0.427,0.000,0.573
864500,0.401,0.000,0.599
865000,0.436,0.000,0.564
865500,0.411,0.000,0.589
866000,0.411,0.000,0.589
866500,0.403,0.003,0.595
867000,0.409,0.004,0.588
867500,0.402,0.001,0.598
868000,0.446,0.000,0.554
868500,0.431,0.000,0.569
869000,0.380,0.004,0.616
869500,0.395,0.004,0.601
870000,0.448,0.005,0.547
870500,0.406,0.003,0.592
871000,0.423,0.001,0.577
871500,0.413,0.000,0.587
872000,0.404,0.004,0.592
872500,0.419,0.001,0.580
873000,0.416,0.003,0.581
873500,0.421,0.000,0.579
874000,0.464,0.000,0.536
874500,0.410,0.003,0.587
875000,0.424,0.000,0.576
875500,0.394,0.007,0.599
876000,0.379,0.001,0.620
876500,0.388,0.001,0.612
877000,0.382,0.000,0.619
877500,0.417,0.003,0.580
878000,0.390,0.004,0.607
878500,0.357,0.011,0.633
879000,0.382,0.006,0.613
879500,0.411,0.003,0.586
880000,0.414,0.004,0.582
880500,0.408,0.001,0.592
881000,0.412,0.001,0.587
881500,0.382,0.000,0.619
882000,0.369,0.000,0.631
882500,0.432,0.000,0.568
883000,0.478,0.000,0.522
883500,0.393,0.000,0.607
884000,0.439,0.000,0.561
884500,0.423,0.003,0.575
885000,0.372,0.001,0.626
885500,0.399,0.003,0.598
886000,0.432,0.003,0.565
886500,0.457,0.000,0.543
887000,0.431,0.000,0.569
887500,0.411,0.005,0.584
888000,0.408,0.002,0.590
888500,0.417,0.000,0.583
889000,0.406,0.000,0.595
889500,0.386,0.002,0.613
890000,0.383,0.004,0.613
890500,0.410,0.001,0.589
891000,0.432,0.000,0.568
891500,0.434,0.003,0.563
892000,0.432,0.003,0.565
892500,0.430,0.000,0.570
893000,0.470,0.000,0.530
893500,0.449,0.000,0.551
894000,0.379,0.000,0.621
894500,0.370,0.004,0.626
895000,0.369,0.004,0.627
895500,0.360,0.002,0.637
896000,0.361,0.000,0.639
896500,0.350,0.000,0.650
897000,0.391,0.000,0.609
897500,0.367,0.004,0.630
898000,0.404,0.001,0.595
898500,0.391,0.004,0.605
899000,0.422,0.003,0.575
899500,0.392,0.003,0.606
900000,0.414,0.001,0.585
900500,0.412,0.000,0.588
901000,0.465,0.000,0.535
901500,0.490,0.000,0.510
902000,0.431,0.000,0.569
902500,0.412,0.000,0.588
903000,0.429,0.001,0.570
903500,0.438,0.002,0.561
904000,0.406,0.001,0.594
904500,0.401,0.000,0.599
905000,0.451,0.000,0.549
905500,0.432,0.000,0.568
906000,0.455,0.000,0.545
906500,0.488,0.000,0.512
907000,0.510,0.000,0.490
907500,0.499,0.000,0.501
908000,0.438,0.001,0.561
908500,0.422,0.000,0.578
909000,0.429,0.000,0.571
909500,0.428,0.000,0.572
910000,0.484,0.000,0.516
910500,0.467,0.000,0.533
911000,0.473,0.000,0.526
911500,0.501,0.000,0.499
912000,0.443,0.000,0.557
912500,0.422,0.003,0.576
913000,0.413,0.000,0.587
913500,0.401,0.000,0.599
914000,0.396,0.000,0.605
914500,0.365,0.000,0.635
915000,0.367,0.000,0.633
915500,0.394,0.001,0.606
916000,0.365,0.000,0.635
916500,0.408,0.000,0.592
917000,0.393,0.000,0.607
917500,0.380,0.000,0.621
918000,0.405,0.001,0.594
918500,0.451,0.000,0.549
919000,0.452,0.004,0.545
919500,0.438,0.003,0.560
920000,0.422,0.001,0.578
920500,0.382,0.000,0.619
921000,0.391,0.000,0.609
921500,0.419,0.004,0.577
922000,0.453,0.003,0.544
922500,0.410,0.000,0.590
923000,0.424,0.000,0.576
923500,0.447,0.000,0.553
924000,0.466,0.000,0.534
924500,0.451,0.000,0.549
925000,0.449,0.000,0.551
925500,0.407,0.000,0.593
926000,0.471,0.000,0.529
926500,0.478,0.000,0.522
927000,0.452,0.000,0.548
927500,0.404,0.000,0.596
928000,0.436,0.000,0.564
928500,0.425,0.000,0.575
929000,0.414,0.001,0.585
929500,0.439,0.001,0.561
930000,0.455,0.000,0.545
930500,0.418,0.000,0.582
931000,0.444,0.000,0.556
931500,0.395,0.000,0.605
932000,0.362,0.000,0.637
932500,0.419,0.003,0.578
933000,0.441,0.002,0.557
933500,0.415,0.002,0.583
934000,0.385,0.000,0.615
934500,0.418,0.000,0.582
935000,0.410,0.000,0.590
935500,0.430,0.000,0.570
936000,0.432,0.000,0.568
936500,0.418,0.000,0.582
937000,0.432,0.000,0.568
937500,0.420,0.000,0.580
938000,0.418,0.000,0.582
938500,0.424,0.000,0.576
939000,0.400,0.000,0.600
939500,0.440,0.000,0.560
940000,0.450,0.000,0.550
940500,0.456,0.000,0.544
941000,0.489,0.000,0.511
941500,0.485,0.001,0.513
942000,0.418,0.001,0.581
942500,0.411,0.001,0.589
943000,0.419,0.000,0.581
943500,0.388,0.003,0.610
944000,0.364,0.003,0.632
944500,0.415,0.000,0.585
945000,0.450,0.000,0.550
945500,0.502,0.000,0.498
946000,0.442,0.000,0.558
946500,0.494,0.000,0.506
947000,0.459,0.000,0.541
947500,0.452,0.000,0.548
948000,0.406,0.004,0.589
948500,0.411,0.001,0.588
949000,0.429,0.005,0.565
949500,0.429,0.001,0.571
950000,0.355,0.004,0.641
950500,0.377,0.001,0.622
951000,0.388,0.000,0.612
951500,0.407,0.000,0.593
952000,0.407,0.000,0.593
952500,0.425,0.000,0.575
953000,0.418,0.000,0.582
953500,0.403,0.000,0.597
954000,0.500,0.000,0.500
954500,0.413,0.000,0.587
955000,0.399,0.004,0.598
955500,0.421,0.001,0.578
956000,0.433,0.000,0.567
956500,0.446,0.000,0.554
957000,0.415,0.000,0.585
957500,0.447,0.000,0.553
958000,0.427,0.000,0.573
958500,0.426,0.002,0.572
959000,0.436,0.001,0.564
959500,0.467,0.000,0.533
960000,0.486,0.000,0.514
960500,0.532,0.000,0.468
961000,0.448,0.000,0.552
961500,0.414,0.000,0.586
962000,0.392,0.001,0.608
962500,0.434,0.002,0.564
963000,0.453,0.002,0.546
963500,0.441,0.000,0.559
964000,0.389,0.000,0.611
964500,0.404,0.000,0.596
965000,0.410,0.000,0.590
965500,0.418,0.004,0.577
966000,0.444,0.005,0.551
966500,0.477,0.001,0.521
967000,0.465,0.000,0.535
967500,0.469,0.000,0.530
968000,0.468,0.000,0.532
968500,0.442,0.000,0.558
969000,0.438,0.000,0.562
969500,0.417,0.000,0.583
970000,0.385,0.000,0.615
970500,0.407,0.000,0.593
971000,0.403,0.000,0.597
971500,0.400,0.000,0.601
972000,0.399,0.000,0.601
972500,0.398,0.003,0.600
973000,0.340,0.005,0.655
973500,0.403,0.001,0.596
974000,0.370,0.001,0.629
974500,0.325,0.000,0.675
975000,0.376,0.000,0.625
975500,0.390,0.002,0.609
976000,0.398,0.001,0.602
976500,0.419,0.000,0.581
977000,0.395,0.000,0.605
977500,0.406,0.001,0.593
978000,0.441,0.003,0.556
978500,0.409,0.000,0.591
979000,0.396,0.001,0.604
979500,0.411,0.000,0.589
980000,0.432,0.005,0.563
980500,0.395,0.003,0.603
981000,0.406,0.002,0.593
981500,0.416,0.000,0.584
982000,0.434,0.000,0.566
982500,0.428,0.000,0.572
983000,0.428,0.000,0.572
983500,0.406,0.000,0.594
984000,0.420,0.000,0.580
984500,0.392,0.004,0.604
985000,0.385,0.002,0.613
985500,0.352,0.001,0.646
986000,0.386,0.001,0.614
986500,0.408,0.000,0.592
987000,0.456,0.000,0.544
987500,0.406,0.000,0.594
988000,0.423,0.000,0.577
988500,0.436,0.000,0.564
989000,0.397,0.000,0.603
989500,0.343,0.000,0.657
990000,0.347,0.000,0.653
990500,0.362,0.003,0.635
991000,0.399,0.006,0.595
991500,0.368,0.001,0.631
992000,0.366,0.003,0.631
992500,0.369,0.001,0.630
993000,0.432,0.000,0.568
993500,0.454,0.004,0.542
994000,0.400,0.001,0.600
994500,0.400,0.005,0.595
995000,0.387,0.001,0.612
995500,0.396,0.000,0.605
996000,0.389,0.000,0.611
996500,0.406,0.005,0.589
997000,0.418,0.004,0.578
997500,0.435,0.002,0.562
998000,0.457,0.001,0.543
998500,0.417,0.000,0.583
999000,0.383,0.000,0.617
999500,0.388,0.000,0.612
1000000,0.435,0.004,0.560
