time,n_A+p,n_B,n_AB
500,0.010,0.743,0.247
1000,0.010,0.722,0.268
1500,0.010,0.586,0.404
2000,0.010,0.775,0.215
2500,0.010,0.601,0.389
3000,0.010,0.604,0.386
3500,0.010,0.480,0.510
4000,0.010,0.911,0.079
4500,0.010,0.958,0.032
5000,0.010,0.897,0.093
5500,0.010,0.854,0.136
6000,0.010,0.860,0.130
6500,0.010,0.704,0.286
7000,0.010,0.829,0.161
7500,0.010,0.571,0.419
8000,0.010,0.574,0.416
8500,0.010,0.826,0.164
9000,0.010,0.985,0.005
9500,0.010,0.827,0.163
10000,0.010,0.707,0.283
10500,0.010,0.498,0.492
11000,0.010,0.661,0.329
11500,0.010,0.861,0.129
12000,0.010,0.825,0.165
12500,0.010,0.812,0.178
13000,0.010,0.804,0.186
13500,0.010,0.749,0.241
14000,0.010,0.908,0.082
14500,0.010,0.876,0.114
15000,0.010,0.890,0.100
15500,0.010,0.707,0.283
16000,0.010,0.833,0.157
16500,0.010,0.809,0.181
17000,0.010,0.922,0.068
17500,0.010,0.647,0.343
18000,0.010,0.727,0.263
18500,0.010,0.860,0.130
19000,0.010,0.928,0.062
19500,0.010,0.954,0.036
20000,0.010,0.656,0.334
20500,0.010,0.607,0.383
21000,0.010,0.754,0.236
21500,0.010,0.884,0.106
22000,0.010,0.846,0.144
22500,0.010,0.902,0.088
23000,0.010,0.770,0.220
23500,0.010,0.790,0.200
24000,0.010,0.814,0.176
24500,0.010,0.983,0.007
25000,0.010,0.813,0.177
25500,0.010,0.774,0.216
26000,0.010,0.771,0.219
26500,0.010,0.893,0.097
27000,0.010,0.745,0.245
27500,0.010,0.739,0.251
28000,0.010,0.762,0.228
28500,0.010,0.686,0.304
29000,0.010,0.793,0.197
29500,0.010,0.656,0.334
30000,0.010,0.746,0.244
30500,0.010,0.931,0.059
31000,0.010,0.921,0.069
31500,0.010,0.690,0.300
32000,0.010,0.898,0.092
32500,0.010,0.962,0.028
33000,0.010,0.679,0.311
33500,0.010,0.644,0.346
34000,0.010,0.911,0.079
34500,0.010,0.926,0.064
35000,0.010,0.689,0.301
35500,0.010,0.691,0.299
36000,0.010,0.852,0.138
36500,0.010,0.971,0.019
37000,0.010,0.882,0.108
37500,0.010,0.912,0.078
38000,0.010,0.804,0.186
38500,0.010,0.909,0.081
39000,0.010,0.637,0.353
39500,0.010,0.960,0.030
40000,0.010,0.791,0.199
40500,0.010,0.866,0.124
41000,0.010,0.958,0.032
41500,0.010,0.676,0.314
42000,0.010,0.625,0.365
42500,0.010,0.902,0.088
43000,0.010,0.668,0.322
43500,0.010,0.624,0.366
44000,0.010,0.817,0.173
44500,0.010,0.830,0.160
45000,0.010,0.816,0.174
45500,0.010,0.938,0.052
46000,0.010,0.930,0.060
46500,0.010,0.763,0.227
47000,0.010,0.948,0.042
47500,0.010,0.885,0.105
48000,0.010,0.809,0.181
48500,0.010,0.738,0.252
49000,0.010,0.783,0.207
49500,0.010,0.798,0.192
50000,0.010,0.612,0.378
50500,0.010,0.736,0.254
51000,0.010,0.853,0.137
51500,0.010,0.765,0.225
52000,0.010,0.739,0.251
52500,0.010,0.905,0.085
53000,0.010,0.789,0.201
53500,0.010,0.670,0.320
54000,0.010,0.790,0.200
54500,0.010,0.871,0.119
55000,0.010,0.857,0.133
55500,0.010,0.990,0.000
56000,0.010,0.570,0.420
56500,0.010,0.868,0.122
57000,0.010,0.901,0.089
57500,0.010,0.839,0.151
58000,0.010,0.835,0.155
58500,0.010,0.765,0.225
59000,0.010,0.702,0.288
59500,0.010,0.833,0.157
60000,0.010,0.832,0.158
60500,0.010,0.870,0.120
61000,0.010,0.828,0.162
61500,0.010,0.720,0.270
62000,0.010,0.765,0.225
62500,0.010,0.780,0.210
63000,0.010,0.831,0.159
63500,0.010,0.964,0.026
64000,0.010,0.963,0.027
64500,0.010,0.876,0.114
65000,0.010,0.831,0.159
65500,0.010,0.961,0.029
66000,0.010,0.784,0.206
66500,0.010,0.678,0.312
67000,0.010,0.942,0.048
67500,0.010,0.958,0.032
68000,0.010,0.911,0.079
68500,0.010,0.803,0.187
69000,0.010,0.940,0.050
69500,0.010,0.715,0.275
70000,0.010,0.905,0.085
70500,0.010,0.898,0.092
71000,0.010,0.746,0.244
71500,0.010,0.647,0.343
72000,0.010,0.898,0.092
72500,0.010,0.915,0.075
73000,0.010,0.860,0.130
73500,0.010,0.794,0.196
74000,0.010,0.854,0.136
74500,0.010,0.781,0.209
75000,0.010,0.892,0.098
75500,0.010,0.972,0.018
76000,0.010,0.793,0.197
76500,0.010,0.953,0.037
77000,0.010,0.914,0.076
77500,0.010,0.742,0.248
78000,0.010,0.727,0.263
78500,0.010,0.791,0.199
79000,0.010,0.805,0.185
79500,0.010,0.826,0.164
80000,0.010,0.744,0.246
80500,0.010,0.929,0.061
81000,0.010,0.851,0.139
81500,0.010,0.841,0.149
82000,0.010,0.535,0.455
82500,0.010,0.728,0.262
83000,0.010,0.794,0.196
83500,0.010,0.958,0.032
84000,0.010,0.764,0.226
84500,0.010,0.752,0.238
85000,0.010,0.941,0.049
85500,0.010,0.840,0.150
86000,0.010,0.824,0.166
86500,0.010,0.785,0.205
87000,0.010,0.784,0.206
87500,0.010,0.910,0.080
88000,0.010,0.929,0.061
88500,0.010,0.746,0.244
89000,0.010,0.890,0.100
89500,0.010,0.611,0.379
90000,0.010,0.835,0.155
90500,0.010,0.769,0.221
91000,0.010,0.830,0.160
91500,0.010,0.990,0.000
92000,0.010,0.816,0.174
92500,0.010,0.806,0.184
93000,0.010,0.876,0.114
93500,0.010,0.835,0.155
94000,0.010,0.979,0.011
94500,0.010,0.975,0.015
95000,0.010,0.886,0.104
95500,0.010,0.786,0.204
96000,0.010,0.554,0.436
96500,0.010,0.843,0.147
97000,0.010,0.627,0.363
97500,0.010,0.908,0.082
98000,0.010,0.987,0.003
98500,0.010,0.823,0.167
99000,0.010,0.878,0.112
99500,0.010,0.900,0.090
100000,0.010,0.918,0.072
100500,0.010,0.980,0.010
101000,0.010,0.897,0.093
101500,0.010,0.985,0.005
102000,0.010,0.661,0.329
102500,0.010,0.677,0.313
103000,0.010,0.988,0.002
103500,0.010,0.927,0.063
104000,0.010,0.785,0.205
104500,0.010,0.918,0.072
105000,0.010,0.990,0.000
105500,0.010,0.955,0.035
106000,0.010,0.742,0.248
106500,0.010,0.906,0.084
107000,0.010,0.480,0.510
107500,0.010,0.732,0.258
108000,0.010,0.715,0.275
108500,0.010,0.876,0.114
109000,0.010,0.989,0.001
109500,0.010,0.974,0.016
110000,0.010,0.954,0.036
110500,0.010,0.990,0.000
111000,0.010,0.800,0.190
111500,0.010,0.778,0.212
112000,0.010,0.564,0.426
112500,0.010,0.854,0.136
113000,0.010,0.831,0.159
113500,0.010,0.940,0.050
114000,0.010,0.874,0.116
114500,0.010,0.746,0.244
115000,0.010,0.807,0.183
115500,0.010,0.831,0.159
116000,0.010,0.965,0.025
116500,0.010,0.909,0.081
117000,0.010,0.678,0.312
117500,0.010,0.893,0.097
118000,0.010,0.624,0.366
118500,0.010,0.741,0.249
119000,0.010,0.943,0.047
119500,0.010,0.884,0.106
120000,0.010,0.970,0.020
120500,0.010,0.881,0.109
121000,0.010,0.681,0.309
121500,0.010,0.911,0.079
122000,0.010,0.649,0.341
122500,0.010,0.749,0.241
123000,0.010,0.857,0.133
123500,0.010,0.902,0.088
124000,0.010,0.808,0.182
124500,0.010,0.486,0.504
125000,0.010,0.682,0.308
125500,0.010,0.784,0.206
126000,0.010,0.647,0.343
126500,0.010,0.842,0.148
127000,0.010,0.770,0.220
127500,0.010,0.834,0.156
128000,0.010,0.973,0.017
128500,0.010,0.987,0.003
129000,0.010,0.937,0.053
129500,0.010,0.990,0.000
130000,0.010,0.761,0.229
130500,0.010,0.867,0.123
131000,0.010,0.866,0.124
131500,0.010,0.889,0.101
132000,0.010,0.713,0.277
132500,0.010,0.647,0.343
133000,0.010,0.905,0.085
133500,0.010,0.868,0.122
134000,0.010,0.950,0.040
134500,0.010,0.881,0.109
135000,0.010,0.670,0.320
135500,0.010,0.735,0.255
136000,0.010,0.831,0.159
136500,0.010,0.896,0.094
137000,0.010,0.963,0.027
137500,0.010,0.990,0.000
138000,0.010,0.654,0.336
138500,0.010,0.607,0.383
139000,0.010,0.915,0.075
139500,0.010,0.907,0.083
140000,0.010,0.870,0.120
140500,0.010,0.737,0.253
141000,0.010,0.612,0.378
141500,0.010,0.843,0.147
142000,0.010,0.858,0.132
142500,0.010,0.896,0.094
143000,0.010,0.880,0.110
143500,0.010,0.959,0.031
144000,0.010,0.769,0.221
144500,0.010,0.790,0.200
145000,0.010,0.868,0.122
145500,0.010,0.976,0.014
146000,0.010,0.553,0.437
146500,0.010,0.923,0.067
147000,0.010,0.808,0.182
147500,0.010,0.774,0.216
148000,0.010,0.740,0.250
148500,0.010,0.717,0.273
149000,0.010,0.934,0.056
149500,0.010,0.873,0.117
150000,0.010,0.682,0.308
150500,0.010,0.947,0.043
151000,0.010,0.962,0.028
151500,0.010,0.792,0.198
152000,0.010,0.762,0.228
152500,0.010,0.787,0.203
153000,0.010,0.881,0.109
153500,0.010,0.900,0.090
154000,0.010,0.760,0.230
154500,0.010,0.923,0.067
155000,0.010,0.857,0.133
155500,0.010,0.894,0.096
156000,0.010,0.883,0.107
156500,0.010,0.807,0.183
157000,0.010,0.781,0.209
157500,0.010,0.764,0.226
158000,0.010,0.594,0.396
158500,0.010,0.782,0.208
159000,0.010,0.520,0.470
159500,0.010,0.863,0.127
160000,0.010,0.747,0.243
160500,0.010,0.866,0.124
161000,0.010,0.656,0.334
161500,0.010,0.696,0.294
162000,0.010,0.611,0.379
162500,0.010,0.702,0.288
163000,0.010,0.797,0.193
163500,0.010,0.875,0.115
164000,0.010,0.789,0.201
164500,0.010,0.782,0.208
165000,0.010,0.954,0.036
165500,0.010,0.986,0.004
166000,0.010,0.970,0.020
166500,0.010,0.697,0.293
167000,0.010,0.785,0.205
167500,0.010,0.905,0.085
168000,0.010,0.836,0.154
168500,0.010,0.775,0.215
169000,0.010,0.910,0.080
169500,0.010,0.907,0.083
170000,0.010,0.944,0.046
170500,0.010,0.944,0.046
171000,0.010,0.951,0.039
171500,0.010,0.763,0.227
172000,0.010,0.783,0.207
172500,0.010,0.950,0.040
173000,0.010,0.990,0.000
173500,0.010,0.863,0.127
174000,0.010,0.949,0.041
174500,0.010,0.955,0.035
175000,0.010,0.900,0.090
175500,0.010,0.935,0.055
176000,0.010,0.753,0.237
176500,0.010,0.987,0.003
177000,0.010,0.983,0.007
177500,0.010,0.933,0.057
178000,0.010,0.908,0.082
178500,0.010,0.967,0.023
179000,0.010,0.862,0.128
179500,0.010,0.889,0.101
180000,0.010,0.681,0.309
180500,0.010,0.739,0.251
181000,0.010,0.946,0.044
181500,0.010,0.881,0.109
182000,0.010,0.921,0.069
182500,0.010,0.803,0.187
183000,0.010,0.913,0.077
183500,0.010,0.936,0.054
184000,0.010,0.657,0.333
184500,0.010,0.800,0.190
185000,0.010,0.873,0.117
185500,0.010,0.959,0.031
186000,0.010,0.633,0.357
186500,0.010,0.550,0.440
187000,0.010,0.773,0.217
187500,0.010,0.762,0.228
188000,0.010,0.536,0.454
188500,0.010,0.840,0.150
189000,0.010,0.899,0.091
189500,0.010,0.765,0.225
190000,0.010,0.801,0.189
190500,0.010,0.761,0.229
191000,0.010,0.934,0.056
191500,0.010,0.865,0.125
192000,0.010,0.908,0.082
192500,0.010,0.778,0.212
193000,0.010,0.882,0.108
193500,0.010,0.932,0.058
194000,0.010,0.650,0.340
194500,0.010,0.848,0.142
195000,0.010,0.952,0.038
195500,0.010,0.899,0.091
196000,0.010,0.796,0.194
196500,0.010,0.912,0.078
197000,0.010,0.838,0.152
197500,0.010,0.890,0.100
198000,0.010,0.935,0.055
198500,0.010,0.985,0.005
199000,0.010,0.950,0.040
199500,0.010,0.791,0.199
200000,0.010,0.755,0.235
200500,0.010,0.780,0.210
201000,0.010,0.955,0.035
201500,0.010,0.863,0.127
202000,0.010,0.631,0.359
202500,0.010,0.833,0.157
203000,0.010,0.938,0.052
203500,0.010,0.917,0.073
204000,0.010,0.836,0.154
204500,0.010,0.960,0.030
205000,0.010,0.892,0.098
205500,0.010,0.954,0.036
206000,0.010,0.705,0.285
206500,0.010,0.569,0.421
207000,0.010,0.922,0.068
207500,0.010,0.949,0.041
208000,0.010,0.889,0.101
208500,0.010,0.769,0.221
209000,0.010,0.630,0.360
209500,0.010,0.630,0.360
210000,0.010,0.685,0.305
210500,0.010,0.760,0.230
211000,0.010,0.700,0.290
211500,0.010,0.634,0.356
212000,0.010,0.571,0.419
212500,0.010,0.881,0.109
213000,0.010,0.611,0.379
213500,0.010,0.892,0.098
214000,0.010,0.859,0.131
214500,0.010,0.911,0.079
215000,0.010,0.775,0.215
215500,0.010,0.808,0.182
216000,0.010,0.794,0.196
216500,0.010,0.969,0.021
217000,0.010,0.856,0.134
217500,0.010,0.616,0.374
218000,0.010,0.942,0.048
218500,0.010,0.840,0.150
219000,0.010,0.920,0.070
219500,0.010,0.971,0.019
220000,0.010,0.938,0.052
220500,0.010,0.929,0.061
221000,0.010,0.778,0.212
221500,0.010,0.942,0.048
222000,0.010,0.890,0.100
222500,0.010,0.795,0.195
223000,0.010,0.746,0.244
223500,0.010,0.839,0.151
224000,0.010,0.827,0.163
224500,0.010,0.909,0.081
225000,0.010,0.716,0.274
225500,0.010,0.543,0.447
226000,0.010,0.676,0.314
226500,0.010,0.975,0.015
227000,0.010,0.947,0.043
227500,0.010,0.684,0.306
228000,0.010,0.965,0.025
228500,0.010,0.937,0.053
229000,0.010,0.741,0.249
229500,0.010,0.837,0.153
230000,0.010,0.900,0.090
230500,0.010,0.913,0.077
231000,0.010,0.864,0.126
231500,0.010,0.689,0.301
232000,0.010,0.978,0.012
232500,0.010,0.896,0.094
233000,0.010,0.846,0.144
233500,0.010,0.704,0.286
234000,0.010,0.927,0.063
234500,0.010,0.990,0.000
235000,0.010,0.965,0.025
235500,0.010,0.850,0.140
236000,0.010,0.763,0.227
236500,0.010,0.924,0.066
237000,0.010,0.774,0.216
237500,0.010,0.567,0.423
238000,0.010,0.714,0.276
238500,0.010,0.548,0.442
239000,0.010,0.924,0.066
239500,0.010,0.870,0.120
240000,0.010,0.853,0.137
240500,0.010,0.688,0.302
241000,0.010,0.747,0.243
241500,0.010,0.705,0.285
242000,0.010,0.882,0.108
242500,0.010,0.772,0.218
243000,0.010,0.804,0.186
243500,0.010,0.574,0.416
244000,0.010,0.754,0.236
244500,0.010,0.967,0.023
245000,0.010,0.911,0.079
245500,0.010,0.960,0.030
246000,0.010,0.923,0.067
246500,0.010,0.784,0.206
247000,0.010,0.862,0.128
247500,0.010,0.935,0.055
248000,0.010,0.554,0.436
248500,0.010,0.672,0.318
249000,0.010,0.889,0.101
249500,0.010,0.869,0.121
250000,0.010,0.987,0.003
250500,0.010,0.943,0.047
251000,0.010,0.661,0.329
251500,0.010,0.874,0.116
252000,0.010,0.905,0.085
252500,0.010,0.768,0.222
253000,0.010,0.715,0.275
253500,0.010,0.915,0.075
254000,0.010,0.762,0.228
254500,0.010,0.862,0.128
255000,0.010,0.943,0.047
255500,0.010,0.690,0.300
256000,0.010,0.900,0.090
256500,0.010,0.961,0.029
257000,0.010,0.835,0.155
257500,0.010,0.814,0.176
258000,0.010,0.639,0.351
258500,0.010,0.965,0.025
259000,0.010,0.990,0.000
259500,0.010,0.447,0.543
260000,0.010,0.866,0.124
260500,0.010,0.910,0.080
261000,0.010,0.862,0.128
261500,0.010,0.762,0.228
262000,0.010,0.889,0.101
262500,0.010,0.929,0.061
263000,0.010,0.939,0.051
263500,0.010,0.891,0.099
264000,0.010,0.757,0.233
264500,0.010,0.869,0.121
265000,0.010,0.875,0.115
265500,0.010,0.783,0.207
266000,0.010,0.631,0.359
266500,0.010,0.793,0.197
267000,0.010,0.826,0.164
267500,0.010,0.855,0.135
268000,0.010,0.801,0.189
268500,0.010,0.906,0.084
269000,0.010,0.890,0.100
269500,0.010,0.764,0.226
270000,0.010,0.664,0.326
270500,0.010,0.730,0.260
271000,0.010,0.889,0.101
271500,0.010,0.714,0.276
272000,0.010,0.785,0.205
272500,0.010,0.717,0.273
273000,0.010,0.767,0.223
273500,0.010,0.878,0.112
274000,0.010,0.838,0.152
274500,0.010,0.774,0.216
275000,0.010,0.686,0.304
275500,0.010,0.935,0.055
276000,0.010,0.987,0.003
276500,0.010,0.903,0.087
277000,0.010,0.940,0.050
277500,0.010,0.804,0.186
278000,0.010,0.763,0.227
278500,0.010,0.763,0.227
279000,0.010,0.882,0.108
279500,0.010,0.688,0.302
280000,0.010,0.740,0.250
280500,0.010,0.823,0.167
281000,0.010,0.802,0.188
281500,0.010,0.819,0.171
282000,0.010,0.784,0.206
282500,0.010,0.720,0.270
283000,0.010,0.847,0.143
283500,0.010,0.854,0.136
284000,0.010,0.896,0.094
284500,0.010,0.889,0.101
285000,0.010,0.706,0.284
285500,0.010,0.655,0.335
286000,0.010,0.652,0.338
286500,0.010,0.824,0.166
287000,0.010,0.917,0.073
287500,0.010,0.965,0.025
288000,0.010,0.769,0.221
288500,0.010,0.791,0.199
289000,0.010,0.866,0.124
289500,0.010,0.609,0.381
290000,0.010,0.664,0.326
290500,0.010,0.782,0.208
291000,0.010,0.759,0.231
291500,0.010,0.849,0.141
292000,0.010,0.520,0.470
292500,0.010,0.595,0.395
293000,0.010,0.777,0.213
293500,0.010,0.964,0.026
294000,0.010,0.581,0.409
294500,0.010,0.702,0.288
295000,0.010,0.725,0.265
295500,0.010,0.932,0.058
296000,0.010,0.701,0.289
296500,0.010,0.612,0.378
297000,0.010,0.841,0.149
297500,0.010,0.929,0.061
298000,0.010,0.648,0.342
298500,0.010,0.780,0.210
299000,0.010,0.880,0.110
299500,0.010,0.868,0.122
300000,0.010,0.803,0.187
300500,0.010,0.736,0.254
301000,0.010,0.557,0.433
301500,0.010,0.819,0.171
302000,0.010,0.666,0.324
302500,0.010,0.912,0.078
303000,0.010,0.671,0.319
303500,0.010,0.883,0.107
304000,0.010,0.771,0.219
304500,0.010,0.952,0.038
305000,0.010,0.747,0.243
305500,0.010,0.869,0.121
306000,0.010,0.890,0.100
306500,0.010,0.847,0.143
307000,0.010,0.770,0.220
307500,0.010,0.849,0.141
308000,0.010,0.772,0.218
308500,0.010,0.720,0.270
309000,0.010,0.536,0.454
309500,0.010,0.769,0.221
310000,0.010,0.748,0.242
310500,0.010,0.937,0.053
311000,0.010,0.917,0.073
311500,0.010,0.903,0.087
312000,0.010,0.699,0.291
312500,0.010,0.795,0.195
313000,0.010,0.793,0.197
313500,0.010,0.861,0.129
314000,0.010,0.593,0.397
314500,0.010,0.898,0.092
315000,0.010,0.856,0.134
315500,0.010,0.742,0.248
316000,0.010,0.807,0.183
316500,0.010,0.961,0.029
317000,0.010,0.793,0.197
317500,0.010,0.676,0.314
318000,0.010,0.756,0.234
318500,0.010,0.958,0.032
319000,0.010,0.767,0.223
319500,0.010,0.973,0.017
320000,0.010,0.925,0.065
320500,0.010,0.752,0.238
321000,0.010,0.765,0.225
321500,0.010,0.769,0.221
322000,0.010,0.777,0.213
322500,0.010,0.776,0.214
323000,0.010,0.895,0.095
323500,0.010,0.899,0.091
324000,0.010,0.784,0.206
324500,0.010,0.752,0.238
325000,0.010,0.831,0.159
325500,0.010,0.835,0.155
326000,0.010,0.895,0.095
326500,0.010,0.878,0.112
327000,0.010,0.653,0.337
327500,0.010,0.693,0.297
328000,0.010,0.551,0.439
328500,0.010,0.841,0.149
329000,0.010,0.857,0.133
329500,0.010,0.909,0.081
330000,0.010,0.790,0.200
330500,0.010,0.892,0.098
331000,0.010,0.886,0.104
331500,0.010,0.873,0.117
332000,0.010,0.860,0.130
332500,0.010,0.607,0.383
333000,0.010,0.804,0.186
333500,0.010,0.935,0.055
334000,0.010,0.836,0.154
334500,0.010,0.894,0.096
335000,0.010,0.783,0.207
335500,0.010,0.781,0.209
336000,0.010,0.732,0.258
336500,0.010,0.905,0.085
337000,0.010,0.726,0.264
337500,0.010,0.902,0.088
338000,0.010,0.988,0.002
338500,0.010,0.886,0.104
339000,0.010,0.966,0.024
339500,0.010,0.954,0.036
340000,0.010,0.869,0.121
340500,0.010,0.681,0.309
341000,0.010,0.748,0.242
341500,0.010,0.733,0.257
342000,0.010,0.938,0.052
342500,0.010,0.898,0.092
343000,0.010,0.912,0.078
343500,0.010,0.886,0.104
344000,0.010,0.875,0.115
344500,0.010,0.975,0.015
345000,0.010,0.767,0.223
345500,0.010,0.845,0.145
346000,0.010,0.854,0.136
346500,0.010,0.497,0.493
347000,0.010,0.744,0.246
347500,0.010,0.847,0.143
348000,0.010,0.892,0.098
348500,0.010,0.740,0.250
349000,0.010,0.794,0.196
349500,0.010,0.553,0.437
350000,0.010,0.931,0.059
350500,0.010,0.919,0.071
351000,0.010,0.796,0.194
351500,0.010,0.786,0.204
352000,0.010,0.792,0.198
352500,0.010,0.640,0.350
353000,0.010,0.797,0.193
353500,0.010,0.781,0.209
354000,0.010,0.823,0.167
354500,0.010,0.737,0.253
355000,0.010,0.531,0.459
355500,0.010,0.896,0.094
356000,0.010,0.651,0.339
356500,0.010,0.893,0.097
357000,0.010,0.857,0.133
357500,0.010,0.908,0.082
358000,0.010,0.755,0.235
358500,0.010,0.773,0.217
359000,0.010,0.963,0.027
359500,0.010,0.815,0.175
360000,0.010,0.949,0.041
360500,0.010,0.796,0.194
361000,0.010,0.970,0.020
361500,0.010,0.929,0.061
362000,0.010,0.694,0.296
362500,0.010,0.737,0.253
363000,0.010,0.988,0.002
363500,0.010,0.855,0.135
364000,0.010,0.666,0.324
364500,0.010,0.669,0.321
365000,0.010,0.686,0.304
365500,0.010,0.884,0.106
366000,0.010,0.560,0.430
366500,0.010,0.678,0.312
367000,0.010,0.664,0.326
367500,0.010,0.782,0.208
368000,0.010,0.846,0.144
368500,0.010,0.745,0.245
369000,0.010,0.491,0.499
369500,0.010,0.951,0.039
370000,0.010,0.760,0.230
370500,0.010,0.879,0.111
371000,0.010,0.821,0.169
371500,0.010,0.671,0.319
372000,0.010,0.940,0.050
372500,0.010,0.985,0.005
373000,0.010,0.821,0.169
373500,0.010,0.930,0.060
374000,0.010,0.944,0.046
374500,0.010,0.900,0.090
375000,0.010,0.880,0.110
375500,0.010,0.820,0.170
376000,0.010,0.803,0.187
376500,0.010,0.704,0.286
377000,0.010,0.475,0.515
377500,0.010,0.829,0.161
378000,0.010,0.738,0.252
378500,0.010,0.718,0.272
379000,0.010,0.938,0.052
379500,0.010,0.817,0.173
380000,0.010,0.684,0.306
380500,0.010,0.770,0.220
381000,0.010,0.805,0.185
381500,0.010,0.841,0.149
382000,0.010,0.740,0.250
382500,0.010,0.752,0.238
383000,0.010,0.987,0.003
383500,0.010,0.914,0.076
384000,0.010,0.969,0.021
384500,0.010,0.677,0.313
385000,0.010,0.931,0.059
385500,0.010,0.769,0.221
386000,0.010,0.942,0.048
386500,0.010,0.987,0.003
387000,0.010,0.945,0.045
387500,0.010,0.829,0.161
388000,0.010,0.660,0.330
388500,0.010,0.722,0.268
389000,0.010,0.812,0.178
389500,0.010,0.869,0.121
390000,0.010,0.839,0.151
390500,0.010,0.843,0.147
391000,0.010,0.788,0.202
391500,0.010,0.928,0.062
392000,0.010,0.945,0.045
392500,0.010,0.807,0.183
393000,0.010,0.609,0.381
393500,0.010,0.784,0.206
394000,0.010,0.885,0.105
394500,0.010,0.946,0.044
395000,0.010,0.892,0.098
395500,0.010,0.589,0.401
396000,0.010,0.853,0.137
396500,0.010,0.780,0.210
397000,0.010,0.788,0.202
397500,0.010,0.742,0.248
398000,0.010,0.827,0.163
398500,0.010,0.718,0.272
399000,0.010,0.865,0.125
399500,0.010,0.966,0.024
400000,0.010,0.937,0.053
400500,0.010,0.711,0.279
401000,0.010,0.693,0.297
401500,0.010,0.398,0.592
402000,0.010,0.755,0.235
402500,0.010,0.471,0.519
403000,0.010,0.707,0.283
403500,0.010,0.927,0.063
404000,0.010,0.985,0.005
404500,0.010,0.939,0.051
405000,0.010,0.940,0.050
405500,0.010,0.682,0.308
406000,0.010,0.718,0.272
406500,0.010,0.873,0.117
407000,0.010,0.734,0.256
407500,0.010,0.845,0.145
408000,0.010,0.923,0.067
408500,0.010,0.865,0.125
409000,0.010,0.655,0.335
409500,0.010,0.779,0.211
410000,0.010,0.740,0.250
410500,0.010,0.820,0.170
411000,0.010,0.642,0.348
411500,0.010,0.931,0.059
412000,0.010,0.898,0.092
412500,0.010,0.771,0.219
413000,0.010,0.926,0.064
413500,0.010,0.806,0.184
414000,0.010,0.734,0.256
414500,0.010,0.864,0.126
415000,0.010,0.869,0.121
415500,0.010,0.910,0.080
416000,0.010,0.896,0.094
416500,0.010,0.989,0.001
417000,0.010,0.978,0.012
417500,0.010,0.705,0.285
418000,0.010,0.971,0.019
418500,0.010,0.990,0.000
419000,0.010,0.921,0.069
419500,0.010,0.808,0.182
420000,0.010,0.968,0.022
420500,0.010,0.727,0.263
421000,0.010,0.782,0.208
421500,0.010,0.907,0.083
422000,0.010,0.902,0.088
422500,0.010,0.820,0.170
423000,0.010,0.953,0.037
423500,0.010,0.863,0.127
424000,0.010,0.944,0.046
424500,0.010,0.709,0.281
425000,0.010,0.860,0.130
425500,0.010,0.861,0.129
426000,0.010,0.862,0.128
426500,0.010,0.745,0.245
427000,0.010,0.784,0.206
427500,0.010,0.899,0.091
428000,0.010,0.924,0.066
428500,0.010,0.931,0.059
429000,0.010,0.871,0.119
429500,0.010,0.665,0.325
430000,0.010,0.845,0.145
430500,0.010,0.815,0.175
431000,0.010,0.890,0.100
431500,0.010,0.843,0.147
432000,0.010,0.750,0.240
432500,0.010,0.908,0.082
433000,0.010,0.955,0.035
433500,0.010,0.803,0.187
434000,0.010,0.763,0.227
434500,0.010,0.939,0.051
435000,0.010,0.690,0.300
435500,0.010,0.930,0.060
436000,0.010,0.964,0.026
436500,0.010,0.989,0.001
437000,0.010,0.954,0.036
437500,0.010,0.753,0.237
438000,0.010,0.864,0.126
438500,0.010,0.936,0.054
439000,0.010,0.796,0.194
439500,0.010,0.927,0.063
440000,0.010,0.824,0.166
440500,0.010,0.909,0.081
441000,0.010,0.911,0.079
441500,0.010,0.863,0.127
442000,0.010,0.876,0.114
442500,0.010,0.933,0.057
443000,0.010,0.893,0.097
443500,0.010,0.541,0.449
444000,0.010,0.843,0.147
444500,0.010,0.789,0.201
445000,0.010,0.619,0.371
445500,0.010,0.633,0.357
446000,0.010,0.678,0.312
446500,0.010,0.936,0.054
447000,0.010,0.837,0.153
447500,0.010,0.954,0.036
448000,0.010,0.965,0.025
448500,0.010,0.925,0.065
449000,0.010,0.878,0.112
449500,0.010,0.853,0.137
450000,0.010,0.673,0.317
450500,0.010,0.791,0.199
451000,0.010,0.807,0.183
451500,0.010,0.855,0.135
452000,0.010,0.990,0.000
452500,0.010,0.971,0.019
453000,0.010,0.847,0.143
453500,0.010,0.771,0.219
454000,0.010,0.819,0.171
454500,0.010,0.947,0.043
455000,0.010,0.935,0.055
455500,0.010,0.963,0.027
456000,0.010,0.927,0.063
456500,0.010,0.963,0.027
457000,0.010,0.817,0.173
457500,0.010,0.777,0.213
458000,0.010,0.813,0.177
458500,0.010,0.856,0.134
459000,0.010,0.831,0.159
459500,0.010,0.896,0.094
460000,0.010,0.936,0.054
460500,0.010,0.976,0.014
461000,0.010,0.789,0.201
461500,0.010,0.800,0.190
462000,0.010,0.688,0.302
462500,0.010,0.890,0.100
463000,0.010,0.941,0.049
463500,0.010,0.913,0.077
464000,0.010,0.883,0.107
464500,0.010,0.808,0.182
465000,0.010,0.970,0.020
465500,0.010,0.976,0.014
466000,0.010,0.989,0.001
466500,0.010,0.886,0.104
467000,0.010,0.826,0.164
467500,0.010,0.959,0.031
468000,0.010,0.824,0.166
468500,0.010,0.709,0.281
469000,0.010,0.808,0.182
469500,0.010,0.741,0.249
470000,0.010,0.851,0.139
470500,0.010,0.572,0.418
471000,0.010,0.737,0.253
471500,0.010,0.952,0.038
472000,0.010,0.822,0.168
472500,0.010,0.963,0.027
473000,0.010,0.756,0.234
473500,0.010,0.880,0.110
474000,0.010,0.749,0.241
474500,0.010,0.836,0.154
475000,0.010,0.771,0.219
475500,0.010,0.691,0.299
476000,0.010,0.657,0.333
476500,0.010,0.755,0.235
477000,0.010,0.940,0.050
477500,0.010,0.922,0.068
478000,0.010,0.946,0.044
478500,0.010,0.870,0.120
479000,0.010,0.712,0.278
479500,0.010,0.916,0.074
480000,0.010,0.957,0.033
480500,0.010,0.825,0.165
481000,0.010,0.752,0.238
481500,0.010,0.826,0.164
482000,0.010,0.891,0.099
482500,0.010,0.890,0.100
483000,0.010,0.951,0.039
483500,0.010,0.947,0.043
484000,0.010,0.983,0.007
484500,0.010,0.955,0.035
485000,0.010,0.911,0.079
485500,0.010,0.662,0.328
486000,0.010,0.959,0.031
486500,0.010,0.775,0.215
487000,0.010,0.917,0.073
487500,0.010,0.768,0.222
488000,0.010,0.737,0.253
488500,0.010,0.912,0.078
489000,0.010,0.938,0.052
489500,0.010,0.943,0.047
490000,0.010,0.932,0.058
490500,0.010,0.792,0.198
491000,0.010,0.822,0.168
491500,0.010,0.752,0.238
492000,0.010,0.892,0.098
492500,0.010,0.990,0.000
493000,0.010,0.957,0.033
493500,0.010,0.839,0.151
494000,0.010,0.941,0.049
494500,0.010,0.537,0.453
495000,0.010,0.754,0.236
495500,0.010,0.769,0.221
496000,0.010,0.894,0.096
496500,0.010,0.931,0.059
497000,0.010,0.876,0.114
497500,0.010,0.701,0.289
498000,0.010,0.837,0.153
498500,0.010,0.857,0.133
499000,0.010,0.899,0.091
499500,0.010,0.933,0.057
500000,0.010,0.986,0.004
500500,0.010,0.948,0.042
501000,0.010,0.815,0.175
501500,0.010,0.768,0.222
502000,0.010,0.913,0.077
502500,0.010,0.855,0.135
503000,0.010,0.586,0.404
503500,0.010,0.555,0.435
504000,0.010,0.816,0.174
504500,0.010,0.848,0.142
505000,0.010,0.746,0.244
505500,0.010,0.682,0.308
506000,0.010,0.721,0.269
506500,0.010,0.823,0.167
507000,0.010,0.639,0.351
507500,0.010,0.862,0.128
508000,0.010,0.821,0.169
508500,0.010,0.962,0.028
509000,0.010,0.838,0.152
509500,0.010,0.780,0.210
510000,0.010,0.672,0.318
510500,0.010,0.767,0.223
511000,0.010,0.890,0.100
511500,0.010,0.780,0.210
512000,0.010,0.829,0.161
512500,0.010,0.874,0.116
513000,0.010,0.791,0.199
513500,0.010,0.861,0.129
514000,0.010,0.743,0.247
514500,0.010,0.832,0.158
515000,0.010,0.533,0.457
515500,0.010,0.766,0.224
516000,0.010,0.764,0.226
516500,0.010,0.901,0.089
517000,0.010,0.824,0.166
517500,0.010,0.794,0.196
518000,0.010,0.957,0.033
518500,0.010,0.633,0.357
519000,0.010,0.939,0.051
519500,0.010,0.987,0.003
520000,0.010,0.955,0.035
520500,0.010,0.649,0.341
521000,0.010,0.940,0.050
521500,0.010,0.775,0.215
522000,0.010,0.825,0.165
522500,0.010,0.747,0.243
523000,0.010,0.843,0.147
523500,0.010,0.570,0.420
524000,0.010,0.925,0.065
524500,0.010,0.562,0.428
525000,0.010,0.518,0.472
525500,0.010,0.797,0.193
526000,0.010,0.908,0.082
526500,0.010,0.955,0.035
527000,0.010,0.974,0.016
527500,0.010,0.587,0.403
528000,0.010,0.916,0.074
528500,0.010,0.739,0.251
529000,0.010,0.929,0.061
529500,0.010,0.814,0.176
530000,0.010,0.865,0.125
530500,0.010,0.656,0.334
531000,0.010,0.731,0.259
531500,0.010,0.684,0.306
532000,0.010,0.728,0.262
532500,0.010,0.706,0.284
533000,0.010,0.742,0.248
533500,0.010,0.653,0.337
534000,0.010,0.725,0.265
534500,0.010,0.783,0.207
535000,0.010,0.854,0.136
535500,0.010,0.823,0.167
536000,0.010,0.720,0.270
536500,0.010,0.923,0.067
537000,0.010,0.899,0.091
537500,0.010,0.929,0.061
538000,0.010,0.709,0.281
538500,0.010,0.774,0.216
539000,0.010,0.948,0.042
539500,0.010,0.942,0.048
540000,0.010,0.904,0.086
540500,0.010,0.791,0.199
541000,0.010,0.845,0.145
541500,0.010,0.794,0.196
542000,0.010,0.842,0.148
542500,0.010,0.834,0.156
543000,0.010,0.916,0.074
543500,0.010,0.588,0.402
544000,0.010,0.518,0.472
544500,0.010,0.812,0.178
545000,0.010,0.655,0.335
545500,0.010,0.602,0.388
546000,0.010,0.886,0.104
546500,0.010,0.893,0.097
547000,0.010,0.772,0.218
547500,0.010,0.934,0.056
548000,0.010,0.874,0.116
548500,0.010,0.978,0.012
549000,0.010,0.838,0.152
549500,0.010,0.889,0.101
550000,0.010,0.908,0.082
550500,0.010,0.875,0.115
551000,0.010,0.987,0.003
551500,0.010,0.829,0.161
552000,0.010,0.714,0.276
552500,0.010,0.796,0.194
553000,0.010,0.848,0.142
553500,0.010,0.621,0.369
554000,0.010,0.676,0.314
554500,0.010,0.774,0.216
555000,0.010,0.987,0.003
555500,0.010,0.612,0.378
556000,0.010,0.805,0.185
556500,0.010,0.979,0.011
557000,0.010,0.983,0.007
557500,0.010,0.863,0.127
558000,0.010,0.866,0.124
558500,0.010,0.738,0.252
559000,0.010,0.587,0.403
559500,0.010,0.765,0.225
560000,0.010,0.984,0.006
560500,0.010,0.990,0.000
561000,0.010,0.918,0.072
561500,0.010,0.762,0.228
562000,0.010,0.868,0.122
562500,0.010,0.840,0.150
563000,0.010,0.937,0.053
563500,0.010,0.536,0.454
564000,0.010,0.684,0.306
564500,0.010,0.908,0.082
565000,0.010,0.905,0.085
565500,0.010,0.927,0.063
566000,0.010,0.965,0.025
566500,0.010,0.831,0.159
567000,0.010,0.891,0.099
567500,0.010,0.910,0.080
568000,0.010,0.854,0.136
568500,0.010,0.656,0.334
569000,0.010,0.770,0.220
569500,0.010,0.870,0.120
570000,0.010,0.923,0.067
570500,0.010,0.820,0.170
571000,0.010,0.923,0.067
571500,0.010,0.630,0.360
572000,0.010,0.748,0.242
572500,0.010,0.681,0.309
573000,0.010,0.892,0.098
573500,0.010,0.746,0.244
574000,0.010,0.808,0.182
574500,0.010,0.924,0.066
575000,0.010,0.931,0.059
575500,0.010,0.807,0.183
576000,0.010,0.716,0.274
576500,0.010,0.964,0.026
577000,0.010,0.696,0.294
577500,0.010,0.481,0.509
578000,0.010,0.634,0.356
578500,0.010,0.593,0.397
579000,0.010,0.799,0.191
579500,0.010,0.903,0.087
580000,0.010,0.551,0.439
580500,0.010,0.857,0.133
581000,0.010,0.868,0.122
581500,0.010,0.849,0.141
582000,0.010,0.768,0.222
582500,0.010,0.736,0.254
583000,0.010,0.817,0.173
583500,0.010,0.841,0.149
584000,0.010,0.641,0.349
584500,0.010,0.832,0.158
585000,0.010,0.540,0.450
585500,0.010,0.858,0.132
586000,0.010,0.915,0.075
586500,0.010,0.895,0.095
587000,0.010,0.990,0.000
587500,0.010,0.780,0.210
588000,0.010,0.881,0.109
588500,0.010,0.948,0.042
589000,0.010,0.939,0.051
589500,0.010,0.943,0.047
590000,0.010,0.952,0.038
590500,0.010,0.717,0.273
591000,0.010,0.812,0.178
591500,0.010,0.904,0.086
592000,0.010,0.631,0.359
592500,0.010,0.921,0.069
593000,0.010,0.823,0.167
593500,0.010,0.865,0.125
594000,0.010,0.733,0.257
594500,0.010,0.598,0.392
595000,0.010,0.767,0.223
595500,0.010,0.935,0.055
596000,0.010,0.921,0.069
596500,0.010,0.749,0.241
597000,0.010,0.840,0.150
597500,0.010,0.884,0.106
598000,0.010,0.872,0.118
598500,0.010,0.838,0.152
599000,0.010,0.801,0.189
599500,0.010,0.986,0.004
600000,0.010,0.850,0.140
600500,0.010,0.798,0.192
601000,0.010,0.806,0.184
601500,0.010,0.826,0.164
602000,0.010,0.600,0.390
602500,0.010,0.737,0.253
603000,0.010,0.928,0.062
603500,0.010,0.958,0.032
604000,0.010,0.900,0.090
604500,0.010,0.860,0.130
605000,0.010,0.736,0.254
605500,0.010,0.785,0.205
606000,0.010,0.765,0.225
606500,0.010,0.654,0.336
607000,0.010,0.748,0.242
607500,0.010,0.746,0.244
608000,0.010,0.663,0.327
608500,0.010,0.927,0.063
609000,0.010,0.805,0.185
609500,0.010,0.842,0.148
610000,0.010,0.716,0.274
610500,0.010,0.835,0.155
611000,0.010,0.732,0.258
611500,0.010,0.896,0.094
612000,0.010,0.899,0.091
612500,0.010,0.870,0.120
613000,0.010,0.698,0.292
613500,0.010,0.735,0.255
614000,0.010,0.879,0.111
614500,0.010,0.626,0.364
615000,0.010,0.730,0.260
615500,0.010,0.759,0.231
616000,0.010,0.835,0.155
616500,0.010,0.774,0.216
617000,0.010,0.833,0.157
617500,0.010,0.768,0.222
618000,0.010,0.864,0.126
618500,0.010,0.875,0.115
619000,0.010,0.545,0.445
619500,0.010,0.788,0.202
620000,0.010,0.921,0.069
620500,0.010,0.729,0.261
621000,0.010,0.975,0.015
621500,0.010,0.953,0.037
622000,0.010,0.919,0.071
622500,0.010,0.946,0.044
623000,0.010,0.852,0.138
623500,0.010,0.787,0.203
624000,0.010,0.927,0.063
624500,0.010,0.832,0.158
625000,0.010,0.754,0.236
625500,0.010,0.828,0.162
626000,0.010,0.677,0.313
626500,0.010,0.902,0.088
627000,0.010,0.842,0.148
627500,0.010,0.692,0.298
628000,0.010,0.876,0.114
628500,0.010,0.739,0.251
629000,0.010,0.842,0.148
629500,0.010,0.670,0.320
630000,0.010,0.759,0.231
630500,0.010,0.910,0.080
631000,0.010,0.882,0.108
631500,0.010,0.915,0.075
632000,0.010,0.819,0.171
632500,0.010,0.427,0.563
633000,0.010,0.647,0.343
633500,0.010,0.905,0.085
634000,0.010,0.825,0.165
634500,0.010,0.788,0.202
635000,0.010,0.968,0.022
635500,0.010,0.972,0.018
636000,0.010,0.862,0.128
636500,0.010,0.730,0.260
637000,0.010,0.779,0.211
637500,0.010,0.753,0.237
638000,0.010,0.892,0.098
638500,0.010,0.740,0.250
639000,0.010,0.884,0.106
639500,0.010,0.901,0.089
640000,0.010,0.889,0.101
640500,0.010,0.934,0.056
641000,0.010,0.854,0.136
641500,0.010,0.787,0.203
642000,0.010,0.850,0.140
642500,0.010,0.781,0.209
643000,0.010,0.974,0.016
643500,0.010,0.985,0.005
644000,0.010,0.814,0.176
644500,0.010,0.958,0.032
645000,0.010,0.831,0.159
645500,0.010,0.861,0.129
646000,0.010,0.647,0.343
646500,0.010,0.584,0.406
647000,0.010,0.897,0.093
647500,0.010,0.853,0.137
648000,0.010,0.657,0.333
648500,0.010,0.740,0.250
649000,0.010,0.941,0.049
649500,0.010,0.713,0.277
650000,0.010,0.743,0.247
650500,0.010,0.832,0.158
651000,0.010,0.886,0.104
651500,0.010,0.986,0.004
652000,0.010,0.959,0.031
652500,0.010,0.927,0.063
653000,0.010,0.767,0.223
653500,0.010,0.578,0.412
654000,0.010,0.490,0.500
654500,0.010,0.740,0.250
655000,0.010,0.888,0.102
655500,0.010,0.719,0.271
656000,0.010,0.656,0.334
656500,0.010,0.672,0.318
657000,0.010,0.733,0.257
657500,0.010,0.699,0.291
658000,0.010,0.742,0.248
658500,0.010,0.500,0.490
659000,0.010,0.923,0.067
659500,0.010,0.987,0.003
660000,0.010,0.933,0.057
660500,0.010,0.973,0.017
661000,0.010,0.880,0.110
661500,0.010,0.513,0.477
662000,0.010,0.948,0.042
662500,0.010,0.987,0.003
663000,0.010,0.742,0.248
663500,0.010,0.791,0.199
664000,0.010,0.800,0.190
664500,0.010,0.584,0.406
665000,0.010,0.672,0.318
665500,0.010,0.572,0.418
666000,0.010,0.924,0.066
666500,0.010,0.917,0.073
667000,0.010,0.717,0.273
667500,0.010,0.508,0.482
668000,0.010,0.572,0.418
668500,0.010,0.864,0.126
669000,0.010,0.756,0.234
669500,0.010,0.887,0.103
670000,0.010,0.937,0.053
670500,0.010,0.776,0.214
671000,0.010,0.860,0.130
671500,0.010,0.843,0.147
672000,0.010,0.725,0.265
672500,0.010,0.937,0.053
673000,0.010,0.786,0.204
673500,0.010,0.794,0.196
674000,0.010,0.806,0.184
674500,0.010,0.623,0.367
675000,0.010,0.839,0.151
675500,0.010,0.694,0.296
676000,0.010,0.904,0.086
676500,0.010,0.847,0.143
677000,0.010,0.822,0.168
677500,0.010,0.967,0.023
678000,0.010,0.893,0.097
678500,0.010,0.961,0.029
679000,0.010,0.792,0.198
679500,0.010,0.839,0.151
680000,0.010,0.751,0.239
680500,0.010,0.984,0.006
681000,0.010,0.931,0.059
681500,0.010,0.691,0.299
682000,0.010,0.766,0.224
682500,0.010,0.850,0.140
683000,0.010,0.716,0.274
683500,0.010,0.625,0.365
684000,0.010,0.914,0.076
684500,0.010,0.845,0.145
685000,0.010,0.738,0.252
685500,0.010,0.762,0.228
686000,0.010,0.773,0.217
686500,0.010,0.765,0.225
687000,0.010,0.985,0.005
687500,0.010,0.866,0.124
688000,0.010,0.684,0.306
688500,0.010,0.885,0.105
689000,0.010,0.950,0.040
689500,0.010,0.979,0.011
690000,0.010,0.886,0.104
690500,0.010,0.858,0.132
691000,0.010,0.819,0.171
691500,0.010,0.848,0.142
692000,0.010,0.891,0.099
692500,0.010,0.858,0.132
693000,0.010,0.636,0.354
693500,0.010,0.597,0.393
694000,0.010,0.855,0.135
694500,0.010,0.986,0.004
695000,0.010,0.958,0.032
695500,0.010,0.985,0.005
696000,0.010,0.975,0.015
696500,0.010,0.930,0.060
697000,0.010,0.627,0.363
697500,0.010,0.861,0.129
698000,0.010,0.874,0.116
698500,0.010,0.755,0.235
699000,0.010,0.888,0.102
699500,0.010,0.916,0.074
700000,0.010,0.672,0.318
700500,0.010,0.840,0.150
701000,0.010,0.719,0.271
701500,0.010,0.729,0.261
702000,0.010,0.885,0.105
702500,0.010,0.895,0.095
703000,0.010,0.823,0.167
703500,0.010,0.835,0.155
704000,0.010,0.824,0.166
704500,0.010,0.787,0.203
705000,0.010,0.736,0.254
705500,0.010,0.881,0.109
706000,0.010,0.966,0.024
706500,0.010,0.686,0.304
707000,0.010,0.872,0.118
707500,0.010,0.722,0.268
708000,0.010,0.850,0.140
708500,0.010,0.899,0.091
709000,0.010,0.909,0.081
709500,0.010,0.771,0.219
710000,0.010,0.815,0.175
710500,0.010,0.794,0.196
711000,0.010,0.766,0.224
711500,0.010,0.949,0.041
712000,0.010,0.964,0.026
712500,0.010,0.973,0.017
713000,0.010,0.539,0.451
713500,0.010,0.760,0.230
714000,0.010,0.625,0.365
714500,0.010,0.682,0.308
715000,0.010,0.846,0.144
715500,0.010,0.843,0.147
716000,0.010,0.843,0.147
716500,0.010,0.750,0.240
717000,0.010,0.981,0.009
717500,0.010,0.989,0.001
718000,0.010,0.983,0.007
718500,0.010,0.936,0.054
719000,0.010,0.650,0.340
719500,0.010,0.885,0.105
720000,0.010,0.851,0.139
720500,0.010,0.852,0.138
721000,0.010,0.875,0.115
721500,0.010,0.763,0.227
722000,0.010,0.825,0.165
722500,0.010,0.921,0.069
723000,0.010,0.746,0.244
723500,0.010,0.675,0.315
724000,0.010,0.969,0.021
724500,0.010,0.806,0.184
725000,0.010,0.765,0.225
725500,0.010,0.719,0.271
726000,0.010,0.736,0.254
726500,0.010,0.727,0.263
727000,0.010,0.786,0.204
727500,0.010,0.810,0.180
728000,0.010,0.794,0.196
728500,0.010,0.817,0.173
729000,0.010,0.717,0.273
729500,0.010,0.882,0.108
730000,0.010,0.715,0.275
730500,0.010,0.873,0.117
731000,0.010,0.792,0.198
731500,0.010,0.592,0.398
732000,0.010,0.753,0.237
732500,0.010,0.869,0.121
733000,0.010,0.909,0.081
733500,0.010,0.597,0.393
734000,0.010,0.556,0.434
734500,0.010,0.818,0.172
735000,0.010,0.630,0.360
735500,0.010,0.553,0.437
736000,0.010,0.889,0.101
736500,0.010,0.974,0.016
737000,0.010,0.834,0.156
737500,0.010,0.928,0.062
738000,0.010,0.862,0.128
738500,0.010,0.646,0.344
739000,0.010,0.523,0.467
739500,0.010,0.655,0.335
740000,0.010,0.649,0.341
740500,0.010,0.749,0.241
741000,0.010,0.665,0.325
741500,0.010,0.803,0.187
742000,0.010,0.743,0.247
742500,0.010,0.933,0.057
743000,0.010,0.943,0.047
743500,0.010,0.907,0.083
744000,0.010,0.689,0.301
744500,0.010,0.895,0.095
745000,0.010,0.928,0.062
745500,0.010,0.985,0.005
746000,0.010,0.856,0.134
746500,0.010,0.883,0.107
747000,0.010,0.988,0.002
747500,0.010,0.780,0.210
748000,0.010,0.874,0.116
748500,0.010,0.882,0.108
749000,0.010,0.832,0.158
749500,0.010,0.787,0.203
750000,0.010,0.785,0.205
750500,0.010,0.975,0.015
751000,0.010,0.892,0.098
751500,0.010,0.879,0.111
752000,0.010,0.860,0.130
752500,0.010,0.818,0.172
753000,0.010,0.886,0.104
753500,0.010,0.621,0.369
754000,0.010,0.918,0.072
754500,0.010,0.952,0.038
755000,0.010,0.878,0.112
755500,0.010,0.694,0.296
756000,0.010,0.808,0.182
756500,0.010,0.846,0.144
757000,0.010,0.651,0.339
757500,0.010,0.841,0.149
758000,0.010,0.489,0.501
758500,0.010,0.781,0.209
759000,0.010,0.888,0.102
759500,0.010,0.961,0.029
760000,0.010,0.855,0.135
760500,0.010,0.813,0.177
761000,0.010,0.933,0.057
761500,0.010,0.774,0.216
762000,0.010,0.832,0.158
762500,0.010,0.851,0.139
763000,0.010,0.798,0.192
763500,0.010,0.800,0.190
764000,0.010,0.694,0.296
764500,0.010,0.931,0.059
765000,0.010,0.878,0.112
765500,0.010,0.917,0.073
766000,0.010,0.830,0.160
766500,0.010,0.862,0.128
767000,0.010,0.864,0.126
767500,0.010,0.964,0.026
768000,0.010,0.732,0.258
768500,0.010,0.794,0.196
769000,0.010,0.793,0.197
769500,0.010,0.873,0.117
770000,0.010,0.988,0.002
770500,0.010,0.845,0.145
771000,0.010,0.597,0.393
771500,0.010,0.536,0.454
772000,0.010,0.770,0.220
772500,0.010,0.858,0.132
773000,0.010,0.813,0.177
773500,0.010,0.760,0.230
774000,0.010,0.881,0.109
774500,0.010,0.820,0.170
775000,0.010,0.899,0.091
775500,0.010,0.772,0.218
776000,0.010,0.704,0.286
776500,0.010,0.817,0.173
777000,0.010,0.839,0.151
777500,0.010,0.987,0.003
778000,0.010,0.863,0.127
778500,0.010,0.877,0.113
779000,0.010,0.656,0.334
779500,0.010,0.698,0.292
780000,0.010,0.926,0.064
780500,0.010,0.730,0.260
781000,0.010,0.641,0.349
781500,0.010,0.718,0.272
782000,0.010,0.668,0.322
782500,0.010,0.589,0.401
783000,0.010,0.670,0.320
783500,0.010,0.850,0.140
784000,0.010,0.561,0.429
784500,0.010,0.748,0.242
785000,0.010,0.637,0.353
785500,0.010,0.635,0.355
786000,0.010,0.642,0.348
786500,0.010,0.780,0.210
787000,0.010,0.820,0.170
787500,0.010,0.921,0.069
788000,0.010,0.981,0.009
788500,0.010,0.939,0.051
789000,0.010,0.915,0.075
789500,0.010,0.861,0.129
790000,0.010,0.964,0.026
790500,0.010,0.836,0.154
791000,0.010,0.823,0.167
791500,0.010,0.988,0.002
792000,0.010,0.987,0.003
792500,0.010,0.886,0.104
793000,0.010,0.981,0.009
793500,0.010,0.975,0.015
794000,0.010,0.988,0.002
794500,0.010,0.935,0.055
795000,0.010,0.970,0.020
795500,0.010,0.919,0.071
796000,0.010,0.848,0.142
796500,0.010,0.943,0.047
797000,0.010,0.833,0.157
797500,0.010,0.650,0.340
798000,0.010,0.837,0.153
798500,0.010,0.896,0.094
799000,0.010,0.971,0.019
799500,0.010,0.902,0.088
800000,0.010,0.809,0.181
800500,0.010,0.952,0.038
801000,0.010,0.758,0.232
801500,0.010,0.938,0.052
802000,0.010,0.846,0.144
802500,0.010,0.657,0.333
803000,0.010,0.934,0.056
803500,0.010,0.750,0.240
804000,0.010,0.787,0.203
804500,0.010,0.744,0.246
805000,0.010,0.932,0.058
805500,0.010,0.733,0.257
806000,0.010,0.749,0.241
806500,0.010,0.768,0.222
807000,0.010,0.660,0.330
807500,0.010,0.973,0.017
808000,0.010,0.772,0.218
808500,0.010,0.605,0.385
809000,0.010,0.759,0.231
809500,0.010,0.629,0.361
810000,0.010,0.633,0.357
810500,0.010,0.949,0.041
811000,0.010,0.897,0.093
811500,0.010,0.847,0.143
812000,0.010,0.951,0.039
812500,0.010,0.863,0.127
813000,0.010,0.773,0.217
813500,0.010,0.889,0.101
814000,0.010,0.979,0.011
814500,0.010,0.883,0.107
815000,0.010,0.907,0.083
815500,0.010,0.967,0.023
816000,0.010,0.771,0.219
816500,0.010,0.703,0.287
817000,0.010,0.896,0.094
817500,0.010,0.955,0.035
818000,0.010,0.968,0.022
818500,0.010,0.880,0.110
819000,0.010,0.768,0.222
819500,0.010,0.777,0.213
820000,0.010,0.788,0.202
820500,0.010,0.958,0.032
821000,0.010,0.869,0.121
821500,0.010,0.801,0.189
822000,0.010,0.922,0.068
822500,0.010,0.905,0.085
823000,0.010,0.911,0.079
823500,0.010,0.863,0.127
824000,0.010,0.909,0.081
824500,0.010,0.833,0.157
825000,0.010,0.791,0.199
825500,0.010,0.573,0.417
826000,0.010,0.804,0.186
826500,0.010,0.905,0.085
827000,0.010,0.709,0.281
827500,0.010,0.782,0.208
828000,0.010,0.843,0.147
828500,0.010,0.944,0.046
829000,0.010,0.866,0.124
829500,0.010,0.712,0.278
830000,0.010,0.984,0.006
830500,0.010,0.805,0.185
831000,0.010,0.638,0.352
831500,0.010,0.710,0.280
832000,0.010,0.745,0.245
832500,0.010,0.894,0.096
833000,0.010,0.845,0.145
833500,0.010,0.722,0.268
834000,0.010,0.766,0.224
834500,0.010,0.904,0.086
835000,0.010,0.677,0.313
835500,0.010,0.904,0.086
836000,0.010,0.866,0.124
836500,0.010,0.910,0.080
837000,0.010,0.857,0.133
837500,0.010,0.892,0.098
838000,0.010,0.814,0.176
838500,0.010,0.769,0.221
839000,0.010,0.721,0.269
839500,0.010,0.775,0.215
840000,0.010,0.948,0.042
840500,0.010,0.843,0.147
841000,0.010,0.798,0.192
841500,0.010,0.885,0.105
842000,0.010,0.965,0.025
842500,0.010,0.930,0.060
843000,0.010,0.962,0.028
843500,0.010,0.838,0.152
844000,0.010,0.830,0.160
844500,0.010,0.756,0.234
845000,0.010,0.843,0.147
845500,0.010,0.797,0.193
846000,0.010,0.967,0.023
846500,0.010,0.938,0.052
847000,0.010,0.833,0.157
847500,0.010,0.713,0.277
848000,0.010,0.834,0.156
848500,0.010,0.887,0.103
849000,0.010,0.773,0.217
849500,0.010,0.601,0.389
850000,0.010,0.981,0.009
850500,0.010,0.931,0.059
851000,0.010,0.934,0.056
851500,0.010,0.798,0.192
852000,0.010,0.842,0.148
852500,0.010,0.870,0.120
853000,0.010,0.776,0.214
853500,0.010,0.884,0.106
854000,0.010,0.827,0.163
854500,0.010,0.936,0.054
855000,0.010,0.927,0.063
855500,0.010,0.960,0.030
856000,0.010,0.847,0.143
856500,0.010,0.586,0.404
857000,0.010,0.824,0.166
857500,0.010,0.733,0.257
858000,0.010,0.751,0.239
858500,0.010,0.789,0.201
859000,0.010,0.590,0.400
859500,0.010,0.977,0.013
860000,0.010,0.893,0.097
860500,0.010,0.990,0.000
861000,0.010,0.629,0.361
861500,0.010,0.712,0.278
862000,0.010,0.855,0.135
862500,0.010,0.740,0.250
863000,0.010,0.825,0.165
863500,0.010,0.555,0.435
864000,0.010,0.644,0.346
864500,0.010,0.836,0.154
865000,0.010,0.970,0.020
865500,0.010,0.702,0.288
866000,0.010,0.568,0.422
866500,0.010,0.894,0.096
867000,0.010,0.922,0.068
867500,0.010,0.897,0.093
868000,0.010,0.970,0.020
868500,0.010,0.876,0.114
869000,0.010,0.765,0.225
869500,0.010,0.895,0.095
870000,0.010,0.925,0.065
870500,0.010,0.964,0.026
871000,0.010,0.978,0.012
871500,0.010,0.934,0.056
872000,0.010,0.751,0.239
872500,0.010,0.796,0.194
873000,0.010,0.811,0.179
873500,0.010,0.849,0.141
874000,0.010,0.578,0.412
874500,0.010,0.871,0.119
875000,0.010,0.917,0.073
875500,0.010,0.850,0.140
876000,0.010,0.838,0.152
876500,0.010,0.824,0.166
877000,0.010,0.792,0.198
877500,0.010,0.702,0.288
878000,0.010,0.712,0.278
878500,0.010,0.785,0.205
879000,0.010,0.878,0.112
879500,0.010,0.828,0.162
880000,0.010,0.729,0.261
880500,0.010,0.918,0.072
881000,0.010,0.963,0.027
881500,0.010,0.982,0.008
882000,0.010,0.951,0.039
882500,0.010,0.837,0.153
883000,0.010,0.923,0.067
883500,0.010,0.873,0.117
884000,0.010,0.852,0.138
884500,0.010,0.725,0.265
885000,0.010,0.934,0.056
885500,0.010,0.819,0.171
886000,0.010,0.841,0.149
886500,0.010,0.806,0.184
887000,0.010,0.612,0.378
887500,0.010,0.853,0.137
888000,0.010,0.910,0.080
888500,0.010,0.933,0.057
889000,0.010,0.990,0.000
889500,0.010,0.870,0.120
890000,0.010,0.973,0.017
890500,0.010,0.826,0.164
891000,0.010,0.910,0.080
891500,0.010,0.921,0.069
892000,0.010,0.813,0.177
892500,0.010,0.794,0.196
893000,0.010,0.900,0.090
893500,0.010,0.879,0.111
894000,0.010,0.872,0.118
894500,0.010,0.900,0.090
895000,0.010,0.886,0.104
895500,0.010,0.812,0.178
896000,0.010,0.805,0.185
896500,0.010,0.901,0.089
897000,0.010,0.830,0.160
897500,0.010,0.855,0.135
898000,0.010,0.882,0.108
898500,0.010,0.960,0.030
899000,0.010,0.863,0.127
899500,0.010,0.825,0.165
900000,0.010,0.832,0.158
900500,0.010,0.938,0.052
901000,0.010,0.790,0.200
901500,0.010,0.870,0.120
902000,0.010,0.630,0.360
902500,0.010,0.681,0.309
903000,0.010,0.883,0.107
903500,0.010,0.939,0.051
904000,0.010,0.954,0.036
904500,0.010,0.807,0.183
905000,0.010,0.792,0.198
905500,0.010,0.885,0.105
906000,0.010,0.866,0.124
906500,0.010,0.948,0.042
907000,0.010,0.836,0.154
907500,0.010,0.938,0.052
908000,0.010,0.847,0.143
908500,0.010,0.671,0.319
909000,0.010,0.766,0.224
909500,0.010,0.852,0.138
910000,0.010,0.904,0.086
910500,0.010,0.721,0.269
911000,0.010,0.977,0.013
911500,0.010,0.640,0.350
912000,0.010,0.576,0.414
912500,0.010,0.834,0.156
913000,0.010,0.749,0.241
913500,0.010,0.657,0.333
914000,0.010,0.786,0.204
914500,0.010,0.771,0.219
915000,0.010,0.793,0.197
915500,0.010,0.652,0.338
916000,0.010,0.814,0.176
916500,0.010,0.628,0.362
917000,0.010,0.660,0.330
917500,0.010,0.710,0.280
918000,0.010,0.928,0.062
918500,0.010,0.842,0.148
919000,0.010,0.847,0.143
919500,0.010,0.731,0.259
920000,0.010,0.820,0.170
920500,0.010,0.655,0.335
921000,0.010,0.846,0.144
921500,0.010,0.974,0.016
922000,0.010,0.759,0.231
922500,0.010,0.787,0.203
923000,0.010,0.928,0.062
923500,0.010,0.869,0.121
924000,0.010,0.743,0.247
924500,0.010,0.891,0.099
925000,0.010,0.920,0.070
925500,0.010,0.899,0.091
926000,0.010,0.643,0.347
926500,0.010,0.972,0.018
927000,0.010,0.541,0.449
927500,0.010,0.801,0.189
928000,0.010,0.761,0.229
928500,0.010,0.708,0.282
929000,0.010,0.808,0.182
929500,0.010,0.934,0.056
930000,0.010,0.843,0.147
930500,0.010,0.872,0.118
931000,0.010,0.641,0.349
931500,0.010,0.791,0.199
932000,0.010,0.887,0.103
932500,0.010,0.655,0.335
933000,0.010,0.714,0.276
933500,0.010,0.979,0.011
934000,0.010,0.959,0.031
934500,0.010,0.762,0.228
935000,0.010,0.925,0.065
935500,0.010,0.915,0.075
936000,0.010,0.857,0.133
936500,0.010,0.625,0.365
937000,0.010,0.875,0.115
937500,0.010,0.959,0.031
938000,0.010,0.714,0.276
938500,0.010,0.852,0.138
939000,0.010,0.661,0.329
939500,0.010,0.617,0.373
940000,0.010,0.908,0.082
940500,0.010,0.874,0.116
941000,0.010,0.884,0.106
941500,0.010,0.780,0.210
942000,0.010,0.984,0.006
942500,0.010,0.843,0.147
943000,0.010,0.959,0.031
943500,0.010,0.521,0.469
944000,0.010,0.599,0.391
944500,0.010,0.688,0.302
945000,0.010,0.738,0.252
945500,0.010,0.747,0.243
946000,0.010,0.699,0.291
946500,0.010,0.908,0.082
947000,0.010,0.819,0.171
947500,0.010,0.783,0.207
948000,0.010,0.853,0.137
948500,0.010,0.732,0.258
949000,0.010,0.863,0.127
949500,0.010,0.880,0.110
950000,0.010,0.739,0.251
950500,0.010,0.791,0.199
951000,0.010,0.760,0.230
951500,0.010,0.817,0.173
952000,0.010,0.944,0.046
952500,0.010,0.928,0.062
953000,0.010,0.989,0.001
953500,0.010,0.946,0.044
954000,0.010,0.955,0.035
954500,0.010,0.981,0.009
955000,0.010,0.958,0.032
955500,0.010,0.820,0.170
956000,0.010,0.766,0.224
956500,0.010,0.961,0.029
957000,0.010,0.917,0.073
957500,0.010,0.714,0.276
958000,0.010,0.699,0.291
958500,0.010,0.827,0.163
959000,0.010,0.802,0.188
959500,0.010,0.887,0.103
960000,0.010,0.986,0.004
960500,0.010,0.983,0.007
961000,0.010,0.918,0.072
961500,0.010,0.850,0.140
962000,0.010,0.853,0.137
962500,0.010,0.728,0.262
963000,0.010,0.971,0.019
963500,0.010,0.895,0.095
964000,0.010,0.988,0.002
964500,0.010,0.928,0.062
965000,0.010,0.902,0.088
965500,0.010,0.898,0.092
966000,0.010,0.821,0.169
966500,0.010,0.882,0.108
967000,0.010,0.947,0.043
967500,0.010,0.911,0.079
968000,0.010,0.823,0.167
968500,0.010,0.807,0.183
969000,0.010,0.934,0.056
969500,0.010,0.591,0.399
970000,0.010,0.802,0.188
970500,0.010,0.704,0.286
971000,0.010,0.873,0.117
971500,0.010,0.892,0.098
972000,0.010,0.822,0.168
972500,0.010,0.933,0.057
973000,0.010,0.772,0.218
973500,0.010,0.905,0.085
974000,0.010,0.571,0.419
974500,0.010,0.718,0.272
975000,0.010,0.872,0.118
975500,0.010,0.720,0.270
976000,0.010,0.712,0.278
976500,0.010,0.809,0.181
977000,0.010,0.799,0.191
977500,0.010,0.847,0.143
978000,0.010,0.842,0.148
978500,0.010,0.837,0.153
979000,0.010,0.814,0.176
979500,0.010,0.877,0.113
980000,0.010,0.814,0.176
980500,0.010,0.935,0.055
981000,0.010,0.843,0.147
981500,0.010,0.940,0.050
982000,0.010,0.905,0.085
982500,0.010,0.796,0.194
983000,0.010,0.986,0.004
983500,0.010,0.814,0.176
984000,0.010,0.829,0.161
984500,0.010,0.907,0.083
985000,0.010,0.839,0.151
985500,0.010,0.805,0.185
986000,0.010,0.658,0.332
986500,0.010,0.628,0.362
987000,0.010,0.666,0.324
987500,0.010,0.887,0.103
988000,0.010,0.626,0.364
988500,0.010,0.926,0.064
989000,0.010,0.829,0.161
989500,0.010,0.834,0.156
990000,0.010,0.822,0.168
990500,0.010,0.937,0.053
991000,0.010,0.944,0.046
991500,0.010,0.769,0.221
992000,0.010,0.725,0.265
992500,0.010,0.834,0.156
993000,0.010,0.698,0.292
993500,0.010,0.983,0.007
994000,0.010,0.780,0.210
994500,0.010,0.675,0.315
995000,0.010,0.887,0.103
995500,0.010,0.750,0.240
996000,0.010,0.895,0.095
996500,0.010,0.829,0.161
997000,0.010,0.837,0.153
997500,0.010,0.857,0.133
998000,0.010,0.902,0.088
998500,0.010,0.843,0.147
999000,0.010,0.719,0.271
999500,0.010,0.755,0.235
1000000,0.010,0.859,0.131
