time,n_A+p,n_B,n_AB
500,0.080,0.725,0.196
1000,0.080,0.511,0.409
1500,0.080,0.289,0.631
2000,0.089,0.151,0.760
2500,0.093,0.057,0.851
3000,0.104,0.037,0.859
3500,0.104,0.021,0.874
4000,0.113,0.018,0.869
4500,0.115,0.028,0.858
5000,0.110,0.015,0.876
5500,0.119,0.015,0.865
6000,0.111,0.006,0.883
6500,0.123,0.008,0.869
7000,0.127,0.016,0.857
7500,0.128,0.010,0.862
8000,0.133,0.007,0.860
8500,0.122,0.022,0.855
9000,0.134,0.013,0.854
9500,0.140,0.007,0.853
10000,0.122,0.021,0.857
10500,0.120,0.012,0.868
11000,0.122,0.013,0.866
11500,0.128,0.009,0.863
12000,0.108,0.015,0.876
12500,0.107,0.011,0.883
13000,0.107,0.009,0.884
13500,0.112,0.011,0.877
14000,0.121,0.015,0.863
14500,0.130,0.009,0.861
15000,0.117,0.007,0.876
15500,0.111,0.009,0.880
16000,0.121,0.019,0.859
16500,0.124,0.022,0.853
17000,0.120,0.015,0.866
17500,0.122,0.013,0.864
18000,0.113,0.022,0.865
18500,0.102,0.009,0.889
19000,0.118,0.004,0.879
19500,0.114,0.004,0.882
20000,0.126,0.010,0.865
20500,0.107,0.012,0.880
21000,0.127,0.013,0.860
21500,0.141,0.013,0.846
22000,0.128,0.008,0.865
22500,0.128,0.005,0.867
23000,0.129,0.007,0.864
23500,0.125,0.010,0.865
24000,0.133,0.004,0.863
24500,0.128,0.019,0.854
25000,0.129,0.020,0.851
25500,0.126,0.021,0.854
26000,0.114,0.025,0.862
26500,0.098,0.009,0.893
27000,0.101,0.015,0.884
27500,0.117,0.018,0.866
28000,0.121,0.017,0.862
28500,0.130,0.008,0.862
29000,0.127,0.008,0.865
29500,0.132,0.006,0.863
30000,0.115,0.009,0.876
30500,0.128,0.004,0.869
31000,0.130,0.011,0.860
31500,0.141,0.010,0.849
32000,0.121,0.018,0.861
32500,0.124,0.014,0.861
33000,0.125,0.017,0.859
33500,0.131,0.013,0.856
34000,0.115,0.016,0.869
34500,0.112,0.013,0.876
35000,0.131,0.012,0.857
35500,0.127,0.009,0.864
36000,0.122,0.005,0.873
36500,0.134,0.007,0.860
37000,0.133,0.003,0.865
37500,0.149,0.004,0.847
38000,0.122,0.001,0.876
38500,0.114,0.010,0.876
39000,0.117,0.009,0.873
39500,0.116,0.015,0.870
40000,0.113,0.007,0.880
40500,0.129,0.004,0.868
41000,0.128,0.015,0.858
41500,0.118,0.016,0.866
42000,0.121,0.011,0.869
42500,0.120,0.007,0.872
43000,0.115,0.006,0.879
43500,0.112,0.007,0.881
44000,0.116,0.005,0.879
44500,0.106,0.018,0.875
45000,0.105,0.017,0.878
45500,0.118,0.022,0.859
46000,0.114,0.015,0.871
46500,0.122,0.011,0.867
47000,0.130,0.007,0.863
47500,0.114,0.004,0.883
48000,0.133,0.007,0.860
48500,0.130,0.019,0.852
49000,0.111,0.023,0.866
49500,0.111,0.019,0.870
50000,0.117,0.009,0.874
50500,0.130,0.007,0.863
51000,0.140,0.009,0.851
51500,0.136,0.009,0.855
52000,0.145,0.013,0.843
52500,0.151,0.006,0.843
53000,0.142,0.006,0.852
53500,0.127,0.011,0.863
54000,0.121,0.015,0.864
54500,0.119,0.015,0.866
55000,0.120,0.005,0.874
55500,0.121,0.003,0.877
56000,0.123,0.005,0.871
56500,0.117,0.015,0.867
57000,0.120,0.019,0.860
57500,0.110,0.017,0.874
58000,0.119,0.009,0.872
58500,0.115,0.007,0.878
59000,0.116,0.021,0.864
59500,0.112,0.022,0.866
60000,0.116,0.014,0.870
60500,0.120,0.017,0.864
61000,0.116,0.015,0.869
61500,0.128,0.014,0.858
62000,0.122,0.015,0.863
62500,0.109,0.017,0.875
63000,0.109,0.026,0.865
63500,0.107,0.015,0.878
64000,0.105,0.012,0.882
64500,0.108,0.011,0.880
65000,0.108,0.017,0.875
65500,0.103,0.015,0.883
66000,0.110,0.019,0.871
66500,0.125,0.015,0.860
67000,0.111,0.013,0.876
67500,0.117,0.018,0.865
68000,0.121,0.014,0.865
68500,0.113,0.015,0.872
69000,0.123,0.023,0.854
69500,0.127,0.017,0.856
70000,0.108,0.018,0.874
70500,0.116,0.019,0.865
71000,0.124,0.011,0.864
71500,0.136,0.024,0.840
72000,0.137,0.015,0.848
72500,0.145,0.015,0.840
73000,0.124,0.025,0.850
73500,0.127,0.024,0.849
74000,0.119,0.015,0.866
74500,0.117,0.015,0.868
75000,0.142,0.011,0.847
75500,0.124,0.004,0.871
76000,0.107,0.006,0.886
76500,0.113,0.011,0.877
77000,0.116,0.015,0.869
77500,0.106,0.020,0.873
78000,0.108,0.013,0.878
78500,0.123,0.017,0.860
79000,0.112,0.021,0.867
79500,0.107,0.022,0.870
80000,0.106,0.025,0.870
80500,0.115,0.017,0.868
81000,0.121,0.017,0.862
81500,0.117,0.011,0.872
82000,0.112,0.017,0.872
82500,0.118,0.011,0.870
83000,0.115,0.018,0.867
83500,0.115,0.006,0.879
84000,0.126,0.018,0.856
84500,0.121,0.026,0.853
85000,0.106,0.013,0.882
85500,0.115,0.011,0.874
86000,0.115,0.018,0.867
86500,0.101,0.023,0.876
87000,0.114,0.011,0.875
87500,0.131,0.007,0.862
88000,0.134,0.004,0.863
88500,0.129,0.006,0.865
89000,0.122,0.007,0.871
89500,0.137,0.011,0.852
90000,0.121,0.020,0.859
90500,0.108,0.021,0.870
91000,0.118,0.021,0.862
91500,0.108,0.014,0.878
92000,0.121,0.009,0.870
92500,0.108,0.013,0.878
93000,0.117,0.013,0.870
93500,0.128,0.019,0.853
94000,0.130,0.021,0.849
94500,0.133,0.017,0.851
95000,0.124,0.011,0.864
95500,0.123,0.009,0.868
96000,0.122,0.005,0.873
96500,0.124,0.019,0.857
97000,0.119,0.006,0.875
97500,0.138,0.015,0.847
98000,0.125,0.022,0.853
98500,0.138,0.015,0.848
99000,0.134,0.012,0.855
99500,0.133,0.020,0.847
100000,0.118,0.017,0.865
100500,0.108,0.014,0.878
101000,0.124,0.011,0.864
101500,0.110,0.009,0.881
102000,0.117,0.009,0.875
102500,0.102,0.013,0.886
103000,0.099,0.024,0.877
103500,0.105,0.018,0.877
104000,0.103,0.015,0.881
104500,0.115,0.009,0.876
105000,0.113,0.009,0.878
105500,0.116,0.012,0.872
106000,0.111,0.015,0.875
106500,0.108,0.028,0.863
107000,0.102,0.021,0.878
107500,0.111,0.029,0.860
108000,0.126,0.016,0.858
108500,0.126,0.010,0.864
109000,0.114,0.015,0.871
109500,0.115,0.028,0.858
110000,0.108,0.015,0.878
110500,0.111,0.014,0.875
111000,0.115,0.014,0.871
111500,0.111,0.015,0.874
112000,0.119,0.013,0.868
112500,0.117,0.017,0.867
113000,0.119,0.018,0.863
113500,0.120,0.013,0.866
114000,0.118,0.008,0.874
114500,0.124,0.009,0.867
115000,0.117,0.018,0.865
115500,0.128,0.024,0.849
116000,0.121,0.014,0.865
116500,0.120,0.021,0.859
117000,0.109,0.024,0.867
117500,0.110,0.009,0.881
118000,0.137,0.007,0.856
118500,0.136,0.017,0.848
119000,0.134,0.014,0.853
119500,0.124,0.010,0.866
120000,0.109,0.017,0.875
120500,0.129,0.007,0.864
121000,0.113,0.013,0.874
121500,0.117,0.004,0.879
122000,0.126,0.015,0.860
122500,0.121,0.009,0.869
123000,0.116,0.011,0.874
123500,0.110,0.004,0.886
124000,0.117,0.006,0.876
124500,0.122,0.011,0.867
125000,0.140,0.009,0.852
125500,0.135,0.007,0.858
126000,0.137,0.014,0.849
126500,0.129,0.011,0.861
127000,0.139,0.009,0.852
127500,0.124,0.012,0.864
128000,0.128,0.013,0.859
128500,0.121,0.011,0.868
129000,0.111,0.017,0.873
129500,0.117,0.013,0.871
130000,0.114,0.022,0.864
130500,0.111,0.013,0.876
131000,0.125,0.011,0.865
131500,0.130,0.011,0.859
132000,0.124,0.012,0.864
132500,0.140,0.013,0.848
133000,0.119,0.019,0.862
133500,0.110,0.009,0.881
134000,0.102,0.011,0.887
134500,0.110,0.019,0.871
135000,0.113,0.027,0.860
135500,0.110,0.017,0.873
136000,0.107,0.009,0.885
136500,0.142,0.013,0.844
137000,0.132,0.006,0.863
137500,0.110,0.002,0.888
138000,0.106,0.014,0.880
138500,0.115,0.018,0.867
139000,0.121,0.012,0.867
139500,0.127,0.021,0.853
140000,0.131,0.014,0.855
140500,0.124,0.024,0.852
141000,0.118,0.015,0.867
141500,0.116,0.021,0.864
142000,0.107,0.015,0.878
142500,0.118,0.013,0.869
143000,0.119,0.009,0.872
143500,0.112,0.013,0.875
144000,0.106,0.021,0.873
144500,0.109,0.017,0.875
145000,0.121,0.019,0.860
145500,0.119,0.010,0.871
146000,0.123,0.009,0.868
146500,0.115,0.008,0.877
147000,0.119,0.014,0.867
147500,0.125,0.012,0.863
148000,0.121,0.004,0.875
148500,0.120,0.011,0.870
149000,0.116,0.015,0.869
149500,0.114,0.017,0.870
150000,0.103,0.015,0.882
150500,0.114,0.009,0.878
151000,0.116,0.016,0.868
151500,0.123,0.024,0.853
152000,0.115,0.022,0.863
152500,0.111,0.017,0.873
153000,0.099,0.015,0.887
153500,0.111,0.013,0.876
154000,0.138,0.009,0.854
154500,0.120,0.009,0.870
155000,0.142,0.005,0.853
155500,0.131,0.004,0.866
156000,0.117,0.007,0.876
156500,0.124,0.010,0.865
157000,0.109,0.006,0.885
157500,0.121,0.011,0.868
158000,0.112,0.014,0.874
158500,0.102,0.011,0.887
159000,0.107,0.013,0.879
159500,0.112,0.007,0.881
160000,0.112,0.012,0.876
160500,0.121,0.016,0.863
161000,0.108,0.021,0.871
161500,0.113,0.018,0.869
162000,0.111,0.021,0.868
162500,0.128,0.007,0.866
163000,0.118,0.009,0.873
163500,0.121,0.005,0.874
164000,0.133,0.013,0.855
164500,0.136,0.024,0.841
165000,0.134,0.017,0.850
165500,0.124,0.018,0.858
166000,0.124,0.011,0.864
166500,0.114,0.017,0.870
167000,0.107,0.014,0.879
167500,0.111,0.021,0.868
168000,0.122,0.011,0.867
168500,0.124,0.008,0.868
169000,0.122,0.008,0.869
169500,0.118,0.006,0.876
170000,0.117,0.013,0.870
170500,0.108,0.013,0.878
171000,0.101,0.011,0.888
171500,0.100,0.017,0.883
172000,0.112,0.014,0.874
172500,0.117,0.015,0.867
173000,0.131,0.013,0.857
173500,0.124,0.012,0.864
174000,0.119,0.013,0.869
174500,0.111,0.011,0.878
175000,0.116,0.012,0.872
175500,0.115,0.020,0.865
176000,0.108,0.016,0.875
176500,0.106,0.011,0.884
177000,0.106,0.004,0.890
177500,0.115,0.019,0.866
178000,0.117,0.013,0.871
178500,0.112,0.019,0.869
179000,0.104,0.022,0.874
179500,0.105,0.018,0.876
180000,0.101,0.009,0.891
180500,0.107,0.007,0.886
181000,0.113,0.009,0.878
181500,0.106,0.012,0.882
182000,0.122,0.019,0.858
182500,0.121,0.006,0.873
183000,0.109,0.013,0.878
183500,0.107,0.018,0.875
184000,0.111,0.019,0.870
184500,0.111,0.019,0.870
185000,0.124,0.015,0.861
185500,0.110,0.010,0.880
186000,0.104,0.019,0.876
186500,0.108,0.017,0.875
187000,0.112,0.019,0.869
187500,0.117,0.014,0.869
188000,0.121,0.012,0.867
188500,0.113,0.013,0.875
189000,0.114,0.010,0.876
189500,0.116,0.004,0.880
190000,0.118,0.014,0.868
190500,0.115,0.013,0.873
191000,0.119,0.014,0.867
191500,0.116,0.009,0.876
192000,0.130,0.005,0.866
192500,0.134,0.015,0.852
193000,0.117,0.012,0.871
193500,0.124,0.014,0.862
194000,0.134,0.009,0.858
194500,0.119,0.004,0.877
195000,0.114,0.013,0.874
195500,0.107,0.015,0.879
196000,0.111,0.013,0.877
196500,0.114,0.006,0.880
197000,0.114,0.022,0.864
197500,0.103,0.022,0.875
198000,0.113,0.007,0.880
198500,0.119,0.019,0.862
199000,0.117,0.023,0.860
199500,0.113,0.020,0.867
200000,0.118,0.019,0.863
200500,0.127,0.013,0.860
201000,0.125,0.011,0.865
201500,0.121,0.012,0.867
202000,0.114,0.011,0.876
202500,0.114,0.011,0.875
203000,0.120,0.015,0.866
203500,0.114,0.015,0.872
204000,0.115,0.011,0.874
204500,0.117,0.005,0.878
205000,0.116,0.014,0.870
205500,0.114,0.005,0.881
206000,0.112,0.009,0.880
206500,0.106,0.017,0.876
207000,0.120,0.013,0.866
207500,0.132,0.013,0.856
208000,0.112,0.019,0.869
208500,0.112,0.023,0.865
209000,0.118,0.019,0.863
209500,0.120,0.006,0.873
210000,0.123,0.005,0.872
210500,0.117,0.009,0.875
211000,0.102,0.013,0.885
211500,0.102,0.021,0.878
212000,0.118,0.009,0.873
212500,0.113,0.013,0.875
213000,0.101,0.015,0.884
213500,0.102,0.011,0.887
214000,0.107,0.018,0.874
214500,0.106,0.016,0.878
215000,0.106,0.014,0.880
215500,0.122,0.015,0.863
216000,0.115,0.021,0.864
216500,0.118,0.015,0.868
217000,0.114,0.011,0.875
217500,0.125,0.013,0.863
218000,0.120,0.012,0.868
218500,0.145,0.013,0.843
219000,0.129,0.021,0.851
219500,0.123,0.013,0.865
220000,0.117,0.025,0.857
220500,0.117,0.015,0.869
221000,0.118,0.005,0.877
221500,0.119,0.013,0.868
222000,0.112,0.007,0.881
222500,0.127,0.003,0.871
223000,0.135,0.009,0.857
223500,0.130,0.015,0.855
224000,0.122,0.018,0.861
224500,0.128,0.013,0.860
225000,0.116,0.018,0.866
225500,0.121,0.013,0.866
226000,0.117,0.014,0.869
226500,0.120,0.023,0.857
227000,0.122,0.013,0.864
227500,0.122,0.015,0.863
228000,0.123,0.011,0.865
228500,0.108,0.010,0.882
229000,0.114,0.014,0.872
229500,0.135,0.014,0.851
230000,0.129,0.017,0.854
230500,0.119,0.014,0.867
231000,0.129,0.013,0.858
231500,0.117,0.014,0.869
232000,0.117,0.011,0.872
232500,0.118,0.013,0.870
233000,0.107,0.004,0.888
233500,0.102,0.013,0.884
234000,0.106,0.021,0.874
234500,0.120,0.023,0.857
235000,0.113,0.018,0.869
235500,0.108,0.005,0.886
236000,0.136,0.011,0.853
236500,0.138,0.013,0.850
237000,0.134,0.008,0.859
237500,0.133,0.007,0.860
238000,0.135,0.007,0.858
238500,0.126,0.009,0.866
239000,0.124,0.011,0.864
239500,0.130,0.009,0.861
240000,0.126,0.008,0.866
240500,0.126,0.007,0.868
241000,0.136,0.007,0.857
241500,0.112,0.021,0.868
242000,0.111,0.013,0.877
242500,0.103,0.012,0.885
243000,0.111,0.013,0.876
243500,0.127,0.017,0.856
244000,0.137,0.012,0.851
244500,0.118,0.024,0.858
245000,0.126,0.024,0.851
245500,0.112,0.011,0.877
246000,0.113,0.013,0.874
246500,0.102,0.019,0.879
247000,0.116,0.019,0.865
247500,0.132,0.021,0.847
248000,0.123,0.013,0.864
248500,0.117,0.015,0.868
249000,0.110,0.008,0.882
249500,0.115,0.015,0.871
250000,0.116,0.005,0.879
250500,0.110,0.024,0.866
251000,0.108,0.017,0.876
251500,0.104,0.024,0.872
252000,0.107,0.018,0.875
252500,0.110,0.021,0.869
253000,0.106,0.025,0.870
253500,0.105,0.015,0.880
254000,0.129,0.023,0.848
254500,0.126,0.020,0.855
255000,0.117,0.007,0.876
255500,0.115,0.025,0.861
256000,0.117,0.014,0.869
256500,0.121,0.015,0.864
257000,0.117,0.013,0.871
257500,0.099,0.013,0.889
258000,0.102,0.018,0.880
258500,0.105,0.018,0.877
259000,0.115,0.011,0.874
259500,0.129,0.003,0.868
260000,0.122,0.008,0.869
260500,0.104,0.006,0.889
261000,0.111,0.007,0.882
261500,0.111,0.006,0.883
262000,0.111,0.011,0.878
262500,0.103,0.018,0.879
263000,0.114,0.017,0.870
263500,0.120,0.009,0.870
264000,0.121,0.014,0.865
264500,0.134,0.016,0.851
265000,0.137,0.012,0.851
265500,0.126,0.008,0.867
266000,0.126,0.008,0.866
266500,0.121,0.003,0.876
267000,0.107,0.021,0.872
267500,0.091,0.015,0.893
268000,0.102,0.015,0.883
268500,0.109,0.011,0.880
269000,0.119,0.004,0.877
269500,0.114,0.007,0.879
270000,0.113,0.019,0.868
270500,0.115,0.018,0.867
271000,0.103,0.011,0.886
271500,0.109,0.013,0.879
272000,0.115,0.009,0.876
272500,0.116,0.006,0.878
273000,0.100,0.015,0.886
273500,0.119,0.017,0.864
274000,0.116,0.030,0.854
274500,0.110,0.011,0.879
275000,0.111,0.015,0.874
275500,0.101,0.018,0.881
276000,0.104,0.017,0.880
276500,0.115,0.017,0.868
277000,0.129,0.023,0.848
277500,0.112,0.025,0.863
278000,0.105,0.018,0.877
278500,0.115,0.009,0.876
279000,0.123,0.019,0.858
279500,0.122,0.009,0.869
280000,0.121,0.013,0.866
280500,0.126,0.015,0.860
281000,0.121,0.006,0.872
281500,0.129,0.004,0.868
282000,0.115,0.005,0.880
282500,0.113,0.004,0.883
283000,0.114,0.011,0.875
283500,0.112,0.004,0.884
284000,0.113,0.004,0.883
284500,0.121,0.003,0.877
285000,0.116,0.008,0.876
285500,0.126,0.009,0.865
286000,0.113,0.011,0.876
286500,0.128,0.009,0.864
287000,0.127,0.009,0.864
287500,0.122,0.021,0.857
288000,0.124,0.022,0.854
288500,0.124,0.023,0.852
289000,0.133,0.014,0.853
289500,0.122,0.024,0.854
290000,0.122,0.015,0.863
290500,0.114,0.010,0.876
291000,0.115,0.013,0.873
291500,0.112,0.011,0.878
292000,0.124,0.018,0.859
292500,0.129,0.011,0.861
293000,0.128,0.006,0.867
293500,0.113,0.013,0.874
294000,0.115,0.020,0.865
294500,0.116,0.016,0.868
295000,0.112,0.014,0.874
295500,0.116,0.013,0.871
296000,0.117,0.007,0.876
296500,0.120,0.005,0.874
297000,0.130,0.004,0.867
297500,0.122,0.006,0.871
298000,0.116,0.005,0.879
298500,0.108,0.005,0.886
299000,0.114,0.007,0.879
299500,0.120,0.012,0.867
300000,0.119,0.005,0.876
300500,0.119,0.012,0.869
301000,0.118,0.008,0.873
301500,0.123,0.011,0.866
302000,0.113,0.007,0.880
302500,0.115,0.011,0.874
303000,0.127,0.013,0.861
303500,0.115,0.015,0.870
304000,0.117,0.004,0.880
304500,0.123,0.005,0.871
305000,0.114,0.005,0.881
305500,0.123,0.009,0.868
306000,0.133,0.007,0.860
306500,0.118,0.005,0.876
307000,0.114,0.008,0.878
307500,0.114,0.022,0.864
308000,0.119,0.013,0.868
308500,0.113,0.008,0.879
309000,0.120,0.015,0.865
309500,0.124,0.015,0.862
310000,0.113,0.013,0.875
310500,0.117,0.017,0.867
311000,0.111,0.014,0.875
311500,0.110,0.016,0.874
312000,0.100,0.019,0.881
312500,0.134,0.015,0.851
313000,0.128,0.009,0.864
313500,0.121,0.010,0.869
314000,0.124,0.009,0.866
314500,0.138,0.013,0.849
315000,0.132,0.006,0.863
315500,0.136,0.007,0.857
316000,0.127,0.004,0.869
316500,0.139,0.009,0.853
317000,0.136,0.006,0.858
317500,0.117,0.016,0.867
318000,0.118,0.012,0.869
318500,0.110,0.018,0.872
319000,0.105,0.013,0.881
319500,0.111,0.018,0.871
320000,0.126,0.013,0.862
320500,0.119,0.005,0.876
321000,0.107,0.011,0.882
321500,0.114,0.008,0.878
322000,0.108,0.028,0.864
322500,0.122,0.030,0.848
323000,0.121,0.021,0.859
323500,0.108,0.020,0.871
324000,0.127,0.008,0.865
324500,0.124,0.019,0.857
325000,0.133,0.013,0.854
325500,0.127,0.004,0.869
326000,0.132,0.013,0.856
326500,0.125,0.006,0.869
327000,0.126,0.016,0.858
327500,0.126,0.030,0.844
328000,0.108,0.011,0.880
328500,0.127,0.021,0.852
329000,0.126,0.019,0.856
329500,0.117,0.020,0.863
330000,0.119,0.029,0.852
330500,0.115,0.009,0.876
331000,0.120,0.015,0.864
331500,0.103,0.011,0.885
332000,0.119,0.014,0.867
332500,0.123,0.011,0.866
333000,0.131,0.009,0.861
333500,0.126,0.002,0.873
334000,0.103,0.004,0.892
334500,0.119,0.001,0.880
335000,0.119,0.007,0.874
335500,0.126,0.015,0.859
336000,0.116,0.013,0.872
336500,0.128,0.011,0.861
337000,0.107,0.004,0.889
337500,0.114,0.004,0.883
338000,0.113,0.013,0.874
338500,0.105,0.013,0.881
339000,0.104,0.013,0.884
339500,0.099,0.016,0.885
340000,0.107,0.011,0.883
340500,0.115,0.018,0.868
341000,0.116,0.009,0.876
341500,0.113,0.013,0.874
342000,0.132,0.005,0.863
342500,0.124,0.005,0.871
343000,0.120,0.013,0.868
343500,0.114,0.009,0.877
344000,0.111,0.011,0.878
344500,0.106,0.016,0.877
345000,0.117,0.013,0.870
345500,0.111,0.013,0.876
346000,0.108,0.009,0.882
346500,0.112,0.011,0.877
347000,0.119,0.009,0.872
347500,0.110,0.011,0.879
348000,0.126,0.014,0.861
348500,0.119,0.012,0.869
349000,0.131,0.017,0.853
349500,0.115,0.018,0.867
350000,0.120,0.017,0.862
350500,0.129,0.024,0.848
351000,0.119,0.009,0.872
351500,0.121,0.005,0.874
352000,0.121,0.004,0.875
352500,0.125,0.010,0.865
353000,0.128,0.008,0.864
353500,0.114,0.003,0.883
354000,0.116,0.006,0.878
354500,0.119,0.007,0.873
355000,0.117,0.012,0.871
355500,0.116,0.008,0.876
356000,0.109,0.022,0.869
356500,0.124,0.013,0.862
357000,0.133,0.009,0.858
357500,0.111,0.022,0.867
358000,0.119,0.013,0.868
358500,0.130,0.017,0.854
359000,0.116,0.013,0.872
359500,0.106,0.005,0.888
360000,0.115,0.010,0.875
360500,0.122,0.011,0.866
361000,0.121,0.009,0.870
361500,0.106,0.009,0.885
362000,0.103,0.018,0.879
362500,0.105,0.017,0.877
363000,0.123,0.013,0.865
363500,0.119,0.009,0.873
364000,0.113,0.010,0.877
364500,0.116,0.011,0.873
365000,0.114,0.006,0.880
365500,0.115,0.013,0.872
366000,0.119,0.009,0.872
366500,0.121,0.011,0.868
367000,0.129,0.005,0.866
367500,0.117,0.010,0.873
368000,0.124,0.021,0.854
368500,0.118,0.018,0.865
369000,0.130,0.016,0.855
369500,0.134,0.018,0.848
370000,0.122,0.009,0.870
370500,0.124,0.019,0.856
371000,0.112,0.019,0.869
371500,0.120,0.009,0.870
372000,0.121,0.004,0.874
372500,0.135,0.008,0.857
373000,0.117,0.006,0.877
373500,0.111,0.018,0.872
374000,0.105,0.013,0.881
374500,0.112,0.022,0.866
375000,0.110,0.013,0.878
375500,0.112,0.011,0.878
376000,0.142,0.011,0.847
376500,0.119,0.004,0.877
377000,0.131,0.011,0.858
377500,0.131,0.012,0.857
378000,0.116,0.025,0.859
378500,0.118,0.025,0.858
379000,0.107,0.017,0.875
379500,0.101,0.024,0.875
380000,0.108,0.015,0.877
380500,0.107,0.012,0.881
381000,0.115,0.017,0.868
381500,0.117,0.015,0.868
382000,0.122,0.015,0.863
382500,0.108,0.007,0.884
383000,0.135,0.008,0.857
383500,0.132,0.018,0.851
384000,0.102,0.013,0.884
384500,0.103,0.012,0.884
385000,0.113,0.014,0.873
385500,0.111,0.021,0.869
386000,0.112,0.010,0.878
386500,0.114,0.013,0.873
387000,0.112,0.008,0.880
387500,0.106,0.017,0.877
388000,0.116,0.009,0.875
388500,0.112,0.012,0.876
389000,0.114,0.010,0.876
389500,0.113,0.017,0.871
390000,0.109,0.011,0.880
390500,0.105,0.009,0.886
391000,0.127,0.009,0.865
391500,0.112,0.004,0.885
392000,0.108,0.007,0.884
392500,0.106,0.009,0.884
393000,0.114,0.010,0.876
393500,0.114,0.015,0.871
394000,0.122,0.007,0.871
394500,0.119,0.011,0.870
395000,0.114,0.007,0.879
395500,0.115,0.004,0.881
396000,0.109,0.018,0.873
396500,0.126,0.022,0.852
397000,0.111,0.026,0.863
397500,0.107,0.022,0.871
398000,0.121,0.014,0.865
398500,0.116,0.009,0.876
399000,0.115,0.005,0.880
399500,0.127,0.005,0.868
400000,0.112,0.005,0.883
400500,0.105,0.020,0.875
401000,0.108,0.020,0.872
401500,0.095,0.009,0.896
402000,0.107,0.011,0.882
402500,0.111,0.010,0.879
403000,0.129,0.019,0.852
403500,0.115,0.019,0.866
404000,0.114,0.018,0.869
404500,0.118,0.014,0.867
405000,0.117,0.020,0.863
405500,0.105,0.018,0.876
406000,0.101,0.015,0.884
406500,0.117,0.007,0.876
407000,0.121,0.005,0.874
407500,0.121,0.010,0.869
408000,0.131,0.008,0.861
408500,0.121,0.011,0.868
409000,0.118,0.015,0.867
409500,0.114,0.010,0.876
410000,0.114,0.012,0.874
410500,0.108,0.025,0.867
411000,0.122,0.013,0.865
411500,0.110,0.007,0.883
412000,0.116,0.006,0.878
412500,0.115,0.002,0.884
413000,0.119,0.017,0.864
413500,0.116,0.013,0.872
414000,0.126,0.012,0.863
414500,0.111,0.006,0.883
415000,0.113,0.017,0.870
415500,0.124,0.005,0.871
416000,0.118,0.009,0.874
416500,0.124,0.002,0.873
417000,0.121,0.009,0.870
417500,0.123,0.009,0.868
418000,0.124,0.009,0.866
418500,0.127,0.012,0.861
419000,0.122,0.011,0.866
419500,0.134,0.004,0.863
420000,0.125,0.011,0.865
420500,0.126,0.021,0.853
421000,0.102,0.018,0.880
421500,0.111,0.024,0.866
422000,0.106,0.025,0.869
422500,0.104,0.019,0.877
423000,0.104,0.011,0.884
423500,0.111,0.013,0.876
424000,0.111,0.025,0.864
424500,0.104,0.015,0.881
425000,0.123,0.009,0.868
425500,0.125,0.008,0.867
426000,0.108,0.004,0.887
426500,0.117,0.012,0.871
427000,0.121,0.011,0.868
427500,0.128,0.012,0.860
428000,0.113,0.004,0.883
428500,0.121,0.002,0.877
429000,0.117,0.005,0.877
429500,0.114,0.009,0.877
430000,0.123,0.008,0.869
430500,0.113,0.011,0.877
431000,0.119,0.013,0.868
431500,0.135,0.011,0.854
432000,0.123,0.009,0.868
432500,0.108,0.017,0.874
433000,0.122,0.012,0.866
433500,0.105,0.011,0.884
434000,0.110,0.011,0.880
434500,0.103,0.015,0.882
435000,0.106,0.009,0.885
435500,0.123,0.011,0.866
436000,0.125,0.004,0.872
436500,0.123,0.004,0.873
437000,0.111,0.011,0.878
437500,0.104,0.009,0.887
438000,0.112,0.006,0.882
438500,0.119,0.007,0.874
439000,0.116,0.015,0.870
439500,0.117,0.010,0.873
440000,0.117,0.009,0.875
440500,0.118,0.009,0.872
441000,0.117,0.021,0.862
441500,0.113,0.029,0.859
442000,0.111,0.019,0.870
442500,0.109,0.020,0.871
443000,0.122,0.018,0.859
443500,0.110,0.009,0.882
444000,0.108,0.015,0.878
444500,0.104,0.013,0.883
445000,0.121,0.009,0.870
445500,0.116,0.009,0.876
446000,0.110,0.013,0.878
446500,0.126,0.021,0.853
447000,0.115,0.021,0.864
447500,0.108,0.018,0.875
448000,0.113,0.018,0.870
448500,0.108,0.016,0.876
449000,0.100,0.007,0.893
449500,0.106,0.007,0.887
450000,0.113,0.013,0.874
450500,0.112,0.013,0.875
451000,0.115,0.017,0.868
451500,0.120,0.022,0.857
452000,0.111,0.021,0.868
452500,0.116,0.019,0.865
453000,0.111,0.012,0.877
453500,0.117,0.009,0.874
454000,0.123,0.013,0.864
454500,0.113,0.015,0.872
455000,0.114,0.013,0.874
455500,0.115,0.007,0.878
456000,0.106,0.013,0.881
456500,0.110,0.005,0.885
457000,0.118,0.005,0.876
457500,0.129,0.005,0.866
458000,0.122,0.011,0.868
458500,0.128,0.011,0.862
459000,0.124,0.010,0.865
459500,0.116,0.009,0.875
460000,0.113,0.019,0.868
460500,0.117,0.021,0.862
461000,0.113,0.020,0.867
461500,0.130,0.016,0.854
462000,0.139,0.025,0.836
462500,0.131,0.018,0.851
463000,0.135,0.019,0.846
463500,0.120,0.013,0.867
464000,0.118,0.021,0.860
464500,0.110,0.011,0.879
465000,0.111,0.022,0.867
465500,0.108,0.020,0.871
466000,0.110,0.013,0.878
466500,0.107,0.007,0.885
467000,0.104,0.011,0.884
467500,0.104,0.011,0.886
468000,0.108,0.016,0.875
468500,0.099,0.014,0.887
469000,0.105,0.009,0.885
469500,0.128,0.011,0.862
470000,0.110,0.012,0.878
470500,0.126,0.011,0.863
471000,0.119,0.019,0.862
471500,0.106,0.021,0.873
472000,0.114,0.020,0.866
472500,0.112,0.011,0.877
473000,0.111,0.018,0.871
473500,0.127,0.013,0.861
474000,0.114,0.011,0.875
474500,0.129,0.011,0.860
475000,0.119,0.007,0.874
475500,0.118,0.003,0.879
476000,0.119,0.008,0.873
476500,0.116,0.011,0.874
477000,0.116,0.013,0.872
477500,0.115,0.011,0.875
478000,0.103,0.014,0.883
478500,0.100,0.014,0.886
479000,0.106,0.016,0.878
479500,0.117,0.010,0.873
480000,0.119,0.004,0.877
480500,0.130,0.001,0.870
481000,0.117,0.011,0.873
481500,0.115,0.007,0.878
482000,0.108,0.013,0.879
482500,0.118,0.009,0.873
483000,0.117,0.013,0.871
483500,0.111,0.017,0.872
484000,0.127,0.015,0.858
484500,0.119,0.011,0.870
485000,0.135,0.011,0.854
485500,0.137,0.018,0.845
486000,0.113,0.018,0.870
486500,0.111,0.015,0.875
487000,0.118,0.015,0.867
487500,0.115,0.011,0.874
488000,0.120,0.016,0.864
488500,0.112,0.020,0.868
489000,0.118,0.012,0.869
489500,0.113,0.009,0.878
490000,0.135,0.010,0.855
490500,0.132,0.016,0.853
491000,0.127,0.011,0.862
491500,0.126,0.007,0.867
492000,0.114,0.013,0.873
492500,0.117,0.017,0.866
493000,0.121,0.009,0.870
493500,0.123,0.017,0.860
494000,0.135,0.014,0.851
494500,0.137,0.015,0.848
495000,0.134,0.016,0.850
495500,0.106,0.009,0.885
496000,0.121,0.024,0.855
496500,0.118,0.011,0.871
497000,0.127,0.009,0.864
497500,0.122,0.015,0.862
498000,0.117,0.019,0.864
498500,0.110,0.018,0.873
499000,0.115,0.018,0.867
499500,0.118,0.018,0.864
500000,0.122,0.009,0.869
500500,0.107,0.005,0.887
501000,0.108,0.009,0.882
501500,0.116,0.015,0.869
502000,0.135,0.016,0.849
502500,0.115,0.010,0.875
503000,0.112,0.017,0.872
503500,0.124,0.016,0.859
504000,0.117,0.021,0.862
504500,0.116,0.025,0.859
505000,0.111,0.015,0.875
505500,0.110,0.009,0.881
506000,0.119,0.011,0.870
506500,0.120,0.010,0.869
507000,0.122,0.004,0.873
507500,0.123,0.014,0.863
508000,0.121,0.011,0.868
508500,0.112,0.016,0.872
509000,0.110,0.028,0.862
509500,0.107,0.017,0.876
510000,0.117,0.022,0.861
510500,0.117,0.017,0.866
511000,0.135,0.023,0.842
511500,0.134,0.013,0.853
512000,0.128,0.010,0.863
512500,0.119,0.008,0.873
513000,0.123,0.010,0.867
513500,0.115,0.012,0.873
514000,0.112,0.007,0.881
514500,0.123,0.016,0.861
515000,0.136,0.009,0.855
515500,0.126,0.004,0.871
516000,0.139,0.005,0.856
516500,0.138,0.007,0.855
517000,0.124,0.013,0.863
517500,0.122,0.019,0.859
518000,0.117,0.011,0.872
518500,0.127,0.003,0.871
519000,0.117,0.006,0.877
519500,0.126,0.011,0.863
520000,0.115,0.009,0.876
520500,0.113,0.011,0.876
521000,0.126,0.011,0.864
521500,0.130,0.015,0.856
522000,0.123,0.015,0.862
522500,0.108,0.013,0.880
523000,0.113,0.009,0.879
523500,0.108,0.017,0.875
524000,0.130,0.011,0.860
524500,0.124,0.011,0.865
525000,0.115,0.015,0.871
525500,0.111,0.015,0.874
526000,0.126,0.006,0.868
526500,0.117,0.007,0.875
527000,0.128,0.013,0.859
527500,0.127,0.009,0.865
528000,0.119,0.009,0.873
528500,0.113,0.020,0.867
529000,0.119,0.013,0.868
529500,0.114,0.013,0.873
530000,0.120,0.006,0.874
530500,0.117,0.008,0.875
531000,0.121,0.021,0.858
531500,0.145,0.018,0.837
532000,0.131,0.014,0.855
532500,0.131,0.006,0.863
533000,0.131,0.018,0.851
533500,0.120,0.019,0.860
534000,0.142,0.015,0.843
534500,0.129,0.020,0.851
535000,0.118,0.016,0.866
535500,0.113,0.011,0.876
536000,0.125,0.006,0.869
536500,0.116,0.004,0.880
537000,0.127,0.002,0.871
537500,0.129,0.004,0.868
538000,0.114,0.018,0.869
538500,0.114,0.014,0.872
539000,0.124,0.016,0.859
539500,0.132,0.009,0.860
540000,0.120,0.008,0.872
540500,0.126,0.005,0.869
541000,0.118,0.013,0.868
541500,0.104,0.013,0.882
542000,0.097,0.015,0.888
542500,0.102,0.013,0.886
543000,0.119,0.024,0.858
543500,0.116,0.022,0.862
544000,0.110,0.013,0.877
544500,0.107,0.007,0.886
545000,0.126,0.011,0.863
545500,0.125,0.011,0.864
546000,0.138,0.003,0.860
546500,0.146,0.007,0.847
547000,0.133,0.004,0.864
547500,0.136,0.004,0.860
548000,0.130,0.004,0.867
548500,0.127,0.016,0.857
549000,0.126,0.013,0.862
549500,0.114,0.004,0.882
550000,0.114,0.015,0.871
550500,0.112,0.009,0.880
551000,0.126,0.011,0.864
551500,0.126,0.007,0.867
552000,0.126,0.008,0.867
552500,0.135,0.006,0.859
553000,0.119,0.017,0.864
553500,0.107,0.015,0.878
554000,0.126,0.013,0.861
554500,0.126,0.017,0.857
555000,0.112,0.015,0.873
555500,0.118,0.010,0.871
556000,0.111,0.005,0.884
556500,0.122,0.011,0.867
557000,0.129,0.011,0.860
557500,0.120,0.016,0.863
558000,0.138,0.006,0.857
558500,0.128,0.005,0.867
559000,0.122,0.005,0.873
559500,0.113,0.013,0.874
560000,0.114,0.014,0.872
560500,0.119,0.006,0.875
561000,0.117,0.015,0.869
561500,0.110,0.007,0.883
562000,0.120,0.018,0.862
562500,0.118,0.015,0.867
563000,0.119,0.018,0.863
563500,0.112,0.019,0.869
564000,0.108,0.020,0.871
564500,0.132,0.014,0.854
565000,0.138,0.004,0.858
565500,0.131,0.004,0.865
566000,0.140,0.002,0.859
566500,0.132,0.003,0.866
567000,0.120,0.013,0.867
567500,0.114,0.009,0.878
568000,0.117,0.007,0.875
568500,0.128,0.007,0.865
569000,0.131,0.017,0.853
569500,0.133,0.015,0.852
570000,0.138,0.018,0.845
570500,0.139,0.006,0.855
571000,0.130,0.005,0.865
571500,0.110,0.018,0.873
572000,0.128,0.010,0.863
572500,0.130,0.007,0.863
573000,0.118,0.009,0.872
573500,0.124,0.004,0.872
574000,0.109,0.006,0.885
574500,0.109,0.017,0.874
575000,0.122,0.017,0.861
575500,0.124,0.013,0.863
576000,0.114,0.017,0.869
576500,0.101,0.016,0.883
577000,0.097,0.021,0.883
577500,0.096,0.024,0.881
578000,0.109,0.015,0.877
578500,0.120,0.025,0.854
579000,0.116,0.018,0.866
579500,0.134,0.028,0.839
580000,0.139,0.017,0.845
580500,0.130,0.014,0.857
581000,0.137,0.007,0.856
581500,0.126,0.008,0.866
582000,0.114,0.020,0.866
582500,0.118,0.017,0.865
583000,0.123,0.011,0.865
583500,0.109,0.013,0.879
584000,0.104,0.012,0.883
584500,0.111,0.015,0.875
585000,0.123,0.012,0.865
585500,0.127,0.011,0.862
586000,0.107,0.013,0.879
586500,0.117,0.018,0.864
587000,0.126,0.017,0.857
587500,0.122,0.019,0.858
588000,0.130,0.017,0.854
588500,0.132,0.015,0.854
589000,0.115,0.006,0.879
589500,0.104,0.009,0.887
590000,0.118,0.010,0.871
590500,0.105,0.021,0.874
591000,0.099,0.013,0.889
591500,0.120,0.004,0.876
592000,0.117,0.001,0.883
592500,0.125,0.004,0.872
593000,0.115,0.006,0.879
593500,0.135,0.006,0.859
594000,0.119,0.004,0.878
594500,0.129,0.016,0.855
595000,0.120,0.010,0.869
595500,0.125,0.004,0.872
596000,0.124,0.005,0.871
596500,0.118,0.015,0.867
597000,0.120,0.018,0.862
597500,0.123,0.009,0.867
598000,0.131,0.010,0.859
598500,0.120,0.007,0.872
599000,0.117,0.011,0.872
599500,0.121,0.006,0.872
600000,0.117,0.007,0.876
600500,0.121,0.003,0.877
601000,0.121,0.003,0.876
601500,0.121,0.009,0.870
602000,0.114,0.015,0.872
602500,0.116,0.007,0.877
603000,0.112,0.009,0.879
603500,0.113,0.022,0.865
604000,0.118,0.016,0.866
604500,0.131,0.013,0.856
605000,0.128,0.011,0.861
605500,0.118,0.004,0.878
606000,0.118,0.006,0.875
606500,0.119,0.014,0.867
607000,0.112,0.013,0.875
607500,0.115,0.008,0.877
608000,0.116,0.009,0.876
608500,0.121,0.018,0.862
609000,0.112,0.007,0.881
609500,0.115,0.013,0.872
610000,0.114,0.012,0.874
610500,0.119,0.013,0.867
611000,0.121,0.013,0.866
611500,0.120,0.020,0.859
612000,0.119,0.021,0.860
612500,0.118,0.021,0.861
613000,0.119,0.011,0.870
613500,0.099,0.022,0.879
614000,0.095,0.009,0.897
614500,0.110,0.006,0.884
615000,0.136,0.006,0.858
615500,0.136,0.011,0.854
616000,0.120,0.018,0.862
616500,0.108,0.012,0.880
617000,0.117,0.012,0.871
617500,0.129,0.013,0.859
618000,0.115,0.013,0.872
618500,0.129,0.004,0.868
619000,0.143,0.007,0.850
619500,0.128,0.009,0.864
620000,0.133,0.006,0.861
620500,0.121,0.002,0.878
621000,0.128,0.004,0.868
621500,0.124,0.014,0.862
622000,0.121,0.005,0.873
622500,0.119,0.006,0.874
623000,0.113,0.019,0.868
623500,0.110,0.017,0.874
624000,0.117,0.015,0.868
624500,0.116,0.011,0.874
625000,0.122,0.015,0.863
625500,0.116,0.011,0.873
626000,0.122,0.020,0.858
626500,0.110,0.018,0.872
627000,0.103,0.013,0.885
627500,0.102,0.011,0.887
628000,0.121,0.008,0.871
628500,0.115,0.004,0.881
629000,0.116,0.009,0.875
629500,0.122,0.015,0.862
630000,0.124,0.009,0.866
630500,0.117,0.009,0.874
631000,0.121,0.009,0.870
631500,0.117,0.018,0.866
632000,0.104,0.007,0.888
632500,0.115,0.007,0.878
633000,0.112,0.005,0.883
633500,0.115,0.007,0.878
634000,0.116,0.005,0.879
634500,0.125,0.011,0.864
635000,0.120,0.012,0.868
635500,0.123,0.020,0.857
636000,0.122,0.019,0.858
636500,0.127,0.011,0.863
637000,0.116,0.017,0.867
637500,0.122,0.015,0.864
638000,0.107,0.023,0.870
638500,0.111,0.013,0.876
639000,0.104,0.014,0.881
639500,0.109,0.008,0.883
640000,0.116,0.016,0.868
640500,0.112,0.015,0.873
641000,0.103,0.024,0.874
641500,0.122,0.014,0.863
642000,0.119,0.015,0.865
642500,0.120,0.009,0.870
643000,0.134,0.009,0.858
643500,0.131,0.004,0.865
644000,0.123,0.012,0.865
644500,0.123,0.014,0.863
645000,0.113,0.029,0.858
645500,0.111,0.024,0.866
646000,0.104,0.018,0.879
646500,0.106,0.025,0.869
647000,0.121,0.020,0.859
647500,0.131,0.014,0.855
648000,0.130,0.011,0.860
648500,0.128,0.004,0.868
649000,0.122,0.003,0.875
649500,0.114,0.001,0.885
650000,0.117,0.004,0.879
650500,0.107,0.006,0.886
651000,0.116,0.009,0.875
651500,0.124,0.009,0.868
652000,0.112,0.013,0.875
652500,0.119,0.017,0.865
653000,0.126,0.004,0.871
653500,0.129,0.001,0.870
654000,0.103,0.005,0.891
654500,0.124,0.008,0.867
655000,0.119,0.003,0.878
655500,0.117,0.010,0.873
656000,0.121,0.013,0.866
656500,0.107,0.013,0.879
657000,0.114,0.013,0.873
657500,0.126,0.013,0.862
658000,0.117,0.012,0.871
658500,0.109,0.013,0.878
659000,0.105,0.020,0.874
659500,0.115,0.019,0.866
660000,0.116,0.013,0.871
660500,0.115,0.008,0.877
661000,0.106,0.013,0.881
661500,0.131,0.009,0.861
662000,0.119,0.009,0.871
662500,0.119,0.011,0.869
663000,0.124,0.009,0.867
663500,0.132,0.018,0.851
664000,0.120,0.022,0.858
664500,0.113,0.011,0.876
665000,0.108,0.018,0.873
665500,0.129,0.011,0.860
666000,0.125,0.015,0.860
666500,0.108,0.012,0.880
667000,0.111,0.013,0.876
667500,0.116,0.018,0.867
668000,0.120,0.009,0.872
668500,0.114,0.011,0.875
669000,0.100,0.008,0.892
669500,0.106,0.011,0.882
670000,0.111,0.013,0.877
670500,0.113,0.023,0.864
671000,0.114,0.031,0.855
671500,0.118,0.038,0.844
672000,0.107,0.017,0.876
672500,0.113,0.021,0.866
673000,0.109,0.014,0.877
673500,0.112,0.022,0.866
674000,0.110,0.026,0.864
674500,0.101,0.021,0.879
675000,0.120,0.017,0.863
675500,0.112,0.015,0.873
676000,0.110,0.015,0.875
676500,0.116,0.011,0.874
677000,0.115,0.017,0.868
677500,0.118,0.009,0.873
678000,0.132,0.011,0.857
678500,0.124,0.007,0.869
679000,0.123,0.010,0.867
679500,0.113,0.006,0.881
680000,0.115,0.006,0.879
680500,0.109,0.007,0.884
681000,0.118,0.005,0.876
681500,0.114,0.003,0.884
682000,0.115,0.008,0.877
682500,0.111,0.005,0.884
683000,0.110,0.007,0.883
683500,0.112,0.017,0.871
684000,0.102,0.017,0.882
684500,0.122,0.010,0.868
685000,0.132,0.009,0.859
685500,0.124,0.011,0.866
686000,0.129,0.007,0.864
686500,0.123,0.015,0.862
687000,0.114,0.024,0.862
687500,0.116,0.011,0.873
688000,0.105,0.011,0.885
688500,0.112,0.010,0.878
689000,0.129,0.011,0.860
689500,0.115,0.010,0.875
690000,0.118,0.015,0.867
690500,0.130,0.006,0.865
691000,0.113,0.004,0.883
691500,0.111,0.021,0.869
692000,0.099,0.016,0.885
692500,0.113,0.011,0.876
693000,0.135,0.008,0.857
693500,0.133,0.011,0.856
694000,0.119,0.017,0.865
694500,0.113,0.012,0.875
695000,0.117,0.013,0.869
695500,0.126,0.014,0.861
696000,0.117,0.025,0.858
696500,0.105,0.017,0.878
697000,0.105,0.018,0.877
697500,0.105,0.018,0.878
698000,0.124,0.017,0.859
698500,0.130,0.014,0.856
699000,0.122,0.005,0.873
699500,0.115,0.015,0.871
700000,0.122,0.006,0.871
700500,0.114,0.011,0.875
701000,0.101,0.017,0.883
701500,0.103,0.021,0.876
702000,0.105,0.018,0.876
702500,0.103,0.019,0.878
703000,0.117,0.011,0.871
703500,0.118,0.007,0.875
704000,0.113,0.018,0.869
704500,0.129,0.013,0.858
705000,0.133,0.006,0.861
705500,0.124,0.009,0.866
706000,0.120,0.012,0.868
706500,0.118,0.019,0.862
707000,0.111,0.019,0.870
707500,0.097,0.028,0.875
708000,0.102,0.018,0.880
708500,0.102,0.013,0.885
709000,0.116,0.024,0.861
709500,0.112,0.021,0.868
710000,0.113,0.017,0.871
710500,0.110,0.011,0.879
711000,0.107,0.015,0.878
711500,0.116,0.016,0.868
712000,0.118,0.023,0.858
712500,0.127,0.011,0.862
713000,0.126,0.009,0.865
713500,0.124,0.013,0.863
714000,0.122,0.011,0.866
714500,0.120,0.015,0.864
715000,0.127,0.018,0.855
715500,0.122,0.015,0.864
716000,0.115,0.013,0.872
716500,0.123,0.014,0.863
717000,0.123,0.024,0.853
717500,0.121,0.024,0.855
718000,0.110,0.011,0.880
718500,0.114,0.022,0.864
719000,0.117,0.016,0.867
719500,0.111,0.013,0.876
720000,0.121,0.018,0.862
720500,0.121,0.011,0.868
721000,0.127,0.018,0.856
721500,0.115,0.027,0.858
722000,0.141,0.011,0.848
722500,0.128,0.011,0.861
723000,0.119,0.011,0.870
723500,0.117,0.006,0.877
724000,0.113,0.021,0.866
724500,0.117,0.015,0.868
725000,0.134,0.018,0.849
725500,0.117,0.011,0.872
726000,0.110,0.009,0.882
726500,0.127,0.018,0.855
727000,0.116,0.015,0.869
727500,0.104,0.014,0.882
728000,0.115,0.012,0.873
728500,0.118,0.009,0.874
729000,0.108,0.015,0.878
729500,0.108,0.009,0.882
730000,0.108,0.018,0.873
730500,0.121,0.021,0.858
731000,0.107,0.015,0.878
731500,0.126,0.015,0.859
732000,0.116,0.018,0.867
732500,0.124,0.009,0.866
733000,0.118,0.005,0.877
733500,0.108,0.010,0.881
734000,0.110,0.007,0.883
734500,0.108,0.005,0.886
735000,0.113,0.015,0.872
735500,0.117,0.016,0.867
736000,0.108,0.018,0.874
736500,0.104,0.011,0.884
737000,0.110,0.022,0.868
737500,0.106,0.011,0.882
738000,0.110,0.019,0.871
738500,0.111,0.013,0.876
739000,0.111,0.015,0.874
739500,0.098,0.019,0.883
740000,0.103,0.009,0.888
740500,0.111,0.015,0.874
741000,0.111,0.021,0.869
741500,0.125,0.018,0.857
742000,0.121,0.020,0.859
742500,0.119,0.019,0.862
743000,0.116,0.011,0.873
743500,0.130,0.004,0.866
744000,0.123,0.009,0.868
744500,0.121,0.020,0.859
745000,0.128,0.017,0.856
745500,0.137,0.011,0.853
746000,0.144,0.016,0.840
746500,0.126,0.021,0.853
747000,0.119,0.007,0.874
747500,0.117,0.006,0.876
748000,0.118,0.018,0.865
748500,0.108,0.016,0.875
749000,0.111,0.015,0.874
749500,0.128,0.012,0.861
750000,0.113,0.006,0.881
750500,0.110,0.014,0.876
751000,0.105,0.015,0.880
751500,0.110,0.025,0.866
752000,0.121,0.011,0.867
752500,0.112,0.009,0.879
753000,0.112,0.009,0.880
753500,0.116,0.003,0.881
754000,0.106,0.007,0.887
754500,0.115,0.016,0.869
755000,0.115,0.010,0.875
755500,0.114,0.005,0.881
756000,0.124,0.008,0.868
756500,0.118,0.012,0.869
757000,0.116,0.011,0.873
757500,0.127,0.014,0.859
758000,0.119,0.015,0.867
758500,0.119,0.018,0.863
759000,0.111,0.019,0.870
759500,0.107,0.009,0.883
760000,0.117,0.007,0.876
760500,0.100,0.015,0.885
761000,0.119,0.013,0.868
761500,0.110,0.011,0.880
762000,0.104,0.012,0.883
762500,0.117,0.018,0.865
763000,0.124,0.007,0.868
763500,0.124,0.011,0.866
764000,0.129,0.013,0.859
764500,0.134,0.016,0.850
765000,0.124,0.009,0.866
765500,0.129,0.011,0.860
766000,0.122,0.021,0.856
766500,0.126,0.008,0.867
767000,0.124,0.011,0.864
767500,0.129,0.017,0.854
768000,0.127,0.007,0.866
768500,0.126,0.012,0.863
769000,0.119,0.013,0.868
769500,0.117,0.009,0.874
770000,0.115,0.018,0.867
770500,0.111,0.011,0.878
771000,0.117,0.015,0.868
771500,0.134,0.018,0.849
772000,0.121,0.011,0.867
772500,0.119,0.016,0.865
773000,0.124,0.015,0.861
773500,0.113,0.009,0.879
774000,0.117,0.016,0.867
774500,0.121,0.018,0.860
775000,0.118,0.005,0.876
775500,0.118,0.009,0.872
776000,0.122,0.015,0.864
776500,0.126,0.018,0.856
777000,0.115,0.017,0.868
777500,0.114,0.016,0.870
778000,0.115,0.017,0.868
778500,0.117,0.013,0.870
779000,0.106,0.015,0.879
779500,0.121,0.009,0.871
780000,0.119,0.003,0.878
780500,0.127,0.013,0.861
781000,0.121,0.015,0.864
781500,0.122,0.012,0.866
782000,0.112,0.022,0.866
782500,0.112,0.025,0.863
783000,0.113,0.011,0.876
783500,0.106,0.015,0.879
784000,0.108,0.017,0.875
784500,0.100,0.017,0.884
785000,0.110,0.015,0.875
785500,0.110,0.012,0.878
786000,0.123,0.009,0.868
786500,0.104,0.022,0.873
787000,0.107,0.008,0.884
787500,0.123,0.010,0.867
788000,0.114,0.025,0.861
788500,0.114,0.017,0.870
789000,0.118,0.020,0.861
789500,0.125,0.014,0.861
790000,0.112,0.009,0.879
790500,0.115,0.012,0.873
791000,0.110,0.017,0.873
791500,0.099,0.015,0.887
792000,0.104,0.010,0.886
792500,0.095,0.007,0.898
793000,0.116,0.015,0.869
793500,0.120,0.014,0.866
794000,0.122,0.011,0.867
794500,0.122,0.009,0.868
795000,0.124,0.009,0.867
795500,0.119,0.007,0.873
796000,0.139,0.010,0.851
796500,0.120,0.007,0.873
797000,0.113,0.013,0.874
797500,0.115,0.014,0.871
798000,0.102,0.020,0.878
798500,0.114,0.018,0.869
799000,0.106,0.027,0.866
799500,0.111,0.012,0.877
800000,0.106,0.017,0.877
800500,0.121,0.012,0.867
801000,0.120,0.012,0.867
801500,0.115,0.013,0.872
802000,0.102,0.013,0.885
802500,0.127,0.009,0.864
803000,0.126,0.007,0.867
803500,0.112,0.020,0.868
804000,0.107,0.024,0.869
804500,0.114,0.015,0.872
805000,0.123,0.013,0.864
805500,0.103,0.007,0.889
806000,0.105,0.018,0.876
806500,0.128,0.011,0.862
807000,0.119,0.009,0.872
807500,0.125,0.009,0.866
808000,0.128,0.021,0.852
808500,0.114,0.020,0.866
809000,0.125,0.019,0.856
809500,0.119,0.016,0.865
810000,0.117,0.018,0.865
810500,0.121,0.013,0.867
811000,0.103,0.009,0.887
811500,0.110,0.016,0.874
812000,0.105,0.016,0.878
812500,0.118,0.013,0.869
813000,0.117,0.011,0.873
813500,0.114,0.016,0.870
814000,0.111,0.013,0.877
814500,0.113,0.010,0.877
815000,0.119,0.025,0.855
815500,0.120,0.017,0.862
816000,0.130,0.014,0.856
816500,0.134,0.014,0.852
817000,0.128,0.015,0.858
817500,0.114,0.012,0.874
818000,0.116,0.012,0.872
818500,0.111,0.018,0.872
819000,0.102,0.012,0.885
819500,0.110,0.005,0.885
820000,0.098,0.009,0.893
820500,0.108,0.007,0.884
821000,0.117,0.014,0.869
821500,0.118,0.018,0.864
822000,0.118,0.018,0.864
822500,0.116,0.029,0.855
823000,0.108,0.017,0.875
823500,0.116,0.017,0.867
824000,0.120,0.007,0.873
824500,0.130,0.003,0.868
825000,0.124,0.009,0.867
825500,0.129,0.007,0.864
826000,0.119,0.017,0.865
826500,0.117,0.024,0.859
827000,0.115,0.015,0.870
827500,0.117,0.018,0.864
828000,0.114,0.030,0.856
828500,0.131,0.021,0.848
829000,0.122,0.015,0.864
829500,0.123,0.010,0.867
830000,0.117,0.009,0.874
830500,0.114,0.011,0.876
831000,0.107,0.019,0.874
831500,0.112,0.021,0.868
832000,0.115,0.010,0.875
832500,0.124,0.021,0.856
833000,0.123,0.018,0.859
833500,0.111,0.020,0.869
834000,0.112,0.017,0.872
834500,0.113,0.017,0.871
835000,0.103,0.011,0.886
835500,0.107,0.015,0.879
836000,0.112,0.015,0.874
836500,0.111,0.021,0.868
837000,0.116,0.015,0.870
837500,0.115,0.017,0.869
838000,0.130,0.024,0.847
838500,0.123,0.011,0.867
839000,0.118,0.008,0.874
839500,0.126,0.005,0.870
840000,0.138,0.008,0.855
840500,0.130,0.011,0.860
841000,0.121,0.011,0.867
841500,0.143,0.006,0.850
842000,0.129,0.005,0.866
842500,0.128,0.013,0.859
843000,0.117,0.025,0.859
843500,0.126,0.025,0.849
844000,0.124,0.022,0.853
844500,0.114,0.013,0.873
845000,0.111,0.011,0.878
845500,0.146,0.009,0.845
846000,0.123,0.013,0.865
846500,0.124,0.009,0.867
847000,0.124,0.019,0.857
847500,0.124,0.011,0.864
848000,0.123,0.009,0.869
848500,0.114,0.011,0.875
849000,0.130,0.012,0.858
849500,0.131,0.006,0.863
850000,0.124,0.006,0.869
850500,0.113,0.004,0.884
851000,0.112,0.010,0.878
851500,0.127,0.010,0.863
852000,0.123,0.012,0.865
852500,0.115,0.009,0.877
853000,0.112,0.008,0.880
853500,0.111,0.018,0.871
854000,0.123,0.013,0.863
854500,0.116,0.004,0.881
855000,0.117,0.018,0.864
855500,0.118,0.029,0.853
856000,0.121,0.017,0.862
856500,0.121,0.021,0.858
857000,0.132,0.013,0.856
857500,0.126,0.008,0.866
858000,0.123,0.013,0.865
858500,0.128,0.012,0.860
859000,0.111,0.009,0.881
859500,0.102,0.016,0.882
860000,0.108,0.009,0.882
860500,0.108,0.004,0.888
861000,0.124,0.002,0.873
861500,0.117,0.006,0.877
862000,0.101,0.010,0.889
862500,0.120,0.017,0.864
863000,0.112,0.009,0.879
863500,0.119,0.015,0.865
864000,0.118,0.010,0.871
864500,0.105,0.011,0.884
865000,0.107,0.013,0.879
865500,0.122,0.013,0.865
866000,0.122,0.012,0.865
866500,0.129,0.020,0.851
867000,0.123,0.015,0.863
867500,0.136,0.009,0.856
868000,0.122,0.015,0.862
868500,0.116,0.018,0.866
869000,0.112,0.015,0.873
869500,0.120,0.015,0.865
870000,0.117,0.015,0.868
870500,0.129,0.009,0.862
871000,0.143,0.008,0.849
871500,0.123,0.018,0.859
872000,0.134,0.021,0.845
872500,0.123,0.011,0.866
873000,0.119,0.018,0.863
873500,0.140,0.029,0.831
874000,0.124,0.011,0.865
874500,0.118,0.009,0.872
875000,0.110,0.009,0.881
875500,0.124,0.009,0.866
876000,0.118,0.005,0.877
876500,0.120,0.015,0.866
877000,0.120,0.013,0.867
877500,0.124,0.013,0.862
878000,0.149,0.013,0.838
878500,0.130,0.010,0.860
879000,0.123,0.016,0.861
879500,0.110,0.007,0.883
880000,0.126,0.013,0.862
880500,0.120,0.021,0.860
881000,0.126,0.009,0.865
881500,0.129,0.013,0.858
882000,0.160,0.007,0.833
882500,0.148,0.009,0.842
883000,0.123,0.013,0.865
883500,0.112,0.015,0.874
884000,0.109,0.006,0.885
884500,0.105,0.015,0.880
885000,0.112,0.017,0.872
885500,0.113,0.011,0.876
886000,0.128,0.012,0.861
886500,0.122,0.017,0.862
887000,0.110,0.013,0.878
887500,0.117,0.009,0.875
888000,0.129,0.015,0.856
888500,0.122,0.004,0.873
889000,0.128,0.015,0.858
889500,0.127,0.010,0.863
890000,0.130,0.009,0.862
890500,0.122,0.008,0.869
891000,0.113,0.011,0.876
891500,0.120,0.015,0.864
892000,0.118,0.011,0.871
892500,0.104,0.021,0.876
893000,0.105,0.025,0.870
893500,0.104,0.015,0.881
894000,0.111,0.009,0.880
894500,0.122,0.005,0.873
895000,0.130,0.012,0.858
895500,0.122,0.011,0.866
896000,0.116,0.006,0.878
896500,0.122,0.008,0.869
897000,0.125,0.017,0.859
897500,0.121,0.009,0.871
898000,0.122,0.014,0.864
898500,0.127,0.007,0.866
899000,0.121,0.004,0.875
899500,0.122,0.007,0.871
900000,0.115,0.007,0.878
900500,0.116,0.011,0.873
901000,0.131,0.006,0.863
901500,0.131,0.015,0.854
902000,0.123,0.010,0.867
902500,0.125,0.015,0.860
903000,0.117,0.015,0.869
903500,0.118,0.008,0.873
904000,0.114,0.009,0.878
904500,0.111,0.013,0.876
905000,0.124,0.029,0.846
905500,0.119,0.024,0.857
906000,0.117,0.013,0.870
906500,0.122,0.008,0.870
907000,0.122,0.007,0.871
907500,0.131,0.010,0.859
908000,0.126,0.010,0.865
908500,0.111,0.012,0.877
909000,0.110,0.015,0.875
909500,0.105,0.021,0.874
910000,0.119,0.021,0.860
910500,0.126,0.015,0.859
911000,0.111,0.015,0.874
911500,0.114,0.022,0.864
912000,0.107,0.015,0.878
912500,0.111,0.011,0.879
913000,0.102,0.013,0.884
913500,0.107,0.018,0.875
914000,0.103,0.015,0.882
914500,0.115,0.005,0.880
915000,0.117,0.014,0.869
915500,0.112,0.006,0.882
916000,0.124,0.010,0.865
916500,0.117,0.011,0.872
917000,0.107,0.008,0.884
917500,0.132,0.002,0.867
918000,0.117,0.003,0.881
918500,0.119,0.005,0.875
919000,0.129,0.010,0.861
919500,0.125,0.005,0.870
920000,0.113,0.010,0.877
920500,0.122,0.009,0.868
921000,0.129,0.010,0.861
921500,0.128,0.011,0.861
922000,0.118,0.010,0.872
922500,0.121,0.011,0.868
923000,0.120,0.011,0.870
923500,0.114,0.012,0.874
924000,0.112,0.009,0.879
924500,0.110,0.011,0.879
925000,0.105,0.013,0.883
925500,0.111,0.014,0.875
926000,0.104,0.014,0.881
926500,0.105,0.022,0.872
927000,0.102,0.017,0.881
927500,0.104,0.014,0.881
928000,0.102,0.012,0.885
928500,0.111,0.015,0.874
929000,0.122,0.009,0.868
929500,0.126,0.013,0.862
930000,0.106,0.024,0.870
930500,0.108,0.032,0.860
931000,0.111,0.021,0.868
931500,0.119,0.029,0.851
932000,0.116,0.015,0.869
932500,0.140,0.013,0.847
933000,0.142,0.015,0.843
933500,0.125,0.009,0.866
934000,0.115,0.011,0.875
934500,0.115,0.017,0.869
935000,0.139,0.013,0.849
935500,0.122,0.009,0.870
936000,0.120,0.006,0.873
936500,0.126,0.007,0.867
937000,0.122,0.004,0.873
937500,0.128,0.021,0.851
938000,0.120,0.013,0.867
938500,0.114,0.015,0.871
939000,0.122,0.021,0.858
939500,0.115,0.013,0.872
940000,0.122,0.009,0.868
940500,0.134,0.011,0.855
941000,0.130,0.008,0.863
941500,0.140,0.006,0.855
942000,0.129,0.015,0.856
942500,0.120,0.013,0.866
943000,0.128,0.009,0.864
943500,0.115,0.009,0.877
944000,0.123,0.005,0.872
944500,0.119,0.014,0.867
945000,0.129,0.009,0.862
945500,0.133,0.011,0.857
946000,0.131,0.015,0.854
946500,0.122,0.015,0.863
947000,0.129,0.009,0.862
947500,0.116,0.012,0.872
948000,0.113,0.006,0.881
948500,0.108,0.006,0.886
949000,0.117,0.009,0.874
949500,0.117,0.032,0.852
950000,0.118,0.020,0.862
950500,0.111,0.013,0.877
951000,0.118,0.009,0.872
951500,0.111,0.007,0.882
952000,0.121,0.011,0.868
952500,0.122,0.004,0.873
953000,0.135,0.006,0.859
953500,0.124,0.007,0.869
954000,0.126,0.017,0.858
954500,0.119,0.025,0.856
955000,0.120,0.013,0.866
955500,0.108,0.018,0.874
956000,0.112,0.013,0.876
956500,0.114,0.007,0.879
957000,0.113,0.009,0.878
957500,0.118,0.013,0.869
958000,0.122,0.013,0.866
958500,0.136,0.013,0.851
959000,0.129,0.008,0.863
959500,0.122,0.026,0.851
960000,0.126,0.016,0.858
960500,0.115,0.009,0.876
961000,0.124,0.006,0.869
961500,0.135,0.002,0.863
962000,0.132,0.009,0.859
962500,0.117,0.015,0.868
963000,0.113,0.014,0.873
963500,0.118,0.018,0.863
964000,0.121,0.009,0.870
964500,0.109,0.017,0.874
965000,0.129,0.017,0.854
965500,0.123,0.022,0.855
966000,0.132,0.011,0.857
966500,0.142,0.011,0.847
967000,0.117,0.015,0.869
967500,0.124,0.015,0.860
968000,0.126,0.009,0.866
968500,0.118,0.006,0.875
969000,0.137,0.011,0.852
969500,0.127,0.011,0.863
970000,0.114,0.011,0.876
970500,0.129,0.004,0.868
971000,0.128,0.004,0.868
971500,0.129,0.002,0.870
972000,0.129,0.006,0.865
972500,0.117,0.006,0.877
973000,0.110,0.013,0.878
973500,0.105,0.017,0.877
974000,0.112,0.006,0.882
974500,0.114,0.005,0.881
975000,0.124,0.013,0.863
975500,0.119,0.008,0.873
976000,0.112,0.009,0.879
976500,0.110,0.017,0.874
977000,0.112,0.013,0.876
977500,0.105,0.015,0.879
978000,0.113,0.012,0.875
978500,0.124,0.013,0.863
979000,0.117,0.011,0.872
979500,0.118,0.007,0.874
980000,0.111,0.009,0.880
980500,0.101,0.019,0.880
981000,0.122,0.026,0.851
981500,0.120,0.016,0.863
982000,0.129,0.018,0.854
982500,0.126,0.009,0.866
983000,0.129,0.021,0.850
983500,0.118,0.019,0.862
984000,0.126,0.015,0.859
984500,0.114,0.016,0.870
985000,0.109,0.019,0.872
985500,0.128,0.013,0.859
986000,0.118,0.005,0.876
986500,0.115,0.012,0.873
987000,0.118,0.011,0.872
987500,0.120,0.011,0.868
988000,0.136,0.011,0.853
988500,0.122,0.007,0.871
989000,0.119,0.007,0.873
989500,0.110,0.015,0.875
990000,0.121,0.015,0.864
990500,0.123,0.023,0.854
991000,0.110,0.012,0.878
991500,0.115,0.021,0.865
992000,0.114,0.012,0.874
992500,0.115,0.009,0.876
993000,0.124,0.015,0.861
993500,0.129,0.011,0.860
994000,0.110,0.007,0.883
994500,0.119,0.005,0.875
995000,0.129,0.009,0.862
995500,0.135,0.011,0.854
996000,0.136,0.007,0.857
996500,0.133,0.018,0.849
997000,0.127,0.013,0.860
997500,0.134,0.013,0.853
998000,0.127,0.019,0.854
998500,0.122,0.018,0.860
999000,0.116,0.013,0.872
999500,0.117,0.013,0.870
1000000,0.129,0.015,0.856
