time,n_A+p,n_B,n_AB
0,0.009,0.991,0.000
500,0.010,0.978,0.012
1000,0.012,0.972,0.015
1500,0.011,0.975,0.013
2000,0.013,0.973,0.013
2500,0.014,0.972,0.013
3000,0.015,0.964,0.020
3500,0.016,0.966,0.017
4000,0.019,0.965,0.015
4500,0.021,0.951,0.028
5000,0.021,0.959,0.019
5500,0.018,0.961,0.020
6000,0.017,0.961,0.021
6500,0.021,0.955,0.023
7000,0.027,0.951,0.022
7500,0.019,0.963,0.017
8000,0.016,0.965,0.018
8500,0.016,0.969,0.014
9000,0.015,0.967,0.017
9500,0.021,0.962,0.016
10000,0.016,0.968,0.015
10500,0.014,0.963,0.022
11000,0.014,0.966,0.019
11500,0.014,0.969,0.016
12000,0.015,0.957,0.028
12500,0.013,0.973,0.013
13000,0.016,0.966,0.017
13500,0.020,0.955,0.025
14000,0.026,0.956,0.018
14500,0.020,0.955,0.025
15000,0.016,0.957,0.027
15500,0.014,0.963,0.022
16000,0.015,0.966,0.018
16500,0.015,0.960,0.025
17000,0.015,0.954,0.031
17500,0.018,0.958,0.023
18000,0.017,0.957,0.026
18500,0.015,0.957,0.028
19000,0.012,0.964,0.023
19500,0.014,0.960,0.026
20000,0.014,0.967,0.018
20500,0.019,0.947,0.034
21000,0.031,0.942,0.028
21500,0.036,0.924,0.040
22000,0.044,0.912,0.044
22500,0.043,0.898,0.059
23000,0.038,0.917,0.045
23500,0.027,0.928,0.045
24000,0.020,0.943,0.037
24500,0.027,0.937,0.037
25000,0.018,0.943,0.039
25500,0.032,0.924,0.044
26000,0.040,0.918,0.042
26500,0.031,0.918,0.051
27000,0.048,0.900,0.052
27500,0.054,0.885,0.061
28000,0.067,0.874,0.058
28500,0.075,0.884,0.042
29000,0.054,0.897,0.049
29500,0.056,0.893,0.051
30000,0.056,0.888,0.056
30500,0.058,0.897,0.045
31000,0.048,0.902,0.050
31500,0.045,0.915,0.040
32000,0.051,0.899,0.050
32500,0.036,0.933,0.032
33000,0.039,0.925,0.036
33500,0.041,0.923,0.036
34000,0.031,0.926,0.043
34500,0.026,0.918,0.056
35000,0.034,0.913,0.053
35500,0.030,0.916,0.054
36000,0.033,0.917,0.050
36500,0.033,0.915,0.052
37000,0.036,0.919,0.045
37500,0.034,0.922,0.044
38000,0.037,0.923,0.040
38500,0.034,0.930,0.037
39000,0.032,0.927,0.041
39500,0.029,0.934,0.038
40000,0.025,0.931,0.045
40500,0.027,0.935,0.039
41000,0.032,0.926,0.042
41500,0.038,0.910,0.052
42000,0.042,0.900,0.058
42500,0.046,0.905,0.049
43000,0.045,0.902,0.053
43500,0.051,0.879,0.069
44000,0.046,0.897,0.057
44500,0.048,0.909,0.043
45000,0.043,0.913,0.044
45500,0.038,0.916,0.046
46000,0.033,0.922,0.045
46500,0.030,0.930,0.041
47000,0.030,0.935,0.036
47500,0.038,0.927,0.035
48000,0.032,0.925,0.043
48500,0.039,0.926,0.035
49000,0.030,0.936,0.035
49500,0.026,0.933,0.042
50000,0.022,0.943,0.035
50500,0.042,0.923,0.035
51000,0.037,0.924,0.039
51500,0.035,0.921,0.044
52000,0.039,0.918,0.043
52500,0.035,0.919,0.046
53000,0.033,0.918,0.049
53500,0.028,0.924,0.048
54000,0.027,0.922,0.051
54500,0.027,0.933,0.041
55000,0.026,0.942,0.033
55500,0.022,0.946,0.032
56000,0.027,0.937,0.037
56500,0.025,0.941,0.035
57000,0.021,0.939,0.040
57500,0.020,0.933,0.047
58000,0.033,0.919,0.048
58500,0.031,0.927,0.042
59000,0.035,0.931,0.035
59500,0.031,0.930,0.040
60000,0.037,0.914,0.049
60500,0.035,0.912,0.053
61000,0.042,0.907,0.051
61500,0.044,0.907,0.049
62000,0.037,0.908,0.055
62500,0.035,0.916,0.049
63000,0.051,0.897,0.052
63500,0.049,0.890,0.061
64000,0.048,0.884,0.068
64500,0.048,0.895,0.057
65000,0.049,0.894,0.057
65500,0.043,0.901,0.056
66000,0.048,0.903,0.049
66500,0.048,0.900,0.052
67000,0.048,0.897,0.055
67500,0.049,0.872,0.079
68000,0.056,0.875,0.068
68500,0.050,0.889,0.061
69000,0.044,0.890,0.066
69500,0.036,0.909,0.055
70000,0.041,0.895,0.064
70500,0.040,0.910,0.050
71000,0.039,0.902,0.059
71500,0.038,0.909,0.053
72000,0.030,0.915,0.055
72500,0.038,0.904,0.058
73000,0.034,0.917,0.049
73500,0.040,0.917,0.043
74000,0.031,0.918,0.051
74500,0.029,0.927,0.044
75000,0.022,0.943,0.035
75500,0.035,0.930,0.036
76000,0.033,0.920,0.047
76500,0.030,0.926,0.044
77000,0.035,0.922,0.043
77500,0.037,0.911,0.052
78000,0.039,0.906,0.055
78500,0.040,0.915,0.045
79000,0.040,0.911,0.049
79500,0.040,0.917,0.043
80000,0.036,0.909,0.055
80500,0.032,0.915,0.053
81000,0.037,0.911,0.052
81500,0.038,0.917,0.045
82000,0.028,0.927,0.045
82500,0.040,0.915,0.045
83000,0.030,0.919,0.051
83500,0.033,0.919,0.048
84000,0.048,0.906,0.046
84500,0.060,0.895,0.045
85000,0.059,0.898,0.043
85500,0.055,0.885,0.060
86000,0.058,0.878,0.063
86500,0.098,0.830,0.072
87000,0.113,0.805,0.082
87500,0.125,0.793,0.083
88000,0.087,0.813,0.100
88500,0.127,0.792,0.082
89000,0.089,0.814,0.097
89500,0.092,0.820,0.088
90000,0.103,0.818,0.079
90500,0.089,0.839,0.073
91000,0.091,0.849,0.060
91500,0.089,0.840,0.072
92000,0.074,0.848,0.079
92500,0.089,0.847,0.064
93000,0.105,0.825,0.069
93500,0.104,0.829,0.066
94000,0.103,0.832,0.064
94500,0.108,0.812,0.080
95000,0.078,0.842,0.081
95500,0.085,0.840,0.076
96000,0.088,0.835,0.078
96500,0.112,0.811,0.077
97000,0.106,0.805,0.089
97500,0.100,0.798,0.102
98000,0.122,0.798,0.081
98500,0.108,0.802,0.090
99000,0.109,0.806,0.085
99500,0.098,0.796,0.106
100000,0.102,0.808,0.090
100500,0.090,0.827,0.083
101000,0.087,0.842,0.072
101500,0.086,0.844,0.070
102000,0.082,0.835,0.084
102500,0.089,0.816,0.095
103000,0.085,0.826,0.089
103500,0.081,0.825,0.094
104000,0.066,0.844,0.090
104500,0.070,0.826,0.103
105000,0.081,0.827,0.092
105500,0.072,0.811,0.117
106000,0.075,0.821,0.104
106500,0.095,0.800,0.105
107000,0.066,0.829,0.104
107500,0.060,0.847,0.093
108000,0.080,0.826,0.094
108500,0.087,0.818,0.095
109000,0.073,0.835,0.093
109500,0.065,0.835,0.100
110000,0.064,0.840,0.096
110500,0.054,0.843,0.103
111000,0.048,0.863,0.089
111500,0.052,0.857,0.091
112000,0.048,0.873,0.079
112500,0.070,0.849,0.081
113000,0.064,0.863,0.073
113500,0.057,0.860,0.083
114000,0.048,0.879,0.073
114500,0.039,0.901,0.060
115000,0.057,0.889,0.054
115500,0.056,0.896,0.048
116000,0.054,0.899,0.047
116500,0.052,0.895,0.053
117000,0.049,0.893,0.058
117500,0.046,0.901,0.053
118000,0.050,0.895,0.055
118500,0.043,0.902,0.055
119000,0.052,0.891,0.057
119500,0.046,0.894,0.060
120000,0.050,0.900,0.050
120500,0.053,0.893,0.054
121000,0.055,0.896,0.049
121500,0.049,0.900,0.051
122000,0.049,0.897,0.054
122500,0.063,0.870,0.066
123000,0.068,0.849,0.083
123500,0.053,0.855,0.092
124000,0.066,0.851,0.083
124500,0.057,0.865,0.078
125000,0.046,0.888,0.066
125500,0.037,0.895,0.068
126000,0.034,0.901,0.065
126500,0.033,0.913,0.054
127000,0.034,0.912,0.054
127500,0.037,0.910,0.053
128000,0.041,0.901,0.058
128500,0.076,0.847,0.078
129000,0.062,0.869,0.068
129500,0.066,0.876,0.057
130000,0.066,0.863,0.070
130500,0.053,0.876,0.070
131000,0.058,0.874,0.067
131500,0.059,0.857,0.084
132000,0.047,0.879,0.074
132500,0.057,0.877,0.065
133000,0.042,0.899,0.059
133500,0.033,0.910,0.057
134000,0.035,0.907,0.058
134500,0.033,0.914,0.053
135000,0.031,0.913,0.056
135500,0.031,0.901,0.068
136000,0.029,0.912,0.059
136500,0.028,0.924,0.048
137000,0.029,0.924,0.047
137500,0.029,0.920,0.051
138000,0.028,0.907,0.065
138500,0.026,0.915,0.059
139000,0.038,0.907,0.055
139500,0.042,0.912,0.046
140000,0.039,0.914,0.047
140500,0.036,0.913,0.051
141000,0.040,0.911,0.049
141500,0.039,0.908,0.053
142000,0.043,0.892,0.065
142500,0.039,0.897,0.064
143000,0.037,0.893,0.070
143500,0.036,0.901,0.063
144000,0.023,0.916,0.060
144500,0.027,0.921,0.052
145000,0.030,0.923,0.047
145500,0.026,0.931,0.044
146000,0.023,0.919,0.057
146500,0.025,0.920,0.055
147000,0.031,0.909,0.060
147500,0.031,0.905,0.064
148000,0.037,0.912,0.051
148500,0.041,0.891,0.068
149000,0.072,0.846,0.083
149500,0.068,0.854,0.078
150000,0.083,0.828,0.089
150500,0.065,0.857,0.078
151000,0.038,0.896,0.066
151500,0.037,0.904,0.059
152000,0.029,0.921,0.050
152500,0.039,0.917,0.044
153000,0.031,0.915,0.054
153500,0.033,0.909,0.058
154000,0.043,0.912,0.045
154500,0.031,0.919,0.050
155000,0.027,0.930,0.044
155500,0.026,0.930,0.045
156000,0.026,0.934,0.041
156500,0.027,0.926,0.047
157000,0.026,0.935,0.040
157500,0.022,0.942,0.036
158000,0.025,0.939,0.037
158500,0.031,0.934,0.036
159000,0.027,0.934,0.040
159500,0.025,0.935,0.041
160000,0.026,0.938,0.037
160500,0.021,0.947,0.032
161000,0.025,0.938,0.038
161500,0.022,0.939,0.039
162000,0.020,0.932,0.048
162500,0.025,0.933,0.043
163000,0.021,0.943,0.036
163500,0.020,0.946,0.034
164000,0.021,0.943,0.036
164500,0.017,0.942,0.041
165000,0.017,0.936,0.047
165500,0.018,0.935,0.047
166000,0.018,0.939,0.043
166500,0.017,0.943,0.040
167000,0.021,0.933,0.046
167500,0.023,0.933,0.044
168000,0.022,0.934,0.044
168500,0.021,0.943,0.036
169000,0.020,0.944,0.036
169500,0.016,0.942,0.042
170000,0.016,0.942,0.042
170500,0.018,0.941,0.041
171000,0.018,0.937,0.045
171500,0.019,0.948,0.033
172000,0.017,0.947,0.036
172500,0.021,0.940,0.039
173000,0.021,0.941,0.038
173500,0.031,0.934,0.036
174000,0.027,0.935,0.039
174500,0.023,0.944,0.033
175000,0.020,0.948,0.032
175500,0.018,0.955,0.027
176000,0.017,0.949,0.034
176500,0.021,0.944,0.035
177000,0.020,0.939,0.041
177500,0.022,0.949,0.029
178000,0.018,0.944,0.038
178500,0.022,0.939,0.039
179000,0.023,0.936,0.041
179500,0.021,0.944,0.035
180000,0.025,0.943,0.033
180500,0.022,0.945,0.033
181000,0.018,0.953,0.029
181500,0.018,0.953,0.029
182000,0.030,0.935,0.036
182500,0.025,0.934,0.042
183000,0.027,0.940,0.034
183500,0.022,0.950,0.028
184000,0.020,0.944,0.036
184500,0.025,0.945,0.031
185000,0.027,0.945,0.029
185500,0.025,0.936,0.040
186000,0.020,0.954,0.026
186500,0.020,0.953,0.027
187000,0.019,0.943,0.038
187500,0.036,0.908,0.056
188000,0.035,0.928,0.037
188500,0.031,0.925,0.044
189000,0.036,0.919,0.045
189500,0.038,0.915,0.047
190000,0.031,0.923,0.046
190500,0.028,0.939,0.034
191000,0.030,0.932,0.039
191500,0.032,0.919,0.049
192000,0.032,0.920,0.048
192500,0.037,0.921,0.042
193000,0.040,0.920,0.040
193500,0.033,0.926,0.041
194000,0.025,0.930,0.046
194500,0.023,0.930,0.047
195000,0.025,0.924,0.051
195500,0.026,0.920,0.054
196000,0.031,0.924,0.045
196500,0.032,0.923,0.045
197000,0.030,0.931,0.040
197500,0.029,0.933,0.039
198000,0.032,0.942,0.027
198500,0.031,0.933,0.037
199000,0.025,0.938,0.038
199500,0.026,0.943,0.032
200000,0.020,0.946,0.034
200500,0.021,0.941,0.038
201000,0.017,0.943,0.040
201500,0.017,0.947,0.036
202000,0.019,0.945,0.036
202500,0.017,0.941,0.042
203000,0.016,0.951,0.033
203500,0.015,0.952,0.033
204000,0.028,0.936,0.037
204500,0.028,0.936,0.037
205000,0.025,0.941,0.035
205500,0.025,0.935,0.041
206000,0.022,0.940,0.038
206500,0.031,0.931,0.039
207000,0.028,0.933,0.040
207500,0.042,0.896,0.062
208000,0.039,0.916,0.045
208500,0.032,0.932,0.037
209000,0.031,0.940,0.030
209500,0.039,0.918,0.043
210000,0.038,0.918,0.044
210500,0.037,0.895,0.068
211000,0.064,0.884,0.052
211500,0.053,0.897,0.050
212000,0.036,0.920,0.044
212500,0.035,0.924,0.041
213000,0.055,0.899,0.046
213500,0.066,0.870,0.063
214000,0.064,0.871,0.064
214500,0.074,0.869,0.057
215000,0.081,0.849,0.070
215500,0.106,0.819,0.075
216000,0.099,0.829,0.072
216500,0.087,0.836,0.078
217000,0.081,0.847,0.073
217500,0.063,0.863,0.074
218000,0.048,0.869,0.083
218500,0.048,0.860,0.092
219000,0.055,0.875,0.069
219500,0.055,0.892,0.053
220000,0.062,0.874,0.063
220500,0.061,0.867,0.072
221000,0.051,0.880,0.068
221500,0.054,0.875,0.070
222000,0.064,0.860,0.076
222500,0.076,0.855,0.069
223000,0.074,0.844,0.083
223500,0.074,0.821,0.105
224000,0.061,0.835,0.104
224500,0.072,0.832,0.096
225000,0.069,0.850,0.081
225500,0.076,0.845,0.080
226000,0.088,0.810,0.102
226500,0.082,0.808,0.110
227000,0.093,0.823,0.084
227500,0.106,0.811,0.083
228000,0.104,0.807,0.089
228500,0.083,0.815,0.102
229000,0.073,0.852,0.076
229500,0.086,0.848,0.066
230000,0.095,0.824,0.081
230500,0.083,0.853,0.064
231000,0.068,0.858,0.074
231500,0.060,0.876,0.063
232000,0.066,0.869,0.064
232500,0.073,0.879,0.048
233000,0.064,0.872,0.063
233500,0.055,0.876,0.068
234000,0.059,0.879,0.061
234500,0.036,0.898,0.066
235000,0.045,0.891,0.064
235500,0.040,0.901,0.059
236000,0.038,0.902,0.060
236500,0.040,0.902,0.058
237000,0.039,0.903,0.058
237500,0.037,0.910,0.053
238000,0.042,0.906,0.052
238500,0.042,0.903,0.055
239000,0.041,0.901,0.058
239500,0.033,0.920,0.047
240000,0.031,0.928,0.041
240500,0.027,0.933,0.041
241000,0.038,0.925,0.037
241500,0.037,0.919,0.044
242000,0.047,0.874,0.079
242500,0.073,0.856,0.072
243000,0.054,0.888,0.058
243500,0.049,0.884,0.067
244000,0.057,0.882,0.061
244500,0.056,0.885,0.059
245000,0.077,0.863,0.060
245500,0.088,0.835,0.078
246000,0.080,0.831,0.089
246500,0.078,0.834,0.089
247000,0.092,0.810,0.098
247500,0.084,0.834,0.083
248000,0.103,0.812,0.085
248500,0.115,0.789,0.096
249000,0.101,0.818,0.081
249500,0.103,0.824,0.073
250000,0.083,0.841,0.077
250500,0.092,0.830,0.078
251000,0.074,0.852,0.075
251500,0.088,0.839,0.074
252000,0.094,0.829,0.077
252500,0.094,0.819,0.087
253000,0.109,0.804,0.087
253500,0.109,0.804,0.087
254000,0.111,0.795,0.094
254500,0.113,0.802,0.085
255000,0.122,0.808,0.070
255500,0.121,0.796,0.084
256000,0.112,0.788,0.100
256500,0.091,0.813,0.096
257000,0.098,0.805,0.097
257500,0.068,0.842,0.090
258000,0.053,0.873,0.074
258500,0.054,0.880,0.065
259000,0.066,0.862,0.072
259500,0.062,0.862,0.076
260000,0.056,0.873,0.070
260500,0.058,0.865,0.077
261000,0.058,0.880,0.061
261500,0.051,0.884,0.065
262000,0.046,0.884,0.070
262500,0.038,0.896,0.066
263000,0.039,0.896,0.065
263500,0.042,0.893,0.065
264000,0.043,0.893,0.064
264500,0.043,0.897,0.060
265000,0.050,0.893,0.057
265500,0.049,0.896,0.055
266000,0.043,0.901,0.056
266500,0.044,0.900,0.056
267000,0.043,0.893,0.064
267500,0.058,0.870,0.072
268000,0.081,0.852,0.067
268500,0.086,0.834,0.081
269000,0.067,0.847,0.086
269500,0.062,0.852,0.086
270000,0.054,0.859,0.087
270500,0.070,0.824,0.105
271000,0.074,0.845,0.082
271500,0.062,0.860,0.078
272000,0.048,0.878,0.074
272500,0.054,0.884,0.062
273000,0.037,0.898,0.065
273500,0.028,0.916,0.056
274000,0.030,0.920,0.050
274500,0.025,0.912,0.063
275000,0.026,0.919,0.055
275500,0.021,0.928,0.050
276000,0.019,0.931,0.050
276500,0.018,0.941,0.041
277000,0.018,0.937,0.045
277500,0.022,0.939,0.039
278000,0.021,0.931,0.048
278500,0.019,0.937,0.044
279000,0.016,0.940,0.044
279500,0.019,0.935,0.046
280000,0.018,0.944,0.038
280500,0.017,0.937,0.046
281000,0.018,0.941,0.041
281500,0.016,0.943,0.041
282000,0.017,0.944,0.039
282500,0.015,0.947,0.038
283000,0.017,0.952,0.031
283500,0.025,0.930,0.046
284000,0.023,0.937,0.040
284500,0.023,0.940,0.037
285000,0.022,0.943,0.035
285500,0.026,0.939,0.036
286000,0.025,0.939,0.037
286500,0.022,0.940,0.038
287000,0.017,0.945,0.038
287500,0.026,0.936,0.039
288000,0.019,0.932,0.049
288500,0.018,0.941,0.041
289000,0.015,0.944,0.041
289500,0.015,0.947,0.038
290000,0.017,0.942,0.041
290500,0.030,0.938,0.033
291000,0.026,0.938,0.037
291500,0.031,0.931,0.039
292000,0.025,0.933,0.043
292500,0.020,0.940,0.040
293000,0.017,0.952,0.031
293500,0.016,0.949,0.035
294000,0.017,0.953,0.030
294500,0.015,0.955,0.030
295000,0.021,0.942,0.037
295500,0.023,0.942,0.035
296000,0.028,0.946,0.027
296500,0.018,0.960,0.021
297000,0.019,0.950,0.031
297500,0.018,0.962,0.019
298000,0.019,0.961,0.019
298500,0.020,0.956,0.023
299000,0.019,0.964,0.016
299500,0.019,0.966,0.014
300000,0.022,0.954,0.023
300500,0.018,0.951,0.031
301000,0.026,0.942,0.033
301500,0.028,0.937,0.036
302000,0.028,0.928,0.044
302500,0.034,0.895,0.072
303000,0.041,0.920,0.039
303500,0.044,0.895,0.061
304000,0.049,0.907,0.044
304500,0.038,0.910,0.052
305000,0.033,0.928,0.039
305500,0.022,0.936,0.042
306000,0.020,0.927,0.052
306500,0.020,0.931,0.049
307000,0.019,0.936,0.045
307500,0.017,0.945,0.038
308000,0.015,0.944,0.041
308500,0.017,0.938,0.045
309000,0.018,0.938,0.044
309500,0.033,0.925,0.042
310000,0.038,0.921,0.041
310500,0.030,0.936,0.035
311000,0.022,0.932,0.046
311500,0.025,0.939,0.037
312000,0.031,0.932,0.038
312500,0.030,0.932,0.039
313000,0.026,0.927,0.047
313500,0.025,0.933,0.043
314000,0.026,0.924,0.050
314500,0.026,0.928,0.046
315000,0.018,0.940,0.042
315500,0.018,0.940,0.042
316000,0.037,0.923,0.040
316500,0.045,0.914,0.041
317000,0.039,0.921,0.040
317500,0.031,0.930,0.040
318000,0.029,0.935,0.037
318500,0.028,0.935,0.038
319000,0.032,0.924,0.044
319500,0.028,0.926,0.046
320000,0.028,0.931,0.042
320500,0.030,0.917,0.053
321000,0.052,0.893,0.055
321500,0.048,0.893,0.059
322000,0.043,0.894,0.063
322500,0.045,0.895,0.060
323000,0.044,0.901,0.055
323500,0.048,0.894,0.058
324000,0.050,0.883,0.067
324500,0.083,0.857,0.060
325000,0.082,0.853,0.065
325500,0.073,0.858,0.069
326000,0.103,0.824,0.073
326500,0.129,0.787,0.085
327000,0.105,0.795,0.100
327500,0.125,0.780,0.095
328000,0.106,0.794,0.100
328500,0.078,0.825,0.097
329000,0.078,0.826,0.096
329500,0.064,0.846,0.090
330000,0.064,0.844,0.092
330500,0.057,0.877,0.065
331000,0.057,0.882,0.061
331500,0.077,0.859,0.064
332000,0.072,0.860,0.068
332500,0.065,0.876,0.058
333000,0.059,0.886,0.055
333500,0.049,0.901,0.050
334000,0.046,0.904,0.050
334500,0.031,0.921,0.048
335000,0.034,0.912,0.054
335500,0.034,0.917,0.049
336000,0.032,0.922,0.046
336500,0.039,0.905,0.056
337000,0.033,0.918,0.049
337500,0.030,0.914,0.056
338000,0.028,0.906,0.066
338500,0.029,0.913,0.058
339000,0.034,0.908,0.058
339500,0.034,0.921,0.045
340000,0.032,0.904,0.064
340500,0.038,0.906,0.056
341000,0.042,0.899,0.059
341500,0.035,0.899,0.066
342000,0.032,0.903,0.065
342500,0.030,0.910,0.060
343000,0.025,0.912,0.063
343500,0.038,0.897,0.065
344000,0.033,0.908,0.059
344500,0.035,0.916,0.049
345000,0.040,0.906,0.054
345500,0.031,0.912,0.057
346000,0.050,0.901,0.049
346500,0.053,0.879,0.067
347000,0.039,0.893,0.068
347500,0.032,0.909,0.059
348000,0.036,0.911,0.053
348500,0.034,0.922,0.044
349000,0.026,0.938,0.037
349500,0.028,0.940,0.033
350000,0.029,0.948,0.023
350500,0.028,0.946,0.027
351000,0.027,0.946,0.028
351500,0.025,0.949,0.027
352000,0.030,0.943,0.028
352500,0.027,0.937,0.037
353000,0.023,0.942,0.035
353500,0.021,0.940,0.039
354000,0.025,0.925,0.050
354500,0.057,0.891,0.052
355000,0.049,0.897,0.054
355500,0.053,0.894,0.053
356000,0.045,0.892,0.063
356500,0.062,0.869,0.068
357000,0.057,0.870,0.073
357500,0.039,0.908,0.053
358000,0.047,0.887,0.066
358500,0.039,0.912,0.049
359000,0.036,0.920,0.044
359500,0.042,0.905,0.053
360000,0.032,0.926,0.042
360500,0.029,0.907,0.064
361000,0.037,0.918,0.045
361500,0.032,0.923,0.045
362000,0.043,0.913,0.044
362500,0.035,0.925,0.040
363000,0.027,0.923,0.050
363500,0.031,0.924,0.045
364000,0.026,0.932,0.043
364500,0.023,0.935,0.042
365000,0.033,0.919,0.048
365500,0.032,0.913,0.055
366000,0.027,0.914,0.059
366500,0.029,0.911,0.060
367000,0.021,0.912,0.066
367500,0.025,0.919,0.056
368000,0.018,0.936,0.046
368500,0.015,0.939,0.046
369000,0.019,0.937,0.044
369500,0.025,0.933,0.043
370000,0.023,0.928,0.048
370500,0.022,0.930,0.048
371000,0.018,0.943,0.039
371500,0.017,0.941,0.042
372000,0.018,0.941,0.041
372500,0.014,0.949,0.037
373000,0.014,0.953,0.033
373500,0.016,0.947,0.037
374000,0.014,0.954,0.032
374500,0.013,0.955,0.032
375000,0.014,0.953,0.033
375500,0.014,0.944,0.042
376000,0.028,0.930,0.043
376500,0.019,0.922,0.058
377000,0.032,0.920,0.048
377500,0.023,0.934,0.043
378000,0.025,0.931,0.045
378500,0.022,0.939,0.039
379000,0.019,0.941,0.040
379500,0.016,0.946,0.038
380000,0.015,0.951,0.034
380500,0.016,0.954,0.030
381000,0.017,0.956,0.027
381500,0.018,0.951,0.031
382000,0.017,0.951,0.032
382500,0.017,0.945,0.038
383000,0.019,0.941,0.040
383500,0.020,0.941,0.039
384000,0.022,0.925,0.052
384500,0.020,0.934,0.046
385000,0.025,0.924,0.051
385500,0.021,0.932,0.047
386000,0.027,0.931,0.043
386500,0.025,0.940,0.036
387000,0.035,0.933,0.033
387500,0.028,0.934,0.039
388000,0.041,0.921,0.038
388500,0.037,0.913,0.050
389000,0.043,0.889,0.068
389500,0.049,0.879,0.072
390000,0.045,0.885,0.070
390500,0.035,0.909,0.056
391000,0.033,0.924,0.043
391500,0.027,0.931,0.043
392000,0.044,0.899,0.057
392500,0.036,0.916,0.048
393000,0.045,0.906,0.049
393500,0.040,0.913,0.047
394000,0.039,0.917,0.044
394500,0.039,0.918,0.043
395000,0.030,0.935,0.036
395500,0.032,0.932,0.037
396000,0.029,0.935,0.037
396500,0.027,0.935,0.039
397000,0.030,0.926,0.044
397500,0.042,0.911,0.047
398000,0.059,0.902,0.039
398500,0.047,0.904,0.049
399000,0.043,0.910,0.047
399500,0.032,0.920,0.048
400000,0.034,0.922,0.044
400500,0.030,0.927,0.043
401000,0.030,0.915,0.055
401500,0.025,0.932,0.044
402000,0.021,0.941,0.038
402500,0.025,0.943,0.033
403000,0.028,0.943,0.030
403500,0.028,0.945,0.028
404000,0.026,0.938,0.037
404500,0.020,0.953,0.027
405000,0.018,0.948,0.034
405500,0.031,0.939,0.031
406000,0.026,0.938,0.037
406500,0.036,0.927,0.037
407000,0.034,0.936,0.031
407500,0.018,0.952,0.030
408000,0.021,0.953,0.026
408500,0.015,0.959,0.026
409000,0.015,0.955,0.030
409500,0.015,0.955,0.030
410000,0.014,0.958,0.028
410500,0.014,0.959,0.027
411000,0.020,0.946,0.034
411500,0.025,0.938,0.038
412000,0.042,0.921,0.037
412500,0.029,0.930,0.042
413000,0.029,0.932,0.040
413500,0.028,0.930,0.043
414000,0.025,0.923,0.052
414500,0.022,0.931,0.047
415000,0.026,0.936,0.039
415500,0.018,0.945,0.037
416000,0.020,0.936,0.044
416500,0.030,0.928,0.042
417000,0.028,0.931,0.042
417500,0.029,0.928,0.043
418000,0.026,0.937,0.038
418500,0.026,0.936,0.039
419000,0.018,0.941,0.041
419500,0.023,0.947,0.030
420000,0.023,0.950,0.027
420500,0.025,0.950,0.026
421000,0.019,0.949,0.032
421500,0.016,0.951,0.033
422000,0.016,0.950,0.034
422500,0.023,0.941,0.036
423000,0.020,0.944,0.036
423500,0.025,0.936,0.040
424000,0.028,0.925,0.047
424500,0.031,0.927,0.042
425000,0.031,0.922,0.047
425500,0.028,0.916,0.056
426000,0.022,0.925,0.052
426500,0.041,0.926,0.033
427000,0.033,0.920,0.047
427500,0.050,0.903,0.047
428000,0.042,0.909,0.049
428500,0.043,0.900,0.057
429000,0.038,0.897,0.065
429500,0.038,0.912,0.050
430000,0.031,0.921,0.048
430500,0.032,0.922,0.046
431000,0.028,0.925,0.047
431500,0.036,0.928,0.036
432000,0.026,0.935,0.040
432500,0.030,0.933,0.038
433000,0.035,0.937,0.029
433500,0.040,0.935,0.026
434000,0.046,0.917,0.037
434500,0.048,0.918,0.034
435000,0.054,0.911,0.035
435500,0.052,0.901,0.047
436000,0.046,0.914,0.040
436500,0.035,0.927,0.038
437000,0.030,0.933,0.038
437500,0.027,0.939,0.035
438000,0.031,0.930,0.040
438500,0.034,0.925,0.041
439000,0.033,0.915,0.052
439500,0.047,0.908,0.045
440000,0.050,0.884,0.066
440500,0.038,0.905,0.057
441000,0.034,0.905,0.061
441500,0.026,0.914,0.060
442000,0.029,0.915,0.056
442500,0.029,0.923,0.048
443000,0.047,0.896,0.057
443500,0.039,0.909,0.052
444000,0.033,0.919,0.048
444500,0.023,0.940,0.037
445000,0.022,0.936,0.042
445500,0.022,0.926,0.051
446000,0.019,0.936,0.045
446500,0.021,0.936,0.043
447000,0.025,0.923,0.052
447500,0.022,0.939,0.039
448000,0.022,0.932,0.046
448500,0.022,0.933,0.045
449000,0.038,0.914,0.048
449500,0.033,0.918,0.049
450000,0.031,0.923,0.046
450500,0.034,0.913,0.053
451000,0.033,0.912,0.055
451500,0.041,0.888,0.072
452000,0.033,0.901,0.066
452500,0.032,0.910,0.058
453000,0.034,0.912,0.054
453500,0.032,0.912,0.056
454000,0.029,0.920,0.051
454500,0.022,0.921,0.056
455000,0.029,0.924,0.047
455500,0.028,0.914,0.058
456000,0.028,0.922,0.050
456500,0.044,0.916,0.040
457000,0.046,0.910,0.044
457500,0.042,0.906,0.052
458000,0.039,0.909,0.052
458500,0.035,0.925,0.040
459000,0.029,0.923,0.048
459500,0.027,0.931,0.043
460000,0.022,0.940,0.038
460500,0.022,0.934,0.044
461000,0.018,0.943,0.039
461500,0.017,0.947,0.036
462000,0.017,0.936,0.047
462500,0.016,0.948,0.036
463000,0.015,0.949,0.036
463500,0.016,0.950,0.034
464000,0.015,0.947,0.038
464500,0.015,0.946,0.039
465000,0.015,0.950,0.035
465500,0.016,0.943,0.041
466000,0.021,0.940,0.039
466500,0.019,0.946,0.035
467000,0.022,0.938,0.040
467500,0.026,0.938,0.037
468000,0.025,0.925,0.050
468500,0.036,0.919,0.045
469000,0.032,0.925,0.043
469500,0.034,0.926,0.040
470000,0.033,0.926,0.041
470500,0.027,0.937,0.037
471000,0.022,0.939,0.039
471500,0.028,0.938,0.035
472000,0.042,0.914,0.044
472500,0.049,0.912,0.039
473000,0.052,0.882,0.066
473500,0.053,0.900,0.047
474000,0.057,0.898,0.045
474500,0.054,0.906,0.040
475000,0.050,0.905,0.045
475500,0.049,0.903,0.048
476000,0.054,0.910,0.036
476500,0.055,0.901,0.044
477000,0.049,0.906,0.045
477500,0.052,0.905,0.043
478000,0.060,0.886,0.054
478500,0.060,0.879,0.060
479000,0.059,0.888,0.053
479500,0.060,0.889,0.051
480000,0.056,0.880,0.063
480500,0.052,0.871,0.077
481000,0.053,0.870,0.077
481500,0.042,0.879,0.079
482000,0.048,0.877,0.075
482500,0.038,0.903,0.059
483000,0.030,0.915,0.055
483500,0.028,0.921,0.051
484000,0.033,0.911,0.056
484500,0.034,0.906,0.060
485000,0.033,0.901,0.066
485500,0.032,0.918,0.050
486000,0.048,0.914,0.038
486500,0.045,0.910,0.045
487000,0.035,0.922,0.043
487500,0.029,0.930,0.042
488000,0.023,0.939,0.038
488500,0.028,0.932,0.041
489000,0.030,0.930,0.041
489500,0.027,0.937,0.037
490000,0.026,0.946,0.029
490500,0.031,0.941,0.029
491000,0.027,0.944,0.030
491500,0.020,0.938,0.042
492000,0.021,0.949,0.030
492500,0.021,0.944,0.035
493000,0.026,0.949,0.026
493500,0.020,0.957,0.022
494000,0.021,0.943,0.036
494500,0.025,0.941,0.035
495000,0.021,0.951,0.028
495500,0.023,0.948,0.029
496000,0.027,0.942,0.032
496500,0.030,0.937,0.034
497000,0.047,0.915,0.038
497500,0.046,0.918,0.036
498000,0.041,0.914,0.045
498500,0.046,0.912,0.042
499000,0.044,0.921,0.035
499500,0.036,0.927,0.037
500000,0.032,0.931,0.038
500500,0.032,0.944,0.025
501000,0.032,0.947,0.021
501500,0.032,0.945,0.023
502000,0.034,0.940,0.027
502500,0.032,0.948,0.020
503000,0.034,0.940,0.027
503500,0.035,0.942,0.023
504000,0.035,0.936,0.030
504500,0.054,0.905,0.041
505000,0.050,0.905,0.045
505500,0.048,0.907,0.045
506000,0.038,0.926,0.036
506500,0.052,0.905,0.043
507000,0.050,0.904,0.046
507500,0.050,0.895,0.055
508000,0.055,0.884,0.061
508500,0.054,0.890,0.056
509000,0.052,0.897,0.051
509500,0.046,0.906,0.048
510000,0.048,0.909,0.043
510500,0.043,0.905,0.052
511000,0.042,0.911,0.047
511500,0.040,0.902,0.058
512000,0.039,0.912,0.049
512500,0.041,0.899,0.060
513000,0.039,0.907,0.054
513500,0.034,0.919,0.047
514000,0.046,0.909,0.045
514500,0.042,0.907,0.051
515000,0.049,0.908,0.043
515500,0.047,0.903,0.050
516000,0.053,0.909,0.038
516500,0.049,0.909,0.042
517000,0.044,0.909,0.047
517500,0.050,0.901,0.049
518000,0.040,0.918,0.042
518500,0.044,0.911,0.045
519000,0.040,0.912,0.048
519500,0.040,0.916,0.044
520000,0.053,0.905,0.042
520500,0.047,0.901,0.052
521000,0.037,0.919,0.044
521500,0.037,0.920,0.043
522000,0.038,0.926,0.036
522500,0.036,0.928,0.036
523000,0.032,0.920,0.048
523500,0.036,0.919,0.045
524000,0.039,0.913,0.048
524500,0.044,0.910,0.046
525000,0.047,0.901,0.052
525500,0.040,0.909,0.051
526000,0.043,0.914,0.043
526500,0.051,0.907,0.042
527000,0.050,0.905,0.045
527500,0.055,0.892,0.053
528000,0.052,0.890,0.058
528500,0.052,0.887,0.061
529000,0.059,0.888,0.053
529500,0.049,0.899,0.052
530000,0.045,0.912,0.043
530500,0.036,0.918,0.046
531000,0.047,0.904,0.049
531500,0.046,0.899,0.055
532000,0.066,0.852,0.082
532500,0.064,0.865,0.070
533000,0.062,0.874,0.063
533500,0.050,0.890,0.060
534000,0.040,0.905,0.055
534500,0.036,0.911,0.053
535000,0.031,0.925,0.044
535500,0.028,0.931,0.042
536000,0.031,0.924,0.045
536500,0.032,0.927,0.041
537000,0.034,0.925,0.041
537500,0.032,0.907,0.061
538000,0.030,0.910,0.060
538500,0.026,0.926,0.048
539000,0.023,0.934,0.043
539500,0.037,0.926,0.037
540000,0.030,0.930,0.041
540500,0.033,0.927,0.040
541000,0.035,0.904,0.061
541500,0.034,0.913,0.053
542000,0.051,0.901,0.048
542500,0.047,0.910,0.043
543000,0.047,0.918,0.035
543500,0.050,0.911,0.039
544000,0.058,0.903,0.039
544500,0.054,0.915,0.031
545000,0.050,0.914,0.036
545500,0.053,0.906,0.041
546000,0.049,0.917,0.034
546500,0.069,0.886,0.045
547000,0.072,0.878,0.050
547500,0.065,0.887,0.048
548000,0.061,0.893,0.046
548500,0.051,0.893,0.056
549000,0.042,0.922,0.036
549500,0.046,0.923,0.031
550000,0.048,0.904,0.048
550500,0.053,0.906,0.041
551000,0.052,0.906,0.042
551500,0.048,0.908,0.044
552000,0.045,0.908,0.047
552500,0.042,0.912,0.046
553000,0.038,0.922,0.040
553500,0.043,0.917,0.040
554000,0.041,0.916,0.043
554500,0.054,0.897,0.049
555000,0.040,0.903,0.057
555500,0.047,0.902,0.051
556000,0.039,0.905,0.056
556500,0.035,0.925,0.040
557000,0.058,0.876,0.065
557500,0.049,0.895,0.056
558000,0.042,0.898,0.060
558500,0.047,0.888,0.065
559000,0.063,0.869,0.067
559500,0.068,0.855,0.077
560000,0.057,0.871,0.072
560500,0.055,0.885,0.060
561000,0.042,0.902,0.056
561500,0.042,0.922,0.036
562000,0.039,0.918,0.043
562500,0.034,0.907,0.059
563000,0.045,0.903,0.052
563500,0.042,0.908,0.050
564000,0.043,0.917,0.040
564500,0.042,0.915,0.043
565000,0.061,0.895,0.044
565500,0.053,0.896,0.051
566000,0.057,0.892,0.051
566500,0.062,0.879,0.058
567000,0.056,0.897,0.047
567500,0.046,0.911,0.043
568000,0.044,0.919,0.037
568500,0.040,0.931,0.030
569000,0.047,0.919,0.034
569500,0.041,0.922,0.037
570000,0.040,0.925,0.035
570500,0.036,0.926,0.038
571000,0.035,0.933,0.033
571500,0.033,0.927,0.040
572000,0.035,0.930,0.036
572500,0.030,0.935,0.036
573000,0.030,0.940,0.031
573500,0.029,0.934,0.038
574000,0.026,0.942,0.033
574500,0.028,0.945,0.028
575000,0.031,0.943,0.027
575500,0.025,0.942,0.034
576000,0.025,0.939,0.037
576500,0.023,0.947,0.030
577000,0.023,0.937,0.040
577500,0.022,0.946,0.032
578000,0.023,0.937,0.040
578500,0.027,0.926,0.047
579000,0.030,0.923,0.047
579500,0.030,0.933,0.038
580000,0.028,0.933,0.040
580500,0.044,0.920,0.036
581000,0.047,0.907,0.046
581500,0.056,0.892,0.052
582000,0.044,0.889,0.067
582500,0.041,0.898,0.061
583000,0.032,0.924,0.044
583500,0.035,0.917,0.048
584000,0.037,0.924,0.039
584500,0.035,0.933,0.033
585000,0.032,0.915,0.053
585500,0.028,0.935,0.038
586000,0.032,0.926,0.042
586500,0.030,0.927,0.043
587000,0.036,0.927,0.037
587500,0.030,0.932,0.039
588000,0.028,0.932,0.041
588500,0.026,0.936,0.039
589000,0.028,0.933,0.040
589500,0.032,0.940,0.029
590000,0.028,0.938,0.035
590500,0.026,0.941,0.034
591000,0.036,0.925,0.039
591500,0.040,0.923,0.037
592000,0.040,0.920,0.040
592500,0.048,0.903,0.049
593000,0.038,0.910,0.052
593500,0.048,0.903,0.049
594000,0.040,0.916,0.044
594500,0.046,0.910,0.044
595000,0.042,0.905,0.053
595500,0.040,0.914,0.046
596000,0.039,0.919,0.042
596500,0.038,0.917,0.045
597000,0.030,0.920,0.050
597500,0.031,0.924,0.045
598000,0.029,0.935,0.037
598500,0.031,0.933,0.037
599000,0.030,0.931,0.040
599500,0.028,0.938,0.035
600000,0.037,0.916,0.047
600500,0.057,0.886,0.057
601000,0.056,0.886,0.058
601500,0.052,0.875,0.073
602000,0.076,0.856,0.068
602500,0.074,0.857,0.069
603000,0.083,0.840,0.078
603500,0.105,0.827,0.067
604000,0.091,0.828,0.081
604500,0.080,0.825,0.095
605000,0.090,0.819,0.091
605500,0.070,0.841,0.089
606000,0.068,0.854,0.078
606500,0.060,0.871,0.068
607000,0.053,0.879,0.067
607500,0.046,0.897,0.057
608000,0.048,0.898,0.054
608500,0.040,0.868,0.092
609000,0.033,0.888,0.080
609500,0.035,0.879,0.086
610000,0.040,0.887,0.074
610500,0.082,0.823,0.095
611000,0.082,0.838,0.081
611500,0.085,0.823,0.092
612000,0.078,0.836,0.087
612500,0.058,0.860,0.082
613000,0.058,0.855,0.087
613500,0.076,0.852,0.073
614000,0.086,0.839,0.076
614500,0.106,0.813,0.081
615000,0.106,0.792,0.102
615500,0.095,0.806,0.099
616000,0.093,0.804,0.103
616500,0.128,0.772,0.100
617000,0.144,0.742,0.114
617500,0.143,0.746,0.111
618000,0.150,0.732,0.117
618500,0.141,0.743,0.116
619000,0.118,0.767,0.114
619500,0.098,0.785,0.116
620000,0.104,0.798,0.098
620500,0.094,0.813,0.093
621000,0.097,0.813,0.090
621500,0.108,0.804,0.088
622000,0.115,0.771,0.113
622500,0.113,0.782,0.104
623000,0.097,0.804,0.099
623500,0.109,0.785,0.105
624000,0.101,0.793,0.106
624500,0.114,0.796,0.090
625000,0.118,0.794,0.088
625500,0.111,0.799,0.090
626000,0.108,0.804,0.088
626500,0.104,0.805,0.091
627000,0.120,0.799,0.082
627500,0.099,0.806,0.095
628000,0.105,0.809,0.086
628500,0.117,0.776,0.106
629000,0.092,0.827,0.081
629500,0.078,0.848,0.075
630000,0.076,0.851,0.074
630500,0.068,0.864,0.067
631000,0.062,0.869,0.068
631500,0.061,0.880,0.058
632000,0.060,0.872,0.067
632500,0.061,0.873,0.065
633000,0.053,0.890,0.057
633500,0.049,0.899,0.052
634000,0.041,0.905,0.054
634500,0.039,0.900,0.061
635000,0.037,0.908,0.055
635500,0.038,0.899,0.063
636000,0.043,0.883,0.075
636500,0.039,0.889,0.073
637000,0.039,0.902,0.059
637500,0.053,0.885,0.062
638000,0.051,0.890,0.059
638500,0.040,0.907,0.053
639000,0.050,0.898,0.052
639500,0.036,0.902,0.062
640000,0.032,0.911,0.057
640500,0.063,0.869,0.067
641000,0.069,0.851,0.080
641500,0.049,0.860,0.091
642000,0.034,0.893,0.074
642500,0.041,0.882,0.078
643000,0.041,0.888,0.072
643500,0.036,0.886,0.079
644000,0.030,0.906,0.064
644500,0.029,0.901,0.070
645000,0.036,0.886,0.079
645500,0.040,0.897,0.063
646000,0.035,0.901,0.064
646500,0.031,0.907,0.062
647000,0.033,0.910,0.057
647500,0.027,0.914,0.059
648000,0.034,0.907,0.059
648500,0.035,0.918,0.047
649000,0.034,0.909,0.057
649500,0.035,0.904,0.061
650000,0.031,0.906,0.063
650500,0.028,0.923,0.049
651000,0.031,0.926,0.043
651500,0.033,0.920,0.047
652000,0.031,0.915,0.054
652500,0.032,0.925,0.043
653000,0.032,0.921,0.047
653500,0.032,0.927,0.041
654000,0.031,0.933,0.037
654500,0.030,0.931,0.040
655000,0.042,0.924,0.034
655500,0.032,0.919,0.049
656000,0.035,0.913,0.052
656500,0.027,0.928,0.045
657000,0.032,0.923,0.045
657500,0.028,0.927,0.045
658000,0.027,0.926,0.047
658500,0.025,0.937,0.039
659000,0.035,0.926,0.039
659500,0.034,0.922,0.044
660000,0.035,0.919,0.046
660500,0.026,0.936,0.039
661000,0.029,0.931,0.041
661500,0.034,0.920,0.046
662000,0.033,0.914,0.053
662500,0.042,0.918,0.040
663000,0.036,0.917,0.047
663500,0.031,0.933,0.037
664000,0.028,0.928,0.044
664500,0.025,0.926,0.049
665000,0.027,0.936,0.038
665500,0.025,0.943,0.033
666000,0.023,0.941,0.036
666500,0.026,0.938,0.037
667000,0.032,0.936,0.033
667500,0.040,0.924,0.036
668000,0.036,0.917,0.047
668500,0.040,0.917,0.043
669000,0.042,0.916,0.042
669500,0.037,0.924,0.039
670000,0.034,0.912,0.054
670500,0.039,0.925,0.036
671000,0.047,0.888,0.065
671500,0.039,0.909,0.052
672000,0.045,0.911,0.044
672500,0.040,0.918,0.042
673000,0.032,0.925,0.043
673500,0.029,0.922,0.049
674000,0.029,0.919,0.052
674500,0.029,0.927,0.044
675000,0.030,0.921,0.049
675500,0.045,0.918,0.037
676000,0.044,0.919,0.037
676500,0.046,0.921,0.033
677000,0.049,0.902,0.049
677500,0.038,0.893,0.069
678000,0.036,0.923,0.041
678500,0.031,0.926,0.043
679000,0.030,0.933,0.038
679500,0.029,0.931,0.041
680000,0.036,0.922,0.042
680500,0.044,0.907,0.049
681000,0.045,0.887,0.068
681500,0.051,0.889,0.060
682000,0.039,0.899,0.062
682500,0.059,0.883,0.058
683000,0.055,0.876,0.068
683500,0.052,0.886,0.062
684000,0.039,0.900,0.061
684500,0.045,0.905,0.050
685000,0.040,0.911,0.049
685500,0.040,0.912,0.048
686000,0.032,0.921,0.047
686500,0.030,0.925,0.045
687000,0.029,0.924,0.047
687500,0.030,0.925,0.045
688000,0.028,0.938,0.035
688500,0.028,0.932,0.041
689000,0.026,0.920,0.054
689500,0.027,0.915,0.058
690000,0.023,0.935,0.042
690500,0.023,0.937,0.040
691000,0.025,0.935,0.041
691500,0.022,0.925,0.052
692000,0.022,0.934,0.044
692500,0.021,0.939,0.040
693000,0.038,0.914,0.048
693500,0.033,0.921,0.046
694000,0.027,0.936,0.038
694500,0.028,0.933,0.040
695000,0.031,0.937,0.033
695500,0.029,0.934,0.038
696000,0.029,0.938,0.034
696500,0.026,0.939,0.036
697000,0.032,0.939,0.030
697500,0.022,0.954,0.023
698000,0.025,0.947,0.029
698500,0.023,0.951,0.026
699000,0.022,0.946,0.032
699500,0.028,0.945,0.028
700000,0.029,0.949,0.022
700500,0.031,0.945,0.025
701000,0.040,0.924,0.036
701500,0.037,0.923,0.040
702000,0.042,0.907,0.051
702500,0.032,0.901,0.067
703000,0.041,0.912,0.047
703500,0.049,0.893,0.058
704000,0.045,0.893,0.062
704500,0.073,0.858,0.069
705000,0.055,0.889,0.056
705500,0.051,0.892,0.057
706000,0.076,0.868,0.056
706500,0.060,0.885,0.055
707000,0.059,0.863,0.078
707500,0.058,0.887,0.055
708000,0.056,0.875,0.068
708500,0.050,0.887,0.063
709000,0.039,0.912,0.049
709500,0.036,0.909,0.055
710000,0.033,0.919,0.048
710500,0.030,0.926,0.044
711000,0.022,0.935,0.043
711500,0.026,0.934,0.041
712000,0.044,0.911,0.045
712500,0.040,0.918,0.042
713000,0.038,0.912,0.050
713500,0.046,0.916,0.038
714000,0.047,0.905,0.048
714500,0.039,0.909,0.052
715000,0.041,0.913,0.046
715500,0.033,0.927,0.040
716000,0.030,0.928,0.042
716500,0.028,0.927,0.045
717000,0.025,0.924,0.051
717500,0.022,0.934,0.044
718000,0.021,0.948,0.031
718500,0.022,0.955,0.022
719000,0.020,0.956,0.023
719500,0.020,0.950,0.030
720000,0.023,0.946,0.031
720500,0.025,0.951,0.025
721000,0.020,0.946,0.034
721500,0.041,0.931,0.029
722000,0.046,0.917,0.037
722500,0.058,0.909,0.033
723000,0.036,0.912,0.052
723500,0.029,0.935,0.037
724000,0.029,0.935,0.037
724500,0.030,0.925,0.045
725000,0.026,0.943,0.032
725500,0.028,0.937,0.036
726000,0.023,0.945,0.032
726500,0.023,0.942,0.035
727000,0.025,0.944,0.032
727500,0.021,0.952,0.027
728000,0.019,0.951,0.030
728500,0.018,0.953,0.029
729000,0.021,0.950,0.029
729500,0.017,0.955,0.028
730000,0.023,0.944,0.033
730500,0.018,0.950,0.032
731000,0.021,0.942,0.037
731500,0.021,0.950,0.029
732000,0.025,0.951,0.025
732500,0.029,0.941,0.031
733000,0.026,0.945,0.030
733500,0.021,0.949,0.030
734000,0.019,0.954,0.027
734500,0.018,0.954,0.028
735000,0.037,0.935,0.029
735500,0.037,0.928,0.035
736000,0.059,0.893,0.048
736500,0.052,0.910,0.038
737000,0.045,0.911,0.044
737500,0.035,0.920,0.045
738000,0.030,0.926,0.044
738500,0.036,0.912,0.052
739000,0.027,0.943,0.031
739500,0.028,0.948,0.025
740000,0.026,0.927,0.047
740500,0.019,0.947,0.034
741000,0.019,0.945,0.036
741500,0.027,0.937,0.037
742000,0.041,0.915,0.044
742500,0.034,0.920,0.046
743000,0.035,0.930,0.036
743500,0.034,0.928,0.038
744000,0.038,0.924,0.038
744500,0.051,0.904,0.045
745000,0.047,0.919,0.034
745500,0.038,0.919,0.043
746000,0.042,0.920,0.038
746500,0.040,0.924,0.036
747000,0.036,0.930,0.035
747500,0.032,0.930,0.039
748000,0.033,0.940,0.028
748500,0.032,0.945,0.023
749000,0.030,0.946,0.025
749500,0.039,0.932,0.030
750000,0.042,0.937,0.021
750500,0.044,0.936,0.020
751000,0.042,0.938,0.020
751500,0.042,0.924,0.034
752000,0.051,0.906,0.043
752500,0.046,0.903,0.051
753000,0.035,0.930,0.036
753500,0.052,0.914,0.034
754000,0.047,0.927,0.026
754500,0.036,0.932,0.033
755000,0.036,0.927,0.037
755500,0.042,0.926,0.032
756000,0.036,0.937,0.028
756500,0.044,0.920,0.036
757000,0.041,0.921,0.038
757500,0.039,0.930,0.032
758000,0.038,0.924,0.038
758500,0.028,0.936,0.037
759000,0.038,0.918,0.044
759500,0.039,0.935,0.027
760000,0.030,0.934,0.037
760500,0.034,0.939,0.028
761000,0.031,0.933,0.037
761500,0.044,0.921,0.035
762000,0.029,0.930,0.042
762500,0.026,0.933,0.042
763000,0.027,0.924,0.049
763500,0.026,0.941,0.034
764000,0.019,0.943,0.038
764500,0.020,0.937,0.043
765000,0.023,0.939,0.038
765500,0.020,0.949,0.031
766000,0.021,0.946,0.033
766500,0.022,0.934,0.044
767000,0.022,0.947,0.031
767500,0.023,0.943,0.034
768000,0.022,0.944,0.034
768500,0.021,0.949,0.030
769000,0.022,0.950,0.028
769500,0.021,0.948,0.031
770000,0.028,0.945,0.028
770500,0.029,0.941,0.031
771000,0.034,0.940,0.027
771500,0.022,0.947,0.031
772000,0.031,0.926,0.043
772500,0.028,0.941,0.032
773000,0.026,0.942,0.033
773500,0.016,0.950,0.034
774000,0.028,0.934,0.039
774500,0.027,0.939,0.035
775000,0.026,0.937,0.038
775500,0.031,0.915,0.054
776000,0.041,0.901,0.058
776500,0.041,0.898,0.061
777000,0.034,0.899,0.067
777500,0.035,0.913,0.052
778000,0.038,0.920,0.042
778500,0.038,0.909,0.053
779000,0.032,0.914,0.054
779500,0.035,0.912,0.053
780000,0.052,0.904,0.044
780500,0.042,0.903,0.055
781000,0.049,0.897,0.054
781500,0.041,0.911,0.048
782000,0.037,0.924,0.039
782500,0.046,0.914,0.040
783000,0.049,0.898,0.053
783500,0.043,0.906,0.051
784000,0.032,0.928,0.040
784500,0.035,0.915,0.050
785000,0.037,0.915,0.048
785500,0.038,0.924,0.038
786000,0.044,0.917,0.039
786500,0.049,0.909,0.042
787000,0.036,0.930,0.035
787500,0.038,0.921,0.041
788000,0.045,0.918,0.037
788500,0.041,0.915,0.044
789000,0.037,0.923,0.040
789500,0.033,0.932,0.036
790000,0.026,0.926,0.048
790500,0.022,0.931,0.047
791000,0.020,0.940,0.040
791500,0.020,0.944,0.036
792000,0.018,0.949,0.033
792500,0.022,0.948,0.030
793000,0.025,0.937,0.039
793500,0.019,0.947,0.034
794000,0.021,0.949,0.030
794500,0.019,0.937,0.044
795000,0.020,0.944,0.036
795500,0.020,0.941,0.039
796000,0.021,0.949,0.030
796500,0.026,0.939,0.036
797000,0.025,0.946,0.030
797500,0.029,0.937,0.035
798000,0.031,0.927,0.042
798500,0.025,0.935,0.041
799000,0.027,0.930,0.044
799500,0.048,0.911,0.041
800000,0.034,0.909,0.057
800500,0.027,0.923,0.050
801000,0.030,0.927,0.043
801500,0.021,0.943,0.036
802000,0.019,0.943,0.038
802500,0.021,0.946,0.033
803000,0.023,0.938,0.039
803500,0.022,0.939,0.039
804000,0.037,0.930,0.034
804500,0.035,0.927,0.038
805000,0.030,0.933,0.038
805500,0.043,0.914,0.043
806000,0.040,0.916,0.044
806500,0.030,0.935,0.036
807000,0.022,0.943,0.035
807500,0.022,0.945,0.033
808000,0.021,0.939,0.040
808500,0.046,0.900,0.054
809000,0.048,0.909,0.043
809500,0.043,0.905,0.052
810000,0.055,0.899,0.046
810500,0.044,0.907,0.049
811000,0.035,0.920,0.045
811500,0.027,0.944,0.030
812000,0.023,0.930,0.047
812500,0.021,0.939,0.040
813000,0.021,0.943,0.036
813500,0.019,0.947,0.034
814000,0.017,0.959,0.023
814500,0.014,0.944,0.042
815000,0.013,0.957,0.030
815500,0.013,0.957,0.030
816000,0.015,0.953,0.032
816500,0.034,0.930,0.037
817000,0.031,0.927,0.042
817500,0.026,0.942,0.033
818000,0.021,0.942,0.037
818500,0.016,0.956,0.028
819000,0.015,0.957,0.028
819500,0.020,0.957,0.022
820000,0.017,0.958,0.025
820500,0.020,0.946,0.034
821000,0.025,0.938,0.038
821500,0.022,0.945,0.033
822000,0.018,0.940,0.042
822500,0.019,0.938,0.043
823000,0.018,0.947,0.035
823500,0.017,0.951,0.032
824000,0.022,0.946,0.032
824500,0.028,0.938,0.035
825000,0.021,0.938,0.041
825500,0.022,0.927,0.050
826000,0.025,0.935,0.041
826500,0.018,0.923,0.058
827000,0.032,0.926,0.042
827500,0.039,0.907,0.054
828000,0.064,0.883,0.053
828500,0.062,0.868,0.069
829000,0.047,0.897,0.056
829500,0.042,0.893,0.065
830000,0.025,0.935,0.041
830500,0.026,0.941,0.034
831000,0.019,0.958,0.022
831500,0.021,0.952,0.027
832000,0.042,0.928,0.030
832500,0.033,0.933,0.035
833000,0.046,0.913,0.041
833500,0.045,0.905,0.050
834000,0.029,0.917,0.054
834500,0.030,0.915,0.055
835000,0.028,0.924,0.048
835500,0.052,0.918,0.030
836000,0.054,0.899,0.047
836500,0.063,0.890,0.047
837000,0.054,0.882,0.064
837500,0.037,0.913,0.050
838000,0.045,0.902,0.053
838500,0.043,0.918,0.039
839000,0.045,0.902,0.053
839500,0.065,0.884,0.051
840000,0.051,0.903,0.046
840500,0.037,0.925,0.038
841000,0.035,0.919,0.046
841500,0.034,0.917,0.049
842000,0.028,0.909,0.063
842500,0.028,0.918,0.054
843000,0.026,0.910,0.064
843500,0.028,0.909,0.063
844000,0.034,0.907,0.059
844500,0.032,0.910,0.058
845000,0.039,0.915,0.046
845500,0.038,0.914,0.048
846000,0.032,0.915,0.053
846500,0.032,0.931,0.038
847000,0.029,0.921,0.050
847500,0.035,0.924,0.041
848000,0.039,0.910,0.051
848500,0.048,0.899,0.053
849000,0.040,0.916,0.044
849500,0.035,0.912,0.053
850000,0.034,0.927,0.039
850500,0.040,0.924,0.036
851000,0.034,0.913,0.053
851500,0.034,0.918,0.048
852000,0.029,0.923,0.048
852500,0.022,0.931,0.047
853000,0.028,0.920,0.052
853500,0.028,0.927,0.045
854000,0.030,0.924,0.046
854500,0.029,0.921,0.050
855000,0.036,0.920,0.044
855500,0.036,0.906,0.058
856000,0.044,0.904,0.052
856500,0.034,0.918,0.048
857000,0.026,0.927,0.047
857500,0.022,0.930,0.048
858000,0.028,0.931,0.042
858500,0.020,0.921,0.058
859000,0.029,0.918,0.053
859500,0.029,0.916,0.055
860000,0.031,0.923,0.046
860500,0.034,0.905,0.061
861000,0.037,0.914,0.049
861500,0.037,0.920,0.043
862000,0.035,0.922,0.043
862500,0.036,0.927,0.037
863000,0.036,0.919,0.045
863500,0.036,0.916,0.048
864000,0.030,0.925,0.045
864500,0.030,0.927,0.043
865000,0.023,0.944,0.033
865500,0.022,0.942,0.036
866000,0.026,0.945,0.030
866500,0.026,0.942,0.033
867000,0.030,0.941,0.030
867500,0.028,0.941,0.032
868000,0.022,0.944,0.034
868500,0.026,0.940,0.035
869000,0.025,0.937,0.039
869500,0.021,0.948,0.031
870000,0.020,0.941,0.039
870500,0.016,0.947,0.037
871000,0.018,0.944,0.038
871500,0.028,0.935,0.038
872000,0.035,0.931,0.035
872500,0.039,0.911,0.050
873000,0.031,0.932,0.038
873500,0.029,0.932,0.040
874000,0.062,0.889,0.049
874500,0.065,0.884,0.051
875000,0.073,0.870,0.057
875500,0.066,0.871,0.062
876000,0.052,0.902,0.046
876500,0.049,0.903,0.048
877000,0.056,0.898,0.046
877500,0.055,0.899,0.046
878000,0.048,0.905,0.047
878500,0.050,0.907,0.043
879000,0.054,0.888,0.058
879500,0.051,0.894,0.055
880000,0.045,0.907,0.048
880500,0.039,0.916,0.045
881000,0.031,0.928,0.041
881500,0.031,0.924,0.045
882000,0.027,0.940,0.034
882500,0.037,0.926,0.037
883000,0.062,0.884,0.054
883500,0.047,0.895,0.058
884000,0.043,0.888,0.069
884500,0.047,0.899,0.054
885000,0.058,0.879,0.062
885500,0.068,0.876,0.055
886000,0.058,0.886,0.056
886500,0.039,0.911,0.050
887000,0.034,0.918,0.048
887500,0.040,0.901,0.059
888000,0.044,0.907,0.049
888500,0.037,0.919,0.044
889000,0.041,0.901,0.058
889500,0.039,0.912,0.049
890000,0.041,0.899,0.060
890500,0.037,0.915,0.048
891000,0.030,0.905,0.065
891500,0.028,0.913,0.059
892000,0.029,0.917,0.054
892500,0.037,0.905,0.058
893000,0.051,0.901,0.048
893500,0.058,0.887,0.055
894000,0.050,0.890,0.060
894500,0.044,0.904,0.052
895000,0.045,0.901,0.054
895500,0.060,0.885,0.055
896000,0.053,0.895,0.052
896500,0.052,0.898,0.050
897000,0.056,0.898,0.046
897500,0.051,0.903,0.046
898000,0.048,0.895,0.057
898500,0.050,0.890,0.060
899000,0.057,0.884,0.059
899500,0.056,0.888,0.056
900000,0.048,0.899,0.053
900500,0.052,0.902,0.046
901000,0.055,0.893,0.052
901500,0.051,0.897,0.052
902000,0.051,0.897,0.052
902500,0.049,0.897,0.054
903000,0.050,0.903,0.047
903500,0.048,0.910,0.042
904000,0.043,0.908,0.049
904500,0.048,0.903,0.049
905000,0.057,0.884,0.059
905500,0.042,0.901,0.057
906000,0.042,0.914,0.044
906500,0.058,0.894,0.048
907000,0.059,0.885,0.056
907500,0.081,0.858,0.061
908000,0.068,0.853,0.079
908500,0.063,0.867,0.069
909000,0.065,0.879,0.055
909500,0.059,0.882,0.059
910000,0.045,0.887,0.068
910500,0.042,0.882,0.077
911000,0.034,0.902,0.064
911500,0.034,0.902,0.064
912000,0.037,0.903,0.060
912500,0.044,0.886,0.070
913000,0.044,0.885,0.072
913500,0.041,0.900,0.059
914000,0.043,0.898,0.059
914500,0.046,0.890,0.064
915000,0.052,0.887,0.061
915500,0.046,0.900,0.054
916000,0.038,0.907,0.055
916500,0.036,0.910,0.054
917000,0.046,0.899,0.055
917500,0.035,0.912,0.053
918000,0.051,0.894,0.055
918500,0.043,0.890,0.067
919000,0.047,0.888,0.065
919500,0.047,0.896,0.057
920000,0.049,0.892,0.059
920500,0.040,0.889,0.072
921000,0.046,0.880,0.074
921500,0.055,0.876,0.068
922000,0.042,0.892,0.066
922500,0.040,0.895,0.065
923000,0.043,0.893,0.064
923500,0.051,0.889,0.060
924000,0.051,0.884,0.065
924500,0.057,0.869,0.074
925000,0.045,0.897,0.058
925500,0.042,0.897,0.061
926000,0.036,0.900,0.064
926500,0.028,0.893,0.080
927000,0.031,0.893,0.077
927500,0.043,0.876,0.081
928000,0.043,0.885,0.073
928500,0.029,0.908,0.063
929000,0.038,0.900,0.062
929500,0.031,0.907,0.062
930000,0.032,0.910,0.058
930500,0.035,0.900,0.065
931000,0.046,0.897,0.057
931500,0.047,0.894,0.059
932000,0.045,0.897,0.058
932500,0.036,0.895,0.069
933000,0.030,0.905,0.065
933500,0.026,0.915,0.059
934000,0.022,0.909,0.068
934500,0.038,0.879,0.083
935000,0.028,0.904,0.068
935500,0.045,0.882,0.074
936000,0.037,0.897,0.066
936500,0.035,0.901,0.064
937000,0.038,0.901,0.061
937500,0.042,0.897,0.061
938000,0.045,0.900,0.055
938500,0.031,0.913,0.056
939000,0.029,0.914,0.057
939500,0.025,0.914,0.061
940000,0.042,0.898,0.060
940500,0.041,0.887,0.073
941000,0.034,0.895,0.072
941500,0.042,0.891,0.067
942000,0.031,0.897,0.073
942500,0.039,0.891,0.070
943000,0.035,0.903,0.062
943500,0.041,0.897,0.062
944000,0.031,0.910,0.059
944500,0.029,0.919,0.052
945000,0.032,0.912,0.056
945500,0.042,0.875,0.083
946000,0.045,0.873,0.082
946500,0.048,0.883,0.069
947000,0.040,0.890,0.070
947500,0.034,0.895,0.072
948000,0.033,0.891,0.077
948500,0.026,0.915,0.059
949000,0.028,0.919,0.053
949500,0.034,0.907,0.059
950000,0.035,0.892,0.074
950500,0.028,0.907,0.065
951000,0.032,0.899,0.069
951500,0.031,0.914,0.055
952000,0.028,0.911,0.061
952500,0.036,0.905,0.059
953000,0.048,0.889,0.063
953500,0.045,0.905,0.050
954000,0.044,0.904,0.052
954500,0.048,0.889,0.063
955000,0.059,0.887,0.054
955500,0.070,0.845,0.085
956000,0.055,0.879,0.065
956500,0.056,0.879,0.064
957000,0.060,0.884,0.056
957500,0.048,0.882,0.070
958000,0.039,0.898,0.063
958500,0.037,0.902,0.061
959000,0.032,0.912,0.056
959500,0.030,0.917,0.053
960000,0.030,0.916,0.054
960500,0.036,0.909,0.055
961000,0.042,0.902,0.056
961500,0.036,0.900,0.064
962000,0.032,0.917,0.051
962500,0.030,0.926,0.044
963000,0.035,0.922,0.043
963500,0.027,0.936,0.038
964000,0.027,0.927,0.046
964500,0.025,0.930,0.046
965000,0.026,0.925,0.049
965500,0.022,0.919,0.058
966000,0.036,0.918,0.046
966500,0.036,0.914,0.050
967000,0.032,0.918,0.050
967500,0.032,0.931,0.038
968000,0.032,0.925,0.043
968500,0.030,0.918,0.052
969000,0.032,0.927,0.041
969500,0.032,0.920,0.048
970000,0.037,0.913,0.050
970500,0.035,0.920,0.045
971000,0.034,0.923,0.043
971500,0.033,0.921,0.046
972000,0.033,0.926,0.041
972500,0.048,0.900,0.052
973000,0.040,0.913,0.047
973500,0.054,0.899,0.047
974000,0.045,0.905,0.050
974500,0.050,0.903,0.047
975000,0.048,0.904,0.048
975500,0.049,0.902,0.049
976000,0.052,0.900,0.048
976500,0.061,0.884,0.055
977000,0.050,0.887,0.063
977500,0.041,0.897,0.062
978000,0.035,0.911,0.054
978500,0.036,0.919,0.045
979000,0.036,0.914,0.050
979500,0.039,0.913,0.048
980000,0.033,0.919,0.048
980500,0.038,0.915,0.047
981000,0.036,0.922,0.042
981500,0.044,0.916,0.040
982000,0.046,0.900,0.054
982500,0.038,0.911,0.051
983000,0.036,0.919,0.045
983500,0.042,0.913,0.045
984000,0.032,0.923,0.045
984500,0.025,0.941,0.035
985000,0.023,0.934,0.043
985500,0.035,0.916,0.049
986000,0.028,0.923,0.049
986500,0.042,0.901,0.057
987000,0.039,0.903,0.058
987500,0.034,0.911,0.055
988000,0.037,0.910,0.053
988500,0.031,0.920,0.049
989000,0.026,0.927,0.047
989500,0.018,0.942,0.040
990000,0.016,0.944,0.040
990500,0.026,0.938,0.037
991000,0.022,0.926,0.051
991500,0.025,0.924,0.051
992000,0.019,0.934,0.047
992500,0.018,0.936,0.046
993000,0.018,0.939,0.043
993500,0.016,0.940,0.044
994000,0.018,0.942,0.040
994500,0.026,0.932,0.043
995000,0.027,0.935,0.039
995500,0.025,0.928,0.047
996000,0.022,0.939,0.039
996500,0.019,0.937,0.044
997000,0.025,0.939,0.037
997500,0.023,0.933,0.044
998000,0.033,0.918,0.049
998500,0.032,0.916,0.052
999000,0.040,0.915,0.045
999500,0.046,0.907,0.047
1000000,0.038,0.922,0.040
