time,n_A+p,n_B,n_AB
500,0.151,0.001,0.848
1000,0.176,0.000,0.824
1500,0.325,0.000,0.675
2000,0.270,0.000,0.730
2500,0.218,0.000,0.782
3000,0.196,0.000,0.804
3500,0.199,0.000,0.801
4000,0.154,0.000,0.846
4500,0.228,0.000,0.772
5000,0.238,0.000,0.762
5500,0.168,0.000,0.832
6000,0.365,0.000,0.635
6500,0.152,0.000,0.848
7000,0.194,0.000,0.806
7500,0.168,0.000,0.832
8000,0.197,0.000,0.803
8500,0.359,0.000,0.641
9000,0.282,0.000,0.718
9500,0.209,0.000,0.791
10000,0.165,0.000,0.835
10500,0.201,0.000,0.799
11000,0.230,0.000,0.770
11500,0.274,0.000,0.726
12000,0.168,0.000,0.832
12500,0.201,0.000,0.799
13000,0.175,0.000,0.825
13500,0.208,0.000,0.792
14000,0.187,0.000,0.813
14500,0.154,0.000,0.846
15000,0.296,0.000,0.704
15500,0.137,0.000,0.863
16000,0.196,0.000,0.804
16500,0.230,0.000,0.770
17000,0.343,0.000,0.657
17500,0.341,0.000,0.659
18000,0.126,0.000,0.874
18500,0.210,0.000,0.790
19000,0.299,0.000,0.701
19500,0.294,0.000,0.706
20000,0.159,0.000,0.841
20500,0.236,0.000,0.764
21000,0.266,0.000,0.734
21500,0.233,0.000,0.767
22000,0.342,0.000,0.658
22500,0.142,0.000,0.858
23000,0.171,0.000,0.829
23500,0.200,0.000,0.800
24000,0.163,0.000,0.837
24500,0.367,0.000,0.633
25000,0.307,0.000,0.693
25500,0.224,0.000,0.776
26000,0.204,0.000,0.796
26500,0.304,0.000,0.696
27000,0.124,0.000,0.876
27500,0.305,0.000,0.695
28000,0.204,0.000,0.796
28500,0.264,0.000,0.736
29000,0.208,0.000,0.792
29500,0.326,0.000,0.674
30000,0.216,0.000,0.784
30500,0.264,0.000,0.736
31000,0.194,0.000,0.806
31500,0.163,0.000,0.837
32000,0.206,0.000,0.794
32500,0.170,0.000,0.830
33000,0.300,0.000,0.700
33500,0.291,0.000,0.709
34000,0.257,0.000,0.743
34500,0.232,0.000,0.768
35000,0.237,0.000,0.763
35500,0.237,0.000,0.763
36000,0.236,0.000,0.764
36500,0.231,0.000,0.769
37000,0.131,0.000,0.869
37500,0.193,0.000,0.807
38000,0.254,0.000,0.746
38500,0.210,0.000,0.790
39000,0.140,0.000,0.860
39500,0.235,0.000,0.765
40000,0.146,0.000,0.854
40500,0.245,0.000,0.755
41000,0.314,0.000,0.686
41500,0.195,0.000,0.805
42000,0.289,0.000,0.711
42500,0.203,0.000,0.797
43000,0.196,0.000,0.804
43500,0.159,0.000,0.841
44000,0.193,0.000,0.807
44500,0.140,0.000,0.860
45000,0.129,0.000,0.871
45500,0.188,0.000,0.812
46000,0.191,0.000,0.809
46500,0.176,0.000,0.824
47000,0.223,0.000,0.777
47500,0.250,0.000,0.750
48000,0.370,0.000,0.630
48500,0.137,0.000,0.863
49000,0.177,0.000,0.823
49500,0.164,0.000,0.836
50000,0.310,0.000,0.690
50500,0.249,0.000,0.751
51000,0.224,0.000,0.776
51500,0.189,0.000,0.811
52000,0.191,0.000,0.809
52500,0.245,0.000,0.755
53000,0.138,0.000,0.862
53500,0.231,0.000,0.769
54000,0.275,0.000,0.725
54500,0.294,0.000,0.706
55000,0.238,0.000,0.762
55500,0.190,0.000,0.810
56000,0.246,0.000,0.754
56500,0.179,0.000,0.821
57000,0.268,0.000,0.732
57500,0.167,0.000,0.833
58000,0.151,0.000,0.849
58500,0.116,0.000,0.884
59000,0.186,0.000,0.814
59500,0.343,0.000,0.657
60000,0.219,0.000,0.781
60500,0.197,0.000,0.803
61000,0.256,0.000,0.744
61500,0.333,0.000,0.667
62000,0.137,0.000,0.863
62500,0.129,0.000,0.871
63000,0.100,0.000,0.900
63500,0.214,0.000,0.786
64000,0.226,0.000,0.774
64500,0.205,0.000,0.795
65000,0.408,0.000,0.592
65500,0.210,0.000,0.790
66000,0.421,0.000,0.579
66500,0.292,0.000,0.708
67000,0.217,0.000,0.783
67500,0.333,0.000,0.667
68000,0.288,0.000,0.712
68500,0.232,0.000,0.768
69000,0.188,0.000,0.812
69500,0.203,0.000,0.797
70000,0.199,0.000,0.801
70500,0.230,0.000,0.770
71000,0.130,0.000,0.870
71500,0.123,0.000,0.877
72000,0.285,0.000,0.715
72500,0.198,0.000,0.802
73000,0.140,0.000,0.860
73500,0.209,0.000,0.791
74000,0.373,0.000,0.627
74500,0.280,0.000,0.720
75000,0.250,0.000,0.750
75500,0.267,0.000,0.733
76000,0.280,0.000,0.720
76500,0.243,0.000,0.757
77000,0.169,0.000,0.831
77500,0.320,0.000,0.680
78000,0.253,0.000,0.747
78500,0.175,0.000,0.825
79000,0.217,0.000,0.783
79500,0.245,0.000,0.755
80000,0.113,0.002,0.885
80500,0.217,0.000,0.783
81000,0.214,0.000,0.786
81500,0.205,0.000,0.795
82000,0.247,0.000,0.753
82500,0.230,0.000,0.770
83000,0.174,0.000,0.826
83500,0.370,0.000,0.630
84000,0.276,0.000,0.724
84500,0.187,0.000,0.813
85000,0.274,0.000,0.726
85500,0.253,0.000,0.747
86000,0.323,0.000,0.677
86500,0.267,0.000,0.733
87000,0.220,0.000,0.780
87500,0.193,0.000,0.807
88000,0.204,0.000,0.796
88500,0.255,0.000,0.745
89000,0.288,0.000,0.712
89500,0.334,0.000,0.666
90000,0.258,0.000,0.742
90500,0.228,0.000,0.772
91000,0.150,0.000,0.850
91500,0.164,0.000,0.836
92000,0.226,0.000,0.774
92500,0.256,0.000,0.744
93000,0.297,0.000,0.703
93500,0.198,0.000,0.802
94000,0.352,0.000,0.648
94500,0.225,0.000,0.775
95000,0.282,0.000,0.718
95500,0.202,0.000,0.798
96000,0.220,0.000,0.780
96500,0.170,0.000,0.830
97000,0.395,0.000,0.605
97500,0.307,0.000,0.693
98000,0.254,0.000,0.746
98500,0.236,0.000,0.764
99000,0.293,0.000,0.707
99500,0.282,0.000,0.718
100000,0.261,0.000,0.739
100500,0.259,0.000,0.741
101000,0.196,0.000,0.804
101500,0.160,0.000,0.840
102000,0.123,0.000,0.877
102500,0.326,0.000,0.674
103000,0.176,0.000,0.824
103500,0.233,0.000,0.767
104000,0.127,0.000,0.873
104500,0.247,0.000,0.753
105000,0.155,0.000,0.845
105500,0.215,0.000,0.785
106000,0.169,0.000,0.831
106500,0.177,0.000,0.823
107000,0.254,0.000,0.746
107500,0.258,0.000,0.742
108000,0.379,0.000,0.621
108500,0.285,0.000,0.715
109000,0.235,0.000,0.765
109500,0.154,0.000,0.846
110000,0.273,0.000,0.727
110500,0.146,0.000,0.854
111000,0.185,0.000,0.815
111500,0.163,0.000,0.837
112000,0.188,0.000,0.812
112500,0.182,0.000,0.818
113000,0.229,0.000,0.771
113500,0.168,0.000,0.832
114000,0.146,0.000,0.854
114500,0.146,0.000,0.854
115000,0.255,0.000,0.745
115500,0.209,0.000,0.791
116000,0.251,0.000,0.749
116500,0.243,0.000,0.757
117000,0.173,0.000,0.827
117500,0.246,0.000,0.754
118000,0.203,0.000,0.797
118500,0.170,0.000,0.830
119000,0.111,0.000,0.889
119500,0.216,0.000,0.784
120000,0.308,0.000,0.692
120500,0.282,0.000,0.718
121000,0.280,0.000,0.720
121500,0.194,0.000,0.806
122000,0.212,0.000,0.788
122500,0.246,0.000,0.754
123000,0.201,0.000,0.799
123500,0.120,0.000,0.880
124000,0.273,0.000,0.727
124500,0.288,0.000,0.712
125000,0.124,0.000,0.876
125500,0.197,0.000,0.803
126000,0.222,0.000,0.778
126500,0.247,0.000,0.753
127000,0.350,0.000,0.650
127500,0.255,0.000,0.745
128000,0.326,0.000,0.674
128500,0.220,0.000,0.780
129000,0.206,0.000,0.794
129500,0.201,0.000,0.799
130000,0.158,0.000,0.842
130500,0.159,0.000,0.841
131000,0.118,0.000,0.882
131500,0.187,0.000,0.813
132000,0.274,0.000,0.726
132500,0.273,0.000,0.727
133000,0.266,0.000,0.734
133500,0.236,0.000,0.764
134000,0.141,0.000,0.859
134500,0.213,0.000,0.787
135000,0.222,0.000,0.778
135500,0.184,0.000,0.816
136000,0.236,0.000,0.764
136500,0.164,0.012,0.824
137000,0.162,0.000,0.838
137500,0.123,0.000,0.877
138000,0.296,0.000,0.704
138500,0.151,0.000,0.849
139000,0.164,0.000,0.836
139500,0.171,0.000,0.829
140000,0.330,0.000,0.670
140500,0.304,0.000,0.696
141000,0.238,0.000,0.762
141500,0.254,0.000,0.746
142000,0.196,0.000,0.804
142500,0.315,0.000,0.685
143000,0.270,0.000,0.730
143500,0.245,0.000,0.755
144000,0.152,0.000,0.848
144500,0.240,0.000,0.760
145000,0.229,0.000,0.771
145500,0.289,0.000,0.711
146000,0.233,0.000,0.767
146500,0.158,0.000,0.842
147000,0.252,0.000,0.748
147500,0.155,0.000,0.845
148000,0.289,0.000,0.711
148500,0.177,0.000,0.823
149000,0.223,0.000,0.777
149500,0.215,0.000,0.785
150000,0.165,0.000,0.835
150500,0.211,0.000,0.789
151000,0.258,0.000,0.742
151500,0.147,0.000,0.853
152000,0.259,0.000,0.741
152500,0.174,0.000,0.826
153000,0.193,0.000,0.807
153500,0.264,0.000,0.736
154000,0.244,0.000,0.756
154500,0.242,0.000,0.758
155000,0.177,0.000,0.823
155500,0.181,0.000,0.819
156000,0.236,0.000,0.764
156500,0.192,0.000,0.808
157000,0.168,0.000,0.832
157500,0.161,0.000,0.839
158000,0.292,0.000,0.708
158500,0.199,0.000,0.801
159000,0.248,0.000,0.752
159500,0.147,0.000,0.853
160000,0.268,0.000,0.732
160500,0.255,0.000,0.745
161000,0.329,0.000,0.671
161500,0.182,0.000,0.818
162000,0.165,0.033,0.802
162500,0.258,0.000,0.742
163000,0.163,0.000,0.837
163500,0.224,0.000,0.776
164000,0.176,0.000,0.824
164500,0.216,0.000,0.784
165000,0.189,0.000,0.811
165500,0.170,0.000,0.830
166000,0.248,0.000,0.752
166500,0.249,0.000,0.751
167000,0.323,0.000,0.677
167500,0.192,0.000,0.808
168000,0.292,0.000,0.708
168500,0.199,0.000,0.801
169000,0.229,0.000,0.771
169500,0.222,0.000,0.778
170000,0.181,0.000,0.819
170500,0.314,0.000,0.686
171000,0.456,0.000,0.544
171500,0.243,0.000,0.757
172000,0.183,0.000,0.817
172500,0.261,0.000,0.739
173000,0.310,0.000,0.690
173500,0.272,0.000,0.728
174000,0.200,0.000,0.800
174500,0.179,0.000,0.821
175000,0.282,0.000,0.718
175500,0.209,0.000,0.791
176000,0.153,0.000,0.847
176500,0.251,0.000,0.749
177000,0.199,0.000,0.801
177500,0.199,0.000,0.801
178000,0.163,0.000,0.837
178500,0.260,0.000,0.740
179000,0.276,0.000,0.724
179500,0.291,0.000,0.709
180000,0.330,0.000,0.670
180500,0.229,0.000,0.771
181000,0.231,0.000,0.769
181500,0.227,0.000,0.773
182000,0.294,0.000,0.706
182500,0.182,0.000,0.818
183000,0.256,0.000,0.744
183500,0.274,0.000,0.726
184000,0.210,0.000,0.790
184500,0.162,0.000,0.838
185000,0.166,0.000,0.834
185500,0.201,0.000,0.799
186000,0.222,0.000,0.778
186500,0.276,0.000,0.724
187000,0.175,0.000,0.825
187500,0.183,0.000,0.817
188000,0.212,0.000,0.788
188500,0.276,0.000,0.724
189000,0.183,0.000,0.817
189500,0.141,0.000,0.859
190000,0.162,0.000,0.838
190500,0.280,0.000,0.720
191000,0.217,0.002,0.781
191500,0.163,0.000,0.837
192000,0.180,0.000,0.820
192500,0.232,0.000,0.768
193000,0.182,0.000,0.818
193500,0.245,0.000,0.755
194000,0.221,0.000,0.779
194500,0.188,0.000,0.812
195000,0.190,0.000,0.810
195500,0.183,0.000,0.817
196000,0.299,0.000,0.701
196500,0.209,0.000,0.791
197000,0.161,0.000,0.839
197500,0.229,0.000,0.771
198000,0.277,0.000,0.723
198500,0.224,0.000,0.776
199000,0.293,0.000,0.707
199500,0.257,0.000,0.743
200000,0.187,0.000,0.813
200500,0.206,0.000,0.794
201000,0.282,0.000,0.718
201500,0.167,0.000,0.833
202000,0.310,0.000,0.690
202500,0.170,0.000,0.830
203000,0.205,0.000,0.795
203500,0.223,0.000,0.777
204000,0.206,0.000,0.794
204500,0.268,0.000,0.732
205000,0.252,0.000,0.748
205500,0.196,0.000,0.804
206000,0.177,0.000,0.823
206500,0.178,0.000,0.822
207000,0.198,0.000,0.802
207500,0.237,0.000,0.763
208000,0.241,0.000,0.759
208500,0.210,0.000,0.790
209000,0.294,0.000,0.706
209500,0.154,0.000,0.846
210000,0.136,0.000,0.864
210500,0.246,0.000,0.754
211000,0.173,0.000,0.827
211500,0.160,0.000,0.840
212000,0.261,0.000,0.739
212500,0.134,0.000,0.866
213000,0.154,0.000,0.846
213500,0.260,0.000,0.740
214000,0.138,0.001,0.861
214500,0.141,0.000,0.859
215000,0.210,0.000,0.790
215500,0.207,0.000,0.793
216000,0.234,0.000,0.766
216500,0.107,0.000,0.893
217000,0.217,0.000,0.783
217500,0.208,0.000,0.792
218000,0.290,0.000,0.710
218500,0.200,0.000,0.800
219000,0.371,0.000,0.629
219500,0.208,0.000,0.792
220000,0.349,0.000,0.651
220500,0.212,0.000,0.788
221000,0.308,0.000,0.692
221500,0.170,0.000,0.830
222000,0.228,0.000,0.772
222500,0.252,0.000,0.748
223000,0.255,0.000,0.745
223500,0.226,0.000,0.774
224000,0.120,0.000,0.880
224500,0.201,0.000,0.799
225000,0.263,0.000,0.737
225500,0.150,0.000,0.850
226000,0.133,0.000,0.867
226500,0.252,0.000,0.748
227000,0.282,0.000,0.718
227500,0.250,0.000,0.750
228000,0.238,0.000,0.762
228500,0.242,0.000,0.758
229000,0.181,0.000,0.819
229500,0.227,0.000,0.773
230000,0.196,0.000,0.804
230500,0.291,0.000,0.709
231000,0.233,0.000,0.767
231500,0.227,0.000,0.773
232000,0.251,0.000,0.749
232500,0.235,0.000,0.765
233000,0.152,0.003,0.845
233500,0.179,0.000,0.821
234000,0.195,0.000,0.805
234500,0.159,0.012,0.829
235000,0.205,0.000,0.795
235500,0.243,0.000,0.757
236000,0.272,0.000,0.728
236500,0.240,0.000,0.760
237000,0.348,0.000,0.652
237500,0.218,0.000,0.782
238000,0.201,0.000,0.799
238500,0.201,0.000,0.799
239000,0.259,0.000,0.741
239500,0.201,0.000,0.799
240000,0.173,0.000,0.827
240500,0.209,0.000,0.791
241000,0.276,0.000,0.724
241500,0.214,0.000,0.786
242000,0.192,0.000,0.808
242500,0.194,0.000,0.806
243000,0.197,0.000,0.803
243500,0.193,0.000,0.807
244000,0.126,0.000,0.874
244500,0.249,0.000,0.751
245000,0.306,0.000,0.694
245500,0.197,0.000,0.803
246000,0.277,0.000,0.723
246500,0.143,0.000,0.857
247000,0.173,0.000,0.827
247500,0.254,0.000,0.746
248000,0.284,0.000,0.716
248500,0.154,0.000,0.846
249000,0.191,0.000,0.809
249500,0.222,0.000,0.778
250000,0.155,0.000,0.845
250500,0.265,0.000,0.735
251000,0.190,0.000,0.810
251500,0.204,0.000,0.796
252000,0.268,0.000,0.732
252500,0.149,0.000,0.851
253000,0.139,0.000,0.861
253500,0.199,0.000,0.801
254000,0.212,0.000,0.788
254500,0.193,0.000,0.807
255000,0.135,0.000,0.865
255500,0.235,0.000,0.765
256000,0.271,0.000,0.729
256500,0.150,0.000,0.850
257000,0.141,0.000,0.859
257500,0.231,0.000,0.769
258000,0.227,0.000,0.773
258500,0.189,0.000,0.811
259000,0.163,0.000,0.837
259500,0.119,0.000,0.881
260000,0.242,0.000,0.758
260500,0.350,0.000,0.650
261000,0.144,0.000,0.856
261500,0.269,0.000,0.731
262000,0.230,0.000,0.770
262500,0.313,0.000,0.687
263000,0.334,0.000,0.666
263500,0.131,0.000,0.869
264000,0.091,0.000,0.909
264500,0.220,0.000,0.780
265000,0.315,0.000,0.685
265500,0.262,0.000,0.738
266000,0.126,0.000,0.874
266500,0.199,0.000,0.801
267000,0.280,0.000,0.720
267500,0.128,0.000,0.872
268000,0.161,0.000,0.839
268500,0.202,0.000,0.798
269000,0.274,0.000,0.726
269500,0.145,0.000,0.855
270000,0.294,0.000,0.706
270500,0.365,0.000,0.635
271000,0.150,0.000,0.850
271500,0.156,0.000,0.844
272000,0.239,0.000,0.761
272500,0.242,0.000,0.758
273000,0.165,0.000,0.835
273500,0.090,0.000,0.910
274000,0.315,0.000,0.685
274500,0.227,0.000,0.773
275000,0.212,0.000,0.788
275500,0.283,0.000,0.717
276000,0.206,0.000,0.794
276500,0.131,0.000,0.869
277000,0.333,0.000,0.667
277500,0.203,0.000,0.797
278000,0.182,0.000,0.818
278500,0.248,0.000,0.752
279000,0.174,0.000,0.826
279500,0.374,0.000,0.626
280000,0.255,0.000,0.745
280500,0.369,0.000,0.631
281000,0.302,0.000,0.698
281500,0.187,0.000,0.813
282000,0.291,0.000,0.709
282500,0.148,0.000,0.852
283000,0.319,0.000,0.681
283500,0.164,0.000,0.836
284000,0.226,0.000,0.774
284500,0.296,0.000,0.704
285000,0.196,0.000,0.804
285500,0.300,0.000,0.700
286000,0.166,0.000,0.834
286500,0.361,0.000,0.639
287000,0.106,0.000,0.894
287500,0.185,0.000,0.815
288000,0.177,0.000,0.823
288500,0.195,0.000,0.805
289000,0.275,0.000,0.725
289500,0.152,0.000,0.848
290000,0.232,0.000,0.768
290500,0.196,0.000,0.804
291000,0.285,0.000,0.715
291500,0.190,0.000,0.810
292000,0.140,0.000,0.860
292500,0.181,0.000,0.819
293000,0.320,0.000,0.680
293500,0.129,0.000,0.871
294000,0.204,0.000,0.796
294500,0.206,0.000,0.794
295000,0.289,0.000,0.711
295500,0.139,0.000,0.861
296000,0.195,0.000,0.805
296500,0.227,0.000,0.773
297000,0.224,0.000,0.776
297500,0.216,0.000,0.784
298000,0.196,0.000,0.804
298500,0.316,0.000,0.684
299000,0.279,0.000,0.721
299500,0.305,0.000,0.695
300000,0.187,0.000,0.813
300500,0.309,0.000,0.691
301000,0.093,0.000,0.907
301500,0.234,0.000,0.766
302000,0.170,0.000,0.830
302500,0.190,0.000,0.810
303000,0.380,0.000,0.620
303500,0.193,0.000,0.807
304000,0.178,0.000,0.822
304500,0.233,0.000,0.767
305000,0.211,0.000,0.789
305500,0.184,0.000,0.816
306000,0.246,0.000,0.754
306500,0.233,0.000,0.767
307000,0.167,0.000,0.833
307500,0.206,0.000,0.794
308000,0.166,0.000,0.834
308500,0.119,0.000,0.881
309000,0.209,0.000,0.791
309500,0.129,0.000,0.871
310000,0.341,0.000,0.659
310500,0.224,0.000,0.776
311000,0.258,0.000,0.742
311500,0.197,0.000,0.803
312000,0.300,0.000,0.700
312500,0.284,0.000,0.716
313000,0.205,0.000,0.795
313500,0.252,0.000,0.748
314000,0.228,0.000,0.772
314500,0.317,0.000,0.683
315000,0.208,0.000,0.792
315500,0.214,0.000,0.786
316000,0.252,0.000,0.748
316500,0.224,0.000,0.776
317000,0.168,0.000,0.832
317500,0.169,0.000,0.831
318000,0.132,0.000,0.868
318500,0.199,0.000,0.801
319000,0.293,0.000,0.707
319500,0.275,0.000,0.725
320000,0.139,0.000,0.861
320500,0.234,0.000,0.766
321000,0.242,0.000,0.758
321500,0.259,0.000,0.741
322000,0.239,0.000,0.761
322500,0.174,0.000,0.826
323000,0.307,0.000,0.693
323500,0.182,0.000,0.818
324000,0.266,0.000,0.734
324500,0.238,0.000,0.762
325000,0.160,0.000,0.840
325500,0.153,0.000,0.847
326000,0.184,0.000,0.816
326500,0.143,0.000,0.857
327000,0.154,0.000,0.846
327500,0.236,0.000,0.764
328000,0.309,0.000,0.691
328500,0.233,0.000,0.767
329000,0.237,0.000,0.763
329500,0.154,0.000,0.846
330000,0.269,0.000,0.731
330500,0.123,0.000,0.877
331000,0.237,0.000,0.763
331500,0.225,0.000,0.775
332000,0.250,0.000,0.750
332500,0.131,0.000,0.869
333000,0.179,0.000,0.821
333500,0.127,0.000,0.873
334000,0.127,0.000,0.873
334500,0.193,0.000,0.807
335000,0.304,0.000,0.696
335500,0.162,0.000,0.838
336000,0.298,0.000,0.702
336500,0.172,0.000,0.828
337000,0.224,0.000,0.776
337500,0.311,0.000,0.689
338000,0.123,0.000,0.877
338500,0.307,0.000,0.693
339000,0.277,0.000,0.723
339500,0.175,0.000,0.825
340000,0.179,0.000,0.821
340500,0.258,0.000,0.742
341000,0.265,0.000,0.735
341500,0.273,0.000,0.727
342000,0.350,0.000,0.650
342500,0.268,0.000,0.732
343000,0.197,0.000,0.803
343500,0.230,0.000,0.770
344000,0.114,0.000,0.886
344500,0.263,0.000,0.737
345000,0.281,0.000,0.719
345500,0.221,0.000,0.779
346000,0.344,0.000,0.656
346500,0.197,0.000,0.803
347000,0.186,0.000,0.814
347500,0.160,0.000,0.840
348000,0.248,0.000,0.752
348500,0.137,0.000,0.863
349000,0.206,0.000,0.794
349500,0.220,0.000,0.780
350000,0.213,0.000,0.787
350500,0.230,0.000,0.770
351000,0.176,0.000,0.824
351500,0.208,0.000,0.792
352000,0.241,0.000,0.759
352500,0.385,0.000,0.615
353000,0.272,0.000,0.728
353500,0.234,0.000,0.766
354000,0.289,0.000,0.711
354500,0.299,0.000,0.701
355000,0.168,0.000,0.832
355500,0.212,0.000,0.788
356000,0.125,0.000,0.875
356500,0.214,0.000,0.786
357000,0.226,0.000,0.774
357500,0.217,0.000,0.783
358000,0.270,0.000,0.730
358500,0.160,0.000,0.840
359000,0.287,0.000,0.713
359500,0.223,0.000,0.777
360000,0.146,0.000,0.854
360500,0.314,0.000,0.686
361000,0.182,0.000,0.818
361500,0.185,0.000,0.815
362000,0.209,0.000,0.791
362500,0.165,0.000,0.835
363000,0.135,0.026,0.839
363500,0.170,0.000,0.830
364000,0.172,0.000,0.828
364500,0.117,0.000,0.883
365000,0.106,0.014,0.880
365500,0.162,0.000,0.838
366000,0.267,0.000,0.733
366500,0.201,0.000,0.799
367000,0.394,0.000,0.606
367500,0.247,0.000,0.753
368000,0.179,0.000,0.821
368500,0.181,0.000,0.819
369000,0.162,0.000,0.838
369500,0.240,0.000,0.760
370000,0.164,0.000,0.836
370500,0.250,0.000,0.750
371000,0.197,0.000,0.803
371500,0.181,0.000,0.819
372000,0.281,0.000,0.719
372500,0.186,0.000,0.814
373000,0.354,0.000,0.646
373500,0.124,0.000,0.876
374000,0.209,0.000,0.791
374500,0.243,0.000,0.757
375000,0.259,0.000,0.741
375500,0.136,0.000,0.864
376000,0.210,0.000,0.790
376500,0.156,0.000,0.844
377000,0.176,0.000,0.824
377500,0.272,0.000,0.728
378000,0.270,0.000,0.730
378500,0.354,0.000,0.646
379000,0.209,0.000,0.791
379500,0.129,0.000,0.871
380000,0.155,0.000,0.845
380500,0.229,0.000,0.771
381000,0.200,0.000,0.800
381500,0.279,0.000,0.721
382000,0.204,0.000,0.796
382500,0.146,0.000,0.854
383000,0.310,0.000,0.690
383500,0.180,0.000,0.820
384000,0.294,0.000,0.706
384500,0.153,0.000,0.847
385000,0.105,0.000,0.895
385500,0.176,0.000,0.824
386000,0.223,0.000,0.777
386500,0.262,0.000,0.738
387000,0.218,0.000,0.782
387500,0.270,0.000,0.730
388000,0.342,0.000,0.658
388500,0.199,0.000,0.801
389000,0.164,0.000,0.836
389500,0.309,0.000,0.691
390000,0.177,0.000,0.823
390500,0.249,0.000,0.751
391000,0.244,0.000,0.756
391500,0.201,0.000,0.799
392000,0.117,0.000,0.883
392500,0.251,0.000,0.749
393000,0.186,0.000,0.814
393500,0.177,0.000,0.823
394000,0.189,0.000,0.811
394500,0.286,0.000,0.714
395000,0.229,0.000,0.771
395500,0.149,0.000,0.851
396000,0.195,0.000,0.805
396500,0.346,0.000,0.654
397000,0.234,0.000,0.766
397500,0.261,0.000,0.739
398000,0.238,0.000,0.762
398500,0.215,0.000,0.785
399000,0.265,0.000,0.735
399500,0.121,0.000,0.879
400000,0.218,0.000,0.782
400500,0.267,0.000,0.733
401000,0.294,0.000,0.706
401500,0.297,0.000,0.703
402000,0.179,0.000,0.821
402500,0.210,0.000,0.790
403000,0.279,0.000,0.721
403500,0.237,0.000,0.763
404000,0.294,0.000,0.706
404500,0.323,0.000,0.677
405000,0.232,0.000,0.768
405500,0.185,0.000,0.815
406000,0.277,0.000,0.723
406500,0.191,0.000,0.809
407000,0.233,0.000,0.767
407500,0.194,0.000,0.806
408000,0.276,0.000,0.724
408500,0.277,0.000,0.723
409000,0.209,0.000,0.791
409500,0.137,0.000,0.863
410000,0.196,0.000,0.804
410500,0.199,0.000,0.801
411000,0.332,0.000,0.668
411500,0.207,0.000,0.793
412000,0.209,0.000,0.791
412500,0.314,0.000,0.686
413000,0.271,0.000,0.729
413500,0.231,0.000,0.769
414000,0.204,0.000,0.796
414500,0.222,0.000,0.778
415000,0.239,0.000,0.761
415500,0.148,0.000,0.852
416000,0.244,0.000,0.756
416500,0.258,0.000,0.742
417000,0.152,0.000,0.848
417500,0.337,0.000,0.663
418000,0.204,0.000,0.796
418500,0.236,0.000,0.764
419000,0.201,0.000,0.799
419500,0.157,0.000,0.843
420000,0.146,0.000,0.854
420500,0.227,0.000,0.773
421000,0.303,0.000,0.697
421500,0.189,0.000,0.811
422000,0.196,0.000,0.804
422500,0.307,0.000,0.693
423000,0.122,0.000,0.878
423500,0.245,0.000,0.755
424000,0.250,0.000,0.750
424500,0.263,0.000,0.737
425000,0.152,0.000,0.848
425500,0.239,0.000,0.761
426000,0.183,0.000,0.817
426500,0.228,0.000,0.772
427000,0.201,0.000,0.799
427500,0.179,0.000,0.821
428000,0.152,0.000,0.848
428500,0.282,0.000,0.718
429000,0.130,0.000,0.870
429500,0.182,0.000,0.818
430000,0.192,0.000,0.808
430500,0.226,0.000,0.774
431000,0.218,0.000,0.782
431500,0.210,0.000,0.790
432000,0.272,0.000,0.728
432500,0.217,0.000,0.783
433000,0.182,0.000,0.818
433500,0.181,0.000,0.819
434000,0.196,0.000,0.804
434500,0.101,0.000,0.899
435000,0.175,0.000,0.825
435500,0.220,0.000,0.780
436000,0.217,0.000,0.783
436500,0.181,0.000,0.819
437000,0.243,0.000,0.757
437500,0.202,0.000,0.798
438000,0.190,0.000,0.810
438500,0.189,0.000,0.811
439000,0.285,0.000,0.715
439500,0.364,0.000,0.636
440000,0.192,0.000,0.808
440500,0.216,0.000,0.784
441000,0.312,0.000,0.688
441500,0.223,0.000,0.777
442000,0.211,0.000,0.789
442500,0.215,0.000,0.785
443000,0.174,0.000,0.826
443500,0.198,0.000,0.802
444000,0.181,0.000,0.819
444500,0.185,0.000,0.815
445000,0.298,0.000,0.702
445500,0.244,0.000,0.756
446000,0.254,0.000,0.746
446500,0.242,0.000,0.758
447000,0.261,0.000,0.739
447500,0.202,0.000,0.798
448000,0.171,0.000,0.829
448500,0.127,0.000,0.873
449000,0.238,0.000,0.762
449500,0.187,0.000,0.813
450000,0.157,0.000,0.843
450500,0.217,0.000,0.783
451000,0.122,0.000,0.878
451500,0.237,0.000,0.763
452000,0.255,0.000,0.745
452500,0.181,0.000,0.819
453000,0.224,0.000,0.776
453500,0.251,0.000,0.749
454000,0.230,0.000,0.770
454500,0.174,0.000,0.826
455000,0.216,0.000,0.784
455500,0.157,0.000,0.843
456000,0.196,0.000,0.804
456500,0.260,0.000,0.740
457000,0.172,0.000,0.828
457500,0.206,0.000,0.794
458000,0.288,0.000,0.712
458500,0.278,0.000,0.722
459000,0.236,0.000,0.764
459500,0.350,0.000,0.650
460000,0.167,0.000,0.833
460500,0.200,0.000,0.800
461000,0.234,0.000,0.766
461500,0.283,0.000,0.717
462000,0.267,0.000,0.733
462500,0.223,0.000,0.777
463000,0.257,0.000,0.743
463500,0.274,0.000,0.726
464000,0.204,0.000,0.796
464500,0.158,0.000,0.842
465000,0.281,0.000,0.719
465500,0.190,0.000,0.810
466000,0.185,0.000,0.815
466500,0.291,0.000,0.709
467000,0.235,0.000,0.765
467500,0.367,0.000,0.633
468000,0.124,0.000,0.876
468500,0.257,0.000,0.743
469000,0.099,0.014,0.887
469500,0.298,0.000,0.702
470000,0.183,0.000,0.817
470500,0.206,0.000,0.794
471000,0.247,0.000,0.753
471500,0.184,0.000,0.816
472000,0.228,0.000,0.772
472500,0.304,0.000,0.696
473000,0.233,0.000,0.767
473500,0.278,0.000,0.722
474000,0.183,0.000,0.817
474500,0.125,0.000,0.875
475000,0.112,0.000,0.888
475500,0.189,0.000,0.811
476000,0.184,0.000,0.816
476500,0.203,0.000,0.797
477000,0.366,0.000,0.634
477500,0.233,0.000,0.767
478000,0.194,0.000,0.806
478500,0.204,0.000,0.796
479000,0.238,0.000,0.762
479500,0.347,0.000,0.653
480000,0.211,0.000,0.789
480500,0.219,0.000,0.781
481000,0.301,0.000,0.699
481500,0.277,0.000,0.723
482000,0.134,0.000,0.866
482500,0.198,0.000,0.802
483000,0.175,0.004,0.821
483500,0.268,0.000,0.732
484000,0.187,0.000,0.813
484500,0.246,0.000,0.754
485000,0.288,0.000,0.712
485500,0.348,0.000,0.652
486000,0.189,0.000,0.811
486500,0.218,0.000,0.782
487000,0.131,0.000,0.869
487500,0.216,0.000,0.784
488000,0.197,0.000,0.803
488500,0.202,0.000,0.798
489000,0.329,0.000,0.671
489500,0.175,0.000,0.825
490000,0.187,0.000,0.813
490500,0.256,0.000,0.744
491000,0.180,0.000,0.820
491500,0.177,0.000,0.823
492000,0.237,0.000,0.763
492500,0.209,0.000,0.791
493000,0.137,0.010,0.853
493500,0.202,0.000,0.798
494000,0.260,0.000,0.740
494500,0.145,0.000,0.855
495000,0.215,0.000,0.785
495500,0.220,0.000,0.780
496000,0.301,0.000,0.699
496500,0.219,0.000,0.781
497000,0.124,0.000,0.876
497500,0.182,0.000,0.818
498000,0.240,0.000,0.760
498500,0.105,0.000,0.895
499000,0.171,0.000,0.829
499500,0.248,0.000,0.752
500000,0.292,0.000,0.708
500500,0.133,0.000,0.867
501000,0.286,0.000,0.714
501500,0.187,0.000,0.813
502000,0.260,0.000,0.740
502500,0.297,0.000,0.703
503000,0.238,0.000,0.762
503500,0.272,0.000,0.728
504000,0.224,0.000,0.776
504500,0.317,0.000,0.683
505000,0.211,0.000,0.789
505500,0.172,0.000,0.828
506000,0.165,0.000,0.835
506500,0.228,0.000,0.772
507000,0.230,0.000,0.770
507500,0.213,0.000,0.787
508000,0.185,0.000,0.815
508500,0.160,0.000,0.840
509000,0.137,0.000,0.863
509500,0.163,0.000,0.837
510000,0.289,0.000,0.711
510500,0.184,0.000,0.816
511000,0.349,0.000,0.651
511500,0.248,0.000,0.752
512000,0.283,0.000,0.717
512500,0.417,0.000,0.583
513000,0.126,0.000,0.874
513500,0.246,0.000,0.754
514000,0.223,0.000,0.777
514500,0.278,0.000,0.722
515000,0.248,0.000,0.752
515500,0.305,0.000,0.695
516000,0.243,0.000,0.757
516500,0.229,0.000,0.771
517000,0.361,0.000,0.639
517500,0.175,0.000,0.825
518000,0.116,0.000,0.884
518500,0.108,0.000,0.892
519000,0.180,0.000,0.820
519500,0.207,0.000,0.793
520000,0.214,0.000,0.786
520500,0.197,0.000,0.803
521000,0.198,0.000,0.802
521500,0.189,0.000,0.811
522000,0.281,0.000,0.719
522500,0.187,0.000,0.813
523000,0.211,0.000,0.789
523500,0.204,0.000,0.796
524000,0.230,0.000,0.770
524500,0.179,0.000,0.821
525000,0.129,0.000,0.871
525500,0.276,0.000,0.724
526000,0.258,0.000,0.742
526500,0.279,0.000,0.721
527000,0.268,0.000,0.732
527500,0.121,0.000,0.879
528000,0.131,0.000,0.869
528500,0.261,0.000,0.739
529000,0.210,0.000,0.790
529500,0.263,0.000,0.737
530000,0.235,0.000,0.765
530500,0.216,0.000,0.784
531000,0.303,0.000,0.697
531500,0.234,0.000,0.766
532000,0.056,0.037,0.907
532500,0.228,0.000,0.772
533000,0.225,0.000,0.775
533500,0.207,0.000,0.793
534000,0.280,0.000,0.720
534500,0.142,0.000,0.858
535000,0.249,0.000,0.751
535500,0.240,0.000,0.760
536000,0.194,0.000,0.806
536500,0.373,0.000,0.627
537000,0.142,0.000,0.858
537500,0.274,0.000,0.726
538000,0.146,0.000,0.854
538500,0.252,0.000,0.748
539000,0.259,0.000,0.741
539500,0.222,0.000,0.778
540000,0.260,0.000,0.740
540500,0.238,0.000,0.762
541000,0.103,0.000,0.897
541500,0.170,0.000,0.830
542000,0.111,0.000,0.889
542500,0.298,0.000,0.702
543000,0.347,0.000,0.653
543500,0.220,0.000,0.780
544000,0.302,0.000,0.698
544500,0.241,0.000,0.759
545000,0.254,0.000,0.746
545500,0.175,0.000,0.825
546000,0.155,0.000,0.845
546500,0.136,0.000,0.864
547000,0.286,0.000,0.714
547500,0.252,0.000,0.748
548000,0.145,0.000,0.855
548500,0.293,0.000,0.707
549000,0.182,0.000,0.818
549500,0.210,0.000,0.790
550000,0.209,0.000,0.791
550500,0.134,0.000,0.866
551000,0.225,0.000,0.775
551500,0.139,0.000,0.861
552000,0.196,0.000,0.804
552500,0.223,0.000,0.777
553000,0.305,0.000,0.695
553500,0.305,0.000,0.695
554000,0.232,0.000,0.768
554500,0.177,0.000,0.823
555000,0.215,0.000,0.785
555500,0.248,0.000,0.752
556000,0.232,0.000,0.768
556500,0.294,0.000,0.706
557000,0.170,0.000,0.830
557500,0.228,0.000,0.772
558000,0.236,0.000,0.764
558500,0.172,0.000,0.828
559000,0.241,0.000,0.759
559500,0.118,0.000,0.882
560000,0.256,0.000,0.744
560500,0.180,0.000,0.820
561000,0.243,0.000,0.757
561500,0.301,0.000,0.699
562000,0.208,0.000,0.792
562500,0.154,0.000,0.846
563000,0.234,0.000,0.766
563500,0.134,0.000,0.866
564000,0.379,0.000,0.621
564500,0.200,0.000,0.800
565000,0.222,0.000,0.778
565500,0.249,0.000,0.751
566000,0.294,0.000,0.706
566500,0.306,0.000,0.694
567000,0.296,0.000,0.704
567500,0.228,0.000,0.772
568000,0.216,0.000,0.784
568500,0.170,0.000,0.830
569000,0.193,0.000,0.807
569500,0.166,0.000,0.834
570000,0.306,0.000,0.694
570500,0.230,0.000,0.770
571000,0.259,0.000,0.741
571500,0.314,0.000,0.686
572000,0.234,0.000,0.766
572500,0.163,0.000,0.837
573000,0.226,0.000,0.774
573500,0.348,0.000,0.652
574000,0.157,0.000,0.843
574500,0.423,0.000,0.577
575000,0.337,0.000,0.663
575500,0.344,0.000,0.656
576000,0.299,0.000,0.701
576500,0.196,0.000,0.804
577000,0.209,0.000,0.791
577500,0.149,0.000,0.851
578000,0.254,0.000,0.746
578500,0.235,0.000,0.765
579000,0.296,0.000,0.704
579500,0.244,0.000,0.756
580000,0.314,0.000,0.686
580500,0.260,0.000,0.740
581000,0.220,0.000,0.780
581500,0.184,0.000,0.816
582000,0.112,0.000,0.888
582500,0.191,0.000,0.809
583000,0.283,0.000,0.717
583500,0.199,0.000,0.801
584000,0.185,0.000,0.815
584500,0.260,0.000,0.740
585000,0.219,0.000,0.781
585500,0.293,0.000,0.707
586000,0.299,0.000,0.701
586500,0.193,0.000,0.807
587000,0.148,0.000,0.852
587500,0.207,0.000,0.793
588000,0.215,0.000,0.785
588500,0.299,0.000,0.701
589000,0.187,0.000,0.813
589500,0.149,0.000,0.851
590000,0.254,0.000,0.746
590500,0.175,0.000,0.825
591000,0.361,0.000,0.639
591500,0.142,0.000,0.858
592000,0.273,0.000,0.727
592500,0.334,0.000,0.666
593000,0.236,0.000,0.764
593500,0.234,0.000,0.766
594000,0.350,0.000,0.650
594500,0.199,0.000,0.801
595000,0.113,0.002,0.885
595500,0.194,0.000,0.806
596000,0.219,0.000,0.781
596500,0.273,0.000,0.727
597000,0.204,0.000,0.796
597500,0.226,0.000,0.774
598000,0.189,0.000,0.811
598500,0.198,0.000,0.802
599000,0.250,0.000,0.750
599500,0.186,0.000,0.814
600000,0.199,0.000,0.801
600500,0.208,0.000,0.792
601000,0.144,0.000,0.856
601500,0.186,0.000,0.814
602000,0.103,0.000,0.897
602500,0.199,0.000,0.801
603000,0.250,0.000,0.750
603500,0.302,0.000,0.698
604000,0.164,0.000,0.836
604500,0.188,0.000,0.812
605000,0.369,0.000,0.631
605500,0.337,0.000,0.663
606000,0.205,0.000,0.795
606500,0.210,0.000,0.790
607000,0.269,0.000,0.731
607500,0.220,0.000,0.780
608000,0.201,0.000,0.799
608500,0.252,0.001,0.747
609000,0.221,0.000,0.779
609500,0.268,0.000,0.732
610000,0.204,0.000,0.796
610500,0.242,0.000,0.758
611000,0.146,0.000,0.854
611500,0.191,0.000,0.809
612000,0.155,0.001,0.844
612500,0.318,0.000,0.682
613000,0.213,0.000,0.787
613500,0.179,0.000,0.821
614000,0.248,0.000,0.752
614500,0.178,0.000,0.822
615000,0.308,0.000,0.692
615500,0.186,0.000,0.814
616000,0.372,0.000,0.628
616500,0.200,0.000,0.800
617000,0.322,0.000,0.678
617500,0.137,0.000,0.863
618000,0.154,0.017,0.829
618500,0.144,0.000,0.856
619000,0.303,0.000,0.697
619500,0.283,0.000,0.717
620000,0.351,0.000,0.649
620500,0.209,0.000,0.791
621000,0.285,0.000,0.715
621500,0.194,0.000,0.806
622000,0.255,0.000,0.745
622500,0.071,0.054,0.875
623000,0.149,0.000,0.851
623500,0.196,0.000,0.804
624000,0.243,0.000,0.757
624500,0.294,0.000,0.706
625000,0.238,0.000,0.762
625500,0.166,0.000,0.834
626000,0.211,0.000,0.789
626500,0.395,0.000,0.605
627000,0.320,0.000,0.680
627500,0.242,0.000,0.758
628000,0.326,0.000,0.674
628500,0.205,0.000,0.795
629000,0.249,0.000,0.751
629500,0.317,0.000,0.683
630000,0.183,0.000,0.817
630500,0.199,0.000,0.801
631000,0.109,0.000,0.891
631500,0.201,0.000,0.799
632000,0.176,0.000,0.824
632500,0.126,0.000,0.874
633000,0.257,0.000,0.743
633500,0.350,0.000,0.650
634000,0.344,0.000,0.656
634500,0.298,0.000,0.702
635000,0.283,0.000,0.717
635500,0.278,0.000,0.722
636000,0.256,0.000,0.744
636500,0.158,0.000,0.842
637000,0.146,0.000,0.854
637500,0.158,0.000,0.842
638000,0.154,0.000,0.846
638500,0.174,0.000,0.826
639000,0.152,0.000,0.848
639500,0.220,0.000,0.780
640000,0.317,0.000,0.683
640500,0.203,0.000,0.797
641000,0.138,0.000,0.862
641500,0.085,0.002,0.913
642000,0.246,0.000,0.754
642500,0.343,0.000,0.657
643000,0.211,0.000,0.789
643500,0.190,0.000,0.810
644000,0.145,0.000,0.855
644500,0.185,0.000,0.815
645000,0.188,0.000,0.812
645500,0.189,0.000,0.811
646000,0.161,0.000,0.839
646500,0.220,0.000,0.780
647000,0.257,0.000,0.743
647500,0.176,0.000,0.824
648000,0.239,0.000,0.761
648500,0.288,0.000,0.712
649000,0.307,0.000,0.693
649500,0.204,0.000,0.796
650000,0.168,0.000,0.832
650500,0.341,0.000,0.659
651000,0.224,0.000,0.776
651500,0.352,0.000,0.648
652000,0.189,0.000,0.811
652500,0.311,0.000,0.689
653000,0.258,0.000,0.742
653500,0.189,0.000,0.811
654000,0.195,0.000,0.805
654500,0.110,0.000,0.890
655000,0.252,0.000,0.748
655500,0.209,0.000,0.791
656000,0.215,0.000,0.785
656500,0.238,0.000,0.762
657000,0.134,0.000,0.866
657500,0.175,0.000,0.825
658000,0.174,0.000,0.826
658500,0.286,0.000,0.714
659000,0.236,0.000,0.764
659500,0.143,0.000,0.857
660000,0.305,0.000,0.695
660500,0.329,0.000,0.671
661000,0.226,0.000,0.774
661500,0.361,0.000,0.639
662000,0.233,0.000,0.767
662500,0.193,0.000,0.807
663000,0.269,0.000,0.731
663500,0.237,0.000,0.763
664000,0.180,0.000,0.820
664500,0.197,0.000,0.803
665000,0.246,0.000,0.754
665500,0.266,0.000,0.734
666000,0.233,0.000,0.767
666500,0.234,0.000,0.766
667000,0.265,0.000,0.735
667500,0.123,0.000,0.877
668000,0.257,0.000,0.743
668500,0.107,0.000,0.893
669000,0.230,0.000,0.770
669500,0.256,0.000,0.744
670000,0.156,0.000,0.844
670500,0.192,0.000,0.808
671000,0.119,0.000,0.881
671500,0.291,0.000,0.709
672000,0.083,0.000,0.917
672500,0.199,0.000,0.801
673000,0.248,0.000,0.752
673500,0.282,0.000,0.718
674000,0.235,0.000,0.765
674500,0.242,0.000,0.758
675000,0.298,0.000,0.702
675500,0.278,0.000,0.722
676000,0.318,0.000,0.682
676500,0.224,0.000,0.776
677000,0.304,0.000,0.696
677500,0.244,0.000,0.756
678000,0.236,0.000,0.764
678500,0.190,0.000,0.810
679000,0.271,0.000,0.729
679500,0.228,0.000,0.772
680000,0.209,0.000,0.791
680500,0.314,0.000,0.686
681000,0.260,0.000,0.740
681500,0.259,0.000,0.741
682000,0.099,0.000,0.901
682500,0.157,0.000,0.843
683000,0.144,0.000,0.856
683500,0.224,0.000,0.776
684000,0.161,0.000,0.839
684500,0.231,0.000,0.769
685000,0.174,0.000,0.826
685500,0.369,0.000,0.631
686000,0.164,0.000,0.836
686500,0.177,0.000,0.823
687000,0.152,0.000,0.848
687500,0.120,0.000,0.880
688000,0.348,0.000,0.652
688500,0.273,0.000,0.727
689000,0.236,0.000,0.764
689500,0.113,0.000,0.887
690000,0.368,0.000,0.632
690500,0.218,0.000,0.782
691000,0.176,0.000,0.824
691500,0.134,0.000,0.866
692000,0.279,0.000,0.721
692500,0.309,0.000,0.691
693000,0.158,0.000,0.842
693500,0.184,0.000,0.816
694000,0.249,0.000,0.751
694500,0.281,0.000,0.719
695000,0.255,0.000,0.745
695500,0.342,0.000,0.658
696000,0.247,0.000,0.753
696500,0.226,0.000,0.774
697000,0.288,0.000,0.712
697500,0.206,0.000,0.794
698000,0.176,0.000,0.824
698500,0.279,0.000,0.721
699000,0.275,0.000,0.725
699500,0.207,0.000,0.793
700000,0.198,0.000,0.802
700500,0.222,0.000,0.778
701000,0.225,0.000,0.775
701500,0.254,0.000,0.746
702000,0.139,0.000,0.861
702500,0.213,0.000,0.787
703000,0.421,0.000,0.579
703500,0.201,0.000,0.799
704000,0.222,0.000,0.778
704500,0.197,0.000,0.803
705000,0.213,0.000,0.787
705500,0.212,0.000,0.788
706000,0.228,0.000,0.772
706500,0.175,0.000,0.825
707000,0.227,0.000,0.773
707500,0.205,0.000,0.795
708000,0.139,0.000,0.861
708500,0.302,0.000,0.698
709000,0.242,0.000,0.758
709500,0.238,0.000,0.762
710000,0.133,0.000,0.867
710500,0.229,0.000,0.771
711000,0.207,0.000,0.793
711500,0.198,0.000,0.802
712000,0.145,0.000,0.855
712500,0.311,0.000,0.689
713000,0.197,0.000,0.803
713500,0.247,0.000,0.753
714000,0.233,0.000,0.767
714500,0.398,0.000,0.602
715000,0.187,0.000,0.813
715500,0.159,0.000,0.841
716000,0.187,0.000,0.813
716500,0.193,0.000,0.807
717000,0.282,0.000,0.718
717500,0.149,0.000,0.851
718000,0.138,0.000,0.862
718500,0.346,0.000,0.654
719000,0.267,0.000,0.733
719500,0.307,0.000,0.693
720000,0.174,0.000,0.826
720500,0.255,0.000,0.745
721000,0.266,0.000,0.734
721500,0.324,0.000,0.676
722000,0.282,0.000,0.718
722500,0.306,0.000,0.694
723000,0.232,0.000,0.768
723500,0.271,0.000,0.729
724000,0.208,0.000,0.792
724500,0.307,0.000,0.693
725000,0.255,0.000,0.745
725500,0.263,0.000,0.737
726000,0.219,0.000,0.781
726500,0.291,0.000,0.709
727000,0.224,0.000,0.776
727500,0.207,0.000,0.793
728000,0.255,0.000,0.745
728500,0.193,0.000,0.807
729000,0.370,0.000,0.630
729500,0.164,0.000,0.836
730000,0.242,0.000,0.758
730500,0.172,0.000,0.828
731000,0.137,0.000,0.863
731500,0.194,0.000,0.806
732000,0.246,0.000,0.754
732500,0.188,0.000,0.812
733000,0.147,0.000,0.853
733500,0.220,0.000,0.780
734000,0.294,0.000,0.706
734500,0.241,0.000,0.759
735000,0.188,0.000,0.812
735500,0.246,0.000,0.754
736000,0.326,0.000,0.674
736500,0.240,0.000,0.760
737000,0.212,0.000,0.788
737500,0.300,0.000,0.700
738000,0.247,0.000,0.753
738500,0.252,0.000,0.748
739000,0.189,0.000,0.811
739500,0.159,0.000,0.841
740000,0.186,0.000,0.814
740500,0.163,0.000,0.837
741000,0.224,0.000,0.776
741500,0.338,0.000,0.662
742000,0.178,0.000,0.822
742500,0.168,0.000,0.832
743000,0.288,0.000,0.712
743500,0.180,0.000,0.820
744000,0.442,0.000,0.558
744500,0.226,0.000,0.774
745000,0.228,0.000,0.772
745500,0.143,0.002,0.855
746000,0.212,0.000,0.788
746500,0.297,0.000,0.703
747000,0.214,0.000,0.786
747500,0.220,0.000,0.780
748000,0.223,0.000,0.777
748500,0.273,0.000,0.727
749000,0.179,0.000,0.821
749500,0.163,0.000,0.837
750000,0.193,0.000,0.807
750500,0.229,0.000,0.771
751000,0.169,0.000,0.831
751500,0.251,0.000,0.749
752000,0.229,0.000,0.771
752500,0.133,0.000,0.867
753000,0.128,0.000,0.872
753500,0.217,0.000,0.783
754000,0.233,0.000,0.767
754500,0.183,0.000,0.817
755000,0.178,0.000,0.822
755500,0.363,0.000,0.637
756000,0.223,0.000,0.777
756500,0.167,0.000,0.833
757000,0.202,0.000,0.798
757500,0.133,0.000,0.867
758000,0.140,0.000,0.860
758500,0.271,0.000,0.729
759000,0.220,0.000,0.780
759500,0.269,0.000,0.731
760000,0.125,0.000,0.875
760500,0.169,0.000,0.831
761000,0.332,0.000,0.668
761500,0.313,0.000,0.687
762000,0.173,0.000,0.827
762500,0.178,0.000,0.822
763000,0.272,0.000,0.728
763500,0.275,0.000,0.725
764000,0.206,0.000,0.794
764500,0.237,0.000,0.763
765000,0.098,0.000,0.902
765500,0.210,0.000,0.790
766000,0.196,0.000,0.804
766500,0.324,0.000,0.676
767000,0.143,0.000,0.857
767500,0.288,0.000,0.712
768000,0.330,0.000,0.670
768500,0.164,0.000,0.836
769000,0.189,0.000,0.811
769500,0.205,0.000,0.795
770000,0.244,0.000,0.756
770500,0.201,0.000,0.799
771000,0.171,0.000,0.829
771500,0.212,0.000,0.788
772000,0.085,0.000,0.915
772500,0.164,0.000,0.836
773000,0.183,0.000,0.817
773500,0.294,0.000,0.706
774000,0.294,0.000,0.706
774500,0.139,0.000,0.861
775000,0.212,0.000,0.788
775500,0.329,0.000,0.671
776000,0.202,0.000,0.798
776500,0.118,0.000,0.882
777000,0.204,0.000,0.796
777500,0.214,0.000,0.786
778000,0.198,0.000,0.802
778500,0.196,0.000,0.804
779000,0.209,0.000,0.791
779500,0.377,0.000,0.623
780000,0.160,0.000,0.840
780500,0.151,0.000,0.849
781000,0.135,0.015,0.850
781500,0.195,0.000,0.805
782000,0.187,0.000,0.813
782500,0.165,0.000,0.835
783000,0.158,0.000,0.842
783500,0.299,0.000,0.701
784000,0.166,0.000,0.834
784500,0.229,0.000,0.771
785000,0.193,0.000,0.807
785500,0.286,0.000,0.714
786000,0.217,0.000,0.783
786500,0.277,0.000,0.723
787000,0.247,0.000,0.753
787500,0.211,0.000,0.789
788000,0.185,0.000,0.815
788500,0.217,0.000,0.783
789000,0.105,0.000,0.895
789500,0.174,0.000,0.826
790000,0.158,0.000,0.842
790500,0.307,0.000,0.693
791000,0.205,0.000,0.795
791500,0.137,0.000,0.863
792000,0.254,0.000,0.746
792500,0.132,0.011,0.857
793000,0.269,0.000,0.731
793500,0.285,0.000,0.715
794000,0.231,0.000,0.769
794500,0.138,0.000,0.862
795000,0.221,0.000,0.779
795500,0.152,0.000,0.848
796000,0.138,0.000,0.862
796500,0.229,0.000,0.771
797000,0.177,0.000,0.823
797500,0.132,0.000,0.868
798000,0.175,0.000,0.825
798500,0.180,0.000,0.820
799000,0.214,0.000,0.786
799500,0.181,0.000,0.819
800000,0.149,0.000,0.851
800500,0.105,0.000,0.895
801000,0.202,0.000,0.798
801500,0.186,0.000,0.814
802000,0.173,0.000,0.827
802500,0.193,0.000,0.807
803000,0.235,0.000,0.765
803500,0.141,0.000,0.859
804000,0.344,0.000,0.656
804500,0.282,0.000,0.718
805000,0.234,0.000,0.766
805500,0.318,0.000,0.682
806000,0.203,0.000,0.797
806500,0.201,0.000,0.799
807000,0.162,0.000,0.838
807500,0.184,0.000,0.816
808000,0.129,0.000,0.871
808500,0.196,0.000,0.804
809000,0.261,0.000,0.739
809500,0.261,0.000,0.739
810000,0.167,0.000,0.833
810500,0.195,0.000,0.805
811000,0.190,0.000,0.810
811500,0.207,0.000,0.793
812000,0.349,0.000,0.651
812500,0.282,0.000,0.718
813000,0.223,0.000,0.777
813500,0.194,0.000,0.806
814000,0.255,0.000,0.745
814500,0.431,0.000,0.569
815000,0.218,0.000,0.782
815500,0.154,0.000,0.846
816000,0.335,0.000,0.665
816500,0.280,0.000,0.720
817000,0.188,0.000,0.812
817500,0.292,0.000,0.708
818000,0.247,0.000,0.753
818500,0.242,0.000,0.758
819000,0.188,0.000,0.812
819500,0.368,0.000,0.632
820000,0.107,0.000,0.893
820500,0.297,0.000,0.703
821000,0.280,0.000,0.720
821500,0.243,0.000,0.757
822000,0.185,0.000,0.815
822500,0.122,0.000,0.878
823000,0.276,0.000,0.724
823500,0.252,0.000,0.748
824000,0.222,0.000,0.778
824500,0.281,0.000,0.719
825000,0.384,0.000,0.616
825500,0.258,0.000,0.742
826000,0.118,0.000,0.882
826500,0.236,0.000,0.764
827000,0.164,0.000,0.836
827500,0.204,0.000,0.796
828000,0.337,0.000,0.663
828500,0.094,0.000,0.906
829000,0.292,0.000,0.708
829500,0.286,0.000,0.714
830000,0.133,0.000,0.867
830500,0.204,0.000,0.796
831000,0.239,0.000,0.761
831500,0.226,0.000,0.774
832000,0.105,0.000,0.895
832500,0.183,0.000,0.817
833000,0.217,0.000,0.783
833500,0.154,0.000,0.846
834000,0.249,0.000,0.751
834500,0.225,0.000,0.775
835000,0.162,0.000,0.838
835500,0.168,0.000,0.832
836000,0.251,0.000,0.749
836500,0.170,0.000,0.830
837000,0.203,0.000,0.797
837500,0.148,0.000,0.852
838000,0.155,0.000,0.845
838500,0.326,0.000,0.674
839000,0.220,0.000,0.780
839500,0.217,0.000,0.783
840000,0.239,0.000,0.761
840500,0.124,0.000,0.876
841000,0.215,0.000,0.785
841500,0.171,0.000,0.829
842000,0.195,0.000,0.805
842500,0.183,0.000,0.817
843000,0.160,0.000,0.840
843500,0.296,0.000,0.704
844000,0.168,0.000,0.832
844500,0.227,0.000,0.773
845000,0.200,0.000,0.800
845500,0.163,0.000,0.837
846000,0.267,0.000,0.733
846500,0.242,0.000,0.758
847000,0.240,0.000,0.760
847500,0.216,0.000,0.784
848000,0.231,0.000,0.769
848500,0.222,0.000,0.778
849000,0.247,0.000,0.753
849500,0.293,0.000,0.707
850000,0.278,0.000,0.722
850500,0.295,0.000,0.705
851000,0.211,0.000,0.789
851500,0.227,0.000,0.773
852000,0.273,0.000,0.727
852500,0.355,0.000,0.645
853000,0.147,0.000,0.853
853500,0.174,0.000,0.826
854000,0.285,0.000,0.715
854500,0.209,0.000,0.791
855000,0.142,0.000,0.858
855500,0.291,0.000,0.709
856000,0.400,0.000,0.600
856500,0.363,0.000,0.637
857000,0.199,0.000,0.801
857500,0.220,0.000,0.780
858000,0.169,0.000,0.831
858500,0.269,0.000,0.731
859000,0.230,0.000,0.770
859500,0.071,0.010,0.919
860000,0.189,0.000,0.811
860500,0.159,0.000,0.841
861000,0.196,0.000,0.804
861500,0.205,0.000,0.795
862000,0.176,0.000,0.824
862500,0.190,0.000,0.810
863000,0.321,0.000,0.679
863500,0.360,0.000,0.640
864000,0.207,0.000,0.793
864500,0.312,0.000,0.688
865000,0.376,0.000,0.624
865500,0.281,0.000,0.719
866000,0.228,0.000,0.772
866500,0.200,0.000,0.800
867000,0.242,0.000,0.758
867500,0.163,0.000,0.837
868000,0.352,0.000,0.648
868500,0.306,0.000,0.694
869000,0.186,0.000,0.814
869500,0.104,0.000,0.896
870000,0.173,0.000,0.827
870500,0.242,0.000,0.758
871000,0.282,0.000,0.718
871500,0.267,0.000,0.733
872000,0.152,0.000,0.848
872500,0.173,0.000,0.827
873000,0.218,0.000,0.782
873500,0.198,0.000,0.802
874000,0.183,0.000,0.817
874500,0.187,0.000,0.813
875000,0.260,0.000,0.740
875500,0.280,0.000,0.720
876000,0.192,0.000,0.808
876500,0.303,0.000,0.697
877000,0.171,0.000,0.829
877500,0.130,0.000,0.870
878000,0.239,0.000,0.761
878500,0.336,0.000,0.664
879000,0.218,0.000,0.782
879500,0.363,0.000,0.637
880000,0.235,0.000,0.765
880500,0.189,0.000,0.811
881000,0.116,0.000,0.884
881500,0.314,0.000,0.686
882000,0.217,0.000,0.783
882500,0.274,0.000,0.726
883000,0.235,0.000,0.765
883500,0.221,0.000,0.779
884000,0.193,0.000,0.807
884500,0.252,0.000,0.748
885000,0.336,0.000,0.664
885500,0.176,0.000,0.824
886000,0.248,0.000,0.752
886500,0.253,0.000,0.747
887000,0.192,0.000,0.808
887500,0.292,0.000,0.708
888000,0.209,0.000,0.791
888500,0.350,0.000,0.650
889000,0.223,0.000,0.777
889500,0.222,0.000,0.778
890000,0.146,0.000,0.854
890500,0.243,0.000,0.757
891000,0.438,0.000,0.562
891500,0.232,0.000,0.768
892000,0.360,0.000,0.640
892500,0.215,0.000,0.785
893000,0.198,0.000,0.802
893500,0.311,0.000,0.689
894000,0.337,0.000,0.663
894500,0.297,0.000,0.703
895000,0.249,0.000,0.751
895500,0.329,0.000,0.671
896000,0.197,0.000,0.803
896500,0.304,0.000,0.696
897000,0.155,0.000,0.845
897500,0.158,0.000,0.842
898000,0.157,0.000,0.843
898500,0.271,0.000,0.729
899000,0.307,0.000,0.693
899500,0.291,0.000,0.709
900000,0.191,0.000,0.809
900500,0.157,0.000,0.843
901000,0.287,0.000,0.713
901500,0.298,0.000,0.702
902000,0.327,0.000,0.673
902500,0.212,0.000,0.788
903000,0.126,0.000,0.874
903500,0.182,0.000,0.818
904000,0.284,0.000,0.716
904500,0.334,0.000,0.666
905000,0.137,0.000,0.863
905500,0.204,0.000,0.796
906000,0.383,0.000,0.617
906500,0.236,0.000,0.764
907000,0.194,0.000,0.806
907500,0.148,0.000,0.852
908000,0.303,0.000,0.697
908500,0.088,0.000,0.912
909000,0.232,0.000,0.768
909500,0.175,0.000,0.825
910000,0.217,0.000,0.783
910500,0.249,0.000,0.751
911000,0.260,0.000,0.740
911500,0.152,0.000,0.848
912000,0.229,0.000,0.771
912500,0.231,0.000,0.769
913000,0.242,0.000,0.758
913500,0.199,0.000,0.801
914000,0.260,0.000,0.740
914500,0.212,0.000,0.788
915000,0.218,0.000,0.782
915500,0.174,0.000,0.826
916000,0.240,0.000,0.760
916500,0.305,0.000,0.695
917000,0.201,0.000,0.799
917500,0.266,0.000,0.734
918000,0.254,0.000,0.746
918500,0.272,0.000,0.728
919000,0.271,0.000,0.729
919500,0.343,0.000,0.657
920000,0.187,0.000,0.813
920500,0.152,0.000,0.848
921000,0.113,0.000,0.887
921500,0.173,0.000,0.827
922000,0.176,0.000,0.824
922500,0.250,0.000,0.750
923000,0.216,0.000,0.784
923500,0.194,0.000,0.806
924000,0.269,0.000,0.731
924500,0.307,0.000,0.693
925000,0.252,0.000,0.748
925500,0.170,0.000,0.830
926000,0.134,0.000,0.866
926500,0.258,0.000,0.742
927000,0.327,0.000,0.673
927500,0.176,0.000,0.824
928000,0.189,0.000,0.811
928500,0.208,0.000,0.792
929000,0.260,0.000,0.740
929500,0.299,0.000,0.701
930000,0.239,0.000,0.761
930500,0.205,0.000,0.795
931000,0.321,0.000,0.679
931500,0.278,0.000,0.722
932000,0.174,0.000,0.826
932500,0.211,0.000,0.789
933000,0.309,0.000,0.691
933500,0.313,0.000,0.687
934000,0.208,0.000,0.792
934500,0.322,0.000,0.678
935000,0.181,0.000,0.819
935500,0.142,0.000,0.858
936000,0.251,0.000,0.749
936500,0.162,0.000,0.838
937000,0.204,0.000,0.796
937500,0.100,0.000,0.900
938000,0.143,0.000,0.857
938500,0.210,0.000,0.790
939000,0.151,0.000,0.849
939500,0.217,0.000,0.783
940000,0.180,0.000,0.820
940500,0.226,0.000,0.774
941000,0.257,0.000,0.743
941500,0.201,0.000,0.799
942000,0.244,0.000,0.756
942500,0.239,0.000,0.761
943000,0.184,0.000,0.816
943500,0.241,0.000,0.759
944000,0.239,0.000,0.761
944500,0.204,0.000,0.796
945000,0.268,0.000,0.732
945500,0.171,0.000,0.829
946000,0.202,0.000,0.798
946500,0.184,0.000,0.816
947000,0.280,0.000,0.720
947500,0.262,0.000,0.738
948000,0.116,0.000,0.884
948500,0.178,0.000,0.822
949000,0.140,0.000,0.860
949500,0.263,0.000,0.737
950000,0.201,0.000,0.799
950500,0.200,0.000,0.800
951000,0.184,0.000,0.816
951500,0.306,0.000,0.694
952000,0.225,0.000,0.775
952500,0.194,0.000,0.806
953000,0.159,0.000,0.841
953500,0.192,0.000,0.808
954000,0.142,0.000,0.858
954500,0.202,0.000,0.798
955000,0.152,0.004,0.844
955500,0.192,0.000,0.808
956000,0.180,0.000,0.820
956500,0.243,0.000,0.757
957000,0.256,0.000,0.744
957500,0.182,0.000,0.818
958000,0.231,0.000,0.769
958500,0.221,0.000,0.779
959000,0.238,0.000,0.762
959500,0.245,0.000,0.755
960000,0.273,0.000,0.727
960500,0.261,0.000,0.739
961000,0.214,0.000,0.786
961500,0.262,0.000,0.738
962000,0.275,0.000,0.725
962500,0.187,0.000,0.813
963000,0.193,0.000,0.807
963500,0.221,0.000,0.779
964000,0.189,0.000,0.811
964500,0.222,0.000,0.778
965000,0.226,0.000,0.774
965500,0.138,0.000,0.862
966000,0.258,0.000,0.742
966500,0.255,0.000,0.745
967000,0.240,0.000,0.760
967500,0.221,0.000,0.779
968000,0.253,0.000,0.747
968500,0.206,0.000,0.794
969000,0.255,0.000,0.745
969500,0.127,0.000,0.873
970000,0.161,0.000,0.839
970500,0.279,0.000,0.721
971000,0.264,0.000,0.736
971500,0.181,0.000,0.819
972000,0.274,0.000,0.726
972500,0.212,0.000,0.788
973000,0.174,0.000,0.826
973500,0.306,0.000,0.694
974000,0.248,0.000,0.752
974500,0.192,0.000,0.808
975000,0.201,0.000,0.799
975500,0.286,0.000,0.714
976000,0.352,0.000,0.648
976500,0.254,0.000,0.746
977000,0.244,0.000,0.756
977500,0.368,0.000,0.632
978000,0.368,0.000,0.632
978500,0.267,0.000,0.733
979000,0.135,0.000,0.865
979500,0.391,0.000,0.609
980000,0.149,0.000,0.851
980500,0.276,0.000,0.724
981000,0.174,0.000,0.826
981500,0.237,0.000,0.763
982000,0.210,0.000,0.790
982500,0.255,0.000,0.745
983000,0.216,0.000,0.784
983500,0.188,0.000,0.812
984000,0.299,0.000,0.701
984500,0.198,0.000,0.802
985000,0.260,0.000,0.740
985500,0.171,0.000,0.829
986000,0.205,0.000,0.795
986500,0.235,0.000,0.765
987000,0.151,0.000,0.849
987500,0.369,0.000,0.631
988000,0.320,0.000,0.680
988500,0.189,0.000,0.811
989000,0.124,0.000,0.876
989500,0.194,0.000,0.806
990000,0.211,0.000,0.789
990500,0.238,0.000,0.762
991000,0.114,0.000,0.886
991500,0.194,0.000,0.806
992000,0.189,0.000,0.811
992500,0.256,0.000,0.744
993000,0.211,0.000,0.789
993500,0.167,0.000,0.833
994000,0.303,0.000,0.697
994500,0.310,0.000,0.690
995000,0.307,0.000,0.693
995500,0.213,0.000,0.787
996000,0.152,0.000,0.848
996500,0.262,0.000,0.738
997000,0.252,0.000,0.748
997500,0.170,0.000,0.830
998000,0.349,0.000,0.651
998500,0.298,0.000,0.702
999000,0.322,0.000,0.678
999500,0.161,0.000,0.839
1000000,0.250,0.000,0.750
