time,n_A+p,n_B,n_AB
500,0.010,0.975,0.015
1000,0.010,0.855,0.135
1500,0.010,0.570,0.420
2000,0.010,0.290,0.700
2500,0.014,0.137,0.849
3000,0.015,0.068,0.917
3500,0.023,0.038,0.939
4000,0.026,0.050,0.923
4500,0.025,0.026,0.949
5000,0.030,0.026,0.943
5500,0.036,0.043,0.920
6000,0.032,0.018,0.951
6500,0.059,0.027,0.913
7000,0.035,0.028,0.937
7500,0.034,0.011,0.955
8000,0.038,0.008,0.954
8500,0.049,0.011,0.940
9000,0.049,0.012,0.940
9500,0.043,0.023,0.933
10000,0.045,0.028,0.926
10500,0.041,0.015,0.945
11000,0.043,0.029,0.928
11500,0.045,0.034,0.921
12000,0.054,0.013,0.932
12500,0.048,0.013,0.939
13000,0.048,0.012,0.940
13500,0.026,0.015,0.959
14000,0.025,0.025,0.950
14500,0.036,0.021,0.943
15000,0.030,0.028,0.942
15500,0.036,0.026,0.938
16000,0.036,0.034,0.930
16500,0.040,0.049,0.911
17000,0.030,0.011,0.959
17500,0.033,0.018,0.950
18000,0.029,0.019,0.951
18500,0.040,0.024,0.936
19000,0.025,0.036,0.940
19500,0.036,0.028,0.935
20000,0.045,0.022,0.932
20500,0.057,0.012,0.931
21000,0.051,0.026,0.922
21500,0.029,0.019,0.952
22000,0.044,0.025,0.930
22500,0.043,0.018,0.939
23000,0.051,0.005,0.944
23500,0.042,0.017,0.941
24000,0.035,0.018,0.948
24500,0.040,0.014,0.947
25000,0.067,0.006,0.927
25500,0.052,0.005,0.943
26000,0.051,0.005,0.945
26500,0.053,0.009,0.938
27000,0.036,0.025,0.939
27500,0.055,0.013,0.932
28000,0.050,0.020,0.930
28500,0.032,0.036,0.932
29000,0.038,0.041,0.921
29500,0.045,0.021,0.933
30000,0.031,0.035,0.934
30500,0.055,0.019,0.925
31000,0.038,0.021,0.941
31500,0.036,0.011,0.953
32000,0.021,0.021,0.958
32500,0.030,0.015,0.955
33000,0.042,0.036,0.922
33500,0.024,0.053,0.923
34000,0.039,0.020,0.941
34500,0.039,0.013,0.948
35000,0.046,0.036,0.918
35500,0.029,0.030,0.940
36000,0.026,0.014,0.960
36500,0.029,0.017,0.955
37000,0.033,0.017,0.950
37500,0.036,0.026,0.938
38000,0.036,0.009,0.955
38500,0.036,0.037,0.927
39000,0.035,0.025,0.940
39500,0.044,0.026,0.929
40000,0.052,0.029,0.919
40500,0.045,0.018,0.936
41000,0.052,0.018,0.930
41500,0.046,0.007,0.946
42000,0.058,0.015,0.927
42500,0.059,0.012,0.929
43000,0.055,0.008,0.937
43500,0.051,0.013,0.935
44000,0.034,0.009,0.957
44500,0.041,0.022,0.936
45000,0.048,0.027,0.925
45500,0.044,0.033,0.923
46000,0.025,0.025,0.950
46500,0.029,0.029,0.942
47000,0.059,0.022,0.918
47500,0.040,0.027,0.933
48000,0.040,0.036,0.924
48500,0.062,0.017,0.921
49000,0.035,0.017,0.948
49500,0.056,0.035,0.910
50000,0.035,0.036,0.929
50500,0.043,0.034,0.923
51000,0.048,0.017,0.935
51500,0.045,0.015,0.941
52000,0.035,0.040,0.924
52500,0.043,0.016,0.942
53000,0.042,0.022,0.936
53500,0.035,0.025,0.939
54000,0.051,0.004,0.946
54500,0.042,0.015,0.943
55000,0.041,0.013,0.946
55500,0.035,0.010,0.955
56000,0.018,0.033,0.949
56500,0.018,0.029,0.953
57000,0.018,0.021,0.962
57500,0.043,0.029,0.927
58000,0.040,0.027,0.933
58500,0.025,0.043,0.931
59000,0.028,0.019,0.953
59500,0.043,0.015,0.943
60000,0.026,0.022,0.952
60500,0.058,0.025,0.917
61000,0.048,0.019,0.932
61500,0.036,0.016,0.948
62000,0.024,0.018,0.958
62500,0.036,0.015,0.949
63000,0.041,0.029,0.930
63500,0.056,0.014,0.930
64000,0.034,0.026,0.940
64500,0.040,0.037,0.923
65000,0.024,0.029,0.947
65500,0.029,0.040,0.931
66000,0.017,0.035,0.948
66500,0.029,0.028,0.943
67000,0.062,0.013,0.925
67500,0.068,0.008,0.924
68000,0.065,0.011,0.924
68500,0.049,0.015,0.936
69000,0.038,0.021,0.941
69500,0.040,0.027,0.933
70000,0.059,0.019,0.922
70500,0.058,0.024,0.919
71000,0.031,0.008,0.961
71500,0.035,0.024,0.942
72000,0.047,0.010,0.943
72500,0.043,0.006,0.950
73000,0.074,0.004,0.923
73500,0.056,0.026,0.918
74000,0.030,0.013,0.958
74500,0.035,0.043,0.922
75000,0.021,0.024,0.956
75500,0.028,0.037,0.934
76000,0.023,0.035,0.943
76500,0.025,0.024,0.952
77000,0.041,0.017,0.943
77500,0.048,0.023,0.929
78000,0.034,0.010,0.956
78500,0.036,0.011,0.952
79000,0.037,0.033,0.930
79500,0.035,0.017,0.949
80000,0.030,0.018,0.952
80500,0.052,0.025,0.923
81000,0.033,0.031,0.936
81500,0.033,0.036,0.931
82000,0.037,0.013,0.950
82500,0.041,0.018,0.941
83000,0.053,0.029,0.918
83500,0.033,0.031,0.936
84000,0.040,0.029,0.931
84500,0.023,0.027,0.950
85000,0.029,0.023,0.948
85500,0.024,0.009,0.968
86000,0.022,0.035,0.943
86500,0.033,0.019,0.948
87000,0.032,0.034,0.934
87500,0.032,0.022,0.946
88000,0.032,0.026,0.943
88500,0.025,0.030,0.946
89000,0.039,0.027,0.934
89500,0.022,0.036,0.942
90000,0.027,0.019,0.954
90500,0.040,0.013,0.948
91000,0.036,0.024,0.941
91500,0.036,0.021,0.943
92000,0.026,0.024,0.950
92500,0.026,0.026,0.947
93000,0.043,0.028,0.929
93500,0.034,0.021,0.946
94000,0.026,0.028,0.947
94500,0.027,0.036,0.937
95000,0.025,0.019,0.955
95500,0.039,0.005,0.956
96000,0.043,0.026,0.930
96500,0.038,0.031,0.931
97000,0.045,0.019,0.935
97500,0.053,0.015,0.931
98000,0.052,0.025,0.922
98500,0.044,0.029,0.926
99000,0.033,0.035,0.932
99500,0.047,0.015,0.938
100000,0.047,0.026,0.927
100500,0.045,0.014,0.941
101000,0.038,0.025,0.936
101500,0.061,0.015,0.923
102000,0.057,0.029,0.914
102500,0.021,0.025,0.955
103000,0.024,0.021,0.956
103500,0.043,0.025,0.931
104000,0.036,0.033,0.930
104500,0.034,0.041,0.926
105000,0.032,0.019,0.949
105500,0.028,0.020,0.953
106000,0.030,0.021,0.949
106500,0.034,0.043,0.923
107000,0.040,0.032,0.928
107500,0.045,0.026,0.928
108000,0.042,0.022,0.936
108500,0.030,0.008,0.962
109000,0.024,0.030,0.946
109500,0.033,0.021,0.947
110000,0.045,0.022,0.932
110500,0.035,0.028,0.938
111000,0.039,0.035,0.925
111500,0.033,0.035,0.932
112000,0.052,0.024,0.923
112500,0.051,0.024,0.924
113000,0.032,0.029,0.940
113500,0.053,0.043,0.904
114000,0.035,0.024,0.941
114500,0.029,0.015,0.956
115000,0.059,0.011,0.930
115500,0.042,0.017,0.942
116000,0.049,0.015,0.936
116500,0.029,0.051,0.919
117000,0.037,0.036,0.926
117500,0.040,0.030,0.930
118000,0.028,0.036,0.936
118500,0.024,0.018,0.958
119000,0.040,0.021,0.939
119500,0.045,0.025,0.929
120000,0.040,0.020,0.941
120500,0.059,0.009,0.932
121000,0.051,0.013,0.935
121500,0.039,0.008,0.953
122000,0.035,0.025,0.940
122500,0.036,0.015,0.949
123000,0.036,0.009,0.954
123500,0.039,0.015,0.946
124000,0.041,0.021,0.938
124500,0.035,0.028,0.937
125000,0.049,0.018,0.933
125500,0.030,0.018,0.952
126000,0.032,0.025,0.943
126500,0.048,0.018,0.934
127000,0.051,0.030,0.918
127500,0.034,0.020,0.946
128000,0.032,0.019,0.949
128500,0.027,0.018,0.955
129000,0.038,0.009,0.953
129500,0.033,0.009,0.959
130000,0.052,0.025,0.922
130500,0.037,0.025,0.938
131000,0.043,0.025,0.932
131500,0.029,0.016,0.955
132000,0.038,0.025,0.936
132500,0.029,0.036,0.934
133000,0.048,0.025,0.927
133500,0.044,0.024,0.931
134000,0.034,0.025,0.941
134500,0.034,0.025,0.941
135000,0.026,0.029,0.944
135500,0.050,0.040,0.910
136000,0.034,0.032,0.935
136500,0.053,0.021,0.926
137000,0.051,0.021,0.927
137500,0.063,0.019,0.918
138000,0.041,0.017,0.943
138500,0.029,0.013,0.958
139000,0.044,0.026,0.930
139500,0.049,0.013,0.938
140000,0.076,0.008,0.915
140500,0.052,0.011,0.937
141000,0.044,0.006,0.950
141500,0.063,0.025,0.913
142000,0.037,0.011,0.952
142500,0.047,0.024,0.929
143000,0.043,0.023,0.934
143500,0.046,0.018,0.936
144000,0.041,0.035,0.924
144500,0.044,0.028,0.928
145000,0.034,0.014,0.953
145500,0.034,0.017,0.950
146000,0.034,0.024,0.942
146500,0.041,0.018,0.942
147000,0.047,0.020,0.933
147500,0.036,0.010,0.954
148000,0.030,0.011,0.959
148500,0.029,0.021,0.951
149000,0.029,0.034,0.938
149500,0.032,0.034,0.934
150000,0.027,0.018,0.955
150500,0.038,0.028,0.934
151000,0.043,0.007,0.951
151500,0.026,0.020,0.954
152000,0.043,0.034,0.922
152500,0.035,0.019,0.946
153000,0.037,0.010,0.953
153500,0.041,0.027,0.932
154000,0.026,0.017,0.958
154500,0.030,0.027,0.943
155000,0.029,0.015,0.957
155500,0.032,0.015,0.954
156000,0.041,0.010,0.949
156500,0.020,0.038,0.942
157000,0.031,0.022,0.947
157500,0.036,0.022,0.942
158000,0.051,0.024,0.925
158500,0.030,0.020,0.950
159000,0.035,0.028,0.938
159500,0.045,0.015,0.940
160000,0.035,0.020,0.945
160500,0.049,0.032,0.919
161000,0.045,0.024,0.931
161500,0.040,0.019,0.942
162000,0.030,0.021,0.950
162500,0.028,0.031,0.941
163000,0.031,0.022,0.947
163500,0.041,0.017,0.942
164000,0.044,0.011,0.945
164500,0.043,0.004,0.953
165000,0.034,0.019,0.947
165500,0.028,0.013,0.959
166000,0.038,0.011,0.951
166500,0.046,0.005,0.948
167000,0.051,0.021,0.929
167500,0.044,0.020,0.936
168000,0.045,0.011,0.943
168500,0.051,0.015,0.934
169000,0.034,0.011,0.956
169500,0.054,0.013,0.933
170000,0.029,0.053,0.917
170500,0.022,0.033,0.945
171000,0.028,0.030,0.943
171500,0.035,0.035,0.930
172000,0.032,0.022,0.947
172500,0.028,0.034,0.939
173000,0.030,0.026,0.944
173500,0.033,0.041,0.927
174000,0.037,0.017,0.946
174500,0.026,0.007,0.967
175000,0.033,0.024,0.944
175500,0.034,0.026,0.940
176000,0.035,0.029,0.936
176500,0.023,0.027,0.950
177000,0.033,0.032,0.935
177500,0.036,0.011,0.952
178000,0.042,0.021,0.936
178500,0.049,0.013,0.939
179000,0.051,0.025,0.923
179500,0.037,0.040,0.923
180000,0.034,0.015,0.952
180500,0.038,0.013,0.950
181000,0.029,0.022,0.949
181500,0.029,0.013,0.958
182000,0.043,0.032,0.925
182500,0.035,0.020,0.945
183000,0.041,0.033,0.926
183500,0.035,0.043,0.921
184000,0.037,0.022,0.941
184500,0.052,0.025,0.922
185000,0.046,0.009,0.946
185500,0.044,0.024,0.932
186000,0.036,0.032,0.932
186500,0.040,0.029,0.932
187000,0.035,0.021,0.944
187500,0.035,0.029,0.937
188000,0.032,0.009,0.960
188500,0.033,0.009,0.959
189000,0.038,0.013,0.950
189500,0.046,0.021,0.932
190000,0.047,0.022,0.930
190500,0.039,0.024,0.938
191000,0.039,0.033,0.928
191500,0.044,0.036,0.919
192000,0.037,0.035,0.927
192500,0.049,0.021,0.930
193000,0.046,0.018,0.935
193500,0.030,0.035,0.934
194000,0.039,0.019,0.942
194500,0.032,0.035,0.933
195000,0.021,0.029,0.950
195500,0.021,0.020,0.959
196000,0.024,0.030,0.947
196500,0.026,0.021,0.952
197000,0.021,0.021,0.959
197500,0.028,0.017,0.956
198000,0.048,0.018,0.934
198500,0.048,0.026,0.926
199000,0.025,0.032,0.943
199500,0.035,0.025,0.941
200000,0.028,0.012,0.961
200500,0.041,0.029,0.931
201000,0.029,0.022,0.948
201500,0.049,0.020,0.931
202000,0.043,0.022,0.934
202500,0.021,0.029,0.949
203000,0.027,0.028,0.945
203500,0.041,0.018,0.942
204000,0.032,0.046,0.922
204500,0.039,0.009,0.952
205000,0.038,0.015,0.948
205500,0.034,0.030,0.936
206000,0.033,0.023,0.944
206500,0.025,0.010,0.965
207000,0.034,0.021,0.945
207500,0.060,0.011,0.929
208000,0.043,0.011,0.946
208500,0.051,0.009,0.939
209000,0.053,0.015,0.931
209500,0.053,0.006,0.941
210000,0.042,0.011,0.947
210500,0.051,0.033,0.916
211000,0.049,0.029,0.923
211500,0.038,0.027,0.935
212000,0.043,0.021,0.935
212500,0.026,0.049,0.924
213000,0.035,0.027,0.938
213500,0.048,0.012,0.941
214000,0.042,0.027,0.931
214500,0.052,0.021,0.927
215000,0.039,0.026,0.935
215500,0.033,0.019,0.948
216000,0.035,0.029,0.935
216500,0.035,0.015,0.949
217000,0.032,0.024,0.945
217500,0.047,0.030,0.922
218000,0.048,0.035,0.918
218500,0.045,0.027,0.927
219000,0.044,0.022,0.933
219500,0.052,0.020,0.927
220000,0.044,0.009,0.947
220500,0.032,0.039,0.929
221000,0.038,0.038,0.923
221500,0.033,0.018,0.949
222000,0.041,0.021,0.938
222500,0.041,0.030,0.928
223000,0.032,0.020,0.948
223500,0.025,0.021,0.954
224000,0.032,0.029,0.940
224500,0.058,0.025,0.917
225000,0.055,0.011,0.934
225500,0.043,0.034,0.923
226000,0.045,0.019,0.935
226500,0.033,0.022,0.946
227000,0.058,0.023,0.919
227500,0.052,0.007,0.941
228000,0.043,0.016,0.941
228500,0.043,0.018,0.939
229000,0.029,0.019,0.951
229500,0.021,0.029,0.950
230000,0.051,0.041,0.908
230500,0.051,0.022,0.927
231000,0.056,0.021,0.923
231500,0.056,0.016,0.928
232000,0.052,0.014,0.934
232500,0.037,0.016,0.947
233000,0.048,0.016,0.936
233500,0.043,0.017,0.941
234000,0.037,0.018,0.945
234500,0.037,0.011,0.951
235000,0.058,0.011,0.930
235500,0.056,0.036,0.908
236000,0.032,0.021,0.947
236500,0.035,0.025,0.941
237000,0.048,0.038,0.913
237500,0.037,0.018,0.945
238000,0.037,0.022,0.940
238500,0.061,0.015,0.924
239000,0.037,0.010,0.953
239500,0.034,0.029,0.937
240000,0.024,0.025,0.951
240500,0.028,0.026,0.947
241000,0.026,0.042,0.932
241500,0.030,0.036,0.933
242000,0.037,0.038,0.925
242500,0.045,0.021,0.933
243000,0.034,0.022,0.944
243500,0.026,0.033,0.941
244000,0.018,0.044,0.937
244500,0.028,0.025,0.948
245000,0.028,0.017,0.956
245500,0.040,0.026,0.934
246000,0.036,0.007,0.957
246500,0.034,0.021,0.945
247000,0.040,0.023,0.938
247500,0.041,0.021,0.939
248000,0.037,0.021,0.941
248500,0.044,0.013,0.943
249000,0.043,0.034,0.924
249500,0.031,0.023,0.946
250000,0.051,0.032,0.917
250500,0.043,0.022,0.934
251000,0.025,0.022,0.953
251500,0.022,0.014,0.964
252000,0.022,0.020,0.958
252500,0.028,0.027,0.945
253000,0.038,0.036,0.925
253500,0.044,0.021,0.935
254000,0.036,0.021,0.944
254500,0.030,0.019,0.951
255000,0.040,0.035,0.925
255500,0.034,0.022,0.944
256000,0.035,0.022,0.943
256500,0.032,0.022,0.946
257000,0.038,0.028,0.934
257500,0.030,0.021,0.950
258000,0.026,0.015,0.959
258500,0.049,0.030,0.921
259000,0.049,0.022,0.929
259500,0.053,0.029,0.917
260000,0.064,0.011,0.926
260500,0.045,0.013,0.941
261000,0.041,0.011,0.948
261500,0.062,0.013,0.925
262000,0.060,0.010,0.930
262500,0.041,0.022,0.937
263000,0.024,0.042,0.935
263500,0.021,0.026,0.953
264000,0.024,0.051,0.925
264500,0.024,0.033,0.944
265000,0.027,0.029,0.944
265500,0.037,0.020,0.943
266000,0.023,0.036,0.941
266500,0.037,0.048,0.915
267000,0.025,0.030,0.946
267500,0.023,0.021,0.956
268000,0.038,0.025,0.936
268500,0.035,0.024,0.942
269000,0.042,0.017,0.942
269500,0.041,0.026,0.933
270000,0.043,0.008,0.949
270500,0.043,0.020,0.936
271000,0.030,0.029,0.941
271500,0.025,0.028,0.948
272000,0.036,0.029,0.935
272500,0.044,0.013,0.942
273000,0.044,0.018,0.938
273500,0.042,0.025,0.934
274000,0.030,0.017,0.954
274500,0.032,0.015,0.954
275000,0.035,0.021,0.944
275500,0.035,0.027,0.938
276000,0.032,0.034,0.934
276500,0.023,0.050,0.927
277000,0.030,0.036,0.933
277500,0.032,0.021,0.947
278000,0.026,0.029,0.945
278500,0.025,0.022,0.953
279000,0.032,0.025,0.943
279500,0.042,0.018,0.940
280000,0.040,0.013,0.947
280500,0.035,0.032,0.933
281000,0.048,0.035,0.917
281500,0.043,0.031,0.926
282000,0.034,0.034,0.932
282500,0.036,0.028,0.936
283000,0.045,0.029,0.925
283500,0.031,0.018,0.952
284000,0.044,0.013,0.943
284500,0.067,0.016,0.917
285000,0.043,0.018,0.938
285500,0.050,0.017,0.933
286000,0.040,0.035,0.926
286500,0.035,0.021,0.945
287000,0.029,0.025,0.947
287500,0.027,0.043,0.930
288000,0.035,0.015,0.951
288500,0.030,0.015,0.955
289000,0.036,0.041,0.922
289500,0.053,0.029,0.917
290000,0.035,0.040,0.926
290500,0.028,0.017,0.956
291000,0.028,0.022,0.950
291500,0.084,0.013,0.903
292000,0.076,0.012,0.911
292500,0.053,0.019,0.927
293000,0.043,0.010,0.948
293500,0.037,0.007,0.956
294000,0.038,0.029,0.932
294500,0.045,0.006,0.949
295000,0.053,0.019,0.927
295500,0.045,0.021,0.934
296000,0.032,0.016,0.953
296500,0.059,0.010,0.931
297000,0.058,0.015,0.927
297500,0.045,0.014,0.941
298000,0.039,0.024,0.938
298500,0.033,0.021,0.947
299000,0.034,0.018,0.948
299500,0.040,0.013,0.947
300000,0.037,0.018,0.944
300500,0.042,0.028,0.930
301000,0.038,0.033,0.929
301500,0.037,0.031,0.931
302000,0.043,0.018,0.939
302500,0.038,0.011,0.950
303000,0.032,0.015,0.953
303500,0.044,0.015,0.941
304000,0.046,0.007,0.947
304500,0.038,0.017,0.945
305000,0.029,0.042,0.929
305500,0.023,0.030,0.947
306000,0.052,0.018,0.929
306500,0.040,0.018,0.942
307000,0.043,0.006,0.951
307500,0.059,0.013,0.928
308000,0.046,0.017,0.936
308500,0.042,0.024,0.934
309000,0.037,0.018,0.945
309500,0.024,0.035,0.941
310000,0.049,0.015,0.936
310500,0.049,0.012,0.939
311000,0.050,0.016,0.934
311500,0.056,0.019,0.925
312000,0.069,0.013,0.918
312500,0.043,0.014,0.944
313000,0.044,0.009,0.948
313500,0.040,0.018,0.943
314000,0.037,0.042,0.921
314500,0.024,0.037,0.939
315000,0.030,0.051,0.918
315500,0.028,0.032,0.940
316000,0.039,0.028,0.933
316500,0.041,0.031,0.928
317000,0.034,0.009,0.957
317500,0.025,0.033,0.943
318000,0.038,0.033,0.928
318500,0.049,0.018,0.933
319000,0.043,0.027,0.930
319500,0.025,0.035,0.940
320000,0.062,0.010,0.928
320500,0.036,0.009,0.955
321000,0.022,0.024,0.954
321500,0.029,0.026,0.945
322000,0.027,0.036,0.937
322500,0.022,0.019,0.959
323000,0.035,0.029,0.935
323500,0.046,0.030,0.923
324000,0.034,0.019,0.947
324500,0.028,0.033,0.939
325000,0.029,0.034,0.938
325500,0.028,0.042,0.930
326000,0.026,0.032,0.942
326500,0.024,0.029,0.948
327000,0.029,0.021,0.951
327500,0.031,0.010,0.959
328000,0.030,0.029,0.942
328500,0.036,0.021,0.943
329000,0.041,0.026,0.932
329500,0.051,0.034,0.914
330000,0.041,0.031,0.928
330500,0.049,0.022,0.929
331000,0.043,0.004,0.953
331500,0.055,0.009,0.936
332000,0.059,0.015,0.926
332500,0.049,0.015,0.936
333000,0.041,0.017,0.943
333500,0.040,0.029,0.931
334000,0.024,0.020,0.956
334500,0.033,0.022,0.945
335000,0.032,0.018,0.950
335500,0.044,0.021,0.934
336000,0.049,0.021,0.930
336500,0.029,0.014,0.958
337000,0.030,0.041,0.929
337500,0.046,0.021,0.932
338000,0.035,0.014,0.951
338500,0.039,0.028,0.933
339000,0.032,0.026,0.942
339500,0.053,0.019,0.927
340000,0.052,0.015,0.933
340500,0.038,0.018,0.944
341000,0.031,0.007,0.962
341500,0.030,0.018,0.952
342000,0.030,0.046,0.923
342500,0.047,0.018,0.934
343000,0.027,0.017,0.957
343500,0.036,0.026,0.938
344000,0.035,0.028,0.938
344500,0.036,0.009,0.955
345000,0.062,0.008,0.929
345500,0.046,0.006,0.948
346000,0.037,0.021,0.942
346500,0.028,0.024,0.949
347000,0.027,0.019,0.954
347500,0.045,0.013,0.943
348000,0.037,0.021,0.941
348500,0.046,0.016,0.938
349000,0.029,0.019,0.952
349500,0.042,0.019,0.940
350000,0.038,0.016,0.946
350500,0.048,0.011,0.941
351000,0.043,0.024,0.932
351500,0.038,0.011,0.951
352000,0.034,0.018,0.948
352500,0.044,0.030,0.925
353000,0.035,0.017,0.948
353500,0.032,0.024,0.945
354000,0.029,0.029,0.941
354500,0.036,0.021,0.943
355000,0.030,0.028,0.942
355500,0.052,0.025,0.923
356000,0.037,0.023,0.940
356500,0.034,0.007,0.959
357000,0.054,0.013,0.933
357500,0.050,0.021,0.930
358000,0.034,0.030,0.936
358500,0.049,0.021,0.930
359000,0.037,0.020,0.943
359500,0.036,0.014,0.950
360000,0.035,0.006,0.959
360500,0.046,0.015,0.939
361000,0.035,0.020,0.945
361500,0.035,0.024,0.942
362000,0.043,0.028,0.929
362500,0.047,0.015,0.939
363000,0.043,0.010,0.947
363500,0.024,0.016,0.961
364000,0.033,0.013,0.955
364500,0.025,0.032,0.944
365000,0.024,0.030,0.946
365500,0.036,0.029,0.935
366000,0.025,0.026,0.948
366500,0.024,0.029,0.947
367000,0.025,0.030,0.945
367500,0.035,0.021,0.944
368000,0.034,0.015,0.951
368500,0.022,0.022,0.955
369000,0.018,0.035,0.946
369500,0.041,0.046,0.913
370000,0.030,0.025,0.945
370500,0.038,0.014,0.948
371000,0.041,0.015,0.944
371500,0.034,0.016,0.950
372000,0.038,0.013,0.949
372500,0.050,0.011,0.940
373000,0.044,0.013,0.943
373500,0.048,0.015,0.937
374000,0.066,0.029,0.905
374500,0.036,0.018,0.946
375000,0.037,0.026,0.936
375500,0.025,0.009,0.967
376000,0.038,0.017,0.945
376500,0.038,0.029,0.933
377000,0.036,0.025,0.939
377500,0.041,0.023,0.936
378000,0.038,0.018,0.944
378500,0.033,0.029,0.939
379000,0.046,0.034,0.920
379500,0.037,0.035,0.927
380000,0.049,0.022,0.929
380500,0.040,0.013,0.947
381000,0.042,0.014,0.944
381500,0.028,0.011,0.962
382000,0.041,0.030,0.929
382500,0.030,0.011,0.959
383000,0.054,0.022,0.924
383500,0.053,0.013,0.933
384000,0.044,0.025,0.930
384500,0.034,0.030,0.936
385000,0.027,0.033,0.941
385500,0.026,0.033,0.942
386000,0.028,0.046,0.926
386500,0.026,0.041,0.932
387000,0.029,0.022,0.949
387500,0.039,0.020,0.941
388000,0.035,0.019,0.945
388500,0.042,0.025,0.934
389000,0.030,0.021,0.949
389500,0.033,0.033,0.934
390000,0.045,0.016,0.939
390500,0.046,0.018,0.936
391000,0.040,0.013,0.948
391500,0.041,0.015,0.945
392000,0.025,0.028,0.948
392500,0.048,0.021,0.932
393000,0.052,0.017,0.931
393500,0.066,0.017,0.917
394000,0.026,0.017,0.957
394500,0.043,0.044,0.912
395000,0.043,0.022,0.934
395500,0.047,0.009,0.944
396000,0.026,0.053,0.921
396500,0.043,0.045,0.912
397000,0.038,0.025,0.938
397500,0.037,0.036,0.926
398000,0.029,0.041,0.930
398500,0.036,0.025,0.939
399000,0.042,0.017,0.942
399500,0.025,0.030,0.945
400000,0.025,0.043,0.931
400500,0.040,0.041,0.919
401000,0.045,0.018,0.936
401500,0.051,0.022,0.926
402000,0.035,0.016,0.949
402500,0.035,0.021,0.944
403000,0.039,0.025,0.936
403500,0.040,0.022,0.938
404000,0.037,0.012,0.951
404500,0.041,0.016,0.943
405000,0.043,0.017,0.941
405500,0.049,0.035,0.917
406000,0.033,0.039,0.928
406500,0.037,0.028,0.935
407000,0.032,0.032,0.936
407500,0.050,0.024,0.926
408000,0.053,0.016,0.931
408500,0.051,0.025,0.924
409000,0.034,0.010,0.957
409500,0.037,0.029,0.933
410000,0.025,0.035,0.941
410500,0.038,0.017,0.945
411000,0.040,0.026,0.933
411500,0.032,0.017,0.952
412000,0.019,0.022,0.958
412500,0.052,0.037,0.910
413000,0.040,0.046,0.914
413500,0.029,0.033,0.938
414000,0.033,0.019,0.948
414500,0.040,0.015,0.945
415000,0.052,0.015,0.933
415500,0.075,0.012,0.912
416000,0.037,0.012,0.951
416500,0.057,0.035,0.909
417000,0.042,0.018,0.941
417500,0.052,0.017,0.931
418000,0.045,0.018,0.936
418500,0.038,0.006,0.956
419000,0.047,0.030,0.923
419500,0.041,0.018,0.941
420000,0.030,0.028,0.942
420500,0.029,0.012,0.960
421000,0.016,0.035,0.949
421500,0.028,0.011,0.961
422000,0.024,0.040,0.937
422500,0.026,0.025,0.949
423000,0.069,0.025,0.906
423500,0.030,0.017,0.954
424000,0.042,0.022,0.936
424500,0.028,0.027,0.946
425000,0.022,0.024,0.955
425500,0.029,0.022,0.948
426000,0.035,0.022,0.944
426500,0.024,0.022,0.954
427000,0.018,0.024,0.959
427500,0.026,0.015,0.958
428000,0.045,0.018,0.936
428500,0.041,0.013,0.946
429000,0.032,0.010,0.958
429500,0.038,0.011,0.950
430000,0.037,0.025,0.939
430500,0.029,0.017,0.955
431000,0.038,0.032,0.930
431500,0.035,0.016,0.949
432000,0.051,0.014,0.934
432500,0.037,0.017,0.946
433000,0.052,0.018,0.930
433500,0.047,0.029,0.923
434000,0.038,0.011,0.952
434500,0.029,0.018,0.953
435000,0.042,0.022,0.936
435500,0.025,0.021,0.954
436000,0.035,0.022,0.943
436500,0.036,0.015,0.949
437000,0.030,0.027,0.943
437500,0.030,0.021,0.949
438000,0.035,0.026,0.940
438500,0.027,0.013,0.960
439000,0.024,0.026,0.950
439500,0.017,0.028,0.955
440000,0.043,0.018,0.939
440500,0.035,0.009,0.956
441000,0.070,0.024,0.906
441500,0.050,0.035,0.915
442000,0.051,0.010,0.940
442500,0.038,0.018,0.945
443000,0.030,0.029,0.941
443500,0.039,0.021,0.940
444000,0.041,0.013,0.946
444500,0.039,0.018,0.943
445000,0.042,0.011,0.947
445500,0.041,0.011,0.948
446000,0.043,0.021,0.935
446500,0.027,0.025,0.948
447000,0.026,0.035,0.938
447500,0.033,0.021,0.946
448000,0.058,0.011,0.931
448500,0.038,0.026,0.935
449000,0.025,0.034,0.942
449500,0.036,0.038,0.926
450000,0.037,0.030,0.932
450500,0.051,0.014,0.935
451000,0.036,0.019,0.945
451500,0.019,0.029,0.952
452000,0.032,0.033,0.936
452500,0.039,0.019,0.942
453000,0.026,0.020,0.954
453500,0.052,0.013,0.934
454000,0.045,0.017,0.938
454500,0.041,0.022,0.938
455000,0.047,0.023,0.930
455500,0.052,0.031,0.916
456000,0.053,0.027,0.920
456500,0.029,0.016,0.955
457000,0.064,0.015,0.922
457500,0.035,0.019,0.946
458000,0.021,0.021,0.959
458500,0.035,0.029,0.935
459000,0.037,0.012,0.951
459500,0.043,0.027,0.930
460000,0.029,0.013,0.958
460500,0.040,0.030,0.930
461000,0.038,0.025,0.937
461500,0.040,0.021,0.939
462000,0.036,0.019,0.945
462500,0.035,0.018,0.947
463000,0.048,0.003,0.949
463500,0.050,0.019,0.930
464000,0.045,0.029,0.926
464500,0.052,0.017,0.931
465000,0.051,0.019,0.930
465500,0.037,0.017,0.947
466000,0.051,0.022,0.927
466500,0.038,0.018,0.944
467000,0.035,0.022,0.942
467500,0.030,0.029,0.941
468000,0.047,0.032,0.921
468500,0.040,0.018,0.943
469000,0.039,0.018,0.943
469500,0.036,0.024,0.941
470000,0.046,0.024,0.929
470500,0.063,0.015,0.922
471000,0.038,0.013,0.948
471500,0.038,0.024,0.939
472000,0.034,0.009,0.958
472500,0.053,0.017,0.930
473000,0.043,0.020,0.936
473500,0.051,0.013,0.937
474000,0.042,0.018,0.941
474500,0.024,0.024,0.952
475000,0.022,0.032,0.946
475500,0.038,0.014,0.948
476000,0.072,0.013,0.914
476500,0.064,0.014,0.922
477000,0.059,0.014,0.927
477500,0.042,0.007,0.951
478000,0.038,0.018,0.944
478500,0.033,0.033,0.934
479000,0.017,0.030,0.953
479500,0.037,0.029,0.934
480000,0.036,0.027,0.937
480500,0.053,0.017,0.930
481000,0.057,0.026,0.917
481500,0.038,0.040,0.921
482000,0.054,0.044,0.901
482500,0.051,0.025,0.923
483000,0.045,0.018,0.936
483500,0.029,0.015,0.956
484000,0.038,0.018,0.944
484500,0.049,0.017,0.935
485000,0.070,0.013,0.916
485500,0.040,0.037,0.923
486000,0.081,0.010,0.909
486500,0.030,0.018,0.951
487000,0.029,0.053,0.918
487500,0.034,0.020,0.946
488000,0.030,0.038,0.932
488500,0.053,0.009,0.938
489000,0.046,0.011,0.944
489500,0.044,0.007,0.948
490000,0.038,0.025,0.936
490500,0.022,0.019,0.959
491000,0.032,0.025,0.943
491500,0.036,0.011,0.953
492000,0.030,0.012,0.958
492500,0.034,0.013,0.954
493000,0.042,0.015,0.943
493500,0.054,0.011,0.935
494000,0.036,0.014,0.950
494500,0.053,0.025,0.921
495000,0.033,0.030,0.936
495500,0.038,0.013,0.949
496000,0.048,0.018,0.934
496500,0.046,0.016,0.938
497000,0.030,0.027,0.943
497500,0.041,0.013,0.947
498000,0.037,0.026,0.936
498500,0.024,0.019,0.957
499000,0.033,0.023,0.944
499500,0.033,0.030,0.937
500000,0.031,0.038,0.930
500500,0.038,0.030,0.932
501000,0.030,0.035,0.935
501500,0.036,0.026,0.938
502000,0.045,0.021,0.934
502500,0.031,0.035,0.933
503000,0.038,0.022,0.939
503500,0.036,0.017,0.947
504000,0.030,0.018,0.951
504500,0.051,0.006,0.943
505000,0.043,0.021,0.936
505500,0.033,0.010,0.958
506000,0.032,0.018,0.951
506500,0.029,0.022,0.949
507000,0.032,0.030,0.939
507500,0.043,0.034,0.923
508000,0.038,0.042,0.920
508500,0.035,0.030,0.935
509000,0.035,0.016,0.949
509500,0.026,0.022,0.952
510000,0.021,0.036,0.942
510500,0.039,0.035,0.925
511000,0.030,0.021,0.948
511500,0.026,0.021,0.954
512000,0.021,0.023,0.956
512500,0.037,0.023,0.940
513000,0.043,0.017,0.940
513500,0.046,0.014,0.940
514000,0.028,0.021,0.952
514500,0.030,0.014,0.956
515000,0.039,0.014,0.947
515500,0.049,0.012,0.939
516000,0.046,0.007,0.947
516500,0.055,0.017,0.928
517000,0.047,0.013,0.940
517500,0.034,0.021,0.946
518000,0.051,0.011,0.938
518500,0.040,0.009,0.951
519000,0.038,0.014,0.948
519500,0.051,0.004,0.945
520000,0.035,0.025,0.940
520500,0.024,0.007,0.969
521000,0.024,0.020,0.956
521500,0.039,0.024,0.937
522000,0.038,0.012,0.950
522500,0.043,0.020,0.938
523000,0.035,0.018,0.948
523500,0.031,0.023,0.946
524000,0.025,0.021,0.955
524500,0.053,0.016,0.931
525000,0.046,0.015,0.940
525500,0.052,0.028,0.919
526000,0.035,0.029,0.936
526500,0.035,0.021,0.944
527000,0.041,0.006,0.953
527500,0.043,0.032,0.925
528000,0.019,0.035,0.947
528500,0.046,0.026,0.927
529000,0.041,0.025,0.935
529500,0.027,0.038,0.935
530000,0.045,0.025,0.930
530500,0.038,0.013,0.949
531000,0.045,0.016,0.939
531500,0.022,0.032,0.946
532000,0.021,0.019,0.960
532500,0.018,0.027,0.955
533000,0.040,0.024,0.936
533500,0.033,0.034,0.934
534000,0.033,0.026,0.941
534500,0.025,0.018,0.956
535000,0.056,0.025,0.919
535500,0.056,0.021,0.923
536000,0.069,0.024,0.907
536500,0.051,0.024,0.925
537000,0.060,0.009,0.930
537500,0.043,0.021,0.935
538000,0.024,0.035,0.942
538500,0.027,0.029,0.944
539000,0.043,0.032,0.926
539500,0.049,0.011,0.940
540000,0.046,0.011,0.943
540500,0.035,0.022,0.942
541000,0.036,0.022,0.942
541500,0.041,0.024,0.935
542000,0.035,0.013,0.953
542500,0.061,0.019,0.919
543000,0.033,0.013,0.955
543500,0.023,0.036,0.941
544000,0.043,0.024,0.933
544500,0.026,0.018,0.955
545000,0.037,0.018,0.945
545500,0.036,0.021,0.944
546000,0.050,0.025,0.925
546500,0.048,0.021,0.931
547000,0.052,0.029,0.918
547500,0.026,0.029,0.945
548000,0.059,0.013,0.928
548500,0.059,0.013,0.928
549000,0.041,0.019,0.940
549500,0.054,0.017,0.929
550000,0.047,0.020,0.933
550500,0.040,0.019,0.942
551000,0.036,0.043,0.921
551500,0.026,0.015,0.959
552000,0.040,0.026,0.934
552500,0.049,0.030,0.921
553000,0.035,0.032,0.933
553500,0.052,0.015,0.932
554000,0.056,0.019,0.925
554500,0.051,0.011,0.938
555000,0.049,0.016,0.935
555500,0.033,0.035,0.932
556000,0.034,0.028,0.938
556500,0.032,0.023,0.945
557000,0.041,0.018,0.942
557500,0.041,0.026,0.933
558000,0.040,0.033,0.927
558500,0.044,0.033,0.922
559000,0.041,0.022,0.938
559500,0.029,0.022,0.949
560000,0.028,0.027,0.946
560500,0.051,0.024,0.925
561000,0.026,0.017,0.957
561500,0.026,0.026,0.948
562000,0.028,0.020,0.953
562500,0.047,0.023,0.930
563000,0.040,0.022,0.939
563500,0.037,0.015,0.948
564000,0.049,0.032,0.919
564500,0.029,0.030,0.941
565000,0.036,0.043,0.920
565500,0.021,0.025,0.954
566000,0.018,0.043,0.940
566500,0.027,0.016,0.957
567000,0.036,0.034,0.930
567500,0.036,0.037,0.926
568000,0.042,0.026,0.932
568500,0.035,0.022,0.943
569000,0.039,0.018,0.943
569500,0.041,0.052,0.907
570000,0.045,0.034,0.921
570500,0.041,0.026,0.932
571000,0.037,0.029,0.934
571500,0.030,0.032,0.938
572000,0.026,0.021,0.953
572500,0.040,0.019,0.941
573000,0.037,0.034,0.929
573500,0.038,0.033,0.929
574000,0.037,0.042,0.921
574500,0.039,0.025,0.936
575000,0.035,0.023,0.942
575500,0.042,0.028,0.930
576000,0.040,0.018,0.943
576500,0.052,0.014,0.934
577000,0.051,0.017,0.932
577500,0.040,0.025,0.935
578000,0.029,0.011,0.959
578500,0.041,0.015,0.945
579000,0.035,0.011,0.954
579500,0.037,0.018,0.944
580000,0.028,0.024,0.949
580500,0.024,0.037,0.939
581000,0.038,0.012,0.950
581500,0.039,0.017,0.944
582000,0.035,0.020,0.945
582500,0.043,0.021,0.935
583000,0.036,0.024,0.940
583500,0.034,0.040,0.926
584000,0.045,0.032,0.923
584500,0.040,0.020,0.941
585000,0.033,0.019,0.949
585500,0.035,0.032,0.933
586000,0.044,0.025,0.931
586500,0.032,0.016,0.952
587000,0.036,0.017,0.947
587500,0.034,0.018,0.949
588000,0.025,0.033,0.943
588500,0.034,0.052,0.914
589000,0.041,0.038,0.921
589500,0.036,0.026,0.938
590000,0.024,0.036,0.940
590500,0.034,0.030,0.936
591000,0.037,0.043,0.920
591500,0.039,0.030,0.930
592000,0.026,0.035,0.939
592500,0.031,0.025,0.944
593000,0.026,0.022,0.952
593500,0.037,0.020,0.943
594000,0.050,0.015,0.936
594500,0.028,0.012,0.961
595000,0.029,0.026,0.945
595500,0.026,0.012,0.962
596000,0.029,0.025,0.945
596500,0.036,0.030,0.934
597000,0.032,0.014,0.955
597500,0.029,0.022,0.949
598000,0.043,0.020,0.937
598500,0.036,0.023,0.941
599000,0.049,0.037,0.914
599500,0.040,0.016,0.945
600000,0.038,0.011,0.950
600500,0.031,0.015,0.954
601000,0.033,0.030,0.937
601500,0.031,0.032,0.938
602000,0.029,0.038,0.933
602500,0.030,0.021,0.949
603000,0.043,0.021,0.936
603500,0.038,0.022,0.940
604000,0.035,0.009,0.957
604500,0.028,0.046,0.926
605000,0.033,0.029,0.939
605500,0.038,0.029,0.933
606000,0.035,0.013,0.953
606500,0.031,0.029,0.940
607000,0.030,0.026,0.944
607500,0.049,0.032,0.919
608000,0.026,0.025,0.948
608500,0.036,0.029,0.934
609000,0.045,0.013,0.941
609500,0.034,0.021,0.946
610000,0.050,0.015,0.934
610500,0.043,0.029,0.927
611000,0.036,0.011,0.953
611500,0.041,0.019,0.940
612000,0.035,0.013,0.951
612500,0.022,0.036,0.942
613000,0.029,0.029,0.943
613500,0.034,0.019,0.948
614000,0.043,0.022,0.935
614500,0.050,0.013,0.938
615000,0.044,0.022,0.933
615500,0.053,0.030,0.917
616000,0.052,0.016,0.932
616500,0.040,0.023,0.938
617000,0.044,0.037,0.918
617500,0.028,0.015,0.957
618000,0.030,0.022,0.948
618500,0.041,0.018,0.942
619000,0.037,0.014,0.949
619500,0.037,0.023,0.940
620000,0.034,0.021,0.945
620500,0.041,0.003,0.956
621000,0.044,0.034,0.922
621500,0.035,0.032,0.934
622000,0.032,0.034,0.934
622500,0.022,0.041,0.938
623000,0.026,0.024,0.950
623500,0.048,0.024,0.928
624000,0.042,0.009,0.949
624500,0.058,0.019,0.922
625000,0.054,0.018,0.928
625500,0.055,0.014,0.931
626000,0.043,0.025,0.932
626500,0.048,0.035,0.917
627000,0.026,0.026,0.948
627500,0.036,0.035,0.929
628000,0.025,0.023,0.953
628500,0.039,0.013,0.949
629000,0.065,0.011,0.925
629500,0.053,0.011,0.935
630000,0.038,0.023,0.939
630500,0.041,0.017,0.943
631000,0.032,0.021,0.947
631500,0.022,0.038,0.940
632000,0.019,0.036,0.945
632500,0.057,0.009,0.934
633000,0.035,0.008,0.957
633500,0.059,0.009,0.932
634000,0.038,0.020,0.942
634500,0.029,0.012,0.959
635000,0.029,0.012,0.959
635500,0.034,0.032,0.934
636000,0.024,0.023,0.954
636500,0.063,0.031,0.906
637000,0.044,0.025,0.931
637500,0.037,0.007,0.955
638000,0.050,0.009,0.942
638500,0.045,0.010,0.945
639000,0.045,0.021,0.933
639500,0.029,0.021,0.951
640000,0.030,0.029,0.941
640500,0.029,0.035,0.935
641000,0.054,0.029,0.917
641500,0.030,0.042,0.928
642000,0.033,0.021,0.946
642500,0.040,0.015,0.945
643000,0.031,0.017,0.953
643500,0.045,0.018,0.937
644000,0.029,0.014,0.957
644500,0.033,0.020,0.947
645000,0.034,0.030,0.936
645500,0.042,0.011,0.947
646000,0.041,0.022,0.937
646500,0.055,0.013,0.932
647000,0.050,0.025,0.925
647500,0.029,0.018,0.953
648000,0.040,0.015,0.946
648500,0.040,0.030,0.930
649000,0.035,0.017,0.949
649500,0.041,0.025,0.933
650000,0.043,0.023,0.933
650500,0.040,0.011,0.950
651000,0.032,0.022,0.946
651500,0.036,0.042,0.921
652000,0.028,0.030,0.942
652500,0.040,0.036,0.923
653000,0.046,0.021,0.933
653500,0.029,0.024,0.948
654000,0.035,0.029,0.937
654500,0.059,0.020,0.921
655000,0.060,0.022,0.917
655500,0.043,0.013,0.945
656000,0.049,0.009,0.943
656500,0.030,0.030,0.940
657000,0.028,0.014,0.959
657500,0.022,0.038,0.940
658000,0.043,0.056,0.900
658500,0.032,0.035,0.933
659000,0.019,0.028,0.953
659500,0.033,0.025,0.942
660000,0.027,0.018,0.955
660500,0.051,0.020,0.929
661000,0.037,0.032,0.930
661500,0.032,0.021,0.948
662000,0.035,0.030,0.935
662500,0.031,0.035,0.934
663000,0.043,0.024,0.932
663500,0.036,0.031,0.932
664000,0.036,0.020,0.944
664500,0.037,0.035,0.927
665000,0.034,0.024,0.943
665500,0.025,0.021,0.954
666000,0.030,0.010,0.960
666500,0.037,0.030,0.932
667000,0.031,0.014,0.955
667500,0.035,0.019,0.947
668000,0.028,0.018,0.954
668500,0.047,0.021,0.931
669000,0.026,0.026,0.948
669500,0.021,0.041,0.939
670000,0.028,0.030,0.942
670500,0.030,0.015,0.955
671000,0.025,0.029,0.946
671500,0.044,0.030,0.925
672000,0.029,0.028,0.943
672500,0.040,0.025,0.935
673000,0.052,0.011,0.936
673500,0.050,0.021,0.929
674000,0.041,0.017,0.943
674500,0.045,0.021,0.934
675000,0.044,0.018,0.939
675500,0.031,0.034,0.935
676000,0.036,0.029,0.935
676500,0.051,0.015,0.934
677000,0.061,0.013,0.925
677500,0.048,0.020,0.932
678000,0.036,0.018,0.946
678500,0.031,0.037,0.932
679000,0.032,0.023,0.945
679500,0.048,0.025,0.928
680000,0.039,0.010,0.951
680500,0.052,0.026,0.921
681000,0.032,0.023,0.945
681500,0.038,0.035,0.927
682000,0.043,0.024,0.933
682500,0.027,0.022,0.951
683000,0.035,0.011,0.954
683500,0.035,0.034,0.931
684000,0.041,0.028,0.932
684500,0.034,0.018,0.948
685000,0.025,0.041,0.934
685500,0.032,0.035,0.933
686000,0.032,0.017,0.952
686500,0.034,0.025,0.942
687000,0.019,0.044,0.937
687500,0.028,0.029,0.943
688000,0.035,0.029,0.936
688500,0.024,0.046,0.930
689000,0.044,0.016,0.940
689500,0.032,0.035,0.933
690000,0.036,0.022,0.942
690500,0.042,0.033,0.925
691000,0.037,0.020,0.943
691500,0.051,0.019,0.929
692000,0.032,0.010,0.959
692500,0.062,0.013,0.924
693000,0.047,0.034,0.919
693500,0.043,0.013,0.945
694000,0.029,0.034,0.938
694500,0.037,0.007,0.956
695000,0.038,0.029,0.932
695500,0.028,0.046,0.926
696000,0.042,0.037,0.921
696500,0.036,0.034,0.930
697000,0.033,0.030,0.937
697500,0.033,0.018,0.949
698000,0.041,0.024,0.935
698500,0.050,0.021,0.929
699000,0.041,0.020,0.940
699500,0.052,0.030,0.917
700000,0.034,0.024,0.943
700500,0.024,0.021,0.956
701000,0.030,0.037,0.932
701500,0.035,0.036,0.929
702000,0.021,0.029,0.951
702500,0.048,0.027,0.925
703000,0.039,0.041,0.920
703500,0.035,0.038,0.927
704000,0.029,0.042,0.930
704500,0.035,0.016,0.949
705000,0.030,0.015,0.955
705500,0.041,0.016,0.944
706000,0.092,0.019,0.888
706500,0.065,0.009,0.926
707000,0.071,0.018,0.911
707500,0.067,0.013,0.920
708000,0.050,0.021,0.929
708500,0.026,0.030,0.944
709000,0.029,0.027,0.944
709500,0.023,0.025,0.953
710000,0.027,0.026,0.947
710500,0.036,0.024,0.941
711000,0.039,0.044,0.916
711500,0.033,0.042,0.926
712000,0.037,0.042,0.921
712500,0.053,0.025,0.921
713000,0.037,0.032,0.931
713500,0.028,0.019,0.953
714000,0.029,0.020,0.951
714500,0.051,0.025,0.923
715000,0.042,0.014,0.945
715500,0.029,0.018,0.953
716000,0.025,0.022,0.954
716500,0.018,0.041,0.941
717000,0.025,0.025,0.950
717500,0.029,0.029,0.941
718000,0.038,0.033,0.929
718500,0.024,0.025,0.952
719000,0.045,0.015,0.940
719500,0.051,0.007,0.943
720000,0.029,0.025,0.946
720500,0.025,0.015,0.960
721000,0.040,0.008,0.953
721500,0.043,0.020,0.938
722000,0.046,0.006,0.948
722500,0.059,0.013,0.927
723000,0.056,0.004,0.940
723500,0.045,0.013,0.941
724000,0.063,0.013,0.925
724500,0.049,0.022,0.929
725000,0.036,0.015,0.949
725500,0.037,0.020,0.943
726000,0.053,0.009,0.937
726500,0.056,0.019,0.924
727000,0.052,0.029,0.919
727500,0.036,0.021,0.943
728000,0.042,0.015,0.944
728500,0.030,0.019,0.951
729000,0.024,0.036,0.940
729500,0.030,0.029,0.942
730000,0.024,0.026,0.950
730500,0.029,0.021,0.951
731000,0.031,0.022,0.947
731500,0.035,0.017,0.949
732000,0.041,0.027,0.932
732500,0.030,0.020,0.950
733000,0.025,0.035,0.939
733500,0.039,0.021,0.940
734000,0.037,0.032,0.931
734500,0.021,0.029,0.951
735000,0.032,0.025,0.943
735500,0.019,0.022,0.958
736000,0.026,0.026,0.948
736500,0.029,0.026,0.945
737000,0.041,0.020,0.939
737500,0.041,0.029,0.930
738000,0.036,0.029,0.935
738500,0.039,0.013,0.948
739000,0.042,0.027,0.931
739500,0.037,0.024,0.939
740000,0.048,0.009,0.944
740500,0.062,0.016,0.921
741000,0.051,0.009,0.940
741500,0.025,0.025,0.950
742000,0.027,0.029,0.944
742500,0.028,0.021,0.951
743000,0.029,0.025,0.946
743500,0.044,0.018,0.938
744000,0.048,0.013,0.939
744500,0.038,0.024,0.939
745000,0.045,0.008,0.947
745500,0.051,0.011,0.939
746000,0.035,0.019,0.946
746500,0.045,0.021,0.934
747000,0.054,0.021,0.924
747500,0.035,0.046,0.918
748000,0.030,0.026,0.944
748500,0.020,0.021,0.959
749000,0.029,0.031,0.940
749500,0.019,0.017,0.964
750000,0.022,0.021,0.957
750500,0.032,0.019,0.949
751000,0.037,0.021,0.941
751500,0.045,0.017,0.938
752000,0.028,0.032,0.941
752500,0.040,0.057,0.904
753000,0.038,0.045,0.916
753500,0.023,0.035,0.943
754000,0.043,0.018,0.940
754500,0.040,0.025,0.936
755000,0.030,0.014,0.956
755500,0.024,0.023,0.953
756000,0.041,0.043,0.916
756500,0.036,0.032,0.932
757000,0.045,0.028,0.926
757500,0.028,0.018,0.954
758000,0.030,0.048,0.922
758500,0.029,0.013,0.958
759000,0.036,0.004,0.959
759500,0.031,0.011,0.959
760000,0.039,0.019,0.942
760500,0.051,0.011,0.937
761000,0.032,0.018,0.950
761500,0.031,0.020,0.949
762000,0.038,0.020,0.942
762500,0.026,0.043,0.931
763000,0.037,0.044,0.918
763500,0.043,0.025,0.931
764000,0.034,0.031,0.935
764500,0.036,0.018,0.946
765000,0.035,0.018,0.947
765500,0.041,0.017,0.943
766000,0.042,0.011,0.948
766500,0.059,0.014,0.927
767000,0.046,0.013,0.941
767500,0.044,0.007,0.949
768000,0.055,0.022,0.922
768500,0.054,0.018,0.927
769000,0.044,0.038,0.918
769500,0.033,0.022,0.945
770000,0.044,0.018,0.939
770500,0.040,0.035,0.925
771000,0.035,0.031,0.934
771500,0.017,0.025,0.959
772000,0.038,0.028,0.933
772500,0.046,0.032,0.922
773000,0.038,0.016,0.946
773500,0.043,0.013,0.944
774000,0.048,0.009,0.944
774500,0.053,0.011,0.935
775000,0.035,0.028,0.936
775500,0.057,0.013,0.930
776000,0.049,0.009,0.942
776500,0.043,0.016,0.941
777000,0.036,0.017,0.947
777500,0.048,0.015,0.937
778000,0.042,0.017,0.942
778500,0.049,0.013,0.939
779000,0.045,0.031,0.924
779500,0.030,0.014,0.956
780000,0.050,0.019,0.931
780500,0.026,0.020,0.954
781000,0.041,0.016,0.944
781500,0.036,0.011,0.953
782000,0.051,0.007,0.942
782500,0.043,0.015,0.942
783000,0.050,0.013,0.937
783500,0.047,0.013,0.941
784000,0.038,0.021,0.941
784500,0.056,0.012,0.932
785000,0.062,0.017,0.921
785500,0.053,0.019,0.927
786000,0.044,0.004,0.952
786500,0.051,0.013,0.937
787000,0.049,0.004,0.947
787500,0.037,0.030,0.932
788000,0.028,0.018,0.954
788500,0.019,0.011,0.970
789000,0.037,0.025,0.939
789500,0.056,0.012,0.932
790000,0.057,0.007,0.936
790500,0.051,0.021,0.928
791000,0.053,0.018,0.928
791500,0.036,0.007,0.957
792000,0.046,0.005,0.949
792500,0.051,0.021,0.928
793000,0.043,0.024,0.934
793500,0.046,0.011,0.944
794000,0.040,0.022,0.938
794500,0.039,0.015,0.946
795000,0.026,0.029,0.946
795500,0.029,0.032,0.939
796000,0.041,0.041,0.918
796500,0.018,0.028,0.955
797000,0.045,0.015,0.939
797500,0.065,0.015,0.921
798000,0.042,0.029,0.929
798500,0.056,0.026,0.918
799000,0.045,0.021,0.933
799500,0.055,0.017,0.928
800000,0.035,0.021,0.944
800500,0.041,0.011,0.948
801000,0.046,0.021,0.932
801500,0.035,0.021,0.945
802000,0.051,0.031,0.918
802500,0.032,0.015,0.953
803000,0.040,0.013,0.947
803500,0.030,0.015,0.955
804000,0.031,0.042,0.927
804500,0.048,0.018,0.934
805000,0.052,0.013,0.934
805500,0.061,0.019,0.920
806000,0.033,0.017,0.951
806500,0.034,0.033,0.933
807000,0.034,0.014,0.952
807500,0.046,0.013,0.941
808000,0.051,0.018,0.930
808500,0.032,0.018,0.950
809000,0.033,0.022,0.945
809500,0.069,0.021,0.910
810000,0.035,0.016,0.949
810500,0.059,0.009,0.933
811000,0.053,0.016,0.930
811500,0.042,0.014,0.944
812000,0.052,0.013,0.935
812500,0.032,0.038,0.930
813000,0.029,0.032,0.940
813500,0.038,0.024,0.939
814000,0.038,0.026,0.935
814500,0.043,0.015,0.943
815000,0.051,0.025,0.924
815500,0.052,0.011,0.938
816000,0.029,0.024,0.947
816500,0.039,0.030,0.930
817000,0.033,0.021,0.947
817500,0.030,0.034,0.936
818000,0.024,0.029,0.948
818500,0.030,0.018,0.953
819000,0.045,0.026,0.928
819500,0.044,0.028,0.928
820000,0.039,0.010,0.951
820500,0.061,0.019,0.919
821000,0.043,0.015,0.943
821500,0.048,0.027,0.925
822000,0.052,0.022,0.926
822500,0.056,0.022,0.922
823000,0.059,0.009,0.933
823500,0.046,0.033,0.920
824000,0.034,0.021,0.945
824500,0.038,0.032,0.930
825000,0.035,0.035,0.929
825500,0.035,0.023,0.942
826000,0.050,0.018,0.932
826500,0.046,0.031,0.923
827000,0.035,0.019,0.946
827500,0.046,0.022,0.932
828000,0.050,0.026,0.923
828500,0.034,0.018,0.948
829000,0.026,0.013,0.961
829500,0.033,0.031,0.936
830000,0.030,0.025,0.946
830500,0.029,0.013,0.959
831000,0.048,0.014,0.939
831500,0.033,0.024,0.944
832000,0.041,0.021,0.939
832500,0.028,0.018,0.954
833000,0.034,0.018,0.948
833500,0.028,0.011,0.961
834000,0.034,0.035,0.931
834500,0.038,0.032,0.930
835000,0.030,0.032,0.938
835500,0.035,0.016,0.949
836000,0.040,0.021,0.939
836500,0.038,0.033,0.929
837000,0.036,0.037,0.926
837500,0.035,0.021,0.944
838000,0.036,0.019,0.945
838500,0.027,0.009,0.964
839000,0.036,0.021,0.942
839500,0.026,0.025,0.949
840000,0.035,0.022,0.942
840500,0.029,0.040,0.930
841000,0.029,0.027,0.944
841500,0.033,0.032,0.935
842000,0.032,0.028,0.941
842500,0.049,0.015,0.936
843000,0.029,0.015,0.957
843500,0.040,0.034,0.927
844000,0.029,0.043,0.928
844500,0.019,0.057,0.924
845000,0.023,0.031,0.946
845500,0.030,0.025,0.945
846000,0.046,0.026,0.927
846500,0.036,0.021,0.943
847000,0.033,0.017,0.951
847500,0.031,0.024,0.945
848000,0.022,0.015,0.963
848500,0.031,0.051,0.918
849000,0.038,0.025,0.937
849500,0.043,0.027,0.929
850000,0.036,0.042,0.922
850500,0.029,0.035,0.936
851000,0.045,0.025,0.929
851500,0.045,0.017,0.938
852000,0.047,0.015,0.939
852500,0.051,0.002,0.947
853000,0.044,0.009,0.946
853500,0.038,0.033,0.929
854000,0.036,0.029,0.935
854500,0.028,0.036,0.935
855000,0.047,0.034,0.919
855500,0.042,0.019,0.940
856000,0.052,0.018,0.930
856500,0.037,0.013,0.950
857000,0.032,0.026,0.942
857500,0.039,0.035,0.926
858000,0.028,0.030,0.943
858500,0.033,0.025,0.942
859000,0.039,0.026,0.934
859500,0.042,0.025,0.933
860000,0.058,0.009,0.933
860500,0.039,0.029,0.932
861000,0.041,0.025,0.934
861500,0.048,0.028,0.924
862000,0.031,0.022,0.947
862500,0.035,0.041,0.924
863000,0.035,0.041,0.924
863500,0.029,0.035,0.936
864000,0.033,0.033,0.934
864500,0.035,0.029,0.936
865000,0.025,0.028,0.947
865500,0.029,0.018,0.953
866000,0.037,0.013,0.950
866500,0.035,0.008,0.958
867000,0.039,0.006,0.955
867500,0.030,0.035,0.935
868000,0.032,0.021,0.947
868500,0.035,0.033,0.931
869000,0.029,0.018,0.954
869500,0.036,0.015,0.949
870000,0.048,0.037,0.915
870500,0.063,0.015,0.922
871000,0.034,0.040,0.927
871500,0.028,0.033,0.940
872000,0.041,0.036,0.922
872500,0.029,0.022,0.949
873000,0.045,0.013,0.942
873500,0.040,0.016,0.945
874000,0.027,0.028,0.945
874500,0.035,0.025,0.940
875000,0.043,0.016,0.941
875500,0.033,0.017,0.951
876000,0.045,0.015,0.940
876500,0.042,0.032,0.926
877000,0.034,0.036,0.930
877500,0.048,0.025,0.927
878000,0.040,0.033,0.927
878500,0.042,0.015,0.944
879000,0.030,0.028,0.942
879500,0.048,0.026,0.926
880000,0.044,0.025,0.931
880500,0.031,0.026,0.943
881000,0.033,0.019,0.948
881500,0.044,0.035,0.921
882000,0.035,0.029,0.935
882500,0.028,0.018,0.954
883000,0.026,0.025,0.950
883500,0.033,0.021,0.947
884000,0.041,0.015,0.945
884500,0.036,0.014,0.950
885000,0.033,0.021,0.947
885500,0.035,0.036,0.928
886000,0.041,0.029,0.931
886500,0.038,0.033,0.929
887000,0.043,0.023,0.933
887500,0.046,0.011,0.944
888000,0.058,0.004,0.939
888500,0.051,0.018,0.931
889000,0.065,0.039,0.896
889500,0.033,0.015,0.953
890000,0.059,0.005,0.935
890500,0.029,0.014,0.957
891000,0.061,0.025,0.913
891500,0.041,0.033,0.926
892000,0.052,0.023,0.924
892500,0.036,0.018,0.946
893000,0.038,0.013,0.948
893500,0.036,0.029,0.935
894000,0.041,0.024,0.935
894500,0.030,0.021,0.949
895000,0.030,0.025,0.944
895500,0.047,0.022,0.931
896000,0.038,0.011,0.951
896500,0.045,0.025,0.930
897000,0.046,0.026,0.928
897500,0.029,0.029,0.943
898000,0.029,0.034,0.938
898500,0.034,0.014,0.952
899000,0.029,0.033,0.938
899500,0.045,0.025,0.929
900000,0.034,0.019,0.947
900500,0.041,0.025,0.934
901000,0.028,0.049,0.923
901500,0.048,0.015,0.938
902000,0.038,0.030,0.931
902500,0.039,0.027,0.934
903000,0.033,0.025,0.942
903500,0.046,0.040,0.914
904000,0.030,0.064,0.906
904500,0.050,0.048,0.902
905000,0.027,0.030,0.943
905500,0.038,0.011,0.951
906000,0.038,0.011,0.951
906500,0.043,0.021,0.935
907000,0.061,0.012,0.926
907500,0.032,0.019,0.950
908000,0.029,0.017,0.954
908500,0.046,0.025,0.929
909000,0.031,0.019,0.950
909500,0.044,0.013,0.943
910000,0.037,0.018,0.945
910500,0.049,0.026,0.925
911000,0.054,0.024,0.922
911500,0.054,0.026,0.919
912000,0.051,0.024,0.925
912500,0.041,0.021,0.939
913000,0.029,0.020,0.952
913500,0.037,0.009,0.954
914000,0.054,0.007,0.939
914500,0.048,0.016,0.936
915000,0.045,0.022,0.932
915500,0.034,0.029,0.938
916000,0.035,0.017,0.948
916500,0.044,0.043,0.912
917000,0.038,0.026,0.935
917500,0.024,0.021,0.956
918000,0.035,0.025,0.940
918500,0.035,0.018,0.947
919000,0.046,0.016,0.938
919500,0.062,0.029,0.908
920000,0.050,0.024,0.926
920500,0.045,0.013,0.942
921000,0.028,0.044,0.928
921500,0.042,0.015,0.943
922000,0.037,0.015,0.948
922500,0.036,0.013,0.951
923000,0.038,0.034,0.928
923500,0.043,0.016,0.941
924000,0.072,0.019,0.908
924500,0.051,0.015,0.934
925000,0.033,0.035,0.931
925500,0.028,0.026,0.946
926000,0.035,0.033,0.932
926500,0.038,0.017,0.946
927000,0.026,0.026,0.947
927500,0.040,0.027,0.933
928000,0.043,0.025,0.933
928500,0.028,0.015,0.958
929000,0.037,0.028,0.935
929500,0.034,0.036,0.930
930000,0.021,0.038,0.942
930500,0.035,0.018,0.947
931000,0.043,0.008,0.949
931500,0.035,0.012,0.953
932000,0.035,0.024,0.941
932500,0.062,0.025,0.912
933000,0.042,0.032,0.926
933500,0.048,0.021,0.930
934000,0.036,0.007,0.957
934500,0.050,0.013,0.936
935000,0.041,0.011,0.948
935500,0.029,0.011,0.960
936000,0.059,0.015,0.926
936500,0.070,0.011,0.919
937000,0.041,0.012,0.947
937500,0.028,0.034,0.939
938000,0.045,0.049,0.906
938500,0.035,0.049,0.916
939000,0.029,0.034,0.937
939500,0.040,0.036,0.924
940000,0.035,0.025,0.941
940500,0.040,0.013,0.947
941000,0.053,0.018,0.928
941500,0.045,0.021,0.933
942000,0.034,0.025,0.941
942500,0.044,0.009,0.947
943000,0.043,0.013,0.944
943500,0.033,0.009,0.959
944000,0.042,0.018,0.941
944500,0.060,0.021,0.919
945000,0.051,0.028,0.921
945500,0.051,0.026,0.923
946000,0.039,0.022,0.939
946500,0.035,0.015,0.951
947000,0.049,0.022,0.929
947500,0.040,0.020,0.940
948000,0.027,0.018,0.956
948500,0.026,0.011,0.963
949000,0.029,0.024,0.947
949500,0.044,0.013,0.943
950000,0.030,0.026,0.944
950500,0.048,0.027,0.925
951000,0.040,0.032,0.928
951500,0.054,0.019,0.927
952000,0.038,0.011,0.951
952500,0.033,0.020,0.947
953000,0.044,0.017,0.939
953500,0.045,0.017,0.939
954000,0.039,0.008,0.953
954500,0.045,0.030,0.925
955000,0.040,0.039,0.921
955500,0.025,0.032,0.943
956000,0.021,0.022,0.957
956500,0.021,0.044,0.934
957000,0.030,0.043,0.926
957500,0.059,0.019,0.922
958000,0.040,0.012,0.949
958500,0.056,0.010,0.934
959000,0.030,0.057,0.913
959500,0.034,0.020,0.947
960000,0.041,0.033,0.927
960500,0.046,0.017,0.937
961000,0.046,0.021,0.932
961500,0.045,0.009,0.946
962000,0.048,0.013,0.939
962500,0.051,0.041,0.908
963000,0.037,0.039,0.923
963500,0.028,0.018,0.954
964000,0.033,0.035,0.931
964500,0.032,0.021,0.948
965000,0.037,0.017,0.946
965500,0.061,0.015,0.923
966000,0.037,0.025,0.938
966500,0.042,0.033,0.925
967000,0.041,0.033,0.926
967500,0.032,0.025,0.943
968000,0.035,0.035,0.930
968500,0.034,0.024,0.942
969000,0.025,0.010,0.965
969500,0.026,0.015,0.959
970000,0.031,0.018,0.951
970500,0.035,0.042,0.923
971000,0.043,0.032,0.925
971500,0.058,0.007,0.935
972000,0.039,0.024,0.938
972500,0.032,0.009,0.960
973000,0.034,0.029,0.938
973500,0.036,0.037,0.927
974000,0.034,0.033,0.934
974500,0.029,0.041,0.931
975000,0.036,0.025,0.938
975500,0.033,0.026,0.941
976000,0.042,0.035,0.922
976500,0.044,0.028,0.928
977000,0.038,0.019,0.943
977500,0.053,0.023,0.923
978000,0.037,0.015,0.947
978500,0.027,0.014,0.959
979000,0.038,0.021,0.942
979500,0.042,0.015,0.943
980000,0.025,0.030,0.944
980500,0.020,0.021,0.959
981000,0.035,0.030,0.934
981500,0.025,0.045,0.930
982000,0.057,0.022,0.921
982500,0.035,0.021,0.945
983000,0.035,0.029,0.936
983500,0.036,0.025,0.938
984000,0.028,0.042,0.931
984500,0.019,0.037,0.944
985000,0.025,0.015,0.960
985500,0.043,0.029,0.928
986000,0.034,0.031,0.935
986500,0.044,0.013,0.944
987000,0.045,0.024,0.931
987500,0.033,0.026,0.941
988000,0.037,0.018,0.946
988500,0.037,0.018,0.945
989000,0.024,0.025,0.951
989500,0.039,0.025,0.936
990000,0.030,0.032,0.939
990500,0.028,0.024,0.949
991000,0.026,0.018,0.957
991500,0.035,0.019,0.947
992000,0.034,0.029,0.936
992500,0.029,0.035,0.936
993000,0.026,0.021,0.953
993500,0.024,0.022,0.954
994000,0.036,0.023,0.941
994500,0.029,0.022,0.949
995000,0.043,0.019,0.938
995500,0.036,0.030,0.933
996000,0.057,0.026,0.916
996500,0.034,0.025,0.941
997000,0.035,0.013,0.953
997500,0.035,0.015,0.951
998000,0.035,0.016,0.949
998500,0.024,0.024,0.953
999000,0.029,0.018,0.952
999500,0.060,0.032,0.908
1000000,0.056,0.022,0.922
