time,n_A+p,n_B,n_AB
500,0.030,0.851,0.119
1000,0.030,0.638,0.332
1500,0.030,0.675,0.295
2000,0.030,0.686,0.284
2500,0.030,0.622,0.348
3000,0.030,0.471,0.499
3500,0.030,0.510,0.460
4000,0.030,0.526,0.444
4500,0.030,0.512,0.458
5000,0.030,0.602,0.368
5500,0.030,0.600,0.370
6000,0.030,0.647,0.323
6500,0.030,0.644,0.326
7000,0.030,0.672,0.298
7500,0.030,0.463,0.507
8000,0.030,0.691,0.279
8500,0.030,0.629,0.341
9000,0.030,0.559,0.411
9500,0.030,0.507,0.463
10000,0.030,0.589,0.381
10500,0.030,0.560,0.410
11000,0.030,0.543,0.427
11500,0.030,0.543,0.427
12000,0.030,0.628,0.342
12500,0.030,0.611,0.359
13000,0.030,0.800,0.170
13500,0.030,0.652,0.318
14000,0.030,0.478,0.492
14500,0.030,0.618,0.352
15000,0.030,0.607,0.363
15500,0.030,0.766,0.204
16000,0.030,0.573,0.397
16500,0.030,0.658,0.312
17000,0.030,0.451,0.519
17500,0.030,0.485,0.485
18000,0.030,0.599,0.371
18500,0.030,0.557,0.413
19000,0.030,0.476,0.494
19500,0.030,0.634,0.336
20000,0.030,0.661,0.309
20500,0.030,0.627,0.343
21000,0.030,0.726,0.244
21500,0.030,0.548,0.422
22000,0.030,0.616,0.354
22500,0.030,0.670,0.300
23000,0.030,0.650,0.320
23500,0.030,0.634,0.336
24000,0.030,0.707,0.263
24500,0.030,0.548,0.422
25000,0.030,0.669,0.301
25500,0.030,0.459,0.511
26000,0.030,0.554,0.416
26500,0.030,0.676,0.294
27000,0.030,0.656,0.314
27500,0.030,0.682,0.288
28000,0.030,0.736,0.234
28500,0.030,0.694,0.276
29000,0.030,0.566,0.404
29500,0.030,0.693,0.277
30000,0.030,0.617,0.353
30500,0.030,0.648,0.322
31000,0.030,0.551,0.419
31500,0.030,0.717,0.253
32000,0.030,0.586,0.384
32500,0.030,0.572,0.398
33000,0.030,0.558,0.412
33500,0.030,0.636,0.334
34000,0.030,0.639,0.331
34500,0.030,0.590,0.380
35000,0.030,0.562,0.408
35500,0.030,0.523,0.447
36000,0.030,0.624,0.346
36500,0.030,0.781,0.189
37000,0.030,0.598,0.372
37500,0.030,0.537,0.433
38000,0.030,0.595,0.375
38500,0.030,0.669,0.301
39000,0.030,0.635,0.335
39500,0.030,0.629,0.341
40000,0.030,0.568,0.402
40500,0.030,0.556,0.414
41000,0.030,0.618,0.352
41500,0.030,0.495,0.475
42000,0.030,0.436,0.534
42500,0.030,0.636,0.334
43000,0.030,0.560,0.410
43500,0.030,0.611,0.359
44000,0.030,0.551,0.419
44500,0.030,0.436,0.534
45000,0.030,0.705,0.265
45500,0.030,0.632,0.338
46000,0.030,0.591,0.379
46500,0.030,0.644,0.326
47000,0.030,0.611,0.359
47500,0.030,0.555,0.415
48000,0.030,0.579,0.391
48500,0.030,0.409,0.561
49000,0.030,0.605,0.365
49500,0.030,0.721,0.249
50000,0.030,0.643,0.327
50500,0.030,0.593,0.377
51000,0.030,0.561,0.409
51500,0.030,0.549,0.421
52000,0.030,0.668,0.302
52500,0.030,0.721,0.249
53000,0.030,0.597,0.373
53500,0.030,0.563,0.407
54000,0.030,0.584,0.386
54500,0.030,0.641,0.329
55000,0.030,0.498,0.472
55500,0.030,0.464,0.506
56000,0.030,0.569,0.401
56500,0.030,0.554,0.416
57000,0.030,0.626,0.344
57500,0.030,0.514,0.456
58000,0.030,0.487,0.483
58500,0.030,0.542,0.428
59000,0.030,0.758,0.212
59500,0.030,0.722,0.248
60000,0.030,0.524,0.446
60500,0.030,0.654,0.316
61000,0.030,0.657,0.313
61500,0.030,0.557,0.413
62000,0.030,0.492,0.478
62500,0.030,0.468,0.502
63000,0.030,0.457,0.513
63500,0.030,0.566,0.404
64000,0.030,0.649,0.321
64500,0.030,0.635,0.335
65000,0.030,0.481,0.489
65500,0.030,0.588,0.382
66000,0.030,0.563,0.407
66500,0.030,0.554,0.416
67000,0.030,0.601,0.369
67500,0.030,0.591,0.379
68000,0.030,0.679,0.291
68500,0.030,0.713,0.257
69000,0.030,0.679,0.291
69500,0.030,0.549,0.421
70000,0.030,0.639,0.331
70500,0.030,0.409,0.561
71000,0.030,0.666,0.304
71500,0.030,0.639,0.331
72000,0.030,0.648,0.322
72500,0.030,0.536,0.434
73000,0.030,0.460,0.510
73500,0.030,0.554,0.416
74000,0.030,0.597,0.373
74500,0.030,0.634,0.336
75000,0.030,0.717,0.253
75500,0.030,0.571,0.399
76000,0.030,0.571,0.399
76500,0.030,0.628,0.342
77000,0.030,0.688,0.282
77500,0.030,0.640,0.330
78000,0.030,0.679,0.291
78500,0.030,0.568,0.402
79000,0.030,0.677,0.293
79500,0.030,0.743,0.227
80000,0.030,0.561,0.409
80500,0.030,0.509,0.461
81000,0.030,0.649,0.321
81500,0.030,0.695,0.275
82000,0.030,0.786,0.184
82500,0.030,0.556,0.414
83000,0.030,0.740,0.230
83500,0.030,0.539,0.431
84000,0.030,0.482,0.488
84500,0.030,0.547,0.423
85000,0.030,0.617,0.353
85500,0.030,0.732,0.238
86000,0.030,0.743,0.227
86500,0.030,0.679,0.291
87000,0.030,0.689,0.281
87500,0.030,0.630,0.340
88000,0.030,0.683,0.287
88500,0.030,0.716,0.254
89000,0.030,0.519,0.451
89500,0.030,0.608,0.362
90000,0.030,0.593,0.377
90500,0.030,0.607,0.363
91000,0.030,0.552,0.418
91500,0.030,0.612,0.358
92000,0.030,0.566,0.404
92500,0.030,0.682,0.288
93000,0.030,0.668,0.302
93500,0.030,0.635,0.335
94000,0.030,0.710,0.260
94500,0.030,0.605,0.365
95000,0.030,0.698,0.272
95500,0.030,0.641,0.329
96000,0.030,0.731,0.239
96500,0.030,0.555,0.415
97000,0.030,0.614,0.356
97500,0.030,0.605,0.365
98000,0.030,0.534,0.436
98500,0.030,0.638,0.332
99000,0.030,0.490,0.480
99500,0.030,0.653,0.317
100000,0.030,0.843,0.127
100500,0.030,0.702,0.268
101000,0.030,0.568,0.402
101500,0.030,0.649,0.321
102000,0.030,0.537,0.433
102500,0.030,0.372,0.598
103000,0.030,0.584,0.386
103500,0.030,0.580,0.390
104000,0.030,0.581,0.389
104500,0.030,0.493,0.477
105000,0.030,0.608,0.362
105500,0.030,0.571,0.399
106000,0.030,0.478,0.492
106500,0.030,0.440,0.530
107000,0.030,0.598,0.372
107500,0.030,0.538,0.432
108000,0.030,0.687,0.283
108500,0.030,0.479,0.491
109000,0.030,0.664,0.306
109500,0.030,0.646,0.324
110000,0.030,0.583,0.387
110500,0.030,0.498,0.472
111000,0.030,0.577,0.393
111500,0.030,0.645,0.325
112000,0.030,0.618,0.352
112500,0.030,0.671,0.299
113000,0.030,0.576,0.394
113500,0.030,0.533,0.437
114000,0.030,0.520,0.450
114500,0.030,0.489,0.481
115000,0.030,0.653,0.317
115500,0.030,0.593,0.377
116000,0.030,0.585,0.385
116500,0.030,0.778,0.192
117000,0.030,0.690,0.280
117500,0.030,0.713,0.257
118000,0.030,0.663,0.307
118500,0.030,0.579,0.391
119000,0.030,0.623,0.347
119500,0.030,0.596,0.374
120000,0.030,0.732,0.238
120500,0.030,0.701,0.269
121000,0.030,0.803,0.167
121500,0.030,0.768,0.202
122000,0.030,0.732,0.238
122500,0.030,0.625,0.345
123000,0.030,0.567,0.403
123500,0.030,0.616,0.354
124000,0.030,0.654,0.316
124500,0.030,0.595,0.375
125000,0.030,0.660,0.310
125500,0.030,0.550,0.420
126000,0.030,0.496,0.474
126500,0.030,0.650,0.320
127000,0.030,0.599,0.371
127500,0.030,0.605,0.365
128000,0.030,0.533,0.437
128500,0.030,0.597,0.373
129000,0.030,0.556,0.414
129500,0.030,0.630,0.340
130000,0.030,0.615,0.355
130500,0.030,0.608,0.362
131000,0.030,0.666,0.304
131500,0.030,0.519,0.451
132000,0.030,0.612,0.358
132500,0.030,0.692,0.278
133000,0.030,0.787,0.183
133500,0.030,0.757,0.213
134000,0.030,0.645,0.325
134500,0.030,0.608,0.362
135000,0.030,0.739,0.231
135500,0.030,0.673,0.297
136000,0.030,0.529,0.441
136500,0.030,0.629,0.341
137000,0.030,0.570,0.400
137500,0.030,0.445,0.525
138000,0.030,0.580,0.390
138500,0.030,0.416,0.554
139000,0.030,0.409,0.561
139500,0.030,0.593,0.377
140000,0.030,0.603,0.367
140500,0.030,0.482,0.488
141000,0.030,0.490,0.480
141500,0.030,0.525,0.445
142000,0.030,0.768,0.202
142500,0.030,0.581,0.389
143000,0.030,0.536,0.434
143500,0.030,0.561,0.409
144000,0.030,0.504,0.466
144500,0.030,0.627,0.343
145000,0.030,0.409,0.561
145500,0.030,0.721,0.249
146000,0.030,0.553,0.417
146500,0.030,0.505,0.465
147000,0.030,0.657,0.313
147500,0.030,0.695,0.275
148000,0.030,0.553,0.417
148500,0.030,0.594,0.376
149000,0.030,0.630,0.340
149500,0.030,0.603,0.367
150000,0.030,0.561,0.409
150500,0.030,0.459,0.511
151000,0.030,0.698,0.272
151500,0.030,0.656,0.314
152000,0.030,0.596,0.374
152500,0.030,0.498,0.472
153000,0.030,0.663,0.307
153500,0.030,0.575,0.395
154000,0.030,0.584,0.386
154500,0.030,0.683,0.287
155000,0.030,0.518,0.452
155500,0.030,0.621,0.349
156000,0.030,0.676,0.294
156500,0.030,0.450,0.520
157000,0.030,0.552,0.418
157500,0.030,0.605,0.365
158000,0.030,0.652,0.318
158500,0.030,0.653,0.317
159000,0.030,0.488,0.482
159500,0.030,0.740,0.230
160000,0.030,0.598,0.372
160500,0.030,0.600,0.370
161000,0.030,0.590,0.380
161500,0.030,0.661,0.309
162000,0.030,0.554,0.416
162500,0.030,0.602,0.368
163000,0.030,0.603,0.367
163500,0.030,0.453,0.517
164000,0.030,0.682,0.288
164500,0.030,0.766,0.204
165000,0.030,0.766,0.204
165500,0.030,0.693,0.277
166000,0.030,0.592,0.378
166500,0.030,0.643,0.327
167000,0.030,0.650,0.320
167500,0.030,0.578,0.392
168000,0.030,0.600,0.370
168500,0.030,0.615,0.355
169000,0.030,0.711,0.259
169500,0.030,0.804,0.166
170000,0.030,0.677,0.293
170500,0.030,0.761,0.209
171000,0.030,0.698,0.272
171500,0.030,0.650,0.320
172000,0.030,0.597,0.373
172500,0.030,0.381,0.589
173000,0.030,0.647,0.323
173500,0.030,0.748,0.222
174000,0.030,0.533,0.437
174500,0.030,0.536,0.434
175000,0.030,0.472,0.498
175500,0.030,0.567,0.403
176000,0.030,0.445,0.525
176500,0.030,0.552,0.418
177000,0.030,0.406,0.564
177500,0.030,0.585,0.385
178000,0.030,0.412,0.558
178500,0.030,0.670,0.300
179000,0.030,0.592,0.378
179500,0.030,0.610,0.360
180000,0.030,0.484,0.486
180500,0.030,0.613,0.357
181000,0.030,0.535,0.435
181500,0.030,0.600,0.370
182000,0.030,0.656,0.314
182500,0.030,0.573,0.397
183000,0.030,0.672,0.298
183500,0.030,0.607,0.363
184000,0.030,0.577,0.393
184500,0.030,0.662,0.308
185000,0.030,0.548,0.422
185500,0.030,0.644,0.326
186000,0.030,0.554,0.416
186500,0.030,0.822,0.148
187000,0.030,0.569,0.401
187500,0.030,0.479,0.491
188000,0.030,0.565,0.405
188500,0.030,0.449,0.521
189000,0.030,0.622,0.348
189500,0.030,0.666,0.304
190000,0.030,0.595,0.375
190500,0.030,0.602,0.368
191000,0.030,0.583,0.387
191500,0.030,0.569,0.401
192000,0.030,0.595,0.375
192500,0.030,0.598,0.372
193000,0.030,0.657,0.313
193500,0.030,0.646,0.324
194000,0.030,0.607,0.363
194500,0.030,0.503,0.467
195000,0.030,0.434,0.536
195500,0.030,0.434,0.536
196000,0.030,0.690,0.280
196500,0.030,0.569,0.401
197000,0.030,0.474,0.496
197500,0.030,0.621,0.349
198000,0.030,0.694,0.276
198500,0.030,0.560,0.410
199000,0.030,0.591,0.379
199500,0.030,0.655,0.315
200000,0.030,0.516,0.454
200500,0.030,0.704,0.266
201000,0.030,0.692,0.278
201500,0.030,0.774,0.196
202000,0.030,0.701,0.269
202500,0.030,0.585,0.385
203000,0.030,0.633,0.337
203500,0.030,0.630,0.340
204000,0.030,0.627,0.343
204500,0.030,0.578,0.392
205000,0.030,0.582,0.388
205500,0.030,0.624,0.346
206000,0.030,0.612,0.358
206500,0.030,0.599,0.371
207000,0.030,0.511,0.459
207500,0.030,0.513,0.457
208000,0.030,0.507,0.463
208500,0.030,0.756,0.214
209000,0.030,0.637,0.333
209500,0.030,0.428,0.542
210000,0.030,0.639,0.331
210500,0.030,0.714,0.256
211000,0.030,0.606,0.364
211500,0.030,0.567,0.403
212000,0.030,0.458,0.512
212500,0.030,0.567,0.403
213000,0.030,0.524,0.446
213500,0.030,0.673,0.297
214000,0.030,0.753,0.217
214500,0.030,0.483,0.487
215000,0.030,0.588,0.382
215500,0.030,0.555,0.415
216000,0.030,0.555,0.415
216500,0.030,0.593,0.377
217000,0.030,0.659,0.311
217500,0.030,0.611,0.359
218000,0.030,0.514,0.456
218500,0.030,0.709,0.261
219000,0.030,0.783,0.187
219500,0.030,0.670,0.300
220000,0.030,0.549,0.421
220500,0.030,0.606,0.364
221000,0.030,0.678,0.292
221500,0.030,0.601,0.369
222000,0.030,0.487,0.483
222500,0.030,0.658,0.312
223000,0.030,0.667,0.303
223500,0.030,0.484,0.486
224000,0.030,0.654,0.316
224500,0.030,0.593,0.377
225000,0.030,0.495,0.475
225500,0.030,0.563,0.407
226000,0.030,0.571,0.399
226500,0.030,0.606,0.364
227000,0.030,0.659,0.311
227500,0.030,0.681,0.289
228000,0.030,0.572,0.398
228500,0.030,0.533,0.437
229000,0.030,0.646,0.324
229500,0.030,0.534,0.436
230000,0.030,0.589,0.381
230500,0.030,0.531,0.439
231000,0.030,0.571,0.399
231500,0.030,0.591,0.379
232000,0.030,0.626,0.344
232500,0.030,0.692,0.278
233000,0.030,0.526,0.444
233500,0.030,0.732,0.238
234000,0.030,0.659,0.311
234500,0.030,0.540,0.430
235000,0.030,0.463,0.507
235500,0.030,0.571,0.399
236000,0.030,0.716,0.254
236500,0.030,0.696,0.274
237000,0.030,0.610,0.360
237500,0.030,0.600,0.370
238000,0.030,0.691,0.279
238500,0.030,0.563,0.407
239000,0.030,0.570,0.400
239500,0.030,0.593,0.377
240000,0.030,0.622,0.348
240500,0.030,0.555,0.415
241000,0.030,0.518,0.452
241500,0.030,0.612,0.358
242000,0.030,0.602,0.368
242500,0.030,0.552,0.418
243000,0.030,0.649,0.321
243500,0.030,0.682,0.288
244000,0.030,0.595,0.375
244500,0.030,0.581,0.389
245000,0.030,0.556,0.414
245500,0.030,0.678,0.292
246000,0.030,0.573,0.397
246500,0.030,0.599,0.371
247000,0.030,0.723,0.247
247500,0.030,0.610,0.360
248000,0.030,0.647,0.323
248500,0.030,0.583,0.387
249000,0.030,0.719,0.251
249500,0.030,0.467,0.503
250000,0.030,0.470,0.500
250500,0.030,0.436,0.534
251000,0.030,0.589,0.381
251500,0.030,0.705,0.265
252000,0.030,0.520,0.450
252500,0.030,0.661,0.309
253000,0.030,0.664,0.306
253500,0.030,0.560,0.410
254000,0.030,0.649,0.321
254500,0.030,0.584,0.386
255000,0.030,0.514,0.456
255500,0.030,0.516,0.454
256000,0.030,0.493,0.477
256500,0.030,0.438,0.532
257000,0.030,0.585,0.385
257500,0.030,0.578,0.392
258000,0.030,0.536,0.434
258500,0.030,0.590,0.380
259000,0.030,0.616,0.354
259500,0.030,0.577,0.393
260000,0.030,0.609,0.361
260500,0.030,0.528,0.442
261000,0.030,0.646,0.324
261500,0.030,0.589,0.381
262000,0.030,0.548,0.422
262500,0.030,0.618,0.352
263000,0.030,0.505,0.465
263500,0.030,0.790,0.180
264000,0.030,0.565,0.405
264500,0.030,0.678,0.292
265000,0.030,0.549,0.421
265500,0.030,0.566,0.404
266000,0.030,0.570,0.400
266500,0.030,0.478,0.492
267000,0.030,0.638,0.332
267500,0.030,0.705,0.265
268000,0.030,0.587,0.383
268500,0.030,0.604,0.366
269000,0.030,0.624,0.346
269500,0.030,0.580,0.390
270000,0.030,0.540,0.430
270500,0.030,0.704,0.266
271000,0.030,0.668,0.302
271500,0.030,0.659,0.311
272000,0.030,0.534,0.436
272500,0.030,0.679,0.291
273000,0.030,0.572,0.398
273500,0.030,0.482,0.488
274000,0.030,0.584,0.386
274500,0.030,0.642,0.328
275000,0.030,0.571,0.399
275500,0.030,0.447,0.523
276000,0.030,0.540,0.430
276500,0.030,0.683,0.287
277000,0.030,0.490,0.480
277500,0.030,0.504,0.466
278000,0.030,0.561,0.409
278500,0.030,0.629,0.341
279000,0.030,0.544,0.426
279500,0.030,0.562,0.408
280000,0.030,0.571,0.399
280500,0.030,0.511,0.459
281000,0.030,0.560,0.410
281500,0.030,0.718,0.252
282000,0.030,0.769,0.201
282500,0.030,0.691,0.279
283000,0.030,0.602,0.368
283500,0.030,0.627,0.343
284000,0.030,0.750,0.220
284500,0.030,0.630,0.340
285000,0.030,0.531,0.439
285500,0.030,0.482,0.488
286000,0.030,0.556,0.414
286500,0.030,0.579,0.391
287000,0.030,0.575,0.395
287500,0.030,0.624,0.346
288000,0.030,0.658,0.312
288500,0.030,0.768,0.202
289000,0.030,0.526,0.444
289500,0.030,0.533,0.437
290000,0.030,0.427,0.543
290500,0.030,0.532,0.438
291000,0.030,0.531,0.439
291500,0.030,0.578,0.392
292000,0.030,0.484,0.486
292500,0.030,0.515,0.455
293000,0.030,0.484,0.486
293500,0.030,0.457,0.513
294000,0.030,0.566,0.404
294500,0.030,0.561,0.409
295000,0.030,0.707,0.263
295500,0.030,0.665,0.305
296000,0.030,0.737,0.233
296500,0.030,0.686,0.284
297000,0.030,0.616,0.354
297500,0.030,0.568,0.402
298000,0.030,0.384,0.586
298500,0.030,0.524,0.446
299000,0.030,0.441,0.529
299500,0.030,0.757,0.213
300000,0.030,0.634,0.336
300500,0.030,0.475,0.495
301000,0.030,0.522,0.448
301500,0.030,0.629,0.341
302000,0.030,0.610,0.360
302500,0.030,0.568,0.402
303000,0.030,0.545,0.425
303500,0.030,0.542,0.428
304000,0.030,0.558,0.412
304500,0.030,0.611,0.359
305000,0.030,0.669,0.301
305500,0.030,0.709,0.261
306000,0.030,0.789,0.181
306500,0.030,0.589,0.381
307000,0.030,0.449,0.521
307500,0.030,0.611,0.359
308000,0.030,0.794,0.176
308500,0.030,0.637,0.333
309000,0.030,0.616,0.354
309500,0.030,0.521,0.449
310000,0.030,0.641,0.329
310500,0.030,0.557,0.413
311000,0.030,0.536,0.434
311500,0.030,0.524,0.446
312000,0.030,0.421,0.549
312500,0.030,0.569,0.401
313000,0.030,0.616,0.354
313500,0.030,0.649,0.321
314000,0.030,0.456,0.514
314500,0.030,0.495,0.475
315000,0.030,0.629,0.341
315500,0.030,0.586,0.384
316000,0.030,0.619,0.351
316500,0.030,0.718,0.252
317000,0.030,0.608,0.362
317500,0.030,0.652,0.318
318000,0.030,0.578,0.392
318500,0.030,0.532,0.438
319000,0.030,0.521,0.449
319500,0.030,0.599,0.371
320000,0.030,0.559,0.411
320500,0.030,0.589,0.381
321000,0.030,0.626,0.344
321500,0.030,0.660,0.310
322000,0.030,0.457,0.513
322500,0.030,0.631,0.339
323000,0.030,0.558,0.412
323500,0.030,0.780,0.190
324000,0.030,0.601,0.369
324500,0.030,0.582,0.388
325000,0.030,0.669,0.301
325500,0.030,0.493,0.477
326000,0.030,0.521,0.449
326500,0.030,0.634,0.336
327000,0.030,0.582,0.388
327500,0.030,0.570,0.400
328000,0.030,0.575,0.395
328500,0.030,0.668,0.302
329000,0.030,0.621,0.349
329500,0.030,0.644,0.326
330000,0.030,0.549,0.421
330500,0.030,0.665,0.305
331000,0.030,0.454,0.516
331500,0.030,0.598,0.372
332000,0.030,0.625,0.345
332500,0.030,0.650,0.320
333000,0.030,0.605,0.365
333500,0.030,0.575,0.395
334000,0.030,0.566,0.404
334500,0.030,0.609,0.361
335000,0.030,0.457,0.513
335500,0.030,0.573,0.397
336000,0.030,0.514,0.456
336500,0.030,0.602,0.368
337000,0.030,0.635,0.335
337500,0.030,0.733,0.237
338000,0.030,0.653,0.317
338500,0.030,0.498,0.472
339000,0.030,0.482,0.488
339500,0.030,0.507,0.463
340000,0.030,0.600,0.370
340500,0.030,0.718,0.252
341000,0.030,0.610,0.360
341500,0.030,0.447,0.523
342000,0.030,0.581,0.389
342500,0.030,0.550,0.420
343000,0.030,0.724,0.246
343500,0.030,0.668,0.302
344000,0.030,0.651,0.319
344500,0.030,0.616,0.354
345000,0.030,0.501,0.469
345500,0.030,0.709,0.261
346000,0.030,0.734,0.236
346500,0.030,0.662,0.308
347000,0.030,0.717,0.253
347500,0.030,0.641,0.329
348000,0.030,0.592,0.378
348500,0.030,0.501,0.469
349000,0.030,0.475,0.495
349500,0.030,0.655,0.315
350000,0.030,0.543,0.427
350500,0.030,0.559,0.411
351000,0.030,0.586,0.384
351500,0.030,0.511,0.459
352000,0.030,0.604,0.366
352500,0.030,0.768,0.202
353000,0.030,0.666,0.304
353500,0.030,0.424,0.546
354000,0.030,0.711,0.259
354500,0.030,0.590,0.380
355000,0.030,0.646,0.324
355500,0.030,0.546,0.424
356000,0.030,0.563,0.407
356500,0.030,0.665,0.305
357000,0.030,0.547,0.423
357500,0.030,0.647,0.323
358000,0.030,0.550,0.420
358500,0.030,0.515,0.455
359000,0.030,0.558,0.412
359500,0.030,0.629,0.341
360000,0.030,0.646,0.324
360500,0.030,0.579,0.391
361000,0.030,0.660,0.310
361500,0.030,0.619,0.351
362000,0.030,0.596,0.374
362500,0.030,0.523,0.447
363000,0.030,0.509,0.461
363500,0.030,0.628,0.342
364000,0.030,0.628,0.342
364500,0.030,0.564,0.406
365000,0.030,0.423,0.547
365500,0.030,0.532,0.438
366000,0.030,0.492,0.478
366500,0.030,0.465,0.505
367000,0.030,0.642,0.328
367500,0.030,0.619,0.351
368000,0.030,0.603,0.367
368500,0.030,0.506,0.464
369000,0.030,0.543,0.427
369500,0.030,0.531,0.439
370000,0.030,0.508,0.462
370500,0.030,0.500,0.470
371000,0.030,0.563,0.407
371500,0.030,0.633,0.337
372000,0.030,0.585,0.385
372500,0.030,0.643,0.327
373000,0.030,0.577,0.393
373500,0.030,0.520,0.450
374000,0.030,0.478,0.492
374500,0.030,0.513,0.457
375000,0.030,0.582,0.388
375500,0.030,0.712,0.258
376000,0.030,0.651,0.319
376500,0.030,0.697,0.273
377000,0.030,0.643,0.327
377500,0.030,0.691,0.279
378000,0.030,0.476,0.494
378500,0.030,0.564,0.406
379000,0.030,0.593,0.377
379500,0.030,0.651,0.319
380000,0.030,0.741,0.229
380500,0.030,0.561,0.409
381000,0.030,0.546,0.424
381500,0.030,0.663,0.307
382000,0.030,0.557,0.413
382500,0.030,0.671,0.299
383000,0.030,0.642,0.328
383500,0.030,0.699,0.271
384000,0.030,0.615,0.355
384500,0.030,0.651,0.319
385000,0.030,0.460,0.510
385500,0.030,0.594,0.376
386000,0.030,0.587,0.383
386500,0.030,0.660,0.310
387000,0.030,0.610,0.360
387500,0.030,0.531,0.439
388000,0.030,0.603,0.367
388500,0.030,0.506,0.464
389000,0.030,0.653,0.317
389500,0.030,0.577,0.393
390000,0.030,0.530,0.440
390500,0.030,0.503,0.467
391000,0.030,0.572,0.398
391500,0.030,0.610,0.360
392000,0.030,0.584,0.386
392500,0.030,0.641,0.329
393000,0.030,0.634,0.336
393500,0.030,0.628,0.342
394000,0.030,0.665,0.305
394500,0.030,0.556,0.414
395000,0.030,0.642,0.328
395500,0.030,0.477,0.493
396000,0.030,0.502,0.468
396500,0.030,0.431,0.539
397000,0.030,0.707,0.263
397500,0.030,0.498,0.472
398000,0.030,0.538,0.432
398500,0.030,0.710,0.260
399000,0.030,0.612,0.358
399500,0.030,0.647,0.323
400000,0.030,0.597,0.373
400500,0.030,0.472,0.498
401000,0.030,0.498,0.472
401500,0.030,0.403,0.567
402000,0.030,0.563,0.407
402500,0.030,0.502,0.468
403000,0.030,0.498,0.472
403500,0.030,0.602,0.368
404000,0.030,0.665,0.305
404500,0.030,0.686,0.284
405000,0.030,0.586,0.384
405500,0.030,0.586,0.384
406000,0.030,0.520,0.450
406500,0.030,0.545,0.425
407000,0.030,0.606,0.364
407500,0.030,0.449,0.521
408000,0.030,0.612,0.358
408500,0.030,0.550,0.420
409000,0.030,0.713,0.257
409500,0.030,0.684,0.286
410000,0.030,0.710,0.260
410500,0.030,0.605,0.365
411000,0.030,0.654,0.316
411500,0.030,0.623,0.347
412000,0.030,0.547,0.423
412500,0.030,0.501,0.469
413000,0.030,0.515,0.455
413500,0.030,0.540,0.430
414000,0.030,0.591,0.379
414500,0.030,0.601,0.369
415000,0.030,0.526,0.444
415500,0.030,0.623,0.347
416000,0.030,0.516,0.454
416500,0.030,0.614,0.356
417000,0.030,0.467,0.503
417500,0.030,0.378,0.592
418000,0.030,0.542,0.428
418500,0.030,0.729,0.241
419000,0.030,0.636,0.334
419500,0.030,0.642,0.328
420000,0.030,0.680,0.290
420500,0.030,0.603,0.367
421000,0.030,0.553,0.417
421500,0.030,0.576,0.394
422000,0.030,0.595,0.375
422500,0.030,0.688,0.282
423000,0.030,0.515,0.455
423500,0.030,0.524,0.446
424000,0.030,0.588,0.382
424500,0.030,0.478,0.492
425000,0.030,0.617,0.353
425500,0.030,0.611,0.359
426000,0.030,0.678,0.292
426500,0.030,0.498,0.472
427000,0.030,0.598,0.372
427500,0.030,0.531,0.439
428000,0.030,0.652,0.318
428500,0.030,0.668,0.302
429000,0.030,0.715,0.255
429500,0.030,0.577,0.393
430000,0.030,0.533,0.437
430500,0.030,0.576,0.394
431000,0.030,0.524,0.446
431500,0.030,0.647,0.323
432000,0.030,0.517,0.453
432500,0.030,0.660,0.310
433000,0.030,0.616,0.354
433500,0.030,0.572,0.398
434000,0.030,0.644,0.326
434500,0.030,0.558,0.412
435000,0.030,0.517,0.453
435500,0.030,0.531,0.439
436000,0.030,0.475,0.495
436500,0.030,0.703,0.267
437000,0.030,0.664,0.306
437500,0.030,0.631,0.339
438000,0.030,0.498,0.472
438500,0.030,0.455,0.515
439000,0.030,0.562,0.408
439500,0.030,0.510,0.460
440000,0.030,0.726,0.244
440500,0.030,0.579,0.391
441000,0.030,0.532,0.438
441500,0.030,0.684,0.286
442000,0.030,0.581,0.389
442500,0.030,0.561,0.409
443000,0.030,0.560,0.410
443500,0.030,0.616,0.354
444000,0.030,0.742,0.228
444500,0.030,0.741,0.229
445000,0.030,0.703,0.267
445500,0.030,0.615,0.355
446000,0.030,0.518,0.452
446500,0.030,0.465,0.505
447000,0.030,0.643,0.327
447500,0.030,0.617,0.353
448000,0.030,0.492,0.478
448500,0.030,0.677,0.293
449000,0.030,0.494,0.476
449500,0.030,0.744,0.226
450000,0.030,0.718,0.252
450500,0.030,0.651,0.319
451000,0.030,0.658,0.312
451500,0.030,0.549,0.421
452000,0.030,0.634,0.336
452500,0.030,0.642,0.328
453000,0.030,0.643,0.327
453500,0.030,0.573,0.397
454000,0.030,0.544,0.426
454500,0.030,0.493,0.477
455000,0.030,0.638,0.332
455500,0.030,0.519,0.451
456000,0.030,0.536,0.434
456500,0.030,0.567,0.403
457000,0.030,0.657,0.313
457500,0.030,0.630,0.340
458000,0.030,0.552,0.418
458500,0.030,0.599,0.371
459000,0.030,0.558,0.412
459500,0.030,0.488,0.482
460000,0.030,0.607,0.363
460500,0.030,0.553,0.417
461000,0.030,0.687,0.283
461500,0.030,0.542,0.428
462000,0.030,0.605,0.365
462500,0.030,0.547,0.423
463000,0.030,0.600,0.370
463500,0.030,0.486,0.484
464000,0.030,0.554,0.416
464500,0.030,0.415,0.555
465000,0.030,0.543,0.427
465500,0.030,0.597,0.373
466000,0.030,0.557,0.413
466500,0.030,0.542,0.428
467000,0.030,0.494,0.476
467500,0.030,0.645,0.325
468000,0.030,0.582,0.388
468500,0.030,0.558,0.412
469000,0.030,0.503,0.467
469500,0.030,0.707,0.263
470000,0.030,0.635,0.335
470500,0.030,0.652,0.318
471000,0.030,0.637,0.333
471500,0.030,0.627,0.343
472000,0.030,0.621,0.349
472500,0.030,0.533,0.437
473000,0.030,0.742,0.228
473500,0.030,0.546,0.424
474000,0.030,0.474,0.496
474500,0.030,0.522,0.448
475000,0.030,0.705,0.265
475500,0.030,0.488,0.482
476000,0.030,0.553,0.417
476500,0.030,0.519,0.451
477000,0.030,0.603,0.367
477500,0.030,0.690,0.280
478000,0.030,0.585,0.385
478500,0.030,0.453,0.517
479000,0.030,0.557,0.413
479500,0.030,0.586,0.384
480000,0.030,0.542,0.428
480500,0.030,0.722,0.248
481000,0.030,0.557,0.413
481500,0.030,0.517,0.453
482000,0.030,0.459,0.511
482500,0.030,0.604,0.366
483000,0.030,0.418,0.552
483500,0.030,0.571,0.399
484000,0.030,0.558,0.412
484500,0.030,0.602,0.368
485000,0.030,0.537,0.433
485500,0.030,0.500,0.470
486000,0.030,0.682,0.288
486500,0.030,0.649,0.321
487000,0.030,0.659,0.311
487500,0.030,0.546,0.424
488000,0.030,0.610,0.360
488500,0.030,0.554,0.416
489000,0.030,0.704,0.266
489500,0.030,0.779,0.191
490000,0.030,0.609,0.361
490500,0.030,0.728,0.242
491000,0.030,0.684,0.286
491500,0.030,0.551,0.419
492000,0.030,0.654,0.316
492500,0.030,0.513,0.457
493000,0.030,0.608,0.362
493500,0.030,0.389,0.581
494000,0.030,0.571,0.399
494500,0.030,0.578,0.392
495000,0.030,0.626,0.344
495500,0.030,0.668,0.302
496000,0.030,0.588,0.382
496500,0.030,0.656,0.314
497000,0.030,0.652,0.318
497500,0.030,0.554,0.416
498000,0.030,0.525,0.445
498500,0.030,0.695,0.275
499000,0.030,0.599,0.371
499500,0.030,0.558,0.412
500000,0.030,0.609,0.361
500500,0.030,0.498,0.472
501000,0.030,0.511,0.459
501500,0.030,0.629,0.341
502000,0.030,0.619,0.351
502500,0.030,0.617,0.353
503000,0.030,0.573,0.397
503500,0.030,0.568,0.402
504000,0.030,0.683,0.287
504500,0.030,0.618,0.352
505000,0.030,0.518,0.452
505500,0.030,0.552,0.418
506000,0.030,0.649,0.321
506500,0.030,0.779,0.191
507000,0.030,0.630,0.340
507500,0.030,0.594,0.376
508000,0.030,0.647,0.323
508500,0.030,0.721,0.249
509000,0.030,0.583,0.387
509500,0.030,0.676,0.294
510000,0.030,0.630,0.340
510500,0.030,0.680,0.290
511000,0.030,0.572,0.398
511500,0.030,0.527,0.443
512000,0.030,0.429,0.541
512500,0.030,0.650,0.320
513000,0.030,0.571,0.399
513500,0.030,0.613,0.357
514000,0.030,0.526,0.444
514500,0.030,0.613,0.357
515000,0.030,0.541,0.429
515500,0.030,0.489,0.481
516000,0.030,0.540,0.430
516500,0.030,0.685,0.285
517000,0.030,0.693,0.277
517500,0.030,0.820,0.150
518000,0.030,0.605,0.365
518500,0.030,0.685,0.285
519000,0.030,0.651,0.319
519500,0.030,0.654,0.316
520000,0.030,0.559,0.411
520500,0.030,0.699,0.271
521000,0.030,0.624,0.346
521500,0.030,0.550,0.420
522000,0.030,0.591,0.379
522500,0.030,0.652,0.318
523000,0.030,0.716,0.254
523500,0.030,0.602,0.368
524000,0.030,0.616,0.354
524500,0.030,0.611,0.359
525000,0.030,0.552,0.418
525500,0.030,0.722,0.248
526000,0.030,0.693,0.277
526500,0.030,0.621,0.349
527000,0.030,0.560,0.410
527500,0.030,0.528,0.442
528000,0.030,0.567,0.403
528500,0.030,0.683,0.287
529000,0.030,0.791,0.179
529500,0.030,0.701,0.269
530000,0.030,0.675,0.295
530500,0.030,0.698,0.272
531000,0.030,0.567,0.403
531500,0.030,0.638,0.332
532000,0.030,0.658,0.312
532500,0.030,0.719,0.251
533000,0.030,0.617,0.353
533500,0.030,0.735,0.235
534000,0.030,0.538,0.432
534500,0.030,0.547,0.423
535000,0.030,0.532,0.438
535500,0.030,0.658,0.312
536000,0.030,0.735,0.235
536500,0.030,0.605,0.365
537000,0.030,0.530,0.440
537500,0.030,0.628,0.342
538000,0.030,0.472,0.498
538500,0.030,0.564,0.406
539000,0.030,0.572,0.398
539500,0.030,0.526,0.444
540000,0.030,0.625,0.345
540500,0.030,0.622,0.348
541000,0.030,0.696,0.274
541500,0.030,0.610,0.360
542000,0.030,0.564,0.406
542500,0.030,0.509,0.461
543000,0.030,0.534,0.436
543500,0.030,0.482,0.488
544000,0.030,0.615,0.355
544500,0.030,0.607,0.363
545000,0.030,0.638,0.332
545500,0.030,0.655,0.315
546000,0.030,0.574,0.396
546500,0.030,0.738,0.232
547000,0.030,0.432,0.538
547500,0.030,0.475,0.495
548000,0.030,0.561,0.409
548500,0.030,0.631,0.339
549000,0.030,0.619,0.351
549500,0.030,0.577,0.393
550000,0.030,0.473,0.497
550500,0.030,0.589,0.381
551000,0.030,0.542,0.428
551500,0.030,0.513,0.457
552000,0.030,0.574,0.396
552500,0.030,0.659,0.311
553000,0.030,0.683,0.287
553500,0.030,0.675,0.295
554000,0.030,0.542,0.428
554500,0.030,0.543,0.427
555000,0.030,0.647,0.323
555500,0.030,0.506,0.464
556000,0.030,0.771,0.199
556500,0.030,0.619,0.351
557000,0.030,0.635,0.335
557500,0.030,0.528,0.442
558000,0.030,0.588,0.382
558500,0.030,0.557,0.413
559000,0.030,0.592,0.378
559500,0.030,0.510,0.460
560000,0.030,0.670,0.300
560500,0.030,0.726,0.244
561000,0.030,0.764,0.206
561500,0.030,0.636,0.334
562000,0.030,0.633,0.337
562500,0.030,0.744,0.226
563000,0.030,0.585,0.385
563500,0.030,0.721,0.249
564000,0.030,0.361,0.609
564500,0.030,0.603,0.367
565000,0.030,0.558,0.412
565500,0.030,0.578,0.392
566000,0.030,0.545,0.425
566500,0.030,0.642,0.328
567000,0.030,0.616,0.354
567500,0.030,0.507,0.463
568000,0.030,0.461,0.509
568500,0.030,0.535,0.435
569000,0.030,0.693,0.277
569500,0.030,0.804,0.166
570000,0.030,0.483,0.487
570500,0.030,0.408,0.562
571000,0.030,0.664,0.306
571500,0.030,0.594,0.376
572000,0.030,0.580,0.390
572500,0.030,0.710,0.260
573000,0.030,0.603,0.367
573500,0.030,0.585,0.385
574000,0.030,0.744,0.226
574500,0.030,0.668,0.302
575000,0.030,0.584,0.386
575500,0.030,0.524,0.446
576000,0.030,0.593,0.377
576500,0.030,0.624,0.346
577000,0.030,0.566,0.404
577500,0.030,0.713,0.257
578000,0.030,0.651,0.319
578500,0.030,0.584,0.386
579000,0.030,0.551,0.419
579500,0.030,0.569,0.401
580000,0.030,0.606,0.364
580500,0.030,0.552,0.418
581000,0.030,0.595,0.375
581500,0.030,0.724,0.246
582000,0.030,0.579,0.391
582500,0.030,0.515,0.455
583000,0.030,0.580,0.390
583500,0.030,0.613,0.357
584000,0.030,0.560,0.410
584500,0.030,0.596,0.374
585000,0.030,0.499,0.471
585500,0.030,0.561,0.409
586000,0.030,0.663,0.307
586500,0.030,0.554,0.416
587000,0.030,0.558,0.412
587500,0.030,0.578,0.392
588000,0.030,0.607,0.363
588500,0.030,0.543,0.427
589000,0.030,0.602,0.368
589500,0.030,0.633,0.337
590000,0.030,0.605,0.365
590500,0.030,0.513,0.457
591000,0.030,0.640,0.330
591500,0.030,0.673,0.297
592000,0.030,0.659,0.311
592500,0.030,0.597,0.373
593000,0.030,0.648,0.322
593500,0.030,0.509,0.461
594000,0.030,0.551,0.419
594500,0.030,0.608,0.362
595000,0.030,0.667,0.303
595500,0.030,0.680,0.290
596000,0.030,0.765,0.205
596500,0.030,0.727,0.243
597000,0.030,0.568,0.402
597500,0.030,0.454,0.516
598000,0.030,0.601,0.369
598500,0.030,0.553,0.417
599000,0.030,0.670,0.300
599500,0.030,0.720,0.250
600000,0.030,0.668,0.302
600500,0.030,0.592,0.378
601000,0.030,0.593,0.377
601500,0.030,0.598,0.372
602000,0.030,0.748,0.222
602500,0.030,0.616,0.354
603000,0.030,0.532,0.438
603500,0.030,0.547,0.423
604000,0.030,0.683,0.287
604500,0.030,0.681,0.289
605000,0.030,0.587,0.383
605500,0.030,0.545,0.425
606000,0.030,0.432,0.538
606500,0.030,0.511,0.459
607000,0.030,0.573,0.397
607500,0.030,0.569,0.401
608000,0.030,0.594,0.376
608500,0.030,0.669,0.301
609000,0.030,0.667,0.303
609500,0.030,0.648,0.322
610000,0.030,0.721,0.249
610500,0.030,0.546,0.424
611000,0.030,0.640,0.330
611500,0.030,0.635,0.335
612000,0.030,0.615,0.355
612500,0.030,0.565,0.405
613000,0.030,0.533,0.437
613500,0.030,0.481,0.489
614000,0.030,0.546,0.424
614500,0.030,0.629,0.341
615000,0.030,0.552,0.418
615500,0.030,0.645,0.325
616000,0.030,0.660,0.310
616500,0.030,0.635,0.335
617000,0.030,0.576,0.394
617500,0.030,0.626,0.344
618000,0.030,0.703,0.267
618500,0.030,0.584,0.386
619000,0.030,0.665,0.305
619500,0.030,0.674,0.296
620000,0.030,0.495,0.475
620500,0.030,0.450,0.520
621000,0.030,0.488,0.482
621500,0.030,0.613,0.357
622000,0.030,0.772,0.198
622500,0.030,0.620,0.350
623000,0.030,0.532,0.438
623500,0.030,0.651,0.319
624000,0.030,0.624,0.346
624500,0.030,0.508,0.462
625000,0.030,0.495,0.475
625500,0.030,0.639,0.331
626000,0.030,0.678,0.292
626500,0.030,0.638,0.332
627000,0.030,0.616,0.354
627500,0.030,0.584,0.386
628000,0.030,0.621,0.349
628500,0.030,0.638,0.332
629000,0.030,0.519,0.451
629500,0.030,0.554,0.416
630000,0.030,0.479,0.491
630500,0.030,0.558,0.412
631000,0.030,0.599,0.371
631500,0.030,0.586,0.384
632000,0.030,0.528,0.442
632500,0.030,0.520,0.450
633000,0.030,0.626,0.344
633500,0.030,0.443,0.527
634000,0.030,0.467,0.503
634500,0.030,0.552,0.418
635000,0.030,0.577,0.393
635500,0.030,0.536,0.434
636000,0.030,0.660,0.310
636500,0.030,0.601,0.369
637000,0.030,0.810,0.160
637500,0.030,0.662,0.308
638000,0.030,0.702,0.268
638500,0.030,0.615,0.355
639000,0.030,0.543,0.427
639500,0.030,0.662,0.308
640000,0.030,0.575,0.395
640500,0.030,0.624,0.346
641000,0.030,0.646,0.324
641500,0.030,0.634,0.336
642000,0.030,0.528,0.442
642500,0.030,0.616,0.354
643000,0.030,0.717,0.253
643500,0.030,0.712,0.258
644000,0.030,0.578,0.392
644500,0.030,0.443,0.527
645000,0.030,0.605,0.365
645500,0.030,0.607,0.363
646000,0.030,0.629,0.341
646500,0.030,0.431,0.539
647000,0.030,0.685,0.285
647500,0.030,0.602,0.368
648000,0.030,0.647,0.323
648500,0.030,0.728,0.242
649000,0.030,0.665,0.305
649500,0.030,0.659,0.311
650000,0.030,0.608,0.362
650500,0.030,0.468,0.502
651000,0.030,0.661,0.309
651500,0.030,0.595,0.375
652000,0.030,0.553,0.417
652500,0.030,0.614,0.356
653000,0.030,0.647,0.323
653500,0.030,0.562,0.408
654000,0.030,0.560,0.410
654500,0.030,0.619,0.351
655000,0.030,0.446,0.524
655500,0.030,0.473,0.497
656000,0.030,0.548,0.422
656500,0.030,0.516,0.454
657000,0.030,0.501,0.469
657500,0.030,0.502,0.468
658000,0.030,0.565,0.405
658500,0.030,0.592,0.378
659000,0.030,0.560,0.410
659500,0.030,0.609,0.361
660000,0.030,0.646,0.324
660500,0.030,0.676,0.294
661000,0.030,0.615,0.355
661500,0.030,0.553,0.417
662000,0.030,0.618,0.352
662500,0.030,0.668,0.302
663000,0.030,0.582,0.388
663500,0.030,0.625,0.345
664000,0.030,0.597,0.373
664500,0.030,0.548,0.422
665000,0.030,0.427,0.543
665500,0.030,0.501,0.469
666000,0.030,0.528,0.442
666500,0.030,0.572,0.398
667000,0.030,0.774,0.196
667500,0.030,0.736,0.234
668000,0.030,0.549,0.421
668500,0.030,0.545,0.425
669000,0.030,0.649,0.321
669500,0.030,0.455,0.515
670000,0.030,0.487,0.483
670500,0.030,0.529,0.441
671000,0.030,0.685,0.285
671500,0.030,0.735,0.235
672000,0.030,0.591,0.379
672500,0.030,0.590,0.380
673000,0.030,0.668,0.302
673500,0.030,0.656,0.314
674000,0.030,0.599,0.371
674500,0.030,0.678,0.292
675000,0.030,0.554,0.416
675500,0.030,0.457,0.513
676000,0.030,0.628,0.342
676500,0.030,0.638,0.332
677000,0.030,0.702,0.268
677500,0.030,0.672,0.298
678000,0.030,0.545,0.425
678500,0.030,0.496,0.474
679000,0.030,0.643,0.327
679500,0.030,0.632,0.338
680000,0.030,0.624,0.346
680500,0.030,0.534,0.436
681000,0.030,0.488,0.482
681500,0.030,0.628,0.342
682000,0.030,0.558,0.412
682500,0.030,0.601,0.369
683000,0.030,0.707,0.263
683500,0.030,0.528,0.442
684000,0.030,0.481,0.489
684500,0.030,0.697,0.273
685000,0.030,0.669,0.301
685500,0.030,0.642,0.328
686000,0.030,0.579,0.391
686500,0.030,0.466,0.504
687000,0.030,0.575,0.395
687500,0.030,0.589,0.381
688000,0.030,0.567,0.403
688500,0.030,0.557,0.413
689000,0.030,0.635,0.335
689500,0.030,0.673,0.297
690000,0.030,0.730,0.240
690500,0.030,0.622,0.348
691000,0.030,0.676,0.294
691500,0.030,0.653,0.317
692000,0.030,0.634,0.336
692500,0.030,0.591,0.379
693000,0.030,0.551,0.419
693500,0.030,0.618,0.352
694000,0.030,0.582,0.388
694500,0.030,0.656,0.314
695000,0.030,0.511,0.459
695500,0.030,0.518,0.452
696000,0.030,0.414,0.556
696500,0.030,0.699,0.271
697000,0.030,0.577,0.393
697500,0.030,0.563,0.407
698000,0.030,0.626,0.344
698500,0.030,0.703,0.267
699000,0.030,0.558,0.412
699500,0.030,0.580,0.390
700000,0.030,0.596,0.374
700500,0.030,0.429,0.541
701000,0.030,0.619,0.351
701500,0.030,0.661,0.309
702000,0.030,0.417,0.553
702500,0.030,0.573,0.397
703000,0.030,0.551,0.419
703500,0.030,0.694,0.276
704000,0.030,0.611,0.359
704500,0.030,0.533,0.437
705000,0.030,0.600,0.370
705500,0.030,0.598,0.372
706000,0.030,0.616,0.354
706500,0.030,0.565,0.405
707000,0.030,0.714,0.256
707500,0.030,0.483,0.487
708000,0.030,0.544,0.426
708500,0.030,0.539,0.431
709000,0.030,0.632,0.338
709500,0.030,0.579,0.391
710000,0.030,0.656,0.314
710500,0.030,0.608,0.362
711000,0.030,0.692,0.278
711500,0.030,0.507,0.463
712000,0.030,0.612,0.358
712500,0.030,0.614,0.356
713000,0.030,0.680,0.290
713500,0.030,0.442,0.528
714000,0.030,0.540,0.430
714500,0.030,0.602,0.368
715000,0.030,0.475,0.495
715500,0.030,0.658,0.312
716000,0.030,0.655,0.315
716500,0.030,0.629,0.341
717000,0.030,0.560,0.410
717500,0.030,0.493,0.477
718000,0.030,0.556,0.414
718500,0.030,0.571,0.399
719000,0.030,0.398,0.572
719500,0.030,0.593,0.377
720000,0.030,0.500,0.470
720500,0.030,0.569,0.401
721000,0.030,0.693,0.277
721500,0.030,0.720,0.250
722000,0.030,0.734,0.236
722500,0.030,0.720,0.250
723000,0.030,0.777,0.193
723500,0.030,0.610,0.360
724000,0.030,0.631,0.339
724500,0.030,0.411,0.559
725000,0.030,0.507,0.463
725500,0.030,0.573,0.397
726000,0.030,0.503,0.467
726500,0.030,0.369,0.601
727000,0.030,0.479,0.491
727500,0.030,0.601,0.369
728000,0.030,0.571,0.399
728500,0.030,0.555,0.415
729000,0.030,0.578,0.392
729500,0.030,0.647,0.323
730000,0.030,0.741,0.229
730500,0.030,0.710,0.260
731000,0.030,0.574,0.396
731500,0.030,0.562,0.408
732000,0.030,0.506,0.464
732500,0.030,0.643,0.327
733000,0.030,0.660,0.310
733500,0.030,0.498,0.472
734000,0.030,0.588,0.382
734500,0.030,0.668,0.302
735000,0.030,0.550,0.420
735500,0.030,0.580,0.390
736000,0.030,0.614,0.356
736500,0.030,0.506,0.464
737000,0.030,0.394,0.576
737500,0.030,0.699,0.271
738000,0.030,0.548,0.422
738500,0.030,0.614,0.356
739000,0.030,0.675,0.295
739500,0.030,0.682,0.288
740000,0.030,0.565,0.405
740500,0.030,0.664,0.306
741000,0.030,0.526,0.444
741500,0.030,0.572,0.398
742000,0.030,0.498,0.472
742500,0.030,0.555,0.415
743000,0.030,0.483,0.487
743500,0.030,0.714,0.256
744000,0.030,0.659,0.311
744500,0.030,0.724,0.246
745000,0.030,0.692,0.278
745500,0.030,0.660,0.310
746000,0.030,0.553,0.417
746500,0.030,0.538,0.432
747000,0.030,0.637,0.333
747500,0.030,0.732,0.238
748000,0.030,0.606,0.364
748500,0.030,0.702,0.268
749000,0.030,0.430,0.540
749500,0.030,0.481,0.489
750000,0.030,0.665,0.305
750500,0.030,0.622,0.348
751000,0.030,0.703,0.267
751500,0.030,0.633,0.337
752000,0.030,0.570,0.400
752500,0.030,0.549,0.421
753000,0.030,0.610,0.360
753500,0.030,0.442,0.528
754000,0.030,0.615,0.355
754500,0.030,0.451,0.519
755000,0.030,0.549,0.421
755500,0.030,0.694,0.276
756000,0.030,0.531,0.439
756500,0.030,0.541,0.429
757000,0.030,0.562,0.408
757500,0.030,0.493,0.477
758000,0.030,0.587,0.383
758500,0.030,0.577,0.393
759000,0.030,0.592,0.378
759500,0.030,0.590,0.380
760000,0.030,0.696,0.274
760500,0.030,0.537,0.433
761000,0.030,0.543,0.427
761500,0.030,0.561,0.409
762000,0.030,0.619,0.351
762500,0.030,0.647,0.323
763000,0.030,0.654,0.316
763500,0.030,0.756,0.214
764000,0.030,0.764,0.206
764500,0.030,0.442,0.528
765000,0.030,0.540,0.430
765500,0.030,0.680,0.290
766000,0.030,0.592,0.378
766500,0.030,0.592,0.378
767000,0.030,0.611,0.359
767500,0.030,0.606,0.364
768000,0.030,0.661,0.309
768500,0.030,0.601,0.369
769000,0.030,0.667,0.303
769500,0.030,0.496,0.474
770000,0.030,0.615,0.355
770500,0.030,0.648,0.322
771000,0.030,0.712,0.258
771500,0.030,0.631,0.339
772000,0.030,0.720,0.250
772500,0.030,0.769,0.201
773000,0.030,0.536,0.434
773500,0.030,0.549,0.421
774000,0.030,0.516,0.454
774500,0.030,0.570,0.400
775000,0.030,0.657,0.313
775500,0.030,0.590,0.380
776000,0.030,0.598,0.372
776500,0.030,0.605,0.365
777000,0.030,0.583,0.387
777500,0.030,0.472,0.498
778000,0.030,0.551,0.419
778500,0.030,0.423,0.547
779000,0.030,0.520,0.450
779500,0.030,0.548,0.422
780000,0.030,0.459,0.511
780500,0.030,0.564,0.406
781000,0.030,0.766,0.204
781500,0.030,0.611,0.359
782000,0.030,0.532,0.438
782500,0.030,0.678,0.292
783000,0.030,0.527,0.443
783500,0.030,0.419,0.551
784000,0.030,0.529,0.441
784500,0.030,0.677,0.293
785000,0.030,0.597,0.373
785500,0.030,0.524,0.446
786000,0.030,0.575,0.395
786500,0.030,0.610,0.360
787000,0.030,0.616,0.354
787500,0.030,0.628,0.342
788000,0.030,0.603,0.367
788500,0.030,0.637,0.333
789000,0.030,0.638,0.332
789500,0.030,0.566,0.404
790000,0.030,0.643,0.327
790500,0.030,0.489,0.481
791000,0.030,0.665,0.305
791500,0.030,0.669,0.301
792000,0.030,0.475,0.495
792500,0.030,0.419,0.551
793000,0.030,0.456,0.514
793500,0.030,0.506,0.464
794000,0.030,0.590,0.380
794500,0.030,0.523,0.447
795000,0.030,0.668,0.302
795500,0.030,0.565,0.405
796000,0.030,0.458,0.512
796500,0.030,0.493,0.477
797000,0.030,0.519,0.451
797500,0.030,0.583,0.387
798000,0.030,0.539,0.431
798500,0.030,0.606,0.364
799000,0.030,0.501,0.469
799500,0.030,0.486,0.484
800000,0.030,0.687,0.283
800500,0.030,0.757,0.213
801000,0.030,0.769,0.201
801500,0.030,0.577,0.393
802000,0.030,0.470,0.500
802500,0.030,0.530,0.440
803000,0.030,0.659,0.311
803500,0.030,0.585,0.385
804000,0.030,0.632,0.338
804500,0.030,0.567,0.403
805000,0.030,0.616,0.354
805500,0.030,0.663,0.307
806000,0.030,0.534,0.436
806500,0.030,0.512,0.458
807000,0.030,0.591,0.379
807500,0.030,0.652,0.318
808000,0.030,0.591,0.379
808500,0.030,0.667,0.303
809000,0.030,0.690,0.280
809500,0.030,0.697,0.273
810000,0.030,0.455,0.515
810500,0.030,0.483,0.487
811000,0.030,0.643,0.327
811500,0.030,0.530,0.440
812000,0.030,0.528,0.442
812500,0.030,0.599,0.371
813000,0.030,0.635,0.335
813500,0.030,0.647,0.323
814000,0.030,0.617,0.353
814500,0.030,0.673,0.297
815000,0.030,0.687,0.283
815500,0.030,0.588,0.382
816000,0.030,0.563,0.407
816500,0.030,0.719,0.251
817000,0.030,0.693,0.277
817500,0.030,0.538,0.432
818000,0.030,0.556,0.414
818500,0.030,0.644,0.326
819000,0.030,0.380,0.590
819500,0.030,0.577,0.393
820000,0.030,0.441,0.529
820500,0.030,0.512,0.458
821000,0.030,0.675,0.295
821500,0.030,0.675,0.295
822000,0.030,0.651,0.319
822500,0.030,0.435,0.535
823000,0.030,0.501,0.469
823500,0.030,0.633,0.337
824000,0.030,0.591,0.379
824500,0.030,0.696,0.274
825000,0.030,0.483,0.487
825500,0.030,0.580,0.390
826000,0.030,0.499,0.471
826500,0.030,0.599,0.371
827000,0.030,0.571,0.399
827500,0.030,0.558,0.412
828000,0.030,0.674,0.296
828500,0.030,0.608,0.362
829000,0.030,0.537,0.433
829500,0.030,0.623,0.347
830000,0.030,0.644,0.326
830500,0.030,0.746,0.224
831000,0.030,0.697,0.273
831500,0.030,0.723,0.247
832000,0.030,0.619,0.351
832500,0.030,0.619,0.351
833000,0.030,0.664,0.306
833500,0.030,0.615,0.355
834000,0.030,0.635,0.335
834500,0.030,0.652,0.318
835000,0.030,0.613,0.357
835500,0.030,0.495,0.475
836000,0.030,0.669,0.301
836500,0.030,0.548,0.422
837000,0.030,0.573,0.397
837500,0.030,0.584,0.386
838000,0.030,0.515,0.455
838500,0.030,0.554,0.416
839000,0.030,0.685,0.285
839500,0.030,0.543,0.427
840000,0.030,0.494,0.476
840500,0.030,0.606,0.364
841000,0.030,0.498,0.472
841500,0.030,0.731,0.239
842000,0.030,0.457,0.513
842500,0.030,0.625,0.345
843000,0.030,0.492,0.478
843500,0.030,0.677,0.293
844000,0.030,0.534,0.436
844500,0.030,0.585,0.385
845000,0.030,0.459,0.511
845500,0.030,0.597,0.373
846000,0.030,0.686,0.284
846500,0.030,0.813,0.157
847000,0.030,0.705,0.265
847500,0.030,0.632,0.338
848000,0.030,0.540,0.430
848500,0.030,0.602,0.368
849000,0.030,0.584,0.386
849500,0.030,0.538,0.432
850000,0.030,0.598,0.372
850500,0.030,0.720,0.250
851000,0.030,0.697,0.273
851500,0.030,0.660,0.310
852000,0.030,0.529,0.441
852500,0.030,0.545,0.425
853000,0.030,0.674,0.296
853500,0.030,0.655,0.315
854000,0.030,0.680,0.290
854500,0.030,0.693,0.277
855000,0.030,0.642,0.328
855500,0.030,0.714,0.256
856000,0.030,0.507,0.463
856500,0.030,0.539,0.431
857000,0.030,0.619,0.351
857500,0.030,0.488,0.482
858000,0.030,0.575,0.395
858500,0.030,0.657,0.313
859000,0.030,0.559,0.411
859500,0.030,0.541,0.429
860000,0.030,0.576,0.394
860500,0.030,0.615,0.355
861000,0.030,0.634,0.336
861500,0.030,0.535,0.435
862000,0.030,0.703,0.267
862500,0.030,0.642,0.328
863000,0.030,0.626,0.344
863500,0.030,0.593,0.377
864000,0.030,0.593,0.377
864500,0.030,0.559,0.411
865000,0.030,0.501,0.469
865500,0.030,0.582,0.388
866000,0.030,0.562,0.408
866500,0.030,0.629,0.341
867000,0.030,0.633,0.337
867500,0.030,0.620,0.350
868000,0.030,0.640,0.330
868500,0.030,0.575,0.395
869000,0.030,0.527,0.443
869500,0.030,0.601,0.369
870000,0.030,0.449,0.521
870500,0.030,0.516,0.454
871000,0.030,0.594,0.376
871500,0.030,0.502,0.468
872000,0.030,0.547,0.423
872500,0.030,0.653,0.317
873000,0.030,0.682,0.288
873500,0.030,0.667,0.303
874000,0.030,0.583,0.387
874500,0.030,0.514,0.456
875000,0.030,0.566,0.404
875500,0.030,0.567,0.403
876000,0.030,0.704,0.266
876500,0.030,0.581,0.389
877000,0.030,0.651,0.319
877500,0.030,0.550,0.420
878000,0.030,0.581,0.389
878500,0.030,0.676,0.294
879000,0.030,0.537,0.433
879500,0.030,0.518,0.452
880000,0.030,0.505,0.465
880500,0.030,0.648,0.322
881000,0.030,0.613,0.357
881500,0.030,0.651,0.319
882000,0.030,0.624,0.346
882500,0.030,0.697,0.273
883000,0.030,0.579,0.391
883500,0.030,0.715,0.255
884000,0.030,0.676,0.294
884500,0.030,0.719,0.251
885000,0.030,0.555,0.415
885500,0.030,0.545,0.425
886000,0.030,0.568,0.402
886500,0.030,0.605,0.365
887000,0.030,0.677,0.293
887500,0.030,0.600,0.370
888000,0.030,0.668,0.302
888500,0.030,0.580,0.390
889000,0.030,0.569,0.401
889500,0.030,0.590,0.380
890000,0.030,0.566,0.404
890500,0.030,0.488,0.482
891000,0.030,0.630,0.340
891500,0.030,0.433,0.537
892000,0.030,0.686,0.284
892500,0.030,0.554,0.416
893000,0.030,0.598,0.372
893500,0.030,0.588,0.382
894000,0.030,0.621,0.349
894500,0.030,0.602,0.368
895000,0.030,0.560,0.410
895500,0.030,0.636,0.334
896000,0.030,0.601,0.369
896500,0.030,0.610,0.360
897000,0.030,0.513,0.457
897500,0.030,0.558,0.412
898000,0.030,0.529,0.441
898500,0.030,0.644,0.326
899000,0.030,0.655,0.315
899500,0.030,0.436,0.534
900000,0.030,0.510,0.460
900500,0.030,0.556,0.414
901000,0.030,0.597,0.373
901500,0.030,0.509,0.461
902000,0.030,0.634,0.336
902500,0.030,0.384,0.586
903000,0.030,0.693,0.277
903500,0.030,0.681,0.289
904000,0.030,0.609,0.361
904500,0.030,0.572,0.398
905000,0.030,0.567,0.403
905500,0.030,0.523,0.447
906000,0.030,0.653,0.317
906500,0.030,0.593,0.377
907000,0.030,0.777,0.193
907500,0.030,0.576,0.394
908000,0.030,0.504,0.466
908500,0.030,0.594,0.376
909000,0.030,0.485,0.485
909500,0.030,0.567,0.403
910000,0.030,0.468,0.502
910500,0.030,0.555,0.415
911000,0.030,0.626,0.344
911500,0.030,0.627,0.343
912000,0.030,0.623,0.347
912500,0.030,0.556,0.414
913000,0.030,0.486,0.484
913500,0.030,0.588,0.382
914000,0.030,0.591,0.379
914500,0.030,0.419,0.551
915000,0.030,0.608,0.362
915500,0.030,0.489,0.481
916000,0.030,0.735,0.235
916500,0.030,0.678,0.292
917000,0.030,0.575,0.395
917500,0.030,0.549,0.421
918000,0.030,0.504,0.466
918500,0.030,0.485,0.485
919000,0.030,0.603,0.367
919500,0.030,0.751,0.219
920000,0.030,0.533,0.437
920500,0.030,0.559,0.411
921000,0.030,0.617,0.353
921500,0.030,0.500,0.470
922000,0.030,0.536,0.434
922500,0.030,0.436,0.534
923000,0.030,0.614,0.356
923500,0.030,0.575,0.395
924000,0.030,0.585,0.385
924500,0.030,0.738,0.232
925000,0.030,0.759,0.211
925500,0.030,0.721,0.249
926000,0.030,0.848,0.122
926500,0.030,0.581,0.389
927000,0.030,0.784,0.186
927500,0.030,0.632,0.338
928000,0.030,0.736,0.234
928500,0.030,0.718,0.252
929000,0.030,0.709,0.261
929500,0.030,0.458,0.512
930000,0.030,0.519,0.451
930500,0.030,0.553,0.417
931000,0.030,0.525,0.445
931500,0.030,0.565,0.405
932000,0.030,0.422,0.548
932500,0.030,0.500,0.470
933000,0.030,0.558,0.412
933500,0.030,0.566,0.404
934000,0.030,0.723,0.247
934500,0.030,0.712,0.258
935000,0.030,0.735,0.235
935500,0.030,0.619,0.351
936000,0.030,0.541,0.429
936500,0.030,0.571,0.399
937000,0.030,0.539,0.431
937500,0.030,0.588,0.382
938000,0.030,0.637,0.333
938500,0.030,0.648,0.322
939000,0.030,0.587,0.383
939500,0.030,0.628,0.342
940000,0.030,0.653,0.317
940500,0.030,0.703,0.267
941000,0.030,0.647,0.323
941500,0.030,0.567,0.403
942000,0.030,0.581,0.389
942500,0.030,0.588,0.382
943000,0.030,0.547,0.423
943500,0.030,0.521,0.449
944000,0.030,0.462,0.508
944500,0.030,0.494,0.476
945000,0.030,0.505,0.465
945500,0.030,0.417,0.553
946000,0.030,0.592,0.378
946500,0.030,0.633,0.337
947000,0.030,0.506,0.464
947500,0.030,0.552,0.418
948000,0.030,0.541,0.429
948500,0.030,0.622,0.348
949000,0.030,0.452,0.518
949500,0.030,0.502,0.468
950000,0.030,0.598,0.372
950500,0.030,0.580,0.390
951000,0.030,0.685,0.285
951500,0.030,0.550,0.420
952000,0.030,0.568,0.402
952500,0.030,0.422,0.548
953000,0.030,0.614,0.356
953500,0.030,0.596,0.374
954000,0.030,0.549,0.421
954500,0.030,0.630,0.340
955000,0.030,0.651,0.319
955500,0.030,0.636,0.334
956000,0.030,0.585,0.385
956500,0.030,0.527,0.443
957000,0.030,0.681,0.289
957500,0.030,0.690,0.280
958000,0.030,0.716,0.254
958500,0.030,0.583,0.387
959000,0.030,0.665,0.305
959500,0.030,0.540,0.430
960000,0.030,0.530,0.440
960500,0.030,0.621,0.349
961000,0.030,0.679,0.291
961500,0.030,0.766,0.204
962000,0.030,0.604,0.366
962500,0.030,0.554,0.416
963000,0.030,0.550,0.420
963500,0.030,0.494,0.476
964000,0.030,0.623,0.347
964500,0.030,0.744,0.226
965000,0.030,0.624,0.346
965500,0.030,0.576,0.394
966000,0.030,0.673,0.297
966500,0.030,0.652,0.318
967000,0.030,0.437,0.533
967500,0.030,0.566,0.404
968000,0.030,0.626,0.344
968500,0.030,0.637,0.333
969000,0.030,0.637,0.333
969500,0.030,0.599,0.371
970000,0.030,0.593,0.377
970500,0.030,0.576,0.394
971000,0.030,0.617,0.353
971500,0.030,0.645,0.325
972000,0.030,0.559,0.411
972500,0.030,0.565,0.405
973000,0.030,0.566,0.404
973500,0.030,0.618,0.352
974000,0.030,0.628,0.342
974500,0.030,0.541,0.429
975000,0.030,0.411,0.559
975500,0.030,0.574,0.396
976000,0.030,0.628,0.342
976500,0.030,0.584,0.386
977000,0.030,0.749,0.221
977500,0.030,0.538,0.432
978000,0.030,0.480,0.490
978500,0.030,0.377,0.593
979000,0.030,0.594,0.376
979500,0.030,0.533,0.437
980000,0.030,0.470,0.500
980500,0.030,0.635,0.335
981000,0.030,0.645,0.325
981500,0.030,0.774,0.196
982000,0.030,0.641,0.329
982500,0.030,0.541,0.429
983000,0.030,0.611,0.359
983500,0.030,0.757,0.213
984000,0.030,0.646,0.324
984500,0.030,0.565,0.405
985000,0.030,0.718,0.252
985500,0.030,0.522,0.448
986000,0.030,0.606,0.364
986500,0.030,0.500,0.470
987000,0.030,0.481,0.489
987500,0.030,0.602,0.368
988000,0.030,0.548,0.422
988500,0.030,0.614,0.356
989000,0.030,0.658,0.312
989500,0.030,0.617,0.353
990000,0.030,0.600,0.370
990500,0.030,0.414,0.556
991000,0.030,0.515,0.455
991500,0.030,0.475,0.495
992000,0.030,0.578,0.392
992500,0.030,0.687,0.283
993000,0.030,0.712,0.258
993500,0.030,0.599,0.371
994000,0.030,0.474,0.496
994500,0.030,0.522,0.448
995000,0.030,0.521,0.449
995500,0.030,0.599,0.371
996000,0.030,0.650,0.320
996500,0.030,0.584,0.386
997000,0.030,0.711,0.259
997500,0.030,0.635,0.335
998000,0.030,0.579,0.391
998500,0.030,0.534,0.436
999000,0.030,0.548,0.422
999500,0.030,0.560,0.410
1000000,0.030,0.597,0.373
