time,n_A+p,n_B,n_AB
500,0.030,0.915,0.055
1000,0.030,0.894,0.076
1500,0.030,0.861,0.109
2000,0.030,0.857,0.113
2500,0.030,0.807,0.163
3000,0.030,0.769,0.201
3500,0.030,0.749,0.221
4000,0.030,0.768,0.202
4500,0.030,0.727,0.243
5000,0.030,0.745,0.225
5500,0.030,0.754,0.216
6000,0.030,0.791,0.179
6500,0.030,0.779,0.191
7000,0.030,0.833,0.137
7500,0.030,0.808,0.162
8000,0.030,0.779,0.191
8500,0.030,0.737,0.233
9000,0.030,0.798,0.172
9500,0.030,0.798,0.172
10000,0.030,0.792,0.178
10500,0.030,0.793,0.177
11000,0.030,0.782,0.188
11500,0.030,0.711,0.259
12000,0.030,0.721,0.249
12500,0.030,0.761,0.209
13000,0.030,0.819,0.151
13500,0.030,0.823,0.147
14000,0.030,0.805,0.165
14500,0.030,0.779,0.191
15000,0.030,0.765,0.205
15500,0.030,0.804,0.166
16000,0.034,0.818,0.148
16500,0.032,0.772,0.196
17000,0.030,0.791,0.179
17500,0.030,0.794,0.176
18000,0.030,0.763,0.207
18500,0.030,0.792,0.178
19000,0.030,0.788,0.182
19500,0.030,0.826,0.144
20000,0.030,0.826,0.144
20500,0.030,0.824,0.146
21000,0.030,0.770,0.200
21500,0.030,0.784,0.186
22000,0.030,0.788,0.182
22500,0.032,0.789,0.179
23000,0.030,0.816,0.154
23500,0.030,0.811,0.159
24000,0.030,0.831,0.139
24500,0.030,0.818,0.152
25000,0.030,0.803,0.167
25500,0.030,0.833,0.137
26000,0.030,0.836,0.134
26500,0.030,0.847,0.123
27000,0.030,0.841,0.129
27500,0.030,0.842,0.128
28000,0.030,0.780,0.190
28500,0.030,0.769,0.201
29000,0.030,0.777,0.193
29500,0.030,0.837,0.133
30000,0.030,0.847,0.123
30500,0.030,0.839,0.131
31000,0.030,0.829,0.141
31500,0.030,0.787,0.183
32000,0.030,0.804,0.166
32500,0.030,0.783,0.187
33000,0.030,0.806,0.164
33500,0.030,0.818,0.152
34000,0.030,0.784,0.186
34500,0.030,0.761,0.209
35000,0.030,0.736,0.234
35500,0.030,0.779,0.191
36000,0.030,0.812,0.158
36500,0.030,0.847,0.123
37000,0.030,0.871,0.099
37500,0.030,0.879,0.091
38000,0.030,0.864,0.106
38500,0.030,0.856,0.114
39000,0.030,0.823,0.147
39500,0.030,0.822,0.148
40000,0.030,0.797,0.173
40500,0.030,0.785,0.185
41000,0.030,0.803,0.167
41500,0.030,0.805,0.165
42000,0.030,0.803,0.167
42500,0.030,0.763,0.207
43000,0.030,0.760,0.210
43500,0.030,0.777,0.193
44000,0.030,0.784,0.186
44500,0.030,0.794,0.176
45000,0.030,0.776,0.194
45500,0.030,0.778,0.192
46000,0.030,0.793,0.177
46500,0.030,0.767,0.203
47000,0.030,0.771,0.199
47500,0.031,0.823,0.146
48000,0.030,0.828,0.142
48500,0.030,0.806,0.164
49000,0.030,0.795,0.175
49500,0.030,0.742,0.228
50000,0.030,0.794,0.176
50500,0.030,0.773,0.197
51000,0.030,0.801,0.169
51500,0.030,0.802,0.168
52000,0.030,0.804,0.166
52500,0.030,0.816,0.154
53000,0.030,0.827,0.143
53500,0.030,0.854,0.116
54000,0.030,0.813,0.157
54500,0.030,0.800,0.170
55000,0.030,0.782,0.188
55500,0.030,0.779,0.191
56000,0.030,0.806,0.164
56500,0.030,0.791,0.179
57000,0.030,0.788,0.182
57500,0.030,0.807,0.163
58000,0.030,0.815,0.155
58500,0.030,0.851,0.119
59000,0.030,0.780,0.190
59500,0.030,0.762,0.208
60000,0.030,0.784,0.186
60500,0.030,0.805,0.165
61000,0.030,0.830,0.140
61500,0.030,0.830,0.140
62000,0.030,0.812,0.158
62500,0.030,0.854,0.116
63000,0.030,0.809,0.161
63500,0.030,0.745,0.225
64000,0.031,0.783,0.186
64500,0.030,0.793,0.177
65000,0.030,0.789,0.181
65500,0.030,0.813,0.157
66000,0.030,0.844,0.126
66500,0.030,0.830,0.140
67000,0.030,0.803,0.167
67500,0.030,0.849,0.121
68000,0.030,0.843,0.127
68500,0.030,0.779,0.191
69000,0.030,0.792,0.178
69500,0.030,0.793,0.177
70000,0.030,0.798,0.172
70500,0.030,0.819,0.151
71000,0.030,0.779,0.191
71500,0.030,0.759,0.211
72000,0.030,0.781,0.189
72500,0.030,0.744,0.226
73000,0.030,0.769,0.201
73500,0.030,0.802,0.168
74000,0.030,0.850,0.120
74500,0.030,0.844,0.126
75000,0.030,0.859,0.111
75500,0.030,0.837,0.133
76000,0.030,0.873,0.097
76500,0.030,0.829,0.141
77000,0.030,0.775,0.195
77500,0.030,0.769,0.201
78000,0.030,0.769,0.201
78500,0.030,0.776,0.194
79000,0.030,0.808,0.162
79500,0.030,0.778,0.192
80000,0.030,0.784,0.186
80500,0.030,0.771,0.199
81000,0.030,0.762,0.208
81500,0.030,0.759,0.211
82000,0.030,0.786,0.184
82500,0.030,0.763,0.207
83000,0.030,0.753,0.217
83500,0.030,0.743,0.227
84000,0.032,0.751,0.217
84500,0.031,0.747,0.222
85000,0.030,0.758,0.212
85500,0.030,0.756,0.214
86000,0.030,0.760,0.210
86500,0.035,0.762,0.203
87000,0.032,0.748,0.220
87500,0.030,0.789,0.181
88000,0.033,0.796,0.171
88500,0.030,0.827,0.143
89000,0.030,0.831,0.139
89500,0.030,0.828,0.142
90000,0.030,0.834,0.136
90500,0.030,0.836,0.134
91000,0.030,0.841,0.129
91500,0.030,0.847,0.123
92000,0.030,0.863,0.107
92500,0.030,0.865,0.105
93000,0.030,0.836,0.134
93500,0.030,0.864,0.106
94000,0.030,0.828,0.142
94500,0.030,0.812,0.158
95000,0.030,0.784,0.186
95500,0.030,0.797,0.173
96000,0.030,0.835,0.135
96500,0.030,0.831,0.139
97000,0.030,0.796,0.174
97500,0.030,0.803,0.167
98000,0.030,0.789,0.181
98500,0.030,0.796,0.174
99000,0.030,0.813,0.157
99500,0.034,0.797,0.169
100000,0.030,0.790,0.180
100500,0.030,0.802,0.168
101000,0.030,0.804,0.166
101500,0.030,0.731,0.239
102000,0.033,0.690,0.277
102500,0.034,0.689,0.277
103000,0.033,0.675,0.292
103500,0.030,0.727,0.243
104000,0.032,0.689,0.279
104500,0.031,0.761,0.208
105000,0.030,0.772,0.198
105500,0.030,0.790,0.180
106000,0.030,0.778,0.192
106500,0.030,0.761,0.209
107000,0.030,0.760,0.210
107500,0.030,0.837,0.133
108000,0.030,0.810,0.160
108500,0.030,0.827,0.143
109000,0.030,0.845,0.125
109500,0.030,0.790,0.180
110000,0.030,0.814,0.156
110500,0.030,0.783,0.187
111000,0.030,0.806,0.164
111500,0.030,0.798,0.172
112000,0.030,0.826,0.144
112500,0.030,0.792,0.178
113000,0.030,0.807,0.163
113500,0.033,0.811,0.156
114000,0.030,0.833,0.137
114500,0.030,0.841,0.129
115000,0.030,0.789,0.181
115500,0.030,0.803,0.167
116000,0.030,0.766,0.204
116500,0.030,0.781,0.189
117000,0.030,0.827,0.143
117500,0.030,0.831,0.139
118000,0.030,0.829,0.141
118500,0.030,0.827,0.143
119000,0.030,0.813,0.157
119500,0.030,0.789,0.181
120000,0.030,0.759,0.211
120500,0.030,0.790,0.180
121000,0.030,0.764,0.206
121500,0.030,0.780,0.190
122000,0.030,0.823,0.147
122500,0.030,0.814,0.156
123000,0.030,0.819,0.151
123500,0.030,0.827,0.143
124000,0.030,0.854,0.116
124500,0.030,0.848,0.122
125000,0.030,0.849,0.121
125500,0.030,0.870,0.100
126000,0.030,0.855,0.115
126500,0.030,0.816,0.154
127000,0.030,0.812,0.158
127500,0.030,0.817,0.153
128000,0.030,0.790,0.180
128500,0.030,0.842,0.128
129000,0.030,0.854,0.116
129500,0.030,0.847,0.123
130000,0.030,0.839,0.131
130500,0.030,0.825,0.145
131000,0.031,0.779,0.190
131500,0.031,0.750,0.219
132000,0.031,0.691,0.278
132500,0.030,0.765,0.205
133000,0.030,0.807,0.163
133500,0.030,0.787,0.183
134000,0.030,0.796,0.174
134500,0.030,0.769,0.201
135000,0.030,0.784,0.186
135500,0.030,0.784,0.186
136000,0.030,0.769,0.201
136500,0.030,0.773,0.197
137000,0.030,0.767,0.203
137500,0.030,0.780,0.190
138000,0.030,0.778,0.192
138500,0.030,0.795,0.175
139000,0.034,0.806,0.160
139500,0.030,0.840,0.130
140000,0.030,0.814,0.156
140500,0.030,0.760,0.210
141000,0.030,0.778,0.192
141500,0.030,0.823,0.147
142000,0.030,0.838,0.132
142500,0.030,0.841,0.129
143000,0.030,0.828,0.142
143500,0.030,0.832,0.138
144000,0.030,0.807,0.163
144500,0.030,0.826,0.144
145000,0.030,0.828,0.142
145500,0.030,0.804,0.166
146000,0.030,0.826,0.144
146500,0.030,0.826,0.144
147000,0.030,0.817,0.153
147500,0.030,0.794,0.176
148000,0.030,0.792,0.178
148500,0.030,0.791,0.179
149000,0.033,0.777,0.190
149500,0.030,0.773,0.197
150000,0.030,0.752,0.218
150500,0.030,0.811,0.159
151000,0.030,0.801,0.169
151500,0.032,0.812,0.156
152000,0.030,0.786,0.184
152500,0.030,0.792,0.178
153000,0.030,0.816,0.154
153500,0.030,0.810,0.160
154000,0.034,0.773,0.193
154500,0.031,0.774,0.195
155000,0.030,0.772,0.198
155500,0.030,0.819,0.151
156000,0.030,0.818,0.152
156500,0.030,0.848,0.122
157000,0.030,0.825,0.145
157500,0.030,0.808,0.162
158000,0.030,0.805,0.165
158500,0.030,0.756,0.214
159000,0.030,0.738,0.232
159500,0.030,0.765,0.205
160000,0.030,0.771,0.199
160500,0.030,0.760,0.210
161000,0.032,0.744,0.224
161500,0.030,0.758,0.212
162000,0.030,0.771,0.199
162500,0.030,0.781,0.189
163000,0.030,0.776,0.194
163500,0.030,0.735,0.235
164000,0.030,0.779,0.191
164500,0.030,0.763,0.207
165000,0.033,0.769,0.198
165500,0.031,0.777,0.192
166000,0.030,0.796,0.174
166500,0.030,0.828,0.142
167000,0.030,0.794,0.176
167500,0.030,0.833,0.137
168000,0.030,0.871,0.099
168500,0.030,0.873,0.097
169000,0.030,0.838,0.132
169500,0.030,0.825,0.145
170000,0.030,0.798,0.172
170500,0.030,0.750,0.220
171000,0.030,0.785,0.185
171500,0.030,0.794,0.176
172000,0.030,0.834,0.136
172500,0.030,0.826,0.144
173000,0.030,0.816,0.154
173500,0.030,0.835,0.135
174000,0.030,0.864,0.106
174500,0.030,0.888,0.082
175000,0.030,0.893,0.077
175500,0.030,0.834,0.136
176000,0.030,0.801,0.169
176500,0.030,0.796,0.174
177000,0.030,0.801,0.169
177500,0.030,0.848,0.122
178000,0.030,0.848,0.122
178500,0.030,0.829,0.141
179000,0.030,0.807,0.163
179500,0.030,0.819,0.151
180000,0.030,0.836,0.134
180500,0.030,0.789,0.181
181000,0.030,0.771,0.199
181500,0.030,0.723,0.247
182000,0.030,0.724,0.246
182500,0.030,0.733,0.237
183000,0.030,0.790,0.180
183500,0.030,0.821,0.149
184000,0.030,0.791,0.179
184500,0.030,0.780,0.190
185000,0.030,0.841,0.129
185500,0.030,0.854,0.116
186000,0.030,0.849,0.121
186500,0.030,0.800,0.170
187000,0.030,0.801,0.169
187500,0.030,0.777,0.193
188000,0.030,0.817,0.153
188500,0.030,0.830,0.140
189000,0.030,0.787,0.183
189500,0.030,0.786,0.184
190000,0.030,0.767,0.203
190500,0.030,0.799,0.171
191000,0.030,0.757,0.213
191500,0.030,0.827,0.143
192000,0.030,0.800,0.170
192500,0.030,0.821,0.149
193000,0.030,0.805,0.165
193500,0.030,0.810,0.160
194000,0.030,0.812,0.158
194500,0.030,0.815,0.155
195000,0.030,0.841,0.129
195500,0.030,0.837,0.133
196000,0.030,0.834,0.136
196500,0.030,0.840,0.130
197000,0.031,0.821,0.148
197500,0.030,0.815,0.155
198000,0.030,0.855,0.115
198500,0.030,0.812,0.158
199000,0.030,0.837,0.133
199500,0.030,0.790,0.180
200000,0.030,0.825,0.145
200500,0.030,0.817,0.153
201000,0.030,0.834,0.136
201500,0.030,0.813,0.157
202000,0.030,0.797,0.173
202500,0.030,0.874,0.096
203000,0.030,0.785,0.185
203500,0.030,0.834,0.136
204000,0.030,0.855,0.115
204500,0.030,0.895,0.075
205000,0.030,0.829,0.141
205500,0.030,0.808,0.162
206000,0.030,0.802,0.168
206500,0.030,0.815,0.155
207000,0.030,0.820,0.150
207500,0.030,0.806,0.164
208000,0.030,0.820,0.150
208500,0.030,0.814,0.156
209000,0.030,0.805,0.165
209500,0.030,0.811,0.159
210000,0.030,0.806,0.164
210500,0.030,0.755,0.215
211000,0.032,0.759,0.209
211500,0.031,0.762,0.207
212000,0.030,0.757,0.213
212500,0.030,0.820,0.150
213000,0.030,0.844,0.126
213500,0.030,0.799,0.171
214000,0.030,0.790,0.180
214500,0.030,0.788,0.182
215000,0.030,0.722,0.248
215500,0.030,0.785,0.185
216000,0.030,0.814,0.156
216500,0.030,0.806,0.164
217000,0.030,0.749,0.221
217500,0.030,0.787,0.183
218000,0.030,0.803,0.167
218500,0.030,0.804,0.166
219000,0.030,0.807,0.163
219500,0.030,0.748,0.222
220000,0.030,0.745,0.225
220500,0.030,0.756,0.214
221000,0.030,0.759,0.211
221500,0.030,0.751,0.219
222000,0.030,0.801,0.169
222500,0.030,0.831,0.139
223000,0.030,0.852,0.118
223500,0.030,0.851,0.119
224000,0.030,0.840,0.130
224500,0.030,0.856,0.114
225000,0.030,0.859,0.111
225500,0.030,0.861,0.109
226000,0.030,0.852,0.118
226500,0.030,0.840,0.130
227000,0.030,0.853,0.117
227500,0.030,0.816,0.154
228000,0.030,0.838,0.132
228500,0.030,0.781,0.189
229000,0.030,0.758,0.212
229500,0.030,0.794,0.176
230000,0.030,0.809,0.161
230500,0.030,0.816,0.154
231000,0.030,0.811,0.159
231500,0.031,0.836,0.133
232000,0.031,0.854,0.115
232500,0.031,0.815,0.154
233000,0.031,0.770,0.199
233500,0.030,0.763,0.207
234000,0.030,0.766,0.204
234500,0.030,0.765,0.205
235000,0.030,0.812,0.158
235500,0.030,0.778,0.192
236000,0.030,0.798,0.172
236500,0.030,0.801,0.169
237000,0.030,0.785,0.185
237500,0.030,0.804,0.166
238000,0.030,0.810,0.160
238500,0.030,0.760,0.210
239000,0.030,0.783,0.187
239500,0.030,0.760,0.210
240000,0.030,0.738,0.232
240500,0.030,0.753,0.217
241000,0.030,0.772,0.198
241500,0.030,0.804,0.166
242000,0.030,0.812,0.158
242500,0.030,0.822,0.148
243000,0.030,0.803,0.167
243500,0.030,0.791,0.179
244000,0.030,0.783,0.187
244500,0.030,0.794,0.176
245000,0.030,0.772,0.198
245500,0.030,0.828,0.142
246000,0.030,0.845,0.125
246500,0.030,0.854,0.116
247000,0.030,0.753,0.217
247500,0.033,0.747,0.220
248000,0.031,0.752,0.217
248500,0.030,0.717,0.253
249000,0.033,0.727,0.240
249500,0.036,0.733,0.231
250000,0.031,0.806,0.163
250500,0.031,0.755,0.214
251000,0.033,0.790,0.177
251500,0.031,0.822,0.147
252000,0.030,0.792,0.178
252500,0.030,0.773,0.197
253000,0.030,0.780,0.190
253500,0.030,0.814,0.156
254000,0.030,0.829,0.141
254500,0.030,0.820,0.150
255000,0.030,0.791,0.179
255500,0.030,0.834,0.136
256000,0.030,0.810,0.160
256500,0.030,0.779,0.191
257000,0.030,0.761,0.209
257500,0.030,0.764,0.206
258000,0.030,0.771,0.199
258500,0.030,0.784,0.186
259000,0.030,0.808,0.162
259500,0.030,0.806,0.164
260000,0.030,0.818,0.152
260500,0.030,0.780,0.190
261000,0.030,0.821,0.149
261500,0.030,0.799,0.171
262000,0.030,0.811,0.159
262500,0.032,0.818,0.150
263000,0.031,0.795,0.174
263500,0.030,0.789,0.181
264000,0.030,0.821,0.149
264500,0.030,0.804,0.166
265000,0.030,0.804,0.166
265500,0.030,0.766,0.204
266000,0.030,0.762,0.208
266500,0.030,0.790,0.180
267000,0.030,0.811,0.159
267500,0.030,0.786,0.184
268000,0.030,0.810,0.160
268500,0.030,0.805,0.165
269000,0.030,0.795,0.175
269500,0.032,0.773,0.195
270000,0.030,0.780,0.190
270500,0.030,0.766,0.204
271000,0.030,0.785,0.185
271500,0.030,0.788,0.182
272000,0.030,0.788,0.182
272500,0.030,0.783,0.187
273000,0.030,0.793,0.177
273500,0.030,0.828,0.142
274000,0.030,0.830,0.140
274500,0.030,0.781,0.189
275000,0.030,0.808,0.162
275500,0.030,0.817,0.153
276000,0.030,0.775,0.195
276500,0.030,0.783,0.187
277000,0.030,0.791,0.179
277500,0.030,0.821,0.149
278000,0.030,0.770,0.200
278500,0.030,0.725,0.245
279000,0.030,0.778,0.192
279500,0.030,0.792,0.178
280000,0.030,0.805,0.165
280500,0.030,0.799,0.171
281000,0.030,0.803,0.167
281500,0.030,0.839,0.131
282000,0.034,0.818,0.148
282500,0.030,0.793,0.177
283000,0.030,0.760,0.210
283500,0.030,0.759,0.211
284000,0.030,0.830,0.140
284500,0.030,0.839,0.131
285000,0.030,0.855,0.115
285500,0.030,0.849,0.121
286000,0.030,0.820,0.150
286500,0.030,0.798,0.172
287000,0.030,0.820,0.150
287500,0.030,0.837,0.133
288000,0.030,0.808,0.162
288500,0.030,0.798,0.172
289000,0.030,0.798,0.172
289500,0.030,0.777,0.193
290000,0.030,0.809,0.161
290500,0.030,0.792,0.178
291000,0.031,0.760,0.209
291500,0.030,0.810,0.160
292000,0.030,0.773,0.197
292500,0.030,0.712,0.258
293000,0.030,0.794,0.176
293500,0.031,0.729,0.240
294000,0.030,0.756,0.214
294500,0.030,0.755,0.215
295000,0.032,0.724,0.244
295500,0.030,0.734,0.236
296000,0.030,0.762,0.208
296500,0.030,0.792,0.178
297000,0.031,0.780,0.189
297500,0.030,0.790,0.180
298000,0.030,0.801,0.169
298500,0.030,0.777,0.193
299000,0.030,0.748,0.222
299500,0.030,0.773,0.197
300000,0.034,0.776,0.190
300500,0.030,0.821,0.149
301000,0.030,0.859,0.111
301500,0.030,0.860,0.110
302000,0.030,0.857,0.113
302500,0.030,0.844,0.126
303000,0.030,0.844,0.126
303500,0.030,0.802,0.168
304000,0.030,0.811,0.159
304500,0.030,0.769,0.201
305000,0.030,0.762,0.208
305500,0.030,0.804,0.166
306000,0.030,0.772,0.198
306500,0.030,0.781,0.189
307000,0.032,0.782,0.186
307500,0.030,0.792,0.178
308000,0.030,0.794,0.176
308500,0.030,0.814,0.156
309000,0.030,0.829,0.141
309500,0.030,0.820,0.150
310000,0.030,0.762,0.208
310500,0.030,0.752,0.218
311000,0.031,0.790,0.179
311500,0.030,0.789,0.181
312000,0.030,0.789,0.181
312500,0.030,0.796,0.174
313000,0.030,0.808,0.162
313500,0.030,0.791,0.179
314000,0.030,0.825,0.145
314500,0.030,0.832,0.138
315000,0.030,0.825,0.145
315500,0.030,0.823,0.147
316000,0.030,0.806,0.164
316500,0.030,0.846,0.124
317000,0.030,0.828,0.142
317500,0.030,0.814,0.156
318000,0.030,0.799,0.171
318500,0.030,0.750,0.220
319000,0.030,0.755,0.215
319500,0.030,0.802,0.168
320000,0.030,0.773,0.197
320500,0.030,0.803,0.167
321000,0.030,0.802,0.168
321500,0.030,0.831,0.139
322000,0.030,0.808,0.162
322500,0.030,0.813,0.157
323000,0.030,0.827,0.143
323500,0.030,0.831,0.139
324000,0.030,0.821,0.149
324500,0.030,0.848,0.122
325000,0.030,0.790,0.180
325500,0.030,0.774,0.196
326000,0.033,0.781,0.186
326500,0.031,0.793,0.176
327000,0.030,0.797,0.173
327500,0.030,0.777,0.193
328000,0.030,0.779,0.191
328500,0.030,0.845,0.125
329000,0.030,0.806,0.164
329500,0.030,0.767,0.203
330000,0.030,0.817,0.153
330500,0.030,0.869,0.101
331000,0.030,0.791,0.179
331500,0.032,0.794,0.174
332000,0.030,0.758,0.212
332500,0.030,0.771,0.199
333000,0.032,0.756,0.212
333500,0.030,0.754,0.216
334000,0.030,0.751,0.219
334500,0.030,0.776,0.194
335000,0.034,0.808,0.158
335500,0.031,0.802,0.167
336000,0.030,0.793,0.177
336500,0.030,0.762,0.208
337000,0.030,0.780,0.190
337500,0.030,0.801,0.169
338000,0.030,0.783,0.187
338500,0.030,0.782,0.188
339000,0.030,0.793,0.177
339500,0.030,0.811,0.159
340000,0.030,0.790,0.180
340500,0.030,0.760,0.210
341000,0.030,0.783,0.187
341500,0.030,0.774,0.196
342000,0.030,0.789,0.181
342500,0.030,0.771,0.199
343000,0.030,0.824,0.146
343500,0.030,0.817,0.153
344000,0.030,0.793,0.177
344500,0.030,0.833,0.137
345000,0.030,0.791,0.179
345500,0.030,0.756,0.214
346000,0.030,0.757,0.213
346500,0.030,0.763,0.207
347000,0.030,0.764,0.206
347500,0.030,0.766,0.204
348000,0.030,0.780,0.190
348500,0.030,0.829,0.141
349000,0.030,0.839,0.131
349500,0.030,0.821,0.149
350000,0.030,0.808,0.162
350500,0.030,0.844,0.126
351000,0.030,0.804,0.166
351500,0.030,0.822,0.148
352000,0.030,0.791,0.179
352500,0.032,0.750,0.218
353000,0.030,0.764,0.206
353500,0.030,0.807,0.163
354000,0.030,0.814,0.156
354500,0.030,0.851,0.119
355000,0.030,0.850,0.120
355500,0.030,0.845,0.125
356000,0.030,0.760,0.210
356500,0.030,0.805,0.165
357000,0.030,0.784,0.186
357500,0.030,0.798,0.172
358000,0.030,0.810,0.160
358500,0.030,0.830,0.140
359000,0.030,0.812,0.158
359500,0.030,0.785,0.185
360000,0.030,0.836,0.134
360500,0.031,0.785,0.184
361000,0.030,0.766,0.204
361500,0.030,0.751,0.219
362000,0.030,0.794,0.176
362500,0.030,0.798,0.172
363000,0.030,0.766,0.204
363500,0.030,0.719,0.251
364000,0.030,0.779,0.191
364500,0.030,0.715,0.255
365000,0.030,0.746,0.224
365500,0.030,0.715,0.255
366000,0.030,0.764,0.206
366500,0.030,0.800,0.170
367000,0.030,0.816,0.154
367500,0.030,0.806,0.164
368000,0.030,0.806,0.164
368500,0.030,0.833,0.137
369000,0.030,0.791,0.179
369500,0.030,0.794,0.176
370000,0.030,0.806,0.164
370500,0.030,0.817,0.153
371000,0.030,0.825,0.145
371500,0.030,0.827,0.143
372000,0.030,0.818,0.152
372500,0.030,0.811,0.159
373000,0.030,0.814,0.156
373500,0.030,0.824,0.146
374000,0.030,0.824,0.146
374500,0.030,0.828,0.142
375000,0.030,0.834,0.136
375500,0.030,0.815,0.155
376000,0.030,0.785,0.185
376500,0.030,0.767,0.203
377000,0.030,0.797,0.173
377500,0.030,0.778,0.192
378000,0.030,0.781,0.189
378500,0.030,0.734,0.236
379000,0.030,0.786,0.184
379500,0.030,0.788,0.182
380000,0.030,0.803,0.167
380500,0.030,0.807,0.163
381000,0.030,0.797,0.173
381500,0.033,0.803,0.164
382000,0.030,0.827,0.143
382500,0.030,0.807,0.163
383000,0.030,0.780,0.190
383500,0.030,0.799,0.171
384000,0.030,0.754,0.216
384500,0.030,0.727,0.243
385000,0.030,0.769,0.201
385500,0.032,0.725,0.243
386000,0.033,0.700,0.267
386500,0.031,0.749,0.220
387000,0.031,0.744,0.225
387500,0.030,0.761,0.209
388000,0.030,0.740,0.230
388500,0.030,0.756,0.214
389000,0.030,0.767,0.203
389500,0.030,0.796,0.174
390000,0.034,0.821,0.145
390500,0.031,0.811,0.158
391000,0.030,0.801,0.169
391500,0.030,0.797,0.173
392000,0.030,0.779,0.191
392500,0.030,0.765,0.205
393000,0.030,0.759,0.211
393500,0.030,0.790,0.180
394000,0.030,0.722,0.248
394500,0.030,0.809,0.161
395000,0.030,0.805,0.165
395500,0.030,0.791,0.179
396000,0.032,0.804,0.164
396500,0.030,0.818,0.152
397000,0.030,0.847,0.123
397500,0.030,0.829,0.141
398000,0.030,0.829,0.141
398500,0.030,0.808,0.162
399000,0.030,0.812,0.158
399500,0.030,0.779,0.191
400000,0.030,0.780,0.190
400500,0.030,0.766,0.204
401000,0.030,0.791,0.179
401500,0.030,0.776,0.194
402000,0.030,0.764,0.206
402500,0.030,0.823,0.147
403000,0.030,0.751,0.219
403500,0.030,0.776,0.194
404000,0.030,0.798,0.172
404500,0.030,0.814,0.156
405000,0.030,0.820,0.150
405500,0.030,0.798,0.172
406000,0.033,0.768,0.199
406500,0.031,0.787,0.182
407000,0.030,0.815,0.155
407500,0.030,0.790,0.180
408000,0.031,0.786,0.183
408500,0.035,0.807,0.158
409000,0.030,0.785,0.185
409500,0.030,0.791,0.179
410000,0.030,0.791,0.179
410500,0.030,0.803,0.167
411000,0.030,0.848,0.122
411500,0.030,0.863,0.107
412000,0.030,0.883,0.087
412500,0.030,0.866,0.104
413000,0.030,0.866,0.104
413500,0.030,0.838,0.132
414000,0.030,0.812,0.158
414500,0.030,0.812,0.158
415000,0.030,0.827,0.143
415500,0.030,0.829,0.141
416000,0.030,0.826,0.144
416500,0.030,0.825,0.145
417000,0.030,0.809,0.161
417500,0.030,0.804,0.166
418000,0.030,0.783,0.187
418500,0.030,0.791,0.179
419000,0.030,0.817,0.153
419500,0.030,0.823,0.147
420000,0.030,0.801,0.169
420500,0.030,0.742,0.228
421000,0.030,0.757,0.213
421500,0.030,0.759,0.211
422000,0.030,0.757,0.213
422500,0.030,0.831,0.139
423000,0.030,0.790,0.180
423500,0.030,0.758,0.212
424000,0.030,0.781,0.189
424500,0.030,0.788,0.182
425000,0.030,0.777,0.193
425500,0.031,0.785,0.184
426000,0.030,0.785,0.185
426500,0.030,0.789,0.181
427000,0.030,0.801,0.169
427500,0.030,0.817,0.153
428000,0.030,0.810,0.160
428500,0.030,0.823,0.147
429000,0.030,0.779,0.191
429500,0.030,0.800,0.170
430000,0.030,0.830,0.140
430500,0.030,0.740,0.230
431000,0.030,0.737,0.233
431500,0.030,0.766,0.204
432000,0.030,0.771,0.199
432500,0.030,0.803,0.167
433000,0.030,0.810,0.160
433500,0.030,0.750,0.220
434000,0.030,0.784,0.186
434500,0.030,0.779,0.191
435000,0.030,0.807,0.163
435500,0.030,0.842,0.128
436000,0.030,0.817,0.153
436500,0.030,0.821,0.149
437000,0.030,0.813,0.157
437500,0.030,0.851,0.119
438000,0.030,0.825,0.145
438500,0.030,0.812,0.158
439000,0.030,0.821,0.149
439500,0.030,0.809,0.161
440000,0.030,0.849,0.121
440500,0.030,0.840,0.130
441000,0.031,0.822,0.147
441500,0.030,0.800,0.170
442000,0.030,0.793,0.177
442500,0.030,0.814,0.156
443000,0.030,0.797,0.173
443500,0.030,0.763,0.207
444000,0.030,0.776,0.194
444500,0.030,0.768,0.202
445000,0.030,0.774,0.196
445500,0.030,0.782,0.188
446000,0.030,0.779,0.191
446500,0.030,0.806,0.164
447000,0.030,0.751,0.219
447500,0.030,0.772,0.198
448000,0.030,0.775,0.195
448500,0.030,0.810,0.160
449000,0.030,0.801,0.169
449500,0.030,0.815,0.155
450000,0.030,0.813,0.157
450500,0.030,0.832,0.138
451000,0.030,0.847,0.123
451500,0.030,0.882,0.088
452000,0.030,0.877,0.093
452500,0.030,0.849,0.121
453000,0.030,0.848,0.122
453500,0.030,0.821,0.149
454000,0.030,0.849,0.121
454500,0.030,0.835,0.135
455000,0.030,0.847,0.123
455500,0.033,0.843,0.124
456000,0.030,0.820,0.150
456500,0.030,0.832,0.138
457000,0.030,0.817,0.153
457500,0.030,0.864,0.106
458000,0.030,0.818,0.152
458500,0.030,0.803,0.167
459000,0.030,0.746,0.224
459500,0.030,0.742,0.228
460000,0.030,0.786,0.184
460500,0.031,0.840,0.129
461000,0.030,0.826,0.144
461500,0.030,0.759,0.211
462000,0.030,0.767,0.203
462500,0.030,0.774,0.196
463000,0.030,0.829,0.141
463500,0.030,0.786,0.184
464000,0.030,0.807,0.163
464500,0.030,0.878,0.092
465000,0.030,0.861,0.109
465500,0.030,0.825,0.145
466000,0.030,0.835,0.135
466500,0.030,0.848,0.122
467000,0.030,0.864,0.106
467500,0.030,0.836,0.134
468000,0.030,0.857,0.113
468500,0.030,0.851,0.119
469000,0.030,0.831,0.139
469500,0.030,0.804,0.166
470000,0.030,0.751,0.219
470500,0.032,0.735,0.233
471000,0.030,0.755,0.215
471500,0.030,0.742,0.228
472000,0.030,0.802,0.168
472500,0.030,0.811,0.159
473000,0.030,0.824,0.146
473500,0.030,0.824,0.146
474000,0.030,0.797,0.173
474500,0.034,0.779,0.187
475000,0.032,0.799,0.169
475500,0.031,0.765,0.204
476000,0.030,0.761,0.209
476500,0.034,0.724,0.242
477000,0.036,0.716,0.248
477500,0.032,0.778,0.190
478000,0.030,0.812,0.158
478500,0.030,0.806,0.164
479000,0.031,0.834,0.135
479500,0.030,0.838,0.132
480000,0.030,0.824,0.146
480500,0.030,0.803,0.167
481000,0.030,0.764,0.206
481500,0.030,0.724,0.246
482000,0.030,0.672,0.298
482500,0.030,0.697,0.273
483000,0.030,0.735,0.235
483500,0.030,0.800,0.170
484000,0.030,0.741,0.229
484500,0.030,0.741,0.229
485000,0.034,0.753,0.213
485500,0.031,0.766,0.203
486000,0.032,0.726,0.242
486500,0.032,0.721,0.247
487000,0.030,0.746,0.224
487500,0.030,0.768,0.202
488000,0.030,0.740,0.230
488500,0.031,0.817,0.152
489000,0.030,0.813,0.157
489500,0.030,0.794,0.176
490000,0.030,0.776,0.194
490500,0.030,0.815,0.155
491000,0.030,0.769,0.201
491500,0.030,0.808,0.162
492000,0.030,0.822,0.148
492500,0.030,0.826,0.144
493000,0.030,0.804,0.166
493500,0.030,0.794,0.176
494000,0.030,0.768,0.202
494500,0.030,0.804,0.166
495000,0.030,0.784,0.186
495500,0.030,0.718,0.252
496000,0.030,0.724,0.246
496500,0.030,0.733,0.237
497000,0.030,0.751,0.219
497500,0.030,0.789,0.181
498000,0.030,0.778,0.192
498500,0.030,0.750,0.220
499000,0.034,0.734,0.232
499500,0.030,0.751,0.219
500000,0.030,0.735,0.235
500500,0.030,0.672,0.298
501000,0.031,0.690,0.279
501500,0.030,0.747,0.223
502000,0.030,0.711,0.259
502500,0.030,0.786,0.184
503000,0.030,0.791,0.179
503500,0.030,0.789,0.181
504000,0.030,0.801,0.169
504500,0.030,0.798,0.172
505000,0.030,0.768,0.202
505500,0.030,0.761,0.209
506000,0.030,0.753,0.217
506500,0.030,0.710,0.260
507000,0.031,0.692,0.277
507500,0.030,0.693,0.277
508000,0.030,0.721,0.249
508500,0.030,0.744,0.226
509000,0.030,0.788,0.182
509500,0.030,0.826,0.144
510000,0.030,0.783,0.187
510500,0.030,0.792,0.178
511000,0.030,0.791,0.179
511500,0.030,0.805,0.165
512000,0.030,0.823,0.147
512500,0.030,0.816,0.154
513000,0.030,0.834,0.136
513500,0.030,0.770,0.200
514000,0.030,0.790,0.180
514500,0.030,0.791,0.179
515000,0.030,0.809,0.161
515500,0.030,0.780,0.190
516000,0.030,0.766,0.204
516500,0.030,0.754,0.216
517000,0.030,0.726,0.244
517500,0.030,0.782,0.188
518000,0.030,0.741,0.229
518500,0.030,0.757,0.213
519000,0.030,0.761,0.209
519500,0.032,0.727,0.241
520000,0.035,0.733,0.232
520500,0.031,0.750,0.219
521000,0.030,0.794,0.176
521500,0.030,0.808,0.162
522000,0.030,0.809,0.161
522500,0.030,0.752,0.218
523000,0.034,0.750,0.216
523500,0.031,0.795,0.174
524000,0.030,0.799,0.171
524500,0.030,0.806,0.164
525000,0.030,0.788,0.182
525500,0.030,0.803,0.167
526000,0.030,0.800,0.170
526500,0.030,0.837,0.133
527000,0.030,0.816,0.154
527500,0.030,0.810,0.160
528000,0.030,0.805,0.165
528500,0.030,0.826,0.144
529000,0.030,0.801,0.169
529500,0.030,0.795,0.175
530000,0.030,0.778,0.192
530500,0.030,0.797,0.173
531000,0.030,0.839,0.131
531500,0.030,0.812,0.158
532000,0.030,0.756,0.214
532500,0.030,0.771,0.199
533000,0.030,0.778,0.192
533500,0.030,0.820,0.150
534000,0.033,0.783,0.184
534500,0.033,0.788,0.179
535000,0.030,0.816,0.154
535500,0.030,0.802,0.168
536000,0.030,0.817,0.153
536500,0.030,0.793,0.177
537000,0.030,0.816,0.154
537500,0.030,0.799,0.171
538000,0.030,0.797,0.173
538500,0.030,0.756,0.214
539000,0.030,0.719,0.251
539500,0.030,0.756,0.214
540000,0.030,0.784,0.186
540500,0.030,0.804,0.166
541000,0.030,0.838,0.132
541500,0.030,0.826,0.144
542000,0.030,0.788,0.182
542500,0.030,0.778,0.192
543000,0.030,0.841,0.129
543500,0.030,0.819,0.151
544000,0.030,0.822,0.148
544500,0.030,0.815,0.155
545000,0.030,0.801,0.169
545500,0.030,0.802,0.168
546000,0.030,0.803,0.167
546500,0.030,0.764,0.206
547000,0.030,0.764,0.206
547500,0.030,0.745,0.225
548000,0.031,0.794,0.175
548500,0.030,0.793,0.177
549000,0.030,0.786,0.184
549500,0.030,0.789,0.181
550000,0.032,0.763,0.205
550500,0.030,0.742,0.228
551000,0.030,0.793,0.177
551500,0.030,0.796,0.174
552000,0.030,0.819,0.151
552500,0.030,0.831,0.139
553000,0.030,0.822,0.148
553500,0.030,0.826,0.144
554000,0.030,0.798,0.172
554500,0.030,0.810,0.160
555000,0.030,0.820,0.150
555500,0.030,0.812,0.158
556000,0.030,0.804,0.166
556500,0.030,0.831,0.139
557000,0.030,0.827,0.143
557500,0.030,0.771,0.199
558000,0.030,0.788,0.182
558500,0.030,0.815,0.155
559000,0.030,0.846,0.124
559500,0.030,0.808,0.162
560000,0.030,0.776,0.194
560500,0.030,0.796,0.174
561000,0.030,0.795,0.175
561500,0.030,0.772,0.198
562000,0.030,0.785,0.185
562500,0.030,0.791,0.179
563000,0.030,0.793,0.177
563500,0.030,0.778,0.192
564000,0.030,0.806,0.164
564500,0.030,0.825,0.145
565000,0.030,0.797,0.173
565500,0.030,0.784,0.186
566000,0.030,0.787,0.183
566500,0.030,0.796,0.174
567000,0.030,0.798,0.172
567500,0.030,0.763,0.207
568000,0.030,0.765,0.205
568500,0.030,0.800,0.170
569000,0.030,0.702,0.268
569500,0.034,0.771,0.195
570000,0.031,0.750,0.219
570500,0.030,0.747,0.223
571000,0.030,0.799,0.171
571500,0.030,0.835,0.135
572000,0.030,0.830,0.140
572500,0.030,0.804,0.166
573000,0.030,0.839,0.131
573500,0.030,0.792,0.178
574000,0.030,0.755,0.215
574500,0.030,0.731,0.239
575000,0.030,0.785,0.185
575500,0.030,0.758,0.212
576000,0.030,0.800,0.170
576500,0.030,0.772,0.198
577000,0.030,0.795,0.175
577500,0.030,0.798,0.172
578000,0.030,0.782,0.188
578500,0.030,0.830,0.140
579000,0.030,0.861,0.109
579500,0.030,0.844,0.126
580000,0.030,0.834,0.136
580500,0.030,0.831,0.139
581000,0.030,0.786,0.184
581500,0.030,0.801,0.169
582000,0.030,0.820,0.150
582500,0.030,0.744,0.226
583000,0.032,0.708,0.260
583500,0.030,0.715,0.255
584000,0.030,0.768,0.202
584500,0.030,0.751,0.219
585000,0.030,0.813,0.157
585500,0.030,0.873,0.097
586000,0.030,0.860,0.110
586500,0.030,0.882,0.088
587000,0.030,0.863,0.107
587500,0.030,0.867,0.103
588000,0.030,0.819,0.151
588500,0.030,0.804,0.166
589000,0.030,0.819,0.151
589500,0.030,0.795,0.175
590000,0.030,0.753,0.217
590500,0.030,0.779,0.191
591000,0.030,0.779,0.191
591500,0.030,0.821,0.149
592000,0.030,0.791,0.179
592500,0.030,0.798,0.172
593000,0.030,0.828,0.142
593500,0.030,0.832,0.138
594000,0.030,0.855,0.115
594500,0.030,0.811,0.159
595000,0.030,0.781,0.189
595500,0.030,0.824,0.146
596000,0.030,0.811,0.159
596500,0.030,0.830,0.140
597000,0.030,0.820,0.150
597500,0.030,0.790,0.180
598000,0.030,0.772,0.198
598500,0.030,0.809,0.161
599000,0.030,0.792,0.178
599500,0.030,0.804,0.166
600000,0.030,0.826,0.144
600500,0.030,0.862,0.108
601000,0.030,0.860,0.110
601500,0.030,0.836,0.134
602000,0.030,0.833,0.137
602500,0.030,0.805,0.165
603000,0.030,0.821,0.149
603500,0.030,0.776,0.194
604000,0.030,0.787,0.183
604500,0.030,0.776,0.194
605000,0.030,0.781,0.189
605500,0.030,0.817,0.153
606000,0.030,0.835,0.135
606500,0.030,0.864,0.106
607000,0.030,0.884,0.086
607500,0.030,0.823,0.147
608000,0.030,0.829,0.141
608500,0.030,0.766,0.204
609000,0.030,0.735,0.235
609500,0.030,0.747,0.223
610000,0.030,0.779,0.191
610500,0.030,0.778,0.192
611000,0.030,0.804,0.166
611500,0.030,0.762,0.208
612000,0.034,0.745,0.221
612500,0.030,0.792,0.178
613000,0.030,0.729,0.241
613500,0.030,0.733,0.237
614000,0.035,0.745,0.220
614500,0.031,0.763,0.206
615000,0.030,0.782,0.188
615500,0.030,0.784,0.186
616000,0.030,0.800,0.170
616500,0.030,0.836,0.134
617000,0.030,0.822,0.148
617500,0.030,0.821,0.149
618000,0.030,0.846,0.124
618500,0.030,0.801,0.169
619000,0.030,0.810,0.160
619500,0.030,0.800,0.170
620000,0.030,0.798,0.172
620500,0.030,0.795,0.175
621000,0.030,0.761,0.209
621500,0.030,0.791,0.179
622000,0.030,0.782,0.188
622500,0.030,0.766,0.204
623000,0.030,0.768,0.202
623500,0.030,0.757,0.213
624000,0.030,0.791,0.179
624500,0.030,0.822,0.148
625000,0.030,0.835,0.135
625500,0.030,0.862,0.108
626000,0.030,0.818,0.152
626500,0.030,0.803,0.167
627000,0.030,0.805,0.165
627500,0.030,0.801,0.169
628000,0.030,0.807,0.163
628500,0.032,0.806,0.162
629000,0.030,0.739,0.231
629500,0.030,0.771,0.199
630000,0.030,0.779,0.191
630500,0.030,0.760,0.210
631000,0.030,0.812,0.158
631500,0.031,0.759,0.210
632000,0.031,0.753,0.216
632500,0.030,0.779,0.191
633000,0.030,0.792,0.178
633500,0.030,0.797,0.173
634000,0.030,0.822,0.148
634500,0.030,0.802,0.168
635000,0.030,0.766,0.204
635500,0.030,0.725,0.245
636000,0.030,0.745,0.225
636500,0.031,0.774,0.195
637000,0.031,0.826,0.143
637500,0.030,0.823,0.147
638000,0.030,0.775,0.195
638500,0.030,0.800,0.170
639000,0.030,0.816,0.154
639500,0.030,0.797,0.173
640000,0.030,0.782,0.188
640500,0.030,0.825,0.145
641000,0.030,0.836,0.134
641500,0.030,0.830,0.140
642000,0.030,0.791,0.179
642500,0.030,0.802,0.168
643000,0.030,0.793,0.177
643500,0.030,0.817,0.153
644000,0.030,0.812,0.158
644500,0.030,0.782,0.188
645000,0.030,0.754,0.216
645500,0.030,0.742,0.228
646000,0.030,0.734,0.236
646500,0.030,0.704,0.266
647000,0.030,0.736,0.234
647500,0.030,0.769,0.201
648000,0.030,0.741,0.229
648500,0.030,0.772,0.198
649000,0.034,0.804,0.162
649500,0.032,0.763,0.205
650000,0.030,0.758,0.212
650500,0.030,0.815,0.155
651000,0.030,0.808,0.162
651500,0.030,0.805,0.165
652000,0.030,0.812,0.158
652500,0.030,0.811,0.159
653000,0.030,0.802,0.168
653500,0.030,0.791,0.179
654000,0.030,0.819,0.151
654500,0.030,0.832,0.138
655000,0.030,0.796,0.174
655500,0.030,0.801,0.169
656000,0.030,0.816,0.154
656500,0.030,0.823,0.147
657000,0.030,0.815,0.155
657500,0.030,0.807,0.163
658000,0.030,0.797,0.173
658500,0.030,0.795,0.175
659000,0.030,0.808,0.162
659500,0.030,0.827,0.143
660000,0.030,0.818,0.152
660500,0.030,0.778,0.192
661000,0.030,0.770,0.200
661500,0.030,0.797,0.173
662000,0.030,0.832,0.138
662500,0.030,0.824,0.146
663000,0.030,0.822,0.148
663500,0.030,0.806,0.164
664000,0.030,0.812,0.158
664500,0.030,0.766,0.204
665000,0.030,0.815,0.155
665500,0.030,0.826,0.144
666000,0.030,0.857,0.113
666500,0.030,0.763,0.207
667000,0.030,0.768,0.202
667500,0.030,0.744,0.226
668000,0.030,0.781,0.189
668500,0.030,0.805,0.165
669000,0.030,0.826,0.144
669500,0.030,0.790,0.180
670000,0.030,0.786,0.184
670500,0.030,0.781,0.189
671000,0.030,0.787,0.183
671500,0.030,0.776,0.194
672000,0.030,0.787,0.183
672500,0.030,0.765,0.205
673000,0.030,0.778,0.192
673500,0.030,0.776,0.194
674000,0.030,0.793,0.177
674500,0.030,0.804,0.166
675000,0.030,0.772,0.198
675500,0.030,0.729,0.241
676000,0.034,0.701,0.265
676500,0.031,0.693,0.276
677000,0.034,0.712,0.254
677500,0.031,0.749,0.220
678000,0.032,0.748,0.220
678500,0.031,0.807,0.162
679000,0.031,0.744,0.225
679500,0.034,0.756,0.210
680000,0.031,0.784,0.185
680500,0.031,0.773,0.196
681000,0.030,0.784,0.186
681500,0.030,0.777,0.193
682000,0.030,0.751,0.219
682500,0.030,0.796,0.174
683000,0.030,0.775,0.195
683500,0.030,0.748,0.222
684000,0.030,0.786,0.184
684500,0.030,0.779,0.191
685000,0.030,0.794,0.176
685500,0.030,0.827,0.143
686000,0.030,0.840,0.130
686500,0.030,0.834,0.136
687000,0.030,0.794,0.176
687500,0.030,0.759,0.211
688000,0.030,0.780,0.190
688500,0.030,0.776,0.194
689000,0.030,0.773,0.197
689500,0.030,0.742,0.228
690000,0.030,0.799,0.171
690500,0.030,0.833,0.137
691000,0.030,0.789,0.181
691500,0.030,0.827,0.143
692000,0.030,0.818,0.152
692500,0.030,0.738,0.232
693000,0.030,0.761,0.209
693500,0.030,0.796,0.174
694000,0.030,0.782,0.188
694500,0.030,0.838,0.132
695000,0.030,0.843,0.127
695500,0.030,0.846,0.124
696000,0.031,0.825,0.144
696500,0.030,0.802,0.168
697000,0.030,0.806,0.164
697500,0.030,0.863,0.107
698000,0.030,0.811,0.159
698500,0.030,0.766,0.204
699000,0.030,0.699,0.271
699500,0.030,0.750,0.220
700000,0.030,0.783,0.187
700500,0.033,0.803,0.164
701000,0.030,0.823,0.147
701500,0.030,0.839,0.131
702000,0.030,0.812,0.158
702500,0.030,0.822,0.148
703000,0.030,0.768,0.202
703500,0.030,0.818,0.152
704000,0.030,0.753,0.217
704500,0.030,0.822,0.148
705000,0.030,0.796,0.174
705500,0.030,0.802,0.168
706000,0.034,0.785,0.181
706500,0.031,0.777,0.192
707000,0.030,0.756,0.214
707500,0.030,0.737,0.233
708000,0.030,0.740,0.230
708500,0.030,0.755,0.215
709000,0.030,0.763,0.207
709500,0.030,0.827,0.143
710000,0.030,0.828,0.142
710500,0.030,0.825,0.145
711000,0.030,0.805,0.165
711500,0.030,0.829,0.141
712000,0.030,0.835,0.135
712500,0.030,0.795,0.175
713000,0.030,0.829,0.141
713500,0.030,0.828,0.142
714000,0.030,0.845,0.125
714500,0.030,0.836,0.134
715000,0.030,0.813,0.157
715500,0.030,0.832,0.138
716000,0.030,0.847,0.123
716500,0.030,0.815,0.155
717000,0.030,0.805,0.165
717500,0.030,0.833,0.137
718000,0.030,0.850,0.120
718500,0.030,0.837,0.133
719000,0.032,0.807,0.161
719500,0.031,0.817,0.152
720000,0.030,0.815,0.155
720500,0.030,0.778,0.192
721000,0.030,0.752,0.218
721500,0.030,0.754,0.216
722000,0.030,0.774,0.196
722500,0.030,0.813,0.157
723000,0.030,0.807,0.163
723500,0.030,0.813,0.157
724000,0.030,0.815,0.155
724500,0.030,0.817,0.153
725000,0.030,0.845,0.125
725500,0.030,0.794,0.176
726000,0.030,0.800,0.170
726500,0.030,0.796,0.174
727000,0.030,0.829,0.141
727500,0.030,0.803,0.167
728000,0.030,0.759,0.211
728500,0.030,0.797,0.173
729000,0.030,0.821,0.149
729500,0.030,0.795,0.175
730000,0.030,0.768,0.202
730500,0.030,0.782,0.188
731000,0.030,0.771,0.199
731500,0.030,0.770,0.200
732000,0.030,0.835,0.135
732500,0.030,0.843,0.127
733000,0.030,0.769,0.201
733500,0.030,0.786,0.184
734000,0.030,0.795,0.175
734500,0.030,0.796,0.174
735000,0.030,0.780,0.190
735500,0.030,0.749,0.221
736000,0.030,0.776,0.194
736500,0.030,0.795,0.175
737000,0.030,0.760,0.210
737500,0.030,0.792,0.178
738000,0.030,0.810,0.160
738500,0.030,0.799,0.171
739000,0.030,0.813,0.157
739500,0.030,0.851,0.119
740000,0.030,0.880,0.090
740500,0.030,0.856,0.114
741000,0.030,0.816,0.154
741500,0.030,0.837,0.133
742000,0.030,0.846,0.124
742500,0.030,0.834,0.136
743000,0.030,0.839,0.131
743500,0.030,0.839,0.131
744000,0.030,0.828,0.142
744500,0.030,0.822,0.148
745000,0.030,0.815,0.155
745500,0.030,0.838,0.132
746000,0.030,0.822,0.148
746500,0.030,0.834,0.136
747000,0.030,0.834,0.136
747500,0.030,0.833,0.137
748000,0.030,0.854,0.116
748500,0.030,0.831,0.139
749000,0.030,0.834,0.136
749500,0.030,0.838,0.132
750000,0.030,0.850,0.120
750500,0.030,0.838,0.132
751000,0.030,0.809,0.161
751500,0.030,0.791,0.179
752000,0.030,0.806,0.164
752500,0.030,0.792,0.178
753000,0.030,0.801,0.169
753500,0.030,0.798,0.172
754000,0.030,0.794,0.176
754500,0.030,0.779,0.191
755000,0.030,0.775,0.195
755500,0.030,0.805,0.165
756000,0.030,0.797,0.173
756500,0.030,0.797,0.173
757000,0.030,0.804,0.166
757500,0.030,0.820,0.150
758000,0.030,0.843,0.127
758500,0.030,0.873,0.097
759000,0.030,0.814,0.156
759500,0.030,0.790,0.180
760000,0.030,0.792,0.178
760500,0.035,0.786,0.179
761000,0.030,0.773,0.197
761500,0.030,0.801,0.169
762000,0.030,0.841,0.129
762500,0.030,0.856,0.114
763000,0.030,0.809,0.161
763500,0.030,0.811,0.159
764000,0.030,0.806,0.164
764500,0.030,0.847,0.123
765000,0.030,0.815,0.155
765500,0.030,0.803,0.167
766000,0.030,0.760,0.210
766500,0.030,0.746,0.224
767000,0.030,0.780,0.190
767500,0.030,0.806,0.164
768000,0.030,0.782,0.188
768500,0.030,0.793,0.177
769000,0.030,0.791,0.179
769500,0.030,0.795,0.175
770000,0.030,0.777,0.193
770500,0.030,0.830,0.140
771000,0.030,0.831,0.139
771500,0.030,0.812,0.158
772000,0.030,0.819,0.151
772500,0.030,0.789,0.181
773000,0.030,0.823,0.147
773500,0.030,0.837,0.133
774000,0.030,0.830,0.140
774500,0.030,0.795,0.175
775000,0.030,0.792,0.178
775500,0.030,0.827,0.143
776000,0.030,0.828,0.142
776500,0.030,0.828,0.142
777000,0.030,0.813,0.157
777500,0.032,0.765,0.203
778000,0.030,0.767,0.203
778500,0.030,0.771,0.199
779000,0.030,0.795,0.175
779500,0.030,0.800,0.170
780000,0.033,0.732,0.235
780500,0.032,0.753,0.215
781000,0.030,0.766,0.204
781500,0.030,0.827,0.143
782000,0.030,0.797,0.173
782500,0.030,0.813,0.157
783000,0.030,0.822,0.148
783500,0.030,0.844,0.126
784000,0.030,0.840,0.130
784500,0.030,0.823,0.147
785000,0.030,0.805,0.165
785500,0.030,0.769,0.201
786000,0.030,0.772,0.198
786500,0.030,0.772,0.198
787000,0.030,0.770,0.200
787500,0.030,0.835,0.135
788000,0.030,0.847,0.123
788500,0.030,0.827,0.143
789000,0.030,0.830,0.140
789500,0.030,0.834,0.136
790000,0.031,0.825,0.144
790500,0.030,0.771,0.199
791000,0.030,0.769,0.201
791500,0.032,0.777,0.191
792000,0.030,0.747,0.223
792500,0.030,0.739,0.231
793000,0.030,0.764,0.206
793500,0.030,0.818,0.152
794000,0.030,0.843,0.127
794500,0.030,0.793,0.177
795000,0.030,0.795,0.175
795500,0.030,0.820,0.150
796000,0.030,0.787,0.183
796500,0.030,0.755,0.215
797000,0.030,0.783,0.187
797500,0.030,0.761,0.209
798000,0.030,0.769,0.201
798500,0.030,0.773,0.197
799000,0.030,0.822,0.148
799500,0.030,0.829,0.141
800000,0.030,0.789,0.181
800500,0.030,0.793,0.177
801000,0.030,0.766,0.204
801500,0.030,0.776,0.194
802000,0.030,0.771,0.199
802500,0.030,0.759,0.211
803000,0.030,0.772,0.198
803500,0.030,0.745,0.225
804000,0.030,0.757,0.213
804500,0.030,0.799,0.171
805000,0.030,0.782,0.188
805500,0.030,0.799,0.171
806000,0.030,0.791,0.179
806500,0.030,0.833,0.137
807000,0.031,0.850,0.119
807500,0.030,0.822,0.148
808000,0.030,0.845,0.125
808500,0.030,0.798,0.172
809000,0.030,0.814,0.156
809500,0.030,0.803,0.167
810000,0.030,0.800,0.170
810500,0.030,0.779,0.191
811000,0.030,0.786,0.184
811500,0.030,0.815,0.155
812000,0.030,0.825,0.145
812500,0.030,0.797,0.173
813000,0.030,0.778,0.192
813500,0.030,0.764,0.206
814000,0.030,0.768,0.202
814500,0.030,0.769,0.201
815000,0.030,0.728,0.242
815500,0.030,0.779,0.191
816000,0.030,0.749,0.221
816500,0.030,0.742,0.228
817000,0.030,0.746,0.224
817500,0.030,0.753,0.217
818000,0.030,0.734,0.236
818500,0.030,0.703,0.267
819000,0.034,0.737,0.229
819500,0.030,0.721,0.249
820000,0.030,0.809,0.161
820500,0.030,0.827,0.143
821000,0.030,0.821,0.149
821500,0.030,0.821,0.149
822000,0.030,0.822,0.148
822500,0.030,0.822,0.148
823000,0.030,0.743,0.227
823500,0.032,0.769,0.199
824000,0.030,0.805,0.165
824500,0.030,0.785,0.185
825000,0.030,0.794,0.176
825500,0.030,0.733,0.237
826000,0.030,0.768,0.202
826500,0.030,0.814,0.156
827000,0.030,0.831,0.139
827500,0.030,0.817,0.153
828000,0.030,0.740,0.230
828500,0.030,0.743,0.227
829000,0.032,0.750,0.218
829500,0.031,0.787,0.182
830000,0.030,0.810,0.160
830500,0.030,0.818,0.152
831000,0.030,0.813,0.157
831500,0.031,0.818,0.151
832000,0.030,0.849,0.121
832500,0.030,0.850,0.120
833000,0.030,0.788,0.182
833500,0.030,0.737,0.233
834000,0.030,0.808,0.162
834500,0.030,0.765,0.205
835000,0.030,0.756,0.214
835500,0.030,0.783,0.187
836000,0.030,0.763,0.207
836500,0.030,0.767,0.203
837000,0.030,0.767,0.203
837500,0.030,0.790,0.180
838000,0.030,0.828,0.142
838500,0.030,0.857,0.113
839000,0.030,0.846,0.124
839500,0.030,0.859,0.111
840000,0.030,0.822,0.148
840500,0.030,0.796,0.174
841000,0.030,0.778,0.192
841500,0.030,0.788,0.182
842000,0.030,0.810,0.160
842500,0.030,0.820,0.150
843000,0.030,0.840,0.130
843500,0.030,0.794,0.176
844000,0.030,0.784,0.186
844500,0.030,0.797,0.173
845000,0.030,0.808,0.162
845500,0.030,0.814,0.156
846000,0.030,0.827,0.143
846500,0.030,0.831,0.139
847000,0.030,0.812,0.158
847500,0.030,0.821,0.149
848000,0.030,0.807,0.163
848500,0.030,0.816,0.154
849000,0.030,0.773,0.197
849500,0.030,0.770,0.200
850000,0.030,0.782,0.188
850500,0.030,0.804,0.166
851000,0.030,0.831,0.139
851500,0.030,0.846,0.124
852000,0.030,0.833,0.137
852500,0.030,0.832,0.138
853000,0.030,0.866,0.104
853500,0.030,0.837,0.133
854000,0.030,0.829,0.141
854500,0.030,0.861,0.109
855000,0.030,0.843,0.127
855500,0.030,0.864,0.106
856000,0.030,0.849,0.121
856500,0.030,0.825,0.145
857000,0.030,0.836,0.134
857500,0.030,0.790,0.180
858000,0.030,0.786,0.184
858500,0.030,0.763,0.207
859000,0.030,0.792,0.178
859500,0.030,0.804,0.166
860000,0.030,0.789,0.181
860500,0.034,0.829,0.137
861000,0.031,0.829,0.140
861500,0.030,0.815,0.155
862000,0.030,0.764,0.206
862500,0.030,0.780,0.190
863000,0.030,0.775,0.195
863500,0.030,0.815,0.155
864000,0.030,0.805,0.165
864500,0.030,0.828,0.142
865000,0.030,0.833,0.137
865500,0.030,0.811,0.159
866000,0.030,0.816,0.154
866500,0.030,0.840,0.130
867000,0.030,0.840,0.130
867500,0.030,0.845,0.125
868000,0.030,0.829,0.141
868500,0.030,0.838,0.132
869000,0.030,0.823,0.147
869500,0.030,0.811,0.159
870000,0.030,0.788,0.182
870500,0.030,0.838,0.132
871000,0.030,0.798,0.172
871500,0.030,0.802,0.168
872000,0.030,0.798,0.172
872500,0.030,0.764,0.206
873000,0.030,0.758,0.212
873500,0.030,0.823,0.147
874000,0.030,0.824,0.146
874500,0.030,0.831,0.139
875000,0.030,0.840,0.130
875500,0.030,0.834,0.136
876000,0.030,0.823,0.147
876500,0.030,0.804,0.166
877000,0.030,0.808,0.162
877500,0.030,0.836,0.134
878000,0.030,0.840,0.130
878500,0.030,0.872,0.098
879000,0.030,0.876,0.094
879500,0.030,0.832,0.138
880000,0.030,0.817,0.153
880500,0.030,0.835,0.135
881000,0.030,0.771,0.199
881500,0.030,0.756,0.214
882000,0.030,0.751,0.219
882500,0.031,0.771,0.198
883000,0.030,0.770,0.200
883500,0.030,0.803,0.167
884000,0.030,0.806,0.164
884500,0.030,0.818,0.152
885000,0.030,0.838,0.132
885500,0.030,0.838,0.132
886000,0.030,0.833,0.137
886500,0.030,0.844,0.126
887000,0.030,0.812,0.158
887500,0.030,0.797,0.173
888000,0.030,0.749,0.221
888500,0.031,0.707,0.262
889000,0.030,0.772,0.198
889500,0.030,0.808,0.162
890000,0.030,0.823,0.147
890500,0.030,0.809,0.161
891000,0.030,0.818,0.152
891500,0.030,0.784,0.186
892000,0.030,0.799,0.171
892500,0.030,0.773,0.197
893000,0.030,0.771,0.199
893500,0.030,0.764,0.206
894000,0.030,0.758,0.212
894500,0.030,0.786,0.184
895000,0.030,0.757,0.213
895500,0.030,0.786,0.184
896000,0.030,0.789,0.181
896500,0.031,0.787,0.182
897000,0.031,0.815,0.154
897500,0.030,0.848,0.122
898000,0.030,0.833,0.137
898500,0.030,0.858,0.112
899000,0.030,0.799,0.171
899500,0.030,0.796,0.174
900000,0.030,0.788,0.182
900500,0.030,0.790,0.180
901000,0.030,0.797,0.173
901500,0.030,0.809,0.161
902000,0.030,0.829,0.141
902500,0.030,0.840,0.130
903000,0.030,0.842,0.128
903500,0.030,0.854,0.116
904000,0.030,0.837,0.133
904500,0.030,0.793,0.177
905000,0.030,0.806,0.164
905500,0.030,0.796,0.174
906000,0.030,0.794,0.176
906500,0.030,0.780,0.190
907000,0.030,0.794,0.176
907500,0.030,0.790,0.180
908000,0.030,0.789,0.181
908500,0.030,0.786,0.184
909000,0.030,0.811,0.159
909500,0.030,0.838,0.132
910000,0.030,0.832,0.138
910500,0.030,0.811,0.159
911000,0.030,0.783,0.187
911500,0.030,0.784,0.186
912000,0.030,0.781,0.189
912500,0.030,0.794,0.176
913000,0.030,0.769,0.201
913500,0.030,0.805,0.165
914000,0.030,0.782,0.188
914500,0.030,0.822,0.148
915000,0.030,0.791,0.179
915500,0.030,0.800,0.170
916000,0.030,0.798,0.172
916500,0.030,0.827,0.143
917000,0.030,0.814,0.156
917500,0.030,0.806,0.164
918000,0.035,0.763,0.202
918500,0.030,0.775,0.195
919000,0.030,0.803,0.167
919500,0.030,0.803,0.167
920000,0.030,0.806,0.164
920500,0.030,0.833,0.137
921000,0.030,0.797,0.173
921500,0.030,0.783,0.187
922000,0.030,0.768,0.202
922500,0.030,0.723,0.247
923000,0.030,0.770,0.200
923500,0.030,0.749,0.221
924000,0.030,0.788,0.182
924500,0.030,0.802,0.168
925000,0.030,0.740,0.230
925500,0.030,0.740,0.230
926000,0.030,0.766,0.204
926500,0.030,0.803,0.167
927000,0.030,0.799,0.171
927500,0.030,0.792,0.178
928000,0.030,0.771,0.199
928500,0.030,0.782,0.188
929000,0.030,0.775,0.195
929500,0.030,0.805,0.165
930000,0.030,0.835,0.135
930500,0.030,0.830,0.140
931000,0.030,0.822,0.148
931500,0.030,0.785,0.185
932000,0.031,0.744,0.225
932500,0.031,0.781,0.188
933000,0.031,0.774,0.195
933500,0.030,0.795,0.175
934000,0.030,0.807,0.163
934500,0.030,0.813,0.157
935000,0.030,0.792,0.178
935500,0.030,0.822,0.148
936000,0.030,0.820,0.150
936500,0.030,0.831,0.139
937000,0.030,0.798,0.172
937500,0.030,0.794,0.176
938000,0.030,0.784,0.186
938500,0.030,0.806,0.164
939000,0.030,0.811,0.159
939500,0.030,0.828,0.142
940000,0.030,0.789,0.181
940500,0.030,0.832,0.138
941000,0.031,0.812,0.157
941500,0.030,0.753,0.217
942000,0.030,0.805,0.165
942500,0.030,0.818,0.152
943000,0.030,0.820,0.150
943500,0.030,0.827,0.143
944000,0.030,0.804,0.166
944500,0.030,0.814,0.156
945000,0.030,0.836,0.134
945500,0.030,0.841,0.129
946000,0.030,0.798,0.172
946500,0.030,0.779,0.191
947000,0.030,0.817,0.153
947500,0.030,0.796,0.174
948000,0.030,0.809,0.161
948500,0.030,0.789,0.181
949000,0.030,0.773,0.197
949500,0.030,0.802,0.168
950000,0.030,0.825,0.145
950500,0.030,0.824,0.146
951000,0.030,0.855,0.115
951500,0.030,0.878,0.092
952000,0.030,0.883,0.087
952500,0.030,0.847,0.123
953000,0.030,0.810,0.160
953500,0.030,0.835,0.135
954000,0.030,0.795,0.175
954500,0.031,0.798,0.171
955000,0.030,0.804,0.166
955500,0.030,0.819,0.151
956000,0.030,0.849,0.121
956500,0.030,0.806,0.164
957000,0.030,0.805,0.165
957500,0.030,0.807,0.163
958000,0.030,0.824,0.146
958500,0.030,0.811,0.159
959000,0.030,0.844,0.126
959500,0.030,0.837,0.133
960000,0.030,0.796,0.174
960500,0.030,0.769,0.201
961000,0.030,0.747,0.223
961500,0.030,0.793,0.177
962000,0.030,0.814,0.156
962500,0.030,0.812,0.158
963000,0.030,0.860,0.110
963500,0.030,0.833,0.137
964000,0.030,0.829,0.141
964500,0.030,0.816,0.154
965000,0.030,0.805,0.165
965500,0.030,0.782,0.188
966000,0.030,0.811,0.159
966500,0.034,0.807,0.159
967000,0.030,0.801,0.169
967500,0.030,0.805,0.165
968000,0.030,0.794,0.176
968500,0.030,0.779,0.191
969000,0.030,0.772,0.198
969500,0.030,0.750,0.220
970000,0.030,0.765,0.205
970500,0.030,0.737,0.233
971000,0.030,0.761,0.209
971500,0.030,0.770,0.200
972000,0.031,0.794,0.175
972500,0.030,0.783,0.187
973000,0.030,0.768,0.202
973500,0.030,0.784,0.186
974000,0.030,0.787,0.183
974500,0.030,0.769,0.201
975000,0.030,0.809,0.161
975500,0.030,0.818,0.152
976000,0.030,0.837,0.133
976500,0.030,0.810,0.160
977000,0.030,0.785,0.185
977500,0.030,0.794,0.176
978000,0.030,0.753,0.217
978500,0.030,0.755,0.215
979000,0.030,0.779,0.191
979500,0.030,0.758,0.212
980000,0.034,0.772,0.194
980500,0.030,0.812,0.158
981000,0.030,0.830,0.140
981500,0.030,0.827,0.143
982000,0.030,0.796,0.174
982500,0.030,0.770,0.200
983000,0.030,0.774,0.196
983500,0.030,0.793,0.177
984000,0.030,0.796,0.174
984500,0.030,0.796,0.174
985000,0.030,0.718,0.252
985500,0.030,0.785,0.185
986000,0.030,0.778,0.192
986500,0.030,0.734,0.236
987000,0.030,0.769,0.201
987500,0.030,0.809,0.161
988000,0.030,0.800,0.170
988500,0.030,0.805,0.165
989000,0.030,0.800,0.170
989500,0.030,0.791,0.179
990000,0.030,0.793,0.177
990500,0.030,0.831,0.139
991000,0.030,0.784,0.186
991500,0.030,0.816,0.154
992000,0.030,0.805,0.165
992500,0.030,0.840,0.130
993000,0.030,0.823,0.147
993500,0.030,0.813,0.157
994000,0.030,0.776,0.194
994500,0.030,0.769,0.201
995000,0.030,0.762,0.208
995500,0.030,0.772,0.198
996000,0.030,0.772,0.198
996500,0.030,0.765,0.205
997000,0.031,0.727,0.242
997500,0.031,0.749,0.220
998000,0.030,0.774,0.196
998500,0.033,0.750,0.217
999000,0.030,0.768,0.202
999500,0.030,0.787,0.183
1000000,0.030,0.769,0.201
