time,n_A+p,n_B,n_AB
0,0.449,0.551,0.000
500,0.342,0.469,0.189
1000,0.306,0.428,0.266
1500,0.291,0.381,0.328
2000,0.298,0.333,0.369
2500,0.276,0.330,0.394
3000,0.266,0.308,0.426
3500,0.258,0.289,0.453
4000,0.238,0.294,0.468
4500,0.234,0.288,0.478
5000,0.227,0.282,0.491
5500,0.216,0.278,0.507
6000,0.211,0.285,0.504
6500,0.222,0.269,0.510
7000,0.234,0.257,0.509
7500,0.232,0.252,0.516
8000,0.237,0.269,0.494
8500,0.251,0.251,0.497
9000,0.273,0.248,0.479
9500,0.248,0.254,0.497
10000,0.246,0.242,0.512
10500,0.227,0.240,0.533
11000,0.236,0.232,0.532
11500,0.245,0.248,0.507
12000,0.248,0.263,0.489
12500,0.225,0.253,0.522
13000,0.226,0.244,0.530
13500,0.249,0.240,0.511
14000,0.232,0.256,0.512
14500,0.228,0.251,0.521
15000,0.204,0.246,0.550
15500,0.208,0.252,0.539
16000,0.212,0.238,0.550
16500,0.210,0.217,0.573
17000,0.251,0.216,0.533
17500,0.248,0.228,0.524
18000,0.234,0.207,0.559
18500,0.227,0.222,0.552
19000,0.239,0.203,0.558
19500,0.231,0.221,0.549
20000,0.226,0.217,0.558
20500,0.215,0.228,0.558
21000,0.222,0.201,0.577
21500,0.198,0.209,0.592
22000,0.203,0.207,0.589
22500,0.203,0.200,0.597
23000,0.209,0.187,0.604
23500,0.215,0.182,0.604
24000,0.210,0.196,0.593
24500,0.196,0.198,0.606
25000,0.203,0.200,0.597
25500,0.196,0.199,0.605
26000,0.170,0.218,0.613
26500,0.171,0.231,0.599
27000,0.178,0.248,0.574
27500,0.178,0.232,0.590
28000,0.176,0.242,0.582
28500,0.175,0.263,0.563
29000,0.195,0.270,0.535
29500,0.187,0.235,0.578
30000,0.187,0.239,0.574
30500,0.185,0.240,0.575
31000,0.193,0.226,0.581
31500,0.193,0.198,0.609
32000,0.204,0.190,0.606
32500,0.188,0.201,0.611
33000,0.198,0.198,0.604
33500,0.198,0.200,0.602
34000,0.193,0.198,0.609
34500,0.201,0.200,0.599
35000,0.191,0.237,0.572
35500,0.196,0.220,0.584
36000,0.191,0.225,0.584
36500,0.189,0.199,0.612
37000,0.202,0.192,0.606
37500,0.209,0.202,0.588
38000,0.198,0.211,0.590
38500,0.198,0.180,0.622
39000,0.174,0.190,0.636
39500,0.180,0.211,0.609
40000,0.191,0.229,0.580
40500,0.184,0.198,0.618
41000,0.199,0.192,0.609
41500,0.213,0.187,0.600
42000,0.197,0.188,0.615
42500,0.196,0.194,0.610
43000,0.192,0.184,0.624
43500,0.180,0.168,0.653
44000,0.193,0.190,0.617
44500,0.174,0.191,0.635
45000,0.188,0.199,0.613
45500,0.188,0.196,0.616
46000,0.158,0.200,0.641
46500,0.174,0.191,0.635
47000,0.180,0.188,0.632
47500,0.175,0.196,0.629
48000,0.183,0.197,0.620
48500,0.176,0.183,0.641
49000,0.154,0.172,0.674
49500,0.172,0.171,0.658
50000,0.176,0.185,0.639
50500,0.175,0.173,0.653
51000,0.175,0.175,0.651
51500,0.165,0.188,0.647
52000,0.166,0.188,0.646
52500,0.166,0.180,0.654
53000,0.166,0.197,0.636
53500,0.164,0.183,0.653
54000,0.161,0.178,0.661
54500,0.171,0.160,0.669
55000,0.193,0.155,0.652
55500,0.193,0.155,0.652
56000,0.222,0.155,0.623
56500,0.211,0.144,0.645
57000,0.200,0.157,0.642
57500,0.203,0.188,0.609
58000,0.189,0.198,0.613
58500,0.187,0.200,0.613
59000,0.193,0.208,0.599
59500,0.170,0.210,0.620
60000,0.180,0.223,0.598
60500,0.184,0.202,0.614
61000,0.199,0.198,0.603
61500,0.204,0.165,0.630
62000,0.218,0.163,0.619
62500,0.221,0.177,0.603
63000,0.206,0.174,0.620
63500,0.211,0.168,0.621
64000,0.209,0.160,0.630
64500,0.221,0.166,0.613
65000,0.188,0.185,0.627
65500,0.207,0.185,0.608
66000,0.210,0.166,0.623
66500,0.199,0.162,0.638
67000,0.207,0.177,0.616
67500,0.198,0.168,0.634
68000,0.181,0.179,0.640
68500,0.173,0.187,0.640
69000,0.173,0.171,0.657
69500,0.173,0.157,0.670
70000,0.163,0.159,0.677
70500,0.172,0.161,0.667
71000,0.177,0.155,0.668
71500,0.197,0.160,0.642
72000,0.168,0.153,0.679
72500,0.180,0.166,0.654
73000,0.181,0.168,0.652
73500,0.180,0.166,0.654
74000,0.178,0.157,0.665
74500,0.177,0.168,0.656
75000,0.172,0.154,0.674
75500,0.164,0.169,0.667
76000,0.160,0.164,0.675
76500,0.176,0.177,0.648
77000,0.179,0.176,0.646
77500,0.191,0.173,0.636
78000,0.173,0.170,0.658
78500,0.197,0.173,0.630
79000,0.191,0.158,0.651
79500,0.193,0.173,0.634
80000,0.174,0.165,0.661
80500,0.199,0.156,0.645
81000,0.185,0.155,0.660
81500,0.195,0.159,0.646
82000,0.179,0.158,0.663
82500,0.182,0.168,0.651
83000,0.160,0.175,0.665
83500,0.144,0.190,0.666
84000,0.156,0.188,0.656
84500,0.170,0.176,0.655
85000,0.180,0.169,0.652
85500,0.183,0.166,0.651
86000,0.176,0.168,0.657
86500,0.158,0.186,0.656
87000,0.150,0.170,0.680
87500,0.159,0.172,0.669
88000,0.163,0.166,0.670
88500,0.159,0.166,0.674
89000,0.144,0.156,0.700
89500,0.149,0.161,0.689
90000,0.141,0.163,0.696
90500,0.133,0.168,0.700
91000,0.130,0.173,0.698
91500,0.138,0.189,0.673
92000,0.156,0.200,0.644
92500,0.160,0.188,0.652
93000,0.169,0.199,0.632
93500,0.150,0.229,0.621
94000,0.148,0.218,0.634
94500,0.148,0.211,0.640
95000,0.153,0.199,0.648
95500,0.150,0.225,0.625
96000,0.150,0.248,0.602
96500,0.154,0.237,0.609
97000,0.159,0.199,0.641
97500,0.158,0.193,0.649
98000,0.155,0.218,0.627
98500,0.155,0.216,0.629
99000,0.154,0.192,0.654
99500,0.155,0.187,0.658
100000,0.165,0.173,0.662
100500,0.141,0.191,0.668
101000,0.144,0.183,0.673
101500,0.151,0.192,0.657
102000,0.158,0.185,0.657
102500,0.162,0.174,0.664
103000,0.169,0.189,0.642
103500,0.162,0.183,0.655
104000,0.152,0.212,0.635
104500,0.149,0.222,0.629
105000,0.169,0.223,0.609
105500,0.158,0.207,0.634
106000,0.159,0.206,0.634
106500,0.158,0.201,0.640
107000,0.147,0.202,0.651
107500,0.151,0.196,0.653
108000,0.125,0.216,0.660
108500,0.131,0.230,0.639
109000,0.133,0.237,0.630
109500,0.144,0.211,0.645
110000,0.148,0.200,0.652
110500,0.151,0.187,0.662
111000,0.162,0.195,0.642
111500,0.175,0.191,0.634
112000,0.161,0.181,0.658
112500,0.165,0.177,0.658
113000,0.155,0.191,0.654
113500,0.150,0.172,0.678
114000,0.153,0.161,0.685
114500,0.149,0.174,0.677
115000,0.162,0.177,0.661
115500,0.170,0.170,0.661
116000,0.157,0.159,0.683
116500,0.156,0.168,0.676
117000,0.152,0.180,0.668
117500,0.151,0.188,0.661
118000,0.149,0.195,0.656
118500,0.151,0.194,0.655
119000,0.153,0.171,0.676
119500,0.160,0.174,0.666
120000,0.145,0.177,0.678
120500,0.156,0.185,0.659
121000,0.165,0.163,0.671
121500,0.157,0.164,0.678
122000,0.152,0.156,0.692
122500,0.141,0.156,0.703
123000,0.152,0.166,0.681
123500,0.136,0.178,0.686
124000,0.132,0.183,0.685
124500,0.137,0.198,0.665
125000,0.132,0.202,0.666
125500,0.141,0.224,0.635
126000,0.138,0.216,0.647
126500,0.138,0.203,0.659
127000,0.140,0.226,0.634
127500,0.149,0.217,0.634
128000,0.141,0.188,0.671
128500,0.146,0.178,0.676
129000,0.146,0.184,0.670
129500,0.143,0.202,0.655
130000,0.145,0.202,0.653
130500,0.145,0.217,0.638
131000,0.143,0.203,0.654
131500,0.139,0.213,0.648
132000,0.139,0.196,0.665
132500,0.144,0.193,0.663
133000,0.139,0.180,0.681
133500,0.139,0.187,0.674
134000,0.156,0.169,0.675
134500,0.164,0.189,0.647
135000,0.179,0.200,0.621
135500,0.168,0.179,0.654
136000,0.168,0.176,0.657
136500,0.163,0.170,0.667
137000,0.161,0.187,0.652
137500,0.157,0.171,0.672
138000,0.156,0.176,0.668
138500,0.160,0.173,0.667
139000,0.155,0.175,0.670
139500,0.161,0.174,0.665
140000,0.175,0.159,0.666
140500,0.179,0.153,0.668
141000,0.182,0.163,0.655
141500,0.180,0.176,0.645
142000,0.162,0.177,0.661
142500,0.157,0.175,0.668
143000,0.159,0.189,0.652
143500,0.172,0.180,0.649
144000,0.158,0.166,0.675
144500,0.177,0.183,0.640
145000,0.178,0.172,0.651
145500,0.189,0.161,0.650
146000,0.185,0.151,0.664
146500,0.158,0.148,0.694
147000,0.150,0.162,0.687
147500,0.161,0.172,0.667
148000,0.154,0.193,0.653
148500,0.163,0.186,0.651
149000,0.155,0.197,0.648
149500,0.172,0.174,0.655
150000,0.170,0.173,0.658
150500,0.181,0.199,0.620
151000,0.180,0.182,0.638
151500,0.183,0.154,0.663
152000,0.171,0.156,0.673
152500,0.160,0.158,0.681
153000,0.162,0.155,0.682
153500,0.165,0.153,0.681
154000,0.150,0.168,0.682
154500,0.146,0.200,0.654
155000,0.159,0.183,0.658
155500,0.150,0.188,0.662
156000,0.168,0.168,0.665
156500,0.171,0.181,0.649
157000,0.145,0.156,0.699
157500,0.146,0.173,0.681
158000,0.166,0.182,0.652
158500,0.155,0.177,0.668
159000,0.160,0.192,0.648
159500,0.162,0.183,0.655
160000,0.153,0.170,0.677
160500,0.192,0.153,0.655
161000,0.187,0.154,0.659
161500,0.201,0.160,0.638
162000,0.178,0.151,0.671
162500,0.186,0.165,0.649
163000,0.187,0.177,0.636
163500,0.189,0.160,0.651
164000,0.178,0.153,0.669
164500,0.170,0.156,0.674
165000,0.178,0.154,0.668
165500,0.185,0.142,0.673
166000,0.209,0.148,0.642
166500,0.187,0.161,0.652
167000,0.201,0.147,0.652
167500,0.193,0.148,0.659
168000,0.175,0.152,0.673
168500,0.172,0.162,0.666
169000,0.174,0.155,0.671
169500,0.183,0.156,0.661
170000,0.186,0.150,0.664
170500,0.181,0.154,0.665
171000,0.159,0.144,0.697
171500,0.166,0.164,0.669
172000,0.152,0.183,0.665
172500,0.138,0.198,0.664
173000,0.138,0.181,0.681
173500,0.144,0.194,0.662
174000,0.146,0.191,0.663
174500,0.156,0.183,0.661
175000,0.171,0.173,0.657
175500,0.176,0.166,0.658
176000,0.148,0.173,0.679
176500,0.141,0.179,0.680
177000,0.143,0.162,0.695
177500,0.149,0.174,0.677
178000,0.140,0.169,0.692
178500,0.150,0.157,0.693
179000,0.145,0.160,0.695
179500,0.137,0.180,0.683
180000,0.145,0.177,0.678
180500,0.142,0.181,0.677
181000,0.145,0.193,0.662
181500,0.159,0.177,0.664
182000,0.152,0.181,0.667
182500,0.140,0.171,0.689
183000,0.146,0.159,0.695
183500,0.155,0.179,0.666
184000,0.159,0.186,0.655
184500,0.156,0.194,0.650
185000,0.151,0.191,0.658
185500,0.149,0.182,0.669
186000,0.141,0.169,0.691
186500,0.146,0.171,0.683
187000,0.147,0.181,0.672
187500,0.138,0.187,0.675
188000,0.144,0.189,0.667
188500,0.162,0.171,0.667
189000,0.144,0.181,0.675
189500,0.147,0.179,0.674
190000,0.159,0.164,0.676
190500,0.159,0.175,0.666
191000,0.155,0.136,0.709
191500,0.174,0.149,0.677
192000,0.156,0.164,0.679
192500,0.133,0.163,0.704
193000,0.161,0.171,0.668
193500,0.177,0.165,0.658
194000,0.189,0.163,0.648
194500,0.179,0.166,0.655
195000,0.176,0.164,0.660
195500,0.165,0.163,0.671
196000,0.175,0.165,0.660
196500,0.172,0.156,0.672
197000,0.168,0.152,0.680
197500,0.189,0.154,0.657
198000,0.199,0.134,0.667
198500,0.199,0.143,0.658
199000,0.185,0.142,0.673
199500,0.162,0.136,0.702
200000,0.161,0.150,0.688
200500,0.151,0.165,0.683
201000,0.150,0.152,0.698
201500,0.144,0.163,0.693
202000,0.146,0.139,0.715
202500,0.149,0.141,0.710
203000,0.152,0.150,0.698
203500,0.148,0.158,0.694
204000,0.153,0.175,0.672
204500,0.147,0.163,0.689
205000,0.155,0.158,0.686
205500,0.145,0.158,0.697
206000,0.143,0.150,0.707
206500,0.144,0.174,0.682
207000,0.131,0.139,0.730
207500,0.140,0.139,0.721
208000,0.136,0.140,0.724
208500,0.136,0.135,0.729
209000,0.166,0.150,0.683
209500,0.178,0.157,0.665
210000,0.163,0.143,0.694
210500,0.174,0.149,0.677
211000,0.149,0.155,0.696
211500,0.142,0.185,0.673
212000,0.126,0.174,0.701
212500,0.135,0.181,0.684
213000,0.131,0.186,0.683
213500,0.142,0.195,0.663
214000,0.141,0.172,0.687
214500,0.142,0.162,0.696
215000,0.149,0.170,0.681
215500,0.150,0.173,0.677
216000,0.159,0.180,0.661
216500,0.157,0.170,0.673
217000,0.162,0.149,0.688
217500,0.162,0.144,0.694
218000,0.156,0.148,0.696
218500,0.147,0.149,0.704
219000,0.149,0.156,0.695
219500,0.157,0.160,0.682
220000,0.155,0.145,0.700
220500,0.149,0.143,0.708
221000,0.157,0.154,0.688
221500,0.153,0.140,0.707
222000,0.161,0.136,0.703
222500,0.162,0.150,0.687
223000,0.164,0.153,0.682
223500,0.140,0.163,0.697
224000,0.141,0.163,0.696
224500,0.141,0.160,0.699
225000,0.161,0.173,0.666
225500,0.170,0.152,0.678
226000,0.187,0.145,0.668
226500,0.189,0.154,0.657
227000,0.170,0.155,0.675
227500,0.182,0.170,0.649
228000,0.180,0.174,0.647
228500,0.189,0.148,0.663
229000,0.184,0.172,0.645
229500,0.158,0.174,0.668
230000,0.157,0.172,0.671
230500,0.139,0.182,0.679
231000,0.152,0.178,0.670
231500,0.147,0.202,0.651
232000,0.155,0.199,0.646
232500,0.170,0.179,0.652
233000,0.168,0.192,0.640
233500,0.173,0.185,0.642
234000,0.155,0.185,0.660
234500,0.163,0.189,0.648
235000,0.150,0.180,0.670
235500,0.146,0.182,0.672
236000,0.132,0.197,0.671
236500,0.132,0.187,0.681
237000,0.126,0.185,0.689
237500,0.143,0.165,0.692
238000,0.142,0.172,0.686
238500,0.138,0.186,0.676
239000,0.148,0.175,0.677
239500,0.140,0.172,0.688
240000,0.139,0.169,0.693
240500,0.146,0.179,0.675
241000,0.150,0.164,0.685
241500,0.134,0.184,0.682
242000,0.148,0.158,0.694
242500,0.160,0.162,0.677
243000,0.153,0.162,0.684
243500,0.168,0.146,0.686
244000,0.171,0.140,0.689
244500,0.162,0.149,0.688
245000,0.163,0.163,0.673
245500,0.173,0.163,0.664
246000,0.162,0.158,0.679
246500,0.142,0.168,0.691
247000,0.168,0.149,0.683
247500,0.176,0.140,0.684
248000,0.181,0.138,0.681
248500,0.165,0.134,0.701
249000,0.162,0.130,0.708
249500,0.148,0.141,0.711
250000,0.136,0.165,0.699
250500,0.147,0.178,0.675
251000,0.141,0.174,0.685
251500,0.134,0.151,0.715
252000,0.135,0.145,0.720
252500,0.142,0.140,0.718
253000,0.171,0.129,0.701
253500,0.179,0.137,0.684
254000,0.158,0.136,0.706
254500,0.158,0.134,0.708
255000,0.140,0.155,0.705
255500,0.140,0.151,0.709
256000,0.131,0.144,0.725
256500,0.138,0.140,0.722
257000,0.159,0.145,0.696
257500,0.146,0.149,0.705
258000,0.155,0.169,0.676
258500,0.137,0.181,0.682
259000,0.138,0.156,0.706
259500,0.149,0.155,0.696
260000,0.133,0.161,0.706
260500,0.141,0.156,0.703
261000,0.130,0.176,0.695
261500,0.147,0.184,0.669
262000,0.144,0.172,0.684
262500,0.143,0.181,0.676
263000,0.157,0.159,0.683
263500,0.151,0.160,0.688
264000,0.168,0.154,0.678
264500,0.178,0.135,0.687
265000,0.171,0.139,0.691
265500,0.190,0.125,0.685
266000,0.164,0.135,0.701
266500,0.180,0.148,0.672
267000,0.189,0.145,0.666
267500,0.180,0.133,0.687
268000,0.179,0.139,0.682
268500,0.180,0.146,0.674
269000,0.187,0.140,0.673
269500,0.180,0.149,0.671
270000,0.192,0.161,0.647
270500,0.203,0.148,0.649
271000,0.185,0.139,0.676
271500,0.176,0.134,0.691
272000,0.173,0.135,0.693
272500,0.173,0.122,0.706
273000,0.184,0.116,0.700
273500,0.181,0.129,0.691
274000,0.162,0.141,0.697
274500,0.157,0.137,0.706
275000,0.163,0.150,0.686
275500,0.181,0.147,0.672
276000,0.165,0.159,0.675
276500,0.155,0.148,0.697
277000,0.143,0.163,0.694
277500,0.153,0.175,0.672
278000,0.171,0.156,0.673
278500,0.165,0.174,0.661
279000,0.162,0.178,0.660
279500,0.160,0.178,0.662
280000,0.165,0.177,0.658
280500,0.165,0.170,0.665
281000,0.173,0.159,0.668
281500,0.158,0.170,0.672
282000,0.156,0.179,0.665
282500,0.155,0.152,0.693
283000,0.145,0.170,0.685
283500,0.160,0.170,0.670
284000,0.154,0.163,0.682
284500,0.163,0.168,0.669
285000,0.166,0.170,0.664
285500,0.163,0.158,0.678
286000,0.189,0.145,0.666
286500,0.190,0.146,0.664
287000,0.172,0.152,0.676
287500,0.165,0.153,0.681
288000,0.161,0.161,0.677
288500,0.154,0.143,0.703
289000,0.165,0.141,0.694
289500,0.159,0.157,0.683
290000,0.157,0.151,0.692
290500,0.149,0.149,0.702
291000,0.145,0.156,0.699
291500,0.193,0.144,0.663
292000,0.185,0.137,0.678
292500,0.207,0.116,0.676
293000,0.195,0.143,0.662
293500,0.181,0.131,0.688
294000,0.174,0.141,0.685
294500,0.162,0.132,0.706
295000,0.163,0.142,0.695
295500,0.170,0.148,0.682
296000,0.146,0.144,0.710
296500,0.143,0.149,0.708
297000,0.142,0.172,0.686
297500,0.147,0.146,0.707
298000,0.148,0.127,0.725
298500,0.142,0.137,0.721
299000,0.135,0.149,0.716
299500,0.137,0.154,0.709
300000,0.144,0.155,0.701
300500,0.135,0.154,0.711
301000,0.144,0.160,0.696
301500,0.144,0.153,0.703
302000,0.137,0.179,0.684
302500,0.130,0.178,0.693
303000,0.139,0.166,0.695
303500,0.133,0.156,0.711
304000,0.145,0.158,0.697
304500,0.164,0.148,0.687
305000,0.172,0.139,0.689
305500,0.153,0.131,0.716
306000,0.145,0.136,0.719
306500,0.148,0.150,0.702
307000,0.147,0.148,0.705
307500,0.148,0.160,0.692
308000,0.148,0.164,0.687
308500,0.133,0.173,0.695
309000,0.126,0.179,0.696
309500,0.118,0.189,0.693
310000,0.117,0.179,0.704
310500,0.129,0.173,0.699
311000,0.135,0.170,0.696
311500,0.140,0.184,0.676
312000,0.139,0.163,0.698
312500,0.127,0.173,0.701
313000,0.121,0.170,0.710
313500,0.125,0.172,0.704
314000,0.132,0.171,0.698
314500,0.133,0.169,0.699
315000,0.128,0.157,0.715
315500,0.125,0.140,0.735
316000,0.117,0.165,0.717
316500,0.118,0.183,0.699
317000,0.131,0.178,0.692
317500,0.142,0.165,0.693
318000,0.142,0.155,0.703
318500,0.156,0.159,0.684
319000,0.154,0.156,0.689
319500,0.147,0.156,0.697
320000,0.151,0.148,0.701
320500,0.156,0.150,0.694
321000,0.155,0.146,0.699
321500,0.171,0.151,0.678
322000,0.160,0.176,0.664
322500,0.116,0.185,0.699
323000,0.140,0.179,0.681
323500,0.137,0.182,0.681
324000,0.144,0.164,0.692
324500,0.149,0.163,0.687
325000,0.138,0.168,0.695
325500,0.146,0.169,0.685
326000,0.137,0.193,0.670
326500,0.141,0.197,0.662
327000,0.136,0.189,0.675
327500,0.152,0.169,0.679
328000,0.141,0.155,0.704
328500,0.161,0.180,0.659
329000,0.152,0.182,0.666
329500,0.146,0.169,0.685
330000,0.136,0.162,0.702
330500,0.127,0.155,0.718
331000,0.155,0.160,0.684
331500,0.132,0.148,0.720
332000,0.120,0.149,0.731
332500,0.118,0.165,0.716
333000,0.129,0.180,0.692
333500,0.121,0.189,0.691
334000,0.126,0.190,0.684
334500,0.121,0.179,0.701
335000,0.127,0.177,0.697
335500,0.117,0.173,0.710
336000,0.146,0.178,0.676
336500,0.118,0.196,0.685
337000,0.154,0.172,0.674
337500,0.178,0.172,0.651
338000,0.175,0.157,0.668
338500,0.149,0.169,0.682
339000,0.146,0.155,0.699
339500,0.135,0.168,0.698
340000,0.144,0.168,0.688
340500,0.170,0.157,0.673
341000,0.159,0.154,0.686
341500,0.149,0.162,0.688
342000,0.158,0.159,0.682
342500,0.150,0.182,0.668
343000,0.139,0.176,0.685
343500,0.148,0.165,0.686
344000,0.136,0.176,0.688
344500,0.132,0.181,0.687
345000,0.151,0.187,0.662
345500,0.140,0.178,0.682
346000,0.151,0.175,0.674
346500,0.153,0.181,0.666
347000,0.166,0.169,0.665
347500,0.141,0.171,0.688
348000,0.148,0.165,0.686
348500,0.160,0.149,0.691
349000,0.163,0.150,0.686
349500,0.164,0.152,0.683
350000,0.156,0.146,0.698
350500,0.159,0.142,0.699
351000,0.162,0.141,0.697
351500,0.150,0.153,0.697
352000,0.154,0.149,0.697
352500,0.160,0.150,0.689
353000,0.153,0.143,0.704
353500,0.145,0.138,0.717
354000,0.127,0.136,0.737
354500,0.131,0.127,0.743
355000,0.158,0.132,0.710
355500,0.140,0.143,0.717
356000,0.156,0.143,0.701
356500,0.144,0.143,0.713
357000,0.139,0.144,0.717
357500,0.146,0.159,0.695
358000,0.149,0.153,0.698
358500,0.154,0.151,0.695
359000,0.133,0.149,0.718
359500,0.135,0.163,0.702
360000,0.143,0.155,0.702
360500,0.136,0.141,0.723
361000,0.150,0.143,0.707
361500,0.140,0.136,0.724
362000,0.126,0.147,0.727
362500,0.139,0.163,0.698
363000,0.137,0.166,0.697
363500,0.125,0.162,0.713
364000,0.130,0.149,0.721
364500,0.135,0.144,0.721
365000,0.120,0.161,0.719
365500,0.120,0.163,0.717
366000,0.118,0.164,0.717
366500,0.128,0.182,0.691
367000,0.121,0.199,0.680
367500,0.122,0.169,0.710
368000,0.112,0.172,0.716
368500,0.118,0.172,0.710
369000,0.130,0.148,0.722
369500,0.138,0.145,0.717
370000,0.127,0.158,0.715
370500,0.124,0.140,0.736
371000,0.141,0.149,0.710
371500,0.137,0.159,0.704
372000,0.134,0.146,0.720
372500,0.123,0.141,0.736
373000,0.126,0.145,0.729
373500,0.130,0.160,0.710
374000,0.134,0.144,0.722
374500,0.144,0.151,0.705
375000,0.138,0.163,0.699
375500,0.140,0.158,0.702
376000,0.122,0.152,0.726
376500,0.148,0.151,0.701
377000,0.157,0.148,0.695
377500,0.140,0.144,0.716
378000,0.146,0.139,0.715
378500,0.124,0.129,0.748
379000,0.129,0.130,0.742
379500,0.135,0.130,0.735
380000,0.144,0.120,0.736
380500,0.149,0.142,0.709
381000,0.150,0.128,0.722
381500,0.158,0.133,0.709
382000,0.153,0.156,0.691
382500,0.164,0.154,0.681
383000,0.162,0.180,0.658
383500,0.138,0.170,0.693
384000,0.144,0.159,0.697
384500,0.152,0.154,0.694
385000,0.136,0.166,0.698
385500,0.127,0.164,0.709
386000,0.123,0.182,0.696
386500,0.135,0.169,0.697
387000,0.112,0.186,0.702
387500,0.140,0.175,0.685
388000,0.136,0.198,0.666
388500,0.143,0.186,0.671
389000,0.153,0.169,0.678
389500,0.152,0.165,0.682
390000,0.138,0.170,0.693
390500,0.159,0.172,0.669
391000,0.118,0.157,0.724
391500,0.126,0.159,0.715
392000,0.135,0.161,0.704
392500,0.158,0.141,0.701
393000,0.163,0.156,0.680
393500,0.156,0.142,0.702
394000,0.162,0.149,0.688
394500,0.168,0.149,0.683
395000,0.201,0.158,0.640
395500,0.192,0.148,0.660
396000,0.219,0.146,0.635
396500,0.200,0.158,0.641
397000,0.200,0.152,0.648
397500,0.193,0.158,0.649
398000,0.170,0.153,0.677
398500,0.169,0.155,0.676
399000,0.180,0.142,0.678
399500,0.184,0.133,0.683
400000,0.192,0.129,0.679
400500,0.181,0.116,0.703
401000,0.171,0.120,0.710
401500,0.181,0.133,0.686
402000,0.158,0.131,0.711
402500,0.135,0.148,0.717
403000,0.146,0.150,0.704
403500,0.149,0.141,0.710
404000,0.183,0.136,0.681
404500,0.184,0.139,0.677
405000,0.158,0.164,0.677
405500,0.156,0.161,0.682
406000,0.169,0.151,0.680
406500,0.145,0.161,0.694
407000,0.148,0.160,0.692
407500,0.168,0.178,0.655
408000,0.165,0.162,0.672
408500,0.154,0.160,0.685
409000,0.150,0.149,0.701
409500,0.166,0.133,0.701
410000,0.164,0.140,0.696
410500,0.159,0.153,0.687
411000,0.156,0.177,0.667
411500,0.151,0.202,0.647
412000,0.144,0.192,0.664
412500,0.142,0.185,0.673
413000,0.147,0.170,0.683
413500,0.123,0.176,0.702
414000,0.130,0.160,0.710
414500,0.156,0.176,0.668
415000,0.139,0.179,0.682
415500,0.134,0.188,0.678
416000,0.142,0.169,0.689
416500,0.136,0.173,0.692
417000,0.156,0.168,0.676
417500,0.146,0.182,0.672
418000,0.130,0.175,0.696
418500,0.121,0.191,0.688
419000,0.128,0.188,0.684
419500,0.123,0.179,0.699
420000,0.116,0.166,0.717
420500,0.132,0.161,0.707
421000,0.132,0.144,0.724
421500,0.130,0.157,0.713
422000,0.129,0.144,0.727
422500,0.131,0.153,0.716
423000,0.130,0.139,0.731
423500,0.144,0.163,0.693
424000,0.173,0.169,0.659
424500,0.161,0.162,0.676
425000,0.166,0.169,0.665
425500,0.141,0.155,0.704
426000,0.150,0.143,0.707
426500,0.156,0.129,0.715
427000,0.149,0.132,0.719
427500,0.147,0.144,0.709
428000,0.123,0.155,0.722
428500,0.126,0.160,0.714
429000,0.113,0.165,0.721
429500,0.118,0.180,0.702
430000,0.122,0.163,0.715
430500,0.137,0.171,0.693
431000,0.169,0.140,0.692
431500,0.176,0.141,0.683
432000,0.174,0.127,0.700
432500,0.173,0.125,0.703
433000,0.168,0.120,0.713
433500,0.161,0.112,0.726
434000,0.180,0.114,0.706
434500,0.155,0.126,0.719
435000,0.147,0.133,0.720
435500,0.159,0.132,0.709
436000,0.170,0.134,0.697
436500,0.188,0.152,0.660
437000,0.185,0.132,0.683
437500,0.161,0.133,0.706
438000,0.173,0.131,0.697
438500,0.164,0.118,0.717
439000,0.162,0.141,0.697
439500,0.148,0.131,0.721
440000,0.169,0.140,0.692
440500,0.157,0.127,0.716
441000,0.156,0.138,0.706
441500,0.142,0.143,0.715
442000,0.146,0.146,0.708
442500,0.140,0.152,0.708
443000,0.134,0.166,0.700
443500,0.139,0.162,0.699
444000,0.150,0.137,0.713
444500,0.162,0.141,0.697
445000,0.144,0.136,0.720
445500,0.152,0.145,0.703
446000,0.154,0.150,0.696
446500,0.146,0.156,0.698
447000,0.137,0.137,0.726
447500,0.138,0.147,0.715
448000,0.166,0.135,0.699
448500,0.176,0.126,0.699
449000,0.169,0.126,0.706
449500,0.174,0.128,0.699
450000,0.173,0.130,0.698
450500,0.169,0.121,0.711
451000,0.178,0.121,0.702
451500,0.155,0.130,0.715
452000,0.172,0.136,0.693
452500,0.169,0.126,0.706
453000,0.176,0.134,0.691
453500,0.158,0.125,0.717
454000,0.165,0.115,0.719
454500,0.178,0.127,0.696
455000,0.175,0.131,0.695
455500,0.165,0.125,0.710
456000,0.169,0.138,0.694
456500,0.155,0.123,0.722
457000,0.170,0.128,0.703
457500,0.166,0.115,0.718
458000,0.174,0.136,0.691
458500,0.161,0.138,0.701
459000,0.155,0.136,0.709
459500,0.173,0.134,0.694
460000,0.175,0.135,0.691
460500,0.163,0.138,0.699
461000,0.162,0.135,0.703
461500,0.158,0.125,0.717
462000,0.145,0.117,0.737
462500,0.159,0.118,0.722
463000,0.146,0.129,0.725
463500,0.136,0.132,0.732
464000,0.133,0.138,0.729
464500,0.133,0.137,0.730
465000,0.161,0.134,0.705
465500,0.159,0.117,0.723
466000,0.130,0.125,0.746
466500,0.139,0.128,0.733
467000,0.140,0.150,0.710
467500,0.147,0.152,0.701
468000,0.149,0.146,0.705
468500,0.142,0.141,0.717
469000,0.142,0.140,0.718
469500,0.136,0.145,0.719
470000,0.129,0.148,0.723
470500,0.154,0.133,0.713
471000,0.149,0.131,0.720
471500,0.145,0.132,0.723
472000,0.145,0.145,0.710
472500,0.170,0.141,0.689
473000,0.154,0.145,0.701
473500,0.138,0.149,0.713
474000,0.135,0.137,0.728
474500,0.142,0.145,0.713
475000,0.124,0.140,0.736
475500,0.109,0.155,0.735
476000,0.118,0.153,0.728
476500,0.127,0.171,0.703
477000,0.121,0.164,0.715
477500,0.121,0.158,0.721
478000,0.131,0.159,0.710
478500,0.129,0.157,0.714
479000,0.123,0.175,0.703
479500,0.138,0.185,0.677
480000,0.116,0.161,0.722
480500,0.109,0.154,0.736
481000,0.136,0.171,0.694
481500,0.144,0.165,0.691
482000,0.136,0.162,0.702
482500,0.147,0.160,0.693
483000,0.128,0.166,0.706
483500,0.118,0.144,0.737
484000,0.134,0.141,0.725
484500,0.136,0.153,0.711
485000,0.134,0.149,0.717
485500,0.137,0.136,0.727
486000,0.131,0.147,0.722
486500,0.125,0.142,0.733
487000,0.118,0.140,0.742
487500,0.128,0.133,0.740
488000,0.143,0.129,0.728
488500,0.135,0.131,0.734
489000,0.147,0.143,0.710
489500,0.142,0.145,0.713
490000,0.132,0.149,0.719
490500,0.128,0.139,0.733
491000,0.123,0.126,0.752
491500,0.120,0.133,0.748
492000,0.129,0.135,0.736
492500,0.111,0.163,0.725
493000,0.120,0.149,0.731
493500,0.133,0.129,0.739
494000,0.132,0.135,0.733
494500,0.121,0.130,0.750
495000,0.130,0.111,0.759
495500,0.137,0.140,0.723
496000,0.142,0.146,0.712
496500,0.159,0.137,0.704
497000,0.162,0.150,0.687
497500,0.154,0.151,0.695
498000,0.153,0.137,0.710
498500,0.156,0.142,0.702
499000,0.160,0.144,0.696
499500,0.178,0.142,0.680
500000,0.150,0.136,0.714
500500,0.161,0.132,0.707
501000,0.139,0.141,0.720
501500,0.151,0.128,0.721
502000,0.138,0.131,0.731
502500,0.145,0.138,0.717
503000,0.141,0.126,0.733
503500,0.170,0.122,0.709
504000,0.164,0.128,0.708
504500,0.150,0.141,0.709
505000,0.143,0.125,0.732
505500,0.141,0.141,0.718
506000,0.142,0.125,0.733
506500,0.146,0.124,0.730
507000,0.145,0.136,0.719
507500,0.152,0.146,0.702
508000,0.152,0.155,0.693
508500,0.169,0.160,0.671
509000,0.151,0.163,0.685
509500,0.198,0.151,0.651
510000,0.186,0.187,0.627
510500,0.177,0.172,0.652
511000,0.162,0.159,0.678
511500,0.162,0.156,0.681
512000,0.150,0.162,0.687
512500,0.144,0.177,0.679
513000,0.145,0.166,0.688
513500,0.136,0.173,0.692
514000,0.134,0.161,0.705
514500,0.127,0.154,0.719
515000,0.137,0.165,0.698
515500,0.139,0.162,0.699
516000,0.128,0.174,0.699
516500,0.126,0.161,0.713
517000,0.115,0.179,0.706
517500,0.135,0.163,0.702
518000,0.144,0.166,0.689
518500,0.151,0.157,0.692
519000,0.148,0.171,0.681
519500,0.127,0.158,0.715
520000,0.155,0.170,0.675
520500,0.162,0.156,0.681
521000,0.164,0.148,0.687
521500,0.166,0.148,0.685
522000,0.174,0.139,0.687
522500,0.157,0.164,0.678
523000,0.177,0.157,0.666
523500,0.146,0.158,0.696
524000,0.139,0.157,0.704
524500,0.151,0.158,0.691
525000,0.151,0.153,0.696
525500,0.153,0.161,0.685
526000,0.154,0.168,0.678
526500,0.137,0.175,0.688
527000,0.140,0.177,0.683
527500,0.129,0.165,0.706
528000,0.131,0.160,0.709
528500,0.142,0.159,0.699
529000,0.150,0.160,0.689
529500,0.136,0.162,0.702
530000,0.133,0.142,0.725
530500,0.142,0.140,0.718
531000,0.149,0.153,0.698
531500,0.130,0.147,0.723
532000,0.143,0.153,0.704
532500,0.144,0.143,0.713
533000,0.142,0.138,0.720
533500,0.144,0.128,0.728
534000,0.140,0.127,0.733
534500,0.143,0.138,0.719
535000,0.137,0.140,0.723
535500,0.121,0.142,0.737
536000,0.126,0.135,0.740
536500,0.117,0.142,0.741
537000,0.126,0.148,0.726
537500,0.121,0.166,0.713
538000,0.125,0.154,0.721
538500,0.120,0.151,0.729
539000,0.126,0.157,0.717
539500,0.120,0.158,0.722
540000,0.128,0.155,0.717
540500,0.117,0.161,0.721
541000,0.117,0.180,0.703
541500,0.127,0.171,0.703
542000,0.117,0.171,0.712
542500,0.133,0.161,0.706
543000,0.160,0.160,0.679
543500,0.145,0.143,0.712
544000,0.158,0.125,0.717
544500,0.156,0.154,0.689
545000,0.159,0.134,0.707
545500,0.161,0.146,0.693
546000,0.151,0.145,0.704
546500,0.170,0.124,0.707
547000,0.180,0.123,0.698
547500,0.185,0.115,0.700
548000,0.165,0.113,0.721
548500,0.171,0.111,0.718
549000,0.169,0.123,0.709
549500,0.170,0.114,0.716
550000,0.139,0.148,0.713
550500,0.151,0.143,0.706
551000,0.155,0.135,0.710
551500,0.160,0.145,0.695
552000,0.136,0.138,0.726
552500,0.135,0.154,0.711
553000,0.161,0.140,0.699
553500,0.179,0.131,0.691
554000,0.165,0.134,0.701
554500,0.176,0.139,0.685
555000,0.161,0.135,0.704
555500,0.168,0.170,0.663
556000,0.153,0.152,0.695
556500,0.156,0.145,0.699
557000,0.143,0.153,0.704
557500,0.147,0.138,0.715
558000,0.142,0.146,0.712
558500,0.144,0.150,0.706
559000,0.155,0.139,0.706
559500,0.152,0.150,0.698
560000,0.157,0.147,0.696
560500,0.158,0.136,0.706
561000,0.163,0.134,0.703
561500,0.145,0.147,0.708
562000,0.143,0.150,0.707
562500,0.142,0.169,0.689
563000,0.146,0.153,0.701
563500,0.140,0.143,0.717
564000,0.152,0.138,0.710
564500,0.153,0.139,0.708
565000,0.163,0.154,0.682
565500,0.144,0.152,0.704
566000,0.159,0.136,0.705
566500,0.163,0.136,0.701
567000,0.160,0.145,0.695
567500,0.157,0.153,0.689
568000,0.141,0.159,0.700
568500,0.134,0.151,0.715
569000,0.134,0.158,0.708
569500,0.143,0.169,0.688
570000,0.115,0.158,0.726
570500,0.133,0.150,0.717
571000,0.145,0.139,0.716
571500,0.153,0.131,0.716
572000,0.145,0.144,0.711
572500,0.136,0.139,0.725
573000,0.139,0.138,0.723
573500,0.148,0.133,0.719
574000,0.130,0.137,0.733
574500,0.141,0.136,0.723
575000,0.148,0.131,0.721
575500,0.148,0.118,0.733
576000,0.141,0.127,0.732
576500,0.156,0.123,0.721
577000,0.160,0.125,0.715
577500,0.151,0.108,0.741
578000,0.154,0.124,0.722
578500,0.156,0.137,0.707
579000,0.148,0.133,0.719
579500,0.124,0.129,0.748
580000,0.114,0.135,0.751
580500,0.115,0.130,0.755
581000,0.116,0.173,0.711
581500,0.125,0.159,0.716
582000,0.126,0.176,0.699
582500,0.102,0.165,0.732
583000,0.102,0.180,0.718
583500,0.114,0.158,0.727
584000,0.122,0.147,0.731
584500,0.131,0.151,0.718
585000,0.133,0.150,0.717
585500,0.127,0.146,0.727
586000,0.134,0.165,0.701
586500,0.130,0.153,0.717
587000,0.133,0.151,0.716
587500,0.127,0.149,0.724
588000,0.135,0.163,0.702
588500,0.144,0.159,0.697
589000,0.124,0.177,0.700
589500,0.148,0.165,0.686
590000,0.124,0.158,0.718
590500,0.136,0.159,0.705
591000,0.135,0.155,0.710
591500,0.138,0.149,0.713
592000,0.141,0.139,0.720
592500,0.142,0.128,0.730
593000,0.133,0.140,0.727
593500,0.143,0.134,0.723
594000,0.140,0.126,0.734
594500,0.150,0.120,0.730
595000,0.140,0.138,0.722
595500,0.139,0.136,0.725
596000,0.150,0.164,0.685
596500,0.138,0.156,0.706
597000,0.133,0.162,0.705
597500,0.126,0.166,0.708
598000,0.133,0.169,0.699
598500,0.135,0.151,0.714
599000,0.123,0.147,0.730
599500,0.128,0.143,0.729
600000,0.125,0.135,0.741
600500,0.141,0.137,0.722
601000,0.154,0.124,0.722
601500,0.155,0.124,0.721
602000,0.132,0.122,0.747
602500,0.132,0.141,0.727
603000,0.128,0.128,0.745
603500,0.125,0.150,0.725
604000,0.126,0.158,0.716
604500,0.132,0.171,0.698
605000,0.124,0.145,0.731
605500,0.146,0.162,0.692
606000,0.116,0.153,0.730
606500,0.121,0.137,0.743
607000,0.124,0.148,0.728
607500,0.126,0.151,0.723
608000,0.117,0.139,0.744
608500,0.124,0.168,0.709
609000,0.130,0.147,0.723
609500,0.113,0.158,0.728
610000,0.127,0.160,0.713
610500,0.116,0.174,0.710
611000,0.114,0.193,0.693
611500,0.124,0.166,0.710
612000,0.125,0.153,0.722
612500,0.111,0.140,0.749
613000,0.123,0.142,0.735
613500,0.139,0.118,0.743
614000,0.133,0.129,0.739
614500,0.129,0.143,0.728
615000,0.124,0.133,0.744
615500,0.121,0.137,0.743
616000,0.132,0.142,0.726
616500,0.121,0.147,0.732
617000,0.146,0.162,0.692
617500,0.163,0.154,0.682
618000,0.146,0.145,0.709
618500,0.152,0.140,0.708
619000,0.164,0.129,0.707
619500,0.142,0.128,0.730
620000,0.152,0.127,0.721
620500,0.161,0.131,0.708
621000,0.163,0.136,0.701
621500,0.165,0.122,0.713
622000,0.158,0.130,0.712
622500,0.158,0.139,0.703
623000,0.148,0.133,0.719
623500,0.132,0.148,0.720
624000,0.137,0.143,0.720
624500,0.140,0.144,0.716
625000,0.137,0.155,0.708
625500,0.142,0.145,0.713
626000,0.143,0.155,0.702
626500,0.148,0.165,0.686
627000,0.137,0.146,0.717
627500,0.147,0.140,0.713
628000,0.148,0.147,0.705
628500,0.153,0.136,0.711
629000,0.147,0.141,0.712
629500,0.174,0.118,0.708
630000,0.144,0.115,0.741
630500,0.157,0.111,0.731
631000,0.144,0.115,0.741
631500,0.135,0.123,0.743
632000,0.136,0.137,0.727
632500,0.133,0.130,0.737
633000,0.139,0.122,0.740
633500,0.129,0.141,0.730
634000,0.146,0.153,0.701
634500,0.151,0.162,0.686
635000,0.153,0.145,0.702
635500,0.150,0.139,0.711
636000,0.141,0.143,0.716
636500,0.137,0.140,0.723
637000,0.135,0.146,0.719
637500,0.151,0.143,0.706
638000,0.133,0.135,0.732
638500,0.150,0.127,0.723
639000,0.179,0.129,0.693
639500,0.184,0.120,0.697
640000,0.186,0.115,0.699
640500,0.175,0.112,0.713
641000,0.163,0.121,0.716
641500,0.185,0.121,0.695
642000,0.181,0.118,0.701
642500,0.152,0.133,0.715
643000,0.148,0.143,0.709
643500,0.137,0.136,0.727
644000,0.138,0.146,0.716
644500,0.142,0.140,0.718
645000,0.133,0.132,0.735
645500,0.136,0.159,0.705
646000,0.139,0.169,0.693
646500,0.129,0.149,0.722
647000,0.114,0.154,0.731
647500,0.131,0.158,0.711
648000,0.113,0.137,0.750
648500,0.111,0.148,0.741
649000,0.137,0.142,0.721
649500,0.150,0.143,0.707
650000,0.161,0.146,0.693
650500,0.180,0.134,0.686
651000,0.185,0.141,0.674
651500,0.190,0.129,0.681
652000,0.187,0.143,0.670
652500,0.175,0.145,0.680
653000,0.171,0.133,0.697
653500,0.185,0.135,0.680
654000,0.185,0.120,0.696
654500,0.157,0.144,0.699
655000,0.158,0.133,0.709
655500,0.147,0.132,0.721
656000,0.140,0.148,0.712
656500,0.134,0.158,0.708
657000,0.126,0.159,0.715
657500,0.121,0.150,0.729
658000,0.121,0.151,0.728
658500,0.127,0.147,0.726
659000,0.130,0.154,0.716
659500,0.123,0.138,0.740
660000,0.143,0.145,0.712
660500,0.129,0.162,0.709
661000,0.131,0.151,0.718
661500,0.147,0.149,0.704
662000,0.153,0.143,0.704
662500,0.147,0.154,0.699
663000,0.176,0.140,0.684
663500,0.159,0.136,0.705
664000,0.184,0.151,0.665
664500,0.169,0.159,0.672
665000,0.166,0.162,0.671
665500,0.164,0.156,0.679
666000,0.161,0.152,0.686
666500,0.163,0.145,0.692
667000,0.145,0.143,0.712
667500,0.140,0.149,0.711
668000,0.145,0.163,0.692
668500,0.149,0.161,0.689
669000,0.140,0.161,0.699
669500,0.140,0.156,0.704
670000,0.138,0.153,0.709
670500,0.115,0.127,0.758
671000,0.121,0.152,0.727
671500,0.144,0.151,0.705
672000,0.155,0.156,0.688
672500,0.183,0.130,0.687
673000,0.168,0.127,0.706
673500,0.161,0.123,0.716
674000,0.153,0.134,0.713
674500,0.138,0.136,0.726
675000,0.123,0.155,0.722
675500,0.152,0.147,0.701
676000,0.158,0.136,0.706
676500,0.152,0.127,0.721
677000,0.162,0.128,0.710
677500,0.148,0.125,0.727
678000,0.126,0.131,0.744
678500,0.129,0.150,0.721
679000,0.123,0.143,0.734
679500,0.147,0.140,0.713
680000,0.130,0.139,0.731
680500,0.118,0.154,0.727
681000,0.136,0.159,0.705
681500,0.132,0.143,0.725
682000,0.140,0.144,0.716
682500,0.138,0.147,0.715
683000,0.138,0.144,0.718
683500,0.145,0.139,0.716
684000,0.146,0.131,0.723
684500,0.162,0.118,0.719
685000,0.149,0.103,0.748
685500,0.149,0.120,0.731
686000,0.151,0.113,0.735
686500,0.139,0.103,0.758
687000,0.141,0.124,0.735
687500,0.144,0.129,0.727
688000,0.155,0.136,0.709
688500,0.150,0.136,0.714
689000,0.143,0.130,0.727
689500,0.128,0.141,0.731
690000,0.153,0.132,0.715
690500,0.146,0.135,0.719
691000,0.145,0.136,0.719
691500,0.139,0.140,0.721
692000,0.151,0.159,0.689
692500,0.137,0.149,0.714
693000,0.132,0.156,0.712
693500,0.129,0.130,0.742
694000,0.137,0.129,0.734
694500,0.141,0.143,0.716
695000,0.144,0.135,0.721
695500,0.148,0.124,0.728
696000,0.136,0.131,0.733
696500,0.138,0.137,0.725
697000,0.142,0.142,0.716
697500,0.134,0.151,0.715
698000,0.144,0.136,0.720
698500,0.151,0.134,0.715
699000,0.156,0.148,0.696
699500,0.137,0.153,0.710
700000,0.133,0.151,0.716
700500,0.141,0.139,0.720
701000,0.138,0.151,0.711
701500,0.137,0.160,0.703
702000,0.124,0.148,0.728
702500,0.127,0.138,0.735
703000,0.130,0.140,0.730
703500,0.122,0.139,0.740
704000,0.112,0.130,0.758
704500,0.127,0.137,0.736
705000,0.132,0.142,0.726
705500,0.144,0.139,0.717
706000,0.154,0.135,0.711
706500,0.160,0.141,0.699
707000,0.145,0.151,0.704
707500,0.161,0.132,0.707
708000,0.168,0.128,0.705
708500,0.151,0.134,0.715
709000,0.156,0.142,0.702
709500,0.149,0.150,0.701
710000,0.134,0.155,0.711
710500,0.146,0.142,0.712
711000,0.153,0.138,0.709
711500,0.140,0.139,0.721
712000,0.143,0.152,0.705
712500,0.146,0.151,0.703
713000,0.151,0.134,0.715
713500,0.152,0.134,0.714
714000,0.145,0.122,0.733
714500,0.147,0.115,0.737
715000,0.147,0.124,0.729
715500,0.142,0.122,0.736
716000,0.135,0.136,0.729
716500,0.148,0.140,0.712
717000,0.136,0.157,0.707
717500,0.146,0.154,0.700
718000,0.136,0.153,0.711
718500,0.150,0.138,0.712
719000,0.151,0.116,0.732
719500,0.160,0.122,0.718
720000,0.155,0.130,0.715
720500,0.140,0.126,0.734
721000,0.137,0.122,0.742
721500,0.146,0.130,0.724
722000,0.148,0.166,0.685
722500,0.128,0.156,0.716
723000,0.133,0.158,0.709
723500,0.151,0.149,0.700
724000,0.142,0.162,0.696
724500,0.143,0.184,0.673
725000,0.163,0.169,0.668
725500,0.154,0.168,0.678
726000,0.137,0.169,0.695
726500,0.155,0.158,0.686
727000,0.145,0.158,0.697
727500,0.160,0.146,0.694
728000,0.176,0.137,0.687
728500,0.165,0.146,0.688
729000,0.150,0.125,0.725
729500,0.160,0.127,0.713
730000,0.149,0.132,0.719
730500,0.141,0.124,0.735
731000,0.144,0.112,0.744
731500,0.159,0.106,0.734
732000,0.165,0.104,0.730
732500,0.159,0.106,0.734
733000,0.175,0.101,0.724
733500,0.169,0.110,0.721
734000,0.146,0.122,0.732
734500,0.158,0.115,0.726
735000,0.156,0.134,0.710
735500,0.147,0.130,0.723
736000,0.140,0.155,0.705
736500,0.140,0.161,0.699
737000,0.147,0.135,0.718
737500,0.131,0.131,0.739
738000,0.144,0.124,0.732
738500,0.147,0.130,0.723
739000,0.125,0.140,0.735
739500,0.124,0.153,0.723
740000,0.128,0.159,0.713
740500,0.135,0.157,0.708
741000,0.164,0.130,0.706
741500,0.151,0.129,0.720
742000,0.177,0.132,0.692
742500,0.174,0.141,0.685
743000,0.166,0.157,0.676
743500,0.184,0.149,0.667
744000,0.171,0.137,0.693
744500,0.154,0.147,0.699
745000,0.160,0.148,0.692
745500,0.154,0.144,0.702
746000,0.153,0.148,0.699
746500,0.163,0.151,0.685
747000,0.168,0.134,0.699
747500,0.138,0.134,0.728
748000,0.138,0.144,0.718
748500,0.144,0.158,0.698
749000,0.131,0.172,0.698
749500,0.122,0.158,0.720
750000,0.128,0.161,0.711
750500,0.126,0.161,0.713
751000,0.127,0.186,0.687
751500,0.124,0.190,0.686
752000,0.125,0.189,0.686
752500,0.137,0.180,0.683
753000,0.120,0.180,0.701
753500,0.122,0.177,0.702
754000,0.121,0.158,0.721
754500,0.147,0.154,0.699
755000,0.133,0.157,0.710
755500,0.129,0.178,0.694
756000,0.141,0.179,0.680
756500,0.142,0.180,0.678
757000,0.141,0.174,0.685
757500,0.155,0.153,0.692
758000,0.153,0.144,0.703
758500,0.148,0.162,0.689
759000,0.153,0.150,0.697
759500,0.151,0.149,0.700
760000,0.156,0.134,0.710
760500,0.151,0.129,0.720
761000,0.146,0.127,0.727
761500,0.161,0.136,0.703
762000,0.160,0.141,0.699
762500,0.171,0.130,0.700
763000,0.176,0.132,0.693
763500,0.171,0.116,0.713
764000,0.177,0.104,0.719
764500,0.183,0.105,0.712
765000,0.185,0.109,0.706
765500,0.207,0.121,0.672
766000,0.201,0.122,0.677
766500,0.200,0.126,0.674
767000,0.182,0.124,0.695
767500,0.168,0.138,0.695
768000,0.174,0.123,0.704
768500,0.176,0.115,0.709
769000,0.163,0.117,0.719
769500,0.188,0.132,0.680
770000,0.160,0.126,0.714
770500,0.155,0.121,0.724
771000,0.147,0.132,0.721
771500,0.151,0.140,0.709
772000,0.146,0.131,0.723
772500,0.139,0.143,0.718
773000,0.128,0.120,0.753
773500,0.129,0.130,0.742
774000,0.137,0.129,0.734
774500,0.138,0.140,0.722
775000,0.139,0.128,0.733
775500,0.141,0.138,0.721
776000,0.138,0.144,0.718
776500,0.139,0.153,0.708
777000,0.135,0.152,0.713
777500,0.139,0.137,0.724
778000,0.156,0.139,0.705
778500,0.143,0.133,0.724
779000,0.135,0.136,0.729
779500,0.113,0.156,0.730
780000,0.125,0.136,0.740
780500,0.143,0.134,0.723
781000,0.153,0.133,0.714
781500,0.137,0.155,0.708
782000,0.151,0.168,0.681
782500,0.141,0.154,0.705
783000,0.135,0.146,0.719
783500,0.150,0.132,0.718
784000,0.153,0.133,0.714
784500,0.141,0.137,0.722
785000,0.139,0.134,0.727
785500,0.137,0.154,0.709
786000,0.146,0.147,0.707
786500,0.166,0.125,0.709
787000,0.174,0.125,0.702
787500,0.176,0.142,0.682
788000,0.177,0.136,0.687
788500,0.184,0.125,0.692
789000,0.155,0.123,0.722
789500,0.159,0.123,0.718
790000,0.154,0.126,0.720
790500,0.187,0.128,0.685
791000,0.174,0.120,0.707
791500,0.178,0.123,0.700
792000,0.197,0.117,0.685
792500,0.193,0.118,0.688
793000,0.187,0.126,0.687
793500,0.158,0.123,0.719
794000,0.155,0.137,0.708
794500,0.166,0.148,0.685
795000,0.164,0.161,0.674
795500,0.160,0.154,0.685
796000,0.162,0.141,0.697
796500,0.165,0.128,0.707
797000,0.146,0.135,0.719
797500,0.144,0.144,0.712
798000,0.151,0.134,0.715
798500,0.156,0.149,0.695
799000,0.150,0.140,0.710
799500,0.141,0.131,0.728
800000,0.160,0.122,0.718
800500,0.144,0.125,0.731
801000,0.158,0.125,0.717
801500,0.138,0.131,0.731
802000,0.154,0.126,0.720
802500,0.151,0.106,0.743
803000,0.182,0.103,0.715
803500,0.190,0.108,0.702
804000,0.172,0.113,0.715
804500,0.164,0.121,0.715
805000,0.161,0.117,0.721
805500,0.177,0.134,0.689
806000,0.168,0.133,0.700
806500,0.147,0.136,0.717
807000,0.139,0.143,0.718
807500,0.149,0.132,0.719
808000,0.179,0.121,0.701
808500,0.180,0.122,0.699
809000,0.158,0.130,0.712
809500,0.145,0.142,0.713
810000,0.147,0.155,0.698
810500,0.151,0.152,0.697
811000,0.140,0.142,0.718
811500,0.134,0.148,0.718
812000,0.130,0.184,0.686
812500,0.130,0.182,0.688
813000,0.138,0.166,0.696
813500,0.134,0.161,0.705
814000,0.140,0.162,0.698
814500,0.146,0.150,0.704
815000,0.155,0.130,0.715
815500,0.165,0.120,0.715
816000,0.163,0.160,0.676
816500,0.161,0.159,0.679
817000,0.153,0.160,0.686
817500,0.161,0.155,0.683
818000,0.151,0.141,0.708
818500,0.145,0.139,0.716
819000,0.145,0.133,0.722
819500,0.147,0.140,0.713
820000,0.148,0.134,0.718
820500,0.148,0.159,0.693
821000,0.154,0.146,0.700
821500,0.140,0.142,0.718
822000,0.145,0.127,0.728
822500,0.139,0.144,0.717
823000,0.170,0.151,0.679
823500,0.168,0.155,0.677
824000,0.177,0.111,0.712
824500,0.173,0.118,0.709
825000,0.172,0.130,0.699
825500,0.165,0.135,0.700
826000,0.175,0.139,0.686
826500,0.177,0.130,0.694
827000,0.171,0.130,0.700
827500,0.158,0.149,0.693
828000,0.153,0.148,0.699
828500,0.158,0.151,0.691
829000,0.155,0.157,0.687
829500,0.155,0.165,0.679
830000,0.151,0.156,0.693
830500,0.157,0.147,0.696
831000,0.176,0.133,0.692
831500,0.183,0.144,0.673
832000,0.172,0.134,0.695
832500,0.164,0.144,0.692
833000,0.147,0.161,0.692
833500,0.130,0.182,0.688
834000,0.137,0.150,0.713
834500,0.141,0.150,0.709
835000,0.126,0.158,0.716
835500,0.124,0.162,0.714
836000,0.142,0.150,0.708
836500,0.135,0.141,0.724
837000,0.140,0.124,0.736
837500,0.141,0.136,0.723
838000,0.155,0.116,0.728
838500,0.159,0.114,0.726
839000,0.155,0.126,0.719
839500,0.150,0.132,0.718
840000,0.133,0.135,0.732
840500,0.149,0.142,0.709
841000,0.145,0.143,0.712
841500,0.140,0.148,0.712
842000,0.140,0.156,0.704
842500,0.144,0.153,0.703
843000,0.145,0.161,0.694
843500,0.131,0.162,0.707
844000,0.142,0.144,0.714
844500,0.147,0.158,0.695
845000,0.130,0.164,0.706
845500,0.141,0.150,0.709
846000,0.149,0.147,0.704
846500,0.143,0.152,0.705
847000,0.154,0.138,0.708
847500,0.151,0.133,0.716
848000,0.149,0.142,0.709
848500,0.149,0.127,0.724
849000,0.137,0.135,0.728
849500,0.127,0.137,0.736
850000,0.127,0.143,0.730
850500,0.130,0.162,0.708
851000,0.129,0.146,0.725
851500,0.129,0.136,0.735
852000,0.130,0.143,0.727
852500,0.147,0.138,0.715
853000,0.139,0.148,0.713
853500,0.130,0.148,0.722
854000,0.114,0.161,0.724
854500,0.138,0.133,0.729
855000,0.126,0.135,0.740
855500,0.128,0.134,0.739
856000,0.142,0.129,0.729
856500,0.165,0.132,0.703
857000,0.158,0.144,0.698
857500,0.138,0.135,0.727
858000,0.148,0.141,0.711
858500,0.134,0.142,0.724
859000,0.117,0.141,0.742
859500,0.143,0.144,0.713
860000,0.138,0.150,0.712
860500,0.151,0.147,0.702
861000,0.156,0.137,0.707
861500,0.150,0.140,0.710
862000,0.137,0.134,0.729
862500,0.140,0.151,0.709
863000,0.145,0.132,0.723
863500,0.143,0.138,0.719
864000,0.141,0.147,0.712
864500,0.156,0.131,0.713
865000,0.156,0.150,0.694
865500,0.171,0.147,0.682
866000,0.160,0.141,0.699
866500,0.157,0.150,0.693
867000,0.152,0.159,0.688
867500,0.153,0.153,0.694
868000,0.163,0.151,0.685
868500,0.156,0.155,0.688
869000,0.160,0.153,0.686
869500,0.162,0.136,0.702
870000,0.154,0.126,0.720
870500,0.135,0.142,0.723
871000,0.147,0.147,0.706
871500,0.138,0.137,0.725
872000,0.151,0.134,0.715
872500,0.136,0.138,0.726
873000,0.118,0.140,0.742
873500,0.136,0.142,0.722
874000,0.151,0.139,0.710
874500,0.144,0.150,0.706
875000,0.147,0.143,0.710
875500,0.168,0.132,0.701
876000,0.157,0.133,0.710
876500,0.152,0.121,0.727
877000,0.140,0.123,0.737
877500,0.147,0.138,0.715
878000,0.130,0.140,0.730
878500,0.124,0.136,0.741
879000,0.139,0.140,0.721
879500,0.146,0.139,0.715
880000,0.145,0.132,0.723
880500,0.144,0.148,0.708
881000,0.150,0.145,0.705
881500,0.153,0.142,0.705
882000,0.145,0.121,0.734
882500,0.129,0.127,0.745
883000,0.149,0.118,0.732
883500,0.152,0.122,0.726
884000,0.164,0.127,0.709
884500,0.166,0.131,0.703
885000,0.172,0.131,0.698
885500,0.162,0.129,0.709
886000,0.151,0.121,0.728
886500,0.141,0.120,0.740
887000,0.128,0.151,0.721
887500,0.126,0.153,0.721
888000,0.138,0.149,0.713
888500,0.137,0.160,0.703
889000,0.113,0.148,0.739
889500,0.114,0.157,0.728
890000,0.124,0.147,0.729
890500,0.123,0.169,0.709
891000,0.126,0.165,0.709
891500,0.134,0.172,0.695
892000,0.128,0.176,0.697
892500,0.144,0.158,0.698
893000,0.150,0.150,0.700
893500,0.147,0.133,0.720
894000,0.153,0.146,0.701
894500,0.163,0.146,0.691
895000,0.171,0.129,0.701
895500,0.156,0.134,0.710
896000,0.156,0.130,0.714
896500,0.159,0.126,0.715
897000,0.159,0.126,0.715
897500,0.160,0.121,0.719
898000,0.159,0.133,0.708
898500,0.149,0.150,0.701
899000,0.138,0.163,0.699
899500,0.145,0.162,0.693
900000,0.132,0.151,0.717
900500,0.131,0.176,0.694
901000,0.143,0.162,0.695
901500,0.159,0.145,0.696
902000,0.140,0.141,0.719
902500,0.158,0.146,0.696
903000,0.138,0.153,0.709
903500,0.139,0.133,0.728
904000,0.149,0.141,0.710
904500,0.161,0.134,0.705
905000,0.160,0.139,0.701
905500,0.168,0.140,0.693
906000,0.148,0.147,0.705
906500,0.147,0.139,0.714
907000,0.151,0.148,0.701
907500,0.138,0.152,0.710
908000,0.150,0.143,0.707
908500,0.145,0.146,0.709
909000,0.143,0.148,0.709
909500,0.140,0.143,0.717
910000,0.138,0.142,0.720
910500,0.142,0.148,0.710
911000,0.153,0.159,0.687
911500,0.143,0.151,0.706
912000,0.157,0.154,0.688
912500,0.156,0.154,0.689
913000,0.168,0.159,0.673
913500,0.144,0.179,0.677
914000,0.139,0.160,0.701
914500,0.139,0.161,0.700
915000,0.155,0.168,0.677
915500,0.142,0.179,0.679
916000,0.143,0.152,0.705
916500,0.141,0.165,0.694
917000,0.129,0.159,0.712
917500,0.120,0.165,0.715
918000,0.125,0.157,0.718
918500,0.125,0.174,0.702
919000,0.124,0.175,0.702
919500,0.128,0.175,0.698
920000,0.139,0.177,0.684
920500,0.138,0.163,0.699
921000,0.163,0.159,0.677
921500,0.146,0.165,0.688
922000,0.143,0.154,0.703
922500,0.159,0.186,0.655
923000,0.155,0.183,0.662
923500,0.139,0.189,0.672
924000,0.133,0.180,0.687
924500,0.128,0.187,0.685
925000,0.135,0.175,0.691
925500,0.132,0.165,0.703
926000,0.135,0.151,0.714
926500,0.131,0.164,0.705
927000,0.133,0.165,0.702
927500,0.134,0.168,0.699
928000,0.124,0.147,0.729
928500,0.129,0.157,0.714
929000,0.106,0.159,0.734
929500,0.131,0.166,0.703
930000,0.143,0.147,0.710
930500,0.117,0.162,0.720
931000,0.123,0.169,0.709
931500,0.131,0.162,0.707
932000,0.134,0.156,0.710
932500,0.117,0.150,0.732
933000,0.126,0.152,0.722
933500,0.127,0.168,0.706
934000,0.149,0.162,0.688
934500,0.133,0.168,0.700
935000,0.159,0.162,0.678
935500,0.131,0.164,0.705
936000,0.113,0.163,0.723
936500,0.106,0.171,0.723
937000,0.104,0.173,0.723
937500,0.113,0.177,0.710
938000,0.127,0.190,0.683
938500,0.142,0.189,0.669
939000,0.139,0.182,0.679
939500,0.136,0.160,0.704
940000,0.145,0.153,0.702
940500,0.147,0.159,0.694
941000,0.132,0.158,0.710
941500,0.132,0.156,0.712
942000,0.133,0.169,0.699
942500,0.141,0.170,0.689
943000,0.133,0.182,0.685
943500,0.118,0.154,0.727
944000,0.117,0.165,0.717
944500,0.137,0.145,0.718
945000,0.129,0.150,0.721
945500,0.133,0.157,0.710
946000,0.131,0.151,0.718
946500,0.142,0.138,0.720
947000,0.156,0.138,0.706
947500,0.159,0.158,0.682
948000,0.143,0.151,0.706
948500,0.146,0.162,0.692
949000,0.125,0.183,0.693
949500,0.142,0.180,0.678
950000,0.145,0.162,0.693
950500,0.162,0.147,0.691
951000,0.181,0.165,0.654
951500,0.146,0.165,0.688
952000,0.144,0.165,0.691
952500,0.150,0.151,0.699
953000,0.171,0.139,0.691
953500,0.173,0.130,0.698
954000,0.171,0.125,0.705
954500,0.182,0.117,0.701
955000,0.172,0.121,0.708
955500,0.157,0.131,0.712
956000,0.138,0.138,0.724
956500,0.137,0.137,0.726
957000,0.147,0.129,0.724
957500,0.143,0.141,0.716
958000,0.144,0.162,0.694
958500,0.133,0.146,0.721
959000,0.121,0.162,0.717
959500,0.117,0.181,0.702
960000,0.130,0.164,0.706
960500,0.127,0.146,0.727
961000,0.139,0.138,0.723
961500,0.129,0.151,0.720
962000,0.137,0.163,0.700
962500,0.134,0.153,0.713
963000,0.130,0.153,0.717
963500,0.120,0.141,0.740
964000,0.142,0.133,0.725
964500,0.150,0.142,0.708
965000,0.155,0.137,0.708
965500,0.168,0.134,0.699
966000,0.158,0.112,0.729
966500,0.162,0.135,0.703
967000,0.162,0.162,0.675
967500,0.168,0.153,0.679
968000,0.152,0.157,0.691
968500,0.138,0.160,0.702
969000,0.151,0.145,0.704
969500,0.141,0.155,0.704
970000,0.151,0.155,0.694
970500,0.161,0.159,0.679
971000,0.151,0.145,0.704
971500,0.142,0.150,0.708
972000,0.142,0.185,0.673
972500,0.121,0.170,0.710
973000,0.145,0.171,0.684
973500,0.168,0.172,0.661
974000,0.146,0.179,0.675
974500,0.129,0.170,0.702
975000,0.141,0.183,0.676
975500,0.144,0.175,0.681
976000,0.164,0.162,0.673
976500,0.159,0.150,0.691
977000,0.147,0.145,0.708
977500,0.152,0.146,0.702
978000,0.156,0.146,0.698
978500,0.152,0.165,0.682
979000,0.135,0.172,0.694
979500,0.145,0.149,0.706
980000,0.174,0.150,0.676
980500,0.176,0.149,0.675
981000,0.158,0.145,0.697
981500,0.143,0.141,0.716
982000,0.141,0.151,0.708
982500,0.165,0.154,0.680
983000,0.161,0.163,0.675
983500,0.168,0.160,0.672
984000,0.158,0.142,0.700
984500,0.173,0.139,0.688
985000,0.185,0.127,0.688
985500,0.152,0.126,0.722
986000,0.166,0.129,0.705
986500,0.169,0.122,0.710
987000,0.150,0.113,0.736
987500,0.180,0.115,0.705
988000,0.181,0.107,0.712
988500,0.176,0.126,0.699
989000,0.177,0.110,0.713
989500,0.206,0.110,0.683
990000,0.175,0.139,0.686
990500,0.177,0.118,0.705
991000,0.160,0.121,0.719
991500,0.154,0.123,0.723
992000,0.146,0.150,0.704
992500,0.138,0.178,0.684
993000,0.124,0.175,0.702
993500,0.122,0.156,0.722
994000,0.135,0.170,0.696
994500,0.130,0.155,0.715
995000,0.140,0.162,0.698
995500,0.135,0.163,0.702
996000,0.128,0.149,0.723
996500,0.142,0.150,0.708
997000,0.126,0.164,0.710
997500,0.124,0.159,0.717
998000,0.129,0.170,0.702
998500,0.148,0.153,0.699
999000,0.160,0.149,0.691
999500,0.157,0.140,0.703
1000000,0.141,0.140,0.719
