time,n_A+p,n_B,n_AB
0,0.450,0.550,0.000
500,0.279,0.304,0.416
1000,0.203,0.198,0.598
1500,0.160,0.164,0.676
2000,0.133,0.144,0.723
2500,0.136,0.147,0.718
3000,0.116,0.121,0.763
3500,0.104,0.124,0.772
4000,0.095,0.087,0.818
4500,0.070,0.107,0.823
5000,0.059,0.088,0.853
5500,0.062,0.070,0.867
6000,0.077,0.083,0.840
6500,0.059,0.085,0.856
7000,0.069,0.090,0.842
7500,0.054,0.096,0.850
8000,0.065,0.080,0.856
8500,0.079,0.088,0.832
9000,0.075,0.080,0.845
9500,0.059,0.052,0.889
10000,0.078,0.075,0.847
10500,0.056,0.052,0.892
11000,0.051,0.048,0.900
11500,0.048,0.038,0.913
12000,0.061,0.055,0.884
12500,0.070,0.042,0.887
13000,0.057,0.033,0.910
13500,0.083,0.058,0.859
14000,0.073,0.064,0.863
14500,0.066,0.062,0.871
15000,0.066,0.061,0.873
15500,0.056,0.049,0.895
16000,0.066,0.054,0.880
16500,0.058,0.051,0.892
17000,0.050,0.058,0.892
17500,0.070,0.074,0.856
18000,0.053,0.069,0.878
18500,0.039,0.058,0.903
19000,0.055,0.056,0.889
19500,0.045,0.052,0.903
20000,0.087,0.035,0.878
20500,0.058,0.037,0.905
21000,0.054,0.049,0.897
21500,0.057,0.058,0.885
22000,0.073,0.045,0.882
22500,0.050,0.044,0.906
23000,0.048,0.048,0.904
23500,0.063,0.037,0.899
24000,0.059,0.047,0.893
24500,0.039,0.047,0.914
25000,0.049,0.056,0.895
25500,0.058,0.061,0.881
26000,0.059,0.053,0.888
26500,0.045,0.037,0.918
27000,0.051,0.052,0.896
27500,0.076,0.048,0.876
28000,0.060,0.076,0.864
28500,0.062,0.030,0.908
29000,0.055,0.031,0.913
29500,0.036,0.051,0.913
30000,0.050,0.029,0.921
30500,0.043,0.033,0.924
31000,0.076,0.061,0.864
31500,0.061,0.065,0.874
32000,0.041,0.079,0.880
32500,0.041,0.075,0.884
33000,0.076,0.055,0.870
33500,0.059,0.058,0.883
34000,0.068,0.037,0.896
34500,0.063,0.032,0.905
35000,0.049,0.031,0.919
35500,0.059,0.026,0.914
36000,0.048,0.048,0.905
36500,0.038,0.055,0.906
37000,0.059,0.054,0.887
37500,0.056,0.079,0.864
38000,0.038,0.076,0.885
38500,0.067,0.074,0.859
39000,0.047,0.063,0.890
39500,0.044,0.060,0.896
40000,0.079,0.050,0.871
40500,0.085,0.052,0.863
41000,0.047,0.030,0.923
41500,0.044,0.051,0.905
42000,0.065,0.056,0.879
42500,0.061,0.038,0.902
43000,0.060,0.056,0.884
43500,0.047,0.049,0.904
44000,0.044,0.052,0.903
44500,0.049,0.072,0.879
45000,0.042,0.041,0.917
45500,0.068,0.042,0.890
46000,0.078,0.039,0.883
46500,0.075,0.076,0.849
47000,0.050,0.065,0.885
47500,0.051,0.066,0.882
48000,0.054,0.059,0.887
48500,0.040,0.049,0.910
49000,0.062,0.048,0.890
49500,0.064,0.063,0.873
50000,0.047,0.083,0.870
50500,0.054,0.064,0.882
51000,0.055,0.058,0.888
51500,0.073,0.061,0.867
52000,0.073,0.070,0.857
52500,0.076,0.045,0.880
53000,0.080,0.052,0.868
53500,0.049,0.060,0.891
54000,0.070,0.056,0.874
54500,0.066,0.059,0.874
55000,0.076,0.058,0.866
55500,0.060,0.059,0.881
56000,0.058,0.049,0.893
56500,0.070,0.029,0.900
57000,0.057,0.052,0.891
57500,0.059,0.052,0.889
58000,0.080,0.041,0.879
58500,0.059,0.037,0.905
59000,0.067,0.039,0.894
59500,0.052,0.028,0.920
60000,0.044,0.046,0.910
60500,0.050,0.044,0.906
61000,0.048,0.048,0.903
61500,0.063,0.038,0.899
62000,0.068,0.041,0.891
62500,0.093,0.031,0.877
63000,0.063,0.049,0.888
63500,0.062,0.062,0.875
64000,0.049,0.047,0.903
64500,0.050,0.061,0.889
65000,0.047,0.044,0.910
65500,0.044,0.069,0.888
66000,0.033,0.056,0.911
66500,0.048,0.081,0.871
67000,0.056,0.057,0.886
67500,0.035,0.062,0.903
68000,0.049,0.052,0.899
68500,0.052,0.051,0.898
69000,0.031,0.096,0.873
69500,0.045,0.087,0.868
70000,0.030,0.118,0.852
70500,0.037,0.102,0.861
71000,0.026,0.089,0.885
71500,0.039,0.076,0.885
72000,0.023,0.084,0.893
72500,0.024,0.066,0.910
73000,0.047,0.072,0.882
73500,0.066,0.068,0.866
74000,0.065,0.060,0.875
74500,0.063,0.068,0.868
75000,0.065,0.071,0.864
75500,0.087,0.063,0.849
76000,0.073,0.042,0.884
76500,0.059,0.041,0.900
77000,0.073,0.042,0.885
77500,0.062,0.050,0.888
78000,0.056,0.082,0.862
78500,0.073,0.055,0.871
79000,0.067,0.048,0.885
79500,0.041,0.049,0.910
80000,0.049,0.052,0.899
80500,0.032,0.044,0.924
81000,0.052,0.051,0.897
81500,0.049,0.045,0.906
82000,0.059,0.051,0.891
82500,0.079,0.072,0.849
83000,0.064,0.062,0.874
83500,0.061,0.063,0.876
84000,0.059,0.038,0.903
84500,0.042,0.035,0.923
85000,0.060,0.049,0.891
85500,0.061,0.041,0.899
86000,0.069,0.040,0.891
86500,0.063,0.042,0.895
87000,0.043,0.026,0.931
87500,0.048,0.064,0.888
88000,0.052,0.042,0.906
88500,0.066,0.055,0.880
89000,0.049,0.059,0.892
89500,0.088,0.051,0.861
90000,0.072,0.056,0.872
90500,0.054,0.026,0.920
91000,0.063,0.025,0.912
91500,0.050,0.048,0.902
92000,0.045,0.044,0.911
92500,0.041,0.052,0.907
93000,0.061,0.052,0.886
93500,0.046,0.041,0.913
94000,0.054,0.036,0.910
94500,0.066,0.058,0.876
95000,0.059,0.070,0.871
95500,0.058,0.063,0.879
96000,0.049,0.062,0.889
96500,0.037,0.078,0.885
97000,0.048,0.078,0.874
97500,0.046,0.071,0.883
98000,0.051,0.068,0.881
98500,0.034,0.045,0.921
99000,0.057,0.046,0.897
99500,0.076,0.037,0.888
100000,0.065,0.051,0.885
100500,0.059,0.066,0.875
101000,0.052,0.083,0.866
101500,0.059,0.062,0.879
102000,0.073,0.039,0.888
102500,0.066,0.038,0.896
103000,0.045,0.032,0.923
103500,0.059,0.056,0.885
104000,0.078,0.049,0.873
104500,0.065,0.056,0.880
105000,0.052,0.044,0.905
105500,0.056,0.028,0.916
106000,0.052,0.056,0.892
106500,0.070,0.048,0.881
107000,0.056,0.044,0.900
107500,0.079,0.042,0.880
108000,0.082,0.054,0.864
108500,0.078,0.047,0.875
109000,0.058,0.059,0.884
109500,0.070,0.041,0.888
110000,0.061,0.038,0.901
110500,0.080,0.048,0.872
111000,0.061,0.031,0.908
111500,0.074,0.027,0.899
112000,0.072,0.047,0.882
112500,0.079,0.048,0.873
113000,0.066,0.055,0.879
113500,0.065,0.051,0.884
114000,0.054,0.043,0.903
114500,0.056,0.051,0.893
115000,0.048,0.048,0.905
115500,0.049,0.047,0.904
116000,0.038,0.034,0.928
116500,0.045,0.063,0.892
117000,0.042,0.033,0.925
117500,0.035,0.055,0.910
118000,0.036,0.039,0.925
118500,0.050,0.036,0.914
119000,0.051,0.035,0.914
119500,0.032,0.060,0.908
120000,0.049,0.034,0.916
120500,0.040,0.032,0.928
121000,0.047,0.063,0.890
121500,0.042,0.045,0.913
122000,0.040,0.036,0.924
122500,0.048,0.047,0.905
123000,0.040,0.055,0.905
123500,0.040,0.057,0.903
124000,0.037,0.040,0.923
124500,0.043,0.035,0.922
125000,0.067,0.047,0.886
125500,0.047,0.042,0.911
126000,0.054,0.043,0.903
126500,0.063,0.049,0.888
127000,0.045,0.042,0.913
127500,0.038,0.047,0.915
128000,0.063,0.042,0.895
128500,0.062,0.051,0.888
129000,0.057,0.066,0.877
129500,0.068,0.048,0.884
130000,0.050,0.046,0.904
130500,0.049,0.065,0.886
131000,0.046,0.061,0.893
131500,0.056,0.044,0.900
132000,0.075,0.048,0.877
132500,0.048,0.047,0.905
133000,0.051,0.058,0.891
133500,0.053,0.038,0.909
134000,0.058,0.054,0.888
134500,0.034,0.052,0.914
135000,0.032,0.068,0.900
135500,0.030,0.056,0.913
136000,0.033,0.076,0.891
136500,0.033,0.055,0.912
137000,0.057,0.063,0.880
137500,0.062,0.063,0.875
138000,0.052,0.052,0.896
138500,0.059,0.044,0.896
139000,0.044,0.056,0.899
139500,0.048,0.067,0.885
140000,0.077,0.062,0.861
140500,0.057,0.078,0.865
141000,0.058,0.046,0.896
141500,0.051,0.045,0.904
142000,0.083,0.035,0.882
142500,0.059,0.037,0.905
143000,0.069,0.045,0.886
143500,0.051,0.035,0.914
144000,0.045,0.036,0.920
144500,0.056,0.062,0.882
145000,0.081,0.045,0.874
145500,0.099,0.034,0.867
146000,0.063,0.032,0.905
146500,0.069,0.046,0.885
147000,0.048,0.041,0.911
147500,0.075,0.040,0.886
148000,0.068,0.050,0.882
148500,0.063,0.043,0.894
149000,0.070,0.040,0.891
149500,0.060,0.056,0.884
150000,0.054,0.076,0.870
150500,0.055,0.066,0.878
151000,0.066,0.059,0.875
151500,0.052,0.062,0.885
152000,0.080,0.057,0.863
152500,0.074,0.054,0.872
153000,0.049,0.047,0.904
153500,0.065,0.044,0.891
154000,0.040,0.035,0.925
154500,0.049,0.030,0.920
155000,0.035,0.044,0.921
155500,0.042,0.027,0.931
156000,0.049,0.029,0.922
156500,0.056,0.036,0.908
157000,0.034,0.040,0.927
157500,0.055,0.023,0.922
158000,0.038,0.029,0.933
158500,0.037,0.033,0.930
159000,0.040,0.045,0.915
159500,0.069,0.048,0.883
160000,0.055,0.034,0.911
160500,0.054,0.063,0.883
161000,0.055,0.061,0.885
161500,0.061,0.077,0.862
162000,0.045,0.084,0.871
162500,0.051,0.051,0.898
163000,0.051,0.050,0.899
163500,0.034,0.060,0.906
164000,0.067,0.034,0.899
164500,0.067,0.053,0.880
165000,0.073,0.059,0.867
165500,0.057,0.051,0.892
166000,0.050,0.038,0.912
166500,0.062,0.040,0.898
167000,0.071,0.064,0.865
167500,0.066,0.070,0.864
168000,0.079,0.058,0.863
168500,0.073,0.094,0.834
169000,0.062,0.068,0.870
169500,0.042,0.053,0.905
170000,0.048,0.049,0.902
170500,0.058,0.066,0.876
171000,0.078,0.040,0.882
171500,0.048,0.040,0.912
172000,0.058,0.044,0.898
172500,0.061,0.036,0.903
173000,0.049,0.041,0.910
173500,0.073,0.043,0.884
174000,0.089,0.030,0.881
174500,0.061,0.034,0.905
175000,0.056,0.040,0.903
175500,0.054,0.025,0.921
176000,0.056,0.055,0.889
176500,0.047,0.044,0.909
177000,0.049,0.044,0.907
177500,0.047,0.044,0.909
178000,0.054,0.047,0.899
178500,0.035,0.077,0.888
179000,0.043,0.047,0.910
179500,0.041,0.056,0.903
180000,0.066,0.047,0.887
180500,0.050,0.045,0.905
181000,0.044,0.047,0.909
181500,0.043,0.049,0.907
182000,0.042,0.040,0.918
182500,0.051,0.034,0.914
183000,0.048,0.046,0.906
183500,0.054,0.054,0.893
184000,0.050,0.058,0.892
184500,0.056,0.044,0.899
185000,0.061,0.068,0.871
185500,0.041,0.061,0.899
186000,0.065,0.037,0.898
186500,0.058,0.040,0.903
187000,0.068,0.080,0.852
187500,0.089,0.059,0.852
188000,0.047,0.063,0.890
188500,0.052,0.041,0.907
189000,0.075,0.073,0.853
189500,0.058,0.091,0.851
190000,0.054,0.083,0.864
190500,0.057,0.077,0.866
191000,0.040,0.049,0.912
191500,0.044,0.061,0.896
192000,0.045,0.045,0.910
192500,0.047,0.048,0.905
193000,0.048,0.048,0.904
193500,0.038,0.053,0.909
194000,0.047,0.030,0.923
194500,0.049,0.065,0.885
195000,0.052,0.056,0.892
195500,0.062,0.070,0.868
196000,0.065,0.059,0.876
196500,0.062,0.050,0.888
197000,0.072,0.056,0.872
197500,0.048,0.048,0.903
198000,0.045,0.049,0.906
198500,0.044,0.038,0.917
199000,0.088,0.040,0.873
199500,0.054,0.055,0.891
200000,0.058,0.046,0.896
200500,0.076,0.024,0.900
201000,0.051,0.070,0.879
201500,0.072,0.047,0.881
202000,0.070,0.055,0.875
202500,0.030,0.089,0.881
203000,0.033,0.087,0.880
203500,0.039,0.075,0.886
204000,0.049,0.071,0.880
204500,0.048,0.074,0.878
205000,0.042,0.066,0.892
205500,0.035,0.045,0.920
206000,0.051,0.033,0.916
206500,0.040,0.052,0.908
207000,0.045,0.051,0.903
207500,0.031,0.061,0.909
208000,0.051,0.050,0.899
208500,0.052,0.056,0.891
209000,0.049,0.069,0.882
209500,0.059,0.054,0.888
210000,0.056,0.044,0.899
210500,0.062,0.042,0.895
211000,0.039,0.049,0.912
211500,0.062,0.043,0.895
212000,0.055,0.057,0.888
212500,0.055,0.053,0.892
213000,0.049,0.062,0.889
213500,0.042,0.053,0.905
214000,0.090,0.037,0.873
214500,0.063,0.027,0.910
215000,0.055,0.037,0.909
215500,0.045,0.044,0.910
216000,0.063,0.058,0.880
216500,0.051,0.036,0.913
217000,0.030,0.045,0.925
217500,0.069,0.056,0.875
218000,0.038,0.040,0.922
218500,0.052,0.068,0.880
219000,0.051,0.075,0.874
219500,0.062,0.055,0.883
220000,0.049,0.055,0.896
220500,0.058,0.048,0.894
221000,0.080,0.040,0.880
221500,0.041,0.049,0.909
222000,0.049,0.040,0.912
222500,0.055,0.040,0.906
223000,0.035,0.051,0.914
223500,0.044,0.043,0.913
224000,0.058,0.047,0.895
224500,0.049,0.037,0.914
225000,0.042,0.067,0.891
225500,0.039,0.059,0.902
226000,0.047,0.036,0.917
226500,0.029,0.054,0.917
227000,0.045,0.065,0.890
227500,0.041,0.066,0.893
228000,0.040,0.054,0.907
228500,0.038,0.064,0.898
229000,0.056,0.052,0.892
229500,0.047,0.071,0.882
230000,0.061,0.059,0.881
230500,0.034,0.066,0.899
231000,0.063,0.065,0.871
231500,0.036,0.047,0.917
232000,0.049,0.037,0.914
232500,0.044,0.042,0.914
233000,0.070,0.068,0.862
233500,0.060,0.059,0.881
234000,0.054,0.051,0.895
234500,0.049,0.036,0.915
235000,0.058,0.060,0.882
235500,0.052,0.063,0.884
236000,0.049,0.044,0.907
236500,0.043,0.039,0.918
237000,0.059,0.081,0.860
237500,0.064,0.058,0.878
238000,0.086,0.056,0.858
238500,0.043,0.041,0.916
239000,0.042,0.061,0.898
239500,0.033,0.045,0.922
240000,0.052,0.061,0.886
240500,0.055,0.056,0.889
241000,0.044,0.059,0.897
241500,0.035,0.045,0.920
242000,0.055,0.042,0.903
242500,0.045,0.053,0.902
243000,0.037,0.081,0.882
243500,0.039,0.059,0.902
244000,0.063,0.061,0.877
244500,0.048,0.052,0.899
245000,0.052,0.050,0.898
245500,0.036,0.054,0.910
246000,0.046,0.058,0.896
246500,0.059,0.052,0.889
247000,0.041,0.072,0.887
247500,0.055,0.058,0.887
248000,0.057,0.035,0.908
248500,0.042,0.037,0.921
249000,0.056,0.033,0.910
249500,0.062,0.038,0.900
250000,0.069,0.050,0.881
250500,0.091,0.041,0.868
251000,0.070,0.042,0.888
251500,0.043,0.068,0.889
252000,0.029,0.081,0.889
252500,0.054,0.045,0.901
253000,0.061,0.059,0.881
253500,0.045,0.035,0.920
254000,0.055,0.049,0.896
254500,0.066,0.038,0.896
255000,0.055,0.038,0.906
255500,0.076,0.040,0.885
256000,0.083,0.037,0.880
256500,0.038,0.037,0.924
257000,0.062,0.039,0.899
257500,0.047,0.032,0.921
258000,0.047,0.055,0.899
258500,0.056,0.058,0.886
259000,0.036,0.040,0.924
259500,0.060,0.059,0.881
260000,0.083,0.061,0.857
260500,0.061,0.043,0.896
261000,0.066,0.055,0.879
261500,0.061,0.063,0.876
262000,0.065,0.041,0.895
262500,0.063,0.052,0.884
263000,0.059,0.051,0.890
263500,0.067,0.071,0.862
264000,0.056,0.072,0.872
264500,0.059,0.091,0.850
265000,0.073,0.062,0.865
265500,0.042,0.059,0.899
266000,0.040,0.064,0.896
266500,0.045,0.069,0.886
267000,0.030,0.061,0.909
267500,0.042,0.064,0.893
268000,0.062,0.073,0.865
268500,0.055,0.057,0.888
269000,0.039,0.047,0.914
269500,0.044,0.033,0.923
270000,0.041,0.051,0.908
270500,0.055,0.045,0.900
271000,0.049,0.038,0.913
271500,0.040,0.033,0.927
272000,0.057,0.060,0.883
272500,0.034,0.099,0.867
273000,0.059,0.056,0.884
273500,0.048,0.063,0.889
274000,0.039,0.063,0.898
274500,0.063,0.044,0.893
275000,0.067,0.024,0.909
275500,0.069,0.047,0.884
276000,0.049,0.036,0.916
276500,0.048,0.041,0.910
277000,0.033,0.048,0.919
277500,0.045,0.073,0.882
278000,0.051,0.062,0.886
278500,0.033,0.061,0.906
279000,0.039,0.070,0.891
279500,0.054,0.050,0.896
280000,0.046,0.045,0.909
280500,0.044,0.070,0.885
281000,0.045,0.081,0.874
281500,0.064,0.058,0.878
282000,0.039,0.060,0.901
282500,0.049,0.050,0.900
283000,0.056,0.040,0.904
283500,0.055,0.084,0.861
284000,0.045,0.041,0.914
284500,0.041,0.061,0.898
285000,0.033,0.052,0.915
285500,0.047,0.049,0.904
286000,0.061,0.025,0.914
286500,0.062,0.037,0.901
287000,0.051,0.063,0.886
287500,0.072,0.042,0.886
288000,0.075,0.047,0.878
288500,0.051,0.058,0.891
289000,0.027,0.044,0.928
289500,0.062,0.045,0.893
290000,0.071,0.049,0.880
290500,0.061,0.042,0.898
291000,0.046,0.034,0.920
291500,0.055,0.029,0.916
292000,0.049,0.033,0.919
292500,0.061,0.038,0.901
293000,0.050,0.051,0.899
293500,0.048,0.042,0.910
294000,0.037,0.065,0.898
294500,0.042,0.053,0.905
295000,0.047,0.043,0.910
295500,0.054,0.050,0.896
296000,0.039,0.063,0.898
296500,0.037,0.077,0.886
297000,0.048,0.074,0.878
297500,0.049,0.068,0.883
298000,0.047,0.063,0.890
298500,0.042,0.070,0.888
299000,0.055,0.082,0.863
299500,0.063,0.050,0.887
300000,0.080,0.039,0.881
300500,0.076,0.054,0.870
301000,0.074,0.043,0.883
301500,0.059,0.049,0.892
302000,0.045,0.061,0.894
302500,0.059,0.055,0.885
303000,0.042,0.045,0.912
303500,0.048,0.042,0.910
304000,0.040,0.062,0.898
304500,0.051,0.044,0.906
305000,0.058,0.047,0.895
305500,0.059,0.052,0.888
306000,0.038,0.062,0.899
306500,0.037,0.097,0.867
307000,0.052,0.055,0.893
307500,0.038,0.040,0.921
308000,0.063,0.071,0.866
308500,0.062,0.056,0.882
309000,0.075,0.048,0.877
309500,0.063,0.037,0.900
310000,0.062,0.044,0.894
310500,0.062,0.051,0.887
311000,0.036,0.050,0.914
311500,0.049,0.035,0.916
312000,0.034,0.053,0.913
312500,0.051,0.047,0.902
313000,0.040,0.045,0.915
313500,0.038,0.037,0.925
314000,0.033,0.069,0.898
314500,0.034,0.067,0.899
315000,0.035,0.052,0.913
315500,0.026,0.058,0.916
316000,0.061,0.034,0.905
316500,0.065,0.052,0.883
317000,0.067,0.043,0.890
317500,0.065,0.044,0.892
318000,0.062,0.038,0.900
318500,0.052,0.054,0.894
319000,0.052,0.046,0.902
319500,0.045,0.049,0.906
320000,0.048,0.048,0.903
320500,0.050,0.047,0.903
321000,0.030,0.057,0.913
321500,0.038,0.066,0.895
322000,0.070,0.055,0.875
322500,0.061,0.045,0.894
323000,0.047,0.049,0.903
323500,0.041,0.045,0.914
324000,0.037,0.048,0.916
324500,0.030,0.062,0.907
325000,0.048,0.057,0.895
325500,0.040,0.056,0.904
326000,0.038,0.052,0.909
326500,0.045,0.051,0.904
327000,0.039,0.066,0.895
327500,0.054,0.044,0.902
328000,0.047,0.040,0.913
328500,0.067,0.076,0.857
329000,0.077,0.047,0.876
329500,0.064,0.039,0.897
330000,0.049,0.038,0.912
330500,0.047,0.036,0.917
331000,0.066,0.047,0.888
331500,0.056,0.041,0.903
332000,0.072,0.062,0.867
332500,0.073,0.041,0.886
333000,0.062,0.065,0.873
333500,0.045,0.073,0.881
334000,0.037,0.069,0.894
334500,0.059,0.031,0.909
335000,0.034,0.036,0.930
335500,0.073,0.039,0.888
336000,0.062,0.068,0.871
336500,0.076,0.043,0.881
337000,0.069,0.058,0.873
337500,0.062,0.044,0.895
338000,0.046,0.044,0.910
338500,0.045,0.031,0.923
339000,0.039,0.031,0.930
339500,0.063,0.036,0.900
340000,0.066,0.043,0.891
340500,0.074,0.053,0.873
341000,0.056,0.042,0.902
341500,0.045,0.029,0.926
342000,0.051,0.059,0.890
342500,0.054,0.034,0.913
343000,0.039,0.054,0.907
343500,0.042,0.040,0.919
344000,0.038,0.070,0.892
344500,0.029,0.052,0.919
345000,0.034,0.047,0.919
345500,0.032,0.053,0.915
346000,0.044,0.043,0.913
346500,0.036,0.050,0.914
347000,0.054,0.073,0.874
347500,0.055,0.058,0.888
348000,0.049,0.038,0.913
348500,0.063,0.072,0.865
349000,0.051,0.069,0.880
349500,0.036,0.049,0.915
350000,0.065,0.045,0.890
350500,0.036,0.046,0.918
351000,0.044,0.038,0.919
351500,0.044,0.028,0.928
352000,0.031,0.035,0.934
352500,0.045,0.050,0.905
353000,0.069,0.036,0.895
353500,0.074,0.052,0.874
354000,0.061,0.041,0.898
354500,0.049,0.048,0.903
355000,0.082,0.031,0.887
355500,0.080,0.058,0.862
356000,0.077,0.050,0.873
356500,0.061,0.045,0.894
357000,0.051,0.044,0.905
357500,0.066,0.060,0.874
358000,0.046,0.060,0.894
358500,0.056,0.050,0.893
359000,0.077,0.044,0.879
359500,0.063,0.034,0.902
360000,0.058,0.048,0.895
360500,0.048,0.031,0.921
361000,0.052,0.032,0.916
361500,0.040,0.024,0.936
362000,0.048,0.023,0.929
362500,0.077,0.034,0.889
363000,0.087,0.029,0.884
363500,0.058,0.031,0.911
364000,0.063,0.033,0.904
364500,0.074,0.026,0.900
365000,0.051,0.038,0.911
365500,0.072,0.039,0.889
366000,0.059,0.033,0.909
366500,0.041,0.021,0.938
367000,0.051,0.026,0.923
367500,0.047,0.053,0.900
368000,0.049,0.047,0.903
368500,0.043,0.058,0.899
369000,0.045,0.039,0.916
369500,0.051,0.030,0.919
370000,0.046,0.041,0.913
370500,0.054,0.038,0.909
371000,0.059,0.049,0.892
371500,0.033,0.062,0.906
372000,0.048,0.065,0.887
372500,0.037,0.066,0.898
373000,0.051,0.039,0.910
373500,0.064,0.040,0.896
374000,0.058,0.055,0.887
374500,0.057,0.054,0.889
375000,0.052,0.056,0.892
375500,0.050,0.047,0.903
376000,0.054,0.056,0.891
376500,0.056,0.040,0.905
377000,0.047,0.044,0.909
377500,0.038,0.080,0.881
378000,0.056,0.055,0.888
378500,0.044,0.042,0.914
379000,0.033,0.032,0.935
379500,0.040,0.056,0.903
380000,0.068,0.042,0.890
380500,0.066,0.044,0.891
381000,0.062,0.048,0.890
381500,0.049,0.063,0.888
382000,0.044,0.059,0.898
382500,0.044,0.061,0.895
383000,0.065,0.048,0.888
383500,0.076,0.031,0.893
384000,0.059,0.054,0.887
384500,0.059,0.040,0.901
385000,0.038,0.044,0.918
385500,0.039,0.041,0.920
386000,0.034,0.052,0.914
386500,0.033,0.031,0.936
387000,0.060,0.022,0.919
387500,0.033,0.036,0.931
388000,0.055,0.049,0.896
388500,0.056,0.047,0.897
389000,0.042,0.037,0.921
389500,0.045,0.030,0.925
390000,0.029,0.039,0.932
390500,0.042,0.045,0.912
391000,0.053,0.041,0.906
391500,0.066,0.029,0.905
392000,0.050,0.047,0.903
392500,0.068,0.033,0.899
393000,0.084,0.029,0.888
393500,0.062,0.047,0.891
394000,0.048,0.042,0.910
394500,0.049,0.034,0.917
395000,0.061,0.045,0.893
395500,0.065,0.061,0.874
396000,0.038,0.082,0.880
396500,0.075,0.057,0.868
397000,0.058,0.038,0.904
397500,0.055,0.029,0.916
398000,0.063,0.036,0.901
398500,0.059,0.039,0.902
399000,0.049,0.025,0.925
399500,0.054,0.055,0.892
400000,0.051,0.049,0.900
400500,0.043,0.047,0.910
401000,0.069,0.065,0.866
401500,0.040,0.059,0.901
402000,0.039,0.049,0.912
402500,0.038,0.056,0.906
403000,0.036,0.037,0.928
403500,0.056,0.040,0.904
404000,0.055,0.050,0.895
404500,0.081,0.044,0.875
405000,0.059,0.035,0.906
405500,0.044,0.060,0.896
406000,0.057,0.069,0.874
406500,0.035,0.044,0.921
407000,0.061,0.056,0.883
407500,0.072,0.038,0.891
408000,0.097,0.043,0.860
408500,0.082,0.041,0.877
409000,0.061,0.036,0.903
409500,0.069,0.045,0.886
410000,0.056,0.044,0.900
410500,0.086,0.023,0.892
411000,0.070,0.044,0.886
411500,0.049,0.057,0.894
412000,0.069,0.044,0.886
412500,0.039,0.044,0.917
413000,0.041,0.066,0.893
413500,0.027,0.046,0.927
414000,0.026,0.038,0.936
414500,0.037,0.043,0.920
415000,0.061,0.054,0.885
415500,0.042,0.057,0.901
416000,0.041,0.044,0.915
416500,0.046,0.077,0.877
417000,0.044,0.055,0.901
417500,0.039,0.068,0.893
418000,0.073,0.037,0.889
418500,0.049,0.042,0.909
419000,0.047,0.049,0.903
419500,0.062,0.064,0.874
420000,0.049,0.056,0.894
420500,0.041,0.052,0.907
421000,0.041,0.058,0.900
421500,0.043,0.049,0.908
422000,0.049,0.036,0.915
422500,0.031,0.029,0.939
423000,0.052,0.031,0.917
423500,0.054,0.054,0.892
424000,0.036,0.037,0.927
424500,0.049,0.049,0.901
425000,0.058,0.038,0.904
425500,0.049,0.049,0.902
426000,0.047,0.048,0.905
426500,0.057,0.037,0.906
427000,0.048,0.040,0.912
427500,0.026,0.045,0.929
428000,0.034,0.037,0.929
428500,0.033,0.035,0.932
429000,0.047,0.041,0.912
429500,0.052,0.030,0.918
430000,0.081,0.042,0.876
430500,0.075,0.052,0.874
431000,0.094,0.034,0.872
431500,0.077,0.052,0.871
432000,0.056,0.044,0.900
432500,0.077,0.027,0.896
433000,0.084,0.031,0.885
433500,0.080,0.034,0.886
434000,0.095,0.038,0.867
434500,0.068,0.034,0.898
435000,0.062,0.051,0.887
435500,0.057,0.045,0.898
436000,0.057,0.058,0.885
436500,0.054,0.073,0.873
437000,0.055,0.065,0.881
437500,0.048,0.049,0.903
438000,0.081,0.054,0.864
438500,0.068,0.044,0.888
439000,0.052,0.056,0.892
439500,0.091,0.036,0.873
440000,0.059,0.076,0.865
440500,0.061,0.038,0.901
441000,0.040,0.076,0.884
441500,0.028,0.075,0.898
442000,0.055,0.049,0.895
442500,0.057,0.065,0.878
443000,0.052,0.045,0.902
443500,0.041,0.048,0.912
444000,0.049,0.068,0.882
444500,0.052,0.061,0.887
445000,0.063,0.049,0.887
445500,0.052,0.048,0.900
446000,0.056,0.033,0.912
446500,0.049,0.041,0.910
447000,0.047,0.052,0.901
447500,0.050,0.055,0.895
448000,0.040,0.064,0.896
448500,0.059,0.066,0.875
449000,0.059,0.078,0.863
449500,0.045,0.058,0.897
450000,0.064,0.055,0.881
450500,0.077,0.067,0.856
451000,0.049,0.057,0.894
451500,0.030,0.059,0.911
452000,0.027,0.046,0.927
452500,0.040,0.061,0.900
453000,0.049,0.079,0.872
453500,0.054,0.059,0.887
454000,0.028,0.049,0.923
454500,0.033,0.043,0.924
455000,0.044,0.073,0.883
455500,0.051,0.069,0.880
456000,0.089,0.047,0.864
456500,0.063,0.038,0.898
457000,0.041,0.056,0.903
457500,0.052,0.052,0.896
458000,0.059,0.068,0.873
458500,0.059,0.045,0.896
459000,0.047,0.038,0.915
459500,0.041,0.039,0.920
460000,0.044,0.051,0.905
460500,0.062,0.032,0.906
461000,0.064,0.068,0.868
461500,0.050,0.059,0.891
462000,0.058,0.065,0.878
462500,0.038,0.066,0.896
463000,0.041,0.048,0.911
463500,0.043,0.052,0.905
464000,0.053,0.075,0.873
464500,0.030,0.042,0.928
465000,0.039,0.054,0.907
465500,0.030,0.048,0.921
466000,0.063,0.049,0.888
466500,0.047,0.051,0.902
467000,0.048,0.044,0.909
467500,0.041,0.046,0.913
468000,0.051,0.054,0.895
468500,0.045,0.063,0.892
469000,0.053,0.049,0.898
469500,0.038,0.052,0.910
470000,0.040,0.056,0.903
470500,0.053,0.040,0.907
471000,0.051,0.058,0.891
471500,0.046,0.072,0.882
472000,0.039,0.061,0.900
472500,0.041,0.068,0.891
473000,0.040,0.065,0.896
473500,0.036,0.051,0.914
474000,0.078,0.036,0.886
474500,0.065,0.040,0.896
475000,0.057,0.034,0.909
475500,0.069,0.047,0.884
476000,0.063,0.065,0.872
476500,0.045,0.056,0.899
477000,0.049,0.034,0.916
477500,0.049,0.036,0.916
478000,0.044,0.051,0.906
478500,0.065,0.061,0.874
479000,0.048,0.086,0.866
479500,0.061,0.052,0.887
480000,0.068,0.047,0.885
480500,0.063,0.058,0.879
481000,0.046,0.055,0.899
481500,0.075,0.038,0.888
482000,0.059,0.064,0.877
482500,0.051,0.048,0.902
483000,0.050,0.047,0.903
483500,0.042,0.068,0.891
484000,0.051,0.043,0.906
484500,0.063,0.044,0.893
485000,0.035,0.051,0.914
485500,0.030,0.045,0.924
486000,0.034,0.072,0.894
486500,0.033,0.080,0.888
487000,0.059,0.069,0.871
487500,0.044,0.056,0.900
488000,0.042,0.055,0.903
488500,0.051,0.033,0.916
489000,0.068,0.033,0.899
489500,0.047,0.044,0.909
490000,0.051,0.041,0.908
490500,0.045,0.032,0.923
491000,0.068,0.033,0.900
491500,0.058,0.038,0.904
492000,0.086,0.045,0.869
492500,0.058,0.038,0.903
493000,0.051,0.035,0.914
493500,0.049,0.054,0.898
494000,0.053,0.046,0.901
494500,0.056,0.041,0.903
495000,0.076,0.050,0.874
495500,0.055,0.044,0.902
496000,0.055,0.059,0.886
496500,0.051,0.045,0.904
497000,0.057,0.046,0.897
497500,0.047,0.037,0.916
498000,0.048,0.047,0.905
498500,0.038,0.063,0.899
499000,0.037,0.054,0.910
499500,0.065,0.041,0.893
500000,0.056,0.045,0.898
500500,0.057,0.042,0.900
501000,0.064,0.044,0.892
501500,0.066,0.035,0.899
502000,0.058,0.051,0.892
502500,0.049,0.040,0.911
503000,0.039,0.058,0.903
503500,0.042,0.051,0.906
504000,0.049,0.059,0.892
504500,0.044,0.049,0.907
505000,0.050,0.050,0.900
505500,0.058,0.048,0.895
506000,0.054,0.045,0.901
506500,0.041,0.030,0.928
507000,0.033,0.070,0.897
507500,0.042,0.053,0.905
508000,0.075,0.062,0.864
508500,0.044,0.058,0.899
509000,0.033,0.039,0.928
509500,0.056,0.031,0.913
510000,0.056,0.034,0.910
510500,0.049,0.051,0.900
511000,0.065,0.041,0.895
511500,0.063,0.052,0.884
512000,0.069,0.049,0.882
512500,0.076,0.045,0.879
513000,0.063,0.051,0.886
513500,0.055,0.072,0.873
514000,0.059,0.062,0.880
514500,0.061,0.042,0.896
515000,0.075,0.064,0.861
515500,0.062,0.050,0.888
516000,0.063,0.048,0.888
516500,0.063,0.055,0.882
517000,0.048,0.052,0.900
517500,0.044,0.052,0.904
518000,0.034,0.043,0.923
518500,0.054,0.058,0.888
519000,0.058,0.038,0.905
519500,0.071,0.079,0.850
520000,0.080,0.044,0.876
520500,0.051,0.103,0.846
521000,0.041,0.098,0.860
521500,0.062,0.074,0.864
522000,0.064,0.058,0.878
522500,0.051,0.054,0.895
523000,0.045,0.061,0.894
523500,0.044,0.046,0.910
524000,0.041,0.059,0.899
524500,0.075,0.040,0.885
525000,0.082,0.051,0.867
525500,0.056,0.038,0.905
526000,0.032,0.061,0.907
526500,0.044,0.053,0.903
527000,0.034,0.065,0.901
527500,0.034,0.083,0.882
528000,0.070,0.061,0.870
528500,0.091,0.053,0.856
529000,0.068,0.036,0.896
529500,0.061,0.028,0.912
530000,0.042,0.035,0.923
530500,0.081,0.048,0.871
531000,0.081,0.053,0.866
531500,0.081,0.049,0.870
532000,0.061,0.040,0.899
532500,0.050,0.072,0.878
533000,0.037,0.065,0.898
533500,0.035,0.057,0.908
534000,0.057,0.041,0.902
534500,0.053,0.048,0.899
535000,0.047,0.052,0.900
535500,0.053,0.061,0.886
536000,0.068,0.061,0.871
536500,0.059,0.050,0.891
537000,0.058,0.037,0.906
537500,0.047,0.048,0.905
538000,0.069,0.068,0.863
538500,0.084,0.068,0.847
539000,0.066,0.044,0.889
539500,0.062,0.050,0.888
540000,0.072,0.049,0.880
540500,0.063,0.033,0.904
541000,0.070,0.045,0.884
541500,0.072,0.045,0.883
542000,0.054,0.047,0.899
542500,0.048,0.084,0.868
543000,0.054,0.044,0.903
543500,0.049,0.038,0.913
544000,0.042,0.045,0.913
544500,0.065,0.048,0.887
545000,0.061,0.037,0.903
545500,0.057,0.038,0.905
546000,0.072,0.041,0.888
546500,0.053,0.065,0.882
547000,0.036,0.062,0.903
547500,0.050,0.052,0.898
548000,0.049,0.042,0.908
548500,0.046,0.042,0.912
549000,0.075,0.040,0.886
549500,0.087,0.048,0.866
550000,0.084,0.086,0.829
550500,0.070,0.065,0.864
551000,0.065,0.048,0.888
551500,0.062,0.034,0.904
552000,0.063,0.044,0.893
552500,0.047,0.055,0.898
553000,0.040,0.050,0.910
553500,0.044,0.048,0.908
554000,0.047,0.058,0.895
554500,0.045,0.065,0.890
555000,0.046,0.054,0.900
555500,0.039,0.048,0.913
556000,0.051,0.048,0.901
556500,0.038,0.042,0.919
557000,0.052,0.045,0.902
557500,0.047,0.038,0.915
558000,0.037,0.039,0.924
558500,0.047,0.040,0.913
559000,0.034,0.037,0.930
559500,0.031,0.044,0.925
560000,0.035,0.047,0.918
560500,0.092,0.048,0.860
561000,0.061,0.042,0.897
561500,0.058,0.063,0.878
562000,0.046,0.034,0.920
562500,0.039,0.048,0.913
563000,0.054,0.039,0.907
563500,0.056,0.024,0.919
564000,0.054,0.036,0.911
564500,0.044,0.032,0.924
565000,0.048,0.056,0.895
565500,0.045,0.028,0.927
566000,0.042,0.036,0.923
566500,0.040,0.037,0.923
567000,0.052,0.027,0.920
567500,0.060,0.033,0.907
568000,0.061,0.042,0.898
568500,0.047,0.047,0.907
569000,0.051,0.030,0.919
569500,0.062,0.031,0.906
570000,0.057,0.061,0.882
570500,0.054,0.045,0.901
571000,0.050,0.056,0.894
571500,0.042,0.052,0.906
572000,0.039,0.044,0.917
572500,0.044,0.061,0.896
573000,0.040,0.068,0.892
573500,0.047,0.088,0.865
574000,0.052,0.088,0.860
574500,0.048,0.088,0.864
575000,0.037,0.091,0.872
575500,0.090,0.050,0.860
576000,0.052,0.070,0.878
576500,0.074,0.060,0.866
577000,0.074,0.055,0.871
577500,0.067,0.058,0.875
578000,0.049,0.042,0.908
578500,0.033,0.059,0.908
579000,0.031,0.045,0.924
579500,0.048,0.043,0.909
580000,0.041,0.040,0.920
580500,0.043,0.034,0.923
581000,0.049,0.041,0.910
581500,0.071,0.045,0.884
582000,0.063,0.051,0.885
582500,0.053,0.061,0.886
583000,0.058,0.055,0.887
583500,0.071,0.055,0.874
584000,0.062,0.031,0.907
584500,0.077,0.037,0.885
585000,0.062,0.053,0.885
585500,0.044,0.051,0.905
586000,0.048,0.054,0.898
586500,0.043,0.057,0.900
587000,0.050,0.046,0.904
587500,0.068,0.032,0.900
588000,0.075,0.038,0.887
588500,0.070,0.049,0.881
589000,0.069,0.033,0.898
589500,0.056,0.063,0.881
590000,0.052,0.047,0.901
590500,0.061,0.048,0.891
591000,0.040,0.075,0.885
591500,0.049,0.062,0.888
592000,0.056,0.062,0.882
592500,0.051,0.069,0.881
593000,0.042,0.071,0.886
593500,0.053,0.051,0.896
594000,0.075,0.030,0.896
594500,0.054,0.046,0.900
595000,0.055,0.052,0.893
595500,0.049,0.044,0.907
596000,0.036,0.058,0.907
596500,0.041,0.055,0.904
597000,0.054,0.052,0.895
597500,0.051,0.058,0.891
598000,0.042,0.039,0.919
598500,0.042,0.034,0.924
599000,0.040,0.056,0.905
599500,0.080,0.065,0.855
600000,0.048,0.043,0.909
600500,0.061,0.048,0.892
601000,0.049,0.051,0.900
601500,0.040,0.043,0.917
602000,0.047,0.066,0.888
602500,0.039,0.042,0.919
603000,0.024,0.062,0.914
603500,0.045,0.075,0.880
604000,0.059,0.062,0.880
604500,0.040,0.058,0.903
605000,0.028,0.076,0.896
605500,0.063,0.073,0.864
606000,0.040,0.077,0.883
606500,0.056,0.076,0.868
607000,0.038,0.055,0.907
607500,0.034,0.054,0.912
608000,0.041,0.031,0.928
608500,0.052,0.044,0.905
609000,0.065,0.044,0.891
609500,0.062,0.037,0.901
610000,0.070,0.058,0.873
610500,0.049,0.042,0.909
611000,0.047,0.047,0.906
611500,0.054,0.055,0.891
612000,0.065,0.040,0.895
612500,0.063,0.027,0.910
613000,0.051,0.047,0.903
613500,0.052,0.049,0.899
614000,0.037,0.054,0.909
614500,0.037,0.069,0.894
615000,0.039,0.050,0.911
615500,0.035,0.055,0.910
616000,0.034,0.036,0.930
616500,0.083,0.037,0.880
617000,0.037,0.044,0.919
617500,0.055,0.047,0.898
618000,0.041,0.056,0.903
618500,0.046,0.076,0.878
619000,0.048,0.066,0.885
619500,0.032,0.062,0.906
620000,0.046,0.047,0.907
620500,0.044,0.045,0.911
621000,0.049,0.061,0.889
621500,0.042,0.052,0.906
622000,0.044,0.052,0.904
622500,0.056,0.054,0.890
623000,0.058,0.040,0.903
623500,0.048,0.038,0.913
624000,0.058,0.042,0.900
624500,0.049,0.048,0.903
625000,0.068,0.051,0.881
625500,0.052,0.045,0.902
626000,0.052,0.052,0.896
626500,0.076,0.041,0.883
627000,0.054,0.059,0.887
627500,0.058,0.048,0.894
628000,0.051,0.055,0.894
628500,0.058,0.100,0.842
629000,0.046,0.081,0.873
629500,0.037,0.073,0.891
630000,0.063,0.063,0.874
630500,0.054,0.047,0.899
631000,0.068,0.033,0.900
631500,0.034,0.042,0.924
632000,0.031,0.045,0.924
632500,0.048,0.034,0.917
633000,0.042,0.031,0.927
633500,0.038,0.033,0.930
634000,0.042,0.072,0.886
634500,0.030,0.065,0.905
635000,0.037,0.056,0.907
635500,0.047,0.048,0.905
636000,0.052,0.053,0.895
636500,0.048,0.055,0.897
637000,0.046,0.076,0.878
637500,0.038,0.054,0.909
638000,0.040,0.058,0.902
638500,0.048,0.058,0.895
639000,0.038,0.102,0.860
639500,0.054,0.062,0.884
640000,0.059,0.061,0.880
640500,0.073,0.063,0.864
641000,0.054,0.102,0.844
641500,0.047,0.071,0.882
642000,0.037,0.050,0.913
642500,0.039,0.054,0.907
643000,0.036,0.068,0.896
643500,0.044,0.063,0.892
644000,0.045,0.087,0.868
644500,0.055,0.063,0.882
645000,0.054,0.061,0.886
645500,0.041,0.059,0.900
646000,0.038,0.047,0.915
646500,0.054,0.094,0.852
647000,0.046,0.091,0.863
647500,0.049,0.066,0.885
648000,0.064,0.077,0.859
648500,0.043,0.055,0.902
649000,0.048,0.047,0.905
649500,0.047,0.045,0.908
650000,0.095,0.040,0.866
650500,0.070,0.031,0.898
651000,0.055,0.052,0.893
651500,0.074,0.033,0.893
652000,0.068,0.037,0.895
652500,0.059,0.053,0.888
653000,0.059,0.076,0.865
653500,0.056,0.064,0.880
654000,0.047,0.066,0.887
654500,0.047,0.059,0.894
655000,0.036,0.041,0.923
655500,0.059,0.041,0.900
656000,0.054,0.036,0.910
656500,0.052,0.041,0.907
657000,0.045,0.057,0.898
657500,0.056,0.030,0.914
658000,0.059,0.029,0.913
658500,0.047,0.046,0.907
659000,0.044,0.044,0.912
659500,0.047,0.064,0.889
660000,0.053,0.041,0.906
660500,0.042,0.072,0.886
661000,0.070,0.058,0.873
661500,0.037,0.049,0.914
662000,0.044,0.077,0.878
662500,0.042,0.066,0.891
663000,0.037,0.047,0.917
663500,0.052,0.039,0.909
664000,0.053,0.031,0.916
664500,0.065,0.037,0.898
665000,0.046,0.050,0.904
665500,0.062,0.066,0.872
666000,0.054,0.040,0.907
666500,0.052,0.058,0.891
667000,0.073,0.048,0.879
667500,0.059,0.066,0.875
668000,0.048,0.077,0.875
668500,0.048,0.051,0.900
669000,0.050,0.096,0.854
669500,0.034,0.062,0.903
670000,0.052,0.058,0.889
670500,0.051,0.090,0.860
671000,0.035,0.068,0.898
671500,0.024,0.060,0.916
672000,0.034,0.051,0.915
672500,0.037,0.063,0.900
673000,0.046,0.048,0.906
673500,0.050,0.045,0.905
674000,0.065,0.048,0.887
674500,0.031,0.058,0.912
675000,0.041,0.062,0.896
675500,0.052,0.060,0.888
676000,0.033,0.046,0.921
676500,0.049,0.041,0.910
677000,0.061,0.039,0.900
677500,0.083,0.057,0.860
678000,0.079,0.058,0.863
678500,0.049,0.066,0.885
679000,0.063,0.100,0.837
679500,0.035,0.079,0.886
680000,0.048,0.065,0.886
680500,0.048,0.057,0.895
681000,0.041,0.037,0.921
681500,0.054,0.038,0.907
682000,0.043,0.049,0.908
682500,0.045,0.051,0.905
683000,0.061,0.039,0.900
683500,0.066,0.031,0.903
684000,0.053,0.054,0.893
684500,0.054,0.109,0.837
685000,0.051,0.079,0.870
685500,0.044,0.066,0.889
686000,0.024,0.080,0.896
686500,0.040,0.069,0.891
687000,0.056,0.054,0.890
687500,0.070,0.051,0.880
688000,0.049,0.055,0.896
688500,0.079,0.045,0.876
689000,0.055,0.042,0.902
689500,0.074,0.081,0.845
690000,0.077,0.059,0.864
690500,0.055,0.058,0.887
691000,0.043,0.048,0.909
691500,0.033,0.066,0.901
692000,0.058,0.052,0.890
692500,0.066,0.065,0.869
693000,0.078,0.062,0.860
693500,0.066,0.070,0.864
694000,0.047,0.049,0.904
694500,0.056,0.069,0.875
695000,0.027,0.061,0.912
695500,0.042,0.044,0.913
696000,0.039,0.061,0.900
696500,0.031,0.055,0.913
697000,0.047,0.054,0.899
697500,0.047,0.044,0.909
698000,0.060,0.059,0.881
698500,0.042,0.058,0.900
699000,0.035,0.036,0.930
699500,0.041,0.062,0.897
700000,0.038,0.061,0.901
700500,0.107,0.048,0.845
701000,0.076,0.065,0.859
701500,0.050,0.076,0.874
702000,0.062,0.049,0.888
702500,0.048,0.053,0.899
703000,0.051,0.045,0.904
703500,0.056,0.032,0.912
704000,0.031,0.043,0.926
704500,0.044,0.037,0.919
705000,0.068,0.027,0.905
705500,0.075,0.045,0.881
706000,0.061,0.048,0.891
706500,0.072,0.040,0.888
707000,0.064,0.051,0.885
707500,0.077,0.038,0.884
708000,0.077,0.030,0.892
708500,0.059,0.019,0.922
709000,0.061,0.034,0.905
709500,0.064,0.035,0.901
710000,0.054,0.038,0.908
710500,0.075,0.074,0.851
711000,0.061,0.051,0.888
711500,0.045,0.057,0.898
712000,0.035,0.058,0.907
712500,0.030,0.068,0.903
713000,0.051,0.055,0.895
713500,0.068,0.050,0.882
714000,0.077,0.048,0.875
714500,0.037,0.045,0.918
715000,0.049,0.047,0.904
715500,0.052,0.055,0.892
716000,0.042,0.070,0.888
716500,0.093,0.045,0.862
717000,0.062,0.048,0.891
717500,0.051,0.037,0.912
718000,0.045,0.045,0.910
718500,0.040,0.076,0.885
719000,0.039,0.058,0.903
719500,0.041,0.039,0.920
720000,0.059,0.056,0.885
720500,0.072,0.038,0.891
721000,0.050,0.058,0.892
721500,0.060,0.063,0.877
722000,0.039,0.055,0.906
722500,0.052,0.042,0.906
723000,0.054,0.038,0.907
723500,0.062,0.036,0.902
724000,0.058,0.033,0.910
724500,0.059,0.058,0.882
725000,0.052,0.064,0.884
725500,0.039,0.046,0.915
726000,0.037,0.055,0.908
726500,0.029,0.059,0.912
727000,0.034,0.063,0.903
727500,0.033,0.072,0.895
728000,0.034,0.055,0.911
728500,0.029,0.058,0.913
729000,0.031,0.075,0.893
729500,0.041,0.068,0.891
730000,0.045,0.048,0.907
730500,0.076,0.054,0.870
731000,0.076,0.046,0.878
731500,0.048,0.044,0.908
732000,0.059,0.055,0.886
732500,0.040,0.055,0.905
733000,0.054,0.052,0.893
733500,0.042,0.055,0.903
734000,0.036,0.051,0.913
734500,0.027,0.069,0.905
735000,0.036,0.067,0.898
735500,0.042,0.077,0.880
736000,0.033,0.046,0.921
736500,0.046,0.042,0.912
737000,0.042,0.052,0.906
737500,0.036,0.063,0.900
738000,0.060,0.069,0.871
738500,0.054,0.061,0.885
739000,0.051,0.065,0.884
739500,0.058,0.052,0.889
740000,0.082,0.048,0.870
740500,0.107,0.047,0.846
741000,0.073,0.069,0.858
741500,0.076,0.037,0.886
742000,0.072,0.057,0.871
742500,0.085,0.051,0.864
743000,0.078,0.056,0.866
743500,0.076,0.062,0.862
744000,0.079,0.044,0.877
744500,0.069,0.042,0.889
745000,0.044,0.054,0.903
745500,0.051,0.051,0.899
746000,0.055,0.049,0.896
746500,0.039,0.054,0.907
747000,0.057,0.043,0.900
747500,0.068,0.037,0.895
748000,0.072,0.032,0.896
748500,0.066,0.040,0.894
749000,0.061,0.034,0.906
749500,0.070,0.046,0.884
750000,0.077,0.042,0.881
750500,0.078,0.036,0.886
751000,0.093,0.029,0.878
751500,0.087,0.039,0.874
752000,0.056,0.052,0.892
752500,0.073,0.028,0.899
753000,0.066,0.033,0.902
753500,0.050,0.042,0.907
754000,0.068,0.047,0.885
754500,0.051,0.052,0.897
755000,0.061,0.057,0.882
755500,0.056,0.076,0.868
756000,0.065,0.049,0.886
756500,0.070,0.049,0.880
757000,0.046,0.039,0.915
757500,0.056,0.070,0.874
758000,0.040,0.077,0.883
758500,0.059,0.058,0.883
759000,0.068,0.045,0.887
759500,0.066,0.061,0.873
760000,0.061,0.035,0.905
760500,0.076,0.045,0.880
761000,0.071,0.055,0.874
761500,0.068,0.059,0.873
762000,0.055,0.058,0.887
762500,0.041,0.055,0.904
763000,0.040,0.047,0.913
763500,0.072,0.056,0.873
764000,0.059,0.056,0.885
764500,0.055,0.045,0.900
765000,0.049,0.065,0.886
765500,0.039,0.065,0.896
766000,0.042,0.048,0.909
766500,0.043,0.044,0.913
767000,0.044,0.042,0.914
767500,0.038,0.045,0.917
768000,0.044,0.057,0.899
768500,0.031,0.058,0.911
769000,0.042,0.050,0.907
769500,0.047,0.047,0.907
770000,0.056,0.046,0.898
770500,0.052,0.034,0.914
771000,0.036,0.039,0.925
771500,0.040,0.022,0.938
772000,0.052,0.066,0.881
772500,0.086,0.045,0.869
773000,0.080,0.030,0.889
773500,0.059,0.065,0.875
774000,0.063,0.061,0.875
774500,0.041,0.061,0.899
775000,0.051,0.041,0.909
775500,0.040,0.062,0.898
776000,0.054,0.048,0.898
776500,0.047,0.052,0.901
777000,0.040,0.048,0.913
777500,0.032,0.067,0.901
778000,0.074,0.058,0.868
778500,0.055,0.045,0.900
779000,0.044,0.055,0.902
779500,0.058,0.049,0.892
780000,0.063,0.068,0.870
780500,0.064,0.082,0.854
781000,0.091,0.068,0.841
781500,0.072,0.051,0.877
782000,0.054,0.044,0.903
782500,0.045,0.044,0.911
783000,0.059,0.045,0.896
783500,0.050,0.044,0.906
784000,0.042,0.051,0.907
784500,0.043,0.070,0.887
785000,0.026,0.074,0.900
785500,0.035,0.079,0.886
786000,0.036,0.070,0.893
786500,0.034,0.063,0.903
787000,0.029,0.058,0.913
787500,0.036,0.090,0.874
788000,0.035,0.107,0.858
788500,0.029,0.079,0.893
789000,0.035,0.052,0.913
789500,0.055,0.056,0.889
790000,0.061,0.084,0.855
790500,0.084,0.056,0.859
791000,0.074,0.054,0.873
791500,0.068,0.050,0.882
792000,0.066,0.037,0.896
792500,0.076,0.035,0.889
793000,0.050,0.036,0.914
793500,0.051,0.048,0.900
794000,0.057,0.026,0.917
794500,0.054,0.031,0.914
795000,0.041,0.056,0.903
795500,0.030,0.056,0.914
796000,0.042,0.052,0.906
796500,0.055,0.077,0.867
797000,0.030,0.060,0.910
797500,0.036,0.045,0.920
798000,0.042,0.046,0.912
798500,0.046,0.046,0.908
799000,0.041,0.052,0.907
799500,0.031,0.061,0.909
800000,0.031,0.054,0.914
800500,0.033,0.056,0.911
801000,0.062,0.055,0.883
801500,0.087,0.066,0.847
802000,0.055,0.047,0.898
802500,0.042,0.073,0.884
803000,0.044,0.056,0.900
803500,0.038,0.062,0.900
804000,0.026,0.045,0.929
804500,0.041,0.063,0.896
805000,0.054,0.079,0.868
805500,0.052,0.073,0.875
806000,0.051,0.078,0.871
806500,0.044,0.064,0.892
807000,0.064,0.073,0.863
807500,0.047,0.054,0.900
808000,0.065,0.054,0.881
808500,0.034,0.047,0.919
809000,0.036,0.033,0.932
809500,0.034,0.044,0.922
810000,0.031,0.051,0.917
810500,0.033,0.098,0.869
811000,0.054,0.059,0.887
811500,0.037,0.056,0.906
812000,0.034,0.041,0.925
812500,0.042,0.034,0.924
813000,0.049,0.027,0.924
813500,0.039,0.026,0.935
814000,0.037,0.041,0.923
814500,0.042,0.040,0.917
815000,0.026,0.058,0.916
815500,0.047,0.031,0.922
816000,0.063,0.038,0.899
816500,0.050,0.045,0.905
817000,0.040,0.046,0.914
817500,0.041,0.043,0.916
818000,0.062,0.044,0.894
818500,0.045,0.048,0.907
819000,0.048,0.109,0.843
819500,0.041,0.079,0.880
820000,0.047,0.091,0.861
820500,0.038,0.061,0.901
821000,0.024,0.066,0.910
821500,0.039,0.059,0.902
822000,0.044,0.048,0.908
822500,0.038,0.038,0.924
823000,0.076,0.054,0.870
823500,0.086,0.051,0.863
824000,0.065,0.047,0.889
824500,0.073,0.053,0.874
825000,0.091,0.063,0.846
825500,0.077,0.049,0.874
826000,0.062,0.056,0.882
826500,0.060,0.045,0.895
827000,0.045,0.050,0.905
827500,0.033,0.056,0.910
828000,0.042,0.045,0.913
828500,0.042,0.045,0.912
829000,0.048,0.035,0.917
829500,0.041,0.055,0.904
830000,0.044,0.043,0.913
830500,0.037,0.052,0.911
831000,0.057,0.044,0.899
831500,0.034,0.034,0.932
832000,0.036,0.028,0.937
832500,0.032,0.048,0.920
833000,0.052,0.045,0.903
833500,0.050,0.059,0.891
834000,0.063,0.057,0.880
834500,0.060,0.033,0.907
835000,0.036,0.050,0.914
835500,0.045,0.055,0.900
836000,0.038,0.062,0.900
836500,0.038,0.047,0.916
837000,0.050,0.045,0.905
837500,0.048,0.040,0.912
838000,0.038,0.036,0.925
838500,0.046,0.063,0.891
839000,0.047,0.058,0.895
839500,0.065,0.060,0.875
840000,0.059,0.050,0.891
840500,0.076,0.033,0.891
841000,0.073,0.053,0.874
841500,0.050,0.068,0.882
842000,0.058,0.044,0.899
842500,0.080,0.048,0.873
843000,0.059,0.059,0.882
843500,0.063,0.043,0.894
844000,0.040,0.059,0.902
844500,0.052,0.062,0.886
845000,0.049,0.052,0.899
845500,0.036,0.059,0.905
846000,0.047,0.057,0.896
846500,0.054,0.036,0.910
847000,0.068,0.041,0.892
847500,0.075,0.032,0.893
848000,0.052,0.028,0.920
848500,0.066,0.027,0.907
849000,0.062,0.030,0.909
849500,0.077,0.037,0.886
850000,0.080,0.048,0.871
850500,0.058,0.035,0.907
851000,0.073,0.039,0.888
851500,0.062,0.031,0.906
852000,0.069,0.025,0.906
852500,0.048,0.037,0.915
853000,0.054,0.029,0.917
853500,0.042,0.033,0.925
854000,0.055,0.024,0.920
854500,0.054,0.043,0.903
855000,0.044,0.041,0.915
855500,0.039,0.044,0.917
856000,0.038,0.065,0.898
856500,0.032,0.047,0.921
857000,0.033,0.068,0.900
857500,0.036,0.052,0.912
858000,0.036,0.057,0.907
858500,0.023,0.039,0.938
859000,0.040,0.068,0.892
859500,0.038,0.058,0.904
860000,0.040,0.053,0.907
860500,0.055,0.042,0.903
861000,0.050,0.043,0.907
861500,0.053,0.059,0.888
862000,0.047,0.047,0.906
862500,0.049,0.058,0.893
863000,0.090,0.044,0.867
863500,0.056,0.045,0.899
864000,0.062,0.062,0.876
864500,0.068,0.048,0.884
865000,0.060,0.042,0.898
865500,0.073,0.069,0.859
866000,0.062,0.061,0.877
866500,0.047,0.058,0.896
867000,0.051,0.075,0.874
867500,0.040,0.064,0.896
868000,0.044,0.049,0.907
868500,0.030,0.061,0.910
869000,0.047,0.055,0.898
869500,0.036,0.064,0.900
870000,0.059,0.045,0.896
870500,0.052,0.041,0.907
871000,0.046,0.051,0.903
871500,0.044,0.054,0.902
872000,0.037,0.048,0.915
872500,0.049,0.045,0.906
873000,0.034,0.041,0.925
873500,0.027,0.072,0.902
874000,0.045,0.056,0.899
874500,0.065,0.051,0.884
875000,0.038,0.052,0.909
875500,0.047,0.038,0.915
876000,0.033,0.034,0.933
876500,0.036,0.036,0.928
877000,0.039,0.024,0.937
877500,0.022,0.053,0.925
878000,0.044,0.039,0.917
878500,0.052,0.030,0.917
879000,0.061,0.044,0.895
879500,0.079,0.040,0.881
880000,0.067,0.055,0.878
880500,0.051,0.054,0.896
881000,0.083,0.042,0.874
881500,0.040,0.043,0.917
882000,0.083,0.045,0.873
882500,0.065,0.050,0.885
883000,0.079,0.043,0.878
883500,0.058,0.034,0.907
884000,0.060,0.042,0.898
884500,0.056,0.045,0.899
885000,0.047,0.038,0.914
885500,0.056,0.026,0.918
886000,0.044,0.045,0.910
886500,0.035,0.048,0.917
887000,0.042,0.068,0.890
887500,0.049,0.069,0.882
888000,0.022,0.084,0.893
888500,0.030,0.075,0.895
889000,0.030,0.072,0.898
889500,0.051,0.037,0.912
890000,0.069,0.030,0.900
890500,0.054,0.036,0.910
891000,0.054,0.059,0.887
891500,0.056,0.038,0.905
892000,0.050,0.054,0.896
892500,0.036,0.045,0.920
893000,0.040,0.032,0.928
893500,0.043,0.049,0.907
894000,0.062,0.054,0.884
894500,0.037,0.041,0.921
895000,0.039,0.051,0.910
895500,0.034,0.065,0.902
896000,0.052,0.053,0.895
896500,0.041,0.063,0.896
897000,0.047,0.044,0.909
897500,0.052,0.044,0.903
898000,0.052,0.051,0.897
898500,0.036,0.061,0.903
899000,0.054,0.072,0.874
899500,0.037,0.069,0.895
900000,0.056,0.050,0.893
900500,0.051,0.052,0.897
901000,0.049,0.052,0.899
901500,0.034,0.036,0.930
902000,0.059,0.044,0.897
902500,0.062,0.046,0.892
903000,0.062,0.040,0.899
903500,0.040,0.057,0.903
904000,0.034,0.049,0.917
904500,0.052,0.037,0.911
905000,0.056,0.055,0.889
905500,0.058,0.040,0.902
906000,0.045,0.059,0.896
906500,0.039,0.055,0.906
907000,0.037,0.024,0.938
907500,0.045,0.059,0.896
908000,0.071,0.058,0.871
908500,0.042,0.057,0.900
909000,0.063,0.058,0.879
909500,0.062,0.031,0.906
910000,0.069,0.041,0.891
910500,0.076,0.063,0.861
911000,0.042,0.054,0.904
911500,0.052,0.085,0.863
912000,0.036,0.051,0.914
912500,0.038,0.031,0.931
913000,0.062,0.035,0.903
913500,0.058,0.038,0.904
914000,0.050,0.061,0.889
914500,0.049,0.074,0.877
915000,0.035,0.059,0.906
915500,0.034,0.067,0.899
916000,0.044,0.067,0.889
916500,0.029,0.048,0.923
917000,0.049,0.043,0.908
917500,0.033,0.060,0.907
918000,0.069,0.036,0.895
918500,0.058,0.055,0.886
919000,0.053,0.078,0.869
919500,0.076,0.086,0.838
920000,0.047,0.058,0.895
920500,0.041,0.081,0.878
921000,0.083,0.057,0.860
921500,0.064,0.044,0.892
922000,0.070,0.059,0.871
922500,0.077,0.081,0.842
923000,0.063,0.073,0.863
923500,0.058,0.073,0.869
924000,0.058,0.044,0.898
924500,0.050,0.044,0.906
925000,0.057,0.044,0.899
925500,0.074,0.051,0.875
926000,0.070,0.065,0.865
926500,0.086,0.061,0.853
927000,0.072,0.058,0.871
927500,0.063,0.062,0.875
928000,0.061,0.049,0.889
928500,0.058,0.062,0.880
929000,0.045,0.061,0.894
929500,0.050,0.062,0.888
930000,0.051,0.053,0.896
930500,0.044,0.055,0.901
931000,0.065,0.046,0.889
931500,0.069,0.032,0.899
932000,0.070,0.042,0.888
932500,0.079,0.051,0.870
933000,0.061,0.053,0.886
933500,0.053,0.084,0.863
934000,0.053,0.064,0.883
934500,0.045,0.065,0.891
935000,0.039,0.041,0.920
935500,0.033,0.052,0.915
936000,0.042,0.066,0.892
936500,0.051,0.056,0.893
937000,0.054,0.044,0.902
937500,0.046,0.058,0.896
938000,0.058,0.038,0.904
938500,0.056,0.045,0.899
939000,0.068,0.055,0.877
939500,0.063,0.044,0.893
940000,0.061,0.041,0.899
940500,0.067,0.029,0.905
941000,0.045,0.054,0.901
941500,0.051,0.045,0.904
942000,0.053,0.043,0.904
942500,0.048,0.063,0.889
943000,0.032,0.056,0.912
943500,0.045,0.088,0.867
944000,0.070,0.048,0.882
944500,0.076,0.054,0.871
945000,0.042,0.045,0.913
945500,0.044,0.060,0.896
946000,0.045,0.071,0.884
946500,0.040,0.085,0.875
947000,0.035,0.049,0.916
947500,0.026,0.046,0.928
948000,0.041,0.054,0.906
948500,0.052,0.066,0.881
949000,0.037,0.037,0.926
949500,0.054,0.038,0.907
950000,0.046,0.046,0.908
950500,0.041,0.047,0.913
951000,0.055,0.030,0.916
951500,0.052,0.050,0.898
952000,0.063,0.039,0.898
952500,0.063,0.034,0.903
953000,0.064,0.048,0.888
953500,0.042,0.048,0.910
954000,0.082,0.055,0.863
954500,0.058,0.051,0.891
955000,0.058,0.046,0.896
955500,0.061,0.056,0.882
956000,0.053,0.051,0.896
956500,0.042,0.063,0.895
957000,0.061,0.060,0.879
957500,0.059,0.041,0.899
958000,0.050,0.051,0.899
958500,0.075,0.058,0.867
959000,0.051,0.042,0.907
959500,0.059,0.044,0.897
960000,0.051,0.063,0.886
960500,0.050,0.061,0.889
961000,0.039,0.056,0.905
961500,0.044,0.059,0.897
962000,0.041,0.080,0.878
962500,0.046,0.083,0.871
963000,0.035,0.094,0.871
963500,0.036,0.069,0.895
964000,0.052,0.067,0.881
964500,0.054,0.085,0.861
965000,0.032,0.071,0.897
965500,0.041,0.064,0.895
966000,0.041,0.050,0.909
966500,0.040,0.048,0.913
967000,0.042,0.059,0.899
967500,0.059,0.047,0.894
968000,0.056,0.058,0.886
968500,0.048,0.062,0.890
969000,0.046,0.084,0.870
969500,0.038,0.075,0.887
970000,0.042,0.052,0.905
970500,0.037,0.065,0.898
971000,0.031,0.062,0.907
971500,0.034,0.072,0.894
972000,0.038,0.068,0.895
972500,0.058,0.045,0.897
973000,0.036,0.057,0.907
973500,0.045,0.052,0.903
974000,0.077,0.055,0.868
974500,0.061,0.075,0.864
975000,0.077,0.038,0.885
975500,0.069,0.038,0.892
976000,0.063,0.041,0.896
976500,0.049,0.066,0.884
977000,0.042,0.065,0.893
977500,0.041,0.066,0.893
978000,0.037,0.075,0.888
978500,0.024,0.065,0.910
979000,0.044,0.076,0.880
979500,0.063,0.045,0.892
980000,0.078,0.047,0.875
980500,0.047,0.048,0.906
981000,0.049,0.031,0.920
981500,0.040,0.038,0.922
982000,0.059,0.039,0.902
982500,0.072,0.047,0.881
983000,0.066,0.095,0.839
983500,0.047,0.084,0.869
984000,0.045,0.070,0.885
984500,0.047,0.087,0.867
985000,0.051,0.104,0.845
985500,0.054,0.103,0.843
986000,0.076,0.075,0.849
986500,0.069,0.051,0.880
987000,0.047,0.085,0.868
987500,0.044,0.086,0.870
988000,0.037,0.068,0.895
988500,0.036,0.055,0.909
989000,0.039,0.058,0.903
989500,0.055,0.062,0.884
990000,0.061,0.034,0.905
990500,0.038,0.041,0.921
991000,0.049,0.039,0.912
991500,0.031,0.051,0.918
992000,0.033,0.052,0.915
992500,0.036,0.038,0.926
993000,0.058,0.042,0.900
993500,0.047,0.030,0.923
994000,0.071,0.030,0.899
994500,0.041,0.029,0.930
995000,0.055,0.029,0.917
995500,0.042,0.066,0.892
996000,0.039,0.059,0.902
996500,0.056,0.039,0.905
997000,0.073,0.031,0.896
997500,0.083,0.046,0.871
998000,0.058,0.032,0.910
998500,0.034,0.030,0.936
999000,0.060,0.034,0.906
999500,0.062,0.036,0.902
1000000,0.066,0.029,0.905
