time,n_A+p,n_B,n_AB
500,0.080,0.697,0.223
1000,0.080,0.595,0.325
1500,0.080,0.533,0.387
2000,0.080,0.556,0.364
2500,0.080,0.666,0.254
3000,0.080,0.525,0.395
3500,0.080,0.594,0.326
4000,0.080,0.560,0.360
4500,0.080,0.525,0.395
5000,0.085,0.436,0.479
5500,0.084,0.442,0.474
6000,0.085,0.499,0.416
6500,0.080,0.455,0.465
7000,0.080,0.548,0.372
7500,0.080,0.577,0.343
8000,0.080,0.499,0.421
8500,0.086,0.463,0.451
9000,0.085,0.417,0.498
9500,0.082,0.507,0.411
10000,0.081,0.460,0.459
10500,0.080,0.493,0.427
11000,0.080,0.536,0.384
11500,0.080,0.472,0.448
12000,0.080,0.450,0.470
12500,0.080,0.384,0.536
13000,0.083,0.494,0.423
13500,0.082,0.444,0.474
14000,0.080,0.465,0.455
14500,0.080,0.587,0.333
15000,0.086,0.467,0.447
15500,0.080,0.532,0.388
16000,0.080,0.522,0.398
16500,0.080,0.541,0.379
17000,0.080,0.526,0.394
17500,0.091,0.469,0.440
18000,0.080,0.476,0.444
18500,0.080,0.522,0.398
19000,0.080,0.494,0.426
19500,0.085,0.457,0.458
20000,0.080,0.527,0.393
20500,0.080,0.543,0.377
21000,0.080,0.480,0.440
21500,0.080,0.539,0.381
22000,0.080,0.513,0.407
22500,0.080,0.473,0.447
23000,0.080,0.492,0.428
23500,0.080,0.508,0.412
24000,0.085,0.454,0.461
24500,0.081,0.423,0.496
25000,0.083,0.475,0.442
25500,0.080,0.472,0.448
26000,0.086,0.492,0.422
26500,0.080,0.436,0.484
27000,0.082,0.527,0.391
27500,0.080,0.548,0.372
28000,0.080,0.594,0.326
28500,0.080,0.547,0.373
29000,0.080,0.497,0.423
29500,0.080,0.523,0.397
30000,0.084,0.420,0.496
30500,0.087,0.478,0.435
31000,0.081,0.478,0.441
31500,0.080,0.472,0.448
32000,0.080,0.524,0.396
32500,0.080,0.458,0.462
33000,0.086,0.437,0.477
33500,0.086,0.360,0.554
34000,0.096,0.354,0.550
34500,0.093,0.376,0.531
35000,0.083,0.389,0.528
35500,0.084,0.448,0.468
36000,0.082,0.432,0.486
36500,0.081,0.551,0.368
37000,0.080,0.511,0.409
37500,0.080,0.455,0.465
38000,0.084,0.472,0.444
38500,0.080,0.470,0.450
39000,0.080,0.481,0.439
39500,0.080,0.507,0.413
40000,0.081,0.516,0.403
40500,0.080,0.442,0.478
41000,0.080,0.390,0.530
41500,0.082,0.469,0.449
42000,0.080,0.516,0.404
42500,0.080,0.538,0.382
43000,0.080,0.538,0.382
43500,0.080,0.557,0.363
44000,0.080,0.561,0.359
44500,0.088,0.476,0.436
45000,0.082,0.483,0.435
45500,0.080,0.598,0.322
46000,0.080,0.504,0.416
46500,0.080,0.555,0.365
47000,0.080,0.548,0.372
47500,0.080,0.482,0.438
48000,0.081,0.425,0.494
48500,0.080,0.532,0.388
49000,0.081,0.451,0.468
49500,0.084,0.498,0.418
50000,0.086,0.458,0.456
50500,0.084,0.373,0.543
51000,0.091,0.416,0.493
51500,0.098,0.419,0.483
52000,0.081,0.424,0.495
52500,0.080,0.506,0.414
53000,0.081,0.534,0.385
53500,0.080,0.569,0.351
54000,0.080,0.542,0.378
54500,0.080,0.580,0.340
55000,0.080,0.533,0.387
55500,0.087,0.478,0.435
56000,0.080,0.504,0.416
56500,0.080,0.527,0.393
57000,0.080,0.445,0.475
57500,0.085,0.456,0.459
58000,0.080,0.544,0.376
58500,0.080,0.570,0.350
59000,0.080,0.485,0.435
59500,0.088,0.457,0.455
60000,0.080,0.504,0.416
60500,0.082,0.495,0.423
61000,0.081,0.554,0.365
61500,0.080,0.585,0.335
62000,0.080,0.482,0.438
62500,0.081,0.541,0.378
63000,0.080,0.571,0.349
63500,0.080,0.611,0.309
64000,0.080,0.460,0.460
64500,0.087,0.485,0.428
65000,0.080,0.514,0.406
65500,0.080,0.483,0.437
66000,0.081,0.450,0.469
66500,0.080,0.408,0.512
67000,0.085,0.520,0.395
67500,0.081,0.513,0.406
68000,0.080,0.565,0.355
68500,0.083,0.465,0.452
69000,0.083,0.384,0.533
69500,0.086,0.379,0.535
70000,0.089,0.457,0.454
70500,0.080,0.431,0.489
71000,0.080,0.485,0.435
71500,0.080,0.515,0.405
72000,0.080,0.490,0.430
72500,0.085,0.462,0.453
73000,0.086,0.463,0.451
73500,0.081,0.492,0.427
74000,0.080,0.506,0.414
74500,0.080,0.495,0.425
75000,0.081,0.466,0.453
75500,0.081,0.346,0.573
76000,0.080,0.521,0.399
76500,0.087,0.434,0.479
77000,0.092,0.399,0.509
77500,0.092,0.455,0.453
78000,0.080,0.460,0.460
78500,0.084,0.461,0.455
79000,0.081,0.515,0.404
79500,0.080,0.487,0.433
80000,0.084,0.496,0.420
80500,0.093,0.417,0.490
81000,0.093,0.350,0.557
81500,0.108,0.252,0.640
82000,0.094,0.371,0.535
82500,0.083,0.502,0.415
83000,0.083,0.540,0.377
83500,0.080,0.515,0.405
84000,0.081,0.521,0.398
84500,0.080,0.505,0.415
85000,0.085,0.449,0.466
85500,0.082,0.410,0.508
86000,0.090,0.370,0.540
86500,0.088,0.420,0.492
87000,0.082,0.487,0.431
87500,0.080,0.521,0.399
88000,0.080,0.490,0.430
88500,0.080,0.531,0.389
89000,0.080,0.503,0.417
89500,0.080,0.548,0.372
90000,0.086,0.414,0.500
90500,0.086,0.396,0.518
91000,0.085,0.509,0.406
91500,0.087,0.418,0.495
92000,0.082,0.430,0.488
92500,0.080,0.401,0.519
93000,0.081,0.497,0.422
93500,0.081,0.467,0.452
94000,0.089,0.400,0.511
94500,0.100,0.377,0.523
95000,0.083,0.401,0.516
95500,0.087,0.415,0.498
96000,0.080,0.502,0.418
96500,0.080,0.429,0.491
97000,0.090,0.405,0.505
97500,0.094,0.452,0.454
98000,0.080,0.475,0.445
98500,0.083,0.461,0.456
99000,0.080,0.529,0.391
99500,0.080,0.498,0.422
100000,0.080,0.452,0.468
100500,0.080,0.459,0.461
101000,0.080,0.457,0.463
101500,0.080,0.485,0.435
102000,0.080,0.479,0.441
102500,0.080,0.525,0.395
103000,0.080,0.483,0.437
103500,0.084,0.521,0.395
104000,0.081,0.532,0.387
104500,0.080,0.500,0.420
105000,0.080,0.468,0.452
105500,0.089,0.448,0.463
106000,0.080,0.496,0.424
106500,0.080,0.521,0.399
107000,0.080,0.564,0.356
107500,0.080,0.552,0.368
108000,0.081,0.440,0.479
108500,0.081,0.518,0.401
109000,0.080,0.457,0.463
109500,0.080,0.466,0.454
110000,0.080,0.447,0.473
110500,0.082,0.552,0.366
111000,0.080,0.460,0.460
111500,0.095,0.440,0.465
112000,0.081,0.427,0.492
112500,0.081,0.423,0.496
113000,0.080,0.524,0.396
113500,0.080,0.516,0.404
114000,0.080,0.475,0.445
114500,0.083,0.464,0.453
115000,0.080,0.406,0.514
115500,0.080,0.482,0.438
116000,0.080,0.499,0.421
116500,0.085,0.485,0.430
117000,0.080,0.574,0.346
117500,0.080,0.477,0.443
118000,0.081,0.486,0.433
118500,0.081,0.494,0.425
119000,0.080,0.555,0.365
119500,0.080,0.518,0.402
120000,0.083,0.467,0.450
120500,0.080,0.528,0.392
121000,0.080,0.549,0.371
121500,0.080,0.541,0.379
122000,0.080,0.523,0.397
122500,0.080,0.493,0.427
123000,0.080,0.426,0.494
123500,0.081,0.475,0.444
124000,0.083,0.439,0.478
124500,0.099,0.387,0.514
125000,0.090,0.443,0.467
125500,0.083,0.443,0.474
126000,0.080,0.480,0.440
126500,0.087,0.505,0.408
127000,0.081,0.463,0.456
127500,0.083,0.455,0.462
128000,0.080,0.450,0.470
128500,0.092,0.457,0.451
129000,0.085,0.421,0.494
129500,0.080,0.509,0.411
130000,0.080,0.459,0.461
130500,0.080,0.505,0.415
131000,0.085,0.407,0.508
131500,0.080,0.522,0.398
132000,0.080,0.470,0.450
132500,0.082,0.490,0.428
133000,0.080,0.548,0.372
133500,0.080,0.524,0.396
134000,0.080,0.503,0.417
134500,0.080,0.528,0.392
135000,0.080,0.579,0.341
135500,0.080,0.459,0.461
136000,0.080,0.497,0.423
136500,0.080,0.456,0.464
137000,0.081,0.485,0.434
137500,0.080,0.507,0.413
138000,0.080,0.486,0.434
138500,0.080,0.552,0.368
139000,0.080,0.489,0.431
139500,0.084,0.547,0.369
140000,0.081,0.500,0.419
140500,0.083,0.529,0.388
141000,0.080,0.525,0.395
141500,0.080,0.549,0.371
142000,0.080,0.482,0.438
142500,0.084,0.482,0.434
143000,0.080,0.558,0.362
143500,0.083,0.536,0.381
144000,0.082,0.502,0.416
144500,0.080,0.474,0.446
145000,0.083,0.422,0.495
145500,0.083,0.433,0.484
146000,0.080,0.610,0.310
146500,0.080,0.541,0.379
147000,0.080,0.534,0.386
147500,0.088,0.449,0.463
148000,0.088,0.463,0.449
148500,0.083,0.485,0.432
149000,0.081,0.560,0.359
149500,0.084,0.507,0.409
150000,0.082,0.450,0.468
150500,0.080,0.534,0.386
151000,0.081,0.534,0.385
151500,0.083,0.501,0.416
152000,0.081,0.612,0.307
152500,0.081,0.482,0.437
153000,0.093,0.403,0.504
153500,0.085,0.438,0.477
154000,0.080,0.462,0.458
154500,0.084,0.456,0.460
155000,0.085,0.412,0.503
155500,0.086,0.521,0.393
156000,0.085,0.499,0.416
156500,0.080,0.456,0.464
157000,0.081,0.473,0.446
157500,0.080,0.458,0.462
158000,0.080,0.467,0.453
158500,0.080,0.500,0.420
159000,0.082,0.526,0.392
159500,0.080,0.593,0.327
160000,0.081,0.487,0.432
160500,0.080,0.474,0.446
161000,0.080,0.497,0.423
161500,0.080,0.463,0.457
162000,0.082,0.513,0.405
162500,0.081,0.471,0.448
163000,0.081,0.511,0.408
163500,0.082,0.486,0.432
164000,0.080,0.548,0.372
164500,0.080,0.558,0.362
165000,0.080,0.529,0.391
165500,0.082,0.518,0.400
166000,0.080,0.548,0.372
166500,0.084,0.510,0.406
167000,0.082,0.538,0.380
167500,0.086,0.517,0.397
168000,0.084,0.463,0.453
168500,0.080,0.406,0.514
169000,0.087,0.446,0.467
169500,0.080,0.432,0.488
170000,0.080,0.456,0.464
170500,0.081,0.467,0.452
171000,0.083,0.499,0.418
171500,0.083,0.415,0.502
172000,0.092,0.406,0.502
172500,0.085,0.499,0.416
173000,0.080,0.505,0.415
173500,0.080,0.457,0.463
174000,0.082,0.400,0.518
174500,0.081,0.485,0.434
175000,0.106,0.392,0.502
175500,0.092,0.408,0.500
176000,0.099,0.365,0.536
176500,0.103,0.332,0.565
177000,0.090,0.369,0.541
177500,0.092,0.305,0.603
178000,0.087,0.429,0.484
178500,0.080,0.438,0.482
179000,0.092,0.386,0.522
179500,0.086,0.422,0.492
180000,0.081,0.504,0.415
180500,0.080,0.446,0.474
181000,0.080,0.529,0.391
181500,0.080,0.406,0.514
182000,0.082,0.439,0.479
182500,0.080,0.522,0.398
183000,0.080,0.608,0.312
183500,0.080,0.481,0.439
184000,0.080,0.527,0.393
184500,0.080,0.510,0.410
185000,0.085,0.461,0.454
185500,0.084,0.481,0.435
186000,0.080,0.496,0.424
186500,0.080,0.550,0.370
187000,0.080,0.442,0.478
187500,0.084,0.487,0.429
188000,0.081,0.466,0.453
188500,0.080,0.520,0.400
189000,0.081,0.419,0.500
189500,0.080,0.456,0.464
190000,0.085,0.506,0.409
190500,0.080,0.502,0.418
191000,0.080,0.526,0.394
191500,0.080,0.518,0.402
192000,0.080,0.517,0.403
192500,0.083,0.487,0.430
193000,0.082,0.495,0.423
193500,0.080,0.593,0.327
194000,0.080,0.533,0.387
194500,0.080,0.554,0.366
195000,0.084,0.487,0.429
195500,0.081,0.457,0.462
196000,0.095,0.417,0.488
196500,0.088,0.453,0.459
197000,0.082,0.466,0.452
197500,0.080,0.531,0.389
198000,0.080,0.513,0.407
198500,0.080,0.504,0.416
199000,0.080,0.495,0.425
199500,0.080,0.536,0.384
200000,0.080,0.585,0.335
200500,0.080,0.568,0.352
201000,0.080,0.493,0.427
201500,0.084,0.459,0.457
202000,0.086,0.522,0.392
202500,0.080,0.474,0.446
203000,0.080,0.533,0.387
203500,0.080,0.455,0.465
204000,0.080,0.472,0.448
204500,0.080,0.436,0.484
205000,0.083,0.523,0.394
205500,0.080,0.453,0.467
206000,0.084,0.479,0.437
206500,0.080,0.514,0.406
207000,0.080,0.520,0.400
207500,0.080,0.512,0.408
208000,0.080,0.441,0.479
208500,0.080,0.449,0.471
209000,0.082,0.461,0.457
209500,0.080,0.562,0.358
210000,0.080,0.489,0.431
210500,0.081,0.489,0.430
211000,0.080,0.497,0.423
211500,0.080,0.520,0.400
212000,0.080,0.517,0.403
212500,0.084,0.488,0.428
213000,0.088,0.398,0.514
213500,0.080,0.371,0.549
214000,0.082,0.403,0.515
214500,0.084,0.430,0.486
215000,0.087,0.481,0.432
215500,0.088,0.468,0.444
216000,0.082,0.521,0.397
216500,0.080,0.581,0.339
217000,0.080,0.446,0.474
217500,0.080,0.522,0.398
218000,0.096,0.410,0.494
218500,0.081,0.420,0.499
219000,0.080,0.476,0.444
219500,0.080,0.546,0.374
220000,0.080,0.504,0.416
220500,0.080,0.512,0.408
221000,0.080,0.470,0.450
221500,0.080,0.402,0.518
222000,0.080,0.517,0.403
222500,0.080,0.502,0.418
223000,0.083,0.468,0.449
223500,0.083,0.543,0.374
224000,0.085,0.430,0.485
224500,0.086,0.405,0.509
225000,0.097,0.412,0.491
225500,0.084,0.413,0.503
226000,0.082,0.399,0.519
226500,0.080,0.501,0.419
227000,0.080,0.553,0.367
227500,0.080,0.552,0.368
228000,0.085,0.489,0.426
228500,0.081,0.575,0.344
229000,0.080,0.519,0.401
229500,0.088,0.443,0.469
230000,0.080,0.503,0.417
230500,0.080,0.504,0.416
231000,0.080,0.479,0.441
231500,0.081,0.458,0.461
232000,0.080,0.452,0.468
232500,0.082,0.487,0.431
233000,0.084,0.468,0.448
233500,0.082,0.559,0.359
234000,0.080,0.560,0.360
234500,0.082,0.429,0.489
235000,0.081,0.457,0.462
235500,0.080,0.501,0.419
236000,0.080,0.575,0.345
236500,0.080,0.546,0.374
237000,0.080,0.519,0.401
237500,0.080,0.492,0.428
238000,0.080,0.542,0.378
238500,0.080,0.552,0.368
239000,0.080,0.501,0.419
239500,0.080,0.465,0.455
240000,0.085,0.439,0.476
240500,0.081,0.486,0.433
241000,0.088,0.448,0.464
241500,0.082,0.487,0.431
242000,0.080,0.507,0.413
242500,0.085,0.462,0.453
243000,0.088,0.513,0.399
243500,0.080,0.547,0.373
244000,0.080,0.588,0.332
244500,0.080,0.529,0.391
245000,0.080,0.571,0.349
245500,0.080,0.619,0.301
246000,0.080,0.545,0.375
246500,0.080,0.518,0.402
247000,0.080,0.411,0.509
247500,0.089,0.447,0.464
248000,0.087,0.384,0.529
248500,0.085,0.462,0.453
249000,0.080,0.536,0.384
249500,0.080,0.529,0.391
250000,0.080,0.474,0.446
250500,0.080,0.575,0.345
251000,0.080,0.475,0.445
251500,0.080,0.503,0.417
252000,0.081,0.476,0.443
252500,0.083,0.470,0.447
253000,0.093,0.405,0.502
253500,0.088,0.409,0.503
254000,0.089,0.454,0.457
254500,0.080,0.493,0.427
255000,0.080,0.522,0.398
255500,0.080,0.514,0.406
256000,0.080,0.543,0.377
256500,0.080,0.586,0.334
257000,0.080,0.476,0.444
257500,0.080,0.555,0.365
258000,0.080,0.551,0.369
258500,0.080,0.418,0.502
259000,0.080,0.478,0.442
259500,0.086,0.473,0.441
260000,0.082,0.512,0.406
260500,0.094,0.402,0.504
261000,0.083,0.469,0.448
261500,0.083,0.453,0.464
262000,0.083,0.477,0.440
262500,0.085,0.380,0.535
263000,0.086,0.509,0.405
263500,0.080,0.551,0.369
264000,0.080,0.529,0.391
264500,0.090,0.514,0.396
265000,0.081,0.508,0.411
265500,0.080,0.500,0.420
266000,0.082,0.444,0.474
266500,0.080,0.467,0.453
267000,0.081,0.424,0.495
267500,0.080,0.466,0.454
268000,0.081,0.567,0.352
268500,0.080,0.536,0.384
269000,0.080,0.519,0.401
269500,0.084,0.433,0.483
270000,0.086,0.418,0.496
270500,0.083,0.447,0.470
271000,0.080,0.463,0.457
271500,0.090,0.407,0.503
272000,0.081,0.447,0.472
272500,0.081,0.451,0.468
273000,0.081,0.493,0.426
273500,0.084,0.493,0.423
274000,0.086,0.444,0.470
274500,0.081,0.456,0.463
275000,0.080,0.579,0.341
275500,0.085,0.508,0.407
276000,0.080,0.493,0.427
276500,0.084,0.417,0.499
277000,0.081,0.477,0.442
277500,0.080,0.499,0.421
278000,0.080,0.499,0.421
278500,0.080,0.403,0.517
279000,0.088,0.423,0.489
279500,0.087,0.557,0.356
280000,0.088,0.564,0.348
280500,0.081,0.496,0.423
281000,0.082,0.558,0.360
281500,0.089,0.419,0.492
282000,0.080,0.473,0.447
282500,0.080,0.527,0.393
283000,0.081,0.410,0.509
283500,0.082,0.474,0.444
284000,0.080,0.527,0.393
284500,0.085,0.418,0.497
285000,0.081,0.551,0.368
285500,0.080,0.571,0.349
286000,0.080,0.504,0.416
286500,0.080,0.424,0.496
287000,0.081,0.521,0.398
287500,0.080,0.424,0.496
288000,0.080,0.494,0.426
288500,0.080,0.439,0.481
289000,0.091,0.380,0.529
289500,0.085,0.454,0.461
290000,0.082,0.498,0.420
290500,0.080,0.527,0.393
291000,0.080,0.559,0.361
291500,0.080,0.508,0.412
292000,0.083,0.592,0.325
292500,0.080,0.461,0.459
293000,0.085,0.529,0.386
293500,0.080,0.469,0.451
294000,0.082,0.481,0.437
294500,0.086,0.431,0.483
295000,0.080,0.432,0.488
295500,0.080,0.492,0.428
296000,0.080,0.480,0.440
296500,0.082,0.470,0.448
297000,0.081,0.537,0.382
297500,0.080,0.520,0.400
298000,0.080,0.544,0.376
298500,0.086,0.417,0.497
299000,0.081,0.480,0.439
299500,0.080,0.486,0.434
300000,0.082,0.447,0.471
300500,0.082,0.482,0.436
301000,0.080,0.535,0.385
301500,0.080,0.509,0.411
302000,0.080,0.531,0.389
302500,0.084,0.552,0.364
303000,0.080,0.468,0.452
303500,0.080,0.430,0.490
304000,0.080,0.528,0.392
304500,0.080,0.475,0.445
305000,0.080,0.580,0.340
305500,0.080,0.544,0.376
306000,0.080,0.532,0.388
306500,0.085,0.486,0.429
307000,0.081,0.496,0.423
307500,0.080,0.502,0.418
308000,0.080,0.547,0.373
308500,0.080,0.473,0.447
309000,0.080,0.449,0.471
309500,0.082,0.457,0.461
310000,0.080,0.507,0.413
310500,0.080,0.500,0.420
311000,0.080,0.501,0.419
311500,0.085,0.476,0.439
312000,0.080,0.537,0.383
312500,0.080,0.549,0.371
313000,0.080,0.498,0.422
313500,0.080,0.473,0.447
314000,0.087,0.443,0.470
314500,0.092,0.446,0.462
315000,0.081,0.466,0.453
315500,0.080,0.473,0.447
316000,0.080,0.521,0.399
316500,0.083,0.431,0.486
317000,0.090,0.499,0.411
317500,0.081,0.478,0.441
318000,0.081,0.549,0.370
318500,0.080,0.533,0.387
319000,0.086,0.478,0.436
319500,0.080,0.514,0.406
320000,0.080,0.520,0.400
320500,0.080,0.548,0.372
321000,0.080,0.544,0.376
321500,0.080,0.498,0.422
322000,0.080,0.493,0.427
322500,0.081,0.459,0.460
323000,0.081,0.429,0.490
323500,0.091,0.461,0.448
324000,0.082,0.425,0.493
324500,0.081,0.586,0.333
325000,0.080,0.462,0.458
325500,0.080,0.549,0.371
326000,0.085,0.481,0.434
326500,0.080,0.361,0.559
327000,0.081,0.407,0.512
327500,0.080,0.497,0.423
328000,0.080,0.551,0.369
328500,0.080,0.555,0.365
329000,0.080,0.524,0.396
329500,0.085,0.562,0.353
330000,0.080,0.500,0.420
330500,0.080,0.487,0.433
331000,0.080,0.436,0.484
331500,0.080,0.484,0.436
332000,0.081,0.522,0.397
332500,0.080,0.506,0.414
333000,0.080,0.474,0.446
333500,0.083,0.401,0.516
334000,0.083,0.465,0.452
334500,0.084,0.492,0.424
335000,0.085,0.523,0.392
335500,0.081,0.486,0.433
336000,0.080,0.487,0.433
336500,0.087,0.521,0.392
337000,0.080,0.487,0.433
337500,0.082,0.456,0.462
338000,0.085,0.471,0.444
338500,0.083,0.439,0.478
339000,0.082,0.582,0.336
339500,0.080,0.626,0.294
340000,0.080,0.530,0.390
340500,0.080,0.517,0.403
341000,0.080,0.471,0.449
341500,0.080,0.491,0.429
342000,0.080,0.524,0.396
342500,0.080,0.562,0.358
343000,0.080,0.521,0.399
343500,0.093,0.404,0.503
344000,0.083,0.415,0.502
344500,0.080,0.447,0.473
345000,0.080,0.526,0.394
345500,0.080,0.462,0.458
346000,0.089,0.482,0.429
346500,0.080,0.487,0.433
347000,0.081,0.484,0.435
347500,0.080,0.506,0.414
348000,0.080,0.592,0.328
348500,0.080,0.540,0.380
349000,0.080,0.487,0.433
349500,0.082,0.512,0.406
350000,0.086,0.535,0.379
350500,0.081,0.505,0.414
351000,0.080,0.523,0.397
351500,0.080,0.496,0.424
352000,0.081,0.466,0.453
352500,0.090,0.388,0.522
353000,0.092,0.404,0.504
353500,0.083,0.458,0.459
354000,0.080,0.435,0.485
354500,0.095,0.442,0.463
355000,0.080,0.464,0.456
355500,0.080,0.439,0.481
356000,0.088,0.471,0.441
356500,0.080,0.464,0.456
357000,0.087,0.408,0.505
357500,0.087,0.423,0.490
358000,0.092,0.375,0.533
358500,0.100,0.323,0.577
359000,0.099,0.328,0.573
359500,0.085,0.415,0.500
360000,0.081,0.516,0.403
360500,0.082,0.478,0.440
361000,0.085,0.527,0.388
361500,0.080,0.485,0.435
362000,0.089,0.427,0.484
362500,0.080,0.559,0.361
363000,0.080,0.498,0.422
363500,0.080,0.548,0.372
364000,0.080,0.563,0.357
364500,0.080,0.476,0.444
365000,0.080,0.489,0.431
365500,0.080,0.448,0.472
366000,0.087,0.506,0.407
366500,0.080,0.455,0.465
367000,0.080,0.550,0.370
367500,0.080,0.497,0.423
368000,0.080,0.499,0.421
368500,0.080,0.529,0.391
369000,0.083,0.471,0.446
369500,0.080,0.478,0.442
370000,0.084,0.521,0.395
370500,0.081,0.543,0.376
371000,0.083,0.502,0.415
371500,0.080,0.501,0.419
372000,0.080,0.465,0.455
372500,0.081,0.428,0.491
373000,0.089,0.525,0.386
373500,0.080,0.510,0.410
374000,0.086,0.437,0.477
374500,0.087,0.436,0.477
375000,0.081,0.414,0.505
375500,0.085,0.378,0.537
376000,0.081,0.388,0.531
376500,0.086,0.393,0.521
377000,0.105,0.380,0.515
377500,0.084,0.436,0.480
378000,0.082,0.385,0.533
378500,0.083,0.469,0.448
379000,0.080,0.493,0.427
379500,0.080,0.488,0.432
380000,0.080,0.485,0.435
380500,0.089,0.382,0.529
381000,0.094,0.414,0.492
381500,0.085,0.436,0.479
382000,0.098,0.371,0.531
382500,0.081,0.471,0.448
383000,0.080,0.480,0.440
383500,0.080,0.520,0.400
384000,0.080,0.537,0.383
384500,0.080,0.559,0.361
385000,0.080,0.594,0.326
385500,0.080,0.647,0.273
386000,0.082,0.554,0.364
386500,0.080,0.499,0.421
387000,0.080,0.505,0.415
387500,0.080,0.484,0.436
388000,0.080,0.477,0.443
388500,0.080,0.509,0.411
389000,0.085,0.492,0.423
389500,0.081,0.535,0.384
390000,0.080,0.503,0.417
390500,0.080,0.555,0.365
391000,0.083,0.495,0.422
391500,0.080,0.574,0.346
392000,0.080,0.460,0.460
392500,0.081,0.486,0.433
393000,0.080,0.419,0.501
393500,0.080,0.497,0.423
394000,0.082,0.482,0.436
394500,0.080,0.496,0.424
395000,0.086,0.469,0.445
395500,0.080,0.513,0.407
396000,0.080,0.494,0.426
396500,0.080,0.468,0.452
397000,0.084,0.371,0.545
397500,0.083,0.419,0.498
398000,0.087,0.436,0.477
398500,0.085,0.372,0.543
399000,0.098,0.359,0.543
399500,0.082,0.409,0.509
400000,0.080,0.428,0.492
400500,0.081,0.517,0.402
401000,0.080,0.484,0.436
401500,0.080,0.429,0.491
402000,0.080,0.442,0.478
402500,0.085,0.437,0.478
403000,0.080,0.483,0.437
403500,0.081,0.499,0.420
404000,0.080,0.469,0.451
404500,0.080,0.492,0.428
405000,0.080,0.566,0.354
405500,0.080,0.474,0.446
406000,0.080,0.506,0.414
406500,0.080,0.563,0.357
407000,0.080,0.537,0.383
407500,0.082,0.525,0.393
408000,0.080,0.481,0.439
408500,0.080,0.528,0.392
409000,0.092,0.443,0.465
409500,0.094,0.441,0.465
410000,0.081,0.530,0.389
410500,0.081,0.443,0.476
411000,0.080,0.415,0.505
411500,0.087,0.390,0.523
412000,0.083,0.337,0.580
412500,0.090,0.401,0.509
413000,0.083,0.384,0.533
413500,0.081,0.458,0.461
414000,0.080,0.429,0.491
414500,0.081,0.465,0.454
415000,0.088,0.406,0.506
415500,0.081,0.444,0.475
416000,0.081,0.538,0.381
416500,0.080,0.554,0.366
417000,0.080,0.492,0.428
417500,0.087,0.475,0.438
418000,0.080,0.439,0.481
418500,0.080,0.454,0.466
419000,0.080,0.455,0.465
419500,0.080,0.467,0.453
420000,0.088,0.440,0.472
420500,0.080,0.441,0.479
421000,0.080,0.505,0.415
421500,0.080,0.565,0.355
422000,0.080,0.555,0.365
422500,0.081,0.541,0.378
423000,0.087,0.573,0.340
423500,0.082,0.455,0.463
424000,0.081,0.513,0.406
424500,0.080,0.520,0.400
425000,0.086,0.416,0.498
425500,0.080,0.516,0.404
426000,0.080,0.563,0.357
426500,0.093,0.491,0.416
427000,0.080,0.428,0.492
427500,0.085,0.458,0.457
428000,0.080,0.459,0.461
428500,0.080,0.460,0.460
429000,0.080,0.515,0.405
429500,0.080,0.519,0.401
430000,0.080,0.491,0.429
430500,0.080,0.504,0.416
431000,0.082,0.423,0.495
431500,0.086,0.472,0.442
432000,0.080,0.514,0.406
432500,0.082,0.519,0.399
433000,0.081,0.543,0.376
433500,0.080,0.559,0.361
434000,0.080,0.590,0.330
434500,0.080,0.481,0.439
435000,0.080,0.515,0.405
435500,0.080,0.554,0.366
436000,0.084,0.490,0.426
436500,0.080,0.476,0.444
437000,0.080,0.506,0.414
437500,0.081,0.494,0.425
438000,0.085,0.541,0.374
438500,0.086,0.459,0.455
439000,0.087,0.430,0.483
439500,0.081,0.432,0.487
440000,0.080,0.457,0.463
440500,0.092,0.453,0.455
441000,0.083,0.457,0.460
441500,0.083,0.499,0.418
442000,0.080,0.543,0.377
442500,0.084,0.519,0.397
443000,0.080,0.500,0.420
443500,0.080,0.624,0.296
444000,0.080,0.559,0.361
444500,0.080,0.495,0.425
445000,0.082,0.495,0.423
445500,0.080,0.465,0.455
446000,0.080,0.550,0.370
446500,0.080,0.526,0.394
447000,0.086,0.487,0.427
447500,0.080,0.473,0.447
448000,0.083,0.490,0.427
448500,0.080,0.448,0.472
449000,0.080,0.471,0.449
449500,0.080,0.462,0.458
450000,0.080,0.506,0.414
450500,0.090,0.413,0.497
451000,0.087,0.401,0.512
451500,0.083,0.438,0.479
452000,0.080,0.500,0.420
452500,0.080,0.503,0.417
453000,0.085,0.544,0.371
453500,0.080,0.518,0.402
454000,0.083,0.513,0.404
454500,0.080,0.495,0.425
455000,0.080,0.423,0.497
455500,0.081,0.500,0.419
456000,0.080,0.521,0.399
456500,0.084,0.439,0.477
457000,0.081,0.504,0.415
457500,0.080,0.584,0.336
458000,0.080,0.561,0.359
458500,0.080,0.576,0.344
459000,0.081,0.416,0.503
459500,0.084,0.535,0.381
460000,0.080,0.541,0.379
460500,0.100,0.415,0.485
461000,0.086,0.407,0.507
461500,0.090,0.478,0.432
462000,0.080,0.518,0.402
462500,0.080,0.529,0.391
463000,0.080,0.542,0.378
463500,0.080,0.505,0.415
464000,0.083,0.469,0.448
464500,0.081,0.422,0.497
465000,0.081,0.411,0.508
465500,0.083,0.541,0.376
466000,0.080,0.540,0.380
466500,0.080,0.523,0.397
467000,0.080,0.457,0.463
467500,0.080,0.507,0.413
468000,0.085,0.439,0.476
468500,0.085,0.488,0.427
469000,0.081,0.479,0.440
469500,0.080,0.585,0.335
470000,0.080,0.511,0.409
470500,0.086,0.429,0.485
471000,0.081,0.576,0.343
471500,0.080,0.531,0.389
472000,0.080,0.563,0.357
472500,0.081,0.540,0.379
473000,0.080,0.548,0.372
473500,0.080,0.538,0.382
474000,0.080,0.556,0.364
474500,0.086,0.481,0.433
475000,0.080,0.419,0.501
475500,0.101,0.387,0.512
476000,0.081,0.517,0.402
476500,0.080,0.496,0.424
477000,0.081,0.520,0.399
477500,0.080,0.446,0.474
478000,0.082,0.535,0.383
478500,0.080,0.524,0.396
479000,0.080,0.517,0.403
479500,0.080,0.478,0.442
480000,0.085,0.479,0.436
480500,0.080,0.561,0.359
481000,0.080,0.548,0.372
481500,0.080,0.586,0.334
482000,0.081,0.454,0.465
482500,0.087,0.429,0.484
483000,0.085,0.391,0.524
483500,0.099,0.316,0.585
484000,0.093,0.394,0.513
484500,0.094,0.384,0.522
485000,0.090,0.403,0.507
485500,0.080,0.510,0.410
486000,0.080,0.503,0.417
486500,0.080,0.510,0.410
487000,0.083,0.463,0.454
487500,0.080,0.533,0.387
488000,0.080,0.523,0.397
488500,0.080,0.511,0.409
489000,0.082,0.483,0.435
489500,0.080,0.449,0.471
490000,0.093,0.497,0.410
490500,0.086,0.452,0.462
491000,0.080,0.554,0.366
491500,0.081,0.534,0.385
492000,0.080,0.499,0.421
492500,0.080,0.496,0.424
493000,0.080,0.617,0.303
493500,0.080,0.592,0.328
494000,0.080,0.487,0.433
494500,0.083,0.452,0.465
495000,0.082,0.506,0.412
495500,0.081,0.536,0.383
496000,0.083,0.555,0.362
496500,0.080,0.519,0.401
497000,0.080,0.506,0.414
497500,0.083,0.486,0.431
498000,0.081,0.450,0.469
498500,0.080,0.509,0.411
499000,0.086,0.503,0.411
499500,0.081,0.513,0.406
500000,0.080,0.475,0.445
500500,0.080,0.532,0.388
501000,0.080,0.480,0.440
501500,0.081,0.452,0.467
502000,0.080,0.437,0.483
502500,0.080,0.457,0.463
503000,0.085,0.461,0.454
503500,0.080,0.461,0.459
504000,0.082,0.499,0.419
504500,0.083,0.485,0.432
505000,0.082,0.466,0.452
505500,0.092,0.420,0.488
506000,0.086,0.354,0.560
506500,0.087,0.443,0.470
507000,0.088,0.448,0.464
507500,0.097,0.424,0.479
508000,0.080,0.481,0.439
508500,0.089,0.468,0.443
509000,0.081,0.456,0.463
509500,0.081,0.462,0.457
510000,0.085,0.468,0.447
510500,0.082,0.539,0.379
511000,0.080,0.660,0.260
511500,0.080,0.558,0.362
512000,0.080,0.490,0.430
512500,0.080,0.530,0.390
513000,0.080,0.548,0.372
513500,0.080,0.552,0.368
514000,0.080,0.458,0.462
514500,0.082,0.473,0.445
515000,0.080,0.497,0.423
515500,0.080,0.430,0.490
516000,0.082,0.538,0.380
516500,0.080,0.456,0.464
517000,0.081,0.528,0.391
517500,0.085,0.484,0.431
518000,0.080,0.514,0.406
518500,0.088,0.520,0.392
519000,0.082,0.480,0.438
519500,0.080,0.420,0.500
520000,0.085,0.448,0.467
520500,0.081,0.467,0.452
521000,0.080,0.484,0.436
521500,0.091,0.435,0.474
522000,0.081,0.424,0.495
522500,0.089,0.452,0.459
523000,0.081,0.560,0.359
523500,0.080,0.510,0.410
524000,0.080,0.488,0.432
524500,0.080,0.478,0.442
525000,0.082,0.469,0.449
525500,0.082,0.427,0.491
526000,0.088,0.530,0.382
526500,0.080,0.488,0.432
527000,0.080,0.441,0.479
527500,0.080,0.472,0.448
528000,0.081,0.524,0.395
528500,0.080,0.460,0.460
529000,0.080,0.481,0.439
529500,0.080,0.476,0.444
530000,0.080,0.498,0.422
530500,0.080,0.491,0.429
531000,0.080,0.521,0.399
531500,0.080,0.488,0.432
532000,0.080,0.589,0.331
532500,0.080,0.584,0.336
533000,0.080,0.478,0.442
533500,0.088,0.422,0.490
534000,0.087,0.414,0.499
534500,0.086,0.430,0.484
535000,0.085,0.481,0.434
535500,0.080,0.474,0.446
536000,0.080,0.576,0.344
536500,0.080,0.602,0.318
537000,0.080,0.546,0.374
537500,0.086,0.508,0.406
538000,0.080,0.519,0.401
538500,0.081,0.458,0.461
539000,0.080,0.552,0.368
539500,0.080,0.532,0.388
540000,0.080,0.501,0.419
540500,0.080,0.541,0.379
541000,0.080,0.499,0.421
541500,0.080,0.490,0.430
542000,0.080,0.432,0.488
542500,0.080,0.472,0.448
543000,0.082,0.431,0.487
543500,0.080,0.472,0.448
544000,0.082,0.503,0.415
544500,0.080,0.486,0.434
545000,0.082,0.517,0.401
545500,0.080,0.535,0.385
546000,0.080,0.515,0.405
546500,0.080,0.593,0.327
547000,0.080,0.546,0.374
547500,0.080,0.422,0.498
548000,0.081,0.428,0.491
548500,0.080,0.418,0.502
549000,0.084,0.456,0.460
549500,0.082,0.472,0.446
550000,0.080,0.470,0.450
550500,0.082,0.422,0.496
551000,0.081,0.489,0.430
551500,0.080,0.500,0.420
552000,0.080,0.456,0.464
552500,0.080,0.449,0.471
553000,0.080,0.434,0.486
553500,0.080,0.518,0.402
554000,0.084,0.493,0.423
554500,0.080,0.575,0.345
555000,0.080,0.557,0.363
555500,0.080,0.529,0.391
556000,0.080,0.495,0.425
556500,0.082,0.505,0.413
557000,0.081,0.476,0.443
557500,0.083,0.409,0.508
558000,0.089,0.331,0.580
558500,0.081,0.403,0.516
559000,0.105,0.381,0.514
559500,0.082,0.487,0.431
560000,0.082,0.533,0.385
560500,0.080,0.550,0.370
561000,0.080,0.502,0.418
561500,0.080,0.517,0.403
562000,0.084,0.454,0.462
562500,0.080,0.470,0.450
563000,0.084,0.525,0.391
563500,0.081,0.520,0.399
564000,0.080,0.449,0.471
564500,0.080,0.543,0.377
565000,0.082,0.454,0.464
565500,0.080,0.455,0.465
566000,0.080,0.497,0.423
566500,0.080,0.502,0.418
567000,0.080,0.503,0.417
567500,0.087,0.442,0.471
568000,0.090,0.503,0.407
568500,0.080,0.549,0.371
569000,0.080,0.581,0.339
569500,0.080,0.510,0.410
570000,0.080,0.527,0.393
570500,0.089,0.477,0.434
571000,0.080,0.484,0.436
571500,0.080,0.530,0.390
572000,0.080,0.482,0.438
572500,0.081,0.450,0.469
573000,0.081,0.454,0.465
573500,0.080,0.458,0.462
574000,0.080,0.458,0.462
574500,0.080,0.503,0.417
575000,0.088,0.382,0.530
575500,0.086,0.427,0.487
576000,0.080,0.473,0.447
576500,0.080,0.591,0.329
577000,0.080,0.471,0.449
577500,0.080,0.473,0.447
578000,0.080,0.491,0.429
578500,0.080,0.614,0.306
579000,0.080,0.577,0.343
579500,0.080,0.571,0.349
580000,0.080,0.547,0.373
580500,0.080,0.565,0.355
581000,0.080,0.543,0.377
581500,0.080,0.548,0.372
582000,0.080,0.478,0.442
582500,0.080,0.539,0.381
583000,0.080,0.521,0.399
583500,0.080,0.486,0.434
584000,0.080,0.475,0.445
584500,0.080,0.505,0.415
585000,0.080,0.529,0.391
585500,0.080,0.574,0.346
586000,0.080,0.507,0.413
586500,0.080,0.575,0.345
587000,0.080,0.476,0.444
587500,0.083,0.511,0.406
588000,0.086,0.435,0.479
588500,0.080,0.479,0.441
589000,0.084,0.427,0.489
589500,0.099,0.323,0.578
590000,0.108,0.364,0.528
590500,0.086,0.369,0.545
591000,0.081,0.497,0.422
591500,0.081,0.496,0.423
592000,0.080,0.570,0.350
592500,0.080,0.460,0.460
593000,0.082,0.439,0.479
593500,0.080,0.475,0.445
594000,0.080,0.433,0.487
594500,0.103,0.444,0.453
595000,0.099,0.391,0.510
595500,0.080,0.400,0.520
596000,0.080,0.526,0.394
596500,0.080,0.506,0.414
597000,0.094,0.477,0.429
597500,0.083,0.454,0.463
598000,0.083,0.465,0.452
598500,0.080,0.544,0.376
599000,0.080,0.588,0.332
599500,0.080,0.537,0.383
600000,0.080,0.494,0.426
600500,0.086,0.502,0.412
601000,0.081,0.562,0.357
601500,0.080,0.490,0.430
602000,0.085,0.402,0.513
602500,0.081,0.485,0.434
603000,0.080,0.546,0.374
603500,0.080,0.495,0.425
604000,0.080,0.582,0.338
604500,0.080,0.526,0.394
605000,0.084,0.501,0.415
605500,0.080,0.433,0.487
606000,0.082,0.487,0.431
606500,0.086,0.431,0.483
607000,0.088,0.487,0.425
607500,0.080,0.468,0.452
608000,0.082,0.481,0.437
608500,0.080,0.527,0.393
609000,0.080,0.462,0.458
609500,0.080,0.511,0.409
610000,0.080,0.420,0.500
610500,0.083,0.494,0.423
611000,0.082,0.498,0.420
611500,0.095,0.421,0.484
612000,0.081,0.471,0.448
612500,0.080,0.543,0.377
613000,0.084,0.485,0.431
613500,0.083,0.453,0.464
614000,0.080,0.497,0.423
614500,0.084,0.472,0.444
615000,0.081,0.452,0.467
615500,0.080,0.459,0.461
616000,0.082,0.508,0.410
616500,0.080,0.495,0.425
617000,0.080,0.422,0.498
617500,0.092,0.439,0.469
618000,0.084,0.446,0.470
618500,0.080,0.495,0.425
619000,0.080,0.479,0.441
619500,0.080,0.588,0.332
620000,0.080,0.464,0.456
620500,0.082,0.541,0.377
621000,0.080,0.479,0.441
621500,0.080,0.583,0.337
622000,0.080,0.610,0.310
622500,0.080,0.531,0.389
623000,0.080,0.505,0.415
623500,0.080,0.549,0.371
624000,0.080,0.478,0.442
624500,0.080,0.534,0.386
625000,0.080,0.505,0.415
625500,0.080,0.523,0.397
626000,0.084,0.491,0.425
626500,0.088,0.438,0.474
627000,0.080,0.513,0.407
627500,0.081,0.453,0.466
628000,0.082,0.530,0.388
628500,0.094,0.450,0.456
629000,0.081,0.489,0.430
629500,0.085,0.404,0.511
630000,0.085,0.371,0.544
630500,0.081,0.452,0.467
631000,0.081,0.548,0.371
631500,0.082,0.518,0.400
632000,0.081,0.485,0.434
632500,0.080,0.486,0.434
633000,0.080,0.546,0.374
633500,0.082,0.466,0.452
634000,0.080,0.518,0.402
634500,0.080,0.493,0.427
635000,0.080,0.532,0.388
635500,0.080,0.577,0.343
636000,0.087,0.397,0.516
636500,0.081,0.471,0.448
637000,0.081,0.510,0.409
637500,0.086,0.468,0.446
638000,0.083,0.456,0.461
638500,0.081,0.423,0.496
639000,0.084,0.489,0.427
639500,0.080,0.519,0.401
640000,0.087,0.493,0.420
640500,0.081,0.558,0.361
641000,0.081,0.551,0.368
641500,0.080,0.531,0.389
642000,0.080,0.508,0.412
642500,0.083,0.425,0.492
643000,0.080,0.493,0.427
643500,0.080,0.517,0.403
644000,0.080,0.496,0.424
644500,0.080,0.483,0.437
645000,0.080,0.476,0.444
645500,0.080,0.531,0.389
646000,0.080,0.514,0.406
646500,0.080,0.504,0.416
647000,0.080,0.486,0.434
647500,0.088,0.419,0.493
648000,0.084,0.481,0.435
648500,0.080,0.475,0.445
649000,0.082,0.524,0.394
649500,0.081,0.536,0.383
650000,0.080,0.486,0.434
650500,0.080,0.470,0.450
651000,0.080,0.502,0.418
651500,0.080,0.528,0.392
652000,0.080,0.477,0.443
652500,0.080,0.511,0.409
653000,0.080,0.492,0.428
653500,0.080,0.414,0.506
654000,0.086,0.463,0.451
654500,0.082,0.478,0.440
655000,0.080,0.522,0.398
655500,0.089,0.405,0.506
656000,0.081,0.543,0.376
656500,0.086,0.420,0.494
657000,0.090,0.409,0.501
657500,0.084,0.448,0.468
658000,0.083,0.507,0.410
658500,0.080,0.469,0.451
659000,0.081,0.411,0.508
659500,0.080,0.486,0.434
660000,0.081,0.452,0.467
660500,0.090,0.433,0.477
661000,0.081,0.481,0.438
661500,0.080,0.578,0.342
662000,0.080,0.518,0.402
662500,0.080,0.586,0.334
663000,0.080,0.540,0.380
663500,0.080,0.605,0.315
664000,0.080,0.562,0.358
664500,0.081,0.524,0.395
665000,0.080,0.552,0.368
665500,0.080,0.501,0.419
666000,0.080,0.488,0.432
666500,0.081,0.516,0.403
667000,0.080,0.573,0.347
667500,0.080,0.592,0.328
668000,0.082,0.516,0.402
668500,0.080,0.466,0.454
669000,0.082,0.459,0.459
669500,0.085,0.459,0.456
670000,0.080,0.494,0.426
670500,0.080,0.472,0.448
671000,0.080,0.538,0.382
671500,0.093,0.464,0.443
672000,0.081,0.455,0.464
672500,0.081,0.541,0.378
673000,0.081,0.424,0.495
673500,0.080,0.539,0.381
674000,0.080,0.475,0.445
674500,0.081,0.380,0.539
675000,0.081,0.360,0.559
675500,0.106,0.324,0.570
676000,0.120,0.246,0.634
676500,0.146,0.226,0.628
677000,0.177,0.208,0.615
677500,0.399,0.053,0.548
678000,0.755,0.002,0.243
678500,0.957,0.000,0.043
679000,1.000,0.000,0.000
