time,n_A+p,n_B,n_AB
500,0.030,0.784,0.185
1000,0.030,0.837,0.133
1500,0.030,0.833,0.137
2000,0.030,0.824,0.146
2500,0.030,0.832,0.138
3000,0.030,0.843,0.127
3500,0.030,0.841,0.129
4000,0.030,0.870,0.100
4500,0.030,0.805,0.165
5000,0.030,0.789,0.180
5500,0.030,0.850,0.120
6000,0.030,0.860,0.110
6500,0.030,0.924,0.046
7000,0.030,0.889,0.081
7500,0.030,0.823,0.147
8000,0.030,0.760,0.210
8500,0.030,0.791,0.179
9000,0.030,0.838,0.132
9500,0.030,0.817,0.153
10000,0.030,0.810,0.159
10500,0.030,0.773,0.197
11000,0.030,0.752,0.218
11500,0.030,0.814,0.156
12000,0.030,0.871,0.099
12500,0.030,0.820,0.150
13000,0.030,0.856,0.114
13500,0.030,0.892,0.078
14000,0.030,0.843,0.127
14500,0.030,0.790,0.180
15000,0.030,0.863,0.107
15500,0.030,0.818,0.152
16000,0.030,0.837,0.133
16500,0.030,0.882,0.088
17000,0.030,0.821,0.149
17500,0.030,0.840,0.130
18000,0.030,0.830,0.140
18500,0.030,0.867,0.103
19000,0.030,0.856,0.114
19500,0.030,0.757,0.213
20000,0.030,0.825,0.145
20500,0.030,0.807,0.162
21000,0.030,0.798,0.172
21500,0.030,0.810,0.160
22000,0.030,0.854,0.116
22500,0.030,0.757,0.213
23000,0.030,0.790,0.180
23500,0.030,0.789,0.181
24000,0.030,0.741,0.229
24500,0.030,0.860,0.110
25000,0.030,0.837,0.133
25500,0.030,0.722,0.248
26000,0.030,0.834,0.136
26500,0.030,0.839,0.131
27000,0.030,0.826,0.144
27500,0.030,0.827,0.143
28000,0.030,0.829,0.141
28500,0.030,0.861,0.109
29000,0.030,0.855,0.115
29500,0.030,0.867,0.103
30000,0.030,0.843,0.127
30500,0.030,0.799,0.170
31000,0.030,0.869,0.101
31500,0.030,0.816,0.154
32000,0.030,0.826,0.144
32500,0.030,0.821,0.149
33000,0.030,0.784,0.185
33500,0.030,0.860,0.110
34000,0.030,0.832,0.138
34500,0.030,0.849,0.121
35000,0.030,0.868,0.102
35500,0.030,0.866,0.104
36000,0.030,0.778,0.192
36500,0.030,0.803,0.166
37000,0.030,0.823,0.147
37500,0.030,0.825,0.145
38000,0.030,0.803,0.166
38500,0.030,0.847,0.123
39000,0.030,0.848,0.122
39500,0.030,0.813,0.157
40000,0.030,0.849,0.121
40500,0.030,0.799,0.170
41000,0.030,0.741,0.229
41500,0.030,0.842,0.128
42000,0.030,0.872,0.098
42500,0.030,0.858,0.112
43000,0.030,0.835,0.135
43500,0.030,0.879,0.091
44000,0.030,0.878,0.092
44500,0.030,0.877,0.093
45000,0.030,0.824,0.146
45500,0.030,0.813,0.157
46000,0.030,0.764,0.206
46500,0.030,0.851,0.119
47000,0.030,0.844,0.126
47500,0.030,0.843,0.127
48000,0.030,0.792,0.177
48500,0.030,0.836,0.134
49000,0.030,0.827,0.143
49500,0.030,0.847,0.123
50000,0.030,0.847,0.123
50500,0.030,0.807,0.162
51000,0.030,0.862,0.108
51500,0.030,0.847,0.123
52000,0.030,0.826,0.144
52500,0.030,0.747,0.223
53000,0.030,0.901,0.069
53500,0.030,0.877,0.093
54000,0.030,0.874,0.096
54500,0.030,0.851,0.119
55000,0.030,0.818,0.152
55500,0.030,0.789,0.180
56000,0.030,0.762,0.208
56500,0.030,0.816,0.154
57000,0.030,0.769,0.201
57500,0.030,0.722,0.248
58000,0.030,0.797,0.173
58500,0.030,0.805,0.165
59000,0.030,0.793,0.177
59500,0.030,0.785,0.184
60000,0.030,0.771,0.199
60500,0.030,0.801,0.169
61000,0.030,0.855,0.115
61500,0.030,0.879,0.091
62000,0.030,0.844,0.126
62500,0.030,0.845,0.125
63000,0.030,0.855,0.115
63500,0.030,0.897,0.073
64000,0.030,0.859,0.111
64500,0.030,0.834,0.136
65000,0.030,0.795,0.174
65500,0.030,0.785,0.185
66000,0.030,0.863,0.107
66500,0.030,0.854,0.116
67000,0.030,0.847,0.123
67500,0.030,0.835,0.135
68000,0.030,0.811,0.158
68500,0.030,0.781,0.189
69000,0.030,0.864,0.106
69500,0.030,0.790,0.180
70000,0.030,0.883,0.087
70500,0.030,0.890,0.080
71000,0.030,0.818,0.152
71500,0.030,0.794,0.175
72000,0.030,0.849,0.121
72500,0.030,0.827,0.143
73000,0.030,0.875,0.095
73500,0.030,0.752,0.218
74000,0.030,0.717,0.253
74500,0.030,0.728,0.242
75000,0.030,0.793,0.177
75500,0.030,0.785,0.185
76000,0.030,0.819,0.151
76500,0.030,0.759,0.211
77000,0.030,0.839,0.131
77500,0.030,0.815,0.155
78000,0.030,0.781,0.189
78500,0.030,0.849,0.121
79000,0.030,0.858,0.112
79500,0.030,0.809,0.160
80000,0.030,0.792,0.177
80500,0.030,0.805,0.164
81000,0.030,0.784,0.185
81500,0.030,0.796,0.174
82000,0.030,0.803,0.167
82500,0.030,0.804,0.166
83000,0.030,0.836,0.134
83500,0.030,0.783,0.186
84000,0.030,0.835,0.135
84500,0.030,0.889,0.081
85000,0.030,0.840,0.130
85500,0.030,0.798,0.172
86000,0.030,0.802,0.168
86500,0.030,0.790,0.179
87000,0.030,0.734,0.236
87500,0.030,0.790,0.179
88000,0.030,0.861,0.109
88500,0.030,0.773,0.197
89000,0.030,0.798,0.171
89500,0.030,0.762,0.208
90000,0.030,0.820,0.150
90500,0.030,0.822,0.148
91000,0.030,0.848,0.122
91500,0.030,0.825,0.145
92000,0.030,0.884,0.086
92500,0.030,0.836,0.134
93000,0.030,0.792,0.178
93500,0.030,0.860,0.110
94000,0.030,0.876,0.094
94500,0.030,0.862,0.108
95000,0.030,0.884,0.086
95500,0.030,0.830,0.140
96000,0.030,0.771,0.199
96500,0.030,0.803,0.167
97000,0.030,0.857,0.113
97500,0.030,0.845,0.125
98000,0.030,0.833,0.137
98500,0.030,0.858,0.112
99000,0.030,0.785,0.184
99500,0.030,0.763,0.207
100000,0.030,0.790,0.180
100500,0.030,0.842,0.128
101000,0.030,0.794,0.176
101500,0.030,0.852,0.118
102000,0.030,0.840,0.130
102500,0.030,0.821,0.149
103000,0.030,0.721,0.249
103500,0.030,0.802,0.168
104000,0.030,0.763,0.207
104500,0.030,0.796,0.174
105000,0.030,0.792,0.178
105500,0.030,0.880,0.090
106000,0.030,0.827,0.143
106500,0.030,0.836,0.134
107000,0.030,0.861,0.109
107500,0.030,0.869,0.101
108000,0.030,0.812,0.157
108500,0.030,0.728,0.242
109000,0.030,0.795,0.175
109500,0.030,0.845,0.125
110000,0.030,0.889,0.081
110500,0.030,0.851,0.119
111000,0.030,0.824,0.146
111500,0.030,0.846,0.124
112000,0.030,0.820,0.150
112500,0.030,0.862,0.108
113000,0.030,0.765,0.205
113500,0.030,0.862,0.108
114000,0.030,0.759,0.211
114500,0.030,0.741,0.229
115000,0.030,0.833,0.137
115500,0.030,0.887,0.083
116000,0.030,0.856,0.114
116500,0.030,0.862,0.108
117000,0.030,0.852,0.118
117500,0.030,0.841,0.129
118000,0.030,0.839,0.131
118500,0.030,0.847,0.123
119000,0.030,0.870,0.100
119500,0.030,0.791,0.178
120000,0.030,0.795,0.174
120500,0.030,0.850,0.120
121000,0.030,0.776,0.194
121500,0.030,0.817,0.153
122000,0.030,0.718,0.252
122500,0.030,0.757,0.213
123000,0.030,0.705,0.265
123500,0.030,0.715,0.255
124000,0.030,0.809,0.161
124500,0.030,0.844,0.126
125000,0.030,0.770,0.200
125500,0.030,0.836,0.134
126000,0.030,0.845,0.125
126500,0.030,0.852,0.118
127000,0.030,0.884,0.086
127500,0.030,0.785,0.184
128000,0.030,0.785,0.185
128500,0.030,0.714,0.256
129000,0.030,0.779,0.191
129500,0.030,0.842,0.128
130000,0.030,0.780,0.190
130500,0.030,0.800,0.169
131000,0.030,0.784,0.186
131500,0.030,0.747,0.223
132000,0.030,0.793,0.177
132500,0.030,0.871,0.099
133000,0.030,0.877,0.093
133500,0.030,0.774,0.196
134000,0.030,0.789,0.181
134500,0.030,0.745,0.225
135000,0.030,0.776,0.194
135500,0.030,0.714,0.256
136000,0.030,0.725,0.245
136500,0.030,0.835,0.135
137000,0.030,0.861,0.109
137500,0.030,0.875,0.095
138000,0.030,0.831,0.139
138500,0.030,0.804,0.165
139000,0.030,0.726,0.244
139500,0.030,0.769,0.201
140000,0.030,0.686,0.284
140500,0.030,0.836,0.134
141000,0.030,0.808,0.161
141500,0.030,0.837,0.133
142000,0.030,0.804,0.166
142500,0.030,0.814,0.156
143000,0.030,0.846,0.124
143500,0.030,0.786,0.184
144000,0.030,0.814,0.156
144500,0.030,0.860,0.110
145000,0.030,0.896,0.074
145500,0.030,0.900,0.070
146000,0.030,0.864,0.106
146500,0.030,0.837,0.133
147000,0.030,0.850,0.120
147500,0.030,0.840,0.130
148000,0.030,0.839,0.131
148500,0.030,0.727,0.243
149000,0.030,0.852,0.118
149500,0.030,0.833,0.137
150000,0.030,0.743,0.227
150500,0.030,0.716,0.254
151000,0.030,0.714,0.256
151500,0.030,0.810,0.160
152000,0.030,0.800,0.169
152500,0.030,0.787,0.182
153000,0.030,0.780,0.190
153500,0.030,0.847,0.123
154000,0.030,0.799,0.171
154500,0.030,0.828,0.142
155000,0.030,0.721,0.249
155500,0.030,0.727,0.243
156000,0.030,0.774,0.196
156500,0.030,0.830,0.140
157000,0.030,0.729,0.241
157500,0.030,0.733,0.237
158000,0.030,0.775,0.195
158500,0.030,0.766,0.204
159000,0.030,0.814,0.156
159500,0.030,0.878,0.092
160000,0.030,0.864,0.106
160500,0.030,0.887,0.083
161000,0.030,0.875,0.095
161500,0.030,0.854,0.116
162000,0.030,0.888,0.082
162500,0.030,0.873,0.097
163000,0.030,0.820,0.150
163500,0.030,0.799,0.171
164000,0.030,0.793,0.177
164500,0.030,0.842,0.128
165000,0.030,0.848,0.122
165500,0.030,0.787,0.183
166000,0.030,0.779,0.191
166500,0.030,0.839,0.131
167000,0.030,0.795,0.174
167500,0.030,0.777,0.193
168000,0.030,0.784,0.186
168500,0.030,0.830,0.140
169000,0.030,0.886,0.084
169500,0.030,0.868,0.102
170000,0.030,0.865,0.105
170500,0.030,0.825,0.145
171000,0.030,0.863,0.107
171500,0.030,0.803,0.167
172000,0.030,0.776,0.194
172500,0.030,0.870,0.100
173000,0.030,0.831,0.139
173500,0.030,0.804,0.165
174000,0.030,0.723,0.247
174500,0.030,0.766,0.204
175000,0.030,0.806,0.164
175500,0.030,0.825,0.145
176000,0.030,0.808,0.162
176500,0.030,0.771,0.199
177000,0.030,0.823,0.147
177500,0.030,0.838,0.132
178000,0.030,0.829,0.141
178500,0.030,0.841,0.129
179000,0.030,0.773,0.197
179500,0.030,0.755,0.215
180000,0.030,0.769,0.201
180500,0.030,0.845,0.125
181000,0.030,0.829,0.141
181500,0.030,0.833,0.137
182000,0.030,0.793,0.176
182500,0.030,0.848,0.122
183000,0.030,0.841,0.129
183500,0.030,0.803,0.167
184000,0.030,0.802,0.167
184500,0.030,0.819,0.151
185000,0.030,0.825,0.145
185500,0.030,0.896,0.074
186000,0.030,0.868,0.102
186500,0.030,0.876,0.094
187000,0.030,0.850,0.120
187500,0.030,0.816,0.154
188000,0.030,0.839,0.131
188500,0.030,0.873,0.097
189000,0.030,0.804,0.165
189500,0.030,0.850,0.120
190000,0.030,0.826,0.144
190500,0.030,0.886,0.084
191000,0.030,0.838,0.132
191500,0.030,0.835,0.135
192000,0.030,0.788,0.181
192500,0.030,0.825,0.145
193000,0.030,0.877,0.093
193500,0.030,0.844,0.126
194000,0.030,0.873,0.097
194500,0.030,0.831,0.139
195000,0.030,0.862,0.108
195500,0.030,0.854,0.116
196000,0.030,0.812,0.157
196500,0.030,0.747,0.223
197000,0.030,0.771,0.199
197500,0.030,0.782,0.188
198000,0.030,0.778,0.192
198500,0.030,0.768,0.202
199000,0.030,0.825,0.145
199500,0.030,0.807,0.162
200000,0.030,0.835,0.135
200500,0.030,0.799,0.171
201000,0.030,0.763,0.207
201500,0.030,0.762,0.208
202000,0.030,0.827,0.143
202500,0.030,0.865,0.105
203000,0.030,0.841,0.129
203500,0.030,0.767,0.203
204000,0.030,0.808,0.161
204500,0.030,0.858,0.112
205000,0.030,0.872,0.098
205500,0.030,0.829,0.141
206000,0.030,0.829,0.141
206500,0.030,0.825,0.145
207000,0.030,0.829,0.141
207500,0.030,0.817,0.153
208000,0.030,0.750,0.220
208500,0.030,0.745,0.225
209000,0.030,0.750,0.220
209500,0.030,0.797,0.173
210000,0.030,0.841,0.129
210500,0.030,0.853,0.117
211000,0.030,0.860,0.110
211500,0.030,0.855,0.115
212000,0.030,0.864,0.106
212500,0.030,0.825,0.145
213000,0.030,0.882,0.088
213500,0.030,0.823,0.147
214000,0.030,0.838,0.132
214500,0.030,0.833,0.137
215000,0.030,0.774,0.196
215500,0.030,0.784,0.186
216000,0.030,0.811,0.159
216500,0.030,0.761,0.209
217000,0.030,0.728,0.242
217500,0.030,0.876,0.094
218000,0.030,0.889,0.081
218500,0.030,0.877,0.093
219000,0.030,0.833,0.137
219500,0.030,0.762,0.208
220000,0.030,0.780,0.190
220500,0.030,0.810,0.159
221000,0.030,0.822,0.148
221500,0.030,0.823,0.147
222000,0.030,0.817,0.153
222500,0.030,0.796,0.174
223000,0.030,0.802,0.168
223500,0.030,0.788,0.181
224000,0.030,0.798,0.171
224500,0.030,0.758,0.212
225000,0.030,0.837,0.133
225500,0.030,0.857,0.113
226000,0.030,0.812,0.158
226500,0.030,0.894,0.076
227000,0.030,0.907,0.063
227500,0.030,0.868,0.102
228000,0.030,0.872,0.098
228500,0.030,0.821,0.149
229000,0.030,0.764,0.206
229500,0.030,0.748,0.222
230000,0.030,0.858,0.112
230500,0.030,0.852,0.118
231000,0.030,0.834,0.136
231500,0.030,0.830,0.140
232000,0.030,0.834,0.136
232500,0.030,0.822,0.148
233000,0.030,0.878,0.092
233500,0.030,0.858,0.112
234000,0.030,0.857,0.113
234500,0.030,0.802,0.167
235000,0.030,0.807,0.162
235500,0.030,0.764,0.206
236000,0.030,0.853,0.117
236500,0.030,0.862,0.108
237000,0.030,0.853,0.117
237500,0.030,0.715,0.255
238000,0.030,0.766,0.204
238500,0.030,0.796,0.174
239000,0.030,0.820,0.150
239500,0.030,0.813,0.157
240000,0.030,0.847,0.123
240500,0.030,0.841,0.129
241000,0.030,0.833,0.137
241500,0.030,0.778,0.192
242000,0.030,0.767,0.203
242500,0.030,0.809,0.161
243000,0.030,0.766,0.204
243500,0.030,0.787,0.183
244000,0.030,0.807,0.162
244500,0.030,0.844,0.126
245000,0.030,0.875,0.095
245500,0.030,0.833,0.137
246000,0.030,0.838,0.132
246500,0.030,0.822,0.148
247000,0.030,0.860,0.110
247500,0.030,0.901,0.069
248000,0.030,0.831,0.139
248500,0.030,0.831,0.139
249000,0.030,0.835,0.135
249500,0.030,0.916,0.053
250000,0.030,0.848,0.122
250500,0.030,0.898,0.072
251000,0.030,0.825,0.145
251500,0.030,0.806,0.164
252000,0.030,0.825,0.145
252500,0.030,0.840,0.130
253000,0.030,0.875,0.095
253500,0.030,0.862,0.108
254000,0.030,0.859,0.111
254500,0.030,0.814,0.156
255000,0.030,0.812,0.157
255500,0.030,0.881,0.089
256000,0.030,0.851,0.119
256500,0.030,0.811,0.158
257000,0.030,0.860,0.110
257500,0.030,0.826,0.144
258000,0.030,0.828,0.142
258500,0.030,0.846,0.124
259000,0.030,0.880,0.090
259500,0.030,0.832,0.138
260000,0.030,0.833,0.137
260500,0.030,0.818,0.152
261000,0.030,0.822,0.148
261500,0.030,0.834,0.136
262000,0.030,0.799,0.170
262500,0.030,0.831,0.139
263000,0.030,0.883,0.087
263500,0.030,0.825,0.145
264000,0.030,0.717,0.253
264500,0.030,0.787,0.182
265000,0.030,0.832,0.138
265500,0.030,0.810,0.159
266000,0.030,0.843,0.127
266500,0.030,0.791,0.179
267000,0.030,0.825,0.145
267500,0.030,0.839,0.131
268000,0.030,0.796,0.174
268500,0.030,0.828,0.142
269000,0.030,0.884,0.086
269500,0.030,0.781,0.189
270000,0.030,0.838,0.132
270500,0.030,0.847,0.123
271000,0.030,0.835,0.135
271500,0.030,0.839,0.131
272000,0.030,0.785,0.184
272500,0.030,0.778,0.192
273000,0.030,0.799,0.171
273500,0.030,0.796,0.174
274000,0.030,0.790,0.180
274500,0.030,0.878,0.092
275000,0.030,0.834,0.136
275500,0.030,0.811,0.158
276000,0.030,0.759,0.211
276500,0.030,0.699,0.271
277000,0.030,0.793,0.177
277500,0.030,0.751,0.219
278000,0.030,0.790,0.180
278500,0.030,0.825,0.145
279000,0.030,0.826,0.144
279500,0.030,0.828,0.142
280000,0.030,0.826,0.144
280500,0.030,0.836,0.134
281000,0.030,0.792,0.177
281500,0.030,0.801,0.168
282000,0.030,0.721,0.249
282500,0.030,0.793,0.176
283000,0.030,0.766,0.204
283500,0.030,0.778,0.192
284000,0.030,0.698,0.272
284500,0.030,0.759,0.211
285000,0.030,0.734,0.236
285500,0.030,0.731,0.239
286000,0.030,0.740,0.230
286500,0.030,0.794,0.175
287000,0.030,0.817,0.153
287500,0.030,0.829,0.141
288000,0.030,0.775,0.195
288500,0.030,0.801,0.168
289000,0.030,0.836,0.134
289500,0.030,0.857,0.113
290000,0.030,0.870,0.100
290500,0.030,0.788,0.181
291000,0.030,0.813,0.157
291500,0.030,0.715,0.255
292000,0.030,0.805,0.164
292500,0.030,0.795,0.174
293000,0.030,0.768,0.202
293500,0.030,0.834,0.136
294000,0.030,0.835,0.135
294500,0.030,0.772,0.198
295000,0.030,0.852,0.118
295500,0.030,0.814,0.156
296000,0.030,0.782,0.188
296500,0.030,0.829,0.141
297000,0.030,0.821,0.149
297500,0.030,0.860,0.110
298000,0.030,0.846,0.124
298500,0.030,0.871,0.099
299000,0.030,0.844,0.126
299500,0.030,0.812,0.157
300000,0.030,0.847,0.123
300500,0.030,0.836,0.134
301000,0.030,0.792,0.178
301500,0.030,0.864,0.106
302000,0.030,0.822,0.148
302500,0.030,0.783,0.187
303000,0.030,0.777,0.193
303500,0.030,0.780,0.190
304000,0.030,0.847,0.123
304500,0.030,0.886,0.084
305000,0.030,0.853,0.117
305500,0.030,0.878,0.092
306000,0.030,0.863,0.107
306500,0.030,0.855,0.115
307000,0.030,0.809,0.161
307500,0.030,0.842,0.128
308000,0.030,0.806,0.164
308500,0.030,0.804,0.165
309000,0.030,0.822,0.148
309500,0.030,0.746,0.224
310000,0.030,0.699,0.271
310500,0.030,0.684,0.285
311000,0.030,0.713,0.257
311500,0.030,0.801,0.169
312000,0.030,0.848,0.122
312500,0.030,0.785,0.185
313000,0.030,0.795,0.174
313500,0.030,0.851,0.119
314000,0.030,0.827,0.143
314500,0.030,0.831,0.139
315000,0.030,0.837,0.133
315500,0.030,0.799,0.170
316000,0.030,0.848,0.122
316500,0.030,0.850,0.120
317000,0.030,0.806,0.163
317500,0.030,0.881,0.089
318000,0.030,0.891,0.079
318500,0.030,0.846,0.124
319000,0.030,0.855,0.115
319500,0.030,0.781,0.189
320000,0.030,0.887,0.083
320500,0.030,0.779,0.191
321000,0.030,0.835,0.135
321500,0.030,0.812,0.158
322000,0.030,0.842,0.128
322500,0.030,0.852,0.118
323000,0.030,0.890,0.080
323500,0.030,0.886,0.084
324000,0.030,0.870,0.100
324500,0.030,0.861,0.109
325000,0.030,0.788,0.182
325500,0.030,0.833,0.137
326000,0.030,0.821,0.149
326500,0.030,0.849,0.121
327000,0.030,0.833,0.137
327500,0.030,0.817,0.153
328000,0.030,0.797,0.172
328500,0.030,0.780,0.190
329000,0.030,0.840,0.130
329500,0.030,0.801,0.168
330000,0.030,0.730,0.240
330500,0.030,0.804,0.165
331000,0.030,0.795,0.174
331500,0.030,0.839,0.131
332000,0.030,0.868,0.102
332500,0.030,0.841,0.129
333000,0.030,0.802,0.168
333500,0.030,0.787,0.183
334000,0.030,0.823,0.147
334500,0.030,0.803,0.167
335000,0.030,0.778,0.192
335500,0.030,0.812,0.158
336000,0.030,0.818,0.152
336500,0.030,0.793,0.177
337000,0.030,0.805,0.164
337500,0.030,0.848,0.122
338000,0.030,0.794,0.176
338500,0.030,0.827,0.143
339000,0.030,0.865,0.105
339500,0.030,0.826,0.144
340000,0.030,0.834,0.136
340500,0.030,0.817,0.153
341000,0.030,0.752,0.218
341500,0.030,0.818,0.152
342000,0.030,0.875,0.095
342500,0.030,0.779,0.191
343000,0.030,0.759,0.211
343500,0.030,0.828,0.142
344000,0.030,0.880,0.090
344500,0.030,0.829,0.141
345000,0.030,0.868,0.102
345500,0.030,0.853,0.117
346000,0.030,0.823,0.147
346500,0.030,0.815,0.155
347000,0.030,0.870,0.100
347500,0.030,0.852,0.118
348000,0.030,0.783,0.187
348500,0.030,0.804,0.165
349000,0.030,0.756,0.214
349500,0.030,0.822,0.148
350000,0.030,0.821,0.149
350500,0.030,0.795,0.174
351000,0.030,0.792,0.178
351500,0.030,0.808,0.161
352000,0.030,0.826,0.144
352500,0.030,0.849,0.121
353000,0.030,0.814,0.156
353500,0.030,0.707,0.263
354000,0.030,0.728,0.242
354500,0.030,0.758,0.212
355000,0.030,0.779,0.191
355500,0.030,0.840,0.130
356000,0.030,0.866,0.104
356500,0.030,0.769,0.201
357000,0.030,0.799,0.170
357500,0.030,0.853,0.117
358000,0.030,0.744,0.226
358500,0.030,0.789,0.180
359000,0.030,0.885,0.085
359500,0.030,0.800,0.170
360000,0.030,0.812,0.157
360500,0.030,0.839,0.131
361000,0.030,0.842,0.128
361500,0.030,0.737,0.233
362000,0.030,0.802,0.167
362500,0.030,0.872,0.098
363000,0.030,0.850,0.120
363500,0.030,0.843,0.127
364000,0.030,0.881,0.089
364500,0.030,0.829,0.141
365000,0.030,0.808,0.161
365500,0.030,0.818,0.152
366000,0.030,0.847,0.123
366500,0.030,0.785,0.185
367000,0.030,0.840,0.130
367500,0.030,0.830,0.140
368000,0.030,0.823,0.147
368500,0.030,0.839,0.131
369000,0.030,0.851,0.119
369500,0.030,0.818,0.152
370000,0.030,0.856,0.114
370500,0.030,0.753,0.217
371000,0.030,0.710,0.260
371500,0.030,0.763,0.207
372000,0.030,0.776,0.194
372500,0.030,0.748,0.222
373000,0.030,0.772,0.198
373500,0.030,0.779,0.191
374000,0.030,0.837,0.133
374500,0.030,0.841,0.129
375000,0.030,0.893,0.077
375500,0.030,0.862,0.108
376000,0.030,0.861,0.109
376500,0.030,0.857,0.113
377000,0.030,0.809,0.161
377500,0.030,0.780,0.190
378000,0.030,0.785,0.185
378500,0.030,0.826,0.144
379000,0.030,0.817,0.153
379500,0.030,0.786,0.184
380000,0.030,0.748,0.222
380500,0.030,0.756,0.214
381000,0.030,0.756,0.214
381500,0.030,0.843,0.127
382000,0.030,0.847,0.123
382500,0.030,0.795,0.175
383000,0.030,0.815,0.155
383500,0.030,0.823,0.147
384000,0.030,0.855,0.115
384500,0.030,0.807,0.162
385000,0.030,0.819,0.151
385500,0.030,0.828,0.142
386000,0.030,0.864,0.106
386500,0.030,0.833,0.137
387000,0.030,0.772,0.198
387500,0.030,0.785,0.184
388000,0.030,0.787,0.182
388500,0.030,0.852,0.118
389000,0.030,0.836,0.134
389500,0.030,0.767,0.203
390000,0.030,0.807,0.163
390500,0.030,0.792,0.177
391000,0.030,0.808,0.161
391500,0.030,0.811,0.158
392000,0.030,0.783,0.186
392500,0.030,0.809,0.160
393000,0.030,0.755,0.215
393500,0.030,0.871,0.099
394000,0.030,0.763,0.207
394500,0.030,0.775,0.195
395000,0.030,0.820,0.150
395500,0.030,0.787,0.183
396000,0.030,0.794,0.176
396500,0.030,0.776,0.194
397000,0.030,0.747,0.223
397500,0.030,0.840,0.130
398000,0.030,0.881,0.089
398500,0.030,0.827,0.143
399000,0.030,0.805,0.165
399500,0.030,0.773,0.197
400000,0.030,0.789,0.181
400500,0.030,0.830,0.140
401000,0.030,0.759,0.211
401500,0.030,0.831,0.139
402000,0.030,0.783,0.187
402500,0.030,0.773,0.197
403000,0.030,0.750,0.220
403500,0.030,0.761,0.209
404000,0.030,0.860,0.110
404500,0.030,0.775,0.195
405000,0.030,0.776,0.194
405500,0.030,0.805,0.165
406000,0.030,0.816,0.154
406500,0.030,0.881,0.089
407000,0.030,0.891,0.079
407500,0.030,0.808,0.162
408000,0.030,0.787,0.183
408500,0.030,0.836,0.134
409000,0.030,0.712,0.258
409500,0.030,0.830,0.140
410000,0.030,0.754,0.216
410500,0.030,0.803,0.167
411000,0.030,0.838,0.132
411500,0.030,0.836,0.134
412000,0.030,0.809,0.161
412500,0.030,0.792,0.177
413000,0.030,0.803,0.166
413500,0.030,0.785,0.184
414000,0.030,0.733,0.237
414500,0.030,0.867,0.103
415000,0.030,0.846,0.124
415500,0.030,0.825,0.145
416000,0.030,0.775,0.195
416500,0.030,0.778,0.192
417000,0.030,0.756,0.214
417500,0.030,0.846,0.124
418000,0.030,0.810,0.160
418500,0.030,0.830,0.140
419000,0.030,0.837,0.133
419500,0.030,0.799,0.171
420000,0.030,0.851,0.119
420500,0.030,0.827,0.143
421000,0.030,0.884,0.086
421500,0.030,0.839,0.131
422000,0.030,0.872,0.098
422500,0.030,0.823,0.147
423000,0.030,0.800,0.170
423500,0.030,0.823,0.147
424000,0.030,0.802,0.167
424500,0.030,0.849,0.121
425000,0.030,0.800,0.169
425500,0.030,0.766,0.204
426000,0.030,0.760,0.210
426500,0.030,0.865,0.105
427000,0.030,0.817,0.153
427500,0.030,0.829,0.141
428000,0.030,0.851,0.119
428500,0.030,0.849,0.121
429000,0.030,0.833,0.137
429500,0.030,0.766,0.204
430000,0.030,0.849,0.121
430500,0.030,0.769,0.201
431000,0.030,0.809,0.160
431500,0.030,0.780,0.190
432000,0.030,0.769,0.201
432500,0.030,0.756,0.214
433000,0.030,0.785,0.184
433500,0.030,0.807,0.163
434000,0.030,0.795,0.175
434500,0.030,0.840,0.130
435000,0.030,0.826,0.144
435500,0.030,0.750,0.220
436000,0.030,0.813,0.157
436500,0.030,0.771,0.199
437000,0.030,0.814,0.156
437500,0.030,0.857,0.113
438000,0.030,0.772,0.198
438500,0.030,0.830,0.140
439000,0.030,0.790,0.179
439500,0.030,0.826,0.144
440000,0.030,0.780,0.190
440500,0.030,0.792,0.177
441000,0.030,0.853,0.117
441500,0.030,0.735,0.235
442000,0.030,0.755,0.215
442500,0.030,0.745,0.225
443000,0.030,0.815,0.155
443500,0.030,0.840,0.130
444000,0.030,0.864,0.106
444500,0.030,0.823,0.147
445000,0.030,0.852,0.118
445500,0.030,0.859,0.111
446000,0.030,0.797,0.172
446500,0.030,0.818,0.152
447000,0.030,0.725,0.245
447500,0.030,0.867,0.103
448000,0.030,0.843,0.127
448500,0.030,0.777,0.193
449000,0.030,0.781,0.189
449500,0.030,0.733,0.237
450000,0.030,0.797,0.173
450500,0.030,0.901,0.069
451000,0.030,0.806,0.163
451500,0.030,0.866,0.104
452000,0.030,0.849,0.121
452500,0.030,0.896,0.074
453000,0.030,0.772,0.198
453500,0.030,0.808,0.162
454000,0.030,0.848,0.122
454500,0.030,0.737,0.233
455000,0.030,0.832,0.138
455500,0.030,0.814,0.156
456000,0.030,0.777,0.193
456500,0.030,0.732,0.238
457000,0.030,0.660,0.309
457500,0.030,0.768,0.202
458000,0.030,0.824,0.146
458500,0.030,0.748,0.222
459000,0.030,0.838,0.132
459500,0.030,0.830,0.140
460000,0.030,0.790,0.180
460500,0.030,0.773,0.197
461000,0.030,0.846,0.124
461500,0.030,0.717,0.253
462000,0.030,0.789,0.181
462500,0.030,0.763,0.207
463000,0.030,0.834,0.136
463500,0.030,0.846,0.124
464000,0.030,0.828,0.142
464500,0.030,0.847,0.123
465000,0.030,0.854,0.116
465500,0.030,0.879,0.091
466000,0.030,0.856,0.114
466500,0.030,0.838,0.132
467000,0.030,0.887,0.083
467500,0.030,0.846,0.124
468000,0.030,0.859,0.111
468500,0.030,0.862,0.108
469000,0.030,0.858,0.112
469500,0.030,0.840,0.130
470000,0.030,0.739,0.231
470500,0.030,0.829,0.141
471000,0.030,0.771,0.199
471500,0.030,0.719,0.251
472000,0.030,0.799,0.171
472500,0.030,0.813,0.157
473000,0.030,0.822,0.148
473500,0.030,0.742,0.228
474000,0.030,0.827,0.143
474500,0.030,0.843,0.127
475000,0.030,0.819,0.151
475500,0.030,0.864,0.106
476000,0.030,0.843,0.127
476500,0.030,0.838,0.132
477000,0.030,0.848,0.122
477500,0.030,0.859,0.111
478000,0.030,0.814,0.156
478500,0.030,0.851,0.119
479000,0.030,0.827,0.143
479500,0.030,0.822,0.148
480000,0.030,0.874,0.096
480500,0.030,0.896,0.074
481000,0.030,0.836,0.134
481500,0.030,0.765,0.205
482000,0.030,0.829,0.141
482500,0.030,0.846,0.124
483000,0.030,0.797,0.172
483500,0.030,0.882,0.088
484000,0.030,0.854,0.116
484500,0.030,0.756,0.214
485000,0.030,0.823,0.147
485500,0.030,0.834,0.136
486000,0.030,0.778,0.192
486500,0.030,0.766,0.204
487000,0.030,0.798,0.171
487500,0.030,0.765,0.205
488000,0.030,0.792,0.177
488500,0.030,0.829,0.141
489000,0.030,0.846,0.124
489500,0.030,0.864,0.106
490000,0.030,0.832,0.138
490500,0.030,0.850,0.120
491000,0.030,0.795,0.174
491500,0.030,0.780,0.190
492000,0.030,0.851,0.119
492500,0.030,0.827,0.143
493000,0.030,0.812,0.157
493500,0.030,0.861,0.109
494000,0.030,0.832,0.138
494500,0.030,0.787,0.182
495000,0.030,0.747,0.223
495500,0.030,0.786,0.184
496000,0.030,0.831,0.139
496500,0.030,0.831,0.139
497000,0.030,0.816,0.154
497500,0.030,0.752,0.218
498000,0.030,0.793,0.177
498500,0.030,0.805,0.164
499000,0.030,0.814,0.156
499500,0.030,0.798,0.172
500000,0.030,0.723,0.247
500500,0.030,0.790,0.179
501000,0.030,0.790,0.180
501500,0.030,0.814,0.156
502000,0.030,0.803,0.166
502500,0.030,0.818,0.152
503000,0.030,0.803,0.166
503500,0.030,0.837,0.133
504000,0.030,0.869,0.101
504500,0.030,0.850,0.120
505000,0.030,0.814,0.156
505500,0.030,0.716,0.254
506000,0.030,0.797,0.173
506500,0.030,0.825,0.145
507000,0.030,0.836,0.134
507500,0.030,0.852,0.118
508000,0.030,0.890,0.080
508500,0.030,0.756,0.214
509000,0.030,0.823,0.147
509500,0.030,0.824,0.146
510000,0.030,0.832,0.138
510500,0.030,0.762,0.208
511000,0.030,0.841,0.129
511500,0.030,0.880,0.090
512000,0.030,0.828,0.142
512500,0.030,0.885,0.085
513000,0.030,0.801,0.168
513500,0.030,0.793,0.176
514000,0.030,0.840,0.130
514500,0.030,0.827,0.143
515000,0.030,0.807,0.163
515500,0.030,0.800,0.170
516000,0.030,0.842,0.128
516500,0.030,0.799,0.170
517000,0.030,0.790,0.179
517500,0.030,0.812,0.157
518000,0.030,0.779,0.191
518500,0.030,0.739,0.231
519000,0.030,0.741,0.229
519500,0.030,0.782,0.188
520000,0.030,0.718,0.252
520500,0.030,0.781,0.189
521000,0.030,0.730,0.240
521500,0.030,0.792,0.178
522000,0.030,0.824,0.146
522500,0.030,0.833,0.137
523000,0.030,0.854,0.116
523500,0.030,0.786,0.184
524000,0.030,0.809,0.161
524500,0.030,0.812,0.158
525000,0.030,0.818,0.152
525500,0.030,0.846,0.124
526000,0.030,0.777,0.193
526500,0.030,0.843,0.127
527000,0.030,0.828,0.142
527500,0.030,0.832,0.138
528000,0.030,0.778,0.192
528500,0.030,0.829,0.141
529000,0.030,0.857,0.113
529500,0.030,0.855,0.115
530000,0.030,0.816,0.154
530500,0.030,0.774,0.196
531000,0.030,0.799,0.170
531500,0.030,0.810,0.160
532000,0.030,0.842,0.128
532500,0.030,0.851,0.119
533000,0.030,0.810,0.159
533500,0.030,0.796,0.174
534000,0.030,0.716,0.254
534500,0.030,0.707,0.263
535000,0.030,0.712,0.258
535500,0.030,0.808,0.161
536000,0.030,0.654,0.316
536500,0.030,0.795,0.175
537000,0.030,0.829,0.141
537500,0.030,0.717,0.253
538000,0.030,0.795,0.174
538500,0.030,0.727,0.243
539000,0.030,0.789,0.180
539500,0.030,0.797,0.173
540000,0.030,0.843,0.127
540500,0.030,0.840,0.130
541000,0.030,0.785,0.185
541500,0.030,0.805,0.165
542000,0.030,0.825,0.145
542500,0.030,0.886,0.084
543000,0.030,0.784,0.185
543500,0.030,0.835,0.135
544000,0.030,0.803,0.167
544500,0.030,0.777,0.193
545000,0.030,0.789,0.180
545500,0.030,0.829,0.141
546000,0.030,0.847,0.123
546500,0.030,0.801,0.168
547000,0.030,0.804,0.165
547500,0.030,0.826,0.144
548000,0.030,0.793,0.177
548500,0.030,0.835,0.135
549000,0.030,0.892,0.078
549500,0.030,0.863,0.107
550000,0.030,0.864,0.106
550500,0.030,0.857,0.113
551000,0.030,0.866,0.104
551500,0.030,0.900,0.070
552000,0.030,0.858,0.112
552500,0.030,0.841,0.129
553000,0.030,0.803,0.167
553500,0.030,0.793,0.177
554000,0.030,0.869,0.101
554500,0.030,0.827,0.143
555000,0.030,0.860,0.110
555500,0.030,0.862,0.108
556000,0.030,0.883,0.087
556500,0.030,0.867,0.103
557000,0.030,0.861,0.109
557500,0.030,0.864,0.106
558000,0.030,0.894,0.076
558500,0.030,0.779,0.191
559000,0.030,0.771,0.199
559500,0.030,0.850,0.120
560000,0.030,0.838,0.132
560500,0.030,0.896,0.074
561000,0.030,0.854,0.116
561500,0.030,0.815,0.155
562000,0.030,0.764,0.206
562500,0.030,0.786,0.184
563000,0.030,0.808,0.162
563500,0.030,0.827,0.143
564000,0.030,0.824,0.146
564500,0.030,0.789,0.180
565000,0.030,0.781,0.189
565500,0.030,0.841,0.129
566000,0.030,0.783,0.187
566500,0.030,0.805,0.165
567000,0.030,0.831,0.139
567500,0.030,0.810,0.160
568000,0.030,0.794,0.175
568500,0.030,0.742,0.228
569000,0.030,0.748,0.222
569500,0.030,0.771,0.199
570000,0.030,0.756,0.214
570500,0.030,0.809,0.160
571000,0.030,0.816,0.154
571500,0.030,0.844,0.126
572000,0.030,0.774,0.196
572500,0.030,0.819,0.151
573000,0.030,0.893,0.077
573500,0.030,0.879,0.091
574000,0.030,0.891,0.079
574500,0.030,0.902,0.068
575000,0.030,0.836,0.134
575500,0.030,0.811,0.159
576000,0.030,0.787,0.182
576500,0.030,0.775,0.195
577000,0.030,0.839,0.131
577500,0.030,0.815,0.155
578000,0.030,0.839,0.131
578500,0.030,0.761,0.209
579000,0.030,0.811,0.159
579500,0.030,0.801,0.168
580000,0.030,0.802,0.167
580500,0.030,0.842,0.128
581000,0.030,0.789,0.181
581500,0.030,0.758,0.212
582000,0.030,0.818,0.152
582500,0.030,0.843,0.127
583000,0.030,0.893,0.077
583500,0.030,0.846,0.124
584000,0.030,0.756,0.214
584500,0.030,0.750,0.220
585000,0.030,0.694,0.276
585500,0.030,0.821,0.149
586000,0.030,0.863,0.107
586500,0.030,0.832,0.138
587000,0.030,0.888,0.082
587500,0.030,0.819,0.151
588000,0.030,0.864,0.106
588500,0.030,0.805,0.164
589000,0.030,0.849,0.121
589500,0.030,0.872,0.098
590000,0.030,0.875,0.095
590500,0.030,0.843,0.127
591000,0.030,0.836,0.134
591500,0.030,0.858,0.112
592000,0.030,0.866,0.104
592500,0.030,0.837,0.133
593000,0.030,0.822,0.148
593500,0.030,0.784,0.186
594000,0.030,0.887,0.083
594500,0.030,0.786,0.184
595000,0.030,0.830,0.140
595500,0.030,0.831,0.139
596000,0.030,0.832,0.138
596500,0.030,0.852,0.118
597000,0.030,0.866,0.104
597500,0.030,0.807,0.163
598000,0.030,0.824,0.146
598500,0.030,0.733,0.237
599000,0.030,0.789,0.180
599500,0.030,0.797,0.173
600000,0.030,0.766,0.204
600500,0.030,0.817,0.153
601000,0.030,0.782,0.188
601500,0.030,0.839,0.131
602000,0.030,0.740,0.230
602500,0.030,0.698,0.272
603000,0.030,0.829,0.141
603500,0.030,0.856,0.114
604000,0.030,0.778,0.192
604500,0.030,0.787,0.182
605000,0.030,0.831,0.139
605500,0.030,0.762,0.208
606000,0.030,0.747,0.223
606500,0.030,0.790,0.179
607000,0.030,0.782,0.188
607500,0.030,0.816,0.154
608000,0.030,0.834,0.136
608500,0.030,0.857,0.113
609000,0.030,0.791,0.178
609500,0.030,0.839,0.131
610000,0.030,0.831,0.139
610500,0.030,0.791,0.178
611000,0.030,0.786,0.183
611500,0.030,0.760,0.210
612000,0.030,0.788,0.182
612500,0.030,0.750,0.220
613000,0.030,0.765,0.205
613500,0.030,0.800,0.169
614000,0.030,0.772,0.198
614500,0.030,0.831,0.139
615000,0.030,0.811,0.159
615500,0.030,0.823,0.147
616000,0.030,0.894,0.076
616500,0.030,0.872,0.098
617000,0.030,0.898,0.072
617500,0.030,0.913,0.056
618000,0.030,0.874,0.096
618500,0.030,0.851,0.119
619000,0.030,0.711,0.259
619500,0.030,0.841,0.129
620000,0.030,0.823,0.147
620500,0.030,0.847,0.123
621000,0.030,0.809,0.161
621500,0.030,0.849,0.121
622000,0.030,0.794,0.176
622500,0.030,0.836,0.134
623000,0.030,0.825,0.145
623500,0.030,0.801,0.168
624000,0.030,0.830,0.140
624500,0.030,0.785,0.185
625000,0.030,0.804,0.166
625500,0.030,0.837,0.133
626000,0.030,0.861,0.109
626500,0.030,0.825,0.145
627000,0.030,0.823,0.147
627500,0.030,0.673,0.297
628000,0.030,0.729,0.241
628500,0.030,0.770,0.200
629000,0.030,0.809,0.160
629500,0.030,0.813,0.157
630000,0.030,0.880,0.090
630500,0.030,0.849,0.121
631000,0.030,0.787,0.182
631500,0.030,0.789,0.180
632000,0.030,0.767,0.203
632500,0.030,0.809,0.160
633000,0.030,0.783,0.186
633500,0.030,0.697,0.273
634000,0.030,0.771,0.199
634500,0.030,0.778,0.192
635000,0.030,0.849,0.121
635500,0.030,0.845,0.125
636000,0.030,0.801,0.169
636500,0.030,0.859,0.111
637000,0.030,0.824,0.146
637500,0.030,0.835,0.135
638000,0.030,0.799,0.170
638500,0.030,0.841,0.129
639000,0.030,0.784,0.185
639500,0.030,0.738,0.232
640000,0.030,0.795,0.174
640500,0.030,0.825,0.145
641000,0.030,0.889,0.081
641500,0.030,0.852,0.118
642000,0.030,0.859,0.111
642500,0.030,0.818,0.152
643000,0.030,0.850,0.120
643500,0.030,0.862,0.108
644000,0.030,0.857,0.113
644500,0.030,0.881,0.089
645000,0.030,0.833,0.137
645500,0.030,0.833,0.137
646000,0.030,0.849,0.121
646500,0.030,0.820,0.150
647000,0.030,0.771,0.199
647500,0.030,0.721,0.249
648000,0.030,0.866,0.104
648500,0.030,0.856,0.114
649000,0.030,0.851,0.119
649500,0.030,0.855,0.115
650000,0.030,0.815,0.155
650500,0.030,0.806,0.163
651000,0.030,0.806,0.163
651500,0.030,0.803,0.167
652000,0.030,0.835,0.135
652500,0.030,0.887,0.083
653000,0.030,0.819,0.151
653500,0.030,0.832,0.138
654000,0.030,0.875,0.095
654500,0.030,0.887,0.083
655000,0.030,0.792,0.178
655500,0.030,0.806,0.164
656000,0.030,0.774,0.196
656500,0.030,0.821,0.149
657000,0.030,0.732,0.238
657500,0.030,0.703,0.267
658000,0.030,0.839,0.131
658500,0.030,0.813,0.157
659000,0.030,0.854,0.116
659500,0.030,0.880,0.090
660000,0.030,0.848,0.122
660500,0.030,0.823,0.147
661000,0.030,0.851,0.119
661500,0.030,0.827,0.143
662000,0.030,0.842,0.128
662500,0.030,0.840,0.130
663000,0.030,0.852,0.118
663500,0.030,0.823,0.147
664000,0.030,0.770,0.200
664500,0.030,0.840,0.130
665000,0.030,0.858,0.112
665500,0.030,0.900,0.070
666000,0.030,0.860,0.110
666500,0.030,0.877,0.093
667000,0.030,0.851,0.119
667500,0.030,0.837,0.133
668000,0.030,0.779,0.191
668500,0.030,0.858,0.112
669000,0.030,0.870,0.100
669500,0.030,0.883,0.087
670000,0.030,0.863,0.107
670500,0.030,0.795,0.175
671000,0.030,0.784,0.185
671500,0.030,0.800,0.170
672000,0.030,0.844,0.126
672500,0.030,0.865,0.105
673000,0.030,0.827,0.143
673500,0.030,0.766,0.204
674000,0.030,0.773,0.197
674500,0.030,0.816,0.154
675000,0.030,0.813,0.157
675500,0.030,0.875,0.095
676000,0.030,0.863,0.107
676500,0.030,0.884,0.086
677000,0.030,0.879,0.091
677500,0.030,0.843,0.127
678000,0.030,0.897,0.073
678500,0.030,0.837,0.133
679000,0.030,0.814,0.156
679500,0.030,0.839,0.131
680000,0.030,0.843,0.127
680500,0.030,0.841,0.129
681000,0.030,0.861,0.109
681500,0.030,0.812,0.158
682000,0.030,0.768,0.202
682500,0.030,0.758,0.212
683000,0.030,0.812,0.158
683500,0.030,0.766,0.204
684000,0.030,0.739,0.231
684500,0.030,0.906,0.064
685000,0.030,0.775,0.195
685500,0.030,0.797,0.172
686000,0.030,0.857,0.113
686500,0.030,0.811,0.159
687000,0.030,0.859,0.111
687500,0.030,0.874,0.096
688000,0.030,0.819,0.151
688500,0.030,0.816,0.154
689000,0.030,0.833,0.137
689500,0.030,0.820,0.150
690000,0.030,0.846,0.124
690500,0.030,0.769,0.201
691000,0.030,0.793,0.176
691500,0.030,0.765,0.205
692000,0.030,0.749,0.221
692500,0.030,0.751,0.219
693000,0.030,0.735,0.235
693500,0.030,0.800,0.170
694000,0.030,0.846,0.124
694500,0.030,0.860,0.110
695000,0.030,0.866,0.104
695500,0.030,0.819,0.151
696000,0.030,0.826,0.144
696500,0.030,0.759,0.211
697000,0.030,0.805,0.164
697500,0.030,0.835,0.135
698000,0.030,0.809,0.160
698500,0.030,0.819,0.151
699000,0.030,0.785,0.184
699500,0.030,0.831,0.139
700000,0.030,0.878,0.092
700500,0.030,0.876,0.094
701000,0.030,0.887,0.083
701500,0.030,0.859,0.111
702000,0.030,0.848,0.122
702500,0.030,0.850,0.120
703000,0.030,0.827,0.143
703500,0.030,0.865,0.105
704000,0.030,0.812,0.157
704500,0.030,0.852,0.118
705000,0.030,0.852,0.118
705500,0.030,0.792,0.178
706000,0.030,0.821,0.149
706500,0.030,0.866,0.104
707000,0.030,0.810,0.160
707500,0.030,0.856,0.114
708000,0.030,0.801,0.168
708500,0.030,0.757,0.213
709000,0.030,0.799,0.171
709500,0.030,0.831,0.139
710000,0.030,0.824,0.146
710500,0.030,0.808,0.161
711000,0.030,0.836,0.134
711500,0.030,0.802,0.167
712000,0.030,0.799,0.171
712500,0.030,0.864,0.106
713000,0.030,0.838,0.132
713500,0.030,0.821,0.149
714000,0.030,0.861,0.109
714500,0.030,0.811,0.158
715000,0.030,0.825,0.145
715500,0.030,0.858,0.112
716000,0.030,0.806,0.164
716500,0.030,0.775,0.195
717000,0.030,0.740,0.230
717500,0.030,0.769,0.201
718000,0.030,0.753,0.217
718500,0.030,0.768,0.202
719000,0.030,0.818,0.152
719500,0.030,0.863,0.107
720000,0.030,0.792,0.177
720500,0.030,0.799,0.171
721000,0.030,0.894,0.076
721500,0.030,0.918,0.051
722000,0.030,0.861,0.109
722500,0.030,0.849,0.121
723000,0.030,0.841,0.129
723500,0.030,0.815,0.155
724000,0.030,0.796,0.173
724500,0.030,0.846,0.124
725000,0.030,0.873,0.097
725500,0.030,0.767,0.203
726000,0.030,0.800,0.169
726500,0.030,0.793,0.177
727000,0.030,0.786,0.184
727500,0.030,0.834,0.136
728000,0.030,0.742,0.228
728500,0.030,0.766,0.204
729000,0.030,0.853,0.117
729500,0.030,0.808,0.161
730000,0.030,0.814,0.156
730500,0.030,0.842,0.128
731000,0.030,0.900,0.070
731500,0.030,0.881,0.089
732000,0.030,0.763,0.207
732500,0.030,0.843,0.127
733000,0.030,0.877,0.093
733500,0.030,0.874,0.096
734000,0.030,0.886,0.084
734500,0.030,0.742,0.228
735000,0.030,0.834,0.136
735500,0.030,0.790,0.179
736000,0.030,0.796,0.173
736500,0.030,0.783,0.187
737000,0.030,0.876,0.094
737500,0.030,0.833,0.137
738000,0.030,0.739,0.231
738500,0.030,0.822,0.148
739000,0.030,0.894,0.076
739500,0.030,0.785,0.184
740000,0.030,0.803,0.167
740500,0.030,0.807,0.163
741000,0.030,0.859,0.111
741500,0.030,0.831,0.139
742000,0.030,0.835,0.135
742500,0.030,0.761,0.209
743000,0.030,0.794,0.176
743500,0.030,0.843,0.127
744000,0.030,0.855,0.115
744500,0.030,0.914,0.055
745000,0.030,0.869,0.101
745500,0.030,0.836,0.134
746000,0.030,0.816,0.154
746500,0.030,0.835,0.135
747000,0.030,0.818,0.152
747500,0.030,0.721,0.249
748000,0.030,0.750,0.220
748500,0.030,0.801,0.168
749000,0.030,0.770,0.200
749500,0.030,0.799,0.171
750000,0.030,0.830,0.140
750500,0.030,0.801,0.168
751000,0.030,0.825,0.145
751500,0.030,0.834,0.136
752000,0.030,0.846,0.124
752500,0.030,0.843,0.127
753000,0.030,0.779,0.191
753500,0.030,0.767,0.203
754000,0.030,0.823,0.147
754500,0.030,0.797,0.173
755000,0.030,0.838,0.132
755500,0.030,0.816,0.154
756000,0.030,0.782,0.188
756500,0.030,0.805,0.165
757000,0.030,0.896,0.074
757500,0.030,0.840,0.130
758000,0.030,0.851,0.119
758500,0.030,0.829,0.141
759000,0.030,0.867,0.103
759500,0.030,0.777,0.193
760000,0.030,0.778,0.192
760500,0.030,0.877,0.093
761000,0.030,0.833,0.137
761500,0.030,0.838,0.132
762000,0.030,0.885,0.085
762500,0.030,0.802,0.168
763000,0.030,0.899,0.071
763500,0.030,0.886,0.084
764000,0.030,0.890,0.080
764500,0.030,0.855,0.115
765000,0.030,0.841,0.129
765500,0.030,0.742,0.228
766000,0.030,0.818,0.152
766500,0.030,0.849,0.121
767000,0.030,0.868,0.102
767500,0.030,0.848,0.122
768000,0.030,0.835,0.135
768500,0.030,0.884,0.086
769000,0.030,0.761,0.209
769500,0.030,0.817,0.153
770000,0.030,0.779,0.191
770500,0.030,0.823,0.147
771000,0.030,0.793,0.177
771500,0.030,0.803,0.166
772000,0.030,0.856,0.114
772500,0.030,0.869,0.101
773000,0.030,0.850,0.120
773500,0.030,0.779,0.191
774000,0.030,0.793,0.177
774500,0.030,0.791,0.178
775000,0.030,0.769,0.201
775500,0.030,0.823,0.147
776000,0.030,0.840,0.130
776500,0.030,0.818,0.152
777000,0.030,0.860,0.110
777500,0.030,0.861,0.109
778000,0.030,0.831,0.139
778500,0.030,0.783,0.187
779000,0.030,0.760,0.210
779500,0.030,0.753,0.217
780000,0.030,0.778,0.192
780500,0.030,0.751,0.219
781000,0.030,0.793,0.177
781500,0.030,0.840,0.130
782000,0.030,0.846,0.124
782500,0.030,0.673,0.296
783000,0.030,0.808,0.162
783500,0.030,0.860,0.110
784000,0.030,0.792,0.178
784500,0.030,0.721,0.249
785000,0.030,0.791,0.179
785500,0.030,0.790,0.179
786000,0.030,0.837,0.133
786500,0.030,0.835,0.135
787000,0.030,0.880,0.090
787500,0.030,0.893,0.077
788000,0.030,0.860,0.110
788500,0.030,0.819,0.151
789000,0.030,0.838,0.132
789500,0.030,0.795,0.175
790000,0.030,0.776,0.194
790500,0.030,0.799,0.171
791000,0.030,0.794,0.176
791500,0.030,0.835,0.135
792000,0.030,0.851,0.119
792500,0.030,0.801,0.169
793000,0.030,0.802,0.168
793500,0.030,0.841,0.129
794000,0.030,0.835,0.135
794500,0.030,0.820,0.150
795000,0.030,0.812,0.158
795500,0.030,0.732,0.238
796000,0.030,0.777,0.193
796500,0.030,0.790,0.179
797000,0.030,0.820,0.150
797500,0.030,0.864,0.106
798000,0.030,0.852,0.118
798500,0.030,0.855,0.115
799000,0.030,0.842,0.128
799500,0.030,0.862,0.108
800000,0.030,0.849,0.121
800500,0.030,0.876,0.094
801000,0.030,0.827,0.143
801500,0.030,0.745,0.225
802000,0.030,0.814,0.156
802500,0.030,0.814,0.156
803000,0.030,0.777,0.193
803500,0.030,0.869,0.101
804000,0.030,0.843,0.127
804500,0.030,0.806,0.163
805000,0.030,0.780,0.190
805500,0.030,0.784,0.186
806000,0.030,0.818,0.152
806500,0.030,0.816,0.154
807000,0.030,0.845,0.125
807500,0.030,0.864,0.106
808000,0.030,0.818,0.152
808500,0.030,0.794,0.176
809000,0.030,0.866,0.104
809500,0.030,0.802,0.167
810000,0.030,0.775,0.195
810500,0.030,0.764,0.206
811000,0.030,0.855,0.115
811500,0.030,0.894,0.076
812000,0.030,0.883,0.087
812500,0.030,0.818,0.152
813000,0.030,0.854,0.116
813500,0.030,0.834,0.136
814000,0.030,0.877,0.093
814500,0.030,0.835,0.135
815000,0.030,0.833,0.137
815500,0.030,0.778,0.192
816000,0.030,0.737,0.233
816500,0.030,0.843,0.127
817000,0.030,0.840,0.130
817500,0.030,0.828,0.142
818000,0.030,0.830,0.140
818500,0.030,0.725,0.245
819000,0.030,0.819,0.151
819500,0.030,0.793,0.177
820000,0.030,0.788,0.181
820500,0.030,0.855,0.115
821000,0.030,0.825,0.145
821500,0.030,0.826,0.144
822000,0.030,0.843,0.127
822500,0.030,0.825,0.145
823000,0.030,0.752,0.218
823500,0.030,0.752,0.218
824000,0.030,0.730,0.240
824500,0.030,0.903,0.067
825000,0.030,0.771,0.199
825500,0.030,0.768,0.202
826000,0.030,0.723,0.247
826500,0.030,0.783,0.186
827000,0.030,0.755,0.215
827500,0.030,0.797,0.172
828000,0.030,0.734,0.236
828500,0.030,0.831,0.139
829000,0.030,0.801,0.168
829500,0.030,0.852,0.118
830000,0.030,0.850,0.120
830500,0.030,0.780,0.190
831000,0.030,0.792,0.177
831500,0.030,0.834,0.136
832000,0.030,0.853,0.117
832500,0.030,0.870,0.100
833000,0.030,0.859,0.111
833500,0.030,0.773,0.197
834000,0.030,0.798,0.171
834500,0.030,0.792,0.178
835000,0.030,0.737,0.233
835500,0.030,0.710,0.260
836000,0.030,0.824,0.146
836500,0.030,0.878,0.092
837000,0.030,0.877,0.093
837500,0.030,0.850,0.120
838000,0.030,0.731,0.239
838500,0.030,0.720,0.250
839000,0.030,0.787,0.183
839500,0.030,0.841,0.129
840000,0.030,0.866,0.104
840500,0.030,0.805,0.165
841000,0.030,0.856,0.114
841500,0.030,0.853,0.117
842000,0.030,0.825,0.145
842500,0.030,0.745,0.225
843000,0.030,0.864,0.106
843500,0.030,0.735,0.235
844000,0.030,0.717,0.253
844500,0.030,0.726,0.244
845000,0.030,0.726,0.244
845500,0.030,0.758,0.212
846000,0.030,0.763,0.207
846500,0.030,0.805,0.164
847000,0.030,0.764,0.206
847500,0.030,0.835,0.135
848000,0.030,0.835,0.135
848500,0.030,0.782,0.188
849000,0.030,0.805,0.164
849500,0.030,0.820,0.150
850000,0.030,0.826,0.144
850500,0.030,0.869,0.101
851000,0.030,0.878,0.092
851500,0.030,0.843,0.127
852000,0.030,0.863,0.107
852500,0.030,0.864,0.106
853000,0.030,0.843,0.127
853500,0.030,0.803,0.167
854000,0.030,0.781,0.189
854500,0.030,0.851,0.119
855000,0.030,0.758,0.212
855500,0.030,0.798,0.171
856000,0.030,0.826,0.144
856500,0.030,0.844,0.126
857000,0.030,0.881,0.089
857500,0.030,0.843,0.127
858000,0.030,0.830,0.140
858500,0.030,0.887,0.083
859000,0.030,0.847,0.123
859500,0.030,0.819,0.151
860000,0.030,0.832,0.138
860500,0.030,0.863,0.107
861000,0.030,0.837,0.133
861500,0.030,0.793,0.176
862000,0.030,0.865,0.105
862500,0.030,0.849,0.121
863000,0.030,0.840,0.130
863500,0.030,0.848,0.122
864000,0.030,0.843,0.127
864500,0.030,0.784,0.185
865000,0.030,0.821,0.149
865500,0.030,0.836,0.134
866000,0.030,0.815,0.155
866500,0.030,0.876,0.094
867000,0.030,0.887,0.083
867500,0.030,0.882,0.088
868000,0.030,0.884,0.086
868500,0.030,0.881,0.089
869000,0.030,0.865,0.105
869500,0.030,0.857,0.113
870000,0.030,0.871,0.099
870500,0.030,0.848,0.122
871000,0.030,0.777,0.193
871500,0.030,0.814,0.156
872000,0.030,0.783,0.187
872500,0.030,0.817,0.153
873000,0.030,0.808,0.162
873500,0.030,0.720,0.250
874000,0.030,0.725,0.245
874500,0.030,0.812,0.158
875000,0.030,0.772,0.198
875500,0.030,0.822,0.148
876000,0.030,0.776,0.194
876500,0.030,0.807,0.163
877000,0.030,0.853,0.117
877500,0.030,0.791,0.179
878000,0.030,0.795,0.174
878500,0.030,0.879,0.091
879000,0.030,0.882,0.088
879500,0.030,0.799,0.170
880000,0.030,0.840,0.130
880500,0.030,0.851,0.119
881000,0.030,0.834,0.136
881500,0.030,0.789,0.180
882000,0.030,0.805,0.165
882500,0.030,0.755,0.215
883000,0.030,0.763,0.207
883500,0.030,0.776,0.194
884000,0.030,0.719,0.251
884500,0.030,0.838,0.132
885000,0.030,0.863,0.107
885500,0.030,0.830,0.140
886000,0.030,0.805,0.164
886500,0.030,0.833,0.137
887000,0.030,0.821,0.149
887500,0.030,0.858,0.112
888000,0.030,0.741,0.229
888500,0.030,0.823,0.147
889000,0.030,0.825,0.145
889500,0.030,0.854,0.116
890000,0.030,0.851,0.119
890500,0.030,0.848,0.122
891000,0.030,0.807,0.162
891500,0.030,0.828,0.142
892000,0.030,0.816,0.154
892500,0.030,0.808,0.161
893000,0.030,0.783,0.186
893500,0.030,0.823,0.147
894000,0.030,0.855,0.115
894500,0.030,0.865,0.105
895000,0.030,0.849,0.121
895500,0.030,0.799,0.171
896000,0.030,0.794,0.175
896500,0.030,0.834,0.136
897000,0.030,0.861,0.109
897500,0.030,0.819,0.151
898000,0.030,0.830,0.140
898500,0.030,0.819,0.151
899000,0.030,0.754,0.216
899500,0.030,0.785,0.184
900000,0.030,0.802,0.168
900500,0.030,0.899,0.071
901000,0.030,0.876,0.094
901500,0.030,0.823,0.147
902000,0.030,0.762,0.208
902500,0.030,0.804,0.166
903000,0.030,0.823,0.147
903500,0.030,0.812,0.158
904000,0.030,0.835,0.135
904500,0.030,0.793,0.176
905000,0.030,0.821,0.149
905500,0.030,0.851,0.119
906000,0.030,0.866,0.104
906500,0.030,0.855,0.115
907000,0.030,0.815,0.155
907500,0.030,0.800,0.170
908000,0.030,0.726,0.244
908500,0.030,0.766,0.204
909000,0.030,0.678,0.292
909500,0.030,0.770,0.200
910000,0.030,0.857,0.113
910500,0.030,0.799,0.171
911000,0.030,0.810,0.159
911500,0.030,0.855,0.115
912000,0.030,0.848,0.122
912500,0.030,0.874,0.096
913000,0.030,0.877,0.093
913500,0.030,0.862,0.108
914000,0.030,0.836,0.134
914500,0.030,0.854,0.116
915000,0.030,0.849,0.121
915500,0.030,0.823,0.147
916000,0.030,0.843,0.127
916500,0.030,0.890,0.080
917000,0.030,0.843,0.127
917500,0.030,0.809,0.161
918000,0.030,0.772,0.198
918500,0.030,0.795,0.174
919000,0.030,0.894,0.076
919500,0.030,0.842,0.128
920000,0.030,0.806,0.163
920500,0.030,0.765,0.205
921000,0.030,0.859,0.111
921500,0.030,0.868,0.102
922000,0.030,0.853,0.117
922500,0.030,0.848,0.122
923000,0.030,0.775,0.195
923500,0.030,0.874,0.096
924000,0.030,0.816,0.154
924500,0.030,0.797,0.173
925000,0.030,0.817,0.153
925500,0.030,0.821,0.149
926000,0.030,0.785,0.184
926500,0.030,0.861,0.109
927000,0.030,0.800,0.170
927500,0.030,0.764,0.206
928000,0.030,0.776,0.194
928500,0.030,0.834,0.136
929000,0.030,0.853,0.117
929500,0.030,0.828,0.142
930000,0.030,0.785,0.184
930500,0.030,0.750,0.220
931000,0.030,0.800,0.170
931500,0.030,0.816,0.154
932000,0.030,0.870,0.100
932500,0.030,0.857,0.113
933000,0.030,0.821,0.149
933500,0.030,0.816,0.154
934000,0.030,0.808,0.162
934500,0.030,0.857,0.113
935000,0.030,0.815,0.155
935500,0.030,0.812,0.158
936000,0.030,0.803,0.167
936500,0.030,0.832,0.138
937000,0.030,0.838,0.132
937500,0.030,0.848,0.122
938000,0.030,0.850,0.120
938500,0.030,0.915,0.055
939000,0.030,0.834,0.136
939500,0.030,0.870,0.100
940000,0.030,0.892,0.078
940500,0.030,0.874,0.096
941000,0.030,0.865,0.105
941500,0.030,0.828,0.142
942000,0.030,0.810,0.160
942500,0.030,0.842,0.128
943000,0.030,0.866,0.104
943500,0.030,0.805,0.164
944000,0.030,0.827,0.143
944500,0.030,0.834,0.136
945000,0.030,0.811,0.158
945500,0.030,0.818,0.152
946000,0.030,0.837,0.133
946500,0.030,0.826,0.144
947000,0.030,0.792,0.178
947500,0.030,0.832,0.138
948000,0.030,0.830,0.140
948500,0.030,0.885,0.085
949000,0.030,0.854,0.116
949500,0.030,0.892,0.078
950000,0.030,0.896,0.074
950500,0.030,0.807,0.162
951000,0.030,0.832,0.138
951500,0.030,0.905,0.065
952000,0.030,0.911,0.058
952500,0.030,0.811,0.158
953000,0.030,0.820,0.150
953500,0.030,0.816,0.154
954000,0.030,0.804,0.166
954500,0.030,0.796,0.174
955000,0.030,0.867,0.103
955500,0.030,0.852,0.118
956000,0.030,0.881,0.089
956500,0.030,0.888,0.082
957000,0.030,0.812,0.158
957500,0.030,0.827,0.143
958000,0.030,0.670,0.300
958500,0.030,0.724,0.246
959000,0.030,0.810,0.159
959500,0.030,0.837,0.133
960000,0.030,0.787,0.182
960500,0.030,0.805,0.165
961000,0.030,0.874,0.096
961500,0.030,0.785,0.184
962000,0.030,0.776,0.194
962500,0.030,0.754,0.216
963000,0.030,0.842,0.128
963500,0.030,0.839,0.131
964000,0.030,0.850,0.120
964500,0.030,0.867,0.103
965000,0.030,0.818,0.152
965500,0.030,0.850,0.120
966000,0.030,0.848,0.122
966500,0.030,0.824,0.146
967000,0.030,0.809,0.160
967500,0.030,0.868,0.102
968000,0.030,0.792,0.178
968500,0.030,0.825,0.145
969000,0.030,0.814,0.156
969500,0.030,0.869,0.101
970000,0.030,0.832,0.138
970500,0.030,0.867,0.103
971000,0.030,0.805,0.164
971500,0.030,0.862,0.108
972000,0.030,0.800,0.170
972500,0.030,0.799,0.171
973000,0.030,0.821,0.149
973500,0.030,0.830,0.140
974000,0.030,0.816,0.154
974500,0.030,0.795,0.175
975000,0.030,0.766,0.204
975500,0.030,0.821,0.149
976000,0.030,0.895,0.075
976500,0.030,0.821,0.149
977000,0.030,0.824,0.146
977500,0.030,0.743,0.227
978000,0.030,0.755,0.215
978500,0.030,0.821,0.149
979000,0.030,0.757,0.213
979500,0.030,0.726,0.244
980000,0.030,0.784,0.185
980500,0.030,0.803,0.167
981000,0.030,0.826,0.144
981500,0.030,0.837,0.133
982000,0.030,0.764,0.206
982500,0.030,0.850,0.120
983000,0.030,0.768,0.202
983500,0.030,0.776,0.194
984000,0.030,0.802,0.168
984500,0.030,0.796,0.173
985000,0.030,0.790,0.180
985500,0.030,0.741,0.229
986000,0.030,0.788,0.181
986500,0.030,0.721,0.249
987000,0.030,0.758,0.212
987500,0.030,0.833,0.137
988000,0.030,0.877,0.093
988500,0.030,0.821,0.149
989000,0.030,0.901,0.069
989500,0.030,0.850,0.120
990000,0.030,0.825,0.145
990500,0.030,0.877,0.093
991000,0.030,0.874,0.096
991500,0.030,0.776,0.194
992000,0.030,0.823,0.147
992500,0.030,0.829,0.141
993000,0.030,0.830,0.140
993500,0.030,0.799,0.170
994000,0.030,0.821,0.149
994500,0.030,0.752,0.218
995000,0.030,0.830,0.140
995500,0.030,0.809,0.160
996000,0.030,0.810,0.159
996500,0.030,0.817,0.153
997000,0.030,0.869,0.101
997500,0.030,0.793,0.176
998000,0.030,0.872,0.098
998500,0.030,0.844,0.126
999000,0.030,0.792,0.178
999500,0.030,0.788,0.182
1000000,0.030,0.758,0.212
