time,n_A+p,n_B,n_AB
500,0.030,0.680,0.290
1000,0.030,0.594,0.376
1500,0.030,0.562,0.408
2000,0.030,0.444,0.526
2500,0.030,0.400,0.570
3000,0.030,0.548,0.422
3500,0.030,0.483,0.487
4000,0.030,0.515,0.455
4500,0.030,0.445,0.525
5000,0.030,0.448,0.522
5500,0.030,0.418,0.552
6000,0.030,0.461,0.509
6500,0.030,0.517,0.453
7000,0.030,0.601,0.369
7500,0.030,0.708,0.262
8000,0.030,0.488,0.482
8500,0.030,0.504,0.466
9000,0.030,0.454,0.516
9500,0.030,0.500,0.470
10000,0.030,0.355,0.615
10500,0.030,0.558,0.412
11000,0.030,0.554,0.416
11500,0.030,0.508,0.462
12000,0.030,0.497,0.473
12500,0.030,0.467,0.503
13000,0.030,0.504,0.466
13500,0.030,0.457,0.513
14000,0.030,0.500,0.470
14500,0.030,0.464,0.506
15000,0.030,0.534,0.436
15500,0.030,0.519,0.451
16000,0.030,0.613,0.357
16500,0.030,0.639,0.331
17000,0.030,0.489,0.481
17500,0.030,0.548,0.422
18000,0.030,0.770,0.200
18500,0.030,0.512,0.458
19000,0.030,0.555,0.415
19500,0.030,0.404,0.566
20000,0.030,0.527,0.443
20500,0.030,0.544,0.426
21000,0.030,0.550,0.420
21500,0.030,0.574,0.396
22000,0.030,0.423,0.547
22500,0.030,0.401,0.569
23000,0.030,0.541,0.429
23500,0.030,0.406,0.564
24000,0.030,0.502,0.468
24500,0.030,0.440,0.530
25000,0.030,0.454,0.516
25500,0.030,0.463,0.507
26000,0.030,0.432,0.538
26500,0.030,0.648,0.322
27000,0.030,0.651,0.319
27500,0.030,0.625,0.345
28000,0.030,0.607,0.363
28500,0.030,0.451,0.519
29000,0.030,0.567,0.403
29500,0.030,0.550,0.420
30000,0.030,0.686,0.284
30500,0.030,0.734,0.236
31000,0.030,0.658,0.312
31500,0.030,0.602,0.368
32000,0.030,0.573,0.397
32500,0.030,0.510,0.460
33000,0.030,0.445,0.525
33500,0.030,0.581,0.389
34000,0.030,0.613,0.357
34500,0.030,0.620,0.350
35000,0.030,0.609,0.361
35500,0.030,0.505,0.465
36000,0.030,0.480,0.490
36500,0.030,0.462,0.508
37000,0.030,0.330,0.640
37500,0.030,0.422,0.548
38000,0.030,0.606,0.364
38500,0.030,0.581,0.389
39000,0.030,0.388,0.582
39500,0.030,0.480,0.490
40000,0.030,0.526,0.444
40500,0.030,0.550,0.420
41000,0.030,0.530,0.440
41500,0.030,0.581,0.389
42000,0.030,0.706,0.264
42500,0.030,0.651,0.319
43000,0.030,0.622,0.348
43500,0.030,0.565,0.405
44000,0.030,0.457,0.513
44500,0.030,0.447,0.523
45000,0.030,0.434,0.536
45500,0.030,0.450,0.520
46000,0.030,0.473,0.497
46500,0.030,0.531,0.439
47000,0.030,0.490,0.480
47500,0.030,0.547,0.423
48000,0.030,0.334,0.636
48500,0.030,0.573,0.397
49000,0.030,0.478,0.492
49500,0.030,0.529,0.441
50000,0.030,0.559,0.411
50500,0.030,0.513,0.457
51000,0.030,0.578,0.392
51500,0.030,0.441,0.529
52000,0.030,0.489,0.481
52500,0.030,0.539,0.431
53000,0.030,0.486,0.484
53500,0.030,0.520,0.450
54000,0.030,0.555,0.415
54500,0.030,0.552,0.418
55000,0.030,0.494,0.476
55500,0.030,0.578,0.392
56000,0.030,0.575,0.395
56500,0.030,0.603,0.367
57000,0.030,0.624,0.346
57500,0.030,0.602,0.368
58000,0.030,0.585,0.385
58500,0.030,0.435,0.535
59000,0.030,0.616,0.354
59500,0.030,0.544,0.426
60000,0.030,0.539,0.431
60500,0.030,0.453,0.517
61000,0.030,0.573,0.397
61500,0.030,0.511,0.459
62000,0.030,0.616,0.354
62500,0.030,0.480,0.490
63000,0.030,0.498,0.472
63500,0.030,0.507,0.463
64000,0.030,0.576,0.394
64500,0.030,0.692,0.278
65000,0.030,0.650,0.320
65500,0.030,0.596,0.374
66000,0.030,0.570,0.400
66500,0.030,0.427,0.543
67000,0.030,0.505,0.465
67500,0.030,0.518,0.452
68000,0.030,0.547,0.423
68500,0.030,0.521,0.449
69000,0.030,0.579,0.391
69500,0.030,0.620,0.350
70000,0.030,0.608,0.362
70500,0.030,0.535,0.435
71000,0.030,0.558,0.412
71500,0.030,0.596,0.374
72000,0.030,0.575,0.395
72500,0.030,0.527,0.443
73000,0.030,0.585,0.385
73500,0.030,0.533,0.437
74000,0.030,0.524,0.446
74500,0.030,0.623,0.347
75000,0.030,0.781,0.189
75500,0.030,0.707,0.263
76000,0.030,0.678,0.292
76500,0.030,0.490,0.480
77000,0.030,0.543,0.427
77500,0.030,0.557,0.413
78000,0.030,0.526,0.444
78500,0.030,0.639,0.331
79000,0.030,0.547,0.423
79500,0.030,0.580,0.390
80000,0.030,0.581,0.389
80500,0.030,0.525,0.445
81000,0.030,0.486,0.484
81500,0.030,0.417,0.553
82000,0.030,0.386,0.584
82500,0.030,0.653,0.317
83000,0.030,0.620,0.350
83500,0.030,0.630,0.340
84000,0.030,0.627,0.343
84500,0.030,0.621,0.349
85000,0.030,0.571,0.399
85500,0.030,0.427,0.543
86000,0.030,0.497,0.473
86500,0.030,0.426,0.544
87000,0.030,0.457,0.513
87500,0.030,0.590,0.380
88000,0.030,0.703,0.267
88500,0.030,0.502,0.468
89000,0.030,0.428,0.542
89500,0.030,0.414,0.556
90000,0.030,0.515,0.455
90500,0.030,0.555,0.415
91000,0.030,0.572,0.398
91500,0.030,0.676,0.294
92000,0.030,0.605,0.365
92500,0.030,0.530,0.440
93000,0.030,0.453,0.517
93500,0.030,0.450,0.520
94000,0.030,0.529,0.441
94500,0.030,0.498,0.472
95000,0.030,0.473,0.497
95500,0.030,0.539,0.431
96000,0.030,0.601,0.369
96500,0.030,0.341,0.629
97000,0.030,0.519,0.451
97500,0.030,0.541,0.429
98000,0.030,0.452,0.518
98500,0.030,0.530,0.440
99000,0.030,0.521,0.449
99500,0.030,0.540,0.430
100000,0.030,0.507,0.463
100500,0.030,0.596,0.374
101000,0.030,0.560,0.410
101500,0.030,0.581,0.389
102000,0.030,0.467,0.503
102500,0.030,0.436,0.534
103000,0.030,0.505,0.465
103500,0.030,0.690,0.280
104000,0.030,0.585,0.385
104500,0.030,0.511,0.459
105000,0.030,0.575,0.395
105500,0.030,0.539,0.431
106000,0.030,0.391,0.579
106500,0.030,0.619,0.351
107000,0.030,0.449,0.521
107500,0.030,0.639,0.331
108000,0.030,0.728,0.242
108500,0.030,0.627,0.343
109000,0.030,0.557,0.413
109500,0.030,0.569,0.401
110000,0.030,0.438,0.532
110500,0.030,0.524,0.446
111000,0.030,0.506,0.464
111500,0.030,0.568,0.402
112000,0.030,0.623,0.347
112500,0.030,0.529,0.441
113000,0.030,0.601,0.369
113500,0.030,0.575,0.395
114000,0.030,0.538,0.432
114500,0.030,0.447,0.523
115000,0.030,0.444,0.526
115500,0.030,0.457,0.513
116000,0.030,0.491,0.479
116500,0.030,0.467,0.503
117000,0.030,0.503,0.467
117500,0.030,0.576,0.394
118000,0.030,0.544,0.426
118500,0.030,0.618,0.352
119000,0.030,0.516,0.454
119500,0.030,0.559,0.411
120000,0.030,0.529,0.441
120500,0.030,0.653,0.317
121000,0.030,0.608,0.362
121500,0.030,0.490,0.480
122000,0.030,0.526,0.444
122500,0.030,0.442,0.528
123000,0.030,0.541,0.429
123500,0.030,0.688,0.282
124000,0.030,0.565,0.405
124500,0.030,0.524,0.446
125000,0.030,0.481,0.489
125500,0.030,0.582,0.388
126000,0.030,0.563,0.407
126500,0.030,0.498,0.472
127000,0.030,0.552,0.418
127500,0.030,0.606,0.364
128000,0.030,0.448,0.522
128500,0.030,0.503,0.467
129000,0.030,0.503,0.467
129500,0.030,0.546,0.424
130000,0.030,0.599,0.371
130500,0.030,0.554,0.416
131000,0.030,0.571,0.399
131500,0.030,0.524,0.446
132000,0.030,0.541,0.429
132500,0.030,0.389,0.581
133000,0.030,0.576,0.394
133500,0.030,0.559,0.411
134000,0.030,0.426,0.544
134500,0.030,0.524,0.446
135000,0.030,0.487,0.483
135500,0.030,0.417,0.553
136000,0.030,0.492,0.478
136500,0.030,0.369,0.601
137000,0.030,0.432,0.538
137500,0.030,0.485,0.485
138000,0.030,0.576,0.394
138500,0.030,0.412,0.558
139000,0.030,0.448,0.522
139500,0.030,0.595,0.375
140000,0.030,0.638,0.332
140500,0.030,0.484,0.486
141000,0.030,0.437,0.533
141500,0.030,0.558,0.412
142000,0.030,0.519,0.451
142500,0.030,0.529,0.441
143000,0.030,0.681,0.289
143500,0.030,0.549,0.421
144000,0.030,0.539,0.431
144500,0.030,0.436,0.534
145000,0.030,0.574,0.396
145500,0.030,0.464,0.506
146000,0.030,0.377,0.593
146500,0.030,0.536,0.434
147000,0.030,0.673,0.297
147500,0.030,0.495,0.475
148000,0.030,0.644,0.326
148500,0.030,0.507,0.463
149000,0.030,0.425,0.545
149500,0.030,0.535,0.435
150000,0.030,0.578,0.392
150500,0.030,0.641,0.329
151000,0.030,0.560,0.410
151500,0.030,0.537,0.433
152000,0.030,0.622,0.348
152500,0.030,0.554,0.416
153000,0.030,0.593,0.377
153500,0.030,0.624,0.346
154000,0.030,0.632,0.338
154500,0.030,0.623,0.347
155000,0.030,0.386,0.584
155500,0.030,0.366,0.604
156000,0.030,0.416,0.554
156500,0.030,0.503,0.467
157000,0.030,0.433,0.537
157500,0.030,0.545,0.425
158000,0.030,0.500,0.470
158500,0.030,0.566,0.404
159000,0.030,0.591,0.379
159500,0.030,0.547,0.423
160000,0.030,0.580,0.390
160500,0.030,0.517,0.453
161000,0.030,0.720,0.250
161500,0.030,0.401,0.569
162000,0.030,0.525,0.445
162500,0.030,0.519,0.451
163000,0.030,0.704,0.266
163500,0.030,0.667,0.303
164000,0.030,0.576,0.394
164500,0.030,0.404,0.566
165000,0.030,0.519,0.451
165500,0.030,0.535,0.435
166000,0.030,0.592,0.378
166500,0.030,0.544,0.426
167000,0.030,0.633,0.337
167500,0.030,0.480,0.490
168000,0.030,0.511,0.459
168500,0.030,0.619,0.351
169000,0.030,0.608,0.362
169500,0.030,0.551,0.419
170000,0.030,0.620,0.350
170500,0.030,0.397,0.573
171000,0.030,0.537,0.433
171500,0.030,0.428,0.542
172000,0.030,0.413,0.557
172500,0.030,0.476,0.494
173000,0.030,0.433,0.537
173500,0.030,0.606,0.364
174000,0.030,0.475,0.495
174500,0.030,0.456,0.514
175000,0.030,0.602,0.368
175500,0.030,0.611,0.359
176000,0.030,0.513,0.457
176500,0.030,0.514,0.456
177000,0.030,0.558,0.412
177500,0.030,0.521,0.449
178000,0.030,0.486,0.484
178500,0.030,0.493,0.477
179000,0.030,0.527,0.443
179500,0.030,0.678,0.292
180000,0.030,0.705,0.265
180500,0.030,0.591,0.379
181000,0.030,0.469,0.501
181500,0.030,0.540,0.430
182000,0.030,0.666,0.304
182500,0.030,0.648,0.322
183000,0.030,0.605,0.365
183500,0.030,0.603,0.367
184000,0.030,0.633,0.337
184500,0.030,0.583,0.387
185000,0.030,0.550,0.420
185500,0.030,0.576,0.394
186000,0.030,0.609,0.361
186500,0.030,0.588,0.382
187000,0.030,0.520,0.450
187500,0.030,0.537,0.433
188000,0.030,0.565,0.405
188500,0.030,0.501,0.469
189000,0.030,0.618,0.352
189500,0.030,0.810,0.160
190000,0.030,0.572,0.398
190500,0.030,0.479,0.491
191000,0.030,0.573,0.397
191500,0.030,0.570,0.400
192000,0.030,0.541,0.429
192500,0.030,0.579,0.391
193000,0.030,0.452,0.518
193500,0.030,0.495,0.475
194000,0.030,0.513,0.457
194500,0.030,0.563,0.407
195000,0.030,0.419,0.551
195500,0.030,0.451,0.519
196000,0.030,0.566,0.404
196500,0.030,0.498,0.472
197000,0.030,0.380,0.590
197500,0.030,0.572,0.398
198000,0.030,0.541,0.429
198500,0.030,0.534,0.436
199000,0.030,0.545,0.425
199500,0.030,0.402,0.568
200000,0.030,0.508,0.462
200500,0.030,0.534,0.436
201000,0.030,0.688,0.282
201500,0.030,0.638,0.332
202000,0.030,0.625,0.345
202500,0.030,0.663,0.307
203000,0.030,0.561,0.409
203500,0.030,0.416,0.554
204000,0.030,0.475,0.495
204500,0.030,0.533,0.437
205000,0.030,0.581,0.389
205500,0.030,0.393,0.577
206000,0.030,0.433,0.537
206500,0.030,0.436,0.534
207000,0.030,0.545,0.425
207500,0.030,0.588,0.382
208000,0.030,0.619,0.351
208500,0.030,0.522,0.448
209000,0.030,0.521,0.449
209500,0.030,0.587,0.383
210000,0.030,0.524,0.446
210500,0.030,0.674,0.296
211000,0.030,0.473,0.497
211500,0.030,0.601,0.369
212000,0.030,0.536,0.434
212500,0.030,0.559,0.411
213000,0.030,0.590,0.380
213500,0.030,0.720,0.250
214000,0.030,0.549,0.421
214500,0.030,0.582,0.388
215000,0.030,0.505,0.465
215500,0.030,0.520,0.450
216000,0.030,0.772,0.198
216500,0.030,0.524,0.446
217000,0.030,0.625,0.345
217500,0.030,0.532,0.438
218000,0.030,0.673,0.297
218500,0.030,0.527,0.443
219000,0.030,0.533,0.437
219500,0.030,0.591,0.379
220000,0.030,0.456,0.514
220500,0.030,0.442,0.528
221000,0.030,0.488,0.482
221500,0.030,0.521,0.449
222000,0.030,0.535,0.435
222500,0.030,0.603,0.367
223000,0.030,0.555,0.415
223500,0.030,0.476,0.494
224000,0.030,0.531,0.439
224500,0.030,0.466,0.504
225000,0.030,0.469,0.501
225500,0.030,0.397,0.573
226000,0.030,0.526,0.444
226500,0.030,0.543,0.427
227000,0.030,0.479,0.491
227500,0.030,0.581,0.389
228000,0.030,0.581,0.389
228500,0.030,0.510,0.460
229000,0.030,0.582,0.388
229500,0.030,0.446,0.524
230000,0.030,0.420,0.550
230500,0.030,0.439,0.531
231000,0.030,0.497,0.473
231500,0.030,0.560,0.410
232000,0.030,0.523,0.447
232500,0.030,0.545,0.425
233000,0.030,0.441,0.529
233500,0.030,0.408,0.562
234000,0.030,0.456,0.514
234500,0.030,0.572,0.398
235000,0.030,0.566,0.404
235500,0.030,0.661,0.309
236000,0.030,0.556,0.414
236500,0.030,0.558,0.412
237000,0.030,0.624,0.346
237500,0.030,0.505,0.465
238000,0.030,0.491,0.479
238500,0.030,0.534,0.436
239000,0.030,0.623,0.347
239500,0.030,0.479,0.491
240000,0.030,0.435,0.535
240500,0.030,0.440,0.530
241000,0.030,0.534,0.436
241500,0.030,0.546,0.424
242000,0.030,0.425,0.545
242500,0.030,0.488,0.482
243000,0.030,0.409,0.561
243500,0.030,0.572,0.398
244000,0.030,0.575,0.395
244500,0.030,0.641,0.329
245000,0.030,0.548,0.422
245500,0.030,0.493,0.477
246000,0.030,0.584,0.386
246500,0.030,0.445,0.525
247000,0.030,0.488,0.482
247500,0.030,0.388,0.582
248000,0.030,0.476,0.494
248500,0.030,0.552,0.418
249000,0.030,0.552,0.418
249500,0.030,0.436,0.534
250000,0.030,0.601,0.369
250500,0.030,0.558,0.412
251000,0.030,0.530,0.440
251500,0.030,0.515,0.455
252000,0.030,0.607,0.363
252500,0.030,0.580,0.390
253000,0.030,0.518,0.452
253500,0.030,0.518,0.452
254000,0.030,0.711,0.259
254500,0.030,0.547,0.423
255000,0.030,0.490,0.480
255500,0.030,0.690,0.280
256000,0.030,0.586,0.384
256500,0.030,0.628,0.342
257000,0.030,0.586,0.384
257500,0.030,0.527,0.443
258000,0.030,0.527,0.443
258500,0.030,0.495,0.475
259000,0.030,0.646,0.324
259500,0.030,0.583,0.387
260000,0.030,0.454,0.516
260500,0.030,0.381,0.589
261000,0.030,0.589,0.381
261500,0.030,0.692,0.278
262000,0.030,0.555,0.415
262500,0.030,0.679,0.291
263000,0.030,0.437,0.533
263500,0.030,0.684,0.286
264000,0.030,0.533,0.437
264500,0.030,0.585,0.385
265000,0.030,0.520,0.450
265500,0.030,0.442,0.528
266000,0.030,0.569,0.401
266500,0.030,0.680,0.290
267000,0.030,0.524,0.446
267500,0.030,0.455,0.515
268000,0.030,0.583,0.387
268500,0.030,0.543,0.427
269000,0.030,0.527,0.443
269500,0.030,0.553,0.417
270000,0.030,0.572,0.398
270500,0.030,0.601,0.369
271000,0.030,0.544,0.426
271500,0.030,0.592,0.378
272000,0.030,0.499,0.471
272500,0.030,0.586,0.384
273000,0.030,0.520,0.450
273500,0.030,0.443,0.527
274000,0.030,0.567,0.403
274500,0.030,0.506,0.464
275000,0.030,0.418,0.552
275500,0.030,0.530,0.440
276000,0.030,0.471,0.499
276500,0.030,0.661,0.309
277000,0.030,0.416,0.554
277500,0.030,0.472,0.498
278000,0.030,0.510,0.460
278500,0.030,0.683,0.287
279000,0.030,0.534,0.436
279500,0.030,0.681,0.289
280000,0.030,0.500,0.470
280500,0.030,0.530,0.440
281000,0.030,0.456,0.514
281500,0.030,0.532,0.438
282000,0.030,0.569,0.401
282500,0.030,0.394,0.576
283000,0.030,0.379,0.591
283500,0.030,0.520,0.450
284000,0.030,0.523,0.447
284500,0.030,0.569,0.401
285000,0.030,0.434,0.536
285500,0.030,0.572,0.398
286000,0.030,0.514,0.456
286500,0.030,0.432,0.538
287000,0.030,0.514,0.456
287500,0.030,0.449,0.521
288000,0.030,0.550,0.420
288500,0.030,0.664,0.306
289000,0.030,0.544,0.426
289500,0.030,0.517,0.453
290000,0.030,0.446,0.524
290500,0.030,0.540,0.430
291000,0.030,0.483,0.487
291500,0.030,0.570,0.400
292000,0.030,0.569,0.401
292500,0.030,0.612,0.358
293000,0.030,0.453,0.517
293500,0.030,0.431,0.539
294000,0.030,0.515,0.455
294500,0.030,0.669,0.301
295000,0.030,0.761,0.209
295500,0.030,0.619,0.351
296000,0.030,0.620,0.350
296500,0.030,0.642,0.328
297000,0.030,0.721,0.249
297500,0.030,0.618,0.352
298000,0.030,0.447,0.523
298500,0.030,0.488,0.482
299000,0.030,0.342,0.628
299500,0.030,0.523,0.447
300000,0.030,0.347,0.623
300500,0.030,0.510,0.460
301000,0.030,0.537,0.433
301500,0.030,0.393,0.577
302000,0.030,0.519,0.451
302500,0.030,0.431,0.539
303000,0.030,0.604,0.366
303500,0.030,0.624,0.346
304000,0.030,0.585,0.385
304500,0.030,0.557,0.413
305000,0.030,0.534,0.436
305500,0.030,0.514,0.456
306000,0.030,0.542,0.428
306500,0.030,0.574,0.396
307000,0.030,0.619,0.351
307500,0.030,0.434,0.536
308000,0.030,0.510,0.460
308500,0.030,0.578,0.392
309000,0.030,0.468,0.502
309500,0.030,0.481,0.489
310000,0.030,0.565,0.405
310500,0.030,0.487,0.483
311000,0.030,0.490,0.480
311500,0.030,0.519,0.451
312000,0.030,0.579,0.391
312500,0.030,0.604,0.366
313000,0.030,0.543,0.427
313500,0.030,0.459,0.511
314000,0.030,0.617,0.353
314500,0.030,0.481,0.489
315000,0.030,0.481,0.489
315500,0.030,0.463,0.507
316000,0.030,0.473,0.497
316500,0.030,0.535,0.435
317000,0.030,0.656,0.314
317500,0.030,0.514,0.456
318000,0.030,0.567,0.403
318500,0.030,0.629,0.341
319000,0.030,0.693,0.277
319500,0.030,0.624,0.346
320000,0.030,0.509,0.461
320500,0.030,0.332,0.638
321000,0.030,0.484,0.486
321500,0.030,0.471,0.499
322000,0.030,0.322,0.648
322500,0.030,0.445,0.525
323000,0.030,0.529,0.441
323500,0.030,0.486,0.484
324000,0.030,0.593,0.377
324500,0.030,0.606,0.364
325000,0.030,0.492,0.478
325500,0.030,0.467,0.503
326000,0.030,0.525,0.445
326500,0.030,0.652,0.318
327000,0.030,0.612,0.358
327500,0.030,0.461,0.509
328000,0.030,0.476,0.494
328500,0.030,0.430,0.540
329000,0.030,0.618,0.352
329500,0.030,0.422,0.548
330000,0.030,0.380,0.590
330500,0.030,0.458,0.512
331000,0.030,0.683,0.287
331500,0.030,0.659,0.311
332000,0.030,0.472,0.498
332500,0.030,0.476,0.494
333000,0.030,0.493,0.477
333500,0.030,0.577,0.393
334000,0.030,0.391,0.579
334500,0.030,0.509,0.461
335000,0.030,0.542,0.428
335500,0.030,0.502,0.468
336000,0.030,0.643,0.327
336500,0.030,0.495,0.475
337000,0.030,0.480,0.490
337500,0.030,0.711,0.259
338000,0.030,0.665,0.305
338500,0.030,0.438,0.532
339000,0.030,0.562,0.408
339500,0.030,0.520,0.450
340000,0.030,0.464,0.506
340500,0.030,0.447,0.523
341000,0.030,0.639,0.331
341500,0.030,0.589,0.381
342000,0.030,0.522,0.448
342500,0.030,0.551,0.419
343000,0.030,0.522,0.448
343500,0.030,0.511,0.459
344000,0.030,0.483,0.487
344500,0.030,0.395,0.575
345000,0.030,0.546,0.424
345500,0.030,0.617,0.353
346000,0.030,0.688,0.282
346500,0.030,0.502,0.468
347000,0.030,0.573,0.397
347500,0.030,0.525,0.445
348000,0.030,0.430,0.540
348500,0.030,0.500,0.470
349000,0.030,0.447,0.523
349500,0.030,0.480,0.490
350000,0.030,0.540,0.430
350500,0.030,0.535,0.435
351000,0.030,0.500,0.470
351500,0.030,0.447,0.523
352000,0.030,0.477,0.493
352500,0.030,0.608,0.362
353000,0.030,0.469,0.501
353500,0.030,0.594,0.376
354000,0.030,0.447,0.523
354500,0.030,0.549,0.421
355000,0.030,0.578,0.392
355500,0.030,0.533,0.437
356000,0.030,0.557,0.413
356500,0.030,0.482,0.488
357000,0.030,0.431,0.539
357500,0.030,0.510,0.460
358000,0.030,0.683,0.287
358500,0.030,0.633,0.337
359000,0.030,0.401,0.569
359500,0.030,0.586,0.384
360000,0.030,0.621,0.349
360500,0.030,0.583,0.387
361000,0.030,0.564,0.406
361500,0.030,0.551,0.419
362000,0.030,0.530,0.440
362500,0.030,0.650,0.320
363000,0.030,0.642,0.328
363500,0.030,0.594,0.376
364000,0.030,0.472,0.498
364500,0.030,0.551,0.419
365000,0.030,0.666,0.304
365500,0.030,0.566,0.404
366000,0.030,0.535,0.435
366500,0.030,0.481,0.489
367000,0.031,0.581,0.388
367500,0.030,0.482,0.488
368000,0.030,0.508,0.462
368500,0.030,0.508,0.462
369000,0.030,0.560,0.410
369500,0.030,0.489,0.481
370000,0.030,0.606,0.364
370500,0.030,0.464,0.506
371000,0.030,0.537,0.433
371500,0.030,0.687,0.283
372000,0.030,0.566,0.404
372500,0.030,0.572,0.398
373000,0.035,0.320,0.645
373500,0.030,0.579,0.391
374000,0.030,0.540,0.430
374500,0.030,0.553,0.417
375000,0.030,0.553,0.417
375500,0.030,0.593,0.377
376000,0.030,0.659,0.311
376500,0.030,0.489,0.481
377000,0.030,0.614,0.356
377500,0.030,0.595,0.375
378000,0.030,0.494,0.476
378500,0.030,0.346,0.624
379000,0.030,0.350,0.620
379500,0.030,0.632,0.338
380000,0.030,0.543,0.427
380500,0.030,0.577,0.393
381000,0.030,0.553,0.417
381500,0.030,0.419,0.551
382000,0.030,0.470,0.500
382500,0.030,0.550,0.420
383000,0.030,0.563,0.407
383500,0.030,0.518,0.452
384000,0.030,0.484,0.486
384500,0.030,0.572,0.398
385000,0.030,0.618,0.352
385500,0.030,0.637,0.333
386000,0.030,0.649,0.321
386500,0.030,0.322,0.648
387000,0.030,0.484,0.486
387500,0.030,0.579,0.391
388000,0.030,0.589,0.381
388500,0.030,0.595,0.375
389000,0.030,0.665,0.305
389500,0.030,0.537,0.433
390000,0.030,0.537,0.433
390500,0.030,0.450,0.520
391000,0.030,0.585,0.385
391500,0.030,0.516,0.454
392000,0.030,0.496,0.474
392500,0.030,0.430,0.540
393000,0.030,0.425,0.545
393500,0.030,0.511,0.459
394000,0.030,0.526,0.444
394500,0.030,0.550,0.420
395000,0.030,0.476,0.494
395500,0.030,0.556,0.414
396000,0.030,0.486,0.484
396500,0.030,0.460,0.510
397000,0.030,0.695,0.275
397500,0.030,0.586,0.384
398000,0.030,0.498,0.472
398500,0.030,0.503,0.467
399000,0.030,0.501,0.469
399500,0.030,0.521,0.449
400000,0.030,0.518,0.452
400500,0.030,0.540,0.430
401000,0.030,0.595,0.375
401500,0.030,0.532,0.438
402000,0.030,0.539,0.431
402500,0.030,0.621,0.349
403000,0.030,0.656,0.314
403500,0.030,0.515,0.455
404000,0.030,0.499,0.471
404500,0.030,0.549,0.421
405000,0.030,0.545,0.425
405500,0.030,0.660,0.310
406000,0.030,0.499,0.471
406500,0.030,0.488,0.482
407000,0.030,0.518,0.452
407500,0.030,0.567,0.403
408000,0.030,0.632,0.338
408500,0.030,0.536,0.434
409000,0.030,0.528,0.442
409500,0.030,0.559,0.411
410000,0.030,0.736,0.234
410500,0.030,0.658,0.312
411000,0.030,0.457,0.513
411500,0.030,0.536,0.434
412000,0.030,0.622,0.348
412500,0.030,0.701,0.269
413000,0.030,0.522,0.448
413500,0.030,0.456,0.514
414000,0.030,0.539,0.431
414500,0.030,0.703,0.267
415000,0.030,0.599,0.371
415500,0.030,0.432,0.538
416000,0.030,0.544,0.426
416500,0.030,0.419,0.551
417000,0.030,0.602,0.368
417500,0.030,0.572,0.398
418000,0.030,0.670,0.300
418500,0.030,0.735,0.235
419000,0.030,0.571,0.399
419500,0.030,0.398,0.572
420000,0.030,0.556,0.414
420500,0.030,0.530,0.440
421000,0.030,0.516,0.454
421500,0.030,0.436,0.534
422000,0.030,0.621,0.349
422500,0.030,0.597,0.373
423000,0.030,0.653,0.317
423500,0.030,0.501,0.469
424000,0.030,0.519,0.451
424500,0.030,0.476,0.494
425000,0.030,0.524,0.446
425500,0.030,0.497,0.473
426000,0.030,0.489,0.481
426500,0.030,0.594,0.376
427000,0.030,0.548,0.422
427500,0.030,0.531,0.439
428000,0.030,0.705,0.265
428500,0.030,0.537,0.433
429000,0.030,0.515,0.455
429500,0.030,0.523,0.447
430000,0.030,0.476,0.494
430500,0.030,0.501,0.469
431000,0.030,0.522,0.448
431500,0.030,0.512,0.458
432000,0.030,0.556,0.414
432500,0.030,0.539,0.431
433000,0.030,0.636,0.334
433500,0.030,0.575,0.395
434000,0.030,0.486,0.484
434500,0.030,0.457,0.513
435000,0.030,0.482,0.488
435500,0.030,0.610,0.360
436000,0.030,0.664,0.306
436500,0.030,0.689,0.281
437000,0.030,0.515,0.455
437500,0.030,0.526,0.444
438000,0.030,0.460,0.510
438500,0.030,0.429,0.541
439000,0.030,0.486,0.484
439500,0.030,0.489,0.481
440000,0.030,0.547,0.423
440500,0.030,0.425,0.545
441000,0.030,0.508,0.462
441500,0.030,0.515,0.455
442000,0.030,0.601,0.369
442500,0.030,0.446,0.524
443000,0.030,0.401,0.569
443500,0.030,0.464,0.506
444000,0.030,0.629,0.341
444500,0.030,0.580,0.390
445000,0.030,0.588,0.382
445500,0.030,0.538,0.432
446000,0.030,0.675,0.295
446500,0.030,0.619,0.351
447000,0.030,0.650,0.320
447500,0.030,0.574,0.396
448000,0.030,0.485,0.485
448500,0.030,0.458,0.512
449000,0.030,0.543,0.427
449500,0.030,0.617,0.353
450000,0.030,0.577,0.393
450500,0.030,0.567,0.403
451000,0.030,0.617,0.353
451500,0.030,0.713,0.257
452000,0.030,0.560,0.410
452500,0.030,0.554,0.416
453000,0.030,0.472,0.498
453500,0.030,0.440,0.530
454000,0.030,0.432,0.538
454500,0.030,0.618,0.352
455000,0.030,0.574,0.396
455500,0.030,0.533,0.437
456000,0.030,0.560,0.410
456500,0.030,0.603,0.367
457000,0.030,0.673,0.297
457500,0.030,0.401,0.569
458000,0.030,0.656,0.314
458500,0.030,0.437,0.533
459000,0.030,0.527,0.443
459500,0.030,0.620,0.350
460000,0.030,0.588,0.382
460500,0.030,0.539,0.431
461000,0.030,0.600,0.370
461500,0.030,0.507,0.463
462000,0.030,0.418,0.552
462500,0.030,0.614,0.356
463000,0.030,0.608,0.362
463500,0.030,0.451,0.519
464000,0.030,0.542,0.428
464500,0.030,0.536,0.434
465000,0.030,0.531,0.439
465500,0.030,0.532,0.438
466000,0.030,0.478,0.492
466500,0.030,0.509,0.461
467000,0.030,0.566,0.404
467500,0.030,0.575,0.395
468000,0.030,0.650,0.320
468500,0.030,0.585,0.385
469000,0.030,0.547,0.423
469500,0.030,0.444,0.526
470000,0.030,0.549,0.421
470500,0.030,0.501,0.469
471000,0.030,0.547,0.423
471500,0.030,0.526,0.444
472000,0.030,0.613,0.357
472500,0.030,0.571,0.399
473000,0.030,0.495,0.475
473500,0.030,0.481,0.489
474000,0.030,0.482,0.488
474500,0.030,0.555,0.415
475000,0.030,0.550,0.420
475500,0.030,0.628,0.342
476000,0.030,0.535,0.435
476500,0.030,0.468,0.502
477000,0.030,0.618,0.352
477500,0.030,0.728,0.242
478000,0.030,0.500,0.470
478500,0.030,0.619,0.351
479000,0.030,0.461,0.509
479500,0.030,0.413,0.557
480000,0.030,0.516,0.454
480500,0.030,0.569,0.401
481000,0.030,0.515,0.455
481500,0.030,0.546,0.424
482000,0.030,0.680,0.290
482500,0.030,0.532,0.438
483000,0.030,0.533,0.437
483500,0.030,0.590,0.380
484000,0.030,0.671,0.299
484500,0.030,0.510,0.460
485000,0.030,0.608,0.362
485500,0.030,0.586,0.384
486000,0.030,0.666,0.304
486500,0.030,0.490,0.480
487000,0.030,0.635,0.335
487500,0.030,0.456,0.514
488000,0.030,0.643,0.327
488500,0.030,0.421,0.549
489000,0.030,0.372,0.598
489500,0.030,0.495,0.475
490000,0.030,0.456,0.514
490500,0.030,0.539,0.431
491000,0.030,0.498,0.472
491500,0.030,0.475,0.495
492000,0.030,0.607,0.363
492500,0.030,0.543,0.427
493000,0.030,0.584,0.386
493500,0.030,0.455,0.515
494000,0.030,0.525,0.445
494500,0.030,0.478,0.492
495000,0.030,0.611,0.359
495500,0.030,0.510,0.460
496000,0.030,0.646,0.324
496500,0.030,0.378,0.592
497000,0.030,0.491,0.479
497500,0.030,0.401,0.569
498000,0.030,0.630,0.340
498500,0.030,0.508,0.462
499000,0.030,0.365,0.605
499500,0.030,0.505,0.465
500000,0.030,0.517,0.453
500500,0.030,0.573,0.397
501000,0.030,0.619,0.351
501500,0.030,0.635,0.335
502000,0.030,0.575,0.395
502500,0.030,0.455,0.515
503000,0.030,0.482,0.488
503500,0.030,0.439,0.531
504000,0.030,0.516,0.454
504500,0.030,0.521,0.449
505000,0.030,0.399,0.571
505500,0.030,0.507,0.463
506000,0.030,0.610,0.360
506500,0.030,0.530,0.440
507000,0.030,0.567,0.403
507500,0.030,0.537,0.433
508000,0.030,0.481,0.489
508500,0.030,0.595,0.375
509000,0.030,0.563,0.407
509500,0.030,0.549,0.421
510000,0.030,0.562,0.408
510500,0.030,0.434,0.536
511000,0.030,0.564,0.406
511500,0.030,0.497,0.473
512000,0.030,0.512,0.458
512500,0.030,0.419,0.551
513000,0.030,0.431,0.539
513500,0.030,0.699,0.271
514000,0.030,0.575,0.395
514500,0.030,0.583,0.387
515000,0.030,0.428,0.542
515500,0.030,0.609,0.361
516000,0.030,0.452,0.518
516500,0.030,0.517,0.453
517000,0.030,0.535,0.435
517500,0.030,0.432,0.538
518000,0.030,0.508,0.462
518500,0.030,0.663,0.307
519000,0.030,0.567,0.403
519500,0.030,0.576,0.394
520000,0.030,0.551,0.419
520500,0.030,0.424,0.546
521000,0.030,0.489,0.481
521500,0.030,0.587,0.383
522000,0.030,0.558,0.412
522500,0.030,0.521,0.449
523000,0.030,0.559,0.411
523500,0.030,0.526,0.444
524000,0.030,0.539,0.431
524500,0.030,0.485,0.485
525000,0.030,0.571,0.399
525500,0.030,0.482,0.488
526000,0.030,0.471,0.499
526500,0.030,0.390,0.580
527000,0.030,0.582,0.388
527500,0.030,0.625,0.345
528000,0.030,0.485,0.485
528500,0.030,0.571,0.399
529000,0.030,0.337,0.633
529500,0.030,0.640,0.330
530000,0.030,0.541,0.429
530500,0.030,0.507,0.463
531000,0.030,0.466,0.504
531500,0.030,0.519,0.451
532000,0.030,0.495,0.475
532500,0.030,0.472,0.498
533000,0.030,0.619,0.351
533500,0.030,0.654,0.316
534000,0.030,0.497,0.473
534500,0.030,0.563,0.407
535000,0.030,0.575,0.395
535500,0.030,0.587,0.383
536000,0.030,0.488,0.482
536500,0.030,0.564,0.406
537000,0.030,0.595,0.375
537500,0.030,0.498,0.472
538000,0.030,0.404,0.566
538500,0.030,0.501,0.469
539000,0.030,0.406,0.564
539500,0.030,0.485,0.485
540000,0.030,0.678,0.292
540500,0.030,0.503,0.467
541000,0.030,0.338,0.632
541500,0.030,0.527,0.443
542000,0.030,0.550,0.420
542500,0.030,0.432,0.538
543000,0.030,0.476,0.494
543500,0.030,0.633,0.337
544000,0.030,0.636,0.334
544500,0.030,0.653,0.317
545000,0.030,0.647,0.323
545500,0.030,0.617,0.353
546000,0.030,0.565,0.405
546500,0.030,0.589,0.381
547000,0.030,0.474,0.496
547500,0.030,0.533,0.437
548000,0.030,0.493,0.477
548500,0.030,0.557,0.413
549000,0.030,0.455,0.515
549500,0.030,0.493,0.477
550000,0.030,0.460,0.510
550500,0.030,0.594,0.376
551000,0.030,0.569,0.401
551500,0.030,0.651,0.319
552000,0.030,0.657,0.313
552500,0.030,0.490,0.480
553000,0.030,0.506,0.464
553500,0.030,0.491,0.479
554000,0.030,0.583,0.387
554500,0.030,0.619,0.351
555000,0.030,0.421,0.549
555500,0.030,0.572,0.398
556000,0.030,0.571,0.399
556500,0.030,0.639,0.331
557000,0.030,0.539,0.431
557500,0.030,0.560,0.410
558000,0.030,0.614,0.356
558500,0.030,0.392,0.578
559000,0.030,0.454,0.516
559500,0.030,0.570,0.400
560000,0.030,0.629,0.341
560500,0.030,0.382,0.588
561000,0.030,0.534,0.436
561500,0.030,0.529,0.441
562000,0.030,0.537,0.433
562500,0.030,0.577,0.393
563000,0.030,0.529,0.441
563500,0.030,0.561,0.409
564000,0.030,0.454,0.516
564500,0.030,0.591,0.379
565000,0.030,0.417,0.553
565500,0.030,0.667,0.303
566000,0.030,0.530,0.440
566500,0.030,0.507,0.463
567000,0.030,0.676,0.294
567500,0.030,0.534,0.436
568000,0.030,0.566,0.404
568500,0.030,0.521,0.449
569000,0.030,0.502,0.468
569500,0.030,0.624,0.346
570000,0.030,0.587,0.383
570500,0.030,0.602,0.368
571000,0.030,0.679,0.291
571500,0.030,0.548,0.422
572000,0.030,0.516,0.454
572500,0.030,0.470,0.500
573000,0.030,0.477,0.493
573500,0.030,0.483,0.487
574000,0.030,0.457,0.513
574500,0.030,0.661,0.309
575000,0.030,0.517,0.453
575500,0.030,0.611,0.359
576000,0.030,0.424,0.546
576500,0.030,0.542,0.428
577000,0.030,0.571,0.399
577500,0.030,0.510,0.460
578000,0.030,0.454,0.516
578500,0.030,0.490,0.480
579000,0.030,0.514,0.456
579500,0.030,0.569,0.401
580000,0.030,0.359,0.611
580500,0.030,0.585,0.385
581000,0.030,0.548,0.422
581500,0.030,0.446,0.524
582000,0.030,0.468,0.502
582500,0.030,0.484,0.486
583000,0.030,0.485,0.485
583500,0.030,0.540,0.430
584000,0.030,0.560,0.410
584500,0.030,0.391,0.579
585000,0.030,0.431,0.539
585500,0.030,0.524,0.446
586000,0.030,0.497,0.473
586500,0.030,0.572,0.398
587000,0.030,0.513,0.457
587500,0.030,0.577,0.393
588000,0.030,0.417,0.553
588500,0.030,0.611,0.359
589000,0.030,0.635,0.335
589500,0.030,0.558,0.412
590000,0.030,0.495,0.475
590500,0.030,0.529,0.441
591000,0.030,0.529,0.441
591500,0.030,0.589,0.381
592000,0.030,0.547,0.423
592500,0.030,0.519,0.451
593000,0.030,0.514,0.456
593500,0.030,0.582,0.388
594000,0.030,0.585,0.385
594500,0.030,0.432,0.538
595000,0.030,0.584,0.386
595500,0.030,0.563,0.407
596000,0.030,0.652,0.318
596500,0.030,0.547,0.423
597000,0.030,0.540,0.430
597500,0.030,0.601,0.369
598000,0.030,0.490,0.480
598500,0.030,0.481,0.489
599000,0.030,0.425,0.545
599500,0.030,0.531,0.439
600000,0.030,0.610,0.360
600500,0.030,0.462,0.508
601000,0.030,0.606,0.364
601500,0.030,0.635,0.335
602000,0.030,0.540,0.430
602500,0.030,0.549,0.421
603000,0.030,0.564,0.406
603500,0.030,0.369,0.601
604000,0.030,0.581,0.389
604500,0.030,0.535,0.435
605000,0.030,0.456,0.514
605500,0.030,0.422,0.548
606000,0.030,0.454,0.516
606500,0.030,0.662,0.308
607000,0.030,0.568,0.402
607500,0.030,0.573,0.397
608000,0.030,0.602,0.368
608500,0.030,0.617,0.353
609000,0.030,0.543,0.427
609500,0.030,0.508,0.462
610000,0.030,0.541,0.429
610500,0.030,0.566,0.404
611000,0.030,0.520,0.450
611500,0.030,0.689,0.281
612000,0.030,0.693,0.277
612500,0.030,0.508,0.462
613000,0.030,0.446,0.524
613500,0.030,0.566,0.404
614000,0.030,0.549,0.421
614500,0.030,0.593,0.377
615000,0.030,0.622,0.348
615500,0.030,0.666,0.304
616000,0.030,0.407,0.563
616500,0.030,0.595,0.375
617000,0.030,0.535,0.435
617500,0.030,0.510,0.460
618000,0.030,0.510,0.460
618500,0.030,0.598,0.372
619000,0.030,0.608,0.362
619500,0.030,0.456,0.514
620000,0.030,0.416,0.554
620500,0.030,0.364,0.606
621000,0.030,0.521,0.449
621500,0.030,0.480,0.490
622000,0.030,0.474,0.496
622500,0.030,0.667,0.303
623000,0.030,0.671,0.299
623500,0.030,0.455,0.515
624000,0.030,0.512,0.458
624500,0.030,0.497,0.473
625000,0.030,0.497,0.473
625500,0.030,0.487,0.483
626000,0.030,0.585,0.385
626500,0.030,0.536,0.434
627000,0.030,0.588,0.382
627500,0.030,0.656,0.314
628000,0.030,0.547,0.423
628500,0.030,0.543,0.427
629000,0.030,0.545,0.425
629500,0.030,0.542,0.428
630000,0.030,0.663,0.307
630500,0.030,0.407,0.563
631000,0.030,0.464,0.506
631500,0.030,0.464,0.506
632000,0.030,0.526,0.444
632500,0.030,0.454,0.516
633000,0.030,0.373,0.597
633500,0.030,0.397,0.573
634000,0.030,0.427,0.543
634500,0.030,0.468,0.502
635000,0.030,0.589,0.381
635500,0.030,0.566,0.404
636000,0.030,0.507,0.463
636500,0.030,0.476,0.494
637000,0.030,0.396,0.574
637500,0.030,0.568,0.402
638000,0.030,0.498,0.472
638500,0.030,0.465,0.505
639000,0.030,0.595,0.375
639500,0.030,0.590,0.380
640000,0.030,0.547,0.423
640500,0.030,0.662,0.308
641000,0.030,0.715,0.255
641500,0.030,0.726,0.244
642000,0.030,0.569,0.401
642500,0.030,0.621,0.349
643000,0.030,0.609,0.361
643500,0.030,0.628,0.342
644000,0.030,0.588,0.382
644500,0.030,0.549,0.421
645000,0.030,0.589,0.381
645500,0.030,0.473,0.497
646000,0.030,0.619,0.351
646500,0.030,0.644,0.326
647000,0.030,0.675,0.295
647500,0.030,0.656,0.314
648000,0.030,0.671,0.299
648500,0.030,0.650,0.320
649000,0.041,0.330,0.629
649500,0.030,0.415,0.555
650000,0.030,0.669,0.301
650500,0.030,0.542,0.428
651000,0.030,0.535,0.435
651500,0.030,0.528,0.442
652000,0.030,0.522,0.448
652500,0.030,0.391,0.579
653000,0.030,0.576,0.394
653500,0.030,0.514,0.456
654000,0.030,0.473,0.497
654500,0.030,0.433,0.537
655000,0.030,0.613,0.357
655500,0.030,0.611,0.359
656000,0.030,0.571,0.399
656500,0.030,0.586,0.384
657000,0.030,0.739,0.231
657500,0.030,0.488,0.482
658000,0.030,0.531,0.439
658500,0.030,0.574,0.396
659000,0.030,0.552,0.418
659500,0.030,0.558,0.412
660000,0.030,0.583,0.387
660500,0.030,0.471,0.499
661000,0.030,0.476,0.494
661500,0.030,0.514,0.456
662000,0.030,0.475,0.495
662500,0.030,0.560,0.410
663000,0.030,0.578,0.392
663500,0.030,0.478,0.492
664000,0.030,0.372,0.598
664500,0.030,0.418,0.552
665000,0.030,0.465,0.505
665500,0.030,0.479,0.491
666000,0.030,0.511,0.459
666500,0.030,0.514,0.456
667000,0.030,0.524,0.446
667500,0.030,0.455,0.515
668000,0.030,0.537,0.433
668500,0.030,0.486,0.484
669000,0.030,0.423,0.547
669500,0.030,0.558,0.412
670000,0.030,0.415,0.555
670500,0.030,0.519,0.451
671000,0.030,0.596,0.374
671500,0.030,0.515,0.455
672000,0.030,0.466,0.504
672500,0.030,0.452,0.518
673000,0.030,0.453,0.517
673500,0.030,0.445,0.525
674000,0.030,0.540,0.430
674500,0.030,0.389,0.581
675000,0.030,0.546,0.424
675500,0.030,0.654,0.316
676000,0.030,0.623,0.347
676500,0.030,0.499,0.471
677000,0.030,0.477,0.493
677500,0.030,0.664,0.306
678000,0.030,0.508,0.462
678500,0.030,0.561,0.409
679000,0.030,0.472,0.498
679500,0.030,0.565,0.405
680000,0.030,0.609,0.361
680500,0.030,0.469,0.501
681000,0.030,0.418,0.552
681500,0.030,0.543,0.427
682000,0.030,0.548,0.422
682500,0.030,0.631,0.339
683000,0.030,0.621,0.349
683500,0.030,0.462,0.508
684000,0.030,0.618,0.352
684500,0.030,0.551,0.419
685000,0.030,0.635,0.335
685500,0.030,0.529,0.441
686000,0.030,0.576,0.394
686500,0.030,0.540,0.430
687000,0.030,0.446,0.524
687500,0.030,0.649,0.321
688000,0.030,0.562,0.408
688500,0.030,0.456,0.514
689000,0.030,0.523,0.447
689500,0.030,0.532,0.438
690000,0.030,0.465,0.505
690500,0.030,0.565,0.405
691000,0.030,0.485,0.485
691500,0.030,0.605,0.365
692000,0.030,0.605,0.365
692500,0.030,0.554,0.416
693000,0.030,0.575,0.395
693500,0.030,0.518,0.452
694000,0.030,0.429,0.541
694500,0.030,0.491,0.479
695000,0.030,0.521,0.449
695500,0.030,0.477,0.493
696000,0.030,0.394,0.576
696500,0.030,0.449,0.521
697000,0.030,0.504,0.466
697500,0.030,0.439,0.531
698000,0.030,0.642,0.328
698500,0.030,0.706,0.264
699000,0.030,0.619,0.351
699500,0.030,0.615,0.355
700000,0.030,0.638,0.332
700500,0.030,0.460,0.510
701000,0.030,0.468,0.502
701500,0.030,0.568,0.402
702000,0.030,0.486,0.484
702500,0.030,0.509,0.461
703000,0.030,0.534,0.436
703500,0.030,0.425,0.545
704000,0.030,0.535,0.435
704500,0.030,0.514,0.456
705000,0.030,0.526,0.444
705500,0.030,0.642,0.328
706000,0.030,0.658,0.312
706500,0.030,0.602,0.368
707000,0.030,0.527,0.443
707500,0.030,0.677,0.293
708000,0.030,0.493,0.477
708500,0.030,0.620,0.350
709000,0.030,0.549,0.421
709500,0.030,0.555,0.415
710000,0.030,0.421,0.549
710500,0.030,0.506,0.464
711000,0.030,0.624,0.346
711500,0.030,0.547,0.423
712000,0.030,0.481,0.489
712500,0.030,0.519,0.451
713000,0.030,0.529,0.441
713500,0.030,0.486,0.484
714000,0.030,0.502,0.468
714500,0.030,0.546,0.424
715000,0.030,0.575,0.395
715500,0.030,0.594,0.376
716000,0.030,0.478,0.492
716500,0.030,0.588,0.382
717000,0.030,0.495,0.475
717500,0.030,0.395,0.575
718000,0.030,0.618,0.352
718500,0.030,0.607,0.363
719000,0.030,0.513,0.457
719500,0.030,0.588,0.382
720000,0.030,0.634,0.336
720500,0.030,0.558,0.412
721000,0.030,0.651,0.319
721500,0.030,0.473,0.497
722000,0.030,0.551,0.419
722500,0.030,0.435,0.535
723000,0.030,0.569,0.401
723500,0.030,0.677,0.293
724000,0.030,0.614,0.356
724500,0.030,0.639,0.331
725000,0.030,0.476,0.494
725500,0.030,0.563,0.407
726000,0.030,0.530,0.440
726500,0.030,0.581,0.389
727000,0.030,0.477,0.493
727500,0.030,0.609,0.361
728000,0.030,0.542,0.428
728500,0.030,0.558,0.412
729000,0.030,0.573,0.397
729500,0.030,0.492,0.478
730000,0.030,0.519,0.451
730500,0.030,0.566,0.404
731000,0.030,0.642,0.328
731500,0.030,0.520,0.450
732000,0.030,0.609,0.361
732500,0.030,0.566,0.404
733000,0.030,0.564,0.406
733500,0.030,0.516,0.454
734000,0.030,0.519,0.451
734500,0.030,0.492,0.478
735000,0.030,0.412,0.558
735500,0.030,0.662,0.308
736000,0.030,0.504,0.466
736500,0.030,0.553,0.417
737000,0.030,0.537,0.433
737500,0.030,0.547,0.423
738000,0.030,0.502,0.468
738500,0.030,0.563,0.407
739000,0.030,0.467,0.503
739500,0.030,0.458,0.512
740000,0.030,0.458,0.512
740500,0.030,0.647,0.323
741000,0.030,0.492,0.478
741500,0.030,0.633,0.337
742000,0.030,0.660,0.310
742500,0.030,0.609,0.361
743000,0.030,0.535,0.435
743500,0.030,0.569,0.401
744000,0.030,0.614,0.356
744500,0.030,0.423,0.547
745000,0.030,0.442,0.528
745500,0.030,0.564,0.406
746000,0.030,0.522,0.448
746500,0.030,0.595,0.375
747000,0.030,0.473,0.497
747500,0.030,0.601,0.369
748000,0.030,0.555,0.415
748500,0.030,0.482,0.488
749000,0.030,0.647,0.323
749500,0.030,0.530,0.440
750000,0.030,0.549,0.421
750500,0.030,0.599,0.371
751000,0.030,0.657,0.313
751500,0.030,0.593,0.377
752000,0.030,0.654,0.316
752500,0.030,0.566,0.404
753000,0.030,0.536,0.434
753500,0.030,0.624,0.346
754000,0.030,0.478,0.492
754500,0.030,0.439,0.531
755000,0.030,0.418,0.552
755500,0.030,0.451,0.519
756000,0.030,0.564,0.406
756500,0.030,0.617,0.353
757000,0.030,0.643,0.327
757500,0.030,0.653,0.317
758000,0.030,0.685,0.285
758500,0.030,0.664,0.306
759000,0.030,0.485,0.485
759500,0.030,0.565,0.405
760000,0.030,0.503,0.467
760500,0.030,0.608,0.362
761000,0.030,0.564,0.406
761500,0.030,0.518,0.452
762000,0.030,0.571,0.399
762500,0.030,0.551,0.419
763000,0.030,0.530,0.440
763500,0.030,0.553,0.417
764000,0.030,0.508,0.462
764500,0.030,0.541,0.429
765000,0.030,0.463,0.507
765500,0.030,0.562,0.408
766000,0.030,0.590,0.380
766500,0.030,0.671,0.299
767000,0.030,0.445,0.525
767500,0.030,0.509,0.461
768000,0.030,0.435,0.535
768500,0.030,0.496,0.474
769000,0.030,0.551,0.419
769500,0.030,0.465,0.505
770000,0.030,0.479,0.491
770500,0.030,0.623,0.347
771000,0.030,0.632,0.338
771500,0.030,0.604,0.366
772000,0.030,0.456,0.514
772500,0.030,0.489,0.481
773000,0.030,0.558,0.412
773500,0.030,0.481,0.489
774000,0.030,0.522,0.448
774500,0.030,0.538,0.432
775000,0.030,0.543,0.427
775500,0.030,0.530,0.440
776000,0.030,0.451,0.519
776500,0.030,0.631,0.339
777000,0.030,0.483,0.487
777500,0.030,0.489,0.481
778000,0.030,0.485,0.485
778500,0.030,0.424,0.546
779000,0.030,0.336,0.634
779500,0.030,0.431,0.539
780000,0.030,0.654,0.316
780500,0.030,0.506,0.464
781000,0.030,0.382,0.588
781500,0.030,0.421,0.549
782000,0.030,0.584,0.386
782500,0.030,0.651,0.319
783000,0.030,0.577,0.393
783500,0.030,0.522,0.448
784000,0.030,0.580,0.390
784500,0.030,0.513,0.457
785000,0.030,0.542,0.428
785500,0.030,0.460,0.510
786000,0.030,0.462,0.508
786500,0.030,0.427,0.543
787000,0.030,0.652,0.318
787500,0.030,0.577,0.393
788000,0.030,0.540,0.430
788500,0.030,0.409,0.561
789000,0.030,0.535,0.435
789500,0.030,0.555,0.415
790000,0.030,0.506,0.464
790500,0.030,0.537,0.433
791000,0.030,0.545,0.425
791500,0.030,0.547,0.423
792000,0.030,0.537,0.433
792500,0.030,0.494,0.476
793000,0.030,0.481,0.489
793500,0.030,0.441,0.529
794000,0.030,0.525,0.445
794500,0.030,0.516,0.454
795000,0.030,0.471,0.499
795500,0.030,0.561,0.409
796000,0.030,0.585,0.385
796500,0.030,0.488,0.482
797000,0.030,0.459,0.511
797500,0.030,0.568,0.402
798000,0.030,0.519,0.451
798500,0.030,0.574,0.396
799000,0.030,0.531,0.439
799500,0.030,0.516,0.454
800000,0.030,0.552,0.418
800500,0.030,0.522,0.448
801000,0.030,0.523,0.447
801500,0.030,0.724,0.246
802000,0.030,0.673,0.297
802500,0.030,0.575,0.395
803000,0.030,0.598,0.372
803500,0.030,0.621,0.349
804000,0.030,0.571,0.399
804500,0.030,0.465,0.505
805000,0.030,0.500,0.470
805500,0.030,0.465,0.505
806000,0.030,0.503,0.467
806500,0.030,0.683,0.287
807000,0.030,0.459,0.511
807500,0.030,0.477,0.493
808000,0.030,0.499,0.471
808500,0.030,0.573,0.397
809000,0.030,0.499,0.471
809500,0.030,0.544,0.426
810000,0.030,0.414,0.556
810500,0.030,0.533,0.437
811000,0.030,0.439,0.531
811500,0.030,0.451,0.519
812000,0.030,0.605,0.365
812500,0.030,0.446,0.524
813000,0.030,0.464,0.506
813500,0.030,0.497,0.473
814000,0.030,0.457,0.513
814500,0.030,0.396,0.574
815000,0.030,0.476,0.494
815500,0.030,0.510,0.460
816000,0.030,0.610,0.360
816500,0.030,0.704,0.266
817000,0.030,0.610,0.360
817500,0.030,0.608,0.362
818000,0.030,0.520,0.450
818500,0.030,0.566,0.404
819000,0.030,0.442,0.528
819500,0.030,0.511,0.459
820000,0.030,0.576,0.394
820500,0.030,0.662,0.308
821000,0.030,0.581,0.389
821500,0.030,0.573,0.397
822000,0.030,0.569,0.401
822500,0.030,0.563,0.407
823000,0.030,0.636,0.334
823500,0.030,0.528,0.442
824000,0.030,0.491,0.479
824500,0.030,0.431,0.539
825000,0.030,0.571,0.399
825500,0.030,0.670,0.300
826000,0.030,0.507,0.463
826500,0.030,0.441,0.529
827000,0.030,0.580,0.390
827500,0.030,0.535,0.435
828000,0.030,0.518,0.452
828500,0.030,0.582,0.388
829000,0.030,0.575,0.395
829500,0.030,0.594,0.376
830000,0.030,0.623,0.347
830500,0.030,0.659,0.311
831000,0.030,0.578,0.392
831500,0.030,0.565,0.405
832000,0.030,0.552,0.418
832500,0.030,0.583,0.387
833000,0.030,0.512,0.458
833500,0.030,0.582,0.388
834000,0.030,0.543,0.427
834500,0.030,0.578,0.392
835000,0.030,0.538,0.432
835500,0.030,0.592,0.378
836000,0.030,0.600,0.370
836500,0.030,0.582,0.388
837000,0.030,0.480,0.490
837500,0.030,0.581,0.389
838000,0.030,0.468,0.502
838500,0.030,0.535,0.435
839000,0.030,0.589,0.381
839500,0.030,0.581,0.389
840000,0.030,0.720,0.250
840500,0.030,0.543,0.427
841000,0.030,0.431,0.539
841500,0.030,0.380,0.590
842000,0.030,0.480,0.490
842500,0.030,0.465,0.505
843000,0.030,0.528,0.442
843500,0.030,0.515,0.455
844000,0.030,0.551,0.419
844500,0.030,0.405,0.565
845000,0.030,0.420,0.550
845500,0.030,0.421,0.549
846000,0.030,0.590,0.380
846500,0.030,0.629,0.341
847000,0.030,0.504,0.466
847500,0.030,0.433,0.537
848000,0.030,0.554,0.416
848500,0.030,0.561,0.409
849000,0.030,0.533,0.437
849500,0.030,0.486,0.484
850000,0.030,0.577,0.393
850500,0.030,0.589,0.381
851000,0.030,0.382,0.588
851500,0.030,0.408,0.562
852000,0.030,0.383,0.587
852500,0.030,0.599,0.371
853000,0.030,0.530,0.440
853500,0.030,0.566,0.404
854000,0.030,0.606,0.364
854500,0.030,0.583,0.387
855000,0.030,0.581,0.389
855500,0.030,0.469,0.501
856000,0.030,0.415,0.555
856500,0.030,0.506,0.464
857000,0.030,0.550,0.420
857500,0.030,0.580,0.390
858000,0.030,0.666,0.304
858500,0.030,0.540,0.430
859000,0.030,0.599,0.371
859500,0.030,0.483,0.487
860000,0.030,0.439,0.531
860500,0.030,0.458,0.512
861000,0.030,0.437,0.533
861500,0.030,0.488,0.482
862000,0.030,0.540,0.430
862500,0.030,0.606,0.364
863000,0.030,0.478,0.492
863500,0.030,0.408,0.562
864000,0.030,0.471,0.499
864500,0.030,0.497,0.473
865000,0.030,0.557,0.413
865500,0.030,0.599,0.371
866000,0.030,0.484,0.486
866500,0.030,0.539,0.431
867000,0.030,0.469,0.501
867500,0.030,0.490,0.480
868000,0.030,0.659,0.311
868500,0.030,0.720,0.250
869000,0.030,0.662,0.308
869500,0.030,0.525,0.445
870000,0.030,0.671,0.299
870500,0.030,0.769,0.201
871000,0.030,0.574,0.396
871500,0.030,0.705,0.265
872000,0.030,0.587,0.383
872500,0.030,0.511,0.459
873000,0.030,0.546,0.424
873500,0.030,0.632,0.338
874000,0.030,0.595,0.375
874500,0.030,0.502,0.468
875000,0.030,0.631,0.339
875500,0.030,0.626,0.344
876000,0.030,0.642,0.328
876500,0.030,0.550,0.420
877000,0.030,0.740,0.230
877500,0.030,0.468,0.502
878000,0.030,0.515,0.455
878500,0.030,0.528,0.442
879000,0.030,0.683,0.287
879500,0.030,0.530,0.440
880000,0.030,0.545,0.425
880500,0.030,0.644,0.326
881000,0.030,0.483,0.487
881500,0.030,0.586,0.384
882000,0.030,0.558,0.412
882500,0.030,0.484,0.486
883000,0.030,0.623,0.347
883500,0.030,0.575,0.395
884000,0.030,0.484,0.486
884500,0.030,0.456,0.514
885000,0.030,0.562,0.408
885500,0.030,0.536,0.434
886000,0.030,0.589,0.381
886500,0.030,0.649,0.321
887000,0.030,0.644,0.326
887500,0.030,0.482,0.488
888000,0.030,0.460,0.510
888500,0.030,0.601,0.369
889000,0.030,0.492,0.478
889500,0.030,0.543,0.427
890000,0.030,0.454,0.516
890500,0.030,0.438,0.532
891000,0.030,0.549,0.421
891500,0.030,0.519,0.451
892000,0.030,0.523,0.447
892500,0.030,0.503,0.467
893000,0.030,0.627,0.343
893500,0.030,0.523,0.447
894000,0.030,0.481,0.489
894500,0.030,0.573,0.397
895000,0.030,0.525,0.445
895500,0.030,0.515,0.455
896000,0.030,0.385,0.585
896500,0.030,0.452,0.518
897000,0.030,0.492,0.478
897500,0.030,0.511,0.459
898000,0.030,0.626,0.344
898500,0.030,0.487,0.483
899000,0.030,0.542,0.428
899500,0.030,0.497,0.473
900000,0.030,0.282,0.688
900500,0.030,0.631,0.339
901000,0.030,0.481,0.489
901500,0.030,0.550,0.420
902000,0.030,0.433,0.537
902500,0.030,0.621,0.349
903000,0.030,0.563,0.407
903500,0.030,0.624,0.346
904000,0.030,0.475,0.495
904500,0.030,0.347,0.623
905000,0.030,0.464,0.506
905500,0.030,0.429,0.541
906000,0.030,0.635,0.335
906500,0.030,0.583,0.387
907000,0.030,0.506,0.464
907500,0.030,0.632,0.338
908000,0.030,0.613,0.357
908500,0.030,0.608,0.362
909000,0.030,0.725,0.245
909500,0.030,0.752,0.218
910000,0.030,0.418,0.552
910500,0.030,0.489,0.481
911000,0.030,0.517,0.453
911500,0.030,0.596,0.374
912000,0.030,0.561,0.409
912500,0.030,0.634,0.336
913000,0.030,0.616,0.354
913500,0.030,0.439,0.531
914000,0.030,0.762,0.208
914500,0.030,0.702,0.268
915000,0.030,0.654,0.316
915500,0.030,0.683,0.287
916000,0.030,0.571,0.399
916500,0.030,0.434,0.536
917000,0.030,0.468,0.502
917500,0.030,0.542,0.428
918000,0.030,0.538,0.432
918500,0.030,0.613,0.357
919000,0.030,0.654,0.316
919500,0.030,0.604,0.366
920000,0.030,0.689,0.281
920500,0.030,0.579,0.391
921000,0.030,0.505,0.465
921500,0.030,0.393,0.577
922000,0.030,0.654,0.316
922500,0.030,0.601,0.369
923000,0.030,0.380,0.590
923500,0.030,0.572,0.398
924000,0.030,0.516,0.454
924500,0.030,0.488,0.482
925000,0.030,0.535,0.435
925500,0.030,0.635,0.335
926000,0.030,0.541,0.429
926500,0.030,0.484,0.486
927000,0.030,0.468,0.502
927500,0.030,0.393,0.577
928000,0.030,0.529,0.441
928500,0.030,0.598,0.372
929000,0.030,0.571,0.399
929500,0.030,0.559,0.411
930000,0.030,0.535,0.435
930500,0.030,0.406,0.564
931000,0.030,0.597,0.373
931500,0.030,0.576,0.394
932000,0.030,0.578,0.392
932500,0.030,0.467,0.503
933000,0.030,0.457,0.513
933500,0.030,0.570,0.400
934000,0.030,0.563,0.407
934500,0.030,0.531,0.439
935000,0.030,0.481,0.489
935500,0.030,0.518,0.452
936000,0.030,0.625,0.345
936500,0.030,0.504,0.466
937000,0.030,0.462,0.508
937500,0.030,0.453,0.517
938000,0.030,0.310,0.660
938500,0.030,0.551,0.419
939000,0.030,0.611,0.359
939500,0.030,0.739,0.231
940000,0.030,0.585,0.385
940500,0.030,0.614,0.356
941000,0.030,0.429,0.541
941500,0.030,0.593,0.377
942000,0.030,0.591,0.379
942500,0.030,0.649,0.321
943000,0.030,0.446,0.524
943500,0.030,0.473,0.497
944000,0.030,0.390,0.580
944500,0.030,0.454,0.516
945000,0.030,0.588,0.382
945500,0.030,0.522,0.448
946000,0.030,0.530,0.440
946500,0.030,0.619,0.351
947000,0.030,0.587,0.383
947500,0.030,0.601,0.369
948000,0.030,0.458,0.512
948500,0.030,0.610,0.360
949000,0.030,0.520,0.450
949500,0.030,0.520,0.450
950000,0.030,0.539,0.431
950500,0.030,0.447,0.523
951000,0.030,0.589,0.381
951500,0.030,0.587,0.383
952000,0.030,0.451,0.519
952500,0.030,0.578,0.392
953000,0.030,0.585,0.385
953500,0.030,0.595,0.375
954000,0.030,0.421,0.549
954500,0.030,0.432,0.538
955000,0.030,0.438,0.532
955500,0.030,0.510,0.460
956000,0.030,0.647,0.323
956500,0.030,0.704,0.266
957000,0.030,0.598,0.372
957500,0.030,0.548,0.422
958000,0.030,0.554,0.416
958500,0.030,0.579,0.391
959000,0.030,0.592,0.378
959500,0.030,0.435,0.535
960000,0.030,0.562,0.408
960500,0.030,0.653,0.317
961000,0.030,0.539,0.431
961500,0.030,0.573,0.397
962000,0.030,0.513,0.457
962500,0.030,0.446,0.524
963000,0.030,0.486,0.484
963500,0.030,0.469,0.501
964000,0.030,0.462,0.508
964500,0.030,0.480,0.490
965000,0.030,0.475,0.495
965500,0.030,0.602,0.368
966000,0.030,0.647,0.323
966500,0.030,0.532,0.438
967000,0.030,0.636,0.334
967500,0.030,0.488,0.482
968000,0.030,0.685,0.285
968500,0.030,0.571,0.399
969000,0.030,0.542,0.428
969500,0.030,0.545,0.425
970000,0.030,0.475,0.495
970500,0.030,0.538,0.432
971000,0.030,0.521,0.449
971500,0.030,0.468,0.502
972000,0.030,0.576,0.394
972500,0.030,0.533,0.437
973000,0.030,0.452,0.518
973500,0.030,0.492,0.478
974000,0.030,0.616,0.354
974500,0.030,0.549,0.421
975000,0.030,0.573,0.397
975500,0.030,0.494,0.476
976000,0.030,0.506,0.464
976500,0.030,0.520,0.450
977000,0.030,0.426,0.544
977500,0.030,0.455,0.515
978000,0.030,0.427,0.543
978500,0.030,0.578,0.392
979000,0.030,0.556,0.414
979500,0.030,0.489,0.481
980000,0.030,0.478,0.492
980500,0.030,0.474,0.496
981000,0.030,0.594,0.376
981500,0.030,0.454,0.516
982000,0.030,0.540,0.430
982500,0.030,0.541,0.429
983000,0.030,0.555,0.415
983500,0.030,0.586,0.384
984000,0.030,0.637,0.333
984500,0.030,0.442,0.528
985000,0.030,0.618,0.352
985500,0.030,0.667,0.303
986000,0.030,0.607,0.363
986500,0.030,0.623,0.347
987000,0.030,0.536,0.434
987500,0.030,0.470,0.500
988000,0.030,0.392,0.578
988500,0.030,0.491,0.479
989000,0.030,0.475,0.495
989500,0.030,0.433,0.537
990000,0.030,0.542,0.428
990500,0.030,0.523,0.447
991000,0.030,0.587,0.383
991500,0.030,0.450,0.520
992000,0.030,0.507,0.463
992500,0.030,0.595,0.375
993000,0.030,0.521,0.449
993500,0.030,0.554,0.416
994000,0.030,0.597,0.373
994500,0.030,0.551,0.419
995000,0.030,0.503,0.467
995500,0.030,0.583,0.387
996000,0.030,0.532,0.438
996500,0.030,0.495,0.475
997000,0.030,0.609,0.361
997500,0.030,0.555,0.415
998000,0.030,0.531,0.439
998500,0.030,0.473,0.497
999000,0.030,0.449,0.521
999500,0.030,0.537,0.433
1000000,0.030,0.662,0.308
