time,n_A+p,n_B,n_AB
0,0.449,0.551,0.000
500,0.356,0.466,0.178
1000,0.320,0.456,0.225
1500,0.296,0.469,0.235
2000,0.291,0.450,0.258
2500,0.302,0.448,0.249
3000,0.291,0.413,0.296
3500,0.295,0.416,0.289
4000,0.280,0.416,0.304
4500,0.298,0.418,0.284
5000,0.279,0.420,0.301
5500,0.252,0.418,0.330
6000,0.261,0.415,0.324
6500,0.250,0.417,0.333
7000,0.252,0.418,0.330
7500,0.260,0.392,0.347
8000,0.246,0.433,0.321
8500,0.254,0.428,0.318
9000,0.243,0.454,0.303
9500,0.241,0.428,0.331
10000,0.229,0.478,0.293
10500,0.227,0.481,0.292
11000,0.239,0.430,0.331
11500,0.252,0.430,0.318
12000,0.245,0.437,0.318
12500,0.254,0.407,0.339
13000,0.254,0.411,0.335
13500,0.259,0.427,0.314
14000,0.242,0.407,0.351
14500,0.242,0.413,0.345
15000,0.228,0.428,0.344
15500,0.220,0.410,0.371
16000,0.227,0.424,0.349
16500,0.232,0.402,0.366
17000,0.248,0.396,0.355
17500,0.270,0.396,0.334
18000,0.258,0.413,0.329
18500,0.257,0.408,0.335
19000,0.237,0.435,0.328
19500,0.211,0.455,0.334
20000,0.196,0.462,0.342
20500,0.199,0.465,0.336
21000,0.184,0.453,0.364
21500,0.181,0.461,0.359
22000,0.191,0.448,0.361
22500,0.197,0.444,0.359
23000,0.183,0.455,0.363
23500,0.179,0.455,0.367
24000,0.177,0.469,0.354
24500,0.172,0.480,0.348
25000,0.175,0.462,0.364
25500,0.170,0.460,0.371
26000,0.168,0.466,0.367
26500,0.168,0.467,0.366
27000,0.141,0.483,0.376
27500,0.145,0.499,0.355
28000,0.143,0.511,0.346
28500,0.157,0.501,0.342
29000,0.166,0.517,0.317
29500,0.152,0.519,0.329
30000,0.163,0.515,0.322
30500,0.171,0.503,0.327
31000,0.174,0.475,0.351
31500,0.180,0.465,0.355
32000,0.183,0.510,0.307
32500,0.182,0.478,0.340
33000,0.175,0.471,0.354
33500,0.184,0.462,0.354
34000,0.190,0.483,0.327
34500,0.211,0.484,0.304
35000,0.202,0.474,0.324
35500,0.210,0.470,0.320
36000,0.221,0.467,0.313
36500,0.211,0.480,0.308
37000,0.218,0.451,0.331
37500,0.221,0.470,0.309
38000,0.229,0.450,0.321
38500,0.232,0.435,0.333
39000,0.219,0.429,0.352
39500,0.197,0.430,0.373
40000,0.199,0.434,0.367
40500,0.185,0.442,0.373
41000,0.187,0.467,0.346
41500,0.195,0.472,0.333
42000,0.197,0.461,0.342
42500,0.181,0.450,0.369
43000,0.168,0.492,0.340
43500,0.175,0.485,0.340
44000,0.152,0.487,0.361
44500,0.154,0.525,0.321
45000,0.141,0.519,0.340
45500,0.136,0.495,0.369
46000,0.135,0.542,0.323
46500,0.134,0.553,0.314
47000,0.131,0.581,0.288
47500,0.122,0.562,0.317
48000,0.129,0.553,0.319
48500,0.117,0.565,0.318
49000,0.111,0.574,0.315
49500,0.104,0.591,0.304
50000,0.095,0.609,0.296
50500,0.097,0.636,0.267
51000,0.101,0.671,0.228
51500,0.101,0.686,0.212
52000,0.099,0.652,0.249
52500,0.100,0.666,0.234
53000,0.095,0.685,0.220
53500,0.088,0.694,0.219
54000,0.084,0.710,0.206
54500,0.089,0.705,0.206
55000,0.095,0.697,0.208
55500,0.083,0.718,0.199
56000,0.081,0.718,0.201
56500,0.083,0.737,0.180
57000,0.080,0.736,0.184
57500,0.080,0.745,0.176
58000,0.079,0.766,0.155
58500,0.082,0.779,0.139
59000,0.082,0.763,0.155
59500,0.077,0.779,0.144
60000,0.076,0.788,0.137
60500,0.075,0.780,0.145
61000,0.075,0.769,0.156
61500,0.075,0.769,0.156
62000,0.076,0.758,0.166
62500,0.076,0.775,0.149
63000,0.077,0.774,0.149
63500,0.078,0.768,0.154
64000,0.085,0.766,0.149
64500,0.085,0.748,0.168
65000,0.089,0.752,0.159
65500,0.090,0.756,0.154
66000,0.087,0.756,0.157
66500,0.092,0.760,0.148
67000,0.088,0.756,0.156
67500,0.082,0.766,0.152
68000,0.081,0.773,0.146
68500,0.073,0.778,0.149
69000,0.073,0.791,0.137
69500,0.077,0.785,0.138
70000,0.073,0.791,0.137
70500,0.073,0.801,0.127
71000,0.067,0.806,0.127
71500,0.064,0.806,0.130
72000,0.063,0.815,0.122
72500,0.062,0.815,0.123
73000,0.066,0.818,0.115
73500,0.065,0.812,0.123
74000,0.067,0.794,0.139
74500,0.066,0.791,0.143
75000,0.064,0.801,0.135
75500,0.060,0.809,0.131
76000,0.058,0.794,0.148
76500,0.060,0.794,0.146
77000,0.057,0.803,0.140
77500,0.058,0.812,0.130
78000,0.059,0.820,0.121
78500,0.057,0.815,0.128
79000,0.059,0.805,0.136
79500,0.073,0.805,0.123
80000,0.073,0.800,0.128
80500,0.075,0.804,0.122
81000,0.072,0.806,0.123
81500,0.069,0.820,0.110
82000,0.069,0.819,0.111
82500,0.070,0.822,0.107
83000,0.070,0.825,0.104
83500,0.072,0.814,0.114
84000,0.068,0.814,0.117
84500,0.069,0.812,0.118
85000,0.074,0.814,0.112
85500,0.072,0.819,0.109
86000,0.072,0.811,0.117
86500,0.069,0.814,0.116
87000,0.067,0.819,0.113
87500,0.066,0.820,0.113
88000,0.063,0.826,0.110
88500,0.059,0.825,0.115
89000,0.063,0.817,0.120
89500,0.062,0.823,0.114
90000,0.062,0.825,0.112
90500,0.057,0.824,0.118
91000,0.058,0.828,0.113
91500,0.056,0.820,0.124
92000,0.057,0.832,0.110
92500,0.057,0.823,0.120
93000,0.060,0.828,0.111
93500,0.062,0.831,0.106
94000,0.058,0.826,0.115
94500,0.058,0.819,0.123
95000,0.057,0.830,0.112
95500,0.054,0.824,0.122
96000,0.054,0.836,0.110
96500,0.053,0.840,0.107
97000,0.051,0.824,0.125
97500,0.051,0.823,0.126
98000,0.053,0.840,0.107
98500,0.048,0.832,0.120
99000,0.046,0.834,0.121
99500,0.047,0.831,0.122
100000,0.046,0.840,0.114
100500,0.047,0.856,0.097
101000,0.047,0.839,0.114
101500,0.051,0.846,0.103
102000,0.052,0.850,0.098
102500,0.049,0.853,0.098
103000,0.046,0.848,0.106
103500,0.045,0.848,0.107
104000,0.043,0.860,0.097
104500,0.043,0.872,0.085
105000,0.043,0.858,0.099
105500,0.044,0.852,0.104
106000,0.042,0.855,0.103
106500,0.045,0.864,0.091
107000,0.044,0.868,0.088
107500,0.044,0.867,0.089
108000,0.043,0.869,0.088
108500,0.044,0.861,0.095
109000,0.043,0.862,0.095
109500,0.045,0.861,0.094
110000,0.044,0.859,0.097
110500,0.042,0.861,0.097
111000,0.046,0.865,0.089
111500,0.046,0.862,0.092
112000,0.045,0.863,0.092
112500,0.046,0.849,0.105
113000,0.051,0.852,0.097
113500,0.045,0.843,0.112
114000,0.043,0.834,0.124
114500,0.045,0.835,0.121
115000,0.041,0.839,0.121
115500,0.040,0.832,0.128
116000,0.038,0.858,0.104
116500,0.038,0.864,0.098
117000,0.037,0.872,0.091
117500,0.037,0.873,0.090
118000,0.037,0.878,0.085
118500,0.039,0.871,0.090
119000,0.039,0.880,0.081
119500,0.038,0.878,0.084
120000,0.039,0.879,0.082
120500,0.036,0.879,0.085
121000,0.035,0.885,0.081
121500,0.035,0.886,0.080
122000,0.035,0.887,0.079
122500,0.035,0.886,0.080
123000,0.035,0.886,0.080
123500,0.034,0.886,0.081
124000,0.034,0.888,0.079
124500,0.034,0.887,0.080
125000,0.034,0.888,0.079
125500,0.034,0.888,0.079
126000,0.034,0.888,0.079
126500,0.034,0.889,0.078
127000,0.034,0.891,0.076
127500,0.037,0.886,0.078
128000,0.037,0.885,0.079
128500,0.038,0.883,0.080
129000,0.039,0.884,0.078
129500,0.039,0.884,0.078
130000,0.039,0.884,0.078
130500,0.039,0.884,0.078
131000,0.039,0.884,0.078
131500,0.037,0.883,0.081
132000,0.038,0.883,0.080
132500,0.036,0.885,0.080
133000,0.035,0.883,0.083
133500,0.036,0.885,0.080
134000,0.036,0.885,0.080
134500,0.035,0.886,0.080
135000,0.035,0.887,0.079
135500,0.036,0.887,0.078
136000,0.035,0.887,0.079
136500,0.034,0.885,0.082
137000,0.034,0.888,0.079
137500,0.033,0.887,0.081
138000,0.035,0.886,0.080
138500,0.034,0.888,0.079
139000,0.033,0.889,0.079
139500,0.032,0.872,0.096
140000,0.033,0.875,0.092
140500,0.032,0.875,0.093
141000,0.036,0.865,0.099
141500,0.035,0.863,0.102
142000,0.032,0.867,0.101
142500,0.032,0.886,0.083
143000,0.033,0.885,0.083
143500,0.035,0.872,0.093
144000,0.031,0.882,0.088
144500,0.030,0.891,0.080
145000,0.030,0.892,0.079
145500,0.030,0.899,0.072
146000,0.030,0.900,0.070
146500,0.030,0.903,0.067
147000,0.030,0.904,0.066
147500,0.030,0.904,0.066
148000,0.030,0.906,0.064
148500,0.030,0.906,0.064
149000,0.030,0.906,0.064
149500,0.030,0.906,0.064
150000,0.030,0.907,0.063
150500,0.030,0.907,0.063
151000,0.030,0.907,0.063
151500,0.030,0.908,0.062
152000,0.030,0.906,0.064
152500,0.029,0.909,0.062
153000,0.029,0.909,0.062
153500,0.029,0.910,0.061
154000,0.029,0.910,0.061
154500,0.029,0.912,0.059
155000,0.029,0.912,0.059
155500,0.029,0.912,0.059
156000,0.029,0.913,0.058
156500,0.029,0.911,0.060
157000,0.029,0.913,0.058
157500,0.029,0.914,0.057
158000,0.029,0.914,0.057
158500,0.029,0.913,0.058
159000,0.028,0.913,0.059
159500,0.028,0.913,0.059
160000,0.028,0.913,0.059
160500,0.028,0.912,0.060
161000,0.028,0.913,0.059
161500,0.028,0.912,0.060
162000,0.028,0.912,0.060
162500,0.027,0.914,0.059
163000,0.027,0.914,0.059
163500,0.027,0.917,0.056
164000,0.027,0.917,0.056
164500,0.027,0.917,0.056
165000,0.027,0.917,0.056
165500,0.027,0.917,0.056
166000,0.027,0.917,0.056
166500,0.026,0.918,0.056
167000,0.025,0.918,0.057
167500,0.025,0.918,0.057
168000,0.025,0.919,0.056
168500,0.025,0.917,0.058
169000,0.025,0.918,0.057
169500,0.025,0.918,0.057
170000,0.025,0.921,0.054
170500,0.025,0.922,0.053
171000,0.023,0.922,0.054
171500,0.022,0.922,0.055
172000,0.022,0.922,0.055
172500,0.021,0.921,0.057
173000,0.021,0.920,0.058
173500,0.021,0.918,0.060
174000,0.022,0.904,0.074
174500,0.022,0.901,0.077
175000,0.021,0.905,0.074
175500,0.025,0.908,0.067
176000,0.025,0.908,0.067
176500,0.023,0.900,0.077
177000,0.022,0.897,0.081
177500,0.021,0.899,0.080
178000,0.021,0.907,0.072
178500,0.021,0.910,0.068
179000,0.023,0.895,0.082
179500,0.025,0.893,0.083
180000,0.022,0.900,0.078
180500,0.022,0.902,0.076
181000,0.021,0.904,0.075
181500,0.023,0.903,0.074
182000,0.025,0.901,0.075
182500,0.025,0.877,0.098
183000,0.025,0.878,0.097
183500,0.025,0.888,0.088
184000,0.023,0.893,0.084
184500,0.022,0.902,0.076
185000,0.023,0.885,0.092
185500,0.023,0.890,0.087
186000,0.022,0.888,0.090
186500,0.022,0.893,0.085
187000,0.022,0.890,0.088
187500,0.022,0.876,0.101
188000,0.022,0.875,0.102
188500,0.020,0.878,0.101
189000,0.025,0.875,0.100
189500,0.025,0.879,0.096
190000,0.021,0.875,0.103
190500,0.025,0.868,0.107
191000,0.023,0.867,0.109
191500,0.020,0.870,0.109
192000,0.022,0.872,0.105
192500,0.027,0.847,0.127
193000,0.031,0.841,0.129
193500,0.037,0.828,0.135
194000,0.033,0.844,0.124
194500,0.022,0.851,0.127
195000,0.023,0.859,0.117
195500,0.023,0.868,0.108
196000,0.023,0.870,0.106
196500,0.020,0.879,0.100
197000,0.026,0.844,0.131
197500,0.022,0.852,0.126
198000,0.022,0.849,0.129
198500,0.020,0.870,0.109
199000,0.019,0.871,0.109
199500,0.018,0.884,0.098
200000,0.018,0.888,0.094
200500,0.018,0.892,0.090
201000,0.018,0.897,0.085
201500,0.018,0.903,0.079
202000,0.018,0.904,0.078
202500,0.018,0.909,0.073
203000,0.018,0.901,0.081
203500,0.018,0.899,0.083
204000,0.018,0.905,0.077
204500,0.020,0.911,0.068
205000,0.020,0.910,0.069
205500,0.020,0.908,0.072
206000,0.019,0.913,0.067
206500,0.019,0.912,0.068
207000,0.019,0.911,0.069
207500,0.019,0.907,0.074
208000,0.019,0.904,0.077
208500,0.019,0.905,0.076
209000,0.019,0.907,0.074
209500,0.019,0.895,0.086
210000,0.019,0.911,0.069
210500,0.019,0.917,0.063
211000,0.019,0.917,0.063
211500,0.019,0.916,0.064
212000,0.019,0.916,0.064
212500,0.019,0.917,0.063
213000,0.019,0.919,0.061
213500,0.018,0.918,0.063
214000,0.018,0.918,0.063
214500,0.018,0.921,0.060
215000,0.018,0.922,0.059
215500,0.017,0.923,0.059
216000,0.017,0.925,0.057
216500,0.017,0.926,0.056
217000,0.017,0.925,0.057
217500,0.017,0.926,0.056
218000,0.017,0.926,0.056
218500,0.017,0.927,0.055
219000,0.017,0.924,0.058
219500,0.017,0.915,0.067
220000,0.017,0.915,0.067
220500,0.017,0.917,0.065
221000,0.019,0.912,0.068
221500,0.021,0.915,0.063
222000,0.021,0.915,0.063
222500,0.023,0.908,0.068
223000,0.022,0.899,0.079
223500,0.021,0.901,0.078
224000,0.020,0.899,0.081
224500,0.019,0.905,0.076
225000,0.017,0.908,0.075
225500,0.019,0.889,0.092
226000,0.018,0.894,0.088
226500,0.018,0.903,0.079
227000,0.018,0.906,0.076
227500,0.018,0.906,0.076
228000,0.018,0.905,0.077
228500,0.019,0.908,0.073
229000,0.019,0.911,0.069
229500,0.018,0.915,0.066
230000,0.018,0.914,0.067
230500,0.018,0.915,0.066
231000,0.018,0.915,0.066
231500,0.017,0.919,0.063
232000,0.017,0.920,0.062
232500,0.017,0.916,0.066
233000,0.017,0.916,0.066
233500,0.017,0.916,0.066
234000,0.018,0.915,0.066
234500,0.017,0.919,0.063
235000,0.017,0.921,0.061
235500,0.017,0.921,0.061
236000,0.017,0.922,0.060
236500,0.017,0.923,0.059
237000,0.017,0.925,0.057
237500,0.017,0.928,0.054
238000,0.017,0.924,0.058
238500,0.017,0.921,0.061
239000,0.017,0.927,0.055
239500,0.017,0.932,0.051
240000,0.017,0.932,0.051
240500,0.017,0.933,0.050
241000,0.017,0.928,0.054
241500,0.017,0.928,0.054
242000,0.017,0.932,0.051
242500,0.017,0.936,0.047
243000,0.017,0.936,0.047
243500,0.017,0.936,0.047
244000,0.017,0.936,0.047
244500,0.017,0.931,0.052
245000,0.017,0.932,0.051
245500,0.017,0.934,0.049
246000,0.017,0.934,0.049
246500,0.017,0.930,0.053
247000,0.017,0.933,0.050
247500,0.017,0.934,0.049
248000,0.017,0.934,0.049
248500,0.019,0.928,0.052
249000,0.017,0.930,0.053
249500,0.017,0.931,0.052
250000,0.017,0.931,0.052
250500,0.017,0.932,0.051
251000,0.017,0.932,0.051
251500,0.017,0.935,0.048
252000,0.017,0.936,0.047
252500,0.017,0.938,0.045
253000,0.017,0.937,0.046
253500,0.017,0.935,0.048
254000,0.017,0.936,0.047
254500,0.017,0.939,0.044
255000,0.017,0.939,0.044
255500,0.017,0.940,0.043
256000,0.017,0.940,0.043
256500,0.017,0.940,0.043
257000,0.017,0.937,0.046
257500,0.017,0.936,0.047
258000,0.017,0.934,0.049
258500,0.017,0.939,0.044
259000,0.017,0.937,0.046
259500,0.017,0.937,0.046
260000,0.017,0.941,0.042
260500,0.017,0.940,0.043
261000,0.017,0.942,0.041
261500,0.017,0.942,0.041
262000,0.017,0.942,0.041
262500,0.017,0.942,0.041
263000,0.017,0.938,0.045
263500,0.017,0.940,0.043
264000,0.017,0.941,0.042
264500,0.017,0.942,0.041
265000,0.017,0.943,0.040
265500,0.017,0.945,0.038
266000,0.017,0.945,0.038
266500,0.017,0.946,0.037
267000,0.017,0.946,0.037
267500,0.017,0.946,0.037
268000,0.017,0.946,0.037
268500,0.017,0.946,0.037
269000,0.017,0.946,0.037
269500,0.017,0.946,0.037
270000,0.017,0.946,0.037
270500,0.018,0.940,0.042
271000,0.017,0.941,0.042
271500,0.017,0.935,0.048
272000,0.017,0.942,0.041
272500,0.017,0.942,0.041
273000,0.017,0.938,0.045
273500,0.017,0.942,0.041
274000,0.017,0.942,0.041
274500,0.017,0.943,0.040
275000,0.017,0.944,0.039
275500,0.016,0.947,0.037
276000,0.016,0.947,0.037
276500,0.016,0.947,0.037
277000,0.016,0.947,0.037
277500,0.016,0.946,0.038
278000,0.015,0.947,0.038
278500,0.015,0.947,0.038
279000,0.015,0.947,0.038
279500,0.015,0.947,0.038
280000,0.015,0.947,0.038
280500,0.015,0.947,0.038
281000,0.015,0.947,0.038
281500,0.015,0.947,0.038
282000,0.015,0.947,0.038
282500,0.015,0.947,0.038
283000,0.015,0.947,0.038
283500,0.015,0.946,0.039
284000,0.015,0.947,0.038
284500,0.015,0.947,0.038
285000,0.017,0.938,0.045
285500,0.015,0.934,0.051
286000,0.015,0.932,0.053
286500,0.015,0.936,0.049
287000,0.015,0.939,0.046
287500,0.015,0.939,0.046
288000,0.015,0.944,0.041
288500,0.015,0.944,0.041
289000,0.015,0.944,0.041
289500,0.015,0.945,0.040
290000,0.015,0.945,0.040
290500,0.015,0.945,0.040
291000,0.015,0.945,0.040
291500,0.015,0.944,0.041
292000,0.015,0.946,0.039
292500,0.015,0.946,0.039
293000,0.015,0.947,0.038
293500,0.015,0.948,0.037
294000,0.015,0.948,0.037
294500,0.015,0.948,0.037
295000,0.015,0.948,0.037
295500,0.015,0.948,0.037
296000,0.015,0.948,0.037
296500,0.015,0.948,0.037
297000,0.015,0.948,0.037
297500,0.015,0.948,0.037
298000,0.015,0.948,0.037
298500,0.015,0.946,0.039
299000,0.015,0.946,0.039
299500,0.015,0.946,0.039
300000,0.015,0.946,0.039
300500,0.015,0.943,0.042
301000,0.015,0.942,0.043
301500,0.015,0.944,0.041
302000,0.015,0.946,0.039
302500,0.015,0.946,0.039
303000,0.015,0.946,0.039
303500,0.015,0.946,0.039
304000,0.015,0.946,0.039
304500,0.015,0.946,0.039
305000,0.015,0.946,0.039
305500,0.015,0.947,0.038
306000,0.015,0.947,0.038
306500,0.015,0.947,0.038
307000,0.015,0.947,0.038
307500,0.015,0.948,0.037
308000,0.015,0.949,0.036
308500,0.015,0.949,0.036
309000,0.015,0.949,0.036
309500,0.015,0.949,0.036
310000,0.015,0.949,0.036
310500,0.015,0.949,0.036
311000,0.015,0.948,0.037
311500,0.015,0.948,0.037
312000,0.015,0.949,0.036
312500,0.015,0.949,0.036
313000,0.015,0.949,0.036
313500,0.014,0.950,0.036
314000,0.014,0.950,0.036
314500,0.014,0.951,0.035
315000,0.014,0.951,0.035
315500,0.014,0.951,0.035
316000,0.014,0.951,0.035
316500,0.014,0.951,0.035
317000,0.014,0.951,0.035
317500,0.014,0.951,0.035
318000,0.014,0.951,0.035
318500,0.014,0.951,0.035
319000,0.014,0.951,0.035
319500,0.014,0.951,0.035
320000,0.014,0.951,0.035
320500,0.014,0.951,0.035
321000,0.014,0.952,0.034
321500,0.014,0.952,0.034
322000,0.014,0.952,0.034
322500,0.014,0.951,0.035
323000,0.013,0.952,0.035
323500,0.013,0.952,0.035
324000,0.013,0.952,0.035
324500,0.013,0.952,0.035
325000,0.013,0.951,0.036
325500,0.012,0.952,0.036
326000,0.012,0.953,0.035
326500,0.012,0.953,0.035
327000,0.012,0.953,0.035
327500,0.012,0.953,0.035
328000,0.012,0.953,0.035
328500,0.012,0.952,0.036
329000,0.012,0.953,0.035
329500,0.012,0.953,0.035
330000,0.014,0.948,0.038
330500,0.014,0.947,0.039
331000,0.015,0.946,0.039
331500,0.016,0.948,0.036
332000,0.014,0.946,0.040
332500,0.012,0.943,0.045
333000,0.012,0.947,0.041
333500,0.015,0.942,0.043
334000,0.012,0.945,0.043
334500,0.012,0.946,0.042
335000,0.014,0.949,0.037
335500,0.012,0.951,0.037
336000,0.014,0.944,0.042
336500,0.012,0.937,0.051
337000,0.012,0.941,0.047
337500,0.012,0.945,0.043
338000,0.012,0.945,0.043
338500,0.012,0.944,0.044
339000,0.012,0.949,0.039
339500,0.012,0.951,0.037
340000,0.012,0.950,0.038
340500,0.012,0.949,0.039
341000,0.012,0.950,0.038
341500,0.012,0.952,0.036
342000,0.012,0.949,0.039
342500,0.012,0.946,0.042
343000,0.012,0.950,0.038
343500,0.012,0.952,0.036
344000,0.012,0.952,0.036
344500,0.012,0.953,0.035
345000,0.012,0.953,0.035
345500,0.012,0.953,0.035
346000,0.012,0.952,0.036
346500,0.012,0.951,0.037
347000,0.012,0.954,0.034
347500,0.012,0.954,0.034
348000,0.012,0.949,0.039
348500,0.012,0.949,0.039
349000,0.012,0.949,0.039
349500,0.012,0.950,0.038
350000,0.012,0.953,0.035
350500,0.012,0.952,0.036
351000,0.014,0.943,0.043
351500,0.012,0.940,0.048
352000,0.012,0.947,0.041
352500,0.012,0.952,0.036
353000,0.012,0.951,0.037
353500,0.012,0.950,0.038
354000,0.012,0.934,0.054
354500,0.012,0.948,0.040
355000,0.012,0.947,0.041
355500,0.012,0.954,0.034
356000,0.012,0.954,0.034
356500,0.012,0.956,0.032
357000,0.012,0.957,0.031
357500,0.012,0.957,0.031
358000,0.012,0.957,0.031
358500,0.012,0.957,0.031
359000,0.012,0.957,0.031
359500,0.012,0.957,0.031
360000,0.012,0.957,0.031
360500,0.012,0.957,0.031
361000,0.012,0.957,0.031
361500,0.012,0.957,0.031
362000,0.012,0.957,0.031
362500,0.012,0.957,0.031
363000,0.012,0.957,0.031
363500,0.012,0.957,0.031
364000,0.012,0.957,0.031
364500,0.012,0.957,0.031
365000,0.012,0.957,0.031
365500,0.011,0.950,0.039
366000,0.011,0.954,0.035
366500,0.011,0.956,0.033
367000,0.011,0.956,0.033
367500,0.011,0.956,0.033
368000,0.011,0.955,0.034
368500,0.011,0.955,0.034
369000,0.011,0.955,0.034
369500,0.011,0.952,0.037
370000,0.011,0.951,0.038
370500,0.011,0.953,0.036
371000,0.011,0.952,0.037
371500,0.011,0.952,0.037
372000,0.011,0.953,0.036
372500,0.011,0.953,0.036
373000,0.011,0.954,0.035
373500,0.011,0.954,0.035
374000,0.011,0.955,0.034
374500,0.011,0.955,0.034
375000,0.011,0.954,0.035
375500,0.011,0.955,0.034
376000,0.011,0.955,0.034
376500,0.011,0.956,0.033
377000,0.011,0.956,0.033
377500,0.011,0.956,0.033
378000,0.011,0.941,0.048
378500,0.011,0.952,0.037
379000,0.013,0.949,0.038
379500,0.013,0.950,0.037
380000,0.012,0.951,0.037
380500,0.012,0.952,0.036
381000,0.012,0.952,0.036
381500,0.012,0.951,0.037
382000,0.012,0.952,0.036
382500,0.012,0.950,0.038
383000,0.011,0.951,0.038
383500,0.011,0.951,0.038
384000,0.011,0.951,0.038
384500,0.011,0.954,0.035
385000,0.011,0.955,0.034
385500,0.011,0.956,0.033
386000,0.011,0.956,0.033
386500,0.011,0.956,0.033
387000,0.011,0.956,0.033
387500,0.011,0.954,0.035
388000,0.011,0.954,0.035
388500,0.011,0.954,0.035
389000,0.011,0.955,0.034
389500,0.011,0.957,0.032
390000,0.011,0.958,0.031
390500,0.011,0.959,0.030
391000,0.011,0.960,0.029
391500,0.011,0.960,0.029
392000,0.011,0.960,0.029
392500,0.011,0.960,0.029
393000,0.011,0.958,0.031
393500,0.011,0.960,0.029
394000,0.011,0.960,0.029
394500,0.011,0.960,0.029
395000,0.011,0.960,0.029
395500,0.011,0.960,0.029
396000,0.011,0.960,0.029
396500,0.011,0.959,0.030
397000,0.011,0.961,0.028
397500,0.011,0.961,0.028
398000,0.011,0.961,0.028
398500,0.011,0.961,0.028
399000,0.010,0.961,0.029
399500,0.010,0.961,0.029
400000,0.010,0.962,0.028
400500,0.010,0.962,0.028
401000,0.010,0.962,0.028
401500,0.010,0.962,0.028
402000,0.010,0.962,0.028
402500,0.010,0.962,0.028
403000,0.010,0.962,0.028
403500,0.010,0.962,0.028
404000,0.010,0.962,0.028
404500,0.010,0.962,0.028
405000,0.010,0.962,0.028
405500,0.010,0.962,0.028
406000,0.010,0.962,0.028
406500,0.010,0.962,0.028
407000,0.010,0.962,0.028
407500,0.010,0.962,0.028
408000,0.010,0.962,0.028
408500,0.010,0.962,0.028
409000,0.010,0.962,0.028
409500,0.010,0.962,0.028
410000,0.010,0.961,0.029
410500,0.010,0.960,0.030
411000,0.010,0.959,0.031
411500,0.010,0.959,0.031
412000,0.010,0.959,0.031
412500,0.010,0.960,0.030
413000,0.010,0.958,0.032
413500,0.010,0.957,0.033
414000,0.010,0.959,0.031
414500,0.010,0.959,0.031
415000,0.012,0.939,0.049
415500,0.013,0.938,0.049
416000,0.011,0.942,0.047
416500,0.010,0.943,0.047
417000,0.012,0.945,0.043
417500,0.011,0.946,0.043
418000,0.011,0.947,0.042
418500,0.010,0.948,0.042
419000,0.012,0.946,0.042
419500,0.010,0.948,0.042
420000,0.011,0.954,0.035
420500,0.010,0.955,0.035
421000,0.010,0.958,0.032
421500,0.010,0.957,0.033
422000,0.009,0.958,0.033
422500,0.009,0.958,0.033
423000,0.009,0.960,0.031
423500,0.009,0.960,0.031
424000,0.009,0.960,0.031
424500,0.009,0.960,0.031
425000,0.009,0.961,0.030
425500,0.009,0.960,0.031
426000,0.009,0.960,0.031
426500,0.009,0.960,0.031
427000,0.009,0.960,0.031
427500,0.009,0.962,0.029
428000,0.009,0.962,0.029
428500,0.009,0.962,0.029
429000,0.009,0.962,0.029
429500,0.009,0.962,0.029
430000,0.009,0.962,0.029
430500,0.009,0.962,0.029
431000,0.009,0.962,0.029
431500,0.009,0.962,0.029
432000,0.009,0.962,0.029
432500,0.009,0.962,0.029
433000,0.009,0.962,0.029
433500,0.009,0.962,0.029
434000,0.009,0.962,0.029
434500,0.009,0.962,0.029
435000,0.009,0.962,0.029
435500,0.009,0.962,0.029
436000,0.009,0.962,0.029
436500,0.009,0.962,0.029
437000,0.009,0.962,0.029
437500,0.009,0.962,0.029
438000,0.009,0.962,0.029
438500,0.009,0.962,0.029
439000,0.009,0.962,0.029
439500,0.009,0.962,0.029
440000,0.009,0.962,0.029
440500,0.009,0.962,0.029
441000,0.009,0.962,0.029
441500,0.009,0.962,0.029
442000,0.009,0.962,0.029
442500,0.009,0.962,0.029
443000,0.009,0.962,0.029
443500,0.009,0.962,0.029
444000,0.009,0.962,0.029
444500,0.009,0.962,0.029
445000,0.009,0.962,0.029
445500,0.009,0.962,0.029
446000,0.008,0.962,0.030
446500,0.008,0.962,0.030
447000,0.008,0.962,0.030
447500,0.008,0.962,0.030
448000,0.008,0.962,0.030
448500,0.008,0.962,0.030
449000,0.008,0.962,0.030
449500,0.008,0.962,0.030
450000,0.008,0.962,0.030
450500,0.008,0.962,0.030
451000,0.008,0.962,0.030
451500,0.008,0.962,0.030
452000,0.008,0.962,0.030
452500,0.008,0.962,0.030
453000,0.008,0.962,0.030
453500,0.008,0.962,0.030
454000,0.007,0.962,0.031
454500,0.007,0.962,0.031
455000,0.007,0.962,0.031
455500,0.007,0.962,0.031
456000,0.007,0.962,0.031
456500,0.007,0.962,0.031
457000,0.007,0.962,0.031
457500,0.007,0.962,0.031
458000,0.007,0.962,0.031
458500,0.007,0.962,0.031
459000,0.007,0.962,0.031
459500,0.007,0.962,0.031
460000,0.007,0.962,0.031
460500,0.007,0.962,0.031
461000,0.007,0.962,0.031
461500,0.007,0.962,0.031
462000,0.007,0.962,0.031
462500,0.007,0.962,0.031
463000,0.007,0.962,0.031
463500,0.007,0.962,0.031
464000,0.007,0.962,0.031
464500,0.007,0.962,0.031
465000,0.007,0.962,0.031
465500,0.007,0.962,0.031
466000,0.007,0.962,0.031
466500,0.007,0.964,0.029
467000,0.007,0.964,0.029
467500,0.007,0.964,0.029
468000,0.007,0.964,0.029
468500,0.007,0.964,0.029
469000,0.007,0.963,0.030
469500,0.007,0.963,0.030
470000,0.007,0.964,0.029
470500,0.007,0.964,0.029
471000,0.007,0.964,0.029
471500,0.007,0.964,0.029
472000,0.010,0.957,0.033
472500,0.010,0.955,0.035
473000,0.010,0.950,0.040
473500,0.009,0.952,0.039
474000,0.012,0.950,0.038
474500,0.012,0.951,0.037
475000,0.012,0.950,0.038
475500,0.009,0.956,0.035
476000,0.009,0.956,0.035
476500,0.008,0.959,0.033
477000,0.008,0.960,0.032
477500,0.008,0.961,0.031
478000,0.007,0.962,0.031
478500,0.007,0.962,0.031
479000,0.007,0.962,0.031
479500,0.007,0.962,0.031
480000,0.007,0.962,0.031
480500,0.007,0.962,0.031
481000,0.007,0.962,0.031
481500,0.007,0.962,0.031
482000,0.006,0.960,0.034
482500,0.006,0.960,0.034
483000,0.006,0.959,0.035
483500,0.006,0.959,0.035
484000,0.006,0.959,0.035
484500,0.006,0.959,0.035
485000,0.006,0.959,0.035
485500,0.006,0.957,0.037
486000,0.006,0.957,0.037
486500,0.006,0.958,0.036
487000,0.006,0.958,0.036
487500,0.005,0.957,0.038
488000,0.005,0.959,0.036
488500,0.005,0.958,0.037
489000,0.005,0.959,0.036
489500,0.005,0.962,0.033
490000,0.005,0.962,0.033
490500,0.005,0.963,0.032
491000,0.005,0.963,0.032
491500,0.005,0.963,0.032
492000,0.005,0.963,0.032
492500,0.005,0.964,0.031
493000,0.005,0.964,0.031
493500,0.005,0.964,0.031
494000,0.005,0.964,0.031
494500,0.005,0.964,0.031
495000,0.005,0.964,0.031
495500,0.005,0.964,0.031
496000,0.005,0.964,0.031
496500,0.005,0.964,0.031
497000,0.005,0.964,0.031
497500,0.005,0.964,0.031
498000,0.005,0.964,0.031
498500,0.005,0.965,0.030
499000,0.005,0.965,0.030
499500,0.005,0.966,0.029
500000,0.005,0.966,0.029
500500,0.005,0.966,0.029
501000,0.005,0.966,0.029
501500,0.005,0.966,0.029
502000,0.005,0.966,0.029
502500,0.005,0.966,0.029
503000,0.005,0.966,0.029
503500,0.005,0.966,0.029
504000,0.005,0.966,0.029
504500,0.005,0.966,0.029
505000,0.005,0.966,0.029
505500,0.005,0.967,0.028
506000,0.005,0.967,0.028
506500,0.005,0.967,0.028
507000,0.005,0.967,0.028
507500,0.005,0.967,0.028
508000,0.005,0.967,0.028
508500,0.005,0.967,0.028
509000,0.005,0.967,0.028
509500,0.005,0.967,0.028
510000,0.005,0.967,0.028
510500,0.005,0.967,0.028
511000,0.005,0.966,0.029
511500,0.005,0.966,0.029
512000,0.005,0.966,0.029
512500,0.005,0.966,0.029
513000,0.005,0.967,0.028
513500,0.005,0.967,0.028
514000,0.005,0.967,0.028
514500,0.005,0.967,0.028
515000,0.005,0.967,0.028
515500,0.005,0.967,0.028
516000,0.005,0.967,0.028
516500,0.005,0.967,0.028
517000,0.005,0.967,0.028
517500,0.005,0.967,0.028
518000,0.005,0.967,0.028
518500,0.005,0.967,0.028
519000,0.005,0.967,0.028
519500,0.005,0.967,0.028
520000,0.005,0.967,0.028
520500,0.005,0.967,0.028
521000,0.005,0.967,0.028
521500,0.005,0.967,0.028
522000,0.005,0.967,0.028
522500,0.005,0.967,0.028
523000,0.005,0.967,0.028
523500,0.005,0.967,0.028
524000,0.005,0.967,0.028
524500,0.005,0.967,0.028
525000,0.005,0.967,0.028
525500,0.005,0.967,0.028
526000,0.005,0.967,0.028
526500,0.005,0.967,0.028
527000,0.005,0.967,0.028
527500,0.005,0.967,0.028
528000,0.005,0.967,0.028
528500,0.005,0.967,0.028
529000,0.005,0.967,0.028
529500,0.005,0.967,0.028
530000,0.005,0.967,0.028
530500,0.005,0.967,0.028
531000,0.005,0.967,0.028
531500,0.005,0.967,0.028
532000,0.005,0.967,0.028
532500,0.005,0.967,0.028
533000,0.005,0.967,0.028
533500,0.005,0.967,0.028
534000,0.005,0.967,0.028
534500,0.005,0.967,0.028
535000,0.005,0.967,0.028
535500,0.005,0.967,0.028
536000,0.005,0.967,0.028
536500,0.005,0.967,0.028
537000,0.005,0.967,0.028
537500,0.005,0.967,0.028
538000,0.005,0.967,0.028
538500,0.005,0.967,0.028
539000,0.005,0.967,0.028
539500,0.005,0.967,0.028
540000,0.005,0.967,0.028
540500,0.005,0.967,0.028
541000,0.005,0.967,0.028
541500,0.005,0.967,0.028
542000,0.005,0.967,0.028
542500,0.005,0.967,0.028
543000,0.005,0.967,0.028
543500,0.005,0.967,0.028
544000,0.005,0.967,0.028
544500,0.005,0.967,0.028
545000,0.005,0.967,0.028
545500,0.005,0.967,0.028
546000,0.005,0.967,0.028
546500,0.005,0.967,0.028
547000,0.005,0.967,0.028
547500,0.005,0.967,0.028
548000,0.005,0.967,0.028
548500,0.005,0.967,0.028
549000,0.005,0.967,0.028
549500,0.005,0.967,0.028
550000,0.005,0.967,0.028
550500,0.005,0.967,0.028
551000,0.005,0.967,0.028
551500,0.005,0.967,0.028
552000,0.005,0.967,0.028
552500,0.005,0.967,0.028
553000,0.005,0.967,0.028
553500,0.005,0.967,0.028
554000,0.005,0.967,0.028
554500,0.005,0.967,0.028
555000,0.005,0.967,0.028
555500,0.005,0.967,0.028
556000,0.005,0.967,0.028
556500,0.005,0.967,0.028
557000,0.005,0.967,0.028
557500,0.005,0.967,0.028
558000,0.005,0.967,0.028
558500,0.005,0.967,0.028
559000,0.005,0.967,0.028
559500,0.005,0.967,0.028
560000,0.005,0.967,0.028
560500,0.005,0.966,0.029
561000,0.005,0.965,0.030
561500,0.005,0.967,0.028
562000,0.005,0.967,0.028
562500,0.005,0.967,0.028
563000,0.005,0.967,0.028
563500,0.005,0.967,0.028
564000,0.005,0.967,0.028
564500,0.005,0.967,0.028
565000,0.005,0.967,0.028
565500,0.005,0.967,0.028
566000,0.005,0.967,0.028
566500,0.005,0.967,0.028
567000,0.005,0.967,0.028
567500,0.005,0.967,0.028
568000,0.005,0.967,0.028
568500,0.005,0.967,0.028
569000,0.005,0.967,0.028
569500,0.005,0.967,0.028
570000,0.005,0.967,0.028
570500,0.005,0.967,0.028
571000,0.005,0.967,0.028
571500,0.005,0.967,0.028
572000,0.005,0.967,0.028
572500,0.005,0.967,0.028
573000,0.005,0.967,0.028
573500,0.005,0.967,0.028
574000,0.005,0.967,0.028
574500,0.005,0.967,0.028
575000,0.005,0.967,0.028
575500,0.005,0.967,0.028
576000,0.005,0.967,0.028
576500,0.005,0.967,0.028
577000,0.005,0.967,0.028
577500,0.005,0.967,0.028
578000,0.005,0.967,0.028
578500,0.005,0.967,0.028
579000,0.005,0.967,0.028
579500,0.005,0.967,0.028
580000,0.005,0.967,0.028
580500,0.005,0.966,0.029
581000,0.005,0.967,0.028
581500,0.005,0.967,0.028
582000,0.005,0.967,0.028
582500,0.005,0.967,0.028
583000,0.005,0.967,0.028
583500,0.005,0.967,0.028
584000,0.005,0.967,0.028
584500,0.005,0.967,0.028
585000,0.005,0.968,0.027
585500,0.005,0.969,0.026
586000,0.005,0.969,0.026
586500,0.005,0.969,0.026
587000,0.005,0.969,0.026
587500,0.005,0.969,0.026
588000,0.005,0.969,0.026
588500,0.005,0.969,0.026
589000,0.005,0.969,0.026
589500,0.005,0.969,0.026
590000,0.005,0.969,0.026
590500,0.005,0.969,0.026
591000,0.005,0.969,0.026
591500,0.005,0.969,0.026
592000,0.005,0.969,0.026
592500,0.005,0.969,0.026
593000,0.005,0.969,0.026
593500,0.005,0.969,0.026
594000,0.005,0.969,0.026
594500,0.005,0.969,0.026
595000,0.005,0.970,0.025
595500,0.005,0.970,0.025
596000,0.005,0.970,0.025
596500,0.005,0.970,0.025
597000,0.005,0.970,0.025
597500,0.005,0.970,0.025
598000,0.005,0.970,0.025
598500,0.004,0.970,0.026
599000,0.004,0.970,0.026
599500,0.004,0.970,0.026
600000,0.004,0.970,0.026
600500,0.004,0.970,0.026
601000,0.004,0.970,0.026
601500,0.004,0.971,0.025
602000,0.004,0.971,0.025
602500,0.004,0.971,0.025
603000,0.004,0.971,0.025
603500,0.004,0.971,0.025
604000,0.004,0.971,0.025
604500,0.004,0.971,0.025
605000,0.004,0.971,0.025
605500,0.004,0.971,0.025
606000,0.004,0.971,0.025
606500,0.004,0.971,0.025
607000,0.004,0.971,0.025
607500,0.004,0.971,0.025
608000,0.004,0.971,0.025
608500,0.004,0.971,0.025
609000,0.004,0.971,0.025
609500,0.004,0.971,0.025
610000,0.004,0.971,0.025
610500,0.004,0.971,0.025
611000,0.004,0.971,0.025
611500,0.004,0.971,0.025
612000,0.004,0.971,0.025
612500,0.004,0.971,0.025
613000,0.004,0.971,0.025
613500,0.004,0.971,0.025
614000,0.004,0.971,0.025
614500,0.004,0.971,0.025
615000,0.004,0.971,0.025
615500,0.004,0.971,0.025
616000,0.004,0.971,0.025
616500,0.004,0.971,0.025
617000,0.004,0.969,0.027
617500,0.004,0.968,0.028
618000,0.004,0.967,0.029
618500,0.004,0.968,0.028
619000,0.004,0.968,0.028
619500,0.004,0.968,0.028
620000,0.004,0.967,0.029
620500,0.004,0.966,0.030
621000,0.004,0.967,0.029
621500,0.004,0.968,0.028
622000,0.004,0.968,0.028
622500,0.004,0.970,0.026
623000,0.004,0.970,0.026
623500,0.004,0.970,0.026
624000,0.004,0.970,0.026
624500,0.004,0.970,0.026
625000,0.004,0.970,0.026
625500,0.004,0.970,0.026
626000,0.004,0.970,0.026
626500,0.004,0.970,0.026
627000,0.004,0.970,0.026
627500,0.004,0.970,0.026
628000,0.004,0.970,0.026
628500,0.004,0.971,0.025
629000,0.004,0.973,0.022
629500,0.004,0.973,0.022
630000,0.004,0.973,0.022
630500,0.004,0.973,0.022
631000,0.004,0.973,0.022
631500,0.004,0.973,0.022
632000,0.004,0.973,0.022
632500,0.004,0.973,0.022
633000,0.004,0.973,0.022
633500,0.004,0.973,0.022
634000,0.004,0.973,0.022
634500,0.004,0.973,0.022
635000,0.004,0.973,0.022
635500,0.004,0.973,0.022
636000,0.004,0.973,0.022
636500,0.004,0.973,0.022
637000,0.004,0.973,0.022
637500,0.004,0.973,0.022
638000,0.004,0.973,0.022
638500,0.004,0.973,0.022
639000,0.004,0.973,0.022
639500,0.004,0.973,0.022
640000,0.004,0.973,0.022
640500,0.004,0.973,0.022
641000,0.004,0.973,0.022
641500,0.004,0.973,0.022
642000,0.004,0.973,0.022
642500,0.004,0.973,0.022
643000,0.004,0.973,0.022
643500,0.004,0.973,0.022
644000,0.004,0.973,0.022
644500,0.004,0.973,0.022
645000,0.004,0.973,0.022
645500,0.004,0.973,0.022
646000,0.004,0.973,0.022
646500,0.004,0.973,0.022
647000,0.004,0.973,0.022
647500,0.004,0.973,0.022
648000,0.004,0.973,0.022
648500,0.004,0.973,0.022
649000,0.004,0.973,0.022
649500,0.004,0.973,0.022
650000,0.004,0.973,0.022
650500,0.004,0.973,0.022
651000,0.004,0.973,0.022
651500,0.004,0.973,0.022
652000,0.004,0.973,0.022
652500,0.004,0.973,0.022
653000,0.004,0.973,0.022
653500,0.004,0.974,0.021
654000,0.004,0.974,0.021
654500,0.004,0.974,0.021
655000,0.004,0.974,0.021
655500,0.004,0.975,0.020
656000,0.004,0.975,0.020
656500,0.004,0.975,0.020
657000,0.004,0.975,0.020
657500,0.004,0.975,0.020
658000,0.004,0.975,0.020
658500,0.004,0.975,0.020
659000,0.004,0.975,0.020
659500,0.004,0.975,0.020
660000,0.004,0.975,0.020
660500,0.004,0.975,0.020
661000,0.004,0.975,0.020
661500,0.004,0.975,0.020
662000,0.004,0.975,0.020
662500,0.004,0.975,0.020
663000,0.004,0.975,0.020
663500,0.004,0.975,0.020
664000,0.004,0.975,0.020
664500,0.004,0.975,0.020
665000,0.004,0.975,0.020
665500,0.004,0.975,0.020
666000,0.004,0.975,0.020
666500,0.004,0.975,0.020
667000,0.004,0.975,0.020
667500,0.004,0.974,0.021
668000,0.004,0.974,0.021
668500,0.004,0.974,0.021
669000,0.004,0.975,0.020
669500,0.004,0.975,0.020
670000,0.004,0.975,0.020
670500,0.004,0.975,0.020
671000,0.004,0.975,0.020
671500,0.004,0.975,0.020
672000,0.004,0.975,0.020
672500,0.004,0.975,0.020
673000,0.004,0.975,0.020
673500,0.004,0.975,0.020
674000,0.004,0.975,0.020
674500,0.004,0.975,0.020
675000,0.004,0.975,0.020
675500,0.004,0.975,0.020
676000,0.004,0.975,0.020
676500,0.004,0.975,0.020
677000,0.004,0.975,0.020
677500,0.004,0.975,0.020
678000,0.004,0.975,0.020
678500,0.004,0.975,0.020
679000,0.004,0.975,0.020
679500,0.004,0.975,0.020
680000,0.004,0.975,0.020
680500,0.004,0.975,0.020
681000,0.004,0.975,0.020
681500,0.004,0.975,0.020
682000,0.004,0.977,0.019
682500,0.004,0.977,0.019
683000,0.004,0.977,0.019
683500,0.004,0.977,0.019
684000,0.004,0.977,0.019
684500,0.004,0.977,0.019
685000,0.004,0.977,0.019
685500,0.004,0.977,0.019
686000,0.004,0.977,0.019
686500,0.004,0.975,0.020
687000,0.004,0.975,0.020
687500,0.004,0.975,0.020
688000,0.004,0.975,0.020
688500,0.004,0.977,0.019
689000,0.004,0.977,0.019
689500,0.004,0.977,0.019
690000,0.004,0.977,0.019
690500,0.004,0.977,0.019
691000,0.004,0.977,0.019
691500,0.004,0.977,0.019
692000,0.004,0.977,0.019
692500,0.004,0.977,0.019
693000,0.004,0.977,0.019
693500,0.004,0.977,0.019
694000,0.004,0.977,0.019
694500,0.004,0.977,0.019
695000,0.004,0.977,0.019
695500,0.004,0.977,0.019
696000,0.004,0.977,0.019
696500,0.004,0.977,0.019
697000,0.004,0.977,0.019
697500,0.004,0.977,0.019
698000,0.004,0.977,0.019
698500,0.004,0.977,0.019
699000,0.004,0.977,0.019
699500,0.004,0.977,0.019
700000,0.004,0.977,0.019
700500,0.004,0.977,0.019
701000,0.004,0.977,0.019
701500,0.004,0.977,0.019
702000,0.004,0.977,0.019
702500,0.004,0.977,0.019
703000,0.004,0.977,0.019
703500,0.004,0.977,0.019
704000,0.004,0.977,0.019
704500,0.004,0.977,0.019
705000,0.004,0.977,0.019
705500,0.004,0.977,0.019
706000,0.004,0.977,0.019
706500,0.004,0.977,0.019
707000,0.004,0.977,0.019
707500,0.004,0.977,0.019
708000,0.004,0.977,0.019
708500,0.004,0.977,0.019
709000,0.004,0.977,0.019
709500,0.004,0.977,0.019
710000,0.004,0.977,0.019
710500,0.004,0.977,0.019
711000,0.004,0.977,0.019
711500,0.004,0.977,0.019
712000,0.004,0.977,0.019
712500,0.004,0.977,0.019
713000,0.004,0.977,0.019
713500,0.004,0.977,0.019
714000,0.004,0.977,0.019
714500,0.004,0.977,0.019
715000,0.004,0.977,0.019
715500,0.004,0.977,0.019
716000,0.004,0.977,0.019
716500,0.004,0.977,0.019
717000,0.004,0.977,0.019
717500,0.004,0.977,0.019
718000,0.004,0.977,0.019
718500,0.004,0.977,0.019
719000,0.004,0.977,0.019
719500,0.004,0.977,0.019
720000,0.004,0.977,0.019
720500,0.004,0.977,0.019
721000,0.004,0.977,0.019
721500,0.004,0.977,0.019
722000,0.004,0.977,0.019
722500,0.004,0.975,0.020
723000,0.004,0.977,0.019
723500,0.004,0.977,0.019
724000,0.004,0.977,0.019
724500,0.004,0.977,0.019
725000,0.004,0.977,0.019
725500,0.004,0.977,0.019
726000,0.004,0.977,0.019
726500,0.004,0.977,0.019
727000,0.004,0.977,0.019
727500,0.004,0.977,0.019
728000,0.004,0.977,0.019
728500,0.004,0.977,0.019
729000,0.004,0.977,0.019
729500,0.004,0.977,0.019
730000,0.004,0.977,0.019
730500,0.004,0.977,0.019
731000,0.004,0.977,0.019
731500,0.004,0.977,0.019
732000,0.004,0.977,0.019
732500,0.003,0.977,0.020
733000,0.003,0.977,0.020
733500,0.003,0.977,0.020
734000,0.003,0.977,0.020
734500,0.003,0.977,0.020
735000,0.003,0.977,0.020
735500,0.003,0.977,0.020
736000,0.003,0.977,0.020
736500,0.003,0.977,0.020
737000,0.003,0.977,0.020
737500,0.003,0.977,0.020
738000,0.003,0.977,0.020
738500,0.003,0.977,0.020
739000,0.003,0.977,0.020
739500,0.003,0.977,0.020
740000,0.003,0.977,0.020
740500,0.003,0.977,0.020
741000,0.003,0.978,0.019
741500,0.003,0.978,0.019
742000,0.003,0.978,0.019
742500,0.003,0.978,0.019
743000,0.002,0.978,0.020
743500,0.002,0.978,0.020
744000,0.002,0.978,0.020
744500,0.002,0.978,0.020
745000,0.002,0.978,0.020
745500,0.002,0.978,0.020
746000,0.002,0.978,0.020
746500,0.002,0.978,0.020
747000,0.002,0.978,0.020
747500,0.002,0.978,0.020
748000,0.002,0.978,0.020
748500,0.002,0.978,0.020
749000,0.002,0.978,0.020
749500,0.002,0.978,0.020
750000,0.002,0.978,0.020
750500,0.002,0.978,0.020
751000,0.002,0.978,0.020
751500,0.002,0.978,0.020
752000,0.002,0.977,0.021
752500,0.002,0.978,0.020
753000,0.002,0.978,0.020
753500,0.002,0.978,0.020
754000,0.002,0.975,0.022
754500,0.002,0.975,0.022
755000,0.002,0.974,0.023
755500,0.002,0.975,0.022
756000,0.002,0.975,0.022
756500,0.002,0.975,0.022
757000,0.002,0.975,0.022
757500,0.002,0.977,0.021
758000,0.002,0.977,0.021
758500,0.002,0.977,0.021
759000,0.002,0.977,0.021
759500,0.002,0.978,0.020
760000,0.002,0.978,0.020
760500,0.002,0.978,0.020
761000,0.002,0.978,0.020
761500,0.002,0.978,0.020
762000,0.002,0.978,0.020
762500,0.002,0.978,0.020
763000,0.002,0.978,0.020
763500,0.002,0.978,0.020
764000,0.002,0.978,0.020
764500,0.002,0.978,0.020
765000,0.002,0.978,0.020
765500,0.002,0.978,0.020
766000,0.002,0.978,0.020
766500,0.002,0.978,0.020
767000,0.002,0.978,0.020
767500,0.002,0.978,0.020
768000,0.002,0.978,0.020
768500,0.002,0.978,0.020
769000,0.002,0.978,0.020
769500,0.002,0.978,0.020
770000,0.002,0.978,0.020
770500,0.002,0.978,0.020
771000,0.002,0.978,0.020
771500,0.002,0.978,0.020
772000,0.002,0.978,0.020
772500,0.002,0.978,0.020
773000,0.002,0.978,0.020
773500,0.002,0.978,0.020
774000,0.002,0.978,0.020
774500,0.002,0.978,0.020
775000,0.002,0.978,0.020
775500,0.002,0.978,0.020
776000,0.002,0.978,0.020
776500,0.002,0.978,0.020
777000,0.002,0.978,0.020
777500,0.002,0.978,0.020
778000,0.002,0.978,0.020
778500,0.002,0.978,0.020
779000,0.002,0.978,0.020
779500,0.002,0.978,0.020
780000,0.002,0.978,0.020
780500,0.002,0.978,0.020
781000,0.002,0.978,0.020
781500,0.002,0.978,0.020
782000,0.002,0.978,0.020
782500,0.002,0.978,0.020
783000,0.002,0.978,0.020
783500,0.002,0.978,0.020
784000,0.002,0.978,0.020
784500,0.002,0.978,0.020
785000,0.002,0.978,0.020
785500,0.002,0.978,0.020
786000,0.002,0.978,0.020
786500,0.002,0.978,0.020
787000,0.002,0.978,0.020
787500,0.002,0.978,0.020
788000,0.002,0.978,0.020
788500,0.002,0.979,0.019
789000,0.002,0.979,0.019
789500,0.002,0.979,0.019
790000,0.002,0.979,0.019
790500,0.002,0.979,0.019
791000,0.002,0.979,0.019
791500,0.002,0.979,0.019
792000,0.002,0.978,0.020
792500,0.002,0.979,0.019
793000,0.002,0.979,0.019
793500,0.002,0.979,0.019
794000,0.002,0.979,0.019
794500,0.002,0.979,0.019
795000,0.002,0.980,0.018
795500,0.002,0.980,0.018
796000,0.002,0.980,0.018
796500,0.002,0.980,0.018
797000,0.002,0.980,0.018
797500,0.002,0.980,0.018
798000,0.002,0.980,0.018
798500,0.002,0.980,0.018
799000,0.002,0.980,0.018
799500,0.002,0.980,0.018
800000,0.002,0.980,0.018
800500,0.002,0.980,0.018
801000,0.002,0.980,0.018
801500,0.002,0.980,0.018
802000,0.002,0.980,0.018
802500,0.002,0.980,0.018
803000,0.002,0.980,0.018
803500,0.002,0.980,0.018
804000,0.002,0.980,0.018
804500,0.002,0.980,0.018
805000,0.002,0.980,0.018
805500,0.002,0.980,0.018
806000,0.002,0.980,0.018
806500,0.002,0.980,0.018
807000,0.002,0.980,0.018
807500,0.002,0.980,0.018
808000,0.002,0.980,0.018
808500,0.002,0.980,0.018
809000,0.002,0.980,0.018
809500,0.002,0.980,0.018
810000,0.002,0.980,0.018
810500,0.002,0.981,0.017
811000,0.002,0.981,0.017
811500,0.002,0.981,0.017
812000,0.002,0.981,0.017
812500,0.002,0.981,0.017
813000,0.002,0.980,0.018
813500,0.002,0.980,0.018
814000,0.002,0.981,0.017
814500,0.002,0.981,0.017
815000,0.002,0.981,0.017
815500,0.002,0.981,0.017
816000,0.002,0.981,0.017
816500,0.002,0.981,0.017
817000,0.002,0.981,0.017
817500,0.002,0.981,0.017
818000,0.002,0.981,0.017
818500,0.002,0.981,0.017
819000,0.002,0.981,0.017
819500,0.002,0.981,0.017
820000,0.002,0.981,0.017
820500,0.002,0.981,0.017
821000,0.002,0.981,0.017
821500,0.002,0.981,0.017
822000,0.002,0.981,0.017
822500,0.002,0.981,0.017
823000,0.002,0.981,0.017
823500,0.002,0.981,0.017
824000,0.002,0.981,0.017
824500,0.002,0.981,0.017
825000,0.002,0.981,0.017
825500,0.002,0.981,0.017
826000,0.002,0.981,0.017
826500,0.002,0.981,0.017
827000,0.002,0.981,0.017
827500,0.002,0.981,0.017
828000,0.002,0.981,0.017
828500,0.002,0.981,0.017
829000,0.002,0.981,0.017
829500,0.002,0.981,0.017
830000,0.002,0.981,0.017
830500,0.002,0.981,0.017
831000,0.002,0.981,0.017
831500,0.002,0.981,0.017
832000,0.002,0.981,0.017
832500,0.002,0.981,0.017
833000,0.002,0.981,0.017
833500,0.002,0.981,0.017
834000,0.002,0.981,0.017
834500,0.002,0.981,0.017
835000,0.002,0.981,0.017
835500,0.002,0.981,0.017
836000,0.002,0.981,0.017
836500,0.002,0.981,0.017
837000,0.002,0.981,0.017
837500,0.002,0.981,0.017
838000,0.002,0.981,0.017
838500,0.002,0.981,0.017
839000,0.002,0.981,0.017
839500,0.002,0.981,0.017
840000,0.002,0.981,0.017
840500,0.002,0.981,0.017
841000,0.002,0.981,0.017
841500,0.002,0.981,0.017
842000,0.002,0.981,0.017
842500,0.002,0.981,0.017
843000,0.002,0.981,0.017
843500,0.002,0.981,0.017
844000,0.002,0.981,0.017
844500,0.002,0.981,0.017
845000,0.002,0.982,0.016
845500,0.002,0.982,0.016
846000,0.002,0.982,0.016
846500,0.002,0.982,0.016
847000,0.002,0.982,0.016
847500,0.002,0.982,0.016
848000,0.002,0.982,0.016
848500,0.002,0.982,0.016
849000,0.002,0.982,0.016
849500,0.002,0.982,0.016
850000,0.002,0.982,0.016
850500,0.002,0.982,0.016
851000,0.002,0.982,0.016
851500,0.002,0.982,0.016
852000,0.002,0.982,0.016
852500,0.002,0.982,0.016
853000,0.002,0.982,0.016
853500,0.002,0.982,0.016
854000,0.002,0.982,0.016
854500,0.002,0.982,0.016
855000,0.002,0.982,0.016
855500,0.002,0.982,0.016
856000,0.002,0.982,0.016
856500,0.002,0.982,0.016
857000,0.002,0.982,0.016
857500,0.002,0.982,0.016
858000,0.002,0.982,0.016
858500,0.002,0.982,0.016
859000,0.002,0.982,0.016
859500,0.002,0.982,0.016
860000,0.002,0.982,0.016
860500,0.002,0.982,0.016
861000,0.002,0.982,0.016
861500,0.002,0.982,0.016
862000,0.002,0.982,0.016
862500,0.002,0.982,0.016
863000,0.002,0.982,0.016
863500,0.002,0.982,0.016
864000,0.002,0.982,0.016
864500,0.002,0.982,0.016
865000,0.002,0.982,0.016
865500,0.002,0.982,0.016
866000,0.002,0.982,0.016
866500,0.002,0.982,0.016
867000,0.002,0.982,0.016
867500,0.002,0.982,0.016
868000,0.002,0.982,0.016
868500,0.002,0.982,0.016
869000,0.002,0.982,0.016
869500,0.002,0.982,0.016
870000,0.002,0.982,0.016
870500,0.002,0.982,0.016
871000,0.002,0.982,0.016
871500,0.002,0.982,0.016
872000,0.002,0.982,0.016
872500,0.002,0.982,0.016
873000,0.002,0.982,0.016
873500,0.002,0.982,0.016
874000,0.002,0.982,0.016
874500,0.002,0.982,0.016
875000,0.002,0.982,0.016
875500,0.002,0.982,0.016
876000,0.002,0.982,0.016
876500,0.002,0.982,0.016
877000,0.002,0.982,0.016
877500,0.002,0.982,0.016
878000,0.002,0.982,0.016
878500,0.002,0.982,0.016
879000,0.002,0.982,0.016
879500,0.002,0.982,0.016
880000,0.002,0.982,0.016
880500,0.002,0.982,0.016
881000,0.002,0.982,0.016
881500,0.002,0.982,0.016
882000,0.002,0.982,0.016
882500,0.002,0.982,0.016
883000,0.002,0.982,0.016
883500,0.002,0.982,0.016
884000,0.002,0.982,0.016
884500,0.002,0.982,0.016
885000,0.002,0.982,0.016
885500,0.002,0.982,0.016
886000,0.002,0.982,0.016
886500,0.002,0.982,0.016
887000,0.002,0.982,0.016
887500,0.002,0.982,0.016
888000,0.002,0.982,0.016
888500,0.002,0.982,0.016
889000,0.002,0.982,0.016
889500,0.002,0.982,0.016
890000,0.002,0.982,0.016
890500,0.002,0.982,0.016
891000,0.002,0.982,0.016
891500,0.002,0.982,0.016
892000,0.002,0.982,0.016
892500,0.002,0.982,0.016
893000,0.002,0.982,0.016
893500,0.002,0.982,0.016
894000,0.002,0.982,0.016
894500,0.002,0.982,0.016
895000,0.002,0.982,0.016
895500,0.002,0.982,0.016
896000,0.002,0.982,0.016
896500,0.002,0.982,0.016
897000,0.002,0.982,0.016
897500,0.002,0.982,0.016
898000,0.002,0.982,0.016
898500,0.002,0.982,0.016
899000,0.002,0.982,0.016
899500,0.002,0.982,0.016
900000,0.002,0.982,0.016
900500,0.002,0.982,0.016
901000,0.002,0.982,0.016
901500,0.002,0.982,0.016
902000,0.002,0.982,0.016
902500,0.002,0.982,0.016
903000,0.002,0.982,0.016
903500,0.002,0.982,0.016
904000,0.002,0.982,0.016
904500,0.002,0.982,0.016
905000,0.002,0.982,0.016
905500,0.002,0.982,0.016
906000,0.002,0.982,0.016
906500,0.002,0.982,0.016
907000,0.002,0.982,0.016
907500,0.002,0.982,0.016
908000,0.002,0.982,0.016
908500,0.002,0.982,0.016
909000,0.002,0.982,0.016
909500,0.002,0.982,0.016
910000,0.002,0.982,0.016
910500,0.002,0.982,0.016
911000,0.002,0.982,0.016
911500,0.002,0.982,0.016
912000,0.002,0.982,0.016
912500,0.002,0.982,0.016
913000,0.002,0.982,0.016
913500,0.002,0.982,0.016
914000,0.002,0.982,0.016
914500,0.002,0.982,0.016
915000,0.002,0.982,0.016
915500,0.002,0.982,0.016
916000,0.002,0.982,0.016
916500,0.002,0.982,0.016
917000,0.002,0.982,0.016
917500,0.002,0.982,0.016
918000,0.002,0.982,0.016
918500,0.002,0.982,0.016
919000,0.002,0.982,0.016
919500,0.002,0.982,0.016
920000,0.002,0.983,0.015
920500,0.002,0.983,0.015
921000,0.002,0.983,0.015
921500,0.002,0.983,0.015
922000,0.002,0.983,0.015
922500,0.002,0.983,0.015
923000,0.002,0.983,0.015
923500,0.002,0.983,0.015
924000,0.002,0.983,0.015
924500,0.002,0.983,0.015
925000,0.002,0.983,0.015
925500,0.002,0.983,0.015
926000,0.002,0.983,0.015
926500,0.002,0.983,0.015
927000,0.002,0.983,0.015
927500,0.002,0.983,0.015
928000,0.002,0.983,0.015
928500,0.002,0.983,0.015
929000,0.002,0.983,0.015
929500,0.002,0.983,0.015
930000,0.002,0.983,0.015
930500,0.002,0.983,0.015
931000,0.002,0.983,0.015
931500,0.002,0.983,0.015
932000,0.002,0.983,0.015
932500,0.002,0.983,0.015
933000,0.002,0.983,0.015
933500,0.002,0.983,0.015
934000,0.002,0.983,0.015
934500,0.002,0.983,0.015
935000,0.002,0.983,0.015
935500,0.002,0.983,0.015
936000,0.002,0.983,0.015
936500,0.002,0.983,0.015
937000,0.002,0.983,0.015
937500,0.002,0.984,0.014
938000,0.002,0.984,0.014
938500,0.002,0.984,0.014
939000,0.002,0.984,0.014
939500,0.002,0.984,0.014
940000,0.002,0.984,0.014
940500,0.002,0.984,0.014
941000,0.002,0.984,0.014
941500,0.002,0.984,0.014
942000,0.002,0.984,0.014
942500,0.002,0.984,0.014
943000,0.002,0.984,0.014
943500,0.002,0.984,0.014
944000,0.002,0.984,0.014
944500,0.002,0.984,0.014
945000,0.002,0.984,0.014
945500,0.002,0.984,0.014
946000,0.002,0.984,0.014
946500,0.002,0.984,0.014
947000,0.002,0.984,0.014
947500,0.002,0.984,0.014
948000,0.002,0.984,0.014
948500,0.002,0.984,0.014
949000,0.002,0.984,0.014
949500,0.002,0.984,0.014
950000,0.002,0.984,0.014
950500,0.002,0.984,0.014
951000,0.002,0.984,0.014
951500,0.002,0.984,0.014
952000,0.002,0.984,0.014
952500,0.002,0.984,0.014
953000,0.002,0.984,0.014
953500,0.002,0.984,0.014
954000,0.002,0.984,0.014
954500,0.002,0.984,0.014
955000,0.002,0.984,0.014
955500,0.002,0.984,0.014
956000,0.002,0.984,0.014
956500,0.002,0.984,0.014
957000,0.002,0.984,0.014
957500,0.002,0.984,0.014
958000,0.002,0.984,0.014
958500,0.002,0.984,0.014
959000,0.002,0.984,0.014
959500,0.002,0.984,0.014
960000,0.002,0.984,0.014
960500,0.002,0.984,0.014
961000,0.002,0.984,0.014
961500,0.002,0.984,0.014
962000,0.002,0.984,0.014
962500,0.002,0.984,0.014
963000,0.002,0.984,0.014
963500,0.002,0.984,0.014
964000,0.002,0.984,0.014
964500,0.002,0.984,0.014
965000,0.002,0.984,0.014
965500,0.002,0.984,0.014
966000,0.002,0.984,0.014
966500,0.002,0.984,0.014
967000,0.002,0.984,0.014
967500,0.002,0.984,0.014
968000,0.002,0.984,0.014
968500,0.002,0.984,0.014
969000,0.002,0.984,0.014
969500,0.002,0.984,0.014
970000,0.002,0.984,0.014
970500,0.002,0.985,0.013
971000,0.002,0.985,0.013
971500,0.002,0.985,0.013
972000,0.002,0.985,0.013
972500,0.002,0.985,0.013
973000,0.002,0.985,0.013
973500,0.002,0.985,0.013
974000,0.002,0.985,0.013
974500,0.002,0.985,0.013
975000,0.002,0.985,0.013
975500,0.001,0.985,0.014
976000,0.001,0.985,0.014
976500,0.001,0.985,0.014
977000,0.001,0.985,0.014
977500,0.001,0.985,0.014
978000,0.001,0.985,0.014
978500,0.001,0.985,0.014
979000,0.001,0.985,0.014
979500,0.001,0.985,0.014
980000,0.001,0.985,0.014
980500,0.001,0.985,0.014
981000,0.001,0.985,0.014
981500,0.001,0.985,0.014
982000,0.001,0.985,0.014
982500,0.001,0.985,0.014
983000,0.001,0.985,0.014
983500,0.001,0.985,0.014
984000,0.001,0.985,0.014
984500,0.001,0.985,0.014
985000,0.001,0.985,0.014
985500,0.001,0.985,0.014
986000,0.001,0.985,0.014
986500,0.001,0.985,0.014
987000,0.001,0.986,0.013
987500,0.001,0.986,0.013
988000,0.001,0.986,0.013
988500,0.001,0.986,0.013
989000,0.001,0.986,0.013
989500,0.001,0.986,0.013
990000,0.001,0.986,0.013
990500,0.001,0.986,0.013
991000,0.001,0.986,0.013
991500,0.001,0.986,0.013
992000,0.001,0.986,0.013
992500,0.001,0.986,0.013
993000,0.001,0.986,0.013
993500,0.001,0.986,0.013
994000,0.001,0.986,0.013
994500,0.001,0.986,0.013
995000,0.001,0.986,0.013
995500,0.001,0.986,0.013
996000,0.001,0.986,0.013
996500,0.001,0.986,0.013
997000,0.001,0.986,0.013
997500,0.001,0.986,0.013
998000,0.001,0.986,0.013
998500,0.001,0.986,0.013
999000,0.001,0.986,0.013
999500,0.001,0.987,0.012
1000000,0.001,0.987,0.012
