time,n_A+p,n_B,n_AB
500,0.291,0.003,0.706
1000,0.214,0.000,0.786
1500,0.271,0.000,0.729
2000,0.403,0.000,0.597
2500,0.326,0.000,0.674
3000,0.298,0.000,0.702
3500,0.479,0.000,0.521
4000,0.335,0.000,0.665
4500,0.438,0.000,0.562
5000,0.442,0.000,0.558
5500,0.273,0.000,0.727
6000,0.289,0.000,0.711
6500,0.269,0.000,0.731
7000,0.282,0.000,0.718
7500,0.356,0.000,0.644
8000,0.255,0.000,0.745
8500,0.375,0.000,0.625
9000,0.289,0.000,0.711
9500,0.313,0.000,0.687
10000,0.288,0.000,0.712
10500,0.297,0.000,0.703
11000,0.272,0.000,0.728
11500,0.294,0.000,0.706
12000,0.308,0.000,0.692
12500,0.230,0.000,0.770
13000,0.273,0.000,0.727
13500,0.263,0.000,0.737
14000,0.323,0.000,0.677
14500,0.384,0.000,0.616
15000,0.271,0.000,0.729
15500,0.357,0.000,0.643
16000,0.283,0.000,0.717
16500,0.225,0.000,0.775
17000,0.387,0.000,0.613
17500,0.389,0.000,0.611
18000,0.340,0.000,0.660
18500,0.287,0.000,0.713
19000,0.311,0.000,0.689
19500,0.366,0.000,0.634
20000,0.486,0.000,0.514
20500,0.412,0.000,0.588
21000,0.368,0.000,0.632
21500,0.361,0.000,0.639
22000,0.214,0.000,0.786
22500,0.412,0.000,0.588
23000,0.318,0.000,0.682
23500,0.307,0.000,0.693
24000,0.345,0.000,0.655
24500,0.300,0.000,0.700
25000,0.279,0.000,0.721
25500,0.275,0.000,0.725
26000,0.307,0.000,0.693
26500,0.178,0.000,0.822
27000,0.249,0.000,0.751
27500,0.371,0.000,0.629
28000,0.220,0.000,0.780
28500,0.356,0.000,0.644
29000,0.333,0.000,0.667
29500,0.362,0.000,0.638
30000,0.219,0.000,0.781
30500,0.475,0.000,0.525
31000,0.233,0.000,0.767
31500,0.338,0.000,0.662
32000,0.286,0.000,0.714
32500,0.390,0.000,0.610
33000,0.484,0.000,0.516
33500,0.361,0.000,0.639
34000,0.360,0.000,0.640
34500,0.273,0.000,0.727
35000,0.230,0.000,0.770
35500,0.380,0.000,0.620
36000,0.315,0.000,0.685
36500,0.449,0.000,0.551
37000,0.195,0.000,0.805
37500,0.568,0.000,0.432
38000,0.213,0.000,0.787
38500,0.307,0.000,0.693
39000,0.267,0.000,0.733
39500,0.318,0.000,0.682
40000,0.234,0.000,0.766
40500,0.376,0.000,0.624
41000,0.148,0.024,0.828
41500,0.452,0.000,0.548
42000,0.388,0.000,0.612
42500,0.334,0.000,0.666
43000,0.255,0.000,0.745
43500,0.325,0.000,0.675
44000,0.343,0.000,0.657
44500,0.359,0.000,0.641
45000,0.311,0.000,0.689
45500,0.353,0.000,0.647
46000,0.261,0.000,0.739
46500,0.287,0.000,0.713
47000,0.282,0.000,0.718
47500,0.370,0.000,0.630
48000,0.344,0.000,0.656
48500,0.301,0.000,0.699
49000,0.330,0.000,0.670
49500,0.296,0.000,0.704
50000,0.381,0.000,0.619
50500,0.455,0.000,0.545
51000,0.411,0.000,0.589
51500,0.342,0.000,0.658
52000,0.388,0.000,0.612
52500,0.360,0.000,0.640
53000,0.344,0.000,0.656
53500,0.246,0.000,0.754
54000,0.203,0.000,0.797
54500,0.212,0.000,0.788
55000,0.427,0.000,0.573
55500,0.309,0.000,0.691
56000,0.188,0.000,0.812
56500,0.378,0.000,0.622
57000,0.329,0.000,0.671
57500,0.348,0.000,0.652
58000,0.310,0.000,0.690
58500,0.347,0.000,0.653
59000,0.362,0.000,0.638
59500,0.407,0.000,0.593
60000,0.266,0.000,0.734
60500,0.305,0.000,0.695
61000,0.432,0.000,0.568
61500,0.300,0.000,0.700
62000,0.305,0.000,0.695
62500,0.328,0.000,0.672
63000,0.375,0.000,0.625
63500,0.390,0.000,0.610
64000,0.369,0.000,0.631
64500,0.291,0.000,0.709
65000,0.319,0.000,0.681
65500,0.410,0.000,0.590
66000,0.279,0.000,0.721
66500,0.356,0.000,0.644
67000,0.395,0.000,0.605
67500,0.414,0.000,0.586
68000,0.266,0.000,0.734
68500,0.561,0.000,0.439
69000,0.484,0.000,0.516
69500,0.377,0.000,0.623
70000,0.366,0.000,0.634
70500,0.349,0.000,0.651
71000,0.449,0.000,0.551
71500,0.285,0.000,0.715
72000,0.457,0.000,0.543
72500,0.305,0.000,0.695
73000,0.321,0.000,0.679
73500,0.329,0.000,0.671
74000,0.310,0.000,0.690
74500,0.365,0.000,0.635
75000,0.347,0.000,0.653
75500,0.447,0.000,0.553
76000,0.322,0.000,0.678
76500,0.202,0.000,0.798
77000,0.370,0.000,0.630
77500,0.331,0.000,0.669
78000,0.202,0.000,0.798
78500,0.316,0.000,0.684
79000,0.410,0.000,0.590
79500,0.459,0.000,0.541
80000,0.437,0.000,0.563
80500,0.184,0.000,0.816
81000,0.265,0.000,0.735
81500,0.401,0.000,0.599
82000,0.337,0.000,0.663
82500,0.287,0.000,0.713
83000,0.260,0.000,0.740
83500,0.481,0.000,0.519
84000,0.312,0.000,0.688
84500,0.263,0.000,0.737
85000,0.391,0.000,0.609
85500,0.270,0.000,0.730
86000,0.297,0.000,0.703
86500,0.246,0.000,0.754
87000,0.348,0.000,0.652
87500,0.289,0.000,0.711
88000,0.281,0.000,0.719
88500,0.460,0.000,0.540
89000,0.266,0.000,0.734
89500,0.359,0.000,0.641
90000,0.317,0.000,0.683
90500,0.380,0.000,0.620
91000,0.211,0.000,0.789
91500,0.360,0.000,0.640
92000,0.253,0.000,0.747
92500,0.212,0.000,0.788
93000,0.168,0.000,0.832
93500,0.305,0.000,0.695
94000,0.315,0.000,0.685
94500,0.263,0.000,0.737
95000,0.311,0.000,0.689
95500,0.226,0.000,0.774
96000,0.359,0.000,0.641
96500,0.317,0.000,0.683
97000,0.412,0.000,0.588
97500,0.233,0.000,0.767
98000,0.557,0.000,0.443
98500,0.261,0.000,0.739
99000,0.407,0.000,0.593
99500,0.360,0.000,0.640
100000,0.279,0.000,0.721
100500,0.312,0.000,0.688
101000,0.382,0.000,0.618
101500,0.443,0.000,0.557
102000,0.352,0.000,0.648
102500,0.524,0.000,0.476
103000,0.213,0.000,0.787
103500,0.364,0.000,0.636
104000,0.295,0.000,0.705
104500,0.380,0.000,0.620
105000,0.249,0.000,0.751
105500,0.369,0.000,0.631
106000,0.309,0.000,0.691
106500,0.386,0.000,0.614
107000,0.175,0.000,0.825
107500,0.270,0.000,0.730
108000,0.458,0.000,0.542
108500,0.364,0.000,0.636
109000,0.516,0.000,0.484
109500,0.394,0.000,0.606
110000,0.391,0.000,0.609
110500,0.426,0.000,0.574
111000,0.496,0.000,0.504
111500,0.282,0.000,0.718
112000,0.406,0.000,0.594
112500,0.313,0.000,0.687
113000,0.429,0.000,0.571
113500,0.330,0.000,0.670
114000,0.364,0.000,0.636
114500,0.273,0.000,0.727
115000,0.222,0.000,0.778
115500,0.355,0.000,0.645
116000,0.326,0.000,0.674
116500,0.287,0.000,0.713
117000,0.370,0.000,0.630
117500,0.253,0.000,0.747
118000,0.372,0.000,0.628
118500,0.270,0.000,0.730
119000,0.306,0.000,0.694
119500,0.342,0.000,0.658
120000,0.295,0.000,0.705
120500,0.260,0.000,0.740
121000,0.243,0.000,0.757
121500,0.180,0.000,0.820
122000,0.348,0.000,0.652
122500,0.373,0.000,0.627
123000,0.298,0.000,0.702
123500,0.270,0.000,0.730
124000,0.378,0.000,0.622
124500,0.436,0.000,0.564
125000,0.167,0.000,0.833
125500,0.341,0.000,0.659
126000,0.251,0.000,0.749
126500,0.296,0.000,0.704
127000,0.634,0.000,0.366
127500,0.458,0.000,0.542
128000,0.237,0.000,0.763
128500,0.322,0.000,0.678
129000,0.474,0.000,0.526
129500,0.331,0.000,0.669
130000,0.271,0.000,0.729
130500,0.396,0.000,0.604
131000,0.351,0.000,0.649
131500,0.357,0.000,0.643
132000,0.358,0.000,0.642
132500,0.310,0.000,0.690
133000,0.345,0.000,0.655
133500,0.270,0.000,0.730
134000,0.383,0.000,0.617
134500,0.312,0.000,0.688
135000,0.421,0.000,0.579
135500,0.327,0.000,0.673
136000,0.275,0.000,0.725
136500,0.456,0.000,0.544
137000,0.430,0.000,0.570
137500,0.450,0.000,0.550
138000,0.376,0.000,0.624
138500,0.389,0.000,0.611
139000,0.505,0.000,0.495
139500,0.205,0.000,0.795
140000,0.343,0.000,0.657
140500,0.384,0.000,0.616
141000,0.345,0.000,0.655
141500,0.451,0.000,0.549
142000,0.233,0.000,0.767
142500,0.417,0.000,0.583
143000,0.306,0.000,0.694
143500,0.489,0.000,0.511
144000,0.212,0.000,0.788
144500,0.356,0.000,0.644
145000,0.224,0.000,0.776
145500,0.342,0.000,0.658
146000,0.309,0.000,0.691
146500,0.373,0.000,0.627
147000,0.375,0.000,0.625
147500,0.311,0.000,0.689
148000,0.367,0.000,0.633
148500,0.319,0.000,0.681
149000,0.368,0.000,0.632
149500,0.307,0.000,0.693
150000,0.467,0.000,0.533
150500,0.457,0.000,0.543
151000,0.254,0.000,0.746
151500,0.307,0.000,0.693
152000,0.403,0.000,0.597
152500,0.252,0.000,0.748
153000,0.335,0.000,0.665
153500,0.455,0.000,0.545
154000,0.277,0.000,0.723
154500,0.417,0.000,0.583
155000,0.271,0.000,0.729
155500,0.380,0.000,0.620
156000,0.367,0.000,0.633
156500,0.332,0.000,0.668
157000,0.261,0.000,0.739
157500,0.355,0.000,0.645
158000,0.285,0.000,0.715
158500,0.275,0.000,0.725
159000,0.370,0.000,0.630
159500,0.274,0.000,0.726
160000,0.425,0.000,0.575
160500,0.216,0.000,0.784
161000,0.476,0.000,0.524
161500,0.341,0.000,0.659
162000,0.409,0.000,0.591
162500,0.236,0.000,0.764
163000,0.301,0.000,0.699
163500,0.330,0.000,0.670
164000,0.312,0.000,0.688
164500,0.295,0.000,0.705
165000,0.271,0.000,0.729
165500,0.426,0.000,0.574
166000,0.396,0.000,0.604
166500,0.363,0.000,0.637
167000,0.276,0.000,0.724
167500,0.230,0.000,0.770
168000,0.405,0.000,0.595
168500,0.398,0.000,0.602
169000,0.296,0.000,0.704
169500,0.470,0.000,0.530
170000,0.336,0.000,0.664
170500,0.270,0.000,0.730
171000,0.388,0.000,0.612
171500,0.330,0.000,0.670
172000,0.194,0.000,0.806
172500,0.229,0.000,0.771
173000,0.343,0.000,0.657
173500,0.358,0.000,0.642
174000,0.532,0.000,0.468
174500,0.384,0.000,0.616
175000,0.326,0.000,0.674
175500,0.254,0.000,0.746
176000,0.225,0.000,0.775
176500,0.324,0.000,0.676
177000,0.355,0.000,0.645
177500,0.495,0.000,0.505
178000,0.526,0.000,0.474
178500,0.398,0.000,0.602
179000,0.291,0.000,0.709
179500,0.260,0.000,0.740
180000,0.395,0.000,0.605
180500,0.397,0.000,0.603
181000,0.195,0.000,0.805
181500,0.292,0.000,0.708
182000,0.261,0.000,0.739
182500,0.228,0.000,0.772
183000,0.400,0.000,0.600
183500,0.407,0.000,0.593
184000,0.401,0.000,0.599
184500,0.244,0.000,0.756
185000,0.350,0.000,0.650
185500,0.246,0.000,0.754
186000,0.203,0.000,0.797
186500,0.301,0.000,0.699
187000,0.306,0.000,0.694
187500,0.364,0.000,0.636
188000,0.384,0.000,0.616
188500,0.252,0.000,0.748
189000,0.434,0.000,0.566
189500,0.304,0.000,0.696
190000,0.263,0.000,0.737
190500,0.322,0.000,0.678
191000,0.194,0.000,0.806
191500,0.207,0.000,0.793
192000,0.325,0.000,0.675
192500,0.321,0.000,0.679
193000,0.306,0.000,0.694
193500,0.291,0.000,0.709
194000,0.400,0.000,0.600
194500,0.416,0.000,0.584
195000,0.340,0.000,0.660
195500,0.340,0.000,0.660
196000,0.287,0.000,0.713
196500,0.374,0.000,0.626
197000,0.268,0.000,0.732
197500,0.298,0.000,0.702
198000,0.182,0.000,0.818
198500,0.260,0.000,0.740
199000,0.186,0.000,0.814
199500,0.381,0.000,0.619
200000,0.316,0.000,0.684
200500,0.321,0.000,0.679
201000,0.194,0.000,0.806
201500,0.295,0.000,0.705
202000,0.177,0.000,0.823
202500,0.249,0.000,0.751
203000,0.368,0.000,0.632
203500,0.227,0.000,0.773
204000,0.220,0.000,0.780
204500,0.302,0.000,0.698
205000,0.260,0.000,0.740
205500,0.412,0.000,0.588
206000,0.463,0.000,0.537
206500,0.361,0.000,0.639
207000,0.188,0.000,0.812
207500,0.369,0.000,0.631
208000,0.443,0.000,0.557
208500,0.407,0.000,0.593
209000,0.445,0.000,0.555
209500,0.489,0.000,0.511
210000,0.428,0.000,0.572
210500,0.273,0.000,0.727
211000,0.472,0.000,0.528
211500,0.280,0.000,0.720
212000,0.282,0.000,0.718
212500,0.294,0.000,0.706
213000,0.365,0.000,0.635
213500,0.294,0.000,0.706
214000,0.323,0.000,0.677
214500,0.437,0.000,0.563
215000,0.245,0.000,0.755
215500,0.352,0.000,0.648
216000,0.207,0.000,0.793
216500,0.284,0.000,0.716
217000,0.275,0.000,0.725
217500,0.330,0.000,0.670
218000,0.245,0.000,0.755
218500,0.346,0.000,0.654
219000,0.450,0.000,0.550
219500,0.409,0.000,0.591
220000,0.291,0.000,0.709
220500,0.289,0.000,0.711
221000,0.390,0.000,0.610
221500,0.411,0.000,0.589
222000,0.192,0.000,0.808
222500,0.311,0.000,0.689
223000,0.293,0.000,0.707
223500,0.343,0.000,0.657
224000,0.289,0.000,0.711
224500,0.291,0.000,0.709
225000,0.448,0.000,0.552
225500,0.330,0.000,0.670
226000,0.303,0.000,0.697
226500,0.462,0.000,0.538
227000,0.358,0.000,0.642
227500,0.327,0.000,0.673
228000,0.432,0.000,0.568
228500,0.383,0.000,0.617
229000,0.446,0.000,0.554
229500,0.376,0.000,0.624
230000,0.339,0.000,0.661
230500,0.438,0.000,0.562
231000,0.322,0.000,0.678
231500,0.450,0.000,0.550
232000,0.250,0.000,0.750
232500,0.262,0.000,0.738
233000,0.325,0.000,0.675
233500,0.326,0.000,0.674
234000,0.346,0.000,0.654
234500,0.355,0.000,0.645
235000,0.297,0.000,0.703
235500,0.228,0.000,0.772
236000,0.365,0.000,0.635
236500,0.348,0.000,0.652
237000,0.300,0.000,0.700
237500,0.271,0.000,0.729
238000,0.382,0.000,0.618
238500,0.409,0.000,0.591
239000,0.291,0.000,0.709
239500,0.341,0.000,0.659
240000,0.389,0.000,0.611
240500,0.237,0.000,0.763
241000,0.324,0.000,0.676
241500,0.312,0.000,0.688
242000,0.436,0.000,0.564
242500,0.342,0.000,0.658
243000,0.455,0.000,0.545
243500,0.246,0.000,0.754
244000,0.338,0.000,0.662
244500,0.328,0.000,0.672
245000,0.343,0.000,0.657
245500,0.496,0.000,0.504
246000,0.269,0.000,0.731
246500,0.425,0.000,0.575
247000,0.364,0.000,0.636
247500,0.286,0.000,0.714
248000,0.415,0.000,0.585
248500,0.460,0.000,0.540
249000,0.519,0.000,0.481
249500,0.262,0.000,0.738
250000,0.351,0.000,0.649
250500,0.297,0.000,0.703
251000,0.413,0.000,0.587
251500,0.200,0.000,0.800
252000,0.302,0.000,0.698
252500,0.337,0.000,0.663
253000,0.412,0.000,0.588
253500,0.362,0.000,0.638
254000,0.339,0.000,0.661
254500,0.206,0.000,0.794
255000,0.392,0.000,0.608
255500,0.335,0.000,0.665
256000,0.351,0.000,0.649
256500,0.360,0.000,0.640
257000,0.388,0.000,0.612
257500,0.218,0.000,0.782
258000,0.398,0.000,0.602
258500,0.468,0.000,0.532
259000,0.262,0.000,0.738
259500,0.232,0.000,0.768
260000,0.345,0.000,0.655
260500,0.410,0.000,0.590
261000,0.415,0.000,0.585
261500,0.226,0.000,0.774
262000,0.258,0.000,0.742
262500,0.478,0.000,0.522
263000,0.358,0.000,0.642
263500,0.463,0.000,0.537
264000,0.337,0.000,0.663
264500,0.276,0.000,0.724
265000,0.346,0.000,0.654
265500,0.346,0.000,0.654
266000,0.478,0.000,0.522
266500,0.238,0.000,0.762
267000,0.344,0.000,0.656
267500,0.396,0.000,0.604
268000,0.243,0.000,0.757
268500,0.293,0.000,0.707
269000,0.287,0.000,0.713
269500,0.377,0.000,0.623
270000,0.385,0.000,0.615
270500,0.238,0.000,0.762
271000,0.213,0.000,0.787
271500,0.253,0.000,0.747
272000,0.430,0.000,0.570
272500,0.266,0.000,0.734
273000,0.397,0.000,0.603
273500,0.439,0.000,0.561
274000,0.311,0.000,0.689
274500,0.322,0.000,0.678
275000,0.325,0.000,0.675
275500,0.337,0.000,0.663
276000,0.352,0.000,0.648
276500,0.256,0.000,0.744
277000,0.352,0.000,0.648
277500,0.420,0.000,0.580
278000,0.329,0.000,0.671
278500,0.336,0.000,0.664
279000,0.450,0.000,0.550
279500,0.322,0.000,0.678
280000,0.397,0.000,0.603
280500,0.286,0.000,0.714
281000,0.234,0.000,0.766
281500,0.191,0.000,0.809
282000,0.390,0.000,0.610
282500,0.356,0.000,0.644
283000,0.419,0.000,0.581
283500,0.229,0.000,0.771
284000,0.350,0.000,0.650
284500,0.137,0.000,0.863
285000,0.185,0.000,0.815
285500,0.338,0.000,0.662
286000,0.238,0.000,0.762
286500,0.261,0.000,0.739
287000,0.417,0.000,0.583
287500,0.251,0.000,0.749
288000,0.286,0.000,0.714
288500,0.335,0.000,0.665
289000,0.328,0.000,0.672
289500,0.434,0.000,0.566
290000,0.331,0.000,0.669
290500,0.419,0.000,0.581
291000,0.364,0.000,0.636
291500,0.429,0.000,0.571
292000,0.368,0.000,0.632
292500,0.528,0.000,0.472
293000,0.386,0.000,0.614
293500,0.214,0.000,0.786
294000,0.245,0.000,0.755
294500,0.288,0.000,0.712
295000,0.359,0.000,0.641
295500,0.354,0.000,0.646
296000,0.377,0.000,0.623
296500,0.310,0.000,0.690
297000,0.280,0.000,0.720
297500,0.195,0.000,0.805
298000,0.313,0.000,0.687
298500,0.212,0.000,0.788
299000,0.371,0.000,0.629
299500,0.328,0.000,0.672
300000,0.343,0.000,0.657
300500,0.261,0.000,0.739
301000,0.287,0.000,0.713
301500,0.341,0.000,0.659
302000,0.333,0.000,0.667
302500,0.234,0.000,0.766
303000,0.208,0.000,0.792
303500,0.520,0.000,0.480
304000,0.247,0.000,0.753
304500,0.368,0.000,0.632
305000,0.250,0.000,0.750
305500,0.431,0.000,0.569
306000,0.453,0.000,0.547
306500,0.436,0.000,0.564
307000,0.406,0.000,0.594
307500,0.303,0.000,0.697
308000,0.374,0.000,0.626
308500,0.358,0.000,0.642
309000,0.374,0.000,0.626
309500,0.187,0.000,0.813
310000,0.283,0.000,0.717
310500,0.564,0.000,0.436
311000,0.311,0.000,0.689
311500,0.394,0.000,0.606
312000,0.407,0.000,0.593
312500,0.291,0.000,0.709
313000,0.219,0.000,0.781
313500,0.335,0.000,0.665
314000,0.433,0.000,0.567
314500,0.342,0.000,0.658
315000,0.211,0.000,0.789
315500,0.346,0.000,0.654
316000,0.280,0.000,0.720
316500,0.399,0.000,0.601
317000,0.278,0.000,0.722
317500,0.342,0.000,0.658
318000,0.369,0.000,0.631
318500,0.272,0.000,0.728
319000,0.297,0.000,0.703
319500,0.432,0.000,0.568
320000,0.335,0.000,0.665
320500,0.510,0.000,0.490
321000,0.401,0.000,0.599
321500,0.384,0.000,0.616
322000,0.335,0.000,0.665
322500,0.415,0.000,0.585
323000,0.303,0.000,0.697
323500,0.355,0.000,0.645
324000,0.308,0.000,0.692
324500,0.444,0.000,0.556
325000,0.311,0.000,0.689
325500,0.347,0.000,0.653
326000,0.264,0.000,0.736
326500,0.278,0.000,0.722
327000,0.268,0.000,0.732
327500,0.469,0.000,0.531
328000,0.373,0.000,0.627
328500,0.304,0.000,0.696
329000,0.445,0.000,0.555
329500,0.186,0.000,0.814
330000,0.215,0.000,0.785
330500,0.434,0.000,0.566
331000,0.314,0.000,0.686
331500,0.396,0.000,0.604
332000,0.284,0.000,0.716
332500,0.610,0.000,0.390
333000,0.255,0.000,0.745
333500,0.326,0.000,0.674
334000,0.262,0.000,0.738
334500,0.417,0.000,0.583
335000,0.387,0.000,0.613
335500,0.266,0.000,0.734
336000,0.492,0.000,0.508
336500,0.285,0.000,0.715
337000,0.434,0.000,0.566
337500,0.328,0.000,0.672
338000,0.372,0.000,0.628
338500,0.434,0.000,0.566
339000,0.368,0.000,0.632
339500,0.313,0.000,0.687
340000,0.359,0.000,0.641
340500,0.302,0.000,0.698
341000,0.357,0.000,0.643
341500,0.441,0.000,0.559
342000,0.325,0.000,0.675
342500,0.203,0.000,0.797
343000,0.243,0.000,0.757
343500,0.333,0.000,0.667
344000,0.344,0.000,0.656
344500,0.247,0.000,0.753
345000,0.310,0.000,0.690
345500,0.335,0.000,0.665
346000,0.313,0.000,0.687
346500,0.223,0.000,0.777
347000,0.344,0.000,0.656
347500,0.351,0.000,0.649
348000,0.233,0.000,0.767
348500,0.243,0.000,0.757
349000,0.273,0.000,0.727
349500,0.417,0.000,0.583
350000,0.468,0.000,0.532
350500,0.367,0.000,0.633
351000,0.432,0.000,0.568
351500,0.224,0.000,0.776
352000,0.213,0.000,0.787
352500,0.435,0.000,0.565
353000,0.376,0.000,0.624
353500,0.328,0.000,0.672
354000,0.421,0.000,0.579
354500,0.209,0.000,0.791
355000,0.391,0.000,0.609
355500,0.311,0.000,0.689
356000,0.271,0.000,0.729
356500,0.331,0.000,0.669
357000,0.241,0.000,0.759
357500,0.367,0.000,0.633
358000,0.259,0.000,0.741
358500,0.358,0.000,0.642
359000,0.298,0.000,0.702
359500,0.359,0.000,0.641
360000,0.379,0.000,0.621
360500,0.264,0.000,0.736
361000,0.247,0.000,0.753
361500,0.306,0.000,0.694
362000,0.364,0.000,0.636
362500,0.447,0.000,0.553
363000,0.379,0.000,0.621
363500,0.342,0.000,0.658
364000,0.253,0.000,0.747
364500,0.254,0.000,0.746
365000,0.330,0.000,0.670
365500,0.384,0.000,0.616
366000,0.409,0.000,0.591
366500,0.237,0.000,0.763
367000,0.240,0.000,0.760
367500,0.194,0.000,0.806
368000,0.307,0.000,0.693
368500,0.606,0.000,0.394
369000,0.426,0.000,0.574
369500,0.282,0.000,0.718
370000,0.388,0.000,0.612
370500,0.541,0.000,0.459
371000,0.319,0.000,0.681
371500,0.466,0.000,0.534
372000,0.245,0.000,0.755
372500,0.521,0.000,0.479
373000,0.263,0.000,0.737
373500,0.230,0.000,0.770
374000,0.428,0.000,0.572
374500,0.339,0.000,0.661
375000,0.397,0.000,0.603
375500,0.288,0.000,0.712
376000,0.276,0.000,0.724
376500,0.205,0.000,0.795
377000,0.283,0.000,0.717
377500,0.389,0.000,0.611
378000,0.285,0.000,0.715
378500,0.309,0.000,0.691
379000,0.508,0.000,0.492
379500,0.379,0.000,0.621
380000,0.386,0.000,0.614
380500,0.271,0.000,0.729
381000,0.302,0.000,0.698
381500,0.129,0.000,0.871
382000,0.182,0.000,0.818
382500,0.422,0.000,0.578
383000,0.295,0.000,0.705
383500,0.261,0.000,0.739
384000,0.419,0.000,0.581
384500,0.265,0.000,0.735
385000,0.373,0.000,0.627
385500,0.278,0.000,0.722
386000,0.348,0.000,0.652
386500,0.286,0.000,0.714
387000,0.389,0.000,0.611
387500,0.336,0.000,0.664
388000,0.231,0.000,0.769
388500,0.232,0.000,0.768
389000,0.355,0.000,0.645
389500,0.432,0.000,0.568
390000,0.324,0.000,0.676
390500,0.310,0.000,0.690
391000,0.346,0.000,0.654
391500,0.251,0.000,0.749
392000,0.240,0.000,0.760
392500,0.451,0.000,0.549
393000,0.357,0.000,0.643
393500,0.225,0.000,0.775
394000,0.584,0.000,0.416
394500,0.275,0.000,0.725
395000,0.366,0.000,0.634
395500,0.443,0.000,0.557
396000,0.304,0.000,0.696
396500,0.318,0.000,0.682
397000,0.149,0.000,0.851
397500,0.392,0.000,0.608
398000,0.384,0.000,0.616
398500,0.327,0.000,0.673
399000,0.178,0.000,0.822
399500,0.350,0.000,0.650
400000,0.401,0.000,0.599
400500,0.404,0.000,0.596
401000,0.200,0.000,0.800
401500,0.269,0.000,0.731
402000,0.395,0.000,0.605
402500,0.313,0.000,0.687
403000,0.383,0.000,0.617
403500,0.437,0.000,0.563
404000,0.406,0.000,0.594
404500,0.573,0.000,0.427
405000,0.348,0.000,0.652
405500,0.456,0.000,0.544
406000,0.429,0.000,0.571
406500,0.399,0.000,0.601
407000,0.407,0.000,0.593
407500,0.278,0.000,0.722
408000,0.266,0.000,0.734
408500,0.441,0.000,0.559
409000,0.530,0.000,0.470
409500,0.396,0.000,0.604
410000,0.327,0.000,0.673
410500,0.385,0.000,0.615
411000,0.422,0.000,0.578
411500,0.501,0.000,0.499
412000,0.480,0.000,0.520
412500,0.358,0.000,0.642
413000,0.258,0.000,0.742
413500,0.505,0.000,0.495
414000,0.321,0.000,0.679
414500,0.221,0.000,0.779
415000,0.404,0.000,0.596
415500,0.486,0.000,0.514
416000,0.377,0.000,0.623
416500,0.278,0.000,0.722
417000,0.292,0.000,0.708
417500,0.296,0.000,0.704
418000,0.397,0.000,0.603
418500,0.205,0.000,0.795
419000,0.373,0.000,0.627
419500,0.276,0.000,0.724
420000,0.314,0.000,0.686
420500,0.417,0.000,0.583
421000,0.327,0.000,0.673
421500,0.384,0.000,0.616
422000,0.251,0.000,0.749
422500,0.305,0.000,0.695
423000,0.260,0.000,0.740
423500,0.359,0.000,0.641
424000,0.324,0.000,0.676
424500,0.452,0.000,0.548
425000,0.351,0.000,0.649
425500,0.309,0.000,0.691
426000,0.413,0.000,0.587
426500,0.268,0.000,0.732
427000,0.327,0.000,0.673
427500,0.285,0.000,0.715
428000,0.299,0.000,0.701
428500,0.343,0.000,0.657
429000,0.450,0.000,0.550
429500,0.321,0.000,0.679
430000,0.209,0.000,0.791
430500,0.217,0.000,0.783
431000,0.284,0.000,0.716
431500,0.600,0.000,0.400
432000,0.361,0.000,0.639
432500,0.422,0.000,0.578
433000,0.238,0.000,0.762
433500,0.286,0.000,0.714
434000,0.323,0.000,0.677
434500,0.300,0.000,0.700
435000,0.342,0.000,0.658
435500,0.261,0.000,0.739
436000,0.315,0.000,0.685
436500,0.402,0.000,0.598
437000,0.304,0.000,0.696
437500,0.380,0.000,0.620
438000,0.340,0.000,0.660
438500,0.259,0.000,0.741
439000,0.181,0.000,0.819
439500,0.337,0.000,0.663
440000,0.405,0.000,0.595
440500,0.392,0.000,0.608
441000,0.368,0.000,0.632
441500,0.414,0.000,0.586
442000,0.245,0.000,0.755
442500,0.205,0.000,0.795
443000,0.255,0.000,0.745
443500,0.415,0.000,0.585
444000,0.466,0.000,0.534
444500,0.378,0.000,0.622
445000,0.286,0.000,0.714
445500,0.352,0.000,0.648
446000,0.278,0.000,0.722
446500,0.195,0.000,0.805
447000,0.246,0.000,0.754
447500,0.349,0.000,0.651
448000,0.296,0.000,0.704
448500,0.361,0.000,0.639
449000,0.375,0.000,0.625
449500,0.389,0.000,0.611
450000,0.377,0.000,0.623
450500,0.292,0.000,0.708
451000,0.230,0.000,0.770
451500,0.350,0.000,0.650
452000,0.491,0.000,0.509
452500,0.323,0.000,0.677
453000,0.296,0.000,0.704
453500,0.265,0.000,0.735
454000,0.305,0.000,0.695
454500,0.202,0.000,0.798
455000,0.355,0.000,0.645
455500,0.297,0.000,0.703
456000,0.336,0.000,0.664
456500,0.371,0.000,0.629
457000,0.231,0.000,0.769
457500,0.225,0.000,0.775
458000,0.468,0.000,0.532
458500,0.370,0.000,0.630
459000,0.207,0.000,0.793
459500,0.236,0.000,0.764
460000,0.417,0.000,0.583
460500,0.449,0.000,0.551
461000,0.393,0.000,0.607
461500,0.213,0.000,0.787
462000,0.483,0.000,0.517
462500,0.211,0.000,0.789
463000,0.259,0.000,0.741
463500,0.381,0.000,0.619
464000,0.318,0.000,0.682
464500,0.269,0.000,0.731
465000,0.279,0.000,0.721
465500,0.422,0.000,0.578
466000,0.239,0.000,0.761
466500,0.309,0.000,0.691
467000,0.273,0.000,0.727
467500,0.300,0.000,0.700
468000,0.316,0.000,0.684
468500,0.409,0.000,0.591
469000,0.320,0.000,0.680
469500,0.330,0.000,0.670
470000,0.312,0.000,0.688
470500,0.276,0.000,0.724
471000,0.360,0.000,0.640
471500,0.296,0.000,0.704
472000,0.412,0.000,0.588
472500,0.408,0.000,0.592
473000,0.159,0.000,0.841
473500,0.449,0.000,0.551
474000,0.350,0.000,0.650
474500,0.350,0.000,0.650
475000,0.277,0.000,0.723
475500,0.332,0.000,0.668
476000,0.217,0.000,0.783
476500,0.288,0.000,0.712
477000,0.255,0.000,0.745
477500,0.379,0.000,0.621
478000,0.281,0.000,0.719
478500,0.342,0.000,0.658
479000,0.314,0.000,0.686
479500,0.171,0.000,0.829
480000,0.314,0.000,0.686
480500,0.520,0.000,0.480
481000,0.304,0.000,0.696
481500,0.234,0.000,0.766
482000,0.302,0.000,0.698
482500,0.467,0.000,0.533
483000,0.292,0.000,0.708
483500,0.287,0.000,0.713
484000,0.252,0.000,0.748
484500,0.387,0.000,0.613
485000,0.379,0.000,0.621
485500,0.349,0.000,0.651
486000,0.308,0.000,0.692
486500,0.429,0.000,0.571
487000,0.276,0.000,0.724
487500,0.247,0.000,0.753
488000,0.260,0.000,0.740
488500,0.360,0.000,0.640
489000,0.389,0.000,0.611
489500,0.194,0.000,0.806
490000,0.342,0.000,0.658
490500,0.191,0.000,0.809
491000,0.408,0.000,0.592
491500,0.348,0.000,0.652
492000,0.255,0.000,0.745
492500,0.473,0.000,0.527
493000,0.317,0.000,0.683
493500,0.492,0.000,0.508
494000,0.273,0.000,0.727
494500,0.415,0.000,0.585
495000,0.326,0.000,0.674
495500,0.495,0.000,0.505
496000,0.257,0.000,0.743
496500,0.410,0.000,0.590
497000,0.336,0.000,0.664
497500,0.319,0.000,0.681
498000,0.398,0.000,0.602
498500,0.281,0.000,0.719
499000,0.290,0.000,0.710
499500,0.331,0.000,0.669
500000,0.173,0.000,0.827
500500,0.440,0.000,0.560
501000,0.215,0.000,0.785
501500,0.339,0.000,0.661
502000,0.201,0.000,0.799
502500,0.332,0.000,0.668
503000,0.330,0.000,0.670
503500,0.290,0.000,0.710
504000,0.424,0.000,0.576
504500,0.375,0.000,0.625
505000,0.429,0.000,0.571
505500,0.340,0.000,0.660
506000,0.460,0.000,0.540
506500,0.268,0.000,0.732
507000,0.251,0.000,0.749
507500,0.484,0.000,0.516
508000,0.253,0.000,0.747
508500,0.277,0.000,0.723
509000,0.321,0.000,0.679
509500,0.461,0.000,0.539
510000,0.282,0.000,0.718
510500,0.357,0.000,0.643
511000,0.224,0.000,0.776
511500,0.353,0.000,0.647
512000,0.469,0.000,0.531
512500,0.298,0.000,0.702
513000,0.256,0.000,0.744
513500,0.307,0.000,0.693
514000,0.455,0.000,0.545
514500,0.195,0.000,0.805
515000,0.238,0.000,0.762
515500,0.306,0.000,0.694
516000,0.409,0.000,0.591
516500,0.364,0.000,0.636
517000,0.308,0.000,0.692
517500,0.295,0.000,0.705
518000,0.305,0.000,0.695
518500,0.460,0.000,0.540
519000,0.410,0.000,0.590
519500,0.430,0.000,0.570
520000,0.301,0.000,0.699
520500,0.309,0.000,0.691
521000,0.332,0.000,0.668
521500,0.223,0.000,0.777
522000,0.315,0.000,0.685
522500,0.385,0.000,0.615
523000,0.279,0.000,0.721
523500,0.222,0.000,0.778
524000,0.287,0.000,0.713
524500,0.453,0.000,0.547
525000,0.345,0.000,0.655
525500,0.421,0.000,0.579
526000,0.264,0.000,0.736
526500,0.295,0.000,0.705
527000,0.326,0.000,0.674
527500,0.410,0.000,0.590
528000,0.347,0.000,0.653
528500,0.269,0.000,0.731
529000,0.388,0.000,0.612
529500,0.218,0.000,0.782
530000,0.307,0.000,0.693
530500,0.412,0.000,0.588
531000,0.378,0.000,0.622
531500,0.259,0.000,0.741
532000,0.407,0.000,0.593
532500,0.324,0.000,0.676
533000,0.299,0.000,0.701
533500,0.289,0.000,0.711
534000,0.456,0.000,0.544
534500,0.410,0.000,0.590
535000,0.325,0.000,0.675
535500,0.359,0.000,0.641
536000,0.407,0.000,0.593
536500,0.202,0.000,0.798
537000,0.364,0.000,0.636
537500,0.275,0.000,0.725
538000,0.227,0.000,0.773
538500,0.408,0.000,0.592
539000,0.461,0.000,0.539
539500,0.364,0.000,0.636
540000,0.336,0.000,0.664
540500,0.341,0.000,0.659
541000,0.325,0.000,0.675
541500,0.250,0.000,0.750
542000,0.324,0.000,0.676
542500,0.364,0.000,0.636
543000,0.314,0.000,0.686
543500,0.333,0.000,0.667
544000,0.328,0.000,0.672
544500,0.360,0.000,0.640
545000,0.255,0.000,0.745
545500,0.362,0.000,0.638
546000,0.137,0.000,0.863
546500,0.333,0.000,0.667
547000,0.182,0.000,0.818
547500,0.252,0.000,0.748
548000,0.394,0.000,0.606
548500,0.459,0.000,0.541
549000,0.333,0.000,0.667
549500,0.327,0.000,0.673
550000,0.516,0.000,0.484
550500,0.259,0.000,0.741
551000,0.418,0.000,0.582
551500,0.233,0.000,0.767
552000,0.405,0.000,0.595
552500,0.325,0.000,0.675
553000,0.396,0.000,0.604
553500,0.265,0.000,0.735
554000,0.237,0.000,0.763
554500,0.361,0.000,0.639
555000,0.241,0.000,0.759
555500,0.461,0.000,0.539
556000,0.312,0.000,0.688
556500,0.286,0.000,0.714
557000,0.306,0.000,0.694
557500,0.448,0.000,0.552
558000,0.191,0.000,0.809
558500,0.360,0.000,0.640
559000,0.158,0.000,0.842
559500,0.457,0.000,0.543
560000,0.429,0.000,0.571
560500,0.293,0.000,0.707
561000,0.264,0.000,0.736
561500,0.402,0.000,0.598
562000,0.467,0.000,0.533
562500,0.393,0.000,0.607
563000,0.242,0.000,0.758
563500,0.319,0.000,0.681
564000,0.340,0.000,0.660
564500,0.266,0.000,0.734
565000,0.287,0.000,0.713
565500,0.415,0.000,0.585
566000,0.444,0.000,0.556
566500,0.402,0.000,0.598
567000,0.496,0.000,0.504
567500,0.279,0.000,0.721
568000,0.315,0.000,0.685
568500,0.270,0.000,0.730
569000,0.351,0.000,0.649
569500,0.275,0.000,0.725
570000,0.423,0.000,0.577
570500,0.430,0.000,0.570
571000,0.346,0.000,0.654
571500,0.288,0.000,0.712
572000,0.302,0.000,0.698
572500,0.253,0.000,0.747
573000,0.359,0.000,0.641
573500,0.290,0.000,0.710
574000,0.352,0.000,0.648
574500,0.302,0.000,0.698
575000,0.431,0.000,0.569
575500,0.337,0.000,0.663
576000,0.234,0.000,0.766
576500,0.285,0.000,0.715
577000,0.278,0.000,0.722
577500,0.271,0.000,0.729
578000,0.385,0.000,0.615
578500,0.222,0.000,0.778
579000,0.418,0.000,0.582
579500,0.331,0.000,0.669
580000,0.377,0.000,0.623
580500,0.349,0.000,0.651
581000,0.438,0.000,0.562
581500,0.341,0.000,0.659
582000,0.222,0.000,0.778
582500,0.303,0.000,0.697
583000,0.349,0.000,0.651
583500,0.238,0.000,0.762
584000,0.307,0.000,0.693
584500,0.331,0.000,0.669
585000,0.274,0.000,0.726
585500,0.284,0.000,0.716
586000,0.294,0.000,0.706
586500,0.281,0.000,0.719
587000,0.223,0.000,0.777
587500,0.334,0.000,0.666
588000,0.431,0.000,0.569
588500,0.333,0.000,0.667
589000,0.371,0.000,0.629
589500,0.298,0.000,0.702
590000,0.528,0.000,0.472
590500,0.349,0.000,0.651
591000,0.342,0.000,0.658
591500,0.146,0.000,0.854
592000,0.351,0.000,0.649
592500,0.246,0.000,0.754
593000,0.264,0.000,0.736
593500,0.315,0.000,0.685
594000,0.326,0.000,0.674
594500,0.377,0.000,0.623
595000,0.437,0.000,0.563
595500,0.247,0.000,0.753
596000,0.278,0.000,0.722
596500,0.291,0.000,0.709
597000,0.383,0.000,0.617
597500,0.224,0.000,0.776
598000,0.186,0.000,0.814
598500,0.313,0.000,0.687
599000,0.271,0.000,0.729
599500,0.317,0.000,0.683
600000,0.390,0.000,0.610
600500,0.324,0.000,0.676
601000,0.391,0.000,0.609
601500,0.162,0.000,0.838
602000,0.443,0.000,0.557
602500,0.366,0.000,0.634
603000,0.293,0.000,0.707
603500,0.291,0.000,0.709
604000,0.245,0.000,0.755
604500,0.346,0.000,0.654
605000,0.273,0.000,0.727
605500,0.276,0.000,0.724
606000,0.375,0.000,0.625
606500,0.255,0.000,0.745
607000,0.300,0.000,0.700
607500,0.418,0.000,0.582
608000,0.310,0.000,0.690
608500,0.338,0.000,0.662
609000,0.273,0.000,0.727
609500,0.344,0.000,0.656
610000,0.319,0.000,0.681
610500,0.313,0.000,0.687
611000,0.357,0.000,0.643
611500,0.269,0.000,0.731
612000,0.275,0.000,0.725
612500,0.332,0.000,0.668
613000,0.237,0.000,0.763
613500,0.378,0.000,0.622
614000,0.381,0.000,0.619
614500,0.443,0.000,0.557
615000,0.351,0.000,0.649
615500,0.420,0.000,0.580
616000,0.587,0.000,0.413
616500,0.268,0.000,0.732
617000,0.325,0.000,0.675
617500,0.350,0.000,0.650
618000,0.311,0.000,0.689
618500,0.306,0.000,0.694
619000,0.314,0.000,0.686
619500,0.293,0.000,0.707
620000,0.470,0.000,0.530
620500,0.467,0.000,0.533
621000,0.412,0.000,0.588
621500,0.318,0.000,0.682
622000,0.430,0.000,0.570
622500,0.364,0.000,0.636
623000,0.300,0.000,0.700
623500,0.227,0.000,0.773
624000,0.305,0.000,0.695
624500,0.368,0.000,0.632
625000,0.405,0.000,0.595
625500,0.325,0.000,0.675
626000,0.293,0.000,0.707
626500,0.236,0.000,0.764
627000,0.230,0.000,0.770
627500,0.468,0.000,0.532
628000,0.439,0.000,0.561
628500,0.344,0.000,0.656
629000,0.322,0.000,0.678
629500,0.316,0.000,0.684
630000,0.312,0.000,0.688
630500,0.269,0.000,0.731
631000,0.333,0.000,0.667
631500,0.355,0.000,0.645
632000,0.449,0.000,0.551
632500,0.324,0.000,0.676
633000,0.405,0.000,0.595
633500,0.376,0.000,0.624
634000,0.333,0.000,0.667
634500,0.281,0.000,0.719
635000,0.402,0.000,0.598
635500,0.313,0.000,0.687
636000,0.378,0.000,0.622
636500,0.243,0.000,0.757
637000,0.303,0.000,0.697
637500,0.321,0.000,0.679
638000,0.269,0.000,0.731
638500,0.286,0.000,0.714
639000,0.236,0.000,0.764
639500,0.432,0.000,0.568
640000,0.425,0.000,0.575
640500,0.338,0.000,0.662
641000,0.426,0.000,0.574
641500,0.241,0.000,0.759
642000,0.432,0.000,0.568
642500,0.320,0.000,0.680
643000,0.168,0.000,0.832
643500,0.339,0.000,0.661
644000,0.324,0.000,0.676
644500,0.331,0.000,0.669
645000,0.330,0.000,0.670
645500,0.233,0.000,0.767
646000,0.284,0.000,0.716
646500,0.324,0.000,0.676
647000,0.304,0.000,0.696
647500,0.343,0.000,0.657
648000,0.234,0.000,0.766
648500,0.363,0.000,0.637
649000,0.217,0.000,0.783
649500,0.446,0.000,0.554
650000,0.314,0.000,0.686
650500,0.351,0.000,0.649
651000,0.354,0.000,0.646
651500,0.296,0.000,0.704
652000,0.369,0.000,0.631
652500,0.341,0.000,0.659
653000,0.239,0.000,0.761
653500,0.282,0.000,0.718
654000,0.245,0.000,0.755
654500,0.398,0.000,0.602
655000,0.343,0.000,0.657
655500,0.267,0.000,0.733
656000,0.255,0.000,0.745
656500,0.345,0.000,0.655
657000,0.272,0.000,0.728
657500,0.392,0.000,0.608
658000,0.274,0.000,0.726
658500,0.254,0.000,0.746
659000,0.237,0.000,0.763
659500,0.182,0.000,0.818
660000,0.304,0.000,0.696
660500,0.352,0.000,0.648
661000,0.246,0.000,0.754
661500,0.289,0.000,0.711
662000,0.404,0.000,0.596
662500,0.297,0.000,0.703
663000,0.457,0.000,0.543
663500,0.193,0.000,0.807
664000,0.439,0.000,0.561
664500,0.425,0.000,0.575
665000,0.433,0.000,0.567
665500,0.227,0.000,0.773
666000,0.609,0.000,0.391
666500,0.380,0.000,0.620
667000,0.355,0.000,0.645
667500,0.345,0.000,0.655
668000,0.154,0.000,0.846
668500,0.351,0.000,0.649
669000,0.381,0.000,0.619
669500,0.267,0.000,0.733
670000,0.183,0.000,0.817
670500,0.459,0.000,0.541
671000,0.282,0.000,0.718
671500,0.329,0.000,0.671
672000,0.352,0.000,0.648
672500,0.163,0.000,0.837
673000,0.433,0.000,0.567
673500,0.274,0.000,0.726
674000,0.264,0.000,0.736
674500,0.223,0.000,0.777
675000,0.414,0.000,0.586
675500,0.200,0.000,0.800
676000,0.344,0.000,0.656
676500,0.456,0.000,0.544
677000,0.360,0.000,0.640
677500,0.323,0.000,0.677
678000,0.304,0.000,0.696
678500,0.337,0.000,0.663
679000,0.340,0.000,0.660
679500,0.342,0.000,0.658
680000,0.396,0.000,0.604
680500,0.320,0.000,0.680
681000,0.397,0.000,0.603
681500,0.503,0.000,0.497
682000,0.318,0.000,0.682
682500,0.237,0.000,0.763
683000,0.328,0.000,0.672
683500,0.395,0.000,0.605
684000,0.442,0.000,0.558
684500,0.262,0.000,0.738
685000,0.257,0.000,0.743
685500,0.355,0.000,0.645
686000,0.319,0.000,0.681
686500,0.325,0.000,0.675
687000,0.330,0.000,0.670
687500,0.296,0.000,0.704
688000,0.220,0.000,0.780
688500,0.311,0.000,0.689
689000,0.230,0.000,0.770
689500,0.328,0.000,0.672
690000,0.194,0.000,0.806
690500,0.390,0.000,0.610
691000,0.418,0.000,0.582
691500,0.177,0.000,0.823
692000,0.370,0.000,0.630
692500,0.303,0.000,0.697
693000,0.183,0.000,0.817
693500,0.451,0.000,0.549
694000,0.457,0.000,0.543
694500,0.270,0.000,0.730
695000,0.381,0.000,0.619
695500,0.204,0.000,0.796
696000,0.341,0.000,0.659
696500,0.363,0.000,0.637
697000,0.359,0.000,0.641
697500,0.327,0.000,0.673
698000,0.381,0.000,0.619
698500,0.282,0.000,0.718
699000,0.319,0.000,0.681
699500,0.224,0.000,0.776
700000,0.416,0.000,0.584
700500,0.473,0.000,0.527
701000,0.224,0.000,0.776
701500,0.328,0.000,0.672
702000,0.303,0.000,0.697
702500,0.324,0.000,0.676
703000,0.363,0.000,0.637
703500,0.331,0.000,0.669
704000,0.405,0.000,0.595
704500,0.461,0.000,0.539
705000,0.366,0.000,0.634
705500,0.312,0.000,0.688
706000,0.243,0.000,0.757
706500,0.345,0.000,0.655
707000,0.246,0.000,0.754
707500,0.454,0.000,0.546
708000,0.300,0.000,0.700
708500,0.377,0.000,0.623
709000,0.454,0.000,0.546
709500,0.302,0.000,0.698
710000,0.376,0.000,0.624
710500,0.338,0.000,0.662
711000,0.387,0.000,0.613
711500,0.390,0.000,0.610
712000,0.360,0.000,0.640
712500,0.333,0.000,0.667
713000,0.386,0.000,0.614
713500,0.360,0.000,0.640
714000,0.179,0.000,0.821
714500,0.330,0.000,0.670
715000,0.406,0.000,0.594
715500,0.255,0.000,0.745
716000,0.247,0.000,0.753
716500,0.314,0.000,0.686
717000,0.364,0.000,0.636
717500,0.369,0.000,0.631
718000,0.338,0.000,0.662
718500,0.199,0.000,0.801
719000,0.272,0.000,0.728
719500,0.330,0.000,0.670
720000,0.400,0.000,0.600
720500,0.369,0.000,0.631
721000,0.228,0.000,0.772
721500,0.165,0.000,0.835
722000,0.362,0.000,0.638
722500,0.521,0.000,0.479
723000,0.271,0.000,0.729
723500,0.365,0.000,0.635
724000,0.378,0.000,0.622
724500,0.242,0.000,0.758
725000,0.303,0.000,0.697
725500,0.544,0.000,0.456
726000,0.384,0.000,0.616
726500,0.255,0.000,0.745
727000,0.403,0.000,0.597
727500,0.462,0.000,0.538
728000,0.267,0.000,0.733
728500,0.307,0.000,0.693
729000,0.294,0.000,0.706
729500,0.357,0.000,0.643
730000,0.330,0.000,0.670
730500,0.394,0.000,0.606
731000,0.268,0.000,0.732
731500,0.316,0.000,0.684
732000,0.483,0.000,0.517
732500,0.352,0.000,0.648
733000,0.264,0.000,0.736
733500,0.297,0.000,0.703
734000,0.534,0.000,0.466
734500,0.473,0.000,0.527
735000,0.437,0.000,0.563
735500,0.389,0.000,0.611
736000,0.567,0.000,0.433
736500,0.271,0.000,0.729
737000,0.329,0.000,0.671
737500,0.270,0.000,0.730
738000,0.337,0.000,0.663
738500,0.317,0.000,0.683
739000,0.438,0.000,0.562
739500,0.445,0.000,0.555
740000,0.228,0.000,0.772
740500,0.312,0.000,0.688
741000,0.219,0.000,0.781
741500,0.377,0.000,0.623
742000,0.345,0.000,0.655
742500,0.467,0.000,0.533
743000,0.284,0.000,0.716
743500,0.478,0.000,0.522
744000,0.454,0.000,0.546
744500,0.385,0.000,0.615
745000,0.408,0.000,0.592
745500,0.386,0.000,0.614
746000,0.532,0.000,0.468
746500,0.210,0.000,0.790
747000,0.246,0.000,0.754
747500,0.375,0.000,0.625
748000,0.523,0.000,0.477
748500,0.347,0.000,0.653
749000,0.302,0.000,0.698
749500,0.309,0.000,0.691
750000,0.403,0.000,0.597
750500,0.361,0.000,0.639
751000,0.569,0.000,0.431
751500,0.406,0.000,0.594
752000,0.125,0.000,0.875
752500,0.328,0.000,0.672
753000,0.417,0.000,0.583
753500,0.379,0.000,0.621
754000,0.378,0.000,0.622
754500,0.280,0.000,0.720
755000,0.191,0.000,0.809
755500,0.373,0.000,0.627
756000,0.305,0.000,0.695
756500,0.349,0.000,0.651
757000,0.456,0.000,0.544
757500,0.503,0.000,0.497
758000,0.216,0.000,0.784
758500,0.294,0.000,0.706
759000,0.317,0.000,0.683
759500,0.297,0.000,0.703
760000,0.448,0.000,0.552
760500,0.426,0.000,0.574
761000,0.329,0.000,0.671
761500,0.366,0.000,0.634
762000,0.428,0.000,0.572
762500,0.257,0.000,0.743
763000,0.410,0.000,0.590
763500,0.484,0.000,0.516
764000,0.369,0.000,0.631
764500,0.306,0.000,0.694
765000,0.277,0.000,0.723
765500,0.248,0.000,0.752
766000,0.296,0.000,0.704
766500,0.317,0.000,0.683
767000,0.224,0.000,0.776
767500,0.253,0.000,0.747
768000,0.378,0.000,0.622
768500,0.300,0.000,0.700
769000,0.236,0.000,0.764
769500,0.569,0.000,0.431
770000,0.310,0.000,0.690
770500,0.326,0.000,0.674
771000,0.265,0.000,0.735
771500,0.317,0.000,0.683
772000,0.385,0.000,0.615
772500,0.269,0.000,0.731
773000,0.201,0.000,0.799
773500,0.432,0.000,0.568
774000,0.341,0.000,0.659
774500,0.368,0.000,0.632
775000,0.353,0.000,0.647
775500,0.330,0.000,0.670
776000,0.210,0.000,0.790
776500,0.385,0.000,0.615
777000,0.322,0.000,0.678
777500,0.345,0.000,0.655
778000,0.475,0.000,0.525
778500,0.296,0.000,0.704
779000,0.300,0.000,0.700
779500,0.363,0.000,0.637
780000,0.280,0.000,0.720
780500,0.332,0.000,0.668
781000,0.292,0.000,0.708
781500,0.437,0.000,0.563
782000,0.327,0.000,0.673
782500,0.336,0.000,0.664
783000,0.340,0.000,0.660
783500,0.240,0.000,0.760
784000,0.293,0.000,0.707
784500,0.290,0.000,0.710
785000,0.355,0.000,0.645
785500,0.458,0.000,0.542
786000,0.320,0.000,0.680
786500,0.308,0.000,0.692
787000,0.381,0.000,0.619
787500,0.239,0.000,0.761
788000,0.418,0.000,0.582
788500,0.442,0.000,0.558
789000,0.363,0.000,0.637
789500,0.373,0.000,0.627
790000,0.207,0.000,0.793
790500,0.378,0.000,0.622
791000,0.285,0.000,0.715
791500,0.146,0.000,0.854
792000,0.376,0.000,0.624
792500,0.274,0.000,0.726
793000,0.468,0.000,0.532
793500,0.290,0.000,0.710
794000,0.345,0.000,0.655
794500,0.219,0.000,0.781
795000,0.334,0.000,0.666
795500,0.281,0.000,0.719
796000,0.309,0.000,0.691
796500,0.352,0.000,0.648
797000,0.250,0.000,0.750
797500,0.217,0.000,0.783
798000,0.326,0.000,0.674
798500,0.266,0.000,0.734
799000,0.367,0.000,0.633
799500,0.230,0.000,0.770
800000,0.253,0.000,0.747
800500,0.403,0.000,0.597
801000,0.220,0.000,0.780
801500,0.349,0.000,0.651
802000,0.247,0.000,0.753
802500,0.442,0.000,0.558
803000,0.218,0.000,0.782
803500,0.310,0.000,0.690
804000,0.242,0.000,0.758
804500,0.270,0.000,0.730
805000,0.342,0.000,0.658
805500,0.485,0.000,0.515
806000,0.347,0.000,0.653
806500,0.337,0.000,0.663
807000,0.274,0.000,0.726
807500,0.275,0.000,0.725
808000,0.466,0.000,0.534
808500,0.340,0.000,0.660
809000,0.303,0.000,0.697
809500,0.227,0.000,0.773
810000,0.324,0.000,0.676
810500,0.243,0.000,0.757
811000,0.228,0.000,0.772
811500,0.324,0.000,0.676
812000,0.414,0.000,0.586
812500,0.376,0.000,0.624
813000,0.385,0.000,0.615
813500,0.292,0.000,0.708
814000,0.444,0.000,0.556
814500,0.307,0.000,0.693
815000,0.262,0.000,0.738
815500,0.225,0.000,0.775
816000,0.314,0.000,0.686
816500,0.361,0.000,0.639
817000,0.368,0.000,0.632
817500,0.183,0.000,0.817
818000,0.464,0.000,0.536
818500,0.449,0.000,0.551
819000,0.331,0.000,0.669
819500,0.416,0.000,0.584
820000,0.378,0.000,0.622
820500,0.432,0.000,0.568
821000,0.391,0.000,0.609
821500,0.353,0.000,0.647
822000,0.398,0.000,0.602
822500,0.277,0.000,0.723
823000,0.335,0.000,0.665
823500,0.382,0.000,0.618
824000,0.267,0.000,0.733
824500,0.279,0.000,0.721
825000,0.314,0.000,0.686
825500,0.419,0.000,0.581
826000,0.295,0.000,0.705
826500,0.351,0.000,0.649
827000,0.448,0.000,0.552
827500,0.370,0.000,0.630
828000,0.341,0.000,0.659
828500,0.269,0.000,0.731
829000,0.212,0.000,0.788
829500,0.283,0.000,0.717
830000,0.314,0.000,0.686
830500,0.336,0.000,0.664
831000,0.320,0.000,0.680
831500,0.266,0.000,0.734
832000,0.269,0.000,0.731
832500,0.440,0.000,0.560
833000,0.528,0.000,0.472
833500,0.226,0.001,0.773
834000,0.331,0.000,0.669
834500,0.283,0.000,0.717
835000,0.428,0.000,0.572
835500,0.279,0.000,0.721
836000,0.350,0.000,0.650
836500,0.397,0.000,0.603
837000,0.280,0.000,0.720
837500,0.350,0.000,0.650
838000,0.299,0.000,0.701
838500,0.554,0.000,0.446
839000,0.336,0.000,0.664
839500,0.429,0.000,0.571
840000,0.506,0.000,0.494
840500,0.352,0.000,0.648
841000,0.289,0.000,0.711
841500,0.225,0.000,0.775
842000,0.220,0.000,0.780
842500,0.335,0.000,0.665
843000,0.347,0.000,0.653
843500,0.182,0.000,0.818
844000,0.240,0.000,0.760
844500,0.469,0.000,0.531
845000,0.284,0.000,0.716
845500,0.343,0.000,0.657
846000,0.438,0.000,0.562
846500,0.257,0.000,0.743
847000,0.348,0.000,0.652
847500,0.352,0.000,0.648
848000,0.272,0.000,0.728
848500,0.212,0.000,0.788
849000,0.213,0.000,0.787
849500,0.318,0.000,0.682
850000,0.307,0.000,0.693
850500,0.150,0.000,0.850
851000,0.348,0.000,0.652
851500,0.200,0.000,0.800
852000,0.319,0.000,0.681
852500,0.333,0.000,0.667
853000,0.365,0.000,0.635
853500,0.265,0.000,0.735
854000,0.264,0.000,0.736
854500,0.198,0.000,0.802
855000,0.234,0.000,0.766
855500,0.252,0.000,0.748
856000,0.403,0.000,0.597
856500,0.230,0.000,0.770
857000,0.457,0.000,0.543
857500,0.316,0.000,0.684
858000,0.429,0.000,0.571
858500,0.386,0.000,0.614
859000,0.233,0.000,0.767
859500,0.392,0.000,0.608
860000,0.297,0.000,0.703
860500,0.431,0.000,0.569
861000,0.358,0.000,0.642
861500,0.200,0.000,0.800
862000,0.367,0.000,0.633
862500,0.232,0.000,0.768
863000,0.441,0.000,0.559
863500,0.341,0.000,0.659
864000,0.244,0.000,0.756
864500,0.213,0.000,0.787
865000,0.355,0.000,0.645
865500,0.514,0.000,0.486
866000,0.276,0.000,0.724
866500,0.428,0.000,0.572
867000,0.335,0.000,0.665
867500,0.471,0.000,0.529
868000,0.305,0.000,0.695
868500,0.349,0.000,0.651
869000,0.365,0.000,0.635
869500,0.456,0.000,0.544
870000,0.270,0.000,0.730
870500,0.315,0.000,0.685
871000,0.413,0.000,0.587
871500,0.412,0.000,0.588
872000,0.367,0.000,0.633
872500,0.406,0.000,0.594
873000,0.240,0.000,0.760
873500,0.284,0.000,0.716
874000,0.247,0.000,0.753
874500,0.402,0.000,0.598
875000,0.263,0.000,0.737
875500,0.247,0.000,0.753
876000,0.328,0.000,0.672
876500,0.331,0.000,0.669
877000,0.422,0.000,0.578
877500,0.447,0.000,0.553
878000,0.341,0.000,0.659
878500,0.321,0.000,0.679
879000,0.400,0.000,0.600
879500,0.375,0.000,0.625
880000,0.306,0.000,0.694
880500,0.304,0.000,0.696
881000,0.247,0.000,0.753
881500,0.363,0.000,0.637
882000,0.284,0.000,0.716
882500,0.389,0.000,0.611
883000,0.236,0.000,0.764
883500,0.412,0.000,0.588
884000,0.298,0.000,0.702
884500,0.308,0.000,0.692
885000,0.351,0.000,0.649
885500,0.219,0.000,0.781
886000,0.332,0.000,0.668
886500,0.377,0.000,0.623
887000,0.213,0.007,0.780
887500,0.365,0.000,0.635
888000,0.364,0.000,0.636
888500,0.474,0.000,0.526
889000,0.441,0.000,0.559
889500,0.251,0.000,0.749
890000,0.340,0.000,0.660
890500,0.258,0.000,0.742
891000,0.180,0.000,0.820
891500,0.320,0.000,0.680
892000,0.363,0.000,0.637
892500,0.305,0.000,0.695
893000,0.325,0.000,0.675
893500,0.382,0.000,0.618
894000,0.157,0.000,0.843
894500,0.172,0.000,0.828
895000,0.516,0.000,0.484
895500,0.283,0.000,0.717
896000,0.492,0.000,0.508
896500,0.300,0.000,0.700
897000,0.358,0.000,0.642
897500,0.324,0.000,0.676
898000,0.419,0.000,0.581
898500,0.230,0.000,0.770
899000,0.291,0.000,0.709
899500,0.264,0.000,0.736
900000,0.348,0.000,0.652
900500,0.372,0.000,0.628
901000,0.339,0.000,0.661
901500,0.284,0.000,0.716
902000,0.302,0.000,0.698
902500,0.394,0.000,0.606
903000,0.316,0.000,0.684
903500,0.394,0.000,0.606
904000,0.270,0.000,0.730
904500,0.219,0.000,0.781
905000,0.407,0.000,0.593
905500,0.268,0.000,0.732
906000,0.245,0.000,0.755
906500,0.264,0.000,0.736
907000,0.317,0.000,0.683
907500,0.419,0.000,0.581
908000,0.353,0.000,0.647
908500,0.260,0.000,0.740
909000,0.409,0.000,0.591
909500,0.336,0.000,0.664
910000,0.299,0.000,0.701
910500,0.243,0.000,0.757
911000,0.268,0.000,0.732
911500,0.234,0.000,0.766
912000,0.297,0.000,0.703
912500,0.220,0.000,0.780
913000,0.246,0.029,0.725
913500,0.474,0.000,0.526
914000,0.265,0.000,0.735
914500,0.251,0.000,0.749
915000,0.245,0.000,0.755
915500,0.275,0.000,0.725
916000,0.285,0.000,0.715
916500,0.248,0.000,0.752
917000,0.261,0.000,0.739
917500,0.364,0.000,0.636
918000,0.292,0.000,0.708
918500,0.361,0.000,0.639
919000,0.173,0.000,0.827
919500,0.391,0.000,0.609
920000,0.376,0.000,0.624
920500,0.263,0.000,0.737
921000,0.168,0.000,0.832
921500,0.309,0.000,0.691
922000,0.333,0.000,0.667
922500,0.332,0.000,0.668
923000,0.466,0.000,0.534
923500,0.358,0.000,0.642
924000,0.446,0.000,0.554
924500,0.439,0.000,0.561
925000,0.358,0.000,0.642
925500,0.337,0.000,0.663
926000,0.434,0.000,0.566
926500,0.360,0.000,0.640
927000,0.264,0.000,0.736
927500,0.398,0.000,0.602
928000,0.134,0.000,0.866
928500,0.331,0.000,0.669
929000,0.403,0.000,0.597
929500,0.311,0.000,0.689
930000,0.213,0.000,0.787
930500,0.369,0.000,0.631
931000,0.398,0.000,0.602
931500,0.390,0.000,0.610
932000,0.473,0.000,0.527
932500,0.231,0.000,0.769
933000,0.390,0.000,0.610
933500,0.404,0.000,0.596
934000,0.321,0.000,0.679
934500,0.335,0.000,0.665
935000,0.392,0.000,0.608
935500,0.385,0.000,0.615
936000,0.295,0.000,0.705
936500,0.230,0.000,0.770
937000,0.362,0.000,0.638
937500,0.251,0.000,0.749
938000,0.454,0.000,0.546
938500,0.269,0.000,0.731
939000,0.312,0.000,0.688
939500,0.282,0.000,0.718
940000,0.388,0.000,0.612
940500,0.211,0.000,0.789
941000,0.359,0.000,0.641
941500,0.323,0.000,0.677
942000,0.450,0.000,0.550
942500,0.346,0.000,0.654
943000,0.282,0.000,0.718
943500,0.260,0.000,0.740
944000,0.288,0.000,0.712
944500,0.197,0.000,0.803
945000,0.402,0.000,0.598
945500,0.258,0.000,0.742
946000,0.311,0.000,0.689
946500,0.169,0.000,0.831
947000,0.296,0.000,0.704
947500,0.456,0.000,0.544
948000,0.248,0.000,0.752
948500,0.257,0.000,0.743
949000,0.512,0.000,0.488
949500,0.318,0.000,0.682
950000,0.396,0.000,0.604
950500,0.347,0.000,0.653
951000,0.372,0.000,0.628
951500,0.306,0.000,0.694
952000,0.322,0.000,0.678
952500,0.376,0.000,0.624
953000,0.481,0.000,0.519
953500,0.381,0.000,0.619
954000,0.310,0.000,0.690
954500,0.452,0.000,0.548
955000,0.339,0.000,0.661
955500,0.226,0.000,0.774
956000,0.347,0.000,0.653
956500,0.329,0.000,0.671
957000,0.515,0.000,0.485
957500,0.430,0.000,0.570
958000,0.305,0.000,0.695
958500,0.313,0.000,0.687
959000,0.418,0.000,0.582
959500,0.418,0.000,0.582
960000,0.292,0.000,0.708
960500,0.390,0.000,0.610
961000,0.471,0.000,0.529
961500,0.332,0.000,0.668
962000,0.277,0.000,0.723
962500,0.442,0.000,0.558
963000,0.269,0.000,0.731
963500,0.304,0.000,0.696
964000,0.357,0.000,0.643
964500,0.362,0.000,0.638
965000,0.316,0.000,0.684
965500,0.269,0.000,0.731
966000,0.385,0.000,0.615
966500,0.298,0.000,0.702
967000,0.450,0.000,0.550
967500,0.338,0.000,0.662
968000,0.436,0.000,0.564
968500,0.331,0.000,0.669
969000,0.339,0.000,0.661
969500,0.305,0.000,0.695
970000,0.391,0.000,0.609
970500,0.514,0.000,0.486
971000,0.359,0.000,0.641
971500,0.221,0.000,0.779
972000,0.511,0.000,0.489
972500,0.338,0.000,0.662
973000,0.204,0.000,0.796
973500,0.392,0.000,0.608
974000,0.324,0.000,0.676
974500,0.350,0.000,0.650
975000,0.425,0.000,0.575
975500,0.325,0.000,0.675
976000,0.326,0.000,0.674
976500,0.289,0.000,0.711
977000,0.237,0.000,0.763
977500,0.500,0.000,0.500
978000,0.236,0.000,0.764
978500,0.367,0.000,0.633
979000,0.350,0.000,0.650
979500,0.277,0.000,0.723
980000,0.356,0.000,0.644
980500,0.306,0.000,0.694
981000,0.318,0.000,0.682
981500,0.223,0.000,0.777
982000,0.180,0.000,0.820
982500,0.295,0.000,0.705
983000,0.394,0.000,0.606
983500,0.401,0.000,0.599
984000,0.274,0.000,0.726
984500,0.324,0.000,0.676
985000,0.298,0.000,0.702
985500,0.407,0.000,0.593
986000,0.381,0.000,0.619
986500,0.293,0.000,0.707
987000,0.291,0.000,0.709
987500,0.391,0.000,0.609
988000,0.302,0.000,0.698
988500,0.281,0.000,0.719
989000,0.204,0.000,0.796
989500,0.359,0.000,0.641
990000,0.368,0.000,0.632
990500,0.286,0.000,0.714
991000,0.311,0.000,0.689
991500,0.380,0.000,0.620
992000,0.259,0.000,0.741
992500,0.328,0.000,0.672
993000,0.380,0.000,0.620
993500,0.287,0.000,0.713
994000,0.288,0.000,0.712
994500,0.302,0.000,0.698
995000,0.406,0.000,0.594
995500,0.265,0.000,0.735
996000,0.317,0.000,0.683
996500,0.350,0.000,0.650
997000,0.302,0.000,0.698
997500,0.414,0.000,0.586
998000,0.499,0.000,0.501
998500,0.320,0.000,0.680
999000,0.242,0.000,0.758
999500,0.262,0.000,0.738
1000000,0.294,0.000,0.706
