time,n_A+p,n_B,n_AB
0,0.029,0.971,0.000
500,0.037,0.950,0.012
1000,0.033,0.909,0.058
1500,0.029,0.905,0.066
2000,0.029,0.901,0.070
2500,0.029,0.913,0.058
3000,0.041,0.847,0.112
3500,0.029,0.901,0.070
4000,0.029,0.934,0.037
4500,0.029,0.868,0.103
5000,0.029,0.901,0.070
5500,0.029,0.897,0.074
6000,0.029,0.893,0.079
6500,0.033,0.897,0.070
7000,0.029,0.917,0.054
7500,0.029,0.926,0.045
8000,0.029,0.905,0.066
8500,0.029,0.913,0.058
9000,0.029,0.888,0.083
9500,0.029,0.921,0.050
10000,0.029,0.905,0.066
10500,0.029,0.884,0.087
11000,0.029,0.880,0.091
11500,0.033,0.876,0.091
12000,0.029,0.905,0.066
12500,0.029,0.897,0.074
13000,0.029,0.839,0.132
13500,0.029,0.905,0.066
14000,0.037,0.884,0.079
14500,0.037,0.880,0.083
15000,0.029,0.893,0.079
15500,0.037,0.893,0.070
16000,0.029,0.880,0.091
16500,0.037,0.938,0.025
17000,0.029,0.917,0.054
17500,0.029,0.901,0.070
18000,0.029,0.921,0.050
18500,0.029,0.876,0.095
19000,0.029,0.930,0.041
19500,0.029,0.930,0.041
20000,0.033,0.826,0.140
20500,0.033,0.868,0.099
21000,0.033,0.876,0.091
21500,0.037,0.888,0.074
22000,0.033,0.930,0.037
22500,0.033,0.884,0.083
23000,0.037,0.876,0.087
23500,0.045,0.855,0.099
24000,0.037,0.860,0.103
24500,0.041,0.855,0.103
25000,0.037,0.876,0.087
25500,0.033,0.884,0.083
26000,0.029,0.905,0.066
26500,0.029,0.897,0.074
27000,0.029,0.868,0.103
27500,0.029,0.876,0.095
28000,0.029,0.909,0.062
28500,0.037,0.876,0.087
29000,0.033,0.860,0.107
29500,0.037,0.855,0.107
30000,0.029,0.880,0.091
30500,0.033,0.818,0.149
31000,0.029,0.893,0.079
31500,0.029,0.926,0.045
32000,0.033,0.880,0.087
32500,0.029,0.897,0.074
33000,0.029,0.888,0.083
33500,0.045,0.843,0.112
34000,0.033,0.913,0.054
34500,0.029,0.909,0.062
35000,0.029,0.888,0.083
35500,0.033,0.860,0.107
36000,0.029,0.843,0.128
36500,0.045,0.798,0.157
37000,0.045,0.764,0.190
37500,0.045,0.777,0.178
38000,0.050,0.793,0.157
38500,0.029,0.888,0.083
39000,0.029,0.884,0.087
39500,0.029,0.926,0.045
40000,0.029,0.934,0.037
40500,0.029,0.855,0.116
41000,0.029,0.884,0.087
41500,0.029,0.926,0.045
42000,0.029,0.893,0.079
42500,0.029,0.905,0.066
43000,0.029,0.921,0.050
43500,0.033,0.897,0.070
44000,0.029,0.921,0.050
44500,0.033,0.905,0.062
45000,0.041,0.888,0.070
45500,0.033,0.901,0.066
46000,0.029,0.901,0.070
46500,0.029,0.921,0.050
47000,0.029,0.917,0.054
47500,0.029,0.917,0.054
48000,0.029,0.901,0.070
48500,0.033,0.864,0.103
49000,0.033,0.868,0.099
49500,0.029,0.934,0.037
50000,0.029,0.942,0.029
50500,0.029,0.917,0.054
51000,0.029,0.921,0.050
51500,0.029,0.905,0.066
52000,0.029,0.884,0.087
52500,0.029,0.938,0.033
53000,0.033,0.876,0.091
53500,0.033,0.888,0.079
54000,0.058,0.798,0.145
54500,0.037,0.851,0.112
55000,0.029,0.868,0.103
55500,0.033,0.855,0.112
56000,0.033,0.888,0.079
56500,0.033,0.847,0.120
57000,0.037,0.884,0.079
57500,0.033,0.839,0.128
58000,0.041,0.860,0.099
58500,0.033,0.851,0.116
59000,0.029,0.884,0.087
59500,0.041,0.839,0.120
60000,0.033,0.884,0.083
60500,0.037,0.872,0.091
61000,0.033,0.843,0.124
61500,0.037,0.860,0.103
62000,0.041,0.909,0.050
62500,0.029,0.855,0.116
63000,0.037,0.822,0.140
63500,0.037,0.822,0.140
64000,0.033,0.864,0.103
64500,0.037,0.884,0.079
65000,0.029,0.880,0.091
65500,0.029,0.876,0.095
66000,0.033,0.901,0.066
66500,0.033,0.909,0.058
67000,0.029,0.876,0.095
67500,0.029,0.913,0.058
68000,0.029,0.926,0.045
68500,0.029,0.921,0.050
69000,0.033,0.913,0.054
69500,0.029,0.905,0.066
70000,0.029,0.897,0.074
70500,0.029,0.839,0.132
71000,0.029,0.872,0.099
71500,0.050,0.806,0.145
72000,0.050,0.789,0.161
72500,0.041,0.847,0.112
73000,0.033,0.868,0.099
73500,0.050,0.860,0.091
74000,0.029,0.872,0.099
74500,0.045,0.876,0.079
75000,0.041,0.868,0.091
75500,0.033,0.839,0.128
76000,0.041,0.818,0.140
76500,0.029,0.888,0.083
77000,0.037,0.860,0.103
77500,0.033,0.888,0.079
78000,0.045,0.843,0.112
78500,0.066,0.835,0.099
79000,0.029,0.868,0.103
79500,0.041,0.876,0.083
80000,0.029,0.942,0.029
80500,0.029,0.930,0.041
81000,0.029,0.938,0.033
81500,0.029,0.921,0.050
82000,0.029,0.926,0.045
82500,0.033,0.897,0.070
83000,0.041,0.789,0.169
83500,0.033,0.860,0.107
84000,0.029,0.913,0.058
84500,0.029,0.938,0.033
85000,0.029,0.938,0.033
85500,0.029,0.938,0.033
86000,0.033,0.905,0.062
86500,0.029,0.884,0.087
87000,0.029,0.926,0.045
87500,0.029,0.917,0.054
88000,0.033,0.884,0.083
88500,0.029,0.934,0.037
89000,0.029,0.930,0.041
89500,0.029,0.851,0.120
90000,0.041,0.868,0.091
90500,0.033,0.880,0.087
91000,0.029,0.893,0.079
91500,0.037,0.888,0.074
92000,0.037,0.901,0.062
92500,0.050,0.851,0.099
93000,0.033,0.810,0.157
93500,0.029,0.818,0.153
94000,0.033,0.822,0.145
94500,0.029,0.839,0.132
95000,0.033,0.913,0.054
95500,0.041,0.884,0.074
96000,0.045,0.880,0.074
96500,0.050,0.876,0.074
97000,0.045,0.893,0.062
97500,0.029,0.884,0.087
98000,0.029,0.909,0.062
98500,0.029,0.876,0.095
99000,0.029,0.884,0.087
99500,0.029,0.905,0.066
100000,0.033,0.884,0.083
100500,0.041,0.876,0.083
101000,0.033,0.876,0.091
101500,0.050,0.868,0.083
102000,0.037,0.872,0.091
102500,0.029,0.930,0.041
103000,0.029,0.917,0.054
103500,0.050,0.839,0.112
104000,0.041,0.835,0.124
104500,0.033,0.868,0.099
105000,0.029,0.855,0.116
105500,0.029,0.909,0.062
106000,0.037,0.868,0.095
106500,0.029,0.888,0.083
107000,0.033,0.855,0.112
107500,0.037,0.855,0.107
108000,0.033,0.930,0.037
108500,0.033,0.913,0.054
109000,0.033,0.876,0.091
109500,0.045,0.793,0.161
110000,0.033,0.777,0.190
110500,0.033,0.810,0.157
111000,0.033,0.798,0.169
111500,0.033,0.855,0.112
112000,0.033,0.893,0.074
112500,0.033,0.921,0.045
113000,0.029,0.938,0.033
113500,0.037,0.864,0.099
114000,0.037,0.876,0.087
114500,0.029,0.880,0.091
115000,0.029,0.884,0.087
115500,0.041,0.843,0.116
116000,0.041,0.802,0.157
116500,0.029,0.835,0.136
117000,0.050,0.872,0.079
117500,0.033,0.909,0.058
118000,0.029,0.930,0.041
118500,0.029,0.893,0.079
119000,0.033,0.843,0.124
119500,0.029,0.835,0.136
120000,0.029,0.888,0.083
120500,0.037,0.880,0.083
121000,0.033,0.913,0.054
121500,0.029,0.835,0.136
122000,0.037,0.860,0.103
122500,0.033,0.872,0.095
123000,0.029,0.847,0.124
123500,0.033,0.901,0.066
124000,0.033,0.876,0.091
124500,0.033,0.860,0.107
125000,0.029,0.913,0.058
125500,0.033,0.888,0.079
126000,0.037,0.893,0.070
126500,0.054,0.806,0.140
127000,0.037,0.814,0.149
127500,0.029,0.893,0.079
128000,0.029,0.930,0.041
128500,0.029,0.835,0.136
129000,0.029,0.851,0.120
129500,0.037,0.831,0.132
130000,0.033,0.831,0.136
130500,0.029,0.897,0.074
131000,0.033,0.880,0.087
131500,0.029,0.893,0.079
132000,0.029,0.930,0.041
132500,0.029,0.905,0.066
133000,0.029,0.893,0.079
133500,0.033,0.893,0.074
134000,0.037,0.831,0.132
134500,0.033,0.843,0.124
135000,0.037,0.864,0.099
135500,0.029,0.893,0.079
136000,0.029,0.872,0.099
136500,0.033,0.905,0.062
137000,0.033,0.913,0.054
137500,0.029,0.860,0.112
138000,0.033,0.888,0.079
138500,0.037,0.789,0.174
139000,0.037,0.876,0.087
139500,0.037,0.876,0.087
140000,0.045,0.860,0.095
140500,0.037,0.880,0.083
141000,0.045,0.789,0.165
141500,0.050,0.802,0.149
142000,0.029,0.872,0.099
142500,0.037,0.860,0.103
143000,0.050,0.847,0.103
143500,0.054,0.860,0.087
144000,0.033,0.884,0.083
144500,0.037,0.860,0.103
145000,0.033,0.831,0.136
145500,0.033,0.905,0.062
146000,0.037,0.897,0.066
146500,0.029,0.905,0.066
147000,0.033,0.926,0.041
147500,0.033,0.913,0.054
148000,0.033,0.921,0.045
148500,0.029,0.930,0.041
149000,0.029,0.893,0.079
149500,0.029,0.897,0.074
150000,0.029,0.921,0.050
150500,0.029,0.880,0.091
151000,0.037,0.826,0.136
151500,0.066,0.773,0.161
152000,0.058,0.806,0.136
152500,0.037,0.810,0.153
153000,0.033,0.818,0.149
153500,0.033,0.884,0.083
154000,0.033,0.884,0.083
154500,0.029,0.897,0.074
155000,0.029,0.839,0.132
155500,0.045,0.802,0.153
156000,0.045,0.831,0.124
156500,0.037,0.876,0.087
157000,0.029,0.888,0.083
157500,0.029,0.893,0.079
158000,0.029,0.860,0.112
158500,0.029,0.822,0.149
159000,0.041,0.789,0.169
159500,0.037,0.806,0.157
160000,0.037,0.909,0.054
160500,0.029,0.897,0.074
161000,0.029,0.893,0.079
161500,0.037,0.872,0.091
162000,0.029,0.897,0.074
162500,0.029,0.884,0.087
163000,0.029,0.909,0.062
163500,0.037,0.909,0.054
164000,0.037,0.860,0.103
164500,0.029,0.888,0.083
165000,0.037,0.843,0.120
165500,0.029,0.806,0.165
166000,0.033,0.888,0.079
166500,0.037,0.851,0.112
167000,0.029,0.893,0.079
167500,0.041,0.855,0.103
168000,0.054,0.851,0.095
168500,0.037,0.831,0.132
169000,0.029,0.921,0.050
169500,0.029,0.917,0.054
170000,0.033,0.930,0.037
170500,0.037,0.880,0.083
171000,0.033,0.868,0.099
171500,0.037,0.860,0.103
172000,0.029,0.913,0.058
172500,0.033,0.855,0.112
173000,0.029,0.913,0.058
173500,0.029,0.901,0.070
174000,0.033,0.872,0.095
174500,0.029,0.934,0.037
175000,0.029,0.888,0.083
175500,0.033,0.851,0.116
176000,0.033,0.872,0.095
176500,0.029,0.901,0.070
177000,0.029,0.921,0.050
177500,0.041,0.880,0.079
178000,0.037,0.847,0.116
178500,0.050,0.826,0.124
179000,0.029,0.909,0.062
179500,0.033,0.860,0.107
180000,0.029,0.831,0.140
180500,0.029,0.884,0.087
181000,0.033,0.860,0.107
181500,0.029,0.893,0.079
182000,0.033,0.831,0.136
182500,0.029,0.880,0.091
183000,0.029,0.934,0.037
183500,0.033,0.864,0.103
184000,0.037,0.917,0.045
184500,0.033,0.860,0.107
185000,0.029,0.905,0.066
185500,0.041,0.888,0.070
186000,0.045,0.818,0.136
186500,0.050,0.764,0.186
187000,0.029,0.884,0.087
187500,0.029,0.926,0.045
188000,0.029,0.959,0.012
188500,0.033,0.930,0.037
189000,0.029,0.921,0.050
189500,0.033,0.884,0.083
190000,0.041,0.847,0.112
190500,0.045,0.818,0.136
191000,0.050,0.851,0.099
191500,0.033,0.864,0.103
192000,0.029,0.909,0.062
192500,0.045,0.831,0.124
193000,0.050,0.818,0.132
193500,0.029,0.917,0.054
194000,0.033,0.843,0.124
194500,0.029,0.872,0.099
195000,0.037,0.893,0.070
195500,0.029,0.897,0.074
196000,0.029,0.926,0.045
196500,0.033,0.921,0.045
197000,0.029,0.909,0.062
197500,0.029,0.847,0.124
198000,0.029,0.938,0.033
198500,0.029,0.921,0.050
199000,0.033,0.884,0.083
199500,0.037,0.868,0.095
200000,0.029,0.884,0.087
200500,0.041,0.901,0.058
201000,0.029,0.822,0.149
201500,0.041,0.843,0.116
202000,0.029,0.930,0.041
202500,0.033,0.901,0.066
203000,0.029,0.888,0.083
203500,0.029,0.897,0.074
204000,0.029,0.888,0.083
204500,0.029,0.897,0.074
205000,0.029,0.909,0.062
205500,0.037,0.860,0.103
206000,0.029,0.884,0.087
206500,0.029,0.860,0.112
207000,0.062,0.855,0.083
207500,0.041,0.855,0.103
208000,0.066,0.843,0.091
208500,0.045,0.814,0.140
209000,0.054,0.740,0.207
209500,0.033,0.760,0.207
210000,0.058,0.777,0.165
210500,0.033,0.785,0.182
211000,0.037,0.835,0.128
211500,0.029,0.835,0.136
212000,0.045,0.905,0.050
212500,0.041,0.851,0.107
213000,0.029,0.860,0.112
213500,0.037,0.814,0.149
214000,0.033,0.868,0.099
214500,0.029,0.880,0.091
215000,0.029,0.909,0.062
215500,0.033,0.872,0.095
216000,0.033,0.884,0.083
216500,0.033,0.872,0.095
217000,0.041,0.876,0.083
217500,0.045,0.835,0.120
218000,0.037,0.847,0.116
218500,0.033,0.913,0.054
219000,0.037,0.839,0.124
219500,0.037,0.822,0.140
220000,0.037,0.839,0.124
220500,0.029,0.860,0.112
221000,0.029,0.855,0.116
221500,0.033,0.930,0.037
222000,0.029,0.926,0.045
222500,0.029,0.905,0.066
223000,0.033,0.876,0.091
223500,0.041,0.851,0.107
224000,0.029,0.860,0.112
224500,0.029,0.909,0.062
225000,0.029,0.921,0.050
225500,0.029,0.942,0.029
226000,0.033,0.905,0.062
226500,0.029,0.921,0.050
227000,0.033,0.888,0.079
227500,0.029,0.938,0.033
228000,0.029,0.913,0.058
228500,0.037,0.921,0.041
229000,0.033,0.860,0.107
229500,0.037,0.851,0.112
230000,0.033,0.855,0.112
230500,0.033,0.876,0.091
231000,0.037,0.835,0.128
231500,0.033,0.884,0.083
232000,0.041,0.897,0.062
232500,0.033,0.888,0.079
233000,0.033,0.913,0.054
233500,0.041,0.851,0.107
234000,0.029,0.855,0.116
234500,0.029,0.876,0.095
235000,0.029,0.921,0.050
235500,0.029,0.888,0.083
236000,0.037,0.909,0.054
236500,0.033,0.868,0.099
237000,0.029,0.855,0.116
237500,0.037,0.884,0.079
238000,0.033,0.880,0.087
238500,0.029,0.921,0.050
239000,0.029,0.913,0.058
239500,0.029,0.926,0.045
240000,0.029,0.955,0.017
240500,0.029,0.926,0.045
241000,0.029,0.921,0.050
241500,0.037,0.913,0.050
242000,0.029,0.930,0.041
242500,0.029,0.921,0.050
243000,0.029,0.872,0.099
243500,0.033,0.888,0.079
244000,0.033,0.917,0.050
244500,0.033,0.851,0.116
245000,0.037,0.897,0.066
245500,0.029,0.888,0.083
246000,0.029,0.868,0.103
246500,0.037,0.876,0.087
247000,0.054,0.835,0.112
247500,0.041,0.868,0.091
248000,0.054,0.851,0.095
248500,0.037,0.802,0.161
249000,0.033,0.798,0.169
249500,0.033,0.847,0.120
250000,0.029,0.905,0.066
250500,0.029,0.864,0.107
251000,0.037,0.822,0.140
251500,0.029,0.897,0.074
252000,0.037,0.868,0.095
252500,0.029,0.901,0.070
253000,0.029,0.909,0.062
253500,0.037,0.855,0.107
254000,0.033,0.880,0.087
254500,0.029,0.884,0.087
255000,0.029,0.930,0.041
255500,0.033,0.913,0.054
256000,0.029,0.897,0.074
256500,0.029,0.921,0.050
257000,0.029,0.942,0.029
257500,0.029,0.926,0.045
258000,0.037,0.868,0.095
258500,0.037,0.901,0.062
259000,0.029,0.884,0.087
259500,0.029,0.872,0.099
260000,0.029,0.901,0.070
260500,0.029,0.905,0.066
261000,0.029,0.926,0.045
261500,0.029,0.901,0.070
262000,0.037,0.864,0.099
262500,0.033,0.822,0.145
263000,0.033,0.893,0.074
263500,0.029,0.868,0.103
264000,0.029,0.855,0.116
264500,0.033,0.855,0.112
265000,0.033,0.872,0.095
265500,0.029,0.860,0.112
266000,0.029,0.876,0.095
266500,0.029,0.855,0.116
267000,0.033,0.868,0.099
267500,0.029,0.926,0.045
268000,0.029,0.938,0.033
268500,0.029,0.897,0.074
269000,0.050,0.855,0.095
269500,0.033,0.864,0.103
270000,0.037,0.868,0.095
270500,0.029,0.851,0.120
271000,0.045,0.855,0.099
271500,0.029,0.913,0.058
272000,0.033,0.839,0.128
272500,0.029,0.913,0.058
273000,0.029,0.913,0.058
273500,0.029,0.917,0.054
274000,0.029,0.901,0.070
274500,0.029,0.921,0.050
275000,0.029,0.934,0.037
275500,0.029,0.888,0.083
276000,0.029,0.880,0.091
276500,0.029,0.884,0.087
277000,0.029,0.905,0.066
277500,0.029,0.864,0.107
278000,0.033,0.851,0.116
278500,0.037,0.851,0.112
279000,0.033,0.868,0.099
279500,0.029,0.876,0.095
280000,0.041,0.855,0.103
280500,0.045,0.831,0.124
281000,0.041,0.781,0.178
281500,0.029,0.888,0.083
282000,0.033,0.880,0.087
282500,0.045,0.777,0.178
283000,0.037,0.835,0.128
283500,0.037,0.913,0.050
284000,0.033,0.942,0.025
284500,0.029,0.946,0.025
285000,0.037,0.905,0.058
285500,0.029,0.868,0.103
286000,0.029,0.893,0.079
286500,0.033,0.847,0.120
287000,0.045,0.835,0.120
287500,0.037,0.839,0.124
288000,0.037,0.860,0.103
288500,0.041,0.905,0.054
289000,0.029,0.814,0.157
289500,0.037,0.839,0.124
290000,0.029,0.905,0.066
290500,0.033,0.868,0.099
291000,0.033,0.864,0.103
291500,0.037,0.851,0.112
292000,0.045,0.835,0.120
292500,0.050,0.839,0.112
293000,0.037,0.835,0.128
293500,0.033,0.868,0.099
294000,0.045,0.831,0.124
294500,0.037,0.810,0.153
295000,0.033,0.901,0.066
295500,0.029,0.888,0.083
296000,0.029,0.938,0.033
296500,0.029,0.926,0.045
297000,0.029,0.893,0.079
297500,0.029,0.901,0.070
298000,0.041,0.872,0.087
298500,0.029,0.868,0.103
299000,0.029,0.897,0.074
299500,0.029,0.905,0.066
300000,0.033,0.872,0.095
300500,0.029,0.897,0.074
301000,0.033,0.839,0.128
301500,0.037,0.855,0.107
302000,0.037,0.847,0.116
302500,0.033,0.864,0.103
303000,0.050,0.785,0.165
303500,0.029,0.839,0.132
304000,0.029,0.880,0.091
304500,0.029,0.893,0.079
305000,0.033,0.884,0.083
305500,0.033,0.893,0.074
306000,0.033,0.855,0.112
306500,0.037,0.831,0.132
307000,0.033,0.872,0.095
307500,0.037,0.872,0.091
308000,0.033,0.822,0.145
308500,0.033,0.835,0.132
309000,0.037,0.864,0.099
309500,0.050,0.860,0.091
310000,0.033,0.835,0.132
310500,0.029,0.888,0.083
311000,0.029,0.913,0.058
311500,0.029,0.880,0.091
312000,0.033,0.868,0.099
312500,0.033,0.860,0.107
313000,0.029,0.851,0.120
313500,0.033,0.864,0.103
314000,0.033,0.851,0.116
314500,0.037,0.818,0.145
315000,0.050,0.769,0.182
315500,0.050,0.822,0.128
316000,0.041,0.798,0.161
316500,0.037,0.876,0.087
317000,0.033,0.893,0.074
317500,0.029,0.851,0.120
318000,0.041,0.851,0.107
318500,0.033,0.884,0.083
319000,0.037,0.839,0.124
319500,0.033,0.905,0.062
320000,0.041,0.876,0.083
320500,0.033,0.860,0.107
321000,0.033,0.893,0.074
321500,0.058,0.851,0.091
322000,0.029,0.880,0.091
322500,0.029,0.884,0.087
323000,0.029,0.868,0.103
323500,0.029,0.880,0.091
324000,0.029,0.905,0.066
324500,0.033,0.884,0.083
325000,0.029,0.876,0.095
325500,0.029,0.897,0.074
326000,0.029,0.893,0.079
326500,0.037,0.872,0.091
327000,0.029,0.864,0.107
327500,0.029,0.888,0.083
328000,0.041,0.901,0.058
328500,0.033,0.884,0.083
329000,0.033,0.888,0.079
329500,0.029,0.926,0.045
330000,0.029,0.934,0.037
330500,0.029,0.905,0.066
331000,0.033,0.913,0.054
331500,0.029,0.884,0.087
332000,0.029,0.905,0.066
332500,0.033,0.864,0.103
333000,0.033,0.855,0.112
333500,0.033,0.822,0.145
334000,0.037,0.855,0.107
334500,0.029,0.930,0.041
335000,0.029,0.880,0.091
335500,0.029,0.934,0.037
336000,0.029,0.897,0.074
336500,0.029,0.938,0.033
337000,0.029,0.917,0.054
337500,0.033,0.897,0.070
338000,0.037,0.888,0.074
338500,0.033,0.880,0.087
339000,0.029,0.789,0.182
339500,0.033,0.880,0.087
340000,0.041,0.884,0.074
340500,0.029,0.872,0.099
341000,0.033,0.860,0.107
341500,0.029,0.893,0.079
342000,0.029,0.880,0.091
342500,0.029,0.876,0.095
343000,0.029,0.913,0.058
343500,0.029,0.868,0.103
344000,0.029,0.926,0.045
344500,0.029,0.897,0.074
345000,0.029,0.880,0.091
345500,0.029,0.893,0.079
346000,0.029,0.905,0.066
346500,0.029,0.917,0.054
347000,0.037,0.872,0.091
347500,0.041,0.769,0.190
348000,0.041,0.793,0.165
348500,0.033,0.868,0.099
349000,0.041,0.798,0.161
349500,0.041,0.839,0.120
350000,0.041,0.860,0.099
350500,0.041,0.785,0.174
351000,0.033,0.843,0.124
351500,0.033,0.843,0.124
352000,0.041,0.785,0.174
352500,0.041,0.868,0.091
353000,0.037,0.843,0.120
353500,0.037,0.851,0.112
354000,0.033,0.921,0.045
354500,0.029,0.938,0.033
355000,0.029,0.921,0.050
355500,0.037,0.897,0.066
356000,0.041,0.876,0.083
356500,0.029,0.893,0.079
357000,0.029,0.938,0.033
357500,0.029,0.909,0.062
358000,0.041,0.831,0.128
358500,0.037,0.806,0.157
359000,0.033,0.872,0.095
359500,0.033,0.884,0.083
360000,0.033,0.864,0.103
360500,0.033,0.893,0.074
361000,0.029,0.868,0.103
361500,0.029,0.880,0.091
362000,0.045,0.831,0.124
362500,0.041,0.802,0.157
363000,0.033,0.868,0.099
363500,0.037,0.876,0.087
364000,0.029,0.901,0.070
364500,0.045,0.835,0.120
365000,0.037,0.855,0.107
365500,0.037,0.917,0.045
366000,0.029,0.913,0.058
366500,0.033,0.921,0.045
367000,0.033,0.897,0.070
367500,0.033,0.851,0.116
368000,0.029,0.938,0.033
368500,0.029,0.876,0.095
369000,0.037,0.864,0.099
369500,0.029,0.921,0.050
370000,0.029,0.930,0.041
370500,0.029,0.888,0.083
371000,0.029,0.876,0.095
371500,0.029,0.893,0.079
372000,0.029,0.938,0.033
372500,0.029,0.872,0.099
373000,0.033,0.872,0.095
373500,0.029,0.884,0.087
374000,0.029,0.913,0.058
374500,0.029,0.934,0.037
375000,0.029,0.934,0.037
375500,0.037,0.843,0.120
376000,0.037,0.860,0.103
376500,0.029,0.884,0.087
377000,0.029,0.926,0.045
377500,0.029,0.888,0.083
378000,0.029,0.938,0.033
378500,0.029,0.901,0.070
379000,0.033,0.909,0.058
379500,0.029,0.913,0.058
380000,0.029,0.901,0.070
380500,0.029,0.888,0.083
381000,0.037,0.876,0.087
381500,0.033,0.913,0.054
382000,0.029,0.868,0.103
382500,0.045,0.884,0.070
383000,0.037,0.884,0.079
383500,0.041,0.860,0.099
384000,0.029,0.897,0.074
384500,0.029,0.938,0.033
385000,0.029,0.909,0.062
385500,0.037,0.897,0.066
386000,0.033,0.884,0.083
386500,0.029,0.872,0.099
387000,0.029,0.913,0.058
387500,0.029,0.876,0.095
388000,0.029,0.864,0.107
388500,0.041,0.843,0.116
389000,0.033,0.860,0.107
389500,0.029,0.880,0.091
390000,0.037,0.884,0.079
390500,0.033,0.868,0.099
391000,0.033,0.868,0.099
391500,0.029,0.888,0.083
392000,0.037,0.843,0.120
392500,0.037,0.917,0.045
393000,0.029,0.884,0.087
393500,0.029,0.847,0.124
394000,0.037,0.880,0.083
394500,0.029,0.921,0.050
395000,0.029,0.860,0.112
395500,0.045,0.876,0.079
396000,0.029,0.814,0.157
396500,0.029,0.897,0.074
397000,0.029,0.831,0.140
397500,0.033,0.831,0.136
398000,0.050,0.835,0.116
398500,0.033,0.917,0.050
399000,0.041,0.847,0.112
399500,0.029,0.835,0.136
400000,0.037,0.872,0.091
400500,0.029,0.888,0.083
401000,0.029,0.872,0.099
401500,0.029,0.893,0.079
402000,0.029,0.893,0.079
402500,0.029,0.909,0.062
403000,0.033,0.876,0.091
403500,0.033,0.905,0.062
404000,0.029,0.893,0.079
404500,0.029,0.872,0.099
405000,0.037,0.806,0.157
405500,0.029,0.860,0.112
406000,0.033,0.831,0.136
406500,0.037,0.901,0.062
407000,0.037,0.884,0.079
407500,0.033,0.901,0.066
408000,0.041,0.909,0.050
408500,0.037,0.872,0.091
409000,0.029,0.901,0.070
409500,0.045,0.884,0.070
410000,0.045,0.839,0.116
410500,0.037,0.831,0.132
411000,0.054,0.835,0.112
411500,0.033,0.847,0.120
412000,0.037,0.888,0.074
412500,0.033,0.893,0.074
413000,0.029,0.860,0.112
413500,0.029,0.913,0.058
414000,0.033,0.876,0.091
414500,0.045,0.872,0.083
415000,0.041,0.884,0.074
415500,0.033,0.913,0.054
416000,0.029,0.864,0.107
416500,0.041,0.884,0.074
417000,0.041,0.888,0.070
417500,0.033,0.876,0.091
418000,0.037,0.835,0.128
418500,0.033,0.884,0.083
419000,0.029,0.872,0.099
419500,0.029,0.909,0.062
420000,0.029,0.897,0.074
420500,0.037,0.864,0.099
421000,0.037,0.876,0.087
421500,0.033,0.880,0.087
422000,0.029,0.913,0.058
422500,0.029,0.934,0.037
423000,0.029,0.934,0.037
423500,0.029,0.930,0.041
424000,0.029,0.868,0.103
424500,0.045,0.851,0.103
425000,0.029,0.835,0.136
425500,0.033,0.888,0.079
426000,0.062,0.822,0.116
426500,0.070,0.756,0.174
427000,0.045,0.847,0.107
427500,0.033,0.876,0.091
428000,0.033,0.831,0.136
428500,0.033,0.876,0.091
429000,0.029,0.901,0.070
429500,0.033,0.847,0.120
430000,0.037,0.822,0.140
430500,0.033,0.781,0.186
431000,0.041,0.880,0.079
431500,0.029,0.888,0.083
432000,0.029,0.884,0.087
432500,0.029,0.905,0.066
433000,0.033,0.876,0.091
433500,0.029,0.909,0.062
434000,0.029,0.934,0.037
434500,0.029,0.930,0.041
435000,0.054,0.802,0.145
435500,0.029,0.839,0.132
436000,0.050,0.839,0.112
436500,0.041,0.851,0.107
437000,0.037,0.839,0.124
437500,0.033,0.909,0.058
438000,0.033,0.938,0.029
438500,0.050,0.839,0.112
439000,0.037,0.835,0.128
439500,0.037,0.884,0.079
440000,0.037,0.847,0.116
440500,0.033,0.893,0.074
441000,0.033,0.806,0.161
441500,0.029,0.843,0.128
442000,0.066,0.847,0.087
442500,0.054,0.822,0.124
443000,0.041,0.897,0.062
443500,0.029,0.893,0.079
444000,0.029,0.835,0.136
444500,0.037,0.839,0.124
445000,0.037,0.806,0.157
445500,0.037,0.855,0.107
446000,0.029,0.897,0.074
446500,0.029,0.864,0.107
447000,0.037,0.860,0.103
447500,0.029,0.851,0.120
448000,0.033,0.888,0.079
448500,0.033,0.888,0.079
449000,0.037,0.888,0.074
449500,0.058,0.806,0.136
450000,0.058,0.826,0.116
450500,0.050,0.798,0.153
451000,0.033,0.818,0.149
451500,0.033,0.851,0.116
452000,0.029,0.872,0.099
452500,0.029,0.913,0.058
453000,0.033,0.905,0.062
453500,0.029,0.851,0.120
454000,0.033,0.839,0.128
454500,0.041,0.880,0.079
455000,0.033,0.872,0.095
455500,0.029,0.884,0.087
456000,0.033,0.847,0.120
456500,0.045,0.851,0.103
457000,0.029,0.839,0.132
457500,0.029,0.913,0.058
458000,0.029,0.926,0.045
458500,0.029,0.921,0.050
459000,0.029,0.921,0.050
459500,0.029,0.868,0.103
460000,0.033,0.851,0.116
460500,0.054,0.860,0.087
461000,0.037,0.884,0.079
461500,0.029,0.888,0.083
462000,0.033,0.888,0.079
462500,0.033,0.843,0.124
463000,0.041,0.822,0.136
463500,0.029,0.921,0.050
464000,0.029,0.872,0.099
464500,0.029,0.876,0.095
465000,0.029,0.901,0.070
465500,0.029,0.926,0.045
466000,0.033,0.909,0.058
466500,0.029,0.876,0.095
467000,0.033,0.864,0.103
467500,0.033,0.893,0.074
468000,0.033,0.905,0.062
468500,0.029,0.888,0.083
469000,0.029,0.913,0.058
469500,0.029,0.897,0.074
470000,0.033,0.893,0.074
470500,0.029,0.851,0.120
471000,0.037,0.851,0.112
471500,0.050,0.814,0.136
472000,0.037,0.785,0.178
472500,0.029,0.826,0.145
473000,0.029,0.905,0.066
473500,0.029,0.930,0.041
474000,0.029,0.893,0.079
474500,0.029,0.905,0.066
475000,0.037,0.893,0.070
475500,0.029,0.884,0.087
476000,0.029,0.847,0.124
476500,0.033,0.847,0.120
477000,0.033,0.810,0.157
477500,0.033,0.864,0.103
478000,0.045,0.826,0.128
478500,0.033,0.810,0.157
479000,0.050,0.764,0.186
479500,0.029,0.897,0.074
480000,0.033,0.893,0.074
480500,0.029,0.905,0.066
481000,0.045,0.855,0.099
481500,0.029,0.897,0.074
482000,0.033,0.843,0.124
482500,0.050,0.847,0.103
483000,0.029,0.876,0.095
483500,0.033,0.880,0.087
484000,0.033,0.909,0.058
484500,0.029,0.893,0.079
485000,0.033,0.884,0.083
485500,0.045,0.864,0.091
486000,0.029,0.864,0.107
486500,0.033,0.868,0.099
487000,0.029,0.917,0.054
487500,0.033,0.835,0.132
488000,0.033,0.880,0.087
488500,0.037,0.901,0.062
489000,0.037,0.839,0.124
489500,0.037,0.851,0.112
490000,0.029,0.901,0.070
490500,0.041,0.831,0.128
491000,0.033,0.913,0.054
491500,0.050,0.860,0.091
492000,0.037,0.810,0.153
492500,0.029,0.909,0.062
493000,0.029,0.872,0.099
493500,0.041,0.843,0.116
494000,0.045,0.835,0.120
494500,0.041,0.851,0.107
495000,0.037,0.930,0.033
495500,0.033,0.897,0.070
496000,0.037,0.864,0.099
496500,0.029,0.880,0.091
497000,0.041,0.868,0.091
497500,0.037,0.860,0.103
498000,0.029,0.934,0.037
498500,0.037,0.897,0.066
499000,0.037,0.880,0.083
499500,0.041,0.831,0.128
500000,0.029,0.893,0.079
500500,0.029,0.880,0.091
501000,0.037,0.897,0.066
501500,0.033,0.897,0.070
502000,0.054,0.851,0.095
502500,0.033,0.831,0.136
503000,0.033,0.798,0.169
503500,0.041,0.860,0.099
504000,0.029,0.901,0.070
504500,0.029,0.876,0.095
505000,0.033,0.921,0.045
505500,0.029,0.938,0.033
506000,0.033,0.872,0.095
506500,0.033,0.905,0.062
507000,0.037,0.913,0.050
507500,0.029,0.893,0.079
508000,0.029,0.909,0.062
508500,0.029,0.888,0.083
509000,0.029,0.876,0.095
509500,0.029,0.851,0.120
510000,0.037,0.893,0.070
510500,0.029,0.876,0.095
511000,0.029,0.893,0.079
511500,0.033,0.942,0.025
512000,0.029,0.917,0.054
512500,0.029,0.917,0.054
513000,0.029,0.926,0.045
513500,0.033,0.868,0.099
514000,0.045,0.872,0.083
514500,0.033,0.909,0.058
515000,0.029,0.880,0.091
515500,0.033,0.909,0.058
516000,0.033,0.897,0.070
516500,0.041,0.868,0.091
517000,0.037,0.909,0.054
517500,0.033,0.888,0.079
518000,0.029,0.913,0.058
518500,0.029,0.905,0.066
519000,0.041,0.909,0.050
519500,0.029,0.930,0.041
520000,0.029,0.921,0.050
520500,0.033,0.880,0.087
521000,0.037,0.930,0.033
521500,0.033,0.884,0.083
522000,0.029,0.917,0.054
522500,0.029,0.893,0.079
523000,0.045,0.847,0.107
523500,0.029,0.888,0.083
524000,0.029,0.917,0.054
524500,0.029,0.938,0.033
525000,0.037,0.897,0.066
525500,0.029,0.955,0.017
526000,0.029,0.938,0.033
526500,0.037,0.930,0.033
527000,0.041,0.843,0.116
527500,0.041,0.860,0.099
528000,0.029,0.893,0.079
528500,0.033,0.868,0.099
529000,0.050,0.818,0.132
529500,0.050,0.806,0.145
530000,0.033,0.835,0.132
530500,0.045,0.798,0.157
531000,0.029,0.835,0.136
531500,0.037,0.860,0.103
532000,0.029,0.847,0.124
532500,0.037,0.847,0.116
533000,0.033,0.839,0.128
533500,0.033,0.884,0.083
534000,0.041,0.843,0.116
534500,0.041,0.868,0.091
535000,0.029,0.905,0.066
535500,0.037,0.897,0.066
536000,0.029,0.880,0.091
536500,0.029,0.880,0.091
537000,0.041,0.843,0.116
537500,0.050,0.864,0.087
538000,0.029,0.893,0.079
538500,0.029,0.921,0.050
539000,0.029,0.876,0.095
539500,0.033,0.843,0.124
540000,0.029,0.888,0.083
540500,0.045,0.860,0.095
541000,0.029,0.884,0.087
541500,0.033,0.855,0.112
542000,0.029,0.880,0.091
542500,0.029,0.888,0.083
543000,0.029,0.826,0.145
543500,0.029,0.880,0.091
544000,0.029,0.905,0.066
544500,0.029,0.930,0.041
545000,0.029,0.913,0.058
545500,0.029,0.880,0.091
546000,0.029,0.893,0.079
546500,0.037,0.864,0.099
547000,0.029,0.897,0.074
547500,0.029,0.860,0.112
548000,0.029,0.884,0.087
548500,0.029,0.909,0.062
549000,0.029,0.917,0.054
549500,0.029,0.905,0.066
550000,0.033,0.905,0.062
550500,0.029,0.909,0.062
551000,0.037,0.872,0.091
551500,0.029,0.888,0.083
552000,0.033,0.876,0.091
552500,0.029,0.897,0.074
553000,0.033,0.921,0.045
553500,0.029,0.897,0.074
554000,0.029,0.901,0.070
554500,0.033,0.921,0.045
555000,0.029,0.901,0.070
555500,0.029,0.897,0.074
556000,0.037,0.893,0.070
556500,0.037,0.917,0.045
557000,0.029,0.864,0.107
557500,0.029,0.934,0.037
558000,0.037,0.851,0.112
558500,0.037,0.905,0.058
559000,0.033,0.897,0.070
559500,0.029,0.909,0.062
560000,0.033,0.855,0.112
560500,0.041,0.798,0.161
561000,0.033,0.826,0.140
561500,0.029,0.822,0.149
562000,0.050,0.798,0.153
562500,0.033,0.835,0.132
563000,0.029,0.921,0.050
563500,0.029,0.843,0.128
564000,0.033,0.868,0.099
564500,0.029,0.913,0.058
565000,0.033,0.876,0.091
565500,0.033,0.905,0.062
566000,0.029,0.938,0.033
566500,0.029,0.942,0.029
567000,0.033,0.901,0.066
567500,0.045,0.897,0.058
568000,0.029,0.893,0.079
568500,0.033,0.880,0.087
569000,0.029,0.851,0.120
569500,0.033,0.909,0.058
570000,0.029,0.917,0.054
570500,0.041,0.876,0.083
571000,0.037,0.851,0.112
571500,0.033,0.781,0.186
572000,0.029,0.860,0.112
572500,0.037,0.806,0.157
573000,0.037,0.880,0.083
573500,0.029,0.917,0.054
574000,0.033,0.860,0.107
574500,0.033,0.851,0.116
575000,0.029,0.901,0.070
575500,0.029,0.917,0.054
576000,0.029,0.888,0.083
576500,0.029,0.872,0.099
577000,0.029,0.864,0.107
577500,0.037,0.843,0.120
578000,0.037,0.897,0.066
578500,0.029,0.909,0.062
579000,0.029,0.946,0.025
579500,0.033,0.905,0.062
580000,0.029,0.926,0.045
580500,0.029,0.901,0.070
581000,0.033,0.942,0.025
581500,0.029,0.888,0.083
582000,0.029,0.934,0.037
582500,0.029,0.909,0.062
583000,0.029,0.930,0.041
583500,0.029,0.921,0.050
584000,0.029,0.876,0.095
584500,0.041,0.855,0.103
585000,0.029,0.897,0.074
585500,0.037,0.901,0.062
586000,0.033,0.880,0.087
586500,0.041,0.884,0.074
587000,0.029,0.917,0.054
587500,0.041,0.872,0.087
588000,0.041,0.851,0.107
588500,0.033,0.876,0.091
589000,0.037,0.864,0.099
589500,0.029,0.880,0.091
590000,0.029,0.897,0.074
590500,0.029,0.926,0.045
591000,0.029,0.926,0.045
591500,0.029,0.909,0.062
592000,0.029,0.897,0.074
592500,0.033,0.909,0.058
593000,0.041,0.880,0.079
593500,0.029,0.901,0.070
594000,0.037,0.913,0.050
594500,0.029,0.909,0.062
595000,0.033,0.917,0.050
595500,0.029,0.888,0.083
596000,0.033,0.897,0.070
596500,0.037,0.880,0.083
597000,0.041,0.839,0.120
597500,0.033,0.880,0.087
598000,0.033,0.839,0.128
598500,0.029,0.822,0.149
599000,0.033,0.876,0.091
599500,0.041,0.860,0.099
600000,0.037,0.868,0.095
600500,0.029,0.868,0.103
601000,0.029,0.888,0.083
601500,0.029,0.847,0.124
602000,0.033,0.901,0.066
602500,0.029,0.893,0.079
603000,0.029,0.880,0.091
603500,0.037,0.793,0.169
604000,0.054,0.872,0.074
604500,0.037,0.847,0.116
605000,0.054,0.831,0.116
605500,0.045,0.793,0.161
606000,0.029,0.843,0.128
606500,0.029,0.926,0.045
607000,0.029,0.905,0.066
607500,0.054,0.781,0.165
608000,0.029,0.843,0.128
608500,0.033,0.893,0.074
609000,0.037,0.884,0.079
609500,0.033,0.851,0.116
610000,0.029,0.909,0.062
610500,0.029,0.917,0.054
611000,0.033,0.913,0.054
611500,0.029,0.942,0.029
612000,0.029,0.909,0.062
612500,0.029,0.930,0.041
613000,0.029,0.921,0.050
613500,0.033,0.938,0.029
614000,0.037,0.884,0.079
614500,0.033,0.855,0.112
615000,0.041,0.855,0.103
615500,0.029,0.864,0.107
616000,0.029,0.913,0.058
616500,0.029,0.930,0.041
617000,0.037,0.860,0.103
617500,0.029,0.884,0.087
618000,0.029,0.893,0.079
618500,0.033,0.851,0.116
619000,0.033,0.884,0.083
619500,0.033,0.893,0.074
620000,0.033,0.855,0.112
620500,0.033,0.926,0.041
621000,0.029,0.913,0.058
621500,0.029,0.876,0.095
622000,0.029,0.913,0.058
622500,0.029,0.897,0.074
623000,0.029,0.810,0.161
623500,0.037,0.884,0.079
624000,0.037,0.876,0.087
624500,0.033,0.860,0.107
625000,0.041,0.884,0.074
625500,0.045,0.822,0.132
626000,0.029,0.897,0.074
626500,0.029,0.909,0.062
627000,0.029,0.942,0.029
627500,0.029,0.884,0.087
628000,0.029,0.917,0.054
628500,0.029,0.909,0.062
629000,0.033,0.884,0.083
629500,0.029,0.872,0.099
630000,0.029,0.839,0.132
630500,0.041,0.888,0.070
631000,0.029,0.913,0.058
631500,0.029,0.905,0.066
632000,0.029,0.909,0.062
632500,0.041,0.860,0.099
633000,0.037,0.905,0.058
633500,0.033,0.872,0.095
634000,0.029,0.860,0.112
634500,0.033,0.888,0.079
635000,0.029,0.901,0.070
635500,0.029,0.880,0.091
636000,0.033,0.876,0.091
636500,0.037,0.798,0.165
637000,0.037,0.810,0.153
637500,0.041,0.826,0.132
638000,0.029,0.851,0.120
638500,0.029,0.868,0.103
639000,0.037,0.851,0.112
639500,0.033,0.855,0.112
640000,0.045,0.826,0.128
640500,0.033,0.876,0.091
641000,0.033,0.835,0.132
641500,0.045,0.831,0.124
642000,0.033,0.847,0.120
642500,0.041,0.822,0.136
643000,0.029,0.843,0.128
643500,0.029,0.913,0.058
644000,0.033,0.905,0.062
644500,0.029,0.913,0.058
645000,0.029,0.913,0.058
645500,0.029,0.901,0.070
646000,0.037,0.880,0.083
646500,0.037,0.876,0.087
647000,0.029,0.888,0.083
647500,0.037,0.888,0.074
648000,0.033,0.917,0.050
648500,0.037,0.864,0.099
649000,0.029,0.835,0.136
649500,0.033,0.884,0.083
650000,0.029,0.864,0.107
650500,0.045,0.847,0.107
651000,0.029,0.835,0.136
651500,0.029,0.847,0.124
652000,0.029,0.847,0.124
652500,0.062,0.818,0.120
653000,0.050,0.802,0.149
653500,0.037,0.851,0.112
654000,0.041,0.868,0.091
654500,0.041,0.839,0.120
655000,0.045,0.826,0.128
655500,0.033,0.802,0.165
656000,0.033,0.847,0.120
656500,0.033,0.855,0.112
657000,0.037,0.831,0.132
657500,0.066,0.806,0.128
658000,0.087,0.773,0.140
658500,0.066,0.826,0.107
659000,0.041,0.868,0.091
659500,0.033,0.901,0.066
660000,0.033,0.888,0.079
660500,0.029,0.860,0.112
661000,0.029,0.855,0.116
661500,0.041,0.843,0.116
662000,0.041,0.872,0.087
662500,0.029,0.897,0.074
663000,0.029,0.909,0.062
663500,0.041,0.884,0.074
664000,0.033,0.893,0.074
664500,0.029,0.855,0.116
665000,0.029,0.860,0.112
665500,0.037,0.831,0.132
666000,0.033,0.872,0.095
666500,0.037,0.888,0.074
667000,0.029,0.917,0.054
667500,0.037,0.897,0.066
668000,0.033,0.818,0.149
668500,0.041,0.835,0.124
669000,0.037,0.872,0.091
669500,0.045,0.785,0.169
670000,0.045,0.810,0.145
670500,0.045,0.810,0.145
671000,0.029,0.860,0.112
671500,0.029,0.843,0.128
672000,0.041,0.868,0.091
672500,0.037,0.855,0.107
673000,0.029,0.905,0.066
673500,0.029,0.868,0.103
674000,0.029,0.872,0.099
674500,0.037,0.864,0.099
675000,0.037,0.806,0.157
675500,0.033,0.818,0.149
676000,0.033,0.909,0.058
676500,0.029,0.905,0.066
677000,0.037,0.868,0.095
677500,0.029,0.872,0.099
678000,0.033,0.909,0.058
678500,0.045,0.818,0.136
679000,0.029,0.888,0.083
679500,0.037,0.880,0.083
680000,0.037,0.802,0.161
680500,0.041,0.814,0.145
681000,0.041,0.777,0.182
681500,0.041,0.855,0.103
682000,0.029,0.897,0.074
682500,0.029,0.884,0.087
683000,0.029,0.930,0.041
683500,0.029,0.926,0.045
684000,0.029,0.930,0.041
684500,0.029,0.901,0.070
685000,0.029,0.913,0.058
685500,0.029,0.955,0.017
686000,0.029,0.930,0.041
686500,0.029,0.893,0.079
687000,0.033,0.831,0.136
687500,0.037,0.835,0.128
688000,0.041,0.868,0.091
688500,0.033,0.860,0.107
689000,0.033,0.847,0.120
689500,0.045,0.814,0.140
690000,0.045,0.777,0.178
690500,0.037,0.810,0.153
691000,0.037,0.798,0.165
691500,0.037,0.843,0.120
692000,0.045,0.901,0.054
692500,0.041,0.855,0.103
693000,0.037,0.872,0.091
693500,0.029,0.864,0.107
694000,0.037,0.893,0.070
694500,0.029,0.897,0.074
695000,0.037,0.822,0.140
695500,0.054,0.789,0.157
696000,0.041,0.864,0.095
696500,0.050,0.818,0.132
697000,0.041,0.835,0.124
697500,0.037,0.864,0.099
698000,0.029,0.860,0.112
698500,0.029,0.868,0.103
699000,0.033,0.888,0.079
699500,0.029,0.855,0.116
700000,0.041,0.810,0.149
700500,0.029,0.843,0.128
701000,0.045,0.806,0.149
701500,0.033,0.843,0.124
702000,0.029,0.876,0.095
702500,0.037,0.864,0.099
703000,0.037,0.901,0.062
703500,0.033,0.876,0.091
704000,0.029,0.901,0.070
704500,0.050,0.723,0.227
705000,0.045,0.835,0.120
705500,0.033,0.868,0.099
706000,0.050,0.826,0.124
706500,0.037,0.855,0.107
707000,0.037,0.872,0.091
707500,0.033,0.851,0.116
708000,0.033,0.876,0.091
708500,0.033,0.917,0.050
709000,0.033,0.876,0.091
709500,0.029,0.872,0.099
710000,0.029,0.905,0.066
710500,0.033,0.876,0.091
711000,0.029,0.897,0.074
711500,0.033,0.868,0.099
712000,0.033,0.822,0.145
712500,0.033,0.888,0.079
713000,0.029,0.917,0.054
713500,0.029,0.901,0.070
714000,0.050,0.876,0.074
714500,0.037,0.884,0.079
715000,0.033,0.880,0.087
715500,0.033,0.893,0.074
716000,0.033,0.909,0.058
716500,0.041,0.893,0.066
717000,0.029,0.917,0.054
717500,0.033,0.921,0.045
718000,0.029,0.905,0.066
718500,0.045,0.835,0.120
719000,0.033,0.855,0.112
719500,0.029,0.926,0.045
720000,0.033,0.893,0.074
720500,0.037,0.872,0.091
721000,0.029,0.868,0.103
721500,0.037,0.872,0.091
722000,0.045,0.880,0.074
722500,0.045,0.835,0.120
723000,0.041,0.835,0.124
723500,0.033,0.888,0.079
724000,0.029,0.872,0.099
724500,0.037,0.860,0.103
725000,0.029,0.814,0.157
725500,0.033,0.822,0.145
726000,0.029,0.860,0.112
726500,0.033,0.860,0.107
727000,0.037,0.810,0.153
727500,0.041,0.880,0.079
728000,0.029,0.897,0.074
728500,0.029,0.921,0.050
729000,0.029,0.938,0.033
729500,0.033,0.901,0.066
730000,0.029,0.913,0.058
730500,0.029,0.905,0.066
731000,0.037,0.864,0.099
731500,0.029,0.851,0.120
732000,0.029,0.893,0.079
732500,0.029,0.909,0.062
733000,0.029,0.905,0.066
733500,0.029,0.938,0.033
734000,0.029,0.921,0.050
734500,0.029,0.917,0.054
735000,0.029,0.897,0.074
735500,0.033,0.893,0.074
736000,0.029,0.860,0.112
736500,0.033,0.921,0.045
737000,0.029,0.884,0.087
737500,0.029,0.905,0.066
738000,0.029,0.917,0.054
738500,0.029,0.946,0.025
739000,0.037,0.868,0.095
739500,0.041,0.851,0.107
740000,0.033,0.930,0.037
740500,0.029,0.880,0.091
741000,0.029,0.913,0.058
741500,0.029,0.814,0.157
742000,0.033,0.905,0.062
742500,0.029,0.905,0.066
743000,0.033,0.917,0.050
743500,0.045,0.806,0.149
744000,0.037,0.793,0.169
744500,0.029,0.888,0.083
745000,0.037,0.884,0.079
745500,0.029,0.909,0.062
746000,0.029,0.897,0.074
746500,0.033,0.909,0.058
747000,0.037,0.835,0.128
747500,0.029,0.888,0.083
748000,0.041,0.831,0.128
748500,0.029,0.880,0.091
749000,0.029,0.847,0.124
749500,0.029,0.876,0.095
750000,0.029,0.847,0.124
750500,0.033,0.855,0.112
751000,0.029,0.930,0.041
751500,0.029,0.880,0.091
752000,0.029,0.905,0.066
752500,0.029,0.888,0.083
753000,0.029,0.913,0.058
753500,0.029,0.884,0.087
754000,0.029,0.868,0.103
754500,0.041,0.860,0.099
755000,0.041,0.872,0.087
755500,0.029,0.880,0.091
756000,0.029,0.860,0.112
756500,0.029,0.913,0.058
757000,0.033,0.917,0.050
757500,0.029,0.880,0.091
758000,0.029,0.917,0.054
758500,0.029,0.909,0.062
759000,0.033,0.888,0.079
759500,0.033,0.905,0.062
760000,0.037,0.897,0.066
760500,0.033,0.893,0.074
761000,0.029,0.946,0.025
761500,0.037,0.884,0.079
762000,0.033,0.826,0.140
762500,0.033,0.860,0.107
763000,0.037,0.934,0.029
763500,0.029,0.860,0.112
764000,0.033,0.822,0.145
764500,0.041,0.843,0.116
765000,0.050,0.847,0.103
765500,0.033,0.880,0.087
766000,0.033,0.905,0.062
766500,0.033,0.851,0.116
767000,0.029,0.860,0.112
767500,0.037,0.868,0.095
768000,0.029,0.843,0.128
768500,0.029,0.802,0.169
769000,0.029,0.897,0.074
769500,0.033,0.893,0.074
770000,0.029,0.921,0.050
770500,0.029,0.913,0.058
771000,0.029,0.913,0.058
771500,0.029,0.855,0.116
772000,0.041,0.835,0.124
772500,0.037,0.864,0.099
773000,0.037,0.847,0.116
773500,0.054,0.822,0.124
774000,0.037,0.822,0.140
774500,0.029,0.855,0.116
775000,0.029,0.897,0.074
775500,0.033,0.905,0.062
776000,0.041,0.872,0.087
776500,0.033,0.880,0.087
777000,0.033,0.880,0.087
777500,0.029,0.926,0.045
778000,0.029,0.921,0.050
778500,0.029,0.913,0.058
779000,0.029,0.888,0.083
779500,0.037,0.880,0.083
780000,0.029,0.814,0.157
780500,0.029,0.921,0.050
781000,0.029,0.913,0.058
781500,0.029,0.917,0.054
782000,0.029,0.909,0.062
782500,0.041,0.855,0.103
783000,0.033,0.876,0.091
783500,0.029,0.868,0.103
784000,0.050,0.847,0.103
784500,0.037,0.822,0.140
785000,0.045,0.839,0.116
785500,0.033,0.822,0.145
786000,0.033,0.868,0.099
786500,0.029,0.913,0.058
787000,0.029,0.839,0.132
787500,0.029,0.843,0.128
788000,0.037,0.880,0.083
788500,0.033,0.888,0.079
789000,0.037,0.888,0.074
789500,0.029,0.921,0.050
790000,0.029,0.917,0.054
790500,0.033,0.855,0.112
791000,0.033,0.888,0.079
791500,0.033,0.876,0.091
792000,0.029,0.872,0.099
792500,0.033,0.855,0.112
793000,0.037,0.880,0.083
793500,0.033,0.860,0.107
794000,0.050,0.810,0.140
794500,0.033,0.769,0.198
795000,0.041,0.847,0.112
795500,0.029,0.893,0.079
796000,0.033,0.893,0.074
796500,0.029,0.872,0.099
797000,0.029,0.847,0.124
797500,0.045,0.868,0.087
798000,0.041,0.868,0.091
798500,0.033,0.909,0.058
799000,0.037,0.868,0.095
799500,0.029,0.926,0.045
800000,0.029,0.938,0.033
800500,0.029,0.905,0.066
801000,0.029,0.917,0.054
801500,0.029,0.880,0.091
802000,0.041,0.855,0.103
802500,0.050,0.818,0.132
803000,0.033,0.822,0.145
803500,0.033,0.818,0.149
804000,0.050,0.756,0.194
804500,0.033,0.864,0.103
805000,0.041,0.839,0.120
805500,0.041,0.835,0.124
806000,0.029,0.897,0.074
806500,0.037,0.831,0.132
807000,0.058,0.843,0.099
807500,0.058,0.773,0.169
808000,0.058,0.839,0.103
808500,0.045,0.835,0.120
809000,0.041,0.822,0.136
809500,0.033,0.814,0.153
810000,0.054,0.826,0.120
810500,0.033,0.851,0.116
811000,0.029,0.864,0.107
811500,0.033,0.864,0.103
812000,0.041,0.888,0.070
812500,0.033,0.934,0.033
813000,0.029,0.946,0.025
813500,0.029,0.926,0.045
814000,0.029,0.847,0.124
814500,0.029,0.855,0.116
815000,0.033,0.909,0.058
815500,0.029,0.868,0.103
816000,0.037,0.930,0.033
816500,0.033,0.893,0.074
817000,0.041,0.806,0.153
817500,0.033,0.851,0.116
818000,0.033,0.897,0.070
818500,0.041,0.905,0.054
819000,0.033,0.913,0.054
819500,0.037,0.880,0.083
820000,0.029,0.860,0.112
820500,0.033,0.917,0.050
821000,0.033,0.880,0.087
821500,0.033,0.888,0.079
822000,0.037,0.822,0.140
822500,0.033,0.901,0.066
823000,0.033,0.897,0.070
823500,0.029,0.868,0.103
824000,0.033,0.860,0.107
824500,0.029,0.855,0.116
825000,0.029,0.888,0.083
825500,0.029,0.917,0.054
826000,0.037,0.913,0.050
826500,0.033,0.872,0.095
827000,0.033,0.872,0.095
827500,0.041,0.888,0.070
828000,0.037,0.888,0.074
828500,0.029,0.913,0.058
829000,0.029,0.959,0.012
829500,0.041,0.905,0.054
830000,0.033,0.913,0.054
830500,0.029,0.913,0.058
831000,0.029,0.913,0.058
831500,0.041,0.839,0.120
832000,0.045,0.798,0.157
832500,0.033,0.806,0.161
833000,0.037,0.905,0.058
833500,0.029,0.942,0.029
834000,0.029,0.884,0.087
834500,0.029,0.897,0.074
835000,0.029,0.930,0.041
835500,0.033,0.888,0.079
836000,0.037,0.802,0.161
836500,0.033,0.843,0.124
837000,0.033,0.901,0.066
837500,0.029,0.921,0.050
838000,0.029,0.897,0.074
838500,0.033,0.897,0.070
839000,0.029,0.822,0.149
839500,0.037,0.835,0.128
840000,0.033,0.835,0.132
840500,0.037,0.855,0.107
841000,0.033,0.860,0.107
841500,0.041,0.851,0.107
842000,0.029,0.913,0.058
842500,0.029,0.942,0.029
843000,0.029,0.934,0.037
843500,0.029,0.897,0.074
844000,0.029,0.876,0.095
844500,0.029,0.872,0.099
845000,0.029,0.847,0.124
845500,0.033,0.905,0.062
846000,0.029,0.942,0.029
846500,0.029,0.926,0.045
847000,0.033,0.921,0.045
847500,0.029,0.884,0.087
848000,0.029,0.901,0.070
848500,0.029,0.917,0.054
849000,0.029,0.921,0.050
849500,0.029,0.897,0.074
850000,0.029,0.934,0.037
850500,0.029,0.955,0.017
851000,0.029,0.909,0.062
851500,0.033,0.864,0.103
852000,0.033,0.921,0.045
852500,0.029,0.826,0.145
853000,0.045,0.860,0.095
853500,0.029,0.880,0.091
854000,0.029,0.909,0.062
854500,0.029,0.913,0.058
855000,0.037,0.855,0.107
855500,0.050,0.806,0.145
856000,0.033,0.864,0.103
856500,0.033,0.913,0.054
857000,0.037,0.905,0.058
857500,0.041,0.893,0.066
858000,0.033,0.851,0.116
858500,0.033,0.826,0.140
859000,0.045,0.851,0.103
859500,0.037,0.839,0.124
860000,0.033,0.876,0.091
860500,0.033,0.831,0.136
861000,0.029,0.860,0.112
861500,0.029,0.860,0.112
862000,0.029,0.880,0.091
862500,0.045,0.888,0.066
863000,0.050,0.798,0.153
863500,0.041,0.814,0.145
864000,0.037,0.826,0.136
864500,0.029,0.905,0.066
865000,0.037,0.868,0.095
865500,0.033,0.884,0.083
866000,0.029,0.884,0.087
866500,0.029,0.934,0.037
867000,0.033,0.888,0.079
867500,0.037,0.855,0.107
868000,0.029,0.855,0.116
868500,0.029,0.917,0.054
869000,0.037,0.913,0.050
869500,0.033,0.888,0.079
870000,0.029,0.888,0.083
870500,0.029,0.909,0.062
871000,0.029,0.893,0.079
871500,0.037,0.888,0.074
872000,0.033,0.880,0.087
872500,0.029,0.876,0.095
873000,0.029,0.851,0.120
873500,0.029,0.921,0.050
874000,0.029,0.884,0.087
874500,0.033,0.901,0.066
875000,0.033,0.868,0.099
875500,0.041,0.860,0.099
876000,0.029,0.868,0.103
876500,0.029,0.864,0.107
877000,0.029,0.868,0.103
877500,0.029,0.847,0.124
878000,0.029,0.893,0.079
878500,0.029,0.847,0.124
879000,0.037,0.876,0.087
879500,0.037,0.851,0.112
880000,0.029,0.864,0.107
880500,0.029,0.864,0.107
881000,0.041,0.880,0.079
881500,0.037,0.798,0.165
882000,0.029,0.905,0.066
882500,0.037,0.884,0.079
883000,0.037,0.868,0.095
883500,0.050,0.901,0.050
884000,0.033,0.880,0.087
884500,0.029,0.888,0.083
885000,0.037,0.876,0.087
885500,0.037,0.843,0.120
886000,0.045,0.876,0.079
886500,0.029,0.868,0.103
887000,0.037,0.826,0.136
887500,0.050,0.798,0.153
888000,0.033,0.868,0.099
888500,0.037,0.901,0.062
889000,0.033,0.872,0.095
889500,0.029,0.905,0.066
890000,0.029,0.897,0.074
890500,0.037,0.917,0.045
891000,0.029,0.835,0.136
891500,0.037,0.835,0.128
892000,0.037,0.818,0.145
892500,0.033,0.917,0.050
893000,0.037,0.897,0.066
893500,0.029,0.884,0.087
894000,0.050,0.893,0.058
894500,0.033,0.876,0.091
895000,0.033,0.901,0.066
895500,0.029,0.872,0.099
896000,0.029,0.901,0.070
896500,0.029,0.926,0.045
897000,0.029,0.855,0.116
897500,0.029,0.810,0.161
898000,0.045,0.864,0.091
898500,0.033,0.864,0.103
899000,0.029,0.913,0.058
899500,0.029,0.921,0.050
900000,0.033,0.905,0.062
900500,0.029,0.901,0.070
901000,0.041,0.826,0.132
901500,0.041,0.855,0.103
902000,0.029,0.826,0.145
902500,0.037,0.785,0.178
903000,0.033,0.855,0.112
903500,0.033,0.913,0.054
904000,0.033,0.880,0.087
904500,0.037,0.831,0.132
905000,0.041,0.810,0.149
905500,0.029,0.888,0.083
906000,0.037,0.847,0.116
906500,0.037,0.909,0.054
907000,0.029,0.843,0.128
907500,0.045,0.806,0.149
908000,0.029,0.831,0.140
908500,0.029,0.843,0.128
909000,0.029,0.905,0.066
909500,0.029,0.839,0.132
910000,0.033,0.893,0.074
910500,0.033,0.814,0.153
911000,0.033,0.872,0.095
911500,0.045,0.864,0.091
912000,0.033,0.901,0.066
912500,0.033,0.847,0.120
913000,0.033,0.901,0.066
913500,0.029,0.921,0.050
914000,0.029,0.884,0.087
914500,0.041,0.860,0.099
915000,0.029,0.930,0.041
915500,0.033,0.868,0.099
916000,0.033,0.901,0.066
916500,0.029,0.893,0.079
917000,0.033,0.876,0.091
917500,0.029,0.921,0.050
918000,0.041,0.921,0.037
918500,0.045,0.831,0.124
919000,0.033,0.843,0.124
919500,0.029,0.917,0.054
920000,0.029,0.847,0.124
920500,0.029,0.851,0.120
921000,0.029,0.851,0.120
921500,0.033,0.793,0.174
922000,0.033,0.843,0.124
922500,0.041,0.864,0.095
923000,0.041,0.864,0.095
923500,0.029,0.880,0.091
924000,0.029,0.860,0.112
924500,0.029,0.921,0.050
925000,0.033,0.826,0.140
925500,0.045,0.868,0.087
926000,0.041,0.868,0.091
926500,0.037,0.868,0.095
927000,0.058,0.785,0.157
927500,0.058,0.727,0.215
928000,0.058,0.760,0.182
928500,0.050,0.831,0.120
929000,0.037,0.839,0.124
929500,0.050,0.814,0.136
930000,0.037,0.897,0.066
930500,0.029,0.835,0.136
931000,0.033,0.888,0.079
931500,0.029,0.913,0.058
932000,0.029,0.897,0.074
932500,0.029,0.897,0.074
933000,0.029,0.921,0.050
933500,0.029,0.884,0.087
934000,0.029,0.946,0.025
934500,0.041,0.905,0.054
935000,0.029,0.839,0.132
935500,0.037,0.822,0.140
936000,0.029,0.897,0.074
936500,0.041,0.860,0.099
937000,0.041,0.831,0.128
937500,0.037,0.835,0.128
938000,0.033,0.868,0.099
938500,0.037,0.905,0.058
939000,0.037,0.843,0.120
939500,0.045,0.810,0.145
940000,0.041,0.810,0.149
940500,0.037,0.822,0.140
941000,0.045,0.777,0.178
941500,0.029,0.769,0.202
942000,0.029,0.921,0.050
942500,0.033,0.888,0.079
943000,0.029,0.839,0.132
943500,0.029,0.847,0.124
944000,0.029,0.864,0.107
944500,0.029,0.884,0.087
945000,0.033,0.855,0.112
945500,0.033,0.901,0.066
946000,0.054,0.818,0.128
946500,0.041,0.860,0.099
947000,0.037,0.876,0.087
947500,0.037,0.860,0.103
948000,0.033,0.905,0.062
948500,0.033,0.913,0.054
949000,0.033,0.897,0.070
949500,0.037,0.930,0.033
950000,0.050,0.864,0.087
950500,0.033,0.876,0.091
951000,0.033,0.884,0.083
951500,0.045,0.909,0.045
952000,0.037,0.880,0.083
952500,0.033,0.860,0.107
953000,0.037,0.810,0.153
953500,0.029,0.884,0.087
954000,0.029,0.888,0.083
954500,0.033,0.888,0.079
955000,0.041,0.909,0.050
955500,0.033,0.926,0.041
956000,0.033,0.901,0.066
956500,0.029,0.950,0.021
957000,0.029,0.880,0.091
957500,0.033,0.843,0.124
958000,0.029,0.864,0.107
958500,0.045,0.860,0.095
959000,0.037,0.872,0.091
959500,0.029,0.884,0.087
960000,0.041,0.822,0.136
960500,0.041,0.855,0.103
961000,0.029,0.872,0.099
961500,0.029,0.901,0.070
962000,0.029,0.913,0.058
962500,0.029,0.917,0.054
963000,0.041,0.880,0.079
963500,0.041,0.839,0.120
964000,0.033,0.888,0.079
964500,0.033,0.826,0.140
965000,0.029,0.888,0.083
965500,0.041,0.826,0.132
966000,0.050,0.839,0.112
966500,0.033,0.876,0.091
967000,0.029,0.897,0.074
967500,0.033,0.905,0.062
968000,0.033,0.835,0.132
968500,0.029,0.884,0.087
969000,0.037,0.822,0.140
969500,0.041,0.810,0.149
970000,0.037,0.897,0.066
970500,0.041,0.897,0.062
971000,0.029,0.930,0.041
971500,0.029,0.921,0.050
972000,0.033,0.822,0.145
972500,0.045,0.814,0.140
973000,0.045,0.864,0.091
973500,0.037,0.843,0.120
974000,0.045,0.893,0.062
974500,0.041,0.851,0.107
975000,0.037,0.868,0.095
975500,0.029,0.843,0.128
976000,0.033,0.835,0.132
976500,0.037,0.814,0.149
977000,0.033,0.855,0.112
977500,0.029,0.876,0.095
978000,0.029,0.930,0.041
978500,0.029,0.864,0.107
979000,0.029,0.913,0.058
979500,0.029,0.818,0.153
980000,0.037,0.855,0.107
980500,0.029,0.893,0.079
981000,0.041,0.864,0.095
981500,0.037,0.855,0.107
982000,0.029,0.872,0.099
982500,0.033,0.884,0.083
983000,0.029,0.909,0.062
983500,0.033,0.888,0.079
984000,0.029,0.847,0.124
984500,0.029,0.901,0.070
985000,0.029,0.930,0.041
985500,0.029,0.921,0.050
986000,0.029,0.930,0.041
986500,0.029,0.855,0.116
987000,0.033,0.880,0.087
987500,0.033,0.822,0.145
988000,0.029,0.860,0.112
988500,0.029,0.839,0.132
989000,0.041,0.851,0.107
989500,0.033,0.872,0.095
990000,0.037,0.880,0.083
990500,0.041,0.822,0.136
991000,0.041,0.872,0.087
991500,0.029,0.926,0.045
992000,0.029,0.905,0.066
992500,0.029,0.913,0.058
993000,0.029,0.893,0.079
993500,0.029,0.905,0.066
994000,0.033,0.855,0.112
994500,0.041,0.785,0.174
995000,0.029,0.855,0.116
995500,0.029,0.893,0.079
996000,0.029,0.884,0.087
996500,0.029,0.934,0.037
997000,0.029,0.930,0.041
997500,0.037,0.893,0.070
998000,0.029,0.843,0.128
998500,0.029,0.893,0.079
999000,0.029,0.893,0.079
999500,0.041,0.839,0.120
1000000,0.037,0.835,0.128
