time,n_A+p,n_B,n_AB
0,0.446,0.554,-0.000
500,0.128,0.198,0.674
1000,0.107,0.157,0.736
1500,0.112,0.124,0.764
2000,0.128,0.132,0.740
2500,0.070,0.112,0.818
3000,0.107,0.157,0.736
3500,0.087,0.169,0.744
4000,0.140,0.128,0.731
4500,0.124,0.099,0.777
5000,0.116,0.116,0.769
5500,0.083,0.095,0.822
6000,0.128,0.132,0.740
6500,0.153,0.112,0.736
7000,0.107,0.161,0.731
7500,0.140,0.079,0.781
8000,0.079,0.157,0.764
8500,0.112,0.140,0.748
9000,0.132,0.132,0.736
9500,0.099,0.116,0.785
10000,0.099,0.116,0.785
10500,0.136,0.153,0.711
11000,0.112,0.120,0.769
11500,0.112,0.103,0.785
12000,0.107,0.120,0.773
12500,0.083,0.165,0.752
13000,0.140,0.074,0.785
13500,0.157,0.112,0.731
14000,0.161,0.091,0.748
14500,0.099,0.153,0.748
15000,0.083,0.120,0.798
15500,0.116,0.132,0.752
16000,0.058,0.194,0.748
16500,0.079,0.058,0.864
17000,0.145,0.091,0.764
17500,0.066,0.136,0.798
18000,0.128,0.145,0.727
18500,0.124,0.136,0.740
19000,0.116,0.124,0.760
19500,0.116,0.182,0.702
20000,0.116,0.182,0.702
20500,0.095,0.099,0.806
21000,0.103,0.165,0.731
21500,0.074,0.112,0.814
22000,0.124,0.107,0.769
22500,0.074,0.128,0.798
23000,0.132,0.124,0.744
23500,0.161,0.153,0.686
24000,0.128,0.178,0.694
24500,0.161,0.157,0.682
25000,0.116,0.153,0.731
25500,0.145,0.136,0.719
26000,0.124,0.103,0.773
26500,0.165,0.145,0.690
27000,0.132,0.112,0.756
27500,0.161,0.132,0.707
28000,0.124,0.140,0.736
28500,0.124,0.107,0.769
29000,0.116,0.050,0.835
29500,0.182,0.054,0.764
30000,0.095,0.128,0.777
30500,0.066,0.169,0.764
31000,0.140,0.149,0.711
31500,0.079,0.190,0.731
32000,0.107,0.153,0.740
32500,0.099,0.174,0.727
33000,0.182,0.128,0.690
33500,0.145,0.112,0.744
34000,0.120,0.107,0.773
34500,0.136,0.103,0.760
35000,0.074,0.128,0.798
35500,0.136,0.058,0.806
36000,0.145,0.091,0.764
36500,0.136,0.103,0.760
37000,0.099,0.136,0.764
37500,0.120,0.136,0.744
38000,0.157,0.116,0.727
38500,0.083,0.112,0.806
39000,0.145,0.091,0.764
39500,0.132,0.107,0.760
40000,0.091,0.132,0.777
40500,0.140,0.099,0.760
41000,0.149,0.099,0.752
41500,0.112,0.124,0.764
42000,0.087,0.136,0.777
42500,0.058,0.149,0.793
43000,0.120,0.107,0.773
43500,0.169,0.074,0.756
44000,0.132,0.079,0.789
44500,0.145,0.207,0.649
45000,0.140,0.095,0.764
45500,0.116,0.107,0.777
46000,0.107,0.149,0.744
46500,0.091,0.190,0.719
47000,0.087,0.145,0.769
47500,0.124,0.140,0.736
48000,0.145,0.074,0.781
48500,0.128,0.124,0.748
49000,0.087,0.136,0.777
49500,0.120,0.083,0.798
50000,0.112,0.079,0.810
50500,0.128,0.116,0.756
51000,0.120,0.091,0.789
51500,0.157,0.178,0.665
52000,0.124,0.103,0.773
52500,0.103,0.107,0.789
53000,0.103,0.079,0.818
53500,0.149,0.079,0.773
54000,0.157,0.087,0.756
54500,0.124,0.083,0.793
55000,0.161,0.116,0.723
55500,0.149,0.161,0.690
56000,0.169,0.120,0.711
56500,0.136,0.091,0.773
57000,0.157,0.103,0.740
57500,0.120,0.161,0.719
58000,0.132,0.132,0.736
58500,0.091,0.103,0.806
59000,0.091,0.116,0.793
59500,0.153,0.107,0.740
60000,0.087,0.120,0.793
60500,0.083,0.112,0.806
61000,0.099,0.136,0.764
61500,0.107,0.099,0.793
62000,0.091,0.116,0.793
62500,0.128,0.116,0.756
63000,0.099,0.120,0.781
63500,0.145,0.083,0.773
64000,0.079,0.103,0.818
64500,0.116,0.165,0.719
65000,0.083,0.186,0.731
65500,0.095,0.186,0.719
66000,0.112,0.140,0.748
66500,0.112,0.145,0.744
67000,0.087,0.161,0.752
67500,0.153,0.132,0.715
68000,0.174,0.070,0.756
68500,0.161,0.116,0.723
69000,0.165,0.120,0.715
69500,0.165,0.074,0.760
70000,0.161,0.107,0.731
70500,0.120,0.140,0.740
71000,0.165,0.107,0.727
71500,0.161,0.083,0.756
72000,0.054,0.240,0.707
72500,0.112,0.169,0.719
73000,0.103,0.095,0.802
73500,0.207,0.070,0.723
74000,0.223,0.095,0.682
74500,0.149,0.120,0.731
75000,0.136,0.083,0.781
75500,0.145,0.091,0.764
76000,0.116,0.099,0.785
76500,0.145,0.112,0.744
77000,0.165,0.124,0.711
77500,0.116,0.091,0.793
78000,0.157,0.066,0.777
78500,0.136,0.095,0.769
79000,0.178,0.128,0.694
79500,0.107,0.161,0.731
80000,0.145,0.145,0.711
80500,0.112,0.103,0.785
81000,0.079,0.157,0.764
81500,0.112,0.182,0.707
82000,0.103,0.136,0.760
82500,0.145,0.124,0.731
83000,0.099,0.178,0.723
83500,0.128,0.124,0.748
84000,0.132,0.095,0.773
84500,0.107,0.099,0.793
85000,0.161,0.091,0.748
85500,0.165,0.087,0.748
86000,0.136,0.095,0.769
86500,0.124,0.095,0.781
87000,0.120,0.165,0.715
87500,0.095,0.136,0.769
88000,0.116,0.157,0.727
88500,0.099,0.157,0.744
89000,0.070,0.161,0.769
89500,0.227,0.116,0.657
90000,0.178,0.091,0.731
90500,0.149,0.083,0.769
91000,0.182,0.099,0.719
91500,0.149,0.095,0.756
92000,0.120,0.095,0.785
92500,0.140,0.116,0.744
93000,0.202,0.116,0.682
93500,0.124,0.095,0.781
94000,0.112,0.161,0.727
94500,0.087,0.140,0.773
95000,0.112,0.124,0.764
95500,0.149,0.107,0.744
96000,0.207,0.091,0.702
96500,0.124,0.145,0.731
97000,0.161,0.145,0.694
97500,0.136,0.182,0.682
98000,0.120,0.186,0.694
98500,0.112,0.207,0.682
99000,0.140,0.124,0.736
99500,0.116,0.186,0.698
100000,0.079,0.165,0.756
100500,0.132,0.112,0.756
101000,0.136,0.132,0.731
101500,0.182,0.070,0.748
102000,0.178,0.136,0.686
102500,0.124,0.116,0.760
103000,0.083,0.120,0.798
103500,0.128,0.120,0.752
104000,0.120,0.124,0.756
104500,0.145,0.116,0.740
105000,0.099,0.116,0.785
105500,0.083,0.161,0.756
106000,0.116,0.136,0.748
106500,0.116,0.128,0.756
107000,0.107,0.169,0.723
107500,0.140,0.112,0.748
108000,0.190,0.107,0.702
108500,0.165,0.083,0.752
109000,0.174,0.058,0.769
109500,0.211,0.116,0.674
110000,0.112,0.079,0.810
110500,0.136,0.074,0.789
111000,0.202,0.157,0.640
111500,0.153,0.132,0.715
112000,0.149,0.120,0.731
112500,0.116,0.140,0.744
113000,0.124,0.099,0.777
113500,0.124,0.182,0.694
114000,0.140,0.153,0.707
114500,0.153,0.070,0.777
115000,0.161,0.124,0.715
115500,0.153,0.112,0.736
116000,0.136,0.095,0.769
116500,0.120,0.165,0.715
117000,0.103,0.099,0.798
117500,0.095,0.116,0.789
118000,0.107,0.140,0.752
118500,0.128,0.116,0.756
119000,0.074,0.190,0.736
119500,0.091,0.165,0.744
120000,0.128,0.149,0.723
120500,0.132,0.124,0.744
121000,0.128,0.128,0.744
121500,0.083,0.157,0.760
122000,0.099,0.091,0.810
122500,0.074,0.128,0.798
123000,0.099,0.153,0.748
123500,0.124,0.136,0.740
124000,0.140,0.174,0.686
124500,0.083,0.128,0.789
125000,0.095,0.169,0.736
125500,0.140,0.128,0.731
126000,0.157,0.140,0.702
126500,0.149,0.107,0.744
127000,0.099,0.124,0.777
127500,0.190,0.107,0.702
128000,0.136,0.079,0.785
128500,0.128,0.116,0.756
129000,0.149,0.169,0.682
129500,0.070,0.182,0.748
130000,0.132,0.074,0.793
130500,0.095,0.124,0.781
131000,0.174,0.091,0.736
131500,0.182,0.083,0.736
132000,0.140,0.091,0.769
132500,0.128,0.136,0.736
133000,0.062,0.169,0.769
133500,0.074,0.157,0.769
134000,0.153,0.140,0.707
134500,0.116,0.136,0.748
135000,0.136,0.095,0.769
135500,0.045,0.120,0.835
136000,0.149,0.116,0.736
136500,0.136,0.091,0.773
137000,0.149,0.107,0.744
137500,0.132,0.120,0.748
138000,0.091,0.103,0.806
138500,0.120,0.169,0.711
139000,0.120,0.149,0.731
139500,0.145,0.087,0.769
140000,0.128,0.103,0.769
140500,0.145,0.079,0.777
141000,0.099,0.136,0.764
141500,0.112,0.128,0.760
142000,0.124,0.107,0.769
142500,0.112,0.074,0.814
143000,0.103,0.140,0.756
143500,0.153,0.087,0.760
144000,0.107,0.120,0.773
144500,0.103,0.099,0.798
145000,0.161,0.128,0.711
145500,0.149,0.099,0.752
146000,0.079,0.140,0.781
146500,0.062,0.149,0.789
147000,0.132,0.132,0.736
147500,0.103,0.145,0.752
148000,0.103,0.136,0.760
148500,0.095,0.124,0.781
149000,0.174,0.116,0.711
149500,0.087,0.136,0.777
150000,0.091,0.116,0.793
150500,0.107,0.112,0.781
151000,0.145,0.103,0.752
151500,0.153,0.099,0.748
152000,0.140,0.095,0.764
152500,0.165,0.116,0.719
153000,0.128,0.136,0.736
153500,0.182,0.112,0.707
154000,0.112,0.116,0.773
154500,0.124,0.112,0.764
155000,0.120,0.120,0.760
155500,0.149,0.095,0.756
156000,0.091,0.194,0.715
156500,0.120,0.070,0.810
157000,0.140,0.140,0.719
157500,0.145,0.153,0.702
158000,0.132,0.128,0.740
158500,0.140,0.116,0.744
159000,0.153,0.050,0.798
159500,0.124,0.145,0.731
160000,0.099,0.161,0.740
160500,0.083,0.116,0.802
161000,0.128,0.112,0.760
161500,0.140,0.103,0.756
162000,0.128,0.099,0.773
162500,0.095,0.116,0.789
163000,0.050,0.145,0.806
163500,0.095,0.182,0.723
164000,0.116,0.103,0.781
164500,0.103,0.128,0.769
165000,0.145,0.161,0.694
165500,0.070,0.161,0.769
166000,0.107,0.161,0.731
166500,0.099,0.103,0.798
167000,0.107,0.128,0.764
167500,0.132,0.103,0.764
168000,0.079,0.103,0.818
168500,0.087,0.107,0.806
169000,0.095,0.132,0.773
169500,0.087,0.202,0.711
170000,0.112,0.145,0.744
170500,0.145,0.099,0.756
171000,0.128,0.103,0.769
171500,0.112,0.099,0.789
172000,0.062,0.194,0.744
172500,0.099,0.157,0.744
173000,0.099,0.107,0.793
173500,0.124,0.099,0.777
174000,0.149,0.091,0.760
174500,0.145,0.128,0.727
175000,0.132,0.182,0.686
175500,0.087,0.136,0.777
176000,0.083,0.190,0.727
176500,0.095,0.202,0.702
177000,0.103,0.140,0.756
177500,0.116,0.178,0.707
178000,0.099,0.219,0.682
178500,0.083,0.194,0.723
179000,0.145,0.165,0.690
179500,0.153,0.091,0.756
180000,0.124,0.116,0.760
180500,0.153,0.083,0.764
181000,0.103,0.107,0.789
181500,0.120,0.124,0.756
182000,0.050,0.054,0.897
182500,0.116,0.149,0.736
183000,0.083,0.169,0.748
183500,0.120,0.120,0.760
184000,0.112,0.132,0.756
184500,0.116,0.099,0.785
185000,0.099,0.103,0.798
185500,0.079,0.083,0.839
186000,0.140,0.112,0.748
186500,0.132,0.058,0.810
187000,0.174,0.124,0.702
187500,0.145,0.083,0.773
188000,0.169,0.087,0.744
188500,0.124,0.145,0.731
189000,0.083,0.112,0.806
189500,0.099,0.103,0.798
190000,0.157,0.112,0.731
190500,0.140,0.136,0.723
191000,0.079,0.190,0.731
191500,0.099,0.112,0.789
192000,0.169,0.050,0.781
192500,0.178,0.087,0.736
193000,0.165,0.128,0.707
193500,0.124,0.149,0.727
194000,0.099,0.083,0.818
194500,0.178,0.091,0.731
195000,0.174,0.091,0.736
195500,0.190,0.107,0.702
196000,0.207,0.087,0.707
196500,0.145,0.153,0.702
197000,0.128,0.116,0.756
197500,0.128,0.120,0.752
198000,0.140,0.136,0.723
198500,0.136,0.112,0.752
199000,0.136,0.149,0.715
199500,0.087,0.120,0.793
200000,0.091,0.124,0.785
200500,0.161,0.128,0.711
201000,0.174,0.128,0.698
201500,0.120,0.165,0.715
202000,0.103,0.194,0.702
202500,0.095,0.095,0.810
203000,0.116,0.140,0.744
203500,0.103,0.099,0.798
204000,0.124,0.128,0.748
204500,0.112,0.149,0.740
205000,0.116,0.120,0.764
205500,0.120,0.136,0.744
206000,0.116,0.149,0.736
206500,0.136,0.165,0.698
207000,0.124,0.145,0.731
207500,0.149,0.107,0.744
208000,0.128,0.103,0.769
208500,0.099,0.145,0.756
209000,0.083,0.140,0.777
209500,0.153,0.079,0.769
210000,0.116,0.103,0.781
210500,0.124,0.136,0.740
211000,0.140,0.149,0.711
211500,0.091,0.132,0.777
212000,0.083,0.128,0.789
212500,0.095,0.165,0.740
213000,0.174,0.140,0.686
213500,0.174,0.128,0.698
214000,0.198,0.058,0.744
214500,0.161,0.099,0.740
215000,0.116,0.174,0.711
215500,0.103,0.116,0.781
216000,0.128,0.095,0.777
216500,0.099,0.161,0.740
217000,0.091,0.145,0.764
217500,0.157,0.145,0.698
218000,0.112,0.132,0.756
218500,0.062,0.186,0.752
219000,0.153,0.120,0.727
219500,0.116,0.091,0.793
220000,0.169,0.095,0.736
220500,0.174,0.070,0.756
221000,0.136,0.083,0.781
221500,0.169,0.087,0.744
222000,0.091,0.079,0.831
222500,0.153,0.083,0.764
223000,0.145,0.124,0.731
223500,0.124,0.140,0.736
224000,0.112,0.157,0.731
224500,0.128,0.140,0.731
225000,0.099,0.165,0.736
225500,0.120,0.149,0.731
226000,0.145,0.079,0.777
226500,0.132,0.112,0.756
227000,0.112,0.095,0.793
227500,0.087,0.099,0.814
228000,0.124,0.128,0.748
228500,0.103,0.116,0.781
229000,0.174,0.153,0.674
229500,0.194,0.107,0.698
230000,0.169,0.079,0.752
230500,0.091,0.153,0.756
231000,0.120,0.140,0.740
231500,0.120,0.140,0.740
232000,0.145,0.087,0.769
232500,0.070,0.116,0.814
233000,0.128,0.103,0.769
233500,0.157,0.095,0.748
234000,0.099,0.112,0.789
234500,0.099,0.124,0.777
235000,0.074,0.178,0.748
235500,0.087,0.112,0.802
236000,0.107,0.091,0.802
236500,0.116,0.153,0.731
237000,0.103,0.120,0.777
237500,0.116,0.128,0.756
238000,0.120,0.099,0.781
238500,0.124,0.107,0.769
239000,0.149,0.140,0.711
239500,0.124,0.128,0.748
240000,0.099,0.107,0.793
240500,0.132,0.145,0.723
241000,0.099,0.099,0.802
241500,0.174,0.103,0.723
242000,0.132,0.116,0.752
242500,0.120,0.099,0.781
243000,0.136,0.120,0.744
243500,0.165,0.058,0.777
244000,0.145,0.124,0.731
244500,0.157,0.132,0.711
245000,0.116,0.186,0.698
245500,0.107,0.136,0.756
246000,0.062,0.182,0.756
246500,0.099,0.169,0.731
247000,0.074,0.207,0.719
247500,0.074,0.174,0.752
248000,0.054,0.091,0.855
248500,0.103,0.120,0.777
249000,0.099,0.124,0.777
249500,0.112,0.079,0.810
250000,0.112,0.091,0.798
250500,0.116,0.079,0.806
251000,0.140,0.116,0.744
251500,0.103,0.099,0.798
252000,0.079,0.120,0.802
252500,0.112,0.124,0.764
253000,0.087,0.132,0.781
253500,0.099,0.136,0.764
254000,0.116,0.099,0.785
254500,0.120,0.087,0.793
255000,0.095,0.149,0.756
255500,0.128,0.132,0.740
256000,0.169,0.149,0.682
256500,0.112,0.120,0.769
257000,0.136,0.124,0.740
257500,0.124,0.128,0.748
258000,0.128,0.095,0.777
258500,0.157,0.145,0.698
259000,0.145,0.140,0.715
259500,0.157,0.120,0.723
260000,0.120,0.091,0.789
260500,0.132,0.099,0.769
261000,0.174,0.095,0.731
261500,0.140,0.120,0.740
262000,0.128,0.070,0.802
262500,0.099,0.136,0.764
263000,0.116,0.112,0.773
263500,0.112,0.140,0.748
264000,0.140,0.145,0.715
264500,0.103,0.165,0.731
265000,0.120,0.103,0.777
265500,0.128,0.128,0.744
266000,0.099,0.145,0.756
266500,0.079,0.165,0.756
267000,0.099,0.136,0.764
267500,0.120,0.103,0.777
268000,0.161,0.120,0.719
268500,0.124,0.145,0.731
269000,0.157,0.112,0.731
269500,0.128,0.103,0.769
270000,0.190,0.087,0.723
270500,0.174,0.087,0.740
271000,0.227,0.058,0.715
271500,0.194,0.083,0.723
272000,0.153,0.066,0.781
272500,0.136,0.087,0.777
273000,0.112,0.116,0.773
273500,0.132,0.112,0.756
274000,0.120,0.054,0.826
274500,0.079,0.099,0.822
275000,0.124,0.083,0.793
275500,0.136,0.099,0.764
276000,0.074,0.099,0.826
276500,0.178,0.079,0.744
277000,0.161,0.107,0.731
277500,0.161,0.083,0.756
278000,0.132,0.120,0.748
278500,0.140,0.153,0.707
279000,0.149,0.095,0.756
279500,0.083,0.107,0.810
280000,0.107,0.153,0.740
280500,0.087,0.145,0.769
281000,0.140,0.079,0.781
281500,0.124,0.107,0.769
282000,0.112,0.120,0.769
282500,0.128,0.120,0.752
283000,0.169,0.136,0.694
283500,0.153,0.083,0.764
284000,0.107,0.124,0.769
284500,0.079,0.153,0.769
285000,0.132,0.124,0.744
285500,0.161,0.079,0.760
286000,0.145,0.194,0.661
286500,0.107,0.149,0.744
287000,0.116,0.145,0.740
287500,0.099,0.153,0.748
288000,0.145,0.112,0.744
288500,0.070,0.194,0.736
289000,0.136,0.091,0.773
289500,0.083,0.095,0.822
290000,0.112,0.124,0.764
290500,0.124,0.112,0.764
291000,0.153,0.140,0.707
291500,0.169,0.132,0.698
292000,0.095,0.153,0.752
292500,0.095,0.145,0.760
293000,0.132,0.145,0.723
293500,0.140,0.124,0.736
294000,0.198,0.095,0.707
294500,0.165,0.074,0.760
295000,0.165,0.087,0.748
295500,0.211,0.037,0.752
296000,0.136,0.091,0.773
296500,0.145,0.112,0.744
297000,0.165,0.124,0.711
297500,0.128,0.083,0.789
298000,0.107,0.124,0.769
298500,0.116,0.107,0.777
299000,0.128,0.128,0.744
299500,0.178,0.112,0.711
300000,0.182,0.120,0.698
300500,0.153,0.087,0.760
301000,0.128,0.091,0.781
301500,0.132,0.083,0.785
302000,0.153,0.099,0.748
302500,0.128,0.079,0.793
303000,0.128,0.091,0.781
303500,0.169,0.058,0.773
304000,0.140,0.120,0.740
304500,0.140,0.103,0.756
305000,0.120,0.112,0.769
305500,0.107,0.112,0.781
306000,0.136,0.149,0.715
306500,0.136,0.095,0.769
307000,0.120,0.058,0.822
307500,0.186,0.066,0.748
308000,0.116,0.112,0.773
308500,0.120,0.157,0.723
309000,0.099,0.120,0.781
309500,0.145,0.058,0.798
310000,0.157,0.103,0.740
310500,0.079,0.095,0.826
311000,0.140,0.190,0.669
311500,0.128,0.103,0.769
312000,0.128,0.157,0.715
312500,0.198,0.107,0.694
313000,0.178,0.062,0.760
313500,0.174,0.079,0.748
314000,0.116,0.128,0.756
314500,0.074,0.140,0.785
315000,0.070,0.103,0.826
315500,0.103,0.103,0.793
316000,0.124,0.099,0.777
316500,0.128,0.140,0.731
317000,0.140,0.112,0.748
317500,0.140,0.124,0.736
318000,0.120,0.087,0.793
318500,0.149,0.070,0.781
319000,0.145,0.103,0.752
319500,0.124,0.095,0.781
320000,0.116,0.112,0.773
320500,0.095,0.140,0.764
321000,0.091,0.120,0.789
321500,0.091,0.128,0.781
322000,0.062,0.248,0.690
322500,0.095,0.174,0.731
323000,0.074,0.161,0.764
323500,0.095,0.124,0.781
324000,0.169,0.087,0.744
324500,0.178,0.062,0.760
325000,0.116,0.099,0.785
325500,0.157,0.087,0.756
326000,0.120,0.087,0.793
326500,0.153,0.107,0.740
327000,0.178,0.087,0.736
327500,0.161,0.095,0.744
328000,0.107,0.103,0.789
328500,0.136,0.050,0.814
329000,0.095,0.066,0.839
329500,0.124,0.079,0.798
330000,0.136,0.103,0.760
330500,0.112,0.157,0.731
331000,0.124,0.103,0.773
331500,0.124,0.070,0.806
332000,0.140,0.128,0.731
332500,0.099,0.103,0.798
333000,0.091,0.128,0.781
333500,0.149,0.207,0.645
334000,0.157,0.079,0.764
334500,0.182,0.083,0.736
335000,0.153,0.174,0.674
335500,0.153,0.107,0.740
336000,0.136,0.116,0.748
336500,0.149,0.033,0.818
337000,0.182,0.107,0.711
337500,0.161,0.120,0.719
338000,0.120,0.103,0.777
338500,0.140,0.120,0.740
339000,0.145,0.112,0.744
339500,0.099,0.095,0.806
340000,0.116,0.107,0.777
340500,0.140,0.099,0.760
341000,0.174,0.124,0.702
341500,0.112,0.116,0.773
342000,0.116,0.157,0.727
342500,0.116,0.140,0.744
343000,0.157,0.124,0.719
343500,0.120,0.112,0.769
344000,0.103,0.112,0.785
344500,0.074,0.190,0.736
345000,0.103,0.153,0.744
345500,0.095,0.116,0.789
346000,0.112,0.107,0.781
346500,0.124,0.140,0.736
347000,0.211,0.112,0.678
347500,0.174,0.103,0.723
348000,0.107,0.091,0.802
348500,0.161,0.124,0.715
349000,0.120,0.128,0.752
349500,0.074,0.128,0.798
350000,0.128,0.087,0.785
350500,0.087,0.107,0.806
351000,0.112,0.136,0.752
351500,0.132,0.107,0.760
352000,0.194,0.095,0.711
352500,0.136,0.083,0.781
353000,0.157,0.116,0.727
353500,0.132,0.140,0.727
354000,0.120,0.112,0.769
354500,0.107,0.062,0.831
355000,0.070,0.136,0.793
355500,0.062,0.149,0.789
356000,0.107,0.136,0.756
356500,0.054,0.124,0.822
357000,0.087,0.153,0.760
357500,0.124,0.107,0.769
358000,0.103,0.149,0.748
358500,0.112,0.169,0.719
359000,0.116,0.161,0.723
359500,0.103,0.091,0.806
360000,0.087,0.103,0.810
360500,0.124,0.186,0.690
361000,0.153,0.112,0.736
361500,0.120,0.140,0.740
362000,0.128,0.099,0.773
362500,0.149,0.116,0.736
363000,0.107,0.112,0.781
363500,0.128,0.165,0.707
364000,0.054,0.161,0.785
364500,0.066,0.140,0.793
365000,0.095,0.112,0.793
365500,0.136,0.145,0.719
366000,0.124,0.107,0.769
366500,0.178,0.062,0.760
367000,0.120,0.074,0.806
367500,0.178,0.095,0.727
368000,0.178,0.149,0.674
368500,0.202,0.116,0.682
369000,0.145,0.149,0.707
369500,0.107,0.091,0.802
370000,0.161,0.066,0.773
370500,0.074,0.165,0.760
371000,0.124,0.132,0.744
371500,0.140,0.132,0.727
372000,0.128,0.161,0.711
372500,0.112,0.161,0.727
373000,0.099,0.140,0.760
373500,0.132,0.116,0.752
374000,0.161,0.107,0.731
374500,0.070,0.153,0.777
375000,0.116,0.112,0.773
375500,0.120,0.136,0.744
376000,0.153,0.074,0.773
376500,0.136,0.070,0.793
377000,0.153,0.120,0.727
377500,0.132,0.153,0.715
378000,0.079,0.211,0.711
378500,0.107,0.128,0.764
379000,0.107,0.112,0.781
379500,0.099,0.112,0.789
380000,0.087,0.157,0.756
380500,0.153,0.132,0.715
381000,0.091,0.174,0.736
381500,0.124,0.178,0.698
382000,0.062,0.128,0.810
382500,0.066,0.149,0.785
383000,0.066,0.194,0.740
383500,0.120,0.157,0.723
384000,0.103,0.120,0.777
384500,0.103,0.124,0.773
385000,0.169,0.103,0.727
385500,0.145,0.083,0.773
386000,0.149,0.161,0.690
386500,0.161,0.087,0.752
387000,0.083,0.140,0.777
387500,0.091,0.174,0.736
388000,0.054,0.128,0.818
388500,0.107,0.124,0.769
389000,0.116,0.149,0.736
389500,0.174,0.079,0.748
390000,0.107,0.145,0.748
390500,0.149,0.087,0.764
391000,0.103,0.174,0.723
391500,0.145,0.136,0.719
392000,0.120,0.112,0.769
392500,0.095,0.157,0.748
393000,0.091,0.174,0.736
393500,0.099,0.124,0.777
394000,0.103,0.157,0.740
394500,0.120,0.132,0.748
395000,0.128,0.120,0.752
395500,0.116,0.091,0.793
396000,0.174,0.091,0.736
396500,0.140,0.099,0.760
397000,0.087,0.174,0.740
397500,0.091,0.161,0.748
398000,0.095,0.186,0.719
398500,0.132,0.194,0.674
399000,0.087,0.169,0.744
399500,0.124,0.128,0.748
400000,0.120,0.120,0.760
400500,0.099,0.128,0.773
401000,0.091,0.161,0.748
401500,0.070,0.140,0.789
402000,0.161,0.186,0.653
402500,0.045,0.161,0.793
403000,0.095,0.161,0.744
403500,0.128,0.120,0.752
404000,0.211,0.079,0.711
404500,0.132,0.128,0.740
405000,0.174,0.107,0.719
405500,0.124,0.099,0.777
406000,0.128,0.157,0.715
406500,0.169,0.128,0.702
407000,0.107,0.087,0.806
407500,0.087,0.120,0.793
408000,0.099,0.103,0.798
408500,0.087,0.120,0.793
409000,0.058,0.190,0.752
409500,0.107,0.157,0.736
410000,0.074,0.132,0.793
410500,0.087,0.136,0.777
411000,0.211,0.174,0.616
411500,0.136,0.120,0.744
412000,0.136,0.124,0.740
412500,0.091,0.136,0.773
413000,0.132,0.157,0.711
413500,0.120,0.145,0.736
414000,0.120,0.091,0.789
414500,0.095,0.112,0.793
415000,0.145,0.103,0.752
415500,0.103,0.120,0.777
416000,0.153,0.099,0.748
416500,0.124,0.128,0.748
417000,0.149,0.140,0.711
417500,0.153,0.136,0.711
418000,0.161,0.112,0.727
418500,0.103,0.116,0.781
419000,0.116,0.140,0.744
419500,0.079,0.116,0.806
420000,0.112,0.136,0.752
420500,0.112,0.194,0.694
421000,0.099,0.165,0.736
421500,0.124,0.145,0.731
422000,0.140,0.120,0.740
422500,0.103,0.145,0.752
423000,0.136,0.169,0.694
423500,0.161,0.066,0.773
424000,0.103,0.116,0.781
424500,0.145,0.107,0.748
425000,0.116,0.103,0.781
425500,0.174,0.107,0.719
426000,0.112,0.107,0.781
426500,0.178,0.099,0.723
427000,0.169,0.103,0.727
427500,0.153,0.070,0.777
428000,0.140,0.107,0.752
428500,0.103,0.157,0.740
429000,0.099,0.161,0.740
429500,0.074,0.128,0.798
430000,0.103,0.165,0.731
430500,0.107,0.169,0.723
431000,0.140,0.145,0.715
431500,0.099,0.161,0.740
432000,0.149,0.140,0.711
432500,0.091,0.132,0.777
433000,0.099,0.182,0.719
433500,0.095,0.120,0.785
434000,0.165,0.107,0.727
434500,0.174,0.112,0.715
435000,0.174,0.120,0.707
435500,0.202,0.070,0.727
436000,0.120,0.070,0.810
436500,0.132,0.058,0.810
437000,0.161,0.107,0.731
437500,0.095,0.112,0.793
438000,0.182,0.079,0.740
438500,0.182,0.124,0.694
439000,0.182,0.095,0.723
439500,0.099,0.107,0.793
440000,0.112,0.120,0.769
440500,0.107,0.165,0.727
441000,0.062,0.182,0.756
441500,0.074,0.174,0.752
442000,0.087,0.169,0.744
442500,0.120,0.087,0.793
443000,0.145,0.107,0.748
443500,0.132,0.153,0.715
444000,0.091,0.091,0.818
444500,0.079,0.095,0.826
445000,0.107,0.132,0.760
445500,0.120,0.120,0.760
446000,0.169,0.169,0.661
446500,0.128,0.132,0.740
447000,0.095,0.128,0.777
447500,0.095,0.178,0.727
448000,0.070,0.174,0.756
448500,0.128,0.079,0.793
449000,0.149,0.107,0.744
449500,0.157,0.120,0.723
450000,0.136,0.145,0.719
450500,0.182,0.120,0.698
451000,0.149,0.074,0.777
451500,0.099,0.120,0.781
452000,0.095,0.153,0.752
452500,0.074,0.202,0.723
453000,0.083,0.211,0.707
453500,0.107,0.169,0.723
454000,0.058,0.124,0.818
454500,0.079,0.157,0.764
455000,0.099,0.149,0.752
455500,0.174,0.128,0.698
456000,0.128,0.165,0.707
456500,0.149,0.120,0.731
457000,0.087,0.112,0.802
457500,0.070,0.124,0.806
458000,0.132,0.112,0.756
458500,0.083,0.140,0.777
459000,0.079,0.182,0.740
459500,0.136,0.120,0.744
460000,0.136,0.132,0.731
460500,0.153,0.140,0.707
461000,0.091,0.124,0.785
461500,0.087,0.112,0.802
462000,0.116,0.091,0.793
462500,0.116,0.178,0.707
463000,0.161,0.132,0.707
463500,0.054,0.107,0.839
464000,0.124,0.112,0.764
464500,0.112,0.091,0.798
465000,0.182,0.112,0.707
465500,0.112,0.157,0.731
466000,0.132,0.095,0.773
466500,0.140,0.165,0.694
467000,0.107,0.140,0.752
467500,0.145,0.095,0.760
468000,0.062,0.095,0.843
468500,0.128,0.083,0.789
469000,0.157,0.153,0.690
469500,0.174,0.107,0.719
470000,0.124,0.095,0.781
470500,0.120,0.083,0.798
471000,0.095,0.128,0.777
471500,0.149,0.120,0.731
472000,0.079,0.107,0.814
472500,0.145,0.116,0.740
473000,0.124,0.099,0.777
473500,0.145,0.107,0.748
474000,0.169,0.116,0.715
474500,0.083,0.136,0.781
475000,0.103,0.128,0.769
475500,0.083,0.219,0.698
476000,0.112,0.161,0.727
476500,0.149,0.186,0.665
477000,0.149,0.157,0.694
477500,0.107,0.128,0.764
478000,0.153,0.120,0.727
478500,0.124,0.128,0.748
479000,0.128,0.128,0.744
479500,0.153,0.079,0.769
480000,0.132,0.128,0.740
480500,0.099,0.178,0.723
481000,0.136,0.116,0.748
481500,0.112,0.140,0.748
482000,0.128,0.120,0.752
482500,0.132,0.157,0.711
483000,0.128,0.190,0.682
483500,0.079,0.182,0.740
484000,0.087,0.124,0.789
484500,0.120,0.128,0.752
485000,0.112,0.095,0.793
485500,0.107,0.124,0.769
486000,0.136,0.074,0.789
486500,0.083,0.074,0.843
487000,0.116,0.132,0.752
487500,0.054,0.174,0.773
488000,0.079,0.132,0.789
488500,0.062,0.157,0.781
489000,0.132,0.145,0.723
489500,0.124,0.161,0.715
490000,0.116,0.140,0.744
490500,0.120,0.161,0.719
491000,0.132,0.116,0.752
491500,0.140,0.107,0.752
492000,0.132,0.074,0.793
492500,0.083,0.107,0.810
493000,0.116,0.169,0.715
493500,0.107,0.211,0.682
494000,0.107,0.165,0.727
494500,0.161,0.095,0.744
495000,0.116,0.149,0.736
495500,0.103,0.128,0.769
496000,0.157,0.124,0.719
496500,0.157,0.074,0.769
497000,0.120,0.074,0.806
497500,0.095,0.124,0.781
498000,0.116,0.153,0.731
498500,0.079,0.145,0.777
499000,0.136,0.107,0.756
499500,0.099,0.116,0.785
500000,0.107,0.091,0.802
500500,0.178,0.087,0.736
501000,0.157,0.132,0.711
501500,0.157,0.157,0.686
502000,0.116,0.107,0.777
502500,0.087,0.112,0.802
503000,0.054,0.174,0.773
503500,0.112,0.124,0.764
504000,0.145,0.103,0.752
504500,0.149,0.140,0.711
505000,0.136,0.128,0.736
505500,0.149,0.128,0.723
506000,0.116,0.140,0.744
506500,0.145,0.099,0.756
507000,0.116,0.145,0.740
507500,0.202,0.091,0.707
508000,0.153,0.116,0.731
508500,0.091,0.124,0.785
509000,0.124,0.161,0.715
509500,0.140,0.153,0.707
510000,0.099,0.120,0.781
510500,0.161,0.079,0.760
511000,0.182,0.140,0.678
511500,0.153,0.169,0.678
512000,0.079,0.174,0.748
512500,0.157,0.165,0.678
513000,0.095,0.132,0.773
513500,0.149,0.169,0.682
514000,0.207,0.112,0.682
514500,0.120,0.112,0.769
515000,0.091,0.153,0.756
515500,0.132,0.157,0.711
516000,0.161,0.087,0.752
516500,0.236,0.074,0.690
517000,0.161,0.070,0.769
517500,0.112,0.161,0.727
518000,0.066,0.207,0.727
518500,0.128,0.124,0.748
519000,0.095,0.194,0.711
519500,0.116,0.169,0.715
520000,0.112,0.124,0.764
520500,0.128,0.095,0.777
521000,0.091,0.120,0.789
521500,0.103,0.050,0.847
522000,0.074,0.112,0.814
522500,0.062,0.161,0.777
523000,0.120,0.128,0.752
523500,0.140,0.099,0.760
524000,0.132,0.136,0.731
524500,0.124,0.074,0.802
525000,0.103,0.190,0.707
525500,0.087,0.099,0.814
526000,0.103,0.079,0.818
526500,0.124,0.124,0.752
527000,0.099,0.120,0.781
527500,0.095,0.091,0.814
528000,0.128,0.079,0.793
528500,0.091,0.087,0.822
529000,0.095,0.157,0.748
529500,0.107,0.136,0.756
530000,0.050,0.128,0.822
530500,0.107,0.178,0.715
531000,0.112,0.207,0.682
531500,0.161,0.140,0.698
532000,0.136,0.157,0.707
532500,0.087,0.153,0.760
533000,0.099,0.149,0.752
533500,0.112,0.079,0.810
534000,0.120,0.136,0.744
534500,0.124,0.136,0.740
535000,0.095,0.124,0.781
535500,0.182,0.091,0.727
536000,0.120,0.103,0.777
536500,0.112,0.079,0.810
537000,0.107,0.095,0.798
537500,0.132,0.165,0.702
538000,0.066,0.149,0.785
538500,0.153,0.161,0.686
539000,0.095,0.107,0.798
539500,0.165,0.087,0.748
540000,0.120,0.128,0.752
540500,0.136,0.140,0.723
541000,0.149,0.099,0.752
541500,0.145,0.112,0.744
542000,0.165,0.091,0.744
542500,0.174,0.132,0.694
543000,0.136,0.136,0.727
543500,0.161,0.083,0.756
544000,0.149,0.136,0.715
544500,0.128,0.112,0.760
545000,0.120,0.099,0.781
545500,0.112,0.083,0.806
546000,0.083,0.157,0.760
546500,0.095,0.107,0.798
547000,0.095,0.116,0.789
547500,0.124,0.079,0.798
548000,0.091,0.165,0.744
548500,0.128,0.165,0.707
549000,0.124,0.145,0.731
549500,0.153,0.095,0.752
550000,0.149,0.178,0.674
550500,0.153,0.107,0.740
551000,0.070,0.136,0.793
551500,0.128,0.112,0.760
552000,0.132,0.120,0.748
552500,0.099,0.149,0.752
553000,0.161,0.112,0.727
553500,0.099,0.178,0.723
554000,0.079,0.153,0.769
554500,0.120,0.136,0.744
555000,0.145,0.095,0.760
555500,0.153,0.165,0.682
556000,0.124,0.149,0.727
556500,0.099,0.103,0.798
557000,0.169,0.099,0.731
557500,0.157,0.124,0.719
558000,0.132,0.120,0.748
558500,0.132,0.074,0.793
559000,0.120,0.103,0.777
559500,0.136,0.083,0.781
560000,0.128,0.087,0.785
560500,0.124,0.091,0.785
561000,0.099,0.161,0.740
561500,0.140,0.112,0.748
562000,0.095,0.112,0.793
562500,0.087,0.066,0.847
563000,0.062,0.070,0.868
563500,0.091,0.103,0.806
564000,0.107,0.107,0.785
564500,0.124,0.128,0.748
565000,0.128,0.095,0.777
565500,0.198,0.033,0.769
566000,0.107,0.112,0.781
566500,0.112,0.099,0.789
567000,0.087,0.161,0.752
567500,0.074,0.120,0.806
568000,0.103,0.132,0.764
568500,0.153,0.074,0.773
569000,0.136,0.103,0.760
569500,0.149,0.116,0.736
570000,0.190,0.112,0.698
570500,0.103,0.107,0.789
571000,0.070,0.178,0.752
571500,0.124,0.186,0.690
572000,0.136,0.132,0.731
572500,0.198,0.066,0.736
573000,0.128,0.112,0.760
573500,0.120,0.070,0.810
574000,0.087,0.149,0.764
574500,0.145,0.107,0.748
575000,0.095,0.145,0.760
575500,0.124,0.140,0.736
576000,0.095,0.136,0.769
576500,0.132,0.157,0.711
577000,0.087,0.161,0.752
577500,0.107,0.140,0.752
578000,0.149,0.140,0.711
578500,0.194,0.099,0.707
579000,0.132,0.128,0.740
579500,0.074,0.120,0.806
580000,0.174,0.058,0.769
580500,0.107,0.116,0.777
581000,0.178,0.074,0.748
581500,0.132,0.140,0.727
582000,0.128,0.128,0.744
582500,0.112,0.182,0.707
583000,0.140,0.136,0.723
583500,0.099,0.103,0.798
584000,0.070,0.145,0.785
584500,0.062,0.165,0.773
585000,0.091,0.140,0.769
585500,0.136,0.107,0.756
586000,0.099,0.161,0.740
586500,0.066,0.107,0.826
587000,0.136,0.124,0.740
587500,0.095,0.202,0.702
588000,0.099,0.169,0.731
588500,0.066,0.178,0.756
589000,0.107,0.120,0.773
589500,0.103,0.140,0.756
590000,0.103,0.107,0.789
590500,0.070,0.074,0.855
591000,0.107,0.207,0.686
591500,0.091,0.182,0.727
592000,0.124,0.136,0.740
592500,0.161,0.107,0.731
593000,0.153,0.145,0.702
593500,0.153,0.153,0.694
594000,0.128,0.070,0.802
594500,0.157,0.074,0.769
595000,0.124,0.099,0.777
595500,0.157,0.112,0.731
596000,0.087,0.087,0.826
596500,0.136,0.136,0.727
597000,0.161,0.145,0.694
597500,0.116,0.132,0.752
598000,0.083,0.091,0.826
598500,0.153,0.169,0.678
599000,0.132,0.153,0.715
599500,0.140,0.153,0.707
600000,0.099,0.149,0.752
600500,0.107,0.074,0.818
601000,0.107,0.107,0.785
601500,0.145,0.083,0.773
602000,0.107,0.145,0.748
602500,0.165,0.132,0.702
603000,0.128,0.165,0.707
603500,0.112,0.120,0.769
604000,0.120,0.116,0.764
604500,0.153,0.083,0.764
605000,0.161,0.120,0.719
605500,0.157,0.099,0.744
606000,0.198,0.095,0.707
606500,0.132,0.120,0.748
607000,0.124,0.124,0.752
607500,0.074,0.136,0.789
608000,0.091,0.140,0.769
608500,0.107,0.128,0.764
609000,0.140,0.099,0.760
609500,0.149,0.091,0.760
610000,0.132,0.153,0.715
610500,0.149,0.132,0.719
611000,0.161,0.103,0.736
611500,0.107,0.058,0.835
612000,0.062,0.136,0.802
612500,0.124,0.095,0.781
613000,0.124,0.091,0.785
613500,0.136,0.132,0.731
614000,0.132,0.136,0.731
614500,0.165,0.165,0.669
615000,0.136,0.165,0.698
615500,0.099,0.165,0.736
616000,0.107,0.161,0.731
616500,0.128,0.128,0.744
617000,0.132,0.145,0.723
617500,0.153,0.194,0.653
618000,0.178,0.145,0.678
618500,0.120,0.103,0.777
619000,0.120,0.083,0.798
619500,0.124,0.099,0.777
620000,0.103,0.083,0.814
620500,0.083,0.120,0.798
621000,0.099,0.107,0.793
621500,0.095,0.095,0.810
622000,0.103,0.136,0.760
622500,0.124,0.140,0.736
623000,0.107,0.124,0.769
623500,0.128,0.107,0.764
624000,0.260,0.124,0.616
624500,0.165,0.062,0.773
625000,0.169,0.149,0.682
625500,0.128,0.194,0.678
626000,0.124,0.145,0.731
626500,0.095,0.153,0.752
627000,0.132,0.145,0.723
627500,0.091,0.169,0.740
628000,0.070,0.165,0.764
628500,0.169,0.107,0.723
629000,0.116,0.145,0.740
629500,0.132,0.099,0.769
630000,0.062,0.174,0.764
630500,0.079,0.120,0.802
631000,0.103,0.132,0.764
631500,0.083,0.091,0.826
632000,0.095,0.095,0.810
632500,0.124,0.124,0.752
633000,0.091,0.186,0.723
633500,0.136,0.149,0.715
634000,0.128,0.128,0.744
634500,0.211,0.091,0.698
635000,0.116,0.099,0.785
635500,0.169,0.074,0.756
636000,0.120,0.124,0.756
636500,0.095,0.145,0.760
637000,0.149,0.116,0.736
637500,0.124,0.116,0.760
638000,0.099,0.161,0.740
638500,0.107,0.190,0.702
639000,0.087,0.099,0.814
639500,0.124,0.140,0.736
640000,0.112,0.149,0.740
640500,0.128,0.140,0.731
641000,0.124,0.157,0.719
641500,0.157,0.178,0.665
642000,0.153,0.128,0.719
642500,0.095,0.149,0.756
643000,0.103,0.091,0.806
643500,0.161,0.083,0.756
644000,0.128,0.079,0.793
644500,0.087,0.169,0.744
645000,0.124,0.136,0.740
645500,0.099,0.136,0.764
646000,0.107,0.103,0.789
646500,0.116,0.083,0.802
647000,0.194,0.169,0.636
647500,0.107,0.165,0.727
648000,0.116,0.149,0.736
648500,0.074,0.161,0.764
649000,0.091,0.136,0.773
649500,0.066,0.095,0.839
650000,0.103,0.149,0.748
650500,0.107,0.124,0.769
651000,0.165,0.091,0.744
651500,0.112,0.186,0.702
652000,0.120,0.128,0.752
652500,0.074,0.116,0.810
653000,0.091,0.161,0.748
653500,0.136,0.157,0.707
654000,0.165,0.124,0.711
654500,0.190,0.099,0.711
655000,0.116,0.074,0.810
655500,0.116,0.074,0.810
656000,0.140,0.132,0.727
656500,0.153,0.136,0.711
657000,0.190,0.091,0.719
657500,0.120,0.116,0.764
658000,0.128,0.099,0.773
658500,0.178,0.062,0.760
659000,0.140,0.066,0.793
659500,0.103,0.132,0.764
660000,0.083,0.157,0.760
660500,0.087,0.136,0.777
661000,0.136,0.174,0.690
661500,0.120,0.169,0.711
662000,0.099,0.207,0.694
662500,0.091,0.178,0.731
663000,0.099,0.132,0.769
663500,0.182,0.124,0.694
664000,0.157,0.112,0.731
664500,0.124,0.037,0.839
665000,0.157,0.087,0.756
665500,0.120,0.107,0.773
666000,0.174,0.103,0.723
666500,0.128,0.116,0.756
667000,0.132,0.124,0.744
667500,0.074,0.202,0.723
668000,0.165,0.145,0.690
668500,0.132,0.095,0.773
669000,0.087,0.165,0.748
669500,0.062,0.207,0.731
670000,0.066,0.153,0.781
670500,0.099,0.120,0.781
671000,0.074,0.128,0.798
671500,0.091,0.132,0.777
672000,0.087,0.107,0.806
672500,0.178,0.091,0.731
673000,0.095,0.091,0.814
673500,0.112,0.107,0.781
674000,0.079,0.149,0.773
674500,0.079,0.132,0.789
675000,0.112,0.145,0.744
675500,0.083,0.140,0.777
676000,0.099,0.174,0.727
676500,0.095,0.136,0.769
677000,0.112,0.132,0.756
677500,0.116,0.107,0.777
678000,0.128,0.149,0.723
678500,0.128,0.087,0.785
679000,0.112,0.099,0.789
679500,0.112,0.140,0.748
680000,0.103,0.095,0.802
680500,0.149,0.132,0.719
681000,0.074,0.149,0.777
681500,0.112,0.161,0.727
682000,0.186,0.120,0.694
682500,0.136,0.112,0.752
683000,0.107,0.136,0.756
683500,0.054,0.207,0.740
684000,0.070,0.145,0.785
684500,0.132,0.132,0.736
685000,0.095,0.099,0.806
685500,0.087,0.149,0.764
686000,0.132,0.153,0.715
686500,0.107,0.107,0.785
687000,0.128,0.136,0.736
687500,0.087,0.186,0.727
688000,0.182,0.095,0.723
688500,0.120,0.070,0.810
689000,0.149,0.128,0.723
689500,0.116,0.149,0.736
690000,0.157,0.149,0.694
690500,0.132,0.120,0.748
691000,0.169,0.107,0.723
691500,0.182,0.074,0.744
692000,0.174,0.120,0.707
692500,0.140,0.116,0.744
693000,0.190,0.074,0.736
693500,0.174,0.116,0.711
694000,0.165,0.070,0.764
694500,0.182,0.062,0.756
695000,0.219,0.070,0.711
695500,0.132,0.145,0.723
696000,0.107,0.157,0.736
696500,0.157,0.079,0.764
697000,0.132,0.120,0.748
697500,0.124,0.149,0.727
698000,0.145,0.112,0.744
698500,0.099,0.107,0.793
699000,0.140,0.128,0.731
699500,0.169,0.070,0.760
700000,0.186,0.079,0.736
700500,0.215,0.066,0.719
701000,0.153,0.087,0.760
701500,0.116,0.112,0.773
702000,0.095,0.169,0.736
702500,0.083,0.153,0.764
703000,0.107,0.120,0.773
703500,0.103,0.161,0.736
704000,0.124,0.145,0.731
704500,0.083,0.145,0.773
705000,0.112,0.128,0.760
705500,0.107,0.149,0.744
706000,0.083,0.107,0.810
706500,0.112,0.128,0.760
707000,0.112,0.132,0.756
707500,0.099,0.219,0.682
708000,0.120,0.182,0.698
708500,0.128,0.136,0.736
709000,0.153,0.099,0.748
709500,0.140,0.145,0.715
710000,0.145,0.103,0.752
710500,0.140,0.091,0.769
711000,0.157,0.066,0.777
711500,0.095,0.153,0.752
712000,0.124,0.174,0.702
712500,0.095,0.194,0.711
713000,0.099,0.145,0.756
713500,0.107,0.157,0.736
714000,0.070,0.215,0.715
714500,0.074,0.190,0.736
715000,0.112,0.128,0.760
715500,0.128,0.095,0.777
716000,0.095,0.099,0.806
716500,0.074,0.149,0.777
717000,0.116,0.140,0.744
717500,0.095,0.095,0.810
718000,0.140,0.140,0.719
718500,0.128,0.120,0.752
719000,0.120,0.128,0.752
719500,0.136,0.120,0.744
720000,0.083,0.132,0.785
720500,0.120,0.157,0.723
721000,0.132,0.136,0.731
721500,0.140,0.103,0.756
722000,0.103,0.103,0.793
722500,0.128,0.157,0.715
723000,0.112,0.087,0.802
723500,0.120,0.132,0.748
724000,0.136,0.083,0.781
724500,0.116,0.153,0.731
725000,0.178,0.087,0.736
725500,0.169,0.070,0.760
726000,0.161,0.120,0.719
726500,0.120,0.128,0.752
727000,0.099,0.149,0.752
727500,0.087,0.132,0.781
728000,0.128,0.132,0.740
728500,0.087,0.140,0.773
729000,0.116,0.112,0.773
729500,0.161,0.103,0.736
730000,0.112,0.103,0.785
730500,0.157,0.083,0.760
731000,0.107,0.099,0.793
731500,0.058,0.120,0.822
732000,0.099,0.120,0.781
732500,0.083,0.186,0.731
733000,0.161,0.087,0.752
733500,0.165,0.079,0.756
734000,0.182,0.145,0.674
734500,0.099,0.099,0.802
735000,0.128,0.145,0.727
735500,0.174,0.132,0.694
736000,0.099,0.153,0.748
736500,0.107,0.149,0.744
737000,0.124,0.157,0.719
737500,0.120,0.145,0.736
738000,0.116,0.132,0.752
738500,0.099,0.124,0.777
739000,0.157,0.136,0.707
739500,0.165,0.165,0.669
740000,0.103,0.116,0.781
740500,0.153,0.087,0.760
741000,0.132,0.116,0.752
741500,0.124,0.116,0.760
742000,0.140,0.103,0.756
742500,0.149,0.145,0.707
743000,0.182,0.145,0.674
743500,0.157,0.136,0.707
744000,0.149,0.099,0.752
744500,0.198,0.103,0.698
745000,0.136,0.107,0.756
745500,0.153,0.136,0.711
746000,0.145,0.140,0.715
746500,0.136,0.099,0.764
747000,0.099,0.182,0.719
747500,0.169,0.107,0.723
748000,0.099,0.112,0.789
748500,0.145,0.128,0.727
749000,0.099,0.145,0.756
749500,0.107,0.182,0.711
750000,0.079,0.174,0.748
750500,0.128,0.116,0.756
751000,0.140,0.145,0.715
751500,0.128,0.128,0.744
752000,0.165,0.062,0.773
752500,0.124,0.132,0.744
753000,0.149,0.083,0.769
753500,0.248,0.091,0.661
754000,0.145,0.145,0.711
754500,0.103,0.194,0.702
755000,0.062,0.153,0.785
755500,0.079,0.140,0.781
756000,0.140,0.087,0.773
756500,0.083,0.136,0.781
757000,0.132,0.087,0.781
757500,0.169,0.112,0.719
758000,0.124,0.103,0.773
758500,0.178,0.087,0.736
759000,0.070,0.128,0.802
759500,0.079,0.107,0.814
760000,0.087,0.140,0.773
760500,0.099,0.178,0.723
761000,0.140,0.116,0.744
761500,0.095,0.128,0.777
762000,0.145,0.112,0.744
762500,0.174,0.066,0.760
763000,0.124,0.124,0.752
763500,0.165,0.174,0.661
764000,0.178,0.120,0.702
764500,0.095,0.161,0.744
765000,0.174,0.095,0.731
765500,0.169,0.103,0.727
766000,0.140,0.120,0.740
766500,0.190,0.070,0.740
767000,0.091,0.145,0.764
767500,0.169,0.157,0.674
768000,0.124,0.149,0.727
768500,0.124,0.161,0.715
769000,0.174,0.103,0.723
769500,0.128,0.095,0.777
770000,0.165,0.128,0.707
770500,0.074,0.124,0.802
771000,0.107,0.091,0.802
771500,0.087,0.169,0.744
772000,0.099,0.120,0.781
772500,0.132,0.178,0.690
773000,0.128,0.136,0.736
773500,0.136,0.174,0.690
774000,0.079,0.223,0.698
774500,0.107,0.153,0.740
775000,0.116,0.128,0.756
775500,0.145,0.116,0.740
776000,0.140,0.112,0.748
776500,0.132,0.136,0.731
777000,0.103,0.124,0.773
777500,0.132,0.149,0.719
778000,0.140,0.149,0.711
778500,0.157,0.107,0.736
779000,0.074,0.165,0.760
779500,0.186,0.087,0.727
780000,0.157,0.161,0.682
780500,0.079,0.145,0.777
781000,0.087,0.058,0.855
781500,0.095,0.157,0.748
782000,0.099,0.116,0.785
782500,0.132,0.107,0.760
783000,0.120,0.153,0.727
783500,0.128,0.178,0.694
784000,0.095,0.194,0.711
784500,0.087,0.211,0.702
785000,0.103,0.145,0.752
785500,0.112,0.153,0.736
786000,0.178,0.140,0.682
786500,0.157,0.107,0.736
787000,0.107,0.140,0.752
787500,0.079,0.120,0.802
788000,0.070,0.174,0.756
788500,0.124,0.186,0.690
789000,0.211,0.124,0.665
789500,0.140,0.066,0.793
790000,0.124,0.128,0.748
790500,0.099,0.136,0.764
791000,0.132,0.178,0.690
791500,0.161,0.161,0.678
792000,0.161,0.099,0.740
792500,0.186,0.074,0.740
793000,0.145,0.091,0.764
793500,0.186,0.161,0.653
794000,0.136,0.132,0.731
794500,0.124,0.190,0.686
795000,0.120,0.091,0.789
795500,0.095,0.149,0.756
796000,0.124,0.128,0.748
796500,0.087,0.165,0.748
797000,0.157,0.120,0.723
797500,0.120,0.087,0.793
798000,0.178,0.095,0.727
798500,0.145,0.120,0.736
799000,0.157,0.124,0.719
799500,0.116,0.095,0.789
800000,0.103,0.116,0.781
800500,0.074,0.149,0.777
801000,0.062,0.165,0.773
801500,0.132,0.128,0.740
802000,0.079,0.136,0.785
802500,0.074,0.145,0.781
803000,0.116,0.087,0.798
803500,0.140,0.066,0.793
804000,0.132,0.074,0.793
804500,0.132,0.103,0.764
805000,0.070,0.107,0.822
805500,0.120,0.116,0.764
806000,0.107,0.112,0.781
806500,0.120,0.140,0.740
807000,0.095,0.157,0.748
807500,0.124,0.153,0.723
808000,0.099,0.116,0.785
808500,0.124,0.120,0.756
809000,0.149,0.116,0.736
809500,0.095,0.070,0.835
810000,0.165,0.070,0.764
810500,0.091,0.112,0.798
811000,0.140,0.095,0.764
811500,0.128,0.140,0.731
812000,0.140,0.120,0.740
812500,0.107,0.091,0.802
813000,0.136,0.124,0.740
813500,0.186,0.140,0.674
814000,0.112,0.174,0.715
814500,0.136,0.145,0.719
815000,0.128,0.136,0.736
815500,0.087,0.091,0.822
816000,0.116,0.128,0.756
816500,0.165,0.116,0.719
817000,0.211,0.099,0.690
817500,0.161,0.066,0.773
818000,0.157,0.120,0.723
818500,0.145,0.186,0.669
819000,0.140,0.124,0.736
819500,0.099,0.136,0.764
820000,0.120,0.149,0.731
820500,0.182,0.095,0.723
821000,0.120,0.128,0.752
821500,0.124,0.132,0.744
822000,0.227,0.112,0.661
822500,0.120,0.149,0.731
823000,0.153,0.107,0.740
823500,0.153,0.107,0.740
824000,0.116,0.074,0.810
824500,0.145,0.124,0.731
825000,0.145,0.112,0.744
825500,0.103,0.178,0.719
826000,0.120,0.124,0.756
826500,0.149,0.128,0.723
827000,0.219,0.095,0.686
827500,0.178,0.128,0.694
828000,0.145,0.066,0.789
828500,0.169,0.099,0.731
829000,0.099,0.099,0.802
829500,0.165,0.087,0.748
830000,0.174,0.079,0.748
830500,0.145,0.124,0.731
831000,0.107,0.136,0.756
831500,0.062,0.136,0.802
832000,0.132,0.062,0.806
832500,0.174,0.087,0.740
833000,0.157,0.037,0.806
833500,0.182,0.058,0.760
834000,0.165,0.120,0.715
834500,0.095,0.136,0.769
835000,0.169,0.103,0.727
835500,0.244,0.112,0.645
836000,0.116,0.145,0.740
836500,0.091,0.140,0.769
837000,0.145,0.058,0.798
837500,0.132,0.062,0.806
838000,0.178,0.112,0.711
838500,0.145,0.140,0.715
839000,0.140,0.099,0.760
839500,0.074,0.128,0.798
840000,0.074,0.103,0.822
840500,0.149,0.112,0.740
841000,0.157,0.140,0.702
841500,0.161,0.074,0.764
842000,0.132,0.107,0.760
842500,0.157,0.132,0.711
843000,0.140,0.116,0.744
843500,0.186,0.087,0.727
844000,0.136,0.120,0.744
844500,0.112,0.165,0.723
845000,0.149,0.174,0.678
845500,0.145,0.190,0.665
846000,0.095,0.107,0.798
846500,0.145,0.112,0.744
847000,0.149,0.099,0.752
847500,0.124,0.140,0.736
848000,0.095,0.145,0.760
848500,0.099,0.178,0.723
849000,0.070,0.112,0.818
849500,0.095,0.140,0.764
850000,0.074,0.174,0.752
850500,0.087,0.087,0.826
851000,0.136,0.087,0.777
851500,0.153,0.083,0.764
852000,0.182,0.136,0.682
852500,0.161,0.120,0.719
853000,0.157,0.124,0.719
853500,0.161,0.074,0.764
854000,0.165,0.149,0.686
854500,0.174,0.091,0.736
855000,0.153,0.095,0.752
855500,0.136,0.095,0.769
856000,0.169,0.112,0.719
856500,0.202,0.103,0.694
857000,0.145,0.145,0.711
857500,0.116,0.087,0.798
858000,0.095,0.091,0.814
858500,0.083,0.194,0.723
859000,0.091,0.186,0.723
859500,0.149,0.112,0.740
860000,0.140,0.087,0.773
860500,0.145,0.095,0.760
861000,0.128,0.091,0.781
861500,0.194,0.070,0.736
862000,0.120,0.153,0.727
862500,0.095,0.178,0.727
863000,0.112,0.107,0.781
863500,0.153,0.136,0.711
864000,0.107,0.136,0.756
864500,0.095,0.124,0.781
865000,0.116,0.157,0.727
865500,0.062,0.165,0.773
866000,0.083,0.223,0.694
866500,0.107,0.182,0.711
867000,0.116,0.169,0.715
867500,0.128,0.140,0.731
868000,0.140,0.116,0.744
868500,0.128,0.132,0.740
869000,0.070,0.165,0.764
869500,0.099,0.116,0.785
870000,0.116,0.116,0.769
870500,0.153,0.099,0.748
871000,0.145,0.161,0.694
871500,0.136,0.182,0.682
872000,0.116,0.112,0.773
872500,0.149,0.124,0.727
873000,0.136,0.136,0.727
873500,0.149,0.099,0.752
874000,0.095,0.161,0.744
874500,0.099,0.136,0.764
875000,0.186,0.107,0.707
875500,0.140,0.087,0.773
876000,0.128,0.091,0.781
876500,0.095,0.079,0.826
877000,0.120,0.058,0.822
877500,0.161,0.095,0.744
878000,0.165,0.112,0.723
878500,0.161,0.116,0.723
879000,0.161,0.157,0.682
879500,0.136,0.099,0.764
880000,0.099,0.112,0.789
880500,0.124,0.116,0.760
881000,0.132,0.124,0.744
881500,0.107,0.165,0.727
882000,0.103,0.128,0.769
882500,0.083,0.149,0.769
883000,0.087,0.099,0.814
883500,0.132,0.124,0.744
884000,0.112,0.161,0.727
884500,0.140,0.116,0.744
885000,0.136,0.157,0.707
885500,0.169,0.091,0.740
886000,0.145,0.074,0.781
886500,0.132,0.161,0.707
887000,0.157,0.079,0.764
887500,0.112,0.050,0.839
888000,0.124,0.099,0.777
888500,0.095,0.107,0.798
889000,0.128,0.112,0.760
889500,0.083,0.136,0.781
890000,0.145,0.128,0.727
890500,0.140,0.169,0.690
891000,0.149,0.153,0.698
891500,0.095,0.132,0.773
892000,0.112,0.074,0.814
892500,0.165,0.070,0.764
893000,0.091,0.112,0.798
893500,0.103,0.136,0.760
894000,0.116,0.103,0.781
894500,0.107,0.120,0.773
895000,0.095,0.153,0.752
895500,0.157,0.128,0.715
896000,0.099,0.165,0.736
896500,0.174,0.116,0.711
897000,0.120,0.132,0.748
897500,0.132,0.140,0.727
898000,0.116,0.099,0.785
898500,0.128,0.132,0.740
899000,0.136,0.132,0.731
899500,0.112,0.149,0.740
900000,0.070,0.128,0.802
900500,0.153,0.140,0.707
901000,0.157,0.079,0.764
901500,0.165,0.079,0.756
902000,0.161,0.087,0.752
902500,0.128,0.124,0.748
903000,0.132,0.153,0.715
903500,0.083,0.157,0.760
904000,0.124,0.136,0.740
904500,0.112,0.091,0.798
905000,0.099,0.174,0.727
905500,0.157,0.107,0.736
906000,0.165,0.140,0.694
906500,0.149,0.095,0.756
907000,0.107,0.103,0.789
907500,0.174,0.095,0.731
908000,0.132,0.128,0.740
908500,0.120,0.116,0.764
909000,0.132,0.140,0.727
909500,0.107,0.161,0.731
910000,0.140,0.107,0.752
910500,0.095,0.128,0.777
911000,0.120,0.112,0.769
911500,0.116,0.128,0.756
912000,0.165,0.120,0.715
912500,0.116,0.103,0.781
913000,0.128,0.120,0.752
913500,0.132,0.116,0.752
914000,0.202,0.145,0.653
914500,0.107,0.124,0.769
915000,0.165,0.099,0.736
915500,0.079,0.124,0.798
916000,0.136,0.128,0.736
916500,0.120,0.107,0.773
917000,0.128,0.178,0.694
917500,0.136,0.140,0.723
918000,0.145,0.132,0.723
918500,0.145,0.161,0.694
919000,0.091,0.120,0.789
919500,0.112,0.145,0.744
920000,0.112,0.149,0.740
920500,0.161,0.140,0.698
921000,0.178,0.079,0.744
921500,0.215,0.095,0.690
922000,0.182,0.140,0.678
922500,0.091,0.157,0.752
923000,0.116,0.149,0.736
923500,0.070,0.132,0.798
924000,0.140,0.116,0.744
924500,0.079,0.132,0.789
925000,0.145,0.140,0.715
925500,0.161,0.112,0.727
926000,0.124,0.149,0.727
926500,0.182,0.149,0.669
927000,0.149,0.140,0.711
927500,0.153,0.103,0.744
928000,0.091,0.161,0.748
928500,0.124,0.124,0.752
929000,0.107,0.169,0.723
929500,0.178,0.128,0.694
930000,0.202,0.149,0.649
930500,0.169,0.103,0.727
931000,0.124,0.120,0.756
931500,0.120,0.153,0.727
932000,0.128,0.120,0.752
932500,0.103,0.174,0.723
933000,0.095,0.194,0.711
933500,0.099,0.112,0.789
934000,0.095,0.120,0.785
934500,0.120,0.153,0.727
935000,0.083,0.120,0.798
935500,0.120,0.099,0.781
936000,0.087,0.161,0.752
936500,0.136,0.120,0.744
937000,0.153,0.124,0.723
937500,0.140,0.149,0.711
938000,0.136,0.136,0.727
938500,0.128,0.087,0.785
939000,0.099,0.157,0.744
939500,0.161,0.153,0.686
940000,0.145,0.124,0.731
940500,0.091,0.157,0.752
941000,0.095,0.190,0.715
941500,0.128,0.116,0.756
942000,0.087,0.182,0.731
942500,0.062,0.145,0.793
943000,0.165,0.165,0.669
943500,0.149,0.120,0.731
944000,0.157,0.124,0.719
944500,0.194,0.091,0.715
945000,0.161,0.099,0.740
945500,0.169,0.157,0.674
946000,0.128,0.099,0.773
946500,0.128,0.079,0.793
947000,0.149,0.095,0.756
947500,0.149,0.116,0.736
948000,0.227,0.083,0.690
948500,0.161,0.062,0.777
949000,0.132,0.116,0.752
949500,0.174,0.174,0.653
950000,0.182,0.103,0.715
950500,0.079,0.161,0.760
951000,0.099,0.128,0.773
951500,0.136,0.140,0.723
952000,0.132,0.132,0.736
952500,0.103,0.091,0.806
953000,0.083,0.136,0.781
953500,0.120,0.112,0.769
954000,0.165,0.091,0.744
954500,0.132,0.116,0.752
955000,0.128,0.095,0.777
955500,0.140,0.120,0.740
956000,0.190,0.145,0.665
956500,0.140,0.099,0.760
957000,0.149,0.095,0.756
957500,0.099,0.124,0.777
958000,0.157,0.095,0.748
958500,0.120,0.145,0.736
959000,0.136,0.145,0.719
959500,0.140,0.132,0.727
960000,0.128,0.140,0.731
960500,0.186,0.083,0.731
961000,0.277,0.099,0.624
961500,0.099,0.124,0.777
962000,0.120,0.145,0.736
962500,0.128,0.182,0.690
963000,0.091,0.182,0.727
963500,0.219,0.107,0.674
964000,0.116,0.107,0.777
964500,0.145,0.087,0.769
965000,0.132,0.136,0.731
965500,0.099,0.161,0.740
966000,0.107,0.132,0.760
966500,0.087,0.107,0.806
967000,0.174,0.116,0.711
967500,0.074,0.132,0.793
968000,0.169,0.070,0.760
968500,0.153,0.107,0.740
969000,0.186,0.107,0.707
969500,0.140,0.153,0.707
970000,0.128,0.207,0.665
970500,0.149,0.140,0.711
971000,0.174,0.140,0.686
971500,0.132,0.107,0.760
972000,0.128,0.112,0.760
972500,0.124,0.178,0.698
973000,0.174,0.112,0.715
973500,0.145,0.132,0.723
974000,0.079,0.107,0.814
974500,0.120,0.107,0.773
975000,0.161,0.095,0.744
975500,0.190,0.103,0.707
976000,0.099,0.099,0.802
976500,0.136,0.165,0.698
977000,0.140,0.107,0.752
977500,0.116,0.095,0.789
978000,0.120,0.116,0.764
978500,0.079,0.161,0.760
979000,0.128,0.136,0.736
979500,0.136,0.095,0.769
980000,0.165,0.112,0.723
980500,0.124,0.095,0.781
981000,0.165,0.107,0.727
981500,0.083,0.136,0.781
982000,0.107,0.178,0.715
982500,0.099,0.161,0.740
983000,0.112,0.145,0.744
983500,0.128,0.145,0.727
984000,0.145,0.112,0.744
984500,0.120,0.140,0.740
985000,0.198,0.037,0.764
985500,0.157,0.103,0.740
986000,0.120,0.140,0.740
986500,0.136,0.099,0.764
987000,0.091,0.161,0.748
987500,0.161,0.083,0.756
988000,0.112,0.099,0.789
988500,0.112,0.095,0.793
989000,0.169,0.091,0.740
989500,0.074,0.128,0.798
990000,0.103,0.079,0.818
990500,0.107,0.169,0.723
991000,0.157,0.165,0.678
991500,0.103,0.157,0.740
992000,0.136,0.087,0.777
992500,0.116,0.153,0.731
993000,0.136,0.103,0.760
993500,0.165,0.124,0.711
994000,0.107,0.145,0.748
994500,0.112,0.178,0.711
995000,0.120,0.116,0.764
995500,0.136,0.136,0.727
996000,0.095,0.194,0.711
996500,0.087,0.116,0.798
997000,0.070,0.149,0.781
997500,0.083,0.074,0.843
998000,0.116,0.145,0.740
998500,0.070,0.157,0.773
999000,0.120,0.186,0.694
999500,0.116,0.107,0.777
1000000,0.079,0.107,0.814
