time,n_A+p,n_B,n_AB
500,0.030,0.907,0.062
1000,0.030,0.809,0.160
1500,0.030,0.661,0.309
2000,0.030,0.490,0.479
2500,0.030,0.341,0.629
3000,0.036,0.235,0.729
3500,0.039,0.141,0.820
4000,0.053,0.099,0.848
4500,0.069,0.068,0.864
5000,0.069,0.053,0.878
5500,0.069,0.046,0.885
6000,0.065,0.050,0.886
6500,0.070,0.052,0.877
7000,0.080,0.033,0.888
7500,0.087,0.041,0.873
8000,0.085,0.049,0.866
8500,0.085,0.064,0.851
9000,0.074,0.056,0.869
9500,0.091,0.040,0.870
10000,0.079,0.035,0.886
10500,0.075,0.039,0.885
11000,0.082,0.029,0.889
11500,0.091,0.046,0.862
12000,0.087,0.031,0.881
12500,0.091,0.033,0.877
13000,0.084,0.040,0.876
13500,0.099,0.038,0.863
14000,0.076,0.036,0.887
14500,0.086,0.025,0.890
15000,0.102,0.038,0.860
15500,0.102,0.028,0.870
16000,0.107,0.018,0.875
16500,0.096,0.015,0.889
17000,0.096,0.035,0.869
17500,0.098,0.041,0.862
18000,0.102,0.044,0.854
18500,0.096,0.029,0.876
19000,0.104,0.033,0.863
19500,0.101,0.031,0.868
20000,0.091,0.025,0.883
20500,0.088,0.036,0.875
21000,0.098,0.065,0.838
21500,0.088,0.042,0.870
22000,0.072,0.040,0.888
22500,0.078,0.044,0.878
23000,0.087,0.041,0.871
23500,0.079,0.029,0.893
24000,0.109,0.034,0.858
24500,0.113,0.041,0.846
25000,0.102,0.033,0.866
25500,0.102,0.034,0.865
26000,0.101,0.037,0.862
26500,0.092,0.038,0.869
27000,0.085,0.037,0.878
27500,0.101,0.039,0.860
28000,0.102,0.034,0.864
28500,0.075,0.054,0.870
29000,0.089,0.045,0.865
29500,0.075,0.062,0.863
30000,0.067,0.048,0.886
30500,0.082,0.051,0.867
31000,0.085,0.067,0.848
31500,0.082,0.040,0.879
32000,0.076,0.036,0.887
32500,0.101,0.042,0.858
33000,0.099,0.043,0.858
33500,0.085,0.049,0.867
34000,0.091,0.043,0.866
34500,0.091,0.036,0.872
35000,0.107,0.028,0.865
35500,0.101,0.029,0.870
36000,0.098,0.026,0.876
36500,0.099,0.023,0.878
37000,0.105,0.020,0.874
37500,0.108,0.029,0.862
38000,0.101,0.035,0.864
38500,0.084,0.041,0.875
39000,0.091,0.039,0.869
39500,0.089,0.026,0.885
40000,0.093,0.054,0.852
40500,0.097,0.045,0.858
41000,0.093,0.043,0.863
41500,0.088,0.044,0.867
42000,0.090,0.043,0.867
42500,0.086,0.041,0.873
43000,0.103,0.043,0.855
43500,0.114,0.041,0.845
44000,0.105,0.030,0.864
44500,0.105,0.035,0.861
45000,0.112,0.035,0.853
45500,0.082,0.029,0.889
46000,0.102,0.051,0.847
46500,0.084,0.046,0.870
47000,0.083,0.056,0.861
47500,0.087,0.035,0.877
48000,0.091,0.025,0.884
48500,0.089,0.045,0.866
49000,0.081,0.040,0.880
49500,0.084,0.038,0.878
50000,0.086,0.042,0.873
50500,0.117,0.033,0.850
51000,0.114,0.029,0.857
51500,0.117,0.029,0.854
52000,0.124,0.036,0.840
52500,0.095,0.045,0.860
53000,0.111,0.043,0.846
53500,0.084,0.051,0.866
54000,0.100,0.058,0.843
54500,0.085,0.029,0.886
55000,0.084,0.031,0.885
55500,0.081,0.025,0.894
56000,0.095,0.026,0.879
56500,0.107,0.031,0.862
57000,0.110,0.026,0.864
57500,0.091,0.035,0.875
58000,0.091,0.030,0.879
58500,0.098,0.034,0.868
59000,0.093,0.036,0.871
59500,0.099,0.028,0.873
60000,0.114,0.029,0.857
60500,0.084,0.053,0.863
61000,0.102,0.045,0.853
61500,0.104,0.029,0.867
62000,0.087,0.036,0.877
62500,0.091,0.043,0.866
63000,0.101,0.035,0.864
63500,0.116,0.025,0.859
64000,0.117,0.025,0.858
64500,0.109,0.032,0.860
65000,0.113,0.020,0.867
65500,0.102,0.034,0.864
66000,0.110,0.025,0.865
66500,0.099,0.043,0.859
67000,0.092,0.033,0.875
67500,0.087,0.038,0.875
68000,0.099,0.046,0.855
68500,0.084,0.029,0.887
69000,0.078,0.036,0.886
69500,0.089,0.033,0.877
70000,0.089,0.038,0.873
70500,0.116,0.027,0.857
71000,0.102,0.034,0.864
71500,0.112,0.049,0.840
72000,0.092,0.048,0.859
72500,0.087,0.034,0.879
73000,0.085,0.036,0.879
73500,0.087,0.050,0.864
74000,0.079,0.061,0.860
74500,0.075,0.038,0.886
75000,0.098,0.033,0.870
75500,0.077,0.035,0.887
76000,0.091,0.034,0.875
76500,0.087,0.031,0.881
77000,0.092,0.033,0.876
77500,0.106,0.036,0.858
78000,0.083,0.043,0.874
78500,0.089,0.045,0.866
79000,0.083,0.035,0.882
79500,0.085,0.043,0.872
80000,0.091,0.045,0.863
80500,0.088,0.037,0.874
81000,0.096,0.033,0.872
81500,0.107,0.037,0.856
82000,0.090,0.035,0.875
82500,0.107,0.035,0.858
83000,0.089,0.040,0.872
83500,0.101,0.037,0.862
84000,0.095,0.045,0.860
84500,0.085,0.045,0.870
85000,0.084,0.034,0.882
85500,0.093,0.033,0.875
86000,0.091,0.045,0.864
86500,0.084,0.038,0.878
87000,0.092,0.036,0.871
87500,0.083,0.034,0.883
88000,0.089,0.042,0.869
88500,0.092,0.030,0.878
89000,0.086,0.032,0.883
89500,0.100,0.036,0.864
90000,0.091,0.043,0.865
90500,0.095,0.041,0.864
91000,0.099,0.038,0.863
91500,0.085,0.038,0.877
92000,0.079,0.041,0.881
92500,0.085,0.035,0.880
93000,0.102,0.029,0.869
93500,0.114,0.026,0.860
94000,0.111,0.035,0.854
94500,0.097,0.037,0.866
95000,0.096,0.030,0.874
95500,0.091,0.040,0.869
96000,0.080,0.037,0.883
96500,0.083,0.025,0.893
97000,0.088,0.035,0.876
97500,0.101,0.034,0.865
98000,0.097,0.035,0.868
98500,0.111,0.031,0.858
99000,0.085,0.030,0.885
99500,0.087,0.035,0.879
100000,0.095,0.026,0.879
100500,0.100,0.038,0.862
101000,0.098,0.051,0.852
101500,0.089,0.044,0.867
102000,0.073,0.049,0.878
102500,0.082,0.042,0.877
103000,0.087,0.040,0.874
103500,0.077,0.042,0.882
104000,0.073,0.048,0.879
104500,0.075,0.032,0.892
105000,0.067,0.037,0.896
105500,0.067,0.044,0.889
106000,0.067,0.039,0.894
106500,0.077,0.045,0.878
107000,0.069,0.046,0.885
107500,0.054,0.044,0.901
108000,0.072,0.043,0.884
108500,0.096,0.025,0.879
109000,0.104,0.024,0.873
109500,0.099,0.048,0.853
110000,0.088,0.032,0.880
110500,0.101,0.049,0.851
111000,0.100,0.051,0.849
111500,0.089,0.051,0.859
112000,0.093,0.029,0.879
112500,0.102,0.037,0.861
113000,0.106,0.034,0.860
113500,0.093,0.026,0.880
114000,0.096,0.028,0.876
114500,0.095,0.031,0.874
115000,0.095,0.038,0.867
115500,0.099,0.055,0.846
116000,0.105,0.043,0.852
116500,0.113,0.037,0.850
117000,0.102,0.035,0.863
117500,0.099,0.032,0.869
118000,0.094,0.030,0.876
118500,0.096,0.034,0.871
119000,0.087,0.038,0.875
119500,0.080,0.039,0.881
120000,0.089,0.030,0.881
120500,0.102,0.021,0.876
121000,0.092,0.040,0.869
121500,0.078,0.040,0.882
122000,0.096,0.043,0.862
122500,0.097,0.044,0.859
123000,0.083,0.057,0.861
123500,0.088,0.039,0.872
124000,0.072,0.048,0.879
124500,0.083,0.040,0.878
125000,0.073,0.035,0.892
125500,0.080,0.035,0.885
126000,0.096,0.049,0.855
126500,0.090,0.029,0.880
127000,0.068,0.037,0.895
127500,0.080,0.043,0.878
128000,0.097,0.043,0.861
128500,0.102,0.033,0.865
129000,0.113,0.037,0.850
129500,0.091,0.041,0.868
130000,0.081,0.034,0.885
130500,0.100,0.026,0.874
131000,0.102,0.024,0.874
131500,0.102,0.029,0.869
132000,0.102,0.037,0.861
132500,0.092,0.033,0.876
133000,0.086,0.028,0.886
133500,0.102,0.038,0.859
134000,0.095,0.037,0.868
134500,0.095,0.045,0.860
135000,0.098,0.037,0.865
135500,0.097,0.043,0.861
136000,0.090,0.037,0.873
136500,0.089,0.037,0.873
137000,0.086,0.044,0.870
137500,0.095,0.036,0.869
138000,0.093,0.032,0.874
138500,0.086,0.051,0.863
139000,0.083,0.052,0.865
139500,0.074,0.041,0.885
140000,0.062,0.048,0.890
140500,0.079,0.050,0.872
141000,0.070,0.047,0.882
141500,0.068,0.036,0.895
142000,0.077,0.041,0.882
142500,0.075,0.041,0.885
143000,0.087,0.031,0.882
143500,0.095,0.035,0.871
144000,0.088,0.028,0.884
144500,0.101,0.040,0.860
145000,0.117,0.038,0.844
145500,0.107,0.033,0.859
146000,0.113,0.018,0.869
146500,0.110,0.024,0.867
147000,0.102,0.030,0.867
147500,0.107,0.033,0.860
148000,0.102,0.027,0.871
148500,0.087,0.042,0.871
149000,0.082,0.040,0.878
149500,0.103,0.050,0.846
150000,0.090,0.043,0.866
150500,0.091,0.041,0.869
151000,0.107,0.040,0.854
151500,0.099,0.033,0.868
152000,0.097,0.034,0.870
152500,0.085,0.036,0.879
153000,0.087,0.049,0.864
153500,0.104,0.049,0.847
154000,0.086,0.034,0.880
154500,0.083,0.046,0.871
155000,0.096,0.035,0.870
155500,0.091,0.026,0.883
156000,0.091,0.026,0.883
156500,0.084,0.043,0.873
157000,0.085,0.052,0.863
157500,0.106,0.045,0.849
158000,0.096,0.049,0.856
158500,0.086,0.048,0.867
159000,0.091,0.041,0.868
159500,0.107,0.035,0.857
160000,0.105,0.032,0.863
160500,0.098,0.037,0.865
161000,0.086,0.043,0.870
161500,0.084,0.042,0.874
162000,0.071,0.045,0.884
162500,0.090,0.046,0.864
163000,0.083,0.043,0.874
163500,0.098,0.035,0.867
164000,0.093,0.034,0.873
164500,0.087,0.031,0.881
165000,0.078,0.035,0.887
165500,0.085,0.045,0.870
166000,0.091,0.044,0.864
166500,0.080,0.042,0.879
167000,0.088,0.040,0.872
167500,0.096,0.044,0.860
168000,0.089,0.054,0.857
168500,0.085,0.044,0.871
169000,0.097,0.041,0.863
169500,0.086,0.030,0.883
170000,0.099,0.031,0.870
170500,0.085,0.030,0.885
171000,0.088,0.032,0.880
171500,0.081,0.042,0.877
172000,0.086,0.035,0.879
172500,0.075,0.037,0.888
173000,0.081,0.054,0.865
173500,0.086,0.038,0.876
174000,0.088,0.043,0.868
174500,0.086,0.051,0.862
175000,0.069,0.058,0.873
175500,0.064,0.043,0.893
176000,0.081,0.048,0.872
176500,0.072,0.034,0.894
177000,0.088,0.029,0.882
177500,0.082,0.034,0.884
178000,0.108,0.028,0.864
178500,0.089,0.034,0.876
179000,0.097,0.042,0.861
179500,0.104,0.044,0.851
180000,0.089,0.045,0.865
180500,0.075,0.052,0.872
181000,0.086,0.050,0.865
181500,0.081,0.033,0.886
182000,0.096,0.040,0.865
182500,0.095,0.035,0.870
183000,0.114,0.025,0.861
183500,0.127,0.025,0.849
184000,0.132,0.028,0.841
184500,0.122,0.024,0.853
185000,0.124,0.029,0.847
185500,0.115,0.032,0.854
186000,0.104,0.041,0.856
186500,0.091,0.041,0.867
187000,0.082,0.045,0.873
187500,0.083,0.040,0.877
188000,0.087,0.044,0.869
188500,0.085,0.045,0.870
189000,0.088,0.036,0.875
189500,0.098,0.034,0.868
190000,0.079,0.040,0.882
190500,0.074,0.043,0.882
191000,0.081,0.051,0.868
191500,0.086,0.038,0.876
192000,0.099,0.050,0.852
192500,0.092,0.036,0.871
193000,0.086,0.038,0.876
193500,0.093,0.036,0.870
194000,0.107,0.045,0.847
194500,0.088,0.049,0.863
195000,0.097,0.037,0.866
195500,0.108,0.032,0.861
196000,0.096,0.028,0.876
196500,0.090,0.030,0.880
197000,0.101,0.040,0.860
197500,0.105,0.034,0.860
198000,0.097,0.040,0.864
198500,0.085,0.053,0.862
199000,0.092,0.054,0.853
199500,0.095,0.035,0.870
200000,0.092,0.042,0.866
200500,0.096,0.031,0.873
201000,0.115,0.042,0.843
201500,0.093,0.038,0.869
202000,0.087,0.036,0.877
202500,0.071,0.045,0.883
203000,0.072,0.040,0.887
203500,0.096,0.045,0.859
204000,0.083,0.059,0.858
204500,0.098,0.054,0.848
205000,0.082,0.035,0.883
205500,0.081,0.038,0.881
206000,0.083,0.042,0.876
206500,0.093,0.049,0.858
207000,0.093,0.060,0.847
207500,0.081,0.051,0.868
208000,0.075,0.035,0.890
208500,0.087,0.037,0.875
209000,0.096,0.030,0.874
209500,0.122,0.024,0.854
210000,0.098,0.029,0.874
210500,0.103,0.024,0.873
211000,0.110,0.030,0.860
211500,0.096,0.033,0.872
212000,0.087,0.041,0.871
212500,0.083,0.034,0.884
213000,0.077,0.035,0.887
213500,0.091,0.043,0.866
214000,0.090,0.048,0.863
214500,0.084,0.035,0.881
215000,0.090,0.032,0.877
215500,0.085,0.043,0.872
216000,0.105,0.043,0.852
216500,0.108,0.026,0.866
217000,0.084,0.026,0.890
217500,0.088,0.037,0.875
218000,0.091,0.049,0.860
218500,0.104,0.029,0.866
219000,0.108,0.031,0.860
219500,0.117,0.035,0.848
220000,0.109,0.045,0.846
220500,0.097,0.043,0.861
221000,0.081,0.035,0.884
221500,0.102,0.024,0.873
222000,0.137,0.019,0.844
222500,0.126,0.021,0.853
223000,0.111,0.017,0.873
223500,0.128,0.019,0.854
224000,0.116,0.021,0.864
224500,0.118,0.029,0.853
225000,0.098,0.039,0.863
225500,0.099,0.033,0.869
226000,0.093,0.027,0.880
226500,0.102,0.024,0.874
227000,0.102,0.023,0.875
227500,0.101,0.038,0.861
228000,0.104,0.052,0.844
228500,0.096,0.051,0.853
229000,0.097,0.042,0.861
229500,0.101,0.045,0.854
230000,0.090,0.044,0.866
230500,0.098,0.030,0.872
231000,0.103,0.018,0.879
231500,0.099,0.033,0.868
232000,0.103,0.024,0.872
232500,0.114,0.031,0.855
233000,0.115,0.025,0.860
233500,0.115,0.040,0.846
234000,0.109,0.035,0.857
234500,0.110,0.029,0.861
235000,0.096,0.030,0.874
235500,0.100,0.024,0.877
236000,0.097,0.029,0.874
236500,0.095,0.036,0.869
237000,0.097,0.018,0.885
237500,0.093,0.025,0.882
238000,0.093,0.025,0.882
238500,0.093,0.037,0.870
239000,0.089,0.035,0.875
239500,0.101,0.035,0.865
240000,0.100,0.034,0.866
240500,0.092,0.023,0.885
241000,0.080,0.034,0.886
241500,0.085,0.034,0.881
242000,0.083,0.043,0.875
242500,0.094,0.040,0.867
243000,0.085,0.034,0.881
243500,0.086,0.033,0.880
244000,0.091,0.034,0.875
244500,0.087,0.032,0.881
245000,0.088,0.046,0.865
245500,0.084,0.047,0.869
246000,0.069,0.050,0.882
246500,0.061,0.061,0.878
247000,0.070,0.042,0.888
247500,0.074,0.050,0.877
248000,0.075,0.054,0.870
248500,0.077,0.042,0.881
249000,0.111,0.035,0.854
249500,0.103,0.025,0.873
250000,0.123,0.032,0.846
250500,0.097,0.037,0.866
251000,0.095,0.045,0.860
251500,0.090,0.047,0.862
252000,0.092,0.035,0.872
252500,0.100,0.042,0.858
253000,0.106,0.032,0.861
253500,0.099,0.044,0.857
254000,0.098,0.059,0.843
254500,0.106,0.052,0.841
255000,0.108,0.043,0.850
255500,0.105,0.036,0.858
256000,0.099,0.043,0.859
256500,0.094,0.043,0.863
257000,0.093,0.043,0.864
257500,0.106,0.036,0.858
258000,0.103,0.018,0.878
258500,0.106,0.018,0.875
259000,0.100,0.021,0.879
259500,0.116,0.033,0.851
260000,0.102,0.021,0.876
260500,0.115,0.018,0.867
261000,0.127,0.019,0.854
261500,0.120,0.019,0.860
262000,0.102,0.011,0.886
262500,0.100,0.037,0.863
263000,0.115,0.023,0.862
263500,0.107,0.027,0.866
264000,0.111,0.022,0.867
264500,0.088,0.019,0.892
265000,0.092,0.021,0.887
265500,0.076,0.048,0.876
266000,0.070,0.052,0.877
266500,0.084,0.046,0.870
267000,0.086,0.061,0.853
267500,0.089,0.037,0.874
268000,0.104,0.038,0.858
268500,0.090,0.028,0.882
269000,0.095,0.032,0.874
269500,0.090,0.033,0.876
270000,0.098,0.025,0.878
270500,0.104,0.015,0.882
271000,0.098,0.037,0.865
271500,0.089,0.038,0.872
272000,0.098,0.046,0.856
272500,0.093,0.041,0.867
273000,0.087,0.036,0.877
273500,0.100,0.023,0.877
274000,0.102,0.039,0.859
274500,0.097,0.029,0.874
275000,0.093,0.045,0.861
275500,0.086,0.050,0.865
276000,0.090,0.043,0.867
276500,0.091,0.035,0.875
277000,0.089,0.033,0.878
277500,0.090,0.035,0.874
278000,0.106,0.030,0.864
278500,0.108,0.035,0.858
279000,0.093,0.035,0.872
279500,0.086,0.056,0.858
280000,0.090,0.043,0.868
280500,0.088,0.040,0.872
281000,0.077,0.041,0.882
281500,0.083,0.035,0.882
282000,0.100,0.042,0.859
282500,0.086,0.055,0.858
283000,0.098,0.038,0.864
283500,0.110,0.029,0.862
284000,0.098,0.019,0.883
284500,0.105,0.017,0.879
285000,0.102,0.029,0.870
285500,0.122,0.030,0.848
286000,0.117,0.021,0.862
286500,0.126,0.025,0.849
287000,0.128,0.035,0.838
287500,0.107,0.036,0.857
288000,0.103,0.035,0.861
288500,0.087,0.040,0.874
289000,0.091,0.030,0.879
289500,0.068,0.044,0.888
290000,0.082,0.042,0.876
290500,0.073,0.043,0.884
291000,0.075,0.036,0.889
291500,0.070,0.043,0.887
292000,0.086,0.045,0.869
292500,0.087,0.052,0.860
293000,0.085,0.052,0.863
293500,0.103,0.046,0.851
294000,0.108,0.052,0.840
294500,0.105,0.036,0.858
295000,0.103,0.033,0.865
295500,0.105,0.052,0.843
296000,0.101,0.049,0.850
296500,0.115,0.061,0.824
297000,0.098,0.041,0.862
297500,0.073,0.041,0.886
298000,0.077,0.036,0.887
298500,0.091,0.036,0.873
299000,0.090,0.036,0.873
299500,0.094,0.021,0.885
300000,0.114,0.033,0.853
300500,0.108,0.035,0.856
301000,0.106,0.042,0.851
301500,0.100,0.025,0.876
302000,0.086,0.034,0.880
302500,0.085,0.029,0.887
303000,0.088,0.043,0.869
303500,0.093,0.038,0.868
304000,0.091,0.041,0.868
304500,0.096,0.049,0.856
305000,0.093,0.043,0.865
305500,0.085,0.031,0.884
306000,0.081,0.040,0.880
306500,0.088,0.037,0.875
307000,0.088,0.034,0.877
307500,0.086,0.025,0.890
308000,0.098,0.040,0.863
308500,0.112,0.037,0.851
309000,0.092,0.036,0.871
309500,0.099,0.041,0.861
310000,0.087,0.024,0.888
310500,0.102,0.030,0.867
311000,0.122,0.036,0.841
311500,0.108,0.024,0.869
312000,0.089,0.030,0.880
312500,0.110,0.028,0.863
313000,0.091,0.024,0.885
313500,0.105,0.025,0.869
314000,0.085,0.027,0.888
314500,0.076,0.036,0.888
315000,0.077,0.050,0.873
315500,0.083,0.051,0.866
316000,0.093,0.036,0.871
316500,0.075,0.043,0.881
317000,0.077,0.041,0.882
317500,0.088,0.048,0.865
318000,0.088,0.052,0.859
318500,0.075,0.051,0.873
319000,0.070,0.056,0.873
319500,0.076,0.055,0.868
320000,0.083,0.068,0.850
320500,0.105,0.037,0.857
321000,0.113,0.049,0.839
321500,0.099,0.041,0.860
322000,0.105,0.048,0.846
322500,0.117,0.046,0.837
323000,0.124,0.025,0.851
323500,0.104,0.024,0.872
324000,0.117,0.029,0.855
324500,0.112,0.032,0.857
325000,0.095,0.051,0.855
325500,0.090,0.041,0.868
326000,0.101,0.037,0.862
326500,0.086,0.036,0.877
327000,0.100,0.035,0.866
327500,0.103,0.037,0.860
328000,0.114,0.036,0.850
328500,0.102,0.017,0.882
329000,0.102,0.026,0.872
329500,0.102,0.026,0.871
330000,0.094,0.021,0.886
330500,0.108,0.019,0.872
331000,0.114,0.026,0.860
331500,0.104,0.030,0.865
332000,0.116,0.032,0.853
332500,0.087,0.035,0.878
333000,0.092,0.037,0.870
333500,0.087,0.032,0.881
334000,0.093,0.025,0.882
334500,0.083,0.025,0.892
335000,0.082,0.030,0.888
335500,0.074,0.044,0.881
336000,0.086,0.037,0.877
336500,0.088,0.033,0.879
337000,0.089,0.042,0.868
337500,0.083,0.037,0.880
338000,0.088,0.030,0.882
338500,0.107,0.032,0.860
339000,0.097,0.031,0.872
339500,0.102,0.026,0.872
340000,0.105,0.025,0.871
340500,0.109,0.022,0.869
341000,0.113,0.015,0.872
341500,0.092,0.021,0.886
342000,0.102,0.034,0.865
342500,0.088,0.041,0.870
343000,0.084,0.043,0.873
343500,0.083,0.050,0.867
344000,0.087,0.052,0.861
344500,0.084,0.052,0.864
345000,0.080,0.042,0.878
345500,0.098,0.039,0.863
346000,0.100,0.041,0.860
346500,0.106,0.034,0.859
347000,0.109,0.046,0.845
347500,0.106,0.027,0.866
348000,0.105,0.017,0.879
348500,0.097,0.025,0.879
349000,0.091,0.026,0.883
349500,0.116,0.034,0.851
350000,0.102,0.028,0.871
350500,0.106,0.020,0.873
351000,0.098,0.044,0.858
351500,0.092,0.044,0.864
352000,0.084,0.037,0.879
352500,0.090,0.024,0.887
353000,0.090,0.034,0.875
353500,0.099,0.043,0.858
354000,0.099,0.047,0.854
354500,0.089,0.052,0.859
355000,0.082,0.043,0.875
355500,0.084,0.057,0.860
356000,0.087,0.039,0.873
356500,0.081,0.042,0.877
357000,0.086,0.048,0.866
357500,0.082,0.033,0.885
358000,0.088,0.029,0.883
358500,0.086,0.032,0.882
359000,0.096,0.050,0.855
359500,0.108,0.022,0.870
360000,0.131,0.030,0.839
360500,0.108,0.033,0.859
361000,0.119,0.030,0.850
361500,0.130,0.025,0.846
362000,0.124,0.022,0.853
362500,0.111,0.025,0.864
363000,0.108,0.015,0.876
363500,0.103,0.025,0.872
364000,0.105,0.049,0.846
364500,0.109,0.035,0.857
365000,0.084,0.022,0.894
365500,0.103,0.026,0.871
366000,0.100,0.035,0.866
366500,0.092,0.032,0.876
367000,0.092,0.034,0.874
367500,0.074,0.029,0.897
368000,0.066,0.029,0.905
368500,0.070,0.028,0.902
369000,0.099,0.029,0.872
369500,0.106,0.027,0.866
370000,0.099,0.021,0.880
370500,0.113,0.015,0.873
371000,0.109,0.016,0.875
371500,0.108,0.031,0.861
372000,0.106,0.040,0.853
372500,0.082,0.033,0.885
373000,0.070,0.050,0.879
373500,0.083,0.034,0.884
374000,0.086,0.038,0.875
374500,0.097,0.038,0.865
375000,0.105,0.040,0.855
375500,0.099,0.027,0.874
376000,0.094,0.030,0.876
376500,0.096,0.028,0.876
377000,0.105,0.030,0.864
377500,0.103,0.025,0.872
378000,0.089,0.032,0.879
378500,0.089,0.048,0.863
379000,0.086,0.037,0.876
379500,0.082,0.035,0.883
380000,0.074,0.035,0.891
380500,0.079,0.042,0.879
381000,0.073,0.034,0.892
381500,0.089,0.045,0.865
382000,0.084,0.041,0.875
382500,0.092,0.035,0.873
383000,0.099,0.040,0.861
383500,0.094,0.043,0.863
384000,0.083,0.041,0.876
384500,0.083,0.032,0.885
385000,0.097,0.035,0.868
385500,0.099,0.034,0.867
386000,0.089,0.032,0.880
386500,0.097,0.042,0.862
387000,0.087,0.033,0.880
387500,0.088,0.021,0.891
388000,0.081,0.020,0.899
388500,0.099,0.031,0.870
389000,0.103,0.024,0.873
389500,0.085,0.030,0.885
390000,0.095,0.036,0.869
390500,0.073,0.040,0.886
391000,0.061,0.040,0.899
391500,0.085,0.029,0.886
392000,0.101,0.031,0.868
392500,0.110,0.034,0.856
393000,0.102,0.025,0.872
393500,0.089,0.048,0.863
394000,0.073,0.039,0.887
394500,0.079,0.044,0.877
395000,0.070,0.048,0.882
395500,0.094,0.042,0.865
396000,0.087,0.037,0.876
396500,0.090,0.035,0.874
397000,0.096,0.035,0.869
397500,0.077,0.035,0.888
398000,0.085,0.027,0.888
398500,0.075,0.035,0.889
399000,0.070,0.040,0.890
399500,0.084,0.037,0.879
400000,0.097,0.035,0.868
400500,0.087,0.032,0.881
401000,0.080,0.029,0.891
401500,0.087,0.042,0.871
402000,0.106,0.037,0.856
402500,0.102,0.029,0.870
403000,0.100,0.036,0.864
403500,0.079,0.049,0.873
404000,0.096,0.033,0.872
404500,0.100,0.034,0.866
405000,0.108,0.039,0.853
405500,0.101,0.035,0.864
406000,0.105,0.035,0.860
406500,0.101,0.024,0.875
407000,0.110,0.016,0.874
407500,0.108,0.030,0.862
408000,0.091,0.024,0.884
408500,0.085,0.030,0.885
409000,0.108,0.033,0.860
409500,0.106,0.019,0.874
410000,0.090,0.025,0.885
410500,0.098,0.032,0.871
411000,0.092,0.052,0.856
411500,0.082,0.044,0.874
412000,0.100,0.041,0.859
412500,0.097,0.042,0.861
413000,0.085,0.056,0.859
413500,0.073,0.065,0.863
414000,0.077,0.060,0.863
414500,0.076,0.052,0.872
415000,0.076,0.044,0.879
415500,0.079,0.037,0.884
416000,0.086,0.038,0.876
416500,0.089,0.035,0.875
417000,0.108,0.025,0.866
417500,0.105,0.029,0.866
418000,0.089,0.028,0.883
418500,0.086,0.045,0.869
419000,0.095,0.034,0.871
419500,0.106,0.020,0.873
420000,0.126,0.033,0.842
420500,0.108,0.036,0.855
421000,0.111,0.043,0.846
421500,0.100,0.026,0.874
422000,0.100,0.035,0.866
422500,0.108,0.026,0.866
423000,0.108,0.038,0.853
423500,0.089,0.045,0.866
424000,0.089,0.044,0.867
424500,0.087,0.030,0.882
425000,0.081,0.046,0.873
425500,0.087,0.029,0.884
426000,0.094,0.046,0.860
426500,0.093,0.040,0.868
427000,0.104,0.040,0.855
427500,0.086,0.049,0.866
428000,0.090,0.030,0.879
428500,0.106,0.042,0.853
429000,0.098,0.029,0.873
429500,0.106,0.025,0.869
430000,0.119,0.038,0.843
430500,0.102,0.036,0.861
431000,0.091,0.032,0.877
431500,0.102,0.046,0.852
432000,0.100,0.032,0.869
432500,0.086,0.034,0.879
433000,0.095,0.025,0.881
433500,0.092,0.030,0.878
434000,0.082,0.037,0.881
434500,0.090,0.044,0.866
435000,0.081,0.045,0.874
435500,0.095,0.030,0.875
436000,0.106,0.043,0.851
436500,0.088,0.034,0.878
437000,0.076,0.045,0.879
437500,0.081,0.036,0.883
438000,0.094,0.033,0.874
438500,0.091,0.049,0.860
439000,0.111,0.039,0.850
439500,0.085,0.042,0.874
440000,0.075,0.046,0.879
440500,0.073,0.039,0.888
441000,0.061,0.031,0.907
441500,0.093,0.035,0.872
442000,0.111,0.025,0.864
442500,0.102,0.026,0.872
443000,0.097,0.018,0.885
443500,0.091,0.039,0.870
444000,0.096,0.037,0.867
444500,0.076,0.052,0.871
445000,0.071,0.058,0.871
445500,0.088,0.054,0.857
446000,0.087,0.046,0.866
446500,0.083,0.035,0.882
447000,0.100,0.035,0.865
447500,0.086,0.037,0.877
448000,0.077,0.031,0.891
448500,0.077,0.048,0.875
449000,0.084,0.057,0.859
449500,0.078,0.059,0.863
450000,0.084,0.053,0.863
450500,0.090,0.049,0.862
451000,0.080,0.043,0.877
451500,0.086,0.040,0.875
452000,0.091,0.035,0.874
452500,0.091,0.045,0.863
453000,0.093,0.034,0.872
453500,0.106,0.028,0.866
454000,0.089,0.041,0.870
454500,0.102,0.034,0.864
455000,0.090,0.028,0.881
455500,0.079,0.035,0.887
456000,0.079,0.037,0.884
456500,0.067,0.056,0.878
457000,0.069,0.061,0.871
457500,0.084,0.058,0.859
458000,0.081,0.038,0.881
458500,0.086,0.038,0.876
459000,0.093,0.029,0.877
459500,0.097,0.034,0.869
460000,0.084,0.021,0.896
460500,0.088,0.021,0.891
461000,0.107,0.036,0.856
461500,0.101,0.040,0.860
462000,0.085,0.046,0.869
462500,0.082,0.053,0.865
463000,0.086,0.044,0.870
463500,0.095,0.030,0.875
464000,0.095,0.035,0.870
464500,0.086,0.055,0.858
465000,0.103,0.041,0.856
465500,0.111,0.028,0.862
466000,0.109,0.033,0.858
466500,0.096,0.039,0.865
467000,0.090,0.053,0.856
467500,0.106,0.035,0.858
468000,0.091,0.021,0.887
468500,0.102,0.018,0.881
469000,0.132,0.025,0.843
469500,0.113,0.025,0.863
470000,0.101,0.040,0.860
470500,0.086,0.028,0.887
471000,0.089,0.037,0.873
471500,0.107,0.027,0.865
472000,0.114,0.031,0.855
472500,0.115,0.032,0.854
473000,0.098,0.030,0.872
473500,0.096,0.029,0.875
474000,0.080,0.038,0.882
474500,0.088,0.034,0.879
475000,0.087,0.033,0.879
475500,0.082,0.043,0.876
476000,0.069,0.043,0.889
476500,0.077,0.051,0.871
477000,0.111,0.048,0.842
477500,0.086,0.043,0.871
478000,0.084,0.024,0.892
478500,0.080,0.022,0.898
479000,0.088,0.038,0.873
479500,0.096,0.037,0.867
480000,0.080,0.060,0.860
480500,0.067,0.048,0.885
481000,0.063,0.051,0.886
481500,0.069,0.041,0.891
482000,0.070,0.033,0.897
482500,0.090,0.042,0.867
483000,0.086,0.043,0.870
483500,0.089,0.049,0.861
484000,0.084,0.066,0.851
484500,0.077,0.054,0.869
485000,0.073,0.041,0.887
485500,0.096,0.040,0.865
486000,0.098,0.027,0.875
486500,0.106,0.029,0.864
487000,0.096,0.043,0.861
487500,0.095,0.049,0.857
488000,0.082,0.046,0.872
488500,0.090,0.043,0.867
489000,0.097,0.037,0.866
489500,0.106,0.042,0.851
490000,0.111,0.033,0.857
490500,0.096,0.042,0.863
491000,0.082,0.050,0.868
491500,0.085,0.042,0.873
492000,0.069,0.035,0.896
492500,0.066,0.043,0.891
493000,0.100,0.025,0.876
493500,0.084,0.045,0.871
494000,0.087,0.041,0.872
494500,0.085,0.043,0.872
495000,0.092,0.043,0.864
495500,0.112,0.035,0.854
496000,0.109,0.040,0.852
496500,0.091,0.035,0.873
497000,0.082,0.030,0.888
497500,0.085,0.034,0.882
498000,0.109,0.024,0.867
498500,0.102,0.049,0.849
499000,0.095,0.038,0.867
499500,0.090,0.032,0.879
500000,0.093,0.037,0.870
500500,0.079,0.038,0.883
501000,0.083,0.038,0.879
501500,0.095,0.046,0.859
502000,0.084,0.037,0.879
502500,0.077,0.042,0.882
503000,0.097,0.037,0.866
503500,0.096,0.043,0.861
504000,0.083,0.034,0.884
504500,0.088,0.031,0.880
505000,0.107,0.031,0.862
505500,0.110,0.034,0.856
506000,0.099,0.039,0.862
506500,0.069,0.036,0.895
507000,0.073,0.038,0.889
507500,0.087,0.045,0.868
508000,0.085,0.052,0.863
508500,0.092,0.052,0.855
509000,0.079,0.039,0.882
509500,0.086,0.044,0.870
510000,0.083,0.040,0.878
510500,0.078,0.050,0.873
511000,0.080,0.040,0.881
511500,0.077,0.060,0.863
512000,0.097,0.062,0.841
512500,0.093,0.047,0.859
513000,0.112,0.049,0.839
513500,0.095,0.040,0.866
514000,0.103,0.050,0.848
514500,0.109,0.035,0.856
515000,0.099,0.029,0.872
515500,0.093,0.045,0.861
516000,0.095,0.033,0.872
516500,0.106,0.025,0.869
517000,0.098,0.029,0.873
517500,0.073,0.028,0.899
518000,0.073,0.041,0.886
518500,0.086,0.032,0.883
519000,0.083,0.028,0.889
519500,0.070,0.028,0.902
520000,0.089,0.042,0.868
520500,0.085,0.046,0.869
521000,0.083,0.054,0.863
521500,0.086,0.048,0.865
522000,0.094,0.033,0.873
522500,0.102,0.036,0.861
523000,0.101,0.046,0.853
523500,0.100,0.045,0.855
524000,0.091,0.045,0.863
524500,0.092,0.046,0.862
525000,0.108,0.024,0.868
525500,0.092,0.043,0.866
526000,0.082,0.057,0.862
526500,0.073,0.035,0.891
527000,0.071,0.036,0.893
527500,0.097,0.036,0.867
528000,0.115,0.036,0.849
528500,0.106,0.037,0.857
529000,0.086,0.033,0.882
529500,0.095,0.029,0.876
530000,0.098,0.032,0.870
530500,0.077,0.050,0.873
531000,0.068,0.041,0.891
531500,0.090,0.042,0.867
532000,0.099,0.027,0.874
532500,0.103,0.023,0.873
533000,0.096,0.032,0.873
533500,0.102,0.028,0.870
534000,0.104,0.024,0.873
534500,0.103,0.034,0.863
535000,0.098,0.021,0.882
535500,0.112,0.028,0.861
536000,0.099,0.030,0.871
536500,0.099,0.018,0.883
537000,0.097,0.030,0.873
537500,0.092,0.035,0.873
538000,0.085,0.047,0.868
538500,0.070,0.055,0.875
539000,0.095,0.046,0.859
539500,0.100,0.059,0.841
540000,0.093,0.028,0.878
540500,0.102,0.034,0.863
541000,0.100,0.040,0.861
541500,0.100,0.025,0.875
542000,0.091,0.034,0.874
542500,0.087,0.035,0.878
543000,0.091,0.046,0.863
543500,0.092,0.043,0.865
544000,0.096,0.044,0.860
544500,0.092,0.034,0.873
545000,0.089,0.040,0.871
545500,0.096,0.036,0.868
546000,0.086,0.021,0.893
546500,0.088,0.037,0.875
547000,0.108,0.035,0.856
547500,0.081,0.035,0.885
548000,0.100,0.031,0.869
548500,0.080,0.034,0.887
549000,0.100,0.022,0.878
549500,0.100,0.035,0.865
550000,0.080,0.036,0.884
550500,0.104,0.043,0.854
551000,0.072,0.045,0.882
551500,0.088,0.023,0.889
552000,0.090,0.037,0.872
552500,0.084,0.036,0.880
553000,0.090,0.032,0.878
553500,0.097,0.044,0.859
554000,0.088,0.032,0.880
554500,0.108,0.043,0.849
555000,0.111,0.035,0.854
555500,0.095,0.033,0.873
556000,0.088,0.038,0.874
556500,0.087,0.051,0.862
557000,0.099,0.042,0.860
557500,0.100,0.024,0.877
558000,0.113,0.031,0.856
558500,0.113,0.029,0.859
559000,0.103,0.037,0.860
559500,0.100,0.034,0.866
560000,0.104,0.039,0.856
560500,0.097,0.042,0.861
561000,0.089,0.038,0.872
561500,0.083,0.035,0.882
562000,0.096,0.037,0.867
562500,0.106,0.030,0.863
563000,0.102,0.026,0.871
563500,0.106,0.036,0.857
564000,0.100,0.035,0.865
564500,0.101,0.029,0.870
565000,0.090,0.025,0.884
565500,0.087,0.058,0.854
566000,0.091,0.057,0.853
566500,0.083,0.057,0.860
567000,0.073,0.035,0.893
567500,0.086,0.043,0.870
568000,0.082,0.032,0.886
568500,0.080,0.033,0.888
569000,0.092,0.029,0.879
569500,0.100,0.030,0.870
570000,0.096,0.035,0.870
570500,0.115,0.039,0.846
571000,0.100,0.034,0.866
571500,0.104,0.021,0.874
572000,0.101,0.025,0.875
572500,0.089,0.031,0.880
573000,0.104,0.035,0.861
573500,0.102,0.032,0.866
574000,0.112,0.030,0.858
574500,0.135,0.021,0.844
575000,0.137,0.037,0.826
575500,0.111,0.036,0.853
576000,0.119,0.036,0.845
576500,0.093,0.050,0.858
577000,0.072,0.036,0.891
577500,0.070,0.038,0.892
578000,0.086,0.056,0.858
578500,0.104,0.051,0.846
579000,0.104,0.043,0.852
579500,0.085,0.040,0.876
580000,0.094,0.064,0.843
580500,0.092,0.041,0.868
581000,0.081,0.057,0.862
581500,0.077,0.052,0.871
582000,0.087,0.036,0.877
582500,0.085,0.037,0.878
583000,0.081,0.032,0.888
583500,0.081,0.034,0.886
584000,0.076,0.040,0.883
584500,0.074,0.032,0.893
585000,0.069,0.042,0.890
585500,0.084,0.028,0.888
586000,0.081,0.049,0.871
586500,0.077,0.029,0.894
587000,0.090,0.030,0.880
587500,0.079,0.032,0.889
588000,0.071,0.034,0.894
588500,0.074,0.052,0.873
589000,0.071,0.050,0.879
589500,0.083,0.040,0.878
590000,0.092,0.052,0.856
590500,0.082,0.042,0.877
591000,0.104,0.051,0.846
591500,0.102,0.036,0.862
592000,0.117,0.020,0.863
592500,0.098,0.029,0.874
593000,0.096,0.034,0.871
593500,0.095,0.029,0.876
594000,0.115,0.037,0.848
594500,0.117,0.044,0.839
595000,0.104,0.051,0.846
595500,0.096,0.053,0.851
596000,0.102,0.033,0.865
596500,0.098,0.040,0.862
597000,0.107,0.029,0.865
597500,0.103,0.021,0.875
598000,0.101,0.031,0.868
598500,0.110,0.041,0.850
599000,0.096,0.030,0.874
599500,0.101,0.030,0.869
600000,0.091,0.043,0.866
600500,0.083,0.054,0.863
601000,0.088,0.046,0.865
601500,0.091,0.038,0.870
602000,0.098,0.046,0.856
602500,0.097,0.035,0.868
603000,0.107,0.022,0.870
603500,0.105,0.019,0.876
604000,0.095,0.025,0.880
604500,0.087,0.037,0.875
605000,0.100,0.032,0.869
605500,0.088,0.036,0.875
606000,0.081,0.030,0.889
606500,0.117,0.036,0.847
607000,0.101,0.045,0.854
607500,0.096,0.049,0.855
608000,0.096,0.036,0.868
608500,0.093,0.044,0.863
609000,0.088,0.025,0.887
609500,0.099,0.036,0.865
610000,0.114,0.030,0.856
610500,0.115,0.037,0.848
611000,0.101,0.028,0.872
611500,0.093,0.040,0.867
612000,0.108,0.042,0.850
612500,0.100,0.044,0.856
613000,0.102,0.046,0.851
613500,0.102,0.042,0.856
614000,0.082,0.035,0.883
614500,0.088,0.042,0.870
615000,0.086,0.036,0.877
615500,0.091,0.029,0.881
616000,0.092,0.025,0.883
616500,0.102,0.037,0.861
617000,0.101,0.029,0.870
617500,0.097,0.031,0.872
618000,0.098,0.025,0.877
618500,0.104,0.028,0.868
619000,0.090,0.036,0.873
619500,0.080,0.042,0.878
620000,0.087,0.042,0.871
620500,0.103,0.037,0.860
621000,0.113,0.042,0.845
621500,0.090,0.041,0.869
622000,0.092,0.043,0.864
622500,0.098,0.041,0.861
623000,0.097,0.050,0.853
623500,0.113,0.041,0.847
624000,0.091,0.053,0.855
624500,0.073,0.048,0.880
625000,0.079,0.054,0.867
625500,0.083,0.055,0.862
626000,0.087,0.052,0.860
626500,0.099,0.052,0.849
627000,0.105,0.044,0.850
627500,0.100,0.035,0.866
628000,0.091,0.037,0.871
628500,0.116,0.037,0.847
629000,0.115,0.044,0.841
629500,0.113,0.040,0.847
630000,0.102,0.041,0.857
630500,0.089,0.036,0.875
631000,0.101,0.043,0.857
631500,0.111,0.042,0.848
632000,0.099,0.042,0.859
632500,0.103,0.036,0.861
633000,0.102,0.030,0.867
633500,0.092,0.037,0.870
634000,0.087,0.026,0.887
634500,0.098,0.042,0.861
635000,0.090,0.038,0.871
635500,0.087,0.035,0.877
636000,0.076,0.053,0.871
636500,0.072,0.049,0.879
637000,0.076,0.051,0.872
637500,0.080,0.044,0.876
638000,0.090,0.044,0.866
638500,0.082,0.055,0.863
639000,0.092,0.050,0.858
639500,0.086,0.045,0.869
640000,0.093,0.045,0.862
640500,0.086,0.052,0.862
641000,0.071,0.051,0.878
641500,0.077,0.050,0.874
642000,0.080,0.044,0.876
642500,0.088,0.040,0.872
643000,0.097,0.041,0.863
643500,0.080,0.052,0.868
644000,0.076,0.052,0.872
644500,0.084,0.050,0.867
645000,0.081,0.041,0.879
645500,0.082,0.029,0.889
646000,0.095,0.021,0.884
646500,0.086,0.030,0.884
647000,0.098,0.032,0.871
647500,0.090,0.038,0.871
648000,0.089,0.038,0.872
648500,0.085,0.043,0.872
649000,0.075,0.051,0.874
649500,0.073,0.050,0.877
650000,0.074,0.060,0.866
650500,0.073,0.040,0.888
651000,0.074,0.037,0.889
651500,0.087,0.055,0.858
652000,0.085,0.043,0.872
652500,0.064,0.044,0.892
653000,0.081,0.057,0.862
653500,0.069,0.042,0.890
654000,0.072,0.055,0.873
654500,0.076,0.064,0.860
655000,0.075,0.053,0.871
655500,0.077,0.047,0.876
656000,0.077,0.054,0.869
656500,0.080,0.040,0.880
657000,0.071,0.059,0.870
657500,0.078,0.064,0.859
658000,0.080,0.064,0.857
658500,0.067,0.068,0.866
659000,0.062,0.059,0.879
659500,0.073,0.045,0.881
660000,0.068,0.055,0.877
660500,0.086,0.054,0.859
661000,0.112,0.040,0.849
661500,0.092,0.046,0.862
662000,0.097,0.049,0.855
662500,0.102,0.038,0.860
663000,0.122,0.047,0.830
663500,0.086,0.035,0.879
664000,0.082,0.043,0.876
664500,0.090,0.028,0.882
665000,0.117,0.025,0.857
665500,0.120,0.022,0.858
666000,0.095,0.041,0.864
666500,0.098,0.045,0.857
667000,0.086,0.041,0.874
667500,0.087,0.058,0.855
668000,0.067,0.048,0.885
668500,0.084,0.051,0.866
669000,0.089,0.043,0.868
669500,0.079,0.034,0.887
670000,0.090,0.039,0.870
670500,0.089,0.035,0.875
671000,0.092,0.030,0.877
671500,0.107,0.028,0.865
672000,0.112,0.024,0.865
672500,0.090,0.023,0.886
673000,0.089,0.035,0.877
673500,0.080,0.060,0.860
674000,0.087,0.048,0.865
674500,0.082,0.032,0.887
675000,0.084,0.051,0.865
675500,0.093,0.046,0.861
676000,0.086,0.042,0.872
676500,0.092,0.053,0.855
677000,0.108,0.035,0.857
677500,0.103,0.027,0.870
678000,0.115,0.030,0.855
678500,0.107,0.028,0.865
679000,0.095,0.034,0.871
679500,0.089,0.040,0.871
680000,0.090,0.033,0.877
680500,0.104,0.029,0.867
681000,0.103,0.033,0.863
681500,0.089,0.020,0.891
682000,0.086,0.029,0.886
682500,0.093,0.036,0.871
683000,0.080,0.037,0.883
683500,0.091,0.041,0.867
684000,0.089,0.021,0.890
684500,0.093,0.035,0.871
685000,0.102,0.047,0.851
685500,0.095,0.032,0.874
686000,0.086,0.044,0.870
686500,0.098,0.034,0.869
687000,0.107,0.025,0.868
687500,0.122,0.025,0.853
688000,0.121,0.025,0.853
688500,0.132,0.028,0.841
689000,0.116,0.026,0.858
689500,0.095,0.035,0.870
690000,0.097,0.034,0.870
690500,0.105,0.031,0.864
691000,0.100,0.029,0.871
691500,0.107,0.032,0.862
692000,0.100,0.031,0.869
692500,0.091,0.025,0.884
693000,0.093,0.035,0.872
693500,0.083,0.039,0.878
694000,0.096,0.029,0.875
694500,0.105,0.032,0.863
695000,0.092,0.034,0.875
695500,0.087,0.029,0.883
696000,0.086,0.033,0.881
696500,0.080,0.043,0.877
697000,0.080,0.055,0.865
697500,0.086,0.052,0.862
698000,0.090,0.051,0.859
698500,0.092,0.032,0.875
699000,0.103,0.022,0.875
699500,0.100,0.044,0.856
700000,0.086,0.035,0.879
700500,0.082,0.035,0.884
701000,0.070,0.050,0.879
701500,0.078,0.035,0.888
702000,0.093,0.026,0.881
702500,0.089,0.048,0.864
703000,0.100,0.033,0.868
703500,0.092,0.035,0.873
704000,0.092,0.043,0.865
704500,0.102,0.043,0.855
705000,0.100,0.046,0.854
705500,0.108,0.034,0.858
706000,0.087,0.041,0.872
706500,0.086,0.029,0.885
707000,0.092,0.037,0.871
707500,0.114,0.040,0.846
708000,0.108,0.029,0.863
708500,0.102,0.032,0.866
709000,0.094,0.030,0.876
709500,0.105,0.028,0.867
710000,0.101,0.039,0.860
710500,0.104,0.044,0.851
711000,0.118,0.028,0.854
711500,0.119,0.036,0.844
712000,0.111,0.035,0.855
712500,0.088,0.042,0.870
713000,0.086,0.045,0.869
713500,0.089,0.048,0.862
714000,0.091,0.041,0.868
714500,0.083,0.037,0.880
715000,0.084,0.037,0.879
715500,0.092,0.039,0.869
716000,0.108,0.039,0.852
716500,0.085,0.032,0.883
717000,0.105,0.050,0.846
717500,0.075,0.044,0.881
718000,0.076,0.053,0.870
718500,0.079,0.081,0.841
719000,0.074,0.070,0.857
719500,0.084,0.064,0.853
720000,0.091,0.051,0.858
720500,0.086,0.058,0.857
721000,0.102,0.043,0.855
721500,0.085,0.045,0.870
722000,0.091,0.035,0.874
722500,0.104,0.042,0.854
723000,0.110,0.036,0.854
723500,0.111,0.044,0.845
724000,0.086,0.068,0.846
724500,0.084,0.056,0.860
725000,0.075,0.041,0.883
725500,0.081,0.040,0.880
726000,0.084,0.028,0.888
726500,0.086,0.037,0.877
727000,0.098,0.036,0.866
727500,0.102,0.034,0.865
728000,0.101,0.030,0.869
728500,0.095,0.027,0.878
729000,0.077,0.050,0.872
729500,0.077,0.048,0.874
730000,0.096,0.051,0.853
730500,0.073,0.048,0.880
731000,0.079,0.046,0.875
731500,0.086,0.039,0.874
732000,0.099,0.043,0.858
732500,0.085,0.044,0.871
733000,0.075,0.033,0.891
733500,0.082,0.037,0.881
734000,0.103,0.034,0.864
734500,0.088,0.046,0.866
735000,0.070,0.048,0.882
735500,0.071,0.046,0.882
736000,0.085,0.035,0.881
736500,0.076,0.043,0.882
737000,0.083,0.050,0.868
737500,0.084,0.042,0.875
738000,0.092,0.033,0.875
738500,0.102,0.025,0.873
739000,0.102,0.029,0.869
739500,0.102,0.042,0.855
740000,0.095,0.032,0.874
740500,0.110,0.033,0.857
741000,0.122,0.023,0.855
741500,0.116,0.017,0.867
742000,0.116,0.017,0.867
742500,0.133,0.019,0.848
743000,0.121,0.038,0.841
743500,0.112,0.028,0.860
744000,0.109,0.023,0.868
744500,0.118,0.027,0.854
745000,0.098,0.021,0.881
745500,0.081,0.035,0.884
746000,0.079,0.031,0.890
746500,0.089,0.032,0.879
747000,0.107,0.041,0.852
747500,0.119,0.035,0.847
748000,0.109,0.051,0.841
748500,0.091,0.041,0.869
749000,0.086,0.049,0.866
749500,0.104,0.050,0.847
750000,0.105,0.042,0.852
750500,0.104,0.045,0.851
751000,0.102,0.038,0.860
751500,0.090,0.051,0.858
752000,0.086,0.032,0.882
752500,0.078,0.044,0.878
753000,0.081,0.031,0.888
753500,0.089,0.035,0.877
754000,0.086,0.031,0.882
754500,0.099,0.032,0.870
755000,0.095,0.034,0.871
755500,0.096,0.033,0.872
756000,0.105,0.040,0.855
756500,0.099,0.034,0.868
757000,0.082,0.029,0.889
757500,0.083,0.036,0.881
758000,0.077,0.046,0.876
758500,0.089,0.039,0.871
759000,0.085,0.060,0.855
759500,0.104,0.050,0.847
760000,0.101,0.032,0.868
760500,0.079,0.052,0.869
761000,0.081,0.044,0.875
761500,0.073,0.041,0.885
762000,0.074,0.044,0.881
762500,0.067,0.029,0.904
763000,0.065,0.047,0.888
763500,0.095,0.045,0.860
764000,0.102,0.045,0.853
764500,0.087,0.037,0.876
765000,0.072,0.050,0.878
765500,0.091,0.056,0.854
766000,0.082,0.042,0.877
766500,0.064,0.030,0.906
767000,0.077,0.029,0.895
767500,0.081,0.038,0.881
768000,0.096,0.041,0.863
768500,0.103,0.047,0.850
769000,0.107,0.034,0.859
769500,0.105,0.033,0.861
770000,0.105,0.026,0.869
770500,0.084,0.024,0.892
771000,0.097,0.037,0.866
771500,0.095,0.038,0.867
772000,0.107,0.044,0.849
772500,0.106,0.031,0.863
773000,0.107,0.035,0.858
773500,0.111,0.028,0.862
774000,0.117,0.032,0.851
774500,0.087,0.037,0.876
775000,0.097,0.026,0.877
775500,0.091,0.029,0.880
776000,0.085,0.033,0.883
776500,0.086,0.048,0.866
777000,0.078,0.045,0.877
777500,0.070,0.057,0.873
778000,0.078,0.041,0.881
778500,0.086,0.042,0.873
779000,0.086,0.032,0.883
779500,0.073,0.040,0.887
780000,0.082,0.044,0.874
780500,0.080,0.043,0.878
781000,0.073,0.047,0.879
781500,0.085,0.051,0.865
782000,0.087,0.035,0.879
782500,0.090,0.027,0.882
783000,0.124,0.038,0.837
783500,0.112,0.034,0.854
784000,0.098,0.032,0.871
784500,0.098,0.032,0.871
785000,0.101,0.033,0.866
785500,0.087,0.040,0.873
786000,0.075,0.037,0.888
786500,0.092,0.035,0.874
787000,0.107,0.036,0.857
787500,0.099,0.037,0.864
788000,0.077,0.049,0.874
788500,0.071,0.051,0.877
789000,0.086,0.048,0.867
789500,0.087,0.043,0.869
790000,0.115,0.032,0.854
790500,0.102,0.022,0.876
791000,0.115,0.052,0.833
791500,0.105,0.040,0.856
792000,0.089,0.029,0.882
792500,0.085,0.038,0.877
793000,0.102,0.046,0.852
793500,0.090,0.038,0.872
794000,0.075,0.043,0.881
794500,0.084,0.033,0.884
795000,0.094,0.044,0.862
795500,0.075,0.044,0.880
796000,0.086,0.037,0.877
796500,0.105,0.041,0.853
797000,0.105,0.030,0.865
797500,0.100,0.037,0.863
798000,0.093,0.030,0.877
798500,0.091,0.040,0.869
799000,0.100,0.029,0.871
799500,0.100,0.034,0.867
800000,0.094,0.033,0.874
800500,0.102,0.035,0.863
801000,0.103,0.029,0.867
801500,0.103,0.036,0.861
802000,0.089,0.049,0.861
802500,0.085,0.043,0.872
803000,0.084,0.044,0.872
803500,0.086,0.033,0.882
804000,0.091,0.032,0.876
804500,0.093,0.035,0.873
805000,0.086,0.037,0.877
805500,0.086,0.032,0.883
806000,0.091,0.032,0.876
806500,0.084,0.036,0.880
807000,0.087,0.037,0.875
807500,0.086,0.038,0.876
808000,0.085,0.052,0.863
808500,0.079,0.043,0.878
809000,0.100,0.037,0.863
809500,0.108,0.041,0.851
810000,0.086,0.026,0.888
810500,0.074,0.034,0.892
811000,0.095,0.035,0.871
811500,0.099,0.033,0.869
812000,0.118,0.035,0.847
812500,0.109,0.053,0.838
813000,0.124,0.028,0.848
813500,0.133,0.020,0.847
814000,0.109,0.011,0.880
814500,0.113,0.018,0.870
815000,0.111,0.042,0.847
815500,0.093,0.043,0.864
816000,0.113,0.038,0.849
816500,0.091,0.028,0.881
817000,0.096,0.037,0.867
817500,0.087,0.046,0.867
818000,0.096,0.029,0.875
818500,0.078,0.022,0.900
819000,0.086,0.029,0.885
819500,0.086,0.048,0.867
820000,0.067,0.049,0.885
820500,0.076,0.050,0.874
821000,0.099,0.042,0.859
821500,0.076,0.046,0.877
822000,0.088,0.045,0.867
822500,0.080,0.050,0.871
823000,0.081,0.043,0.876
823500,0.089,0.045,0.865
824000,0.079,0.043,0.879
824500,0.088,0.043,0.868
825000,0.102,0.041,0.857
825500,0.088,0.046,0.866
826000,0.096,0.053,0.851
826500,0.090,0.028,0.882
827000,0.095,0.028,0.878
827500,0.106,0.028,0.866
828000,0.108,0.023,0.868
828500,0.095,0.017,0.888
829000,0.080,0.043,0.877
829500,0.088,0.044,0.868
830000,0.085,0.061,0.854
830500,0.083,0.044,0.873
831000,0.079,0.038,0.883
831500,0.092,0.041,0.868
832000,0.107,0.028,0.864
832500,0.106,0.025,0.869
833000,0.090,0.035,0.875
833500,0.106,0.041,0.852
834000,0.121,0.045,0.834
834500,0.117,0.038,0.845
835000,0.103,0.035,0.863
835500,0.110,0.034,0.856
836000,0.104,0.035,0.861
836500,0.095,0.029,0.877
837000,0.124,0.026,0.850
837500,0.106,0.030,0.864
838000,0.086,0.035,0.879
838500,0.115,0.031,0.854
839000,0.096,0.027,0.877
839500,0.115,0.021,0.864
840000,0.102,0.029,0.868
840500,0.124,0.030,0.845
841000,0.121,0.035,0.845
841500,0.112,0.035,0.853
842000,0.097,0.033,0.870
842500,0.098,0.044,0.858
843000,0.096,0.044,0.860
843500,0.076,0.046,0.878
844000,0.086,0.048,0.866
844500,0.099,0.044,0.857
845000,0.101,0.032,0.867
845500,0.103,0.032,0.865
846000,0.117,0.035,0.848
846500,0.110,0.029,0.861
847000,0.100,0.028,0.873
847500,0.110,0.028,0.863
848000,0.102,0.025,0.873
848500,0.090,0.048,0.862
849000,0.105,0.035,0.860
849500,0.094,0.032,0.875
850000,0.100,0.052,0.848
850500,0.085,0.048,0.868
851000,0.079,0.043,0.878
851500,0.115,0.044,0.841
852000,0.097,0.042,0.861
852500,0.096,0.034,0.871
853000,0.076,0.046,0.878
853500,0.074,0.041,0.885
854000,0.071,0.051,0.878
854500,0.088,0.052,0.860
855000,0.090,0.059,0.851
855500,0.064,0.060,0.876
856000,0.082,0.064,0.855
856500,0.102,0.043,0.856
857000,0.093,0.035,0.872
857500,0.095,0.035,0.870
858000,0.071,0.039,0.889
858500,0.076,0.045,0.878
859000,0.084,0.044,0.872
859500,0.084,0.031,0.885
860000,0.098,0.035,0.868
860500,0.083,0.042,0.876
861000,0.086,0.051,0.863
861500,0.081,0.038,0.881
862000,0.068,0.032,0.901
862500,0.073,0.043,0.884
863000,0.075,0.050,0.874
863500,0.061,0.062,0.876
864000,0.061,0.058,0.881
864500,0.072,0.046,0.881
865000,0.075,0.038,0.886
865500,0.085,0.048,0.867
866000,0.084,0.034,0.882
866500,0.091,0.024,0.886
867000,0.086,0.030,0.884
867500,0.092,0.041,0.868
868000,0.091,0.022,0.887
868500,0.095,0.025,0.880
869000,0.103,0.024,0.873
869500,0.104,0.032,0.864
870000,0.099,0.029,0.872
870500,0.102,0.028,0.870
871000,0.117,0.040,0.843
871500,0.097,0.043,0.860
872000,0.089,0.046,0.864
872500,0.106,0.041,0.852
873000,0.115,0.034,0.851
873500,0.127,0.029,0.845
874000,0.098,0.025,0.878
874500,0.098,0.036,0.866
875000,0.087,0.043,0.869
875500,0.073,0.055,0.872
876000,0.079,0.067,0.854
876500,0.080,0.064,0.857
877000,0.076,0.058,0.866
877500,0.086,0.062,0.851
878000,0.093,0.046,0.860
878500,0.090,0.052,0.857
879000,0.078,0.046,0.876
879500,0.076,0.038,0.885
880000,0.089,0.035,0.875
880500,0.090,0.043,0.866
881000,0.086,0.046,0.868
881500,0.077,0.041,0.881
882000,0.087,0.033,0.880
882500,0.085,0.036,0.879
883000,0.072,0.034,0.893
883500,0.098,0.043,0.859
884000,0.096,0.037,0.867
884500,0.101,0.029,0.870
885000,0.085,0.028,0.888
885500,0.089,0.039,0.872
886000,0.092,0.041,0.867
886500,0.097,0.036,0.867
887000,0.102,0.050,0.849
887500,0.104,0.038,0.858
888000,0.076,0.061,0.863
888500,0.068,0.063,0.869
889000,0.075,0.051,0.874
889500,0.068,0.048,0.884
890000,0.073,0.049,0.877
890500,0.076,0.043,0.881
891000,0.075,0.046,0.878
891500,0.073,0.046,0.880
892000,0.069,0.044,0.887
892500,0.087,0.046,0.867
893000,0.093,0.042,0.865
893500,0.089,0.039,0.872
894000,0.077,0.035,0.888
894500,0.072,0.040,0.889
895000,0.095,0.037,0.868
895500,0.087,0.044,0.869
896000,0.091,0.057,0.851
896500,0.080,0.042,0.879
897000,0.090,0.024,0.885
897500,0.074,0.037,0.888
898000,0.081,0.033,0.887
898500,0.087,0.036,0.876
899000,0.099,0.026,0.875
899500,0.112,0.041,0.848
900000,0.116,0.032,0.852
900500,0.103,0.030,0.867
901000,0.101,0.021,0.878
901500,0.084,0.023,0.893
902000,0.088,0.029,0.883
902500,0.105,0.029,0.866
903000,0.106,0.046,0.848
903500,0.099,0.035,0.866
904000,0.087,0.042,0.870
904500,0.098,0.045,0.857
905000,0.094,0.028,0.879
905500,0.085,0.033,0.882
906000,0.082,0.025,0.893
906500,0.081,0.045,0.874
907000,0.085,0.044,0.871
907500,0.080,0.045,0.875
908000,0.080,0.047,0.873
908500,0.110,0.046,0.844
909000,0.099,0.036,0.865
909500,0.102,0.030,0.868
910000,0.102,0.035,0.862
910500,0.093,0.038,0.868
911000,0.086,0.028,0.886
911500,0.081,0.035,0.884
912000,0.089,0.036,0.874
912500,0.098,0.021,0.881
913000,0.090,0.028,0.882
913500,0.111,0.026,0.863
914000,0.105,0.032,0.863
914500,0.082,0.046,0.872
915000,0.087,0.034,0.879
915500,0.074,0.056,0.871
916000,0.079,0.043,0.878
916500,0.098,0.042,0.860
917000,0.096,0.049,0.855
917500,0.093,0.051,0.856
918000,0.096,0.044,0.860
918500,0.077,0.039,0.884
919000,0.079,0.042,0.880
919500,0.090,0.033,0.876
920000,0.085,0.036,0.879
920500,0.091,0.033,0.876
921000,0.096,0.037,0.867
921500,0.098,0.059,0.843
922000,0.098,0.053,0.849
922500,0.093,0.057,0.851
923000,0.089,0.059,0.852
923500,0.081,0.050,0.870
924000,0.086,0.048,0.867
924500,0.092,0.045,0.862
925000,0.090,0.029,0.881
925500,0.093,0.036,0.870
926000,0.109,0.029,0.862
926500,0.113,0.025,0.862
927000,0.110,0.029,0.862
927500,0.100,0.025,0.875
928000,0.091,0.035,0.874
928500,0.108,0.037,0.855
929000,0.098,0.037,0.865
929500,0.101,0.032,0.867
930000,0.100,0.032,0.869
930500,0.108,0.038,0.854
931000,0.123,0.034,0.843
931500,0.105,0.038,0.857
932000,0.097,0.046,0.857
932500,0.091,0.044,0.865
933000,0.090,0.043,0.867
933500,0.092,0.035,0.874
934000,0.103,0.044,0.853
934500,0.103,0.053,0.843
935000,0.097,0.046,0.857
935500,0.087,0.042,0.872
936000,0.098,0.034,0.868
936500,0.084,0.040,0.876
937000,0.090,0.037,0.872
937500,0.097,0.034,0.869
938000,0.096,0.028,0.876
938500,0.093,0.029,0.877
939000,0.089,0.033,0.878
939500,0.088,0.051,0.860
940000,0.092,0.035,0.873
940500,0.090,0.045,0.864
941000,0.096,0.044,0.860
941500,0.090,0.041,0.868
942000,0.090,0.028,0.883
942500,0.110,0.024,0.867
943000,0.100,0.028,0.873
943500,0.096,0.029,0.875
944000,0.092,0.029,0.879
944500,0.085,0.035,0.881
945000,0.080,0.040,0.880
945500,0.077,0.047,0.875
946000,0.095,0.045,0.860
946500,0.087,0.028,0.886
947000,0.088,0.035,0.877
947500,0.086,0.039,0.874
948000,0.079,0.049,0.873
948500,0.101,0.038,0.861
949000,0.092,0.043,0.865
949500,0.095,0.051,0.855
950000,0.103,0.033,0.864
950500,0.103,0.043,0.853
951000,0.101,0.021,0.878
951500,0.101,0.031,0.868
952000,0.091,0.024,0.886
952500,0.098,0.029,0.873
953000,0.087,0.025,0.888
953500,0.105,0.037,0.857
954000,0.099,0.030,0.871
954500,0.086,0.026,0.887
955000,0.095,0.038,0.867
955500,0.098,0.035,0.867
956000,0.102,0.041,0.856
956500,0.098,0.026,0.876
957000,0.105,0.045,0.849
957500,0.099,0.037,0.864
958000,0.092,0.027,0.881
958500,0.087,0.037,0.875
959000,0.078,0.042,0.881
959500,0.090,0.042,0.869
960000,0.102,0.025,0.873
960500,0.113,0.018,0.869
961000,0.114,0.030,0.856
961500,0.097,0.024,0.879
962000,0.121,0.041,0.838
962500,0.115,0.037,0.848
963000,0.114,0.030,0.856
963500,0.109,0.031,0.860
964000,0.097,0.030,0.873
964500,0.097,0.025,0.878
965000,0.104,0.044,0.851
965500,0.095,0.062,0.843
966000,0.096,0.048,0.857
966500,0.082,0.030,0.888
967000,0.091,0.028,0.882
967500,0.100,0.024,0.876
968000,0.097,0.035,0.869
968500,0.099,0.034,0.868
969000,0.102,0.034,0.864
969500,0.100,0.043,0.857
970000,0.089,0.051,0.860
970500,0.087,0.044,0.869
971000,0.095,0.053,0.852
971500,0.092,0.048,0.861
972000,0.081,0.052,0.867
972500,0.083,0.063,0.854
973000,0.084,0.060,0.857
973500,0.090,0.060,0.849
974000,0.102,0.035,0.863
974500,0.102,0.029,0.869
975000,0.085,0.033,0.883
975500,0.081,0.031,0.888
976000,0.110,0.019,0.871
976500,0.091,0.031,0.878
977000,0.081,0.051,0.868
977500,0.082,0.056,0.863
978000,0.072,0.043,0.885
978500,0.091,0.039,0.869
979000,0.087,0.039,0.873
979500,0.092,0.034,0.874
980000,0.091,0.044,0.864
980500,0.077,0.042,0.881
981000,0.098,0.044,0.858
981500,0.082,0.044,0.874
982000,0.083,0.029,0.888
982500,0.077,0.029,0.894
983000,0.092,0.035,0.873
983500,0.092,0.031,0.877
984000,0.103,0.048,0.850
984500,0.100,0.049,0.852
985000,0.097,0.046,0.857
985500,0.094,0.048,0.859
986000,0.099,0.030,0.871
986500,0.105,0.024,0.871
987000,0.101,0.035,0.864
987500,0.105,0.037,0.858
988000,0.102,0.029,0.868
988500,0.117,0.030,0.853
989000,0.100,0.039,0.861
989500,0.082,0.043,0.875
990000,0.087,0.038,0.874
990500,0.081,0.034,0.885
991000,0.091,0.033,0.876
991500,0.101,0.036,0.863
992000,0.096,0.031,0.873
992500,0.113,0.025,0.862
993000,0.097,0.029,0.874
993500,0.082,0.030,0.888
994000,0.103,0.033,0.864
994500,0.109,0.022,0.869
995000,0.099,0.029,0.872
995500,0.113,0.037,0.850
996000,0.097,0.038,0.865
996500,0.092,0.041,0.867
997000,0.080,0.034,0.887
997500,0.086,0.043,0.872
998000,0.097,0.043,0.861
998500,0.089,0.030,0.881
999000,0.109,0.025,0.866
999500,0.088,0.034,0.878
1000000,0.087,0.062,0.851
