time,n_A+p,n_B,n_AB
0,0.009,0.991,0.000
500,0.009,0.966,0.024
1000,0.009,0.875,0.116
1500,0.009,0.734,0.257
2000,0.009,0.541,0.450
2500,0.009,0.352,0.639
3000,0.009,0.193,0.798
3500,0.009,0.122,0.869
4000,0.009,0.086,0.905
4500,0.009,0.052,0.939
5000,0.009,0.034,0.957
5500,0.009,0.024,0.966
6000,0.009,0.015,0.976
6500,0.009,0.012,0.979
7000,0.009,0.012,0.979
7500,0.009,0.012,0.979
8000,0.009,0.006,0.985
8500,0.009,0.003,0.988
9000,0.009,0.003,0.988
9500,0.009,0.000,0.991
10000,0.009,0.000,0.991
10500,0.009,0.000,0.991
11000,0.009,0.000,0.991
11500,0.009,0.000,0.991
12000,0.009,0.000,0.991
12500,0.009,0.000,0.991
13000,0.009,0.000,0.991
13500,0.009,0.000,0.991
14000,0.009,0.000,0.991
14500,0.009,0.000,0.991
15000,0.009,0.000,0.991
15500,0.009,0.000,0.991
16000,0.009,0.000,0.991
16500,0.009,0.000,0.991
17000,0.009,0.000,0.991
17500,0.009,0.000,0.991
18000,0.009,0.000,0.991
18500,0.009,0.000,0.991
19000,0.009,0.000,0.991
19500,0.009,0.000,0.991
20000,0.009,0.000,0.991
20500,0.009,0.000,0.991
21000,0.009,0.000,0.991
21500,0.009,0.000,0.991
22000,0.009,0.000,0.991
22500,0.009,0.000,0.991
23000,0.009,0.000,0.991
23500,0.009,0.000,0.991
24000,0.009,0.000,0.991
24500,0.009,0.000,0.991
25000,0.009,0.000,0.991
25500,0.009,0.000,0.991
26000,0.009,0.000,0.991
26500,0.009,0.000,0.991
27000,0.009,0.000,0.991
27500,0.009,0.000,0.991
28000,0.009,0.000,0.991
28500,0.009,0.000,0.991
29000,0.009,0.000,0.991
29500,0.009,0.000,0.991
30000,0.009,0.000,0.991
30500,0.009,0.000,0.991
31000,0.009,0.000,0.991
31500,0.009,0.000,0.991
32000,0.009,0.000,0.991
32500,0.009,0.000,0.991
33000,0.009,0.000,0.991
33500,0.009,0.000,0.991
34000,0.009,0.000,0.991
34500,0.009,0.000,0.991
35000,0.009,0.000,0.991
35500,0.009,0.000,0.991
36000,0.009,0.000,0.991
36500,0.009,0.000,0.991
37000,0.009,0.000,0.991
37500,0.009,0.000,0.991
38000,0.009,0.000,0.991
38500,0.009,0.000,0.991
39000,0.009,0.000,0.991
39500,0.009,0.000,0.991
40000,0.009,0.000,0.991
40500,0.009,0.000,0.991
41000,0.009,0.000,0.991
41500,0.009,0.000,0.991
42000,0.009,0.000,0.991
42500,0.009,0.000,0.991
43000,0.009,0.000,0.991
43500,0.009,0.000,0.991
44000,0.009,0.000,0.991
44500,0.009,0.000,0.991
45000,0.009,0.000,0.991
45500,0.009,0.000,0.991
46000,0.009,0.000,0.991
46500,0.009,0.000,0.991
47000,0.009,0.000,0.991
47500,0.009,0.000,0.991
48000,0.009,0.000,0.991
48500,0.009,0.000,0.991
49000,0.009,0.000,0.991
49500,0.009,0.000,0.991
50000,0.009,0.000,0.991
50500,0.009,0.000,0.991
51000,0.009,0.000,0.991
51500,0.009,0.000,0.991
52000,0.009,0.000,0.991
52500,0.009,0.000,0.991
53000,0.009,0.000,0.991
53500,0.009,0.000,0.991
54000,0.009,0.000,0.991
54500,0.009,0.000,0.991
55000,0.009,0.000,0.991
55500,0.009,0.000,0.991
56000,0.009,0.000,0.991
56500,0.009,0.000,0.991
57000,0.009,0.000,0.991
57500,0.009,0.000,0.991
58000,0.009,0.000,0.991
58500,0.009,0.000,0.991
59000,0.009,0.000,0.991
59500,0.009,0.000,0.991
60000,0.009,0.000,0.991
60500,0.009,0.000,0.991
61000,0.009,0.000,0.991
61500,0.009,0.000,0.991
62000,0.009,0.000,0.991
62500,0.009,0.000,0.991
63000,0.009,0.000,0.991
63500,0.009,0.000,0.991
64000,0.009,0.000,0.991
64500,0.009,0.000,0.991
65000,0.009,0.000,0.991
65500,0.009,0.000,0.991
66000,0.009,0.000,0.991
66500,0.009,0.000,0.991
67000,0.009,0.000,0.991
67500,0.009,0.000,0.991
68000,0.009,0.000,0.991
68500,0.009,0.000,0.991
69000,0.009,0.000,0.991
69500,0.009,0.000,0.991
70000,0.009,0.000,0.991
70500,0.009,0.000,0.991
71000,0.009,0.000,0.991
71500,0.009,0.000,0.991
72000,0.009,0.000,0.991
72500,0.009,0.000,0.991
73000,0.009,0.000,0.991
73500,0.009,0.000,0.991
74000,0.009,0.000,0.991
74500,0.009,0.000,0.991
75000,0.009,0.000,0.991
75500,0.009,0.000,0.991
76000,0.009,0.000,0.991
76500,0.009,0.000,0.991
77000,0.009,0.000,0.991
77500,0.009,0.000,0.991
78000,0.009,0.000,0.991
78500,0.009,0.000,0.991
79000,0.009,0.000,0.991
79500,0.009,0.000,0.991
80000,0.009,0.000,0.991
80500,0.009,0.000,0.991
81000,0.009,0.000,0.991
81500,0.009,0.000,0.991
82000,0.009,0.000,0.991
82500,0.009,0.000,0.991
83000,0.009,0.000,0.991
83500,0.009,0.000,0.991
84000,0.009,0.000,0.991
84500,0.009,0.000,0.991
85000,0.009,0.000,0.991
85500,0.009,0.000,0.991
86000,0.009,0.000,0.991
86500,0.009,0.000,0.991
87000,0.009,0.000,0.991
87500,0.009,0.000,0.991
88000,0.009,0.000,0.991
88500,0.009,0.000,0.991
89000,0.009,0.000,0.991
89500,0.009,0.000,0.991
90000,0.009,0.000,0.991
90500,0.009,0.000,0.991
91000,0.009,0.000,0.991
91500,0.009,0.000,0.991
92000,0.009,0.000,0.991
92500,0.009,0.000,0.991
93000,0.009,0.000,0.991
93500,0.009,0.000,0.991
94000,0.009,0.000,0.991
94500,0.009,0.000,0.991
95000,0.009,0.000,0.991
95500,0.009,0.000,0.991
96000,0.009,0.000,0.991
96500,0.009,0.000,0.991
97000,0.009,0.000,0.991
97500,0.009,0.000,0.991
98000,0.009,0.000,0.991
98500,0.009,0.000,0.991
99000,0.009,0.000,0.991
99500,0.009,0.000,0.991
100000,0.009,0.000,0.991
100500,0.009,0.000,0.991
101000,0.009,0.000,0.991
101500,0.009,0.000,0.991
102000,0.009,0.000,0.991
102500,0.009,0.000,0.991
103000,0.009,0.000,0.991
103500,0.009,0.000,0.991
104000,0.009,0.000,0.991
104500,0.009,0.000,0.991
105000,0.009,0.000,0.991
105500,0.009,0.000,0.991
106000,0.009,0.000,0.991
106500,0.009,0.000,0.991
107000,0.009,0.000,0.991
107500,0.009,0.000,0.991
108000,0.009,0.000,0.991
108500,0.009,0.000,0.991
109000,0.009,0.000,0.991
109500,0.009,0.000,0.991
110000,0.009,0.000,0.991
110500,0.009,0.000,0.991
111000,0.009,0.000,0.991
111500,0.009,0.000,0.991
112000,0.009,0.000,0.991
112500,0.009,0.000,0.991
113000,0.009,0.000,0.991
113500,0.009,0.000,0.991
114000,0.009,0.000,0.991
114500,0.009,0.000,0.991
115000,0.009,0.000,0.991
115500,0.009,0.000,0.991
116000,0.009,0.000,0.991
116500,0.009,0.000,0.991
117000,0.009,0.000,0.991
117500,0.009,0.000,0.991
118000,0.009,0.000,0.991
118500,0.009,0.000,0.991
119000,0.009,0.000,0.991
119500,0.009,0.000,0.991
120000,0.009,0.000,0.991
120500,0.009,0.000,0.991
121000,0.009,0.000,0.991
121500,0.009,0.000,0.991
122000,0.009,0.000,0.991
122500,0.009,0.000,0.991
123000,0.009,0.000,0.991
123500,0.009,0.000,0.991
124000,0.009,0.000,0.991
124500,0.009,0.000,0.991
125000,0.009,0.000,0.991
125500,0.009,0.000,0.991
126000,0.009,0.000,0.991
126500,0.009,0.000,0.991
127000,0.009,0.000,0.991
127500,0.009,0.000,0.991
128000,0.009,0.000,0.991
128500,0.009,0.000,0.991
129000,0.009,0.000,0.991
129500,0.009,0.000,0.991
130000,0.009,0.000,0.991
130500,0.009,0.000,0.991
131000,0.009,0.000,0.991
131500,0.009,0.000,0.991
132000,0.009,0.000,0.991
132500,0.009,0.000,0.991
133000,0.009,0.000,0.991
133500,0.009,0.000,0.991
134000,0.009,0.000,0.991
134500,0.009,0.000,0.991
135000,0.009,0.000,0.991
135500,0.009,0.000,0.991
136000,0.009,0.000,0.991
136500,0.009,0.000,0.991
137000,0.009,0.000,0.991
137500,0.009,0.000,0.991
138000,0.009,0.000,0.991
138500,0.009,0.000,0.991
139000,0.009,0.000,0.991
139500,0.009,0.000,0.991
140000,0.009,0.000,0.991
140500,0.009,0.000,0.991
141000,0.009,0.000,0.991
141500,0.009,0.000,0.991
142000,0.009,0.000,0.991
142500,0.009,0.000,0.991
143000,0.009,0.000,0.991
143500,0.009,0.000,0.991
144000,0.009,0.000,0.991
144500,0.009,0.000,0.991
145000,0.009,0.000,0.991
145500,0.009,0.000,0.991
146000,0.009,0.000,0.991
146500,0.009,0.000,0.991
147000,0.009,0.000,0.991
147500,0.009,0.000,0.991
148000,0.009,0.000,0.991
148500,0.009,0.000,0.991
149000,0.009,0.000,0.991
149500,0.009,0.000,0.991
150000,0.009,0.000,0.991
150500,0.009,0.000,0.991
151000,0.009,0.000,0.991
151500,0.009,0.000,0.991
152000,0.009,0.000,0.991
152500,0.009,0.000,0.991
153000,0.009,0.000,0.991
153500,0.009,0.000,0.991
154000,0.009,0.000,0.991
154500,0.009,0.000,0.991
155000,0.009,0.000,0.991
155500,0.009,0.000,0.991
156000,0.009,0.000,0.991
156500,0.009,0.000,0.991
157000,0.009,0.000,0.991
157500,0.009,0.000,0.991
158000,0.009,0.000,0.991
158500,0.009,0.000,0.991
159000,0.009,0.000,0.991
159500,0.009,0.000,0.991
160000,0.009,0.000,0.991
160500,0.009,0.000,0.991
161000,0.009,0.000,0.991
161500,0.009,0.000,0.991
162000,0.009,0.000,0.991
162500,0.009,0.000,0.991
163000,0.009,0.000,0.991
163500,0.009,0.000,0.991
164000,0.009,0.000,0.991
164500,0.009,0.000,0.991
165000,0.009,0.000,0.991
165500,0.009,0.000,0.991
166000,0.009,0.000,0.991
166500,0.009,0.000,0.991
167000,0.009,0.000,0.991
167500,0.009,0.000,0.991
168000,0.009,0.000,0.991
168500,0.009,0.000,0.991
169000,0.009,0.000,0.991
169500,0.009,0.000,0.991
170000,0.009,0.000,0.991
170500,0.009,0.000,0.991
171000,0.009,0.000,0.991
171500,0.009,0.000,0.991
172000,0.009,0.000,0.991
172500,0.009,0.000,0.991
173000,0.009,0.000,0.991
173500,0.009,0.000,0.991
174000,0.009,0.000,0.991
174500,0.009,0.000,0.991
175000,0.009,0.000,0.991
175500,0.009,0.000,0.991
176000,0.009,0.000,0.991
176500,0.009,0.000,0.991
177000,0.009,0.000,0.991
177500,0.009,0.000,0.991
178000,0.009,0.000,0.991
178500,0.009,0.000,0.991
179000,0.009,0.000,0.991
179500,0.009,0.000,0.991
180000,0.009,0.000,0.991
180500,0.009,0.000,0.991
181000,0.009,0.000,0.991
181500,0.009,0.000,0.991
182000,0.009,0.000,0.991
182500,0.009,0.000,0.991
183000,0.009,0.000,0.991
183500,0.009,0.000,0.991
184000,0.009,0.000,0.991
184500,0.009,0.000,0.991
185000,0.009,0.000,0.991
185500,0.009,0.000,0.991
186000,0.009,0.000,0.991
186500,0.009,0.000,0.991
187000,0.009,0.000,0.991
187500,0.009,0.000,0.991
188000,0.009,0.000,0.991
188500,0.009,0.000,0.991
189000,0.009,0.000,0.991
189500,0.009,0.000,0.991
190000,0.009,0.000,0.991
190500,0.009,0.000,0.991
191000,0.009,0.000,0.991
191500,0.009,0.000,0.991
192000,0.009,0.000,0.991
192500,0.009,0.000,0.991
193000,0.009,0.000,0.991
193500,0.009,0.000,0.991
194000,0.009,0.000,0.991
194500,0.009,0.000,0.991
195000,0.009,0.000,0.991
195500,0.009,0.000,0.991
196000,0.009,0.000,0.991
196500,0.009,0.000,0.991
197000,0.009,0.000,0.991
197500,0.009,0.000,0.991
198000,0.009,0.000,0.991
198500,0.009,0.000,0.991
199000,0.009,0.000,0.991
199500,0.009,0.000,0.991
200000,0.009,0.000,0.991
200500,0.009,0.000,0.991
201000,0.009,0.000,0.991
201500,0.009,0.000,0.991
202000,0.009,0.000,0.991
202500,0.009,0.000,0.991
203000,0.009,0.000,0.991
203500,0.009,0.000,0.991
204000,0.009,0.000,0.991
204500,0.009,0.000,0.991
205000,0.009,0.000,0.991
205500,0.009,0.000,0.991
206000,0.009,0.000,0.991
206500,0.009,0.000,0.991
207000,0.009,0.000,0.991
207500,0.009,0.000,0.991
208000,0.009,0.000,0.991
208500,0.009,0.000,0.991
209000,0.009,0.000,0.991
209500,0.009,0.000,0.991
210000,0.009,0.000,0.991
210500,0.009,0.000,0.991
211000,0.009,0.000,0.991
211500,0.009,0.000,0.991
212000,0.009,0.000,0.991
212500,0.009,0.000,0.991
213000,0.009,0.000,0.991
213500,0.009,0.000,0.991
214000,0.009,0.000,0.991
214500,0.009,0.000,0.991
215000,0.009,0.000,0.991
215500,0.009,0.000,0.991
216000,0.009,0.000,0.991
216500,0.009,0.000,0.991
217000,0.009,0.000,0.991
217500,0.009,0.000,0.991
218000,0.009,0.000,0.991
218500,0.009,0.000,0.991
219000,0.009,0.000,0.991
219500,0.009,0.000,0.991
220000,0.009,0.000,0.991
220500,0.009,0.000,0.991
221000,0.009,0.000,0.991
221500,0.009,0.000,0.991
222000,0.009,0.000,0.991
222500,0.009,0.000,0.991
223000,0.009,0.000,0.991
223500,0.009,0.000,0.991
224000,0.009,0.000,0.991
224500,0.009,0.000,0.991
225000,0.009,0.000,0.991
225500,0.009,0.000,0.991
226000,0.009,0.000,0.991
226500,0.009,0.000,0.991
227000,0.009,0.000,0.991
227500,0.009,0.000,0.991
228000,0.009,0.000,0.991
228500,0.009,0.000,0.991
229000,0.009,0.000,0.991
229500,0.009,0.000,0.991
230000,0.009,0.000,0.991
230500,0.009,0.000,0.991
231000,0.009,0.000,0.991
231500,0.009,0.000,0.991
232000,0.009,0.000,0.991
232500,0.009,0.000,0.991
233000,0.009,0.000,0.991
233500,0.009,0.000,0.991
234000,0.009,0.000,0.991
234500,0.009,0.000,0.991
235000,0.009,0.000,0.991
235500,0.009,0.000,0.991
236000,0.009,0.000,0.991
236500,0.009,0.000,0.991
237000,0.009,0.000,0.991
237500,0.009,0.000,0.991
238000,0.009,0.000,0.991
238500,0.009,0.000,0.991
239000,0.009,0.000,0.991
239500,0.009,0.000,0.991
240000,0.009,0.000,0.991
240500,0.009,0.000,0.991
241000,0.009,0.000,0.991
241500,0.009,0.000,0.991
242000,0.009,0.000,0.991
242500,0.009,0.000,0.991
243000,0.009,0.000,0.991
243500,0.009,0.000,0.991
244000,0.009,0.000,0.991
244500,0.009,0.000,0.991
245000,0.009,0.000,0.991
245500,0.009,0.000,0.991
246000,0.009,0.000,0.991
246500,0.009,0.000,0.991
247000,0.009,0.000,0.991
247500,0.009,0.000,0.991
248000,0.009,0.000,0.991
248500,0.009,0.000,0.991
249000,0.009,0.000,0.991
249500,0.009,0.000,0.991
250000,0.009,0.000,0.991
250500,0.009,0.000,0.991
251000,0.009,0.000,0.991
251500,0.009,0.000,0.991
252000,0.009,0.000,0.991
252500,0.009,0.000,0.991
253000,0.009,0.000,0.991
253500,0.009,0.000,0.991
254000,0.009,0.000,0.991
254500,0.009,0.000,0.991
255000,0.009,0.000,0.991
255500,0.009,0.000,0.991
256000,0.009,0.000,0.991
256500,0.009,0.000,0.991
257000,0.009,0.000,0.991
257500,0.009,0.000,0.991
258000,0.009,0.000,0.991
258500,0.009,0.000,0.991
259000,0.009,0.000,0.991
259500,0.009,0.000,0.991
260000,0.009,0.000,0.991
260500,0.009,0.000,0.991
261000,0.009,0.000,0.991
261500,0.009,0.000,0.991
262000,0.009,0.000,0.991
262500,0.009,0.000,0.991
263000,0.009,0.000,0.991
263500,0.009,0.000,0.991
264000,0.009,0.000,0.991
264500,0.009,0.000,0.991
265000,0.009,0.000,0.991
265500,0.009,0.000,0.991
266000,0.009,0.000,0.991
266500,0.009,0.000,0.991
267000,0.009,0.000,0.991
267500,0.009,0.000,0.991
268000,0.009,0.000,0.991
268500,0.009,0.000,0.991
269000,0.009,0.000,0.991
269500,0.009,0.000,0.991
270000,0.009,0.000,0.991
270500,0.009,0.000,0.991
271000,0.009,0.000,0.991
271500,0.009,0.000,0.991
272000,0.009,0.000,0.991
272500,0.009,0.000,0.991
273000,0.009,0.000,0.991
273500,0.009,0.000,0.991
274000,0.009,0.000,0.991
274500,0.009,0.000,0.991
275000,0.009,0.000,0.991
275500,0.009,0.000,0.991
276000,0.009,0.000,0.991
276500,0.009,0.000,0.991
277000,0.009,0.000,0.991
277500,0.009,0.000,0.991
278000,0.009,0.000,0.991
278500,0.009,0.000,0.991
279000,0.009,0.000,0.991
279500,0.009,0.000,0.991
280000,0.009,0.000,0.991
280500,0.009,0.000,0.991
281000,0.009,0.000,0.991
281500,0.009,0.000,0.991
282000,0.009,0.000,0.991
282500,0.009,0.000,0.991
283000,0.009,0.000,0.991
283500,0.009,0.000,0.991
284000,0.009,0.000,0.991
284500,0.009,0.000,0.991
285000,0.009,0.000,0.991
285500,0.009,0.000,0.991
286000,0.009,0.000,0.991
286500,0.009,0.000,0.991
287000,0.009,0.000,0.991
287500,0.009,0.000,0.991
288000,0.009,0.000,0.991
288500,0.009,0.000,0.991
289000,0.009,0.000,0.991
289500,0.009,0.000,0.991
290000,0.009,0.000,0.991
290500,0.009,0.000,0.991
291000,0.009,0.000,0.991
291500,0.009,0.000,0.991
292000,0.009,0.000,0.991
292500,0.009,0.000,0.991
293000,0.009,0.000,0.991
293500,0.009,0.000,0.991
294000,0.009,0.000,0.991
294500,0.009,0.000,0.991
295000,0.009,0.000,0.991
295500,0.009,0.000,0.991
296000,0.009,0.000,0.991
296500,0.009,0.000,0.991
297000,0.009,0.000,0.991
297500,0.009,0.000,0.991
298000,0.009,0.000,0.991
298500,0.009,0.000,0.991
299000,0.009,0.000,0.991
299500,0.009,0.000,0.991
300000,0.009,0.000,0.991
300500,0.009,0.000,0.991
301000,0.009,0.000,0.991
301500,0.009,0.000,0.991
302000,0.009,0.000,0.991
302500,0.009,0.000,0.991
303000,0.009,0.000,0.991
303500,0.009,0.000,0.991
304000,0.009,0.000,0.991
304500,0.009,0.000,0.991
305000,0.009,0.000,0.991
305500,0.009,0.000,0.991
306000,0.009,0.000,0.991
306500,0.009,0.000,0.991
307000,0.009,0.000,0.991
307500,0.009,0.000,0.991
308000,0.009,0.000,0.991
308500,0.009,0.000,0.991
309000,0.009,0.000,0.991
309500,0.009,0.000,0.991
310000,0.009,0.000,0.991
310500,0.009,0.000,0.991
311000,0.009,0.000,0.991
311500,0.009,0.000,0.991
312000,0.009,0.000,0.991
312500,0.009,0.000,0.991
313000,0.009,0.000,0.991
313500,0.009,0.000,0.991
314000,0.009,0.000,0.991
314500,0.009,0.000,0.991
315000,0.009,0.000,0.991
315500,0.009,0.000,0.991
316000,0.009,0.000,0.991
316500,0.009,0.000,0.991
317000,0.009,0.000,0.991
317500,0.009,0.000,0.991
318000,0.009,0.000,0.991
318500,0.009,0.000,0.991
319000,0.009,0.000,0.991
319500,0.009,0.000,0.991
320000,0.009,0.000,0.991
320500,0.009,0.000,0.991
321000,0.009,0.000,0.991
321500,0.009,0.000,0.991
322000,0.009,0.000,0.991
322500,0.009,0.000,0.991
323000,0.009,0.000,0.991
323500,0.009,0.000,0.991
324000,0.009,0.000,0.991
324500,0.009,0.000,0.991
325000,0.009,0.000,0.991
325500,0.009,0.000,0.991
326000,0.009,0.000,0.991
326500,0.009,0.000,0.991
327000,0.009,0.000,0.991
327500,0.009,0.000,0.991
328000,0.009,0.000,0.991
328500,0.009,0.000,0.991
329000,0.009,0.000,0.991
329500,0.009,0.000,0.991
330000,0.009,0.000,0.991
330500,0.009,0.000,0.991
331000,0.009,0.000,0.991
331500,0.009,0.000,0.991
332000,0.009,0.000,0.991
332500,0.009,0.000,0.991
333000,0.009,0.000,0.991
333500,0.009,0.000,0.991
334000,0.009,0.000,0.991
334500,0.009,0.000,0.991
335000,0.009,0.000,0.991
335500,0.009,0.000,0.991
336000,0.009,0.000,0.991
336500,0.009,0.000,0.991
337000,0.009,0.000,0.991
337500,0.009,0.000,0.991
338000,0.009,0.000,0.991
338500,0.009,0.000,0.991
339000,0.009,0.000,0.991
339500,0.009,0.000,0.991
340000,0.009,0.000,0.991
340500,0.009,0.000,0.991
341000,0.009,0.000,0.991
341500,0.009,0.000,0.991
342000,0.009,0.000,0.991
342500,0.009,0.000,0.991
343000,0.009,0.000,0.991
343500,0.009,0.000,0.991
344000,0.009,0.000,0.991
344500,0.009,0.000,0.991
345000,0.009,0.000,0.991
345500,0.009,0.000,0.991
346000,0.009,0.000,0.991
346500,0.009,0.000,0.991
347000,0.009,0.000,0.991
347500,0.009,0.000,0.991
348000,0.009,0.000,0.991
348500,0.009,0.000,0.991
349000,0.009,0.000,0.991
349500,0.009,0.000,0.991
350000,0.009,0.000,0.991
350500,0.009,0.000,0.991
351000,0.009,0.000,0.991
351500,0.009,0.000,0.991
352000,0.009,0.000,0.991
352500,0.009,0.000,0.991
353000,0.009,0.000,0.991
353500,0.009,0.000,0.991
354000,0.009,0.000,0.991
354500,0.009,0.000,0.991
355000,0.009,0.000,0.991
355500,0.009,0.000,0.991
356000,0.009,0.000,0.991
356500,0.009,0.000,0.991
357000,0.009,0.000,0.991
357500,0.009,0.000,0.991
358000,0.009,0.000,0.991
358500,0.009,0.000,0.991
359000,0.009,0.000,0.991
359500,0.009,0.000,0.991
360000,0.009,0.000,0.991
360500,0.009,0.000,0.991
361000,0.009,0.000,0.991
361500,0.009,0.000,0.991
362000,0.009,0.000,0.991
362500,0.009,0.000,0.991
363000,0.009,0.000,0.991
363500,0.009,0.000,0.991
364000,0.009,0.000,0.991
364500,0.009,0.000,0.991
365000,0.009,0.000,0.991
365500,0.009,0.000,0.991
366000,0.009,0.000,0.991
366500,0.009,0.000,0.991
367000,0.009,0.000,0.991
367500,0.009,0.000,0.991
368000,0.009,0.000,0.991
368500,0.009,0.000,0.991
369000,0.009,0.000,0.991
369500,0.009,0.000,0.991
370000,0.009,0.000,0.991
370500,0.009,0.000,0.991
371000,0.009,0.000,0.991
371500,0.009,0.000,0.991
372000,0.009,0.000,0.991
372500,0.009,0.000,0.991
373000,0.009,0.000,0.991
373500,0.009,0.000,0.991
374000,0.009,0.000,0.991
374500,0.009,0.000,0.991
375000,0.009,0.000,0.991
375500,0.009,0.000,0.991
376000,0.009,0.000,0.991
376500,0.009,0.000,0.991
377000,0.009,0.000,0.991
377500,0.009,0.000,0.991
378000,0.009,0.000,0.991
378500,0.009,0.000,0.991
379000,0.009,0.000,0.991
379500,0.009,0.000,0.991
380000,0.009,0.000,0.991
380500,0.009,0.000,0.991
381000,0.009,0.000,0.991
381500,0.009,0.000,0.991
382000,0.009,0.000,0.991
382500,0.009,0.000,0.991
383000,0.009,0.000,0.991
383500,0.009,0.000,0.991
384000,0.009,0.000,0.991
384500,0.009,0.000,0.991
385000,0.009,0.000,0.991
385500,0.009,0.000,0.991
386000,0.009,0.000,0.991
386500,0.009,0.000,0.991
387000,0.009,0.000,0.991
387500,0.009,0.000,0.991
388000,0.009,0.000,0.991
388500,0.009,0.000,0.991
389000,0.009,0.000,0.991
389500,0.009,0.000,0.991
390000,0.009,0.000,0.991
390500,0.009,0.000,0.991
391000,0.009,0.000,0.991
391500,0.009,0.000,0.991
392000,0.009,0.000,0.991
392500,0.009,0.000,0.991
393000,0.009,0.000,0.991
393500,0.009,0.000,0.991
394000,0.009,0.000,0.991
394500,0.009,0.000,0.991
395000,0.009,0.000,0.991
395500,0.009,0.000,0.991
396000,0.009,0.000,0.991
396500,0.009,0.000,0.991
397000,0.009,0.000,0.991
397500,0.009,0.000,0.991
398000,0.009,0.000,0.991
398500,0.009,0.000,0.991
399000,0.009,0.000,0.991
399500,0.009,0.000,0.991
400000,0.009,0.000,0.991
400500,0.009,0.000,0.991
401000,0.009,0.000,0.991
401500,0.009,0.000,0.991
402000,0.009,0.000,0.991
402500,0.009,0.000,0.991
403000,0.009,0.000,0.991
403500,0.009,0.000,0.991
404000,0.009,0.000,0.991
404500,0.009,0.000,0.991
405000,0.009,0.000,0.991
405500,0.009,0.000,0.991
406000,0.009,0.000,0.991
406500,0.009,0.000,0.991
407000,0.009,0.000,0.991
407500,0.009,0.000,0.991
408000,0.009,0.000,0.991
408500,0.009,0.000,0.991
409000,0.009,0.000,0.991
409500,0.009,0.000,0.991
410000,0.009,0.000,0.991
410500,0.009,0.000,0.991
411000,0.009,0.000,0.991
411500,0.009,0.000,0.991
412000,0.009,0.000,0.991
412500,0.009,0.000,0.991
413000,0.009,0.000,0.991
413500,0.009,0.000,0.991
414000,0.009,0.000,0.991
414500,0.009,0.000,0.991
415000,0.009,0.000,0.991
415500,0.009,0.000,0.991
416000,0.009,0.000,0.991
416500,0.009,0.000,0.991
417000,0.009,0.000,0.991
417500,0.009,0.000,0.991
418000,0.009,0.000,0.991
418500,0.009,0.000,0.991
419000,0.009,0.000,0.991
419500,0.009,0.000,0.991
420000,0.009,0.000,0.991
420500,0.009,0.000,0.991
421000,0.009,0.000,0.991
421500,0.009,0.000,0.991
422000,0.009,0.000,0.991
422500,0.009,0.000,0.991
423000,0.009,0.000,0.991
423500,0.009,0.000,0.991
424000,0.009,0.000,0.991
424500,0.009,0.000,0.991
425000,0.009,0.000,0.991
425500,0.009,0.000,0.991
426000,0.009,0.000,0.991
426500,0.009,0.000,0.991
427000,0.009,0.000,0.991
427500,0.009,0.000,0.991
428000,0.009,0.000,0.991
428500,0.009,0.000,0.991
429000,0.009,0.000,0.991
429500,0.009,0.000,0.991
430000,0.009,0.000,0.991
430500,0.009,0.000,0.991
431000,0.009,0.000,0.991
431500,0.009,0.000,0.991
432000,0.009,0.000,0.991
432500,0.009,0.000,0.991
433000,0.009,0.000,0.991
433500,0.009,0.000,0.991
434000,0.009,0.000,0.991
434500,0.009,0.000,0.991
435000,0.009,0.000,0.991
435500,0.009,0.000,0.991
436000,0.009,0.000,0.991
436500,0.009,0.000,0.991
437000,0.009,0.000,0.991
437500,0.009,0.000,0.991
438000,0.009,0.000,0.991
438500,0.009,0.000,0.991
439000,0.009,0.000,0.991
439500,0.009,0.000,0.991
440000,0.009,0.000,0.991
440500,0.009,0.000,0.991
441000,0.009,0.000,0.991
441500,0.009,0.000,0.991
442000,0.009,0.000,0.991
442500,0.009,0.000,0.991
443000,0.009,0.000,0.991
443500,0.009,0.000,0.991
444000,0.009,0.000,0.991
444500,0.009,0.000,0.991
445000,0.009,0.000,0.991
445500,0.009,0.000,0.991
446000,0.009,0.000,0.991
446500,0.009,0.000,0.991
447000,0.009,0.000,0.991
447500,0.009,0.000,0.991
448000,0.009,0.000,0.991
448500,0.009,0.000,0.991
449000,0.009,0.000,0.991
449500,0.009,0.000,0.991
450000,0.009,0.000,0.991
450500,0.009,0.000,0.991
451000,0.009,0.000,0.991
451500,0.009,0.000,0.991
452000,0.009,0.000,0.991
452500,0.009,0.000,0.991
453000,0.009,0.000,0.991
453500,0.009,0.000,0.991
454000,0.009,0.000,0.991
454500,0.009,0.000,0.991
455000,0.009,0.000,0.991
455500,0.009,0.000,0.991
456000,0.009,0.000,0.991
456500,0.009,0.000,0.991
457000,0.009,0.000,0.991
457500,0.009,0.000,0.991
458000,0.009,0.000,0.991
458500,0.009,0.000,0.991
459000,0.009,0.000,0.991
459500,0.009,0.000,0.991
460000,0.009,0.000,0.991
460500,0.009,0.000,0.991
461000,0.009,0.000,0.991
461500,0.009,0.000,0.991
462000,0.009,0.000,0.991
462500,0.009,0.000,0.991
463000,0.009,0.000,0.991
463500,0.009,0.000,0.991
464000,0.009,0.000,0.991
464500,0.009,0.000,0.991
465000,0.009,0.000,0.991
465500,0.009,0.000,0.991
466000,0.009,0.000,0.991
466500,0.009,0.000,0.991
467000,0.009,0.000,0.991
467500,0.009,0.000,0.991
468000,0.009,0.000,0.991
468500,0.009,0.000,0.991
469000,0.009,0.000,0.991
469500,0.009,0.000,0.991
470000,0.009,0.000,0.991
470500,0.009,0.000,0.991
471000,0.009,0.000,0.991
471500,0.009,0.000,0.991
472000,0.009,0.000,0.991
472500,0.009,0.000,0.991
473000,0.009,0.000,0.991
473500,0.009,0.000,0.991
474000,0.009,0.000,0.991
474500,0.009,0.000,0.991
475000,0.009,0.000,0.991
475500,0.009,0.000,0.991
476000,0.009,0.000,0.991
476500,0.009,0.000,0.991
477000,0.009,0.000,0.991
477500,0.009,0.000,0.991
478000,0.009,0.000,0.991
478500,0.009,0.000,0.991
479000,0.009,0.000,0.991
479500,0.009,0.000,0.991
480000,0.009,0.000,0.991
480500,0.009,0.000,0.991
481000,0.009,0.000,0.991
481500,0.009,0.000,0.991
482000,0.009,0.000,0.991
482500,0.009,0.000,0.991
483000,0.009,0.000,0.991
483500,0.009,0.000,0.991
484000,0.009,0.000,0.991
484500,0.009,0.000,0.991
485000,0.009,0.000,0.991
485500,0.009,0.000,0.991
486000,0.009,0.000,0.991
486500,0.009,0.000,0.991
487000,0.009,0.000,0.991
487500,0.009,0.000,0.991
488000,0.009,0.000,0.991
488500,0.009,0.000,0.991
489000,0.009,0.000,0.991
489500,0.009,0.000,0.991
490000,0.009,0.000,0.991
490500,0.009,0.000,0.991
491000,0.009,0.000,0.991
491500,0.009,0.000,0.991
492000,0.009,0.000,0.991
492500,0.009,0.000,0.991
493000,0.009,0.000,0.991
493500,0.009,0.000,0.991
494000,0.009,0.000,0.991
494500,0.009,0.000,0.991
495000,0.009,0.000,0.991
495500,0.009,0.000,0.991
496000,0.009,0.000,0.991
496500,0.009,0.000,0.991
497000,0.009,0.000,0.991
497500,0.009,0.000,0.991
498000,0.009,0.000,0.991
498500,0.009,0.000,0.991
499000,0.009,0.000,0.991
499500,0.009,0.000,0.991
500000,0.009,0.000,0.991
500500,0.009,0.000,0.991
501000,0.009,0.000,0.991
501500,0.009,0.000,0.991
502000,0.009,0.000,0.991
502500,0.009,0.000,0.991
503000,0.009,0.000,0.991
503500,0.009,0.000,0.991
504000,0.009,0.000,0.991
504500,0.009,0.000,0.991
505000,0.009,0.000,0.991
505500,0.009,0.000,0.991
506000,0.009,0.000,0.991
506500,0.009,0.000,0.991
507000,0.009,0.000,0.991
507500,0.009,0.000,0.991
508000,0.009,0.000,0.991
508500,0.009,0.000,0.991
509000,0.009,0.000,0.991
509500,0.009,0.000,0.991
510000,0.009,0.000,0.991
510500,0.009,0.000,0.991
511000,0.009,0.000,0.991
511500,0.009,0.000,0.991
512000,0.009,0.000,0.991
512500,0.009,0.000,0.991
513000,0.009,0.000,0.991
513500,0.009,0.000,0.991
514000,0.009,0.000,0.991
514500,0.009,0.000,0.991
515000,0.009,0.000,0.991
515500,0.009,0.000,0.991
516000,0.009,0.000,0.991
516500,0.009,0.000,0.991
517000,0.009,0.000,0.991
517500,0.009,0.000,0.991
518000,0.009,0.000,0.991
518500,0.009,0.000,0.991
519000,0.009,0.000,0.991
519500,0.009,0.000,0.991
520000,0.009,0.000,0.991
520500,0.009,0.000,0.991
521000,0.009,0.000,0.991
521500,0.009,0.000,0.991
522000,0.009,0.000,0.991
522500,0.009,0.000,0.991
523000,0.009,0.000,0.991
523500,0.009,0.000,0.991
524000,0.009,0.000,0.991
524500,0.009,0.000,0.991
525000,0.009,0.000,0.991
525500,0.009,0.000,0.991
526000,0.009,0.000,0.991
526500,0.009,0.000,0.991
527000,0.009,0.000,0.991
527500,0.009,0.000,0.991
528000,0.009,0.000,0.991
528500,0.009,0.000,0.991
529000,0.009,0.000,0.991
529500,0.009,0.000,0.991
530000,0.009,0.000,0.991
530500,0.009,0.000,0.991
531000,0.009,0.000,0.991
531500,0.009,0.000,0.991
532000,0.009,0.000,0.991
532500,0.009,0.000,0.991
533000,0.009,0.000,0.991
533500,0.009,0.000,0.991
534000,0.009,0.000,0.991
534500,0.009,0.000,0.991
535000,0.009,0.000,0.991
535500,0.009,0.000,0.991
536000,0.009,0.000,0.991
536500,0.009,0.000,0.991
537000,0.009,0.000,0.991
537500,0.009,0.000,0.991
538000,0.009,0.000,0.991
538500,0.009,0.000,0.991
539000,0.009,0.000,0.991
539500,0.009,0.000,0.991
540000,0.009,0.000,0.991
540500,0.009,0.000,0.991
541000,0.009,0.000,0.991
541500,0.009,0.000,0.991
542000,0.009,0.000,0.991
542500,0.009,0.000,0.991
543000,0.009,0.000,0.991
543500,0.009,0.000,0.991
544000,0.009,0.000,0.991
544500,0.009,0.000,0.991
545000,0.009,0.000,0.991
545500,0.009,0.000,0.991
546000,0.009,0.000,0.991
546500,0.009,0.000,0.991
547000,0.009,0.000,0.991
547500,0.009,0.000,0.991
548000,0.009,0.000,0.991
548500,0.009,0.000,0.991
549000,0.009,0.000,0.991
549500,0.009,0.000,0.991
550000,0.009,0.000,0.991
550500,0.009,0.000,0.991
551000,0.009,0.000,0.991
551500,0.009,0.000,0.991
552000,0.009,0.000,0.991
552500,0.009,0.000,0.991
553000,0.009,0.000,0.991
553500,0.009,0.000,0.991
554000,0.009,0.000,0.991
554500,0.009,0.000,0.991
555000,0.009,0.000,0.991
555500,0.009,0.000,0.991
556000,0.009,0.000,0.991
556500,0.009,0.000,0.991
557000,0.009,0.000,0.991
557500,0.009,0.000,0.991
558000,0.009,0.000,0.991
558500,0.009,0.000,0.991
559000,0.009,0.000,0.991
559500,0.009,0.000,0.991
560000,0.009,0.000,0.991
560500,0.009,0.000,0.991
561000,0.009,0.000,0.991
561500,0.009,0.000,0.991
562000,0.009,0.000,0.991
562500,0.009,0.000,0.991
563000,0.009,0.000,0.991
563500,0.009,0.000,0.991
564000,0.009,0.000,0.991
564500,0.009,0.000,0.991
565000,0.009,0.000,0.991
565500,0.009,0.000,0.991
566000,0.009,0.000,0.991
566500,0.009,0.000,0.991
567000,0.009,0.000,0.991
567500,0.009,0.000,0.991
568000,0.009,0.000,0.991
568500,0.009,0.000,0.991
569000,0.009,0.000,0.991
569500,0.009,0.000,0.991
570000,0.009,0.000,0.991
570500,0.009,0.000,0.991
571000,0.009,0.000,0.991
571500,0.009,0.000,0.991
572000,0.009,0.000,0.991
572500,0.009,0.000,0.991
573000,0.009,0.000,0.991
573500,0.009,0.000,0.991
574000,0.009,0.000,0.991
574500,0.009,0.000,0.991
575000,0.009,0.000,0.991
575500,0.009,0.000,0.991
576000,0.009,0.000,0.991
576500,0.009,0.000,0.991
577000,0.009,0.000,0.991
577500,0.009,0.000,0.991
578000,0.009,0.000,0.991
578500,0.009,0.000,0.991
579000,0.009,0.000,0.991
579500,0.009,0.000,0.991
580000,0.009,0.000,0.991
580500,0.009,0.000,0.991
581000,0.009,0.000,0.991
581500,0.009,0.000,0.991
582000,0.009,0.000,0.991
582500,0.009,0.000,0.991
583000,0.009,0.000,0.991
583500,0.009,0.000,0.991
584000,0.009,0.000,0.991
584500,0.009,0.000,0.991
585000,0.009,0.000,0.991
585500,0.009,0.000,0.991
586000,0.009,0.000,0.991
586500,0.009,0.000,0.991
587000,0.009,0.000,0.991
587500,0.009,0.000,0.991
588000,0.009,0.000,0.991
588500,0.009,0.000,0.991
589000,0.009,0.000,0.991
589500,0.009,0.000,0.991
590000,0.009,0.000,0.991
590500,0.009,0.000,0.991
591000,0.009,0.000,0.991
591500,0.009,0.000,0.991
592000,0.009,0.000,0.991
592500,0.009,0.000,0.991
593000,0.009,0.000,0.991
593500,0.009,0.000,0.991
594000,0.009,0.000,0.991
594500,0.009,0.000,0.991
595000,0.009,0.000,0.991
595500,0.009,0.000,0.991
596000,0.009,0.000,0.991
596500,0.009,0.000,0.991
597000,0.009,0.000,0.991
597500,0.009,0.000,0.991
598000,0.009,0.000,0.991
598500,0.009,0.000,0.991
599000,0.009,0.000,0.991
599500,0.009,0.000,0.991
600000,0.009,0.000,0.991
600500,0.009,0.000,0.991
601000,0.009,0.000,0.991
601500,0.009,0.000,0.991
602000,0.009,0.000,0.991
602500,0.009,0.000,0.991
603000,0.009,0.000,0.991
603500,0.009,0.000,0.991
604000,0.009,0.000,0.991
604500,0.009,0.000,0.991
605000,0.009,0.000,0.991
605500,0.009,0.000,0.991
606000,0.009,0.000,0.991
606500,0.009,0.000,0.991
607000,0.009,0.000,0.991
607500,0.009,0.000,0.991
608000,0.009,0.000,0.991
608500,0.009,0.000,0.991
609000,0.009,0.000,0.991
609500,0.009,0.000,0.991
610000,0.009,0.000,0.991
610500,0.009,0.000,0.991
611000,0.009,0.000,0.991
611500,0.009,0.000,0.991
612000,0.009,0.000,0.991
612500,0.009,0.000,0.991
613000,0.009,0.000,0.991
613500,0.009,0.000,0.991
614000,0.009,0.000,0.991
614500,0.009,0.000,0.991
615000,0.009,0.000,0.991
615500,0.009,0.000,0.991
616000,0.009,0.000,0.991
616500,0.009,0.000,0.991
617000,0.009,0.000,0.991
617500,0.009,0.000,0.991
618000,0.009,0.000,0.991
618500,0.009,0.000,0.991
619000,0.009,0.000,0.991
619500,0.009,0.000,0.991
620000,0.009,0.000,0.991
620500,0.009,0.000,0.991
621000,0.009,0.000,0.991
621500,0.009,0.000,0.991
622000,0.009,0.000,0.991
622500,0.009,0.000,0.991
623000,0.009,0.000,0.991
623500,0.009,0.000,0.991
624000,0.009,0.000,0.991
624500,0.009,0.000,0.991
625000,0.009,0.000,0.991
625500,0.009,0.000,0.991
626000,0.009,0.000,0.991
626500,0.009,0.000,0.991
627000,0.009,0.000,0.991
627500,0.009,0.000,0.991
628000,0.009,0.000,0.991
628500,0.009,0.000,0.991
629000,0.009,0.000,0.991
629500,0.009,0.000,0.991
630000,0.009,0.000,0.991
630500,0.009,0.000,0.991
631000,0.009,0.000,0.991
631500,0.009,0.000,0.991
632000,0.009,0.000,0.991
632500,0.009,0.000,0.991
633000,0.009,0.000,0.991
633500,0.009,0.000,0.991
634000,0.009,0.000,0.991
634500,0.009,0.000,0.991
635000,0.009,0.000,0.991
635500,0.009,0.000,0.991
636000,0.009,0.000,0.991
636500,0.009,0.000,0.991
637000,0.009,0.000,0.991
637500,0.009,0.000,0.991
638000,0.009,0.000,0.991
638500,0.009,0.000,0.991
639000,0.009,0.000,0.991
639500,0.009,0.000,0.991
640000,0.009,0.000,0.991
640500,0.009,0.000,0.991
641000,0.009,0.000,0.991
641500,0.009,0.000,0.991
642000,0.009,0.000,0.991
642500,0.009,0.000,0.991
643000,0.009,0.000,0.991
643500,0.009,0.000,0.991
644000,0.009,0.000,0.991
644500,0.009,0.000,0.991
645000,0.009,0.000,0.991
645500,0.009,0.000,0.991
646000,0.009,0.000,0.991
646500,0.009,0.000,0.991
647000,0.009,0.000,0.991
647500,0.009,0.000,0.991
648000,0.009,0.000,0.991
648500,0.009,0.000,0.991
649000,0.009,0.000,0.991
649500,0.009,0.000,0.991
650000,0.009,0.000,0.991
650500,0.009,0.000,0.991
651000,0.009,0.000,0.991
651500,0.009,0.000,0.991
652000,0.009,0.000,0.991
652500,0.009,0.000,0.991
653000,0.009,0.000,0.991
653500,0.009,0.000,0.991
654000,0.009,0.000,0.991
654500,0.009,0.000,0.991
655000,0.009,0.000,0.991
655500,0.009,0.000,0.991
656000,0.009,0.000,0.991
656500,0.009,0.000,0.991
657000,0.009,0.000,0.991
657500,0.009,0.000,0.991
658000,0.009,0.000,0.991
658500,0.009,0.000,0.991
659000,0.009,0.000,0.991
659500,0.009,0.000,0.991
660000,0.009,0.000,0.991
660500,0.009,0.000,0.991
661000,0.009,0.000,0.991
661500,0.009,0.000,0.991
662000,0.009,0.000,0.991
662500,0.009,0.000,0.991
663000,0.009,0.000,0.991
663500,0.009,0.000,0.991
664000,0.009,0.000,0.991
664500,0.009,0.000,0.991
665000,0.009,0.000,0.991
665500,0.009,0.000,0.991
666000,0.009,0.000,0.991
666500,0.009,0.000,0.991
667000,0.009,0.000,0.991
667500,0.009,0.000,0.991
668000,0.009,0.000,0.991
668500,0.009,0.000,0.991
669000,0.009,0.000,0.991
669500,0.009,0.000,0.991
670000,0.009,0.000,0.991
670500,0.009,0.000,0.991
671000,0.009,0.000,0.991
671500,0.009,0.000,0.991
672000,0.009,0.000,0.991
672500,0.009,0.000,0.991
673000,0.009,0.000,0.991
673500,0.009,0.000,0.991
674000,0.009,0.000,0.991
674500,0.009,0.000,0.991
675000,0.009,0.000,0.991
675500,0.009,0.000,0.991
676000,0.009,0.000,0.991
676500,0.009,0.000,0.991
677000,0.009,0.000,0.991
677500,0.009,0.000,0.991
678000,0.009,0.000,0.991
678500,0.009,0.000,0.991
679000,0.009,0.000,0.991
679500,0.009,0.000,0.991
680000,0.009,0.000,0.991
680500,0.009,0.000,0.991
681000,0.009,0.000,0.991
681500,0.009,0.000,0.991
682000,0.009,0.000,0.991
682500,0.009,0.000,0.991
683000,0.009,0.000,0.991
683500,0.009,0.000,0.991
684000,0.009,0.000,0.991
684500,0.009,0.000,0.991
685000,0.009,0.000,0.991
685500,0.009,0.000,0.991
686000,0.009,0.000,0.991
686500,0.009,0.000,0.991
687000,0.009,0.000,0.991
687500,0.009,0.000,0.991
688000,0.009,0.000,0.991
688500,0.009,0.000,0.991
689000,0.009,0.000,0.991
689500,0.009,0.000,0.991
690000,0.009,0.000,0.991
690500,0.009,0.000,0.991
691000,0.009,0.000,0.991
691500,0.009,0.000,0.991
692000,0.009,0.000,0.991
692500,0.009,0.000,0.991
693000,0.009,0.000,0.991
693500,0.009,0.000,0.991
694000,0.009,0.000,0.991
694500,0.009,0.000,0.991
695000,0.009,0.000,0.991
695500,0.009,0.000,0.991
696000,0.009,0.000,0.991
696500,0.009,0.000,0.991
697000,0.009,0.000,0.991
697500,0.009,0.000,0.991
698000,0.009,0.000,0.991
698500,0.009,0.000,0.991
699000,0.009,0.000,0.991
699500,0.009,0.000,0.991
700000,0.009,0.000,0.991
700500,0.009,0.000,0.991
701000,0.009,0.000,0.991
701500,0.009,0.000,0.991
702000,0.009,0.000,0.991
702500,0.009,0.000,0.991
703000,0.009,0.000,0.991
703500,0.009,0.000,0.991
704000,0.009,0.000,0.991
704500,0.009,0.000,0.991
705000,0.009,0.000,0.991
705500,0.009,0.000,0.991
706000,0.009,0.000,0.991
706500,0.009,0.000,0.991
707000,0.009,0.000,0.991
707500,0.009,0.000,0.991
708000,0.009,0.000,0.991
708500,0.009,0.000,0.991
709000,0.009,0.000,0.991
709500,0.009,0.000,0.991
710000,0.009,0.000,0.991
710500,0.009,0.000,0.991
711000,0.009,0.000,0.991
711500,0.009,0.000,0.991
712000,0.009,0.000,0.991
712500,0.009,0.000,0.991
713000,0.009,0.000,0.991
713500,0.009,0.000,0.991
714000,0.009,0.000,0.991
714500,0.009,0.000,0.991
715000,0.009,0.000,0.991
715500,0.009,0.000,0.991
716000,0.009,0.000,0.991
716500,0.009,0.000,0.991
717000,0.009,0.000,0.991
717500,0.009,0.000,0.991
718000,0.009,0.000,0.991
718500,0.009,0.000,0.991
719000,0.009,0.000,0.991
719500,0.009,0.000,0.991
720000,0.009,0.000,0.991
720500,0.009,0.000,0.991
721000,0.009,0.000,0.991
721500,0.009,0.000,0.991
722000,0.009,0.000,0.991
722500,0.009,0.000,0.991
723000,0.009,0.000,0.991
723500,0.009,0.000,0.991
724000,0.009,0.000,0.991
724500,0.009,0.000,0.991
725000,0.009,0.000,0.991
725500,0.009,0.000,0.991
726000,0.009,0.000,0.991
726500,0.009,0.000,0.991
727000,0.009,0.000,0.991
727500,0.009,0.000,0.991
728000,0.009,0.000,0.991
728500,0.009,0.000,0.991
729000,0.009,0.000,0.991
729500,0.009,0.000,0.991
730000,0.009,0.000,0.991
730500,0.009,0.000,0.991
731000,0.009,0.000,0.991
731500,0.009,0.000,0.991
732000,0.009,0.000,0.991
732500,0.009,0.000,0.991
733000,0.009,0.000,0.991
733500,0.009,0.000,0.991
734000,0.009,0.000,0.991
734500,0.009,0.000,0.991
735000,0.009,0.000,0.991
735500,0.009,0.000,0.991
736000,0.009,0.000,0.991
736500,0.009,0.000,0.991
737000,0.009,0.000,0.991
737500,0.009,0.000,0.991
738000,0.009,0.000,0.991
738500,0.009,0.000,0.991
739000,0.009,0.000,0.991
739500,0.009,0.000,0.991
740000,0.009,0.000,0.991
740500,0.009,0.000,0.991
741000,0.009,0.000,0.991
741500,0.009,0.000,0.991
742000,0.009,0.000,0.991
742500,0.009,0.000,0.991
743000,0.009,0.000,0.991
743500,0.009,0.000,0.991
744000,0.009,0.000,0.991
744500,0.009,0.000,0.991
745000,0.009,0.000,0.991
745500,0.009,0.000,0.991
746000,0.009,0.000,0.991
746500,0.009,0.000,0.991
747000,0.009,0.000,0.991
747500,0.009,0.000,0.991
748000,0.009,0.000,0.991
748500,0.009,0.000,0.991
749000,0.009,0.000,0.991
749500,0.009,0.000,0.991
750000,0.009,0.000,0.991
750500,0.009,0.000,0.991
751000,0.009,0.000,0.991
751500,0.009,0.000,0.991
752000,0.009,0.000,0.991
752500,0.009,0.000,0.991
753000,0.009,0.000,0.991
753500,0.009,0.000,0.991
754000,0.009,0.000,0.991
754500,0.009,0.000,0.991
755000,0.009,0.000,0.991
755500,0.009,0.000,0.991
756000,0.009,0.000,0.991
756500,0.009,0.000,0.991
757000,0.009,0.000,0.991
757500,0.009,0.000,0.991
758000,0.009,0.000,0.991
758500,0.009,0.000,0.991
759000,0.009,0.000,0.991
759500,0.009,0.000,0.991
760000,0.009,0.000,0.991
760500,0.009,0.000,0.991
761000,0.009,0.000,0.991
761500,0.009,0.000,0.991
762000,0.009,0.000,0.991
762500,0.009,0.000,0.991
763000,0.009,0.000,0.991
763500,0.009,0.000,0.991
764000,0.009,0.000,0.991
764500,0.009,0.000,0.991
765000,0.009,0.000,0.991
765500,0.009,0.000,0.991
766000,0.009,0.000,0.991
766500,0.009,0.000,0.991
767000,0.009,0.000,0.991
767500,0.009,0.000,0.991
768000,0.009,0.000,0.991
768500,0.009,0.000,0.991
769000,0.009,0.000,0.991
769500,0.009,0.000,0.991
770000,0.009,0.000,0.991
770500,0.009,0.000,0.991
771000,0.009,0.000,0.991
771500,0.009,0.000,0.991
772000,0.009,0.000,0.991
772500,0.009,0.000,0.991
773000,0.009,0.000,0.991
773500,0.009,0.000,0.991
774000,0.009,0.000,0.991
774500,0.009,0.000,0.991
775000,0.009,0.000,0.991
775500,0.009,0.000,0.991
776000,0.009,0.000,0.991
776500,0.009,0.000,0.991
777000,0.009,0.000,0.991
777500,0.009,0.000,0.991
778000,0.009,0.000,0.991
778500,0.009,0.000,0.991
779000,0.009,0.000,0.991
779500,0.009,0.000,0.991
780000,0.009,0.000,0.991
780500,0.009,0.000,0.991
781000,0.009,0.000,0.991
781500,0.009,0.000,0.991
782000,0.009,0.000,0.991
782500,0.009,0.000,0.991
783000,0.009,0.000,0.991
783500,0.009,0.000,0.991
784000,0.009,0.000,0.991
784500,0.009,0.000,0.991
785000,0.009,0.000,0.991
785500,0.009,0.000,0.991
786000,0.009,0.000,0.991
786500,0.009,0.000,0.991
787000,0.009,0.000,0.991
787500,0.009,0.000,0.991
788000,0.009,0.000,0.991
788500,0.009,0.000,0.991
789000,0.009,0.000,0.991
789500,0.009,0.000,0.991
790000,0.009,0.000,0.991
790500,0.009,0.000,0.991
791000,0.009,0.000,0.991
791500,0.009,0.000,0.991
792000,0.009,0.000,0.991
792500,0.009,0.000,0.991
793000,0.009,0.000,0.991
793500,0.009,0.000,0.991
794000,0.009,0.000,0.991
794500,0.009,0.000,0.991
795000,0.009,0.000,0.991
795500,0.009,0.000,0.991
796000,0.009,0.000,0.991
796500,0.009,0.000,0.991
797000,0.009,0.000,0.991
797500,0.009,0.000,0.991
798000,0.009,0.000,0.991
798500,0.009,0.000,0.991
799000,0.009,0.000,0.991
799500,0.009,0.000,0.991
800000,0.009,0.000,0.991
800500,0.009,0.000,0.991
801000,0.009,0.000,0.991
801500,0.009,0.000,0.991
802000,0.009,0.000,0.991
802500,0.009,0.000,0.991
803000,0.009,0.000,0.991
803500,0.009,0.000,0.991
804000,0.009,0.000,0.991
804500,0.009,0.000,0.991
805000,0.009,0.000,0.991
805500,0.009,0.000,0.991
806000,0.009,0.000,0.991
806500,0.009,0.000,0.991
807000,0.009,0.000,0.991
807500,0.009,0.000,0.991
808000,0.009,0.000,0.991
808500,0.009,0.000,0.991
809000,0.009,0.000,0.991
809500,0.009,0.000,0.991
810000,0.009,0.000,0.991
810500,0.009,0.000,0.991
811000,0.009,0.000,0.991
811500,0.009,0.000,0.991
812000,0.009,0.000,0.991
812500,0.009,0.000,0.991
813000,0.009,0.000,0.991
813500,0.009,0.000,0.991
814000,0.009,0.000,0.991
814500,0.009,0.000,0.991
815000,0.009,0.000,0.991
815500,0.009,0.000,0.991
816000,0.009,0.000,0.991
816500,0.009,0.000,0.991
817000,0.009,0.000,0.991
817500,0.009,0.000,0.991
818000,0.009,0.000,0.991
818500,0.009,0.000,0.991
819000,0.009,0.000,0.991
819500,0.009,0.000,0.991
820000,0.009,0.000,0.991
820500,0.009,0.000,0.991
821000,0.009,0.000,0.991
821500,0.009,0.000,0.991
822000,0.009,0.000,0.991
822500,0.009,0.000,0.991
823000,0.009,0.000,0.991
823500,0.009,0.000,0.991
824000,0.009,0.000,0.991
824500,0.009,0.000,0.991
825000,0.009,0.000,0.991
825500,0.009,0.000,0.991
826000,0.009,0.000,0.991
826500,0.009,0.000,0.991
827000,0.009,0.000,0.991
827500,0.009,0.000,0.991
828000,0.009,0.000,0.991
828500,0.009,0.000,0.991
829000,0.009,0.000,0.991
829500,0.009,0.000,0.991
830000,0.009,0.000,0.991
830500,0.009,0.000,0.991
831000,0.009,0.000,0.991
831500,0.009,0.000,0.991
832000,0.009,0.000,0.991
832500,0.009,0.000,0.991
833000,0.009,0.000,0.991
833500,0.009,0.000,0.991
834000,0.009,0.000,0.991
834500,0.009,0.000,0.991
835000,0.009,0.000,0.991
835500,0.009,0.000,0.991
836000,0.009,0.000,0.991
836500,0.009,0.000,0.991
837000,0.009,0.000,0.991
837500,0.009,0.000,0.991
838000,0.009,0.000,0.991
838500,0.009,0.000,0.991
839000,0.009,0.000,0.991
839500,0.009,0.000,0.991
840000,0.009,0.000,0.991
840500,0.009,0.000,0.991
841000,0.009,0.000,0.991
841500,0.009,0.000,0.991
842000,0.009,0.000,0.991
842500,0.009,0.000,0.991
843000,0.009,0.000,0.991
843500,0.009,0.000,0.991
844000,0.009,0.000,0.991
844500,0.009,0.000,0.991
845000,0.009,0.000,0.991
845500,0.009,0.000,0.991
846000,0.009,0.000,0.991
846500,0.009,0.000,0.991
847000,0.009,0.000,0.991
847500,0.009,0.000,0.991
848000,0.009,0.000,0.991
848500,0.009,0.000,0.991
849000,0.009,0.000,0.991
849500,0.009,0.000,0.991
850000,0.009,0.000,0.991
850500,0.009,0.000,0.991
851000,0.009,0.000,0.991
851500,0.009,0.000,0.991
852000,0.009,0.000,0.991
852500,0.009,0.000,0.991
853000,0.009,0.000,0.991
853500,0.009,0.000,0.991
854000,0.009,0.000,0.991
854500,0.009,0.000,0.991
855000,0.009,0.000,0.991
855500,0.009,0.000,0.991
856000,0.009,0.000,0.991
856500,0.009,0.000,0.991
857000,0.009,0.000,0.991
857500,0.009,0.000,0.991
858000,0.009,0.000,0.991
858500,0.009,0.000,0.991
859000,0.009,0.000,0.991
859500,0.009,0.000,0.991
860000,0.009,0.000,0.991
860500,0.009,0.000,0.991
861000,0.009,0.000,0.991
861500,0.009,0.000,0.991
862000,0.009,0.000,0.991
862500,0.009,0.000,0.991
863000,0.009,0.000,0.991
863500,0.009,0.000,0.991
864000,0.009,0.000,0.991
864500,0.009,0.000,0.991
865000,0.009,0.000,0.991
865500,0.009,0.000,0.991
866000,0.009,0.000,0.991
866500,0.009,0.000,0.991
867000,0.009,0.000,0.991
867500,0.009,0.000,0.991
868000,0.009,0.000,0.991
868500,0.009,0.000,0.991
869000,0.009,0.000,0.991
869500,0.009,0.000,0.991
870000,0.009,0.000,0.991
870500,0.009,0.000,0.991
871000,0.009,0.000,0.991
871500,0.009,0.000,0.991
872000,0.009,0.000,0.991
872500,0.009,0.000,0.991
873000,0.009,0.000,0.991
873500,0.009,0.000,0.991
874000,0.009,0.000,0.991
874500,0.009,0.000,0.991
875000,0.009,0.000,0.991
875500,0.009,0.000,0.991
876000,0.009,0.000,0.991
876500,0.009,0.000,0.991
877000,0.009,0.000,0.991
877500,0.009,0.000,0.991
878000,0.009,0.000,0.991
878500,0.009,0.000,0.991
879000,0.009,0.000,0.991
879500,0.009,0.000,0.991
880000,0.009,0.000,0.991
880500,0.009,0.000,0.991
881000,0.009,0.000,0.991
881500,0.009,0.000,0.991
882000,0.009,0.000,0.991
882500,0.009,0.000,0.991
883000,0.009,0.000,0.991
883500,0.009,0.000,0.991
884000,0.009,0.000,0.991
884500,0.009,0.000,0.991
885000,0.009,0.000,0.991
885500,0.009,0.000,0.991
886000,0.009,0.000,0.991
886500,0.009,0.000,0.991
887000,0.009,0.000,0.991
887500,0.009,0.000,0.991
888000,0.009,0.000,0.991
888500,0.009,0.000,0.991
889000,0.009,0.000,0.991
889500,0.009,0.000,0.991
890000,0.009,0.000,0.991
890500,0.009,0.000,0.991
891000,0.009,0.000,0.991
891500,0.009,0.000,0.991
892000,0.009,0.000,0.991
892500,0.009,0.000,0.991
893000,0.009,0.000,0.991
893500,0.009,0.000,0.991
894000,0.009,0.000,0.991
894500,0.009,0.000,0.991
895000,0.009,0.000,0.991
895500,0.009,0.000,0.991
896000,0.009,0.000,0.991
896500,0.009,0.000,0.991
897000,0.009,0.000,0.991
897500,0.009,0.000,0.991
898000,0.009,0.000,0.991
898500,0.009,0.000,0.991
899000,0.009,0.000,0.991
899500,0.009,0.000,0.991
900000,0.009,0.000,0.991
900500,0.009,0.000,0.991
901000,0.009,0.000,0.991
901500,0.009,0.000,0.991
902000,0.009,0.000,0.991
902500,0.009,0.000,0.991
903000,0.009,0.000,0.991
903500,0.009,0.000,0.991
904000,0.009,0.000,0.991
904500,0.009,0.000,0.991
905000,0.009,0.000,0.991
905500,0.009,0.000,0.991
906000,0.009,0.000,0.991
906500,0.009,0.000,0.991
907000,0.009,0.000,0.991
907500,0.009,0.000,0.991
908000,0.009,0.000,0.991
908500,0.009,0.000,0.991
909000,0.009,0.000,0.991
909500,0.009,0.000,0.991
910000,0.009,0.000,0.991
910500,0.009,0.000,0.991
911000,0.009,0.000,0.991
911500,0.009,0.000,0.991
912000,0.009,0.000,0.991
912500,0.009,0.000,0.991
913000,0.009,0.000,0.991
913500,0.009,0.000,0.991
914000,0.009,0.000,0.991
914500,0.009,0.000,0.991
915000,0.009,0.000,0.991
915500,0.009,0.000,0.991
916000,0.009,0.000,0.991
916500,0.009,0.000,0.991
917000,0.009,0.000,0.991
917500,0.009,0.000,0.991
918000,0.009,0.000,0.991
918500,0.009,0.000,0.991
919000,0.009,0.000,0.991
919500,0.009,0.000,0.991
920000,0.009,0.000,0.991
920500,0.009,0.000,0.991
921000,0.009,0.000,0.991
921500,0.009,0.000,0.991
922000,0.009,0.000,0.991
922500,0.009,0.000,0.991
923000,0.009,0.000,0.991
923500,0.009,0.000,0.991
924000,0.009,0.000,0.991
924500,0.009,0.000,0.991
925000,0.009,0.000,0.991
925500,0.009,0.000,0.991
926000,0.009,0.000,0.991
926500,0.009,0.000,0.991
927000,0.009,0.000,0.991
927500,0.009,0.000,0.991
928000,0.009,0.000,0.991
928500,0.009,0.000,0.991
929000,0.009,0.000,0.991
929500,0.009,0.000,0.991
930000,0.009,0.000,0.991
930500,0.009,0.000,0.991
931000,0.009,0.000,0.991
931500,0.009,0.000,0.991
932000,0.009,0.000,0.991
932500,0.009,0.000,0.991
933000,0.009,0.000,0.991
933500,0.009,0.000,0.991
934000,0.009,0.000,0.991
934500,0.009,0.000,0.991
935000,0.009,0.000,0.991
935500,0.009,0.000,0.991
936000,0.009,0.000,0.991
936500,0.009,0.000,0.991
937000,0.009,0.000,0.991
937500,0.009,0.000,0.991
938000,0.009,0.000,0.991
938500,0.009,0.000,0.991
939000,0.009,0.000,0.991
939500,0.009,0.000,0.991
940000,0.009,0.000,0.991
940500,0.009,0.000,0.991
941000,0.009,0.000,0.991
941500,0.009,0.000,0.991
942000,0.009,0.000,0.991
942500,0.009,0.000,0.991
943000,0.009,0.000,0.991
943500,0.009,0.000,0.991
944000,0.009,0.000,0.991
944500,0.009,0.000,0.991
945000,0.009,0.000,0.991
945500,0.009,0.000,0.991
946000,0.009,0.000,0.991
946500,0.009,0.000,0.991
947000,0.009,0.000,0.991
947500,0.009,0.000,0.991
948000,0.009,0.000,0.991
948500,0.009,0.000,0.991
949000,0.009,0.000,0.991
949500,0.009,0.000,0.991
950000,0.009,0.000,0.991
950500,0.009,0.000,0.991
951000,0.009,0.000,0.991
951500,0.009,0.000,0.991
952000,0.009,0.000,0.991
952500,0.009,0.000,0.991
953000,0.009,0.000,0.991
953500,0.009,0.000,0.991
954000,0.009,0.000,0.991
954500,0.009,0.000,0.991
955000,0.009,0.000,0.991
955500,0.009,0.000,0.991
956000,0.009,0.000,0.991
956500,0.009,0.000,0.991
957000,0.009,0.000,0.991
957500,0.009,0.000,0.991
958000,0.009,0.000,0.991
958500,0.009,0.000,0.991
959000,0.009,0.000,0.991
959500,0.009,0.000,0.991
960000,0.009,0.000,0.991
960500,0.009,0.000,0.991
961000,0.009,0.000,0.991
961500,0.009,0.000,0.991
962000,0.009,0.000,0.991
962500,0.009,0.000,0.991
963000,0.009,0.000,0.991
963500,0.009,0.000,0.991
964000,0.009,0.000,0.991
964500,0.009,0.000,0.991
965000,0.009,0.000,0.991
965500,0.009,0.000,0.991
966000,0.009,0.000,0.991
966500,0.009,0.000,0.991
967000,0.009,0.000,0.991
967500,0.009,0.000,0.991
968000,0.009,0.000,0.991
968500,0.009,0.000,0.991
969000,0.009,0.000,0.991
969500,0.009,0.000,0.991
970000,0.009,0.000,0.991
970500,0.009,0.000,0.991
971000,0.009,0.000,0.991
971500,0.009,0.000,0.991
972000,0.009,0.000,0.991
972500,0.009,0.000,0.991
973000,0.009,0.000,0.991
973500,0.009,0.000,0.991
974000,0.009,0.000,0.991
974500,0.009,0.000,0.991
975000,0.009,0.000,0.991
975500,0.009,0.000,0.991
976000,0.009,0.000,0.991
976500,0.009,0.000,0.991
977000,0.009,0.000,0.991
977500,0.009,0.000,0.991
978000,0.009,0.000,0.991
978500,0.009,0.000,0.991
979000,0.009,0.000,0.991
979500,0.009,0.000,0.991
980000,0.009,0.000,0.991
980500,0.009,0.000,0.991
981000,0.009,0.000,0.991
981500,0.009,0.000,0.991
982000,0.009,0.000,0.991
982500,0.009,0.000,0.991
983000,0.009,0.000,0.991
983500,0.009,0.000,0.991
984000,0.009,0.000,0.991
984500,0.009,0.000,0.991
985000,0.009,0.000,0.991
985500,0.009,0.000,0.991
986000,0.009,0.000,0.991
986500,0.009,0.000,0.991
987000,0.009,0.000,0.991
987500,0.009,0.000,0.991
988000,0.009,0.000,0.991
988500,0.009,0.000,0.991
989000,0.009,0.000,0.991
989500,0.009,0.000,0.991
990000,0.009,0.000,0.991
990500,0.009,0.000,0.991
991000,0.009,0.000,0.991
991500,0.009,0.000,0.991
992000,0.009,0.000,0.991
992500,0.009,0.000,0.991
993000,0.009,0.000,0.991
993500,0.009,0.000,0.991
994000,0.009,0.000,0.991
994500,0.009,0.000,0.991
995000,0.009,0.000,0.991
995500,0.009,0.000,0.991
996000,0.009,0.000,0.991
996500,0.009,0.000,0.991
997000,0.009,0.000,0.991
997500,0.009,0.000,0.991
998000,0.009,0.000,0.991
998500,0.009,0.000,0.991
999000,0.009,0.000,0.991
999500,0.009,0.000,0.991
1000000,0.009,0.000,0.991
