time,n_A+p,n_B,n_AB
500,0.030,0.386,0.584
1000,0.032,0.154,0.814
1500,0.095,0.042,0.863
2000,0.260,0.003,0.737
2500,0.393,0.000,0.607
3000,0.328,0.000,0.672
3500,0.296,0.000,0.704
4000,0.358,0.000,0.642
4500,0.213,0.000,0.787
5000,0.259,0.000,0.741
5500,0.368,0.000,0.632
6000,0.405,0.000,0.595
6500,0.259,0.000,0.741
7000,0.356,0.000,0.644
7500,0.277,0.000,0.723
8000,0.409,0.000,0.591
8500,0.411,0.000,0.589
9000,0.399,0.000,0.601
9500,0.377,0.000,0.623
10000,0.346,0.000,0.654
10500,0.370,0.000,0.630
11000,0.312,0.000,0.688
11500,0.321,0.000,0.679
12000,0.362,0.000,0.638
12500,0.407,0.000,0.593
13000,0.339,0.000,0.661
13500,0.392,0.000,0.608
14000,0.254,0.000,0.746
14500,0.365,0.000,0.635
15000,0.270,0.000,0.730
15500,0.317,0.000,0.683
16000,0.261,0.000,0.739
16500,0.339,0.000,0.661
17000,0.389,0.000,0.611
17500,0.306,0.000,0.694
18000,0.396,0.000,0.604
18500,0.444,0.000,0.556
19000,0.317,0.000,0.683
19500,0.234,0.000,0.766
20000,0.326,0.000,0.674
20500,0.386,0.000,0.614
21000,0.238,0.000,0.762
21500,0.366,0.000,0.634
22000,0.388,0.000,0.612
22500,0.314,0.000,0.686
23000,0.217,0.000,0.783
23500,0.313,0.000,0.687
24000,0.375,0.000,0.625
24500,0.347,0.000,0.653
25000,0.282,0.000,0.718
25500,0.274,0.000,0.726
26000,0.448,0.000,0.552
26500,0.312,0.000,0.688
27000,0.338,0.000,0.662
27500,0.336,0.000,0.664
28000,0.322,0.000,0.678
28500,0.314,0.000,0.686
29000,0.360,0.000,0.640
29500,0.504,0.000,0.496
30000,0.354,0.000,0.646
30500,0.265,0.000,0.735
31000,0.268,0.000,0.732
31500,0.465,0.000,0.535
32000,0.280,0.000,0.720
32500,0.385,0.000,0.615
33000,0.364,0.000,0.636
33500,0.350,0.000,0.650
34000,0.253,0.000,0.747
34500,0.275,0.000,0.725
35000,0.476,0.000,0.524
35500,0.578,0.000,0.422
36000,0.315,0.000,0.685
36500,0.335,0.000,0.665
37000,0.371,0.000,0.629
37500,0.285,0.000,0.715
38000,0.343,0.000,0.657
38500,0.309,0.000,0.691
39000,0.388,0.000,0.612
39500,0.282,0.000,0.718
40000,0.212,0.000,0.788
40500,0.332,0.000,0.668
41000,0.374,0.000,0.626
41500,0.331,0.000,0.669
42000,0.303,0.000,0.697
42500,0.346,0.000,0.654
43000,0.287,0.000,0.713
43500,0.328,0.000,0.672
44000,0.336,0.000,0.664
44500,0.385,0.000,0.615
45000,0.425,0.000,0.575
45500,0.371,0.000,0.629
46000,0.321,0.000,0.679
46500,0.396,0.000,0.604
47000,0.435,0.000,0.565
47500,0.327,0.000,0.673
48000,0.474,0.000,0.526
48500,0.379,0.000,0.621
49000,0.296,0.000,0.704
49500,0.343,0.000,0.657
50000,0.351,0.000,0.649
50500,0.254,0.000,0.746
51000,0.400,0.000,0.600
51500,0.380,0.000,0.620
52000,0.401,0.000,0.599
52500,0.340,0.000,0.660
53000,0.408,0.000,0.592
53500,0.484,0.000,0.516
54000,0.278,0.000,0.722
54500,0.317,0.000,0.683
55000,0.354,0.000,0.646
55500,0.265,0.000,0.735
56000,0.237,0.000,0.763
56500,0.383,0.000,0.617
57000,0.434,0.000,0.566
57500,0.437,0.000,0.563
58000,0.277,0.000,0.723
58500,0.354,0.000,0.646
59000,0.292,0.000,0.708
59500,0.401,0.000,0.599
60000,0.301,0.000,0.699
60500,0.300,0.000,0.700
61000,0.291,0.000,0.709
61500,0.511,0.000,0.489
62000,0.266,0.000,0.734
62500,0.305,0.000,0.695
63000,0.424,0.000,0.576
63500,0.340,0.000,0.660
64000,0.358,0.000,0.642
64500,0.353,0.000,0.647
65000,0.291,0.000,0.709
65500,0.348,0.000,0.652
66000,0.325,0.000,0.675
66500,0.343,0.000,0.657
67000,0.313,0.000,0.687
67500,0.270,0.000,0.730
68000,0.348,0.000,0.652
68500,0.316,0.000,0.684
69000,0.317,0.000,0.683
69500,0.351,0.000,0.649
70000,0.423,0.000,0.577
70500,0.310,0.000,0.690
71000,0.297,0.000,0.703
71500,0.301,0.000,0.699
72000,0.359,0.000,0.641
72500,0.300,0.000,0.700
73000,0.310,0.000,0.690
73500,0.509,0.000,0.491
74000,0.305,0.000,0.695
74500,0.248,0.000,0.752
75000,0.210,0.000,0.790
75500,0.302,0.000,0.698
76000,0.372,0.000,0.628
76500,0.210,0.000,0.790
77000,0.365,0.000,0.635
77500,0.348,0.000,0.652
78000,0.334,0.000,0.666
78500,0.376,0.000,0.624
79000,0.334,0.000,0.666
79500,0.272,0.000,0.728
80000,0.383,0.000,0.617
80500,0.231,0.000,0.769
81000,0.285,0.000,0.715
81500,0.283,0.000,0.717
82000,0.330,0.000,0.670
82500,0.454,0.000,0.546
83000,0.289,0.000,0.711
83500,0.316,0.000,0.684
84000,0.317,0.000,0.683
84500,0.229,0.012,0.759
85000,0.273,0.000,0.727
85500,0.371,0.000,0.629
86000,0.514,0.000,0.486
86500,0.329,0.000,0.671
87000,0.318,0.000,0.682
87500,0.293,0.000,0.707
88000,0.306,0.000,0.694
88500,0.244,0.000,0.756
89000,0.359,0.000,0.641
89500,0.409,0.000,0.591
90000,0.359,0.000,0.641
90500,0.426,0.000,0.574
91000,0.334,0.000,0.666
91500,0.390,0.000,0.610
92000,0.342,0.000,0.658
92500,0.276,0.000,0.724
93000,0.287,0.000,0.713
93500,0.256,0.014,0.730
94000,0.310,0.000,0.690
94500,0.272,0.000,0.728
95000,0.279,0.000,0.721
95500,0.301,0.000,0.699
96000,0.411,0.000,0.589
96500,0.280,0.000,0.720
97000,0.332,0.000,0.668
97500,0.449,0.000,0.551
98000,0.446,0.000,0.554
98500,0.228,0.000,0.772
99000,0.279,0.000,0.721
99500,0.381,0.000,0.619
100000,0.360,0.000,0.640
100500,0.355,0.000,0.645
101000,0.197,0.000,0.803
101500,0.449,0.000,0.551
102000,0.245,0.000,0.755
102500,0.368,0.000,0.632
103000,0.337,0.000,0.663
103500,0.378,0.000,0.622
104000,0.389,0.000,0.611
104500,0.373,0.000,0.627
105000,0.324,0.000,0.676
105500,0.374,0.000,0.626
106000,0.232,0.000,0.768
106500,0.284,0.000,0.716
107000,0.280,0.000,0.720
107500,0.416,0.000,0.584
108000,0.278,0.000,0.722
108500,0.335,0.000,0.665
109000,0.316,0.000,0.684
109500,0.236,0.000,0.764
110000,0.299,0.000,0.701
110500,0.346,0.000,0.654
111000,0.364,0.000,0.636
111500,0.330,0.000,0.670
112000,0.372,0.000,0.628
112500,0.425,0.000,0.575
113000,0.294,0.000,0.706
113500,0.320,0.000,0.680
114000,0.249,0.000,0.751
114500,0.239,0.000,0.761
115000,0.430,0.000,0.570
115500,0.341,0.000,0.659
116000,0.406,0.000,0.594
116500,0.273,0.000,0.727
117000,0.297,0.000,0.703
117500,0.371,0.000,0.629
118000,0.474,0.000,0.526
118500,0.301,0.000,0.699
119000,0.372,0.000,0.628
119500,0.482,0.000,0.518
120000,0.394,0.000,0.606
120500,0.308,0.000,0.692
121000,0.359,0.000,0.641
121500,0.290,0.000,0.710
122000,0.275,0.000,0.725
122500,0.384,0.000,0.616
123000,0.398,0.000,0.602
123500,0.318,0.000,0.682
124000,0.279,0.000,0.721
124500,0.326,0.000,0.674
125000,0.351,0.000,0.649
125500,0.376,0.000,0.624
126000,0.327,0.000,0.673
126500,0.310,0.000,0.690
127000,0.238,0.000,0.762
127500,0.289,0.000,0.711
128000,0.301,0.000,0.699
128500,0.400,0.000,0.600
129000,0.430,0.000,0.570
129500,0.439,0.000,0.561
130000,0.425,0.000,0.575
130500,0.408,0.000,0.592
131000,0.399,0.000,0.601
131500,0.403,0.000,0.597
132000,0.396,0.000,0.604
132500,0.302,0.000,0.698
133000,0.333,0.000,0.667
133500,0.234,0.000,0.766
134000,0.341,0.000,0.659
134500,0.400,0.000,0.600
135000,0.339,0.000,0.661
135500,0.368,0.000,0.632
136000,0.279,0.000,0.721
136500,0.363,0.000,0.637
137000,0.458,0.000,0.542
137500,0.436,0.000,0.564
138000,0.339,0.000,0.661
138500,0.400,0.000,0.600
139000,0.333,0.000,0.667
139500,0.390,0.000,0.610
140000,0.272,0.000,0.728
140500,0.301,0.000,0.699
141000,0.295,0.000,0.705
141500,0.303,0.000,0.697
142000,0.375,0.000,0.625
142500,0.298,0.000,0.702
143000,0.333,0.000,0.667
143500,0.239,0.000,0.761
144000,0.252,0.000,0.748
144500,0.275,0.014,0.711
145000,0.320,0.000,0.680
145500,0.421,0.000,0.579
146000,0.370,0.000,0.630
146500,0.344,0.000,0.656
147000,0.298,0.000,0.702
147500,0.229,0.000,0.771
148000,0.366,0.000,0.634
148500,0.464,0.000,0.536
149000,0.376,0.000,0.624
149500,0.266,0.009,0.725
150000,0.319,0.000,0.681
150500,0.384,0.000,0.616
151000,0.343,0.000,0.657
151500,0.307,0.000,0.693
152000,0.366,0.000,0.634
152500,0.395,0.000,0.605
153000,0.442,0.000,0.558
153500,0.320,0.000,0.680
154000,0.378,0.000,0.622
154500,0.366,0.000,0.634
155000,0.465,0.000,0.535
155500,0.331,0.000,0.669
156000,0.242,0.000,0.758
156500,0.429,0.000,0.571
157000,0.379,0.000,0.621
157500,0.357,0.000,0.643
158000,0.335,0.000,0.665
158500,0.302,0.000,0.698
159000,0.304,0.000,0.696
159500,0.375,0.000,0.625
160000,0.386,0.000,0.614
160500,0.505,0.000,0.495
161000,0.347,0.000,0.653
161500,0.423,0.000,0.577
162000,0.252,0.000,0.748
162500,0.353,0.000,0.647
163000,0.374,0.000,0.626
163500,0.329,0.000,0.671
164000,0.366,0.000,0.634
164500,0.322,0.000,0.678
165000,0.343,0.000,0.657
165500,0.354,0.000,0.646
166000,0.351,0.000,0.649
166500,0.367,0.000,0.633
167000,0.464,0.000,0.536
167500,0.447,0.000,0.553
168000,0.400,0.000,0.600
168500,0.308,0.000,0.692
169000,0.385,0.000,0.615
169500,0.176,0.000,0.824
170000,0.400,0.002,0.598
170500,0.346,0.000,0.654
171000,0.342,0.000,0.658
171500,0.251,0.000,0.749
172000,0.331,0.000,0.669
172500,0.332,0.000,0.668
173000,0.374,0.000,0.626
173500,0.378,0.000,0.622
174000,0.295,0.000,0.705
174500,0.358,0.000,0.642
175000,0.279,0.000,0.721
175500,0.289,0.000,0.711
176000,0.189,0.000,0.811
176500,0.285,0.000,0.715
177000,0.444,0.000,0.556
177500,0.323,0.000,0.677
178000,0.321,0.000,0.679
178500,0.285,0.000,0.715
179000,0.327,0.000,0.673
179500,0.397,0.000,0.603
180000,0.474,0.000,0.526
180500,0.203,0.000,0.797
181000,0.339,0.000,0.661
181500,0.331,0.000,0.669
182000,0.509,0.000,0.491
182500,0.381,0.000,0.619
183000,0.361,0.000,0.639
183500,0.300,0.000,0.700
184000,0.319,0.000,0.681
184500,0.265,0.000,0.735
185000,0.309,0.000,0.691
185500,0.320,0.000,0.680
186000,0.462,0.000,0.538
186500,0.288,0.000,0.712
187000,0.273,0.000,0.727
187500,0.359,0.000,0.641
188000,0.359,0.000,0.641
188500,0.419,0.000,0.581
189000,0.271,0.000,0.729
189500,0.263,0.000,0.737
190000,0.273,0.000,0.727
190500,0.446,0.000,0.554
191000,0.488,0.000,0.512
191500,0.494,0.000,0.506
192000,0.318,0.000,0.682
192500,0.294,0.000,0.706
193000,0.343,0.000,0.657
193500,0.318,0.000,0.682
194000,0.400,0.000,0.600
194500,0.346,0.000,0.654
195000,0.420,0.000,0.580
195500,0.297,0.000,0.703
196000,0.351,0.000,0.649
196500,0.365,0.000,0.635
197000,0.370,0.000,0.630
197500,0.300,0.000,0.700
198000,0.254,0.000,0.746
198500,0.321,0.000,0.679
199000,0.186,0.000,0.814
199500,0.239,0.000,0.761
200000,0.433,0.000,0.567
200500,0.350,0.000,0.650
201000,0.487,0.000,0.513
201500,0.344,0.000,0.656
202000,0.386,0.000,0.614
202500,0.263,0.000,0.737
203000,0.366,0.000,0.634
203500,0.436,0.000,0.564
204000,0.222,0.000,0.778
204500,0.258,0.000,0.742
205000,0.352,0.000,0.648
205500,0.319,0.000,0.681
206000,0.311,0.000,0.689
206500,0.287,0.000,0.713
207000,0.449,0.000,0.551
207500,0.312,0.000,0.688
208000,0.317,0.000,0.683
208500,0.330,0.000,0.670
209000,0.306,0.000,0.694
209500,0.253,0.000,0.747
210000,0.313,0.000,0.687
210500,0.399,0.000,0.601
211000,0.333,0.000,0.667
211500,0.309,0.000,0.691
212000,0.268,0.000,0.732
212500,0.311,0.000,0.689
213000,0.294,0.000,0.706
213500,0.296,0.000,0.704
214000,0.349,0.000,0.651
214500,0.488,0.000,0.512
215000,0.307,0.000,0.693
215500,0.266,0.000,0.734
216000,0.205,0.000,0.795
216500,0.213,0.000,0.787
217000,0.306,0.000,0.694
217500,0.374,0.000,0.626
218000,0.359,0.000,0.641
218500,0.317,0.000,0.683
219000,0.336,0.000,0.664
219500,0.453,0.000,0.547
220000,0.515,0.000,0.485
220500,0.397,0.000,0.603
221000,0.463,0.000,0.537
221500,0.331,0.000,0.669
222000,0.265,0.000,0.735
222500,0.439,0.000,0.561
223000,0.381,0.000,0.619
223500,0.407,0.000,0.593
224000,0.452,0.000,0.548
224500,0.384,0.000,0.616
225000,0.299,0.000,0.701
225500,0.412,0.000,0.588
226000,0.303,0.000,0.697
226500,0.358,0.000,0.642
227000,0.359,0.000,0.641
227500,0.341,0.000,0.659
228000,0.427,0.000,0.573
228500,0.323,0.000,0.677
229000,0.359,0.000,0.641
229500,0.256,0.000,0.744
230000,0.232,0.000,0.768
230500,0.299,0.000,0.701
231000,0.267,0.000,0.733
231500,0.438,0.000,0.562
232000,0.394,0.000,0.606
232500,0.348,0.000,0.652
233000,0.282,0.000,0.718
233500,0.316,0.000,0.684
234000,0.295,0.000,0.705
234500,0.358,0.000,0.642
235000,0.414,0.000,0.586
235500,0.398,0.000,0.602
236000,0.388,0.000,0.612
236500,0.451,0.000,0.549
237000,0.316,0.000,0.684
237500,0.394,0.000,0.606
238000,0.436,0.000,0.564
238500,0.328,0.000,0.672
239000,0.138,0.013,0.849
239500,0.388,0.000,0.612
240000,0.354,0.000,0.646
240500,0.385,0.000,0.615
241000,0.363,0.000,0.637
241500,0.496,0.000,0.504
242000,0.356,0.000,0.644
242500,0.231,0.000,0.769
243000,0.271,0.000,0.729
243500,0.334,0.000,0.666
244000,0.249,0.000,0.751
244500,0.308,0.000,0.692
245000,0.235,0.000,0.765
245500,0.377,0.000,0.623
246000,0.378,0.000,0.622
246500,0.302,0.000,0.698
247000,0.388,0.000,0.612
247500,0.289,0.000,0.711
248000,0.352,0.000,0.648
248500,0.287,0.000,0.713
249000,0.301,0.000,0.699
249500,0.282,0.000,0.718
250000,0.419,0.000,0.581
250500,0.408,0.000,0.592
251000,0.283,0.004,0.713
251500,0.424,0.000,0.576
252000,0.472,0.000,0.528
252500,0.422,0.000,0.578
253000,0.344,0.000,0.656
253500,0.297,0.000,0.703
254000,0.361,0.000,0.639
254500,0.312,0.000,0.688
255000,0.243,0.000,0.757
255500,0.397,0.000,0.603
256000,0.263,0.000,0.737
256500,0.318,0.000,0.682
257000,0.404,0.000,0.596
257500,0.436,0.000,0.564
258000,0.249,0.000,0.751
258500,0.258,0.000,0.742
259000,0.310,0.000,0.690
259500,0.381,0.000,0.619
260000,0.394,0.000,0.606
260500,0.296,0.000,0.704
261000,0.313,0.000,0.687
261500,0.328,0.000,0.672
262000,0.300,0.000,0.700
262500,0.328,0.000,0.672
263000,0.386,0.000,0.614
263500,0.374,0.000,0.626
264000,0.412,0.000,0.588
264500,0.360,0.000,0.640
265000,0.360,0.000,0.640
265500,0.349,0.000,0.651
266000,0.394,0.000,0.606
266500,0.335,0.000,0.665
267000,0.273,0.000,0.727
267500,0.270,0.000,0.730
268000,0.335,0.000,0.665
268500,0.327,0.000,0.673
269000,0.370,0.000,0.630
269500,0.424,0.000,0.576
270000,0.284,0.000,0.716
270500,0.236,0.001,0.763
271000,0.368,0.000,0.632
271500,0.232,0.000,0.768
272000,0.433,0.000,0.567
272500,0.216,0.000,0.784
273000,0.403,0.000,0.597
273500,0.304,0.000,0.696
274000,0.263,0.000,0.737
274500,0.320,0.000,0.680
275000,0.411,0.000,0.589
275500,0.182,0.019,0.799
276000,0.405,0.000,0.595
276500,0.203,0.000,0.797
277000,0.447,0.000,0.553
277500,0.352,0.000,0.648
278000,0.342,0.000,0.658
278500,0.403,0.000,0.597
279000,0.335,0.000,0.665
279500,0.278,0.000,0.722
280000,0.288,0.000,0.712
280500,0.399,0.000,0.601
281000,0.450,0.000,0.550
281500,0.289,0.000,0.711
282000,0.318,0.000,0.682
282500,0.307,0.000,0.693
283000,0.378,0.000,0.622
283500,0.259,0.000,0.741
284000,0.307,0.000,0.693
284500,0.378,0.000,0.622
285000,0.332,0.000,0.668
285500,0.279,0.000,0.721
286000,0.279,0.000,0.721
286500,0.287,0.000,0.713
287000,0.309,0.000,0.691
287500,0.392,0.000,0.608
288000,0.511,0.000,0.489
288500,0.388,0.000,0.612
289000,0.296,0.000,0.704
289500,0.333,0.000,0.667
290000,0.282,0.000,0.718
290500,0.285,0.000,0.715
291000,0.288,0.000,0.712
291500,0.424,0.000,0.576
292000,0.351,0.000,0.649
292500,0.418,0.000,0.582
293000,0.402,0.000,0.598
293500,0.290,0.000,0.710
294000,0.341,0.000,0.659
294500,0.353,0.000,0.647
295000,0.303,0.000,0.697
295500,0.296,0.002,0.702
296000,0.271,0.000,0.729
296500,0.449,0.000,0.551
297000,0.335,0.000,0.665
297500,0.286,0.000,0.714
298000,0.396,0.000,0.604
298500,0.324,0.000,0.676
299000,0.356,0.000,0.644
299500,0.408,0.000,0.592
300000,0.319,0.000,0.681
300500,0.325,0.000,0.675
301000,0.394,0.000,0.606
301500,0.476,0.000,0.524
302000,0.335,0.000,0.665
302500,0.263,0.000,0.737
303000,0.273,0.000,0.727
303500,0.245,0.000,0.755
304000,0.251,0.000,0.749
304500,0.289,0.000,0.711
305000,0.345,0.000,0.655
305500,0.254,0.000,0.746
306000,0.217,0.000,0.783
306500,0.222,0.000,0.778
307000,0.618,0.000,0.382
307500,0.279,0.000,0.721
308000,0.391,0.000,0.609
308500,0.482,0.000,0.518
309000,0.249,0.000,0.751
309500,0.308,0.000,0.692
310000,0.291,0.000,0.709
310500,0.313,0.000,0.687
311000,0.296,0.000,0.704
311500,0.420,0.000,0.580
312000,0.281,0.000,0.719
312500,0.316,0.000,0.684
313000,0.450,0.000,0.550
313500,0.317,0.000,0.683
314000,0.460,0.000,0.540
314500,0.490,0.000,0.510
315000,0.384,0.000,0.616
315500,0.216,0.000,0.784
316000,0.413,0.000,0.587
316500,0.341,0.000,0.659
317000,0.439,0.000,0.561
317500,0.389,0.000,0.611
318000,0.395,0.000,0.605
318500,0.278,0.000,0.722
319000,0.364,0.000,0.636
319500,0.391,0.000,0.609
320000,0.281,0.000,0.719
320500,0.344,0.000,0.656
321000,0.271,0.017,0.712
321500,0.291,0.000,0.709
322000,0.354,0.000,0.646
322500,0.314,0.000,0.686
323000,0.347,0.000,0.653
323500,0.308,0.000,0.692
324000,0.499,0.000,0.501
324500,0.289,0.000,0.711
325000,0.390,0.000,0.610
325500,0.403,0.000,0.597
326000,0.303,0.000,0.697
326500,0.409,0.000,0.591
327000,0.270,0.000,0.730
327500,0.272,0.000,0.728
328000,0.421,0.000,0.579
328500,0.273,0.000,0.727
329000,0.378,0.000,0.622
329500,0.461,0.000,0.539
330000,0.279,0.000,0.721
330500,0.357,0.000,0.643
331000,0.314,0.000,0.686
331500,0.339,0.000,0.661
332000,0.281,0.000,0.719
332500,0.391,0.000,0.609
333000,0.393,0.000,0.607
333500,0.320,0.000,0.680
334000,0.302,0.000,0.698
334500,0.351,0.000,0.649
335000,0.347,0.000,0.653
335500,0.290,0.000,0.710
336000,0.413,0.000,0.587
336500,0.353,0.000,0.647
337000,0.313,0.000,0.687
337500,0.334,0.000,0.666
338000,0.433,0.000,0.567
338500,0.389,0.000,0.611
339000,0.364,0.000,0.636
339500,0.365,0.000,0.635
340000,0.354,0.000,0.646
340500,0.316,0.000,0.684
341000,0.397,0.000,0.603
341500,0.302,0.000,0.698
342000,0.277,0.000,0.723
342500,0.329,0.000,0.671
343000,0.434,0.000,0.566
343500,0.347,0.000,0.653
344000,0.295,0.000,0.705
344500,0.363,0.000,0.637
345000,0.313,0.000,0.687
345500,0.337,0.000,0.663
346000,0.262,0.000,0.738
346500,0.352,0.000,0.648
347000,0.391,0.000,0.609
347500,0.427,0.000,0.573
348000,0.335,0.000,0.665
348500,0.372,0.000,0.628
349000,0.397,0.000,0.603
349500,0.331,0.000,0.669
350000,0.243,0.000,0.757
350500,0.361,0.000,0.639
351000,0.325,0.000,0.675
351500,0.320,0.000,0.680
352000,0.293,0.000,0.707
352500,0.416,0.000,0.584
353000,0.302,0.000,0.698
353500,0.252,0.005,0.743
354000,0.326,0.000,0.674
354500,0.478,0.000,0.522
355000,0.445,0.000,0.555
355500,0.311,0.000,0.689
356000,0.328,0.000,0.672
356500,0.331,0.000,0.669
357000,0.322,0.000,0.678
357500,0.326,0.000,0.674
358000,0.354,0.000,0.646
358500,0.268,0.000,0.732
359000,0.280,0.000,0.720
359500,0.278,0.000,0.722
360000,0.328,0.000,0.672
360500,0.327,0.000,0.673
361000,0.369,0.000,0.631
361500,0.376,0.000,0.624
362000,0.431,0.000,0.569
362500,0.418,0.000,0.582
363000,0.382,0.000,0.618
363500,0.249,0.000,0.751
364000,0.294,0.000,0.706
364500,0.291,0.000,0.709
365000,0.317,0.000,0.683
365500,0.405,0.000,0.595
366000,0.312,0.000,0.688
366500,0.293,0.000,0.707
367000,0.487,0.000,0.513
367500,0.280,0.000,0.720
368000,0.370,0.000,0.630
368500,0.403,0.000,0.597
369000,0.368,0.000,0.632
369500,0.510,0.000,0.490
370000,0.332,0.000,0.668
370500,0.420,0.000,0.580
371000,0.340,0.000,0.660
371500,0.306,0.000,0.694
372000,0.323,0.000,0.677
372500,0.312,0.000,0.688
373000,0.208,0.000,0.792
373500,0.315,0.000,0.685
374000,0.395,0.000,0.605
374500,0.362,0.000,0.638
375000,0.298,0.000,0.702
375500,0.362,0.000,0.638
376000,0.355,0.000,0.645
376500,0.266,0.000,0.734
377000,0.294,0.000,0.706
377500,0.245,0.000,0.755
378000,0.391,0.000,0.609
378500,0.387,0.000,0.613
379000,0.384,0.000,0.616
379500,0.344,0.000,0.656
380000,0.359,0.000,0.641
380500,0.442,0.000,0.558
381000,0.402,0.000,0.598
381500,0.370,0.000,0.630
382000,0.304,0.000,0.696
382500,0.271,0.000,0.729
383000,0.452,0.000,0.548
383500,0.403,0.000,0.597
384000,0.318,0.000,0.682
384500,0.346,0.000,0.654
385000,0.424,0.000,0.576
385500,0.317,0.000,0.683
386000,0.285,0.000,0.715
386500,0.198,0.001,0.801
387000,0.440,0.000,0.560
387500,0.313,0.000,0.687
388000,0.304,0.000,0.696
388500,0.430,0.000,0.570
389000,0.338,0.000,0.662
389500,0.388,0.000,0.612
390000,0.365,0.000,0.635
390500,0.347,0.000,0.653
391000,0.423,0.000,0.577
391500,0.292,0.000,0.708
392000,0.235,0.000,0.765
392500,0.348,0.000,0.652
393000,0.278,0.000,0.722
393500,0.257,0.000,0.743
394000,0.233,0.005,0.762
394500,0.331,0.000,0.669
395000,0.355,0.000,0.645
395500,0.206,0.000,0.794
396000,0.370,0.000,0.630
396500,0.343,0.000,0.657
397000,0.403,0.000,0.597
397500,0.415,0.000,0.585
398000,0.384,0.000,0.616
398500,0.277,0.000,0.723
399000,0.316,0.000,0.684
399500,0.384,0.000,0.616
400000,0.257,0.000,0.743
400500,0.427,0.000,0.573
401000,0.308,0.000,0.692
401500,0.344,0.000,0.656
402000,0.227,0.000,0.773
402500,0.327,0.000,0.673
403000,0.414,0.000,0.586
403500,0.271,0.000,0.729
404000,0.301,0.000,0.699
404500,0.360,0.000,0.640
405000,0.304,0.000,0.696
405500,0.331,0.000,0.669
406000,0.294,0.000,0.706
406500,0.363,0.000,0.637
407000,0.295,0.000,0.705
407500,0.196,0.033,0.771
408000,0.254,0.001,0.745
408500,0.286,0.000,0.714
409000,0.437,0.000,0.563
409500,0.216,0.000,0.784
410000,0.266,0.000,0.734
410500,0.354,0.000,0.646
411000,0.242,0.000,0.758
411500,0.289,0.000,0.711
412000,0.347,0.000,0.653
412500,0.461,0.000,0.539
413000,0.385,0.000,0.615
413500,0.300,0.000,0.700
414000,0.388,0.000,0.612
414500,0.369,0.000,0.631
415000,0.266,0.000,0.734
415500,0.346,0.000,0.654
416000,0.299,0.000,0.701
416500,0.333,0.000,0.667
417000,0.362,0.000,0.638
417500,0.353,0.000,0.647
418000,0.378,0.000,0.622
418500,0.297,0.000,0.703
419000,0.373,0.000,0.627
419500,0.427,0.000,0.573
420000,0.351,0.000,0.649
420500,0.394,0.000,0.606
421000,0.398,0.000,0.602
421500,0.379,0.000,0.621
422000,0.375,0.000,0.625
422500,0.359,0.000,0.641
423000,0.362,0.000,0.638
423500,0.332,0.000,0.668
424000,0.220,0.007,0.773
424500,0.238,0.000,0.762
425000,0.316,0.000,0.684
425500,0.300,0.000,0.700
426000,0.322,0.000,0.678
426500,0.346,0.004,0.650
427000,0.411,0.000,0.589
427500,0.497,0.000,0.503
428000,0.390,0.000,0.610
428500,0.394,0.000,0.606
429000,0.391,0.000,0.609
429500,0.255,0.000,0.745
430000,0.360,0.000,0.640
430500,0.365,0.000,0.635
431000,0.352,0.000,0.648
431500,0.238,0.000,0.762
432000,0.230,0.000,0.770
432500,0.416,0.000,0.584
433000,0.366,0.000,0.634
433500,0.321,0.000,0.679
434000,0.280,0.000,0.720
434500,0.433,0.000,0.567
435000,0.359,0.000,0.641
435500,0.255,0.000,0.745
436000,0.384,0.000,0.616
436500,0.388,0.000,0.612
437000,0.489,0.000,0.511
437500,0.527,0.000,0.473
438000,0.399,0.000,0.601
438500,0.356,0.000,0.644
439000,0.271,0.000,0.729
439500,0.352,0.000,0.648
440000,0.396,0.000,0.604
440500,0.306,0.000,0.694
441000,0.428,0.000,0.572
441500,0.358,0.000,0.642
442000,0.413,0.000,0.587
442500,0.318,0.000,0.682
443000,0.362,0.000,0.638
443500,0.348,0.000,0.652
444000,0.367,0.000,0.633
444500,0.289,0.000,0.711
445000,0.286,0.000,0.714
445500,0.387,0.000,0.613
446000,0.317,0.000,0.683
446500,0.449,0.000,0.551
447000,0.356,0.000,0.644
447500,0.379,0.000,0.621
448000,0.432,0.000,0.568
448500,0.404,0.000,0.596
449000,0.396,0.000,0.604
449500,0.338,0.000,0.662
450000,0.415,0.000,0.585
450500,0.331,0.000,0.669
451000,0.318,0.000,0.682
451500,0.305,0.000,0.695
452000,0.379,0.000,0.621
452500,0.303,0.000,0.697
453000,0.298,0.000,0.702
453500,0.305,0.000,0.695
454000,0.388,0.000,0.612
454500,0.346,0.000,0.654
455000,0.373,0.000,0.627
455500,0.362,0.000,0.638
456000,0.294,0.000,0.706
456500,0.251,0.000,0.749
457000,0.404,0.000,0.596
457500,0.443,0.000,0.557
458000,0.453,0.000,0.547
458500,0.287,0.000,0.713
459000,0.196,0.000,0.804
459500,0.321,0.000,0.679
460000,0.323,0.000,0.677
460500,0.431,0.000,0.569
461000,0.437,0.000,0.563
461500,0.299,0.000,0.701
462000,0.334,0.000,0.666
462500,0.270,0.000,0.730
463000,0.381,0.000,0.619
463500,0.366,0.000,0.634
464000,0.444,0.000,0.556
464500,0.405,0.000,0.595
465000,0.271,0.000,0.729
465500,0.372,0.000,0.628
466000,0.469,0.000,0.531
466500,0.316,0.000,0.684
467000,0.390,0.000,0.610
467500,0.344,0.000,0.656
468000,0.333,0.000,0.667
468500,0.319,0.000,0.681
469000,0.332,0.000,0.668
469500,0.330,0.000,0.670
470000,0.396,0.000,0.604
470500,0.428,0.000,0.572
471000,0.307,0.000,0.693
471500,0.209,0.000,0.791
472000,0.253,0.000,0.747
472500,0.376,0.000,0.624
473000,0.362,0.000,0.638
473500,0.339,0.000,0.661
474000,0.398,0.000,0.602
474500,0.321,0.000,0.679
475000,0.371,0.000,0.629
475500,0.365,0.000,0.635
476000,0.357,0.000,0.643
476500,0.319,0.000,0.681
477000,0.223,0.012,0.765
477500,0.331,0.000,0.669
478000,0.380,0.000,0.620
478500,0.348,0.000,0.652
479000,0.324,0.000,0.676
479500,0.336,0.000,0.664
480000,0.333,0.000,0.667
480500,0.407,0.000,0.593
481000,0.480,0.000,0.520
481500,0.540,0.000,0.460
482000,0.346,0.000,0.654
482500,0.351,0.000,0.649
483000,0.416,0.000,0.584
483500,0.406,0.000,0.594
484000,0.246,0.000,0.754
484500,0.310,0.000,0.690
485000,0.317,0.000,0.683
485500,0.285,0.000,0.715
486000,0.438,0.000,0.562
486500,0.342,0.000,0.658
487000,0.329,0.000,0.671
487500,0.309,0.000,0.691
488000,0.434,0.000,0.566
488500,0.329,0.000,0.671
489000,0.410,0.000,0.590
489500,0.342,0.000,0.658
490000,0.437,0.000,0.563
490500,0.336,0.000,0.664
491000,0.281,0.000,0.719
491500,0.409,0.001,0.590
492000,0.395,0.000,0.605
492500,0.408,0.000,0.592
493000,0.413,0.000,0.587
493500,0.486,0.000,0.514
494000,0.327,0.000,0.673
494500,0.340,0.000,0.660
495000,0.418,0.000,0.582
495500,0.374,0.000,0.626
496000,0.362,0.000,0.638
496500,0.335,0.000,0.665
497000,0.405,0.000,0.595
497500,0.339,0.000,0.661
498000,0.204,0.000,0.796
498500,0.385,0.000,0.615
499000,0.281,0.000,0.719
499500,0.416,0.000,0.584
500000,0.331,0.000,0.669
500500,0.344,0.000,0.656
501000,0.295,0.000,0.705
501500,0.481,0.000,0.519
502000,0.372,0.000,0.628
502500,0.321,0.000,0.679
503000,0.367,0.000,0.633
503500,0.351,0.000,0.649
504000,0.290,0.000,0.710
504500,0.309,0.000,0.691
505000,0.234,0.000,0.766
505500,0.356,0.000,0.644
506000,0.311,0.000,0.689
506500,0.282,0.000,0.718
507000,0.353,0.000,0.647
507500,0.360,0.000,0.640
508000,0.253,0.000,0.747
508500,0.446,0.000,0.554
509000,0.352,0.000,0.648
509500,0.246,0.000,0.754
510000,0.431,0.000,0.569
510500,0.369,0.000,0.631
511000,0.217,0.000,0.783
511500,0.150,0.014,0.836
512000,0.240,0.000,0.760
512500,0.318,0.000,0.682
513000,0.423,0.000,0.577
513500,0.411,0.000,0.589
514000,0.386,0.000,0.614
514500,0.403,0.000,0.597
515000,0.444,0.000,0.556
515500,0.330,0.000,0.670
516000,0.328,0.000,0.672
516500,0.290,0.000,0.710
517000,0.224,0.004,0.772
517500,0.444,0.000,0.556
518000,0.233,0.000,0.767
518500,0.482,0.000,0.518
519000,0.320,0.000,0.680
519500,0.231,0.000,0.769
520000,0.383,0.000,0.617
520500,0.272,0.000,0.728
521000,0.261,0.000,0.739
521500,0.412,0.000,0.588
522000,0.341,0.000,0.659
522500,0.407,0.000,0.593
523000,0.354,0.000,0.646
523500,0.286,0.000,0.714
524000,0.348,0.000,0.652
524500,0.306,0.000,0.694
525000,0.352,0.000,0.648
525500,0.389,0.000,0.611
526000,0.240,0.000,0.760
526500,0.257,0.000,0.743
527000,0.324,0.000,0.676
527500,0.443,0.000,0.557
528000,0.454,0.000,0.546
528500,0.286,0.000,0.714
529000,0.330,0.000,0.670
529500,0.405,0.000,0.595
530000,0.283,0.000,0.717
530500,0.265,0.000,0.735
531000,0.371,0.000,0.629
531500,0.334,0.000,0.666
532000,0.505,0.000,0.495
532500,0.349,0.000,0.651
533000,0.373,0.000,0.627
533500,0.335,0.000,0.665
534000,0.399,0.000,0.601
534500,0.392,0.000,0.608
535000,0.210,0.003,0.787
535500,0.479,0.000,0.521
536000,0.235,0.000,0.765
536500,0.293,0.000,0.707
537000,0.311,0.000,0.689
537500,0.258,0.000,0.742
538000,0.293,0.000,0.707
538500,0.318,0.000,0.682
539000,0.388,0.000,0.612
539500,0.326,0.000,0.674
540000,0.325,0.000,0.675
540500,0.307,0.000,0.693
541000,0.369,0.000,0.631
541500,0.357,0.000,0.643
542000,0.387,0.000,0.613
542500,0.276,0.000,0.724
543000,0.422,0.000,0.578
543500,0.364,0.000,0.636
544000,0.326,0.000,0.674
544500,0.262,0.000,0.738
545000,0.418,0.000,0.582
545500,0.309,0.000,0.691
546000,0.442,0.000,0.558
546500,0.423,0.000,0.577
547000,0.428,0.000,0.572
547500,0.412,0.000,0.588
548000,0.485,0.000,0.515
548500,0.416,0.000,0.584
549000,0.296,0.000,0.704
549500,0.386,0.000,0.614
550000,0.411,0.000,0.589
550500,0.247,0.000,0.753
551000,0.258,0.000,0.742
551500,0.268,0.000,0.732
552000,0.369,0.000,0.631
552500,0.417,0.000,0.583
553000,0.504,0.000,0.496
553500,0.387,0.000,0.613
554000,0.336,0.000,0.664
554500,0.287,0.000,0.713
555000,0.398,0.000,0.602
555500,0.426,0.000,0.574
556000,0.297,0.011,0.692
556500,0.430,0.000,0.570
557000,0.340,0.000,0.660
557500,0.353,0.000,0.647
558000,0.318,0.000,0.682
558500,0.216,0.000,0.784
559000,0.326,0.000,0.674
559500,0.316,0.000,0.684
560000,0.319,0.000,0.681
560500,0.289,0.000,0.711
561000,0.405,0.000,0.595
561500,0.293,0.000,0.707
562000,0.308,0.000,0.692
562500,0.232,0.000,0.768
563000,0.375,0.000,0.625
563500,0.404,0.000,0.596
564000,0.358,0.000,0.642
564500,0.383,0.000,0.617
565000,0.301,0.000,0.699
565500,0.333,0.000,0.667
566000,0.299,0.000,0.701
566500,0.386,0.000,0.614
567000,0.310,0.000,0.690
567500,0.220,0.000,0.780
568000,0.291,0.000,0.709
568500,0.436,0.000,0.564
569000,0.275,0.000,0.725
569500,0.245,0.000,0.755
570000,0.501,0.000,0.499
570500,0.445,0.000,0.555
571000,0.389,0.000,0.611
571500,0.421,0.000,0.579
572000,0.351,0.000,0.649
572500,0.330,0.000,0.670
573000,0.335,0.000,0.665
573500,0.253,0.000,0.747
574000,0.470,0.000,0.530
574500,0.329,0.000,0.671
575000,0.246,0.000,0.754
575500,0.517,0.000,0.483
576000,0.471,0.000,0.529
576500,0.452,0.000,0.548
577000,0.442,0.000,0.558
577500,0.333,0.000,0.667
578000,0.263,0.000,0.737
578500,0.309,0.000,0.691
579000,0.387,0.000,0.613
579500,0.345,0.000,0.655
580000,0.366,0.000,0.634
580500,0.374,0.000,0.626
581000,0.452,0.000,0.548
581500,0.333,0.000,0.667
582000,0.326,0.000,0.674
582500,0.245,0.000,0.755
583000,0.343,0.000,0.657
583500,0.281,0.000,0.719
584000,0.308,0.000,0.692
584500,0.334,0.000,0.666
585000,0.362,0.000,0.638
585500,0.400,0.000,0.600
586000,0.467,0.000,0.533
586500,0.354,0.000,0.646
587000,0.291,0.000,0.709
587500,0.304,0.000,0.696
588000,0.365,0.000,0.635
588500,0.319,0.000,0.681
589000,0.362,0.000,0.638
589500,0.287,0.019,0.694
590000,0.343,0.000,0.657
590500,0.476,0.000,0.524
591000,0.326,0.000,0.674
591500,0.450,0.000,0.550
592000,0.459,0.000,0.541
592500,0.322,0.000,0.678
593000,0.398,0.000,0.602
593500,0.295,0.000,0.705
594000,0.503,0.000,0.497
594500,0.286,0.000,0.714
595000,0.364,0.000,0.636
595500,0.385,0.000,0.615
596000,0.386,0.000,0.614
596500,0.459,0.000,0.541
597000,0.383,0.000,0.617
597500,0.408,0.000,0.592
598000,0.408,0.000,0.592
598500,0.314,0.000,0.686
599000,0.283,0.000,0.717
599500,0.363,0.000,0.637
600000,0.428,0.000,0.572
600500,0.427,0.000,0.573
601000,0.371,0.000,0.629
601500,0.318,0.000,0.682
602000,0.357,0.000,0.643
602500,0.338,0.000,0.662
603000,0.298,0.000,0.702
603500,0.276,0.000,0.724
604000,0.287,0.000,0.713
604500,0.395,0.000,0.605
605000,0.483,0.000,0.517
605500,0.324,0.000,0.676
606000,0.379,0.000,0.621
606500,0.352,0.000,0.648
607000,0.332,0.000,0.668
607500,0.199,0.000,0.801
608000,0.193,0.000,0.807
608500,0.289,0.000,0.711
609000,0.365,0.000,0.635
609500,0.298,0.000,0.702
610000,0.262,0.000,0.738
610500,0.313,0.000,0.687
611000,0.482,0.000,0.518
611500,0.326,0.000,0.674
612000,0.301,0.000,0.699
612500,0.402,0.000,0.598
613000,0.378,0.000,0.622
613500,0.343,0.000,0.657
614000,0.389,0.000,0.611
614500,0.222,0.000,0.778
615000,0.333,0.000,0.667
615500,0.424,0.000,0.576
616000,0.511,0.000,0.489
616500,0.357,0.000,0.643
617000,0.349,0.000,0.651
617500,0.225,0.000,0.775
618000,0.330,0.000,0.670
618500,0.314,0.000,0.686
619000,0.425,0.000,0.575
619500,0.250,0.000,0.750
620000,0.452,0.000,0.548
620500,0.450,0.000,0.550
621000,0.288,0.000,0.712
621500,0.313,0.000,0.687
622000,0.409,0.000,0.591
622500,0.390,0.000,0.610
623000,0.428,0.000,0.572
623500,0.398,0.000,0.602
624000,0.408,0.000,0.592
624500,0.390,0.000,0.610
625000,0.361,0.000,0.639
625500,0.367,0.000,0.633
626000,0.364,0.000,0.636
626500,0.363,0.000,0.637
627000,0.449,0.000,0.551
627500,0.358,0.000,0.642
628000,0.348,0.000,0.652
628500,0.358,0.000,0.642
629000,0.417,0.000,0.583
629500,0.429,0.000,0.571
630000,0.237,0.000,0.763
630500,0.389,0.000,0.611
631000,0.320,0.000,0.680
631500,0.349,0.000,0.651
632000,0.253,0.000,0.747
632500,0.290,0.000,0.710
633000,0.399,0.000,0.601
633500,0.429,0.000,0.571
634000,0.332,0.000,0.668
634500,0.456,0.000,0.544
635000,0.342,0.000,0.658
635500,0.337,0.000,0.663
636000,0.379,0.000,0.621
636500,0.342,0.000,0.658
637000,0.298,0.000,0.702
637500,0.374,0.000,0.626
638000,0.301,0.000,0.699
638500,0.365,0.000,0.635
639000,0.331,0.000,0.669
639500,0.357,0.000,0.643
640000,0.279,0.000,0.721
640500,0.471,0.000,0.529
641000,0.343,0.000,0.657
641500,0.384,0.000,0.616
642000,0.398,0.000,0.602
642500,0.291,0.000,0.709
643000,0.349,0.000,0.651
643500,0.300,0.000,0.700
644000,0.358,0.000,0.642
644500,0.324,0.000,0.676
645000,0.140,0.000,0.860
645500,0.209,0.000,0.791
646000,0.303,0.000,0.697
646500,0.347,0.000,0.653
647000,0.319,0.000,0.681
647500,0.358,0.000,0.642
648000,0.307,0.000,0.693
648500,0.385,0.000,0.615
649000,0.396,0.000,0.604
649500,0.395,0.000,0.605
650000,0.301,0.000,0.699
650500,0.297,0.000,0.703
651000,0.228,0.000,0.772
651500,0.399,0.000,0.601
652000,0.353,0.000,0.647
652500,0.292,0.000,0.708
653000,0.274,0.000,0.726
653500,0.304,0.000,0.696
654000,0.375,0.000,0.625
654500,0.369,0.000,0.631
655000,0.387,0.000,0.613
655500,0.303,0.000,0.697
656000,0.256,0.000,0.744
656500,0.235,0.000,0.765
657000,0.387,0.000,0.613
657500,0.429,0.000,0.571
658000,0.315,0.000,0.685
658500,0.393,0.000,0.607
659000,0.313,0.000,0.687
659500,0.290,0.000,0.710
660000,0.450,0.000,0.550
660500,0.289,0.000,0.711
661000,0.355,0.000,0.645
661500,0.415,0.000,0.585
662000,0.342,0.000,0.658
662500,0.268,0.000,0.732
663000,0.233,0.000,0.767
663500,0.423,0.000,0.577
664000,0.487,0.000,0.513
664500,0.445,0.000,0.555
665000,0.335,0.000,0.665
665500,0.269,0.000,0.731
666000,0.370,0.000,0.630
666500,0.387,0.000,0.613
667000,0.430,0.000,0.570
667500,0.262,0.000,0.738
668000,0.357,0.000,0.643
668500,0.477,0.000,0.523
669000,0.406,0.000,0.594
669500,0.287,0.000,0.713
670000,0.331,0.000,0.669
670500,0.334,0.000,0.666
671000,0.341,0.000,0.659
671500,0.228,0.019,0.753
672000,0.248,0.000,0.752
672500,0.234,0.000,0.766
673000,0.331,0.000,0.669
673500,0.399,0.000,0.601
674000,0.336,0.000,0.664
674500,0.247,0.000,0.753
675000,0.333,0.000,0.667
675500,0.260,0.000,0.740
676000,0.341,0.000,0.659
676500,0.245,0.000,0.755
677000,0.327,0.000,0.673
677500,0.278,0.000,0.722
678000,0.316,0.000,0.684
678500,0.461,0.000,0.539
679000,0.330,0.000,0.670
679500,0.329,0.000,0.671
680000,0.289,0.000,0.711
680500,0.344,0.000,0.656
681000,0.339,0.000,0.661
681500,0.387,0.000,0.613
682000,0.274,0.000,0.726
682500,0.243,0.000,0.757
683000,0.478,0.000,0.522
683500,0.325,0.000,0.675
684000,0.319,0.000,0.681
684500,0.324,0.000,0.676
685000,0.367,0.000,0.633
685500,0.404,0.000,0.596
686000,0.381,0.000,0.619
686500,0.352,0.000,0.648
687000,0.319,0.000,0.681
687500,0.398,0.000,0.602
688000,0.440,0.000,0.560
688500,0.378,0.000,0.622
689000,0.399,0.000,0.601
689500,0.395,0.000,0.605
690000,0.331,0.000,0.669
690500,0.222,0.000,0.778
691000,0.198,0.000,0.802
691500,0.255,0.000,0.745
692000,0.349,0.000,0.651
692500,0.310,0.000,0.690
693000,0.461,0.000,0.539
693500,0.366,0.000,0.634
694000,0.276,0.000,0.724
694500,0.443,0.000,0.557
695000,0.326,0.000,0.674
695500,0.287,0.000,0.713
696000,0.333,0.000,0.667
696500,0.337,0.000,0.663
697000,0.291,0.000,0.709
697500,0.465,0.000,0.535
698000,0.357,0.000,0.643
698500,0.268,0.001,0.731
699000,0.303,0.000,0.697
699500,0.290,0.000,0.710
700000,0.277,0.000,0.723
700500,0.315,0.000,0.685
701000,0.270,0.000,0.730
701500,0.379,0.000,0.621
702000,0.426,0.000,0.574
702500,0.378,0.000,0.622
703000,0.293,0.000,0.707
703500,0.284,0.000,0.716
704000,0.256,0.000,0.744
704500,0.333,0.000,0.667
705000,0.434,0.000,0.566
705500,0.263,0.000,0.737
706000,0.338,0.000,0.662
706500,0.210,0.000,0.790
707000,0.254,0.000,0.746
707500,0.222,0.000,0.778
708000,0.244,0.000,0.756
708500,0.307,0.000,0.693
709000,0.458,0.000,0.542
709500,0.277,0.000,0.723
710000,0.216,0.000,0.784
710500,0.349,0.000,0.651
711000,0.283,0.000,0.717
711500,0.342,0.000,0.658
712000,0.303,0.000,0.697
712500,0.384,0.000,0.616
713000,0.385,0.000,0.615
713500,0.369,0.000,0.631
714000,0.471,0.000,0.529
714500,0.275,0.000,0.725
715000,0.283,0.000,0.717
715500,0.317,0.000,0.683
716000,0.387,0.000,0.613
716500,0.368,0.000,0.632
717000,0.271,0.000,0.729
717500,0.366,0.000,0.634
718000,0.386,0.000,0.614
718500,0.476,0.000,0.524
719000,0.284,0.000,0.716
719500,0.276,0.000,0.724
720000,0.332,0.000,0.668
720500,0.403,0.000,0.597
721000,0.287,0.000,0.713
721500,0.310,0.000,0.690
722000,0.349,0.000,0.651
722500,0.376,0.000,0.624
723000,0.407,0.000,0.593
723500,0.227,0.000,0.773
724000,0.375,0.000,0.625
724500,0.268,0.000,0.732
725000,0.348,0.000,0.652
725500,0.394,0.000,0.606
726000,0.359,0.000,0.641
726500,0.324,0.000,0.676
727000,0.306,0.000,0.694
727500,0.193,0.000,0.807
728000,0.365,0.000,0.635
728500,0.278,0.000,0.722
729000,0.391,0.000,0.609
729500,0.517,0.000,0.483
730000,0.262,0.000,0.738
730500,0.271,0.000,0.729
731000,0.423,0.000,0.577
731500,0.315,0.000,0.685
732000,0.273,0.000,0.727
732500,0.375,0.000,0.625
733000,0.315,0.000,0.685
733500,0.251,0.000,0.749
734000,0.328,0.000,0.672
734500,0.374,0.000,0.626
735000,0.255,0.000,0.745
735500,0.274,0.000,0.726
736000,0.477,0.000,0.523
736500,0.290,0.000,0.710
737000,0.281,0.000,0.719
737500,0.374,0.000,0.626
738000,0.323,0.000,0.677
738500,0.442,0.000,0.558
739000,0.339,0.000,0.661
739500,0.337,0.000,0.663
740000,0.282,0.000,0.718
740500,0.379,0.000,0.621
741000,0.293,0.000,0.707
741500,0.306,0.000,0.694
742000,0.394,0.000,0.606
742500,0.262,0.000,0.738
743000,0.263,0.000,0.737
743500,0.304,0.000,0.696
744000,0.339,0.000,0.661
744500,0.479,0.000,0.521
745000,0.275,0.000,0.725
745500,0.290,0.000,0.710
746000,0.301,0.000,0.699
746500,0.294,0.000,0.706
747000,0.368,0.000,0.632
747500,0.284,0.000,0.716
748000,0.367,0.000,0.633
748500,0.410,0.000,0.590
749000,0.311,0.000,0.689
749500,0.288,0.000,0.712
750000,0.260,0.000,0.740
750500,0.387,0.000,0.613
751000,0.230,0.000,0.770
751500,0.408,0.000,0.592
752000,0.274,0.000,0.726
752500,0.350,0.000,0.650
753000,0.315,0.000,0.685
753500,0.250,0.020,0.730
754000,0.217,0.000,0.783
754500,0.498,0.000,0.502
755000,0.430,0.000,0.570
755500,0.288,0.000,0.712
756000,0.366,0.000,0.634
756500,0.255,0.000,0.745
757000,0.374,0.000,0.626
757500,0.273,0.000,0.727
758000,0.386,0.000,0.614
758500,0.321,0.000,0.679
759000,0.261,0.000,0.739
759500,0.344,0.000,0.656
760000,0.311,0.000,0.689
760500,0.398,0.000,0.602
761000,0.454,0.000,0.546
761500,0.374,0.000,0.626
762000,0.195,0.000,0.805
762500,0.312,0.000,0.688
763000,0.284,0.000,0.716
763500,0.375,0.000,0.625
764000,0.369,0.000,0.631
764500,0.388,0.000,0.612
765000,0.243,0.000,0.757
765500,0.275,0.000,0.725
766000,0.250,0.003,0.747
766500,0.310,0.000,0.690
767000,0.417,0.000,0.583
767500,0.320,0.000,0.680
768000,0.274,0.000,0.726
768500,0.383,0.000,0.617
769000,0.198,0.005,0.797
769500,0.380,0.000,0.620
770000,0.266,0.000,0.734
770500,0.402,0.000,0.598
771000,0.411,0.000,0.589
771500,0.354,0.000,0.646
772000,0.244,0.000,0.756
772500,0.371,0.000,0.629
773000,0.282,0.000,0.718
773500,0.346,0.000,0.654
774000,0.482,0.000,0.518
774500,0.334,0.000,0.666
775000,0.330,0.000,0.670
775500,0.311,0.000,0.689
776000,0.311,0.000,0.689
776500,0.227,0.000,0.773
777000,0.392,0.000,0.608
777500,0.348,0.000,0.652
778000,0.297,0.000,0.703
778500,0.380,0.000,0.620
779000,0.360,0.000,0.640
779500,0.376,0.000,0.624
780000,0.345,0.000,0.655
780500,0.531,0.000,0.469
781000,0.319,0.000,0.681
781500,0.302,0.000,0.698
782000,0.334,0.000,0.666
782500,0.317,0.000,0.683
783000,0.365,0.000,0.635
783500,0.323,0.000,0.677
784000,0.324,0.000,0.676
784500,0.392,0.000,0.608
785000,0.310,0.000,0.690
785500,0.256,0.000,0.744
786000,0.400,0.000,0.600
786500,0.370,0.000,0.630
787000,0.161,0.006,0.833
787500,0.418,0.000,0.582
788000,0.398,0.000,0.602
788500,0.333,0.000,0.667
789000,0.323,0.000,0.677
789500,0.389,0.000,0.611
790000,0.319,0.000,0.681
790500,0.307,0.000,0.693
791000,0.322,0.000,0.678
791500,0.345,0.000,0.655
792000,0.336,0.000,0.664
792500,0.311,0.000,0.689
793000,0.275,0.000,0.725
793500,0.380,0.000,0.620
794000,0.413,0.000,0.587
794500,0.265,0.000,0.735
795000,0.209,0.000,0.791
795500,0.385,0.000,0.615
796000,0.427,0.000,0.573
796500,0.296,0.000,0.704
797000,0.426,0.000,0.574
797500,0.435,0.000,0.565
798000,0.216,0.000,0.784
798500,0.402,0.000,0.598
799000,0.312,0.000,0.688
799500,0.284,0.000,0.716
800000,0.317,0.000,0.683
800500,0.359,0.000,0.641
801000,0.343,0.000,0.657
801500,0.296,0.000,0.704
802000,0.387,0.000,0.613
802500,0.327,0.000,0.673
803000,0.274,0.000,0.726
803500,0.390,0.000,0.610
804000,0.328,0.000,0.672
804500,0.340,0.000,0.660
805000,0.307,0.000,0.693
805500,0.424,0.000,0.576
806000,0.490,0.000,0.510
806500,0.497,0.000,0.503
807000,0.293,0.000,0.707
807500,0.295,0.000,0.705
808000,0.341,0.000,0.659
808500,0.334,0.000,0.666
809000,0.414,0.000,0.586
809500,0.288,0.000,0.712
810000,0.436,0.000,0.564
810500,0.381,0.000,0.619
811000,0.278,0.000,0.722
811500,0.347,0.000,0.653
812000,0.347,0.000,0.653
812500,0.277,0.000,0.723
813000,0.403,0.000,0.597
813500,0.269,0.000,0.731
814000,0.223,0.000,0.777
814500,0.212,0.017,0.771
815000,0.278,0.000,0.722
815500,0.283,0.000,0.717
816000,0.240,0.000,0.760
816500,0.341,0.000,0.659
817000,0.363,0.000,0.637
817500,0.303,0.000,0.697
818000,0.255,0.000,0.745
818500,0.491,0.000,0.509
819000,0.382,0.000,0.618
819500,0.365,0.000,0.635
820000,0.241,0.000,0.759
820500,0.266,0.000,0.734
821000,0.370,0.000,0.630
821500,0.336,0.000,0.664
822000,0.366,0.000,0.634
822500,0.390,0.000,0.610
823000,0.483,0.000,0.517
823500,0.327,0.000,0.673
824000,0.311,0.000,0.689
824500,0.237,0.001,0.762
825000,0.232,0.000,0.768
825500,0.325,0.000,0.675
826000,0.327,0.000,0.673
826500,0.379,0.000,0.621
827000,0.346,0.000,0.654
827500,0.233,0.000,0.767
828000,0.300,0.000,0.700
828500,0.463,0.000,0.537
829000,0.326,0.000,0.674
829500,0.403,0.000,0.597
830000,0.363,0.000,0.637
830500,0.345,0.000,0.655
831000,0.388,0.000,0.612
831500,0.344,0.000,0.656
832000,0.285,0.000,0.715
832500,0.341,0.000,0.659
833000,0.398,0.000,0.602
833500,0.377,0.000,0.623
834000,0.287,0.000,0.713
834500,0.332,0.000,0.668
835000,0.227,0.000,0.773
835500,0.430,0.000,0.570
836000,0.307,0.000,0.693
836500,0.454,0.000,0.546
837000,0.358,0.000,0.642
837500,0.313,0.000,0.687
838000,0.388,0.000,0.612
838500,0.380,0.000,0.620
839000,0.275,0.000,0.725
839500,0.265,0.000,0.735
840000,0.357,0.000,0.643
840500,0.281,0.000,0.719
841000,0.515,0.000,0.485
841500,0.311,0.000,0.689
842000,0.468,0.000,0.532
842500,0.333,0.000,0.667
843000,0.272,0.000,0.728
843500,0.395,0.000,0.605
844000,0.355,0.000,0.645
844500,0.336,0.000,0.664
845000,0.389,0.000,0.611
845500,0.320,0.000,0.680
846000,0.341,0.000,0.659
846500,0.442,0.000,0.558
847000,0.361,0.001,0.638
847500,0.399,0.000,0.601
848000,0.263,0.000,0.737
848500,0.340,0.000,0.660
849000,0.345,0.000,0.655
849500,0.416,0.000,0.584
850000,0.312,0.000,0.688
850500,0.371,0.000,0.629
851000,0.299,0.000,0.701
851500,0.308,0.000,0.692
852000,0.295,0.000,0.705
852500,0.366,0.000,0.634
853000,0.290,0.000,0.710
853500,0.278,0.000,0.722
854000,0.328,0.000,0.672
854500,0.304,0.000,0.696
855000,0.345,0.000,0.655
855500,0.258,0.000,0.742
856000,0.375,0.000,0.625
856500,0.460,0.000,0.540
857000,0.251,0.000,0.749
857500,0.390,0.000,0.610
858000,0.290,0.000,0.710
858500,0.292,0.000,0.708
859000,0.355,0.000,0.645
859500,0.394,0.000,0.606
860000,0.483,0.000,0.517
860500,0.281,0.000,0.719
861000,0.357,0.000,0.643
861500,0.297,0.000,0.703
862000,0.205,0.000,0.795
862500,0.280,0.000,0.720
863000,0.319,0.000,0.681
863500,0.335,0.000,0.665
864000,0.293,0.000,0.707
864500,0.262,0.000,0.738
865000,0.466,0.000,0.534
865500,0.336,0.000,0.664
866000,0.307,0.000,0.693
866500,0.391,0.000,0.609
867000,0.286,0.000,0.714
867500,0.454,0.000,0.546
868000,0.390,0.000,0.610
868500,0.343,0.000,0.657
869000,0.497,0.000,0.503
869500,0.459,0.000,0.541
870000,0.353,0.000,0.647
870500,0.351,0.000,0.649
871000,0.326,0.000,0.674
871500,0.182,0.002,0.816
872000,0.380,0.000,0.620
872500,0.363,0.000,0.637
873000,0.419,0.000,0.581
873500,0.393,0.000,0.607
874000,0.384,0.000,0.616
874500,0.409,0.000,0.591
875000,0.356,0.000,0.644
875500,0.292,0.000,0.708
876000,0.398,0.000,0.602
876500,0.375,0.000,0.625
877000,0.420,0.000,0.580
877500,0.364,0.000,0.636
878000,0.324,0.000,0.676
878500,0.200,0.000,0.800
879000,0.371,0.000,0.629
879500,0.440,0.000,0.560
880000,0.377,0.000,0.623
880500,0.297,0.000,0.703
881000,0.354,0.000,0.646
881500,0.341,0.000,0.659
882000,0.415,0.000,0.585
882500,0.339,0.000,0.661
883000,0.464,0.000,0.536
883500,0.238,0.000,0.762
884000,0.285,0.000,0.715
884500,0.501,0.000,0.499
885000,0.290,0.000,0.710
885500,0.313,0.000,0.687
886000,0.382,0.000,0.618
886500,0.347,0.000,0.653
887000,0.362,0.000,0.638
887500,0.402,0.000,0.598
888000,0.308,0.000,0.692
888500,0.343,0.000,0.657
889000,0.214,0.000,0.786
889500,0.345,0.000,0.655
890000,0.360,0.007,0.633
890500,0.369,0.000,0.631
891000,0.301,0.000,0.699
891500,0.264,0.000,0.736
892000,0.310,0.000,0.690
892500,0.283,0.000,0.717
893000,0.239,0.000,0.761
893500,0.326,0.000,0.674
894000,0.170,0.000,0.830
894500,0.372,0.000,0.628
895000,0.250,0.000,0.750
895500,0.310,0.000,0.690
896000,0.257,0.000,0.743
896500,0.273,0.000,0.727
897000,0.244,0.000,0.756
897500,0.430,0.000,0.570
898000,0.301,0.000,0.699
898500,0.347,0.000,0.653
899000,0.243,0.000,0.757
899500,0.295,0.000,0.705
900000,0.378,0.000,0.622
900500,0.363,0.000,0.637
901000,0.322,0.000,0.678
901500,0.269,0.001,0.730
902000,0.329,0.000,0.671
902500,0.202,0.000,0.798
903000,0.186,0.000,0.814
903500,0.347,0.000,0.653
904000,0.319,0.000,0.681
904500,0.334,0.000,0.666
905000,0.339,0.000,0.661
905500,0.347,0.000,0.653
906000,0.275,0.000,0.725
906500,0.340,0.000,0.660
907000,0.285,0.000,0.715
907500,0.314,0.000,0.686
908000,0.372,0.000,0.628
908500,0.426,0.000,0.574
909000,0.413,0.000,0.587
909500,0.314,0.000,0.686
910000,0.426,0.000,0.574
910500,0.391,0.000,0.609
911000,0.292,0.000,0.708
911500,0.346,0.000,0.654
912000,0.393,0.000,0.607
912500,0.355,0.000,0.645
913000,0.312,0.000,0.688
913500,0.198,0.011,0.791
914000,0.355,0.000,0.645
914500,0.308,0.000,0.692
915000,0.240,0.000,0.760
915500,0.462,0.000,0.538
916000,0.354,0.000,0.646
916500,0.283,0.000,0.717
917000,0.337,0.000,0.663
917500,0.397,0.000,0.603
918000,0.317,0.000,0.683
918500,0.425,0.000,0.575
919000,0.293,0.000,0.707
919500,0.185,0.000,0.815
920000,0.317,0.000,0.683
920500,0.345,0.000,0.655
921000,0.350,0.000,0.650
921500,0.288,0.000,0.712
922000,0.459,0.000,0.541
922500,0.261,0.000,0.739
923000,0.396,0.000,0.604
923500,0.514,0.000,0.486
924000,0.392,0.000,0.608
924500,0.351,0.000,0.649
925000,0.290,0.000,0.710
925500,0.391,0.000,0.609
926000,0.372,0.000,0.628
926500,0.327,0.000,0.673
927000,0.301,0.000,0.699
927500,0.283,0.000,0.717
928000,0.297,0.000,0.703
928500,0.206,0.000,0.794
929000,0.383,0.000,0.617
929500,0.364,0.000,0.636
930000,0.327,0.000,0.673
930500,0.240,0.000,0.760
931000,0.315,0.000,0.685
931500,0.340,0.000,0.660
932000,0.298,0.000,0.702
932500,0.439,0.000,0.561
933000,0.364,0.000,0.636
933500,0.273,0.000,0.727
934000,0.278,0.000,0.722
934500,0.429,0.000,0.571
935000,0.320,0.000,0.680
935500,0.375,0.000,0.625
936000,0.378,0.000,0.622
936500,0.476,0.000,0.524
937000,0.280,0.000,0.720
937500,0.284,0.000,0.716
938000,0.429,0.000,0.571
938500,0.327,0.000,0.673
939000,0.307,0.000,0.693
939500,0.247,0.000,0.753
940000,0.203,0.000,0.797
940500,0.312,0.000,0.688
941000,0.431,0.000,0.569
941500,0.401,0.000,0.599
942000,0.414,0.000,0.586
942500,0.353,0.000,0.647
943000,0.382,0.000,0.618
943500,0.442,0.000,0.558
944000,0.449,0.000,0.551
944500,0.295,0.000,0.705
945000,0.300,0.000,0.700
945500,0.410,0.000,0.590
946000,0.331,0.000,0.669
946500,0.213,0.000,0.787
947000,0.284,0.000,0.716
947500,0.291,0.000,0.709
948000,0.301,0.000,0.699
948500,0.327,0.000,0.673
949000,0.397,0.000,0.603
949500,0.349,0.000,0.651
950000,0.461,0.000,0.539
950500,0.485,0.000,0.515
951000,0.355,0.000,0.645
951500,0.317,0.000,0.683
952000,0.332,0.000,0.668
952500,0.287,0.000,0.713
953000,0.210,0.014,0.776
953500,0.352,0.003,0.645
954000,0.401,0.000,0.599
954500,0.298,0.000,0.702
955000,0.311,0.000,0.689
955500,0.247,0.000,0.753
956000,0.264,0.000,0.736
956500,0.308,0.000,0.692
957000,0.250,0.000,0.750
957500,0.368,0.000,0.632
958000,0.398,0.000,0.602
958500,0.377,0.000,0.623
959000,0.387,0.000,0.613
959500,0.503,0.000,0.497
960000,0.276,0.000,0.724
960500,0.205,0.000,0.795
961000,0.412,0.000,0.588
961500,0.274,0.000,0.726
962000,0.365,0.000,0.635
962500,0.357,0.000,0.643
963000,0.346,0.000,0.654
963500,0.283,0.000,0.717
964000,0.332,0.000,0.668
964500,0.395,0.000,0.605
965000,0.491,0.000,0.509
965500,0.340,0.000,0.660
966000,0.231,0.000,0.769
966500,0.454,0.000,0.546
967000,0.324,0.000,0.676
967500,0.326,0.000,0.674
968000,0.300,0.000,0.700
968500,0.356,0.000,0.644
969000,0.386,0.000,0.614
969500,0.351,0.000,0.649
970000,0.331,0.000,0.669
970500,0.461,0.000,0.539
971000,0.244,0.000,0.756
971500,0.256,0.000,0.744
972000,0.378,0.000,0.622
972500,0.362,0.000,0.638
973000,0.364,0.000,0.636
973500,0.471,0.000,0.529
974000,0.322,0.000,0.678
974500,0.367,0.000,0.633
975000,0.328,0.000,0.672
975500,0.479,0.000,0.521
976000,0.323,0.000,0.677
976500,0.328,0.000,0.672
977000,0.287,0.000,0.713
977500,0.339,0.000,0.661
978000,0.351,0.000,0.649
978500,0.336,0.000,0.664
979000,0.217,0.000,0.783
979500,0.388,0.000,0.612
980000,0.368,0.000,0.632
980500,0.330,0.000,0.670
981000,0.228,0.000,0.772
981500,0.302,0.000,0.698
982000,0.281,0.000,0.719
982500,0.415,0.000,0.585
983000,0.302,0.000,0.698
983500,0.280,0.000,0.720
984000,0.431,0.000,0.569
984500,0.275,0.000,0.725
985000,0.450,0.000,0.550
985500,0.334,0.000,0.666
986000,0.316,0.000,0.684
986500,0.337,0.000,0.663
987000,0.350,0.000,0.650
987500,0.404,0.000,0.596
988000,0.300,0.000,0.700
988500,0.291,0.000,0.709
989000,0.333,0.000,0.667
989500,0.348,0.000,0.652
990000,0.340,0.000,0.660
990500,0.305,0.000,0.695
991000,0.249,0.000,0.751
991500,0.257,0.000,0.743
992000,0.326,0.000,0.674
992500,0.429,0.000,0.571
993000,0.483,0.000,0.517
993500,0.440,0.000,0.560
994000,0.415,0.000,0.585
994500,0.209,0.000,0.791
995000,0.405,0.000,0.595
995500,0.467,0.000,0.533
996000,0.333,0.000,0.667
996500,0.317,0.000,0.683
997000,0.364,0.000,0.636
997500,0.408,0.000,0.592
998000,0.410,0.000,0.590
998500,0.192,0.000,0.808
999000,0.348,0.000,0.652
999500,0.299,0.001,0.700
1000000,0.304,0.000,0.696
