time,n_A+p,n_B,n_AB
500,0.010,0.977,0.013
1000,0.010,0.949,0.041
1500,0.010,0.963,0.027
2000,0.010,0.923,0.067
2500,0.010,0.923,0.067
3000,0.010,0.920,0.070
3500,0.010,0.960,0.030
4000,0.010,0.936,0.053
4500,0.010,0.921,0.069
5000,0.010,0.912,0.078
5500,0.010,0.920,0.070
6000,0.010,0.904,0.086
6500,0.010,0.906,0.084
7000,0.010,0.898,0.092
7500,0.010,0.923,0.067
8000,0.010,0.933,0.056
8500,0.010,0.954,0.036
9000,0.010,0.951,0.039
9500,0.010,0.967,0.023
10000,0.010,0.963,0.027
10500,0.010,0.900,0.090
11000,0.010,0.948,0.042
11500,0.010,0.945,0.045
12000,0.010,0.953,0.037
12500,0.010,0.969,0.021
13000,0.010,0.904,0.086
13500,0.010,0.905,0.085
14000,0.010,0.878,0.112
14500,0.010,0.910,0.080
15000,0.010,0.901,0.089
15500,0.010,0.865,0.125
16000,0.010,0.845,0.145
16500,0.010,0.859,0.131
17000,0.010,0.921,0.069
17500,0.010,0.892,0.098
18000,0.010,0.913,0.077
18500,0.010,0.949,0.041
19000,0.010,0.965,0.025
19500,0.010,0.947,0.043
20000,0.010,0.950,0.040
20500,0.010,0.909,0.081
21000,0.010,0.879,0.111
21500,0.010,0.862,0.128
22000,0.010,0.818,0.172
22500,0.010,0.868,0.122
23000,0.010,0.911,0.079
23500,0.010,0.936,0.053
24000,0.010,0.933,0.056
24500,0.010,0.887,0.103
25000,0.010,0.927,0.063
25500,0.010,0.952,0.038
26000,0.010,0.962,0.028
26500,0.010,0.923,0.067
27000,0.010,0.937,0.053
27500,0.010,0.939,0.051
28000,0.010,0.885,0.105
28500,0.010,0.941,0.049
29000,0.010,0.938,0.052
29500,0.010,0.952,0.038
30000,0.010,0.961,0.029
30500,0.010,0.966,0.024
31000,0.010,0.948,0.042
31500,0.010,0.940,0.050
32000,0.010,0.959,0.031
32500,0.010,0.965,0.025
33000,0.010,0.940,0.050
33500,0.010,0.859,0.131
34000,0.010,0.906,0.084
34500,0.010,0.935,0.055
35000,0.010,0.965,0.025
35500,0.010,0.922,0.068
36000,0.010,0.930,0.059
36500,0.010,0.931,0.059
37000,0.010,0.951,0.039
37500,0.010,0.910,0.080
38000,0.010,0.947,0.043
38500,0.010,0.933,0.056
39000,0.010,0.928,0.061
39500,0.010,0.905,0.085
40000,0.010,0.936,0.054
40500,0.010,0.946,0.044
41000,0.010,0.949,0.041
41500,0.010,0.935,0.055
42000,0.010,0.933,0.056
42500,0.010,0.921,0.069
43000,0.010,0.955,0.035
43500,0.010,0.930,0.060
44000,0.010,0.902,0.088
44500,0.010,0.915,0.075
45000,0.010,0.916,0.074
45500,0.010,0.887,0.103
46000,0.010,0.874,0.116
46500,0.010,0.907,0.083
47000,0.010,0.944,0.046
47500,0.010,0.965,0.025
48000,0.010,0.926,0.064
48500,0.010,0.933,0.057
49000,0.010,0.928,0.061
49500,0.010,0.899,0.091
50000,0.010,0.868,0.122
50500,0.010,0.876,0.114
51000,0.010,0.906,0.084
51500,0.010,0.867,0.123
52000,0.010,0.891,0.099
52500,0.010,0.862,0.128
53000,0.010,0.821,0.169
53500,0.010,0.908,0.082
54000,0.010,0.917,0.073
54500,0.010,0.942,0.048
55000,0.010,0.961,0.029
55500,0.010,0.965,0.025
56000,0.010,0.934,0.056
56500,0.010,0.910,0.080
57000,0.010,0.948,0.042
57500,0.010,0.895,0.095
58000,0.010,0.920,0.070
58500,0.010,0.920,0.070
59000,0.010,0.939,0.051
59500,0.010,0.960,0.030
60000,0.010,0.948,0.042
60500,0.010,0.926,0.064
61000,0.010,0.929,0.061
61500,0.010,0.881,0.109
62000,0.010,0.936,0.053
62500,0.010,0.945,0.045
63000,0.010,0.972,0.018
63500,0.010,0.958,0.032
64000,0.010,0.933,0.057
64500,0.010,0.909,0.081
65000,0.010,0.901,0.089
65500,0.010,0.868,0.122
66000,0.010,0.818,0.172
66500,0.010,0.849,0.141
67000,0.010,0.873,0.117
67500,0.010,0.897,0.093
68000,0.010,0.898,0.092
68500,0.010,0.908,0.082
69000,0.010,0.887,0.103
69500,0.010,0.917,0.073
70000,0.010,0.916,0.074
70500,0.010,0.883,0.107
71000,0.010,0.863,0.127
71500,0.010,0.873,0.117
72000,0.010,0.877,0.113
72500,0.010,0.881,0.109
73000,0.010,0.868,0.122
73500,0.010,0.873,0.117
74000,0.010,0.848,0.142
74500,0.010,0.851,0.139
75000,0.010,0.888,0.102
75500,0.010,0.923,0.067
76000,0.010,0.914,0.076
76500,0.010,0.941,0.049
77000,0.010,0.878,0.112
77500,0.010,0.905,0.085
78000,0.010,0.894,0.096
78500,0.010,0.889,0.101
79000,0.010,0.877,0.113
79500,0.010,0.917,0.073
80000,0.010,0.942,0.048
80500,0.010,0.967,0.023
81000,0.010,0.973,0.017
81500,0.010,0.975,0.015
82000,0.010,0.943,0.047
82500,0.010,0.952,0.038
83000,0.010,0.914,0.076
83500,0.010,0.947,0.043
84000,0.010,0.966,0.024
84500,0.010,0.978,0.012
85000,0.010,0.940,0.050
85500,0.010,0.933,0.056
86000,0.010,0.926,0.064
86500,0.010,0.927,0.063
87000,0.010,0.945,0.045
87500,0.010,0.958,0.032
88000,0.010,0.930,0.060
88500,0.010,0.947,0.043
89000,0.010,0.961,0.029
89500,0.010,0.946,0.044
90000,0.010,0.944,0.046
90500,0.010,0.928,0.061
91000,0.010,0.906,0.084
91500,0.010,0.907,0.083
92000,0.010,0.918,0.072
92500,0.010,0.898,0.092
93000,0.010,0.912,0.078
93500,0.010,0.927,0.063
94000,0.010,0.930,0.060
94500,0.010,0.934,0.056
95000,0.010,0.971,0.019
95500,0.010,0.975,0.015
96000,0.010,0.962,0.028
96500,0.010,0.942,0.048
97000,0.010,0.940,0.050
97500,0.010,0.876,0.114
98000,0.010,0.902,0.088
98500,0.010,0.891,0.099
99000,0.010,0.929,0.061
99500,0.010,0.877,0.113
100000,0.010,0.908,0.082
100500,0.010,0.916,0.074
101000,0.010,0.877,0.113
101500,0.010,0.921,0.069
102000,0.010,0.921,0.069
102500,0.010,0.904,0.086
103000,0.010,0.910,0.080
103500,0.010,0.952,0.038
104000,0.010,0.965,0.025
104500,0.010,0.932,0.057
105000,0.010,0.913,0.077
105500,0.010,0.880,0.110
106000,0.010,0.879,0.111
106500,0.010,0.917,0.073
107000,0.010,0.942,0.048
107500,0.010,0.932,0.058
108000,0.010,0.935,0.054
108500,0.010,0.913,0.077
109000,0.010,0.942,0.048
109500,0.010,0.930,0.060
110000,0.010,0.896,0.094
110500,0.010,0.870,0.120
111000,0.010,0.868,0.122
111500,0.010,0.835,0.155
112000,0.010,0.890,0.100
112500,0.010,0.934,0.055
113000,0.010,0.906,0.084
113500,0.010,0.930,0.059
114000,0.010,0.919,0.071
114500,0.010,0.917,0.073
115000,0.010,0.957,0.033
115500,0.010,0.946,0.044
116000,0.010,0.977,0.013
116500,0.010,0.894,0.096
117000,0.010,0.864,0.126
117500,0.010,0.948,0.042
118000,0.010,0.918,0.072
118500,0.010,0.898,0.092
119000,0.010,0.887,0.103
119500,0.010,0.921,0.069
120000,0.010,0.934,0.056
120500,0.010,0.942,0.048
121000,0.010,0.931,0.059
121500,0.010,0.918,0.072
122000,0.010,0.969,0.021
122500,0.010,0.953,0.037
123000,0.010,0.935,0.055
123500,0.010,0.926,0.064
124000,0.010,0.949,0.041
124500,0.010,0.950,0.040
125000,0.010,0.909,0.081
125500,0.010,0.946,0.044
126000,0.010,0.956,0.034
126500,0.010,0.961,0.029
127000,0.010,0.943,0.047
127500,0.010,0.900,0.090
128000,0.010,0.903,0.087
128500,0.010,0.917,0.073
129000,0.010,0.883,0.107
129500,0.010,0.891,0.099
130000,0.010,0.901,0.089
130500,0.010,0.901,0.089
131000,0.010,0.918,0.072
131500,0.010,0.917,0.073
132000,0.010,0.898,0.092
132500,0.010,0.922,0.068
133000,0.010,0.948,0.042
133500,0.010,0.931,0.058
134000,0.010,0.942,0.048
134500,0.010,0.922,0.068
135000,0.010,0.917,0.073
135500,0.010,0.881,0.109
136000,0.010,0.854,0.136
136500,0.010,0.857,0.133
137000,0.010,0.882,0.108
137500,0.010,0.872,0.118
138000,0.010,0.885,0.105
138500,0.010,0.917,0.073
139000,0.010,0.951,0.039
139500,0.010,0.888,0.102
140000,0.010,0.905,0.085
140500,0.010,0.895,0.095
141000,0.010,0.878,0.112
141500,0.010,0.876,0.114
142000,0.010,0.911,0.079
142500,0.010,0.925,0.065
143000,0.010,0.901,0.089
143500,0.010,0.945,0.045
144000,0.010,0.940,0.050
144500,0.010,0.901,0.089
145000,0.010,0.897,0.093
145500,0.010,0.927,0.062
146000,0.010,0.888,0.102
146500,0.010,0.919,0.071
147000,0.010,0.935,0.055
147500,0.010,0.920,0.070
148000,0.010,0.923,0.067
148500,0.010,0.931,0.058
149000,0.010,0.960,0.030
149500,0.010,0.974,0.016
150000,0.010,0.953,0.037
150500,0.010,0.940,0.050
151000,0.010,0.931,0.059
151500,0.010,0.946,0.044
152000,0.010,0.921,0.069
152500,0.010,0.947,0.043
153000,0.010,0.916,0.074
153500,0.010,0.930,0.059
154000,0.010,0.946,0.044
154500,0.010,0.957,0.033
155000,0.010,0.967,0.023
155500,0.010,0.918,0.072
156000,0.010,0.903,0.087
156500,0.010,0.887,0.103
157000,0.010,0.937,0.053
157500,0.010,0.929,0.060
158000,0.010,0.922,0.068
158500,0.010,0.897,0.093
159000,0.010,0.916,0.074
159500,0.010,0.911,0.079
160000,0.010,0.873,0.117
160500,0.010,0.868,0.122
161000,0.010,0.883,0.107
161500,0.010,0.918,0.072
162000,0.010,0.908,0.082
162500,0.010,0.890,0.100
163000,0.010,0.917,0.073
163500,0.010,0.912,0.078
164000,0.010,0.947,0.043
164500,0.010,0.921,0.069
165000,0.010,0.861,0.129
165500,0.010,0.896,0.094
166000,0.010,0.904,0.086
166500,0.010,0.911,0.079
167000,0.010,0.894,0.096
167500,0.010,0.903,0.087
168000,0.010,0.923,0.067
168500,0.010,0.952,0.038
169000,0.010,0.933,0.057
169500,0.010,0.946,0.044
170000,0.010,0.969,0.021
170500,0.010,0.975,0.015
171000,0.010,0.939,0.051
171500,0.010,0.933,0.056
172000,0.010,0.923,0.067
172500,0.010,0.931,0.059
173000,0.010,0.933,0.057
173500,0.010,0.927,0.063
174000,0.010,0.907,0.083
174500,0.010,0.934,0.055
175000,0.010,0.918,0.072
175500,0.010,0.933,0.057
176000,0.010,0.953,0.037
176500,0.010,0.953,0.037
177000,0.010,0.930,0.060
177500,0.010,0.917,0.073
178000,0.010,0.889,0.101
178500,0.010,0.884,0.106
179000,0.010,0.866,0.124
179500,0.010,0.901,0.089
180000,0.010,0.911,0.079
180500,0.010,0.899,0.091
181000,0.010,0.929,0.060
181500,0.010,0.923,0.067
182000,0.010,0.966,0.024
182500,0.010,0.981,0.009
183000,0.010,0.979,0.011
183500,0.010,0.960,0.030
184000,0.010,0.966,0.024
184500,0.010,0.933,0.056
185000,0.010,0.905,0.085
185500,0.010,0.905,0.085
186000,0.010,0.931,0.059
186500,0.010,0.962,0.028
187000,0.010,0.948,0.042
187500,0.010,0.927,0.062
188000,0.010,0.952,0.038
188500,0.010,0.954,0.036
189000,0.010,0.943,0.047
189500,0.010,0.917,0.073
190000,0.010,0.914,0.076
190500,0.010,0.892,0.098
191000,0.010,0.889,0.101
191500,0.010,0.859,0.131
192000,0.010,0.885,0.105
192500,0.010,0.893,0.097
193000,0.010,0.865,0.125
193500,0.010,0.883,0.107
194000,0.010,0.849,0.141
194500,0.010,0.933,0.057
195000,0.010,0.865,0.125
195500,0.010,0.889,0.101
196000,0.010,0.888,0.102
196500,0.010,0.871,0.119
197000,0.010,0.902,0.088
197500,0.010,0.936,0.053
198000,0.010,0.953,0.037
198500,0.010,0.931,0.059
199000,0.010,0.898,0.092
199500,0.010,0.917,0.073
200000,0.010,0.945,0.045
200500,0.010,0.954,0.036
201000,0.010,0.889,0.101
201500,0.010,0.919,0.071
202000,0.010,0.933,0.056
202500,0.010,0.953,0.037
203000,0.010,0.948,0.042
203500,0.010,0.956,0.034
204000,0.010,0.951,0.039
204500,0.010,0.898,0.092
205000,0.010,0.913,0.077
205500,0.010,0.926,0.064
206000,0.010,0.928,0.061
206500,0.010,0.927,0.062
207000,0.010,0.947,0.043
207500,0.010,0.954,0.036
208000,0.010,0.953,0.037
208500,0.010,0.937,0.053
209000,0.010,0.924,0.066
209500,0.010,0.969,0.021
210000,0.010,0.970,0.020
210500,0.010,0.967,0.023
211000,0.010,0.947,0.043
211500,0.010,0.978,0.012
212000,0.010,0.951,0.039
212500,0.010,0.949,0.041
213000,0.010,0.960,0.030
213500,0.010,0.949,0.041
214000,0.010,0.917,0.073
214500,0.010,0.946,0.044
215000,0.010,0.955,0.035
215500,0.010,0.954,0.036
216000,0.010,0.924,0.066
216500,0.010,0.924,0.066
217000,0.010,0.926,0.064
217500,0.010,0.911,0.079
218000,0.010,0.962,0.028
218500,0.010,0.933,0.057
219000,0.010,0.967,0.023
219500,0.010,0.959,0.031
220000,0.010,0.950,0.040
220500,0.010,0.930,0.059
221000,0.010,0.869,0.121
221500,0.010,0.845,0.145
222000,0.010,0.877,0.113
222500,0.010,0.913,0.077
223000,0.010,0.928,0.061
223500,0.010,0.927,0.062
224000,0.010,0.934,0.055
224500,0.010,0.889,0.101
225000,0.010,0.911,0.079
225500,0.010,0.900,0.090
226000,0.010,0.914,0.076
226500,0.010,0.898,0.092
227000,0.010,0.919,0.071
227500,0.010,0.854,0.136
228000,0.010,0.929,0.061
228500,0.010,0.945,0.045
229000,0.010,0.943,0.047
229500,0.010,0.937,0.053
230000,0.010,0.926,0.064
230500,0.010,0.927,0.062
231000,0.010,0.970,0.020
231500,0.010,0.963,0.027
232000,0.010,0.917,0.073
232500,0.010,0.922,0.068
233000,0.010,0.925,0.065
233500,0.010,0.917,0.073
234000,0.010,0.930,0.060
234500,0.010,0.915,0.075
235000,0.010,0.912,0.078
235500,0.010,0.932,0.057
236000,0.010,0.954,0.036
236500,0.010,0.962,0.028
237000,0.010,0.909,0.081
237500,0.010,0.923,0.067
238000,0.010,0.918,0.072
238500,0.010,0.948,0.042
239000,0.010,0.901,0.089
239500,0.010,0.881,0.109
240000,0.010,0.921,0.069
240500,0.010,0.929,0.061
241000,0.010,0.945,0.045
241500,0.010,0.953,0.037
242000,0.010,0.963,0.027
242500,0.010,0.964,0.026
243000,0.010,0.980,0.010
243500,0.010,0.971,0.019
244000,0.010,0.948,0.042
244500,0.010,0.957,0.033
245000,0.010,0.922,0.068
245500,0.010,0.948,0.042
246000,0.010,0.945,0.045
246500,0.010,0.950,0.040
247000,0.010,0.950,0.040
247500,0.010,0.868,0.122
248000,0.010,0.896,0.094
248500,0.010,0.882,0.108
249000,0.010,0.871,0.119
249500,0.010,0.918,0.072
250000,0.010,0.885,0.105
250500,0.010,0.919,0.071
251000,0.010,0.906,0.084
251500,0.010,0.953,0.037
252000,0.010,0.969,0.021
252500,0.010,0.978,0.012
253000,0.010,0.986,0.004
253500,0.010,0.966,0.024
254000,0.010,0.923,0.067
254500,0.010,0.911,0.079
255000,0.010,0.914,0.076
255500,0.010,0.844,0.146
256000,0.010,0.881,0.109
256500,0.010,0.936,0.053
257000,0.010,0.960,0.030
257500,0.010,0.960,0.030
258000,0.010,0.930,0.060
258500,0.010,0.928,0.061
259000,0.010,0.944,0.046
259500,0.010,0.931,0.058
260000,0.010,0.960,0.030
260500,0.010,0.966,0.024
261000,0.010,0.967,0.023
261500,0.010,0.916,0.074
262000,0.010,0.923,0.067
262500,0.010,0.937,0.053
263000,0.010,0.900,0.090
263500,0.010,0.903,0.087
264000,0.010,0.921,0.069
264500,0.010,0.916,0.074
265000,0.010,0.929,0.061
265500,0.010,0.946,0.044
266000,0.010,0.931,0.058
266500,0.010,0.941,0.049
267000,0.010,0.958,0.032
267500,0.010,0.925,0.065
268000,0.010,0.936,0.054
268500,0.010,0.932,0.058
269000,0.010,0.938,0.052
269500,0.010,0.939,0.051
270000,0.010,0.964,0.026
270500,0.010,0.929,0.060
271000,0.010,0.947,0.043
271500,0.010,0.946,0.044
272000,0.010,0.952,0.038
272500,0.010,0.918,0.072
273000,0.010,0.923,0.067
273500,0.010,0.943,0.047
274000,0.010,0.937,0.053
274500,0.010,0.927,0.062
275000,0.010,0.946,0.044
275500,0.010,0.955,0.035
276000,0.010,0.941,0.049
276500,0.010,0.957,0.033
277000,0.010,0.940,0.050
277500,0.010,0.893,0.097
278000,0.010,0.883,0.107
278500,0.010,0.923,0.067
279000,0.010,0.912,0.078
279500,0.010,0.874,0.116
280000,0.010,0.928,0.061
280500,0.010,0.957,0.033
281000,0.010,0.938,0.052
281500,0.010,0.942,0.048
282000,0.010,0.961,0.029
282500,0.010,0.933,0.057
283000,0.010,0.890,0.100
283500,0.010,0.897,0.093
284000,0.010,0.838,0.152
284500,0.010,0.865,0.125
285000,0.010,0.883,0.107
285500,0.010,0.895,0.095
286000,0.010,0.899,0.091
286500,0.010,0.922,0.068
287000,0.010,0.930,0.059
287500,0.010,0.946,0.044
288000,0.010,0.927,0.062
288500,0.010,0.952,0.038
289000,0.010,0.931,0.058
289500,0.010,0.870,0.120
290000,0.010,0.880,0.110
290500,0.010,0.909,0.081
291000,0.010,0.949,0.041
291500,0.010,0.936,0.054
292000,0.010,0.969,0.021
292500,0.010,0.970,0.020
293000,0.010,0.960,0.030
293500,0.010,0.964,0.026
294000,0.010,0.956,0.034
294500,0.010,0.928,0.061
295000,0.010,0.969,0.021
295500,0.010,0.958,0.032
296000,0.010,0.929,0.060
296500,0.010,0.927,0.062
297000,0.010,0.916,0.074
297500,0.010,0.922,0.068
298000,0.010,0.916,0.074
298500,0.010,0.944,0.046
299000,0.010,0.962,0.028
299500,0.010,0.953,0.037
300000,0.010,0.951,0.039
300500,0.010,0.918,0.072
301000,0.010,0.845,0.145
301500,0.010,0.896,0.094
302000,0.010,0.888,0.102
302500,0.010,0.918,0.072
303000,0.010,0.906,0.084
303500,0.010,0.906,0.084
304000,0.010,0.917,0.073
304500,0.010,0.897,0.093
305000,0.010,0.929,0.060
305500,0.010,0.944,0.046
306000,0.010,0.907,0.083
306500,0.010,0.876,0.114
307000,0.010,0.920,0.070
307500,0.010,0.915,0.075
308000,0.010,0.889,0.101
308500,0.010,0.891,0.099
309000,0.010,0.891,0.099
309500,0.010,0.926,0.064
310000,0.010,0.884,0.106
310500,0.010,0.926,0.064
311000,0.010,0.940,0.050
311500,0.010,0.919,0.071
312000,0.010,0.889,0.101
312500,0.010,0.918,0.072
313000,0.010,0.912,0.078
313500,0.010,0.903,0.087
314000,0.010,0.912,0.078
314500,0.010,0.912,0.078
315000,0.010,0.891,0.099
315500,0.010,0.897,0.093
316000,0.010,0.886,0.104
316500,0.010,0.876,0.114
317000,0.010,0.905,0.085
317500,0.010,0.898,0.092
318000,0.010,0.939,0.051
318500,0.010,0.959,0.031
319000,0.010,0.932,0.058
319500,0.010,0.919,0.071
320000,0.010,0.957,0.033
320500,0.010,0.947,0.043
321000,0.010,0.935,0.055
321500,0.010,0.897,0.093
322000,0.010,0.924,0.066
322500,0.010,0.939,0.051
323000,0.010,0.931,0.059
323500,0.010,0.938,0.052
324000,0.010,0.915,0.075
324500,0.010,0.932,0.058
325000,0.010,0.939,0.051
325500,0.010,0.969,0.021
326000,0.010,0.960,0.030
326500,0.010,0.910,0.080
327000,0.010,0.938,0.052
327500,0.010,0.926,0.064
328000,0.010,0.955,0.035
328500,0.010,0.975,0.015
329000,0.010,0.982,0.008
329500,0.010,0.953,0.037
330000,0.010,0.968,0.022
330500,0.010,0.951,0.039
331000,0.010,0.960,0.030
331500,0.010,0.904,0.086
332000,0.010,0.929,0.061
332500,0.010,0.961,0.029
333000,0.010,0.970,0.020
333500,0.010,0.970,0.020
334000,0.010,0.973,0.017
334500,0.010,0.926,0.064
335000,0.010,0.894,0.096
335500,0.010,0.895,0.095
336000,0.010,0.886,0.104
336500,0.010,0.834,0.156
337000,0.010,0.842,0.148
337500,0.010,0.874,0.116
338000,0.010,0.892,0.098
338500,0.010,0.905,0.085
339000,0.010,0.922,0.068
339500,0.010,0.895,0.095
340000,0.010,0.878,0.112
340500,0.010,0.913,0.077
341000,0.010,0.911,0.079
341500,0.010,0.918,0.072
342000,0.010,0.908,0.082
342500,0.010,0.910,0.080
343000,0.010,0.944,0.046
343500,0.010,0.912,0.078
344000,0.010,0.945,0.045
344500,0.010,0.952,0.038
345000,0.010,0.968,0.022
345500,0.010,0.940,0.050
346000,0.010,0.935,0.054
346500,0.010,0.901,0.089
347000,0.010,0.908,0.082
347500,0.010,0.931,0.059
348000,0.010,0.906,0.084
348500,0.010,0.929,0.061
349000,0.010,0.903,0.087
349500,0.010,0.901,0.089
350000,0.010,0.915,0.075
350500,0.010,0.885,0.105
351000,0.010,0.875,0.115
351500,0.010,0.927,0.062
352000,0.010,0.919,0.071
352500,0.010,0.948,0.042
353000,0.010,0.949,0.041
353500,0.010,0.967,0.023
354000,0.010,0.962,0.028
354500,0.010,0.942,0.048
355000,0.010,0.954,0.036
355500,0.010,0.977,0.013
356000,0.010,0.974,0.016
356500,0.010,0.965,0.025
357000,0.010,0.954,0.036
357500,0.010,0.911,0.079
358000,0.010,0.956,0.034
358500,0.010,0.881,0.109
359000,0.010,0.869,0.121
359500,0.010,0.938,0.052
360000,0.010,0.967,0.023
360500,0.010,0.980,0.010
361000,0.010,0.973,0.017
361500,0.010,0.918,0.072
362000,0.010,0.938,0.052
362500,0.010,0.919,0.071
363000,0.010,0.960,0.030
363500,0.010,0.955,0.035
364000,0.010,0.946,0.044
364500,0.010,0.927,0.063
365000,0.010,0.930,0.060
365500,0.010,0.916,0.074
366000,0.010,0.929,0.060
366500,0.010,0.934,0.055
367000,0.010,0.948,0.042
367500,0.010,0.980,0.010
368000,0.010,0.947,0.043
368500,0.010,0.912,0.078
369000,0.010,0.918,0.072
369500,0.010,0.890,0.100
370000,0.010,0.905,0.085
370500,0.010,0.956,0.034
371000,0.010,0.984,0.006
371500,0.010,0.958,0.032
372000,0.010,0.960,0.030
372500,0.010,0.924,0.066
373000,0.010,0.930,0.060
373500,0.010,0.905,0.085
374000,0.010,0.921,0.069
374500,0.010,0.827,0.163
375000,0.010,0.891,0.099
375500,0.010,0.920,0.070
376000,0.010,0.914,0.076
376500,0.010,0.913,0.077
377000,0.010,0.906,0.084
377500,0.010,0.924,0.066
378000,0.010,0.927,0.063
378500,0.010,0.912,0.078
379000,0.010,0.918,0.072
379500,0.010,0.903,0.087
380000,0.010,0.906,0.084
380500,0.010,0.870,0.120
381000,0.010,0.883,0.107
381500,0.010,0.924,0.066
382000,0.010,0.910,0.080
382500,0.010,0.928,0.062
383000,0.010,0.947,0.043
383500,0.010,0.927,0.062
384000,0.010,0.922,0.068
384500,0.010,0.878,0.112
385000,0.010,0.920,0.070
385500,0.010,0.945,0.045
386000,0.010,0.900,0.090
386500,0.010,0.923,0.067
387000,0.010,0.919,0.071
387500,0.010,0.909,0.081
388000,0.010,0.895,0.095
388500,0.010,0.900,0.090
389000,0.010,0.880,0.110
389500,0.010,0.884,0.106
390000,0.010,0.852,0.138
390500,0.010,0.868,0.122
391000,0.010,0.891,0.099
391500,0.010,0.887,0.103
392000,0.010,0.891,0.099
392500,0.010,0.889,0.101
393000,0.010,0.884,0.106
393500,0.010,0.883,0.107
394000,0.010,0.899,0.091
394500,0.010,0.899,0.091
395000,0.010,0.873,0.117
395500,0.010,0.933,0.057
396000,0.010,0.942,0.048
396500,0.010,0.923,0.067
397000,0.010,0.925,0.065
397500,0.010,0.927,0.062
398000,0.010,0.950,0.040
398500,0.010,0.886,0.104
399000,0.010,0.854,0.136
399500,0.010,0.849,0.141
400000,0.010,0.887,0.103
400500,0.010,0.888,0.102
401000,0.010,0.896,0.094
401500,0.010,0.916,0.074
402000,0.010,0.868,0.122
402500,0.010,0.861,0.129
403000,0.010,0.892,0.098
403500,0.010,0.922,0.068
404000,0.010,0.951,0.039
404500,0.010,0.961,0.029
405000,0.010,0.965,0.025
405500,0.010,0.932,0.058
406000,0.010,0.955,0.035
406500,0.010,0.945,0.045
407000,0.010,0.946,0.044
407500,0.010,0.936,0.053
408000,0.010,0.927,0.063
408500,0.010,0.949,0.041
409000,0.010,0.965,0.025
409500,0.010,0.959,0.031
410000,0.010,0.960,0.030
410500,0.010,0.934,0.055
411000,0.010,0.917,0.073
411500,0.010,0.930,0.060
412000,0.010,0.939,0.051
412500,0.010,0.944,0.046
413000,0.010,0.922,0.068
413500,0.010,0.901,0.089
414000,0.010,0.939,0.051
414500,0.010,0.955,0.035
415000,0.010,0.940,0.050
415500,0.010,0.964,0.026
416000,0.010,0.931,0.059
416500,0.010,0.933,0.056
417000,0.010,0.958,0.032
417500,0.010,0.950,0.040
418000,0.010,0.948,0.042
418500,0.010,0.926,0.064
419000,0.010,0.911,0.079
419500,0.010,0.862,0.128
420000,0.010,0.933,0.057
420500,0.010,0.905,0.085
421000,0.010,0.926,0.064
421500,0.010,0.925,0.065
422000,0.010,0.930,0.059
422500,0.010,0.920,0.070
423000,0.010,0.906,0.084
423500,0.010,0.933,0.057
424000,0.010,0.891,0.099
424500,0.010,0.887,0.103
425000,0.010,0.884,0.106
425500,0.010,0.918,0.072
426000,0.010,0.950,0.040
426500,0.010,0.919,0.071
427000,0.010,0.939,0.051
427500,0.010,0.929,0.061
428000,0.010,0.949,0.041
428500,0.010,0.948,0.042
429000,0.010,0.916,0.074
429500,0.010,0.931,0.059
430000,0.010,0.889,0.101
430500,0.010,0.925,0.065
431000,0.010,0.903,0.087
431500,0.010,0.922,0.068
432000,0.010,0.960,0.030
432500,0.010,0.956,0.034
433000,0.010,0.942,0.048
433500,0.010,0.958,0.032
434000,0.010,0.902,0.088
434500,0.010,0.873,0.117
435000,0.010,0.911,0.079
435500,0.010,0.919,0.071
436000,0.010,0.938,0.052
436500,0.010,0.933,0.057
437000,0.010,0.902,0.088
437500,0.010,0.936,0.053
438000,0.010,0.926,0.064
438500,0.010,0.925,0.065
439000,0.010,0.901,0.089
439500,0.010,0.900,0.090
440000,0.010,0.866,0.124
440500,0.010,0.893,0.097
441000,0.010,0.864,0.126
441500,0.010,0.898,0.092
442000,0.010,0.930,0.059
442500,0.010,0.943,0.047
443000,0.010,0.930,0.060
443500,0.010,0.942,0.048
444000,0.010,0.877,0.113
444500,0.010,0.891,0.099
445000,0.010,0.908,0.082
445500,0.010,0.932,0.058
446000,0.010,0.919,0.071
446500,0.010,0.946,0.044
447000,0.010,0.949,0.041
447500,0.010,0.928,0.062
448000,0.010,0.896,0.094
448500,0.010,0.915,0.075
449000,0.010,0.944,0.046
449500,0.010,0.940,0.050
450000,0.010,0.907,0.083
450500,0.010,0.884,0.106
451000,0.010,0.844,0.146
451500,0.010,0.926,0.064
452000,0.010,0.932,0.058
452500,0.010,0.910,0.080
453000,0.010,0.907,0.083
453500,0.010,0.949,0.041
454000,0.010,0.961,0.029
454500,0.010,0.934,0.055
455000,0.010,0.909,0.081
455500,0.010,0.882,0.108
456000,0.010,0.885,0.105
456500,0.010,0.879,0.111
457000,0.010,0.930,0.059
457500,0.010,0.927,0.062
458000,0.010,0.936,0.054
458500,0.010,0.941,0.049
459000,0.010,0.969,0.021
459500,0.010,0.953,0.037
460000,0.010,0.955,0.035
460500,0.010,0.959,0.031
461000,0.010,0.946,0.044
461500,0.010,0.954,0.036
462000,0.010,0.928,0.062
462500,0.010,0.901,0.089
463000,0.010,0.918,0.072
463500,0.010,0.951,0.039
464000,0.010,0.952,0.038
464500,0.010,0.984,0.006
465000,0.010,0.972,0.018
465500,0.010,0.975,0.015
466000,0.010,0.976,0.014
466500,0.010,0.936,0.053
467000,0.010,0.879,0.111
467500,0.010,0.873,0.117
468000,0.010,0.865,0.125
468500,0.010,0.881,0.109
469000,0.010,0.936,0.053
469500,0.010,0.915,0.075
470000,0.010,0.937,0.053
470500,0.010,0.917,0.073
471000,0.010,0.908,0.082
471500,0.010,0.875,0.115
472000,0.010,0.917,0.073
472500,0.010,0.901,0.089
473000,0.010,0.864,0.126
473500,0.010,0.914,0.076
474000,0.010,0.931,0.059
474500,0.010,0.958,0.032
475000,0.010,0.904,0.086
475500,0.010,0.920,0.070
476000,0.010,0.933,0.057
476500,0.010,0.921,0.069
477000,0.010,0.916,0.074
477500,0.010,0.902,0.088
478000,0.010,0.897,0.093
478500,0.010,0.946,0.044
479000,0.010,0.943,0.047
479500,0.010,0.903,0.087
480000,0.010,0.903,0.087
480500,0.010,0.925,0.065
481000,0.010,0.872,0.118
481500,0.010,0.901,0.089
482000,0.010,0.869,0.121
482500,0.010,0.913,0.077
483000,0.010,0.904,0.086
483500,0.010,0.893,0.097
484000,0.010,0.941,0.049
484500,0.010,0.948,0.042
485000,0.010,0.940,0.050
485500,0.010,0.904,0.086
486000,0.010,0.927,0.062
486500,0.010,0.885,0.105
487000,0.010,0.904,0.086
487500,0.010,0.884,0.106
488000,0.010,0.894,0.096
488500,0.010,0.896,0.094
489000,0.010,0.932,0.058
489500,0.010,0.954,0.036
490000,0.010,0.967,0.023
490500,0.010,0.960,0.030
491000,0.010,0.944,0.046
491500,0.010,0.976,0.014
492000,0.010,0.972,0.018
492500,0.010,0.953,0.037
493000,0.010,0.954,0.036
493500,0.010,0.945,0.045
494000,0.010,0.882,0.108
494500,0.010,0.868,0.122
495000,0.010,0.876,0.114
495500,0.010,0.892,0.098
496000,0.010,0.951,0.039
496500,0.010,0.942,0.048
497000,0.010,0.941,0.049
497500,0.010,0.885,0.105
498000,0.010,0.856,0.134
498500,0.010,0.849,0.141
499000,0.010,0.819,0.171
499500,0.010,0.822,0.168
500000,0.010,0.861,0.129
500500,0.010,0.925,0.065
501000,0.010,0.895,0.095
501500,0.010,0.909,0.081
502000,0.010,0.894,0.096
502500,0.010,0.890,0.100
503000,0.010,0.876,0.114
503500,0.010,0.906,0.084
504000,0.010,0.918,0.072
504500,0.010,0.960,0.030
505000,0.010,0.932,0.057
505500,0.010,0.928,0.062
506000,0.010,0.936,0.054
506500,0.010,0.938,0.052
507000,0.010,0.945,0.045
507500,0.010,0.925,0.065
508000,0.010,0.960,0.030
508500,0.010,0.975,0.015
509000,0.010,0.951,0.039
509500,0.010,0.947,0.043
510000,0.010,0.958,0.032
510500,0.010,0.973,0.017
511000,0.010,0.930,0.059
511500,0.010,0.890,0.100
512000,0.010,0.896,0.094
512500,0.010,0.913,0.077
513000,0.010,0.875,0.115
513500,0.010,0.900,0.090
514000,0.010,0.951,0.039
514500,0.010,0.925,0.065
515000,0.010,0.926,0.064
515500,0.010,0.895,0.095
516000,0.010,0.934,0.056
516500,0.010,0.954,0.036
517000,0.010,0.938,0.052
517500,0.010,0.921,0.069
518000,0.010,0.932,0.058
518500,0.010,0.891,0.099
519000,0.010,0.916,0.074
519500,0.010,0.931,0.059
520000,0.010,0.944,0.046
520500,0.010,0.925,0.065
521000,0.010,0.931,0.059
521500,0.010,0.948,0.042
522000,0.010,0.939,0.051
522500,0.010,0.931,0.059
523000,0.010,0.923,0.067
523500,0.010,0.919,0.071
524000,0.010,0.870,0.120
524500,0.010,0.892,0.098
525000,0.010,0.947,0.043
525500,0.010,0.930,0.059
526000,0.010,0.939,0.051
526500,0.010,0.908,0.082
527000,0.010,0.882,0.108
527500,0.010,0.890,0.100
528000,0.010,0.923,0.067
528500,0.010,0.918,0.072
529000,0.010,0.921,0.069
529500,0.010,0.919,0.071
530000,0.010,0.862,0.128
530500,0.010,0.915,0.075
531000,0.010,0.919,0.071
531500,0.010,0.947,0.043
532000,0.010,0.942,0.048
532500,0.010,0.951,0.039
533000,0.010,0.919,0.071
533500,0.010,0.941,0.049
534000,0.010,0.952,0.038
534500,0.010,0.898,0.092
535000,0.010,0.918,0.072
535500,0.010,0.928,0.062
536000,0.010,0.935,0.054
536500,0.010,0.852,0.138
537000,0.010,0.869,0.121
537500,0.010,0.902,0.088
538000,0.010,0.919,0.071
538500,0.010,0.930,0.060
539000,0.010,0.918,0.072
539500,0.010,0.931,0.058
540000,0.010,0.952,0.038
540500,0.010,0.944,0.046
541000,0.010,0.949,0.041
541500,0.010,0.922,0.068
542000,0.010,0.944,0.046
542500,0.010,0.949,0.041
543000,0.010,0.925,0.065
543500,0.010,0.892,0.098
544000,0.010,0.951,0.039
544500,0.010,0.888,0.102
545000,0.010,0.872,0.118
545500,0.010,0.916,0.074
546000,0.010,0.909,0.081
546500,0.010,0.912,0.078
547000,0.010,0.919,0.071
547500,0.010,0.932,0.057
548000,0.010,0.911,0.079
548500,0.010,0.865,0.125
549000,0.010,0.842,0.148
549500,0.010,0.880,0.110
550000,0.010,0.876,0.114
550500,0.010,0.889,0.101
551000,0.010,0.886,0.104
551500,0.010,0.944,0.046
552000,0.010,0.957,0.033
552500,0.010,0.984,0.006
553000,0.010,0.976,0.014
553500,0.010,0.982,0.008
554000,0.010,0.973,0.017
554500,0.010,0.947,0.043
555000,0.010,0.942,0.048
555500,0.010,0.919,0.071
556000,0.010,0.944,0.046
556500,0.010,0.939,0.051
557000,0.010,0.954,0.036
557500,0.010,0.951,0.039
558000,0.010,0.941,0.049
558500,0.010,0.964,0.026
559000,0.010,0.938,0.052
559500,0.010,0.947,0.043
560000,0.010,0.969,0.021
560500,0.010,0.947,0.043
561000,0.010,0.939,0.051
561500,0.010,0.953,0.037
562000,0.010,0.958,0.032
562500,0.010,0.945,0.045
563000,0.010,0.933,0.056
563500,0.010,0.948,0.042
564000,0.010,0.904,0.086
564500,0.010,0.936,0.053
565000,0.010,0.905,0.085
565500,0.010,0.940,0.050
566000,0.010,0.916,0.074
566500,0.010,0.863,0.127
567000,0.010,0.897,0.093
567500,0.010,0.911,0.079
568000,0.010,0.919,0.071
568500,0.010,0.922,0.068
569000,0.010,0.912,0.078
569500,0.010,0.858,0.132
570000,0.010,0.886,0.104
570500,0.010,0.880,0.110
571000,0.010,0.925,0.065
571500,0.010,0.891,0.099
572000,0.010,0.941,0.049
572500,0.010,0.972,0.018
573000,0.010,0.968,0.022
573500,0.010,0.936,0.054
574000,0.010,0.941,0.049
574500,0.010,0.945,0.045
575000,0.010,0.933,0.057
575500,0.010,0.879,0.111
576000,0.010,0.914,0.076
576500,0.010,0.943,0.047
577000,0.010,0.930,0.060
577500,0.010,0.958,0.032
578000,0.010,0.951,0.039
578500,0.010,0.967,0.023
579000,0.010,0.911,0.079
579500,0.010,0.926,0.064
580000,0.010,0.932,0.058
580500,0.010,0.936,0.053
581000,0.010,0.933,0.056
581500,0.010,0.928,0.062
582000,0.010,0.909,0.081
582500,0.010,0.942,0.048
583000,0.010,0.935,0.054
583500,0.010,0.921,0.069
584000,0.010,0.883,0.107
584500,0.010,0.899,0.091
585000,0.010,0.903,0.087
585500,0.010,0.926,0.064
586000,0.010,0.947,0.043
586500,0.010,0.929,0.061
587000,0.010,0.903,0.087
587500,0.010,0.945,0.045
588000,0.010,0.958,0.032
588500,0.010,0.957,0.033
589000,0.010,0.931,0.059
589500,0.010,0.932,0.057
590000,0.010,0.907,0.083
590500,0.010,0.916,0.074
591000,0.010,0.905,0.085
591500,0.010,0.942,0.048
592000,0.010,0.907,0.083
592500,0.010,0.898,0.092
593000,0.010,0.923,0.067
593500,0.010,0.920,0.070
594000,0.010,0.906,0.084
594500,0.010,0.887,0.103
595000,0.010,0.910,0.080
595500,0.010,0.921,0.069
596000,0.010,0.922,0.068
596500,0.010,0.943,0.047
597000,0.010,0.928,0.062
597500,0.010,0.950,0.040
598000,0.010,0.932,0.057
598500,0.010,0.908,0.082
599000,0.010,0.929,0.061
599500,0.010,0.936,0.053
600000,0.010,0.949,0.041
600500,0.010,0.930,0.059
601000,0.010,0.972,0.018
601500,0.010,0.922,0.068
602000,0.010,0.881,0.109
602500,0.010,0.931,0.058
603000,0.010,0.874,0.116
603500,0.010,0.868,0.122
604000,0.010,0.897,0.093
604500,0.010,0.891,0.099
605000,0.010,0.915,0.075
605500,0.010,0.911,0.079
606000,0.010,0.923,0.067
606500,0.010,0.944,0.046
607000,0.010,0.943,0.047
607500,0.010,0.881,0.109
608000,0.010,0.934,0.055
608500,0.010,0.934,0.056
609000,0.010,0.907,0.083
609500,0.010,0.898,0.092
610000,0.010,0.924,0.066
610500,0.010,0.958,0.032
611000,0.010,0.961,0.029
611500,0.010,0.938,0.052
612000,0.010,0.936,0.053
612500,0.010,0.891,0.099
613000,0.010,0.876,0.114
613500,0.010,0.861,0.129
614000,0.010,0.853,0.137
614500,0.010,0.909,0.081
615000,0.010,0.933,0.056
615500,0.010,0.929,0.061
616000,0.010,0.922,0.068
616500,0.010,0.908,0.082
617000,0.010,0.918,0.072
617500,0.010,0.947,0.043
618000,0.010,0.953,0.037
618500,0.010,0.966,0.024
619000,0.010,0.926,0.064
619500,0.010,0.909,0.081
620000,0.010,0.906,0.084
620500,0.010,0.873,0.117
621000,0.010,0.915,0.075
621500,0.010,0.886,0.104
622000,0.010,0.888,0.102
622500,0.010,0.922,0.068
623000,0.010,0.926,0.064
623500,0.010,0.912,0.078
624000,0.010,0.874,0.116
624500,0.010,0.907,0.083
625000,0.010,0.922,0.068
625500,0.010,0.927,0.062
626000,0.010,0.943,0.047
626500,0.010,0.933,0.056
627000,0.010,0.934,0.056
627500,0.010,0.878,0.112
628000,0.010,0.951,0.039
628500,0.010,0.976,0.014
629000,0.010,0.944,0.046
629500,0.010,0.978,0.012
630000,0.010,0.945,0.045
630500,0.010,0.895,0.095
631000,0.010,0.903,0.087
631500,0.010,0.893,0.097
632000,0.010,0.945,0.045
632500,0.010,0.960,0.030
633000,0.010,0.951,0.039
633500,0.010,0.946,0.044
634000,0.010,0.920,0.070
634500,0.010,0.912,0.078
635000,0.010,0.945,0.045
635500,0.010,0.949,0.041
636000,0.010,0.950,0.040
636500,0.010,0.951,0.039
637000,0.010,0.953,0.037
637500,0.010,0.943,0.047
638000,0.010,0.949,0.041
638500,0.010,0.926,0.064
639000,0.010,0.958,0.032
639500,0.010,0.955,0.035
640000,0.010,0.944,0.046
640500,0.010,0.946,0.044
641000,0.010,0.956,0.034
641500,0.010,0.960,0.030
642000,0.010,0.947,0.043
642500,0.010,0.955,0.035
643000,0.010,0.974,0.016
643500,0.010,0.969,0.021
644000,0.010,0.966,0.024
644500,0.010,0.969,0.021
645000,0.010,0.946,0.044
645500,0.010,0.941,0.049
646000,0.010,0.924,0.066
646500,0.010,0.917,0.073
647000,0.010,0.879,0.111
647500,0.010,0.914,0.076
648000,0.010,0.952,0.038
648500,0.010,0.903,0.087
649000,0.010,0.920,0.070
649500,0.010,0.946,0.044
650000,0.010,0.893,0.097
650500,0.010,0.889,0.101
651000,0.010,0.921,0.069
651500,0.010,0.936,0.054
652000,0.010,0.906,0.084
652500,0.010,0.883,0.107
653000,0.010,0.945,0.045
653500,0.010,0.936,0.054
654000,0.010,0.948,0.042
654500,0.010,0.961,0.029
655000,0.010,0.934,0.055
655500,0.010,0.922,0.068
656000,0.010,0.945,0.045
656500,0.010,0.949,0.041
657000,0.010,0.938,0.052
657500,0.010,0.948,0.042
658000,0.010,0.877,0.113
658500,0.010,0.931,0.059
659000,0.010,0.958,0.032
659500,0.010,0.977,0.013
660000,0.010,0.965,0.025
660500,0.010,0.942,0.048
661000,0.010,0.948,0.042
661500,0.010,0.948,0.042
662000,0.010,0.945,0.045
662500,0.010,0.907,0.083
663000,0.010,0.891,0.099
663500,0.010,0.946,0.044
664000,0.010,0.926,0.064
664500,0.010,0.891,0.099
665000,0.010,0.915,0.075
665500,0.010,0.930,0.059
666000,0.010,0.935,0.054
666500,0.010,0.935,0.054
667000,0.010,0.924,0.066
667500,0.010,0.908,0.082
668000,0.010,0.915,0.075
668500,0.010,0.912,0.078
669000,0.010,0.947,0.043
669500,0.010,0.934,0.055
670000,0.010,0.938,0.052
670500,0.010,0.945,0.045
671000,0.010,0.933,0.056
671500,0.010,0.943,0.047
672000,0.010,0.938,0.052
672500,0.010,0.916,0.074
673000,0.010,0.910,0.080
673500,0.010,0.926,0.064
674000,0.010,0.925,0.065
674500,0.010,0.932,0.058
675000,0.010,0.917,0.073
675500,0.010,0.935,0.055
676000,0.010,0.954,0.036
676500,0.010,0.912,0.078
677000,0.010,0.934,0.055
677500,0.010,0.955,0.035
678000,0.010,0.962,0.028
678500,0.010,0.884,0.106
679000,0.010,0.900,0.090
679500,0.010,0.931,0.058
680000,0.010,0.929,0.061
680500,0.010,0.920,0.070
681000,0.010,0.854,0.136
681500,0.010,0.924,0.066
682000,0.010,0.923,0.067
682500,0.010,0.953,0.037
683000,0.010,0.880,0.110
683500,0.010,0.897,0.093
684000,0.010,0.887,0.103
684500,0.010,0.862,0.128
685000,0.010,0.914,0.076
685500,0.010,0.921,0.069
686000,0.010,0.930,0.059
686500,0.010,0.953,0.037
687000,0.010,0.916,0.074
687500,0.010,0.938,0.052
688000,0.010,0.908,0.082
688500,0.010,0.918,0.072
689000,0.010,0.911,0.079
689500,0.010,0.909,0.081
690000,0.010,0.906,0.084
690500,0.010,0.906,0.084
691000,0.010,0.917,0.073
691500,0.010,0.933,0.056
692000,0.010,0.952,0.038
692500,0.010,0.936,0.053
693000,0.010,0.935,0.055
693500,0.010,0.962,0.028
694000,0.010,0.932,0.057
694500,0.010,0.924,0.066
695000,0.010,0.927,0.062
695500,0.010,0.916,0.074
696000,0.010,0.927,0.062
696500,0.010,0.927,0.062
697000,0.010,0.946,0.044
697500,0.010,0.855,0.135
698000,0.010,0.933,0.057
698500,0.010,0.939,0.051
699000,0.010,0.949,0.041
699500,0.010,0.937,0.053
700000,0.010,0.931,0.059
700500,0.010,0.920,0.070
701000,0.010,0.873,0.117
701500,0.010,0.925,0.065
702000,0.010,0.936,0.053
702500,0.010,0.865,0.125
703000,0.010,0.810,0.180
703500,0.010,0.831,0.159
704000,0.010,0.811,0.179
704500,0.010,0.900,0.090
705000,0.010,0.890,0.100
705500,0.010,0.881,0.109
706000,0.010,0.902,0.088
706500,0.010,0.876,0.114
707000,0.010,0.949,0.041
707500,0.010,0.929,0.061
708000,0.010,0.927,0.063
708500,0.010,0.946,0.044
709000,0.010,0.958,0.032
709500,0.010,0.920,0.070
710000,0.010,0.950,0.040
710500,0.010,0.953,0.037
711000,0.010,0.892,0.098
711500,0.010,0.866,0.124
712000,0.010,0.855,0.135
712500,0.010,0.851,0.139
713000,0.010,0.862,0.128
713500,0.010,0.914,0.076
714000,0.010,0.913,0.077
714500,0.010,0.955,0.035
715000,0.010,0.898,0.092
715500,0.010,0.918,0.072
716000,0.010,0.941,0.049
716500,0.010,0.950,0.040
717000,0.010,0.950,0.040
717500,0.010,0.926,0.064
718000,0.010,0.957,0.033
718500,0.010,0.952,0.038
719000,0.010,0.935,0.054
719500,0.010,0.965,0.025
720000,0.010,0.975,0.015
720500,0.010,0.896,0.094
721000,0.010,0.839,0.151
721500,0.010,0.863,0.127
722000,0.010,0.874,0.116
722500,0.010,0.909,0.081
723000,0.010,0.935,0.054
723500,0.010,0.925,0.065
724000,0.010,0.916,0.074
724500,0.010,0.957,0.033
725000,0.010,0.950,0.040
725500,0.010,0.955,0.035
726000,0.010,0.932,0.057
726500,0.010,0.931,0.059
727000,0.010,0.903,0.087
727500,0.010,0.874,0.116
728000,0.010,0.840,0.150
728500,0.010,0.838,0.152
729000,0.010,0.873,0.117
729500,0.010,0.916,0.074
730000,0.010,0.922,0.068
730500,0.010,0.944,0.046
731000,0.010,0.910,0.080
731500,0.010,0.941,0.049
732000,0.010,0.949,0.041
732500,0.010,0.950,0.040
733000,0.010,0.966,0.024
733500,0.010,0.960,0.030
734000,0.010,0.935,0.055
734500,0.010,0.939,0.051
735000,0.010,0.949,0.041
735500,0.010,0.939,0.051
736000,0.010,0.936,0.054
736500,0.010,0.961,0.029
737000,0.010,0.962,0.028
737500,0.010,0.934,0.056
738000,0.010,0.906,0.084
738500,0.010,0.893,0.097
739000,0.010,0.934,0.055
739500,0.010,0.915,0.075
740000,0.010,0.964,0.026
740500,0.010,0.944,0.046
741000,0.010,0.922,0.068
741500,0.010,0.934,0.055
742000,0.010,0.899,0.091
742500,0.010,0.909,0.081
743000,0.010,0.904,0.086
743500,0.010,0.913,0.077
744000,0.010,0.938,0.052
744500,0.010,0.948,0.042
745000,0.010,0.944,0.046
745500,0.010,0.925,0.065
746000,0.010,0.940,0.050
746500,0.010,0.945,0.045
747000,0.010,0.921,0.069
747500,0.010,0.931,0.059
748000,0.010,0.870,0.120
748500,0.010,0.825,0.165
749000,0.010,0.843,0.147
749500,0.010,0.863,0.127
750000,0.010,0.836,0.154
750500,0.010,0.888,0.102
751000,0.010,0.952,0.038
751500,0.010,0.931,0.059
752000,0.010,0.929,0.060
752500,0.010,0.908,0.082
753000,0.010,0.922,0.068
753500,0.010,0.884,0.106
754000,0.010,0.865,0.125
754500,0.010,0.855,0.135
755000,0.010,0.908,0.082
755500,0.010,0.899,0.091
756000,0.010,0.906,0.084
756500,0.010,0.941,0.049
757000,0.010,0.950,0.040
757500,0.010,0.970,0.020
758000,0.010,0.957,0.033
758500,0.010,0.952,0.038
759000,0.010,0.962,0.028
759500,0.010,0.962,0.028
760000,0.010,0.957,0.033
760500,0.010,0.945,0.045
761000,0.010,0.941,0.049
761500,0.010,0.948,0.042
762000,0.010,0.950,0.040
762500,0.010,0.952,0.038
763000,0.010,0.936,0.053
763500,0.010,0.881,0.109
764000,0.010,0.908,0.082
764500,0.010,0.951,0.039
765000,0.010,0.934,0.055
765500,0.010,0.944,0.046
766000,0.010,0.914,0.076
766500,0.010,0.906,0.084
767000,0.010,0.922,0.068
767500,0.010,0.878,0.112
768000,0.010,0.871,0.119
768500,0.010,0.893,0.097
769000,0.010,0.886,0.104
769500,0.010,0.916,0.074
770000,0.010,0.907,0.083
770500,0.010,0.913,0.077
771000,0.010,0.940,0.050
771500,0.010,0.960,0.030
772000,0.010,0.947,0.043
772500,0.010,0.929,0.061
773000,0.010,0.917,0.073
773500,0.010,0.890,0.100
774000,0.010,0.930,0.060
774500,0.010,0.934,0.056
775000,0.010,0.863,0.127
775500,0.010,0.901,0.089
776000,0.010,0.893,0.097
776500,0.010,0.904,0.086
777000,0.010,0.930,0.060
777500,0.010,0.936,0.053
778000,0.010,0.925,0.065
778500,0.010,0.915,0.075
779000,0.010,0.912,0.078
779500,0.010,0.903,0.087
780000,0.010,0.870,0.120
780500,0.010,0.848,0.142
781000,0.010,0.852,0.138
781500,0.010,0.895,0.095
782000,0.010,0.864,0.126
782500,0.010,0.874,0.116
783000,0.010,0.882,0.108
783500,0.010,0.931,0.059
784000,0.010,0.919,0.071
784500,0.010,0.956,0.034
785000,0.010,0.928,0.061
785500,0.010,0.895,0.095
786000,0.010,0.874,0.116
786500,0.010,0.863,0.127
787000,0.010,0.919,0.071
787500,0.010,0.941,0.049
788000,0.010,0.904,0.086
788500,0.010,0.901,0.089
789000,0.010,0.916,0.074
789500,0.010,0.932,0.057
790000,0.010,0.956,0.034
790500,0.010,0.952,0.038
791000,0.010,0.939,0.051
791500,0.010,0.874,0.116
792000,0.010,0.916,0.074
792500,0.010,0.910,0.080
793000,0.010,0.916,0.074
793500,0.010,0.940,0.050
794000,0.010,0.914,0.076
794500,0.010,0.921,0.069
795000,0.010,0.906,0.084
795500,0.010,0.940,0.050
796000,0.010,0.963,0.027
796500,0.010,0.964,0.026
797000,0.010,0.956,0.034
797500,0.010,0.966,0.024
798000,0.010,0.917,0.073
798500,0.010,0.886,0.104
799000,0.010,0.908,0.082
799500,0.010,0.885,0.105
800000,0.010,0.928,0.061
800500,0.010,0.935,0.055
801000,0.010,0.911,0.079
801500,0.010,0.919,0.071
802000,0.010,0.910,0.080
802500,0.010,0.898,0.092
803000,0.010,0.933,0.057
803500,0.010,0.941,0.049
804000,0.010,0.938,0.052
804500,0.010,0.924,0.066
805000,0.010,0.947,0.043
805500,0.010,0.922,0.068
806000,0.010,0.933,0.057
806500,0.010,0.932,0.057
807000,0.010,0.888,0.102
807500,0.010,0.909,0.081
808000,0.010,0.953,0.037
808500,0.010,0.965,0.025
809000,0.010,0.955,0.035
809500,0.010,0.910,0.080
810000,0.010,0.885,0.105
810500,0.010,0.913,0.077
811000,0.010,0.932,0.058
811500,0.010,0.924,0.066
812000,0.010,0.919,0.071
812500,0.010,0.934,0.056
813000,0.010,0.941,0.049
813500,0.010,0.942,0.048
814000,0.010,0.930,0.059
814500,0.010,0.939,0.051
815000,0.010,0.919,0.071
815500,0.010,0.942,0.048
816000,0.010,0.946,0.044
816500,0.010,0.916,0.074
817000,0.010,0.916,0.074
817500,0.010,0.936,0.053
818000,0.010,0.912,0.078
818500,0.010,0.891,0.099
819000,0.010,0.935,0.054
819500,0.010,0.961,0.029
820000,0.010,0.956,0.034
820500,0.010,0.960,0.030
821000,0.010,0.923,0.067
821500,0.010,0.922,0.068
822000,0.010,0.913,0.077
822500,0.010,0.882,0.108
823000,0.010,0.898,0.092
823500,0.010,0.938,0.052
824000,0.010,0.974,0.016
824500,0.010,0.964,0.026
825000,0.010,0.953,0.037
825500,0.010,0.976,0.014
826000,0.010,0.978,0.012
826500,0.010,0.957,0.033
827000,0.010,0.969,0.021
827500,0.010,0.986,0.004
828000,0.010,0.971,0.019
828500,0.010,0.904,0.086
829000,0.010,0.911,0.079
829500,0.010,0.882,0.108
830000,0.010,0.893,0.097
830500,0.010,0.907,0.083
831000,0.010,0.913,0.077
831500,0.010,0.872,0.118
832000,0.010,0.894,0.096
832500,0.010,0.934,0.055
833000,0.010,0.960,0.030
833500,0.010,0.931,0.058
834000,0.010,0.931,0.058
834500,0.010,0.946,0.044
835000,0.010,0.954,0.036
835500,0.010,0.943,0.047
836000,0.010,0.914,0.076
836500,0.010,0.919,0.071
837000,0.010,0.908,0.082
837500,0.010,0.917,0.073
838000,0.010,0.960,0.030
838500,0.010,0.966,0.024
839000,0.010,0.914,0.076
839500,0.010,0.934,0.056
840000,0.010,0.945,0.045
840500,0.010,0.961,0.029
841000,0.010,0.949,0.041
841500,0.010,0.949,0.041
842000,0.010,0.980,0.010
842500,0.010,0.976,0.014
843000,0.010,0.956,0.034
843500,0.010,0.964,0.026
844000,0.010,0.945,0.045
844500,0.010,0.942,0.048
845000,0.010,0.947,0.043
845500,0.010,0.957,0.033
846000,0.010,0.957,0.033
846500,0.010,0.938,0.052
847000,0.010,0.903,0.087
847500,0.010,0.899,0.091
848000,0.010,0.931,0.058
848500,0.010,0.886,0.104
849000,0.010,0.907,0.083
849500,0.010,0.907,0.083
850000,0.010,0.899,0.091
850500,0.010,0.927,0.063
851000,0.010,0.896,0.094
851500,0.010,0.872,0.118
852000,0.010,0.896,0.094
852500,0.010,0.924,0.066
853000,0.010,0.942,0.048
853500,0.010,0.935,0.054
854000,0.010,0.911,0.079
854500,0.010,0.935,0.054
855000,0.010,0.885,0.105
855500,0.010,0.905,0.085
856000,0.010,0.939,0.051
856500,0.010,0.914,0.076
857000,0.010,0.942,0.048
857500,0.010,0.936,0.054
858000,0.010,0.900,0.090
858500,0.010,0.933,0.056
859000,0.010,0.970,0.020
859500,0.010,0.939,0.051
860000,0.010,0.958,0.032
860500,0.010,0.913,0.077
861000,0.010,0.935,0.054
861500,0.010,0.935,0.055
862000,0.010,0.961,0.029
862500,0.010,0.951,0.039
863000,0.010,0.904,0.086
863500,0.010,0.886,0.104
864000,0.010,0.854,0.136
864500,0.010,0.853,0.137
865000,0.010,0.908,0.082
865500,0.010,0.930,0.059
866000,0.010,0.917,0.073
866500,0.010,0.902,0.088
867000,0.010,0.885,0.105
867500,0.010,0.948,0.042
868000,0.010,0.952,0.038
868500,0.010,0.955,0.035
869000,0.010,0.957,0.033
869500,0.010,0.911,0.079
870000,0.010,0.887,0.103
870500,0.010,0.881,0.109
871000,0.010,0.904,0.086
871500,0.010,0.928,0.061
872000,0.010,0.900,0.090
872500,0.010,0.816,0.174
873000,0.010,0.851,0.139
873500,0.010,0.914,0.076
874000,0.010,0.969,0.021
874500,0.010,0.934,0.055
875000,0.010,0.937,0.053
875500,0.010,0.940,0.050
876000,0.010,0.922,0.068
876500,0.010,0.907,0.083
877000,0.010,0.913,0.077
877500,0.010,0.943,0.047
878000,0.010,0.958,0.032
878500,0.010,0.926,0.064
879000,0.010,0.908,0.082
879500,0.010,0.894,0.096
880000,0.010,0.920,0.070
880500,0.010,0.941,0.049
881000,0.010,0.957,0.033
881500,0.010,0.895,0.095
882000,0.010,0.907,0.083
882500,0.010,0.892,0.098
883000,0.010,0.944,0.046
883500,0.010,0.873,0.117
884000,0.010,0.916,0.074
884500,0.010,0.922,0.068
885000,0.010,0.930,0.060
885500,0.010,0.950,0.040
886000,0.010,0.926,0.064
886500,0.010,0.935,0.054
887000,0.010,0.909,0.081
887500,0.010,0.917,0.073
888000,0.010,0.962,0.028
888500,0.010,0.963,0.027
889000,0.010,0.954,0.036
889500,0.010,0.938,0.052
890000,0.010,0.932,0.058
890500,0.010,0.948,0.042
891000,0.010,0.925,0.065
891500,0.010,0.948,0.042
892000,0.010,0.930,0.060
892500,0.010,0.953,0.037
893000,0.010,0.942,0.048
893500,0.010,0.953,0.037
894000,0.010,0.924,0.066
894500,0.010,0.931,0.058
895000,0.010,0.942,0.048
895500,0.010,0.888,0.102
896000,0.010,0.914,0.076
896500,0.010,0.924,0.066
897000,0.010,0.920,0.070
897500,0.010,0.904,0.086
898000,0.010,0.918,0.072
898500,0.010,0.890,0.100
899000,0.010,0.904,0.086
899500,0.010,0.877,0.113
900000,0.010,0.864,0.126
900500,0.010,0.878,0.112
901000,0.010,0.931,0.058
901500,0.010,0.947,0.043
902000,0.010,0.925,0.065
902500,0.010,0.932,0.058
903000,0.010,0.970,0.020
903500,0.010,0.979,0.011
904000,0.010,0.968,0.022
904500,0.010,0.947,0.043
905000,0.010,0.970,0.020
905500,0.010,0.907,0.083
906000,0.010,0.923,0.067
906500,0.010,0.972,0.018
907000,0.010,0.952,0.038
907500,0.010,0.977,0.013
908000,0.010,0.946,0.044
908500,0.010,0.927,0.062
909000,0.010,0.907,0.083
909500,0.010,0.904,0.086
910000,0.010,0.883,0.107
910500,0.010,0.882,0.108
911000,0.010,0.868,0.122
911500,0.010,0.875,0.115
912000,0.010,0.907,0.083
912500,0.010,0.893,0.097
913000,0.010,0.857,0.133
913500,0.010,0.909,0.081
914000,0.010,0.882,0.108
914500,0.010,0.887,0.103
915000,0.010,0.887,0.103
915500,0.010,0.898,0.092
916000,0.010,0.886,0.104
916500,0.010,0.885,0.105
917000,0.010,0.858,0.132
917500,0.010,0.897,0.093
918000,0.010,0.906,0.084
918500,0.010,0.892,0.098
919000,0.010,0.906,0.084
919500,0.010,0.901,0.089
920000,0.010,0.864,0.126
920500,0.010,0.927,0.063
921000,0.010,0.915,0.075
921500,0.010,0.937,0.053
922000,0.010,0.853,0.137
922500,0.010,0.841,0.149
923000,0.010,0.903,0.087
923500,0.010,0.930,0.059
924000,0.010,0.936,0.053
924500,0.010,0.907,0.083
925000,0.010,0.885,0.105
925500,0.010,0.911,0.079
926000,0.010,0.903,0.087
926500,0.010,0.938,0.052
927000,0.010,0.955,0.035
927500,0.010,0.963,0.027
928000,0.010,0.943,0.047
928500,0.010,0.942,0.048
929000,0.010,0.922,0.068
929500,0.010,0.916,0.074
930000,0.010,0.958,0.032
930500,0.010,0.903,0.087
931000,0.010,0.878,0.112
931500,0.010,0.939,0.051
932000,0.010,0.928,0.061
932500,0.010,0.908,0.082
933000,0.010,0.951,0.039
933500,0.010,0.946,0.044
934000,0.010,0.957,0.033
934500,0.010,0.958,0.032
935000,0.010,0.924,0.066
935500,0.010,0.933,0.057
936000,0.010,0.894,0.096
936500,0.010,0.928,0.062
937000,0.010,0.916,0.074
937500,0.010,0.901,0.089
938000,0.010,0.923,0.067
938500,0.010,0.914,0.076
939000,0.010,0.878,0.112
939500,0.010,0.827,0.163
940000,0.010,0.903,0.087
940500,0.010,0.950,0.040
941000,0.010,0.974,0.016
941500,0.010,0.943,0.047
942000,0.010,0.971,0.019
942500,0.010,0.908,0.082
943000,0.010,0.875,0.115
943500,0.010,0.897,0.093
944000,0.010,0.912,0.078
944500,0.010,0.961,0.029
945000,0.010,0.897,0.093
945500,0.010,0.914,0.076
946000,0.010,0.916,0.074
946500,0.010,0.900,0.090
947000,0.010,0.931,0.059
947500,0.010,0.962,0.028
948000,0.010,0.928,0.062
948500,0.010,0.913,0.077
949000,0.010,0.919,0.071
949500,0.010,0.892,0.098
950000,0.010,0.918,0.072
950500,0.010,0.903,0.087
951000,0.010,0.879,0.111
951500,0.010,0.902,0.088
952000,0.010,0.863,0.127
952500,0.010,0.850,0.140
953000,0.010,0.877,0.113
953500,0.010,0.873,0.117
954000,0.010,0.858,0.132
954500,0.010,0.898,0.092
955000,0.010,0.938,0.052
955500,0.010,0.948,0.042
956000,0.010,0.959,0.031
956500,0.010,0.942,0.048
957000,0.010,0.923,0.067
957500,0.010,0.927,0.062
958000,0.010,0.929,0.061
958500,0.010,0.945,0.045
959000,0.010,0.967,0.023
959500,0.010,0.960,0.030
960000,0.010,0.918,0.072
960500,0.010,0.899,0.091
961000,0.010,0.915,0.075
961500,0.010,0.911,0.079
962000,0.010,0.900,0.090
962500,0.010,0.922,0.068
963000,0.010,0.922,0.068
963500,0.010,0.927,0.062
964000,0.010,0.898,0.092
964500,0.010,0.910,0.080
965000,0.010,0.944,0.046
965500,0.010,0.958,0.032
966000,0.010,0.944,0.046
966500,0.010,0.923,0.067
967000,0.010,0.939,0.051
967500,0.010,0.973,0.017
968000,0.010,0.978,0.012
968500,0.010,0.940,0.050
969000,0.010,0.938,0.052
969500,0.010,0.881,0.109
970000,0.010,0.937,0.053
970500,0.010,0.952,0.038
971000,0.010,0.901,0.089
971500,0.010,0.919,0.071
972000,0.010,0.905,0.085
972500,0.010,0.879,0.111
973000,0.010,0.901,0.089
973500,0.010,0.949,0.041
974000,0.010,0.948,0.042
974500,0.010,0.967,0.023
975000,0.010,0.957,0.033
975500,0.010,0.927,0.063
976000,0.010,0.945,0.045
976500,0.010,0.912,0.078
977000,0.010,0.922,0.068
977500,0.010,0.913,0.077
978000,0.010,0.904,0.086
978500,0.010,0.860,0.130
979000,0.010,0.863,0.127
979500,0.010,0.912,0.078
980000,0.010,0.928,0.061
980500,0.010,0.928,0.061
981000,0.010,0.917,0.073
981500,0.010,0.946,0.044
982000,0.010,0.932,0.057
982500,0.010,0.911,0.079
983000,0.010,0.944,0.046
983500,0.010,0.923,0.067
984000,0.010,0.869,0.121
984500,0.010,0.828,0.162
985000,0.010,0.904,0.086
985500,0.010,0.906,0.084
986000,0.010,0.927,0.062
986500,0.010,0.932,0.058
987000,0.010,0.942,0.048
987500,0.010,0.957,0.033
988000,0.010,0.950,0.040
988500,0.010,0.920,0.070
989000,0.010,0.880,0.110
989500,0.010,0.855,0.135
990000,0.010,0.848,0.142
990500,0.010,0.873,0.117
991000,0.010,0.930,0.059
991500,0.010,0.920,0.070
992000,0.010,0.950,0.040
992500,0.010,0.962,0.028
993000,0.010,0.950,0.040
993500,0.010,0.889,0.101
994000,0.010,0.929,0.060
994500,0.010,0.945,0.045
995000,0.010,0.942,0.048
995500,0.010,0.940,0.050
996000,0.010,0.929,0.060
996500,0.010,0.912,0.078
997000,0.010,0.935,0.055
997500,0.010,0.947,0.043
998000,0.010,0.963,0.027
998500,0.010,0.946,0.044
999000,0.010,0.944,0.046
999500,0.010,0.935,0.055
1000000,0.010,0.965,0.025
