time,n_A+p,n_B,n_AB
100,0.030,0.967,0.003
200,0.030,0.962,0.008
300,0.030,0.953,0.017
400,0.030,0.944,0.026
500,0.030,0.931,0.039
600,0.030,0.928,0.042
700,0.030,0.926,0.044
800,0.030,0.918,0.052
900,0.030,0.904,0.066
1000,0.030,0.891,0.079
1100,0.030,0.871,0.099
1200,0.032,0.862,0.106
1300,0.032,0.847,0.121
1400,0.033,0.830,0.137
1500,0.033,0.813,0.154
1600,0.032,0.794,0.174
1700,0.034,0.777,0.189
1800,0.034,0.758,0.208
1900,0.034,0.743,0.223
2000,0.034,0.727,0.239
2100,0.034,0.709,0.257
2200,0.032,0.696,0.272
2300,0.034,0.677,0.289
2400,0.034,0.669,0.297
2500,0.034,0.654,0.312
2600,0.034,0.636,0.330
2700,0.035,0.623,0.342
2800,0.035,0.600,0.365
2900,0.034,0.593,0.373
3000,0.032,0.568,0.400
3100,0.032,0.537,0.431
3200,0.031,0.522,0.447
3300,0.032,0.505,0.463
3400,0.034,0.490,0.476
3500,0.033,0.472,0.495
3600,0.034,0.464,0.502
3700,0.034,0.453,0.513
3800,0.036,0.434,0.530
3900,0.037,0.425,0.538
4000,0.038,0.410,0.552
4100,0.040,0.416,0.544
4200,0.045,0.401,0.554
4300,0.050,0.389,0.561
4400,0.051,0.380,0.569
4500,0.056,0.364,0.580
4600,0.052,0.357,0.591
4700,0.051,0.338,0.611
4800,0.051,0.315,0.634
4900,0.061,0.309,0.630
5000,0.064,0.305,0.631
5100,0.064,0.303,0.633
5200,0.064,0.298,0.638
5300,0.065,0.288,0.647
5400,0.070,0.285,0.645
5500,0.065,0.277,0.658
5600,0.064,0.262,0.674
5700,0.066,0.249,0.685
5800,0.061,0.242,0.697
5900,0.066,0.230,0.704
6000,0.069,0.217,0.714
6100,0.067,0.198,0.735
6200,0.066,0.180,0.754
6300,0.064,0.171,0.765
6400,0.067,0.171,0.762
6500,0.065,0.164,0.771
6600,0.060,0.162,0.778
6700,0.061,0.152,0.787
6800,0.058,0.152,0.790
6900,0.059,0.146,0.795
7000,0.065,0.136,0.799
7100,0.076,0.133,0.791
7200,0.076,0.128,0.796
7300,0.074,0.126,0.800
7400,0.077,0.121,0.802
7500,0.088,0.114,0.798
7600,0.087,0.114,0.799
7700,0.088,0.107,0.805
7800,0.097,0.104,0.799
7900,0.093,0.106,0.801
8000,0.086,0.097,0.817
8100,0.086,0.102,0.812
8200,0.082,0.100,0.818
8300,0.075,0.106,0.819
8400,0.072,0.107,0.821
8500,0.078,0.104,0.818
8600,0.081,0.104,0.815
8700,0.082,0.103,0.815
8800,0.079,0.101,0.820
8900,0.078,0.101,0.821
9000,0.081,0.099,0.820
9100,0.078,0.094,0.828
9200,0.088,0.092,0.820
9300,0.088,0.088,0.824
9400,0.087,0.090,0.823
9500,0.090,0.087,0.823
9600,0.091,0.083,0.826
9700,0.091,0.085,0.824
9800,0.092,0.082,0.826
9900,0.108,0.077,0.815
10000,0.110,0.069,0.821
10100,0.109,0.076,0.815
10200,0.109,0.069,0.822
10300,0.105,0.073,0.822
10400,0.101,0.076,0.823
10500,0.101,0.078,0.821
10600,0.101,0.077,0.822
10700,0.103,0.076,0.821
10800,0.107,0.069,0.824
10900,0.106,0.073,0.821
11000,0.110,0.073,0.817
11100,0.112,0.068,0.820
11200,0.111,0.070,0.819
11300,0.120,0.068,0.812
11400,0.123,0.069,0.808
11500,0.117,0.070,0.813
11600,0.122,0.071,0.807
11700,0.123,0.067,0.810
11800,0.126,0.066,0.808
11900,0.117,0.065,0.818
12000,0.119,0.068,0.813
12100,0.118,0.073,0.809
12200,0.122,0.074,0.804
12300,0.122,0.068,0.810
12400,0.121,0.077,0.802
12500,0.120,0.076,0.804
12600,0.124,0.080,0.796
12700,0.125,0.080,0.795
12800,0.127,0.077,0.796
12900,0.134,0.082,0.784
13000,0.130,0.074,0.796
13100,0.129,0.073,0.798
13200,0.129,0.074,0.797
13300,0.130,0.072,0.798
13400,0.131,0.070,0.799
13500,0.129,0.065,0.806
13600,0.137,0.063,0.800
13700,0.141,0.070,0.789
13800,0.138,0.075,0.787
13900,0.137,0.078,0.785
14000,0.143,0.073,0.784
14100,0.143,0.079,0.778
14200,0.141,0.075,0.784
14300,0.138,0.070,0.792
14400,0.131,0.068,0.801
14500,0.127,0.069,0.804
14600,0.129,0.069,0.802
14700,0.131,0.071,0.798
14800,0.128,0.069,0.803
14900,0.126,0.072,0.802
15000,0.139,0.077,0.784
15100,0.136,0.074,0.790
15200,0.136,0.073,0.791
15300,0.141,0.072,0.787
15400,0.138,0.063,0.799
15500,0.147,0.058,0.795
15600,0.149,0.060,0.791
15700,0.149,0.063,0.788
15800,0.145,0.063,0.792
15900,0.140,0.062,0.798
16000,0.145,0.058,0.797
16100,0.140,0.048,0.812
16200,0.140,0.051,0.809
16300,0.140,0.053,0.807
16400,0.141,0.053,0.806
16500,0.136,0.057,0.807
16600,0.129,0.055,0.816
16700,0.126,0.063,0.811
16800,0.129,0.060,0.811
16900,0.134,0.061,0.805
17000,0.140,0.058,0.802
17100,0.142,0.057,0.801
17200,0.147,0.056,0.797
17300,0.147,0.060,0.793
17400,0.140,0.056,0.804
17500,0.134,0.060,0.806
17600,0.137,0.060,0.803
17700,0.140,0.060,0.800
17800,0.139,0.063,0.798
17900,0.135,0.068,0.797
18000,0.142,0.061,0.797
18100,0.141,0.058,0.801
18200,0.137,0.065,0.798
18300,0.133,0.069,0.798
18400,0.127,0.076,0.797
18500,0.121,0.074,0.805
18600,0.117,0.075,0.808
18700,0.111,0.071,0.818
18800,0.114,0.077,0.809
18900,0.115,0.079,0.806
19000,0.109,0.083,0.808
19100,0.107,0.081,0.812
19200,0.108,0.078,0.814
19300,0.121,0.078,0.801
19400,0.121,0.073,0.806
19500,0.128,0.078,0.794
19600,0.119,0.085,0.796
19700,0.120,0.092,0.788
19800,0.113,0.090,0.797
19900,0.117,0.079,0.804
20000,0.118,0.086,0.796
20100,0.119,0.085,0.796
20200,0.119,0.089,0.792
20300,0.127,0.090,0.783
20400,0.124,0.092,0.784
20500,0.119,0.093,0.788
20600,0.117,0.096,0.787
20700,0.111,0.093,0.796
20800,0.110,0.090,0.800
20900,0.109,0.089,0.802
21000,0.105,0.093,0.802
21100,0.108,0.098,0.794
21200,0.101,0.103,0.796
21300,0.110,0.093,0.797
21400,0.115,0.091,0.794
21500,0.107,0.085,0.808
21600,0.107,0.081,0.812
21700,0.100,0.086,0.814
21800,0.103,0.081,0.816
21900,0.106,0.073,0.821
22000,0.108,0.073,0.819
22100,0.106,0.073,0.821
22200,0.108,0.071,0.821
22300,0.110,0.076,0.814
22400,0.113,0.077,0.810
22500,0.114,0.072,0.814
22600,0.119,0.072,0.809
22700,0.118,0.066,0.816
22800,0.117,0.065,0.818
22900,0.119,0.065,0.816
23000,0.127,0.072,0.801
23100,0.123,0.073,0.804
23200,0.124,0.066,0.810
23300,0.136,0.068,0.796
23400,0.132,0.066,0.802
23500,0.131,0.070,0.799
23600,0.125,0.072,0.803
23700,0.135,0.062,0.803
23800,0.137,0.057,0.806
23900,0.143,0.059,0.798
24000,0.148,0.063,0.789
24100,0.156,0.064,0.780
24200,0.157,0.070,0.773
24300,0.161,0.068,0.771
24400,0.160,0.076,0.764
24500,0.157,0.070,0.773
24600,0.161,0.068,0.771
24700,0.156,0.069,0.775
24800,0.158,0.068,0.774
24900,0.153,0.065,0.782
25000,0.151,0.064,0.785
25100,0.151,0.062,0.787
25200,0.142,0.067,0.791
25300,0.134,0.060,0.806
25400,0.136,0.062,0.802
25500,0.130,0.056,0.814
25600,0.132,0.050,0.818
25700,0.131,0.045,0.824
25800,0.127,0.045,0.828
25900,0.124,0.051,0.825
26000,0.119,0.051,0.830
26100,0.121,0.051,0.828
26200,0.125,0.051,0.824
26300,0.130,0.054,0.816
26400,0.128,0.056,0.816
26500,0.126,0.051,0.823
26600,0.139,0.062,0.799
26700,0.129,0.070,0.801
26800,0.124,0.073,0.803
26900,0.115,0.069,0.816
27000,0.115,0.075,0.810
27100,0.114,0.072,0.814
27200,0.111,0.074,0.815
27300,0.112,0.071,0.817
27400,0.111,0.077,0.812
27500,0.111,0.073,0.816
27600,0.111,0.077,0.812
27700,0.110,0.080,0.810
27800,0.108,0.078,0.814
27900,0.099,0.077,0.824
28000,0.098,0.081,0.821
28100,0.097,0.078,0.825
28200,0.099,0.081,0.820
28300,0.109,0.074,0.817
28400,0.109,0.081,0.810
28500,0.105,0.080,0.815
28600,0.109,0.080,0.811
28700,0.109,0.095,0.796
28800,0.104,0.086,0.810
28900,0.101,0.090,0.809
29000,0.100,0.086,0.814
29100,0.096,0.094,0.810
29200,0.088,0.092,0.820
29300,0.090,0.090,0.820
29400,0.097,0.084,0.819
29500,0.092,0.082,0.826
29600,0.089,0.080,0.831
29700,0.093,0.071,0.836
29800,0.100,0.071,0.829
29900,0.101,0.070,0.829
30000,0.115,0.076,0.809
30100,0.121,0.075,0.804
30200,0.125,0.080,0.795
30300,0.129,0.083,0.788
30400,0.128,0.078,0.794
30500,0.133,0.077,0.790
30600,0.129,0.079,0.792
30700,0.128,0.078,0.794
30800,0.123,0.081,0.796
30900,0.125,0.078,0.797
31000,0.124,0.078,0.798
31100,0.129,0.077,0.794
31200,0.119,0.081,0.800
31300,0.117,0.076,0.807
31400,0.120,0.076,0.804
31500,0.119,0.068,0.813
31600,0.122,0.059,0.819
31700,0.119,0.059,0.822
31800,0.116,0.059,0.825
31900,0.119,0.060,0.821
32000,0.118,0.059,0.823
32100,0.121,0.058,0.821
32200,0.123,0.070,0.807
32300,0.130,0.073,0.797
32400,0.129,0.084,0.787
32500,0.126,0.081,0.793
32600,0.132,0.078,0.790
32700,0.130,0.083,0.787
32800,0.126,0.072,0.802
32900,0.126,0.075,0.799
33000,0.123,0.075,0.802
33100,0.118,0.074,0.808
33200,0.118,0.074,0.808
33300,0.121,0.068,0.811
33400,0.125,0.069,0.806
33500,0.125,0.065,0.810
33600,0.123,0.059,0.818
33700,0.128,0.053,0.819
33800,0.134,0.058,0.808
33900,0.127,0.059,0.814
34000,0.128,0.070,0.802
34100,0.126,0.074,0.800
34200,0.131,0.082,0.787
34300,0.133,0.082,0.785
34400,0.135,0.080,0.785
34500,0.131,0.081,0.788
34600,0.132,0.075,0.793
34700,0.133,0.074,0.793
34800,0.128,0.078,0.794
34900,0.125,0.072,0.803
35000,0.125,0.078,0.797
35100,0.118,0.076,0.806
35200,0.119,0.077,0.804
35300,0.119,0.073,0.808
35400,0.120,0.071,0.809
35500,0.111,0.077,0.812
35600,0.113,0.075,0.812
35700,0.104,0.077,0.819
35800,0.105,0.083,0.812
35900,0.113,0.085,0.802
36000,0.108,0.080,0.812
36100,0.108,0.083,0.809
36200,0.103,0.082,0.815
36300,0.101,0.088,0.811
36400,0.101,0.086,0.813
36500,0.103,0.088,0.809
36600,0.102,0.086,0.812
36700,0.104,0.076,0.820
36800,0.117,0.079,0.804
36900,0.122,0.086,0.792
37000,0.124,0.082,0.794
37100,0.124,0.082,0.794
37200,0.119,0.078,0.803
37300,0.122,0.079,0.799
37400,0.126,0.074,0.800
37500,0.129,0.076,0.795
37600,0.131,0.080,0.789
37700,0.132,0.086,0.782
37800,0.133,0.088,0.779
37900,0.131,0.089,0.780
38000,0.125,0.079,0.796
38100,0.134,0.084,0.782
38200,0.135,0.085,0.780
38300,0.124,0.088,0.788
38400,0.124,0.088,0.788
38500,0.128,0.088,0.784
38600,0.130,0.087,0.783
38700,0.131,0.085,0.784
38800,0.126,0.078,0.796
38900,0.122,0.075,0.803
39000,0.119,0.075,0.806
39100,0.119,0.077,0.804
39200,0.117,0.076,0.807
39300,0.111,0.072,0.817
39400,0.108,0.074,0.818
39500,0.103,0.075,0.822
39600,0.107,0.079,0.814
39700,0.117,0.076,0.807
39800,0.120,0.073,0.807
39900,0.120,0.081,0.799
40000,0.112,0.073,0.815
40100,0.114,0.081,0.805
40200,0.105,0.089,0.806
40300,0.113,0.092,0.795
40400,0.115,0.088,0.797
40500,0.113,0.093,0.794
40600,0.117,0.091,0.792
40700,0.122,0.093,0.785
40800,0.115,0.096,0.789
40900,0.118,0.093,0.789
41000,0.115,0.094,0.791
41100,0.112,0.110,0.778
41200,0.108,0.102,0.790
41300,0.110,0.103,0.787
41400,0.108,0.094,0.798
41500,0.107,0.098,0.795
41600,0.107,0.100,0.793
41700,0.106,0.093,0.801
41800,0.107,0.078,0.815
41900,0.104,0.074,0.822
42000,0.100,0.074,0.826
42100,0.098,0.082,0.820
42200,0.099,0.086,0.815
42300,0.094,0.086,0.820
42400,0.095,0.081,0.824
42500,0.092,0.076,0.832
42600,0.090,0.078,0.832
42700,0.098,0.079,0.823
42800,0.098,0.077,0.825
42900,0.098,0.080,0.822
43000,0.097,0.074,0.829
43100,0.101,0.076,0.823
43200,0.095,0.085,0.820
43300,0.095,0.080,0.825
43400,0.089,0.086,0.825
43500,0.092,0.085,0.823
43600,0.093,0.078,0.829
43700,0.093,0.078,0.829
43800,0.094,0.078,0.828
43900,0.094,0.072,0.834
44000,0.091,0.068,0.841
44100,0.091,0.065,0.844
44200,0.090,0.059,0.851
44300,0.104,0.062,0.834
44400,0.111,0.062,0.827
44500,0.106,0.068,0.826
44600,0.106,0.064,0.830
44700,0.105,0.063,0.832
44800,0.115,0.062,0.823
44900,0.116,0.069,0.815
45000,0.118,0.067,0.815
45100,0.111,0.078,0.811
45200,0.107,0.076,0.817
45300,0.119,0.069,0.812
45400,0.120,0.071,0.809
45500,0.116,0.071,0.813
45600,0.114,0.075,0.811
45700,0.115,0.078,0.807
45800,0.113,0.077,0.810
45900,0.114,0.078,0.808
46000,0.110,0.076,0.814
46100,0.106,0.076,0.818
46200,0.108,0.075,0.817
46300,0.103,0.077,0.820
46400,0.105,0.074,0.821
46500,0.107,0.069,0.824
46600,0.103,0.065,0.832
46700,0.102,0.069,0.829
46800,0.101,0.066,0.833
46900,0.109,0.074,0.817
47000,0.100,0.075,0.825
47100,0.097,0.078,0.825
47200,0.094,0.085,0.821
47300,0.093,0.086,0.821
47400,0.098,0.083,0.819
47500,0.100,0.086,0.814
47600,0.101,0.081,0.818
47700,0.100,0.073,0.827
47800,0.100,0.070,0.830
47900,0.102,0.076,0.822
48000,0.103,0.072,0.825
48100,0.113,0.072,0.815
48200,0.108,0.083,0.809
48300,0.105,0.080,0.815
48400,0.117,0.083,0.800
48500,0.113,0.085,0.802
48600,0.116,0.078,0.806
48700,0.112,0.079,0.809
48800,0.117,0.077,0.806
48900,0.115,0.079,0.806
49000,0.114,0.077,0.809
49100,0.117,0.080,0.803
49200,0.118,0.077,0.805
49300,0.119,0.074,0.807
49400,0.128,0.074,0.798
49500,0.122,0.078,0.800
49600,0.118,0.078,0.804
49700,0.120,0.075,0.805
49800,0.126,0.075,0.799
49900,0.136,0.075,0.789
50000,0.142,0.067,0.791
50100,0.153,0.065,0.782
50200,0.153,0.064,0.783
50300,0.147,0.065,0.788
50400,0.150,0.065,0.785
50500,0.146,0.067,0.787
50600,0.144,0.066,0.790
50700,0.136,0.064,0.800
50800,0.133,0.068,0.799
50900,0.132,0.065,0.803
51000,0.132,0.068,0.800
51100,0.130,0.061,0.809
51200,0.136,0.060,0.804
51300,0.130,0.060,0.810
51400,0.134,0.059,0.807
51500,0.127,0.061,0.812
51600,0.128,0.057,0.815
51700,0.130,0.056,0.814
51800,0.136,0.054,0.810
51900,0.143,0.060,0.797
52000,0.144,0.062,0.794
52100,0.144,0.058,0.798
52200,0.150,0.060,0.790
52300,0.144,0.059,0.797
52400,0.137,0.060,0.803
52500,0.135,0.065,0.800
52600,0.131,0.068,0.801
52700,0.134,0.065,0.801
52800,0.132,0.063,0.805
52900,0.129,0.053,0.818
53000,0.131,0.055,0.814
53100,0.131,0.059,0.810
53200,0.129,0.064,0.807
53300,0.130,0.069,0.801
53400,0.127,0.077,0.796
53500,0.120,0.081,0.799
53600,0.120,0.080,0.800
53700,0.114,0.087,0.799
53800,0.116,0.080,0.804
53900,0.110,0.078,0.812
54000,0.108,0.084,0.808
54100,0.118,0.093,0.789
54200,0.123,0.098,0.779
54300,0.118,0.094,0.788
54400,0.113,0.091,0.796
54500,0.115,0.089,0.796
54600,0.115,0.091,0.794
54700,0.109,0.098,0.793
54800,0.113,0.093,0.794
54900,0.110,0.088,0.802
55000,0.111,0.088,0.801
55100,0.113,0.092,0.795
55200,0.111,0.094,0.795
55300,0.109,0.091,0.800
55400,0.108,0.080,0.812
55500,0.110,0.084,0.806
55600,0.104,0.082,0.814
55700,0.096,0.078,0.826
55800,0.098,0.077,0.825
55900,0.097,0.080,0.823
56000,0.102,0.079,0.819
56100,0.101,0.080,0.819
56200,0.101,0.081,0.818
56300,0.108,0.088,0.804
56400,0.105,0.084,0.811
56500,0.097,0.072,0.831
56600,0.094,0.075,0.831
56700,0.097,0.077,0.826
56800,0.104,0.077,0.819
56900,0.112,0.071,0.817
57000,0.106,0.082,0.812
57100,0.107,0.081,0.812
57200,0.102,0.085,0.813
57300,0.104,0.078,0.818
57400,0.099,0.082,0.819
57500,0.102,0.088,0.810
57600,0.103,0.091,0.806
57700,0.100,0.087,0.813
57800,0.102,0.075,0.823
57900,0.100,0.075,0.825
58000,0.098,0.065,0.837
58100,0.102,0.066,0.832
58200,0.102,0.076,0.822
58300,0.101,0.078,0.821
58400,0.104,0.078,0.818
58500,0.104,0.074,0.822
58600,0.099,0.083,0.818
58700,0.101,0.079,0.820
58800,0.100,0.086,0.814
58900,0.107,0.085,0.808
59000,0.116,0.073,0.811
59100,0.116,0.082,0.802
59200,0.112,0.078,0.810
59300,0.116,0.079,0.805
59400,0.117,0.081,0.802
59500,0.117,0.076,0.807
59600,0.129,0.072,0.799
59700,0.127,0.070,0.803
59800,0.130,0.064,0.806
59900,0.136,0.064,0.800
60000,0.142,0.059,0.799
60100,0.140,0.058,0.802
60200,0.144,0.057,0.799
60300,0.146,0.064,0.790
60400,0.140,0.066,0.794
60500,0.142,0.067,0.791
60600,0.136,0.076,0.788
60700,0.139,0.079,0.782
60800,0.134,0.079,0.787
60900,0.142,0.088,0.770
61000,0.144,0.096,0.760
61100,0.140,0.095,0.765
61200,0.136,0.094,0.770
61300,0.135,0.093,0.772
61400,0.136,0.088,0.776
61500,0.136,0.086,0.778
61600,0.134,0.092,0.774
61700,0.128,0.093,0.779
61800,0.128,0.083,0.789
61900,0.121,0.078,0.801
62000,0.124,0.078,0.798
62100,0.116,0.077,0.807
62200,0.118,0.073,0.809
62300,0.119,0.074,0.807
62400,0.114,0.079,0.807
62500,0.111,0.080,0.809
62600,0.113,0.076,0.811
62700,0.117,0.073,0.810
62800,0.112,0.070,0.818
62900,0.114,0.075,0.811
63000,0.115,0.071,0.814
63100,0.115,0.067,0.818
63200,0.114,0.063,0.823
63300,0.109,0.070,0.821
63400,0.109,0.085,0.806
63500,0.107,0.083,0.810
63600,0.112,0.081,0.807
63700,0.112,0.089,0.799
63800,0.112,0.080,0.808
63900,0.110,0.079,0.811
64000,0.117,0.076,0.807
64100,0.116,0.073,0.811
64200,0.114,0.070,0.816
64300,0.114,0.067,0.819
64400,0.114,0.066,0.820
64500,0.113,0.069,0.818
64600,0.110,0.072,0.818
64700,0.104,0.071,0.825
64800,0.112,0.073,0.815
64900,0.105,0.076,0.819
65000,0.103,0.074,0.823
65100,0.107,0.074,0.819
65200,0.106,0.071,0.823
65300,0.104,0.067,0.829
65400,0.099,0.068,0.833
65500,0.103,0.081,0.816
65600,0.097,0.086,0.817
65700,0.100,0.088,0.812
65800,0.094,0.093,0.813
65900,0.093,0.093,0.814
66000,0.097,0.099,0.804
66100,0.098,0.096,0.806
66200,0.099,0.103,0.798
66300,0.111,0.099,0.790
66400,0.111,0.090,0.799
66500,0.107,0.087,0.806
66600,0.109,0.082,0.809
66700,0.111,0.086,0.803
66800,0.110,0.084,0.806
66900,0.111,0.081,0.808
67000,0.113,0.079,0.808
67100,0.107,0.078,0.815
67200,0.112,0.072,0.816
67300,0.117,0.075,0.808
67400,0.118,0.073,0.809
67500,0.114,0.073,0.813
67600,0.108,0.075,0.817
67700,0.109,0.072,0.819
67800,0.111,0.073,0.816
67900,0.113,0.073,0.814
68000,0.114,0.065,0.821
68100,0.119,0.065,0.816
68200,0.118,0.071,0.811
68300,0.123,0.069,0.808
68400,0.126,0.074,0.800
68500,0.118,0.071,0.811
68600,0.120,0.072,0.808
68700,0.123,0.071,0.806
68800,0.123,0.072,0.805
68900,0.116,0.079,0.805
69000,0.114,0.074,0.812
69100,0.117,0.080,0.803
69200,0.113,0.076,0.811
69300,0.107,0.076,0.817
69400,0.101,0.071,0.828
69500,0.096,0.078,0.826
69600,0.098,0.077,0.825
69700,0.102,0.082,0.816
69800,0.109,0.082,0.809
69900,0.107,0.078,0.815
70000,0.112,0.077,0.811
70100,0.105,0.082,0.813
70200,0.106,0.077,0.817
70300,0.099,0.080,0.821
70400,0.097,0.077,0.826
70500,0.094,0.076,0.830
70600,0.095,0.072,0.833
70700,0.095,0.070,0.835
70800,0.105,0.084,0.811
70900,0.106,0.087,0.807
71000,0.108,0.088,0.804
71100,0.108,0.089,0.803
71200,0.104,0.087,0.809
71300,0.111,0.086,0.803
71400,0.111,0.082,0.807
71500,0.115,0.080,0.805
71600,0.131,0.077,0.792
71700,0.134,0.077,0.789
71800,0.135,0.071,0.794
71900,0.126,0.068,0.806
72000,0.131,0.072,0.797
72100,0.132,0.065,0.803
72200,0.132,0.056,0.812
72300,0.128,0.052,0.820
72400,0.132,0.056,0.812
72500,0.131,0.051,0.818
72600,0.132,0.050,0.818
72700,0.136,0.050,0.814
72800,0.141,0.056,0.803
72900,0.134,0.057,0.809
73000,0.125,0.056,0.819
73100,0.126,0.065,0.809
73200,0.125,0.069,0.806
73300,0.131,0.073,0.796
73400,0.137,0.073,0.790
73500,0.135,0.070,0.795
73600,0.138,0.075,0.787
73700,0.144,0.073,0.783
73800,0.144,0.073,0.783
73900,0.146,0.079,0.775
74000,0.148,0.085,0.767
74100,0.144,0.088,0.768
74200,0.141,0.085,0.774
74300,0.139,0.087,0.774
74400,0.137,0.081,0.782
74500,0.138,0.082,0.780
74600,0.133,0.074,0.793
74700,0.125,0.073,0.802
74800,0.119,0.079,0.802
74900,0.112,0.084,0.804
75000,0.108,0.080,0.812
75100,0.113,0.081,0.806
75200,0.112,0.083,0.805
75300,0.115,0.078,0.807
75400,0.113,0.090,0.797
75500,0.118,0.101,0.781
75600,0.116,0.099,0.785
75700,0.106,0.091,0.803
75800,0.112,0.086,0.802
75900,0.114,0.092,0.794
76000,0.117,0.089,0.794
76100,0.124,0.085,0.791
76200,0.132,0.090,0.778
76300,0.133,0.086,0.781
76400,0.131,0.080,0.789
76500,0.129,0.073,0.798
76600,0.130,0.068,0.802
76700,0.125,0.073,0.802
76800,0.127,0.069,0.804
76900,0.131,0.066,0.803
77000,0.132,0.066,0.802
77100,0.127,0.069,0.804
77200,0.123,0.065,0.812
77300,0.117,0.062,0.821
77400,0.114,0.060,0.826
77500,0.117,0.059,0.824
77600,0.124,0.060,0.816
77700,0.119,0.061,0.820
77800,0.112,0.070,0.818
77900,0.111,0.070,0.819
78000,0.105,0.067,0.828
78100,0.098,0.074,0.828
78200,0.101,0.074,0.825
78300,0.097,0.074,0.829
78400,0.110,0.077,0.813
78500,0.112,0.070,0.818
78600,0.110,0.067,0.823
78700,0.117,0.071,0.812
78800,0.125,0.079,0.796
78900,0.127,0.080,0.793
79000,0.128,0.076,0.796
79100,0.128,0.078,0.794
79200,0.129,0.080,0.791
79300,0.132,0.076,0.792
79400,0.126,0.078,0.796
79500,0.129,0.076,0.795
79600,0.130,0.073,0.797
79700,0.137,0.082,0.781
79800,0.135,0.080,0.785
79900,0.127,0.071,0.802
80000,0.126,0.067,0.807
80100,0.120,0.067,0.813
80200,0.119,0.063,0.818
80300,0.115,0.067,0.818
80400,0.121,0.066,0.813
80500,0.125,0.068,0.807
80600,0.125,0.067,0.808
80700,0.128,0.063,0.809
80800,0.132,0.066,0.802
80900,0.134,0.064,0.802
81000,0.136,0.069,0.795
81100,0.139,0.074,0.787
81200,0.139,0.073,0.788
81300,0.131,0.075,0.794
81400,0.124,0.075,0.801
81500,0.128,0.072,0.800
81600,0.137,0.067,0.796
81700,0.136,0.066,0.798
81800,0.138,0.068,0.794
81900,0.137,0.071,0.792
82000,0.138,0.065,0.797
82100,0.133,0.065,0.802
82200,0.127,0.063,0.810
82300,0.131,0.068,0.801
82400,0.137,0.065,0.798
82500,0.135,0.064,0.801
82600,0.135,0.059,0.806
82700,0.142,0.054,0.804
82800,0.138,0.053,0.809
82900,0.141,0.051,0.808
83000,0.139,0.048,0.813
83100,0.137,0.049,0.814
83200,0.131,0.045,0.824
83300,0.131,0.048,0.821
83400,0.138,0.044,0.818
83500,0.138,0.046,0.816
83600,0.131,0.053,0.816
83700,0.130,0.054,0.816
83800,0.127,0.062,0.811
83900,0.126,0.058,0.816
84000,0.126,0.059,0.815
84100,0.117,0.067,0.816
84200,0.126,0.068,0.806
84300,0.126,0.068,0.806
84400,0.123,0.067,0.810
84500,0.120,0.060,0.820
84600,0.117,0.060,0.823
84700,0.120,0.063,0.817
84800,0.124,0.072,0.804
84900,0.132,0.068,0.800
85000,0.127,0.071,0.802
85100,0.121,0.071,0.808
85200,0.121,0.082,0.797
85300,0.121,0.077,0.802
85400,0.126,0.083,0.791
85500,0.137,0.081,0.782
85600,0.128,0.090,0.782
85700,0.126,0.095,0.779
85800,0.120,0.098,0.782
85900,0.120,0.091,0.789
86000,0.123,0.095,0.782
86100,0.126,0.093,0.781
86200,0.122,0.093,0.785
86300,0.119,0.093,0.788
86400,0.116,0.091,0.793
86500,0.116,0.083,0.801
86600,0.128,0.086,0.786
86700,0.122,0.085,0.793
86800,0.122,0.091,0.787
86900,0.120,0.090,0.790
87000,0.120,0.097,0.783
87100,0.121,0.094,0.785
87200,0.121,0.099,0.780
87300,0.122,0.098,0.780
87400,0.116,0.093,0.791
87500,0.118,0.092,0.790
87600,0.118,0.091,0.791
87700,0.118,0.101,0.781
87800,0.118,0.106,0.776
87900,0.119,0.104,0.777
88000,0.121,0.102,0.777
88100,0.123,0.102,0.775
88200,0.114,0.099,0.787
88300,0.114,0.089,0.797
88400,0.114,0.083,0.803
88500,0.110,0.082,0.808
88600,0.116,0.073,0.811
88700,0.108,0.077,0.815
88800,0.105,0.078,0.817
88900,0.108,0.076,0.816
89000,0.112,0.084,0.804
89100,0.112,0.083,0.805
89200,0.111,0.082,0.807
89300,0.124,0.085,0.791
89400,0.126,0.083,0.791
89500,0.126,0.077,0.797
89600,0.135,0.080,0.785
89700,0.131,0.078,0.791
89800,0.120,0.072,0.808
89900,0.119,0.077,0.804
90000,0.121,0.081,0.798
90100,0.123,0.070,0.807
90200,0.118,0.067,0.815
90300,0.115,0.068,0.817
90400,0.115,0.067,0.818
90500,0.119,0.080,0.801
90600,0.121,0.083,0.796
90700,0.116,0.090,0.794
90800,0.120,0.090,0.790
90900,0.124,0.082,0.794
91000,0.127,0.075,0.798
91100,0.132,0.073,0.795
91200,0.135,0.071,0.794
91300,0.127,0.073,0.800
91400,0.120,0.074,0.806
91500,0.122,0.079,0.799
91600,0.120,0.078,0.802
91700,0.122,0.081,0.797
91800,0.114,0.084,0.802
91900,0.120,0.082,0.798
92000,0.114,0.077,0.809
92100,0.125,0.080,0.795
92200,0.123,0.076,0.801
92300,0.131,0.074,0.795
92400,0.128,0.075,0.797
92500,0.129,0.077,0.794
92600,0.128,0.072,0.800
92700,0.138,0.070,0.792
92800,0.141,0.078,0.781
92900,0.140,0.082,0.778
93000,0.134,0.081,0.785
93100,0.127,0.077,0.796
93200,0.123,0.076,0.801
93300,0.123,0.076,0.801
93400,0.115,0.078,0.807
93500,0.118,0.075,0.807
93600,0.112,0.079,0.809
93700,0.111,0.070,0.819
93800,0.107,0.066,0.827
93900,0.112,0.064,0.824
94000,0.115,0.062,0.823
94100,0.113,0.072,0.815
94200,0.120,0.072,0.808
94300,0.113,0.073,0.814
94400,0.112,0.075,0.813
94500,0.110,0.080,0.810
94600,0.109,0.076,0.815
94700,0.105,0.077,0.818
94800,0.108,0.084,0.808
94900,0.114,0.083,0.803
95000,0.110,0.084,0.806
95100,0.113,0.092,0.795
95200,0.109,0.093,0.798
95300,0.107,0.094,0.799
95400,0.111,0.101,0.788
95500,0.115,0.099,0.786
95600,0.110,0.101,0.789
95700,0.104,0.102,0.794
95800,0.105,0.098,0.797
95900,0.102,0.102,0.796
96000,0.108,0.099,0.793
96100,0.109,0.100,0.791
96200,0.102,0.096,0.802
96300,0.099,0.100,0.801
96400,0.096,0.113,0.791
96500,0.096,0.111,0.793
96600,0.088,0.114,0.798
96700,0.091,0.107,0.802
96800,0.094,0.108,0.798
96900,0.099,0.110,0.791
97000,0.106,0.107,0.787
97100,0.105,0.110,0.785
97200,0.107,0.103,0.790
97300,0.114,0.105,0.781
97400,0.117,0.111,0.772
97500,0.124,0.108,0.768
97600,0.128,0.099,0.773
97700,0.121,0.103,0.776
97800,0.120,0.095,0.785
97900,0.116,0.093,0.791
98000,0.115,0.088,0.797
98100,0.113,0.091,0.796
98200,0.115,0.088,0.797
98300,0.107,0.091,0.802
98400,0.112,0.085,0.803
98500,0.115,0.086,0.799
98600,0.122,0.086,0.792
98700,0.125,0.075,0.800
98800,0.123,0.073,0.804
98900,0.122,0.073,0.805
99000,0.124,0.070,0.806
99100,0.119,0.070,0.811
99200,0.124,0.072,0.804
99300,0.128,0.066,0.806
99400,0.123,0.077,0.800
99500,0.122,0.081,0.797
99600,0.119,0.083,0.798
99700,0.117,0.099,0.784
99800,0.107,0.097,0.796
99900,0.111,0.092,0.797
100000,0.102,0.094,0.804
