time,n_A+p,n_B,n_AB
0,0.450,0.550,0.000
500,0.302,0.288,0.410
1000,0.225,0.237,0.538
1500,0.200,0.230,0.570
2000,0.153,0.227,0.620
2500,0.164,0.168,0.668
3000,0.140,0.175,0.685
3500,0.131,0.157,0.712
4000,0.150,0.162,0.688
4500,0.152,0.147,0.701
5000,0.096,0.190,0.714
5500,0.112,0.146,0.743
6000,0.104,0.140,0.757
6500,0.112,0.148,0.740
7000,0.102,0.120,0.778
7500,0.110,0.127,0.763
8000,0.161,0.125,0.714
8500,0.115,0.127,0.758
9000,0.134,0.106,0.760
9500,0.100,0.104,0.796
10000,0.104,0.125,0.772
10500,0.142,0.090,0.768
11000,0.121,0.109,0.769
11500,0.171,0.083,0.746
12000,0.110,0.129,0.761
12500,0.105,0.137,0.757
13000,0.088,0.127,0.785
13500,0.099,0.112,0.789
14000,0.116,0.102,0.782
14500,0.106,0.145,0.749
15000,0.113,0.133,0.754
15500,0.143,0.101,0.756
16000,0.111,0.120,0.769
16500,0.114,0.099,0.788
17000,0.089,0.119,0.792
17500,0.128,0.109,0.763
18000,0.114,0.095,0.791
18500,0.126,0.084,0.790
19000,0.151,0.071,0.778
19500,0.161,0.086,0.754
20000,0.144,0.087,0.769
20500,0.142,0.103,0.755
21000,0.148,0.078,0.774
21500,0.152,0.120,0.728
22000,0.106,0.077,0.817
22500,0.127,0.114,0.760
23000,0.111,0.090,0.799
23500,0.127,0.080,0.793
24000,0.122,0.087,0.790
24500,0.119,0.086,0.795
25000,0.128,0.081,0.790
25500,0.098,0.070,0.832
26000,0.135,0.068,0.797
26500,0.142,0.066,0.792
27000,0.169,0.061,0.770
27500,0.145,0.063,0.792
28000,0.137,0.072,0.791
28500,0.126,0.104,0.769
29000,0.122,0.098,0.780
29500,0.109,0.086,0.805
30000,0.102,0.104,0.794
30500,0.098,0.093,0.810
31000,0.098,0.105,0.797
31500,0.129,0.077,0.795
32000,0.095,0.088,0.817
32500,0.090,0.080,0.829
33000,0.087,0.155,0.758
33500,0.116,0.120,0.763
34000,0.100,0.126,0.774
34500,0.078,0.116,0.806
35000,0.080,0.130,0.790
35500,0.076,0.133,0.791
36000,0.080,0.112,0.807
36500,0.081,0.107,0.811
37000,0.080,0.086,0.834
37500,0.088,0.086,0.826
38000,0.111,0.109,0.780
38500,0.097,0.087,0.817
39000,0.099,0.089,0.812
39500,0.088,0.103,0.809
40000,0.072,0.104,0.824
40500,0.057,0.104,0.839
41000,0.049,0.122,0.829
41500,0.063,0.109,0.828
42000,0.070,0.102,0.828
42500,0.104,0.114,0.782
43000,0.098,0.081,0.820
43500,0.079,0.095,0.825
44000,0.110,0.095,0.795
44500,0.084,0.100,0.816
45000,0.099,0.113,0.788
45500,0.097,0.112,0.792
46000,0.109,0.088,0.803
46500,0.112,0.076,0.811
47000,0.091,0.090,0.819
47500,0.112,0.101,0.786
48000,0.118,0.083,0.799
48500,0.109,0.125,0.766
49000,0.088,0.117,0.795
49500,0.085,0.101,0.814
50000,0.080,0.134,0.785
50500,0.087,0.117,0.796
51000,0.093,0.095,0.811
51500,0.112,0.108,0.781
52000,0.089,0.095,0.815
52500,0.090,0.111,0.799
53000,0.098,0.102,0.800
53500,0.095,0.115,0.790
54000,0.119,0.102,0.778
54500,0.069,0.118,0.813
55000,0.108,0.103,0.789
55500,0.084,0.088,0.828
56000,0.088,0.083,0.829
56500,0.109,0.070,0.821
57000,0.104,0.075,0.821
57500,0.113,0.083,0.804
58000,0.161,0.065,0.775
58500,0.112,0.088,0.800
59000,0.143,0.091,0.766
59500,0.143,0.067,0.790
60000,0.104,0.079,0.818
60500,0.129,0.091,0.780
61000,0.114,0.088,0.799
61500,0.079,0.101,0.820
62000,0.069,0.111,0.820
62500,0.106,0.081,0.813
63000,0.080,0.079,0.842
63500,0.084,0.073,0.843
64000,0.087,0.114,0.799
64500,0.084,0.107,0.809
65000,0.059,0.104,0.837
65500,0.079,0.136,0.785
66000,0.098,0.101,0.801
66500,0.083,0.095,0.821
67000,0.072,0.081,0.846
67500,0.095,0.119,0.786
68000,0.101,0.153,0.746
68500,0.090,0.124,0.786
69000,0.101,0.121,0.778
69500,0.093,0.138,0.769
70000,0.104,0.118,0.778
70500,0.083,0.154,0.764
71000,0.094,0.156,0.750
71500,0.097,0.140,0.763
72000,0.097,0.140,0.763
72500,0.087,0.095,0.818
73000,0.098,0.101,0.802
73500,0.095,0.077,0.828
74000,0.104,0.098,0.799
74500,0.091,0.109,0.799
75000,0.110,0.085,0.805
75500,0.116,0.084,0.800
76000,0.079,0.116,0.805
76500,0.092,0.120,0.788
77000,0.079,0.098,0.823
77500,0.101,0.093,0.806
78000,0.141,0.093,0.765
78500,0.086,0.114,0.800
79000,0.094,0.107,0.799
79500,0.075,0.101,0.824
80000,0.071,0.095,0.834
80500,0.072,0.107,0.821
81000,0.084,0.083,0.834
81500,0.072,0.098,0.831
82000,0.083,0.069,0.849
82500,0.105,0.068,0.827
83000,0.097,0.063,0.839
83500,0.063,0.108,0.829
84000,0.094,0.091,0.815
84500,0.066,0.088,0.846
85000,0.080,0.104,0.816
85500,0.108,0.086,0.806
86000,0.086,0.079,0.835
86500,0.077,0.115,0.808
87000,0.077,0.088,0.835
87500,0.063,0.108,0.829
88000,0.072,0.108,0.820
88500,0.058,0.116,0.826
89000,0.075,0.112,0.813
89500,0.081,0.118,0.801
90000,0.095,0.088,0.817
90500,0.104,0.088,0.807
91000,0.103,0.089,0.808
91500,0.122,0.107,0.771
92000,0.089,0.100,0.811
92500,0.086,0.114,0.800
93000,0.079,0.102,0.819
93500,0.087,0.125,0.788
94000,0.061,0.143,0.796
94500,0.066,0.116,0.818
95000,0.084,0.101,0.815
95500,0.106,0.088,0.806
96000,0.095,0.070,0.835
96500,0.089,0.099,0.812
97000,0.086,0.114,0.800
97500,0.081,0.084,0.834
98000,0.119,0.082,0.799
98500,0.102,0.087,0.810
99000,0.092,0.075,0.833
99500,0.103,0.084,0.813
100000,0.100,0.107,0.793
100500,0.074,0.079,0.847
101000,0.077,0.081,0.842
101500,0.113,0.087,0.800
102000,0.111,0.094,0.795
102500,0.112,0.107,0.782
103000,0.066,0.098,0.836
103500,0.071,0.123,0.806
104000,0.081,0.147,0.772
104500,0.113,0.104,0.783
105000,0.114,0.113,0.773
105500,0.109,0.086,0.805
106000,0.118,0.111,0.771
106500,0.098,0.119,0.782
107000,0.115,0.094,0.791
107500,0.072,0.106,0.822
108000,0.073,0.094,0.833
108500,0.062,0.138,0.800
109000,0.093,0.128,0.779
109500,0.105,0.109,0.786
110000,0.104,0.094,0.802
110500,0.094,0.105,0.801
111000,0.094,0.125,0.781
111500,0.099,0.110,0.791
112000,0.091,0.077,0.832
112500,0.105,0.075,0.820
113000,0.100,0.087,0.814
113500,0.081,0.129,0.789
114000,0.073,0.127,0.800
114500,0.083,0.111,0.807
115000,0.121,0.092,0.787
115500,0.127,0.090,0.782
116000,0.117,0.070,0.813
116500,0.138,0.072,0.790
117000,0.107,0.084,0.810
117500,0.119,0.105,0.775
118000,0.101,0.096,0.803
118500,0.101,0.070,0.829
119000,0.119,0.084,0.797
119500,0.126,0.076,0.798
120000,0.114,0.076,0.811
120500,0.126,0.102,0.771
121000,0.097,0.102,0.801
121500,0.099,0.079,0.822
122000,0.094,0.064,0.842
122500,0.098,0.107,0.796
123000,0.119,0.096,0.785
123500,0.111,0.065,0.825
124000,0.125,0.059,0.816
124500,0.101,0.078,0.821
125000,0.114,0.095,0.792
125500,0.129,0.073,0.799
126000,0.154,0.081,0.764
126500,0.105,0.076,0.819
127000,0.105,0.070,0.825
127500,0.090,0.100,0.810
128000,0.074,0.119,0.807
128500,0.093,0.127,0.780
129000,0.088,0.128,0.784
129500,0.066,0.097,0.836
130000,0.081,0.119,0.800
130500,0.068,0.132,0.800
131000,0.073,0.105,0.822
131500,0.071,0.078,0.851
132000,0.062,0.090,0.847
132500,0.088,0.116,0.796
133000,0.077,0.104,0.818
133500,0.065,0.100,0.836
134000,0.095,0.072,0.834
134500,0.120,0.090,0.789
135000,0.126,0.075,0.799
135500,0.109,0.119,0.772
136000,0.086,0.096,0.818
136500,0.102,0.112,0.786
137000,0.125,0.102,0.773
137500,0.088,0.133,0.779
138000,0.109,0.086,0.806
138500,0.081,0.088,0.830
139000,0.087,0.063,0.849
139500,0.080,0.081,0.838
140000,0.103,0.076,0.821
140500,0.132,0.068,0.800
141000,0.097,0.070,0.833
141500,0.063,0.095,0.841
142000,0.092,0.069,0.839
142500,0.141,0.069,0.789
143000,0.148,0.072,0.781
143500,0.125,0.079,0.796
144000,0.126,0.090,0.785
144500,0.125,0.086,0.789
145000,0.138,0.057,0.805
145500,0.132,0.076,0.792
146000,0.119,0.090,0.791
146500,0.112,0.072,0.815
147000,0.130,0.064,0.806
147500,0.092,0.078,0.830
148000,0.083,0.081,0.836
148500,0.095,0.054,0.851
149000,0.119,0.075,0.807
149500,0.106,0.102,0.792
150000,0.094,0.097,0.808
150500,0.115,0.083,0.802
151000,0.103,0.093,0.804
151500,0.108,0.096,0.796
152000,0.136,0.086,0.778
152500,0.126,0.073,0.802
153000,0.101,0.091,0.808
153500,0.093,0.065,0.842
154000,0.124,0.075,0.801
154500,0.103,0.082,0.815
155000,0.099,0.079,0.822
155500,0.103,0.084,0.813
156000,0.095,0.075,0.829
156500,0.090,0.081,0.829
157000,0.120,0.094,0.786
157500,0.085,0.097,0.818
158000,0.100,0.091,0.810
158500,0.084,0.102,0.814
159000,0.087,0.099,0.814
159500,0.101,0.096,0.803
160000,0.087,0.108,0.806
160500,0.098,0.113,0.789
161000,0.118,0.122,0.760
161500,0.085,0.124,0.791
162000,0.083,0.123,0.794
162500,0.093,0.062,0.845
163000,0.107,0.087,0.806
163500,0.112,0.080,0.808
164000,0.140,0.066,0.795
164500,0.097,0.080,0.822
165000,0.108,0.091,0.801
165500,0.110,0.073,0.817
166000,0.106,0.101,0.793
166500,0.088,0.108,0.804
167000,0.088,0.115,0.797
167500,0.075,0.109,0.816
168000,0.079,0.114,0.807
168500,0.084,0.117,0.799
169000,0.075,0.112,0.813
169500,0.112,0.102,0.786
170000,0.110,0.112,0.778
170500,0.100,0.122,0.778
171000,0.115,0.111,0.774
171500,0.078,0.099,0.823
172000,0.100,0.116,0.784
172500,0.108,0.103,0.789
173000,0.070,0.100,0.830
173500,0.091,0.072,0.837
174000,0.107,0.105,0.788
174500,0.090,0.095,0.815
175000,0.082,0.121,0.797
175500,0.047,0.148,0.805
176000,0.108,0.116,0.776
176500,0.108,0.109,0.783
177000,0.115,0.111,0.775
177500,0.110,0.096,0.794
178000,0.097,0.106,0.797
178500,0.095,0.094,0.811
179000,0.089,0.087,0.824
179500,0.077,0.130,0.793
180000,0.082,0.107,0.811
180500,0.081,0.127,0.792
181000,0.063,0.101,0.836
181500,0.067,0.094,0.839
182000,0.084,0.054,0.863
182500,0.082,0.077,0.841
183000,0.084,0.113,0.803
183500,0.087,0.132,0.781
184000,0.059,0.122,0.820
184500,0.056,0.123,0.820
185000,0.052,0.097,0.850
185500,0.055,0.104,0.841
186000,0.101,0.093,0.806
186500,0.088,0.092,0.820
187000,0.095,0.087,0.818
187500,0.088,0.111,0.802
188000,0.095,0.125,0.780
188500,0.080,0.123,0.797
189000,0.071,0.114,0.815
189500,0.105,0.081,0.814
190000,0.086,0.100,0.814
190500,0.111,0.081,0.807
191000,0.101,0.073,0.825
191500,0.135,0.080,0.785
192000,0.133,0.080,0.787
192500,0.083,0.097,0.820
193000,0.108,0.125,0.768
193500,0.107,0.115,0.779
194000,0.126,0.134,0.740
194500,0.155,0.077,0.768
195000,0.130,0.106,0.764
195500,0.100,0.070,0.830
196000,0.107,0.063,0.830
196500,0.098,0.090,0.811
197000,0.082,0.123,0.795
197500,0.107,0.112,0.781
198000,0.091,0.101,0.808
198500,0.104,0.095,0.801
199000,0.093,0.093,0.814
199500,0.125,0.076,0.799
200000,0.108,0.093,0.799
200500,0.080,0.092,0.828
201000,0.058,0.147,0.795
201500,0.054,0.161,0.785
202000,0.073,0.126,0.801
202500,0.071,0.106,0.823
203000,0.076,0.114,0.811
203500,0.065,0.125,0.810
204000,0.058,0.097,0.845
204500,0.108,0.098,0.793
205000,0.119,0.079,0.802
205500,0.106,0.096,0.798
206000,0.137,0.097,0.767
206500,0.129,0.075,0.796
207000,0.093,0.062,0.845
207500,0.084,0.110,0.806
208000,0.095,0.108,0.797
208500,0.105,0.104,0.791
209000,0.123,0.102,0.774
209500,0.091,0.132,0.776
210000,0.110,0.104,0.786
210500,0.109,0.137,0.754
211000,0.092,0.162,0.746
211500,0.095,0.137,0.768
212000,0.105,0.124,0.771
212500,0.096,0.124,0.780
213000,0.079,0.120,0.801
213500,0.118,0.115,0.768
214000,0.143,0.097,0.761
214500,0.082,0.106,0.812
215000,0.081,0.115,0.804
215500,0.084,0.091,0.825
216000,0.101,0.100,0.799
216500,0.091,0.093,0.816
217000,0.107,0.088,0.805
217500,0.080,0.099,0.821
218000,0.103,0.100,0.797
218500,0.132,0.084,0.785
219000,0.120,0.127,0.753
219500,0.110,0.120,0.770
220000,0.110,0.098,0.792
220500,0.140,0.067,0.793
221000,0.123,0.065,0.811
221500,0.123,0.063,0.814
222000,0.088,0.092,0.820
222500,0.083,0.086,0.831
223000,0.099,0.088,0.813
223500,0.108,0.082,0.810
224000,0.073,0.091,0.836
224500,0.055,0.119,0.826
225000,0.097,0.139,0.764
225500,0.092,0.120,0.788
226000,0.078,0.138,0.784
226500,0.056,0.144,0.800
227000,0.095,0.153,0.752
227500,0.095,0.108,0.797
228000,0.091,0.123,0.786
228500,0.100,0.129,0.771
229000,0.095,0.118,0.787
229500,0.080,0.115,0.805
230000,0.075,0.145,0.781
230500,0.095,0.107,0.798
231000,0.108,0.113,0.779
231500,0.073,0.123,0.804
232000,0.073,0.114,0.813
232500,0.084,0.098,0.818
233000,0.086,0.082,0.832
233500,0.086,0.109,0.805
234000,0.121,0.092,0.787
234500,0.088,0.128,0.783
235000,0.083,0.125,0.792
235500,0.066,0.125,0.809
236000,0.074,0.096,0.830
236500,0.091,0.117,0.792
237000,0.095,0.087,0.818
237500,0.078,0.097,0.825
238000,0.097,0.086,0.817
238500,0.086,0.108,0.806
239000,0.072,0.104,0.824
239500,0.075,0.093,0.832
240000,0.100,0.091,0.809
240500,0.079,0.090,0.832
241000,0.097,0.092,0.811
241500,0.102,0.073,0.825
242000,0.075,0.103,0.822
242500,0.071,0.106,0.823
243000,0.107,0.082,0.811
243500,0.083,0.102,0.815
244000,0.092,0.070,0.838
244500,0.115,0.065,0.821
245000,0.104,0.090,0.806
245500,0.077,0.108,0.814
246000,0.087,0.100,0.813
246500,0.114,0.101,0.785
247000,0.111,0.108,0.782
247500,0.097,0.107,0.796
248000,0.090,0.097,0.813
248500,0.082,0.094,0.824
249000,0.086,0.126,0.788
249500,0.093,0.084,0.822
250000,0.082,0.090,0.828
250500,0.079,0.065,0.857
251000,0.115,0.072,0.813
251500,0.087,0.063,0.850
252000,0.100,0.078,0.822
252500,0.112,0.106,0.782
253000,0.086,0.088,0.827
253500,0.123,0.099,0.778
254000,0.110,0.095,0.795
254500,0.117,0.116,0.767
255000,0.119,0.115,0.766
255500,0.094,0.104,0.802
256000,0.083,0.086,0.831
256500,0.079,0.083,0.838
257000,0.068,0.109,0.823
257500,0.069,0.089,0.842
258000,0.105,0.093,0.802
258500,0.079,0.120,0.800
259000,0.088,0.083,0.829
259500,0.090,0.078,0.832
260000,0.102,0.068,0.831
260500,0.086,0.087,0.827
261000,0.069,0.115,0.817
261500,0.097,0.089,0.814
262000,0.110,0.080,0.810
262500,0.070,0.083,0.847
263000,0.088,0.073,0.839
263500,0.085,0.087,0.828
264000,0.087,0.088,0.825
264500,0.095,0.107,0.799
265000,0.110,0.091,0.799
265500,0.094,0.112,0.794
266000,0.097,0.083,0.821
266500,0.100,0.080,0.821
267000,0.104,0.083,0.813
267500,0.108,0.094,0.797
268000,0.100,0.117,0.783
268500,0.094,0.117,0.789
269000,0.086,0.125,0.789
269500,0.088,0.114,0.799
270000,0.094,0.078,0.828
270500,0.112,0.070,0.818
271000,0.117,0.088,0.795
271500,0.116,0.062,0.822
272000,0.109,0.066,0.824
272500,0.112,0.047,0.841
273000,0.172,0.058,0.770
273500,0.146,0.052,0.802
274000,0.124,0.069,0.807
274500,0.112,0.063,0.825
275000,0.112,0.105,0.783
275500,0.123,0.076,0.801
276000,0.111,0.086,0.804
276500,0.116,0.090,0.795
277000,0.054,0.076,0.870
277500,0.059,0.094,0.847
278000,0.066,0.116,0.817
278500,0.069,0.164,0.767
279000,0.064,0.115,0.821
279500,0.061,0.108,0.831
280000,0.072,0.085,0.843
280500,0.097,0.088,0.815
281000,0.098,0.107,0.795
281500,0.106,0.089,0.805
282000,0.097,0.117,0.786
282500,0.097,0.096,0.807
283000,0.089,0.116,0.795
283500,0.089,0.101,0.810
284000,0.125,0.088,0.786
284500,0.126,0.080,0.794
285000,0.104,0.095,0.801
285500,0.101,0.083,0.817
286000,0.112,0.071,0.817
286500,0.093,0.125,0.783
287000,0.091,0.098,0.811
287500,0.078,0.126,0.796
288000,0.084,0.109,0.806
288500,0.076,0.105,0.819
289000,0.097,0.084,0.818
289500,0.092,0.104,0.804
290000,0.090,0.083,0.827
290500,0.071,0.071,0.858
291000,0.097,0.105,0.797
291500,0.097,0.075,0.828
292000,0.111,0.100,0.789
292500,0.104,0.094,0.802
293000,0.118,0.098,0.785
293500,0.092,0.129,0.779
294000,0.112,0.110,0.778
294500,0.140,0.084,0.776
295000,0.128,0.093,0.779
295500,0.158,0.072,0.770
296000,0.159,0.068,0.773
296500,0.165,0.072,0.764
297000,0.130,0.098,0.772
297500,0.134,0.102,0.764
298000,0.140,0.100,0.761
298500,0.116,0.098,0.786
299000,0.094,0.130,0.776
299500,0.104,0.066,0.830
300000,0.102,0.106,0.792
300500,0.129,0.107,0.765
301000,0.122,0.101,0.777
301500,0.110,0.109,0.781
302000,0.116,0.116,0.768
302500,0.117,0.128,0.755
303000,0.112,0.081,0.806
303500,0.114,0.085,0.801
304000,0.121,0.092,0.787
304500,0.107,0.080,0.813
305000,0.090,0.095,0.815
305500,0.111,0.105,0.783
306000,0.125,0.097,0.778
306500,0.099,0.125,0.776
307000,0.125,0.110,0.765
307500,0.115,0.122,0.764
308000,0.122,0.155,0.723
308500,0.171,0.090,0.740
309000,0.138,0.058,0.804
309500,0.092,0.107,0.801
310000,0.133,0.094,0.773
310500,0.121,0.088,0.790
311000,0.098,0.074,0.828
311500,0.086,0.121,0.793
312000,0.103,0.089,0.808
312500,0.108,0.121,0.771
313000,0.088,0.095,0.817
313500,0.095,0.103,0.802
314000,0.109,0.100,0.792
314500,0.106,0.102,0.792
315000,0.143,0.081,0.775
315500,0.124,0.119,0.757
316000,0.112,0.084,0.803
316500,0.102,0.100,0.798
317000,0.096,0.110,0.794
317500,0.112,0.113,0.775
318000,0.095,0.131,0.774
318500,0.097,0.094,0.808
319000,0.106,0.100,0.795
319500,0.087,0.108,0.805
320000,0.092,0.084,0.824
320500,0.094,0.086,0.821
321000,0.135,0.067,0.798
321500,0.098,0.078,0.824
322000,0.115,0.085,0.800
322500,0.111,0.118,0.772
323000,0.125,0.125,0.751
323500,0.104,0.106,0.790
324000,0.105,0.108,0.787
324500,0.098,0.097,0.804
325000,0.133,0.061,0.806
325500,0.137,0.075,0.788
326000,0.112,0.069,0.819
326500,0.066,0.103,0.831
327000,0.084,0.084,0.831
327500,0.098,0.111,0.791
328000,0.107,0.092,0.802
328500,0.100,0.087,0.813
329000,0.097,0.063,0.841
329500,0.087,0.079,0.834
330000,0.126,0.095,0.779
330500,0.073,0.092,0.835
331000,0.069,0.094,0.836
331500,0.052,0.109,0.839
332000,0.082,0.090,0.828
332500,0.076,0.105,0.820
333000,0.102,0.094,0.804
333500,0.133,0.080,0.788
334000,0.080,0.079,0.842
334500,0.107,0.086,0.807
335000,0.095,0.140,0.765
335500,0.098,0.091,0.811
336000,0.087,0.097,0.815
336500,0.081,0.114,0.805
337000,0.095,0.084,0.821
337500,0.106,0.081,0.813
338000,0.106,0.101,0.793
338500,0.134,0.093,0.772
339000,0.093,0.091,0.815
339500,0.095,0.104,0.801
340000,0.151,0.102,0.747
340500,0.112,0.102,0.785
341000,0.094,0.091,0.815
341500,0.087,0.094,0.820
342000,0.095,0.078,0.827
342500,0.106,0.086,0.808
343000,0.087,0.117,0.796
343500,0.080,0.100,0.821
344000,0.077,0.104,0.818
344500,0.090,0.111,0.800
345000,0.114,0.100,0.786
345500,0.084,0.089,0.827
346000,0.080,0.104,0.816
346500,0.071,0.087,0.842
347000,0.084,0.074,0.842
347500,0.078,0.083,0.839
348000,0.119,0.071,0.810
348500,0.097,0.078,0.825
349000,0.092,0.139,0.769
349500,0.072,0.095,0.833
350000,0.100,0.066,0.834
350500,0.100,0.087,0.813
351000,0.082,0.108,0.810
351500,0.107,0.100,0.793
352000,0.136,0.056,0.808
352500,0.150,0.075,0.775
353000,0.147,0.070,0.782
353500,0.098,0.085,0.817
354000,0.109,0.077,0.814
354500,0.140,0.095,0.765
355000,0.104,0.083,0.813
355500,0.125,0.087,0.788
356000,0.141,0.088,0.771
356500,0.143,0.116,0.741
357000,0.161,0.073,0.767
357500,0.126,0.093,0.782
358000,0.123,0.100,0.778
358500,0.088,0.153,0.760
359000,0.108,0.118,0.775
359500,0.112,0.095,0.793
360000,0.102,0.138,0.760
360500,0.084,0.125,0.791
361000,0.101,0.115,0.785
361500,0.086,0.142,0.772
362000,0.080,0.119,0.801
362500,0.115,0.086,0.799
363000,0.104,0.077,0.818
363500,0.103,0.089,0.808
364000,0.126,0.081,0.792
364500,0.103,0.066,0.831
365000,0.084,0.106,0.810
365500,0.094,0.100,0.806
366000,0.122,0.093,0.785
366500,0.139,0.104,0.757
367000,0.120,0.082,0.798
367500,0.150,0.062,0.789
368000,0.129,0.079,0.792
368500,0.160,0.074,0.766
369000,0.125,0.093,0.782
369500,0.110,0.086,0.804
370000,0.101,0.085,0.814
370500,0.097,0.094,0.810
371000,0.114,0.093,0.793
371500,0.088,0.109,0.803
372000,0.101,0.090,0.809
372500,0.098,0.103,0.799
373000,0.100,0.080,0.820
373500,0.098,0.075,0.827
374000,0.108,0.080,0.813
374500,0.093,0.060,0.847
375000,0.111,0.087,0.802
375500,0.102,0.092,0.806
376000,0.094,0.088,0.817
376500,0.082,0.100,0.818
377000,0.065,0.111,0.824
377500,0.077,0.083,0.840
378000,0.087,0.093,0.820
378500,0.107,0.112,0.781
379000,0.098,0.109,0.793
379500,0.139,0.089,0.772
380000,0.109,0.065,0.825
380500,0.109,0.097,0.794
381000,0.112,0.072,0.817
381500,0.104,0.095,0.800
382000,0.079,0.107,0.814
382500,0.111,0.098,0.791
383000,0.111,0.096,0.793
383500,0.107,0.090,0.803
384000,0.108,0.088,0.804
384500,0.086,0.085,0.829
385000,0.098,0.118,0.785
385500,0.093,0.147,0.760
386000,0.069,0.134,0.796
386500,0.075,0.115,0.810
387000,0.077,0.112,0.810
387500,0.074,0.133,0.793
388000,0.076,0.108,0.816
388500,0.094,0.107,0.799
389000,0.090,0.073,0.837
389500,0.111,0.083,0.806
390000,0.069,0.095,0.836
390500,0.122,0.076,0.802
391000,0.108,0.077,0.814
391500,0.093,0.086,0.821
392000,0.074,0.102,0.824
392500,0.081,0.122,0.797
393000,0.109,0.088,0.802
393500,0.090,0.083,0.828
394000,0.083,0.086,0.831
394500,0.070,0.109,0.820
395000,0.079,0.109,0.812
395500,0.080,0.108,0.812
396000,0.079,0.107,0.814
396500,0.122,0.096,0.782
397000,0.074,0.082,0.844
397500,0.069,0.107,0.824
398000,0.072,0.103,0.825
398500,0.063,0.105,0.832
399000,0.120,0.119,0.760
399500,0.121,0.111,0.768
400000,0.104,0.100,0.797
400500,0.142,0.080,0.778
401000,0.082,0.108,0.810
401500,0.065,0.094,0.842
402000,0.112,0.080,0.808
402500,0.085,0.085,0.830
403000,0.107,0.076,0.817
403500,0.084,0.074,0.842
404000,0.087,0.091,0.822
404500,0.097,0.090,0.813
405000,0.120,0.058,0.822
405500,0.098,0.065,0.837
406000,0.107,0.079,0.814
406500,0.129,0.062,0.809
407000,0.085,0.146,0.769
407500,0.070,0.095,0.835
408000,0.068,0.091,0.841
408500,0.068,0.084,0.847
409000,0.039,0.133,0.828
409500,0.044,0.151,0.805
410000,0.052,0.126,0.822
410500,0.058,0.140,0.802
411000,0.109,0.130,0.761
411500,0.103,0.104,0.793
412000,0.083,0.115,0.802
412500,0.105,0.097,0.798
413000,0.075,0.068,0.857
413500,0.078,0.112,0.810
414000,0.098,0.077,0.825
414500,0.122,0.082,0.796
415000,0.113,0.076,0.811
415500,0.133,0.080,0.787
416000,0.123,0.094,0.783
416500,0.094,0.118,0.788
417000,0.083,0.090,0.827
417500,0.093,0.108,0.799
418000,0.095,0.111,0.795
418500,0.089,0.100,0.811
419000,0.078,0.110,0.812
419500,0.087,0.093,0.820
420000,0.093,0.084,0.824
420500,0.076,0.084,0.841
421000,0.097,0.103,0.800
421500,0.108,0.093,0.799
422000,0.104,0.095,0.801
422500,0.096,0.093,0.811
423000,0.098,0.109,0.793
423500,0.134,0.123,0.742
424000,0.152,0.097,0.751
424500,0.123,0.076,0.801
425000,0.097,0.073,0.829
425500,0.094,0.098,0.807
426000,0.055,0.108,0.837
426500,0.095,0.081,0.823
427000,0.091,0.083,0.826
427500,0.091,0.086,0.822
428000,0.119,0.090,0.790
428500,0.121,0.072,0.807
429000,0.100,0.087,0.813
429500,0.068,0.097,0.835
430000,0.064,0.090,0.846
430500,0.095,0.061,0.843
431000,0.090,0.061,0.849
431500,0.074,0.084,0.842
432000,0.091,0.095,0.814
432500,0.089,0.067,0.844
433000,0.087,0.086,0.827
433500,0.087,0.105,0.808
434000,0.113,0.069,0.818
434500,0.100,0.072,0.828
435000,0.160,0.090,0.750
435500,0.104,0.084,0.811
436000,0.097,0.085,0.818
436500,0.076,0.125,0.799
437000,0.090,0.112,0.799
437500,0.077,0.139,0.784
438000,0.094,0.114,0.792
438500,0.088,0.105,0.806
439000,0.080,0.093,0.827
439500,0.066,0.114,0.820
440000,0.066,0.087,0.847
440500,0.052,0.088,0.860
441000,0.059,0.109,0.832
441500,0.057,0.092,0.851
442000,0.047,0.091,0.862
442500,0.061,0.086,0.853
443000,0.081,0.088,0.831
443500,0.067,0.107,0.827
444000,0.073,0.111,0.816
444500,0.091,0.122,0.787
445000,0.119,0.099,0.782
445500,0.139,0.106,0.756
446000,0.099,0.114,0.787
446500,0.121,0.116,0.763
447000,0.110,0.076,0.814
447500,0.088,0.105,0.807
448000,0.122,0.097,0.782
448500,0.117,0.076,0.807
449000,0.094,0.119,0.787
449500,0.098,0.116,0.785
450000,0.098,0.104,0.798
450500,0.097,0.111,0.793
451000,0.111,0.071,0.818
451500,0.098,0.074,0.828
452000,0.120,0.093,0.788
452500,0.105,0.079,0.816
453000,0.129,0.116,0.755
453500,0.084,0.105,0.811
454000,0.056,0.139,0.805
454500,0.101,0.132,0.767
455000,0.088,0.096,0.815
455500,0.101,0.073,0.826
456000,0.125,0.076,0.800
456500,0.104,0.072,0.824
457000,0.126,0.081,0.793
457500,0.126,0.093,0.781
458000,0.132,0.090,0.778
458500,0.090,0.107,0.804
459000,0.118,0.080,0.802
459500,0.105,0.110,0.785
460000,0.094,0.100,0.807
460500,0.118,0.083,0.799
461000,0.097,0.075,0.828
461500,0.122,0.071,0.807
462000,0.135,0.066,0.799
462500,0.130,0.065,0.805
463000,0.116,0.073,0.811
463500,0.111,0.095,0.793
464000,0.097,0.096,0.807
464500,0.107,0.116,0.776
465000,0.098,0.105,0.797
465500,0.122,0.130,0.748
466000,0.147,0.091,0.762
466500,0.100,0.103,0.797
467000,0.101,0.087,0.811
467500,0.091,0.116,0.792
468000,0.070,0.113,0.817
468500,0.101,0.065,0.834
469000,0.104,0.056,0.841
469500,0.134,0.063,0.803
470000,0.136,0.065,0.799
470500,0.108,0.078,0.814
471000,0.084,0.075,0.842
471500,0.087,0.120,0.793
472000,0.105,0.080,0.815
472500,0.101,0.062,0.838
473000,0.094,0.059,0.847
473500,0.123,0.074,0.803
474000,0.125,0.066,0.809
474500,0.118,0.086,0.797
475000,0.084,0.081,0.835
475500,0.080,0.078,0.842
476000,0.075,0.077,0.849
476500,0.079,0.056,0.865
477000,0.065,0.085,0.850
477500,0.080,0.101,0.818
478000,0.076,0.123,0.802
478500,0.079,0.097,0.825
479000,0.080,0.097,0.823
479500,0.081,0.100,0.819
480000,0.064,0.082,0.854
480500,0.058,0.079,0.863
481000,0.093,0.077,0.830
481500,0.077,0.076,0.847
482000,0.064,0.094,0.842
482500,0.060,0.076,0.864
483000,0.065,0.094,0.841
483500,0.077,0.105,0.818
484000,0.130,0.088,0.781
484500,0.109,0.062,0.829
485000,0.076,0.056,0.868
485500,0.081,0.121,0.798
486000,0.081,0.075,0.845
486500,0.095,0.090,0.814
487000,0.091,0.121,0.788
487500,0.060,0.101,0.839
488000,0.068,0.109,0.822
488500,0.080,0.111,0.809
489000,0.061,0.111,0.828
489500,0.110,0.105,0.785
490000,0.086,0.101,0.814
490500,0.079,0.083,0.838
491000,0.074,0.101,0.825
491500,0.086,0.087,0.827
492000,0.080,0.084,0.836
492500,0.076,0.102,0.821
493000,0.107,0.105,0.788
493500,0.098,0.072,0.831
494000,0.080,0.077,0.843
494500,0.081,0.080,0.839
495000,0.088,0.132,0.781
495500,0.091,0.119,0.789
496000,0.076,0.132,0.792
496500,0.079,0.118,0.803
497000,0.050,0.142,0.808
497500,0.039,0.115,0.846
498000,0.077,0.112,0.811
498500,0.074,0.087,0.839
499000,0.095,0.062,0.842
499500,0.123,0.114,0.763
500000,0.108,0.090,0.802
500500,0.107,0.081,0.812
501000,0.097,0.079,0.824
501500,0.082,0.098,0.820
502000,0.110,0.086,0.804
502500,0.108,0.079,0.813
503000,0.132,0.069,0.799
503500,0.148,0.087,0.765
504000,0.135,0.066,0.799
504500,0.140,0.069,0.791
505000,0.103,0.094,0.803
505500,0.101,0.101,0.798
506000,0.137,0.086,0.777
506500,0.138,0.079,0.783
507000,0.103,0.094,0.803
507500,0.072,0.088,0.841
508000,0.087,0.105,0.808
508500,0.095,0.108,0.797
509000,0.106,0.094,0.800
509500,0.100,0.107,0.793
510000,0.099,0.099,0.802
510500,0.100,0.121,0.779
511000,0.097,0.109,0.794
511500,0.093,0.124,0.783
512000,0.118,0.097,0.786
512500,0.119,0.122,0.759
513000,0.095,0.110,0.795
513500,0.077,0.122,0.802
514000,0.066,0.132,0.803
514500,0.091,0.122,0.786
515000,0.076,0.140,0.784
515500,0.086,0.115,0.799
516000,0.087,0.082,0.831
516500,0.062,0.120,0.818
517000,0.115,0.139,0.746
517500,0.118,0.139,0.743
518000,0.090,0.107,0.803
518500,0.058,0.117,0.825
519000,0.062,0.112,0.827
519500,0.091,0.110,0.799
520000,0.106,0.085,0.809
520500,0.096,0.085,0.819
521000,0.105,0.094,0.801
521500,0.111,0.072,0.817
522000,0.089,0.093,0.818
522500,0.086,0.091,0.822
523000,0.105,0.122,0.773
523500,0.088,0.111,0.802
524000,0.092,0.109,0.799
524500,0.076,0.109,0.814
525000,0.070,0.100,0.830
525500,0.077,0.124,0.799
526000,0.091,0.077,0.832
526500,0.123,0.091,0.786
527000,0.112,0.117,0.771
527500,0.109,0.123,0.767
528000,0.118,0.103,0.779
528500,0.093,0.079,0.829
529000,0.102,0.094,0.804
529500,0.103,0.098,0.799
530000,0.115,0.119,0.766
530500,0.099,0.090,0.811
531000,0.075,0.095,0.829
531500,0.059,0.098,0.842
532000,0.072,0.115,0.813
532500,0.094,0.109,0.796
533000,0.093,0.090,0.817
533500,0.151,0.087,0.762
534000,0.120,0.073,0.806
534500,0.101,0.065,0.835
535000,0.095,0.118,0.787
535500,0.117,0.097,0.786
536000,0.098,0.118,0.784
536500,0.105,0.107,0.788
537000,0.114,0.090,0.796
537500,0.116,0.065,0.820
538000,0.105,0.096,0.799
538500,0.085,0.087,0.828
539000,0.123,0.069,0.808
539500,0.116,0.076,0.808
540000,0.125,0.099,0.776
540500,0.113,0.097,0.790
541000,0.098,0.091,0.811
541500,0.087,0.079,0.835
542000,0.109,0.080,0.810
542500,0.102,0.081,0.817
543000,0.092,0.082,0.826
543500,0.088,0.118,0.794
544000,0.075,0.120,0.806
544500,0.067,0.098,0.835
545000,0.102,0.109,0.789
545500,0.086,0.120,0.794
546000,0.101,0.139,0.760
546500,0.112,0.120,0.767
547000,0.074,0.141,0.785
547500,0.076,0.142,0.782
548000,0.063,0.115,0.821
548500,0.065,0.149,0.786
549000,0.061,0.147,0.792
549500,0.099,0.124,0.777
550000,0.116,0.154,0.731
550500,0.109,0.126,0.764
551000,0.132,0.104,0.764
551500,0.115,0.114,0.771
552000,0.117,0.109,0.774
552500,0.108,0.093,0.800
553000,0.114,0.095,0.790
553500,0.115,0.100,0.786
554000,0.092,0.101,0.807
554500,0.073,0.113,0.814
555000,0.080,0.102,0.818
555500,0.072,0.094,0.834
556000,0.102,0.107,0.791
556500,0.089,0.136,0.775
557000,0.090,0.097,0.813
557500,0.065,0.105,0.830
558000,0.085,0.081,0.834
558500,0.116,0.081,0.803
559000,0.102,0.106,0.792
559500,0.093,0.082,0.825
560000,0.091,0.091,0.818
560500,0.083,0.119,0.799
561000,0.134,0.073,0.793
561500,0.096,0.098,0.806
562000,0.066,0.079,0.854
562500,0.078,0.065,0.857
563000,0.082,0.079,0.839
563500,0.097,0.097,0.806
564000,0.094,0.088,0.818
564500,0.136,0.080,0.785
565000,0.127,0.104,0.769
565500,0.118,0.079,0.803
566000,0.102,0.092,0.806
566500,0.097,0.103,0.800
567000,0.081,0.120,0.798
567500,0.061,0.104,0.835
568000,0.092,0.096,0.812
568500,0.083,0.095,0.822
569000,0.086,0.132,0.782
569500,0.118,0.102,0.779
570000,0.105,0.112,0.783
570500,0.114,0.125,0.761
571000,0.088,0.088,0.824
571500,0.094,0.087,0.819
572000,0.108,0.111,0.781
572500,0.118,0.106,0.776
573000,0.132,0.110,0.758
573500,0.146,0.123,0.731
574000,0.124,0.089,0.787
574500,0.103,0.072,0.825
575000,0.098,0.081,0.821
575500,0.080,0.086,0.834
576000,0.052,0.073,0.875
576500,0.070,0.100,0.831
577000,0.079,0.104,0.818
577500,0.086,0.096,0.818
578000,0.097,0.119,0.784
578500,0.066,0.126,0.808
579000,0.094,0.108,0.798
579500,0.100,0.148,0.751
580000,0.083,0.175,0.742
580500,0.095,0.140,0.765
581000,0.087,0.097,0.816
581500,0.111,0.098,0.791
582000,0.120,0.078,0.802
582500,0.124,0.076,0.800
583000,0.098,0.077,0.825
583500,0.116,0.069,0.814
584000,0.131,0.081,0.788
584500,0.133,0.085,0.782
585000,0.133,0.081,0.786
585500,0.157,0.079,0.765
586000,0.141,0.051,0.808
586500,0.157,0.068,0.775
587000,0.122,0.095,0.783
587500,0.131,0.077,0.792
588000,0.131,0.094,0.775
588500,0.141,0.087,0.771
589000,0.108,0.089,0.803
589500,0.134,0.071,0.795
590000,0.122,0.084,0.794
590500,0.095,0.088,0.817
591000,0.070,0.090,0.840
591500,0.085,0.100,0.815
592000,0.091,0.120,0.788
592500,0.103,0.118,0.779
593000,0.097,0.108,0.795
593500,0.109,0.116,0.775
594000,0.091,0.091,0.817
594500,0.072,0.088,0.841
595000,0.094,0.090,0.815
595500,0.080,0.081,0.839
596000,0.067,0.119,0.814
596500,0.077,0.094,0.829
597000,0.062,0.114,0.824
597500,0.097,0.096,0.807
598000,0.116,0.076,0.807
598500,0.105,0.080,0.814
599000,0.092,0.108,0.800
599500,0.077,0.095,0.827
600000,0.087,0.076,0.837
600500,0.085,0.128,0.787
601000,0.084,0.115,0.800
601500,0.070,0.130,0.800
602000,0.090,0.140,0.771
602500,0.091,0.096,0.813
603000,0.102,0.095,0.803
603500,0.116,0.102,0.781
604000,0.134,0.102,0.764
604500,0.098,0.123,0.779
605000,0.119,0.086,0.795
605500,0.090,0.091,0.819
606000,0.077,0.123,0.800
606500,0.121,0.079,0.800
607000,0.123,0.080,0.797
607500,0.093,0.136,0.771
608000,0.104,0.117,0.779
608500,0.077,0.098,0.825
609000,0.099,0.094,0.807
609500,0.083,0.095,0.821
610000,0.126,0.081,0.793
610500,0.094,0.087,0.820
611000,0.120,0.111,0.769
611500,0.143,0.093,0.765
612000,0.079,0.127,0.794
612500,0.079,0.105,0.816
613000,0.068,0.104,0.829
613500,0.093,0.101,0.807
614000,0.094,0.111,0.795
614500,0.122,0.130,0.747
615000,0.098,0.094,0.808
615500,0.104,0.091,0.806
616000,0.101,0.084,0.815
616500,0.085,0.076,0.839
617000,0.081,0.074,0.845
617500,0.082,0.089,0.829
618000,0.089,0.098,0.813
618500,0.132,0.088,0.781
619000,0.093,0.093,0.814
619500,0.102,0.081,0.817
620000,0.102,0.107,0.791
620500,0.107,0.094,0.799
621000,0.125,0.081,0.793
621500,0.107,0.101,0.793
622000,0.109,0.095,0.795
622500,0.121,0.075,0.804
623000,0.108,0.104,0.788
623500,0.086,0.147,0.767
624000,0.100,0.114,0.787
624500,0.115,0.072,0.814
625000,0.105,0.091,0.804
625500,0.097,0.082,0.821
626000,0.118,0.079,0.803
626500,0.125,0.115,0.760
627000,0.120,0.116,0.763
627500,0.119,0.070,0.810
628000,0.098,0.104,0.798
628500,0.093,0.094,0.813
629000,0.094,0.111,0.795
629500,0.080,0.105,0.815
630000,0.091,0.089,0.820
630500,0.104,0.093,0.803
631000,0.070,0.118,0.811
631500,0.070,0.084,0.846
632000,0.091,0.082,0.827
632500,0.073,0.084,0.843
633000,0.094,0.095,0.810
633500,0.094,0.088,0.817
634000,0.108,0.103,0.789
634500,0.116,0.084,0.800
635000,0.126,0.082,0.792
635500,0.075,0.121,0.804
636000,0.098,0.133,0.768
636500,0.075,0.145,0.780
637000,0.094,0.105,0.801
637500,0.105,0.080,0.814
638000,0.105,0.105,0.789
638500,0.111,0.090,0.799
639000,0.096,0.081,0.822
639500,0.075,0.105,0.820
640000,0.093,0.108,0.799
640500,0.090,0.094,0.816
641000,0.102,0.079,0.820
641500,0.088,0.071,0.841
642000,0.079,0.101,0.821
642500,0.074,0.086,0.840
643000,0.092,0.093,0.815
643500,0.098,0.072,0.831
644000,0.087,0.094,0.820
644500,0.090,0.094,0.817
645000,0.101,0.120,0.778
645500,0.093,0.152,0.756
646000,0.098,0.144,0.758
646500,0.063,0.136,0.801
647000,0.077,0.116,0.807
647500,0.126,0.108,0.765
648000,0.076,0.087,0.838
648500,0.101,0.087,0.812
649000,0.101,0.097,0.802
649500,0.080,0.115,0.805
650000,0.081,0.093,0.827
650500,0.078,0.136,0.786
651000,0.118,0.118,0.765
651500,0.119,0.116,0.765
652000,0.120,0.101,0.779
652500,0.088,0.098,0.813
653000,0.064,0.106,0.830
653500,0.090,0.119,0.792
654000,0.111,0.102,0.786
654500,0.077,0.090,0.833
655000,0.098,0.088,0.813
655500,0.107,0.087,0.806
656000,0.115,0.087,0.799
656500,0.120,0.084,0.795
657000,0.084,0.097,0.820
657500,0.086,0.092,0.822
658000,0.098,0.090,0.813
658500,0.098,0.108,0.794
659000,0.051,0.115,0.834
659500,0.080,0.126,0.795
660000,0.093,0.111,0.797
660500,0.075,0.108,0.817
661000,0.085,0.099,0.816
661500,0.080,0.097,0.822
662000,0.087,0.100,0.813
662500,0.075,0.098,0.828
663000,0.075,0.095,0.829
663500,0.079,0.078,0.843
664000,0.088,0.066,0.846
664500,0.089,0.075,0.836
665000,0.116,0.100,0.785
665500,0.098,0.111,0.791
666000,0.087,0.091,0.821
666500,0.111,0.105,0.785
667000,0.107,0.097,0.796
667500,0.094,0.095,0.811
668000,0.124,0.085,0.791
668500,0.100,0.097,0.803
669000,0.104,0.082,0.814
669500,0.122,0.065,0.813
670000,0.123,0.083,0.795
670500,0.102,0.056,0.841
671000,0.104,0.056,0.841
671500,0.123,0.075,0.803
672000,0.115,0.093,0.792
672500,0.111,0.061,0.829
673000,0.119,0.090,0.791
673500,0.107,0.072,0.821
674000,0.103,0.100,0.797
674500,0.122,0.087,0.791
675000,0.105,0.088,0.807
675500,0.088,0.086,0.826
676000,0.105,0.079,0.815
676500,0.067,0.084,0.849
677000,0.063,0.077,0.860
677500,0.096,0.080,0.824
678000,0.101,0.065,0.835
678500,0.134,0.072,0.794
679000,0.110,0.072,0.818
679500,0.114,0.062,0.824
680000,0.102,0.063,0.835
680500,0.090,0.058,0.852
681000,0.082,0.054,0.864
681500,0.106,0.069,0.825
682000,0.081,0.067,0.852
682500,0.079,0.082,0.839
683000,0.109,0.116,0.775
683500,0.079,0.107,0.815
684000,0.104,0.097,0.800
684500,0.081,0.107,0.812
685000,0.086,0.116,0.798
685500,0.067,0.153,0.781
686000,0.068,0.122,0.811
686500,0.053,0.136,0.811
687000,0.087,0.133,0.780
687500,0.090,0.133,0.777
688000,0.094,0.126,0.781
688500,0.073,0.108,0.820
689000,0.067,0.129,0.804
689500,0.084,0.106,0.810
690000,0.072,0.107,0.821
690500,0.097,0.105,0.799
691000,0.083,0.107,0.810
691500,0.062,0.122,0.815
692000,0.052,0.125,0.824
692500,0.069,0.135,0.796
693000,0.085,0.133,0.782
693500,0.083,0.130,0.786
694000,0.090,0.101,0.810
694500,0.088,0.098,0.814
695000,0.061,0.115,0.824
695500,0.073,0.115,0.812
696000,0.102,0.092,0.806
696500,0.092,0.077,0.831
697000,0.062,0.094,0.843
697500,0.074,0.105,0.821
698000,0.081,0.105,0.814
698500,0.066,0.104,0.829
699000,0.089,0.098,0.813
699500,0.116,0.076,0.808
700000,0.097,0.079,0.824
700500,0.107,0.091,0.802
701000,0.075,0.088,0.838
701500,0.073,0.101,0.825
702000,0.080,0.104,0.817
702500,0.075,0.120,0.806
703000,0.109,0.071,0.820
703500,0.080,0.078,0.842
704000,0.112,0.067,0.821
704500,0.130,0.099,0.771
705000,0.092,0.089,0.819
705500,0.114,0.072,0.814
706000,0.098,0.086,0.816
706500,0.152,0.089,0.759
707000,0.102,0.100,0.798
707500,0.126,0.098,0.775
708000,0.104,0.105,0.792
708500,0.100,0.119,0.782
709000,0.080,0.128,0.792
709500,0.089,0.108,0.803
710000,0.081,0.122,0.797
710500,0.073,0.128,0.799
711000,0.093,0.091,0.816
711500,0.101,0.086,0.813
712000,0.063,0.101,0.835
712500,0.086,0.092,0.822
713000,0.081,0.083,0.835
713500,0.065,0.106,0.829
714000,0.082,0.107,0.811
714500,0.080,0.084,0.836
715000,0.115,0.081,0.804
715500,0.112,0.083,0.804
716000,0.101,0.076,0.822
716500,0.112,0.058,0.831
717000,0.101,0.098,0.801
717500,0.116,0.118,0.765
718000,0.104,0.093,0.804
718500,0.119,0.091,0.790
719000,0.081,0.089,0.830
719500,0.068,0.146,0.786
720000,0.063,0.118,0.819
720500,0.109,0.089,0.802
721000,0.147,0.085,0.768
721500,0.118,0.086,0.797
722000,0.115,0.115,0.769
722500,0.091,0.094,0.815
723000,0.090,0.110,0.800
723500,0.095,0.111,0.793
724000,0.132,0.081,0.787
724500,0.098,0.101,0.801
725000,0.080,0.105,0.815
725500,0.070,0.117,0.813
726000,0.080,0.104,0.815
726500,0.079,0.095,0.826
727000,0.085,0.080,0.835
727500,0.069,0.083,0.848
728000,0.081,0.107,0.813
728500,0.083,0.105,0.813
729000,0.088,0.107,0.805
729500,0.119,0.095,0.786
730000,0.102,0.106,0.792
730500,0.105,0.080,0.815
731000,0.089,0.119,0.792
731500,0.136,0.100,0.764
732000,0.094,0.083,0.823
732500,0.124,0.092,0.784
733000,0.083,0.127,0.790
733500,0.085,0.108,0.807
734000,0.081,0.098,0.820
734500,0.100,0.129,0.771
735000,0.101,0.081,0.818
735500,0.093,0.087,0.821
736000,0.088,0.118,0.795
736500,0.105,0.087,0.808
737000,0.080,0.107,0.813
737500,0.077,0.095,0.828
738000,0.105,0.075,0.820
738500,0.084,0.093,0.823
739000,0.097,0.071,0.832
739500,0.104,0.089,0.807
740000,0.113,0.095,0.792
740500,0.109,0.117,0.774
741000,0.113,0.095,0.792
741500,0.118,0.100,0.782
742000,0.139,0.100,0.762
742500,0.115,0.130,0.756
743000,0.115,0.100,0.785
743500,0.091,0.078,0.831
744000,0.084,0.116,0.800
744500,0.112,0.104,0.784
745000,0.114,0.079,0.807
745500,0.113,0.088,0.799
746000,0.081,0.102,0.816
746500,0.092,0.099,0.809
747000,0.086,0.101,0.813
747500,0.104,0.125,0.771
748000,0.081,0.149,0.770
748500,0.123,0.115,0.763
749000,0.112,0.121,0.767
749500,0.154,0.070,0.776
750000,0.114,0.082,0.804
750500,0.097,0.087,0.815
751000,0.119,0.095,0.786
751500,0.098,0.114,0.789
752000,0.092,0.088,0.820
752500,0.066,0.083,0.851
753000,0.104,0.070,0.825
753500,0.107,0.098,0.795
754000,0.088,0.125,0.786
754500,0.095,0.100,0.804
755000,0.109,0.110,0.781
755500,0.114,0.087,0.800
756000,0.125,0.090,0.786
756500,0.104,0.078,0.818
757000,0.122,0.070,0.808
757500,0.098,0.100,0.803
758000,0.094,0.110,0.796
758500,0.127,0.122,0.751
759000,0.109,0.104,0.787
759500,0.108,0.080,0.811
760000,0.127,0.060,0.813
760500,0.123,0.063,0.813
761000,0.111,0.073,0.817
761500,0.116,0.072,0.813
762000,0.133,0.089,0.778
762500,0.143,0.076,0.781
763000,0.148,0.071,0.781
763500,0.126,0.121,0.753
764000,0.123,0.085,0.792
764500,0.117,0.134,0.749
765000,0.076,0.183,0.741
765500,0.125,0.137,0.739
766000,0.116,0.144,0.740
766500,0.131,0.133,0.736
767000,0.139,0.158,0.704
767500,0.133,0.101,0.767
768000,0.104,0.093,0.803
768500,0.121,0.095,0.783
769000,0.120,0.101,0.779
769500,0.140,0.079,0.781
770000,0.171,0.087,0.743
770500,0.157,0.057,0.786
771000,0.121,0.108,0.771
771500,0.116,0.098,0.785
772000,0.104,0.103,0.793
772500,0.129,0.112,0.759
773000,0.095,0.100,0.805
773500,0.140,0.073,0.787
774000,0.133,0.070,0.796
774500,0.157,0.061,0.782
775000,0.103,0.063,0.834
775500,0.083,0.044,0.874
776000,0.105,0.091,0.804
776500,0.111,0.069,0.820
777000,0.079,0.076,0.846
777500,0.100,0.097,0.804
778000,0.120,0.101,0.779
778500,0.098,0.091,0.811
779000,0.104,0.075,0.821
779500,0.088,0.071,0.841
780000,0.105,0.065,0.830
780500,0.114,0.093,0.794
781000,0.091,0.118,0.792
781500,0.059,0.128,0.813
782000,0.055,0.107,0.838
782500,0.059,0.103,0.838
783000,0.077,0.083,0.839
783500,0.076,0.069,0.856
784000,0.105,0.104,0.791
784500,0.097,0.104,0.799
785000,0.085,0.114,0.801
785500,0.077,0.125,0.798
786000,0.081,0.133,0.785
786500,0.093,0.125,0.782
787000,0.086,0.125,0.790
787500,0.077,0.103,0.820
788000,0.079,0.069,0.852
788500,0.094,0.066,0.840
789000,0.101,0.076,0.824
789500,0.093,0.067,0.841
790000,0.083,0.076,0.841
790500,0.069,0.073,0.858
791000,0.107,0.075,0.818
791500,0.137,0.090,0.772
792000,0.117,0.072,0.811
792500,0.127,0.106,0.767
793000,0.102,0.056,0.842
793500,0.109,0.110,0.781
794000,0.098,0.098,0.804
794500,0.092,0.090,0.818
795000,0.116,0.080,0.803
795500,0.111,0.098,0.792
796000,0.076,0.104,0.820
796500,0.070,0.098,0.832
797000,0.078,0.123,0.799
797500,0.095,0.105,0.800
798000,0.098,0.090,0.812
798500,0.091,0.081,0.827
799000,0.097,0.091,0.812
799500,0.097,0.078,0.825
800000,0.093,0.113,0.795
800500,0.101,0.092,0.807
801000,0.094,0.101,0.804
801500,0.084,0.118,0.798
802000,0.097,0.080,0.823
802500,0.107,0.114,0.779
803000,0.123,0.098,0.779
803500,0.110,0.098,0.792
804000,0.140,0.102,0.758
804500,0.144,0.097,0.759
805000,0.116,0.115,0.769
805500,0.108,0.120,0.771
806000,0.126,0.091,0.783
806500,0.102,0.112,0.786
807000,0.073,0.115,0.812
807500,0.101,0.111,0.788
808000,0.102,0.088,0.810
808500,0.086,0.100,0.814
809000,0.086,0.140,0.775
809500,0.086,0.079,0.836
810000,0.092,0.106,0.802
810500,0.118,0.095,0.787
811000,0.120,0.083,0.797
811500,0.105,0.083,0.812
812000,0.130,0.093,0.778
812500,0.107,0.111,0.782
813000,0.086,0.084,0.831
813500,0.073,0.104,0.823
814000,0.088,0.101,0.811
814500,0.091,0.085,0.824
815000,0.093,0.085,0.822
815500,0.121,0.088,0.790
816000,0.084,0.110,0.806
816500,0.100,0.091,0.809
817000,0.088,0.149,0.763
817500,0.099,0.114,0.787
818000,0.122,0.085,0.793
818500,0.101,0.083,0.816
819000,0.099,0.110,0.791
819500,0.112,0.115,0.772
820000,0.107,0.112,0.781
820500,0.107,0.123,0.771
821000,0.097,0.145,0.758
821500,0.065,0.133,0.802
822000,0.111,0.109,0.780
822500,0.077,0.081,0.842
823000,0.084,0.105,0.811
823500,0.125,0.087,0.788
824000,0.080,0.094,0.825
824500,0.087,0.133,0.780
825000,0.075,0.125,0.800
825500,0.113,0.123,0.764
826000,0.114,0.108,0.778
826500,0.125,0.111,0.764
827000,0.093,0.120,0.788
827500,0.104,0.101,0.795
828000,0.086,0.106,0.808
828500,0.119,0.120,0.761
829000,0.119,0.110,0.771
829500,0.090,0.145,0.765
830000,0.057,0.107,0.836
830500,0.064,0.112,0.824
831000,0.060,0.108,0.832
831500,0.096,0.116,0.788
832000,0.090,0.104,0.806
832500,0.071,0.097,0.832
833000,0.080,0.094,0.825
833500,0.065,0.112,0.823
834000,0.094,0.104,0.802
834500,0.068,0.122,0.810
835000,0.073,0.144,0.782
835500,0.122,0.122,0.756
836000,0.112,0.129,0.758
836500,0.118,0.098,0.785
837000,0.105,0.089,0.806
837500,0.073,0.104,0.822
838000,0.110,0.118,0.772
838500,0.107,0.144,0.749
839000,0.100,0.098,0.803
839500,0.097,0.095,0.808
840000,0.086,0.104,0.811
840500,0.082,0.092,0.826
841000,0.105,0.099,0.796
841500,0.098,0.078,0.824
842000,0.105,0.076,0.819
842500,0.087,0.084,0.829
843000,0.105,0.097,0.799
843500,0.084,0.098,0.817
844000,0.095,0.119,0.786
844500,0.133,0.114,0.754
845000,0.102,0.104,0.794
845500,0.111,0.092,0.797
846000,0.109,0.101,0.790
846500,0.097,0.103,0.800
847000,0.093,0.091,0.816
847500,0.059,0.100,0.841
848000,0.103,0.066,0.831
848500,0.087,0.129,0.785
849000,0.076,0.104,0.820
849500,0.083,0.090,0.827
850000,0.130,0.078,0.792
850500,0.125,0.055,0.821
851000,0.143,0.073,0.783
851500,0.109,0.104,0.787
852000,0.107,0.081,0.812
852500,0.111,0.101,0.789
853000,0.108,0.098,0.794
853500,0.149,0.084,0.767
854000,0.125,0.097,0.778
854500,0.110,0.092,0.798
855000,0.107,0.070,0.823
855500,0.122,0.104,0.774
856000,0.105,0.122,0.773
856500,0.115,0.101,0.784
857000,0.104,0.106,0.790
857500,0.119,0.114,0.767
858000,0.112,0.092,0.796
858500,0.143,0.087,0.771
859000,0.162,0.081,0.757
859500,0.161,0.081,0.758
860000,0.153,0.081,0.767
860500,0.127,0.088,0.785
861000,0.104,0.084,0.812
861500,0.118,0.073,0.810
862000,0.102,0.076,0.821
862500,0.108,0.094,0.798
863000,0.093,0.083,0.824
863500,0.088,0.126,0.786
864000,0.100,0.106,0.794
864500,0.107,0.081,0.811
865000,0.115,0.097,0.788
865500,0.097,0.074,0.829
866000,0.080,0.080,0.841
866500,0.080,0.103,0.817
867000,0.123,0.086,0.791
867500,0.121,0.079,0.800
868000,0.100,0.088,0.811
868500,0.097,0.082,0.821
869000,0.118,0.084,0.797
869500,0.110,0.095,0.795
870000,0.096,0.100,0.804
870500,0.082,0.114,0.804
871000,0.095,0.073,0.832
871500,0.080,0.101,0.819
872000,0.076,0.095,0.829
872500,0.096,0.064,0.840
873000,0.075,0.123,0.802
873500,0.056,0.111,0.832
874000,0.085,0.061,0.854
874500,0.089,0.079,0.832
875000,0.105,0.085,0.810
875500,0.092,0.105,0.803
876000,0.093,0.084,0.824
876500,0.079,0.091,0.830
877000,0.086,0.105,0.808
877500,0.068,0.126,0.807
878000,0.061,0.105,0.835
878500,0.062,0.081,0.857
879000,0.083,0.101,0.817
879500,0.084,0.109,0.807
880000,0.088,0.081,0.830
880500,0.070,0.108,0.822
881000,0.073,0.107,0.820
881500,0.109,0.097,0.794
882000,0.115,0.114,0.771
882500,0.083,0.112,0.805
883000,0.088,0.119,0.793
883500,0.063,0.137,0.800
884000,0.061,0.140,0.799
884500,0.066,0.129,0.805
885000,0.085,0.119,0.796
885500,0.080,0.129,0.791
886000,0.072,0.118,0.811
886500,0.049,0.113,0.838
887000,0.113,0.092,0.795
887500,0.095,0.086,0.819
888000,0.084,0.085,0.831
888500,0.073,0.084,0.842
889000,0.069,0.116,0.815
889500,0.061,0.098,0.841
890000,0.058,0.124,0.818
890500,0.051,0.129,0.820
891000,0.068,0.119,0.813
891500,0.076,0.146,0.778
892000,0.073,0.105,0.822
892500,0.080,0.101,0.819
893000,0.077,0.081,0.842
893500,0.083,0.072,0.846
894000,0.103,0.070,0.827
894500,0.115,0.063,0.822
895000,0.070,0.086,0.845
895500,0.059,0.134,0.807
896000,0.075,0.108,0.817
896500,0.074,0.137,0.789
897000,0.095,0.129,0.776
897500,0.092,0.115,0.793
898000,0.083,0.136,0.781
898500,0.118,0.103,0.779
899000,0.094,0.122,0.783
899500,0.111,0.105,0.785
900000,0.087,0.118,0.795
900500,0.046,0.149,0.805
901000,0.071,0.119,0.810
901500,0.075,0.124,0.802
902000,0.089,0.091,0.820
902500,0.122,0.115,0.763
903000,0.101,0.101,0.797
903500,0.077,0.094,0.829
904000,0.105,0.107,0.788
904500,0.087,0.108,0.806
905000,0.086,0.109,0.805
905500,0.085,0.134,0.781
906000,0.080,0.134,0.786
906500,0.076,0.104,0.820
907000,0.067,0.098,0.835
907500,0.094,0.084,0.822
908000,0.106,0.050,0.844
908500,0.086,0.078,0.836
909000,0.118,0.079,0.803
909500,0.119,0.098,0.783
910000,0.131,0.098,0.771
910500,0.133,0.091,0.776
911000,0.115,0.098,0.787
911500,0.096,0.109,0.795
912000,0.083,0.104,0.814
912500,0.091,0.097,0.813
913000,0.115,0.091,0.794
913500,0.099,0.093,0.808
914000,0.117,0.136,0.747
914500,0.111,0.094,0.795
915000,0.084,0.116,0.800
915500,0.087,0.095,0.817
916000,0.128,0.079,0.793
916500,0.130,0.058,0.813
917000,0.111,0.073,0.816
917500,0.115,0.094,0.790
918000,0.094,0.093,0.813
918500,0.066,0.113,0.821
919000,0.098,0.104,0.798
919500,0.103,0.102,0.795
920000,0.101,0.116,0.782
920500,0.136,0.076,0.789
921000,0.107,0.094,0.799
921500,0.120,0.085,0.795
922000,0.097,0.080,0.822
922500,0.076,0.100,0.824
923000,0.061,0.129,0.810
923500,0.098,0.078,0.824
924000,0.110,0.080,0.810
924500,0.100,0.088,0.811
925000,0.078,0.094,0.828
925500,0.130,0.100,0.771
926000,0.119,0.086,0.796
926500,0.116,0.083,0.801
927000,0.087,0.106,0.807
927500,0.095,0.105,0.800
928000,0.109,0.088,0.803
928500,0.114,0.079,0.807
929000,0.136,0.094,0.770
929500,0.119,0.067,0.814
930000,0.123,0.124,0.753
930500,0.123,0.110,0.767
931000,0.138,0.116,0.746
931500,0.114,0.119,0.768
932000,0.108,0.088,0.804
932500,0.119,0.093,0.788
933000,0.104,0.088,0.808
933500,0.097,0.125,0.778
934000,0.096,0.115,0.789
934500,0.081,0.076,0.843
935000,0.088,0.073,0.839
935500,0.132,0.092,0.776
936000,0.179,0.069,0.752
936500,0.132,0.104,0.765
937000,0.097,0.089,0.814
937500,0.093,0.096,0.811
938000,0.052,0.133,0.815
938500,0.088,0.120,0.791
939000,0.068,0.110,0.822
939500,0.067,0.111,0.822
940000,0.106,0.101,0.793
940500,0.100,0.102,0.798
941000,0.080,0.093,0.827
941500,0.081,0.105,0.814
942000,0.065,0.116,0.818
942500,0.065,0.123,0.812
943000,0.069,0.137,0.794
943500,0.081,0.109,0.809
944000,0.114,0.084,0.802
944500,0.087,0.086,0.827
945000,0.094,0.087,0.819
945500,0.097,0.094,0.809
946000,0.077,0.073,0.850
946500,0.077,0.068,0.856
947000,0.091,0.075,0.834
947500,0.086,0.068,0.847
948000,0.058,0.088,0.854
948500,0.047,0.101,0.852
949000,0.109,0.072,0.819
949500,0.095,0.070,0.835
950000,0.119,0.066,0.815
950500,0.088,0.070,0.842
951000,0.099,0.108,0.793
951500,0.071,0.102,0.827
952000,0.081,0.079,0.840
952500,0.101,0.077,0.821
953000,0.107,0.069,0.824
953500,0.097,0.075,0.828
954000,0.086,0.097,0.817
954500,0.087,0.089,0.824
955000,0.089,0.076,0.835
955500,0.093,0.101,0.806
956000,0.107,0.100,0.793
956500,0.083,0.125,0.792
957000,0.094,0.092,0.814
957500,0.080,0.109,0.810
958000,0.108,0.129,0.763
958500,0.079,0.095,0.825
959000,0.090,0.087,0.824
959500,0.123,0.105,0.771
960000,0.130,0.076,0.793
960500,0.091,0.142,0.767
961000,0.084,0.102,0.814
961500,0.108,0.136,0.756
962000,0.075,0.134,0.790
962500,0.072,0.125,0.804
963000,0.083,0.103,0.814
963500,0.109,0.104,0.786
964000,0.060,0.115,0.825
964500,0.081,0.091,0.828
965000,0.092,0.091,0.817
965500,0.107,0.085,0.808
966000,0.141,0.124,0.735
966500,0.110,0.086,0.804
967000,0.110,0.087,0.803
967500,0.135,0.066,0.799
968000,0.165,0.097,0.739
968500,0.110,0.107,0.783
969000,0.087,0.104,0.809
969500,0.108,0.107,0.786
970000,0.118,0.107,0.775
970500,0.100,0.119,0.781
971000,0.101,0.115,0.784
971500,0.101,0.086,0.814
972000,0.122,0.087,0.791
972500,0.137,0.069,0.795
973000,0.123,0.059,0.818
973500,0.119,0.066,0.814
974000,0.098,0.072,0.829
974500,0.078,0.077,0.845
975000,0.120,0.078,0.802
975500,0.114,0.091,0.796
976000,0.108,0.054,0.838
976500,0.109,0.061,0.830
977000,0.111,0.080,0.809
977500,0.107,0.076,0.817
978000,0.134,0.071,0.795
978500,0.129,0.081,0.790
979000,0.154,0.048,0.797
979500,0.114,0.087,0.799
980000,0.130,0.100,0.771
980500,0.112,0.091,0.797
981000,0.111,0.072,0.818
981500,0.094,0.060,0.846
982000,0.102,0.075,0.823
982500,0.086,0.076,0.839
983000,0.114,0.074,0.813
983500,0.123,0.076,0.801
984000,0.115,0.057,0.828
984500,0.126,0.055,0.819
985000,0.123,0.060,0.817
985500,0.088,0.078,0.834
986000,0.076,0.115,0.810
986500,0.105,0.127,0.768
987000,0.097,0.112,0.791
987500,0.107,0.129,0.764
988000,0.080,0.128,0.792
988500,0.079,0.114,0.807
989000,0.095,0.094,0.811
989500,0.128,0.087,0.785
990000,0.092,0.091,0.817
990500,0.114,0.077,0.809
991000,0.100,0.080,0.820
991500,0.104,0.088,0.808
992000,0.116,0.094,0.790
992500,0.085,0.076,0.839
993000,0.126,0.098,0.776
993500,0.152,0.106,0.742
994000,0.125,0.112,0.764
994500,0.072,0.118,0.810
995000,0.077,0.118,0.806
995500,0.069,0.132,0.799
996000,0.087,0.132,0.782
996500,0.077,0.140,0.782
997000,0.077,0.140,0.783
997500,0.096,0.122,0.782
998000,0.079,0.135,0.786
998500,0.084,0.084,0.832
999000,0.086,0.081,0.832
999500,0.087,0.084,0.829
1000000,0.093,0.105,0.802
