time,n_A+p,n_B,n_AB
500,0.010,0.149,0.841
1000,0.011,0.071,0.918
1500,0.010,0.104,0.886
2000,0.010,0.091,0.899
2500,0.129,0.001,0.870
3000,0.096,0.000,0.904
3500,0.129,0.000,0.871
4000,0.045,0.068,0.887
4500,0.010,0.136,0.854
5000,0.010,0.122,0.868
5500,0.010,0.095,0.895
6000,0.033,0.127,0.840
6500,0.030,0.000,0.970
7000,0.104,0.000,0.896
7500,0.193,0.000,0.807
8000,0.184,0.000,0.816
8500,0.178,0.000,0.822
9000,0.157,0.000,0.843
9500,0.130,0.000,0.870
10000,0.091,0.003,0.906
10500,0.138,0.000,0.862
11000,0.067,0.000,0.933
11500,0.208,0.000,0.792
12000,0.128,0.010,0.862
12500,0.037,0.028,0.935
13000,0.010,0.132,0.858
13500,0.127,0.001,0.872
14000,0.010,0.124,0.866
14500,0.010,0.094,0.896
15000,0.122,0.007,0.871
15500,0.116,0.000,0.884
16000,0.200,0.000,0.800
16500,0.044,0.036,0.920
17000,0.169,0.000,0.831
17500,0.144,0.000,0.856
18000,0.012,0.040,0.948
18500,0.010,0.182,0.808
19000,0.166,0.000,0.834
19500,0.098,0.000,0.902
20000,0.166,0.000,0.834
20500,0.135,0.000,0.865
21000,0.092,0.000,0.908
21500,0.381,0.000,0.619
22000,0.053,0.019,0.928
22500,0.010,0.083,0.907
23000,0.011,0.107,0.882
23500,0.143,0.003,0.854
24000,0.129,0.000,0.871
24500,0.280,0.000,0.720
25000,0.152,0.000,0.848
25500,0.018,0.160,0.822
26000,0.122,0.000,0.878
26500,0.010,0.146,0.844
27000,0.012,0.089,0.899
27500,0.147,0.003,0.850
28000,0.156,0.000,0.844
28500,0.206,0.000,0.794
29000,0.068,0.012,0.920
29500,0.258,0.000,0.742
30000,0.082,0.005,0.913
30500,0.207,0.000,0.793
31000,0.161,0.000,0.839
31500,0.157,0.000,0.843
32000,0.212,0.000,0.788
32500,0.186,0.000,0.814
33000,0.139,0.000,0.861
33500,0.138,0.000,0.862
34000,0.251,0.000,0.749
34500,0.208,0.000,0.792
35000,0.094,0.000,0.906
35500,0.016,0.094,0.890
36000,0.010,0.242,0.748
36500,0.035,0.024,0.941
37000,0.052,0.013,0.935
37500,0.203,0.000,0.797
38000,0.077,0.000,0.923
38500,0.101,0.000,0.899
39000,0.012,0.092,0.896
39500,0.041,0.001,0.958
40000,0.010,0.130,0.860
40500,0.010,0.063,0.927
41000,0.010,0.124,0.866
41500,0.011,0.139,0.850
42000,0.154,0.000,0.846
42500,0.256,0.000,0.744
43000,0.223,0.000,0.777
43500,0.115,0.000,0.885
44000,0.204,0.000,0.796
44500,0.100,0.004,0.896
45000,0.129,0.000,0.871
45500,0.201,0.000,0.799
46000,0.135,0.000,0.865
46500,0.014,0.019,0.967
47000,0.094,0.000,0.906
47500,0.158,0.000,0.842
48000,0.073,0.016,0.911
48500,0.117,0.000,0.883
49000,0.123,0.000,0.877
49500,0.075,0.001,0.924
50000,0.026,0.067,0.907
50500,0.021,0.058,0.921
51000,0.201,0.000,0.799
51500,0.100,0.000,0.900
52000,0.167,0.000,0.833
52500,0.154,0.000,0.846
53000,0.181,0.000,0.819
53500,0.163,0.000,0.837
54000,0.119,0.000,0.881
54500,0.223,0.000,0.777
55000,0.194,0.000,0.806
55500,0.160,0.000,0.840
56000,0.161,0.000,0.839
56500,0.174,0.000,0.826
57000,0.376,0.000,0.624
57500,0.096,0.000,0.904
58000,0.146,0.000,0.854
58500,0.119,0.000,0.881
59000,0.178,0.000,0.822
59500,0.088,0.000,0.912
60000,0.144,0.000,0.856
60500,0.087,0.000,0.913
61000,0.115,0.000,0.885
61500,0.041,0.033,0.926
62000,0.048,0.000,0.952
62500,0.067,0.000,0.933
63000,0.140,0.000,0.860
63500,0.104,0.000,0.896
64000,0.171,0.000,0.829
64500,0.134,0.000,0.866
65000,0.168,0.000,0.832
65500,0.095,0.002,0.903
66000,0.157,0.000,0.843
66500,0.286,0.000,0.714
67000,0.198,0.000,0.802
67500,0.172,0.000,0.828
68000,0.124,0.000,0.876
68500,0.108,0.000,0.892
69000,0.010,0.157,0.833
69500,0.043,0.057,0.900
70000,0.010,0.182,0.808
70500,0.051,0.040,0.909
71000,0.197,0.000,0.803
71500,0.245,0.000,0.755
72000,0.221,0.000,0.779
72500,0.119,0.000,0.881
73000,0.133,0.000,0.867
73500,0.163,0.000,0.837
74000,0.120,0.000,0.880
74500,0.084,0.000,0.916
75000,0.196,0.000,0.804
75500,0.120,0.000,0.880
76000,0.325,0.000,0.675
76500,0.181,0.000,0.819
77000,0.113,0.000,0.887
77500,0.182,0.000,0.818
78000,0.165,0.000,0.835
78500,0.167,0.000,0.833
79000,0.322,0.000,0.678
79500,0.182,0.001,0.817
80000,0.178,0.000,0.822
80500,0.080,0.000,0.920
81000,0.218,0.000,0.782
81500,0.099,0.000,0.901
82000,0.104,0.001,0.895
82500,0.203,0.000,0.797
83000,0.200,0.000,0.800
83500,0.107,0.000,0.893
84000,0.266,0.000,0.734
84500,0.029,0.007,0.964
85000,0.080,0.001,0.919
85500,0.106,0.000,0.894
86000,0.102,0.000,0.898
86500,0.149,0.004,0.847
87000,0.098,0.000,0.902
87500,0.191,0.000,0.809
88000,0.129,0.000,0.871
88500,0.027,0.038,0.935
89000,0.092,0.020,0.888
89500,0.092,0.000,0.908
90000,0.010,0.099,0.891
90500,0.158,0.000,0.842
91000,0.269,0.000,0.731
91500,0.324,0.000,0.676
92000,0.011,0.055,0.934
92500,0.054,0.044,0.902
93000,0.151,0.000,0.849
93500,0.129,0.000,0.871
94000,0.115,0.000,0.885
94500,0.132,0.000,0.868
95000,0.154,0.000,0.846
95500,0.189,0.000,0.811
96000,0.114,0.000,0.886
96500,0.084,0.000,0.916
97000,0.114,0.000,0.886
97500,0.137,0.000,0.863
98000,0.232,0.000,0.768
98500,0.195,0.000,0.805
99000,0.280,0.000,0.720
99500,0.155,0.000,0.845
100000,0.062,0.000,0.938
100500,0.148,0.000,0.852
101000,0.116,0.000,0.884
101500,0.191,0.000,0.809
102000,0.113,0.000,0.887
102500,0.336,0.000,0.664
103000,0.107,0.000,0.893
103500,0.136,0.000,0.864
104000,0.316,0.000,0.684
104500,0.153,0.000,0.847
105000,0.132,0.000,0.868
105500,0.171,0.000,0.829
106000,0.081,0.000,0.919
106500,0.245,0.000,0.755
107000,0.080,0.001,0.919
107500,0.022,0.088,0.890
108000,0.034,0.004,0.962
108500,0.092,0.000,0.908
109000,0.168,0.000,0.832
109500,0.319,0.000,0.681
110000,0.119,0.000,0.881
110500,0.235,0.000,0.765
111000,0.065,0.000,0.935
111500,0.236,0.000,0.764
112000,0.032,0.049,0.919
112500,0.130,0.000,0.870
113000,0.038,0.016,0.946
113500,0.213,0.000,0.787
114000,0.108,0.000,0.892
114500,0.202,0.000,0.798
115000,0.180,0.000,0.820
115500,0.120,0.000,0.880
116000,0.199,0.000,0.801
116500,0.232,0.000,0.768
117000,0.173,0.000,0.827
117500,0.141,0.000,0.859
118000,0.117,0.001,0.882
118500,0.107,0.027,0.866
119000,0.292,0.000,0.708
119500,0.131,0.000,0.869
120000,0.096,0.000,0.904
120500,0.136,0.000,0.864
121000,0.203,0.000,0.797
121500,0.203,0.000,0.797
122000,0.084,0.000,0.916
122500,0.251,0.000,0.749
123000,0.100,0.037,0.863
123500,0.071,0.000,0.929
124000,0.137,0.000,0.863
124500,0.144,0.000,0.856
125000,0.236,0.000,0.764
125500,0.181,0.000,0.819
126000,0.158,0.000,0.842
126500,0.142,0.000,0.858
127000,0.049,0.019,0.932
127500,0.053,0.035,0.912
128000,0.192,0.000,0.808
128500,0.145,0.000,0.855
129000,0.126,0.000,0.874
129500,0.098,0.000,0.902
130000,0.157,0.000,0.843
130500,0.069,0.000,0.931
131000,0.211,0.000,0.789
131500,0.084,0.000,0.916
132000,0.210,0.000,0.790
132500,0.096,0.001,0.903
133000,0.102,0.000,0.898
133500,0.088,0.012,0.900
134000,0.111,0.000,0.889
134500,0.147,0.000,0.853
135000,0.169,0.000,0.831
135500,0.228,0.000,0.772
136000,0.155,0.000,0.845
136500,0.051,0.034,0.915
137000,0.171,0.000,0.829
137500,0.180,0.000,0.820
138000,0.182,0.000,0.818
138500,0.268,0.000,0.732
139000,0.075,0.000,0.925
139500,0.148,0.000,0.852
140000,0.172,0.000,0.828
140500,0.083,0.007,0.910
141000,0.265,0.000,0.735
141500,0.203,0.000,0.797
142000,0.136,0.000,0.864
142500,0.149,0.001,0.850
143000,0.166,0.001,0.833
143500,0.173,0.000,0.827
144000,0.156,0.000,0.844
144500,0.012,0.054,0.934
145000,0.010,0.109,0.881
145500,0.010,0.046,0.944
146000,0.169,0.001,0.830
146500,0.142,0.000,0.858
147000,0.170,0.000,0.830
147500,0.111,0.000,0.889
148000,0.158,0.000,0.842
148500,0.184,0.000,0.816
149000,0.094,0.000,0.906
149500,0.191,0.000,0.809
150000,0.108,0.000,0.892
150500,0.192,0.000,0.808
151000,0.236,0.000,0.764
151500,0.088,0.000,0.912
152000,0.114,0.000,0.886
152500,0.256,0.000,0.744
153000,0.162,0.012,0.826
153500,0.083,0.015,0.902
154000,0.125,0.000,0.875
154500,0.167,0.002,0.831
155000,0.111,0.000,0.889
155500,0.158,0.000,0.842
156000,0.161,0.000,0.839
156500,0.186,0.000,0.814
157000,0.218,0.000,0.782
157500,0.044,0.000,0.956
158000,0.292,0.000,0.708
158500,0.139,0.000,0.861
159000,0.120,0.000,0.880
159500,0.010,0.158,0.832
160000,0.035,0.002,0.963
160500,0.171,0.000,0.829
161000,0.174,0.005,0.821
161500,0.087,0.000,0.913
162000,0.135,0.000,0.865
162500,0.098,0.000,0.902
163000,0.223,0.000,0.777
163500,0.165,0.000,0.835
164000,0.098,0.000,0.902
164500,0.204,0.000,0.796
165000,0.166,0.000,0.834
165500,0.208,0.000,0.792
166000,0.173,0.000,0.827
166500,0.140,0.000,0.860
167000,0.199,0.000,0.801
167500,0.235,0.000,0.765
168000,0.078,0.000,0.922
168500,0.214,0.000,0.786
169000,0.082,0.000,0.918
169500,0.036,0.016,0.948
170000,0.110,0.002,0.888
170500,0.290,0.000,0.710
171000,0.157,0.000,0.843
171500,0.080,0.000,0.920
172000,0.126,0.009,0.865
172500,0.131,0.001,0.868
173000,0.095,0.000,0.905
173500,0.198,0.000,0.802
174000,0.057,0.032,0.911
174500,0.032,0.034,0.934
175000,0.173,0.000,0.827
175500,0.010,0.023,0.967
176000,0.114,0.000,0.886
176500,0.067,0.004,0.929
177000,0.295,0.000,0.705
177500,0.233,0.000,0.767
178000,0.194,0.000,0.806
178500,0.067,0.000,0.933
179000,0.174,0.000,0.826
179500,0.093,0.000,0.907
180000,0.125,0.000,0.875
180500,0.214,0.000,0.786
181000,0.168,0.000,0.832
181500,0.129,0.000,0.871
182000,0.060,0.000,0.940
182500,0.172,0.000,0.828
183000,0.145,0.000,0.855
183500,0.189,0.000,0.811
184000,0.093,0.000,0.907
184500,0.089,0.001,0.910
185000,0.135,0.000,0.865
185500,0.199,0.000,0.801
186000,0.068,0.028,0.904
186500,0.131,0.000,0.869
187000,0.124,0.000,0.876
187500,0.111,0.000,0.889
188000,0.010,0.033,0.957
188500,0.010,0.108,0.882
189000,0.010,0.046,0.944
189500,0.057,0.015,0.928
190000,0.125,0.000,0.875
190500,0.102,0.026,0.872
191000,0.010,0.053,0.937
191500,0.010,0.067,0.923
192000,0.047,0.009,0.944
192500,0.182,0.000,0.818
193000,0.046,0.034,0.920
193500,0.145,0.001,0.854
194000,0.175,0.000,0.825
194500,0.158,0.000,0.842
195000,0.119,0.000,0.881
195500,0.010,0.109,0.881
196000,0.220,0.000,0.780
196500,0.154,0.000,0.846
197000,0.290,0.000,0.710
197500,0.119,0.000,0.881
198000,0.036,0.044,0.920
198500,0.086,0.000,0.914
199000,0.234,0.000,0.766
199500,0.142,0.000,0.858
200000,0.057,0.003,0.940
200500,0.206,0.000,0.794
201000,0.236,0.000,0.764
201500,0.099,0.000,0.901
202000,0.134,0.000,0.866
202500,0.102,0.000,0.898
203000,0.045,0.000,0.955
203500,0.167,0.000,0.833
204000,0.045,0.013,0.942
204500,0.175,0.000,0.825
205000,0.230,0.000,0.770
205500,0.191,0.000,0.809
206000,0.065,0.000,0.935
206500,0.156,0.000,0.844
207000,0.162,0.000,0.838
207500,0.073,0.000,0.927
208000,0.207,0.000,0.793
208500,0.104,0.000,0.896
209000,0.120,0.000,0.880
209500,0.083,0.008,0.909
210000,0.072,0.000,0.928
210500,0.221,0.000,0.779
211000,0.066,0.001,0.933
211500,0.112,0.000,0.888
212000,0.302,0.000,0.698
212500,0.126,0.000,0.874
213000,0.209,0.000,0.791
213500,0.040,0.004,0.956
214000,0.233,0.000,0.767
214500,0.072,0.000,0.928
215000,0.189,0.000,0.811
215500,0.197,0.000,0.803
216000,0.176,0.000,0.824
216500,0.264,0.000,0.736
217000,0.180,0.000,0.820
217500,0.234,0.000,0.766
218000,0.231,0.000,0.769
218500,0.178,0.000,0.822
219000,0.012,0.069,0.919
219500,0.010,0.057,0.933
220000,0.187,0.000,0.813
220500,0.275,0.000,0.725
221000,0.264,0.000,0.736
221500,0.222,0.000,0.778
222000,0.108,0.000,0.892
222500,0.159,0.000,0.841
223000,0.161,0.000,0.839
223500,0.105,0.000,0.895
224000,0.148,0.000,0.852
224500,0.215,0.000,0.785
225000,0.097,0.000,0.903
225500,0.052,0.034,0.914
226000,0.129,0.000,0.871
226500,0.199,0.000,0.801
227000,0.115,0.000,0.885
227500,0.194,0.000,0.806
228000,0.211,0.000,0.789
228500,0.126,0.000,0.874
229000,0.339,0.000,0.661
229500,0.059,0.000,0.941
230000,0.098,0.002,0.900
230500,0.262,0.000,0.738
231000,0.211,0.000,0.789
231500,0.166,0.000,0.834
232000,0.239,0.000,0.761
232500,0.128,0.000,0.872
233000,0.231,0.000,0.769
233500,0.109,0.000,0.891
234000,0.150,0.000,0.850
234500,0.186,0.000,0.814
235000,0.179,0.000,0.821
235500,0.090,0.000,0.910
236000,0.133,0.003,0.864
236500,0.209,0.000,0.791
237000,0.252,0.000,0.748
237500,0.154,0.000,0.846
238000,0.081,0.011,0.908
238500,0.218,0.000,0.782
239000,0.149,0.000,0.851
239500,0.159,0.000,0.841
240000,0.214,0.000,0.786
240500,0.067,0.030,0.903
241000,0.010,0.160,0.830
241500,0.034,0.027,0.939
242000,0.214,0.000,0.786
242500,0.159,0.000,0.841
243000,0.125,0.000,0.875
243500,0.109,0.006,0.885
244000,0.223,0.000,0.777
244500,0.113,0.000,0.887
245000,0.161,0.000,0.839
245500,0.193,0.000,0.807
246000,0.159,0.000,0.841
246500,0.078,0.000,0.922
247000,0.204,0.000,0.796
247500,0.126,0.000,0.874
248000,0.254,0.000,0.746
248500,0.194,0.000,0.806
249000,0.138,0.000,0.862
249500,0.128,0.000,0.872
250000,0.059,0.007,0.934
250500,0.227,0.000,0.773
251000,0.119,0.000,0.881
251500,0.201,0.000,0.799
252000,0.319,0.000,0.681
252500,0.135,0.002,0.863
253000,0.159,0.000,0.841
253500,0.126,0.000,0.874
254000,0.141,0.000,0.859
254500,0.209,0.000,0.791
255000,0.098,0.000,0.902
255500,0.144,0.000,0.856
256000,0.046,0.000,0.954
256500,0.141,0.000,0.859
257000,0.106,0.000,0.894
257500,0.161,0.000,0.839
258000,0.117,0.000,0.883
258500,0.172,0.000,0.828
259000,0.100,0.000,0.900
259500,0.141,0.000,0.859
260000,0.087,0.002,0.911
260500,0.147,0.000,0.853
261000,0.222,0.000,0.778
261500,0.315,0.000,0.685
262000,0.078,0.000,0.922
262500,0.172,0.000,0.828
263000,0.176,0.000,0.824
263500,0.085,0.000,0.915
264000,0.118,0.000,0.882
264500,0.067,0.028,0.905
265000,0.186,0.000,0.814
265500,0.114,0.000,0.886
266000,0.059,0.000,0.941
266500,0.168,0.000,0.832
267000,0.119,0.011,0.870
267500,0.013,0.064,0.923
268000,0.069,0.000,0.931
268500,0.085,0.000,0.915
269000,0.124,0.000,0.876
269500,0.130,0.000,0.870
270000,0.020,0.068,0.912
270500,0.109,0.009,0.882
271000,0.095,0.007,0.898
271500,0.082,0.000,0.918
272000,0.176,0.000,0.824
272500,0.158,0.000,0.842
273000,0.162,0.000,0.838
273500,0.118,0.000,0.882
274000,0.210,0.000,0.790
274500,0.123,0.000,0.877
275000,0.126,0.000,0.874
275500,0.147,0.000,0.853
276000,0.297,0.000,0.703
276500,0.146,0.000,0.854
277000,0.109,0.000,0.891
277500,0.229,0.000,0.771
278000,0.121,0.000,0.879
278500,0.097,0.000,0.903
279000,0.153,0.001,0.846
279500,0.039,0.000,0.961
280000,0.158,0.000,0.842
280500,0.083,0.013,0.904
281000,0.159,0.000,0.841
281500,0.146,0.000,0.854
282000,0.211,0.000,0.789
282500,0.108,0.000,0.892
283000,0.024,0.031,0.945
283500,0.015,0.129,0.856
284000,0.194,0.001,0.805
284500,0.139,0.000,0.861
285000,0.214,0.000,0.786
285500,0.128,0.000,0.872
286000,0.144,0.000,0.856
286500,0.065,0.000,0.935
287000,0.271,0.000,0.729
287500,0.139,0.000,0.861
288000,0.199,0.000,0.801
288500,0.050,0.028,0.922
289000,0.146,0.000,0.854
289500,0.110,0.000,0.890
290000,0.133,0.000,0.867
290500,0.150,0.000,0.850
291000,0.128,0.000,0.872
291500,0.126,0.000,0.874
292000,0.121,0.000,0.879
292500,0.183,0.000,0.817
293000,0.218,0.000,0.782
293500,0.164,0.000,0.836
294000,0.121,0.000,0.879
294500,0.171,0.000,0.829
295000,0.095,0.000,0.905
295500,0.085,0.029,0.886
296000,0.123,0.000,0.877
296500,0.135,0.000,0.865
297000,0.136,0.000,0.864
297500,0.127,0.000,0.873
298000,0.108,0.000,0.892
298500,0.064,0.016,0.920
299000,0.126,0.000,0.874
299500,0.125,0.000,0.875
300000,0.138,0.000,0.862
300500,0.150,0.000,0.850
301000,0.255,0.000,0.745
301500,0.127,0.000,0.873
302000,0.095,0.000,0.905
302500,0.179,0.000,0.821
303000,0.262,0.000,0.738
303500,0.230,0.000,0.770
304000,0.212,0.000,0.788
304500,0.053,0.007,0.940
305000,0.283,0.000,0.717
305500,0.201,0.000,0.799
306000,0.103,0.000,0.897
306500,0.194,0.000,0.806
307000,0.067,0.000,0.933
307500,0.212,0.000,0.788
308000,0.011,0.108,0.881
308500,0.012,0.077,0.911
309000,0.103,0.001,0.896
309500,0.120,0.000,0.880
310000,0.094,0.002,0.904
310500,0.158,0.000,0.842
311000,0.096,0.000,0.904
311500,0.196,0.000,0.804
312000,0.174,0.000,0.826
312500,0.202,0.000,0.798
313000,0.127,0.000,0.873
313500,0.095,0.000,0.905
314000,0.141,0.000,0.859
314500,0.114,0.000,0.886
315000,0.154,0.000,0.846
315500,0.212,0.000,0.788
316000,0.091,0.039,0.870
316500,0.108,0.001,0.891
317000,0.108,0.000,0.892
317500,0.183,0.000,0.817
318000,0.130,0.000,0.870
318500,0.190,0.000,0.810
319000,0.068,0.000,0.932
319500,0.191,0.000,0.809
320000,0.174,0.000,0.826
320500,0.211,0.000,0.789
321000,0.101,0.000,0.899
321500,0.026,0.078,0.896
322000,0.010,0.114,0.876
322500,0.010,0.054,0.936
323000,0.051,0.001,0.948
323500,0.152,0.001,0.847
324000,0.119,0.000,0.881
324500,0.242,0.000,0.758
325000,0.013,0.119,0.868
325500,0.178,0.000,0.822
326000,0.095,0.000,0.905
326500,0.116,0.000,0.884
327000,0.167,0.000,0.833
327500,0.085,0.000,0.915
328000,0.082,0.000,0.918
328500,0.171,0.000,0.829
329000,0.076,0.024,0.900
329500,0.270,0.000,0.730
330000,0.152,0.000,0.848
330500,0.089,0.012,0.899
331000,0.047,0.020,0.933
331500,0.142,0.000,0.858
332000,0.166,0.000,0.834
332500,0.106,0.000,0.894
333000,0.235,0.000,0.765
333500,0.204,0.000,0.796
334000,0.125,0.000,0.875
334500,0.260,0.000,0.740
335000,0.159,0.000,0.841
335500,0.078,0.000,0.922
336000,0.124,0.000,0.876
336500,0.138,0.000,0.862
337000,0.222,0.000,0.778
337500,0.157,0.000,0.843
338000,0.161,0.000,0.839
338500,0.207,0.000,0.793
339000,0.110,0.002,0.888
339500,0.309,0.000,0.691
340000,0.119,0.000,0.881
340500,0.118,0.003,0.879
341000,0.092,0.029,0.879
341500,0.184,0.001,0.815
342000,0.115,0.000,0.885
342500,0.055,0.012,0.933
343000,0.131,0.000,0.869
343500,0.136,0.000,0.864
344000,0.117,0.000,0.883
344500,0.169,0.000,0.831
345000,0.111,0.000,0.889
345500,0.137,0.000,0.863
346000,0.145,0.000,0.855
346500,0.126,0.000,0.874
347000,0.112,0.000,0.888
347500,0.193,0.000,0.807
348000,0.142,0.000,0.858
348500,0.154,0.000,0.846
349000,0.064,0.000,0.936
349500,0.013,0.176,0.811
350000,0.148,0.000,0.852
350500,0.159,0.000,0.841
351000,0.297,0.000,0.703
351500,0.142,0.000,0.858
352000,0.010,0.102,0.888
352500,0.039,0.032,0.929
353000,0.010,0.041,0.949
353500,0.010,0.078,0.912
354000,0.010,0.088,0.902
354500,0.111,0.000,0.889
355000,0.236,0.000,0.764
355500,0.148,0.000,0.852
356000,0.140,0.000,0.860
356500,0.163,0.000,0.837
357000,0.220,0.000,0.780
357500,0.119,0.000,0.881
358000,0.106,0.000,0.894
358500,0.098,0.000,0.902
359000,0.145,0.000,0.855
359500,0.139,0.000,0.861
360000,0.073,0.000,0.927
360500,0.129,0.000,0.871
361000,0.139,0.000,0.861
361500,0.101,0.000,0.899
362000,0.089,0.017,0.894
362500,0.109,0.000,0.891
363000,0.113,0.000,0.887
363500,0.165,0.000,0.835
364000,0.095,0.000,0.905
364500,0.143,0.000,0.857
365000,0.178,0.000,0.822
365500,0.180,0.000,0.820
366000,0.237,0.000,0.763
366500,0.084,0.000,0.916
367000,0.027,0.025,0.948
367500,0.233,0.000,0.767
368000,0.152,0.000,0.848
368500,0.113,0.000,0.887
369000,0.151,0.000,0.849
369500,0.179,0.000,0.821
370000,0.099,0.003,0.898
370500,0.164,0.000,0.836
371000,0.145,0.000,0.855
371500,0.140,0.000,0.860
372000,0.144,0.000,0.856
372500,0.132,0.000,0.868
373000,0.246,0.000,0.754
373500,0.194,0.000,0.806
374000,0.088,0.000,0.912
374500,0.045,0.031,0.924
375000,0.124,0.000,0.876
375500,0.132,0.000,0.868
376000,0.190,0.000,0.810
376500,0.136,0.000,0.864
377000,0.147,0.000,0.853
377500,0.111,0.000,0.889
378000,0.151,0.000,0.849
378500,0.157,0.000,0.843
379000,0.215,0.000,0.785
379500,0.195,0.000,0.805
380000,0.135,0.000,0.865
380500,0.107,0.000,0.893
381000,0.092,0.000,0.908
381500,0.134,0.000,0.866
382000,0.010,0.106,0.884
382500,0.111,0.005,0.884
383000,0.154,0.000,0.846
383500,0.190,0.000,0.810
384000,0.010,0.141,0.849
384500,0.015,0.029,0.956
385000,0.075,0.002,0.923
385500,0.204,0.000,0.796
386000,0.143,0.000,0.857
386500,0.211,0.000,0.789
387000,0.018,0.030,0.952
387500,0.259,0.000,0.741
388000,0.113,0.000,0.887
388500,0.157,0.000,0.843
389000,0.165,0.000,0.835
389500,0.169,0.000,0.831
390000,0.146,0.000,0.854
390500,0.115,0.003,0.882
391000,0.129,0.000,0.871
391500,0.191,0.000,0.809
392000,0.170,0.000,0.830
392500,0.193,0.000,0.807
393000,0.067,0.000,0.933
393500,0.078,0.000,0.922
394000,0.179,0.000,0.821
394500,0.144,0.000,0.856
395000,0.247,0.000,0.753
395500,0.059,0.000,0.941
396000,0.082,0.000,0.918
396500,0.010,0.075,0.915
397000,0.161,0.000,0.839
397500,0.092,0.003,0.905
398000,0.213,0.000,0.787
398500,0.185,0.000,0.815
399000,0.145,0.000,0.855
399500,0.110,0.000,0.890
400000,0.142,0.000,0.858
400500,0.112,0.000,0.888
401000,0.119,0.000,0.881
401500,0.086,0.000,0.914
402000,0.168,0.000,0.832
402500,0.119,0.000,0.881
403000,0.165,0.000,0.835
403500,0.017,0.077,0.906
404000,0.092,0.000,0.908
404500,0.102,0.000,0.898
405000,0.185,0.000,0.815
405500,0.209,0.000,0.791
406000,0.146,0.000,0.854
406500,0.154,0.000,0.846
407000,0.071,0.000,0.929
407500,0.208,0.000,0.792
408000,0.043,0.000,0.957
408500,0.177,0.000,0.823
409000,0.177,0.000,0.823
409500,0.172,0.000,0.828
410000,0.106,0.000,0.894
410500,0.185,0.000,0.815
411000,0.115,0.000,0.885
411500,0.078,0.000,0.922
412000,0.133,0.000,0.867
412500,0.056,0.001,0.943
413000,0.144,0.000,0.856
413500,0.183,0.000,0.817
414000,0.198,0.000,0.802
414500,0.188,0.000,0.812
415000,0.090,0.005,0.905
415500,0.203,0.000,0.797
416000,0.121,0.000,0.879
416500,0.149,0.000,0.851
417000,0.197,0.000,0.803
417500,0.178,0.000,0.822
418000,0.264,0.000,0.736
418500,0.186,0.000,0.814
419000,0.176,0.000,0.824
419500,0.160,0.000,0.840
420000,0.095,0.000,0.905
420500,0.150,0.000,0.850
421000,0.093,0.000,0.907
421500,0.212,0.000,0.788
422000,0.127,0.000,0.873
422500,0.223,0.002,0.775
423000,0.156,0.000,0.844
423500,0.217,0.000,0.783
424000,0.152,0.001,0.847
424500,0.117,0.000,0.883
425000,0.140,0.000,0.860
425500,0.141,0.000,0.859
426000,0.133,0.000,0.867
426500,0.131,0.000,0.869
427000,0.051,0.021,0.928
427500,0.158,0.000,0.842
428000,0.016,0.065,0.919
428500,0.039,0.002,0.959
429000,0.159,0.000,0.841
429500,0.247,0.000,0.753
430000,0.047,0.019,0.934
430500,0.161,0.000,0.839
431000,0.076,0.000,0.924
431500,0.174,0.000,0.826
432000,0.180,0.000,0.820
432500,0.171,0.000,0.829
433000,0.040,0.002,0.958
433500,0.154,0.000,0.846
434000,0.205,0.000,0.795
434500,0.141,0.002,0.857
435000,0.112,0.000,0.888
435500,0.134,0.000,0.866
436000,0.170,0.000,0.830
436500,0.011,0.163,0.826
437000,0.010,0.141,0.849
437500,0.083,0.000,0.917
438000,0.194,0.000,0.806
438500,0.109,0.000,0.891
439000,0.194,0.000,0.806
439500,0.169,0.000,0.831
440000,0.100,0.000,0.900
440500,0.100,0.000,0.900
441000,0.164,0.000,0.836
441500,0.262,0.000,0.738
442000,0.086,0.001,0.913
442500,0.141,0.000,0.859
443000,0.184,0.000,0.816
443500,0.246,0.000,0.754
444000,0.135,0.000,0.865
444500,0.200,0.000,0.800
445000,0.079,0.000,0.921
445500,0.148,0.000,0.852
446000,0.157,0.000,0.843
446500,0.085,0.000,0.915
447000,0.132,0.000,0.868
447500,0.206,0.000,0.794
448000,0.251,0.000,0.749
448500,0.126,0.000,0.874
449000,0.210,0.000,0.790
449500,0.230,0.000,0.770
450000,0.191,0.000,0.809
450500,0.033,0.010,0.957
451000,0.111,0.000,0.889
451500,0.116,0.000,0.884
452000,0.052,0.042,0.906
452500,0.120,0.000,0.880
453000,0.111,0.000,0.889
453500,0.205,0.000,0.795
454000,0.168,0.000,0.832
454500,0.114,0.000,0.886
455000,0.055,0.000,0.945
455500,0.232,0.000,0.768
456000,0.195,0.000,0.805
456500,0.144,0.000,0.856
457000,0.277,0.000,0.723
457500,0.102,0.000,0.898
458000,0.138,0.002,0.860
458500,0.165,0.000,0.835
459000,0.270,0.000,0.730
459500,0.156,0.000,0.844
460000,0.053,0.051,0.896
460500,0.112,0.011,0.877
461000,0.153,0.000,0.847
461500,0.061,0.036,0.903
462000,0.118,0.000,0.882
462500,0.208,0.000,0.792
463000,0.116,0.000,0.884
463500,0.165,0.000,0.835
464000,0.117,0.000,0.883
464500,0.190,0.000,0.810
465000,0.111,0.000,0.889
465500,0.019,0.023,0.958
466000,0.115,0.000,0.885
466500,0.251,0.000,0.749
467000,0.022,0.058,0.920
467500,0.158,0.000,0.842
468000,0.110,0.000,0.890
468500,0.253,0.000,0.747
469000,0.222,0.000,0.778
469500,0.256,0.000,0.744
470000,0.336,0.000,0.664
470500,0.241,0.000,0.759
471000,0.160,0.000,0.840
471500,0.129,0.000,0.871
472000,0.171,0.000,0.829
472500,0.221,0.000,0.779
473000,0.270,0.001,0.729
473500,0.193,0.000,0.807
474000,0.222,0.000,0.778
474500,0.123,0.000,0.877
475000,0.157,0.000,0.843
475500,0.121,0.000,0.879
476000,0.181,0.000,0.819
476500,0.163,0.000,0.837
477000,0.067,0.000,0.933
477500,0.138,0.000,0.862
478000,0.056,0.000,0.944
478500,0.233,0.000,0.767
479000,0.043,0.000,0.957
479500,0.036,0.006,0.958
480000,0.169,0.000,0.831
480500,0.051,0.036,0.913
481000,0.169,0.000,0.831
481500,0.168,0.000,0.832
482000,0.103,0.010,0.887
482500,0.258,0.000,0.742
483000,0.164,0.000,0.836
483500,0.101,0.000,0.899
484000,0.120,0.000,0.880
484500,0.071,0.000,0.929
485000,0.195,0.000,0.805
485500,0.250,0.000,0.750
486000,0.050,0.013,0.937
486500,0.010,0.157,0.833
487000,0.010,0.196,0.794
487500,0.057,0.022,0.921
488000,0.080,0.004,0.916
488500,0.085,0.000,0.915
489000,0.099,0.000,0.901
489500,0.010,0.087,0.903
490000,0.141,0.000,0.859
490500,0.010,0.084,0.906
491000,0.071,0.014,0.915
491500,0.152,0.000,0.848
492000,0.100,0.023,0.877
492500,0.018,0.096,0.886
493000,0.140,0.000,0.860
493500,0.102,0.003,0.895
494000,0.169,0.000,0.831
494500,0.062,0.000,0.938
495000,0.158,0.000,0.842
495500,0.053,0.008,0.939
496000,0.144,0.000,0.856
496500,0.204,0.000,0.796
497000,0.203,0.000,0.797
497500,0.179,0.000,0.821
498000,0.099,0.000,0.901
498500,0.244,0.000,0.756
499000,0.095,0.007,0.898
499500,0.066,0.000,0.934
500000,0.157,0.000,0.843
500500,0.149,0.004,0.847
501000,0.089,0.000,0.911
501500,0.139,0.000,0.861
502000,0.132,0.000,0.868
502500,0.249,0.000,0.751
503000,0.098,0.000,0.902
503500,0.229,0.000,0.771
504000,0.093,0.000,0.907
504500,0.049,0.000,0.951
505000,0.026,0.054,0.920
505500,0.073,0.000,0.927
506000,0.017,0.134,0.849
506500,0.080,0.002,0.918
507000,0.092,0.000,0.908
507500,0.207,0.000,0.793
508000,0.163,0.000,0.837
508500,0.227,0.000,0.773
509000,0.129,0.000,0.871
509500,0.336,0.000,0.664
510000,0.187,0.000,0.813
510500,0.217,0.000,0.783
511000,0.073,0.000,0.927
511500,0.055,0.042,0.903
512000,0.200,0.000,0.800
512500,0.123,0.000,0.877
513000,0.088,0.000,0.912
513500,0.079,0.010,0.911
514000,0.261,0.000,0.739
514500,0.064,0.000,0.936
515000,0.114,0.004,0.882
515500,0.122,0.000,0.878
516000,0.232,0.000,0.768
516500,0.131,0.000,0.869
517000,0.102,0.000,0.898
517500,0.148,0.000,0.852
518000,0.131,0.000,0.869
518500,0.074,0.000,0.926
519000,0.120,0.000,0.880
519500,0.231,0.000,0.769
520000,0.103,0.001,0.896
520500,0.142,0.016,0.842
521000,0.236,0.000,0.764
521500,0.177,0.000,0.823
522000,0.084,0.000,0.916
522500,0.097,0.000,0.903
523000,0.060,0.000,0.940
523500,0.050,0.000,0.950
524000,0.128,0.000,0.872
524500,0.171,0.014,0.815
525000,0.154,0.000,0.846
525500,0.105,0.000,0.895
526000,0.085,0.001,0.914
526500,0.039,0.023,0.938
527000,0.296,0.000,0.704
527500,0.196,0.000,0.804
528000,0.043,0.029,0.928
528500,0.268,0.000,0.732
529000,0.045,0.000,0.955
529500,0.256,0.000,0.744
530000,0.129,0.000,0.871
530500,0.151,0.000,0.849
531000,0.181,0.000,0.819
531500,0.074,0.016,0.910
532000,0.137,0.000,0.863
532500,0.151,0.000,0.849
533000,0.132,0.000,0.868
533500,0.108,0.000,0.892
534000,0.181,0.000,0.819
534500,0.027,0.032,0.941
535000,0.054,0.000,0.946
535500,0.163,0.000,0.837
536000,0.169,0.000,0.831
536500,0.117,0.000,0.883
537000,0.176,0.000,0.824
537500,0.268,0.000,0.732
538000,0.321,0.000,0.679
538500,0.046,0.021,0.933
539000,0.137,0.005,0.858
539500,0.130,0.000,0.870
540000,0.161,0.000,0.839
540500,0.108,0.000,0.892
541000,0.184,0.000,0.816
541500,0.079,0.015,0.906
542000,0.010,0.070,0.920
542500,0.088,0.000,0.912
543000,0.067,0.000,0.933
543500,0.163,0.000,0.837
544000,0.118,0.000,0.882
544500,0.089,0.000,0.911
545000,0.050,0.017,0.933
545500,0.154,0.000,0.846
546000,0.104,0.000,0.896
546500,0.115,0.000,0.885
547000,0.034,0.017,0.949
547500,0.107,0.000,0.893
548000,0.074,0.005,0.921
548500,0.103,0.008,0.889
549000,0.148,0.000,0.852
549500,0.139,0.000,0.861
550000,0.099,0.000,0.901
550500,0.123,0.003,0.874
551000,0.030,0.000,0.970
551500,0.182,0.000,0.818
552000,0.072,0.000,0.928
552500,0.228,0.000,0.772
553000,0.096,0.000,0.904
553500,0.097,0.000,0.903
554000,0.053,0.000,0.947
554500,0.144,0.000,0.856
555000,0.242,0.000,0.758
555500,0.034,0.028,0.938
556000,0.088,0.000,0.912
556500,0.025,0.020,0.955
557000,0.094,0.012,0.894
557500,0.228,0.000,0.772
558000,0.107,0.000,0.893
558500,0.195,0.000,0.805
559000,0.134,0.012,0.854
559500,0.200,0.000,0.800
560000,0.117,0.000,0.883
560500,0.039,0.000,0.961
561000,0.274,0.000,0.726
561500,0.212,0.000,0.788
562000,0.059,0.000,0.941
562500,0.053,0.000,0.947
563000,0.141,0.000,0.859
563500,0.131,0.000,0.869
564000,0.054,0.000,0.946
564500,0.135,0.000,0.865
565000,0.212,0.000,0.788
565500,0.031,0.013,0.956
566000,0.125,0.000,0.875
566500,0.190,0.000,0.810
567000,0.331,0.000,0.669
567500,0.225,0.000,0.775
568000,0.014,0.196,0.790
568500,0.167,0.001,0.832
569000,0.221,0.000,0.779
569500,0.102,0.000,0.898
570000,0.143,0.000,0.857
570500,0.208,0.000,0.792
571000,0.088,0.000,0.912
571500,0.087,0.000,0.913
572000,0.075,0.000,0.925
572500,0.080,0.000,0.920
573000,0.122,0.000,0.878
573500,0.058,0.012,0.930
574000,0.025,0.021,0.954
574500,0.109,0.015,0.876
575000,0.114,0.000,0.886
575500,0.123,0.000,0.877
576000,0.220,0.000,0.780
576500,0.180,0.000,0.820
577000,0.041,0.001,0.958
577500,0.308,0.000,0.692
578000,0.110,0.000,0.890
578500,0.161,0.000,0.839
579000,0.270,0.000,0.730
579500,0.188,0.000,0.812
580000,0.189,0.000,0.811
580500,0.202,0.000,0.798
581000,0.137,0.000,0.863
581500,0.122,0.000,0.878
582000,0.082,0.018,0.900
582500,0.146,0.000,0.854
583000,0.178,0.000,0.822
583500,0.077,0.000,0.923
584000,0.096,0.000,0.904
584500,0.060,0.000,0.940
585000,0.233,0.000,0.767
585500,0.274,0.000,0.726
586000,0.154,0.000,0.846
586500,0.053,0.000,0.947
587000,0.186,0.000,0.814
587500,0.083,0.000,0.917
588000,0.225,0.000,0.775
588500,0.120,0.000,0.880
589000,0.127,0.000,0.873
589500,0.140,0.000,0.860
590000,0.168,0.000,0.832
590500,0.144,0.001,0.855
591000,0.078,0.000,0.922
591500,0.010,0.058,0.932
592000,0.133,0.000,0.867
592500,0.010,0.091,0.899
593000,0.097,0.000,0.903
593500,0.092,0.000,0.908
594000,0.031,0.073,0.896
594500,0.010,0.108,0.882
595000,0.010,0.123,0.867
595500,0.207,0.000,0.793
596000,0.119,0.000,0.881
596500,0.207,0.000,0.793
597000,0.079,0.000,0.921
597500,0.198,0.000,0.802
598000,0.140,0.000,0.860
598500,0.121,0.000,0.879
599000,0.114,0.000,0.886
599500,0.061,0.020,0.919
600000,0.091,0.000,0.909
600500,0.185,0.000,0.815
601000,0.121,0.007,0.872
601500,0.185,0.000,0.815
602000,0.186,0.000,0.814
602500,0.153,0.000,0.847
603000,0.169,0.000,0.831
603500,0.132,0.000,0.868
604000,0.142,0.000,0.858
604500,0.010,0.125,0.865
605000,0.116,0.000,0.884
605500,0.120,0.000,0.880
606000,0.034,0.005,0.961
606500,0.141,0.000,0.859
607000,0.060,0.000,0.940
607500,0.021,0.000,0.979
608000,0.047,0.000,0.953
608500,0.248,0.000,0.752
609000,0.166,0.000,0.834
609500,0.211,0.005,0.784
610000,0.302,0.000,0.698
610500,0.198,0.000,0.802
611000,0.082,0.000,0.918
611500,0.244,0.000,0.756
612000,0.119,0.023,0.858
612500,0.120,0.000,0.880
613000,0.241,0.000,0.759
613500,0.193,0.000,0.807
614000,0.149,0.000,0.851
614500,0.111,0.000,0.889
615000,0.124,0.000,0.876
615500,0.336,0.000,0.664
616000,0.210,0.000,0.790
616500,0.117,0.000,0.883
617000,0.188,0.000,0.812
617500,0.163,0.003,0.834
618000,0.117,0.000,0.883
618500,0.109,0.037,0.854
619000,0.132,0.000,0.868
619500,0.164,0.000,0.836
620000,0.155,0.000,0.845
620500,0.032,0.064,0.904
621000,0.076,0.000,0.924
621500,0.113,0.000,0.887
622000,0.129,0.000,0.871
622500,0.177,0.000,0.823
623000,0.021,0.026,0.953
623500,0.091,0.000,0.909
624000,0.167,0.000,0.833
624500,0.198,0.000,0.802
625000,0.185,0.000,0.815
625500,0.101,0.000,0.899
626000,0.088,0.009,0.903
626500,0.216,0.000,0.784
627000,0.216,0.000,0.784
627500,0.065,0.015,0.920
628000,0.155,0.000,0.845
628500,0.154,0.000,0.846
629000,0.113,0.000,0.887
629500,0.018,0.048,0.934
630000,0.099,0.000,0.901
630500,0.163,0.001,0.836
631000,0.137,0.000,0.863
631500,0.081,0.000,0.919
632000,0.149,0.000,0.851
632500,0.241,0.000,0.759
633000,0.254,0.000,0.746
633500,0.057,0.028,0.915
634000,0.206,0.000,0.794
634500,0.182,0.000,0.818
635000,0.149,0.000,0.851
635500,0.118,0.000,0.882
636000,0.146,0.000,0.854
636500,0.156,0.000,0.844
637000,0.107,0.000,0.893
637500,0.067,0.036,0.897
638000,0.012,0.075,0.913
638500,0.154,0.001,0.845
639000,0.186,0.000,0.814
639500,0.064,0.000,0.936
640000,0.179,0.000,0.821
640500,0.193,0.000,0.807
641000,0.156,0.000,0.844
641500,0.238,0.000,0.762
642000,0.222,0.000,0.778
642500,0.266,0.000,0.734
643000,0.182,0.000,0.818
643500,0.123,0.000,0.877
644000,0.117,0.000,0.883
644500,0.060,0.000,0.940
645000,0.102,0.000,0.898
645500,0.098,0.000,0.902
646000,0.205,0.000,0.795
646500,0.298,0.000,0.702
647000,0.134,0.000,0.866
647500,0.162,0.001,0.837
648000,0.161,0.000,0.839
648500,0.192,0.000,0.808
649000,0.143,0.000,0.857
649500,0.102,0.000,0.898
650000,0.102,0.000,0.898
650500,0.166,0.000,0.834
651000,0.216,0.000,0.784
651500,0.161,0.000,0.839
652000,0.205,0.000,0.795
652500,0.191,0.000,0.809
653000,0.234,0.000,0.766
653500,0.234,0.000,0.766
654000,0.030,0.009,0.961
654500,0.044,0.038,0.918
655000,0.080,0.013,0.907
655500,0.155,0.003,0.842
656000,0.099,0.000,0.901
656500,0.101,0.000,0.899
657000,0.124,0.000,0.876
657500,0.114,0.000,0.886
658000,0.127,0.000,0.873
658500,0.225,0.000,0.775
659000,0.160,0.000,0.840
659500,0.173,0.000,0.827
660000,0.170,0.000,0.830
660500,0.191,0.000,0.809
661000,0.135,0.000,0.865
661500,0.185,0.000,0.815
662000,0.133,0.000,0.867
662500,0.195,0.000,0.805
663000,0.147,0.000,0.853
663500,0.164,0.000,0.836
664000,0.165,0.000,0.835
664500,0.135,0.000,0.865
665000,0.084,0.000,0.916
665500,0.144,0.000,0.856
666000,0.179,0.000,0.821
666500,0.117,0.000,0.883
667000,0.014,0.156,0.830
667500,0.010,0.061,0.929
668000,0.190,0.001,0.809
668500,0.340,0.000,0.660
669000,0.136,0.000,0.864
669500,0.303,0.000,0.697
670000,0.103,0.000,0.897
670500,0.012,0.061,0.927
671000,0.159,0.001,0.840
671500,0.172,0.000,0.828
672000,0.165,0.000,0.835
672500,0.185,0.000,0.815
673000,0.154,0.000,0.846
673500,0.169,0.000,0.831
674000,0.098,0.000,0.902
674500,0.115,0.000,0.885
675000,0.175,0.000,0.825
675500,0.075,0.000,0.925
676000,0.042,0.000,0.958
676500,0.199,0.000,0.801
677000,0.120,0.000,0.880
677500,0.112,0.000,0.888
678000,0.126,0.000,0.874
678500,0.201,0.000,0.799
679000,0.109,0.000,0.891
679500,0.117,0.016,0.867
680000,0.188,0.000,0.812
680500,0.300,0.000,0.700
681000,0.155,0.000,0.845
681500,0.099,0.003,0.898
682000,0.058,0.000,0.942
682500,0.157,0.000,0.843
683000,0.144,0.000,0.856
683500,0.028,0.076,0.896
684000,0.010,0.124,0.866
684500,0.010,0.078,0.912
685000,0.010,0.117,0.873
685500,0.013,0.097,0.890
686000,0.159,0.004,0.837
686500,0.142,0.000,0.858
687000,0.110,0.000,0.890
687500,0.198,0.000,0.802
688000,0.010,0.225,0.765
688500,0.010,0.087,0.903
689000,0.177,0.000,0.823
689500,0.190,0.000,0.810
690000,0.177,0.000,0.823
690500,0.198,0.000,0.802
691000,0.295,0.000,0.705
691500,0.305,0.000,0.695
692000,0.188,0.000,0.812
692500,0.175,0.000,0.825
693000,0.132,0.000,0.868
693500,0.100,0.002,0.898
694000,0.118,0.000,0.882
694500,0.117,0.000,0.883
695000,0.132,0.000,0.868
695500,0.093,0.000,0.907
696000,0.213,0.000,0.787
696500,0.145,0.000,0.855
697000,0.096,0.000,0.904
697500,0.309,0.000,0.691
698000,0.185,0.000,0.815
698500,0.295,0.000,0.705
699000,0.078,0.000,0.922
699500,0.204,0.000,0.796
700000,0.026,0.017,0.957
700500,0.148,0.000,0.852
701000,0.196,0.000,0.804
701500,0.139,0.000,0.861
702000,0.212,0.000,0.788
702500,0.153,0.000,0.847
703000,0.186,0.000,0.814
703500,0.122,0.000,0.878
704000,0.185,0.000,0.815
704500,0.130,0.000,0.870
705000,0.192,0.000,0.808
705500,0.189,0.000,0.811
706000,0.012,0.034,0.954
706500,0.126,0.000,0.874
707000,0.183,0.000,0.817
707500,0.284,0.000,0.716
708000,0.122,0.000,0.878
708500,0.143,0.000,0.857
709000,0.053,0.016,0.931
709500,0.035,0.026,0.939
710000,0.010,0.070,0.920
710500,0.111,0.000,0.889
711000,0.033,0.002,0.965
711500,0.130,0.000,0.870
712000,0.126,0.000,0.874
712500,0.102,0.000,0.898
713000,0.155,0.000,0.845
713500,0.077,0.006,0.917
714000,0.214,0.000,0.786
714500,0.158,0.000,0.842
715000,0.157,0.000,0.843
715500,0.086,0.006,0.908
716000,0.053,0.042,0.905
716500,0.120,0.002,0.878
717000,0.103,0.000,0.897
717500,0.136,0.000,0.864
718000,0.219,0.000,0.781
718500,0.164,0.000,0.836
719000,0.071,0.011,0.918
719500,0.197,0.000,0.803
720000,0.100,0.000,0.900
720500,0.157,0.000,0.843
721000,0.140,0.000,0.860
721500,0.127,0.000,0.873
722000,0.156,0.000,0.844
722500,0.212,0.000,0.788
723000,0.053,0.000,0.947
723500,0.092,0.000,0.908
724000,0.209,0.000,0.791
724500,0.249,0.000,0.751
725000,0.113,0.000,0.887
725500,0.139,0.000,0.861
726000,0.019,0.067,0.914
726500,0.179,0.000,0.821
727000,0.081,0.000,0.919
727500,0.134,0.000,0.866
728000,0.139,0.000,0.861
728500,0.303,0.000,0.697
729000,0.207,0.000,0.793
729500,0.168,0.000,0.832
730000,0.201,0.000,0.799
730500,0.187,0.000,0.813
731000,0.065,0.000,0.935
731500,0.124,0.000,0.876
732000,0.215,0.000,0.785
732500,0.158,0.000,0.842
733000,0.205,0.000,0.795
733500,0.275,0.000,0.725
734000,0.212,0.000,0.788
734500,0.129,0.000,0.871
735000,0.117,0.000,0.883
735500,0.260,0.000,0.740
736000,0.138,0.000,0.862
736500,0.165,0.000,0.835
737000,0.171,0.000,0.829
737500,0.132,0.000,0.868
738000,0.123,0.000,0.877
738500,0.137,0.000,0.863
739000,0.158,0.000,0.842
739500,0.254,0.000,0.746
740000,0.070,0.000,0.930
740500,0.121,0.000,0.879
741000,0.229,0.000,0.771
741500,0.090,0.000,0.910
742000,0.206,0.000,0.794
742500,0.133,0.000,0.867
743000,0.152,0.000,0.848
743500,0.076,0.000,0.924
744000,0.207,0.000,0.793
744500,0.088,0.000,0.912
745000,0.186,0.000,0.814
745500,0.199,0.000,0.801
746000,0.091,0.000,0.909
746500,0.137,0.000,0.863
747000,0.259,0.000,0.741
747500,0.205,0.000,0.795
748000,0.233,0.000,0.767
748500,0.128,0.000,0.872
749000,0.170,0.000,0.830
749500,0.147,0.000,0.853
750000,0.233,0.000,0.767
750500,0.099,0.001,0.900
751000,0.111,0.000,0.889
751500,0.157,0.000,0.843
752000,0.154,0.000,0.846
752500,0.093,0.000,0.907
753000,0.156,0.000,0.844
753500,0.086,0.024,0.890
754000,0.232,0.000,0.768
754500,0.220,0.000,0.780
755000,0.148,0.000,0.852
755500,0.132,0.000,0.868
756000,0.178,0.000,0.822
756500,0.196,0.005,0.799
757000,0.237,0.000,0.763
757500,0.110,0.000,0.890
758000,0.074,0.004,0.922
758500,0.100,0.000,0.900
759000,0.184,0.000,0.816
759500,0.025,0.040,0.935
760000,0.060,0.012,0.928
760500,0.019,0.101,0.880
761000,0.254,0.001,0.745
761500,0.143,0.000,0.857
762000,0.180,0.000,0.820
762500,0.177,0.000,0.823
763000,0.224,0.000,0.776
763500,0.112,0.000,0.888
764000,0.193,0.008,0.799
764500,0.150,0.000,0.850
765000,0.091,0.000,0.909
765500,0.187,0.000,0.813
766000,0.132,0.000,0.868
766500,0.162,0.000,0.838
767000,0.044,0.000,0.956
767500,0.222,0.000,0.778
768000,0.182,0.000,0.818
768500,0.154,0.000,0.846
769000,0.060,0.004,0.936
769500,0.123,0.000,0.877
770000,0.251,0.000,0.749
770500,0.181,0.000,0.819
771000,0.282,0.000,0.718
771500,0.139,0.000,0.861
772000,0.070,0.004,0.926
772500,0.234,0.000,0.766
773000,0.173,0.000,0.827
773500,0.040,0.000,0.960
774000,0.035,0.015,0.950
774500,0.094,0.000,0.906
775000,0.259,0.000,0.741
775500,0.160,0.000,0.840
776000,0.203,0.000,0.797
776500,0.171,0.000,0.829
777000,0.132,0.000,0.868
777500,0.098,0.000,0.902
778000,0.118,0.037,0.845
778500,0.219,0.000,0.781
779000,0.294,0.000,0.706
779500,0.168,0.000,0.832
780000,0.054,0.069,0.877
780500,0.064,0.060,0.876
781000,0.094,0.001,0.905
781500,0.064,0.000,0.936
782000,0.082,0.000,0.918
782500,0.139,0.000,0.861
783000,0.155,0.000,0.845
783500,0.220,0.000,0.780
784000,0.237,0.000,0.763
784500,0.071,0.027,0.902
785000,0.139,0.000,0.861
785500,0.135,0.000,0.865
786000,0.194,0.000,0.806
786500,0.163,0.001,0.836
787000,0.045,0.000,0.955
787500,0.105,0.000,0.895
788000,0.055,0.000,0.945
788500,0.038,0.040,0.922
789000,0.207,0.000,0.793
789500,0.109,0.000,0.891
790000,0.186,0.000,0.814
790500,0.149,0.000,0.851
791000,0.071,0.030,0.899
791500,0.093,0.002,0.905
792000,0.052,0.010,0.938
792500,0.173,0.000,0.827
793000,0.213,0.000,0.787
793500,0.146,0.000,0.854
794000,0.038,0.017,0.945
794500,0.189,0.000,0.811
795000,0.107,0.000,0.893
795500,0.168,0.000,0.832
796000,0.177,0.000,0.823
796500,0.095,0.000,0.905
797000,0.158,0.000,0.842
797500,0.174,0.000,0.826
798000,0.109,0.000,0.891
798500,0.176,0.000,0.824
799000,0.171,0.000,0.829
799500,0.228,0.000,0.772
800000,0.165,0.000,0.835
800500,0.117,0.000,0.883
801000,0.083,0.000,0.917
801500,0.088,0.000,0.912
802000,0.105,0.000,0.895
802500,0.293,0.000,0.707
803000,0.169,0.000,0.831
803500,0.126,0.000,0.874
804000,0.166,0.000,0.834
804500,0.084,0.000,0.916
805000,0.287,0.000,0.713
805500,0.186,0.000,0.814
806000,0.084,0.018,0.898
806500,0.216,0.000,0.784
807000,0.074,0.000,0.926
807500,0.101,0.000,0.899
808000,0.178,0.000,0.822
808500,0.123,0.000,0.877
809000,0.193,0.000,0.807
809500,0.266,0.000,0.734
810000,0.171,0.000,0.829
810500,0.092,0.000,0.908
811000,0.189,0.000,0.811
811500,0.147,0.000,0.853
812000,0.133,0.000,0.867
812500,0.238,0.000,0.762
813000,0.216,0.000,0.784
813500,0.246,0.000,0.754
814000,0.059,0.000,0.941
814500,0.136,0.000,0.864
815000,0.126,0.000,0.874
815500,0.167,0.000,0.833
816000,0.199,0.000,0.801
816500,0.250,0.000,0.750
817000,0.131,0.000,0.869
817500,0.152,0.000,0.848
818000,0.193,0.000,0.807
818500,0.133,0.000,0.867
819000,0.118,0.000,0.882
819500,0.097,0.000,0.903
820000,0.040,0.000,0.960
820500,0.040,0.026,0.934
821000,0.010,0.197,0.793
821500,0.010,0.056,0.934
822000,0.045,0.018,0.937
822500,0.187,0.000,0.813
823000,0.209,0.000,0.791
823500,0.062,0.041,0.897
824000,0.135,0.000,0.865
824500,0.199,0.000,0.801
825000,0.216,0.000,0.784
825500,0.178,0.000,0.822
826000,0.172,0.000,0.828
826500,0.225,0.000,0.775
827000,0.209,0.000,0.791
827500,0.126,0.000,0.874
828000,0.132,0.000,0.868
828500,0.023,0.034,0.943
829000,0.219,0.000,0.781
829500,0.190,0.000,0.810
830000,0.252,0.000,0.748
830500,0.048,0.017,0.935
831000,0.159,0.000,0.841
831500,0.141,0.000,0.859
832000,0.096,0.000,0.904
832500,0.224,0.000,0.776
833000,0.041,0.000,0.959
833500,0.086,0.000,0.914
834000,0.112,0.000,0.888
834500,0.127,0.000,0.873
835000,0.217,0.000,0.783
835500,0.220,0.000,0.780
836000,0.151,0.000,0.849
836500,0.117,0.000,0.883
837000,0.171,0.000,0.829
837500,0.221,0.000,0.779
838000,0.158,0.000,0.842
838500,0.199,0.000,0.801
839000,0.213,0.000,0.787
839500,0.130,0.000,0.870
840000,0.298,0.000,0.702
840500,0.124,0.000,0.876
841000,0.087,0.000,0.913
841500,0.041,0.054,0.905
842000,0.010,0.063,0.927
842500,0.011,0.097,0.892
843000,0.015,0.055,0.930
843500,0.049,0.000,0.951
844000,0.043,0.036,0.921
844500,0.292,0.000,0.708
845000,0.102,0.000,0.898
845500,0.093,0.000,0.907
846000,0.107,0.000,0.893
846500,0.208,0.000,0.792
847000,0.250,0.000,0.750
847500,0.051,0.000,0.949
848000,0.117,0.001,0.882
848500,0.203,0.000,0.797
849000,0.175,0.000,0.825
849500,0.208,0.000,0.792
850000,0.121,0.000,0.879
850500,0.142,0.000,0.858
851000,0.126,0.000,0.874
851500,0.146,0.000,0.854
852000,0.022,0.040,0.938
852500,0.096,0.002,0.902
853000,0.117,0.000,0.883
853500,0.090,0.001,0.909
854000,0.144,0.000,0.856
854500,0.201,0.000,0.799
855000,0.080,0.090,0.830
855500,0.159,0.000,0.841
856000,0.222,0.000,0.778
856500,0.364,0.000,0.636
857000,0.083,0.011,0.906
857500,0.243,0.000,0.757
858000,0.163,0.000,0.837
858500,0.106,0.000,0.894
859000,0.140,0.000,0.860
859500,0.207,0.000,0.793
860000,0.121,0.000,0.879
860500,0.160,0.000,0.840
861000,0.082,0.000,0.918
861500,0.133,0.000,0.867
862000,0.187,0.000,0.813
862500,0.194,0.000,0.806
863000,0.164,0.000,0.836
863500,0.170,0.000,0.830
864000,0.153,0.000,0.847
864500,0.166,0.000,0.834
865000,0.180,0.000,0.820
865500,0.094,0.000,0.906
866000,0.120,0.000,0.880
866500,0.056,0.007,0.937
867000,0.116,0.000,0.884
867500,0.071,0.000,0.929
868000,0.168,0.000,0.832
868500,0.098,0.000,0.902
869000,0.208,0.000,0.792
869500,0.169,0.000,0.831
870000,0.152,0.000,0.848
870500,0.171,0.000,0.829
871000,0.038,0.038,0.924
871500,0.039,0.021,0.940
872000,0.032,0.050,0.918
872500,0.112,0.000,0.888
873000,0.066,0.000,0.934
873500,0.308,0.000,0.692
874000,0.076,0.000,0.924
874500,0.026,0.009,0.965
875000,0.010,0.088,0.902
875500,0.108,0.011,0.881
876000,0.127,0.000,0.873
876500,0.157,0.000,0.843
877000,0.115,0.000,0.885
877500,0.076,0.000,0.924
878000,0.157,0.000,0.843
878500,0.099,0.000,0.901
879000,0.108,0.000,0.892
879500,0.216,0.000,0.784
880000,0.172,0.000,0.828
880500,0.174,0.000,0.826
881000,0.234,0.000,0.766
881500,0.083,0.000,0.917
882000,0.072,0.002,0.926
882500,0.103,0.000,0.897
883000,0.211,0.000,0.789
883500,0.171,0.000,0.829
884000,0.159,0.000,0.841
884500,0.053,0.000,0.947
885000,0.010,0.070,0.920
885500,0.171,0.001,0.828
886000,0.250,0.000,0.750
886500,0.222,0.000,0.778
887000,0.213,0.000,0.787
887500,0.127,0.000,0.873
888000,0.245,0.000,0.755
888500,0.084,0.000,0.916
889000,0.186,0.000,0.814
889500,0.176,0.000,0.824
890000,0.117,0.006,0.877
890500,0.030,0.037,0.933
891000,0.154,0.000,0.846
891500,0.301,0.000,0.699
892000,0.083,0.000,0.917
892500,0.072,0.000,0.928
893000,0.129,0.000,0.871
893500,0.196,0.000,0.804
894000,0.163,0.000,0.837
894500,0.144,0.000,0.856
895000,0.173,0.000,0.827
895500,0.056,0.019,0.925
896000,0.260,0.000,0.740
896500,0.176,0.000,0.824
897000,0.132,0.000,0.868
897500,0.267,0.000,0.733
898000,0.037,0.000,0.963
898500,0.010,0.144,0.846
899000,0.011,0.135,0.854
899500,0.043,0.000,0.957
900000,0.156,0.000,0.844
900500,0.081,0.000,0.919
901000,0.145,0.006,0.849
901500,0.162,0.000,0.838
902000,0.046,0.000,0.954
902500,0.156,0.000,0.844
903000,0.228,0.000,0.772
903500,0.141,0.000,0.859
904000,0.119,0.000,0.881
904500,0.203,0.000,0.797
905000,0.115,0.000,0.885
905500,0.175,0.000,0.825
906000,0.196,0.000,0.804
906500,0.030,0.021,0.949
907000,0.011,0.084,0.905
907500,0.201,0.000,0.799
908000,0.166,0.000,0.834
908500,0.031,0.025,0.944
909000,0.107,0.000,0.893
909500,0.262,0.000,0.738
910000,0.149,0.000,0.851
910500,0.010,0.094,0.896
911000,0.098,0.000,0.902
911500,0.122,0.000,0.878
912000,0.223,0.000,0.777
912500,0.100,0.000,0.900
913000,0.126,0.000,0.874
913500,0.128,0.005,0.867
914000,0.182,0.000,0.818
914500,0.138,0.000,0.862
915000,0.115,0.004,0.881
915500,0.082,0.001,0.917
916000,0.194,0.000,0.806
916500,0.106,0.000,0.894
917000,0.179,0.000,0.821
917500,0.199,0.000,0.801
918000,0.151,0.000,0.849
918500,0.225,0.000,0.775
919000,0.071,0.000,0.929
919500,0.182,0.000,0.818
920000,0.181,0.000,0.819
920500,0.140,0.000,0.860
921000,0.147,0.000,0.853
921500,0.191,0.000,0.809
922000,0.077,0.000,0.923
922500,0.214,0.000,0.786
923000,0.203,0.000,0.797
923500,0.103,0.000,0.897
924000,0.104,0.000,0.896
924500,0.197,0.000,0.803
925000,0.189,0.000,0.811
925500,0.117,0.000,0.883
926000,0.137,0.000,0.863
926500,0.133,0.000,0.867
927000,0.188,0.000,0.812
927500,0.166,0.000,0.834
928000,0.252,0.000,0.748
928500,0.152,0.000,0.848
929000,0.084,0.000,0.916
929500,0.101,0.010,0.889
930000,0.104,0.002,0.894
930500,0.215,0.000,0.785
931000,0.211,0.000,0.789
931500,0.206,0.000,0.794
932000,0.164,0.000,0.836
932500,0.087,0.000,0.913
933000,0.160,0.000,0.840
933500,0.197,0.000,0.803
934000,0.178,0.000,0.822
934500,0.276,0.000,0.724
935000,0.138,0.000,0.862
935500,0.160,0.004,0.836
936000,0.069,0.000,0.931
936500,0.081,0.000,0.919
937000,0.313,0.000,0.687
937500,0.171,0.000,0.829
938000,0.071,0.006,0.923
938500,0.117,0.000,0.883
939000,0.120,0.000,0.880
939500,0.214,0.000,0.786
940000,0.181,0.000,0.819
940500,0.140,0.000,0.860
941000,0.209,0.000,0.791
941500,0.126,0.000,0.874
942000,0.149,0.000,0.851
942500,0.211,0.000,0.789
943000,0.075,0.000,0.925
943500,0.162,0.000,0.838
944000,0.247,0.000,0.753
944500,0.169,0.000,0.831
945000,0.100,0.000,0.900
945500,0.096,0.000,0.904
946000,0.086,0.007,0.907
946500,0.061,0.000,0.939
947000,0.010,0.073,0.917
947500,0.010,0.147,0.843
948000,0.034,0.048,0.918
948500,0.010,0.070,0.920
949000,0.109,0.001,0.890
949500,0.148,0.000,0.852
950000,0.242,0.000,0.758
950500,0.160,0.000,0.840
951000,0.140,0.000,0.860
951500,0.135,0.000,0.865
952000,0.228,0.000,0.772
952500,0.199,0.000,0.801
953000,0.042,0.035,0.923
953500,0.078,0.013,0.909
954000,0.236,0.000,0.764
954500,0.138,0.000,0.862
955000,0.217,0.000,0.783
955500,0.174,0.000,0.826
956000,0.205,0.000,0.795
956500,0.163,0.000,0.837
957000,0.099,0.000,0.901
957500,0.077,0.001,0.922
958000,0.164,0.000,0.836
958500,0.010,0.159,0.831
959000,0.010,0.104,0.886
959500,0.010,0.148,0.842
960000,0.050,0.046,0.904
960500,0.290,0.000,0.710
961000,0.150,0.000,0.850
961500,0.237,0.000,0.763
962000,0.088,0.000,0.912
962500,0.192,0.000,0.808
963000,0.220,0.000,0.780
963500,0.157,0.000,0.843
964000,0.131,0.000,0.869
964500,0.192,0.000,0.808
965000,0.100,0.000,0.900
965500,0.145,0.000,0.855
966000,0.184,0.000,0.816
966500,0.036,0.000,0.964
967000,0.134,0.000,0.866
967500,0.146,0.000,0.854
968000,0.149,0.000,0.851
968500,0.246,0.000,0.754
969000,0.306,0.000,0.694
969500,0.206,0.000,0.794
970000,0.018,0.072,0.910
970500,0.140,0.001,0.859
971000,0.133,0.000,0.867
971500,0.118,0.000,0.882
972000,0.016,0.121,0.863
972500,0.071,0.011,0.918
973000,0.046,0.000,0.954
973500,0.175,0.000,0.825
974000,0.131,0.000,0.869
974500,0.084,0.000,0.916
975000,0.150,0.000,0.850
975500,0.093,0.000,0.907
976000,0.172,0.000,0.828
976500,0.172,0.000,0.828
977000,0.168,0.000,0.832
977500,0.179,0.000,0.821
978000,0.218,0.000,0.782
978500,0.187,0.000,0.813
979000,0.175,0.000,0.825
979500,0.167,0.000,0.833
980000,0.275,0.002,0.723
980500,0.191,0.000,0.809
981000,0.099,0.000,0.901
981500,0.075,0.000,0.925
982000,0.152,0.000,0.848
982500,0.039,0.023,0.938
983000,0.043,0.003,0.954
983500,0.010,0.118,0.872
984000,0.011,0.062,0.927
984500,0.047,0.034,0.919
985000,0.067,0.000,0.933
985500,0.068,0.007,0.925
986000,0.207,0.000,0.793
986500,0.170,0.000,0.830
987000,0.127,0.000,0.873
987500,0.191,0.000,0.809
988000,0.153,0.000,0.847
988500,0.089,0.005,0.906
989000,0.151,0.000,0.849
989500,0.141,0.000,0.859
990000,0.102,0.000,0.898
990500,0.161,0.000,0.839
991000,0.150,0.000,0.850
991500,0.177,0.000,0.823
992000,0.141,0.000,0.859
992500,0.109,0.000,0.891
993000,0.145,0.000,0.855
993500,0.115,0.000,0.885
994000,0.070,0.039,0.891
994500,0.113,0.013,0.874
995000,0.169,0.000,0.831
995500,0.175,0.000,0.825
996000,0.160,0.000,0.840
996500,0.134,0.000,0.866
997000,0.095,0.001,0.904
997500,0.253,0.000,0.747
998000,0.159,0.000,0.841
998500,0.255,0.000,0.745
999000,0.119,0.000,0.881
999500,0.155,0.006,0.839
1000000,0.198,0.000,0.802
