time,n_A+p,n_B,n_AB
500,0.050,0.780,0.169
1000,0.050,0.568,0.382
1500,0.050,0.442,0.508
2000,0.050,0.427,0.522
2500,0.050,0.400,0.550
3000,0.050,0.378,0.572
3500,0.050,0.442,0.508
4000,0.057,0.358,0.586
4500,0.051,0.477,0.471
5000,0.051,0.427,0.522
5500,0.050,0.389,0.561
6000,0.050,0.399,0.551
6500,0.050,0.345,0.605
7000,0.050,0.325,0.625
7500,0.050,0.416,0.534
8000,0.050,0.337,0.613
8500,0.050,0.351,0.599
9000,0.050,0.383,0.567
9500,0.050,0.363,0.587
10000,0.050,0.390,0.560
10500,0.050,0.411,0.539
11000,0.050,0.461,0.489
11500,0.050,0.418,0.531
12000,0.053,0.413,0.533
12500,0.050,0.438,0.512
13000,0.050,0.395,0.555
13500,0.050,0.415,0.535
14000,0.050,0.493,0.456
14500,0.050,0.438,0.512
15000,0.057,0.351,0.592
15500,0.050,0.353,0.597
16000,0.050,0.324,0.626
16500,0.050,0.399,0.551
17000,0.050,0.384,0.567
17500,0.050,0.421,0.529
18000,0.050,0.443,0.507
18500,0.050,0.402,0.548
19000,0.050,0.362,0.588
19500,0.050,0.368,0.582
20000,0.050,0.349,0.601
20500,0.050,0.311,0.638
21000,0.050,0.310,0.640
21500,0.051,0.386,0.563
22000,0.050,0.388,0.562
22500,0.050,0.339,0.611
23000,0.050,0.385,0.565
23500,0.050,0.377,0.573
24000,0.050,0.385,0.565
24500,0.050,0.371,0.579
25000,0.050,0.376,0.575
25500,0.050,0.388,0.562
26000,0.050,0.399,0.551
26500,0.050,0.427,0.522
27000,0.050,0.391,0.559
27500,0.050,0.356,0.593
28000,0.050,0.358,0.591
28500,0.050,0.432,0.518
29000,0.050,0.442,0.508
29500,0.050,0.421,0.529
30000,0.050,0.443,0.507
30500,0.050,0.420,0.530
31000,0.050,0.368,0.582
31500,0.050,0.461,0.489
32000,0.050,0.384,0.567
32500,0.050,0.437,0.513
33000,0.050,0.429,0.521
33500,0.050,0.421,0.528
34000,0.050,0.429,0.521
34500,0.050,0.411,0.539
35000,0.050,0.374,0.576
35500,0.050,0.431,0.519
36000,0.050,0.446,0.504
36500,0.050,0.429,0.521
37000,0.052,0.335,0.613
37500,0.050,0.382,0.569
38000,0.050,0.321,0.629
38500,0.050,0.319,0.631
39000,0.050,0.464,0.486
39500,0.050,0.460,0.490
40000,0.050,0.493,0.457
40500,0.050,0.404,0.546
41000,0.050,0.373,0.577
41500,0.050,0.326,0.624
42000,0.050,0.407,0.542
42500,0.050,0.257,0.694
43000,0.051,0.388,0.561
43500,0.050,0.369,0.581
44000,0.050,0.301,0.649
44500,0.050,0.427,0.523
45000,0.050,0.361,0.589
45500,0.051,0.351,0.598
46000,0.051,0.324,0.625
46500,0.050,0.365,0.585
47000,0.050,0.366,0.584
47500,0.050,0.382,0.569
48000,0.050,0.332,0.618
48500,0.050,0.387,0.563
49000,0.050,0.439,0.511
49500,0.050,0.456,0.494
50000,0.050,0.392,0.558
50500,0.050,0.375,0.575
51000,0.050,0.383,0.567
51500,0.050,0.349,0.601
52000,0.050,0.388,0.562
52500,0.050,0.409,0.541
53000,0.050,0.479,0.470
53500,0.050,0.388,0.562
54000,0.050,0.375,0.575
54500,0.050,0.483,0.467
55000,0.050,0.382,0.569
55500,0.050,0.448,0.502
56000,0.050,0.398,0.552
56500,0.050,0.409,0.540
57000,0.050,0.440,0.510
57500,0.050,0.414,0.535
58000,0.050,0.403,0.547
58500,0.050,0.464,0.486
59000,0.050,0.436,0.514
59500,0.050,0.455,0.495
60000,0.050,0.452,0.498
60500,0.050,0.381,0.569
61000,0.050,0.370,0.579
61500,0.050,0.326,0.624
62000,0.050,0.366,0.583
62500,0.050,0.364,0.585
63000,0.050,0.365,0.585
63500,0.051,0.406,0.542
64000,0.051,0.426,0.524
64500,0.050,0.301,0.649
65000,0.061,0.237,0.701
65500,0.056,0.330,0.614
66000,0.051,0.381,0.569
66500,0.050,0.404,0.546
67000,0.050,0.335,0.615
67500,0.050,0.398,0.552
68000,0.050,0.391,0.559
68500,0.050,0.410,0.539
69000,0.050,0.450,0.500
69500,0.050,0.401,0.549
70000,0.050,0.411,0.538
70500,0.050,0.346,0.603
71000,0.050,0.394,0.556
71500,0.050,0.381,0.569
72000,0.050,0.406,0.544
72500,0.050,0.411,0.539
73000,0.051,0.415,0.534
73500,0.050,0.427,0.522
74000,0.050,0.415,0.534
74500,0.050,0.389,0.561
75000,0.050,0.341,0.609
75500,0.050,0.418,0.531
76000,0.050,0.360,0.589
76500,0.050,0.353,0.597
77000,0.050,0.389,0.561
77500,0.050,0.329,0.621
78000,0.050,0.382,0.569
78500,0.050,0.384,0.566
79000,0.050,0.391,0.559
79500,0.050,0.411,0.539
80000,0.050,0.379,0.571
80500,0.050,0.353,0.597
81000,0.050,0.323,0.627
81500,0.050,0.418,0.531
82000,0.050,0.329,0.621
82500,0.050,0.347,0.603
83000,0.050,0.353,0.597
83500,0.050,0.366,0.584
84000,0.053,0.312,0.635
84500,0.050,0.327,0.623
85000,0.050,0.369,0.581
85500,0.050,0.356,0.594
86000,0.050,0.329,0.621
86500,0.050,0.346,0.604
87000,0.050,0.391,0.559
87500,0.050,0.390,0.560
88000,0.050,0.333,0.617
88500,0.050,0.377,0.573
89000,0.050,0.338,0.612
89500,0.050,0.416,0.534
90000,0.050,0.354,0.596
90500,0.050,0.400,0.550
91000,0.050,0.426,0.523
91500,0.050,0.475,0.474
92000,0.050,0.351,0.599
92500,0.050,0.403,0.547
93000,0.050,0.455,0.495
93500,0.050,0.393,0.557
94000,0.050,0.381,0.569
94500,0.050,0.344,0.606
95000,0.057,0.341,0.602
95500,0.051,0.349,0.600
96000,0.050,0.345,0.605
96500,0.050,0.353,0.597
97000,0.050,0.343,0.607
97500,0.050,0.380,0.571
98000,0.050,0.407,0.542
98500,0.050,0.422,0.527
99000,0.050,0.422,0.527
99500,0.050,0.381,0.569
100000,0.050,0.451,0.499
100500,0.050,0.371,0.579
101000,0.050,0.417,0.533
101500,0.050,0.445,0.505
102000,0.050,0.378,0.573
102500,0.050,0.369,0.581
103000,0.050,0.329,0.621
103500,0.050,0.368,0.582
104000,0.050,0.403,0.547
104500,0.050,0.371,0.579
105000,0.050,0.339,0.611
105500,0.052,0.286,0.662
106000,0.052,0.341,0.607
106500,0.051,0.383,0.567
107000,0.050,0.315,0.635
107500,0.050,0.406,0.544
108000,0.050,0.359,0.591
108500,0.050,0.386,0.564
109000,0.050,0.384,0.567
109500,0.050,0.415,0.535
110000,0.050,0.388,0.562
110500,0.050,0.405,0.545
111000,0.050,0.306,0.644
111500,0.051,0.316,0.633
112000,0.050,0.341,0.609
112500,0.050,0.360,0.589
113000,0.050,0.424,0.526
113500,0.050,0.367,0.583
114000,0.050,0.324,0.626
114500,0.050,0.320,0.630
115000,0.050,0.317,0.633
115500,0.056,0.315,0.629
116000,0.050,0.280,0.670
116500,0.050,0.322,0.628
117000,0.050,0.360,0.590
117500,0.050,0.386,0.565
118000,0.050,0.325,0.625
118500,0.050,0.291,0.658
119000,0.052,0.347,0.600
119500,0.051,0.398,0.551
120000,0.050,0.406,0.544
120500,0.051,0.346,0.603
121000,0.050,0.341,0.609
121500,0.050,0.321,0.629
122000,0.050,0.470,0.480
122500,0.050,0.387,0.563
123000,0.050,0.424,0.525
123500,0.050,0.395,0.555
124000,0.050,0.337,0.613
124500,0.050,0.425,0.524
125000,0.050,0.397,0.553
125500,0.050,0.342,0.608
126000,0.050,0.410,0.539
126500,0.050,0.463,0.487
127000,0.050,0.365,0.585
127500,0.050,0.427,0.523
128000,0.050,0.483,0.466
128500,0.050,0.429,0.521
129000,0.050,0.355,0.595
129500,0.050,0.381,0.569
130000,0.056,0.373,0.571
130500,0.051,0.435,0.514
131000,0.050,0.406,0.544
131500,0.050,0.423,0.526
132000,0.050,0.396,0.554
132500,0.050,0.467,0.483
133000,0.050,0.469,0.480
133500,0.050,0.399,0.551
134000,0.050,0.387,0.563
134500,0.050,0.393,0.557
135000,0.050,0.367,0.583
135500,0.051,0.376,0.573
136000,0.050,0.326,0.624
136500,0.051,0.389,0.561
137000,0.050,0.384,0.567
137500,0.050,0.413,0.536
138000,0.050,0.325,0.625
138500,0.050,0.380,0.570
139000,0.050,0.373,0.577
139500,0.050,0.423,0.527
140000,0.050,0.404,0.546
140500,0.050,0.425,0.524
141000,0.050,0.457,0.493
141500,0.050,0.396,0.554
142000,0.050,0.361,0.589
142500,0.050,0.477,0.473
143000,0.050,0.370,0.579
143500,0.050,0.294,0.656
144000,0.050,0.395,0.555
144500,0.050,0.409,0.540
145000,0.050,0.422,0.527
145500,0.050,0.367,0.583
146000,0.050,0.381,0.569
146500,0.050,0.369,0.581
147000,0.050,0.403,0.547
147500,0.050,0.398,0.552
148000,0.050,0.415,0.534
148500,0.050,0.366,0.583
149000,0.053,0.312,0.634
149500,0.053,0.294,0.652
150000,0.051,0.362,0.587
150500,0.050,0.387,0.563
151000,0.050,0.397,0.553
151500,0.050,0.393,0.557
152000,0.050,0.373,0.577
152500,0.050,0.350,0.600
153000,0.050,0.444,0.506
153500,0.050,0.410,0.539
154000,0.050,0.464,0.486
154500,0.050,0.427,0.522
155000,0.050,0.375,0.575
155500,0.050,0.388,0.562
156000,0.050,0.359,0.591
156500,0.050,0.352,0.597
157000,0.050,0.423,0.527
157500,0.050,0.432,0.517
158000,0.050,0.380,0.570
158500,0.050,0.391,0.559
159000,0.050,0.380,0.570
159500,0.050,0.387,0.563
160000,0.050,0.377,0.573
160500,0.050,0.404,0.546
161000,0.050,0.443,0.507
161500,0.050,0.406,0.544
162000,0.052,0.348,0.599
162500,0.050,0.466,0.484
163000,0.050,0.413,0.537
163500,0.050,0.381,0.569
164000,0.050,0.420,0.530
164500,0.050,0.322,0.628
165000,0.050,0.301,0.648
165500,0.050,0.383,0.567
166000,0.051,0.418,0.530
166500,0.050,0.423,0.526
167000,0.050,0.370,0.579
167500,0.050,0.402,0.548
168000,0.050,0.357,0.593
168500,0.050,0.426,0.523
169000,0.050,0.403,0.547
169500,0.050,0.438,0.512
170000,0.050,0.358,0.592
170500,0.050,0.417,0.533
171000,0.050,0.348,0.602
171500,0.050,0.387,0.563
172000,0.050,0.365,0.585
172500,0.053,0.349,0.597
173000,0.051,0.342,0.607
173500,0.051,0.350,0.599
174000,0.050,0.421,0.528
174500,0.050,0.376,0.574
175000,0.050,0.415,0.535
175500,0.050,0.468,0.482
176000,0.050,0.479,0.470
176500,0.050,0.454,0.496
177000,0.050,0.499,0.450
177500,0.050,0.420,0.530
178000,0.050,0.401,0.549
178500,0.050,0.412,0.537
179000,0.050,0.443,0.507
179500,0.050,0.435,0.514
180000,0.050,0.410,0.539
180500,0.050,0.382,0.569
181000,0.050,0.375,0.575
181500,0.050,0.396,0.554
182000,0.050,0.340,0.610
182500,0.051,0.355,0.593
183000,0.050,0.344,0.606
183500,0.050,0.392,0.558
184000,0.050,0.410,0.540
184500,0.050,0.369,0.581
185000,0.050,0.418,0.531
185500,0.050,0.458,0.492
186000,0.050,0.454,0.496
186500,0.050,0.432,0.518
187000,0.050,0.356,0.594
187500,0.050,0.379,0.571
188000,0.050,0.435,0.515
188500,0.050,0.428,0.522
189000,0.050,0.370,0.580
189500,0.050,0.403,0.547
190000,0.050,0.560,0.389
190500,0.050,0.473,0.476
191000,0.050,0.484,0.466
191500,0.050,0.380,0.570
192000,0.050,0.451,0.499
192500,0.050,0.532,0.417
193000,0.050,0.517,0.433
193500,0.050,0.380,0.570
194000,0.050,0.434,0.515
194500,0.050,0.415,0.534
195000,0.050,0.332,0.618
195500,0.057,0.317,0.627
196000,0.051,0.306,0.642
196500,0.050,0.350,0.599
197000,0.050,0.377,0.573
197500,0.050,0.414,0.535
198000,0.050,0.372,0.578
198500,0.050,0.400,0.550
199000,0.050,0.467,0.483
199500,0.050,0.443,0.507
200000,0.050,0.405,0.545
200500,0.050,0.373,0.577
201000,0.050,0.416,0.533
201500,0.050,0.411,0.539
202000,0.050,0.335,0.615
202500,0.050,0.381,0.569
203000,0.050,0.437,0.513
203500,0.050,0.382,0.569
204000,0.050,0.432,0.517
204500,0.050,0.360,0.590
205000,0.050,0.320,0.630
205500,0.050,0.315,0.635
206000,0.050,0.305,0.644
206500,0.050,0.342,0.608
207000,0.050,0.401,0.549
207500,0.050,0.444,0.506
208000,0.050,0.400,0.550
208500,0.050,0.464,0.486
209000,0.050,0.427,0.522
209500,0.050,0.383,0.567
210000,0.050,0.343,0.607
210500,0.050,0.324,0.626
211000,0.050,0.366,0.583
211500,0.050,0.389,0.561
212000,0.050,0.402,0.548
212500,0.050,0.432,0.517
213000,0.050,0.430,0.519
213500,0.050,0.410,0.539
214000,0.050,0.279,0.671
214500,0.050,0.351,0.599
215000,0.050,0.430,0.520
215500,0.050,0.390,0.560
216000,0.050,0.367,0.583
216500,0.050,0.364,0.586
217000,0.050,0.490,0.459
217500,0.050,0.417,0.533
218000,0.050,0.373,0.577
218500,0.050,0.392,0.558
219000,0.050,0.339,0.611
219500,0.050,0.336,0.614
220000,0.050,0.428,0.521
220500,0.050,0.411,0.538
221000,0.050,0.374,0.575
221500,0.050,0.349,0.601
222000,0.050,0.406,0.544
222500,0.050,0.452,0.498
223000,0.050,0.380,0.570
223500,0.050,0.376,0.574
224000,0.050,0.409,0.540
224500,0.050,0.421,0.529
225000,0.050,0.408,0.541
225500,0.050,0.451,0.499
226000,0.050,0.425,0.525
226500,0.050,0.359,0.591
227000,0.050,0.417,0.533
227500,0.050,0.257,0.694
228000,0.050,0.423,0.526
228500,0.050,0.424,0.525
229000,0.050,0.398,0.552
229500,0.050,0.399,0.551
230000,0.050,0.337,0.613
230500,0.050,0.362,0.588
231000,0.050,0.408,0.541
231500,0.050,0.364,0.586
232000,0.050,0.440,0.510
232500,0.050,0.495,0.455
233000,0.050,0.424,0.526
233500,0.050,0.358,0.592
234000,0.050,0.409,0.541
234500,0.050,0.454,0.496
235000,0.050,0.406,0.543
235500,0.050,0.356,0.594
236000,0.050,0.388,0.562
236500,0.050,0.375,0.575
237000,0.050,0.372,0.578
237500,0.054,0.395,0.551
238000,0.050,0.466,0.484
238500,0.050,0.402,0.548
239000,0.050,0.359,0.591
239500,0.050,0.405,0.545
240000,0.050,0.385,0.565
240500,0.050,0.359,0.591
241000,0.050,0.332,0.618
241500,0.050,0.438,0.512
242000,0.050,0.334,0.616
242500,0.050,0.399,0.551
243000,0.050,0.393,0.557
243500,0.050,0.405,0.545
244000,0.050,0.468,0.482
244500,0.050,0.393,0.557
245000,0.057,0.402,0.542
245500,0.051,0.376,0.573
246000,0.050,0.400,0.550
246500,0.050,0.288,0.661
247000,0.050,0.406,0.544
247500,0.050,0.367,0.583
248000,0.050,0.314,0.636
248500,0.050,0.300,0.649
249000,0.050,0.310,0.639
249500,0.054,0.392,0.553
250000,0.050,0.377,0.573
250500,0.050,0.373,0.577
251000,0.050,0.393,0.557
251500,0.050,0.341,0.609
252000,0.050,0.412,0.537
252500,0.050,0.350,0.600
253000,0.050,0.374,0.576
253500,0.050,0.398,0.552
254000,0.053,0.372,0.575
254500,0.056,0.410,0.533
255000,0.051,0.323,0.627
255500,0.050,0.305,0.645
256000,0.050,0.346,0.604
256500,0.050,0.359,0.591
257000,0.050,0.430,0.519
257500,0.050,0.380,0.571
258000,0.050,0.372,0.577
258500,0.050,0.415,0.535
259000,0.050,0.353,0.597
259500,0.050,0.422,0.528
260000,0.057,0.329,0.614
260500,0.051,0.329,0.621
261000,0.050,0.356,0.593
261500,0.050,0.452,0.498
262000,0.050,0.420,0.529
262500,0.050,0.444,0.506
263000,0.053,0.446,0.501
263500,0.051,0.487,0.462
264000,0.050,0.366,0.583
264500,0.050,0.367,0.583
265000,0.050,0.432,0.518
265500,0.050,0.405,0.545
266000,0.050,0.417,0.533
266500,0.050,0.424,0.526
267000,0.050,0.439,0.511
267500,0.050,0.400,0.550
268000,0.050,0.366,0.584
268500,0.050,0.406,0.543
269000,0.050,0.405,0.545
269500,0.050,0.457,0.493
270000,0.050,0.494,0.456
270500,0.050,0.424,0.525
271000,0.050,0.393,0.557
271500,0.050,0.404,0.546
272000,0.050,0.499,0.450
272500,0.050,0.415,0.535
273000,0.050,0.402,0.548
273500,0.050,0.392,0.558
274000,0.050,0.406,0.544
274500,0.050,0.383,0.567
275000,0.050,0.367,0.583
275500,0.050,0.371,0.579
276000,0.050,0.470,0.480
276500,0.050,0.416,0.533
277000,0.050,0.425,0.524
277500,0.050,0.386,0.565
278000,0.050,0.453,0.497
278500,0.050,0.429,0.521
279000,0.050,0.364,0.585
279500,0.050,0.415,0.534
280000,0.050,0.373,0.577
280500,0.050,0.329,0.621
281000,0.050,0.428,0.521
281500,0.050,0.458,0.492
282000,0.050,0.444,0.506
282500,0.050,0.442,0.508
283000,0.050,0.361,0.589
283500,0.050,0.436,0.514
284000,0.050,0.504,0.446
284500,0.050,0.478,0.471
285000,0.050,0.447,0.503
285500,0.050,0.420,0.530
286000,0.050,0.365,0.585
286500,0.050,0.457,0.493
287000,0.050,0.452,0.498
287500,0.050,0.461,0.489
288000,0.050,0.470,0.479
288500,0.050,0.371,0.579
289000,0.050,0.435,0.514
289500,0.050,0.406,0.544
290000,0.050,0.460,0.490
290500,0.050,0.461,0.489
291000,0.050,0.398,0.552
291500,0.052,0.317,0.631
292000,0.051,0.377,0.573
292500,0.050,0.373,0.577
293000,0.050,0.445,0.505
293500,0.050,0.507,0.443
294000,0.050,0.443,0.507
294500,0.050,0.356,0.593
295000,0.050,0.317,0.633
295500,0.050,0.424,0.526
296000,0.050,0.406,0.544
296500,0.050,0.338,0.612
297000,0.050,0.344,0.606
297500,0.051,0.387,0.562
298000,0.051,0.362,0.587
298500,0.053,0.284,0.663
299000,0.051,0.360,0.588
299500,0.050,0.416,0.533
300000,0.050,0.403,0.547
300500,0.050,0.374,0.575
301000,0.050,0.326,0.624
301500,0.050,0.424,0.525
302000,0.050,0.458,0.492
302500,0.050,0.450,0.500
303000,0.050,0.440,0.510
303500,0.050,0.354,0.596
304000,0.050,0.319,0.631
304500,0.050,0.365,0.585
305000,0.050,0.363,0.587
305500,0.050,0.402,0.548
306000,0.052,0.327,0.621
306500,0.051,0.366,0.583
307000,0.050,0.428,0.521
307500,0.050,0.392,0.558
308000,0.058,0.298,0.643
308500,0.051,0.371,0.577
309000,0.050,0.338,0.612
309500,0.053,0.343,0.603
310000,0.050,0.366,0.584
310500,0.050,0.402,0.548
311000,0.050,0.396,0.554
311500,0.050,0.441,0.509
312000,0.050,0.373,0.577
312500,0.050,0.334,0.616
313000,0.050,0.361,0.589
313500,0.050,0.426,0.523
314000,0.050,0.420,0.530
314500,0.050,0.465,0.485
315000,0.050,0.372,0.577
315500,0.050,0.452,0.498
316000,0.050,0.412,0.538
316500,0.050,0.444,0.506
317000,0.050,0.391,0.559
317500,0.050,0.408,0.541
318000,0.050,0.359,0.591
318500,0.050,0.355,0.595
319000,0.050,0.469,0.480
319500,0.050,0.464,0.486
320000,0.050,0.369,0.581
320500,0.050,0.387,0.563
321000,0.050,0.466,0.484
321500,0.050,0.308,0.642
322000,0.060,0.305,0.635
322500,0.054,0.253,0.694
323000,0.050,0.348,0.601
323500,0.050,0.381,0.569
324000,0.050,0.372,0.577
324500,0.050,0.410,0.540
325000,0.050,0.434,0.516
325500,0.050,0.362,0.588
326000,0.050,0.383,0.567
326500,0.050,0.377,0.573
327000,0.050,0.367,0.583
327500,0.050,0.386,0.565
328000,0.050,0.366,0.583
328500,0.050,0.467,0.483
329000,0.050,0.381,0.569
329500,0.050,0.409,0.541
330000,0.050,0.359,0.591
330500,0.050,0.405,0.545
331000,0.050,0.386,0.565
331500,0.050,0.360,0.589
332000,0.050,0.398,0.552
332500,0.050,0.387,0.563
333000,0.050,0.405,0.545
333500,0.050,0.392,0.558
334000,0.050,0.400,0.550
334500,0.050,0.369,0.581
335000,0.050,0.333,0.617
335500,0.050,0.406,0.544
336000,0.050,0.441,0.509
336500,0.050,0.421,0.528
337000,0.060,0.338,0.602
337500,0.051,0.419,0.529
338000,0.050,0.352,0.598
338500,0.050,0.328,0.622
339000,0.050,0.352,0.598
339500,0.051,0.421,0.528
340000,0.050,0.401,0.549
340500,0.050,0.389,0.561
341000,0.050,0.421,0.528
341500,0.050,0.385,0.565
342000,0.050,0.353,0.597
342500,0.050,0.378,0.572
343000,0.050,0.353,0.597
343500,0.050,0.389,0.561
344000,0.050,0.447,0.503
344500,0.050,0.465,0.485
345000,0.050,0.422,0.528
345500,0.050,0.456,0.494
346000,0.050,0.393,0.557
346500,0.050,0.372,0.577
347000,0.050,0.401,0.549
347500,0.050,0.343,0.607
348000,0.050,0.342,0.608
348500,0.050,0.329,0.621
349000,0.050,0.367,0.583
349500,0.050,0.386,0.564
350000,0.050,0.402,0.548
350500,0.050,0.392,0.558
351000,0.050,0.407,0.542
351500,0.050,0.418,0.531
352000,0.050,0.424,0.525
352500,0.050,0.409,0.540
353000,0.050,0.357,0.593
353500,0.050,0.348,0.602
354000,0.050,0.370,0.580
354500,0.051,0.322,0.627
355000,0.050,0.328,0.622
355500,0.050,0.362,0.588
356000,0.050,0.453,0.497
356500,0.050,0.406,0.544
357000,0.050,0.444,0.506
357500,0.050,0.377,0.573
358000,0.050,0.329,0.621
358500,0.050,0.378,0.573
359000,0.050,0.406,0.544
359500,0.050,0.380,0.570
360000,0.050,0.405,0.545
360500,0.050,0.413,0.536
361000,0.050,0.390,0.560
361500,0.050,0.352,0.598
362000,0.051,0.306,0.643
362500,0.051,0.340,0.610
363000,0.050,0.291,0.659
363500,0.050,0.389,0.561
364000,0.050,0.448,0.502
364500,0.050,0.413,0.537
365000,0.050,0.416,0.533
365500,0.050,0.347,0.603
366000,0.050,0.386,0.565
366500,0.050,0.485,0.465
367000,0.050,0.396,0.554
367500,0.050,0.390,0.560
368000,0.050,0.414,0.535
368500,0.050,0.343,0.607
369000,0.053,0.324,0.623
369500,0.051,0.390,0.559
370000,0.051,0.325,0.624
370500,0.054,0.331,0.615
371000,0.050,0.325,0.625
371500,0.050,0.377,0.573
372000,0.050,0.436,0.513
372500,0.050,0.390,0.560
373000,0.050,0.335,0.615
373500,0.050,0.423,0.526
374000,0.050,0.375,0.575
374500,0.050,0.406,0.544
375000,0.050,0.405,0.545
375500,0.050,0.398,0.552
376000,0.050,0.448,0.502
376500,0.050,0.385,0.565
377000,0.050,0.380,0.570
377500,0.050,0.420,0.529
378000,0.050,0.450,0.500
378500,0.050,0.448,0.502
379000,0.050,0.388,0.562
379500,0.050,0.421,0.528
380000,0.050,0.388,0.562
380500,0.050,0.463,0.487
381000,0.050,0.377,0.573
381500,0.050,0.344,0.605
382000,0.050,0.344,0.606
382500,0.050,0.368,0.581
383000,0.050,0.338,0.612
383500,0.050,0.309,0.640
384000,0.050,0.320,0.630
384500,0.050,0.353,0.597
385000,0.051,0.424,0.526
385500,0.050,0.394,0.556
386000,0.050,0.365,0.585
386500,0.050,0.363,0.587
387000,0.050,0.426,0.524
387500,0.050,0.419,0.531
388000,0.050,0.448,0.502
388500,0.050,0.400,0.550
389000,0.050,0.365,0.585
389500,0.050,0.344,0.605
390000,0.050,0.328,0.622
390500,0.050,0.390,0.560
391000,0.050,0.446,0.504
391500,0.050,0.434,0.515
392000,0.050,0.504,0.446
392500,0.050,0.510,0.440
393000,0.050,0.418,0.531
393500,0.050,0.328,0.622
394000,0.050,0.355,0.595
394500,0.050,0.351,0.599
395000,0.050,0.422,0.527
395500,0.050,0.521,0.429
396000,0.050,0.411,0.539
396500,0.050,0.323,0.627
397000,0.050,0.353,0.597
397500,0.050,0.415,0.535
398000,0.050,0.451,0.499
398500,0.050,0.436,0.513
399000,0.050,0.360,0.590
399500,0.050,0.354,0.596
400000,0.050,0.370,0.579
400500,0.050,0.406,0.544
401000,0.050,0.386,0.564
401500,0.050,0.295,0.654
402000,0.050,0.382,0.568
402500,0.050,0.361,0.589
403000,0.050,0.385,0.565
403500,0.050,0.447,0.503
404000,0.050,0.435,0.514
404500,0.050,0.477,0.472
405000,0.050,0.391,0.559
405500,0.050,0.347,0.603
406000,0.050,0.451,0.499
406500,0.050,0.413,0.536
407000,0.050,0.367,0.583
407500,0.050,0.390,0.560
408000,0.050,0.363,0.587
408500,0.050,0.354,0.596
409000,0.050,0.383,0.567
409500,0.050,0.345,0.605
410000,0.050,0.373,0.577
410500,0.050,0.419,0.531
411000,0.050,0.443,0.507
411500,0.050,0.411,0.538
412000,0.052,0.371,0.577
412500,0.051,0.380,0.570
413000,0.050,0.387,0.563
413500,0.050,0.328,0.622
414000,0.050,0.348,0.602
414500,0.050,0.269,0.681
415000,0.050,0.411,0.539
415500,0.050,0.456,0.494
416000,0.050,0.456,0.494
416500,0.057,0.323,0.621
417000,0.051,0.351,0.599
417500,0.050,0.352,0.598
418000,0.050,0.442,0.508
418500,0.050,0.327,0.623
419000,0.050,0.366,0.583
419500,0.053,0.306,0.641
420000,0.050,0.357,0.593
420500,0.050,0.346,0.604
421000,0.050,0.366,0.584
421500,0.050,0.354,0.595
422000,0.050,0.391,0.559
422500,0.050,0.389,0.561
423000,0.050,0.392,0.558
423500,0.050,0.493,0.457
424000,0.050,0.413,0.537
424500,0.050,0.510,0.440
425000,0.050,0.422,0.527
425500,0.050,0.453,0.497
426000,0.050,0.391,0.559
426500,0.050,0.383,0.567
427000,0.050,0.374,0.575
427500,0.050,0.394,0.556
428000,0.053,0.299,0.647
428500,0.051,0.352,0.597
429000,0.050,0.388,0.562
429500,0.050,0.363,0.587
430000,0.050,0.341,0.609
430500,0.050,0.418,0.532
431000,0.050,0.354,0.595
431500,0.050,0.379,0.571
432000,0.051,0.406,0.542
432500,0.050,0.384,0.566
433000,0.050,0.401,0.549
433500,0.050,0.393,0.557
434000,0.050,0.424,0.526
434500,0.050,0.379,0.571
435000,0.050,0.400,0.550
435500,0.050,0.353,0.597
436000,0.050,0.500,0.450
436500,0.050,0.393,0.557
437000,0.050,0.481,0.468
437500,0.050,0.380,0.571
438000,0.050,0.390,0.560
438500,0.050,0.396,0.554
439000,0.050,0.381,0.569
439500,0.050,0.385,0.565
440000,0.051,0.387,0.563
440500,0.050,0.399,0.551
441000,0.050,0.396,0.554
441500,0.050,0.415,0.535
442000,0.050,0.376,0.575
442500,0.050,0.301,0.648
443000,0.050,0.331,0.619
443500,0.050,0.321,0.629
444000,0.052,0.319,0.629
444500,0.051,0.380,0.570
445000,0.050,0.438,0.512
445500,0.050,0.433,0.517
446000,0.050,0.381,0.569
446500,0.050,0.343,0.607
447000,0.056,0.339,0.605
447500,0.050,0.397,0.553
448000,0.050,0.347,0.603
448500,0.050,0.401,0.549
449000,0.050,0.359,0.591
449500,0.050,0.376,0.575
450000,0.058,0.378,0.565
450500,0.051,0.360,0.588
451000,0.050,0.367,0.583
451500,0.050,0.324,0.626
452000,0.050,0.397,0.553
452500,0.050,0.473,0.477
453000,0.057,0.366,0.578
453500,0.051,0.414,0.536
454000,0.050,0.402,0.548
454500,0.055,0.364,0.581
455000,0.051,0.318,0.631
455500,0.050,0.356,0.594
456000,0.050,0.388,0.562
456500,0.050,0.442,0.508
457000,0.050,0.372,0.577
457500,0.050,0.405,0.545
458000,0.050,0.351,0.599
458500,0.051,0.365,0.584
459000,0.050,0.471,0.479
459500,0.050,0.422,0.528
460000,0.050,0.413,0.536
460500,0.050,0.397,0.553
461000,0.050,0.426,0.523
461500,0.050,0.411,0.539
462000,0.050,0.386,0.565
462500,0.050,0.394,0.556
463000,0.050,0.372,0.578
463500,0.050,0.397,0.553
464000,0.050,0.346,0.603
464500,0.050,0.377,0.573
465000,0.050,0.389,0.561
465500,0.050,0.413,0.536
466000,0.050,0.368,0.581
466500,0.050,0.461,0.489
467000,0.050,0.328,0.622
467500,0.050,0.311,0.638
468000,0.050,0.367,0.583
468500,0.050,0.426,0.524
469000,0.050,0.369,0.581
469500,0.050,0.321,0.629
470000,0.050,0.354,0.595
470500,0.050,0.416,0.534
471000,0.050,0.414,0.535
471500,0.050,0.464,0.486
472000,0.050,0.420,0.530
472500,0.050,0.426,0.524
473000,0.050,0.447,0.503
473500,0.050,0.425,0.524
474000,0.050,0.404,0.546
474500,0.050,0.334,0.616
475000,0.050,0.410,0.539
475500,0.050,0.402,0.548
476000,0.050,0.351,0.599
476500,0.050,0.321,0.629
477000,0.059,0.271,0.670
477500,0.052,0.360,0.588
478000,0.050,0.314,0.636
478500,0.050,0.328,0.622
479000,0.050,0.430,0.520
479500,0.050,0.447,0.503
480000,0.050,0.393,0.557
480500,0.050,0.357,0.593
481000,0.050,0.363,0.587
481500,0.050,0.403,0.547
482000,0.050,0.449,0.501
482500,0.050,0.380,0.570
483000,0.050,0.443,0.507
483500,0.050,0.348,0.602
484000,0.050,0.340,0.610
484500,0.050,0.378,0.573
485000,0.050,0.414,0.535
485500,0.050,0.333,0.617
486000,0.050,0.450,0.500
486500,0.050,0.376,0.575
487000,0.050,0.392,0.558
487500,0.054,0.342,0.603
488000,0.050,0.342,0.608
488500,0.052,0.337,0.611
489000,0.051,0.399,0.551
489500,0.057,0.310,0.633
490000,0.052,0.325,0.623
490500,0.051,0.339,0.610
491000,0.050,0.321,0.629
491500,0.051,0.348,0.601
492000,0.050,0.362,0.588
492500,0.050,0.323,0.627
493000,0.050,0.344,0.606
493500,0.050,0.316,0.634
494000,0.057,0.246,0.696
494500,0.051,0.282,0.667
495000,0.050,0.337,0.613
495500,0.050,0.384,0.567
496000,0.050,0.418,0.531
496500,0.050,0.369,0.581
497000,0.050,0.384,0.566
497500,0.050,0.392,0.558
498000,0.050,0.462,0.488
498500,0.050,0.464,0.486
499000,0.050,0.390,0.560
499500,0.050,0.418,0.531
500000,0.050,0.348,0.601
500500,0.050,0.361,0.589
501000,0.050,0.453,0.497
501500,0.050,0.407,0.542
502000,0.050,0.431,0.519
502500,0.050,0.386,0.564
503000,0.050,0.348,0.601
503500,0.050,0.370,0.579
504000,0.050,0.382,0.568
504500,0.050,0.382,0.568
505000,0.050,0.371,0.579
505500,0.050,0.377,0.573
506000,0.050,0.393,0.557
506500,0.050,0.357,0.593
507000,0.050,0.399,0.551
507500,0.050,0.405,0.545
508000,0.050,0.368,0.581
508500,0.050,0.414,0.535
509000,0.050,0.429,0.521
509500,0.053,0.412,0.534
510000,0.050,0.412,0.537
510500,0.050,0.358,0.591
511000,0.050,0.404,0.546
511500,0.050,0.426,0.523
512000,0.050,0.442,0.508
512500,0.050,0.379,0.571
513000,0.050,0.331,0.619
513500,0.050,0.429,0.520
514000,0.050,0.399,0.551
514500,0.050,0.433,0.517
515000,0.050,0.424,0.526
515500,0.050,0.337,0.613
516000,0.050,0.407,0.543
516500,0.050,0.365,0.585
517000,0.050,0.444,0.506
517500,0.050,0.405,0.545
518000,0.050,0.440,0.510
518500,0.050,0.435,0.515
519000,0.050,0.455,0.495
519500,0.050,0.373,0.577
520000,0.050,0.433,0.517
520500,0.050,0.419,0.530
521000,0.050,0.396,0.554
521500,0.050,0.389,0.561
522000,0.050,0.386,0.565
522500,0.050,0.369,0.581
523000,0.050,0.371,0.579
523500,0.050,0.338,0.612
524000,0.050,0.423,0.527
524500,0.050,0.462,0.488
525000,0.050,0.426,0.523
525500,0.050,0.412,0.538
526000,0.050,0.403,0.547
526500,0.050,0.347,0.603
527000,0.050,0.307,0.643
527500,0.050,0.323,0.627
528000,0.050,0.368,0.582
528500,0.050,0.334,0.616
529000,0.051,0.404,0.544
529500,0.051,0.411,0.538
530000,0.050,0.384,0.566
530500,0.050,0.370,0.580
531000,0.050,0.334,0.616
531500,0.050,0.371,0.579
532000,0.050,0.402,0.548
532500,0.050,0.371,0.579
533000,0.050,0.425,0.525
533500,0.050,0.348,0.601
534000,0.050,0.397,0.553
534500,0.050,0.524,0.426
535000,0.050,0.502,0.448
535500,0.050,0.501,0.449
536000,0.050,0.413,0.536
536500,0.050,0.499,0.450
537000,0.050,0.415,0.535
537500,0.051,0.387,0.561
538000,0.051,0.304,0.645
538500,0.050,0.421,0.529
539000,0.050,0.342,0.608
539500,0.050,0.365,0.585
540000,0.050,0.422,0.527
540500,0.050,0.407,0.542
541000,0.050,0.389,0.561
541500,0.050,0.389,0.561
542000,0.050,0.437,0.513
542500,0.050,0.414,0.536
543000,0.050,0.420,0.530
543500,0.050,0.443,0.507
544000,0.050,0.405,0.545
544500,0.050,0.391,0.559
545000,0.050,0.325,0.625
545500,0.050,0.371,0.579
546000,0.050,0.396,0.554
546500,0.050,0.364,0.586
547000,0.050,0.367,0.583
547500,0.050,0.341,0.609
548000,0.050,0.422,0.527
548500,0.050,0.412,0.538
549000,0.050,0.406,0.543
549500,0.050,0.400,0.550
550000,0.050,0.474,0.475
550500,0.050,0.358,0.592
551000,0.050,0.382,0.568
551500,0.050,0.386,0.564
552000,0.050,0.330,0.620
552500,0.050,0.433,0.516
553000,0.050,0.370,0.579
553500,0.050,0.340,0.610
554000,0.050,0.437,0.513
554500,0.050,0.394,0.556
555000,0.050,0.353,0.597
555500,0.050,0.408,0.542
556000,0.050,0.406,0.544
556500,0.050,0.377,0.573
557000,0.050,0.378,0.573
557500,0.050,0.397,0.553
558000,0.050,0.436,0.513
558500,0.050,0.449,0.501
559000,0.050,0.482,0.467
559500,0.050,0.466,0.484
560000,0.050,0.365,0.585
560500,0.050,0.404,0.546
561000,0.050,0.383,0.567
561500,0.050,0.363,0.587
562000,0.050,0.400,0.550
562500,0.050,0.365,0.585
563000,0.050,0.403,0.547
563500,0.050,0.401,0.549
564000,0.050,0.387,0.563
564500,0.050,0.407,0.542
565000,0.050,0.424,0.526
565500,0.050,0.448,0.502
566000,0.050,0.388,0.562
566500,0.050,0.301,0.649
567000,0.050,0.387,0.563
567500,0.050,0.437,0.513
568000,0.052,0.306,0.641
568500,0.051,0.304,0.645
569000,0.051,0.379,0.571
569500,0.050,0.324,0.626
570000,0.050,0.360,0.589
570500,0.050,0.370,0.579
571000,0.050,0.378,0.572
571500,0.050,0.337,0.613
572000,0.050,0.348,0.602
572500,0.050,0.364,0.586
573000,0.050,0.371,0.579
573500,0.050,0.416,0.533
574000,0.050,0.342,0.608
574500,0.050,0.316,0.634
575000,0.050,0.351,0.599
575500,0.050,0.408,0.541
576000,0.050,0.433,0.517
576500,0.050,0.471,0.478
577000,0.050,0.352,0.598
577500,0.050,0.457,0.493
578000,0.050,0.426,0.524
578500,0.050,0.405,0.545
579000,0.050,0.420,0.529
579500,0.050,0.377,0.573
580000,0.050,0.376,0.575
580500,0.050,0.412,0.537
581000,0.050,0.344,0.606
581500,0.053,0.329,0.617
582000,0.050,0.354,0.595
582500,0.050,0.390,0.560
583000,0.050,0.443,0.507
583500,0.050,0.499,0.450
584000,0.050,0.450,0.500
584500,0.050,0.456,0.494
585000,0.050,0.452,0.498
585500,0.050,0.441,0.509
586000,0.050,0.474,0.475
586500,0.050,0.479,0.470
587000,0.050,0.511,0.439
587500,0.050,0.411,0.539
588000,0.050,0.370,0.580
588500,0.050,0.420,0.530
589000,0.050,0.379,0.571
589500,0.050,0.410,0.540
590000,0.052,0.416,0.532
590500,0.050,0.386,0.564
591000,0.050,0.407,0.542
591500,0.050,0.410,0.539
592000,0.050,0.386,0.565
592500,0.050,0.364,0.585
593000,0.050,0.332,0.618
593500,0.050,0.381,0.569
594000,0.050,0.376,0.574
594500,0.050,0.387,0.563
595000,0.050,0.364,0.585
595500,0.050,0.429,0.520
596000,0.050,0.390,0.560
596500,0.050,0.434,0.515
597000,0.050,0.388,0.562
597500,0.051,0.351,0.597
598000,0.050,0.368,0.582
598500,0.050,0.368,0.582
599000,0.050,0.475,0.475
599500,0.050,0.358,0.592
600000,0.053,0.338,0.609
600500,0.052,0.381,0.567
601000,0.050,0.346,0.603
601500,0.050,0.352,0.597
602000,0.050,0.414,0.536
602500,0.050,0.438,0.512
603000,0.050,0.395,0.555
603500,0.050,0.370,0.579
604000,0.057,0.352,0.591
604500,0.053,0.344,0.603
605000,0.050,0.382,0.569
605500,0.050,0.336,0.614
606000,0.051,0.375,0.574
606500,0.051,0.395,0.555
607000,0.051,0.339,0.611
607500,0.050,0.334,0.616
608000,0.051,0.432,0.517
608500,0.050,0.391,0.559
609000,0.050,0.350,0.599
609500,0.050,0.299,0.651
610000,0.050,0.372,0.578
610500,0.050,0.328,0.622
611000,0.055,0.314,0.631
611500,0.051,0.331,0.618
612000,0.050,0.331,0.619
612500,0.054,0.269,0.677
613000,0.055,0.282,0.662
613500,0.051,0.255,0.695
614000,0.054,0.350,0.595
614500,0.050,0.346,0.604
615000,0.056,0.337,0.607
615500,0.051,0.362,0.587
616000,0.050,0.398,0.552
616500,0.050,0.429,0.521
617000,0.050,0.363,0.587
617500,0.050,0.400,0.550
618000,0.050,0.316,0.634
618500,0.050,0.258,0.692
619000,0.050,0.373,0.577
619500,0.050,0.393,0.557
620000,0.050,0.348,0.601
620500,0.050,0.405,0.545
621000,0.050,0.372,0.578
621500,0.050,0.362,0.587
622000,0.050,0.420,0.529
622500,0.050,0.400,0.550
623000,0.050,0.334,0.616
623500,0.050,0.408,0.541
624000,0.050,0.387,0.563
624500,0.050,0.440,0.510
625000,0.050,0.386,0.564
625500,0.050,0.422,0.528
626000,0.050,0.462,0.488
626500,0.050,0.401,0.549
627000,0.050,0.403,0.547
627500,0.050,0.383,0.567
628000,0.050,0.325,0.625
628500,0.051,0.347,0.602
629000,0.050,0.359,0.591
629500,0.050,0.299,0.651
630000,0.050,0.304,0.646
630500,0.050,0.368,0.582
631000,0.051,0.460,0.489
631500,0.050,0.437,0.513
632000,0.050,0.444,0.506
632500,0.050,0.383,0.567
633000,0.050,0.372,0.577
633500,0.050,0.391,0.559
634000,0.050,0.347,0.603
634500,0.050,0.365,0.585
635000,0.050,0.352,0.597
635500,0.050,0.386,0.564
636000,0.050,0.363,0.587
636500,0.050,0.344,0.605
637000,0.050,0.450,0.500
637500,0.050,0.374,0.575
638000,0.050,0.421,0.528
638500,0.050,0.443,0.507
639000,0.050,0.285,0.664
639500,0.050,0.300,0.650
640000,0.057,0.302,0.640
640500,0.051,0.346,0.603
641000,0.051,0.373,0.576
641500,0.050,0.382,0.569
642000,0.050,0.394,0.556
642500,0.050,0.401,0.549
643000,0.050,0.407,0.543
643500,0.050,0.402,0.548
644000,0.050,0.447,0.503
644500,0.050,0.291,0.658
645000,0.050,0.396,0.554
645500,0.050,0.353,0.597
646000,0.050,0.387,0.563
646500,0.050,0.386,0.565
647000,0.050,0.500,0.450
647500,0.050,0.385,0.565
648000,0.050,0.376,0.575
648500,0.050,0.380,0.570
649000,0.050,0.448,0.502
649500,0.050,0.505,0.445
650000,0.050,0.381,0.569
650500,0.050,0.487,0.462
651000,0.050,0.458,0.492
651500,0.050,0.327,0.623
652000,0.050,0.365,0.585
652500,0.050,0.442,0.508
653000,0.050,0.450,0.500
653500,0.050,0.448,0.502
654000,0.051,0.344,0.606
654500,0.050,0.345,0.605
655000,0.050,0.322,0.628
655500,0.050,0.345,0.605
656000,0.050,0.421,0.528
656500,0.050,0.382,0.568
657000,0.050,0.344,0.606
657500,0.050,0.440,0.510
658000,0.050,0.442,0.508
658500,0.055,0.285,0.660
659000,0.051,0.390,0.559
659500,0.050,0.404,0.546
660000,0.050,0.457,0.493
660500,0.050,0.474,0.476
661000,0.050,0.361,0.589
661500,0.050,0.496,0.454
662000,0.050,0.498,0.452
662500,0.050,0.429,0.520
663000,0.050,0.421,0.528
663500,0.050,0.483,0.466
664000,0.050,0.425,0.525
664500,0.050,0.380,0.570
665000,0.050,0.392,0.558
665500,0.050,0.333,0.617
666000,0.050,0.288,0.662
666500,0.050,0.341,0.609
667000,0.050,0.412,0.537
667500,0.050,0.361,0.589
668000,0.050,0.320,0.630
668500,0.056,0.341,0.603
669000,0.051,0.388,0.561
669500,0.050,0.423,0.526
670000,0.050,0.490,0.459
670500,0.050,0.399,0.551
671000,0.050,0.429,0.521
671500,0.050,0.390,0.560
672000,0.050,0.508,0.442
672500,0.050,0.459,0.491
673000,0.050,0.473,0.477
673500,0.050,0.430,0.520
674000,0.050,0.395,0.555
674500,0.053,0.418,0.528
675000,0.050,0.397,0.553
675500,0.050,0.365,0.585
676000,0.050,0.408,0.542
676500,0.050,0.467,0.483
677000,0.050,0.407,0.543
677500,0.050,0.400,0.550
678000,0.050,0.346,0.603
678500,0.050,0.441,0.509
679000,0.050,0.422,0.527
679500,0.050,0.344,0.606
680000,0.050,0.365,0.585
680500,0.050,0.320,0.630
681000,0.053,0.301,0.646
681500,0.051,0.277,0.672
682000,0.057,0.279,0.665
682500,0.051,0.413,0.535
683000,0.050,0.377,0.573
683500,0.050,0.327,0.623
684000,0.050,0.291,0.659
684500,0.050,0.348,0.601
685000,0.050,0.408,0.542
685500,0.050,0.302,0.648
686000,0.050,0.464,0.486
686500,0.050,0.485,0.464
687000,0.050,0.482,0.468
687500,0.050,0.466,0.484
688000,0.050,0.396,0.554
688500,0.050,0.371,0.579
689000,0.050,0.349,0.601
689500,0.050,0.377,0.573
690000,0.050,0.423,0.526
690500,0.050,0.406,0.544
691000,0.050,0.455,0.495
691500,0.050,0.406,0.543
692000,0.050,0.417,0.532
692500,0.050,0.403,0.547
693000,0.050,0.402,0.548
693500,0.050,0.296,0.654
694000,0.050,0.363,0.587
694500,0.050,0.433,0.516
695000,0.050,0.371,0.579
695500,0.050,0.412,0.537
696000,0.050,0.379,0.571
696500,0.050,0.357,0.593
697000,0.050,0.433,0.517
697500,0.050,0.378,0.573
698000,0.050,0.397,0.553
698500,0.050,0.403,0.547
699000,0.050,0.365,0.585
699500,0.050,0.380,0.571
700000,0.050,0.419,0.531
700500,0.050,0.390,0.560
701000,0.050,0.445,0.505
701500,0.050,0.394,0.556
702000,0.050,0.425,0.524
702500,0.050,0.390,0.560
703000,0.050,0.416,0.533
703500,0.050,0.297,0.653
704000,0.051,0.299,0.650
704500,0.051,0.333,0.617
705000,0.050,0.415,0.535
705500,0.050,0.385,0.565
706000,0.050,0.440,0.510
706500,0.050,0.399,0.551
707000,0.050,0.440,0.510
707500,0.050,0.412,0.537
708000,0.050,0.450,0.500
708500,0.050,0.447,0.503
709000,0.050,0.328,0.622
709500,0.050,0.353,0.597
710000,0.050,0.356,0.593
710500,0.051,0.371,0.578
711000,0.050,0.343,0.607
711500,0.050,0.337,0.613
712000,0.050,0.286,0.663
712500,0.054,0.363,0.583
713000,0.051,0.393,0.557
713500,0.051,0.335,0.614
714000,0.051,0.381,0.569
714500,0.050,0.401,0.549
715000,0.050,0.404,0.546
715500,0.052,0.367,0.581
716000,0.050,0.415,0.535
716500,0.050,0.442,0.508
717000,0.050,0.424,0.525
717500,0.050,0.564,0.386
718000,0.050,0.411,0.538
718500,0.050,0.370,0.580
719000,0.050,0.299,0.651
719500,0.050,0.402,0.548
720000,0.050,0.423,0.527
720500,0.050,0.388,0.562
721000,0.050,0.410,0.540
721500,0.050,0.402,0.548
722000,0.050,0.380,0.571
722500,0.050,0.361,0.589
723000,0.050,0.364,0.585
723500,0.050,0.405,0.545
724000,0.050,0.377,0.573
724500,0.050,0.356,0.593
725000,0.050,0.290,0.659
725500,0.050,0.289,0.661
726000,0.051,0.317,0.632
726500,0.050,0.334,0.616
727000,0.051,0.371,0.578
727500,0.050,0.382,0.568
728000,0.058,0.351,0.591
728500,0.051,0.292,0.657
729000,0.050,0.425,0.524
729500,0.050,0.359,0.591
730000,0.050,0.416,0.533
730500,0.050,0.355,0.595
731000,0.050,0.357,0.593
731500,0.050,0.351,0.599
732000,0.050,0.434,0.515
732500,0.050,0.459,0.491
733000,0.050,0.414,0.536
733500,0.050,0.473,0.477
734000,0.050,0.430,0.520
734500,0.050,0.349,0.601
735000,0.050,0.438,0.512
735500,0.050,0.491,0.459
736000,0.050,0.395,0.555
736500,0.050,0.328,0.622
737000,0.050,0.355,0.595
737500,0.050,0.341,0.609
738000,0.050,0.333,0.617
738500,0.050,0.399,0.551
739000,0.050,0.383,0.567
739500,0.050,0.450,0.500
740000,0.050,0.466,0.484
740500,0.050,0.490,0.460
741000,0.050,0.450,0.500
741500,0.050,0.448,0.502
742000,0.050,0.479,0.470
742500,0.050,0.455,0.495
743000,0.050,0.402,0.548
743500,0.050,0.395,0.555
744000,0.050,0.438,0.512
744500,0.050,0.403,0.547
745000,0.050,0.421,0.528
745500,0.050,0.419,0.531
746000,0.050,0.384,0.566
746500,0.050,0.363,0.587
747000,0.050,0.423,0.527
747500,0.050,0.416,0.534
748000,0.050,0.366,0.583
748500,0.050,0.370,0.580
749000,0.050,0.480,0.469
749500,0.050,0.374,0.575
750000,0.050,0.411,0.538
750500,0.057,0.309,0.634
751000,0.051,0.376,0.574
751500,0.050,0.357,0.593
752000,0.050,0.356,0.594
752500,0.050,0.353,0.597
753000,0.052,0.304,0.643
753500,0.051,0.304,0.645
754000,0.050,0.414,0.535
754500,0.050,0.379,0.571
755000,0.050,0.340,0.610
755500,0.050,0.359,0.591
756000,0.050,0.372,0.577
756500,0.050,0.465,0.485
757000,0.050,0.444,0.506
757500,0.050,0.412,0.538
758000,0.050,0.421,0.529
758500,0.050,0.375,0.575
759000,0.050,0.484,0.466
759500,0.050,0.389,0.561
760000,0.058,0.322,0.620
760500,0.051,0.312,0.636
761000,0.050,0.394,0.556
761500,0.050,0.462,0.488
762000,0.050,0.421,0.529
762500,0.050,0.470,0.479
763000,0.050,0.331,0.619
763500,0.050,0.377,0.573
764000,0.050,0.383,0.567
764500,0.050,0.396,0.554
765000,0.050,0.327,0.623
765500,0.050,0.312,0.638
766000,0.050,0.320,0.630
766500,0.050,0.348,0.601
767000,0.050,0.342,0.608
767500,0.050,0.394,0.556
768000,0.050,0.417,0.533
768500,0.050,0.398,0.552
769000,0.050,0.354,0.596
769500,0.050,0.420,0.530
770000,0.050,0.467,0.483
770500,0.050,0.386,0.564
771000,0.050,0.370,0.579
771500,0.050,0.373,0.577
772000,0.050,0.362,0.588
772500,0.050,0.352,0.598
773000,0.050,0.344,0.605
773500,0.050,0.346,0.604
774000,0.052,0.360,0.587
774500,0.050,0.377,0.573
775000,0.050,0.339,0.611
775500,0.050,0.384,0.567
776000,0.050,0.380,0.571
776500,0.050,0.450,0.500
777000,0.050,0.302,0.648
777500,0.050,0.429,0.521
778000,0.050,0.396,0.554
778500,0.050,0.472,0.478
779000,0.050,0.443,0.507
779500,0.050,0.378,0.572
780000,0.050,0.415,0.534
780500,0.050,0.427,0.523
781000,0.050,0.434,0.515
781500,0.050,0.344,0.606
782000,0.050,0.305,0.645
782500,0.050,0.297,0.652
783000,0.050,0.389,0.561
783500,0.050,0.390,0.560
784000,0.050,0.344,0.606
784500,0.050,0.414,0.535
785000,0.050,0.454,0.496
785500,0.050,0.412,0.537
786000,0.050,0.379,0.571
786500,0.050,0.383,0.567
787000,0.050,0.306,0.643
787500,0.050,0.435,0.515
788000,0.050,0.415,0.534
788500,0.050,0.368,0.582
789000,0.050,0.376,0.574
789500,0.050,0.424,0.526
790000,0.056,0.312,0.632
790500,0.051,0.375,0.574
791000,0.051,0.385,0.565
791500,0.050,0.412,0.537
792000,0.050,0.473,0.476
792500,0.050,0.357,0.593
793000,0.050,0.378,0.573
793500,0.050,0.440,0.510
794000,0.050,0.450,0.500
794500,0.050,0.445,0.505
795000,0.050,0.450,0.500
795500,0.050,0.512,0.438
796000,0.050,0.452,0.498
796500,0.050,0.488,0.462
797000,0.050,0.388,0.562
797500,0.050,0.387,0.563
798000,0.050,0.389,0.561
798500,0.050,0.364,0.585
799000,0.050,0.401,0.549
799500,0.050,0.421,0.529
800000,0.050,0.406,0.543
800500,0.050,0.418,0.531
801000,0.050,0.349,0.601
801500,0.050,0.406,0.543
802000,0.050,0.454,0.496
802500,0.050,0.426,0.523
803000,0.050,0.381,0.569
803500,0.050,0.329,0.621
804000,0.050,0.379,0.571
804500,0.050,0.382,0.569
805000,0.050,0.345,0.605
805500,0.050,0.383,0.567
806000,0.050,0.397,0.553
806500,0.050,0.440,0.510
807000,0.050,0.472,0.477
807500,0.050,0.453,0.497
808000,0.050,0.447,0.503
808500,0.050,0.420,0.529
809000,0.050,0.483,0.467
809500,0.050,0.428,0.522
810000,0.050,0.486,0.464
810500,0.050,0.460,0.490
811000,0.050,0.441,0.509
811500,0.050,0.325,0.625
812000,0.050,0.344,0.605
812500,0.050,0.346,0.604
813000,0.050,0.416,0.534
813500,0.050,0.417,0.532
814000,0.050,0.435,0.515
814500,0.050,0.388,0.562
815000,0.050,0.437,0.513
815500,0.050,0.401,0.549
816000,0.050,0.383,0.567
816500,0.050,0.420,0.530
817000,0.050,0.398,0.552
817500,0.050,0.303,0.646
818000,0.050,0.397,0.553
818500,0.050,0.404,0.546
819000,0.050,0.390,0.560
819500,0.050,0.419,0.531
820000,0.050,0.355,0.595
820500,0.050,0.363,0.587
821000,0.050,0.332,0.618
821500,0.050,0.330,0.620
822000,0.050,0.348,0.602
822500,0.050,0.434,0.515
823000,0.050,0.388,0.562
823500,0.050,0.361,0.589
824000,0.050,0.358,0.592
824500,0.050,0.315,0.635
825000,0.050,0.342,0.608
825500,0.054,0.321,0.625
826000,0.050,0.406,0.544
826500,0.052,0.412,0.535
827000,0.050,0.451,0.499
827500,0.050,0.362,0.587
828000,0.050,0.349,0.601
828500,0.050,0.362,0.587
829000,0.050,0.397,0.553
829500,0.050,0.371,0.579
830000,0.050,0.380,0.570
830500,0.050,0.360,0.589
831000,0.050,0.402,0.548
831500,0.050,0.427,0.522
832000,0.050,0.335,0.615
832500,0.050,0.413,0.537
833000,0.050,0.372,0.578
833500,0.050,0.401,0.549
834000,0.050,0.401,0.549
834500,0.050,0.504,0.446
835000,0.050,0.387,0.563
835500,0.050,0.448,0.502
836000,0.050,0.444,0.506
836500,0.050,0.398,0.552
837000,0.050,0.473,0.476
837500,0.050,0.355,0.595
838000,0.050,0.388,0.562
838500,0.050,0.446,0.504
839000,0.050,0.323,0.627
839500,0.050,0.376,0.575
840000,0.050,0.404,0.546
840500,0.050,0.452,0.498
841000,0.050,0.461,0.489
841500,0.050,0.408,0.542
842000,0.053,0.407,0.539
842500,0.050,0.414,0.535
843000,0.050,0.423,0.527
843500,0.050,0.424,0.525
844000,0.050,0.385,0.565
844500,0.050,0.371,0.579
845000,0.050,0.359,0.591
845500,0.050,0.369,0.581
846000,0.050,0.463,0.487
846500,0.050,0.445,0.505
847000,0.050,0.338,0.612
847500,0.050,0.345,0.605
848000,0.050,0.412,0.537
848500,0.050,0.450,0.500
849000,0.050,0.338,0.612
849500,0.050,0.447,0.503
850000,0.050,0.440,0.510
850500,0.050,0.397,0.553
851000,0.050,0.348,0.602
851500,0.050,0.390,0.560
852000,0.050,0.457,0.493
852500,0.056,0.397,0.548
853000,0.050,0.418,0.531
853500,0.050,0.363,0.587
854000,0.051,0.293,0.655
854500,0.051,0.438,0.512
855000,0.050,0.456,0.494
855500,0.050,0.363,0.587
856000,0.050,0.392,0.558
856500,0.050,0.308,0.641
857000,0.050,0.443,0.507
857500,0.050,0.418,0.531
858000,0.050,0.505,0.445
858500,0.050,0.576,0.374
859000,0.050,0.428,0.521
859500,0.050,0.499,0.451
860000,0.050,0.452,0.498
860500,0.050,0.386,0.565
861000,0.050,0.465,0.485
861500,0.050,0.398,0.552
862000,0.050,0.418,0.532
862500,0.050,0.357,0.593
863000,0.057,0.379,0.565
863500,0.051,0.374,0.576
864000,0.050,0.411,0.539
864500,0.050,0.397,0.553
865000,0.050,0.419,0.531
865500,0.050,0.364,0.586
866000,0.050,0.401,0.549
866500,0.050,0.482,0.467
867000,0.050,0.373,0.577
867500,0.050,0.361,0.589
868000,0.050,0.358,0.591
868500,0.050,0.337,0.613
869000,0.050,0.385,0.565
869500,0.050,0.366,0.584
870000,0.050,0.396,0.554
870500,0.050,0.411,0.539
871000,0.050,0.465,0.485
871500,0.050,0.376,0.575
872000,0.050,0.364,0.585
872500,0.050,0.351,0.599
873000,0.050,0.411,0.539
873500,0.050,0.348,0.602
874000,0.050,0.362,0.588
874500,0.050,0.351,0.599
875000,0.050,0.303,0.646
875500,0.050,0.418,0.532
876000,0.050,0.436,0.513
876500,0.050,0.345,0.605
877000,0.050,0.391,0.559
877500,0.050,0.414,0.535
878000,0.050,0.428,0.521
878500,0.050,0.482,0.468
879000,0.050,0.369,0.581
879500,0.050,0.349,0.601
880000,0.050,0.344,0.606
880500,0.050,0.394,0.556
881000,0.050,0.337,0.613
881500,0.050,0.392,0.558
882000,0.050,0.401,0.549
882500,0.050,0.451,0.499
883000,0.050,0.401,0.549
883500,0.050,0.407,0.543
884000,0.050,0.382,0.569
884500,0.051,0.421,0.527
885000,0.050,0.400,0.550
885500,0.050,0.412,0.538
886000,0.050,0.374,0.575
886500,0.050,0.391,0.559
887000,0.050,0.367,0.583
887500,0.050,0.338,0.612
888000,0.050,0.351,0.599
888500,0.050,0.407,0.542
889000,0.050,0.435,0.515
889500,0.050,0.442,0.508
890000,0.050,0.433,0.517
890500,0.050,0.374,0.575
891000,0.050,0.384,0.567
891500,0.050,0.418,0.532
892000,0.050,0.409,0.540
892500,0.050,0.272,0.678
893000,0.050,0.345,0.605
893500,0.050,0.388,0.562
894000,0.050,0.372,0.578
894500,0.050,0.427,0.522
895000,0.050,0.457,0.493
895500,0.050,0.340,0.610
896000,0.051,0.285,0.663
896500,0.053,0.295,0.651
897000,0.051,0.354,0.595
897500,0.051,0.357,0.592
898000,0.050,0.350,0.599
898500,0.050,0.377,0.573
899000,0.050,0.394,0.556
899500,0.050,0.328,0.622
900000,0.050,0.338,0.612
900500,0.050,0.407,0.542
901000,0.050,0.350,0.600
901500,0.050,0.349,0.601
902000,0.050,0.380,0.570
902500,0.050,0.372,0.577
903000,0.050,0.410,0.540
903500,0.050,0.399,0.551
904000,0.050,0.379,0.571
904500,0.050,0.390,0.560
905000,0.050,0.373,0.577
905500,0.050,0.377,0.573
906000,0.050,0.399,0.551
906500,0.050,0.424,0.525
907000,0.050,0.482,0.468
907500,0.050,0.446,0.504
908000,0.050,0.420,0.530
908500,0.050,0.397,0.553
909000,0.050,0.436,0.514
909500,0.050,0.421,0.529
910000,0.050,0.350,0.599
910500,0.050,0.355,0.595
911000,0.050,0.336,0.614
911500,0.050,0.336,0.614
912000,0.050,0.334,0.616
912500,0.050,0.374,0.576
913000,0.050,0.366,0.583
913500,0.050,0.329,0.621
914000,0.050,0.348,0.602
914500,0.050,0.409,0.541
915000,0.050,0.436,0.514
915500,0.050,0.422,0.527
916000,0.050,0.420,0.529
916500,0.050,0.321,0.629
917000,0.050,0.252,0.698
917500,0.050,0.307,0.642
918000,0.050,0.356,0.593
918500,0.050,0.361,0.589
919000,0.050,0.329,0.621
919500,0.050,0.404,0.546
920000,0.050,0.325,0.625
920500,0.050,0.346,0.603
921000,0.050,0.399,0.551
921500,0.050,0.360,0.590
922000,0.050,0.344,0.606
922500,0.050,0.349,0.601
923000,0.050,0.373,0.577
923500,0.050,0.451,0.499
924000,0.050,0.421,0.529
924500,0.050,0.407,0.543
925000,0.050,0.349,0.601
925500,0.050,0.410,0.540
926000,0.052,0.437,0.511
926500,0.050,0.424,0.525
927000,0.050,0.444,0.506
927500,0.050,0.465,0.485
928000,0.050,0.500,0.450
928500,0.050,0.398,0.552
929000,0.052,0.358,0.589
929500,0.051,0.378,0.571
930000,0.050,0.453,0.497
930500,0.050,0.383,0.567
931000,0.050,0.361,0.589
931500,0.050,0.376,0.575
932000,0.050,0.403,0.547
932500,0.050,0.363,0.587
933000,0.050,0.377,0.573
933500,0.050,0.354,0.596
934000,0.050,0.338,0.612
934500,0.050,0.385,0.565
935000,0.050,0.390,0.560
935500,0.050,0.394,0.556
936000,0.050,0.387,0.563
936500,0.050,0.362,0.587
937000,0.050,0.387,0.563
937500,0.050,0.432,0.518
938000,0.050,0.391,0.559
938500,0.050,0.354,0.596
939000,0.050,0.348,0.602
939500,0.050,0.358,0.592
940000,0.050,0.413,0.537
940500,0.057,0.373,0.569
941000,0.050,0.396,0.554
941500,0.050,0.341,0.609
942000,0.051,0.305,0.644
942500,0.051,0.416,0.532
943000,0.050,0.456,0.494
943500,0.050,0.439,0.511
944000,0.050,0.487,0.462
944500,0.050,0.380,0.571
945000,0.050,0.538,0.411
945500,0.050,0.412,0.538
946000,0.050,0.339,0.611
946500,0.050,0.430,0.520
947000,0.050,0.390,0.560
947500,0.050,0.384,0.567
948000,0.050,0.385,0.565
948500,0.050,0.349,0.601
949000,0.050,0.441,0.509
949500,0.050,0.374,0.576
950000,0.050,0.372,0.577
950500,0.050,0.394,0.556
951000,0.050,0.403,0.547
951500,0.050,0.383,0.567
952000,0.050,0.395,0.555
952500,0.051,0.345,0.605
953000,0.050,0.416,0.534
953500,0.050,0.461,0.489
954000,0.050,0.440,0.510
954500,0.050,0.380,0.571
955000,0.053,0.298,0.648
955500,0.050,0.360,0.590
956000,0.054,0.320,0.625
956500,0.051,0.399,0.549
957000,0.050,0.294,0.655
957500,0.050,0.360,0.589
958000,0.050,0.434,0.515
958500,0.050,0.381,0.569
959000,0.050,0.320,0.630
959500,0.050,0.347,0.603
960000,0.050,0.471,0.479
960500,0.050,0.351,0.599
961000,0.050,0.406,0.543
961500,0.050,0.441,0.509
962000,0.050,0.380,0.571
962500,0.050,0.451,0.499
963000,0.053,0.283,0.663
963500,0.056,0.302,0.642
964000,0.051,0.371,0.579
964500,0.051,0.375,0.575
965000,0.050,0.438,0.512
965500,0.050,0.421,0.529
966000,0.050,0.369,0.581
966500,0.050,0.336,0.614
967000,0.050,0.419,0.530
967500,0.050,0.350,0.600
968000,0.050,0.410,0.539
968500,0.050,0.429,0.521
969000,0.050,0.414,0.535
969500,0.050,0.440,0.510
970000,0.050,0.333,0.617
970500,0.050,0.357,0.593
971000,0.050,0.343,0.607
971500,0.050,0.398,0.552
972000,0.050,0.417,0.532
972500,0.050,0.407,0.542
973000,0.050,0.373,0.577
973500,0.050,0.394,0.556
974000,0.050,0.396,0.554
974500,0.050,0.405,0.545
975000,0.050,0.327,0.623
975500,0.050,0.391,0.559
976000,0.050,0.350,0.599
976500,0.050,0.417,0.532
977000,0.050,0.431,0.518
977500,0.050,0.378,0.573
978000,0.050,0.363,0.587
978500,0.050,0.411,0.539
979000,0.050,0.367,0.583
979500,0.050,0.436,0.513
980000,0.050,0.382,0.569
980500,0.050,0.384,0.566
981000,0.050,0.378,0.572
981500,0.050,0.345,0.605
982000,0.050,0.408,0.542
982500,0.056,0.324,0.620
983000,0.050,0.399,0.551
983500,0.050,0.394,0.556
984000,0.050,0.354,0.595
984500,0.050,0.402,0.548
985000,0.051,0.425,0.524
985500,0.050,0.427,0.522
986000,0.050,0.387,0.563
986500,0.050,0.331,0.619
987000,0.051,0.422,0.527
987500,0.050,0.444,0.506
988000,0.050,0.386,0.565
988500,0.054,0.337,0.609
989000,0.051,0.413,0.536
989500,0.051,0.398,0.552
990000,0.050,0.337,0.613
990500,0.050,0.378,0.573
991000,0.050,0.343,0.607
991500,0.050,0.400,0.550
992000,0.050,0.367,0.583
992500,0.050,0.337,0.613
993000,0.050,0.381,0.569
993500,0.050,0.459,0.491
994000,0.050,0.426,0.523
994500,0.050,0.416,0.534
995000,0.050,0.427,0.522
995500,0.050,0.412,0.537
996000,0.050,0.450,0.500
996500,0.050,0.393,0.557
997000,0.050,0.419,0.530
997500,0.050,0.328,0.622
998000,0.054,0.354,0.591
998500,0.050,0.386,0.565
999000,0.050,0.356,0.593
999500,0.050,0.395,0.555
1000000,0.050,0.347,0.603
