time,n_A+p,n_B,n_AB
500,0.030,0.083,0.887
1000,0.057,0.047,0.896
1500,0.143,0.000,0.857
2000,0.067,0.013,0.920
2500,0.157,0.000,0.843
3000,0.036,0.020,0.944
3500,0.106,0.001,0.893
4000,0.075,0.017,0.908
4500,0.122,0.000,0.878
5000,0.099,0.000,0.901
5500,0.094,0.000,0.906
6000,0.141,0.000,0.859
6500,0.166,0.000,0.834
7000,0.133,0.000,0.867
7500,0.163,0.000,0.837
8000,0.149,0.000,0.851
8500,0.141,0.000,0.859
9000,0.102,0.011,0.887
9500,0.188,0.000,0.812
10000,0.097,0.000,0.903
10500,0.147,0.000,0.853
11000,0.119,0.000,0.881
11500,0.170,0.000,0.830
12000,0.202,0.000,0.798
12500,0.128,0.000,0.872
13000,0.139,0.008,0.853
13500,0.154,0.000,0.846
14000,0.165,0.000,0.835
14500,0.172,0.000,0.828
15000,0.255,0.000,0.745
15500,0.128,0.000,0.872
16000,0.115,0.000,0.885
16500,0.147,0.000,0.853
17000,0.107,0.001,0.892
17500,0.175,0.000,0.825
18000,0.136,0.000,0.864
18500,0.151,0.023,0.826
19000,0.099,0.001,0.900
19500,0.071,0.000,0.929
20000,0.166,0.000,0.834
20500,0.097,0.016,0.887
21000,0.173,0.000,0.827
21500,0.149,0.000,0.851
22000,0.170,0.000,0.830
22500,0.203,0.000,0.797
23000,0.081,0.019,0.900
23500,0.163,0.016,0.821
24000,0.205,0.000,0.795
24500,0.155,0.000,0.845
25000,0.294,0.000,0.706
25500,0.101,0.000,0.899
26000,0.111,0.005,0.884
26500,0.078,0.002,0.920
27000,0.097,0.000,0.903
27500,0.076,0.000,0.924
28000,0.171,0.000,0.829
28500,0.125,0.000,0.875
29000,0.236,0.000,0.764
29500,0.123,0.000,0.877
30000,0.198,0.000,0.802
30500,0.199,0.000,0.801
31000,0.237,0.000,0.763
31500,0.168,0.000,0.832
32000,0.055,0.073,0.872
32500,0.065,0.000,0.935
33000,0.146,0.000,0.854
33500,0.093,0.000,0.907
34000,0.163,0.000,0.837
34500,0.117,0.021,0.862
35000,0.135,0.000,0.865
35500,0.153,0.000,0.847
36000,0.104,0.000,0.896
36500,0.120,0.000,0.880
37000,0.136,0.000,0.864
37500,0.153,0.001,0.846
38000,0.172,0.000,0.828
38500,0.102,0.000,0.898
39000,0.091,0.000,0.909
39500,0.132,0.000,0.868
40000,0.166,0.000,0.834
40500,0.190,0.000,0.810
41000,0.174,0.000,0.826
41500,0.154,0.000,0.846
42000,0.180,0.008,0.812
42500,0.127,0.002,0.871
43000,0.166,0.000,0.834
43500,0.214,0.000,0.786
44000,0.158,0.000,0.842
44500,0.101,0.000,0.899
45000,0.177,0.000,0.823
45500,0.137,0.000,0.863
46000,0.123,0.000,0.877
46500,0.145,0.000,0.855
47000,0.163,0.000,0.837
47500,0.201,0.000,0.799
48000,0.194,0.000,0.806
48500,0.185,0.002,0.813
49000,0.137,0.001,0.862
49500,0.152,0.000,0.848
50000,0.221,0.000,0.779
50500,0.156,0.000,0.844
51000,0.158,0.000,0.842
51500,0.125,0.000,0.875
52000,0.114,0.002,0.884
52500,0.158,0.001,0.841
53000,0.108,0.000,0.892
53500,0.200,0.001,0.799
54000,0.112,0.000,0.888
54500,0.075,0.016,0.909
55000,0.111,0.001,0.888
55500,0.106,0.000,0.894
56000,0.138,0.000,0.862
56500,0.169,0.008,0.823
57000,0.144,0.000,0.856
57500,0.180,0.000,0.820
58000,0.233,0.000,0.767
58500,0.191,0.000,0.809
59000,0.142,0.000,0.858
59500,0.129,0.000,0.871
60000,0.199,0.000,0.801
60500,0.085,0.000,0.915
61000,0.152,0.000,0.848
61500,0.126,0.000,0.874
62000,0.138,0.000,0.862
62500,0.140,0.000,0.860
63000,0.110,0.006,0.884
63500,0.183,0.000,0.817
64000,0.134,0.000,0.866
64500,0.164,0.000,0.836
65000,0.148,0.000,0.852
65500,0.121,0.000,0.879
66000,0.213,0.000,0.787
66500,0.097,0.010,0.893
67000,0.106,0.011,0.883
67500,0.083,0.023,0.894
68000,0.093,0.032,0.875
68500,0.127,0.001,0.872
69000,0.140,0.000,0.860
69500,0.112,0.062,0.826
70000,0.186,0.000,0.814
70500,0.081,0.000,0.919
71000,0.110,0.004,0.886
71500,0.151,0.001,0.848
72000,0.121,0.001,0.878
72500,0.140,0.000,0.860
73000,0.182,0.000,0.818
73500,0.134,0.001,0.865
74000,0.094,0.011,0.895
74500,0.199,0.000,0.801
75000,0.150,0.000,0.850
75500,0.171,0.000,0.829
76000,0.162,0.000,0.838
76500,0.207,0.000,0.793
77000,0.098,0.017,0.885
77500,0.104,0.003,0.893
78000,0.166,0.000,0.834
78500,0.202,0.000,0.798
79000,0.097,0.000,0.903
79500,0.119,0.000,0.881
80000,0.120,0.000,0.880
80500,0.158,0.012,0.830
81000,0.107,0.000,0.893
81500,0.199,0.000,0.801
82000,0.132,0.000,0.868
82500,0.097,0.001,0.902
83000,0.182,0.000,0.818
83500,0.131,0.000,0.869
84000,0.160,0.000,0.840
84500,0.122,0.000,0.878
85000,0.157,0.000,0.843
85500,0.128,0.001,0.871
86000,0.187,0.000,0.813
86500,0.130,0.002,0.868
87000,0.165,0.000,0.835
87500,0.132,0.001,0.867
88000,0.114,0.000,0.886
88500,0.208,0.000,0.792
89000,0.163,0.000,0.837
89500,0.059,0.029,0.912
90000,0.166,0.000,0.834
90500,0.125,0.003,0.872
91000,0.096,0.000,0.904
91500,0.133,0.002,0.865
92000,0.132,0.011,0.857
92500,0.146,0.000,0.854
93000,0.155,0.000,0.845
93500,0.099,0.000,0.901
94000,0.226,0.002,0.772
94500,0.113,0.000,0.887
95000,0.156,0.000,0.844
95500,0.228,0.000,0.772
96000,0.180,0.004,0.816
96500,0.108,0.000,0.892
97000,0.161,0.003,0.836
97500,0.122,0.000,0.878
98000,0.271,0.000,0.729
98500,0.134,0.000,0.866
99000,0.162,0.000,0.838
99500,0.138,0.000,0.862
100000,0.213,0.000,0.787
100500,0.160,0.000,0.840
101000,0.132,0.000,0.868
101500,0.143,0.013,0.844
102000,0.138,0.014,0.848
102500,0.132,0.006,0.862
103000,0.173,0.000,0.827
103500,0.124,0.000,0.876
104000,0.150,0.000,0.850
104500,0.117,0.000,0.883
105000,0.097,0.009,0.894
105500,0.084,0.005,0.911
106000,0.193,0.000,0.807
106500,0.140,0.000,0.860
107000,0.083,0.000,0.917
107500,0.175,0.000,0.825
108000,0.229,0.000,0.771
108500,0.161,0.000,0.839
109000,0.177,0.000,0.823
109500,0.180,0.000,0.820
110000,0.190,0.000,0.810
110500,0.145,0.000,0.855
111000,0.291,0.000,0.709
111500,0.162,0.000,0.838
112000,0.044,0.062,0.894
112500,0.182,0.000,0.818
113000,0.183,0.000,0.817
113500,0.107,0.000,0.893
114000,0.285,0.000,0.715
114500,0.108,0.000,0.892
115000,0.154,0.000,0.846
115500,0.125,0.000,0.875
116000,0.146,0.003,0.851
116500,0.104,0.000,0.896
117000,0.175,0.000,0.825
117500,0.111,0.000,0.889
118000,0.111,0.000,0.889
118500,0.131,0.000,0.869
119000,0.084,0.044,0.872
119500,0.074,0.000,0.926
120000,0.093,0.000,0.907
120500,0.086,0.000,0.914
121000,0.128,0.016,0.856
121500,0.042,0.041,0.917
122000,0.160,0.000,0.840
122500,0.162,0.000,0.838
123000,0.123,0.000,0.877
123500,0.138,0.000,0.862
124000,0.104,0.003,0.893
124500,0.131,0.006,0.863
125000,0.194,0.000,0.806
125500,0.036,0.005,0.959
126000,0.089,0.009,0.902
126500,0.143,0.000,0.857
127000,0.171,0.000,0.829
127500,0.130,0.000,0.870
128000,0.118,0.000,0.882
128500,0.158,0.000,0.842
129000,0.164,0.000,0.836
129500,0.177,0.000,0.823
130000,0.151,0.000,0.849
130500,0.140,0.000,0.860
131000,0.156,0.000,0.844
131500,0.196,0.002,0.802
132000,0.153,0.000,0.847
132500,0.167,0.000,0.833
133000,0.097,0.000,0.903
133500,0.150,0.000,0.850
134000,0.033,0.064,0.903
134500,0.068,0.011,0.921
135000,0.110,0.000,0.890
135500,0.061,0.012,0.927
136000,0.070,0.008,0.922
136500,0.114,0.000,0.886
137000,0.124,0.011,0.865
137500,0.134,0.000,0.866
138000,0.169,0.000,0.831
138500,0.093,0.006,0.901
139000,0.241,0.000,0.759
139500,0.114,0.000,0.886
140000,0.188,0.000,0.812
140500,0.141,0.000,0.859
141000,0.107,0.000,0.893
141500,0.190,0.000,0.810
142000,0.163,0.000,0.837
142500,0.108,0.002,0.890
143000,0.194,0.000,0.806
143500,0.161,0.024,0.815
144000,0.131,0.023,0.846
144500,0.088,0.001,0.911
145000,0.107,0.013,0.880
145500,0.102,0.000,0.898
146000,0.140,0.000,0.860
146500,0.093,0.000,0.907
147000,0.176,0.000,0.824
147500,0.137,0.000,0.863
148000,0.214,0.001,0.785
148500,0.111,0.000,0.889
149000,0.140,0.027,0.833
149500,0.094,0.009,0.897
150000,0.118,0.022,0.860
150500,0.105,0.002,0.893
151000,0.175,0.000,0.825
151500,0.194,0.000,0.806
152000,0.314,0.000,0.686
152500,0.186,0.000,0.814
153000,0.225,0.000,0.775
153500,0.082,0.028,0.890
154000,0.175,0.000,0.825
154500,0.105,0.000,0.895
155000,0.148,0.000,0.852
155500,0.107,0.026,0.867
156000,0.131,0.001,0.868
156500,0.136,0.000,0.864
157000,0.204,0.004,0.792
157500,0.157,0.006,0.837
158000,0.216,0.000,0.784
158500,0.158,0.000,0.842
159000,0.178,0.000,0.822
159500,0.204,0.000,0.796
160000,0.171,0.000,0.829
160500,0.130,0.000,0.870
161000,0.161,0.000,0.839
161500,0.117,0.001,0.882
162000,0.194,0.000,0.806
162500,0.225,0.000,0.775
163000,0.147,0.000,0.853
163500,0.078,0.005,0.917
164000,0.082,0.008,0.910
164500,0.149,0.000,0.851
165000,0.081,0.013,0.906
165500,0.091,0.005,0.904
166000,0.162,0.002,0.836
166500,0.099,0.015,0.886
167000,0.154,0.000,0.846
167500,0.130,0.001,0.869
168000,0.146,0.000,0.854
168500,0.133,0.000,0.867
169000,0.138,0.000,0.862
169500,0.198,0.000,0.802
170000,0.162,0.000,0.838
170500,0.236,0.000,0.764
171000,0.125,0.001,0.874
171500,0.073,0.004,0.923
172000,0.166,0.000,0.834
172500,0.097,0.000,0.903
173000,0.155,0.005,0.840
173500,0.072,0.004,0.924
174000,0.094,0.000,0.906
174500,0.135,0.001,0.864
175000,0.165,0.000,0.835
175500,0.071,0.000,0.929
176000,0.092,0.001,0.907
176500,0.128,0.005,0.867
177000,0.188,0.000,0.812
177500,0.070,0.015,0.915
178000,0.078,0.023,0.899
178500,0.108,0.000,0.892
179000,0.243,0.000,0.757
179500,0.169,0.000,0.831
180000,0.205,0.000,0.795
180500,0.217,0.000,0.783
181000,0.077,0.003,0.920
181500,0.132,0.001,0.867
182000,0.231,0.000,0.769
182500,0.146,0.000,0.854
183000,0.202,0.000,0.798
183500,0.124,0.009,0.867
184000,0.153,0.000,0.847
184500,0.121,0.000,0.879
185000,0.111,0.000,0.889
185500,0.174,0.000,0.826
186000,0.099,0.000,0.901
186500,0.183,0.000,0.817
187000,0.107,0.001,0.892
187500,0.221,0.005,0.774
188000,0.169,0.000,0.831
188500,0.133,0.000,0.867
189000,0.142,0.026,0.832
189500,0.141,0.028,0.831
190000,0.089,0.004,0.907
190500,0.085,0.005,0.910
191000,0.069,0.000,0.931
191500,0.133,0.001,0.866
192000,0.070,0.002,0.928
192500,0.178,0.001,0.821
193000,0.122,0.000,0.878
193500,0.073,0.001,0.926
194000,0.183,0.000,0.817
194500,0.153,0.000,0.847
195000,0.105,0.000,0.895
195500,0.171,0.000,0.829
196000,0.196,0.000,0.804
196500,0.191,0.000,0.809
197000,0.144,0.000,0.856
197500,0.123,0.000,0.877
198000,0.190,0.000,0.810
198500,0.109,0.000,0.891
199000,0.189,0.000,0.811
199500,0.054,0.040,0.906
200000,0.115,0.000,0.885
200500,0.102,0.007,0.891
201000,0.176,0.004,0.820
201500,0.159,0.000,0.841
202000,0.088,0.012,0.900
202500,0.143,0.000,0.857
203000,0.078,0.027,0.895
203500,0.137,0.000,0.863
204000,0.114,0.000,0.886
204500,0.193,0.000,0.807
205000,0.264,0.000,0.736
205500,0.080,0.000,0.920
206000,0.237,0.001,0.762
206500,0.147,0.000,0.853
207000,0.109,0.000,0.891
207500,0.086,0.000,0.914
208000,0.113,0.000,0.887
208500,0.232,0.000,0.768
209000,0.239,0.000,0.761
209500,0.180,0.000,0.820
210000,0.114,0.000,0.886
210500,0.150,0.000,0.850
211000,0.154,0.000,0.846
211500,0.236,0.000,0.764
212000,0.091,0.000,0.909
212500,0.180,0.000,0.820
213000,0.152,0.000,0.848
213500,0.137,0.000,0.863
214000,0.125,0.007,0.868
214500,0.125,0.022,0.853
215000,0.157,0.000,0.843
215500,0.243,0.000,0.757
216000,0.152,0.000,0.848
216500,0.075,0.017,0.908
217000,0.182,0.000,0.818
217500,0.085,0.000,0.915
218000,0.052,0.026,0.922
218500,0.125,0.000,0.875
219000,0.132,0.000,0.868
219500,0.109,0.003,0.888
220000,0.183,0.000,0.817
220500,0.130,0.000,0.870
221000,0.218,0.000,0.782
221500,0.180,0.000,0.820
222000,0.132,0.000,0.868
222500,0.207,0.000,0.793
223000,0.152,0.000,0.848
223500,0.159,0.000,0.841
224000,0.183,0.000,0.817
224500,0.156,0.000,0.844
225000,0.109,0.013,0.878
225500,0.147,0.000,0.853
226000,0.147,0.004,0.849
226500,0.199,0.000,0.801
227000,0.134,0.003,0.863
227500,0.147,0.000,0.853
228000,0.140,0.000,0.860
228500,0.203,0.000,0.797
229000,0.104,0.016,0.880
229500,0.157,0.000,0.843
230000,0.225,0.000,0.775
230500,0.136,0.000,0.864
231000,0.182,0.000,0.818
231500,0.118,0.000,0.882
232000,0.102,0.000,0.898
232500,0.112,0.003,0.885
233000,0.111,0.000,0.889
233500,0.126,0.000,0.874
234000,0.163,0.000,0.837
234500,0.244,0.000,0.756
235000,0.169,0.000,0.831
235500,0.072,0.024,0.904
236000,0.187,0.000,0.813
236500,0.163,0.000,0.837
237000,0.170,0.000,0.830
237500,0.142,0.000,0.858
238000,0.117,0.000,0.883
238500,0.139,0.006,0.855
239000,0.086,0.000,0.914
239500,0.136,0.002,0.862
240000,0.104,0.000,0.896
240500,0.122,0.000,0.878
241000,0.088,0.001,0.911
241500,0.162,0.000,0.838
242000,0.153,0.000,0.847
242500,0.133,0.000,0.867
243000,0.192,0.000,0.808
243500,0.166,0.000,0.834
244000,0.162,0.000,0.838
244500,0.090,0.004,0.906
245000,0.127,0.000,0.873
245500,0.078,0.000,0.922
246000,0.193,0.000,0.807
246500,0.138,0.000,0.862
247000,0.108,0.026,0.866
247500,0.149,0.000,0.851
248000,0.170,0.000,0.830
248500,0.228,0.000,0.772
249000,0.178,0.018,0.804
249500,0.153,0.000,0.847
250000,0.114,0.014,0.872
250500,0.074,0.014,0.912
251000,0.113,0.000,0.887
251500,0.123,0.000,0.877
252000,0.105,0.003,0.892
252500,0.167,0.000,0.833
253000,0.146,0.015,0.839
253500,0.226,0.000,0.774
254000,0.190,0.000,0.810
254500,0.185,0.000,0.815
255000,0.133,0.000,0.867
255500,0.134,0.002,0.864
256000,0.075,0.002,0.923
256500,0.105,0.001,0.894
257000,0.107,0.000,0.893
257500,0.192,0.000,0.808
258000,0.147,0.011,0.842
258500,0.175,0.000,0.825
259000,0.109,0.000,0.891
259500,0.103,0.002,0.895
260000,0.098,0.000,0.902
260500,0.167,0.000,0.833
261000,0.207,0.001,0.792
261500,0.101,0.017,0.882
262000,0.174,0.000,0.826
262500,0.151,0.000,0.849
263000,0.149,0.000,0.851
263500,0.184,0.000,0.816
264000,0.138,0.019,0.843
264500,0.185,0.000,0.815
265000,0.167,0.000,0.833
265500,0.139,0.000,0.861
266000,0.121,0.009,0.870
266500,0.119,0.000,0.881
267000,0.067,0.000,0.933
267500,0.143,0.012,0.845
268000,0.155,0.000,0.845
268500,0.097,0.000,0.903
269000,0.204,0.008,0.788
269500,0.169,0.000,0.831
270000,0.124,0.000,0.876
270500,0.255,0.000,0.745
271000,0.148,0.000,0.852
271500,0.128,0.000,0.872
272000,0.171,0.000,0.829
272500,0.206,0.000,0.794
273000,0.150,0.000,0.850
273500,0.234,0.000,0.766
274000,0.119,0.000,0.881
274500,0.106,0.002,0.892
275000,0.241,0.000,0.759
275500,0.128,0.000,0.872
276000,0.152,0.000,0.848
276500,0.083,0.006,0.911
277000,0.136,0.000,0.864
277500,0.150,0.000,0.850
278000,0.099,0.000,0.901
278500,0.111,0.029,0.860
279000,0.171,0.000,0.829
279500,0.119,0.000,0.881
280000,0.128,0.000,0.872
280500,0.128,0.000,0.872
281000,0.079,0.010,0.911
281500,0.099,0.000,0.901
282000,0.233,0.000,0.767
282500,0.179,0.000,0.821
283000,0.267,0.000,0.733
283500,0.184,0.000,0.816
284000,0.122,0.025,0.853
284500,0.168,0.000,0.832
285000,0.095,0.008,0.897
285500,0.138,0.000,0.862
286000,0.180,0.000,0.820
286500,0.118,0.011,0.871
287000,0.105,0.000,0.895
287500,0.147,0.000,0.853
288000,0.144,0.000,0.856
288500,0.183,0.000,0.817
289000,0.148,0.000,0.852
289500,0.114,0.000,0.886
290000,0.139,0.000,0.861
290500,0.110,0.000,0.890
291000,0.094,0.000,0.906
291500,0.218,0.000,0.782
292000,0.075,0.003,0.922
292500,0.191,0.000,0.809
293000,0.160,0.000,0.840
293500,0.152,0.005,0.843
294000,0.148,0.000,0.852
294500,0.215,0.000,0.785
295000,0.173,0.000,0.827
295500,0.146,0.002,0.852
296000,0.147,0.000,0.853
296500,0.063,0.009,0.928
297000,0.112,0.000,0.888
297500,0.099,0.000,0.901
298000,0.108,0.000,0.892
298500,0.130,0.000,0.870
299000,0.180,0.000,0.820
299500,0.126,0.000,0.874
300000,0.246,0.003,0.751
300500,0.120,0.003,0.877
301000,0.160,0.000,0.840
301500,0.186,0.000,0.814
302000,0.089,0.025,0.886
302500,0.174,0.000,0.826
303000,0.240,0.000,0.760
303500,0.112,0.000,0.888
304000,0.170,0.000,0.830
304500,0.149,0.000,0.851
305000,0.209,0.000,0.791
305500,0.084,0.034,0.882
306000,0.199,0.000,0.801
306500,0.158,0.000,0.842
307000,0.140,0.001,0.859
307500,0.138,0.000,0.862
308000,0.208,0.000,0.792
308500,0.119,0.002,0.879
309000,0.172,0.000,0.828
309500,0.157,0.000,0.843
310000,0.178,0.000,0.822
310500,0.238,0.000,0.762
311000,0.174,0.001,0.825
311500,0.194,0.000,0.806
312000,0.110,0.000,0.890
312500,0.050,0.041,0.909
313000,0.152,0.001,0.847
313500,0.181,0.000,0.819
314000,0.150,0.004,0.846
314500,0.207,0.000,0.793
315000,0.202,0.000,0.798
315500,0.150,0.000,0.850
316000,0.155,0.000,0.845
316500,0.143,0.000,0.857
317000,0.110,0.000,0.890
317500,0.101,0.000,0.899
318000,0.192,0.000,0.808
318500,0.109,0.000,0.891
319000,0.133,0.009,0.858
319500,0.145,0.000,0.855
320000,0.127,0.021,0.852
320500,0.171,0.000,0.829
321000,0.123,0.000,0.877
321500,0.117,0.000,0.883
322000,0.159,0.002,0.839
322500,0.104,0.000,0.896
323000,0.107,0.010,0.883
323500,0.097,0.000,0.903
324000,0.200,0.000,0.800
324500,0.114,0.000,0.886
325000,0.115,0.008,0.877
325500,0.161,0.027,0.812
326000,0.156,0.000,0.844
326500,0.139,0.000,0.861
327000,0.168,0.000,0.832
327500,0.135,0.000,0.865
328000,0.182,0.000,0.818
328500,0.117,0.015,0.868
329000,0.141,0.000,0.859
329500,0.072,0.000,0.928
330000,0.164,0.000,0.836
330500,0.108,0.000,0.892
331000,0.198,0.000,0.802
331500,0.260,0.000,0.740
332000,0.190,0.000,0.810
332500,0.116,0.000,0.884
333000,0.060,0.050,0.890
333500,0.164,0.001,0.835
334000,0.244,0.000,0.756
334500,0.157,0.000,0.843
335000,0.144,0.000,0.856
335500,0.156,0.000,0.844
336000,0.119,0.000,0.881
336500,0.129,0.003,0.868
337000,0.095,0.000,0.905
337500,0.115,0.000,0.885
338000,0.143,0.000,0.857
338500,0.159,0.000,0.841
339000,0.145,0.013,0.842
339500,0.111,0.003,0.886
340000,0.122,0.000,0.878
340500,0.207,0.000,0.793
341000,0.144,0.001,0.855
341500,0.126,0.000,0.874
342000,0.175,0.000,0.825
342500,0.072,0.003,0.925
343000,0.125,0.000,0.875
343500,0.249,0.000,0.751
344000,0.059,0.000,0.941
344500,0.121,0.000,0.879
345000,0.200,0.000,0.800
345500,0.201,0.000,0.799
346000,0.228,0.000,0.772
346500,0.112,0.000,0.888
347000,0.121,0.000,0.879
347500,0.099,0.021,0.880
348000,0.156,0.000,0.844
348500,0.164,0.000,0.836
349000,0.166,0.000,0.834
349500,0.230,0.000,0.770
350000,0.051,0.024,0.925
350500,0.109,0.037,0.854
351000,0.123,0.000,0.877
351500,0.152,0.000,0.848
352000,0.148,0.000,0.852
352500,0.132,0.000,0.868
353000,0.133,0.005,0.862
353500,0.134,0.000,0.866
354000,0.137,0.000,0.863
354500,0.207,0.000,0.793
355000,0.204,0.000,0.796
355500,0.148,0.000,0.852
356000,0.189,0.000,0.811
356500,0.231,0.000,0.769
357000,0.209,0.000,0.791
357500,0.141,0.003,0.856
358000,0.089,0.000,0.911
358500,0.190,0.000,0.810
359000,0.056,0.002,0.942
359500,0.185,0.000,0.815
360000,0.130,0.004,0.866
360500,0.209,0.000,0.791
361000,0.118,0.001,0.881
361500,0.213,0.000,0.787
362000,0.113,0.005,0.882
362500,0.165,0.000,0.835
363000,0.254,0.000,0.746
363500,0.137,0.000,0.863
364000,0.143,0.001,0.856
364500,0.144,0.000,0.856
365000,0.145,0.000,0.855
365500,0.116,0.015,0.869
366000,0.127,0.000,0.873
366500,0.209,0.000,0.791
367000,0.255,0.000,0.745
367500,0.127,0.000,0.873
368000,0.134,0.000,0.866
368500,0.208,0.000,0.792
369000,0.105,0.008,0.887
369500,0.127,0.000,0.873
370000,0.140,0.001,0.859
370500,0.182,0.000,0.818
371000,0.134,0.000,0.866
371500,0.158,0.000,0.842
372000,0.152,0.002,0.846
372500,0.132,0.002,0.866
373000,0.237,0.000,0.763
373500,0.108,0.001,0.891
374000,0.172,0.003,0.825
374500,0.164,0.001,0.835
375000,0.128,0.000,0.872
375500,0.160,0.000,0.840
376000,0.175,0.000,0.825
376500,0.226,0.000,0.774
377000,0.157,0.000,0.843
377500,0.122,0.000,0.878
378000,0.181,0.005,0.814
378500,0.171,0.000,0.829
379000,0.104,0.000,0.896
379500,0.065,0.017,0.918
380000,0.216,0.000,0.784
380500,0.143,0.000,0.857
381000,0.147,0.011,0.842
381500,0.124,0.000,0.876
382000,0.127,0.000,0.873
382500,0.093,0.017,0.890
383000,0.145,0.000,0.855
383500,0.149,0.000,0.851
384000,0.124,0.005,0.871
384500,0.219,0.000,0.781
385000,0.137,0.017,0.846
385500,0.089,0.000,0.911
386000,0.153,0.000,0.847
386500,0.148,0.006,0.846
387000,0.194,0.000,0.806
387500,0.157,0.000,0.843
388000,0.313,0.000,0.687
388500,0.105,0.000,0.895
389000,0.160,0.000,0.840
389500,0.155,0.000,0.845
390000,0.145,0.000,0.855
390500,0.131,0.000,0.869
391000,0.171,0.000,0.829
391500,0.078,0.050,0.872
392000,0.118,0.009,0.873
392500,0.174,0.000,0.826
393000,0.104,0.000,0.896
393500,0.077,0.044,0.879
394000,0.057,0.054,0.889
394500,0.102,0.003,0.895
395000,0.207,0.000,0.793
395500,0.078,0.003,0.919
396000,0.216,0.000,0.784
396500,0.150,0.000,0.850
397000,0.114,0.003,0.883
397500,0.119,0.000,0.881
398000,0.162,0.000,0.838
398500,0.171,0.001,0.828
399000,0.117,0.000,0.883
399500,0.133,0.000,0.867
400000,0.149,0.013,0.838
400500,0.142,0.000,0.858
401000,0.125,0.000,0.875
401500,0.214,0.000,0.786
402000,0.140,0.000,0.860
402500,0.117,0.026,0.857
403000,0.111,0.021,0.868
403500,0.239,0.000,0.761
404000,0.095,0.000,0.905
404500,0.164,0.001,0.835
405000,0.117,0.004,0.879
405500,0.144,0.023,0.833
406000,0.201,0.000,0.799
406500,0.132,0.000,0.868
407000,0.105,0.000,0.895
407500,0.134,0.000,0.866
408000,0.126,0.002,0.872
408500,0.139,0.000,0.861
409000,0.134,0.000,0.866
409500,0.267,0.000,0.733
410000,0.203,0.000,0.797
410500,0.112,0.000,0.888
411000,0.085,0.004,0.911
411500,0.158,0.000,0.842
412000,0.202,0.000,0.798
412500,0.215,0.000,0.785
413000,0.119,0.012,0.869
413500,0.119,0.000,0.881
414000,0.124,0.000,0.876
414500,0.149,0.000,0.851
415000,0.170,0.000,0.830
415500,0.070,0.000,0.930
416000,0.103,0.005,0.892
416500,0.114,0.000,0.886
417000,0.199,0.000,0.801
417500,0.224,0.000,0.776
418000,0.085,0.020,0.895
418500,0.199,0.000,0.801
419000,0.163,0.000,0.837
419500,0.207,0.000,0.793
420000,0.173,0.000,0.827
420500,0.124,0.000,0.876
421000,0.178,0.000,0.822
421500,0.178,0.000,0.822
422000,0.161,0.000,0.839
422500,0.187,0.000,0.813
423000,0.115,0.007,0.878
423500,0.084,0.005,0.911
424000,0.151,0.001,0.848
424500,0.084,0.015,0.901
425000,0.171,0.019,0.810
425500,0.133,0.000,0.867
426000,0.187,0.000,0.813
426500,0.134,0.000,0.866
427000,0.219,0.000,0.781
427500,0.137,0.000,0.863
428000,0.244,0.000,0.756
428500,0.082,0.000,0.918
429000,0.143,0.000,0.857
429500,0.082,0.030,0.888
430000,0.068,0.007,0.925
430500,0.133,0.000,0.867
431000,0.233,0.001,0.766
431500,0.146,0.000,0.854
432000,0.108,0.000,0.892
432500,0.184,0.000,0.816
433000,0.168,0.000,0.832
433500,0.105,0.003,0.892
434000,0.176,0.008,0.816
434500,0.150,0.001,0.849
435000,0.206,0.000,0.794
435500,0.150,0.000,0.850
436000,0.057,0.017,0.926
436500,0.140,0.021,0.839
437000,0.188,0.000,0.812
437500,0.185,0.000,0.815
438000,0.196,0.000,0.804
438500,0.235,0.000,0.765
439000,0.124,0.000,0.876
439500,0.199,0.000,0.801
440000,0.160,0.000,0.840
440500,0.175,0.004,0.821
441000,0.247,0.000,0.753
441500,0.146,0.000,0.854
442000,0.120,0.000,0.880
442500,0.176,0.000,0.824
443000,0.218,0.000,0.782
443500,0.163,0.000,0.837
444000,0.084,0.000,0.916
444500,0.251,0.000,0.749
445000,0.147,0.000,0.853
445500,0.163,0.000,0.837
446000,0.186,0.000,0.814
446500,0.169,0.000,0.831
447000,0.215,0.000,0.785
447500,0.190,0.000,0.810
448000,0.146,0.000,0.854
448500,0.085,0.015,0.900
449000,0.152,0.000,0.848
449500,0.241,0.001,0.758
450000,0.114,0.000,0.886
450500,0.140,0.000,0.860
451000,0.086,0.002,0.912
451500,0.117,0.000,0.883
452000,0.090,0.024,0.886
452500,0.154,0.000,0.846
453000,0.158,0.001,0.841
453500,0.157,0.000,0.843
454000,0.116,0.026,0.858
454500,0.075,0.000,0.925
455000,0.113,0.004,0.883
455500,0.109,0.000,0.891
456000,0.151,0.000,0.849
456500,0.238,0.000,0.762
457000,0.111,0.000,0.889
457500,0.113,0.000,0.887
458000,0.111,0.000,0.889
458500,0.083,0.001,0.916
459000,0.113,0.001,0.886
459500,0.087,0.024,0.889
460000,0.177,0.000,0.823
460500,0.133,0.000,0.867
461000,0.110,0.020,0.870
461500,0.073,0.019,0.908
462000,0.160,0.000,0.840
462500,0.084,0.007,0.909
463000,0.163,0.000,0.837
463500,0.101,0.000,0.899
464000,0.076,0.015,0.909
464500,0.139,0.000,0.861
465000,0.240,0.000,0.760
465500,0.179,0.000,0.821
466000,0.184,0.000,0.816
466500,0.207,0.000,0.793
467000,0.169,0.000,0.831
467500,0.124,0.020,0.856
468000,0.139,0.001,0.860
468500,0.063,0.024,0.913
469000,0.079,0.038,0.883
469500,0.169,0.000,0.831
470000,0.130,0.000,0.870
470500,0.117,0.000,0.883
471000,0.128,0.000,0.872
471500,0.238,0.000,0.762
472000,0.156,0.007,0.837
472500,0.231,0.000,0.769
473000,0.105,0.000,0.895
473500,0.134,0.000,0.866
474000,0.114,0.008,0.878
474500,0.167,0.000,0.833
475000,0.176,0.000,0.824
475500,0.176,0.000,0.824
476000,0.228,0.000,0.772
476500,0.179,0.000,0.821
477000,0.104,0.016,0.880
477500,0.122,0.000,0.878
478000,0.170,0.000,0.830
478500,0.134,0.001,0.865
479000,0.166,0.001,0.833
479500,0.089,0.015,0.896
480000,0.110,0.008,0.882
480500,0.143,0.008,0.849
481000,0.121,0.000,0.879
481500,0.119,0.003,0.878
482000,0.225,0.000,0.775
482500,0.122,0.000,0.878
483000,0.156,0.000,0.844
483500,0.124,0.016,0.860
484000,0.105,0.000,0.895
484500,0.172,0.000,0.828
485000,0.037,0.029,0.934
485500,0.088,0.003,0.909
486000,0.105,0.001,0.894
486500,0.168,0.005,0.827
487000,0.172,0.022,0.806
487500,0.132,0.002,0.866
488000,0.165,0.003,0.832
488500,0.118,0.000,0.882
489000,0.114,0.000,0.886
489500,0.202,0.000,0.798
490000,0.165,0.000,0.835
490500,0.106,0.000,0.894
491000,0.204,0.000,0.796
491500,0.120,0.000,0.880
492000,0.198,0.000,0.802
492500,0.114,0.000,0.886
493000,0.091,0.018,0.891
493500,0.138,0.000,0.862
494000,0.113,0.028,0.859
494500,0.169,0.001,0.830
495000,0.141,0.000,0.859
495500,0.185,0.000,0.815
496000,0.219,0.000,0.781
496500,0.159,0.000,0.841
497000,0.165,0.000,0.835
497500,0.166,0.003,0.831
498000,0.139,0.000,0.861
498500,0.139,0.000,0.861
499000,0.178,0.000,0.822
499500,0.131,0.002,0.867
500000,0.157,0.000,0.843
500500,0.245,0.000,0.755
501000,0.165,0.000,0.835
501500,0.108,0.000,0.892
502000,0.157,0.008,0.835
502500,0.087,0.019,0.894
503000,0.119,0.029,0.852
503500,0.088,0.026,0.886
504000,0.144,0.000,0.856
504500,0.134,0.000,0.866
505000,0.064,0.000,0.936
505500,0.150,0.003,0.847
506000,0.103,0.018,0.879
506500,0.166,0.022,0.812
507000,0.123,0.023,0.854
507500,0.075,0.000,0.925
508000,0.107,0.031,0.862
508500,0.188,0.000,0.812
509000,0.138,0.000,0.862
509500,0.072,0.033,0.895
510000,0.108,0.007,0.885
510500,0.216,0.000,0.784
511000,0.103,0.000,0.897
511500,0.137,0.002,0.861
512000,0.210,0.000,0.790
512500,0.093,0.011,0.896
513000,0.184,0.000,0.816
513500,0.151,0.000,0.849
514000,0.188,0.000,0.812
514500,0.152,0.000,0.848
515000,0.137,0.000,0.863
515500,0.137,0.001,0.862
516000,0.116,0.013,0.871
516500,0.144,0.000,0.856
517000,0.086,0.033,0.881
517500,0.118,0.001,0.881
518000,0.072,0.000,0.928
518500,0.138,0.000,0.862
519000,0.080,0.000,0.920
519500,0.160,0.000,0.840
520000,0.166,0.000,0.834
520500,0.143,0.001,0.856
521000,0.123,0.000,0.877
521500,0.200,0.000,0.800
522000,0.127,0.006,0.867
522500,0.101,0.001,0.898
523000,0.095,0.000,0.905
523500,0.117,0.000,0.883
524000,0.099,0.000,0.901
524500,0.210,0.000,0.790
525000,0.057,0.029,0.914
525500,0.155,0.001,0.844
526000,0.158,0.000,0.842
526500,0.248,0.000,0.752
527000,0.206,0.001,0.793
527500,0.105,0.000,0.895
528000,0.037,0.037,0.926
528500,0.199,0.000,0.801
529000,0.150,0.000,0.850
529500,0.185,0.000,0.815
530000,0.093,0.000,0.907
530500,0.174,0.000,0.826
531000,0.051,0.030,0.919
531500,0.167,0.000,0.833
532000,0.170,0.000,0.830
532500,0.136,0.025,0.839
533000,0.121,0.000,0.879
533500,0.093,0.011,0.896
534000,0.188,0.000,0.812
534500,0.074,0.008,0.918
535000,0.109,0.005,0.886
535500,0.129,0.019,0.852
536000,0.090,0.000,0.910
536500,0.111,0.004,0.885
537000,0.166,0.000,0.834
537500,0.155,0.000,0.845
538000,0.135,0.001,0.864
538500,0.170,0.007,0.823
539000,0.118,0.023,0.859
539500,0.047,0.033,0.920
540000,0.084,0.004,0.912
540500,0.132,0.000,0.868
541000,0.101,0.000,0.899
541500,0.098,0.003,0.899
542000,0.171,0.000,0.829
542500,0.156,0.003,0.841
543000,0.139,0.051,0.810
543500,0.215,0.000,0.785
544000,0.157,0.000,0.843
544500,0.224,0.000,0.776
545000,0.142,0.000,0.858
545500,0.074,0.013,0.913
546000,0.058,0.000,0.942
546500,0.166,0.000,0.834
547000,0.107,0.000,0.893
547500,0.096,0.000,0.904
548000,0.134,0.000,0.866
548500,0.167,0.000,0.833
549000,0.133,0.000,0.867
549500,0.228,0.000,0.772
550000,0.105,0.000,0.895
550500,0.097,0.005,0.898
551000,0.109,0.000,0.891
551500,0.151,0.000,0.849
552000,0.190,0.000,0.810
552500,0.204,0.000,0.796
553000,0.177,0.000,0.823
553500,0.108,0.013,0.879
554000,0.129,0.002,0.869
554500,0.148,0.000,0.852
555000,0.140,0.000,0.860
555500,0.155,0.000,0.845
556000,0.058,0.024,0.918
556500,0.190,0.000,0.810
557000,0.168,0.000,0.832
557500,0.134,0.000,0.866
558000,0.116,0.003,0.881
558500,0.050,0.024,0.926
559000,0.162,0.000,0.838
559500,0.159,0.000,0.841
560000,0.262,0.000,0.738
560500,0.271,0.000,0.729
561000,0.075,0.000,0.925
561500,0.207,0.000,0.793
562000,0.098,0.014,0.888
562500,0.131,0.000,0.869
563000,0.146,0.000,0.854
563500,0.161,0.000,0.839
564000,0.063,0.000,0.937
564500,0.179,0.000,0.821
565000,0.187,0.000,0.813
565500,0.244,0.000,0.756
566000,0.175,0.002,0.823
566500,0.198,0.000,0.802
567000,0.147,0.000,0.853
567500,0.176,0.000,0.824
568000,0.173,0.001,0.826
568500,0.135,0.000,0.865
569000,0.072,0.014,0.914
569500,0.160,0.022,0.818
570000,0.170,0.018,0.812
570500,0.120,0.001,0.879
571000,0.120,0.021,0.859
571500,0.150,0.000,0.850
572000,0.186,0.000,0.814
572500,0.110,0.000,0.890
573000,0.146,0.000,0.854
573500,0.174,0.000,0.826
574000,0.130,0.000,0.870
574500,0.350,0.000,0.650
575000,0.174,0.000,0.826
575500,0.104,0.006,0.890
576000,0.066,0.003,0.931
576500,0.105,0.013,0.882
577000,0.088,0.000,0.912
577500,0.204,0.000,0.796
578000,0.180,0.003,0.817
578500,0.216,0.000,0.784
579000,0.146,0.000,0.854
579500,0.122,0.016,0.862
580000,0.156,0.000,0.844
580500,0.106,0.000,0.894
581000,0.124,0.000,0.876
581500,0.130,0.000,0.870
582000,0.161,0.000,0.839
582500,0.138,0.000,0.862
583000,0.064,0.009,0.927
583500,0.099,0.024,0.877
584000,0.097,0.002,0.901
584500,0.115,0.000,0.885
585000,0.157,0.000,0.843
585500,0.110,0.000,0.890
586000,0.157,0.000,0.843
586500,0.158,0.026,0.816
587000,0.198,0.000,0.802
587500,0.084,0.005,0.911
588000,0.147,0.000,0.853
588500,0.164,0.000,0.836
589000,0.172,0.001,0.827
589500,0.120,0.000,0.880
590000,0.047,0.030,0.923
590500,0.083,0.007,0.910
591000,0.172,0.000,0.828
591500,0.076,0.020,0.904
592000,0.057,0.021,0.922
592500,0.144,0.000,0.856
593000,0.135,0.000,0.865
593500,0.135,0.000,0.865
594000,0.132,0.000,0.868
594500,0.194,0.000,0.806
595000,0.114,0.000,0.886
595500,0.104,0.000,0.896
596000,0.104,0.006,0.890
596500,0.085,0.001,0.914
597000,0.160,0.003,0.837
597500,0.221,0.000,0.779
598000,0.142,0.000,0.858
598500,0.196,0.000,0.804
599000,0.169,0.000,0.831
599500,0.153,0.000,0.847
600000,0.126,0.002,0.872
600500,0.152,0.000,0.848
601000,0.183,0.000,0.817
601500,0.143,0.000,0.857
602000,0.238,0.001,0.761
602500,0.200,0.000,0.800
603000,0.238,0.000,0.762
603500,0.143,0.000,0.857
604000,0.102,0.000,0.898
604500,0.173,0.000,0.827
605000,0.138,0.000,0.862
605500,0.245,0.000,0.755
606000,0.139,0.000,0.861
606500,0.177,0.000,0.823
607000,0.140,0.000,0.860
607500,0.136,0.002,0.862
608000,0.161,0.000,0.839
608500,0.162,0.000,0.838
609000,0.226,0.000,0.774
609500,0.113,0.017,0.870
610000,0.135,0.000,0.865
610500,0.142,0.000,0.858
611000,0.120,0.000,0.880
611500,0.101,0.002,0.897
612000,0.209,0.000,0.791
612500,0.184,0.000,0.816
613000,0.107,0.018,0.875
613500,0.072,0.028,0.900
614000,0.186,0.000,0.814
614500,0.106,0.023,0.871
615000,0.183,0.000,0.817
615500,0.285,0.000,0.715
616000,0.134,0.000,0.866
616500,0.158,0.000,0.842
617000,0.120,0.000,0.880
617500,0.111,0.000,0.889
618000,0.125,0.000,0.875
618500,0.082,0.000,0.918
619000,0.093,0.000,0.907
619500,0.169,0.002,0.829
620000,0.150,0.000,0.850
620500,0.077,0.004,0.919
621000,0.112,0.010,0.878
621500,0.208,0.000,0.792
622000,0.113,0.026,0.861
622500,0.142,0.000,0.858
623000,0.176,0.000,0.824
623500,0.049,0.013,0.938
624000,0.098,0.002,0.900
624500,0.134,0.000,0.866
625000,0.155,0.000,0.845
625500,0.144,0.000,0.856
626000,0.180,0.000,0.820
626500,0.111,0.000,0.889
627000,0.162,0.004,0.834
627500,0.194,0.000,0.806
628000,0.145,0.000,0.855
628500,0.182,0.000,0.818
629000,0.135,0.020,0.845
629500,0.214,0.000,0.786
630000,0.143,0.000,0.857
630500,0.159,0.000,0.841
631000,0.116,0.000,0.884
631500,0.174,0.000,0.826
632000,0.230,0.000,0.770
632500,0.160,0.000,0.840
633000,0.082,0.009,0.909
633500,0.126,0.000,0.874
634000,0.110,0.012,0.878
634500,0.105,0.001,0.894
635000,0.132,0.000,0.868
635500,0.199,0.000,0.801
636000,0.173,0.000,0.827
636500,0.039,0.016,0.945
637000,0.113,0.005,0.882
637500,0.043,0.044,0.913
638000,0.123,0.000,0.877
638500,0.118,0.000,0.882
639000,0.148,0.000,0.852
639500,0.079,0.002,0.919
640000,0.182,0.010,0.808
640500,0.168,0.000,0.832
641000,0.127,0.011,0.862
641500,0.167,0.000,0.833
642000,0.146,0.000,0.854
642500,0.173,0.000,0.827
643000,0.128,0.000,0.872
643500,0.188,0.000,0.812
644000,0.160,0.000,0.840
644500,0.234,0.001,0.765
645000,0.084,0.018,0.898
645500,0.071,0.011,0.918
646000,0.146,0.000,0.854
646500,0.068,0.037,0.895
647000,0.102,0.014,0.884
647500,0.151,0.000,0.849
648000,0.082,0.004,0.914
648500,0.123,0.000,0.877
649000,0.207,0.000,0.793
649500,0.200,0.000,0.800
650000,0.122,0.002,0.876
650500,0.112,0.000,0.888
651000,0.059,0.030,0.911
651500,0.060,0.010,0.930
652000,0.062,0.000,0.938
652500,0.114,0.012,0.874
653000,0.148,0.000,0.852
653500,0.100,0.000,0.900
654000,0.097,0.040,0.863
654500,0.113,0.000,0.887
655000,0.092,0.008,0.900
655500,0.323,0.000,0.677
656000,0.143,0.000,0.857
656500,0.136,0.000,0.864
657000,0.126,0.000,0.874
657500,0.178,0.000,0.822
658000,0.191,0.000,0.809
658500,0.117,0.000,0.883
659000,0.236,0.000,0.764
659500,0.107,0.000,0.893
660000,0.268,0.000,0.732
660500,0.227,0.000,0.773
661000,0.121,0.000,0.879
661500,0.132,0.013,0.855
662000,0.194,0.000,0.806
662500,0.185,0.000,0.815
663000,0.160,0.000,0.840
663500,0.147,0.000,0.853
664000,0.114,0.000,0.886
664500,0.154,0.000,0.846
665000,0.093,0.000,0.907
665500,0.083,0.000,0.917
666000,0.207,0.000,0.793
666500,0.091,0.005,0.904
667000,0.122,0.000,0.878
667500,0.138,0.000,0.862
668000,0.126,0.006,0.868
668500,0.100,0.000,0.900
669000,0.109,0.000,0.891
669500,0.153,0.001,0.846
670000,0.140,0.000,0.860
670500,0.159,0.018,0.823
671000,0.143,0.004,0.853
671500,0.077,0.000,0.923
672000,0.182,0.000,0.818
672500,0.040,0.021,0.939
673000,0.176,0.000,0.824
673500,0.189,0.000,0.811
674000,0.065,0.011,0.924
674500,0.118,0.000,0.882
675000,0.197,0.000,0.803
675500,0.157,0.000,0.843
676000,0.149,0.001,0.850
676500,0.137,0.000,0.863
677000,0.138,0.001,0.861
677500,0.220,0.000,0.780
678000,0.116,0.000,0.884
678500,0.069,0.017,0.914
679000,0.166,0.001,0.833
679500,0.066,0.004,0.930
680000,0.101,0.015,0.884
680500,0.099,0.000,0.901
681000,0.091,0.002,0.907
681500,0.155,0.000,0.845
682000,0.121,0.000,0.879
682500,0.097,0.000,0.903
683000,0.176,0.000,0.824
683500,0.120,0.000,0.880
684000,0.096,0.000,0.904
684500,0.169,0.000,0.831
685000,0.205,0.000,0.795
685500,0.068,0.014,0.918
686000,0.085,0.013,0.902
686500,0.119,0.001,0.880
687000,0.174,0.000,0.826
687500,0.205,0.000,0.795
688000,0.143,0.000,0.857
688500,0.114,0.009,0.877
689000,0.132,0.001,0.867
689500,0.138,0.000,0.862
690000,0.227,0.000,0.773
690500,0.154,0.000,0.846
691000,0.155,0.000,0.845
691500,0.087,0.016,0.897
692000,0.122,0.000,0.878
692500,0.108,0.002,0.890
693000,0.178,0.000,0.822
693500,0.087,0.011,0.902
694000,0.203,0.000,0.797
694500,0.266,0.000,0.734
695000,0.220,0.000,0.780
695500,0.149,0.000,0.851
696000,0.226,0.000,0.774
696500,0.113,0.000,0.887
697000,0.165,0.000,0.835
697500,0.116,0.004,0.880
698000,0.167,0.000,0.833
698500,0.158,0.000,0.842
699000,0.234,0.000,0.766
699500,0.233,0.000,0.767
700000,0.142,0.000,0.858
700500,0.158,0.000,0.842
701000,0.168,0.000,0.832
701500,0.140,0.000,0.860
702000,0.162,0.000,0.838
702500,0.167,0.000,0.833
703000,0.111,0.000,0.889
703500,0.173,0.000,0.827
704000,0.145,0.000,0.855
704500,0.202,0.000,0.798
705000,0.164,0.000,0.836
705500,0.133,0.000,0.867
706000,0.105,0.001,0.894
706500,0.181,0.000,0.819
707000,0.166,0.000,0.834
707500,0.184,0.001,0.815
708000,0.144,0.000,0.856
708500,0.222,0.002,0.776
709000,0.109,0.001,0.890
709500,0.107,0.014,0.879
710000,0.153,0.000,0.847
710500,0.167,0.000,0.833
711000,0.074,0.018,0.908
711500,0.115,0.000,0.885
712000,0.154,0.000,0.846
712500,0.073,0.001,0.926
713000,0.142,0.000,0.858
713500,0.130,0.011,0.859
714000,0.161,0.000,0.839
714500,0.206,0.000,0.794
715000,0.254,0.000,0.746
715500,0.150,0.000,0.850
716000,0.188,0.000,0.812
716500,0.119,0.000,0.881
717000,0.176,0.000,0.824
717500,0.182,0.000,0.818
718000,0.205,0.000,0.795
718500,0.160,0.000,0.840
719000,0.217,0.002,0.781
719500,0.096,0.000,0.904
720000,0.049,0.053,0.898
720500,0.119,0.000,0.881
721000,0.107,0.000,0.893
721500,0.086,0.014,0.900
722000,0.154,0.000,0.846
722500,0.124,0.001,0.875
723000,0.334,0.000,0.666
723500,0.154,0.000,0.846
724000,0.159,0.000,0.841
724500,0.143,0.000,0.857
725000,0.187,0.000,0.813
725500,0.157,0.000,0.843
726000,0.094,0.000,0.906
726500,0.114,0.023,0.863
727000,0.167,0.000,0.833
727500,0.092,0.000,0.908
728000,0.060,0.000,0.940
728500,0.128,0.007,0.865
729000,0.133,0.000,0.867
729500,0.169,0.025,0.806
730000,0.109,0.006,0.885
730500,0.076,0.019,0.905
731000,0.089,0.000,0.911
731500,0.157,0.000,0.843
732000,0.040,0.029,0.931
732500,0.239,0.000,0.761
733000,0.172,0.000,0.828
733500,0.191,0.000,0.809
734000,0.131,0.000,0.869
734500,0.148,0.018,0.834
735000,0.094,0.019,0.887
735500,0.116,0.000,0.884
736000,0.080,0.018,0.902
736500,0.099,0.023,0.878
737000,0.186,0.000,0.814
737500,0.193,0.000,0.807
738000,0.069,0.029,0.902
738500,0.192,0.000,0.808
739000,0.127,0.000,0.873
739500,0.123,0.007,0.870
740000,0.146,0.000,0.854
740500,0.152,0.000,0.848
741000,0.107,0.000,0.893
741500,0.081,0.002,0.917
742000,0.122,0.000,0.878
742500,0.163,0.009,0.828
743000,0.228,0.000,0.772
743500,0.209,0.000,0.791
744000,0.133,0.000,0.867
744500,0.122,0.000,0.878
745000,0.134,0.002,0.864
745500,0.066,0.001,0.933
746000,0.154,0.000,0.846
746500,0.105,0.000,0.895
747000,0.133,0.000,0.867
747500,0.055,0.045,0.900
748000,0.103,0.005,0.892
748500,0.070,0.012,0.918
749000,0.140,0.004,0.856
749500,0.194,0.000,0.806
750000,0.222,0.000,0.778
750500,0.146,0.000,0.854
751000,0.079,0.000,0.921
751500,0.163,0.000,0.837
752000,0.177,0.000,0.823
752500,0.126,0.014,0.860
753000,0.103,0.013,0.884
753500,0.098,0.026,0.876
754000,0.113,0.000,0.887
754500,0.155,0.000,0.845
755000,0.171,0.000,0.829
755500,0.221,0.000,0.779
756000,0.094,0.017,0.889
756500,0.149,0.000,0.851
757000,0.210,0.003,0.787
757500,0.069,0.008,0.923
758000,0.189,0.000,0.811
758500,0.200,0.000,0.800
759000,0.154,0.000,0.846
759500,0.129,0.000,0.871
760000,0.165,0.000,0.835
760500,0.175,0.000,0.825
761000,0.184,0.000,0.816
761500,0.127,0.000,0.873
762000,0.086,0.026,0.888
762500,0.128,0.000,0.872
763000,0.112,0.000,0.888
763500,0.129,0.001,0.870
764000,0.093,0.000,0.907
764500,0.148,0.000,0.852
765000,0.147,0.000,0.853
765500,0.129,0.000,0.871
766000,0.103,0.000,0.897
766500,0.115,0.002,0.883
767000,0.177,0.000,0.823
767500,0.192,0.001,0.807
768000,0.166,0.009,0.825
768500,0.130,0.000,0.870
769000,0.183,0.000,0.817
769500,0.215,0.002,0.783
770000,0.104,0.000,0.896
770500,0.205,0.000,0.795
771000,0.163,0.000,0.837
771500,0.174,0.000,0.826
772000,0.181,0.000,0.819
772500,0.116,0.000,0.884
773000,0.116,0.002,0.882
773500,0.168,0.000,0.832
774000,0.152,0.000,0.848
774500,0.104,0.024,0.872
775000,0.197,0.000,0.803
775500,0.150,0.000,0.850
776000,0.161,0.001,0.838
776500,0.103,0.000,0.897
777000,0.269,0.000,0.731
777500,0.187,0.000,0.813
778000,0.170,0.000,0.830
778500,0.110,0.006,0.884
779000,0.253,0.000,0.747
779500,0.169,0.000,0.831
780000,0.122,0.022,0.856
780500,0.076,0.001,0.923
781000,0.117,0.003,0.880
781500,0.064,0.010,0.926
782000,0.121,0.001,0.878
782500,0.092,0.000,0.908
783000,0.240,0.000,0.760
783500,0.118,0.000,0.882
784000,0.096,0.000,0.904
784500,0.202,0.000,0.798
785000,0.169,0.000,0.831
785500,0.133,0.000,0.867
786000,0.153,0.026,0.821
786500,0.146,0.000,0.854
787000,0.117,0.000,0.883
787500,0.130,0.000,0.870
788000,0.205,0.000,0.795
788500,0.135,0.000,0.865
789000,0.159,0.000,0.841
789500,0.095,0.014,0.891
790000,0.095,0.000,0.905
790500,0.150,0.000,0.850
791000,0.091,0.002,0.907
791500,0.161,0.023,0.816
792000,0.182,0.000,0.818
792500,0.074,0.018,0.908
793000,0.169,0.000,0.831
793500,0.181,0.003,0.816
794000,0.179,0.000,0.821
794500,0.177,0.000,0.823
795000,0.123,0.013,0.864
795500,0.155,0.000,0.845
796000,0.151,0.000,0.849
796500,0.095,0.019,0.886
797000,0.122,0.007,0.871
797500,0.106,0.004,0.890
798000,0.183,0.000,0.817
798500,0.191,0.002,0.807
799000,0.259,0.000,0.741
799500,0.181,0.000,0.819
800000,0.155,0.000,0.845
800500,0.123,0.000,0.877
801000,0.092,0.010,0.898
801500,0.177,0.000,0.823
802000,0.163,0.000,0.837
802500,0.210,0.000,0.790
803000,0.216,0.000,0.784
803500,0.129,0.001,0.870
804000,0.097,0.003,0.900
804500,0.154,0.000,0.846
805000,0.094,0.028,0.878
805500,0.147,0.000,0.853
806000,0.080,0.023,0.897
806500,0.117,0.000,0.883
807000,0.130,0.000,0.870
807500,0.218,0.000,0.782
808000,0.111,0.000,0.889
808500,0.191,0.000,0.809
809000,0.125,0.000,0.875
809500,0.174,0.000,0.826
810000,0.120,0.021,0.859
810500,0.119,0.000,0.881
811000,0.248,0.000,0.752
811500,0.177,0.000,0.823
812000,0.177,0.000,0.823
812500,0.149,0.000,0.851
813000,0.117,0.014,0.869
813500,0.132,0.001,0.867
814000,0.095,0.001,0.904
814500,0.153,0.011,0.836
815000,0.085,0.000,0.915
815500,0.137,0.000,0.863
816000,0.095,0.000,0.905
816500,0.156,0.000,0.844
817000,0.095,0.000,0.905
817500,0.105,0.010,0.885
818000,0.177,0.007,0.816
818500,0.108,0.000,0.892
819000,0.079,0.039,0.882
819500,0.158,0.000,0.842
820000,0.208,0.000,0.792
820500,0.166,0.000,0.834
821000,0.104,0.000,0.896
821500,0.101,0.001,0.898
822000,0.123,0.000,0.877
822500,0.069,0.022,0.909
823000,0.111,0.014,0.875
823500,0.118,0.000,0.882
824000,0.168,0.000,0.832
824500,0.173,0.018,0.809
825000,0.191,0.000,0.809
825500,0.124,0.000,0.876
826000,0.090,0.033,0.877
826500,0.172,0.000,0.828
827000,0.144,0.000,0.856
827500,0.111,0.000,0.889
828000,0.117,0.000,0.883
828500,0.160,0.000,0.840
829000,0.161,0.001,0.838
829500,0.092,0.020,0.888
830000,0.193,0.000,0.807
830500,0.156,0.013,0.831
831000,0.099,0.000,0.901
831500,0.150,0.000,0.850
832000,0.137,0.000,0.863
832500,0.095,0.000,0.905
833000,0.070,0.025,0.905
833500,0.156,0.000,0.844
834000,0.150,0.002,0.848
834500,0.091,0.009,0.900
835000,0.124,0.000,0.876
835500,0.161,0.000,0.839
836000,0.123,0.000,0.877
836500,0.117,0.019,0.864
837000,0.062,0.028,0.910
837500,0.167,0.000,0.833
838000,0.136,0.000,0.864
838500,0.136,0.019,0.845
839000,0.115,0.000,0.885
839500,0.228,0.000,0.772
840000,0.150,0.004,0.846
840500,0.232,0.000,0.768
841000,0.072,0.002,0.926
841500,0.169,0.003,0.828
842000,0.139,0.000,0.861
842500,0.150,0.000,0.850
843000,0.101,0.001,0.898
843500,0.093,0.019,0.888
844000,0.155,0.000,0.845
844500,0.065,0.031,0.904
845000,0.079,0.000,0.921
845500,0.106,0.000,0.894
846000,0.093,0.000,0.907
846500,0.051,0.016,0.933
847000,0.071,0.007,0.922
847500,0.130,0.003,0.867
848000,0.176,0.000,0.824
848500,0.146,0.000,0.854
849000,0.105,0.000,0.895
849500,0.122,0.006,0.872
850000,0.107,0.000,0.893
850500,0.099,0.000,0.901
851000,0.139,0.000,0.861
851500,0.118,0.006,0.876
852000,0.066,0.061,0.873
852500,0.156,0.000,0.844
853000,0.082,0.017,0.901
853500,0.093,0.000,0.907
854000,0.211,0.000,0.789
854500,0.169,0.000,0.831
855000,0.157,0.026,0.817
855500,0.211,0.000,0.789
856000,0.102,0.000,0.898
856500,0.200,0.000,0.800
857000,0.150,0.023,0.827
857500,0.151,0.000,0.849
858000,0.101,0.000,0.899
858500,0.195,0.000,0.805
859000,0.111,0.000,0.889
859500,0.123,0.006,0.871
860000,0.137,0.000,0.863
860500,0.161,0.000,0.839
861000,0.136,0.000,0.864
861500,0.121,0.000,0.879
862000,0.085,0.006,0.909
862500,0.068,0.004,0.928
863000,0.097,0.000,0.903
863500,0.153,0.000,0.847
864000,0.145,0.000,0.855
864500,0.149,0.000,0.851
865000,0.125,0.024,0.851
865500,0.159,0.001,0.840
866000,0.119,0.000,0.881
866500,0.115,0.010,0.875
867000,0.240,0.000,0.760
867500,0.130,0.000,0.870
868000,0.035,0.048,0.917
868500,0.121,0.000,0.879
869000,0.134,0.000,0.866
869500,0.092,0.000,0.908
870000,0.135,0.000,0.865
870500,0.101,0.007,0.892
871000,0.131,0.000,0.869
871500,0.119,0.000,0.881
872000,0.102,0.000,0.898
872500,0.192,0.000,0.808
873000,0.116,0.000,0.884
873500,0.067,0.021,0.912
874000,0.064,0.018,0.918
874500,0.233,0.000,0.767
875000,0.194,0.000,0.806
875500,0.126,0.000,0.874
876000,0.049,0.005,0.946
876500,0.089,0.018,0.893
877000,0.244,0.000,0.756
877500,0.155,0.000,0.845
878000,0.142,0.000,0.858
878500,0.120,0.000,0.880
879000,0.225,0.000,0.775
879500,0.125,0.000,0.875
880000,0.128,0.004,0.868
880500,0.106,0.000,0.894
881000,0.160,0.000,0.840
881500,0.166,0.000,0.834
882000,0.122,0.000,0.878
882500,0.197,0.000,0.803
883000,0.142,0.000,0.858
883500,0.169,0.000,0.831
884000,0.161,0.003,0.836
884500,0.166,0.000,0.834
885000,0.120,0.000,0.880
885500,0.098,0.007,0.895
886000,0.116,0.000,0.884
886500,0.133,0.000,0.867
887000,0.169,0.000,0.831
887500,0.168,0.000,0.832
888000,0.158,0.000,0.842
888500,0.094,0.000,0.906
889000,0.159,0.000,0.841
889500,0.217,0.000,0.783
890000,0.177,0.000,0.823
890500,0.163,0.000,0.837
891000,0.137,0.000,0.863
891500,0.109,0.000,0.891
892000,0.176,0.012,0.812
892500,0.182,0.000,0.818
893000,0.176,0.000,0.824
893500,0.221,0.000,0.779
894000,0.123,0.007,0.870
894500,0.178,0.000,0.822
895000,0.136,0.000,0.864
895500,0.205,0.000,0.795
896000,0.218,0.000,0.782
896500,0.169,0.000,0.831
897000,0.141,0.000,0.859
897500,0.093,0.006,0.901
898000,0.133,0.000,0.867
898500,0.180,0.000,0.820
899000,0.197,0.000,0.803
899500,0.204,0.000,0.796
900000,0.153,0.000,0.847
900500,0.150,0.000,0.850
901000,0.053,0.009,0.938
901500,0.107,0.000,0.893
902000,0.156,0.000,0.844
902500,0.197,0.000,0.803
903000,0.120,0.001,0.879
903500,0.125,0.000,0.875
904000,0.153,0.003,0.844
904500,0.121,0.000,0.879
905000,0.073,0.000,0.927
905500,0.184,0.000,0.816
906000,0.165,0.000,0.835
906500,0.115,0.000,0.885
907000,0.053,0.033,0.914
907500,0.103,0.003,0.894
908000,0.180,0.000,0.820
908500,0.147,0.000,0.853
909000,0.149,0.006,0.845
909500,0.154,0.000,0.846
910000,0.176,0.000,0.824
910500,0.141,0.000,0.859
911000,0.230,0.000,0.770
911500,0.134,0.000,0.866
912000,0.114,0.000,0.886
912500,0.067,0.006,0.927
913000,0.136,0.000,0.864
913500,0.190,0.000,0.810
914000,0.215,0.000,0.785
914500,0.204,0.000,0.796
915000,0.082,0.012,0.906
915500,0.155,0.000,0.845
916000,0.194,0.000,0.806
916500,0.153,0.001,0.846
917000,0.125,0.000,0.875
917500,0.103,0.000,0.897
918000,0.119,0.000,0.881
918500,0.112,0.000,0.888
919000,0.183,0.002,0.815
919500,0.173,0.000,0.827
920000,0.244,0.000,0.756
920500,0.133,0.000,0.867
921000,0.156,0.000,0.844
921500,0.139,0.002,0.859
922000,0.070,0.000,0.930
922500,0.151,0.000,0.849
923000,0.137,0.000,0.863
923500,0.252,0.000,0.748
924000,0.137,0.000,0.863
924500,0.208,0.000,0.792
925000,0.292,0.000,0.708
925500,0.167,0.000,0.833
926000,0.094,0.003,0.903
926500,0.161,0.000,0.839
927000,0.098,0.000,0.902
927500,0.138,0.000,0.862
928000,0.158,0.000,0.842
928500,0.125,0.000,0.875
929000,0.154,0.000,0.846
929500,0.073,0.057,0.870
930000,0.079,0.019,0.902
930500,0.069,0.024,0.907
931000,0.164,0.000,0.836
931500,0.178,0.000,0.822
932000,0.146,0.000,0.854
932500,0.121,0.000,0.879
933000,0.183,0.000,0.817
933500,0.070,0.000,0.930
934000,0.136,0.038,0.826
934500,0.100,0.000,0.900
935000,0.152,0.000,0.848
935500,0.150,0.000,0.850
936000,0.105,0.004,0.891
936500,0.166,0.000,0.834
937000,0.122,0.012,0.866
937500,0.263,0.000,0.737
938000,0.122,0.009,0.869
938500,0.048,0.033,0.919
939000,0.211,0.000,0.789
939500,0.117,0.000,0.883
940000,0.119,0.000,0.881
940500,0.122,0.005,0.873
941000,0.082,0.003,0.915
941500,0.164,0.000,0.836
942000,0.101,0.000,0.899
942500,0.090,0.000,0.910
943000,0.178,0.000,0.822
943500,0.114,0.000,0.886
944000,0.165,0.000,0.835
944500,0.088,0.009,0.903
945000,0.102,0.000,0.898
945500,0.177,0.000,0.823
946000,0.099,0.001,0.900
946500,0.258,0.000,0.742
947000,0.126,0.000,0.874
947500,0.090,0.000,0.910
948000,0.218,0.000,0.782
948500,0.120,0.000,0.880
949000,0.152,0.000,0.848
949500,0.126,0.001,0.873
950000,0.093,0.024,0.883
950500,0.175,0.001,0.824
951000,0.234,0.000,0.766
951500,0.142,0.000,0.858
952000,0.187,0.000,0.813
952500,0.125,0.000,0.875
953000,0.153,0.000,0.847
953500,0.065,0.030,0.905
954000,0.129,0.014,0.857
954500,0.146,0.000,0.854
955000,0.135,0.000,0.865
955500,0.187,0.000,0.813
956000,0.203,0.000,0.797
956500,0.170,0.000,0.830
957000,0.148,0.000,0.852
957500,0.146,0.000,0.854
958000,0.129,0.014,0.857
958500,0.146,0.002,0.852
959000,0.145,0.000,0.855
959500,0.141,0.013,0.846
960000,0.136,0.000,0.864
960500,0.083,0.014,0.903
961000,0.142,0.000,0.858
961500,0.209,0.021,0.770
962000,0.124,0.000,0.876
962500,0.062,0.012,0.926
963000,0.082,0.003,0.915
963500,0.193,0.000,0.807
964000,0.176,0.000,0.824
964500,0.176,0.000,0.824
965000,0.128,0.000,0.872
965500,0.155,0.007,0.838
966000,0.221,0.000,0.779
966500,0.120,0.000,0.880
967000,0.097,0.001,0.902
967500,0.234,0.000,0.766
968000,0.160,0.000,0.840
968500,0.227,0.000,0.773
969000,0.135,0.000,0.865
969500,0.095,0.000,0.905
970000,0.279,0.000,0.721
970500,0.137,0.022,0.841
971000,0.130,0.000,0.870
971500,0.109,0.007,0.884
972000,0.180,0.005,0.815
972500,0.155,0.003,0.842
973000,0.110,0.009,0.881
973500,0.173,0.000,0.827
974000,0.119,0.000,0.881
974500,0.127,0.001,0.872
975000,0.119,0.000,0.881
975500,0.161,0.000,0.839
976000,0.167,0.001,0.832
976500,0.214,0.000,0.786
977000,0.118,0.000,0.882
977500,0.114,0.001,0.885
978000,0.149,0.000,0.851
978500,0.144,0.000,0.856
979000,0.148,0.000,0.852
979500,0.192,0.000,0.808
980000,0.109,0.000,0.891
980500,0.096,0.000,0.904
981000,0.136,0.000,0.864
981500,0.099,0.005,0.896
982000,0.104,0.000,0.896
982500,0.113,0.001,0.886
983000,0.102,0.005,0.893
983500,0.175,0.000,0.825
984000,0.157,0.001,0.842
984500,0.128,0.000,0.872
985000,0.166,0.000,0.834
985500,0.103,0.017,0.880
986000,0.157,0.000,0.843
986500,0.169,0.000,0.831
987000,0.142,0.000,0.858
987500,0.104,0.000,0.896
988000,0.142,0.000,0.858
988500,0.136,0.000,0.864
989000,0.158,0.000,0.842
989500,0.115,0.000,0.885
990000,0.185,0.000,0.815
990500,0.095,0.000,0.905
991000,0.119,0.000,0.881
991500,0.188,0.000,0.812
992000,0.204,0.000,0.796
992500,0.131,0.000,0.869
993000,0.160,0.000,0.840
993500,0.183,0.001,0.816
994000,0.180,0.000,0.820
994500,0.171,0.001,0.828
995000,0.116,0.000,0.884
995500,0.125,0.000,0.875
996000,0.139,0.000,0.861
996500,0.148,0.000,0.852
997000,0.164,0.001,0.835
997500,0.196,0.000,0.804
998000,0.148,0.000,0.852
998500,0.174,0.000,0.826
999000,0.140,0.000,0.860
999500,0.216,0.000,0.784
1000000,0.143,0.003,0.854
