time,n_A+p,n_B,n_AB
500,0.050,0.567,0.383
1000,0.050,0.406,0.544
1500,0.050,0.467,0.483
2000,0.050,0.441,0.509
2500,0.050,0.359,0.591
3000,0.056,0.381,0.563
3500,0.050,0.319,0.631
4000,0.050,0.311,0.639
4500,0.051,0.396,0.553
5000,0.050,0.393,0.557
5500,0.050,0.368,0.582
6000,0.050,0.419,0.531
6500,0.050,0.430,0.520
7000,0.050,0.393,0.557
7500,0.051,0.374,0.575
8000,0.050,0.335,0.615
8500,0.050,0.393,0.557
9000,0.050,0.466,0.484
9500,0.050,0.338,0.612
10000,0.050,0.481,0.469
10500,0.050,0.500,0.450
11000,0.050,0.436,0.514
11500,0.050,0.364,0.586
12000,0.050,0.507,0.443
12500,0.050,0.447,0.503
13000,0.050,0.469,0.481
13500,0.050,0.468,0.482
14000,0.050,0.462,0.488
14500,0.050,0.420,0.530
15000,0.050,0.403,0.547
15500,0.050,0.284,0.666
16000,0.050,0.371,0.579
16500,0.050,0.466,0.484
17000,0.050,0.439,0.511
17500,0.050,0.543,0.407
18000,0.050,0.465,0.485
18500,0.050,0.338,0.612
19000,0.050,0.361,0.589
19500,0.051,0.323,0.626
20000,0.050,0.377,0.573
20500,0.050,0.435,0.515
21000,0.060,0.368,0.572
21500,0.050,0.514,0.436
22000,0.050,0.458,0.492
22500,0.050,0.348,0.602
23000,0.050,0.361,0.589
23500,0.050,0.511,0.439
24000,0.050,0.516,0.434
24500,0.050,0.397,0.553
25000,0.050,0.386,0.564
25500,0.050,0.453,0.497
26000,0.050,0.398,0.552
26500,0.050,0.415,0.535
27000,0.050,0.398,0.552
27500,0.050,0.477,0.473
28000,0.050,0.319,0.631
28500,0.050,0.332,0.618
29000,0.050,0.411,0.539
29500,0.050,0.418,0.532
30000,0.050,0.367,0.583
30500,0.050,0.519,0.431
31000,0.050,0.422,0.528
31500,0.050,0.403,0.547
32000,0.050,0.372,0.578
32500,0.050,0.414,0.536
33000,0.052,0.351,0.597
33500,0.050,0.402,0.548
34000,0.060,0.369,0.571
34500,0.050,0.446,0.504
35000,0.050,0.372,0.578
35500,0.050,0.466,0.484
36000,0.050,0.488,0.462
36500,0.050,0.402,0.548
37000,0.050,0.572,0.378
37500,0.050,0.448,0.502
38000,0.050,0.507,0.443
38500,0.050,0.336,0.614
39000,0.050,0.417,0.533
39500,0.050,0.365,0.585
40000,0.050,0.440,0.510
40500,0.050,0.499,0.451
41000,0.050,0.418,0.532
41500,0.050,0.421,0.529
42000,0.050,0.437,0.513
42500,0.050,0.302,0.648
43000,0.050,0.452,0.498
43500,0.051,0.371,0.578
44000,0.050,0.390,0.560
44500,0.050,0.343,0.607
45000,0.050,0.323,0.627
45500,0.050,0.598,0.352
46000,0.050,0.476,0.474
46500,0.057,0.451,0.492
47000,0.051,0.442,0.507
47500,0.050,0.484,0.466
48000,0.050,0.385,0.565
48500,0.058,0.298,0.644
49000,0.055,0.327,0.618
49500,0.050,0.348,0.602
50000,0.050,0.404,0.546
50500,0.050,0.375,0.575
51000,0.050,0.567,0.383
51500,0.050,0.376,0.574
52000,0.050,0.514,0.436
52500,0.061,0.271,0.668
53000,0.050,0.431,0.519
53500,0.050,0.438,0.512
54000,0.050,0.476,0.474
54500,0.050,0.519,0.431
55000,0.050,0.468,0.482
55500,0.050,0.417,0.533
56000,0.050,0.398,0.552
56500,0.050,0.382,0.568
57000,0.050,0.526,0.424
57500,0.050,0.421,0.529
58000,0.050,0.344,0.606
58500,0.050,0.384,0.566
59000,0.050,0.397,0.553
59500,0.050,0.384,0.566
60000,0.050,0.527,0.423
60500,0.050,0.467,0.483
61000,0.050,0.410,0.540
61500,0.050,0.499,0.451
62000,0.050,0.474,0.476
62500,0.050,0.407,0.543
63000,0.050,0.328,0.622
63500,0.050,0.359,0.591
64000,0.050,0.515,0.435
64500,0.050,0.582,0.368
65000,0.050,0.397,0.553
65500,0.050,0.367,0.583
66000,0.050,0.470,0.480
66500,0.050,0.520,0.430
67000,0.050,0.379,0.571
67500,0.050,0.343,0.607
68000,0.050,0.351,0.599
68500,0.051,0.407,0.542
69000,0.050,0.448,0.502
69500,0.050,0.384,0.566
70000,0.050,0.434,0.516
70500,0.054,0.394,0.552
71000,0.050,0.332,0.618
71500,0.051,0.378,0.571
72000,0.050,0.392,0.558
72500,0.050,0.437,0.513
73000,0.050,0.344,0.606
73500,0.050,0.426,0.524
74000,0.050,0.554,0.396
74500,0.050,0.455,0.495
75000,0.050,0.443,0.507
75500,0.050,0.492,0.458
76000,0.050,0.402,0.548
76500,0.050,0.467,0.483
77000,0.050,0.375,0.575
77500,0.050,0.420,0.530
78000,0.050,0.399,0.551
78500,0.050,0.445,0.505
79000,0.050,0.427,0.523
79500,0.050,0.405,0.545
80000,0.050,0.495,0.455
80500,0.050,0.417,0.533
81000,0.051,0.336,0.613
81500,0.050,0.510,0.440
82000,0.050,0.342,0.608
82500,0.050,0.381,0.569
83000,0.050,0.414,0.536
83500,0.050,0.471,0.479
84000,0.050,0.473,0.477
84500,0.050,0.443,0.507
85000,0.050,0.485,0.465
85500,0.050,0.431,0.519
86000,0.050,0.299,0.651
86500,0.057,0.317,0.626
87000,0.050,0.374,0.576
87500,0.050,0.335,0.615
88000,0.051,0.514,0.435
88500,0.050,0.459,0.491
89000,0.050,0.366,0.584
89500,0.058,0.395,0.547
90000,0.050,0.554,0.396
90500,0.050,0.398,0.552
91000,0.050,0.425,0.525
91500,0.050,0.482,0.468
92000,0.050,0.406,0.544
92500,0.050,0.480,0.470
93000,0.050,0.425,0.525
93500,0.050,0.354,0.596
94000,0.050,0.473,0.477
94500,0.050,0.393,0.557
95000,0.050,0.321,0.629
95500,0.050,0.434,0.516
96000,0.050,0.476,0.474
96500,0.050,0.432,0.518
97000,0.050,0.418,0.532
97500,0.050,0.359,0.591
98000,0.050,0.403,0.547
98500,0.050,0.490,0.460
99000,0.050,0.361,0.589
99500,0.050,0.458,0.492
100000,0.050,0.436,0.514
100500,0.050,0.428,0.522
101000,0.050,0.502,0.448
101500,0.050,0.389,0.561
102000,0.050,0.434,0.516
102500,0.050,0.473,0.477
103000,0.050,0.485,0.465
103500,0.050,0.420,0.530
104000,0.050,0.396,0.554
104500,0.058,0.375,0.567
105000,0.050,0.479,0.471
105500,0.050,0.483,0.467
106000,0.050,0.387,0.563
106500,0.050,0.414,0.536
107000,0.050,0.328,0.622
107500,0.050,0.408,0.542
108000,0.050,0.487,0.463
108500,0.050,0.425,0.525
109000,0.050,0.422,0.528
109500,0.050,0.487,0.463
110000,0.050,0.541,0.409
110500,0.050,0.467,0.483
111000,0.050,0.455,0.495
111500,0.053,0.336,0.611
112000,0.059,0.261,0.680
112500,0.050,0.411,0.539
113000,0.050,0.510,0.440
113500,0.050,0.443,0.507
114000,0.050,0.446,0.504
114500,0.050,0.471,0.479
115000,0.050,0.517,0.433
115500,0.050,0.422,0.528
116000,0.050,0.435,0.515
116500,0.050,0.441,0.509
117000,0.050,0.446,0.504
117500,0.050,0.515,0.435
118000,0.064,0.344,0.592
118500,0.050,0.430,0.520
119000,0.073,0.194,0.733
119500,0.091,0.210,0.699
120000,0.050,0.353,0.597
120500,0.051,0.469,0.480
121000,0.050,0.444,0.506
121500,0.050,0.450,0.500
122000,0.050,0.473,0.477
122500,0.050,0.484,0.466
123000,0.058,0.267,0.675
123500,0.053,0.368,0.579
124000,0.050,0.376,0.574
124500,0.050,0.452,0.498
125000,0.050,0.444,0.506
125500,0.050,0.451,0.499
126000,0.050,0.450,0.500
126500,0.050,0.514,0.436
127000,0.056,0.337,0.607
127500,0.050,0.354,0.596
128000,0.050,0.346,0.604
128500,0.050,0.377,0.573
129000,0.050,0.481,0.469
129500,0.050,0.469,0.481
130000,0.050,0.291,0.659
130500,0.050,0.354,0.596
131000,0.054,0.366,0.580
131500,0.050,0.446,0.504
132000,0.050,0.521,0.429
132500,0.050,0.412,0.538
133000,0.053,0.344,0.603
133500,0.051,0.366,0.583
134000,0.050,0.414,0.536
134500,0.050,0.420,0.530
135000,0.050,0.496,0.454
135500,0.050,0.432,0.518
136000,0.050,0.366,0.584
136500,0.050,0.494,0.456
137000,0.050,0.482,0.468
137500,0.050,0.314,0.636
138000,0.050,0.358,0.592
138500,0.058,0.322,0.620
139000,0.050,0.414,0.536
139500,0.050,0.384,0.566
140000,0.050,0.432,0.518
140500,0.050,0.382,0.568
141000,0.050,0.440,0.510
141500,0.050,0.446,0.504
142000,0.050,0.424,0.526
142500,0.050,0.444,0.506
143000,0.051,0.346,0.603
143500,0.050,0.378,0.572
144000,0.050,0.359,0.591
144500,0.050,0.366,0.584
145000,0.050,0.466,0.484
145500,0.050,0.371,0.579
146000,0.050,0.444,0.506
146500,0.050,0.420,0.530
147000,0.050,0.464,0.486
147500,0.054,0.497,0.449
148000,0.050,0.340,0.610
148500,0.050,0.436,0.514
149000,0.050,0.533,0.417
149500,0.050,0.374,0.576
150000,0.056,0.362,0.582
150500,0.050,0.456,0.494
151000,0.050,0.405,0.545
151500,0.050,0.381,0.569
152000,0.050,0.532,0.418
152500,0.050,0.425,0.525
153000,0.050,0.399,0.551
153500,0.050,0.467,0.483
154000,0.052,0.443,0.505
154500,0.050,0.420,0.530
155000,0.055,0.247,0.698
155500,0.050,0.477,0.473
156000,0.050,0.419,0.531
156500,0.050,0.345,0.605
157000,0.050,0.564,0.386
157500,0.050,0.369,0.581
158000,0.050,0.391,0.559
158500,0.051,0.425,0.524
159000,0.050,0.470,0.480
159500,0.050,0.406,0.544
160000,0.059,0.310,0.631
160500,0.052,0.329,0.619
161000,0.051,0.508,0.441
161500,0.050,0.404,0.546
162000,0.050,0.403,0.547
162500,0.050,0.407,0.543
163000,0.050,0.458,0.492
163500,0.050,0.376,0.574
164000,0.066,0.314,0.620
164500,0.050,0.369,0.581
165000,0.050,0.531,0.419
165500,0.050,0.466,0.484
166000,0.050,0.318,0.632
166500,0.050,0.449,0.501
167000,0.050,0.446,0.504
167500,0.050,0.374,0.576
168000,0.051,0.456,0.493
168500,0.050,0.428,0.522
169000,0.050,0.499,0.451
169500,0.050,0.479,0.471
170000,0.050,0.458,0.492
170500,0.050,0.485,0.465
171000,0.054,0.391,0.555
171500,0.050,0.399,0.551
172000,0.050,0.461,0.489
172500,0.050,0.395,0.555
173000,0.050,0.484,0.466
173500,0.050,0.445,0.505
174000,0.050,0.386,0.564
174500,0.057,0.438,0.505
175000,0.050,0.385,0.565
175500,0.050,0.411,0.539
176000,0.050,0.398,0.552
176500,0.050,0.350,0.600
177000,0.050,0.350,0.600
177500,0.050,0.334,0.616
178000,0.052,0.332,0.616
178500,0.050,0.409,0.541
179000,0.050,0.408,0.542
179500,0.050,0.465,0.485
180000,0.050,0.433,0.517
180500,0.050,0.403,0.547
181000,0.050,0.311,0.639
181500,0.050,0.419,0.531
182000,0.050,0.532,0.418
182500,0.053,0.393,0.554
183000,0.050,0.481,0.469
183500,0.050,0.416,0.534
184000,0.050,0.512,0.438
184500,0.050,0.477,0.473
185000,0.050,0.527,0.423
185500,0.050,0.373,0.577
186000,0.050,0.433,0.517
186500,0.050,0.639,0.311
187000,0.050,0.565,0.385
187500,0.050,0.510,0.440
188000,0.050,0.403,0.547
188500,0.050,0.479,0.471
189000,0.050,0.502,0.448
189500,0.050,0.461,0.489
190000,0.050,0.393,0.557
190500,0.053,0.348,0.599
191000,0.050,0.372,0.578
191500,0.052,0.306,0.642
192000,0.057,0.357,0.586
192500,0.050,0.350,0.600
193000,0.050,0.447,0.503
193500,0.050,0.294,0.656
194000,0.070,0.378,0.552
194500,0.050,0.437,0.513
195000,0.050,0.513,0.437
195500,0.050,0.342,0.608
196000,0.050,0.432,0.518
196500,0.050,0.484,0.466
197000,0.050,0.404,0.546
197500,0.059,0.383,0.558
198000,0.058,0.492,0.450
198500,0.050,0.493,0.457
199000,0.063,0.465,0.472
199500,0.050,0.380,0.570
200000,0.050,0.403,0.547
200500,0.050,0.296,0.654
201000,0.053,0.327,0.620
201500,0.054,0.337,0.609
202000,0.050,0.441,0.509
202500,0.050,0.438,0.512
203000,0.050,0.493,0.457
203500,0.050,0.449,0.501
204000,0.050,0.432,0.518
204500,0.050,0.397,0.553
205000,0.054,0.417,0.529
205500,0.050,0.449,0.501
206000,0.050,0.448,0.502
206500,0.050,0.483,0.467
207000,0.050,0.327,0.623
207500,0.050,0.423,0.527
208000,0.050,0.331,0.619
208500,0.050,0.438,0.512
209000,0.050,0.394,0.556
209500,0.050,0.298,0.652
210000,0.050,0.356,0.594
210500,0.050,0.315,0.635
211000,0.050,0.417,0.533
211500,0.050,0.371,0.579
212000,0.058,0.249,0.693
212500,0.055,0.273,0.672
213000,0.050,0.447,0.503
213500,0.050,0.479,0.471
214000,0.050,0.402,0.548
214500,0.050,0.339,0.611
215000,0.050,0.497,0.453
215500,0.050,0.444,0.506
216000,0.050,0.374,0.576
216500,0.050,0.427,0.523
217000,0.050,0.407,0.543
217500,0.050,0.383,0.567
218000,0.050,0.429,0.521
218500,0.050,0.367,0.583
219000,0.050,0.504,0.446
219500,0.050,0.396,0.554
220000,0.050,0.447,0.503
220500,0.058,0.345,0.597
221000,0.050,0.305,0.645
221500,0.050,0.419,0.531
222000,0.050,0.534,0.416
222500,0.050,0.436,0.514
223000,0.050,0.325,0.625
223500,0.057,0.393,0.550
224000,0.051,0.297,0.652
224500,0.061,0.356,0.583
225000,0.050,0.528,0.422
225500,0.050,0.370,0.580
226000,0.051,0.421,0.528
226500,0.050,0.411,0.539
227000,0.050,0.400,0.550
227500,0.050,0.504,0.446
228000,0.050,0.438,0.512
228500,0.050,0.361,0.589
229000,0.050,0.389,0.561
229500,0.050,0.462,0.488
230000,0.050,0.526,0.424
230500,0.050,0.536,0.414
231000,0.050,0.499,0.451
231500,0.050,0.400,0.550
232000,0.050,0.508,0.442
232500,0.050,0.596,0.354
233000,0.050,0.491,0.459
233500,0.050,0.391,0.559
234000,0.050,0.398,0.552
234500,0.050,0.372,0.578
235000,0.050,0.378,0.572
235500,0.050,0.410,0.540
236000,0.050,0.383,0.567
236500,0.050,0.551,0.399
237000,0.050,0.473,0.477
237500,0.050,0.387,0.563
238000,0.063,0.356,0.581
238500,0.076,0.273,0.651
239000,0.051,0.354,0.595
239500,0.050,0.333,0.617
240000,0.050,0.404,0.546
240500,0.050,0.456,0.494
241000,0.050,0.429,0.521
241500,0.050,0.358,0.592
242000,0.050,0.356,0.594
242500,0.054,0.396,0.550
243000,0.050,0.351,0.599
243500,0.051,0.432,0.517
244000,0.050,0.435,0.515
244500,0.050,0.495,0.455
245000,0.050,0.523,0.427
245500,0.050,0.428,0.522
246000,0.050,0.429,0.521
246500,0.050,0.436,0.514
247000,0.050,0.300,0.650
247500,0.050,0.470,0.480
248000,0.050,0.468,0.482
248500,0.050,0.446,0.504
249000,0.050,0.418,0.532
249500,0.052,0.351,0.597
250000,0.050,0.372,0.578
250500,0.050,0.530,0.420
251000,0.050,0.501,0.449
251500,0.050,0.502,0.448
252000,0.052,0.301,0.647
252500,0.050,0.348,0.602
253000,0.050,0.462,0.488
253500,0.050,0.425,0.525
254000,0.050,0.528,0.422
254500,0.050,0.455,0.495
255000,0.050,0.466,0.484
255500,0.050,0.453,0.497
256000,0.050,0.498,0.452
256500,0.050,0.468,0.482
257000,0.050,0.345,0.605
257500,0.050,0.376,0.574
258000,0.055,0.402,0.543
258500,0.050,0.483,0.467
259000,0.050,0.450,0.500
259500,0.050,0.495,0.455
260000,0.050,0.400,0.550
260500,0.050,0.461,0.489
261000,0.050,0.421,0.529
261500,0.050,0.484,0.466
262000,0.050,0.416,0.534
262500,0.050,0.562,0.388
263000,0.050,0.545,0.405
263500,0.050,0.383,0.567
264000,0.060,0.391,0.549
264500,0.050,0.351,0.599
265000,0.050,0.484,0.466
265500,0.051,0.374,0.575
266000,0.050,0.361,0.589
266500,0.050,0.332,0.618
267000,0.083,0.197,0.720
267500,0.050,0.302,0.648
268000,0.050,0.348,0.602
268500,0.050,0.418,0.532
269000,0.050,0.401,0.549
269500,0.050,0.465,0.485
270000,0.050,0.409,0.541
270500,0.050,0.417,0.533
271000,0.050,0.537,0.413
271500,0.050,0.537,0.413
272000,0.050,0.299,0.651
272500,0.052,0.313,0.635
273000,0.050,0.382,0.568
273500,0.050,0.374,0.576
274000,0.050,0.528,0.422
274500,0.050,0.453,0.497
275000,0.050,0.413,0.537
275500,0.050,0.365,0.585
276000,0.063,0.226,0.711
276500,0.058,0.259,0.683
277000,0.052,0.357,0.591
277500,0.050,0.466,0.484
278000,0.050,0.462,0.488
278500,0.050,0.399,0.551
279000,0.050,0.357,0.593
279500,0.050,0.365,0.585
280000,0.050,0.401,0.549
280500,0.050,0.457,0.493
281000,0.057,0.435,0.508
281500,0.050,0.406,0.544
282000,0.050,0.446,0.504
282500,0.050,0.442,0.508
283000,0.063,0.432,0.505
283500,0.050,0.485,0.465
284000,0.050,0.412,0.538
284500,0.050,0.367,0.583
285000,0.050,0.333,0.617
285500,0.052,0.299,0.649
286000,0.050,0.441,0.509
286500,0.050,0.461,0.489
287000,0.050,0.391,0.559
287500,0.050,0.443,0.507
288000,0.050,0.409,0.541
288500,0.050,0.482,0.468
289000,0.050,0.397,0.553
289500,0.050,0.407,0.543
290000,0.050,0.386,0.564
290500,0.050,0.534,0.416
291000,0.050,0.481,0.469
291500,0.050,0.422,0.528
292000,0.050,0.394,0.556
292500,0.050,0.396,0.554
293000,0.050,0.416,0.534
293500,0.050,0.463,0.487
294000,0.050,0.469,0.481
294500,0.050,0.347,0.603
295000,0.055,0.334,0.611
295500,0.054,0.361,0.585
296000,0.050,0.444,0.506
296500,0.050,0.447,0.503
297000,0.050,0.365,0.585
297500,0.050,0.411,0.539
298000,0.050,0.439,0.511
298500,0.050,0.463,0.487
299000,0.050,0.363,0.587
299500,0.050,0.308,0.642
300000,0.050,0.326,0.624
300500,0.055,0.368,0.577
301000,0.050,0.449,0.501
301500,0.050,0.323,0.627
302000,0.050,0.442,0.508
302500,0.050,0.452,0.498
303000,0.050,0.470,0.480
303500,0.050,0.406,0.544
304000,0.050,0.447,0.503
304500,0.050,0.461,0.489
305000,0.050,0.505,0.445
305500,0.050,0.524,0.426
306000,0.050,0.527,0.423
306500,0.050,0.514,0.436
307000,0.050,0.453,0.497
307500,0.050,0.439,0.511
308000,0.050,0.366,0.584
308500,0.050,0.445,0.505
309000,0.050,0.487,0.463
309500,0.050,0.459,0.491
310000,0.050,0.400,0.550
310500,0.050,0.407,0.543
311000,0.050,0.445,0.505
311500,0.050,0.367,0.583
312000,0.050,0.422,0.528
312500,0.050,0.428,0.522
313000,0.050,0.418,0.532
313500,0.053,0.278,0.669
314000,0.060,0.209,0.731
314500,0.051,0.402,0.547
315000,0.050,0.393,0.557
315500,0.050,0.396,0.554
316000,0.050,0.400,0.550
316500,0.050,0.455,0.495
317000,0.050,0.443,0.507
317500,0.050,0.384,0.566
318000,0.050,0.474,0.476
318500,0.050,0.440,0.510
319000,0.050,0.422,0.528
319500,0.050,0.293,0.657
320000,0.050,0.388,0.562
320500,0.050,0.468,0.482
321000,0.050,0.508,0.442
321500,0.050,0.361,0.589
322000,0.050,0.351,0.599
322500,0.056,0.408,0.536
323000,0.067,0.238,0.695
323500,0.061,0.213,0.726
324000,0.059,0.400,0.541
324500,0.055,0.372,0.573
325000,0.050,0.460,0.490
325500,0.050,0.418,0.532
326000,0.050,0.456,0.494
326500,0.050,0.393,0.557
327000,0.050,0.452,0.498
327500,0.050,0.480,0.470
328000,0.050,0.336,0.614
328500,0.050,0.429,0.521
329000,0.050,0.421,0.529
329500,0.050,0.440,0.510
330000,0.050,0.535,0.415
330500,0.050,0.466,0.484
331000,0.050,0.486,0.464
331500,0.050,0.496,0.454
332000,0.050,0.387,0.563
332500,0.050,0.353,0.597
333000,0.050,0.486,0.464
333500,0.050,0.402,0.548
334000,0.050,0.484,0.466
334500,0.050,0.430,0.520
335000,0.050,0.446,0.504
335500,0.050,0.399,0.551
336000,0.050,0.462,0.488
336500,0.050,0.506,0.444
337000,0.050,0.512,0.438
337500,0.050,0.387,0.563
338000,0.050,0.402,0.548
338500,0.050,0.410,0.540
339000,0.056,0.359,0.585
339500,0.056,0.412,0.532
340000,0.050,0.431,0.519
340500,0.050,0.396,0.554
341000,0.050,0.407,0.543
341500,0.050,0.477,0.473
342000,0.050,0.481,0.469
342500,0.050,0.429,0.521
343000,0.050,0.440,0.510
343500,0.051,0.447,0.502
344000,0.050,0.399,0.551
344500,0.050,0.405,0.545
345000,0.050,0.523,0.427
345500,0.050,0.441,0.509
346000,0.050,0.441,0.509
346500,0.050,0.372,0.578
347000,0.053,0.401,0.546
347500,0.050,0.439,0.511
348000,0.050,0.499,0.451
348500,0.055,0.319,0.626
349000,0.050,0.431,0.519
349500,0.050,0.458,0.492
350000,0.050,0.403,0.547
350500,0.050,0.449,0.501
351000,0.050,0.447,0.503
351500,0.050,0.528,0.422
352000,0.050,0.450,0.500
352500,0.050,0.403,0.547
353000,0.050,0.397,0.553
353500,0.050,0.408,0.542
354000,0.050,0.433,0.517
354500,0.050,0.430,0.520
355000,0.050,0.354,0.596
355500,0.050,0.549,0.401
356000,0.050,0.517,0.433
356500,0.050,0.452,0.498
357000,0.050,0.442,0.508
357500,0.050,0.461,0.489
358000,0.050,0.512,0.438
358500,0.050,0.510,0.440
359000,0.050,0.332,0.618
359500,0.060,0.397,0.543
360000,0.051,0.289,0.660
360500,0.050,0.395,0.555
361000,0.050,0.478,0.472
361500,0.050,0.422,0.528
362000,0.050,0.520,0.430
362500,0.050,0.395,0.555
363000,0.050,0.400,0.550
363500,0.050,0.368,0.582
364000,0.070,0.323,0.607
364500,0.050,0.482,0.468
365000,0.050,0.360,0.590
365500,0.050,0.406,0.544
366000,0.050,0.396,0.554
366500,0.050,0.367,0.583
367000,0.050,0.392,0.558
367500,0.050,0.430,0.520
368000,0.050,0.490,0.460
368500,0.050,0.459,0.491
369000,0.050,0.437,0.513
369500,0.050,0.374,0.576
370000,0.059,0.254,0.687
370500,0.050,0.347,0.603
371000,0.050,0.278,0.672
371500,0.052,0.362,0.586
372000,0.050,0.394,0.556
372500,0.050,0.437,0.513
373000,0.050,0.383,0.567
373500,0.050,0.436,0.514
374000,0.050,0.459,0.491
374500,0.050,0.519,0.431
375000,0.050,0.437,0.513
375500,0.050,0.409,0.541
376000,0.050,0.387,0.563
376500,0.050,0.416,0.534
377000,0.050,0.456,0.494
377500,0.050,0.491,0.459
378000,0.050,0.398,0.552
378500,0.050,0.308,0.642
379000,0.050,0.443,0.507
379500,0.050,0.431,0.519
380000,0.056,0.462,0.482
380500,0.050,0.381,0.569
381000,0.050,0.350,0.600
381500,0.054,0.353,0.593
382000,0.050,0.358,0.592
382500,0.052,0.348,0.600
383000,0.050,0.379,0.571
383500,0.050,0.372,0.578
384000,0.050,0.480,0.470
384500,0.050,0.382,0.568
385000,0.050,0.484,0.466
385500,0.050,0.418,0.532
386000,0.050,0.392,0.558
386500,0.050,0.550,0.400
387000,0.050,0.480,0.470
387500,0.050,0.420,0.530
388000,0.050,0.458,0.492
388500,0.050,0.415,0.535
389000,0.050,0.383,0.567
389500,0.050,0.478,0.472
390000,0.050,0.349,0.601
390500,0.050,0.414,0.536
391000,0.050,0.446,0.504
391500,0.050,0.514,0.436
392000,0.050,0.419,0.531
392500,0.050,0.405,0.545
393000,0.050,0.397,0.553
393500,0.050,0.407,0.543
394000,0.050,0.464,0.486
394500,0.050,0.547,0.403
395000,0.050,0.452,0.498
395500,0.050,0.440,0.510
396000,0.050,0.425,0.525
396500,0.050,0.526,0.424
397000,0.050,0.461,0.489
397500,0.050,0.523,0.427
398000,0.050,0.491,0.459
398500,0.050,0.328,0.622
399000,0.050,0.436,0.514
399500,0.050,0.393,0.557
400000,0.050,0.383,0.567
400500,0.050,0.501,0.449
401000,0.051,0.371,0.578
401500,0.050,0.402,0.548
402000,0.053,0.347,0.600
402500,0.050,0.365,0.585
403000,0.050,0.411,0.539
403500,0.050,0.392,0.558
404000,0.050,0.489,0.461
404500,0.050,0.410,0.540
405000,0.050,0.430,0.520
405500,0.050,0.472,0.478
406000,0.050,0.432,0.518
406500,0.050,0.470,0.480
407000,0.054,0.376,0.570
407500,0.050,0.307,0.643
408000,0.050,0.382,0.568
408500,0.050,0.383,0.567
409000,0.050,0.463,0.487
409500,0.050,0.514,0.436
410000,0.050,0.312,0.638
410500,0.050,0.594,0.356
411000,0.050,0.509,0.441
411500,0.050,0.445,0.505
412000,0.055,0.385,0.560
412500,0.050,0.401,0.549
413000,0.050,0.402,0.548
413500,0.050,0.486,0.464
414000,0.050,0.440,0.510
414500,0.050,0.426,0.524
415000,0.058,0.347,0.595
415500,0.050,0.491,0.459
416000,0.050,0.482,0.468
416500,0.050,0.491,0.459
417000,0.050,0.397,0.553
417500,0.050,0.428,0.522
418000,0.050,0.409,0.541
418500,0.050,0.437,0.513
419000,0.050,0.392,0.558
419500,0.050,0.328,0.622
420000,0.052,0.383,0.565
420500,0.050,0.528,0.422
421000,0.050,0.459,0.491
421500,0.050,0.414,0.536
422000,0.050,0.537,0.413
422500,0.050,0.538,0.412
423000,0.050,0.321,0.629
423500,0.050,0.409,0.541
424000,0.050,0.372,0.578
424500,0.051,0.343,0.606
425000,0.051,0.371,0.578
425500,0.050,0.454,0.496
426000,0.050,0.525,0.425
426500,0.050,0.418,0.532
427000,0.050,0.478,0.472
427500,0.050,0.422,0.528
428000,0.050,0.349,0.601
428500,0.050,0.349,0.601
429000,0.050,0.315,0.635
429500,0.050,0.294,0.656
430000,0.050,0.366,0.584
430500,0.051,0.304,0.645
431000,0.050,0.369,0.581
431500,0.050,0.405,0.545
432000,0.050,0.359,0.591
432500,0.050,0.492,0.458
433000,0.050,0.462,0.488
433500,0.050,0.401,0.549
434000,0.050,0.337,0.613
434500,0.050,0.493,0.457
435000,0.050,0.458,0.492
435500,0.050,0.580,0.370
436000,0.050,0.564,0.386
436500,0.050,0.360,0.590
437000,0.050,0.438,0.512
437500,0.060,0.273,0.667
438000,0.051,0.370,0.579
438500,0.050,0.498,0.452
439000,0.050,0.404,0.546
439500,0.050,0.408,0.542
440000,0.050,0.459,0.491
440500,0.050,0.470,0.480
441000,0.050,0.436,0.514
441500,0.050,0.453,0.497
442000,0.050,0.335,0.615
442500,0.050,0.462,0.488
443000,0.050,0.378,0.572
443500,0.050,0.454,0.496
444000,0.050,0.396,0.554
444500,0.050,0.427,0.523
445000,0.050,0.417,0.533
445500,0.050,0.469,0.481
446000,0.050,0.371,0.579
446500,0.050,0.410,0.540
447000,0.050,0.356,0.594
447500,0.050,0.401,0.549
448000,0.050,0.397,0.553
448500,0.050,0.506,0.444
449000,0.050,0.550,0.400
449500,0.050,0.490,0.460
450000,0.050,0.551,0.399
450500,0.050,0.472,0.478
451000,0.050,0.379,0.571
451500,0.050,0.395,0.555
452000,0.050,0.348,0.602
452500,0.050,0.482,0.468
453000,0.050,0.496,0.454
453500,0.050,0.367,0.583
454000,0.050,0.451,0.499
454500,0.050,0.439,0.511
455000,0.050,0.315,0.635
455500,0.050,0.395,0.555
456000,0.064,0.410,0.526
456500,0.050,0.441,0.509
457000,0.050,0.394,0.556
457500,0.050,0.426,0.524
458000,0.050,0.447,0.503
458500,0.050,0.403,0.547
459000,0.050,0.568,0.382
459500,0.050,0.455,0.495
460000,0.050,0.506,0.444
460500,0.050,0.436,0.514
461000,0.050,0.419,0.531
461500,0.050,0.357,0.593
462000,0.050,0.365,0.585
462500,0.050,0.406,0.544
463000,0.050,0.444,0.506
463500,0.050,0.471,0.479
464000,0.050,0.524,0.426
464500,0.050,0.375,0.575
465000,0.050,0.392,0.558
465500,0.057,0.305,0.638
466000,0.051,0.362,0.587
466500,0.057,0.270,0.673
467000,0.050,0.485,0.465
467500,0.050,0.526,0.424
468000,0.050,0.529,0.421
468500,0.050,0.387,0.563
469000,0.050,0.416,0.534
469500,0.050,0.361,0.589
470000,0.050,0.425,0.525
470500,0.050,0.410,0.540
471000,0.050,0.393,0.557
471500,0.052,0.425,0.523
472000,0.050,0.479,0.471
472500,0.050,0.476,0.474
473000,0.050,0.390,0.560
473500,0.050,0.467,0.483
474000,0.055,0.437,0.508
474500,0.050,0.486,0.464
475000,0.050,0.451,0.499
475500,0.050,0.412,0.538
476000,0.050,0.468,0.482
476500,0.050,0.395,0.555
477000,0.050,0.394,0.556
477500,0.050,0.378,0.572
478000,0.050,0.427,0.523
478500,0.050,0.457,0.493
479000,0.054,0.363,0.583
479500,0.050,0.469,0.481
480000,0.050,0.379,0.571
480500,0.050,0.300,0.650
481000,0.050,0.453,0.497
481500,0.050,0.438,0.512
482000,0.050,0.401,0.549
482500,0.050,0.421,0.529
483000,0.050,0.467,0.483
483500,0.050,0.385,0.565
484000,0.052,0.357,0.591
484500,0.050,0.542,0.408
485000,0.059,0.421,0.520
485500,0.058,0.367,0.575
486000,0.051,0.429,0.520
486500,0.050,0.382,0.568
487000,0.050,0.404,0.546
487500,0.050,0.466,0.484
488000,0.050,0.356,0.594
488500,0.050,0.406,0.544
489000,0.055,0.402,0.543
489500,0.051,0.385,0.564
490000,0.050,0.336,0.614
490500,0.050,0.502,0.448
491000,0.050,0.461,0.489
491500,0.050,0.412,0.538
492000,0.050,0.382,0.568
492500,0.050,0.298,0.652
493000,0.050,0.376,0.574
493500,0.050,0.447,0.503
494000,0.050,0.421,0.529
494500,0.050,0.440,0.510
495000,0.050,0.400,0.550
495500,0.050,0.482,0.468
496000,0.050,0.375,0.575
496500,0.050,0.450,0.500
497000,0.050,0.430,0.520
497500,0.050,0.419,0.531
498000,0.050,0.489,0.461
498500,0.050,0.416,0.534
499000,0.050,0.446,0.504
499500,0.050,0.491,0.459
500000,0.050,0.449,0.501
500500,0.050,0.437,0.513
501000,0.050,0.361,0.589
501500,0.050,0.443,0.507
502000,0.050,0.492,0.458
502500,0.050,0.419,0.531
503000,0.050,0.461,0.489
503500,0.050,0.396,0.554
504000,0.050,0.396,0.554
504500,0.050,0.487,0.463
505000,0.050,0.430,0.520
505500,0.050,0.472,0.478
506000,0.050,0.415,0.535
506500,0.050,0.496,0.454
507000,0.050,0.463,0.487
507500,0.050,0.447,0.503
508000,0.050,0.386,0.564
508500,0.050,0.421,0.529
509000,0.050,0.454,0.496
509500,0.050,0.449,0.501
510000,0.050,0.479,0.471
510500,0.060,0.339,0.601
511000,0.050,0.523,0.427
511500,0.050,0.491,0.459
512000,0.050,0.368,0.582
512500,0.056,0.289,0.655
513000,0.050,0.387,0.563
513500,0.050,0.389,0.561
514000,0.050,0.389,0.561
514500,0.050,0.376,0.574
515000,0.050,0.404,0.546
515500,0.050,0.397,0.553
516000,0.050,0.403,0.547
516500,0.050,0.454,0.496
517000,0.050,0.521,0.429
517500,0.050,0.492,0.458
518000,0.050,0.390,0.560
518500,0.058,0.323,0.619
519000,0.050,0.417,0.533
519500,0.050,0.454,0.496
520000,0.050,0.530,0.420
520500,0.050,0.387,0.563
521000,0.050,0.490,0.460
521500,0.050,0.416,0.534
522000,0.050,0.479,0.471
522500,0.050,0.393,0.557
523000,0.050,0.421,0.529
523500,0.050,0.410,0.540
524000,0.051,0.345,0.604
524500,0.051,0.256,0.693
525000,0.050,0.337,0.613
525500,0.050,0.467,0.483
526000,0.050,0.398,0.552
526500,0.050,0.424,0.526
527000,0.054,0.367,0.579
527500,0.050,0.488,0.462
528000,0.050,0.447,0.503
528500,0.050,0.486,0.464
529000,0.050,0.399,0.551
529500,0.050,0.498,0.452
530000,0.050,0.452,0.498
530500,0.050,0.409,0.541
531000,0.050,0.383,0.567
531500,0.050,0.435,0.515
532000,0.050,0.438,0.512
532500,0.050,0.479,0.471
533000,0.050,0.409,0.541
533500,0.050,0.373,0.577
534000,0.050,0.380,0.570
534500,0.050,0.461,0.489
535000,0.050,0.491,0.459
535500,0.052,0.418,0.530
536000,0.050,0.523,0.427
536500,0.050,0.466,0.484
537000,0.050,0.515,0.435
537500,0.050,0.439,0.511
538000,0.050,0.465,0.485
538500,0.050,0.413,0.537
539000,0.050,0.397,0.553
539500,0.050,0.420,0.530
540000,0.050,0.454,0.496
540500,0.050,0.458,0.492
541000,0.050,0.427,0.523
541500,0.050,0.565,0.385
542000,0.050,0.470,0.480
542500,0.050,0.432,0.518
543000,0.050,0.453,0.497
543500,0.050,0.458,0.492
544000,0.050,0.394,0.556
544500,0.050,0.476,0.474
545000,0.052,0.385,0.563
545500,0.050,0.370,0.580
546000,0.052,0.411,0.537
546500,0.050,0.536,0.414
547000,0.050,0.515,0.435
547500,0.050,0.465,0.485
548000,0.050,0.419,0.531
548500,0.050,0.439,0.511
549000,0.050,0.378,0.572
549500,0.052,0.352,0.596
550000,0.050,0.531,0.419
550500,0.050,0.473,0.477
551000,0.050,0.419,0.531
551500,0.053,0.354,0.593
552000,0.050,0.451,0.499
552500,0.050,0.545,0.405
553000,0.050,0.498,0.452
553500,0.057,0.350,0.593
554000,0.051,0.468,0.481
554500,0.050,0.460,0.490
555000,0.050,0.553,0.397
555500,0.050,0.549,0.401
556000,0.050,0.436,0.514
556500,0.050,0.602,0.348
557000,0.050,0.377,0.573
557500,0.050,0.356,0.594
558000,0.050,0.414,0.536
558500,0.050,0.513,0.437
559000,0.050,0.356,0.594
559500,0.050,0.423,0.527
560000,0.050,0.476,0.474
560500,0.050,0.344,0.606
561000,0.050,0.409,0.541
561500,0.050,0.314,0.636
562000,0.050,0.367,0.583
562500,0.050,0.377,0.573
563000,0.050,0.396,0.554
563500,0.050,0.497,0.453
564000,0.050,0.401,0.549
564500,0.050,0.493,0.457
565000,0.050,0.371,0.579
565500,0.050,0.336,0.614
566000,0.056,0.372,0.572
566500,0.054,0.302,0.644
567000,0.050,0.404,0.546
567500,0.050,0.418,0.532
568000,0.050,0.329,0.621
568500,0.058,0.333,0.609
569000,0.050,0.353,0.597
569500,0.050,0.387,0.563
570000,0.050,0.404,0.546
570500,0.050,0.461,0.489
571000,0.050,0.422,0.528
571500,0.050,0.412,0.538
572000,0.050,0.377,0.573
572500,0.050,0.495,0.455
573000,0.050,0.356,0.594
573500,0.053,0.289,0.658
574000,0.052,0.294,0.654
574500,0.050,0.454,0.496
575000,0.050,0.318,0.632
575500,0.050,0.427,0.523
576000,0.050,0.383,0.567
576500,0.050,0.537,0.413
577000,0.050,0.615,0.335
577500,0.050,0.484,0.466
578000,0.050,0.455,0.495
578500,0.050,0.456,0.494
579000,0.050,0.512,0.438
579500,0.050,0.394,0.556
580000,0.050,0.388,0.562
580500,0.050,0.360,0.590
581000,0.052,0.424,0.524
581500,0.050,0.327,0.623
582000,0.050,0.528,0.422
582500,0.052,0.389,0.559
583000,0.050,0.382,0.568
583500,0.050,0.395,0.555
584000,0.050,0.433,0.517
584500,0.050,0.392,0.558
585000,0.052,0.444,0.504
585500,0.050,0.483,0.467
586000,0.050,0.455,0.495
586500,0.051,0.530,0.419
587000,0.050,0.416,0.534
587500,0.050,0.384,0.566
588000,0.050,0.446,0.504
588500,0.050,0.400,0.550
589000,0.050,0.391,0.559
589500,0.050,0.353,0.597
590000,0.050,0.435,0.515
590500,0.050,0.434,0.516
591000,0.050,0.378,0.572
591500,0.050,0.493,0.457
592000,0.050,0.456,0.494
592500,0.050,0.473,0.477
593000,0.060,0.365,0.575
593500,0.050,0.404,0.546
594000,0.061,0.340,0.599
594500,0.050,0.433,0.517
595000,0.050,0.404,0.546
595500,0.063,0.383,0.554
596000,0.050,0.476,0.474
596500,0.050,0.518,0.432
597000,0.050,0.392,0.558
597500,0.050,0.410,0.540
598000,0.050,0.325,0.625
598500,0.050,0.394,0.556
599000,0.050,0.442,0.508
599500,0.050,0.481,0.469
600000,0.050,0.410,0.540
600500,0.050,0.427,0.523
601000,0.050,0.473,0.477
601500,0.050,0.356,0.594
602000,0.050,0.380,0.570
602500,0.051,0.384,0.565
603000,0.050,0.469,0.481
603500,0.050,0.275,0.675
604000,0.050,0.374,0.576
604500,0.050,0.423,0.527
605000,0.050,0.528,0.422
605500,0.050,0.439,0.511
606000,0.050,0.504,0.446
606500,0.050,0.406,0.544
607000,0.050,0.453,0.497
607500,0.050,0.478,0.472
608000,0.050,0.433,0.517
608500,0.050,0.462,0.488
609000,0.050,0.445,0.505
609500,0.050,0.394,0.556
610000,0.050,0.462,0.488
610500,0.050,0.444,0.506
611000,0.050,0.409,0.541
611500,0.050,0.455,0.495
612000,0.050,0.430,0.520
612500,0.050,0.487,0.463
613000,0.050,0.467,0.483
613500,0.052,0.423,0.525
614000,0.051,0.346,0.603
614500,0.050,0.415,0.535
615000,0.050,0.444,0.506
615500,0.050,0.455,0.495
616000,0.050,0.429,0.521
616500,0.050,0.402,0.548
617000,0.050,0.447,0.503
617500,0.050,0.440,0.510
618000,0.050,0.298,0.652
618500,0.050,0.472,0.478
619000,0.050,0.445,0.505
619500,0.050,0.411,0.539
620000,0.050,0.455,0.495
620500,0.050,0.447,0.503
621000,0.050,0.388,0.562
621500,0.050,0.404,0.546
622000,0.050,0.480,0.470
622500,0.050,0.379,0.571
623000,0.050,0.386,0.564
623500,0.050,0.430,0.520
624000,0.050,0.415,0.535
624500,0.050,0.491,0.459
625000,0.050,0.540,0.410
625500,0.050,0.471,0.479
626000,0.050,0.470,0.480
626500,0.050,0.479,0.471
627000,0.050,0.421,0.529
627500,0.050,0.430,0.520
628000,0.050,0.510,0.440
628500,0.050,0.463,0.487
629000,0.050,0.503,0.447
629500,0.050,0.395,0.555
630000,0.050,0.444,0.506
630500,0.050,0.436,0.514
631000,0.050,0.402,0.548
631500,0.050,0.483,0.467
632000,0.050,0.484,0.466
632500,0.050,0.419,0.531
633000,0.050,0.389,0.561
633500,0.060,0.372,0.568
634000,0.050,0.345,0.605
634500,0.058,0.438,0.504
635000,0.050,0.383,0.567
635500,0.050,0.399,0.551
636000,0.050,0.299,0.651
636500,0.050,0.406,0.544
637000,0.050,0.468,0.482
637500,0.050,0.394,0.556
638000,0.050,0.257,0.693
638500,0.050,0.451,0.499
639000,0.050,0.444,0.506
639500,0.050,0.459,0.491
640000,0.050,0.391,0.559
640500,0.050,0.357,0.593
641000,0.050,0.464,0.486
641500,0.050,0.477,0.473
642000,0.050,0.426,0.524
642500,0.050,0.467,0.483
643000,0.050,0.343,0.607
643500,0.063,0.371,0.566
644000,0.050,0.414,0.536
644500,0.050,0.523,0.427
645000,0.050,0.422,0.528
645500,0.050,0.377,0.573
646000,0.050,0.367,0.583
646500,0.050,0.479,0.471
647000,0.050,0.453,0.497
647500,0.050,0.434,0.516
648000,0.050,0.436,0.514
648500,0.055,0.337,0.608
649000,0.050,0.446,0.504
649500,0.050,0.399,0.551
650000,0.050,0.519,0.431
650500,0.050,0.404,0.546
651000,0.050,0.435,0.515
651500,0.050,0.490,0.460
652000,0.050,0.399,0.551
652500,0.050,0.399,0.551
653000,0.050,0.388,0.562
653500,0.050,0.425,0.525
654000,0.050,0.402,0.548
654500,0.050,0.418,0.532
655000,0.050,0.632,0.318
655500,0.050,0.404,0.546
656000,0.050,0.363,0.587
656500,0.050,0.403,0.547
657000,0.050,0.478,0.472
657500,0.050,0.321,0.629
658000,0.050,0.521,0.429
658500,0.050,0.495,0.455
659000,0.050,0.495,0.455
659500,0.050,0.464,0.486
660000,0.050,0.462,0.488
660500,0.050,0.445,0.505
661000,0.050,0.471,0.479
661500,0.050,0.345,0.605
662000,0.050,0.361,0.589
662500,0.050,0.459,0.491
663000,0.050,0.459,0.491
663500,0.050,0.354,0.596
664000,0.050,0.319,0.631
664500,0.050,0.352,0.598
665000,0.050,0.417,0.533
665500,0.050,0.442,0.508
666000,0.050,0.402,0.548
666500,0.050,0.364,0.586
667000,0.050,0.467,0.483
667500,0.050,0.493,0.457
668000,0.050,0.459,0.491
668500,0.050,0.388,0.562
669000,0.050,0.370,0.580
669500,0.062,0.329,0.609
670000,0.051,0.398,0.551
670500,0.050,0.473,0.477
671000,0.050,0.480,0.470
671500,0.050,0.417,0.533
672000,0.050,0.420,0.530
672500,0.050,0.365,0.585
673000,0.050,0.481,0.469
673500,0.050,0.395,0.555
674000,0.050,0.346,0.604
674500,0.050,0.468,0.482
675000,0.050,0.362,0.588
675500,0.050,0.411,0.539
676000,0.050,0.402,0.548
676500,0.050,0.322,0.628
677000,0.050,0.373,0.577
677500,0.063,0.292,0.645
678000,0.053,0.335,0.612
678500,0.050,0.459,0.491
679000,0.050,0.470,0.480
679500,0.050,0.380,0.570
680000,0.050,0.526,0.424
680500,0.050,0.422,0.528
681000,0.050,0.583,0.367
681500,0.050,0.511,0.439
682000,0.050,0.449,0.501
682500,0.050,0.370,0.580
683000,0.057,0.377,0.566
683500,0.050,0.359,0.591
684000,0.050,0.416,0.534
684500,0.050,0.492,0.458
685000,0.050,0.469,0.481
685500,0.050,0.499,0.451
686000,0.050,0.429,0.521
686500,0.050,0.493,0.457
687000,0.050,0.425,0.525
687500,0.050,0.545,0.405
688000,0.050,0.450,0.500
688500,0.050,0.456,0.494
689000,0.050,0.468,0.482
689500,0.050,0.445,0.505
690000,0.050,0.506,0.444
690500,0.050,0.611,0.339
691000,0.050,0.583,0.367
691500,0.050,0.489,0.461
692000,0.050,0.331,0.619
692500,0.050,0.527,0.423
693000,0.050,0.551,0.399
693500,0.064,0.311,0.625
694000,0.050,0.423,0.527
694500,0.050,0.505,0.445
695000,0.050,0.459,0.491
695500,0.050,0.453,0.497
696000,0.050,0.481,0.469
696500,0.050,0.513,0.437
697000,0.050,0.389,0.561
697500,0.050,0.396,0.554
698000,0.050,0.381,0.569
698500,0.050,0.408,0.542
699000,0.050,0.388,0.562
699500,0.050,0.489,0.461
700000,0.050,0.399,0.551
700500,0.050,0.451,0.499
701000,0.050,0.415,0.535
701500,0.050,0.441,0.509
702000,0.050,0.380,0.570
702500,0.050,0.327,0.623
703000,0.050,0.445,0.505
703500,0.050,0.318,0.632
704000,0.050,0.417,0.533
704500,0.050,0.440,0.510
705000,0.050,0.451,0.499
705500,0.050,0.338,0.612
706000,0.050,0.351,0.599
706500,0.058,0.296,0.646
707000,0.050,0.339,0.611
707500,0.050,0.537,0.413
708000,0.050,0.568,0.382
708500,0.050,0.310,0.640
709000,0.050,0.370,0.580
709500,0.050,0.436,0.514
710000,0.050,0.544,0.406
710500,0.050,0.519,0.431
711000,0.050,0.385,0.565
711500,0.050,0.322,0.628
712000,0.050,0.420,0.530
712500,0.050,0.471,0.479
713000,0.050,0.361,0.589
713500,0.050,0.477,0.473
714000,0.050,0.387,0.563
714500,0.063,0.405,0.532
715000,0.051,0.453,0.496
715500,0.050,0.457,0.493
716000,0.050,0.465,0.485
716500,0.050,0.504,0.446
717000,0.050,0.473,0.477
717500,0.056,0.395,0.549
718000,0.050,0.381,0.569
718500,0.050,0.435,0.515
719000,0.050,0.370,0.580
719500,0.050,0.423,0.527
720000,0.050,0.272,0.678
720500,0.050,0.388,0.562
721000,0.050,0.479,0.471
721500,0.050,0.420,0.530
722000,0.069,0.307,0.624
722500,0.050,0.273,0.677
723000,0.050,0.432,0.518
723500,0.050,0.385,0.565
724000,0.050,0.431,0.519
724500,0.050,0.456,0.494
725000,0.050,0.339,0.611
725500,0.061,0.324,0.615
726000,0.050,0.434,0.516
726500,0.052,0.368,0.580
727000,0.050,0.354,0.596
727500,0.050,0.367,0.583
728000,0.050,0.451,0.499
728500,0.063,0.444,0.493
729000,0.050,0.419,0.531
729500,0.053,0.349,0.598
730000,0.050,0.411,0.539
730500,0.050,0.378,0.572
731000,0.050,0.425,0.525
731500,0.050,0.513,0.437
732000,0.050,0.562,0.388
732500,0.050,0.431,0.519
733000,0.050,0.468,0.482
733500,0.050,0.444,0.506
734000,0.050,0.457,0.493
734500,0.050,0.370,0.580
735000,0.050,0.406,0.544
735500,0.050,0.569,0.381
736000,0.050,0.408,0.542
736500,0.050,0.478,0.472
737000,0.050,0.517,0.433
737500,0.050,0.493,0.457
738000,0.050,0.509,0.441
738500,0.050,0.393,0.557
739000,0.050,0.386,0.564
739500,0.050,0.465,0.485
740000,0.050,0.340,0.610
740500,0.050,0.399,0.551
741000,0.050,0.379,0.571
741500,0.050,0.529,0.421
742000,0.050,0.385,0.565
742500,0.050,0.420,0.530
743000,0.050,0.502,0.448
743500,0.050,0.377,0.573
744000,0.050,0.430,0.520
744500,0.050,0.396,0.554
745000,0.050,0.422,0.528
745500,0.050,0.506,0.444
746000,0.050,0.430,0.520
746500,0.050,0.478,0.472
747000,0.050,0.456,0.494
747500,0.050,0.442,0.508
748000,0.050,0.335,0.615
748500,0.050,0.357,0.593
749000,0.056,0.321,0.623
749500,0.050,0.376,0.574
750000,0.051,0.323,0.626
750500,0.050,0.447,0.503
751000,0.050,0.343,0.607
751500,0.050,0.463,0.487
752000,0.050,0.456,0.494
752500,0.050,0.469,0.481
753000,0.050,0.512,0.438
753500,0.050,0.578,0.372
754000,0.050,0.446,0.504
754500,0.050,0.411,0.539
755000,0.050,0.508,0.442
755500,0.050,0.496,0.454
756000,0.050,0.395,0.555
756500,0.050,0.344,0.606
757000,0.053,0.383,0.564
757500,0.050,0.457,0.493
758000,0.050,0.429,0.521
758500,0.050,0.470,0.480
759000,0.050,0.416,0.534
759500,0.050,0.456,0.494
760000,0.050,0.353,0.597
760500,0.065,0.268,0.667
761000,0.052,0.321,0.627
761500,0.050,0.439,0.511
762000,0.050,0.420,0.530
762500,0.050,0.319,0.631
763000,0.050,0.391,0.559
763500,0.050,0.404,0.546
764000,0.050,0.432,0.518
764500,0.050,0.440,0.510
765000,0.050,0.384,0.566
765500,0.050,0.393,0.557
766000,0.050,0.429,0.521
766500,0.050,0.419,0.531
767000,0.050,0.513,0.437
767500,0.050,0.357,0.593
768000,0.050,0.439,0.511
768500,0.050,0.414,0.536
769000,0.050,0.334,0.616
769500,0.050,0.473,0.477
770000,0.050,0.480,0.470
770500,0.050,0.433,0.517
771000,0.050,0.444,0.506
771500,0.050,0.454,0.496
772000,0.050,0.481,0.469
772500,0.050,0.425,0.525
773000,0.050,0.419,0.531
773500,0.050,0.504,0.446
774000,0.050,0.454,0.496
774500,0.050,0.378,0.572
775000,0.050,0.447,0.503
775500,0.050,0.414,0.536
776000,0.050,0.372,0.578
776500,0.051,0.334,0.615
777000,0.050,0.428,0.522
777500,0.050,0.513,0.437
778000,0.050,0.460,0.490
778500,0.050,0.302,0.648
779000,0.050,0.225,0.725
779500,0.050,0.386,0.564
780000,0.050,0.375,0.575
780500,0.050,0.422,0.528
781000,0.050,0.312,0.638
781500,0.050,0.445,0.505
782000,0.050,0.388,0.562
782500,0.050,0.388,0.562
783000,0.050,0.513,0.437
783500,0.050,0.438,0.512
784000,0.050,0.448,0.502
784500,0.050,0.463,0.487
785000,0.059,0.325,0.616
785500,0.051,0.378,0.571
786000,0.050,0.477,0.473
786500,0.050,0.396,0.554
787000,0.050,0.343,0.607
787500,0.050,0.440,0.510
788000,0.050,0.354,0.596
788500,0.050,0.453,0.497
789000,0.050,0.480,0.470
789500,0.050,0.367,0.583
790000,0.050,0.389,0.561
790500,0.050,0.538,0.412
791000,0.050,0.526,0.424
791500,0.050,0.416,0.534
792000,0.050,0.389,0.561
792500,0.050,0.422,0.528
793000,0.050,0.558,0.392
793500,0.050,0.460,0.490
794000,0.052,0.467,0.481
794500,0.050,0.440,0.510
795000,0.050,0.458,0.492
795500,0.062,0.289,0.649
796000,0.050,0.347,0.603
796500,0.050,0.470,0.480
797000,0.050,0.286,0.664
797500,0.050,0.472,0.478
798000,0.050,0.392,0.558
798500,0.055,0.344,0.601
799000,0.050,0.371,0.579
799500,0.051,0.400,0.549
800000,0.050,0.459,0.491
800500,0.050,0.456,0.494
801000,0.050,0.380,0.570
801500,0.050,0.303,0.647
802000,0.058,0.374,0.568
802500,0.050,0.389,0.561
803000,0.062,0.226,0.712
803500,0.050,0.317,0.633
804000,0.050,0.442,0.508
804500,0.050,0.502,0.448
805000,0.050,0.412,0.538
805500,0.050,0.476,0.474
806000,0.050,0.491,0.459
806500,0.050,0.529,0.421
807000,0.050,0.422,0.528
807500,0.050,0.513,0.437
808000,0.050,0.386,0.564
808500,0.062,0.372,0.566
809000,0.050,0.446,0.504
809500,0.050,0.419,0.531
810000,0.050,0.493,0.457
810500,0.050,0.308,0.642
811000,0.050,0.404,0.546
811500,0.059,0.236,0.705
812000,0.050,0.410,0.540
812500,0.050,0.438,0.512
813000,0.050,0.360,0.590
813500,0.050,0.503,0.447
814000,0.050,0.461,0.489
814500,0.053,0.388,0.559
815000,0.050,0.444,0.506
815500,0.050,0.417,0.533
816000,0.050,0.463,0.487
816500,0.050,0.429,0.521
817000,0.050,0.444,0.506
817500,0.050,0.366,0.584
818000,0.050,0.503,0.447
818500,0.050,0.406,0.544
819000,0.058,0.411,0.531
819500,0.050,0.421,0.529
820000,0.050,0.410,0.540
820500,0.050,0.544,0.406
821000,0.050,0.494,0.456
821500,0.050,0.467,0.483
822000,0.050,0.375,0.575
822500,0.050,0.411,0.539
823000,0.050,0.419,0.531
823500,0.050,0.372,0.578
824000,0.050,0.424,0.526
824500,0.050,0.447,0.503
825000,0.054,0.381,0.565
825500,0.050,0.382,0.568
826000,0.050,0.444,0.506
826500,0.050,0.487,0.463
827000,0.050,0.458,0.492
827500,0.050,0.357,0.593
828000,0.050,0.332,0.618
828500,0.050,0.352,0.598
829000,0.051,0.335,0.614
829500,0.055,0.304,0.641
830000,0.050,0.446,0.504
830500,0.050,0.338,0.612
831000,0.050,0.355,0.595
831500,0.050,0.311,0.639
832000,0.050,0.379,0.571
832500,0.050,0.556,0.394
833000,0.050,0.413,0.537
833500,0.050,0.390,0.560
834000,0.050,0.464,0.486
834500,0.050,0.517,0.433
835000,0.050,0.436,0.514
835500,0.050,0.426,0.524
836000,0.050,0.482,0.468
836500,0.050,0.462,0.488
837000,0.050,0.427,0.523
837500,0.050,0.484,0.466
838000,0.050,0.418,0.532
838500,0.050,0.474,0.476
839000,0.050,0.466,0.484
839500,0.050,0.462,0.488
840000,0.050,0.343,0.607
840500,0.050,0.425,0.525
841000,0.050,0.377,0.573
841500,0.050,0.367,0.583
842000,0.050,0.437,0.513
842500,0.050,0.372,0.578
843000,0.050,0.378,0.572
843500,0.050,0.628,0.322
844000,0.050,0.432,0.518
844500,0.057,0.400,0.543
845000,0.050,0.387,0.563
845500,0.050,0.386,0.564
846000,0.050,0.437,0.513
846500,0.050,0.328,0.622
847000,0.050,0.431,0.519
847500,0.050,0.394,0.556
848000,0.050,0.335,0.615
848500,0.050,0.476,0.474
849000,0.050,0.517,0.433
849500,0.050,0.381,0.569
850000,0.050,0.379,0.571
850500,0.050,0.323,0.627
851000,0.052,0.293,0.655
851500,0.050,0.398,0.552
852000,0.050,0.419,0.531
852500,0.050,0.380,0.570
853000,0.050,0.397,0.553
853500,0.050,0.486,0.464
854000,0.050,0.564,0.386
854500,0.050,0.412,0.538
855000,0.050,0.381,0.569
855500,0.050,0.456,0.494
856000,0.050,0.395,0.555
856500,0.050,0.471,0.479
857000,0.050,0.497,0.453
857500,0.050,0.446,0.504
858000,0.050,0.402,0.548
858500,0.050,0.500,0.450
859000,0.050,0.383,0.567
859500,0.050,0.458,0.492
860000,0.050,0.507,0.443
860500,0.050,0.427,0.523
861000,0.050,0.276,0.674
861500,0.060,0.346,0.594
862000,0.050,0.324,0.626
862500,0.050,0.292,0.658
863000,0.050,0.480,0.470
863500,0.050,0.499,0.451
864000,0.050,0.414,0.536
864500,0.050,0.436,0.514
865000,0.050,0.432,0.518
865500,0.050,0.508,0.442
866000,0.050,0.525,0.425
866500,0.050,0.458,0.492
867000,0.050,0.442,0.508
867500,0.050,0.417,0.533
868000,0.050,0.433,0.517
868500,0.051,0.368,0.581
869000,0.050,0.368,0.582
869500,0.050,0.471,0.479
870000,0.050,0.479,0.471
870500,0.050,0.417,0.533
871000,0.051,0.493,0.456
871500,0.050,0.404,0.546
872000,0.050,0.464,0.486
872500,0.050,0.533,0.417
873000,0.050,0.519,0.431
873500,0.050,0.434,0.516
874000,0.050,0.407,0.543
874500,0.052,0.351,0.597
875000,0.050,0.367,0.583
875500,0.064,0.405,0.531
876000,0.050,0.414,0.536
876500,0.050,0.484,0.466
877000,0.050,0.480,0.470
877500,0.050,0.439,0.511
878000,0.050,0.462,0.488
878500,0.050,0.411,0.539
879000,0.053,0.476,0.471
879500,0.050,0.547,0.403
880000,0.050,0.523,0.427
880500,0.050,0.499,0.451
881000,0.050,0.482,0.468
881500,0.050,0.486,0.464
882000,0.050,0.408,0.542
882500,0.050,0.426,0.524
883000,0.065,0.297,0.638
883500,0.056,0.287,0.657
884000,0.051,0.427,0.522
884500,0.050,0.494,0.456
885000,0.050,0.439,0.511
885500,0.050,0.444,0.506
886000,0.051,0.294,0.655
886500,0.050,0.511,0.439
887000,0.050,0.462,0.488
887500,0.050,0.406,0.544
888000,0.050,0.508,0.442
888500,0.050,0.478,0.472
889000,0.050,0.516,0.434
889500,0.050,0.369,0.581
890000,0.052,0.370,0.578
890500,0.050,0.425,0.525
891000,0.050,0.439,0.511
891500,0.050,0.435,0.515
892000,0.050,0.451,0.499
892500,0.062,0.411,0.527
893000,0.050,0.467,0.483
893500,0.050,0.397,0.553
894000,0.050,0.414,0.536
894500,0.050,0.356,0.594
895000,0.050,0.473,0.477
895500,0.050,0.354,0.596
896000,0.050,0.369,0.581
896500,0.050,0.378,0.572
897000,0.050,0.373,0.577
897500,0.050,0.462,0.488
898000,0.050,0.530,0.420
898500,0.050,0.377,0.573
899000,0.050,0.427,0.523
899500,0.050,0.385,0.565
900000,0.050,0.429,0.521
900500,0.050,0.374,0.576
901000,0.050,0.334,0.616
901500,0.051,0.331,0.618
902000,0.050,0.332,0.618
902500,0.050,0.456,0.494
903000,0.050,0.447,0.503
903500,0.050,0.442,0.508
904000,0.050,0.474,0.476
904500,0.050,0.341,0.609
905000,0.050,0.444,0.506
905500,0.053,0.308,0.639
906000,0.050,0.336,0.614
906500,0.051,0.294,0.655
907000,0.051,0.407,0.542
907500,0.050,0.467,0.483
908000,0.050,0.484,0.466
908500,0.050,0.457,0.493
909000,0.050,0.508,0.442
909500,0.050,0.528,0.422
910000,0.050,0.548,0.402
910500,0.050,0.327,0.623
911000,0.050,0.407,0.543
911500,0.058,0.348,0.594
912000,0.050,0.355,0.595
912500,0.050,0.404,0.546
913000,0.050,0.391,0.559
913500,0.050,0.551,0.399
914000,0.050,0.477,0.473
914500,0.050,0.456,0.494
915000,0.050,0.443,0.507
915500,0.050,0.399,0.551
916000,0.050,0.482,0.468
916500,0.050,0.418,0.532
917000,0.050,0.363,0.587
917500,0.052,0.388,0.560
918000,0.050,0.426,0.524
918500,0.050,0.333,0.617
919000,0.050,0.420,0.530
919500,0.050,0.519,0.431
920000,0.050,0.406,0.544
920500,0.050,0.436,0.514
921000,0.050,0.402,0.548
921500,0.050,0.479,0.471
922000,0.050,0.406,0.544
922500,0.053,0.346,0.601
923000,0.059,0.364,0.577
923500,0.050,0.338,0.612
924000,0.056,0.341,0.603
924500,0.050,0.431,0.519
925000,0.050,0.468,0.482
925500,0.050,0.340,0.610
926000,0.050,0.445,0.505
926500,0.050,0.473,0.477
927000,0.050,0.355,0.595
927500,0.050,0.285,0.665
928000,0.052,0.313,0.635
928500,0.050,0.468,0.482
929000,0.050,0.390,0.560
929500,0.051,0.353,0.596
930000,0.050,0.396,0.554
930500,0.050,0.333,0.617
931000,0.050,0.424,0.526
931500,0.050,0.393,0.557
932000,0.050,0.324,0.626
932500,0.074,0.225,0.701
933000,0.050,0.359,0.591
933500,0.050,0.456,0.494
934000,0.050,0.436,0.514
934500,0.050,0.480,0.470
935000,0.050,0.474,0.476
935500,0.050,0.461,0.489
936000,0.050,0.500,0.450
936500,0.050,0.429,0.521
937000,0.050,0.396,0.554
937500,0.050,0.436,0.514
938000,0.057,0.331,0.612
938500,0.062,0.353,0.585
939000,0.050,0.423,0.527
939500,0.050,0.436,0.514
940000,0.050,0.359,0.591
940500,0.050,0.425,0.525
941000,0.050,0.468,0.482
941500,0.050,0.365,0.585
942000,0.050,0.432,0.518
942500,0.050,0.458,0.492
943000,0.050,0.404,0.546
943500,0.050,0.498,0.452
944000,0.050,0.389,0.561
944500,0.050,0.411,0.539
945000,0.050,0.406,0.544
945500,0.050,0.397,0.553
946000,0.052,0.374,0.574
946500,0.051,0.477,0.472
947000,0.050,0.372,0.578
947500,0.050,0.494,0.456
948000,0.050,0.383,0.567
948500,0.050,0.384,0.566
949000,0.050,0.467,0.483
949500,0.050,0.429,0.521
950000,0.050,0.365,0.585
950500,0.050,0.394,0.556
951000,0.050,0.419,0.531
951500,0.050,0.476,0.474
952000,0.050,0.509,0.441
952500,0.050,0.473,0.477
953000,0.050,0.389,0.561
953500,0.050,0.416,0.534
954000,0.050,0.504,0.446
954500,0.050,0.481,0.469
955000,0.050,0.471,0.479
955500,0.050,0.519,0.431
956000,0.050,0.501,0.449
956500,0.050,0.393,0.557
957000,0.050,0.373,0.577
957500,0.063,0.396,0.541
958000,0.050,0.442,0.508
958500,0.050,0.420,0.530
959000,0.050,0.466,0.484
959500,0.050,0.434,0.516
960000,0.050,0.308,0.642
960500,0.050,0.493,0.457
961000,0.050,0.361,0.589
961500,0.050,0.464,0.486
962000,0.050,0.412,0.538
962500,0.050,0.345,0.605
963000,0.050,0.401,0.549
963500,0.050,0.484,0.466
964000,0.050,0.424,0.526
964500,0.050,0.409,0.541
965000,0.050,0.415,0.535
965500,0.050,0.499,0.451
966000,0.050,0.461,0.489
966500,0.050,0.491,0.459
967000,0.050,0.459,0.491
967500,0.050,0.326,0.624
968000,0.050,0.368,0.582
968500,0.050,0.389,0.561
969000,0.050,0.452,0.498
969500,0.050,0.405,0.545
970000,0.050,0.455,0.495
970500,0.050,0.515,0.435
971000,0.050,0.435,0.515
971500,0.050,0.336,0.614
972000,0.060,0.270,0.670
972500,0.054,0.307,0.639
973000,0.050,0.346,0.604
973500,0.050,0.403,0.547
974000,0.054,0.325,0.621
974500,0.050,0.374,0.576
975000,0.050,0.384,0.566
975500,0.050,0.489,0.461
976000,0.050,0.471,0.479
976500,0.050,0.484,0.466
977000,0.050,0.422,0.528
977500,0.050,0.415,0.535
978000,0.050,0.444,0.506
978500,0.050,0.394,0.556
979000,0.050,0.507,0.443
979500,0.050,0.353,0.597
980000,0.053,0.376,0.571
980500,0.050,0.400,0.550
981000,0.050,0.437,0.513
981500,0.050,0.441,0.509
982000,0.050,0.288,0.662
982500,0.050,0.424,0.526
983000,0.050,0.396,0.554
983500,0.052,0.418,0.530
984000,0.050,0.404,0.546
984500,0.051,0.316,0.633
985000,0.050,0.406,0.544
985500,0.050,0.472,0.478
986000,0.050,0.355,0.595
986500,0.050,0.440,0.510
987000,0.050,0.456,0.494
987500,0.050,0.517,0.433
988000,0.050,0.383,0.567
988500,0.050,0.386,0.564
989000,0.050,0.466,0.484
989500,0.050,0.403,0.547
990000,0.050,0.417,0.533
990500,0.050,0.445,0.505
991000,0.050,0.480,0.470
991500,0.050,0.431,0.519
992000,0.050,0.462,0.488
992500,0.050,0.461,0.489
993000,0.053,0.314,0.633
993500,0.050,0.333,0.617
994000,0.050,0.478,0.472
994500,0.050,0.362,0.588
995000,0.050,0.347,0.603
995500,0.050,0.495,0.455
996000,0.050,0.442,0.508
996500,0.050,0.399,0.551
997000,0.050,0.483,0.467
997500,0.050,0.579,0.371
998000,0.051,0.455,0.494
998500,0.050,0.342,0.608
999000,0.050,0.392,0.558
999500,0.050,0.389,0.561
1000000,0.050,0.387,0.563
