time,n_A+p,n_B,n_AB
500,0.010,0.976,0.014
1000,0.010,0.973,0.017
1500,0.010,0.957,0.033
2000,0.010,0.956,0.034
2500,0.010,0.957,0.033
3000,0.010,0.968,0.022
3500,0.010,0.926,0.064
4000,0.010,0.925,0.065
4500,0.010,0.932,0.057
5000,0.010,0.944,0.046
5500,0.010,0.950,0.040
6000,0.010,0.946,0.044
6500,0.010,0.949,0.041
7000,0.010,0.893,0.097
7500,0.010,0.908,0.082
8000,0.010,0.914,0.076
8500,0.010,0.920,0.070
9000,0.010,0.940,0.050
9500,0.010,0.937,0.053
10000,0.010,0.953,0.037
10500,0.010,0.949,0.041
11000,0.010,0.938,0.052
11500,0.010,0.939,0.051
12000,0.010,0.948,0.042
12500,0.010,0.932,0.058
13000,0.010,0.952,0.038
13500,0.010,0.958,0.032
14000,0.010,0.928,0.061
14500,0.010,0.944,0.046
15000,0.010,0.944,0.046
15500,0.010,0.962,0.028
16000,0.010,0.958,0.032
16500,0.010,0.969,0.021
17000,0.010,0.920,0.070
17500,0.010,0.933,0.056
18000,0.010,0.932,0.058
18500,0.010,0.943,0.047
19000,0.010,0.955,0.035
19500,0.010,0.955,0.035
20000,0.010,0.956,0.034
20500,0.010,0.929,0.061
21000,0.010,0.944,0.046
21500,0.010,0.948,0.042
22000,0.010,0.939,0.051
22500,0.010,0.936,0.053
23000,0.010,0.940,0.050
23500,0.010,0.950,0.040
24000,0.010,0.939,0.051
24500,0.010,0.928,0.061
25000,0.010,0.919,0.071
25500,0.010,0.933,0.057
26000,0.010,0.938,0.052
26500,0.010,0.949,0.041
27000,0.010,0.946,0.044
27500,0.010,0.931,0.058
28000,0.010,0.955,0.035
28500,0.010,0.965,0.025
29000,0.010,0.958,0.032
29500,0.010,0.962,0.028
30000,0.010,0.967,0.023
30500,0.010,0.957,0.033
31000,0.010,0.965,0.025
31500,0.010,0.950,0.040
32000,0.010,0.932,0.057
32500,0.010,0.936,0.054
33000,0.010,0.925,0.065
33500,0.010,0.912,0.078
34000,0.010,0.933,0.056
34500,0.010,0.929,0.060
35000,0.010,0.904,0.086
35500,0.010,0.922,0.068
36000,0.010,0.913,0.077
36500,0.010,0.938,0.052
37000,0.010,0.954,0.036
37500,0.010,0.944,0.046
38000,0.010,0.952,0.038
38500,0.010,0.962,0.028
39000,0.010,0.965,0.025
39500,0.010,0.982,0.008
40000,0.010,0.976,0.014
40500,0.010,0.966,0.024
41000,0.010,0.965,0.025
41500,0.010,0.954,0.036
42000,0.010,0.955,0.035
42500,0.010,0.956,0.034
43000,0.010,0.959,0.031
43500,0.010,0.963,0.027
44000,0.010,0.950,0.040
44500,0.010,0.958,0.032
45000,0.010,0.957,0.033
45500,0.010,0.961,0.029
46000,0.010,0.952,0.038
46500,0.010,0.964,0.026
47000,0.010,0.960,0.030
47500,0.010,0.959,0.031
48000,0.010,0.959,0.031
48500,0.010,0.974,0.016
49000,0.010,0.981,0.009
49500,0.010,0.956,0.034
50000,0.010,0.923,0.067
50500,0.010,0.937,0.053
51000,0.010,0.960,0.030
51500,0.010,0.953,0.037
52000,0.010,0.967,0.023
52500,0.010,0.963,0.027
53000,0.010,0.968,0.022
53500,0.010,0.963,0.027
54000,0.010,0.959,0.031
54500,0.010,0.957,0.033
55000,0.010,0.961,0.029
55500,0.010,0.957,0.033
56000,0.010,0.967,0.023
56500,0.010,0.947,0.043
57000,0.010,0.929,0.061
57500,0.010,0.940,0.050
58000,0.010,0.917,0.073
58500,0.010,0.916,0.074
59000,0.010,0.929,0.060
59500,0.010,0.911,0.079
60000,0.010,0.931,0.058
60500,0.010,0.923,0.067
61000,0.010,0.941,0.049
61500,0.010,0.941,0.049
62000,0.010,0.928,0.061
62500,0.010,0.918,0.072
63000,0.010,0.939,0.051
63500,0.010,0.954,0.036
64000,0.010,0.956,0.034
64500,0.010,0.929,0.061
65000,0.010,0.934,0.056
65500,0.010,0.926,0.064
66000,0.010,0.922,0.068
66500,0.010,0.932,0.058
67000,0.010,0.912,0.078
67500,0.010,0.921,0.069
68000,0.010,0.929,0.061
68500,0.010,0.934,0.056
69000,0.010,0.911,0.079
69500,0.010,0.926,0.064
70000,0.010,0.902,0.088
70500,0.010,0.907,0.083
71000,0.010,0.908,0.082
71500,0.010,0.926,0.064
72000,0.010,0.948,0.042
72500,0.010,0.950,0.040
73000,0.010,0.934,0.056
73500,0.010,0.949,0.041
74000,0.010,0.946,0.044
74500,0.010,0.962,0.028
75000,0.010,0.948,0.042
75500,0.010,0.954,0.036
76000,0.010,0.949,0.041
76500,0.010,0.951,0.039
77000,0.010,0.941,0.049
77500,0.010,0.934,0.056
78000,0.010,0.910,0.080
78500,0.010,0.933,0.056
79000,0.010,0.925,0.065
79500,0.010,0.898,0.092
80000,0.010,0.908,0.082
80500,0.010,0.923,0.067
81000,0.010,0.973,0.017
81500,0.010,0.973,0.017
82000,0.010,0.946,0.044
82500,0.010,0.921,0.069
83000,0.010,0.920,0.070
83500,0.010,0.915,0.075
84000,0.010,0.906,0.084
84500,0.010,0.928,0.061
85000,0.010,0.945,0.045
85500,0.010,0.938,0.052
86000,0.010,0.918,0.072
86500,0.010,0.910,0.080
87000,0.010,0.951,0.039
87500,0.010,0.938,0.052
88000,0.010,0.938,0.052
88500,0.010,0.931,0.058
89000,0.010,0.946,0.044
89500,0.010,0.946,0.044
90000,0.010,0.948,0.042
90500,0.010,0.930,0.059
91000,0.010,0.932,0.057
91500,0.010,0.944,0.046
92000,0.010,0.958,0.032
92500,0.010,0.950,0.040
93000,0.010,0.939,0.051
93500,0.010,0.944,0.046
94000,0.010,0.956,0.034
94500,0.010,0.961,0.029
95000,0.010,0.960,0.030
95500,0.010,0.948,0.042
96000,0.010,0.947,0.043
96500,0.010,0.945,0.045
97000,0.010,0.956,0.034
97500,0.010,0.943,0.047
98000,0.010,0.965,0.025
98500,0.010,0.964,0.026
99000,0.010,0.967,0.023
99500,0.010,0.948,0.042
100000,0.010,0.938,0.052
100500,0.010,0.956,0.034
101000,0.010,0.947,0.043
101500,0.010,0.949,0.041
102000,0.010,0.953,0.037
102500,0.010,0.956,0.034
103000,0.010,0.946,0.044
103500,0.010,0.923,0.067
104000,0.010,0.908,0.082
104500,0.010,0.906,0.084
105000,0.010,0.893,0.097
105500,0.010,0.921,0.069
106000,0.010,0.924,0.066
106500,0.010,0.904,0.086
107000,0.010,0.903,0.087
107500,0.010,0.923,0.067
108000,0.010,0.941,0.049
108500,0.010,0.951,0.039
109000,0.010,0.962,0.028
109500,0.010,0.956,0.034
110000,0.010,0.944,0.046
110500,0.010,0.961,0.029
111000,0.010,0.952,0.038
111500,0.010,0.950,0.040
112000,0.010,0.952,0.038
112500,0.010,0.937,0.053
113000,0.010,0.936,0.053
113500,0.010,0.941,0.049
114000,0.010,0.960,0.030
114500,0.010,0.952,0.038
115000,0.010,0.942,0.048
115500,0.010,0.929,0.061
116000,0.010,0.958,0.032
116500,0.010,0.943,0.047
117000,0.010,0.912,0.078
117500,0.010,0.913,0.077
118000,0.010,0.920,0.070
118500,0.010,0.919,0.071
119000,0.010,0.935,0.054
119500,0.010,0.951,0.039
120000,0.010,0.920,0.070
120500,0.010,0.922,0.068
121000,0.010,0.911,0.079
121500,0.010,0.925,0.065
122000,0.010,0.927,0.063
122500,0.010,0.917,0.073
123000,0.010,0.898,0.092
123500,0.010,0.895,0.095
124000,0.010,0.940,0.050
124500,0.010,0.928,0.061
125000,0.010,0.918,0.072
125500,0.010,0.945,0.045
126000,0.010,0.903,0.087
126500,0.010,0.919,0.071
127000,0.010,0.904,0.086
127500,0.010,0.900,0.090
128000,0.010,0.903,0.087
128500,0.010,0.902,0.088
129000,0.010,0.926,0.064
129500,0.010,0.933,0.056
130000,0.010,0.947,0.043
130500,0.010,0.951,0.039
131000,0.010,0.948,0.042
131500,0.010,0.957,0.033
132000,0.010,0.938,0.052
132500,0.010,0.935,0.055
133000,0.010,0.931,0.058
133500,0.010,0.960,0.030
134000,0.010,0.913,0.077
134500,0.010,0.891,0.099
135000,0.010,0.863,0.127
135500,0.010,0.890,0.100
136000,0.010,0.901,0.089
136500,0.010,0.915,0.075
137000,0.010,0.938,0.052
137500,0.010,0.948,0.042
138000,0.010,0.933,0.056
138500,0.010,0.920,0.070
139000,0.010,0.911,0.079
139500,0.010,0.925,0.065
140000,0.010,0.944,0.046
140500,0.010,0.953,0.037
141000,0.010,0.956,0.034
141500,0.010,0.935,0.055
142000,0.010,0.942,0.048
142500,0.010,0.956,0.034
143000,0.010,0.932,0.058
143500,0.010,0.938,0.052
144000,0.010,0.951,0.039
144500,0.010,0.960,0.030
145000,0.010,0.961,0.029
145500,0.010,0.966,0.024
146000,0.010,0.965,0.025
146500,0.010,0.958,0.032
147000,0.010,0.948,0.042
147500,0.010,0.938,0.052
148000,0.010,0.938,0.052
148500,0.010,0.949,0.041
149000,0.010,0.959,0.031
149500,0.010,0.943,0.047
150000,0.010,0.932,0.058
150500,0.010,0.947,0.043
151000,0.010,0.962,0.028
151500,0.010,0.955,0.035
152000,0.010,0.935,0.054
152500,0.010,0.961,0.029
153000,0.010,0.949,0.041
153500,0.010,0.906,0.084
154000,0.010,0.923,0.067
154500,0.010,0.883,0.107
155000,0.010,0.871,0.119
155500,0.010,0.925,0.065
156000,0.010,0.942,0.048
156500,0.010,0.940,0.050
157000,0.010,0.946,0.044
157500,0.010,0.958,0.032
158000,0.010,0.938,0.052
158500,0.010,0.948,0.042
159000,0.010,0.905,0.085
159500,0.010,0.921,0.069
160000,0.010,0.927,0.062
160500,0.010,0.953,0.037
161000,0.010,0.938,0.052
161500,0.010,0.956,0.034
162000,0.010,0.949,0.041
162500,0.010,0.956,0.034
163000,0.010,0.944,0.046
163500,0.010,0.920,0.070
164000,0.010,0.913,0.077
164500,0.010,0.958,0.032
165000,0.010,0.950,0.040
165500,0.010,0.937,0.053
166000,0.010,0.943,0.047
166500,0.010,0.910,0.080
167000,0.010,0.915,0.075
167500,0.010,0.903,0.087
168000,0.010,0.917,0.073
168500,0.010,0.898,0.092
169000,0.010,0.896,0.094
169500,0.010,0.910,0.080
170000,0.010,0.918,0.072
170500,0.010,0.932,0.058
171000,0.010,0.921,0.069
171500,0.010,0.909,0.081
172000,0.010,0.915,0.075
172500,0.010,0.926,0.064
173000,0.010,0.949,0.041
173500,0.010,0.937,0.053
174000,0.010,0.934,0.056
174500,0.010,0.937,0.053
175000,0.010,0.920,0.070
175500,0.010,0.921,0.069
176000,0.010,0.908,0.082
176500,0.010,0.912,0.078
177000,0.010,0.932,0.058
177500,0.010,0.930,0.059
178000,0.010,0.941,0.049
178500,0.010,0.954,0.036
179000,0.010,0.943,0.047
179500,0.010,0.947,0.043
180000,0.010,0.952,0.038
180500,0.010,0.973,0.017
181000,0.010,0.974,0.016
181500,0.010,0.959,0.031
182000,0.010,0.936,0.053
182500,0.010,0.944,0.046
183000,0.010,0.958,0.032
183500,0.010,0.938,0.052
184000,0.010,0.936,0.053
184500,0.010,0.934,0.055
185000,0.010,0.906,0.084
185500,0.010,0.926,0.064
186000,0.010,0.912,0.078
186500,0.010,0.932,0.058
187000,0.010,0.922,0.068
187500,0.010,0.942,0.048
188000,0.010,0.924,0.066
188500,0.010,0.917,0.073
189000,0.010,0.898,0.092
189500,0.010,0.848,0.142
190000,0.010,0.861,0.129
190500,0.010,0.842,0.148
191000,0.010,0.840,0.150
191500,0.010,0.883,0.107
192000,0.010,0.899,0.091
192500,0.010,0.914,0.076
193000,0.010,0.942,0.048
193500,0.010,0.952,0.038
194000,0.010,0.931,0.058
194500,0.010,0.938,0.052
195000,0.010,0.932,0.058
195500,0.010,0.919,0.071
196000,0.010,0.957,0.033
196500,0.010,0.959,0.031
197000,0.010,0.968,0.022
197500,0.010,0.968,0.022
198000,0.010,0.961,0.029
198500,0.010,0.938,0.052
199000,0.010,0.946,0.044
199500,0.010,0.956,0.034
200000,0.010,0.947,0.043
200500,0.010,0.937,0.053
201000,0.010,0.931,0.058
201500,0.010,0.934,0.055
202000,0.010,0.944,0.046
202500,0.010,0.950,0.040
203000,0.010,0.947,0.043
203500,0.010,0.945,0.045
204000,0.010,0.900,0.090
204500,0.010,0.886,0.104
205000,0.010,0.898,0.092
205500,0.010,0.932,0.058
206000,0.010,0.913,0.077
206500,0.010,0.941,0.049
207000,0.010,0.932,0.057
207500,0.010,0.927,0.062
208000,0.010,0.921,0.069
208500,0.010,0.914,0.076
209000,0.010,0.922,0.068
209500,0.010,0.913,0.077
210000,0.010,0.896,0.094
210500,0.010,0.907,0.083
211000,0.010,0.936,0.053
211500,0.010,0.941,0.049
212000,0.010,0.928,0.061
212500,0.010,0.936,0.054
213000,0.010,0.909,0.081
213500,0.010,0.949,0.041
214000,0.010,0.919,0.071
214500,0.010,0.934,0.056
215000,0.010,0.920,0.070
215500,0.010,0.924,0.066
216000,0.010,0.924,0.066
216500,0.010,0.929,0.060
217000,0.010,0.943,0.047
217500,0.010,0.926,0.064
218000,0.010,0.915,0.075
218500,0.010,0.934,0.055
219000,0.010,0.953,0.037
219500,0.010,0.942,0.048
220000,0.010,0.913,0.077
220500,0.010,0.932,0.058
221000,0.010,0.948,0.042
221500,0.010,0.946,0.044
222000,0.010,0.928,0.062
222500,0.010,0.938,0.052
223000,0.010,0.889,0.101
223500,0.010,0.871,0.119
224000,0.010,0.885,0.105
224500,0.010,0.888,0.102
225000,0.010,0.904,0.086
225500,0.010,0.936,0.053
226000,0.010,0.935,0.054
226500,0.010,0.946,0.044
227000,0.010,0.932,0.057
227500,0.010,0.938,0.052
228000,0.010,0.956,0.034
228500,0.010,0.941,0.049
229000,0.010,0.946,0.044
229500,0.010,0.953,0.037
230000,0.010,0.932,0.058
230500,0.010,0.961,0.029
231000,0.010,0.961,0.029
231500,0.010,0.941,0.049
232000,0.010,0.944,0.046
232500,0.010,0.927,0.063
233000,0.010,0.920,0.070
233500,0.010,0.948,0.042
234000,0.010,0.930,0.060
234500,0.010,0.926,0.064
235000,0.010,0.956,0.034
235500,0.010,0.951,0.039
236000,0.010,0.946,0.044
236500,0.010,0.895,0.095
237000,0.010,0.923,0.067
237500,0.010,0.940,0.050
238000,0.010,0.907,0.083
238500,0.010,0.908,0.082
239000,0.010,0.909,0.081
239500,0.010,0.933,0.057
240000,0.010,0.957,0.033
240500,0.010,0.924,0.066
241000,0.010,0.955,0.035
241500,0.010,0.958,0.032
242000,0.010,0.934,0.055
242500,0.010,0.920,0.070
243000,0.010,0.936,0.053
243500,0.010,0.947,0.043
244000,0.010,0.944,0.046
244500,0.010,0.939,0.051
245000,0.010,0.911,0.079
245500,0.010,0.928,0.062
246000,0.010,0.891,0.099
246500,0.010,0.883,0.107
247000,0.010,0.891,0.099
247500,0.010,0.901,0.089
248000,0.010,0.911,0.079
248500,0.010,0.927,0.063
249000,0.010,0.930,0.059
249500,0.010,0.938,0.052
250000,0.010,0.936,0.054
250500,0.010,0.948,0.042
251000,0.010,0.943,0.047
251500,0.010,0.953,0.037
252000,0.010,0.957,0.033
252500,0.010,0.957,0.033
253000,0.010,0.961,0.029
253500,0.010,0.950,0.040
254000,0.010,0.968,0.022
254500,0.010,0.970,0.020
255000,0.010,0.953,0.037
255500,0.010,0.954,0.036
256000,0.010,0.928,0.061
256500,0.010,0.917,0.073
257000,0.010,0.912,0.078
257500,0.010,0.904,0.086
258000,0.010,0.892,0.098
258500,0.010,0.902,0.088
259000,0.010,0.910,0.080
259500,0.010,0.944,0.046
260000,0.010,0.961,0.029
260500,0.010,0.946,0.044
261000,0.010,0.949,0.041
261500,0.010,0.960,0.030
262000,0.010,0.946,0.044
262500,0.010,0.940,0.050
263000,0.010,0.928,0.062
263500,0.010,0.911,0.079
264000,0.010,0.882,0.108
264500,0.010,0.923,0.067
265000,0.010,0.915,0.075
265500,0.010,0.928,0.062
266000,0.010,0.939,0.051
266500,0.010,0.938,0.052
267000,0.010,0.934,0.056
267500,0.010,0.911,0.079
268000,0.010,0.919,0.071
268500,0.010,0.925,0.065
269000,0.010,0.925,0.065
269500,0.010,0.942,0.048
270000,0.010,0.912,0.078
270500,0.010,0.913,0.077
271000,0.010,0.915,0.075
271500,0.010,0.911,0.079
272000,0.010,0.929,0.061
272500,0.010,0.915,0.075
273000,0.010,0.928,0.062
273500,0.010,0.926,0.064
274000,0.010,0.910,0.080
274500,0.010,0.943,0.047
275000,0.010,0.949,0.041
275500,0.010,0.962,0.028
276000,0.010,0.956,0.034
276500,0.010,0.947,0.043
277000,0.010,0.952,0.038
277500,0.010,0.951,0.039
278000,0.010,0.946,0.044
278500,0.010,0.950,0.040
279000,0.010,0.940,0.050
279500,0.010,0.953,0.037
280000,0.010,0.966,0.024
280500,0.010,0.938,0.052
281000,0.010,0.938,0.052
281500,0.010,0.935,0.055
282000,0.010,0.924,0.066
282500,0.010,0.926,0.064
283000,0.010,0.909,0.081
283500,0.010,0.927,0.063
284000,0.010,0.910,0.080
284500,0.010,0.922,0.068
285000,0.010,0.878,0.112
285500,0.010,0.907,0.083
286000,0.010,0.937,0.053
286500,0.010,0.946,0.044
287000,0.010,0.951,0.039
287500,0.010,0.949,0.041
288000,0.010,0.934,0.056
288500,0.010,0.936,0.054
289000,0.010,0.930,0.059
289500,0.010,0.942,0.048
290000,0.010,0.913,0.077
290500,0.010,0.898,0.092
291000,0.010,0.894,0.096
291500,0.010,0.888,0.102
292000,0.010,0.906,0.084
292500,0.010,0.936,0.054
293000,0.010,0.948,0.042
293500,0.010,0.954,0.036
294000,0.010,0.952,0.038
294500,0.010,0.951,0.039
295000,0.010,0.913,0.077
295500,0.010,0.949,0.041
296000,0.010,0.954,0.036
296500,0.010,0.946,0.044
297000,0.010,0.961,0.029
297500,0.010,0.963,0.027
298000,0.010,0.950,0.040
298500,0.010,0.955,0.035
299000,0.010,0.955,0.035
299500,0.010,0.958,0.032
300000,0.010,0.928,0.061
300500,0.010,0.942,0.048
301000,0.010,0.948,0.042
301500,0.010,0.945,0.045
302000,0.010,0.941,0.049
302500,0.010,0.935,0.055
303000,0.010,0.931,0.059
303500,0.010,0.901,0.089
304000,0.010,0.912,0.078
304500,0.010,0.908,0.082
305000,0.010,0.909,0.081
305500,0.010,0.915,0.075
306000,0.010,0.923,0.067
306500,0.010,0.923,0.067
307000,0.010,0.944,0.046
307500,0.010,0.946,0.044
308000,0.010,0.945,0.045
308500,0.010,0.933,0.056
309000,0.010,0.938,0.052
309500,0.010,0.935,0.054
310000,0.010,0.931,0.059
310500,0.010,0.949,0.041
311000,0.010,0.943,0.047
311500,0.010,0.948,0.042
312000,0.010,0.958,0.032
312500,0.010,0.956,0.034
313000,0.010,0.951,0.039
313500,0.010,0.956,0.034
314000,0.010,0.944,0.046
314500,0.010,0.931,0.058
315000,0.010,0.943,0.047
315500,0.010,0.945,0.045
316000,0.010,0.943,0.047
316500,0.010,0.934,0.056
317000,0.010,0.925,0.065
317500,0.010,0.944,0.046
318000,0.010,0.961,0.029
318500,0.010,0.925,0.065
319000,0.010,0.916,0.074
319500,0.010,0.900,0.090
320000,0.010,0.908,0.082
320500,0.010,0.915,0.075
321000,0.010,0.929,0.060
321500,0.010,0.927,0.062
322000,0.010,0.917,0.073
322500,0.010,0.943,0.047
323000,0.010,0.934,0.055
323500,0.010,0.933,0.057
324000,0.010,0.918,0.072
324500,0.010,0.911,0.079
325000,0.010,0.884,0.106
325500,0.010,0.916,0.074
326000,0.010,0.932,0.057
326500,0.010,0.922,0.068
327000,0.010,0.958,0.032
327500,0.010,0.938,0.052
328000,0.010,0.959,0.031
328500,0.010,0.954,0.036
329000,0.010,0.945,0.045
329500,0.010,0.937,0.053
330000,0.010,0.962,0.028
330500,0.010,0.953,0.037
331000,0.010,0.935,0.054
331500,0.010,0.927,0.063
332000,0.010,0.934,0.055
332500,0.010,0.935,0.055
333000,0.010,0.945,0.045
333500,0.010,0.958,0.032
334000,0.010,0.950,0.040
334500,0.010,0.959,0.031
335000,0.010,0.947,0.043
335500,0.010,0.948,0.042
336000,0.010,0.962,0.028
336500,0.010,0.967,0.023
337000,0.010,0.963,0.027
337500,0.010,0.967,0.023
338000,0.010,0.956,0.034
338500,0.010,0.915,0.075
339000,0.010,0.904,0.086
339500,0.010,0.908,0.082
340000,0.010,0.885,0.105
340500,0.010,0.905,0.085
341000,0.010,0.911,0.079
341500,0.010,0.894,0.096
342000,0.010,0.910,0.080
342500,0.010,0.901,0.089
343000,0.010,0.872,0.118
343500,0.010,0.871,0.119
344000,0.010,0.837,0.153
344500,0.010,0.857,0.133
345000,0.010,0.862,0.128
345500,0.010,0.865,0.125
346000,0.010,0.894,0.096
346500,0.010,0.909,0.081
347000,0.010,0.926,0.064
347500,0.010,0.931,0.058
348000,0.010,0.930,0.060
348500,0.010,0.943,0.047
349000,0.010,0.929,0.060
349500,0.010,0.923,0.067
350000,0.010,0.936,0.053
350500,0.010,0.936,0.053
351000,0.010,0.928,0.061
351500,0.010,0.903,0.087
352000,0.010,0.870,0.120
352500,0.010,0.894,0.096
353000,0.010,0.914,0.076
353500,0.010,0.895,0.095
354000,0.010,0.915,0.075
354500,0.010,0.921,0.069
355000,0.010,0.908,0.082
355500,0.010,0.911,0.079
356000,0.010,0.943,0.047
356500,0.010,0.929,0.061
357000,0.010,0.908,0.082
357500,0.010,0.878,0.112
358000,0.010,0.899,0.091
358500,0.010,0.929,0.061
359000,0.010,0.920,0.070
359500,0.010,0.899,0.091
360000,0.010,0.913,0.077
360500,0.010,0.930,0.059
361000,0.010,0.912,0.078
361500,0.010,0.930,0.059
362000,0.010,0.888,0.102
362500,0.010,0.874,0.116
363000,0.010,0.876,0.114
363500,0.010,0.901,0.089
364000,0.010,0.897,0.093
364500,0.010,0.914,0.076
365000,0.010,0.925,0.065
365500,0.010,0.901,0.089
366000,0.010,0.937,0.053
366500,0.010,0.929,0.060
367000,0.010,0.932,0.058
367500,0.010,0.938,0.052
368000,0.010,0.950,0.040
368500,0.010,0.962,0.028
369000,0.010,0.960,0.030
369500,0.010,0.947,0.043
370000,0.010,0.933,0.056
370500,0.010,0.946,0.044
371000,0.010,0.958,0.032
371500,0.010,0.952,0.038
372000,0.010,0.947,0.043
372500,0.010,0.944,0.046
373000,0.010,0.958,0.032
373500,0.010,0.964,0.026
374000,0.010,0.966,0.024
374500,0.010,0.956,0.034
375000,0.010,0.959,0.031
375500,0.010,0.944,0.046
376000,0.010,0.940,0.050
376500,0.010,0.943,0.047
377000,0.010,0.906,0.084
377500,0.010,0.907,0.083
378000,0.010,0.922,0.068
378500,0.010,0.901,0.089
379000,0.010,0.916,0.074
379500,0.010,0.921,0.069
380000,0.010,0.901,0.089
380500,0.010,0.916,0.074
381000,0.010,0.900,0.090
381500,0.010,0.884,0.106
382000,0.010,0.901,0.089
382500,0.010,0.924,0.066
383000,0.010,0.924,0.066
383500,0.010,0.898,0.092
384000,0.010,0.938,0.052
384500,0.010,0.950,0.040
385000,0.010,0.924,0.066
385500,0.010,0.926,0.064
386000,0.010,0.935,0.055
386500,0.010,0.907,0.083
387000,0.010,0.917,0.073
387500,0.010,0.907,0.083
388000,0.010,0.920,0.070
388500,0.010,0.927,0.062
389000,0.010,0.931,0.059
389500,0.010,0.962,0.028
390000,0.010,0.967,0.023
390500,0.010,0.975,0.015
391000,0.010,0.968,0.022
391500,0.010,0.960,0.030
392000,0.010,0.952,0.038
392500,0.010,0.955,0.035
393000,0.010,0.954,0.036
393500,0.010,0.951,0.039
394000,0.010,0.955,0.035
394500,0.010,0.916,0.074
395000,0.010,0.918,0.072
395500,0.010,0.905,0.085
396000,0.010,0.904,0.086
396500,0.010,0.926,0.064
397000,0.010,0.927,0.063
397500,0.010,0.946,0.044
398000,0.010,0.949,0.041
398500,0.010,0.945,0.045
399000,0.010,0.934,0.055
399500,0.010,0.924,0.066
400000,0.010,0.911,0.079
400500,0.010,0.913,0.077
401000,0.010,0.949,0.041
401500,0.010,0.968,0.022
402000,0.010,0.949,0.041
402500,0.010,0.939,0.051
403000,0.010,0.962,0.028
403500,0.010,0.955,0.035
404000,0.010,0.956,0.034
404500,0.010,0.965,0.025
405000,0.010,0.980,0.010
405500,0.010,0.941,0.049
406000,0.010,0.930,0.059
406500,0.010,0.929,0.060
407000,0.010,0.957,0.033
407500,0.010,0.928,0.062
408000,0.010,0.946,0.044
408500,0.010,0.958,0.032
409000,0.010,0.960,0.030
409500,0.010,0.953,0.037
410000,0.010,0.924,0.066
410500,0.010,0.939,0.051
411000,0.010,0.946,0.044
411500,0.010,0.960,0.030
412000,0.010,0.945,0.045
412500,0.010,0.945,0.045
413000,0.010,0.943,0.047
413500,0.010,0.952,0.038
414000,0.010,0.959,0.031
414500,0.010,0.930,0.060
415000,0.010,0.916,0.074
415500,0.010,0.899,0.091
416000,0.010,0.887,0.103
416500,0.010,0.902,0.088
417000,0.010,0.913,0.077
417500,0.010,0.897,0.093
418000,0.010,0.911,0.079
418500,0.010,0.895,0.095
419000,0.010,0.929,0.060
419500,0.010,0.901,0.089
420000,0.010,0.897,0.093
420500,0.010,0.874,0.116
421000,0.010,0.923,0.067
421500,0.010,0.933,0.057
422000,0.010,0.896,0.094
422500,0.010,0.935,0.054
423000,0.010,0.914,0.076
423500,0.010,0.953,0.037
424000,0.010,0.945,0.045
424500,0.010,0.936,0.053
425000,0.010,0.922,0.068
425500,0.010,0.910,0.080
426000,0.010,0.922,0.068
426500,0.010,0.886,0.104
427000,0.010,0.905,0.085
427500,0.010,0.910,0.080
428000,0.010,0.906,0.084
428500,0.010,0.913,0.077
429000,0.010,0.939,0.051
429500,0.010,0.926,0.064
430000,0.010,0.922,0.068
430500,0.010,0.932,0.057
431000,0.010,0.960,0.030
431500,0.010,0.961,0.029
432000,0.010,0.962,0.028
432500,0.010,0.963,0.027
433000,0.010,0.947,0.043
433500,0.010,0.950,0.040
434000,0.010,0.920,0.070
434500,0.010,0.935,0.054
435000,0.010,0.939,0.051
435500,0.010,0.938,0.052
436000,0.010,0.908,0.082
436500,0.010,0.893,0.097
437000,0.010,0.916,0.074
437500,0.010,0.937,0.053
438000,0.010,0.949,0.041
438500,0.010,0.944,0.046
439000,0.010,0.963,0.027
439500,0.010,0.966,0.024
440000,0.010,0.963,0.027
440500,0.010,0.963,0.027
441000,0.010,0.959,0.031
441500,0.010,0.967,0.023
442000,0.010,0.965,0.025
442500,0.010,0.957,0.033
443000,0.010,0.934,0.056
443500,0.010,0.893,0.097
444000,0.010,0.925,0.065
444500,0.010,0.926,0.064
445000,0.010,0.920,0.070
445500,0.010,0.915,0.075
446000,0.010,0.916,0.074
446500,0.010,0.916,0.074
447000,0.010,0.932,0.057
447500,0.010,0.909,0.081
448000,0.010,0.921,0.069
448500,0.010,0.956,0.034
449000,0.010,0.971,0.019
449500,0.010,0.944,0.046
450000,0.010,0.941,0.049
450500,0.010,0.939,0.051
451000,0.010,0.942,0.048
451500,0.010,0.944,0.046
452000,0.010,0.949,0.041
452500,0.010,0.964,0.026
453000,0.010,0.964,0.026
453500,0.010,0.962,0.028
454000,0.010,0.958,0.032
454500,0.010,0.951,0.039
455000,0.010,0.903,0.087
455500,0.010,0.899,0.091
456000,0.010,0.907,0.083
456500,0.010,0.916,0.074
457000,0.010,0.935,0.054
457500,0.010,0.938,0.052
458000,0.010,0.962,0.028
458500,0.010,0.948,0.042
459000,0.010,0.926,0.064
459500,0.010,0.918,0.072
460000,0.010,0.922,0.068
460500,0.010,0.915,0.075
461000,0.010,0.913,0.077
461500,0.010,0.914,0.076
462000,0.010,0.951,0.039
462500,0.010,0.940,0.050
463000,0.010,0.934,0.055
463500,0.010,0.929,0.060
464000,0.010,0.913,0.077
464500,0.010,0.879,0.111
465000,0.010,0.867,0.123
465500,0.010,0.896,0.094
466000,0.010,0.902,0.088
466500,0.010,0.904,0.086
467000,0.010,0.924,0.066
467500,0.010,0.952,0.038
468000,0.010,0.953,0.037
468500,0.010,0.940,0.050
469000,0.010,0.944,0.046
469500,0.010,0.943,0.047
470000,0.010,0.932,0.057
470500,0.010,0.920,0.070
471000,0.010,0.919,0.071
471500,0.010,0.919,0.071
472000,0.010,0.923,0.067
472500,0.010,0.893,0.097
473000,0.010,0.897,0.093
473500,0.010,0.925,0.065
474000,0.010,0.911,0.079
474500,0.010,0.901,0.089
475000,0.010,0.909,0.081
475500,0.010,0.921,0.069
476000,0.010,0.939,0.051
476500,0.010,0.945,0.045
477000,0.010,0.944,0.046
477500,0.010,0.926,0.064
478000,0.010,0.935,0.055
478500,0.010,0.928,0.061
479000,0.010,0.929,0.060
479500,0.010,0.943,0.047
480000,0.010,0.957,0.033
480500,0.010,0.952,0.038
481000,0.010,0.952,0.038
481500,0.010,0.932,0.057
482000,0.010,0.913,0.077
482500,0.010,0.908,0.082
483000,0.010,0.931,0.059
483500,0.010,0.936,0.054
484000,0.010,0.917,0.073
484500,0.010,0.894,0.096
485000,0.010,0.883,0.107
485500,0.010,0.897,0.093
486000,0.010,0.895,0.095
486500,0.010,0.906,0.084
487000,0.010,0.944,0.046
487500,0.010,0.947,0.043
488000,0.010,0.927,0.063
488500,0.010,0.906,0.084
489000,0.010,0.925,0.065
489500,0.010,0.934,0.055
490000,0.010,0.929,0.061
490500,0.010,0.903,0.087
491000,0.010,0.899,0.091
491500,0.010,0.891,0.099
492000,0.010,0.887,0.103
492500,0.010,0.928,0.062
493000,0.010,0.928,0.061
493500,0.010,0.926,0.064
494000,0.010,0.923,0.067
494500,0.010,0.938,0.052
495000,0.010,0.957,0.033
495500,0.010,0.950,0.040
496000,0.010,0.944,0.046
496500,0.010,0.949,0.041
497000,0.010,0.943,0.047
497500,0.010,0.956,0.034
498000,0.010,0.957,0.033
498500,0.010,0.960,0.030
499000,0.010,0.959,0.031
499500,0.010,0.941,0.049
500000,0.010,0.951,0.039
500500,0.010,0.953,0.037
501000,0.010,0.965,0.025
501500,0.010,0.968,0.022
502000,0.010,0.958,0.032
502500,0.010,0.939,0.051
503000,0.010,0.936,0.054
503500,0.010,0.943,0.047
504000,0.010,0.953,0.037
504500,0.010,0.938,0.052
505000,0.010,0.933,0.056
505500,0.010,0.916,0.074
506000,0.010,0.920,0.070
506500,0.010,0.900,0.090
507000,0.010,0.880,0.110
507500,0.010,0.873,0.117
508000,0.010,0.906,0.084
508500,0.010,0.905,0.085
509000,0.010,0.933,0.057
509500,0.010,0.941,0.049
510000,0.010,0.940,0.050
510500,0.010,0.947,0.043
511000,0.010,0.946,0.044
511500,0.010,0.943,0.047
512000,0.010,0.958,0.032
512500,0.010,0.962,0.028
513000,0.010,0.929,0.060
513500,0.010,0.898,0.092
514000,0.010,0.906,0.084
514500,0.010,0.936,0.053
515000,0.010,0.950,0.040
515500,0.010,0.925,0.065
516000,0.010,0.949,0.041
516500,0.010,0.960,0.030
517000,0.010,0.958,0.032
517500,0.010,0.963,0.027
518000,0.010,0.950,0.040
518500,0.010,0.966,0.024
519000,0.010,0.961,0.029
519500,0.010,0.954,0.036
520000,0.010,0.951,0.039
520500,0.010,0.958,0.032
521000,0.010,0.958,0.032
521500,0.010,0.968,0.022
522000,0.010,0.960,0.030
522500,0.010,0.970,0.020
523000,0.010,0.967,0.023
523500,0.010,0.948,0.042
524000,0.010,0.955,0.035
524500,0.010,0.965,0.025
525000,0.010,0.949,0.041
525500,0.010,0.948,0.042
526000,0.010,0.924,0.066
526500,0.010,0.890,0.100
527000,0.010,0.905,0.085
527500,0.010,0.902,0.088
528000,0.010,0.928,0.062
528500,0.010,0.924,0.066
529000,0.010,0.928,0.061
529500,0.010,0.919,0.071
530000,0.010,0.925,0.065
530500,0.010,0.930,0.059
531000,0.010,0.922,0.068
531500,0.010,0.926,0.064
532000,0.010,0.925,0.065
532500,0.010,0.952,0.038
533000,0.010,0.930,0.060
533500,0.010,0.938,0.052
534000,0.010,0.928,0.062
534500,0.010,0.921,0.069
535000,0.010,0.925,0.065
535500,0.010,0.955,0.035
536000,0.010,0.958,0.032
536500,0.010,0.933,0.057
537000,0.010,0.922,0.068
537500,0.010,0.890,0.100
538000,0.010,0.894,0.096
538500,0.010,0.909,0.081
539000,0.010,0.925,0.065
539500,0.010,0.935,0.055
540000,0.010,0.944,0.046
540500,0.010,0.952,0.038
541000,0.010,0.963,0.027
541500,0.010,0.943,0.047
542000,0.010,0.915,0.075
542500,0.010,0.914,0.076
543000,0.010,0.905,0.085
543500,0.010,0.915,0.075
544000,0.010,0.916,0.074
544500,0.010,0.939,0.051
545000,0.010,0.938,0.052
545500,0.010,0.925,0.065
546000,0.010,0.932,0.058
546500,0.010,0.938,0.052
547000,0.010,0.942,0.048
547500,0.010,0.952,0.038
548000,0.010,0.924,0.066
548500,0.010,0.939,0.051
549000,0.010,0.921,0.069
549500,0.010,0.903,0.087
550000,0.010,0.895,0.095
550500,0.010,0.922,0.068
551000,0.010,0.908,0.082
551500,0.010,0.911,0.079
552000,0.010,0.915,0.075
552500,0.010,0.912,0.078
553000,0.010,0.912,0.078
553500,0.010,0.900,0.090
554000,0.010,0.878,0.112
554500,0.010,0.914,0.076
555000,0.010,0.899,0.091
555500,0.010,0.921,0.069
556000,0.010,0.915,0.075
556500,0.010,0.933,0.057
557000,0.010,0.931,0.059
557500,0.010,0.923,0.067
558000,0.010,0.942,0.048
558500,0.010,0.953,0.037
559000,0.010,0.958,0.032
559500,0.010,0.959,0.031
560000,0.010,0.934,0.056
560500,0.010,0.936,0.053
561000,0.010,0.931,0.059
561500,0.010,0.933,0.056
562000,0.010,0.951,0.039
562500,0.010,0.963,0.027
563000,0.010,0.967,0.023
563500,0.010,0.953,0.037
564000,0.010,0.948,0.042
564500,0.010,0.956,0.034
565000,0.010,0.945,0.045
565500,0.010,0.942,0.048
566000,0.010,0.928,0.061
566500,0.010,0.934,0.055
567000,0.010,0.925,0.065
567500,0.010,0.921,0.069
568000,0.010,0.934,0.056
568500,0.010,0.945,0.045
569000,0.010,0.918,0.072
569500,0.010,0.936,0.053
570000,0.010,0.922,0.068
570500,0.010,0.942,0.048
571000,0.010,0.951,0.039
571500,0.010,0.936,0.053
572000,0.010,0.914,0.076
572500,0.010,0.916,0.074
573000,0.010,0.938,0.052
573500,0.010,0.896,0.094
574000,0.010,0.909,0.081
574500,0.010,0.877,0.113
575000,0.010,0.901,0.089
575500,0.010,0.883,0.107
576000,0.010,0.905,0.085
576500,0.010,0.934,0.056
577000,0.010,0.927,0.063
577500,0.010,0.914,0.076
578000,0.010,0.922,0.068
578500,0.010,0.918,0.072
579000,0.010,0.932,0.057
579500,0.010,0.941,0.049
580000,0.010,0.957,0.033
580500,0.010,0.926,0.064
581000,0.010,0.953,0.037
581500,0.010,0.956,0.034
582000,0.010,0.968,0.022
582500,0.010,0.963,0.027
583000,0.010,0.964,0.026
583500,0.010,0.957,0.033
584000,0.010,0.939,0.051
584500,0.010,0.934,0.055
585000,0.010,0.927,0.063
585500,0.010,0.944,0.046
586000,0.010,0.922,0.068
586500,0.010,0.913,0.077
587000,0.010,0.930,0.060
587500,0.010,0.917,0.073
588000,0.010,0.898,0.092
588500,0.010,0.913,0.077
589000,0.010,0.936,0.053
589500,0.010,0.932,0.058
590000,0.010,0.931,0.058
590500,0.010,0.910,0.080
591000,0.010,0.907,0.083
591500,0.010,0.897,0.093
592000,0.010,0.929,0.061
592500,0.010,0.948,0.042
593000,0.010,0.942,0.048
593500,0.010,0.954,0.036
594000,0.010,0.962,0.028
594500,0.010,0.963,0.027
595000,0.010,0.962,0.028
595500,0.010,0.941,0.049
596000,0.010,0.948,0.042
596500,0.010,0.923,0.067
597000,0.010,0.914,0.076
597500,0.010,0.891,0.099
598000,0.010,0.931,0.058
598500,0.010,0.941,0.049
599000,0.010,0.948,0.042
599500,0.010,0.945,0.045
600000,0.010,0.949,0.041
600500,0.010,0.956,0.034
601000,0.010,0.966,0.024
601500,0.010,0.943,0.047
602000,0.010,0.953,0.037
602500,0.010,0.963,0.027
603000,0.010,0.942,0.048
603500,0.010,0.932,0.057
604000,0.010,0.926,0.064
604500,0.010,0.942,0.048
605000,0.010,0.934,0.056
605500,0.010,0.930,0.060
606000,0.010,0.924,0.066
606500,0.010,0.936,0.054
607000,0.010,0.943,0.047
607500,0.010,0.951,0.039
608000,0.010,0.939,0.051
608500,0.010,0.941,0.049
609000,0.010,0.949,0.041
609500,0.010,0.942,0.048
610000,0.010,0.972,0.018
610500,0.010,0.952,0.038
611000,0.010,0.945,0.045
611500,0.010,0.951,0.039
612000,0.010,0.950,0.040
612500,0.010,0.961,0.029
613000,0.010,0.983,0.007
613500,0.010,0.972,0.018
614000,0.010,0.958,0.032
614500,0.010,0.932,0.058
615000,0.010,0.931,0.058
615500,0.010,0.937,0.053
616000,0.010,0.954,0.036
616500,0.010,0.951,0.039
617000,0.010,0.954,0.036
617500,0.010,0.963,0.027
618000,0.010,0.948,0.042
618500,0.010,0.953,0.037
619000,0.010,0.949,0.041
619500,0.010,0.932,0.057
620000,0.010,0.938,0.052
620500,0.010,0.906,0.084
621000,0.010,0.887,0.103
621500,0.010,0.895,0.095
622000,0.010,0.915,0.075
622500,0.010,0.936,0.054
623000,0.010,0.936,0.054
623500,0.010,0.938,0.052
624000,0.010,0.925,0.065
624500,0.010,0.925,0.065
625000,0.010,0.936,0.054
625500,0.010,0.914,0.076
626000,0.010,0.934,0.056
626500,0.010,0.942,0.048
627000,0.010,0.951,0.039
627500,0.010,0.940,0.050
628000,0.010,0.955,0.035
628500,0.010,0.946,0.044
629000,0.010,0.924,0.066
629500,0.010,0.907,0.083
630000,0.010,0.921,0.069
630500,0.010,0.932,0.058
631000,0.010,0.926,0.064
631500,0.010,0.921,0.069
632000,0.010,0.951,0.039
632500,0.010,0.966,0.024
633000,0.010,0.956,0.034
633500,0.010,0.958,0.032
634000,0.010,0.953,0.037
634500,0.010,0.947,0.043
635000,0.010,0.963,0.027
635500,0.010,0.964,0.026
636000,0.010,0.955,0.035
636500,0.010,0.942,0.048
637000,0.010,0.959,0.031
637500,0.010,0.938,0.052
638000,0.010,0.943,0.047
638500,0.010,0.939,0.051
639000,0.010,0.933,0.056
639500,0.010,0.904,0.086
640000,0.010,0.905,0.085
640500,0.010,0.935,0.054
641000,0.010,0.904,0.086
641500,0.010,0.936,0.054
642000,0.010,0.929,0.061
642500,0.010,0.916,0.074
643000,0.010,0.896,0.094
643500,0.010,0.908,0.082
644000,0.010,0.927,0.063
644500,0.010,0.946,0.044
645000,0.010,0.915,0.075
645500,0.010,0.927,0.062
646000,0.010,0.931,0.058
646500,0.010,0.910,0.080
647000,0.010,0.927,0.063
647500,0.010,0.924,0.066
648000,0.010,0.943,0.047
648500,0.010,0.950,0.040
649000,0.010,0.946,0.044
649500,0.010,0.934,0.056
650000,0.010,0.941,0.049
650500,0.010,0.956,0.034
651000,0.010,0.937,0.053
651500,0.010,0.928,0.061
652000,0.010,0.940,0.050
652500,0.010,0.946,0.044
653000,0.010,0.938,0.052
653500,0.010,0.932,0.057
654000,0.010,0.897,0.093
654500,0.010,0.924,0.066
655000,0.010,0.904,0.086
655500,0.010,0.891,0.099
656000,0.010,0.909,0.081
656500,0.010,0.898,0.092
657000,0.010,0.902,0.088
657500,0.010,0.926,0.064
658000,0.010,0.942,0.048
658500,0.010,0.950,0.040
659000,0.010,0.941,0.049
659500,0.010,0.915,0.075
660000,0.010,0.940,0.050
660500,0.010,0.936,0.053
661000,0.010,0.952,0.038
661500,0.010,0.933,0.056
662000,0.010,0.958,0.032
662500,0.010,0.949,0.041
663000,0.010,0.965,0.025
663500,0.010,0.964,0.026
664000,0.010,0.936,0.054
664500,0.010,0.907,0.083
665000,0.010,0.948,0.042
665500,0.010,0.939,0.051
666000,0.010,0.934,0.055
666500,0.010,0.949,0.041
667000,0.010,0.939,0.051
667500,0.010,0.941,0.049
668000,0.010,0.955,0.035
668500,0.010,0.929,0.061
669000,0.010,0.932,0.057
669500,0.010,0.916,0.074
670000,0.010,0.932,0.057
670500,0.010,0.925,0.065
671000,0.010,0.937,0.053
671500,0.010,0.934,0.056
672000,0.010,0.947,0.043
672500,0.010,0.953,0.037
673000,0.010,0.941,0.049
673500,0.010,0.926,0.064
674000,0.010,0.931,0.059
674500,0.010,0.923,0.067
675000,0.010,0.909,0.081
675500,0.010,0.936,0.054
676000,0.010,0.949,0.041
676500,0.010,0.965,0.025
677000,0.010,0.960,0.030
677500,0.010,0.946,0.044
678000,0.010,0.944,0.046
678500,0.010,0.926,0.064
679000,0.010,0.948,0.042
679500,0.010,0.923,0.067
680000,0.010,0.929,0.060
680500,0.010,0.936,0.053
681000,0.010,0.947,0.043
681500,0.010,0.926,0.064
682000,0.010,0.933,0.056
682500,0.010,0.921,0.069
683000,0.010,0.899,0.091
683500,0.010,0.907,0.083
684000,0.010,0.921,0.069
684500,0.010,0.930,0.059
685000,0.010,0.902,0.088
685500,0.010,0.916,0.074
686000,0.010,0.903,0.087
686500,0.010,0.877,0.113
687000,0.010,0.904,0.086
687500,0.010,0.925,0.065
688000,0.010,0.935,0.055
688500,0.010,0.909,0.081
689000,0.010,0.915,0.075
689500,0.010,0.917,0.073
690000,0.010,0.926,0.064
690500,0.010,0.941,0.049
691000,0.010,0.925,0.065
691500,0.010,0.926,0.064
692000,0.010,0.929,0.061
692500,0.010,0.909,0.081
693000,0.010,0.905,0.085
693500,0.010,0.893,0.097
694000,0.010,0.899,0.091
694500,0.010,0.893,0.097
695000,0.010,0.918,0.072
695500,0.010,0.924,0.066
696000,0.010,0.887,0.103
696500,0.010,0.913,0.077
697000,0.010,0.930,0.059
697500,0.010,0.943,0.047
698000,0.010,0.948,0.042
698500,0.010,0.954,0.036
699000,0.010,0.955,0.035
699500,0.010,0.948,0.042
700000,0.010,0.932,0.058
700500,0.010,0.921,0.069
701000,0.010,0.941,0.049
701500,0.010,0.928,0.062
702000,0.010,0.944,0.046
702500,0.010,0.939,0.051
703000,0.010,0.935,0.054
703500,0.010,0.945,0.045
704000,0.010,0.954,0.036
704500,0.010,0.960,0.030
705000,0.010,0.957,0.033
705500,0.010,0.968,0.022
706000,0.010,0.961,0.029
706500,0.010,0.962,0.028
707000,0.010,0.963,0.027
707500,0.010,0.964,0.026
708000,0.010,0.959,0.031
708500,0.010,0.971,0.019
709000,0.010,0.953,0.037
709500,0.010,0.927,0.063
710000,0.010,0.928,0.062
710500,0.010,0.925,0.065
711000,0.010,0.946,0.044
711500,0.010,0.922,0.068
712000,0.010,0.925,0.065
712500,0.010,0.935,0.054
713000,0.010,0.926,0.064
713500,0.010,0.917,0.073
714000,0.010,0.928,0.062
714500,0.010,0.930,0.059
715000,0.010,0.907,0.083
715500,0.010,0.903,0.087
716000,0.010,0.916,0.074
716500,0.010,0.920,0.070
717000,0.010,0.887,0.103
717500,0.010,0.889,0.101
718000,0.010,0.909,0.081
718500,0.010,0.900,0.090
719000,0.010,0.933,0.056
719500,0.010,0.945,0.045
720000,0.010,0.936,0.053
720500,0.010,0.936,0.053
721000,0.010,0.939,0.051
721500,0.010,0.926,0.064
722000,0.010,0.944,0.046
722500,0.010,0.950,0.040
723000,0.010,0.944,0.046
723500,0.010,0.959,0.031
724000,0.010,0.951,0.039
724500,0.010,0.934,0.056
725000,0.010,0.913,0.077
725500,0.010,0.914,0.076
726000,0.010,0.930,0.060
726500,0.010,0.938,0.052
727000,0.010,0.940,0.050
727500,0.010,0.928,0.061
728000,0.010,0.964,0.026
728500,0.010,0.956,0.034
729000,0.010,0.952,0.038
729500,0.010,0.946,0.044
730000,0.010,0.948,0.042
730500,0.010,0.956,0.034
731000,0.010,0.941,0.049
731500,0.010,0.934,0.055
732000,0.010,0.927,0.063
732500,0.010,0.945,0.045
733000,0.010,0.956,0.034
733500,0.010,0.953,0.037
734000,0.010,0.949,0.041
734500,0.010,0.938,0.052
735000,0.010,0.938,0.052
735500,0.010,0.943,0.047
736000,0.010,0.943,0.047
736500,0.010,0.947,0.043
737000,0.010,0.924,0.066
737500,0.010,0.927,0.062
738000,0.010,0.934,0.056
738500,0.010,0.942,0.048
739000,0.010,0.951,0.039
739500,0.010,0.941,0.049
740000,0.010,0.972,0.018
740500,0.010,0.978,0.012
741000,0.010,0.953,0.037
741500,0.010,0.948,0.042
742000,0.010,0.951,0.039
742500,0.010,0.964,0.026
743000,0.010,0.959,0.031
743500,0.010,0.934,0.056
744000,0.010,0.918,0.072
744500,0.010,0.935,0.055
745000,0.010,0.915,0.075
745500,0.010,0.910,0.080
746000,0.010,0.907,0.083
746500,0.010,0.852,0.138
747000,0.010,0.866,0.124
747500,0.010,0.880,0.110
748000,0.010,0.893,0.097
748500,0.010,0.912,0.078
749000,0.010,0.922,0.068
749500,0.010,0.924,0.066
750000,0.010,0.935,0.055
750500,0.010,0.944,0.046
751000,0.010,0.936,0.054
751500,0.010,0.936,0.054
752000,0.010,0.920,0.070
752500,0.010,0.925,0.065
753000,0.010,0.930,0.059
753500,0.010,0.928,0.061
754000,0.010,0.946,0.044
754500,0.010,0.943,0.047
755000,0.010,0.941,0.049
755500,0.010,0.912,0.078
756000,0.010,0.933,0.057
756500,0.010,0.933,0.056
757000,0.010,0.905,0.085
757500,0.010,0.880,0.110
758000,0.010,0.892,0.098
758500,0.010,0.906,0.084
759000,0.010,0.920,0.070
759500,0.010,0.930,0.060
760000,0.010,0.932,0.057
760500,0.010,0.925,0.065
761000,0.010,0.954,0.036
761500,0.010,0.923,0.067
762000,0.010,0.906,0.084
762500,0.010,0.914,0.076
763000,0.010,0.920,0.070
763500,0.010,0.917,0.073
764000,0.010,0.928,0.062
764500,0.010,0.927,0.062
765000,0.010,0.917,0.073
765500,0.010,0.902,0.088
766000,0.010,0.905,0.085
766500,0.010,0.916,0.074
767000,0.010,0.926,0.064
767500,0.010,0.927,0.063
768000,0.010,0.930,0.060
768500,0.010,0.925,0.065
769000,0.010,0.888,0.102
769500,0.010,0.871,0.119
770000,0.010,0.913,0.077
770500,0.010,0.887,0.103
771000,0.010,0.927,0.062
771500,0.010,0.948,0.042
772000,0.010,0.958,0.032
772500,0.010,0.958,0.032
773000,0.010,0.971,0.019
773500,0.010,0.963,0.027
774000,0.010,0.955,0.035
774500,0.010,0.965,0.025
775000,0.010,0.933,0.056
775500,0.010,0.893,0.097
776000,0.010,0.921,0.069
776500,0.010,0.936,0.054
777000,0.010,0.929,0.060
777500,0.010,0.910,0.080
778000,0.010,0.923,0.067
778500,0.010,0.901,0.089
779000,0.010,0.904,0.086
779500,0.010,0.897,0.093
780000,0.010,0.928,0.061
780500,0.010,0.934,0.056
781000,0.010,0.954,0.036
781500,0.010,0.949,0.041
782000,0.010,0.950,0.040
782500,0.010,0.948,0.042
783000,0.010,0.920,0.070
783500,0.010,0.905,0.085
784000,0.010,0.927,0.062
784500,0.010,0.935,0.054
785000,0.010,0.963,0.027
785500,0.010,0.911,0.079
786000,0.010,0.888,0.102
786500,0.010,0.899,0.091
787000,0.010,0.915,0.075
787500,0.010,0.925,0.065
788000,0.010,0.928,0.061
788500,0.010,0.951,0.039
789000,0.010,0.924,0.066
789500,0.010,0.932,0.057
790000,0.010,0.964,0.026
790500,0.010,0.958,0.032
791000,0.010,0.941,0.049
791500,0.010,0.924,0.066
792000,0.010,0.939,0.051
792500,0.010,0.947,0.043
793000,0.010,0.921,0.069
793500,0.010,0.960,0.030
794000,0.010,0.957,0.033
794500,0.010,0.927,0.062
795000,0.010,0.964,0.026
795500,0.010,0.953,0.037
796000,0.010,0.960,0.030
796500,0.010,0.941,0.049
797000,0.010,0.927,0.063
797500,0.010,0.929,0.060
798000,0.010,0.945,0.045
798500,0.010,0.934,0.055
799000,0.010,0.949,0.041
799500,0.010,0.964,0.026
800000,0.010,0.965,0.025
800500,0.010,0.960,0.030
801000,0.010,0.929,0.060
801500,0.010,0.899,0.091
802000,0.010,0.905,0.085
802500,0.010,0.932,0.057
803000,0.010,0.930,0.060
803500,0.010,0.935,0.054
804000,0.010,0.919,0.071
804500,0.010,0.942,0.048
805000,0.010,0.933,0.057
805500,0.010,0.947,0.043
806000,0.010,0.951,0.039
806500,0.010,0.946,0.044
807000,0.010,0.951,0.039
807500,0.010,0.937,0.053
808000,0.010,0.949,0.041
808500,0.010,0.943,0.047
809000,0.010,0.945,0.045
809500,0.010,0.936,0.053
810000,0.010,0.922,0.068
810500,0.010,0.942,0.048
811000,0.010,0.948,0.042
811500,0.010,0.935,0.054
812000,0.010,0.954,0.036
812500,0.010,0.963,0.027
813000,0.010,0.948,0.042
813500,0.010,0.940,0.050
814000,0.010,0.958,0.032
814500,0.010,0.952,0.038
815000,0.010,0.944,0.046
815500,0.010,0.939,0.051
816000,0.010,0.923,0.067
816500,0.010,0.921,0.069
817000,0.010,0.924,0.066
817500,0.010,0.936,0.054
818000,0.010,0.938,0.052
818500,0.010,0.944,0.046
819000,0.010,0.948,0.042
819500,0.010,0.938,0.052
820000,0.010,0.915,0.075
820500,0.010,0.928,0.062
821000,0.010,0.920,0.070
821500,0.010,0.880,0.110
822000,0.010,0.884,0.106
822500,0.010,0.898,0.092
823000,0.010,0.916,0.074
823500,0.010,0.925,0.065
824000,0.010,0.942,0.048
824500,0.010,0.938,0.052
825000,0.010,0.909,0.081
825500,0.010,0.944,0.046
826000,0.010,0.957,0.033
826500,0.010,0.959,0.031
827000,0.010,0.950,0.040
827500,0.010,0.933,0.057
828000,0.010,0.963,0.027
828500,0.010,0.961,0.029
829000,0.010,0.948,0.042
829500,0.010,0.909,0.081
830000,0.010,0.927,0.063
830500,0.010,0.935,0.054
831000,0.010,0.921,0.069
831500,0.010,0.925,0.065
832000,0.010,0.928,0.061
832500,0.010,0.925,0.065
833000,0.010,0.906,0.084
833500,0.010,0.932,0.058
834000,0.010,0.936,0.054
834500,0.010,0.972,0.018
835000,0.010,0.982,0.008
835500,0.010,0.970,0.020
836000,0.010,0.973,0.017
836500,0.010,0.957,0.033
837000,0.010,0.945,0.045
837500,0.010,0.932,0.057
838000,0.010,0.950,0.040
838500,0.010,0.931,0.058
839000,0.010,0.939,0.051
839500,0.010,0.908,0.082
840000,0.010,0.939,0.051
840500,0.010,0.935,0.055
841000,0.010,0.924,0.066
841500,0.010,0.932,0.058
842000,0.010,0.940,0.050
842500,0.010,0.951,0.039
843000,0.010,0.942,0.048
843500,0.010,0.949,0.041
844000,0.010,0.911,0.079
844500,0.010,0.900,0.090
845000,0.010,0.948,0.042
845500,0.010,0.936,0.054
846000,0.010,0.907,0.083
846500,0.010,0.921,0.069
847000,0.010,0.938,0.052
847500,0.010,0.889,0.101
848000,0.010,0.898,0.092
848500,0.010,0.925,0.065
849000,0.010,0.899,0.091
849500,0.010,0.934,0.055
850000,0.010,0.911,0.079
850500,0.010,0.910,0.080
851000,0.010,0.903,0.087
851500,0.010,0.875,0.115
852000,0.010,0.913,0.077
852500,0.010,0.917,0.073
853000,0.010,0.922,0.068
853500,0.010,0.932,0.057
854000,0.010,0.921,0.069
854500,0.010,0.939,0.051
855000,0.010,0.954,0.036
855500,0.010,0.915,0.075
856000,0.010,0.939,0.051
856500,0.010,0.937,0.053
857000,0.010,0.910,0.080
857500,0.010,0.932,0.058
858000,0.010,0.954,0.036
858500,0.010,0.927,0.062
859000,0.010,0.921,0.069
859500,0.010,0.944,0.046
860000,0.010,0.942,0.048
860500,0.010,0.941,0.049
861000,0.010,0.952,0.038
861500,0.010,0.966,0.024
862000,0.010,0.959,0.031
862500,0.010,0.956,0.034
863000,0.010,0.946,0.044
863500,0.010,0.912,0.078
864000,0.010,0.914,0.076
864500,0.010,0.935,0.054
865000,0.010,0.906,0.084
865500,0.010,0.925,0.065
866000,0.010,0.939,0.051
866500,0.010,0.951,0.039
867000,0.010,0.956,0.034
867500,0.010,0.969,0.021
868000,0.010,0.959,0.031
868500,0.010,0.963,0.027
869000,0.010,0.971,0.019
869500,0.010,0.958,0.032
870000,0.010,0.919,0.071
870500,0.010,0.892,0.098
871000,0.010,0.912,0.078
871500,0.010,0.927,0.062
872000,0.010,0.933,0.057
872500,0.010,0.933,0.056
873000,0.010,0.923,0.067
873500,0.010,0.916,0.074
874000,0.010,0.946,0.044
874500,0.010,0.951,0.039
875000,0.010,0.952,0.038
875500,0.010,0.952,0.038
876000,0.010,0.950,0.040
876500,0.010,0.961,0.029
877000,0.010,0.971,0.019
877500,0.010,0.932,0.058
878000,0.010,0.918,0.072
878500,0.010,0.915,0.075
879000,0.010,0.930,0.059
879500,0.010,0.923,0.067
880000,0.010,0.934,0.055
880500,0.010,0.934,0.055
881000,0.010,0.958,0.032
881500,0.010,0.945,0.045
882000,0.010,0.967,0.023
882500,0.010,0.954,0.036
883000,0.010,0.950,0.040
883500,0.010,0.940,0.050
884000,0.010,0.915,0.075
884500,0.010,0.942,0.048
885000,0.010,0.946,0.044
885500,0.010,0.937,0.053
886000,0.010,0.942,0.048
886500,0.010,0.931,0.058
887000,0.010,0.928,0.061
887500,0.010,0.961,0.029
888000,0.010,0.955,0.035
888500,0.010,0.946,0.044
889000,0.010,0.936,0.054
889500,0.010,0.936,0.054
890000,0.010,0.901,0.089
890500,0.010,0.923,0.067
891000,0.010,0.929,0.060
891500,0.010,0.921,0.069
892000,0.010,0.941,0.049
892500,0.010,0.937,0.053
893000,0.010,0.935,0.055
893500,0.010,0.945,0.045
894000,0.010,0.925,0.065
894500,0.010,0.918,0.072
895000,0.010,0.922,0.068
895500,0.010,0.920,0.070
896000,0.010,0.918,0.072
896500,0.010,0.918,0.072
897000,0.010,0.911,0.079
897500,0.010,0.925,0.065
898000,0.010,0.926,0.064
898500,0.010,0.936,0.054
899000,0.010,0.942,0.048
899500,0.010,0.949,0.041
900000,0.010,0.940,0.050
900500,0.010,0.904,0.086
901000,0.010,0.909,0.081
901500,0.010,0.890,0.100
902000,0.010,0.887,0.103
902500,0.010,0.893,0.097
903000,0.010,0.904,0.086
903500,0.010,0.920,0.070
904000,0.010,0.941,0.049
904500,0.010,0.958,0.032
905000,0.010,0.965,0.025
905500,0.010,0.942,0.048
906000,0.010,0.933,0.056
906500,0.010,0.914,0.076
907000,0.010,0.911,0.079
907500,0.010,0.931,0.058
908000,0.010,0.946,0.044
908500,0.010,0.943,0.047
909000,0.010,0.947,0.043
909500,0.010,0.922,0.068
910000,0.010,0.908,0.082
910500,0.010,0.900,0.090
911000,0.010,0.891,0.099
911500,0.010,0.905,0.085
912000,0.010,0.907,0.083
912500,0.010,0.910,0.080
913000,0.010,0.940,0.050
913500,0.010,0.945,0.045
914000,0.010,0.955,0.035
914500,0.010,0.943,0.047
915000,0.010,0.941,0.049
915500,0.010,0.948,0.042
916000,0.010,0.914,0.076
916500,0.010,0.910,0.080
917000,0.010,0.922,0.068
917500,0.010,0.918,0.072
918000,0.010,0.904,0.086
918500,0.010,0.928,0.062
919000,0.010,0.919,0.071
919500,0.010,0.920,0.070
920000,0.010,0.939,0.051
920500,0.010,0.909,0.081
921000,0.010,0.910,0.080
921500,0.010,0.933,0.057
922000,0.010,0.908,0.082
922500,0.010,0.920,0.070
923000,0.010,0.947,0.043
923500,0.010,0.911,0.079
924000,0.010,0.896,0.094
924500,0.010,0.910,0.080
925000,0.010,0.921,0.069
925500,0.010,0.912,0.078
926000,0.010,0.899,0.091
926500,0.010,0.916,0.074
927000,0.010,0.929,0.061
927500,0.010,0.938,0.052
928000,0.010,0.941,0.049
928500,0.010,0.961,0.029
929000,0.010,0.940,0.050
929500,0.010,0.933,0.056
930000,0.010,0.934,0.055
930500,0.010,0.952,0.038
931000,0.010,0.942,0.048
931500,0.010,0.926,0.064
932000,0.010,0.921,0.069
932500,0.010,0.939,0.051
933000,0.010,0.930,0.059
933500,0.010,0.943,0.047
934000,0.010,0.915,0.075
934500,0.010,0.894,0.096
935000,0.010,0.888,0.102
935500,0.010,0.927,0.063
936000,0.010,0.910,0.080
936500,0.010,0.878,0.112
937000,0.010,0.910,0.080
937500,0.010,0.924,0.066
938000,0.010,0.938,0.052
938500,0.010,0.940,0.050
939000,0.010,0.923,0.067
939500,0.010,0.912,0.078
940000,0.010,0.916,0.074
940500,0.010,0.913,0.077
941000,0.010,0.885,0.105
941500,0.010,0.898,0.092
942000,0.010,0.931,0.058
942500,0.010,0.928,0.061
943000,0.010,0.931,0.058
943500,0.010,0.932,0.057
944000,0.010,0.926,0.064
944500,0.010,0.924,0.066
945000,0.010,0.896,0.094
945500,0.010,0.905,0.085
946000,0.010,0.896,0.094
946500,0.010,0.905,0.085
947000,0.010,0.933,0.057
947500,0.010,0.963,0.027
948000,0.010,0.961,0.029
948500,0.010,0.934,0.055
949000,0.010,0.945,0.045
949500,0.010,0.945,0.045
950000,0.010,0.936,0.053
950500,0.010,0.924,0.066
951000,0.010,0.928,0.061
951500,0.010,0.919,0.071
952000,0.010,0.881,0.109
952500,0.010,0.882,0.108
953000,0.010,0.905,0.085
953500,0.010,0.924,0.066
954000,0.010,0.952,0.038
954500,0.010,0.933,0.056
955000,0.010,0.943,0.047
955500,0.010,0.949,0.041
956000,0.010,0.931,0.058
956500,0.010,0.898,0.092
957000,0.010,0.927,0.063
957500,0.010,0.905,0.085
958000,0.010,0.910,0.080
958500,0.010,0.938,0.052
959000,0.010,0.942,0.048
959500,0.010,0.918,0.072
960000,0.010,0.958,0.032
960500,0.010,0.943,0.047
961000,0.010,0.945,0.045
961500,0.010,0.955,0.035
962000,0.010,0.953,0.037
962500,0.010,0.937,0.053
963000,0.010,0.909,0.081
963500,0.010,0.926,0.064
964000,0.010,0.950,0.040
964500,0.010,0.941,0.049
965000,0.010,0.921,0.069
965500,0.010,0.927,0.063
966000,0.010,0.922,0.068
966500,0.010,0.940,0.050
967000,0.010,0.964,0.026
967500,0.010,0.938,0.052
968000,0.010,0.908,0.082
968500,0.010,0.922,0.068
969000,0.010,0.917,0.073
969500,0.010,0.922,0.068
970000,0.010,0.942,0.048
970500,0.010,0.929,0.060
971000,0.010,0.917,0.073
971500,0.010,0.904,0.086
972000,0.010,0.891,0.099
972500,0.010,0.933,0.056
973000,0.010,0.909,0.081
973500,0.010,0.917,0.073
974000,0.010,0.928,0.061
974500,0.010,0.916,0.074
975000,0.010,0.888,0.102
975500,0.010,0.927,0.062
976000,0.010,0.962,0.028
976500,0.010,0.948,0.042
977000,0.010,0.933,0.056
977500,0.010,0.887,0.103
978000,0.010,0.910,0.080
978500,0.010,0.921,0.069
979000,0.010,0.920,0.070
979500,0.010,0.901,0.089
980000,0.010,0.875,0.115
980500,0.010,0.873,0.117
981000,0.010,0.895,0.095
981500,0.010,0.908,0.082
982000,0.010,0.885,0.105
982500,0.010,0.935,0.055
983000,0.010,0.920,0.070
983500,0.010,0.932,0.058
984000,0.010,0.923,0.067
984500,0.010,0.935,0.055
985000,0.010,0.936,0.054
985500,0.010,0.949,0.041
986000,0.010,0.932,0.058
986500,0.010,0.946,0.044
987000,0.010,0.944,0.046
987500,0.010,0.954,0.036
988000,0.010,0.952,0.038
988500,0.010,0.942,0.048
989000,0.010,0.926,0.064
989500,0.010,0.940,0.050
990000,0.010,0.950,0.040
990500,0.010,0.942,0.048
991000,0.010,0.955,0.035
991500,0.010,0.974,0.016
992000,0.010,0.947,0.043
992500,0.010,0.948,0.042
993000,0.010,0.935,0.055
993500,0.010,0.933,0.057
994000,0.010,0.919,0.071
994500,0.010,0.911,0.079
995000,0.010,0.907,0.083
995500,0.010,0.909,0.081
996000,0.010,0.920,0.070
996500,0.010,0.950,0.040
997000,0.010,0.941,0.049
997500,0.010,0.888,0.102
998000,0.010,0.880,0.110
998500,0.010,0.886,0.104
999000,0.010,0.906,0.084
999500,0.010,0.933,0.056
1000000,0.010,0.945,0.045
