time,n_A+p,n_B,n_AB
500,0.010,0.977,0.013
1000,0.010,0.956,0.034
1500,0.010,0.960,0.030
2000,0.010,0.958,0.032
2500,0.010,0.975,0.015
3000,0.010,0.973,0.017
3500,0.010,0.970,0.020
4000,0.010,0.970,0.020
4500,0.010,0.967,0.023
5000,0.010,0.975,0.015
5500,0.010,0.978,0.012
6000,0.010,0.973,0.017
6500,0.010,0.978,0.012
7000,0.010,0.971,0.019
7500,0.010,0.952,0.038
8000,0.010,0.964,0.026
8500,0.010,0.978,0.012
9000,0.010,0.969,0.021
9500,0.010,0.946,0.044
10000,0.010,0.963,0.027
10500,0.010,0.970,0.020
11000,0.010,0.956,0.034
11500,0.010,0.956,0.034
12000,0.010,0.955,0.035
12500,0.010,0.974,0.016
13000,0.010,0.955,0.035
13500,0.010,0.971,0.019
14000,0.010,0.961,0.029
14500,0.010,0.976,0.014
15000,0.010,0.972,0.018
15500,0.010,0.972,0.018
16000,0.010,0.970,0.020
16500,0.010,0.969,0.021
17000,0.010,0.968,0.022
17500,0.010,0.975,0.015
18000,0.010,0.968,0.022
18500,0.010,0.963,0.027
19000,0.010,0.959,0.031
19500,0.010,0.953,0.037
20000,0.010,0.972,0.018
20500,0.010,0.975,0.015
21000,0.010,0.977,0.013
21500,0.010,0.974,0.016
22000,0.010,0.968,0.022
22500,0.010,0.975,0.015
23000,0.010,0.976,0.014
23500,0.010,0.965,0.025
24000,0.010,0.973,0.017
24500,0.010,0.965,0.025
25000,0.010,0.975,0.015
25500,0.010,0.979,0.011
26000,0.010,0.958,0.032
26500,0.010,0.964,0.026
27000,0.010,0.965,0.025
27500,0.010,0.967,0.023
28000,0.010,0.976,0.014
28500,0.010,0.979,0.011
29000,0.010,0.989,0.001
29500,0.010,0.983,0.007
30000,0.010,0.974,0.016
30500,0.010,0.956,0.034
31000,0.010,0.968,0.022
31500,0.010,0.982,0.008
32000,0.010,0.973,0.017
32500,0.010,0.965,0.025
33000,0.010,0.953,0.037
33500,0.010,0.948,0.042
34000,0.010,0.963,0.027
34500,0.010,0.974,0.016
35000,0.010,0.968,0.022
35500,0.010,0.966,0.024
36000,0.010,0.968,0.022
36500,0.010,0.975,0.015
37000,0.010,0.964,0.026
37500,0.010,0.981,0.009
38000,0.010,0.984,0.006
38500,0.010,0.968,0.022
39000,0.010,0.960,0.030
39500,0.010,0.972,0.018
40000,0.010,0.980,0.010
40500,0.010,0.973,0.017
41000,0.010,0.968,0.022
41500,0.010,0.976,0.014
42000,0.010,0.980,0.010
42500,0.010,0.963,0.027
43000,0.010,0.953,0.037
43500,0.010,0.959,0.031
44000,0.010,0.959,0.031
44500,0.010,0.940,0.050
45000,0.010,0.967,0.023
45500,0.010,0.955,0.035
46000,0.010,0.953,0.037
46500,0.010,0.962,0.028
47000,0.010,0.989,0.001
47500,0.010,0.971,0.019
48000,0.010,0.985,0.005
48500,0.010,0.969,0.021
49000,0.010,0.957,0.033
49500,0.010,0.953,0.037
50000,0.010,0.953,0.037
50500,0.010,0.960,0.030
51000,0.010,0.965,0.025
51500,0.010,0.963,0.027
52000,0.010,0.966,0.024
52500,0.010,0.969,0.021
53000,0.010,0.963,0.027
53500,0.010,0.968,0.022
54000,0.010,0.974,0.016
54500,0.010,0.979,0.011
55000,0.010,0.972,0.018
55500,0.010,0.978,0.012
56000,0.010,0.969,0.021
56500,0.010,0.959,0.031
57000,0.010,0.977,0.013
57500,0.010,0.981,0.009
58000,0.010,0.976,0.014
58500,0.010,0.950,0.040
59000,0.010,0.971,0.019
59500,0.010,0.977,0.013
60000,0.010,0.977,0.013
60500,0.010,0.968,0.022
61000,0.010,0.964,0.026
61500,0.010,0.979,0.011
62000,0.010,0.964,0.026
62500,0.010,0.972,0.018
63000,0.010,0.989,0.001
63500,0.010,0.965,0.025
64000,0.010,0.974,0.016
64500,0.010,0.978,0.012
65000,0.010,0.967,0.023
65500,0.010,0.978,0.012
66000,0.010,0.983,0.007
66500,0.010,0.969,0.021
67000,0.010,0.986,0.004
67500,0.010,0.977,0.013
68000,0.010,0.977,0.013
68500,0.010,0.984,0.006
69000,0.010,0.974,0.016
69500,0.010,0.973,0.017
70000,0.010,0.954,0.036
70500,0.010,0.963,0.027
71000,0.010,0.966,0.024
71500,0.010,0.965,0.025
72000,0.010,0.944,0.046
72500,0.010,0.976,0.014
73000,0.010,0.967,0.023
73500,0.010,0.958,0.032
74000,0.010,0.965,0.025
74500,0.010,0.960,0.030
75000,0.010,0.961,0.029
75500,0.010,0.967,0.023
76000,0.010,0.973,0.017
76500,0.010,0.956,0.034
77000,0.010,0.960,0.030
77500,0.010,0.967,0.023
78000,0.010,0.967,0.023
78500,0.010,0.974,0.016
79000,0.010,0.962,0.028
79500,0.010,0.969,0.021
80000,0.010,0.943,0.047
80500,0.010,0.953,0.037
81000,0.010,0.961,0.029
81500,0.010,0.982,0.008
82000,0.010,0.982,0.008
82500,0.010,0.967,0.023
83000,0.010,0.975,0.015
83500,0.010,0.968,0.022
84000,0.010,0.965,0.025
84500,0.010,0.958,0.032
85000,0.010,0.955,0.035
85500,0.010,0.969,0.021
86000,0.010,0.957,0.033
86500,0.010,0.948,0.042
87000,0.010,0.950,0.040
87500,0.010,0.962,0.028
88000,0.010,0.959,0.031
88500,0.010,0.953,0.037
89000,0.010,0.961,0.029
89500,0.010,0.969,0.021
90000,0.010,0.969,0.021
90500,0.010,0.962,0.028
91000,0.010,0.966,0.024
91500,0.010,0.956,0.034
92000,0.010,0.966,0.024
92500,0.010,0.974,0.016
93000,0.010,0.981,0.009
93500,0.010,0.976,0.014
94000,0.010,0.985,0.005
94500,0.010,0.985,0.005
95000,0.010,0.973,0.017
95500,0.010,0.977,0.013
96000,0.010,0.981,0.009
96500,0.010,0.973,0.017
97000,0.010,0.981,0.009
97500,0.010,0.979,0.011
98000,0.010,0.979,0.011
98500,0.010,0.976,0.014
99000,0.010,0.966,0.024
99500,0.010,0.962,0.028
100000,0.010,0.960,0.030
100500,0.010,0.963,0.027
101000,0.010,0.956,0.034
101500,0.010,0.964,0.026
102000,0.010,0.974,0.016
102500,0.010,0.966,0.024
103000,0.010,0.965,0.025
103500,0.010,0.977,0.013
104000,0.010,0.974,0.016
104500,0.010,0.964,0.026
105000,0.010,0.975,0.015
105500,0.010,0.978,0.012
106000,0.010,0.978,0.012
106500,0.010,0.973,0.017
107000,0.010,0.970,0.020
107500,0.010,0.978,0.012
108000,0.010,0.962,0.028
108500,0.010,0.957,0.033
109000,0.010,0.968,0.022
109500,0.010,0.972,0.018
110000,0.010,0.954,0.036
110500,0.010,0.976,0.014
111000,0.010,0.982,0.008
111500,0.010,0.972,0.018
112000,0.010,0.976,0.014
112500,0.010,0.974,0.016
113000,0.010,0.974,0.016
113500,0.010,0.969,0.021
114000,0.010,0.974,0.016
114500,0.010,0.962,0.028
115000,0.010,0.961,0.029
115500,0.010,0.970,0.020
116000,0.010,0.972,0.018
116500,0.010,0.979,0.011
117000,0.010,0.973,0.017
117500,0.010,0.970,0.020
118000,0.010,0.972,0.018
118500,0.010,0.969,0.021
119000,0.010,0.954,0.036
119500,0.010,0.951,0.039
120000,0.010,0.972,0.018
120500,0.010,0.978,0.012
121000,0.010,0.974,0.016
121500,0.010,0.965,0.025
122000,0.010,0.970,0.020
122500,0.010,0.955,0.035
123000,0.010,0.977,0.013
123500,0.010,0.974,0.016
124000,0.010,0.967,0.023
124500,0.010,0.975,0.015
125000,0.010,0.962,0.028
125500,0.010,0.967,0.023
126000,0.010,0.955,0.035
126500,0.010,0.972,0.018
127000,0.010,0.963,0.027
127500,0.010,0.972,0.018
128000,0.010,0.950,0.040
128500,0.010,0.963,0.027
129000,0.010,0.962,0.028
129500,0.010,0.967,0.023
130000,0.010,0.975,0.015
130500,0.010,0.965,0.025
131000,0.010,0.982,0.008
131500,0.010,0.982,0.008
132000,0.010,0.966,0.024
132500,0.010,0.983,0.007
133000,0.010,0.969,0.021
133500,0.010,0.983,0.007
134000,0.010,0.978,0.012
134500,0.010,0.971,0.019
135000,0.010,0.969,0.021
135500,0.010,0.957,0.033
136000,0.010,0.975,0.015
136500,0.010,0.976,0.014
137000,0.010,0.984,0.006
137500,0.010,0.979,0.011
138000,0.010,0.964,0.026
138500,0.010,0.977,0.013
139000,0.010,0.983,0.007
139500,0.010,0.969,0.021
140000,0.010,0.964,0.026
140500,0.010,0.982,0.008
141000,0.010,0.981,0.009
141500,0.010,0.975,0.015
142000,0.010,0.966,0.024
142500,0.010,0.968,0.022
143000,0.010,0.962,0.028
143500,0.010,0.968,0.022
144000,0.010,0.962,0.028
144500,0.010,0.969,0.021
145000,0.010,0.974,0.016
145500,0.010,0.975,0.015
146000,0.010,0.958,0.032
146500,0.010,0.957,0.033
147000,0.010,0.962,0.028
147500,0.010,0.959,0.031
148000,0.010,0.962,0.028
148500,0.010,0.966,0.024
149000,0.010,0.984,0.006
149500,0.010,0.981,0.009
150000,0.010,0.981,0.009
150500,0.010,0.984,0.006
151000,0.010,0.976,0.014
151500,0.010,0.971,0.019
152000,0.010,0.980,0.010
152500,0.010,0.990,0.000
153000,0.010,0.989,0.001
153500,0.010,0.975,0.015
154000,0.010,0.964,0.026
154500,0.010,0.956,0.034
155000,0.010,0.964,0.026
155500,0.010,0.977,0.013
156000,0.010,0.970,0.020
156500,0.010,0.962,0.028
157000,0.010,0.980,0.010
157500,0.010,0.973,0.017
158000,0.010,0.968,0.022
158500,0.010,0.976,0.014
159000,0.010,0.967,0.023
159500,0.010,0.967,0.023
160000,0.010,0.978,0.012
160500,0.010,0.951,0.039
161000,0.010,0.963,0.027
161500,0.010,0.975,0.015
162000,0.010,0.980,0.010
162500,0.010,0.979,0.011
163000,0.010,0.967,0.023
163500,0.010,0.957,0.033
164000,0.010,0.957,0.033
164500,0.010,0.965,0.025
165000,0.010,0.980,0.010
165500,0.010,0.969,0.021
166000,0.010,0.968,0.022
166500,0.010,0.961,0.029
167000,0.010,0.976,0.014
167500,0.010,0.975,0.015
168000,0.010,0.981,0.009
168500,0.010,0.968,0.022
169000,0.010,0.959,0.031
169500,0.010,0.981,0.009
170000,0.010,0.972,0.018
170500,0.010,0.978,0.012
171000,0.010,0.970,0.020
171500,0.010,0.966,0.024
172000,0.010,0.973,0.017
172500,0.010,0.972,0.018
173000,0.010,0.972,0.018
173500,0.010,0.975,0.015
174000,0.010,0.984,0.006
174500,0.010,0.987,0.003
175000,0.010,0.970,0.020
175500,0.010,0.952,0.038
176000,0.010,0.967,0.023
176500,0.010,0.966,0.024
177000,0.010,0.979,0.011
177500,0.010,0.971,0.019
178000,0.010,0.975,0.015
178500,0.010,0.970,0.020
179000,0.010,0.985,0.005
179500,0.010,0.983,0.007
180000,0.010,0.971,0.019
180500,0.010,0.970,0.020
181000,0.010,0.964,0.026
181500,0.010,0.978,0.012
182000,0.010,0.980,0.010
182500,0.010,0.960,0.030
183000,0.010,0.983,0.007
183500,0.010,0.971,0.019
184000,0.010,0.972,0.018
184500,0.010,0.951,0.039
185000,0.010,0.978,0.012
185500,0.010,0.969,0.021
186000,0.010,0.964,0.026
186500,0.010,0.969,0.021
187000,0.010,0.972,0.018
187500,0.010,0.973,0.017
188000,0.010,0.956,0.034
188500,0.010,0.962,0.028
189000,0.010,0.975,0.015
189500,0.010,0.955,0.035
190000,0.010,0.958,0.032
190500,0.010,0.962,0.028
191000,0.010,0.977,0.013
191500,0.010,0.969,0.021
192000,0.010,0.962,0.028
192500,0.010,0.979,0.011
193000,0.010,0.974,0.016
193500,0.010,0.965,0.025
194000,0.010,0.973,0.017
194500,0.010,0.955,0.035
195000,0.010,0.967,0.023
195500,0.010,0.960,0.030
196000,0.010,0.970,0.020
196500,0.010,0.957,0.033
197000,0.010,0.969,0.021
197500,0.010,0.968,0.022
198000,0.010,0.961,0.029
198500,0.010,0.953,0.037
199000,0.010,0.972,0.018
199500,0.010,0.972,0.018
200000,0.010,0.958,0.032
200500,0.010,0.980,0.010
201000,0.010,0.979,0.011
201500,0.010,0.965,0.025
202000,0.010,0.969,0.021
202500,0.010,0.964,0.026
203000,0.010,0.980,0.010
203500,0.010,0.969,0.021
204000,0.010,0.980,0.010
204500,0.010,0.973,0.017
205000,0.010,0.957,0.033
205500,0.010,0.947,0.043
206000,0.010,0.975,0.015
206500,0.010,0.980,0.010
207000,0.010,0.966,0.024
207500,0.010,0.959,0.031
208000,0.010,0.977,0.013
208500,0.010,0.978,0.012
209000,0.010,0.982,0.008
209500,0.010,0.973,0.017
210000,0.010,0.956,0.034
210500,0.010,0.950,0.040
211000,0.010,0.962,0.028
211500,0.010,0.962,0.028
212000,0.010,0.973,0.017
212500,0.010,0.982,0.008
213000,0.010,0.973,0.017
213500,0.010,0.973,0.017
214000,0.010,0.962,0.028
214500,0.010,0.966,0.024
215000,0.010,0.969,0.021
215500,0.010,0.966,0.024
216000,0.010,0.968,0.022
216500,0.010,0.969,0.021
217000,0.010,0.974,0.016
217500,0.010,0.978,0.012
218000,0.010,0.956,0.034
218500,0.010,0.959,0.031
219000,0.010,0.958,0.032
219500,0.010,0.964,0.026
220000,0.010,0.980,0.010
220500,0.010,0.967,0.023
221000,0.010,0.967,0.023
221500,0.010,0.957,0.033
222000,0.010,0.958,0.032
222500,0.010,0.957,0.033
223000,0.010,0.977,0.013
223500,0.010,0.971,0.019
224000,0.010,0.982,0.008
224500,0.010,0.978,0.012
225000,0.010,0.976,0.014
225500,0.010,0.983,0.007
226000,0.010,0.972,0.018
226500,0.010,0.960,0.030
227000,0.010,0.978,0.012
227500,0.010,0.979,0.011
228000,0.010,0.982,0.008
228500,0.010,0.973,0.017
229000,0.010,0.977,0.013
229500,0.010,0.980,0.010
230000,0.010,0.975,0.015
230500,0.010,0.971,0.019
231000,0.010,0.972,0.018
231500,0.010,0.976,0.014
232000,0.010,0.978,0.012
232500,0.010,0.982,0.008
233000,0.010,0.983,0.007
233500,0.010,0.960,0.030
234000,0.010,0.960,0.030
234500,0.010,0.970,0.020
235000,0.010,0.963,0.027
235500,0.010,0.975,0.015
236000,0.010,0.978,0.012
236500,0.010,0.972,0.018
237000,0.010,0.983,0.007
237500,0.010,0.989,0.001
238000,0.010,0.972,0.018
238500,0.010,0.980,0.010
239000,0.010,0.983,0.007
239500,0.010,0.979,0.011
240000,0.010,0.970,0.020
240500,0.010,0.972,0.018
241000,0.010,0.963,0.027
241500,0.010,0.967,0.023
242000,0.010,0.959,0.031
242500,0.010,0.949,0.041
243000,0.010,0.953,0.037
243500,0.010,0.965,0.025
244000,0.010,0.962,0.028
244500,0.010,0.981,0.009
245000,0.010,0.970,0.020
245500,0.010,0.961,0.029
246000,0.010,0.969,0.021
246500,0.010,0.952,0.038
247000,0.010,0.965,0.025
247500,0.010,0.972,0.018
248000,0.010,0.972,0.018
248500,0.010,0.968,0.022
249000,0.010,0.979,0.011
249500,0.010,0.973,0.017
250000,0.010,0.979,0.011
250500,0.010,0.972,0.018
251000,0.010,0.955,0.035
251500,0.010,0.978,0.012
252000,0.010,0.977,0.013
252500,0.010,0.975,0.015
253000,0.010,0.935,0.055
253500,0.010,0.970,0.020
254000,0.010,0.973,0.017
254500,0.010,0.975,0.015
255000,0.010,0.966,0.024
255500,0.010,0.956,0.034
256000,0.010,0.965,0.025
256500,0.010,0.969,0.021
257000,0.010,0.976,0.014
257500,0.010,0.949,0.041
258000,0.010,0.946,0.044
258500,0.010,0.965,0.025
259000,0.010,0.958,0.032
259500,0.010,0.976,0.014
260000,0.010,0.978,0.012
260500,0.010,0.949,0.041
261000,0.010,0.968,0.022
261500,0.010,0.972,0.018
262000,0.010,0.974,0.016
262500,0.010,0.966,0.024
263000,0.010,0.982,0.008
263500,0.010,0.983,0.007
264000,0.010,0.968,0.022
264500,0.010,0.978,0.012
265000,0.010,0.985,0.005
265500,0.010,0.952,0.038
266000,0.010,0.969,0.021
266500,0.010,0.979,0.011
267000,0.010,0.983,0.007
267500,0.010,0.973,0.017
268000,0.010,0.961,0.029
268500,0.010,0.969,0.021
269000,0.010,0.983,0.007
269500,0.010,0.962,0.028
270000,0.010,0.977,0.013
270500,0.010,0.975,0.015
271000,0.010,0.972,0.018
271500,0.010,0.985,0.005
272000,0.010,0.982,0.008
272500,0.010,0.978,0.012
273000,0.010,0.962,0.028
273500,0.010,0.956,0.034
274000,0.010,0.958,0.032
274500,0.010,0.963,0.027
275000,0.010,0.973,0.017
275500,0.010,0.968,0.022
276000,0.010,0.957,0.033
276500,0.010,0.970,0.020
277000,0.010,0.971,0.019
277500,0.010,0.962,0.028
278000,0.010,0.967,0.023
278500,0.010,0.963,0.027
279000,0.010,0.957,0.033
279500,0.010,0.984,0.006
280000,0.010,0.973,0.017
280500,0.010,0.961,0.029
281000,0.010,0.972,0.018
281500,0.010,0.966,0.024
282000,0.010,0.966,0.024
282500,0.010,0.982,0.008
283000,0.010,0.972,0.018
283500,0.010,0.977,0.013
284000,0.010,0.975,0.015
284500,0.010,0.973,0.017
285000,0.010,0.975,0.015
285500,0.010,0.974,0.016
286000,0.010,0.964,0.026
286500,0.010,0.977,0.013
287000,0.010,0.970,0.020
287500,0.010,0.967,0.023
288000,0.010,0.978,0.012
288500,0.010,0.982,0.008
289000,0.010,0.972,0.018
289500,0.010,0.979,0.011
290000,0.010,0.983,0.007
290500,0.010,0.939,0.051
291000,0.010,0.956,0.034
291500,0.010,0.971,0.019
292000,0.010,0.977,0.013
292500,0.010,0.973,0.017
293000,0.010,0.970,0.020
293500,0.010,0.973,0.017
294000,0.010,0.956,0.034
294500,0.010,0.983,0.007
295000,0.010,0.986,0.004
295500,0.010,0.967,0.023
296000,0.010,0.970,0.020
296500,0.010,0.980,0.010
297000,0.010,0.961,0.029
297500,0.010,0.952,0.038
298000,0.010,0.952,0.038
298500,0.010,0.940,0.050
299000,0.010,0.943,0.047
299500,0.010,0.978,0.012
300000,0.010,0.982,0.008
300500,0.010,0.972,0.018
301000,0.010,0.963,0.027
301500,0.010,0.955,0.035
302000,0.010,0.969,0.021
302500,0.010,0.957,0.033
303000,0.010,0.962,0.028
303500,0.010,0.977,0.013
304000,0.010,0.983,0.007
304500,0.010,0.963,0.027
305000,0.010,0.980,0.010
305500,0.010,0.979,0.011
306000,0.010,0.974,0.016
306500,0.010,0.973,0.017
307000,0.010,0.961,0.029
307500,0.010,0.962,0.028
308000,0.010,0.970,0.020
308500,0.010,0.978,0.012
309000,0.010,0.982,0.008
309500,0.010,0.976,0.014
310000,0.010,0.949,0.041
310500,0.010,0.976,0.014
311000,0.010,0.986,0.004
311500,0.010,0.973,0.017
312000,0.010,0.961,0.029
312500,0.010,0.981,0.009
313000,0.010,0.968,0.022
313500,0.010,0.975,0.015
314000,0.010,0.955,0.035
314500,0.010,0.944,0.046
315000,0.010,0.968,0.022
315500,0.010,0.978,0.012
316000,0.010,0.979,0.011
316500,0.010,0.972,0.018
317000,0.010,0.984,0.006
317500,0.010,0.986,0.004
318000,0.010,0.980,0.010
318500,0.010,0.983,0.007
319000,0.010,0.971,0.019
319500,0.010,0.958,0.032
320000,0.010,0.971,0.019
320500,0.010,0.982,0.008
321000,0.010,0.965,0.025
321500,0.010,0.980,0.010
322000,0.010,0.966,0.024
322500,0.010,0.980,0.010
323000,0.010,0.974,0.016
323500,0.010,0.977,0.013
324000,0.010,0.979,0.011
324500,0.010,0.987,0.003
325000,0.010,0.977,0.013
325500,0.010,0.972,0.018
326000,0.010,0.978,0.012
326500,0.010,0.979,0.011
327000,0.010,0.972,0.018
327500,0.010,0.955,0.035
328000,0.010,0.968,0.022
328500,0.010,0.974,0.016
329000,0.010,0.982,0.008
329500,0.010,0.977,0.013
330000,0.010,0.982,0.008
330500,0.010,0.971,0.019
331000,0.010,0.957,0.033
331500,0.010,0.965,0.025
332000,0.010,0.969,0.021
332500,0.010,0.970,0.020
333000,0.010,0.966,0.024
333500,0.010,0.974,0.016
334000,0.010,0.972,0.018
334500,0.010,0.979,0.011
335000,0.010,0.967,0.023
335500,0.010,0.956,0.034
336000,0.010,0.968,0.022
336500,0.010,0.967,0.023
337000,0.010,0.982,0.008
337500,0.010,0.970,0.020
338000,0.010,0.951,0.039
338500,0.010,0.970,0.020
339000,0.010,0.987,0.003
339500,0.010,0.966,0.024
340000,0.010,0.958,0.032
340500,0.010,0.970,0.020
341000,0.010,0.979,0.011
341500,0.010,0.983,0.007
342000,0.010,0.977,0.013
342500,0.010,0.974,0.016
343000,0.010,0.979,0.011
343500,0.010,0.979,0.011
344000,0.010,0.979,0.011
344500,0.010,0.978,0.012
345000,0.010,0.977,0.013
345500,0.010,0.967,0.023
346000,0.010,0.952,0.038
346500,0.010,0.955,0.035
347000,0.010,0.967,0.023
347500,0.010,0.951,0.039
348000,0.010,0.953,0.037
348500,0.010,0.974,0.016
349000,0.010,0.969,0.021
349500,0.010,0.975,0.015
350000,0.010,0.966,0.024
350500,0.010,0.958,0.032
351000,0.010,0.975,0.015
351500,0.010,0.975,0.015
352000,0.010,0.978,0.012
352500,0.010,0.976,0.014
353000,0.010,0.964,0.026
353500,0.010,0.978,0.012
354000,0.010,0.976,0.014
354500,0.010,0.984,0.006
355000,0.010,0.968,0.022
355500,0.010,0.974,0.016
356000,0.010,0.960,0.030
356500,0.010,0.956,0.034
357000,0.010,0.965,0.025
357500,0.010,0.965,0.025
358000,0.010,0.976,0.014
358500,0.010,0.964,0.026
359000,0.010,0.960,0.030
359500,0.010,0.945,0.045
360000,0.010,0.974,0.016
360500,0.010,0.963,0.027
361000,0.010,0.956,0.034
361500,0.010,0.964,0.026
362000,0.010,0.979,0.011
362500,0.010,0.986,0.004
363000,0.010,0.970,0.020
363500,0.010,0.954,0.036
364000,0.010,0.968,0.022
364500,0.010,0.961,0.029
365000,0.010,0.978,0.012
365500,0.010,0.971,0.019
366000,0.010,0.979,0.011
366500,0.010,0.972,0.018
367000,0.010,0.984,0.006
367500,0.010,0.979,0.011
368000,0.010,0.985,0.005
368500,0.010,0.977,0.013
369000,0.010,0.975,0.015
369500,0.010,0.975,0.015
370000,0.010,0.975,0.015
370500,0.010,0.961,0.029
371000,0.010,0.957,0.033
371500,0.010,0.974,0.016
372000,0.010,0.983,0.007
372500,0.010,0.983,0.007
373000,0.010,0.976,0.014
373500,0.010,0.977,0.013
374000,0.010,0.975,0.015
374500,0.010,0.977,0.013
375000,0.010,0.980,0.010
375500,0.010,0.974,0.016
376000,0.010,0.959,0.031
376500,0.010,0.961,0.029
377000,0.010,0.978,0.012
377500,0.010,0.977,0.013
378000,0.010,0.980,0.010
378500,0.010,0.968,0.022
379000,0.010,0.980,0.010
379500,0.010,0.962,0.028
380000,0.010,0.969,0.021
380500,0.010,0.952,0.038
381000,0.010,0.974,0.016
381500,0.010,0.981,0.009
382000,0.010,0.984,0.006
382500,0.010,0.971,0.019
383000,0.010,0.962,0.028
383500,0.010,0.968,0.022
384000,0.010,0.976,0.014
384500,0.010,0.971,0.019
385000,0.010,0.968,0.022
385500,0.010,0.973,0.017
386000,0.010,0.959,0.031
386500,0.010,0.985,0.005
387000,0.010,0.972,0.018
387500,0.010,0.982,0.008
388000,0.010,0.961,0.029
388500,0.010,0.972,0.018
389000,0.010,0.982,0.008
389500,0.010,0.957,0.033
390000,0.010,0.958,0.032
390500,0.010,0.970,0.020
391000,0.010,0.979,0.011
391500,0.010,0.988,0.002
392000,0.010,0.968,0.022
392500,0.010,0.962,0.028
393000,0.010,0.985,0.005
393500,0.010,0.972,0.018
394000,0.010,0.957,0.033
394500,0.010,0.960,0.030
395000,0.010,0.956,0.034
395500,0.010,0.963,0.027
396000,0.010,0.971,0.019
396500,0.010,0.973,0.017
397000,0.010,0.957,0.033
397500,0.010,0.959,0.031
398000,0.010,0.958,0.032
398500,0.010,0.968,0.022
399000,0.010,0.977,0.013
399500,0.010,0.971,0.019
400000,0.010,0.958,0.032
400500,0.010,0.970,0.020
401000,0.010,0.975,0.015
401500,0.010,0.978,0.012
402000,0.010,0.975,0.015
402500,0.010,0.973,0.017
403000,0.010,0.965,0.025
403500,0.010,0.978,0.012
404000,0.010,0.968,0.022
404500,0.010,0.975,0.015
405000,0.010,0.971,0.019
405500,0.010,0.951,0.039
406000,0.010,0.959,0.031
406500,0.010,0.967,0.023
407000,0.010,0.961,0.029
407500,0.010,0.960,0.030
408000,0.010,0.969,0.021
408500,0.010,0.972,0.018
409000,0.010,0.975,0.015
409500,0.010,0.981,0.009
410000,0.010,0.983,0.007
410500,0.010,0.971,0.019
411000,0.010,0.973,0.017
411500,0.010,0.979,0.011
412000,0.010,0.976,0.014
412500,0.010,0.972,0.018
413000,0.010,0.973,0.017
413500,0.010,0.974,0.016
414000,0.010,0.969,0.021
414500,0.010,0.979,0.011
415000,0.010,0.977,0.013
415500,0.010,0.972,0.018
416000,0.010,0.965,0.025
416500,0.010,0.978,0.012
417000,0.010,0.975,0.015
417500,0.010,0.964,0.026
418000,0.010,0.960,0.030
418500,0.010,0.962,0.028
419000,0.010,0.954,0.036
419500,0.010,0.964,0.026
420000,0.010,0.981,0.009
420500,0.010,0.978,0.012
421000,0.010,0.979,0.011
421500,0.010,0.985,0.005
422000,0.010,0.967,0.023
422500,0.010,0.974,0.016
423000,0.010,0.960,0.030
423500,0.010,0.976,0.014
424000,0.010,0.972,0.018
424500,0.010,0.961,0.029
425000,0.010,0.962,0.028
425500,0.010,0.965,0.025
426000,0.010,0.975,0.015
426500,0.010,0.990,0.000
427000,0.010,0.982,0.008
427500,0.010,0.966,0.024
428000,0.010,0.977,0.013
428500,0.010,0.960,0.030
429000,0.010,0.971,0.019
429500,0.010,0.974,0.016
430000,0.010,0.973,0.017
430500,0.010,0.970,0.020
431000,0.010,0.968,0.022
431500,0.010,0.982,0.008
432000,0.010,0.953,0.037
432500,0.010,0.968,0.022
433000,0.010,0.972,0.018
433500,0.010,0.986,0.004
434000,0.010,0.982,0.008
434500,0.010,0.978,0.012
435000,0.010,0.972,0.018
435500,0.010,0.980,0.010
436000,0.010,0.980,0.010
436500,0.010,0.970,0.020
437000,0.010,0.950,0.040
437500,0.010,0.954,0.036
438000,0.010,0.961,0.029
438500,0.010,0.957,0.033
439000,0.010,0.969,0.021
439500,0.010,0.979,0.011
440000,0.010,0.966,0.024
440500,0.010,0.977,0.013
441000,0.010,0.981,0.009
441500,0.010,0.953,0.037
442000,0.010,0.960,0.030
442500,0.010,0.961,0.029
443000,0.010,0.944,0.046
443500,0.010,0.974,0.016
444000,0.010,0.982,0.008
444500,0.010,0.962,0.028
445000,0.010,0.969,0.021
445500,0.010,0.959,0.031
446000,0.010,0.955,0.035
446500,0.010,0.982,0.008
447000,0.010,0.977,0.013
447500,0.010,0.982,0.008
448000,0.010,0.985,0.005
448500,0.010,0.975,0.015
449000,0.010,0.979,0.011
449500,0.010,0.966,0.024
450000,0.010,0.977,0.013
450500,0.010,0.978,0.012
451000,0.010,0.967,0.023
451500,0.010,0.946,0.044
452000,0.010,0.956,0.034
452500,0.010,0.969,0.021
453000,0.010,0.954,0.036
453500,0.010,0.951,0.039
454000,0.010,0.972,0.018
454500,0.010,0.960,0.030
455000,0.010,0.968,0.022
455500,0.010,0.961,0.029
456000,0.010,0.966,0.024
456500,0.010,0.963,0.027
457000,0.010,0.963,0.027
457500,0.010,0.959,0.031
458000,0.010,0.977,0.013
458500,0.010,0.966,0.024
459000,0.010,0.941,0.049
459500,0.010,0.959,0.031
460000,0.010,0.962,0.028
460500,0.010,0.975,0.015
461000,0.010,0.973,0.017
461500,0.010,0.976,0.014
462000,0.010,0.963,0.027
462500,0.010,0.975,0.015
463000,0.010,0.979,0.011
463500,0.010,0.973,0.017
464000,0.010,0.978,0.012
464500,0.010,0.970,0.020
465000,0.010,0.962,0.028
465500,0.010,0.952,0.038
466000,0.010,0.968,0.022
466500,0.010,0.963,0.027
467000,0.010,0.964,0.026
467500,0.010,0.962,0.028
468000,0.010,0.973,0.017
468500,0.010,0.970,0.020
469000,0.010,0.973,0.017
469500,0.010,0.976,0.014
470000,0.010,0.982,0.008
470500,0.010,0.986,0.004
471000,0.010,0.984,0.006
471500,0.010,0.969,0.021
472000,0.010,0.978,0.012
472500,0.010,0.970,0.020
473000,0.010,0.969,0.021
473500,0.010,0.973,0.017
474000,0.010,0.966,0.024
474500,0.010,0.959,0.031
475000,0.010,0.960,0.030
475500,0.010,0.959,0.031
476000,0.010,0.954,0.036
476500,0.010,0.972,0.018
477000,0.010,0.953,0.037
477500,0.010,0.976,0.014
478000,0.010,0.974,0.016
478500,0.010,0.968,0.022
479000,0.010,0.959,0.031
479500,0.010,0.948,0.042
480000,0.010,0.959,0.031
480500,0.010,0.964,0.026
481000,0.010,0.962,0.028
481500,0.010,0.966,0.024
482000,0.010,0.983,0.007
482500,0.010,0.981,0.009
483000,0.010,0.978,0.012
483500,0.010,0.956,0.034
484000,0.010,0.959,0.031
484500,0.010,0.975,0.015
485000,0.010,0.982,0.008
485500,0.010,0.965,0.025
486000,0.010,0.975,0.015
486500,0.010,0.960,0.030
487000,0.010,0.955,0.035
487500,0.010,0.977,0.013
488000,0.010,0.973,0.017
488500,0.010,0.977,0.013
489000,0.010,0.963,0.027
489500,0.010,0.934,0.055
490000,0.010,0.955,0.035
490500,0.010,0.968,0.022
491000,0.010,0.971,0.019
491500,0.010,0.972,0.018
492000,0.010,0.947,0.043
492500,0.010,0.963,0.027
493000,0.010,0.965,0.025
493500,0.010,0.956,0.034
494000,0.010,0.968,0.022
494500,0.010,0.974,0.016
495000,0.010,0.972,0.018
495500,0.010,0.966,0.024
496000,0.010,0.971,0.019
496500,0.010,0.983,0.007
497000,0.010,0.966,0.024
497500,0.010,0.983,0.007
498000,0.010,0.968,0.022
498500,0.010,0.984,0.006
499000,0.010,0.961,0.029
499500,0.010,0.954,0.036
500000,0.010,0.969,0.021
500500,0.010,0.982,0.008
501000,0.010,0.965,0.025
501500,0.010,0.963,0.027
502000,0.010,0.962,0.028
502500,0.010,0.966,0.024
503000,0.010,0.962,0.028
503500,0.010,0.951,0.039
504000,0.010,0.937,0.053
504500,0.010,0.949,0.041
505000,0.010,0.973,0.017
505500,0.010,0.979,0.011
506000,0.010,0.964,0.026
506500,0.010,0.968,0.022
507000,0.010,0.967,0.023
507500,0.010,0.979,0.011
508000,0.010,0.980,0.010
508500,0.010,0.977,0.013
509000,0.010,0.944,0.046
509500,0.010,0.973,0.017
510000,0.010,0.973,0.017
510500,0.010,0.969,0.021
511000,0.010,0.977,0.013
511500,0.010,0.970,0.020
512000,0.010,0.973,0.017
512500,0.010,0.954,0.036
513000,0.010,0.963,0.027
513500,0.010,0.975,0.015
514000,0.010,0.983,0.007
514500,0.010,0.972,0.018
515000,0.010,0.974,0.016
515500,0.010,0.959,0.031
516000,0.010,0.959,0.031
516500,0.010,0.969,0.021
517000,0.010,0.969,0.021
517500,0.010,0.954,0.036
518000,0.010,0.964,0.026
518500,0.010,0.967,0.023
519000,0.010,0.967,0.023
519500,0.010,0.955,0.035
520000,0.010,0.972,0.018
520500,0.010,0.985,0.005
521000,0.010,0.981,0.009
521500,0.010,0.971,0.019
522000,0.010,0.983,0.007
522500,0.010,0.971,0.019
523000,0.010,0.980,0.010
523500,0.010,0.983,0.007
524000,0.010,0.976,0.014
524500,0.010,0.970,0.020
525000,0.010,0.971,0.019
525500,0.010,0.978,0.012
526000,0.010,0.974,0.016
526500,0.010,0.964,0.026
527000,0.010,0.977,0.013
527500,0.010,0.977,0.013
528000,0.010,0.980,0.010
528500,0.010,0.974,0.016
529000,0.010,0.970,0.020
529500,0.010,0.959,0.031
530000,0.010,0.964,0.026
530500,0.010,0.969,0.021
531000,0.010,0.960,0.030
531500,0.010,0.968,0.022
532000,0.010,0.967,0.023
532500,0.010,0.968,0.022
533000,0.010,0.976,0.014
533500,0.010,0.944,0.046
534000,0.010,0.973,0.017
534500,0.010,0.986,0.004
535000,0.010,0.967,0.023
535500,0.010,0.966,0.024
536000,0.010,0.966,0.024
536500,0.010,0.980,0.010
537000,0.010,0.967,0.023
537500,0.010,0.958,0.032
538000,0.010,0.962,0.028
538500,0.010,0.971,0.019
539000,0.010,0.964,0.026
539500,0.010,0.965,0.025
540000,0.010,0.980,0.010
540500,0.010,0.982,0.008
541000,0.010,0.974,0.016
541500,0.010,0.972,0.018
542000,0.010,0.964,0.026
542500,0.010,0.974,0.016
543000,0.010,0.984,0.006
543500,0.010,0.968,0.022
544000,0.010,0.958,0.032
544500,0.010,0.974,0.016
545000,0.010,0.981,0.009
545500,0.010,0.987,0.003
546000,0.010,0.980,0.010
546500,0.010,0.979,0.011
547000,0.010,0.981,0.009
547500,0.010,0.969,0.021
548000,0.010,0.974,0.016
548500,0.010,0.971,0.019
549000,0.010,0.952,0.038
549500,0.010,0.962,0.028
550000,0.010,0.976,0.014
550500,0.010,0.979,0.011
551000,0.010,0.980,0.010
551500,0.010,0.980,0.010
552000,0.010,0.970,0.020
552500,0.010,0.961,0.029
553000,0.010,0.957,0.033
553500,0.010,0.962,0.028
554000,0.010,0.962,0.028
554500,0.010,0.981,0.009
555000,0.010,0.976,0.014
555500,0.010,0.970,0.020
556000,0.010,0.986,0.004
556500,0.010,0.963,0.027
557000,0.010,0.975,0.015
557500,0.010,0.980,0.010
558000,0.010,0.978,0.012
558500,0.010,0.975,0.015
559000,0.010,0.986,0.004
559500,0.010,0.983,0.007
560000,0.010,0.985,0.005
560500,0.010,0.983,0.007
561000,0.010,0.976,0.014
561500,0.010,0.972,0.018
562000,0.010,0.972,0.018
562500,0.010,0.970,0.020
563000,0.010,0.977,0.013
563500,0.010,0.957,0.033
564000,0.010,0.958,0.032
564500,0.010,0.961,0.029
565000,0.010,0.979,0.011
565500,0.010,0.983,0.007
566000,0.010,0.974,0.016
566500,0.010,0.962,0.028
567000,0.010,0.978,0.012
567500,0.010,0.962,0.028
568000,0.010,0.960,0.030
568500,0.010,0.977,0.013
569000,0.010,0.969,0.021
569500,0.010,0.961,0.029
570000,0.010,0.971,0.019
570500,0.010,0.979,0.011
571000,0.010,0.982,0.008
571500,0.010,0.978,0.012
572000,0.010,0.982,0.008
572500,0.010,0.978,0.012
573000,0.010,0.978,0.012
573500,0.010,0.958,0.032
574000,0.010,0.966,0.024
574500,0.010,0.966,0.024
575000,0.010,0.952,0.038
575500,0.010,0.973,0.017
576000,0.010,0.972,0.018
576500,0.010,0.969,0.021
577000,0.010,0.968,0.022
577500,0.010,0.978,0.012
578000,0.010,0.969,0.021
578500,0.010,0.977,0.013
579000,0.010,0.971,0.019
579500,0.010,0.949,0.041
580000,0.010,0.961,0.029
580500,0.010,0.981,0.009
581000,0.010,0.987,0.003
581500,0.010,0.975,0.015
582000,0.010,0.958,0.032
582500,0.010,0.967,0.023
583000,0.010,0.963,0.027
583500,0.010,0.976,0.014
584000,0.010,0.971,0.019
584500,0.010,0.967,0.023
585000,0.010,0.971,0.019
585500,0.010,0.959,0.031
586000,0.010,0.968,0.022
586500,0.010,0.971,0.019
587000,0.010,0.941,0.049
587500,0.010,0.966,0.024
588000,0.010,0.970,0.020
588500,0.010,0.981,0.009
589000,0.010,0.971,0.019
589500,0.010,0.963,0.027
590000,0.010,0.965,0.025
590500,0.010,0.972,0.018
591000,0.010,0.962,0.028
591500,0.010,0.966,0.024
592000,0.010,0.975,0.015
592500,0.010,0.976,0.014
593000,0.010,0.974,0.016
593500,0.010,0.977,0.013
594000,0.010,0.963,0.027
594500,0.010,0.978,0.012
595000,0.010,0.970,0.020
595500,0.010,0.975,0.015
596000,0.010,0.971,0.019
596500,0.010,0.979,0.011
597000,0.010,0.982,0.008
597500,0.010,0.977,0.013
598000,0.010,0.965,0.025
598500,0.010,0.966,0.024
599000,0.010,0.976,0.014
599500,0.010,0.976,0.014
600000,0.010,0.977,0.013
600500,0.010,0.983,0.007
601000,0.010,0.978,0.012
601500,0.010,0.967,0.023
602000,0.010,0.950,0.040
602500,0.010,0.969,0.021
603000,0.010,0.941,0.049
603500,0.010,0.956,0.034
604000,0.010,0.945,0.045
604500,0.010,0.948,0.042
605000,0.010,0.964,0.026
605500,0.010,0.974,0.016
606000,0.010,0.973,0.017
606500,0.010,0.974,0.016
607000,0.010,0.985,0.005
607500,0.010,0.973,0.017
608000,0.010,0.959,0.031
608500,0.010,0.970,0.020
609000,0.010,0.971,0.019
609500,0.010,0.967,0.023
610000,0.010,0.982,0.008
610500,0.010,0.974,0.016
611000,0.010,0.960,0.030
611500,0.010,0.973,0.017
612000,0.010,0.969,0.021
612500,0.010,0.984,0.006
613000,0.010,0.983,0.007
613500,0.010,0.982,0.008
614000,0.010,0.984,0.006
614500,0.010,0.963,0.027
615000,0.010,0.962,0.028
615500,0.010,0.975,0.015
616000,0.010,0.967,0.023
616500,0.010,0.982,0.008
617000,0.010,0.972,0.018
617500,0.010,0.954,0.036
618000,0.010,0.968,0.022
618500,0.010,0.951,0.039
619000,0.010,0.961,0.029
619500,0.010,0.968,0.022
620000,0.010,0.946,0.044
620500,0.010,0.945,0.045
621000,0.010,0.950,0.040
621500,0.010,0.940,0.050
622000,0.010,0.952,0.038
622500,0.010,0.967,0.023
623000,0.010,0.979,0.011
623500,0.010,0.979,0.011
624000,0.010,0.967,0.023
624500,0.010,0.981,0.009
625000,0.010,0.985,0.005
625500,0.010,0.968,0.022
626000,0.010,0.943,0.047
626500,0.010,0.960,0.030
627000,0.010,0.971,0.019
627500,0.010,0.979,0.011
628000,0.010,0.969,0.021
628500,0.010,0.947,0.043
629000,0.010,0.946,0.044
629500,0.010,0.966,0.024
630000,0.010,0.979,0.011
630500,0.010,0.977,0.013
631000,0.010,0.978,0.012
631500,0.010,0.970,0.020
632000,0.010,0.970,0.020
632500,0.010,0.964,0.026
633000,0.010,0.970,0.020
633500,0.010,0.982,0.008
634000,0.010,0.968,0.022
634500,0.010,0.982,0.008
635000,0.010,0.984,0.006
635500,0.010,0.983,0.007
636000,0.010,0.978,0.012
636500,0.010,0.953,0.037
637000,0.010,0.964,0.026
637500,0.010,0.974,0.016
638000,0.010,0.946,0.044
638500,0.010,0.932,0.058
639000,0.010,0.963,0.027
639500,0.010,0.964,0.026
640000,0.010,0.984,0.006
640500,0.010,0.986,0.004
641000,0.010,0.972,0.018
641500,0.010,0.959,0.031
642000,0.010,0.974,0.016
642500,0.010,0.959,0.031
643000,0.010,0.970,0.020
643500,0.010,0.960,0.030
644000,0.010,0.964,0.026
644500,0.010,0.981,0.009
645000,0.010,0.970,0.020
645500,0.010,0.984,0.006
646000,0.010,0.981,0.009
646500,0.010,0.971,0.019
647000,0.010,0.976,0.014
647500,0.010,0.971,0.019
648000,0.010,0.976,0.014
648500,0.010,0.972,0.018
649000,0.010,0.978,0.012
649500,0.010,0.958,0.032
650000,0.010,0.958,0.032
650500,0.010,0.951,0.039
651000,0.010,0.955,0.035
651500,0.010,0.967,0.023
652000,0.010,0.970,0.020
652500,0.010,0.968,0.022
653000,0.010,0.973,0.017
653500,0.010,0.971,0.019
654000,0.010,0.981,0.009
654500,0.010,0.978,0.012
655000,0.010,0.962,0.028
655500,0.010,0.955,0.035
656000,0.010,0.961,0.029
656500,0.010,0.978,0.012
657000,0.010,0.974,0.016
657500,0.010,0.968,0.022
658000,0.010,0.977,0.013
658500,0.010,0.972,0.018
659000,0.010,0.977,0.013
659500,0.010,0.972,0.018
660000,0.010,0.965,0.025
660500,0.010,0.974,0.016
661000,0.010,0.975,0.015
661500,0.010,0.973,0.017
662000,0.010,0.977,0.013
662500,0.010,0.983,0.007
663000,0.010,0.968,0.022
663500,0.010,0.978,0.012
664000,0.010,0.979,0.011
664500,0.010,0.974,0.016
665000,0.010,0.984,0.006
665500,0.010,0.981,0.009
666000,0.010,0.973,0.017
666500,0.010,0.967,0.023
667000,0.010,0.967,0.023
667500,0.010,0.967,0.023
668000,0.010,0.955,0.035
668500,0.010,0.955,0.035
669000,0.010,0.976,0.014
669500,0.010,0.981,0.009
670000,0.010,0.941,0.049
670500,0.010,0.954,0.036
671000,0.010,0.958,0.032
671500,0.010,0.976,0.014
672000,0.010,0.986,0.004
672500,0.010,0.984,0.006
673000,0.010,0.970,0.020
673500,0.010,0.961,0.029
674000,0.010,0.954,0.036
674500,0.010,0.967,0.023
675000,0.010,0.947,0.043
675500,0.010,0.951,0.039
676000,0.010,0.946,0.044
676500,0.010,0.954,0.036
677000,0.010,0.958,0.032
677500,0.010,0.967,0.023
678000,0.010,0.974,0.016
678500,0.010,0.974,0.016
679000,0.010,0.978,0.012
679500,0.010,0.977,0.013
680000,0.010,0.985,0.005
680500,0.010,0.970,0.020
681000,0.010,0.960,0.030
681500,0.010,0.952,0.038
682000,0.010,0.962,0.028
682500,0.010,0.981,0.009
683000,0.010,0.979,0.011
683500,0.010,0.977,0.013
684000,0.010,0.969,0.021
684500,0.010,0.983,0.007
685000,0.010,0.983,0.007
685500,0.010,0.972,0.018
686000,0.010,0.956,0.034
686500,0.010,0.976,0.014
687000,0.010,0.961,0.029
687500,0.010,0.976,0.014
688000,0.010,0.974,0.016
688500,0.010,0.982,0.008
689000,0.010,0.981,0.009
689500,0.010,0.974,0.016
690000,0.010,0.963,0.027
690500,0.010,0.966,0.024
691000,0.010,0.977,0.013
691500,0.010,0.982,0.008
692000,0.010,0.976,0.014
692500,0.010,0.980,0.010
693000,0.010,0.980,0.010
693500,0.010,0.972,0.018
694000,0.010,0.962,0.028
694500,0.010,0.974,0.016
695000,0.010,0.961,0.029
695500,0.010,0.962,0.028
696000,0.010,0.967,0.023
696500,0.010,0.970,0.020
697000,0.010,0.967,0.023
697500,0.010,0.978,0.012
698000,0.010,0.971,0.019
698500,0.010,0.963,0.027
699000,0.010,0.959,0.031
699500,0.010,0.954,0.036
700000,0.010,0.979,0.011
700500,0.010,0.983,0.007
701000,0.010,0.965,0.025
701500,0.010,0.972,0.018
702000,0.010,0.979,0.011
702500,0.010,0.959,0.031
703000,0.010,0.979,0.011
703500,0.010,0.986,0.004
704000,0.010,0.966,0.024
704500,0.010,0.983,0.007
705000,0.010,0.964,0.026
705500,0.010,0.983,0.007
706000,0.010,0.967,0.023
706500,0.010,0.978,0.012
707000,0.010,0.980,0.010
707500,0.010,0.977,0.013
708000,0.010,0.974,0.016
708500,0.010,0.972,0.018
709000,0.010,0.972,0.018
709500,0.010,0.968,0.022
710000,0.010,0.976,0.014
710500,0.010,0.977,0.013
711000,0.010,0.973,0.017
711500,0.010,0.970,0.020
712000,0.010,0.976,0.014
712500,0.010,0.981,0.009
713000,0.010,0.980,0.010
713500,0.010,0.967,0.023
714000,0.010,0.975,0.015
714500,0.010,0.976,0.014
715000,0.010,0.957,0.033
715500,0.010,0.978,0.012
716000,0.010,0.969,0.021
716500,0.010,0.967,0.023
717000,0.010,0.959,0.031
717500,0.010,0.963,0.027
718000,0.010,0.972,0.018
718500,0.010,0.982,0.008
719000,0.010,0.972,0.018
719500,0.010,0.977,0.013
720000,0.010,0.986,0.004
720500,0.010,0.979,0.011
721000,0.010,0.968,0.022
721500,0.010,0.971,0.019
722000,0.010,0.967,0.023
722500,0.010,0.962,0.028
723000,0.010,0.967,0.023
723500,0.010,0.975,0.015
724000,0.010,0.969,0.021
724500,0.010,0.978,0.012
725000,0.010,0.975,0.015
725500,0.010,0.981,0.009
726000,0.010,0.964,0.026
726500,0.010,0.975,0.015
727000,0.010,0.959,0.031
727500,0.010,0.960,0.030
728000,0.010,0.940,0.050
728500,0.010,0.979,0.011
729000,0.010,0.966,0.024
729500,0.010,0.974,0.016
730000,0.010,0.978,0.012
730500,0.010,0.959,0.031
731000,0.010,0.977,0.013
731500,0.010,0.970,0.020
732000,0.010,0.969,0.021
732500,0.010,0.977,0.013
733000,0.010,0.964,0.026
733500,0.010,0.948,0.042
734000,0.010,0.966,0.024
734500,0.010,0.957,0.033
735000,0.010,0.956,0.034
735500,0.010,0.954,0.036
736000,0.010,0.983,0.007
736500,0.010,0.960,0.030
737000,0.010,0.982,0.008
737500,0.010,0.985,0.005
738000,0.010,0.980,0.010
738500,0.010,0.979,0.011
739000,0.010,0.966,0.024
739500,0.010,0.972,0.018
740000,0.010,0.979,0.011
740500,0.010,0.973,0.017
741000,0.010,0.970,0.020
741500,0.010,0.967,0.023
742000,0.010,0.979,0.011
742500,0.010,0.984,0.006
743000,0.010,0.975,0.015
743500,0.010,0.985,0.005
744000,0.010,0.977,0.013
744500,0.010,0.982,0.008
745000,0.010,0.972,0.018
745500,0.010,0.972,0.018
746000,0.010,0.973,0.017
746500,0.010,0.974,0.016
747000,0.010,0.979,0.011
747500,0.010,0.973,0.017
748000,0.010,0.961,0.029
748500,0.010,0.968,0.022
749000,0.010,0.965,0.025
749500,0.010,0.981,0.009
750000,0.010,0.982,0.008
750500,0.010,0.980,0.010
751000,0.010,0.978,0.012
751500,0.010,0.986,0.004
752000,0.010,0.982,0.008
752500,0.010,0.966,0.024
753000,0.010,0.950,0.040
753500,0.010,0.952,0.038
754000,0.010,0.973,0.017
754500,0.010,0.966,0.024
755000,0.010,0.973,0.017
755500,0.010,0.965,0.025
756000,0.010,0.958,0.032
756500,0.010,0.961,0.029
757000,0.010,0.953,0.037
757500,0.010,0.956,0.034
758000,0.010,0.957,0.033
758500,0.010,0.957,0.033
759000,0.010,0.971,0.019
759500,0.010,0.972,0.018
760000,0.010,0.972,0.018
760500,0.010,0.965,0.025
761000,0.010,0.980,0.010
761500,0.010,0.970,0.020
762000,0.010,0.959,0.031
762500,0.010,0.982,0.008
763000,0.010,0.979,0.011
763500,0.010,0.977,0.013
764000,0.010,0.978,0.012
764500,0.010,0.971,0.019
765000,0.010,0.969,0.021
765500,0.010,0.968,0.022
766000,0.010,0.966,0.024
766500,0.010,0.967,0.023
767000,0.010,0.961,0.029
767500,0.010,0.946,0.044
768000,0.010,0.936,0.053
768500,0.010,0.976,0.014
769000,0.010,0.983,0.007
769500,0.010,0.981,0.009
770000,0.010,0.978,0.012
770500,0.010,0.976,0.014
771000,0.010,0.962,0.028
771500,0.010,0.947,0.043
772000,0.010,0.972,0.018
772500,0.010,0.989,0.001
773000,0.010,0.984,0.006
773500,0.010,0.978,0.012
774000,0.010,0.978,0.012
774500,0.010,0.969,0.021
775000,0.010,0.968,0.022
775500,0.010,0.972,0.018
776000,0.010,0.980,0.010
776500,0.010,0.967,0.023
777000,0.010,0.984,0.006
777500,0.010,0.976,0.014
778000,0.010,0.979,0.011
778500,0.010,0.986,0.004
779000,0.010,0.972,0.018
779500,0.010,0.967,0.023
780000,0.010,0.953,0.037
780500,0.010,0.972,0.018
781000,0.010,0.969,0.021
781500,0.010,0.957,0.033
782000,0.010,0.967,0.023
782500,0.010,0.975,0.015
783000,0.010,0.958,0.032
783500,0.010,0.955,0.035
784000,0.010,0.960,0.030
784500,0.010,0.980,0.010
785000,0.010,0.967,0.023
785500,0.010,0.962,0.028
786000,0.010,0.964,0.026
786500,0.010,0.982,0.008
787000,0.010,0.984,0.006
787500,0.010,0.977,0.013
788000,0.010,0.972,0.018
788500,0.010,0.975,0.015
789000,0.010,0.983,0.007
789500,0.010,0.971,0.019
790000,0.010,0.984,0.006
790500,0.010,0.970,0.020
791000,0.010,0.975,0.015
791500,0.010,0.982,0.008
792000,0.010,0.972,0.018
792500,0.010,0.972,0.018
793000,0.010,0.974,0.016
793500,0.010,0.965,0.025
794000,0.010,0.961,0.029
794500,0.010,0.976,0.014
795000,0.010,0.987,0.003
795500,0.010,0.978,0.012
796000,0.010,0.974,0.016
796500,0.010,0.970,0.020
797000,0.010,0.961,0.029
797500,0.010,0.924,0.066
798000,0.010,0.960,0.030
798500,0.010,0.967,0.023
799000,0.010,0.970,0.020
799500,0.010,0.976,0.014
800000,0.010,0.972,0.018
800500,0.010,0.985,0.005
801000,0.010,0.988,0.002
801500,0.010,0.984,0.006
802000,0.010,0.981,0.009
802500,0.010,0.956,0.034
803000,0.010,0.963,0.027
803500,0.010,0.973,0.017
804000,0.010,0.978,0.012
804500,0.010,0.958,0.032
805000,0.010,0.961,0.029
805500,0.010,0.952,0.038
806000,0.010,0.977,0.013
806500,0.010,0.972,0.018
807000,0.010,0.961,0.029
807500,0.010,0.939,0.051
808000,0.010,0.944,0.046
808500,0.010,0.962,0.028
809000,0.010,0.975,0.015
809500,0.010,0.958,0.032
810000,0.010,0.940,0.050
810500,0.010,0.962,0.028
811000,0.010,0.970,0.020
811500,0.010,0.978,0.012
812000,0.010,0.971,0.019
812500,0.010,0.972,0.018
813000,0.010,0.970,0.020
813500,0.010,0.979,0.011
814000,0.010,0.969,0.021
814500,0.010,0.966,0.024
815000,0.010,0.968,0.022
815500,0.010,0.985,0.005
816000,0.010,0.978,0.012
816500,0.010,0.986,0.004
817000,0.010,0.976,0.014
817500,0.010,0.984,0.006
818000,0.010,0.966,0.024
818500,0.010,0.972,0.018
819000,0.010,0.950,0.040
819500,0.010,0.965,0.025
820000,0.010,0.979,0.011
820500,0.010,0.985,0.005
821000,0.010,0.980,0.010
821500,0.010,0.979,0.011
822000,0.010,0.983,0.007
822500,0.010,0.978,0.012
823000,0.010,0.976,0.014
823500,0.010,0.975,0.015
824000,0.010,0.977,0.013
824500,0.010,0.958,0.032
825000,0.010,0.961,0.029
825500,0.010,0.959,0.031
826000,0.010,0.975,0.015
826500,0.010,0.956,0.034
827000,0.010,0.958,0.032
827500,0.010,0.963,0.027
828000,0.010,0.967,0.023
828500,0.010,0.949,0.041
829000,0.010,0.958,0.032
829500,0.010,0.961,0.029
830000,0.010,0.972,0.018
830500,0.010,0.965,0.025
831000,0.010,0.958,0.032
831500,0.010,0.970,0.020
832000,0.010,0.981,0.009
832500,0.010,0.987,0.003
833000,0.010,0.974,0.016
833500,0.010,0.964,0.026
834000,0.010,0.974,0.016
834500,0.010,0.964,0.026
835000,0.010,0.976,0.014
835500,0.010,0.961,0.029
836000,0.010,0.967,0.023
836500,0.010,0.975,0.015
837000,0.010,0.981,0.009
837500,0.010,0.969,0.021
838000,0.010,0.968,0.022
838500,0.010,0.973,0.017
839000,0.010,0.974,0.016
839500,0.010,0.979,0.011
840000,0.010,0.981,0.009
840500,0.010,0.968,0.022
841000,0.010,0.976,0.014
841500,0.010,0.976,0.014
842000,0.010,0.963,0.027
842500,0.010,0.955,0.035
843000,0.010,0.965,0.025
843500,0.010,0.971,0.019
844000,0.010,0.978,0.012
844500,0.010,0.974,0.016
845000,0.010,0.976,0.014
845500,0.010,0.984,0.006
846000,0.010,0.964,0.026
846500,0.010,0.975,0.015
847000,0.010,0.967,0.023
847500,0.010,0.977,0.013
848000,0.010,0.970,0.020
848500,0.010,0.968,0.022
849000,0.010,0.975,0.015
849500,0.010,0.968,0.022
850000,0.010,0.958,0.032
850500,0.010,0.957,0.033
851000,0.010,0.934,0.056
851500,0.010,0.947,0.043
852000,0.010,0.966,0.024
852500,0.010,0.977,0.013
853000,0.010,0.980,0.010
853500,0.010,0.977,0.013
854000,0.010,0.969,0.021
854500,0.010,0.974,0.016
855000,0.010,0.975,0.015
855500,0.010,0.966,0.024
856000,0.010,0.951,0.039
856500,0.010,0.955,0.035
857000,0.010,0.977,0.013
857500,0.010,0.967,0.023
858000,0.010,0.982,0.008
858500,0.010,0.981,0.009
859000,0.010,0.978,0.012
859500,0.010,0.970,0.020
860000,0.010,0.958,0.032
860500,0.010,0.950,0.040
861000,0.010,0.972,0.018
861500,0.010,0.976,0.014
862000,0.010,0.972,0.018
862500,0.010,0.974,0.016
863000,0.010,0.987,0.003
863500,0.010,0.976,0.014
864000,0.010,0.958,0.032
864500,0.010,0.959,0.031
865000,0.010,0.972,0.018
865500,0.010,0.967,0.023
866000,0.010,0.971,0.019
866500,0.010,0.961,0.029
867000,0.010,0.969,0.021
867500,0.010,0.966,0.024
868000,0.010,0.970,0.020
868500,0.010,0.967,0.023
869000,0.010,0.980,0.010
869500,0.010,0.947,0.043
870000,0.010,0.946,0.044
870500,0.010,0.974,0.016
871000,0.010,0.977,0.013
871500,0.010,0.975,0.015
872000,0.010,0.969,0.021
872500,0.010,0.975,0.015
873000,0.010,0.953,0.037
873500,0.010,0.963,0.027
874000,0.010,0.963,0.027
874500,0.010,0.963,0.027
875000,0.010,0.975,0.015
875500,0.010,0.973,0.017
876000,0.010,0.965,0.025
876500,0.010,0.969,0.021
877000,0.010,0.950,0.040
877500,0.010,0.961,0.029
878000,0.010,0.966,0.024
878500,0.010,0.978,0.012
879000,0.010,0.987,0.003
879500,0.010,0.960,0.030
880000,0.010,0.973,0.017
880500,0.010,0.975,0.015
881000,0.010,0.967,0.023
881500,0.010,0.969,0.021
882000,0.010,0.965,0.025
882500,0.010,0.979,0.011
883000,0.010,0.973,0.017
883500,0.010,0.983,0.007
884000,0.010,0.980,0.010
884500,0.010,0.984,0.006
885000,0.010,0.958,0.032
885500,0.010,0.950,0.040
886000,0.010,0.952,0.038
886500,0.010,0.973,0.017
887000,0.010,0.969,0.021
887500,0.010,0.979,0.011
888000,0.010,0.971,0.019
888500,0.010,0.975,0.015
889000,0.010,0.971,0.019
889500,0.010,0.953,0.037
890000,0.010,0.982,0.008
890500,0.010,0.977,0.013
891000,0.010,0.968,0.022
891500,0.010,0.972,0.018
892000,0.010,0.980,0.010
892500,0.010,0.967,0.023
893000,0.010,0.976,0.014
893500,0.010,0.984,0.006
894000,0.010,0.967,0.023
894500,0.010,0.973,0.017
895000,0.010,0.978,0.012
895500,0.010,0.975,0.015
896000,0.010,0.968,0.022
896500,0.010,0.957,0.033
897000,0.010,0.972,0.018
897500,0.010,0.982,0.008
898000,0.010,0.981,0.009
898500,0.010,0.946,0.044
899000,0.010,0.952,0.038
899500,0.010,0.963,0.027
900000,0.010,0.961,0.029
900500,0.010,0.982,0.008
901000,0.010,0.985,0.005
901500,0.010,0.961,0.029
902000,0.010,0.974,0.016
902500,0.010,0.972,0.018
903000,0.010,0.973,0.017
903500,0.010,0.960,0.030
904000,0.010,0.955,0.035
904500,0.010,0.974,0.016
905000,0.010,0.963,0.027
905500,0.010,0.984,0.006
906000,0.010,0.959,0.031
906500,0.010,0.973,0.017
907000,0.010,0.974,0.016
907500,0.010,0.978,0.012
908000,0.010,0.963,0.027
908500,0.010,0.954,0.036
909000,0.010,0.961,0.029
909500,0.010,0.985,0.005
910000,0.010,0.976,0.014
910500,0.010,0.975,0.015
911000,0.010,0.974,0.016
911500,0.010,0.965,0.025
912000,0.010,0.973,0.017
912500,0.010,0.963,0.027
913000,0.010,0.965,0.025
913500,0.010,0.970,0.020
914000,0.010,0.971,0.019
914500,0.010,0.971,0.019
915000,0.010,0.969,0.021
915500,0.010,0.963,0.027
916000,0.010,0.948,0.042
916500,0.010,0.956,0.034
917000,0.010,0.967,0.023
917500,0.010,0.953,0.037
918000,0.010,0.968,0.022
918500,0.010,0.958,0.032
919000,0.010,0.951,0.039
919500,0.010,0.977,0.013
920000,0.010,0.961,0.029
920500,0.010,0.961,0.029
921000,0.010,0.947,0.043
921500,0.010,0.976,0.014
922000,0.010,0.974,0.016
922500,0.010,0.946,0.044
923000,0.010,0.950,0.040
923500,0.010,0.955,0.035
924000,0.010,0.964,0.026
924500,0.010,0.957,0.033
925000,0.010,0.957,0.033
925500,0.010,0.968,0.022
926000,0.010,0.972,0.018
926500,0.010,0.962,0.028
927000,0.010,0.971,0.019
927500,0.010,0.962,0.028
928000,0.010,0.964,0.026
928500,0.010,0.948,0.042
929000,0.010,0.958,0.032
929500,0.010,0.969,0.021
930000,0.010,0.971,0.019
930500,0.010,0.977,0.013
931000,0.010,0.972,0.018
931500,0.010,0.968,0.022
932000,0.010,0.961,0.029
932500,0.010,0.966,0.024
933000,0.010,0.965,0.025
933500,0.010,0.970,0.020
934000,0.010,0.980,0.010
934500,0.010,0.974,0.016
935000,0.010,0.970,0.020
935500,0.010,0.981,0.009
936000,0.010,0.980,0.010
936500,0.010,0.982,0.008
937000,0.010,0.968,0.022
937500,0.010,0.973,0.017
938000,0.010,0.978,0.012
938500,0.010,0.972,0.018
939000,0.010,0.955,0.035
939500,0.010,0.947,0.043
940000,0.010,0.973,0.017
940500,0.010,0.977,0.013
941000,0.010,0.984,0.006
941500,0.010,0.981,0.009
942000,0.010,0.977,0.013
942500,0.010,0.977,0.013
943000,0.010,0.972,0.018
943500,0.010,0.963,0.027
944000,0.010,0.966,0.024
944500,0.010,0.969,0.021
945000,0.010,0.987,0.003
945500,0.010,0.981,0.009
946000,0.010,0.976,0.014
946500,0.010,0.978,0.012
947000,0.010,0.972,0.018
947500,0.010,0.947,0.043
948000,0.010,0.967,0.023
948500,0.010,0.977,0.013
949000,0.010,0.979,0.011
949500,0.010,0.967,0.023
950000,0.010,0.968,0.022
950500,0.010,0.988,0.002
951000,0.010,0.976,0.014
951500,0.010,0.981,0.009
952000,0.010,0.972,0.018
952500,0.010,0.972,0.018
953000,0.010,0.974,0.016
953500,0.010,0.978,0.012
954000,0.010,0.987,0.003
954500,0.010,0.965,0.025
955000,0.010,0.972,0.018
955500,0.010,0.954,0.036
956000,0.010,0.948,0.042
956500,0.010,0.942,0.048
957000,0.010,0.969,0.021
957500,0.010,0.955,0.035
958000,0.010,0.966,0.024
958500,0.010,0.985,0.005
959000,0.010,0.966,0.024
959500,0.010,0.975,0.015
960000,0.010,0.971,0.019
960500,0.010,0.960,0.030
961000,0.010,0.975,0.015
961500,0.010,0.978,0.012
962000,0.010,0.975,0.015
962500,0.010,0.957,0.033
963000,0.010,0.959,0.031
963500,0.010,0.962,0.028
964000,0.010,0.970,0.020
964500,0.010,0.978,0.012
965000,0.010,0.982,0.008
965500,0.010,0.984,0.006
966000,0.010,0.966,0.024
966500,0.010,0.956,0.034
967000,0.010,0.973,0.017
967500,0.010,0.968,0.022
968000,0.010,0.968,0.022
968500,0.010,0.971,0.019
969000,0.010,0.972,0.018
969500,0.010,0.970,0.020
970000,0.010,0.953,0.037
970500,0.010,0.966,0.024
971000,0.010,0.945,0.045
971500,0.010,0.962,0.028
972000,0.010,0.983,0.007
972500,0.010,0.963,0.027
973000,0.010,0.952,0.038
973500,0.010,0.968,0.022
974000,0.010,0.977,0.013
974500,0.010,0.966,0.024
975000,0.010,0.970,0.020
975500,0.010,0.965,0.025
976000,0.010,0.960,0.030
976500,0.010,0.985,0.005
977000,0.010,0.972,0.018
977500,0.010,0.972,0.018
978000,0.010,0.959,0.031
978500,0.010,0.945,0.045
979000,0.010,0.977,0.013
979500,0.010,0.979,0.011
980000,0.010,0.974,0.016
980500,0.010,0.984,0.006
981000,0.010,0.985,0.005
981500,0.010,0.978,0.012
982000,0.010,0.961,0.029
982500,0.010,0.981,0.009
983000,0.010,0.987,0.003
983500,0.010,0.977,0.013
984000,0.010,0.966,0.024
984500,0.010,0.970,0.020
985000,0.010,0.970,0.020
985500,0.010,0.983,0.007
986000,0.010,0.971,0.019
986500,0.010,0.975,0.015
987000,0.010,0.944,0.046
987500,0.010,0.974,0.016
988000,0.010,0.969,0.021
988500,0.010,0.927,0.062
989000,0.010,0.957,0.033
989500,0.010,0.972,0.018
990000,0.010,0.958,0.032
990500,0.010,0.969,0.021
991000,0.010,0.984,0.006
991500,0.010,0.973,0.017
992000,0.010,0.970,0.020
992500,0.010,0.958,0.032
993000,0.010,0.956,0.034
993500,0.010,0.970,0.020
994000,0.010,0.976,0.014
994500,0.010,0.972,0.018
995000,0.010,0.982,0.008
995500,0.010,0.973,0.017
996000,0.010,0.954,0.036
996500,0.010,0.962,0.028
997000,0.010,0.963,0.027
997500,0.010,0.930,0.060
998000,0.010,0.956,0.034
998500,0.010,0.979,0.011
999000,0.010,0.978,0.012
999500,0.010,0.973,0.017
1000000,0.010,0.984,0.006
