time,n_A+p,n_B,n_AB
100,0.030,0.965,0.005
200,0.030,0.963,0.007
300,0.030,0.956,0.014
400,0.030,0.954,0.016
500,0.030,0.950,0.020
600,0.030,0.951,0.019
700,0.030,0.949,0.021
800,0.030,0.948,0.022
900,0.030,0.950,0.020
1000,0.030,0.950,0.020
1100,0.030,0.948,0.022
1200,0.030,0.950,0.020
1300,0.030,0.949,0.021
1400,0.032,0.941,0.027
1500,0.032,0.944,0.024
1600,0.032,0.943,0.025
1700,0.033,0.938,0.029
1800,0.033,0.938,0.029
1900,0.032,0.936,0.032
2000,0.032,0.928,0.040
2100,0.032,0.922,0.046
2200,0.031,0.923,0.046
2300,0.031,0.928,0.041
2400,0.031,0.925,0.044
2500,0.031,0.925,0.044
2600,0.030,0.916,0.054
2700,0.030,0.921,0.049
2800,0.032,0.915,0.053
2900,0.031,0.918,0.051
3000,0.031,0.914,0.055
3100,0.031,0.919,0.050
3200,0.031,0.917,0.052
3300,0.031,0.913,0.056
3400,0.031,0.912,0.057
3500,0.031,0.912,0.057
3600,0.030,0.904,0.066
3700,0.030,0.909,0.061
3800,0.030,0.914,0.056
3900,0.030,0.913,0.057
4000,0.030,0.916,0.054
4100,0.031,0.917,0.052
4200,0.031,0.917,0.052
4300,0.030,0.922,0.048
4400,0.030,0.923,0.047
4500,0.030,0.925,0.045
4600,0.030,0.928,0.042
4700,0.030,0.930,0.040
4800,0.030,0.932,0.038
4900,0.030,0.932,0.038
5000,0.030,0.938,0.032
5100,0.030,0.930,0.040
5200,0.030,0.933,0.037
5300,0.030,0.930,0.040
5400,0.030,0.930,0.040
5500,0.030,0.930,0.040
5600,0.030,0.928,0.042
5700,0.030,0.930,0.040
5800,0.030,0.936,0.034
5900,0.030,0.932,0.038
6000,0.031,0.933,0.036
6100,0.031,0.933,0.036
6200,0.030,0.934,0.036
6300,0.030,0.927,0.043
6400,0.032,0.923,0.045
6500,0.034,0.919,0.047
6600,0.035,0.919,0.046
6700,0.035,0.919,0.046
6800,0.035,0.915,0.050
6900,0.035,0.918,0.047
7000,0.035,0.918,0.047
7100,0.033,0.911,0.056
7200,0.033,0.907,0.060
7300,0.031,0.908,0.061
7400,0.030,0.907,0.063
7500,0.030,0.910,0.060
7600,0.030,0.915,0.055
7700,0.030,0.915,0.055
7800,0.030,0.915,0.055
7900,0.030,0.915,0.055
8000,0.030,0.908,0.062
8100,0.030,0.912,0.058
8200,0.030,0.916,0.054
8300,0.030,0.912,0.058
8400,0.030,0.919,0.051
8500,0.032,0.921,0.047
8600,0.033,0.917,0.050
8700,0.032,0.922,0.046
8800,0.032,0.926,0.042
8900,0.032,0.919,0.049
9000,0.032,0.921,0.047
9100,0.032,0.922,0.046
9200,0.031,0.924,0.045
9300,0.031,0.924,0.045
9400,0.033,0.924,0.043
9500,0.034,0.921,0.045
9600,0.033,0.926,0.041
9700,0.033,0.929,0.038
9800,0.032,0.928,0.040
9900,0.032,0.931,0.037
10000,0.032,0.933,0.035
10100,0.032,0.924,0.044
10200,0.032,0.927,0.041
10300,0.032,0.925,0.043
10400,0.032,0.928,0.040
10500,0.031,0.932,0.037
10600,0.031,0.934,0.035
10700,0.030,0.938,0.032
10800,0.030,0.940,0.030
10900,0.030,0.940,0.030
11000,0.030,0.938,0.032
11100,0.030,0.940,0.030
11200,0.031,0.936,0.033
11300,0.031,0.938,0.031
11400,0.031,0.935,0.034
11500,0.031,0.931,0.038
11600,0.031,0.932,0.037
11700,0.031,0.929,0.040
11800,0.032,0.926,0.042
11900,0.032,0.924,0.044
12000,0.031,0.922,0.047
12100,0.030,0.918,0.052
12200,0.030,0.922,0.048
12300,0.030,0.921,0.049
12400,0.030,0.921,0.049
12500,0.030,0.932,0.038
12600,0.030,0.933,0.037
12700,0.030,0.930,0.040
12800,0.030,0.933,0.037
12900,0.031,0.934,0.035
13000,0.031,0.938,0.031
13100,0.031,0.938,0.031
13200,0.031,0.941,0.028
13300,0.032,0.945,0.023
13400,0.032,0.942,0.026
13500,0.032,0.937,0.031
13600,0.032,0.937,0.031
13700,0.032,0.933,0.035
13800,0.031,0.932,0.037
13900,0.031,0.932,0.037
14000,0.030,0.937,0.033
14100,0.031,0.935,0.034
14200,0.030,0.937,0.033
14300,0.030,0.937,0.033
14400,0.030,0.936,0.034
14500,0.030,0.937,0.033
14600,0.030,0.933,0.037
14700,0.030,0.926,0.044
14800,0.030,0.932,0.038
14900,0.030,0.929,0.041
15000,0.030,0.929,0.041
15100,0.030,0.919,0.051
15200,0.030,0.921,0.049
15300,0.032,0.919,0.049
15400,0.032,0.923,0.045
15500,0.032,0.912,0.056
15600,0.032,0.911,0.057
15700,0.033,0.915,0.052
15800,0.033,0.916,0.051
15900,0.033,0.914,0.053
16000,0.033,0.924,0.043
16100,0.033,0.926,0.041
16200,0.032,0.922,0.046
16300,0.032,0.912,0.056
16400,0.032,0.911,0.057
16500,0.033,0.910,0.057
16600,0.033,0.916,0.051
16700,0.032,0.917,0.051
16800,0.032,0.924,0.044
16900,0.031,0.935,0.034
17000,0.031,0.924,0.045
17100,0.030,0.933,0.037
17200,0.030,0.935,0.035
17300,0.030,0.938,0.032
17400,0.030,0.937,0.033
17500,0.030,0.930,0.040
17600,0.030,0.926,0.044
17700,0.032,0.932,0.036
17800,0.031,0.935,0.034
17900,0.031,0.929,0.040
18000,0.032,0.920,0.048
18100,0.033,0.919,0.048
18200,0.034,0.915,0.051
18300,0.035,0.909,0.056
18400,0.035,0.905,0.060
18500,0.035,0.902,0.063
18600,0.034,0.905,0.061
18700,0.034,0.906,0.060
18800,0.035,0.913,0.052
18900,0.035,0.905,0.060
19000,0.034,0.906,0.060
19100,0.034,0.915,0.051
19200,0.034,0.914,0.052
19300,0.033,0.918,0.049
19400,0.033,0.923,0.044
19500,0.033,0.928,0.039
19600,0.033,0.930,0.037
19700,0.033,0.934,0.033
19800,0.033,0.930,0.037
19900,0.033,0.929,0.038
20000,0.033,0.926,0.041
20100,0.033,0.927,0.040
20200,0.032,0.929,0.039
20300,0.031,0.925,0.044
20400,0.030,0.922,0.048
20500,0.030,0.926,0.044
20600,0.030,0.918,0.052
20700,0.032,0.918,0.050
20800,0.032,0.928,0.040
20900,0.031,0.929,0.040
21000,0.030,0.927,0.043
21100,0.030,0.927,0.043
21200,0.030,0.920,0.050
21300,0.030,0.921,0.049
21400,0.030,0.922,0.048
21500,0.030,0.921,0.049
21600,0.030,0.918,0.052
21700,0.032,0.922,0.046
21800,0.032,0.919,0.049
21900,0.031,0.916,0.053
22000,0.031,0.923,0.046
22100,0.030,0.923,0.047
22200,0.032,0.926,0.042
22300,0.034,0.930,0.036
22400,0.035,0.931,0.034
22500,0.035,0.934,0.031
22600,0.034,0.933,0.033
22700,0.035,0.932,0.033
22800,0.035,0.930,0.035
22900,0.034,0.926,0.040
23000,0.033,0.928,0.039
23100,0.033,0.929,0.038
23200,0.033,0.929,0.038
23300,0.033,0.928,0.039
23400,0.033,0.925,0.042
23500,0.033,0.923,0.044
23600,0.032,0.922,0.046
23700,0.033,0.926,0.041
23800,0.033,0.923,0.044
23900,0.032,0.927,0.041
24000,0.032,0.928,0.040
24100,0.032,0.929,0.039
24200,0.032,0.924,0.044
24300,0.032,0.924,0.044
24400,0.032,0.923,0.045
24500,0.032,0.922,0.046
24600,0.034,0.919,0.047
24700,0.034,0.919,0.047
24800,0.032,0.917,0.051
24900,0.032,0.923,0.045
25000,0.031,0.922,0.047
25100,0.033,0.924,0.043
25200,0.033,0.924,0.043
25300,0.032,0.913,0.055
25400,0.032,0.908,0.060
25500,0.033,0.907,0.060
25600,0.034,0.908,0.058
25700,0.035,0.910,0.055
25800,0.036,0.905,0.059
25900,0.036,0.902,0.062
26000,0.037,0.900,0.063
26100,0.038,0.900,0.062
26200,0.038,0.894,0.068
26300,0.037,0.899,0.064
26400,0.037,0.910,0.053
26500,0.037,0.914,0.049
26600,0.036,0.910,0.054
26700,0.036,0.912,0.052
26800,0.036,0.912,0.052
26900,0.036,0.915,0.049
27000,0.036,0.917,0.047
27100,0.036,0.916,0.048
27200,0.033,0.910,0.057
27300,0.033,0.910,0.057
27400,0.034,0.917,0.049
27500,0.033,0.916,0.051
27600,0.033,0.920,0.047
27700,0.033,0.921,0.046
27800,0.033,0.918,0.049
27900,0.032,0.917,0.051
28000,0.032,0.913,0.055
28100,0.032,0.916,0.052
28200,0.032,0.923,0.045
28300,0.031,0.929,0.040
28400,0.032,0.926,0.042
28500,0.032,0.927,0.041
28600,0.032,0.928,0.040
28700,0.032,0.932,0.036
28800,0.032,0.921,0.047
28900,0.032,0.923,0.045
29000,0.034,0.926,0.040
29100,0.034,0.923,0.043
29200,0.034,0.916,0.050
29300,0.034,0.920,0.046
29400,0.033,0.921,0.046
29500,0.032,0.928,0.040
29600,0.031,0.928,0.041
29700,0.030,0.925,0.045
29800,0.030,0.931,0.039
29900,0.030,0.935,0.035
30000,0.030,0.931,0.039
30100,0.030,0.929,0.041
30200,0.030,0.927,0.043
30300,0.030,0.923,0.047
30400,0.030,0.926,0.044
30500,0.030,0.925,0.045
30600,0.030,0.923,0.047
30700,0.030,0.912,0.058
30800,0.032,0.908,0.060
30900,0.031,0.904,0.065
31000,0.033,0.895,0.072
31100,0.032,0.905,0.063
31200,0.032,0.902,0.066
31300,0.031,0.898,0.071
31400,0.032,0.904,0.064
31500,0.032,0.900,0.068
31600,0.032,0.902,0.066
31700,0.031,0.899,0.070
31800,0.034,0.899,0.067
31900,0.034,0.896,0.070
32000,0.033,0.888,0.079
32100,0.034,0.893,0.073
32200,0.034,0.892,0.074
32300,0.034,0.898,0.068
32400,0.032,0.903,0.065
32500,0.032,0.906,0.062
32600,0.032,0.904,0.064
32700,0.031,0.908,0.061
32800,0.031,0.915,0.054
32900,0.031,0.908,0.061
33000,0.031,0.917,0.052
33100,0.031,0.906,0.063
33200,0.031,0.909,0.060
33300,0.031,0.914,0.055
33400,0.031,0.915,0.054
33500,0.031,0.919,0.050
33600,0.031,0.924,0.045
33700,0.031,0.919,0.050
33800,0.031,0.926,0.043
33900,0.031,0.927,0.042
34000,0.031,0.926,0.043
34100,0.032,0.932,0.036
34200,0.032,0.927,0.041
34300,0.032,0.923,0.045
34400,0.032,0.925,0.043
34500,0.032,0.918,0.050
34600,0.032,0.925,0.043
34700,0.032,0.919,0.049
34800,0.032,0.920,0.048
34900,0.032,0.915,0.053
35000,0.032,0.905,0.063
35100,0.032,0.910,0.058
35200,0.030,0.909,0.061
35300,0.030,0.908,0.062
35400,0.030,0.912,0.058
35500,0.032,0.912,0.056
35600,0.032,0.914,0.054
35700,0.032,0.919,0.049
35800,0.033,0.918,0.049
35900,0.033,0.919,0.048
36000,0.032,0.914,0.054
36100,0.032,0.915,0.053
36200,0.032,0.912,0.056
36300,0.032,0.914,0.054
36400,0.031,0.924,0.045
36500,0.031,0.925,0.044
36600,0.030,0.925,0.045
36700,0.030,0.927,0.043
36800,0.031,0.933,0.036
36900,0.033,0.933,0.034
37000,0.033,0.936,0.031
37100,0.033,0.937,0.030
37200,0.033,0.938,0.029
37300,0.032,0.928,0.040
37400,0.031,0.931,0.038
37500,0.031,0.925,0.044
37600,0.031,0.926,0.043
37700,0.031,0.927,0.042
37800,0.031,0.932,0.037
37900,0.031,0.930,0.039
38000,0.031,0.937,0.032
38100,0.031,0.935,0.034
38200,0.031,0.936,0.033
38300,0.031,0.938,0.031
38400,0.031,0.937,0.032
38500,0.033,0.939,0.028
38600,0.033,0.930,0.037
38700,0.033,0.927,0.040
38800,0.032,0.926,0.042
38900,0.033,0.922,0.045
39000,0.033,0.923,0.044
39100,0.032,0.924,0.044
39200,0.032,0.926,0.042
39300,0.032,0.929,0.039
39400,0.032,0.931,0.037
39500,0.031,0.929,0.040
39600,0.031,0.928,0.041
39700,0.031,0.933,0.036
39800,0.031,0.928,0.041
39900,0.031,0.930,0.039
40000,0.031,0.934,0.035
40100,0.031,0.927,0.042
40200,0.031,0.930,0.039
40300,0.031,0.929,0.040
40400,0.031,0.928,0.041
40500,0.032,0.922,0.046
40600,0.032,0.929,0.039
40700,0.032,0.932,0.036
40800,0.031,0.940,0.029
40900,0.030,0.945,0.025
41000,0.030,0.941,0.029
41100,0.030,0.941,0.029
41200,0.030,0.939,0.031
41300,0.030,0.937,0.033
41400,0.030,0.935,0.035
41500,0.031,0.932,0.037
41600,0.031,0.924,0.045
41700,0.030,0.924,0.046
41800,0.030,0.919,0.051
41900,0.030,0.918,0.052
42000,0.030,0.917,0.053
42100,0.030,0.922,0.048
42200,0.030,0.926,0.044
42300,0.030,0.932,0.038
42400,0.032,0.931,0.037
42500,0.032,0.933,0.035
42600,0.032,0.935,0.033
42700,0.032,0.931,0.037
42800,0.034,0.938,0.028
42900,0.034,0.936,0.030
43000,0.034,0.927,0.039
43100,0.033,0.929,0.038
43200,0.032,0.930,0.038
43300,0.032,0.927,0.041
43400,0.031,0.934,0.035
43500,0.031,0.940,0.029
43600,0.031,0.943,0.026
43700,0.031,0.944,0.025
43800,0.031,0.944,0.025
43900,0.031,0.940,0.029
44000,0.031,0.941,0.028
44100,0.032,0.939,0.029
44200,0.032,0.938,0.030
44300,0.032,0.944,0.024
44400,0.032,0.945,0.023
44500,0.032,0.938,0.030
44600,0.032,0.935,0.033
44700,0.032,0.929,0.039
44800,0.034,0.928,0.038
44900,0.035,0.923,0.042
45000,0.035,0.922,0.043
45100,0.034,0.923,0.043
45200,0.033,0.915,0.052
45300,0.034,0.917,0.049
45400,0.034,0.912,0.054
45500,0.036,0.911,0.053
45600,0.036,0.914,0.050
45700,0.036,0.921,0.043
45800,0.035,0.919,0.046
45900,0.034,0.918,0.048
46000,0.033,0.913,0.054
46100,0.032,0.927,0.041
46200,0.032,0.935,0.033
46300,0.032,0.938,0.030
46400,0.032,0.939,0.029
46500,0.032,0.940,0.028
46600,0.032,0.947,0.021
46700,0.032,0.947,0.021
46800,0.032,0.944,0.024
46900,0.032,0.943,0.025
47000,0.032,0.943,0.025
47100,0.032,0.941,0.027
47200,0.032,0.935,0.033
47300,0.032,0.933,0.035
47400,0.032,0.936,0.032
47500,0.032,0.937,0.031
47600,0.032,0.939,0.029
47700,0.032,0.943,0.025
47800,0.033,0.945,0.022
47900,0.033,0.950,0.017
48000,0.033,0.950,0.017
48100,0.033,0.949,0.018
48200,0.033,0.951,0.016
48300,0.032,0.949,0.019
48400,0.032,0.947,0.021
48500,0.032,0.946,0.022
48600,0.032,0.948,0.020
48700,0.033,0.949,0.018
48800,0.032,0.946,0.022
48900,0.032,0.949,0.019
49000,0.033,0.947,0.020
49100,0.032,0.942,0.026
49200,0.032,0.939,0.029
49300,0.032,0.937,0.031
49400,0.031,0.924,0.045
49500,0.032,0.925,0.043
49600,0.034,0.926,0.040
49700,0.033,0.931,0.036
49800,0.033,0.929,0.038
49900,0.032,0.929,0.039
50000,0.032,0.928,0.040
50100,0.031,0.932,0.037
50200,0.031,0.924,0.045
50300,0.033,0.928,0.039
50400,0.033,0.930,0.037
50500,0.033,0.931,0.036
50600,0.032,0.931,0.037
50700,0.032,0.930,0.038
50800,0.032,0.932,0.036
50900,0.032,0.932,0.036
51000,0.032,0.927,0.041
51100,0.032,0.927,0.041
51200,0.032,0.928,0.040
51300,0.032,0.925,0.043
51400,0.031,0.927,0.042
51500,0.030,0.928,0.042
51600,0.031,0.921,0.048
51700,0.031,0.921,0.048
51800,0.031,0.922,0.047
51900,0.031,0.921,0.048
52000,0.031,0.922,0.047
52100,0.031,0.922,0.047
52200,0.031,0.928,0.041
52300,0.031,0.936,0.033
52400,0.031,0.938,0.031
52500,0.031,0.936,0.033
52600,0.030,0.934,0.036
52700,0.030,0.935,0.035
52800,0.030,0.941,0.029
52900,0.030,0.938,0.032
53000,0.031,0.940,0.029
53100,0.031,0.941,0.028
53200,0.031,0.939,0.030
53300,0.031,0.939,0.030
53400,0.031,0.938,0.031
53500,0.031,0.936,0.033
53600,0.030,0.935,0.035
53700,0.030,0.932,0.038
53800,0.030,0.936,0.034
53900,0.030,0.942,0.028
54000,0.032,0.943,0.025
54100,0.033,0.943,0.024
54200,0.034,0.944,0.022
54300,0.034,0.944,0.022
54400,0.033,0.936,0.031
54500,0.033,0.927,0.040
54600,0.033,0.927,0.040
54700,0.033,0.931,0.036
54800,0.033,0.934,0.033
54900,0.033,0.935,0.032
55000,0.033,0.936,0.031
55100,0.032,0.933,0.035
55200,0.032,0.939,0.029
55300,0.032,0.933,0.035
55400,0.032,0.933,0.035
55500,0.031,0.931,0.038
55600,0.031,0.932,0.037
55700,0.031,0.929,0.040
55800,0.030,0.928,0.042
55900,0.030,0.927,0.043
56000,0.030,0.932,0.038
56100,0.030,0.936,0.034
56200,0.030,0.937,0.033
56300,0.030,0.936,0.034
56400,0.030,0.938,0.032
56500,0.030,0.939,0.031
56600,0.030,0.940,0.030
56700,0.030,0.934,0.036
56800,0.030,0.934,0.036
56900,0.030,0.930,0.040
57000,0.032,0.936,0.032
57100,0.031,0.931,0.038
57200,0.031,0.927,0.042
57300,0.031,0.933,0.036
57400,0.031,0.933,0.036
57500,0.031,0.929,0.040
57600,0.031,0.929,0.040
57700,0.031,0.923,0.046
57800,0.031,0.919,0.050
57900,0.031,0.920,0.049
58000,0.031,0.925,0.044
58100,0.031,0.922,0.047
58200,0.030,0.925,0.045
58300,0.030,0.930,0.040
58400,0.032,0.938,0.030
58500,0.031,0.938,0.031
58600,0.031,0.938,0.031
58700,0.031,0.938,0.031
58800,0.032,0.938,0.030
58900,0.032,0.942,0.026
59000,0.032,0.942,0.026
59100,0.032,0.944,0.024
59200,0.032,0.946,0.022
59300,0.031,0.944,0.025
59400,0.031,0.936,0.033
59500,0.031,0.936,0.033
59600,0.031,0.933,0.036
59700,0.031,0.930,0.039
59800,0.031,0.929,0.040
59900,0.031,0.929,0.040
60000,0.031,0.932,0.037
60100,0.031,0.926,0.043
60200,0.031,0.931,0.038
60300,0.031,0.931,0.038
60400,0.031,0.932,0.037
60500,0.031,0.938,0.031
60600,0.031,0.936,0.033
60700,0.031,0.937,0.032
60800,0.031,0.939,0.030
60900,0.031,0.940,0.029
61000,0.031,0.936,0.033
61100,0.031,0.936,0.033
61200,0.033,0.930,0.037
61300,0.032,0.928,0.040
61400,0.032,0.925,0.043
61500,0.032,0.927,0.041
61600,0.032,0.922,0.046
61700,0.032,0.917,0.051
61800,0.032,0.922,0.046
61900,0.031,0.922,0.047
62000,0.032,0.926,0.042
62100,0.033,0.928,0.039
62200,0.033,0.918,0.049
62300,0.033,0.915,0.052
62400,0.033,0.910,0.057
62500,0.033,0.910,0.057
62600,0.033,0.913,0.054
62700,0.033,0.910,0.057
62800,0.031,0.912,0.057
62900,0.031,0.918,0.051
63000,0.031,0.925,0.044
63100,0.031,0.927,0.042
63200,0.030,0.920,0.050
63300,0.031,0.917,0.052
63400,0.031,0.925,0.044
63500,0.031,0.923,0.046
63600,0.031,0.921,0.048
63700,0.031,0.918,0.051
63800,0.030,0.916,0.054
63900,0.030,0.917,0.053
64000,0.031,0.913,0.056
64100,0.031,0.919,0.050
64200,0.033,0.920,0.047
64300,0.033,0.920,0.047
64400,0.032,0.924,0.044
64500,0.034,0.920,0.046
64600,0.034,0.922,0.044
64700,0.036,0.926,0.038
64800,0.035,0.930,0.035
64900,0.035,0.929,0.036
65000,0.034,0.926,0.040
65100,0.033,0.929,0.038
65200,0.033,0.932,0.035
65300,0.033,0.931,0.036
65400,0.033,0.933,0.034
65500,0.033,0.932,0.035
65600,0.033,0.932,0.035
65700,0.033,0.926,0.041
65800,0.033,0.925,0.042
65900,0.033,0.930,0.037
66000,0.032,0.927,0.041
66100,0.032,0.934,0.034
66200,0.032,0.934,0.034
66300,0.032,0.930,0.038
66400,0.032,0.927,0.041
66500,0.032,0.930,0.038
66600,0.031,0.935,0.034
66700,0.031,0.936,0.033
66800,0.031,0.938,0.031
66900,0.031,0.943,0.026
67000,0.032,0.946,0.022
67100,0.031,0.951,0.018
67200,0.031,0.948,0.021
67300,0.031,0.947,0.022
67400,0.031,0.949,0.020
67500,0.031,0.948,0.021
67600,0.031,0.940,0.029
67700,0.031,0.945,0.024
67800,0.031,0.950,0.019
67900,0.031,0.946,0.023
68000,0.031,0.945,0.024
68100,0.031,0.946,0.023
68200,0.031,0.947,0.022
68300,0.031,0.947,0.022
68400,0.030,0.937,0.033
68500,0.030,0.937,0.033
68600,0.030,0.935,0.035
68700,0.030,0.933,0.037
68800,0.031,0.937,0.032
68900,0.033,0.936,0.031
69000,0.032,0.935,0.033
69100,0.032,0.931,0.037
69200,0.033,0.935,0.032
69300,0.032,0.935,0.033
69400,0.031,0.934,0.035
69500,0.031,0.938,0.031
69600,0.031,0.932,0.037
69700,0.031,0.933,0.036
69800,0.031,0.927,0.042
69900,0.031,0.932,0.037
70000,0.032,0.932,0.036
70100,0.032,0.929,0.039
70200,0.031,0.925,0.044
70300,0.033,0.928,0.039
70400,0.032,0.930,0.038
70500,0.030,0.932,0.038
70600,0.030,0.934,0.036
70700,0.030,0.935,0.035
70800,0.030,0.938,0.032
70900,0.030,0.939,0.031
71000,0.030,0.933,0.037
71100,0.030,0.930,0.040
71200,0.030,0.927,0.043
71300,0.030,0.928,0.042
71400,0.030,0.932,0.038
71500,0.030,0.926,0.044
71600,0.030,0.927,0.043
71700,0.030,0.926,0.044
71800,0.030,0.928,0.042
71900,0.030,0.923,0.047
72000,0.030,0.919,0.051
72100,0.030,0.923,0.047
72200,0.030,0.915,0.055
72300,0.032,0.916,0.052
72400,0.032,0.917,0.051
72500,0.034,0.915,0.051
72600,0.032,0.917,0.051
72700,0.032,0.914,0.054
72800,0.032,0.912,0.056
72900,0.032,0.905,0.063
73000,0.031,0.903,0.066
73100,0.031,0.896,0.073
73200,0.031,0.903,0.066
73300,0.031,0.900,0.069
73400,0.031,0.903,0.066
73500,0.031,0.903,0.066
73600,0.031,0.907,0.062
73700,0.030,0.907,0.063
73800,0.030,0.911,0.059
73900,0.030,0.910,0.060
74000,0.030,0.907,0.063
74100,0.030,0.912,0.058
74200,0.030,0.906,0.064
74300,0.032,0.910,0.058
74400,0.032,0.916,0.052
74500,0.032,0.916,0.052
74600,0.031,0.913,0.056
74700,0.031,0.917,0.052
74800,0.032,0.919,0.049
74900,0.034,0.920,0.046
75000,0.033,0.918,0.049
75100,0.031,0.924,0.045
75200,0.033,0.927,0.040
75300,0.033,0.925,0.042
75400,0.031,0.921,0.048
75500,0.031,0.919,0.050
75600,0.031,0.920,0.049
75700,0.031,0.921,0.048
75800,0.031,0.916,0.053
75900,0.033,0.913,0.054
76000,0.033,0.913,0.054
76100,0.033,0.914,0.053
76200,0.033,0.915,0.052
76300,0.033,0.917,0.050
76400,0.035,0.915,0.050
76500,0.035,0.920,0.045
76600,0.033,0.907,0.060
76700,0.033,0.910,0.057
76800,0.033,0.911,0.056
76900,0.033,0.910,0.057
77000,0.033,0.906,0.061
77100,0.032,0.905,0.063
77200,0.034,0.911,0.055
77300,0.033,0.911,0.056
77400,0.033,0.911,0.056
77500,0.033,0.910,0.057
77600,0.033,0.913,0.054
77700,0.033,0.920,0.047
77800,0.032,0.926,0.042
77900,0.032,0.928,0.040
78000,0.032,0.930,0.038
78100,0.031,0.922,0.047
78200,0.032,0.921,0.047
78300,0.032,0.922,0.046
78400,0.032,0.924,0.044
78500,0.032,0.927,0.041
78600,0.032,0.928,0.040
78700,0.031,0.927,0.042
78800,0.031,0.923,0.046
78900,0.031,0.927,0.042
79000,0.031,0.919,0.050
79100,0.031,0.922,0.047
79200,0.031,0.919,0.050
79300,0.031,0.920,0.049
79400,0.030,0.919,0.051
79500,0.030,0.923,0.047
79600,0.030,0.923,0.047
79700,0.030,0.928,0.042
79800,0.030,0.936,0.034
79900,0.030,0.936,0.034
80000,0.030,0.939,0.031
80100,0.030,0.932,0.038
80200,0.030,0.931,0.039
80300,0.030,0.930,0.040
80400,0.030,0.929,0.041
80500,0.030,0.925,0.045
80600,0.030,0.934,0.036
80700,0.030,0.931,0.039
80800,0.030,0.928,0.042
80900,0.030,0.925,0.045
81000,0.030,0.927,0.043
81100,0.030,0.934,0.036
81200,0.031,0.922,0.047
81300,0.030,0.924,0.046
81400,0.030,0.921,0.049
81500,0.030,0.916,0.054
81600,0.031,0.924,0.045
81700,0.031,0.929,0.040
81800,0.030,0.926,0.044
81900,0.030,0.933,0.037
82000,0.030,0.931,0.039
82100,0.030,0.935,0.035
82200,0.030,0.937,0.033
82300,0.030,0.929,0.041
82400,0.030,0.920,0.050
82500,0.030,0.929,0.041
82600,0.030,0.923,0.047
82700,0.030,0.920,0.050
82800,0.030,0.918,0.052
82900,0.033,0.922,0.045
83000,0.033,0.914,0.053
83100,0.033,0.919,0.048
83200,0.033,0.922,0.045
83300,0.033,0.924,0.043
83400,0.033,0.922,0.045
83500,0.033,0.923,0.044
83600,0.032,0.926,0.042
83700,0.031,0.927,0.042
83800,0.031,0.926,0.043
83900,0.031,0.930,0.039
84000,0.031,0.932,0.037
84100,0.031,0.938,0.031
84200,0.031,0.943,0.026
84300,0.031,0.938,0.031
84400,0.032,0.938,0.030
84500,0.032,0.935,0.033
84600,0.032,0.935,0.033
84700,0.032,0.928,0.040
84800,0.031,0.931,0.038
84900,0.030,0.926,0.044
85000,0.030,0.925,0.045
85100,0.030,0.925,0.045
85200,0.032,0.927,0.041
85300,0.032,0.921,0.047
85400,0.034,0.927,0.039
85500,0.034,0.932,0.034
85600,0.034,0.927,0.039
85700,0.033,0.923,0.044
85800,0.034,0.918,0.048
85900,0.034,0.915,0.051
86000,0.033,0.921,0.046
86100,0.033,0.924,0.043
86200,0.034,0.924,0.042
86300,0.034,0.925,0.041
86400,0.034,0.927,0.039
86500,0.035,0.922,0.043
86600,0.035,0.920,0.045
86700,0.035,0.920,0.045
86800,0.035,0.915,0.050
86900,0.035,0.916,0.049
87000,0.035,0.916,0.049
87100,0.035,0.914,0.051
87200,0.035,0.914,0.051
87300,0.034,0.918,0.048
87400,0.034,0.910,0.056
87500,0.034,0.905,0.061
87600,0.034,0.902,0.064
87700,0.034,0.910,0.056
87800,0.034,0.914,0.052
87900,0.033,0.910,0.057
88000,0.033,0.909,0.058
88100,0.033,0.911,0.056
88200,0.033,0.904,0.063
88300,0.033,0.904,0.063
88400,0.033,0.913,0.054
88500,0.033,0.915,0.052
88600,0.033,0.910,0.057
88700,0.033,0.913,0.054
88800,0.034,0.910,0.056
88900,0.036,0.906,0.058
89000,0.036,0.903,0.061
89100,0.035,0.902,0.063
89200,0.037,0.905,0.058
89300,0.037,0.905,0.058
89400,0.036,0.910,0.054
89500,0.039,0.910,0.051
89600,0.038,0.908,0.054
89700,0.041,0.906,0.053
89800,0.040,0.911,0.049
89900,0.039,0.911,0.050
90000,0.039,0.913,0.048
90100,0.037,0.912,0.051
90200,0.035,0.914,0.051
90300,0.036,0.920,0.044
90400,0.033,0.913,0.054
90500,0.033,0.904,0.063
90600,0.034,0.903,0.063
90700,0.035,0.902,0.063
90800,0.035,0.892,0.073
90900,0.033,0.892,0.075
91000,0.034,0.901,0.065
91100,0.034,0.895,0.071
91200,0.033,0.896,0.071
91300,0.033,0.902,0.065
91400,0.033,0.909,0.058
91500,0.033,0.901,0.066
91600,0.033,0.896,0.071
91700,0.032,0.892,0.076
91800,0.031,0.899,0.070
91900,0.031,0.895,0.074
92000,0.030,0.895,0.075
92100,0.030,0.897,0.073
92200,0.030,0.887,0.083
92300,0.030,0.890,0.080
92400,0.030,0.897,0.073
92500,0.034,0.902,0.064
92600,0.034,0.910,0.056
92700,0.034,0.909,0.057
92800,0.035,0.911,0.054
92900,0.035,0.912,0.053
93000,0.034,0.913,0.053
93100,0.034,0.916,0.050
93200,0.032,0.916,0.052
93300,0.032,0.908,0.060
93400,0.031,0.913,0.056
93500,0.031,0.911,0.058
93600,0.031,0.916,0.053
93700,0.031,0.921,0.048
93800,0.031,0.927,0.042
93900,0.031,0.921,0.048
94000,0.031,0.924,0.045
94100,0.031,0.925,0.044
94200,0.031,0.919,0.050
94300,0.031,0.917,0.052
94400,0.031,0.915,0.054
94500,0.031,0.918,0.051
94600,0.033,0.919,0.048
94700,0.033,0.919,0.048
94800,0.031,0.923,0.046
94900,0.030,0.915,0.055
95000,0.030,0.912,0.058
95100,0.030,0.912,0.058
95200,0.032,0.914,0.054
95300,0.031,0.910,0.059
95400,0.031,0.914,0.055
95500,0.031,0.917,0.052
95600,0.030,0.919,0.051
95700,0.030,0.910,0.060
95800,0.031,0.908,0.061
95900,0.031,0.910,0.059
96000,0.030,0.909,0.061
96100,0.030,0.895,0.075
96200,0.030,0.904,0.066
96300,0.030,0.903,0.067
96400,0.030,0.901,0.069
96500,0.030,0.904,0.066
96600,0.030,0.909,0.061
96700,0.032,0.904,0.064
96800,0.033,0.905,0.062
96900,0.033,0.910,0.057
97000,0.033,0.918,0.049
97100,0.035,0.923,0.042
97200,0.035,0.927,0.038
97300,0.035,0.924,0.041
97400,0.035,0.929,0.036
97500,0.035,0.929,0.036
97600,0.035,0.935,0.030
97700,0.035,0.929,0.036
97800,0.034,0.922,0.044
97900,0.034,0.927,0.039
98000,0.034,0.932,0.034
98100,0.034,0.930,0.036
98200,0.034,0.929,0.037
98300,0.033,0.928,0.039
98400,0.033,0.932,0.035
98500,0.034,0.926,0.040
98600,0.034,0.923,0.043
98700,0.033,0.921,0.046
98800,0.032,0.911,0.057
98900,0.032,0.910,0.058
99000,0.031,0.911,0.058
99100,0.033,0.916,0.051
99200,0.032,0.919,0.049
99300,0.032,0.919,0.049
99400,0.031,0.918,0.051
99500,0.031,0.920,0.049
99600,0.031,0.917,0.052
99700,0.031,0.921,0.048
99800,0.031,0.920,0.049
99900,0.033,0.915,0.052
100000,0.033,0.920,0.047
