time,n_A+p,n_B,n_AB
500,0.080,0.493,0.427
1000,0.080,0.261,0.659
1500,0.086,0.145,0.768
2000,0.265,0.018,0.718
2500,0.535,0.002,0.463
3000,0.570,0.000,0.430
3500,0.558,0.000,0.442
4000,0.694,0.000,0.306
4500,0.728,0.000,0.272
5000,0.752,0.000,0.248
5500,0.772,0.000,0.228
6000,0.671,0.000,0.329
6500,0.663,0.000,0.337
7000,0.636,0.000,0.364
7500,0.668,0.000,0.332
8000,0.714,0.000,0.286
8500,0.791,0.000,0.209
9000,0.772,0.000,0.228
9500,0.809,0.000,0.191
10000,0.795,0.000,0.205
10500,0.733,0.000,0.267
11000,0.757,0.000,0.243
11500,0.729,0.000,0.271
12000,0.747,0.000,0.253
12500,0.739,0.000,0.261
13000,0.705,0.000,0.295
13500,0.704,0.000,0.296
14000,0.687,0.000,0.313
14500,0.722,0.000,0.278
15000,0.738,0.000,0.262
15500,0.755,0.000,0.245
16000,0.700,0.000,0.300
16500,0.719,0.000,0.281
17000,0.729,0.000,0.271
17500,0.717,0.000,0.283
18000,0.705,0.000,0.295
18500,0.770,0.000,0.230
19000,0.750,0.000,0.250
19500,0.795,0.000,0.205
20000,0.793,0.000,0.207
20500,0.802,0.000,0.198
21000,0.769,0.000,0.231
21500,0.736,0.000,0.264
22000,0.792,0.000,0.208
22500,0.847,0.000,0.153
23000,0.821,0.000,0.179
23500,0.793,0.000,0.207
24000,0.741,0.000,0.259
24500,0.789,0.000,0.211
25000,0.783,0.000,0.217
25500,0.717,0.000,0.283
26000,0.700,0.000,0.300
26500,0.709,0.000,0.291
27000,0.730,0.000,0.270
27500,0.694,0.000,0.306
28000,0.653,0.000,0.347
28500,0.659,0.000,0.341
29000,0.662,0.000,0.338
29500,0.663,0.000,0.337
30000,0.755,0.000,0.245
30500,0.824,0.000,0.176
31000,0.825,0.000,0.175
31500,0.850,0.000,0.150
32000,0.830,0.000,0.170
32500,0.866,0.000,0.134
33000,0.860,0.000,0.140
33500,0.919,0.000,0.081
34000,0.831,0.000,0.169
34500,0.838,0.000,0.162
35000,0.821,0.000,0.179
35500,0.779,0.000,0.221
36000,0.753,0.000,0.247
36500,0.721,0.000,0.279
37000,0.665,0.000,0.335
37500,0.671,0.000,0.329
38000,0.688,0.000,0.312
38500,0.703,0.000,0.297
39000,0.673,0.000,0.327
39500,0.685,0.000,0.315
40000,0.679,0.000,0.321
40500,0.698,0.000,0.302
41000,0.651,0.000,0.349
41500,0.641,0.000,0.359
42000,0.669,0.000,0.331
42500,0.683,0.000,0.317
43000,0.754,0.000,0.246
43500,0.734,0.000,0.266
44000,0.736,0.000,0.264
44500,0.755,0.000,0.245
45000,0.710,0.000,0.290
45500,0.699,0.000,0.301
46000,0.696,0.000,0.304
46500,0.691,0.000,0.309
47000,0.672,0.000,0.328
47500,0.739,0.000,0.261
48000,0.708,0.000,0.292
48500,0.744,0.000,0.256
49000,0.721,0.000,0.279
49500,0.694,0.000,0.306
50000,0.740,0.000,0.260
50500,0.734,0.000,0.266
51000,0.631,0.000,0.369
51500,0.704,0.000,0.296
52000,0.713,0.000,0.287
52500,0.712,0.000,0.288
53000,0.790,0.000,0.210
53500,0.707,0.000,0.293
54000,0.787,0.000,0.213
54500,0.784,0.000,0.216
55000,0.819,0.000,0.181
55500,0.759,0.000,0.241
56000,0.735,0.000,0.265
56500,0.750,0.000,0.250
57000,0.724,0.000,0.276
57500,0.744,0.000,0.256
58000,0.699,0.000,0.301
58500,0.712,0.000,0.288
59000,0.722,0.000,0.278
59500,0.746,0.000,0.254
60000,0.766,0.000,0.234
60500,0.790,0.000,0.210
61000,0.763,0.000,0.237
61500,0.748,0.000,0.252
62000,0.831,0.000,0.169
62500,0.815,0.000,0.185
63000,0.851,0.000,0.149
63500,0.814,0.000,0.186
64000,0.791,0.000,0.209
64500,0.838,0.000,0.162
65000,0.746,0.000,0.254
65500,0.707,0.000,0.293
66000,0.701,0.000,0.299
66500,0.624,0.000,0.376
67000,0.642,0.000,0.358
67500,0.654,0.000,0.346
68000,0.570,0.000,0.430
68500,0.552,0.000,0.448
69000,0.591,0.000,0.409
69500,0.620,0.000,0.380
70000,0.669,0.000,0.331
70500,0.705,0.000,0.295
71000,0.788,0.000,0.212
71500,0.774,0.000,0.226
72000,0.794,0.000,0.206
72500,0.640,0.000,0.360
73000,0.689,0.000,0.311
73500,0.731,0.000,0.269
74000,0.750,0.000,0.250
74500,0.799,0.000,0.201
75000,0.750,0.000,0.250
75500,0.744,0.000,0.256
76000,0.731,0.000,0.269
76500,0.713,0.000,0.287
77000,0.704,0.000,0.296
77500,0.593,0.000,0.407
78000,0.671,0.000,0.329
78500,0.724,0.000,0.276
79000,0.774,0.000,0.226
79500,0.776,0.000,0.224
80000,0.786,0.000,0.214
80500,0.819,0.000,0.181
81000,0.839,0.000,0.161
81500,0.811,0.000,0.189
82000,0.825,0.000,0.175
82500,0.830,0.000,0.170
83000,0.776,0.000,0.224
83500,0.721,0.000,0.279
84000,0.793,0.000,0.207
84500,0.820,0.000,0.180
85000,0.860,0.000,0.140
85500,0.859,0.000,0.141
86000,0.845,0.000,0.155
86500,0.809,0.000,0.191
87000,0.782,0.000,0.218
87500,0.730,0.000,0.270
88000,0.693,0.000,0.307
88500,0.701,0.000,0.299
89000,0.712,0.000,0.288
89500,0.690,0.000,0.310
90000,0.729,0.000,0.271
90500,0.812,0.000,0.188
91000,0.776,0.000,0.224
91500,0.744,0.000,0.256
92000,0.770,0.000,0.230
92500,0.737,0.000,0.263
93000,0.724,0.000,0.276
93500,0.770,0.000,0.230
94000,0.673,0.000,0.327
94500,0.617,0.000,0.383
95000,0.617,0.000,0.383
95500,0.664,0.000,0.336
96000,0.676,0.000,0.324
96500,0.662,0.000,0.338
97000,0.726,0.000,0.274
97500,0.694,0.000,0.306
98000,0.716,0.000,0.284
98500,0.725,0.000,0.275
99000,0.710,0.000,0.290
99500,0.670,0.000,0.330
100000,0.732,0.000,0.268
100500,0.812,0.000,0.188
101000,0.800,0.000,0.200
101500,0.796,0.000,0.204
102000,0.750,0.000,0.250
102500,0.788,0.000,0.212
103000,0.745,0.000,0.255
103500,0.748,0.000,0.252
104000,0.759,0.000,0.241
104500,0.710,0.000,0.290
105000,0.728,0.000,0.272
105500,0.759,0.000,0.241
106000,0.775,0.000,0.225
106500,0.784,0.000,0.216
107000,0.734,0.000,0.266
107500,0.726,0.000,0.274
108000,0.708,0.000,0.292
108500,0.659,0.000,0.341
109000,0.634,0.000,0.366
109500,0.710,0.000,0.290
110000,0.724,0.000,0.276
110500,0.655,0.000,0.345
111000,0.622,0.000,0.378
111500,0.638,0.000,0.362
112000,0.688,0.000,0.312
112500,0.688,0.000,0.312
113000,0.769,0.000,0.231
113500,0.775,0.000,0.225
114000,0.775,0.000,0.225
114500,0.818,0.000,0.182
115000,0.758,0.000,0.242
115500,0.802,0.000,0.198
116000,0.696,0.000,0.304
116500,0.668,0.000,0.332
117000,0.533,0.000,0.467
117500,0.593,0.000,0.407
118000,0.657,0.000,0.343
118500,0.714,0.000,0.286
119000,0.669,0.000,0.331
119500,0.620,0.000,0.380
120000,0.700,0.000,0.300
120500,0.743,0.000,0.257
121000,0.699,0.000,0.301
121500,0.759,0.000,0.241
122000,0.769,0.000,0.231
122500,0.803,0.000,0.197
123000,0.776,0.000,0.224
123500,0.817,0.000,0.183
124000,0.848,0.000,0.152
124500,0.809,0.000,0.191
125000,0.784,0.000,0.216
125500,0.715,0.000,0.285
126000,0.729,0.000,0.271
126500,0.705,0.000,0.295
127000,0.683,0.000,0.317
127500,0.748,0.000,0.252
128000,0.750,0.000,0.250
128500,0.726,0.000,0.274
129000,0.810,0.000,0.190
129500,0.799,0.000,0.201
130000,0.756,0.000,0.244
130500,0.746,0.000,0.254
131000,0.721,0.000,0.279
131500,0.678,0.000,0.322
132000,0.733,0.000,0.267
132500,0.781,0.000,0.219
133000,0.763,0.000,0.237
133500,0.785,0.000,0.215
134000,0.711,0.000,0.289
134500,0.673,0.000,0.327
135000,0.660,0.000,0.340
135500,0.701,0.000,0.299
136000,0.652,0.000,0.348
136500,0.705,0.000,0.295
137000,0.675,0.000,0.325
137500,0.724,0.000,0.276
138000,0.701,0.000,0.299
138500,0.702,0.000,0.298
139000,0.686,0.000,0.314
139500,0.725,0.000,0.275
140000,0.759,0.000,0.241
140500,0.741,0.000,0.259
141000,0.775,0.000,0.225
141500,0.779,0.000,0.221
142000,0.828,0.000,0.172
142500,0.803,0.000,0.197
143000,0.775,0.000,0.225
143500,0.800,0.000,0.200
144000,0.714,0.000,0.286
144500,0.748,0.000,0.252
145000,0.759,0.000,0.241
145500,0.720,0.000,0.280
146000,0.724,0.000,0.276
146500,0.668,0.000,0.332
147000,0.689,0.000,0.311
147500,0.771,0.000,0.229
148000,0.769,0.000,0.231
148500,0.775,0.000,0.225
149000,0.749,0.000,0.251
149500,0.707,0.000,0.293
150000,0.740,0.000,0.260
150500,0.717,0.000,0.283
151000,0.714,0.000,0.286
151500,0.649,0.000,0.351
152000,0.708,0.000,0.292
152500,0.711,0.000,0.289
153000,0.777,0.000,0.223
153500,0.781,0.000,0.219
154000,0.737,0.000,0.263
154500,0.751,0.000,0.249
155000,0.754,0.000,0.246
155500,0.668,0.000,0.332
156000,0.749,0.000,0.251
156500,0.701,0.000,0.299
157000,0.753,0.000,0.247
157500,0.686,0.000,0.314
158000,0.631,0.000,0.369
158500,0.657,0.000,0.343
159000,0.689,0.000,0.311
159500,0.672,0.000,0.328
160000,0.704,0.000,0.296
160500,0.728,0.000,0.272
161000,0.671,0.000,0.329
161500,0.700,0.000,0.300
162000,0.734,0.000,0.266
162500,0.641,0.000,0.359
163000,0.670,0.000,0.330
163500,0.712,0.000,0.288
164000,0.738,0.000,0.262
164500,0.627,0.000,0.373
165000,0.640,0.000,0.360
165500,0.709,0.000,0.291
166000,0.676,0.000,0.324
166500,0.743,0.000,0.257
167000,0.779,0.000,0.221
167500,0.845,0.000,0.155
168000,0.855,0.000,0.145
168500,0.809,0.000,0.191
169000,0.827,0.000,0.173
169500,0.778,0.000,0.222
170000,0.730,0.000,0.270
170500,0.751,0.000,0.249
171000,0.773,0.000,0.227
171500,0.768,0.000,0.232
172000,0.768,0.000,0.232
172500,0.750,0.000,0.250
173000,0.709,0.000,0.291
173500,0.697,0.000,0.303
174000,0.750,0.000,0.250
174500,0.789,0.000,0.211
175000,0.724,0.000,0.276
175500,0.761,0.000,0.239
176000,0.762,0.000,0.238
176500,0.743,0.000,0.257
177000,0.758,0.000,0.242
177500,0.710,0.000,0.290
178000,0.695,0.000,0.305
178500,0.709,0.000,0.291
179000,0.697,0.000,0.303
179500,0.690,0.000,0.310
180000,0.747,0.000,0.253
180500,0.719,0.000,0.281
181000,0.709,0.000,0.291
181500,0.688,0.000,0.312
182000,0.636,0.000,0.364
182500,0.673,0.000,0.327
183000,0.709,0.000,0.291
183500,0.676,0.000,0.324
184000,0.734,0.000,0.266
184500,0.706,0.000,0.294
185000,0.797,0.000,0.203
185500,0.797,0.000,0.203
186000,0.727,0.000,0.273
186500,0.684,0.000,0.316
187000,0.757,0.000,0.243
187500,0.843,0.000,0.157
188000,0.784,0.000,0.216
188500,0.756,0.000,0.244
189000,0.796,0.000,0.204
189500,0.781,0.000,0.219
190000,0.804,0.000,0.196
190500,0.856,0.000,0.144
191000,0.804,0.000,0.196
191500,0.746,0.000,0.254
192000,0.749,0.000,0.251
192500,0.779,0.000,0.221
193000,0.789,0.000,0.211
193500,0.794,0.000,0.206
194000,0.769,0.000,0.231
194500,0.745,0.000,0.255
195000,0.746,0.000,0.254
195500,0.676,0.000,0.324
196000,0.701,0.000,0.299
196500,0.695,0.000,0.305
197000,0.698,0.000,0.302
197500,0.723,0.000,0.277
198000,0.705,0.000,0.295
198500,0.647,0.000,0.353
199000,0.693,0.000,0.307
199500,0.757,0.000,0.243
200000,0.741,0.000,0.259
200500,0.784,0.000,0.216
201000,0.742,0.000,0.258
201500,0.783,0.000,0.217
202000,0.784,0.000,0.216
202500,0.685,0.000,0.315
203000,0.651,0.000,0.349
203500,0.735,0.000,0.265
204000,0.693,0.000,0.307
204500,0.754,0.000,0.246
205000,0.700,0.000,0.300
205500,0.733,0.000,0.267
206000,0.651,0.000,0.349
206500,0.654,0.000,0.346
207000,0.609,0.000,0.391
207500,0.584,0.000,0.416
208000,0.606,0.000,0.394
208500,0.649,0.000,0.351
209000,0.641,0.000,0.359
209500,0.567,0.000,0.433
210000,0.631,0.000,0.369
210500,0.602,0.000,0.398
211000,0.551,0.000,0.449
211500,0.642,0.000,0.358
212000,0.678,0.000,0.322
212500,0.681,0.000,0.319
213000,0.635,0.000,0.365
213500,0.732,0.000,0.268
214000,0.714,0.000,0.286
214500,0.705,0.000,0.295
215000,0.684,0.000,0.316
215500,0.751,0.000,0.249
216000,0.803,0.000,0.197
216500,0.801,0.000,0.199
217000,0.760,0.000,0.240
217500,0.731,0.000,0.269
218000,0.719,0.000,0.281
218500,0.592,0.000,0.408
219000,0.720,0.000,0.280
219500,0.754,0.000,0.246
220000,0.726,0.000,0.274
220500,0.717,0.000,0.283
221000,0.735,0.000,0.265
221500,0.693,0.000,0.307
222000,0.720,0.000,0.280
222500,0.741,0.000,0.259
223000,0.792,0.000,0.208
223500,0.747,0.000,0.253
224000,0.771,0.000,0.229
224500,0.788,0.000,0.212
225000,0.798,0.000,0.202
225500,0.805,0.000,0.195
226000,0.865,0.000,0.135
226500,0.880,0.000,0.120
227000,0.871,0.000,0.129
227500,0.892,0.000,0.108
228000,0.902,0.000,0.098
228500,0.928,0.000,0.072
229000,0.936,0.000,0.064
229500,0.934,0.000,0.066
230000,0.959,0.000,0.041
230500,0.949,0.000,0.051
231000,0.976,0.000,0.024
231500,0.967,0.000,0.033
232000,0.961,0.000,0.039
232500,0.964,0.000,0.036
233000,0.966,0.000,0.034
233500,0.931,0.000,0.069
234000,0.940,0.000,0.060
234500,0.933,0.000,0.067
235000,0.936,0.000,0.064
235500,0.943,0.000,0.057
236000,0.931,0.000,0.069
236500,0.925,0.000,0.075
237000,0.942,0.000,0.058
237500,0.942,0.000,0.058
238000,0.929,0.000,0.071
238500,0.875,0.000,0.125
239000,0.896,0.000,0.104
239500,0.869,0.000,0.131
240000,0.862,0.000,0.138
240500,0.819,0.000,0.181
241000,0.839,0.000,0.161
241500,0.790,0.000,0.210
242000,0.694,0.000,0.306
242500,0.730,0.000,0.270
243000,0.758,0.000,0.242
243500,0.783,0.000,0.217
244000,0.794,0.000,0.206
244500,0.765,0.000,0.235
245000,0.722,0.000,0.278
245500,0.701,0.000,0.299
246000,0.686,0.000,0.314
246500,0.688,0.000,0.312
247000,0.672,0.000,0.328
247500,0.590,0.000,0.410
248000,0.643,0.000,0.357
248500,0.660,0.000,0.340
249000,0.713,0.000,0.287
249500,0.775,0.000,0.225
250000,0.799,0.000,0.201
250500,0.741,0.000,0.259
251000,0.714,0.000,0.286
251500,0.596,0.000,0.404
252000,0.602,0.000,0.398
252500,0.620,0.000,0.380
253000,0.661,0.000,0.339
253500,0.709,0.000,0.291
254000,0.739,0.000,0.261
254500,0.742,0.000,0.258
255000,0.725,0.000,0.275
255500,0.738,0.000,0.262
256000,0.706,0.000,0.294
256500,0.755,0.000,0.245
257000,0.774,0.000,0.226
257500,0.811,0.000,0.189
258000,0.736,0.000,0.264
258500,0.653,0.000,0.347
259000,0.619,0.000,0.381
259500,0.714,0.000,0.286
260000,0.825,0.000,0.175
260500,0.781,0.000,0.219
261000,0.831,0.000,0.169
261500,0.842,0.000,0.158
262000,0.841,0.000,0.159
262500,0.848,0.000,0.152
263000,0.840,0.000,0.160
263500,0.848,0.000,0.152
264000,0.826,0.000,0.174
264500,0.795,0.000,0.205
265000,0.795,0.000,0.205
265500,0.781,0.000,0.219
266000,0.760,0.000,0.240
266500,0.797,0.000,0.203
267000,0.729,0.000,0.271
267500,0.689,0.000,0.311
268000,0.638,0.000,0.362
268500,0.650,0.000,0.350
269000,0.677,0.000,0.323
269500,0.693,0.000,0.307
270000,0.716,0.000,0.284
270500,0.734,0.000,0.266
271000,0.781,0.000,0.219
271500,0.685,0.000,0.315
272000,0.735,0.000,0.265
272500,0.723,0.000,0.277
273000,0.778,0.000,0.222
273500,0.800,0.000,0.200
274000,0.815,0.000,0.185
274500,0.691,0.000,0.309
275000,0.767,0.000,0.233
275500,0.770,0.000,0.230
276000,0.781,0.000,0.219
276500,0.696,0.000,0.304
277000,0.770,0.000,0.230
277500,0.805,0.000,0.195
278000,0.809,0.000,0.191
278500,0.794,0.000,0.206
279000,0.846,0.000,0.154
279500,0.860,0.000,0.140
280000,0.865,0.000,0.135
280500,0.863,0.000,0.137
281000,0.772,0.000,0.228
281500,0.780,0.000,0.220
282000,0.777,0.000,0.223
282500,0.763,0.000,0.237
283000,0.749,0.000,0.251
283500,0.739,0.000,0.261
284000,0.699,0.000,0.301
284500,0.741,0.000,0.259
285000,0.739,0.000,0.261
285500,0.773,0.000,0.227
286000,0.744,0.000,0.256
286500,0.688,0.000,0.312
287000,0.706,0.000,0.294
287500,0.645,0.000,0.355
288000,0.668,0.000,0.332
288500,0.652,0.000,0.348
289000,0.692,0.000,0.308
289500,0.643,0.000,0.357
290000,0.687,0.000,0.313
290500,0.645,0.000,0.355
291000,0.642,0.000,0.358
291500,0.587,0.000,0.413
292000,0.601,0.000,0.399
292500,0.616,0.000,0.384
293000,0.668,0.000,0.332
293500,0.643,0.000,0.357
294000,0.656,0.000,0.344
294500,0.644,0.000,0.356
295000,0.710,0.000,0.290
295500,0.700,0.000,0.300
296000,0.630,0.000,0.370
296500,0.611,0.000,0.389
297000,0.654,0.000,0.346
297500,0.676,0.000,0.324
298000,0.713,0.000,0.287
298500,0.735,0.000,0.265
299000,0.739,0.000,0.261
299500,0.685,0.000,0.315
300000,0.667,0.000,0.333
300500,0.732,0.000,0.268
301000,0.728,0.000,0.272
301500,0.730,0.000,0.270
302000,0.727,0.000,0.273
302500,0.785,0.000,0.215
303000,0.821,0.000,0.179
303500,0.766,0.000,0.234
304000,0.762,0.000,0.238
304500,0.679,0.000,0.321
305000,0.676,0.000,0.324
305500,0.702,0.000,0.298
306000,0.634,0.000,0.366
306500,0.671,0.000,0.329
307000,0.679,0.000,0.321
307500,0.660,0.000,0.340
308000,0.690,0.000,0.310
308500,0.732,0.000,0.268
309000,0.799,0.000,0.201
309500,0.843,0.000,0.157
310000,0.855,0.000,0.145
310500,0.887,0.000,0.113
311000,0.926,0.000,0.074
311500,0.927,0.000,0.073
312000,0.900,0.000,0.100
312500,0.898,0.000,0.102
313000,0.871,0.000,0.129
313500,0.868,0.000,0.132
314000,0.871,0.000,0.129
314500,0.834,0.000,0.166
315000,0.855,0.000,0.145
315500,0.793,0.000,0.207
316000,0.741,0.000,0.259
316500,0.718,0.000,0.282
317000,0.667,0.000,0.333
317500,0.767,0.000,0.233
318000,0.713,0.000,0.287
318500,0.705,0.000,0.295
319000,0.685,0.000,0.315
319500,0.696,0.000,0.304
320000,0.692,0.000,0.308
320500,0.698,0.000,0.302
321000,0.604,0.000,0.396
321500,0.694,0.000,0.306
322000,0.662,0.000,0.338
322500,0.707,0.000,0.293
323000,0.707,0.000,0.293
323500,0.724,0.000,0.276
324000,0.715,0.000,0.285
324500,0.719,0.000,0.281
325000,0.739,0.000,0.261
325500,0.748,0.000,0.252
326000,0.805,0.000,0.195
326500,0.821,0.000,0.179
327000,0.826,0.000,0.174
327500,0.757,0.000,0.243
328000,0.773,0.000,0.227
328500,0.851,0.000,0.149
329000,0.906,0.000,0.094
329500,0.932,0.000,0.068
330000,0.956,0.000,0.044
330500,0.915,0.000,0.085
331000,0.866,0.000,0.134
331500,0.819,0.000,0.181
332000,0.791,0.000,0.209
332500,0.745,0.000,0.255
333000,0.761,0.000,0.239
333500,0.797,0.000,0.203
334000,0.778,0.000,0.222
334500,0.742,0.000,0.258
335000,0.798,0.000,0.202
335500,0.814,0.000,0.186
336000,0.781,0.000,0.219
336500,0.876,0.000,0.124
337000,0.845,0.000,0.155
337500,0.761,0.000,0.239
338000,0.717,0.000,0.283
338500,0.729,0.000,0.271
339000,0.692,0.000,0.308
339500,0.694,0.000,0.306
340000,0.757,0.000,0.243
340500,0.752,0.000,0.248
341000,0.719,0.000,0.281
341500,0.767,0.000,0.233
342000,0.784,0.000,0.216
342500,0.750,0.000,0.250
343000,0.702,0.000,0.298
343500,0.696,0.000,0.304
344000,0.692,0.000,0.308
344500,0.678,0.000,0.322
345000,0.693,0.000,0.307
345500,0.665,0.000,0.335
346000,0.700,0.000,0.300
346500,0.771,0.000,0.229
347000,0.799,0.000,0.201
347500,0.820,0.000,0.180
348000,0.789,0.000,0.211
348500,0.731,0.000,0.269
349000,0.665,0.000,0.335
349500,0.714,0.000,0.286
350000,0.664,0.000,0.336
350500,0.736,0.000,0.264
351000,0.735,0.000,0.265
351500,0.761,0.000,0.239
352000,0.795,0.000,0.205
352500,0.791,0.000,0.209
353000,0.792,0.000,0.208
353500,0.673,0.000,0.327
354000,0.676,0.000,0.324
354500,0.774,0.000,0.226
355000,0.831,0.000,0.169
355500,0.855,0.000,0.145
356000,0.788,0.000,0.212
356500,0.731,0.000,0.269
357000,0.676,0.000,0.324
357500,0.674,0.000,0.326
358000,0.635,0.000,0.365
358500,0.611,0.000,0.389
359000,0.726,0.000,0.274
359500,0.767,0.000,0.233
360000,0.718,0.000,0.282
360500,0.641,0.000,0.359
361000,0.693,0.000,0.307
361500,0.675,0.000,0.325
362000,0.746,0.000,0.254
362500,0.684,0.000,0.316
363000,0.662,0.000,0.338
363500,0.730,0.000,0.270
364000,0.729,0.000,0.271
364500,0.741,0.000,0.259
365000,0.726,0.000,0.274
365500,0.792,0.000,0.208
366000,0.801,0.000,0.199
366500,0.748,0.000,0.252
367000,0.665,0.000,0.335
367500,0.675,0.000,0.325
368000,0.760,0.000,0.240
368500,0.682,0.000,0.318
369000,0.706,0.000,0.294
369500,0.729,0.000,0.271
370000,0.671,0.000,0.329
370500,0.743,0.000,0.257
371000,0.714,0.000,0.286
371500,0.731,0.000,0.269
372000,0.695,0.000,0.305
372500,0.734,0.000,0.266
373000,0.741,0.000,0.259
373500,0.700,0.000,0.300
374000,0.710,0.000,0.290
374500,0.710,0.000,0.290
375000,0.731,0.000,0.269
375500,0.778,0.000,0.222
376000,0.726,0.000,0.274
376500,0.735,0.000,0.265
377000,0.734,0.000,0.266
377500,0.759,0.000,0.241
378000,0.741,0.000,0.259
378500,0.756,0.000,0.244
379000,0.710,0.000,0.290
379500,0.686,0.000,0.314
380000,0.709,0.000,0.291
380500,0.718,0.000,0.282
381000,0.774,0.000,0.226
381500,0.747,0.000,0.253
382000,0.788,0.000,0.212
382500,0.877,0.000,0.123
383000,0.853,0.000,0.147
383500,0.783,0.000,0.217
384000,0.798,0.000,0.202
384500,0.750,0.000,0.250
385000,0.737,0.000,0.263
385500,0.695,0.000,0.305
386000,0.699,0.000,0.301
386500,0.670,0.000,0.330
387000,0.646,0.000,0.354
387500,0.697,0.000,0.303
388000,0.724,0.000,0.276
388500,0.711,0.000,0.289
389000,0.757,0.000,0.243
389500,0.750,0.000,0.250
390000,0.770,0.000,0.230
390500,0.799,0.000,0.201
391000,0.824,0.000,0.176
391500,0.805,0.000,0.195
392000,0.845,0.000,0.155
392500,0.802,0.000,0.198
393000,0.749,0.000,0.251
393500,0.744,0.000,0.256
394000,0.821,0.000,0.179
394500,0.725,0.000,0.275
395000,0.750,0.000,0.250
395500,0.710,0.000,0.290
396000,0.717,0.000,0.283
396500,0.702,0.000,0.298
397000,0.736,0.000,0.264
397500,0.713,0.000,0.287
398000,0.675,0.000,0.325
398500,0.686,0.000,0.314
399000,0.710,0.000,0.290
399500,0.757,0.000,0.243
400000,0.741,0.000,0.259
400500,0.749,0.000,0.251
401000,0.705,0.000,0.295
401500,0.745,0.000,0.255
402000,0.802,0.000,0.198
402500,0.777,0.000,0.223
403000,0.784,0.000,0.216
403500,0.798,0.000,0.202
404000,0.795,0.000,0.205
404500,0.726,0.000,0.274
405000,0.737,0.000,0.263
405500,0.776,0.000,0.224
406000,0.712,0.000,0.288
406500,0.697,0.000,0.303
407000,0.760,0.000,0.240
407500,0.763,0.000,0.237
408000,0.756,0.000,0.244
408500,0.749,0.000,0.251
409000,0.772,0.000,0.228
409500,0.758,0.000,0.242
410000,0.743,0.000,0.257
410500,0.722,0.000,0.278
411000,0.683,0.000,0.317
411500,0.724,0.000,0.276
412000,0.791,0.000,0.209
412500,0.730,0.000,0.270
413000,0.720,0.000,0.280
413500,0.680,0.000,0.320
414000,0.659,0.000,0.341
414500,0.726,0.000,0.274
415000,0.650,0.000,0.350
415500,0.723,0.000,0.277
416000,0.739,0.000,0.261
416500,0.696,0.000,0.304
417000,0.704,0.000,0.296
417500,0.674,0.000,0.326
418000,0.721,0.000,0.279
418500,0.693,0.000,0.307
419000,0.695,0.000,0.305
419500,0.710,0.000,0.290
420000,0.762,0.000,0.238
420500,0.821,0.000,0.179
421000,0.824,0.000,0.176
421500,0.788,0.000,0.212
422000,0.833,0.000,0.167
422500,0.811,0.000,0.189
423000,0.756,0.000,0.244
423500,0.772,0.000,0.228
424000,0.735,0.000,0.265
424500,0.710,0.000,0.290
425000,0.625,0.000,0.375
425500,0.668,0.000,0.332
426000,0.753,0.000,0.247
426500,0.758,0.000,0.242
427000,0.762,0.000,0.238
427500,0.806,0.000,0.194
428000,0.784,0.000,0.216
428500,0.786,0.000,0.214
429000,0.732,0.000,0.268
429500,0.727,0.000,0.273
430000,0.696,0.000,0.304
430500,0.632,0.000,0.368
431000,0.697,0.000,0.303
431500,0.658,0.000,0.342
432000,0.678,0.000,0.322
432500,0.742,0.000,0.258
433000,0.671,0.000,0.329
433500,0.751,0.000,0.249
434000,0.765,0.000,0.235
434500,0.742,0.000,0.258
435000,0.768,0.000,0.232
435500,0.794,0.000,0.206
436000,0.712,0.000,0.288
436500,0.739,0.000,0.261
437000,0.709,0.000,0.291
437500,0.716,0.000,0.284
438000,0.755,0.000,0.245
438500,0.814,0.000,0.186
439000,0.766,0.000,0.234
439500,0.750,0.000,0.250
440000,0.786,0.000,0.214
440500,0.792,0.000,0.208
441000,0.750,0.000,0.250
441500,0.720,0.000,0.280
442000,0.796,0.000,0.204
442500,0.747,0.000,0.253
443000,0.711,0.000,0.289
443500,0.687,0.000,0.313
444000,0.753,0.000,0.247
444500,0.794,0.000,0.206
445000,0.775,0.000,0.225
445500,0.756,0.000,0.244
446000,0.759,0.000,0.241
446500,0.781,0.000,0.219
447000,0.831,0.000,0.169
447500,0.794,0.000,0.206
448000,0.716,0.000,0.284
448500,0.699,0.000,0.301
449000,0.663,0.000,0.337
449500,0.662,0.000,0.338
450000,0.603,0.000,0.397
450500,0.608,0.000,0.392
451000,0.756,0.000,0.244
451500,0.696,0.000,0.304
452000,0.681,0.000,0.319
452500,0.654,0.000,0.346
453000,0.663,0.000,0.337
453500,0.534,0.000,0.466
454000,0.605,0.000,0.395
454500,0.632,0.000,0.368
455000,0.699,0.000,0.301
455500,0.693,0.000,0.307
456000,0.736,0.000,0.264
456500,0.785,0.000,0.215
457000,0.699,0.000,0.301
457500,0.687,0.000,0.313
458000,0.739,0.000,0.261
458500,0.736,0.000,0.264
459000,0.804,0.000,0.196
459500,0.812,0.000,0.188
460000,0.798,0.000,0.202
460500,0.793,0.000,0.207
461000,0.878,0.000,0.122
461500,0.807,0.000,0.193
462000,0.810,0.000,0.190
462500,0.659,0.000,0.341
463000,0.687,0.000,0.313
463500,0.706,0.000,0.294
464000,0.684,0.000,0.316
464500,0.784,0.000,0.216
465000,0.791,0.000,0.209
465500,0.765,0.000,0.235
466000,0.733,0.000,0.267
466500,0.805,0.000,0.195
467000,0.731,0.000,0.269
467500,0.722,0.000,0.278
468000,0.683,0.000,0.317
468500,0.759,0.000,0.241
469000,0.758,0.000,0.242
469500,0.767,0.000,0.233
470000,0.806,0.000,0.194
470500,0.859,0.000,0.141
471000,0.886,0.000,0.114
471500,0.857,0.000,0.143
472000,0.844,0.000,0.156
472500,0.893,0.000,0.107
473000,0.901,0.000,0.099
473500,0.873,0.000,0.127
474000,0.889,0.000,0.111
474500,0.924,0.000,0.076
475000,0.928,0.000,0.072
475500,0.930,0.000,0.070
476000,0.872,0.000,0.128
476500,0.828,0.000,0.172
477000,0.788,0.000,0.212
477500,0.750,0.000,0.250
478000,0.721,0.000,0.279
478500,0.780,0.000,0.220
479000,0.785,0.000,0.215
479500,0.845,0.000,0.155
480000,0.833,0.000,0.167
480500,0.756,0.000,0.244
481000,0.755,0.000,0.245
481500,0.779,0.000,0.221
482000,0.804,0.000,0.196
482500,0.843,0.000,0.157
483000,0.798,0.000,0.202
483500,0.832,0.000,0.168
484000,0.831,0.000,0.169
484500,0.809,0.000,0.191
485000,0.818,0.000,0.182
485500,0.779,0.000,0.221
486000,0.715,0.000,0.285
486500,0.673,0.000,0.327
487000,0.664,0.000,0.336
487500,0.788,0.000,0.212
488000,0.811,0.000,0.189
488500,0.772,0.000,0.228
489000,0.710,0.000,0.290
489500,0.734,0.000,0.266
490000,0.742,0.000,0.258
490500,0.689,0.000,0.311
491000,0.785,0.000,0.215
491500,0.814,0.000,0.186
492000,0.778,0.000,0.222
492500,0.766,0.000,0.234
493000,0.765,0.000,0.235
493500,0.716,0.000,0.284
494000,0.721,0.000,0.279
494500,0.777,0.000,0.223
495000,0.802,0.000,0.198
495500,0.806,0.000,0.194
496000,0.880,0.000,0.120
496500,0.856,0.000,0.144
497000,0.841,0.000,0.159
497500,0.844,0.000,0.156
498000,0.820,0.000,0.180
498500,0.760,0.000,0.240
499000,0.768,0.000,0.232
499500,0.823,0.000,0.177
500000,0.780,0.000,0.220
500500,0.743,0.000,0.257
501000,0.719,0.000,0.281
501500,0.693,0.000,0.307
502000,0.739,0.000,0.261
502500,0.772,0.000,0.228
503000,0.707,0.000,0.293
503500,0.660,0.000,0.340
504000,0.659,0.000,0.341
504500,0.709,0.000,0.291
505000,0.680,0.000,0.320
505500,0.698,0.000,0.302
506000,0.676,0.000,0.324
506500,0.713,0.000,0.287
507000,0.711,0.000,0.289
507500,0.589,0.000,0.411
508000,0.541,0.000,0.459
508500,0.676,0.000,0.324
509000,0.608,0.000,0.392
509500,0.740,0.000,0.260
510000,0.681,0.000,0.319
510500,0.736,0.000,0.264
511000,0.744,0.000,0.256
511500,0.769,0.000,0.231
512000,0.778,0.000,0.222
512500,0.772,0.000,0.228
513000,0.814,0.000,0.186
513500,0.744,0.000,0.256
514000,0.721,0.000,0.279
514500,0.713,0.000,0.287
515000,0.710,0.000,0.290
515500,0.677,0.000,0.323
516000,0.659,0.000,0.341
516500,0.701,0.000,0.299
517000,0.738,0.000,0.262
517500,0.720,0.000,0.280
518000,0.734,0.000,0.266
518500,0.760,0.000,0.240
519000,0.777,0.000,0.223
519500,0.788,0.000,0.212
520000,0.832,0.000,0.168
520500,0.770,0.000,0.230
521000,0.799,0.000,0.201
521500,0.784,0.000,0.216
522000,0.865,0.000,0.135
522500,0.821,0.000,0.179
523000,0.794,0.000,0.206
523500,0.703,0.000,0.297
524000,0.716,0.000,0.284
524500,0.747,0.000,0.253
525000,0.718,0.000,0.282
525500,0.738,0.000,0.262
526000,0.737,0.000,0.263
526500,0.723,0.000,0.277
527000,0.754,0.000,0.246
527500,0.738,0.000,0.262
528000,0.737,0.000,0.263
528500,0.743,0.000,0.257
529000,0.751,0.000,0.249
529500,0.716,0.000,0.284
530000,0.781,0.000,0.219
530500,0.779,0.000,0.221
531000,0.804,0.000,0.196
531500,0.701,0.000,0.299
532000,0.666,0.000,0.334
532500,0.653,0.000,0.347
533000,0.655,0.000,0.345
533500,0.738,0.000,0.262
534000,0.678,0.000,0.322
534500,0.718,0.000,0.282
535000,0.752,0.000,0.248
535500,0.773,0.000,0.227
536000,0.750,0.000,0.250
536500,0.741,0.000,0.259
537000,0.772,0.000,0.228
537500,0.771,0.000,0.229
538000,0.808,0.000,0.192
538500,0.721,0.000,0.279
539000,0.747,0.000,0.253
539500,0.805,0.000,0.195
540000,0.842,0.000,0.158
540500,0.865,0.000,0.135
541000,0.815,0.000,0.185
541500,0.786,0.000,0.214
542000,0.770,0.000,0.230
542500,0.805,0.000,0.195
543000,0.758,0.000,0.242
543500,0.759,0.000,0.241
544000,0.747,0.000,0.253
544500,0.770,0.000,0.230
545000,0.680,0.000,0.320
545500,0.613,0.000,0.387
546000,0.644,0.000,0.356
546500,0.689,0.000,0.311
547000,0.653,0.000,0.347
547500,0.680,0.000,0.320
548000,0.715,0.000,0.285
548500,0.766,0.000,0.234
549000,0.776,0.000,0.224
549500,0.678,0.000,0.322
550000,0.719,0.000,0.281
550500,0.691,0.000,0.309
551000,0.759,0.000,0.241
551500,0.728,0.000,0.272
552000,0.711,0.000,0.289
552500,0.771,0.000,0.229
553000,0.760,0.000,0.240
553500,0.693,0.000,0.307
554000,0.647,0.000,0.353
554500,0.667,0.000,0.333
555000,0.647,0.000,0.353
555500,0.622,0.000,0.378
556000,0.749,0.000,0.251
556500,0.715,0.000,0.285
557000,0.715,0.000,0.285
557500,0.701,0.000,0.299
558000,0.723,0.000,0.277
558500,0.646,0.000,0.354
559000,0.652,0.000,0.348
559500,0.612,0.000,0.388
560000,0.666,0.000,0.334
560500,0.720,0.000,0.280
561000,0.647,0.000,0.353
561500,0.627,0.000,0.373
562000,0.701,0.000,0.299
562500,0.713,0.000,0.287
563000,0.716,0.000,0.284
563500,0.757,0.000,0.243
564000,0.664,0.000,0.336
564500,0.659,0.000,0.341
565000,0.745,0.000,0.255
565500,0.809,0.000,0.191
566000,0.824,0.000,0.176
566500,0.778,0.000,0.222
567000,0.754,0.000,0.246
567500,0.785,0.000,0.215
568000,0.826,0.000,0.174
568500,0.902,0.000,0.098
569000,0.880,0.000,0.120
569500,0.840,0.000,0.160
570000,0.824,0.000,0.176
570500,0.866,0.000,0.134
571000,0.873,0.000,0.127
571500,0.799,0.000,0.201
572000,0.756,0.000,0.244
572500,0.743,0.000,0.257
573000,0.700,0.000,0.300
573500,0.688,0.000,0.312
574000,0.701,0.000,0.299
574500,0.736,0.000,0.264
575000,0.705,0.000,0.295
575500,0.821,0.000,0.179
576000,0.811,0.000,0.189
576500,0.764,0.000,0.236
577000,0.733,0.000,0.267
577500,0.671,0.000,0.329
578000,0.607,0.000,0.393
578500,0.624,0.000,0.376
579000,0.679,0.000,0.321
579500,0.688,0.000,0.312
580000,0.763,0.000,0.237
580500,0.753,0.000,0.247
581000,0.707,0.000,0.293
581500,0.641,0.000,0.359
582000,0.750,0.000,0.250
582500,0.690,0.000,0.310
583000,0.711,0.000,0.289
583500,0.772,0.000,0.228
584000,0.764,0.000,0.236
584500,0.751,0.000,0.249
585000,0.765,0.000,0.235
585500,0.760,0.000,0.240
586000,0.777,0.000,0.223
586500,0.780,0.000,0.220
587000,0.788,0.000,0.212
587500,0.763,0.000,0.237
588000,0.732,0.000,0.268
588500,0.726,0.000,0.274
589000,0.734,0.000,0.266
589500,0.718,0.000,0.282
590000,0.743,0.000,0.257
590500,0.713,0.000,0.287
591000,0.781,0.000,0.219
591500,0.737,0.000,0.263
592000,0.742,0.000,0.258
592500,0.774,0.000,0.226
593000,0.798,0.000,0.202
593500,0.824,0.000,0.176
594000,0.856,0.000,0.144
594500,0.831,0.000,0.169
595000,0.843,0.000,0.157
595500,0.812,0.000,0.188
596000,0.818,0.000,0.182
596500,0.826,0.000,0.174
597000,0.820,0.000,0.180
597500,0.823,0.000,0.177
598000,0.861,0.000,0.139
598500,0.866,0.000,0.134
599000,0.790,0.000,0.210
599500,0.800,0.000,0.200
600000,0.702,0.000,0.298
600500,0.666,0.000,0.334
601000,0.630,0.000,0.370
601500,0.764,0.000,0.236
602000,0.761,0.000,0.239
602500,0.713,0.000,0.287
603000,0.679,0.000,0.321
603500,0.759,0.000,0.241
604000,0.645,0.000,0.355
604500,0.645,0.000,0.355
605000,0.661,0.000,0.339
605500,0.738,0.000,0.262
606000,0.778,0.000,0.222
606500,0.754,0.000,0.246
607000,0.759,0.000,0.241
607500,0.753,0.000,0.247
608000,0.746,0.000,0.254
608500,0.819,0.000,0.181
609000,0.811,0.000,0.189
609500,0.798,0.000,0.202
610000,0.874,0.000,0.126
610500,0.925,0.000,0.075
611000,0.911,0.000,0.089
611500,0.895,0.000,0.105
612000,0.800,0.000,0.200
612500,0.825,0.000,0.175
613000,0.731,0.000,0.269
613500,0.797,0.000,0.203
614000,0.808,0.000,0.192
614500,0.790,0.000,0.210
615000,0.741,0.000,0.259
615500,0.707,0.000,0.293
616000,0.716,0.000,0.284
616500,0.633,0.000,0.367
617000,0.602,0.000,0.398
617500,0.696,0.000,0.304
618000,0.684,0.000,0.316
618500,0.680,0.000,0.320
619000,0.606,0.000,0.394
619500,0.663,0.000,0.337
620000,0.652,0.000,0.348
620500,0.587,0.000,0.413
621000,0.633,0.000,0.367
621500,0.624,0.000,0.376
622000,0.671,0.000,0.329
622500,0.694,0.000,0.306
623000,0.724,0.000,0.276
623500,0.693,0.000,0.307
624000,0.692,0.000,0.308
624500,0.656,0.000,0.344
625000,0.689,0.000,0.311
625500,0.692,0.000,0.308
626000,0.734,0.000,0.266
626500,0.703,0.000,0.297
627000,0.734,0.000,0.266
627500,0.764,0.000,0.236
628000,0.711,0.000,0.289
628500,0.768,0.000,0.232
629000,0.728,0.000,0.272
629500,0.692,0.000,0.308
630000,0.666,0.000,0.334
630500,0.634,0.000,0.366
631000,0.597,0.000,0.403
631500,0.588,0.000,0.412
632000,0.677,0.000,0.323
632500,0.635,0.000,0.365
633000,0.691,0.000,0.309
633500,0.742,0.000,0.258
634000,0.709,0.000,0.291
634500,0.683,0.000,0.317
635000,0.695,0.000,0.305
635500,0.714,0.000,0.286
636000,0.635,0.000,0.365
636500,0.681,0.000,0.319
637000,0.744,0.000,0.256
637500,0.776,0.000,0.224
638000,0.740,0.000,0.260
638500,0.827,0.000,0.173
639000,0.770,0.000,0.230
639500,0.680,0.000,0.320
640000,0.788,0.000,0.212
640500,0.728,0.000,0.272
641000,0.720,0.000,0.280
641500,0.706,0.000,0.294
642000,0.734,0.000,0.266
642500,0.771,0.000,0.229
643000,0.743,0.000,0.257
643500,0.847,0.000,0.153
644000,0.801,0.000,0.199
644500,0.743,0.000,0.257
645000,0.721,0.000,0.279
645500,0.755,0.000,0.245
646000,0.775,0.000,0.225
646500,0.699,0.000,0.301
647000,0.694,0.000,0.306
647500,0.718,0.000,0.282
648000,0.668,0.000,0.332
648500,0.699,0.000,0.301
649000,0.675,0.000,0.325
649500,0.706,0.000,0.294
650000,0.752,0.000,0.248
650500,0.739,0.000,0.261
651000,0.782,0.000,0.218
651500,0.793,0.000,0.207
652000,0.784,0.000,0.216
652500,0.786,0.000,0.214
653000,0.776,0.000,0.224
653500,0.701,0.000,0.299
654000,0.763,0.000,0.237
654500,0.796,0.000,0.204
655000,0.844,0.000,0.156
655500,0.823,0.000,0.177
656000,0.843,0.000,0.157
656500,0.839,0.000,0.161
657000,0.812,0.000,0.188
657500,0.762,0.000,0.238
658000,0.812,0.000,0.188
658500,0.764,0.000,0.236
659000,0.761,0.000,0.239
659500,0.777,0.000,0.223
660000,0.852,0.000,0.148
660500,0.829,0.000,0.171
661000,0.755,0.000,0.245
661500,0.702,0.000,0.298
662000,0.757,0.000,0.243
662500,0.790,0.000,0.210
663000,0.762,0.000,0.238
663500,0.801,0.000,0.199
664000,0.735,0.000,0.265
664500,0.773,0.000,0.227
665000,0.703,0.000,0.297
665500,0.667,0.000,0.333
666000,0.707,0.000,0.293
666500,0.724,0.000,0.276
667000,0.685,0.000,0.315
667500,0.671,0.000,0.329
668000,0.712,0.000,0.288
668500,0.717,0.000,0.283
669000,0.652,0.000,0.348
669500,0.627,0.000,0.373
670000,0.629,0.000,0.371
670500,0.625,0.000,0.375
671000,0.693,0.000,0.307
671500,0.793,0.000,0.207
672000,0.718,0.000,0.282
672500,0.707,0.000,0.293
673000,0.748,0.000,0.252
673500,0.767,0.000,0.233
674000,0.797,0.000,0.203
674500,0.775,0.000,0.225
675000,0.715,0.000,0.285
675500,0.728,0.000,0.272
676000,0.701,0.000,0.299
676500,0.641,0.000,0.359
677000,0.677,0.000,0.323
677500,0.660,0.000,0.340
678000,0.649,0.000,0.351
678500,0.693,0.000,0.307
679000,0.786,0.000,0.214
679500,0.796,0.000,0.204
680000,0.698,0.000,0.302
680500,0.705,0.000,0.295
681000,0.673,0.000,0.327
681500,0.663,0.000,0.337
682000,0.687,0.000,0.313
682500,0.724,0.000,0.276
683000,0.686,0.000,0.314
683500,0.690,0.000,0.310
684000,0.615,0.000,0.385
684500,0.642,0.000,0.358
685000,0.643,0.000,0.357
685500,0.672,0.000,0.328
686000,0.672,0.000,0.328
686500,0.727,0.000,0.273
687000,0.697,0.000,0.303
687500,0.784,0.000,0.216
688000,0.779,0.000,0.221
688500,0.682,0.000,0.318
689000,0.688,0.000,0.312
689500,0.711,0.000,0.289
690000,0.658,0.000,0.342
690500,0.694,0.000,0.306
691000,0.657,0.000,0.343
691500,0.645,0.000,0.355
692000,0.667,0.000,0.333
692500,0.608,0.000,0.392
693000,0.637,0.000,0.363
693500,0.658,0.000,0.342
694000,0.653,0.000,0.347
694500,0.712,0.000,0.288
695000,0.689,0.000,0.311
695500,0.710,0.000,0.290
696000,0.796,0.000,0.204
696500,0.825,0.000,0.175
697000,0.800,0.000,0.200
697500,0.807,0.000,0.193
698000,0.790,0.000,0.210
698500,0.768,0.000,0.232
699000,0.751,0.000,0.249
699500,0.749,0.000,0.251
700000,0.802,0.000,0.198
700500,0.835,0.000,0.165
701000,0.842,0.000,0.158
701500,0.839,0.000,0.161
702000,0.733,0.000,0.267
702500,0.757,0.000,0.243
703000,0.812,0.000,0.188
703500,0.808,0.000,0.192
704000,0.797,0.000,0.203
704500,0.792,0.000,0.208
705000,0.840,0.000,0.160
705500,0.817,0.000,0.183
706000,0.749,0.000,0.251
706500,0.794,0.000,0.206
707000,0.754,0.000,0.246
707500,0.765,0.000,0.235
708000,0.719,0.000,0.281
708500,0.715,0.000,0.285
709000,0.699,0.000,0.301
709500,0.733,0.000,0.267
710000,0.763,0.000,0.237
710500,0.775,0.000,0.225
711000,0.652,0.000,0.348
711500,0.604,0.000,0.396
712000,0.717,0.000,0.283
712500,0.775,0.000,0.225
713000,0.850,0.000,0.150
713500,0.866,0.000,0.134
714000,0.864,0.000,0.136
714500,0.793,0.000,0.207
715000,0.640,0.000,0.360
715500,0.670,0.000,0.330
716000,0.649,0.000,0.351
716500,0.744,0.000,0.256
717000,0.770,0.000,0.230
717500,0.642,0.000,0.358
718000,0.633,0.000,0.367
718500,0.651,0.000,0.349
719000,0.674,0.000,0.326
719500,0.661,0.000,0.339
720000,0.700,0.000,0.300
720500,0.688,0.000,0.312
721000,0.664,0.000,0.336
721500,0.653,0.000,0.347
722000,0.607,0.000,0.393
722500,0.626,0.000,0.374
723000,0.688,0.000,0.312
723500,0.732,0.000,0.268
724000,0.756,0.000,0.244
724500,0.739,0.000,0.261
725000,0.713,0.000,0.287
725500,0.663,0.000,0.337
726000,0.694,0.000,0.306
726500,0.749,0.000,0.251
727000,0.716,0.000,0.284
727500,0.715,0.000,0.285
728000,0.792,0.000,0.208
728500,0.715,0.000,0.285
729000,0.698,0.000,0.302
729500,0.734,0.000,0.266
730000,0.761,0.000,0.239
730500,0.731,0.000,0.269
731000,0.759,0.000,0.241
731500,0.725,0.000,0.275
732000,0.741,0.000,0.259
732500,0.723,0.000,0.277
733000,0.751,0.000,0.249
733500,0.743,0.000,0.257
734000,0.747,0.000,0.253
734500,0.792,0.000,0.208
735000,0.744,0.000,0.256
735500,0.729,0.000,0.271
736000,0.715,0.000,0.285
736500,0.726,0.000,0.274
737000,0.777,0.000,0.223
737500,0.762,0.000,0.238
738000,0.733,0.000,0.267
738500,0.708,0.000,0.292
739000,0.650,0.000,0.350
739500,0.676,0.000,0.324
740000,0.713,0.000,0.287
740500,0.601,0.000,0.399
741000,0.645,0.000,0.355
741500,0.669,0.000,0.331
742000,0.686,0.000,0.314
742500,0.682,0.000,0.318
743000,0.655,0.000,0.345
743500,0.681,0.000,0.319
744000,0.672,0.000,0.328
744500,0.702,0.000,0.298
745000,0.679,0.000,0.321
745500,0.656,0.000,0.344
746000,0.702,0.000,0.298
746500,0.605,0.000,0.395
747000,0.589,0.000,0.411
747500,0.624,0.000,0.376
748000,0.613,0.000,0.387
748500,0.622,0.000,0.378
749000,0.705,0.000,0.295
749500,0.706,0.000,0.294
750000,0.719,0.000,0.281
750500,0.740,0.000,0.260
751000,0.750,0.000,0.250
751500,0.671,0.000,0.329
752000,0.718,0.000,0.282
752500,0.709,0.000,0.291
753000,0.761,0.000,0.239
753500,0.835,0.000,0.165
754000,0.892,0.000,0.108
754500,0.909,0.000,0.091
755000,0.848,0.000,0.152
755500,0.743,0.000,0.257
756000,0.688,0.000,0.312
756500,0.751,0.000,0.249
757000,0.774,0.000,0.226
757500,0.789,0.000,0.211
758000,0.733,0.000,0.267
758500,0.686,0.000,0.314
759000,0.664,0.000,0.336
759500,0.580,0.000,0.420
760000,0.630,0.000,0.370
760500,0.695,0.000,0.305
761000,0.699,0.000,0.301
761500,0.677,0.000,0.323
762000,0.676,0.000,0.324
762500,0.623,0.000,0.377
763000,0.634,0.000,0.366
763500,0.745,0.000,0.255
764000,0.736,0.000,0.264
764500,0.750,0.000,0.250
765000,0.808,0.000,0.192
765500,0.700,0.000,0.300
766000,0.734,0.000,0.266
766500,0.686,0.000,0.314
767000,0.718,0.000,0.282
767500,0.692,0.000,0.308
768000,0.722,0.000,0.278
768500,0.665,0.000,0.335
769000,0.726,0.000,0.274
769500,0.724,0.000,0.276
770000,0.651,0.000,0.349
770500,0.680,0.000,0.320
771000,0.694,0.000,0.306
771500,0.664,0.000,0.336
772000,0.633,0.000,0.367
772500,0.618,0.000,0.382
773000,0.650,0.000,0.350
773500,0.691,0.000,0.309
774000,0.624,0.000,0.376
774500,0.704,0.000,0.296
775000,0.645,0.000,0.355
775500,0.636,0.000,0.364
776000,0.689,0.000,0.311
776500,0.681,0.000,0.319
777000,0.642,0.000,0.358
777500,0.655,0.000,0.345
778000,0.694,0.000,0.306
778500,0.727,0.000,0.273
779000,0.743,0.000,0.257
779500,0.705,0.000,0.295
780000,0.656,0.000,0.344
780500,0.662,0.000,0.338
781000,0.641,0.000,0.359
781500,0.615,0.000,0.385
782000,0.617,0.000,0.383
782500,0.682,0.000,0.318
783000,0.626,0.000,0.374
783500,0.578,0.000,0.422
784000,0.674,0.000,0.326
784500,0.751,0.000,0.249
785000,0.767,0.000,0.233
785500,0.741,0.000,0.259
786000,0.659,0.000,0.341
786500,0.669,0.000,0.331
787000,0.726,0.000,0.274
787500,0.700,0.000,0.300
788000,0.701,0.000,0.299
788500,0.726,0.000,0.274
789000,0.720,0.000,0.280
789500,0.738,0.000,0.262
790000,0.722,0.000,0.278
790500,0.792,0.000,0.208
791000,0.795,0.000,0.205
791500,0.788,0.000,0.212
792000,0.776,0.000,0.224
792500,0.824,0.000,0.176
793000,0.734,0.000,0.266
793500,0.720,0.000,0.280
794000,0.746,0.000,0.254
794500,0.794,0.000,0.206
795000,0.817,0.000,0.183
795500,0.759,0.000,0.241
796000,0.791,0.000,0.209
796500,0.821,0.000,0.179
797000,0.825,0.000,0.175
797500,0.813,0.000,0.187
798000,0.702,0.000,0.298
798500,0.739,0.000,0.261
799000,0.811,0.000,0.189
799500,0.813,0.000,0.187
800000,0.782,0.000,0.218
800500,0.732,0.000,0.268
801000,0.684,0.000,0.316
801500,0.624,0.000,0.376
802000,0.653,0.000,0.347
802500,0.614,0.000,0.386
803000,0.620,0.000,0.380
803500,0.663,0.000,0.337
804000,0.731,0.000,0.269
804500,0.635,0.000,0.365
805000,0.667,0.000,0.333
805500,0.747,0.000,0.253
806000,0.648,0.000,0.352
806500,0.633,0.000,0.367
807000,0.647,0.000,0.353
807500,0.716,0.000,0.284
808000,0.710,0.000,0.290
808500,0.702,0.000,0.298
809000,0.713,0.000,0.287
809500,0.783,0.000,0.217
810000,0.727,0.000,0.273
810500,0.732,0.000,0.268
811000,0.791,0.000,0.209
811500,0.764,0.000,0.236
812000,0.732,0.000,0.268
812500,0.691,0.000,0.309
813000,0.742,0.000,0.258
813500,0.832,0.000,0.168
814000,0.825,0.000,0.175
814500,0.837,0.000,0.163
815000,0.826,0.000,0.174
815500,0.765,0.000,0.235
816000,0.771,0.000,0.229
816500,0.719,0.000,0.281
817000,0.652,0.000,0.348
817500,0.698,0.000,0.302
818000,0.689,0.000,0.311
818500,0.699,0.000,0.301
819000,0.703,0.000,0.297
819500,0.692,0.000,0.308
820000,0.656,0.000,0.344
820500,0.706,0.000,0.294
821000,0.740,0.000,0.260
821500,0.732,0.000,0.268
822000,0.697,0.000,0.303
822500,0.731,0.000,0.269
823000,0.748,0.000,0.252
823500,0.756,0.000,0.244
824000,0.718,0.000,0.282
824500,0.646,0.000,0.354
825000,0.649,0.000,0.351
825500,0.591,0.000,0.409
826000,0.655,0.000,0.345
826500,0.690,0.000,0.310
827000,0.702,0.000,0.298
827500,0.724,0.000,0.276
828000,0.750,0.000,0.250
828500,0.718,0.000,0.282
829000,0.721,0.000,0.279
829500,0.683,0.000,0.317
830000,0.665,0.000,0.335
830500,0.680,0.000,0.320
831000,0.695,0.000,0.305
831500,0.670,0.000,0.330
832000,0.712,0.000,0.288
832500,0.736,0.000,0.264
833000,0.707,0.000,0.293
833500,0.655,0.000,0.345
834000,0.646,0.000,0.354
834500,0.743,0.000,0.257
835000,0.681,0.000,0.319
835500,0.677,0.000,0.323
836000,0.786,0.000,0.214
836500,0.729,0.000,0.271
837000,0.808,0.000,0.192
837500,0.793,0.000,0.207
838000,0.769,0.000,0.231
838500,0.822,0.000,0.178
839000,0.817,0.000,0.183
839500,0.808,0.000,0.192
840000,0.846,0.000,0.154
840500,0.772,0.000,0.228
841000,0.846,0.000,0.154
841500,0.752,0.000,0.248
842000,0.713,0.000,0.287
842500,0.703,0.000,0.297
843000,0.691,0.000,0.309
843500,0.725,0.000,0.275
844000,0.744,0.000,0.256
844500,0.694,0.000,0.306
845000,0.754,0.000,0.246
845500,0.734,0.000,0.266
846000,0.728,0.000,0.272
846500,0.739,0.000,0.261
847000,0.820,0.000,0.180
847500,0.849,0.000,0.151
848000,0.774,0.000,0.226
848500,0.750,0.000,0.250
849000,0.760,0.000,0.240
849500,0.698,0.000,0.302
850000,0.772,0.000,0.228
850500,0.750,0.000,0.250
851000,0.775,0.000,0.225
851500,0.775,0.000,0.225
852000,0.798,0.000,0.202
852500,0.753,0.000,0.247
853000,0.809,0.000,0.191
853500,0.784,0.000,0.216
854000,0.717,0.000,0.283
854500,0.673,0.000,0.327
855000,0.718,0.000,0.282
855500,0.658,0.000,0.342
856000,0.752,0.000,0.248
856500,0.730,0.000,0.270
857000,0.730,0.000,0.270
857500,0.675,0.000,0.325
858000,0.775,0.000,0.225
858500,0.856,0.000,0.144
859000,0.813,0.000,0.187
859500,0.787,0.000,0.213
860000,0.694,0.000,0.306
860500,0.700,0.000,0.300
861000,0.685,0.000,0.315
861500,0.688,0.000,0.312
862000,0.696,0.000,0.304
862500,0.699,0.000,0.301
863000,0.705,0.000,0.295
863500,0.753,0.000,0.247
864000,0.788,0.000,0.212
864500,0.718,0.000,0.282
865000,0.669,0.000,0.331
865500,0.681,0.000,0.319
866000,0.606,0.000,0.394
866500,0.667,0.000,0.333
867000,0.650,0.000,0.350
867500,0.698,0.000,0.302
868000,0.726,0.000,0.274
868500,0.794,0.000,0.206
869000,0.761,0.000,0.239
869500,0.733,0.000,0.267
870000,0.739,0.000,0.261
870500,0.698,0.000,0.302
871000,0.699,0.000,0.301
871500,0.704,0.000,0.296
872000,0.746,0.000,0.254
872500,0.705,0.000,0.295
873000,0.677,0.000,0.323
873500,0.720,0.000,0.280
874000,0.835,0.000,0.165
874500,0.771,0.000,0.229
875000,0.793,0.000,0.207
875500,0.690,0.000,0.310
876000,0.695,0.000,0.305
876500,0.690,0.000,0.310
877000,0.668,0.000,0.332
877500,0.692,0.000,0.308
878000,0.747,0.000,0.253
878500,0.731,0.000,0.269
879000,0.718,0.000,0.282
879500,0.716,0.000,0.284
880000,0.620,0.000,0.380
880500,0.657,0.000,0.343
881000,0.641,0.000,0.359
881500,0.605,0.000,0.395
882000,0.630,0.000,0.370
882500,0.688,0.000,0.312
883000,0.705,0.000,0.295
883500,0.695,0.000,0.305
884000,0.652,0.000,0.348
884500,0.715,0.000,0.285
885000,0.590,0.000,0.410
885500,0.647,0.000,0.353
886000,0.613,0.000,0.387
886500,0.635,0.000,0.365
887000,0.736,0.000,0.264
887500,0.734,0.000,0.266
888000,0.661,0.000,0.339
888500,0.717,0.000,0.283
889000,0.695,0.000,0.305
889500,0.674,0.000,0.326
890000,0.757,0.000,0.243
890500,0.749,0.000,0.251
891000,0.643,0.000,0.357
891500,0.666,0.000,0.334
892000,0.728,0.000,0.272
892500,0.728,0.000,0.272
893000,0.831,0.000,0.169
893500,0.862,0.000,0.138
894000,0.802,0.000,0.198
894500,0.769,0.000,0.231
895000,0.806,0.000,0.194
895500,0.771,0.000,0.229
896000,0.745,0.000,0.255
896500,0.709,0.000,0.291
897000,0.745,0.000,0.255
897500,0.778,0.000,0.222
898000,0.815,0.000,0.185
898500,0.841,0.000,0.159
899000,0.806,0.000,0.194
899500,0.744,0.000,0.256
900000,0.720,0.000,0.280
900500,0.694,0.000,0.306
901000,0.663,0.000,0.337
901500,0.646,0.000,0.354
902000,0.666,0.000,0.334
902500,0.686,0.000,0.314
903000,0.678,0.000,0.322
903500,0.687,0.000,0.313
904000,0.614,0.000,0.386
904500,0.718,0.000,0.282
905000,0.710,0.000,0.290
905500,0.676,0.000,0.324
906000,0.724,0.000,0.276
906500,0.781,0.000,0.219
907000,0.751,0.000,0.249
907500,0.715,0.000,0.285
908000,0.712,0.000,0.288
908500,0.732,0.000,0.268
909000,0.762,0.000,0.238
909500,0.757,0.000,0.243
910000,0.737,0.000,0.263
910500,0.787,0.000,0.213
911000,0.743,0.000,0.257
911500,0.750,0.000,0.250
912000,0.774,0.000,0.226
912500,0.794,0.000,0.206
913000,0.740,0.000,0.260
913500,0.783,0.000,0.217
914000,0.754,0.000,0.246
914500,0.728,0.000,0.272
915000,0.745,0.000,0.255
915500,0.720,0.000,0.280
916000,0.700,0.000,0.300
916500,0.637,0.000,0.363
917000,0.724,0.000,0.276
917500,0.721,0.000,0.279
918000,0.748,0.000,0.252
918500,0.724,0.000,0.276
919000,0.729,0.000,0.271
919500,0.692,0.000,0.308
920000,0.764,0.000,0.236
920500,0.734,0.000,0.266
921000,0.678,0.000,0.322
921500,0.695,0.000,0.305
922000,0.733,0.000,0.267
922500,0.819,0.000,0.181
923000,0.749,0.000,0.251
923500,0.766,0.000,0.234
924000,0.719,0.000,0.281
924500,0.757,0.000,0.243
925000,0.834,0.000,0.166
925500,0.839,0.000,0.161
926000,0.839,0.000,0.161
926500,0.853,0.000,0.147
927000,0.831,0.000,0.169
927500,0.811,0.000,0.189
928000,0.765,0.000,0.235
928500,0.673,0.000,0.327
929000,0.676,0.000,0.324
929500,0.806,0.000,0.194
930000,0.790,0.000,0.210
930500,0.823,0.000,0.177
931000,0.772,0.000,0.228
931500,0.780,0.000,0.220
932000,0.756,0.000,0.244
932500,0.673,0.000,0.327
933000,0.612,0.000,0.388
933500,0.628,0.000,0.372
934000,0.640,0.000,0.360
934500,0.624,0.000,0.376
935000,0.676,0.000,0.324
935500,0.694,0.000,0.306
936000,0.657,0.000,0.343
936500,0.635,0.000,0.365
937000,0.611,0.000,0.389
937500,0.681,0.000,0.319
938000,0.740,0.000,0.260
938500,0.747,0.000,0.253
939000,0.692,0.000,0.308
939500,0.692,0.000,0.308
940000,0.740,0.000,0.260
940500,0.826,0.000,0.174
941000,0.757,0.000,0.243
941500,0.796,0.000,0.204
942000,0.753,0.000,0.247
942500,0.665,0.000,0.335
943000,0.738,0.000,0.262
943500,0.721,0.000,0.279
944000,0.668,0.000,0.332
944500,0.690,0.000,0.310
945000,0.621,0.000,0.379
945500,0.686,0.000,0.314
946000,0.688,0.000,0.312
946500,0.675,0.000,0.325
947000,0.614,0.000,0.386
947500,0.613,0.000,0.387
948000,0.626,0.000,0.374
948500,0.625,0.000,0.375
949000,0.628,0.000,0.372
949500,0.701,0.000,0.299
950000,0.719,0.000,0.281
950500,0.765,0.000,0.235
951000,0.847,0.000,0.153
951500,0.792,0.000,0.208
952000,0.731,0.000,0.269
952500,0.694,0.000,0.306
953000,0.731,0.000,0.269
953500,0.715,0.000,0.285
954000,0.653,0.000,0.347
954500,0.659,0.000,0.341
955000,0.655,0.000,0.345
955500,0.667,0.000,0.333
956000,0.681,0.000,0.319
956500,0.660,0.000,0.340
957000,0.619,0.000,0.381
957500,0.626,0.000,0.374
958000,0.582,0.000,0.418
958500,0.591,0.000,0.409
959000,0.675,0.000,0.325
959500,0.706,0.000,0.294
960000,0.705,0.000,0.295
960500,0.606,0.000,0.394
961000,0.638,0.000,0.362
961500,0.697,0.000,0.303
962000,0.734,0.000,0.266
962500,0.785,0.000,0.215
963000,0.774,0.000,0.226
963500,0.733,0.000,0.267
964000,0.754,0.000,0.246
964500,0.755,0.000,0.245
965000,0.765,0.000,0.235
965500,0.771,0.000,0.229
966000,0.834,0.000,0.166
966500,0.850,0.000,0.150
967000,0.787,0.000,0.213
967500,0.846,0.000,0.154
968000,0.841,0.000,0.159
968500,0.757,0.000,0.243
969000,0.748,0.000,0.252
969500,0.770,0.000,0.230
970000,0.728,0.000,0.272
970500,0.706,0.000,0.294
971000,0.769,0.000,0.231
971500,0.750,0.000,0.250
972000,0.674,0.000,0.326
972500,0.710,0.000,0.290
973000,0.726,0.000,0.274
973500,0.673,0.000,0.327
974000,0.636,0.000,0.364
974500,0.664,0.000,0.336
975000,0.612,0.000,0.388
975500,0.660,0.000,0.340
976000,0.651,0.000,0.349
976500,0.633,0.000,0.367
977000,0.723,0.000,0.277
977500,0.680,0.000,0.320
978000,0.704,0.000,0.296
978500,0.630,0.000,0.370
979000,0.667,0.000,0.333
979500,0.672,0.000,0.328
980000,0.718,0.000,0.282
980500,0.718,0.000,0.282
981000,0.721,0.000,0.279
981500,0.728,0.000,0.272
982000,0.717,0.000,0.283
982500,0.756,0.000,0.244
983000,0.755,0.000,0.245
983500,0.742,0.000,0.258
984000,0.719,0.000,0.281
984500,0.656,0.000,0.344
985000,0.682,0.000,0.318
985500,0.642,0.000,0.358
986000,0.642,0.000,0.358
986500,0.554,0.000,0.446
987000,0.629,0.000,0.371
987500,0.660,0.000,0.340
988000,0.692,0.000,0.308
988500,0.663,0.000,0.337
989000,0.682,0.000,0.318
989500,0.683,0.000,0.317
990000,0.668,0.000,0.332
990500,0.703,0.000,0.297
991000,0.734,0.000,0.266
991500,0.684,0.000,0.316
992000,0.688,0.000,0.312
992500,0.732,0.000,0.268
993000,0.730,0.000,0.270
993500,0.724,0.000,0.276
994000,0.677,0.000,0.323
994500,0.717,0.000,0.283
995000,0.684,0.000,0.316
995500,0.683,0.000,0.317
996000,0.670,0.000,0.330
996500,0.678,0.000,0.322
997000,0.698,0.000,0.302
997500,0.692,0.000,0.308
998000,0.780,0.000,0.220
998500,0.743,0.000,0.257
999000,0.754,0.000,0.246
999500,0.715,0.000,0.285
1000000,0.678,0.000,0.322
