time,n_A+p,n_B,n_AB
500,0.050,0.629,0.321
1000,0.050,0.323,0.627
1500,0.052,0.205,0.742
2000,0.057,0.179,0.763
2500,0.051,0.163,0.786
3000,0.087,0.092,0.821
3500,0.277,0.021,0.703
4000,0.467,0.001,0.532
4500,0.473,0.000,0.527
5000,0.524,0.000,0.476
5500,0.602,0.000,0.398
6000,0.618,0.000,0.382
6500,0.675,0.000,0.325
7000,0.566,0.000,0.434
7500,0.521,0.000,0.479
8000,0.603,0.000,0.397
8500,0.591,0.000,0.409
9000,0.500,0.000,0.500
9500,0.536,0.000,0.464
10000,0.550,0.000,0.450
10500,0.554,0.000,0.446
11000,0.507,0.000,0.493
11500,0.661,0.000,0.339
12000,0.554,0.000,0.446
12500,0.603,0.000,0.397
13000,0.643,0.000,0.357
13500,0.631,0.000,0.369
14000,0.593,0.000,0.407
14500,0.626,0.000,0.374
15000,0.653,0.000,0.347
15500,0.641,0.000,0.359
16000,0.701,0.000,0.299
16500,0.660,0.000,0.340
17000,0.661,0.000,0.339
17500,0.629,0.000,0.371
18000,0.533,0.000,0.467
18500,0.509,0.000,0.491
19000,0.502,0.000,0.498
19500,0.490,0.000,0.510
20000,0.581,0.000,0.419
20500,0.698,0.000,0.302
21000,0.656,0.000,0.344
21500,0.706,0.000,0.294
22000,0.657,0.000,0.343
22500,0.624,0.000,0.376
23000,0.580,0.000,0.420
23500,0.503,0.000,0.497
24000,0.491,0.000,0.509
24500,0.497,0.000,0.503
25000,0.455,0.000,0.545
25500,0.478,0.000,0.522
26000,0.549,0.000,0.451
26500,0.494,0.000,0.506
27000,0.530,0.000,0.470
27500,0.577,0.000,0.423
28000,0.577,0.000,0.423
28500,0.586,0.000,0.414
29000,0.549,0.000,0.451
29500,0.557,0.000,0.443
30000,0.612,0.000,0.388
30500,0.575,0.000,0.425
31000,0.547,0.000,0.453
31500,0.577,0.000,0.423
32000,0.635,0.000,0.365
32500,0.637,0.000,0.363
33000,0.707,0.000,0.293
33500,0.743,0.000,0.257
34000,0.710,0.000,0.290
34500,0.637,0.000,0.363
35000,0.659,0.000,0.341
35500,0.611,0.000,0.389
36000,0.554,0.000,0.446
36500,0.540,0.000,0.460
37000,0.544,0.000,0.456
37500,0.636,0.000,0.364
38000,0.678,0.000,0.322
38500,0.584,0.000,0.416
39000,0.530,0.000,0.470
39500,0.453,0.000,0.547
40000,0.519,0.000,0.481
40500,0.608,0.000,0.392
41000,0.585,0.000,0.415
41500,0.532,0.000,0.468
42000,0.497,0.000,0.502
42500,0.519,0.000,0.481
43000,0.580,0.000,0.420
43500,0.613,0.000,0.387
44000,0.619,0.000,0.381
44500,0.564,0.000,0.436
45000,0.523,0.000,0.477
45500,0.600,0.000,0.400
46000,0.514,0.000,0.486
46500,0.571,0.000,0.429
47000,0.582,0.000,0.418
47500,0.624,0.000,0.376
48000,0.705,0.000,0.295
48500,0.665,0.000,0.335
49000,0.625,0.000,0.375
49500,0.620,0.000,0.380
50000,0.648,0.000,0.352
50500,0.683,0.000,0.317
51000,0.590,0.000,0.410
51500,0.619,0.000,0.381
52000,0.569,0.000,0.431
52500,0.545,0.000,0.455
53000,0.523,0.000,0.477
53500,0.515,0.000,0.485
54000,0.466,0.000,0.534
54500,0.564,0.000,0.436
55000,0.555,0.000,0.445
55500,0.545,0.000,0.455
56000,0.636,0.000,0.364
56500,0.699,0.000,0.301
57000,0.668,0.000,0.332
57500,0.724,0.000,0.276
58000,0.724,0.000,0.276
58500,0.709,0.000,0.291
59000,0.731,0.000,0.269
59500,0.704,0.000,0.296
60000,0.693,0.000,0.307
60500,0.645,0.000,0.355
61000,0.651,0.000,0.349
61500,0.633,0.000,0.367
62000,0.549,0.000,0.451
62500,0.590,0.000,0.410
63000,0.592,0.000,0.408
63500,0.590,0.000,0.410
64000,0.548,0.000,0.452
64500,0.635,0.000,0.365
65000,0.622,0.000,0.378
65500,0.623,0.000,0.377
66000,0.640,0.000,0.360
66500,0.665,0.000,0.335
67000,0.682,0.000,0.318
67500,0.579,0.000,0.421
68000,0.592,0.000,0.408
68500,0.619,0.000,0.381
69000,0.652,0.000,0.348
69500,0.571,0.000,0.429
70000,0.561,0.000,0.439
70500,0.565,0.000,0.435
71000,0.539,0.000,0.461
71500,0.488,0.000,0.512
72000,0.559,0.000,0.441
72500,0.541,0.000,0.459
73000,0.653,0.000,0.347
73500,0.644,0.000,0.356
74000,0.617,0.000,0.383
74500,0.572,0.000,0.428
75000,0.625,0.000,0.375
75500,0.582,0.000,0.418
76000,0.528,0.000,0.472
76500,0.588,0.000,0.412
77000,0.638,0.000,0.362
77500,0.613,0.000,0.387
78000,0.588,0.000,0.412
78500,0.527,0.000,0.473
79000,0.593,0.000,0.407
79500,0.611,0.000,0.389
80000,0.639,0.000,0.361
80500,0.615,0.000,0.385
81000,0.629,0.000,0.371
81500,0.603,0.000,0.397
82000,0.553,0.000,0.447
82500,0.644,0.000,0.356
83000,0.704,0.000,0.296
83500,0.723,0.000,0.277
84000,0.731,0.000,0.269
84500,0.666,0.000,0.334
85000,0.614,0.000,0.386
85500,0.543,0.000,0.457
86000,0.586,0.000,0.414
86500,0.575,0.000,0.425
87000,0.592,0.000,0.408
87500,0.624,0.000,0.376
88000,0.726,0.000,0.274
88500,0.719,0.000,0.281
89000,0.608,0.000,0.392
89500,0.606,0.000,0.394
90000,0.659,0.000,0.341
90500,0.585,0.000,0.415
91000,0.622,0.000,0.378
91500,0.631,0.000,0.369
92000,0.635,0.000,0.365
92500,0.607,0.000,0.393
93000,0.650,0.000,0.350
93500,0.576,0.000,0.424
94000,0.608,0.000,0.392
94500,0.617,0.000,0.383
95000,0.590,0.000,0.410
95500,0.576,0.000,0.424
96000,0.603,0.000,0.397
96500,0.605,0.000,0.395
97000,0.536,0.000,0.464
97500,0.554,0.000,0.446
98000,0.626,0.000,0.374
98500,0.629,0.000,0.371
99000,0.619,0.000,0.381
99500,0.592,0.000,0.408
100000,0.612,0.000,0.388
100500,0.558,0.000,0.442
101000,0.558,0.000,0.442
101500,0.538,0.000,0.462
102000,0.508,0.000,0.492
102500,0.523,0.000,0.477
103000,0.607,0.000,0.393
103500,0.578,0.000,0.422
104000,0.581,0.000,0.419
104500,0.565,0.000,0.435
105000,0.661,0.000,0.339
105500,0.557,0.000,0.443
106000,0.530,0.000,0.470
106500,0.658,0.000,0.342
107000,0.540,0.000,0.460
107500,0.528,0.000,0.472
108000,0.601,0.000,0.399
108500,0.551,0.000,0.449
109000,0.618,0.000,0.382
109500,0.645,0.000,0.355
110000,0.641,0.000,0.359
110500,0.608,0.000,0.392
111000,0.586,0.000,0.414
111500,0.513,0.000,0.487
112000,0.547,0.000,0.453
112500,0.608,0.000,0.392
113000,0.603,0.000,0.397
113500,0.595,0.000,0.405
114000,0.565,0.000,0.435
114500,0.509,0.000,0.491
115000,0.470,0.000,0.530
115500,0.520,0.000,0.480
116000,0.544,0.000,0.456
116500,0.536,0.000,0.464
117000,0.561,0.000,0.439
117500,0.544,0.000,0.456
118000,0.650,0.000,0.350
118500,0.624,0.000,0.376
119000,0.655,0.000,0.345
119500,0.607,0.000,0.393
120000,0.640,0.000,0.360
120500,0.579,0.000,0.421
121000,0.570,0.000,0.430
121500,0.638,0.000,0.362
122000,0.605,0.000,0.395
122500,0.590,0.000,0.410
123000,0.581,0.000,0.419
123500,0.517,0.000,0.483
124000,0.586,0.000,0.414
124500,0.626,0.000,0.374
125000,0.592,0.000,0.408
125500,0.615,0.000,0.385
126000,0.643,0.000,0.357
126500,0.609,0.000,0.391
127000,0.587,0.000,0.413
127500,0.629,0.000,0.371
128000,0.644,0.000,0.356
128500,0.589,0.000,0.411
129000,0.599,0.000,0.401
129500,0.507,0.000,0.493
130000,0.551,0.000,0.449
130500,0.501,0.000,0.499
131000,0.534,0.000,0.466
131500,0.618,0.000,0.382
132000,0.542,0.000,0.458
132500,0.525,0.000,0.475
133000,0.559,0.000,0.441
133500,0.544,0.000,0.456
134000,0.493,0.000,0.506
134500,0.515,0.000,0.485
135000,0.530,0.000,0.470
135500,0.608,0.000,0.392
136000,0.611,0.000,0.389
136500,0.681,0.000,0.319
137000,0.630,0.000,0.370
137500,0.672,0.000,0.328
138000,0.619,0.000,0.381
138500,0.591,0.000,0.409
139000,0.588,0.000,0.412
139500,0.532,0.000,0.468
140000,0.461,0.000,0.539
140500,0.489,0.000,0.511
141000,0.554,0.000,0.446
141500,0.590,0.000,0.410
142000,0.536,0.000,0.464
142500,0.573,0.000,0.427
143000,0.557,0.000,0.443
143500,0.546,0.000,0.454
144000,0.592,0.000,0.408
144500,0.569,0.000,0.431
145000,0.453,0.000,0.547
145500,0.497,0.000,0.502
146000,0.493,0.000,0.507
146500,0.488,0.000,0.512
147000,0.427,0.000,0.573
147500,0.516,0.000,0.484
148000,0.436,0.000,0.564
148500,0.543,0.000,0.457
149000,0.469,0.000,0.531
149500,0.482,0.000,0.518
150000,0.533,0.000,0.467
150500,0.531,0.000,0.469
151000,0.557,0.000,0.443
151500,0.499,0.000,0.501
152000,0.586,0.000,0.414
152500,0.570,0.000,0.430
153000,0.601,0.000,0.399
153500,0.631,0.000,0.369
154000,0.661,0.000,0.339
154500,0.598,0.000,0.402
155000,0.588,0.000,0.412
155500,0.667,0.000,0.333
156000,0.626,0.000,0.374
156500,0.631,0.000,0.369
157000,0.642,0.000,0.358
157500,0.584,0.000,0.416
158000,0.644,0.000,0.356
158500,0.609,0.000,0.391
159000,0.602,0.000,0.398
159500,0.581,0.000,0.419
160000,0.612,0.000,0.388
160500,0.574,0.000,0.426
161000,0.573,0.000,0.427
161500,0.594,0.000,0.406
162000,0.470,0.000,0.530
162500,0.512,0.000,0.488
163000,0.576,0.000,0.424
163500,0.554,0.000,0.446
164000,0.530,0.000,0.470
164500,0.532,0.000,0.468
165000,0.652,0.000,0.348
165500,0.666,0.000,0.334
166000,0.668,0.000,0.332
166500,0.690,0.000,0.310
167000,0.702,0.000,0.298
167500,0.658,0.000,0.342
168000,0.686,0.000,0.314
168500,0.621,0.000,0.379
169000,0.548,0.000,0.452
169500,0.473,0.000,0.526
170000,0.491,0.000,0.509
170500,0.549,0.000,0.451
171000,0.633,0.000,0.367
171500,0.620,0.000,0.380
172000,0.622,0.000,0.378
172500,0.601,0.000,0.399
173000,0.626,0.000,0.374
173500,0.608,0.000,0.392
174000,0.544,0.000,0.456
174500,0.481,0.000,0.519
175000,0.506,0.000,0.494
175500,0.487,0.000,0.512
176000,0.513,0.000,0.487
176500,0.595,0.000,0.405
177000,0.588,0.000,0.412
177500,0.613,0.000,0.387
178000,0.587,0.000,0.413
178500,0.620,0.000,0.380
179000,0.554,0.000,0.446
179500,0.625,0.000,0.375
180000,0.691,0.000,0.309
180500,0.647,0.000,0.353
181000,0.679,0.000,0.321
181500,0.634,0.000,0.366
182000,0.591,0.000,0.409
182500,0.591,0.000,0.409
183000,0.570,0.000,0.430
183500,0.602,0.000,0.398
184000,0.548,0.000,0.452
184500,0.562,0.000,0.438
185000,0.534,0.000,0.466
185500,0.606,0.000,0.394
186000,0.521,0.000,0.479
186500,0.545,0.000,0.455
187000,0.540,0.000,0.460
187500,0.542,0.000,0.458
188000,0.540,0.000,0.460
188500,0.565,0.000,0.435
189000,0.607,0.000,0.393
189500,0.601,0.000,0.399
190000,0.653,0.000,0.347
190500,0.657,0.000,0.343
191000,0.490,0.000,0.510
191500,0.523,0.000,0.477
192000,0.556,0.000,0.444
192500,0.515,0.000,0.485
193000,0.510,0.000,0.490
193500,0.569,0.000,0.431
194000,0.530,0.000,0.470
194500,0.589,0.000,0.411
195000,0.548,0.000,0.452
195500,0.587,0.000,0.413
196000,0.641,0.000,0.359
196500,0.623,0.000,0.377
197000,0.605,0.000,0.395
197500,0.648,0.000,0.352
198000,0.606,0.000,0.394
198500,0.715,0.000,0.285
199000,0.636,0.000,0.364
199500,0.627,0.000,0.373
200000,0.562,0.000,0.438
200500,0.531,0.000,0.469
201000,0.578,0.000,0.422
201500,0.603,0.000,0.397
202000,0.592,0.000,0.408
202500,0.540,0.000,0.460
203000,0.579,0.000,0.421
203500,0.609,0.000,0.391
204000,0.561,0.000,0.439
204500,0.513,0.000,0.487
205000,0.557,0.000,0.443
205500,0.625,0.000,0.375
206000,0.629,0.000,0.371
206500,0.597,0.000,0.403
207000,0.575,0.000,0.425
207500,0.520,0.000,0.480
208000,0.574,0.000,0.426
208500,0.580,0.000,0.420
209000,0.569,0.000,0.431
209500,0.627,0.000,0.373
210000,0.595,0.000,0.405
210500,0.578,0.000,0.422
211000,0.623,0.000,0.377
211500,0.682,0.000,0.318
212000,0.667,0.000,0.333
212500,0.613,0.000,0.387
213000,0.633,0.000,0.367
213500,0.632,0.000,0.368
214000,0.641,0.000,0.359
214500,0.642,0.000,0.358
215000,0.525,0.000,0.475
215500,0.566,0.000,0.434
216000,0.557,0.000,0.443
216500,0.630,0.000,0.370
217000,0.659,0.000,0.341
217500,0.573,0.000,0.427
218000,0.548,0.000,0.452
218500,0.548,0.000,0.452
219000,0.559,0.000,0.441
219500,0.542,0.000,0.458
220000,0.613,0.000,0.387
220500,0.581,0.000,0.419
221000,0.541,0.000,0.459
221500,0.504,0.000,0.496
222000,0.560,0.000,0.440
222500,0.515,0.000,0.485
223000,0.604,0.000,0.396
223500,0.545,0.000,0.455
224000,0.512,0.000,0.488
224500,0.585,0.000,0.415
225000,0.618,0.000,0.382
225500,0.593,0.000,0.407
226000,0.543,0.000,0.457
226500,0.544,0.000,0.456
227000,0.503,0.000,0.497
227500,0.580,0.000,0.420
228000,0.580,0.000,0.420
228500,0.572,0.000,0.428
229000,0.680,0.000,0.320
229500,0.679,0.000,0.321
230000,0.611,0.000,0.389
230500,0.550,0.000,0.450
231000,0.573,0.000,0.427
231500,0.605,0.000,0.395
232000,0.614,0.000,0.386
232500,0.670,0.000,0.330
233000,0.671,0.000,0.329
233500,0.647,0.000,0.353
234000,0.657,0.000,0.343
234500,0.659,0.000,0.341
235000,0.655,0.000,0.345
235500,0.639,0.000,0.361
236000,0.628,0.000,0.372
236500,0.562,0.000,0.438
237000,0.600,0.000,0.400
237500,0.583,0.000,0.417
238000,0.607,0.000,0.393
238500,0.605,0.000,0.395
239000,0.634,0.000,0.366
239500,0.628,0.000,0.372
240000,0.581,0.000,0.419
240500,0.498,0.000,0.502
241000,0.583,0.000,0.417
241500,0.576,0.000,0.424
242000,0.568,0.000,0.432
242500,0.600,0.000,0.400
243000,0.599,0.000,0.401
243500,0.567,0.000,0.433
244000,0.548,0.000,0.452
244500,0.584,0.000,0.416
245000,0.550,0.000,0.450
245500,0.527,0.000,0.473
246000,0.571,0.000,0.429
246500,0.560,0.000,0.440
247000,0.557,0.000,0.443
247500,0.548,0.000,0.452
248000,0.560,0.000,0.440
248500,0.595,0.000,0.405
249000,0.608,0.000,0.392
249500,0.593,0.000,0.407
250000,0.641,0.000,0.359
250500,0.652,0.000,0.348
251000,0.613,0.000,0.387
251500,0.661,0.000,0.339
252000,0.645,0.000,0.355
252500,0.683,0.000,0.317
253000,0.532,0.000,0.468
253500,0.584,0.000,0.416
254000,0.540,0.000,0.460
254500,0.564,0.000,0.436
255000,0.544,0.000,0.456
255500,0.558,0.000,0.442
256000,0.592,0.000,0.408
256500,0.540,0.000,0.460
257000,0.580,0.000,0.420
257500,0.619,0.000,0.381
258000,0.553,0.000,0.447
258500,0.613,0.000,0.387
259000,0.528,0.000,0.472
259500,0.599,0.000,0.401
260000,0.633,0.000,0.367
260500,0.580,0.000,0.420
261000,0.569,0.000,0.431
261500,0.528,0.000,0.472
262000,0.560,0.000,0.440
262500,0.516,0.000,0.484
263000,0.565,0.000,0.435
263500,0.652,0.000,0.348
264000,0.620,0.000,0.380
264500,0.606,0.000,0.394
265000,0.557,0.000,0.443
265500,0.588,0.000,0.412
266000,0.638,0.000,0.362
266500,0.598,0.000,0.402
267000,0.650,0.000,0.350
267500,0.583,0.000,0.417
268000,0.672,0.000,0.328
268500,0.611,0.000,0.389
269000,0.561,0.000,0.439
269500,0.511,0.000,0.489
270000,0.524,0.000,0.476
270500,0.543,0.000,0.457
271000,0.579,0.000,0.421
271500,0.571,0.000,0.429
272000,0.469,0.000,0.531
272500,0.474,0.000,0.526
273000,0.432,0.000,0.568
273500,0.502,0.000,0.498
274000,0.543,0.000,0.457
274500,0.495,0.000,0.505
275000,0.507,0.000,0.493
275500,0.596,0.000,0.404
276000,0.571,0.000,0.429
276500,0.599,0.000,0.401
277000,0.635,0.000,0.365
277500,0.661,0.000,0.339
278000,0.586,0.000,0.414
278500,0.567,0.000,0.433
279000,0.609,0.000,0.391
279500,0.636,0.000,0.364
280000,0.560,0.000,0.440
280500,0.541,0.000,0.459
281000,0.549,0.000,0.451
281500,0.628,0.000,0.372
282000,0.600,0.000,0.400
282500,0.646,0.000,0.354
283000,0.586,0.000,0.414
283500,0.593,0.000,0.407
284000,0.596,0.000,0.404
284500,0.630,0.000,0.370
285000,0.622,0.000,0.378
285500,0.560,0.000,0.440
286000,0.566,0.000,0.434
286500,0.626,0.000,0.374
287000,0.625,0.000,0.375
287500,0.562,0.000,0.438
288000,0.588,0.000,0.412
288500,0.629,0.000,0.371
289000,0.595,0.000,0.405
289500,0.501,0.000,0.499
290000,0.522,0.000,0.478
290500,0.545,0.000,0.455
291000,0.622,0.000,0.378
291500,0.726,0.000,0.274
292000,0.646,0.000,0.354
292500,0.643,0.000,0.357
293000,0.688,0.000,0.312
293500,0.616,0.000,0.384
294000,0.595,0.000,0.405
294500,0.651,0.000,0.349
295000,0.577,0.000,0.423
295500,0.582,0.000,0.418
296000,0.532,0.000,0.468
296500,0.548,0.000,0.452
297000,0.578,0.000,0.422
297500,0.561,0.000,0.439
298000,0.576,0.000,0.424
298500,0.573,0.000,0.427
299000,0.581,0.000,0.419
299500,0.621,0.000,0.379
300000,0.568,0.000,0.432
300500,0.535,0.000,0.465
301000,0.572,0.000,0.428
301500,0.566,0.000,0.434
302000,0.601,0.000,0.399
302500,0.668,0.000,0.332
303000,0.649,0.000,0.351
303500,0.692,0.000,0.308
304000,0.715,0.000,0.285
304500,0.695,0.000,0.305
305000,0.724,0.000,0.276
305500,0.686,0.000,0.314
306000,0.660,0.000,0.340
306500,0.584,0.000,0.416
307000,0.534,0.000,0.466
307500,0.540,0.000,0.460
308000,0.550,0.000,0.450
308500,0.580,0.000,0.420
309000,0.586,0.000,0.414
309500,0.525,0.000,0.475
310000,0.598,0.000,0.402
310500,0.615,0.000,0.385
311000,0.610,0.000,0.390
311500,0.683,0.000,0.317
312000,0.639,0.000,0.361
312500,0.517,0.000,0.483
313000,0.616,0.000,0.384
313500,0.565,0.000,0.435
314000,0.509,0.000,0.491
314500,0.537,0.000,0.463
315000,0.572,0.000,0.428
315500,0.510,0.000,0.490
316000,0.552,0.000,0.448
316500,0.591,0.000,0.409
317000,0.551,0.000,0.449
317500,0.538,0.000,0.462
318000,0.514,0.000,0.486
318500,0.539,0.000,0.461
319000,0.571,0.000,0.429
319500,0.577,0.000,0.423
320000,0.623,0.000,0.377
320500,0.669,0.000,0.331
321000,0.630,0.000,0.370
321500,0.636,0.000,0.364
322000,0.627,0.000,0.373
322500,0.513,0.000,0.487
323000,0.574,0.000,0.426
323500,0.546,0.000,0.454
324000,0.539,0.000,0.461
324500,0.520,0.000,0.480
325000,0.588,0.000,0.412
325500,0.563,0.000,0.437
326000,0.566,0.000,0.434
326500,0.457,0.000,0.543
327000,0.557,0.000,0.443
327500,0.635,0.000,0.365
328000,0.608,0.000,0.392
328500,0.592,0.000,0.408
329000,0.551,0.000,0.449
329500,0.560,0.000,0.440
330000,0.583,0.000,0.417
330500,0.568,0.000,0.432
331000,0.617,0.000,0.383
331500,0.640,0.000,0.360
332000,0.624,0.000,0.376
332500,0.641,0.000,0.359
333000,0.609,0.000,0.391
333500,0.622,0.000,0.378
334000,0.551,0.000,0.449
334500,0.536,0.000,0.464
335000,0.562,0.000,0.438
335500,0.596,0.000,0.404
336000,0.609,0.000,0.391
336500,0.589,0.000,0.411
337000,0.559,0.000,0.441
337500,0.506,0.000,0.494
338000,0.535,0.000,0.465
338500,0.581,0.000,0.419
339000,0.564,0.000,0.436
339500,0.539,0.000,0.461
340000,0.441,0.000,0.559
340500,0.590,0.000,0.410
341000,0.602,0.000,0.398
341500,0.607,0.000,0.393
342000,0.591,0.000,0.409
342500,0.614,0.000,0.386
343000,0.662,0.000,0.338
343500,0.649,0.000,0.351
344000,0.633,0.000,0.367
344500,0.702,0.000,0.298
345000,0.592,0.000,0.408
345500,0.613,0.000,0.387
346000,0.660,0.000,0.340
346500,0.658,0.000,0.342
347000,0.665,0.000,0.335
347500,0.619,0.000,0.381
348000,0.626,0.000,0.374
348500,0.577,0.000,0.423
349000,0.607,0.000,0.393
349500,0.597,0.000,0.403
350000,0.561,0.000,0.439
350500,0.498,0.000,0.502
351000,0.574,0.000,0.426
351500,0.578,0.000,0.422
352000,0.554,0.000,0.446
352500,0.586,0.000,0.414
353000,0.548,0.000,0.452
353500,0.510,0.000,0.490
354000,0.525,0.000,0.475
354500,0.543,0.000,0.457
355000,0.570,0.000,0.430
355500,0.531,0.000,0.469
356000,0.596,0.000,0.404
356500,0.586,0.000,0.414
357000,0.586,0.000,0.414
357500,0.597,0.000,0.403
358000,0.632,0.000,0.368
358500,0.602,0.000,0.398
359000,0.661,0.000,0.339
359500,0.700,0.000,0.300
360000,0.620,0.000,0.380
360500,0.592,0.000,0.408
361000,0.584,0.000,0.416
361500,0.503,0.000,0.497
362000,0.501,0.000,0.499
362500,0.525,0.000,0.475
363000,0.531,0.000,0.469
363500,0.657,0.000,0.343
364000,0.669,0.000,0.331
364500,0.679,0.000,0.321
365000,0.565,0.000,0.435
365500,0.635,0.000,0.365
366000,0.605,0.000,0.395
366500,0.616,0.000,0.384
367000,0.714,0.000,0.286
367500,0.629,0.000,0.371
368000,0.618,0.000,0.382
368500,0.655,0.000,0.345
369000,0.623,0.000,0.377
369500,0.683,0.000,0.317
370000,0.685,0.000,0.315
370500,0.599,0.000,0.401
371000,0.579,0.000,0.421
371500,0.561,0.000,0.439
372000,0.627,0.000,0.373
372500,0.583,0.000,0.417
373000,0.626,0.000,0.374
373500,0.609,0.000,0.391
374000,0.540,0.000,0.460
374500,0.547,0.000,0.453
375000,0.455,0.000,0.545
375500,0.548,0.000,0.452
376000,0.600,0.000,0.400
376500,0.631,0.000,0.369
377000,0.569,0.000,0.431
377500,0.519,0.000,0.481
378000,0.534,0.000,0.466
378500,0.572,0.000,0.428
379000,0.529,0.000,0.471
379500,0.574,0.000,0.426
380000,0.671,0.000,0.329
380500,0.636,0.000,0.364
381000,0.683,0.000,0.317
381500,0.681,0.000,0.319
382000,0.667,0.000,0.333
382500,0.750,0.000,0.250
383000,0.672,0.000,0.328
383500,0.579,0.000,0.421
384000,0.591,0.000,0.409
384500,0.555,0.000,0.445
385000,0.550,0.000,0.450
385500,0.572,0.000,0.428
386000,0.556,0.000,0.444
386500,0.524,0.000,0.476
387000,0.579,0.000,0.421
387500,0.577,0.000,0.423
388000,0.534,0.000,0.466
388500,0.543,0.000,0.457
389000,0.554,0.000,0.446
389500,0.526,0.000,0.474
390000,0.549,0.000,0.451
390500,0.627,0.000,0.373
391000,0.634,0.000,0.366
391500,0.620,0.000,0.380
392000,0.660,0.000,0.340
392500,0.643,0.000,0.357
393000,0.634,0.000,0.366
393500,0.616,0.000,0.384
394000,0.651,0.000,0.349
394500,0.664,0.000,0.336
395000,0.662,0.000,0.338
395500,0.690,0.000,0.310
396000,0.638,0.000,0.362
396500,0.584,0.000,0.416
397000,0.616,0.000,0.384
397500,0.655,0.000,0.345
398000,0.586,0.000,0.414
398500,0.617,0.000,0.383
399000,0.600,0.000,0.400
399500,0.626,0.000,0.374
400000,0.597,0.000,0.403
400500,0.506,0.000,0.494
401000,0.523,0.000,0.477
401500,0.556,0.000,0.444
402000,0.550,0.000,0.450
402500,0.565,0.000,0.435
403000,0.661,0.000,0.339
403500,0.655,0.000,0.345
404000,0.617,0.000,0.383
404500,0.634,0.000,0.366
405000,0.613,0.000,0.387
405500,0.605,0.000,0.395
406000,0.603,0.000,0.397
406500,0.646,0.000,0.354
407000,0.576,0.000,0.424
407500,0.569,0.000,0.431
408000,0.590,0.000,0.410
408500,0.605,0.000,0.395
409000,0.568,0.000,0.432
409500,0.528,0.000,0.472
410000,0.550,0.000,0.450
410500,0.560,0.000,0.440
411000,0.621,0.000,0.379
411500,0.601,0.000,0.399
412000,0.562,0.000,0.438
412500,0.622,0.000,0.378
413000,0.547,0.000,0.453
413500,0.571,0.000,0.429
414000,0.637,0.000,0.363
414500,0.579,0.000,0.421
415000,0.516,0.000,0.484
415500,0.535,0.000,0.465
416000,0.548,0.000,0.452
416500,0.646,0.000,0.354
417000,0.653,0.000,0.347
417500,0.623,0.000,0.377
418000,0.628,0.000,0.372
418500,0.679,0.000,0.321
419000,0.672,0.000,0.328
419500,0.590,0.000,0.410
420000,0.539,0.000,0.461
420500,0.527,0.000,0.473
421000,0.582,0.000,0.418
421500,0.554,0.000,0.446
422000,0.606,0.000,0.394
422500,0.581,0.000,0.419
423000,0.619,0.000,0.381
423500,0.682,0.000,0.318
424000,0.698,0.000,0.302
424500,0.621,0.000,0.379
425000,0.662,0.000,0.338
425500,0.599,0.000,0.401
426000,0.556,0.000,0.444
426500,0.605,0.000,0.395
427000,0.699,0.000,0.301
427500,0.697,0.000,0.303
428000,0.712,0.000,0.288
428500,0.581,0.000,0.419
429000,0.582,0.000,0.418
429500,0.509,0.000,0.491
430000,0.502,0.000,0.498
430500,0.525,0.000,0.475
431000,0.521,0.000,0.479
431500,0.497,0.000,0.503
432000,0.502,0.000,0.498
432500,0.473,0.000,0.526
433000,0.535,0.000,0.465
433500,0.458,0.000,0.542
434000,0.570,0.000,0.430
434500,0.571,0.000,0.429
435000,0.499,0.000,0.500
435500,0.519,0.000,0.481
436000,0.558,0.000,0.442
436500,0.605,0.000,0.395
437000,0.591,0.000,0.409
437500,0.603,0.000,0.397
438000,0.558,0.000,0.442
438500,0.602,0.000,0.398
439000,0.588,0.000,0.412
439500,0.555,0.000,0.445
440000,0.596,0.000,0.404
440500,0.564,0.000,0.436
441000,0.602,0.000,0.398
441500,0.574,0.000,0.426
442000,0.609,0.000,0.391
442500,0.599,0.000,0.401
443000,0.509,0.000,0.491
443500,0.435,0.000,0.565
444000,0.480,0.000,0.520
444500,0.550,0.000,0.450
445000,0.579,0.000,0.421
445500,0.639,0.000,0.361
446000,0.629,0.000,0.371
446500,0.682,0.000,0.318
447000,0.628,0.000,0.372
447500,0.510,0.000,0.490
448000,0.565,0.000,0.435
448500,0.509,0.000,0.491
449000,0.539,0.000,0.461
449500,0.623,0.000,0.377
450000,0.587,0.000,0.413
450500,0.611,0.000,0.389
451000,0.617,0.000,0.383
451500,0.624,0.000,0.376
452000,0.586,0.000,0.414
452500,0.627,0.000,0.373
453000,0.680,0.000,0.320
453500,0.699,0.000,0.301
454000,0.637,0.000,0.363
454500,0.709,0.000,0.291
455000,0.678,0.000,0.322
455500,0.600,0.000,0.400
456000,0.550,0.000,0.450
456500,0.574,0.000,0.426
457000,0.656,0.000,0.344
457500,0.642,0.000,0.358
458000,0.621,0.000,0.379
458500,0.651,0.000,0.349
459000,0.716,0.000,0.284
459500,0.658,0.000,0.342
460000,0.574,0.000,0.426
460500,0.564,0.000,0.436
461000,0.606,0.000,0.394
461500,0.651,0.000,0.349
462000,0.525,0.000,0.475
462500,0.594,0.000,0.406
463000,0.577,0.000,0.423
463500,0.554,0.000,0.446
464000,0.566,0.000,0.434
464500,0.589,0.000,0.411
465000,0.660,0.000,0.340
465500,0.650,0.000,0.350
466000,0.681,0.000,0.319
466500,0.663,0.000,0.337
467000,0.617,0.000,0.383
467500,0.583,0.000,0.417
468000,0.543,0.000,0.457
468500,0.630,0.000,0.370
469000,0.609,0.000,0.391
469500,0.599,0.000,0.401
470000,0.584,0.000,0.416
470500,0.608,0.000,0.392
471000,0.624,0.000,0.376
471500,0.586,0.000,0.414
472000,0.613,0.000,0.387
472500,0.604,0.000,0.396
473000,0.631,0.000,0.369
473500,0.619,0.000,0.381
474000,0.599,0.000,0.401
474500,0.549,0.000,0.451
475000,0.613,0.000,0.387
475500,0.638,0.000,0.362
476000,0.636,0.000,0.364
476500,0.617,0.000,0.383
477000,0.625,0.000,0.375
477500,0.614,0.000,0.386
478000,0.580,0.000,0.420
478500,0.529,0.000,0.471
479000,0.606,0.000,0.394
479500,0.623,0.000,0.377
480000,0.635,0.000,0.365
480500,0.619,0.000,0.381
481000,0.660,0.000,0.340
481500,0.682,0.000,0.318
482000,0.650,0.000,0.350
482500,0.613,0.000,0.387
483000,0.573,0.000,0.427
483500,0.520,0.000,0.480
484000,0.568,0.000,0.432
484500,0.542,0.000,0.458
485000,0.528,0.000,0.472
485500,0.441,0.000,0.559
486000,0.452,0.000,0.548
486500,0.514,0.000,0.486
487000,0.569,0.000,0.431
487500,0.546,0.000,0.454
488000,0.496,0.000,0.504
488500,0.566,0.000,0.434
489000,0.559,0.000,0.441
489500,0.545,0.000,0.455
490000,0.579,0.000,0.421
490500,0.582,0.000,0.418
491000,0.659,0.000,0.341
491500,0.669,0.000,0.331
492000,0.625,0.000,0.375
492500,0.604,0.000,0.396
493000,0.588,0.000,0.412
493500,0.562,0.000,0.438
494000,0.674,0.000,0.326
494500,0.631,0.000,0.369
495000,0.631,0.000,0.369
495500,0.588,0.000,0.412
496000,0.577,0.000,0.423
496500,0.584,0.000,0.416
497000,0.609,0.000,0.391
497500,0.564,0.000,0.436
498000,0.546,0.000,0.454
498500,0.578,0.000,0.422
499000,0.534,0.000,0.466
499500,0.595,0.000,0.405
500000,0.681,0.000,0.319
500500,0.614,0.000,0.386
501000,0.567,0.000,0.433
501500,0.579,0.000,0.421
502000,0.613,0.000,0.387
502500,0.579,0.000,0.421
503000,0.518,0.000,0.482
503500,0.546,0.000,0.454
504000,0.630,0.000,0.370
504500,0.623,0.000,0.377
505000,0.569,0.000,0.431
505500,0.457,0.000,0.543
506000,0.565,0.000,0.435
506500,0.588,0.000,0.412
507000,0.600,0.000,0.400
507500,0.647,0.000,0.353
508000,0.663,0.000,0.337
508500,0.619,0.000,0.381
509000,0.617,0.000,0.383
509500,0.576,0.000,0.424
510000,0.633,0.000,0.367
510500,0.626,0.000,0.374
511000,0.613,0.000,0.387
511500,0.624,0.000,0.376
512000,0.577,0.000,0.423
512500,0.613,0.000,0.387
513000,0.631,0.000,0.369
513500,0.706,0.000,0.294
514000,0.628,0.000,0.372
514500,0.607,0.000,0.393
515000,0.588,0.000,0.412
515500,0.618,0.000,0.382
516000,0.643,0.000,0.357
516500,0.700,0.000,0.300
517000,0.625,0.000,0.375
517500,0.596,0.000,0.404
518000,0.613,0.000,0.387
518500,0.556,0.000,0.444
519000,0.585,0.000,0.415
519500,0.491,0.000,0.509
520000,0.469,0.000,0.531
520500,0.548,0.000,0.452
521000,0.571,0.000,0.429
521500,0.550,0.000,0.450
522000,0.532,0.000,0.468
522500,0.509,0.000,0.491
523000,0.515,0.000,0.485
523500,0.581,0.000,0.419
524000,0.633,0.000,0.367
524500,0.652,0.000,0.348
525000,0.596,0.000,0.404
525500,0.617,0.000,0.383
526000,0.698,0.000,0.302
526500,0.622,0.000,0.378
527000,0.568,0.000,0.432
527500,0.503,0.000,0.497
528000,0.546,0.000,0.454
528500,0.499,0.000,0.500
529000,0.575,0.000,0.425
529500,0.594,0.000,0.406
530000,0.485,0.000,0.514
530500,0.489,0.000,0.511
531000,0.499,0.000,0.500
531500,0.562,0.000,0.438
532000,0.544,0.000,0.456
532500,0.538,0.000,0.462
533000,0.524,0.000,0.476
533500,0.513,0.000,0.487
534000,0.514,0.000,0.486
534500,0.539,0.000,0.461
535000,0.523,0.000,0.477
535500,0.599,0.000,0.401
536000,0.599,0.000,0.401
536500,0.515,0.000,0.485
537000,0.617,0.000,0.383
537500,0.501,0.000,0.499
538000,0.495,0.000,0.505
538500,0.594,0.000,0.406
539000,0.552,0.000,0.448
539500,0.649,0.000,0.351
540000,0.629,0.000,0.371
540500,0.525,0.000,0.475
541000,0.498,0.000,0.502
541500,0.508,0.000,0.492
542000,0.527,0.000,0.473
542500,0.529,0.000,0.471
543000,0.541,0.000,0.459
543500,0.497,0.000,0.502
544000,0.522,0.000,0.478
544500,0.495,0.000,0.505
545000,0.512,0.000,0.488
545500,0.515,0.000,0.485
546000,0.617,0.000,0.383
546500,0.642,0.000,0.358
547000,0.637,0.000,0.363
547500,0.633,0.000,0.367
548000,0.658,0.000,0.342
548500,0.657,0.000,0.343
549000,0.628,0.000,0.372
549500,0.703,0.000,0.297
550000,0.672,0.000,0.328
550500,0.646,0.000,0.354
551000,0.621,0.000,0.379
551500,0.665,0.000,0.335
552000,0.672,0.000,0.328
552500,0.726,0.000,0.274
553000,0.720,0.000,0.280
553500,0.682,0.000,0.318
554000,0.591,0.000,0.409
554500,0.592,0.000,0.408
555000,0.549,0.000,0.451
555500,0.647,0.000,0.353
556000,0.620,0.000,0.380
556500,0.563,0.000,0.437
557000,0.560,0.000,0.440
557500,0.590,0.000,0.410
558000,0.630,0.000,0.370
558500,0.620,0.000,0.380
559000,0.632,0.000,0.368
559500,0.634,0.000,0.366
560000,0.562,0.000,0.438
560500,0.553,0.000,0.447
561000,0.538,0.000,0.462
561500,0.567,0.000,0.433
562000,0.664,0.000,0.336
562500,0.691,0.000,0.309
563000,0.661,0.000,0.339
563500,0.630,0.000,0.370
564000,0.619,0.000,0.381
564500,0.606,0.000,0.394
565000,0.600,0.000,0.400
565500,0.569,0.000,0.431
566000,0.545,0.000,0.455
566500,0.583,0.000,0.417
567000,0.619,0.000,0.381
567500,0.611,0.000,0.389
568000,0.525,0.000,0.475
568500,0.577,0.000,0.423
569000,0.590,0.000,0.410
569500,0.531,0.000,0.469
570000,0.641,0.000,0.359
570500,0.606,0.000,0.394
571000,0.555,0.000,0.445
571500,0.580,0.000,0.420
572000,0.538,0.000,0.462
572500,0.543,0.000,0.457
573000,0.525,0.000,0.475
573500,0.609,0.000,0.391
574000,0.639,0.000,0.361
574500,0.640,0.000,0.360
575000,0.599,0.000,0.401
575500,0.520,0.000,0.480
576000,0.579,0.000,0.421
576500,0.583,0.000,0.417
577000,0.542,0.000,0.458
577500,0.613,0.000,0.387
578000,0.645,0.000,0.355
578500,0.662,0.000,0.338
579000,0.593,0.000,0.407
579500,0.626,0.000,0.374
580000,0.580,0.000,0.420
580500,0.615,0.000,0.385
581000,0.631,0.000,0.369
581500,0.556,0.000,0.444
582000,0.506,0.000,0.494
582500,0.511,0.000,0.489
583000,0.530,0.000,0.470
583500,0.588,0.000,0.412
584000,0.536,0.000,0.464
584500,0.630,0.000,0.370
585000,0.655,0.000,0.345
585500,0.561,0.000,0.439
586000,0.594,0.000,0.406
586500,0.603,0.000,0.397
587000,0.629,0.000,0.371
587500,0.617,0.000,0.383
588000,0.697,0.000,0.303
588500,0.684,0.000,0.316
589000,0.583,0.000,0.417
589500,0.547,0.000,0.453
590000,0.577,0.000,0.423
590500,0.564,0.000,0.436
591000,0.628,0.000,0.372
591500,0.529,0.000,0.471
592000,0.554,0.000,0.446
592500,0.616,0.000,0.384
593000,0.490,0.000,0.510
593500,0.555,0.000,0.445
594000,0.571,0.000,0.429
594500,0.575,0.000,0.425
595000,0.679,0.000,0.321
595500,0.662,0.000,0.338
596000,0.573,0.000,0.427
596500,0.551,0.000,0.449
597000,0.667,0.000,0.333
597500,0.719,0.000,0.281
598000,0.698,0.000,0.302
598500,0.591,0.000,0.409
599000,0.618,0.000,0.382
599500,0.544,0.000,0.456
600000,0.487,0.000,0.512
600500,0.473,0.000,0.526
601000,0.574,0.000,0.426
601500,0.574,0.000,0.426
602000,0.603,0.000,0.397
602500,0.469,0.000,0.531
603000,0.560,0.000,0.440
603500,0.565,0.000,0.435
604000,0.597,0.000,0.403
604500,0.646,0.000,0.354
605000,0.645,0.000,0.355
605500,0.568,0.000,0.432
606000,0.530,0.000,0.470
606500,0.648,0.000,0.352
607000,0.637,0.000,0.363
607500,0.643,0.000,0.357
608000,0.665,0.000,0.335
608500,0.735,0.000,0.265
609000,0.704,0.000,0.296
609500,0.625,0.000,0.375
610000,0.573,0.000,0.427
610500,0.491,0.000,0.508
611000,0.533,0.000,0.467
611500,0.503,0.000,0.497
612000,0.556,0.000,0.444
612500,0.533,0.000,0.467
613000,0.656,0.000,0.344
613500,0.646,0.000,0.354
614000,0.642,0.000,0.358
614500,0.559,0.000,0.441
615000,0.526,0.000,0.474
615500,0.615,0.000,0.385
616000,0.559,0.000,0.441
616500,0.561,0.000,0.439
617000,0.522,0.000,0.478
617500,0.584,0.000,0.416
618000,0.576,0.000,0.424
618500,0.598,0.000,0.402
619000,0.574,0.000,0.426
619500,0.578,0.000,0.422
620000,0.579,0.000,0.421
620500,0.631,0.000,0.369
621000,0.635,0.000,0.365
621500,0.647,0.000,0.353
622000,0.590,0.000,0.410
622500,0.553,0.000,0.447
623000,0.496,0.000,0.504
623500,0.482,0.000,0.518
624000,0.573,0.000,0.427
624500,0.542,0.000,0.458
625000,0.610,0.000,0.390
625500,0.626,0.000,0.374
626000,0.567,0.000,0.433
626500,0.565,0.000,0.435
627000,0.544,0.000,0.456
627500,0.679,0.000,0.321
628000,0.640,0.000,0.360
628500,0.536,0.000,0.464
629000,0.525,0.000,0.475
629500,0.553,0.000,0.447
630000,0.476,0.000,0.524
630500,0.518,0.000,0.482
631000,0.507,0.000,0.493
631500,0.550,0.000,0.450
632000,0.578,0.000,0.422
632500,0.570,0.000,0.430
633000,0.607,0.000,0.393
633500,0.643,0.000,0.357
634000,0.667,0.000,0.333
634500,0.572,0.000,0.428
635000,0.549,0.000,0.451
635500,0.574,0.000,0.426
636000,0.489,0.000,0.511
636500,0.511,0.000,0.489
637000,0.585,0.000,0.415
637500,0.538,0.000,0.462
638000,0.546,0.000,0.454
638500,0.569,0.000,0.431
639000,0.540,0.000,0.460
639500,0.559,0.000,0.441
640000,0.485,0.000,0.515
640500,0.511,0.000,0.489
641000,0.494,0.000,0.506
641500,0.605,0.000,0.395
642000,0.560,0.000,0.440
642500,0.539,0.000,0.461
643000,0.637,0.000,0.363
643500,0.552,0.000,0.448
644000,0.537,0.000,0.463
644500,0.559,0.000,0.441
645000,0.591,0.000,0.409
645500,0.599,0.000,0.401
646000,0.590,0.000,0.410
646500,0.595,0.000,0.405
647000,0.626,0.000,0.374
647500,0.570,0.000,0.430
648000,0.545,0.000,0.455
648500,0.616,0.000,0.384
649000,0.627,0.000,0.373
649500,0.701,0.000,0.299
650000,0.705,0.000,0.295
650500,0.674,0.000,0.326
651000,0.683,0.000,0.317
651500,0.622,0.000,0.378
652000,0.634,0.000,0.366
652500,0.612,0.000,0.388
653000,0.519,0.000,0.481
653500,0.567,0.000,0.433
654000,0.516,0.000,0.484
654500,0.500,0.000,0.500
655000,0.551,0.000,0.449
655500,0.587,0.000,0.413
656000,0.695,0.000,0.305
656500,0.718,0.000,0.282
657000,0.605,0.000,0.395
657500,0.568,0.000,0.432
658000,0.520,0.000,0.480
658500,0.533,0.000,0.467
659000,0.511,0.000,0.489
659500,0.495,0.000,0.505
660000,0.532,0.000,0.468
660500,0.558,0.000,0.442
661000,0.545,0.000,0.455
661500,0.548,0.000,0.452
662000,0.620,0.000,0.380
662500,0.612,0.000,0.388
663000,0.588,0.000,0.412
663500,0.569,0.000,0.431
664000,0.504,0.000,0.496
664500,0.480,0.000,0.520
665000,0.611,0.000,0.389
665500,0.613,0.000,0.387
666000,0.615,0.000,0.385
666500,0.620,0.000,0.380
667000,0.641,0.000,0.359
667500,0.601,0.000,0.399
668000,0.613,0.000,0.387
668500,0.653,0.000,0.347
669000,0.703,0.000,0.297
669500,0.642,0.000,0.358
670000,0.583,0.000,0.417
670500,0.613,0.000,0.387
671000,0.606,0.000,0.394
671500,0.601,0.000,0.399
672000,0.554,0.000,0.446
672500,0.530,0.000,0.470
673000,0.562,0.000,0.438
673500,0.501,0.000,0.499
674000,0.583,0.000,0.417
674500,0.545,0.000,0.455
675000,0.604,0.000,0.396
675500,0.550,0.000,0.450
676000,0.503,0.000,0.497
676500,0.608,0.000,0.392
677000,0.560,0.000,0.440
677500,0.547,0.000,0.453
678000,0.558,0.000,0.442
678500,0.461,0.000,0.539
679000,0.552,0.000,0.448
679500,0.593,0.000,0.407
680000,0.565,0.000,0.435
680500,0.530,0.000,0.470
681000,0.634,0.000,0.366
681500,0.629,0.000,0.371
682000,0.698,0.000,0.302
682500,0.637,0.000,0.363
683000,0.631,0.000,0.369
683500,0.644,0.000,0.356
684000,0.671,0.000,0.329
684500,0.666,0.000,0.334
685000,0.660,0.000,0.340
685500,0.610,0.000,0.390
686000,0.637,0.000,0.363
686500,0.707,0.000,0.293
687000,0.644,0.000,0.356
687500,0.690,0.000,0.310
688000,0.599,0.000,0.401
688500,0.647,0.000,0.353
689000,0.665,0.000,0.335
689500,0.703,0.000,0.297
690000,0.695,0.000,0.305
690500,0.663,0.000,0.337
691000,0.628,0.000,0.372
691500,0.590,0.000,0.410
692000,0.543,0.000,0.457
692500,0.548,0.000,0.452
693000,0.483,0.000,0.517
693500,0.541,0.000,0.459
694000,0.616,0.000,0.384
694500,0.573,0.000,0.427
695000,0.485,0.000,0.515
695500,0.532,0.000,0.468
696000,0.516,0.000,0.484
696500,0.545,0.000,0.455
697000,0.618,0.000,0.382
697500,0.634,0.000,0.366
698000,0.612,0.000,0.388
698500,0.709,0.000,0.291
699000,0.678,0.000,0.322
699500,0.668,0.000,0.332
700000,0.642,0.000,0.358
700500,0.645,0.000,0.355
701000,0.617,0.000,0.383
701500,0.668,0.000,0.332
702000,0.628,0.000,0.372
702500,0.604,0.000,0.396
703000,0.590,0.000,0.410
703500,0.527,0.000,0.473
704000,0.578,0.000,0.422
704500,0.628,0.000,0.372
705000,0.605,0.000,0.395
705500,0.584,0.000,0.416
706000,0.691,0.000,0.309
706500,0.580,0.000,0.420
707000,0.501,0.000,0.499
707500,0.554,0.000,0.446
708000,0.559,0.000,0.441
708500,0.519,0.000,0.481
709000,0.513,0.000,0.487
709500,0.531,0.000,0.469
710000,0.459,0.000,0.541
710500,0.500,0.000,0.500
711000,0.500,0.000,0.500
711500,0.519,0.000,0.481
712000,0.542,0.000,0.458
712500,0.562,0.000,0.438
713000,0.533,0.000,0.467
713500,0.548,0.000,0.452
714000,0.579,0.000,0.421
714500,0.587,0.000,0.413
715000,0.597,0.000,0.403
715500,0.578,0.000,0.422
716000,0.614,0.000,0.386
716500,0.569,0.000,0.431
717000,0.628,0.000,0.372
717500,0.623,0.000,0.377
718000,0.627,0.000,0.373
718500,0.696,0.000,0.304
719000,0.637,0.000,0.363
719500,0.542,0.000,0.458
720000,0.528,0.000,0.472
720500,0.633,0.000,0.367
721000,0.597,0.000,0.403
721500,0.571,0.000,0.429
722000,0.537,0.000,0.463
722500,0.511,0.000,0.489
723000,0.550,0.000,0.450
723500,0.500,0.000,0.500
724000,0.463,0.000,0.537
724500,0.529,0.000,0.471
725000,0.547,0.000,0.453
725500,0.518,0.000,0.482
726000,0.499,0.000,0.500
726500,0.525,0.000,0.475
727000,0.557,0.000,0.443
727500,0.631,0.000,0.369
728000,0.633,0.000,0.367
728500,0.617,0.000,0.383
729000,0.610,0.000,0.390
729500,0.568,0.000,0.432
730000,0.581,0.000,0.419
730500,0.509,0.000,0.491
731000,0.564,0.000,0.436
731500,0.543,0.000,0.457
732000,0.613,0.000,0.387
732500,0.556,0.000,0.444
733000,0.622,0.000,0.378
733500,0.550,0.000,0.450
734000,0.596,0.000,0.404
734500,0.552,0.000,0.448
735000,0.629,0.000,0.371
735500,0.545,0.000,0.455
736000,0.620,0.000,0.380
736500,0.531,0.000,0.469
737000,0.682,0.000,0.318
737500,0.617,0.000,0.383
738000,0.583,0.000,0.417
738500,0.592,0.000,0.408
739000,0.599,0.000,0.401
739500,0.625,0.000,0.375
740000,0.574,0.000,0.426
740500,0.597,0.000,0.403
741000,0.595,0.000,0.405
741500,0.646,0.000,0.354
742000,0.617,0.000,0.383
742500,0.651,0.000,0.349
743000,0.573,0.000,0.427
743500,0.588,0.000,0.412
744000,0.573,0.000,0.427
744500,0.605,0.000,0.395
745000,0.623,0.000,0.377
745500,0.545,0.000,0.455
746000,0.546,0.000,0.454
746500,0.547,0.000,0.453
747000,0.491,0.000,0.509
747500,0.530,0.000,0.470
748000,0.492,0.000,0.508
748500,0.514,0.000,0.486
749000,0.530,0.000,0.470
749500,0.547,0.000,0.453
750000,0.534,0.000,0.466
750500,0.603,0.000,0.397
751000,0.621,0.000,0.379
751500,0.628,0.000,0.372
752000,0.631,0.000,0.369
752500,0.577,0.000,0.423
753000,0.572,0.000,0.428
753500,0.530,0.000,0.470
754000,0.594,0.000,0.406
754500,0.524,0.000,0.476
755000,0.593,0.000,0.407
755500,0.562,0.000,0.438
756000,0.622,0.000,0.378
756500,0.623,0.000,0.377
757000,0.636,0.000,0.364
757500,0.567,0.000,0.433
758000,0.585,0.000,0.415
758500,0.641,0.000,0.359
759000,0.558,0.000,0.442
759500,0.616,0.000,0.384
760000,0.614,0.000,0.386
760500,0.618,0.000,0.382
761000,0.629,0.000,0.371
761500,0.552,0.000,0.448
762000,0.657,0.000,0.343
762500,0.605,0.000,0.395
763000,0.631,0.000,0.369
763500,0.575,0.000,0.425
764000,0.543,0.000,0.457
764500,0.646,0.000,0.354
765000,0.610,0.000,0.390
765500,0.659,0.000,0.341
766000,0.617,0.000,0.383
766500,0.637,0.000,0.363
767000,0.646,0.000,0.354
767500,0.636,0.000,0.364
768000,0.586,0.000,0.414
768500,0.586,0.000,0.414
769000,0.602,0.000,0.398
769500,0.590,0.000,0.410
770000,0.549,0.000,0.451
770500,0.583,0.000,0.417
771000,0.606,0.000,0.394
771500,0.568,0.000,0.432
772000,0.618,0.000,0.382
772500,0.638,0.000,0.362
773000,0.676,0.000,0.324
773500,0.721,0.000,0.279
774000,0.652,0.000,0.348
774500,0.652,0.000,0.348
775000,0.625,0.000,0.375
775500,0.634,0.000,0.366
776000,0.558,0.000,0.442
776500,0.546,0.000,0.454
777000,0.616,0.000,0.384
777500,0.631,0.000,0.369
778000,0.619,0.000,0.381
778500,0.546,0.000,0.454
779000,0.574,0.000,0.426
779500,0.655,0.000,0.345
780000,0.642,0.000,0.358
780500,0.637,0.000,0.363
781000,0.573,0.000,0.427
781500,0.511,0.000,0.489
782000,0.504,0.000,0.496
782500,0.523,0.000,0.477
783000,0.570,0.000,0.430
783500,0.595,0.000,0.405
784000,0.580,0.000,0.420
784500,0.579,0.000,0.421
785000,0.601,0.000,0.399
785500,0.548,0.000,0.452
786000,0.652,0.000,0.348
786500,0.590,0.000,0.410
787000,0.591,0.000,0.409
787500,0.616,0.000,0.384
788000,0.625,0.000,0.375
788500,0.621,0.000,0.379
789000,0.686,0.000,0.314
789500,0.641,0.000,0.359
790000,0.648,0.000,0.352
790500,0.619,0.000,0.381
791000,0.609,0.000,0.391
791500,0.613,0.000,0.387
792000,0.597,0.000,0.403
792500,0.551,0.000,0.449
793000,0.547,0.000,0.453
793500,0.498,0.000,0.502
794000,0.532,0.000,0.468
794500,0.589,0.000,0.411
795000,0.598,0.000,0.402
795500,0.535,0.000,0.465
796000,0.585,0.000,0.415
796500,0.600,0.000,0.400
797000,0.539,0.000,0.461
797500,0.576,0.000,0.424
798000,0.573,0.000,0.427
798500,0.562,0.000,0.438
799000,0.567,0.000,0.433
799500,0.580,0.000,0.420
800000,0.582,0.000,0.418
800500,0.602,0.000,0.398
801000,0.520,0.000,0.480
801500,0.497,0.000,0.503
802000,0.565,0.000,0.435
802500,0.541,0.000,0.459
803000,0.575,0.000,0.425
803500,0.545,0.000,0.455
804000,0.530,0.000,0.470
804500,0.484,0.000,0.516
805000,0.432,0.000,0.568
805500,0.454,0.000,0.546
806000,0.508,0.000,0.492
806500,0.529,0.000,0.471
807000,0.507,0.000,0.493
807500,0.552,0.000,0.448
808000,0.626,0.000,0.374
808500,0.659,0.000,0.341
809000,0.567,0.000,0.433
809500,0.592,0.000,0.408
810000,0.635,0.000,0.365
810500,0.583,0.000,0.417
811000,0.529,0.000,0.471
811500,0.544,0.000,0.456
812000,0.495,0.000,0.505
812500,0.532,0.000,0.468
813000,0.585,0.000,0.415
813500,0.647,0.000,0.353
814000,0.524,0.000,0.476
814500,0.566,0.000,0.434
815000,0.554,0.000,0.446
815500,0.580,0.000,0.420
816000,0.606,0.000,0.394
816500,0.645,0.000,0.355
817000,0.638,0.000,0.362
817500,0.629,0.000,0.371
818000,0.646,0.000,0.354
818500,0.646,0.000,0.354
819000,0.766,0.000,0.234
819500,0.667,0.000,0.333
820000,0.667,0.000,0.333
820500,0.580,0.000,0.420
821000,0.608,0.000,0.392
821500,0.623,0.000,0.377
822000,0.634,0.000,0.366
822500,0.743,0.000,0.257
823000,0.617,0.000,0.383
823500,0.602,0.000,0.398
824000,0.632,0.000,0.368
824500,0.571,0.000,0.429
825000,0.603,0.000,0.397
825500,0.612,0.000,0.388
826000,0.560,0.000,0.440
826500,0.553,0.000,0.447
827000,0.600,0.000,0.400
827500,0.533,0.000,0.467
828000,0.577,0.000,0.423
828500,0.532,0.000,0.468
829000,0.576,0.000,0.424
829500,0.654,0.000,0.346
830000,0.584,0.000,0.416
830500,0.521,0.000,0.479
831000,0.506,0.000,0.494
831500,0.579,0.000,0.421
832000,0.648,0.000,0.352
832500,0.596,0.000,0.404
833000,0.587,0.000,0.413
833500,0.546,0.000,0.454
834000,0.560,0.000,0.440
834500,0.591,0.000,0.409
835000,0.660,0.000,0.340
835500,0.606,0.000,0.394
836000,0.549,0.000,0.451
836500,0.650,0.000,0.350
837000,0.668,0.000,0.332
837500,0.660,0.000,0.340
838000,0.637,0.000,0.363
838500,0.550,0.000,0.450
839000,0.609,0.000,0.391
839500,0.587,0.000,0.413
840000,0.493,0.000,0.507
840500,0.486,0.000,0.514
841000,0.477,0.000,0.522
841500,0.479,0.000,0.521
842000,0.569,0.000,0.431
842500,0.584,0.000,0.416
843000,0.561,0.000,0.439
843500,0.573,0.000,0.427
844000,0.606,0.000,0.394
844500,0.569,0.000,0.431
845000,0.572,0.000,0.428
845500,0.597,0.000,0.403
846000,0.503,0.000,0.497
846500,0.517,0.000,0.483
847000,0.578,0.000,0.422
847500,0.547,0.000,0.453
848000,0.519,0.000,0.481
848500,0.528,0.000,0.472
849000,0.475,0.000,0.524
849500,0.535,0.000,0.465
850000,0.477,0.000,0.523
850500,0.528,0.000,0.472
851000,0.583,0.000,0.417
851500,0.618,0.000,0.382
852000,0.585,0.000,0.415
852500,0.610,0.000,0.390
853000,0.568,0.000,0.432
853500,0.595,0.000,0.405
854000,0.538,0.000,0.462
854500,0.573,0.000,0.427
855000,0.537,0.000,0.463
855500,0.579,0.000,0.421
856000,0.524,0.000,0.476
856500,0.580,0.000,0.420
857000,0.522,0.000,0.478
857500,0.579,0.000,0.421
858000,0.521,0.000,0.479
858500,0.584,0.000,0.416
859000,0.625,0.000,0.375
859500,0.620,0.000,0.380
860000,0.712,0.000,0.288
860500,0.665,0.000,0.335
861000,0.563,0.000,0.437
861500,0.629,0.000,0.371
862000,0.640,0.000,0.360
862500,0.607,0.000,0.393
863000,0.571,0.000,0.429
863500,0.532,0.000,0.468
864000,0.598,0.000,0.402
864500,0.642,0.000,0.358
865000,0.596,0.000,0.404
865500,0.604,0.000,0.396
866000,0.506,0.000,0.494
866500,0.608,0.000,0.392
867000,0.601,0.000,0.399
867500,0.606,0.000,0.394
868000,0.580,0.000,0.420
868500,0.611,0.000,0.389
869000,0.580,0.000,0.420
869500,0.481,0.000,0.519
870000,0.584,0.000,0.416
870500,0.622,0.000,0.378
871000,0.609,0.000,0.391
871500,0.607,0.000,0.393
872000,0.604,0.000,0.396
872500,0.535,0.000,0.465
873000,0.683,0.000,0.317
873500,0.692,0.000,0.308
874000,0.590,0.000,0.410
874500,0.578,0.000,0.422
875000,0.590,0.000,0.410
875500,0.536,0.000,0.464
876000,0.528,0.000,0.472
876500,0.538,0.000,0.462
877000,0.487,0.000,0.512
877500,0.500,0.000,0.500
878000,0.597,0.000,0.403
878500,0.486,0.000,0.514
879000,0.542,0.000,0.458
879500,0.625,0.000,0.375
880000,0.582,0.000,0.418
880500,0.573,0.000,0.427
881000,0.533,0.000,0.467
881500,0.587,0.000,0.413
882000,0.710,0.000,0.290
882500,0.741,0.000,0.259
883000,0.610,0.000,0.390
883500,0.564,0.000,0.436
884000,0.607,0.000,0.393
884500,0.590,0.000,0.410
885000,0.622,0.000,0.378
885500,0.589,0.000,0.411
886000,0.572,0.000,0.428
886500,0.567,0.000,0.433
887000,0.507,0.000,0.493
887500,0.553,0.000,0.447
888000,0.608,0.000,0.392
888500,0.652,0.000,0.348
889000,0.661,0.000,0.339
889500,0.626,0.000,0.374
890000,0.705,0.000,0.295
890500,0.703,0.000,0.297
891000,0.648,0.000,0.352
891500,0.651,0.000,0.349
892000,0.665,0.000,0.335
892500,0.669,0.000,0.331
893000,0.634,0.000,0.366
893500,0.608,0.000,0.392
894000,0.586,0.000,0.414
894500,0.613,0.000,0.387
895000,0.665,0.000,0.335
895500,0.531,0.000,0.469
896000,0.538,0.000,0.462
896500,0.547,0.000,0.453
897000,0.600,0.000,0.400
897500,0.567,0.000,0.433
898000,0.572,0.000,0.428
898500,0.531,0.000,0.469
899000,0.643,0.000,0.357
899500,0.585,0.000,0.415
900000,0.608,0.000,0.392
900500,0.544,0.000,0.456
901000,0.618,0.000,0.382
901500,0.591,0.000,0.409
902000,0.495,0.000,0.504
902500,0.491,0.000,0.508
903000,0.530,0.000,0.470
903500,0.556,0.000,0.444
904000,0.567,0.000,0.433
904500,0.618,0.000,0.382
905000,0.573,0.000,0.427
905500,0.556,0.000,0.444
906000,0.585,0.000,0.415
906500,0.572,0.000,0.428
907000,0.686,0.000,0.314
907500,0.659,0.000,0.341
908000,0.651,0.000,0.349
908500,0.531,0.000,0.469
909000,0.514,0.000,0.486
909500,0.619,0.000,0.381
910000,0.569,0.000,0.431
910500,0.533,0.000,0.467
911000,0.623,0.000,0.377
911500,0.613,0.000,0.387
912000,0.551,0.000,0.449
912500,0.561,0.000,0.439
913000,0.595,0.000,0.405
913500,0.661,0.000,0.339
914000,0.554,0.000,0.446
914500,0.628,0.000,0.372
915000,0.562,0.000,0.438
915500,0.584,0.000,0.416
916000,0.540,0.000,0.460
916500,0.593,0.000,0.407
917000,0.592,0.000,0.408
917500,0.560,0.000,0.440
918000,0.587,0.000,0.413
918500,0.541,0.000,0.459
919000,0.590,0.000,0.410
919500,0.517,0.000,0.483
920000,0.572,0.000,0.428
920500,0.562,0.000,0.438
921000,0.465,0.000,0.535
921500,0.514,0.000,0.486
922000,0.607,0.000,0.393
922500,0.537,0.000,0.463
923000,0.584,0.000,0.416
923500,0.604,0.000,0.396
924000,0.556,0.000,0.444
924500,0.512,0.000,0.488
925000,0.502,0.000,0.498
925500,0.465,0.000,0.535
926000,0.489,0.000,0.511
926500,0.530,0.000,0.470
927000,0.557,0.000,0.443
927500,0.521,0.000,0.479
928000,0.612,0.000,0.388
928500,0.645,0.000,0.355
929000,0.592,0.000,0.408
929500,0.589,0.000,0.411
930000,0.530,0.000,0.470
930500,0.589,0.000,0.411
931000,0.616,0.000,0.384
931500,0.542,0.000,0.458
932000,0.628,0.000,0.372
932500,0.661,0.000,0.339
933000,0.625,0.000,0.375
933500,0.606,0.000,0.394
934000,0.645,0.000,0.355
934500,0.609,0.000,0.391
935000,0.598,0.000,0.402
935500,0.587,0.000,0.413
936000,0.570,0.000,0.430
936500,0.593,0.000,0.407
937000,0.571,0.000,0.429
937500,0.538,0.000,0.462
938000,0.572,0.000,0.428
938500,0.638,0.000,0.362
939000,0.562,0.000,0.438
939500,0.536,0.000,0.464
940000,0.516,0.000,0.484
940500,0.522,0.000,0.478
941000,0.533,0.000,0.467
941500,0.531,0.000,0.469
942000,0.474,0.000,0.526
942500,0.596,0.000,0.404
943000,0.615,0.000,0.385
943500,0.623,0.000,0.377
944000,0.550,0.000,0.450
944500,0.485,0.000,0.514
945000,0.562,0.000,0.438
945500,0.553,0.000,0.447
946000,0.500,0.000,0.500
946500,0.537,0.000,0.463
947000,0.544,0.000,0.456
947500,0.621,0.000,0.379
948000,0.578,0.000,0.422
948500,0.564,0.000,0.436
949000,0.676,0.000,0.324
949500,0.639,0.000,0.361
950000,0.649,0.000,0.351
950500,0.736,0.000,0.264
951000,0.738,0.000,0.262
951500,0.547,0.000,0.453
952000,0.535,0.000,0.465
952500,0.583,0.000,0.417
953000,0.619,0.000,0.381
953500,0.620,0.000,0.380
954000,0.625,0.000,0.375
954500,0.598,0.000,0.402
955000,0.590,0.000,0.410
955500,0.667,0.000,0.333
956000,0.559,0.000,0.441
956500,0.539,0.000,0.461
957000,0.493,0.000,0.506
957500,0.532,0.000,0.468
958000,0.546,0.000,0.454
958500,0.558,0.000,0.442
959000,0.638,0.000,0.362
959500,0.699,0.000,0.301
960000,0.730,0.000,0.270
960500,0.652,0.000,0.348
961000,0.607,0.000,0.393
961500,0.632,0.000,0.368
962000,0.523,0.000,0.477
962500,0.539,0.000,0.461
963000,0.489,0.000,0.510
963500,0.560,0.000,0.440
964000,0.598,0.000,0.402
964500,0.532,0.000,0.468
965000,0.513,0.000,0.487
965500,0.482,0.000,0.518
966000,0.470,0.000,0.530
966500,0.543,0.000,0.457
967000,0.560,0.000,0.440
967500,0.594,0.000,0.406
968000,0.564,0.000,0.436
968500,0.547,0.000,0.453
969000,0.640,0.000,0.360
969500,0.565,0.000,0.435
970000,0.603,0.000,0.397
970500,0.623,0.000,0.377
971000,0.581,0.000,0.419
971500,0.597,0.000,0.403
972000,0.560,0.000,0.440
972500,0.597,0.000,0.403
973000,0.580,0.000,0.420
973500,0.560,0.000,0.440
974000,0.530,0.000,0.470
974500,0.578,0.000,0.422
975000,0.550,0.000,0.450
975500,0.593,0.000,0.407
976000,0.641,0.000,0.359
976500,0.582,0.000,0.418
977000,0.536,0.000,0.464
977500,0.583,0.000,0.417
978000,0.566,0.000,0.434
978500,0.584,0.000,0.416
979000,0.670,0.000,0.330
979500,0.670,0.000,0.330
980000,0.683,0.000,0.317
980500,0.708,0.000,0.292
981000,0.762,0.000,0.238
981500,0.696,0.000,0.304
982000,0.663,0.000,0.337
982500,0.639,0.000,0.361
983000,0.653,0.000,0.347
983500,0.673,0.000,0.327
984000,0.595,0.000,0.405
984500,0.542,0.000,0.458
985000,0.546,0.000,0.454
985500,0.495,0.000,0.505
986000,0.584,0.000,0.416
986500,0.686,0.000,0.314
987000,0.584,0.000,0.416
987500,0.694,0.000,0.306
988000,0.745,0.000,0.255
988500,0.647,0.000,0.353
989000,0.673,0.000,0.327
989500,0.656,0.000,0.344
990000,0.620,0.000,0.380
990500,0.592,0.000,0.408
991000,0.591,0.000,0.409
991500,0.590,0.000,0.410
992000,0.566,0.000,0.434
992500,0.577,0.000,0.423
993000,0.605,0.000,0.395
993500,0.597,0.000,0.403
994000,0.608,0.000,0.392
994500,0.541,0.000,0.459
995000,0.538,0.000,0.462
995500,0.573,0.000,0.427
996000,0.570,0.000,0.430
996500,0.594,0.000,0.406
997000,0.627,0.000,0.373
997500,0.530,0.000,0.470
998000,0.526,0.000,0.474
998500,0.606,0.000,0.394
999000,0.550,0.000,0.450
999500,0.602,0.000,0.398
1000000,0.606,0.000,0.394
