time,n_A+p,n_B,n_AB
500,0.030,0.913,0.056
1000,0.030,0.854,0.116
1500,0.030,0.853,0.117
2000,0.030,0.834,0.136
2500,0.030,0.812,0.158
3000,0.030,0.846,0.124
3500,0.030,0.867,0.103
4000,0.030,0.894,0.076
4500,0.030,0.898,0.072
5000,0.030,0.850,0.120
5500,0.030,0.861,0.109
6000,0.030,0.825,0.145
6500,0.030,0.826,0.144
7000,0.030,0.828,0.142
7500,0.030,0.795,0.175
8000,0.030,0.800,0.169
8500,0.030,0.827,0.143
9000,0.030,0.840,0.130
9500,0.030,0.833,0.137
10000,0.030,0.855,0.115
10500,0.030,0.849,0.121
11000,0.030,0.834,0.136
11500,0.030,0.844,0.126
12000,0.030,0.818,0.152
12500,0.030,0.858,0.112
13000,0.030,0.882,0.088
13500,0.030,0.867,0.103
14000,0.030,0.917,0.052
14500,0.030,0.896,0.074
15000,0.030,0.859,0.111
15500,0.030,0.835,0.135
16000,0.030,0.833,0.137
16500,0.030,0.841,0.129
17000,0.030,0.829,0.141
17500,0.030,0.797,0.173
18000,0.030,0.825,0.145
18500,0.030,0.826,0.144
19000,0.030,0.830,0.140
19500,0.030,0.849,0.121
20000,0.030,0.804,0.165
20500,0.030,0.810,0.159
21000,0.030,0.842,0.128
21500,0.030,0.869,0.101
22000,0.030,0.858,0.112
22500,0.030,0.799,0.171
23000,0.030,0.836,0.134
23500,0.030,0.854,0.116
24000,0.030,0.831,0.139
24500,0.030,0.853,0.117
25000,0.030,0.859,0.111
25500,0.030,0.842,0.128
26000,0.030,0.860,0.110
26500,0.030,0.847,0.123
27000,0.030,0.860,0.110
27500,0.030,0.814,0.156
28000,0.030,0.788,0.181
28500,0.030,0.826,0.144
29000,0.030,0.846,0.124
29500,0.030,0.846,0.124
30000,0.030,0.868,0.102
30500,0.030,0.849,0.121
31000,0.030,0.850,0.120
31500,0.030,0.830,0.140
32000,0.030,0.818,0.152
32500,0.030,0.844,0.126
33000,0.030,0.835,0.135
33500,0.030,0.841,0.129
34000,0.030,0.837,0.133
34500,0.030,0.841,0.129
35000,0.030,0.882,0.088
35500,0.030,0.847,0.123
36000,0.030,0.879,0.091
36500,0.030,0.851,0.119
37000,0.030,0.837,0.133
37500,0.030,0.867,0.103
38000,0.030,0.832,0.138
38500,0.030,0.829,0.141
39000,0.030,0.828,0.142
39500,0.030,0.828,0.142
40000,0.030,0.803,0.166
40500,0.030,0.836,0.134
41000,0.030,0.814,0.156
41500,0.030,0.871,0.099
42000,0.030,0.870,0.100
42500,0.030,0.860,0.110
43000,0.030,0.855,0.115
43500,0.030,0.840,0.130
44000,0.030,0.800,0.170
44500,0.030,0.838,0.132
45000,0.030,0.865,0.105
45500,0.030,0.858,0.112
46000,0.030,0.881,0.089
46500,0.030,0.858,0.112
47000,0.030,0.836,0.134
47500,0.030,0.843,0.127
48000,0.030,0.838,0.132
48500,0.030,0.814,0.156
49000,0.030,0.804,0.166
49500,0.030,0.819,0.151
50000,0.030,0.839,0.131
50500,0.030,0.836,0.134
51000,0.030,0.822,0.148
51500,0.030,0.800,0.170
52000,0.030,0.811,0.158
52500,0.030,0.874,0.096
53000,0.030,0.855,0.115
53500,0.030,0.869,0.101
54000,0.030,0.884,0.086
54500,0.030,0.895,0.075
55000,0.030,0.869,0.101
55500,0.030,0.840,0.130
56000,0.030,0.831,0.139
56500,0.030,0.821,0.149
57000,0.030,0.781,0.189
57500,0.030,0.776,0.194
58000,0.030,0.776,0.194
58500,0.030,0.778,0.192
59000,0.030,0.856,0.114
59500,0.030,0.834,0.136
60000,0.030,0.876,0.094
60500,0.030,0.880,0.090
61000,0.030,0.847,0.123
61500,0.030,0.862,0.108
62000,0.030,0.843,0.127
62500,0.030,0.834,0.136
63000,0.030,0.767,0.203
63500,0.030,0.816,0.154
64000,0.030,0.779,0.191
64500,0.030,0.819,0.151
65000,0.030,0.819,0.151
65500,0.030,0.839,0.131
66000,0.030,0.862,0.108
66500,0.030,0.897,0.073
67000,0.030,0.859,0.111
67500,0.030,0.876,0.094
68000,0.030,0.862,0.108
68500,0.030,0.868,0.102
69000,0.030,0.844,0.126
69500,0.030,0.859,0.111
70000,0.030,0.878,0.092
70500,0.030,0.849,0.121
71000,0.030,0.822,0.148
71500,0.030,0.853,0.117
72000,0.030,0.825,0.145
72500,0.030,0.864,0.106
73000,0.030,0.858,0.112
73500,0.030,0.856,0.114
74000,0.030,0.839,0.131
74500,0.030,0.840,0.130
75000,0.030,0.834,0.136
75500,0.030,0.865,0.105
76000,0.030,0.841,0.129
76500,0.030,0.823,0.147
77000,0.030,0.852,0.118
77500,0.030,0.825,0.145
78000,0.030,0.860,0.110
78500,0.030,0.832,0.138
79000,0.030,0.837,0.133
79500,0.030,0.875,0.095
80000,0.030,0.859,0.111
80500,0.030,0.874,0.096
81000,0.030,0.858,0.112
81500,0.030,0.863,0.107
82000,0.030,0.838,0.132
82500,0.030,0.841,0.129
83000,0.030,0.859,0.111
83500,0.030,0.858,0.112
84000,0.030,0.866,0.104
84500,0.030,0.841,0.129
85000,0.030,0.848,0.122
85500,0.030,0.829,0.141
86000,0.030,0.820,0.150
86500,0.030,0.798,0.172
87000,0.030,0.759,0.211
87500,0.030,0.797,0.172
88000,0.030,0.836,0.134
88500,0.030,0.840,0.130
89000,0.030,0.815,0.155
89500,0.030,0.805,0.164
90000,0.030,0.849,0.121
90500,0.030,0.825,0.145
91000,0.030,0.826,0.144
91500,0.030,0.810,0.160
92000,0.030,0.840,0.130
92500,0.030,0.873,0.097
93000,0.030,0.869,0.101
93500,0.030,0.848,0.122
94000,0.030,0.853,0.117
94500,0.030,0.844,0.126
95000,0.030,0.836,0.134
95500,0.030,0.853,0.117
96000,0.030,0.859,0.111
96500,0.030,0.857,0.113
97000,0.030,0.863,0.107
97500,0.030,0.860,0.110
98000,0.030,0.857,0.113
98500,0.030,0.870,0.100
99000,0.030,0.843,0.127
99500,0.030,0.822,0.148
100000,0.030,0.828,0.142
100500,0.030,0.838,0.132
101000,0.030,0.799,0.170
101500,0.030,0.834,0.136
102000,0.030,0.850,0.120
102500,0.030,0.842,0.128
103000,0.030,0.865,0.105
103500,0.030,0.844,0.126
104000,0.030,0.826,0.144
104500,0.030,0.809,0.160
105000,0.030,0.804,0.165
105500,0.030,0.822,0.148
106000,0.030,0.824,0.146
106500,0.030,0.842,0.128
107000,0.030,0.820,0.150
107500,0.030,0.812,0.157
108000,0.030,0.854,0.116
108500,0.030,0.836,0.134
109000,0.030,0.835,0.135
109500,0.030,0.835,0.135
110000,0.030,0.837,0.133
110500,0.030,0.860,0.110
111000,0.030,0.860,0.110
111500,0.030,0.813,0.157
112000,0.030,0.790,0.179
112500,0.030,0.816,0.154
113000,0.030,0.846,0.124
113500,0.030,0.811,0.158
114000,0.030,0.825,0.145
114500,0.030,0.851,0.119
115000,0.030,0.845,0.125
115500,0.030,0.861,0.109
116000,0.030,0.837,0.133
116500,0.030,0.833,0.137
117000,0.030,0.838,0.132
117500,0.030,0.847,0.123
118000,0.030,0.831,0.139
118500,0.030,0.830,0.140
119000,0.030,0.822,0.148
119500,0.030,0.832,0.138
120000,0.030,0.815,0.155
120500,0.030,0.767,0.203
121000,0.030,0.784,0.186
121500,0.030,0.816,0.154
122000,0.030,0.832,0.138
122500,0.030,0.788,0.181
123000,0.030,0.808,0.162
123500,0.030,0.827,0.143
124000,0.030,0.829,0.141
124500,0.030,0.817,0.153
125000,0.030,0.826,0.144
125500,0.030,0.788,0.181
126000,0.030,0.805,0.164
126500,0.030,0.807,0.163
127000,0.030,0.833,0.137
127500,0.030,0.886,0.084
128000,0.030,0.885,0.085
128500,0.030,0.838,0.132
129000,0.030,0.866,0.104
129500,0.030,0.796,0.174
130000,0.030,0.852,0.118
130500,0.030,0.835,0.135
131000,0.030,0.819,0.151
131500,0.030,0.824,0.146
132000,0.030,0.842,0.128
132500,0.030,0.802,0.168
133000,0.030,0.811,0.159
133500,0.030,0.860,0.110
134000,0.030,0.847,0.123
134500,0.030,0.823,0.147
135000,0.030,0.800,0.169
135500,0.030,0.784,0.186
136000,0.030,0.815,0.155
136500,0.030,0.845,0.125
137000,0.030,0.873,0.097
137500,0.030,0.868,0.102
138000,0.030,0.831,0.139
138500,0.030,0.823,0.147
139000,0.030,0.828,0.142
139500,0.030,0.851,0.119
140000,0.030,0.832,0.138
140500,0.030,0.884,0.086
141000,0.030,0.869,0.101
141500,0.030,0.911,0.059
142000,0.030,0.876,0.094
142500,0.030,0.878,0.092
143000,0.030,0.874,0.096
143500,0.030,0.849,0.121
144000,0.030,0.852,0.118
144500,0.030,0.860,0.110
145000,0.030,0.828,0.142
145500,0.030,0.851,0.119
146000,0.030,0.822,0.148
146500,0.030,0.823,0.147
147000,0.030,0.853,0.117
147500,0.030,0.822,0.148
148000,0.030,0.867,0.103
148500,0.030,0.861,0.109
149000,0.030,0.869,0.101
149500,0.030,0.828,0.142
150000,0.030,0.827,0.143
150500,0.030,0.835,0.135
151000,0.030,0.882,0.088
151500,0.030,0.827,0.143
152000,0.030,0.844,0.126
152500,0.030,0.835,0.135
153000,0.030,0.796,0.174
153500,0.030,0.824,0.146
154000,0.030,0.831,0.139
154500,0.030,0.849,0.121
155000,0.030,0.877,0.093
155500,0.030,0.878,0.092
156000,0.030,0.885,0.085
156500,0.030,0.873,0.097
157000,0.030,0.868,0.102
157500,0.030,0.886,0.084
158000,0.030,0.876,0.094
158500,0.030,0.886,0.084
159000,0.030,0.847,0.123
159500,0.030,0.860,0.110
160000,0.030,0.893,0.077
160500,0.030,0.888,0.082
161000,0.030,0.836,0.134
161500,0.030,0.872,0.098
162000,0.030,0.846,0.124
162500,0.030,0.828,0.142
163000,0.030,0.876,0.094
163500,0.030,0.898,0.072
164000,0.030,0.864,0.106
164500,0.030,0.865,0.105
165000,0.030,0.841,0.129
165500,0.030,0.840,0.130
166000,0.030,0.869,0.101
166500,0.030,0.818,0.152
167000,0.030,0.783,0.186
167500,0.030,0.815,0.155
168000,0.030,0.835,0.135
168500,0.030,0.824,0.146
169000,0.030,0.785,0.185
169500,0.030,0.823,0.147
170000,0.030,0.820,0.150
170500,0.030,0.837,0.133
171000,0.030,0.811,0.158
171500,0.030,0.834,0.136
172000,0.030,0.814,0.156
172500,0.030,0.837,0.133
173000,0.030,0.847,0.123
173500,0.030,0.817,0.153
174000,0.030,0.849,0.121
174500,0.030,0.823,0.147
175000,0.030,0.787,0.183
175500,0.030,0.841,0.129
176000,0.030,0.818,0.152
176500,0.030,0.810,0.160
177000,0.030,0.772,0.198
177500,0.030,0.857,0.113
178000,0.030,0.868,0.102
178500,0.030,0.861,0.109
179000,0.030,0.839,0.131
179500,0.030,0.824,0.146
180000,0.030,0.826,0.144
180500,0.030,0.839,0.131
181000,0.030,0.872,0.098
181500,0.030,0.848,0.122
182000,0.030,0.826,0.144
182500,0.030,0.809,0.161
183000,0.030,0.800,0.169
183500,0.030,0.833,0.137
184000,0.030,0.852,0.118
184500,0.030,0.803,0.166
185000,0.030,0.802,0.168
185500,0.030,0.851,0.119
186000,0.030,0.834,0.136
186500,0.030,0.818,0.152
187000,0.030,0.825,0.145
187500,0.030,0.829,0.141
188000,0.030,0.828,0.142
188500,0.030,0.801,0.169
189000,0.030,0.802,0.167
189500,0.030,0.825,0.145
190000,0.030,0.852,0.118
190500,0.030,0.817,0.153
191000,0.030,0.836,0.134
191500,0.030,0.823,0.147
192000,0.030,0.831,0.139
192500,0.030,0.848,0.122
193000,0.030,0.810,0.160
193500,0.030,0.808,0.162
194000,0.030,0.782,0.188
194500,0.030,0.818,0.152
195000,0.030,0.794,0.176
195500,0.030,0.798,0.172
196000,0.030,0.810,0.159
196500,0.030,0.816,0.154
197000,0.030,0.824,0.146
197500,0.030,0.845,0.125
198000,0.030,0.817,0.153
198500,0.030,0.843,0.127
199000,0.030,0.882,0.088
199500,0.030,0.865,0.105
200000,0.030,0.867,0.103
200500,0.030,0.859,0.111
201000,0.030,0.831,0.139
201500,0.030,0.821,0.149
202000,0.030,0.730,0.240
202500,0.030,0.729,0.241
203000,0.030,0.810,0.160
203500,0.030,0.835,0.135
204000,0.030,0.858,0.112
204500,0.030,0.860,0.110
205000,0.030,0.876,0.094
205500,0.030,0.884,0.086
206000,0.030,0.860,0.110
206500,0.030,0.875,0.095
207000,0.030,0.888,0.082
207500,0.030,0.825,0.145
208000,0.030,0.852,0.118
208500,0.030,0.800,0.169
209000,0.030,0.835,0.135
209500,0.030,0.839,0.131
210000,0.030,0.820,0.150
210500,0.030,0.822,0.148
211000,0.030,0.834,0.136
211500,0.030,0.858,0.112
212000,0.030,0.865,0.105
212500,0.030,0.875,0.095
213000,0.030,0.891,0.079
213500,0.030,0.906,0.064
214000,0.030,0.866,0.104
214500,0.030,0.891,0.079
215000,0.030,0.846,0.124
215500,0.030,0.876,0.094
216000,0.030,0.800,0.170
216500,0.030,0.814,0.156
217000,0.030,0.819,0.151
217500,0.030,0.870,0.100
218000,0.030,0.832,0.138
218500,0.030,0.847,0.123
219000,0.030,0.814,0.156
219500,0.030,0.828,0.142
220000,0.030,0.849,0.121
220500,0.030,0.849,0.121
221000,0.030,0.852,0.118
221500,0.030,0.839,0.131
222000,0.030,0.800,0.169
222500,0.030,0.826,0.144
223000,0.030,0.847,0.123
223500,0.030,0.846,0.124
224000,0.030,0.853,0.117
224500,0.030,0.871,0.099
225000,0.030,0.865,0.105
225500,0.030,0.856,0.114
226000,0.030,0.846,0.124
226500,0.030,0.800,0.169
227000,0.030,0.786,0.183
227500,0.030,0.833,0.137
228000,0.030,0.835,0.135
228500,0.030,0.867,0.103
229000,0.030,0.882,0.088
229500,0.030,0.894,0.076
230000,0.030,0.872,0.098
230500,0.030,0.847,0.123
231000,0.030,0.840,0.130
231500,0.030,0.819,0.151
232000,0.030,0.852,0.118
232500,0.030,0.873,0.097
233000,0.030,0.897,0.073
233500,0.030,0.864,0.106
234000,0.030,0.830,0.140
234500,0.030,0.847,0.123
235000,0.030,0.802,0.168
235500,0.030,0.847,0.123
236000,0.030,0.844,0.126
236500,0.030,0.836,0.134
237000,0.030,0.857,0.113
237500,0.030,0.821,0.149
238000,0.030,0.825,0.145
238500,0.030,0.873,0.097
239000,0.030,0.895,0.075
239500,0.030,0.842,0.128
240000,0.030,0.803,0.167
240500,0.030,0.845,0.125
241000,0.030,0.858,0.112
241500,0.030,0.888,0.082
242000,0.030,0.876,0.094
242500,0.030,0.857,0.113
243000,0.030,0.828,0.142
243500,0.030,0.831,0.139
244000,0.030,0.800,0.169
244500,0.030,0.826,0.144
245000,0.030,0.800,0.170
245500,0.030,0.806,0.163
246000,0.030,0.843,0.127
246500,0.030,0.828,0.142
247000,0.030,0.792,0.177
247500,0.030,0.793,0.176
248000,0.030,0.785,0.184
248500,0.030,0.739,0.231
249000,0.030,0.787,0.183
249500,0.030,0.812,0.158
250000,0.030,0.831,0.139
250500,0.030,0.847,0.123
251000,0.030,0.829,0.141
251500,0.030,0.838,0.132
252000,0.030,0.807,0.163
252500,0.030,0.825,0.145
253000,0.030,0.783,0.187
253500,0.030,0.793,0.176
254000,0.030,0.840,0.130
254500,0.030,0.811,0.158
255000,0.030,0.811,0.158
255500,0.030,0.841,0.129
256000,0.030,0.753,0.217
256500,0.030,0.782,0.188
257000,0.030,0.783,0.187
257500,0.030,0.805,0.164
258000,0.030,0.816,0.154
258500,0.030,0.796,0.174
259000,0.030,0.847,0.123
259500,0.030,0.808,0.161
260000,0.030,0.792,0.177
260500,0.030,0.808,0.162
261000,0.030,0.828,0.142
261500,0.030,0.823,0.147
262000,0.030,0.794,0.176
262500,0.030,0.827,0.143
263000,0.030,0.869,0.101
263500,0.030,0.870,0.100
264000,0.030,0.821,0.149
264500,0.030,0.809,0.160
265000,0.030,0.858,0.112
265500,0.030,0.860,0.110
266000,0.030,0.868,0.102
266500,0.030,0.811,0.158
267000,0.030,0.839,0.131
267500,0.030,0.860,0.110
268000,0.030,0.865,0.105
268500,0.030,0.834,0.136
269000,0.030,0.797,0.173
269500,0.030,0.782,0.188
270000,0.030,0.799,0.170
270500,0.030,0.826,0.144
271000,0.030,0.838,0.132
271500,0.030,0.822,0.148
272000,0.030,0.854,0.116
272500,0.030,0.853,0.117
273000,0.030,0.845,0.125
273500,0.030,0.754,0.216
274000,0.030,0.745,0.225
274500,0.030,0.798,0.172
275000,0.030,0.783,0.186
275500,0.030,0.826,0.144
276000,0.030,0.850,0.120
276500,0.030,0.845,0.125
277000,0.030,0.816,0.154
277500,0.030,0.786,0.184
278000,0.030,0.829,0.141
278500,0.030,0.835,0.135
279000,0.030,0.807,0.162
279500,0.030,0.845,0.125
280000,0.030,0.842,0.128
280500,0.030,0.809,0.160
281000,0.030,0.766,0.204
281500,0.030,0.832,0.138
282000,0.030,0.872,0.098
282500,0.030,0.831,0.139
283000,0.030,0.814,0.156
283500,0.030,0.851,0.119
284000,0.030,0.852,0.118
284500,0.030,0.818,0.152
285000,0.030,0.822,0.148
285500,0.030,0.848,0.122
286000,0.030,0.847,0.123
286500,0.030,0.862,0.108
287000,0.030,0.863,0.107
287500,0.030,0.875,0.095
288000,0.030,0.866,0.104
288500,0.030,0.857,0.113
289000,0.030,0.840,0.130
289500,0.030,0.880,0.090
290000,0.030,0.834,0.136
290500,0.030,0.796,0.174
291000,0.030,0.794,0.175
291500,0.030,0.834,0.136
292000,0.030,0.842,0.128
292500,0.030,0.839,0.131
293000,0.030,0.855,0.115
293500,0.030,0.858,0.112
294000,0.030,0.850,0.120
294500,0.030,0.855,0.115
295000,0.030,0.863,0.107
295500,0.030,0.870,0.100
296000,0.030,0.896,0.074
296500,0.030,0.884,0.086
297000,0.030,0.861,0.109
297500,0.030,0.842,0.128
298000,0.030,0.846,0.124
298500,0.030,0.850,0.120
299000,0.030,0.830,0.140
299500,0.030,0.800,0.169
300000,0.030,0.832,0.138
300500,0.030,0.825,0.145
301000,0.030,0.802,0.167
301500,0.030,0.826,0.144
302000,0.030,0.819,0.151
302500,0.030,0.837,0.133
303000,0.030,0.859,0.111
303500,0.030,0.872,0.098
304000,0.030,0.848,0.122
304500,0.030,0.828,0.142
305000,0.030,0.812,0.158
305500,0.030,0.857,0.113
306000,0.030,0.866,0.104
306500,0.030,0.893,0.077
307000,0.030,0.847,0.123
307500,0.030,0.838,0.132
308000,0.030,0.850,0.120
308500,0.030,0.865,0.105
309000,0.030,0.803,0.167
309500,0.030,0.821,0.149
310000,0.030,0.809,0.160
310500,0.030,0.809,0.161
311000,0.030,0.769,0.201
311500,0.030,0.830,0.140
312000,0.030,0.827,0.143
312500,0.030,0.860,0.110
313000,0.030,0.814,0.156
313500,0.030,0.775,0.195
314000,0.030,0.783,0.186
314500,0.030,0.781,0.189
315000,0.030,0.801,0.169
315500,0.030,0.762,0.208
316000,0.030,0.850,0.120
316500,0.030,0.809,0.160
317000,0.030,0.856,0.114
317500,0.030,0.843,0.127
318000,0.030,0.841,0.129
318500,0.030,0.843,0.127
319000,0.030,0.870,0.100
319500,0.030,0.892,0.078
320000,0.030,0.872,0.098
320500,0.030,0.819,0.151
321000,0.030,0.810,0.160
321500,0.030,0.825,0.145
322000,0.030,0.850,0.120
322500,0.030,0.835,0.135
323000,0.030,0.844,0.126
323500,0.030,0.860,0.110
324000,0.030,0.854,0.116
324500,0.030,0.838,0.132
325000,0.030,0.879,0.091
325500,0.030,0.909,0.061
326000,0.030,0.875,0.095
326500,0.030,0.886,0.084
327000,0.030,0.868,0.102
327500,0.030,0.839,0.131
328000,0.030,0.826,0.144
328500,0.030,0.818,0.152
329000,0.030,0.796,0.173
329500,0.030,0.793,0.176
330000,0.030,0.777,0.193
330500,0.030,0.780,0.190
331000,0.030,0.805,0.165
331500,0.030,0.812,0.157
332000,0.030,0.870,0.100
332500,0.030,0.852,0.118
333000,0.030,0.810,0.160
333500,0.030,0.823,0.147
334000,0.030,0.866,0.104
334500,0.030,0.857,0.113
335000,0.030,0.865,0.105
335500,0.030,0.853,0.117
336000,0.030,0.803,0.166
336500,0.030,0.790,0.179
337000,0.030,0.796,0.173
337500,0.030,0.818,0.152
338000,0.030,0.838,0.132
338500,0.030,0.862,0.108
339000,0.030,0.863,0.107
339500,0.030,0.821,0.149
340000,0.030,0.823,0.147
340500,0.030,0.777,0.193
341000,0.030,0.815,0.155
341500,0.030,0.791,0.178
342000,0.030,0.810,0.160
342500,0.030,0.870,0.100
343000,0.030,0.855,0.115
343500,0.030,0.844,0.126
344000,0.030,0.829,0.141
344500,0.030,0.811,0.158
345000,0.030,0.841,0.129
345500,0.030,0.815,0.155
346000,0.030,0.821,0.149
346500,0.030,0.845,0.125
347000,0.030,0.843,0.127
347500,0.030,0.845,0.125
348000,0.030,0.813,0.157
348500,0.030,0.804,0.166
349000,0.030,0.869,0.101
349500,0.030,0.837,0.133
350000,0.030,0.850,0.120
350500,0.030,0.865,0.105
351000,0.030,0.860,0.110
351500,0.030,0.836,0.134
352000,0.030,0.858,0.112
352500,0.030,0.854,0.116
353000,0.030,0.851,0.119
353500,0.030,0.857,0.113
354000,0.030,0.841,0.129
354500,0.030,0.818,0.152
355000,0.030,0.851,0.119
355500,0.030,0.858,0.112
356000,0.030,0.874,0.096
356500,0.030,0.852,0.118
357000,0.030,0.837,0.133
357500,0.030,0.816,0.154
358000,0.030,0.859,0.111
358500,0.030,0.844,0.126
359000,0.030,0.839,0.131
359500,0.030,0.838,0.132
360000,0.030,0.835,0.135
360500,0.030,0.814,0.156
361000,0.030,0.824,0.146
361500,0.030,0.800,0.170
362000,0.030,0.826,0.144
362500,0.030,0.820,0.150
363000,0.030,0.832,0.138
363500,0.030,0.862,0.108
364000,0.030,0.860,0.110
364500,0.030,0.875,0.095
365000,0.030,0.877,0.093
365500,0.030,0.856,0.114
366000,0.030,0.854,0.116
366500,0.030,0.839,0.131
367000,0.030,0.818,0.152
367500,0.030,0.851,0.119
368000,0.030,0.869,0.101
368500,0.030,0.871,0.099
369000,0.030,0.789,0.181
369500,0.030,0.816,0.154
370000,0.030,0.771,0.199
370500,0.030,0.830,0.140
371000,0.030,0.840,0.130
371500,0.030,0.876,0.094
372000,0.030,0.906,0.064
372500,0.030,0.878,0.092
373000,0.030,0.862,0.108
373500,0.030,0.834,0.136
374000,0.030,0.869,0.101
374500,0.030,0.852,0.118
375000,0.030,0.802,0.168
375500,0.030,0.828,0.142
376000,0.030,0.866,0.104
376500,0.030,0.888,0.082
377000,0.030,0.854,0.116
377500,0.030,0.851,0.119
378000,0.030,0.849,0.121
378500,0.030,0.806,0.163
379000,0.030,0.816,0.154
379500,0.030,0.858,0.112
380000,0.030,0.860,0.110
380500,0.030,0.885,0.085
381000,0.030,0.872,0.098
381500,0.030,0.849,0.121
382000,0.030,0.852,0.118
382500,0.030,0.789,0.180
383000,0.030,0.796,0.173
383500,0.030,0.812,0.158
384000,0.030,0.777,0.193
384500,0.030,0.818,0.152
385000,0.030,0.837,0.133
385500,0.030,0.826,0.144
386000,0.030,0.819,0.151
386500,0.030,0.842,0.128
387000,0.030,0.838,0.132
387500,0.030,0.816,0.154
388000,0.030,0.839,0.131
388500,0.030,0.856,0.114
389000,0.030,0.864,0.106
389500,0.030,0.878,0.092
390000,0.030,0.861,0.109
390500,0.030,0.879,0.091
391000,0.030,0.855,0.115
391500,0.030,0.826,0.144
392000,0.030,0.823,0.147
392500,0.030,0.847,0.123
393000,0.030,0.842,0.128
393500,0.030,0.847,0.123
394000,0.030,0.828,0.142
394500,0.030,0.858,0.112
395000,0.030,0.820,0.150
395500,0.030,0.834,0.136
396000,0.030,0.816,0.154
396500,0.030,0.801,0.169
397000,0.030,0.792,0.178
397500,0.030,0.800,0.169
398000,0.030,0.836,0.134
398500,0.030,0.795,0.174
399000,0.030,0.817,0.153
399500,0.030,0.821,0.149
400000,0.030,0.830,0.140
400500,0.030,0.857,0.113
401000,0.030,0.848,0.122
401500,0.030,0.849,0.121
402000,0.030,0.870,0.100
402500,0.030,0.889,0.081
403000,0.030,0.847,0.123
403500,0.030,0.776,0.194
404000,0.030,0.808,0.161
404500,0.030,0.831,0.139
405000,0.030,0.826,0.144
405500,0.030,0.822,0.148
406000,0.030,0.842,0.128
406500,0.030,0.861,0.109
407000,0.030,0.852,0.118
407500,0.030,0.848,0.122
408000,0.030,0.829,0.141
408500,0.030,0.821,0.149
409000,0.030,0.863,0.107
409500,0.030,0.867,0.103
410000,0.030,0.889,0.081
410500,0.030,0.857,0.113
411000,0.030,0.795,0.175
411500,0.030,0.797,0.173
412000,0.030,0.817,0.153
412500,0.030,0.836,0.134
413000,0.030,0.859,0.111
413500,0.030,0.837,0.133
414000,0.030,0.884,0.086
414500,0.030,0.836,0.134
415000,0.030,0.818,0.152
415500,0.030,0.810,0.160
416000,0.030,0.831,0.139
416500,0.030,0.785,0.184
417000,0.030,0.827,0.143
417500,0.030,0.840,0.130
418000,0.030,0.854,0.116
418500,0.030,0.845,0.125
419000,0.030,0.838,0.132
419500,0.030,0.870,0.100
420000,0.030,0.855,0.115
420500,0.030,0.841,0.129
421000,0.030,0.852,0.118
421500,0.030,0.833,0.137
422000,0.030,0.847,0.123
422500,0.030,0.827,0.143
423000,0.030,0.843,0.127
423500,0.030,0.819,0.151
424000,0.030,0.815,0.155
424500,0.030,0.826,0.144
425000,0.030,0.773,0.197
425500,0.030,0.835,0.135
426000,0.030,0.793,0.177
426500,0.030,0.801,0.169
427000,0.030,0.842,0.128
427500,0.030,0.828,0.142
428000,0.030,0.831,0.139
428500,0.030,0.815,0.155
429000,0.030,0.853,0.117
429500,0.030,0.871,0.099
430000,0.030,0.829,0.141
430500,0.030,0.845,0.125
431000,0.030,0.875,0.095
431500,0.030,0.831,0.139
432000,0.030,0.811,0.159
432500,0.030,0.820,0.150
433000,0.030,0.828,0.142
433500,0.030,0.848,0.122
434000,0.030,0.810,0.159
434500,0.030,0.801,0.168
435000,0.030,0.781,0.189
435500,0.030,0.822,0.148
436000,0.030,0.837,0.133
436500,0.030,0.851,0.119
437000,0.030,0.855,0.115
437500,0.030,0.854,0.116
438000,0.030,0.822,0.148
438500,0.030,0.862,0.108
439000,0.030,0.828,0.142
439500,0.030,0.818,0.152
440000,0.030,0.782,0.188
440500,0.030,0.811,0.158
441000,0.030,0.810,0.159
441500,0.030,0.841,0.129
442000,0.030,0.855,0.115
442500,0.030,0.853,0.117
443000,0.030,0.836,0.134
443500,0.030,0.831,0.139
444000,0.030,0.834,0.136
444500,0.030,0.787,0.183
445000,0.030,0.773,0.197
445500,0.030,0.821,0.149
446000,0.030,0.835,0.135
446500,0.030,0.820,0.150
447000,0.030,0.848,0.122
447500,0.030,0.827,0.143
448000,0.030,0.840,0.130
448500,0.030,0.881,0.089
449000,0.030,0.857,0.113
449500,0.030,0.861,0.109
450000,0.030,0.828,0.142
450500,0.030,0.828,0.142
451000,0.030,0.888,0.082
451500,0.030,0.837,0.133
452000,0.030,0.810,0.160
452500,0.030,0.822,0.148
453000,0.030,0.858,0.112
453500,0.030,0.833,0.137
454000,0.030,0.848,0.122
454500,0.030,0.838,0.132
455000,0.030,0.830,0.140
455500,0.030,0.843,0.127
456000,0.030,0.846,0.124
456500,0.030,0.836,0.134
457000,0.030,0.847,0.123
457500,0.030,0.845,0.125
458000,0.030,0.827,0.143
458500,0.030,0.800,0.170
459000,0.030,0.820,0.150
459500,0.030,0.811,0.158
460000,0.030,0.862,0.108
460500,0.030,0.820,0.150
461000,0.030,0.821,0.149
461500,0.030,0.814,0.156
462000,0.030,0.802,0.167
462500,0.030,0.838,0.132
463000,0.030,0.794,0.176
463500,0.030,0.807,0.162
464000,0.030,0.857,0.113
464500,0.030,0.843,0.127
465000,0.030,0.823,0.147
465500,0.030,0.845,0.125
466000,0.030,0.829,0.141
466500,0.030,0.817,0.153
467000,0.030,0.772,0.198
467500,0.030,0.831,0.139
468000,0.030,0.812,0.157
468500,0.030,0.793,0.177
469000,0.030,0.816,0.154
469500,0.030,0.835,0.135
470000,0.030,0.839,0.131
470500,0.030,0.884,0.086
471000,0.030,0.897,0.073
471500,0.030,0.888,0.082
472000,0.030,0.827,0.143
472500,0.030,0.854,0.116
473000,0.030,0.831,0.139
473500,0.030,0.828,0.142
474000,0.030,0.860,0.110
474500,0.030,0.867,0.103
475000,0.030,0.850,0.120
475500,0.030,0.880,0.090
476000,0.030,0.830,0.140
476500,0.030,0.823,0.147
477000,0.030,0.836,0.134
477500,0.030,0.787,0.182
478000,0.030,0.846,0.124
478500,0.030,0.811,0.159
479000,0.030,0.864,0.106
479500,0.030,0.855,0.115
480000,0.030,0.851,0.119
480500,0.030,0.873,0.097
481000,0.030,0.829,0.141
481500,0.030,0.823,0.147
482000,0.030,0.816,0.154
482500,0.030,0.800,0.169
483000,0.030,0.802,0.167
483500,0.030,0.811,0.158
484000,0.030,0.797,0.172
484500,0.030,0.836,0.134
485000,0.030,0.866,0.104
485500,0.030,0.866,0.104
486000,0.030,0.820,0.150
486500,0.030,0.803,0.166
487000,0.030,0.801,0.169
487500,0.030,0.808,0.162
488000,0.030,0.763,0.207
488500,0.030,0.771,0.199
489000,0.030,0.787,0.183
489500,0.030,0.828,0.142
490000,0.030,0.818,0.152
490500,0.030,0.871,0.099
491000,0.030,0.831,0.139
491500,0.030,0.844,0.126
492000,0.030,0.841,0.129
492500,0.030,0.865,0.105
493000,0.030,0.868,0.102
493500,0.030,0.886,0.084
494000,0.030,0.849,0.121
494500,0.030,0.903,0.067
495000,0.030,0.878,0.092
495500,0.030,0.852,0.118
496000,0.030,0.835,0.135
496500,0.030,0.842,0.128
497000,0.030,0.836,0.134
497500,0.030,0.797,0.172
498000,0.030,0.797,0.172
498500,0.030,0.792,0.178
499000,0.030,0.828,0.142
499500,0.030,0.848,0.122
500000,0.030,0.807,0.162
500500,0.030,0.817,0.153
501000,0.030,0.792,0.177
501500,0.030,0.812,0.158
502000,0.030,0.823,0.147
502500,0.030,0.864,0.106
503000,0.030,0.831,0.139
503500,0.030,0.851,0.119
504000,0.030,0.858,0.112
504500,0.030,0.877,0.093
505000,0.030,0.883,0.087
505500,0.030,0.877,0.093
506000,0.030,0.859,0.111
506500,0.030,0.866,0.104
507000,0.030,0.849,0.121
507500,0.030,0.803,0.166
508000,0.030,0.838,0.132
508500,0.030,0.819,0.151
509000,0.030,0.833,0.137
509500,0.030,0.818,0.152
510000,0.030,0.816,0.154
510500,0.030,0.840,0.130
511000,0.030,0.876,0.094
511500,0.030,0.875,0.095
512000,0.030,0.845,0.125
512500,0.030,0.827,0.143
513000,0.030,0.854,0.116
513500,0.030,0.867,0.103
514000,0.030,0.832,0.138
514500,0.030,0.808,0.161
515000,0.030,0.820,0.150
515500,0.030,0.841,0.129
516000,0.030,0.854,0.116
516500,0.030,0.855,0.115
517000,0.030,0.833,0.137
517500,0.030,0.820,0.150
518000,0.030,0.853,0.117
518500,0.030,0.852,0.118
519000,0.030,0.847,0.123
519500,0.030,0.798,0.171
520000,0.030,0.767,0.203
520500,0.030,0.779,0.191
521000,0.030,0.806,0.164
521500,0.030,0.832,0.138
522000,0.030,0.860,0.110
522500,0.030,0.835,0.135
523000,0.030,0.796,0.174
523500,0.030,0.839,0.131
524000,0.030,0.822,0.148
524500,0.030,0.862,0.108
525000,0.030,0.846,0.124
525500,0.030,0.861,0.109
526000,0.030,0.859,0.111
526500,0.030,0.813,0.157
527000,0.030,0.795,0.174
527500,0.030,0.816,0.154
528000,0.030,0.839,0.131
528500,0.030,0.861,0.109
529000,0.030,0.847,0.123
529500,0.030,0.850,0.120
530000,0.030,0.829,0.141
530500,0.030,0.851,0.119
531000,0.030,0.871,0.099
531500,0.030,0.874,0.096
532000,0.030,0.866,0.104
532500,0.030,0.839,0.131
533000,0.030,0.842,0.128
533500,0.030,0.843,0.127
534000,0.030,0.833,0.137
534500,0.030,0.822,0.148
535000,0.030,0.855,0.115
535500,0.030,0.825,0.145
536000,0.030,0.876,0.094
536500,0.030,0.867,0.103
537000,0.030,0.830,0.140
537500,0.030,0.822,0.148
538000,0.030,0.828,0.142
538500,0.030,0.796,0.173
539000,0.030,0.831,0.139
539500,0.030,0.814,0.156
540000,0.030,0.848,0.122
540500,0.030,0.843,0.127
541000,0.030,0.798,0.172
541500,0.030,0.773,0.197
542000,0.030,0.823,0.147
542500,0.030,0.845,0.125
543000,0.030,0.851,0.119
543500,0.030,0.850,0.120
544000,0.030,0.825,0.145
544500,0.030,0.808,0.161
545000,0.030,0.843,0.127
545500,0.030,0.837,0.133
546000,0.030,0.853,0.117
546500,0.030,0.850,0.120
547000,0.030,0.853,0.117
547500,0.030,0.874,0.096
548000,0.030,0.805,0.164
548500,0.030,0.828,0.142
549000,0.030,0.848,0.122
549500,0.030,0.847,0.123
550000,0.030,0.851,0.119
550500,0.030,0.873,0.097
551000,0.030,0.839,0.131
551500,0.030,0.849,0.121
552000,0.030,0.806,0.163
552500,0.030,0.824,0.146
553000,0.030,0.859,0.111
553500,0.030,0.867,0.103
554000,0.030,0.868,0.102
554500,0.030,0.855,0.115
555000,0.030,0.836,0.134
555500,0.030,0.872,0.098
556000,0.030,0.866,0.104
556500,0.030,0.854,0.116
557000,0.030,0.890,0.080
557500,0.030,0.837,0.133
558000,0.030,0.827,0.143
558500,0.030,0.810,0.159
559000,0.030,0.824,0.146
559500,0.030,0.802,0.168
560000,0.030,0.843,0.127
560500,0.030,0.862,0.108
561000,0.030,0.845,0.125
561500,0.030,0.810,0.159
562000,0.030,0.816,0.154
562500,0.030,0.819,0.151
563000,0.030,0.826,0.144
563500,0.030,0.831,0.139
564000,0.030,0.848,0.122
564500,0.030,0.812,0.157
565000,0.030,0.850,0.120
565500,0.030,0.875,0.095
566000,0.030,0.867,0.103
566500,0.030,0.827,0.143
567000,0.030,0.842,0.128
567500,0.030,0.818,0.152
568000,0.030,0.845,0.125
568500,0.030,0.829,0.141
569000,0.030,0.825,0.145
569500,0.030,0.856,0.114
570000,0.030,0.853,0.117
570500,0.030,0.786,0.183
571000,0.030,0.819,0.151
571500,0.030,0.792,0.178
572000,0.030,0.816,0.154
572500,0.030,0.836,0.134
573000,0.030,0.867,0.103
573500,0.030,0.849,0.121
574000,0.030,0.803,0.167
574500,0.030,0.833,0.137
575000,0.030,0.806,0.164
575500,0.030,0.836,0.134
576000,0.030,0.868,0.102
576500,0.030,0.869,0.101
577000,0.030,0.849,0.121
577500,0.030,0.840,0.130
578000,0.030,0.859,0.111
578500,0.030,0.828,0.142
579000,0.030,0.828,0.142
579500,0.030,0.834,0.136
580000,0.030,0.827,0.143
580500,0.030,0.820,0.150
581000,0.030,0.822,0.148
581500,0.030,0.828,0.142
582000,0.030,0.817,0.153
582500,0.030,0.809,0.161
583000,0.030,0.840,0.130
583500,0.030,0.823,0.147
584000,0.030,0.806,0.164
584500,0.030,0.746,0.224
585000,0.030,0.792,0.178
585500,0.030,0.826,0.144
586000,0.030,0.856,0.114
586500,0.030,0.846,0.124
587000,0.030,0.792,0.177
587500,0.030,0.787,0.183
588000,0.030,0.830,0.140
588500,0.030,0.828,0.142
589000,0.030,0.829,0.141
589500,0.030,0.843,0.127
590000,0.030,0.831,0.139
590500,0.030,0.848,0.122
591000,0.030,0.856,0.114
591500,0.030,0.853,0.117
592000,0.030,0.884,0.086
592500,0.030,0.869,0.101
593000,0.030,0.871,0.099
593500,0.030,0.869,0.101
594000,0.030,0.846,0.124
594500,0.030,0.864,0.106
595000,0.030,0.822,0.148
595500,0.030,0.842,0.128
596000,0.030,0.823,0.147
596500,0.030,0.809,0.160
597000,0.030,0.799,0.170
597500,0.030,0.842,0.128
598000,0.030,0.823,0.147
598500,0.030,0.820,0.150
599000,0.030,0.834,0.136
599500,0.030,0.841,0.129
600000,0.030,0.886,0.084
600500,0.030,0.875,0.095
601000,0.030,0.864,0.106
601500,0.030,0.867,0.103
602000,0.030,0.905,0.065
602500,0.030,0.843,0.127
603000,0.030,0.817,0.153
603500,0.030,0.839,0.131
604000,0.030,0.839,0.131
604500,0.030,0.830,0.140
605000,0.030,0.855,0.115
605500,0.030,0.864,0.106
606000,0.030,0.877,0.093
606500,0.030,0.843,0.127
607000,0.030,0.872,0.098
607500,0.030,0.847,0.123
608000,0.030,0.801,0.168
608500,0.030,0.799,0.171
609000,0.030,0.812,0.158
609500,0.030,0.785,0.185
610000,0.030,0.819,0.151
610500,0.030,0.815,0.155
611000,0.030,0.796,0.173
611500,0.030,0.828,0.142
612000,0.030,0.849,0.121
612500,0.030,0.814,0.156
613000,0.030,0.827,0.143
613500,0.030,0.829,0.141
614000,0.030,0.869,0.101
614500,0.030,0.824,0.146
615000,0.030,0.800,0.169
615500,0.030,0.802,0.167
616000,0.030,0.800,0.170
616500,0.030,0.780,0.190
617000,0.030,0.787,0.182
617500,0.030,0.800,0.169
618000,0.030,0.827,0.143
618500,0.030,0.812,0.158
619000,0.030,0.823,0.147
619500,0.030,0.831,0.139
620000,0.030,0.872,0.098
620500,0.030,0.883,0.087
621000,0.030,0.852,0.118
621500,0.030,0.849,0.121
622000,0.030,0.856,0.114
622500,0.030,0.837,0.133
623000,0.030,0.844,0.126
623500,0.030,0.825,0.145
624000,0.030,0.820,0.150
624500,0.030,0.839,0.131
625000,0.030,0.861,0.109
625500,0.030,0.826,0.144
626000,0.030,0.804,0.166
626500,0.030,0.808,0.162
627000,0.030,0.850,0.120
627500,0.030,0.833,0.137
628000,0.030,0.834,0.136
628500,0.030,0.835,0.135
629000,0.030,0.829,0.141
629500,0.030,0.800,0.170
630000,0.030,0.835,0.135
630500,0.030,0.874,0.096
631000,0.030,0.888,0.082
631500,0.030,0.867,0.103
632000,0.030,0.886,0.084
632500,0.030,0.876,0.094
633000,0.030,0.840,0.130
633500,0.030,0.855,0.115
634000,0.030,0.820,0.150
634500,0.030,0.838,0.132
635000,0.030,0.831,0.139
635500,0.030,0.838,0.132
636000,0.030,0.819,0.151
636500,0.030,0.843,0.127
637000,0.030,0.830,0.140
637500,0.030,0.826,0.144
638000,0.030,0.829,0.141
638500,0.030,0.833,0.137
639000,0.030,0.818,0.152
639500,0.030,0.819,0.151
640000,0.030,0.821,0.149
640500,0.030,0.811,0.158
641000,0.030,0.843,0.127
641500,0.030,0.862,0.108
642000,0.030,0.863,0.107
642500,0.030,0.879,0.091
643000,0.030,0.880,0.090
643500,0.030,0.872,0.098
644000,0.030,0.907,0.062
644500,0.030,0.923,0.047
645000,0.030,0.885,0.085
645500,0.030,0.906,0.064
646000,0.030,0.895,0.075
646500,0.030,0.898,0.072
647000,0.030,0.905,0.065
647500,0.030,0.880,0.090
648000,0.030,0.852,0.118
648500,0.030,0.862,0.108
649000,0.030,0.821,0.149
649500,0.030,0.824,0.146
650000,0.030,0.849,0.121
650500,0.030,0.849,0.121
651000,0.030,0.851,0.119
651500,0.030,0.840,0.130
652000,0.030,0.826,0.144
652500,0.030,0.819,0.151
653000,0.030,0.875,0.095
653500,0.030,0.885,0.085
654000,0.030,0.881,0.089
654500,0.030,0.867,0.103
655000,0.030,0.831,0.139
655500,0.030,0.851,0.119
656000,0.030,0.832,0.138
656500,0.030,0.813,0.157
657000,0.030,0.826,0.144
657500,0.030,0.836,0.134
658000,0.030,0.843,0.127
658500,0.030,0.834,0.136
659000,0.030,0.840,0.130
659500,0.030,0.845,0.125
660000,0.030,0.862,0.108
660500,0.030,0.842,0.128
661000,0.030,0.873,0.097
661500,0.030,0.848,0.122
662000,0.030,0.866,0.104
662500,0.030,0.825,0.145
663000,0.030,0.817,0.153
663500,0.030,0.814,0.156
664000,0.030,0.828,0.142
664500,0.030,0.850,0.120
665000,0.030,0.850,0.120
665500,0.030,0.800,0.169
666000,0.030,0.832,0.138
666500,0.030,0.825,0.145
667000,0.030,0.846,0.124
667500,0.030,0.863,0.107
668000,0.030,0.893,0.077
668500,0.030,0.866,0.104
669000,0.030,0.847,0.123
669500,0.030,0.824,0.146
670000,0.030,0.842,0.128
670500,0.030,0.894,0.076
671000,0.030,0.866,0.104
671500,0.030,0.875,0.095
672000,0.030,0.820,0.150
672500,0.030,0.805,0.165
673000,0.030,0.815,0.155
673500,0.030,0.802,0.167
674000,0.030,0.866,0.104
674500,0.030,0.868,0.102
675000,0.030,0.856,0.114
675500,0.030,0.822,0.148
676000,0.030,0.825,0.145
676500,0.030,0.796,0.174
677000,0.030,0.807,0.162
677500,0.030,0.834,0.136
678000,0.030,0.823,0.147
678500,0.030,0.824,0.146
679000,0.030,0.854,0.116
679500,0.030,0.859,0.111
680000,0.030,0.874,0.096
680500,0.030,0.861,0.109
681000,0.030,0.828,0.142
681500,0.030,0.826,0.144
682000,0.030,0.870,0.100
682500,0.030,0.847,0.123
683000,0.030,0.846,0.124
683500,0.030,0.853,0.117
684000,0.030,0.836,0.134
684500,0.030,0.833,0.137
685000,0.030,0.819,0.151
685500,0.030,0.826,0.144
686000,0.030,0.827,0.143
686500,0.030,0.803,0.167
687000,0.030,0.841,0.129
687500,0.030,0.833,0.137
688000,0.030,0.837,0.133
688500,0.030,0.838,0.132
689000,0.030,0.833,0.137
689500,0.030,0.863,0.107
690000,0.030,0.840,0.130
690500,0.030,0.819,0.151
691000,0.030,0.817,0.153
691500,0.030,0.814,0.156
692000,0.030,0.749,0.221
692500,0.030,0.826,0.144
693000,0.030,0.850,0.120
693500,0.030,0.817,0.153
694000,0.030,0.818,0.152
694500,0.030,0.808,0.161
695000,0.030,0.816,0.154
695500,0.030,0.825,0.145
696000,0.030,0.878,0.092
696500,0.030,0.870,0.100
697000,0.030,0.871,0.099
697500,0.030,0.842,0.128
698000,0.030,0.866,0.104
698500,0.030,0.884,0.086
699000,0.030,0.852,0.118
699500,0.030,0.862,0.108
700000,0.030,0.850,0.120
700500,0.030,0.848,0.122
701000,0.030,0.822,0.148
701500,0.030,0.794,0.175
702000,0.030,0.801,0.168
702500,0.030,0.816,0.154
703000,0.030,0.873,0.097
703500,0.030,0.871,0.099
704000,0.030,0.894,0.076
704500,0.030,0.900,0.070
705000,0.030,0.894,0.076
705500,0.030,0.882,0.088
706000,0.030,0.829,0.141
706500,0.030,0.833,0.137
707000,0.030,0.838,0.132
707500,0.030,0.869,0.101
708000,0.030,0.876,0.094
708500,0.030,0.841,0.129
709000,0.030,0.864,0.106
709500,0.030,0.892,0.078
710000,0.030,0.886,0.084
710500,0.030,0.823,0.147
711000,0.030,0.782,0.188
711500,0.030,0.798,0.172
712000,0.030,0.772,0.198
712500,0.030,0.818,0.152
713000,0.030,0.826,0.144
713500,0.030,0.832,0.138
714000,0.030,0.837,0.133
714500,0.030,0.836,0.134
715000,0.030,0.845,0.125
715500,0.030,0.838,0.132
716000,0.030,0.851,0.119
716500,0.030,0.873,0.097
717000,0.030,0.864,0.106
717500,0.030,0.858,0.112
718000,0.030,0.871,0.099
718500,0.030,0.833,0.137
719000,0.030,0.833,0.137
719500,0.030,0.801,0.169
720000,0.030,0.822,0.148
720500,0.030,0.825,0.145
721000,0.030,0.868,0.102
721500,0.030,0.869,0.101
722000,0.030,0.827,0.143
722500,0.030,0.815,0.155
723000,0.030,0.819,0.151
723500,0.030,0.812,0.157
724000,0.030,0.831,0.139
724500,0.030,0.819,0.151
725000,0.030,0.831,0.139
725500,0.030,0.837,0.133
726000,0.030,0.878,0.092
726500,0.030,0.853,0.117
727000,0.030,0.833,0.137
727500,0.030,0.840,0.130
728000,0.030,0.812,0.158
728500,0.030,0.823,0.147
729000,0.030,0.876,0.094
729500,0.030,0.868,0.102
730000,0.030,0.880,0.090
730500,0.030,0.855,0.115
731000,0.030,0.835,0.135
731500,0.030,0.863,0.107
732000,0.030,0.874,0.096
732500,0.030,0.884,0.086
733000,0.030,0.880,0.090
733500,0.030,0.862,0.108
734000,0.030,0.863,0.107
734500,0.030,0.864,0.106
735000,0.030,0.853,0.117
735500,0.030,0.885,0.085
736000,0.030,0.849,0.121
736500,0.030,0.821,0.149
737000,0.030,0.834,0.136
737500,0.030,0.856,0.114
738000,0.030,0.877,0.093
738500,0.030,0.855,0.115
739000,0.030,0.827,0.143
739500,0.030,0.844,0.126
740000,0.030,0.825,0.145
740500,0.030,0.844,0.126
741000,0.030,0.833,0.137
741500,0.030,0.831,0.139
742000,0.030,0.776,0.194
742500,0.030,0.820,0.150
743000,0.030,0.818,0.152
743500,0.030,0.806,0.163
744000,0.030,0.858,0.112
744500,0.030,0.811,0.158
745000,0.030,0.833,0.137
745500,0.030,0.857,0.113
746000,0.030,0.867,0.103
746500,0.030,0.828,0.142
747000,0.030,0.871,0.099
747500,0.030,0.825,0.145
748000,0.030,0.846,0.124
748500,0.030,0.841,0.129
749000,0.030,0.850,0.120
749500,0.030,0.827,0.143
750000,0.030,0.850,0.120
750500,0.030,0.835,0.135
751000,0.030,0.842,0.128
751500,0.030,0.898,0.072
752000,0.030,0.888,0.082
752500,0.030,0.886,0.084
753000,0.030,0.838,0.132
753500,0.030,0.826,0.144
754000,0.030,0.799,0.170
754500,0.030,0.856,0.114
755000,0.030,0.883,0.087
755500,0.030,0.845,0.125
756000,0.030,0.856,0.114
756500,0.030,0.857,0.113
757000,0.030,0.871,0.099
757500,0.030,0.876,0.094
758000,0.030,0.875,0.095
758500,0.030,0.887,0.083
759000,0.030,0.845,0.125
759500,0.030,0.841,0.129
760000,0.030,0.823,0.147
760500,0.030,0.844,0.126
761000,0.030,0.848,0.122
761500,0.030,0.856,0.114
762000,0.030,0.828,0.142
762500,0.030,0.830,0.140
763000,0.030,0.861,0.109
763500,0.030,0.875,0.095
764000,0.030,0.836,0.134
764500,0.030,0.884,0.086
765000,0.030,0.857,0.113
765500,0.030,0.866,0.104
766000,0.030,0.855,0.115
766500,0.030,0.875,0.095
767000,0.030,0.869,0.101
767500,0.030,0.860,0.110
768000,0.030,0.865,0.105
768500,0.030,0.837,0.133
769000,0.030,0.851,0.119
769500,0.030,0.869,0.101
770000,0.030,0.856,0.114
770500,0.030,0.838,0.132
771000,0.030,0.864,0.106
771500,0.030,0.895,0.075
772000,0.030,0.887,0.083
772500,0.030,0.894,0.076
773000,0.030,0.855,0.115
773500,0.030,0.869,0.101
774000,0.030,0.834,0.136
774500,0.030,0.852,0.118
775000,0.030,0.788,0.182
775500,0.030,0.796,0.174
776000,0.030,0.839,0.131
776500,0.030,0.836,0.134
777000,0.030,0.841,0.129
777500,0.030,0.798,0.171
778000,0.030,0.810,0.160
778500,0.030,0.812,0.158
779000,0.030,0.774,0.196
779500,0.030,0.825,0.145
780000,0.030,0.829,0.141
780500,0.030,0.855,0.115
781000,0.030,0.877,0.093
781500,0.030,0.836,0.134
782000,0.030,0.822,0.148
782500,0.030,0.838,0.132
783000,0.030,0.824,0.146
783500,0.030,0.806,0.163
784000,0.030,0.806,0.163
784500,0.030,0.802,0.167
785000,0.030,0.840,0.130
785500,0.030,0.818,0.152
786000,0.030,0.801,0.169
786500,0.030,0.822,0.148
787000,0.030,0.889,0.081
787500,0.030,0.866,0.104
788000,0.030,0.893,0.077
788500,0.030,0.854,0.116
789000,0.030,0.876,0.094
789500,0.030,0.857,0.113
790000,0.030,0.844,0.126
790500,0.030,0.857,0.113
791000,0.030,0.827,0.143
791500,0.030,0.867,0.103
792000,0.030,0.834,0.136
792500,0.030,0.800,0.169
793000,0.030,0.795,0.174
793500,0.030,0.810,0.159
794000,0.030,0.791,0.178
794500,0.030,0.851,0.119
795000,0.030,0.871,0.099
795500,0.030,0.847,0.123
796000,0.030,0.836,0.134
796500,0.030,0.818,0.152
797000,0.030,0.853,0.117
797500,0.030,0.797,0.173
798000,0.030,0.829,0.141
798500,0.030,0.851,0.119
799000,0.030,0.842,0.128
799500,0.030,0.879,0.091
800000,0.030,0.855,0.115
800500,0.030,0.836,0.134
801000,0.030,0.859,0.111
801500,0.030,0.833,0.137
802000,0.030,0.865,0.105
802500,0.030,0.896,0.074
803000,0.030,0.877,0.093
803500,0.030,0.882,0.088
804000,0.030,0.865,0.105
804500,0.030,0.863,0.107
805000,0.030,0.820,0.150
805500,0.030,0.856,0.114
806000,0.030,0.861,0.109
806500,0.030,0.851,0.119
807000,0.030,0.817,0.153
807500,0.030,0.866,0.104
808000,0.030,0.825,0.145
808500,0.030,0.821,0.149
809000,0.030,0.774,0.196
809500,0.030,0.775,0.195
810000,0.030,0.826,0.144
810500,0.030,0.848,0.122
811000,0.030,0.814,0.156
811500,0.030,0.777,0.193
812000,0.030,0.758,0.212
812500,0.030,0.828,0.142
813000,0.030,0.833,0.137
813500,0.030,0.810,0.160
814000,0.030,0.810,0.160
814500,0.030,0.826,0.144
815000,0.030,0.850,0.120
815500,0.030,0.836,0.134
816000,0.030,0.844,0.126
816500,0.030,0.832,0.138
817000,0.030,0.819,0.151
817500,0.030,0.847,0.123
818000,0.030,0.814,0.156
818500,0.030,0.865,0.105
819000,0.030,0.854,0.116
819500,0.030,0.870,0.100
820000,0.030,0.860,0.110
820500,0.030,0.873,0.097
821000,0.030,0.862,0.108
821500,0.030,0.896,0.074
822000,0.030,0.866,0.104
822500,0.030,0.861,0.109
823000,0.030,0.863,0.107
823500,0.030,0.818,0.152
824000,0.030,0.856,0.114
824500,0.030,0.868,0.102
825000,0.030,0.831,0.139
825500,0.030,0.815,0.155
826000,0.030,0.831,0.139
826500,0.030,0.811,0.158
827000,0.030,0.816,0.154
827500,0.030,0.827,0.143
828000,0.030,0.849,0.121
828500,0.030,0.852,0.118
829000,0.030,0.813,0.157
829500,0.030,0.827,0.143
830000,0.030,0.836,0.134
830500,0.030,0.814,0.156
831000,0.030,0.831,0.139
831500,0.030,0.846,0.124
832000,0.030,0.879,0.091
832500,0.030,0.860,0.110
833000,0.030,0.817,0.153
833500,0.030,0.824,0.146
834000,0.030,0.837,0.133
834500,0.030,0.880,0.090
835000,0.030,0.884,0.086
835500,0.030,0.848,0.122
836000,0.030,0.862,0.108
836500,0.030,0.865,0.105
837000,0.030,0.828,0.142
837500,0.030,0.849,0.121
838000,0.030,0.847,0.123
838500,0.030,0.841,0.129
839000,0.030,0.845,0.125
839500,0.030,0.837,0.133
840000,0.030,0.847,0.123
840500,0.030,0.850,0.120
841000,0.030,0.849,0.121
841500,0.030,0.875,0.095
842000,0.030,0.820,0.150
842500,0.030,0.852,0.118
843000,0.030,0.807,0.162
843500,0.030,0.806,0.163
844000,0.030,0.855,0.115
844500,0.030,0.812,0.158
845000,0.030,0.829,0.141
845500,0.030,0.828,0.142
846000,0.030,0.847,0.123
846500,0.030,0.755,0.215
847000,0.030,0.753,0.217
847500,0.030,0.812,0.157
848000,0.030,0.789,0.181
848500,0.030,0.829,0.141
849000,0.030,0.865,0.105
849500,0.030,0.827,0.143
850000,0.030,0.838,0.132
850500,0.030,0.801,0.168
851000,0.030,0.833,0.137
851500,0.030,0.844,0.126
852000,0.030,0.834,0.136
852500,0.030,0.830,0.140
853000,0.030,0.829,0.141
853500,0.030,0.866,0.104
854000,0.030,0.882,0.088
854500,0.030,0.883,0.087
855000,0.030,0.827,0.143
855500,0.030,0.860,0.110
856000,0.030,0.867,0.103
856500,0.030,0.850,0.120
857000,0.030,0.847,0.123
857500,0.030,0.861,0.109
858000,0.030,0.876,0.094
858500,0.030,0.831,0.139
859000,0.030,0.834,0.136
859500,0.030,0.865,0.105
860000,0.030,0.867,0.103
860500,0.030,0.894,0.076
861000,0.030,0.887,0.083
861500,0.030,0.860,0.110
862000,0.030,0.867,0.103
862500,0.030,0.858,0.112
863000,0.030,0.843,0.127
863500,0.030,0.828,0.142
864000,0.030,0.851,0.119
864500,0.030,0.808,0.161
865000,0.030,0.803,0.167
865500,0.030,0.881,0.089
866000,0.030,0.876,0.094
866500,0.030,0.850,0.120
867000,0.030,0.875,0.095
867500,0.030,0.872,0.098
868000,0.030,0.836,0.134
868500,0.030,0.826,0.144
869000,0.030,0.852,0.118
869500,0.030,0.812,0.157
870000,0.030,0.824,0.146
870500,0.030,0.831,0.139
871000,0.030,0.841,0.129
871500,0.030,0.862,0.108
872000,0.030,0.842,0.128
872500,0.030,0.853,0.117
873000,0.030,0.832,0.138
873500,0.030,0.781,0.189
874000,0.030,0.781,0.189
874500,0.030,0.811,0.158
875000,0.030,0.843,0.127
875500,0.030,0.846,0.124
876000,0.030,0.857,0.113
876500,0.030,0.855,0.115
877000,0.030,0.879,0.091
877500,0.030,0.882,0.088
878000,0.030,0.819,0.151
878500,0.030,0.843,0.127
879000,0.030,0.855,0.115
879500,0.030,0.856,0.114
880000,0.030,0.848,0.122
880500,0.030,0.816,0.154
881000,0.030,0.799,0.170
881500,0.030,0.850,0.120
882000,0.030,0.805,0.165
882500,0.030,0.812,0.157
883000,0.030,0.824,0.146
883500,0.030,0.827,0.143
884000,0.030,0.829,0.141
884500,0.030,0.806,0.163
885000,0.030,0.818,0.152
885500,0.030,0.878,0.092
886000,0.030,0.831,0.139
886500,0.030,0.840,0.130
887000,0.030,0.839,0.131
887500,0.030,0.855,0.115
888000,0.030,0.842,0.128
888500,0.030,0.869,0.101
889000,0.030,0.873,0.097
889500,0.030,0.860,0.110
890000,0.030,0.876,0.094
890500,0.030,0.864,0.106
891000,0.030,0.826,0.144
891500,0.030,0.876,0.094
892000,0.030,0.885,0.085
892500,0.030,0.866,0.104
893000,0.030,0.861,0.109
893500,0.030,0.839,0.131
894000,0.030,0.870,0.100
894500,0.030,0.859,0.111
895000,0.030,0.844,0.126
895500,0.030,0.824,0.146
896000,0.030,0.832,0.138
896500,0.030,0.845,0.125
897000,0.030,0.850,0.120
897500,0.030,0.849,0.121
898000,0.030,0.858,0.112
898500,0.030,0.838,0.132
899000,0.030,0.837,0.133
899500,0.030,0.845,0.125
900000,0.030,0.864,0.106
900500,0.030,0.838,0.132
901000,0.030,0.837,0.133
901500,0.030,0.823,0.147
902000,0.030,0.815,0.155
902500,0.030,0.814,0.156
903000,0.030,0.826,0.144
903500,0.030,0.870,0.100
904000,0.030,0.872,0.098
904500,0.030,0.832,0.138
905000,0.030,0.827,0.143
905500,0.030,0.836,0.134
906000,0.030,0.831,0.139
906500,0.030,0.844,0.126
907000,0.030,0.849,0.121
907500,0.030,0.821,0.149
908000,0.030,0.858,0.112
908500,0.030,0.860,0.110
909000,0.030,0.825,0.145
909500,0.030,0.788,0.181
910000,0.030,0.800,0.170
910500,0.030,0.810,0.160
911000,0.030,0.816,0.154
911500,0.030,0.844,0.126
912000,0.030,0.885,0.085
912500,0.030,0.875,0.095
913000,0.030,0.867,0.103
913500,0.030,0.832,0.138
914000,0.030,0.846,0.124
914500,0.030,0.866,0.104
915000,0.030,0.861,0.109
915500,0.030,0.852,0.118
916000,0.030,0.851,0.119
916500,0.030,0.859,0.111
917000,0.030,0.818,0.152
917500,0.030,0.837,0.133
918000,0.030,0.835,0.135
918500,0.030,0.872,0.098
919000,0.030,0.875,0.095
919500,0.030,0.858,0.112
920000,0.030,0.860,0.110
920500,0.030,0.828,0.142
921000,0.030,0.846,0.124
921500,0.030,0.861,0.109
922000,0.030,0.826,0.144
922500,0.030,0.826,0.144
923000,0.030,0.821,0.149
923500,0.030,0.836,0.134
924000,0.030,0.833,0.137
924500,0.030,0.803,0.166
925000,0.030,0.822,0.148
925500,0.030,0.853,0.117
926000,0.030,0.842,0.128
926500,0.030,0.846,0.124
927000,0.030,0.846,0.124
927500,0.030,0.839,0.131
928000,0.030,0.808,0.161
928500,0.030,0.823,0.147
929000,0.030,0.858,0.112
929500,0.030,0.831,0.139
930000,0.030,0.841,0.129
930500,0.030,0.850,0.120
931000,0.030,0.830,0.140
931500,0.030,0.824,0.146
932000,0.030,0.809,0.160
932500,0.030,0.837,0.133
933000,0.030,0.838,0.132
933500,0.030,0.835,0.135
934000,0.030,0.819,0.151
934500,0.030,0.786,0.184
935000,0.030,0.781,0.189
935500,0.030,0.805,0.164
936000,0.030,0.809,0.161
936500,0.030,0.808,0.162
937000,0.030,0.827,0.143
937500,0.030,0.828,0.142
938000,0.030,0.806,0.163
938500,0.030,0.818,0.152
939000,0.030,0.804,0.166
939500,0.030,0.777,0.193
940000,0.030,0.823,0.147
940500,0.030,0.840,0.130
941000,0.030,0.808,0.162
941500,0.030,0.805,0.165
942000,0.030,0.853,0.117
942500,0.030,0.837,0.133
943000,0.030,0.855,0.115
943500,0.030,0.847,0.123
944000,0.030,0.862,0.108
944500,0.030,0.830,0.140
945000,0.030,0.827,0.143
945500,0.030,0.866,0.104
946000,0.030,0.899,0.071
946500,0.030,0.886,0.084
947000,0.030,0.870,0.100
947500,0.030,0.763,0.207
948000,0.030,0.777,0.193
948500,0.030,0.781,0.189
949000,0.030,0.789,0.180
949500,0.030,0.792,0.178
950000,0.030,0.769,0.201
950500,0.030,0.788,0.181
951000,0.030,0.835,0.135
951500,0.030,0.843,0.127
952000,0.030,0.872,0.098
952500,0.030,0.849,0.121
953000,0.030,0.835,0.135
953500,0.030,0.850,0.120
954000,0.030,0.851,0.119
954500,0.030,0.867,0.103
955000,0.030,0.892,0.078
955500,0.030,0.874,0.096
956000,0.030,0.822,0.148
956500,0.030,0.797,0.173
957000,0.030,0.825,0.145
957500,0.030,0.852,0.118
958000,0.030,0.872,0.098
958500,0.030,0.844,0.126
959000,0.030,0.863,0.107
959500,0.030,0.821,0.149
960000,0.030,0.744,0.226
960500,0.030,0.788,0.182
961000,0.030,0.855,0.115
961500,0.030,0.873,0.097
962000,0.030,0.867,0.103
962500,0.030,0.832,0.138
963000,0.030,0.860,0.110
963500,0.030,0.773,0.197
964000,0.030,0.818,0.152
964500,0.030,0.849,0.121
965000,0.030,0.829,0.141
965500,0.030,0.837,0.133
966000,0.030,0.869,0.101
966500,0.030,0.853,0.117
967000,0.030,0.823,0.147
967500,0.030,0.827,0.143
968000,0.030,0.859,0.111
968500,0.030,0.875,0.095
969000,0.030,0.868,0.102
969500,0.030,0.865,0.105
970000,0.030,0.876,0.094
970500,0.030,0.862,0.108
971000,0.030,0.858,0.112
971500,0.030,0.884,0.086
972000,0.030,0.897,0.073
972500,0.030,0.867,0.103
973000,0.030,0.890,0.080
973500,0.030,0.902,0.068
974000,0.030,0.875,0.095
974500,0.030,0.877,0.093
975000,0.030,0.913,0.057
975500,0.030,0.890,0.080
976000,0.030,0.838,0.132
976500,0.030,0.865,0.105
977000,0.030,0.798,0.171
977500,0.030,0.872,0.098
978000,0.030,0.854,0.116
978500,0.030,0.826,0.144
979000,0.030,0.815,0.155
979500,0.030,0.816,0.154
980000,0.030,0.837,0.133
980500,0.030,0.816,0.154
981000,0.030,0.863,0.107
981500,0.030,0.831,0.139
982000,0.030,0.804,0.165
982500,0.030,0.791,0.179
983000,0.030,0.807,0.163
983500,0.030,0.807,0.162
984000,0.030,0.816,0.154
984500,0.030,0.790,0.180
985000,0.030,0.838,0.132
985500,0.030,0.784,0.185
986000,0.030,0.820,0.150
986500,0.030,0.824,0.146
987000,0.030,0.826,0.144
987500,0.030,0.856,0.114
988000,0.030,0.861,0.109
988500,0.030,0.828,0.142
989000,0.030,0.852,0.118
989500,0.030,0.839,0.131
990000,0.030,0.775,0.195
990500,0.030,0.777,0.193
991000,0.030,0.821,0.149
991500,0.030,0.852,0.118
992000,0.030,0.831,0.139
992500,0.030,0.802,0.168
993000,0.030,0.839,0.131
993500,0.030,0.819,0.151
994000,0.030,0.831,0.139
994500,0.030,0.825,0.145
995000,0.030,0.839,0.131
995500,0.030,0.851,0.119
996000,0.030,0.812,0.158
996500,0.030,0.838,0.132
997000,0.030,0.864,0.106
997500,0.030,0.844,0.126
998000,0.030,0.816,0.154
998500,0.030,0.828,0.142
999000,0.030,0.817,0.153
999500,0.030,0.851,0.119
1000000,0.030,0.881,0.089
