time,n_A+p,n_B,n_AB
500,0.030,0.852,0.118
1000,0.030,0.835,0.135
1500,0.030,0.766,0.204
2000,0.030,0.654,0.316
2500,0.030,0.668,0.302
3000,0.030,0.640,0.330
3500,0.030,0.609,0.361
4000,0.031,0.536,0.433
4500,0.030,0.595,0.375
5000,0.030,0.550,0.420
5500,0.030,0.561,0.409
6000,0.030,0.627,0.343
6500,0.030,0.588,0.382
7000,0.033,0.585,0.382
7500,0.032,0.601,0.367
8000,0.030,0.585,0.385
8500,0.030,0.598,0.372
9000,0.030,0.621,0.349
9500,0.030,0.676,0.294
10000,0.030,0.598,0.372
10500,0.032,0.497,0.471
11000,0.030,0.547,0.423
11500,0.030,0.567,0.403
12000,0.030,0.625,0.345
12500,0.030,0.628,0.342
13000,0.030,0.682,0.288
13500,0.030,0.687,0.283
14000,0.030,0.638,0.332
14500,0.030,0.613,0.357
15000,0.030,0.534,0.436
15500,0.030,0.594,0.376
16000,0.030,0.678,0.292
16500,0.030,0.618,0.352
17000,0.030,0.604,0.366
17500,0.030,0.514,0.456
18000,0.030,0.498,0.472
18500,0.035,0.538,0.427
19000,0.030,0.579,0.391
19500,0.030,0.524,0.446
20000,0.030,0.620,0.350
20500,0.030,0.624,0.346
21000,0.030,0.570,0.400
21500,0.030,0.605,0.365
22000,0.030,0.627,0.343
22500,0.030,0.641,0.329
23000,0.030,0.585,0.385
23500,0.030,0.623,0.347
24000,0.030,0.598,0.372
24500,0.030,0.595,0.375
25000,0.030,0.616,0.354
25500,0.030,0.609,0.361
26000,0.030,0.673,0.297
26500,0.030,0.656,0.314
27000,0.030,0.613,0.357
27500,0.030,0.618,0.352
28000,0.030,0.679,0.291
28500,0.030,0.634,0.336
29000,0.030,0.631,0.339
29500,0.030,0.668,0.302
30000,0.030,0.610,0.360
30500,0.030,0.561,0.409
31000,0.033,0.487,0.480
31500,0.030,0.587,0.383
32000,0.030,0.565,0.405
32500,0.032,0.581,0.387
33000,0.030,0.615,0.355
33500,0.030,0.656,0.314
34000,0.030,0.667,0.303
34500,0.030,0.650,0.320
35000,0.030,0.661,0.309
35500,0.030,0.628,0.342
36000,0.030,0.689,0.281
36500,0.030,0.648,0.322
37000,0.030,0.589,0.381
37500,0.030,0.671,0.299
38000,0.030,0.680,0.290
38500,0.030,0.703,0.267
39000,0.030,0.684,0.286
39500,0.030,0.654,0.316
40000,0.030,0.683,0.287
40500,0.030,0.643,0.327
41000,0.030,0.669,0.301
41500,0.033,0.575,0.392
42000,0.030,0.619,0.351
42500,0.030,0.663,0.307
43000,0.030,0.679,0.291
43500,0.030,0.596,0.374
44000,0.030,0.609,0.361
44500,0.030,0.632,0.338
45000,0.033,0.615,0.352
45500,0.030,0.580,0.390
46000,0.030,0.599,0.371
46500,0.030,0.530,0.440
47000,0.030,0.579,0.391
47500,0.037,0.484,0.479
48000,0.030,0.487,0.483
48500,0.030,0.605,0.365
49000,0.030,0.579,0.391
49500,0.032,0.607,0.361
50000,0.030,0.665,0.305
50500,0.030,0.665,0.305
51000,0.030,0.597,0.373
51500,0.030,0.552,0.418
52000,0.030,0.584,0.386
52500,0.030,0.526,0.444
53000,0.030,0.558,0.412
53500,0.030,0.637,0.333
54000,0.030,0.596,0.374
54500,0.030,0.566,0.404
55000,0.035,0.577,0.388
55500,0.030,0.591,0.379
56000,0.030,0.589,0.381
56500,0.030,0.589,0.381
57000,0.030,0.675,0.295
57500,0.030,0.623,0.347
58000,0.030,0.626,0.344
58500,0.030,0.620,0.350
59000,0.030,0.682,0.288
59500,0.030,0.666,0.304
60000,0.030,0.646,0.324
60500,0.030,0.663,0.307
61000,0.030,0.638,0.332
61500,0.034,0.531,0.435
62000,0.031,0.522,0.447
62500,0.030,0.539,0.431
63000,0.030,0.526,0.444
63500,0.030,0.567,0.403
64000,0.030,0.602,0.368
64500,0.030,0.651,0.319
65000,0.030,0.693,0.277
65500,0.030,0.709,0.261
66000,0.030,0.699,0.271
66500,0.030,0.731,0.239
67000,0.035,0.643,0.322
67500,0.031,0.593,0.376
68000,0.030,0.623,0.347
68500,0.030,0.654,0.316
69000,0.031,0.606,0.363
69500,0.031,0.700,0.269
70000,0.030,0.643,0.327
70500,0.030,0.680,0.290
71000,0.030,0.649,0.321
71500,0.030,0.663,0.307
72000,0.030,0.646,0.324
72500,0.030,0.592,0.378
73000,0.030,0.564,0.406
73500,0.034,0.579,0.387
74000,0.030,0.531,0.439
74500,0.031,0.471,0.498
75000,0.032,0.528,0.440
75500,0.030,0.571,0.399
76000,0.030,0.612,0.358
76500,0.030,0.603,0.367
77000,0.030,0.622,0.348
77500,0.030,0.654,0.316
78000,0.030,0.659,0.311
78500,0.030,0.684,0.286
79000,0.030,0.673,0.297
79500,0.030,0.691,0.279
80000,0.030,0.649,0.321
80500,0.030,0.667,0.303
81000,0.030,0.651,0.319
81500,0.030,0.694,0.276
82000,0.030,0.723,0.247
82500,0.030,0.681,0.289
83000,0.030,0.691,0.279
83500,0.030,0.629,0.341
84000,0.031,0.663,0.306
84500,0.030,0.677,0.293
85000,0.030,0.547,0.423
85500,0.030,0.634,0.336
86000,0.030,0.555,0.415
86500,0.030,0.530,0.440
87000,0.030,0.590,0.380
87500,0.033,0.606,0.361
88000,0.032,0.610,0.358
88500,0.038,0.612,0.350
89000,0.030,0.653,0.317
89500,0.030,0.559,0.411
90000,0.030,0.629,0.341
90500,0.030,0.655,0.315
91000,0.030,0.620,0.350
91500,0.030,0.615,0.355
92000,0.034,0.552,0.414
92500,0.032,0.489,0.479
93000,0.037,0.489,0.474
93500,0.030,0.485,0.485
94000,0.040,0.497,0.463
94500,0.032,0.621,0.347
95000,0.030,0.639,0.331
95500,0.030,0.573,0.397
96000,0.030,0.608,0.362
96500,0.030,0.619,0.351
97000,0.030,0.609,0.361
97500,0.030,0.645,0.325
98000,0.030,0.678,0.292
98500,0.030,0.641,0.329
99000,0.030,0.621,0.349
99500,0.035,0.566,0.399
100000,0.031,0.576,0.393
100500,0.033,0.609,0.358
101000,0.031,0.579,0.390
101500,0.030,0.587,0.383
102000,0.030,0.627,0.343
102500,0.030,0.639,0.331
103000,0.030,0.601,0.369
103500,0.030,0.615,0.355
104000,0.030,0.591,0.379
104500,0.030,0.603,0.367
105000,0.030,0.600,0.370
105500,0.030,0.577,0.393
106000,0.038,0.550,0.412
106500,0.030,0.601,0.369
107000,0.030,0.617,0.353
107500,0.030,0.597,0.373
108000,0.030,0.618,0.352
108500,0.030,0.584,0.386
109000,0.030,0.577,0.393
109500,0.030,0.599,0.371
110000,0.035,0.483,0.482
110500,0.033,0.496,0.471
111000,0.039,0.495,0.466
111500,0.035,0.530,0.435
112000,0.037,0.506,0.457
112500,0.030,0.557,0.413
113000,0.030,0.635,0.335
113500,0.030,0.631,0.339
114000,0.030,0.554,0.416
114500,0.030,0.573,0.397
115000,0.030,0.615,0.355
115500,0.032,0.552,0.416
116000,0.030,0.619,0.351
116500,0.030,0.646,0.324
117000,0.032,0.564,0.404
117500,0.030,0.589,0.381
118000,0.030,0.587,0.383
118500,0.030,0.583,0.387
119000,0.030,0.611,0.359
119500,0.030,0.548,0.422
120000,0.030,0.591,0.379
120500,0.030,0.624,0.346
121000,0.030,0.621,0.349
121500,0.030,0.619,0.351
122000,0.030,0.514,0.456
122500,0.030,0.577,0.393
123000,0.030,0.519,0.451
123500,0.030,0.596,0.374
124000,0.033,0.585,0.382
124500,0.030,0.573,0.397
125000,0.037,0.596,0.367
125500,0.032,0.649,0.319
126000,0.030,0.646,0.324
126500,0.030,0.674,0.296
127000,0.030,0.599,0.371
127500,0.030,0.624,0.346
128000,0.030,0.663,0.307
128500,0.030,0.691,0.279
129000,0.030,0.636,0.334
129500,0.030,0.598,0.372
130000,0.030,0.546,0.424
130500,0.033,0.547,0.420
131000,0.036,0.569,0.395
131500,0.035,0.543,0.422
132000,0.030,0.525,0.445
132500,0.030,0.572,0.398
133000,0.030,0.560,0.410
133500,0.030,0.614,0.356
134000,0.030,0.597,0.373
134500,0.030,0.613,0.357
135000,0.030,0.641,0.329
135500,0.031,0.607,0.362
136000,0.030,0.637,0.333
136500,0.030,0.633,0.337
137000,0.030,0.652,0.318
137500,0.030,0.717,0.253
138000,0.030,0.587,0.383
138500,0.030,0.660,0.310
139000,0.030,0.636,0.334
139500,0.030,0.636,0.334
140000,0.030,0.632,0.338
140500,0.030,0.631,0.339
141000,0.030,0.619,0.351
141500,0.030,0.597,0.373
142000,0.030,0.616,0.354
142500,0.030,0.660,0.310
143000,0.034,0.604,0.362
143500,0.030,0.593,0.377
144000,0.030,0.618,0.352
144500,0.036,0.561,0.403
145000,0.045,0.537,0.418
145500,0.032,0.508,0.460
146000,0.030,0.584,0.386
146500,0.030,0.633,0.337
147000,0.030,0.632,0.338
147500,0.030,0.600,0.370
148000,0.030,0.588,0.382
148500,0.030,0.642,0.328
149000,0.030,0.676,0.294
149500,0.030,0.630,0.340
150000,0.030,0.580,0.390
150500,0.030,0.558,0.412
151000,0.030,0.632,0.338
151500,0.030,0.589,0.381
152000,0.030,0.605,0.365
152500,0.030,0.597,0.373
153000,0.030,0.567,0.403
153500,0.030,0.579,0.391
154000,0.034,0.579,0.387
154500,0.031,0.572,0.397
155000,0.030,0.633,0.337
155500,0.030,0.641,0.329
156000,0.030,0.614,0.356
156500,0.034,0.628,0.338
157000,0.030,0.612,0.358
157500,0.030,0.621,0.349
158000,0.030,0.547,0.423
158500,0.030,0.615,0.355
159000,0.032,0.598,0.370
159500,0.039,0.588,0.373
160000,0.032,0.634,0.334
160500,0.030,0.635,0.335
161000,0.030,0.653,0.317
161500,0.034,0.565,0.401
162000,0.030,0.595,0.375
162500,0.030,0.583,0.387
163000,0.030,0.636,0.334
163500,0.030,0.626,0.344
164000,0.030,0.622,0.348
164500,0.030,0.583,0.387
165000,0.030,0.512,0.458
165500,0.030,0.588,0.382
166000,0.030,0.664,0.306
166500,0.030,0.612,0.358
167000,0.030,0.619,0.351
167500,0.030,0.581,0.389
168000,0.030,0.621,0.349
168500,0.037,0.629,0.334
169000,0.031,0.586,0.383
169500,0.030,0.611,0.359
170000,0.030,0.587,0.383
170500,0.030,0.616,0.354
171000,0.030,0.597,0.373
171500,0.030,0.607,0.363
172000,0.030,0.637,0.333
172500,0.030,0.636,0.334
173000,0.030,0.636,0.334
173500,0.030,0.597,0.373
174000,0.030,0.535,0.435
174500,0.030,0.598,0.372
175000,0.030,0.579,0.391
175500,0.030,0.636,0.334
176000,0.030,0.580,0.390
176500,0.030,0.686,0.284
177000,0.030,0.614,0.356
177500,0.030,0.591,0.379
178000,0.030,0.624,0.346
178500,0.030,0.646,0.324
179000,0.030,0.683,0.287
179500,0.030,0.670,0.300
180000,0.030,0.641,0.329
180500,0.030,0.713,0.257
181000,0.036,0.658,0.306
181500,0.032,0.612,0.356
182000,0.030,0.637,0.333
182500,0.032,0.609,0.359
183000,0.036,0.610,0.354
183500,0.030,0.669,0.301
184000,0.030,0.625,0.345
184500,0.030,0.592,0.378
185000,0.030,0.591,0.379
185500,0.030,0.657,0.313
186000,0.030,0.606,0.364
186500,0.030,0.638,0.332
187000,0.030,0.609,0.361
187500,0.030,0.666,0.304
188000,0.030,0.609,0.361
188500,0.030,0.624,0.346
189000,0.030,0.595,0.375
189500,0.030,0.615,0.355
190000,0.032,0.535,0.433
190500,0.030,0.515,0.455
191000,0.030,0.658,0.312
191500,0.030,0.694,0.276
192000,0.030,0.668,0.302
192500,0.030,0.690,0.280
193000,0.030,0.681,0.289
193500,0.030,0.601,0.369
194000,0.030,0.608,0.362
194500,0.030,0.549,0.421
195000,0.030,0.499,0.471
195500,0.030,0.590,0.380
196000,0.038,0.569,0.393
196500,0.037,0.526,0.437
197000,0.031,0.560,0.409
197500,0.030,0.657,0.313
198000,0.031,0.606,0.363
198500,0.030,0.573,0.397
199000,0.031,0.544,0.425
199500,0.031,0.609,0.360
200000,0.030,0.554,0.416
200500,0.030,0.582,0.388
201000,0.030,0.620,0.350
201500,0.030,0.619,0.351
202000,0.030,0.608,0.362
202500,0.030,0.589,0.381
203000,0.030,0.592,0.378
203500,0.030,0.615,0.355
204000,0.030,0.610,0.360
204500,0.030,0.601,0.369
205000,0.030,0.526,0.444
205500,0.030,0.567,0.403
206000,0.030,0.619,0.351
206500,0.030,0.552,0.418
207000,0.034,0.545,0.421
207500,0.034,0.548,0.418
208000,0.030,0.561,0.409
208500,0.030,0.558,0.412
209000,0.030,0.586,0.384
209500,0.034,0.674,0.292
210000,0.030,0.639,0.331
210500,0.030,0.587,0.383
211000,0.030,0.593,0.377
211500,0.030,0.577,0.393
212000,0.030,0.575,0.395
212500,0.030,0.613,0.357
213000,0.034,0.638,0.328
213500,0.037,0.606,0.357
214000,0.031,0.640,0.329
214500,0.030,0.573,0.397
215000,0.030,0.619,0.351
215500,0.030,0.676,0.294
216000,0.030,0.651,0.319
216500,0.030,0.657,0.313
217000,0.030,0.699,0.271
217500,0.030,0.688,0.282
218000,0.030,0.636,0.334
218500,0.030,0.629,0.341
219000,0.030,0.671,0.299
219500,0.030,0.696,0.274
220000,0.030,0.685,0.285
220500,0.030,0.666,0.304
221000,0.031,0.650,0.319
221500,0.030,0.603,0.367
222000,0.037,0.642,0.321
222500,0.030,0.695,0.275
223000,0.030,0.696,0.274
223500,0.030,0.686,0.284
224000,0.030,0.675,0.295
224500,0.030,0.619,0.351
225000,0.030,0.617,0.353
225500,0.030,0.619,0.351
226000,0.030,0.624,0.346
226500,0.030,0.589,0.381
227000,0.030,0.539,0.431
227500,0.030,0.570,0.400
228000,0.030,0.596,0.374
228500,0.030,0.498,0.472
229000,0.030,0.568,0.402
229500,0.030,0.625,0.345
230000,0.030,0.655,0.315
230500,0.030,0.643,0.327
231000,0.030,0.699,0.271
231500,0.030,0.732,0.238
232000,0.030,0.582,0.388
232500,0.030,0.640,0.330
233000,0.030,0.590,0.380
233500,0.030,0.633,0.337
234000,0.030,0.606,0.364
234500,0.030,0.654,0.316
235000,0.030,0.694,0.276
235500,0.030,0.657,0.313
236000,0.030,0.638,0.332
236500,0.030,0.610,0.360
237000,0.030,0.604,0.366
237500,0.030,0.561,0.409
238000,0.030,0.596,0.374
238500,0.032,0.590,0.378
239000,0.030,0.558,0.412
239500,0.030,0.560,0.410
240000,0.031,0.662,0.307
240500,0.030,0.587,0.383
241000,0.032,0.584,0.384
241500,0.030,0.562,0.408
242000,0.030,0.577,0.393
242500,0.033,0.638,0.329
243000,0.031,0.629,0.340
243500,0.032,0.558,0.410
244000,0.030,0.641,0.329
244500,0.030,0.586,0.384
245000,0.030,0.655,0.315
245500,0.036,0.662,0.302
246000,0.031,0.705,0.264
246500,0.031,0.645,0.324
247000,0.030,0.648,0.322
247500,0.030,0.620,0.350
248000,0.030,0.635,0.335
248500,0.030,0.614,0.356
249000,0.030,0.562,0.408
249500,0.030,0.560,0.410
250000,0.031,0.563,0.406
250500,0.034,0.559,0.407
251000,0.031,0.592,0.377
251500,0.032,0.597,0.371
252000,0.034,0.565,0.401
252500,0.031,0.606,0.363
253000,0.031,0.624,0.345
253500,0.030,0.630,0.340
254000,0.030,0.593,0.377
254500,0.030,0.648,0.322
255000,0.030,0.621,0.349
255500,0.030,0.653,0.317
256000,0.030,0.593,0.377
256500,0.030,0.634,0.336
257000,0.030,0.608,0.362
257500,0.030,0.580,0.390
258000,0.030,0.529,0.441
258500,0.034,0.578,0.388
259000,0.036,0.520,0.444
259500,0.030,0.626,0.344
260000,0.030,0.614,0.356
260500,0.030,0.626,0.344
261000,0.030,0.670,0.300
261500,0.030,0.657,0.313
262000,0.030,0.674,0.296
262500,0.030,0.664,0.306
263000,0.030,0.632,0.338
263500,0.030,0.598,0.372
264000,0.030,0.661,0.309
264500,0.030,0.620,0.350
265000,0.030,0.605,0.365
265500,0.030,0.665,0.305
266000,0.030,0.674,0.296
266500,0.030,0.705,0.265
267000,0.030,0.692,0.278
267500,0.030,0.681,0.289
268000,0.030,0.638,0.332
268500,0.030,0.668,0.302
269000,0.030,0.582,0.388
269500,0.030,0.586,0.384
270000,0.030,0.596,0.374
270500,0.030,0.616,0.354
271000,0.030,0.626,0.344
271500,0.033,0.541,0.426
272000,0.031,0.522,0.447
272500,0.030,0.539,0.431
273000,0.033,0.569,0.398
273500,0.030,0.567,0.403
274000,0.034,0.579,0.387
274500,0.030,0.568,0.402
275000,0.032,0.536,0.432
275500,0.030,0.587,0.383
276000,0.030,0.671,0.299
276500,0.030,0.725,0.245
277000,0.030,0.664,0.306
277500,0.035,0.700,0.265
278000,0.030,0.598,0.372
278500,0.030,0.659,0.311
279000,0.030,0.673,0.297
279500,0.034,0.652,0.314
280000,0.030,0.667,0.303
280500,0.030,0.574,0.396
281000,0.030,0.631,0.339
281500,0.030,0.645,0.325
282000,0.034,0.648,0.318
282500,0.030,0.627,0.343
283000,0.030,0.618,0.352
283500,0.035,0.588,0.377
284000,0.030,0.589,0.381
284500,0.030,0.571,0.399
285000,0.032,0.460,0.508
285500,0.034,0.473,0.493
286000,0.030,0.518,0.452
286500,0.030,0.549,0.421
287000,0.030,0.652,0.318
287500,0.030,0.644,0.326
288000,0.030,0.655,0.315
288500,0.030,0.609,0.361
289000,0.037,0.612,0.351
289500,0.031,0.560,0.409
290000,0.032,0.568,0.400
290500,0.031,0.605,0.364
291000,0.030,0.591,0.379
291500,0.030,0.584,0.386
292000,0.030,0.579,0.391
292500,0.031,0.550,0.419
293000,0.030,0.534,0.436
293500,0.033,0.588,0.379
294000,0.031,0.616,0.353
294500,0.030,0.652,0.318
295000,0.030,0.652,0.318
295500,0.030,0.579,0.391
296000,0.030,0.696,0.274
296500,0.030,0.615,0.355
297000,0.030,0.648,0.322
297500,0.034,0.488,0.478
298000,0.031,0.475,0.494
298500,0.034,0.596,0.370
299000,0.030,0.544,0.426
299500,0.030,0.613,0.357
300000,0.030,0.575,0.395
300500,0.030,0.548,0.422
301000,0.030,0.518,0.452
301500,0.030,0.613,0.357
302000,0.030,0.611,0.359
302500,0.033,0.551,0.416
303000,0.031,0.572,0.397
303500,0.030,0.586,0.384
304000,0.030,0.516,0.454
304500,0.030,0.692,0.278
305000,0.030,0.653,0.317
305500,0.030,0.601,0.369
306000,0.031,0.572,0.397
306500,0.030,0.654,0.316
307000,0.030,0.627,0.343
307500,0.030,0.598,0.372
308000,0.030,0.560,0.410
308500,0.030,0.585,0.385
309000,0.030,0.620,0.350
309500,0.030,0.561,0.409
310000,0.036,0.540,0.424
310500,0.030,0.528,0.442
311000,0.030,0.547,0.423
311500,0.030,0.567,0.403
312000,0.030,0.599,0.371
312500,0.030,0.617,0.353
313000,0.030,0.591,0.379
313500,0.030,0.555,0.415
314000,0.030,0.594,0.376
314500,0.031,0.579,0.390
315000,0.030,0.660,0.310
315500,0.030,0.679,0.291
316000,0.030,0.620,0.350
316500,0.030,0.698,0.272
317000,0.030,0.641,0.329
317500,0.030,0.620,0.350
318000,0.030,0.590,0.380
318500,0.030,0.672,0.298
319000,0.030,0.630,0.340
319500,0.030,0.597,0.373
320000,0.031,0.571,0.398
320500,0.030,0.651,0.319
321000,0.030,0.673,0.297
321500,0.030,0.698,0.272
322000,0.030,0.681,0.289
322500,0.030,0.660,0.310
323000,0.030,0.644,0.326
323500,0.030,0.676,0.294
324000,0.030,0.621,0.349
324500,0.030,0.632,0.338
325000,0.030,0.653,0.317
325500,0.030,0.539,0.431
326000,0.030,0.568,0.402
326500,0.030,0.539,0.431
327000,0.030,0.503,0.467
327500,0.030,0.507,0.463
328000,0.031,0.558,0.411
328500,0.032,0.518,0.450
329000,0.031,0.565,0.404
329500,0.030,0.589,0.381
330000,0.030,0.562,0.408
330500,0.030,0.602,0.368
331000,0.030,0.605,0.365
331500,0.030,0.614,0.356
332000,0.030,0.655,0.315
332500,0.030,0.670,0.300
333000,0.030,0.657,0.313
333500,0.033,0.570,0.397
334000,0.030,0.613,0.357
334500,0.030,0.628,0.342
335000,0.030,0.592,0.378
335500,0.030,0.604,0.366
336000,0.030,0.637,0.333
336500,0.030,0.649,0.321
337000,0.030,0.668,0.302
337500,0.030,0.693,0.277
338000,0.030,0.726,0.244
338500,0.030,0.620,0.350
339000,0.039,0.614,0.347
339500,0.033,0.517,0.450
340000,0.031,0.591,0.378
340500,0.030,0.629,0.341
341000,0.030,0.699,0.271
341500,0.030,0.589,0.381
342000,0.030,0.620,0.350
342500,0.030,0.622,0.348
343000,0.030,0.586,0.384
343500,0.030,0.608,0.362
344000,0.030,0.612,0.358
344500,0.030,0.617,0.353
345000,0.030,0.661,0.309
345500,0.030,0.643,0.327
346000,0.030,0.577,0.393
346500,0.030,0.595,0.375
347000,0.030,0.578,0.392
347500,0.030,0.669,0.301
348000,0.030,0.685,0.285
348500,0.030,0.719,0.251
349000,0.030,0.691,0.279
349500,0.030,0.741,0.229
350000,0.030,0.747,0.223
350500,0.030,0.679,0.291
351000,0.030,0.640,0.330
351500,0.032,0.657,0.311
352000,0.030,0.564,0.406
352500,0.030,0.595,0.375
353000,0.030,0.584,0.386
353500,0.030,0.584,0.386
354000,0.030,0.605,0.365
354500,0.030,0.619,0.351
355000,0.030,0.609,0.361
355500,0.030,0.596,0.374
356000,0.032,0.616,0.352
356500,0.030,0.647,0.323
357000,0.030,0.618,0.352
357500,0.030,0.609,0.361
358000,0.030,0.585,0.385
358500,0.030,0.613,0.357
359000,0.030,0.586,0.384
359500,0.030,0.653,0.317
360000,0.030,0.683,0.287
360500,0.030,0.636,0.334
361000,0.030,0.629,0.341
361500,0.030,0.576,0.394
362000,0.035,0.597,0.368
362500,0.031,0.614,0.355
363000,0.031,0.594,0.375
363500,0.030,0.557,0.413
364000,0.030,0.600,0.370
364500,0.030,0.689,0.281
365000,0.030,0.645,0.325
365500,0.030,0.600,0.370
366000,0.032,0.548,0.420
366500,0.030,0.534,0.436
367000,0.032,0.604,0.364
367500,0.030,0.678,0.292
368000,0.030,0.615,0.355
368500,0.030,0.640,0.330
369000,0.030,0.618,0.352
369500,0.030,0.595,0.375
370000,0.030,0.653,0.317
370500,0.030,0.664,0.306
371000,0.030,0.583,0.387
371500,0.030,0.576,0.394
372000,0.030,0.618,0.352
372500,0.030,0.588,0.382
373000,0.030,0.620,0.350
373500,0.030,0.662,0.308
374000,0.030,0.647,0.323
374500,0.030,0.664,0.306
375000,0.030,0.606,0.364
375500,0.030,0.631,0.339
376000,0.030,0.607,0.363
376500,0.031,0.665,0.304
377000,0.030,0.688,0.282
377500,0.030,0.617,0.353
378000,0.030,0.657,0.313
378500,0.034,0.605,0.361
379000,0.031,0.558,0.411
379500,0.030,0.582,0.388
380000,0.030,0.684,0.286
380500,0.030,0.643,0.327
381000,0.030,0.653,0.317
381500,0.030,0.665,0.305
382000,0.030,0.667,0.303
382500,0.033,0.565,0.402
383000,0.030,0.582,0.388
383500,0.030,0.650,0.320
384000,0.030,0.650,0.320
384500,0.030,0.623,0.347
385000,0.030,0.682,0.288
385500,0.030,0.562,0.408
386000,0.030,0.630,0.340
386500,0.030,0.683,0.287
387000,0.030,0.649,0.321
387500,0.030,0.645,0.325
388000,0.030,0.638,0.332
388500,0.030,0.573,0.397
389000,0.030,0.594,0.376
389500,0.030,0.586,0.384
390000,0.030,0.635,0.335
390500,0.030,0.651,0.319
391000,0.035,0.560,0.405
391500,0.036,0.539,0.425
392000,0.030,0.525,0.445
392500,0.030,0.509,0.461
393000,0.032,0.541,0.427
393500,0.030,0.560,0.410
394000,0.030,0.617,0.353
394500,0.030,0.598,0.372
395000,0.030,0.651,0.319
395500,0.030,0.671,0.299
396000,0.035,0.656,0.309
396500,0.030,0.612,0.358
397000,0.030,0.574,0.396
397500,0.030,0.606,0.364
398000,0.030,0.661,0.309
398500,0.030,0.630,0.340
399000,0.030,0.707,0.263
399500,0.032,0.636,0.332
400000,0.030,0.689,0.281
400500,0.030,0.666,0.304
401000,0.030,0.647,0.323
401500,0.030,0.606,0.364
402000,0.030,0.656,0.314
402500,0.030,0.551,0.419
403000,0.030,0.642,0.328
403500,0.030,0.613,0.357
404000,0.033,0.573,0.394
404500,0.031,0.617,0.352
405000,0.033,0.660,0.307
405500,0.033,0.676,0.291
406000,0.031,0.680,0.289
406500,0.030,0.655,0.315
407000,0.030,0.646,0.324
407500,0.030,0.687,0.283
408000,0.030,0.583,0.387
408500,0.030,0.622,0.348
409000,0.030,0.605,0.365
409500,0.030,0.640,0.330
410000,0.030,0.557,0.413
410500,0.035,0.595,0.370
411000,0.030,0.607,0.363
411500,0.035,0.609,0.356
412000,0.030,0.586,0.384
412500,0.033,0.589,0.378
413000,0.030,0.590,0.380
413500,0.030,0.595,0.375
414000,0.030,0.576,0.394
414500,0.030,0.641,0.329
415000,0.030,0.671,0.299
415500,0.030,0.669,0.301
416000,0.030,0.713,0.257
416500,0.030,0.678,0.292
417000,0.030,0.684,0.286
417500,0.030,0.635,0.335
418000,0.030,0.619,0.351
418500,0.037,0.571,0.392
419000,0.031,0.593,0.376
419500,0.031,0.625,0.344
420000,0.030,0.667,0.303
420500,0.030,0.678,0.292
421000,0.030,0.625,0.345
421500,0.030,0.631,0.339
422000,0.030,0.646,0.324
422500,0.035,0.583,0.382
423000,0.046,0.461,0.493
423500,0.031,0.475,0.494
424000,0.035,0.523,0.442
424500,0.030,0.546,0.424
425000,0.030,0.589,0.381
425500,0.030,0.585,0.385
426000,0.030,0.643,0.327
426500,0.030,0.704,0.266
427000,0.030,0.741,0.229
427500,0.030,0.700,0.270
428000,0.030,0.706,0.264
428500,0.030,0.717,0.253
429000,0.030,0.668,0.302
429500,0.030,0.650,0.320
430000,0.030,0.604,0.366
430500,0.030,0.630,0.340
431000,0.030,0.668,0.302
431500,0.030,0.637,0.333
432000,0.030,0.582,0.388
432500,0.030,0.579,0.391
433000,0.036,0.540,0.424
433500,0.030,0.590,0.380
434000,0.030,0.594,0.376
434500,0.030,0.589,0.381
435000,0.030,0.628,0.342
435500,0.030,0.538,0.432
436000,0.035,0.521,0.444
436500,0.031,0.475,0.494
437000,0.031,0.480,0.489
437500,0.030,0.567,0.403
438000,0.030,0.551,0.419
438500,0.030,0.583,0.387
439000,0.030,0.552,0.418
439500,0.030,0.573,0.397
440000,0.032,0.599,0.369
440500,0.030,0.558,0.412
441000,0.031,0.560,0.409
441500,0.030,0.452,0.518
442000,0.030,0.495,0.475
442500,0.030,0.503,0.467
443000,0.036,0.516,0.448
443500,0.032,0.563,0.405
444000,0.030,0.591,0.379
444500,0.036,0.551,0.413
445000,0.030,0.538,0.432
445500,0.030,0.575,0.395
446000,0.030,0.591,0.379
446500,0.030,0.609,0.361
447000,0.030,0.612,0.358
447500,0.030,0.695,0.275
448000,0.030,0.635,0.335
448500,0.030,0.607,0.363
449000,0.030,0.659,0.311
449500,0.030,0.673,0.297
450000,0.030,0.658,0.312
450500,0.030,0.649,0.321
451000,0.037,0.581,0.382
451500,0.030,0.583,0.387
452000,0.030,0.580,0.390
452500,0.030,0.556,0.414
453000,0.030,0.575,0.395
453500,0.030,0.641,0.329
454000,0.030,0.560,0.410
454500,0.035,0.488,0.477
455000,0.030,0.530,0.440
455500,0.030,0.547,0.423
456000,0.030,0.682,0.288
456500,0.030,0.642,0.328
457000,0.030,0.622,0.348
457500,0.030,0.660,0.310
458000,0.030,0.638,0.332
458500,0.030,0.561,0.409
459000,0.030,0.575,0.395
459500,0.030,0.551,0.419
460000,0.032,0.522,0.446
460500,0.030,0.694,0.276
461000,0.030,0.611,0.359
461500,0.030,0.624,0.346
462000,0.030,0.575,0.395
462500,0.030,0.543,0.427
463000,0.030,0.565,0.405
463500,0.030,0.539,0.431
464000,0.030,0.463,0.507
464500,0.030,0.555,0.415
465000,0.030,0.571,0.399
465500,0.030,0.644,0.326
466000,0.030,0.641,0.329
466500,0.030,0.545,0.425
467000,0.030,0.542,0.428
467500,0.030,0.549,0.421
468000,0.030,0.568,0.402
468500,0.031,0.629,0.340
469000,0.030,0.646,0.324
469500,0.030,0.667,0.303
470000,0.030,0.623,0.347
470500,0.030,0.617,0.353
471000,0.030,0.607,0.363
471500,0.034,0.525,0.441
472000,0.032,0.545,0.423
472500,0.030,0.630,0.340
473000,0.030,0.674,0.296
473500,0.030,0.657,0.313
474000,0.030,0.672,0.298
474500,0.030,0.537,0.433
475000,0.030,0.569,0.401
475500,0.030,0.622,0.348
476000,0.030,0.601,0.369
476500,0.030,0.620,0.350
477000,0.030,0.629,0.341
477500,0.030,0.612,0.358
478000,0.030,0.502,0.468
478500,0.037,0.515,0.448
479000,0.031,0.539,0.430
479500,0.030,0.550,0.420
480000,0.030,0.580,0.390
480500,0.030,0.601,0.369
481000,0.030,0.668,0.302
481500,0.030,0.655,0.315
482000,0.030,0.662,0.308
482500,0.030,0.585,0.385
483000,0.030,0.611,0.359
483500,0.030,0.611,0.359
484000,0.030,0.678,0.292
484500,0.030,0.587,0.383
485000,0.032,0.530,0.438
485500,0.030,0.564,0.406
486000,0.030,0.658,0.312
486500,0.030,0.665,0.305
487000,0.035,0.635,0.330
487500,0.030,0.582,0.388
488000,0.030,0.666,0.304
488500,0.030,0.690,0.280
489000,0.030,0.685,0.285
489500,0.030,0.560,0.410
490000,0.030,0.528,0.442
490500,0.031,0.516,0.453
491000,0.030,0.593,0.377
491500,0.030,0.585,0.385
492000,0.030,0.580,0.390
492500,0.030,0.636,0.334
493000,0.033,0.576,0.391
493500,0.033,0.575,0.392
494000,0.030,0.640,0.330
494500,0.030,0.641,0.329
495000,0.030,0.652,0.318
495500,0.030,0.699,0.271
496000,0.030,0.677,0.293
496500,0.030,0.634,0.336
497000,0.036,0.563,0.401
497500,0.037,0.470,0.493
498000,0.040,0.520,0.440
498500,0.034,0.617,0.349
499000,0.034,0.551,0.415
499500,0.030,0.565,0.405
500000,0.030,0.637,0.333
500500,0.030,0.606,0.364
501000,0.030,0.650,0.320
501500,0.030,0.686,0.284
502000,0.030,0.631,0.339
502500,0.030,0.622,0.348
503000,0.039,0.546,0.415
503500,0.034,0.661,0.305
504000,0.031,0.625,0.344
504500,0.030,0.629,0.341
505000,0.030,0.607,0.363
505500,0.030,0.549,0.421
506000,0.030,0.532,0.438
506500,0.030,0.588,0.382
507000,0.030,0.585,0.385
507500,0.030,0.598,0.372
508000,0.030,0.559,0.411
508500,0.038,0.540,0.422
509000,0.031,0.570,0.399
509500,0.033,0.686,0.281
510000,0.031,0.675,0.294
510500,0.030,0.599,0.371
511000,0.030,0.624,0.346
511500,0.030,0.633,0.337
512000,0.030,0.641,0.329
512500,0.033,0.670,0.297
513000,0.030,0.636,0.334
513500,0.030,0.645,0.325
514000,0.030,0.632,0.338
514500,0.030,0.653,0.317
515000,0.030,0.630,0.340
515500,0.030,0.632,0.338
516000,0.030,0.634,0.336
516500,0.030,0.582,0.388
517000,0.030,0.646,0.324
517500,0.030,0.610,0.360
518000,0.030,0.537,0.433
518500,0.031,0.519,0.450
519000,0.032,0.500,0.468
519500,0.030,0.546,0.424
520000,0.035,0.622,0.343
520500,0.031,0.601,0.368
521000,0.030,0.619,0.351
521500,0.030,0.598,0.372
522000,0.030,0.606,0.364
522500,0.030,0.653,0.317
523000,0.030,0.636,0.334
523500,0.030,0.628,0.342
524000,0.030,0.550,0.420
524500,0.030,0.560,0.410
525000,0.030,0.556,0.414
525500,0.030,0.554,0.416
526000,0.035,0.624,0.341
526500,0.030,0.574,0.396
527000,0.030,0.590,0.380
527500,0.030,0.524,0.446
528000,0.030,0.545,0.425
528500,0.031,0.585,0.384
529000,0.030,0.617,0.353
529500,0.030,0.634,0.336
530000,0.030,0.638,0.332
530500,0.030,0.617,0.353
531000,0.030,0.659,0.311
531500,0.030,0.665,0.305
532000,0.030,0.642,0.328
532500,0.030,0.624,0.346
533000,0.030,0.656,0.314
533500,0.030,0.697,0.273
534000,0.030,0.657,0.313
534500,0.030,0.630,0.340
535000,0.030,0.607,0.363
535500,0.030,0.630,0.340
536000,0.030,0.650,0.320
536500,0.030,0.612,0.358
537000,0.030,0.602,0.368
537500,0.030,0.650,0.320
538000,0.030,0.671,0.299
538500,0.036,0.570,0.394
539000,0.032,0.503,0.465
539500,0.035,0.520,0.445
540000,0.030,0.615,0.355
540500,0.030,0.622,0.348
541000,0.030,0.644,0.326
541500,0.030,0.631,0.339
542000,0.030,0.586,0.384
542500,0.030,0.648,0.322
543000,0.030,0.655,0.315
543500,0.030,0.664,0.306
544000,0.030,0.612,0.358
544500,0.030,0.547,0.423
545000,0.031,0.548,0.421
545500,0.030,0.484,0.486
546000,0.048,0.540,0.412
546500,0.036,0.499,0.465
547000,0.037,0.529,0.434
547500,0.032,0.619,0.349
548000,0.030,0.605,0.365
548500,0.031,0.568,0.401
549000,0.031,0.585,0.384
549500,0.030,0.591,0.379
550000,0.030,0.682,0.288
550500,0.030,0.680,0.290
551000,0.030,0.620,0.350
551500,0.030,0.598,0.372
552000,0.032,0.646,0.322
552500,0.032,0.641,0.327
553000,0.030,0.640,0.330
553500,0.030,0.651,0.319
554000,0.030,0.514,0.456
554500,0.030,0.628,0.342
555000,0.032,0.576,0.392
555500,0.030,0.628,0.342
556000,0.030,0.637,0.333
556500,0.030,0.663,0.307
557000,0.030,0.621,0.349
557500,0.030,0.598,0.372
558000,0.030,0.637,0.333
558500,0.030,0.633,0.337
559000,0.030,0.618,0.352
559500,0.030,0.587,0.383
560000,0.030,0.650,0.320
560500,0.030,0.639,0.331
561000,0.033,0.618,0.349
561500,0.037,0.496,0.467
562000,0.030,0.550,0.420
562500,0.030,0.578,0.392
563000,0.030,0.628,0.342
563500,0.030,0.681,0.289
564000,0.030,0.661,0.309
564500,0.030,0.602,0.368
565000,0.031,0.610,0.359
565500,0.030,0.656,0.314
566000,0.030,0.653,0.317
566500,0.030,0.664,0.306
567000,0.030,0.607,0.363
567500,0.030,0.607,0.363
568000,0.030,0.657,0.313
568500,0.034,0.592,0.374
569000,0.031,0.572,0.397
569500,0.030,0.618,0.352
570000,0.030,0.567,0.403
570500,0.037,0.509,0.454
571000,0.039,0.536,0.425
571500,0.031,0.635,0.334
572000,0.030,0.604,0.366
572500,0.032,0.623,0.345
573000,0.031,0.555,0.414
573500,0.030,0.615,0.355
574000,0.030,0.491,0.479
574500,0.036,0.542,0.422
575000,0.032,0.568,0.400
575500,0.030,0.613,0.357
576000,0.030,0.615,0.355
576500,0.030,0.575,0.395
577000,0.030,0.667,0.303
577500,0.030,0.659,0.311
578000,0.030,0.694,0.276
578500,0.030,0.662,0.308
579000,0.030,0.690,0.280
579500,0.030,0.637,0.333
580000,0.030,0.626,0.344
580500,0.030,0.574,0.396
581000,0.030,0.551,0.419
581500,0.030,0.633,0.337
582000,0.030,0.618,0.352
582500,0.030,0.647,0.323
583000,0.030,0.616,0.354
583500,0.030,0.669,0.301
584000,0.030,0.619,0.351
584500,0.030,0.674,0.296
585000,0.030,0.677,0.293
585500,0.030,0.683,0.287
586000,0.030,0.665,0.305
586500,0.030,0.686,0.284
587000,0.030,0.687,0.283
587500,0.030,0.627,0.343
588000,0.030,0.633,0.337
588500,0.030,0.625,0.345
589000,0.030,0.627,0.343
589500,0.033,0.537,0.430
590000,0.032,0.561,0.407
590500,0.030,0.543,0.427
591000,0.030,0.600,0.370
591500,0.030,0.560,0.410
592000,0.037,0.593,0.370
592500,0.030,0.606,0.364
593000,0.030,0.616,0.354
593500,0.030,0.655,0.315
594000,0.030,0.611,0.359
594500,0.030,0.675,0.295
595000,0.030,0.640,0.330
595500,0.030,0.630,0.340
596000,0.030,0.614,0.356
596500,0.032,0.523,0.445
597000,0.034,0.514,0.452
597500,0.037,0.459,0.504
598000,0.048,0.472,0.480
598500,0.043,0.497,0.460
599000,0.031,0.520,0.449
599500,0.030,0.625,0.345
600000,0.036,0.538,0.426
600500,0.038,0.481,0.481
601000,0.037,0.473,0.490
601500,0.032,0.552,0.416
602000,0.030,0.618,0.352
602500,0.030,0.615,0.355
603000,0.030,0.622,0.348
603500,0.030,0.618,0.352
604000,0.030,0.580,0.390
604500,0.030,0.607,0.363
605000,0.030,0.646,0.324
605500,0.030,0.565,0.405
606000,0.030,0.634,0.336
606500,0.030,0.599,0.371
607000,0.030,0.608,0.362
607500,0.030,0.658,0.312
608000,0.030,0.660,0.310
608500,0.030,0.636,0.334
609000,0.030,0.704,0.266
609500,0.030,0.588,0.382
610000,0.030,0.644,0.326
610500,0.030,0.656,0.314
611000,0.030,0.568,0.402
611500,0.030,0.582,0.388
612000,0.030,0.638,0.332
612500,0.030,0.609,0.361
613000,0.037,0.538,0.425
613500,0.033,0.606,0.361
614000,0.031,0.639,0.330
614500,0.030,0.662,0.308
615000,0.030,0.671,0.299
615500,0.030,0.627,0.343
616000,0.030,0.623,0.347
616500,0.030,0.625,0.345
617000,0.030,0.690,0.280
617500,0.030,0.625,0.345
618000,0.030,0.634,0.336
618500,0.030,0.665,0.305
619000,0.030,0.701,0.269
619500,0.030,0.579,0.391
620000,0.034,0.607,0.359
620500,0.030,0.586,0.384
621000,0.030,0.559,0.411
621500,0.030,0.542,0.428
622000,0.030,0.554,0.416
622500,0.030,0.595,0.375
623000,0.030,0.657,0.313
623500,0.030,0.691,0.279
624000,0.030,0.667,0.303
624500,0.036,0.594,0.370
625000,0.031,0.567,0.402
625500,0.030,0.640,0.330
626000,0.030,0.650,0.320
626500,0.032,0.573,0.395
627000,0.030,0.604,0.366
627500,0.030,0.613,0.357
628000,0.031,0.621,0.348
628500,0.030,0.677,0.293
629000,0.030,0.698,0.272
629500,0.030,0.704,0.266
630000,0.030,0.626,0.344
630500,0.030,0.630,0.340
631000,0.030,0.586,0.384
631500,0.030,0.599,0.371
632000,0.030,0.584,0.386
632500,0.030,0.601,0.369
633000,0.030,0.625,0.345
633500,0.032,0.624,0.344
634000,0.030,0.659,0.311
634500,0.030,0.658,0.312
635000,0.037,0.665,0.298
635500,0.030,0.623,0.347
636000,0.030,0.678,0.292
636500,0.030,0.737,0.233
637000,0.030,0.760,0.210
637500,0.030,0.723,0.247
638000,0.030,0.709,0.261
638500,0.030,0.678,0.292
639000,0.030,0.634,0.336
639500,0.030,0.607,0.363
640000,0.030,0.588,0.382
640500,0.030,0.556,0.414
641000,0.030,0.572,0.398
641500,0.030,0.598,0.372
642000,0.030,0.560,0.410
642500,0.031,0.563,0.406
643000,0.030,0.581,0.389
643500,0.030,0.565,0.405
644000,0.030,0.683,0.287
644500,0.030,0.670,0.300
645000,0.030,0.623,0.347
645500,0.030,0.616,0.354
646000,0.030,0.670,0.300
646500,0.034,0.578,0.388
647000,0.030,0.547,0.423
647500,0.031,0.600,0.369
648000,0.030,0.655,0.315
648500,0.032,0.552,0.416
649000,0.031,0.627,0.342
649500,0.030,0.677,0.293
650000,0.030,0.622,0.348
650500,0.030,0.605,0.365
651000,0.034,0.628,0.338
651500,0.032,0.657,0.311
652000,0.030,0.591,0.379
652500,0.030,0.615,0.355
653000,0.032,0.649,0.319
653500,0.030,0.675,0.295
654000,0.030,0.619,0.351
654500,0.030,0.580,0.390
655000,0.030,0.538,0.432
655500,0.030,0.642,0.328
656000,0.033,0.598,0.369
656500,0.030,0.619,0.351
657000,0.032,0.636,0.332
657500,0.030,0.661,0.309
658000,0.030,0.666,0.304
658500,0.030,0.675,0.295
659000,0.030,0.621,0.349
659500,0.030,0.594,0.376
660000,0.030,0.688,0.282
660500,0.030,0.671,0.299
661000,0.030,0.671,0.299
661500,0.032,0.596,0.372
662000,0.037,0.560,0.403
662500,0.030,0.550,0.420
663000,0.030,0.618,0.352
663500,0.030,0.528,0.442
664000,0.032,0.520,0.448
664500,0.035,0.562,0.403
665000,0.030,0.627,0.343
665500,0.030,0.595,0.375
666000,0.030,0.584,0.386
666500,0.030,0.645,0.325
667000,0.030,0.610,0.360
667500,0.030,0.599,0.371
668000,0.030,0.603,0.367
668500,0.030,0.613,0.357
669000,0.030,0.658,0.312
669500,0.030,0.683,0.287
670000,0.030,0.589,0.381
670500,0.030,0.576,0.394
671000,0.030,0.567,0.403
671500,0.030,0.615,0.355
672000,0.032,0.592,0.376
672500,0.030,0.673,0.297
673000,0.030,0.626,0.344
673500,0.030,0.534,0.436
674000,0.033,0.601,0.366
674500,0.030,0.522,0.448
675000,0.030,0.559,0.411
675500,0.031,0.536,0.433
676000,0.030,0.553,0.417
676500,0.030,0.618,0.352
677000,0.030,0.673,0.297
677500,0.030,0.694,0.276
678000,0.030,0.652,0.318
678500,0.030,0.654,0.316
679000,0.030,0.636,0.334
679500,0.030,0.602,0.368
680000,0.030,0.529,0.441
680500,0.030,0.547,0.423
681000,0.031,0.504,0.465
681500,0.039,0.492,0.469
682000,0.038,0.500,0.462
682500,0.032,0.589,0.379
683000,0.030,0.696,0.274
683500,0.030,0.644,0.326
684000,0.030,0.594,0.376
684500,0.030,0.512,0.458
685000,0.030,0.555,0.415
685500,0.030,0.508,0.462
686000,0.037,0.561,0.402
686500,0.031,0.508,0.461
687000,0.030,0.655,0.315
687500,0.030,0.601,0.369
688000,0.030,0.643,0.327
688500,0.030,0.673,0.297
689000,0.030,0.716,0.254
689500,0.030,0.729,0.241
690000,0.030,0.676,0.294
690500,0.030,0.668,0.302
691000,0.030,0.682,0.288
691500,0.030,0.660,0.310
692000,0.034,0.623,0.343
692500,0.030,0.599,0.371
693000,0.030,0.618,0.352
693500,0.030,0.638,0.332
694000,0.030,0.569,0.401
694500,0.030,0.666,0.304
695000,0.030,0.593,0.377
695500,0.030,0.560,0.410
696000,0.030,0.601,0.369
696500,0.030,0.647,0.323
697000,0.030,0.578,0.392
697500,0.033,0.551,0.416
698000,0.030,0.581,0.389
698500,0.030,0.596,0.374
699000,0.030,0.608,0.362
699500,0.030,0.526,0.444
700000,0.033,0.590,0.377
700500,0.030,0.636,0.334
701000,0.034,0.599,0.367
701500,0.031,0.571,0.398
702000,0.033,0.551,0.416
702500,0.031,0.495,0.474
703000,0.030,0.549,0.421
703500,0.034,0.540,0.426
704000,0.030,0.613,0.357
704500,0.030,0.604,0.366
705000,0.030,0.680,0.290
705500,0.030,0.618,0.352
706000,0.030,0.563,0.407
706500,0.032,0.574,0.394
707000,0.030,0.658,0.312
707500,0.030,0.610,0.360
708000,0.034,0.575,0.391
708500,0.030,0.619,0.351
709000,0.030,0.587,0.383
709500,0.030,0.646,0.324
710000,0.030,0.593,0.377
710500,0.030,0.579,0.391
711000,0.030,0.572,0.398
711500,0.030,0.571,0.399
712000,0.030,0.635,0.335
712500,0.030,0.638,0.332
713000,0.030,0.678,0.292
713500,0.030,0.641,0.329
714000,0.030,0.661,0.309
714500,0.030,0.562,0.408
715000,0.030,0.599,0.371
715500,0.030,0.632,0.338
716000,0.030,0.596,0.374
716500,0.030,0.660,0.310
717000,0.030,0.638,0.332
717500,0.030,0.604,0.366
718000,0.030,0.643,0.327
718500,0.030,0.635,0.335
719000,0.030,0.628,0.342
719500,0.030,0.624,0.346
720000,0.030,0.594,0.376
720500,0.030,0.574,0.396
721000,0.033,0.646,0.321
721500,0.030,0.568,0.402
722000,0.030,0.635,0.335
722500,0.030,0.686,0.284
723000,0.030,0.649,0.321
723500,0.030,0.570,0.400
724000,0.030,0.617,0.353
724500,0.030,0.577,0.393
725000,0.030,0.641,0.329
725500,0.030,0.659,0.311
726000,0.030,0.662,0.308
726500,0.030,0.724,0.246
727000,0.030,0.658,0.312
727500,0.035,0.613,0.352
728000,0.030,0.622,0.348
728500,0.030,0.612,0.358
729000,0.033,0.662,0.305
729500,0.030,0.621,0.349
730000,0.030,0.625,0.345
730500,0.030,0.649,0.321
731000,0.030,0.592,0.378
731500,0.030,0.580,0.390
732000,0.030,0.585,0.385
732500,0.030,0.589,0.381
733000,0.030,0.619,0.351
733500,0.030,0.595,0.375
734000,0.030,0.569,0.401
734500,0.030,0.515,0.455
735000,0.030,0.610,0.360
735500,0.030,0.639,0.331
736000,0.034,0.560,0.406
736500,0.030,0.614,0.356
737000,0.030,0.595,0.375
737500,0.034,0.646,0.320
738000,0.030,0.619,0.351
738500,0.034,0.585,0.381
739000,0.030,0.562,0.408
739500,0.033,0.533,0.434
740000,0.032,0.531,0.437
740500,0.030,0.566,0.404
741000,0.033,0.607,0.360
741500,0.030,0.596,0.374
742000,0.030,0.600,0.370
742500,0.030,0.662,0.308
743000,0.030,0.576,0.394
743500,0.030,0.506,0.464
744000,0.030,0.532,0.438
744500,0.031,0.575,0.394
745000,0.031,0.564,0.405
745500,0.030,0.603,0.367
746000,0.034,0.634,0.332
746500,0.034,0.607,0.359
747000,0.030,0.565,0.405
747500,0.030,0.626,0.344
748000,0.030,0.646,0.324
748500,0.030,0.610,0.360
749000,0.030,0.565,0.405
749500,0.036,0.543,0.421
750000,0.031,0.556,0.413
750500,0.030,0.551,0.419
751000,0.030,0.607,0.363
751500,0.030,0.655,0.315
752000,0.030,0.559,0.411
752500,0.030,0.597,0.373
753000,0.034,0.547,0.419
753500,0.030,0.600,0.370
754000,0.030,0.643,0.327
754500,0.030,0.657,0.313
755000,0.030,0.726,0.244
755500,0.030,0.608,0.362
756000,0.030,0.624,0.346
756500,0.030,0.661,0.309
757000,0.030,0.541,0.429
757500,0.030,0.587,0.383
758000,0.030,0.566,0.404
758500,0.030,0.576,0.394
759000,0.030,0.567,0.403
759500,0.030,0.612,0.358
760000,0.036,0.626,0.338
760500,0.034,0.655,0.311
761000,0.030,0.534,0.436
761500,0.030,0.543,0.427
762000,0.031,0.544,0.425
762500,0.030,0.590,0.380
763000,0.030,0.537,0.433
763500,0.030,0.573,0.397
764000,0.030,0.583,0.387
764500,0.030,0.620,0.350
765000,0.031,0.640,0.329
765500,0.030,0.671,0.299
766000,0.030,0.635,0.335
766500,0.030,0.635,0.335
767000,0.030,0.524,0.446
767500,0.031,0.567,0.402
768000,0.033,0.487,0.480
768500,0.030,0.567,0.403
769000,0.030,0.582,0.388
769500,0.030,0.584,0.386
770000,0.030,0.571,0.399
770500,0.030,0.595,0.375
771000,0.030,0.568,0.402
771500,0.030,0.582,0.388
772000,0.030,0.630,0.340
772500,0.030,0.581,0.389
773000,0.030,0.571,0.399
773500,0.037,0.576,0.387
774000,0.031,0.566,0.403
774500,0.031,0.607,0.362
775000,0.030,0.610,0.360
775500,0.030,0.603,0.367
776000,0.030,0.612,0.358
776500,0.030,0.637,0.333
777000,0.036,0.534,0.430
777500,0.031,0.501,0.468
778000,0.033,0.519,0.448
778500,0.030,0.595,0.375
779000,0.030,0.605,0.365
779500,0.030,0.609,0.361
780000,0.030,0.694,0.276
780500,0.030,0.745,0.225
781000,0.030,0.697,0.273
781500,0.030,0.547,0.423
782000,0.030,0.577,0.393
782500,0.030,0.567,0.403
783000,0.030,0.577,0.393
783500,0.043,0.512,0.445
784000,0.031,0.603,0.366
784500,0.030,0.671,0.299
785000,0.030,0.690,0.280
785500,0.030,0.733,0.237
786000,0.030,0.705,0.265
786500,0.030,0.680,0.290
787000,0.030,0.642,0.328
787500,0.030,0.670,0.300
788000,0.030,0.621,0.349
788500,0.030,0.602,0.368
789000,0.030,0.565,0.405
789500,0.030,0.610,0.360
790000,0.030,0.634,0.336
790500,0.035,0.591,0.374
791000,0.031,0.642,0.327
791500,0.030,0.661,0.309
792000,0.030,0.611,0.359
792500,0.030,0.652,0.318
793000,0.032,0.630,0.338
793500,0.030,0.635,0.335
794000,0.030,0.598,0.372
794500,0.030,0.617,0.353
795000,0.030,0.657,0.313
795500,0.030,0.744,0.226
796000,0.030,0.695,0.275
796500,0.030,0.708,0.262
797000,0.030,0.672,0.298
797500,0.030,0.617,0.353
798000,0.030,0.593,0.377
798500,0.030,0.532,0.438
799000,0.030,0.617,0.353
799500,0.030,0.580,0.390
800000,0.030,0.667,0.303
800500,0.030,0.635,0.335
801000,0.030,0.610,0.360
801500,0.030,0.612,0.358
802000,0.030,0.642,0.328
802500,0.030,0.634,0.336
803000,0.034,0.614,0.352
803500,0.030,0.594,0.376
804000,0.030,0.622,0.348
804500,0.030,0.592,0.378
805000,0.034,0.563,0.403
805500,0.031,0.651,0.318
806000,0.030,0.650,0.320
806500,0.030,0.531,0.439
807000,0.031,0.608,0.361
807500,0.030,0.632,0.338
808000,0.030,0.720,0.250
808500,0.033,0.644,0.323
809000,0.031,0.551,0.418
809500,0.033,0.611,0.356
810000,0.030,0.599,0.371
810500,0.030,0.628,0.342
811000,0.030,0.632,0.338
811500,0.030,0.643,0.327
812000,0.030,0.673,0.297
812500,0.030,0.599,0.371
813000,0.030,0.602,0.368
813500,0.030,0.582,0.388
814000,0.030,0.615,0.355
814500,0.030,0.697,0.273
815000,0.030,0.654,0.316
815500,0.030,0.649,0.321
816000,0.030,0.655,0.315
816500,0.030,0.700,0.270
817000,0.030,0.633,0.337
817500,0.030,0.602,0.368
818000,0.030,0.509,0.461
818500,0.030,0.568,0.402
819000,0.030,0.665,0.305
819500,0.030,0.594,0.376
820000,0.030,0.663,0.307
820500,0.030,0.646,0.324
821000,0.030,0.634,0.336
821500,0.030,0.702,0.268
822000,0.030,0.642,0.328
822500,0.030,0.632,0.338
823000,0.030,0.605,0.365
823500,0.030,0.627,0.343
824000,0.030,0.529,0.441
824500,0.030,0.566,0.404
825000,0.030,0.530,0.440
825500,0.030,0.533,0.437
826000,0.030,0.563,0.407
826500,0.030,0.537,0.433
827000,0.030,0.588,0.382
827500,0.030,0.611,0.359
828000,0.030,0.645,0.325
828500,0.030,0.568,0.402
829000,0.030,0.513,0.457
829500,0.030,0.526,0.444
830000,0.037,0.467,0.496
830500,0.048,0.426,0.526
831000,0.038,0.473,0.489
831500,0.043,0.473,0.484
832000,0.039,0.511,0.450
832500,0.031,0.602,0.367
833000,0.030,0.570,0.400
833500,0.031,0.556,0.413
834000,0.030,0.639,0.331
834500,0.030,0.601,0.369
835000,0.032,0.616,0.352
835500,0.030,0.610,0.360
836000,0.030,0.679,0.291
836500,0.033,0.564,0.403
837000,0.030,0.592,0.378
837500,0.030,0.593,0.377
838000,0.030,0.589,0.381
838500,0.030,0.622,0.348
839000,0.030,0.634,0.336
839500,0.030,0.637,0.333
840000,0.030,0.606,0.364
840500,0.030,0.562,0.408
841000,0.030,0.629,0.341
841500,0.030,0.654,0.316
842000,0.030,0.603,0.367
842500,0.030,0.633,0.337
843000,0.030,0.645,0.325
843500,0.030,0.600,0.370
844000,0.030,0.564,0.406
844500,0.030,0.580,0.390
845000,0.030,0.611,0.359
845500,0.030,0.590,0.380
846000,0.032,0.524,0.444
846500,0.031,0.614,0.355
847000,0.032,0.544,0.424
847500,0.030,0.526,0.444
848000,0.032,0.514,0.454
848500,0.036,0.543,0.421
849000,0.032,0.571,0.397
849500,0.030,0.672,0.298
850000,0.030,0.632,0.338
850500,0.030,0.647,0.323
851000,0.030,0.584,0.386
851500,0.030,0.654,0.316
852000,0.030,0.675,0.295
852500,0.030,0.591,0.379
853000,0.030,0.607,0.363
853500,0.030,0.600,0.370
854000,0.030,0.624,0.346
854500,0.030,0.644,0.326
855000,0.030,0.658,0.312
855500,0.030,0.684,0.286
856000,0.030,0.676,0.294
856500,0.030,0.667,0.303
857000,0.030,0.659,0.311
857500,0.030,0.625,0.345
858000,0.031,0.684,0.285
858500,0.031,0.694,0.275
859000,0.030,0.603,0.367
859500,0.030,0.616,0.354
860000,0.030,0.582,0.388
860500,0.030,0.562,0.408
861000,0.030,0.576,0.394
861500,0.030,0.568,0.402
862000,0.036,0.634,0.330
862500,0.030,0.582,0.388
863000,0.035,0.676,0.289
863500,0.030,0.614,0.356
864000,0.030,0.684,0.286
864500,0.030,0.617,0.353
865000,0.030,0.521,0.449
865500,0.030,0.542,0.428
866000,0.030,0.621,0.349
866500,0.030,0.692,0.278
867000,0.030,0.735,0.235
867500,0.030,0.682,0.288
868000,0.030,0.607,0.363
868500,0.033,0.519,0.448
869000,0.031,0.621,0.348
869500,0.030,0.609,0.361
870000,0.030,0.510,0.460
870500,0.031,0.555,0.414
871000,0.031,0.596,0.373
871500,0.030,0.580,0.390
872000,0.031,0.627,0.342
872500,0.032,0.582,0.386
873000,0.031,0.562,0.407
873500,0.031,0.600,0.369
874000,0.031,0.604,0.365
874500,0.030,0.632,0.338
875000,0.033,0.628,0.339
875500,0.030,0.570,0.400
876000,0.030,0.547,0.423
876500,0.032,0.587,0.381
877000,0.030,0.583,0.387
877500,0.030,0.573,0.397
878000,0.030,0.602,0.368
878500,0.030,0.637,0.333
879000,0.034,0.552,0.414
879500,0.030,0.603,0.367
880000,0.035,0.634,0.331
880500,0.030,0.621,0.349
881000,0.035,0.618,0.347
881500,0.030,0.689,0.281
882000,0.030,0.680,0.290
882500,0.030,0.610,0.360
883000,0.030,0.551,0.419
883500,0.030,0.534,0.436
884000,0.030,0.655,0.315
884500,0.030,0.602,0.368
885000,0.036,0.569,0.395
885500,0.031,0.607,0.362
886000,0.030,0.525,0.445
886500,0.030,0.529,0.441
887000,0.033,0.643,0.324
887500,0.030,0.648,0.322
888000,0.030,0.615,0.355
888500,0.030,0.575,0.395
889000,0.030,0.563,0.407
889500,0.030,0.607,0.363
890000,0.030,0.590,0.380
890500,0.030,0.573,0.397
891000,0.030,0.556,0.414
891500,0.030,0.540,0.430
892000,0.030,0.529,0.441
892500,0.030,0.525,0.445
893000,0.030,0.595,0.375
893500,0.034,0.574,0.392
894000,0.030,0.605,0.365
894500,0.030,0.545,0.425
895000,0.030,0.517,0.453
895500,0.035,0.573,0.392
896000,0.033,0.555,0.412
896500,0.031,0.604,0.365
897000,0.030,0.622,0.348
897500,0.030,0.608,0.362
898000,0.030,0.594,0.376
898500,0.030,0.592,0.378
899000,0.030,0.559,0.411
899500,0.034,0.520,0.446
900000,0.031,0.503,0.466
900500,0.031,0.487,0.482
901000,0.034,0.506,0.460
901500,0.030,0.582,0.388
902000,0.030,0.608,0.362
902500,0.030,0.620,0.350
903000,0.030,0.627,0.343
903500,0.030,0.658,0.312
904000,0.036,0.624,0.340
904500,0.031,0.577,0.392
905000,0.034,0.525,0.441
905500,0.030,0.528,0.442
906000,0.030,0.629,0.341
906500,0.030,0.596,0.374
907000,0.030,0.661,0.309
907500,0.030,0.646,0.324
908000,0.030,0.668,0.302
908500,0.030,0.627,0.343
909000,0.030,0.646,0.324
909500,0.030,0.624,0.346
910000,0.030,0.567,0.403
910500,0.031,0.543,0.426
911000,0.030,0.603,0.367
911500,0.035,0.663,0.302
912000,0.030,0.725,0.245
912500,0.030,0.682,0.288
913000,0.030,0.684,0.286
913500,0.030,0.657,0.313
914000,0.030,0.563,0.407
914500,0.030,0.523,0.447
915000,0.031,0.523,0.446
915500,0.030,0.494,0.476
916000,0.030,0.568,0.402
916500,0.030,0.570,0.400
917000,0.030,0.582,0.388
917500,0.030,0.598,0.372
918000,0.030,0.552,0.418
918500,0.030,0.572,0.398
919000,0.031,0.624,0.345
919500,0.031,0.594,0.375
920000,0.030,0.604,0.366
920500,0.030,0.666,0.304
921000,0.030,0.645,0.325
921500,0.030,0.604,0.366
922000,0.034,0.552,0.414
922500,0.031,0.578,0.391
923000,0.031,0.648,0.321
923500,0.030,0.593,0.377
924000,0.030,0.659,0.311
924500,0.030,0.689,0.281
925000,0.030,0.620,0.350
925500,0.030,0.575,0.395
926000,0.030,0.658,0.312
926500,0.030,0.657,0.313
927000,0.030,0.679,0.291
927500,0.030,0.669,0.301
928000,0.030,0.625,0.345
928500,0.033,0.586,0.381
929000,0.030,0.576,0.394
929500,0.031,0.569,0.400
930000,0.030,0.583,0.387
930500,0.030,0.622,0.348
931000,0.030,0.630,0.340
931500,0.030,0.616,0.354
932000,0.035,0.573,0.392
932500,0.030,0.606,0.364
933000,0.030,0.605,0.365
933500,0.036,0.591,0.373
934000,0.037,0.535,0.428
934500,0.031,0.557,0.412
935000,0.030,0.556,0.414
935500,0.030,0.623,0.347
936000,0.030,0.614,0.356
936500,0.030,0.630,0.340
937000,0.030,0.572,0.398
937500,0.030,0.705,0.265
938000,0.030,0.606,0.364
938500,0.030,0.614,0.356
939000,0.036,0.558,0.406
939500,0.030,0.520,0.450
940000,0.030,0.571,0.399
940500,0.030,0.600,0.370
941000,0.030,0.552,0.418
941500,0.030,0.554,0.416
942000,0.030,0.570,0.400
942500,0.030,0.610,0.360
943000,0.030,0.656,0.314
943500,0.030,0.636,0.334
944000,0.030,0.645,0.325
944500,0.030,0.624,0.346
945000,0.030,0.647,0.323
945500,0.030,0.655,0.315
946000,0.030,0.633,0.337
946500,0.030,0.627,0.343
947000,0.030,0.680,0.290
947500,0.035,0.565,0.400
948000,0.033,0.595,0.372
948500,0.030,0.623,0.347
949000,0.030,0.632,0.338
949500,0.033,0.652,0.315
950000,0.037,0.662,0.301
950500,0.031,0.668,0.301
951000,0.031,0.672,0.297
951500,0.031,0.670,0.299
952000,0.030,0.727,0.243
952500,0.030,0.623,0.347
953000,0.030,0.658,0.312
953500,0.030,0.702,0.268
954000,0.030,0.681,0.289
954500,0.030,0.660,0.310
955000,0.030,0.661,0.309
955500,0.030,0.674,0.296
956000,0.030,0.610,0.360
956500,0.030,0.612,0.358
957000,0.030,0.577,0.393
957500,0.039,0.573,0.388
958000,0.030,0.618,0.352
958500,0.030,0.639,0.331
959000,0.030,0.658,0.312
959500,0.030,0.666,0.304
960000,0.030,0.664,0.306
960500,0.030,0.599,0.371
961000,0.034,0.563,0.403
961500,0.031,0.494,0.475
962000,0.030,0.616,0.354
962500,0.030,0.670,0.300
963000,0.030,0.624,0.346
963500,0.030,0.555,0.415
964000,0.032,0.603,0.365
964500,0.030,0.579,0.391
965000,0.030,0.609,0.361
965500,0.030,0.573,0.397
966000,0.033,0.557,0.410
966500,0.034,0.493,0.473
967000,0.031,0.530,0.439
967500,0.030,0.589,0.381
968000,0.030,0.555,0.415
968500,0.030,0.591,0.379
969000,0.030,0.582,0.388
969500,0.030,0.619,0.351
970000,0.030,0.731,0.239
970500,0.030,0.740,0.230
971000,0.030,0.638,0.332
971500,0.030,0.597,0.373
972000,0.030,0.629,0.341
972500,0.030,0.621,0.349
973000,0.030,0.613,0.357
973500,0.032,0.628,0.340
974000,0.030,0.610,0.360
974500,0.030,0.622,0.348
975000,0.030,0.624,0.346
975500,0.030,0.576,0.394
976000,0.030,0.644,0.326
976500,0.030,0.601,0.369
977000,0.032,0.648,0.320
977500,0.031,0.597,0.372
978000,0.030,0.556,0.414
978500,0.033,0.566,0.401
979000,0.030,0.613,0.357
979500,0.030,0.623,0.347
980000,0.030,0.652,0.318
980500,0.030,0.585,0.385
981000,0.030,0.582,0.388
981500,0.036,0.561,0.403
982000,0.030,0.587,0.383
982500,0.030,0.588,0.382
983000,0.030,0.511,0.459
983500,0.038,0.550,0.412
984000,0.032,0.498,0.470
984500,0.030,0.579,0.391
985000,0.035,0.605,0.360
985500,0.030,0.600,0.370
986000,0.030,0.588,0.382
986500,0.030,0.599,0.371
987000,0.030,0.624,0.346
987500,0.030,0.622,0.348
988000,0.030,0.631,0.339
988500,0.030,0.633,0.337
989000,0.030,0.589,0.381
989500,0.034,0.520,0.446
990000,0.035,0.606,0.359
990500,0.030,0.579,0.391
991000,0.030,0.575,0.395
991500,0.030,0.566,0.404
992000,0.030,0.524,0.446
992500,0.030,0.581,0.389
993000,0.033,0.602,0.365
993500,0.030,0.644,0.326
994000,0.030,0.590,0.380
994500,0.030,0.621,0.349
995000,0.030,0.567,0.403
995500,0.030,0.730,0.240
996000,0.030,0.715,0.255
996500,0.030,0.757,0.213
997000,0.030,0.648,0.322
997500,0.032,0.631,0.337
998000,0.031,0.586,0.383
998500,0.030,0.664,0.306
999000,0.030,0.676,0.294
999500,0.030,0.573,0.397
1000000,0.030,0.588,0.382
