time,n_A+p,n_B,n_AB
500,0.010,0.983,0.007
1000,0.010,0.927,0.063
1500,0.010,0.865,0.125
2000,0.010,0.935,0.055
2500,0.010,0.976,0.014
3000,0.010,0.912,0.078
3500,0.010,0.902,0.088
4000,0.010,0.936,0.054
4500,0.010,0.649,0.341
5000,0.010,0.832,0.158
5500,0.010,0.838,0.152
6000,0.010,0.878,0.112
6500,0.010,0.761,0.229
7000,0.010,0.725,0.265
7500,0.010,0.830,0.160
8000,0.010,0.909,0.081
8500,0.010,0.985,0.005
9000,0.010,0.984,0.006
9500,0.010,0.962,0.028
10000,0.010,0.884,0.106
10500,0.010,0.890,0.100
11000,0.010,0.845,0.145
11500,0.010,0.898,0.092
12000,0.010,0.839,0.151
12500,0.010,0.878,0.112
13000,0.010,0.708,0.282
13500,0.010,0.757,0.233
14000,0.010,0.868,0.122
14500,0.010,0.791,0.199
15000,0.010,0.988,0.002
15500,0.010,0.922,0.068
16000,0.010,0.768,0.222
16500,0.010,0.921,0.069
17000,0.010,0.894,0.096
17500,0.010,0.990,0.000
18000,0.010,0.974,0.016
18500,0.010,0.773,0.217
19000,0.010,0.949,0.041
19500,0.010,0.873,0.117
20000,0.010,0.856,0.134
20500,0.010,0.948,0.042
21000,0.010,0.878,0.112
21500,0.010,0.975,0.015
22000,0.010,0.912,0.078
22500,0.010,0.912,0.078
23000,0.010,0.929,0.061
23500,0.010,0.910,0.080
24000,0.010,0.955,0.035
24500,0.010,0.683,0.307
25000,0.010,0.913,0.077
25500,0.010,0.920,0.070
26000,0.010,0.933,0.057
26500,0.010,0.845,0.145
27000,0.010,0.924,0.066
27500,0.010,0.727,0.263
28000,0.010,0.915,0.075
28500,0.010,0.898,0.092
29000,0.010,0.877,0.113
29500,0.010,0.701,0.289
30000,0.010,0.953,0.037
30500,0.010,0.962,0.028
31000,0.010,0.977,0.013
31500,0.010,0.943,0.047
32000,0.010,0.971,0.019
32500,0.010,0.803,0.187
33000,0.010,0.970,0.020
33500,0.010,0.988,0.002
34000,0.010,0.868,0.122
34500,0.010,0.858,0.132
35000,0.010,0.873,0.117
35500,0.010,0.888,0.102
36000,0.010,0.981,0.009
36500,0.010,0.741,0.249
37000,0.010,0.699,0.291
37500,0.010,0.900,0.090
38000,0.010,0.989,0.001
38500,0.010,0.945,0.045
39000,0.010,0.753,0.237
39500,0.010,0.728,0.262
40000,0.010,0.866,0.124
40500,0.010,0.911,0.079
41000,0.010,0.928,0.062
41500,0.010,0.954,0.036
42000,0.010,0.704,0.286
42500,0.010,0.960,0.030
43000,0.010,0.824,0.166
43500,0.010,0.914,0.076
44000,0.010,0.942,0.048
44500,0.010,0.827,0.163
45000,0.010,0.872,0.118
45500,0.010,0.842,0.148
46000,0.010,0.970,0.020
46500,0.010,0.990,0.000
47000,0.010,0.944,0.046
47500,0.010,0.937,0.053
48000,0.010,0.859,0.131
48500,0.010,0.903,0.087
49000,0.010,0.744,0.246
49500,0.010,0.880,0.110
50000,0.010,0.932,0.058
50500,0.010,0.931,0.059
51000,0.010,0.871,0.119
51500,0.010,0.826,0.164
52000,0.010,0.947,0.043
52500,0.010,0.984,0.006
53000,0.010,0.881,0.109
53500,0.010,0.988,0.002
54000,0.010,0.963,0.027
54500,0.010,0.928,0.062
55000,0.010,0.984,0.006
55500,0.010,0.960,0.030
56000,0.010,0.981,0.009
56500,0.010,0.972,0.018
57000,0.010,0.974,0.016
57500,0.010,0.975,0.015
58000,0.010,0.990,0.000
58500,0.010,0.882,0.108
59000,0.010,0.885,0.105
59500,0.010,0.948,0.042
60000,0.010,0.890,0.100
60500,0.010,0.859,0.131
61000,0.010,0.954,0.036
61500,0.010,0.917,0.073
62000,0.010,0.852,0.138
62500,0.010,0.894,0.096
63000,0.010,0.895,0.095
63500,0.010,0.989,0.001
64000,0.010,0.867,0.123
64500,0.010,0.961,0.029
65000,0.010,0.934,0.056
65500,0.010,0.983,0.007
66000,0.010,0.964,0.026
66500,0.010,0.962,0.028
67000,0.010,0.838,0.152
67500,0.010,0.937,0.053
68000,0.010,0.899,0.091
68500,0.010,0.983,0.007
69000,0.010,0.869,0.121
69500,0.010,0.829,0.161
70000,0.010,0.823,0.167
70500,0.010,0.835,0.155
71000,0.010,0.969,0.021
71500,0.010,0.927,0.063
72000,0.010,0.985,0.005
72500,0.010,0.866,0.124
73000,0.010,0.937,0.053
73500,0.010,0.761,0.229
74000,0.010,0.701,0.289
74500,0.010,0.805,0.185
75000,0.010,0.952,0.038
75500,0.010,0.968,0.022
76000,0.010,0.968,0.022
76500,0.010,0.939,0.051
77000,0.010,0.935,0.055
77500,0.010,0.857,0.133
78000,0.010,0.972,0.018
78500,0.010,0.927,0.063
79000,0.010,0.879,0.111
79500,0.010,0.961,0.029
80000,0.010,0.924,0.066
80500,0.010,0.854,0.136
81000,0.010,0.823,0.167
81500,0.010,0.931,0.059
82000,0.010,0.836,0.154
82500,0.010,0.873,0.117
83000,0.010,0.836,0.154
83500,0.010,0.783,0.207
84000,0.010,0.928,0.062
84500,0.010,0.699,0.291
85000,0.010,0.772,0.218
85500,0.010,0.720,0.270
86000,0.010,0.796,0.194
86500,0.010,0.940,0.050
87000,0.010,0.962,0.028
87500,0.010,0.802,0.188
88000,0.010,0.911,0.079
88500,0.010,0.954,0.036
89000,0.010,0.679,0.311
89500,0.010,0.650,0.340
90000,0.010,0.904,0.086
90500,0.010,0.949,0.041
91000,0.010,0.868,0.122
91500,0.010,0.711,0.279
92000,0.010,0.897,0.093
92500,0.010,0.960,0.030
93000,0.010,0.984,0.006
93500,0.010,0.880,0.110
94000,0.010,0.715,0.275
94500,0.010,0.472,0.518
95000,0.010,0.971,0.019
95500,0.010,0.901,0.089
96000,0.010,0.969,0.021
96500,0.010,0.968,0.022
97000,0.010,0.935,0.055
97500,0.010,0.618,0.372
98000,0.010,0.839,0.151
98500,0.010,0.936,0.054
99000,0.010,0.985,0.005
99500,0.010,0.946,0.044
100000,0.010,0.921,0.069
100500,0.010,0.909,0.081
101000,0.010,0.795,0.195
101500,0.010,0.791,0.199
102000,0.010,0.838,0.152
102500,0.010,0.882,0.108
103000,0.010,0.934,0.056
103500,0.010,0.911,0.079
104000,0.010,0.953,0.037
104500,0.010,0.958,0.032
105000,0.010,0.950,0.040
105500,0.010,0.927,0.063
106000,0.010,0.625,0.365
106500,0.010,0.882,0.108
107000,0.010,0.895,0.095
107500,0.010,0.837,0.153
108000,0.010,0.818,0.172
108500,0.010,0.966,0.024
109000,0.010,0.676,0.314
109500,0.010,0.941,0.049
110000,0.010,0.896,0.094
110500,0.010,0.967,0.023
111000,0.010,0.769,0.221
111500,0.010,0.984,0.006
112000,0.010,0.940,0.050
112500,0.010,0.927,0.063
113000,0.010,0.857,0.133
113500,0.010,0.870,0.120
114000,0.010,0.936,0.054
114500,0.010,0.942,0.048
115000,0.010,0.789,0.201
115500,0.010,0.905,0.085
116000,0.010,0.908,0.082
116500,0.010,0.803,0.187
117000,0.010,0.871,0.119
117500,0.010,0.919,0.071
118000,0.010,0.829,0.161
118500,0.010,0.942,0.048
119000,0.010,0.945,0.045
119500,0.010,0.846,0.144
120000,0.010,0.980,0.010
120500,0.010,0.838,0.152
121000,0.010,0.938,0.052
121500,0.010,0.971,0.019
122000,0.010,0.880,0.110
122500,0.010,0.845,0.145
123000,0.010,0.594,0.396
123500,0.010,0.954,0.036
124000,0.010,0.958,0.032
124500,0.010,0.919,0.071
125000,0.010,0.876,0.114
125500,0.010,0.863,0.127
126000,0.010,0.772,0.218
126500,0.010,0.884,0.106
127000,0.010,0.877,0.113
127500,0.010,0.872,0.118
128000,0.010,0.929,0.061
128500,0.010,0.932,0.058
129000,0.010,0.765,0.225
129500,0.010,0.961,0.029
130000,0.010,0.962,0.028
130500,0.010,0.920,0.070
131000,0.010,0.982,0.008
131500,0.010,0.941,0.049
132000,0.010,0.973,0.017
132500,0.010,0.723,0.267
133000,0.010,0.926,0.064
133500,0.010,0.886,0.104
134000,0.010,0.739,0.251
134500,0.010,0.801,0.189
135000,0.010,0.934,0.056
135500,0.010,0.764,0.226
136000,0.010,0.959,0.031
136500,0.010,0.955,0.035
137000,0.010,0.977,0.013
137500,0.010,0.975,0.015
138000,0.010,0.973,0.017
138500,0.010,0.873,0.117
139000,0.010,0.950,0.040
139500,0.010,0.963,0.027
140000,0.010,0.911,0.079
140500,0.010,0.896,0.094
141000,0.010,0.939,0.051
141500,0.010,0.939,0.051
142000,0.010,0.878,0.112
142500,0.010,0.937,0.053
143000,0.010,0.988,0.002
143500,0.010,0.937,0.053
144000,0.010,0.957,0.033
144500,0.010,0.833,0.157
145000,0.010,0.869,0.121
145500,0.010,0.986,0.004
146000,0.010,0.826,0.164
146500,0.010,0.832,0.158
147000,0.010,0.901,0.089
147500,0.010,0.909,0.081
148000,0.010,0.986,0.004
148500,0.010,0.960,0.030
149000,0.010,0.918,0.072
149500,0.010,0.847,0.143
150000,0.010,0.928,0.062
150500,0.010,0.934,0.056
151000,0.010,0.924,0.066
151500,0.010,0.927,0.063
152000,0.010,0.941,0.049
152500,0.010,0.947,0.043
153000,0.010,0.983,0.007
153500,0.010,0.885,0.105
154000,0.010,0.986,0.004
154500,0.010,0.955,0.035
155000,0.010,0.934,0.056
155500,0.010,0.906,0.084
156000,0.010,0.775,0.215
156500,0.010,0.942,0.048
157000,0.010,0.802,0.188
157500,0.010,0.852,0.138
158000,0.010,0.940,0.050
158500,0.010,0.963,0.027
159000,0.010,0.987,0.003
159500,0.010,0.932,0.058
160000,0.010,0.966,0.024
160500,0.010,0.866,0.124
161000,0.010,0.790,0.200
161500,0.010,0.838,0.152
162000,0.010,0.937,0.053
162500,0.010,0.936,0.054
163000,0.010,0.818,0.172
163500,0.010,0.880,0.110
164000,0.010,0.987,0.003
164500,0.010,0.946,0.044
165000,0.010,0.844,0.146
165500,0.010,0.907,0.083
166000,0.010,0.926,0.064
166500,0.010,0.784,0.206
167000,0.010,0.780,0.210
167500,0.010,0.936,0.054
168000,0.010,0.916,0.074
168500,0.010,0.933,0.057
169000,0.010,0.941,0.049
169500,0.010,0.984,0.006
170000,0.010,0.910,0.080
170500,0.010,0.949,0.041
171000,0.010,0.946,0.044
171500,0.010,0.859,0.131
172000,0.010,0.904,0.086
172500,0.010,0.866,0.124
173000,0.010,0.892,0.098
173500,0.010,0.877,0.113
174000,0.010,0.856,0.134
174500,0.010,0.954,0.036
175000,0.010,0.846,0.144
175500,0.010,0.939,0.051
176000,0.010,0.906,0.084
176500,0.010,0.803,0.187
177000,0.010,0.813,0.177
177500,0.010,0.919,0.071
178000,0.010,0.944,0.046
178500,0.010,0.930,0.060
179000,0.010,0.784,0.206
179500,0.010,0.865,0.125
180000,0.010,0.965,0.025
180500,0.010,0.767,0.223
181000,0.010,0.825,0.165
181500,0.010,0.938,0.052
182000,0.010,0.969,0.021
182500,0.010,0.973,0.017
183000,0.010,0.896,0.094
183500,0.010,0.948,0.042
184000,0.010,0.984,0.006
184500,0.010,0.889,0.101
185000,0.010,0.930,0.060
185500,0.010,0.917,0.073
186000,0.010,0.731,0.259
186500,0.010,0.895,0.095
187000,0.010,0.945,0.045
187500,0.010,0.968,0.022
188000,0.010,0.962,0.028
188500,0.010,0.955,0.035
189000,0.010,0.944,0.046
189500,0.010,0.982,0.008
190000,0.010,0.875,0.115
190500,0.010,0.709,0.281
191000,0.010,0.933,0.057
191500,0.010,0.742,0.248
192000,0.010,0.867,0.123
192500,0.010,0.780,0.210
193000,0.010,0.849,0.141
193500,0.010,0.798,0.192
194000,0.010,0.834,0.156
194500,0.010,0.958,0.032
195000,0.010,0.871,0.119
195500,0.010,0.960,0.030
196000,0.010,0.959,0.031
196500,0.010,0.910,0.080
197000,0.010,0.910,0.080
197500,0.010,0.939,0.051
198000,0.010,0.847,0.143
198500,0.010,0.933,0.057
199000,0.010,0.835,0.155
199500,0.010,0.863,0.127
200000,0.010,0.865,0.125
200500,0.010,0.956,0.034
201000,0.010,0.690,0.300
201500,0.010,0.989,0.001
202000,0.010,0.964,0.026
202500,0.010,0.833,0.157
203000,0.010,0.929,0.061
203500,0.010,0.896,0.094
204000,0.010,0.964,0.026
204500,0.010,0.964,0.026
205000,0.010,0.990,0.000
205500,0.010,0.799,0.191
206000,0.010,0.874,0.116
206500,0.010,0.965,0.025
207000,0.010,0.964,0.026
207500,0.010,0.884,0.106
208000,0.010,0.684,0.306
208500,0.010,0.929,0.061
209000,0.010,0.879,0.111
209500,0.010,0.908,0.082
210000,0.010,0.953,0.037
210500,0.010,0.865,0.125
211000,0.010,0.768,0.222
211500,0.010,0.796,0.194
212000,0.010,0.858,0.132
212500,0.010,0.990,0.000
213000,0.010,0.906,0.084
213500,0.010,0.840,0.150
214000,0.010,0.741,0.249
214500,0.010,0.883,0.107
215000,0.010,0.887,0.103
215500,0.010,0.905,0.085
216000,0.010,0.987,0.003
216500,0.010,0.977,0.013
217000,0.010,0.990,0.000
217500,0.010,0.669,0.321
218000,0.010,0.866,0.124
218500,0.010,0.921,0.069
219000,0.010,0.837,0.153
219500,0.010,0.746,0.244
220000,0.010,0.936,0.054
220500,0.010,0.918,0.072
221000,0.010,0.883,0.107
221500,0.010,0.967,0.023
222000,0.010,0.967,0.023
222500,0.010,0.971,0.019
223000,0.010,0.806,0.184
223500,0.010,0.801,0.189
224000,0.010,0.989,0.001
224500,0.010,0.856,0.134
225000,0.010,0.959,0.031
225500,0.010,0.974,0.016
226000,0.010,0.928,0.062
226500,0.010,0.958,0.032
227000,0.010,0.825,0.165
227500,0.010,0.798,0.192
228000,0.010,0.942,0.048
228500,0.010,0.802,0.188
229000,0.010,0.725,0.265
229500,0.010,0.862,0.128
230000,0.010,0.908,0.082
230500,0.010,0.923,0.067
231000,0.010,0.979,0.011
231500,0.010,0.958,0.032
232000,0.010,0.921,0.069
232500,0.010,0.879,0.111
233000,0.010,0.807,0.183
233500,0.010,0.801,0.189
234000,0.010,0.942,0.048
234500,0.010,0.898,0.092
235000,0.010,0.882,0.108
235500,0.010,0.810,0.180
236000,0.010,0.895,0.095
236500,0.010,0.733,0.257
237000,0.010,0.836,0.154
237500,0.010,0.961,0.029
238000,0.010,0.852,0.138
238500,0.010,0.771,0.219
239000,0.010,0.802,0.188
239500,0.010,0.750,0.240
240000,0.010,0.985,0.005
240500,0.010,0.843,0.147
241000,0.010,0.840,0.150
241500,0.010,0.975,0.015
242000,0.010,0.969,0.021
242500,0.010,0.893,0.097
243000,0.010,0.882,0.108
243500,0.010,0.966,0.024
244000,0.010,0.828,0.162
244500,0.010,0.836,0.154
245000,0.010,0.767,0.223
245500,0.010,0.729,0.261
246000,0.010,0.748,0.242
246500,0.010,0.837,0.153
247000,0.010,0.835,0.155
247500,0.010,0.877,0.113
248000,0.010,0.787,0.203
248500,0.010,0.919,0.071
249000,0.010,0.943,0.047
249500,0.010,0.884,0.106
250000,0.010,0.863,0.127
250500,0.010,0.876,0.114
251000,0.010,0.955,0.035
251500,0.010,0.850,0.140
252000,0.010,0.804,0.186
252500,0.010,0.938,0.052
253000,0.010,0.955,0.035
253500,0.010,0.892,0.098
254000,0.010,0.731,0.259
254500,0.010,0.890,0.100
255000,0.010,0.934,0.056
255500,0.010,0.876,0.114
256000,0.010,0.952,0.038
256500,0.010,0.877,0.113
257000,0.010,0.987,0.003
257500,0.010,0.854,0.136
258000,0.010,0.857,0.133
258500,0.010,0.820,0.170
259000,0.010,0.817,0.173
259500,0.010,0.915,0.075
260000,0.010,0.761,0.229
260500,0.010,0.977,0.013
261000,0.010,0.941,0.049
261500,0.010,0.957,0.033
262000,0.010,0.875,0.115
262500,0.010,0.772,0.218
263000,0.010,0.898,0.092
263500,0.010,0.630,0.360
264000,0.010,0.717,0.273
264500,0.010,0.964,0.026
265000,0.010,0.870,0.120
265500,0.010,0.917,0.073
266000,0.010,0.836,0.154
266500,0.010,0.982,0.008
267000,0.010,0.989,0.001
267500,0.010,0.885,0.105
268000,0.010,0.750,0.240
268500,0.010,0.901,0.089
269000,0.010,0.968,0.022
269500,0.010,0.852,0.138
270000,0.010,0.891,0.099
270500,0.010,0.856,0.134
271000,0.010,0.738,0.252
271500,0.010,0.825,0.165
272000,0.010,0.902,0.088
272500,0.010,0.843,0.147
273000,0.010,0.929,0.061
273500,0.010,0.863,0.127
274000,0.010,0.926,0.064
274500,0.010,0.642,0.348
275000,0.010,0.895,0.095
275500,0.010,0.774,0.216
276000,0.010,0.952,0.038
276500,0.010,0.907,0.083
277000,0.010,0.864,0.126
277500,0.010,0.933,0.057
278000,0.010,0.837,0.153
278500,0.010,0.870,0.120
279000,0.010,0.987,0.003
279500,0.010,0.854,0.136
280000,0.010,0.838,0.152
280500,0.010,0.947,0.043
281000,0.010,0.802,0.188
281500,0.010,0.660,0.330
282000,0.010,0.836,0.154
282500,0.010,0.861,0.129
283000,0.010,0.987,0.003
283500,0.010,0.930,0.060
284000,0.010,0.863,0.127
284500,0.010,0.946,0.044
285000,0.010,0.926,0.064
285500,0.010,0.854,0.136
286000,0.010,0.695,0.295
286500,0.010,0.649,0.341
287000,0.010,0.859,0.131
287500,0.010,0.876,0.114
288000,0.010,0.945,0.045
288500,0.010,0.779,0.211
289000,0.010,0.898,0.092
289500,0.010,0.927,0.063
290000,0.010,0.956,0.034
290500,0.010,0.864,0.126
291000,0.010,0.784,0.206
291500,0.010,0.890,0.100
292000,0.010,0.933,0.057
292500,0.010,0.911,0.079
293000,0.010,0.676,0.314
293500,0.010,0.837,0.153
294000,0.010,0.917,0.073
294500,0.010,0.962,0.028
295000,0.010,0.839,0.151
295500,0.010,0.809,0.181
296000,0.010,0.835,0.155
296500,0.010,0.853,0.137
297000,0.010,0.697,0.293
297500,0.010,0.800,0.190
298000,0.010,0.839,0.151
298500,0.010,0.896,0.094
299000,0.010,0.972,0.018
299500,0.010,0.654,0.336
300000,0.010,0.823,0.167
300500,0.010,0.841,0.149
301000,0.010,0.930,0.060
301500,0.010,0.859,0.131
302000,0.010,0.938,0.052
302500,0.010,0.888,0.102
303000,0.010,0.828,0.162
303500,0.010,0.973,0.017
304000,0.010,0.984,0.006
304500,0.010,0.913,0.077
305000,0.010,0.873,0.117
305500,0.010,0.722,0.268
306000,0.010,0.966,0.024
306500,0.010,0.924,0.066
307000,0.010,0.969,0.021
307500,0.010,0.949,0.041
308000,0.010,0.910,0.080
308500,0.010,0.976,0.014
309000,0.010,0.975,0.015
309500,0.010,0.958,0.032
310000,0.010,0.832,0.158
310500,0.010,0.933,0.057
311000,0.010,0.945,0.045
311500,0.010,0.957,0.033
312000,0.010,0.815,0.175
312500,0.010,0.792,0.198
313000,0.010,0.933,0.057
313500,0.010,0.940,0.050
314000,0.010,0.972,0.018
314500,0.010,0.980,0.010
315000,0.010,0.896,0.094
315500,0.010,0.807,0.183
316000,0.010,0.928,0.062
316500,0.010,0.983,0.007
317000,0.010,0.798,0.192
317500,0.010,0.957,0.033
318000,0.010,0.886,0.104
318500,0.010,0.815,0.175
319000,0.010,0.930,0.060
319500,0.010,0.945,0.045
320000,0.010,0.961,0.029
320500,0.010,0.990,0.000
321000,0.010,0.869,0.121
321500,0.010,0.951,0.039
322000,0.010,0.785,0.205
322500,0.010,0.751,0.239
323000,0.010,0.817,0.173
323500,0.010,0.903,0.087
324000,0.010,0.850,0.140
324500,0.010,0.664,0.326
325000,0.010,0.880,0.110
325500,0.010,0.927,0.063
326000,0.010,0.891,0.099
326500,0.010,0.985,0.005
327000,0.010,0.841,0.149
327500,0.010,0.972,0.018
328000,0.010,0.829,0.161
328500,0.010,0.807,0.183
329000,0.010,0.874,0.116
329500,0.010,0.862,0.128
330000,0.010,0.949,0.041
330500,0.010,0.897,0.093
331000,0.010,0.915,0.075
331500,0.010,0.827,0.163
332000,0.010,0.908,0.082
332500,0.010,0.744,0.246
333000,0.010,0.959,0.031
333500,0.010,0.916,0.074
334000,0.010,0.962,0.028
334500,0.010,0.942,0.048
335000,0.010,0.865,0.125
335500,0.010,0.949,0.041
336000,0.010,0.905,0.085
336500,0.010,0.990,0.000
337000,0.010,0.707,0.283
337500,0.010,0.896,0.094
338000,0.010,0.717,0.273
338500,0.010,0.917,0.073
339000,0.010,0.920,0.070
339500,0.010,0.792,0.198
340000,0.010,0.714,0.276
340500,0.010,0.756,0.234
341000,0.010,0.901,0.089
341500,0.010,0.963,0.027
342000,0.010,0.830,0.160
342500,0.010,0.918,0.072
343000,0.010,0.980,0.010
343500,0.010,0.769,0.221
344000,0.010,0.858,0.132
344500,0.010,0.911,0.079
345000,0.010,0.900,0.090
345500,0.010,0.701,0.289
346000,0.010,0.820,0.170
346500,0.010,0.840,0.150
347000,0.010,0.894,0.096
347500,0.010,0.914,0.076
348000,0.010,0.878,0.112
348500,0.010,0.969,0.021
349000,0.010,0.887,0.103
349500,0.010,0.872,0.118
350000,0.010,0.929,0.061
350500,0.010,0.847,0.143
351000,0.010,0.746,0.244
351500,0.010,0.802,0.188
352000,0.010,0.909,0.081
352500,0.010,0.972,0.018
353000,0.010,0.977,0.013
353500,0.010,0.890,0.100
354000,0.010,0.926,0.064
354500,0.010,0.928,0.062
355000,0.010,0.931,0.059
355500,0.010,0.914,0.076
356000,0.010,0.911,0.079
356500,0.010,0.937,0.053
357000,0.010,0.816,0.174
357500,0.010,0.867,0.123
358000,0.010,0.844,0.146
358500,0.010,0.897,0.093
359000,0.010,0.940,0.050
359500,0.010,0.774,0.216
360000,0.010,0.926,0.064
360500,0.010,0.976,0.014
361000,0.010,0.949,0.041
361500,0.010,0.747,0.243
362000,0.010,0.806,0.184
362500,0.010,0.798,0.192
363000,0.010,0.859,0.131
363500,0.010,0.765,0.225
364000,0.010,0.733,0.257
364500,0.010,0.813,0.177
365000,0.010,0.826,0.164
365500,0.010,0.970,0.020
366000,0.010,0.943,0.047
366500,0.010,0.944,0.046
367000,0.010,0.794,0.196
367500,0.010,0.747,0.243
368000,0.010,0.843,0.147
368500,0.010,0.827,0.163
369000,0.010,0.876,0.114
369500,0.010,0.929,0.061
370000,0.010,0.931,0.059
370500,0.010,0.772,0.218
371000,0.010,0.916,0.074
371500,0.010,0.848,0.142
372000,0.010,0.965,0.025
372500,0.010,0.969,0.021
373000,0.010,0.889,0.101
373500,0.010,0.593,0.397
374000,0.010,0.988,0.002
374500,0.010,0.790,0.200
375000,0.010,0.717,0.273
375500,0.010,0.799,0.191
376000,0.010,0.970,0.020
376500,0.010,0.985,0.005
377000,0.010,0.694,0.296
377500,0.010,0.945,0.045
378000,0.010,0.761,0.229
378500,0.010,0.863,0.127
379000,0.010,0.872,0.118
379500,0.010,0.861,0.129
380000,0.010,0.724,0.266
380500,0.010,0.895,0.095
381000,0.010,0.830,0.160
381500,0.010,0.953,0.037
382000,0.010,0.979,0.011
382500,0.010,0.914,0.076
383000,0.010,0.848,0.142
383500,0.010,0.806,0.184
384000,0.010,0.926,0.064
384500,0.010,0.968,0.022
385000,0.010,0.944,0.046
385500,0.010,0.967,0.023
386000,0.010,0.860,0.130
386500,0.010,0.933,0.057
387000,0.010,0.813,0.177
387500,0.010,0.887,0.103
388000,0.010,0.880,0.110
388500,0.010,0.887,0.103
389000,0.010,0.940,0.050
389500,0.010,0.892,0.098
390000,0.010,0.828,0.162
390500,0.010,0.863,0.127
391000,0.010,0.944,0.046
391500,0.010,0.925,0.065
392000,0.010,0.935,0.055
392500,0.010,0.878,0.112
393000,0.010,0.940,0.050
393500,0.010,0.960,0.030
394000,0.010,0.847,0.143
394500,0.010,0.899,0.091
395000,0.010,0.988,0.002
395500,0.010,0.910,0.080
396000,0.010,0.934,0.056
396500,0.010,0.911,0.079
397000,0.010,0.989,0.001
397500,0.010,0.930,0.060
398000,0.010,0.756,0.234
398500,0.010,0.782,0.208
399000,0.010,0.950,0.040
399500,0.010,0.910,0.080
400000,0.010,0.871,0.119
400500,0.010,0.775,0.215
401000,0.010,0.930,0.060
401500,0.010,0.614,0.376
402000,0.010,0.826,0.164
402500,0.010,0.956,0.034
403000,0.010,0.968,0.022
403500,0.010,0.912,0.078
404000,0.010,0.906,0.084
404500,0.010,0.938,0.052
405000,0.010,0.866,0.124
405500,0.010,0.963,0.027
406000,0.010,0.984,0.006
406500,0.010,0.944,0.046
407000,0.010,0.978,0.012
407500,0.010,0.988,0.002
408000,0.010,0.937,0.053
408500,0.010,0.896,0.094
409000,0.010,0.939,0.051
409500,0.010,0.793,0.197
410000,0.010,0.870,0.120
410500,0.010,0.829,0.161
411000,0.010,0.868,0.122
411500,0.010,0.845,0.145
412000,0.010,0.883,0.107
412500,0.010,0.910,0.080
413000,0.010,0.829,0.161
413500,0.010,0.722,0.268
414000,0.010,0.901,0.089
414500,0.010,0.984,0.006
415000,0.010,0.944,0.046
415500,0.010,0.963,0.027
416000,0.010,0.946,0.044
416500,0.010,0.983,0.007
417000,0.010,0.676,0.314
417500,0.010,0.882,0.108
418000,0.010,0.766,0.224
418500,0.010,0.867,0.123
419000,0.010,0.934,0.056
419500,0.010,0.893,0.097
420000,0.010,0.780,0.210
420500,0.010,0.869,0.121
421000,0.010,0.989,0.001
421500,0.010,0.921,0.069
422000,0.010,0.909,0.081
422500,0.010,0.720,0.270
423000,0.010,0.922,0.068
423500,0.010,0.930,0.060
424000,0.010,0.963,0.027
424500,0.010,0.968,0.022
425000,0.010,0.772,0.218
425500,0.010,0.774,0.216
426000,0.010,0.696,0.294
426500,0.010,0.843,0.147
427000,0.010,0.947,0.043
427500,0.010,0.926,0.064
428000,0.010,0.945,0.045
428500,0.010,0.925,0.065
429000,0.010,0.886,0.104
429500,0.010,0.892,0.098
430000,0.010,0.878,0.112
430500,0.010,0.808,0.182
431000,0.010,0.862,0.128
431500,0.010,0.730,0.260
432000,0.010,0.948,0.042
432500,0.010,0.857,0.133
433000,0.010,0.782,0.208
433500,0.010,0.943,0.047
434000,0.010,0.870,0.120
434500,0.010,0.783,0.207
435000,0.010,0.989,0.001
435500,0.010,0.980,0.010
436000,0.010,0.871,0.119
436500,0.010,0.846,0.144
437000,0.010,0.746,0.244
437500,0.010,0.938,0.052
438000,0.010,0.907,0.083
438500,0.010,0.877,0.113
439000,0.010,0.990,0.000
439500,0.010,0.975,0.015
440000,0.010,0.852,0.138
440500,0.010,0.937,0.053
441000,0.010,0.827,0.163
441500,0.010,0.924,0.066
442000,0.010,0.867,0.123
442500,0.010,0.868,0.122
443000,0.010,0.961,0.029
443500,0.010,0.883,0.107
444000,0.010,0.796,0.194
444500,0.010,0.812,0.178
445000,0.010,0.838,0.152
445500,0.010,0.785,0.205
446000,0.010,0.875,0.115
446500,0.010,0.985,0.005
447000,0.010,0.776,0.214
447500,0.010,0.820,0.170
448000,0.010,0.832,0.158
448500,0.010,0.902,0.088
449000,0.010,0.615,0.375
449500,0.010,0.839,0.151
450000,0.010,0.865,0.125
450500,0.010,0.988,0.002
451000,0.010,0.980,0.010
451500,0.010,0.958,0.032
452000,0.010,0.895,0.095
452500,0.010,0.917,0.073
453000,0.010,0.847,0.143
453500,0.010,0.872,0.118
454000,0.010,0.876,0.114
454500,0.010,0.781,0.209
455000,0.010,0.956,0.034
455500,0.010,0.700,0.290
456000,0.010,0.729,0.261
456500,0.010,0.987,0.003
457000,0.010,0.990,0.000
457500,0.010,0.969,0.021
458000,0.010,0.723,0.267
458500,0.010,0.853,0.137
459000,0.010,0.885,0.105
459500,0.010,0.759,0.231
460000,0.010,0.926,0.064
460500,0.010,0.666,0.324
461000,0.010,0.791,0.199
461500,0.010,0.961,0.029
462000,0.010,0.955,0.035
462500,0.010,0.950,0.040
463000,0.010,0.883,0.107
463500,0.010,0.958,0.032
464000,0.010,0.989,0.001
464500,0.010,0.971,0.019
465000,0.010,0.930,0.060
465500,0.010,0.986,0.004
466000,0.010,0.839,0.151
466500,0.010,0.931,0.059
467000,0.010,0.984,0.006
467500,0.010,0.919,0.071
468000,0.010,0.968,0.022
468500,0.010,0.897,0.093
469000,0.010,0.951,0.039
469500,0.010,0.944,0.046
470000,0.010,0.990,0.000
470500,0.010,0.901,0.089
471000,0.010,0.949,0.041
471500,0.010,0.890,0.100
472000,0.010,0.823,0.167
472500,0.010,0.884,0.106
473000,0.010,0.929,0.061
473500,0.010,0.973,0.017
474000,0.010,0.795,0.195
474500,0.010,0.802,0.188
475000,0.010,0.871,0.119
475500,0.010,0.875,0.115
476000,0.010,0.941,0.049
476500,0.010,0.912,0.078
477000,0.010,0.868,0.122
477500,0.010,0.954,0.036
478000,0.010,0.871,0.119
478500,0.010,0.946,0.044
479000,0.010,0.937,0.053
479500,0.010,0.969,0.021
480000,0.010,0.706,0.284
480500,0.010,0.879,0.111
481000,0.010,0.922,0.068
481500,0.010,0.898,0.092
482000,0.010,0.890,0.100
482500,0.010,0.935,0.055
483000,0.010,0.902,0.088
483500,0.010,0.756,0.234
484000,0.010,0.774,0.216
484500,0.010,0.781,0.209
485000,0.010,0.905,0.085
485500,0.010,0.990,0.000
486000,0.010,0.939,0.051
486500,0.010,0.914,0.076
487000,0.010,0.973,0.017
487500,0.010,0.899,0.091
488000,0.010,0.980,0.010
488500,0.010,0.975,0.015
489000,0.010,0.933,0.057
489500,0.010,0.974,0.016
490000,0.010,0.918,0.072
490500,0.010,0.915,0.075
491000,0.010,0.954,0.036
491500,0.010,0.978,0.012
492000,0.010,0.943,0.047
492500,0.010,0.897,0.093
493000,0.010,0.727,0.263
493500,0.010,0.868,0.122
494000,0.010,0.748,0.242
494500,0.010,0.788,0.202
495000,0.010,0.957,0.033
495500,0.010,0.959,0.031
496000,0.010,0.950,0.040
496500,0.010,0.948,0.042
497000,0.010,0.926,0.064
497500,0.010,0.979,0.011
498000,0.010,0.845,0.145
498500,0.010,0.824,0.166
499000,0.010,0.865,0.125
499500,0.010,0.849,0.141
500000,0.010,0.902,0.088
500500,0.010,0.931,0.059
501000,0.010,0.981,0.009
501500,0.010,0.778,0.212
502000,0.010,0.769,0.221
502500,0.010,0.676,0.314
503000,0.010,0.882,0.108
503500,0.010,0.973,0.017
504000,0.010,0.868,0.122
504500,0.010,0.915,0.075
505000,0.010,0.854,0.136
505500,0.010,0.872,0.118
506000,0.010,0.984,0.006
506500,0.010,0.983,0.007
507000,0.010,0.897,0.093
507500,0.010,0.924,0.066
508000,0.010,0.960,0.030
508500,0.010,0.957,0.033
509000,0.010,0.962,0.028
509500,0.010,0.855,0.135
510000,0.010,0.936,0.054
510500,0.010,0.699,0.291
511000,0.010,0.705,0.285
511500,0.010,0.866,0.124
512000,0.010,0.939,0.051
512500,0.010,0.933,0.057
513000,0.010,0.955,0.035
513500,0.010,0.978,0.012
514000,0.010,0.977,0.013
514500,0.010,0.955,0.035
515000,0.010,0.970,0.020
515500,0.010,0.925,0.065
516000,0.010,0.781,0.209
516500,0.010,0.855,0.135
517000,0.010,0.901,0.089
517500,0.010,0.872,0.118
518000,0.010,0.611,0.379
518500,0.010,0.828,0.162
519000,0.010,0.863,0.127
519500,0.010,0.930,0.060
520000,0.010,0.886,0.104
520500,0.010,0.989,0.001
521000,0.010,0.874,0.116
521500,0.010,0.972,0.018
522000,0.010,0.828,0.162
522500,0.010,0.962,0.028
523000,0.010,0.868,0.122
523500,0.010,0.890,0.100
524000,0.010,0.879,0.111
524500,0.010,0.878,0.112
525000,0.010,0.853,0.137
525500,0.010,0.635,0.355
526000,0.010,0.879,0.111
526500,0.010,0.695,0.295
527000,0.010,0.774,0.216
527500,0.010,0.907,0.083
528000,0.010,0.792,0.198
528500,0.010,0.739,0.251
529000,0.010,0.896,0.094
529500,0.010,0.881,0.109
530000,0.010,0.821,0.169
530500,0.010,0.943,0.047
531000,0.010,0.897,0.093
531500,0.010,0.956,0.034
532000,0.010,0.780,0.210
532500,0.010,0.958,0.032
533000,0.010,0.987,0.003
533500,0.010,0.869,0.121
534000,0.010,0.719,0.271
534500,0.010,0.931,0.059
535000,0.010,0.872,0.118
535500,0.010,0.807,0.183
536000,0.010,0.832,0.158
536500,0.010,0.980,0.010
537000,0.010,0.958,0.032
537500,0.010,0.939,0.051
538000,0.010,0.886,0.104
538500,0.010,0.970,0.020
539000,0.010,0.811,0.179
539500,0.010,0.770,0.220
540000,0.010,0.841,0.149
540500,0.010,0.808,0.182
541000,0.010,0.678,0.312
541500,0.010,0.932,0.058
542000,0.010,0.876,0.114
542500,0.010,0.977,0.013
543000,0.010,0.950,0.040
543500,0.010,0.942,0.048
544000,0.010,0.866,0.124
544500,0.010,0.962,0.028
545000,0.010,0.979,0.011
545500,0.010,0.937,0.053
546000,0.010,0.950,0.040
546500,0.010,0.968,0.022
547000,0.010,0.965,0.025
547500,0.010,0.796,0.194
548000,0.010,0.893,0.097
548500,0.010,0.984,0.006
549000,0.010,0.973,0.017
549500,0.010,0.827,0.163
550000,0.010,0.919,0.071
550500,0.010,0.785,0.205
551000,0.010,0.974,0.016
551500,0.010,0.796,0.194
552000,0.010,0.847,0.143
552500,0.010,0.750,0.240
553000,0.010,0.879,0.111
553500,0.010,0.969,0.021
554000,0.010,0.963,0.027
554500,0.010,0.662,0.328
555000,0.010,0.897,0.093
555500,0.010,0.798,0.192
556000,0.010,0.969,0.021
556500,0.010,0.984,0.006
557000,0.010,0.936,0.054
557500,0.010,0.962,0.028
558000,0.010,0.935,0.055
558500,0.010,0.974,0.016
559000,0.010,0.948,0.042
559500,0.010,0.990,0.000
560000,0.010,0.958,0.032
560500,0.010,0.750,0.240
561000,0.010,0.875,0.115
561500,0.010,0.952,0.038
562000,0.010,0.814,0.176
562500,0.010,0.788,0.202
563000,0.010,0.938,0.052
563500,0.010,0.986,0.004
564000,0.010,0.757,0.233
564500,0.010,0.833,0.157
565000,0.010,0.976,0.014
565500,0.010,0.934,0.056
566000,0.010,0.955,0.035
566500,0.010,0.955,0.035
567000,0.010,0.940,0.050
567500,0.010,0.929,0.061
568000,0.010,0.847,0.143
568500,0.010,0.849,0.141
569000,0.010,0.941,0.049
569500,0.010,0.984,0.006
570000,0.010,0.952,0.038
570500,0.010,0.917,0.073
571000,0.010,0.990,0.000
571500,0.010,0.948,0.042
572000,0.010,0.964,0.026
572500,0.010,0.879,0.111
573000,0.010,0.761,0.229
573500,0.010,0.818,0.172
574000,0.010,0.902,0.088
574500,0.010,0.935,0.055
575000,0.010,0.909,0.081
575500,0.010,0.928,0.062
576000,0.010,0.968,0.022
576500,0.010,0.919,0.071
577000,0.010,0.944,0.046
577500,0.010,0.933,0.057
578000,0.010,0.847,0.143
578500,0.010,0.891,0.099
579000,0.010,0.782,0.208
579500,0.010,0.957,0.033
580000,0.010,0.842,0.148
580500,0.010,0.677,0.313
581000,0.010,0.656,0.334
581500,0.010,0.868,0.122
582000,0.010,0.892,0.098
582500,0.010,0.926,0.064
583000,0.010,0.967,0.023
583500,0.010,0.873,0.117
584000,0.010,0.800,0.190
584500,0.010,0.979,0.011
585000,0.010,0.974,0.016
585500,0.010,0.838,0.152
586000,0.010,0.927,0.063
586500,0.010,0.950,0.040
587000,0.010,0.923,0.067
587500,0.010,0.975,0.015
588000,0.010,0.912,0.078
588500,0.010,0.961,0.029
589000,0.010,0.833,0.157
589500,0.010,0.724,0.266
590000,0.010,0.813,0.177
590500,0.010,0.896,0.094
591000,0.010,0.861,0.129
591500,0.010,0.930,0.060
592000,0.010,0.984,0.006
592500,0.010,0.926,0.064
593000,0.010,0.878,0.112
593500,0.010,0.789,0.201
594000,0.010,0.796,0.194
594500,0.010,0.754,0.236
595000,0.010,0.955,0.035
595500,0.010,0.910,0.080
596000,0.010,0.943,0.047
596500,0.010,0.829,0.161
597000,0.010,0.900,0.090
597500,0.010,0.931,0.059
598000,0.010,0.906,0.084
598500,0.010,0.987,0.003
599000,0.010,0.899,0.091
599500,0.010,0.894,0.096
600000,0.010,0.637,0.353
600500,0.010,0.747,0.243
601000,0.010,0.848,0.142
601500,0.010,0.819,0.171
602000,0.010,0.858,0.132
602500,0.010,0.952,0.038
603000,0.010,0.885,0.105
603500,0.010,0.979,0.011
604000,0.010,0.916,0.074
604500,0.010,0.854,0.136
605000,0.010,0.885,0.105
605500,0.010,0.873,0.117
606000,0.010,0.945,0.045
606500,0.010,0.979,0.011
607000,0.010,0.946,0.044
607500,0.010,0.972,0.018
608000,0.010,0.916,0.074
608500,0.010,0.810,0.180
609000,0.010,0.967,0.023
609500,0.010,0.874,0.116
610000,0.010,0.892,0.098
610500,0.010,0.848,0.142
611000,0.010,0.851,0.139
611500,0.010,0.787,0.203
612000,0.010,0.891,0.099
612500,0.010,0.953,0.037
613000,0.010,0.753,0.237
613500,0.010,0.965,0.025
614000,0.010,0.878,0.112
614500,0.010,0.916,0.074
615000,0.010,0.938,0.052
615500,0.010,0.988,0.002
616000,0.010,0.941,0.049
616500,0.010,0.958,0.032
617000,0.010,0.842,0.148
617500,0.010,0.742,0.248
618000,0.010,0.815,0.175
618500,0.010,0.827,0.163
619000,0.010,0.899,0.091
619500,0.010,0.897,0.093
620000,0.010,0.779,0.211
620500,0.010,0.888,0.102
621000,0.010,0.787,0.203
621500,0.010,0.897,0.093
622000,0.010,0.949,0.041
622500,0.010,0.798,0.192
623000,0.010,0.922,0.068
623500,0.010,0.837,0.153
624000,0.010,0.900,0.090
624500,0.010,0.911,0.079
625000,0.010,0.878,0.112
625500,0.010,0.962,0.028
626000,0.010,0.924,0.066
626500,0.010,0.778,0.212
627000,0.010,0.790,0.200
627500,0.010,0.812,0.178
628000,0.010,0.841,0.149
628500,0.010,0.854,0.136
629000,0.010,0.910,0.080
629500,0.010,0.805,0.185
630000,0.010,0.977,0.013
630500,0.010,0.931,0.059
631000,0.010,0.953,0.037
631500,0.010,0.873,0.117
632000,0.010,0.959,0.031
632500,0.010,0.981,0.009
633000,0.010,0.831,0.159
633500,0.010,0.970,0.020
634000,0.010,0.944,0.046
634500,0.010,0.954,0.036
635000,0.010,0.989,0.001
635500,0.010,0.971,0.019
636000,0.010,0.841,0.149
636500,0.010,0.914,0.076
637000,0.010,0.986,0.004
637500,0.010,0.888,0.102
638000,0.010,0.878,0.112
638500,0.010,0.974,0.016
639000,0.010,0.943,0.047
639500,0.010,0.936,0.054
640000,0.010,0.820,0.170
640500,0.010,0.914,0.076
641000,0.010,0.987,0.003
641500,0.010,0.877,0.113
642000,0.010,0.796,0.194
642500,0.010,0.646,0.344
643000,0.010,0.989,0.001
643500,0.010,0.918,0.072
644000,0.010,0.985,0.005
644500,0.010,0.912,0.078
645000,0.010,0.911,0.079
645500,0.010,0.910,0.080
646000,0.010,0.737,0.253
646500,0.010,0.876,0.114
647000,0.010,0.922,0.068
647500,0.010,0.990,0.000
648000,0.010,0.975,0.015
648500,0.010,0.950,0.040
649000,0.010,0.906,0.084
649500,0.010,0.962,0.028
650000,0.010,0.903,0.087
650500,0.010,0.841,0.149
651000,0.010,0.948,0.042
651500,0.010,0.971,0.019
652000,0.010,0.837,0.153
652500,0.010,0.896,0.094
653000,0.010,0.918,0.072
653500,0.010,0.898,0.092
654000,0.010,0.911,0.079
654500,0.010,0.910,0.080
655000,0.010,0.915,0.075
655500,0.010,0.959,0.031
656000,0.010,0.976,0.014
656500,0.010,0.947,0.043
657000,0.010,0.937,0.053
657500,0.010,0.782,0.208
658000,0.010,0.869,0.121
658500,0.010,0.929,0.061
659000,0.010,0.743,0.247
659500,0.010,0.703,0.287
660000,0.010,0.837,0.153
660500,0.010,0.989,0.001
661000,0.010,0.983,0.007
661500,0.010,0.940,0.050
662000,0.010,0.806,0.184
662500,0.010,0.752,0.238
663000,0.010,0.784,0.206
663500,0.010,0.941,0.049
664000,0.010,0.893,0.097
664500,0.010,0.730,0.260
665000,0.010,0.918,0.072
665500,0.010,0.928,0.062
666000,0.010,0.803,0.187
666500,0.010,0.969,0.021
667000,0.010,0.914,0.076
667500,0.010,0.955,0.035
668000,0.010,0.933,0.057
668500,0.010,0.956,0.034
669000,0.010,0.865,0.125
669500,0.010,0.801,0.189
670000,0.010,0.689,0.301
670500,0.010,0.867,0.123
671000,0.010,0.751,0.239
671500,0.010,0.906,0.084
672000,0.010,0.943,0.047
672500,0.010,0.953,0.037
673000,0.010,0.968,0.022
673500,0.010,0.882,0.108
674000,0.010,0.947,0.043
674500,0.010,0.974,0.016
675000,0.010,0.968,0.022
675500,0.010,0.907,0.083
676000,0.010,0.956,0.034
676500,0.010,0.916,0.074
677000,0.010,0.807,0.183
677500,0.010,0.778,0.212
678000,0.010,0.984,0.006
678500,0.010,0.906,0.084
679000,0.010,0.986,0.004
679500,0.010,0.950,0.040
680000,0.010,0.867,0.123
680500,0.010,0.913,0.077
681000,0.010,0.924,0.066
681500,0.010,0.881,0.109
682000,0.010,0.883,0.107
682500,0.010,0.939,0.051
683000,0.010,0.828,0.162
683500,0.010,0.920,0.070
684000,0.010,0.839,0.151
684500,0.010,0.769,0.221
685000,0.010,0.817,0.173
685500,0.010,0.900,0.090
686000,0.010,0.973,0.017
686500,0.010,0.901,0.089
687000,0.010,0.826,0.164
687500,0.010,0.791,0.199
688000,0.010,0.752,0.238
688500,0.010,0.979,0.011
689000,0.010,0.984,0.006
689500,0.010,0.961,0.029
690000,0.010,0.958,0.032
690500,0.010,0.916,0.074
691000,0.010,0.767,0.223
691500,0.010,0.877,0.113
692000,0.010,0.980,0.010
692500,0.010,0.740,0.250
693000,0.010,0.982,0.008
693500,0.010,0.979,0.011
694000,0.010,0.990,0.000
694500,0.010,0.894,0.096
695000,0.010,0.876,0.114
695500,0.010,0.831,0.159
696000,0.010,0.965,0.025
696500,0.010,0.863,0.127
697000,0.010,0.781,0.209
697500,0.010,0.839,0.151
698000,0.010,0.794,0.196
698500,0.010,0.921,0.069
699000,0.010,0.830,0.160
699500,0.010,0.893,0.097
700000,0.010,0.951,0.039
700500,0.010,0.967,0.023
701000,0.010,0.935,0.055
701500,0.010,0.786,0.204
702000,0.010,0.868,0.122
702500,0.010,0.729,0.261
703000,0.010,0.869,0.121
703500,0.010,0.767,0.223
704000,0.010,0.906,0.084
704500,0.010,0.821,0.169
705000,0.010,0.912,0.078
705500,0.010,0.864,0.126
706000,0.010,0.817,0.173
706500,0.010,0.807,0.183
707000,0.010,0.909,0.081
707500,0.010,0.771,0.219
708000,0.010,0.947,0.043
708500,0.010,0.989,0.001
709000,0.010,0.990,0.000
709500,0.010,0.978,0.012
710000,0.010,0.839,0.151
710500,0.010,0.946,0.044
711000,0.010,0.936,0.054
711500,0.010,0.888,0.102
712000,0.010,0.931,0.059
712500,0.010,0.936,0.054
713000,0.010,0.958,0.032
713500,0.010,0.935,0.055
714000,0.010,0.957,0.033
714500,0.010,0.975,0.015
715000,0.010,0.803,0.187
715500,0.010,0.886,0.104
716000,0.010,0.954,0.036
716500,0.010,0.930,0.060
717000,0.010,0.932,0.058
717500,0.010,0.916,0.074
718000,0.010,0.918,0.072
718500,0.010,0.689,0.301
719000,0.010,0.831,0.159
719500,0.010,0.937,0.053
720000,0.010,0.895,0.095
720500,0.010,0.901,0.089
721000,0.010,0.976,0.014
721500,0.010,0.857,0.133
722000,0.010,0.888,0.102
722500,0.010,0.874,0.116
723000,0.010,0.797,0.193
723500,0.010,0.972,0.018
724000,0.010,0.932,0.058
724500,0.010,0.915,0.075
725000,0.010,0.863,0.127
725500,0.010,0.902,0.088
726000,0.010,0.953,0.037
726500,0.010,0.982,0.008
727000,0.010,0.945,0.045
727500,0.010,0.836,0.154
728000,0.010,0.635,0.355
728500,0.010,0.848,0.142
729000,0.010,0.918,0.072
729500,0.010,0.986,0.004
730000,0.010,0.959,0.031
730500,0.010,0.776,0.214
731000,0.010,0.871,0.119
731500,0.010,0.926,0.064
732000,0.010,0.872,0.118
732500,0.010,0.838,0.152
733000,0.010,0.780,0.210
733500,0.010,0.857,0.133
734000,0.010,0.979,0.011
734500,0.010,0.990,0.000
735000,0.010,0.879,0.111
735500,0.010,0.893,0.097
736000,0.010,0.947,0.043
736500,0.010,0.889,0.101
737000,0.010,0.906,0.084
737500,0.010,0.892,0.098
738000,0.010,0.829,0.161
738500,0.010,0.961,0.029
739000,0.010,0.941,0.049
739500,0.010,0.848,0.142
740000,0.010,0.689,0.301
740500,0.010,0.962,0.028
741000,0.010,0.854,0.136
741500,0.010,0.774,0.216
742000,0.010,0.861,0.129
742500,0.010,0.971,0.019
743000,0.010,0.886,0.104
743500,0.010,0.620,0.370
744000,0.010,0.803,0.187
744500,0.010,0.908,0.082
745000,0.010,0.886,0.104
745500,0.010,0.873,0.117
746000,0.010,0.926,0.064
746500,0.010,0.932,0.058
747000,0.010,0.753,0.237
747500,0.010,0.879,0.111
748000,0.010,0.971,0.019
748500,0.010,0.926,0.064
749000,0.010,0.940,0.050
749500,0.010,0.787,0.203
750000,0.010,0.889,0.101
750500,0.010,0.888,0.102
751000,0.010,0.794,0.196
751500,0.010,0.702,0.288
752000,0.010,0.914,0.076
752500,0.010,0.982,0.008
753000,0.010,0.989,0.001
753500,0.010,0.902,0.088
754000,0.010,0.882,0.108
754500,0.010,0.968,0.022
755000,0.010,0.957,0.033
755500,0.010,0.962,0.028
756000,0.010,0.934,0.056
756500,0.010,0.951,0.039
757000,0.010,0.682,0.308
757500,0.010,0.909,0.081
758000,0.010,0.869,0.121
758500,0.010,0.857,0.133
759000,0.010,0.852,0.138
759500,0.010,0.919,0.071
760000,0.010,0.804,0.186
760500,0.010,0.882,0.108
761000,0.010,0.945,0.045
761500,0.010,0.985,0.005
762000,0.010,0.829,0.161
762500,0.010,0.939,0.051
763000,0.010,0.830,0.160
763500,0.010,0.974,0.016
764000,0.010,0.815,0.175
764500,0.010,0.970,0.020
765000,0.010,0.781,0.209
765500,0.010,0.970,0.020
766000,0.010,0.980,0.010
766500,0.010,0.888,0.102
767000,0.010,0.847,0.143
767500,0.010,0.981,0.009
768000,0.010,0.901,0.089
768500,0.010,0.918,0.072
769000,0.010,0.970,0.020
769500,0.010,0.953,0.037
770000,0.010,0.934,0.056
770500,0.010,0.953,0.037
771000,0.010,0.880,0.110
771500,0.010,0.926,0.064
772000,0.010,0.791,0.199
772500,0.010,0.900,0.090
773000,0.010,0.745,0.245
773500,0.010,0.865,0.125
774000,0.010,0.793,0.197
774500,0.010,0.876,0.114
775000,0.010,0.887,0.103
775500,0.010,0.973,0.017
776000,0.010,0.925,0.065
776500,0.010,0.724,0.266
777000,0.010,0.797,0.193
777500,0.010,0.964,0.026
778000,0.010,0.818,0.172
778500,0.010,0.942,0.048
779000,0.010,0.987,0.003
779500,0.010,0.953,0.037
780000,0.010,0.926,0.064
780500,0.010,0.961,0.029
781000,0.010,0.945,0.045
781500,0.010,0.915,0.075
782000,0.010,0.867,0.123
782500,0.010,0.947,0.043
783000,0.010,0.956,0.034
783500,0.010,0.901,0.089
784000,0.010,0.812,0.178
784500,0.010,0.943,0.047
785000,0.010,0.980,0.010
785500,0.010,0.946,0.044
786000,0.010,0.874,0.116
786500,0.010,0.936,0.054
787000,0.010,0.785,0.205
787500,0.010,0.867,0.123
788000,0.010,0.768,0.222
788500,0.010,0.929,0.061
789000,0.010,0.960,0.030
789500,0.010,0.975,0.015
790000,0.010,0.941,0.049
790500,0.010,0.949,0.041
791000,0.010,0.955,0.035
791500,0.010,0.954,0.036
792000,0.010,0.970,0.020
792500,0.010,0.904,0.086
793000,0.010,0.851,0.139
793500,0.010,0.853,0.137
794000,0.010,0.835,0.155
794500,0.010,0.981,0.009
795000,0.010,0.950,0.040
795500,0.010,0.989,0.001
796000,0.010,0.923,0.067
796500,0.010,0.892,0.098
797000,0.010,0.911,0.079
797500,0.010,0.905,0.085
798000,0.010,0.837,0.153
798500,0.010,0.753,0.237
799000,0.010,0.901,0.089
799500,0.010,0.982,0.008
800000,0.010,0.982,0.008
800500,0.010,0.981,0.009
801000,0.010,0.871,0.119
801500,0.010,0.906,0.084
802000,0.010,0.749,0.241
802500,0.010,0.840,0.150
803000,0.010,0.875,0.115
803500,0.010,0.918,0.072
804000,0.010,0.980,0.010
804500,0.010,0.952,0.038
805000,0.010,0.666,0.324
805500,0.010,0.899,0.091
806000,0.010,0.832,0.158
806500,0.010,0.921,0.069
807000,0.010,0.900,0.090
807500,0.010,0.887,0.103
808000,0.010,0.869,0.121
808500,0.010,0.745,0.245
809000,0.010,0.784,0.206
809500,0.010,0.658,0.332
810000,0.010,0.814,0.176
810500,0.010,0.990,0.000
811000,0.010,0.986,0.004
811500,0.010,0.980,0.010
812000,0.010,0.825,0.165
812500,0.010,0.834,0.156
813000,0.010,0.885,0.105
813500,0.010,0.921,0.069
814000,0.010,0.896,0.094
814500,0.010,0.767,0.223
815000,0.010,0.939,0.051
815500,0.010,0.907,0.083
816000,0.010,0.961,0.029
816500,0.010,0.954,0.036
817000,0.010,0.890,0.100
817500,0.010,0.989,0.001
818000,0.010,0.920,0.070
818500,0.010,0.837,0.153
819000,0.010,0.926,0.064
819500,0.010,0.873,0.117
820000,0.010,0.888,0.102
820500,0.010,0.836,0.154
821000,0.010,0.974,0.016
821500,0.010,0.990,0.000
822000,0.010,0.945,0.045
822500,0.010,0.911,0.079
823000,0.010,0.906,0.084
823500,0.010,0.844,0.146
824000,0.010,0.554,0.436
824500,0.010,0.799,0.191
825000,0.010,0.912,0.078
825500,0.010,0.892,0.098
826000,0.010,0.744,0.246
826500,0.010,0.948,0.042
827000,0.010,0.848,0.142
827500,0.010,0.946,0.044
828000,0.010,0.713,0.277
828500,0.010,0.908,0.082
829000,0.010,0.879,0.111
829500,0.010,0.941,0.049
830000,0.010,0.957,0.033
830500,0.010,0.885,0.105
831000,0.010,0.821,0.169
831500,0.010,0.772,0.218
832000,0.010,0.700,0.290
832500,0.010,0.824,0.166
833000,0.010,0.914,0.076
833500,0.010,0.936,0.054
834000,0.010,0.943,0.047
834500,0.010,0.987,0.003
835000,0.010,0.800,0.190
835500,0.010,0.957,0.033
836000,0.010,0.963,0.027
836500,0.010,0.707,0.283
837000,0.010,0.855,0.135
837500,0.010,0.916,0.074
838000,0.010,0.750,0.240
838500,0.010,0.940,0.050
839000,0.010,0.904,0.086
839500,0.010,0.929,0.061
840000,0.010,0.956,0.034
840500,0.010,0.878,0.112
841000,0.010,0.738,0.252
841500,0.010,0.951,0.039
842000,0.010,0.819,0.171
842500,0.010,0.911,0.079
843000,0.010,0.842,0.148
843500,0.010,0.726,0.264
844000,0.010,0.827,0.163
844500,0.010,0.830,0.160
845000,0.010,0.785,0.205
845500,0.010,0.924,0.066
846000,0.010,0.787,0.203
846500,0.010,0.845,0.145
847000,0.010,0.931,0.059
847500,0.010,0.968,0.022
848000,0.010,0.935,0.055
848500,0.010,0.905,0.085
849000,0.010,0.938,0.052
849500,0.010,0.916,0.074
850000,0.010,0.931,0.059
850500,0.010,0.814,0.176
851000,0.010,0.954,0.036
851500,0.010,0.969,0.021
852000,0.010,0.931,0.059
852500,0.010,0.814,0.176
853000,0.010,0.923,0.067
853500,0.010,0.826,0.164
854000,0.010,0.790,0.200
854500,0.010,0.840,0.150
855000,0.010,0.937,0.053
855500,0.010,0.946,0.044
856000,0.010,0.981,0.009
856500,0.010,0.905,0.085
857000,0.010,0.946,0.044
857500,0.010,0.676,0.314
858000,0.010,0.903,0.087
858500,0.010,0.885,0.105
859000,0.010,0.816,0.174
859500,0.010,0.870,0.120
860000,0.010,0.852,0.138
860500,0.010,0.986,0.004
861000,0.010,0.966,0.024
861500,0.010,0.826,0.164
862000,0.010,0.842,0.148
862500,0.010,0.910,0.080
863000,0.010,0.952,0.038
863500,0.010,0.946,0.044
864000,0.010,0.855,0.135
864500,0.010,0.791,0.199
865000,0.010,0.927,0.063
865500,0.010,0.847,0.143
866000,0.010,0.874,0.116
866500,0.010,0.984,0.006
867000,0.010,0.980,0.010
867500,0.010,0.976,0.014
868000,0.010,0.897,0.093
868500,0.010,0.899,0.091
869000,0.010,0.869,0.121
869500,0.010,0.794,0.196
870000,0.010,0.841,0.149
870500,0.010,0.908,0.082
871000,0.010,0.891,0.099
871500,0.010,0.971,0.019
872000,0.010,0.833,0.157
872500,0.010,0.658,0.332
873000,0.010,0.830,0.160
873500,0.010,0.672,0.318
874000,0.010,0.919,0.071
874500,0.010,0.987,0.003
875000,0.010,0.913,0.077
875500,0.010,0.885,0.105
876000,0.010,0.963,0.027
876500,0.010,0.922,0.068
877000,0.010,0.891,0.099
877500,0.010,0.860,0.130
878000,0.010,0.987,0.003
878500,0.010,0.890,0.100
879000,0.010,0.971,0.019
879500,0.010,0.744,0.246
880000,0.010,0.887,0.103
880500,0.010,0.958,0.032
881000,0.010,0.981,0.009
881500,0.010,0.986,0.004
882000,0.010,0.883,0.107
882500,0.010,0.752,0.238
883000,0.010,0.685,0.305
883500,0.010,0.896,0.094
884000,0.010,0.899,0.091
884500,0.010,0.793,0.197
885000,0.010,0.990,0.000
885500,0.010,0.990,0.000
886000,0.010,0.856,0.134
886500,0.010,0.834,0.156
887000,0.010,0.856,0.134
887500,0.010,0.963,0.027
888000,0.010,0.791,0.199
888500,0.010,0.857,0.133
889000,0.010,0.959,0.031
889500,0.010,0.883,0.107
890000,0.010,0.908,0.082
890500,0.010,0.875,0.115
891000,0.010,0.740,0.250
891500,0.010,0.888,0.102
892000,0.010,0.988,0.002
892500,0.010,0.990,0.000
893000,0.010,0.950,0.040
893500,0.010,0.872,0.118
894000,0.010,0.799,0.191
894500,0.010,0.966,0.024
895000,0.010,0.921,0.069
895500,0.010,0.938,0.052
896000,0.010,0.884,0.106
896500,0.010,0.636,0.354
897000,0.010,0.831,0.159
897500,0.010,0.810,0.180
898000,0.010,0.907,0.083
898500,0.010,0.928,0.062
899000,0.010,0.882,0.108
899500,0.010,0.960,0.030
900000,0.010,0.879,0.111
900500,0.010,0.876,0.114
901000,0.010,0.949,0.041
901500,0.010,0.980,0.010
902000,0.010,0.937,0.053
902500,0.010,0.941,0.049
903000,0.010,0.832,0.158
903500,0.010,0.937,0.053
904000,0.010,0.887,0.103
904500,0.010,0.903,0.087
905000,0.010,0.990,0.000
905500,0.010,0.973,0.017
906000,0.010,0.963,0.027
906500,0.010,0.935,0.055
907000,0.010,0.829,0.161
907500,0.010,0.773,0.217
908000,0.010,0.854,0.136
908500,0.010,0.948,0.042
909000,0.010,0.888,0.102
909500,0.010,0.742,0.248
910000,0.010,0.829,0.161
910500,0.010,0.821,0.169
911000,0.010,0.779,0.211
911500,0.010,0.861,0.129
912000,0.010,0.886,0.104
912500,0.010,0.828,0.162
913000,0.010,0.833,0.157
913500,0.010,0.960,0.030
914000,0.010,0.911,0.079
914500,0.010,0.935,0.055
915000,0.010,0.979,0.011
915500,0.010,0.960,0.030
916000,0.010,0.919,0.071
916500,0.010,0.918,0.072
917000,0.010,0.747,0.243
917500,0.010,0.932,0.058
918000,0.010,0.915,0.075
918500,0.010,0.934,0.056
919000,0.010,0.930,0.060
919500,0.010,0.975,0.015
920000,0.010,0.935,0.055
920500,0.010,0.988,0.002
921000,0.010,0.899,0.091
921500,0.010,0.989,0.001
922000,0.010,0.939,0.051
922500,0.010,0.846,0.144
923000,0.010,0.803,0.187
923500,0.010,0.876,0.114
924000,0.010,0.981,0.009
924500,0.010,0.941,0.049
925000,0.010,0.895,0.095
925500,0.010,0.865,0.125
926000,0.010,0.868,0.122
926500,0.010,0.866,0.124
927000,0.010,0.958,0.032
927500,0.010,0.888,0.102
928000,0.010,0.984,0.006
928500,0.010,0.984,0.006
929000,0.010,0.860,0.130
929500,0.010,0.919,0.071
930000,0.010,0.820,0.170
930500,0.010,0.955,0.035
931000,0.010,0.951,0.039
931500,0.010,0.982,0.008
932000,0.010,0.855,0.135
932500,0.010,0.962,0.028
933000,0.010,0.965,0.025
933500,0.010,0.699,0.291
934000,0.010,0.864,0.126
934500,0.010,0.810,0.180
935000,0.010,0.886,0.104
935500,0.010,0.825,0.165
936000,0.010,0.812,0.178
936500,0.010,0.925,0.065
937000,0.010,0.827,0.163
937500,0.010,0.825,0.165
938000,0.010,0.623,0.367
938500,0.010,0.807,0.183
939000,0.010,0.914,0.076
939500,0.010,0.990,0.000
940000,0.010,0.840,0.150
940500,0.010,0.989,0.001
941000,0.010,0.863,0.127
941500,0.010,0.884,0.106
942000,0.010,0.990,0.000
942500,0.010,0.942,0.048
943000,0.010,0.986,0.004
943500,0.010,0.988,0.002
944000,0.010,0.897,0.093
944500,0.010,0.921,0.069
945000,0.010,0.862,0.128
945500,0.010,0.798,0.192
946000,0.010,0.770,0.220
946500,0.010,0.827,0.163
947000,0.010,0.908,0.082
947500,0.010,0.985,0.005
948000,0.010,0.938,0.052
948500,0.010,0.865,0.125
949000,0.010,0.950,0.040
949500,0.010,0.934,0.056
950000,0.010,0.918,0.072
950500,0.010,0.880,0.110
951000,0.010,0.989,0.001
951500,0.010,0.905,0.085
952000,0.010,0.756,0.234
952500,0.010,0.819,0.171
953000,0.010,0.819,0.171
953500,0.010,0.899,0.091
954000,0.010,0.960,0.030
954500,0.010,0.965,0.025
955000,0.010,0.985,0.005
955500,0.010,0.805,0.185
956000,0.010,0.942,0.048
956500,0.010,0.854,0.136
957000,0.010,0.907,0.083
957500,0.010,0.773,0.217
958000,0.010,0.796,0.194
958500,0.010,0.951,0.039
959000,0.010,0.926,0.064
959500,0.010,0.950,0.040
960000,0.010,0.839,0.151
960500,0.010,0.841,0.149
961000,0.010,0.940,0.050
961500,0.010,0.833,0.157
962000,0.010,0.922,0.068
962500,0.010,0.776,0.214
963000,0.010,0.751,0.239
963500,0.010,0.847,0.143
964000,0.010,0.974,0.016
964500,0.010,0.905,0.085
965000,0.010,0.838,0.152
965500,0.010,0.892,0.098
966000,0.010,0.860,0.130
966500,0.010,0.840,0.150
967000,0.010,0.922,0.068
967500,0.010,0.969,0.021
968000,0.010,0.927,0.063
968500,0.010,0.989,0.001
969000,0.010,0.963,0.027
969500,0.010,0.958,0.032
970000,0.010,0.918,0.072
970500,0.010,0.956,0.034
971000,0.010,0.930,0.060
971500,0.010,0.944,0.046
972000,0.010,0.897,0.093
972500,0.010,0.901,0.089
973000,0.010,0.894,0.096
973500,0.010,0.973,0.017
974000,0.010,0.906,0.084
974500,0.010,0.967,0.023
975000,0.010,0.943,0.047
975500,0.010,0.978,0.012
976000,0.010,0.937,0.053
976500,0.010,0.854,0.136
977000,0.010,0.976,0.014
977500,0.010,0.968,0.022
978000,0.010,0.711,0.279
978500,0.010,0.964,0.026
979000,0.010,0.977,0.013
979500,0.010,0.943,0.047
980000,0.010,0.870,0.120
980500,0.010,0.748,0.242
981000,0.010,0.966,0.024
981500,0.010,0.987,0.003
982000,0.010,0.916,0.074
982500,0.010,0.988,0.002
983000,0.010,0.869,0.121
983500,0.010,0.948,0.042
984000,0.010,0.929,0.061
984500,0.010,0.985,0.005
985000,0.010,0.840,0.150
985500,0.010,0.919,0.071
986000,0.010,0.949,0.041
986500,0.010,0.917,0.073
987000,0.010,0.917,0.073
987500,0.010,0.990,0.000
988000,0.010,0.709,0.281
988500,0.010,0.862,0.128
989000,0.010,0.909,0.081
989500,0.010,0.923,0.067
990000,0.010,0.902,0.088
990500,0.010,0.947,0.043
991000,0.010,0.870,0.120
991500,0.010,0.908,0.082
992000,0.010,0.970,0.020
992500,0.010,0.803,0.187
993000,0.010,0.851,0.139
993500,0.010,0.821,0.169
994000,0.010,0.773,0.217
994500,0.010,0.859,0.131
995000,0.010,0.942,0.048
995500,0.010,0.840,0.150
996000,0.010,0.846,0.144
996500,0.010,0.757,0.233
997000,0.010,0.883,0.107
997500,0.010,0.923,0.067
998000,0.010,0.919,0.071
998500,0.010,0.848,0.142
999000,0.010,0.979,0.011
999500,0.010,0.962,0.028
1000000,0.010,0.829,0.161
