time,n_A+p,n_B,n_AB
500,0.050,0.285,0.665
1000,0.264,0.012,0.724
1500,0.500,0.000,0.500
2000,0.535,0.000,0.465
2500,0.448,0.000,0.552
3000,0.430,0.000,0.570
3500,0.621,0.000,0.379
4000,0.477,0.000,0.523
4500,0.433,0.000,0.567
5000,0.663,0.000,0.337
5500,0.462,0.000,0.538
6000,0.520,0.000,0.480
6500,0.457,0.000,0.543
7000,0.598,0.000,0.402
7500,0.639,0.000,0.361
8000,0.726,0.000,0.274
8500,0.581,0.000,0.419
9000,0.475,0.000,0.525
9500,0.505,0.000,0.495
10000,0.424,0.000,0.576
10500,0.532,0.000,0.468
11000,0.568,0.000,0.432
11500,0.536,0.000,0.464
12000,0.600,0.000,0.400
12500,0.526,0.000,0.474
13000,0.604,0.000,0.396
13500,0.542,0.000,0.458
14000,0.461,0.000,0.539
14500,0.553,0.000,0.447
15000,0.429,0.000,0.571
15500,0.523,0.000,0.477
16000,0.569,0.000,0.431
16500,0.426,0.000,0.574
17000,0.417,0.000,0.583
17500,0.493,0.000,0.507
18000,0.710,0.000,0.290
18500,0.771,0.000,0.229
19000,0.666,0.000,0.334
19500,0.476,0.000,0.524
20000,0.580,0.000,0.420
20500,0.488,0.000,0.512
21000,0.473,0.000,0.527
21500,0.539,0.000,0.461
22000,0.445,0.000,0.555
22500,0.562,0.000,0.438
23000,0.516,0.000,0.484
23500,0.781,0.000,0.219
24000,0.580,0.000,0.420
24500,0.582,0.000,0.418
25000,0.463,0.000,0.537
25500,0.546,0.000,0.454
26000,0.572,0.000,0.428
26500,0.603,0.000,0.397
27000,0.536,0.000,0.464
27500,0.641,0.000,0.359
28000,0.602,0.000,0.398
28500,0.571,0.000,0.429
29000,0.334,0.000,0.666
29500,0.559,0.000,0.441
30000,0.515,0.000,0.485
30500,0.449,0.000,0.551
31000,0.537,0.000,0.463
31500,0.592,0.000,0.408
32000,0.584,0.000,0.416
32500,0.572,0.000,0.428
33000,0.483,0.000,0.517
33500,0.581,0.000,0.419
34000,0.487,0.000,0.513
34500,0.454,0.000,0.546
35000,0.463,0.000,0.537
35500,0.381,0.000,0.619
36000,0.322,0.000,0.678
36500,0.369,0.000,0.631
37000,0.441,0.000,0.559
37500,0.371,0.000,0.629
38000,0.392,0.000,0.608
38500,0.488,0.000,0.512
39000,0.492,0.000,0.508
39500,0.467,0.000,0.533
40000,0.541,0.000,0.459
40500,0.604,0.000,0.396
41000,0.450,0.000,0.550
41500,0.480,0.000,0.520
42000,0.521,0.000,0.479
42500,0.516,0.000,0.484
43000,0.485,0.000,0.515
43500,0.569,0.000,0.431
44000,0.550,0.000,0.450
44500,0.499,0.000,0.501
45000,0.533,0.000,0.467
45500,0.351,0.000,0.649
46000,0.552,0.000,0.448
46500,0.482,0.000,0.518
47000,0.428,0.000,0.572
47500,0.453,0.000,0.547
48000,0.730,0.000,0.270
48500,0.651,0.000,0.349
49000,0.572,0.000,0.428
49500,0.434,0.000,0.566
50000,0.602,0.000,0.398
50500,0.597,0.000,0.403
51000,0.547,0.000,0.453
51500,0.489,0.000,0.511
52000,0.537,0.000,0.463
52500,0.606,0.000,0.394
53000,0.553,0.000,0.447
53500,0.512,0.000,0.488
54000,0.405,0.000,0.595
54500,0.487,0.000,0.513
55000,0.621,0.000,0.379
55500,0.475,0.000,0.525
56000,0.464,0.000,0.536
56500,0.459,0.000,0.541
57000,0.429,0.000,0.571
57500,0.517,0.000,0.483
58000,0.492,0.000,0.508
58500,0.459,0.000,0.541
59000,0.518,0.000,0.482
59500,0.489,0.000,0.511
60000,0.546,0.000,0.454
60500,0.551,0.000,0.449
61000,0.658,0.000,0.342
61500,0.487,0.000,0.513
62000,0.518,0.000,0.482
62500,0.594,0.000,0.406
63000,0.471,0.000,0.529
63500,0.460,0.000,0.540
64000,0.552,0.000,0.448
64500,0.508,0.000,0.492
65000,0.474,0.000,0.526
65500,0.472,0.000,0.528
66000,0.527,0.000,0.473
66500,0.488,0.000,0.512
67000,0.431,0.000,0.569
67500,0.525,0.000,0.475
68000,0.568,0.000,0.432
68500,0.454,0.000,0.546
69000,0.541,0.000,0.459
69500,0.451,0.000,0.549
70000,0.572,0.000,0.428
70500,0.504,0.000,0.496
71000,0.463,0.000,0.537
71500,0.603,0.000,0.397
72000,0.644,0.000,0.356
72500,0.540,0.000,0.460
73000,0.535,0.000,0.465
73500,0.518,0.000,0.482
74000,0.580,0.000,0.420
74500,0.573,0.000,0.427
75000,0.476,0.000,0.524
75500,0.504,0.000,0.496
76000,0.410,0.000,0.590
76500,0.516,0.000,0.484
77000,0.453,0.000,0.547
77500,0.580,0.000,0.420
78000,0.623,0.000,0.377
78500,0.599,0.000,0.401
79000,0.384,0.000,0.616
79500,0.482,0.000,0.518
80000,0.510,0.000,0.490
80500,0.564,0.000,0.436
81000,0.466,0.000,0.534
81500,0.518,0.000,0.482
82000,0.613,0.000,0.387
82500,0.538,0.000,0.462
83000,0.459,0.000,0.541
83500,0.435,0.000,0.565
84000,0.469,0.000,0.531
84500,0.502,0.000,0.498
85000,0.417,0.000,0.583
85500,0.501,0.000,0.499
86000,0.501,0.000,0.499
86500,0.447,0.000,0.553
87000,0.436,0.000,0.564
87500,0.572,0.000,0.428
88000,0.534,0.000,0.466
88500,0.366,0.000,0.634
89000,0.546,0.000,0.454
89500,0.509,0.000,0.491
90000,0.381,0.000,0.619
90500,0.486,0.000,0.514
91000,0.408,0.000,0.592
91500,0.517,0.000,0.483
92000,0.606,0.000,0.394
92500,0.540,0.000,0.460
93000,0.463,0.000,0.537
93500,0.516,0.000,0.484
94000,0.511,0.000,0.489
94500,0.394,0.000,0.606
95000,0.496,0.000,0.504
95500,0.504,0.000,0.496
96000,0.481,0.000,0.519
96500,0.457,0.000,0.543
97000,0.411,0.000,0.589
97500,0.502,0.000,0.498
98000,0.620,0.000,0.380
98500,0.492,0.000,0.508
99000,0.567,0.000,0.433
99500,0.570,0.000,0.430
100000,0.462,0.000,0.538
100500,0.617,0.000,0.383
101000,0.422,0.000,0.578
101500,0.523,0.000,0.477
102000,0.439,0.000,0.561
102500,0.433,0.000,0.567
103000,0.509,0.000,0.491
103500,0.552,0.000,0.448
104000,0.571,0.000,0.429
104500,0.484,0.000,0.516
105000,0.459,0.000,0.541
105500,0.489,0.000,0.511
106000,0.478,0.000,0.522
106500,0.535,0.000,0.465
107000,0.371,0.000,0.629
107500,0.512,0.000,0.488
108000,0.465,0.000,0.535
108500,0.350,0.000,0.650
109000,0.497,0.000,0.503
109500,0.497,0.000,0.503
110000,0.499,0.000,0.501
110500,0.443,0.000,0.557
111000,0.474,0.000,0.526
111500,0.432,0.000,0.568
112000,0.506,0.000,0.494
112500,0.423,0.000,0.577
113000,0.492,0.000,0.508
113500,0.710,0.000,0.290
114000,0.438,0.000,0.562
114500,0.552,0.000,0.448
115000,0.407,0.000,0.593
115500,0.610,0.000,0.390
116000,0.655,0.000,0.345
116500,0.399,0.000,0.601
117000,0.460,0.000,0.540
117500,0.555,0.000,0.445
118000,0.458,0.000,0.542
118500,0.485,0.000,0.515
119000,0.467,0.000,0.533
119500,0.586,0.000,0.414
120000,0.624,0.000,0.376
120500,0.508,0.000,0.492
121000,0.429,0.000,0.571
121500,0.375,0.000,0.625
122000,0.460,0.000,0.540
122500,0.440,0.000,0.560
123000,0.524,0.000,0.476
123500,0.602,0.000,0.398
124000,0.560,0.000,0.440
124500,0.556,0.000,0.444
125000,0.379,0.000,0.621
125500,0.592,0.000,0.408
126000,0.635,0.000,0.365
126500,0.662,0.000,0.338
127000,0.663,0.000,0.337
127500,0.515,0.000,0.485
128000,0.427,0.000,0.573
128500,0.489,0.000,0.511
129000,0.479,0.000,0.521
129500,0.561,0.000,0.439
130000,0.533,0.000,0.467
130500,0.520,0.000,0.480
131000,0.412,0.000,0.588
131500,0.495,0.000,0.505
132000,0.501,0.000,0.499
132500,0.468,0.000,0.532
133000,0.519,0.000,0.481
133500,0.496,0.000,0.504
134000,0.489,0.000,0.511
134500,0.422,0.000,0.578
135000,0.449,0.001,0.550
135500,0.503,0.000,0.497
136000,0.415,0.000,0.585
136500,0.511,0.000,0.489
137000,0.523,0.000,0.477
137500,0.582,0.000,0.418
138000,0.564,0.000,0.436
138500,0.624,0.000,0.376
139000,0.582,0.000,0.418
139500,0.590,0.000,0.410
140000,0.435,0.000,0.565
140500,0.441,0.000,0.559
141000,0.394,0.000,0.606
141500,0.501,0.000,0.499
142000,0.499,0.000,0.501
142500,0.570,0.000,0.430
143000,0.534,0.000,0.466
143500,0.530,0.000,0.470
144000,0.636,0.000,0.364
144500,0.548,0.000,0.452
145000,0.520,0.000,0.480
145500,0.455,0.000,0.545
146000,0.465,0.000,0.535
146500,0.413,0.000,0.587
147000,0.578,0.000,0.422
147500,0.744,0.000,0.256
148000,0.669,0.000,0.331
148500,0.396,0.000,0.604
149000,0.406,0.000,0.594
149500,0.580,0.000,0.420
150000,0.498,0.000,0.502
150500,0.535,0.000,0.465
151000,0.457,0.000,0.543
151500,0.529,0.000,0.471
152000,0.563,0.000,0.437
152500,0.424,0.000,0.576
153000,0.541,0.000,0.459
153500,0.521,0.000,0.479
154000,0.439,0.000,0.561
154500,0.486,0.000,0.514
155000,0.417,0.000,0.583
155500,0.638,0.000,0.362
156000,0.564,0.000,0.436
156500,0.435,0.000,0.565
157000,0.456,0.000,0.544
157500,0.563,0.000,0.437
158000,0.532,0.000,0.468
158500,0.585,0.000,0.415
159000,0.543,0.000,0.457
159500,0.499,0.000,0.501
160000,0.640,0.000,0.360
160500,0.639,0.000,0.361
161000,0.521,0.000,0.479
161500,0.538,0.000,0.462
162000,0.443,0.000,0.557
162500,0.471,0.000,0.529
163000,0.504,0.000,0.496
163500,0.545,0.000,0.455
164000,0.665,0.000,0.335
164500,0.580,0.000,0.420
165000,0.495,0.000,0.505
165500,0.631,0.000,0.369
166000,0.532,0.000,0.468
166500,0.503,0.000,0.497
167000,0.484,0.000,0.516
167500,0.490,0.000,0.510
168000,0.411,0.000,0.589
168500,0.591,0.000,0.409
169000,0.473,0.000,0.527
169500,0.398,0.000,0.602
170000,0.620,0.000,0.380
170500,0.571,0.000,0.429
171000,0.565,0.000,0.435
171500,0.359,0.000,0.641
172000,0.539,0.000,0.461
172500,0.654,0.000,0.346
173000,0.502,0.000,0.498
173500,0.457,0.000,0.543
174000,0.560,0.000,0.440
174500,0.493,0.000,0.507
175000,0.367,0.000,0.633
175500,0.485,0.000,0.515
176000,0.487,0.000,0.513
176500,0.552,0.000,0.448
177000,0.536,0.000,0.464
177500,0.543,0.000,0.457
178000,0.540,0.000,0.460
178500,0.492,0.000,0.508
179000,0.444,0.000,0.556
179500,0.482,0.000,0.518
180000,0.686,0.000,0.314
180500,0.603,0.000,0.397
181000,0.416,0.000,0.584
181500,0.518,0.000,0.482
182000,0.487,0.000,0.513
182500,0.453,0.000,0.547
183000,0.619,0.000,0.381
183500,0.567,0.000,0.433
184000,0.582,0.000,0.418
184500,0.532,0.000,0.468
185000,0.524,0.000,0.476
185500,0.454,0.000,0.546
186000,0.480,0.000,0.520
186500,0.593,0.000,0.407
187000,0.623,0.000,0.377
187500,0.478,0.000,0.522
188000,0.510,0.000,0.490
188500,0.503,0.000,0.497
189000,0.561,0.000,0.439
189500,0.663,0.000,0.337
190000,0.533,0.000,0.467
190500,0.531,0.000,0.469
191000,0.567,0.000,0.433
191500,0.581,0.000,0.419
192000,0.471,0.000,0.529
192500,0.556,0.000,0.444
193000,0.559,0.000,0.441
193500,0.378,0.000,0.622
194000,0.486,0.000,0.514
194500,0.545,0.000,0.455
195000,0.533,0.000,0.467
195500,0.567,0.000,0.433
196000,0.511,0.000,0.489
196500,0.533,0.000,0.467
197000,0.450,0.000,0.550
197500,0.412,0.000,0.588
198000,0.418,0.000,0.582
198500,0.545,0.000,0.455
199000,0.468,0.000,0.532
199500,0.542,0.000,0.458
200000,0.549,0.000,0.451
200500,0.567,0.000,0.433
201000,0.410,0.000,0.590
201500,0.591,0.000,0.409
202000,0.436,0.000,0.564
202500,0.486,0.000,0.514
203000,0.452,0.000,0.548
203500,0.518,0.000,0.482
204000,0.323,0.000,0.677
204500,0.514,0.000,0.486
205000,0.412,0.000,0.588
205500,0.458,0.000,0.542
206000,0.433,0.000,0.567
206500,0.482,0.000,0.518
207000,0.338,0.000,0.662
207500,0.546,0.000,0.454
208000,0.621,0.000,0.379
208500,0.462,0.000,0.538
209000,0.433,0.000,0.567
209500,0.587,0.000,0.413
210000,0.470,0.000,0.530
210500,0.412,0.000,0.588
211000,0.565,0.000,0.435
211500,0.413,0.000,0.587
212000,0.567,0.000,0.433
212500,0.614,0.000,0.386
213000,0.463,0.000,0.537
213500,0.629,0.000,0.371
214000,0.488,0.000,0.512
214500,0.475,0.000,0.525
215000,0.501,0.000,0.499
215500,0.505,0.000,0.495
216000,0.532,0.000,0.468
216500,0.421,0.000,0.579
217000,0.587,0.000,0.413
217500,0.517,0.000,0.483
218000,0.434,0.000,0.566
218500,0.585,0.000,0.415
219000,0.479,0.000,0.521
219500,0.518,0.000,0.482
220000,0.584,0.000,0.416
220500,0.380,0.000,0.620
221000,0.351,0.000,0.649
221500,0.413,0.000,0.587
222000,0.443,0.000,0.557
222500,0.408,0.000,0.592
223000,0.552,0.000,0.448
223500,0.630,0.000,0.370
224000,0.622,0.000,0.378
224500,0.714,0.000,0.286
225000,0.692,0.000,0.308
225500,0.515,0.000,0.485
226000,0.583,0.000,0.417
226500,0.516,0.000,0.484
227000,0.420,0.000,0.580
227500,0.542,0.000,0.458
228000,0.702,0.000,0.298
228500,0.544,0.000,0.456
229000,0.455,0.000,0.545
229500,0.481,0.000,0.519
230000,0.544,0.000,0.456
230500,0.466,0.000,0.534
231000,0.498,0.000,0.502
231500,0.530,0.000,0.470
232000,0.601,0.000,0.399
232500,0.642,0.000,0.358
233000,0.680,0.000,0.320
233500,0.518,0.000,0.482
234000,0.549,0.000,0.451
234500,0.429,0.000,0.571
235000,0.619,0.000,0.381
235500,0.395,0.000,0.605
236000,0.498,0.000,0.502
236500,0.606,0.000,0.394
237000,0.600,0.000,0.400
237500,0.548,0.000,0.452
238000,0.479,0.000,0.521
238500,0.399,0.000,0.601
239000,0.416,0.000,0.584
239500,0.476,0.000,0.524
240000,0.450,0.000,0.550
240500,0.434,0.000,0.566
241000,0.419,0.000,0.581
241500,0.543,0.000,0.457
242000,0.471,0.000,0.529
242500,0.475,0.000,0.525
243000,0.442,0.000,0.558
243500,0.492,0.000,0.508
244000,0.526,0.000,0.474
244500,0.446,0.000,0.554
245000,0.659,0.000,0.341
245500,0.604,0.000,0.396
246000,0.571,0.000,0.429
246500,0.729,0.000,0.271
247000,0.615,0.000,0.385
247500,0.573,0.000,0.427
248000,0.519,0.000,0.481
248500,0.683,0.000,0.317
249000,0.464,0.000,0.536
249500,0.504,0.000,0.496
250000,0.396,0.000,0.604
250500,0.640,0.000,0.360
251000,0.489,0.000,0.511
251500,0.482,0.000,0.518
252000,0.456,0.000,0.544
252500,0.684,0.000,0.316
253000,0.505,0.000,0.495
253500,0.595,0.000,0.405
254000,0.385,0.000,0.615
254500,0.466,0.000,0.534
255000,0.413,0.000,0.587
255500,0.497,0.000,0.503
256000,0.581,0.000,0.419
256500,0.607,0.000,0.393
257000,0.619,0.000,0.381
257500,0.496,0.000,0.504
258000,0.457,0.000,0.543
258500,0.443,0.000,0.557
259000,0.450,0.000,0.550
259500,0.603,0.000,0.397
260000,0.475,0.000,0.525
260500,0.498,0.000,0.502
261000,0.441,0.000,0.559
261500,0.493,0.000,0.507
262000,0.474,0.001,0.525
262500,0.727,0.000,0.273
263000,0.652,0.000,0.348
263500,0.701,0.000,0.299
264000,0.679,0.000,0.321
264500,0.635,0.000,0.365
265000,0.572,0.000,0.428
265500,0.603,0.000,0.397
266000,0.603,0.000,0.397
266500,0.600,0.000,0.400
267000,0.591,0.000,0.409
267500,0.613,0.000,0.387
268000,0.358,0.000,0.642
268500,0.503,0.000,0.497
269000,0.516,0.000,0.484
269500,0.547,0.000,0.453
270000,0.591,0.000,0.409
270500,0.369,0.000,0.631
271000,0.549,0.000,0.451
271500,0.475,0.000,0.525
272000,0.651,0.000,0.349
272500,0.561,0.000,0.439
273000,0.530,0.000,0.470
273500,0.490,0.000,0.510
274000,0.564,0.000,0.436
274500,0.620,0.000,0.380
275000,0.316,0.000,0.684
275500,0.349,0.000,0.651
276000,0.487,0.000,0.513
276500,0.511,0.000,0.489
277000,0.561,0.000,0.439
277500,0.497,0.000,0.503
278000,0.404,0.000,0.596
278500,0.639,0.000,0.361
279000,0.596,0.000,0.404
279500,0.456,0.000,0.544
280000,0.426,0.000,0.574
280500,0.435,0.000,0.565
281000,0.501,0.000,0.499
281500,0.502,0.000,0.498
282000,0.617,0.000,0.383
282500,0.562,0.000,0.438
283000,0.530,0.000,0.470
283500,0.605,0.000,0.395
284000,0.527,0.000,0.473
284500,0.618,0.000,0.382
285000,0.551,0.000,0.449
285500,0.414,0.000,0.586
286000,0.608,0.000,0.392
286500,0.612,0.000,0.388
287000,0.415,0.000,0.585
287500,0.529,0.000,0.471
288000,0.461,0.000,0.539
288500,0.546,0.000,0.454
289000,0.441,0.000,0.559
289500,0.501,0.000,0.499
290000,0.518,0.000,0.482
290500,0.586,0.000,0.414
291000,0.463,0.000,0.537
291500,0.543,0.000,0.457
292000,0.654,0.000,0.346
292500,0.504,0.000,0.496
293000,0.407,0.000,0.593
293500,0.505,0.000,0.495
294000,0.467,0.000,0.533
294500,0.406,0.000,0.594
295000,0.448,0.000,0.552
295500,0.462,0.000,0.538
296000,0.424,0.000,0.576
296500,0.613,0.000,0.387
297000,0.493,0.000,0.507
297500,0.417,0.000,0.583
298000,0.535,0.000,0.465
298500,0.561,0.000,0.439
299000,0.640,0.000,0.360
299500,0.605,0.000,0.395
300000,0.464,0.000,0.536
300500,0.666,0.000,0.334
301000,0.408,0.000,0.592
301500,0.666,0.000,0.334
302000,0.508,0.000,0.492
302500,0.397,0.000,0.603
303000,0.514,0.000,0.486
303500,0.521,0.000,0.479
304000,0.501,0.000,0.499
304500,0.519,0.000,0.481
305000,0.492,0.000,0.508
305500,0.501,0.000,0.499
306000,0.544,0.000,0.456
306500,0.452,0.000,0.548
307000,0.501,0.000,0.499
307500,0.520,0.000,0.480
308000,0.421,0.000,0.579
308500,0.480,0.000,0.520
309000,0.516,0.000,0.484
309500,0.527,0.000,0.473
310000,0.427,0.000,0.573
310500,0.643,0.000,0.357
311000,0.629,0.000,0.371
311500,0.583,0.000,0.417
312000,0.433,0.000,0.567
312500,0.545,0.000,0.455
313000,0.688,0.000,0.312
313500,0.511,0.000,0.489
314000,0.377,0.000,0.623
314500,0.646,0.000,0.354
315000,0.520,0.000,0.480
315500,0.488,0.000,0.512
316000,0.541,0.000,0.459
316500,0.443,0.000,0.557
317000,0.450,0.000,0.550
317500,0.557,0.000,0.443
318000,0.596,0.000,0.404
318500,0.470,0.000,0.530
319000,0.611,0.000,0.389
319500,0.439,0.000,0.561
320000,0.444,0.000,0.556
320500,0.473,0.000,0.527
321000,0.555,0.000,0.445
321500,0.487,0.000,0.513
322000,0.396,0.000,0.604
322500,0.418,0.000,0.582
323000,0.563,0.000,0.437
323500,0.651,0.000,0.349
324000,0.453,0.000,0.547
324500,0.637,0.000,0.363
325000,0.577,0.000,0.423
325500,0.514,0.000,0.486
326000,0.456,0.000,0.544
326500,0.463,0.000,0.537
327000,0.541,0.000,0.459
327500,0.513,0.000,0.487
328000,0.407,0.000,0.593
328500,0.459,0.000,0.541
329000,0.452,0.000,0.548
329500,0.526,0.000,0.474
330000,0.521,0.000,0.479
330500,0.440,0.000,0.560
331000,0.484,0.000,0.516
331500,0.488,0.000,0.512
332000,0.627,0.000,0.373
332500,0.496,0.000,0.504
333000,0.617,0.000,0.383
333500,0.466,0.000,0.534
334000,0.425,0.000,0.575
334500,0.387,0.000,0.613
335000,0.380,0.000,0.620
335500,0.597,0.000,0.403
336000,0.466,0.000,0.534
336500,0.525,0.000,0.475
337000,0.503,0.000,0.497
337500,0.365,0.000,0.635
338000,0.440,0.000,0.560
338500,0.503,0.000,0.497
339000,0.473,0.000,0.527
339500,0.588,0.000,0.412
340000,0.618,0.000,0.382
340500,0.636,0.000,0.364
341000,0.596,0.000,0.404
341500,0.513,0.000,0.487
342000,0.490,0.000,0.510
342500,0.457,0.000,0.543
343000,0.555,0.000,0.445
343500,0.632,0.000,0.368
344000,0.768,0.000,0.232
344500,0.666,0.000,0.334
345000,0.619,0.000,0.381
345500,0.542,0.000,0.458
346000,0.528,0.000,0.472
346500,0.540,0.000,0.460
347000,0.522,0.000,0.478
347500,0.594,0.000,0.406
348000,0.531,0.000,0.469
348500,0.495,0.000,0.505
349000,0.412,0.000,0.588
349500,0.626,0.000,0.374
350000,0.650,0.000,0.350
350500,0.438,0.000,0.562
351000,0.582,0.000,0.418
351500,0.595,0.000,0.405
352000,0.523,0.000,0.477
352500,0.596,0.000,0.404
353000,0.517,0.000,0.483
353500,0.511,0.000,0.489
354000,0.528,0.000,0.472
354500,0.604,0.000,0.396
355000,0.585,0.000,0.415
355500,0.420,0.000,0.580
356000,0.465,0.000,0.535
356500,0.397,0.000,0.603
357000,0.481,0.000,0.519
357500,0.457,0.000,0.543
358000,0.569,0.000,0.431
358500,0.702,0.000,0.298
359000,0.774,0.000,0.226
359500,0.565,0.000,0.435
360000,0.592,0.000,0.408
360500,0.475,0.000,0.525
361000,0.502,0.000,0.498
361500,0.575,0.000,0.425
362000,0.464,0.000,0.536
362500,0.575,0.000,0.425
363000,0.547,0.000,0.453
363500,0.629,0.000,0.371
364000,0.528,0.000,0.472
364500,0.374,0.000,0.626
365000,0.469,0.000,0.531
365500,0.525,0.000,0.475
366000,0.435,0.000,0.565
366500,0.473,0.000,0.527
367000,0.557,0.000,0.443
367500,0.467,0.000,0.533
368000,0.538,0.000,0.462
368500,0.521,0.000,0.479
369000,0.537,0.000,0.463
369500,0.551,0.000,0.449
370000,0.448,0.000,0.552
370500,0.567,0.000,0.433
371000,0.534,0.000,0.466
371500,0.607,0.000,0.393
372000,0.562,0.000,0.438
372500,0.459,0.000,0.541
373000,0.482,0.000,0.518
373500,0.498,0.000,0.502
374000,0.554,0.000,0.446
374500,0.514,0.000,0.486
375000,0.434,0.000,0.566
375500,0.528,0.000,0.472
376000,0.550,0.000,0.450
376500,0.501,0.000,0.499
377000,0.577,0.000,0.423
377500,0.511,0.000,0.489
378000,0.494,0.000,0.506
378500,0.487,0.000,0.513
379000,0.535,0.000,0.465
379500,0.487,0.000,0.513
380000,0.489,0.000,0.511
380500,0.485,0.000,0.515
381000,0.503,0.000,0.497
381500,0.503,0.000,0.497
382000,0.490,0.000,0.510
382500,0.522,0.000,0.478
383000,0.505,0.000,0.495
383500,0.439,0.000,0.561
384000,0.598,0.000,0.402
384500,0.592,0.000,0.408
385000,0.494,0.000,0.506
385500,0.538,0.000,0.462
386000,0.577,0.000,0.423
386500,0.490,0.000,0.510
387000,0.501,0.000,0.499
387500,0.518,0.000,0.482
388000,0.498,0.000,0.502
388500,0.478,0.000,0.522
389000,0.538,0.000,0.462
389500,0.472,0.000,0.528
390000,0.432,0.000,0.568
390500,0.544,0.000,0.456
391000,0.561,0.000,0.439
391500,0.391,0.000,0.609
392000,0.522,0.000,0.478
392500,0.440,0.000,0.560
393000,0.541,0.000,0.459
393500,0.475,0.000,0.525
394000,0.617,0.000,0.383
394500,0.530,0.000,0.470
395000,0.414,0.000,0.586
395500,0.408,0.000,0.592
396000,0.492,0.000,0.508
396500,0.573,0.000,0.427
397000,0.623,0.000,0.377
397500,0.548,0.000,0.452
398000,0.366,0.000,0.634
398500,0.331,0.000,0.669
399000,0.408,0.000,0.592
399500,0.554,0.000,0.446
400000,0.475,0.000,0.525
400500,0.484,0.000,0.516
401000,0.428,0.000,0.572
401500,0.470,0.000,0.530
402000,0.454,0.000,0.546
402500,0.447,0.000,0.553
403000,0.418,0.000,0.582
403500,0.475,0.000,0.525
404000,0.379,0.000,0.621
404500,0.387,0.000,0.613
405000,0.418,0.000,0.582
405500,0.591,0.000,0.409
406000,0.577,0.000,0.423
406500,0.518,0.000,0.482
407000,0.632,0.000,0.368
407500,0.588,0.000,0.412
408000,0.503,0.000,0.497
408500,0.528,0.000,0.472
409000,0.536,0.000,0.464
409500,0.467,0.000,0.533
410000,0.393,0.000,0.607
410500,0.379,0.000,0.621
411000,0.422,0.000,0.578
411500,0.528,0.000,0.472
412000,0.599,0.000,0.401
412500,0.404,0.000,0.596
413000,0.497,0.000,0.503
413500,0.615,0.000,0.385
414000,0.564,0.000,0.436
414500,0.506,0.000,0.494
415000,0.622,0.000,0.378
415500,0.544,0.000,0.456
416000,0.468,0.000,0.532
416500,0.403,0.000,0.597
417000,0.683,0.000,0.317
417500,0.557,0.000,0.443
418000,0.470,0.000,0.530
418500,0.497,0.000,0.503
419000,0.598,0.000,0.402
419500,0.570,0.000,0.430
420000,0.546,0.000,0.454
420500,0.503,0.000,0.497
421000,0.466,0.000,0.534
421500,0.436,0.000,0.564
422000,0.506,0.000,0.494
422500,0.538,0.000,0.462
423000,0.517,0.000,0.483
423500,0.524,0.000,0.476
424000,0.495,0.000,0.505
424500,0.469,0.000,0.531
425000,0.367,0.000,0.633
425500,0.479,0.000,0.521
426000,0.501,0.000,0.499
426500,0.388,0.000,0.612
427000,0.449,0.000,0.551
427500,0.535,0.000,0.465
428000,0.419,0.000,0.581
428500,0.588,0.000,0.412
429000,0.481,0.000,0.519
429500,0.470,0.000,0.530
430000,0.594,0.000,0.406
430500,0.564,0.000,0.436
431000,0.629,0.000,0.371
431500,0.439,0.000,0.561
432000,0.551,0.000,0.449
432500,0.592,0.000,0.408
433000,0.482,0.000,0.518
433500,0.421,0.000,0.579
434000,0.507,0.000,0.493
434500,0.359,0.000,0.641
435000,0.525,0.000,0.475
435500,0.597,0.000,0.403
436000,0.588,0.000,0.412
436500,0.409,0.000,0.591
437000,0.559,0.000,0.441
437500,0.665,0.000,0.335
438000,0.611,0.000,0.389
438500,0.516,0.000,0.484
439000,0.538,0.000,0.462
439500,0.531,0.000,0.469
440000,0.549,0.000,0.451
440500,0.693,0.000,0.307
441000,0.714,0.000,0.286
441500,0.615,0.000,0.385
442000,0.536,0.000,0.464
442500,0.609,0.000,0.391
443000,0.514,0.000,0.486
443500,0.568,0.000,0.432
444000,0.546,0.000,0.454
444500,0.630,0.000,0.370
445000,0.460,0.000,0.540
445500,0.699,0.000,0.301
446000,0.494,0.000,0.506
446500,0.561,0.000,0.439
447000,0.578,0.000,0.422
447500,0.440,0.000,0.560
448000,0.585,0.000,0.415
448500,0.540,0.000,0.460
449000,0.431,0.000,0.569
449500,0.557,0.000,0.443
450000,0.541,0.000,0.459
450500,0.558,0.000,0.442
451000,0.615,0.000,0.385
451500,0.433,0.000,0.567
452000,0.412,0.000,0.588
452500,0.517,0.000,0.483
453000,0.562,0.000,0.438
453500,0.559,0.000,0.441
454000,0.389,0.000,0.611
454500,0.363,0.000,0.637
455000,0.619,0.000,0.381
455500,0.571,0.000,0.429
456000,0.688,0.000,0.312
456500,0.434,0.000,0.566
457000,0.462,0.000,0.538
457500,0.547,0.000,0.453
458000,0.613,0.000,0.387
458500,0.496,0.000,0.504
459000,0.564,0.000,0.436
459500,0.621,0.000,0.379
460000,0.437,0.000,0.563
460500,0.581,0.000,0.419
461000,0.516,0.000,0.484
461500,0.602,0.000,0.398
462000,0.497,0.000,0.503
462500,0.462,0.000,0.538
463000,0.514,0.000,0.486
463500,0.349,0.000,0.651
464000,0.520,0.000,0.480
464500,0.614,0.000,0.386
465000,0.523,0.000,0.477
465500,0.592,0.000,0.408
466000,0.637,0.000,0.363
466500,0.489,0.000,0.511
467000,0.550,0.000,0.450
467500,0.586,0.000,0.414
468000,0.643,0.000,0.357
468500,0.589,0.000,0.411
469000,0.510,0.000,0.490
469500,0.593,0.000,0.407
470000,0.432,0.000,0.568
470500,0.599,0.000,0.401
471000,0.457,0.000,0.543
471500,0.642,0.000,0.358
472000,0.544,0.000,0.456
472500,0.438,0.000,0.562
473000,0.389,0.000,0.611
473500,0.503,0.000,0.497
474000,0.583,0.000,0.417
474500,0.528,0.000,0.472
475000,0.310,0.000,0.690
475500,0.658,0.000,0.342
476000,0.462,0.000,0.538
476500,0.570,0.000,0.430
477000,0.534,0.000,0.466
477500,0.565,0.000,0.435
478000,0.556,0.000,0.444
478500,0.505,0.000,0.495
479000,0.525,0.000,0.475
479500,0.456,0.000,0.544
480000,0.560,0.000,0.440
480500,0.402,0.000,0.598
481000,0.410,0.000,0.590
481500,0.451,0.000,0.549
482000,0.540,0.000,0.460
482500,0.595,0.000,0.405
483000,0.476,0.000,0.524
483500,0.528,0.000,0.472
484000,0.574,0.000,0.426
484500,0.577,0.000,0.423
485000,0.505,0.000,0.495
485500,0.672,0.000,0.328
486000,0.531,0.000,0.469
486500,0.424,0.000,0.576
487000,0.499,0.000,0.501
487500,0.512,0.000,0.488
488000,0.607,0.000,0.393
488500,0.607,0.000,0.393
489000,0.459,0.000,0.541
489500,0.504,0.000,0.496
490000,0.503,0.000,0.497
490500,0.662,0.000,0.338
491000,0.317,0.000,0.683
491500,0.330,0.000,0.670
492000,0.480,0.000,0.520
492500,0.564,0.000,0.436
493000,0.513,0.000,0.487
493500,0.491,0.000,0.509
494000,0.569,0.000,0.431
494500,0.535,0.000,0.465
495000,0.463,0.000,0.537
495500,0.477,0.000,0.523
496000,0.455,0.000,0.545
496500,0.557,0.000,0.443
497000,0.598,0.000,0.402
497500,0.510,0.000,0.490
498000,0.490,0.000,0.510
498500,0.574,0.000,0.426
499000,0.614,0.000,0.386
499500,0.419,0.000,0.581
500000,0.433,0.000,0.567
500500,0.417,0.000,0.583
501000,0.525,0.000,0.475
501500,0.424,0.000,0.576
502000,0.367,0.000,0.633
502500,0.308,0.000,0.692
503000,0.516,0.000,0.484
503500,0.563,0.000,0.437
504000,0.461,0.000,0.539
504500,0.391,0.000,0.609
505000,0.491,0.000,0.509
505500,0.520,0.000,0.480
506000,0.456,0.000,0.544
506500,0.474,0.000,0.526
507000,0.462,0.000,0.538
507500,0.579,0.000,0.421
508000,0.667,0.000,0.333
508500,0.519,0.000,0.481
509000,0.452,0.000,0.548
509500,0.450,0.000,0.550
510000,0.368,0.000,0.632
510500,0.476,0.000,0.524
511000,0.529,0.000,0.471
511500,0.505,0.000,0.495
512000,0.603,0.000,0.397
512500,0.475,0.000,0.525
513000,0.328,0.000,0.672
513500,0.525,0.000,0.475
514000,0.313,0.000,0.687
514500,0.590,0.000,0.410
515000,0.467,0.000,0.533
515500,0.493,0.000,0.507
516000,0.629,0.000,0.371
516500,0.509,0.000,0.491
517000,0.496,0.000,0.504
517500,0.524,0.000,0.476
518000,0.611,0.000,0.389
518500,0.465,0.000,0.535
519000,0.611,0.000,0.389
519500,0.566,0.000,0.434
520000,0.711,0.000,0.289
520500,0.634,0.000,0.366
521000,0.416,0.000,0.584
521500,0.453,0.000,0.547
522000,0.573,0.000,0.427
522500,0.585,0.000,0.415
523000,0.542,0.000,0.458
523500,0.465,0.000,0.535
524000,0.507,0.000,0.493
524500,0.528,0.000,0.472
525000,0.558,0.000,0.442
525500,0.456,0.000,0.544
526000,0.504,0.000,0.496
526500,0.559,0.000,0.441
527000,0.567,0.000,0.433
527500,0.594,0.000,0.406
528000,0.531,0.000,0.469
528500,0.416,0.000,0.584
529000,0.559,0.000,0.441
529500,0.523,0.000,0.477
530000,0.526,0.000,0.474
530500,0.364,0.000,0.636
531000,0.543,0.000,0.457
531500,0.468,0.000,0.532
532000,0.401,0.000,0.599
532500,0.504,0.000,0.496
533000,0.548,0.000,0.452
533500,0.515,0.000,0.485
534000,0.599,0.000,0.401
534500,0.478,0.000,0.522
535000,0.524,0.000,0.476
535500,0.499,0.000,0.501
536000,0.603,0.000,0.397
536500,0.633,0.000,0.367
537000,0.511,0.000,0.489
537500,0.626,0.000,0.374
538000,0.568,0.000,0.432
538500,0.394,0.000,0.606
539000,0.534,0.000,0.466
539500,0.510,0.000,0.490
540000,0.576,0.000,0.424
540500,0.654,0.000,0.346
541000,0.541,0.000,0.459
541500,0.525,0.000,0.475
542000,0.527,0.000,0.473
542500,0.701,0.000,0.299
543000,0.543,0.000,0.457
543500,0.547,0.000,0.453
544000,0.432,0.000,0.568
544500,0.437,0.000,0.563
545000,0.460,0.000,0.540
545500,0.487,0.000,0.513
546000,0.544,0.000,0.456
546500,0.471,0.000,0.529
547000,0.431,0.000,0.569
547500,0.574,0.000,0.426
548000,0.461,0.000,0.539
548500,0.631,0.000,0.369
549000,0.595,0.000,0.405
549500,0.458,0.000,0.542
550000,0.611,0.000,0.389
550500,0.469,0.000,0.531
551000,0.563,0.000,0.437
551500,0.585,0.000,0.415
552000,0.491,0.000,0.509
552500,0.502,0.000,0.498
553000,0.452,0.000,0.548
553500,0.411,0.000,0.589
554000,0.515,0.000,0.485
554500,0.600,0.000,0.400
555000,0.516,0.000,0.484
555500,0.521,0.000,0.479
556000,0.503,0.000,0.497
556500,0.468,0.000,0.532
557000,0.671,0.000,0.329
557500,0.610,0.000,0.390
558000,0.483,0.000,0.517
558500,0.556,0.000,0.444
559000,0.418,0.000,0.582
559500,0.493,0.000,0.507
560000,0.371,0.000,0.629
560500,0.432,0.000,0.568
561000,0.567,0.000,0.433
561500,0.555,0.000,0.445
562000,0.556,0.000,0.444
562500,0.603,0.000,0.397
563000,0.616,0.000,0.384
563500,0.615,0.000,0.385
564000,0.490,0.000,0.510
564500,0.474,0.000,0.526
565000,0.413,0.000,0.587
565500,0.472,0.000,0.528
566000,0.488,0.000,0.512
566500,0.540,0.000,0.460
567000,0.382,0.000,0.618
567500,0.594,0.000,0.406
568000,0.569,0.000,0.431
568500,0.653,0.000,0.347
569000,0.732,0.000,0.268
569500,0.497,0.000,0.503
570000,0.386,0.000,0.614
570500,0.503,0.000,0.497
571000,0.553,0.000,0.447
571500,0.541,0.000,0.459
572000,0.478,0.000,0.522
572500,0.558,0.000,0.442
573000,0.554,0.000,0.446
573500,0.508,0.000,0.492
574000,0.552,0.000,0.448
574500,0.508,0.000,0.492
575000,0.538,0.000,0.462
575500,0.435,0.000,0.565
576000,0.548,0.000,0.452
576500,0.633,0.000,0.367
577000,0.456,0.000,0.544
577500,0.518,0.000,0.482
578000,0.544,0.000,0.456
578500,0.566,0.000,0.434
579000,0.457,0.000,0.543
579500,0.505,0.000,0.495
580000,0.436,0.000,0.564
580500,0.474,0.000,0.526
581000,0.510,0.000,0.490
581500,0.432,0.000,0.568
582000,0.479,0.000,0.521
582500,0.441,0.000,0.559
583000,0.630,0.000,0.370
583500,0.736,0.000,0.264
584000,0.620,0.000,0.380
584500,0.630,0.000,0.370
585000,0.542,0.000,0.458
585500,0.509,0.000,0.491
586000,0.643,0.000,0.357
586500,0.543,0.000,0.457
587000,0.544,0.000,0.456
587500,0.444,0.000,0.556
588000,0.570,0.000,0.430
588500,0.577,0.000,0.423
589000,0.515,0.000,0.485
589500,0.557,0.000,0.443
590000,0.622,0.000,0.378
590500,0.578,0.000,0.422
591000,0.422,0.000,0.578
591500,0.575,0.000,0.425
592000,0.464,0.000,0.536
592500,0.528,0.000,0.472
593000,0.489,0.000,0.511
593500,0.429,0.000,0.571
594000,0.460,0.000,0.540
594500,0.394,0.000,0.606
595000,0.533,0.000,0.467
595500,0.513,0.000,0.487
596000,0.604,0.000,0.396
596500,0.531,0.000,0.469
597000,0.490,0.000,0.510
597500,0.641,0.000,0.359
598000,0.419,0.000,0.581
598500,0.470,0.000,0.530
599000,0.617,0.000,0.383
599500,0.612,0.000,0.388
600000,0.455,0.000,0.545
600500,0.390,0.000,0.610
601000,0.521,0.000,0.479
601500,0.509,0.000,0.491
602000,0.545,0.000,0.455
602500,0.448,0.000,0.552
603000,0.438,0.000,0.562
603500,0.500,0.000,0.500
604000,0.497,0.000,0.503
604500,0.517,0.000,0.483
605000,0.613,0.000,0.387
605500,0.466,0.000,0.534
606000,0.687,0.000,0.313
606500,0.452,0.000,0.548
607000,0.645,0.000,0.355
607500,0.550,0.000,0.450
608000,0.485,0.000,0.515
608500,0.479,0.000,0.521
609000,0.506,0.000,0.494
609500,0.683,0.000,0.317
610000,0.526,0.000,0.474
610500,0.516,0.000,0.484
611000,0.577,0.000,0.423
611500,0.456,0.000,0.544
612000,0.529,0.000,0.471
612500,0.513,0.000,0.487
613000,0.440,0.000,0.560
613500,0.572,0.000,0.428
614000,0.505,0.000,0.495
614500,0.423,0.000,0.577
615000,0.564,0.000,0.436
615500,0.585,0.000,0.415
616000,0.631,0.000,0.369
616500,0.475,0.000,0.525
617000,0.690,0.000,0.310
617500,0.626,0.000,0.374
618000,0.405,0.000,0.595
618500,0.522,0.000,0.478
619000,0.382,0.000,0.618
619500,0.430,0.000,0.570
620000,0.428,0.000,0.572
620500,0.458,0.000,0.542
621000,0.385,0.000,0.615
621500,0.489,0.000,0.511
622000,0.451,0.000,0.549
622500,0.472,0.000,0.528
623000,0.423,0.000,0.577
623500,0.492,0.000,0.508
624000,0.523,0.000,0.477
624500,0.408,0.000,0.592
625000,0.495,0.000,0.505
625500,0.536,0.000,0.464
626000,0.634,0.000,0.366
626500,0.687,0.000,0.313
627000,0.683,0.000,0.317
627500,0.657,0.000,0.343
628000,0.553,0.000,0.447
628500,0.637,0.000,0.363
629000,0.514,0.000,0.486
629500,0.532,0.000,0.468
630000,0.438,0.000,0.562
630500,0.495,0.000,0.505
631000,0.454,0.000,0.546
631500,0.412,0.000,0.588
632000,0.477,0.000,0.523
632500,0.545,0.000,0.455
633000,0.553,0.000,0.447
633500,0.521,0.000,0.479
634000,0.610,0.000,0.390
634500,0.478,0.000,0.522
635000,0.377,0.000,0.623
635500,0.464,0.000,0.536
636000,0.572,0.000,0.428
636500,0.388,0.000,0.612
637000,0.401,0.000,0.599
637500,0.412,0.000,0.588
638000,0.516,0.000,0.484
638500,0.657,0.000,0.343
639000,0.513,0.000,0.487
639500,0.469,0.000,0.531
640000,0.525,0.000,0.475
640500,0.434,0.000,0.566
641000,0.479,0.000,0.521
641500,0.459,0.000,0.541
642000,0.367,0.000,0.633
642500,0.416,0.000,0.584
643000,0.549,0.000,0.451
643500,0.443,0.000,0.557
644000,0.509,0.000,0.491
644500,0.627,0.000,0.373
645000,0.458,0.000,0.542
645500,0.577,0.000,0.423
646000,0.494,0.000,0.506
646500,0.468,0.000,0.532
647000,0.487,0.000,0.513
647500,0.496,0.000,0.504
648000,0.491,0.000,0.509
648500,0.556,0.000,0.444
649000,0.628,0.000,0.372
649500,0.415,0.000,0.585
650000,0.435,0.000,0.565
650500,0.480,0.000,0.520
651000,0.423,0.000,0.577
651500,0.513,0.000,0.487
652000,0.415,0.000,0.585
652500,0.552,0.000,0.448
653000,0.541,0.000,0.459
653500,0.404,0.000,0.596
654000,0.509,0.000,0.491
654500,0.481,0.000,0.519
655000,0.704,0.000,0.296
655500,0.608,0.000,0.392
656000,0.489,0.000,0.511
656500,0.553,0.000,0.447
657000,0.490,0.000,0.510
657500,0.539,0.000,0.461
658000,0.526,0.000,0.474
658500,0.568,0.000,0.432
659000,0.419,0.000,0.581
659500,0.461,0.000,0.539
660000,0.610,0.000,0.390
660500,0.523,0.000,0.477
661000,0.564,0.000,0.436
661500,0.488,0.000,0.512
662000,0.537,0.000,0.463
662500,0.372,0.000,0.628
663000,0.534,0.000,0.466
663500,0.446,0.000,0.554
664000,0.486,0.000,0.514
664500,0.569,0.000,0.431
665000,0.404,0.000,0.596
665500,0.509,0.000,0.491
666000,0.378,0.000,0.622
666500,0.472,0.000,0.528
667000,0.455,0.000,0.545
667500,0.440,0.000,0.560
668000,0.511,0.000,0.489
668500,0.457,0.000,0.543
669000,0.542,0.000,0.458
669500,0.523,0.000,0.477
670000,0.495,0.000,0.505
670500,0.547,0.000,0.453
671000,0.496,0.000,0.504
671500,0.536,0.000,0.464
672000,0.612,0.000,0.388
672500,0.391,0.000,0.609
673000,0.461,0.000,0.539
673500,0.543,0.000,0.457
674000,0.550,0.000,0.450
674500,0.609,0.000,0.391
675000,0.635,0.000,0.365
675500,0.554,0.000,0.446
676000,0.614,0.000,0.386
676500,0.711,0.000,0.289
677000,0.669,0.000,0.331
677500,0.601,0.000,0.399
678000,0.539,0.000,0.461
678500,0.445,0.000,0.555
679000,0.439,0.000,0.561
679500,0.437,0.000,0.563
680000,0.488,0.000,0.512
680500,0.413,0.000,0.587
681000,0.380,0.000,0.620
681500,0.583,0.000,0.417
682000,0.554,0.000,0.446
682500,0.376,0.000,0.624
683000,0.412,0.000,0.588
683500,0.406,0.000,0.594
684000,0.516,0.000,0.484
684500,0.524,0.000,0.476
685000,0.378,0.000,0.622
685500,0.429,0.000,0.571
686000,0.487,0.000,0.513
686500,0.448,0.000,0.552
687000,0.528,0.000,0.472
687500,0.541,0.000,0.459
688000,0.575,0.000,0.425
688500,0.657,0.000,0.343
689000,0.494,0.000,0.506
689500,0.456,0.000,0.544
690000,0.499,0.000,0.501
690500,0.598,0.000,0.402
691000,0.641,0.000,0.359
691500,0.651,0.000,0.349
692000,0.700,0.000,0.300
692500,0.524,0.000,0.476
693000,0.442,0.000,0.558
693500,0.614,0.000,0.386
694000,0.555,0.000,0.445
694500,0.475,0.000,0.525
695000,0.555,0.000,0.445
695500,0.682,0.000,0.318
696000,0.520,0.000,0.480
696500,0.558,0.000,0.442
697000,0.472,0.000,0.528
697500,0.490,0.000,0.510
698000,0.396,0.000,0.604
698500,0.589,0.000,0.411
699000,0.657,0.000,0.343
699500,0.523,0.000,0.477
700000,0.686,0.000,0.314
700500,0.590,0.000,0.410
701000,0.585,0.000,0.415
701500,0.562,0.000,0.438
702000,0.461,0.000,0.539
702500,0.518,0.000,0.482
703000,0.682,0.000,0.318
703500,0.584,0.000,0.416
704000,0.486,0.000,0.514
704500,0.534,0.000,0.466
705000,0.604,0.000,0.396
705500,0.694,0.000,0.306
706000,0.607,0.000,0.393
706500,0.415,0.000,0.585
707000,0.541,0.000,0.459
707500,0.411,0.000,0.589
708000,0.414,0.000,0.586
708500,0.570,0.000,0.430
709000,0.474,0.000,0.526
709500,0.451,0.000,0.549
710000,0.496,0.000,0.504
710500,0.563,0.000,0.437
711000,0.518,0.000,0.482
711500,0.455,0.000,0.545
712000,0.502,0.000,0.498
712500,0.558,0.000,0.442
713000,0.466,0.000,0.534
713500,0.465,0.000,0.535
714000,0.390,0.000,0.610
714500,0.394,0.000,0.606
715000,0.510,0.000,0.490
715500,0.532,0.000,0.468
716000,0.387,0.000,0.613
716500,0.576,0.000,0.424
717000,0.518,0.000,0.482
717500,0.469,0.000,0.531
718000,0.568,0.000,0.432
718500,0.543,0.000,0.457
719000,0.612,0.000,0.388
719500,0.414,0.000,0.586
720000,0.415,0.000,0.585
720500,0.448,0.000,0.552
721000,0.508,0.000,0.492
721500,0.416,0.000,0.584
722000,0.688,0.000,0.312
722500,0.650,0.000,0.350
723000,0.592,0.000,0.408
723500,0.492,0.000,0.508
724000,0.473,0.000,0.527
724500,0.479,0.000,0.521
725000,0.411,0.000,0.589
725500,0.451,0.000,0.549
726000,0.565,0.000,0.435
726500,0.515,0.000,0.485
727000,0.565,0.000,0.435
727500,0.395,0.000,0.605
728000,0.551,0.000,0.449
728500,0.450,0.000,0.550
729000,0.514,0.000,0.486
729500,0.535,0.000,0.465
730000,0.695,0.000,0.305
730500,0.599,0.000,0.401
731000,0.492,0.000,0.508
731500,0.429,0.000,0.571
732000,0.465,0.000,0.535
732500,0.512,0.000,0.488
733000,0.660,0.000,0.340
733500,0.743,0.000,0.257
734000,0.543,0.000,0.457
734500,0.536,0.000,0.464
735000,0.585,0.000,0.415
735500,0.631,0.000,0.369
736000,0.579,0.000,0.421
736500,0.567,0.000,0.433
737000,0.566,0.000,0.434
737500,0.605,0.000,0.395
738000,0.491,0.000,0.509
738500,0.461,0.000,0.539
739000,0.466,0.000,0.534
739500,0.432,0.000,0.568
740000,0.514,0.000,0.486
740500,0.649,0.000,0.351
741000,0.525,0.000,0.475
741500,0.482,0.000,0.518
742000,0.511,0.000,0.489
742500,0.519,0.000,0.481
743000,0.512,0.000,0.488
743500,0.535,0.000,0.465
744000,0.553,0.000,0.447
744500,0.457,0.000,0.543
745000,0.471,0.000,0.529
745500,0.635,0.000,0.365
746000,0.370,0.000,0.630
746500,0.597,0.000,0.403
747000,0.486,0.000,0.514
747500,0.661,0.000,0.339
748000,0.463,0.000,0.537
748500,0.408,0.000,0.592
749000,0.426,0.000,0.574
749500,0.500,0.000,0.500
750000,0.467,0.000,0.533
750500,0.624,0.000,0.376
751000,0.651,0.000,0.349
751500,0.533,0.000,0.467
752000,0.488,0.000,0.512
752500,0.471,0.000,0.529
753000,0.585,0.000,0.415
753500,0.447,0.000,0.553
754000,0.424,0.000,0.576
754500,0.405,0.000,0.595
755000,0.554,0.000,0.446
755500,0.541,0.000,0.459
756000,0.585,0.000,0.415
756500,0.609,0.000,0.391
757000,0.559,0.000,0.441
757500,0.454,0.000,0.546
758000,0.477,0.000,0.523
758500,0.524,0.000,0.476
759000,0.643,0.000,0.357
759500,0.589,0.000,0.411
760000,0.528,0.000,0.472
760500,0.521,0.000,0.479
761000,0.520,0.000,0.480
761500,0.509,0.000,0.491
762000,0.529,0.000,0.471
762500,0.530,0.000,0.470
763000,0.552,0.000,0.448
763500,0.462,0.000,0.538
764000,0.521,0.000,0.479
764500,0.647,0.000,0.353
765000,0.442,0.000,0.558
765500,0.504,0.000,0.496
766000,0.515,0.000,0.485
766500,0.510,0.000,0.490
767000,0.450,0.000,0.550
767500,0.448,0.000,0.552
768000,0.395,0.000,0.605
768500,0.511,0.000,0.489
769000,0.461,0.000,0.539
769500,0.494,0.000,0.506
770000,0.477,0.000,0.523
770500,0.403,0.000,0.597
771000,0.498,0.000,0.502
771500,0.451,0.000,0.549
772000,0.393,0.000,0.607
772500,0.456,0.000,0.544
773000,0.551,0.000,0.449
773500,0.554,0.000,0.446
774000,0.512,0.000,0.488
774500,0.559,0.000,0.441
775000,0.536,0.000,0.464
775500,0.422,0.000,0.578
776000,0.447,0.000,0.553
776500,0.468,0.000,0.532
777000,0.482,0.000,0.518
777500,0.495,0.000,0.505
778000,0.590,0.000,0.410
778500,0.553,0.000,0.447
779000,0.493,0.000,0.507
779500,0.525,0.000,0.475
780000,0.435,0.000,0.565
780500,0.553,0.000,0.447
781000,0.564,0.000,0.436
781500,0.530,0.000,0.470
782000,0.383,0.000,0.617
782500,0.511,0.000,0.489
783000,0.514,0.000,0.486
783500,0.617,0.000,0.383
784000,0.542,0.000,0.458
784500,0.575,0.000,0.425
785000,0.590,0.000,0.410
785500,0.447,0.000,0.553
786000,0.610,0.000,0.390
786500,0.550,0.000,0.450
787000,0.415,0.000,0.585
787500,0.467,0.000,0.533
788000,0.558,0.000,0.442
788500,0.507,0.000,0.493
789000,0.466,0.000,0.534
789500,0.481,0.000,0.519
790000,0.596,0.000,0.404
790500,0.487,0.000,0.513
791000,0.375,0.000,0.625
791500,0.535,0.000,0.465
792000,0.487,0.000,0.513
792500,0.521,0.000,0.479
793000,0.454,0.000,0.546
793500,0.499,0.000,0.501
794000,0.535,0.000,0.465
794500,0.457,0.000,0.543
795000,0.510,0.000,0.490
795500,0.682,0.000,0.318
796000,0.622,0.000,0.378
796500,0.646,0.000,0.354
797000,0.543,0.000,0.457
797500,0.590,0.000,0.410
798000,0.554,0.000,0.446
798500,0.766,0.000,0.234
799000,0.719,0.000,0.281
799500,0.570,0.000,0.430
800000,0.610,0.000,0.390
800500,0.492,0.000,0.508
801000,0.505,0.000,0.495
801500,0.490,0.000,0.510
802000,0.529,0.000,0.471
802500,0.367,0.000,0.633
803000,0.482,0.000,0.518
803500,0.440,0.000,0.560
804000,0.499,0.000,0.501
804500,0.720,0.000,0.280
805000,0.511,0.000,0.489
805500,0.533,0.000,0.467
806000,0.603,0.000,0.397
806500,0.677,0.000,0.323
807000,0.539,0.000,0.461
807500,0.545,0.000,0.455
808000,0.505,0.000,0.495
808500,0.622,0.000,0.378
809000,0.684,0.000,0.316
809500,0.677,0.000,0.323
810000,0.561,0.000,0.439
810500,0.569,0.000,0.431
811000,0.534,0.000,0.466
811500,0.492,0.000,0.508
812000,0.508,0.000,0.492
812500,0.475,0.000,0.525
813000,0.478,0.000,0.522
813500,0.583,0.000,0.417
814000,0.661,0.000,0.339
814500,0.601,0.000,0.399
815000,0.626,0.000,0.374
815500,0.546,0.000,0.454
816000,0.409,0.000,0.591
816500,0.514,0.000,0.486
817000,0.580,0.000,0.420
817500,0.587,0.000,0.413
818000,0.485,0.000,0.515
818500,0.508,0.000,0.492
819000,0.512,0.000,0.488
819500,0.533,0.000,0.467
820000,0.452,0.000,0.548
820500,0.416,0.000,0.584
821000,0.524,0.000,0.476
821500,0.621,0.000,0.379
822000,0.428,0.000,0.572
822500,0.427,0.000,0.573
823000,0.381,0.000,0.619
823500,0.444,0.000,0.556
824000,0.455,0.000,0.545
824500,0.437,0.000,0.563
825000,0.406,0.000,0.594
825500,0.527,0.000,0.473
826000,0.614,0.000,0.386
826500,0.638,0.000,0.362
827000,0.581,0.000,0.419
827500,0.531,0.000,0.469
828000,0.519,0.000,0.481
828500,0.579,0.000,0.421
829000,0.523,0.000,0.477
829500,0.493,0.000,0.507
830000,0.521,0.000,0.479
830500,0.541,0.000,0.459
831000,0.495,0.000,0.505
831500,0.540,0.000,0.460
832000,0.668,0.000,0.332
832500,0.519,0.000,0.481
833000,0.413,0.000,0.587
833500,0.653,0.000,0.347
834000,0.474,0.000,0.526
834500,0.552,0.000,0.448
835000,0.407,0.000,0.593
835500,0.517,0.000,0.483
836000,0.595,0.000,0.405
836500,0.590,0.000,0.410
837000,0.444,0.000,0.556
837500,0.430,0.000,0.570
838000,0.546,0.000,0.454
838500,0.498,0.000,0.502
839000,0.563,0.000,0.437
839500,0.490,0.000,0.510
840000,0.563,0.000,0.437
840500,0.510,0.000,0.490
841000,0.580,0.000,0.420
841500,0.669,0.000,0.331
842000,0.482,0.000,0.518
842500,0.579,0.000,0.421
843000,0.672,0.000,0.328
843500,0.531,0.000,0.469
844000,0.609,0.000,0.391
844500,0.489,0.000,0.511
845000,0.455,0.000,0.545
845500,0.621,0.000,0.379
846000,0.568,0.000,0.432
846500,0.448,0.000,0.552
847000,0.454,0.000,0.546
847500,0.544,0.000,0.456
848000,0.707,0.000,0.293
848500,0.623,0.000,0.377
849000,0.553,0.000,0.447
849500,0.564,0.000,0.436
850000,0.601,0.000,0.399
850500,0.601,0.000,0.399
851000,0.496,0.000,0.504
851500,0.430,0.000,0.570
852000,0.355,0.000,0.645
852500,0.377,0.000,0.623
853000,0.395,0.000,0.605
853500,0.430,0.000,0.570
854000,0.354,0.000,0.646
854500,0.486,0.000,0.514
855000,0.459,0.000,0.541
855500,0.463,0.000,0.537
856000,0.551,0.000,0.449
856500,0.476,0.000,0.524
857000,0.472,0.000,0.528
857500,0.504,0.000,0.496
858000,0.441,0.000,0.559
858500,0.398,0.000,0.602
859000,0.327,0.000,0.673
859500,0.533,0.000,0.467
860000,0.603,0.000,0.397
860500,0.563,0.000,0.437
861000,0.472,0.000,0.528
861500,0.391,0.000,0.609
862000,0.348,0.000,0.652
862500,0.435,0.000,0.565
863000,0.449,0.000,0.551
863500,0.489,0.000,0.511
864000,0.551,0.000,0.449
864500,0.486,0.000,0.514
865000,0.532,0.000,0.468
865500,0.338,0.000,0.662
866000,0.536,0.000,0.464
866500,0.520,0.000,0.480
867000,0.443,0.000,0.557
867500,0.405,0.000,0.595
868000,0.519,0.000,0.481
868500,0.571,0.000,0.429
869000,0.660,0.000,0.340
869500,0.602,0.000,0.398
870000,0.525,0.000,0.475
870500,0.527,0.000,0.473
871000,0.459,0.000,0.541
871500,0.613,0.000,0.387
872000,0.703,0.000,0.297
872500,0.690,0.000,0.310
873000,0.545,0.000,0.455
873500,0.407,0.000,0.593
874000,0.639,0.000,0.361
874500,0.554,0.000,0.446
875000,0.585,0.000,0.415
875500,0.379,0.000,0.621
876000,0.593,0.000,0.407
876500,0.465,0.000,0.535
877000,0.392,0.000,0.608
877500,0.464,0.000,0.536
878000,0.461,0.000,0.539
878500,0.453,0.000,0.547
879000,0.492,0.000,0.508
879500,0.461,0.000,0.539
880000,0.338,0.000,0.662
880500,0.493,0.000,0.507
881000,0.594,0.000,0.406
881500,0.596,0.000,0.404
882000,0.628,0.000,0.372
882500,0.607,0.000,0.393
883000,0.514,0.000,0.486
883500,0.441,0.000,0.559
884000,0.523,0.000,0.477
884500,0.552,0.000,0.448
885000,0.496,0.000,0.504
885500,0.434,0.000,0.566
886000,0.479,0.000,0.521
886500,0.617,0.000,0.383
887000,0.499,0.000,0.501
887500,0.380,0.000,0.620
888000,0.562,0.000,0.438
888500,0.462,0.000,0.538
889000,0.537,0.000,0.463
889500,0.564,0.000,0.436
890000,0.658,0.000,0.342
890500,0.679,0.000,0.321
891000,0.630,0.000,0.370
891500,0.547,0.000,0.453
892000,0.538,0.000,0.462
892500,0.406,0.000,0.594
893000,0.465,0.000,0.535
893500,0.635,0.000,0.365
894000,0.675,0.000,0.325
894500,0.498,0.000,0.502
895000,0.450,0.000,0.550
895500,0.742,0.000,0.258
896000,0.416,0.000,0.584
896500,0.420,0.000,0.580
897000,0.334,0.000,0.666
897500,0.536,0.000,0.464
898000,0.565,0.000,0.435
898500,0.455,0.000,0.545
899000,0.485,0.000,0.515
899500,0.633,0.000,0.367
900000,0.480,0.000,0.520
900500,0.449,0.000,0.551
901000,0.302,0.000,0.698
901500,0.410,0.000,0.590
902000,0.491,0.000,0.509
902500,0.510,0.000,0.490
903000,0.590,0.000,0.410
903500,0.595,0.000,0.405
904000,0.586,0.000,0.414
904500,0.503,0.000,0.497
905000,0.506,0.000,0.494
905500,0.435,0.000,0.565
906000,0.487,0.000,0.513
906500,0.481,0.000,0.519
907000,0.501,0.000,0.499
907500,0.534,0.000,0.466
908000,0.537,0.000,0.463
908500,0.568,0.000,0.432
909000,0.549,0.000,0.451
909500,0.534,0.000,0.466
910000,0.604,0.000,0.396
910500,0.522,0.000,0.478
911000,0.375,0.000,0.625
911500,0.496,0.000,0.504
912000,0.491,0.000,0.509
912500,0.460,0.000,0.540
913000,0.536,0.000,0.464
913500,0.416,0.000,0.584
914000,0.474,0.000,0.526
914500,0.560,0.000,0.440
915000,0.705,0.000,0.295
915500,0.709,0.000,0.291
916000,0.472,0.000,0.528
916500,0.666,0.000,0.334
917000,0.511,0.000,0.489
917500,0.521,0.000,0.479
918000,0.674,0.000,0.326
918500,0.429,0.000,0.571
919000,0.672,0.000,0.328
919500,0.478,0.000,0.522
920000,0.588,0.000,0.412
920500,0.449,0.000,0.551
921000,0.466,0.000,0.534
921500,0.506,0.000,0.494
922000,0.543,0.000,0.457
922500,0.606,0.000,0.394
923000,0.411,0.000,0.589
923500,0.443,0.000,0.557
924000,0.534,0.000,0.466
924500,0.535,0.000,0.465
925000,0.587,0.000,0.413
925500,0.554,0.000,0.446
926000,0.505,0.000,0.495
926500,0.547,0.000,0.453
927000,0.485,0.000,0.515
927500,0.565,0.000,0.435
928000,0.465,0.000,0.535
928500,0.529,0.000,0.471
929000,0.487,0.000,0.513
929500,0.527,0.000,0.473
930000,0.407,0.000,0.593
930500,0.510,0.000,0.490
931000,0.484,0.000,0.516
931500,0.597,0.000,0.403
932000,0.643,0.000,0.357
932500,0.572,0.000,0.428
933000,0.577,0.000,0.423
933500,0.471,0.000,0.529
934000,0.522,0.000,0.478
934500,0.575,0.000,0.425
935000,0.518,0.000,0.482
935500,0.633,0.000,0.367
936000,0.506,0.000,0.494
936500,0.435,0.000,0.565
937000,0.582,0.000,0.418
937500,0.559,0.000,0.441
938000,0.594,0.000,0.406
938500,0.487,0.000,0.513
939000,0.480,0.000,0.520
939500,0.611,0.000,0.389
940000,0.542,0.000,0.458
940500,0.518,0.000,0.482
941000,0.557,0.000,0.443
941500,0.739,0.000,0.261
942000,0.476,0.000,0.524
942500,0.503,0.000,0.497
943000,0.429,0.000,0.571
943500,0.560,0.000,0.440
944000,0.442,0.000,0.558
944500,0.519,0.000,0.481
945000,0.575,0.000,0.425
945500,0.550,0.000,0.450
946000,0.528,0.000,0.472
946500,0.550,0.000,0.450
947000,0.509,0.000,0.491
947500,0.599,0.000,0.401
948000,0.449,0.000,0.551
948500,0.622,0.000,0.378
949000,0.417,0.000,0.583
949500,0.510,0.000,0.490
950000,0.490,0.000,0.510
950500,0.595,0.000,0.405
951000,0.541,0.000,0.459
951500,0.434,0.000,0.566
952000,0.442,0.000,0.558
952500,0.433,0.000,0.567
953000,0.622,0.000,0.378
953500,0.578,0.000,0.422
954000,0.555,0.000,0.445
954500,0.576,0.000,0.424
955000,0.545,0.000,0.455
955500,0.458,0.000,0.542
956000,0.603,0.000,0.397
956500,0.404,0.000,0.596
957000,0.550,0.000,0.450
957500,0.449,0.000,0.551
958000,0.521,0.000,0.479
958500,0.628,0.000,0.372
959000,0.627,0.000,0.373
959500,0.622,0.000,0.378
960000,0.528,0.000,0.472
960500,0.407,0.000,0.593
961000,0.585,0.000,0.415
961500,0.523,0.000,0.477
962000,0.550,0.000,0.450
962500,0.611,0.000,0.389
963000,0.463,0.000,0.537
963500,0.587,0.000,0.413
964000,0.532,0.000,0.468
964500,0.655,0.000,0.345
965000,0.607,0.000,0.393
965500,0.527,0.000,0.473
966000,0.531,0.000,0.469
966500,0.517,0.000,0.483
967000,0.574,0.000,0.426
967500,0.503,0.000,0.497
968000,0.648,0.000,0.352
968500,0.647,0.000,0.353
969000,0.550,0.000,0.450
969500,0.468,0.000,0.532
970000,0.572,0.000,0.428
970500,0.665,0.000,0.335
971000,0.500,0.000,0.500
971500,0.532,0.000,0.468
972000,0.571,0.000,0.429
972500,0.511,0.000,0.489
973000,0.596,0.000,0.404
973500,0.604,0.000,0.396
974000,0.662,0.000,0.338
974500,0.481,0.000,0.519
975000,0.378,0.000,0.622
975500,0.566,0.000,0.434
976000,0.515,0.000,0.485
976500,0.482,0.000,0.518
977000,0.441,0.000,0.559
977500,0.503,0.000,0.497
978000,0.458,0.000,0.542
978500,0.558,0.000,0.442
979000,0.618,0.000,0.382
979500,0.466,0.000,0.534
980000,0.436,0.000,0.564
980500,0.504,0.000,0.496
981000,0.431,0.000,0.569
981500,0.413,0.000,0.587
982000,0.504,0.000,0.496
982500,0.485,0.000,0.515
983000,0.495,0.000,0.505
983500,0.388,0.000,0.612
984000,0.343,0.000,0.657
984500,0.667,0.000,0.333
985000,0.567,0.000,0.433
985500,0.652,0.000,0.348
986000,0.435,0.000,0.565
986500,0.423,0.000,0.577
987000,0.535,0.000,0.465
987500,0.575,0.000,0.425
988000,0.539,0.000,0.461
988500,0.558,0.000,0.442
989000,0.589,0.000,0.411
989500,0.575,0.000,0.425
990000,0.628,0.000,0.372
990500,0.629,0.000,0.371
991000,0.418,0.000,0.582
991500,0.589,0.000,0.411
992000,0.662,0.000,0.338
992500,0.496,0.000,0.504
993000,0.588,0.000,0.412
993500,0.606,0.000,0.394
994000,0.378,0.000,0.622
994500,0.414,0.000,0.586
995000,0.674,0.000,0.326
995500,0.493,0.000,0.507
996000,0.554,0.000,0.446
996500,0.427,0.000,0.573
997000,0.720,0.000,0.280
997500,0.601,0.000,0.399
998000,0.565,0.000,0.435
998500,0.517,0.000,0.483
999000,0.589,0.000,0.411
999500,0.504,0.000,0.496
1000000,0.516,0.000,0.484
