time,n_A+p,n_B,n_AB
500,0.076,0.016,0.908
1000,0.079,0.000,0.921
1500,0.073,0.000,0.927
2000,0.080,0.000,0.920
2500,0.082,0.001,0.917
3000,0.137,0.000,0.863
3500,0.065,0.000,0.935
4000,0.099,0.000,0.901
4500,0.104,0.000,0.896
5000,0.111,0.000,0.889
5500,0.112,0.000,0.888
6000,0.110,0.004,0.886
6500,0.093,0.012,0.895
7000,0.080,0.000,0.920
7500,0.101,0.000,0.899
8000,0.118,0.000,0.882
8500,0.140,0.000,0.860
9000,0.075,0.022,0.903
9500,0.109,0.005,0.886
10000,0.080,0.001,0.919
10500,0.080,0.014,0.906
11000,0.096,0.000,0.904
11500,0.092,0.000,0.908
12000,0.052,0.019,0.929
12500,0.089,0.000,0.911
13000,0.093,0.001,0.906
13500,0.089,0.000,0.911
14000,0.085,0.000,0.915
14500,0.089,0.000,0.911
15000,0.090,0.011,0.899
15500,0.073,0.000,0.927
16000,0.114,0.000,0.886
16500,0.094,0.000,0.906
17000,0.057,0.008,0.935
17500,0.078,0.002,0.920
18000,0.097,0.000,0.903
18500,0.117,0.000,0.883
19000,0.125,0.000,0.875
19500,0.079,0.009,0.912
20000,0.056,0.000,0.944
20500,0.119,0.002,0.879
21000,0.105,0.000,0.895
21500,0.089,0.001,0.910
22000,0.058,0.002,0.940
22500,0.093,0.014,0.893
23000,0.071,0.006,0.923
23500,0.128,0.012,0.860
24000,0.113,0.000,0.887
24500,0.093,0.006,0.901
25000,0.090,0.015,0.895
25500,0.070,0.022,0.908
26000,0.054,0.003,0.943
26500,0.109,0.000,0.891
27000,0.088,0.012,0.900
27500,0.085,0.000,0.915
28000,0.083,0.000,0.917
28500,0.095,0.001,0.904
29000,0.070,0.002,0.928
29500,0.106,0.000,0.894
30000,0.075,0.012,0.913
30500,0.090,0.007,0.903
31000,0.107,0.000,0.893
31500,0.125,0.000,0.875
32000,0.059,0.001,0.940
32500,0.072,0.001,0.927
33000,0.125,0.000,0.875
33500,0.073,0.000,0.927
34000,0.127,0.000,0.873
34500,0.067,0.000,0.933
35000,0.096,0.010,0.894
35500,0.063,0.000,0.937
36000,0.088,0.006,0.906
36500,0.073,0.000,0.927
37000,0.059,0.003,0.938
37500,0.062,0.009,0.929
38000,0.060,0.019,0.921
38500,0.083,0.001,0.916
39000,0.070,0.002,0.928
39500,0.135,0.000,0.865
40000,0.075,0.000,0.925
40500,0.113,0.001,0.886
41000,0.088,0.000,0.912
41500,0.101,0.000,0.899
42000,0.090,0.000,0.910
42500,0.104,0.009,0.887
43000,0.130,0.000,0.870
43500,0.079,0.000,0.921
44000,0.061,0.001,0.938
44500,0.055,0.000,0.945
45000,0.079,0.004,0.917
45500,0.081,0.000,0.919
46000,0.077,0.000,0.923
46500,0.103,0.000,0.897
47000,0.095,0.000,0.905
47500,0.073,0.000,0.927
48000,0.070,0.000,0.930
48500,0.058,0.015,0.927
49000,0.071,0.001,0.928
49500,0.106,0.000,0.894
50000,0.050,0.000,0.950
50500,0.087,0.000,0.913
51000,0.061,0.017,0.922
51500,0.058,0.001,0.941
52000,0.075,0.000,0.925
52500,0.096,0.001,0.903
53000,0.118,0.001,0.881
53500,0.098,0.000,0.902
54000,0.121,0.001,0.878
54500,0.085,0.017,0.898
55000,0.122,0.000,0.878
55500,0.055,0.001,0.944
56000,0.095,0.012,0.893
56500,0.060,0.014,0.926
57000,0.082,0.000,0.918
57500,0.152,0.000,0.848
58000,0.071,0.000,0.929
58500,0.053,0.008,0.939
59000,0.078,0.004,0.918
59500,0.096,0.000,0.904
60000,0.063,0.011,0.926
60500,0.068,0.020,0.912
61000,0.052,0.005,0.943
61500,0.073,0.017,0.910
62000,0.102,0.001,0.897
62500,0.066,0.001,0.933
63000,0.089,0.002,0.909
63500,0.114,0.000,0.886
64000,0.095,0.000,0.905
64500,0.086,0.002,0.912
65000,0.091,0.000,0.909
65500,0.068,0.000,0.932
66000,0.080,0.000,0.920
66500,0.082,0.000,0.918
67000,0.075,0.003,0.922
67500,0.077,0.007,0.916
68000,0.067,0.000,0.933
68500,0.105,0.000,0.895
69000,0.108,0.000,0.892
69500,0.069,0.000,0.931
70000,0.066,0.004,0.930
70500,0.062,0.023,0.915
71000,0.111,0.000,0.889
71500,0.114,0.000,0.886
72000,0.063,0.000,0.937
72500,0.061,0.004,0.935
73000,0.058,0.000,0.942
73500,0.092,0.000,0.908
74000,0.073,0.002,0.925
74500,0.074,0.000,0.926
75000,0.051,0.012,0.937
75500,0.065,0.009,0.926
76000,0.052,0.008,0.940
76500,0.068,0.005,0.927
77000,0.126,0.003,0.871
77500,0.099,0.021,0.880
78000,0.082,0.011,0.907
78500,0.082,0.017,0.901
79000,0.092,0.011,0.897
79500,0.053,0.000,0.947
80000,0.063,0.000,0.937
80500,0.070,0.000,0.930
81000,0.092,0.004,0.904
81500,0.098,0.000,0.902
82000,0.105,0.010,0.885
82500,0.091,0.004,0.905
83000,0.072,0.001,0.927
83500,0.054,0.000,0.946
84000,0.087,0.009,0.904
84500,0.064,0.000,0.936
85000,0.062,0.002,0.936
85500,0.100,0.000,0.900
86000,0.073,0.002,0.925
86500,0.087,0.007,0.906
87000,0.074,0.000,0.926
87500,0.075,0.013,0.912
88000,0.072,0.000,0.928
88500,0.112,0.004,0.884
89000,0.069,0.023,0.908
89500,0.055,0.019,0.926
90000,0.066,0.000,0.934
90500,0.069,0.000,0.931
91000,0.080,0.000,0.920
91500,0.070,0.000,0.930
92000,0.053,0.000,0.947
92500,0.058,0.000,0.942
93000,0.080,0.013,0.907
93500,0.061,0.019,0.920
94000,0.076,0.000,0.924
94500,0.080,0.000,0.920
95000,0.109,0.000,0.891
95500,0.083,0.000,0.917
96000,0.064,0.001,0.935
96500,0.101,0.000,0.899
97000,0.072,0.002,0.926
97500,0.088,0.000,0.912
98000,0.119,0.000,0.881
98500,0.075,0.001,0.924
99000,0.072,0.000,0.928
99500,0.112,0.000,0.888
100000,0.083,0.000,0.917
100500,0.060,0.000,0.940
101000,0.070,0.036,0.894
101500,0.086,0.001,0.913
102000,0.058,0.015,0.927
102500,0.075,0.023,0.902
103000,0.061,0.003,0.936
103500,0.067,0.032,0.901
104000,0.085,0.000,0.915
104500,0.057,0.000,0.943
105000,0.058,0.000,0.942
105500,0.075,0.007,0.918
106000,0.084,0.006,0.910
106500,0.069,0.004,0.927
107000,0.074,0.012,0.914
107500,0.097,0.000,0.903
108000,0.063,0.016,0.921
108500,0.081,0.006,0.913
109000,0.070,0.000,0.930
109500,0.086,0.004,0.910
110000,0.105,0.001,0.894
110500,0.085,0.021,0.894
111000,0.068,0.015,0.917
111500,0.071,0.003,0.926
112000,0.083,0.003,0.914
112500,0.100,0.000,0.900
113000,0.101,0.000,0.899
113500,0.053,0.033,0.914
114000,0.095,0.000,0.905
114500,0.116,0.008,0.876
115000,0.077,0.000,0.923
115500,0.120,0.000,0.880
116000,0.059,0.000,0.941
116500,0.103,0.002,0.895
117000,0.132,0.000,0.868
117500,0.078,0.007,0.915
118000,0.066,0.015,0.919
118500,0.066,0.001,0.933
119000,0.065,0.023,0.912
119500,0.060,0.015,0.925
120000,0.057,0.008,0.935
120500,0.088,0.000,0.912
121000,0.093,0.000,0.907
121500,0.108,0.004,0.888
122000,0.105,0.000,0.895
122500,0.106,0.001,0.893
123000,0.070,0.001,0.929
123500,0.091,0.015,0.894
124000,0.058,0.013,0.929
124500,0.067,0.027,0.906
125000,0.082,0.005,0.913
125500,0.073,0.000,0.927
126000,0.077,0.002,0.921
126500,0.125,0.012,0.863
127000,0.102,0.000,0.898
127500,0.112,0.000,0.888
128000,0.061,0.000,0.939
128500,0.079,0.000,0.921
129000,0.081,0.003,0.916
129500,0.071,0.000,0.929
130000,0.086,0.000,0.914
130500,0.084,0.003,0.913
131000,0.063,0.000,0.937
131500,0.063,0.000,0.937
132000,0.091,0.006,0.903
132500,0.125,0.000,0.875
133000,0.098,0.000,0.902
133500,0.087,0.000,0.913
134000,0.080,0.000,0.920
134500,0.081,0.000,0.919
135000,0.068,0.004,0.928
135500,0.056,0.020,0.924
136000,0.130,0.000,0.870
136500,0.085,0.000,0.915
137000,0.097,0.001,0.902
137500,0.087,0.000,0.913
138000,0.104,0.000,0.896
138500,0.060,0.000,0.940
139000,0.116,0.000,0.884
139500,0.092,0.004,0.904
140000,0.092,0.004,0.904
140500,0.125,0.000,0.875
141000,0.055,0.002,0.943
141500,0.071,0.006,0.923
142000,0.080,0.000,0.920
142500,0.073,0.000,0.927
143000,0.075,0.000,0.925
143500,0.119,0.000,0.881
144000,0.071,0.026,0.903
144500,0.071,0.000,0.929
145000,0.079,0.009,0.912
145500,0.103,0.001,0.896
146000,0.078,0.002,0.920
146500,0.050,0.009,0.941
147000,0.089,0.002,0.909
147500,0.067,0.000,0.933
148000,0.068,0.002,0.930
148500,0.068,0.000,0.932
149000,0.104,0.009,0.887
149500,0.085,0.003,0.912
150000,0.069,0.000,0.931
150500,0.080,0.016,0.904
151000,0.081,0.038,0.881
151500,0.086,0.002,0.912
152000,0.088,0.000,0.912
152500,0.077,0.005,0.918
153000,0.065,0.005,0.930
153500,0.081,0.000,0.919
154000,0.055,0.023,0.922
154500,0.134,0.001,0.865
155000,0.102,0.004,0.894
155500,0.089,0.000,0.911
156000,0.114,0.011,0.875
156500,0.086,0.000,0.914
157000,0.124,0.000,0.876
157500,0.057,0.000,0.943
158000,0.069,0.014,0.917
158500,0.083,0.000,0.917
159000,0.090,0.000,0.910
159500,0.120,0.000,0.880
160000,0.062,0.000,0.938
160500,0.094,0.006,0.900
161000,0.108,0.000,0.892
161500,0.112,0.000,0.888
162000,0.077,0.011,0.912
162500,0.074,0.003,0.923
163000,0.074,0.000,0.926
163500,0.067,0.004,0.929
164000,0.105,0.000,0.895
164500,0.121,0.000,0.879
165000,0.142,0.000,0.858
165500,0.097,0.000,0.903
166000,0.113,0.000,0.887
166500,0.066,0.025,0.909
167000,0.054,0.000,0.946
167500,0.055,0.000,0.945
168000,0.124,0.002,0.874
168500,0.119,0.000,0.881
169000,0.074,0.000,0.926
169500,0.062,0.000,0.938
170000,0.078,0.003,0.919
170500,0.113,0.000,0.887
171000,0.093,0.003,0.904
171500,0.125,0.000,0.875
172000,0.111,0.000,0.889
172500,0.081,0.000,0.919
173000,0.071,0.000,0.929
173500,0.077,0.000,0.923
174000,0.093,0.000,0.907
174500,0.072,0.038,0.890
175000,0.161,0.002,0.837
175500,0.089,0.006,0.905
176000,0.085,0.000,0.915
176500,0.074,0.000,0.926
177000,0.072,0.001,0.927
177500,0.067,0.000,0.933
178000,0.105,0.000,0.895
178500,0.090,0.004,0.906
179000,0.143,0.000,0.857
179500,0.064,0.006,0.930
180000,0.103,0.000,0.897
180500,0.081,0.000,0.919
181000,0.075,0.000,0.925
181500,0.061,0.001,0.938
182000,0.099,0.001,0.900
182500,0.128,0.000,0.872
183000,0.076,0.000,0.924
183500,0.067,0.000,0.933
184000,0.072,0.000,0.928
184500,0.066,0.011,0.923
185000,0.091,0.018,0.891
185500,0.112,0.011,0.877
186000,0.095,0.000,0.905
186500,0.131,0.017,0.852
187000,0.064,0.005,0.931
187500,0.068,0.000,0.932
188000,0.075,0.006,0.919
188500,0.129,0.000,0.871
189000,0.089,0.008,0.903
189500,0.094,0.000,0.906
190000,0.065,0.000,0.935
190500,0.068,0.012,0.920
191000,0.141,0.000,0.859
191500,0.070,0.012,0.918
192000,0.058,0.033,0.909
192500,0.108,0.000,0.892
193000,0.091,0.001,0.908
193500,0.060,0.021,0.919
194000,0.079,0.000,0.921
194500,0.073,0.000,0.927
195000,0.068,0.000,0.932
195500,0.089,0.000,0.911
196000,0.100,0.005,0.895
196500,0.111,0.000,0.889
197000,0.058,0.003,0.939
197500,0.096,0.001,0.903
198000,0.109,0.000,0.891
198500,0.059,0.000,0.941
199000,0.062,0.020,0.918
199500,0.063,0.023,0.914
200000,0.059,0.009,0.932
200500,0.077,0.012,0.911
201000,0.096,0.000,0.904
201500,0.119,0.008,0.873
202000,0.130,0.000,0.870
202500,0.148,0.001,0.851
203000,0.069,0.000,0.931
203500,0.070,0.021,0.909
204000,0.144,0.011,0.845
204500,0.095,0.000,0.905
205000,0.124,0.003,0.873
205500,0.083,0.000,0.917
206000,0.111,0.000,0.889
206500,0.072,0.021,0.907
207000,0.069,0.013,0.918
207500,0.065,0.000,0.935
208000,0.067,0.001,0.932
208500,0.062,0.000,0.938
209000,0.101,0.000,0.899
209500,0.141,0.000,0.859
210000,0.096,0.000,0.904
210500,0.073,0.016,0.911
211000,0.057,0.000,0.943
211500,0.074,0.000,0.926
212000,0.094,0.000,0.906
212500,0.060,0.012,0.928
213000,0.141,0.000,0.859
213500,0.058,0.000,0.942
214000,0.087,0.001,0.912
214500,0.075,0.005,0.920
215000,0.066,0.020,0.914
215500,0.108,0.006,0.886
216000,0.073,0.000,0.927
216500,0.066,0.021,0.913
217000,0.059,0.006,0.935
217500,0.067,0.007,0.926
218000,0.069,0.000,0.931
218500,0.094,0.007,0.899
219000,0.111,0.000,0.889
219500,0.091,0.000,0.909
220000,0.077,0.022,0.901
220500,0.074,0.003,0.923
221000,0.103,0.000,0.897
221500,0.086,0.001,0.913
222000,0.066,0.004,0.930
222500,0.086,0.006,0.908
223000,0.089,0.001,0.910
223500,0.119,0.000,0.881
224000,0.072,0.003,0.925
224500,0.100,0.003,0.897
225000,0.084,0.000,0.916
225500,0.103,0.014,0.883
226000,0.060,0.000,0.940
226500,0.129,0.000,0.871
227000,0.054,0.000,0.946
227500,0.074,0.001,0.925
228000,0.086,0.000,0.914
228500,0.123,0.000,0.877
229000,0.101,0.015,0.884
229500,0.082,0.001,0.917
230000,0.082,0.001,0.917
230500,0.093,0.000,0.907
231000,0.104,0.000,0.896
231500,0.066,0.000,0.934
232000,0.111,0.000,0.889
232500,0.095,0.016,0.889
233000,0.080,0.000,0.920
233500,0.057,0.000,0.943
234000,0.066,0.000,0.934
234500,0.069,0.017,0.914
235000,0.076,0.000,0.924
235500,0.063,0.030,0.907
236000,0.083,0.001,0.916
236500,0.094,0.004,0.902
237000,0.098,0.000,0.902
237500,0.128,0.000,0.872
238000,0.101,0.005,0.894
238500,0.052,0.012,0.936
239000,0.068,0.028,0.904
239500,0.115,0.006,0.879
240000,0.078,0.001,0.921
240500,0.052,0.023,0.925
241000,0.052,0.000,0.948
241500,0.102,0.000,0.898
242000,0.063,0.000,0.937
242500,0.114,0.003,0.883
243000,0.070,0.004,0.926
243500,0.121,0.003,0.876
244000,0.092,0.001,0.907
244500,0.101,0.033,0.866
245000,0.104,0.000,0.896
245500,0.121,0.018,0.861
246000,0.114,0.000,0.886
246500,0.064,0.018,0.918
247000,0.128,0.000,0.872
247500,0.076,0.000,0.924
248000,0.073,0.003,0.924
248500,0.088,0.000,0.912
249000,0.083,0.038,0.879
249500,0.061,0.000,0.939
250000,0.072,0.000,0.928
250500,0.075,0.003,0.922
251000,0.054,0.015,0.931
251500,0.094,0.001,0.905
252000,0.088,0.001,0.911
252500,0.091,0.000,0.909
253000,0.115,0.010,0.875
253500,0.130,0.000,0.870
254000,0.080,0.000,0.920
254500,0.084,0.003,0.913
255000,0.084,0.020,0.896
255500,0.071,0.046,0.883
256000,0.075,0.010,0.915
256500,0.091,0.002,0.907
257000,0.050,0.039,0.911
257500,0.060,0.009,0.931
258000,0.092,0.004,0.904
258500,0.065,0.023,0.912
259000,0.088,0.000,0.912
259500,0.100,0.000,0.900
260000,0.064,0.012,0.924
260500,0.061,0.011,0.928
261000,0.086,0.000,0.914
261500,0.072,0.001,0.927
262000,0.085,0.000,0.915
262500,0.097,0.000,0.903
263000,0.092,0.000,0.908
263500,0.093,0.003,0.904
264000,0.088,0.000,0.912
264500,0.120,0.000,0.880
265000,0.084,0.000,0.916
265500,0.079,0.002,0.919
266000,0.098,0.028,0.874
266500,0.087,0.012,0.901
267000,0.091,0.001,0.908
267500,0.076,0.016,0.908
268000,0.115,0.001,0.884
268500,0.068,0.000,0.932
269000,0.094,0.004,0.902
269500,0.064,0.000,0.936
270000,0.072,0.022,0.906
270500,0.086,0.000,0.914
271000,0.076,0.000,0.924
271500,0.079,0.000,0.921
272000,0.081,0.028,0.891
272500,0.082,0.000,0.918
273000,0.076,0.006,0.918
273500,0.107,0.001,0.892
274000,0.088,0.000,0.912
274500,0.063,0.005,0.932
275000,0.104,0.002,0.894
275500,0.079,0.000,0.921
276000,0.077,0.000,0.923
276500,0.083,0.006,0.911
277000,0.078,0.013,0.909
277500,0.083,0.000,0.917
278000,0.080,0.002,0.918
278500,0.072,0.000,0.928
279000,0.106,0.000,0.894
279500,0.082,0.012,0.906
280000,0.102,0.000,0.898
280500,0.055,0.034,0.911
281000,0.067,0.006,0.927
281500,0.089,0.006,0.905
282000,0.079,0.000,0.921
282500,0.089,0.004,0.907
283000,0.072,0.007,0.921
283500,0.079,0.003,0.918
284000,0.105,0.000,0.895
284500,0.086,0.002,0.912
285000,0.092,0.000,0.908
285500,0.092,0.000,0.908
286000,0.075,0.022,0.903
286500,0.095,0.000,0.905
287000,0.068,0.020,0.912
287500,0.063,0.029,0.908
288000,0.071,0.000,0.929
288500,0.052,0.015,0.933
289000,0.067,0.000,0.933
289500,0.092,0.000,0.908
290000,0.071,0.000,0.929
290500,0.136,0.000,0.864
291000,0.063,0.000,0.937
291500,0.066,0.000,0.934
292000,0.086,0.008,0.906
292500,0.092,0.001,0.907
293000,0.055,0.008,0.937
293500,0.068,0.000,0.932
294000,0.097,0.000,0.903
294500,0.056,0.017,0.927
295000,0.113,0.000,0.887
295500,0.080,0.008,0.912
296000,0.082,0.010,0.908
296500,0.073,0.004,0.923
297000,0.075,0.022,0.903
297500,0.139,0.000,0.861
298000,0.108,0.001,0.891
298500,0.086,0.006,0.908
299000,0.101,0.002,0.897
299500,0.124,0.000,0.876
300000,0.068,0.011,0.921
300500,0.087,0.004,0.909
301000,0.082,0.000,0.918
301500,0.090,0.001,0.909
302000,0.076,0.007,0.917
302500,0.076,0.004,0.920
303000,0.114,0.000,0.886
303500,0.090,0.023,0.887
304000,0.070,0.001,0.929
304500,0.061,0.000,0.939
305000,0.067,0.000,0.933
305500,0.123,0.000,0.877
306000,0.092,0.000,0.908
306500,0.088,0.000,0.912
307000,0.087,0.017,0.896
307500,0.106,0.001,0.893
308000,0.136,0.000,0.864
308500,0.110,0.010,0.880
309000,0.080,0.000,0.920
309500,0.098,0.000,0.902
310000,0.061,0.000,0.939
310500,0.064,0.008,0.928
311000,0.053,0.007,0.940
311500,0.075,0.000,0.925
312000,0.063,0.005,0.932
312500,0.068,0.023,0.909
313000,0.075,0.011,0.914
313500,0.076,0.020,0.904
314000,0.101,0.001,0.898
314500,0.079,0.003,0.918
315000,0.078,0.006,0.916
315500,0.077,0.003,0.920
316000,0.096,0.001,0.903
316500,0.085,0.003,0.912
317000,0.060,0.032,0.908
317500,0.128,0.000,0.872
318000,0.066,0.020,0.914
318500,0.117,0.005,0.878
319000,0.057,0.000,0.943
319500,0.073,0.016,0.911
320000,0.108,0.000,0.892
320500,0.084,0.000,0.916
321000,0.073,0.018,0.909
321500,0.085,0.000,0.915
322000,0.101,0.006,0.893
322500,0.091,0.009,0.900
323000,0.056,0.015,0.929
323500,0.085,0.005,0.910
324000,0.052,0.019,0.929
324500,0.057,0.002,0.941
325000,0.115,0.000,0.885
325500,0.086,0.000,0.914
326000,0.073,0.008,0.919
326500,0.055,0.015,0.930
327000,0.071,0.004,0.925
327500,0.060,0.000,0.940
328000,0.075,0.000,0.925
328500,0.098,0.006,0.896
329000,0.075,0.000,0.925
329500,0.116,0.000,0.884
330000,0.063,0.012,0.925
330500,0.101,0.000,0.899
331000,0.100,0.002,0.898
331500,0.067,0.012,0.921
332000,0.088,0.004,0.908
332500,0.088,0.002,0.910
333000,0.072,0.017,0.911
333500,0.075,0.000,0.925
334000,0.065,0.013,0.922
334500,0.088,0.000,0.912
335000,0.073,0.002,0.925
335500,0.101,0.001,0.898
336000,0.088,0.000,0.912
336500,0.064,0.005,0.931
337000,0.070,0.025,0.905
337500,0.129,0.000,0.871
338000,0.105,0.018,0.877
338500,0.094,0.002,0.904
339000,0.086,0.018,0.896
339500,0.081,0.022,0.897
340000,0.113,0.000,0.887
340500,0.093,0.000,0.907
341000,0.084,0.000,0.916
341500,0.102,0.000,0.898
342000,0.056,0.009,0.935
342500,0.121,0.000,0.879
343000,0.065,0.000,0.935
343500,0.112,0.000,0.888
344000,0.086,0.000,0.914
344500,0.073,0.021,0.906
345000,0.086,0.000,0.914
345500,0.084,0.005,0.911
346000,0.063,0.003,0.934
346500,0.056,0.002,0.942
347000,0.071,0.000,0.929
347500,0.079,0.000,0.921
348000,0.098,0.011,0.891
348500,0.067,0.000,0.933
349000,0.091,0.000,0.909
349500,0.089,0.007,0.904
350000,0.112,0.000,0.888
350500,0.066,0.000,0.934
351000,0.122,0.008,0.870
351500,0.073,0.000,0.927
352000,0.097,0.000,0.903
352500,0.107,0.025,0.868
353000,0.099,0.000,0.901
353500,0.198,0.000,0.802
354000,0.092,0.000,0.908
354500,0.087,0.000,0.913
355000,0.126,0.001,0.873
355500,0.094,0.000,0.906
356000,0.097,0.010,0.893
356500,0.059,0.002,0.939
357000,0.064,0.000,0.936
357500,0.120,0.003,0.877
358000,0.073,0.004,0.923
358500,0.079,0.000,0.921
359000,0.075,0.000,0.925
359500,0.102,0.000,0.898
360000,0.083,0.002,0.915
360500,0.094,0.014,0.892
361000,0.060,0.000,0.940
361500,0.070,0.014,0.916
362000,0.088,0.001,0.911
362500,0.071,0.000,0.929
363000,0.065,0.000,0.935
363500,0.104,0.000,0.896
364000,0.074,0.003,0.923
364500,0.088,0.006,0.906
365000,0.109,0.000,0.891
365500,0.109,0.000,0.891
366000,0.091,0.009,0.900
366500,0.072,0.000,0.928
367000,0.079,0.000,0.921
367500,0.088,0.000,0.912
368000,0.099,0.000,0.901
368500,0.081,0.001,0.918
369000,0.059,0.000,0.941
369500,0.121,0.000,0.879
370000,0.079,0.006,0.915
370500,0.095,0.000,0.905
371000,0.061,0.001,0.938
371500,0.079,0.000,0.921
372000,0.130,0.000,0.870
372500,0.057,0.034,0.909
373000,0.090,0.000,0.910
373500,0.105,0.000,0.895
374000,0.079,0.000,0.921
374500,0.069,0.003,0.928
375000,0.057,0.001,0.942
375500,0.065,0.000,0.935
376000,0.081,0.000,0.919
376500,0.129,0.000,0.871
377000,0.089,0.000,0.911
377500,0.118,0.010,0.872
378000,0.084,0.018,0.898
378500,0.093,0.001,0.906
379000,0.070,0.000,0.930
379500,0.095,0.009,0.896
380000,0.080,0.007,0.913
380500,0.082,0.000,0.918
381000,0.114,0.000,0.886
381500,0.077,0.000,0.923
382000,0.078,0.000,0.922
382500,0.087,0.013,0.900
383000,0.093,0.000,0.907
383500,0.133,0.008,0.859
384000,0.080,0.000,0.920
384500,0.073,0.002,0.925
385000,0.070,0.000,0.930
385500,0.070,0.012,0.918
386000,0.093,0.000,0.907
386500,0.062,0.001,0.937
387000,0.053,0.008,0.939
387500,0.093,0.000,0.907
388000,0.097,0.000,0.903
388500,0.082,0.000,0.918
389000,0.090,0.010,0.900
389500,0.085,0.002,0.913
390000,0.076,0.018,0.906
390500,0.081,0.001,0.918
391000,0.106,0.000,0.894
391500,0.094,0.004,0.902
392000,0.125,0.000,0.875
392500,0.058,0.020,0.922
393000,0.069,0.003,0.928
393500,0.080,0.015,0.905
394000,0.089,0.002,0.909
394500,0.122,0.024,0.854
395000,0.120,0.009,0.871
395500,0.079,0.001,0.920
396000,0.078,0.000,0.922
396500,0.178,0.000,0.822
397000,0.062,0.000,0.938
397500,0.076,0.000,0.924
398000,0.106,0.000,0.894
398500,0.077,0.000,0.923
399000,0.060,0.023,0.917
399500,0.054,0.002,0.944
400000,0.091,0.003,0.906
400500,0.109,0.000,0.891
401000,0.081,0.000,0.919
401500,0.079,0.003,0.918
402000,0.097,0.003,0.900
402500,0.107,0.000,0.893
403000,0.139,0.003,0.858
403500,0.115,0.000,0.885
404000,0.065,0.010,0.925
404500,0.054,0.021,0.925
405000,0.094,0.041,0.865
405500,0.056,0.001,0.943
406000,0.087,0.000,0.913
406500,0.108,0.000,0.892
407000,0.107,0.001,0.892
407500,0.059,0.000,0.941
408000,0.146,0.000,0.854
408500,0.075,0.000,0.925
409000,0.135,0.000,0.865
409500,0.064,0.013,0.923
410000,0.088,0.001,0.911
410500,0.109,0.000,0.891
411000,0.105,0.000,0.895
411500,0.079,0.000,0.921
412000,0.077,0.000,0.923
412500,0.122,0.028,0.850
413000,0.065,0.006,0.929
413500,0.061,0.003,0.936
414000,0.055,0.011,0.934
414500,0.082,0.001,0.917
415000,0.053,0.008,0.939
415500,0.086,0.000,0.914
416000,0.069,0.005,0.926
416500,0.099,0.000,0.901
417000,0.077,0.004,0.919
417500,0.097,0.000,0.903
418000,0.120,0.000,0.880
418500,0.069,0.000,0.931
419000,0.050,0.023,0.927
419500,0.066,0.000,0.934
420000,0.068,0.014,0.918
420500,0.113,0.001,0.886
421000,0.076,0.000,0.924
421500,0.124,0.000,0.876
422000,0.102,0.000,0.898
422500,0.082,0.000,0.918
423000,0.117,0.000,0.883
423500,0.077,0.005,0.918
424000,0.112,0.000,0.888
424500,0.081,0.000,0.919
425000,0.079,0.005,0.916
425500,0.050,0.012,0.938
426000,0.053,0.015,0.932
426500,0.098,0.000,0.902
427000,0.083,0.002,0.915
427500,0.122,0.000,0.878
428000,0.057,0.000,0.943
428500,0.115,0.000,0.885
429000,0.103,0.001,0.896
429500,0.063,0.010,0.927
430000,0.143,0.000,0.857
430500,0.096,0.000,0.904
431000,0.143,0.000,0.857
431500,0.074,0.005,0.921
432000,0.078,0.002,0.920
432500,0.128,0.001,0.871
433000,0.073,0.000,0.927
433500,0.100,0.000,0.900
434000,0.097,0.000,0.903
434500,0.094,0.000,0.906
435000,0.082,0.003,0.915
435500,0.081,0.000,0.919
436000,0.073,0.019,0.908
436500,0.063,0.000,0.937
437000,0.091,0.000,0.909
437500,0.084,0.000,0.916
438000,0.053,0.000,0.947
438500,0.061,0.023,0.916
439000,0.067,0.000,0.933
439500,0.094,0.000,0.906
440000,0.084,0.001,0.915
440500,0.092,0.000,0.908
441000,0.078,0.003,0.919
441500,0.052,0.000,0.948
442000,0.091,0.016,0.893
442500,0.070,0.006,0.924
443000,0.159,0.001,0.840
443500,0.096,0.000,0.904
444000,0.090,0.000,0.910
444500,0.099,0.009,0.892
445000,0.088,0.000,0.912
445500,0.115,0.002,0.883
446000,0.063,0.019,0.918
446500,0.080,0.000,0.920
447000,0.068,0.014,0.918
447500,0.052,0.024,0.924
448000,0.136,0.002,0.862
448500,0.097,0.000,0.903
449000,0.121,0.000,0.879
449500,0.105,0.000,0.895
450000,0.107,0.003,0.890
450500,0.074,0.000,0.926
451000,0.087,0.000,0.913
451500,0.057,0.021,0.922
452000,0.061,0.002,0.937
452500,0.074,0.004,0.922
453000,0.095,0.000,0.905
453500,0.080,0.002,0.918
454000,0.116,0.000,0.884
454500,0.083,0.000,0.917
455000,0.069,0.000,0.931
455500,0.097,0.017,0.886
456000,0.066,0.017,0.917
456500,0.074,0.012,0.914
457000,0.123,0.000,0.877
457500,0.084,0.019,0.897
458000,0.057,0.020,0.923
458500,0.073,0.007,0.920
459000,0.098,0.004,0.898
459500,0.076,0.000,0.924
460000,0.078,0.000,0.922
460500,0.069,0.007,0.924
461000,0.076,0.000,0.924
461500,0.097,0.000,0.903
462000,0.061,0.000,0.939
462500,0.088,0.000,0.912
463000,0.072,0.000,0.928
463500,0.085,0.000,0.915
464000,0.087,0.000,0.913
464500,0.102,0.018,0.880
465000,0.066,0.024,0.910
465500,0.084,0.000,0.916
466000,0.067,0.000,0.933
466500,0.082,0.000,0.918
467000,0.092,0.000,0.908
467500,0.077,0.001,0.922
468000,0.051,0.000,0.949
468500,0.069,0.010,0.921
469000,0.086,0.000,0.914
469500,0.135,0.001,0.864
470000,0.094,0.000,0.906
470500,0.098,0.000,0.902
471000,0.061,0.043,0.896
471500,0.053,0.007,0.940
472000,0.058,0.004,0.938
472500,0.063,0.032,0.905
473000,0.097,0.000,0.903
473500,0.087,0.001,0.912
474000,0.143,0.007,0.850
474500,0.113,0.000,0.887
475000,0.064,0.007,0.929
475500,0.074,0.000,0.926
476000,0.096,0.002,0.902
476500,0.072,0.011,0.917
477000,0.128,0.000,0.872
477500,0.070,0.000,0.930
478000,0.111,0.000,0.889
478500,0.074,0.008,0.918
479000,0.063,0.004,0.933
479500,0.056,0.020,0.924
480000,0.083,0.005,0.912
480500,0.086,0.000,0.914
481000,0.098,0.001,0.901
481500,0.053,0.000,0.947
482000,0.092,0.006,0.902
482500,0.089,0.011,0.900
483000,0.082,0.008,0.910
483500,0.067,0.000,0.933
484000,0.152,0.000,0.848
484500,0.130,0.000,0.870
485000,0.083,0.020,0.897
485500,0.065,0.000,0.935
486000,0.101,0.000,0.899
486500,0.087,0.029,0.884
487000,0.100,0.000,0.900
487500,0.051,0.013,0.936
488000,0.105,0.001,0.894
488500,0.089,0.001,0.910
489000,0.080,0.000,0.920
489500,0.098,0.005,0.897
490000,0.067,0.000,0.933
490500,0.088,0.000,0.912
491000,0.076,0.005,0.919
491500,0.082,0.000,0.918
492000,0.094,0.016,0.890
492500,0.120,0.001,0.879
493000,0.068,0.000,0.932
493500,0.097,0.000,0.903
494000,0.072,0.000,0.928
494500,0.081,0.000,0.919
495000,0.082,0.000,0.918
495500,0.084,0.002,0.914
496000,0.108,0.000,0.892
496500,0.071,0.000,0.929
497000,0.055,0.021,0.924
497500,0.149,0.000,0.851
498000,0.066,0.011,0.923
498500,0.084,0.000,0.916
499000,0.083,0.000,0.917
499500,0.057,0.000,0.943
500000,0.090,0.000,0.910
500500,0.078,0.000,0.922
501000,0.073,0.000,0.927
501500,0.095,0.000,0.905
502000,0.074,0.001,0.925
502500,0.059,0.009,0.932
503000,0.085,0.000,0.915
503500,0.090,0.000,0.910
504000,0.071,0.000,0.929
504500,0.101,0.000,0.899
505000,0.076,0.000,0.924
505500,0.059,0.000,0.941
506000,0.065,0.000,0.935
506500,0.081,0.003,0.916
507000,0.065,0.000,0.935
507500,0.089,0.000,0.911
508000,0.060,0.018,0.922
508500,0.055,0.003,0.942
509000,0.100,0.000,0.900
509500,0.098,0.007,0.895
510000,0.080,0.000,0.920
510500,0.079,0.000,0.921
511000,0.118,0.000,0.882
511500,0.067,0.025,0.908
512000,0.077,0.005,0.918
512500,0.097,0.000,0.903
513000,0.117,0.000,0.883
513500,0.069,0.013,0.918
514000,0.074,0.000,0.926
514500,0.083,0.007,0.910
515000,0.110,0.000,0.890
515500,0.085,0.000,0.915
516000,0.059,0.000,0.941
516500,0.069,0.001,0.930
517000,0.067,0.000,0.933
517500,0.080,0.025,0.895
518000,0.069,0.002,0.929
518500,0.086,0.004,0.910
519000,0.073,0.002,0.925
519500,0.064,0.013,0.923
520000,0.103,0.000,0.897
520500,0.072,0.009,0.919
521000,0.079,0.003,0.918
521500,0.061,0.021,0.918
522000,0.079,0.017,0.904
522500,0.076,0.002,0.922
523000,0.088,0.001,0.911
523500,0.070,0.000,0.930
524000,0.106,0.004,0.890
524500,0.100,0.000,0.900
525000,0.094,0.035,0.871
525500,0.058,0.023,0.919
526000,0.122,0.001,0.877
526500,0.060,0.000,0.940
527000,0.068,0.001,0.931
527500,0.081,0.000,0.919
528000,0.104,0.008,0.888
528500,0.112,0.000,0.888
529000,0.070,0.020,0.910
529500,0.053,0.020,0.927
530000,0.101,0.025,0.874
530500,0.076,0.016,0.908
531000,0.087,0.000,0.913
531500,0.080,0.000,0.920
532000,0.053,0.009,0.938
532500,0.101,0.011,0.888
533000,0.080,0.011,0.909
533500,0.093,0.000,0.907
534000,0.057,0.000,0.943
534500,0.060,0.022,0.918
535000,0.124,0.000,0.876
535500,0.082,0.000,0.918
536000,0.080,0.000,0.920
536500,0.074,0.000,0.926
537000,0.078,0.000,0.922
537500,0.084,0.000,0.916
538000,0.075,0.014,0.911
538500,0.099,0.000,0.901
539000,0.116,0.000,0.884
539500,0.084,0.003,0.913
540000,0.086,0.000,0.914
540500,0.087,0.000,0.913
541000,0.123,0.000,0.877
541500,0.055,0.007,0.938
542000,0.051,0.031,0.918
542500,0.093,0.006,0.901
543000,0.071,0.001,0.928
543500,0.087,0.000,0.913
544000,0.088,0.012,0.900
544500,0.112,0.000,0.888
545000,0.054,0.021,0.925
545500,0.069,0.001,0.930
546000,0.078,0.016,0.906
546500,0.087,0.000,0.913
547000,0.136,0.000,0.864
547500,0.096,0.000,0.904
548000,0.078,0.004,0.918
548500,0.078,0.001,0.921
549000,0.098,0.004,0.898
549500,0.089,0.000,0.911
550000,0.087,0.000,0.913
550500,0.089,0.003,0.908
551000,0.120,0.000,0.880
551500,0.115,0.000,0.885
552000,0.091,0.000,0.909
552500,0.070,0.000,0.930
553000,0.083,0.025,0.892
553500,0.071,0.001,0.928
554000,0.082,0.020,0.898
554500,0.082,0.015,0.903
555000,0.078,0.000,0.922
555500,0.083,0.008,0.909
556000,0.108,0.000,0.892
556500,0.063,0.000,0.937
557000,0.069,0.000,0.931
557500,0.090,0.009,0.901
558000,0.099,0.002,0.899
558500,0.078,0.000,0.922
559000,0.085,0.000,0.915
559500,0.071,0.000,0.929
560000,0.067,0.005,0.928
560500,0.064,0.015,0.921
561000,0.062,0.000,0.938
561500,0.056,0.015,0.929
562000,0.051,0.008,0.941
562500,0.099,0.000,0.901
563000,0.083,0.000,0.917
563500,0.083,0.000,0.917
564000,0.130,0.000,0.870
564500,0.120,0.000,0.880
565000,0.096,0.000,0.904
565500,0.100,0.004,0.896
566000,0.094,0.000,0.906
566500,0.099,0.009,0.892
567000,0.094,0.000,0.906
567500,0.118,0.000,0.882
568000,0.077,0.011,0.912
568500,0.105,0.000,0.895
569000,0.103,0.000,0.897
569500,0.072,0.000,0.928
570000,0.096,0.003,0.901
570500,0.068,0.007,0.925
571000,0.114,0.000,0.886
571500,0.111,0.006,0.883
572000,0.065,0.002,0.933
572500,0.108,0.006,0.886
573000,0.099,0.000,0.901
573500,0.068,0.007,0.925
574000,0.114,0.000,0.886
574500,0.068,0.004,0.928
575000,0.074,0.000,0.926
575500,0.115,0.000,0.885
576000,0.076,0.000,0.924
576500,0.087,0.008,0.905
577000,0.095,0.000,0.905
577500,0.075,0.000,0.925
578000,0.070,0.005,0.925
578500,0.144,0.000,0.856
579000,0.085,0.018,0.897
579500,0.110,0.001,0.889
580000,0.091,0.000,0.909
580500,0.095,0.000,0.905
581000,0.074,0.014,0.912
581500,0.057,0.010,0.933
582000,0.062,0.007,0.931
582500,0.076,0.004,0.920
583000,0.053,0.002,0.945
583500,0.094,0.001,0.905
584000,0.116,0.006,0.878
584500,0.086,0.004,0.910
585000,0.057,0.000,0.943
585500,0.069,0.002,0.929
586000,0.066,0.000,0.934
586500,0.080,0.020,0.900
587000,0.090,0.000,0.910
587500,0.078,0.013,0.909
588000,0.101,0.000,0.899
588500,0.095,0.004,0.901
589000,0.118,0.000,0.882
589500,0.127,0.000,0.873
590000,0.111,0.000,0.889
590500,0.082,0.012,0.906
591000,0.119,0.001,0.880
591500,0.099,0.000,0.901
592000,0.081,0.015,0.904
592500,0.071,0.022,0.907
593000,0.102,0.000,0.898
593500,0.054,0.000,0.946
594000,0.066,0.021,0.913
594500,0.078,0.015,0.907
595000,0.078,0.000,0.922
595500,0.099,0.012,0.889
596000,0.077,0.000,0.923
596500,0.060,0.013,0.927
597000,0.092,0.000,0.908
597500,0.077,0.015,0.908
598000,0.082,0.000,0.918
598500,0.055,0.009,0.936
599000,0.077,0.013,0.910
599500,0.101,0.005,0.894
600000,0.101,0.000,0.899
600500,0.072,0.022,0.906
601000,0.083,0.000,0.917
601500,0.094,0.011,0.895
602000,0.073,0.025,0.902
602500,0.056,0.001,0.943
603000,0.063,0.000,0.937
603500,0.090,0.000,0.910
604000,0.075,0.000,0.925
604500,0.078,0.015,0.907
605000,0.088,0.000,0.912
605500,0.054,0.009,0.937
606000,0.103,0.000,0.897
606500,0.123,0.000,0.877
607000,0.091,0.000,0.909
607500,0.094,0.000,0.906
608000,0.064,0.020,0.916
608500,0.113,0.000,0.887
609000,0.052,0.006,0.942
609500,0.095,0.000,0.905
610000,0.068,0.014,0.918
610500,0.096,0.004,0.900
611000,0.076,0.001,0.923
611500,0.079,0.000,0.921
612000,0.087,0.025,0.888
612500,0.082,0.014,0.904
613000,0.075,0.010,0.915
613500,0.073,0.005,0.922
614000,0.072,0.003,0.925
614500,0.117,0.000,0.883
615000,0.076,0.000,0.924
615500,0.084,0.000,0.916
616000,0.091,0.002,0.907
616500,0.073,0.004,0.923
617000,0.058,0.017,0.925
617500,0.090,0.004,0.906
618000,0.058,0.003,0.939
618500,0.199,0.000,0.801
619000,0.078,0.014,0.908
619500,0.078,0.000,0.922
620000,0.065,0.004,0.931
620500,0.077,0.001,0.922
621000,0.106,0.014,0.880
621500,0.105,0.004,0.891
622000,0.058,0.033,0.909
622500,0.069,0.000,0.931
623000,0.094,0.001,0.905
623500,0.103,0.002,0.895
624000,0.127,0.000,0.873
624500,0.076,0.006,0.918
625000,0.073,0.004,0.923
625500,0.077,0.000,0.923
626000,0.090,0.003,0.907
626500,0.093,0.000,0.907
627000,0.061,0.001,0.938
627500,0.146,0.000,0.854
628000,0.061,0.018,0.921
628500,0.079,0.007,0.914
629000,0.052,0.003,0.945
629500,0.067,0.005,0.928
630000,0.055,0.036,0.909
630500,0.053,0.003,0.944
631000,0.125,0.000,0.875
631500,0.090,0.000,0.910
632000,0.059,0.026,0.915
632500,0.079,0.016,0.905
633000,0.072,0.008,0.920
633500,0.071,0.011,0.918
634000,0.087,0.004,0.909
634500,0.081,0.000,0.919
635000,0.104,0.010,0.886
635500,0.115,0.000,0.885
636000,0.087,0.008,0.905
636500,0.084,0.001,0.915
637000,0.063,0.004,0.933
637500,0.081,0.000,0.919
638000,0.066,0.000,0.934
638500,0.074,0.000,0.926
639000,0.069,0.008,0.923
639500,0.062,0.000,0.938
640000,0.084,0.000,0.916
640500,0.090,0.000,0.910
641000,0.078,0.000,0.922
641500,0.073,0.000,0.927
642000,0.140,0.003,0.857
642500,0.088,0.005,0.907
643000,0.102,0.000,0.898
643500,0.092,0.000,0.908
644000,0.120,0.001,0.879
644500,0.078,0.000,0.922
645000,0.062,0.004,0.934
645500,0.069,0.018,0.913
646000,0.071,0.006,0.923
646500,0.133,0.000,0.867
647000,0.080,0.004,0.916
647500,0.068,0.010,0.922
648000,0.081,0.000,0.919
648500,0.098,0.000,0.902
649000,0.116,0.000,0.884
649500,0.098,0.000,0.902
650000,0.069,0.004,0.927
650500,0.123,0.000,0.877
651000,0.095,0.002,0.903
651500,0.100,0.000,0.900
652000,0.077,0.000,0.923
652500,0.070,0.007,0.923
653000,0.079,0.000,0.921
653500,0.103,0.001,0.896
654000,0.096,0.001,0.903
654500,0.063,0.032,0.905
655000,0.094,0.016,0.890
655500,0.065,0.001,0.934
656000,0.104,0.021,0.875
656500,0.052,0.001,0.947
657000,0.094,0.002,0.904
657500,0.072,0.003,0.925
658000,0.108,0.000,0.892
658500,0.103,0.000,0.897
659000,0.077,0.007,0.916
659500,0.066,0.013,0.921
660000,0.086,0.000,0.914
660500,0.094,0.000,0.906
661000,0.077,0.009,0.914
661500,0.097,0.013,0.890
662000,0.109,0.000,0.891
662500,0.075,0.001,0.924
663000,0.095,0.000,0.905
663500,0.120,0.000,0.880
664000,0.097,0.012,0.891
664500,0.100,0.000,0.900
665000,0.057,0.000,0.943
665500,0.070,0.002,0.928
666000,0.150,0.000,0.850
666500,0.068,0.024,0.908
667000,0.079,0.030,0.891
667500,0.076,0.020,0.904
668000,0.079,0.000,0.921
668500,0.094,0.000,0.906
669000,0.052,0.004,0.944
669500,0.089,0.001,0.910
670000,0.058,0.000,0.942
670500,0.060,0.019,0.921
671000,0.092,0.000,0.908
671500,0.081,0.000,0.919
672000,0.119,0.000,0.881
672500,0.050,0.017,0.933
673000,0.090,0.001,0.909
673500,0.068,0.010,0.922
674000,0.063,0.032,0.905
674500,0.084,0.000,0.916
675000,0.074,0.000,0.926
675500,0.115,0.003,0.882
676000,0.083,0.000,0.917
676500,0.089,0.000,0.911
677000,0.111,0.000,0.889
677500,0.071,0.000,0.929
678000,0.062,0.005,0.933
678500,0.109,0.000,0.891
679000,0.056,0.014,0.930
679500,0.056,0.042,0.902
680000,0.061,0.007,0.932
680500,0.078,0.008,0.914
681000,0.054,0.006,0.940
681500,0.132,0.000,0.868
682000,0.098,0.000,0.902
682500,0.120,0.002,0.878
683000,0.090,0.000,0.910
683500,0.090,0.003,0.907
684000,0.116,0.000,0.884
684500,0.098,0.000,0.902
685000,0.079,0.008,0.913
685500,0.108,0.015,0.877
686000,0.077,0.000,0.923
686500,0.076,0.047,0.877
687000,0.081,0.000,0.919
687500,0.071,0.001,0.928
688000,0.085,0.001,0.914
688500,0.065,0.007,0.928
689000,0.064,0.006,0.930
689500,0.151,0.000,0.849
690000,0.101,0.002,0.897
690500,0.092,0.000,0.908
691000,0.059,0.011,0.930
691500,0.129,0.000,0.871
692000,0.075,0.000,0.925
692500,0.089,0.000,0.911
693000,0.057,0.000,0.943
693500,0.121,0.000,0.879
694000,0.174,0.000,0.826
694500,0.100,0.005,0.895
695000,0.102,0.018,0.880
695500,0.071,0.000,0.929
696000,0.085,0.002,0.913
696500,0.097,0.008,0.895
697000,0.088,0.001,0.911
697500,0.086,0.002,0.912
698000,0.105,0.001,0.894
698500,0.070,0.000,0.930
699000,0.077,0.000,0.923
699500,0.068,0.000,0.932
700000,0.074,0.038,0.888
700500,0.098,0.001,0.901
701000,0.075,0.010,0.915
701500,0.093,0.001,0.906
702000,0.095,0.004,0.901
702500,0.116,0.000,0.884
703000,0.075,0.000,0.925
703500,0.068,0.010,0.922
704000,0.072,0.000,0.928
704500,0.121,0.005,0.874
705000,0.079,0.003,0.918
705500,0.075,0.000,0.925
706000,0.051,0.023,0.926
706500,0.057,0.036,0.907
707000,0.059,0.003,0.938
707500,0.093,0.000,0.907
708000,0.071,0.000,0.929
708500,0.111,0.004,0.885
709000,0.087,0.006,0.907
709500,0.077,0.013,0.910
710000,0.076,0.000,0.924
710500,0.076,0.000,0.924
711000,0.115,0.001,0.884
711500,0.102,0.009,0.889
712000,0.056,0.000,0.944
712500,0.126,0.001,0.873
713000,0.172,0.000,0.828
713500,0.078,0.004,0.918
714000,0.120,0.000,0.880
714500,0.102,0.000,0.898
715000,0.084,0.000,0.916
715500,0.065,0.000,0.935
716000,0.099,0.000,0.901
716500,0.108,0.000,0.892
717000,0.075,0.000,0.925
717500,0.090,0.017,0.893
718000,0.056,0.017,0.927
718500,0.082,0.000,0.918
719000,0.074,0.012,0.914
719500,0.076,0.000,0.924
720000,0.082,0.000,0.918
720500,0.133,0.001,0.866
721000,0.088,0.004,0.908
721500,0.074,0.000,0.926
722000,0.080,0.000,0.920
722500,0.103,0.006,0.891
723000,0.107,0.000,0.893
723500,0.080,0.000,0.920
724000,0.079,0.005,0.916
724500,0.090,0.005,0.905
725000,0.077,0.003,0.920
725500,0.117,0.000,0.883
726000,0.063,0.009,0.928
726500,0.092,0.003,0.905
727000,0.074,0.000,0.926
727500,0.098,0.009,0.893
728000,0.071,0.000,0.929
728500,0.080,0.003,0.917
729000,0.075,0.005,0.920
729500,0.068,0.011,0.921
730000,0.095,0.000,0.905
730500,0.156,0.000,0.844
731000,0.124,0.000,0.876
731500,0.093,0.002,0.905
732000,0.061,0.000,0.939
732500,0.094,0.001,0.905
733000,0.053,0.000,0.947
733500,0.073,0.033,0.894
734000,0.106,0.002,0.892
734500,0.093,0.002,0.905
735000,0.092,0.002,0.906
735500,0.101,0.001,0.898
736000,0.076,0.000,0.924
736500,0.069,0.000,0.931
737000,0.083,0.020,0.897
737500,0.103,0.015,0.882
738000,0.056,0.014,0.930
738500,0.104,0.005,0.891
739000,0.071,0.000,0.929
739500,0.082,0.002,0.916
740000,0.099,0.002,0.899
740500,0.085,0.000,0.915
741000,0.102,0.000,0.898
741500,0.067,0.000,0.933
742000,0.085,0.022,0.893
742500,0.081,0.001,0.918
743000,0.081,0.000,0.919
743500,0.066,0.001,0.933
744000,0.098,0.004,0.898
744500,0.102,0.001,0.897
745000,0.092,0.001,0.907
745500,0.065,0.008,0.927
746000,0.070,0.017,0.913
746500,0.067,0.014,0.919
747000,0.066,0.026,0.908
747500,0.074,0.006,0.920
748000,0.073,0.011,0.916
748500,0.111,0.000,0.889
749000,0.081,0.009,0.910
749500,0.073,0.021,0.906
750000,0.079,0.000,0.921
750500,0.079,0.000,0.921
751000,0.089,0.000,0.911
751500,0.066,0.018,0.916
752000,0.098,0.000,0.902
752500,0.093,0.000,0.907
753000,0.097,0.001,0.902
753500,0.056,0.006,0.938
754000,0.085,0.000,0.915
754500,0.135,0.012,0.853
755000,0.094,0.001,0.905
755500,0.072,0.023,0.905
756000,0.087,0.000,0.913
756500,0.052,0.023,0.925
757000,0.132,0.000,0.868
757500,0.066,0.000,0.934
758000,0.070,0.003,0.927
758500,0.071,0.008,0.921
759000,0.123,0.001,0.876
759500,0.075,0.000,0.925
760000,0.141,0.000,0.859
760500,0.082,0.004,0.914
761000,0.071,0.000,0.929
761500,0.081,0.000,0.919
762000,0.107,0.022,0.871
762500,0.105,0.000,0.895
763000,0.097,0.000,0.903
763500,0.105,0.000,0.895
764000,0.094,0.000,0.906
764500,0.059,0.001,0.940
765000,0.145,0.000,0.855
765500,0.088,0.001,0.911
766000,0.079,0.010,0.911
766500,0.064,0.004,0.932
767000,0.104,0.000,0.896
767500,0.094,0.000,0.906
768000,0.080,0.000,0.920
768500,0.110,0.002,0.888
769000,0.067,0.005,0.928
769500,0.100,0.000,0.900
770000,0.092,0.005,0.903
770500,0.052,0.008,0.940
771000,0.085,0.003,0.912
771500,0.056,0.010,0.934
772000,0.053,0.006,0.941
772500,0.069,0.007,0.924
773000,0.074,0.000,0.926
773500,0.062,0.009,0.929
774000,0.086,0.021,0.893
774500,0.103,0.000,0.897
775000,0.123,0.000,0.877
775500,0.086,0.006,0.908
776000,0.061,0.001,0.938
776500,0.079,0.003,0.918
777000,0.104,0.000,0.896
777500,0.135,0.001,0.864
778000,0.063,0.010,0.927
778500,0.080,0.000,0.920
779000,0.096,0.007,0.897
779500,0.086,0.000,0.914
780000,0.072,0.000,0.928
780500,0.080,0.002,0.918
781000,0.096,0.000,0.904
781500,0.088,0.000,0.912
782000,0.057,0.000,0.943
782500,0.108,0.000,0.892
783000,0.105,0.000,0.895
783500,0.079,0.003,0.918
784000,0.081,0.015,0.904
784500,0.066,0.000,0.934
785000,0.072,0.007,0.921
785500,0.087,0.000,0.913
786000,0.072,0.003,0.925
786500,0.065,0.002,0.933
787000,0.087,0.000,0.913
787500,0.056,0.000,0.944
788000,0.058,0.005,0.937
788500,0.071,0.001,0.928
789000,0.126,0.000,0.874
789500,0.073,0.012,0.915
790000,0.181,0.000,0.819
790500,0.081,0.000,0.919
791000,0.086,0.000,0.914
791500,0.067,0.000,0.933
792000,0.143,0.000,0.857
792500,0.076,0.000,0.924
793000,0.079,0.001,0.920
793500,0.070,0.000,0.930
794000,0.073,0.000,0.927
794500,0.095,0.000,0.905
795000,0.088,0.002,0.910
795500,0.081,0.000,0.919
796000,0.097,0.006,0.897
796500,0.135,0.000,0.865
797000,0.070,0.000,0.930
797500,0.083,0.000,0.917
798000,0.070,0.008,0.922
798500,0.069,0.005,0.926
799000,0.098,0.000,0.902
799500,0.050,0.013,0.937
800000,0.122,0.002,0.876
800500,0.062,0.008,0.930
801000,0.068,0.015,0.917
801500,0.081,0.000,0.919
802000,0.053,0.006,0.941
802500,0.117,0.000,0.883
803000,0.061,0.022,0.917
803500,0.070,0.000,0.930
804000,0.127,0.004,0.869
804500,0.072,0.000,0.928
805000,0.074,0.000,0.926
805500,0.092,0.000,0.908
806000,0.120,0.000,0.880
806500,0.071,0.025,0.904
807000,0.101,0.001,0.898
807500,0.086,0.023,0.891
808000,0.083,0.004,0.913
808500,0.068,0.019,0.913
809000,0.100,0.002,0.898
809500,0.080,0.005,0.915
810000,0.089,0.000,0.911
810500,0.112,0.000,0.888
811000,0.127,0.000,0.873
811500,0.085,0.000,0.915
812000,0.064,0.006,0.930
812500,0.074,0.000,0.926
813000,0.072,0.028,0.900
813500,0.063,0.001,0.936
814000,0.065,0.001,0.934
814500,0.076,0.005,0.919
815000,0.066,0.012,0.922
815500,0.087,0.000,0.913
816000,0.088,0.002,0.910
816500,0.118,0.009,0.873
817000,0.066,0.000,0.934
817500,0.100,0.001,0.899
818000,0.084,0.000,0.916
818500,0.097,0.000,0.903
819000,0.077,0.003,0.920
819500,0.090,0.016,0.894
820000,0.087,0.000,0.913
820500,0.057,0.027,0.916
821000,0.071,0.019,0.910
821500,0.097,0.007,0.896
822000,0.073,0.000,0.927
822500,0.090,0.000,0.910
823000,0.067,0.004,0.929
823500,0.102,0.000,0.898
824000,0.082,0.000,0.918
824500,0.078,0.007,0.915
825000,0.105,0.000,0.895
825500,0.118,0.000,0.882
826000,0.053,0.013,0.934
826500,0.084,0.000,0.916
827000,0.063,0.002,0.935
827500,0.076,0.000,0.924
828000,0.069,0.003,0.928
828500,0.092,0.000,0.908
829000,0.053,0.026,0.921
829500,0.055,0.015,0.930
830000,0.086,0.020,0.894
830500,0.064,0.001,0.935
831000,0.096,0.000,0.904
831500,0.083,0.002,0.915
832000,0.103,0.000,0.897
832500,0.067,0.000,0.933
833000,0.078,0.000,0.922
833500,0.063,0.000,0.937
834000,0.099,0.000,0.901
834500,0.085,0.001,0.914
835000,0.098,0.002,0.900
835500,0.059,0.027,0.914
836000,0.076,0.000,0.924
836500,0.154,0.000,0.846
837000,0.098,0.001,0.901
837500,0.053,0.003,0.944
838000,0.075,0.024,0.901
838500,0.097,0.001,0.902
839000,0.060,0.001,0.939
839500,0.063,0.000,0.937
840000,0.075,0.005,0.920
840500,0.071,0.000,0.929
841000,0.070,0.007,0.923
841500,0.119,0.000,0.881
842000,0.059,0.000,0.941
842500,0.109,0.000,0.891
843000,0.097,0.009,0.894
843500,0.082,0.023,0.895
844000,0.066,0.019,0.915
844500,0.109,0.000,0.891
845000,0.100,0.001,0.899
845500,0.081,0.001,0.918
846000,0.073,0.000,0.927
846500,0.054,0.006,0.940
847000,0.090,0.004,0.906
847500,0.077,0.000,0.923
848000,0.070,0.013,0.917
848500,0.098,0.014,0.888
849000,0.077,0.025,0.898
849500,0.088,0.000,0.912
850000,0.058,0.002,0.940
850500,0.106,0.001,0.893
851000,0.160,0.000,0.840
851500,0.082,0.000,0.918
852000,0.107,0.000,0.893
852500,0.091,0.000,0.909
853000,0.055,0.008,0.937
853500,0.087,0.009,0.904
854000,0.086,0.000,0.914
854500,0.101,0.000,0.899
855000,0.075,0.016,0.909
855500,0.065,0.010,0.925
856000,0.089,0.000,0.911
856500,0.116,0.000,0.884
857000,0.120,0.000,0.880
857500,0.093,0.001,0.906
858000,0.095,0.000,0.905
858500,0.088,0.000,0.912
859000,0.086,0.010,0.904
859500,0.077,0.022,0.901
860000,0.074,0.002,0.924
860500,0.087,0.000,0.913
861000,0.104,0.000,0.896
861500,0.113,0.000,0.887
862000,0.105,0.000,0.895
862500,0.072,0.000,0.928
863000,0.061,0.000,0.939
863500,0.081,0.011,0.908
864000,0.070,0.010,0.920
864500,0.081,0.010,0.909
865000,0.090,0.022,0.888
865500,0.124,0.008,0.868
866000,0.095,0.014,0.891
866500,0.086,0.002,0.912
867000,0.082,0.006,0.912
867500,0.050,0.010,0.940
868000,0.083,0.021,0.896
868500,0.067,0.020,0.913
869000,0.077,0.013,0.910
869500,0.066,0.009,0.925
870000,0.053,0.000,0.947
870500,0.082,0.000,0.918
871000,0.087,0.000,0.913
871500,0.077,0.000,0.923
872000,0.107,0.007,0.886
872500,0.103,0.021,0.876
873000,0.101,0.002,0.897
873500,0.081,0.000,0.919
874000,0.081,0.008,0.911
874500,0.113,0.000,0.887
875000,0.144,0.000,0.856
875500,0.102,0.018,0.880
876000,0.069,0.000,0.931
876500,0.067,0.020,0.913
877000,0.104,0.000,0.896
877500,0.092,0.000,0.908
878000,0.085,0.016,0.899
878500,0.067,0.006,0.927
879000,0.078,0.000,0.922
879500,0.113,0.001,0.886
880000,0.142,0.000,0.858
880500,0.075,0.002,0.923
881000,0.076,0.000,0.924
881500,0.068,0.000,0.932
882000,0.075,0.018,0.907
882500,0.098,0.000,0.902
883000,0.060,0.000,0.940
883500,0.061,0.020,0.919
884000,0.081,0.000,0.919
884500,0.077,0.000,0.923
885000,0.089,0.007,0.904
885500,0.111,0.013,0.876
886000,0.067,0.028,0.905
886500,0.115,0.000,0.885
887000,0.112,0.001,0.887
887500,0.074,0.000,0.926
888000,0.080,0.000,0.920
888500,0.057,0.006,0.937
889000,0.118,0.001,0.881
889500,0.051,0.001,0.948
890000,0.076,0.010,0.914
890500,0.134,0.000,0.866
891000,0.071,0.009,0.920
891500,0.055,0.044,0.901
892000,0.068,0.001,0.931
892500,0.150,0.000,0.850
893000,0.090,0.003,0.907
893500,0.117,0.003,0.880
894000,0.062,0.004,0.934
894500,0.078,0.016,0.906
895000,0.092,0.000,0.908
895500,0.107,0.001,0.892
896000,0.067,0.000,0.933
896500,0.085,0.023,0.892
897000,0.080,0.016,0.904
897500,0.063,0.021,0.916
898000,0.090,0.000,0.910
898500,0.098,0.008,0.894
899000,0.072,0.004,0.924
899500,0.118,0.000,0.882
900000,0.103,0.000,0.897
900500,0.079,0.007,0.914
901000,0.090,0.000,0.910
901500,0.088,0.008,0.904
902000,0.074,0.008,0.918
902500,0.103,0.000,0.897
903000,0.084,0.000,0.916
903500,0.108,0.001,0.891
904000,0.116,0.001,0.883
904500,0.095,0.025,0.880
905000,0.102,0.000,0.898
905500,0.096,0.000,0.904
906000,0.101,0.014,0.885
906500,0.081,0.001,0.918
907000,0.096,0.000,0.904
907500,0.060,0.002,0.938
908000,0.091,0.000,0.909
908500,0.088,0.000,0.912
909000,0.061,0.000,0.939
909500,0.137,0.000,0.863
910000,0.082,0.000,0.918
910500,0.091,0.008,0.901
911000,0.078,0.002,0.920
911500,0.080,0.000,0.920
912000,0.052,0.001,0.947
912500,0.118,0.000,0.882
913000,0.089,0.000,0.911
913500,0.059,0.006,0.935
914000,0.055,0.001,0.944
914500,0.104,0.004,0.892
915000,0.075,0.000,0.925
915500,0.107,0.006,0.887
916000,0.086,0.002,0.912
916500,0.072,0.002,0.926
917000,0.073,0.026,0.901
917500,0.069,0.001,0.930
918000,0.076,0.000,0.924
918500,0.086,0.001,0.913
919000,0.107,0.000,0.893
919500,0.056,0.000,0.944
920000,0.104,0.000,0.896
920500,0.091,0.008,0.901
921000,0.125,0.000,0.875
921500,0.120,0.000,0.880
922000,0.131,0.005,0.864
922500,0.088,0.000,0.912
923000,0.088,0.000,0.912
923500,0.103,0.002,0.895
924000,0.084,0.012,0.904
924500,0.131,0.001,0.868
925000,0.114,0.000,0.886
925500,0.094,0.000,0.906
926000,0.056,0.000,0.944
926500,0.086,0.009,0.905
927000,0.072,0.004,0.924
927500,0.088,0.003,0.909
928000,0.083,0.006,0.911
928500,0.149,0.000,0.851
929000,0.131,0.000,0.869
929500,0.090,0.000,0.910
930000,0.115,0.000,0.885
930500,0.108,0.000,0.892
931000,0.083,0.009,0.908
931500,0.063,0.024,0.913
932000,0.053,0.022,0.925
932500,0.066,0.003,0.931
933000,0.086,0.001,0.913
933500,0.097,0.000,0.903
934000,0.123,0.000,0.877
934500,0.086,0.008,0.906
935000,0.070,0.000,0.930
935500,0.081,0.000,0.919
936000,0.089,0.000,0.911
936500,0.077,0.002,0.921
937000,0.060,0.000,0.940
937500,0.091,0.024,0.885
938000,0.108,0.000,0.892
938500,0.077,0.007,0.916
939000,0.065,0.001,0.934
939500,0.093,0.024,0.883
940000,0.079,0.000,0.921
940500,0.077,0.010,0.913
941000,0.095,0.002,0.903
941500,0.096,0.000,0.904
942000,0.067,0.009,0.924
942500,0.102,0.000,0.898
943000,0.060,0.017,0.923
943500,0.094,0.000,0.906
944000,0.060,0.005,0.935
944500,0.069,0.000,0.931
945000,0.081,0.000,0.919
945500,0.056,0.009,0.935
946000,0.072,0.001,0.927
946500,0.078,0.009,0.913
947000,0.096,0.004,0.900
947500,0.069,0.003,0.928
948000,0.068,0.001,0.931
948500,0.116,0.000,0.884
949000,0.078,0.000,0.922
949500,0.113,0.000,0.887
950000,0.098,0.014,0.888
950500,0.050,0.019,0.931
951000,0.056,0.001,0.943
951500,0.083,0.000,0.917
952000,0.076,0.006,0.918
952500,0.080,0.014,0.906
953000,0.092,0.000,0.908
953500,0.052,0.000,0.948
954000,0.050,0.021,0.929
954500,0.085,0.013,0.902
955000,0.057,0.039,0.904
955500,0.122,0.000,0.878
956000,0.067,0.000,0.933
956500,0.109,0.000,0.891
957000,0.105,0.000,0.895
957500,0.102,0.023,0.875
958000,0.091,0.000,0.909
958500,0.090,0.000,0.910
959000,0.061,0.001,0.938
959500,0.092,0.001,0.907
960000,0.072,0.000,0.928
960500,0.077,0.007,0.916
961000,0.097,0.017,0.886
961500,0.071,0.021,0.908
962000,0.096,0.005,0.899
962500,0.104,0.017,0.879
963000,0.109,0.000,0.891
963500,0.100,0.000,0.900
964000,0.064,0.001,0.935
964500,0.106,0.000,0.894
965000,0.127,0.000,0.873
965500,0.104,0.000,0.896
966000,0.080,0.001,0.919
966500,0.081,0.000,0.919
967000,0.110,0.000,0.890
967500,0.092,0.000,0.908
968000,0.063,0.025,0.912
968500,0.066,0.044,0.890
969000,0.066,0.023,0.911
969500,0.121,0.000,0.879
970000,0.093,0.014,0.893
970500,0.099,0.000,0.901
971000,0.105,0.000,0.895
971500,0.108,0.000,0.892
972000,0.112,0.001,0.887
972500,0.069,0.009,0.922
973000,0.093,0.000,0.907
973500,0.070,0.000,0.930
974000,0.095,0.000,0.905
974500,0.099,0.000,0.901
975000,0.063,0.000,0.937
975500,0.108,0.000,0.892
976000,0.065,0.023,0.912
976500,0.094,0.005,0.901
977000,0.069,0.011,0.920
977500,0.057,0.000,0.943
978000,0.100,0.000,0.900
978500,0.072,0.003,0.925
979000,0.078,0.011,0.911
979500,0.066,0.000,0.934
980000,0.079,0.001,0.920
980500,0.103,0.001,0.896
981000,0.103,0.004,0.893
981500,0.122,0.007,0.871
982000,0.084,0.000,0.916
982500,0.109,0.014,0.877
983000,0.103,0.000,0.897
983500,0.075,0.000,0.925
984000,0.121,0.001,0.878
984500,0.091,0.000,0.909
985000,0.074,0.017,0.909
985500,0.070,0.018,0.912
986000,0.078,0.003,0.919
986500,0.093,0.001,0.906
987000,0.097,0.000,0.903
987500,0.076,0.002,0.922
988000,0.100,0.000,0.900
988500,0.062,0.000,0.938
989000,0.102,0.001,0.897
989500,0.083,0.025,0.892
990000,0.085,0.001,0.914
990500,0.115,0.000,0.885
991000,0.104,0.005,0.891
991500,0.054,0.004,0.942
992000,0.119,0.000,0.881
992500,0.066,0.000,0.934
993000,0.075,0.000,0.925
993500,0.061,0.001,0.938
994000,0.086,0.000,0.914
994500,0.069,0.012,0.919
995000,0.089,0.000,0.911
995500,0.063,0.000,0.937
996000,0.054,0.005,0.941
996500,0.090,0.000,0.910
997000,0.084,0.000,0.916
997500,0.095,0.000,0.905
998000,0.109,0.000,0.891
998500,0.117,0.002,0.881
999000,0.090,0.000,0.910
999500,0.080,0.000,0.920
1000000,0.116,0.000,0.884
