time,n_A+p,n_B,n_AB
500,0.050,0.443,0.507
1000,0.080,0.100,0.820
1500,0.222,0.023,0.755
2000,0.360,0.001,0.639
2500,0.484,0.000,0.516
3000,0.424,0.000,0.576
3500,0.448,0.000,0.552
4000,0.330,0.000,0.670
4500,0.362,0.005,0.633
5000,0.500,0.000,0.500
5500,0.528,0.000,0.472
6000,0.417,0.000,0.583
6500,0.477,0.000,0.523
7000,0.348,0.000,0.652
7500,0.474,0.000,0.526
8000,0.575,0.000,0.425
8500,0.470,0.000,0.530
9000,0.333,0.000,0.667
9500,0.366,0.000,0.634
10000,0.333,0.000,0.667
10500,0.368,0.000,0.632
11000,0.403,0.000,0.597
11500,0.386,0.000,0.614
12000,0.450,0.000,0.550
12500,0.486,0.000,0.514
13000,0.419,0.000,0.581
13500,0.410,0.000,0.590
14000,0.406,0.000,0.594
14500,0.462,0.000,0.538
15000,0.495,0.000,0.505
15500,0.486,0.000,0.514
16000,0.507,0.000,0.493
16500,0.541,0.000,0.459
17000,0.526,0.000,0.474
17500,0.354,0.000,0.646
18000,0.412,0.000,0.588
18500,0.351,0.000,0.649
19000,0.346,0.000,0.654
19500,0.485,0.000,0.515
20000,0.430,0.000,0.570
20500,0.360,0.000,0.640
21000,0.351,0.000,0.649
21500,0.382,0.000,0.618
22000,0.412,0.000,0.588
22500,0.439,0.000,0.561
23000,0.406,0.000,0.594
23500,0.381,0.000,0.619
24000,0.416,0.000,0.584
24500,0.390,0.000,0.610
25000,0.357,0.000,0.643
25500,0.431,0.000,0.569
26000,0.387,0.000,0.613
26500,0.430,0.000,0.570
27000,0.343,0.000,0.657
27500,0.389,0.000,0.611
28000,0.476,0.000,0.524
28500,0.438,0.000,0.562
29000,0.391,0.000,0.609
29500,0.386,0.000,0.614
30000,0.401,0.000,0.599
30500,0.504,0.000,0.496
31000,0.434,0.000,0.566
31500,0.400,0.000,0.600
32000,0.454,0.000,0.546
32500,0.385,0.000,0.615
33000,0.427,0.000,0.573
33500,0.369,0.000,0.631
34000,0.485,0.000,0.515
34500,0.555,0.000,0.445
35000,0.486,0.000,0.514
35500,0.554,0.000,0.446
36000,0.364,0.009,0.627
36500,0.398,0.001,0.601
37000,0.424,0.000,0.576
37500,0.438,0.000,0.562
38000,0.402,0.000,0.598
38500,0.379,0.000,0.621
39000,0.453,0.000,0.547
39500,0.444,0.000,0.556
40000,0.482,0.000,0.518
40500,0.492,0.000,0.508
41000,0.412,0.000,0.588
41500,0.374,0.000,0.626
42000,0.401,0.000,0.599
42500,0.418,0.000,0.582
43000,0.427,0.000,0.573
43500,0.462,0.000,0.538
44000,0.374,0.000,0.626
44500,0.354,0.005,0.641
45000,0.352,0.005,0.643
45500,0.415,0.000,0.585
46000,0.458,0.000,0.542
46500,0.514,0.000,0.486
47000,0.462,0.000,0.538
47500,0.438,0.000,0.562
48000,0.435,0.000,0.565
48500,0.407,0.000,0.593
49000,0.466,0.000,0.534
49500,0.511,0.000,0.489
50000,0.506,0.000,0.494
50500,0.407,0.000,0.593
51000,0.416,0.001,0.583
51500,0.421,0.000,0.579
52000,0.491,0.000,0.509
52500,0.437,0.000,0.563
53000,0.434,0.000,0.566
53500,0.417,0.000,0.583
54000,0.458,0.000,0.542
54500,0.514,0.000,0.486
55000,0.481,0.000,0.519
55500,0.468,0.000,0.532
56000,0.459,0.000,0.541
56500,0.455,0.000,0.545
57000,0.373,0.000,0.627
57500,0.440,0.000,0.560
58000,0.477,0.000,0.523
58500,0.582,0.000,0.418
59000,0.474,0.000,0.526
59500,0.450,0.000,0.550
60000,0.363,0.000,0.637
60500,0.333,0.000,0.667
61000,0.454,0.000,0.546
61500,0.422,0.000,0.578
62000,0.381,0.000,0.619
62500,0.419,0.000,0.581
63000,0.436,0.000,0.564
63500,0.379,0.000,0.621
64000,0.511,0.000,0.489
64500,0.488,0.000,0.512
65000,0.422,0.004,0.574
65500,0.472,0.000,0.528
66000,0.535,0.000,0.465
66500,0.471,0.000,0.529
67000,0.428,0.000,0.572
67500,0.478,0.000,0.522
68000,0.344,0.000,0.656
68500,0.364,0.000,0.636
69000,0.409,0.000,0.591
69500,0.468,0.001,0.531
70000,0.349,0.000,0.651
70500,0.369,0.000,0.631
71000,0.500,0.000,0.500
71500,0.375,0.000,0.625
72000,0.374,0.001,0.625
72500,0.452,0.000,0.548
73000,0.474,0.000,0.526
73500,0.487,0.000,0.513
74000,0.452,0.008,0.540
74500,0.557,0.000,0.443
75000,0.486,0.007,0.507
75500,0.457,0.000,0.543
76000,0.446,0.000,0.554
76500,0.440,0.000,0.560
77000,0.449,0.000,0.551
77500,0.330,0.000,0.670
78000,0.477,0.000,0.523
78500,0.427,0.000,0.573
79000,0.487,0.000,0.513
79500,0.441,0.000,0.559
80000,0.439,0.000,0.561
80500,0.404,0.000,0.596
81000,0.386,0.000,0.614
81500,0.422,0.008,0.570
82000,0.464,0.000,0.536
82500,0.481,0.000,0.519
83000,0.395,0.000,0.605
83500,0.369,0.000,0.631
84000,0.387,0.000,0.613
84500,0.363,0.000,0.637
85000,0.498,0.000,0.502
85500,0.405,0.000,0.595
86000,0.283,0.005,0.712
86500,0.392,0.000,0.608
87000,0.443,0.000,0.557
87500,0.498,0.000,0.502
88000,0.462,0.000,0.538
88500,0.526,0.000,0.474
89000,0.392,0.000,0.608
89500,0.390,0.000,0.610
90000,0.417,0.000,0.583
90500,0.394,0.000,0.606
91000,0.344,0.000,0.656
91500,0.358,0.000,0.642
92000,0.453,0.000,0.547
92500,0.366,0.000,0.634
93000,0.341,0.003,0.656
93500,0.380,0.007,0.613
94000,0.412,0.003,0.585
94500,0.546,0.000,0.454
95000,0.456,0.000,0.544
95500,0.425,0.000,0.575
96000,0.448,0.000,0.552
96500,0.447,0.000,0.553
97000,0.468,0.000,0.532
97500,0.472,0.000,0.528
98000,0.418,0.000,0.582
98500,0.385,0.000,0.615
99000,0.457,0.000,0.543
99500,0.440,0.000,0.560
100000,0.448,0.000,0.552
100500,0.479,0.000,0.521
101000,0.389,0.000,0.611
101500,0.420,0.000,0.580
102000,0.504,0.000,0.496
102500,0.483,0.000,0.517
103000,0.480,0.000,0.520
103500,0.395,0.000,0.605
104000,0.447,0.000,0.553
104500,0.407,0.000,0.593
105000,0.360,0.000,0.640
105500,0.412,0.000,0.588
106000,0.390,0.000,0.610
106500,0.493,0.000,0.507
107000,0.392,0.000,0.608
107500,0.345,0.000,0.655
108000,0.426,0.000,0.574
108500,0.333,0.000,0.667
109000,0.437,0.000,0.563
109500,0.373,0.000,0.627
110000,0.398,0.000,0.602
110500,0.472,0.000,0.528
111000,0.407,0.000,0.593
111500,0.375,0.000,0.625
112000,0.413,0.000,0.587
112500,0.362,0.000,0.638
113000,0.387,0.000,0.613
113500,0.431,0.000,0.569
114000,0.407,0.000,0.593
114500,0.403,0.000,0.597
115000,0.421,0.000,0.579
115500,0.471,0.000,0.529
116000,0.397,0.000,0.603
116500,0.370,0.000,0.630
117000,0.398,0.000,0.602
117500,0.341,0.000,0.659
118000,0.369,0.000,0.631
118500,0.353,0.000,0.647
119000,0.411,0.000,0.589
119500,0.403,0.000,0.597
120000,0.345,0.000,0.655
120500,0.460,0.000,0.540
121000,0.367,0.000,0.633
121500,0.497,0.001,0.502
122000,0.414,0.006,0.580
122500,0.335,0.008,0.657
123000,0.283,0.007,0.710
123500,0.445,0.013,0.542
124000,0.390,0.000,0.610
124500,0.401,0.000,0.599
125000,0.421,0.000,0.579
125500,0.346,0.000,0.654
126000,0.382,0.000,0.618
126500,0.417,0.000,0.583
127000,0.499,0.000,0.501
127500,0.422,0.000,0.578
128000,0.363,0.000,0.637
128500,0.389,0.000,0.611
129000,0.431,0.000,0.569
129500,0.420,0.000,0.580
130000,0.488,0.000,0.512
130500,0.526,0.000,0.474
131000,0.529,0.000,0.471
131500,0.360,0.000,0.640
132000,0.457,0.000,0.543
132500,0.452,0.000,0.548
133000,0.346,0.000,0.654
133500,0.474,0.000,0.526
134000,0.385,0.000,0.615
134500,0.377,0.000,0.623
135000,0.469,0.000,0.531
135500,0.409,0.000,0.591
136000,0.397,0.000,0.603
136500,0.515,0.000,0.485
137000,0.470,0.000,0.530
137500,0.388,0.000,0.612
138000,0.509,0.000,0.491
138500,0.490,0.000,0.510
139000,0.354,0.008,0.638
139500,0.403,0.000,0.597
140000,0.377,0.000,0.623
140500,0.437,0.000,0.563
141000,0.416,0.000,0.584
141500,0.441,0.000,0.559
142000,0.486,0.000,0.514
142500,0.388,0.000,0.612
143000,0.458,0.000,0.542
143500,0.347,0.000,0.653
144000,0.456,0.000,0.544
144500,0.406,0.000,0.594
145000,0.440,0.000,0.560
145500,0.358,0.000,0.642
146000,0.371,0.000,0.629
146500,0.375,0.000,0.625
147000,0.422,0.000,0.578
147500,0.410,0.000,0.590
148000,0.370,0.000,0.630
148500,0.486,0.000,0.514
149000,0.353,0.000,0.647
149500,0.411,0.000,0.589
150000,0.460,0.000,0.540
150500,0.378,0.000,0.622
151000,0.451,0.000,0.549
151500,0.245,0.013,0.742
152000,0.401,0.002,0.597
152500,0.430,0.000,0.570
153000,0.405,0.000,0.595
153500,0.473,0.000,0.527
154000,0.412,0.013,0.575
154500,0.466,0.000,0.534
155000,0.464,0.000,0.536
155500,0.365,0.000,0.635
156000,0.328,0.000,0.672
156500,0.446,0.000,0.554
157000,0.481,0.000,0.519
157500,0.439,0.000,0.561
158000,0.560,0.000,0.440
158500,0.473,0.000,0.527
159000,0.470,0.000,0.530
159500,0.496,0.000,0.504
160000,0.449,0.000,0.551
160500,0.398,0.000,0.602
161000,0.373,0.000,0.627
161500,0.357,0.000,0.643
162000,0.306,0.000,0.694
162500,0.326,0.000,0.674
163000,0.426,0.006,0.568
163500,0.477,0.000,0.523
164000,0.447,0.000,0.553
164500,0.517,0.000,0.483
165000,0.332,0.000,0.668
165500,0.414,0.000,0.586
166000,0.426,0.000,0.574
166500,0.334,0.000,0.666
167000,0.445,0.000,0.555
167500,0.421,0.005,0.574
168000,0.455,0.000,0.545
168500,0.479,0.000,0.521
169000,0.448,0.000,0.552
169500,0.494,0.000,0.506
170000,0.443,0.000,0.557
170500,0.442,0.000,0.558
171000,0.375,0.000,0.625
171500,0.466,0.000,0.534
172000,0.423,0.000,0.577
172500,0.354,0.000,0.646
173000,0.383,0.000,0.617
173500,0.409,0.000,0.591
174000,0.433,0.000,0.567
174500,0.367,0.000,0.633
175000,0.468,0.000,0.532
175500,0.420,0.000,0.580
176000,0.409,0.000,0.591
176500,0.474,0.000,0.526
177000,0.441,0.000,0.559
177500,0.379,0.000,0.621
178000,0.376,0.001,0.623
178500,0.391,0.000,0.609
179000,0.460,0.000,0.540
179500,0.380,0.000,0.620
180000,0.409,0.000,0.591
180500,0.455,0.000,0.545
181000,0.517,0.000,0.483
181500,0.425,0.004,0.571
182000,0.463,0.000,0.537
182500,0.366,0.000,0.634
183000,0.450,0.000,0.550
183500,0.381,0.000,0.619
184000,0.449,0.000,0.551
184500,0.430,0.000,0.570
185000,0.456,0.000,0.544
185500,0.419,0.000,0.581
186000,0.489,0.000,0.511
186500,0.418,0.000,0.582
187000,0.361,0.000,0.639
187500,0.478,0.000,0.522
188000,0.438,0.000,0.562
188500,0.498,0.000,0.502
189000,0.541,0.000,0.459
189500,0.478,0.000,0.522
190000,0.464,0.000,0.536
190500,0.458,0.000,0.542
191000,0.350,0.000,0.650
191500,0.422,0.000,0.578
192000,0.389,0.000,0.611
192500,0.456,0.000,0.544
193000,0.460,0.000,0.540
193500,0.394,0.000,0.606
194000,0.529,0.000,0.471
194500,0.369,0.000,0.631
195000,0.453,0.000,0.547
195500,0.449,0.000,0.551
196000,0.401,0.000,0.599
196500,0.426,0.000,0.574
197000,0.544,0.000,0.456
197500,0.370,0.000,0.630
198000,0.420,0.000,0.580
198500,0.508,0.000,0.492
199000,0.458,0.000,0.542
199500,0.439,0.000,0.561
200000,0.398,0.000,0.602
200500,0.366,0.000,0.634
201000,0.420,0.000,0.580
201500,0.445,0.000,0.555
202000,0.340,0.000,0.660
202500,0.375,0.000,0.625
203000,0.443,0.000,0.557
203500,0.469,0.000,0.531
204000,0.508,0.000,0.492
204500,0.482,0.000,0.518
205000,0.492,0.000,0.508
205500,0.464,0.000,0.536
206000,0.486,0.000,0.514
206500,0.504,0.000,0.496
207000,0.396,0.000,0.604
207500,0.391,0.000,0.609
208000,0.375,0.000,0.625
208500,0.315,0.000,0.685
209000,0.353,0.000,0.647
209500,0.441,0.000,0.559
210000,0.384,0.000,0.616
210500,0.392,0.000,0.608
211000,0.358,0.000,0.642
211500,0.358,0.001,0.641
212000,0.389,0.000,0.611
212500,0.441,0.000,0.559
213000,0.485,0.000,0.515
213500,0.491,0.000,0.509
214000,0.551,0.000,0.449
214500,0.403,0.013,0.584
215000,0.350,0.001,0.649
215500,0.312,0.000,0.688
216000,0.429,0.000,0.571
216500,0.367,0.000,0.633
217000,0.424,0.002,0.574
217500,0.539,0.000,0.461
218000,0.444,0.000,0.556
218500,0.332,0.005,0.663
219000,0.365,0.000,0.635
219500,0.383,0.000,0.617
220000,0.424,0.000,0.576
220500,0.423,0.000,0.577
221000,0.262,0.000,0.738
221500,0.394,0.000,0.606
222000,0.402,0.000,0.598
222500,0.412,0.000,0.588
223000,0.509,0.000,0.491
223500,0.482,0.000,0.518
224000,0.455,0.000,0.545
224500,0.429,0.000,0.571
225000,0.395,0.000,0.605
225500,0.467,0.000,0.533
226000,0.408,0.000,0.592
226500,0.435,0.000,0.565
227000,0.410,0.000,0.590
227500,0.362,0.000,0.638
228000,0.378,0.000,0.622
228500,0.391,0.000,0.609
229000,0.455,0.000,0.545
229500,0.406,0.000,0.594
230000,0.442,0.000,0.558
230500,0.350,0.000,0.650
231000,0.328,0.000,0.672
231500,0.545,0.000,0.455
232000,0.454,0.000,0.546
232500,0.366,0.000,0.634
233000,0.322,0.000,0.678
233500,0.377,0.000,0.623
234000,0.460,0.000,0.540
234500,0.342,0.000,0.658
235000,0.315,0.000,0.685
235500,0.347,0.002,0.651
236000,0.393,0.005,0.602
236500,0.394,0.000,0.606
237000,0.445,0.000,0.555
237500,0.355,0.000,0.645
238000,0.374,0.000,0.626
238500,0.433,0.000,0.567
239000,0.431,0.000,0.569
239500,0.478,0.000,0.522
240000,0.452,0.000,0.548
240500,0.376,0.000,0.624
241000,0.341,0.000,0.659
241500,0.337,0.000,0.663
242000,0.476,0.000,0.524
242500,0.441,0.000,0.559
243000,0.420,0.000,0.580
243500,0.501,0.000,0.499
244000,0.471,0.000,0.529
244500,0.506,0.000,0.494
245000,0.502,0.000,0.498
245500,0.489,0.000,0.511
246000,0.452,0.000,0.548
246500,0.407,0.000,0.593
247000,0.405,0.000,0.595
247500,0.382,0.000,0.618
248000,0.456,0.000,0.544
248500,0.529,0.000,0.471
249000,0.417,0.000,0.583
249500,0.434,0.000,0.566
250000,0.468,0.000,0.532
250500,0.408,0.000,0.592
251000,0.375,0.000,0.625
251500,0.597,0.000,0.403
252000,0.517,0.000,0.483
252500,0.518,0.000,0.482
253000,0.389,0.013,0.598
253500,0.396,0.000,0.604
254000,0.367,0.000,0.633
254500,0.484,0.000,0.516
255000,0.439,0.000,0.561
255500,0.392,0.000,0.608
256000,0.417,0.000,0.583
256500,0.338,0.000,0.662
257000,0.520,0.000,0.480
257500,0.493,0.000,0.507
258000,0.420,0.000,0.580
258500,0.375,0.000,0.625
259000,0.499,0.000,0.501
259500,0.406,0.000,0.594
260000,0.355,0.000,0.645
260500,0.374,0.000,0.626
261000,0.239,0.000,0.761
261500,0.386,0.000,0.614
262000,0.458,0.000,0.542
262500,0.443,0.000,0.557
263000,0.408,0.000,0.592
263500,0.316,0.006,0.678
264000,0.317,0.001,0.682
264500,0.458,0.000,0.542
265000,0.492,0.000,0.508
265500,0.383,0.000,0.617
266000,0.380,0.006,0.614
266500,0.448,0.000,0.552
267000,0.477,0.000,0.523
267500,0.471,0.000,0.529
268000,0.405,0.000,0.595
268500,0.421,0.000,0.579
269000,0.409,0.000,0.591
269500,0.222,0.017,0.761
270000,0.323,0.007,0.670
270500,0.451,0.000,0.549
271000,0.488,0.000,0.512
271500,0.465,0.000,0.535
272000,0.318,0.000,0.682
272500,0.350,0.001,0.649
273000,0.470,0.000,0.530
273500,0.401,0.000,0.599
274000,0.355,0.012,0.633
274500,0.370,0.000,0.630
275000,0.297,0.000,0.703
275500,0.348,0.000,0.652
276000,0.411,0.000,0.589
276500,0.442,0.000,0.558
277000,0.459,0.000,0.541
277500,0.452,0.000,0.548
278000,0.415,0.000,0.585
278500,0.381,0.000,0.619
279000,0.302,0.000,0.698
279500,0.390,0.003,0.607
280000,0.492,0.001,0.507
280500,0.612,0.000,0.388
281000,0.482,0.000,0.518
281500,0.415,0.000,0.585
282000,0.364,0.000,0.636
282500,0.450,0.000,0.550
283000,0.467,0.000,0.533
283500,0.405,0.000,0.595
284000,0.439,0.000,0.561
284500,0.330,0.000,0.670
285000,0.508,0.000,0.492
285500,0.431,0.000,0.569
286000,0.424,0.000,0.576
286500,0.386,0.000,0.614
287000,0.526,0.000,0.474
287500,0.544,0.000,0.456
288000,0.538,0.000,0.462
288500,0.529,0.000,0.471
289000,0.349,0.000,0.651
289500,0.385,0.000,0.615
290000,0.371,0.000,0.629
290500,0.418,0.000,0.582
291000,0.399,0.000,0.601
291500,0.437,0.000,0.563
292000,0.452,0.000,0.548
292500,0.449,0.000,0.551
293000,0.366,0.009,0.625
293500,0.395,0.000,0.605
294000,0.321,0.000,0.679
294500,0.457,0.000,0.543
295000,0.540,0.000,0.460
295500,0.485,0.000,0.515
296000,0.429,0.000,0.571
296500,0.498,0.000,0.502
297000,0.393,0.000,0.607
297500,0.363,0.000,0.637
298000,0.374,0.000,0.626
298500,0.486,0.000,0.514
299000,0.417,0.000,0.583
299500,0.345,0.000,0.655
300000,0.225,0.002,0.773
300500,0.343,0.001,0.656
301000,0.406,0.000,0.594
301500,0.476,0.000,0.524
302000,0.519,0.000,0.481
302500,0.441,0.000,0.559
303000,0.342,0.000,0.658
303500,0.328,0.000,0.672
304000,0.398,0.000,0.602
304500,0.380,0.002,0.618
305000,0.401,0.000,0.599
305500,0.388,0.000,0.612
306000,0.485,0.000,0.515
306500,0.427,0.000,0.573
307000,0.419,0.000,0.581
307500,0.520,0.000,0.480
308000,0.420,0.000,0.580
308500,0.461,0.000,0.539
309000,0.438,0.000,0.562
309500,0.437,0.000,0.563
310000,0.448,0.000,0.552
310500,0.509,0.000,0.491
311000,0.420,0.000,0.580
311500,0.401,0.000,0.599
312000,0.423,0.000,0.577
312500,0.335,0.008,0.657
313000,0.558,0.000,0.442
313500,0.413,0.000,0.587
314000,0.415,0.000,0.585
314500,0.443,0.000,0.557
315000,0.386,0.000,0.614
315500,0.364,0.000,0.636
316000,0.404,0.000,0.596
316500,0.501,0.000,0.499
317000,0.444,0.000,0.556
317500,0.388,0.000,0.612
318000,0.335,0.000,0.665
318500,0.519,0.000,0.481
319000,0.496,0.000,0.504
319500,0.496,0.000,0.504
320000,0.508,0.000,0.492
320500,0.477,0.000,0.523
321000,0.488,0.000,0.512
321500,0.472,0.000,0.528
322000,0.410,0.000,0.590
322500,0.402,0.000,0.598
323000,0.462,0.000,0.538
323500,0.390,0.000,0.610
324000,0.374,0.000,0.626
324500,0.392,0.000,0.608
325000,0.427,0.000,0.573
325500,0.462,0.000,0.538
326000,0.451,0.000,0.549
326500,0.505,0.000,0.495
327000,0.444,0.000,0.556
327500,0.389,0.000,0.611
328000,0.464,0.000,0.536
328500,0.356,0.000,0.644
329000,0.350,0.000,0.650
329500,0.397,0.000,0.603
330000,0.374,0.000,0.626
330500,0.335,0.005,0.660
331000,0.273,0.011,0.716
331500,0.385,0.001,0.614
332000,0.350,0.010,0.640
332500,0.541,0.000,0.459
333000,0.477,0.000,0.523
333500,0.447,0.000,0.553
334000,0.438,0.000,0.562
334500,0.475,0.000,0.525
335000,0.521,0.000,0.479
335500,0.367,0.000,0.633
336000,0.424,0.000,0.576
336500,0.408,0.000,0.592
337000,0.577,0.000,0.423
337500,0.509,0.000,0.491
338000,0.432,0.000,0.568
338500,0.315,0.006,0.679
339000,0.374,0.000,0.626
339500,0.460,0.000,0.540
340000,0.521,0.000,0.479
340500,0.498,0.000,0.502
341000,0.447,0.000,0.553
341500,0.369,0.001,0.630
342000,0.420,0.000,0.580
342500,0.424,0.000,0.576
343000,0.435,0.000,0.565
343500,0.422,0.000,0.578
344000,0.427,0.000,0.573
344500,0.360,0.000,0.640
345000,0.411,0.000,0.589
345500,0.428,0.000,0.572
346000,0.522,0.000,0.478
346500,0.447,0.000,0.553
347000,0.480,0.000,0.520
347500,0.476,0.000,0.524
348000,0.436,0.000,0.564
348500,0.451,0.000,0.549
349000,0.434,0.000,0.566
349500,0.448,0.000,0.552
350000,0.448,0.000,0.552
350500,0.522,0.000,0.478
351000,0.442,0.000,0.558
351500,0.398,0.000,0.602
352000,0.440,0.000,0.560
352500,0.382,0.000,0.618
353000,0.467,0.000,0.533
353500,0.417,0.000,0.583
354000,0.395,0.000,0.605
354500,0.452,0.000,0.548
355000,0.372,0.000,0.628
355500,0.387,0.000,0.613
356000,0.480,0.000,0.520
356500,0.514,0.000,0.486
357000,0.405,0.000,0.595
357500,0.403,0.000,0.597
358000,0.469,0.000,0.531
358500,0.342,0.000,0.658
359000,0.427,0.003,0.570
359500,0.345,0.000,0.655
360000,0.440,0.000,0.560
360500,0.445,0.000,0.555
361000,0.448,0.000,0.552
361500,0.438,0.000,0.562
362000,0.456,0.000,0.544
362500,0.512,0.000,0.488
363000,0.395,0.000,0.605
363500,0.450,0.003,0.547
364000,0.291,0.000,0.709
364500,0.362,0.000,0.638
365000,0.392,0.000,0.608
365500,0.474,0.000,0.526
366000,0.614,0.000,0.386
366500,0.549,0.000,0.451
367000,0.374,0.000,0.626
367500,0.337,0.000,0.663
368000,0.396,0.000,0.604
368500,0.425,0.000,0.575
369000,0.516,0.000,0.484
369500,0.414,0.000,0.586
370000,0.426,0.000,0.574
370500,0.498,0.000,0.502
371000,0.355,0.000,0.645
371500,0.367,0.001,0.632
372000,0.421,0.000,0.579
372500,0.458,0.000,0.542
373000,0.457,0.000,0.543
373500,0.439,0.000,0.561
374000,0.514,0.000,0.486
374500,0.401,0.000,0.599
375000,0.453,0.000,0.547
375500,0.464,0.000,0.536
376000,0.396,0.000,0.604
376500,0.362,0.000,0.638
377000,0.488,0.000,0.512
377500,0.360,0.000,0.640
378000,0.425,0.000,0.575
378500,0.372,0.000,0.628
379000,0.344,0.000,0.656
379500,0.519,0.000,0.481
380000,0.405,0.000,0.595
380500,0.420,0.000,0.580
381000,0.408,0.000,0.592
381500,0.378,0.000,0.622
382000,0.469,0.000,0.531
382500,0.373,0.000,0.627
383000,0.526,0.000,0.474
383500,0.378,0.000,0.622
384000,0.483,0.000,0.517
384500,0.430,0.000,0.570
385000,0.456,0.000,0.544
385500,0.449,0.000,0.551
386000,0.296,0.000,0.704
386500,0.312,0.001,0.687
387000,0.576,0.000,0.424
387500,0.419,0.000,0.581
388000,0.339,0.000,0.661
388500,0.388,0.001,0.611
389000,0.392,0.000,0.608
389500,0.444,0.000,0.556
390000,0.526,0.000,0.474
390500,0.501,0.000,0.499
391000,0.420,0.000,0.580
391500,0.474,0.000,0.526
392000,0.432,0.000,0.568
392500,0.442,0.000,0.558
393000,0.460,0.000,0.540
393500,0.332,0.000,0.668
394000,0.458,0.000,0.542
394500,0.325,0.000,0.675
395000,0.408,0.000,0.592
395500,0.473,0.000,0.527
396000,0.428,0.000,0.572
396500,0.507,0.000,0.493
397000,0.434,0.000,0.566
397500,0.491,0.000,0.509
398000,0.420,0.000,0.580
398500,0.379,0.000,0.621
399000,0.354,0.000,0.646
399500,0.374,0.000,0.626
400000,0.400,0.000,0.600
400500,0.336,0.000,0.664
401000,0.294,0.002,0.704
401500,0.418,0.000,0.582
402000,0.373,0.000,0.627
402500,0.426,0.000,0.574
403000,0.472,0.000,0.528
403500,0.431,0.000,0.569
404000,0.407,0.000,0.593
404500,0.454,0.000,0.546
405000,0.491,0.000,0.509
405500,0.341,0.000,0.659
406000,0.318,0.000,0.682
406500,0.433,0.000,0.567
407000,0.475,0.000,0.525
407500,0.378,0.008,0.614
408000,0.433,0.000,0.567
408500,0.499,0.000,0.501
409000,0.420,0.000,0.580
409500,0.401,0.000,0.599
410000,0.372,0.000,0.628
410500,0.345,0.000,0.655
411000,0.373,0.000,0.627
411500,0.359,0.000,0.641
412000,0.449,0.000,0.551
412500,0.416,0.000,0.584
413000,0.397,0.000,0.603
413500,0.409,0.000,0.591
414000,0.437,0.000,0.563
414500,0.380,0.000,0.620
415000,0.370,0.000,0.630
415500,0.381,0.000,0.619
416000,0.325,0.000,0.675
416500,0.403,0.000,0.597
417000,0.495,0.000,0.505
417500,0.463,0.000,0.537
418000,0.348,0.000,0.652
418500,0.410,0.000,0.590
419000,0.423,0.000,0.577
419500,0.410,0.000,0.590
420000,0.378,0.000,0.622
420500,0.439,0.000,0.561
421000,0.480,0.000,0.520
421500,0.445,0.000,0.555
422000,0.427,0.000,0.573
422500,0.350,0.000,0.650
423000,0.326,0.000,0.674
423500,0.312,0.000,0.688
424000,0.382,0.000,0.618
424500,0.375,0.000,0.625
425000,0.319,0.004,0.677
425500,0.425,0.000,0.575
426000,0.536,0.000,0.464
426500,0.432,0.000,0.568
427000,0.460,0.000,0.540
427500,0.520,0.000,0.480
428000,0.422,0.000,0.578
428500,0.487,0.000,0.513
429000,0.436,0.000,0.564
429500,0.449,0.000,0.551
430000,0.639,0.000,0.361
430500,0.693,0.000,0.307
431000,0.521,0.000,0.479
431500,0.418,0.000,0.582
432000,0.446,0.000,0.554
432500,0.484,0.000,0.516
433000,0.348,0.000,0.652
433500,0.382,0.000,0.618
434000,0.416,0.000,0.584
434500,0.348,0.000,0.652
435000,0.446,0.000,0.554
435500,0.436,0.000,0.564
436000,0.397,0.000,0.603
436500,0.401,0.000,0.599
437000,0.409,0.000,0.591
437500,0.332,0.000,0.668
438000,0.455,0.000,0.545
438500,0.435,0.000,0.565
439000,0.444,0.000,0.556
439500,0.436,0.000,0.564
440000,0.468,0.000,0.532
440500,0.500,0.000,0.500
441000,0.421,0.000,0.579
441500,0.401,0.000,0.599
442000,0.503,0.000,0.497
442500,0.477,0.000,0.523
443000,0.395,0.000,0.605
443500,0.440,0.000,0.560
444000,0.307,0.009,0.684
444500,0.425,0.000,0.575
445000,0.461,0.000,0.539
445500,0.398,0.000,0.602
446000,0.459,0.000,0.541
446500,0.381,0.000,0.619
447000,0.470,0.000,0.530
447500,0.394,0.000,0.606
448000,0.442,0.000,0.558
448500,0.494,0.000,0.506
449000,0.377,0.000,0.623
449500,0.390,0.000,0.610
450000,0.459,0.000,0.541
450500,0.514,0.000,0.486
451000,0.381,0.000,0.619
451500,0.480,0.000,0.520
452000,0.389,0.000,0.611
452500,0.449,0.000,0.551
453000,0.502,0.000,0.498
453500,0.403,0.000,0.597
454000,0.399,0.000,0.601
454500,0.436,0.000,0.564
455000,0.425,0.000,0.575
455500,0.426,0.000,0.574
456000,0.444,0.000,0.556
456500,0.436,0.000,0.564
457000,0.417,0.000,0.583
457500,0.374,0.000,0.626
458000,0.412,0.000,0.588
458500,0.365,0.000,0.635
459000,0.407,0.000,0.593
459500,0.332,0.001,0.667
460000,0.354,0.000,0.646
460500,0.366,0.000,0.634
461000,0.393,0.000,0.607
461500,0.349,0.000,0.651
462000,0.406,0.000,0.594
462500,0.459,0.000,0.541
463000,0.408,0.000,0.592
463500,0.439,0.000,0.561
464000,0.471,0.000,0.529
464500,0.458,0.000,0.542
465000,0.491,0.000,0.509
465500,0.475,0.000,0.525
466000,0.405,0.000,0.595
466500,0.505,0.000,0.495
467000,0.414,0.000,0.586
467500,0.418,0.000,0.582
468000,0.408,0.000,0.592
468500,0.373,0.000,0.627
469000,0.427,0.001,0.572
469500,0.380,0.000,0.620
470000,0.443,0.000,0.557
470500,0.511,0.000,0.489
471000,0.342,0.000,0.658
471500,0.315,0.000,0.685
472000,0.375,0.000,0.625
472500,0.532,0.000,0.468
473000,0.352,0.000,0.648
473500,0.388,0.000,0.612
474000,0.357,0.000,0.643
474500,0.412,0.000,0.588
475000,0.421,0.000,0.579
475500,0.404,0.000,0.596
476000,0.440,0.000,0.560
476500,0.366,0.000,0.634
477000,0.305,0.000,0.695
477500,0.467,0.000,0.533
478000,0.357,0.000,0.643
478500,0.452,0.000,0.548
479000,0.437,0.000,0.563
479500,0.339,0.000,0.661
480000,0.391,0.000,0.609
480500,0.397,0.000,0.603
481000,0.362,0.000,0.638
481500,0.454,0.000,0.546
482000,0.397,0.000,0.603
482500,0.452,0.000,0.548
483000,0.445,0.000,0.555
483500,0.418,0.000,0.582
484000,0.327,0.000,0.673
484500,0.432,0.000,0.568
485000,0.359,0.000,0.641
485500,0.395,0.003,0.602
486000,0.412,0.000,0.588
486500,0.460,0.000,0.540
487000,0.427,0.000,0.573
487500,0.424,0.000,0.576
488000,0.414,0.001,0.585
488500,0.417,0.000,0.583
489000,0.403,0.000,0.597
489500,0.350,0.000,0.650
490000,0.468,0.000,0.532
490500,0.420,0.000,0.580
491000,0.421,0.000,0.579
491500,0.471,0.000,0.529
492000,0.420,0.000,0.580
492500,0.448,0.000,0.552
493000,0.508,0.000,0.492
493500,0.399,0.000,0.601
494000,0.368,0.000,0.632
494500,0.451,0.000,0.549
495000,0.473,0.000,0.527
495500,0.392,0.000,0.608
496000,0.466,0.000,0.534
496500,0.449,0.000,0.551
497000,0.343,0.000,0.657
497500,0.429,0.000,0.571
498000,0.401,0.000,0.599
498500,0.455,0.000,0.545
499000,0.418,0.000,0.582
499500,0.381,0.006,0.613
500000,0.298,0.000,0.702
500500,0.436,0.000,0.564
501000,0.463,0.000,0.537
501500,0.369,0.000,0.631
502000,0.338,0.000,0.662
502500,0.376,0.000,0.624
503000,0.419,0.000,0.581
503500,0.322,0.002,0.676
504000,0.425,0.000,0.575
504500,0.390,0.000,0.610
505000,0.458,0.000,0.542
505500,0.460,0.000,0.540
506000,0.418,0.000,0.582
506500,0.457,0.000,0.543
507000,0.459,0.000,0.541
507500,0.344,0.002,0.654
508000,0.414,0.000,0.586
508500,0.440,0.000,0.560
509000,0.322,0.004,0.674
509500,0.448,0.000,0.552
510000,0.369,0.000,0.631
510500,0.369,0.000,0.631
511000,0.375,0.000,0.625
511500,0.416,0.000,0.584
512000,0.447,0.000,0.553
512500,0.468,0.000,0.532
513000,0.450,0.000,0.550
513500,0.449,0.000,0.551
514000,0.459,0.000,0.541
514500,0.402,0.000,0.598
515000,0.397,0.002,0.601
515500,0.399,0.000,0.601
516000,0.393,0.000,0.607
516500,0.403,0.000,0.597
517000,0.471,0.000,0.529
517500,0.377,0.000,0.623
518000,0.432,0.000,0.568
518500,0.405,0.000,0.595
519000,0.454,0.000,0.546
519500,0.383,0.000,0.617
520000,0.489,0.000,0.511
520500,0.462,0.000,0.538
521000,0.436,0.000,0.564
521500,0.476,0.000,0.524
522000,0.473,0.000,0.527
522500,0.457,0.000,0.543
523000,0.344,0.000,0.656
523500,0.409,0.000,0.591
524000,0.301,0.000,0.699
524500,0.301,0.000,0.699
525000,0.373,0.001,0.626
525500,0.409,0.000,0.591
526000,0.472,0.000,0.528
526500,0.387,0.000,0.613
527000,0.460,0.000,0.540
527500,0.400,0.000,0.600
528000,0.383,0.000,0.617
528500,0.488,0.000,0.512
529000,0.459,0.003,0.538
529500,0.476,0.001,0.523
530000,0.356,0.000,0.644
530500,0.431,0.000,0.569
531000,0.524,0.000,0.476
531500,0.525,0.000,0.475
532000,0.409,0.000,0.591
532500,0.438,0.000,0.562
533000,0.347,0.000,0.653
533500,0.285,0.000,0.715
534000,0.382,0.000,0.618
534500,0.419,0.000,0.581
535000,0.406,0.005,0.589
535500,0.385,0.000,0.615
536000,0.453,0.000,0.547
536500,0.429,0.000,0.571
537000,0.401,0.000,0.599
537500,0.338,0.003,0.659
538000,0.427,0.000,0.573
538500,0.362,0.000,0.638
539000,0.377,0.000,0.623
539500,0.437,0.000,0.563
540000,0.480,0.000,0.520
540500,0.438,0.000,0.562
541000,0.351,0.000,0.649
541500,0.419,0.000,0.581
542000,0.448,0.000,0.552
542500,0.483,0.000,0.517
543000,0.435,0.000,0.565
543500,0.331,0.000,0.669
544000,0.385,0.001,0.614
544500,0.396,0.000,0.604
545000,0.494,0.000,0.506
545500,0.444,0.000,0.556
546000,0.365,0.000,0.635
546500,0.355,0.000,0.645
547000,0.375,0.000,0.625
547500,0.411,0.000,0.589
548000,0.450,0.000,0.550
548500,0.427,0.000,0.573
549000,0.362,0.000,0.638
549500,0.440,0.000,0.560
550000,0.474,0.000,0.526
550500,0.424,0.000,0.576
551000,0.439,0.000,0.561
551500,0.385,0.000,0.615
552000,0.392,0.000,0.608
552500,0.346,0.000,0.654
553000,0.488,0.000,0.512
553500,0.517,0.000,0.483
554000,0.530,0.000,0.470
554500,0.261,0.009,0.730
555000,0.373,0.000,0.627
555500,0.433,0.000,0.567
556000,0.417,0.000,0.583
556500,0.518,0.000,0.482
557000,0.402,0.000,0.598
557500,0.372,0.000,0.628
558000,0.386,0.001,0.613
558500,0.429,0.000,0.571
559000,0.426,0.000,0.574
559500,0.440,0.000,0.560
560000,0.426,0.000,0.574
560500,0.396,0.000,0.604
561000,0.369,0.000,0.631
561500,0.345,0.000,0.655
562000,0.506,0.000,0.494
562500,0.490,0.000,0.510
563000,0.552,0.000,0.448
563500,0.564,0.000,0.436
564000,0.469,0.000,0.531
564500,0.469,0.000,0.531
565000,0.417,0.000,0.583
565500,0.431,0.000,0.569
566000,0.433,0.000,0.567
566500,0.530,0.000,0.470
567000,0.431,0.000,0.569
567500,0.411,0.000,0.589
568000,0.413,0.000,0.587
568500,0.450,0.000,0.550
569000,0.478,0.000,0.522
569500,0.469,0.000,0.531
570000,0.509,0.000,0.491
570500,0.442,0.000,0.558
571000,0.380,0.000,0.620
571500,0.496,0.000,0.504
572000,0.507,0.000,0.493
572500,0.397,0.000,0.603
573000,0.505,0.000,0.495
573500,0.464,0.000,0.536
574000,0.367,0.000,0.633
574500,0.360,0.000,0.640
575000,0.432,0.000,0.568
575500,0.348,0.002,0.650
576000,0.410,0.000,0.590
576500,0.312,0.000,0.688
577000,0.365,0.000,0.635
577500,0.325,0.000,0.675
578000,0.426,0.000,0.574
578500,0.535,0.000,0.465
579000,0.392,0.000,0.608
579500,0.313,0.006,0.681
580000,0.521,0.000,0.479
580500,0.492,0.000,0.508
581000,0.396,0.000,0.604
581500,0.500,0.000,0.500
582000,0.553,0.000,0.447
582500,0.516,0.000,0.484
583000,0.469,0.000,0.531
583500,0.369,0.000,0.631
584000,0.423,0.000,0.577
584500,0.418,0.000,0.582
585000,0.366,0.000,0.634
585500,0.451,0.000,0.549
586000,0.349,0.000,0.651
586500,0.450,0.000,0.550
587000,0.478,0.000,0.522
587500,0.437,0.000,0.563
588000,0.436,0.001,0.563
588500,0.495,0.000,0.505
589000,0.518,0.000,0.482
589500,0.254,0.000,0.746
590000,0.431,0.000,0.569
590500,0.314,0.000,0.686
591000,0.385,0.005,0.610
591500,0.531,0.000,0.469
592000,0.545,0.000,0.455
592500,0.598,0.000,0.402
593000,0.454,0.000,0.546
593500,0.507,0.000,0.493
594000,0.324,0.000,0.676
594500,0.468,0.000,0.532
595000,0.398,0.000,0.602
595500,0.328,0.000,0.672
596000,0.403,0.000,0.597
596500,0.424,0.000,0.576
597000,0.457,0.000,0.543
597500,0.443,0.000,0.557
598000,0.335,0.000,0.665
598500,0.311,0.000,0.689
599000,0.316,0.000,0.684
599500,0.315,0.001,0.684
600000,0.317,0.000,0.683
600500,0.464,0.000,0.536
601000,0.511,0.000,0.489
601500,0.449,0.000,0.551
602000,0.542,0.000,0.458
602500,0.491,0.000,0.509
603000,0.380,0.000,0.620
603500,0.393,0.000,0.607
604000,0.283,0.000,0.717
604500,0.351,0.000,0.649
605000,0.398,0.000,0.602
605500,0.435,0.000,0.565
606000,0.479,0.000,0.521
606500,0.370,0.000,0.630
607000,0.376,0.000,0.624
607500,0.400,0.000,0.600
608000,0.424,0.000,0.576
608500,0.435,0.000,0.565
609000,0.493,0.000,0.507
609500,0.581,0.000,0.419
610000,0.410,0.000,0.590
610500,0.435,0.000,0.565
611000,0.544,0.000,0.456
611500,0.452,0.000,0.548
612000,0.369,0.000,0.631
612500,0.378,0.000,0.622
613000,0.462,0.000,0.538
613500,0.434,0.000,0.566
614000,0.474,0.000,0.526
614500,0.433,0.000,0.567
615000,0.372,0.000,0.628
615500,0.390,0.000,0.610
616000,0.446,0.011,0.543
616500,0.404,0.001,0.595
617000,0.359,0.000,0.641
617500,0.420,0.001,0.579
618000,0.452,0.000,0.548
618500,0.363,0.000,0.637
619000,0.456,0.000,0.544
619500,0.455,0.000,0.545
620000,0.602,0.000,0.398
620500,0.452,0.000,0.548
621000,0.337,0.000,0.663
621500,0.410,0.000,0.590
622000,0.593,0.000,0.407
622500,0.501,0.000,0.499
623000,0.475,0.000,0.525
623500,0.393,0.000,0.607
624000,0.383,0.004,0.613
624500,0.400,0.003,0.597
625000,0.303,0.000,0.697
625500,0.331,0.000,0.669
626000,0.424,0.000,0.576
626500,0.449,0.000,0.551
627000,0.465,0.000,0.535
627500,0.520,0.000,0.480
628000,0.404,0.000,0.596
628500,0.470,0.000,0.530
629000,0.488,0.000,0.512
629500,0.324,0.000,0.676
630000,0.424,0.003,0.573
630500,0.577,0.000,0.423
631000,0.528,0.000,0.472
631500,0.467,0.000,0.533
632000,0.519,0.000,0.481
632500,0.472,0.000,0.528
633000,0.429,0.000,0.571
633500,0.434,0.000,0.566
634000,0.497,0.000,0.503
634500,0.447,0.000,0.553
635000,0.425,0.000,0.575
635500,0.444,0.000,0.556
636000,0.423,0.000,0.577
636500,0.442,0.000,0.558
637000,0.408,0.000,0.592
637500,0.457,0.000,0.543
638000,0.535,0.000,0.465
638500,0.480,0.000,0.520
639000,0.387,0.000,0.613
639500,0.451,0.001,0.548
640000,0.385,0.000,0.615
640500,0.350,0.000,0.650
641000,0.446,0.000,0.554
641500,0.382,0.000,0.618
642000,0.428,0.000,0.572
642500,0.472,0.000,0.528
643000,0.355,0.003,0.642
643500,0.411,0.000,0.589
644000,0.425,0.000,0.575
644500,0.400,0.000,0.600
645000,0.460,0.000,0.540
645500,0.499,0.000,0.501
646000,0.444,0.000,0.556
646500,0.383,0.000,0.617
647000,0.420,0.000,0.580
647500,0.350,0.000,0.650
648000,0.388,0.000,0.612
648500,0.287,0.008,0.705
649000,0.317,0.010,0.673
649500,0.375,0.000,0.625
650000,0.366,0.000,0.634
650500,0.351,0.000,0.649
651000,0.417,0.000,0.583
651500,0.367,0.000,0.633
652000,0.396,0.000,0.604
652500,0.331,0.000,0.669
653000,0.422,0.000,0.578
653500,0.474,0.000,0.526
654000,0.442,0.000,0.558
654500,0.464,0.000,0.536
655000,0.416,0.000,0.584
655500,0.407,0.000,0.593
656000,0.441,0.000,0.559
656500,0.438,0.000,0.562
657000,0.419,0.003,0.578
657500,0.393,0.000,0.607
658000,0.290,0.000,0.710
658500,0.447,0.000,0.553
659000,0.397,0.000,0.603
659500,0.454,0.000,0.546
660000,0.411,0.000,0.589
660500,0.406,0.000,0.594
661000,0.385,0.000,0.615
661500,0.405,0.000,0.595
662000,0.382,0.000,0.618
662500,0.417,0.000,0.583
663000,0.316,0.000,0.684
663500,0.394,0.000,0.606
664000,0.499,0.000,0.501
664500,0.421,0.000,0.579
665000,0.438,0.000,0.562
665500,0.420,0.000,0.580
666000,0.365,0.000,0.635
666500,0.332,0.010,0.658
667000,0.409,0.000,0.591
667500,0.497,0.000,0.503
668000,0.483,0.000,0.517
668500,0.344,0.000,0.656
669000,0.402,0.000,0.598
669500,0.293,0.000,0.707
670000,0.419,0.000,0.581
670500,0.397,0.000,0.603
671000,0.443,0.000,0.557
671500,0.357,0.000,0.643
672000,0.434,0.000,0.566
672500,0.401,0.000,0.599
673000,0.385,0.000,0.615
673500,0.416,0.000,0.584
674000,0.523,0.000,0.477
674500,0.436,0.000,0.564
675000,0.364,0.000,0.636
675500,0.381,0.000,0.619
676000,0.397,0.000,0.603
676500,0.467,0.000,0.533
677000,0.450,0.000,0.550
677500,0.497,0.000,0.503
678000,0.370,0.000,0.630
678500,0.388,0.003,0.609
679000,0.351,0.000,0.649
679500,0.329,0.000,0.671
680000,0.407,0.000,0.593
680500,0.487,0.000,0.513
681000,0.371,0.000,0.629
681500,0.405,0.000,0.595
682000,0.405,0.000,0.595
682500,0.518,0.000,0.482
683000,0.404,0.000,0.596
683500,0.453,0.000,0.547
684000,0.391,0.000,0.609
684500,0.374,0.000,0.626
685000,0.327,0.000,0.673
685500,0.353,0.009,0.638
686000,0.310,0.000,0.690
686500,0.283,0.000,0.717
687000,0.294,0.000,0.706
687500,0.376,0.000,0.624
688000,0.421,0.000,0.579
688500,0.441,0.000,0.559
689000,0.459,0.000,0.541
689500,0.514,0.000,0.486
690000,0.441,0.000,0.559
690500,0.471,0.000,0.529
691000,0.484,0.000,0.516
691500,0.523,0.000,0.477
692000,0.421,0.000,0.579
692500,0.309,0.000,0.691
693000,0.427,0.000,0.573
693500,0.435,0.000,0.565
694000,0.413,0.000,0.587
694500,0.338,0.000,0.662
695000,0.437,0.000,0.563
695500,0.516,0.000,0.484
696000,0.440,0.000,0.560
696500,0.341,0.001,0.658
697000,0.503,0.000,0.497
697500,0.441,0.000,0.559
698000,0.391,0.000,0.609
698500,0.452,0.000,0.548
699000,0.537,0.000,0.463
699500,0.370,0.000,0.630
700000,0.457,0.000,0.543
700500,0.408,0.000,0.592
701000,0.383,0.000,0.617
701500,0.480,0.000,0.520
702000,0.373,0.000,0.627
702500,0.507,0.000,0.493
703000,0.445,0.000,0.555
703500,0.452,0.000,0.548
704000,0.374,0.000,0.626
704500,0.420,0.000,0.580
705000,0.494,0.000,0.506
705500,0.429,0.000,0.571
706000,0.455,0.000,0.545
706500,0.491,0.000,0.509
707000,0.432,0.000,0.568
707500,0.389,0.000,0.611
708000,0.469,0.000,0.531
708500,0.466,0.000,0.534
709000,0.596,0.000,0.404
709500,0.490,0.000,0.510
710000,0.355,0.000,0.645
710500,0.412,0.000,0.588
711000,0.346,0.004,0.650
711500,0.431,0.000,0.569
712000,0.439,0.000,0.561
712500,0.408,0.000,0.592
713000,0.430,0.000,0.570
713500,0.460,0.000,0.540
714000,0.437,0.000,0.563
714500,0.438,0.000,0.562
715000,0.374,0.000,0.626
715500,0.454,0.000,0.546
716000,0.418,0.000,0.582
716500,0.353,0.000,0.647
717000,0.498,0.000,0.502
717500,0.522,0.000,0.478
718000,0.416,0.000,0.584
718500,0.343,0.000,0.657
719000,0.381,0.000,0.619
719500,0.383,0.000,0.617
720000,0.394,0.000,0.606
720500,0.436,0.000,0.564
721000,0.431,0.000,0.569
721500,0.380,0.000,0.620
722000,0.464,0.000,0.536
722500,0.382,0.000,0.618
723000,0.414,0.000,0.586
723500,0.412,0.000,0.588
724000,0.384,0.000,0.616
724500,0.433,0.000,0.567
725000,0.404,0.000,0.596
725500,0.295,0.000,0.705
726000,0.435,0.000,0.565
726500,0.387,0.000,0.613
727000,0.468,0.000,0.532
727500,0.451,0.000,0.549
728000,0.443,0.000,0.557
728500,0.451,0.000,0.549
729000,0.587,0.000,0.413
729500,0.475,0.000,0.525
730000,0.419,0.000,0.581
730500,0.460,0.000,0.540
731000,0.491,0.000,0.509
731500,0.481,0.000,0.519
732000,0.420,0.000,0.580
732500,0.365,0.000,0.635
733000,0.401,0.000,0.599
733500,0.458,0.000,0.542
734000,0.505,0.000,0.495
734500,0.361,0.000,0.639
735000,0.357,0.000,0.643
735500,0.418,0.000,0.582
736000,0.415,0.000,0.585
736500,0.482,0.000,0.518
737000,0.337,0.000,0.663
737500,0.469,0.000,0.531
738000,0.421,0.000,0.579
738500,0.428,0.000,0.572
739000,0.432,0.000,0.568
739500,0.424,0.000,0.576
740000,0.334,0.000,0.666
740500,0.480,0.000,0.520
741000,0.356,0.000,0.644
741500,0.352,0.000,0.648
742000,0.457,0.000,0.543
742500,0.442,0.000,0.558
743000,0.539,0.000,0.461
743500,0.508,0.000,0.492
744000,0.446,0.000,0.554
744500,0.382,0.000,0.618
745000,0.380,0.000,0.620
745500,0.348,0.000,0.652
746000,0.422,0.000,0.578
746500,0.356,0.000,0.644
747000,0.405,0.000,0.595
747500,0.352,0.003,0.645
748000,0.396,0.000,0.604
748500,0.459,0.000,0.541
749000,0.413,0.000,0.587
749500,0.455,0.000,0.545
750000,0.341,0.000,0.659
750500,0.392,0.000,0.608
751000,0.385,0.000,0.615
751500,0.384,0.000,0.616
752000,0.340,0.000,0.660
752500,0.436,0.000,0.564
753000,0.462,0.000,0.538
753500,0.401,0.000,0.599
754000,0.337,0.000,0.663
754500,0.376,0.001,0.623
755000,0.447,0.000,0.553
755500,0.363,0.000,0.637
756000,0.441,0.000,0.559
756500,0.360,0.000,0.640
757000,0.422,0.000,0.578
757500,0.451,0.000,0.549
758000,0.321,0.000,0.679
758500,0.384,0.000,0.616
759000,0.410,0.000,0.590
759500,0.398,0.000,0.602
760000,0.448,0.000,0.552
760500,0.467,0.000,0.533
761000,0.471,0.000,0.529
761500,0.402,0.000,0.598
762000,0.370,0.000,0.630
762500,0.452,0.000,0.548
763000,0.479,0.000,0.521
763500,0.348,0.000,0.652
764000,0.439,0.000,0.561
764500,0.521,0.000,0.479
765000,0.437,0.000,0.563
765500,0.364,0.000,0.636
766000,0.475,0.000,0.525
766500,0.338,0.000,0.662
767000,0.325,0.002,0.673
767500,0.378,0.000,0.622
768000,0.415,0.000,0.585
768500,0.408,0.000,0.592
769000,0.403,0.000,0.597
769500,0.483,0.000,0.517
770000,0.421,0.001,0.578
770500,0.542,0.000,0.458
771000,0.434,0.012,0.554
771500,0.460,0.000,0.540
772000,0.451,0.000,0.549
772500,0.357,0.002,0.641
773000,0.475,0.000,0.525
773500,0.506,0.000,0.494
774000,0.443,0.000,0.557
774500,0.592,0.000,0.408
775000,0.565,0.000,0.435
775500,0.495,0.000,0.505
776000,0.418,0.000,0.582
776500,0.441,0.003,0.556
777000,0.381,0.000,0.619
777500,0.365,0.000,0.635
778000,0.360,0.000,0.640
778500,0.455,0.000,0.545
779000,0.369,0.000,0.631
779500,0.394,0.000,0.606
780000,0.446,0.000,0.554
780500,0.337,0.000,0.663
781000,0.415,0.000,0.585
781500,0.385,0.001,0.614
782000,0.353,0.001,0.646
782500,0.414,0.000,0.586
783000,0.381,0.000,0.619
783500,0.467,0.000,0.533
784000,0.428,0.000,0.572
784500,0.449,0.000,0.551
785000,0.522,0.000,0.478
785500,0.484,0.000,0.516
786000,0.380,0.000,0.620
786500,0.419,0.000,0.581
787000,0.369,0.000,0.631
787500,0.433,0.000,0.567
788000,0.354,0.000,0.646
788500,0.351,0.000,0.649
789000,0.407,0.000,0.593
789500,0.461,0.000,0.539
790000,0.508,0.000,0.492
790500,0.399,0.000,0.601
791000,0.419,0.000,0.581
791500,0.391,0.000,0.609
792000,0.407,0.000,0.593
792500,0.496,0.000,0.504
793000,0.471,0.000,0.529
793500,0.470,0.000,0.530
794000,0.404,0.000,0.596
794500,0.337,0.000,0.663
795000,0.457,0.000,0.543
795500,0.329,0.000,0.671
796000,0.405,0.000,0.595
796500,0.390,0.000,0.610
797000,0.474,0.000,0.526
797500,0.397,0.000,0.603
798000,0.456,0.000,0.544
798500,0.364,0.000,0.636
799000,0.415,0.000,0.585
799500,0.521,0.000,0.479
800000,0.418,0.000,0.582
800500,0.447,0.000,0.553
801000,0.387,0.000,0.613
801500,0.425,0.000,0.575
802000,0.355,0.005,0.640
802500,0.401,0.000,0.599
803000,0.369,0.000,0.631
803500,0.463,0.000,0.537
804000,0.419,0.000,0.581
804500,0.417,0.000,0.583
805000,0.470,0.000,0.530
805500,0.430,0.000,0.570
806000,0.455,0.000,0.545
806500,0.538,0.000,0.462
807000,0.475,0.000,0.525
807500,0.415,0.000,0.585
808000,0.485,0.000,0.515
808500,0.459,0.000,0.541
809000,0.503,0.000,0.497
809500,0.487,0.000,0.513
810000,0.404,0.000,0.596
810500,0.439,0.000,0.561
811000,0.435,0.000,0.565
811500,0.424,0.000,0.576
812000,0.480,0.000,0.520
812500,0.549,0.000,0.451
813000,0.471,0.000,0.529
813500,0.509,0.000,0.491
814000,0.401,0.000,0.599
814500,0.394,0.000,0.606
815000,0.364,0.000,0.636
815500,0.424,0.000,0.576
816000,0.407,0.000,0.593
816500,0.388,0.000,0.612
817000,0.387,0.000,0.613
817500,0.396,0.000,0.604
818000,0.395,0.006,0.599
818500,0.422,0.009,0.569
819000,0.332,0.007,0.661
819500,0.471,0.000,0.529
820000,0.477,0.000,0.523
820500,0.352,0.000,0.648
821000,0.314,0.000,0.686
821500,0.412,0.000,0.588
822000,0.309,0.000,0.691
822500,0.432,0.000,0.568
823000,0.380,0.000,0.620
823500,0.389,0.000,0.611
824000,0.434,0.000,0.566
824500,0.420,0.000,0.580
825000,0.407,0.000,0.593
825500,0.406,0.000,0.594
826000,0.526,0.000,0.474
826500,0.410,0.000,0.590
827000,0.459,0.000,0.541
827500,0.505,0.000,0.495
828000,0.529,0.000,0.471
828500,0.531,0.000,0.469
829000,0.471,0.000,0.529
829500,0.444,0.000,0.556
830000,0.423,0.000,0.577
830500,0.441,0.000,0.559
831000,0.503,0.000,0.497
831500,0.501,0.000,0.499
832000,0.507,0.000,0.493
832500,0.454,0.000,0.546
833000,0.477,0.000,0.523
833500,0.455,0.000,0.545
834000,0.380,0.000,0.620
834500,0.450,0.000,0.550
835000,0.466,0.000,0.534
835500,0.473,0.000,0.527
836000,0.397,0.000,0.603
836500,0.482,0.000,0.518
837000,0.518,0.000,0.482
837500,0.417,0.000,0.583
838000,0.383,0.000,0.617
838500,0.469,0.000,0.531
839000,0.382,0.000,0.618
839500,0.436,0.000,0.564
840000,0.403,0.003,0.594
840500,0.425,0.000,0.575
841000,0.388,0.000,0.612
841500,0.346,0.000,0.654
842000,0.404,0.000,0.596
842500,0.346,0.000,0.654
843000,0.296,0.000,0.704
843500,0.386,0.004,0.610
844000,0.395,0.000,0.605
844500,0.388,0.000,0.612
845000,0.476,0.000,0.524
845500,0.476,0.000,0.524
846000,0.356,0.005,0.639
846500,0.426,0.000,0.574
847000,0.397,0.000,0.603
847500,0.373,0.000,0.627
848000,0.461,0.000,0.539
848500,0.457,0.000,0.543
849000,0.551,0.000,0.449
849500,0.509,0.000,0.491
850000,0.479,0.000,0.521
850500,0.511,0.000,0.489
851000,0.487,0.000,0.513
851500,0.416,0.000,0.584
852000,0.492,0.000,0.508
852500,0.407,0.000,0.593
853000,0.506,0.000,0.494
853500,0.338,0.000,0.662
854000,0.444,0.000,0.556
854500,0.401,0.000,0.599
855000,0.368,0.000,0.632
855500,0.498,0.000,0.502
856000,0.382,0.000,0.618
856500,0.382,0.000,0.618
857000,0.348,0.000,0.652
857500,0.402,0.000,0.598
858000,0.456,0.000,0.544
858500,0.487,0.000,0.513
859000,0.355,0.000,0.645
859500,0.429,0.000,0.571
860000,0.359,0.012,0.629
860500,0.472,0.000,0.528
861000,0.480,0.000,0.520
861500,0.547,0.000,0.453
862000,0.564,0.000,0.436
862500,0.591,0.000,0.409
863000,0.537,0.000,0.463
863500,0.460,0.000,0.540
864000,0.315,0.000,0.685
864500,0.431,0.000,0.569
865000,0.361,0.000,0.639
865500,0.397,0.000,0.603
866000,0.435,0.000,0.565
866500,0.352,0.000,0.648
867000,0.356,0.000,0.644
867500,0.462,0.000,0.538
868000,0.453,0.000,0.547
868500,0.533,0.000,0.467
869000,0.413,0.000,0.587
869500,0.339,0.000,0.661
870000,0.441,0.000,0.559
870500,0.450,0.000,0.550
871000,0.407,0.000,0.593
871500,0.533,0.000,0.467
872000,0.470,0.000,0.530
872500,0.502,0.000,0.498
873000,0.391,0.000,0.609
873500,0.415,0.000,0.585
874000,0.419,0.000,0.581
874500,0.390,0.000,0.610
875000,0.409,0.000,0.591
875500,0.381,0.000,0.619
876000,0.435,0.004,0.561
876500,0.424,0.000,0.576
877000,0.373,0.000,0.627
877500,0.437,0.000,0.563
878000,0.352,0.000,0.648
878500,0.379,0.000,0.621
879000,0.431,0.000,0.569
879500,0.372,0.000,0.628
880000,0.417,0.000,0.583
880500,0.399,0.000,0.601
881000,0.472,0.000,0.528
881500,0.389,0.000,0.611
882000,0.364,0.000,0.636
882500,0.461,0.000,0.539
883000,0.378,0.000,0.622
883500,0.357,0.000,0.643
884000,0.435,0.000,0.565
884500,0.350,0.000,0.650
885000,0.385,0.004,0.611
885500,0.457,0.000,0.543
886000,0.492,0.000,0.508
886500,0.469,0.000,0.531
887000,0.544,0.000,0.456
887500,0.483,0.000,0.517
888000,0.432,0.000,0.568
888500,0.370,0.000,0.630
889000,0.291,0.000,0.709
889500,0.425,0.000,0.575
890000,0.366,0.000,0.634
890500,0.401,0.000,0.599
891000,0.523,0.000,0.477
891500,0.424,0.000,0.576
892000,0.429,0.000,0.571
892500,0.403,0.000,0.597
893000,0.320,0.000,0.680
893500,0.503,0.000,0.497
894000,0.499,0.000,0.501
894500,0.430,0.004,0.566
895000,0.545,0.000,0.455
895500,0.483,0.000,0.517
896000,0.407,0.000,0.593
896500,0.313,0.000,0.687
897000,0.478,0.000,0.522
897500,0.450,0.000,0.550
898000,0.436,0.000,0.564
898500,0.365,0.000,0.635
899000,0.412,0.000,0.588
899500,0.373,0.000,0.627
900000,0.340,0.000,0.660
900500,0.375,0.000,0.625
901000,0.457,0.000,0.543
901500,0.378,0.000,0.622
902000,0.452,0.000,0.548
902500,0.480,0.000,0.520
903000,0.483,0.000,0.517
903500,0.447,0.000,0.553
904000,0.430,0.000,0.570
904500,0.510,0.000,0.490
905000,0.455,0.000,0.545
905500,0.418,0.000,0.582
906000,0.422,0.000,0.578
906500,0.348,0.000,0.652
907000,0.303,0.001,0.696
907500,0.397,0.000,0.603
908000,0.446,0.000,0.554
908500,0.425,0.000,0.575
909000,0.422,0.000,0.578
909500,0.442,0.000,0.558
910000,0.420,0.005,0.575
910500,0.371,0.000,0.629
911000,0.434,0.000,0.566
911500,0.387,0.000,0.613
912000,0.453,0.000,0.547
912500,0.412,0.000,0.588
913000,0.350,0.000,0.650
913500,0.405,0.000,0.595
914000,0.461,0.000,0.539
914500,0.378,0.000,0.622
915000,0.332,0.000,0.668
915500,0.505,0.000,0.495
916000,0.398,0.000,0.602
916500,0.451,0.000,0.549
917000,0.456,0.000,0.544
917500,0.481,0.000,0.519
918000,0.421,0.000,0.579
918500,0.404,0.000,0.596
919000,0.394,0.000,0.606
919500,0.379,0.000,0.621
920000,0.491,0.001,0.508
920500,0.370,0.000,0.630
921000,0.380,0.000,0.620
921500,0.492,0.000,0.508
922000,0.440,0.000,0.560
922500,0.355,0.000,0.645
923000,0.298,0.000,0.702
923500,0.347,0.000,0.653
924000,0.407,0.000,0.593
924500,0.371,0.000,0.629
925000,0.437,0.000,0.563
925500,0.427,0.000,0.573
926000,0.440,0.000,0.560
926500,0.421,0.000,0.579
927000,0.447,0.000,0.553
927500,0.440,0.000,0.560
928000,0.415,0.000,0.585
928500,0.380,0.000,0.620
929000,0.375,0.000,0.625
929500,0.330,0.000,0.670
930000,0.364,0.000,0.636
930500,0.458,0.000,0.542
931000,0.508,0.000,0.492
931500,0.366,0.000,0.634
932000,0.495,0.011,0.494
932500,0.412,0.000,0.588
933000,0.522,0.000,0.478
933500,0.447,0.000,0.553
934000,0.458,0.000,0.542
934500,0.523,0.000,0.477
935000,0.439,0.000,0.561
935500,0.432,0.000,0.568
936000,0.510,0.000,0.490
936500,0.377,0.000,0.623
937000,0.422,0.000,0.578
937500,0.392,0.000,0.608
938000,0.443,0.000,0.557
938500,0.437,0.000,0.563
939000,0.462,0.000,0.538
939500,0.378,0.000,0.622
940000,0.381,0.000,0.619
940500,0.485,0.000,0.515
941000,0.495,0.000,0.505
941500,0.411,0.000,0.589
942000,0.400,0.000,0.600
942500,0.376,0.000,0.624
943000,0.387,0.000,0.613
943500,0.403,0.000,0.597
944000,0.464,0.000,0.536
944500,0.504,0.000,0.496
945000,0.444,0.000,0.556
945500,0.442,0.000,0.558
946000,0.428,0.000,0.572
946500,0.358,0.000,0.642
947000,0.424,0.000,0.576
947500,0.376,0.000,0.624
948000,0.432,0.000,0.568
948500,0.474,0.000,0.526
949000,0.533,0.000,0.467
949500,0.549,0.000,0.451
950000,0.409,0.000,0.591
950500,0.287,0.000,0.713
951000,0.370,0.000,0.630
951500,0.300,0.000,0.700
952000,0.401,0.000,0.599
952500,0.429,0.000,0.571
953000,0.403,0.000,0.597
953500,0.482,0.000,0.518
954000,0.494,0.000,0.506
954500,0.369,0.000,0.631
955000,0.391,0.000,0.609
955500,0.433,0.000,0.567
956000,0.394,0.000,0.606
956500,0.390,0.000,0.610
957000,0.374,0.000,0.626
957500,0.396,0.000,0.604
958000,0.416,0.000,0.584
958500,0.406,0.000,0.594
959000,0.386,0.000,0.614
959500,0.429,0.000,0.571
960000,0.511,0.000,0.489
960500,0.431,0.000,0.569
961000,0.462,0.000,0.538
961500,0.566,0.000,0.434
962000,0.534,0.000,0.466
962500,0.567,0.000,0.433
963000,0.324,0.000,0.676
963500,0.433,0.000,0.567
964000,0.401,0.000,0.599
964500,0.495,0.000,0.505
965000,0.477,0.000,0.523
965500,0.529,0.000,0.471
966000,0.591,0.000,0.409
966500,0.435,0.000,0.565
967000,0.395,0.000,0.605
967500,0.391,0.000,0.609
968000,0.298,0.010,0.692
968500,0.403,0.005,0.592
969000,0.353,0.000,0.647
969500,0.426,0.000,0.574
970000,0.435,0.000,0.565
970500,0.397,0.000,0.603
971000,0.393,0.000,0.607
971500,0.417,0.000,0.583
972000,0.400,0.000,0.600
972500,0.350,0.000,0.650
973000,0.390,0.000,0.610
973500,0.385,0.000,0.615
974000,0.325,0.000,0.675
974500,0.392,0.000,0.608
975000,0.362,0.000,0.638
975500,0.378,0.000,0.622
976000,0.442,0.000,0.558
976500,0.361,0.012,0.627
977000,0.405,0.000,0.595
977500,0.497,0.000,0.503
978000,0.489,0.000,0.511
978500,0.423,0.000,0.577
979000,0.397,0.000,0.603
979500,0.359,0.000,0.641
980000,0.368,0.000,0.632
980500,0.435,0.000,0.565
981000,0.394,0.000,0.606
981500,0.343,0.000,0.657
982000,0.441,0.000,0.559
982500,0.377,0.000,0.623
983000,0.445,0.000,0.555
983500,0.468,0.000,0.532
984000,0.520,0.000,0.480
984500,0.552,0.000,0.448
985000,0.563,0.000,0.437
985500,0.430,0.000,0.570
986000,0.371,0.000,0.629
986500,0.392,0.000,0.608
987000,0.472,0.000,0.528
987500,0.485,0.000,0.515
988000,0.471,0.000,0.529
988500,0.456,0.000,0.544
989000,0.405,0.000,0.595
989500,0.455,0.000,0.545
990000,0.395,0.000,0.605
990500,0.528,0.000,0.472
991000,0.426,0.000,0.574
991500,0.423,0.000,0.577
992000,0.427,0.000,0.573
992500,0.442,0.000,0.558
993000,0.400,0.005,0.595
993500,0.421,0.000,0.579
994000,0.353,0.000,0.647
994500,0.327,0.000,0.673
995000,0.393,0.000,0.607
995500,0.475,0.000,0.525
996000,0.313,0.000,0.687
996500,0.382,0.000,0.618
997000,0.413,0.000,0.587
997500,0.490,0.000,0.510
998000,0.511,0.000,0.489
998500,0.371,0.000,0.629
999000,0.378,0.000,0.622
999500,0.382,0.000,0.618
1000000,0.402,0.000,0.598
