time,n_A+p,n_B,n_AB
500,0.010,0.981,0.009
1000,0.010,0.979,0.011
1500,0.010,0.979,0.011
2000,0.010,0.972,0.018
2500,0.010,0.971,0.019
3000,0.010,0.973,0.017
3500,0.010,0.969,0.021
4000,0.010,0.969,0.021
4500,0.010,0.972,0.018
5000,0.010,0.974,0.016
5500,0.010,0.971,0.019
6000,0.010,0.970,0.020
6500,0.010,0.972,0.018
7000,0.010,0.976,0.014
7500,0.010,0.970,0.020
8000,0.010,0.976,0.014
8500,0.010,0.983,0.007
9000,0.010,0.981,0.009
9500,0.010,0.975,0.015
10000,0.010,0.976,0.014
10500,0.010,0.967,0.023
11000,0.010,0.967,0.023
11500,0.010,0.978,0.012
12000,0.010,0.977,0.013
12500,0.010,0.971,0.019
13000,0.010,0.964,0.026
13500,0.010,0.972,0.018
14000,0.010,0.970,0.020
14500,0.010,0.970,0.020
15000,0.010,0.974,0.016
15500,0.010,0.967,0.023
16000,0.010,0.964,0.026
16500,0.010,0.968,0.022
17000,0.010,0.963,0.027
17500,0.010,0.965,0.025
18000,0.010,0.972,0.018
18500,0.010,0.974,0.016
19000,0.010,0.979,0.011
19500,0.010,0.979,0.011
20000,0.010,0.976,0.014
20500,0.010,0.978,0.012
21000,0.010,0.972,0.018
21500,0.010,0.975,0.015
22000,0.010,0.977,0.013
22500,0.010,0.981,0.009
23000,0.010,0.978,0.012
23500,0.010,0.969,0.021
24000,0.010,0.972,0.018
24500,0.010,0.967,0.023
25000,0.010,0.965,0.025
25500,0.010,0.972,0.018
26000,0.010,0.977,0.013
26500,0.010,0.975,0.015
27000,0.010,0.969,0.021
27500,0.010,0.963,0.027
28000,0.010,0.964,0.026
28500,0.010,0.958,0.032
29000,0.010,0.958,0.032
29500,0.010,0.966,0.024
30000,0.010,0.960,0.030
30500,0.010,0.961,0.029
31000,0.010,0.966,0.024
31500,0.010,0.968,0.022
32000,0.010,0.966,0.024
32500,0.010,0.969,0.021
33000,0.010,0.971,0.019
33500,0.010,0.962,0.028
34000,0.010,0.966,0.024
34500,0.010,0.974,0.016
35000,0.010,0.969,0.021
35500,0.010,0.970,0.020
36000,0.010,0.962,0.028
36500,0.010,0.967,0.023
37000,0.010,0.971,0.019
37500,0.010,0.967,0.023
38000,0.010,0.962,0.028
38500,0.010,0.970,0.020
39000,0.010,0.971,0.019
39500,0.010,0.967,0.023
40000,0.010,0.967,0.023
40500,0.010,0.973,0.017
41000,0.010,0.975,0.015
41500,0.010,0.978,0.012
42000,0.010,0.975,0.015
42500,0.010,0.969,0.021
43000,0.010,0.976,0.014
43500,0.010,0.974,0.016
44000,0.010,0.968,0.022
44500,0.010,0.965,0.025
45000,0.010,0.963,0.027
45500,0.010,0.971,0.019
46000,0.010,0.973,0.017
46500,0.010,0.972,0.018
47000,0.010,0.962,0.028
47500,0.010,0.955,0.035
48000,0.010,0.961,0.029
48500,0.010,0.961,0.029
49000,0.010,0.966,0.024
49500,0.010,0.964,0.026
50000,0.010,0.964,0.026
50500,0.010,0.968,0.022
51000,0.010,0.974,0.016
51500,0.010,0.972,0.018
52000,0.010,0.977,0.013
52500,0.010,0.970,0.020
53000,0.010,0.967,0.023
53500,0.010,0.973,0.017
54000,0.010,0.972,0.018
54500,0.010,0.980,0.010
55000,0.010,0.975,0.015
55500,0.010,0.974,0.016
56000,0.010,0.974,0.016
56500,0.010,0.974,0.016
57000,0.010,0.971,0.019
57500,0.010,0.969,0.021
58000,0.010,0.969,0.021
58500,0.010,0.970,0.020
59000,0.010,0.973,0.017
59500,0.010,0.974,0.016
60000,0.010,0.967,0.023
60500,0.010,0.975,0.015
61000,0.010,0.970,0.020
61500,0.010,0.972,0.018
62000,0.010,0.975,0.015
62500,0.010,0.973,0.017
63000,0.010,0.973,0.017
63500,0.010,0.976,0.014
64000,0.010,0.980,0.010
64500,0.010,0.979,0.011
65000,0.010,0.979,0.011
65500,0.010,0.983,0.007
66000,0.010,0.978,0.012
66500,0.010,0.974,0.016
67000,0.010,0.979,0.011
67500,0.010,0.968,0.022
68000,0.010,0.972,0.018
68500,0.010,0.967,0.023
69000,0.010,0.957,0.033
69500,0.010,0.953,0.037
70000,0.010,0.951,0.039
70500,0.010,0.960,0.030
71000,0.010,0.967,0.023
71500,0.010,0.961,0.029
72000,0.010,0.966,0.024
72500,0.010,0.975,0.015
73000,0.010,0.982,0.008
73500,0.010,0.975,0.015
74000,0.010,0.977,0.013
74500,0.010,0.977,0.013
75000,0.010,0.976,0.014
75500,0.010,0.972,0.018
76000,0.010,0.961,0.029
76500,0.010,0.966,0.024
77000,0.010,0.959,0.031
77500,0.010,0.963,0.027
78000,0.010,0.958,0.032
78500,0.010,0.956,0.034
79000,0.010,0.967,0.023
79500,0.010,0.969,0.021
80000,0.010,0.972,0.018
80500,0.010,0.967,0.023
81000,0.010,0.970,0.020
81500,0.010,0.969,0.021
82000,0.010,0.961,0.029
82500,0.010,0.955,0.035
83000,0.010,0.947,0.043
83500,0.010,0.957,0.033
84000,0.010,0.950,0.040
84500,0.010,0.952,0.038
85000,0.010,0.953,0.037
85500,0.010,0.950,0.040
86000,0.010,0.961,0.029
86500,0.010,0.961,0.029
87000,0.010,0.965,0.025
87500,0.010,0.967,0.023
88000,0.010,0.968,0.022
88500,0.010,0.975,0.015
89000,0.010,0.969,0.021
89500,0.010,0.970,0.020
90000,0.010,0.967,0.023
90500,0.010,0.963,0.027
91000,0.010,0.962,0.028
91500,0.010,0.963,0.027
92000,0.010,0.960,0.030
92500,0.010,0.964,0.026
93000,0.010,0.966,0.024
93500,0.010,0.964,0.026
94000,0.010,0.960,0.030
94500,0.010,0.951,0.039
95000,0.010,0.955,0.035
95500,0.010,0.957,0.033
96000,0.010,0.951,0.039
96500,0.010,0.963,0.027
97000,0.010,0.963,0.027
97500,0.010,0.964,0.026
98000,0.010,0.961,0.029
98500,0.010,0.961,0.029
99000,0.010,0.955,0.035
99500,0.010,0.963,0.027
100000,0.010,0.966,0.024
100500,0.010,0.969,0.021
101000,0.010,0.970,0.020
101500,0.010,0.969,0.021
102000,0.010,0.965,0.025
102500,0.010,0.961,0.029
103000,0.010,0.968,0.022
103500,0.010,0.968,0.022
104000,0.010,0.974,0.016
104500,0.010,0.977,0.013
105000,0.010,0.970,0.020
105500,0.010,0.968,0.022
106000,0.010,0.965,0.025
106500,0.010,0.965,0.025
107000,0.010,0.976,0.014
107500,0.010,0.974,0.016
108000,0.010,0.973,0.017
108500,0.010,0.971,0.019
109000,0.010,0.970,0.020
109500,0.010,0.971,0.019
110000,0.010,0.976,0.014
110500,0.010,0.978,0.012
111000,0.010,0.972,0.018
111500,0.010,0.978,0.012
112000,0.010,0.970,0.020
112500,0.010,0.977,0.013
113000,0.010,0.972,0.018
113500,0.010,0.968,0.022
114000,0.010,0.967,0.023
114500,0.010,0.967,0.023
115000,0.010,0.961,0.029
115500,0.010,0.967,0.023
116000,0.010,0.971,0.019
116500,0.010,0.969,0.021
117000,0.010,0.965,0.025
117500,0.010,0.964,0.026
118000,0.010,0.964,0.026
118500,0.010,0.961,0.029
119000,0.010,0.968,0.022
119500,0.010,0.964,0.026
120000,0.010,0.953,0.037
120500,0.010,0.947,0.043
121000,0.010,0.947,0.043
121500,0.010,0.957,0.033
122000,0.010,0.965,0.025
122500,0.010,0.968,0.022
123000,0.010,0.968,0.022
123500,0.010,0.967,0.023
124000,0.010,0.969,0.021
124500,0.010,0.972,0.018
125000,0.010,0.977,0.013
125500,0.010,0.974,0.016
126000,0.010,0.970,0.020
126500,0.010,0.959,0.031
127000,0.010,0.966,0.024
127500,0.010,0.963,0.027
128000,0.010,0.957,0.033
128500,0.010,0.969,0.021
129000,0.010,0.967,0.023
129500,0.010,0.966,0.024
130000,0.010,0.964,0.026
130500,0.010,0.959,0.031
131000,0.010,0.962,0.028
131500,0.010,0.964,0.026
132000,0.010,0.966,0.024
132500,0.010,0.973,0.017
133000,0.010,0.966,0.024
133500,0.010,0.962,0.028
134000,0.010,0.965,0.025
134500,0.010,0.959,0.031
135000,0.010,0.964,0.026
135500,0.010,0.966,0.024
136000,0.010,0.974,0.016
136500,0.010,0.971,0.019
137000,0.010,0.968,0.022
137500,0.010,0.967,0.023
138000,0.010,0.969,0.021
138500,0.010,0.970,0.020
139000,0.010,0.975,0.015
139500,0.010,0.978,0.012
140000,0.010,0.982,0.008
140500,0.010,0.982,0.008
141000,0.010,0.981,0.009
141500,0.010,0.972,0.018
142000,0.010,0.971,0.019
142500,0.010,0.971,0.019
143000,0.010,0.968,0.022
143500,0.010,0.973,0.017
144000,0.010,0.972,0.018
144500,0.010,0.976,0.014
145000,0.010,0.969,0.021
145500,0.010,0.971,0.019
146000,0.010,0.970,0.020
146500,0.010,0.977,0.013
147000,0.010,0.972,0.018
147500,0.010,0.976,0.014
148000,0.010,0.970,0.020
148500,0.010,0.965,0.025
149000,0.010,0.964,0.026
149500,0.010,0.967,0.023
150000,0.010,0.975,0.015
150500,0.010,0.980,0.010
151000,0.010,0.979,0.011
151500,0.010,0.977,0.013
152000,0.010,0.977,0.013
152500,0.010,0.976,0.014
153000,0.010,0.970,0.020
153500,0.010,0.970,0.020
154000,0.010,0.970,0.020
154500,0.010,0.974,0.016
155000,0.010,0.973,0.017
155500,0.010,0.972,0.018
156000,0.010,0.974,0.016
156500,0.010,0.972,0.018
157000,0.010,0.974,0.016
157500,0.010,0.975,0.015
158000,0.010,0.968,0.022
158500,0.010,0.977,0.013
159000,0.010,0.978,0.012
159500,0.010,0.984,0.006
160000,0.010,0.985,0.005
160500,0.010,0.982,0.008
161000,0.010,0.973,0.017
161500,0.010,0.973,0.017
162000,0.010,0.972,0.018
162500,0.010,0.963,0.027
163000,0.010,0.959,0.031
163500,0.010,0.957,0.033
164000,0.010,0.962,0.028
164500,0.010,0.966,0.024
165000,0.010,0.973,0.017
165500,0.010,0.971,0.019
166000,0.010,0.974,0.016
166500,0.010,0.979,0.011
167000,0.010,0.978,0.012
167500,0.010,0.969,0.021
168000,0.010,0.964,0.026
168500,0.010,0.961,0.029
169000,0.010,0.963,0.027
169500,0.010,0.971,0.019
170000,0.010,0.974,0.016
170500,0.010,0.977,0.013
171000,0.010,0.974,0.016
171500,0.010,0.970,0.020
172000,0.010,0.973,0.017
172500,0.010,0.974,0.016
173000,0.010,0.963,0.027
173500,0.010,0.964,0.026
174000,0.010,0.964,0.026
174500,0.010,0.966,0.024
175000,0.010,0.967,0.023
175500,0.010,0.963,0.027
176000,0.010,0.967,0.023
176500,0.010,0.967,0.023
177000,0.010,0.968,0.022
177500,0.010,0.963,0.027
178000,0.010,0.963,0.027
178500,0.010,0.972,0.018
179000,0.010,0.971,0.019
179500,0.010,0.974,0.016
180000,0.010,0.972,0.018
180500,0.010,0.964,0.026
181000,0.010,0.973,0.017
181500,0.010,0.975,0.015
182000,0.010,0.975,0.015
182500,0.010,0.971,0.019
183000,0.010,0.968,0.022
183500,0.010,0.972,0.018
184000,0.010,0.968,0.022
184500,0.010,0.968,0.022
185000,0.010,0.969,0.021
185500,0.010,0.969,0.021
186000,0.010,0.965,0.025
186500,0.010,0.971,0.019
187000,0.010,0.971,0.019
187500,0.010,0.966,0.024
188000,0.010,0.969,0.021
188500,0.010,0.966,0.024
189000,0.010,0.971,0.019
189500,0.010,0.968,0.022
190000,0.010,0.964,0.026
190500,0.010,0.963,0.027
191000,0.010,0.962,0.028
191500,0.010,0.957,0.033
192000,0.010,0.950,0.040
192500,0.010,0.958,0.032
193000,0.010,0.961,0.029
193500,0.010,0.964,0.026
194000,0.010,0.973,0.017
194500,0.010,0.973,0.017
195000,0.010,0.972,0.018
195500,0.010,0.973,0.017
196000,0.010,0.971,0.019
196500,0.010,0.974,0.016
197000,0.010,0.962,0.028
197500,0.010,0.965,0.025
198000,0.010,0.964,0.026
198500,0.010,0.969,0.021
199000,0.010,0.964,0.026
199500,0.010,0.967,0.023
200000,0.010,0.964,0.026
200500,0.010,0.963,0.027
201000,0.010,0.964,0.026
201500,0.010,0.966,0.024
202000,0.010,0.970,0.020
202500,0.010,0.962,0.028
203000,0.010,0.966,0.024
203500,0.010,0.970,0.020
204000,0.010,0.975,0.015
204500,0.010,0.971,0.019
205000,0.010,0.968,0.022
205500,0.010,0.973,0.017
206000,0.010,0.975,0.015
206500,0.010,0.969,0.021
207000,0.010,0.970,0.020
207500,0.010,0.973,0.017
208000,0.010,0.974,0.016
208500,0.010,0.963,0.027
209000,0.010,0.959,0.031
209500,0.010,0.956,0.034
210000,0.010,0.961,0.029
210500,0.010,0.974,0.016
211000,0.010,0.981,0.009
211500,0.010,0.978,0.012
212000,0.010,0.974,0.016
212500,0.010,0.976,0.014
213000,0.010,0.970,0.020
213500,0.010,0.967,0.023
214000,0.010,0.960,0.030
214500,0.010,0.965,0.025
215000,0.010,0.967,0.023
215500,0.010,0.963,0.027
216000,0.010,0.962,0.028
216500,0.010,0.959,0.031
217000,0.010,0.965,0.025
217500,0.010,0.971,0.019
218000,0.010,0.966,0.024
218500,0.010,0.966,0.024
219000,0.010,0.974,0.016
219500,0.010,0.981,0.009
220000,0.010,0.975,0.015
220500,0.010,0.978,0.012
221000,0.010,0.979,0.011
221500,0.010,0.976,0.014
222000,0.010,0.974,0.016
222500,0.010,0.965,0.025
223000,0.010,0.964,0.026
223500,0.010,0.961,0.029
224000,0.010,0.958,0.032
224500,0.010,0.962,0.028
225000,0.010,0.960,0.030
225500,0.010,0.966,0.024
226000,0.010,0.970,0.020
226500,0.010,0.969,0.021
227000,0.010,0.970,0.020
227500,0.010,0.971,0.019
228000,0.010,0.974,0.016
228500,0.010,0.974,0.016
229000,0.010,0.961,0.029
229500,0.010,0.963,0.027
230000,0.010,0.966,0.024
230500,0.010,0.966,0.024
231000,0.010,0.971,0.019
231500,0.010,0.971,0.019
232000,0.010,0.963,0.027
232500,0.010,0.972,0.018
233000,0.010,0.967,0.023
233500,0.010,0.966,0.024
234000,0.010,0.970,0.020
234500,0.010,0.959,0.031
235000,0.010,0.950,0.040
235500,0.010,0.959,0.031
236000,0.010,0.966,0.024
236500,0.010,0.968,0.022
237000,0.010,0.971,0.019
237500,0.010,0.973,0.017
238000,0.010,0.974,0.016
238500,0.010,0.973,0.017
239000,0.010,0.969,0.021
239500,0.010,0.973,0.017
240000,0.010,0.969,0.021
240500,0.010,0.969,0.021
241000,0.010,0.969,0.021
241500,0.010,0.964,0.026
242000,0.010,0.967,0.023
242500,0.010,0.956,0.034
243000,0.010,0.962,0.028
243500,0.010,0.967,0.023
244000,0.010,0.965,0.025
244500,0.010,0.964,0.026
245000,0.010,0.956,0.034
245500,0.010,0.961,0.029
246000,0.010,0.963,0.027
246500,0.010,0.972,0.018
247000,0.010,0.977,0.013
247500,0.010,0.983,0.007
248000,0.010,0.970,0.020
248500,0.010,0.968,0.022
249000,0.010,0.969,0.021
249500,0.010,0.971,0.019
250000,0.010,0.970,0.020
250500,0.010,0.969,0.021
251000,0.010,0.968,0.022
251500,0.010,0.968,0.022
252000,0.010,0.964,0.026
252500,0.010,0.961,0.029
253000,0.010,0.962,0.028
253500,0.010,0.972,0.018
254000,0.010,0.967,0.023
254500,0.010,0.961,0.029
255000,0.010,0.962,0.028
255500,0.010,0.965,0.025
256000,0.010,0.961,0.029
256500,0.010,0.968,0.022
257000,0.010,0.968,0.022
257500,0.010,0.972,0.018
258000,0.010,0.970,0.020
258500,0.010,0.977,0.013
259000,0.010,0.980,0.010
259500,0.010,0.969,0.021
260000,0.010,0.966,0.024
260500,0.010,0.971,0.019
261000,0.010,0.971,0.019
261500,0.010,0.971,0.019
262000,0.010,0.970,0.020
262500,0.010,0.972,0.018
263000,0.010,0.980,0.010
263500,0.010,0.974,0.016
264000,0.010,0.979,0.011
264500,0.010,0.982,0.008
265000,0.010,0.983,0.007
265500,0.010,0.975,0.015
266000,0.010,0.974,0.016
266500,0.010,0.969,0.021
267000,0.010,0.974,0.016
267500,0.010,0.975,0.015
268000,0.010,0.976,0.014
268500,0.010,0.980,0.010
269000,0.010,0.982,0.008
269500,0.010,0.976,0.014
270000,0.010,0.974,0.016
270500,0.010,0.973,0.017
271000,0.010,0.974,0.016
271500,0.010,0.972,0.018
272000,0.010,0.976,0.014
272500,0.010,0.972,0.018
273000,0.010,0.967,0.023
273500,0.010,0.967,0.023
274000,0.010,0.974,0.016
274500,0.010,0.973,0.017
275000,0.010,0.965,0.025
275500,0.010,0.957,0.033
276000,0.010,0.953,0.037
276500,0.010,0.964,0.026
277000,0.010,0.964,0.026
277500,0.010,0.966,0.024
278000,0.010,0.962,0.028
278500,0.010,0.958,0.032
279000,0.010,0.967,0.023
279500,0.010,0.964,0.026
280000,0.010,0.963,0.027
280500,0.010,0.966,0.024
281000,0.010,0.968,0.022
281500,0.010,0.975,0.015
282000,0.010,0.971,0.019
282500,0.010,0.975,0.015
283000,0.010,0.973,0.017
283500,0.010,0.974,0.016
284000,0.010,0.974,0.016
284500,0.010,0.973,0.017
285000,0.010,0.966,0.024
285500,0.010,0.971,0.019
286000,0.010,0.976,0.014
286500,0.010,0.976,0.014
287000,0.010,0.966,0.024
287500,0.010,0.964,0.026
288000,0.010,0.975,0.015
288500,0.010,0.975,0.015
289000,0.010,0.975,0.015
289500,0.010,0.977,0.013
290000,0.010,0.976,0.014
290500,0.010,0.978,0.012
291000,0.010,0.979,0.011
291500,0.010,0.973,0.017
292000,0.010,0.976,0.014
292500,0.010,0.972,0.018
293000,0.010,0.976,0.014
293500,0.010,0.976,0.014
294000,0.010,0.976,0.014
294500,0.010,0.973,0.017
295000,0.010,0.977,0.013
295500,0.010,0.976,0.014
296000,0.010,0.977,0.013
296500,0.010,0.977,0.013
297000,0.010,0.967,0.023
297500,0.010,0.962,0.028
298000,0.010,0.960,0.030
298500,0.010,0.961,0.029
299000,0.010,0.962,0.028
299500,0.010,0.952,0.038
300000,0.010,0.968,0.022
300500,0.010,0.974,0.016
301000,0.010,0.972,0.018
301500,0.010,0.966,0.024
302000,0.010,0.969,0.021
302500,0.010,0.965,0.025
303000,0.010,0.964,0.026
303500,0.010,0.968,0.022
304000,0.010,0.966,0.024
304500,0.010,0.971,0.019
305000,0.010,0.963,0.027
305500,0.010,0.961,0.029
306000,0.010,0.969,0.021
306500,0.010,0.966,0.024
307000,0.010,0.966,0.024
307500,0.010,0.967,0.023
308000,0.010,0.964,0.026
308500,0.010,0.964,0.026
309000,0.010,0.959,0.031
309500,0.010,0.965,0.025
310000,0.010,0.969,0.021
310500,0.010,0.972,0.018
311000,0.010,0.971,0.019
311500,0.010,0.976,0.014
312000,0.010,0.973,0.017
312500,0.010,0.978,0.012
313000,0.010,0.973,0.017
313500,0.010,0.975,0.015
314000,0.010,0.971,0.019
314500,0.010,0.966,0.024
315000,0.010,0.971,0.019
315500,0.010,0.968,0.022
316000,0.010,0.973,0.017
316500,0.010,0.964,0.026
317000,0.010,0.966,0.024
317500,0.010,0.962,0.028
318000,0.010,0.965,0.025
318500,0.010,0.958,0.032
319000,0.010,0.953,0.037
319500,0.010,0.951,0.039
320000,0.010,0.962,0.028
320500,0.010,0.954,0.036
321000,0.010,0.953,0.037
321500,0.010,0.962,0.028
322000,0.010,0.962,0.028
322500,0.010,0.964,0.026
323000,0.010,0.965,0.025
323500,0.010,0.962,0.028
324000,0.010,0.963,0.027
324500,0.010,0.961,0.029
325000,0.010,0.966,0.024
325500,0.010,0.971,0.019
326000,0.010,0.971,0.019
326500,0.010,0.968,0.022
327000,0.010,0.970,0.020
327500,0.010,0.970,0.020
328000,0.010,0.965,0.025
328500,0.010,0.972,0.018
329000,0.010,0.968,0.022
329500,0.010,0.971,0.019
330000,0.010,0.974,0.016
330500,0.010,0.977,0.013
331000,0.010,0.964,0.026
331500,0.010,0.968,0.022
332000,0.010,0.963,0.027
332500,0.010,0.959,0.031
333000,0.010,0.957,0.033
333500,0.010,0.956,0.034
334000,0.010,0.964,0.026
334500,0.010,0.969,0.021
335000,0.010,0.973,0.017
335500,0.010,0.976,0.014
336000,0.010,0.971,0.019
336500,0.010,0.969,0.021
337000,0.010,0.971,0.019
337500,0.010,0.976,0.014
338000,0.010,0.974,0.016
338500,0.010,0.977,0.013
339000,0.010,0.977,0.013
339500,0.010,0.975,0.015
340000,0.010,0.968,0.022
340500,0.010,0.965,0.025
341000,0.010,0.955,0.035
341500,0.010,0.964,0.026
342000,0.010,0.966,0.024
342500,0.010,0.959,0.031
343000,0.010,0.964,0.026
343500,0.010,0.959,0.031
344000,0.010,0.970,0.020
344500,0.010,0.968,0.022
345000,0.010,0.969,0.021
345500,0.010,0.970,0.020
346000,0.010,0.964,0.026
346500,0.010,0.974,0.016
347000,0.010,0.971,0.019
347500,0.010,0.971,0.019
348000,0.010,0.973,0.017
348500,0.010,0.972,0.018
349000,0.010,0.972,0.018
349500,0.010,0.975,0.015
350000,0.010,0.973,0.017
350500,0.010,0.969,0.021
351000,0.010,0.971,0.019
351500,0.010,0.977,0.013
352000,0.010,0.974,0.016
352500,0.010,0.969,0.021
353000,0.010,0.948,0.042
353500,0.010,0.959,0.031
354000,0.010,0.961,0.029
354500,0.010,0.964,0.026
355000,0.010,0.969,0.021
355500,0.010,0.964,0.026
356000,0.010,0.964,0.026
356500,0.010,0.963,0.027
357000,0.010,0.958,0.032
357500,0.010,0.959,0.031
358000,0.010,0.961,0.029
358500,0.010,0.969,0.021
359000,0.010,0.973,0.017
359500,0.010,0.972,0.018
360000,0.010,0.980,0.010
360500,0.010,0.979,0.011
361000,0.010,0.979,0.011
361500,0.010,0.980,0.010
362000,0.010,0.973,0.017
362500,0.010,0.974,0.016
363000,0.010,0.978,0.012
363500,0.010,0.968,0.022
364000,0.010,0.964,0.026
364500,0.010,0.976,0.014
365000,0.010,0.969,0.021
365500,0.010,0.969,0.021
366000,0.010,0.964,0.026
366500,0.010,0.952,0.038
367000,0.010,0.954,0.036
367500,0.010,0.960,0.030
368000,0.010,0.967,0.023
368500,0.010,0.966,0.024
369000,0.010,0.963,0.027
369500,0.010,0.967,0.023
370000,0.010,0.970,0.020
370500,0.010,0.975,0.015
371000,0.010,0.975,0.015
371500,0.010,0.978,0.012
372000,0.010,0.965,0.025
372500,0.010,0.964,0.026
373000,0.010,0.955,0.035
373500,0.010,0.957,0.033
374000,0.010,0.957,0.033
374500,0.010,0.957,0.033
375000,0.010,0.963,0.027
375500,0.010,0.969,0.021
376000,0.010,0.968,0.022
376500,0.010,0.967,0.023
377000,0.010,0.964,0.026
377500,0.010,0.966,0.024
378000,0.010,0.964,0.026
378500,0.010,0.967,0.023
379000,0.010,0.973,0.017
379500,0.010,0.972,0.018
380000,0.010,0.978,0.012
380500,0.010,0.970,0.020
381000,0.010,0.964,0.026
381500,0.010,0.970,0.020
382000,0.010,0.968,0.022
382500,0.010,0.969,0.021
383000,0.010,0.965,0.025
383500,0.010,0.974,0.016
384000,0.010,0.971,0.019
384500,0.010,0.975,0.015
385000,0.010,0.979,0.011
385500,0.010,0.980,0.010
386000,0.010,0.984,0.006
386500,0.010,0.978,0.012
387000,0.010,0.976,0.014
387500,0.010,0.980,0.010
388000,0.010,0.979,0.011
388500,0.010,0.980,0.010
389000,0.010,0.976,0.014
389500,0.010,0.964,0.026
390000,0.010,0.963,0.027
390500,0.010,0.972,0.018
391000,0.010,0.979,0.011
391500,0.010,0.979,0.011
392000,0.010,0.975,0.015
392500,0.010,0.981,0.009
393000,0.010,0.976,0.014
393500,0.010,0.970,0.020
394000,0.010,0.973,0.017
394500,0.010,0.970,0.020
395000,0.010,0.965,0.025
395500,0.010,0.966,0.024
396000,0.010,0.967,0.023
396500,0.010,0.966,0.024
397000,0.010,0.966,0.024
397500,0.010,0.962,0.028
398000,0.010,0.952,0.038
398500,0.010,0.964,0.026
399000,0.010,0.966,0.024
399500,0.010,0.965,0.025
400000,0.010,0.969,0.021
400500,0.010,0.971,0.019
401000,0.010,0.969,0.021
401500,0.010,0.972,0.018
402000,0.010,0.966,0.024
402500,0.010,0.970,0.020
403000,0.010,0.970,0.020
403500,0.010,0.971,0.019
404000,0.010,0.969,0.021
404500,0.010,0.970,0.020
405000,0.010,0.964,0.026
405500,0.010,0.964,0.026
406000,0.010,0.965,0.025
406500,0.010,0.967,0.023
407000,0.010,0.963,0.027
407500,0.010,0.968,0.022
408000,0.010,0.966,0.024
408500,0.010,0.972,0.018
409000,0.010,0.972,0.018
409500,0.010,0.977,0.013
410000,0.010,0.978,0.012
410500,0.010,0.978,0.012
411000,0.010,0.980,0.010
411500,0.010,0.975,0.015
412000,0.010,0.980,0.010
412500,0.010,0.980,0.010
413000,0.010,0.973,0.017
413500,0.010,0.979,0.011
414000,0.010,0.974,0.016
414500,0.010,0.971,0.019
415000,0.010,0.970,0.020
415500,0.010,0.972,0.018
416000,0.010,0.964,0.026
416500,0.010,0.963,0.027
417000,0.010,0.964,0.026
417500,0.010,0.965,0.025
418000,0.010,0.967,0.023
418500,0.010,0.963,0.027
419000,0.010,0.969,0.021
419500,0.010,0.964,0.026
420000,0.010,0.969,0.021
420500,0.010,0.961,0.029
421000,0.010,0.967,0.023
421500,0.010,0.972,0.018
422000,0.010,0.975,0.015
422500,0.010,0.964,0.026
423000,0.010,0.969,0.021
423500,0.010,0.972,0.018
424000,0.010,0.974,0.016
424500,0.010,0.974,0.016
425000,0.010,0.966,0.024
425500,0.010,0.963,0.027
426000,0.010,0.956,0.034
426500,0.010,0.966,0.024
427000,0.010,0.960,0.030
427500,0.010,0.959,0.031
428000,0.010,0.964,0.026
428500,0.010,0.964,0.026
429000,0.010,0.964,0.026
429500,0.010,0.958,0.032
430000,0.010,0.965,0.025
430500,0.010,0.960,0.030
431000,0.010,0.958,0.032
431500,0.010,0.953,0.037
432000,0.010,0.957,0.033
432500,0.010,0.967,0.023
433000,0.010,0.973,0.017
433500,0.010,0.969,0.021
434000,0.010,0.974,0.016
434500,0.010,0.966,0.024
435000,0.010,0.965,0.025
435500,0.010,0.959,0.031
436000,0.010,0.957,0.033
436500,0.010,0.964,0.026
437000,0.010,0.971,0.019
437500,0.010,0.974,0.016
438000,0.010,0.969,0.021
438500,0.010,0.969,0.021
439000,0.010,0.973,0.017
439500,0.010,0.972,0.018
440000,0.010,0.973,0.017
440500,0.010,0.979,0.011
441000,0.010,0.979,0.011
441500,0.010,0.977,0.013
442000,0.010,0.975,0.015
442500,0.010,0.974,0.016
443000,0.010,0.973,0.017
443500,0.010,0.970,0.020
444000,0.010,0.961,0.029
444500,0.010,0.961,0.029
445000,0.010,0.959,0.031
445500,0.010,0.965,0.025
446000,0.010,0.960,0.030
446500,0.010,0.959,0.031
447000,0.010,0.960,0.030
447500,0.010,0.957,0.033
448000,0.010,0.956,0.034
448500,0.010,0.966,0.024
449000,0.010,0.971,0.019
449500,0.010,0.963,0.027
450000,0.010,0.964,0.026
450500,0.010,0.963,0.027
451000,0.010,0.960,0.030
451500,0.010,0.960,0.030
452000,0.010,0.972,0.018
452500,0.010,0.970,0.020
453000,0.010,0.974,0.016
453500,0.010,0.976,0.014
454000,0.010,0.966,0.024
454500,0.010,0.957,0.033
455000,0.010,0.961,0.029
455500,0.010,0.963,0.027
456000,0.010,0.955,0.035
456500,0.010,0.958,0.032
457000,0.010,0.964,0.026
457500,0.010,0.959,0.031
458000,0.010,0.961,0.029
458500,0.010,0.969,0.021
459000,0.010,0.971,0.019
459500,0.010,0.966,0.024
460000,0.010,0.966,0.024
460500,0.010,0.961,0.029
461000,0.010,0.966,0.024
461500,0.010,0.964,0.026
462000,0.010,0.964,0.026
462500,0.010,0.963,0.027
463000,0.010,0.966,0.024
463500,0.010,0.970,0.020
464000,0.010,0.969,0.021
464500,0.010,0.967,0.023
465000,0.010,0.968,0.022
465500,0.010,0.965,0.025
466000,0.010,0.959,0.031
466500,0.010,0.959,0.031
467000,0.010,0.961,0.029
467500,0.010,0.955,0.035
468000,0.010,0.964,0.026
468500,0.010,0.957,0.033
469000,0.010,0.968,0.022
469500,0.010,0.967,0.023
470000,0.010,0.966,0.024
470500,0.010,0.962,0.028
471000,0.010,0.963,0.027
471500,0.010,0.967,0.023
472000,0.010,0.963,0.027
472500,0.010,0.965,0.025
473000,0.010,0.956,0.034
473500,0.010,0.962,0.028
474000,0.010,0.956,0.034
474500,0.010,0.955,0.035
475000,0.010,0.963,0.027
475500,0.010,0.969,0.021
476000,0.010,0.966,0.024
476500,0.010,0.963,0.027
477000,0.010,0.955,0.035
477500,0.010,0.956,0.034
478000,0.010,0.963,0.027
478500,0.010,0.975,0.015
479000,0.010,0.970,0.020
479500,0.010,0.968,0.022
480000,0.010,0.976,0.014
480500,0.010,0.977,0.013
481000,0.010,0.978,0.012
481500,0.010,0.975,0.015
482000,0.010,0.977,0.013
482500,0.010,0.971,0.019
483000,0.010,0.973,0.017
483500,0.010,0.964,0.026
484000,0.010,0.959,0.031
484500,0.010,0.963,0.027
485000,0.010,0.963,0.027
485500,0.010,0.965,0.025
486000,0.010,0.955,0.035
486500,0.010,0.963,0.027
487000,0.010,0.969,0.021
487500,0.010,0.970,0.020
488000,0.010,0.968,0.022
488500,0.010,0.968,0.022
489000,0.010,0.973,0.017
489500,0.010,0.978,0.012
490000,0.010,0.973,0.017
490500,0.010,0.974,0.016
491000,0.010,0.970,0.020
491500,0.010,0.963,0.027
492000,0.010,0.969,0.021
492500,0.010,0.972,0.018
493000,0.010,0.972,0.018
493500,0.010,0.970,0.020
494000,0.010,0.967,0.023
494500,0.010,0.971,0.019
495000,0.010,0.958,0.032
495500,0.010,0.953,0.037
496000,0.010,0.957,0.033
496500,0.010,0.969,0.021
497000,0.010,0.974,0.016
497500,0.010,0.973,0.017
498000,0.010,0.974,0.016
498500,0.010,0.974,0.016
499000,0.010,0.976,0.014
499500,0.010,0.973,0.017
500000,0.010,0.969,0.021
500500,0.010,0.965,0.025
501000,0.010,0.962,0.028
501500,0.010,0.959,0.031
502000,0.010,0.954,0.036
502500,0.010,0.967,0.023
503000,0.010,0.968,0.022
503500,0.010,0.970,0.020
504000,0.010,0.974,0.016
504500,0.010,0.978,0.012
505000,0.010,0.974,0.016
505500,0.010,0.969,0.021
506000,0.010,0.971,0.019
506500,0.010,0.962,0.028
507000,0.010,0.966,0.024
507500,0.010,0.972,0.018
508000,0.010,0.972,0.018
508500,0.010,0.967,0.023
509000,0.010,0.972,0.018
509500,0.010,0.972,0.018
510000,0.010,0.974,0.016
510500,0.010,0.976,0.014
511000,0.010,0.972,0.018
511500,0.010,0.965,0.025
512000,0.010,0.969,0.021
512500,0.010,0.965,0.025
513000,0.010,0.962,0.028
513500,0.010,0.967,0.023
514000,0.010,0.970,0.020
514500,0.010,0.978,0.012
515000,0.010,0.978,0.012
515500,0.010,0.975,0.015
516000,0.010,0.973,0.017
516500,0.010,0.973,0.017
517000,0.010,0.956,0.034
517500,0.010,0.949,0.041
518000,0.010,0.959,0.031
518500,0.010,0.949,0.041
519000,0.010,0.953,0.037
519500,0.010,0.957,0.033
520000,0.010,0.968,0.022
520500,0.010,0.970,0.020
521000,0.010,0.969,0.021
521500,0.010,0.968,0.022
522000,0.010,0.971,0.019
522500,0.010,0.970,0.020
523000,0.010,0.969,0.021
523500,0.010,0.976,0.014
524000,0.010,0.964,0.026
524500,0.010,0.959,0.031
525000,0.010,0.961,0.029
525500,0.010,0.962,0.028
526000,0.010,0.959,0.031
526500,0.010,0.951,0.039
527000,0.010,0.960,0.030
527500,0.010,0.957,0.033
528000,0.010,0.956,0.034
528500,0.010,0.952,0.038
529000,0.010,0.950,0.040
529500,0.010,0.931,0.059
530000,0.010,0.946,0.044
530500,0.010,0.959,0.031
531000,0.010,0.965,0.025
531500,0.010,0.969,0.021
532000,0.010,0.966,0.024
532500,0.010,0.971,0.019
533000,0.010,0.967,0.023
533500,0.010,0.964,0.026
534000,0.010,0.965,0.025
534500,0.010,0.961,0.029
535000,0.010,0.964,0.026
535500,0.010,0.966,0.024
536000,0.010,0.969,0.021
536500,0.010,0.967,0.023
537000,0.010,0.963,0.027
537500,0.010,0.966,0.024
538000,0.010,0.964,0.026
538500,0.010,0.975,0.015
539000,0.010,0.978,0.012
539500,0.010,0.971,0.019
540000,0.010,0.969,0.021
540500,0.010,0.975,0.015
541000,0.010,0.971,0.019
541500,0.010,0.968,0.022
542000,0.010,0.972,0.018
542500,0.010,0.970,0.020
543000,0.010,0.972,0.018
543500,0.010,0.970,0.020
544000,0.010,0.970,0.020
544500,0.010,0.975,0.015
545000,0.010,0.972,0.018
545500,0.010,0.970,0.020
546000,0.010,0.970,0.020
546500,0.010,0.964,0.026
547000,0.010,0.971,0.019
547500,0.010,0.961,0.029
548000,0.010,0.961,0.029
548500,0.010,0.971,0.019
549000,0.010,0.972,0.018
549500,0.010,0.970,0.020
550000,0.010,0.967,0.023
550500,0.010,0.969,0.021
551000,0.010,0.965,0.025
551500,0.010,0.964,0.026
552000,0.010,0.967,0.023
552500,0.010,0.973,0.017
553000,0.010,0.972,0.018
553500,0.010,0.974,0.016
554000,0.010,0.972,0.018
554500,0.010,0.968,0.022
555000,0.010,0.962,0.028
555500,0.010,0.957,0.033
556000,0.010,0.966,0.024
556500,0.010,0.958,0.032
557000,0.010,0.961,0.029
557500,0.010,0.960,0.030
558000,0.010,0.961,0.029
558500,0.010,0.970,0.020
559000,0.010,0.969,0.021
559500,0.010,0.972,0.018
560000,0.010,0.975,0.015
560500,0.010,0.973,0.017
561000,0.010,0.977,0.013
561500,0.010,0.969,0.021
562000,0.010,0.973,0.017
562500,0.010,0.969,0.021
563000,0.010,0.968,0.022
563500,0.010,0.971,0.019
564000,0.010,0.968,0.022
564500,0.010,0.972,0.018
565000,0.010,0.969,0.021
565500,0.010,0.970,0.020
566000,0.010,0.978,0.012
566500,0.010,0.983,0.007
567000,0.010,0.973,0.017
567500,0.010,0.976,0.014
568000,0.010,0.980,0.010
568500,0.010,0.981,0.009
569000,0.010,0.984,0.006
569500,0.010,0.982,0.008
570000,0.010,0.985,0.005
570500,0.010,0.983,0.007
571000,0.010,0.980,0.010
571500,0.010,0.978,0.012
572000,0.010,0.978,0.012
572500,0.010,0.970,0.020
573000,0.010,0.965,0.025
573500,0.010,0.968,0.022
574000,0.010,0.972,0.018
574500,0.010,0.975,0.015
575000,0.010,0.972,0.018
575500,0.010,0.979,0.011
576000,0.010,0.973,0.017
576500,0.010,0.976,0.014
577000,0.010,0.973,0.017
577500,0.010,0.975,0.015
578000,0.010,0.973,0.017
578500,0.010,0.965,0.025
579000,0.010,0.962,0.028
579500,0.010,0.966,0.024
580000,0.010,0.962,0.028
580500,0.010,0.965,0.025
581000,0.010,0.963,0.027
581500,0.010,0.963,0.027
582000,0.010,0.968,0.022
582500,0.010,0.965,0.025
583000,0.010,0.968,0.022
583500,0.010,0.973,0.017
584000,0.010,0.969,0.021
584500,0.010,0.970,0.020
585000,0.010,0.977,0.013
585500,0.010,0.979,0.011
586000,0.010,0.972,0.018
586500,0.010,0.974,0.016
587000,0.010,0.978,0.012
587500,0.010,0.977,0.013
588000,0.010,0.973,0.017
588500,0.010,0.970,0.020
589000,0.010,0.970,0.020
589500,0.010,0.973,0.017
590000,0.010,0.972,0.018
590500,0.010,0.974,0.016
591000,0.010,0.972,0.018
591500,0.010,0.965,0.025
592000,0.010,0.972,0.018
592500,0.010,0.973,0.017
593000,0.010,0.966,0.024
593500,0.010,0.972,0.018
594000,0.010,0.971,0.019
594500,0.010,0.965,0.025
595000,0.010,0.968,0.022
595500,0.010,0.959,0.031
596000,0.010,0.962,0.028
596500,0.010,0.971,0.019
597000,0.010,0.968,0.022
597500,0.010,0.971,0.019
598000,0.010,0.970,0.020
598500,0.010,0.971,0.019
599000,0.010,0.968,0.022
599500,0.010,0.976,0.014
600000,0.010,0.971,0.019
600500,0.010,0.975,0.015
601000,0.010,0.967,0.023
601500,0.010,0.972,0.018
602000,0.010,0.963,0.027
602500,0.010,0.958,0.032
603000,0.010,0.958,0.032
603500,0.010,0.966,0.024
604000,0.010,0.966,0.024
604500,0.010,0.962,0.028
605000,0.010,0.964,0.026
605500,0.010,0.971,0.019
606000,0.010,0.963,0.027
606500,0.010,0.967,0.023
607000,0.010,0.956,0.034
607500,0.010,0.961,0.029
608000,0.010,0.968,0.022
608500,0.010,0.970,0.020
609000,0.010,0.961,0.029
609500,0.010,0.959,0.031
610000,0.010,0.958,0.032
610500,0.010,0.967,0.023
611000,0.010,0.967,0.023
611500,0.010,0.968,0.022
612000,0.010,0.963,0.027
612500,0.010,0.967,0.023
613000,0.010,0.959,0.031
613500,0.010,0.960,0.030
614000,0.010,0.952,0.038
614500,0.010,0.953,0.037
615000,0.010,0.959,0.031
615500,0.010,0.964,0.026
616000,0.010,0.972,0.018
616500,0.010,0.974,0.016
617000,0.010,0.975,0.015
617500,0.010,0.970,0.020
618000,0.010,0.966,0.024
618500,0.010,0.971,0.019
619000,0.010,0.970,0.020
619500,0.010,0.968,0.022
620000,0.010,0.969,0.021
620500,0.010,0.973,0.017
621000,0.010,0.973,0.017
621500,0.010,0.973,0.017
622000,0.010,0.972,0.018
622500,0.010,0.967,0.023
623000,0.010,0.961,0.029
623500,0.010,0.966,0.024
624000,0.010,0.971,0.019
624500,0.010,0.969,0.021
625000,0.010,0.969,0.021
625500,0.010,0.972,0.018
626000,0.010,0.964,0.026
626500,0.010,0.964,0.026
627000,0.010,0.966,0.024
627500,0.010,0.974,0.016
628000,0.010,0.973,0.017
628500,0.010,0.971,0.019
629000,0.010,0.974,0.016
629500,0.010,0.971,0.019
630000,0.010,0.974,0.016
630500,0.010,0.979,0.011
631000,0.010,0.971,0.019
631500,0.010,0.969,0.021
632000,0.010,0.962,0.028
632500,0.010,0.968,0.022
633000,0.010,0.969,0.021
633500,0.010,0.966,0.024
634000,0.010,0.961,0.029
634500,0.010,0.953,0.037
635000,0.010,0.959,0.031
635500,0.010,0.969,0.021
636000,0.010,0.972,0.018
636500,0.010,0.962,0.028
637000,0.010,0.964,0.026
637500,0.010,0.963,0.027
638000,0.010,0.963,0.027
638500,0.010,0.970,0.020
639000,0.010,0.966,0.024
639500,0.010,0.968,0.022
640000,0.010,0.969,0.021
640500,0.010,0.966,0.024
641000,0.010,0.969,0.021
641500,0.010,0.971,0.019
642000,0.010,0.970,0.020
642500,0.010,0.959,0.031
643000,0.010,0.969,0.021
643500,0.010,0.967,0.023
644000,0.010,0.954,0.036
644500,0.010,0.970,0.020
645000,0.010,0.970,0.020
645500,0.010,0.971,0.019
646000,0.010,0.976,0.014
646500,0.010,0.969,0.021
647000,0.010,0.979,0.011
647500,0.010,0.969,0.021
648000,0.010,0.966,0.024
648500,0.010,0.964,0.026
649000,0.010,0.963,0.027
649500,0.010,0.965,0.025
650000,0.010,0.968,0.022
650500,0.010,0.973,0.017
651000,0.010,0.977,0.013
651500,0.010,0.982,0.008
652000,0.010,0.980,0.010
652500,0.010,0.974,0.016
653000,0.010,0.977,0.013
653500,0.010,0.977,0.013
654000,0.010,0.970,0.020
654500,0.010,0.970,0.020
655000,0.010,0.971,0.019
655500,0.010,0.975,0.015
656000,0.010,0.974,0.016
656500,0.010,0.975,0.015
657000,0.010,0.977,0.013
657500,0.010,0.973,0.017
658000,0.010,0.968,0.022
658500,0.010,0.970,0.020
659000,0.010,0.967,0.023
659500,0.010,0.965,0.025
660000,0.010,0.966,0.024
660500,0.010,0.968,0.022
661000,0.010,0.972,0.018
661500,0.010,0.974,0.016
662000,0.010,0.971,0.019
662500,0.010,0.960,0.030
663000,0.010,0.969,0.021
663500,0.010,0.974,0.016
664000,0.010,0.974,0.016
664500,0.010,0.969,0.021
665000,0.010,0.965,0.025
665500,0.010,0.966,0.024
666000,0.010,0.967,0.023
666500,0.010,0.962,0.028
667000,0.010,0.965,0.025
667500,0.010,0.964,0.026
668000,0.010,0.970,0.020
668500,0.010,0.968,0.022
669000,0.010,0.965,0.025
669500,0.010,0.962,0.028
670000,0.010,0.965,0.025
670500,0.010,0.959,0.031
671000,0.010,0.964,0.026
671500,0.010,0.954,0.036
672000,0.010,0.967,0.023
672500,0.010,0.965,0.025
673000,0.010,0.952,0.038
673500,0.010,0.956,0.034
674000,0.010,0.965,0.025
674500,0.010,0.960,0.030
675000,0.010,0.966,0.024
675500,0.010,0.976,0.014
676000,0.010,0.981,0.009
676500,0.010,0.983,0.007
677000,0.010,0.984,0.006
677500,0.010,0.968,0.022
678000,0.010,0.966,0.024
678500,0.010,0.966,0.024
679000,0.010,0.966,0.024
679500,0.010,0.962,0.028
680000,0.010,0.961,0.029
680500,0.010,0.962,0.028
681000,0.010,0.961,0.029
681500,0.010,0.965,0.025
682000,0.010,0.966,0.024
682500,0.010,0.960,0.030
683000,0.010,0.968,0.022
683500,0.010,0.972,0.018
684000,0.010,0.968,0.022
684500,0.010,0.967,0.023
685000,0.010,0.970,0.020
685500,0.010,0.970,0.020
686000,0.010,0.968,0.022
686500,0.010,0.964,0.026
687000,0.010,0.963,0.027
687500,0.010,0.966,0.024
688000,0.010,0.960,0.030
688500,0.010,0.966,0.024
689000,0.010,0.963,0.027
689500,0.010,0.957,0.033
690000,0.010,0.970,0.020
690500,0.010,0.972,0.018
691000,0.010,0.970,0.020
691500,0.010,0.968,0.022
692000,0.010,0.970,0.020
692500,0.010,0.965,0.025
693000,0.010,0.959,0.031
693500,0.010,0.965,0.025
694000,0.010,0.962,0.028
694500,0.010,0.962,0.028
695000,0.010,0.975,0.015
695500,0.010,0.978,0.012
696000,0.010,0.968,0.022
696500,0.010,0.962,0.028
697000,0.010,0.971,0.019
697500,0.010,0.973,0.017
698000,0.010,0.974,0.016
698500,0.010,0.970,0.020
699000,0.010,0.965,0.025
699500,0.010,0.966,0.024
700000,0.010,0.968,0.022
700500,0.010,0.966,0.024
701000,0.010,0.968,0.022
701500,0.010,0.975,0.015
702000,0.010,0.969,0.021
702500,0.010,0.969,0.021
703000,0.010,0.968,0.022
703500,0.010,0.964,0.026
704000,0.010,0.969,0.021
704500,0.010,0.969,0.021
705000,0.010,0.965,0.025
705500,0.010,0.975,0.015
706000,0.010,0.967,0.023
706500,0.010,0.967,0.023
707000,0.010,0.968,0.022
707500,0.010,0.963,0.027
708000,0.010,0.969,0.021
708500,0.010,0.970,0.020
709000,0.010,0.967,0.023
709500,0.010,0.967,0.023
710000,0.010,0.968,0.022
710500,0.010,0.971,0.019
711000,0.010,0.971,0.019
711500,0.010,0.973,0.017
712000,0.010,0.975,0.015
712500,0.010,0.970,0.020
713000,0.010,0.977,0.013
713500,0.010,0.975,0.015
714000,0.010,0.967,0.023
714500,0.010,0.965,0.025
715000,0.010,0.963,0.027
715500,0.010,0.961,0.029
716000,0.010,0.962,0.028
716500,0.010,0.967,0.023
717000,0.010,0.965,0.025
717500,0.010,0.972,0.018
718000,0.010,0.972,0.018
718500,0.010,0.972,0.018
719000,0.010,0.967,0.023
719500,0.010,0.960,0.030
720000,0.010,0.957,0.033
720500,0.010,0.963,0.027
721000,0.010,0.972,0.018
721500,0.010,0.975,0.015
722000,0.010,0.975,0.015
722500,0.010,0.970,0.020
723000,0.010,0.972,0.018
723500,0.010,0.979,0.011
724000,0.010,0.983,0.007
724500,0.010,0.978,0.012
725000,0.010,0.974,0.016
725500,0.010,0.971,0.019
726000,0.010,0.969,0.021
726500,0.010,0.970,0.020
727000,0.010,0.968,0.022
727500,0.010,0.965,0.025
728000,0.010,0.966,0.024
728500,0.010,0.964,0.026
729000,0.010,0.965,0.025
729500,0.010,0.965,0.025
730000,0.010,0.960,0.030
730500,0.010,0.972,0.018
731000,0.010,0.972,0.018
731500,0.010,0.975,0.015
732000,0.010,0.969,0.021
732500,0.010,0.958,0.032
733000,0.010,0.955,0.035
733500,0.010,0.961,0.029
734000,0.010,0.961,0.029
734500,0.010,0.965,0.025
735000,0.010,0.966,0.024
735500,0.010,0.968,0.022
736000,0.010,0.968,0.022
736500,0.010,0.965,0.025
737000,0.010,0.965,0.025
737500,0.010,0.972,0.018
738000,0.010,0.972,0.018
738500,0.010,0.967,0.023
739000,0.010,0.959,0.031
739500,0.010,0.964,0.026
740000,0.010,0.973,0.017
740500,0.010,0.967,0.023
741000,0.010,0.959,0.031
741500,0.010,0.955,0.035
742000,0.010,0.955,0.035
742500,0.010,0.961,0.029
743000,0.010,0.962,0.028
743500,0.010,0.961,0.029
744000,0.010,0.955,0.035
744500,0.010,0.954,0.036
745000,0.010,0.955,0.035
745500,0.010,0.954,0.036
746000,0.010,0.962,0.028
746500,0.010,0.968,0.022
747000,0.010,0.966,0.024
747500,0.010,0.963,0.027
748000,0.010,0.971,0.019
748500,0.010,0.972,0.018
749000,0.010,0.978,0.012
749500,0.010,0.972,0.018
750000,0.010,0.971,0.019
750500,0.010,0.965,0.025
751000,0.010,0.960,0.030
751500,0.010,0.961,0.029
752000,0.010,0.963,0.027
752500,0.010,0.958,0.032
753000,0.010,0.956,0.034
753500,0.010,0.959,0.031
754000,0.010,0.965,0.025
754500,0.010,0.958,0.032
755000,0.010,0.955,0.035
755500,0.010,0.964,0.026
756000,0.010,0.970,0.020
756500,0.010,0.969,0.021
757000,0.010,0.967,0.023
757500,0.010,0.963,0.027
758000,0.010,0.958,0.032
758500,0.010,0.961,0.029
759000,0.010,0.957,0.033
759500,0.010,0.955,0.035
760000,0.010,0.955,0.035
760500,0.010,0.956,0.034
761000,0.010,0.955,0.035
761500,0.010,0.965,0.025
762000,0.010,0.964,0.026
762500,0.010,0.962,0.028
763000,0.010,0.959,0.031
763500,0.010,0.960,0.030
764000,0.010,0.970,0.020
764500,0.010,0.977,0.013
765000,0.010,0.977,0.013
765500,0.010,0.979,0.011
766000,0.010,0.978,0.012
766500,0.010,0.975,0.015
767000,0.010,0.974,0.016
767500,0.010,0.973,0.017
768000,0.010,0.964,0.026
768500,0.010,0.958,0.032
769000,0.010,0.965,0.025
769500,0.010,0.970,0.020
770000,0.010,0.962,0.028
770500,0.010,0.964,0.026
771000,0.010,0.970,0.020
771500,0.010,0.974,0.016
772000,0.010,0.975,0.015
772500,0.010,0.976,0.014
773000,0.010,0.978,0.012
773500,0.010,0.977,0.013
774000,0.010,0.971,0.019
774500,0.010,0.972,0.018
775000,0.010,0.971,0.019
775500,0.010,0.963,0.027
776000,0.010,0.967,0.023
776500,0.010,0.962,0.028
777000,0.010,0.965,0.025
777500,0.010,0.963,0.027
778000,0.010,0.970,0.020
778500,0.010,0.966,0.024
779000,0.010,0.972,0.018
779500,0.010,0.971,0.019
780000,0.010,0.973,0.017
780500,0.010,0.977,0.013
781000,0.010,0.974,0.016
781500,0.010,0.976,0.014
782000,0.010,0.972,0.018
782500,0.010,0.966,0.024
783000,0.010,0.962,0.028
783500,0.010,0.962,0.028
784000,0.010,0.966,0.024
784500,0.010,0.964,0.026
785000,0.010,0.967,0.023
785500,0.010,0.965,0.025
786000,0.010,0.956,0.034
786500,0.010,0.962,0.028
787000,0.010,0.963,0.027
787500,0.010,0.970,0.020
788000,0.010,0.967,0.023
788500,0.010,0.972,0.018
789000,0.010,0.975,0.015
789500,0.010,0.977,0.013
790000,0.010,0.974,0.016
790500,0.010,0.968,0.022
791000,0.010,0.966,0.024
791500,0.010,0.964,0.026
792000,0.010,0.965,0.025
792500,0.010,0.964,0.026
793000,0.010,0.973,0.017
793500,0.010,0.974,0.016
794000,0.010,0.970,0.020
794500,0.010,0.976,0.014
795000,0.010,0.970,0.020
795500,0.010,0.974,0.016
796000,0.010,0.965,0.025
796500,0.010,0.962,0.028
797000,0.010,0.967,0.023
797500,0.010,0.967,0.023
798000,0.010,0.968,0.022
798500,0.010,0.973,0.017
799000,0.010,0.976,0.014
799500,0.010,0.972,0.018
800000,0.010,0.977,0.013
800500,0.010,0.972,0.018
801000,0.010,0.969,0.021
801500,0.010,0.974,0.016
802000,0.010,0.977,0.013
802500,0.010,0.975,0.015
803000,0.010,0.980,0.010
803500,0.010,0.975,0.015
804000,0.010,0.968,0.022
804500,0.010,0.960,0.030
805000,0.010,0.958,0.032
805500,0.010,0.957,0.033
806000,0.010,0.960,0.030
806500,0.010,0.962,0.028
807000,0.010,0.972,0.018
807500,0.010,0.962,0.028
808000,0.010,0.966,0.024
808500,0.010,0.966,0.024
809000,0.010,0.957,0.033
809500,0.010,0.964,0.026
810000,0.010,0.966,0.024
810500,0.010,0.968,0.022
811000,0.010,0.973,0.017
811500,0.010,0.968,0.022
812000,0.010,0.962,0.028
812500,0.010,0.960,0.030
813000,0.010,0.960,0.030
813500,0.010,0.953,0.037
814000,0.010,0.966,0.024
814500,0.010,0.966,0.024
815000,0.010,0.973,0.017
815500,0.010,0.970,0.020
816000,0.010,0.976,0.014
816500,0.010,0.975,0.015
817000,0.010,0.973,0.017
817500,0.010,0.979,0.011
818000,0.010,0.968,0.022
818500,0.010,0.966,0.024
819000,0.010,0.959,0.031
819500,0.010,0.970,0.020
820000,0.010,0.964,0.026
820500,0.010,0.969,0.021
821000,0.010,0.971,0.019
821500,0.010,0.973,0.017
822000,0.010,0.970,0.020
822500,0.010,0.975,0.015
823000,0.010,0.971,0.019
823500,0.010,0.967,0.023
824000,0.010,0.974,0.016
824500,0.010,0.966,0.024
825000,0.010,0.971,0.019
825500,0.010,0.973,0.017
826000,0.010,0.965,0.025
826500,0.010,0.968,0.022
827000,0.010,0.965,0.025
827500,0.010,0.961,0.029
828000,0.010,0.961,0.029
828500,0.010,0.965,0.025
829000,0.010,0.969,0.021
829500,0.010,0.973,0.017
830000,0.010,0.973,0.017
830500,0.010,0.975,0.015
831000,0.010,0.970,0.020
831500,0.010,0.968,0.022
832000,0.010,0.961,0.029
832500,0.010,0.960,0.030
833000,0.010,0.962,0.028
833500,0.010,0.967,0.023
834000,0.010,0.967,0.023
834500,0.010,0.974,0.016
835000,0.010,0.977,0.013
835500,0.010,0.972,0.018
836000,0.010,0.962,0.028
836500,0.010,0.958,0.032
837000,0.010,0.956,0.034
837500,0.010,0.962,0.028
838000,0.010,0.957,0.033
838500,0.010,0.959,0.031
839000,0.010,0.958,0.032
839500,0.010,0.956,0.034
840000,0.010,0.965,0.025
840500,0.010,0.978,0.012
841000,0.010,0.976,0.014
841500,0.010,0.971,0.019
842000,0.010,0.971,0.019
842500,0.010,0.968,0.022
843000,0.010,0.974,0.016
843500,0.010,0.969,0.021
844000,0.010,0.973,0.017
844500,0.010,0.975,0.015
845000,0.010,0.973,0.017
845500,0.010,0.974,0.016
846000,0.010,0.970,0.020
846500,0.010,0.970,0.020
847000,0.010,0.965,0.025
847500,0.010,0.967,0.023
848000,0.010,0.973,0.017
848500,0.010,0.967,0.023
849000,0.010,0.970,0.020
849500,0.010,0.971,0.019
850000,0.010,0.971,0.019
850500,0.010,0.971,0.019
851000,0.010,0.975,0.015
851500,0.010,0.977,0.013
852000,0.010,0.973,0.017
852500,0.010,0.970,0.020
853000,0.010,0.972,0.018
853500,0.010,0.973,0.017
854000,0.010,0.973,0.017
854500,0.010,0.973,0.017
855000,0.010,0.968,0.022
855500,0.010,0.978,0.012
856000,0.010,0.973,0.017
856500,0.010,0.968,0.022
857000,0.010,0.968,0.022
857500,0.010,0.971,0.019
858000,0.010,0.971,0.019
858500,0.010,0.960,0.030
859000,0.010,0.960,0.030
859500,0.010,0.967,0.023
860000,0.010,0.968,0.022
860500,0.010,0.967,0.023
861000,0.010,0.968,0.022
861500,0.010,0.966,0.024
862000,0.010,0.960,0.030
862500,0.010,0.959,0.031
863000,0.010,0.967,0.023
863500,0.010,0.975,0.015
864000,0.010,0.974,0.016
864500,0.010,0.973,0.017
865000,0.010,0.977,0.013
865500,0.010,0.975,0.015
866000,0.010,0.973,0.017
866500,0.010,0.969,0.021
867000,0.010,0.969,0.021
867500,0.010,0.975,0.015
868000,0.010,0.981,0.009
868500,0.010,0.977,0.013
869000,0.010,0.966,0.024
869500,0.010,0.965,0.025
870000,0.010,0.969,0.021
870500,0.010,0.963,0.027
871000,0.010,0.965,0.025
871500,0.010,0.964,0.026
872000,0.010,0.959,0.031
872500,0.010,0.956,0.034
873000,0.010,0.960,0.030
873500,0.010,0.966,0.024
874000,0.010,0.970,0.020
874500,0.010,0.969,0.021
875000,0.010,0.971,0.019
875500,0.010,0.957,0.033
876000,0.010,0.950,0.040
876500,0.010,0.957,0.033
877000,0.010,0.968,0.022
877500,0.010,0.958,0.032
878000,0.010,0.952,0.038
878500,0.010,0.958,0.032
879000,0.010,0.961,0.029
879500,0.010,0.965,0.025
880000,0.010,0.970,0.020
880500,0.010,0.976,0.014
881000,0.010,0.971,0.019
881500,0.010,0.972,0.018
882000,0.010,0.975,0.015
882500,0.010,0.974,0.016
883000,0.010,0.972,0.018
883500,0.010,0.962,0.028
884000,0.010,0.958,0.032
884500,0.010,0.952,0.038
885000,0.010,0.958,0.032
885500,0.010,0.965,0.025
886000,0.010,0.964,0.026
886500,0.010,0.967,0.023
887000,0.010,0.975,0.015
887500,0.010,0.972,0.018
888000,0.010,0.974,0.016
888500,0.010,0.969,0.021
889000,0.010,0.975,0.015
889500,0.010,0.974,0.016
890000,0.010,0.970,0.020
890500,0.010,0.963,0.027
891000,0.010,0.962,0.028
891500,0.010,0.955,0.035
892000,0.010,0.951,0.039
892500,0.010,0.969,0.021
893000,0.010,0.967,0.023
893500,0.010,0.962,0.028
894000,0.010,0.968,0.022
894500,0.010,0.967,0.023
895000,0.010,0.955,0.035
895500,0.010,0.959,0.031
896000,0.010,0.963,0.027
896500,0.010,0.962,0.028
897000,0.010,0.964,0.026
897500,0.010,0.966,0.024
898000,0.010,0.969,0.021
898500,0.010,0.973,0.017
899000,0.010,0.966,0.024
899500,0.010,0.967,0.023
900000,0.010,0.967,0.023
900500,0.010,0.971,0.019
901000,0.010,0.966,0.024
901500,0.010,0.963,0.027
902000,0.010,0.952,0.038
902500,0.010,0.960,0.030
903000,0.010,0.967,0.023
903500,0.010,0.963,0.027
904000,0.010,0.962,0.028
904500,0.010,0.961,0.029
905000,0.010,0.957,0.033
905500,0.010,0.959,0.031
906000,0.010,0.961,0.029
906500,0.010,0.956,0.034
907000,0.010,0.957,0.033
907500,0.010,0.967,0.023
908000,0.010,0.971,0.019
908500,0.010,0.969,0.021
909000,0.010,0.964,0.026
909500,0.010,0.973,0.017
910000,0.010,0.979,0.011
910500,0.010,0.984,0.006
911000,0.010,0.975,0.015
911500,0.010,0.965,0.025
912000,0.010,0.966,0.024
912500,0.010,0.966,0.024
913000,0.010,0.967,0.023
913500,0.010,0.970,0.020
914000,0.010,0.972,0.018
914500,0.010,0.974,0.016
915000,0.010,0.978,0.012
915500,0.010,0.977,0.013
916000,0.010,0.965,0.025
916500,0.010,0.959,0.031
917000,0.010,0.970,0.020
917500,0.010,0.970,0.020
918000,0.010,0.976,0.014
918500,0.010,0.968,0.022
919000,0.010,0.974,0.016
919500,0.010,0.977,0.013
920000,0.010,0.974,0.016
920500,0.010,0.982,0.008
921000,0.010,0.979,0.011
921500,0.010,0.972,0.018
922000,0.010,0.974,0.016
922500,0.010,0.966,0.024
923000,0.010,0.972,0.018
923500,0.010,0.977,0.013
924000,0.010,0.978,0.012
924500,0.010,0.971,0.019
925000,0.010,0.979,0.011
925500,0.010,0.974,0.016
926000,0.010,0.977,0.013
926500,0.010,0.975,0.015
927000,0.010,0.978,0.012
927500,0.010,0.975,0.015
928000,0.010,0.971,0.019
928500,0.010,0.973,0.017
929000,0.010,0.978,0.012
929500,0.010,0.972,0.018
930000,0.010,0.974,0.016
930500,0.010,0.962,0.028
931000,0.010,0.966,0.024
931500,0.010,0.969,0.021
932000,0.010,0.971,0.019
932500,0.010,0.967,0.023
933000,0.010,0.968,0.022
933500,0.010,0.970,0.020
934000,0.010,0.965,0.025
934500,0.010,0.976,0.014
935000,0.010,0.976,0.014
935500,0.010,0.973,0.017
936000,0.010,0.976,0.014
936500,0.010,0.974,0.016
937000,0.010,0.970,0.020
937500,0.010,0.975,0.015
938000,0.010,0.967,0.023
938500,0.010,0.967,0.023
939000,0.010,0.971,0.019
939500,0.010,0.962,0.028
940000,0.010,0.972,0.018
940500,0.010,0.976,0.014
941000,0.010,0.974,0.016
941500,0.010,0.974,0.016
942000,0.010,0.974,0.016
942500,0.010,0.976,0.014
943000,0.010,0.964,0.026
943500,0.010,0.962,0.028
944000,0.010,0.970,0.020
944500,0.010,0.967,0.023
945000,0.010,0.968,0.022
945500,0.010,0.976,0.014
946000,0.010,0.968,0.022
946500,0.010,0.970,0.020
947000,0.010,0.963,0.027
947500,0.010,0.964,0.026
948000,0.010,0.972,0.018
948500,0.010,0.976,0.014
949000,0.010,0.969,0.021
949500,0.010,0.965,0.025
950000,0.010,0.973,0.017
950500,0.010,0.969,0.021
951000,0.010,0.956,0.034
951500,0.010,0.958,0.032
952000,0.010,0.963,0.027
952500,0.010,0.957,0.033
953000,0.010,0.964,0.026
953500,0.010,0.962,0.028
954000,0.010,0.969,0.021
954500,0.010,0.971,0.019
955000,0.010,0.973,0.017
955500,0.010,0.976,0.014
956000,0.010,0.973,0.017
956500,0.010,0.978,0.012
957000,0.010,0.979,0.011
957500,0.010,0.983,0.007
958000,0.010,0.977,0.013
958500,0.010,0.977,0.013
959000,0.010,0.970,0.020
959500,0.010,0.970,0.020
960000,0.010,0.962,0.028
960500,0.010,0.961,0.029
961000,0.010,0.961,0.029
961500,0.010,0.960,0.030
962000,0.010,0.963,0.027
962500,0.010,0.957,0.033
963000,0.010,0.962,0.028
963500,0.010,0.965,0.025
964000,0.010,0.967,0.023
964500,0.010,0.974,0.016
965000,0.010,0.975,0.015
965500,0.010,0.968,0.022
966000,0.010,0.976,0.014
966500,0.010,0.972,0.018
967000,0.010,0.978,0.012
967500,0.010,0.967,0.023
968000,0.010,0.963,0.027
968500,0.010,0.956,0.034
969000,0.010,0.962,0.028
969500,0.010,0.970,0.020
970000,0.010,0.976,0.014
970500,0.010,0.976,0.014
971000,0.010,0.960,0.030
971500,0.010,0.963,0.027
972000,0.010,0.967,0.023
972500,0.010,0.967,0.023
973000,0.010,0.971,0.019
973500,0.010,0.967,0.023
974000,0.010,0.966,0.024
974500,0.010,0.968,0.022
975000,0.010,0.971,0.019
975500,0.010,0.974,0.016
976000,0.010,0.975,0.015
976500,0.010,0.971,0.019
977000,0.010,0.971,0.019
977500,0.010,0.968,0.022
978000,0.010,0.964,0.026
978500,0.010,0.969,0.021
979000,0.010,0.976,0.014
979500,0.010,0.972,0.018
980000,0.010,0.970,0.020
980500,0.010,0.972,0.018
981000,0.010,0.972,0.018
981500,0.010,0.972,0.018
982000,0.010,0.967,0.023
982500,0.010,0.964,0.026
983000,0.010,0.969,0.021
983500,0.010,0.978,0.012
984000,0.010,0.976,0.014
984500,0.010,0.977,0.013
985000,0.010,0.979,0.011
985500,0.010,0.971,0.019
986000,0.010,0.968,0.022
986500,0.010,0.965,0.025
987000,0.010,0.967,0.023
987500,0.010,0.964,0.026
988000,0.010,0.968,0.022
988500,0.010,0.968,0.022
989000,0.010,0.963,0.027
989500,0.010,0.964,0.026
990000,0.010,0.971,0.019
990500,0.010,0.968,0.022
991000,0.010,0.970,0.020
991500,0.010,0.973,0.017
992000,0.010,0.972,0.018
992500,0.010,0.974,0.016
993000,0.010,0.962,0.028
993500,0.010,0.964,0.026
994000,0.010,0.970,0.020
994500,0.010,0.972,0.018
995000,0.010,0.974,0.016
995500,0.010,0.975,0.015
996000,0.010,0.970,0.020
996500,0.010,0.971,0.019
997000,0.010,0.976,0.014
997500,0.010,0.983,0.007
998000,0.010,0.974,0.016
998500,0.010,0.975,0.015
999000,0.010,0.973,0.017
999500,0.010,0.972,0.018
1000000,0.010,0.974,0.016
