time,n_A+p,n_B,n_AB
500,0.010,0.981,0.009
1000,0.010,0.938,0.052
1500,0.010,0.953,0.037
2000,0.010,0.978,0.012
2500,0.010,0.951,0.039
3000,0.010,0.961,0.029
3500,0.010,0.943,0.047
4000,0.010,0.939,0.051
4500,0.010,0.974,0.016
5000,0.010,0.925,0.065
5500,0.010,0.966,0.024
6000,0.010,0.941,0.049
6500,0.010,0.979,0.011
7000,0.010,0.988,0.002
7500,0.010,0.959,0.031
8000,0.010,0.960,0.030
8500,0.010,0.932,0.058
9000,0.010,0.949,0.041
9500,0.010,0.958,0.032
10000,0.010,0.949,0.041
10500,0.010,0.933,0.056
11000,0.010,0.925,0.065
11500,0.010,0.962,0.028
12000,0.010,0.961,0.029
12500,0.010,0.959,0.031
13000,0.010,0.969,0.021
13500,0.010,0.927,0.063
14000,0.010,0.930,0.060
14500,0.010,0.947,0.043
15000,0.010,0.978,0.012
15500,0.010,0.978,0.012
16000,0.010,0.975,0.015
16500,0.010,0.923,0.067
17000,0.010,0.916,0.074
17500,0.010,0.959,0.031
18000,0.010,0.956,0.034
18500,0.010,0.964,0.026
19000,0.010,0.964,0.026
19500,0.010,0.942,0.048
20000,0.010,0.965,0.025
20500,0.010,0.979,0.011
21000,0.010,0.951,0.039
21500,0.010,0.949,0.041
22000,0.010,0.959,0.031
22500,0.010,0.964,0.026
23000,0.010,0.930,0.060
23500,0.010,0.961,0.029
24000,0.010,0.972,0.018
24500,0.010,0.976,0.014
25000,0.010,0.956,0.034
25500,0.010,0.976,0.014
26000,0.010,0.936,0.053
26500,0.010,0.970,0.020
27000,0.010,0.973,0.017
27500,0.010,0.973,0.017
28000,0.010,0.962,0.028
28500,0.010,0.951,0.039
29000,0.010,0.982,0.008
29500,0.010,0.967,0.023
30000,0.010,0.985,0.005
30500,0.010,0.939,0.051
31000,0.010,0.984,0.006
31500,0.010,0.978,0.012
32000,0.010,0.970,0.020
32500,0.010,0.972,0.018
33000,0.010,0.974,0.016
33500,0.010,0.972,0.018
34000,0.010,0.960,0.030
34500,0.010,0.954,0.036
35000,0.010,0.934,0.056
35500,0.010,0.959,0.031
36000,0.010,0.974,0.016
36500,0.010,0.954,0.036
37000,0.010,0.899,0.091
37500,0.010,0.967,0.023
38000,0.010,0.988,0.002
38500,0.010,0.983,0.007
39000,0.010,0.963,0.027
39500,0.010,0.978,0.012
40000,0.010,0.964,0.026
40500,0.010,0.966,0.024
41000,0.010,0.965,0.025
41500,0.010,0.981,0.009
42000,0.010,0.960,0.030
42500,0.010,0.976,0.014
43000,0.010,0.972,0.018
43500,0.010,0.978,0.012
44000,0.010,0.969,0.021
44500,0.010,0.970,0.020
45000,0.010,0.944,0.046
45500,0.010,0.971,0.019
46000,0.010,0.982,0.008
46500,0.010,0.945,0.045
47000,0.010,0.946,0.044
47500,0.010,0.963,0.027
48000,0.010,0.960,0.030
48500,0.010,0.933,0.057
49000,0.010,0.965,0.025
49500,0.010,0.940,0.050
50000,0.010,0.941,0.049
50500,0.010,0.950,0.040
51000,0.010,0.955,0.035
51500,0.010,0.970,0.020
52000,0.010,0.980,0.010
52500,0.010,0.971,0.019
53000,0.010,0.976,0.014
53500,0.010,0.980,0.010
54000,0.010,0.987,0.003
54500,0.010,0.986,0.004
55000,0.010,0.965,0.025
55500,0.010,0.936,0.054
56000,0.010,0.977,0.013
56500,0.010,0.950,0.040
57000,0.010,0.984,0.006
57500,0.010,0.972,0.018
58000,0.010,0.986,0.004
58500,0.010,0.987,0.003
59000,0.010,0.973,0.017
59500,0.010,0.966,0.024
60000,0.010,0.925,0.065
60500,0.010,0.938,0.052
61000,0.010,0.963,0.027
61500,0.010,0.951,0.039
62000,0.010,0.959,0.031
62500,0.010,0.897,0.093
63000,0.010,0.907,0.083
63500,0.010,0.961,0.029
64000,0.010,0.961,0.029
64500,0.010,0.980,0.010
65000,0.010,0.958,0.032
65500,0.010,0.946,0.044
66000,0.010,0.972,0.018
66500,0.010,0.982,0.008
67000,0.010,0.969,0.021
67500,0.010,0.948,0.042
68000,0.010,0.965,0.025
68500,0.010,0.960,0.030
69000,0.010,0.960,0.030
69500,0.010,0.959,0.031
70000,0.010,0.951,0.039
70500,0.010,0.963,0.027
71000,0.010,0.973,0.017
71500,0.010,0.956,0.034
72000,0.010,0.976,0.014
72500,0.010,0.960,0.030
73000,0.010,0.953,0.037
73500,0.010,0.977,0.013
74000,0.010,0.973,0.017
74500,0.010,0.972,0.018
75000,0.010,0.971,0.019
75500,0.010,0.963,0.027
76000,0.010,0.961,0.029
76500,0.010,0.945,0.045
77000,0.010,0.933,0.056
77500,0.010,0.964,0.026
78000,0.010,0.951,0.039
78500,0.010,0.947,0.043
79000,0.010,0.969,0.021
79500,0.010,0.975,0.015
80000,0.010,0.957,0.033
80500,0.010,0.954,0.036
81000,0.010,0.978,0.012
81500,0.010,0.945,0.045
82000,0.010,0.956,0.034
82500,0.010,0.963,0.027
83000,0.010,0.967,0.023
83500,0.010,0.970,0.020
84000,0.010,0.938,0.052
84500,0.010,0.909,0.081
85000,0.010,0.942,0.048
85500,0.010,0.951,0.039
86000,0.010,0.950,0.040
86500,0.010,0.961,0.029
87000,0.010,0.940,0.050
87500,0.010,0.967,0.023
88000,0.010,0.955,0.035
88500,0.010,0.980,0.010
89000,0.010,0.945,0.045
89500,0.010,0.940,0.050
90000,0.010,0.965,0.025
90500,0.010,0.971,0.019
91000,0.010,0.963,0.027
91500,0.010,0.970,0.020
92000,0.010,0.974,0.016
92500,0.010,0.965,0.025
93000,0.010,0.927,0.062
93500,0.010,0.935,0.054
94000,0.010,0.916,0.074
94500,0.010,0.964,0.026
95000,0.010,0.974,0.016
95500,0.010,0.942,0.048
96000,0.010,0.946,0.044
96500,0.010,0.975,0.015
97000,0.010,0.952,0.038
97500,0.010,0.984,0.006
98000,0.010,0.987,0.003
98500,0.010,0.970,0.020
99000,0.010,0.977,0.013
99500,0.010,0.962,0.028
100000,0.010,0.977,0.013
100500,0.010,0.981,0.009
101000,0.010,0.977,0.013
101500,0.010,0.968,0.022
102000,0.010,0.975,0.015
102500,0.010,0.962,0.028
103000,0.010,0.972,0.018
103500,0.010,0.925,0.065
104000,0.010,0.968,0.022
104500,0.010,0.965,0.025
105000,0.010,0.966,0.024
105500,0.010,0.963,0.027
106000,0.010,0.967,0.023
106500,0.010,0.956,0.034
107000,0.010,0.957,0.033
107500,0.010,0.978,0.012
108000,0.010,0.962,0.028
108500,0.010,0.989,0.001
109000,0.010,0.987,0.003
109500,0.010,0.969,0.021
110000,0.010,0.922,0.068
110500,0.010,0.932,0.057
111000,0.010,0.966,0.024
111500,0.010,0.978,0.012
112000,0.010,0.952,0.038
112500,0.010,0.976,0.014
113000,0.010,0.955,0.035
113500,0.010,0.954,0.036
114000,0.010,0.952,0.038
114500,0.010,0.932,0.057
115000,0.010,0.979,0.011
115500,0.010,0.960,0.030
116000,0.010,0.951,0.039
116500,0.010,0.940,0.050
117000,0.010,0.962,0.028
117500,0.010,0.914,0.076
118000,0.010,0.958,0.032
118500,0.010,0.984,0.006
119000,0.010,0.972,0.018
119500,0.010,0.984,0.006
120000,0.010,0.971,0.019
120500,0.010,0.955,0.035
121000,0.010,0.915,0.075
121500,0.010,0.936,0.053
122000,0.010,0.967,0.023
122500,0.010,0.972,0.018
123000,0.010,0.936,0.053
123500,0.010,0.947,0.043
124000,0.010,0.955,0.035
124500,0.010,0.957,0.033
125000,0.010,0.982,0.008
125500,0.010,0.977,0.013
126000,0.010,0.983,0.007
126500,0.010,0.945,0.045
127000,0.010,0.969,0.021
127500,0.010,0.960,0.030
128000,0.010,0.945,0.045
128500,0.010,0.962,0.028
129000,0.010,0.971,0.019
129500,0.010,0.978,0.012
130000,0.010,0.926,0.064
130500,0.010,0.968,0.022
131000,0.010,0.968,0.022
131500,0.010,0.976,0.014
132000,0.010,0.953,0.037
132500,0.010,0.974,0.016
133000,0.010,0.971,0.019
133500,0.010,0.976,0.014
134000,0.010,0.957,0.033
134500,0.010,0.979,0.011
135000,0.010,0.961,0.029
135500,0.010,0.952,0.038
136000,0.010,0.967,0.023
136500,0.010,0.982,0.008
137000,0.010,0.972,0.018
137500,0.010,0.990,0.000
138000,0.010,0.987,0.003
138500,0.010,0.983,0.007
139000,0.010,0.975,0.015
139500,0.010,0.959,0.031
140000,0.010,0.922,0.068
140500,0.010,0.954,0.036
141000,0.010,0.939,0.051
141500,0.010,0.979,0.011
142000,0.010,0.975,0.015
142500,0.010,0.972,0.018
143000,0.010,0.946,0.044
143500,0.010,0.978,0.012
144000,0.010,0.954,0.036
144500,0.010,0.963,0.027
145000,0.010,0.972,0.018
145500,0.010,0.945,0.045
146000,0.010,0.930,0.059
146500,0.010,0.967,0.023
147000,0.010,0.973,0.017
147500,0.010,0.940,0.050
148000,0.010,0.930,0.059
148500,0.010,0.945,0.045
149000,0.010,0.928,0.062
149500,0.010,0.868,0.122
150000,0.010,0.948,0.042
150500,0.010,0.961,0.029
151000,0.010,0.977,0.013
151500,0.010,0.958,0.032
152000,0.010,0.958,0.032
152500,0.010,0.941,0.049
153000,0.010,0.984,0.006
153500,0.010,0.975,0.015
154000,0.010,0.980,0.010
154500,0.010,0.930,0.059
155000,0.010,0.967,0.023
155500,0.010,0.961,0.029
156000,0.010,0.948,0.042
156500,0.010,0.975,0.015
157000,0.010,0.983,0.007
157500,0.010,0.940,0.050
158000,0.010,0.936,0.054
158500,0.010,0.986,0.004
159000,0.010,0.944,0.046
159500,0.010,0.976,0.014
160000,0.010,0.936,0.053
160500,0.010,0.957,0.033
161000,0.010,0.945,0.045
161500,0.010,0.957,0.033
162000,0.010,0.939,0.051
162500,0.010,0.968,0.022
163000,0.010,0.934,0.055
163500,0.010,0.970,0.020
164000,0.010,0.974,0.016
164500,0.010,0.982,0.008
165000,0.010,0.978,0.012
165500,0.010,0.958,0.032
166000,0.010,0.948,0.042
166500,0.010,0.982,0.008
167000,0.010,0.969,0.021
167500,0.010,0.967,0.023
168000,0.010,0.976,0.014
168500,0.010,0.970,0.020
169000,0.010,0.962,0.028
169500,0.010,0.949,0.041
170000,0.010,0.964,0.026
170500,0.010,0.955,0.035
171000,0.010,0.947,0.043
171500,0.010,0.982,0.008
172000,0.010,0.936,0.054
172500,0.010,0.943,0.047
173000,0.010,0.957,0.033
173500,0.010,0.975,0.015
174000,0.010,0.963,0.027
174500,0.010,0.979,0.011
175000,0.010,0.970,0.020
175500,0.010,0.985,0.005
176000,0.010,0.953,0.037
176500,0.010,0.975,0.015
177000,0.010,0.970,0.020
177500,0.010,0.963,0.027
178000,0.010,0.965,0.025
178500,0.010,0.979,0.011
179000,0.010,0.951,0.039
179500,0.010,0.986,0.004
180000,0.010,0.955,0.035
180500,0.010,0.972,0.018
181000,0.010,0.987,0.003
181500,0.010,0.969,0.021
182000,0.010,0.962,0.028
182500,0.010,0.981,0.009
183000,0.010,0.952,0.038
183500,0.010,0.916,0.074
184000,0.010,0.951,0.039
184500,0.010,0.984,0.006
185000,0.010,0.954,0.036
185500,0.010,0.955,0.035
186000,0.010,0.969,0.021
186500,0.010,0.958,0.032
187000,0.010,0.947,0.043
187500,0.010,0.903,0.087
188000,0.010,0.969,0.021
188500,0.010,0.926,0.064
189000,0.010,0.941,0.049
189500,0.010,0.939,0.051
190000,0.010,0.932,0.058
190500,0.010,0.955,0.035
191000,0.010,0.951,0.039
191500,0.010,0.918,0.072
192000,0.010,0.967,0.023
192500,0.010,0.969,0.021
193000,0.010,0.962,0.028
193500,0.010,0.954,0.036
194000,0.010,0.950,0.040
194500,0.010,0.973,0.017
195000,0.010,0.935,0.055
195500,0.010,0.905,0.085
196000,0.010,0.916,0.074
196500,0.010,0.969,0.021
197000,0.010,0.966,0.024
197500,0.010,0.963,0.027
198000,0.010,0.940,0.050
198500,0.010,0.962,0.028
199000,0.010,0.957,0.033
199500,0.010,0.961,0.029
200000,0.010,0.978,0.012
200500,0.010,0.967,0.023
201000,0.010,0.981,0.009
201500,0.010,0.975,0.015
202000,0.010,0.962,0.028
202500,0.010,0.985,0.005
203000,0.010,0.967,0.023
203500,0.010,0.944,0.046
204000,0.010,0.947,0.043
204500,0.010,0.956,0.034
205000,0.010,0.968,0.022
205500,0.010,0.958,0.032
206000,0.010,0.978,0.012
206500,0.010,0.960,0.030
207000,0.010,0.965,0.025
207500,0.010,0.968,0.022
208000,0.010,0.982,0.008
208500,0.010,0.978,0.012
209000,0.010,0.974,0.016
209500,0.010,0.976,0.014
210000,0.010,0.952,0.038
210500,0.010,0.971,0.019
211000,0.010,0.985,0.005
211500,0.010,0.978,0.012
212000,0.010,0.965,0.025
212500,0.010,0.980,0.010
213000,0.010,0.951,0.039
213500,0.010,0.957,0.033
214000,0.010,0.955,0.035
214500,0.010,0.969,0.021
215000,0.010,0.952,0.038
215500,0.010,0.981,0.009
216000,0.010,0.956,0.034
216500,0.010,0.970,0.020
217000,0.010,0.980,0.010
217500,0.010,0.936,0.053
218000,0.010,0.923,0.067
218500,0.010,0.955,0.035
219000,0.010,0.985,0.005
219500,0.010,0.981,0.009
220000,0.010,0.966,0.024
220500,0.010,0.962,0.028
221000,0.010,0.933,0.056
221500,0.010,0.948,0.042
222000,0.010,0.979,0.011
222500,0.010,0.970,0.020
223000,0.010,0.983,0.007
223500,0.010,0.970,0.020
224000,0.010,0.944,0.046
224500,0.010,0.927,0.062
225000,0.010,0.969,0.021
225500,0.010,0.932,0.057
226000,0.010,0.943,0.047
226500,0.010,0.971,0.019
227000,0.010,0.965,0.025
227500,0.010,0.958,0.032
228000,0.010,0.944,0.046
228500,0.010,0.949,0.041
229000,0.010,0.987,0.003
229500,0.010,0.975,0.015
230000,0.010,0.956,0.034
230500,0.010,0.966,0.024
231000,0.010,0.967,0.023
231500,0.010,0.964,0.026
232000,0.010,0.957,0.033
232500,0.010,0.972,0.018
233000,0.010,0.985,0.005
233500,0.010,0.966,0.024
234000,0.010,0.939,0.051
234500,0.010,0.976,0.014
235000,0.010,0.950,0.040
235500,0.010,0.936,0.053
236000,0.010,0.945,0.045
236500,0.010,0.974,0.016
237000,0.010,0.947,0.043
237500,0.010,0.970,0.020
238000,0.010,0.971,0.019
238500,0.010,0.970,0.020
239000,0.010,0.965,0.025
239500,0.010,0.956,0.034
240000,0.010,0.978,0.012
240500,0.010,0.987,0.003
241000,0.010,0.967,0.023
241500,0.010,0.973,0.017
242000,0.010,0.923,0.067
242500,0.010,0.931,0.059
243000,0.010,0.955,0.035
243500,0.010,0.971,0.019
244000,0.010,0.954,0.036
244500,0.010,0.969,0.021
245000,0.010,0.956,0.034
245500,0.010,0.967,0.023
246000,0.010,0.947,0.043
246500,0.010,0.931,0.059
247000,0.010,0.971,0.019
247500,0.010,0.942,0.048
248000,0.010,0.973,0.017
248500,0.010,0.971,0.019
249000,0.010,0.979,0.011
249500,0.010,0.987,0.003
250000,0.010,0.977,0.013
250500,0.010,0.979,0.011
251000,0.010,0.964,0.026
251500,0.010,0.983,0.007
252000,0.010,0.971,0.019
252500,0.010,0.917,0.073
253000,0.010,0.934,0.055
253500,0.010,0.965,0.025
254000,0.010,0.983,0.007
254500,0.010,0.980,0.010
255000,0.010,0.978,0.012
255500,0.010,0.971,0.019
256000,0.010,0.946,0.044
256500,0.010,0.980,0.010
257000,0.010,0.944,0.046
257500,0.010,0.965,0.025
258000,0.010,0.966,0.024
258500,0.010,0.978,0.012
259000,0.010,0.983,0.007
259500,0.010,0.983,0.007
260000,0.010,0.958,0.032
260500,0.010,0.947,0.043
261000,0.010,0.936,0.054
261500,0.010,0.978,0.012
262000,0.010,0.947,0.043
262500,0.010,0.952,0.038
263000,0.010,0.938,0.052
263500,0.010,0.941,0.049
264000,0.010,0.966,0.024
264500,0.010,0.980,0.010
265000,0.010,0.953,0.037
265500,0.010,0.910,0.080
266000,0.010,0.952,0.038
266500,0.010,0.964,0.026
267000,0.010,0.974,0.016
267500,0.010,0.949,0.041
268000,0.010,0.968,0.022
268500,0.010,0.967,0.023
269000,0.010,0.958,0.032
269500,0.010,0.917,0.073
270000,0.010,0.970,0.020
270500,0.010,0.969,0.021
271000,0.010,0.957,0.033
271500,0.010,0.970,0.020
272000,0.010,0.980,0.010
272500,0.010,0.958,0.032
273000,0.010,0.958,0.032
273500,0.010,0.981,0.009
274000,0.010,0.974,0.016
274500,0.010,0.942,0.048
275000,0.010,0.957,0.033
275500,0.010,0.951,0.039
276000,0.010,0.967,0.023
276500,0.010,0.974,0.016
277000,0.010,0.945,0.045
277500,0.010,0.953,0.037
278000,0.010,0.948,0.042
278500,0.010,0.857,0.133
279000,0.010,0.941,0.049
279500,0.010,0.971,0.019
280000,0.010,0.956,0.034
280500,0.010,0.945,0.045
281000,0.010,0.949,0.041
281500,0.010,0.969,0.021
282000,0.010,0.986,0.004
282500,0.010,0.986,0.004
283000,0.010,0.978,0.012
283500,0.010,0.969,0.021
284000,0.010,0.972,0.018
284500,0.010,0.974,0.016
285000,0.010,0.978,0.012
285500,0.010,0.979,0.011
286000,0.010,0.978,0.012
286500,0.010,0.989,0.001
287000,0.010,0.976,0.014
287500,0.010,0.930,0.059
288000,0.010,0.970,0.020
288500,0.010,0.966,0.024
289000,0.010,0.975,0.015
289500,0.010,0.976,0.014
290000,0.010,0.918,0.072
290500,0.010,0.989,0.001
291000,0.010,0.975,0.015
291500,0.010,0.908,0.082
292000,0.010,0.988,0.002
292500,0.010,0.948,0.042
293000,0.010,0.961,0.029
293500,0.010,0.927,0.062
294000,0.010,0.979,0.011
294500,0.010,0.971,0.019
295000,0.010,0.970,0.020
295500,0.010,0.976,0.014
296000,0.010,0.966,0.024
296500,0.010,0.984,0.006
297000,0.010,0.962,0.028
297500,0.010,0.979,0.011
298000,0.010,0.974,0.016
298500,0.010,0.967,0.023
299000,0.010,0.974,0.016
299500,0.010,0.978,0.012
300000,0.010,0.983,0.007
300500,0.010,0.985,0.005
301000,0.010,0.972,0.018
301500,0.010,0.983,0.007
302000,0.010,0.983,0.007
302500,0.010,0.977,0.013
303000,0.010,0.975,0.015
303500,0.010,0.980,0.010
304000,0.010,0.972,0.018
304500,0.010,0.942,0.048
305000,0.010,0.964,0.026
305500,0.010,0.967,0.023
306000,0.010,0.949,0.041
306500,0.010,0.971,0.019
307000,0.010,0.944,0.046
307500,0.010,0.929,0.060
308000,0.010,0.947,0.043
308500,0.010,0.929,0.060
309000,0.010,0.915,0.075
309500,0.010,0.954,0.036
310000,0.010,0.963,0.027
310500,0.010,0.970,0.020
311000,0.010,0.961,0.029
311500,0.010,0.940,0.050
312000,0.010,0.957,0.033
312500,0.010,0.956,0.034
313000,0.010,0.909,0.081
313500,0.010,0.953,0.037
314000,0.010,0.954,0.036
314500,0.010,0.945,0.045
315000,0.010,0.978,0.012
315500,0.010,0.989,0.001
316000,0.010,0.940,0.050
316500,0.010,0.973,0.017
317000,0.010,0.907,0.083
317500,0.010,0.964,0.026
318000,0.010,0.967,0.023
318500,0.010,0.980,0.010
319000,0.010,0.975,0.015
319500,0.010,0.966,0.024
320000,0.010,0.951,0.039
320500,0.010,0.967,0.023
321000,0.010,0.977,0.013
321500,0.010,0.970,0.020
322000,0.010,0.963,0.027
322500,0.010,0.976,0.014
323000,0.010,0.948,0.042
323500,0.010,0.982,0.008
324000,0.010,0.948,0.042
324500,0.010,0.976,0.014
325000,0.010,0.950,0.040
325500,0.010,0.974,0.016
326000,0.010,0.986,0.004
326500,0.010,0.965,0.025
327000,0.010,0.935,0.054
327500,0.010,0.955,0.035
328000,0.010,0.945,0.045
328500,0.010,0.974,0.016
329000,0.010,0.952,0.038
329500,0.010,0.961,0.029
330000,0.010,0.971,0.019
330500,0.010,0.974,0.016
331000,0.010,0.975,0.015
331500,0.010,0.986,0.004
332000,0.010,0.978,0.012
332500,0.010,0.970,0.020
333000,0.010,0.957,0.033
333500,0.010,0.984,0.006
334000,0.010,0.959,0.031
334500,0.010,0.959,0.031
335000,0.010,0.972,0.018
335500,0.010,0.978,0.012
336000,0.010,0.984,0.006
336500,0.010,0.915,0.075
337000,0.010,0.964,0.026
337500,0.010,0.971,0.019
338000,0.010,0.971,0.019
338500,0.010,0.968,0.022
339000,0.010,0.961,0.029
339500,0.010,0.961,0.029
340000,0.010,0.977,0.013
340500,0.010,0.931,0.058
341000,0.010,0.929,0.061
341500,0.010,0.941,0.049
342000,0.010,0.984,0.006
342500,0.010,0.987,0.003
343000,0.010,0.972,0.018
343500,0.010,0.983,0.007
344000,0.010,0.962,0.028
344500,0.010,0.961,0.029
345000,0.010,0.964,0.026
345500,0.010,0.962,0.028
346000,0.010,0.918,0.072
346500,0.010,0.962,0.028
347000,0.010,0.971,0.019
347500,0.010,0.968,0.022
348000,0.010,0.986,0.004
348500,0.010,0.958,0.032
349000,0.010,0.926,0.064
349500,0.010,0.940,0.050
350000,0.010,0.946,0.044
350500,0.010,0.975,0.015
351000,0.010,0.984,0.006
351500,0.010,0.967,0.023
352000,0.010,0.976,0.014
352500,0.010,0.987,0.003
353000,0.010,0.979,0.011
353500,0.010,0.972,0.018
354000,0.010,0.949,0.041
354500,0.010,0.964,0.026
355000,0.010,0.980,0.010
355500,0.010,0.933,0.057
356000,0.010,0.942,0.048
356500,0.010,0.973,0.017
357000,0.010,0.985,0.005
357500,0.010,0.944,0.046
358000,0.010,0.985,0.005
358500,0.010,0.938,0.052
359000,0.010,0.950,0.040
359500,0.010,0.963,0.027
360000,0.010,0.979,0.011
360500,0.010,0.966,0.024
361000,0.010,0.951,0.039
361500,0.010,0.959,0.031
362000,0.010,0.980,0.010
362500,0.010,0.966,0.024
363000,0.010,0.963,0.027
363500,0.010,0.965,0.025
364000,0.010,0.970,0.020
364500,0.010,0.968,0.022
365000,0.010,0.974,0.016
365500,0.010,0.933,0.056
366000,0.010,0.985,0.005
366500,0.010,0.953,0.037
367000,0.010,0.970,0.020
367500,0.010,0.966,0.024
368000,0.010,0.945,0.045
368500,0.010,0.979,0.011
369000,0.010,0.982,0.008
369500,0.010,0.986,0.004
370000,0.010,0.990,0.000
370500,0.010,0.958,0.032
371000,0.010,0.930,0.060
371500,0.010,0.923,0.067
372000,0.010,0.967,0.023
372500,0.010,0.977,0.013
373000,0.010,0.954,0.036
373500,0.010,0.934,0.056
374000,0.010,0.970,0.020
374500,0.010,0.976,0.014
375000,0.010,0.965,0.025
375500,0.010,0.962,0.028
376000,0.010,0.987,0.003
376500,0.010,0.960,0.030
377000,0.010,0.943,0.047
377500,0.010,0.945,0.045
378000,0.010,0.976,0.014
378500,0.010,0.970,0.020
379000,0.010,0.975,0.015
379500,0.010,0.955,0.035
380000,0.010,0.977,0.013
380500,0.010,0.978,0.012
381000,0.010,0.953,0.037
381500,0.010,0.959,0.031
382000,0.010,0.934,0.056
382500,0.010,0.956,0.034
383000,0.010,0.926,0.064
383500,0.010,0.931,0.058
384000,0.010,0.950,0.040
384500,0.010,0.933,0.057
385000,0.010,0.892,0.098
385500,0.010,0.956,0.034
386000,0.010,0.979,0.011
386500,0.010,0.976,0.014
387000,0.010,0.928,0.062
387500,0.010,0.950,0.040
388000,0.010,0.958,0.032
388500,0.010,0.954,0.036
389000,0.010,0.933,0.056
389500,0.010,0.924,0.066
390000,0.010,0.933,0.056
390500,0.010,0.956,0.034
391000,0.010,0.905,0.085
391500,0.010,0.933,0.056
392000,0.010,0.970,0.020
392500,0.010,0.959,0.031
393000,0.010,0.939,0.051
393500,0.010,0.982,0.008
394000,0.010,0.949,0.041
394500,0.010,0.960,0.030
395000,0.010,0.954,0.036
395500,0.010,0.916,0.074
396000,0.010,0.972,0.018
396500,0.010,0.971,0.019
397000,0.010,0.976,0.014
397500,0.010,0.982,0.008
398000,0.010,0.955,0.035
398500,0.010,0.959,0.031
399000,0.010,0.964,0.026
399500,0.010,0.964,0.026
400000,0.010,0.961,0.029
400500,0.010,0.967,0.023
401000,0.010,0.941,0.049
401500,0.010,0.944,0.046
402000,0.010,0.977,0.013
402500,0.010,0.983,0.007
403000,0.010,0.959,0.031
403500,0.010,0.983,0.007
404000,0.010,0.974,0.016
404500,0.010,0.943,0.047
405000,0.010,0.921,0.069
405500,0.010,0.930,0.060
406000,0.010,0.966,0.024
406500,0.010,0.989,0.001
407000,0.010,0.983,0.007
407500,0.010,0.979,0.011
408000,0.010,0.976,0.014
408500,0.010,0.962,0.028
409000,0.010,0.968,0.022
409500,0.010,0.964,0.026
410000,0.010,0.980,0.010
410500,0.010,0.978,0.012
411000,0.010,0.976,0.014
411500,0.010,0.972,0.018
412000,0.010,0.976,0.014
412500,0.010,0.949,0.041
413000,0.010,0.972,0.018
413500,0.010,0.970,0.020
414000,0.010,0.938,0.052
414500,0.010,0.989,0.001
415000,0.010,0.971,0.019
415500,0.010,0.949,0.041
416000,0.010,0.916,0.074
416500,0.010,0.962,0.028
417000,0.010,0.917,0.073
417500,0.010,0.961,0.029
418000,0.010,0.929,0.060
418500,0.010,0.928,0.062
419000,0.010,0.947,0.043
419500,0.010,0.935,0.055
420000,0.010,0.967,0.023
420500,0.010,0.983,0.007
421000,0.010,0.954,0.036
421500,0.010,0.966,0.024
422000,0.010,0.958,0.032
422500,0.010,0.982,0.008
423000,0.010,0.945,0.045
423500,0.010,0.959,0.031
424000,0.010,0.929,0.061
424500,0.010,0.971,0.019
425000,0.010,0.978,0.012
425500,0.010,0.953,0.037
426000,0.010,0.989,0.001
426500,0.010,0.973,0.017
427000,0.010,0.986,0.004
427500,0.010,0.977,0.013
428000,0.010,0.986,0.004
428500,0.010,0.932,0.057
429000,0.010,0.925,0.065
429500,0.010,0.939,0.051
430000,0.010,0.978,0.012
430500,0.010,0.980,0.010
431000,0.010,0.954,0.036
431500,0.010,0.972,0.018
432000,0.010,0.924,0.066
432500,0.010,0.954,0.036
433000,0.010,0.944,0.046
433500,0.010,0.971,0.019
434000,0.010,0.947,0.043
434500,0.010,0.952,0.038
435000,0.010,0.961,0.029
435500,0.010,0.928,0.061
436000,0.010,0.922,0.068
436500,0.010,0.968,0.022
437000,0.010,0.962,0.028
437500,0.010,0.962,0.028
438000,0.010,0.974,0.016
438500,0.010,0.945,0.045
439000,0.010,0.976,0.014
439500,0.010,0.923,0.067
440000,0.010,0.874,0.116
440500,0.010,0.905,0.085
441000,0.010,0.979,0.011
441500,0.010,0.966,0.024
442000,0.010,0.969,0.021
442500,0.010,0.965,0.025
443000,0.010,0.960,0.030
443500,0.010,0.961,0.029
444000,0.010,0.982,0.008
444500,0.010,0.970,0.020
445000,0.010,0.976,0.014
445500,0.010,0.915,0.075
446000,0.010,0.954,0.036
446500,0.010,0.965,0.025
447000,0.010,0.971,0.019
447500,0.010,0.915,0.075
448000,0.010,0.958,0.032
448500,0.010,0.963,0.027
449000,0.010,0.951,0.039
449500,0.010,0.975,0.015
450000,0.010,0.945,0.045
450500,0.010,0.974,0.016
451000,0.010,0.964,0.026
451500,0.010,0.954,0.036
452000,0.010,0.880,0.110
452500,0.010,0.965,0.025
453000,0.010,0.971,0.019
453500,0.010,0.966,0.024
454000,0.010,0.961,0.029
454500,0.010,0.968,0.022
455000,0.010,0.952,0.038
455500,0.010,0.962,0.028
456000,0.010,0.972,0.018
456500,0.010,0.962,0.028
457000,0.010,0.982,0.008
457500,0.010,0.949,0.041
458000,0.010,0.933,0.056
458500,0.010,0.955,0.035
459000,0.010,0.981,0.009
459500,0.010,0.978,0.012
460000,0.010,0.974,0.016
460500,0.010,0.962,0.028
461000,0.010,0.970,0.020
461500,0.010,0.954,0.036
462000,0.010,0.920,0.070
462500,0.010,0.944,0.046
463000,0.010,0.918,0.072
463500,0.010,0.953,0.037
464000,0.010,0.976,0.014
464500,0.010,0.972,0.018
465000,0.010,0.982,0.008
465500,0.010,0.975,0.015
466000,0.010,0.972,0.018
466500,0.010,0.990,0.000
467000,0.010,0.949,0.041
467500,0.010,0.945,0.045
468000,0.010,0.962,0.028
468500,0.010,0.950,0.040
469000,0.010,0.959,0.031
469500,0.010,0.963,0.027
470000,0.010,0.919,0.071
470500,0.010,0.955,0.035
471000,0.010,0.973,0.017
471500,0.010,0.954,0.036
472000,0.010,0.969,0.021
472500,0.010,0.953,0.037
473000,0.010,0.966,0.024
473500,0.010,0.970,0.020
474000,0.010,0.960,0.030
474500,0.010,0.953,0.037
475000,0.010,0.977,0.013
475500,0.010,0.990,0.000
476000,0.010,0.970,0.020
476500,0.010,0.932,0.057
477000,0.010,0.961,0.029
477500,0.010,0.951,0.039
478000,0.010,0.919,0.071
478500,0.010,0.924,0.066
479000,0.010,0.937,0.053
479500,0.010,0.949,0.041
480000,0.010,0.982,0.008
480500,0.010,0.950,0.040
481000,0.010,0.976,0.014
481500,0.010,0.974,0.016
482000,0.010,0.935,0.055
482500,0.010,0.921,0.069
483000,0.010,0.958,0.032
483500,0.010,0.942,0.048
484000,0.010,0.934,0.056
484500,0.010,0.957,0.033
485000,0.010,0.975,0.015
485500,0.010,0.979,0.011
486000,0.010,0.962,0.028
486500,0.010,0.953,0.037
487000,0.010,0.947,0.043
487500,0.010,0.948,0.042
488000,0.010,0.962,0.028
488500,0.010,0.987,0.003
489000,0.010,0.976,0.014
489500,0.010,0.979,0.011
490000,0.010,0.942,0.048
490500,0.010,0.959,0.031
491000,0.010,0.974,0.016
491500,0.010,0.975,0.015
492000,0.010,0.952,0.038
492500,0.010,0.924,0.066
493000,0.010,0.971,0.019
493500,0.010,0.974,0.016
494000,0.010,0.971,0.019
494500,0.010,0.947,0.043
495000,0.010,0.963,0.027
495500,0.010,0.980,0.010
496000,0.010,0.983,0.007
496500,0.010,0.968,0.022
497000,0.010,0.961,0.029
497500,0.010,0.989,0.001
498000,0.010,0.974,0.016
498500,0.010,0.966,0.024
499000,0.010,0.986,0.004
499500,0.010,0.983,0.007
500000,0.010,0.978,0.012
500500,0.010,0.970,0.020
501000,0.010,0.933,0.056
501500,0.010,0.965,0.025
502000,0.010,0.962,0.028
502500,0.010,0.951,0.039
503000,0.010,0.973,0.017
503500,0.010,0.954,0.036
504000,0.010,0.944,0.046
504500,0.010,0.943,0.047
505000,0.010,0.926,0.064
505500,0.010,0.955,0.035
506000,0.010,0.957,0.033
506500,0.010,0.963,0.027
507000,0.010,0.980,0.010
507500,0.010,0.970,0.020
508000,0.010,0.975,0.015
508500,0.010,0.974,0.016
509000,0.010,0.975,0.015
509500,0.010,0.934,0.055
510000,0.010,0.938,0.052
510500,0.010,0.933,0.057
511000,0.010,0.968,0.022
511500,0.010,0.975,0.015
512000,0.010,0.954,0.036
512500,0.010,0.968,0.022
513000,0.010,0.966,0.024
513500,0.010,0.953,0.037
514000,0.010,0.944,0.046
514500,0.010,0.951,0.039
515000,0.010,0.982,0.008
515500,0.010,0.957,0.033
516000,0.010,0.931,0.058
516500,0.010,0.986,0.004
517000,0.010,0.938,0.052
517500,0.010,0.926,0.064
518000,0.010,0.957,0.033
518500,0.010,0.951,0.039
519000,0.010,0.885,0.105
519500,0.010,0.952,0.038
520000,0.010,0.966,0.024
520500,0.010,0.967,0.023
521000,0.010,0.967,0.023
521500,0.010,0.959,0.031
522000,0.010,0.915,0.075
522500,0.010,0.953,0.037
523000,0.010,0.948,0.042
523500,0.010,0.952,0.038
524000,0.010,0.942,0.048
524500,0.010,0.939,0.051
525000,0.010,0.944,0.046
525500,0.010,0.963,0.027
526000,0.010,0.961,0.029
526500,0.010,0.983,0.007
527000,0.010,0.940,0.050
527500,0.010,0.946,0.044
528000,0.010,0.950,0.040
528500,0.010,0.957,0.033
529000,0.010,0.940,0.050
529500,0.010,0.967,0.023
530000,0.010,0.985,0.005
530500,0.010,0.973,0.017
531000,0.010,0.973,0.017
531500,0.010,0.967,0.023
532000,0.010,0.930,0.059
532500,0.010,0.965,0.025
533000,0.010,0.965,0.025
533500,0.010,0.976,0.014
534000,0.010,0.967,0.023
534500,0.010,0.884,0.106
535000,0.010,0.962,0.028
535500,0.010,0.951,0.039
536000,0.010,0.922,0.068
536500,0.010,0.957,0.033
537000,0.010,0.947,0.043
537500,0.010,0.955,0.035
538000,0.010,0.952,0.038
538500,0.010,0.963,0.027
539000,0.010,0.972,0.018
539500,0.010,0.974,0.016
540000,0.010,0.978,0.012
540500,0.010,0.940,0.050
541000,0.010,0.865,0.125
541500,0.010,0.945,0.045
542000,0.010,0.948,0.042
542500,0.010,0.962,0.028
543000,0.010,0.959,0.031
543500,0.010,0.971,0.019
544000,0.010,0.984,0.006
544500,0.010,0.957,0.033
545000,0.010,0.961,0.029
545500,0.010,0.971,0.019
546000,0.010,0.981,0.009
546500,0.010,0.952,0.038
547000,0.010,0.960,0.030
547500,0.010,0.953,0.037
548000,0.010,0.931,0.058
548500,0.010,0.979,0.011
549000,0.010,0.975,0.015
549500,0.010,0.986,0.004
550000,0.010,0.977,0.013
550500,0.010,0.952,0.038
551000,0.010,0.977,0.013
551500,0.010,0.954,0.036
552000,0.010,0.953,0.037
552500,0.010,0.980,0.010
553000,0.010,0.976,0.014
553500,0.010,0.940,0.050
554000,0.010,0.979,0.011
554500,0.010,0.965,0.025
555000,0.010,0.956,0.034
555500,0.010,0.969,0.021
556000,0.010,0.971,0.019
556500,0.010,0.967,0.023
557000,0.010,0.938,0.052
557500,0.010,0.904,0.086
558000,0.010,0.948,0.042
558500,0.010,0.980,0.010
559000,0.010,0.979,0.011
559500,0.010,0.964,0.026
560000,0.010,0.970,0.020
560500,0.010,0.956,0.034
561000,0.010,0.935,0.054
561500,0.010,0.948,0.042
562000,0.010,0.970,0.020
562500,0.010,0.969,0.021
563000,0.010,0.954,0.036
563500,0.010,0.973,0.017
564000,0.010,0.970,0.020
564500,0.010,0.982,0.008
565000,0.010,0.966,0.024
565500,0.010,0.969,0.021
566000,0.010,0.957,0.033
566500,0.010,0.961,0.029
567000,0.010,0.963,0.027
567500,0.010,0.967,0.023
568000,0.010,0.949,0.041
568500,0.010,0.946,0.044
569000,0.010,0.987,0.003
569500,0.010,0.973,0.017
570000,0.010,0.960,0.030
570500,0.010,0.970,0.020
571000,0.010,0.974,0.016
571500,0.010,0.973,0.017
572000,0.010,0.958,0.032
572500,0.010,0.975,0.015
573000,0.010,0.982,0.008
573500,0.010,0.912,0.078
574000,0.010,0.936,0.053
574500,0.010,0.966,0.024
575000,0.010,0.983,0.007
575500,0.010,0.948,0.042
576000,0.010,0.946,0.044
576500,0.010,0.979,0.011
577000,0.010,0.980,0.010
577500,0.010,0.962,0.028
578000,0.010,0.972,0.018
578500,0.010,0.986,0.004
579000,0.010,0.970,0.020
579500,0.010,0.967,0.023
580000,0.010,0.979,0.011
580500,0.010,0.987,0.003
581000,0.010,0.988,0.002
581500,0.010,0.953,0.037
582000,0.010,0.969,0.021
582500,0.010,0.946,0.044
583000,0.010,0.955,0.035
583500,0.010,0.974,0.016
584000,0.010,0.954,0.036
584500,0.010,0.961,0.029
585000,0.010,0.987,0.003
585500,0.010,0.978,0.012
586000,0.010,0.966,0.024
586500,0.010,0.974,0.016
587000,0.010,0.974,0.016
587500,0.010,0.976,0.014
588000,0.010,0.945,0.045
588500,0.010,0.965,0.025
589000,0.010,0.940,0.050
589500,0.010,0.988,0.002
590000,0.010,0.969,0.021
590500,0.010,0.962,0.028
591000,0.010,0.975,0.015
591500,0.010,0.972,0.018
592000,0.010,0.950,0.040
592500,0.010,0.937,0.053
593000,0.010,0.961,0.029
593500,0.010,0.982,0.008
594000,0.010,0.937,0.053
594500,0.010,0.929,0.060
595000,0.010,0.931,0.058
595500,0.010,0.955,0.035
596000,0.010,0.947,0.043
596500,0.010,0.918,0.072
597000,0.010,0.978,0.012
597500,0.010,0.986,0.004
598000,0.010,0.974,0.016
598500,0.010,0.983,0.007
599000,0.010,0.963,0.027
599500,0.010,0.966,0.024
600000,0.010,0.981,0.009
600500,0.010,0.978,0.012
601000,0.010,0.977,0.013
601500,0.010,0.954,0.036
602000,0.010,0.952,0.038
602500,0.010,0.953,0.037
603000,0.010,0.976,0.014
603500,0.010,0.962,0.028
604000,0.010,0.961,0.029
604500,0.010,0.970,0.020
605000,0.010,0.980,0.010
605500,0.010,0.984,0.006
606000,0.010,0.975,0.015
606500,0.010,0.923,0.067
607000,0.010,0.950,0.040
607500,0.010,0.941,0.049
608000,0.010,0.964,0.026
608500,0.010,0.954,0.036
609000,0.010,0.933,0.057
609500,0.010,0.978,0.012
610000,0.010,0.952,0.038
610500,0.010,0.960,0.030
611000,0.010,0.976,0.014
611500,0.010,0.961,0.029
612000,0.010,0.963,0.027
612500,0.010,0.963,0.027
613000,0.010,0.967,0.023
613500,0.010,0.980,0.010
614000,0.010,0.960,0.030
614500,0.010,0.957,0.033
615000,0.010,0.946,0.044
615500,0.010,0.956,0.034
616000,0.010,0.956,0.034
616500,0.010,0.907,0.083
617000,0.010,0.951,0.039
617500,0.010,0.893,0.097
618000,0.010,0.957,0.033
618500,0.010,0.969,0.021
619000,0.010,0.987,0.003
619500,0.010,0.972,0.018
620000,0.010,0.956,0.034
620500,0.010,0.965,0.025
621000,0.010,0.972,0.018
621500,0.010,0.974,0.016
622000,0.010,0.985,0.005
622500,0.010,0.959,0.031
623000,0.010,0.977,0.013
623500,0.010,0.963,0.027
624000,0.010,0.973,0.017
624500,0.010,0.929,0.060
625000,0.010,0.919,0.071
625500,0.010,0.956,0.034
626000,0.010,0.953,0.037
626500,0.010,0.955,0.035
627000,0.010,0.971,0.019
627500,0.010,0.968,0.022
628000,0.010,0.960,0.030
628500,0.010,0.964,0.026
629000,0.010,0.979,0.011
629500,0.010,0.970,0.020
630000,0.010,0.938,0.052
630500,0.010,0.969,0.021
631000,0.010,0.947,0.043
631500,0.010,0.959,0.031
632000,0.010,0.962,0.028
632500,0.010,0.988,0.002
633000,0.010,0.963,0.027
633500,0.010,0.985,0.005
634000,0.010,0.954,0.036
634500,0.010,0.954,0.036
635000,0.010,0.980,0.010
635500,0.010,0.942,0.048
636000,0.010,0.974,0.016
636500,0.010,0.985,0.005
637000,0.010,0.960,0.030
637500,0.010,0.973,0.017
638000,0.010,0.959,0.031
638500,0.010,0.970,0.020
639000,0.010,0.975,0.015
639500,0.010,0.936,0.054
640000,0.010,0.946,0.044
640500,0.010,0.968,0.022
641000,0.010,0.985,0.005
641500,0.010,0.978,0.012
642000,0.010,0.955,0.035
642500,0.010,0.982,0.008
643000,0.010,0.976,0.014
643500,0.010,0.958,0.032
644000,0.010,0.951,0.039
644500,0.010,0.919,0.071
645000,0.010,0.968,0.022
645500,0.010,0.955,0.035
646000,0.010,0.923,0.067
646500,0.010,0.960,0.030
647000,0.010,0.970,0.020
647500,0.010,0.961,0.029
648000,0.010,0.968,0.022
648500,0.010,0.980,0.010
649000,0.010,0.957,0.033
649500,0.010,0.956,0.034
650000,0.010,0.953,0.037
650500,0.010,0.958,0.032
651000,0.010,0.963,0.027
651500,0.010,0.897,0.093
652000,0.010,0.909,0.081
652500,0.010,0.980,0.010
653000,0.010,0.947,0.043
653500,0.010,0.965,0.025
654000,0.010,0.963,0.027
654500,0.010,0.952,0.038
655000,0.010,0.984,0.006
655500,0.010,0.965,0.025
656000,0.010,0.948,0.042
656500,0.010,0.973,0.017
657000,0.010,0.977,0.013
657500,0.010,0.924,0.066
658000,0.010,0.952,0.038
658500,0.010,0.972,0.018
659000,0.010,0.969,0.021
659500,0.010,0.982,0.008
660000,0.010,0.970,0.020
660500,0.010,0.968,0.022
661000,0.010,0.965,0.025
661500,0.010,0.961,0.029
662000,0.010,0.943,0.047
662500,0.010,0.938,0.052
663000,0.010,0.972,0.018
663500,0.010,0.911,0.079
664000,0.010,0.949,0.041
664500,0.010,0.935,0.054
665000,0.010,0.943,0.047
665500,0.010,0.962,0.028
666000,0.010,0.963,0.027
666500,0.010,0.980,0.010
667000,0.010,0.970,0.020
667500,0.010,0.934,0.055
668000,0.010,0.931,0.058
668500,0.010,0.958,0.032
669000,0.010,0.968,0.022
669500,0.010,0.978,0.012
670000,0.010,0.971,0.019
670500,0.010,0.977,0.013
671000,0.010,0.969,0.021
671500,0.010,0.979,0.011
672000,0.010,0.970,0.020
672500,0.010,0.984,0.006
673000,0.010,0.964,0.026
673500,0.010,0.949,0.041
674000,0.010,0.929,0.060
674500,0.010,0.969,0.021
675000,0.010,0.980,0.010
675500,0.010,0.939,0.051
676000,0.010,0.928,0.062
676500,0.010,0.956,0.034
677000,0.010,0.980,0.010
677500,0.010,0.949,0.041
678000,0.010,0.966,0.024
678500,0.010,0.965,0.025
679000,0.010,0.976,0.014
679500,0.010,0.987,0.003
680000,0.010,0.958,0.032
680500,0.010,0.975,0.015
681000,0.010,0.958,0.032
681500,0.010,0.936,0.054
682000,0.010,0.937,0.053
682500,0.010,0.957,0.033
683000,0.010,0.918,0.072
683500,0.010,0.966,0.024
684000,0.010,0.964,0.026
684500,0.010,0.982,0.008
685000,0.010,0.969,0.021
685500,0.010,0.936,0.053
686000,0.010,0.935,0.055
686500,0.010,0.954,0.036
687000,0.010,0.964,0.026
687500,0.010,0.966,0.024
688000,0.010,0.956,0.034
688500,0.010,0.968,0.022
689000,0.010,0.949,0.041
689500,0.010,0.957,0.033
690000,0.010,0.976,0.014
690500,0.010,0.989,0.001
691000,0.010,0.973,0.017
691500,0.010,0.945,0.045
692000,0.010,0.942,0.048
692500,0.010,0.976,0.014
693000,0.010,0.939,0.051
693500,0.010,0.976,0.014
694000,0.010,0.973,0.017
694500,0.010,0.947,0.043
695000,0.010,0.986,0.004
695500,0.010,0.971,0.019
696000,0.010,0.979,0.011
696500,0.010,0.946,0.044
697000,0.010,0.985,0.005
697500,0.010,0.956,0.034
698000,0.010,0.961,0.029
698500,0.010,0.990,0.000
699000,0.010,0.977,0.013
699500,0.010,0.960,0.030
700000,0.010,0.981,0.009
700500,0.010,0.988,0.002
701000,0.010,0.971,0.019
701500,0.010,0.970,0.020
702000,0.010,0.971,0.019
702500,0.010,0.972,0.018
703000,0.010,0.957,0.033
703500,0.010,0.914,0.076
704000,0.010,0.958,0.032
704500,0.010,0.953,0.037
705000,0.010,0.963,0.027
705500,0.010,0.945,0.045
706000,0.010,0.949,0.041
706500,0.010,0.954,0.036
707000,0.010,0.969,0.021
707500,0.010,0.929,0.061
708000,0.010,0.961,0.029
708500,0.010,0.947,0.043
709000,0.010,0.963,0.027
709500,0.010,0.955,0.035
710000,0.010,0.958,0.032
710500,0.010,0.976,0.014
711000,0.010,0.968,0.022
711500,0.010,0.966,0.024
712000,0.010,0.986,0.004
712500,0.010,0.982,0.008
713000,0.010,0.962,0.028
713500,0.010,0.970,0.020
714000,0.010,0.961,0.029
714500,0.010,0.986,0.004
715000,0.010,0.948,0.042
715500,0.010,0.949,0.041
716000,0.010,0.973,0.017
716500,0.010,0.964,0.026
717000,0.010,0.943,0.047
717500,0.010,0.962,0.028
718000,0.010,0.957,0.033
718500,0.010,0.971,0.019
719000,0.010,0.973,0.017
719500,0.010,0.972,0.018
720000,0.010,0.932,0.058
720500,0.010,0.963,0.027
721000,0.010,0.974,0.016
721500,0.010,0.933,0.057
722000,0.010,0.950,0.040
722500,0.010,0.964,0.026
723000,0.010,0.956,0.034
723500,0.010,0.952,0.038
724000,0.010,0.940,0.050
724500,0.010,0.973,0.017
725000,0.010,0.970,0.020
725500,0.010,0.969,0.021
726000,0.010,0.965,0.025
726500,0.010,0.970,0.020
727000,0.010,0.956,0.034
727500,0.010,0.954,0.036
728000,0.010,0.954,0.036
728500,0.010,0.963,0.027
729000,0.010,0.980,0.010
729500,0.010,0.963,0.027
730000,0.010,0.973,0.017
730500,0.010,0.970,0.020
731000,0.010,0.984,0.006
731500,0.010,0.972,0.018
732000,0.010,0.977,0.013
732500,0.010,0.940,0.050
733000,0.010,0.973,0.017
733500,0.010,0.939,0.051
734000,0.010,0.973,0.017
734500,0.010,0.961,0.029
735000,0.010,0.982,0.008
735500,0.010,0.943,0.047
736000,0.010,0.955,0.035
736500,0.010,0.972,0.018
737000,0.010,0.935,0.054
737500,0.010,0.947,0.043
738000,0.010,0.982,0.008
738500,0.010,0.963,0.027
739000,0.010,0.941,0.049
739500,0.010,0.969,0.021
740000,0.010,0.933,0.057
740500,0.010,0.973,0.017
741000,0.010,0.950,0.040
741500,0.010,0.976,0.014
742000,0.010,0.975,0.015
742500,0.010,0.977,0.013
743000,0.010,0.975,0.015
743500,0.010,0.980,0.010
744000,0.010,0.972,0.018
744500,0.010,0.918,0.072
745000,0.010,0.936,0.054
745500,0.010,0.971,0.019
746000,0.010,0.959,0.031
746500,0.010,0.919,0.071
747000,0.010,0.971,0.019
747500,0.010,0.975,0.015
748000,0.010,0.956,0.034
748500,0.010,0.952,0.038
749000,0.010,0.934,0.055
749500,0.010,0.963,0.027
750000,0.010,0.921,0.069
750500,0.010,0.975,0.015
751000,0.010,0.952,0.038
751500,0.010,0.977,0.013
752000,0.010,0.939,0.051
752500,0.010,0.925,0.065
753000,0.010,0.975,0.015
753500,0.010,0.957,0.033
754000,0.010,0.909,0.081
754500,0.010,0.948,0.042
755000,0.010,0.987,0.003
755500,0.010,0.954,0.036
756000,0.010,0.923,0.067
756500,0.010,0.969,0.021
757000,0.010,0.961,0.029
757500,0.010,0.971,0.019
758000,0.010,0.942,0.048
758500,0.010,0.951,0.039
759000,0.010,0.903,0.087
759500,0.010,0.934,0.055
760000,0.010,0.973,0.017
760500,0.010,0.959,0.031
761000,0.010,0.977,0.013
761500,0.010,0.954,0.036
762000,0.010,0.958,0.032
762500,0.010,0.952,0.038
763000,0.010,0.959,0.031
763500,0.010,0.954,0.036
764000,0.010,0.965,0.025
764500,0.010,0.981,0.009
765000,0.010,0.990,0.000
765500,0.010,0.990,0.000
766000,0.010,0.959,0.031
766500,0.010,0.930,0.059
767000,0.010,0.936,0.053
767500,0.010,0.969,0.021
768000,0.010,0.960,0.030
768500,0.010,0.966,0.024
769000,0.010,0.915,0.075
769500,0.010,0.978,0.012
770000,0.010,0.975,0.015
770500,0.010,0.945,0.045
771000,0.010,0.962,0.028
771500,0.010,0.944,0.046
772000,0.010,0.938,0.052
772500,0.010,0.968,0.022
773000,0.010,0.955,0.035
773500,0.010,0.963,0.027
774000,0.010,0.964,0.026
774500,0.010,0.950,0.040
775000,0.010,0.980,0.010
775500,0.010,0.973,0.017
776000,0.010,0.936,0.053
776500,0.010,0.959,0.031
777000,0.010,0.952,0.038
777500,0.010,0.983,0.007
778000,0.010,0.979,0.011
778500,0.010,0.983,0.007
779000,0.010,0.923,0.067
779500,0.010,0.961,0.029
780000,0.010,0.965,0.025
780500,0.010,0.968,0.022
781000,0.010,0.961,0.029
781500,0.010,0.957,0.033
782000,0.010,0.981,0.009
782500,0.010,0.959,0.031
783000,0.010,0.925,0.065
783500,0.010,0.964,0.026
784000,0.010,0.967,0.023
784500,0.010,0.967,0.023
785000,0.010,0.975,0.015
785500,0.010,0.975,0.015
786000,0.010,0.976,0.014
786500,0.010,0.976,0.014
787000,0.010,0.942,0.048
787500,0.010,0.969,0.021
788000,0.010,0.963,0.027
788500,0.010,0.977,0.013
789000,0.010,0.970,0.020
789500,0.010,0.969,0.021
790000,0.010,0.973,0.017
790500,0.010,0.967,0.023
791000,0.010,0.946,0.044
791500,0.010,0.982,0.008
792000,0.010,0.987,0.003
792500,0.010,0.983,0.007
793000,0.010,0.975,0.015
793500,0.010,0.939,0.051
794000,0.010,0.962,0.028
794500,0.010,0.984,0.006
795000,0.010,0.946,0.044
795500,0.010,0.946,0.044
796000,0.010,0.975,0.015
796500,0.010,0.953,0.037
797000,0.010,0.938,0.052
797500,0.010,0.972,0.018
798000,0.010,0.944,0.046
798500,0.010,0.963,0.027
799000,0.010,0.955,0.035
799500,0.010,0.988,0.002
800000,0.010,0.980,0.010
800500,0.010,0.958,0.032
801000,0.010,0.947,0.043
801500,0.010,0.971,0.019
802000,0.010,0.935,0.055
802500,0.010,0.964,0.026
803000,0.010,0.918,0.072
803500,0.010,0.959,0.031
804000,0.010,0.935,0.054
804500,0.010,0.969,0.021
805000,0.010,0.943,0.047
805500,0.010,0.956,0.034
806000,0.010,0.980,0.010
806500,0.010,0.979,0.011
807000,0.010,0.965,0.025
807500,0.010,0.970,0.020
808000,0.010,0.979,0.011
808500,0.010,0.978,0.012
809000,0.010,0.986,0.004
809500,0.010,0.977,0.013
810000,0.010,0.940,0.050
810500,0.010,0.963,0.027
811000,0.010,0.953,0.037
811500,0.010,0.948,0.042
812000,0.010,0.947,0.043
812500,0.010,0.983,0.007
813000,0.010,0.963,0.027
813500,0.010,0.940,0.050
814000,0.010,0.926,0.064
814500,0.010,0.954,0.036
815000,0.010,0.982,0.008
815500,0.010,0.979,0.011
816000,0.010,0.966,0.024
816500,0.010,0.943,0.047
817000,0.010,0.973,0.017
817500,0.010,0.981,0.009
818000,0.010,0.961,0.029
818500,0.010,0.961,0.029
819000,0.010,0.970,0.020
819500,0.010,0.973,0.017
820000,0.010,0.975,0.015
820500,0.010,0.959,0.031
821000,0.010,0.964,0.026
821500,0.010,0.960,0.030
822000,0.010,0.972,0.018
822500,0.010,0.969,0.021
823000,0.010,0.951,0.039
823500,0.010,0.974,0.016
824000,0.010,0.968,0.022
824500,0.010,0.935,0.054
825000,0.010,0.921,0.069
825500,0.010,0.949,0.041
826000,0.010,0.983,0.007
826500,0.010,0.957,0.033
827000,0.010,0.950,0.040
827500,0.010,0.981,0.009
828000,0.010,0.914,0.076
828500,0.010,0.963,0.027
829000,0.010,0.978,0.012
829500,0.010,0.975,0.015
830000,0.010,0.954,0.036
830500,0.010,0.957,0.033
831000,0.010,0.939,0.051
831500,0.010,0.968,0.022
832000,0.010,0.933,0.056
832500,0.010,0.945,0.045
833000,0.010,0.969,0.021
833500,0.010,0.978,0.012
834000,0.010,0.938,0.052
834500,0.010,0.954,0.036
835000,0.010,0.980,0.010
835500,0.010,0.988,0.002
836000,0.010,0.923,0.067
836500,0.010,0.952,0.038
837000,0.010,0.981,0.009
837500,0.010,0.952,0.038
838000,0.010,0.963,0.027
838500,0.010,0.951,0.039
839000,0.010,0.946,0.044
839500,0.010,0.977,0.013
840000,0.010,0.951,0.039
840500,0.010,0.941,0.049
841000,0.010,0.965,0.025
841500,0.010,0.944,0.046
842000,0.010,0.920,0.070
842500,0.010,0.986,0.004
843000,0.010,0.980,0.010
843500,0.010,0.979,0.011
844000,0.010,0.975,0.015
844500,0.010,0.982,0.008
845000,0.010,0.982,0.008
845500,0.010,0.943,0.047
846000,0.010,0.976,0.014
846500,0.010,0.952,0.038
847000,0.010,0.967,0.023
847500,0.010,0.959,0.031
848000,0.010,0.943,0.047
848500,0.010,0.966,0.024
849000,0.010,0.989,0.001
849500,0.010,0.976,0.014
850000,0.010,0.958,0.032
850500,0.010,0.951,0.039
851000,0.010,0.951,0.039
851500,0.010,0.970,0.020
852000,0.010,0.981,0.009
852500,0.010,0.955,0.035
853000,0.010,0.966,0.024
853500,0.010,0.938,0.052
854000,0.010,0.959,0.031
854500,0.010,0.947,0.043
855000,0.010,0.976,0.014
855500,0.010,0.955,0.035
856000,0.010,0.937,0.053
856500,0.010,0.952,0.038
857000,0.010,0.950,0.040
857500,0.010,0.974,0.016
858000,0.010,0.974,0.016
858500,0.010,0.929,0.061
859000,0.010,0.953,0.037
859500,0.010,0.963,0.027
860000,0.010,0.973,0.017
860500,0.010,0.965,0.025
861000,0.010,0.936,0.053
861500,0.010,0.946,0.044
862000,0.010,0.976,0.014
862500,0.010,0.933,0.057
863000,0.010,0.924,0.066
863500,0.010,0.937,0.053
864000,0.010,0.942,0.048
864500,0.010,0.903,0.087
865000,0.010,0.983,0.007
865500,0.010,0.954,0.036
866000,0.010,0.985,0.005
866500,0.010,0.962,0.028
867000,0.010,0.989,0.001
867500,0.010,0.972,0.018
868000,0.010,0.941,0.049
868500,0.010,0.964,0.026
869000,0.010,0.980,0.010
869500,0.010,0.966,0.024
870000,0.010,0.962,0.028
870500,0.010,0.969,0.021
871000,0.010,0.974,0.016
871500,0.010,0.976,0.014
872000,0.010,0.943,0.047
872500,0.010,0.973,0.017
873000,0.010,0.988,0.002
873500,0.010,0.979,0.011
874000,0.010,0.982,0.008
874500,0.010,0.970,0.020
875000,0.010,0.928,0.062
875500,0.010,0.957,0.033
876000,0.010,0.945,0.045
876500,0.010,0.942,0.048
877000,0.010,0.940,0.050
877500,0.010,0.962,0.028
878000,0.010,0.975,0.015
878500,0.010,0.948,0.042
879000,0.010,0.970,0.020
879500,0.010,0.982,0.008
880000,0.010,0.968,0.022
880500,0.010,0.963,0.027
881000,0.010,0.976,0.014
881500,0.010,0.966,0.024
882000,0.010,0.985,0.005
882500,0.010,0.973,0.017
883000,0.010,0.970,0.020
883500,0.010,0.957,0.033
884000,0.010,0.962,0.028
884500,0.010,0.963,0.027
885000,0.010,0.957,0.033
885500,0.010,0.964,0.026
886000,0.010,0.988,0.002
886500,0.010,0.972,0.018
887000,0.010,0.982,0.008
887500,0.010,0.979,0.011
888000,0.010,0.986,0.004
888500,0.010,0.927,0.062
889000,0.010,0.952,0.038
889500,0.010,0.960,0.030
890000,0.010,0.970,0.020
890500,0.010,0.963,0.027
891000,0.010,0.979,0.011
891500,0.010,0.956,0.034
892000,0.010,0.944,0.046
892500,0.010,0.963,0.027
893000,0.010,0.953,0.037
893500,0.010,0.972,0.018
894000,0.010,0.971,0.019
894500,0.010,0.985,0.005
895000,0.010,0.940,0.050
895500,0.010,0.964,0.026
896000,0.010,0.933,0.057
896500,0.010,0.951,0.039
897000,0.010,0.975,0.015
897500,0.010,0.951,0.039
898000,0.010,0.969,0.021
898500,0.010,0.942,0.048
899000,0.010,0.944,0.046
899500,0.010,0.962,0.028
900000,0.010,0.961,0.029
900500,0.010,0.969,0.021
901000,0.010,0.980,0.010
901500,0.010,0.953,0.037
902000,0.010,0.967,0.023
902500,0.010,0.952,0.038
903000,0.010,0.954,0.036
903500,0.010,0.974,0.016
904000,0.010,0.959,0.031
904500,0.010,0.968,0.022
905000,0.010,0.972,0.018
905500,0.010,0.968,0.022
906000,0.010,0.956,0.034
906500,0.010,0.963,0.027
907000,0.010,0.971,0.019
907500,0.010,0.990,0.000
908000,0.010,0.990,0.000
908500,0.010,0.942,0.048
909000,0.010,0.898,0.092
909500,0.010,0.933,0.056
910000,0.010,0.966,0.024
910500,0.010,0.981,0.009
911000,0.010,0.986,0.004
911500,0.010,0.979,0.011
912000,0.010,0.965,0.025
912500,0.010,0.966,0.024
913000,0.010,0.972,0.018
913500,0.010,0.965,0.025
914000,0.010,0.969,0.021
914500,0.010,0.971,0.019
915000,0.010,0.969,0.021
915500,0.010,0.952,0.038
916000,0.010,0.975,0.015
916500,0.010,0.970,0.020
917000,0.010,0.957,0.033
917500,0.010,0.954,0.036
918000,0.010,0.955,0.035
918500,0.010,0.953,0.037
919000,0.010,0.981,0.009
919500,0.010,0.939,0.051
920000,0.010,0.958,0.032
920500,0.010,0.980,0.010
921000,0.010,0.983,0.007
921500,0.010,0.972,0.018
922000,0.010,0.961,0.029
922500,0.010,0.970,0.020
923000,0.010,0.958,0.032
923500,0.010,0.959,0.031
924000,0.010,0.971,0.019
924500,0.010,0.980,0.010
925000,0.010,0.945,0.045
925500,0.010,0.932,0.058
926000,0.010,0.921,0.069
926500,0.010,0.954,0.036
927000,0.010,0.915,0.075
927500,0.010,0.954,0.036
928000,0.010,0.975,0.015
928500,0.010,0.978,0.012
929000,0.010,0.965,0.025
929500,0.010,0.949,0.041
930000,0.010,0.972,0.018
930500,0.010,0.980,0.010
931000,0.010,0.951,0.039
931500,0.010,0.911,0.079
932000,0.010,0.976,0.014
932500,0.010,0.934,0.056
933000,0.010,0.943,0.047
933500,0.010,0.950,0.040
934000,0.010,0.945,0.045
934500,0.010,0.975,0.015
935000,0.010,0.963,0.027
935500,0.010,0.971,0.019
936000,0.010,0.978,0.012
936500,0.010,0.973,0.017
937000,0.010,0.952,0.038
937500,0.010,0.978,0.012
938000,0.010,0.976,0.014
938500,0.010,0.953,0.037
939000,0.010,0.969,0.021
939500,0.010,0.974,0.016
940000,0.010,0.978,0.012
940500,0.010,0.965,0.025
941000,0.010,0.947,0.043
941500,0.010,0.969,0.021
942000,0.010,0.967,0.023
942500,0.010,0.960,0.030
943000,0.010,0.967,0.023
943500,0.010,0.957,0.033
944000,0.010,0.973,0.017
944500,0.010,0.968,0.022
945000,0.010,0.958,0.032
945500,0.010,0.951,0.039
946000,0.010,0.950,0.040
946500,0.010,0.964,0.026
947000,0.010,0.939,0.051
947500,0.010,0.942,0.048
948000,0.010,0.979,0.011
948500,0.010,0.967,0.023
949000,0.010,0.973,0.017
949500,0.010,0.978,0.012
950000,0.010,0.945,0.045
950500,0.010,0.972,0.018
951000,0.010,0.927,0.062
951500,0.010,0.947,0.043
952000,0.010,0.982,0.008
952500,0.010,0.971,0.019
953000,0.010,0.971,0.019
953500,0.010,0.978,0.012
954000,0.010,0.974,0.016
954500,0.010,0.964,0.026
955000,0.010,0.957,0.033
955500,0.010,0.969,0.021
956000,0.010,0.942,0.048
956500,0.010,0.932,0.058
957000,0.010,0.963,0.027
957500,0.010,0.974,0.016
958000,0.010,0.967,0.023
958500,0.010,0.958,0.032
959000,0.010,0.969,0.021
959500,0.010,0.932,0.057
960000,0.010,0.910,0.080
960500,0.010,0.907,0.083
961000,0.010,0.960,0.030
961500,0.010,0.920,0.070
962000,0.010,0.970,0.020
962500,0.010,0.939,0.051
963000,0.010,0.959,0.031
963500,0.010,0.948,0.042
964000,0.010,0.980,0.010
964500,0.010,0.967,0.023
965000,0.010,0.963,0.027
965500,0.010,0.980,0.010
966000,0.010,0.978,0.012
966500,0.010,0.976,0.014
967000,0.010,0.958,0.032
967500,0.010,0.877,0.113
968000,0.010,0.905,0.085
968500,0.010,0.975,0.015
969000,0.010,0.969,0.021
969500,0.010,0.982,0.008
970000,0.010,0.977,0.013
970500,0.010,0.988,0.002
971000,0.010,0.970,0.020
971500,0.010,0.981,0.009
972000,0.010,0.982,0.008
972500,0.010,0.944,0.046
973000,0.010,0.979,0.011
973500,0.010,0.969,0.021
974000,0.010,0.947,0.043
974500,0.010,0.979,0.011
975000,0.010,0.976,0.014
975500,0.010,0.970,0.020
976000,0.010,0.963,0.027
976500,0.010,0.970,0.020
977000,0.010,0.962,0.028
977500,0.010,0.963,0.027
978000,0.010,0.955,0.035
978500,0.010,0.974,0.016
979000,0.010,0.957,0.033
979500,0.010,0.980,0.010
980000,0.010,0.965,0.025
980500,0.010,0.982,0.008
981000,0.010,0.973,0.017
981500,0.010,0.947,0.043
982000,0.010,0.973,0.017
982500,0.010,0.935,0.054
983000,0.010,0.944,0.046
983500,0.010,0.956,0.034
984000,0.010,0.922,0.068
984500,0.010,0.963,0.027
985000,0.010,0.951,0.039
985500,0.010,0.977,0.013
986000,0.010,0.969,0.021
986500,0.010,0.937,0.053
987000,0.010,0.973,0.017
987500,0.010,0.932,0.057
988000,0.010,0.972,0.018
988500,0.010,0.988,0.002
989000,0.010,0.971,0.019
989500,0.010,0.959,0.031
990000,0.010,0.970,0.020
990500,0.010,0.979,0.011
991000,0.010,0.979,0.011
991500,0.010,0.933,0.056
992000,0.010,0.953,0.037
992500,0.010,0.970,0.020
993000,0.010,0.979,0.011
993500,0.010,0.943,0.047
994000,0.010,0.953,0.037
994500,0.010,0.948,0.042
995000,0.010,0.986,0.004
995500,0.010,0.961,0.029
996000,0.010,0.952,0.038
996500,0.010,0.955,0.035
997000,0.010,0.971,0.019
997500,0.010,0.954,0.036
998000,0.010,0.949,0.041
998500,0.010,0.958,0.032
999000,0.010,0.964,0.026
999500,0.010,0.945,0.045
1000000,0.010,0.949,0.041
