time,n_A+p,n_B,n_AB
500,0.010,0.839,0.151
1000,0.010,0.990,0.000
1500,0.010,0.826,0.164
2000,0.010,0.879,0.111
2500,0.010,0.923,0.067
3000,0.010,0.962,0.028
3500,0.010,0.989,0.001
4000,0.010,0.972,0.018
4500,0.010,0.913,0.077
5000,0.010,0.753,0.237
5500,0.010,0.859,0.131
6000,0.010,0.976,0.014
6500,0.010,0.968,0.022
7000,0.010,0.947,0.043
7500,0.010,0.807,0.183
8000,0.010,0.941,0.049
8500,0.010,0.835,0.155
9000,0.010,0.932,0.058
9500,0.010,0.808,0.182
10000,0.010,0.798,0.192
10500,0.010,0.988,0.002
11000,0.010,0.799,0.191
11500,0.010,0.987,0.003
12000,0.010,0.835,0.155
12500,0.010,0.961,0.029
13000,0.010,0.942,0.048
13500,0.010,0.977,0.013
14000,0.010,0.909,0.081
14500,0.010,0.934,0.056
15000,0.010,0.973,0.017
15500,0.010,0.930,0.060
16000,0.010,0.986,0.004
16500,0.010,0.904,0.086
17000,0.010,0.989,0.001
17500,0.010,0.989,0.001
18000,0.010,0.829,0.161
18500,0.010,0.725,0.265
19000,0.010,0.944,0.046
19500,0.010,0.950,0.040
20000,0.010,0.984,0.006
20500,0.010,0.936,0.054
21000,0.010,0.820,0.170
21500,0.010,0.978,0.012
22000,0.010,0.825,0.165
22500,0.010,0.967,0.023
23000,0.010,0.935,0.055
23500,0.010,0.839,0.151
24000,0.010,0.978,0.012
24500,0.010,0.916,0.074
25000,0.010,0.941,0.049
25500,0.010,0.949,0.041
26000,0.010,0.959,0.031
26500,0.010,0.886,0.104
27000,0.010,0.928,0.062
27500,0.010,0.827,0.163
28000,0.010,0.923,0.067
28500,0.010,0.980,0.010
29000,0.010,0.896,0.094
29500,0.010,0.875,0.115
30000,0.010,0.759,0.231
30500,0.010,0.785,0.205
31000,0.010,0.972,0.018
31500,0.010,0.958,0.032
32000,0.010,0.767,0.223
32500,0.010,0.871,0.119
33000,0.010,0.954,0.036
33500,0.010,0.925,0.065
34000,0.010,0.928,0.062
34500,0.010,0.814,0.176
35000,0.010,0.934,0.056
35500,0.010,0.896,0.094
36000,0.010,0.936,0.054
36500,0.010,0.905,0.085
37000,0.010,0.905,0.085
37500,0.010,0.986,0.004
38000,0.010,0.897,0.093
38500,0.010,0.971,0.019
39000,0.010,0.968,0.022
39500,0.010,0.884,0.106
40000,0.010,0.864,0.126
40500,0.010,0.720,0.270
41000,0.010,0.958,0.032
41500,0.010,0.847,0.143
42000,0.010,0.954,0.036
42500,0.010,0.835,0.155
43000,0.010,0.990,0.000
43500,0.010,0.983,0.007
44000,0.010,0.966,0.024
44500,0.010,0.939,0.051
45000,0.010,0.958,0.032
45500,0.010,0.956,0.034
46000,0.010,0.806,0.184
46500,0.010,0.870,0.120
47000,0.010,0.983,0.007
47500,0.010,0.967,0.023
48000,0.010,0.949,0.041
48500,0.010,0.909,0.081
49000,0.010,0.956,0.034
49500,0.010,0.957,0.033
50000,0.010,0.924,0.066
50500,0.010,0.971,0.019
51000,0.010,0.963,0.027
51500,0.010,0.782,0.208
52000,0.010,0.772,0.218
52500,0.010,0.841,0.149
53000,0.010,0.829,0.161
53500,0.010,0.896,0.094
54000,0.010,0.973,0.017
54500,0.010,0.989,0.001
55000,0.010,0.989,0.001
55500,0.010,0.978,0.012
56000,0.010,0.943,0.047
56500,0.010,0.978,0.012
57000,0.010,0.928,0.062
57500,0.010,0.921,0.069
58000,0.010,0.956,0.034
58500,0.010,0.946,0.044
59000,0.010,0.963,0.027
59500,0.010,0.799,0.191
60000,0.010,0.864,0.126
60500,0.010,0.920,0.070
61000,0.010,0.945,0.045
61500,0.010,0.969,0.021
62000,0.010,0.929,0.061
62500,0.010,0.963,0.027
63000,0.010,0.977,0.013
63500,0.010,0.953,0.037
64000,0.010,0.954,0.036
64500,0.010,0.967,0.023
65000,0.010,0.852,0.138
65500,0.010,0.990,0.000
66000,0.010,0.916,0.074
66500,0.010,0.988,0.002
67000,0.010,0.750,0.240
67500,0.010,0.802,0.188
68000,0.010,0.970,0.020
68500,0.010,0.744,0.246
69000,0.010,0.885,0.105
69500,0.010,0.984,0.006
70000,0.010,0.928,0.062
70500,0.010,0.966,0.024
71000,0.010,0.909,0.081
71500,0.010,0.986,0.004
72000,0.010,0.985,0.005
72500,0.010,0.973,0.017
73000,0.010,0.990,0.000
73500,0.010,0.887,0.103
74000,0.010,0.945,0.045
74500,0.010,0.793,0.197
75000,0.010,0.872,0.118
75500,0.010,0.871,0.119
76000,0.010,0.926,0.064
76500,0.010,0.772,0.218
77000,0.010,0.955,0.035
77500,0.010,0.989,0.001
78000,0.010,0.974,0.016
78500,0.010,0.969,0.021
79000,0.010,0.931,0.059
79500,0.010,0.809,0.181
80000,0.010,0.969,0.021
80500,0.010,0.788,0.202
81000,0.010,0.874,0.116
81500,0.010,0.950,0.040
82000,0.010,0.942,0.048
82500,0.010,0.864,0.126
83000,0.010,0.643,0.347
83500,0.010,0.920,0.070
84000,0.010,0.721,0.269
84500,0.010,0.982,0.008
85000,0.010,0.906,0.084
85500,0.010,0.943,0.047
86000,0.010,0.959,0.031
86500,0.010,0.959,0.031
87000,0.010,0.899,0.091
87500,0.010,0.906,0.084
88000,0.010,0.990,0.000
88500,0.010,0.852,0.138
89000,0.010,0.982,0.008
89500,0.010,0.934,0.056
90000,0.010,0.825,0.165
90500,0.010,0.930,0.060
91000,0.010,0.932,0.058
91500,0.010,0.989,0.001
92000,0.010,0.889,0.101
92500,0.010,0.983,0.007
93000,0.010,0.953,0.037
93500,0.010,0.887,0.103
94000,0.010,0.848,0.142
94500,0.010,0.900,0.090
95000,0.010,0.863,0.127
95500,0.010,0.926,0.064
96000,0.010,0.933,0.057
96500,0.010,0.934,0.056
97000,0.010,0.975,0.015
97500,0.010,0.811,0.179
98000,0.010,0.751,0.239
98500,0.010,0.944,0.046
99000,0.010,0.776,0.214
99500,0.010,0.946,0.044
100000,0.010,0.899,0.091
100500,0.010,0.988,0.002
101000,0.010,0.962,0.028
101500,0.010,0.952,0.038
102000,0.010,0.906,0.084
102500,0.010,0.768,0.222
103000,0.010,0.982,0.008
103500,0.010,0.965,0.025
104000,0.010,0.931,0.059
104500,0.010,0.880,0.110
105000,0.010,0.958,0.032
105500,0.010,0.912,0.078
106000,0.010,0.903,0.087
106500,0.010,0.952,0.038
107000,0.010,0.990,0.000
107500,0.010,0.755,0.235
108000,0.010,0.781,0.209
108500,0.010,0.902,0.088
109000,0.010,0.896,0.094
109500,0.010,0.986,0.004
110000,0.010,0.781,0.209
110500,0.010,0.956,0.034
111000,0.010,0.982,0.008
111500,0.010,0.986,0.004
112000,0.010,0.800,0.190
112500,0.010,0.970,0.020
113000,0.010,0.990,0.000
113500,0.010,0.915,0.075
114000,0.010,0.919,0.071
114500,0.010,0.897,0.093
115000,0.010,0.971,0.019
115500,0.010,0.968,0.022
116000,0.010,0.943,0.047
116500,0.010,0.879,0.111
117000,0.010,0.950,0.040
117500,0.010,0.899,0.091
118000,0.010,0.695,0.295
118500,0.010,0.989,0.001
119000,0.010,0.887,0.103
119500,0.010,0.983,0.007
120000,0.010,0.913,0.077
120500,0.010,0.914,0.076
121000,0.010,0.836,0.154
121500,0.010,0.909,0.081
122000,0.010,0.960,0.030
122500,0.010,0.990,0.000
123000,0.010,0.919,0.071
123500,0.010,0.926,0.064
124000,0.010,0.959,0.031
124500,0.010,0.946,0.044
125000,0.010,0.990,0.000
125500,0.010,0.842,0.148
126000,0.010,0.932,0.058
126500,0.010,0.914,0.076
127000,0.010,0.879,0.111
127500,0.010,0.971,0.019
128000,0.010,0.946,0.044
128500,0.010,0.864,0.126
129000,0.010,0.985,0.005
129500,0.010,0.824,0.166
130000,0.010,0.960,0.030
130500,0.010,0.970,0.020
131000,0.010,0.978,0.012
131500,0.010,0.969,0.021
132000,0.010,0.990,0.000
132500,0.010,0.984,0.006
133000,0.010,0.956,0.034
133500,0.010,0.814,0.176
134000,0.010,0.966,0.024
134500,0.010,0.835,0.155
135000,0.010,0.810,0.180
135500,0.010,0.878,0.112
136000,0.010,0.956,0.034
136500,0.010,0.957,0.033
137000,0.010,0.927,0.063
137500,0.010,0.895,0.095
138000,0.010,0.927,0.063
138500,0.010,0.797,0.193
139000,0.010,0.956,0.034
139500,0.010,0.772,0.218
140000,0.010,0.924,0.066
140500,0.010,0.990,0.000
141000,0.010,0.806,0.184
141500,0.010,0.858,0.132
142000,0.010,0.949,0.041
142500,0.010,0.964,0.026
143000,0.010,0.931,0.059
143500,0.010,0.925,0.065
144000,0.010,0.828,0.162
144500,0.010,0.978,0.012
145000,0.010,0.957,0.033
145500,0.010,0.798,0.192
146000,0.010,0.895,0.095
146500,0.010,0.860,0.130
147000,0.010,0.818,0.172
147500,0.010,0.778,0.212
148000,0.010,0.990,0.000
148500,0.010,0.801,0.189
149000,0.010,0.756,0.234
149500,0.010,0.892,0.098
150000,0.010,0.921,0.069
150500,0.010,0.897,0.093
151000,0.010,0.988,0.002
151500,0.010,0.753,0.237
152000,0.010,0.678,0.312
152500,0.010,0.855,0.135
153000,0.010,0.889,0.101
153500,0.010,0.989,0.001
154000,0.010,0.889,0.101
154500,0.010,0.932,0.058
155000,0.010,0.954,0.036
155500,0.010,0.946,0.044
156000,0.010,0.959,0.031
156500,0.010,0.959,0.031
157000,0.010,0.924,0.066
157500,0.010,0.895,0.095
158000,0.010,0.953,0.037
158500,0.010,0.940,0.050
159000,0.010,0.971,0.019
159500,0.010,0.990,0.000
160000,0.010,0.982,0.008
160500,0.010,0.989,0.001
161000,0.010,0.990,0.000
161500,0.010,0.971,0.019
162000,0.010,0.968,0.022
162500,0.010,0.990,0.000
163000,0.010,0.988,0.002
163500,0.010,0.956,0.034
164000,0.010,0.950,0.040
164500,0.010,0.840,0.150
165000,0.010,0.988,0.002
165500,0.010,0.894,0.096
166000,0.010,0.890,0.100
166500,0.010,0.937,0.053
167000,0.010,0.744,0.246
167500,0.010,0.814,0.176
168000,0.010,0.860,0.130
168500,0.010,0.936,0.054
169000,0.010,0.819,0.171
169500,0.010,0.893,0.097
170000,0.010,0.978,0.012
170500,0.010,0.806,0.184
171000,0.010,0.988,0.002
171500,0.010,0.990,0.000
172000,0.010,0.987,0.003
172500,0.010,0.918,0.072
173000,0.010,0.928,0.062
173500,0.010,0.982,0.008
174000,0.010,0.930,0.060
174500,0.010,0.919,0.071
175000,0.010,0.740,0.250
175500,0.010,0.730,0.260
176000,0.010,0.939,0.051
176500,0.010,0.919,0.071
177000,0.010,0.835,0.155
177500,0.010,0.893,0.097
178000,0.010,0.955,0.035
178500,0.010,0.962,0.028
179000,0.010,0.965,0.025
179500,0.010,0.902,0.088
180000,0.010,0.943,0.047
180500,0.010,0.990,0.000
181000,0.010,0.985,0.005
181500,0.010,0.876,0.114
182000,0.010,0.986,0.004
182500,0.010,0.885,0.105
183000,0.010,0.973,0.017
183500,0.010,0.806,0.184
184000,0.010,0.907,0.083
184500,0.010,0.981,0.009
185000,0.010,0.990,0.000
185500,0.010,0.814,0.176
186000,0.010,0.924,0.066
186500,0.010,0.986,0.004
187000,0.010,0.925,0.065
187500,0.010,0.795,0.195
188000,0.010,0.881,0.109
188500,0.010,0.922,0.068
189000,0.010,0.930,0.060
189500,0.010,0.864,0.126
190000,0.010,0.889,0.101
190500,0.010,0.930,0.060
191000,0.010,0.918,0.072
191500,0.010,0.924,0.066
192000,0.010,0.898,0.092
192500,0.010,0.990,0.000
193000,0.010,0.893,0.097
193500,0.010,0.807,0.183
194000,0.010,0.924,0.066
194500,0.010,0.923,0.067
195000,0.010,0.899,0.091
195500,0.010,0.915,0.075
196000,0.010,0.955,0.035
196500,0.010,0.838,0.152
197000,0.010,0.975,0.015
197500,0.010,0.979,0.011
198000,0.010,0.973,0.017
198500,0.010,0.971,0.019
199000,0.010,0.903,0.087
199500,0.010,0.964,0.026
200000,0.010,0.848,0.142
200500,0.010,0.988,0.002
201000,0.010,0.870,0.120
201500,0.010,0.812,0.178
202000,0.010,0.989,0.001
202500,0.010,0.977,0.013
203000,0.010,0.871,0.119
203500,0.010,0.764,0.226
204000,0.010,0.985,0.005
204500,0.010,0.895,0.095
205000,0.010,0.947,0.043
205500,0.010,0.911,0.079
206000,0.010,0.958,0.032
206500,0.010,0.894,0.096
207000,0.010,0.763,0.227
207500,0.010,0.966,0.024
208000,0.010,0.901,0.089
208500,0.010,0.892,0.098
209000,0.010,0.990,0.000
209500,0.010,0.990,0.000
210000,0.010,0.875,0.115
210500,0.010,0.829,0.161
211000,0.010,0.953,0.037
211500,0.010,0.878,0.112
212000,0.010,0.958,0.032
212500,0.010,0.951,0.039
213000,0.010,0.755,0.235
213500,0.010,0.800,0.190
214000,0.010,0.854,0.136
214500,0.010,0.849,0.141
215000,0.010,0.832,0.158
215500,0.010,0.789,0.201
216000,0.010,0.651,0.339
216500,0.010,0.875,0.115
217000,0.010,0.990,0.000
217500,0.010,0.906,0.084
218000,0.010,0.936,0.054
218500,0.010,0.909,0.081
219000,0.010,0.892,0.098
219500,0.010,0.874,0.116
220000,0.010,0.920,0.070
220500,0.010,0.953,0.037
221000,0.010,0.882,0.108
221500,0.010,0.729,0.261
222000,0.010,0.980,0.010
222500,0.010,0.971,0.019
223000,0.010,0.827,0.163
223500,0.010,0.865,0.125
224000,0.010,0.801,0.189
224500,0.010,0.904,0.086
225000,0.010,0.797,0.193
225500,0.010,0.900,0.090
226000,0.010,0.719,0.271
226500,0.010,0.893,0.097
227000,0.010,0.715,0.275
227500,0.010,0.689,0.301
228000,0.010,0.719,0.271
228500,0.010,0.978,0.012
229000,0.010,0.770,0.220
229500,0.010,0.989,0.001
230000,0.010,0.909,0.081
230500,0.010,0.950,0.040
231000,0.010,0.796,0.194
231500,0.010,0.895,0.095
232000,0.010,0.904,0.086
232500,0.010,0.822,0.168
233000,0.010,0.944,0.046
233500,0.010,0.934,0.056
234000,0.010,0.915,0.075
234500,0.010,0.969,0.021
235000,0.010,0.746,0.244
235500,0.010,0.821,0.169
236000,0.010,0.940,0.050
236500,0.010,0.858,0.132
237000,0.010,0.970,0.020
237500,0.010,0.846,0.144
238000,0.010,0.941,0.049
238500,0.010,0.989,0.001
239000,0.010,0.828,0.162
239500,0.010,0.942,0.048
240000,0.010,0.946,0.044
240500,0.010,0.861,0.129
241000,0.010,0.852,0.138
241500,0.010,0.951,0.039
242000,0.010,0.845,0.145
242500,0.010,0.970,0.020
243000,0.010,0.990,0.000
243500,0.010,0.981,0.009
244000,0.010,0.966,0.024
244500,0.010,0.990,0.000
245000,0.010,0.810,0.180
245500,0.010,0.974,0.016
246000,0.010,0.939,0.051
246500,0.010,0.954,0.036
247000,0.010,0.882,0.108
247500,0.010,0.896,0.094
248000,0.010,0.595,0.395
248500,0.010,0.915,0.075
249000,0.010,0.850,0.140
249500,0.010,0.756,0.234
250000,0.010,0.948,0.042
250500,0.010,0.739,0.251
251000,0.010,0.747,0.243
251500,0.010,0.829,0.161
252000,0.010,0.984,0.006
252500,0.010,0.767,0.223
253000,0.010,0.964,0.026
253500,0.010,0.839,0.151
254000,0.010,0.648,0.342
254500,0.010,0.709,0.281
255000,0.010,0.937,0.053
255500,0.010,0.876,0.114
256000,0.010,0.739,0.251
256500,0.010,0.862,0.128
257000,0.010,0.906,0.084
257500,0.010,0.951,0.039
258000,0.010,0.988,0.002
258500,0.010,0.862,0.128
259000,0.010,0.946,0.044
259500,0.010,0.937,0.053
260000,0.010,0.610,0.380
260500,0.010,0.858,0.132
261000,0.010,0.944,0.046
261500,0.010,0.915,0.075
262000,0.010,0.961,0.029
262500,0.010,0.934,0.056
263000,0.010,0.937,0.053
263500,0.010,0.937,0.053
264000,0.010,0.988,0.002
264500,0.010,0.804,0.186
265000,0.010,0.709,0.281
265500,0.010,0.882,0.108
266000,0.010,0.842,0.148
266500,0.010,0.536,0.454
267000,0.010,0.894,0.096
267500,0.010,0.935,0.055
268000,0.010,0.742,0.248
268500,0.010,0.917,0.073
269000,0.010,0.835,0.155
269500,0.010,0.949,0.041
270000,0.010,0.839,0.151
270500,0.010,0.796,0.194
271000,0.010,0.963,0.027
271500,0.010,0.895,0.095
272000,0.010,0.873,0.117
272500,0.010,0.961,0.029
273000,0.010,0.801,0.189
273500,0.010,0.986,0.004
274000,0.010,0.979,0.011
274500,0.010,0.810,0.180
275000,0.010,0.913,0.077
275500,0.010,0.893,0.097
276000,0.010,0.949,0.041
276500,0.010,0.793,0.197
277000,0.010,0.989,0.001
277500,0.010,0.926,0.064
278000,0.010,0.930,0.060
278500,0.010,0.966,0.024
279000,0.010,0.838,0.152
279500,0.010,0.904,0.086
280000,0.010,0.964,0.026
280500,0.010,0.975,0.015
281000,0.010,0.960,0.030
281500,0.010,0.962,0.028
282000,0.010,0.942,0.048
282500,0.010,0.990,0.000
283000,0.010,0.985,0.005
283500,0.010,0.929,0.061
284000,0.010,0.982,0.008
284500,0.010,0.961,0.029
285000,0.010,0.903,0.087
285500,0.010,0.988,0.002
286000,0.010,0.759,0.231
286500,0.010,0.854,0.136
287000,0.010,0.771,0.219
287500,0.010,0.856,0.134
288000,0.010,0.990,0.000
288500,0.010,0.918,0.072
289000,0.010,0.971,0.019
289500,0.010,0.947,0.043
290000,0.010,0.923,0.067
290500,0.010,0.950,0.040
291000,0.010,0.981,0.009
291500,0.010,0.762,0.228
292000,0.010,0.974,0.016
292500,0.010,0.868,0.122
293000,0.010,0.884,0.106
293500,0.010,0.983,0.007
294000,0.010,0.787,0.203
294500,0.010,0.937,0.053
295000,0.010,0.870,0.120
295500,0.010,0.975,0.015
296000,0.010,0.871,0.119
296500,0.010,0.762,0.228
297000,0.010,0.754,0.236
297500,0.010,0.989,0.001
298000,0.010,0.631,0.359
298500,0.010,0.751,0.239
299000,0.010,0.860,0.130
299500,0.010,0.833,0.157
300000,0.010,0.864,0.126
300500,0.010,0.885,0.105
301000,0.010,0.846,0.144
301500,0.010,0.928,0.062
302000,0.010,0.988,0.002
302500,0.010,0.849,0.141
303000,0.010,0.979,0.011
303500,0.010,0.927,0.063
304000,0.010,0.869,0.121
304500,0.010,0.760,0.230
305000,0.010,0.921,0.069
305500,0.010,0.822,0.168
306000,0.010,0.864,0.126
306500,0.010,0.946,0.044
307000,0.010,0.798,0.192
307500,0.010,0.937,0.053
308000,0.010,0.990,0.000
308500,0.010,0.780,0.210
309000,0.010,0.629,0.361
309500,0.010,0.781,0.209
310000,0.010,0.978,0.012
310500,0.010,0.947,0.043
311000,0.010,0.909,0.081
311500,0.010,0.951,0.039
312000,0.010,0.866,0.124
312500,0.010,0.824,0.166
313000,0.010,0.913,0.077
313500,0.010,0.911,0.079
314000,0.010,0.896,0.094
314500,0.010,0.872,0.118
315000,0.010,0.587,0.403
315500,0.010,0.859,0.131
316000,0.010,0.849,0.141
316500,0.010,0.800,0.190
317000,0.010,0.975,0.015
317500,0.010,0.985,0.005
318000,0.010,0.738,0.252
318500,0.010,0.810,0.180
319000,0.010,0.990,0.000
319500,0.010,0.860,0.130
320000,0.010,0.888,0.102
320500,0.010,0.776,0.214
321000,0.010,0.931,0.059
321500,0.010,0.913,0.077
322000,0.010,0.845,0.145
322500,0.010,0.695,0.295
323000,0.010,0.897,0.093
323500,0.010,0.829,0.161
324000,0.010,0.911,0.079
324500,0.010,0.930,0.060
325000,0.010,0.927,0.063
325500,0.010,0.916,0.074
326000,0.010,0.990,0.000
326500,0.010,0.929,0.061
327000,0.010,0.909,0.081
327500,0.010,0.990,0.000
328000,0.010,0.861,0.129
328500,0.010,0.716,0.274
329000,0.010,0.919,0.071
329500,0.010,0.989,0.001
330000,0.010,0.824,0.166
330500,0.010,0.721,0.269
331000,0.010,0.905,0.085
331500,0.010,0.802,0.188
332000,0.010,0.784,0.206
332500,0.010,0.856,0.134
333000,0.010,0.812,0.178
333500,0.010,0.863,0.127
334000,0.010,0.768,0.222
334500,0.010,0.957,0.033
335000,0.010,0.861,0.129
335500,0.010,0.913,0.077
336000,0.010,0.965,0.025
336500,0.010,0.929,0.061
337000,0.010,0.728,0.262
337500,0.010,0.959,0.031
338000,0.010,0.969,0.021
338500,0.010,0.885,0.105
339000,0.010,0.976,0.014
339500,0.010,0.925,0.065
340000,0.010,0.896,0.094
340500,0.010,0.902,0.088
341000,0.010,0.979,0.011
341500,0.010,0.982,0.008
342000,0.010,0.965,0.025
342500,0.010,0.817,0.173
343000,0.010,0.881,0.109
343500,0.010,0.945,0.045
344000,0.010,0.861,0.129
344500,0.010,0.974,0.016
345000,0.010,0.919,0.071
345500,0.010,0.853,0.137
346000,0.010,0.902,0.088
346500,0.010,0.946,0.044
347000,0.010,0.752,0.238
347500,0.010,0.990,0.000
348000,0.010,0.966,0.024
348500,0.010,0.989,0.001
349000,0.010,0.967,0.023
349500,0.010,0.894,0.096
350000,0.010,0.762,0.228
350500,0.010,0.923,0.067
351000,0.010,0.873,0.117
351500,0.010,0.990,0.000
352000,0.010,0.990,0.000
352500,0.010,0.956,0.034
353000,0.010,0.821,0.169
353500,0.010,0.740,0.250
354000,0.010,0.956,0.034
354500,0.010,0.754,0.236
355000,0.010,0.807,0.183
355500,0.010,0.924,0.066
356000,0.010,0.951,0.039
356500,0.010,0.868,0.122
357000,0.010,0.913,0.077
357500,0.010,0.989,0.001
358000,0.010,0.932,0.058
358500,0.010,0.956,0.034
359000,0.010,0.756,0.234
359500,0.010,0.979,0.011
360000,0.010,0.871,0.119
360500,0.010,0.926,0.064
361000,0.010,0.963,0.027
361500,0.010,0.806,0.184
362000,0.010,0.978,0.012
362500,0.010,0.967,0.023
363000,0.010,0.969,0.021
363500,0.010,0.853,0.137
364000,0.010,0.986,0.004
364500,0.010,0.974,0.016
365000,0.010,0.889,0.101
365500,0.010,0.975,0.015
366000,0.010,0.741,0.249
366500,0.010,0.990,0.000
367000,0.010,0.925,0.065
367500,0.010,0.925,0.065
368000,0.010,0.986,0.004
368500,0.010,0.917,0.073
369000,0.010,0.945,0.045
369500,0.010,0.847,0.143
370000,0.010,0.953,0.037
370500,0.010,0.845,0.145
371000,0.010,0.930,0.060
371500,0.010,0.878,0.112
372000,0.010,0.793,0.197
372500,0.010,0.916,0.074
373000,0.010,0.829,0.161
373500,0.010,0.800,0.190
374000,0.010,0.829,0.161
374500,0.010,0.921,0.069
375000,0.010,0.987,0.003
375500,0.010,0.943,0.047
376000,0.010,0.902,0.088
376500,0.010,0.956,0.034
377000,0.010,0.648,0.342
377500,0.010,0.929,0.061
378000,0.010,0.979,0.011
378500,0.010,0.899,0.091
379000,0.010,0.894,0.096
379500,0.010,0.973,0.017
380000,0.010,0.971,0.019
380500,0.010,0.990,0.000
381000,0.010,0.972,0.018
381500,0.010,0.977,0.013
382000,0.010,0.981,0.009
382500,0.010,0.785,0.205
383000,0.010,0.980,0.010
383500,0.010,0.949,0.041
384000,0.010,0.874,0.116
384500,0.010,0.719,0.271
385000,0.010,0.977,0.013
385500,0.010,0.979,0.011
386000,0.010,0.969,0.021
386500,0.010,0.986,0.004
387000,0.010,0.930,0.060
387500,0.010,0.951,0.039
388000,0.010,0.878,0.112
388500,0.010,0.859,0.131
389000,0.010,0.931,0.059
389500,0.010,0.898,0.092
390000,0.010,0.978,0.012
390500,0.010,0.942,0.048
391000,0.010,0.837,0.153
391500,0.010,0.896,0.094
392000,0.010,0.978,0.012
392500,0.010,0.955,0.035
393000,0.010,0.892,0.098
393500,0.010,0.861,0.129
394000,0.010,0.821,0.169
394500,0.010,0.918,0.072
395000,0.010,0.954,0.036
395500,0.010,0.944,0.046
396000,0.010,0.872,0.118
396500,0.010,0.775,0.215
397000,0.010,0.964,0.026
397500,0.010,0.849,0.141
398000,0.010,0.755,0.235
398500,0.010,0.979,0.011
399000,0.010,0.801,0.189
399500,0.010,0.928,0.062
400000,0.010,0.922,0.068
400500,0.010,0.786,0.204
401000,0.010,0.950,0.040
401500,0.010,0.917,0.073
402000,0.010,0.790,0.200
402500,0.010,0.945,0.045
403000,0.010,0.939,0.051
403500,0.010,0.928,0.062
404000,0.010,0.956,0.034
404500,0.010,0.875,0.115
405000,0.010,0.825,0.165
405500,0.010,0.925,0.065
406000,0.010,0.990,0.000
406500,0.010,0.630,0.360
407000,0.010,0.856,0.134
407500,0.010,0.969,0.021
408000,0.010,0.971,0.019
408500,0.010,0.960,0.030
409000,0.010,0.881,0.109
409500,0.010,0.928,0.062
410000,0.010,0.965,0.025
410500,0.010,0.895,0.095
411000,0.010,0.968,0.022
411500,0.010,0.830,0.160
412000,0.010,0.944,0.046
412500,0.010,0.882,0.108
413000,0.010,0.700,0.290
413500,0.010,0.889,0.101
414000,0.010,0.902,0.088
414500,0.010,0.629,0.361
415000,0.010,0.923,0.067
415500,0.010,0.725,0.265
416000,0.010,0.936,0.054
416500,0.010,0.895,0.095
417000,0.010,0.879,0.111
417500,0.010,0.916,0.074
418000,0.010,0.884,0.106
418500,0.010,0.869,0.121
419000,0.010,0.978,0.012
419500,0.010,0.801,0.189
420000,0.010,0.962,0.028
420500,0.010,0.910,0.080
421000,0.010,0.722,0.268
421500,0.010,0.956,0.034
422000,0.010,0.988,0.002
422500,0.010,0.872,0.118
423000,0.010,0.908,0.082
423500,0.010,0.886,0.104
424000,0.010,0.826,0.164
424500,0.010,0.923,0.067
425000,0.010,0.885,0.105
425500,0.010,0.929,0.061
426000,0.010,0.973,0.017
426500,0.010,0.942,0.048
427000,0.010,0.886,0.104
427500,0.010,0.844,0.146
428000,0.010,0.895,0.095
428500,0.010,0.875,0.115
429000,0.010,0.892,0.098
429500,0.010,0.775,0.215
430000,0.010,0.989,0.001
430500,0.010,0.860,0.130
431000,0.010,0.982,0.008
431500,0.010,0.950,0.040
432000,0.010,0.952,0.038
432500,0.010,0.931,0.059
433000,0.010,0.869,0.121
433500,0.010,0.965,0.025
434000,0.010,0.979,0.011
434500,0.010,0.970,0.020
435000,0.010,0.745,0.245
435500,0.010,0.832,0.158
436000,0.010,0.990,0.000
436500,0.010,0.913,0.077
437000,0.010,0.800,0.190
437500,0.010,0.703,0.287
438000,0.010,0.528,0.462
438500,0.010,0.775,0.215
439000,0.010,0.925,0.065
439500,0.010,0.925,0.065
440000,0.010,0.947,0.043
440500,0.010,0.824,0.166
441000,0.010,0.879,0.111
441500,0.010,0.708,0.282
442000,0.010,0.749,0.241
442500,0.010,0.724,0.266
443000,0.010,0.912,0.078
443500,0.010,0.963,0.027
444000,0.010,0.990,0.000
444500,0.010,0.833,0.157
445000,0.010,0.911,0.079
445500,0.010,0.887,0.103
446000,0.010,0.889,0.101
446500,0.010,0.965,0.025
447000,0.010,0.916,0.074
447500,0.010,0.827,0.163
448000,0.010,0.858,0.132
448500,0.010,0.939,0.051
449000,0.010,0.986,0.004
449500,0.010,0.912,0.078
450000,0.010,0.921,0.069
450500,0.010,0.937,0.053
451000,0.010,0.824,0.166
451500,0.010,0.983,0.007
452000,0.010,0.888,0.102
452500,0.010,0.840,0.150
453000,0.010,0.985,0.005
453500,0.010,0.706,0.284
454000,0.010,0.896,0.094
454500,0.010,0.778,0.212
455000,0.010,0.983,0.007
455500,0.010,0.990,0.000
456000,0.010,0.837,0.153
456500,0.010,0.929,0.061
457000,0.010,0.990,0.000
457500,0.010,0.981,0.009
458000,0.010,0.931,0.059
458500,0.010,0.886,0.104
459000,0.010,0.795,0.195
459500,0.010,0.909,0.081
460000,0.010,0.985,0.005
460500,0.010,0.797,0.193
461000,0.010,0.931,0.059
461500,0.010,0.980,0.010
462000,0.010,0.892,0.098
462500,0.010,0.950,0.040
463000,0.010,0.918,0.072
463500,0.010,0.901,0.089
464000,0.010,0.982,0.008
464500,0.010,0.984,0.006
465000,0.010,0.953,0.037
465500,0.010,0.846,0.144
466000,0.010,0.941,0.049
466500,0.010,0.937,0.053
467000,0.010,0.907,0.083
467500,0.010,0.833,0.157
468000,0.010,0.746,0.244
468500,0.010,0.761,0.229
469000,0.010,0.935,0.055
469500,0.010,0.754,0.236
470000,0.010,0.771,0.219
470500,0.010,0.825,0.165
471000,0.010,0.749,0.241
471500,0.010,0.928,0.062
472000,0.010,0.793,0.197
472500,0.010,0.840,0.150
473000,0.010,0.985,0.005
473500,0.010,0.979,0.011
474000,0.010,0.892,0.098
474500,0.010,0.752,0.238
475000,0.010,0.917,0.073
475500,0.010,0.793,0.197
476000,0.010,0.800,0.190
476500,0.010,0.978,0.012
477000,0.010,0.804,0.186
477500,0.010,0.887,0.103
478000,0.010,0.984,0.006
478500,0.010,0.709,0.281
479000,0.010,0.988,0.002
479500,0.010,0.907,0.083
480000,0.010,0.957,0.033
480500,0.010,0.855,0.135
481000,0.010,0.894,0.096
481500,0.010,0.983,0.007
482000,0.010,0.926,0.064
482500,0.010,0.806,0.184
483000,0.010,0.807,0.183
483500,0.010,0.892,0.098
484000,0.010,0.979,0.011
484500,0.010,0.965,0.025
485000,0.010,0.977,0.013
485500,0.010,0.969,0.021
486000,0.010,0.953,0.037
486500,0.010,0.826,0.164
487000,0.010,0.929,0.061
487500,0.010,0.939,0.051
488000,0.010,0.831,0.159
488500,0.010,0.851,0.139
489000,0.010,0.846,0.144
489500,0.010,0.943,0.047
490000,0.010,0.830,0.160
490500,0.010,0.956,0.034
491000,0.010,0.770,0.220
491500,0.010,0.961,0.029
492000,0.010,0.768,0.222
492500,0.010,0.915,0.075
493000,0.010,0.951,0.039
493500,0.010,0.980,0.010
494000,0.010,0.925,0.065
494500,0.010,0.801,0.189
495000,0.010,0.815,0.175
495500,0.010,0.926,0.064
496000,0.010,0.915,0.075
496500,0.010,0.952,0.038
497000,0.010,0.953,0.037
497500,0.010,0.990,0.000
498000,0.010,0.948,0.042
498500,0.010,0.762,0.228
499000,0.010,0.903,0.087
499500,0.010,0.820,0.170
500000,0.010,0.939,0.051
500500,0.010,0.945,0.045
501000,0.010,0.989,0.001
501500,0.010,0.964,0.026
502000,0.010,0.984,0.006
502500,0.010,0.989,0.001
503000,0.010,0.954,0.036
503500,0.010,0.680,0.310
504000,0.010,0.965,0.025
504500,0.010,0.882,0.108
505000,0.010,0.986,0.004
505500,0.010,0.973,0.017
506000,0.010,0.778,0.212
506500,0.010,0.886,0.104
507000,0.010,0.942,0.048
507500,0.010,0.864,0.126
508000,0.010,0.988,0.002
508500,0.010,0.990,0.000
509000,0.010,0.990,0.000
509500,0.010,0.947,0.043
510000,0.010,0.956,0.034
510500,0.010,0.795,0.195
511000,0.010,0.915,0.075
511500,0.010,0.794,0.196
512000,0.010,0.821,0.169
512500,0.010,0.931,0.059
513000,0.010,0.941,0.049
513500,0.010,0.927,0.063
514000,0.010,0.790,0.200
514500,0.010,0.877,0.113
515000,0.010,0.963,0.027
515500,0.010,0.987,0.003
516000,0.010,0.986,0.004
516500,0.010,0.757,0.233
517000,0.010,0.980,0.010
517500,0.010,0.939,0.051
518000,0.010,0.937,0.053
518500,0.010,0.940,0.050
519000,0.010,0.876,0.114
519500,0.010,0.906,0.084
520000,0.010,0.889,0.101
520500,0.010,0.948,0.042
521000,0.010,0.984,0.006
521500,0.010,0.955,0.035
522000,0.010,0.912,0.078
522500,0.010,0.749,0.241
523000,0.010,0.746,0.244
523500,0.010,0.961,0.029
524000,0.010,0.850,0.140
524500,0.010,0.857,0.133
525000,0.010,0.983,0.007
525500,0.010,0.808,0.182
526000,0.010,0.946,0.044
526500,0.010,0.990,0.000
527000,0.010,0.990,0.000
527500,0.010,0.913,0.077
528000,0.010,0.935,0.055
528500,0.010,0.961,0.029
529000,0.010,0.864,0.126
529500,0.010,0.929,0.061
530000,0.010,0.973,0.017
530500,0.010,0.883,0.107
531000,0.010,0.879,0.111
531500,0.010,0.816,0.174
532000,0.010,0.866,0.124
532500,0.010,0.983,0.007
533000,0.010,0.740,0.250
533500,0.010,0.975,0.015
534000,0.010,0.829,0.161
534500,0.010,0.704,0.286
535000,0.010,0.965,0.025
535500,0.010,0.942,0.048
536000,0.010,0.938,0.052
536500,0.010,0.881,0.109
537000,0.010,0.924,0.066
537500,0.010,0.907,0.083
538000,0.010,0.623,0.367
538500,0.010,0.878,0.112
539000,0.010,0.855,0.135
539500,0.010,0.986,0.004
540000,0.010,0.974,0.016
540500,0.010,0.950,0.040
541000,0.010,0.990,0.000
541500,0.010,0.918,0.072
542000,0.010,0.985,0.005
542500,0.010,0.882,0.108
543000,0.010,0.960,0.030
543500,0.010,0.874,0.116
544000,0.010,0.781,0.209
544500,0.010,0.871,0.119
545000,0.010,0.948,0.042
545500,0.010,0.963,0.027
546000,0.010,0.918,0.072
546500,0.010,0.932,0.058
547000,0.010,0.849,0.141
547500,0.010,0.947,0.043
548000,0.010,0.841,0.149
548500,0.010,0.908,0.082
549000,0.010,0.823,0.167
549500,0.010,0.808,0.182
550000,0.010,0.945,0.045
550500,0.010,0.972,0.018
551000,0.010,0.963,0.027
551500,0.010,0.984,0.006
552000,0.010,0.828,0.162
552500,0.010,0.900,0.090
553000,0.010,0.982,0.008
553500,0.010,0.982,0.008
554000,0.010,0.859,0.131
554500,0.010,0.890,0.100
555000,0.010,0.989,0.001
555500,0.010,0.875,0.115
556000,0.010,0.904,0.086
556500,0.010,0.874,0.116
557000,0.010,0.939,0.051
557500,0.010,0.843,0.147
558000,0.010,0.768,0.222
558500,0.010,0.911,0.079
559000,0.010,0.892,0.098
559500,0.010,0.979,0.011
560000,0.010,0.972,0.018
560500,0.010,0.861,0.129
561000,0.010,0.803,0.187
561500,0.010,0.917,0.073
562000,0.010,0.987,0.003
562500,0.010,0.935,0.055
563000,0.010,0.897,0.093
563500,0.010,0.863,0.127
564000,0.010,0.952,0.038
564500,0.010,0.792,0.198
565000,0.010,0.940,0.050
565500,0.010,0.938,0.052
566000,0.010,0.937,0.053
566500,0.010,0.815,0.175
567000,0.010,0.907,0.083
567500,0.010,0.964,0.026
568000,0.010,0.850,0.140
568500,0.010,0.892,0.098
569000,0.010,0.838,0.152
569500,0.010,0.874,0.116
570000,0.010,0.965,0.025
570500,0.010,0.911,0.079
571000,0.010,0.970,0.020
571500,0.010,0.884,0.106
572000,0.010,0.971,0.019
572500,0.010,0.990,0.000
573000,0.010,0.892,0.098
573500,0.010,0.974,0.016
574000,0.010,0.854,0.136
574500,0.010,0.940,0.050
575000,0.010,0.910,0.080
575500,0.010,0.787,0.203
576000,0.010,0.956,0.034
576500,0.010,0.867,0.123
577000,0.010,0.987,0.003
577500,0.010,0.886,0.104
578000,0.010,0.987,0.003
578500,0.010,0.866,0.124
579000,0.010,0.841,0.149
579500,0.010,0.936,0.054
580000,0.010,0.861,0.129
580500,0.010,0.818,0.172
581000,0.010,0.936,0.054
581500,0.010,0.877,0.113
582000,0.010,0.857,0.133
582500,0.010,0.984,0.006
583000,0.010,0.883,0.107
583500,0.010,0.895,0.095
584000,0.010,0.909,0.081
584500,0.010,0.781,0.209
585000,0.010,0.918,0.072
585500,0.010,0.881,0.109
586000,0.010,0.906,0.084
586500,0.010,0.838,0.152
587000,0.010,0.977,0.013
587500,0.010,0.985,0.005
588000,0.010,0.911,0.079
588500,0.010,0.940,0.050
589000,0.010,0.928,0.062
589500,0.010,0.922,0.068
590000,0.010,0.913,0.077
590500,0.010,0.853,0.137
591000,0.010,0.980,0.010
591500,0.010,0.987,0.003
592000,0.010,0.824,0.166
592500,0.010,0.946,0.044
593000,0.010,0.890,0.100
593500,0.010,0.983,0.007
594000,0.010,0.981,0.009
594500,0.010,0.694,0.296
595000,0.010,0.884,0.106
595500,0.010,0.968,0.022
596000,0.010,0.988,0.002
596500,0.010,0.838,0.152
597000,0.010,0.871,0.119
597500,0.010,0.970,0.020
598000,0.010,0.677,0.313
598500,0.010,0.635,0.355
599000,0.010,0.984,0.006
599500,0.010,0.925,0.065
600000,0.010,0.886,0.104
600500,0.010,0.972,0.018
601000,0.010,0.971,0.019
601500,0.010,0.875,0.115
602000,0.010,0.878,0.112
602500,0.010,0.938,0.052
603000,0.010,0.924,0.066
603500,0.010,0.942,0.048
604000,0.010,0.838,0.152
604500,0.010,0.910,0.080
605000,0.010,0.794,0.196
605500,0.010,0.819,0.171
606000,0.010,0.914,0.076
606500,0.010,0.854,0.136
607000,0.010,0.914,0.076
607500,0.010,0.956,0.034
608000,0.010,0.937,0.053
608500,0.010,0.794,0.196
609000,0.010,0.937,0.053
609500,0.010,0.990,0.000
610000,0.010,0.729,0.261
610500,0.010,0.985,0.005
611000,0.010,0.990,0.000
611500,0.010,0.866,0.124
612000,0.010,0.905,0.085
612500,0.010,0.927,0.063
613000,0.010,0.818,0.172
613500,0.010,0.798,0.192
614000,0.010,0.837,0.153
614500,0.010,0.893,0.097
615000,0.010,0.978,0.012
615500,0.010,0.924,0.066
616000,0.010,0.684,0.306
616500,0.010,0.978,0.012
617000,0.010,0.956,0.034
617500,0.010,0.937,0.053
618000,0.010,0.910,0.080
618500,0.010,0.986,0.004
619000,0.010,0.962,0.028
619500,0.010,0.842,0.148
620000,0.010,0.973,0.017
620500,0.010,0.888,0.102
621000,0.010,0.974,0.016
621500,0.010,0.966,0.024
622000,0.010,0.987,0.003
622500,0.010,0.939,0.051
623000,0.010,0.962,0.028
623500,0.010,0.957,0.033
624000,0.010,0.970,0.020
624500,0.010,0.960,0.030
625000,0.010,0.810,0.180
625500,0.010,0.947,0.043
626000,0.010,0.717,0.273
626500,0.010,0.891,0.099
627000,0.010,0.970,0.020
627500,0.010,0.941,0.049
628000,0.010,0.821,0.169
628500,0.010,0.947,0.043
629000,0.010,0.677,0.313
629500,0.010,0.917,0.073
630000,0.010,0.959,0.031
630500,0.010,0.911,0.079
631000,0.010,0.984,0.006
631500,0.010,0.915,0.075
632000,0.010,0.984,0.006
632500,0.010,0.874,0.116
633000,0.010,0.859,0.131
633500,0.010,0.983,0.007
634000,0.010,0.988,0.002
634500,0.010,0.823,0.167
635000,0.010,0.886,0.104
635500,0.010,0.918,0.072
636000,0.010,0.835,0.155
636500,0.010,0.891,0.099
637000,0.010,0.779,0.211
637500,0.010,0.962,0.028
638000,0.010,0.881,0.109
638500,0.010,0.976,0.014
639000,0.010,0.911,0.079
639500,0.010,0.983,0.007
640000,0.010,0.941,0.049
640500,0.010,0.927,0.063
641000,0.010,0.943,0.047
641500,0.010,0.951,0.039
642000,0.010,0.831,0.159
642500,0.010,0.973,0.017
643000,0.010,0.812,0.178
643500,0.010,0.987,0.003
644000,0.010,0.909,0.081
644500,0.010,0.866,0.124
645000,0.010,0.890,0.100
645500,0.010,0.880,0.110
646000,0.010,0.846,0.144
646500,0.010,0.934,0.056
647000,0.010,0.975,0.015
647500,0.010,0.915,0.075
648000,0.010,0.815,0.175
648500,0.010,0.962,0.028
649000,0.010,0.922,0.068
649500,0.010,0.913,0.077
650000,0.010,0.906,0.084
650500,0.010,0.958,0.032
651000,0.010,0.951,0.039
651500,0.010,0.877,0.113
652000,0.010,0.883,0.107
652500,0.010,0.826,0.164
653000,0.010,0.955,0.035
653500,0.010,0.922,0.068
654000,0.010,0.988,0.002
654500,0.010,0.880,0.110
655000,0.010,0.943,0.047
655500,0.010,0.743,0.247
656000,0.010,0.846,0.144
656500,0.010,0.916,0.074
657000,0.010,0.963,0.027
657500,0.010,0.891,0.099
658000,0.010,0.740,0.250
658500,0.010,0.985,0.005
659000,0.010,0.978,0.012
659500,0.010,0.988,0.002
660000,0.010,0.931,0.059
660500,0.010,0.944,0.046
661000,0.010,0.968,0.022
661500,0.010,0.944,0.046
662000,0.010,0.987,0.003
662500,0.010,0.873,0.117
663000,0.010,0.820,0.170
663500,0.010,0.865,0.125
664000,0.010,0.981,0.009
664500,0.010,0.949,0.041
665000,0.010,0.930,0.060
665500,0.010,0.565,0.425
666000,0.010,0.960,0.030
666500,0.010,0.919,0.071
667000,0.010,0.950,0.040
667500,0.010,0.970,0.020
668000,0.010,0.891,0.099
668500,0.010,0.968,0.022
669000,0.010,0.984,0.006
669500,0.010,0.953,0.037
670000,0.010,0.910,0.080
670500,0.010,0.990,0.000
671000,0.010,0.973,0.017
671500,0.010,0.952,0.038
672000,0.010,0.885,0.105
672500,0.010,0.982,0.008
673000,0.010,0.902,0.088
673500,0.010,0.988,0.002
674000,0.010,0.908,0.082
674500,0.010,0.953,0.037
675000,0.010,0.914,0.076
675500,0.010,0.869,0.121
676000,0.010,0.971,0.019
676500,0.010,0.942,0.048
677000,0.010,0.953,0.037
677500,0.010,0.928,0.062
678000,0.010,0.881,0.109
678500,0.010,0.942,0.048
679000,0.010,0.823,0.167
679500,0.010,0.980,0.010
680000,0.010,0.960,0.030
680500,0.010,0.946,0.044
681000,0.010,0.876,0.114
681500,0.010,0.924,0.066
682000,0.010,0.765,0.225
682500,0.010,0.990,0.000
683000,0.010,0.870,0.120
683500,0.010,0.964,0.026
684000,0.010,0.982,0.008
684500,0.010,0.837,0.153
685000,0.010,0.976,0.014
685500,0.010,0.960,0.030
686000,0.010,0.873,0.117
686500,0.010,0.990,0.000
687000,0.010,0.922,0.068
687500,0.010,0.902,0.088
688000,0.010,0.959,0.031
688500,0.010,0.889,0.101
689000,0.010,0.900,0.090
689500,0.010,0.836,0.154
690000,0.010,0.885,0.105
690500,0.010,0.864,0.126
691000,0.010,0.988,0.002
691500,0.010,0.911,0.079
692000,0.010,0.911,0.079
692500,0.010,0.943,0.047
693000,0.010,0.881,0.109
693500,0.010,0.914,0.076
694000,0.010,0.887,0.103
694500,0.010,0.831,0.159
695000,0.010,0.893,0.097
695500,0.010,0.987,0.003
696000,0.010,0.818,0.172
696500,0.010,0.956,0.034
697000,0.010,0.640,0.350
697500,0.010,0.787,0.203
698000,0.010,0.915,0.075
698500,0.010,0.880,0.110
699000,0.010,0.916,0.074
699500,0.010,0.785,0.205
700000,0.010,0.908,0.082
700500,0.010,0.961,0.029
701000,0.010,0.681,0.309
701500,0.010,0.895,0.095
702000,0.010,0.981,0.009
702500,0.010,0.984,0.006
703000,0.010,0.939,0.051
703500,0.010,0.952,0.038
704000,0.010,0.950,0.040
704500,0.010,0.908,0.082
705000,0.010,0.782,0.208
705500,0.010,0.984,0.006
706000,0.010,0.990,0.000
706500,0.010,0.835,0.155
707000,0.010,0.883,0.107
707500,0.010,0.983,0.007
708000,0.010,0.885,0.105
708500,0.010,0.839,0.151
709000,0.010,0.872,0.118
709500,0.010,0.834,0.156
710000,0.010,0.948,0.042
710500,0.010,0.804,0.186
711000,0.010,0.842,0.148
711500,0.010,0.561,0.429
712000,0.010,0.881,0.109
712500,0.010,0.954,0.036
713000,0.010,0.938,0.052
713500,0.010,0.972,0.018
714000,0.010,0.892,0.098
714500,0.010,0.966,0.024
715000,0.010,0.852,0.138
715500,0.010,0.920,0.070
716000,0.010,0.803,0.187
716500,0.010,0.816,0.174
717000,0.010,0.983,0.007
717500,0.010,0.944,0.046
718000,0.010,0.990,0.000
718500,0.010,0.985,0.005
719000,0.010,0.978,0.012
719500,0.010,0.956,0.034
720000,0.010,0.948,0.042
720500,0.010,0.976,0.014
721000,0.010,0.962,0.028
721500,0.010,0.834,0.156
722000,0.010,0.833,0.157
722500,0.010,0.817,0.173
723000,0.010,0.984,0.006
723500,0.010,0.962,0.028
724000,0.010,0.935,0.055
724500,0.010,0.906,0.084
725000,0.010,0.888,0.102
725500,0.010,0.919,0.071
726000,0.010,0.788,0.202
726500,0.010,0.979,0.011
727000,0.010,0.960,0.030
727500,0.010,0.873,0.117
728000,0.010,0.860,0.130
728500,0.010,0.948,0.042
729000,0.010,0.986,0.004
729500,0.010,0.924,0.066
730000,0.010,0.789,0.201
730500,0.010,0.891,0.099
731000,0.010,0.831,0.159
731500,0.010,0.944,0.046
732000,0.010,0.861,0.129
732500,0.010,0.990,0.000
733000,0.010,0.954,0.036
733500,0.010,0.968,0.022
734000,0.010,0.987,0.003
734500,0.010,0.870,0.120
735000,0.010,0.956,0.034
735500,0.010,0.920,0.070
736000,0.010,0.968,0.022
736500,0.010,0.947,0.043
737000,0.010,0.990,0.000
737500,0.010,0.835,0.155
738000,0.010,0.833,0.157
738500,0.010,0.868,0.122
739000,0.010,0.895,0.095
739500,0.010,0.799,0.191
740000,0.010,0.936,0.054
740500,0.010,0.707,0.283
741000,0.010,0.940,0.050
741500,0.010,0.984,0.006
742000,0.010,0.766,0.224
742500,0.010,0.886,0.104
743000,0.010,0.985,0.005
743500,0.010,0.946,0.044
744000,0.010,0.902,0.088
744500,0.010,0.793,0.197
745000,0.010,0.922,0.068
745500,0.010,0.957,0.033
746000,0.010,0.934,0.056
746500,0.010,0.982,0.008
747000,0.010,0.832,0.158
747500,0.010,0.892,0.098
748000,0.010,0.950,0.040
748500,0.010,0.673,0.317
749000,0.010,0.900,0.090
749500,0.010,0.957,0.033
750000,0.010,0.916,0.074
750500,0.010,0.889,0.101
751000,0.010,0.974,0.016
751500,0.010,0.977,0.013
752000,0.010,0.988,0.002
752500,0.010,0.930,0.060
753000,0.010,0.911,0.079
753500,0.010,0.976,0.014
754000,0.010,0.983,0.007
754500,0.010,0.836,0.154
755000,0.010,0.976,0.014
755500,0.010,0.704,0.286
756000,0.010,0.847,0.143
756500,0.010,0.966,0.024
757000,0.010,0.923,0.067
757500,0.010,0.859,0.131
758000,0.010,0.769,0.221
758500,0.010,0.972,0.018
759000,0.010,0.768,0.222
759500,0.010,0.984,0.006
760000,0.010,0.975,0.015
760500,0.010,0.934,0.056
761000,0.010,0.979,0.011
761500,0.010,0.894,0.096
762000,0.010,0.831,0.159
762500,0.010,0.922,0.068
763000,0.010,0.932,0.058
763500,0.010,0.876,0.114
764000,0.010,0.775,0.215
764500,0.010,0.734,0.256
765000,0.010,0.709,0.281
765500,0.010,0.957,0.033
766000,0.010,0.955,0.035
766500,0.010,0.989,0.001
767000,0.010,0.975,0.015
767500,0.010,0.871,0.119
768000,0.010,0.947,0.043
768500,0.010,0.921,0.069
769000,0.010,0.956,0.034
769500,0.010,0.819,0.171
770000,0.010,0.712,0.278
770500,0.010,0.847,0.143
771000,0.010,0.952,0.038
771500,0.010,0.878,0.112
772000,0.010,0.964,0.026
772500,0.010,0.973,0.017
773000,0.010,0.855,0.135
773500,0.010,0.945,0.045
774000,0.010,0.877,0.113
774500,0.010,0.990,0.000
775000,0.010,0.935,0.055
775500,0.010,0.812,0.178
776000,0.010,0.959,0.031
776500,0.010,0.923,0.067
777000,0.010,0.867,0.123
777500,0.010,0.922,0.068
778000,0.010,0.752,0.238
778500,0.010,0.829,0.161
779000,0.010,0.858,0.132
779500,0.010,0.872,0.118
780000,0.010,0.988,0.002
780500,0.010,0.959,0.031
781000,0.010,0.989,0.001
781500,0.010,0.813,0.177
782000,0.010,0.949,0.041
782500,0.010,0.928,0.062
783000,0.010,0.940,0.050
783500,0.010,0.956,0.034
784000,0.010,0.927,0.063
784500,0.010,0.576,0.414
785000,0.010,0.886,0.104
785500,0.010,0.764,0.226
786000,0.010,0.942,0.048
786500,0.010,0.827,0.163
787000,0.010,0.901,0.089
787500,0.010,0.871,0.119
788000,0.010,0.927,0.063
788500,0.010,0.970,0.020
789000,0.010,0.990,0.000
789500,0.010,0.982,0.008
790000,0.010,0.888,0.102
790500,0.010,0.971,0.019
791000,0.010,0.851,0.139
791500,0.010,0.857,0.133
792000,0.010,0.989,0.001
792500,0.010,0.944,0.046
793000,0.010,0.700,0.290
793500,0.010,0.828,0.162
794000,0.010,0.782,0.208
794500,0.010,0.919,0.071
795000,0.010,0.918,0.072
795500,0.010,0.899,0.091
796000,0.010,0.885,0.105
796500,0.010,0.851,0.139
797000,0.010,0.877,0.113
797500,0.010,0.759,0.231
798000,0.010,0.940,0.050
798500,0.010,0.922,0.068
799000,0.010,0.680,0.310
799500,0.010,0.875,0.115
800000,0.010,0.940,0.050
800500,0.010,0.954,0.036
801000,0.010,0.986,0.004
801500,0.010,0.963,0.027
802000,0.010,0.834,0.156
802500,0.010,0.878,0.112
803000,0.010,0.855,0.135
803500,0.010,0.953,0.037
804000,0.010,0.973,0.017
804500,0.010,0.990,0.000
805000,0.010,0.853,0.137
805500,0.010,0.934,0.056
806000,0.010,0.930,0.060
806500,0.010,0.952,0.038
807000,0.010,0.766,0.224
807500,0.010,0.990,0.000
808000,0.010,0.990,0.000
808500,0.010,0.989,0.001
809000,0.010,0.874,0.116
809500,0.010,0.937,0.053
810000,0.010,0.965,0.025
810500,0.010,0.869,0.121
811000,0.010,0.931,0.059
811500,0.010,0.882,0.108
812000,0.010,0.810,0.180
812500,0.010,0.929,0.061
813000,0.010,0.836,0.154
813500,0.010,0.922,0.068
814000,0.010,0.886,0.104
814500,0.010,0.789,0.201
815000,0.010,0.847,0.143
815500,0.010,0.786,0.204
816000,0.010,0.986,0.004
816500,0.010,0.922,0.068
817000,0.010,0.929,0.061
817500,0.010,0.778,0.212
818000,0.010,0.899,0.091
818500,0.010,0.959,0.031
819000,0.010,0.951,0.039
819500,0.010,0.945,0.045
820000,0.010,0.853,0.137
820500,0.010,0.766,0.224
821000,0.010,0.878,0.112
821500,0.010,0.896,0.094
822000,0.010,0.720,0.270
822500,0.010,0.936,0.054
823000,0.010,0.975,0.015
823500,0.010,0.747,0.243
824000,0.010,0.946,0.044
824500,0.010,0.837,0.153
825000,0.010,0.986,0.004
825500,0.010,0.860,0.130
826000,0.010,0.965,0.025
826500,0.010,0.985,0.005
827000,0.010,0.876,0.114
827500,0.010,0.990,0.000
828000,0.010,0.988,0.002
828500,0.010,0.871,0.119
829000,0.010,0.914,0.076
829500,0.010,0.976,0.014
830000,0.010,0.964,0.026
830500,0.010,0.897,0.093
831000,0.010,0.861,0.129
831500,0.010,0.920,0.070
832000,0.010,0.908,0.082
832500,0.010,0.941,0.049
833000,0.010,0.979,0.011
833500,0.010,0.885,0.105
834000,0.010,0.970,0.020
834500,0.010,0.923,0.067
835000,0.010,0.631,0.359
835500,0.010,0.900,0.090
836000,0.010,0.925,0.065
836500,0.010,0.889,0.101
837000,0.010,0.752,0.238
837500,0.010,0.982,0.008
838000,0.010,0.982,0.008
838500,0.010,0.746,0.244
839000,0.010,0.847,0.143
839500,0.010,0.662,0.328
840000,0.010,0.975,0.015
840500,0.010,0.952,0.038
841000,0.010,0.947,0.043
841500,0.010,0.704,0.286
842000,0.010,0.857,0.133
842500,0.010,0.880,0.110
843000,0.010,0.932,0.058
843500,0.010,0.846,0.144
844000,0.010,0.965,0.025
844500,0.010,0.897,0.093
845000,0.010,0.975,0.015
845500,0.010,0.936,0.054
846000,0.010,0.990,0.000
846500,0.010,0.811,0.179
847000,0.010,0.897,0.093
847500,0.010,0.834,0.156
848000,0.010,0.838,0.152
848500,0.010,0.933,0.057
849000,0.010,0.926,0.064
849500,0.010,0.936,0.054
850000,0.010,0.906,0.084
850500,0.010,0.987,0.003
851000,0.010,0.947,0.043
851500,0.010,0.987,0.003
852000,0.010,0.989,0.001
852500,0.010,0.872,0.118
853000,0.010,0.949,0.041
853500,0.010,0.699,0.291
854000,0.010,0.818,0.172
854500,0.010,0.605,0.385
855000,0.010,0.907,0.083
855500,0.010,0.955,0.035
856000,0.010,0.987,0.003
856500,0.010,0.864,0.126
857000,0.010,0.947,0.043
857500,0.010,0.864,0.126
858000,0.010,0.974,0.016
858500,0.010,0.962,0.028
859000,0.010,0.990,0.000
859500,0.010,0.926,0.064
860000,0.010,0.930,0.060
860500,0.010,0.965,0.025
861000,0.010,0.954,0.036
861500,0.010,0.787,0.203
862000,0.010,0.982,0.008
862500,0.010,0.958,0.032
863000,0.010,0.909,0.081
863500,0.010,0.902,0.088
864000,0.010,0.978,0.012
864500,0.010,0.972,0.018
865000,0.010,0.913,0.077
865500,0.010,0.983,0.007
866000,0.010,0.956,0.034
866500,0.010,0.937,0.053
867000,0.010,0.866,0.124
867500,0.010,0.857,0.133
868000,0.010,0.869,0.121
868500,0.010,0.771,0.219
869000,0.010,0.892,0.098
869500,0.010,0.823,0.167
870000,0.010,0.712,0.278
870500,0.010,0.959,0.031
871000,0.010,0.838,0.152
871500,0.010,0.848,0.142
872000,0.010,0.988,0.002
872500,0.010,0.937,0.053
873000,0.010,0.963,0.027
873500,0.010,0.864,0.126
874000,0.010,0.872,0.118
874500,0.010,0.790,0.200
875000,0.010,0.920,0.070
875500,0.010,0.935,0.055
876000,0.010,0.854,0.136
876500,0.010,0.953,0.037
877000,0.010,0.990,0.000
877500,0.010,0.953,0.037
878000,0.010,0.989,0.001
878500,0.010,0.623,0.367
879000,0.010,0.972,0.018
879500,0.010,0.927,0.063
880000,0.010,0.897,0.093
880500,0.010,0.973,0.017
881000,0.010,0.973,0.017
881500,0.010,0.964,0.026
882000,0.010,0.953,0.037
882500,0.010,0.979,0.011
883000,0.010,0.940,0.050
883500,0.010,0.958,0.032
884000,0.010,0.981,0.009
884500,0.010,0.937,0.053
885000,0.010,0.853,0.137
885500,0.010,0.875,0.115
886000,0.010,0.951,0.039
886500,0.010,0.960,0.030
887000,0.010,0.990,0.000
887500,0.010,0.886,0.104
888000,0.010,0.926,0.064
888500,0.010,0.974,0.016
889000,0.010,0.885,0.105
889500,0.010,0.833,0.157
890000,0.010,0.870,0.120
890500,0.010,0.855,0.135
891000,0.010,0.942,0.048
891500,0.010,0.813,0.177
892000,0.010,0.920,0.070
892500,0.010,0.987,0.003
893000,0.010,0.980,0.010
893500,0.010,0.990,0.000
894000,0.010,0.989,0.001
894500,0.010,0.989,0.001
895000,0.010,0.967,0.023
895500,0.010,0.968,0.022
896000,0.010,0.960,0.030
896500,0.010,0.897,0.093
897000,0.010,0.922,0.068
897500,0.010,0.912,0.078
898000,0.010,0.636,0.354
898500,0.010,0.758,0.232
899000,0.010,0.849,0.141
899500,0.010,0.677,0.313
900000,0.010,0.906,0.084
900500,0.010,0.941,0.049
901000,0.010,0.966,0.024
901500,0.010,0.749,0.241
902000,0.010,0.979,0.011
902500,0.010,0.900,0.090
903000,0.010,0.841,0.149
903500,0.010,0.843,0.147
904000,0.010,0.885,0.105
904500,0.010,0.751,0.239
905000,0.010,0.977,0.013
905500,0.010,0.979,0.011
906000,0.010,0.986,0.004
906500,0.010,0.780,0.210
907000,0.010,0.945,0.045
907500,0.010,0.863,0.127
908000,0.010,0.869,0.121
908500,0.010,0.985,0.005
909000,0.010,0.989,0.001
909500,0.010,0.917,0.073
910000,0.010,0.772,0.218
910500,0.010,0.799,0.191
911000,0.010,0.955,0.035
911500,0.010,0.968,0.022
912000,0.010,0.987,0.003
912500,0.010,0.990,0.000
913000,0.010,0.928,0.062
913500,0.010,0.951,0.039
914000,0.010,0.927,0.063
914500,0.010,0.909,0.081
915000,0.010,0.947,0.043
915500,0.010,0.920,0.070
916000,0.010,0.862,0.128
916500,0.010,0.982,0.008
917000,0.010,0.978,0.012
917500,0.010,0.845,0.145
918000,0.010,0.808,0.182
918500,0.010,0.783,0.207
919000,0.010,0.969,0.021
919500,0.010,0.978,0.012
920000,0.010,0.859,0.131
920500,0.010,0.926,0.064
921000,0.010,0.581,0.409
921500,0.010,0.989,0.001
922000,0.010,0.962,0.028
922500,0.010,0.982,0.008
923000,0.010,0.967,0.023
923500,0.010,0.825,0.165
924000,0.010,0.882,0.108
924500,0.010,0.974,0.016
925000,0.010,0.967,0.023
925500,0.010,0.877,0.113
926000,0.010,0.989,0.001
926500,0.010,0.725,0.265
927000,0.010,0.941,0.049
927500,0.010,0.913,0.077
928000,0.010,0.952,0.038
928500,0.010,0.955,0.035
929000,0.010,0.840,0.150
929500,0.010,0.955,0.035
930000,0.010,0.986,0.004
930500,0.010,0.978,0.012
931000,0.010,0.947,0.043
931500,0.010,0.848,0.142
932000,0.010,0.945,0.045
932500,0.010,0.711,0.279
933000,0.010,0.841,0.149
933500,0.010,0.934,0.056
934000,0.010,0.822,0.168
934500,0.010,0.949,0.041
935000,0.010,0.923,0.067
935500,0.010,0.698,0.292
936000,0.010,0.936,0.054
936500,0.010,0.919,0.071
937000,0.010,0.864,0.126
937500,0.010,0.930,0.060
938000,0.010,0.934,0.056
938500,0.010,0.928,0.062
939000,0.010,0.951,0.039
939500,0.010,0.922,0.068
940000,0.010,0.938,0.052
940500,0.010,0.884,0.106
941000,0.010,0.844,0.146
941500,0.010,0.954,0.036
942000,0.010,0.955,0.035
942500,0.010,0.986,0.004
943000,0.010,0.989,0.001
943500,0.010,0.940,0.050
944000,0.010,0.747,0.243
944500,0.010,0.700,0.290
945000,0.010,0.699,0.291
945500,0.010,0.895,0.095
946000,0.010,0.947,0.043
946500,0.010,0.942,0.048
947000,0.010,0.912,0.078
947500,0.010,0.920,0.070
948000,0.010,0.870,0.120
948500,0.010,0.897,0.093
949000,0.010,0.909,0.081
949500,0.010,0.885,0.105
950000,0.010,0.920,0.070
950500,0.010,0.980,0.010
951000,0.010,0.967,0.023
951500,0.010,0.904,0.086
952000,0.010,0.906,0.084
952500,0.010,0.779,0.211
953000,0.010,0.883,0.107
953500,0.010,0.852,0.138
954000,0.010,0.864,0.126
954500,0.010,0.940,0.050
955000,0.010,0.884,0.106
955500,0.010,0.960,0.030
956000,0.010,0.963,0.027
956500,0.010,0.966,0.024
957000,0.010,0.829,0.161
957500,0.010,0.990,0.000
958000,0.010,0.875,0.115
958500,0.010,0.967,0.023
959000,0.010,0.878,0.112
959500,0.010,0.989,0.001
960000,0.010,0.817,0.173
960500,0.010,0.872,0.118
961000,0.010,0.987,0.003
961500,0.010,0.972,0.018
962000,0.010,0.949,0.041
962500,0.010,0.861,0.129
963000,0.010,0.936,0.054
963500,0.010,0.973,0.017
964000,0.010,0.800,0.190
964500,0.010,0.939,0.051
965000,0.010,0.834,0.156
965500,0.010,0.964,0.026
966000,0.010,0.989,0.001
966500,0.010,0.956,0.034
967000,0.010,0.918,0.072
967500,0.010,0.940,0.050
968000,0.010,0.908,0.082
968500,0.010,0.904,0.086
969000,0.010,0.910,0.080
969500,0.010,0.863,0.127
970000,0.010,0.606,0.384
970500,0.010,0.866,0.124
971000,0.010,0.952,0.038
971500,0.010,0.869,0.121
972000,0.010,0.885,0.105
972500,0.010,0.948,0.042
973000,0.010,0.869,0.121
973500,0.010,0.892,0.098
974000,0.010,0.990,0.000
974500,0.010,0.923,0.067
975000,0.010,0.961,0.029
975500,0.010,0.974,0.016
976000,0.010,0.860,0.130
976500,0.010,0.774,0.216
977000,0.010,0.755,0.235
977500,0.010,0.924,0.066
978000,0.010,0.989,0.001
978500,0.010,0.990,0.000
979000,0.010,0.827,0.163
979500,0.010,0.957,0.033
980000,0.010,0.978,0.012
980500,0.010,0.928,0.062
981000,0.010,0.798,0.192
981500,0.010,0.934,0.056
982000,0.010,0.735,0.255
982500,0.010,0.989,0.001
983000,0.010,0.891,0.099
983500,0.010,0.938,0.052
984000,0.010,0.952,0.038
984500,0.010,0.975,0.015
985000,0.010,0.941,0.049
985500,0.010,0.958,0.032
986000,0.010,0.823,0.167
986500,0.010,0.962,0.028
987000,0.010,0.910,0.080
987500,0.010,0.981,0.009
988000,0.010,0.916,0.074
988500,0.010,0.877,0.113
989000,0.010,0.921,0.069
989500,0.010,0.909,0.081
990000,0.010,0.861,0.129
990500,0.010,0.871,0.119
991000,0.010,0.856,0.134
991500,0.010,0.944,0.046
992000,0.010,0.883,0.107
992500,0.010,0.990,0.000
993000,0.010,0.990,0.000
993500,0.010,0.972,0.018
994000,0.010,0.852,0.138
994500,0.010,0.805,0.185
995000,0.010,0.530,0.460
995500,0.010,0.852,0.138
996000,0.010,0.717,0.273
996500,0.010,0.909,0.081
997000,0.010,0.983,0.007
997500,0.010,0.949,0.041
998000,0.010,0.983,0.007
998500,0.010,0.966,0.024
999000,0.010,0.946,0.044
999500,0.010,0.990,0.000
1000000,0.010,0.776,0.214
