time,n_A+p,n_B,n_AB
500,0.010,0.983,0.007
1000,0.010,0.935,0.055
1500,0.010,0.962,0.028
2000,0.010,0.983,0.007
2500,0.010,0.964,0.026
3000,0.010,0.965,0.025
3500,0.010,0.953,0.037
4000,0.010,0.969,0.021
4500,0.010,0.955,0.035
5000,0.010,0.959,0.031
5500,0.010,0.959,0.031
6000,0.010,0.968,0.022
6500,0.010,0.980,0.010
7000,0.010,0.975,0.015
7500,0.010,0.963,0.027
8000,0.010,0.950,0.040
8500,0.010,0.964,0.026
9000,0.010,0.972,0.018
9500,0.010,0.939,0.051
10000,0.010,0.956,0.034
10500,0.010,0.967,0.023
11000,0.010,0.974,0.016
11500,0.010,0.958,0.032
12000,0.010,0.965,0.025
12500,0.010,0.989,0.001
13000,0.010,0.949,0.041
13500,0.010,0.947,0.043
14000,0.010,0.966,0.024
14500,0.010,0.979,0.011
15000,0.010,0.973,0.017
15500,0.010,0.977,0.013
16000,0.010,0.943,0.047
16500,0.010,0.968,0.022
17000,0.010,0.914,0.076
17500,0.010,0.967,0.023
18000,0.010,0.981,0.009
18500,0.010,0.980,0.010
19000,0.010,0.983,0.007
19500,0.010,0.954,0.036
20000,0.010,0.956,0.034
20500,0.010,0.912,0.078
21000,0.010,0.980,0.010
21500,0.010,0.964,0.026
22000,0.010,0.972,0.018
22500,0.010,0.952,0.038
23000,0.010,0.952,0.038
23500,0.010,0.963,0.027
24000,0.010,0.986,0.004
24500,0.010,0.985,0.005
25000,0.010,0.963,0.027
25500,0.010,0.955,0.035
26000,0.010,0.931,0.058
26500,0.010,0.943,0.047
27000,0.010,0.932,0.057
27500,0.010,0.942,0.048
28000,0.010,0.956,0.034
28500,0.010,0.972,0.018
29000,0.010,0.954,0.036
29500,0.010,0.945,0.045
30000,0.010,0.951,0.039
30500,0.010,0.976,0.014
31000,0.010,0.942,0.048
31500,0.010,0.960,0.030
32000,0.010,0.942,0.048
32500,0.010,0.957,0.033
33000,0.010,0.956,0.034
33500,0.010,0.976,0.014
34000,0.010,0.960,0.030
34500,0.010,0.935,0.055
35000,0.010,0.953,0.037
35500,0.010,0.966,0.024
36000,0.010,0.962,0.028
36500,0.010,0.906,0.084
37000,0.010,0.952,0.038
37500,0.010,0.909,0.081
38000,0.010,0.974,0.016
38500,0.010,0.973,0.017
39000,0.010,0.974,0.016
39500,0.010,0.968,0.022
40000,0.010,0.975,0.015
40500,0.010,0.961,0.029
41000,0.010,0.985,0.005
41500,0.010,0.970,0.020
42000,0.010,0.975,0.015
42500,0.010,0.980,0.010
43000,0.010,0.961,0.029
43500,0.010,0.969,0.021
44000,0.010,0.971,0.019
44500,0.010,0.968,0.022
45000,0.010,0.970,0.020
45500,0.010,0.928,0.062
46000,0.010,0.967,0.023
46500,0.010,0.966,0.024
47000,0.010,0.986,0.004
47500,0.010,0.985,0.005
48000,0.010,0.959,0.031
48500,0.010,0.960,0.030
49000,0.010,0.971,0.019
49500,0.010,0.963,0.027
50000,0.010,0.966,0.024
50500,0.010,0.965,0.025
51000,0.010,0.955,0.035
51500,0.010,0.982,0.008
52000,0.010,0.989,0.001
52500,0.010,0.981,0.009
53000,0.010,0.974,0.016
53500,0.010,0.929,0.061
54000,0.010,0.970,0.020
54500,0.010,0.963,0.027
55000,0.010,0.942,0.048
55500,0.010,0.973,0.017
56000,0.010,0.920,0.070
56500,0.010,0.936,0.054
57000,0.010,0.973,0.017
57500,0.010,0.967,0.023
58000,0.010,0.969,0.021
58500,0.010,0.980,0.010
59000,0.010,0.935,0.055
59500,0.010,0.898,0.092
60000,0.010,0.958,0.032
60500,0.010,0.957,0.033
61000,0.010,0.950,0.040
61500,0.010,0.947,0.043
62000,0.010,0.966,0.024
62500,0.010,0.987,0.003
63000,0.010,0.978,0.012
63500,0.010,0.971,0.019
64000,0.010,0.985,0.005
64500,0.010,0.966,0.024
65000,0.010,0.958,0.032
65500,0.010,0.940,0.050
66000,0.010,0.965,0.025
66500,0.010,0.986,0.004
67000,0.010,0.986,0.004
67500,0.010,0.968,0.022
68000,0.010,0.954,0.036
68500,0.010,0.973,0.017
69000,0.010,0.940,0.050
69500,0.010,0.968,0.022
70000,0.010,0.930,0.060
70500,0.010,0.968,0.022
71000,0.010,0.957,0.033
71500,0.010,0.964,0.026
72000,0.010,0.951,0.039
72500,0.010,0.946,0.044
73000,0.010,0.984,0.006
73500,0.010,0.979,0.011
74000,0.010,0.971,0.019
74500,0.010,0.967,0.023
75000,0.010,0.937,0.053
75500,0.010,0.924,0.066
76000,0.010,0.948,0.042
76500,0.010,0.959,0.031
77000,0.010,0.977,0.013
77500,0.010,0.961,0.029
78000,0.010,0.978,0.012
78500,0.010,0.943,0.047
79000,0.010,0.946,0.044
79500,0.010,0.969,0.021
80000,0.010,0.979,0.011
80500,0.010,0.968,0.022
81000,0.010,0.978,0.012
81500,0.010,0.974,0.016
82000,0.010,0.967,0.023
82500,0.010,0.961,0.029
83000,0.010,0.951,0.039
83500,0.010,0.917,0.073
84000,0.010,0.961,0.029
84500,0.010,0.954,0.036
85000,0.010,0.957,0.033
85500,0.010,0.957,0.033
86000,0.010,0.961,0.029
86500,0.010,0.943,0.047
87000,0.010,0.969,0.021
87500,0.010,0.957,0.033
88000,0.010,0.942,0.048
88500,0.010,0.987,0.003
89000,0.010,0.977,0.013
89500,0.010,0.968,0.022
90000,0.010,0.896,0.094
90500,0.010,0.949,0.041
91000,0.010,0.891,0.099
91500,0.010,0.959,0.031
92000,0.010,0.933,0.056
92500,0.010,0.946,0.044
93000,0.010,0.941,0.049
93500,0.010,0.960,0.030
94000,0.010,0.970,0.020
94500,0.010,0.948,0.042
95000,0.010,0.942,0.048
95500,0.010,0.965,0.025
96000,0.010,0.957,0.033
96500,0.010,0.962,0.028
97000,0.010,0.949,0.041
97500,0.010,0.955,0.035
98000,0.010,0.988,0.002
98500,0.010,0.965,0.025
99000,0.010,0.940,0.050
99500,0.010,0.967,0.023
100000,0.010,0.982,0.008
100500,0.010,0.977,0.013
101000,0.010,0.956,0.034
101500,0.010,0.982,0.008
102000,0.010,0.976,0.014
102500,0.010,0.960,0.030
103000,0.010,0.953,0.037
103500,0.010,0.935,0.055
104000,0.010,0.960,0.030
104500,0.010,0.958,0.032
105000,0.010,0.936,0.054
105500,0.010,0.942,0.048
106000,0.010,0.968,0.022
106500,0.010,0.961,0.029
107000,0.010,0.980,0.010
107500,0.010,0.939,0.051
108000,0.010,0.948,0.042
108500,0.010,0.964,0.026
109000,0.010,0.963,0.027
109500,0.010,0.938,0.052
110000,0.010,0.968,0.022
110500,0.010,0.951,0.039
111000,0.010,0.934,0.055
111500,0.010,0.983,0.007
112000,0.010,0.977,0.013
112500,0.010,0.977,0.013
113000,0.010,0.979,0.011
113500,0.010,0.978,0.012
114000,0.010,0.956,0.034
114500,0.010,0.985,0.005
115000,0.010,0.956,0.034
115500,0.010,0.987,0.003
116000,0.010,0.986,0.004
116500,0.010,0.989,0.001
117000,0.010,0.966,0.024
117500,0.010,0.952,0.038
118000,0.010,0.960,0.030
118500,0.010,0.970,0.020
119000,0.010,0.968,0.022
119500,0.010,0.970,0.020
120000,0.010,0.975,0.015
120500,0.010,0.965,0.025
121000,0.010,0.970,0.020
121500,0.010,0.964,0.026
122000,0.010,0.955,0.035
122500,0.010,0.973,0.017
123000,0.010,0.974,0.016
123500,0.010,0.968,0.022
124000,0.010,0.961,0.029
124500,0.010,0.950,0.040
125000,0.010,0.963,0.027
125500,0.010,0.948,0.042
126000,0.010,0.974,0.016
126500,0.010,0.980,0.010
127000,0.010,0.950,0.040
127500,0.010,0.953,0.037
128000,0.010,0.973,0.017
128500,0.010,0.941,0.049
129000,0.010,0.971,0.019
129500,0.010,0.955,0.035
130000,0.010,0.984,0.006
130500,0.010,0.958,0.032
131000,0.010,0.956,0.034
131500,0.010,0.949,0.041
132000,0.010,0.966,0.024
132500,0.010,0.947,0.043
133000,0.010,0.971,0.019
133500,0.010,0.972,0.018
134000,0.010,0.960,0.030
134500,0.010,0.970,0.020
135000,0.010,0.933,0.056
135500,0.010,0.957,0.033
136000,0.010,0.962,0.028
136500,0.010,0.969,0.021
137000,0.010,0.943,0.047
137500,0.010,0.942,0.048
138000,0.010,0.953,0.037
138500,0.010,0.965,0.025
139000,0.010,0.941,0.049
139500,0.010,0.953,0.037
140000,0.010,0.964,0.026
140500,0.010,0.938,0.052
141000,0.010,0.968,0.022
141500,0.010,0.978,0.012
142000,0.010,0.970,0.020
142500,0.010,0.936,0.054
143000,0.010,0.968,0.022
143500,0.010,0.986,0.004
144000,0.010,0.962,0.028
144500,0.010,0.974,0.016
145000,0.010,0.984,0.006
145500,0.010,0.969,0.021
146000,0.010,0.981,0.009
146500,0.010,0.957,0.033
147000,0.010,0.976,0.014
147500,0.010,0.983,0.007
148000,0.010,0.960,0.030
148500,0.010,0.968,0.022
149000,0.010,0.952,0.038
149500,0.010,0.940,0.050
150000,0.010,0.979,0.011
150500,0.010,0.964,0.026
151000,0.010,0.962,0.028
151500,0.010,0.916,0.074
152000,0.010,0.952,0.038
152500,0.010,0.956,0.034
153000,0.010,0.985,0.005
153500,0.010,0.980,0.010
154000,0.010,0.981,0.009
154500,0.010,0.958,0.032
155000,0.010,0.972,0.018
155500,0.010,0.977,0.013
156000,0.010,0.983,0.007
156500,0.010,0.955,0.035
157000,0.010,0.932,0.057
157500,0.010,0.965,0.025
158000,0.010,0.958,0.032
158500,0.010,0.972,0.018
159000,0.010,0.986,0.004
159500,0.010,0.974,0.016
160000,0.010,0.966,0.024
160500,0.010,0.957,0.033
161000,0.010,0.927,0.063
161500,0.010,0.954,0.036
162000,0.010,0.981,0.009
162500,0.010,0.973,0.017
163000,0.010,0.914,0.076
163500,0.010,0.912,0.078
164000,0.010,0.895,0.095
164500,0.010,0.945,0.045
165000,0.010,0.953,0.037
165500,0.010,0.976,0.014
166000,0.010,0.983,0.007
166500,0.010,0.943,0.047
167000,0.010,0.947,0.043
167500,0.010,0.925,0.065
168000,0.010,0.944,0.046
168500,0.010,0.980,0.010
169000,0.010,0.964,0.026
169500,0.010,0.972,0.018
170000,0.010,0.983,0.007
170500,0.010,0.954,0.036
171000,0.010,0.908,0.082
171500,0.010,0.960,0.030
172000,0.010,0.956,0.034
172500,0.010,0.939,0.051
173000,0.010,0.953,0.037
173500,0.010,0.980,0.010
174000,0.010,0.967,0.023
174500,0.010,0.971,0.019
175000,0.010,0.943,0.047
175500,0.010,0.965,0.025
176000,0.010,0.963,0.027
176500,0.010,0.983,0.007
177000,0.010,0.955,0.035
177500,0.010,0.930,0.060
178000,0.010,0.944,0.046
178500,0.010,0.977,0.013
179000,0.010,0.988,0.002
179500,0.010,0.973,0.017
180000,0.010,0.969,0.021
180500,0.010,0.981,0.009
181000,0.010,0.985,0.005
181500,0.010,0.967,0.023
182000,0.010,0.947,0.043
182500,0.010,0.946,0.044
183000,0.010,0.933,0.057
183500,0.010,0.915,0.075
184000,0.010,0.932,0.058
184500,0.010,0.958,0.032
185000,0.010,0.974,0.016
185500,0.010,0.981,0.009
186000,0.010,0.984,0.006
186500,0.010,0.903,0.087
187000,0.010,0.949,0.041
187500,0.010,0.956,0.034
188000,0.010,0.972,0.018
188500,0.010,0.984,0.006
189000,0.010,0.974,0.016
189500,0.010,0.965,0.025
190000,0.010,0.951,0.039
190500,0.010,0.977,0.013
191000,0.010,0.960,0.030
191500,0.010,0.987,0.003
192000,0.010,0.973,0.017
192500,0.010,0.962,0.028
193000,0.010,0.969,0.021
193500,0.010,0.956,0.034
194000,0.010,0.969,0.021
194500,0.010,0.957,0.033
195000,0.010,0.958,0.032
195500,0.010,0.975,0.015
196000,0.010,0.971,0.019
196500,0.010,0.968,0.022
197000,0.010,0.957,0.033
197500,0.010,0.980,0.010
198000,0.010,0.975,0.015
198500,0.010,0.966,0.024
199000,0.010,0.985,0.005
199500,0.010,0.961,0.029
200000,0.010,0.963,0.027
200500,0.010,0.984,0.006
201000,0.010,0.959,0.031
201500,0.010,0.973,0.017
202000,0.010,0.973,0.017
202500,0.010,0.965,0.025
203000,0.010,0.958,0.032
203500,0.010,0.950,0.040
204000,0.010,0.972,0.018
204500,0.010,0.984,0.006
205000,0.010,0.953,0.037
205500,0.010,0.967,0.023
206000,0.010,0.961,0.029
206500,0.010,0.962,0.028
207000,0.010,0.951,0.039
207500,0.010,0.983,0.007
208000,0.010,0.963,0.027
208500,0.010,0.973,0.017
209000,0.010,0.979,0.011
209500,0.010,0.963,0.027
210000,0.010,0.965,0.025
210500,0.010,0.985,0.005
211000,0.010,0.936,0.053
211500,0.010,0.952,0.038
212000,0.010,0.972,0.018
212500,0.010,0.955,0.035
213000,0.010,0.970,0.020
213500,0.010,0.921,0.069
214000,0.010,0.956,0.034
214500,0.010,0.947,0.043
215000,0.010,0.944,0.046
215500,0.010,0.939,0.051
216000,0.010,0.973,0.017
216500,0.010,0.936,0.054
217000,0.010,0.901,0.089
217500,0.010,0.941,0.049
218000,0.010,0.948,0.042
218500,0.010,0.961,0.029
219000,0.010,0.969,0.021
219500,0.010,0.968,0.022
220000,0.010,0.961,0.029
220500,0.010,0.971,0.019
221000,0.010,0.974,0.016
221500,0.010,0.977,0.013
222000,0.010,0.920,0.070
222500,0.010,0.976,0.014
223000,0.010,0.964,0.026
223500,0.010,0.954,0.036
224000,0.010,0.973,0.017
224500,0.010,0.958,0.032
225000,0.010,0.971,0.019
225500,0.010,0.977,0.013
226000,0.010,0.984,0.006
226500,0.010,0.972,0.018
227000,0.010,0.966,0.024
227500,0.010,0.956,0.034
228000,0.010,0.960,0.030
228500,0.010,0.954,0.036
229000,0.010,0.922,0.068
229500,0.010,0.957,0.033
230000,0.010,0.974,0.016
230500,0.010,0.952,0.038
231000,0.010,0.963,0.027
231500,0.010,0.963,0.027
232000,0.010,0.976,0.014
232500,0.010,0.974,0.016
233000,0.010,0.963,0.027
233500,0.010,0.979,0.011
234000,0.010,0.962,0.028
234500,0.010,0.952,0.038
235000,0.010,0.973,0.017
235500,0.010,0.979,0.011
236000,0.010,0.976,0.014
236500,0.010,0.941,0.049
237000,0.010,0.947,0.043
237500,0.010,0.956,0.034
238000,0.010,0.969,0.021
238500,0.010,0.958,0.032
239000,0.010,0.957,0.033
239500,0.010,0.962,0.028
240000,0.010,0.960,0.030
240500,0.010,0.963,0.027
241000,0.010,0.987,0.003
241500,0.010,0.983,0.007
242000,0.010,0.964,0.026
242500,0.010,0.961,0.029
243000,0.010,0.947,0.043
243500,0.010,0.979,0.011
244000,0.010,0.982,0.008
244500,0.010,0.945,0.045
245000,0.010,0.952,0.038
245500,0.010,0.948,0.042
246000,0.010,0.959,0.031
246500,0.010,0.976,0.014
247000,0.010,0.929,0.061
247500,0.010,0.982,0.008
248000,0.010,0.968,0.022
248500,0.010,0.930,0.059
249000,0.010,0.947,0.043
249500,0.010,0.968,0.022
250000,0.010,0.967,0.023
250500,0.010,0.943,0.047
251000,0.010,0.967,0.023
251500,0.010,0.959,0.031
252000,0.010,0.957,0.033
252500,0.010,0.974,0.016
253000,0.010,0.968,0.022
253500,0.010,0.984,0.006
254000,0.010,0.965,0.025
254500,0.010,0.957,0.033
255000,0.010,0.973,0.017
255500,0.010,0.976,0.014
256000,0.010,0.966,0.024
256500,0.010,0.941,0.049
257000,0.010,0.951,0.039
257500,0.010,0.923,0.067
258000,0.010,0.971,0.019
258500,0.010,0.964,0.026
259000,0.010,0.957,0.033
259500,0.010,0.954,0.036
260000,0.010,0.973,0.017
260500,0.010,0.955,0.035
261000,0.010,0.937,0.053
261500,0.010,0.967,0.023
262000,0.010,0.965,0.025
262500,0.010,0.926,0.064
263000,0.010,0.961,0.029
263500,0.010,0.960,0.030
264000,0.010,0.980,0.010
264500,0.010,0.969,0.021
265000,0.010,0.959,0.031
265500,0.010,0.977,0.013
266000,0.010,0.956,0.034
266500,0.010,0.936,0.054
267000,0.010,0.958,0.032
267500,0.010,0.969,0.021
268000,0.010,0.942,0.048
268500,0.010,0.983,0.007
269000,0.010,0.960,0.030
269500,0.010,0.985,0.005
270000,0.010,0.953,0.037
270500,0.010,0.973,0.017
271000,0.010,0.959,0.031
271500,0.010,0.977,0.013
272000,0.010,0.931,0.059
272500,0.010,0.893,0.097
273000,0.010,0.959,0.031
273500,0.010,0.973,0.017
274000,0.010,0.978,0.012
274500,0.010,0.954,0.036
275000,0.010,0.978,0.012
275500,0.010,0.955,0.035
276000,0.010,0.962,0.028
276500,0.010,0.981,0.009
277000,0.010,0.965,0.025
277500,0.010,0.975,0.015
278000,0.010,0.973,0.017
278500,0.010,0.970,0.020
279000,0.010,0.974,0.016
279500,0.010,0.985,0.005
280000,0.010,0.958,0.032
280500,0.010,0.942,0.048
281000,0.010,0.912,0.078
281500,0.010,0.936,0.053
282000,0.010,0.960,0.030
282500,0.010,0.975,0.015
283000,0.010,0.981,0.009
283500,0.010,0.982,0.008
284000,0.010,0.957,0.033
284500,0.010,0.967,0.023
285000,0.010,0.942,0.048
285500,0.010,0.973,0.017
286000,0.010,0.936,0.053
286500,0.010,0.951,0.039
287000,0.010,0.954,0.036
287500,0.010,0.968,0.022
288000,0.010,0.970,0.020
288500,0.010,0.964,0.026
289000,0.010,0.959,0.031
289500,0.010,0.951,0.039
290000,0.010,0.978,0.012
290500,0.010,0.985,0.005
291000,0.010,0.978,0.012
291500,0.010,0.957,0.033
292000,0.010,0.971,0.019
292500,0.010,0.979,0.011
293000,0.010,0.976,0.014
293500,0.010,0.957,0.033
294000,0.010,0.968,0.022
294500,0.010,0.977,0.013
295000,0.010,0.961,0.029
295500,0.010,0.972,0.018
296000,0.010,0.963,0.027
296500,0.010,0.949,0.041
297000,0.010,0.952,0.038
297500,0.010,0.939,0.051
298000,0.010,0.951,0.039
298500,0.010,0.958,0.032
299000,0.010,0.963,0.027
299500,0.010,0.940,0.050
300000,0.010,0.959,0.031
300500,0.010,0.956,0.034
301000,0.010,0.966,0.024
301500,0.010,0.939,0.051
302000,0.010,0.947,0.043
302500,0.010,0.972,0.018
303000,0.010,0.973,0.017
303500,0.010,0.980,0.010
304000,0.010,0.942,0.048
304500,0.010,0.948,0.042
305000,0.010,0.974,0.016
305500,0.010,0.976,0.014
306000,0.010,0.983,0.007
306500,0.010,0.973,0.017
307000,0.010,0.942,0.048
307500,0.010,0.926,0.064
308000,0.010,0.945,0.045
308500,0.010,0.961,0.029
309000,0.010,0.955,0.035
309500,0.010,0.979,0.011
310000,0.010,0.946,0.044
310500,0.010,0.972,0.018
311000,0.010,0.982,0.008
311500,0.010,0.969,0.021
312000,0.010,0.966,0.024
312500,0.010,0.974,0.016
313000,0.010,0.978,0.012
313500,0.010,0.979,0.011
314000,0.010,0.958,0.032
314500,0.010,0.976,0.014
315000,0.010,0.971,0.019
315500,0.010,0.931,0.058
316000,0.010,0.974,0.016
316500,0.010,0.946,0.044
317000,0.010,0.918,0.072
317500,0.010,0.967,0.023
318000,0.010,0.964,0.026
318500,0.010,0.967,0.023
319000,0.010,0.982,0.008
319500,0.010,0.959,0.031
320000,0.010,0.974,0.016
320500,0.010,0.959,0.031
321000,0.010,0.963,0.027
321500,0.010,0.936,0.054
322000,0.010,0.978,0.012
322500,0.010,0.969,0.021
323000,0.010,0.943,0.047
323500,0.010,0.965,0.025
324000,0.010,0.940,0.050
324500,0.010,0.979,0.011
325000,0.010,0.946,0.044
325500,0.010,0.968,0.022
326000,0.010,0.978,0.012
326500,0.010,0.933,0.057
327000,0.010,0.919,0.071
327500,0.010,0.962,0.028
328000,0.010,0.958,0.032
328500,0.010,0.982,0.008
329000,0.010,0.973,0.017
329500,0.010,0.973,0.017
330000,0.010,0.969,0.021
330500,0.010,0.982,0.008
331000,0.010,0.974,0.016
331500,0.010,0.959,0.031
332000,0.010,0.941,0.049
332500,0.010,0.898,0.092
333000,0.010,0.945,0.045
333500,0.010,0.953,0.037
334000,0.010,0.952,0.038
334500,0.010,0.969,0.021
335000,0.010,0.963,0.027
335500,0.010,0.977,0.013
336000,0.010,0.972,0.018
336500,0.010,0.979,0.011
337000,0.010,0.969,0.021
337500,0.010,0.977,0.013
338000,0.010,0.980,0.010
338500,0.010,0.967,0.023
339000,0.010,0.975,0.015
339500,0.010,0.953,0.037
340000,0.010,0.952,0.038
340500,0.010,0.965,0.025
341000,0.010,0.988,0.002
341500,0.010,0.980,0.010
342000,0.010,0.977,0.013
342500,0.010,0.977,0.013
343000,0.010,0.955,0.035
343500,0.010,0.952,0.038
344000,0.010,0.964,0.026
344500,0.010,0.975,0.015
345000,0.010,0.985,0.005
345500,0.010,0.985,0.005
346000,0.010,0.963,0.027
346500,0.010,0.916,0.074
347000,0.010,0.973,0.017
347500,0.010,0.938,0.052
348000,0.010,0.940,0.050
348500,0.010,0.966,0.024
349000,0.010,0.976,0.014
349500,0.010,0.979,0.011
350000,0.010,0.978,0.012
350500,0.010,0.973,0.017
351000,0.010,0.978,0.012
351500,0.010,0.972,0.018
352000,0.010,0.973,0.017
352500,0.010,0.910,0.080
353000,0.010,0.970,0.020
353500,0.010,0.966,0.024
354000,0.010,0.963,0.027
354500,0.010,0.957,0.033
355000,0.010,0.959,0.031
355500,0.010,0.950,0.040
356000,0.010,0.961,0.029
356500,0.010,0.924,0.066
357000,0.010,0.955,0.035
357500,0.010,0.949,0.041
358000,0.010,0.943,0.047
358500,0.010,0.972,0.018
359000,0.010,0.969,0.021
359500,0.010,0.966,0.024
360000,0.010,0.937,0.053
360500,0.010,0.972,0.018
361000,0.010,0.973,0.017
361500,0.010,0.976,0.014
362000,0.010,0.969,0.021
362500,0.010,0.990,0.000
363000,0.010,0.982,0.008
363500,0.010,0.981,0.009
364000,0.010,0.989,0.001
364500,0.010,0.979,0.011
365000,0.010,0.985,0.005
365500,0.010,0.974,0.016
366000,0.010,0.957,0.033
366500,0.010,0.941,0.049
367000,0.010,0.950,0.040
367500,0.010,0.941,0.049
368000,0.010,0.964,0.026
368500,0.010,0.976,0.014
369000,0.010,0.970,0.020
369500,0.010,0.979,0.011
370000,0.010,0.964,0.026
370500,0.010,0.917,0.073
371000,0.010,0.957,0.033
371500,0.010,0.952,0.038
372000,0.010,0.938,0.052
372500,0.010,0.954,0.036
373000,0.010,0.975,0.015
373500,0.010,0.960,0.030
374000,0.010,0.967,0.023
374500,0.010,0.971,0.019
375000,0.010,0.911,0.079
375500,0.010,0.904,0.086
376000,0.010,0.965,0.025
376500,0.010,0.968,0.022
377000,0.010,0.958,0.032
377500,0.010,0.973,0.017
378000,0.010,0.962,0.028
378500,0.010,0.970,0.020
379000,0.010,0.969,0.021
379500,0.010,0.964,0.026
380000,0.010,0.953,0.037
380500,0.010,0.959,0.031
381000,0.010,0.939,0.051
381500,0.010,0.983,0.007
382000,0.010,0.940,0.050
382500,0.010,0.969,0.021
383000,0.010,0.980,0.010
383500,0.010,0.966,0.024
384000,0.010,0.977,0.013
384500,0.010,0.975,0.015
385000,0.010,0.928,0.061
385500,0.010,0.946,0.044
386000,0.010,0.986,0.004
386500,0.010,0.959,0.031
387000,0.010,0.980,0.010
387500,0.010,0.988,0.002
388000,0.010,0.989,0.001
388500,0.010,0.962,0.028
389000,0.010,0.968,0.022
389500,0.010,0.967,0.023
390000,0.010,0.955,0.035
390500,0.010,0.955,0.035
391000,0.010,0.952,0.038
391500,0.010,0.963,0.027
392000,0.010,0.978,0.012
392500,0.010,0.973,0.017
393000,0.010,0.969,0.021
393500,0.010,0.970,0.020
394000,0.010,0.956,0.034
394500,0.010,0.975,0.015
395000,0.010,0.950,0.040
395500,0.010,0.939,0.051
396000,0.010,0.946,0.044
396500,0.010,0.968,0.022
397000,0.010,0.927,0.063
397500,0.010,0.954,0.036
398000,0.010,0.973,0.017
398500,0.010,0.952,0.038
399000,0.010,0.948,0.042
399500,0.010,0.970,0.020
400000,0.010,0.971,0.019
400500,0.010,0.949,0.041
401000,0.010,0.949,0.041
401500,0.010,0.974,0.016
402000,0.010,0.947,0.043
402500,0.010,0.971,0.019
403000,0.010,0.952,0.038
403500,0.010,0.976,0.014
404000,0.010,0.962,0.028
404500,0.010,0.978,0.012
405000,0.010,0.968,0.022
405500,0.010,0.963,0.027
406000,0.010,0.970,0.020
406500,0.010,0.965,0.025
407000,0.010,0.962,0.028
407500,0.010,0.957,0.033
408000,0.010,0.970,0.020
408500,0.010,0.959,0.031
409000,0.010,0.973,0.017
409500,0.010,0.933,0.056
410000,0.010,0.964,0.026
410500,0.010,0.972,0.018
411000,0.010,0.958,0.032
411500,0.010,0.955,0.035
412000,0.010,0.936,0.053
412500,0.010,0.952,0.038
413000,0.010,0.958,0.032
413500,0.010,0.969,0.021
414000,0.010,0.976,0.014
414500,0.010,0.942,0.048
415000,0.010,0.949,0.041
415500,0.010,0.960,0.030
416000,0.010,0.974,0.016
416500,0.010,0.969,0.021
417000,0.010,0.971,0.019
417500,0.010,0.969,0.021
418000,0.010,0.970,0.020
418500,0.010,0.960,0.030
419000,0.010,0.943,0.047
419500,0.010,0.955,0.035
420000,0.010,0.948,0.042
420500,0.010,0.965,0.025
421000,0.010,0.970,0.020
421500,0.010,0.971,0.019
422000,0.010,0.970,0.020
422500,0.010,0.969,0.021
423000,0.010,0.958,0.032
423500,0.010,0.945,0.045
424000,0.010,0.941,0.049
424500,0.010,0.970,0.020
425000,0.010,0.936,0.053
425500,0.010,0.946,0.044
426000,0.010,0.955,0.035
426500,0.010,0.972,0.018
427000,0.010,0.966,0.024
427500,0.010,0.972,0.018
428000,0.010,0.957,0.033
428500,0.010,0.960,0.030
429000,0.010,0.975,0.015
429500,0.010,0.961,0.029
430000,0.010,0.948,0.042
430500,0.010,0.979,0.011
431000,0.010,0.956,0.034
431500,0.010,0.966,0.024
432000,0.010,0.945,0.045
432500,0.010,0.944,0.046
433000,0.010,0.967,0.023
433500,0.010,0.976,0.014
434000,0.010,0.973,0.017
434500,0.010,0.956,0.034
435000,0.010,0.944,0.046
435500,0.010,0.960,0.030
436000,0.010,0.954,0.036
436500,0.010,0.874,0.116
437000,0.010,0.935,0.055
437500,0.010,0.925,0.065
438000,0.010,0.976,0.014
438500,0.010,0.956,0.034
439000,0.010,0.966,0.024
439500,0.010,0.945,0.045
440000,0.010,0.966,0.024
440500,0.010,0.980,0.010
441000,0.010,0.967,0.023
441500,0.010,0.946,0.044
442000,0.010,0.978,0.012
442500,0.010,0.945,0.045
443000,0.010,0.961,0.029
443500,0.010,0.976,0.014
444000,0.010,0.958,0.032
444500,0.010,0.950,0.040
445000,0.010,0.944,0.046
445500,0.010,0.967,0.023
446000,0.010,0.956,0.034
446500,0.010,0.975,0.015
447000,0.010,0.954,0.036
447500,0.010,0.970,0.020
448000,0.010,0.950,0.040
448500,0.010,0.977,0.013
449000,0.010,0.972,0.018
449500,0.010,0.933,0.057
450000,0.010,0.955,0.035
450500,0.010,0.966,0.024
451000,0.010,0.970,0.020
451500,0.010,0.967,0.023
452000,0.010,0.948,0.042
452500,0.010,0.960,0.030
453000,0.010,0.969,0.021
453500,0.010,0.961,0.029
454000,0.010,0.919,0.071
454500,0.010,0.964,0.026
455000,0.010,0.971,0.019
455500,0.010,0.965,0.025
456000,0.010,0.963,0.027
456500,0.010,0.959,0.031
457000,0.010,0.940,0.050
457500,0.010,0.935,0.055
458000,0.010,0.952,0.038
458500,0.010,0.915,0.075
459000,0.010,0.958,0.032
459500,0.010,0.970,0.020
460000,0.010,0.970,0.020
460500,0.010,0.964,0.026
461000,0.010,0.947,0.043
461500,0.010,0.968,0.022
462000,0.010,0.978,0.012
462500,0.010,0.988,0.002
463000,0.010,0.973,0.017
463500,0.010,0.961,0.029
464000,0.010,0.928,0.061
464500,0.010,0.932,0.057
465000,0.010,0.961,0.029
465500,0.010,0.971,0.019
466000,0.010,0.962,0.028
466500,0.010,0.979,0.011
467000,0.010,0.976,0.014
467500,0.010,0.969,0.021
468000,0.010,0.982,0.008
468500,0.010,0.954,0.036
469000,0.010,0.974,0.016
469500,0.010,0.986,0.004
470000,0.010,0.982,0.008
470500,0.010,0.940,0.050
471000,0.010,0.970,0.020
471500,0.010,0.928,0.062
472000,0.010,0.954,0.036
472500,0.010,0.954,0.036
473000,0.010,0.964,0.026
473500,0.010,0.975,0.015
474000,0.010,0.969,0.021
474500,0.010,0.976,0.014
475000,0.010,0.957,0.033
475500,0.010,0.974,0.016
476000,0.010,0.914,0.076
476500,0.010,0.978,0.012
477000,0.010,0.972,0.018
477500,0.010,0.978,0.012
478000,0.010,0.967,0.023
478500,0.010,0.968,0.022
479000,0.010,0.945,0.045
479500,0.010,0.969,0.021
480000,0.010,0.972,0.018
480500,0.010,0.936,0.054
481000,0.010,0.960,0.030
481500,0.010,0.909,0.081
482000,0.010,0.967,0.023
482500,0.010,0.940,0.050
483000,0.010,0.979,0.011
483500,0.010,0.958,0.032
484000,0.010,0.979,0.011
484500,0.010,0.972,0.018
485000,0.010,0.965,0.025
485500,0.010,0.983,0.007
486000,0.010,0.983,0.007
486500,0.010,0.904,0.086
487000,0.010,0.908,0.082
487500,0.010,0.942,0.048
488000,0.010,0.959,0.031
488500,0.010,0.936,0.054
489000,0.010,0.940,0.050
489500,0.010,0.953,0.037
490000,0.010,0.974,0.016
490500,0.010,0.962,0.028
491000,0.010,0.973,0.017
491500,0.010,0.981,0.009
492000,0.010,0.981,0.009
492500,0.010,0.958,0.032
493000,0.010,0.962,0.028
493500,0.010,0.968,0.022
494000,0.010,0.955,0.035
494500,0.010,0.959,0.031
495000,0.010,0.926,0.064
495500,0.010,0.971,0.019
496000,0.010,0.970,0.020
496500,0.010,0.975,0.015
497000,0.010,0.962,0.028
497500,0.010,0.970,0.020
498000,0.010,0.945,0.045
498500,0.010,0.980,0.010
499000,0.010,0.954,0.036
499500,0.010,0.974,0.016
500000,0.010,0.939,0.051
500500,0.010,0.977,0.013
501000,0.010,0.965,0.025
501500,0.010,0.979,0.011
502000,0.010,0.974,0.016
502500,0.010,0.977,0.013
503000,0.010,0.961,0.029
503500,0.010,0.933,0.057
504000,0.010,0.956,0.034
504500,0.010,0.947,0.043
505000,0.010,0.966,0.024
505500,0.010,0.970,0.020
506000,0.010,0.978,0.012
506500,0.010,0.943,0.047
507000,0.010,0.970,0.020
507500,0.010,0.953,0.037
508000,0.010,0.959,0.031
508500,0.010,0.974,0.016
509000,0.010,0.961,0.029
509500,0.010,0.972,0.018
510000,0.010,0.983,0.007
510500,0.010,0.919,0.071
511000,0.010,0.959,0.031
511500,0.010,0.973,0.017
512000,0.010,0.964,0.026
512500,0.010,0.952,0.038
513000,0.010,0.956,0.034
513500,0.010,0.898,0.092
514000,0.010,0.952,0.038
514500,0.010,0.969,0.021
515000,0.010,0.971,0.019
515500,0.010,0.960,0.030
516000,0.010,0.979,0.011
516500,0.010,0.974,0.016
517000,0.010,0.953,0.037
517500,0.010,0.968,0.022
518000,0.010,0.946,0.044
518500,0.010,0.946,0.044
519000,0.010,0.915,0.075
519500,0.010,0.954,0.036
520000,0.010,0.976,0.014
520500,0.010,0.964,0.026
521000,0.010,0.958,0.032
521500,0.010,0.945,0.045
522000,0.010,0.989,0.001
522500,0.010,0.966,0.024
523000,0.010,0.985,0.005
523500,0.010,0.938,0.052
524000,0.010,0.962,0.028
524500,0.010,0.967,0.023
525000,0.010,0.966,0.024
525500,0.010,0.934,0.056
526000,0.010,0.946,0.044
526500,0.010,0.965,0.025
527000,0.010,0.960,0.030
527500,0.010,0.971,0.019
528000,0.010,0.956,0.034
528500,0.010,0.981,0.009
529000,0.010,0.976,0.014
529500,0.010,0.965,0.025
530000,0.010,0.969,0.021
530500,0.010,0.950,0.040
531000,0.010,0.924,0.066
531500,0.010,0.959,0.031
532000,0.010,0.956,0.034
532500,0.010,0.977,0.013
533000,0.010,0.986,0.004
533500,0.010,0.981,0.009
534000,0.010,0.983,0.007
534500,0.010,0.976,0.014
535000,0.010,0.968,0.022
535500,0.010,0.979,0.011
536000,0.010,0.980,0.010
536500,0.010,0.982,0.008
537000,0.010,0.980,0.010
537500,0.010,0.931,0.059
538000,0.010,0.958,0.032
538500,0.010,0.961,0.029
539000,0.010,0.960,0.030
539500,0.010,0.960,0.030
540000,0.010,0.972,0.018
540500,0.010,0.970,0.020
541000,0.010,0.969,0.021
541500,0.010,0.962,0.028
542000,0.010,0.961,0.029
542500,0.010,0.972,0.018
543000,0.010,0.957,0.033
543500,0.010,0.972,0.018
544000,0.010,0.966,0.024
544500,0.010,0.971,0.019
545000,0.010,0.965,0.025
545500,0.010,0.988,0.002
546000,0.010,0.955,0.035
546500,0.010,0.974,0.016
547000,0.010,0.982,0.008
547500,0.010,0.980,0.010
548000,0.010,0.988,0.002
548500,0.010,0.984,0.006
549000,0.010,0.967,0.023
549500,0.010,0.984,0.006
550000,0.010,0.983,0.007
550500,0.010,0.973,0.017
551000,0.010,0.958,0.032
551500,0.010,0.982,0.008
552000,0.010,0.953,0.037
552500,0.010,0.970,0.020
553000,0.010,0.971,0.019
553500,0.010,0.969,0.021
554000,0.010,0.974,0.016
554500,0.010,0.940,0.050
555000,0.010,0.951,0.039
555500,0.010,0.968,0.022
556000,0.010,0.987,0.003
556500,0.010,0.944,0.046
557000,0.010,0.966,0.024
557500,0.010,0.970,0.020
558000,0.010,0.970,0.020
558500,0.010,0.977,0.013
559000,0.010,0.985,0.005
559500,0.010,0.972,0.018
560000,0.010,0.977,0.013
560500,0.010,0.984,0.006
561000,0.010,0.954,0.036
561500,0.010,0.944,0.046
562000,0.010,0.920,0.070
562500,0.010,0.934,0.056
563000,0.010,0.985,0.005
563500,0.010,0.972,0.018
564000,0.010,0.976,0.014
564500,0.010,0.942,0.048
565000,0.010,0.953,0.037
565500,0.010,0.972,0.018
566000,0.010,0.969,0.021
566500,0.010,0.968,0.022
567000,0.010,0.960,0.030
567500,0.010,0.945,0.045
568000,0.010,0.969,0.021
568500,0.010,0.967,0.023
569000,0.010,0.964,0.026
569500,0.010,0.951,0.039
570000,0.010,0.963,0.027
570500,0.010,0.976,0.014
571000,0.010,0.983,0.007
571500,0.010,0.918,0.072
572000,0.010,0.979,0.011
572500,0.010,0.969,0.021
573000,0.010,0.974,0.016
573500,0.010,0.973,0.017
574000,0.010,0.939,0.051
574500,0.010,0.957,0.033
575000,0.010,0.976,0.014
575500,0.010,0.974,0.016
576000,0.010,0.985,0.005
576500,0.010,0.963,0.027
577000,0.010,0.971,0.019
577500,0.010,0.955,0.035
578000,0.010,0.973,0.017
578500,0.010,0.983,0.007
579000,0.010,0.973,0.017
579500,0.010,0.982,0.008
580000,0.010,0.974,0.016
580500,0.010,0.960,0.030
581000,0.010,0.967,0.023
581500,0.010,0.965,0.025
582000,0.010,0.904,0.086
582500,0.010,0.960,0.030
583000,0.010,0.972,0.018
583500,0.010,0.979,0.011
584000,0.010,0.939,0.051
584500,0.010,0.943,0.047
585000,0.010,0.955,0.035
585500,0.010,0.957,0.033
586000,0.010,0.960,0.030
586500,0.010,0.929,0.060
587000,0.010,0.943,0.047
587500,0.010,0.979,0.011
588000,0.010,0.984,0.006
588500,0.010,0.959,0.031
589000,0.010,0.966,0.024
589500,0.010,0.985,0.005
590000,0.010,0.951,0.039
590500,0.010,0.914,0.076
591000,0.010,0.964,0.026
591500,0.010,0.958,0.032
592000,0.010,0.961,0.029
592500,0.010,0.983,0.007
593000,0.010,0.973,0.017
593500,0.010,0.945,0.045
594000,0.010,0.957,0.033
594500,0.010,0.951,0.039
595000,0.010,0.968,0.022
595500,0.010,0.971,0.019
596000,0.010,0.974,0.016
596500,0.010,0.959,0.031
597000,0.010,0.974,0.016
597500,0.010,0.963,0.027
598000,0.010,0.942,0.048
598500,0.010,0.956,0.034
599000,0.010,0.967,0.023
599500,0.010,0.986,0.004
600000,0.010,0.978,0.012
600500,0.010,0.952,0.038
601000,0.010,0.959,0.031
601500,0.010,0.957,0.033
602000,0.010,0.897,0.093
602500,0.010,0.953,0.037
603000,0.010,0.935,0.054
603500,0.010,0.948,0.042
604000,0.010,0.975,0.015
604500,0.010,0.953,0.037
605000,0.010,0.970,0.020
605500,0.010,0.983,0.007
606000,0.010,0.982,0.008
606500,0.010,0.975,0.015
607000,0.010,0.969,0.021
607500,0.010,0.977,0.013
608000,0.010,0.967,0.023
608500,0.010,0.977,0.013
609000,0.010,0.977,0.013
609500,0.010,0.967,0.023
610000,0.010,0.954,0.036
610500,0.010,0.961,0.029
611000,0.010,0.985,0.005
611500,0.010,0.954,0.036
612000,0.010,0.956,0.034
612500,0.010,0.976,0.014
613000,0.010,0.985,0.005
613500,0.010,0.951,0.039
614000,0.010,0.974,0.016
614500,0.010,0.987,0.003
615000,0.010,0.947,0.043
615500,0.010,0.942,0.048
616000,0.010,0.941,0.049
616500,0.010,0.973,0.017
617000,0.010,0.933,0.057
617500,0.010,0.966,0.024
618000,0.010,0.983,0.007
618500,0.010,0.970,0.020
619000,0.010,0.981,0.009
619500,0.010,0.984,0.006
620000,0.010,0.980,0.010
620500,0.010,0.947,0.043
621000,0.010,0.941,0.049
621500,0.010,0.970,0.020
622000,0.010,0.933,0.057
622500,0.010,0.958,0.032
623000,0.010,0.963,0.027
623500,0.010,0.964,0.026
624000,0.010,0.980,0.010
624500,0.010,0.927,0.062
625000,0.010,0.946,0.044
625500,0.010,0.941,0.049
626000,0.010,0.965,0.025
626500,0.010,0.969,0.021
627000,0.010,0.959,0.031
627500,0.010,0.971,0.019
628000,0.010,0.988,0.002
628500,0.010,0.966,0.024
629000,0.010,0.975,0.015
629500,0.010,0.983,0.007
630000,0.010,0.949,0.041
630500,0.010,0.912,0.078
631000,0.010,0.923,0.067
631500,0.010,0.921,0.069
632000,0.010,0.960,0.030
632500,0.010,0.960,0.030
633000,0.010,0.952,0.038
633500,0.010,0.967,0.023
634000,0.010,0.974,0.016
634500,0.010,0.921,0.069
635000,0.010,0.934,0.055
635500,0.010,0.951,0.039
636000,0.010,0.932,0.057
636500,0.010,0.954,0.036
637000,0.010,0.965,0.025
637500,0.010,0.964,0.026
638000,0.010,0.963,0.027
638500,0.010,0.983,0.007
639000,0.010,0.948,0.042
639500,0.010,0.967,0.023
640000,0.010,0.910,0.080
640500,0.010,0.954,0.036
641000,0.010,0.971,0.019
641500,0.010,0.972,0.018
642000,0.010,0.981,0.009
642500,0.010,0.973,0.017
643000,0.010,0.969,0.021
643500,0.010,0.961,0.029
644000,0.010,0.941,0.049
644500,0.010,0.956,0.034
645000,0.010,0.959,0.031
645500,0.010,0.968,0.022
646000,0.010,0.968,0.022
646500,0.010,0.964,0.026
647000,0.010,0.920,0.070
647500,0.010,0.959,0.031
648000,0.010,0.972,0.018
648500,0.010,0.977,0.013
649000,0.010,0.967,0.023
649500,0.010,0.913,0.077
650000,0.010,0.962,0.028
650500,0.010,0.956,0.034
651000,0.010,0.942,0.048
651500,0.010,0.957,0.033
652000,0.010,0.986,0.004
652500,0.010,0.985,0.005
653000,0.010,0.956,0.034
653500,0.010,0.962,0.028
654000,0.010,0.970,0.020
654500,0.010,0.968,0.022
655000,0.010,0.987,0.003
655500,0.010,0.980,0.010
656000,0.010,0.959,0.031
656500,0.010,0.975,0.015
657000,0.010,0.977,0.013
657500,0.010,0.935,0.055
658000,0.010,0.945,0.045
658500,0.010,0.958,0.032
659000,0.010,0.962,0.028
659500,0.010,0.981,0.009
660000,0.010,0.946,0.044
660500,0.010,0.982,0.008
661000,0.010,0.922,0.068
661500,0.010,0.968,0.022
662000,0.010,0.977,0.013
662500,0.010,0.982,0.008
663000,0.010,0.945,0.045
663500,0.010,0.952,0.038
664000,0.010,0.926,0.064
664500,0.010,0.947,0.043
665000,0.010,0.988,0.002
665500,0.010,0.941,0.049
666000,0.010,0.962,0.028
666500,0.010,0.982,0.008
667000,0.010,0.950,0.040
667500,0.010,0.964,0.026
668000,0.010,0.974,0.016
668500,0.010,0.968,0.022
669000,0.010,0.953,0.037
669500,0.010,0.972,0.018
670000,0.010,0.970,0.020
670500,0.010,0.930,0.060
671000,0.010,0.935,0.055
671500,0.010,0.967,0.023
672000,0.010,0.930,0.060
672500,0.010,0.977,0.013
673000,0.010,0.973,0.017
673500,0.010,0.956,0.034
674000,0.010,0.946,0.044
674500,0.010,0.968,0.022
675000,0.010,0.973,0.017
675500,0.010,0.989,0.001
676000,0.010,0.961,0.029
676500,0.010,0.980,0.010
677000,0.010,0.958,0.032
677500,0.010,0.970,0.020
678000,0.010,0.976,0.014
678500,0.010,0.965,0.025
679000,0.010,0.974,0.016
679500,0.010,0.971,0.019
680000,0.010,0.956,0.034
680500,0.010,0.981,0.009
681000,0.010,0.969,0.021
681500,0.010,0.958,0.032
682000,0.010,0.975,0.015
682500,0.010,0.987,0.003
683000,0.010,0.980,0.010
683500,0.010,0.976,0.014
684000,0.010,0.976,0.014
684500,0.010,0.980,0.010
685000,0.010,0.970,0.020
685500,0.010,0.968,0.022
686000,0.010,0.871,0.119
686500,0.010,0.942,0.048
687000,0.010,0.973,0.017
687500,0.010,0.950,0.040
688000,0.010,0.915,0.075
688500,0.010,0.967,0.023
689000,0.010,0.956,0.034
689500,0.010,0.967,0.023
690000,0.010,0.966,0.024
690500,0.010,0.959,0.031
691000,0.010,0.982,0.008
691500,0.010,0.953,0.037
692000,0.010,0.971,0.019
692500,0.010,0.943,0.047
693000,0.010,0.977,0.013
693500,0.010,0.965,0.025
694000,0.010,0.970,0.020
694500,0.010,0.966,0.024
695000,0.010,0.989,0.001
695500,0.010,0.980,0.010
696000,0.010,0.933,0.056
696500,0.010,0.923,0.067
697000,0.010,0.958,0.032
697500,0.010,0.948,0.042
698000,0.010,0.968,0.022
698500,0.010,0.963,0.027
699000,0.010,0.951,0.039
699500,0.010,0.960,0.030
700000,0.010,0.946,0.044
700500,0.010,0.942,0.048
701000,0.010,0.922,0.068
701500,0.010,0.939,0.051
702000,0.010,0.970,0.020
702500,0.010,0.949,0.041
703000,0.010,0.980,0.010
703500,0.010,0.981,0.009
704000,0.010,0.944,0.046
704500,0.010,0.977,0.013
705000,0.010,0.962,0.028
705500,0.010,0.953,0.037
706000,0.010,0.950,0.040
706500,0.010,0.934,0.055
707000,0.010,0.975,0.015
707500,0.010,0.955,0.035
708000,0.010,0.988,0.002
708500,0.010,0.987,0.003
709000,0.010,0.980,0.010
709500,0.010,0.961,0.029
710000,0.010,0.970,0.020
710500,0.010,0.968,0.022
711000,0.010,0.979,0.011
711500,0.010,0.984,0.006
712000,0.010,0.939,0.051
712500,0.010,0.957,0.033
713000,0.010,0.974,0.016
713500,0.010,0.982,0.008
714000,0.010,0.964,0.026
714500,0.010,0.975,0.015
715000,0.010,0.965,0.025
715500,0.010,0.982,0.008
716000,0.010,0.990,0.000
716500,0.010,0.964,0.026
717000,0.010,0.942,0.048
717500,0.010,0.953,0.037
718000,0.010,0.957,0.033
718500,0.010,0.976,0.014
719000,0.010,0.949,0.041
719500,0.010,0.967,0.023
720000,0.010,0.972,0.018
720500,0.010,0.941,0.049
721000,0.010,0.945,0.045
721500,0.010,0.968,0.022
722000,0.010,0.966,0.024
722500,0.010,0.967,0.023
723000,0.010,0.979,0.011
723500,0.010,0.935,0.054
724000,0.010,0.973,0.017
724500,0.010,0.963,0.027
725000,0.010,0.945,0.045
725500,0.010,0.969,0.021
726000,0.010,0.943,0.047
726500,0.010,0.965,0.025
727000,0.010,0.988,0.002
727500,0.010,0.965,0.025
728000,0.010,0.953,0.037
728500,0.010,0.963,0.027
729000,0.010,0.975,0.015
729500,0.010,0.981,0.009
730000,0.010,0.968,0.022
730500,0.010,0.967,0.023
731000,0.010,0.968,0.022
731500,0.010,0.964,0.026
732000,0.010,0.954,0.036
732500,0.010,0.958,0.032
733000,0.010,0.963,0.027
733500,0.010,0.970,0.020
734000,0.010,0.982,0.008
734500,0.010,0.965,0.025
735000,0.010,0.976,0.014
735500,0.010,0.942,0.048
736000,0.010,0.966,0.024
736500,0.010,0.964,0.026
737000,0.010,0.940,0.050
737500,0.010,0.962,0.028
738000,0.010,0.948,0.042
738500,0.010,0.928,0.062
739000,0.010,0.943,0.047
739500,0.010,0.940,0.050
740000,0.010,0.963,0.027
740500,0.010,0.948,0.042
741000,0.010,0.987,0.003
741500,0.010,0.972,0.018
742000,0.010,0.930,0.059
742500,0.010,0.989,0.001
743000,0.010,0.963,0.027
743500,0.010,0.952,0.038
744000,0.010,0.960,0.030
744500,0.010,0.970,0.020
745000,0.010,0.903,0.087
745500,0.010,0.914,0.076
746000,0.010,0.976,0.014
746500,0.010,0.971,0.019
747000,0.010,0.954,0.036
747500,0.010,0.891,0.099
748000,0.010,0.981,0.009
748500,0.010,0.955,0.035
749000,0.010,0.978,0.012
749500,0.010,0.925,0.065
750000,0.010,0.967,0.023
750500,0.010,0.986,0.004
751000,0.010,0.949,0.041
751500,0.010,0.973,0.017
752000,0.010,0.982,0.008
752500,0.010,0.973,0.017
753000,0.010,0.965,0.025
753500,0.010,0.977,0.013
754000,0.010,0.950,0.040
754500,0.010,0.967,0.023
755000,0.010,0.958,0.032
755500,0.010,0.982,0.008
756000,0.010,0.986,0.004
756500,0.010,0.983,0.007
757000,0.010,0.961,0.029
757500,0.010,0.966,0.024
758000,0.010,0.961,0.029
758500,0.010,0.943,0.047
759000,0.010,0.954,0.036
759500,0.010,0.979,0.011
760000,0.010,0.960,0.030
760500,0.010,0.970,0.020
761000,0.010,0.962,0.028
761500,0.010,0.942,0.048
762000,0.010,0.968,0.022
762500,0.010,0.965,0.025
763000,0.010,0.956,0.034
763500,0.010,0.968,0.022
764000,0.010,0.979,0.011
764500,0.010,0.975,0.015
765000,0.010,0.936,0.053
765500,0.010,0.976,0.014
766000,0.010,0.951,0.039
766500,0.010,0.965,0.025
767000,0.010,0.973,0.017
767500,0.010,0.970,0.020
768000,0.010,0.971,0.019
768500,0.010,0.968,0.022
769000,0.010,0.978,0.012
769500,0.010,0.976,0.014
770000,0.010,0.979,0.011
770500,0.010,0.977,0.013
771000,0.010,0.956,0.034
771500,0.010,0.987,0.003
772000,0.010,0.975,0.015
772500,0.010,0.952,0.038
773000,0.010,0.978,0.012
773500,0.010,0.936,0.053
774000,0.010,0.982,0.008
774500,0.010,0.988,0.002
775000,0.010,0.967,0.023
775500,0.010,0.949,0.041
776000,0.010,0.960,0.030
776500,0.010,0.979,0.011
777000,0.010,0.969,0.021
777500,0.010,0.962,0.028
778000,0.010,0.923,0.067
778500,0.010,0.962,0.028
779000,0.010,0.954,0.036
779500,0.010,0.945,0.045
780000,0.010,0.935,0.054
780500,0.010,0.979,0.011
781000,0.010,0.962,0.028
781500,0.010,0.984,0.006
782000,0.010,0.977,0.013
782500,0.010,0.962,0.028
783000,0.010,0.978,0.012
783500,0.010,0.963,0.027
784000,0.010,0.964,0.026
784500,0.010,0.979,0.011
785000,0.010,0.958,0.032
785500,0.010,0.976,0.014
786000,0.010,0.975,0.015
786500,0.010,0.954,0.036
787000,0.010,0.965,0.025
787500,0.010,0.941,0.049
788000,0.010,0.977,0.013
788500,0.010,0.968,0.022
789000,0.010,0.958,0.032
789500,0.010,0.963,0.027
790000,0.010,0.983,0.007
790500,0.010,0.984,0.006
791000,0.010,0.970,0.020
791500,0.010,0.933,0.056
792000,0.010,0.968,0.022
792500,0.010,0.953,0.037
793000,0.010,0.965,0.025
793500,0.010,0.963,0.027
794000,0.010,0.975,0.015
794500,0.010,0.981,0.009
795000,0.010,0.984,0.006
795500,0.010,0.961,0.029
796000,0.010,0.982,0.008
796500,0.010,0.971,0.019
797000,0.010,0.958,0.032
797500,0.010,0.968,0.022
798000,0.010,0.964,0.026
798500,0.010,0.950,0.040
799000,0.010,0.960,0.030
799500,0.010,0.959,0.031
800000,0.010,0.944,0.046
800500,0.010,0.982,0.008
801000,0.010,0.965,0.025
801500,0.010,0.964,0.026
802000,0.010,0.945,0.045
802500,0.010,0.949,0.041
803000,0.010,0.934,0.056
803500,0.010,0.886,0.104
804000,0.010,0.948,0.042
804500,0.010,0.948,0.042
805000,0.010,0.970,0.020
805500,0.010,0.986,0.004
806000,0.010,0.965,0.025
806500,0.010,0.983,0.007
807000,0.010,0.966,0.024
807500,0.010,0.975,0.015
808000,0.010,0.965,0.025
808500,0.010,0.974,0.016
809000,0.010,0.971,0.019
809500,0.010,0.980,0.010
810000,0.010,0.978,0.012
810500,0.010,0.956,0.034
811000,0.010,0.942,0.048
811500,0.010,0.973,0.017
812000,0.010,0.940,0.050
812500,0.010,0.949,0.041
813000,0.010,0.911,0.079
813500,0.010,0.944,0.046
814000,0.010,0.971,0.019
814500,0.010,0.957,0.033
815000,0.010,0.961,0.029
815500,0.010,0.981,0.009
816000,0.010,0.970,0.020
816500,0.010,0.961,0.029
817000,0.010,0.967,0.023
817500,0.010,0.984,0.006
818000,0.010,0.959,0.031
818500,0.010,0.957,0.033
819000,0.010,0.951,0.039
819500,0.010,0.934,0.056
820000,0.010,0.985,0.005
820500,0.010,0.986,0.004
821000,0.010,0.978,0.012
821500,0.010,0.975,0.015
822000,0.010,0.968,0.022
822500,0.010,0.965,0.025
823000,0.010,0.969,0.021
823500,0.010,0.961,0.029
824000,0.010,0.976,0.014
824500,0.010,0.988,0.002
825000,0.010,0.955,0.035
825500,0.010,0.958,0.032
826000,0.010,0.967,0.023
826500,0.010,0.968,0.022
827000,0.010,0.939,0.051
827500,0.010,0.941,0.049
828000,0.010,0.962,0.028
828500,0.010,0.955,0.035
829000,0.010,0.920,0.070
829500,0.010,0.950,0.040
830000,0.010,0.971,0.019
830500,0.010,0.954,0.036
831000,0.010,0.974,0.016
831500,0.010,0.983,0.007
832000,0.010,0.982,0.008
832500,0.010,0.973,0.017
833000,0.010,0.950,0.040
833500,0.010,0.933,0.056
834000,0.010,0.975,0.015
834500,0.010,0.973,0.017
835000,0.010,0.956,0.034
835500,0.010,0.985,0.005
836000,0.010,0.982,0.008
836500,0.010,0.957,0.033
837000,0.010,0.934,0.055
837500,0.010,0.979,0.011
838000,0.010,0.942,0.048
838500,0.010,0.968,0.022
839000,0.010,0.966,0.024
839500,0.010,0.983,0.007
840000,0.010,0.982,0.008
840500,0.010,0.978,0.012
841000,0.010,0.939,0.051
841500,0.010,0.968,0.022
842000,0.010,0.979,0.011
842500,0.010,0.965,0.025
843000,0.010,0.983,0.007
843500,0.010,0.970,0.020
844000,0.010,0.967,0.023
844500,0.010,0.948,0.042
845000,0.010,0.979,0.011
845500,0.010,0.988,0.002
846000,0.010,0.947,0.043
846500,0.010,0.930,0.059
847000,0.010,0.955,0.035
847500,0.010,0.941,0.049
848000,0.010,0.972,0.018
848500,0.010,0.960,0.030
849000,0.010,0.981,0.009
849500,0.010,0.981,0.009
850000,0.010,0.956,0.034
850500,0.010,0.984,0.006
851000,0.010,0.957,0.033
851500,0.010,0.961,0.029
852000,0.010,0.957,0.033
852500,0.010,0.970,0.020
853000,0.010,0.984,0.006
853500,0.010,0.977,0.013
854000,0.010,0.984,0.006
854500,0.010,0.980,0.010
855000,0.010,0.974,0.016
855500,0.010,0.948,0.042
856000,0.010,0.920,0.070
856500,0.010,0.969,0.021
857000,0.010,0.971,0.019
857500,0.010,0.952,0.038
858000,0.010,0.960,0.030
858500,0.010,0.912,0.078
859000,0.010,0.925,0.065
859500,0.010,0.940,0.050
860000,0.010,0.982,0.008
860500,0.010,0.969,0.021
861000,0.010,0.952,0.038
861500,0.010,0.960,0.030
862000,0.010,0.983,0.007
862500,0.010,0.952,0.038
863000,0.010,0.900,0.090
863500,0.010,0.955,0.035
864000,0.010,0.953,0.037
864500,0.010,0.967,0.023
865000,0.010,0.984,0.006
865500,0.010,0.973,0.017
866000,0.010,0.975,0.015
866500,0.010,0.973,0.017
867000,0.010,0.933,0.057
867500,0.010,0.982,0.008
868000,0.010,0.928,0.062
868500,0.010,0.971,0.019
869000,0.010,0.978,0.012
869500,0.010,0.983,0.007
870000,0.010,0.967,0.023
870500,0.010,0.958,0.032
871000,0.010,0.983,0.007
871500,0.010,0.969,0.021
872000,0.010,0.970,0.020
872500,0.010,0.966,0.024
873000,0.010,0.978,0.012
873500,0.010,0.984,0.006
874000,0.010,0.979,0.011
874500,0.010,0.966,0.024
875000,0.010,0.978,0.012
875500,0.010,0.969,0.021
876000,0.010,0.962,0.028
876500,0.010,0.987,0.003
877000,0.010,0.973,0.017
877500,0.010,0.976,0.014
878000,0.010,0.923,0.067
878500,0.010,0.971,0.019
879000,0.010,0.967,0.023
879500,0.010,0.963,0.027
880000,0.010,0.966,0.024
880500,0.010,0.974,0.016
881000,0.010,0.981,0.009
881500,0.010,0.965,0.025
882000,0.010,0.975,0.015
882500,0.010,0.958,0.032
883000,0.010,0.911,0.079
883500,0.010,0.930,0.060
884000,0.010,0.964,0.026
884500,0.010,0.961,0.029
885000,0.010,0.965,0.025
885500,0.010,0.940,0.050
886000,0.010,0.964,0.026
886500,0.010,0.984,0.006
887000,0.010,0.958,0.032
887500,0.010,0.964,0.026
888000,0.010,0.979,0.011
888500,0.010,0.966,0.024
889000,0.010,0.963,0.027
889500,0.010,0.971,0.019
890000,0.010,0.978,0.012
890500,0.010,0.987,0.003
891000,0.010,0.936,0.054
891500,0.010,0.938,0.052
892000,0.010,0.959,0.031
892500,0.010,0.918,0.072
893000,0.010,0.973,0.017
893500,0.010,0.949,0.041
894000,0.010,0.965,0.025
894500,0.010,0.955,0.035
895000,0.010,0.942,0.048
895500,0.010,0.927,0.063
896000,0.010,0.944,0.046
896500,0.010,0.940,0.050
897000,0.010,0.930,0.059
897500,0.010,0.947,0.043
898000,0.010,0.930,0.060
898500,0.010,0.933,0.057
899000,0.010,0.982,0.008
899500,0.010,0.970,0.020
900000,0.010,0.979,0.011
900500,0.010,0.964,0.026
901000,0.010,0.971,0.019
901500,0.010,0.969,0.021
902000,0.010,0.951,0.039
902500,0.010,0.930,0.059
903000,0.010,0.929,0.060
903500,0.010,0.972,0.018
904000,0.010,0.962,0.028
904500,0.010,0.961,0.029
905000,0.010,0.953,0.037
905500,0.010,0.976,0.014
906000,0.010,0.987,0.003
906500,0.010,0.949,0.041
907000,0.010,0.958,0.032
907500,0.010,0.948,0.042
908000,0.010,0.966,0.024
908500,0.010,0.973,0.017
909000,0.010,0.942,0.048
909500,0.010,0.951,0.039
910000,0.010,0.965,0.025
910500,0.010,0.974,0.016
911000,0.010,0.969,0.021
911500,0.010,0.938,0.052
912000,0.010,0.978,0.012
912500,0.010,0.980,0.010
913000,0.010,0.976,0.014
913500,0.010,0.959,0.031
914000,0.010,0.965,0.025
914500,0.010,0.935,0.055
915000,0.010,0.966,0.024
915500,0.010,0.959,0.031
916000,0.010,0.975,0.015
916500,0.010,0.954,0.036
917000,0.010,0.989,0.001
917500,0.010,0.982,0.008
918000,0.010,0.950,0.040
918500,0.010,0.966,0.024
919000,0.010,0.943,0.047
919500,0.010,0.954,0.036
920000,0.010,0.989,0.001
920500,0.010,0.984,0.006
921000,0.010,0.950,0.040
921500,0.010,0.946,0.044
922000,0.010,0.965,0.025
922500,0.010,0.947,0.043
923000,0.010,0.909,0.081
923500,0.010,0.972,0.018
924000,0.010,0.951,0.039
924500,0.010,0.920,0.070
925000,0.010,0.958,0.032
925500,0.010,0.940,0.050
926000,0.010,0.965,0.025
926500,0.010,0.953,0.037
927000,0.010,0.974,0.016
927500,0.010,0.962,0.028
928000,0.010,0.946,0.044
928500,0.010,0.967,0.023
929000,0.010,0.970,0.020
929500,0.010,0.979,0.011
930000,0.010,0.939,0.051
930500,0.010,0.978,0.012
931000,0.010,0.983,0.007
931500,0.010,0.968,0.022
932000,0.010,0.956,0.034
932500,0.010,0.960,0.030
933000,0.010,0.965,0.025
933500,0.010,0.952,0.038
934000,0.010,0.973,0.017
934500,0.010,0.957,0.033
935000,0.010,0.963,0.027
935500,0.010,0.932,0.057
936000,0.010,0.961,0.029
936500,0.010,0.952,0.038
937000,0.010,0.960,0.030
937500,0.010,0.956,0.034
938000,0.010,0.954,0.036
938500,0.010,0.929,0.060
939000,0.010,0.962,0.028
939500,0.010,0.958,0.032
940000,0.010,0.962,0.028
940500,0.010,0.952,0.038
941000,0.010,0.950,0.040
941500,0.010,0.984,0.006
942000,0.010,0.958,0.032
942500,0.010,0.966,0.024
943000,0.010,0.970,0.020
943500,0.010,0.970,0.020
944000,0.010,0.975,0.015
944500,0.010,0.956,0.034
945000,0.010,0.960,0.030
945500,0.010,0.980,0.010
946000,0.010,0.979,0.011
946500,0.010,0.967,0.023
947000,0.010,0.963,0.027
947500,0.010,0.970,0.020
948000,0.010,0.964,0.026
948500,0.010,0.981,0.009
949000,0.010,0.975,0.015
949500,0.010,0.957,0.033
950000,0.010,0.938,0.052
950500,0.010,0.964,0.026
951000,0.010,0.977,0.013
951500,0.010,0.983,0.007
952000,0.010,0.974,0.016
952500,0.010,0.965,0.025
953000,0.010,0.972,0.018
953500,0.010,0.964,0.026
954000,0.010,0.974,0.016
954500,0.010,0.948,0.042
955000,0.010,0.963,0.027
955500,0.010,0.958,0.032
956000,0.010,0.961,0.029
956500,0.010,0.944,0.046
957000,0.010,0.968,0.022
957500,0.010,0.967,0.023
958000,0.010,0.966,0.024
958500,0.010,0.971,0.019
959000,0.010,0.952,0.038
959500,0.010,0.977,0.013
960000,0.010,0.936,0.053
960500,0.010,0.981,0.009
961000,0.010,0.962,0.028
961500,0.010,0.973,0.017
962000,0.010,0.976,0.014
962500,0.010,0.988,0.002
963000,0.010,0.981,0.009
963500,0.010,0.970,0.020
964000,0.010,0.953,0.037
964500,0.010,0.972,0.018
965000,0.010,0.968,0.022
965500,0.010,0.949,0.041
966000,0.010,0.886,0.104
966500,0.010,0.954,0.036
967000,0.010,0.963,0.027
967500,0.010,0.978,0.012
968000,0.010,0.986,0.004
968500,0.010,0.949,0.041
969000,0.010,0.961,0.029
969500,0.010,0.959,0.031
970000,0.010,0.965,0.025
970500,0.010,0.929,0.060
971000,0.010,0.956,0.034
971500,0.010,0.945,0.045
972000,0.010,0.956,0.034
972500,0.010,0.960,0.030
973000,0.010,0.954,0.036
973500,0.010,0.971,0.019
974000,0.010,0.967,0.023
974500,0.010,0.980,0.010
975000,0.010,0.938,0.052
975500,0.010,0.961,0.029
976000,0.010,0.928,0.062
976500,0.010,0.945,0.045
977000,0.010,0.934,0.056
977500,0.010,0.954,0.036
978000,0.010,0.961,0.029
978500,0.010,0.977,0.013
979000,0.010,0.972,0.018
979500,0.010,0.967,0.023
980000,0.010,0.984,0.006
980500,0.010,0.948,0.042
981000,0.010,0.952,0.038
981500,0.010,0.968,0.022
982000,0.010,0.955,0.035
982500,0.010,0.952,0.038
983000,0.010,0.965,0.025
983500,0.010,0.968,0.022
984000,0.010,0.969,0.021
984500,0.010,0.972,0.018
985000,0.010,0.951,0.039
985500,0.010,0.974,0.016
986000,0.010,0.967,0.023
986500,0.010,0.950,0.040
987000,0.010,0.970,0.020
987500,0.010,0.988,0.002
988000,0.010,0.967,0.023
988500,0.010,0.971,0.019
989000,0.010,0.983,0.007
989500,0.010,0.969,0.021
990000,0.010,0.967,0.023
990500,0.010,0.962,0.028
991000,0.010,0.973,0.017
991500,0.010,0.964,0.026
992000,0.010,0.966,0.024
992500,0.010,0.971,0.019
993000,0.010,0.971,0.019
993500,0.010,0.971,0.019
994000,0.010,0.973,0.017
994500,0.010,0.975,0.015
995000,0.010,0.970,0.020
995500,0.010,0.974,0.016
996000,0.010,0.960,0.030
996500,0.010,0.967,0.023
997000,0.010,0.957,0.033
997500,0.010,0.980,0.010
998000,0.010,0.973,0.017
998500,0.010,0.973,0.017
999000,0.010,0.967,0.023
999500,0.010,0.940,0.050
1000000,0.010,0.981,0.009
