time,n_A+p,n_B,n_AB
500,0.050,0.779,0.171
1000,0.050,0.458,0.492
1500,0.050,0.203,0.747
2000,0.059,0.087,0.854
2500,0.079,0.054,0.867
3000,0.092,0.037,0.870
3500,0.119,0.025,0.856
4000,0.146,0.010,0.844
4500,0.120,0.030,0.850
5000,0.122,0.021,0.857
5500,0.135,0.019,0.846
6000,0.128,0.015,0.858
6500,0.125,0.011,0.864
7000,0.141,0.011,0.848
7500,0.124,0.021,0.854
8000,0.134,0.021,0.845
8500,0.126,0.015,0.860
9000,0.134,0.018,0.848
9500,0.108,0.023,0.868
10000,0.119,0.017,0.864
10500,0.127,0.032,0.842
11000,0.088,0.020,0.891
11500,0.110,0.019,0.871
12000,0.101,0.011,0.888
12500,0.109,0.022,0.869
13000,0.149,0.012,0.839
13500,0.141,0.005,0.854
14000,0.141,0.003,0.856
14500,0.134,0.004,0.862
15000,0.151,0.013,0.837
15500,0.131,0.014,0.855
16000,0.115,0.024,0.861
16500,0.108,0.018,0.873
17000,0.123,0.015,0.862
17500,0.102,0.036,0.862
18000,0.104,0.030,0.866
18500,0.117,0.026,0.857
19000,0.107,0.009,0.883
19500,0.102,0.017,0.880
20000,0.103,0.022,0.874
20500,0.093,0.031,0.875
21000,0.087,0.039,0.873
21500,0.090,0.025,0.885
22000,0.099,0.022,0.879
22500,0.102,0.018,0.880
23000,0.100,0.029,0.872
23500,0.121,0.017,0.863
24000,0.108,0.023,0.868
24500,0.153,0.007,0.840
25000,0.120,0.015,0.865
25500,0.100,0.011,0.889
26000,0.096,0.019,0.885
26500,0.101,0.018,0.881
27000,0.137,0.015,0.848
27500,0.122,0.022,0.856
28000,0.116,0.021,0.864
28500,0.143,0.021,0.836
29000,0.123,0.020,0.857
29500,0.121,0.013,0.865
30000,0.124,0.012,0.863
30500,0.131,0.006,0.863
31000,0.123,0.005,0.872
31500,0.149,0.009,0.842
32000,0.124,0.009,0.867
32500,0.126,0.021,0.853
33000,0.122,0.015,0.864
33500,0.118,0.013,0.869
34000,0.100,0.028,0.872
34500,0.115,0.019,0.866
35000,0.102,0.012,0.885
35500,0.104,0.014,0.881
36000,0.099,0.017,0.884
36500,0.083,0.037,0.880
37000,0.093,0.042,0.864
37500,0.105,0.015,0.879
38000,0.117,0.013,0.870
38500,0.100,0.015,0.886
39000,0.096,0.029,0.876
39500,0.103,0.018,0.878
40000,0.124,0.016,0.859
40500,0.122,0.017,0.862
41000,0.137,0.006,0.857
41500,0.154,0.004,0.842
42000,0.124,0.002,0.874
42500,0.123,0.015,0.863
43000,0.114,0.036,0.850
43500,0.100,0.021,0.879
44000,0.141,0.006,0.853
44500,0.105,0.011,0.883
45000,0.095,0.017,0.888
45500,0.097,0.030,0.873
46000,0.105,0.027,0.868
46500,0.130,0.015,0.855
47000,0.121,0.016,0.863
47500,0.126,0.035,0.840
48000,0.117,0.022,0.861
48500,0.117,0.018,0.865
49000,0.103,0.022,0.875
49500,0.120,0.023,0.857
50000,0.124,0.007,0.868
50500,0.138,0.002,0.860
51000,0.141,0.006,0.852
51500,0.136,0.005,0.859
52000,0.160,0.004,0.836
52500,0.144,0.008,0.848
53000,0.132,0.007,0.861
53500,0.150,0.009,0.842
54000,0.142,0.003,0.855
54500,0.113,0.028,0.859
55000,0.102,0.028,0.870
55500,0.102,0.025,0.873
56000,0.130,0.017,0.854
56500,0.122,0.017,0.861
57000,0.117,0.010,0.873
57500,0.125,0.025,0.850
58000,0.102,0.022,0.876
58500,0.107,0.015,0.878
59000,0.113,0.024,0.864
59500,0.109,0.010,0.881
60000,0.097,0.023,0.880
60500,0.096,0.026,0.878
61000,0.117,0.029,0.854
61500,0.139,0.014,0.847
62000,0.107,0.029,0.863
62500,0.126,0.043,0.832
63000,0.124,0.026,0.849
63500,0.112,0.032,0.856
64000,0.130,0.019,0.852
64500,0.135,0.022,0.843
65000,0.132,0.018,0.850
65500,0.113,0.018,0.869
66000,0.136,0.011,0.853
66500,0.104,0.015,0.882
67000,0.107,0.026,0.866
67500,0.092,0.019,0.888
68000,0.103,0.017,0.880
68500,0.136,0.011,0.854
69000,0.146,0.007,0.846
69500,0.140,0.004,0.857
70000,0.145,0.018,0.838
70500,0.149,0.009,0.842
71000,0.143,0.009,0.849
71500,0.160,0.012,0.828
72000,0.156,0.011,0.833
72500,0.142,0.002,0.856
73000,0.117,0.007,0.876
73500,0.127,0.016,0.857
74000,0.106,0.015,0.880
74500,0.111,0.015,0.874
75000,0.090,0.015,0.895
75500,0.097,0.018,0.885
76000,0.095,0.026,0.879
76500,0.101,0.029,0.870
77000,0.107,0.024,0.868
77500,0.092,0.011,0.896
78000,0.124,0.013,0.862
78500,0.126,0.004,0.871
79000,0.131,0.010,0.859
79500,0.123,0.017,0.861
80000,0.128,0.013,0.859
80500,0.121,0.013,0.867
81000,0.118,0.015,0.866
81500,0.102,0.019,0.879
82000,0.096,0.034,0.871
82500,0.097,0.011,0.892
83000,0.129,0.015,0.856
83500,0.128,0.013,0.860
84000,0.140,0.010,0.851
84500,0.143,0.011,0.846
85000,0.122,0.021,0.856
85500,0.118,0.021,0.860
86000,0.121,0.015,0.864
86500,0.121,0.013,0.866
87000,0.130,0.003,0.868
87500,0.107,0.019,0.874
88000,0.102,0.026,0.872
88500,0.103,0.019,0.878
89000,0.110,0.032,0.859
89500,0.094,0.016,0.890
90000,0.127,0.021,0.852
90500,0.117,0.013,0.871
91000,0.133,0.017,0.851
91500,0.107,0.023,0.869
92000,0.128,0.011,0.861
92500,0.122,0.004,0.874
93000,0.124,0.024,0.851
93500,0.108,0.017,0.876
94000,0.085,0.017,0.898
94500,0.098,0.027,0.875
95000,0.107,0.027,0.865
95500,0.101,0.019,0.880
96000,0.112,0.018,0.870
96500,0.124,0.013,0.863
97000,0.126,0.006,0.869
97500,0.120,0.011,0.870
98000,0.143,0.009,0.847
98500,0.150,0.011,0.839
99000,0.155,0.021,0.823
99500,0.111,0.013,0.876
100000,0.114,0.011,0.875
100500,0.103,0.018,0.879
101000,0.124,0.018,0.858
101500,0.128,0.015,0.858
102000,0.131,0.018,0.852
102500,0.124,0.033,0.843
103000,0.098,0.022,0.880
103500,0.098,0.026,0.876
104000,0.097,0.042,0.862
104500,0.105,0.019,0.876
105000,0.105,0.029,0.865
105500,0.093,0.013,0.894
106000,0.095,0.021,0.885
106500,0.098,0.021,0.881
107000,0.109,0.021,0.870
107500,0.117,0.014,0.869
108000,0.132,0.018,0.851
108500,0.112,0.015,0.874
109000,0.111,0.028,0.861
109500,0.099,0.015,0.887
110000,0.136,0.024,0.841
110500,0.116,0.020,0.864
111000,0.113,0.017,0.870
111500,0.111,0.022,0.867
112000,0.091,0.027,0.881
112500,0.103,0.023,0.873
113000,0.098,0.017,0.885
113500,0.096,0.029,0.875
114000,0.091,0.021,0.889
114500,0.090,0.017,0.893
115000,0.090,0.024,0.885
115500,0.129,0.021,0.850
116000,0.127,0.016,0.857
116500,0.112,0.021,0.867
117000,0.101,0.033,0.866
117500,0.104,0.018,0.877
118000,0.097,0.018,0.885
118500,0.123,0.015,0.862
119000,0.139,0.009,0.852
119500,0.115,0.018,0.867
120000,0.137,0.008,0.855
120500,0.124,0.009,0.867
121000,0.130,0.011,0.859
121500,0.127,0.006,0.867
122000,0.138,0.015,0.848
122500,0.117,0.017,0.867
123000,0.101,0.015,0.884
123500,0.096,0.011,0.893
124000,0.131,0.020,0.849
124500,0.129,0.015,0.856
125000,0.120,0.009,0.871
125500,0.128,0.021,0.852
126000,0.137,0.004,0.859
126500,0.120,0.014,0.865
127000,0.120,0.009,0.871
127500,0.110,0.010,0.880
128000,0.119,0.014,0.867
128500,0.133,0.013,0.855
129000,0.112,0.040,0.848
129500,0.092,0.022,0.886
130000,0.101,0.037,0.862
130500,0.098,0.021,0.881
131000,0.111,0.022,0.867
131500,0.123,0.031,0.846
132000,0.114,0.025,0.861
132500,0.096,0.020,0.884
133000,0.114,0.029,0.857
133500,0.131,0.017,0.853
134000,0.127,0.012,0.861
134500,0.135,0.012,0.853
135000,0.106,0.007,0.886
135500,0.118,0.014,0.867
136000,0.142,0.013,0.845
136500,0.112,0.005,0.883
137000,0.116,0.014,0.870
137500,0.110,0.024,0.866
138000,0.102,0.017,0.880
138500,0.107,0.015,0.879
139000,0.099,0.018,0.883
139500,0.119,0.014,0.867
140000,0.117,0.016,0.867
140500,0.152,0.019,0.828
141000,0.115,0.029,0.857
141500,0.131,0.015,0.855
142000,0.103,0.011,0.885
142500,0.131,0.006,0.863
143000,0.110,0.018,0.873
143500,0.097,0.021,0.882
144000,0.102,0.013,0.884
144500,0.118,0.018,0.865
145000,0.111,0.015,0.875
145500,0.110,0.028,0.863
146000,0.097,0.030,0.873
146500,0.097,0.025,0.878
147000,0.120,0.019,0.861
147500,0.105,0.016,0.878
148000,0.132,0.004,0.865
148500,0.131,0.009,0.861
149000,0.109,0.005,0.886
149500,0.116,0.024,0.861
150000,0.102,0.022,0.876
150500,0.116,0.015,0.869
151000,0.113,0.019,0.868
151500,0.108,0.021,0.870
152000,0.124,0.017,0.859
152500,0.120,0.036,0.844
153000,0.145,0.011,0.844
153500,0.127,0.009,0.864
154000,0.129,0.010,0.861
154500,0.123,0.013,0.864
155000,0.121,0.013,0.866
155500,0.129,0.010,0.861
156000,0.111,0.036,0.853
156500,0.125,0.025,0.850
157000,0.100,0.028,0.873
157500,0.110,0.033,0.858
158000,0.114,0.025,0.861
158500,0.103,0.011,0.887
159000,0.100,0.015,0.885
159500,0.096,0.041,0.864
160000,0.133,0.027,0.840
160500,0.122,0.017,0.862
161000,0.122,0.013,0.864
161500,0.121,0.006,0.873
162000,0.105,0.017,0.879
162500,0.117,0.009,0.874
163000,0.125,0.025,0.850
163500,0.138,0.013,0.850
164000,0.105,0.015,0.880
164500,0.120,0.018,0.862
165000,0.132,0.028,0.840
165500,0.108,0.021,0.872
166000,0.110,0.015,0.875
166500,0.113,0.013,0.875
167000,0.108,0.011,0.881
167500,0.093,0.019,0.888
168000,0.110,0.025,0.865
168500,0.105,0.022,0.872
169000,0.105,0.021,0.874
169500,0.097,0.017,0.886
170000,0.140,0.014,0.846
170500,0.129,0.004,0.867
171000,0.112,0.011,0.878
171500,0.127,0.013,0.860
172000,0.107,0.029,0.864
172500,0.105,0.024,0.872
173000,0.117,0.013,0.870
173500,0.120,0.014,0.865
174000,0.104,0.025,0.872
174500,0.108,0.014,0.877
175000,0.104,0.018,0.878
175500,0.110,0.011,0.880
176000,0.105,0.021,0.873
176500,0.105,0.026,0.868
177000,0.120,0.012,0.868
177500,0.131,0.013,0.856
178000,0.128,0.012,0.860
178500,0.127,0.011,0.863
179000,0.105,0.005,0.890
179500,0.108,0.011,0.881
180000,0.115,0.018,0.867
180500,0.107,0.022,0.870
181000,0.122,0.018,0.861
181500,0.112,0.012,0.876
182000,0.114,0.009,0.878
182500,0.116,0.019,0.865
183000,0.116,0.026,0.858
183500,0.117,0.011,0.872
184000,0.123,0.024,0.853
184500,0.117,0.025,0.859
185000,0.140,0.025,0.835
185500,0.126,0.022,0.852
186000,0.099,0.033,0.868
186500,0.105,0.035,0.860
187000,0.098,0.024,0.879
187500,0.116,0.015,0.869
188000,0.096,0.034,0.870
188500,0.134,0.015,0.851
189000,0.115,0.022,0.863
189500,0.090,0.025,0.885
190000,0.092,0.031,0.877
190500,0.117,0.018,0.865
191000,0.118,0.012,0.870
191500,0.108,0.025,0.867
192000,0.112,0.014,0.874
192500,0.114,0.003,0.883
193000,0.119,0.007,0.874
193500,0.124,0.009,0.867
194000,0.100,0.028,0.873
194500,0.108,0.022,0.869
195000,0.123,0.013,0.864
195500,0.111,0.024,0.865
196000,0.103,0.029,0.867
196500,0.086,0.019,0.894
197000,0.099,0.040,0.861
197500,0.118,0.031,0.850
198000,0.108,0.028,0.864
198500,0.095,0.027,0.878
199000,0.093,0.035,0.871
199500,0.089,0.021,0.890
200000,0.116,0.017,0.867
200500,0.116,0.005,0.879
201000,0.125,0.021,0.854
201500,0.144,0.009,0.847
202000,0.111,0.022,0.867
202500,0.104,0.019,0.877
203000,0.110,0.015,0.875
203500,0.101,0.012,0.887
204000,0.102,0.021,0.877
204500,0.105,0.026,0.869
205000,0.102,0.036,0.861
205500,0.102,0.019,0.878
206000,0.122,0.009,0.868
206500,0.112,0.017,0.872
207000,0.116,0.026,0.858
207500,0.112,0.020,0.868
208000,0.118,0.022,0.859
208500,0.128,0.025,0.848
209000,0.096,0.020,0.884
209500,0.107,0.024,0.868
210000,0.100,0.035,0.866
210500,0.112,0.021,0.867
211000,0.096,0.026,0.878
211500,0.111,0.017,0.873
212000,0.113,0.010,0.877
212500,0.131,0.009,0.860
213000,0.113,0.003,0.884
213500,0.118,0.013,0.868
214000,0.116,0.018,0.866
214500,0.105,0.011,0.883
215000,0.093,0.021,0.886
215500,0.082,0.019,0.899
216000,0.115,0.015,0.870
216500,0.085,0.028,0.888
217000,0.085,0.028,0.887
217500,0.120,0.018,0.861
218000,0.118,0.013,0.868
218500,0.110,0.019,0.871
219000,0.098,0.033,0.870
219500,0.131,0.025,0.844
220000,0.114,0.005,0.881
220500,0.121,0.014,0.865
221000,0.135,0.023,0.842
221500,0.141,0.014,0.845
222000,0.138,0.014,0.849
222500,0.121,0.006,0.873
223000,0.119,0.007,0.874
223500,0.134,0.014,0.853
224000,0.145,0.011,0.844
224500,0.146,0.015,0.839
225000,0.119,0.018,0.863
225500,0.135,0.007,0.858
226000,0.141,0.006,0.853
226500,0.125,0.008,0.867
227000,0.119,0.013,0.868
227500,0.106,0.017,0.877
228000,0.103,0.017,0.881
228500,0.103,0.020,0.876
229000,0.104,0.018,0.877
229500,0.101,0.028,0.871
230000,0.115,0.021,0.865
230500,0.107,0.018,0.875
231000,0.115,0.017,0.868
231500,0.121,0.019,0.859
232000,0.120,0.021,0.859
232500,0.126,0.012,0.863
233000,0.160,0.002,0.839
233500,0.129,0.019,0.852
234000,0.119,0.013,0.867
234500,0.107,0.016,0.877
235000,0.122,0.005,0.873
235500,0.111,0.022,0.867
236000,0.121,0.017,0.863
236500,0.115,0.005,0.880
237000,0.126,0.003,0.872
237500,0.133,0.006,0.861
238000,0.102,0.012,0.886
238500,0.114,0.022,0.864
239000,0.129,0.034,0.837
239500,0.123,0.024,0.854
240000,0.135,0.029,0.837
240500,0.131,0.026,0.843
241000,0.108,0.023,0.868
241500,0.105,0.029,0.867
242000,0.085,0.027,0.888
242500,0.085,0.032,0.884
243000,0.097,0.029,0.874
243500,0.104,0.018,0.878
244000,0.108,0.012,0.879
244500,0.146,0.018,0.835
245000,0.126,0.019,0.855
245500,0.111,0.022,0.867
246000,0.102,0.020,0.877
246500,0.144,0.009,0.847
247000,0.150,0.010,0.840
247500,0.160,0.005,0.835
248000,0.145,0.004,0.851
248500,0.117,0.007,0.876
249000,0.105,0.021,0.873
249500,0.107,0.019,0.873
250000,0.130,0.012,0.858
250500,0.116,0.019,0.865
251000,0.129,0.011,0.861
251500,0.127,0.018,0.855
252000,0.120,0.015,0.865
252500,0.107,0.032,0.860
253000,0.118,0.026,0.855
253500,0.104,0.013,0.882
254000,0.111,0.017,0.873
254500,0.140,0.028,0.833
255000,0.116,0.026,0.858
255500,0.127,0.024,0.849
256000,0.127,0.010,0.863
256500,0.125,0.021,0.855
257000,0.128,0.011,0.861
257500,0.121,0.030,0.848
258000,0.127,0.013,0.860
258500,0.118,0.003,0.879
259000,0.103,0.005,0.892
259500,0.132,0.007,0.861
260000,0.137,0.002,0.861
260500,0.125,0.005,0.870
261000,0.126,0.011,0.863
261500,0.111,0.010,0.879
262000,0.127,0.025,0.849
262500,0.122,0.016,0.862
263000,0.117,0.019,0.864
263500,0.113,0.015,0.872
264000,0.120,0.018,0.862
264500,0.124,0.019,0.857
265000,0.135,0.014,0.851
265500,0.100,0.026,0.874
266000,0.088,0.035,0.876
266500,0.098,0.023,0.879
267000,0.100,0.029,0.872
267500,0.095,0.021,0.884
268000,0.078,0.021,0.902
268500,0.095,0.033,0.873
269000,0.104,0.020,0.875
269500,0.112,0.018,0.870
270000,0.117,0.013,0.870
270500,0.105,0.019,0.875
271000,0.112,0.018,0.871
271500,0.137,0.008,0.855
272000,0.128,0.009,0.863
272500,0.101,0.023,0.876
273000,0.102,0.024,0.875
273500,0.099,0.032,0.870
274000,0.116,0.017,0.868
274500,0.116,0.019,0.865
275000,0.118,0.019,0.862
275500,0.138,0.013,0.850
276000,0.115,0.022,0.863
276500,0.139,0.011,0.850
277000,0.150,0.007,0.843
277500,0.127,0.017,0.857
278000,0.098,0.024,0.878
278500,0.101,0.015,0.885
279000,0.120,0.012,0.868
279500,0.099,0.015,0.886
280000,0.099,0.015,0.887
280500,0.118,0.012,0.870
281000,0.119,0.015,0.866
281500,0.101,0.017,0.882
282000,0.112,0.011,0.877
282500,0.105,0.005,0.890
283000,0.098,0.008,0.894
283500,0.110,0.020,0.870
284000,0.120,0.009,0.872
284500,0.118,0.008,0.873
285000,0.103,0.014,0.883
285500,0.082,0.020,0.898
286000,0.126,0.017,0.858
286500,0.104,0.018,0.878
287000,0.090,0.022,0.887
287500,0.119,0.017,0.865
288000,0.109,0.011,0.880
288500,0.093,0.021,0.887
289000,0.108,0.009,0.883
289500,0.118,0.004,0.878
290000,0.123,0.009,0.869
290500,0.127,0.028,0.845
291000,0.123,0.020,0.857
291500,0.106,0.018,0.875
292000,0.090,0.028,0.883
292500,0.091,0.018,0.892
293000,0.092,0.010,0.897
293500,0.096,0.018,0.886
294000,0.113,0.015,0.873
294500,0.111,0.008,0.881
295000,0.095,0.014,0.891
295500,0.134,0.011,0.855
296000,0.136,0.003,0.862
296500,0.137,0.005,0.858
297000,0.116,0.007,0.877
297500,0.124,0.022,0.854
298000,0.113,0.018,0.869
298500,0.099,0.029,0.872
299000,0.110,0.018,0.872
299500,0.138,0.017,0.846
300000,0.114,0.015,0.872
300500,0.100,0.018,0.882
301000,0.101,0.017,0.882
301500,0.121,0.017,0.862
302000,0.106,0.032,0.862
302500,0.122,0.017,0.861
303000,0.128,0.020,0.852
303500,0.111,0.017,0.873
304000,0.131,0.004,0.866
304500,0.141,0.024,0.835
305000,0.102,0.028,0.871
305500,0.121,0.014,0.865
306000,0.088,0.020,0.891
306500,0.123,0.017,0.861
307000,0.128,0.018,0.854
307500,0.116,0.007,0.877
308000,0.106,0.015,0.878
308500,0.102,0.015,0.883
309000,0.104,0.022,0.873
309500,0.106,0.015,0.878
310000,0.112,0.015,0.873
310500,0.129,0.015,0.857
311000,0.127,0.017,0.857
311500,0.112,0.018,0.871
312000,0.129,0.026,0.845
312500,0.104,0.021,0.875
313000,0.142,0.014,0.844
313500,0.103,0.021,0.876
314000,0.099,0.023,0.878
314500,0.117,0.017,0.866
315000,0.107,0.012,0.880
315500,0.119,0.021,0.860
316000,0.104,0.023,0.873
316500,0.099,0.041,0.861
317000,0.117,0.021,0.862
317500,0.135,0.011,0.854
318000,0.130,0.029,0.842
318500,0.115,0.015,0.871
319000,0.118,0.024,0.859
319500,0.105,0.029,0.866
320000,0.110,0.025,0.865
320500,0.131,0.017,0.852
321000,0.112,0.022,0.866
321500,0.093,0.018,0.890
322000,0.116,0.032,0.853
322500,0.105,0.017,0.879
323000,0.119,0.012,0.869
323500,0.102,0.029,0.870
324000,0.091,0.034,0.875
324500,0.098,0.034,0.868
325000,0.116,0.019,0.865
325500,0.115,0.005,0.880
326000,0.111,0.010,0.879
326500,0.142,0.011,0.847
327000,0.118,0.015,0.866
327500,0.112,0.011,0.877
328000,0.114,0.009,0.877
328500,0.135,0.011,0.854
329000,0.105,0.026,0.868
329500,0.114,0.018,0.869
330000,0.110,0.017,0.873
330500,0.125,0.024,0.852
331000,0.140,0.006,0.854
331500,0.144,0.007,0.849
332000,0.125,0.003,0.872
332500,0.117,0.018,0.864
333000,0.140,0.013,0.848
333500,0.131,0.015,0.855
334000,0.143,0.014,0.843
334500,0.129,0.012,0.859
335000,0.137,0.008,0.855
335500,0.130,0.018,0.853
336000,0.101,0.029,0.870
336500,0.112,0.021,0.868
337000,0.089,0.038,0.873
337500,0.113,0.026,0.861
338000,0.087,0.028,0.885
338500,0.091,0.031,0.877
339000,0.093,0.026,0.881
339500,0.135,0.015,0.851
340000,0.118,0.013,0.869
340500,0.130,0.018,0.853
341000,0.119,0.017,0.865
341500,0.110,0.024,0.866
342000,0.094,0.018,0.889
342500,0.096,0.030,0.874
343000,0.087,0.025,0.888
343500,0.107,0.017,0.876
344000,0.101,0.009,0.890
344500,0.122,0.017,0.862
345000,0.141,0.017,0.842
345500,0.130,0.007,0.863
346000,0.133,0.006,0.861
346500,0.128,0.009,0.864
347000,0.133,0.006,0.861
347500,0.154,0.006,0.839
348000,0.122,0.017,0.861
348500,0.139,0.028,0.833
349000,0.143,0.008,0.849
349500,0.139,0.005,0.856
350000,0.135,0.013,0.852
350500,0.119,0.024,0.857
351000,0.120,0.015,0.866
351500,0.113,0.018,0.869
352000,0.106,0.016,0.877
352500,0.082,0.032,0.887
353000,0.092,0.033,0.876
353500,0.082,0.034,0.885
354000,0.104,0.019,0.877
354500,0.122,0.022,0.855
355000,0.114,0.021,0.865
355500,0.133,0.015,0.852
356000,0.106,0.013,0.882
356500,0.133,0.007,0.860
357000,0.136,0.013,0.852
357500,0.133,0.011,0.856
358000,0.118,0.016,0.865
358500,0.112,0.035,0.853
359000,0.101,0.030,0.869
359500,0.116,0.018,0.866
360000,0.126,0.011,0.864
360500,0.132,0.007,0.861
361000,0.122,0.012,0.865
361500,0.143,0.005,0.852
362000,0.133,0.007,0.860
362500,0.117,0.006,0.876
363000,0.106,0.033,0.861
363500,0.097,0.018,0.885
364000,0.097,0.018,0.886
364500,0.103,0.015,0.882
365000,0.116,0.009,0.875
365500,0.151,0.005,0.844
366000,0.148,0.003,0.849
366500,0.132,0.015,0.853
367000,0.136,0.014,0.851
367500,0.083,0.013,0.904
368000,0.114,0.019,0.867
368500,0.135,0.015,0.851
369000,0.135,0.021,0.844
369500,0.134,0.021,0.846
370000,0.125,0.018,0.858
370500,0.140,0.010,0.851
371000,0.121,0.018,0.862
371500,0.111,0.021,0.869
372000,0.126,0.006,0.868
372500,0.122,0.004,0.874
373000,0.124,0.018,0.857
373500,0.113,0.029,0.859
374000,0.110,0.015,0.875
374500,0.102,0.022,0.875
375000,0.126,0.037,0.837
375500,0.128,0.021,0.851
376000,0.137,0.006,0.857
376500,0.117,0.018,0.865
377000,0.085,0.035,0.880
377500,0.108,0.041,0.851
378000,0.101,0.030,0.869
378500,0.115,0.011,0.874
379000,0.107,0.011,0.882
379500,0.105,0.013,0.882
380000,0.138,0.011,0.852
380500,0.128,0.008,0.864
381000,0.121,0.005,0.874
381500,0.174,0.011,0.815
382000,0.141,0.005,0.854
382500,0.140,0.004,0.857
383000,0.135,0.009,0.856
383500,0.142,0.009,0.850
384000,0.134,0.013,0.854
384500,0.092,0.015,0.893
385000,0.094,0.018,0.888
385500,0.112,0.021,0.868
386000,0.105,0.038,0.857
386500,0.118,0.019,0.863
387000,0.120,0.020,0.860
387500,0.119,0.007,0.874
388000,0.121,0.004,0.874
388500,0.127,0.009,0.864
389000,0.114,0.009,0.877
389500,0.133,0.013,0.854
390000,0.122,0.007,0.870
390500,0.133,0.004,0.863
391000,0.128,0.006,0.866
391500,0.155,0.003,0.842
392000,0.170,0.001,0.830
392500,0.130,0.013,0.858
393000,0.175,0.009,0.815
393500,0.138,0.005,0.857
394000,0.140,0.009,0.852
394500,0.143,0.002,0.855
395000,0.103,0.011,0.886
395500,0.120,0.018,0.863
396000,0.132,0.017,0.852
396500,0.128,0.003,0.870
397000,0.128,0.017,0.856
397500,0.123,0.010,0.867
398000,0.136,0.003,0.862
398500,0.092,0.008,0.900
399000,0.122,0.007,0.871
399500,0.112,0.033,0.856
400000,0.113,0.015,0.872
400500,0.110,0.019,0.871
401000,0.115,0.026,0.859
401500,0.110,0.017,0.874
402000,0.115,0.019,0.866
402500,0.108,0.021,0.871
403000,0.094,0.022,0.884
403500,0.103,0.038,0.858
404000,0.117,0.019,0.863
404500,0.145,0.023,0.832
405000,0.120,0.024,0.856
405500,0.125,0.015,0.860
406000,0.131,0.015,0.854
406500,0.118,0.024,0.859
407000,0.103,0.013,0.884
407500,0.087,0.030,0.883
408000,0.110,0.025,0.865
408500,0.121,0.025,0.853
409000,0.127,0.013,0.861
409500,0.146,0.025,0.828
410000,0.143,0.006,0.851
410500,0.122,0.012,0.866
411000,0.139,0.005,0.856
411500,0.162,0.001,0.837
412000,0.129,0.019,0.852
412500,0.131,0.016,0.853
413000,0.119,0.038,0.843
413500,0.092,0.036,0.872
414000,0.122,0.015,0.862
414500,0.115,0.007,0.878
415000,0.140,0.009,0.852
415500,0.133,0.021,0.846
416000,0.115,0.018,0.868
416500,0.125,0.014,0.861
417000,0.166,0.015,0.819
417500,0.141,0.018,0.842
418000,0.110,0.028,0.863
418500,0.121,0.012,0.867
419000,0.116,0.008,0.876
419500,0.111,0.018,0.871
420000,0.096,0.021,0.883
420500,0.109,0.032,0.859
421000,0.124,0.020,0.856
421500,0.108,0.009,0.882
422000,0.139,0.024,0.837
422500,0.108,0.029,0.862
423000,0.125,0.021,0.854
423500,0.117,0.022,0.860
424000,0.098,0.018,0.885
424500,0.104,0.018,0.877
425000,0.102,0.027,0.871
425500,0.122,0.012,0.865
426000,0.127,0.009,0.864
426500,0.120,0.013,0.866
427000,0.117,0.009,0.874
427500,0.101,0.051,0.848
428000,0.105,0.033,0.861
428500,0.111,0.018,0.871
429000,0.136,0.021,0.844
429500,0.143,0.009,0.847
430000,0.140,0.007,0.853
430500,0.155,0.004,0.841
431000,0.137,0.011,0.852
431500,0.117,0.019,0.864
432000,0.103,0.013,0.883
432500,0.117,0.017,0.866
433000,0.120,0.015,0.864
433500,0.102,0.015,0.883
434000,0.106,0.007,0.887
434500,0.103,0.022,0.874
435000,0.089,0.024,0.887
435500,0.107,0.032,0.861
436000,0.118,0.020,0.862
436500,0.100,0.028,0.873
437000,0.092,0.034,0.873
437500,0.098,0.016,0.886
438000,0.115,0.011,0.875
438500,0.122,0.009,0.868
439000,0.120,0.020,0.859
439500,0.141,0.008,0.851
440000,0.161,0.010,0.829
440500,0.138,0.003,0.860
441000,0.127,0.001,0.872
441500,0.107,0.019,0.874
442000,0.089,0.024,0.887
442500,0.103,0.003,0.893
443000,0.113,0.018,0.869
443500,0.134,0.013,0.853
444000,0.129,0.011,0.860
444500,0.119,0.007,0.874
445000,0.119,0.003,0.878
445500,0.150,0.005,0.845
446000,0.146,0.021,0.832
446500,0.122,0.009,0.869
447000,0.119,0.014,0.867
447500,0.097,0.017,0.887
448000,0.117,0.018,0.865
448500,0.115,0.016,0.869
449000,0.124,0.012,0.863
449500,0.122,0.018,0.859
450000,0.113,0.016,0.871
450500,0.110,0.015,0.875
451000,0.114,0.024,0.862
451500,0.124,0.024,0.853
452000,0.111,0.029,0.861
452500,0.132,0.012,0.857
453000,0.103,0.011,0.886
453500,0.135,0.015,0.851
454000,0.102,0.022,0.875
454500,0.093,0.015,0.891
455000,0.102,0.017,0.881
455500,0.103,0.020,0.876
456000,0.117,0.013,0.871
456500,0.117,0.009,0.875
457000,0.151,0.003,0.846
457500,0.121,0.006,0.873
458000,0.127,0.013,0.860
458500,0.126,0.011,0.863
459000,0.105,0.002,0.893
459500,0.102,0.004,0.895
460000,0.090,0.017,0.894
460500,0.101,0.025,0.874
461000,0.122,0.024,0.854
461500,0.120,0.025,0.855
462000,0.102,0.024,0.875
462500,0.110,0.009,0.881
463000,0.145,0.009,0.846
463500,0.106,0.015,0.880
464000,0.088,0.032,0.880
464500,0.095,0.015,0.891
465000,0.126,0.023,0.852
465500,0.100,0.028,0.873
466000,0.122,0.011,0.867
466500,0.114,0.017,0.870
467000,0.102,0.016,0.882
467500,0.110,0.034,0.856
468000,0.114,0.018,0.868
468500,0.115,0.018,0.867
469000,0.102,0.010,0.887
469500,0.091,0.021,0.887
470000,0.109,0.017,0.875
470500,0.111,0.015,0.875
471000,0.162,0.007,0.831
471500,0.138,0.004,0.859
472000,0.128,0.011,0.862
472500,0.112,0.022,0.866
473000,0.124,0.017,0.858
473500,0.121,0.015,0.863
474000,0.114,0.024,0.862
474500,0.115,0.017,0.869
475000,0.108,0.019,0.873
475500,0.104,0.037,0.859
476000,0.109,0.025,0.866
476500,0.118,0.018,0.863
477000,0.114,0.021,0.865
477500,0.134,0.013,0.854
478000,0.134,0.014,0.853
478500,0.111,0.022,0.867
479000,0.139,0.023,0.838
479500,0.134,0.011,0.856
480000,0.144,0.008,0.848
480500,0.114,0.013,0.873
481000,0.122,0.013,0.865
481500,0.123,0.007,0.869
482000,0.116,0.014,0.870
482500,0.101,0.021,0.878
483000,0.117,0.021,0.862
483500,0.108,0.016,0.876
484000,0.095,0.018,0.887
484500,0.114,0.034,0.852
485000,0.131,0.029,0.840
485500,0.115,0.010,0.875
486000,0.100,0.017,0.884
486500,0.108,0.019,0.872
487000,0.104,0.018,0.877
487500,0.114,0.018,0.869
488000,0.137,0.009,0.855
488500,0.138,0.010,0.852
489000,0.120,0.009,0.871
489500,0.117,0.017,0.866
490000,0.117,0.015,0.868
490500,0.108,0.017,0.874
491000,0.113,0.009,0.878
491500,0.099,0.016,0.885
492000,0.129,0.022,0.849
492500,0.145,0.025,0.830
493000,0.145,0.024,0.832
493500,0.139,0.017,0.845
494000,0.139,0.010,0.851
494500,0.136,0.019,0.845
495000,0.102,0.035,0.863
495500,0.100,0.033,0.868
496000,0.102,0.014,0.884
496500,0.104,0.028,0.869
497000,0.136,0.017,0.848
497500,0.127,0.009,0.864
498000,0.155,0.004,0.840
498500,0.126,0.013,0.862
499000,0.138,0.006,0.856
499500,0.121,0.005,0.874
500000,0.110,0.011,0.879
500500,0.121,0.012,0.867
501000,0.125,0.018,0.858
501500,0.097,0.007,0.896
502000,0.131,0.021,0.848
502500,0.136,0.019,0.846
503000,0.151,0.004,0.844
503500,0.131,0.007,0.862
504000,0.113,0.021,0.867
504500,0.103,0.011,0.887
505000,0.093,0.022,0.885
505500,0.088,0.034,0.879
506000,0.120,0.011,0.869
506500,0.134,0.009,0.857
507000,0.135,0.014,0.851
507500,0.144,0.006,0.850
508000,0.143,0.020,0.837
508500,0.108,0.037,0.854
509000,0.099,0.028,0.874
509500,0.115,0.030,0.855
510000,0.110,0.018,0.873
510500,0.119,0.013,0.868
511000,0.118,0.018,0.865
511500,0.095,0.011,0.894
512000,0.108,0.025,0.868
512500,0.105,0.011,0.883
513000,0.131,0.013,0.856
513500,0.130,0.015,0.856
514000,0.148,0.011,0.840
514500,0.134,0.015,0.851
515000,0.120,0.014,0.865
515500,0.137,0.018,0.845
516000,0.120,0.024,0.857
516500,0.095,0.033,0.872
517000,0.117,0.020,0.863
517500,0.130,0.013,0.858
518000,0.103,0.017,0.880
518500,0.113,0.018,0.870
519000,0.096,0.019,0.885
519500,0.104,0.015,0.880
520000,0.141,0.028,0.831
520500,0.124,0.024,0.852
521000,0.163,0.005,0.832
521500,0.149,0.002,0.850
522000,0.146,0.004,0.849
522500,0.123,0.021,0.856
523000,0.116,0.024,0.861
523500,0.132,0.011,0.857
524000,0.114,0.003,0.883
524500,0.117,0.005,0.878
525000,0.144,0.011,0.845
525500,0.153,0.010,0.837
526000,0.113,0.028,0.859
526500,0.098,0.018,0.884
527000,0.118,0.030,0.851
527500,0.114,0.018,0.868
528000,0.122,0.015,0.862
528500,0.123,0.016,0.861
529000,0.111,0.018,0.872
529500,0.112,0.013,0.876
530000,0.112,0.013,0.875
530500,0.103,0.018,0.879
531000,0.105,0.028,0.867
531500,0.108,0.015,0.877
532000,0.113,0.005,0.882
532500,0.106,0.015,0.879
533000,0.132,0.034,0.834
533500,0.108,0.024,0.869
534000,0.120,0.007,0.873
534500,0.126,0.013,0.862
535000,0.110,0.011,0.879
535500,0.105,0.028,0.867
536000,0.127,0.029,0.845
536500,0.115,0.025,0.860
537000,0.110,0.015,0.875
537500,0.122,0.021,0.857
538000,0.159,0.010,0.831
538500,0.141,0.005,0.854
539000,0.130,0.009,0.861
539500,0.156,0.006,0.838
540000,0.102,0.000,0.898
540500,0.119,0.015,0.867
541000,0.117,0.007,0.876
541500,0.133,0.011,0.857
542000,0.160,0.013,0.827
542500,0.142,0.006,0.852
543000,0.139,0.002,0.860
543500,0.141,0.005,0.854
544000,0.090,0.021,0.888
544500,0.121,0.010,0.869
545000,0.114,0.025,0.861
545500,0.131,0.011,0.858
546000,0.124,0.012,0.863
546500,0.104,0.014,0.881
547000,0.107,0.023,0.869
547500,0.104,0.017,0.880
548000,0.118,0.026,0.855
548500,0.111,0.021,0.868
549000,0.140,0.021,0.839
549500,0.116,0.013,0.871
550000,0.121,0.004,0.876
550500,0.134,0.007,0.859
551000,0.142,0.009,0.848
551500,0.116,0.007,0.877
552000,0.123,0.010,0.867
552500,0.134,0.024,0.843
553000,0.133,0.023,0.844
553500,0.109,0.019,0.872
554000,0.101,0.022,0.877
554500,0.094,0.019,0.887
555000,0.089,0.024,0.888
555500,0.126,0.019,0.855
556000,0.105,0.015,0.879
556500,0.109,0.036,0.855
557000,0.108,0.022,0.869
557500,0.132,0.019,0.849
558000,0.141,0.004,0.855
558500,0.125,0.023,0.852
559000,0.128,0.026,0.847
559500,0.108,0.018,0.874
560000,0.119,0.025,0.856
560500,0.127,0.018,0.855
561000,0.092,0.028,0.880
561500,0.100,0.044,0.856
562000,0.089,0.033,0.877
562500,0.098,0.019,0.883
563000,0.121,0.017,0.863
563500,0.092,0.021,0.888
564000,0.111,0.030,0.859
564500,0.111,0.019,0.870
565000,0.107,0.029,0.865
565500,0.103,0.022,0.874
566000,0.101,0.035,0.864
566500,0.086,0.045,0.868
567000,0.125,0.021,0.855
567500,0.129,0.016,0.855
568000,0.119,0.009,0.872
568500,0.152,0.015,0.833
569000,0.153,0.017,0.830
569500,0.133,0.013,0.854
570000,0.132,0.012,0.857
570500,0.129,0.009,0.862
571000,0.119,0.009,0.872
571500,0.123,0.002,0.875
572000,0.135,0.007,0.858
572500,0.153,0.005,0.842
573000,0.139,0.003,0.859
573500,0.147,0.005,0.848
574000,0.141,0.009,0.849
574500,0.145,0.011,0.845
575000,0.136,0.018,0.847
575500,0.152,0.025,0.823
576000,0.145,0.018,0.837
576500,0.146,0.018,0.836
577000,0.134,0.026,0.841
577500,0.135,0.017,0.848
578000,0.107,0.021,0.871
578500,0.104,0.018,0.878
579000,0.093,0.028,0.879
579500,0.111,0.025,0.864
580000,0.105,0.019,0.876
580500,0.094,0.018,0.889
581000,0.106,0.018,0.876
581500,0.129,0.009,0.862
582000,0.130,0.007,0.863
582500,0.108,0.020,0.871
583000,0.118,0.021,0.862
583500,0.131,0.013,0.856
584000,0.149,0.009,0.841
584500,0.122,0.009,0.869
585000,0.124,0.004,0.871
585500,0.112,0.009,0.880
586000,0.124,0.006,0.869
586500,0.112,0.017,0.871
587000,0.101,0.028,0.871
587500,0.097,0.027,0.876
588000,0.104,0.018,0.878
588500,0.129,0.022,0.849
589000,0.097,0.013,0.890
589500,0.108,0.025,0.867
590000,0.091,0.018,0.890
590500,0.117,0.035,0.849
591000,0.110,0.019,0.871
591500,0.109,0.013,0.878
592000,0.110,0.021,0.869
592500,0.119,0.023,0.858
593000,0.114,0.026,0.860
593500,0.117,0.016,0.867
594000,0.137,0.014,0.849
594500,0.124,0.016,0.860
595000,0.124,0.013,0.864
595500,0.128,0.015,0.858
596000,0.109,0.015,0.877
596500,0.128,0.019,0.854
597000,0.104,0.025,0.871
597500,0.123,0.025,0.852
598000,0.101,0.017,0.882
598500,0.107,0.011,0.881
599000,0.108,0.014,0.878
599500,0.126,0.022,0.852
600000,0.123,0.009,0.867
600500,0.145,0.018,0.837
601000,0.155,0.009,0.836
601500,0.140,0.001,0.860
602000,0.115,0.014,0.871
602500,0.142,0.019,0.838
603000,0.102,0.009,0.890
603500,0.110,0.006,0.884
604000,0.093,0.009,0.898
604500,0.116,0.007,0.877
605000,0.117,0.011,0.871
605500,0.101,0.025,0.874
606000,0.117,0.028,0.855
606500,0.079,0.046,0.875
607000,0.095,0.029,0.876
607500,0.118,0.032,0.850
608000,0.127,0.013,0.860
608500,0.100,0.022,0.878
609000,0.108,0.023,0.869
609500,0.116,0.013,0.871
610000,0.127,0.004,0.869
610500,0.112,0.008,0.880
611000,0.128,0.009,0.864
611500,0.118,0.014,0.867
612000,0.128,0.016,0.857
612500,0.111,0.034,0.856
613000,0.104,0.028,0.869
613500,0.113,0.008,0.879
614000,0.160,0.009,0.832
614500,0.146,0.005,0.848
615000,0.120,0.009,0.870
615500,0.126,0.015,0.860
616000,0.107,0.018,0.875
616500,0.109,0.008,0.883
617000,0.110,0.012,0.878
617500,0.119,0.016,0.865
618000,0.126,0.017,0.858
618500,0.120,0.018,0.862
619000,0.129,0.017,0.855
619500,0.142,0.024,0.834
620000,0.116,0.009,0.875
620500,0.104,0.029,0.866
621000,0.116,0.032,0.853
621500,0.103,0.019,0.878
622000,0.093,0.009,0.898
622500,0.111,0.016,0.873
623000,0.114,0.011,0.875
623500,0.116,0.015,0.869
624000,0.124,0.007,0.868
624500,0.134,0.013,0.853
625000,0.134,0.007,0.859
625500,0.148,0.005,0.846
626000,0.144,0.007,0.849
626500,0.146,0.013,0.841
627000,0.121,0.016,0.863
627500,0.112,0.006,0.882
628000,0.128,0.009,0.864
628500,0.121,0.007,0.872
629000,0.133,0.007,0.860
629500,0.131,0.012,0.857
630000,0.115,0.018,0.867
630500,0.124,0.011,0.864
631000,0.113,0.015,0.873
631500,0.129,0.015,0.857
632000,0.117,0.011,0.873
632500,0.120,0.017,0.863
633000,0.128,0.011,0.861
633500,0.106,0.017,0.878
634000,0.118,0.017,0.864
634500,0.138,0.002,0.861
635000,0.105,0.007,0.888
635500,0.125,0.015,0.861
636000,0.122,0.022,0.856
636500,0.129,0.024,0.847
637000,0.110,0.017,0.874
637500,0.121,0.020,0.859
638000,0.137,0.006,0.857
638500,0.124,0.011,0.865
639000,0.105,0.033,0.862
639500,0.093,0.040,0.867
640000,0.087,0.019,0.894
640500,0.122,0.017,0.861
641000,0.098,0.013,0.889
641500,0.107,0.017,0.876
642000,0.129,0.010,0.861
642500,0.131,0.018,0.852
643000,0.146,0.011,0.843
643500,0.113,0.011,0.876
644000,0.107,0.013,0.880
644500,0.115,0.016,0.869
645000,0.133,0.036,0.831
645500,0.096,0.026,0.878
646000,0.117,0.022,0.861
646500,0.115,0.025,0.861
647000,0.115,0.021,0.864
647500,0.143,0.006,0.851
648000,0.160,0.012,0.829
648500,0.106,0.039,0.854
649000,0.093,0.042,0.865
649500,0.111,0.027,0.862
650000,0.105,0.024,0.871
650500,0.098,0.025,0.877
651000,0.088,0.046,0.866
651500,0.107,0.049,0.844
652000,0.121,0.029,0.851
652500,0.118,0.016,0.865
653000,0.121,0.016,0.863
653500,0.107,0.026,0.867
654000,0.122,0.023,0.855
654500,0.145,0.013,0.842
655000,0.119,0.024,0.858
655500,0.113,0.018,0.870
656000,0.104,0.029,0.868
656500,0.095,0.019,0.886
657000,0.100,0.020,0.880
657500,0.114,0.024,0.862
658000,0.103,0.025,0.871
658500,0.089,0.021,0.890
659000,0.101,0.029,0.870
659500,0.111,0.018,0.872
660000,0.103,0.028,0.869
660500,0.100,0.018,0.882
661000,0.108,0.023,0.869
661500,0.127,0.011,0.862
662000,0.103,0.011,0.886
662500,0.094,0.029,0.878
663000,0.098,0.017,0.886
663500,0.091,0.035,0.875
664000,0.098,0.021,0.881
664500,0.114,0.028,0.858
665000,0.102,0.011,0.887
665500,0.124,0.017,0.858
666000,0.121,0.025,0.854
666500,0.095,0.017,0.888
667000,0.100,0.027,0.873
667500,0.100,0.021,0.879
668000,0.118,0.009,0.873
668500,0.135,0.017,0.849
669000,0.096,0.005,0.899
669500,0.138,0.011,0.851
670000,0.117,0.013,0.871
670500,0.107,0.009,0.884
671000,0.102,0.026,0.871
671500,0.114,0.015,0.871
672000,0.121,0.008,0.871
672500,0.114,0.025,0.861
673000,0.150,0.011,0.838
673500,0.144,0.019,0.837
674000,0.100,0.015,0.885
674500,0.120,0.005,0.874
675000,0.149,0.026,0.825
675500,0.136,0.013,0.851
676000,0.146,0.013,0.841
676500,0.134,0.011,0.855
677000,0.159,0.004,0.838
677500,0.166,0.001,0.834
678000,0.123,0.018,0.859
678500,0.102,0.008,0.890
679000,0.118,0.023,0.859
679500,0.111,0.016,0.873
680000,0.115,0.023,0.862
680500,0.107,0.032,0.862
681000,0.100,0.021,0.879
681500,0.108,0.016,0.875
682000,0.107,0.018,0.876
682500,0.106,0.021,0.872
683000,0.114,0.009,0.877
683500,0.131,0.033,0.837
684000,0.126,0.033,0.842
684500,0.119,0.018,0.863
685000,0.102,0.023,0.875
685500,0.117,0.032,0.851
686000,0.116,0.022,0.862
686500,0.134,0.013,0.853
687000,0.099,0.022,0.879
687500,0.108,0.024,0.867
688000,0.105,0.019,0.875
688500,0.102,0.025,0.872
689000,0.112,0.019,0.869
689500,0.091,0.026,0.882
690000,0.125,0.009,0.866
690500,0.128,0.015,0.858
691000,0.086,0.022,0.892
691500,0.125,0.005,0.870
692000,0.130,0.009,0.862
692500,0.137,0.013,0.850
693000,0.111,0.010,0.879
693500,0.115,0.011,0.874
694000,0.100,0.026,0.874
694500,0.134,0.018,0.848
695000,0.158,0.015,0.828
695500,0.142,0.013,0.845
696000,0.144,0.010,0.846
696500,0.144,0.019,0.837
697000,0.107,0.014,0.879
697500,0.114,0.021,0.865
698000,0.115,0.013,0.872
698500,0.108,0.012,0.880
699000,0.117,0.013,0.869
699500,0.127,0.013,0.860
700000,0.134,0.009,0.857
700500,0.145,0.005,0.850
701000,0.136,0.005,0.860
701500,0.120,0.009,0.872
702000,0.145,0.011,0.844
702500,0.131,0.011,0.858
703000,0.121,0.007,0.872
703500,0.115,0.009,0.877
704000,0.118,0.016,0.865
704500,0.116,0.025,0.859
705000,0.099,0.025,0.876
705500,0.108,0.013,0.878
706000,0.126,0.015,0.859
706500,0.165,0.020,0.815
707000,0.131,0.021,0.849
707500,0.120,0.028,0.852
708000,0.120,0.021,0.859
708500,0.110,0.013,0.878
709000,0.117,0.015,0.868
709500,0.123,0.015,0.862
710000,0.131,0.013,0.856
710500,0.124,0.018,0.858
711000,0.122,0.019,0.858
711500,0.135,0.013,0.853
712000,0.128,0.014,0.859
712500,0.101,0.015,0.884
713000,0.118,0.011,0.870
713500,0.122,0.017,0.862
714000,0.130,0.025,0.846
714500,0.140,0.007,0.853
715000,0.144,0.004,0.853
715500,0.120,0.015,0.864
716000,0.124,0.003,0.874
716500,0.131,0.011,0.858
717000,0.100,0.023,0.877
717500,0.093,0.030,0.876
718000,0.123,0.013,0.864
718500,0.118,0.005,0.876
719000,0.106,0.013,0.882
719500,0.120,0.009,0.871
720000,0.119,0.029,0.852
720500,0.106,0.021,0.872
721000,0.106,0.021,0.872
721500,0.115,0.018,0.867
722000,0.113,0.013,0.875
722500,0.128,0.009,0.863
723000,0.104,0.028,0.868
723500,0.090,0.021,0.888
724000,0.114,0.018,0.868
724500,0.114,0.015,0.871
725000,0.124,0.015,0.860
725500,0.116,0.024,0.861
726000,0.092,0.026,0.881
726500,0.093,0.035,0.872
727000,0.113,0.032,0.856
727500,0.113,0.013,0.874
728000,0.113,0.025,0.863
728500,0.131,0.017,0.853
729000,0.114,0.008,0.878
729500,0.117,0.017,0.867
730000,0.124,0.019,0.857
730500,0.117,0.017,0.866
731000,0.103,0.017,0.881
731500,0.105,0.034,0.861
732000,0.119,0.030,0.851
732500,0.107,0.016,0.877
733000,0.119,0.015,0.866
733500,0.142,0.011,0.846
734000,0.115,0.003,0.882
734500,0.115,0.014,0.871
735000,0.095,0.013,0.892
735500,0.116,0.035,0.849
736000,0.087,0.029,0.884
736500,0.105,0.029,0.867
737000,0.101,0.022,0.877
737500,0.117,0.022,0.861
738000,0.116,0.020,0.864
738500,0.105,0.015,0.880
739000,0.106,0.022,0.872
739500,0.117,0.008,0.875
740000,0.119,0.018,0.863
740500,0.102,0.026,0.872
741000,0.098,0.031,0.871
741500,0.086,0.029,0.885
742000,0.096,0.034,0.871
742500,0.121,0.017,0.862
743000,0.119,0.015,0.866
743500,0.113,0.006,0.881
744000,0.129,0.005,0.866
744500,0.139,0.006,0.855
745000,0.147,0.006,0.847
745500,0.120,0.012,0.868
746000,0.142,0.008,0.850
746500,0.146,0.001,0.853
747000,0.139,0.009,0.852
747500,0.141,0.005,0.854
748000,0.129,0.015,0.856
748500,0.087,0.016,0.897
749000,0.099,0.025,0.877
749500,0.092,0.024,0.884
750000,0.117,0.017,0.866
750500,0.128,0.012,0.861
751000,0.126,0.007,0.867
751500,0.128,0.006,0.867
752000,0.127,0.005,0.868
752500,0.118,0.011,0.871
753000,0.090,0.004,0.905
753500,0.100,0.022,0.878
754000,0.091,0.018,0.890
754500,0.098,0.018,0.884
755000,0.121,0.004,0.874
755500,0.115,0.020,0.865
756000,0.128,0.025,0.847
756500,0.127,0.013,0.861
757000,0.127,0.020,0.853
757500,0.125,0.018,0.857
758000,0.100,0.029,0.871
758500,0.116,0.023,0.861
759000,0.117,0.011,0.873
759500,0.126,0.018,0.856
760000,0.115,0.024,0.862
760500,0.124,0.013,0.863
761000,0.117,0.029,0.853
761500,0.086,0.013,0.901
762000,0.128,0.022,0.850
762500,0.120,0.018,0.863
763000,0.133,0.018,0.849
763500,0.148,0.018,0.834
764000,0.108,0.019,0.873
764500,0.147,0.018,0.836
765000,0.163,0.010,0.827
765500,0.153,0.009,0.837
766000,0.134,0.009,0.857
766500,0.129,0.019,0.852
767000,0.129,0.011,0.860
767500,0.118,0.021,0.861
768000,0.123,0.036,0.841
768500,0.114,0.021,0.865
769000,0.128,0.013,0.860
769500,0.117,0.021,0.863
770000,0.110,0.021,0.870
770500,0.141,0.021,0.838
771000,0.104,0.015,0.880
771500,0.097,0.011,0.893
772000,0.120,0.019,0.860
772500,0.110,0.018,0.873
773000,0.101,0.016,0.883
773500,0.111,0.009,0.880
774000,0.111,0.011,0.878
774500,0.114,0.021,0.865
775000,0.114,0.021,0.866
775500,0.095,0.025,0.880
776000,0.111,0.020,0.869
776500,0.102,0.025,0.873
777000,0.101,0.017,0.883
777500,0.131,0.017,0.852
778000,0.129,0.009,0.862
778500,0.135,0.014,0.851
779000,0.123,0.018,0.859
779500,0.143,0.019,0.837
780000,0.112,0.011,0.877
780500,0.098,0.028,0.874
781000,0.116,0.015,0.870
781500,0.105,0.011,0.883
782000,0.105,0.018,0.876
782500,0.114,0.029,0.857
783000,0.123,0.026,0.851
783500,0.134,0.016,0.850
784000,0.111,0.018,0.871
784500,0.135,0.011,0.854
785000,0.116,0.007,0.877
785500,0.135,0.007,0.858
786000,0.113,0.021,0.867
786500,0.126,0.029,0.845
787000,0.119,0.029,0.852
787500,0.108,0.032,0.860
788000,0.101,0.025,0.874
788500,0.114,0.022,0.864
789000,0.108,0.014,0.878
789500,0.111,0.011,0.878
790000,0.135,0.012,0.853
790500,0.109,0.011,0.880
791000,0.102,0.013,0.884
791500,0.078,0.021,0.901
792000,0.092,0.021,0.887
792500,0.106,0.013,0.881
793000,0.124,0.005,0.871
793500,0.126,0.009,0.865
794000,0.106,0.010,0.884
794500,0.128,0.025,0.848
795000,0.122,0.013,0.864
795500,0.136,0.011,0.854
796000,0.114,0.005,0.881
796500,0.121,0.004,0.875
797000,0.123,0.015,0.862
797500,0.118,0.014,0.868
798000,0.122,0.015,0.862
798500,0.116,0.011,0.873
799000,0.094,0.040,0.867
799500,0.088,0.030,0.881
800000,0.114,0.013,0.873
800500,0.111,0.015,0.875
801000,0.110,0.020,0.870
801500,0.104,0.034,0.862
802000,0.094,0.027,0.879
802500,0.137,0.023,0.840
803000,0.124,0.022,0.853
803500,0.105,0.029,0.865
804000,0.092,0.019,0.889
804500,0.106,0.013,0.882
805000,0.096,0.018,0.886
805500,0.126,0.015,0.859
806000,0.111,0.017,0.873
806500,0.104,0.009,0.887
807000,0.120,0.006,0.874
807500,0.111,0.022,0.867
808000,0.123,0.011,0.867
808500,0.097,0.013,0.890
809000,0.113,0.015,0.872
809500,0.114,0.018,0.869
810000,0.103,0.021,0.876
810500,0.117,0.024,0.859
811000,0.101,0.032,0.868
811500,0.110,0.028,0.862
812000,0.104,0.022,0.873
812500,0.130,0.007,0.863
813000,0.161,0.009,0.831
813500,0.134,0.010,0.857
814000,0.117,0.021,0.862
814500,0.128,0.018,0.854
815000,0.128,0.018,0.854
815500,0.103,0.022,0.874
816000,0.112,0.031,0.857
816500,0.123,0.029,0.848
817000,0.124,0.022,0.854
817500,0.115,0.035,0.851
818000,0.102,0.028,0.871
818500,0.102,0.011,0.887
819000,0.134,0.018,0.849
819500,0.109,0.011,0.881
820000,0.102,0.020,0.878
820500,0.121,0.035,0.844
821000,0.116,0.034,0.850
821500,0.110,0.032,0.858
822000,0.106,0.033,0.862
822500,0.112,0.034,0.855
823000,0.124,0.019,0.857
823500,0.103,0.022,0.875
824000,0.106,0.017,0.877
824500,0.102,0.012,0.885
825000,0.112,0.022,0.866
825500,0.102,0.021,0.878
826000,0.108,0.028,0.865
826500,0.092,0.009,0.898
827000,0.099,0.031,0.870
827500,0.097,0.032,0.871
828000,0.101,0.022,0.877
828500,0.113,0.022,0.865
829000,0.123,0.012,0.865
829500,0.113,0.014,0.873
830000,0.107,0.004,0.889
830500,0.126,0.002,0.872
831000,0.134,0.021,0.845
831500,0.103,0.015,0.882
832000,0.119,0.032,0.849
832500,0.101,0.031,0.868
833000,0.107,0.026,0.866
833500,0.102,0.060,0.837
834000,0.112,0.036,0.852
834500,0.105,0.043,0.852
835000,0.113,0.013,0.874
835500,0.113,0.027,0.860
836000,0.098,0.032,0.870
836500,0.099,0.021,0.880
837000,0.126,0.018,0.856
837500,0.105,0.012,0.882
838000,0.110,0.028,0.862
838500,0.117,0.029,0.855
839000,0.105,0.020,0.874
839500,0.115,0.028,0.858
840000,0.101,0.028,0.872
840500,0.140,0.011,0.849
841000,0.121,0.009,0.869
841500,0.137,0.009,0.854
842000,0.103,0.021,0.875
842500,0.118,0.015,0.866
843000,0.121,0.013,0.867
843500,0.119,0.016,0.865
844000,0.095,0.025,0.880
844500,0.106,0.013,0.880
845000,0.130,0.011,0.859
845500,0.102,0.012,0.885
846000,0.105,0.015,0.881
846500,0.122,0.019,0.858
847000,0.143,0.023,0.834
847500,0.124,0.022,0.853
848000,0.115,0.027,0.858
848500,0.124,0.014,0.861
849000,0.141,0.011,0.848
849500,0.148,0.019,0.832
850000,0.118,0.021,0.861
850500,0.118,0.043,0.839
851000,0.098,0.036,0.866
851500,0.114,0.035,0.851
852000,0.111,0.029,0.861
852500,0.121,0.021,0.859
853000,0.130,0.029,0.842
853500,0.111,0.020,0.869
854000,0.095,0.024,0.882
854500,0.120,0.020,0.860
855000,0.126,0.017,0.858
855500,0.117,0.016,0.867
856000,0.117,0.027,0.856
856500,0.082,0.013,0.905
857000,0.123,0.010,0.867
857500,0.124,0.016,0.859
858000,0.106,0.018,0.877
858500,0.119,0.021,0.859
859000,0.148,0.018,0.835
859500,0.098,0.020,0.882
860000,0.102,0.016,0.882
860500,0.109,0.016,0.875
861000,0.098,0.022,0.880
861500,0.115,0.012,0.873
862000,0.100,0.050,0.850
862500,0.081,0.028,0.892
863000,0.087,0.029,0.883
863500,0.135,0.009,0.857
864000,0.128,0.018,0.855
864500,0.127,0.011,0.863
865000,0.149,0.009,0.842
865500,0.142,0.018,0.840
866000,0.133,0.028,0.840
866500,0.118,0.012,0.869
867000,0.111,0.021,0.868
867500,0.139,0.017,0.844
868000,0.117,0.018,0.865
868500,0.121,0.011,0.868
869000,0.144,0.018,0.838
869500,0.124,0.032,0.845
870000,0.129,0.016,0.855
870500,0.114,0.019,0.867
871000,0.153,0.020,0.827
871500,0.144,0.018,0.839
872000,0.102,0.020,0.878
872500,0.087,0.030,0.882
873000,0.115,0.035,0.850
873500,0.104,0.010,0.886
874000,0.123,0.017,0.861
874500,0.109,0.024,0.868
875000,0.128,0.010,0.863
875500,0.105,0.019,0.876
876000,0.120,0.015,0.864
876500,0.099,0.033,0.868
877000,0.098,0.009,0.893
877500,0.095,0.021,0.884
878000,0.112,0.019,0.869
878500,0.152,0.009,0.839
879000,0.104,0.016,0.879
879500,0.091,0.026,0.883
880000,0.102,0.028,0.871
880500,0.108,0.026,0.865
881000,0.135,0.021,0.845
881500,0.123,0.013,0.865
882000,0.116,0.024,0.861
882500,0.124,0.028,0.848
883000,0.127,0.013,0.861
883500,0.141,0.018,0.842
884000,0.130,0.006,0.864
884500,0.138,0.015,0.847
885000,0.118,0.011,0.870
885500,0.103,0.017,0.881
886000,0.089,0.014,0.896
886500,0.083,0.009,0.908
887000,0.117,0.019,0.864
887500,0.111,0.030,0.859
888000,0.097,0.018,0.885
888500,0.133,0.021,0.846
889000,0.107,0.023,0.869
889500,0.092,0.029,0.879
890000,0.094,0.021,0.885
890500,0.099,0.016,0.885
891000,0.135,0.009,0.856
891500,0.113,0.011,0.877
892000,0.122,0.016,0.861
892500,0.116,0.026,0.858
893000,0.114,0.018,0.868
893500,0.118,0.011,0.872
894000,0.140,0.013,0.848
894500,0.130,0.007,0.863
895000,0.119,0.021,0.860
895500,0.110,0.025,0.865
896000,0.105,0.011,0.884
896500,0.125,0.017,0.858
897000,0.128,0.007,0.865
897500,0.105,0.022,0.872
898000,0.097,0.018,0.885
898500,0.113,0.015,0.872
899000,0.092,0.026,0.882
899500,0.089,0.024,0.888
900000,0.115,0.011,0.874
900500,0.127,0.021,0.852
901000,0.118,0.025,0.858
901500,0.107,0.013,0.879
902000,0.119,0.014,0.867
902500,0.128,0.019,0.854
903000,0.104,0.026,0.870
903500,0.124,0.016,0.859
904000,0.122,0.014,0.864
904500,0.124,0.007,0.868
905000,0.118,0.017,0.864
905500,0.120,0.011,0.869
906000,0.125,0.011,0.865
906500,0.110,0.010,0.880
907000,0.105,0.012,0.883
907500,0.106,0.017,0.878
908000,0.111,0.021,0.868
908500,0.103,0.026,0.871
909000,0.101,0.028,0.872
909500,0.126,0.018,0.856
910000,0.122,0.018,0.860
910500,0.114,0.013,0.873
911000,0.117,0.017,0.866
911500,0.120,0.011,0.870
912000,0.118,0.013,0.869
912500,0.119,0.029,0.852
913000,0.127,0.021,0.853
913500,0.115,0.024,0.861
914000,0.097,0.016,0.887
914500,0.103,0.018,0.879
915000,0.095,0.018,0.887
915500,0.112,0.029,0.859
916000,0.132,0.014,0.855
916500,0.144,0.007,0.849
917000,0.140,0.004,0.857
917500,0.137,0.004,0.859
918000,0.134,0.003,0.864
918500,0.125,0.019,0.856
919000,0.098,0.010,0.892
919500,0.117,0.018,0.865
920000,0.108,0.010,0.881
920500,0.103,0.030,0.867
921000,0.101,0.027,0.872
921500,0.138,0.018,0.844
922000,0.131,0.017,0.853
922500,0.117,0.022,0.861
923000,0.116,0.011,0.873
923500,0.129,0.011,0.860
924000,0.133,0.025,0.843
924500,0.128,0.021,0.852
925000,0.111,0.008,0.881
925500,0.103,0.020,0.876
926000,0.100,0.014,0.886
926500,0.092,0.027,0.880
927000,0.088,0.019,0.892
927500,0.107,0.029,0.863
928000,0.103,0.023,0.873
928500,0.117,0.009,0.875
929000,0.148,0.018,0.834
929500,0.140,0.011,0.849
930000,0.138,0.013,0.849
930500,0.150,0.011,0.839
931000,0.131,0.021,0.848
931500,0.136,0.019,0.845
932000,0.158,0.004,0.838
932500,0.117,0.020,0.863
933000,0.107,0.011,0.883
933500,0.102,0.015,0.884
934000,0.141,0.006,0.853
934500,0.130,0.004,0.867
935000,0.096,0.022,0.882
935500,0.114,0.021,0.866
936000,0.124,0.017,0.858
936500,0.132,0.021,0.847
937000,0.139,0.029,0.832
937500,0.106,0.013,0.880
938000,0.104,0.008,0.887
938500,0.106,0.015,0.880
939000,0.083,0.037,0.880
939500,0.081,0.048,0.871
940000,0.080,0.038,0.882
940500,0.079,0.042,0.879
941000,0.116,0.021,0.863
941500,0.099,0.017,0.884
942000,0.084,0.011,0.905
942500,0.095,0.010,0.895
943000,0.102,0.034,0.864
943500,0.104,0.028,0.868
944000,0.139,0.006,0.855
944500,0.102,0.013,0.886
945000,0.105,0.019,0.875
945500,0.104,0.018,0.879
946000,0.117,0.019,0.864
946500,0.096,0.017,0.888
947000,0.117,0.015,0.867
947500,0.112,0.017,0.872
948000,0.099,0.011,0.891
948500,0.093,0.023,0.884
949000,0.105,0.017,0.878
949500,0.127,0.018,0.855
950000,0.113,0.026,0.861
950500,0.092,0.024,0.884
951000,0.085,0.028,0.887
951500,0.116,0.029,0.856
952000,0.104,0.019,0.877
952500,0.127,0.027,0.846
953000,0.106,0.009,0.885
953500,0.096,0.018,0.886
954000,0.090,0.025,0.886
954500,0.096,0.011,0.893
955000,0.093,0.009,0.899
955500,0.120,0.013,0.867
956000,0.120,0.023,0.857
956500,0.136,0.013,0.851
957000,0.122,0.012,0.865
957500,0.099,0.013,0.888
958000,0.134,0.011,0.856
958500,0.132,0.004,0.864
959000,0.149,0.005,0.846
959500,0.171,0.007,0.822
960000,0.139,0.018,0.844
960500,0.098,0.016,0.886
961000,0.117,0.009,0.874
961500,0.118,0.023,0.859
962000,0.104,0.026,0.869
962500,0.091,0.038,0.870
963000,0.097,0.048,0.855
963500,0.091,0.028,0.880
964000,0.118,0.021,0.861
964500,0.116,0.020,0.864
965000,0.117,0.019,0.864
965500,0.103,0.033,0.863
966000,0.090,0.021,0.888
966500,0.098,0.014,0.888
967000,0.126,0.026,0.848
967500,0.118,0.022,0.859
968000,0.096,0.025,0.880
968500,0.107,0.026,0.867
969000,0.100,0.016,0.884
969500,0.112,0.010,0.878
970000,0.122,0.016,0.862
970500,0.111,0.013,0.877
971000,0.116,0.022,0.862
971500,0.111,0.009,0.880
972000,0.134,0.007,0.859
972500,0.148,0.011,0.841
973000,0.170,0.011,0.820
973500,0.141,0.002,0.857
974000,0.139,0.009,0.853
974500,0.140,0.005,0.855
975000,0.137,0.009,0.854
975500,0.105,0.012,0.883
976000,0.139,0.019,0.842
976500,0.137,0.014,0.849
977000,0.137,0.009,0.854
977500,0.143,0.004,0.854
978000,0.129,0.014,0.857
978500,0.125,0.017,0.858
979000,0.144,0.033,0.823
979500,0.139,0.017,0.845
980000,0.106,0.026,0.867
980500,0.120,0.018,0.862
981000,0.112,0.024,0.864
981500,0.108,0.026,0.865
982000,0.147,0.013,0.840
982500,0.128,0.015,0.857
983000,0.152,0.009,0.839
983500,0.139,0.024,0.838
984000,0.111,0.005,0.884
984500,0.106,0.002,0.893
985000,0.114,0.006,0.880
985500,0.135,0.004,0.861
986000,0.125,0.006,0.869
986500,0.096,0.018,0.886
987000,0.122,0.018,0.860
987500,0.117,0.011,0.872
988000,0.114,0.009,0.878
988500,0.104,0.018,0.878
989000,0.105,0.035,0.860
989500,0.104,0.018,0.878
990000,0.120,0.016,0.864
990500,0.144,0.009,0.847
991000,0.148,0.004,0.848
991500,0.132,0.011,0.858
992000,0.106,0.025,0.870
992500,0.119,0.021,0.860
993000,0.144,0.006,0.849
993500,0.128,0.018,0.855
994000,0.120,0.004,0.876
994500,0.128,0.007,0.866
995000,0.114,0.016,0.870
995500,0.093,0.024,0.884
996000,0.102,0.020,0.878
996500,0.113,0.018,0.870
997000,0.102,0.018,0.880
997500,0.102,0.021,0.877
998000,0.115,0.015,0.870
998500,0.112,0.022,0.866
999000,0.136,0.011,0.853
999500,0.119,0.007,0.874
1000000,0.133,0.013,0.855
