time,n_A+p,n_B,n_AB
500,0.010,0.901,0.089
1000,0.010,0.926,0.064
1500,0.010,0.979,0.011
2000,0.010,0.932,0.058
2500,0.010,0.973,0.017
3000,0.010,0.808,0.182
3500,0.010,0.985,0.005
4000,0.010,0.968,0.022
4500,0.010,0.904,0.086
5000,0.010,0.909,0.081
5500,0.010,0.956,0.034
6000,0.010,0.967,0.023
6500,0.010,0.946,0.044
7000,0.010,0.882,0.108
7500,0.010,0.966,0.024
8000,0.010,0.924,0.066
8500,0.010,0.903,0.087
9000,0.010,0.917,0.073
9500,0.010,0.887,0.103
10000,0.010,0.808,0.182
10500,0.010,0.959,0.031
11000,0.010,0.987,0.003
11500,0.010,0.934,0.056
12000,0.010,0.927,0.063
12500,0.010,0.928,0.062
13000,0.010,0.976,0.014
13500,0.010,0.882,0.108
14000,0.010,0.859,0.131
14500,0.010,0.940,0.050
15000,0.010,0.856,0.134
15500,0.010,0.874,0.116
16000,0.010,0.919,0.071
16500,0.010,0.968,0.022
17000,0.010,0.740,0.250
17500,0.010,0.831,0.159
18000,0.010,0.990,0.000
18500,0.010,0.876,0.114
19000,0.010,0.881,0.109
19500,0.010,0.767,0.223
20000,0.010,0.975,0.015
20500,0.010,0.918,0.072
21000,0.010,0.945,0.045
21500,0.010,0.985,0.005
22000,0.010,0.937,0.053
22500,0.010,0.946,0.044
23000,0.010,0.941,0.049
23500,0.010,0.895,0.095
24000,0.010,0.714,0.276
24500,0.010,0.885,0.105
25000,0.010,0.841,0.149
25500,0.010,0.867,0.123
26000,0.010,0.881,0.109
26500,0.010,0.875,0.115
27000,0.010,0.822,0.168
27500,0.010,0.770,0.220
28000,0.010,0.810,0.180
28500,0.010,0.881,0.109
29000,0.010,0.785,0.205
29500,0.010,0.925,0.065
30000,0.010,0.848,0.142
30500,0.010,0.896,0.094
31000,0.010,0.964,0.026
31500,0.010,0.912,0.078
32000,0.010,0.909,0.081
32500,0.010,0.954,0.036
33000,0.010,0.901,0.089
33500,0.010,0.968,0.022
34000,0.010,0.849,0.141
34500,0.010,0.948,0.042
35000,0.010,0.898,0.092
35500,0.010,0.929,0.061
36000,0.010,0.825,0.165
36500,0.010,0.907,0.083
37000,0.010,0.819,0.171
37500,0.010,0.961,0.029
38000,0.010,0.968,0.022
38500,0.010,0.931,0.059
39000,0.010,0.934,0.056
39500,0.010,0.923,0.067
40000,0.010,0.923,0.067
40500,0.010,0.861,0.129
41000,0.010,0.776,0.214
41500,0.010,0.868,0.122
42000,0.010,0.873,0.117
42500,0.010,0.929,0.061
43000,0.010,0.929,0.061
43500,0.010,0.981,0.009
44000,0.010,0.990,0.000
44500,0.010,0.966,0.024
45000,0.010,0.888,0.102
45500,0.010,0.961,0.029
46000,0.010,0.833,0.157
46500,0.010,0.898,0.092
47000,0.010,0.972,0.018
47500,0.010,0.802,0.188
48000,0.010,0.927,0.063
48500,0.010,0.829,0.161
49000,0.010,0.815,0.175
49500,0.010,0.849,0.141
50000,0.010,0.858,0.132
50500,0.010,0.877,0.113
51000,0.010,0.971,0.019
51500,0.010,0.862,0.128
52000,0.010,0.853,0.137
52500,0.010,0.957,0.033
53000,0.010,0.855,0.135
53500,0.010,0.822,0.168
54000,0.010,0.966,0.024
54500,0.010,0.955,0.035
55000,0.010,0.888,0.102
55500,0.010,0.846,0.144
56000,0.010,0.878,0.112
56500,0.010,0.974,0.016
57000,0.010,0.971,0.019
57500,0.010,0.948,0.042
58000,0.010,0.945,0.045
58500,0.010,0.922,0.068
59000,0.010,0.763,0.227
59500,0.010,0.928,0.062
60000,0.010,0.918,0.072
60500,0.010,0.877,0.113
61000,0.010,0.848,0.142
61500,0.010,0.983,0.007
62000,0.010,0.950,0.040
62500,0.010,0.984,0.006
63000,0.010,0.930,0.060
63500,0.010,0.775,0.215
64000,0.010,0.802,0.188
64500,0.010,0.902,0.088
65000,0.010,0.874,0.116
65500,0.010,0.846,0.144
66000,0.010,0.843,0.147
66500,0.010,0.965,0.025
67000,0.010,0.923,0.067
67500,0.010,0.988,0.002
68000,0.010,0.828,0.162
68500,0.010,0.927,0.063
69000,0.010,0.907,0.083
69500,0.010,0.988,0.002
70000,0.010,0.953,0.037
70500,0.010,0.969,0.021
71000,0.010,0.963,0.027
71500,0.010,0.781,0.209
72000,0.010,0.902,0.088
72500,0.010,0.900,0.090
73000,0.010,0.934,0.056
73500,0.010,0.888,0.102
74000,0.010,0.926,0.064
74500,0.010,0.805,0.185
75000,0.010,0.934,0.056
75500,0.010,0.846,0.144
76000,0.010,0.955,0.035
76500,0.010,0.916,0.074
77000,0.010,0.867,0.123
77500,0.010,0.787,0.203
78000,0.010,0.912,0.078
78500,0.010,0.987,0.003
79000,0.010,0.917,0.073
79500,0.010,0.906,0.084
80000,0.010,0.990,0.000
80500,0.010,0.940,0.050
81000,0.010,0.948,0.042
81500,0.010,0.932,0.058
82000,0.010,0.807,0.183
82500,0.010,0.844,0.146
83000,0.010,0.850,0.140
83500,0.010,0.947,0.043
84000,0.010,0.804,0.186
84500,0.010,0.802,0.188
85000,0.010,0.933,0.057
85500,0.010,0.981,0.009
86000,0.010,0.987,0.003
86500,0.010,0.959,0.031
87000,0.010,0.935,0.055
87500,0.010,0.908,0.082
88000,0.010,0.948,0.042
88500,0.010,0.983,0.007
89000,0.010,0.958,0.032
89500,0.010,0.946,0.044
90000,0.010,0.931,0.059
90500,0.010,0.822,0.168
91000,0.010,0.853,0.137
91500,0.010,0.866,0.124
92000,0.010,0.811,0.179
92500,0.010,0.936,0.054
93000,0.010,0.824,0.166
93500,0.010,0.799,0.191
94000,0.010,0.735,0.255
94500,0.010,0.879,0.111
95000,0.010,0.974,0.016
95500,0.010,0.858,0.132
96000,0.010,0.961,0.029
96500,0.010,0.891,0.099
97000,0.010,0.857,0.133
97500,0.010,0.894,0.096
98000,0.010,0.857,0.133
98500,0.010,0.914,0.076
99000,0.010,0.851,0.139
99500,0.010,0.914,0.076
100000,0.010,0.946,0.044
100500,0.010,0.745,0.245
101000,0.010,0.877,0.113
101500,0.010,0.915,0.075
102000,0.010,0.914,0.076
102500,0.010,0.916,0.074
103000,0.010,0.904,0.086
103500,0.010,0.975,0.015
104000,0.010,0.883,0.107
104500,0.010,0.855,0.135
105000,0.010,0.880,0.110
105500,0.010,0.695,0.295
106000,0.010,0.877,0.113
106500,0.010,0.929,0.061
107000,0.010,0.965,0.025
107500,0.010,0.916,0.074
108000,0.010,0.893,0.097
108500,0.010,0.979,0.011
109000,0.010,0.934,0.056
109500,0.010,0.943,0.047
110000,0.010,0.943,0.047
110500,0.010,0.925,0.065
111000,0.010,0.938,0.052
111500,0.010,0.944,0.046
112000,0.010,0.945,0.045
112500,0.010,0.959,0.031
113000,0.010,0.779,0.211
113500,0.010,0.880,0.110
114000,0.010,0.955,0.035
114500,0.010,0.804,0.186
115000,0.010,0.912,0.078
115500,0.010,0.896,0.094
116000,0.010,0.930,0.060
116500,0.010,0.774,0.216
117000,0.010,0.815,0.175
117500,0.010,0.875,0.115
118000,0.010,0.862,0.128
118500,0.010,0.923,0.067
119000,0.010,0.904,0.086
119500,0.010,0.926,0.064
120000,0.010,0.835,0.155
120500,0.010,0.870,0.120
121000,0.010,0.861,0.129
121500,0.010,0.720,0.270
122000,0.010,0.900,0.090
122500,0.010,0.928,0.062
123000,0.010,0.933,0.057
123500,0.010,0.937,0.053
124000,0.010,0.930,0.060
124500,0.010,0.835,0.155
125000,0.010,0.815,0.175
125500,0.010,0.906,0.084
126000,0.010,0.906,0.084
126500,0.010,0.923,0.067
127000,0.010,0.790,0.200
127500,0.010,0.770,0.220
128000,0.010,0.937,0.053
128500,0.010,0.939,0.051
129000,0.010,0.979,0.011
129500,0.010,0.871,0.119
130000,0.010,0.965,0.025
130500,0.010,0.936,0.054
131000,0.010,0.988,0.002
131500,0.010,0.962,0.028
132000,0.010,0.898,0.092
132500,0.010,0.656,0.334
133000,0.010,0.909,0.081
133500,0.010,0.895,0.095
134000,0.010,0.926,0.064
134500,0.010,0.959,0.031
135000,0.010,0.841,0.149
135500,0.010,0.878,0.112
136000,0.010,0.947,0.043
136500,0.010,0.892,0.098
137000,0.010,0.989,0.001
137500,0.010,0.938,0.052
138000,0.010,0.865,0.125
138500,0.010,0.935,0.055
139000,0.010,0.945,0.045
139500,0.010,0.903,0.087
140000,0.010,0.980,0.010
140500,0.010,0.937,0.053
141000,0.010,0.886,0.104
141500,0.010,0.820,0.170
142000,0.010,0.982,0.008
142500,0.010,0.911,0.079
143000,0.010,0.717,0.273
143500,0.010,0.846,0.144
144000,0.010,0.939,0.051
144500,0.010,0.769,0.221
145000,0.010,0.954,0.036
145500,0.010,0.881,0.109
146000,0.010,0.888,0.102
146500,0.010,0.904,0.086
147000,0.010,0.770,0.220
147500,0.010,0.947,0.043
148000,0.010,0.908,0.082
148500,0.010,0.787,0.203
149000,0.010,0.977,0.013
149500,0.010,0.951,0.039
150000,0.010,0.927,0.063
150500,0.010,0.842,0.148
151000,0.010,0.730,0.260
151500,0.010,0.791,0.199
152000,0.010,0.880,0.110
152500,0.010,0.961,0.029
153000,0.010,0.907,0.083
153500,0.010,0.903,0.087
154000,0.010,0.976,0.014
154500,0.010,0.906,0.084
155000,0.010,0.976,0.014
155500,0.010,0.951,0.039
156000,0.010,0.675,0.315
156500,0.010,0.874,0.116
157000,0.010,0.863,0.127
157500,0.010,0.890,0.100
158000,0.010,0.926,0.064
158500,0.010,0.936,0.054
159000,0.010,0.947,0.043
159500,0.010,0.873,0.117
160000,0.010,0.852,0.138
160500,0.010,0.888,0.102
161000,0.010,0.980,0.010
161500,0.010,0.967,0.023
162000,0.010,0.983,0.007
162500,0.010,0.966,0.024
163000,0.010,0.811,0.179
163500,0.010,0.863,0.127
164000,0.010,0.628,0.362
164500,0.010,0.908,0.082
165000,0.010,0.805,0.185
165500,0.010,0.922,0.068
166000,0.010,0.856,0.134
166500,0.010,0.901,0.089
167000,0.010,0.844,0.146
167500,0.010,0.864,0.126
168000,0.010,0.846,0.144
168500,0.010,0.954,0.036
169000,0.010,0.888,0.102
169500,0.010,0.785,0.205
170000,0.010,0.764,0.226
170500,0.010,0.659,0.331
171000,0.010,0.726,0.264
171500,0.010,0.964,0.026
172000,0.010,0.961,0.029
172500,0.010,0.901,0.089
173000,0.010,0.934,0.056
173500,0.010,0.912,0.078
174000,0.010,0.931,0.059
174500,0.010,0.838,0.152
175000,0.010,0.953,0.037
175500,0.010,0.980,0.010
176000,0.010,0.731,0.259
176500,0.010,0.860,0.130
177000,0.010,0.943,0.047
177500,0.010,0.801,0.189
178000,0.010,0.757,0.233
178500,0.010,0.813,0.177
179000,0.010,0.958,0.032
179500,0.010,0.913,0.077
180000,0.010,0.907,0.083
180500,0.010,0.950,0.040
181000,0.010,0.986,0.004
181500,0.010,0.990,0.000
182000,0.010,0.984,0.006
182500,0.010,0.924,0.066
183000,0.010,0.942,0.048
183500,0.010,0.900,0.090
184000,0.010,0.856,0.134
184500,0.010,0.864,0.126
185000,0.010,0.876,0.114
185500,0.010,0.959,0.031
186000,0.010,0.950,0.040
186500,0.010,0.985,0.005
187000,0.010,0.928,0.062
187500,0.010,0.910,0.080
188000,0.010,0.962,0.028
188500,0.010,0.923,0.067
189000,0.010,0.806,0.184
189500,0.010,0.755,0.235
190000,0.010,0.884,0.106
190500,0.010,0.852,0.138
191000,0.010,0.942,0.048
191500,0.010,0.946,0.044
192000,0.010,0.927,0.063
192500,0.010,0.929,0.061
193000,0.010,0.978,0.012
193500,0.010,0.908,0.082
194000,0.010,0.899,0.091
194500,0.010,0.964,0.026
195000,0.010,0.863,0.127
195500,0.010,0.873,0.117
196000,0.010,0.969,0.021
196500,0.010,0.986,0.004
197000,0.010,0.973,0.017
197500,0.010,0.904,0.086
198000,0.010,0.967,0.023
198500,0.010,0.904,0.086
199000,0.010,0.957,0.033
199500,0.010,0.838,0.152
200000,0.010,0.800,0.190
200500,0.010,0.552,0.438
201000,0.010,0.761,0.229
201500,0.010,0.803,0.187
202000,0.010,0.964,0.026
202500,0.010,0.844,0.146
203000,0.010,0.829,0.161
203500,0.010,0.934,0.056
204000,0.010,0.806,0.184
204500,0.010,0.819,0.171
205000,0.010,0.879,0.111
205500,0.010,0.805,0.185
206000,0.010,0.920,0.070
206500,0.010,0.966,0.024
207000,0.010,0.887,0.103
207500,0.010,0.828,0.162
208000,0.010,0.765,0.225
208500,0.010,0.862,0.128
209000,0.010,0.897,0.093
209500,0.010,0.885,0.105
210000,0.010,0.727,0.263
210500,0.010,0.639,0.351
211000,0.010,0.794,0.196
211500,0.010,0.938,0.052
212000,0.010,0.975,0.015
212500,0.010,0.960,0.030
213000,0.010,0.934,0.056
213500,0.010,0.744,0.246
214000,0.010,0.886,0.104
214500,0.010,0.873,0.117
215000,0.010,0.973,0.017
215500,0.010,0.778,0.212
216000,0.010,0.875,0.115
216500,0.010,0.819,0.171
217000,0.010,0.789,0.201
217500,0.010,0.927,0.063
218000,0.010,0.981,0.009
218500,0.010,0.891,0.099
219000,0.010,0.906,0.084
219500,0.010,0.986,0.004
220000,0.010,0.952,0.038
220500,0.010,0.902,0.088
221000,0.010,0.918,0.072
221500,0.010,0.841,0.149
222000,0.010,0.946,0.044
222500,0.010,0.817,0.173
223000,0.010,0.905,0.085
223500,0.010,0.701,0.289
224000,0.010,0.929,0.061
224500,0.010,0.990,0.000
225000,0.010,0.954,0.036
225500,0.010,0.878,0.112
226000,0.010,0.953,0.037
226500,0.010,0.909,0.081
227000,0.010,0.733,0.257
227500,0.010,0.848,0.142
228000,0.010,0.946,0.044
228500,0.010,0.923,0.067
229000,0.010,0.922,0.068
229500,0.010,0.982,0.008
230000,0.010,0.984,0.006
230500,0.010,0.977,0.013
231000,0.010,0.846,0.144
231500,0.010,0.947,0.043
232000,0.010,0.774,0.216
232500,0.010,0.859,0.131
233000,0.010,0.856,0.134
233500,0.010,0.914,0.076
234000,0.010,0.978,0.012
234500,0.010,0.964,0.026
235000,0.010,0.902,0.088
235500,0.010,0.915,0.075
236000,0.010,0.895,0.095
236500,0.010,0.934,0.056
237000,0.010,0.961,0.029
237500,0.010,0.881,0.109
238000,0.010,0.899,0.091
238500,0.010,0.950,0.040
239000,0.010,0.945,0.045
239500,0.010,0.873,0.117
240000,0.010,0.969,0.021
240500,0.010,0.738,0.252
241000,0.010,0.905,0.085
241500,0.010,0.898,0.092
242000,0.010,0.889,0.101
242500,0.010,0.967,0.023
243000,0.010,0.837,0.153
243500,0.010,0.984,0.006
244000,0.010,0.937,0.053
244500,0.010,0.948,0.042
245000,0.010,0.886,0.104
245500,0.010,0.963,0.027
246000,0.010,0.879,0.111
246500,0.010,0.929,0.061
247000,0.010,0.932,0.058
247500,0.010,0.967,0.023
248000,0.010,0.940,0.050
248500,0.010,0.944,0.046
249000,0.010,0.910,0.080
249500,0.010,0.874,0.116
250000,0.010,0.835,0.155
250500,0.010,0.794,0.196
251000,0.010,0.916,0.074
251500,0.010,0.890,0.100
252000,0.010,0.850,0.140
252500,0.010,0.883,0.107
253000,0.010,0.762,0.228
253500,0.010,0.789,0.201
254000,0.010,0.881,0.109
254500,0.010,0.948,0.042
255000,0.010,0.975,0.015
255500,0.010,0.766,0.224
256000,0.010,0.906,0.084
256500,0.010,0.932,0.058
257000,0.010,0.903,0.087
257500,0.010,0.969,0.021
258000,0.010,0.872,0.118
258500,0.010,0.929,0.061
259000,0.010,0.936,0.054
259500,0.010,0.952,0.038
260000,0.010,0.829,0.161
260500,0.010,0.931,0.059
261000,0.010,0.953,0.037
261500,0.010,0.888,0.102
262000,0.010,0.870,0.120
262500,0.010,0.837,0.153
263000,0.010,0.892,0.098
263500,0.010,0.927,0.063
264000,0.010,0.900,0.090
264500,0.010,0.914,0.076
265000,0.010,0.931,0.059
265500,0.010,0.948,0.042
266000,0.010,0.865,0.125
266500,0.010,0.874,0.116
267000,0.010,0.831,0.159
267500,0.010,0.950,0.040
268000,0.010,0.936,0.054
268500,0.010,0.979,0.011
269000,0.010,0.900,0.090
269500,0.010,0.896,0.094
270000,0.010,0.907,0.083
270500,0.010,0.837,0.153
271000,0.010,0.872,0.118
271500,0.010,0.896,0.094
272000,0.010,0.936,0.054
272500,0.010,0.956,0.034
273000,0.010,0.943,0.047
273500,0.010,0.848,0.142
274000,0.010,0.827,0.163
274500,0.010,0.754,0.236
275000,0.010,0.982,0.008
275500,0.010,0.930,0.060
276000,0.010,0.939,0.051
276500,0.010,0.893,0.097
277000,0.010,0.875,0.115
277500,0.010,0.890,0.100
278000,0.010,0.957,0.033
278500,0.010,0.934,0.056
279000,0.010,0.923,0.067
279500,0.010,0.972,0.018
280000,0.010,0.804,0.186
280500,0.010,0.966,0.024
281000,0.010,0.990,0.000
281500,0.010,0.746,0.244
282000,0.010,0.706,0.284
282500,0.010,0.909,0.081
283000,0.010,0.838,0.152
283500,0.010,0.876,0.114
284000,0.010,0.812,0.178
284500,0.010,0.853,0.137
285000,0.010,0.825,0.165
285500,0.010,0.865,0.125
286000,0.010,0.963,0.027
286500,0.010,0.929,0.061
287000,0.010,0.918,0.072
287500,0.010,0.910,0.080
288000,0.010,0.692,0.298
288500,0.010,0.686,0.304
289000,0.010,0.891,0.099
289500,0.010,0.902,0.088
290000,0.010,0.981,0.009
290500,0.010,0.886,0.104
291000,0.010,0.934,0.056
291500,0.010,0.877,0.113
292000,0.010,0.750,0.240
292500,0.010,0.852,0.138
293000,0.010,0.944,0.046
293500,0.010,0.880,0.110
294000,0.010,0.850,0.140
294500,0.010,0.824,0.166
295000,0.010,0.954,0.036
295500,0.010,0.723,0.267
296000,0.010,0.918,0.072
296500,0.010,0.959,0.031
297000,0.010,0.686,0.304
297500,0.010,0.795,0.195
298000,0.010,0.935,0.055
298500,0.010,0.732,0.258
299000,0.010,0.807,0.183
299500,0.010,0.768,0.222
300000,0.010,0.898,0.092
300500,0.010,0.834,0.156
301000,0.010,0.983,0.007
301500,0.010,0.806,0.184
302000,0.010,0.965,0.025
302500,0.010,0.918,0.072
303000,0.010,0.816,0.174
303500,0.010,0.800,0.190
304000,0.010,0.827,0.163
304500,0.010,0.766,0.224
305000,0.010,0.875,0.115
305500,0.010,0.912,0.078
306000,0.010,0.795,0.195
306500,0.010,0.902,0.088
307000,0.010,0.963,0.027
307500,0.010,0.817,0.173
308000,0.010,0.832,0.158
308500,0.010,0.776,0.214
309000,0.010,0.937,0.053
309500,0.010,0.961,0.029
310000,0.010,0.905,0.085
310500,0.010,0.958,0.032
311000,0.010,0.926,0.064
311500,0.010,0.972,0.018
312000,0.010,0.813,0.177
312500,0.010,0.825,0.165
313000,0.010,0.893,0.097
313500,0.010,0.951,0.039
314000,0.010,0.933,0.057
314500,0.010,0.837,0.153
315000,0.010,0.892,0.098
315500,0.010,0.959,0.031
316000,0.010,0.847,0.143
316500,0.010,0.900,0.090
317000,0.010,0.958,0.032
317500,0.010,0.938,0.052
318000,0.010,0.927,0.063
318500,0.010,0.986,0.004
319000,0.010,0.959,0.031
319500,0.010,0.850,0.140
320000,0.010,0.817,0.173
320500,0.010,0.768,0.222
321000,0.010,0.866,0.124
321500,0.010,0.863,0.127
322000,0.010,0.851,0.139
322500,0.010,0.943,0.047
323000,0.010,0.932,0.058
323500,0.010,0.765,0.225
324000,0.010,0.923,0.067
324500,0.010,0.867,0.123
325000,0.010,0.917,0.073
325500,0.010,0.854,0.136
326000,0.010,0.986,0.004
326500,0.010,0.985,0.005
327000,0.010,0.927,0.063
327500,0.010,0.989,0.001
328000,0.010,0.949,0.041
328500,0.010,0.703,0.287
329000,0.010,0.895,0.095
329500,0.010,0.847,0.143
330000,0.010,0.985,0.005
330500,0.010,0.969,0.021
331000,0.010,0.990,0.000
331500,0.010,0.940,0.050
332000,0.010,0.901,0.089
332500,0.010,0.908,0.082
333000,0.010,0.874,0.116
333500,0.010,0.780,0.210
334000,0.010,0.919,0.071
334500,0.010,0.858,0.132
335000,0.010,0.876,0.114
335500,0.010,0.928,0.062
336000,0.010,0.951,0.039
336500,0.010,0.913,0.077
337000,0.010,0.867,0.123
337500,0.010,0.897,0.093
338000,0.010,0.922,0.068
338500,0.010,0.884,0.106
339000,0.010,0.914,0.076
339500,0.010,0.793,0.197
340000,0.010,0.810,0.180
340500,0.010,0.785,0.205
341000,0.010,0.873,0.117
341500,0.010,0.882,0.108
342000,0.010,0.870,0.120
342500,0.010,0.796,0.194
343000,0.010,0.866,0.124
343500,0.010,0.858,0.132
344000,0.010,0.794,0.196
344500,0.010,0.791,0.199
345000,0.010,0.745,0.245
345500,0.010,0.934,0.056
346000,0.010,0.911,0.079
346500,0.010,0.866,0.124
347000,0.010,0.905,0.085
347500,0.010,0.819,0.171
348000,0.010,0.988,0.002
348500,0.010,0.879,0.111
349000,0.010,0.910,0.080
349500,0.010,0.826,0.164
350000,0.010,0.651,0.339
350500,0.010,0.858,0.132
351000,0.010,0.731,0.259
351500,0.010,0.919,0.071
352000,0.010,0.933,0.057
352500,0.010,0.837,0.153
353000,0.010,0.894,0.096
353500,0.010,0.943,0.047
354000,0.010,0.986,0.004
354500,0.010,0.877,0.113
355000,0.010,0.946,0.044
355500,0.010,0.738,0.252
356000,0.010,0.965,0.025
356500,0.010,0.886,0.104
357000,0.010,0.952,0.038
357500,0.010,0.948,0.042
358000,0.010,0.801,0.189
358500,0.010,0.921,0.069
359000,0.010,0.817,0.173
359500,0.010,0.888,0.102
360000,0.010,0.947,0.043
360500,0.010,0.990,0.000
361000,0.010,0.905,0.085
361500,0.010,0.933,0.057
362000,0.010,0.700,0.290
362500,0.010,0.660,0.330
363000,0.010,0.939,0.051
363500,0.010,0.900,0.090
364000,0.010,0.929,0.061
364500,0.010,0.989,0.001
365000,0.010,0.977,0.013
365500,0.010,0.966,0.024
366000,0.010,0.958,0.032
366500,0.010,0.906,0.084
367000,0.010,0.885,0.105
367500,0.010,0.797,0.193
368000,0.010,0.936,0.054
368500,0.010,0.948,0.042
369000,0.010,0.947,0.043
369500,0.010,0.794,0.196
370000,0.010,0.913,0.077
370500,0.010,0.892,0.098
371000,0.010,0.870,0.120
371500,0.010,0.832,0.158
372000,0.010,0.903,0.087
372500,0.010,0.989,0.001
373000,0.010,0.990,0.000
373500,0.010,0.974,0.016
374000,0.010,0.927,0.063
374500,0.010,0.831,0.159
375000,0.010,0.951,0.039
375500,0.010,0.977,0.013
376000,0.010,0.852,0.138
376500,0.010,0.767,0.223
377000,0.010,0.818,0.172
377500,0.010,0.809,0.181
378000,0.010,0.832,0.158
378500,0.010,0.976,0.014
379000,0.010,0.897,0.093
379500,0.010,0.969,0.021
380000,0.010,0.953,0.037
380500,0.010,0.829,0.161
381000,0.010,0.869,0.121
381500,0.010,0.866,0.124
382000,0.010,0.951,0.039
382500,0.010,0.895,0.095
383000,0.010,0.861,0.129
383500,0.010,0.894,0.096
384000,0.010,0.882,0.108
384500,0.010,0.984,0.006
385000,0.010,0.835,0.155
385500,0.010,0.946,0.044
386000,0.010,0.835,0.155
386500,0.010,0.869,0.121
387000,0.010,0.797,0.193
387500,0.010,0.794,0.196
388000,0.010,0.975,0.015
388500,0.010,0.917,0.073
389000,0.010,0.808,0.182
389500,0.010,0.757,0.233
390000,0.010,0.953,0.037
390500,0.010,0.925,0.065
391000,0.010,0.904,0.086
391500,0.010,0.852,0.138
392000,0.010,0.862,0.128
392500,0.010,0.876,0.114
393000,0.010,0.907,0.083
393500,0.010,0.905,0.085
394000,0.010,0.958,0.032
394500,0.010,0.929,0.061
395000,0.010,0.931,0.059
395500,0.010,0.952,0.038
396000,0.010,0.851,0.139
396500,0.010,0.972,0.018
397000,0.010,0.886,0.104
397500,0.010,0.904,0.086
398000,0.010,0.971,0.019
398500,0.010,0.960,0.030
399000,0.010,0.843,0.147
399500,0.010,0.959,0.031
400000,0.010,0.862,0.128
400500,0.010,0.963,0.027
401000,0.010,0.958,0.032
401500,0.010,0.924,0.066
402000,0.010,0.912,0.078
402500,0.010,0.970,0.020
403000,0.010,0.925,0.065
403500,0.010,0.839,0.151
404000,0.010,0.947,0.043
404500,0.010,0.914,0.076
405000,0.010,0.842,0.148
405500,0.010,0.946,0.044
406000,0.010,0.979,0.011
406500,0.010,0.958,0.032
407000,0.010,0.969,0.021
407500,0.010,0.827,0.163
408000,0.010,0.797,0.193
408500,0.010,0.915,0.075
409000,0.010,0.879,0.111
409500,0.010,0.954,0.036
410000,0.010,0.988,0.002
410500,0.010,0.924,0.066
411000,0.010,0.901,0.089
411500,0.010,0.927,0.063
412000,0.010,0.785,0.205
412500,0.010,0.888,0.102
413000,0.010,0.981,0.009
413500,0.010,0.946,0.044
414000,0.010,0.986,0.004
414500,0.010,0.934,0.056
415000,0.010,0.846,0.144
415500,0.010,0.898,0.092
416000,0.010,0.944,0.046
416500,0.010,0.936,0.054
417000,0.010,0.933,0.057
417500,0.010,0.881,0.109
418000,0.010,0.919,0.071
418500,0.010,0.806,0.184
419000,0.010,0.982,0.008
419500,0.010,0.907,0.083
420000,0.010,0.953,0.037
420500,0.010,0.948,0.042
421000,0.010,0.879,0.111
421500,0.010,0.903,0.087
422000,0.010,0.821,0.169
422500,0.010,0.870,0.120
423000,0.010,0.955,0.035
423500,0.010,0.962,0.028
424000,0.010,0.860,0.130
424500,0.010,0.945,0.045
425000,0.010,0.933,0.057
425500,0.010,0.982,0.008
426000,0.010,0.909,0.081
426500,0.010,0.989,0.001
427000,0.010,0.977,0.013
427500,0.010,0.653,0.337
428000,0.010,0.904,0.086
428500,0.010,0.670,0.320
429000,0.010,0.933,0.057
429500,0.010,0.860,0.130
430000,0.010,0.913,0.077
430500,0.010,0.944,0.046
431000,0.010,0.986,0.004
431500,0.010,0.921,0.069
432000,0.010,0.874,0.116
432500,0.010,0.913,0.077
433000,0.010,0.725,0.265
433500,0.010,0.921,0.069
434000,0.010,0.913,0.077
434500,0.010,0.763,0.227
435000,0.010,0.934,0.056
435500,0.010,0.989,0.001
436000,0.010,0.952,0.038
436500,0.010,0.789,0.201
437000,0.010,0.843,0.147
437500,0.010,0.815,0.175
438000,0.010,0.887,0.103
438500,0.010,0.946,0.044
439000,0.010,0.972,0.018
439500,0.010,0.928,0.062
440000,0.010,0.927,0.063
440500,0.010,0.977,0.013
441000,0.010,0.940,0.050
441500,0.010,0.868,0.122
442000,0.010,0.775,0.215
442500,0.010,0.925,0.065
443000,0.010,0.939,0.051
443500,0.010,0.939,0.051
444000,0.010,0.891,0.099
444500,0.010,0.854,0.136
445000,0.010,0.927,0.063
445500,0.010,0.958,0.032
446000,0.010,0.876,0.114
446500,0.010,0.854,0.136
447000,0.010,0.975,0.015
447500,0.010,0.898,0.092
448000,0.010,0.828,0.162
448500,0.010,0.943,0.047
449000,0.010,0.985,0.005
449500,0.010,0.925,0.065
450000,0.010,0.962,0.028
450500,0.010,0.966,0.024
451000,0.010,0.931,0.059
451500,0.010,0.814,0.176
452000,0.010,0.852,0.138
452500,0.010,0.766,0.224
453000,0.010,0.832,0.158
453500,0.010,0.848,0.142
454000,0.010,0.922,0.068
454500,0.010,0.900,0.090
455000,0.010,0.922,0.068
455500,0.010,0.943,0.047
456000,0.010,0.973,0.017
456500,0.010,0.912,0.078
457000,0.010,0.918,0.072
457500,0.010,0.959,0.031
458000,0.010,0.901,0.089
458500,0.010,0.840,0.150
459000,0.010,0.987,0.003
459500,0.010,0.932,0.058
460000,0.010,0.891,0.099
460500,0.010,0.752,0.238
461000,0.010,0.877,0.113
461500,0.010,0.890,0.100
462000,0.010,0.813,0.177
462500,0.010,0.814,0.176
463000,0.010,0.730,0.260
463500,0.010,0.902,0.088
464000,0.010,0.920,0.070
464500,0.010,0.797,0.193
465000,0.010,0.833,0.157
465500,0.010,0.847,0.143
466000,0.010,0.810,0.180
466500,0.010,0.930,0.060
467000,0.010,0.895,0.095
467500,0.010,0.964,0.026
468000,0.010,0.877,0.113
468500,0.010,0.867,0.123
469000,0.010,0.881,0.109
469500,0.010,0.892,0.098
470000,0.010,0.961,0.029
470500,0.010,0.866,0.124
471000,0.010,0.851,0.139
471500,0.010,0.760,0.230
472000,0.010,0.818,0.172
472500,0.010,0.839,0.151
473000,0.010,0.940,0.050
473500,0.010,0.898,0.092
474000,0.010,0.856,0.134
474500,0.010,0.931,0.059
475000,0.010,0.948,0.042
475500,0.010,0.942,0.048
476000,0.010,0.954,0.036
476500,0.010,0.926,0.064
477000,0.010,0.877,0.113
477500,0.010,0.868,0.122
478000,0.010,0.927,0.063
478500,0.010,0.970,0.020
479000,0.010,0.990,0.000
479500,0.010,0.886,0.104
480000,0.010,0.855,0.135
480500,0.010,0.799,0.191
481000,0.010,0.674,0.316
481500,0.010,0.882,0.108
482000,0.010,0.858,0.132
482500,0.010,0.915,0.075
483000,0.010,0.896,0.094
483500,0.010,0.796,0.194
484000,0.010,0.947,0.043
484500,0.010,0.981,0.009
485000,0.010,0.907,0.083
485500,0.010,0.932,0.058
486000,0.010,0.984,0.006
486500,0.010,0.966,0.024
487000,0.010,0.888,0.102
487500,0.010,0.916,0.074
488000,0.010,0.972,0.018
488500,0.010,0.863,0.127
489000,0.010,0.949,0.041
489500,0.010,0.864,0.126
490000,0.010,0.980,0.010
490500,0.010,0.854,0.136
491000,0.010,0.927,0.063
491500,0.010,0.916,0.074
492000,0.010,0.908,0.082
492500,0.010,0.820,0.170
493000,0.010,0.797,0.193
493500,0.010,0.831,0.159
494000,0.010,0.770,0.220
494500,0.010,0.781,0.209
495000,0.010,0.695,0.295
495500,0.010,0.831,0.159
496000,0.010,0.891,0.099
496500,0.010,0.889,0.101
497000,0.010,0.753,0.237
497500,0.010,0.813,0.177
498000,0.010,0.945,0.045
498500,0.010,0.833,0.157
499000,0.010,0.968,0.022
499500,0.010,0.853,0.137
500000,0.010,0.775,0.215
500500,0.010,0.830,0.160
501000,0.010,0.863,0.127
501500,0.010,0.958,0.032
502000,0.010,0.887,0.103
502500,0.010,0.805,0.185
503000,0.010,0.858,0.132
503500,0.010,0.779,0.211
504000,0.010,0.908,0.082
504500,0.010,0.779,0.211
505000,0.010,0.967,0.023
505500,0.010,0.856,0.134
506000,0.010,0.816,0.174
506500,0.010,0.958,0.032
507000,0.010,0.941,0.049
507500,0.010,0.977,0.013
508000,0.010,0.972,0.018
508500,0.010,0.800,0.190
509000,0.010,0.834,0.156
509500,0.010,0.972,0.018
510000,0.010,0.788,0.202
510500,0.010,0.781,0.209
511000,0.010,0.949,0.041
511500,0.010,0.926,0.064
512000,0.010,0.785,0.205
512500,0.010,0.810,0.180
513000,0.010,0.957,0.033
513500,0.010,0.803,0.187
514000,0.010,0.933,0.057
514500,0.010,0.877,0.113
515000,0.010,0.987,0.003
515500,0.010,0.989,0.001
516000,0.010,0.980,0.010
516500,0.010,0.985,0.005
517000,0.010,0.963,0.027
517500,0.010,0.726,0.264
518000,0.010,0.755,0.235
518500,0.010,0.887,0.103
519000,0.010,0.938,0.052
519500,0.010,0.880,0.110
520000,0.010,0.900,0.090
520500,0.010,0.767,0.223
521000,0.010,0.800,0.190
521500,0.010,0.834,0.156
522000,0.010,0.885,0.105
522500,0.010,0.764,0.226
523000,0.010,0.774,0.216
523500,0.010,0.838,0.152
524000,0.010,0.788,0.202
524500,0.010,0.957,0.033
525000,0.010,0.855,0.135
525500,0.010,0.928,0.062
526000,0.010,0.931,0.059
526500,0.010,0.906,0.084
527000,0.010,0.965,0.025
527500,0.010,0.912,0.078
528000,0.010,0.832,0.158
528500,0.010,0.967,0.023
529000,0.010,0.897,0.093
529500,0.010,0.943,0.047
530000,0.010,0.869,0.121
530500,0.010,0.811,0.179
531000,0.010,0.777,0.213
531500,0.010,0.935,0.055
532000,0.010,0.923,0.067
532500,0.010,0.820,0.170
533000,0.010,0.911,0.079
533500,0.010,0.963,0.027
534000,0.010,0.927,0.063
534500,0.010,0.865,0.125
535000,0.010,0.837,0.153
535500,0.010,0.852,0.138
536000,0.010,0.775,0.215
536500,0.010,0.698,0.292
537000,0.010,0.870,0.120
537500,0.010,0.929,0.061
538000,0.010,0.950,0.040
538500,0.010,0.915,0.075
539000,0.010,0.886,0.104
539500,0.010,0.889,0.101
540000,0.010,0.891,0.099
540500,0.010,0.938,0.052
541000,0.010,0.840,0.150
541500,0.010,0.963,0.027
542000,0.010,0.938,0.052
542500,0.010,0.892,0.098
543000,0.010,0.924,0.066
543500,0.010,0.910,0.080
544000,0.010,0.960,0.030
544500,0.010,0.957,0.033
545000,0.010,0.823,0.167
545500,0.010,0.808,0.182
546000,0.010,0.919,0.071
546500,0.010,0.990,0.000
547000,0.010,0.948,0.042
547500,0.010,0.972,0.018
548000,0.010,0.924,0.066
548500,0.010,0.971,0.019
549000,0.010,0.917,0.073
549500,0.010,0.839,0.151
550000,0.010,0.756,0.234
550500,0.010,0.750,0.240
551000,0.010,0.885,0.105
551500,0.010,0.917,0.073
552000,0.010,0.922,0.068
552500,0.010,0.717,0.273
553000,0.010,0.701,0.289
553500,0.010,0.913,0.077
554000,0.010,0.814,0.176
554500,0.010,0.754,0.236
555000,0.010,0.784,0.206
555500,0.010,0.824,0.166
556000,0.010,0.905,0.085
556500,0.010,0.864,0.126
557000,0.010,0.747,0.243
557500,0.010,0.791,0.199
558000,0.010,0.836,0.154
558500,0.010,0.976,0.014
559000,0.010,0.839,0.151
559500,0.010,0.943,0.047
560000,0.010,0.989,0.001
560500,0.010,0.923,0.067
561000,0.010,0.857,0.133
561500,0.010,0.957,0.033
562000,0.010,0.988,0.002
562500,0.010,0.967,0.023
563000,0.010,0.868,0.122
563500,0.010,0.935,0.055
564000,0.010,0.945,0.045
564500,0.010,0.944,0.046
565000,0.010,0.875,0.115
565500,0.010,0.894,0.096
566000,0.010,0.703,0.287
566500,0.010,0.892,0.098
567000,0.010,0.890,0.100
567500,0.010,0.894,0.096
568000,0.010,0.791,0.199
568500,0.010,0.932,0.058
569000,0.010,0.933,0.057
569500,0.010,0.903,0.087
570000,0.010,0.919,0.071
570500,0.010,0.923,0.067
571000,0.010,0.963,0.027
571500,0.010,0.823,0.167
572000,0.010,0.937,0.053
572500,0.010,0.867,0.123
573000,0.010,0.769,0.221
573500,0.010,0.872,0.118
574000,0.010,0.949,0.041
574500,0.010,0.961,0.029
575000,0.010,0.820,0.170
575500,0.010,0.793,0.197
576000,0.010,0.846,0.144
576500,0.010,0.816,0.174
577000,0.010,0.882,0.108
577500,0.010,0.969,0.021
578000,0.010,0.939,0.051
578500,0.010,0.875,0.115
579000,0.010,0.965,0.025
579500,0.010,0.917,0.073
580000,0.010,0.928,0.062
580500,0.010,0.956,0.034
581000,0.010,0.935,0.055
581500,0.010,0.972,0.018
582000,0.010,0.977,0.013
582500,0.010,0.849,0.141
583000,0.010,0.924,0.066
583500,0.010,0.835,0.155
584000,0.010,0.942,0.048
584500,0.010,0.972,0.018
585000,0.010,0.970,0.020
585500,0.010,0.905,0.085
586000,0.010,0.968,0.022
586500,0.010,0.978,0.012
587000,0.010,0.951,0.039
587500,0.010,0.935,0.055
588000,0.010,0.833,0.157
588500,0.010,0.871,0.119
589000,0.010,0.567,0.423
589500,0.010,0.632,0.358
590000,0.010,0.919,0.071
590500,0.010,0.914,0.076
591000,0.010,0.988,0.002
591500,0.010,0.866,0.124
592000,0.010,0.962,0.028
592500,0.010,0.925,0.065
593000,0.010,0.959,0.031
593500,0.010,0.857,0.133
594000,0.010,0.934,0.056
594500,0.010,0.853,0.137
595000,0.010,0.880,0.110
595500,0.010,0.932,0.058
596000,0.010,0.969,0.021
596500,0.010,0.850,0.140
597000,0.010,0.950,0.040
597500,0.010,0.956,0.034
598000,0.010,0.790,0.200
598500,0.010,0.948,0.042
599000,0.010,0.905,0.085
599500,0.010,0.925,0.065
600000,0.010,0.943,0.047
600500,0.010,0.880,0.110
601000,0.010,0.956,0.034
601500,0.010,0.758,0.232
602000,0.010,0.815,0.175
602500,0.010,0.797,0.193
603000,0.010,0.956,0.034
603500,0.010,0.947,0.043
604000,0.010,0.989,0.001
604500,0.010,0.940,0.050
605000,0.010,0.978,0.012
605500,0.010,0.983,0.007
606000,0.010,0.789,0.201
606500,0.010,0.860,0.130
607000,0.010,0.914,0.076
607500,0.010,0.918,0.072
608000,0.010,0.867,0.123
608500,0.010,0.899,0.091
609000,0.010,0.904,0.086
609500,0.010,0.867,0.123
610000,0.010,0.898,0.092
610500,0.010,0.900,0.090
611000,0.010,0.901,0.089
611500,0.010,0.935,0.055
612000,0.010,0.851,0.139
612500,0.010,0.836,0.154
613000,0.010,0.958,0.032
613500,0.010,0.873,0.117
614000,0.010,0.976,0.014
614500,0.010,0.943,0.047
615000,0.010,0.904,0.086
615500,0.010,0.861,0.129
616000,0.010,0.801,0.189
616500,0.010,0.957,0.033
617000,0.010,0.928,0.062
617500,0.010,0.961,0.029
618000,0.010,0.922,0.068
618500,0.010,0.787,0.203
619000,0.010,0.912,0.078
619500,0.010,0.971,0.019
620000,0.010,0.932,0.058
620500,0.010,0.931,0.059
621000,0.010,0.802,0.188
621500,0.010,0.773,0.217
622000,0.010,0.958,0.032
622500,0.010,0.892,0.098
623000,0.010,0.808,0.182
623500,0.010,0.967,0.023
624000,0.010,0.859,0.131
624500,0.010,0.863,0.127
625000,0.010,0.970,0.020
625500,0.010,0.912,0.078
626000,0.010,0.948,0.042
626500,0.010,0.836,0.154
627000,0.010,0.928,0.062
627500,0.010,0.790,0.200
628000,0.010,0.924,0.066
628500,0.010,0.823,0.167
629000,0.010,0.916,0.074
629500,0.010,0.867,0.123
630000,0.010,0.889,0.101
630500,0.010,0.825,0.165
631000,0.010,0.915,0.075
631500,0.010,0.788,0.202
632000,0.010,0.834,0.156
632500,0.010,0.951,0.039
633000,0.010,0.945,0.045
633500,0.010,0.853,0.137
634000,0.010,0.760,0.230
634500,0.010,0.910,0.080
635000,0.010,0.718,0.272
635500,0.010,0.714,0.276
636000,0.010,0.824,0.166
636500,0.010,0.841,0.149
637000,0.010,0.959,0.031
637500,0.010,0.931,0.059
638000,0.010,0.965,0.025
638500,0.010,0.910,0.080
639000,0.010,0.838,0.152
639500,0.010,0.870,0.120
640000,0.010,0.806,0.184
640500,0.010,0.872,0.118
641000,0.010,0.831,0.159
641500,0.010,0.866,0.124
642000,0.010,0.814,0.176
642500,0.010,0.867,0.123
643000,0.010,0.977,0.013
643500,0.010,0.707,0.283
644000,0.010,0.879,0.111
644500,0.010,0.766,0.224
645000,0.010,0.764,0.226
645500,0.010,0.881,0.109
646000,0.010,0.934,0.056
646500,0.010,0.899,0.091
647000,0.010,0.914,0.076
647500,0.010,0.744,0.246
648000,0.010,0.866,0.124
648500,0.010,0.965,0.025
649000,0.010,0.928,0.062
649500,0.010,0.938,0.052
650000,0.010,0.938,0.052
650500,0.010,0.909,0.081
651000,0.010,0.951,0.039
651500,0.010,0.941,0.049
652000,0.010,0.937,0.053
652500,0.010,0.913,0.077
653000,0.010,0.984,0.006
653500,0.010,0.893,0.097
654000,0.010,0.934,0.056
654500,0.010,0.944,0.046
655000,0.010,0.886,0.104
655500,0.010,0.847,0.143
656000,0.010,0.945,0.045
656500,0.010,0.966,0.024
657000,0.010,0.950,0.040
657500,0.010,0.933,0.057
658000,0.010,0.944,0.046
658500,0.010,0.954,0.036
659000,0.010,0.957,0.033
659500,0.010,0.858,0.132
660000,0.010,0.881,0.109
660500,0.010,0.905,0.085
661000,0.010,0.884,0.106
661500,0.010,0.823,0.167
662000,0.010,0.953,0.037
662500,0.010,0.976,0.014
663000,0.010,0.971,0.019
663500,0.010,0.896,0.094
664000,0.010,0.782,0.208
664500,0.010,0.846,0.144
665000,0.010,0.842,0.148
665500,0.010,0.906,0.084
666000,0.010,0.835,0.155
666500,0.010,0.681,0.309
667000,0.010,0.945,0.045
667500,0.010,0.869,0.121
668000,0.010,0.896,0.094
668500,0.010,0.828,0.162
669000,0.010,0.943,0.047
669500,0.010,0.958,0.032
670000,0.010,0.886,0.104
670500,0.010,0.981,0.009
671000,0.010,0.916,0.074
671500,0.010,0.685,0.305
672000,0.010,0.815,0.175
672500,0.010,0.926,0.064
673000,0.010,0.935,0.055
673500,0.010,0.948,0.042
674000,0.010,0.943,0.047
674500,0.010,0.934,0.056
675000,0.010,0.919,0.071
675500,0.010,0.868,0.122
676000,0.010,0.787,0.203
676500,0.010,0.738,0.252
677000,0.010,0.894,0.096
677500,0.010,0.976,0.014
678000,0.010,0.957,0.033
678500,0.010,0.897,0.093
679000,0.010,0.834,0.156
679500,0.010,0.895,0.095
680000,0.010,0.965,0.025
680500,0.010,0.893,0.097
681000,0.010,0.897,0.093
681500,0.010,0.822,0.168
682000,0.010,0.820,0.170
682500,0.010,0.955,0.035
683000,0.010,0.890,0.100
683500,0.010,0.827,0.163
684000,0.010,0.890,0.100
684500,0.010,0.894,0.096
685000,0.010,0.967,0.023
685500,0.010,0.945,0.045
686000,0.010,0.925,0.065
686500,0.010,0.848,0.142
687000,0.010,0.937,0.053
687500,0.010,0.939,0.051
688000,0.010,0.897,0.093
688500,0.010,0.899,0.091
689000,0.010,0.931,0.059
689500,0.010,0.982,0.008
690000,0.010,0.895,0.095
690500,0.010,0.777,0.213
691000,0.010,0.977,0.013
691500,0.010,0.932,0.058
692000,0.010,0.898,0.092
692500,0.010,0.838,0.152
693000,0.010,0.807,0.183
693500,0.010,0.880,0.110
694000,0.010,0.928,0.062
694500,0.010,0.823,0.167
695000,0.010,0.962,0.028
695500,0.010,0.935,0.055
696000,0.010,0.872,0.118
696500,0.010,0.793,0.197
697000,0.010,0.764,0.226
697500,0.010,0.779,0.211
698000,0.010,0.754,0.236
698500,0.010,0.792,0.198
699000,0.010,0.936,0.054
699500,0.010,0.866,0.124
700000,0.010,0.809,0.181
700500,0.010,0.903,0.087
701000,0.010,0.822,0.168
701500,0.010,0.813,0.177
702000,0.010,0.872,0.118
702500,0.010,0.988,0.002
703000,0.010,0.963,0.027
703500,0.010,0.922,0.068
704000,0.010,0.845,0.145
704500,0.010,0.638,0.352
705000,0.010,0.858,0.132
705500,0.010,0.943,0.047
706000,0.010,0.841,0.149
706500,0.010,0.867,0.123
707000,0.010,0.869,0.121
707500,0.010,0.903,0.087
708000,0.010,0.935,0.055
708500,0.010,0.965,0.025
709000,0.010,0.803,0.187
709500,0.010,0.929,0.061
710000,0.010,0.910,0.080
710500,0.010,0.988,0.002
711000,0.010,0.861,0.129
711500,0.010,0.816,0.174
712000,0.010,0.941,0.049
712500,0.010,0.948,0.042
713000,0.010,0.812,0.178
713500,0.010,0.957,0.033
714000,0.010,0.876,0.114
714500,0.010,0.812,0.178
715000,0.010,0.768,0.222
715500,0.010,0.817,0.173
716000,0.010,0.880,0.110
716500,0.010,0.812,0.178
717000,0.010,0.887,0.103
717500,0.010,0.908,0.082
718000,0.010,0.931,0.059
718500,0.010,0.979,0.011
719000,0.010,0.950,0.040
719500,0.010,0.809,0.181
720000,0.010,0.957,0.033
720500,0.010,0.849,0.141
721000,0.010,0.835,0.155
721500,0.010,0.699,0.291
722000,0.010,0.861,0.129
722500,0.010,0.794,0.196
723000,0.010,0.693,0.297
723500,0.010,0.787,0.203
724000,0.010,0.905,0.085
724500,0.010,0.936,0.054
725000,0.010,0.983,0.007
725500,0.010,0.900,0.090
726000,0.010,0.777,0.213
726500,0.010,0.928,0.062
727000,0.010,0.955,0.035
727500,0.010,0.739,0.251
728000,0.010,0.833,0.157
728500,0.010,0.733,0.257
729000,0.010,0.884,0.106
729500,0.010,0.821,0.169
730000,0.010,0.845,0.145
730500,0.010,0.814,0.176
731000,0.010,0.847,0.143
731500,0.010,0.920,0.070
732000,0.010,0.905,0.085
732500,0.010,0.940,0.050
733000,0.010,0.932,0.058
733500,0.010,0.884,0.106
734000,0.010,0.841,0.149
734500,0.010,0.798,0.192
735000,0.010,0.864,0.126
735500,0.010,0.900,0.090
736000,0.010,0.936,0.054
736500,0.010,0.914,0.076
737000,0.010,0.894,0.096
737500,0.010,0.853,0.137
738000,0.010,0.944,0.046
738500,0.010,0.901,0.089
739000,0.010,0.960,0.030
739500,0.010,0.948,0.042
740000,0.010,0.971,0.019
740500,0.010,0.831,0.159
741000,0.010,0.774,0.216
741500,0.010,0.839,0.151
742000,0.010,0.877,0.113
742500,0.010,0.934,0.056
743000,0.010,0.891,0.099
743500,0.010,0.906,0.084
744000,0.010,0.715,0.275
744500,0.010,0.914,0.076
745000,0.010,0.921,0.069
745500,0.010,0.949,0.041
746000,0.010,0.846,0.144
746500,0.010,0.894,0.096
747000,0.010,0.834,0.156
747500,0.010,0.825,0.165
748000,0.010,0.963,0.027
748500,0.010,0.952,0.038
749000,0.010,0.975,0.015
749500,0.010,0.928,0.062
750000,0.010,0.854,0.136
750500,0.010,0.908,0.082
751000,0.010,0.918,0.072
751500,0.010,0.951,0.039
752000,0.010,0.953,0.037
752500,0.010,0.944,0.046
753000,0.010,0.838,0.152
753500,0.010,0.812,0.178
754000,0.010,0.804,0.186
754500,0.010,0.895,0.095
755000,0.010,0.867,0.123
755500,0.010,0.821,0.169
756000,0.010,0.796,0.194
756500,0.010,0.928,0.062
757000,0.010,0.871,0.119
757500,0.010,0.714,0.276
758000,0.010,0.791,0.199
758500,0.010,0.718,0.272
759000,0.010,0.944,0.046
759500,0.010,0.947,0.043
760000,0.010,0.963,0.027
760500,0.010,0.938,0.052
761000,0.010,0.886,0.104
761500,0.010,0.959,0.031
762000,0.010,0.884,0.106
762500,0.010,0.926,0.064
763000,0.010,0.841,0.149
763500,0.010,0.956,0.034
764000,0.010,0.973,0.017
764500,0.010,0.805,0.185
765000,0.010,0.970,0.020
765500,0.010,0.884,0.106
766000,0.010,0.887,0.103
766500,0.010,0.959,0.031
767000,0.010,0.875,0.115
767500,0.010,0.973,0.017
768000,0.010,0.908,0.082
768500,0.010,0.932,0.058
769000,0.010,0.942,0.048
769500,0.010,0.989,0.001
770000,0.010,0.955,0.035
770500,0.010,0.962,0.028
771000,0.010,0.865,0.125
771500,0.010,0.946,0.044
772000,0.010,0.929,0.061
772500,0.010,0.966,0.024
773000,0.010,0.953,0.037
773500,0.010,0.953,0.037
774000,0.010,0.918,0.072
774500,0.010,0.881,0.109
775000,0.010,0.950,0.040
775500,0.010,0.900,0.090
776000,0.010,0.946,0.044
776500,0.010,0.940,0.050
777000,0.010,0.778,0.212
777500,0.010,0.911,0.079
778000,0.010,0.946,0.044
778500,0.010,0.952,0.038
779000,0.010,0.867,0.123
779500,0.010,0.946,0.044
780000,0.010,0.930,0.060
780500,0.010,0.946,0.044
781000,0.010,0.874,0.116
781500,0.010,0.928,0.062
782000,0.010,0.984,0.006
782500,0.010,0.980,0.010
783000,0.010,0.873,0.117
783500,0.010,0.916,0.074
784000,0.010,0.689,0.301
784500,0.010,0.807,0.183
785000,0.010,0.820,0.170
785500,0.010,0.896,0.094
786000,0.010,0.816,0.174
786500,0.010,0.786,0.204
787000,0.010,0.818,0.172
787500,0.010,0.841,0.149
788000,0.010,0.896,0.094
788500,0.010,0.961,0.029
789000,0.010,0.920,0.070
789500,0.010,0.964,0.026
790000,0.010,0.949,0.041
790500,0.010,0.988,0.002
791000,0.010,0.875,0.115
791500,0.010,0.940,0.050
792000,0.010,0.966,0.024
792500,0.010,0.879,0.111
793000,0.010,0.957,0.033
793500,0.010,0.850,0.140
794000,0.010,0.944,0.046
794500,0.010,0.990,0.000
795000,0.010,0.959,0.031
795500,0.010,0.894,0.096
796000,0.010,0.855,0.135
796500,0.010,0.917,0.073
797000,0.010,0.921,0.069
797500,0.010,0.958,0.032
798000,0.010,0.812,0.178
798500,0.010,0.897,0.093
799000,0.010,0.932,0.058
799500,0.010,0.938,0.052
800000,0.010,0.786,0.204
800500,0.010,0.869,0.121
801000,0.010,0.924,0.066
801500,0.010,0.616,0.374
802000,0.010,0.807,0.183
802500,0.010,0.963,0.027
803000,0.010,0.978,0.012
803500,0.010,0.929,0.061
804000,0.010,0.914,0.076
804500,0.010,0.975,0.015
805000,0.010,0.927,0.063
805500,0.010,0.868,0.122
806000,0.010,0.917,0.073
806500,0.010,0.947,0.043
807000,0.010,0.905,0.085
807500,0.010,0.857,0.133
808000,0.010,0.852,0.138
808500,0.010,0.973,0.017
809000,0.010,0.888,0.102
809500,0.010,0.772,0.218
810000,0.010,0.888,0.102
810500,0.010,0.952,0.038
811000,0.010,0.867,0.123
811500,0.010,0.899,0.091
812000,0.010,0.855,0.135
812500,0.010,0.976,0.014
813000,0.010,0.931,0.059
813500,0.010,0.912,0.078
814000,0.010,0.919,0.071
814500,0.010,0.968,0.022
815000,0.010,0.953,0.037
815500,0.010,0.978,0.012
816000,0.010,0.791,0.199
816500,0.010,0.852,0.138
817000,0.010,0.848,0.142
817500,0.010,0.962,0.028
818000,0.010,0.767,0.223
818500,0.010,0.937,0.053
819000,0.010,0.974,0.016
819500,0.010,0.902,0.088
820000,0.010,0.916,0.074
820500,0.010,0.957,0.033
821000,0.010,0.979,0.011
821500,0.010,0.958,0.032
822000,0.010,0.885,0.105
822500,0.010,0.983,0.007
823000,0.010,0.854,0.136
823500,0.010,0.838,0.152
824000,0.010,0.966,0.024
824500,0.010,0.909,0.081
825000,0.010,0.978,0.012
825500,0.010,0.985,0.005
826000,0.010,0.765,0.225
826500,0.010,0.896,0.094
827000,0.010,0.829,0.161
827500,0.010,0.885,0.105
828000,0.010,0.903,0.087
828500,0.010,0.799,0.191
829000,0.010,0.826,0.164
829500,0.010,0.831,0.159
830000,0.010,0.749,0.241
830500,0.010,0.912,0.078
831000,0.010,0.924,0.066
831500,0.010,0.952,0.038
832000,0.010,0.977,0.013
832500,0.010,0.897,0.093
833000,0.010,0.965,0.025
833500,0.010,0.885,0.105
834000,0.010,0.952,0.038
834500,0.010,0.970,0.020
835000,0.010,0.941,0.049
835500,0.010,0.890,0.100
836000,0.010,0.925,0.065
836500,0.010,0.882,0.108
837000,0.010,0.839,0.151
837500,0.010,0.859,0.131
838000,0.010,0.883,0.107
838500,0.010,0.876,0.114
839000,0.010,0.934,0.056
839500,0.010,0.861,0.129
840000,0.010,0.779,0.211
840500,0.010,0.907,0.083
841000,0.010,0.856,0.134
841500,0.010,0.861,0.129
842000,0.010,0.885,0.105
842500,0.010,0.904,0.086
843000,0.010,0.795,0.195
843500,0.010,0.957,0.033
844000,0.010,0.758,0.232
844500,0.010,0.759,0.231
845000,0.010,0.805,0.185
845500,0.010,0.899,0.091
846000,0.010,0.843,0.147
846500,0.010,0.838,0.152
847000,0.010,0.826,0.164
847500,0.010,0.753,0.237
848000,0.010,0.840,0.150
848500,0.010,0.826,0.164
849000,0.010,0.921,0.069
849500,0.010,0.744,0.246
850000,0.010,0.962,0.028
850500,0.010,0.831,0.159
851000,0.010,0.828,0.162
851500,0.010,0.888,0.102
852000,0.010,0.905,0.085
852500,0.010,0.833,0.157
853000,0.010,0.805,0.185
853500,0.010,0.849,0.141
854000,0.010,0.825,0.165
854500,0.010,0.916,0.074
855000,0.010,0.806,0.184
855500,0.010,0.777,0.213
856000,0.010,0.883,0.107
856500,0.010,0.888,0.102
857000,0.010,0.760,0.230
857500,0.010,0.728,0.262
858000,0.010,0.927,0.063
858500,0.010,0.875,0.115
859000,0.010,0.827,0.163
859500,0.010,0.802,0.188
860000,0.010,0.986,0.004
860500,0.010,0.972,0.018
861000,0.010,0.944,0.046
861500,0.010,0.962,0.028
862000,0.010,0.984,0.006
862500,0.010,0.912,0.078
863000,0.010,0.906,0.084
863500,0.010,0.894,0.096
864000,0.010,0.745,0.245
864500,0.010,0.789,0.201
865000,0.010,0.879,0.111
865500,0.010,0.813,0.177
866000,0.010,0.836,0.154
866500,0.010,0.763,0.227
867000,0.010,0.878,0.112
867500,0.010,0.811,0.179
868000,0.010,0.848,0.142
868500,0.010,0.946,0.044
869000,0.010,0.828,0.162
869500,0.010,0.714,0.276
870000,0.010,0.857,0.133
870500,0.010,0.844,0.146
871000,0.010,0.987,0.003
871500,0.010,0.931,0.059
872000,0.010,0.980,0.010
872500,0.010,0.831,0.159
873000,0.010,0.872,0.118
873500,0.010,0.752,0.238
874000,0.010,0.775,0.215
874500,0.010,0.855,0.135
875000,0.010,0.938,0.052
875500,0.010,0.849,0.141
876000,0.010,0.843,0.147
876500,0.010,0.959,0.031
877000,0.010,0.960,0.030
877500,0.010,0.792,0.198
878000,0.010,0.908,0.082
878500,0.010,0.922,0.068
879000,0.010,0.947,0.043
879500,0.010,0.860,0.130
880000,0.010,0.955,0.035
880500,0.010,0.875,0.115
881000,0.010,0.845,0.145
881500,0.010,0.732,0.258
882000,0.010,0.953,0.037
882500,0.010,0.972,0.018
883000,0.010,0.842,0.148
883500,0.010,0.976,0.014
884000,0.010,0.961,0.029
884500,0.010,0.869,0.121
885000,0.010,0.936,0.054
885500,0.010,0.890,0.100
886000,0.010,0.807,0.183
886500,0.010,0.877,0.113
887000,0.010,0.913,0.077
887500,0.010,0.859,0.131
888000,0.010,0.844,0.146
888500,0.010,0.879,0.111
889000,0.010,0.928,0.062
889500,0.010,0.941,0.049
890000,0.010,0.948,0.042
890500,0.010,0.874,0.116
891000,0.010,0.810,0.180
891500,0.010,0.851,0.139
892000,0.010,0.766,0.224
892500,0.010,0.865,0.125
893000,0.010,0.950,0.040
893500,0.010,0.859,0.131
894000,0.010,0.895,0.095
894500,0.010,0.871,0.119
895000,0.010,0.699,0.291
895500,0.010,0.841,0.149
896000,0.010,0.765,0.225
896500,0.010,0.985,0.005
897000,0.010,0.933,0.057
897500,0.010,0.977,0.013
898000,0.010,0.882,0.108
898500,0.010,0.899,0.091
899000,0.010,0.935,0.055
899500,0.010,0.940,0.050
900000,0.010,0.897,0.093
900500,0.010,0.862,0.128
901000,0.010,0.925,0.065
901500,0.010,0.880,0.110
902000,0.010,0.933,0.057
902500,0.010,0.939,0.051
903000,0.010,0.787,0.203
903500,0.010,0.700,0.290
904000,0.010,0.839,0.151
904500,0.010,0.984,0.006
905000,0.010,0.903,0.087
905500,0.010,0.924,0.066
906000,0.010,0.823,0.167
906500,0.010,0.943,0.047
907000,0.010,0.972,0.018
907500,0.010,0.884,0.106
908000,0.010,0.921,0.069
908500,0.010,0.912,0.078
909000,0.010,0.922,0.068
909500,0.010,0.796,0.194
910000,0.010,0.940,0.050
910500,0.010,0.844,0.146
911000,0.010,0.917,0.073
911500,0.010,0.938,0.052
912000,0.010,0.980,0.010
912500,0.010,0.847,0.143
913000,0.010,0.965,0.025
913500,0.010,0.948,0.042
914000,0.010,0.957,0.033
914500,0.010,0.857,0.133
915000,0.010,0.783,0.207
915500,0.010,0.940,0.050
916000,0.010,0.936,0.054
916500,0.010,0.940,0.050
917000,0.010,0.881,0.109
917500,0.010,0.855,0.135
918000,0.010,0.878,0.112
918500,0.010,0.740,0.250
919000,0.010,0.930,0.060
919500,0.010,0.912,0.078
920000,0.010,0.941,0.049
920500,0.010,0.965,0.025
921000,0.010,0.916,0.074
921500,0.010,0.859,0.131
922000,0.010,0.795,0.195
922500,0.010,0.954,0.036
923000,0.010,0.898,0.092
923500,0.010,0.830,0.160
924000,0.010,0.886,0.104
924500,0.010,0.843,0.147
925000,0.010,0.840,0.150
925500,0.010,0.953,0.037
926000,0.010,0.861,0.129
926500,0.010,0.934,0.056
927000,0.010,0.819,0.171
927500,0.010,0.939,0.051
928000,0.010,0.855,0.135
928500,0.010,0.826,0.164
929000,0.010,0.793,0.197
929500,0.010,0.885,0.105
930000,0.010,0.947,0.043
930500,0.010,0.937,0.053
931000,0.010,0.950,0.040
931500,0.010,0.972,0.018
932000,0.010,0.935,0.055
932500,0.010,0.920,0.070
933000,0.010,0.952,0.038
933500,0.010,0.898,0.092
934000,0.010,0.907,0.083
934500,0.010,0.916,0.074
935000,0.010,0.966,0.024
935500,0.010,0.915,0.075
936000,0.010,0.861,0.129
936500,0.010,0.737,0.253
937000,0.010,0.824,0.166
937500,0.010,0.775,0.215
938000,0.010,0.740,0.250
938500,0.010,0.908,0.082
939000,0.010,0.920,0.070
939500,0.010,0.904,0.086
940000,0.010,0.962,0.028
940500,0.010,0.651,0.339
941000,0.010,0.853,0.137
941500,0.010,0.908,0.082
942000,0.010,0.958,0.032
942500,0.010,0.907,0.083
943000,0.010,0.950,0.040
943500,0.010,0.802,0.188
944000,0.010,0.716,0.274
944500,0.010,0.929,0.061
945000,0.010,0.915,0.075
945500,0.010,0.946,0.044
946000,0.010,0.896,0.094
946500,0.010,0.861,0.129
947000,0.010,0.914,0.076
947500,0.010,0.904,0.086
948000,0.010,0.964,0.026
948500,0.010,0.835,0.155
949000,0.010,0.977,0.013
949500,0.010,0.891,0.099
950000,0.010,0.849,0.141
950500,0.010,0.875,0.115
951000,0.010,0.851,0.139
951500,0.010,0.821,0.169
952000,0.010,0.948,0.042
952500,0.010,0.946,0.044
953000,0.010,0.990,0.000
953500,0.010,0.951,0.039
954000,0.010,0.934,0.056
954500,0.010,0.954,0.036
955000,0.010,0.800,0.190
955500,0.010,0.902,0.088
956000,0.010,0.962,0.028
956500,0.010,0.880,0.110
957000,0.010,0.828,0.162
957500,0.010,0.771,0.219
958000,0.010,0.966,0.024
958500,0.010,0.962,0.028
959000,0.010,0.976,0.014
959500,0.010,0.830,0.160
960000,0.010,0.920,0.070
960500,0.010,0.854,0.136
961000,0.010,0.855,0.135
961500,0.010,0.868,0.122
962000,0.010,0.847,0.143
962500,0.010,0.884,0.106
963000,0.010,0.943,0.047
963500,0.010,0.952,0.038
964000,0.010,0.898,0.092
964500,0.010,0.938,0.052
965000,0.010,0.755,0.235
965500,0.010,0.909,0.081
966000,0.010,0.890,0.100
966500,0.010,0.958,0.032
967000,0.010,0.880,0.110
967500,0.010,0.982,0.008
968000,0.010,0.903,0.087
968500,0.010,0.774,0.216
969000,0.010,0.746,0.244
969500,0.010,0.850,0.140
970000,0.010,0.873,0.117
970500,0.010,0.947,0.043
971000,0.010,0.830,0.160
971500,0.010,0.916,0.074
972000,0.010,0.946,0.044
972500,0.010,0.925,0.065
973000,0.010,0.916,0.074
973500,0.010,0.829,0.161
974000,0.010,0.908,0.082
974500,0.010,0.950,0.040
975000,0.010,0.936,0.054
975500,0.010,0.968,0.022
976000,0.010,0.957,0.033
976500,0.010,0.881,0.109
977000,0.010,0.886,0.104
977500,0.010,0.900,0.090
978000,0.010,0.960,0.030
978500,0.010,0.840,0.150
979000,0.010,0.871,0.119
979500,0.010,0.878,0.112
980000,0.010,0.768,0.222
980500,0.010,0.845,0.145
981000,0.010,0.932,0.058
981500,0.010,0.876,0.114
982000,0.010,0.942,0.048
982500,0.010,0.839,0.151
983000,0.010,0.983,0.007
983500,0.010,0.886,0.104
984000,0.010,0.910,0.080
984500,0.010,0.886,0.104
985000,0.010,0.941,0.049
985500,0.010,0.954,0.036
986000,0.010,0.980,0.010
986500,0.010,0.828,0.162
987000,0.010,0.793,0.197
987500,0.010,0.841,0.149
988000,0.010,0.897,0.093
988500,0.010,0.925,0.065
989000,0.010,0.740,0.250
989500,0.010,0.721,0.269
990000,0.010,0.692,0.298
990500,0.010,0.894,0.096
991000,0.010,0.920,0.070
991500,0.010,0.727,0.263
992000,0.010,0.750,0.240
992500,0.010,0.713,0.277
993000,0.010,0.878,0.112
993500,0.010,0.897,0.093
994000,0.010,0.928,0.062
994500,0.010,0.872,0.118
995000,0.010,0.677,0.313
995500,0.010,0.759,0.231
996000,0.010,0.931,0.059
996500,0.010,0.787,0.203
997000,0.010,0.863,0.127
997500,0.010,0.841,0.149
998000,0.010,0.810,0.180
998500,0.010,0.940,0.050
999000,0.010,0.856,0.134
999500,0.010,0.915,0.075
1000000,0.010,0.919,0.071
