time,n_A+p,n_B,n_AB
0,0.030,0.970,0.000
500,0.030,0.961,0.009
1000,0.030,0.954,0.016
1500,0.030,0.923,0.047
2000,0.030,0.890,0.081
2500,0.032,0.823,0.145
3000,0.032,0.748,0.221
3500,0.035,0.680,0.285
4000,0.040,0.637,0.323
4500,0.036,0.607,0.358
5000,0.043,0.579,0.378
5500,0.046,0.554,0.400
6000,0.050,0.523,0.427
6500,0.050,0.512,0.438
7000,0.058,0.482,0.460
7500,0.051,0.460,0.489
8000,0.061,0.437,0.502
8500,0.057,0.435,0.508
9000,0.057,0.420,0.523
9500,0.062,0.411,0.527
10000,0.054,0.392,0.554
10500,0.062,0.378,0.560
11000,0.066,0.376,0.558
11500,0.059,0.375,0.566
12000,0.058,0.359,0.583
12500,0.063,0.349,0.587
13000,0.068,0.343,0.588
13500,0.065,0.338,0.597
14000,0.084,0.321,0.596
14500,0.069,0.321,0.610
15000,0.084,0.314,0.603
15500,0.076,0.309,0.615
16000,0.082,0.301,0.617
16500,0.075,0.303,0.622
17000,0.065,0.297,0.637
17500,0.060,0.292,0.648
18000,0.067,0.290,0.642
18500,0.094,0.286,0.620
19000,0.088,0.278,0.634
19500,0.087,0.275,0.638
20000,0.098,0.278,0.624
20500,0.100,0.278,0.622
21000,0.093,0.267,0.640
21500,0.078,0.265,0.658
22000,0.083,0.264,0.654
22500,0.093,0.271,0.636
23000,0.081,0.263,0.657
23500,0.081,0.281,0.638
24000,0.084,0.284,0.632
24500,0.110,0.265,0.625
25000,0.108,0.258,0.633
25500,0.103,0.254,0.642
26000,0.091,0.256,0.653
26500,0.094,0.253,0.653
27000,0.089,0.258,0.653
27500,0.085,0.253,0.662
28000,0.077,0.245,0.678
28500,0.081,0.239,0.680
29000,0.084,0.238,0.678
29500,0.091,0.244,0.665
30000,0.083,0.245,0.672
30500,0.070,0.250,0.679
31000,0.065,0.255,0.679
31500,0.062,0.261,0.676
32000,0.067,0.246,0.686
32500,0.067,0.236,0.697
33000,0.063,0.235,0.702
33500,0.058,0.235,0.707
34000,0.058,0.237,0.705
34500,0.062,0.238,0.700
35000,0.063,0.260,0.676
35500,0.072,0.260,0.668
36000,0.073,0.255,0.672
36500,0.069,0.243,0.687
37000,0.066,0.254,0.679
37500,0.068,0.264,0.668
38000,0.065,0.260,0.674
38500,0.064,0.243,0.693
39000,0.067,0.235,0.698
39500,0.069,0.228,0.703
40000,0.077,0.227,0.697
40500,0.067,0.232,0.701
41000,0.081,0.239,0.680
41500,0.065,0.244,0.691
42000,0.074,0.245,0.681
42500,0.065,0.229,0.706
43000,0.059,0.242,0.699
43500,0.054,0.234,0.712
44000,0.062,0.232,0.706
44500,0.058,0.238,0.704
45000,0.059,0.227,0.714
45500,0.064,0.222,0.714
46000,0.081,0.227,0.693
46500,0.066,0.220,0.714
47000,0.079,0.213,0.708
47500,0.073,0.215,0.713
48000,0.073,0.211,0.716
48500,0.078,0.212,0.710
49000,0.072,0.209,0.719
49500,0.084,0.211,0.705
50000,0.085,0.204,0.711
50500,0.080,0.200,0.720
51000,0.084,0.200,0.716
51500,0.078,0.202,0.720
52000,0.079,0.224,0.698
52500,0.081,0.208,0.711
53000,0.085,0.205,0.710
53500,0.079,0.202,0.719
54000,0.085,0.195,0.720
54500,0.113,0.196,0.691
55000,0.107,0.195,0.698
55500,0.088,0.201,0.711
56000,0.070,0.220,0.710
56500,0.072,0.207,0.721
57000,0.064,0.221,0.715
57500,0.085,0.205,0.710
58000,0.086,0.206,0.708
58500,0.085,0.200,0.715
59000,0.096,0.216,0.688
59500,0.092,0.215,0.694
60000,0.091,0.206,0.703
60500,0.063,0.218,0.719
61000,0.074,0.206,0.720
61500,0.081,0.200,0.719
62000,0.077,0.209,0.714
62500,0.072,0.199,0.729
63000,0.075,0.203,0.722
63500,0.084,0.197,0.719
64000,0.085,0.189,0.726
64500,0.079,0.188,0.733
65000,0.103,0.179,0.718
65500,0.104,0.173,0.723
66000,0.102,0.184,0.714
66500,0.092,0.187,0.721
67000,0.091,0.190,0.719
67500,0.094,0.196,0.710
68000,0.083,0.197,0.720
68500,0.079,0.200,0.721
69000,0.080,0.195,0.725
69500,0.068,0.212,0.719
70000,0.072,0.209,0.719
70500,0.066,0.206,0.727
71000,0.062,0.197,0.741
71500,0.061,0.195,0.744
72000,0.065,0.198,0.736
72500,0.065,0.207,0.727
73000,0.070,0.185,0.745
73500,0.065,0.187,0.748
74000,0.059,0.174,0.767
74500,0.062,0.182,0.756
75000,0.067,0.186,0.747
75500,0.067,0.187,0.746
76000,0.063,0.197,0.740
76500,0.069,0.189,0.742
77000,0.084,0.189,0.727
77500,0.084,0.193,0.723
78000,0.079,0.188,0.733
78500,0.077,0.198,0.725
79000,0.072,0.193,0.735
79500,0.085,0.197,0.718
80000,0.077,0.188,0.735
80500,0.076,0.187,0.737
81000,0.097,0.202,0.701
81500,0.092,0.186,0.722
82000,0.086,0.187,0.727
82500,0.082,0.180,0.739
83000,0.072,0.183,0.746
83500,0.074,0.168,0.759
84000,0.076,0.168,0.757
84500,0.088,0.161,0.751
85000,0.097,0.168,0.735
85500,0.096,0.179,0.725
86000,0.096,0.180,0.724
86500,0.083,0.181,0.736
87000,0.078,0.183,0.740
87500,0.091,0.183,0.726
88000,0.087,0.182,0.731
88500,0.076,0.174,0.751
89000,0.077,0.176,0.748
89500,0.086,0.165,0.749
90000,0.081,0.173,0.747
90500,0.087,0.179,0.734
91000,0.093,0.171,0.736
91500,0.102,0.162,0.735
92000,0.100,0.168,0.732
92500,0.098,0.165,0.736
93000,0.089,0.170,0.742
93500,0.091,0.161,0.748
94000,0.092,0.161,0.747
94500,0.088,0.171,0.742
95000,0.084,0.163,0.753
95500,0.079,0.161,0.760
96000,0.076,0.162,0.762
96500,0.075,0.159,0.766
97000,0.081,0.163,0.756
97500,0.080,0.168,0.753
98000,0.075,0.172,0.754
98500,0.080,0.186,0.734
99000,0.080,0.168,0.753
99500,0.075,0.169,0.757
100000,0.073,0.163,0.764
100500,0.077,0.162,0.761
101000,0.085,0.159,0.756
101500,0.088,0.153,0.759
102000,0.086,0.163,0.751
102500,0.081,0.166,0.753
103000,0.083,0.169,0.749
103500,0.093,0.162,0.745
104000,0.100,0.173,0.727
104500,0.096,0.168,0.736
105000,0.089,0.162,0.749
105500,0.095,0.165,0.740
106000,0.097,0.183,0.720
106500,0.091,0.171,0.739
107000,0.091,0.162,0.747
107500,0.093,0.160,0.747
108000,0.092,0.172,0.736
108500,0.094,0.156,0.750
109000,0.084,0.159,0.757
109500,0.083,0.155,0.762
110000,0.090,0.158,0.752
110500,0.073,0.162,0.765
111000,0.081,0.156,0.763
111500,0.087,0.160,0.753
112000,0.094,0.151,0.755
112500,0.095,0.143,0.762
113000,0.077,0.139,0.784
113500,0.078,0.149,0.773
114000,0.076,0.150,0.774
114500,0.087,0.146,0.767
115000,0.084,0.134,0.782
115500,0.082,0.141,0.777
116000,0.081,0.131,0.789
116500,0.076,0.143,0.781
117000,0.078,0.141,0.781
117500,0.083,0.140,0.777
118000,0.074,0.149,0.777
118500,0.074,0.144,0.782
119000,0.081,0.155,0.764
119500,0.085,0.147,0.768
120000,0.089,0.148,0.763
120500,0.084,0.139,0.777
121000,0.104,0.139,0.757
121500,0.089,0.161,0.750
122000,0.081,0.152,0.767
122500,0.080,0.154,0.766
123000,0.075,0.152,0.773
123500,0.077,0.146,0.777
124000,0.086,0.153,0.761
124500,0.087,0.148,0.765
125000,0.083,0.145,0.772
125500,0.090,0.144,0.766
126000,0.097,0.138,0.765
126500,0.086,0.150,0.764
127000,0.082,0.146,0.772
127500,0.081,0.141,0.778
128000,0.087,0.140,0.773
128500,0.098,0.138,0.764
129000,0.095,0.127,0.778
129500,0.098,0.129,0.773
130000,0.090,0.137,0.773
130500,0.076,0.159,0.765
131000,0.075,0.151,0.774
131500,0.079,0.158,0.763
132000,0.076,0.145,0.779
132500,0.092,0.147,0.761
133000,0.104,0.155,0.741
133500,0.096,0.150,0.754
134000,0.094,0.152,0.754
134500,0.098,0.155,0.747
135000,0.105,0.150,0.745
135500,0.114,0.123,0.763
136000,0.104,0.136,0.760
136500,0.086,0.131,0.783
137000,0.092,0.131,0.777
137500,0.093,0.145,0.762
138000,0.078,0.138,0.784
138500,0.082,0.137,0.781
139000,0.080,0.149,0.771
139500,0.094,0.141,0.765
140000,0.083,0.135,0.782
140500,0.095,0.130,0.775
141000,0.095,0.131,0.774
141500,0.092,0.137,0.771
142000,0.103,0.134,0.763
142500,0.089,0.124,0.788
143000,0.087,0.128,0.785
143500,0.090,0.124,0.787
144000,0.083,0.134,0.783
144500,0.082,0.129,0.790
145000,0.091,0.127,0.782
145500,0.081,0.124,0.796
146000,0.104,0.127,0.769
146500,0.099,0.118,0.782
147000,0.089,0.125,0.787
147500,0.085,0.140,0.775
148000,0.080,0.129,0.792
148500,0.088,0.126,0.787
149000,0.082,0.134,0.784
149500,0.070,0.124,0.806
150000,0.076,0.133,0.792
150500,0.072,0.128,0.801
151000,0.069,0.123,0.808
151500,0.073,0.113,0.814
152000,0.075,0.120,0.806
152500,0.078,0.124,0.799
153000,0.073,0.130,0.798
153500,0.075,0.132,0.794
154000,0.073,0.148,0.779
154500,0.087,0.144,0.769
155000,0.075,0.152,0.773
155500,0.072,0.149,0.779
156000,0.088,0.139,0.773
156500,0.092,0.154,0.754
157000,0.098,0.141,0.761
157500,0.098,0.136,0.766
158000,0.087,0.144,0.769
158500,0.084,0.144,0.772
159000,0.090,0.152,0.758
159500,0.082,0.142,0.776
160000,0.085,0.141,0.774
160500,0.083,0.152,0.765
161000,0.077,0.149,0.774
161500,0.072,0.142,0.787
162000,0.085,0.148,0.767
162500,0.102,0.144,0.754
163000,0.103,0.144,0.753
163500,0.103,0.136,0.761
164000,0.099,0.139,0.762
164500,0.095,0.138,0.767
165000,0.088,0.151,0.761
165500,0.089,0.158,0.753
166000,0.088,0.159,0.753
166500,0.084,0.156,0.760
167000,0.096,0.150,0.754
167500,0.104,0.150,0.746
168000,0.090,0.139,0.771
168500,0.088,0.141,0.771
169000,0.082,0.145,0.773
169500,0.091,0.141,0.768
170000,0.091,0.144,0.765
170500,0.094,0.148,0.758
171000,0.079,0.139,0.782
171500,0.097,0.136,0.767
172000,0.091,0.140,0.769
172500,0.084,0.132,0.784
173000,0.082,0.131,0.788
173500,0.088,0.141,0.771
174000,0.092,0.155,0.753
174500,0.101,0.150,0.749
175000,0.099,0.155,0.746
175500,0.105,0.151,0.744
176000,0.103,0.140,0.757
176500,0.096,0.137,0.767
177000,0.089,0.126,0.785
177500,0.086,0.136,0.778
178000,0.088,0.141,0.771
178500,0.085,0.141,0.774
179000,0.084,0.132,0.784
179500,0.077,0.149,0.774
180000,0.088,0.142,0.770
180500,0.088,0.145,0.767
181000,0.086,0.158,0.756
181500,0.089,0.145,0.766
182000,0.074,0.146,0.780
182500,0.090,0.138,0.772
183000,0.091,0.128,0.781
183500,0.100,0.127,0.773
184000,0.096,0.131,0.773
184500,0.102,0.138,0.760
185000,0.094,0.131,0.775
185500,0.088,0.134,0.778
186000,0.095,0.125,0.780
186500,0.087,0.111,0.802
187000,0.095,0.114,0.791
187500,0.104,0.123,0.773
188000,0.104,0.121,0.775
188500,0.120,0.121,0.760
189000,0.118,0.123,0.759
189500,0.127,0.120,0.754
190000,0.097,0.112,0.791
190500,0.097,0.122,0.781
191000,0.092,0.129,0.779
191500,0.096,0.128,0.776
192000,0.086,0.124,0.791
192500,0.090,0.123,0.788
193000,0.080,0.124,0.797
193500,0.083,0.125,0.793
194000,0.084,0.128,0.789
194500,0.087,0.127,0.787
195000,0.081,0.132,0.788
195500,0.090,0.130,0.780
196000,0.088,0.123,0.790
196500,0.093,0.116,0.791
197000,0.105,0.126,0.769
197500,0.128,0.125,0.748
198000,0.090,0.122,0.789
198500,0.086,0.134,0.780
199000,0.087,0.129,0.784
199500,0.083,0.135,0.782
200000,0.073,0.131,0.797
200500,0.078,0.138,0.784
201000,0.084,0.133,0.783
201500,0.082,0.145,0.773
202000,0.080,0.140,0.780
202500,0.079,0.136,0.785
203000,0.099,0.120,0.781
203500,0.089,0.117,0.794
204000,0.084,0.125,0.792
204500,0.094,0.133,0.773
205000,0.085,0.137,0.778
205500,0.082,0.138,0.780
206000,0.069,0.142,0.789
206500,0.067,0.135,0.798
207000,0.063,0.138,0.799
207500,0.059,0.128,0.813
208000,0.062,0.118,0.819
208500,0.063,0.122,0.815
209000,0.067,0.111,0.821
209500,0.069,0.115,0.815
210000,0.064,0.122,0.814
210500,0.070,0.112,0.817
211000,0.072,0.115,0.813
211500,0.082,0.120,0.799
212000,0.081,0.116,0.803
212500,0.097,0.133,0.770
213000,0.092,0.124,0.784
213500,0.081,0.118,0.801
214000,0.089,0.115,0.796
214500,0.083,0.121,0.797
215000,0.108,0.123,0.769
215500,0.093,0.121,0.787
216000,0.094,0.128,0.778
216500,0.086,0.143,0.771
217000,0.081,0.137,0.782
217500,0.078,0.133,0.790
218000,0.072,0.130,0.799
218500,0.074,0.133,0.794
219000,0.095,0.142,0.763
219500,0.100,0.125,0.775
220000,0.099,0.128,0.773
220500,0.092,0.122,0.787
221000,0.085,0.124,0.792
221500,0.087,0.129,0.784
222000,0.086,0.128,0.787
222500,0.086,0.128,0.787
223000,0.084,0.125,0.792
223500,0.087,0.142,0.771
224000,0.093,0.136,0.771
224500,0.090,0.133,0.777
225000,0.085,0.131,0.784
225500,0.082,0.126,0.793
226000,0.079,0.142,0.779
226500,0.076,0.147,0.777
227000,0.094,0.136,0.770
227500,0.074,0.132,0.795
228000,0.082,0.126,0.793
228500,0.080,0.115,0.805
229000,0.081,0.114,0.805
229500,0.102,0.115,0.782
230000,0.099,0.118,0.782
230500,0.098,0.111,0.791
231000,0.111,0.103,0.785
231500,0.120,0.104,0.776
232000,0.101,0.111,0.788
232500,0.088,0.106,0.806
233000,0.087,0.104,0.809
233500,0.088,0.115,0.797
234000,0.078,0.113,0.809
234500,0.077,0.114,0.809
235000,0.075,0.128,0.798
235500,0.068,0.133,0.799
236000,0.081,0.130,0.790
236500,0.084,0.121,0.796
237000,0.078,0.120,0.803
237500,0.082,0.118,0.800
238000,0.087,0.111,0.802
238500,0.075,0.123,0.803
239000,0.100,0.112,0.788
239500,0.087,0.112,0.801
240000,0.086,0.112,0.802
240500,0.079,0.102,0.819
241000,0.085,0.102,0.813
241500,0.085,0.110,0.805
242000,0.086,0.099,0.815
242500,0.084,0.099,0.817
243000,0.084,0.113,0.803
243500,0.075,0.110,0.815
244000,0.073,0.124,0.804
244500,0.075,0.112,0.813
245000,0.080,0.116,0.804
245500,0.082,0.106,0.812
246000,0.080,0.106,0.814
246500,0.094,0.107,0.799
247000,0.085,0.105,0.810
247500,0.081,0.101,0.818
248000,0.094,0.105,0.801
248500,0.098,0.121,0.781
249000,0.086,0.113,0.801
249500,0.098,0.109,0.793
250000,0.107,0.104,0.789
250500,0.113,0.110,0.776
251000,0.115,0.110,0.774
251500,0.105,0.103,0.792
252000,0.114,0.116,0.769
252500,0.110,0.115,0.774
253000,0.098,0.114,0.788
253500,0.103,0.105,0.792
254000,0.095,0.106,0.799
254500,0.094,0.106,0.800
255000,0.098,0.116,0.785
255500,0.098,0.114,0.788
256000,0.102,0.109,0.789
256500,0.105,0.102,0.793
257000,0.118,0.101,0.780
257500,0.105,0.095,0.800
258000,0.097,0.101,0.802
258500,0.101,0.103,0.796
259000,0.107,0.106,0.787
259500,0.104,0.105,0.791
260000,0.107,0.107,0.785
260500,0.114,0.114,0.771
261000,0.107,0.111,0.781
261500,0.102,0.110,0.788
262000,0.088,0.104,0.808
262500,0.089,0.115,0.796
263000,0.088,0.107,0.805
263500,0.101,0.101,0.798
264000,0.095,0.105,0.800
264500,0.087,0.099,0.814
265000,0.099,0.108,0.793
265500,0.089,0.108,0.803
266000,0.089,0.111,0.800
266500,0.085,0.118,0.797
267000,0.085,0.109,0.806
267500,0.079,0.108,0.813
268000,0.077,0.115,0.808
268500,0.084,0.117,0.799
269000,0.075,0.121,0.805
269500,0.082,0.110,0.808
270000,0.101,0.122,0.777
270500,0.102,0.122,0.776
271000,0.102,0.120,0.778
271500,0.094,0.125,0.781
272000,0.113,0.110,0.776
272500,0.105,0.131,0.764
273000,0.105,0.127,0.768
273500,0.098,0.112,0.790
274000,0.089,0.105,0.806
274500,0.089,0.102,0.809
275000,0.091,0.107,0.802
275500,0.096,0.104,0.800
276000,0.093,0.104,0.803
276500,0.086,0.093,0.821
277000,0.099,0.092,0.809
277500,0.092,0.101,0.807
278000,0.094,0.113,0.793
278500,0.083,0.108,0.809
279000,0.088,0.106,0.806
279500,0.090,0.097,0.813
280000,0.086,0.126,0.789
280500,0.087,0.112,0.801
281000,0.072,0.110,0.818
281500,0.086,0.107,0.807
282000,0.078,0.111,0.811
282500,0.080,0.104,0.816
283000,0.079,0.117,0.804
283500,0.085,0.117,0.798
284000,0.085,0.127,0.789
284500,0.081,0.117,0.802
285000,0.083,0.116,0.801
285500,0.084,0.112,0.804
286000,0.072,0.105,0.823
286500,0.067,0.111,0.821
287000,0.077,0.121,0.803
287500,0.082,0.128,0.791
288000,0.087,0.131,0.782
288500,0.088,0.125,0.788
289000,0.079,0.120,0.802
289500,0.077,0.124,0.800
290000,0.084,0.123,0.794
290500,0.092,0.109,0.799
291000,0.084,0.113,0.803
291500,0.080,0.122,0.799
292000,0.082,0.108,0.810
292500,0.080,0.110,0.810
293000,0.082,0.098,0.820
293500,0.077,0.100,0.823
294000,0.072,0.103,0.825
294500,0.078,0.100,0.822
295000,0.080,0.103,0.817
295500,0.091,0.112,0.797
296000,0.093,0.103,0.804
296500,0.089,0.098,0.813
297000,0.084,0.100,0.816
297500,0.089,0.106,0.805
298000,0.086,0.087,0.827
298500,0.092,0.098,0.810
299000,0.086,0.102,0.812
299500,0.092,0.106,0.802
300000,0.093,0.104,0.803
300500,0.090,0.100,0.810
301000,0.088,0.096,0.816
301500,0.090,0.093,0.817
302000,0.084,0.112,0.804
302500,0.097,0.093,0.810
303000,0.098,0.097,0.805
303500,0.094,0.114,0.792
304000,0.090,0.103,0.807
304500,0.088,0.099,0.813
305000,0.095,0.094,0.811
305500,0.091,0.104,0.805
306000,0.091,0.097,0.812
306500,0.091,0.095,0.814
307000,0.084,0.093,0.823
307500,0.093,0.097,0.810
308000,0.089,0.123,0.789
308500,0.099,0.115,0.785
309000,0.089,0.097,0.814
309500,0.089,0.100,0.811
310000,0.090,0.105,0.805
310500,0.080,0.099,0.821
311000,0.089,0.097,0.814
311500,0.085,0.091,0.824
312000,0.079,0.095,0.826
312500,0.089,0.101,0.810
313000,0.091,0.100,0.809
313500,0.083,0.100,0.817
314000,0.084,0.103,0.813
314500,0.084,0.100,0.816
315000,0.077,0.100,0.823
315500,0.072,0.112,0.816
316000,0.080,0.109,0.811
316500,0.079,0.112,0.809
317000,0.088,0.113,0.799
317500,0.078,0.108,0.814
318000,0.074,0.104,0.822
318500,0.073,0.096,0.831
319000,0.069,0.098,0.832
319500,0.067,0.096,0.837
320000,0.073,0.109,0.818
320500,0.073,0.104,0.823
321000,0.068,0.102,0.829
321500,0.080,0.105,0.815
322000,0.074,0.102,0.824
322500,0.080,0.098,0.822
323000,0.076,0.107,0.817
323500,0.069,0.101,0.829
324000,0.076,0.095,0.829
324500,0.070,0.092,0.838
325000,0.074,0.094,0.832
325500,0.076,0.099,0.825
326000,0.090,0.084,0.826
326500,0.084,0.080,0.837
327000,0.101,0.095,0.804
327500,0.099,0.083,0.818
328000,0.090,0.087,0.823
328500,0.096,0.082,0.822
329000,0.094,0.092,0.814
329500,0.086,0.095,0.819
330000,0.089,0.107,0.804
330500,0.093,0.095,0.812
331000,0.097,0.094,0.809
331500,0.105,0.092,0.803
332000,0.108,0.101,0.791
332500,0.100,0.097,0.803
333000,0.090,0.095,0.815
333500,0.089,0.093,0.818
334000,0.084,0.087,0.829
334500,0.091,0.084,0.825
335000,0.090,0.088,0.822
335500,0.094,0.086,0.820
336000,0.089,0.101,0.810
336500,0.085,0.123,0.793
337000,0.086,0.108,0.806
337500,0.085,0.099,0.816
338000,0.082,0.115,0.803
338500,0.075,0.117,0.808
339000,0.081,0.105,0.814
339500,0.092,0.103,0.805
340000,0.073,0.127,0.801
340500,0.086,0.124,0.791
341000,0.083,0.113,0.804
341500,0.075,0.088,0.838
342000,0.077,0.083,0.841
342500,0.075,0.089,0.837
343000,0.086,0.089,0.825
343500,0.088,0.093,0.819
344000,0.096,0.087,0.817
344500,0.089,0.103,0.808
345000,0.087,0.110,0.803
345500,0.075,0.107,0.818
346000,0.086,0.102,0.812
346500,0.084,0.097,0.819
347000,0.083,0.095,0.822
347500,0.088,0.106,0.806
348000,0.091,0.137,0.772
348500,0.082,0.136,0.782
349000,0.085,0.126,0.790
349500,0.081,0.117,0.802
350000,0.079,0.114,0.807
350500,0.076,0.115,0.809
351000,0.084,0.106,0.810
351500,0.092,0.098,0.810
352000,0.086,0.096,0.818
352500,0.078,0.093,0.829
353000,0.086,0.095,0.819
353500,0.079,0.094,0.827
354000,0.074,0.085,0.842
354500,0.074,0.091,0.836
355000,0.082,0.105,0.813
355500,0.073,0.107,0.820
356000,0.072,0.091,0.838
356500,0.087,0.112,0.801
357000,0.094,0.107,0.799
357500,0.087,0.106,0.807
358000,0.100,0.105,0.795
358500,0.105,0.123,0.772
359000,0.094,0.112,0.794
359500,0.083,0.117,0.800
360000,0.080,0.110,0.810
360500,0.074,0.113,0.813
361000,0.068,0.110,0.821
361500,0.076,0.106,0.818
362000,0.073,0.102,0.825
362500,0.077,0.111,0.812
363000,0.084,0.093,0.823
363500,0.078,0.100,0.822
364000,0.075,0.100,0.825
364500,0.078,0.106,0.816
365000,0.078,0.096,0.826
365500,0.074,0.103,0.823
366000,0.069,0.105,0.825
366500,0.069,0.110,0.820
367000,0.079,0.103,0.818
367500,0.089,0.094,0.817
368000,0.092,0.090,0.818
368500,0.107,0.090,0.803
369000,0.107,0.086,0.807
369500,0.109,0.094,0.797
370000,0.107,0.087,0.806
370500,0.095,0.088,0.817
371000,0.104,0.084,0.812
371500,0.106,0.083,0.811
372000,0.100,0.083,0.817
372500,0.088,0.082,0.830
373000,0.091,0.082,0.827
373500,0.098,0.080,0.822
374000,0.095,0.087,0.818
374500,0.093,0.107,0.800
375000,0.096,0.115,0.789
375500,0.108,0.121,0.771
376000,0.097,0.106,0.797
376500,0.090,0.110,0.800
377000,0.087,0.127,0.787
377500,0.080,0.115,0.805
378000,0.087,0.107,0.806
378500,0.080,0.098,0.822
379000,0.080,0.093,0.827
379500,0.082,0.103,0.815
380000,0.082,0.093,0.825
380500,0.080,0.091,0.829
381000,0.090,0.081,0.829
381500,0.083,0.089,0.828
382000,0.092,0.079,0.829
382500,0.081,0.079,0.841
383000,0.080,0.084,0.837
383500,0.082,0.081,0.838
384000,0.093,0.082,0.825
384500,0.086,0.088,0.826
385000,0.099,0.087,0.814
385500,0.107,0.088,0.805
386000,0.099,0.089,0.812
386500,0.097,0.095,0.808
387000,0.106,0.083,0.811
387500,0.096,0.081,0.823
388000,0.094,0.088,0.818
388500,0.096,0.097,0.807
389000,0.096,0.087,0.817
389500,0.087,0.094,0.819
390000,0.093,0.085,0.822
390500,0.090,0.090,0.820
391000,0.086,0.093,0.821
391500,0.102,0.083,0.815
392000,0.087,0.087,0.826
392500,0.092,0.090,0.818
393000,0.086,0.089,0.825
393500,0.077,0.086,0.838
394000,0.086,0.083,0.831
394500,0.089,0.084,0.827
395000,0.092,0.084,0.824
395500,0.089,0.083,0.828
396000,0.081,0.088,0.831
396500,0.079,0.085,0.837
397000,0.086,0.084,0.830
397500,0.083,0.080,0.838
398000,0.091,0.088,0.821
398500,0.093,0.086,0.821
399000,0.078,0.100,0.822
399500,0.078,0.107,0.815
400000,0.079,0.106,0.815
400500,0.086,0.093,0.821
401000,0.087,0.099,0.814
401500,0.081,0.091,0.828
402000,0.086,0.092,0.822
402500,0.090,0.093,0.817
403000,0.080,0.088,0.832
403500,0.079,0.080,0.842
404000,0.080,0.086,0.835
404500,0.121,0.088,0.792
405000,0.106,0.078,0.816
405500,0.107,0.087,0.806
406000,0.103,0.108,0.789
406500,0.099,0.099,0.802
407000,0.084,0.096,0.820
407500,0.079,0.091,0.830
408000,0.082,0.095,0.823
408500,0.072,0.100,0.828
409000,0.068,0.090,0.842
409500,0.075,0.092,0.834
410000,0.082,0.090,0.828
410500,0.089,0.089,0.822
411000,0.089,0.084,0.827
411500,0.098,0.076,0.826
412000,0.091,0.081,0.828
412500,0.093,0.088,0.819
413000,0.102,0.077,0.821
413500,0.107,0.081,0.812
414000,0.098,0.084,0.818
414500,0.108,0.085,0.807
415000,0.098,0.083,0.819
415500,0.085,0.091,0.824
416000,0.085,0.096,0.819
416500,0.081,0.099,0.820
417000,0.073,0.109,0.818
417500,0.077,0.121,0.803
418000,0.077,0.102,0.821
418500,0.083,0.096,0.821
419000,0.069,0.099,0.831
419500,0.082,0.091,0.827
420000,0.082,0.101,0.817
420500,0.084,0.115,0.801
421000,0.080,0.106,0.814
421500,0.075,0.102,0.823
422000,0.070,0.105,0.824
422500,0.077,0.104,0.819
423000,0.060,0.103,0.837
423500,0.065,0.097,0.838
424000,0.076,0.093,0.831
424500,0.073,0.101,0.826
425000,0.074,0.122,0.805
425500,0.074,0.106,0.820
426000,0.092,0.104,0.804
426500,0.084,0.100,0.816
427000,0.079,0.101,0.820
427500,0.077,0.116,0.807
428000,0.084,0.094,0.822
428500,0.099,0.096,0.805
429000,0.115,0.087,0.798
429500,0.101,0.093,0.806
430000,0.101,0.084,0.815
430500,0.092,0.094,0.814
431000,0.078,0.082,0.841
431500,0.086,0.082,0.832
432000,0.090,0.087,0.823
432500,0.078,0.090,0.832
433000,0.080,0.091,0.829
433500,0.084,0.076,0.841
434000,0.092,0.077,0.831
434500,0.082,0.079,0.840
435000,0.075,0.084,0.842
435500,0.073,0.092,0.836
436000,0.074,0.097,0.829
436500,0.074,0.106,0.820
437000,0.079,0.099,0.822
437500,0.085,0.100,0.815
438000,0.082,0.098,0.820
438500,0.090,0.089,0.821
439000,0.081,0.089,0.830
439500,0.092,0.092,0.816
440000,0.092,0.088,0.820
440500,0.081,0.096,0.823
441000,0.087,0.090,0.823
441500,0.079,0.105,0.816
442000,0.072,0.098,0.830
442500,0.067,0.096,0.837
443000,0.074,0.094,0.832
443500,0.062,0.099,0.839
444000,0.074,0.094,0.832
444500,0.069,0.096,0.835
445000,0.077,0.095,0.828
445500,0.069,0.092,0.839
446000,0.065,0.098,0.837
446500,0.073,0.089,0.839
447000,0.075,0.097,0.828
447500,0.074,0.086,0.841
448000,0.069,0.096,0.835
448500,0.075,0.095,0.830
449000,0.080,0.096,0.824
449500,0.068,0.097,0.835
450000,0.077,0.095,0.828
450500,0.076,0.090,0.835
451000,0.082,0.085,0.834
451500,0.079,0.092,0.829
452000,0.084,0.091,0.825
452500,0.084,0.102,0.814
453000,0.074,0.107,0.819
453500,0.082,0.100,0.818
454000,0.087,0.095,0.818
454500,0.084,0.092,0.824
455000,0.081,0.082,0.838
455500,0.074,0.104,0.822
456000,0.074,0.094,0.832
456500,0.084,0.090,0.826
457000,0.072,0.089,0.840
457500,0.076,0.081,0.844
458000,0.074,0.098,0.828
458500,0.073,0.083,0.845
459000,0.080,0.120,0.801
459500,0.081,0.111,0.808
460000,0.066,0.098,0.836
460500,0.065,0.095,0.840
461000,0.054,0.088,0.858
461500,0.063,0.092,0.845
462000,0.055,0.090,0.855
462500,0.063,0.097,0.840
463000,0.059,0.098,0.843
463500,0.062,0.100,0.838
464000,0.064,0.091,0.845
464500,0.065,0.094,0.841
465000,0.060,0.087,0.853
465500,0.069,0.080,0.851
466000,0.073,0.106,0.821
466500,0.075,0.113,0.812
467000,0.074,0.094,0.832
467500,0.073,0.106,0.821
468000,0.075,0.097,0.828
468500,0.067,0.092,0.841
469000,0.073,0.090,0.838
469500,0.064,0.086,0.850
470000,0.068,0.081,0.851
470500,0.077,0.087,0.837
471000,0.074,0.095,0.831
471500,0.068,0.116,0.815
472000,0.067,0.114,0.818
472500,0.069,0.117,0.813
473000,0.063,0.108,0.828
473500,0.072,0.097,0.831
474000,0.090,0.096,0.814
474500,0.085,0.086,0.829
475000,0.090,0.084,0.826
475500,0.084,0.090,0.826
476000,0.083,0.080,0.838
476500,0.092,0.083,0.825
477000,0.098,0.084,0.818
477500,0.090,0.089,0.821
478000,0.082,0.081,0.838
478500,0.080,0.074,0.847
479000,0.078,0.079,0.844
479500,0.065,0.082,0.853
480000,0.069,0.090,0.841
480500,0.078,0.084,0.839
481000,0.069,0.084,0.847
481500,0.074,0.090,0.837
482000,0.074,0.083,0.844
482500,0.086,0.079,0.836
483000,0.076,0.077,0.848
483500,0.062,0.077,0.861
484000,0.080,0.081,0.840
484500,0.086,0.081,0.834
485000,0.079,0.079,0.843
485500,0.085,0.092,0.823
486000,0.097,0.078,0.825
486500,0.097,0.090,0.813
487000,0.098,0.087,0.815
487500,0.097,0.081,0.822
488000,0.092,0.083,0.825
488500,0.091,0.077,0.832
489000,0.082,0.085,0.834
489500,0.074,0.084,0.843
490000,0.077,0.073,0.851
490500,0.075,0.082,0.844
491000,0.093,0.076,0.831
491500,0.089,0.072,0.840
492000,0.088,0.065,0.847
492500,0.082,0.080,0.839
493000,0.104,0.065,0.830
493500,0.092,0.078,0.830
494000,0.088,0.077,0.836
494500,0.073,0.094,0.834
495000,0.074,0.091,0.836
495500,0.079,0.084,0.838
496000,0.087,0.081,0.832
496500,0.075,0.076,0.850
497000,0.075,0.100,0.825
497500,0.077,0.101,0.822
498000,0.070,0.094,0.836
498500,0.066,0.090,0.844
499000,0.082,0.091,0.827
499500,0.087,0.096,0.817
500000,0.079,0.082,0.840
500500,0.081,0.089,0.830
501000,0.073,0.094,0.834
501500,0.075,0.093,0.832
502000,0.068,0.099,0.832
502500,0.083,0.102,0.815
503000,0.082,0.095,0.823
503500,0.083,0.086,0.831
504000,0.070,0.079,0.851
504500,0.076,0.083,0.842
505000,0.074,0.113,0.813
505500,0.081,0.099,0.820
506000,0.093,0.097,0.810
506500,0.080,0.097,0.823
507000,0.083,0.104,0.813
507500,0.084,0.090,0.826
508000,0.090,0.097,0.813
508500,0.078,0.095,0.827
509000,0.070,0.094,0.836
509500,0.076,0.085,0.840
510000,0.070,0.092,0.838
510500,0.082,0.087,0.831
511000,0.074,0.086,0.841
511500,0.067,0.086,0.847
512000,0.062,0.084,0.854
512500,0.070,0.088,0.842
513000,0.068,0.088,0.844
513500,0.062,0.083,0.855
514000,0.066,0.098,0.836
514500,0.063,0.107,0.829
515000,0.067,0.100,0.832
515500,0.078,0.112,0.810
516000,0.077,0.101,0.822
516500,0.083,0.099,0.818
517000,0.065,0.103,0.831
517500,0.067,0.096,0.837
518000,0.066,0.113,0.820
518500,0.085,0.110,0.805
519000,0.082,0.114,0.804
519500,0.090,0.103,0.807
520000,0.094,0.085,0.821
520500,0.094,0.086,0.820
521000,0.087,0.096,0.817
521500,0.080,0.084,0.837
522000,0.076,0.082,0.843
522500,0.084,0.093,0.823
523000,0.072,0.088,0.841
523500,0.082,0.084,0.835
524000,0.080,0.109,0.811
524500,0.083,0.102,0.815
525000,0.086,0.089,0.825
525500,0.086,0.074,0.841
526000,0.099,0.072,0.829
526500,0.091,0.060,0.849
527000,0.084,0.062,0.854
527500,0.092,0.066,0.842
528000,0.092,0.077,0.831
528500,0.092,0.068,0.840
529000,0.096,0.074,0.830
529500,0.100,0.076,0.824
530000,0.080,0.086,0.835
530500,0.087,0.088,0.825
531000,0.087,0.078,0.836
531500,0.082,0.069,0.849
532000,0.087,0.073,0.841
532500,0.084,0.072,0.845
533000,0.080,0.075,0.846
533500,0.086,0.077,0.838
534000,0.089,0.089,0.822
534500,0.090,0.090,0.820
535000,0.091,0.087,0.822
535500,0.091,0.074,0.836
536000,0.096,0.075,0.829
536500,0.083,0.084,0.834
537000,0.075,0.082,0.844
537500,0.089,0.076,0.836
538000,0.095,0.073,0.832
538500,0.081,0.068,0.851
539000,0.089,0.068,0.843
539500,0.083,0.079,0.839
540000,0.092,0.072,0.837
540500,0.091,0.069,0.840
541000,0.084,0.076,0.841
541500,0.088,0.072,0.841
542000,0.081,0.076,0.844
542500,0.089,0.083,0.828
543000,0.093,0.081,0.826
543500,0.075,0.079,0.847
544000,0.076,0.083,0.842
544500,0.073,0.078,0.850
545000,0.076,0.085,0.840
545500,0.078,0.074,0.849
546000,0.091,0.073,0.837
546500,0.078,0.077,0.846
547000,0.075,0.074,0.852
547500,0.070,0.078,0.852
548000,0.072,0.076,0.853
548500,0.077,0.087,0.837
549000,0.077,0.092,0.831
549500,0.072,0.124,0.805
550000,0.079,0.126,0.796
550500,0.086,0.105,0.809
551000,0.076,0.103,0.821
551500,0.072,0.097,0.831
552000,0.076,0.118,0.806
552500,0.085,0.111,0.804
553000,0.085,0.110,0.805
553500,0.094,0.104,0.802
554000,0.084,0.097,0.819
554500,0.089,0.088,0.823
555000,0.083,0.086,0.831
555500,0.077,0.085,0.839
556000,0.066,0.073,0.861
556500,0.070,0.077,0.853
557000,0.079,0.086,0.836
557500,0.080,0.090,0.830
558000,0.084,0.102,0.814
558500,0.089,0.097,0.814
559000,0.090,0.092,0.818
559500,0.083,0.093,0.824
560000,0.070,0.086,0.844
560500,0.077,0.100,0.823
561000,0.063,0.101,0.836
561500,0.072,0.091,0.838
562000,0.070,0.086,0.844
562500,0.081,0.089,0.830
563000,0.069,0.095,0.836
563500,0.073,0.092,0.836
564000,0.072,0.092,0.837
564500,0.072,0.085,0.844
565000,0.087,0.089,0.824
565500,0.080,0.081,0.840
566000,0.074,0.087,0.840
566500,0.067,0.103,0.829
567000,0.060,0.092,0.848
567500,0.081,0.087,0.832
568000,0.075,0.079,0.847
568500,0.075,0.081,0.845
569000,0.072,0.090,0.839
569500,0.070,0.094,0.836
570000,0.069,0.093,0.838
570500,0.064,0.096,0.840
571000,0.067,0.090,0.843
571500,0.070,0.077,0.853
572000,0.063,0.087,0.850
572500,0.066,0.079,0.855
573000,0.065,0.082,0.853
573500,0.062,0.079,0.859
574000,0.066,0.088,0.846
574500,0.074,0.088,0.839
575000,0.080,0.081,0.840
575500,0.072,0.076,0.853
576000,0.057,0.078,0.865
576500,0.067,0.069,0.863
577000,0.063,0.079,0.858
577500,0.065,0.075,0.860
578000,0.066,0.080,0.854
578500,0.073,0.077,0.851
579000,0.070,0.087,0.843
579500,0.065,0.086,0.849
580000,0.072,0.070,0.858
580500,0.083,0.077,0.841
581000,0.064,0.074,0.862
581500,0.063,0.072,0.865
582000,0.065,0.072,0.863
582500,0.079,0.078,0.844
583000,0.081,0.087,0.832
583500,0.078,0.092,0.830
584000,0.083,0.103,0.814
584500,0.081,0.101,0.818
585000,0.080,0.096,0.824
585500,0.082,0.079,0.840
586000,0.076,0.083,0.842
586500,0.077,0.083,0.841
587000,0.077,0.073,0.851
587500,0.076,0.079,0.846
588000,0.076,0.079,0.846
588500,0.073,0.074,0.854
589000,0.078,0.072,0.851
589500,0.074,0.073,0.854
590000,0.067,0.070,0.862
590500,0.084,0.072,0.845
591000,0.078,0.075,0.848
591500,0.061,0.067,0.871
592000,0.063,0.072,0.865
592500,0.058,0.076,0.866
593000,0.066,0.063,0.870
593500,0.073,0.062,0.865
594000,0.073,0.062,0.865
594500,0.077,0.067,0.856
595000,0.078,0.074,0.849
595500,0.076,0.081,0.844
596000,0.073,0.076,0.852
596500,0.108,0.067,0.824
597000,0.097,0.072,0.831
597500,0.089,0.077,0.835
598000,0.082,0.070,0.848
598500,0.067,0.075,0.858
599000,0.090,0.073,0.838
599500,0.081,0.080,0.840
600000,0.075,0.079,0.847
600500,0.093,0.086,0.821
601000,0.083,0.078,0.840
601500,0.082,0.077,0.842
602000,0.090,0.074,0.837
602500,0.079,0.062,0.859
603000,0.078,0.073,0.850
603500,0.089,0.078,0.834
604000,0.082,0.084,0.835
604500,0.078,0.087,0.836
605000,0.076,0.087,0.838
605500,0.072,0.089,0.840
606000,0.096,0.086,0.818
606500,0.090,0.086,0.824
607000,0.088,0.085,0.827
607500,0.083,0.094,0.823
608000,0.084,0.097,0.819
608500,0.102,0.080,0.818
609000,0.096,0.082,0.822
609500,0.098,0.078,0.824
610000,0.088,0.084,0.828
610500,0.086,0.086,0.828
611000,0.088,0.103,0.809
611500,0.082,0.085,0.834
612000,0.079,0.084,0.838
612500,0.070,0.095,0.835
613000,0.075,0.079,0.847
613500,0.085,0.081,0.835
614000,0.079,0.087,0.835
614500,0.077,0.092,0.831
615000,0.085,0.083,0.832
615500,0.086,0.081,0.834
616000,0.074,0.073,0.854
616500,0.081,0.085,0.835
617000,0.084,0.082,0.835
617500,0.085,0.092,0.823
618000,0.075,0.091,0.835
618500,0.077,0.084,0.840
619000,0.073,0.085,0.843
619500,0.072,0.081,0.848
620000,0.082,0.080,0.839
620500,0.074,0.082,0.845
621000,0.077,0.072,0.852
621500,0.068,0.086,0.846
622000,0.079,0.088,0.834
622500,0.069,0.096,0.835
623000,0.087,0.086,0.827
623500,0.082,0.081,0.838
624000,0.069,0.082,0.849
624500,0.072,0.074,0.855
625000,0.089,0.083,0.828
625500,0.081,0.081,0.839
626000,0.090,0.086,0.824
626500,0.079,0.084,0.838
627000,0.067,0.094,0.839
627500,0.081,0.092,0.827
628000,0.102,0.095,0.803
628500,0.094,0.077,0.829
629000,0.091,0.073,0.837
629500,0.083,0.088,0.829
630000,0.080,0.074,0.847
630500,0.077,0.066,0.857
631000,0.084,0.072,0.845
631500,0.087,0.073,0.841
632000,0.083,0.067,0.850
632500,0.075,0.070,0.855
633000,0.072,0.070,0.858
633500,0.080,0.076,0.845
634000,0.088,0.084,0.828
634500,0.096,0.064,0.840
635000,0.100,0.066,0.834
635500,0.098,0.065,0.837
636000,0.094,0.067,0.839
636500,0.112,0.065,0.822
637000,0.093,0.082,0.825
637500,0.095,0.087,0.818
638000,0.092,0.080,0.828
638500,0.083,0.083,0.835
639000,0.081,0.070,0.849
639500,0.079,0.065,0.856
640000,0.078,0.079,0.844
640500,0.075,0.079,0.847
641000,0.068,0.078,0.854
641500,0.079,0.075,0.847
642000,0.088,0.070,0.842
642500,0.066,0.077,0.857
643000,0.075,0.076,0.850
643500,0.072,0.068,0.860
644000,0.069,0.079,0.852
644500,0.072,0.083,0.846
645000,0.084,0.080,0.837
645500,0.078,0.082,0.841
646000,0.079,0.093,0.828
646500,0.084,0.082,0.835
647000,0.080,0.082,0.839
647500,0.084,0.078,0.839
648000,0.081,0.069,0.850
648500,0.086,0.056,0.858
649000,0.069,0.073,0.858
649500,0.066,0.083,0.851
650000,0.064,0.099,0.837
650500,0.061,0.079,0.860
651000,0.057,0.072,0.871
651500,0.064,0.079,0.857
652000,0.069,0.086,0.845
652500,0.068,0.080,0.852
653000,0.077,0.076,0.848
653500,0.094,0.063,0.843
654000,0.112,0.061,0.826
654500,0.098,0.057,0.845
655000,0.082,0.073,0.846
655500,0.085,0.081,0.835
656000,0.087,0.072,0.842
656500,0.074,0.085,0.842
657000,0.061,0.081,0.858
657500,0.083,0.078,0.840
658000,0.075,0.079,0.847
658500,0.084,0.070,0.846
659000,0.085,0.074,0.842
659500,0.082,0.079,0.840
660000,0.075,0.077,0.849
660500,0.073,0.066,0.861
661000,0.082,0.083,0.836
661500,0.074,0.070,0.856
662000,0.069,0.061,0.869
662500,0.074,0.066,0.860
663000,0.088,0.064,0.848
663500,0.080,0.080,0.841
664000,0.078,0.079,0.844
664500,0.081,0.080,0.840
665000,0.075,0.083,0.843
665500,0.081,0.073,0.847
666000,0.085,0.075,0.841
666500,0.090,0.094,0.816
667000,0.094,0.084,0.822
667500,0.086,0.067,0.847
668000,0.082,0.067,0.851
668500,0.079,0.076,0.846
669000,0.080,0.068,0.852
669500,0.076,0.075,0.850
670000,0.085,0.091,0.824
670500,0.085,0.082,0.834
671000,0.076,0.079,0.846
671500,0.076,0.076,0.849
672000,0.083,0.077,0.841
672500,0.077,0.082,0.842
673000,0.087,0.083,0.830
673500,0.087,0.073,0.841
674000,0.088,0.078,0.835
674500,0.087,0.070,0.843
675000,0.087,0.067,0.846
675500,0.083,0.082,0.836
676000,0.089,0.085,0.826
676500,0.084,0.078,0.839
677000,0.070,0.072,0.858
677500,0.076,0.070,0.854
678000,0.077,0.095,0.828
678500,0.074,0.099,0.827
679000,0.075,0.096,0.829
679500,0.078,0.074,0.849
680000,0.066,0.086,0.848
680500,0.093,0.091,0.816
681000,0.076,0.080,0.845
681500,0.068,0.084,0.848
682000,0.073,0.085,0.843
682500,0.084,0.081,0.836
683000,0.075,0.069,0.856
683500,0.076,0.074,0.851
684000,0.082,0.068,0.850
684500,0.087,0.066,0.847
685000,0.081,0.077,0.843
685500,0.108,0.072,0.820
686000,0.113,0.068,0.818
686500,0.116,0.092,0.792
687000,0.094,0.097,0.809
687500,0.079,0.108,0.813
688000,0.074,0.105,0.821
688500,0.067,0.088,0.845
689000,0.066,0.090,0.844
689500,0.066,0.084,0.850
690000,0.066,0.082,0.852
690500,0.076,0.086,0.839
691000,0.059,0.088,0.853
691500,0.074,0.075,0.852
692000,0.075,0.074,0.852
692500,0.072,0.084,0.845
693000,0.076,0.080,0.845
693500,0.077,0.079,0.845
694000,0.078,0.076,0.847
694500,0.083,0.075,0.843
695000,0.075,0.070,0.855
695500,0.070,0.068,0.861
696000,0.078,0.074,0.849
696500,0.068,0.078,0.854
697000,0.068,0.077,0.855
697500,0.069,0.075,0.856
698000,0.068,0.072,0.860
698500,0.090,0.084,0.826
699000,0.085,0.080,0.836
699500,0.085,0.083,0.832
700000,0.086,0.091,0.823
700500,0.086,0.078,0.837
701000,0.085,0.081,0.835
701500,0.082,0.103,0.815
702000,0.083,0.088,0.829
702500,0.085,0.082,0.834
703000,0.097,0.092,0.811
703500,0.090,0.083,0.827
704000,0.094,0.081,0.825
704500,0.093,0.090,0.817
705000,0.084,0.078,0.839
705500,0.085,0.074,0.842
706000,0.087,0.076,0.838
706500,0.084,0.074,0.843
707000,0.084,0.070,0.846
707500,0.078,0.069,0.853
708000,0.080,0.065,0.855
708500,0.080,0.084,0.837
709000,0.086,0.072,0.843
709500,0.095,0.078,0.827
710000,0.082,0.070,0.848
710500,0.093,0.069,0.838
711000,0.095,0.061,0.844
711500,0.091,0.063,0.846
712000,0.092,0.068,0.840
712500,0.089,0.070,0.841
713000,0.089,0.075,0.837
713500,0.108,0.070,0.821
714000,0.107,0.056,0.837
714500,0.106,0.054,0.840
715000,0.106,0.067,0.826
715500,0.089,0.064,0.847
716000,0.092,0.053,0.855
716500,0.099,0.057,0.844
717000,0.088,0.053,0.859
717500,0.083,0.060,0.857
718000,0.084,0.066,0.850
718500,0.074,0.054,0.872
719000,0.081,0.055,0.864
719500,0.082,0.059,0.859
720000,0.078,0.072,0.851
720500,0.084,0.093,0.823
721000,0.087,0.076,0.838
721500,0.088,0.074,0.839
722000,0.100,0.069,0.830
722500,0.093,0.065,0.842
723000,0.089,0.068,0.843
723500,0.093,0.078,0.829
724000,0.084,0.072,0.845
724500,0.084,0.063,0.853
725000,0.077,0.063,0.860
725500,0.074,0.070,0.856
726000,0.073,0.067,0.860
726500,0.077,0.066,0.857
727000,0.080,0.057,0.863
727500,0.081,0.065,0.854
728000,0.092,0.070,0.838
728500,0.091,0.083,0.826
729000,0.089,0.095,0.816
729500,0.090,0.091,0.819
730000,0.089,0.087,0.824
730500,0.088,0.075,0.838
731000,0.088,0.065,0.847
731500,0.105,0.060,0.835
732000,0.093,0.073,0.835
732500,0.083,0.077,0.841
733000,0.091,0.082,0.827
733500,0.086,0.073,0.842
734000,0.079,0.073,0.849
734500,0.084,0.096,0.820
735000,0.078,0.099,0.823
735500,0.079,0.100,0.821
736000,0.078,0.097,0.825
736500,0.073,0.085,0.843
737000,0.073,0.084,0.844
737500,0.073,0.070,0.857
738000,0.082,0.059,0.859
738500,0.068,0.070,0.861
739000,0.075,0.074,0.852
739500,0.075,0.077,0.849
740000,0.070,0.087,0.843
740500,0.067,0.075,0.858
741000,0.064,0.078,0.858
741500,0.064,0.092,0.844
742000,0.068,0.087,0.845
742500,0.067,0.083,0.850
743000,0.065,0.074,0.861
743500,0.070,0.073,0.857
744000,0.072,0.063,0.865
744500,0.069,0.063,0.867
745000,0.078,0.070,0.852
745500,0.081,0.076,0.844
746000,0.097,0.090,0.813
746500,0.096,0.091,0.813
747000,0.086,0.093,0.821
747500,0.069,0.092,0.839
748000,0.084,0.090,0.826
748500,0.084,0.098,0.818
749000,0.076,0.095,0.829
749500,0.076,0.097,0.827
750000,0.075,0.090,0.836
750500,0.095,0.087,0.818
751000,0.085,0.078,0.838
751500,0.087,0.083,0.830
752000,0.083,0.073,0.845
752500,0.089,0.076,0.836
753000,0.088,0.076,0.837
753500,0.083,0.073,0.845
754000,0.087,0.069,0.844
754500,0.093,0.073,0.835
755000,0.090,0.077,0.834
755500,0.088,0.068,0.844
756000,0.094,0.084,0.822
756500,0.096,0.086,0.818
757000,0.088,0.073,0.840
757500,0.078,0.079,0.844
758000,0.075,0.073,0.853
758500,0.079,0.075,0.847
759000,0.087,0.060,0.853
759500,0.078,0.072,0.851
760000,0.086,0.091,0.823
760500,0.089,0.083,0.828
761000,0.084,0.079,0.838
761500,0.089,0.080,0.831
762000,0.078,0.076,0.847
762500,0.084,0.077,0.840
763000,0.099,0.068,0.832
763500,0.090,0.078,0.832
764000,0.112,0.078,0.810
764500,0.101,0.079,0.820
765000,0.083,0.076,0.842
765500,0.079,0.075,0.847
766000,0.100,0.067,0.832
766500,0.106,0.061,0.832
767000,0.099,0.068,0.832
767500,0.103,0.075,0.822
768000,0.095,0.073,0.832
768500,0.097,0.079,0.824
769000,0.097,0.066,0.837
769500,0.094,0.065,0.841
770000,0.087,0.065,0.848
770500,0.088,0.066,0.846
771000,0.076,0.079,0.846
771500,0.085,0.081,0.835
772000,0.077,0.081,0.843
772500,0.073,0.087,0.841
773000,0.073,0.074,0.854
773500,0.082,0.082,0.837
774000,0.083,0.077,0.841
774500,0.080,0.074,0.847
775000,0.086,0.079,0.836
775500,0.079,0.086,0.836
776000,0.098,0.090,0.812
776500,0.086,0.088,0.826
777000,0.077,0.095,0.828
777500,0.084,0.089,0.827
778000,0.098,0.081,0.821
778500,0.094,0.079,0.827
779000,0.095,0.076,0.829
779500,0.090,0.078,0.832
780000,0.092,0.076,0.832
780500,0.092,0.073,0.836
781000,0.095,0.070,0.835
781500,0.118,0.070,0.811
782000,0.116,0.063,0.820
782500,0.100,0.076,0.824
783000,0.110,0.066,0.823
783500,0.094,0.062,0.844
784000,0.092,0.075,0.834
784500,0.080,0.067,0.853
785000,0.081,0.063,0.856
785500,0.092,0.065,0.843
786000,0.105,0.064,0.830
786500,0.092,0.068,0.840
787000,0.107,0.070,0.822
787500,0.099,0.067,0.834
788000,0.098,0.074,0.828
788500,0.104,0.076,0.820
789000,0.098,0.087,0.815
789500,0.112,0.093,0.795
790000,0.103,0.081,0.816
790500,0.091,0.093,0.816
791000,0.096,0.082,0.822
791500,0.096,0.074,0.830
792000,0.094,0.073,0.834
792500,0.095,0.066,0.839
793000,0.088,0.070,0.842
793500,0.079,0.070,0.851
794000,0.095,0.067,0.838
794500,0.091,0.068,0.841
795000,0.088,0.065,0.847
795500,0.082,0.073,0.846
796000,0.083,0.082,0.836
796500,0.084,0.070,0.846
797000,0.081,0.086,0.834
797500,0.088,0.080,0.832
798000,0.094,0.073,0.834
798500,0.096,0.075,0.829
799000,0.090,0.072,0.839
799500,0.105,0.074,0.821
800000,0.101,0.069,0.829
800500,0.097,0.065,0.838
801000,0.086,0.067,0.847
801500,0.081,0.067,0.852
802000,0.089,0.068,0.843
802500,0.092,0.062,0.846
803000,0.091,0.055,0.854
803500,0.086,0.060,0.854
804000,0.092,0.073,0.836
804500,0.101,0.073,0.826
805000,0.093,0.068,0.839
805500,0.101,0.067,0.831
806000,0.092,0.073,0.836
806500,0.104,0.062,0.834
807000,0.105,0.058,0.837
807500,0.106,0.065,0.828
808000,0.113,0.059,0.827
808500,0.112,0.062,0.825
809000,0.096,0.072,0.832
809500,0.088,0.066,0.846
810000,0.090,0.065,0.845
810500,0.089,0.074,0.838
811000,0.079,0.081,0.841
811500,0.085,0.073,0.843
812000,0.094,0.069,0.837
812500,0.094,0.077,0.829
813000,0.089,0.062,0.849
813500,0.118,0.059,0.822
814000,0.110,0.069,0.820
814500,0.113,0.064,0.822
815000,0.112,0.068,0.819
815500,0.101,0.078,0.821
816000,0.100,0.069,0.830
816500,0.097,0.076,0.827
817000,0.116,0.067,0.816
817500,0.102,0.063,0.835
818000,0.102,0.067,0.830
818500,0.096,0.062,0.842
819000,0.098,0.060,0.842
819500,0.087,0.058,0.855
820000,0.104,0.078,0.818
820500,0.098,0.075,0.827
821000,0.104,0.075,0.821
821500,0.115,0.066,0.818
822000,0.102,0.060,0.838
822500,0.108,0.060,0.831
823000,0.101,0.075,0.824
823500,0.098,0.068,0.834
824000,0.099,0.059,0.842
824500,0.111,0.068,0.820
825000,0.106,0.070,0.823
825500,0.095,0.067,0.838
826000,0.084,0.083,0.834
826500,0.090,0.079,0.831
827000,0.083,0.065,0.852
827500,0.096,0.066,0.838
828000,0.102,0.066,0.831
828500,0.105,0.070,0.824
829000,0.103,0.061,0.836
829500,0.099,0.061,0.840
830000,0.097,0.062,0.841
830500,0.106,0.063,0.830
831000,0.113,0.063,0.823
831500,0.112,0.064,0.823
832000,0.095,0.067,0.838
832500,0.098,0.067,0.835
833000,0.110,0.073,0.817
833500,0.104,0.076,0.820
834000,0.094,0.078,0.828
834500,0.090,0.076,0.835
835000,0.085,0.079,0.837
835500,0.095,0.072,0.834
836000,0.090,0.070,0.840
836500,0.108,0.076,0.816
837000,0.108,0.072,0.820
837500,0.098,0.065,0.837
838000,0.089,0.063,0.848
838500,0.082,0.069,0.849
839000,0.087,0.068,0.845
839500,0.084,0.078,0.839
840000,0.098,0.076,0.826
840500,0.078,0.070,0.852
841000,0.082,0.066,0.852
841500,0.088,0.069,0.843
842000,0.101,0.065,0.834
842500,0.097,0.063,0.840
843000,0.100,0.069,0.830
843500,0.095,0.076,0.829
844000,0.085,0.072,0.844
844500,0.108,0.070,0.821
845000,0.102,0.069,0.828
845500,0.085,0.078,0.838
846000,0.089,0.083,0.828
846500,0.086,0.076,0.839
847000,0.096,0.070,0.834
847500,0.087,0.120,0.794
848000,0.092,0.110,0.798
848500,0.105,0.096,0.799
849000,0.105,0.092,0.803
849500,0.101,0.083,0.816
850000,0.109,0.080,0.811
850500,0.093,0.084,0.823
851000,0.094,0.080,0.826
851500,0.088,0.078,0.835
852000,0.087,0.076,0.838
852500,0.078,0.069,0.853
853000,0.086,0.069,0.845
853500,0.085,0.066,0.849
854000,0.081,0.066,0.853
854500,0.095,0.066,0.839
855000,0.100,0.061,0.839
855500,0.106,0.061,0.832
856000,0.112,0.070,0.817
856500,0.101,0.067,0.831
857000,0.114,0.066,0.819
857500,0.096,0.066,0.838
858000,0.102,0.067,0.830
858500,0.091,0.081,0.828
859000,0.088,0.067,0.845
859500,0.090,0.067,0.843
860000,0.077,0.061,0.862
860500,0.107,0.060,0.832
861000,0.104,0.064,0.831
861500,0.112,0.068,0.819
862000,0.104,0.061,0.835
862500,0.108,0.059,0.832
863000,0.097,0.067,0.836
863500,0.099,0.079,0.822
864000,0.091,0.056,0.853
864500,0.087,0.053,0.860
865000,0.083,0.067,0.850
865500,0.081,0.068,0.851
866000,0.075,0.068,0.857
866500,0.082,0.065,0.853
867000,0.086,0.073,0.842
867500,0.078,0.078,0.845
868000,0.066,0.077,0.857
868500,0.075,0.076,0.850
869000,0.080,0.069,0.851
869500,0.073,0.081,0.847
870000,0.089,0.069,0.842
870500,0.090,0.069,0.841
871000,0.081,0.075,0.845
871500,0.079,0.073,0.849
872000,0.064,0.079,0.857
872500,0.082,0.076,0.843
873000,0.083,0.069,0.848
873500,0.083,0.068,0.849
874000,0.085,0.064,0.851
874500,0.083,0.062,0.855
875000,0.084,0.074,0.843
875500,0.086,0.079,0.836
876000,0.087,0.093,0.820
876500,0.079,0.085,0.837
877000,0.088,0.097,0.815
877500,0.089,0.078,0.834
878000,0.095,0.084,0.821
878500,0.098,0.082,0.820
879000,0.093,0.083,0.824
879500,0.090,0.081,0.829
880000,0.086,0.087,0.827
880500,0.075,0.077,0.849
881000,0.076,0.078,0.847
881500,0.074,0.075,0.852
882000,0.086,0.073,0.842
882500,0.079,0.076,0.846
883000,0.085,0.070,0.845
883500,0.102,0.076,0.822
884000,0.095,0.077,0.828
884500,0.091,0.075,0.835
885000,0.089,0.062,0.849
885500,0.094,0.062,0.844
886000,0.092,0.077,0.831
886500,0.134,0.079,0.788
887000,0.115,0.070,0.814
887500,0.090,0.074,0.837
888000,0.084,0.080,0.837
888500,0.110,0.081,0.809
889000,0.107,0.081,0.812
889500,0.113,0.084,0.803
890000,0.108,0.109,0.782
890500,0.089,0.113,0.798
891000,0.087,0.108,0.805
891500,0.082,0.100,0.818
892000,0.085,0.096,0.819
892500,0.086,0.086,0.828
893000,0.089,0.080,0.831
893500,0.097,0.082,0.821
894000,0.090,0.076,0.835
894500,0.109,0.081,0.810
895000,0.100,0.086,0.814
895500,0.095,0.089,0.816
896000,0.112,0.077,0.811
896500,0.124,0.079,0.798
897000,0.126,0.085,0.790
897500,0.114,0.084,0.802
898000,0.111,0.075,0.814
898500,0.096,0.080,0.824
899000,0.105,0.080,0.815
899500,0.103,0.082,0.815
900000,0.099,0.073,0.828
900500,0.120,0.074,0.807
901000,0.103,0.063,0.834
901500,0.098,0.070,0.831
902000,0.094,0.063,0.843
902500,0.090,0.064,0.846
903000,0.090,0.078,0.832
903500,0.083,0.072,0.846
904000,0.088,0.074,0.839
904500,0.084,0.079,0.838
905000,0.091,0.077,0.832
905500,0.085,0.076,0.840
906000,0.090,0.075,0.836
906500,0.081,0.078,0.842
907000,0.091,0.076,0.834
907500,0.088,0.078,0.835
908000,0.101,0.076,0.823
908500,0.097,0.083,0.820
909000,0.105,0.080,0.815
909500,0.092,0.079,0.829
910000,0.086,0.077,0.838
910500,0.087,0.081,0.832
911000,0.081,0.092,0.827
911500,0.081,0.075,0.845
912000,0.080,0.079,0.842
912500,0.092,0.070,0.838
913000,0.094,0.067,0.839
913500,0.094,0.065,0.841
914000,0.088,0.068,0.844
914500,0.079,0.068,0.853
915000,0.079,0.078,0.844
915500,0.083,0.075,0.843
916000,0.086,0.068,0.846
916500,0.099,0.069,0.831
917000,0.099,0.075,0.826
917500,0.121,0.068,0.811
918000,0.108,0.070,0.821
918500,0.096,0.074,0.830
919000,0.103,0.069,0.827
919500,0.112,0.062,0.825
920000,0.098,0.065,0.837
920500,0.090,0.066,0.844
921000,0.085,0.070,0.845
921500,0.085,0.077,0.839
922000,0.079,0.082,0.840
922500,0.075,0.081,0.845
923000,0.100,0.079,0.821
923500,0.104,0.076,0.820
924000,0.105,0.078,0.817
924500,0.096,0.075,0.829
925000,0.090,0.082,0.828
925500,0.087,0.080,0.834
926000,0.086,0.096,0.818
926500,0.091,0.092,0.817
927000,0.099,0.076,0.825
927500,0.089,0.080,0.831
928000,0.091,0.093,0.816
928500,0.093,0.085,0.822
929000,0.101,0.088,0.811
929500,0.088,0.082,0.830
930000,0.091,0.086,0.823
930500,0.098,0.084,0.818
931000,0.098,0.069,0.832
931500,0.091,0.069,0.840
932000,0.103,0.065,0.831
932500,0.097,0.065,0.838
933000,0.100,0.066,0.834
933500,0.095,0.077,0.828
934000,0.083,0.074,0.844
934500,0.090,0.078,0.832
935000,0.083,0.092,0.825
935500,0.091,0.087,0.822
936000,0.085,0.074,0.842
936500,0.093,0.073,0.835
937000,0.096,0.072,0.832
937500,0.093,0.084,0.823
938000,0.109,0.089,0.802
938500,0.126,0.076,0.799
939000,0.098,0.064,0.838
939500,0.096,0.065,0.839
940000,0.104,0.062,0.834
940500,0.106,0.083,0.811
941000,0.105,0.085,0.810
941500,0.103,0.087,0.810
942000,0.097,0.070,0.832
942500,0.106,0.076,0.818
943000,0.102,0.081,0.817
943500,0.117,0.075,0.808
944000,0.130,0.075,0.796
944500,0.113,0.069,0.817
945000,0.108,0.067,0.824
945500,0.112,0.061,0.826
946000,0.097,0.073,0.830
946500,0.090,0.062,0.848
947000,0.086,0.063,0.851
947500,0.099,0.064,0.837
948000,0.117,0.066,0.816
948500,0.112,0.086,0.802
949000,0.105,0.084,0.811
949500,0.098,0.073,0.829
950000,0.097,0.078,0.825
950500,0.084,0.070,0.846
951000,0.089,0.075,0.837
951500,0.103,0.061,0.836
952000,0.102,0.060,0.838
952500,0.103,0.074,0.823
953000,0.099,0.082,0.819
953500,0.108,0.072,0.820
954000,0.102,0.077,0.821
954500,0.117,0.079,0.804
955000,0.111,0.073,0.816
955500,0.107,0.064,0.828
956000,0.116,0.060,0.823
956500,0.098,0.069,0.832
957000,0.089,0.064,0.847
957500,0.096,0.068,0.836
958000,0.098,0.073,0.829
958500,0.120,0.090,0.791
959000,0.116,0.079,0.805
959500,0.102,0.083,0.815
960000,0.092,0.083,0.825
960500,0.090,0.098,0.812
961000,0.089,0.086,0.825
961500,0.083,0.068,0.849
962000,0.088,0.070,0.842
962500,0.094,0.062,0.844
963000,0.093,0.086,0.821
963500,0.101,0.064,0.835
964000,0.095,0.077,0.828
964500,0.086,0.078,0.837
965000,0.089,0.064,0.847
965500,0.090,0.074,0.837
966000,0.090,0.068,0.842
966500,0.089,0.073,0.839
967000,0.081,0.077,0.843
967500,0.082,0.057,0.861
968000,0.087,0.063,0.850
968500,0.084,0.055,0.861
969000,0.100,0.066,0.834
969500,0.102,0.078,0.820
970000,0.103,0.067,0.829
970500,0.120,0.062,0.818
971000,0.108,0.074,0.818
971500,0.107,0.065,0.827
972000,0.095,0.069,0.836
972500,0.092,0.064,0.844
973000,0.094,0.064,0.842
973500,0.103,0.065,0.831
974000,0.084,0.068,0.848
974500,0.089,0.075,0.837
975000,0.097,0.075,0.828
975500,0.102,0.064,0.834
976000,0.094,0.056,0.850
976500,0.094,0.055,0.851
977000,0.088,0.068,0.844
977500,0.101,0.058,0.841
978000,0.093,0.057,0.850
978500,0.086,0.073,0.842
979000,0.076,0.065,0.859
979500,0.076,0.072,0.853
980000,0.082,0.072,0.847
980500,0.098,0.060,0.842
981000,0.093,0.061,0.846
981500,0.102,0.057,0.841
982000,0.095,0.058,0.847
982500,0.100,0.062,0.838
983000,0.102,0.068,0.829
983500,0.095,0.075,0.830
984000,0.080,0.062,0.858
984500,0.088,0.057,0.855
985000,0.096,0.057,0.847
985500,0.110,0.055,0.835
986000,0.086,0.063,0.851
986500,0.086,0.076,0.839
987000,0.091,0.072,0.838
987500,0.086,0.072,0.843
988000,0.097,0.074,0.829
988500,0.110,0.064,0.825
989000,0.110,0.066,0.823
989500,0.087,0.070,0.843
990000,0.087,0.073,0.841
990500,0.084,0.075,0.842
991000,0.085,0.066,0.849
991500,0.086,0.079,0.836
992000,0.091,0.090,0.819
992500,0.088,0.089,0.823
993000,0.090,0.073,0.838
993500,0.092,0.072,0.837
994000,0.091,0.067,0.842
994500,0.095,0.069,0.836
995000,0.094,0.067,0.839
995500,0.091,0.068,0.841
996000,0.099,0.073,0.828
996500,0.089,0.099,0.812
997000,0.085,0.091,0.824
997500,0.079,0.078,0.844
998000,0.076,0.081,0.844
998500,0.080,0.084,0.837
999000,0.085,0.085,0.830
999500,0.090,0.081,0.829
1000000,0.087,0.084,0.829
