time,n_A+p,n_B,n_AB
0,0.450,0.550,0.000
500,0.317,0.458,0.226
1000,0.324,0.368,0.308
1500,0.258,0.411,0.331
2000,0.242,0.392,0.366
2500,0.249,0.403,0.348
3000,0.192,0.446,0.363
3500,0.169,0.473,0.358
4000,0.163,0.463,0.374
4500,0.204,0.392,0.404
5000,0.257,0.347,0.396
5500,0.253,0.371,0.377
6000,0.235,0.365,0.400
6500,0.212,0.337,0.451
7000,0.251,0.317,0.432
7500,0.240,0.346,0.414
8000,0.256,0.312,0.432
8500,0.302,0.248,0.451
9000,0.354,0.250,0.396
9500,0.293,0.269,0.437
10000,0.345,0.229,0.425
10500,0.308,0.237,0.455
11000,0.347,0.222,0.431
11500,0.313,0.259,0.428
12000,0.290,0.253,0.457
12500,0.240,0.299,0.461
13000,0.289,0.237,0.474
13500,0.296,0.267,0.437
14000,0.266,0.316,0.418
14500,0.284,0.276,0.440
15000,0.260,0.249,0.491
15500,0.321,0.272,0.407
16000,0.292,0.256,0.453
16500,0.286,0.307,0.407
17000,0.253,0.303,0.444
17500,0.242,0.319,0.439
18000,0.274,0.306,0.421
18500,0.359,0.229,0.412
19000,0.311,0.235,0.454
19500,0.305,0.232,0.463
20000,0.352,0.208,0.439
20500,0.353,0.201,0.446
21000,0.293,0.241,0.466
21500,0.288,0.271,0.441
22000,0.325,0.233,0.442
22500,0.283,0.265,0.452
23000,0.298,0.279,0.423
23500,0.261,0.311,0.428
24000,0.236,0.299,0.465
24500,0.248,0.290,0.462
25000,0.264,0.245,0.491
25500,0.254,0.274,0.472
26000,0.267,0.262,0.471
26500,0.264,0.272,0.464
27000,0.253,0.302,0.445
27500,0.280,0.281,0.439
28000,0.288,0.285,0.427
28500,0.334,0.258,0.409
29000,0.267,0.344,0.389
29500,0.281,0.309,0.410
30000,0.235,0.380,0.386
30500,0.230,0.386,0.384
31000,0.178,0.419,0.403
31500,0.194,0.413,0.393
32000,0.218,0.359,0.423
32500,0.198,0.374,0.428
33000,0.176,0.391,0.433
33500,0.161,0.413,0.427
34000,0.203,0.421,0.376
34500,0.238,0.367,0.395
35000,0.251,0.318,0.431
35500,0.270,0.324,0.406
36000,0.256,0.308,0.435
36500,0.277,0.297,0.425
37000,0.283,0.353,0.364
37500,0.285,0.292,0.423
38000,0.258,0.340,0.402
38500,0.220,0.345,0.435
39000,0.230,0.332,0.438
39500,0.224,0.327,0.449
40000,0.233,0.385,0.382
40500,0.230,0.345,0.425
41000,0.257,0.300,0.443
41500,0.251,0.311,0.438
42000,0.281,0.282,0.437
42500,0.285,0.295,0.420
43000,0.278,0.289,0.433
43500,0.304,0.271,0.425
44000,0.339,0.228,0.433
44500,0.341,0.240,0.419
45000,0.348,0.243,0.409
45500,0.328,0.245,0.427
46000,0.328,0.206,0.466
46500,0.324,0.243,0.434
47000,0.294,0.237,0.469
47500,0.308,0.260,0.432
48000,0.258,0.334,0.409
48500,0.257,0.327,0.416
49000,0.268,0.294,0.438
49500,0.333,0.226,0.441
50000,0.360,0.230,0.410
50500,0.332,0.237,0.431
51000,0.371,0.227,0.402
51500,0.350,0.264,0.386
52000,0.333,0.242,0.425
52500,0.244,0.317,0.438
53000,0.318,0.260,0.422
53500,0.309,0.236,0.455
54000,0.357,0.204,0.439
54500,0.349,0.194,0.456
55000,0.353,0.249,0.398
55500,0.315,0.227,0.458
56000,0.296,0.242,0.463
56500,0.317,0.250,0.433
57000,0.351,0.236,0.413
57500,0.298,0.288,0.414
58000,0.251,0.285,0.463
58500,0.212,0.350,0.438
59000,0.190,0.360,0.451
59500,0.187,0.441,0.372
60000,0.217,0.363,0.420
60500,0.168,0.381,0.452
61000,0.203,0.384,0.414
61500,0.212,0.325,0.463
62000,0.244,0.318,0.438
62500,0.237,0.334,0.428
63000,0.216,0.360,0.424
63500,0.208,0.338,0.453
64000,0.243,0.315,0.442
64500,0.243,0.314,0.443
65000,0.302,0.281,0.417
65500,0.294,0.292,0.414
66000,0.236,0.321,0.443
66500,0.253,0.338,0.410
67000,0.251,0.307,0.441
67500,0.188,0.363,0.449
68000,0.192,0.356,0.452
68500,0.256,0.286,0.458
69000,0.235,0.282,0.483
69500,0.279,0.263,0.458
70000,0.283,0.298,0.419
70500,0.307,0.275,0.418
71000,0.308,0.251,0.441
71500,0.347,0.267,0.385
72000,0.324,0.257,0.419
72500,0.302,0.251,0.447
73000,0.371,0.235,0.393
73500,0.400,0.198,0.402
74000,0.364,0.207,0.429
74500,0.336,0.221,0.443
75000,0.322,0.209,0.469
75500,0.313,0.261,0.427
76000,0.370,0.200,0.430
76500,0.306,0.225,0.470
77000,0.353,0.203,0.444
77500,0.331,0.181,0.488
78000,0.288,0.260,0.452
78500,0.264,0.303,0.434
79000,0.264,0.317,0.419
79500,0.364,0.212,0.424
80000,0.291,0.247,0.462
80500,0.228,0.316,0.456
81000,0.230,0.356,0.414
81500,0.281,0.329,0.390
82000,0.239,0.349,0.412
82500,0.228,0.347,0.425
83000,0.237,0.388,0.375
83500,0.209,0.381,0.410
84000,0.205,0.345,0.450
84500,0.168,0.426,0.406
85000,0.164,0.445,0.391
85500,0.146,0.480,0.374
86000,0.171,0.446,0.383
86500,0.166,0.417,0.417
87000,0.131,0.474,0.395
87500,0.239,0.331,0.430
88000,0.211,0.343,0.446
88500,0.252,0.317,0.431
89000,0.306,0.292,0.402
89500,0.281,0.271,0.448
90000,0.295,0.267,0.438
90500,0.347,0.247,0.405
91000,0.349,0.219,0.432
91500,0.277,0.264,0.459
92000,0.258,0.295,0.447
92500,0.305,0.257,0.438
93000,0.283,0.303,0.414
93500,0.247,0.331,0.422
94000,0.280,0.282,0.438
94500,0.315,0.233,0.452
95000,0.296,0.260,0.444
95500,0.294,0.216,0.490
96000,0.300,0.243,0.456
96500,0.273,0.254,0.473
97000,0.314,0.224,0.462
97500,0.281,0.304,0.415
98000,0.278,0.282,0.439
98500,0.282,0.312,0.406
99000,0.246,0.359,0.395
99500,0.237,0.334,0.428
100000,0.243,0.314,0.442
100500,0.251,0.320,0.429
101000,0.262,0.305,0.433
101500,0.328,0.246,0.426
102000,0.317,0.239,0.444
102500,0.297,0.267,0.436
103000,0.247,0.289,0.463
103500,0.214,0.284,0.502
104000,0.164,0.335,0.501
104500,0.226,0.353,0.421
105000,0.230,0.313,0.458
105500,0.301,0.299,0.400
106000,0.256,0.335,0.410
106500,0.215,0.340,0.445
107000,0.251,0.344,0.405
107500,0.292,0.254,0.454
108000,0.288,0.256,0.456
108500,0.280,0.282,0.438
109000,0.283,0.266,0.451
109500,0.266,0.296,0.438
110000,0.281,0.320,0.399
110500,0.261,0.361,0.378
111000,0.279,0.318,0.403
111500,0.279,0.341,0.380
112000,0.261,0.303,0.437
112500,0.295,0.271,0.434
113000,0.312,0.271,0.417
113500,0.357,0.222,0.420
114000,0.293,0.300,0.406
114500,0.311,0.257,0.432
115000,0.334,0.221,0.445
115500,0.322,0.214,0.463
116000,0.289,0.291,0.420
116500,0.258,0.287,0.455
117000,0.272,0.345,0.382
117500,0.272,0.310,0.418
118000,0.309,0.271,0.420
118500,0.257,0.303,0.440
119000,0.306,0.285,0.410
119500,0.306,0.259,0.435
120000,0.348,0.231,0.421
120500,0.293,0.295,0.412
121000,0.367,0.229,0.403
121500,0.334,0.241,0.425
122000,0.338,0.239,0.423
122500,0.360,0.239,0.401
123000,0.308,0.314,0.378
123500,0.303,0.307,0.390
124000,0.285,0.265,0.449
124500,0.344,0.217,0.439
125000,0.392,0.205,0.403
125500,0.354,0.194,0.452
126000,0.384,0.210,0.406
126500,0.416,0.193,0.391
127000,0.332,0.236,0.431
127500,0.327,0.226,0.447
128000,0.276,0.235,0.490
128500,0.297,0.217,0.486
129000,0.294,0.229,0.477
129500,0.318,0.263,0.419
130000,0.327,0.226,0.447
130500,0.367,0.193,0.441
131000,0.382,0.159,0.459
131500,0.400,0.163,0.437
132000,0.308,0.241,0.451
132500,0.345,0.236,0.420
133000,0.375,0.202,0.423
133500,0.343,0.187,0.470
134000,0.305,0.241,0.454
134500,0.313,0.249,0.438
135000,0.321,0.251,0.428
135500,0.319,0.251,0.430
136000,0.258,0.310,0.431
136500,0.289,0.264,0.448
137000,0.354,0.209,0.437
137500,0.360,0.212,0.428
138000,0.349,0.194,0.458
138500,0.285,0.263,0.452
139000,0.310,0.247,0.442
139500,0.331,0.240,0.429
140000,0.308,0.260,0.432
140500,0.359,0.262,0.380
141000,0.282,0.323,0.395
141500,0.271,0.331,0.398
142000,0.300,0.284,0.416
142500,0.306,0.262,0.432
143000,0.325,0.271,0.405
143500,0.240,0.340,0.420
144000,0.200,0.384,0.417
144500,0.236,0.341,0.423
145000,0.204,0.381,0.414
145500,0.285,0.296,0.419
146000,0.220,0.310,0.470
146500,0.234,0.329,0.437
147000,0.193,0.349,0.458
147500,0.212,0.335,0.452
148000,0.235,0.275,0.490
148500,0.248,0.289,0.463
149000,0.272,0.251,0.477
149500,0.268,0.291,0.441
150000,0.258,0.336,0.405
150500,0.225,0.356,0.419
151000,0.243,0.382,0.375
151500,0.273,0.336,0.391
152000,0.264,0.324,0.412
152500,0.256,0.337,0.407
153000,0.190,0.381,0.428
153500,0.197,0.432,0.371
154000,0.167,0.435,0.398
154500,0.212,0.384,0.405
155000,0.216,0.332,0.452
155500,0.239,0.303,0.459
156000,0.251,0.343,0.406
156500,0.240,0.329,0.431
157000,0.240,0.376,0.384
157500,0.304,0.310,0.386
158000,0.307,0.277,0.416
158500,0.263,0.325,0.412
159000,0.236,0.342,0.422
159500,0.249,0.293,0.459
160000,0.250,0.307,0.442
160500,0.293,0.256,0.451
161000,0.320,0.220,0.460
161500,0.247,0.353,0.399
162000,0.272,0.325,0.403
162500,0.274,0.318,0.408
163000,0.269,0.306,0.425
163500,0.279,0.278,0.443
164000,0.341,0.256,0.403
164500,0.306,0.241,0.453
165000,0.302,0.299,0.399
165500,0.264,0.266,0.470
166000,0.209,0.328,0.463
166500,0.246,0.339,0.415
167000,0.217,0.379,0.404
167500,0.196,0.373,0.431
168000,0.264,0.315,0.421
168500,0.209,0.324,0.467
169000,0.289,0.253,0.458
169500,0.293,0.277,0.430
170000,0.346,0.271,0.382
170500,0.359,0.215,0.425
171000,0.400,0.208,0.392
171500,0.431,0.189,0.380
172000,0.387,0.205,0.408
172500,0.395,0.191,0.414
173000,0.478,0.156,0.366
173500,0.324,0.226,0.449
174000,0.294,0.277,0.429
174500,0.276,0.293,0.431
175000,0.294,0.328,0.378
175500,0.222,0.356,0.422
176000,0.242,0.281,0.477
176500,0.240,0.289,0.471
177000,0.236,0.333,0.431
177500,0.251,0.343,0.406
178000,0.230,0.330,0.440
178500,0.205,0.398,0.397
179000,0.197,0.373,0.430
179500,0.246,0.338,0.416
180000,0.224,0.301,0.475
180500,0.268,0.288,0.444
181000,0.292,0.263,0.445
181500,0.326,0.253,0.421
182000,0.288,0.253,0.459
182500,0.210,0.380,0.410
183000,0.236,0.358,0.406
183500,0.241,0.296,0.463
184000,0.214,0.343,0.443
184500,0.235,0.328,0.437
185000,0.233,0.331,0.436
185500,0.225,0.341,0.434
186000,0.247,0.308,0.444
186500,0.242,0.338,0.420
187000,0.264,0.289,0.446
187500,0.246,0.360,0.394
188000,0.224,0.347,0.428
188500,0.237,0.319,0.444
189000,0.208,0.339,0.453
189500,0.219,0.344,0.437
190000,0.204,0.339,0.457
190500,0.203,0.368,0.429
191000,0.181,0.374,0.445
191500,0.198,0.356,0.445
192000,0.279,0.300,0.421
192500,0.247,0.306,0.448
193000,0.261,0.330,0.409
193500,0.259,0.285,0.456
194000,0.320,0.236,0.444
194500,0.289,0.260,0.452
195000,0.276,0.276,0.448
195500,0.279,0.290,0.431
196000,0.330,0.271,0.399
196500,0.253,0.283,0.464
197000,0.285,0.278,0.437
197500,0.258,0.239,0.503
198000,0.295,0.226,0.479
198500,0.302,0.239,0.459
199000,0.324,0.215,0.461
199500,0.313,0.200,0.487
200000,0.332,0.215,0.453
200500,0.255,0.278,0.467
201000,0.224,0.310,0.466
201500,0.258,0.285,0.457
202000,0.257,0.220,0.523
202500,0.231,0.307,0.463
203000,0.171,0.377,0.452
203500,0.235,0.321,0.444
204000,0.210,0.353,0.437
204500,0.260,0.308,0.432
205000,0.235,0.318,0.447
205500,0.240,0.299,0.461
206000,0.260,0.261,0.479
206500,0.265,0.262,0.473
207000,0.282,0.254,0.464
207500,0.246,0.274,0.481
208000,0.280,0.274,0.446
208500,0.278,0.235,0.488
209000,0.285,0.236,0.479
209500,0.336,0.225,0.439
210000,0.299,0.249,0.452
210500,0.318,0.215,0.467
211000,0.301,0.242,0.457
211500,0.288,0.275,0.437
212000,0.237,0.281,0.482
212500,0.274,0.290,0.435
213000,0.300,0.249,0.451
213500,0.297,0.268,0.434
214000,0.205,0.336,0.459
214500,0.263,0.277,0.460
215000,0.302,0.267,0.431
215500,0.274,0.283,0.444
216000,0.342,0.201,0.456
216500,0.370,0.182,0.448
217000,0.370,0.208,0.422
217500,0.288,0.280,0.432
218000,0.345,0.232,0.423
218500,0.318,0.217,0.465
219000,0.404,0.164,0.432
219500,0.423,0.190,0.388
220000,0.441,0.189,0.371
220500,0.400,0.163,0.437
221000,0.359,0.228,0.414
221500,0.330,0.231,0.439
222000,0.329,0.248,0.423
222500,0.249,0.292,0.459
223000,0.231,0.283,0.485
223500,0.278,0.275,0.447
224000,0.303,0.260,0.437
224500,0.263,0.324,0.413
225000,0.271,0.289,0.439
225500,0.239,0.284,0.477
226000,0.239,0.277,0.484
226500,0.211,0.281,0.508
227000,0.228,0.277,0.495
227500,0.264,0.238,0.498
228000,0.252,0.296,0.452
228500,0.279,0.290,0.431
229000,0.309,0.278,0.413
229500,0.325,0.247,0.428
230000,0.308,0.279,0.413
230500,0.248,0.313,0.439
231000,0.210,0.356,0.434
231500,0.196,0.407,0.397
232000,0.209,0.335,0.456
232500,0.263,0.326,0.411
233000,0.269,0.265,0.466
233500,0.263,0.238,0.499
234000,0.242,0.274,0.484
234500,0.248,0.281,0.471
235000,0.272,0.241,0.487
235500,0.260,0.278,0.462
236000,0.257,0.289,0.455
236500,0.281,0.260,0.460
237000,0.283,0.275,0.441
237500,0.257,0.337,0.406
238000,0.249,0.339,0.413
238500,0.256,0.303,0.441
239000,0.279,0.264,0.456
239500,0.327,0.225,0.448
240000,0.298,0.314,0.388
240500,0.266,0.310,0.424
241000,0.240,0.331,0.428
241500,0.243,0.347,0.410
242000,0.218,0.367,0.415
242500,0.251,0.300,0.449
243000,0.211,0.305,0.484
243500,0.275,0.258,0.467
244000,0.293,0.206,0.501
244500,0.371,0.174,0.455
245000,0.417,0.147,0.437
245500,0.439,0.155,0.406
246000,0.440,0.156,0.404
246500,0.423,0.172,0.405
247000,0.335,0.195,0.470
247500,0.378,0.200,0.422
248000,0.369,0.240,0.391
248500,0.365,0.194,0.441
249000,0.381,0.192,0.427
249500,0.354,0.218,0.428
250000,0.413,0.179,0.408
250500,0.392,0.158,0.451
251000,0.382,0.207,0.411
251500,0.445,0.183,0.371
252000,0.385,0.217,0.398
252500,0.354,0.235,0.411
253000,0.343,0.217,0.439
253500,0.398,0.160,0.442
254000,0.417,0.171,0.413
254500,0.333,0.199,0.468
255000,0.347,0.179,0.474
255500,0.335,0.185,0.480
256000,0.388,0.198,0.414
256500,0.407,0.169,0.423
257000,0.458,0.129,0.413
257500,0.477,0.119,0.404
258000,0.377,0.217,0.407
258500,0.329,0.222,0.449
259000,0.339,0.238,0.423
259500,0.325,0.236,0.438
260000,0.305,0.248,0.447
260500,0.297,0.240,0.462
261000,0.319,0.254,0.427
261500,0.249,0.303,0.449
262000,0.289,0.277,0.434
262500,0.304,0.281,0.415
263000,0.409,0.182,0.409
263500,0.426,0.179,0.395
264000,0.327,0.218,0.455
264500,0.314,0.227,0.459
265000,0.344,0.226,0.430
265500,0.363,0.211,0.427
266000,0.328,0.206,0.466
266500,0.304,0.242,0.454
267000,0.351,0.242,0.407
267500,0.290,0.275,0.435
268000,0.300,0.262,0.438
268500,0.346,0.242,0.412
269000,0.293,0.263,0.444
269500,0.306,0.203,0.492
270000,0.354,0.197,0.449
270500,0.347,0.204,0.449
271000,0.380,0.212,0.408
271500,0.356,0.198,0.446
272000,0.388,0.181,0.431
272500,0.359,0.190,0.452
273000,0.320,0.246,0.434
273500,0.318,0.260,0.423
274000,0.263,0.329,0.408
274500,0.228,0.293,0.480
275000,0.223,0.341,0.436
275500,0.175,0.385,0.440
276000,0.212,0.357,0.431
276500,0.187,0.397,0.416
277000,0.201,0.398,0.401
277500,0.227,0.288,0.485
278000,0.203,0.324,0.473
278500,0.264,0.294,0.442
279000,0.240,0.307,0.453
279500,0.283,0.321,0.395
280000,0.265,0.328,0.406
280500,0.265,0.281,0.454
281000,0.225,0.349,0.426
281500,0.249,0.352,0.400
282000,0.235,0.297,0.468
282500,0.245,0.359,0.396
283000,0.285,0.290,0.425
283500,0.284,0.290,0.426
284000,0.251,0.354,0.395
284500,0.211,0.317,0.471
285000,0.265,0.303,0.432
285500,0.304,0.287,0.409
286000,0.274,0.290,0.436
286500,0.251,0.295,0.455
287000,0.240,0.296,0.464
287500,0.297,0.257,0.446
288000,0.333,0.243,0.424
288500,0.327,0.233,0.440
289000,0.269,0.286,0.445
289500,0.272,0.304,0.423
290000,0.269,0.301,0.430
290500,0.286,0.236,0.478
291000,0.329,0.230,0.441
291500,0.354,0.252,0.393
292000,0.322,0.262,0.416
292500,0.266,0.321,0.413
293000,0.336,0.261,0.402
293500,0.326,0.273,0.401
294000,0.321,0.245,0.434
294500,0.342,0.256,0.402
295000,0.289,0.279,0.431
295500,0.282,0.276,0.442
296000,0.272,0.287,0.441
296500,0.284,0.258,0.458
297000,0.246,0.299,0.455
297500,0.225,0.321,0.455
298000,0.272,0.313,0.415
298500,0.280,0.331,0.389
299000,0.256,0.350,0.394
299500,0.302,0.300,0.398
300000,0.334,0.304,0.363
300500,0.311,0.263,0.427
301000,0.351,0.211,0.438
301500,0.328,0.236,0.437
302000,0.293,0.239,0.468
302500,0.288,0.226,0.486
303000,0.244,0.249,0.507
303500,0.286,0.230,0.484
304000,0.237,0.296,0.467
304500,0.233,0.285,0.482
305000,0.246,0.300,0.453
305500,0.283,0.258,0.459
306000,0.256,0.292,0.453
306500,0.272,0.263,0.465
307000,0.278,0.264,0.458
307500,0.269,0.278,0.453
308000,0.236,0.314,0.450
308500,0.222,0.320,0.458
309000,0.219,0.331,0.449
309500,0.224,0.336,0.441
310000,0.229,0.369,0.402
310500,0.262,0.298,0.440
311000,0.282,0.256,0.462
311500,0.326,0.247,0.427
312000,0.323,0.226,0.451
312500,0.328,0.214,0.459
313000,0.367,0.187,0.446
313500,0.285,0.262,0.453
314000,0.248,0.301,0.451
314500,0.270,0.280,0.450
315000,0.259,0.272,0.469
315500,0.294,0.282,0.424
316000,0.374,0.212,0.414
316500,0.339,0.221,0.439
317000,0.321,0.244,0.435
317500,0.324,0.254,0.422
318000,0.244,0.301,0.455
318500,0.289,0.260,0.451
319000,0.258,0.337,0.405
319500,0.283,0.285,0.431
320000,0.273,0.292,0.435
320500,0.217,0.319,0.464
321000,0.162,0.420,0.418
321500,0.173,0.392,0.434
322000,0.165,0.477,0.358
322500,0.164,0.453,0.383
323000,0.173,0.433,0.394
323500,0.173,0.422,0.405
324000,0.199,0.386,0.414
324500,0.210,0.360,0.431
325000,0.196,0.354,0.451
325500,0.196,0.409,0.395
326000,0.180,0.402,0.418
326500,0.169,0.396,0.435
327000,0.239,0.331,0.431
327500,0.233,0.344,0.423
328000,0.227,0.329,0.444
328500,0.263,0.272,0.465
329000,0.269,0.268,0.463
329500,0.306,0.233,0.460
330000,0.236,0.312,0.452
330500,0.256,0.330,0.414
331000,0.222,0.337,0.441
331500,0.203,0.353,0.444
332000,0.231,0.313,0.456
332500,0.221,0.334,0.445
333000,0.261,0.340,0.399
333500,0.232,0.359,0.409
334000,0.201,0.339,0.460
334500,0.237,0.305,0.458
335000,0.271,0.316,0.413
335500,0.253,0.272,0.474
336000,0.239,0.302,0.459
336500,0.267,0.294,0.439
337000,0.261,0.271,0.469
337500,0.322,0.273,0.405
338000,0.308,0.263,0.429
338500,0.267,0.289,0.444
339000,0.250,0.330,0.420
339500,0.251,0.328,0.420
340000,0.234,0.320,0.446
340500,0.211,0.351,0.438
341000,0.200,0.341,0.459
341500,0.231,0.282,0.487
342000,0.265,0.294,0.441
342500,0.218,0.324,0.458
343000,0.231,0.308,0.461
343500,0.196,0.380,0.424
344000,0.270,0.349,0.381
344500,0.217,0.318,0.465
345000,0.207,0.389,0.405
345500,0.242,0.320,0.438
346000,0.245,0.314,0.441
346500,0.218,0.350,0.432
347000,0.246,0.322,0.432
347500,0.269,0.283,0.448
348000,0.226,0.325,0.449
348500,0.202,0.373,0.425
349000,0.174,0.420,0.406
349500,0.183,0.373,0.445
350000,0.228,0.302,0.471
350500,0.210,0.288,0.502
351000,0.239,0.281,0.480
351500,0.267,0.271,0.463
352000,0.269,0.270,0.460
352500,0.336,0.252,0.412
353000,0.261,0.278,0.461
353500,0.317,0.263,0.420
354000,0.274,0.299,0.427
354500,0.289,0.329,0.382
355000,0.319,0.272,0.409
355500,0.279,0.296,0.425
356000,0.220,0.339,0.441
356500,0.275,0.257,0.467
357000,0.232,0.349,0.419
357500,0.212,0.331,0.456
358000,0.345,0.235,0.421
358500,0.310,0.224,0.466
359000,0.290,0.285,0.425
359500,0.314,0.250,0.437
360000,0.345,0.263,0.392
360500,0.258,0.280,0.462
361000,0.280,0.258,0.462
361500,0.298,0.217,0.485
362000,0.324,0.222,0.454
362500,0.346,0.208,0.446
363000,0.319,0.240,0.441
363500,0.288,0.264,0.448
364000,0.320,0.255,0.425
364500,0.360,0.235,0.405
365000,0.384,0.208,0.408
365500,0.339,0.230,0.431
366000,0.364,0.248,0.388
366500,0.343,0.243,0.413
367000,0.357,0.207,0.436
367500,0.389,0.198,0.413
368000,0.316,0.209,0.475
368500,0.328,0.227,0.445
369000,0.376,0.212,0.412
369500,0.300,0.279,0.421
370000,0.282,0.236,0.482
370500,0.338,0.229,0.434
371000,0.326,0.231,0.444
371500,0.311,0.288,0.402
372000,0.274,0.347,0.378
372500,0.241,0.302,0.457
373000,0.315,0.246,0.439
373500,0.269,0.244,0.487
374000,0.269,0.244,0.487
374500,0.326,0.185,0.489
375000,0.279,0.281,0.440
375500,0.314,0.275,0.412
376000,0.325,0.254,0.421
376500,0.308,0.258,0.434
377000,0.329,0.249,0.422
377500,0.290,0.240,0.470
378000,0.239,0.335,0.427
378500,0.164,0.359,0.477
379000,0.213,0.350,0.437
379500,0.176,0.412,0.412
380000,0.242,0.336,0.422
380500,0.190,0.356,0.455
381000,0.169,0.354,0.477
381500,0.214,0.334,0.453
382000,0.239,0.335,0.426
382500,0.216,0.344,0.440
383000,0.175,0.388,0.438
383500,0.139,0.392,0.469
384000,0.148,0.377,0.475
384500,0.215,0.329,0.455
385000,0.286,0.258,0.455
385500,0.351,0.210,0.439
386000,0.250,0.259,0.491
386500,0.306,0.229,0.466
387000,0.304,0.210,0.485
387500,0.236,0.295,0.469
388000,0.245,0.285,0.470
388500,0.267,0.302,0.431
389000,0.307,0.260,0.433
389500,0.323,0.235,0.442
390000,0.296,0.259,0.445
390500,0.315,0.250,0.434
391000,0.317,0.271,0.413
391500,0.264,0.317,0.419
392000,0.257,0.299,0.444
392500,0.278,0.302,0.420
393000,0.302,0.268,0.430
393500,0.292,0.286,0.422
394000,0.275,0.269,0.455
394500,0.166,0.329,0.505
395000,0.241,0.320,0.439
395500,0.295,0.271,0.434
396000,0.271,0.260,0.470
396500,0.283,0.259,0.458
397000,0.309,0.227,0.464
397500,0.281,0.235,0.484
398000,0.293,0.225,0.482
398500,0.346,0.239,0.416
399000,0.279,0.308,0.413
399500,0.239,0.359,0.402
400000,0.229,0.386,0.385
400500,0.232,0.350,0.419
401000,0.215,0.336,0.449
401500,0.307,0.257,0.437
402000,0.357,0.219,0.424
402500,0.342,0.246,0.412
403000,0.385,0.233,0.382
403500,0.328,0.237,0.434
404000,0.304,0.253,0.443
404500,0.318,0.257,0.424
405000,0.352,0.203,0.445
405500,0.384,0.192,0.424
406000,0.325,0.247,0.428
406500,0.303,0.210,0.487
407000,0.292,0.254,0.455
407500,0.262,0.278,0.460
408000,0.230,0.310,0.460
408500,0.221,0.373,0.406
409000,0.260,0.302,0.438
409500,0.279,0.316,0.405
410000,0.258,0.332,0.410
410500,0.260,0.309,0.431
411000,0.253,0.347,0.400
411500,0.214,0.337,0.449
412000,0.186,0.421,0.393
412500,0.204,0.352,0.444
413000,0.205,0.354,0.440
413500,0.169,0.407,0.424
414000,0.187,0.378,0.435
414500,0.207,0.395,0.399
415000,0.237,0.363,0.400
415500,0.201,0.360,0.439
416000,0.199,0.345,0.456
416500,0.173,0.393,0.433
417000,0.232,0.351,0.417
417500,0.220,0.318,0.462
418000,0.200,0.354,0.446
418500,0.225,0.299,0.476
419000,0.201,0.348,0.451
419500,0.243,0.294,0.463
420000,0.258,0.255,0.487
420500,0.239,0.313,0.449
421000,0.224,0.292,0.484
421500,0.237,0.300,0.462
422000,0.314,0.251,0.435
422500,0.285,0.265,0.450
423000,0.261,0.296,0.443
423500,0.278,0.243,0.479
424000,0.256,0.250,0.494
424500,0.244,0.243,0.513
425000,0.300,0.219,0.481
425500,0.269,0.292,0.439
426000,0.272,0.285,0.442
426500,0.360,0.193,0.447
427000,0.364,0.214,0.421
427500,0.342,0.229,0.429
428000,0.291,0.248,0.461
428500,0.265,0.245,0.490
429000,0.308,0.245,0.447
429500,0.355,0.234,0.411
430000,0.288,0.289,0.423
430500,0.249,0.329,0.423
431000,0.295,0.232,0.473
431500,0.259,0.282,0.459
432000,0.298,0.276,0.426
432500,0.334,0.239,0.428
433000,0.262,0.299,0.439
433500,0.313,0.258,0.428
434000,0.294,0.275,0.431
434500,0.353,0.239,0.409
435000,0.313,0.255,0.432
435500,0.302,0.256,0.443
436000,0.261,0.244,0.495
436500,0.252,0.257,0.491
437000,0.267,0.266,0.467
437500,0.275,0.259,0.466
438000,0.230,0.336,0.434
438500,0.215,0.349,0.436
439000,0.225,0.336,0.438
439500,0.208,0.361,0.431
440000,0.174,0.403,0.423
440500,0.219,0.315,0.466
441000,0.235,0.296,0.469
441500,0.267,0.300,0.433
442000,0.229,0.374,0.398
442500,0.221,0.336,0.444
443000,0.168,0.373,0.459
443500,0.185,0.416,0.399
444000,0.207,0.352,0.441
444500,0.227,0.350,0.423
445000,0.251,0.285,0.463
445500,0.288,0.258,0.454
446000,0.257,0.289,0.454
446500,0.255,0.305,0.440
447000,0.263,0.314,0.423
447500,0.317,0.251,0.432
448000,0.367,0.214,0.420
448500,0.294,0.292,0.414
449000,0.254,0.331,0.415
449500,0.315,0.285,0.399
450000,0.308,0.276,0.415
450500,0.318,0.250,0.432
451000,0.283,0.303,0.414
451500,0.246,0.354,0.400
452000,0.191,0.367,0.442
452500,0.196,0.376,0.428
453000,0.195,0.375,0.430
453500,0.232,0.318,0.450
454000,0.241,0.342,0.417
454500,0.214,0.326,0.460
455000,0.187,0.416,0.396
455500,0.254,0.318,0.428
456000,0.308,0.281,0.411
456500,0.255,0.325,0.420
457000,0.285,0.290,0.425
457500,0.299,0.278,0.423
458000,0.268,0.322,0.410
458500,0.411,0.194,0.395
459000,0.428,0.182,0.389
459500,0.314,0.266,0.420
460000,0.296,0.251,0.453
460500,0.275,0.281,0.445
461000,0.313,0.260,0.427
461500,0.289,0.242,0.469
462000,0.288,0.288,0.424
462500,0.293,0.256,0.451
463000,0.303,0.257,0.441
463500,0.360,0.216,0.424
464000,0.266,0.275,0.459
464500,0.300,0.231,0.469
465000,0.253,0.270,0.477
465500,0.200,0.330,0.470
466000,0.252,0.276,0.471
466500,0.240,0.310,0.450
467000,0.265,0.307,0.428
467500,0.292,0.272,0.437
468000,0.261,0.276,0.463
468500,0.207,0.361,0.432
469000,0.233,0.313,0.454
469500,0.268,0.269,0.463
470000,0.265,0.298,0.437
470500,0.253,0.289,0.459
471000,0.257,0.287,0.456
471500,0.257,0.309,0.434
472000,0.253,0.326,0.421
472500,0.282,0.281,0.437
473000,0.285,0.268,0.447
473500,0.280,0.237,0.483
474000,0.306,0.236,0.458
474500,0.360,0.197,0.444
475000,0.310,0.246,0.444
475500,0.321,0.235,0.444
476000,0.362,0.213,0.425
476500,0.332,0.234,0.434
477000,0.321,0.257,0.423
477500,0.295,0.229,0.476
478000,0.301,0.267,0.432
478500,0.276,0.276,0.448
479000,0.280,0.278,0.442
479500,0.260,0.295,0.445
480000,0.281,0.293,0.427
480500,0.223,0.276,0.501
481000,0.192,0.410,0.398
481500,0.203,0.360,0.437
482000,0.226,0.318,0.456
482500,0.194,0.381,0.425
483000,0.183,0.367,0.450
483500,0.211,0.339,0.450
484000,0.272,0.258,0.470
484500,0.266,0.267,0.467
485000,0.290,0.253,0.458
485500,0.300,0.251,0.449
486000,0.246,0.294,0.460
486500,0.232,0.356,0.413
487000,0.257,0.300,0.444
487500,0.224,0.325,0.452
488000,0.247,0.306,0.447
488500,0.246,0.302,0.452
489000,0.238,0.354,0.407
489500,0.263,0.310,0.427
490000,0.225,0.304,0.470
490500,0.200,0.382,0.418
491000,0.234,0.329,0.437
491500,0.268,0.285,0.448
492000,0.250,0.341,0.410
492500,0.251,0.299,0.450
493000,0.198,0.390,0.412
493500,0.160,0.436,0.404
494000,0.219,0.373,0.409
494500,0.276,0.336,0.388
495000,0.261,0.342,0.397
495500,0.217,0.318,0.464
496000,0.200,0.378,0.421
496500,0.266,0.303,0.431
497000,0.210,0.319,0.471
497500,0.215,0.313,0.472
498000,0.224,0.324,0.453
498500,0.192,0.391,0.417
499000,0.239,0.342,0.420
499500,0.384,0.231,0.385
500000,0.338,0.247,0.416
500500,0.318,0.251,0.431
501000,0.362,0.249,0.389
501500,0.352,0.244,0.403
502000,0.448,0.182,0.370
502500,0.421,0.201,0.378
503000,0.423,0.172,0.405
503500,0.412,0.183,0.405
504000,0.422,0.186,0.392
504500,0.428,0.163,0.409
505000,0.445,0.185,0.371
505500,0.444,0.170,0.386
506000,0.448,0.175,0.377
506500,0.431,0.200,0.369
507000,0.424,0.174,0.402
507500,0.405,0.202,0.393
508000,0.357,0.162,0.481
508500,0.350,0.242,0.408
509000,0.336,0.246,0.419
509500,0.334,0.215,0.451
510000,0.346,0.198,0.456
510500,0.393,0.181,0.425
511000,0.350,0.214,0.437
511500,0.402,0.196,0.402
512000,0.387,0.188,0.425
512500,0.349,0.274,0.378
513000,0.299,0.277,0.424
513500,0.261,0.330,0.409
514000,0.265,0.333,0.402
514500,0.271,0.278,0.451
515000,0.228,0.356,0.417
515500,0.203,0.392,0.405
516000,0.221,0.352,0.428
516500,0.222,0.349,0.429
517000,0.228,0.375,0.397
517500,0.236,0.363,0.401
518000,0.234,0.359,0.407
518500,0.240,0.323,0.437
519000,0.270,0.334,0.396
519500,0.272,0.282,0.446
520000,0.270,0.302,0.428
520500,0.292,0.291,0.417
521000,0.230,0.367,0.403
521500,0.268,0.306,0.425
522000,0.307,0.282,0.411
522500,0.342,0.253,0.405
523000,0.399,0.220,0.381
523500,0.329,0.249,0.422
524000,0.289,0.239,0.471
524500,0.339,0.213,0.448
525000,0.335,0.229,0.436
525500,0.256,0.285,0.459
526000,0.248,0.309,0.443
526500,0.264,0.325,0.411
527000,0.288,0.303,0.409
527500,0.304,0.266,0.430
528000,0.258,0.268,0.473
528500,0.246,0.308,0.446
529000,0.223,0.297,0.480
529500,0.190,0.334,0.476
530000,0.272,0.306,0.422
530500,0.350,0.272,0.378
531000,0.341,0.268,0.391
531500,0.283,0.314,0.403
532000,0.245,0.299,0.456
532500,0.243,0.318,0.439
533000,0.276,0.268,0.455
533500,0.260,0.304,0.437
534000,0.231,0.338,0.431
534500,0.212,0.339,0.448
535000,0.188,0.321,0.491
535500,0.201,0.332,0.466
536000,0.240,0.303,0.456
536500,0.204,0.341,0.456
537000,0.210,0.366,0.424
537500,0.227,0.335,0.438
538000,0.235,0.310,0.455
538500,0.236,0.293,0.470
539000,0.226,0.339,0.435
539500,0.193,0.405,0.402
540000,0.192,0.327,0.481
540500,0.183,0.389,0.428
541000,0.234,0.317,0.449
541500,0.259,0.319,0.422
542000,0.268,0.324,0.408
542500,0.304,0.278,0.418
543000,0.290,0.285,0.424
543500,0.320,0.270,0.410
544000,0.296,0.274,0.430
544500,0.288,0.279,0.433
545000,0.272,0.282,0.445
545500,0.308,0.262,0.430
546000,0.252,0.283,0.464
546500,0.268,0.282,0.451
547000,0.284,0.292,0.424
547500,0.268,0.332,0.400
548000,0.329,0.256,0.415
548500,0.269,0.331,0.400
549000,0.297,0.263,0.441
549500,0.328,0.240,0.431
550000,0.318,0.212,0.469
550500,0.311,0.247,0.442
551000,0.337,0.213,0.450
551500,0.260,0.258,0.483
552000,0.285,0.272,0.443
552500,0.267,0.253,0.480
553000,0.271,0.278,0.451
553500,0.288,0.273,0.439
554000,0.269,0.296,0.434
554500,0.264,0.306,0.430
555000,0.243,0.314,0.442
555500,0.249,0.302,0.449
556000,0.252,0.290,0.458
556500,0.304,0.233,0.463
557000,0.299,0.239,0.463
557500,0.323,0.228,0.449
558000,0.224,0.328,0.448
558500,0.244,0.263,0.493
559000,0.300,0.256,0.445
559500,0.296,0.233,0.470
560000,0.302,0.228,0.471
560500,0.347,0.218,0.434
561000,0.369,0.218,0.413
561500,0.325,0.255,0.420
562000,0.293,0.296,0.412
562500,0.297,0.268,0.435
563000,0.347,0.257,0.395
563500,0.320,0.228,0.452
564000,0.336,0.191,0.473
564500,0.340,0.240,0.420
565000,0.330,0.207,0.463
565500,0.354,0.185,0.461
566000,0.315,0.190,0.495
566500,0.347,0.181,0.471
567000,0.350,0.193,0.457
567500,0.366,0.226,0.409
568000,0.406,0.141,0.452
568500,0.384,0.179,0.437
569000,0.326,0.254,0.420
569500,0.374,0.242,0.385
570000,0.346,0.225,0.430
570500,0.286,0.268,0.446
571000,0.249,0.316,0.435
571500,0.276,0.267,0.456
572000,0.292,0.249,0.459
572500,0.286,0.259,0.455
573000,0.327,0.216,0.458
573500,0.329,0.156,0.515
574000,0.297,0.208,0.495
574500,0.304,0.267,0.430
575000,0.286,0.247,0.467
575500,0.300,0.301,0.399
576000,0.232,0.364,0.404
576500,0.260,0.329,0.411
577000,0.207,0.357,0.436
577500,0.256,0.282,0.462
578000,0.235,0.314,0.451
578500,0.257,0.275,0.468
579000,0.278,0.218,0.504
579500,0.322,0.195,0.483
580000,0.306,0.239,0.456
580500,0.296,0.224,0.480
581000,0.264,0.295,0.442
581500,0.243,0.317,0.441
582000,0.235,0.294,0.471
582500,0.219,0.311,0.470
583000,0.243,0.267,0.490
583500,0.268,0.265,0.467
584000,0.261,0.265,0.473
584500,0.244,0.327,0.429
585000,0.249,0.324,0.427
585500,0.231,0.341,0.428
586000,0.241,0.299,0.460
586500,0.236,0.321,0.444
587000,0.255,0.300,0.445
587500,0.207,0.356,0.437
588000,0.162,0.370,0.467
588500,0.189,0.388,0.423
589000,0.133,0.470,0.396
589500,0.165,0.480,0.354
590000,0.158,0.484,0.357
590500,0.185,0.443,0.373
591000,0.228,0.398,0.374
591500,0.233,0.362,0.405
592000,0.247,0.321,0.431
592500,0.299,0.292,0.409
593000,0.266,0.285,0.449
593500,0.333,0.239,0.428
594000,0.395,0.186,0.419
594500,0.325,0.228,0.447
595000,0.390,0.197,0.413
595500,0.391,0.195,0.414
596000,0.403,0.204,0.393
596500,0.393,0.231,0.376
597000,0.332,0.271,0.396
597500,0.316,0.268,0.416
598000,0.306,0.287,0.407
598500,0.335,0.266,0.399
599000,0.325,0.218,0.457
599500,0.325,0.243,0.431
600000,0.242,0.321,0.437
600500,0.204,0.378,0.417
601000,0.212,0.353,0.435
601500,0.257,0.315,0.428
602000,0.211,0.341,0.448
602500,0.210,0.357,0.434
603000,0.278,0.299,0.423
603500,0.264,0.257,0.479
604000,0.292,0.297,0.412
604500,0.244,0.327,0.428
605000,0.227,0.331,0.442
605500,0.345,0.233,0.423
606000,0.296,0.257,0.446
606500,0.310,0.236,0.454
607000,0.349,0.203,0.448
607500,0.314,0.176,0.510
608000,0.254,0.303,0.443
608500,0.309,0.241,0.450
609000,0.252,0.298,0.450
609500,0.238,0.314,0.448
610000,0.220,0.356,0.424
610500,0.237,0.332,0.431
611000,0.301,0.276,0.423
611500,0.224,0.323,0.453
612000,0.246,0.278,0.477
612500,0.268,0.260,0.473
613000,0.236,0.283,0.480
613500,0.208,0.361,0.431
614000,0.224,0.323,0.453
614500,0.244,0.335,0.420
615000,0.210,0.339,0.451
615500,0.180,0.386,0.434
616000,0.156,0.435,0.409
616500,0.194,0.398,0.407
617000,0.286,0.310,0.405
617500,0.297,0.295,0.408
618000,0.242,0.293,0.466
618500,0.240,0.283,0.477
619000,0.247,0.314,0.439
619500,0.242,0.316,0.442
620000,0.258,0.300,0.441
620500,0.196,0.335,0.469
621000,0.178,0.374,0.448
621500,0.176,0.386,0.437
622000,0.154,0.405,0.442
622500,0.168,0.376,0.456
623000,0.158,0.434,0.407
623500,0.189,0.425,0.385
624000,0.198,0.418,0.384
624500,0.210,0.345,0.445
625000,0.252,0.352,0.396
625500,0.228,0.365,0.407
626000,0.187,0.349,0.464
626500,0.239,0.358,0.403
627000,0.216,0.343,0.441
627500,0.290,0.285,0.425
628000,0.303,0.288,0.409
628500,0.265,0.273,0.462
629000,0.329,0.253,0.418
629500,0.334,0.226,0.439
630000,0.250,0.339,0.411
630500,0.265,0.300,0.435
631000,0.282,0.303,0.415
631500,0.336,0.222,0.441
632000,0.350,0.212,0.437
632500,0.337,0.194,0.469
633000,0.338,0.211,0.451
633500,0.324,0.265,0.412
634000,0.244,0.316,0.439
634500,0.232,0.339,0.430
635000,0.232,0.338,0.430
635500,0.306,0.277,0.417
636000,0.284,0.313,0.403
636500,0.274,0.303,0.423
637000,0.301,0.283,0.416
637500,0.286,0.258,0.456
638000,0.265,0.275,0.459
638500,0.289,0.258,0.453
639000,0.285,0.270,0.445
639500,0.331,0.204,0.466
640000,0.336,0.219,0.445
640500,0.308,0.233,0.459
641000,0.283,0.260,0.458
641500,0.263,0.288,0.449
642000,0.261,0.264,0.475
642500,0.259,0.265,0.476
643000,0.286,0.294,0.420
643500,0.281,0.285,0.434
644000,0.272,0.273,0.455
644500,0.265,0.314,0.420
645000,0.230,0.357,0.413
645500,0.249,0.319,0.432
646000,0.246,0.298,0.456
646500,0.198,0.334,0.468
647000,0.322,0.263,0.415
647500,0.305,0.282,0.413
648000,0.289,0.271,0.439
648500,0.264,0.313,0.424
649000,0.264,0.285,0.451
649500,0.309,0.251,0.439
650000,0.310,0.205,0.485
650500,0.304,0.239,0.456
651000,0.255,0.335,0.410
651500,0.236,0.327,0.437
652000,0.279,0.277,0.444
652500,0.215,0.272,0.512
653000,0.203,0.299,0.498
653500,0.185,0.317,0.498
654000,0.205,0.297,0.498
654500,0.207,0.323,0.470
655000,0.240,0.324,0.436
655500,0.271,0.291,0.438
656000,0.290,0.256,0.455
656500,0.271,0.291,0.438
657000,0.295,0.289,0.416
657500,0.340,0.242,0.419
658000,0.277,0.281,0.442
658500,0.344,0.242,0.414
659000,0.237,0.339,0.424
659500,0.214,0.383,0.403
660000,0.250,0.341,0.409
660500,0.249,0.346,0.405
661000,0.204,0.402,0.393
661500,0.246,0.386,0.368
662000,0.205,0.335,0.459
662500,0.253,0.309,0.438
663000,0.262,0.334,0.404
663500,0.271,0.281,0.448
664000,0.269,0.284,0.447
664500,0.228,0.350,0.422
665000,0.290,0.311,0.399
665500,0.240,0.304,0.455
666000,0.248,0.279,0.473
666500,0.283,0.283,0.433
667000,0.257,0.327,0.416
667500,0.242,0.323,0.435
668000,0.256,0.338,0.407
668500,0.321,0.260,0.419
669000,0.363,0.218,0.419
669500,0.378,0.227,0.395
670000,0.313,0.222,0.465
670500,0.291,0.274,0.435
671000,0.313,0.249,0.438
671500,0.297,0.296,0.407
672000,0.279,0.267,0.454
672500,0.341,0.208,0.451
673000,0.296,0.269,0.434
673500,0.374,0.188,0.438
674000,0.364,0.181,0.455
674500,0.275,0.259,0.466
675000,0.314,0.223,0.463
675500,0.313,0.262,0.425
676000,0.226,0.349,0.425
676500,0.264,0.337,0.399
677000,0.227,0.388,0.385
677500,0.163,0.500,0.337
678000,0.148,0.463,0.388
678500,0.159,0.438,0.402
679000,0.205,0.358,0.437
679500,0.217,0.398,0.385
680000,0.192,0.384,0.424
680500,0.192,0.409,0.399
681000,0.260,0.324,0.416
681500,0.225,0.343,0.432
682000,0.294,0.301,0.405
682500,0.301,0.305,0.394
683000,0.239,0.298,0.463
683500,0.229,0.363,0.409
684000,0.244,0.318,0.438
684500,0.261,0.284,0.455
685000,0.233,0.311,0.456
685500,0.229,0.321,0.449
686000,0.253,0.329,0.418
686500,0.218,0.329,0.453
687000,0.269,0.327,0.404
687500,0.181,0.412,0.407
688000,0.219,0.404,0.377
688500,0.236,0.328,0.435
689000,0.218,0.351,0.431
689500,0.224,0.392,0.384
690000,0.269,0.349,0.382
690500,0.291,0.267,0.442
691000,0.304,0.240,0.455
691500,0.285,0.234,0.481
692000,0.255,0.271,0.474
692500,0.260,0.274,0.466
693000,0.235,0.334,0.431
693500,0.251,0.315,0.434
694000,0.293,0.288,0.419
694500,0.253,0.285,0.462
695000,0.285,0.272,0.442
695500,0.293,0.247,0.460
696000,0.316,0.275,0.409
696500,0.350,0.245,0.405
697000,0.328,0.255,0.417
697500,0.357,0.257,0.386
698000,0.290,0.286,0.424
698500,0.302,0.288,0.410
699000,0.327,0.225,0.448
699500,0.343,0.220,0.437
700000,0.326,0.244,0.430
700500,0.343,0.200,0.457
701000,0.355,0.205,0.439
701500,0.370,0.204,0.426
702000,0.395,0.221,0.384
702500,0.320,0.233,0.446
703000,0.325,0.205,0.470
703500,0.366,0.205,0.429
704000,0.285,0.251,0.464
704500,0.329,0.244,0.427
705000,0.306,0.230,0.464
705500,0.373,0.187,0.439
706000,0.290,0.228,0.482
706500,0.361,0.246,0.392
707000,0.375,0.224,0.402
707500,0.410,0.168,0.421
708000,0.389,0.139,0.471
708500,0.371,0.179,0.450
709000,0.364,0.183,0.453
709500,0.343,0.240,0.417
710000,0.342,0.270,0.388
710500,0.361,0.211,0.428
711000,0.357,0.201,0.442
711500,0.307,0.279,0.414
712000,0.285,0.256,0.460
712500,0.271,0.278,0.451
713000,0.267,0.297,0.435
713500,0.300,0.261,0.439
714000,0.346,0.270,0.384
714500,0.338,0.248,0.414
715000,0.294,0.215,0.491
715500,0.307,0.256,0.437
716000,0.261,0.260,0.479
716500,0.311,0.239,0.449
717000,0.318,0.261,0.421
717500,0.236,0.323,0.441
718000,0.264,0.276,0.460
718500,0.302,0.230,0.469
719000,0.315,0.246,0.439
719500,0.314,0.246,0.439
720000,0.360,0.239,0.401
720500,0.332,0.215,0.453
721000,0.433,0.170,0.397
721500,0.410,0.213,0.377
722000,0.356,0.240,0.405
722500,0.331,0.239,0.431
723000,0.324,0.249,0.427
723500,0.292,0.248,0.460
724000,0.314,0.233,0.452
724500,0.284,0.241,0.475
725000,0.237,0.319,0.444
725500,0.271,0.298,0.431
726000,0.256,0.274,0.470
726500,0.303,0.264,0.434
727000,0.373,0.212,0.414
727500,0.418,0.210,0.373
728000,0.392,0.224,0.385
728500,0.453,0.182,0.365
729000,0.487,0.129,0.384
729500,0.386,0.187,0.427
730000,0.303,0.254,0.442
730500,0.243,0.272,0.485
731000,0.327,0.227,0.446
731500,0.302,0.234,0.464
732000,0.300,0.229,0.471
732500,0.358,0.246,0.396
733000,0.349,0.207,0.444
733500,0.306,0.231,0.464
734000,0.367,0.217,0.416
734500,0.337,0.192,0.471
735000,0.284,0.262,0.454
735500,0.317,0.237,0.446
736000,0.265,0.262,0.473
736500,0.289,0.242,0.470
737000,0.286,0.239,0.475
737500,0.280,0.265,0.455
738000,0.247,0.315,0.438
738500,0.290,0.282,0.428
739000,0.240,0.321,0.439
739500,0.290,0.303,0.407
740000,0.255,0.323,0.422
740500,0.192,0.393,0.414
741000,0.267,0.313,0.420
741500,0.327,0.200,0.474
742000,0.323,0.215,0.462
742500,0.300,0.243,0.456
743000,0.312,0.254,0.434
743500,0.299,0.289,0.412
744000,0.274,0.318,0.409
744500,0.281,0.269,0.450
745000,0.336,0.243,0.420
745500,0.366,0.217,0.417
746000,0.358,0.223,0.419
746500,0.322,0.236,0.442
747000,0.373,0.196,0.431
747500,0.327,0.223,0.450
748000,0.302,0.254,0.444
748500,0.290,0.228,0.483
749000,0.285,0.268,0.446
749500,0.335,0.260,0.405
750000,0.295,0.228,0.477
750500,0.302,0.243,0.456
751000,0.311,0.295,0.393
751500,0.314,0.294,0.392
752000,0.286,0.255,0.459
752500,0.326,0.252,0.422
753000,0.377,0.214,0.410
753500,0.398,0.186,0.416
754000,0.320,0.242,0.438
754500,0.337,0.237,0.426
755000,0.342,0.249,0.409
755500,0.355,0.242,0.403
756000,0.359,0.219,0.422
756500,0.355,0.193,0.452
757000,0.368,0.228,0.403
757500,0.315,0.243,0.442
758000,0.265,0.303,0.432
758500,0.264,0.245,0.491
759000,0.274,0.272,0.453
759500,0.345,0.247,0.408
760000,0.363,0.212,0.425
760500,0.308,0.225,0.467
761000,0.319,0.269,0.412
761500,0.303,0.267,0.430
762000,0.269,0.306,0.425
762500,0.345,0.219,0.436
763000,0.282,0.275,0.443
763500,0.347,0.240,0.412
764000,0.351,0.208,0.441
764500,0.317,0.224,0.460
765000,0.322,0.228,0.450
765500,0.265,0.255,0.480
766000,0.311,0.195,0.494
766500,0.259,0.281,0.460
767000,0.268,0.315,0.416
767500,0.257,0.262,0.481
768000,0.300,0.235,0.466
768500,0.303,0.229,0.469
769000,0.378,0.212,0.410
769500,0.387,0.229,0.384
770000,0.422,0.182,0.396
770500,0.421,0.179,0.399
771000,0.471,0.138,0.391
771500,0.476,0.151,0.373
772000,0.456,0.141,0.403
772500,0.370,0.189,0.441
773000,0.290,0.263,0.447
773500,0.311,0.276,0.413
774000,0.331,0.282,0.388
774500,0.293,0.235,0.471
775000,0.281,0.280,0.439
775500,0.398,0.202,0.400
776000,0.415,0.192,0.393
776500,0.409,0.187,0.404
777000,0.454,0.154,0.392
777500,0.399,0.159,0.442
778000,0.372,0.209,0.419
778500,0.359,0.238,0.403
779000,0.351,0.222,0.427
779500,0.377,0.211,0.413
780000,0.392,0.198,0.410
780500,0.426,0.216,0.358
781000,0.451,0.172,0.378
781500,0.402,0.176,0.422
782000,0.437,0.154,0.410
782500,0.364,0.194,0.442
783000,0.361,0.203,0.435
783500,0.384,0.222,0.393
784000,0.366,0.224,0.410
784500,0.333,0.216,0.451
785000,0.340,0.217,0.444
785500,0.323,0.258,0.419
786000,0.263,0.318,0.420
786500,0.285,0.248,0.467
787000,0.285,0.271,0.444
787500,0.244,0.278,0.478
788000,0.294,0.256,0.450
788500,0.341,0.211,0.449
789000,0.334,0.211,0.456
789500,0.374,0.232,0.395
790000,0.313,0.218,0.469
790500,0.310,0.257,0.433
791000,0.315,0.238,0.446
791500,0.332,0.237,0.431
792000,0.357,0.242,0.401
792500,0.342,0.215,0.442
793000,0.320,0.234,0.446
793500,0.339,0.252,0.409
794000,0.328,0.250,0.422
794500,0.342,0.220,0.438
795000,0.288,0.288,0.424
795500,0.288,0.304,0.407
796000,0.284,0.286,0.430
796500,0.297,0.296,0.407
797000,0.305,0.261,0.434
797500,0.314,0.269,0.417
798000,0.300,0.289,0.411
798500,0.261,0.300,0.439
799000,0.253,0.303,0.444
799500,0.352,0.219,0.428
800000,0.295,0.281,0.425
800500,0.319,0.267,0.414
801000,0.321,0.269,0.410
801500,0.272,0.257,0.471
802000,0.229,0.277,0.494
802500,0.226,0.275,0.499
803000,0.224,0.256,0.521
803500,0.269,0.265,0.466
804000,0.231,0.358,0.411
804500,0.269,0.343,0.387
805000,0.286,0.265,0.449
805500,0.276,0.267,0.457
806000,0.243,0.339,0.418
806500,0.276,0.308,0.416
807000,0.253,0.318,0.429
807500,0.275,0.331,0.395
808000,0.246,0.321,0.432
808500,0.214,0.367,0.419
809000,0.212,0.331,0.457
809500,0.268,0.272,0.460
810000,0.299,0.228,0.473
810500,0.318,0.228,0.454
811000,0.321,0.242,0.437
811500,0.283,0.287,0.430
812000,0.258,0.260,0.481
812500,0.278,0.251,0.470
813000,0.258,0.278,0.464
813500,0.347,0.226,0.426
814000,0.357,0.204,0.439
814500,0.348,0.211,0.441
815000,0.307,0.263,0.430
815500,0.324,0.228,0.448
816000,0.320,0.274,0.406
816500,0.293,0.283,0.424
817000,0.275,0.242,0.483
817500,0.262,0.242,0.496
818000,0.279,0.248,0.473
818500,0.295,0.223,0.483
819000,0.311,0.233,0.456
819500,0.325,0.251,0.424
820000,0.321,0.244,0.435
820500,0.265,0.304,0.431
821000,0.246,0.277,0.477
821500,0.219,0.354,0.427
822000,0.231,0.297,0.471
822500,0.295,0.265,0.440
823000,0.251,0.314,0.435
823500,0.276,0.278,0.446
824000,0.395,0.189,0.416
824500,0.386,0.178,0.436
825000,0.384,0.186,0.430
825500,0.317,0.214,0.470
826000,0.295,0.257,0.448
826500,0.270,0.221,0.509
827000,0.276,0.258,0.466
827500,0.281,0.263,0.457
828000,0.296,0.257,0.446
828500,0.310,0.257,0.433
829000,0.278,0.275,0.447
829500,0.290,0.275,0.435
830000,0.229,0.350,0.421
830500,0.210,0.364,0.427
831000,0.199,0.375,0.426
831500,0.204,0.385,0.410
832000,0.198,0.361,0.441
832500,0.251,0.342,0.407
833000,0.286,0.283,0.431
833500,0.321,0.226,0.452
834000,0.299,0.265,0.437
834500,0.309,0.282,0.409
835000,0.322,0.267,0.410
835500,0.333,0.263,0.405
836000,0.313,0.246,0.441
836500,0.286,0.277,0.437
837000,0.258,0.312,0.430
837500,0.259,0.309,0.432
838000,0.269,0.297,0.434
838500,0.248,0.318,0.434
839000,0.211,0.361,0.428
839500,0.217,0.347,0.436
840000,0.198,0.396,0.405
840500,0.231,0.334,0.435
841000,0.256,0.303,0.441
841500,0.301,0.258,0.441
842000,0.296,0.235,0.469
842500,0.275,0.248,0.477
843000,0.303,0.276,0.421
843500,0.293,0.275,0.432
844000,0.308,0.266,0.426
844500,0.271,0.280,0.449
845000,0.289,0.232,0.480
845500,0.296,0.221,0.483
846000,0.341,0.226,0.433
846500,0.261,0.293,0.446
847000,0.201,0.363,0.436
847500,0.215,0.359,0.425
848000,0.221,0.328,0.451
848500,0.185,0.352,0.463
849000,0.200,0.376,0.424
849500,0.243,0.363,0.395
850000,0.168,0.446,0.386
850500,0.244,0.382,0.374
851000,0.254,0.356,0.391
851500,0.221,0.343,0.435
852000,0.241,0.321,0.438
852500,0.249,0.329,0.423
853000,0.300,0.263,0.438
853500,0.297,0.247,0.456
854000,0.250,0.253,0.497
854500,0.274,0.265,0.461
855000,0.300,0.239,0.461
855500,0.293,0.222,0.485
856000,0.291,0.296,0.413
856500,0.339,0.231,0.430
857000,0.299,0.251,0.450
857500,0.239,0.289,0.473
858000,0.294,0.240,0.466
858500,0.350,0.233,0.416
859000,0.351,0.221,0.428
859500,0.371,0.198,0.431
860000,0.279,0.266,0.455
860500,0.275,0.334,0.391
861000,0.254,0.349,0.397
861500,0.280,0.286,0.434
862000,0.286,0.280,0.434
862500,0.279,0.268,0.453
863000,0.247,0.317,0.437
863500,0.246,0.279,0.475
864000,0.253,0.270,0.477
864500,0.264,0.347,0.389
865000,0.256,0.367,0.377
865500,0.283,0.349,0.368
866000,0.267,0.304,0.428
866500,0.292,0.311,0.397
867000,0.256,0.366,0.378
867500,0.293,0.283,0.423
868000,0.264,0.275,0.460
868500,0.307,0.268,0.425
869000,0.274,0.274,0.452
869500,0.237,0.296,0.467
870000,0.240,0.304,0.455
870500,0.284,0.271,0.445
871000,0.290,0.254,0.455
871500,0.297,0.279,0.424
872000,0.325,0.250,0.424
872500,0.325,0.251,0.424
873000,0.321,0.264,0.414
873500,0.336,0.237,0.427
874000,0.289,0.262,0.449
874500,0.274,0.280,0.446
875000,0.283,0.239,0.478
875500,0.253,0.284,0.463
876000,0.299,0.247,0.453
876500,0.296,0.226,0.477
877000,0.251,0.296,0.452
877500,0.210,0.338,0.452
878000,0.211,0.345,0.444
878500,0.211,0.356,0.433
879000,0.186,0.397,0.417
879500,0.200,0.367,0.434
880000,0.202,0.337,0.461
880500,0.211,0.365,0.424
881000,0.229,0.342,0.428
881500,0.251,0.306,0.443
882000,0.269,0.266,0.465
882500,0.250,0.312,0.438
883000,0.329,0.230,0.441
883500,0.312,0.256,0.432
884000,0.275,0.296,0.430
884500,0.222,0.285,0.492
885000,0.173,0.357,0.469
885500,0.196,0.376,0.428
886000,0.187,0.352,0.461
886500,0.166,0.356,0.478
887000,0.194,0.417,0.389
887500,0.180,0.466,0.354
888000,0.195,0.407,0.398
888500,0.222,0.359,0.419
889000,0.182,0.368,0.450
889500,0.260,0.302,0.438
890000,0.251,0.296,0.453
890500,0.279,0.261,0.460
891000,0.257,0.322,0.421
891500,0.225,0.326,0.449
892000,0.230,0.340,0.430
892500,0.206,0.364,0.430
893000,0.260,0.297,0.442
893500,0.302,0.281,0.417
894000,0.300,0.261,0.438
894500,0.260,0.322,0.418
895000,0.224,0.332,0.444
895500,0.162,0.408,0.430
896000,0.185,0.384,0.432
896500,0.224,0.339,0.437
897000,0.214,0.388,0.398
897500,0.249,0.321,0.430
898000,0.220,0.359,0.421
898500,0.284,0.282,0.434
899000,0.311,0.245,0.444
899500,0.300,0.249,0.451
900000,0.258,0.321,0.421
900500,0.269,0.301,0.430
901000,0.294,0.233,0.473
901500,0.338,0.217,0.445
902000,0.365,0.180,0.455
902500,0.343,0.195,0.462
903000,0.330,0.233,0.437
903500,0.313,0.249,0.438
904000,0.253,0.271,0.477
904500,0.262,0.253,0.485
905000,0.268,0.260,0.472
905500,0.237,0.306,0.458
906000,0.256,0.290,0.455
906500,0.279,0.250,0.471
907000,0.258,0.258,0.484
907500,0.250,0.322,0.428
908000,0.264,0.296,0.439
908500,0.320,0.302,0.378
909000,0.377,0.233,0.389
909500,0.348,0.226,0.426
910000,0.314,0.193,0.494
910500,0.346,0.244,0.410
911000,0.357,0.229,0.414
911500,0.307,0.286,0.407
912000,0.270,0.260,0.470
912500,0.314,0.231,0.455
913000,0.353,0.168,0.478
913500,0.375,0.187,0.438
914000,0.403,0.183,0.414
914500,0.384,0.199,0.417
915000,0.399,0.182,0.419
915500,0.329,0.225,0.446
916000,0.350,0.263,0.387
916500,0.257,0.314,0.428
917000,0.265,0.310,0.425
917500,0.304,0.270,0.426
918000,0.221,0.302,0.478
918500,0.207,0.328,0.466
919000,0.230,0.321,0.449
919500,0.278,0.277,0.445
920000,0.240,0.334,0.426
920500,0.322,0.279,0.399
921000,0.269,0.296,0.435
921500,0.247,0.295,0.458
922000,0.256,0.283,0.460
922500,0.337,0.247,0.416
923000,0.292,0.286,0.421
923500,0.277,0.309,0.414
924000,0.253,0.297,0.450
924500,0.304,0.267,0.429
925000,0.282,0.293,0.425
925500,0.264,0.336,0.400
926000,0.317,0.268,0.415
926500,0.350,0.239,0.410
927000,0.331,0.277,0.392
927500,0.295,0.278,0.427
928000,0.306,0.275,0.419
928500,0.347,0.245,0.408
929000,0.267,0.291,0.442
929500,0.233,0.324,0.442
930000,0.215,0.345,0.440
930500,0.275,0.320,0.405
931000,0.278,0.311,0.412
931500,0.289,0.283,0.427
932000,0.257,0.293,0.450
932500,0.269,0.250,0.481
933000,0.276,0.263,0.461
933500,0.282,0.243,0.475
934000,0.275,0.254,0.471
934500,0.290,0.239,0.470
935000,0.227,0.316,0.457
935500,0.253,0.296,0.452
936000,0.256,0.301,0.443
936500,0.249,0.329,0.423
937000,0.206,0.278,0.516
937500,0.225,0.339,0.435
938000,0.236,0.316,0.448
938500,0.235,0.331,0.434
939000,0.227,0.329,0.444
939500,0.278,0.285,0.437
940000,0.341,0.222,0.437
940500,0.302,0.236,0.462
941000,0.227,0.315,0.458
941500,0.283,0.265,0.452
942000,0.292,0.261,0.447
942500,0.245,0.309,0.446
943000,0.264,0.322,0.414
943500,0.244,0.278,0.478
944000,0.260,0.296,0.445
944500,0.252,0.304,0.444
945000,0.314,0.263,0.423
945500,0.316,0.228,0.456
946000,0.264,0.338,0.398
946500,0.253,0.307,0.439
947000,0.315,0.272,0.413
947500,0.279,0.283,0.438
948000,0.271,0.281,0.448
948500,0.297,0.281,0.422
949000,0.335,0.225,0.440
949500,0.367,0.182,0.451
950000,0.340,0.205,0.455
950500,0.331,0.213,0.456
951000,0.263,0.282,0.455
951500,0.363,0.218,0.420
952000,0.378,0.169,0.453
952500,0.375,0.205,0.420
953000,0.326,0.256,0.418
953500,0.315,0.246,0.439
954000,0.402,0.202,0.396
954500,0.316,0.270,0.414
955000,0.310,0.251,0.439
955500,0.338,0.229,0.432
956000,0.384,0.204,0.413
956500,0.338,0.228,0.435
957000,0.283,0.282,0.435
957500,0.232,0.353,0.415
958000,0.232,0.350,0.419
958500,0.260,0.310,0.431
959000,0.269,0.316,0.414
959500,0.263,0.302,0.435
960000,0.360,0.201,0.439
960500,0.364,0.207,0.430
961000,0.307,0.267,0.426
961500,0.318,0.219,0.463
962000,0.346,0.200,0.453
962500,0.388,0.203,0.410
963000,0.416,0.186,0.398
963500,0.305,0.232,0.463
964000,0.292,0.262,0.446
964500,0.299,0.288,0.413
965000,0.286,0.281,0.434
965500,0.284,0.260,0.456
966000,0.242,0.278,0.480
966500,0.303,0.257,0.441
967000,0.267,0.278,0.455
967500,0.293,0.297,0.409
968000,0.321,0.224,0.455
968500,0.356,0.242,0.402
969000,0.423,0.196,0.381
969500,0.329,0.303,0.367
970000,0.341,0.262,0.398
970500,0.268,0.317,0.415
971000,0.375,0.176,0.449
971500,0.419,0.162,0.420
972000,0.360,0.215,0.424
972500,0.355,0.209,0.436
973000,0.302,0.235,0.464
973500,0.311,0.254,0.434
974000,0.322,0.239,0.439
974500,0.231,0.308,0.461
975000,0.288,0.263,0.449
975500,0.247,0.310,0.444
976000,0.223,0.345,0.432
976500,0.181,0.424,0.395
977000,0.194,0.371,0.435
977500,0.215,0.374,0.411
978000,0.226,0.315,0.458
978500,0.198,0.371,0.431
979000,0.250,0.357,0.393
979500,0.281,0.258,0.461
980000,0.239,0.334,0.427
980500,0.294,0.282,0.424
981000,0.327,0.227,0.446
981500,0.308,0.277,0.415
982000,0.353,0.240,0.407
982500,0.352,0.236,0.412
983000,0.405,0.186,0.409
983500,0.296,0.278,0.426
984000,0.277,0.283,0.440
984500,0.304,0.235,0.460
985000,0.225,0.313,0.463
985500,0.343,0.232,0.425
986000,0.274,0.246,0.481
986500,0.382,0.216,0.402
987000,0.275,0.305,0.420
987500,0.326,0.256,0.419
988000,0.290,0.226,0.484
988500,0.323,0.256,0.421
989000,0.314,0.256,0.430
989500,0.255,0.308,0.437
990000,0.288,0.235,0.477
990500,0.338,0.242,0.420
991000,0.320,0.226,0.454
991500,0.384,0.209,0.407
992000,0.367,0.179,0.453
992500,0.371,0.189,0.441
993000,0.342,0.214,0.444
993500,0.325,0.260,0.415
994000,0.330,0.235,0.435
994500,0.331,0.208,0.462
995000,0.289,0.289,0.422
995500,0.321,0.261,0.419
996000,0.300,0.246,0.454
996500,0.350,0.207,0.443
997000,0.363,0.180,0.457
997500,0.335,0.197,0.467
998000,0.295,0.216,0.489
998500,0.304,0.239,0.457
999000,0.332,0.247,0.421
999500,0.368,0.207,0.425
1000000,0.365,0.178,0.457
