time,n_A+p,n_B,n_AB
0,0.029,0.971,0.000
500,0.033,0.864,0.103
1000,0.041,0.822,0.136
1500,0.054,0.773,0.174
2000,0.079,0.653,0.269
2500,0.140,0.483,0.376
3000,0.198,0.364,0.438
3500,0.211,0.343,0.446
4000,0.293,0.269,0.438
4500,0.273,0.248,0.479
5000,0.298,0.202,0.500
5500,0.376,0.145,0.479
6000,0.409,0.116,0.475
6500,0.479,0.095,0.426
7000,0.529,0.112,0.360
7500,0.446,0.103,0.450
8000,0.471,0.128,0.401
8500,0.558,0.091,0.351
9000,0.599,0.095,0.306
9500,0.525,0.107,0.368
10000,0.545,0.124,0.331
10500,0.607,0.070,0.322
11000,0.686,0.041,0.273
11500,0.620,0.062,0.318
12000,0.550,0.107,0.343
12500,0.467,0.165,0.368
13000,0.550,0.107,0.343
13500,0.446,0.145,0.409
14000,0.360,0.194,0.446
14500,0.409,0.178,0.413
15000,0.413,0.120,0.467
15500,0.459,0.095,0.446
16000,0.475,0.157,0.368
16500,0.372,0.103,0.525
17000,0.360,0.145,0.496
17500,0.368,0.190,0.442
18000,0.326,0.211,0.463
18500,0.417,0.186,0.397
19000,0.397,0.194,0.409
19500,0.471,0.149,0.380
20000,0.455,0.153,0.393
20500,0.388,0.207,0.405
21000,0.405,0.145,0.450
21500,0.401,0.169,0.430
22000,0.483,0.178,0.339
22500,0.512,0.103,0.384
23000,0.471,0.140,0.388
23500,0.417,0.149,0.434
24000,0.455,0.132,0.413
24500,0.562,0.074,0.364
25000,0.508,0.112,0.380
25500,0.393,0.190,0.417
26000,0.347,0.186,0.467
26500,0.384,0.211,0.405
27000,0.360,0.240,0.401
27500,0.335,0.198,0.467
28000,0.409,0.145,0.446
28500,0.380,0.223,0.397
29000,0.331,0.244,0.426
29500,0.409,0.149,0.442
30000,0.397,0.132,0.471
30500,0.388,0.099,0.512
31000,0.417,0.145,0.438
31500,0.517,0.161,0.322
32000,0.442,0.153,0.405
32500,0.413,0.186,0.401
33000,0.388,0.194,0.417
33500,0.360,0.223,0.417
34000,0.372,0.174,0.455
34500,0.364,0.190,0.446
35000,0.343,0.223,0.434
35500,0.463,0.178,0.360
36000,0.537,0.103,0.360
36500,0.533,0.095,0.372
37000,0.492,0.132,0.376
37500,0.438,0.194,0.368
38000,0.293,0.264,0.442
38500,0.293,0.285,0.421
39000,0.289,0.219,0.492
39500,0.347,0.215,0.438
40000,0.512,0.066,0.421
40500,0.409,0.157,0.434
41000,0.401,0.202,0.397
41500,0.405,0.182,0.413
42000,0.314,0.178,0.508
42500,0.438,0.149,0.413
43000,0.537,0.062,0.401
43500,0.475,0.153,0.372
44000,0.442,0.157,0.401
44500,0.372,0.140,0.488
45000,0.380,0.165,0.455
45500,0.393,0.202,0.405
46000,0.426,0.157,0.417
46500,0.442,0.153,0.405
47000,0.426,0.178,0.397
47500,0.430,0.132,0.438
48000,0.517,0.149,0.335
48500,0.488,0.140,0.372
49000,0.504,0.120,0.376
49500,0.463,0.124,0.413
50000,0.413,0.116,0.471
50500,0.508,0.128,0.364
51000,0.529,0.083,0.388
51500,0.430,0.182,0.388
52000,0.417,0.198,0.384
52500,0.351,0.231,0.417
53000,0.376,0.165,0.459
53500,0.380,0.169,0.450
54000,0.384,0.190,0.426
54500,0.500,0.165,0.335
55000,0.401,0.190,0.409
55500,0.335,0.240,0.426
56000,0.326,0.190,0.483
56500,0.384,0.211,0.405
57000,0.417,0.186,0.397
57500,0.483,0.107,0.409
58000,0.537,0.079,0.384
58500,0.541,0.103,0.355
59000,0.479,0.116,0.405
59500,0.508,0.124,0.368
60000,0.417,0.132,0.450
60500,0.318,0.231,0.450
61000,0.293,0.219,0.488
61500,0.248,0.310,0.442
62000,0.285,0.231,0.483
62500,0.413,0.190,0.397
63000,0.388,0.140,0.471
63500,0.388,0.202,0.409
64000,0.500,0.128,0.372
64500,0.467,0.136,0.397
65000,0.475,0.120,0.405
65500,0.479,0.178,0.343
66000,0.434,0.120,0.446
66500,0.512,0.132,0.355
67000,0.550,0.116,0.335
67500,0.512,0.132,0.355
68000,0.302,0.269,0.430
68500,0.409,0.194,0.397
69000,0.417,0.169,0.413
69500,0.368,0.182,0.450
70000,0.335,0.273,0.393
70500,0.384,0.198,0.417
71000,0.517,0.140,0.343
71500,0.525,0.136,0.339
72000,0.471,0.128,0.401
72500,0.442,0.190,0.368
73000,0.351,0.153,0.496
73500,0.450,0.136,0.413
74000,0.517,0.099,0.384
74500,0.570,0.112,0.318
75000,0.545,0.091,0.364
75500,0.570,0.083,0.347
76000,0.529,0.087,0.384
76500,0.550,0.103,0.347
77000,0.554,0.079,0.368
77500,0.533,0.070,0.397
78000,0.521,0.079,0.401
78500,0.521,0.062,0.417
79000,0.517,0.087,0.397
79500,0.529,0.054,0.417
80000,0.595,0.107,0.298
80500,0.562,0.099,0.339
81000,0.508,0.103,0.388
81500,0.446,0.099,0.455
82000,0.455,0.194,0.351
82500,0.322,0.264,0.413
83000,0.351,0.186,0.463
83500,0.318,0.256,0.426
84000,0.244,0.310,0.446
84500,0.281,0.335,0.384
85000,0.269,0.293,0.438
85500,0.318,0.269,0.413
86000,0.273,0.277,0.450
86500,0.273,0.244,0.483
87000,0.281,0.231,0.488
87500,0.376,0.140,0.483
88000,0.347,0.186,0.467
88500,0.293,0.314,0.393
89000,0.248,0.281,0.471
89500,0.293,0.260,0.446
90000,0.331,0.231,0.438
90500,0.281,0.223,0.496
91000,0.302,0.215,0.483
91500,0.388,0.219,0.393
92000,0.430,0.202,0.368
92500,0.355,0.202,0.442
93000,0.368,0.202,0.430
93500,0.339,0.236,0.426
94000,0.434,0.165,0.401
94500,0.434,0.198,0.368
95000,0.500,0.079,0.421
95500,0.558,0.079,0.364
96000,0.479,0.136,0.384
96500,0.508,0.099,0.393
97000,0.537,0.120,0.343
97500,0.595,0.091,0.314
98000,0.537,0.062,0.401
98500,0.616,0.058,0.326
99000,0.628,0.050,0.322
99500,0.674,0.037,0.289
100000,0.628,0.037,0.335
100500,0.541,0.079,0.380
101000,0.599,0.099,0.302
101500,0.550,0.091,0.360
102000,0.632,0.074,0.293
102500,0.587,0.058,0.355
103000,0.426,0.157,0.417
103500,0.467,0.145,0.388
104000,0.401,0.190,0.409
104500,0.413,0.157,0.430
105000,0.372,0.215,0.413
105500,0.393,0.153,0.455
106000,0.393,0.202,0.405
106500,0.314,0.223,0.463
107000,0.335,0.240,0.426
107500,0.384,0.136,0.479
108000,0.430,0.157,0.413
108500,0.446,0.124,0.430
109000,0.483,0.116,0.401
109500,0.446,0.124,0.430
110000,0.479,0.103,0.417
110500,0.500,0.103,0.397
111000,0.459,0.161,0.380
111500,0.475,0.140,0.384
112000,0.504,0.107,0.388
112500,0.574,0.050,0.376
113000,0.492,0.136,0.372
113500,0.471,0.083,0.446
114000,0.504,0.124,0.372
114500,0.521,0.058,0.421
115000,0.669,0.033,0.298
115500,0.554,0.087,0.360
116000,0.455,0.136,0.409
116500,0.533,0.099,0.368
117000,0.566,0.070,0.364
117500,0.471,0.132,0.397
118000,0.504,0.095,0.401
118500,0.558,0.095,0.347
119000,0.434,0.157,0.409
119500,0.405,0.149,0.446
120000,0.376,0.161,0.463
120500,0.384,0.202,0.413
121000,0.326,0.223,0.450
121500,0.335,0.231,0.434
122000,0.380,0.207,0.413
122500,0.421,0.161,0.417
123000,0.512,0.083,0.405
123500,0.620,0.062,0.318
124000,0.566,0.087,0.347
124500,0.558,0.124,0.318
125000,0.533,0.103,0.364
125500,0.541,0.116,0.343
126000,0.678,0.058,0.264
126500,0.698,0.045,0.256
127000,0.715,0.045,0.240
127500,0.748,0.021,0.231
128000,0.694,0.037,0.269
128500,0.661,0.070,0.269
129000,0.698,0.050,0.252
129500,0.603,0.095,0.302
130000,0.595,0.074,0.331
130500,0.479,0.074,0.446
131000,0.517,0.070,0.413
131500,0.492,0.120,0.388
132000,0.636,0.050,0.314
132500,0.545,0.103,0.351
133000,0.591,0.095,0.314
133500,0.488,0.116,0.397
134000,0.488,0.140,0.372
134500,0.483,0.095,0.421
135000,0.562,0.091,0.347
135500,0.430,0.120,0.450
136000,0.380,0.136,0.483
136500,0.471,0.120,0.409
137000,0.426,0.186,0.388
137500,0.446,0.153,0.401
138000,0.409,0.190,0.401
138500,0.384,0.202,0.413
139000,0.364,0.207,0.430
139500,0.293,0.211,0.496
140000,0.351,0.186,0.463
140500,0.293,0.269,0.438
141000,0.347,0.215,0.438
141500,0.376,0.174,0.450
142000,0.455,0.124,0.421
142500,0.471,0.207,0.322
143000,0.434,0.136,0.430
143500,0.405,0.153,0.442
144000,0.521,0.062,0.417
144500,0.541,0.112,0.347
145000,0.426,0.128,0.446
145500,0.496,0.116,0.388
146000,0.504,0.116,0.380
146500,0.508,0.099,0.393
147000,0.376,0.128,0.496
147500,0.442,0.103,0.455
148000,0.426,0.132,0.442
148500,0.393,0.165,0.442
149000,0.397,0.145,0.459
149500,0.500,0.140,0.360
150000,0.467,0.112,0.421
150500,0.442,0.157,0.401
151000,0.426,0.169,0.405
151500,0.500,0.091,0.409
152000,0.479,0.145,0.376
152500,0.479,0.186,0.335
153000,0.442,0.116,0.442
153500,0.483,0.099,0.417
154000,0.479,0.099,0.421
154500,0.442,0.095,0.463
155000,0.459,0.149,0.393
155500,0.393,0.178,0.430
156000,0.314,0.298,0.388
156500,0.355,0.186,0.459
157000,0.384,0.211,0.405
157500,0.384,0.207,0.409
158000,0.347,0.211,0.442
158500,0.384,0.190,0.426
159000,0.372,0.174,0.455
159500,0.376,0.161,0.463
160000,0.409,0.182,0.409
160500,0.343,0.244,0.413
161000,0.347,0.236,0.417
161500,0.244,0.293,0.463
162000,0.252,0.240,0.508
162500,0.339,0.182,0.479
163000,0.409,0.140,0.450
163500,0.479,0.161,0.360
164000,0.430,0.157,0.413
164500,0.388,0.165,0.446
165000,0.326,0.227,0.446
165500,0.401,0.124,0.475
166000,0.397,0.178,0.426
166500,0.479,0.136,0.384
167000,0.426,0.178,0.397
167500,0.475,0.116,0.409
168000,0.599,0.066,0.335
168500,0.603,0.120,0.277
169000,0.620,0.041,0.339
169500,0.566,0.074,0.360
170000,0.541,0.132,0.326
170500,0.463,0.132,0.405
171000,0.517,0.136,0.347
171500,0.566,0.112,0.322
172000,0.595,0.095,0.310
172500,0.612,0.074,0.314
173000,0.694,0.045,0.260
173500,0.624,0.045,0.331
174000,0.686,0.054,0.260
174500,0.719,0.025,0.256
175000,0.669,0.025,0.306
175500,0.707,0.021,0.273
176000,0.661,0.054,0.285
176500,0.657,0.041,0.302
177000,0.653,0.083,0.264
177500,0.661,0.033,0.306
178000,0.640,0.062,0.298
178500,0.616,0.054,0.331
179000,0.682,0.025,0.293
179500,0.702,0.012,0.285
180000,0.570,0.070,0.360
180500,0.628,0.037,0.335
181000,0.587,0.050,0.364
181500,0.537,0.062,0.401
182000,0.612,0.087,0.302
182500,0.479,0.120,0.401
183000,0.558,0.079,0.364
183500,0.562,0.050,0.388
184000,0.579,0.074,0.347
184500,0.628,0.083,0.289
185000,0.616,0.058,0.326
185500,0.607,0.045,0.347
186000,0.545,0.079,0.376
186500,0.591,0.087,0.322
187000,0.591,0.099,0.310
187500,0.636,0.045,0.318
188000,0.690,0.041,0.269
188500,0.723,0.045,0.231
189000,0.760,0.045,0.194
189500,0.798,0.025,0.178
190000,0.777,0.012,0.211
190500,0.760,0.025,0.215
191000,0.711,0.004,0.285
191500,0.702,0.062,0.236
192000,0.649,0.050,0.302
192500,0.599,0.103,0.298
193000,0.508,0.132,0.360
193500,0.430,0.186,0.384
194000,0.426,0.153,0.421
194500,0.558,0.079,0.364
195000,0.632,0.054,0.314
195500,0.574,0.066,0.360
196000,0.682,0.045,0.273
196500,0.640,0.033,0.326
197000,0.640,0.062,0.298
197500,0.545,0.079,0.376
198000,0.492,0.145,0.364
198500,0.438,0.128,0.434
199000,0.483,0.116,0.401
199500,0.459,0.112,0.430
200000,0.541,0.145,0.314
200500,0.475,0.145,0.380
201000,0.355,0.145,0.500
201500,0.479,0.132,0.388
202000,0.430,0.161,0.409
202500,0.343,0.178,0.479
203000,0.248,0.293,0.459
203500,0.355,0.248,0.397
204000,0.380,0.178,0.442
204500,0.397,0.236,0.368
205000,0.380,0.285,0.335
205500,0.240,0.260,0.500
206000,0.331,0.269,0.401
206500,0.393,0.215,0.393
207000,0.554,0.103,0.343
207500,0.579,0.087,0.335
208000,0.508,0.095,0.397
208500,0.496,0.107,0.397
209000,0.521,0.124,0.355
209500,0.562,0.124,0.314
210000,0.550,0.083,0.368
210500,0.537,0.132,0.331
211000,0.612,0.087,0.302
211500,0.657,0.045,0.298
212000,0.686,0.029,0.285
212500,0.649,0.050,0.302
213000,0.636,0.087,0.277
213500,0.628,0.062,0.310
214000,0.558,0.136,0.306
214500,0.401,0.145,0.455
215000,0.360,0.207,0.434
215500,0.417,0.211,0.372
216000,0.397,0.190,0.413
216500,0.446,0.145,0.409
217000,0.426,0.169,0.405
217500,0.368,0.231,0.401
218000,0.442,0.165,0.393
218500,0.463,0.178,0.360
219000,0.384,0.202,0.413
219500,0.409,0.149,0.442
220000,0.492,0.132,0.376
220500,0.450,0.107,0.442
221000,0.355,0.231,0.413
221500,0.331,0.244,0.426
222000,0.360,0.215,0.426
222500,0.360,0.182,0.459
223000,0.421,0.149,0.430
223500,0.446,0.132,0.421
224000,0.343,0.202,0.455
224500,0.384,0.165,0.450
225000,0.426,0.116,0.459
225500,0.380,0.128,0.492
226000,0.384,0.186,0.430
226500,0.434,0.149,0.417
227000,0.545,0.099,0.355
227500,0.591,0.079,0.331
228000,0.488,0.124,0.388
228500,0.488,0.079,0.434
229000,0.397,0.211,0.393
229500,0.331,0.149,0.521
230000,0.302,0.227,0.471
230500,0.269,0.273,0.459
231000,0.269,0.277,0.455
231500,0.310,0.223,0.467
232000,0.409,0.169,0.421
232500,0.335,0.310,0.355
233000,0.318,0.223,0.459
233500,0.351,0.223,0.426
234000,0.521,0.153,0.326
234500,0.409,0.174,0.417
235000,0.455,0.174,0.372
235500,0.397,0.182,0.421
236000,0.376,0.149,0.475
236500,0.393,0.190,0.417
237000,0.409,0.128,0.463
237500,0.459,0.132,0.409
238000,0.483,0.145,0.372
238500,0.384,0.145,0.471
239000,0.384,0.215,0.401
239500,0.339,0.298,0.364
240000,0.331,0.207,0.463
240500,0.335,0.182,0.483
241000,0.417,0.186,0.397
241500,0.413,0.149,0.438
242000,0.355,0.149,0.496
242500,0.397,0.178,0.426
243000,0.438,0.091,0.471
243500,0.368,0.215,0.417
244000,0.413,0.194,0.393
244500,0.335,0.219,0.446
245000,0.273,0.264,0.463
245500,0.236,0.248,0.517
246000,0.240,0.351,0.409
246500,0.339,0.227,0.434
247000,0.347,0.202,0.450
247500,0.368,0.207,0.426
248000,0.376,0.231,0.393
248500,0.318,0.211,0.471
249000,0.364,0.198,0.438
249500,0.310,0.182,0.508
250000,0.339,0.223,0.438
250500,0.463,0.140,0.397
251000,0.421,0.153,0.426
251500,0.405,0.153,0.442
252000,0.339,0.169,0.492
252500,0.426,0.186,0.388
253000,0.384,0.157,0.459
253500,0.393,0.161,0.446
254000,0.413,0.149,0.438
254500,0.401,0.174,0.426
255000,0.438,0.174,0.388
255500,0.430,0.132,0.438
256000,0.508,0.132,0.360
256500,0.393,0.124,0.483
257000,0.413,0.182,0.405
257500,0.318,0.277,0.405
258000,0.388,0.207,0.405
258500,0.426,0.169,0.405
259000,0.483,0.169,0.347
259500,0.537,0.128,0.335
260000,0.479,0.116,0.405
260500,0.360,0.186,0.455
261000,0.442,0.120,0.438
261500,0.504,0.087,0.409
262000,0.459,0.149,0.393
262500,0.434,0.136,0.430
263000,0.533,0.124,0.343
263500,0.459,0.149,0.393
264000,0.483,0.079,0.438
264500,0.455,0.124,0.421
265000,0.393,0.194,0.413
265500,0.384,0.178,0.438
266000,0.421,0.186,0.393
266500,0.405,0.169,0.426
267000,0.397,0.190,0.413
267500,0.380,0.231,0.388
268000,0.438,0.157,0.405
268500,0.496,0.136,0.368
269000,0.397,0.190,0.413
269500,0.335,0.211,0.455
270000,0.388,0.174,0.438
270500,0.380,0.231,0.388
271000,0.269,0.264,0.467
271500,0.335,0.231,0.434
272000,0.335,0.211,0.455
272500,0.380,0.211,0.409
273000,0.293,0.264,0.442
273500,0.322,0.260,0.417
274000,0.351,0.190,0.459
274500,0.430,0.174,0.397
275000,0.508,0.128,0.364
275500,0.550,0.087,0.364
276000,0.525,0.116,0.360
276500,0.632,0.054,0.314
277000,0.612,0.095,0.293
277500,0.632,0.070,0.298
278000,0.566,0.074,0.360
278500,0.492,0.136,0.372
279000,0.517,0.083,0.401
279500,0.512,0.120,0.368
280000,0.483,0.132,0.384
280500,0.554,0.099,0.347
281000,0.517,0.103,0.380
281500,0.525,0.087,0.388
282000,0.446,0.161,0.393
282500,0.360,0.128,0.512
283000,0.467,0.099,0.434
283500,0.438,0.103,0.459
284000,0.426,0.112,0.463
284500,0.446,0.140,0.413
285000,0.434,0.182,0.384
285500,0.364,0.223,0.413
286000,0.364,0.149,0.488
286500,0.339,0.223,0.438
287000,0.264,0.314,0.421
287500,0.289,0.207,0.504
288000,0.293,0.252,0.455
288500,0.302,0.248,0.450
289000,0.355,0.244,0.401
289500,0.360,0.215,0.426
290000,0.314,0.215,0.471
290500,0.438,0.165,0.397
291000,0.339,0.182,0.479
291500,0.405,0.182,0.413
292000,0.409,0.223,0.368
292500,0.475,0.128,0.397
293000,0.504,0.140,0.355
293500,0.566,0.095,0.339
294000,0.525,0.070,0.405
294500,0.455,0.112,0.434
295000,0.409,0.174,0.417
295500,0.331,0.260,0.409
296000,0.314,0.236,0.450
296500,0.227,0.347,0.426
297000,0.231,0.260,0.508
297500,0.248,0.256,0.496
298000,0.289,0.260,0.450
298500,0.260,0.298,0.442
299000,0.331,0.293,0.376
299500,0.302,0.244,0.455
300000,0.355,0.182,0.463
300500,0.318,0.211,0.471
301000,0.397,0.169,0.434
301500,0.479,0.128,0.393
302000,0.413,0.153,0.434
302500,0.322,0.194,0.483
303000,0.314,0.273,0.413
303500,0.335,0.252,0.413
304000,0.322,0.202,0.475
304500,0.413,0.157,0.430
305000,0.364,0.178,0.459
305500,0.364,0.202,0.434
306000,0.434,0.174,0.393
306500,0.360,0.215,0.426
307000,0.343,0.207,0.450
307500,0.223,0.314,0.463
308000,0.302,0.219,0.479
308500,0.384,0.198,0.417
309000,0.438,0.182,0.380
309500,0.525,0.103,0.372
310000,0.442,0.128,0.430
310500,0.455,0.128,0.417
311000,0.500,0.145,0.355
311500,0.364,0.178,0.459
312000,0.372,0.186,0.442
312500,0.306,0.190,0.504
313000,0.438,0.157,0.405
313500,0.421,0.107,0.471
314000,0.455,0.145,0.401
314500,0.599,0.079,0.322
315000,0.682,0.054,0.264
315500,0.661,0.045,0.293
316000,0.773,0.021,0.207
316500,0.744,0.017,0.240
317000,0.707,0.041,0.252
317500,0.686,0.050,0.264
318000,0.640,0.103,0.256
318500,0.612,0.050,0.339
319000,0.669,0.058,0.273
319500,0.595,0.103,0.302
320000,0.475,0.116,0.409
320500,0.339,0.169,0.492
321000,0.397,0.165,0.438
321500,0.360,0.215,0.426
322000,0.289,0.223,0.488
322500,0.281,0.244,0.475
323000,0.351,0.293,0.355
323500,0.285,0.273,0.442
324000,0.302,0.322,0.376
324500,0.285,0.244,0.471
325000,0.467,0.116,0.417
325500,0.479,0.149,0.372
326000,0.504,0.099,0.397
326500,0.492,0.149,0.360
327000,0.421,0.178,0.401
327500,0.298,0.277,0.426
328000,0.360,0.198,0.442
328500,0.409,0.211,0.380
329000,0.380,0.145,0.475
329500,0.302,0.231,0.467
330000,0.293,0.306,0.401
330500,0.306,0.244,0.450
331000,0.289,0.227,0.483
331500,0.376,0.215,0.409
332000,0.289,0.281,0.430
332500,0.310,0.269,0.421
333000,0.207,0.347,0.446
333500,0.256,0.314,0.430
334000,0.174,0.343,0.483
334500,0.314,0.314,0.372
335000,0.351,0.178,0.471
335500,0.475,0.107,0.417
336000,0.405,0.194,0.401
336500,0.339,0.207,0.455
337000,0.281,0.269,0.450
337500,0.335,0.211,0.455
338000,0.376,0.223,0.401
338500,0.318,0.207,0.475
339000,0.372,0.165,0.463
339500,0.393,0.153,0.455
340000,0.355,0.219,0.426
340500,0.347,0.248,0.405
341000,0.442,0.124,0.434
341500,0.405,0.219,0.376
342000,0.393,0.182,0.426
342500,0.318,0.252,0.430
343000,0.355,0.174,0.471
343500,0.384,0.190,0.426
344000,0.413,0.174,0.413
344500,0.397,0.157,0.446
345000,0.384,0.190,0.426
345500,0.397,0.252,0.351
346000,0.364,0.174,0.463
346500,0.393,0.128,0.479
347000,0.339,0.178,0.483
347500,0.335,0.194,0.471
348000,0.310,0.273,0.417
348500,0.219,0.343,0.438
349000,0.182,0.368,0.450
349500,0.215,0.376,0.409
350000,0.277,0.310,0.413
350500,0.260,0.293,0.446
351000,0.380,0.202,0.417
351500,0.368,0.182,0.450
352000,0.289,0.285,0.426
352500,0.293,0.231,0.475
353000,0.322,0.240,0.438
353500,0.343,0.132,0.525
354000,0.426,0.153,0.421
354500,0.496,0.157,0.347
355000,0.455,0.149,0.397
355500,0.446,0.140,0.413
356000,0.496,0.157,0.347
356500,0.558,0.087,0.355
357000,0.471,0.128,0.401
357500,0.488,0.120,0.393
358000,0.405,0.149,0.446
358500,0.376,0.169,0.455
359000,0.393,0.211,0.397
359500,0.269,0.302,0.430
360000,0.331,0.240,0.430
360500,0.405,0.157,0.438
361000,0.496,0.140,0.364
361500,0.434,0.120,0.446
362000,0.459,0.174,0.368
362500,0.421,0.153,0.426
363000,0.376,0.165,0.459
363500,0.405,0.132,0.463
364000,0.434,0.174,0.393
364500,0.397,0.211,0.393
365000,0.413,0.157,0.430
365500,0.409,0.157,0.434
366000,0.355,0.215,0.430
366500,0.277,0.248,0.475
367000,0.331,0.252,0.417
367500,0.331,0.190,0.479
368000,0.273,0.277,0.450
368500,0.231,0.289,0.479
369000,0.417,0.174,0.409
369500,0.459,0.157,0.384
370000,0.467,0.157,0.376
370500,0.393,0.169,0.438
371000,0.430,0.103,0.467
371500,0.450,0.074,0.475
372000,0.417,0.145,0.438
372500,0.426,0.149,0.426
373000,0.397,0.136,0.467
373500,0.351,0.211,0.438
374000,0.376,0.277,0.347
374500,0.219,0.368,0.413
375000,0.215,0.318,0.467
375500,0.281,0.198,0.521
376000,0.413,0.157,0.430
376500,0.343,0.186,0.471
377000,0.426,0.161,0.413
377500,0.550,0.091,0.360
378000,0.492,0.128,0.380
378500,0.479,0.149,0.372
379000,0.566,0.132,0.302
379500,0.640,0.041,0.318
380000,0.698,0.050,0.252
380500,0.686,0.025,0.289
381000,0.698,0.062,0.240
381500,0.595,0.045,0.360
382000,0.649,0.041,0.310
382500,0.574,0.070,0.355
383000,0.347,0.202,0.450
383500,0.372,0.202,0.426
384000,0.463,0.145,0.393
384500,0.550,0.066,0.384
385000,0.554,0.074,0.372
385500,0.521,0.037,0.442
386000,0.574,0.054,0.372
386500,0.562,0.120,0.318
387000,0.541,0.116,0.343
387500,0.554,0.112,0.335
388000,0.492,0.128,0.380
388500,0.521,0.116,0.364
389000,0.467,0.095,0.438
389500,0.479,0.120,0.401
390000,0.550,0.107,0.343
390500,0.554,0.132,0.314
391000,0.492,0.112,0.397
391500,0.471,0.120,0.409
392000,0.421,0.149,0.430
392500,0.393,0.198,0.409
393000,0.289,0.248,0.463
393500,0.306,0.277,0.417
394000,0.430,0.140,0.430
394500,0.405,0.161,0.434
395000,0.351,0.211,0.438
395500,0.380,0.198,0.421
396000,0.426,0.136,0.438
396500,0.450,0.103,0.446
397000,0.467,0.178,0.355
397500,0.318,0.223,0.459
398000,0.343,0.178,0.479
398500,0.335,0.186,0.479
399000,0.426,0.132,0.442
399500,0.401,0.169,0.430
400000,0.368,0.207,0.426
400500,0.388,0.132,0.479
401000,0.388,0.174,0.438
401500,0.318,0.202,0.479
402000,0.347,0.190,0.463
402500,0.393,0.128,0.479
403000,0.467,0.165,0.368
403500,0.455,0.136,0.409
404000,0.380,0.136,0.483
404500,0.347,0.145,0.508
405000,0.417,0.190,0.393
405500,0.355,0.227,0.417
406000,0.347,0.256,0.397
406500,0.326,0.281,0.393
407000,0.376,0.198,0.426
407500,0.413,0.140,0.446
408000,0.467,0.116,0.417
408500,0.488,0.112,0.401
409000,0.483,0.083,0.434
409500,0.591,0.145,0.264
410000,0.479,0.091,0.430
410500,0.649,0.062,0.289
411000,0.665,0.054,0.281
411500,0.694,0.029,0.277
412000,0.636,0.083,0.281
412500,0.583,0.087,0.331
413000,0.488,0.087,0.426
413500,0.450,0.174,0.376
414000,0.455,0.140,0.405
414500,0.550,0.083,0.368
415000,0.558,0.112,0.331
415500,0.388,0.194,0.417
416000,0.376,0.136,0.488
416500,0.455,0.132,0.413
417000,0.579,0.087,0.335
417500,0.583,0.062,0.355
418000,0.665,0.045,0.289
418500,0.674,0.045,0.281
419000,0.632,0.050,0.318
419500,0.566,0.045,0.388
420000,0.607,0.062,0.331
420500,0.471,0.083,0.446
421000,0.430,0.132,0.438
421500,0.591,0.091,0.318
422000,0.471,0.099,0.430
422500,0.442,0.132,0.426
423000,0.500,0.103,0.397
423500,0.463,0.161,0.376
424000,0.475,0.091,0.434
424500,0.483,0.074,0.442
425000,0.459,0.145,0.397
425500,0.467,0.149,0.384
426000,0.450,0.186,0.364
426500,0.463,0.165,0.372
427000,0.450,0.120,0.430
427500,0.442,0.120,0.438
428000,0.430,0.190,0.380
428500,0.446,0.169,0.384
429000,0.413,0.198,0.388
429500,0.405,0.165,0.430
430000,0.438,0.149,0.413
430500,0.442,0.153,0.405
431000,0.351,0.186,0.463
431500,0.360,0.231,0.409
432000,0.285,0.215,0.500
432500,0.368,0.248,0.384
433000,0.355,0.182,0.463
433500,0.459,0.136,0.405
434000,0.541,0.116,0.343
434500,0.500,0.128,0.372
435000,0.388,0.194,0.417
435500,0.409,0.161,0.430
436000,0.442,0.140,0.417
436500,0.488,0.149,0.364
437000,0.479,0.099,0.421
437500,0.537,0.079,0.384
438000,0.488,0.145,0.368
438500,0.562,0.091,0.347
439000,0.488,0.087,0.426
439500,0.426,0.153,0.421
440000,0.446,0.091,0.463
440500,0.455,0.165,0.380
441000,0.442,0.107,0.450
441500,0.508,0.099,0.393
442000,0.434,0.116,0.450
442500,0.455,0.169,0.376
443000,0.393,0.112,0.496
443500,0.417,0.145,0.438
444000,0.413,0.128,0.459
444500,0.455,0.165,0.380
445000,0.628,0.041,0.331
445500,0.669,0.037,0.293
446000,0.632,0.079,0.289
446500,0.558,0.087,0.355
447000,0.421,0.169,0.409
447500,0.459,0.116,0.426
448000,0.413,0.207,0.380
448500,0.421,0.178,0.401
449000,0.368,0.174,0.459
449500,0.314,0.211,0.475
450000,0.260,0.244,0.496
450500,0.326,0.231,0.442
451000,0.231,0.302,0.467
451500,0.293,0.248,0.459
452000,0.360,0.165,0.475
452500,0.326,0.240,0.434
453000,0.413,0.169,0.417
453500,0.388,0.161,0.450
454000,0.393,0.174,0.434
454500,0.364,0.198,0.438
455000,0.455,0.153,0.393
455500,0.521,0.140,0.339
456000,0.595,0.074,0.331
456500,0.583,0.083,0.335
457000,0.562,0.074,0.364
457500,0.483,0.087,0.430
458000,0.508,0.091,0.401
458500,0.368,0.103,0.529
459000,0.277,0.314,0.409
459500,0.347,0.335,0.318
460000,0.343,0.227,0.430
460500,0.335,0.240,0.426
461000,0.355,0.169,0.475
461500,0.335,0.215,0.450
462000,0.413,0.149,0.438
462500,0.351,0.215,0.434
463000,0.421,0.140,0.438
463500,0.504,0.074,0.421
464000,0.541,0.087,0.372
464500,0.591,0.083,0.326
465000,0.591,0.083,0.326
465500,0.624,0.079,0.298
466000,0.628,0.045,0.326
466500,0.686,0.079,0.236
467000,0.632,0.066,0.302
467500,0.603,0.095,0.302
468000,0.657,0.029,0.314
468500,0.599,0.099,0.302
469000,0.455,0.227,0.318
469500,0.455,0.149,0.397
470000,0.512,0.112,0.376
470500,0.607,0.054,0.339
471000,0.517,0.095,0.388
471500,0.529,0.087,0.384
472000,0.500,0.120,0.380
472500,0.388,0.190,0.421
473000,0.306,0.194,0.500
473500,0.285,0.244,0.471
474000,0.368,0.145,0.488
474500,0.285,0.211,0.504
475000,0.364,0.256,0.380
475500,0.322,0.190,0.488
476000,0.360,0.182,0.459
476500,0.442,0.149,0.409
477000,0.417,0.178,0.405
477500,0.393,0.153,0.455
478000,0.562,0.087,0.351
478500,0.628,0.083,0.289
479000,0.607,0.045,0.347
479500,0.500,0.136,0.364
480000,0.450,0.124,0.426
480500,0.537,0.087,0.376
481000,0.521,0.128,0.351
481500,0.636,0.070,0.293
482000,0.632,0.070,0.298
482500,0.562,0.066,0.372
483000,0.628,0.091,0.281
483500,0.533,0.120,0.347
484000,0.442,0.149,0.409
484500,0.376,0.190,0.434
485000,0.397,0.153,0.450
485500,0.364,0.161,0.475
486000,0.455,0.112,0.434
486500,0.376,0.182,0.442
487000,0.372,0.202,0.426
487500,0.355,0.223,0.421
488000,0.331,0.215,0.455
488500,0.376,0.174,0.450
489000,0.450,0.157,0.393
489500,0.426,0.219,0.355
490000,0.372,0.140,0.488
490500,0.401,0.182,0.417
491000,0.384,0.211,0.405
491500,0.260,0.281,0.459
492000,0.264,0.343,0.393
492500,0.335,0.194,0.471
493000,0.380,0.161,0.459
493500,0.384,0.240,0.376
494000,0.318,0.223,0.459
494500,0.302,0.244,0.455
495000,0.326,0.244,0.430
495500,0.343,0.248,0.409
496000,0.434,0.107,0.459
496500,0.339,0.227,0.434
497000,0.310,0.277,0.413
497500,0.397,0.202,0.401
498000,0.417,0.153,0.430
498500,0.393,0.161,0.446
499000,0.450,0.157,0.393
499500,0.405,0.186,0.409
500000,0.298,0.256,0.446
500500,0.314,0.277,0.409
501000,0.306,0.314,0.380
501500,0.318,0.269,0.413
502000,0.227,0.298,0.475
502500,0.165,0.306,0.529
503000,0.264,0.277,0.459
503500,0.302,0.215,0.483
504000,0.281,0.223,0.496
504500,0.347,0.128,0.525
505000,0.331,0.178,0.492
505500,0.401,0.140,0.459
506000,0.475,0.116,0.409
506500,0.488,0.099,0.413
507000,0.566,0.091,0.343
507500,0.496,0.116,0.388
508000,0.500,0.099,0.401
508500,0.533,0.103,0.364
509000,0.562,0.074,0.364
509500,0.620,0.045,0.335
510000,0.612,0.054,0.335
510500,0.603,0.107,0.289
511000,0.541,0.112,0.347
511500,0.430,0.149,0.421
512000,0.492,0.120,0.388
512500,0.475,0.140,0.384
513000,0.570,0.091,0.339
513500,0.545,0.128,0.326
514000,0.504,0.095,0.401
514500,0.483,0.140,0.376
515000,0.426,0.178,0.397
515500,0.343,0.248,0.409
516000,0.413,0.140,0.446
516500,0.442,0.095,0.463
517000,0.413,0.186,0.401
517500,0.496,0.190,0.314
518000,0.492,0.103,0.405
518500,0.525,0.116,0.360
519000,0.504,0.079,0.417
519500,0.483,0.107,0.409
520000,0.504,0.095,0.401
520500,0.566,0.087,0.347
521000,0.574,0.087,0.339
521500,0.558,0.120,0.322
522000,0.492,0.132,0.376
522500,0.417,0.124,0.459
523000,0.430,0.128,0.442
523500,0.331,0.149,0.521
524000,0.434,0.099,0.467
524500,0.500,0.112,0.388
525000,0.483,0.112,0.405
525500,0.393,0.207,0.401
526000,0.496,0.099,0.405
526500,0.488,0.124,0.388
527000,0.533,0.132,0.335
527500,0.512,0.091,0.397
528000,0.393,0.136,0.471
528500,0.483,0.128,0.388
529000,0.397,0.149,0.455
529500,0.409,0.149,0.442
530000,0.442,0.169,0.388
530500,0.318,0.240,0.442
531000,0.285,0.240,0.475
531500,0.256,0.260,0.483
532000,0.260,0.285,0.455
532500,0.281,0.252,0.467
533000,0.285,0.293,0.421
533500,0.298,0.240,0.463
534000,0.293,0.256,0.450
534500,0.434,0.223,0.343
535000,0.500,0.128,0.372
535500,0.471,0.161,0.368
536000,0.413,0.223,0.364
536500,0.368,0.165,0.467
537000,0.376,0.153,0.471
537500,0.417,0.136,0.446
538000,0.467,0.124,0.409
538500,0.488,0.095,0.417
539000,0.517,0.132,0.351
539500,0.599,0.079,0.322
540000,0.545,0.099,0.355
540500,0.550,0.062,0.388
541000,0.632,0.066,0.302
541500,0.607,0.041,0.351
542000,0.500,0.099,0.401
542500,0.591,0.070,0.339
543000,0.508,0.103,0.388
543500,0.496,0.140,0.364
544000,0.434,0.169,0.397
544500,0.475,0.161,0.364
545000,0.479,0.136,0.384
545500,0.537,0.083,0.380
546000,0.612,0.041,0.347
546500,0.649,0.083,0.269
547000,0.632,0.066,0.302
547500,0.579,0.107,0.314
548000,0.649,0.045,0.306
548500,0.628,0.029,0.343
549000,0.682,0.050,0.269
549500,0.752,0.029,0.219
550000,0.727,0.050,0.223
550500,0.661,0.045,0.293
551000,0.781,0.012,0.207
551500,0.719,0.045,0.236
552000,0.616,0.066,0.318
552500,0.566,0.116,0.318
553000,0.583,0.099,0.318
553500,0.579,0.062,0.360
554000,0.521,0.062,0.417
554500,0.450,0.140,0.409
555000,0.417,0.157,0.426
555500,0.463,0.132,0.405
556000,0.467,0.087,0.446
556500,0.599,0.045,0.355
557000,0.558,0.058,0.384
557500,0.492,0.116,0.393
558000,0.413,0.174,0.413
558500,0.442,0.157,0.401
559000,0.430,0.178,0.393
559500,0.430,0.178,0.393
560000,0.289,0.269,0.442
560500,0.405,0.244,0.351
561000,0.314,0.248,0.438
561500,0.256,0.236,0.508
562000,0.343,0.219,0.438
562500,0.426,0.149,0.426
563000,0.310,0.219,0.471
563500,0.384,0.157,0.459
564000,0.314,0.211,0.475
564500,0.351,0.240,0.409
565000,0.355,0.190,0.455
565500,0.285,0.219,0.496
566000,0.355,0.198,0.446
566500,0.384,0.194,0.421
567000,0.413,0.182,0.405
567500,0.417,0.149,0.434
568000,0.483,0.157,0.360
568500,0.413,0.153,0.434
569000,0.500,0.120,0.380
569500,0.351,0.223,0.426
570000,0.364,0.236,0.401
570500,0.401,0.182,0.417
571000,0.413,0.145,0.442
571500,0.413,0.182,0.405
572000,0.335,0.165,0.500
572500,0.438,0.132,0.430
573000,0.471,0.153,0.376
573500,0.409,0.157,0.434
574000,0.467,0.112,0.421
574500,0.380,0.140,0.479
575000,0.508,0.079,0.413
575500,0.537,0.099,0.364
576000,0.579,0.095,0.326
576500,0.508,0.132,0.360
577000,0.504,0.074,0.421
577500,0.459,0.140,0.401
578000,0.459,0.128,0.413
578500,0.450,0.161,0.388
579000,0.475,0.099,0.426
579500,0.479,0.124,0.397
580000,0.500,0.145,0.355
580500,0.467,0.153,0.380
581000,0.455,0.140,0.405
581500,0.421,0.190,0.388
582000,0.335,0.190,0.475
582500,0.293,0.244,0.463
583000,0.347,0.190,0.463
583500,0.343,0.227,0.430
584000,0.298,0.215,0.488
584500,0.256,0.269,0.475
585000,0.264,0.360,0.376
585500,0.368,0.227,0.405
586000,0.331,0.198,0.471
586500,0.409,0.190,0.401
587000,0.430,0.095,0.475
587500,0.500,0.145,0.355
588000,0.496,0.136,0.368
588500,0.483,0.145,0.372
589000,0.488,0.136,0.376
589500,0.475,0.074,0.450
590000,0.525,0.099,0.376
590500,0.426,0.145,0.430
591000,0.331,0.169,0.500
591500,0.269,0.223,0.508
592000,0.298,0.264,0.438
592500,0.322,0.194,0.483
593000,0.293,0.161,0.545
593500,0.302,0.252,0.446
594000,0.302,0.207,0.492
594500,0.360,0.227,0.413
595000,0.269,0.256,0.475
595500,0.355,0.202,0.442
596000,0.500,0.120,0.380
596500,0.521,0.136,0.343
597000,0.508,0.136,0.355
597500,0.512,0.145,0.343
598000,0.508,0.140,0.351
598500,0.463,0.153,0.384
599000,0.364,0.174,0.463
599500,0.388,0.215,0.397
600000,0.388,0.174,0.438
600500,0.463,0.116,0.421
601000,0.504,0.145,0.351
601500,0.413,0.165,0.421
602000,0.496,0.136,0.368
602500,0.508,0.116,0.376
603000,0.463,0.153,0.384
603500,0.508,0.087,0.405
604000,0.595,0.095,0.310
604500,0.492,0.149,0.360
605000,0.483,0.149,0.368
605500,0.475,0.161,0.364
606000,0.442,0.215,0.343
606500,0.409,0.145,0.446
607000,0.550,0.149,0.302
607500,0.504,0.116,0.380
608000,0.479,0.091,0.430
608500,0.508,0.103,0.388
609000,0.455,0.145,0.401
609500,0.483,0.153,0.364
610000,0.459,0.165,0.376
610500,0.310,0.211,0.479
611000,0.331,0.264,0.405
611500,0.397,0.244,0.360
612000,0.335,0.207,0.459
612500,0.298,0.281,0.421
613000,0.384,0.223,0.393
613500,0.372,0.186,0.442
614000,0.455,0.169,0.376
614500,0.388,0.190,0.421
615000,0.355,0.231,0.413
615500,0.293,0.273,0.434
616000,0.351,0.281,0.368
616500,0.364,0.244,0.393
617000,0.388,0.186,0.426
617500,0.405,0.227,0.368
618000,0.335,0.198,0.467
618500,0.285,0.264,0.450
619000,0.326,0.227,0.446
619500,0.364,0.211,0.426
620000,0.393,0.174,0.434
620500,0.471,0.149,0.380
621000,0.446,0.128,0.426
621500,0.529,0.124,0.347
622000,0.570,0.095,0.335
622500,0.413,0.136,0.450
623000,0.397,0.178,0.426
623500,0.450,0.157,0.393
624000,0.434,0.140,0.426
624500,0.421,0.149,0.430
625000,0.405,0.161,0.434
625500,0.533,0.054,0.413
626000,0.574,0.066,0.360
626500,0.525,0.058,0.417
627000,0.438,0.165,0.397
627500,0.500,0.132,0.368
628000,0.512,0.087,0.401
628500,0.492,0.083,0.426
629000,0.459,0.120,0.421
629500,0.393,0.153,0.455
630000,0.388,0.169,0.442
630500,0.450,0.165,0.384
631000,0.504,0.087,0.409
631500,0.430,0.132,0.438
632000,0.405,0.194,0.401
632500,0.471,0.194,0.335
633000,0.393,0.227,0.380
633500,0.322,0.169,0.508
634000,0.463,0.153,0.384
634500,0.574,0.091,0.335
635000,0.500,0.107,0.393
635500,0.525,0.132,0.343
636000,0.417,0.161,0.421
636500,0.380,0.140,0.479
637000,0.421,0.174,0.405
637500,0.355,0.190,0.455
638000,0.393,0.153,0.455
638500,0.405,0.161,0.434
639000,0.347,0.244,0.409
639500,0.417,0.145,0.438
640000,0.384,0.219,0.397
640500,0.475,0.132,0.393
641000,0.471,0.099,0.430
641500,0.512,0.099,0.388
642000,0.492,0.136,0.372
642500,0.376,0.190,0.434
643000,0.463,0.169,0.368
643500,0.388,0.190,0.421
644000,0.388,0.202,0.409
644500,0.500,0.079,0.421
645000,0.587,0.066,0.347
645500,0.603,0.079,0.318
646000,0.595,0.025,0.380
646500,0.612,0.058,0.331
647000,0.616,0.087,0.298
647500,0.649,0.091,0.260
648000,0.521,0.128,0.351
648500,0.479,0.095,0.426
649000,0.372,0.182,0.446
649500,0.413,0.124,0.463
650000,0.500,0.103,0.397
650500,0.591,0.103,0.306
651000,0.488,0.087,0.426
651500,0.496,0.157,0.347
652000,0.475,0.128,0.397
652500,0.442,0.132,0.426
653000,0.450,0.186,0.364
653500,0.492,0.120,0.388
654000,0.463,0.198,0.339
654500,0.488,0.132,0.380
655000,0.397,0.169,0.434
655500,0.426,0.178,0.397
656000,0.442,0.124,0.434
656500,0.442,0.136,0.421
657000,0.512,0.136,0.351
657500,0.442,0.161,0.397
658000,0.388,0.161,0.450
658500,0.525,0.091,0.384
659000,0.521,0.083,0.397
659500,0.521,0.074,0.405
660000,0.579,0.083,0.339
660500,0.533,0.066,0.401
661000,0.508,0.124,0.368
661500,0.450,0.120,0.430
662000,0.467,0.145,0.388
662500,0.438,0.140,0.421
663000,0.351,0.207,0.442
663500,0.343,0.285,0.372
664000,0.360,0.252,0.388
664500,0.277,0.264,0.459
665000,0.281,0.273,0.446
665500,0.306,0.293,0.401
666000,0.355,0.207,0.438
666500,0.376,0.112,0.512
667000,0.368,0.202,0.430
667500,0.364,0.211,0.426
668000,0.380,0.169,0.450
668500,0.471,0.165,0.364
669000,0.401,0.157,0.442
669500,0.360,0.190,0.450
670000,0.421,0.161,0.417
670500,0.488,0.124,0.388
671000,0.570,0.083,0.347
671500,0.463,0.128,0.409
672000,0.314,0.190,0.496
672500,0.260,0.273,0.467
673000,0.289,0.231,0.479
673500,0.347,0.178,0.475
674000,0.285,0.223,0.492
674500,0.260,0.190,0.550
675000,0.326,0.219,0.455
675500,0.401,0.182,0.417
676000,0.231,0.339,0.430
676500,0.240,0.347,0.413
677000,0.240,0.393,0.368
677500,0.211,0.413,0.376
678000,0.219,0.388,0.393
678500,0.240,0.376,0.384
679000,0.260,0.314,0.426
679500,0.248,0.384,0.368
680000,0.314,0.277,0.409
680500,0.372,0.165,0.463
681000,0.413,0.145,0.442
681500,0.517,0.087,0.397
682000,0.504,0.120,0.376
682500,0.401,0.165,0.434
683000,0.339,0.182,0.479
683500,0.384,0.219,0.397
684000,0.413,0.174,0.413
684500,0.463,0.145,0.393
685000,0.483,0.132,0.384
685500,0.508,0.145,0.347
686000,0.541,0.083,0.376
686500,0.653,0.066,0.281
687000,0.682,0.045,0.273
687500,0.748,0.012,0.240
688000,0.760,0.025,0.215
688500,0.645,0.054,0.302
689000,0.719,0.041,0.240
689500,0.669,0.041,0.289
690000,0.715,0.004,0.281
690500,0.632,0.008,0.360
691000,0.636,0.033,0.331
691500,0.550,0.087,0.364
692000,0.537,0.099,0.364
692500,0.599,0.079,0.322
693000,0.467,0.153,0.380
693500,0.409,0.194,0.397
694000,0.343,0.207,0.450
694500,0.434,0.116,0.450
695000,0.446,0.219,0.335
695500,0.397,0.227,0.376
696000,0.248,0.277,0.475
696500,0.302,0.277,0.421
697000,0.335,0.202,0.463
697500,0.384,0.231,0.384
698000,0.339,0.202,0.459
698500,0.388,0.132,0.479
699000,0.413,0.169,0.417
699500,0.430,0.194,0.376
700000,0.475,0.169,0.355
700500,0.471,0.153,0.376
701000,0.442,0.124,0.434
701500,0.360,0.136,0.504
702000,0.409,0.116,0.475
702500,0.434,0.178,0.388
703000,0.417,0.124,0.459
703500,0.417,0.116,0.467
704000,0.368,0.112,0.521
704500,0.434,0.116,0.450
705000,0.446,0.153,0.401
705500,0.376,0.174,0.450
706000,0.483,0.136,0.380
706500,0.525,0.136,0.339
707000,0.545,0.116,0.339
707500,0.508,0.116,0.376
708000,0.517,0.107,0.376
708500,0.488,0.099,0.413
709000,0.467,0.103,0.430
709500,0.467,0.091,0.442
710000,0.475,0.149,0.376
710500,0.595,0.066,0.339
711000,0.599,0.079,0.322
711500,0.579,0.074,0.347
712000,0.426,0.190,0.384
712500,0.380,0.236,0.384
713000,0.360,0.182,0.459
713500,0.355,0.215,0.430
714000,0.471,0.132,0.397
714500,0.562,0.066,0.372
715000,0.492,0.112,0.397
715500,0.450,0.194,0.355
716000,0.401,0.182,0.417
716500,0.360,0.169,0.471
717000,0.351,0.157,0.492
717500,0.421,0.165,0.413
718000,0.426,0.202,0.372
718500,0.397,0.190,0.413
719000,0.368,0.198,0.434
719500,0.459,0.157,0.384
720000,0.244,0.252,0.504
720500,0.322,0.252,0.426
721000,0.256,0.302,0.442
721500,0.368,0.169,0.463
722000,0.417,0.186,0.397
722500,0.459,0.149,0.393
723000,0.430,0.190,0.380
723500,0.413,0.140,0.446
724000,0.421,0.174,0.405
724500,0.438,0.128,0.434
725000,0.405,0.165,0.430
725500,0.372,0.161,0.467
726000,0.326,0.223,0.450
726500,0.393,0.153,0.455
727000,0.479,0.120,0.401
727500,0.463,0.128,0.409
728000,0.372,0.161,0.467
728500,0.380,0.157,0.463
729000,0.393,0.178,0.430
729500,0.434,0.140,0.426
730000,0.426,0.169,0.405
730500,0.405,0.194,0.401
731000,0.298,0.178,0.525
731500,0.298,0.260,0.442
732000,0.322,0.293,0.384
732500,0.310,0.248,0.442
733000,0.343,0.248,0.409
733500,0.384,0.136,0.479
734000,0.463,0.174,0.364
734500,0.413,0.169,0.417
735000,0.355,0.140,0.504
735500,0.450,0.178,0.372
736000,0.413,0.153,0.434
736500,0.397,0.149,0.455
737000,0.322,0.169,0.508
737500,0.401,0.132,0.467
738000,0.525,0.091,0.384
738500,0.645,0.070,0.285
739000,0.612,0.066,0.322
739500,0.748,0.021,0.231
740000,0.798,0.033,0.169
740500,0.702,0.021,0.277
741000,0.727,0.029,0.244
741500,0.702,0.079,0.219
742000,0.587,0.116,0.298
742500,0.599,0.079,0.322
743000,0.574,0.050,0.376
743500,0.533,0.050,0.417
744000,0.579,0.079,0.343
744500,0.682,0.029,0.289
745000,0.698,0.012,0.289
745500,0.649,0.054,0.298
746000,0.694,0.066,0.240
746500,0.702,0.045,0.252
747000,0.686,0.058,0.256
747500,0.653,0.045,0.302
748000,0.640,0.045,0.314
748500,0.504,0.070,0.426
749000,0.595,0.050,0.355
749500,0.587,0.041,0.372
750000,0.512,0.116,0.372
750500,0.488,0.083,0.430
751000,0.521,0.112,0.368
751500,0.574,0.103,0.322
752000,0.525,0.074,0.401
752500,0.421,0.145,0.434
753000,0.442,0.169,0.388
753500,0.442,0.157,0.401
754000,0.397,0.211,0.393
754500,0.302,0.227,0.471
755000,0.364,0.202,0.434
755500,0.368,0.211,0.421
756000,0.322,0.161,0.517
756500,0.384,0.182,0.434
757000,0.463,0.132,0.405
757500,0.401,0.223,0.376
758000,0.426,0.140,0.434
758500,0.393,0.140,0.467
759000,0.380,0.145,0.475
759500,0.413,0.161,0.426
760000,0.364,0.252,0.384
760500,0.355,0.231,0.413
761000,0.446,0.153,0.401
761500,0.355,0.190,0.455
762000,0.388,0.186,0.426
762500,0.479,0.083,0.438
763000,0.496,0.107,0.397
763500,0.434,0.136,0.430
764000,0.475,0.120,0.405
764500,0.446,0.128,0.426
765000,0.380,0.165,0.455
765500,0.434,0.182,0.384
766000,0.417,0.161,0.421
766500,0.533,0.091,0.376
767000,0.434,0.116,0.450
767500,0.471,0.136,0.393
768000,0.318,0.219,0.463
768500,0.364,0.211,0.426
769000,0.277,0.231,0.492
769500,0.281,0.289,0.430
770000,0.293,0.277,0.430
770500,0.318,0.219,0.463
771000,0.421,0.165,0.413
771500,0.376,0.124,0.500
772000,0.397,0.128,0.475
772500,0.331,0.211,0.459
773000,0.446,0.161,0.393
773500,0.467,0.099,0.434
774000,0.388,0.178,0.434
774500,0.351,0.174,0.475
775000,0.442,0.178,0.380
775500,0.417,0.149,0.434
776000,0.446,0.112,0.442
776500,0.479,0.120,0.401
777000,0.455,0.132,0.413
777500,0.430,0.161,0.409
778000,0.413,0.145,0.442
778500,0.409,0.153,0.438
779000,0.314,0.186,0.500
779500,0.446,0.124,0.430
780000,0.438,0.091,0.471
780500,0.508,0.066,0.426
781000,0.558,0.095,0.347
781500,0.653,0.062,0.285
782000,0.649,0.050,0.302
782500,0.653,0.050,0.298
783000,0.682,0.037,0.281
783500,0.603,0.037,0.360
784000,0.579,0.091,0.331
784500,0.525,0.074,0.401
785000,0.508,0.095,0.397
785500,0.463,0.103,0.434
786000,0.475,0.145,0.380
786500,0.421,0.186,0.393
787000,0.471,0.140,0.388
787500,0.554,0.079,0.368
788000,0.525,0.149,0.326
788500,0.459,0.103,0.438
789000,0.397,0.145,0.459
789500,0.347,0.182,0.471
790000,0.388,0.165,0.446
790500,0.360,0.182,0.459
791000,0.401,0.194,0.405
791500,0.339,0.256,0.405
792000,0.409,0.178,0.413
792500,0.421,0.186,0.393
793000,0.446,0.157,0.397
793500,0.331,0.264,0.405
794000,0.388,0.223,0.388
794500,0.302,0.256,0.442
795000,0.306,0.306,0.388
795500,0.202,0.351,0.446
796000,0.202,0.302,0.496
796500,0.331,0.244,0.426
797000,0.376,0.161,0.463
797500,0.426,0.120,0.455
798000,0.521,0.095,0.384
798500,0.467,0.112,0.421
799000,0.500,0.083,0.417
799500,0.558,0.099,0.343
800000,0.574,0.083,0.343
800500,0.545,0.074,0.380
801000,0.533,0.095,0.372
801500,0.554,0.079,0.368
802000,0.442,0.165,0.393
802500,0.545,0.099,0.355
803000,0.446,0.128,0.426
803500,0.525,0.112,0.364
804000,0.529,0.095,0.376
804500,0.500,0.091,0.409
805000,0.607,0.095,0.298
805500,0.583,0.070,0.347
806000,0.475,0.140,0.384
806500,0.430,0.116,0.455
807000,0.417,0.136,0.446
807500,0.388,0.165,0.446
808000,0.413,0.174,0.413
808500,0.467,0.112,0.421
809000,0.533,0.087,0.380
809500,0.616,0.099,0.285
810000,0.438,0.136,0.426
810500,0.500,0.128,0.372
811000,0.455,0.145,0.401
811500,0.455,0.099,0.446
812000,0.653,0.054,0.293
812500,0.483,0.091,0.426
813000,0.409,0.169,0.421
813500,0.380,0.149,0.471
814000,0.430,0.140,0.430
814500,0.426,0.161,0.413
815000,0.496,0.103,0.401
815500,0.471,0.091,0.438
816000,0.463,0.145,0.393
816500,0.372,0.207,0.421
817000,0.326,0.215,0.459
817500,0.426,0.186,0.388
818000,0.347,0.207,0.446
818500,0.413,0.169,0.417
819000,0.310,0.202,0.488
819500,0.343,0.219,0.438
820000,0.368,0.165,0.467
820500,0.380,0.190,0.430
821000,0.570,0.120,0.310
821500,0.595,0.083,0.322
822000,0.504,0.112,0.384
822500,0.434,0.145,0.421
823000,0.471,0.124,0.405
823500,0.434,0.161,0.405
824000,0.438,0.194,0.368
824500,0.380,0.182,0.438
825000,0.355,0.165,0.479
825500,0.417,0.120,0.463
826000,0.405,0.116,0.479
826500,0.579,0.074,0.347
827000,0.587,0.091,0.322
827500,0.479,0.099,0.421
828000,0.380,0.149,0.471
828500,0.401,0.161,0.438
829000,0.380,0.157,0.463
829500,0.388,0.149,0.463
830000,0.393,0.153,0.455
830500,0.314,0.169,0.517
831000,0.413,0.202,0.384
831500,0.475,0.099,0.426
832000,0.442,0.153,0.405
832500,0.372,0.190,0.438
833000,0.351,0.240,0.409
833500,0.355,0.231,0.413
834000,0.289,0.260,0.450
834500,0.355,0.186,0.459
835000,0.364,0.186,0.450
835500,0.459,0.132,0.409
836000,0.450,0.190,0.360
836500,0.397,0.149,0.455
837000,0.500,0.128,0.372
837500,0.694,0.041,0.264
838000,0.702,0.062,0.236
838500,0.640,0.083,0.277
839000,0.583,0.074,0.343
839500,0.492,0.136,0.372
840000,0.405,0.223,0.372
840500,0.463,0.132,0.405
841000,0.368,0.227,0.405
841500,0.244,0.326,0.430
842000,0.326,0.273,0.401
842500,0.310,0.285,0.405
843000,0.306,0.289,0.405
843500,0.264,0.273,0.463
844000,0.260,0.260,0.479
844500,0.256,0.302,0.442
845000,0.289,0.306,0.405
845500,0.178,0.322,0.500
846000,0.227,0.388,0.384
846500,0.207,0.388,0.405
847000,0.248,0.339,0.413
847500,0.231,0.351,0.417
848000,0.273,0.314,0.413
848500,0.322,0.223,0.455
849000,0.281,0.256,0.463
849500,0.231,0.310,0.459
850000,0.236,0.318,0.446
850500,0.252,0.269,0.479
851000,0.331,0.236,0.434
851500,0.380,0.169,0.450
852000,0.475,0.120,0.405
852500,0.583,0.054,0.364
853000,0.624,0.050,0.326
853500,0.603,0.070,0.326
854000,0.545,0.099,0.355
854500,0.500,0.050,0.450
855000,0.492,0.136,0.372
855500,0.450,0.182,0.368
856000,0.405,0.161,0.434
856500,0.430,0.140,0.430
857000,0.388,0.211,0.401
857500,0.455,0.157,0.388
858000,0.360,0.198,0.442
858500,0.322,0.240,0.438
859000,0.409,0.157,0.434
859500,0.393,0.202,0.405
860000,0.426,0.198,0.376
860500,0.413,0.145,0.442
861000,0.430,0.174,0.397
861500,0.372,0.178,0.450
862000,0.384,0.157,0.459
862500,0.326,0.211,0.463
863000,0.326,0.264,0.409
863500,0.372,0.240,0.388
864000,0.322,0.256,0.421
864500,0.376,0.207,0.417
865000,0.372,0.161,0.467
865500,0.405,0.165,0.430
866000,0.368,0.165,0.467
866500,0.393,0.215,0.393
867000,0.364,0.244,0.393
867500,0.446,0.120,0.434
868000,0.351,0.169,0.479
868500,0.355,0.140,0.504
869000,0.331,0.182,0.488
869500,0.273,0.318,0.409
870000,0.335,0.178,0.488
870500,0.347,0.149,0.504
871000,0.351,0.194,0.455
871500,0.393,0.132,0.475
872000,0.364,0.190,0.446
872500,0.376,0.227,0.397
873000,0.289,0.269,0.442
873500,0.298,0.244,0.459
874000,0.351,0.207,0.442
874500,0.351,0.198,0.450
875000,0.339,0.169,0.492
875500,0.401,0.145,0.455
876000,0.388,0.174,0.438
876500,0.335,0.178,0.488
877000,0.364,0.260,0.376
877500,0.339,0.240,0.421
878000,0.326,0.227,0.446
878500,0.314,0.273,0.413
879000,0.397,0.207,0.397
879500,0.421,0.169,0.409
880000,0.314,0.215,0.471
880500,0.211,0.339,0.450
881000,0.351,0.219,0.430
881500,0.339,0.198,0.463
882000,0.293,0.165,0.541
882500,0.488,0.124,0.388
883000,0.463,0.182,0.355
883500,0.405,0.174,0.421
884000,0.343,0.298,0.360
884500,0.360,0.227,0.413
885000,0.376,0.186,0.438
885500,0.306,0.277,0.417
886000,0.380,0.260,0.360
886500,0.405,0.178,0.417
887000,0.401,0.140,0.459
887500,0.351,0.149,0.500
888000,0.463,0.136,0.401
888500,0.417,0.136,0.446
889000,0.508,0.091,0.401
889500,0.475,0.140,0.384
890000,0.388,0.174,0.438
890500,0.351,0.240,0.409
891000,0.384,0.198,0.417
891500,0.397,0.161,0.442
892000,0.364,0.145,0.492
892500,0.343,0.161,0.496
893000,0.483,0.107,0.409
893500,0.550,0.091,0.360
894000,0.512,0.095,0.393
894500,0.500,0.091,0.409
895000,0.413,0.120,0.467
895500,0.459,0.128,0.413
896000,0.442,0.132,0.426
896500,0.372,0.231,0.397
897000,0.409,0.169,0.421
897500,0.409,0.215,0.376
898000,0.343,0.264,0.393
898500,0.430,0.132,0.438
899000,0.430,0.107,0.463
899500,0.475,0.124,0.401
900000,0.512,0.145,0.343
900500,0.442,0.161,0.397
901000,0.483,0.116,0.401
901500,0.488,0.120,0.393
902000,0.442,0.211,0.347
902500,0.380,0.153,0.467
903000,0.376,0.227,0.397
903500,0.306,0.178,0.517
904000,0.339,0.211,0.450
904500,0.384,0.227,0.388
905000,0.331,0.190,0.479
905500,0.347,0.269,0.384
906000,0.331,0.298,0.372
906500,0.347,0.161,0.492
907000,0.397,0.182,0.421
907500,0.351,0.227,0.421
908000,0.264,0.289,0.446
908500,0.380,0.182,0.438
909000,0.455,0.145,0.401
909500,0.500,0.087,0.413
910000,0.492,0.103,0.405
910500,0.463,0.140,0.397
911000,0.442,0.116,0.442
911500,0.488,0.182,0.331
912000,0.339,0.202,0.459
912500,0.339,0.207,0.455
913000,0.326,0.211,0.463
913500,0.380,0.211,0.409
914000,0.368,0.169,0.463
914500,0.285,0.273,0.442
915000,0.314,0.293,0.393
915500,0.223,0.331,0.446
916000,0.256,0.343,0.401
916500,0.211,0.281,0.508
917000,0.240,0.339,0.421
917500,0.355,0.293,0.351
918000,0.351,0.256,0.393
918500,0.430,0.182,0.388
919000,0.273,0.211,0.517
919500,0.277,0.273,0.450
920000,0.219,0.347,0.434
920500,0.326,0.277,0.397
921000,0.360,0.240,0.401
921500,0.269,0.215,0.517
922000,0.219,0.264,0.517
922500,0.260,0.231,0.508
923000,0.260,0.314,0.426
923500,0.310,0.211,0.479
924000,0.314,0.227,0.459
924500,0.446,0.132,0.421
925000,0.517,0.083,0.401
925500,0.566,0.107,0.326
926000,0.533,0.149,0.318
926500,0.529,0.112,0.360
927000,0.492,0.140,0.368
927500,0.355,0.174,0.471
928000,0.467,0.128,0.405
928500,0.529,0.107,0.364
929000,0.545,0.091,0.364
929500,0.446,0.116,0.438
930000,0.434,0.157,0.409
930500,0.417,0.149,0.434
931000,0.393,0.136,0.471
931500,0.455,0.211,0.335
932000,0.376,0.182,0.442
932500,0.479,0.124,0.397
933000,0.545,0.103,0.351
933500,0.479,0.140,0.380
934000,0.471,0.140,0.388
934500,0.541,0.087,0.372
935000,0.384,0.149,0.467
935500,0.388,0.136,0.475
936000,0.339,0.260,0.401
936500,0.281,0.186,0.533
937000,0.335,0.240,0.426
937500,0.360,0.207,0.434
938000,0.343,0.202,0.455
938500,0.236,0.264,0.500
939000,0.285,0.227,0.488
939500,0.401,0.136,0.463
940000,0.409,0.236,0.355
940500,0.277,0.244,0.479
941000,0.314,0.207,0.479
941500,0.355,0.219,0.426
942000,0.244,0.285,0.471
942500,0.231,0.281,0.488
943000,0.252,0.248,0.500
943500,0.264,0.277,0.459
944000,0.314,0.248,0.438
944500,0.339,0.198,0.463
945000,0.355,0.186,0.459
945500,0.413,0.178,0.409
946000,0.360,0.227,0.413
946500,0.397,0.219,0.384
947000,0.343,0.223,0.434
947500,0.318,0.202,0.479
948000,0.393,0.169,0.438
948500,0.471,0.140,0.388
949000,0.434,0.161,0.405
949500,0.413,0.153,0.434
950000,0.430,0.186,0.384
950500,0.450,0.178,0.372
951000,0.471,0.145,0.384
951500,0.417,0.099,0.483
952000,0.368,0.145,0.488
952500,0.314,0.302,0.384
953000,0.240,0.273,0.488
953500,0.231,0.298,0.471
954000,0.256,0.269,0.475
954500,0.306,0.318,0.376
955000,0.298,0.289,0.413
955500,0.298,0.240,0.463
956000,0.318,0.285,0.397
956500,0.269,0.277,0.455
957000,0.169,0.413,0.417
957500,0.182,0.483,0.335
958000,0.240,0.360,0.401
958500,0.231,0.306,0.463
959000,0.281,0.244,0.475
959500,0.372,0.157,0.471
960000,0.504,0.099,0.397
960500,0.525,0.099,0.376
961000,0.488,0.091,0.421
961500,0.479,0.136,0.384
962000,0.475,0.161,0.364
962500,0.421,0.186,0.393
963000,0.504,0.107,0.388
963500,0.558,0.099,0.343
964000,0.446,0.186,0.368
964500,0.417,0.153,0.430
965000,0.446,0.186,0.368
965500,0.293,0.269,0.438
966000,0.343,0.252,0.405
966500,0.413,0.194,0.393
967000,0.384,0.194,0.421
967500,0.401,0.219,0.380
968000,0.355,0.215,0.430
968500,0.384,0.153,0.463
969000,0.388,0.227,0.384
969500,0.401,0.198,0.401
970000,0.442,0.140,0.417
970500,0.455,0.140,0.405
971000,0.488,0.128,0.384
971500,0.492,0.116,0.393
972000,0.595,0.091,0.314
972500,0.500,0.050,0.450
973000,0.529,0.083,0.388
973500,0.603,0.083,0.314
974000,0.665,0.070,0.264
974500,0.756,0.004,0.240
975000,0.723,0.025,0.252
975500,0.665,0.021,0.314
976000,0.694,0.012,0.293
976500,0.616,0.029,0.355
977000,0.570,0.041,0.388
977500,0.525,0.079,0.397
978000,0.624,0.066,0.310
978500,0.603,0.066,0.331
979000,0.632,0.074,0.293
979500,0.558,0.054,0.388
980000,0.455,0.132,0.413
980500,0.492,0.132,0.376
981000,0.442,0.198,0.360
981500,0.488,0.169,0.343
982000,0.488,0.099,0.413
982500,0.483,0.140,0.376
983000,0.442,0.128,0.430
983500,0.450,0.165,0.384
984000,0.479,0.103,0.417
984500,0.579,0.074,0.347
985000,0.570,0.087,0.343
985500,0.669,0.062,0.269
986000,0.694,0.050,0.256
986500,0.707,0.050,0.244
987000,0.612,0.066,0.322
987500,0.620,0.062,0.318
988000,0.579,0.087,0.335
988500,0.529,0.074,0.397
989000,0.570,0.054,0.376
989500,0.521,0.091,0.388
990000,0.455,0.136,0.409
990500,0.541,0.107,0.351
991000,0.463,0.132,0.405
991500,0.492,0.120,0.388
992000,0.459,0.128,0.413
992500,0.434,0.161,0.405
993000,0.372,0.186,0.442
993500,0.417,0.223,0.360
994000,0.426,0.174,0.401
994500,0.380,0.174,0.446
995000,0.351,0.240,0.409
995500,0.326,0.248,0.426
996000,0.335,0.244,0.421
996500,0.347,0.178,0.475
997000,0.298,0.223,0.479
997500,0.285,0.244,0.471
998000,0.347,0.227,0.426
998500,0.401,0.174,0.426
999000,0.413,0.157,0.430
999500,0.393,0.223,0.384
1000000,0.355,0.260,0.384
