time,n_A+p,n_B,n_AB
500,0.010,0.504,0.486
1000,0.010,0.148,0.842
1500,0.312,0.000,0.688
2000,0.334,0.000,0.666
2500,0.338,0.000,0.662
3000,0.341,0.000,0.659
3500,0.375,0.000,0.625
4000,0.293,0.000,0.707
4500,0.249,0.000,0.751
5000,0.275,0.000,0.725
5500,0.313,0.000,0.687
6000,0.292,0.000,0.708
6500,0.325,0.000,0.675
7000,0.328,0.000,0.672
7500,0.326,0.000,0.674
8000,0.229,0.000,0.771
8500,0.236,0.000,0.764
9000,0.246,0.000,0.754
9500,0.390,0.000,0.610
10000,0.205,0.000,0.795
10500,0.373,0.000,0.627
11000,0.396,0.000,0.604
11500,0.256,0.000,0.744
12000,0.312,0.000,0.688
12500,0.283,0.000,0.717
13000,0.404,0.000,0.596
13500,0.290,0.000,0.710
14000,0.364,0.000,0.636
14500,0.362,0.000,0.638
15000,0.262,0.000,0.738
15500,0.346,0.000,0.654
16000,0.223,0.000,0.777
16500,0.266,0.000,0.734
17000,0.258,0.000,0.742
17500,0.368,0.000,0.632
18000,0.357,0.000,0.643
18500,0.366,0.000,0.634
19000,0.318,0.000,0.682
19500,0.510,0.000,0.490
20000,0.351,0.000,0.649
20500,0.305,0.000,0.695
21000,0.203,0.000,0.797
21500,0.210,0.000,0.790
22000,0.312,0.000,0.688
22500,0.095,0.000,0.905
23000,0.377,0.000,0.623
23500,0.289,0.000,0.711
24000,0.330,0.000,0.670
24500,0.219,0.000,0.781
25000,0.205,0.000,0.795
25500,0.343,0.000,0.657
26000,0.418,0.000,0.582
26500,0.363,0.000,0.637
27000,0.185,0.000,0.815
27500,0.312,0.000,0.688
28000,0.169,0.000,0.831
28500,0.372,0.000,0.628
29000,0.338,0.000,0.662
29500,0.219,0.000,0.781
30000,0.367,0.000,0.633
30500,0.385,0.000,0.615
31000,0.367,0.000,0.633
31500,0.390,0.000,0.610
32000,0.271,0.000,0.729
32500,0.247,0.000,0.753
33000,0.333,0.000,0.667
33500,0.299,0.000,0.701
34000,0.388,0.000,0.612
34500,0.304,0.000,0.696
35000,0.190,0.000,0.810
35500,0.379,0.000,0.621
36000,0.338,0.000,0.662
36500,0.285,0.000,0.715
37000,0.420,0.000,0.580
37500,0.323,0.000,0.677
38000,0.361,0.000,0.639
38500,0.371,0.000,0.629
39000,0.394,0.000,0.606
39500,0.220,0.000,0.780
40000,0.225,0.000,0.775
40500,0.351,0.000,0.649
41000,0.256,0.000,0.744
41500,0.404,0.000,0.596
42000,0.590,0.000,0.410
42500,0.228,0.000,0.772
43000,0.354,0.000,0.646
43500,0.373,0.000,0.627
44000,0.215,0.000,0.785
44500,0.341,0.000,0.659
45000,0.234,0.000,0.766
45500,0.386,0.000,0.614
46000,0.432,0.000,0.568
46500,0.216,0.000,0.784
47000,0.382,0.000,0.618
47500,0.240,0.000,0.760
48000,0.395,0.000,0.605
48500,0.336,0.000,0.664
49000,0.327,0.000,0.673
49500,0.272,0.000,0.728
50000,0.274,0.000,0.726
50500,0.489,0.000,0.511
51000,0.329,0.000,0.671
51500,0.347,0.000,0.653
52000,0.248,0.000,0.752
52500,0.252,0.000,0.748
53000,0.238,0.000,0.762
53500,0.280,0.000,0.720
54000,0.197,0.000,0.803
54500,0.368,0.000,0.632
55000,0.298,0.000,0.702
55500,0.164,0.000,0.836
56000,0.282,0.000,0.718
56500,0.422,0.000,0.578
57000,0.205,0.000,0.795
57500,0.335,0.000,0.665
58000,0.382,0.000,0.618
58500,0.542,0.000,0.458
59000,0.416,0.000,0.584
59500,0.383,0.000,0.617
60000,0.295,0.000,0.705
60500,0.238,0.000,0.762
61000,0.332,0.000,0.668
61500,0.377,0.000,0.623
62000,0.379,0.000,0.621
62500,0.319,0.000,0.681
63000,0.280,0.000,0.720
63500,0.258,0.000,0.742
64000,0.404,0.000,0.596
64500,0.191,0.000,0.809
65000,0.312,0.000,0.688
65500,0.229,0.000,0.771
66000,0.310,0.000,0.690
66500,0.394,0.000,0.606
67000,0.204,0.000,0.796
67500,0.355,0.000,0.645
68000,0.277,0.000,0.723
68500,0.401,0.000,0.599
69000,0.424,0.000,0.576
69500,0.306,0.000,0.694
70000,0.342,0.000,0.658
70500,0.291,0.000,0.709
71000,0.221,0.000,0.779
71500,0.285,0.000,0.715
72000,0.193,0.000,0.807
72500,0.316,0.000,0.684
73000,0.369,0.000,0.631
73500,0.418,0.000,0.582
74000,0.310,0.000,0.690
74500,0.243,0.000,0.757
75000,0.310,0.000,0.690
75500,0.365,0.000,0.635
76000,0.312,0.000,0.688
76500,0.227,0.000,0.773
77000,0.343,0.000,0.657
77500,0.305,0.000,0.695
78000,0.484,0.000,0.516
78500,0.398,0.000,0.602
79000,0.176,0.000,0.824
79500,0.259,0.000,0.741
80000,0.375,0.000,0.625
80500,0.431,0.000,0.569
81000,0.340,0.000,0.660
81500,0.437,0.000,0.563
82000,0.518,0.000,0.482
82500,0.454,0.000,0.546
83000,0.302,0.000,0.698
83500,0.373,0.000,0.627
84000,0.342,0.000,0.658
84500,0.419,0.000,0.581
85000,0.253,0.000,0.747
85500,0.354,0.000,0.646
86000,0.255,0.000,0.745
86500,0.389,0.000,0.611
87000,0.349,0.000,0.651
87500,0.415,0.000,0.585
88000,0.278,0.000,0.722
88500,0.485,0.000,0.515
89000,0.345,0.000,0.655
89500,0.307,0.000,0.693
90000,0.184,0.000,0.816
90500,0.266,0.000,0.734
91000,0.354,0.000,0.646
91500,0.156,0.000,0.844
92000,0.350,0.000,0.650
92500,0.251,0.000,0.749
93000,0.250,0.000,0.750
93500,0.280,0.000,0.720
94000,0.250,0.000,0.750
94500,0.222,0.000,0.778
95000,0.373,0.000,0.627
95500,0.285,0.000,0.715
96000,0.404,0.000,0.596
96500,0.387,0.000,0.613
97000,0.256,0.000,0.744
97500,0.172,0.000,0.828
98000,0.345,0.000,0.655
98500,0.227,0.000,0.773
99000,0.264,0.000,0.736
99500,0.314,0.000,0.686
100000,0.329,0.000,0.671
100500,0.438,0.000,0.562
101000,0.342,0.000,0.658
101500,0.347,0.000,0.653
102000,0.228,0.000,0.772
102500,0.384,0.000,0.616
103000,0.272,0.000,0.728
103500,0.365,0.000,0.635
104000,0.374,0.000,0.626
104500,0.329,0.000,0.671
105000,0.241,0.000,0.759
105500,0.312,0.000,0.688
106000,0.249,0.000,0.751
106500,0.279,0.000,0.721
107000,0.295,0.000,0.705
107500,0.337,0.000,0.663
108000,0.215,0.000,0.785
108500,0.381,0.000,0.619
109000,0.441,0.000,0.559
109500,0.237,0.000,0.763
110000,0.349,0.000,0.651
110500,0.392,0.000,0.608
111000,0.383,0.000,0.617
111500,0.383,0.000,0.617
112000,0.357,0.000,0.643
112500,0.531,0.000,0.469
113000,0.497,0.000,0.503
113500,0.421,0.000,0.579
114000,0.331,0.000,0.669
114500,0.345,0.000,0.655
115000,0.310,0.000,0.690
115500,0.328,0.002,0.670
116000,0.183,0.000,0.817
116500,0.293,0.000,0.707
117000,0.375,0.000,0.625
117500,0.447,0.000,0.553
118000,0.311,0.000,0.689
118500,0.341,0.000,0.659
119000,0.347,0.000,0.653
119500,0.189,0.000,0.811
120000,0.313,0.000,0.687
120500,0.294,0.000,0.706
121000,0.211,0.000,0.789
121500,0.289,0.000,0.711
122000,0.421,0.000,0.579
122500,0.422,0.000,0.578
123000,0.275,0.000,0.725
123500,0.395,0.000,0.605
124000,0.293,0.000,0.707
124500,0.343,0.000,0.657
125000,0.257,0.000,0.743
125500,0.375,0.000,0.625
126000,0.293,0.000,0.707
126500,0.313,0.000,0.687
127000,0.457,0.000,0.543
127500,0.238,0.000,0.762
128000,0.386,0.000,0.614
128500,0.332,0.000,0.668
129000,0.299,0.000,0.701
129500,0.384,0.000,0.616
130000,0.285,0.000,0.715
130500,0.271,0.000,0.729
131000,0.377,0.000,0.623
131500,0.204,0.000,0.796
132000,0.236,0.013,0.751
132500,0.312,0.002,0.686
133000,0.281,0.000,0.719
133500,0.240,0.000,0.760
134000,0.284,0.000,0.716
134500,0.460,0.000,0.540
135000,0.365,0.000,0.635
135500,0.259,0.000,0.741
136000,0.200,0.000,0.800
136500,0.390,0.000,0.610
137000,0.241,0.000,0.759
137500,0.301,0.000,0.699
138000,0.208,0.000,0.792
138500,0.252,0.000,0.748
139000,0.421,0.000,0.579
139500,0.491,0.000,0.509
140000,0.378,0.000,0.622
140500,0.381,0.000,0.619
141000,0.458,0.000,0.542
141500,0.378,0.000,0.622
142000,0.176,0.000,0.824
142500,0.222,0.000,0.778
143000,0.358,0.000,0.642
143500,0.453,0.000,0.547
144000,0.291,0.000,0.709
144500,0.298,0.000,0.702
145000,0.249,0.000,0.751
145500,0.368,0.000,0.632
146000,0.121,0.000,0.879
146500,0.307,0.000,0.693
147000,0.175,0.000,0.825
147500,0.300,0.000,0.700
148000,0.430,0.000,0.570
148500,0.190,0.000,0.810
149000,0.298,0.000,0.702
149500,0.326,0.000,0.674
150000,0.385,0.000,0.615
150500,0.307,0.000,0.693
151000,0.284,0.000,0.716
151500,0.494,0.000,0.506
152000,0.297,0.000,0.703
152500,0.288,0.000,0.712
153000,0.291,0.000,0.709
153500,0.174,0.000,0.826
154000,0.285,0.000,0.715
154500,0.321,0.000,0.679
155000,0.441,0.000,0.559
155500,0.377,0.000,0.623
156000,0.294,0.000,0.706
156500,0.432,0.000,0.568
157000,0.189,0.000,0.811
157500,0.451,0.000,0.549
158000,0.325,0.000,0.675
158500,0.226,0.000,0.774
159000,0.201,0.000,0.799
159500,0.382,0.000,0.618
160000,0.241,0.000,0.759
160500,0.367,0.000,0.633
161000,0.276,0.000,0.724
161500,0.371,0.000,0.629
162000,0.320,0.000,0.680
162500,0.273,0.000,0.727
163000,0.393,0.000,0.607
163500,0.221,0.000,0.779
164000,0.387,0.000,0.613
164500,0.241,0.000,0.759
165000,0.385,0.000,0.615
165500,0.305,0.000,0.695
166000,0.267,0.000,0.733
166500,0.310,0.000,0.690
167000,0.395,0.000,0.605
167500,0.321,0.000,0.679
168000,0.316,0.000,0.684
168500,0.236,0.000,0.764
169000,0.282,0.000,0.718
169500,0.182,0.000,0.818
170000,0.443,0.000,0.557
170500,0.328,0.000,0.672
171000,0.500,0.000,0.500
171500,0.334,0.000,0.666
172000,0.260,0.000,0.740
172500,0.359,0.000,0.641
173000,0.294,0.000,0.706
173500,0.417,0.000,0.583
174000,0.349,0.000,0.651
174500,0.331,0.000,0.669
175000,0.327,0.000,0.673
175500,0.285,0.000,0.715
176000,0.259,0.000,0.741
176500,0.299,0.000,0.701
177000,0.358,0.000,0.642
177500,0.280,0.000,0.720
178000,0.209,0.000,0.791
178500,0.265,0.000,0.735
179000,0.269,0.000,0.731
179500,0.291,0.000,0.709
180000,0.301,0.000,0.699
180500,0.203,0.000,0.797
181000,0.386,0.000,0.614
181500,0.394,0.000,0.606
182000,0.327,0.000,0.673
182500,0.354,0.000,0.646
183000,0.190,0.000,0.810
183500,0.355,0.000,0.645
184000,0.323,0.000,0.677
184500,0.363,0.000,0.637
185000,0.203,0.000,0.797
185500,0.306,0.000,0.694
186000,0.219,0.000,0.781
186500,0.372,0.000,0.628
187000,0.282,0.000,0.718
187500,0.151,0.000,0.849
188000,0.308,0.000,0.692
188500,0.313,0.000,0.687
189000,0.350,0.000,0.650
189500,0.477,0.000,0.523
190000,0.389,0.000,0.611
190500,0.347,0.000,0.653
191000,0.275,0.000,0.725
191500,0.229,0.000,0.771
192000,0.153,0.000,0.847
192500,0.308,0.000,0.692
193000,0.318,0.000,0.682
193500,0.230,0.000,0.770
194000,0.283,0.000,0.717
194500,0.307,0.000,0.693
195000,0.409,0.000,0.591
195500,0.373,0.000,0.627
196000,0.283,0.000,0.717
196500,0.302,0.000,0.698
197000,0.299,0.000,0.701
197500,0.322,0.000,0.678
198000,0.352,0.000,0.648
198500,0.245,0.000,0.755
199000,0.309,0.000,0.691
199500,0.263,0.000,0.737
200000,0.282,0.000,0.718
200500,0.439,0.000,0.561
201000,0.281,0.000,0.719
201500,0.270,0.000,0.730
202000,0.433,0.000,0.567
202500,0.282,0.000,0.718
203000,0.402,0.000,0.598
203500,0.389,0.000,0.611
204000,0.482,0.000,0.518
204500,0.322,0.000,0.678
205000,0.360,0.000,0.640
205500,0.446,0.000,0.554
206000,0.315,0.000,0.685
206500,0.406,0.000,0.594
207000,0.295,0.000,0.705
207500,0.211,0.000,0.789
208000,0.281,0.000,0.719
208500,0.353,0.000,0.647
209000,0.291,0.000,0.709
209500,0.246,0.000,0.754
210000,0.276,0.000,0.724
210500,0.301,0.000,0.699
211000,0.303,0.000,0.697
211500,0.378,0.000,0.622
212000,0.307,0.000,0.693
212500,0.471,0.000,0.529
213000,0.222,0.000,0.778
213500,0.452,0.000,0.548
214000,0.298,0.000,0.702
214500,0.408,0.000,0.592
215000,0.300,0.000,0.700
215500,0.554,0.000,0.446
216000,0.298,0.000,0.702
216500,0.295,0.000,0.705
217000,0.184,0.000,0.816
217500,0.399,0.000,0.601
218000,0.376,0.000,0.624
218500,0.233,0.000,0.767
219000,0.299,0.000,0.701
219500,0.227,0.000,0.773
220000,0.360,0.000,0.640
220500,0.234,0.000,0.766
221000,0.226,0.000,0.774
221500,0.237,0.000,0.763
222000,0.317,0.000,0.683
222500,0.362,0.000,0.638
223000,0.260,0.000,0.740
223500,0.263,0.000,0.737
224000,0.211,0.000,0.789
224500,0.388,0.000,0.612
225000,0.262,0.000,0.738
225500,0.329,0.000,0.671
226000,0.372,0.000,0.628
226500,0.287,0.000,0.713
227000,0.451,0.000,0.549
227500,0.303,0.000,0.697
228000,0.370,0.000,0.630
228500,0.168,0.000,0.832
229000,0.394,0.000,0.606
229500,0.275,0.000,0.725
230000,0.265,0.000,0.735
230500,0.203,0.000,0.797
231000,0.358,0.000,0.642
231500,0.370,0.000,0.630
232000,0.400,0.000,0.600
232500,0.264,0.000,0.736
233000,0.266,0.000,0.734
233500,0.350,0.000,0.650
234000,0.346,0.000,0.654
234500,0.387,0.000,0.613
235000,0.307,0.000,0.693
235500,0.208,0.000,0.792
236000,0.214,0.000,0.786
236500,0.282,0.000,0.718
237000,0.268,0.000,0.732
237500,0.249,0.000,0.751
238000,0.317,0.000,0.683
238500,0.350,0.000,0.650
239000,0.406,0.000,0.594
239500,0.298,0.000,0.702
240000,0.376,0.000,0.624
240500,0.384,0.000,0.616
241000,0.301,0.000,0.699
241500,0.189,0.000,0.811
242000,0.378,0.000,0.622
242500,0.285,0.000,0.715
243000,0.389,0.000,0.611
243500,0.310,0.000,0.690
244000,0.365,0.000,0.635
244500,0.381,0.000,0.619
245000,0.267,0.000,0.733
245500,0.257,0.000,0.743
246000,0.422,0.000,0.578
246500,0.363,0.000,0.637
247000,0.543,0.000,0.457
247500,0.239,0.000,0.761
248000,0.238,0.000,0.762
248500,0.406,0.000,0.594
249000,0.324,0.000,0.676
249500,0.303,0.000,0.697
250000,0.414,0.000,0.586
250500,0.414,0.000,0.586
251000,0.352,0.000,0.648
251500,0.219,0.000,0.781
252000,0.226,0.000,0.774
252500,0.320,0.000,0.680
253000,0.541,0.000,0.459
253500,0.255,0.000,0.745
254000,0.225,0.000,0.775
254500,0.390,0.000,0.610
255000,0.268,0.000,0.732
255500,0.231,0.000,0.769
256000,0.262,0.000,0.738
256500,0.415,0.000,0.585
257000,0.222,0.000,0.778
257500,0.409,0.000,0.591
258000,0.323,0.000,0.677
258500,0.207,0.000,0.793
259000,0.293,0.000,0.707
259500,0.415,0.000,0.585
260000,0.372,0.000,0.628
260500,0.323,0.000,0.677
261000,0.335,0.000,0.665
261500,0.382,0.000,0.618
262000,0.351,0.000,0.649
262500,0.318,0.000,0.682
263000,0.326,0.000,0.674
263500,0.210,0.000,0.790
264000,0.183,0.000,0.817
264500,0.212,0.000,0.788
265000,0.364,0.000,0.636
265500,0.301,0.000,0.699
266000,0.346,0.000,0.654
266500,0.314,0.000,0.686
267000,0.144,0.000,0.856
267500,0.361,0.000,0.639
268000,0.273,0.000,0.727
268500,0.354,0.000,0.646
269000,0.422,0.000,0.578
269500,0.364,0.000,0.636
270000,0.517,0.000,0.483
270500,0.342,0.000,0.658
271000,0.191,0.000,0.809
271500,0.372,0.000,0.628
272000,0.255,0.000,0.745
272500,0.211,0.000,0.789
273000,0.191,0.000,0.809
273500,0.195,0.000,0.805
274000,0.255,0.000,0.745
274500,0.339,0.000,0.661
275000,0.336,0.000,0.664
275500,0.317,0.000,0.683
276000,0.454,0.000,0.546
276500,0.256,0.000,0.744
277000,0.337,0.000,0.663
277500,0.481,0.000,0.519
278000,0.376,0.000,0.624
278500,0.431,0.000,0.569
279000,0.400,0.000,0.600
279500,0.382,0.000,0.618
280000,0.269,0.000,0.731
280500,0.505,0.000,0.495
281000,0.195,0.000,0.805
281500,0.343,0.000,0.657
282000,0.420,0.000,0.580
282500,0.364,0.000,0.636
283000,0.419,0.000,0.581
283500,0.341,0.000,0.659
284000,0.552,0.000,0.448
284500,0.287,0.000,0.713
285000,0.360,0.000,0.640
285500,0.222,0.000,0.778
286000,0.324,0.000,0.676
286500,0.203,0.000,0.797
287000,0.243,0.000,0.757
287500,0.360,0.000,0.640
288000,0.304,0.000,0.696
288500,0.365,0.000,0.635
289000,0.294,0.000,0.706
289500,0.398,0.000,0.602
290000,0.212,0.000,0.788
290500,0.301,0.000,0.699
291000,0.323,0.000,0.677
291500,0.342,0.000,0.658
292000,0.306,0.000,0.694
292500,0.267,0.000,0.733
293000,0.342,0.000,0.658
293500,0.402,0.000,0.598
294000,0.386,0.000,0.614
294500,0.239,0.000,0.761
295000,0.316,0.000,0.684
295500,0.488,0.000,0.512
296000,0.215,0.000,0.785
296500,0.400,0.000,0.600
297000,0.229,0.000,0.771
297500,0.252,0.000,0.748
298000,0.330,0.000,0.670
298500,0.287,0.000,0.713
299000,0.316,0.000,0.684
299500,0.459,0.000,0.541
300000,0.396,0.000,0.604
300500,0.249,0.000,0.751
301000,0.476,0.000,0.524
301500,0.200,0.000,0.800
302000,0.498,0.000,0.502
302500,0.231,0.000,0.769
303000,0.330,0.000,0.670
303500,0.211,0.000,0.789
304000,0.403,0.000,0.597
304500,0.331,0.000,0.669
305000,0.404,0.000,0.596
305500,0.275,0.000,0.725
306000,0.303,0.000,0.697
306500,0.225,0.000,0.775
307000,0.305,0.000,0.695
307500,0.285,0.000,0.715
308000,0.354,0.000,0.646
308500,0.264,0.000,0.736
309000,0.232,0.000,0.768
309500,0.387,0.000,0.613
310000,0.422,0.000,0.578
310500,0.232,0.000,0.768
311000,0.372,0.000,0.628
311500,0.226,0.000,0.774
312000,0.262,0.000,0.738
312500,0.283,0.000,0.717
313000,0.345,0.000,0.655
313500,0.423,0.000,0.577
314000,0.370,0.000,0.630
314500,0.373,0.000,0.627
315000,0.398,0.000,0.602
315500,0.333,0.000,0.667
316000,0.298,0.000,0.702
316500,0.412,0.000,0.588
317000,0.312,0.000,0.688
317500,0.320,0.000,0.680
318000,0.123,0.000,0.877
318500,0.277,0.000,0.723
319000,0.248,0.000,0.752
319500,0.217,0.000,0.783
320000,0.217,0.000,0.783
320500,0.310,0.000,0.690
321000,0.288,0.000,0.712
321500,0.330,0.000,0.670
322000,0.371,0.000,0.629
322500,0.269,0.000,0.731
323000,0.302,0.000,0.698
323500,0.423,0.000,0.577
324000,0.392,0.000,0.608
324500,0.360,0.000,0.640
325000,0.493,0.000,0.507
325500,0.327,0.000,0.673
326000,0.247,0.000,0.753
326500,0.246,0.000,0.754
327000,0.237,0.000,0.763
327500,0.421,0.000,0.579
328000,0.290,0.000,0.710
328500,0.352,0.000,0.648
329000,0.313,0.000,0.687
329500,0.264,0.000,0.736
330000,0.224,0.000,0.776
330500,0.174,0.000,0.826
331000,0.391,0.000,0.609
331500,0.300,0.000,0.700
332000,0.271,0.000,0.729
332500,0.399,0.000,0.601
333000,0.283,0.000,0.717
333500,0.307,0.000,0.693
334000,0.344,0.000,0.656
334500,0.464,0.000,0.536
335000,0.234,0.000,0.766
335500,0.444,0.000,0.556
336000,0.391,0.000,0.609
336500,0.545,0.000,0.455
337000,0.354,0.000,0.646
337500,0.337,0.000,0.663
338000,0.235,0.000,0.765
338500,0.337,0.000,0.663
339000,0.355,0.000,0.645
339500,0.247,0.000,0.753
340000,0.177,0.000,0.823
340500,0.341,0.000,0.659
341000,0.288,0.000,0.712
341500,0.272,0.000,0.728
342000,0.210,0.000,0.790
342500,0.502,0.000,0.498
343000,0.238,0.000,0.762
343500,0.409,0.000,0.591
344000,0.391,0.000,0.609
344500,0.294,0.000,0.706
345000,0.295,0.000,0.705
345500,0.210,0.005,0.785
346000,0.396,0.000,0.604
346500,0.152,0.000,0.848
347000,0.455,0.000,0.545
347500,0.232,0.002,0.766
348000,0.362,0.000,0.638
348500,0.280,0.000,0.720
349000,0.353,0.000,0.647
349500,0.256,0.000,0.744
350000,0.526,0.000,0.474
350500,0.299,0.000,0.701
351000,0.278,0.000,0.722
351500,0.400,0.000,0.600
352000,0.278,0.000,0.722
352500,0.377,0.000,0.623
353000,0.427,0.000,0.573
353500,0.355,0.000,0.645
354000,0.399,0.000,0.601
354500,0.456,0.000,0.544
355000,0.225,0.000,0.775
355500,0.255,0.000,0.745
356000,0.254,0.000,0.746
356500,0.205,0.000,0.795
357000,0.311,0.000,0.689
357500,0.270,0.000,0.730
358000,0.335,0.000,0.665
358500,0.213,0.000,0.787
359000,0.335,0.000,0.665
359500,0.362,0.000,0.638
360000,0.400,0.000,0.600
360500,0.315,0.000,0.685
361000,0.294,0.000,0.706
361500,0.247,0.000,0.753
362000,0.377,0.000,0.623
362500,0.256,0.000,0.744
363000,0.451,0.000,0.549
363500,0.301,0.000,0.699
364000,0.250,0.000,0.750
364500,0.232,0.000,0.768
365000,0.259,0.000,0.741
365500,0.250,0.000,0.750
366000,0.239,0.000,0.761
366500,0.151,0.000,0.849
367000,0.348,0.000,0.652
367500,0.227,0.000,0.773
368000,0.587,0.000,0.413
368500,0.232,0.000,0.768
369000,0.205,0.000,0.795
369500,0.314,0.000,0.686
370000,0.398,0.000,0.602
370500,0.322,0.000,0.678
371000,0.476,0.000,0.524
371500,0.296,0.000,0.704
372000,0.495,0.000,0.505
372500,0.249,0.000,0.751
373000,0.329,0.000,0.671
373500,0.197,0.000,0.803
374000,0.355,0.000,0.645
374500,0.160,0.000,0.840
375000,0.398,0.000,0.602
375500,0.303,0.000,0.697
376000,0.365,0.000,0.635
376500,0.229,0.000,0.771
377000,0.403,0.000,0.597
377500,0.295,0.000,0.705
378000,0.176,0.000,0.824
378500,0.264,0.000,0.736
379000,0.342,0.000,0.658
379500,0.305,0.000,0.695
380000,0.302,0.000,0.698
380500,0.340,0.000,0.660
381000,0.321,0.000,0.679
381500,0.267,0.000,0.733
382000,0.300,0.000,0.700
382500,0.312,0.000,0.688
383000,0.301,0.000,0.699
383500,0.246,0.000,0.754
384000,0.337,0.000,0.663
384500,0.239,0.000,0.761
385000,0.369,0.000,0.631
385500,0.185,0.000,0.815
386000,0.211,0.000,0.789
386500,0.227,0.000,0.773
387000,0.368,0.000,0.632
387500,0.256,0.000,0.744
388000,0.347,0.000,0.653
388500,0.163,0.000,0.837
389000,0.341,0.000,0.659
389500,0.363,0.000,0.637
390000,0.301,0.000,0.699
390500,0.221,0.000,0.779
391000,0.343,0.000,0.657
391500,0.245,0.000,0.755
392000,0.250,0.000,0.750
392500,0.373,0.000,0.627
393000,0.265,0.000,0.735
393500,0.516,0.000,0.484
394000,0.355,0.000,0.645
394500,0.330,0.000,0.670
395000,0.280,0.000,0.720
395500,0.151,0.001,0.848
396000,0.378,0.000,0.622
396500,0.345,0.000,0.655
397000,0.180,0.000,0.820
397500,0.246,0.000,0.754
398000,0.305,0.000,0.695
398500,0.376,0.000,0.624
399000,0.408,0.000,0.592
399500,0.319,0.000,0.681
400000,0.383,0.000,0.617
400500,0.339,0.000,0.661
401000,0.249,0.000,0.751
401500,0.286,0.000,0.714
402000,0.452,0.000,0.548
402500,0.152,0.000,0.848
403000,0.257,0.002,0.741
403500,0.180,0.000,0.820
404000,0.474,0.000,0.526
404500,0.179,0.000,0.821
405000,0.205,0.000,0.795
405500,0.595,0.000,0.405
406000,0.358,0.000,0.642
406500,0.298,0.000,0.702
407000,0.337,0.000,0.663
407500,0.401,0.000,0.599
408000,0.269,0.000,0.731
408500,0.392,0.000,0.608
409000,0.356,0.000,0.644
409500,0.347,0.000,0.653
410000,0.320,0.000,0.680
410500,0.273,0.000,0.727
411000,0.271,0.000,0.729
411500,0.236,0.000,0.764
412000,0.325,0.000,0.675
412500,0.375,0.000,0.625
413000,0.316,0.000,0.684
413500,0.327,0.000,0.673
414000,0.286,0.000,0.714
414500,0.360,0.000,0.640
415000,0.274,0.000,0.726
415500,0.349,0.000,0.651
416000,0.296,0.000,0.704
416500,0.225,0.000,0.775
417000,0.263,0.000,0.737
417500,0.338,0.000,0.662
418000,0.268,0.000,0.732
418500,0.335,0.000,0.665
419000,0.212,0.000,0.788
419500,0.341,0.000,0.659
420000,0.260,0.000,0.740
420500,0.306,0.000,0.694
421000,0.320,0.000,0.680
421500,0.307,0.000,0.693
422000,0.170,0.000,0.830
422500,0.406,0.000,0.594
423000,0.254,0.000,0.746
423500,0.262,0.000,0.738
424000,0.443,0.000,0.557
424500,0.348,0.000,0.652
425000,0.336,0.000,0.664
425500,0.227,0.000,0.773
426000,0.300,0.000,0.700
426500,0.192,0.000,0.808
427000,0.305,0.000,0.695
427500,0.389,0.000,0.611
428000,0.271,0.000,0.729
428500,0.294,0.000,0.706
429000,0.254,0.000,0.746
429500,0.389,0.000,0.611
430000,0.224,0.000,0.776
430500,0.393,0.000,0.607
431000,0.256,0.000,0.744
431500,0.299,0.000,0.701
432000,0.312,0.000,0.688
432500,0.235,0.000,0.765
433000,0.383,0.000,0.617
433500,0.324,0.000,0.676
434000,0.221,0.000,0.779
434500,0.348,0.000,0.652
435000,0.504,0.000,0.496
435500,0.260,0.000,0.740
436000,0.358,0.000,0.642
436500,0.309,0.000,0.691
437000,0.256,0.000,0.744
437500,0.352,0.000,0.648
438000,0.461,0.000,0.539
438500,0.422,0.000,0.578
439000,0.292,0.000,0.708
439500,0.269,0.000,0.731
440000,0.241,0.000,0.759
440500,0.360,0.000,0.640
441000,0.160,0.000,0.840
441500,0.150,0.000,0.850
442000,0.216,0.000,0.784
442500,0.390,0.000,0.610
443000,0.312,0.000,0.688
443500,0.254,0.000,0.746
444000,0.302,0.000,0.698
444500,0.335,0.000,0.665
445000,0.271,0.000,0.729
445500,0.233,0.000,0.767
446000,0.413,0.000,0.587
446500,0.232,0.000,0.768
447000,0.186,0.000,0.814
447500,0.303,0.000,0.697
448000,0.329,0.000,0.671
448500,0.535,0.000,0.465
449000,0.341,0.000,0.659
449500,0.302,0.000,0.698
450000,0.415,0.000,0.585
450500,0.399,0.000,0.601
451000,0.296,0.000,0.704
451500,0.261,0.000,0.739
452000,0.288,0.000,0.712
452500,0.241,0.000,0.759
453000,0.194,0.000,0.806
453500,0.139,0.000,0.861
454000,0.508,0.000,0.492
454500,0.297,0.000,0.703
455000,0.318,0.000,0.682
455500,0.305,0.000,0.695
456000,0.368,0.000,0.632
456500,0.292,0.000,0.708
457000,0.407,0.000,0.593
457500,0.449,0.000,0.551
458000,0.320,0.000,0.680
458500,0.288,0.000,0.712
459000,0.387,0.000,0.613
459500,0.247,0.000,0.753
460000,0.381,0.000,0.619
460500,0.191,0.000,0.809
461000,0.545,0.000,0.455
461500,0.243,0.000,0.757
462000,0.233,0.000,0.767
462500,0.313,0.000,0.687
463000,0.326,0.000,0.674
463500,0.188,0.000,0.812
464000,0.286,0.000,0.714
464500,0.274,0.000,0.726
465000,0.298,0.000,0.702
465500,0.184,0.000,0.816
466000,0.267,0.000,0.733
466500,0.334,0.000,0.666
467000,0.399,0.000,0.601
467500,0.504,0.000,0.496
468000,0.357,0.000,0.643
468500,0.294,0.000,0.706
469000,0.407,0.000,0.593
469500,0.288,0.000,0.712
470000,0.272,0.000,0.728
470500,0.381,0.000,0.619
471000,0.287,0.000,0.713
471500,0.253,0.000,0.747
472000,0.277,0.000,0.723
472500,0.267,0.000,0.733
473000,0.440,0.000,0.560
473500,0.310,0.000,0.690
474000,0.271,0.000,0.729
474500,0.244,0.000,0.756
475000,0.261,0.000,0.739
475500,0.430,0.000,0.570
476000,0.345,0.000,0.655
476500,0.346,0.000,0.654
477000,0.316,0.000,0.684
477500,0.237,0.000,0.763
478000,0.275,0.000,0.725
478500,0.379,0.000,0.621
479000,0.223,0.000,0.777
479500,0.325,0.000,0.675
480000,0.271,0.000,0.729
480500,0.272,0.000,0.728
481000,0.438,0.000,0.562
481500,0.251,0.000,0.749
482000,0.231,0.000,0.769
482500,0.263,0.000,0.737
483000,0.374,0.000,0.626
483500,0.284,0.000,0.716
484000,0.347,0.000,0.653
484500,0.330,0.000,0.670
485000,0.236,0.000,0.764
485500,0.361,0.000,0.639
486000,0.279,0.000,0.721
486500,0.359,0.000,0.641
487000,0.216,0.002,0.782
487500,0.266,0.000,0.734
488000,0.453,0.000,0.547
488500,0.302,0.000,0.698
489000,0.367,0.000,0.633
489500,0.223,0.000,0.777
490000,0.366,0.000,0.634
490500,0.209,0.000,0.791
491000,0.275,0.000,0.725
491500,0.371,0.000,0.629
492000,0.353,0.000,0.647
492500,0.324,0.000,0.676
493000,0.252,0.000,0.748
493500,0.449,0.000,0.551
494000,0.410,0.000,0.590
494500,0.245,0.000,0.755
495000,0.341,0.000,0.659
495500,0.268,0.000,0.732
496000,0.329,0.000,0.671
496500,0.341,0.000,0.659
497000,0.371,0.000,0.629
497500,0.477,0.000,0.523
498000,0.287,0.000,0.713
498500,0.204,0.000,0.796
499000,0.364,0.000,0.636
499500,0.320,0.000,0.680
500000,0.361,0.000,0.639
500500,0.226,0.000,0.774
501000,0.261,0.000,0.739
501500,0.262,0.000,0.738
502000,0.425,0.000,0.575
502500,0.359,0.000,0.641
503000,0.349,0.000,0.651
503500,0.318,0.000,0.682
504000,0.405,0.000,0.595
504500,0.292,0.000,0.708
505000,0.332,0.000,0.668
505500,0.266,0.000,0.734
506000,0.221,0.000,0.779
506500,0.156,0.000,0.844
507000,0.218,0.000,0.782
507500,0.231,0.000,0.769
508000,0.243,0.000,0.757
508500,0.342,0.000,0.658
509000,0.318,0.000,0.682
509500,0.314,0.000,0.686
510000,0.424,0.000,0.576
510500,0.359,0.000,0.641
511000,0.528,0.000,0.472
511500,0.233,0.000,0.767
512000,0.448,0.000,0.552
512500,0.295,0.000,0.705
513000,0.220,0.000,0.780
513500,0.155,0.000,0.845
514000,0.342,0.000,0.658
514500,0.148,0.000,0.852
515000,0.358,0.000,0.642
515500,0.468,0.000,0.532
516000,0.329,0.000,0.671
516500,0.311,0.000,0.689
517000,0.444,0.000,0.556
517500,0.249,0.000,0.751
518000,0.308,0.000,0.692
518500,0.275,0.000,0.725
519000,0.314,0.000,0.686
519500,0.325,0.000,0.675
520000,0.308,0.000,0.692
520500,0.395,0.000,0.605
521000,0.394,0.000,0.606
521500,0.305,0.000,0.695
522000,0.304,0.000,0.696
522500,0.219,0.000,0.781
523000,0.324,0.000,0.676
523500,0.341,0.000,0.659
524000,0.516,0.000,0.484
524500,0.381,0.000,0.619
525000,0.345,0.000,0.655
525500,0.263,0.000,0.737
526000,0.164,0.000,0.836
526500,0.460,0.000,0.540
527000,0.341,0.000,0.659
527500,0.303,0.000,0.697
528000,0.213,0.000,0.787
528500,0.357,0.000,0.643
529000,0.261,0.000,0.739
529500,0.373,0.000,0.627
530000,0.184,0.000,0.816
530500,0.367,0.000,0.633
531000,0.231,0.000,0.769
531500,0.233,0.000,0.767
532000,0.188,0.000,0.812
532500,0.237,0.000,0.763
533000,0.412,0.000,0.588
533500,0.352,0.000,0.648
534000,0.376,0.000,0.624
534500,0.221,0.000,0.779
535000,0.303,0.000,0.697
535500,0.395,0.000,0.605
536000,0.247,0.000,0.753
536500,0.206,0.000,0.794
537000,0.182,0.000,0.818
537500,0.280,0.000,0.720
538000,0.321,0.000,0.679
538500,0.226,0.000,0.774
539000,0.253,0.000,0.747
539500,0.394,0.000,0.606
540000,0.241,0.000,0.759
540500,0.320,0.000,0.680
541000,0.123,0.000,0.877
541500,0.359,0.000,0.641
542000,0.357,0.000,0.643
542500,0.286,0.000,0.714
543000,0.303,0.000,0.697
543500,0.307,0.000,0.693
544000,0.276,0.000,0.724
544500,0.253,0.000,0.747
545000,0.328,0.000,0.672
545500,0.196,0.000,0.804
546000,0.258,0.000,0.742
546500,0.467,0.000,0.533
547000,0.491,0.000,0.509
547500,0.317,0.000,0.683
548000,0.215,0.000,0.785
548500,0.407,0.000,0.593
549000,0.343,0.000,0.657
549500,0.198,0.000,0.802
550000,0.259,0.000,0.741
550500,0.324,0.000,0.676
551000,0.177,0.000,0.823
551500,0.356,0.000,0.644
552000,0.452,0.000,0.548
552500,0.397,0.000,0.603
553000,0.252,0.000,0.748
553500,0.290,0.000,0.710
554000,0.351,0.000,0.649
554500,0.307,0.000,0.693
555000,0.305,0.000,0.695
555500,0.386,0.000,0.614
556000,0.240,0.000,0.760
556500,0.319,0.000,0.681
557000,0.368,0.000,0.632
557500,0.394,0.000,0.606
558000,0.238,0.000,0.762
558500,0.376,0.000,0.624
559000,0.418,0.000,0.582
559500,0.279,0.000,0.721
560000,0.367,0.000,0.633
560500,0.343,0.000,0.657
561000,0.322,0.000,0.678
561500,0.231,0.000,0.769
562000,0.276,0.000,0.724
562500,0.361,0.000,0.639
563000,0.445,0.000,0.555
563500,0.392,0.000,0.608
564000,0.296,0.000,0.704
564500,0.334,0.000,0.666
565000,0.406,0.000,0.594
565500,0.206,0.000,0.794
566000,0.382,0.000,0.618
566500,0.285,0.000,0.715
567000,0.463,0.000,0.537
567500,0.226,0.000,0.774
568000,0.220,0.000,0.780
568500,0.318,0.000,0.682
569000,0.336,0.000,0.664
569500,0.296,0.000,0.704
570000,0.275,0.000,0.725
570500,0.389,0.000,0.611
571000,0.270,0.000,0.730
571500,0.243,0.000,0.757
572000,0.345,0.000,0.655
572500,0.401,0.000,0.599
573000,0.318,0.000,0.682
573500,0.341,0.000,0.659
574000,0.350,0.000,0.650
574500,0.295,0.000,0.705
575000,0.198,0.000,0.802
575500,0.307,0.000,0.693
576000,0.258,0.000,0.742
576500,0.140,0.000,0.860
577000,0.293,0.000,0.707
577500,0.368,0.000,0.632
578000,0.378,0.000,0.622
578500,0.189,0.000,0.811
579000,0.103,0.000,0.897
579500,0.382,0.000,0.618
580000,0.356,0.000,0.644
580500,0.235,0.000,0.765
581000,0.300,0.000,0.700
581500,0.247,0.000,0.753
582000,0.235,0.000,0.765
582500,0.412,0.000,0.588
583000,0.350,0.000,0.650
583500,0.297,0.000,0.703
584000,0.273,0.000,0.727
584500,0.316,0.000,0.684
585000,0.309,0.000,0.691
585500,0.340,0.000,0.660
586000,0.375,0.000,0.625
586500,0.280,0.000,0.720
587000,0.212,0.000,0.788
587500,0.214,0.000,0.786
588000,0.299,0.000,0.701
588500,0.343,0.000,0.657
589000,0.429,0.000,0.571
589500,0.287,0.000,0.713
590000,0.257,0.000,0.743
590500,0.192,0.000,0.808
591000,0.353,0.000,0.647
591500,0.247,0.000,0.753
592000,0.237,0.000,0.763
592500,0.274,0.000,0.726
593000,0.110,0.000,0.890
593500,0.512,0.000,0.488
594000,0.302,0.000,0.698
594500,0.440,0.000,0.560
595000,0.368,0.000,0.632
595500,0.400,0.000,0.600
596000,0.412,0.000,0.588
596500,0.243,0.000,0.757
597000,0.187,0.000,0.813
597500,0.461,0.000,0.539
598000,0.405,0.000,0.595
598500,0.544,0.000,0.456
599000,0.250,0.000,0.750
599500,0.346,0.000,0.654
600000,0.539,0.000,0.461
600500,0.428,0.000,0.572
601000,0.137,0.000,0.863
601500,0.396,0.000,0.604
602000,0.305,0.000,0.695
602500,0.245,0.000,0.755
603000,0.227,0.000,0.773
603500,0.369,0.000,0.631
604000,0.293,0.000,0.707
604500,0.176,0.001,0.823
605000,0.233,0.000,0.767
605500,0.211,0.000,0.789
606000,0.456,0.000,0.544
606500,0.212,0.000,0.788
607000,0.424,0.000,0.576
607500,0.234,0.000,0.766
608000,0.468,0.000,0.532
608500,0.354,0.000,0.646
609000,0.434,0.000,0.566
609500,0.322,0.000,0.678
610000,0.405,0.000,0.595
610500,0.262,0.000,0.738
611000,0.370,0.000,0.630
611500,0.284,0.000,0.716
612000,0.350,0.000,0.650
612500,0.250,0.000,0.750
613000,0.265,0.000,0.735
613500,0.227,0.000,0.773
614000,0.336,0.000,0.664
614500,0.358,0.000,0.642
615000,0.405,0.000,0.595
615500,0.265,0.000,0.735
616000,0.323,0.000,0.677
616500,0.350,0.000,0.650
617000,0.200,0.000,0.800
617500,0.151,0.000,0.849
618000,0.320,0.000,0.680
618500,0.262,0.000,0.738
619000,0.368,0.000,0.632
619500,0.143,0.000,0.857
620000,0.332,0.000,0.668
620500,0.372,0.000,0.628
621000,0.340,0.000,0.660
621500,0.370,0.000,0.630
622000,0.340,0.000,0.660
622500,0.241,0.000,0.759
623000,0.395,0.000,0.605
623500,0.370,0.000,0.630
624000,0.124,0.000,0.876
624500,0.200,0.000,0.800
625000,0.347,0.000,0.653
625500,0.355,0.000,0.645
626000,0.390,0.000,0.610
626500,0.379,0.000,0.621
627000,0.385,0.000,0.615
627500,0.247,0.000,0.753
628000,0.307,0.000,0.693
628500,0.320,0.000,0.680
629000,0.317,0.000,0.683
629500,0.446,0.000,0.554
630000,0.391,0.000,0.609
630500,0.320,0.000,0.680
631000,0.372,0.000,0.628
631500,0.332,0.000,0.668
632000,0.397,0.000,0.603
632500,0.199,0.000,0.801
633000,0.384,0.000,0.616
633500,0.331,0.000,0.669
634000,0.248,0.000,0.752
634500,0.375,0.000,0.625
635000,0.225,0.000,0.775
635500,0.162,0.000,0.838
636000,0.320,0.000,0.680
636500,0.206,0.000,0.794
637000,0.188,0.000,0.812
637500,0.392,0.000,0.608
638000,0.287,0.000,0.713
638500,0.242,0.000,0.758
639000,0.360,0.000,0.640
639500,0.301,0.000,0.699
640000,0.317,0.000,0.683
640500,0.323,0.000,0.677
641000,0.145,0.000,0.855
641500,0.278,0.000,0.722
642000,0.277,0.000,0.723
642500,0.392,0.000,0.608
643000,0.286,0.000,0.714
643500,0.315,0.000,0.685
644000,0.271,0.000,0.729
644500,0.383,0.000,0.617
645000,0.172,0.000,0.828
645500,0.176,0.006,0.818
646000,0.264,0.000,0.736
646500,0.479,0.000,0.521
647000,0.254,0.000,0.746
647500,0.274,0.000,0.726
648000,0.312,0.000,0.688
648500,0.425,0.000,0.575
649000,0.240,0.000,0.760
649500,0.335,0.000,0.665
650000,0.277,0.000,0.723
650500,0.285,0.000,0.715
651000,0.288,0.000,0.712
651500,0.226,0.000,0.774
652000,0.344,0.000,0.656
652500,0.186,0.000,0.814
653000,0.355,0.000,0.645
653500,0.286,0.000,0.714
654000,0.264,0.000,0.736
654500,0.338,0.000,0.662
655000,0.299,0.000,0.701
655500,0.288,0.000,0.712
656000,0.291,0.000,0.709
656500,0.365,0.000,0.635
657000,0.225,0.000,0.775
657500,0.325,0.000,0.675
658000,0.361,0.000,0.639
658500,0.373,0.000,0.627
659000,0.212,0.000,0.788
659500,0.330,0.000,0.670
660000,0.497,0.000,0.503
660500,0.452,0.000,0.548
661000,0.263,0.000,0.737
661500,0.321,0.000,0.679
662000,0.258,0.000,0.742
662500,0.253,0.000,0.747
663000,0.383,0.000,0.617
663500,0.311,0.000,0.689
664000,0.273,0.000,0.727
664500,0.279,0.000,0.721
665000,0.301,0.000,0.699
665500,0.248,0.000,0.752
666000,0.246,0.000,0.754
666500,0.247,0.000,0.753
667000,0.340,0.000,0.660
667500,0.436,0.000,0.564
668000,0.215,0.000,0.785
668500,0.165,0.000,0.835
669000,0.310,0.000,0.690
669500,0.222,0.000,0.778
670000,0.258,0.000,0.742
670500,0.291,0.000,0.709
671000,0.372,0.000,0.628
671500,0.322,0.000,0.678
672000,0.238,0.000,0.762
672500,0.267,0.000,0.733
673000,0.290,0.000,0.710
673500,0.197,0.000,0.803
674000,0.260,0.000,0.740
674500,0.333,0.000,0.667
675000,0.335,0.000,0.665
675500,0.340,0.000,0.660
676000,0.364,0.000,0.636
676500,0.267,0.000,0.733
677000,0.291,0.000,0.709
677500,0.241,0.000,0.759
678000,0.323,0.000,0.677
678500,0.327,0.000,0.673
679000,0.288,0.000,0.712
679500,0.355,0.000,0.645
680000,0.237,0.000,0.763
680500,0.268,0.000,0.732
681000,0.333,0.000,0.667
681500,0.321,0.000,0.679
682000,0.344,0.000,0.656
682500,0.239,0.000,0.761
683000,0.249,0.000,0.751
683500,0.263,0.000,0.737
684000,0.248,0.000,0.752
684500,0.282,0.000,0.718
685000,0.246,0.000,0.754
685500,0.438,0.000,0.562
686000,0.336,0.000,0.664
686500,0.347,0.000,0.653
687000,0.284,0.000,0.716
687500,0.288,0.000,0.712
688000,0.453,0.000,0.547
688500,0.246,0.000,0.754
689000,0.464,0.000,0.536
689500,0.298,0.000,0.702
690000,0.317,0.000,0.683
690500,0.252,0.000,0.748
691000,0.312,0.000,0.688
691500,0.273,0.000,0.727
692000,0.222,0.000,0.778
692500,0.289,0.000,0.711
693000,0.264,0.000,0.736
693500,0.418,0.000,0.582
694000,0.219,0.000,0.781
694500,0.396,0.000,0.604
695000,0.328,0.000,0.672
695500,0.391,0.000,0.609
696000,0.154,0.000,0.846
696500,0.303,0.000,0.697
697000,0.330,0.000,0.670
697500,0.360,0.000,0.640
698000,0.382,0.000,0.618
698500,0.442,0.000,0.558
699000,0.362,0.000,0.638
699500,0.226,0.000,0.774
700000,0.269,0.000,0.731
700500,0.254,0.000,0.746
701000,0.340,0.000,0.660
701500,0.305,0.000,0.695
702000,0.425,0.000,0.575
702500,0.414,0.000,0.586
703000,0.346,0.000,0.654
703500,0.311,0.000,0.689
704000,0.395,0.000,0.605
704500,0.352,0.000,0.648
705000,0.193,0.000,0.807
705500,0.308,0.000,0.692
706000,0.489,0.000,0.511
706500,0.343,0.000,0.657
707000,0.287,0.000,0.713
707500,0.445,0.000,0.555
708000,0.286,0.000,0.714
708500,0.383,0.000,0.617
709000,0.302,0.000,0.698
709500,0.285,0.000,0.715
710000,0.353,0.000,0.647
710500,0.317,0.000,0.683
711000,0.292,0.000,0.708
711500,0.253,0.000,0.747
712000,0.232,0.000,0.768
712500,0.371,0.000,0.629
713000,0.497,0.000,0.503
713500,0.207,0.000,0.793
714000,0.440,0.000,0.560
714500,0.440,0.000,0.560
715000,0.405,0.000,0.595
715500,0.263,0.000,0.737
716000,0.433,0.000,0.567
716500,0.265,0.000,0.735
717000,0.245,0.000,0.755
717500,0.303,0.000,0.697
718000,0.255,0.000,0.745
718500,0.178,0.000,0.822
719000,0.227,0.000,0.773
719500,0.509,0.000,0.491
720000,0.379,0.000,0.621
720500,0.290,0.000,0.710
721000,0.249,0.000,0.751
721500,0.246,0.000,0.754
722000,0.228,0.000,0.772
722500,0.284,0.000,0.716
723000,0.503,0.000,0.497
723500,0.255,0.000,0.745
724000,0.146,0.024,0.830
724500,0.242,0.000,0.758
725000,0.381,0.000,0.619
725500,0.267,0.000,0.733
726000,0.289,0.000,0.711
726500,0.347,0.000,0.653
727000,0.264,0.000,0.736
727500,0.339,0.000,0.661
728000,0.525,0.000,0.475
728500,0.251,0.000,0.749
729000,0.327,0.000,0.673
729500,0.325,0.000,0.675
730000,0.226,0.000,0.774
730500,0.454,0.000,0.546
731000,0.304,0.000,0.696
731500,0.325,0.000,0.675
732000,0.475,0.000,0.525
732500,0.552,0.000,0.448
733000,0.299,0.000,0.701
733500,0.394,0.000,0.606
734000,0.230,0.000,0.770
734500,0.228,0.000,0.772
735000,0.315,0.000,0.685
735500,0.234,0.000,0.766
736000,0.275,0.000,0.725
736500,0.178,0.000,0.822
737000,0.218,0.000,0.782
737500,0.341,0.000,0.659
738000,0.276,0.000,0.724
738500,0.322,0.000,0.678
739000,0.308,0.000,0.692
739500,0.316,0.000,0.684
740000,0.369,0.000,0.631
740500,0.442,0.000,0.558
741000,0.294,0.000,0.706
741500,0.181,0.000,0.819
742000,0.346,0.000,0.654
742500,0.316,0.000,0.684
743000,0.318,0.000,0.682
743500,0.423,0.000,0.577
744000,0.377,0.000,0.623
744500,0.254,0.000,0.746
745000,0.233,0.000,0.767
745500,0.283,0.000,0.717
746000,0.355,0.000,0.645
746500,0.377,0.000,0.623
747000,0.252,0.000,0.748
747500,0.265,0.000,0.735
748000,0.350,0.000,0.650
748500,0.453,0.000,0.547
749000,0.322,0.000,0.678
749500,0.318,0.000,0.682
750000,0.250,0.000,0.750
750500,0.103,0.018,0.879
751000,0.386,0.000,0.614
751500,0.342,0.000,0.658
752000,0.298,0.000,0.702
752500,0.333,0.000,0.667
753000,0.313,0.000,0.687
753500,0.310,0.000,0.690
754000,0.333,0.000,0.667
754500,0.269,0.000,0.731
755000,0.443,0.000,0.557
755500,0.240,0.000,0.760
756000,0.512,0.000,0.488
756500,0.313,0.000,0.687
757000,0.334,0.000,0.666
757500,0.416,0.000,0.584
758000,0.291,0.000,0.709
758500,0.328,0.000,0.672
759000,0.497,0.000,0.503
759500,0.290,0.000,0.710
760000,0.292,0.000,0.708
760500,0.263,0.000,0.737
761000,0.351,0.000,0.649
761500,0.404,0.000,0.596
762000,0.285,0.000,0.715
762500,0.310,0.000,0.690
763000,0.366,0.000,0.634
763500,0.332,0.000,0.668
764000,0.452,0.000,0.548
764500,0.277,0.000,0.723
765000,0.144,0.000,0.856
765500,0.318,0.000,0.682
766000,0.357,0.000,0.643
766500,0.303,0.000,0.697
767000,0.197,0.000,0.803
767500,0.351,0.000,0.649
768000,0.321,0.000,0.679
768500,0.244,0.000,0.756
769000,0.444,0.000,0.556
769500,0.210,0.000,0.790
770000,0.397,0.000,0.603
770500,0.234,0.000,0.766
771000,0.265,0.000,0.735
771500,0.616,0.000,0.384
772000,0.354,0.000,0.646
772500,0.352,0.000,0.648
773000,0.387,0.000,0.613
773500,0.173,0.000,0.827
774000,0.473,0.000,0.527
774500,0.406,0.000,0.594
775000,0.436,0.000,0.564
775500,0.411,0.000,0.589
776000,0.447,0.000,0.553
776500,0.342,0.000,0.658
777000,0.340,0.000,0.660
777500,0.359,0.000,0.641
778000,0.433,0.000,0.567
778500,0.295,0.000,0.705
779000,0.477,0.000,0.523
779500,0.211,0.000,0.789
780000,0.361,0.000,0.639
780500,0.381,0.000,0.619
781000,0.311,0.000,0.689
781500,0.351,0.000,0.649
782000,0.363,0.000,0.637
782500,0.309,0.000,0.691
783000,0.284,0.000,0.716
783500,0.080,0.053,0.867
784000,0.201,0.000,0.799
784500,0.310,0.000,0.690
785000,0.321,0.000,0.679
785500,0.326,0.000,0.674
786000,0.332,0.000,0.668
786500,0.337,0.000,0.663
787000,0.206,0.000,0.794
787500,0.234,0.000,0.766
788000,0.385,0.000,0.615
788500,0.287,0.000,0.713
789000,0.368,0.000,0.632
789500,0.307,0.000,0.693
790000,0.253,0.000,0.747
790500,0.346,0.000,0.654
791000,0.301,0.000,0.699
791500,0.199,0.000,0.801
792000,0.340,0.000,0.660
792500,0.287,0.000,0.713
793000,0.290,0.000,0.710
793500,0.321,0.000,0.679
794000,0.423,0.000,0.577
794500,0.365,0.000,0.635
795000,0.244,0.000,0.756
795500,0.305,0.000,0.695
796000,0.240,0.000,0.760
796500,0.264,0.000,0.736
797000,0.498,0.000,0.502
797500,0.388,0.000,0.612
798000,0.279,0.000,0.721
798500,0.285,0.000,0.715
799000,0.292,0.000,0.708
799500,0.360,0.000,0.640
800000,0.231,0.000,0.769
800500,0.409,0.000,0.591
801000,0.373,0.000,0.627
801500,0.253,0.000,0.747
802000,0.311,0.000,0.689
802500,0.356,0.000,0.644
803000,0.245,0.000,0.755
803500,0.242,0.000,0.758
804000,0.270,0.000,0.730
804500,0.304,0.000,0.696
805000,0.335,0.000,0.665
805500,0.333,0.000,0.667
806000,0.231,0.000,0.769
806500,0.385,0.000,0.615
807000,0.245,0.000,0.755
807500,0.254,0.000,0.746
808000,0.381,0.000,0.619
808500,0.324,0.000,0.676
809000,0.421,0.000,0.579
809500,0.291,0.000,0.709
810000,0.306,0.000,0.694
810500,0.472,0.000,0.528
811000,0.373,0.000,0.627
811500,0.277,0.000,0.723
812000,0.305,0.000,0.695
812500,0.328,0.000,0.672
813000,0.358,0.000,0.642
813500,0.306,0.000,0.694
814000,0.289,0.000,0.711
814500,0.219,0.000,0.781
815000,0.314,0.000,0.686
815500,0.199,0.000,0.801
816000,0.304,0.000,0.696
816500,0.261,0.000,0.739
817000,0.260,0.000,0.740
817500,0.555,0.000,0.445
818000,0.273,0.000,0.727
818500,0.175,0.000,0.825
819000,0.379,0.000,0.621
819500,0.298,0.000,0.702
820000,0.331,0.000,0.669
820500,0.266,0.000,0.734
821000,0.279,0.000,0.721
821500,0.217,0.000,0.783
822000,0.233,0.000,0.767
822500,0.386,0.000,0.614
823000,0.434,0.000,0.566
823500,0.272,0.000,0.728
824000,0.386,0.000,0.614
824500,0.327,0.000,0.673
825000,0.296,0.000,0.704
825500,0.392,0.000,0.608
826000,0.268,0.000,0.732
826500,0.488,0.000,0.512
827000,0.238,0.000,0.762
827500,0.270,0.000,0.730
828000,0.306,0.000,0.694
828500,0.332,0.000,0.668
829000,0.299,0.000,0.701
829500,0.250,0.000,0.750
830000,0.296,0.000,0.704
830500,0.383,0.000,0.617
831000,0.274,0.000,0.726
831500,0.325,0.000,0.675
832000,0.205,0.000,0.795
832500,0.340,0.000,0.660
833000,0.346,0.000,0.654
833500,0.202,0.000,0.798
834000,0.337,0.000,0.663
834500,0.328,0.000,0.672
835000,0.380,0.000,0.620
835500,0.352,0.000,0.648
836000,0.389,0.000,0.611
836500,0.494,0.000,0.506
837000,0.348,0.000,0.652
837500,0.383,0.000,0.617
838000,0.270,0.000,0.730
838500,0.286,0.000,0.714
839000,0.192,0.000,0.808
839500,0.203,0.000,0.797
840000,0.286,0.000,0.714
840500,0.305,0.000,0.695
841000,0.137,0.000,0.863
841500,0.275,0.000,0.725
842000,0.248,0.000,0.752
842500,0.321,0.000,0.679
843000,0.327,0.000,0.673
843500,0.342,0.000,0.658
844000,0.254,0.000,0.746
844500,0.229,0.000,0.771
845000,0.290,0.000,0.710
845500,0.353,0.000,0.647
846000,0.225,0.000,0.775
846500,0.200,0.000,0.800
847000,0.321,0.000,0.679
847500,0.194,0.000,0.806
848000,0.289,0.000,0.711
848500,0.244,0.000,0.756
849000,0.283,0.000,0.717
849500,0.315,0.000,0.685
850000,0.460,0.000,0.540
850500,0.198,0.000,0.802
851000,0.273,0.000,0.727
851500,0.333,0.000,0.667
852000,0.251,0.000,0.749
852500,0.285,0.000,0.715
853000,0.210,0.000,0.790
853500,0.310,0.000,0.690
854000,0.282,0.000,0.718
854500,0.236,0.000,0.764
855000,0.374,0.000,0.626
855500,0.338,0.000,0.662
856000,0.271,0.000,0.729
856500,0.252,0.000,0.748
857000,0.319,0.000,0.681
857500,0.391,0.000,0.609
858000,0.243,0.000,0.757
858500,0.268,0.000,0.732
859000,0.360,0.000,0.640
859500,0.272,0.000,0.728
860000,0.387,0.000,0.613
860500,0.273,0.000,0.727
861000,0.178,0.000,0.822
861500,0.303,0.000,0.697
862000,0.378,0.000,0.622
862500,0.386,0.000,0.614
863000,0.386,0.000,0.614
863500,0.320,0.000,0.680
864000,0.389,0.000,0.611
864500,0.280,0.000,0.720
865000,0.370,0.000,0.630
865500,0.495,0.000,0.505
866000,0.212,0.000,0.788
866500,0.363,0.000,0.637
867000,0.406,0.000,0.594
867500,0.181,0.000,0.819
868000,0.435,0.000,0.565
868500,0.465,0.000,0.535
869000,0.250,0.000,0.750
869500,0.267,0.000,0.733
870000,0.327,0.000,0.673
870500,0.198,0.000,0.802
871000,0.317,0.000,0.683
871500,0.440,0.000,0.560
872000,0.222,0.000,0.778
872500,0.324,0.000,0.676
873000,0.463,0.000,0.537
873500,0.326,0.000,0.674
874000,0.405,0.000,0.595
874500,0.164,0.000,0.836
875000,0.163,0.000,0.837
875500,0.250,0.000,0.750
876000,0.426,0.000,0.574
876500,0.259,0.000,0.741
877000,0.336,0.000,0.664
877500,0.414,0.000,0.586
878000,0.214,0.000,0.786
878500,0.341,0.000,0.659
879000,0.210,0.000,0.790
879500,0.315,0.000,0.685
880000,0.254,0.000,0.746
880500,0.253,0.000,0.747
881000,0.220,0.000,0.780
881500,0.208,0.000,0.792
882000,0.390,0.000,0.610
882500,0.347,0.000,0.653
883000,0.288,0.000,0.712
883500,0.239,0.000,0.761
884000,0.281,0.000,0.719
884500,0.450,0.000,0.550
885000,0.156,0.000,0.844
885500,0.448,0.000,0.552
886000,0.253,0.000,0.747
886500,0.319,0.000,0.681
887000,0.332,0.000,0.668
887500,0.310,0.000,0.690
888000,0.293,0.000,0.707
888500,0.250,0.000,0.750
889000,0.391,0.000,0.609
889500,0.562,0.000,0.438
890000,0.192,0.000,0.808
890500,0.218,0.000,0.782
891000,0.234,0.000,0.766
891500,0.231,0.000,0.769
892000,0.228,0.000,0.772
892500,0.351,0.000,0.649
893000,0.384,0.000,0.616
893500,0.385,0.000,0.615
894000,0.290,0.000,0.710
894500,0.408,0.000,0.592
895000,0.195,0.000,0.805
895500,0.192,0.000,0.808
896000,0.288,0.000,0.712
896500,0.286,0.000,0.714
897000,0.335,0.000,0.665
897500,0.157,0.000,0.843
898000,0.265,0.000,0.735
898500,0.348,0.000,0.652
899000,0.393,0.000,0.607
899500,0.218,0.000,0.782
900000,0.352,0.000,0.648
900500,0.202,0.000,0.798
901000,0.361,0.000,0.639
901500,0.311,0.000,0.689
902000,0.185,0.000,0.815
902500,0.289,0.000,0.711
903000,0.327,0.000,0.673
903500,0.308,0.000,0.692
904000,0.471,0.000,0.529
904500,0.307,0.000,0.693
905000,0.250,0.000,0.750
905500,0.326,0.000,0.674
906000,0.281,0.000,0.719
906500,0.146,0.000,0.854
907000,0.450,0.000,0.550
907500,0.361,0.000,0.639
908000,0.256,0.000,0.744
908500,0.344,0.000,0.656
909000,0.312,0.000,0.688
909500,0.478,0.000,0.522
910000,0.427,0.000,0.573
910500,0.262,0.000,0.738
911000,0.344,0.000,0.656
911500,0.250,0.000,0.750
912000,0.274,0.000,0.726
912500,0.426,0.000,0.574
913000,0.293,0.000,0.707
913500,0.388,0.000,0.612
914000,0.186,0.000,0.814
914500,0.274,0.000,0.726
915000,0.158,0.000,0.842
915500,0.283,0.000,0.717
916000,0.325,0.000,0.675
916500,0.389,0.000,0.611
917000,0.417,0.000,0.583
917500,0.622,0.000,0.378
918000,0.421,0.000,0.579
918500,0.206,0.000,0.794
919000,0.137,0.000,0.863
919500,0.379,0.000,0.621
920000,0.298,0.000,0.702
920500,0.305,0.000,0.695
921000,0.201,0.003,0.796
921500,0.311,0.000,0.689
922000,0.186,0.000,0.814
922500,0.348,0.000,0.652
923000,0.463,0.000,0.537
923500,0.250,0.000,0.750
924000,0.272,0.000,0.728
924500,0.437,0.000,0.563
925000,0.340,0.000,0.660
925500,0.431,0.000,0.569
926000,0.288,0.000,0.712
926500,0.260,0.000,0.740
927000,0.309,0.000,0.691
927500,0.247,0.000,0.753
928000,0.313,0.000,0.687
928500,0.294,0.000,0.706
929000,0.326,0.000,0.674
929500,0.345,0.000,0.655
930000,0.402,0.000,0.598
930500,0.461,0.000,0.539
931000,0.074,0.000,0.926
931500,0.263,0.000,0.737
932000,0.222,0.000,0.778
932500,0.430,0.000,0.570
933000,0.259,0.000,0.741
933500,0.302,0.000,0.698
934000,0.307,0.000,0.693
934500,0.323,0.000,0.677
935000,0.258,0.000,0.742
935500,0.310,0.000,0.690
936000,0.278,0.000,0.722
936500,0.211,0.000,0.789
937000,0.460,0.000,0.540
937500,0.204,0.000,0.796
938000,0.240,0.000,0.760
938500,0.340,0.000,0.660
939000,0.496,0.000,0.504
939500,0.307,0.000,0.693
940000,0.335,0.000,0.665
940500,0.268,0.000,0.732
941000,0.287,0.000,0.713
941500,0.415,0.000,0.585
942000,0.274,0.000,0.726
942500,0.351,0.000,0.649
943000,0.368,0.000,0.632
943500,0.337,0.000,0.663
944000,0.191,0.000,0.809
944500,0.322,0.000,0.678
945000,0.221,0.000,0.779
945500,0.195,0.000,0.805
946000,0.360,0.000,0.640
946500,0.496,0.000,0.504
947000,0.337,0.000,0.663
947500,0.484,0.000,0.516
948000,0.362,0.000,0.638
948500,0.212,0.000,0.788
949000,0.300,0.000,0.700
949500,0.336,0.000,0.664
950000,0.292,0.000,0.708
950500,0.277,0.000,0.723
951000,0.306,0.000,0.694
951500,0.397,0.000,0.603
952000,0.382,0.000,0.618
952500,0.273,0.000,0.727
953000,0.287,0.000,0.713
953500,0.289,0.000,0.711
954000,0.229,0.000,0.771
954500,0.460,0.000,0.540
955000,0.255,0.000,0.745
955500,0.320,0.000,0.680
956000,0.218,0.000,0.782
956500,0.372,0.000,0.628
957000,0.243,0.000,0.757
957500,0.270,0.000,0.730
958000,0.253,0.000,0.747
958500,0.285,0.000,0.715
959000,0.380,0.000,0.620
959500,0.267,0.000,0.733
960000,0.410,0.000,0.590
960500,0.387,0.000,0.613
961000,0.303,0.000,0.697
961500,0.496,0.000,0.504
962000,0.231,0.000,0.769
962500,0.383,0.000,0.617
963000,0.186,0.000,0.814
963500,0.332,0.000,0.668
964000,0.198,0.000,0.802
964500,0.290,0.000,0.710
965000,0.255,0.000,0.745
965500,0.314,0.000,0.686
966000,0.266,0.000,0.734
966500,0.413,0.000,0.587
967000,0.304,0.000,0.696
967500,0.363,0.000,0.637
968000,0.331,0.000,0.669
968500,0.449,0.000,0.551
969000,0.354,0.000,0.646
969500,0.258,0.000,0.742
970000,0.417,0.000,0.583
970500,0.209,0.000,0.791
971000,0.270,0.000,0.730
971500,0.322,0.000,0.678
972000,0.265,0.000,0.735
972500,0.274,0.000,0.726
973000,0.376,0.000,0.624
973500,0.206,0.000,0.794
974000,0.300,0.000,0.700
974500,0.294,0.000,0.706
975000,0.221,0.000,0.779
975500,0.340,0.000,0.660
976000,0.202,0.000,0.798
976500,0.367,0.000,0.633
977000,0.365,0.000,0.635
977500,0.252,0.000,0.748
978000,0.294,0.000,0.706
978500,0.328,0.000,0.672
979000,0.230,0.000,0.770
979500,0.272,0.000,0.728
980000,0.293,0.000,0.707
980500,0.330,0.000,0.670
981000,0.212,0.000,0.788
981500,0.402,0.000,0.598
982000,0.250,0.000,0.750
982500,0.197,0.000,0.803
983000,0.254,0.000,0.746
983500,0.372,0.000,0.628
984000,0.326,0.000,0.674
984500,0.391,0.000,0.609
985000,0.263,0.000,0.737
985500,0.309,0.000,0.691
986000,0.271,0.000,0.729
986500,0.389,0.000,0.611
987000,0.197,0.000,0.803
987500,0.254,0.000,0.746
988000,0.332,0.000,0.668
988500,0.466,0.000,0.534
989000,0.502,0.000,0.498
989500,0.422,0.000,0.578
990000,0.344,0.000,0.656
990500,0.226,0.000,0.774
991000,0.377,0.000,0.623
991500,0.356,0.000,0.644
992000,0.244,0.000,0.756
992500,0.340,0.000,0.660
993000,0.140,0.000,0.860
993500,0.346,0.000,0.654
994000,0.414,0.000,0.586
994500,0.264,0.000,0.736
995000,0.323,0.000,0.677
995500,0.306,0.000,0.694
996000,0.269,0.000,0.731
996500,0.335,0.000,0.665
997000,0.331,0.000,0.669
997500,0.354,0.000,0.646
998000,0.258,0.000,0.742
998500,0.331,0.000,0.669
999000,0.399,0.000,0.601
999500,0.373,0.000,0.627
1000000,0.339,0.000,0.661
