time,n_A+p,n_B,n_AB
500,0.080,0.193,0.727
1000,0.167,0.029,0.804
1500,0.448,0.000,0.552
2000,0.476,0.000,0.524
2500,0.443,0.000,0.557
3000,0.468,0.000,0.532
3500,0.461,0.000,0.539
4000,0.610,0.000,0.390
4500,0.569,0.000,0.431
5000,0.643,0.000,0.357
5500,0.618,0.000,0.382
6000,0.481,0.000,0.519
6500,0.489,0.000,0.511
7000,0.593,0.000,0.407
7500,0.491,0.000,0.509
8000,0.502,0.000,0.498
8500,0.457,0.000,0.543
9000,0.473,0.000,0.527
9500,0.421,0.000,0.579
10000,0.478,0.000,0.522
10500,0.482,0.000,0.518
11000,0.517,0.000,0.483
11500,0.495,0.000,0.505
12000,0.538,0.000,0.462
12500,0.582,0.000,0.418
13000,0.593,0.000,0.407
13500,0.563,0.000,0.437
14000,0.575,0.000,0.425
14500,0.556,0.000,0.444
15000,0.450,0.000,0.550
15500,0.602,0.000,0.398
16000,0.496,0.000,0.504
16500,0.457,0.000,0.543
17000,0.468,0.000,0.532
17500,0.513,0.000,0.487
18000,0.491,0.000,0.509
18500,0.558,0.000,0.442
19000,0.552,0.000,0.448
19500,0.446,0.000,0.554
20000,0.416,0.000,0.584
20500,0.576,0.000,0.424
21000,0.600,0.000,0.400
21500,0.505,0.000,0.495
22000,0.578,0.000,0.422
22500,0.587,0.000,0.413
23000,0.573,0.000,0.427
23500,0.481,0.000,0.519
24000,0.382,0.000,0.618
24500,0.541,0.000,0.459
25000,0.428,0.000,0.572
25500,0.475,0.000,0.525
26000,0.625,0.000,0.375
26500,0.420,0.000,0.580
27000,0.469,0.000,0.531
27500,0.579,0.000,0.421
28000,0.658,0.000,0.342
28500,0.624,0.000,0.376
29000,0.538,0.000,0.462
29500,0.632,0.000,0.368
30000,0.514,0.000,0.486
30500,0.592,0.000,0.408
31000,0.552,0.000,0.448
31500,0.535,0.000,0.465
32000,0.435,0.000,0.565
32500,0.568,0.000,0.432
33000,0.567,0.000,0.433
33500,0.518,0.000,0.482
34000,0.685,0.000,0.315
34500,0.667,0.000,0.333
35000,0.646,0.000,0.354
35500,0.393,0.000,0.607
36000,0.419,0.000,0.581
36500,0.460,0.000,0.540
37000,0.466,0.000,0.534
37500,0.513,0.000,0.487
38000,0.499,0.000,0.501
38500,0.674,0.000,0.326
39000,0.550,0.000,0.450
39500,0.627,0.000,0.373
40000,0.594,0.000,0.406
40500,0.675,0.000,0.325
41000,0.645,0.000,0.355
41500,0.619,0.000,0.381
42000,0.594,0.000,0.406
42500,0.506,0.000,0.494
43000,0.570,0.000,0.430
43500,0.631,0.000,0.369
44000,0.613,0.000,0.387
44500,0.649,0.000,0.351
45000,0.545,0.000,0.455
45500,0.509,0.000,0.491
46000,0.523,0.000,0.477
46500,0.459,0.000,0.541
47000,0.527,0.000,0.473
47500,0.575,0.000,0.425
48000,0.488,0.000,0.512
48500,0.475,0.000,0.525
49000,0.586,0.000,0.414
49500,0.572,0.000,0.428
50000,0.637,0.000,0.363
50500,0.668,0.000,0.332
51000,0.499,0.000,0.501
51500,0.500,0.000,0.500
52000,0.479,0.000,0.521
52500,0.549,0.000,0.451
53000,0.679,0.000,0.321
53500,0.608,0.000,0.392
54000,0.595,0.000,0.405
54500,0.465,0.000,0.535
55000,0.438,0.000,0.562
55500,0.616,0.000,0.384
56000,0.676,0.000,0.324
56500,0.477,0.000,0.523
57000,0.482,0.000,0.518
57500,0.401,0.000,0.599
58000,0.515,0.000,0.485
58500,0.556,0.000,0.444
59000,0.626,0.000,0.374
59500,0.739,0.000,0.261
60000,0.634,0.000,0.366
60500,0.686,0.000,0.314
61000,0.564,0.000,0.436
61500,0.658,0.000,0.342
62000,0.600,0.000,0.400
62500,0.508,0.000,0.492
63000,0.434,0.000,0.566
63500,0.554,0.000,0.446
64000,0.638,0.000,0.362
64500,0.573,0.000,0.427
65000,0.686,0.000,0.314
65500,0.421,0.000,0.579
66000,0.352,0.000,0.648
66500,0.498,0.000,0.502
67000,0.553,0.000,0.447
67500,0.503,0.000,0.497
68000,0.459,0.000,0.541
68500,0.493,0.000,0.507
69000,0.515,0.000,0.485
69500,0.507,0.000,0.493
70000,0.644,0.000,0.356
70500,0.565,0.000,0.435
71000,0.496,0.000,0.504
71500,0.567,0.000,0.433
72000,0.514,0.000,0.486
72500,0.461,0.000,0.539
73000,0.470,0.000,0.530
73500,0.446,0.000,0.554
74000,0.554,0.000,0.446
74500,0.487,0.000,0.513
75000,0.387,0.000,0.613
75500,0.376,0.000,0.624
76000,0.527,0.000,0.473
76500,0.543,0.000,0.457
77000,0.532,0.000,0.468
77500,0.492,0.000,0.508
78000,0.468,0.000,0.532
78500,0.448,0.000,0.552
79000,0.565,0.000,0.435
79500,0.486,0.000,0.514
80000,0.484,0.000,0.516
80500,0.473,0.000,0.527
81000,0.511,0.000,0.489
81500,0.477,0.000,0.523
82000,0.495,0.000,0.505
82500,0.473,0.000,0.527
83000,0.447,0.000,0.553
83500,0.480,0.000,0.520
84000,0.658,0.000,0.342
84500,0.578,0.000,0.422
85000,0.491,0.000,0.509
85500,0.453,0.000,0.547
86000,0.435,0.000,0.565
86500,0.515,0.000,0.485
87000,0.528,0.000,0.472
87500,0.467,0.000,0.533
88000,0.562,0.000,0.438
88500,0.607,0.000,0.393
89000,0.603,0.000,0.397
89500,0.649,0.000,0.351
90000,0.493,0.000,0.507
90500,0.608,0.000,0.392
91000,0.545,0.000,0.455
91500,0.588,0.000,0.412
92000,0.656,0.000,0.344
92500,0.480,0.000,0.520
93000,0.512,0.000,0.488
93500,0.580,0.000,0.420
94000,0.418,0.000,0.582
94500,0.465,0.000,0.535
95000,0.502,0.000,0.498
95500,0.465,0.000,0.535
96000,0.561,0.000,0.439
96500,0.630,0.000,0.370
97000,0.543,0.000,0.457
97500,0.610,0.000,0.390
98000,0.530,0.000,0.470
98500,0.670,0.000,0.330
99000,0.475,0.000,0.525
99500,0.401,0.000,0.599
100000,0.608,0.000,0.392
100500,0.677,0.000,0.323
101000,0.516,0.000,0.484
101500,0.461,0.000,0.539
102000,0.500,0.000,0.500
102500,0.510,0.000,0.490
103000,0.484,0.000,0.516
103500,0.492,0.000,0.508
104000,0.517,0.000,0.483
104500,0.485,0.000,0.515
105000,0.468,0.000,0.532
105500,0.485,0.000,0.515
106000,0.579,0.000,0.421
106500,0.568,0.000,0.432
107000,0.526,0.000,0.474
107500,0.548,0.000,0.452
108000,0.521,0.000,0.479
108500,0.423,0.000,0.577
109000,0.439,0.000,0.561
109500,0.478,0.000,0.522
110000,0.527,0.000,0.473
110500,0.601,0.000,0.399
111000,0.498,0.000,0.502
111500,0.417,0.002,0.581
112000,0.467,0.000,0.533
112500,0.550,0.000,0.450
113000,0.533,0.000,0.467
113500,0.596,0.000,0.404
114000,0.524,0.000,0.476
114500,0.614,0.000,0.386
115000,0.565,0.000,0.435
115500,0.496,0.000,0.504
116000,0.488,0.000,0.512
116500,0.465,0.000,0.535
117000,0.511,0.000,0.489
117500,0.460,0.000,0.540
118000,0.492,0.000,0.508
118500,0.472,0.000,0.528
119000,0.482,0.000,0.518
119500,0.380,0.000,0.620
120000,0.605,0.000,0.395
120500,0.492,0.000,0.508
121000,0.490,0.000,0.510
121500,0.630,0.000,0.370
122000,0.482,0.000,0.518
122500,0.547,0.000,0.453
123000,0.549,0.000,0.451
123500,0.626,0.000,0.374
124000,0.561,0.000,0.439
124500,0.467,0.000,0.533
125000,0.435,0.000,0.565
125500,0.520,0.000,0.480
126000,0.399,0.000,0.601
126500,0.550,0.000,0.450
127000,0.495,0.000,0.505
127500,0.511,0.000,0.489
128000,0.531,0.000,0.469
128500,0.629,0.000,0.371
129000,0.487,0.000,0.513
129500,0.626,0.000,0.374
130000,0.553,0.000,0.447
130500,0.651,0.000,0.349
131000,0.511,0.000,0.489
131500,0.477,0.000,0.523
132000,0.466,0.000,0.534
132500,0.347,0.003,0.650
133000,0.463,0.000,0.537
133500,0.598,0.000,0.402
134000,0.520,0.000,0.480
134500,0.570,0.000,0.430
135000,0.586,0.000,0.414
135500,0.562,0.000,0.438
136000,0.573,0.000,0.427
136500,0.572,0.000,0.428
137000,0.581,0.000,0.419
137500,0.666,0.000,0.334
138000,0.544,0.000,0.456
138500,0.503,0.000,0.497
139000,0.471,0.000,0.529
139500,0.561,0.000,0.439
140000,0.594,0.000,0.406
140500,0.601,0.000,0.399
141000,0.520,0.000,0.480
141500,0.565,0.000,0.435
142000,0.641,0.000,0.359
142500,0.505,0.000,0.495
143000,0.455,0.000,0.545
143500,0.505,0.000,0.495
144000,0.611,0.000,0.389
144500,0.628,0.000,0.372
145000,0.506,0.000,0.494
145500,0.499,0.000,0.501
146000,0.514,0.000,0.486
146500,0.517,0.000,0.483
147000,0.472,0.000,0.528
147500,0.475,0.000,0.525
148000,0.476,0.000,0.524
148500,0.529,0.000,0.471
149000,0.532,0.000,0.468
149500,0.600,0.000,0.400
150000,0.472,0.000,0.528
150500,0.443,0.000,0.557
151000,0.636,0.000,0.364
151500,0.603,0.000,0.397
152000,0.537,0.000,0.463
152500,0.474,0.000,0.526
153000,0.526,0.000,0.474
153500,0.605,0.000,0.395
154000,0.457,0.000,0.543
154500,0.500,0.000,0.500
155000,0.535,0.000,0.465
155500,0.599,0.000,0.401
156000,0.429,0.000,0.571
156500,0.450,0.000,0.550
157000,0.444,0.000,0.556
157500,0.553,0.000,0.447
158000,0.535,0.000,0.465
158500,0.563,0.000,0.437
159000,0.743,0.000,0.257
159500,0.531,0.000,0.469
160000,0.626,0.000,0.374
160500,0.631,0.000,0.369
161000,0.568,0.000,0.432
161500,0.543,0.000,0.457
162000,0.522,0.000,0.478
162500,0.543,0.000,0.457
163000,0.435,0.000,0.565
163500,0.476,0.000,0.524
164000,0.477,0.000,0.523
164500,0.385,0.000,0.615
165000,0.449,0.000,0.551
165500,0.592,0.000,0.408
166000,0.573,0.000,0.427
166500,0.559,0.000,0.441
167000,0.553,0.000,0.447
167500,0.419,0.000,0.581
168000,0.498,0.000,0.502
168500,0.562,0.000,0.438
169000,0.523,0.000,0.477
169500,0.539,0.000,0.461
170000,0.660,0.000,0.340
170500,0.683,0.000,0.317
171000,0.522,0.000,0.478
171500,0.453,0.000,0.547
172000,0.628,0.000,0.372
172500,0.735,0.000,0.265
173000,0.619,0.000,0.381
173500,0.710,0.000,0.290
174000,0.608,0.000,0.392
174500,0.524,0.000,0.476
175000,0.618,0.000,0.382
175500,0.511,0.000,0.489
176000,0.475,0.000,0.525
176500,0.468,0.000,0.532
177000,0.331,0.000,0.669
177500,0.516,0.000,0.484
178000,0.574,0.000,0.426
178500,0.587,0.000,0.413
179000,0.525,0.000,0.475
179500,0.529,0.000,0.471
180000,0.520,0.000,0.480
180500,0.418,0.000,0.582
181000,0.594,0.000,0.406
181500,0.507,0.000,0.493
182000,0.521,0.000,0.479
182500,0.518,0.000,0.482
183000,0.507,0.000,0.493
183500,0.451,0.000,0.549
184000,0.439,0.000,0.561
184500,0.413,0.000,0.587
185000,0.500,0.000,0.500
185500,0.472,0.000,0.528
186000,0.554,0.000,0.446
186500,0.488,0.000,0.512
187000,0.532,0.000,0.468
187500,0.598,0.000,0.402
188000,0.457,0.000,0.543
188500,0.458,0.000,0.542
189000,0.422,0.000,0.578
189500,0.535,0.000,0.465
190000,0.548,0.000,0.452
190500,0.491,0.000,0.509
191000,0.579,0.000,0.421
191500,0.461,0.000,0.539
192000,0.520,0.000,0.480
192500,0.551,0.000,0.449
193000,0.512,0.000,0.488
193500,0.423,0.000,0.577
194000,0.426,0.000,0.574
194500,0.441,0.000,0.559
195000,0.495,0.000,0.505
195500,0.527,0.000,0.473
196000,0.472,0.000,0.528
196500,0.449,0.000,0.551
197000,0.448,0.000,0.552
197500,0.551,0.000,0.449
198000,0.536,0.000,0.464
198500,0.531,0.000,0.469
199000,0.441,0.000,0.559
199500,0.485,0.000,0.515
200000,0.581,0.000,0.419
200500,0.602,0.000,0.398
201000,0.534,0.000,0.466
201500,0.517,0.000,0.483
202000,0.627,0.000,0.373
202500,0.532,0.000,0.468
203000,0.556,0.000,0.444
203500,0.478,0.000,0.522
204000,0.479,0.000,0.521
204500,0.559,0.000,0.441
205000,0.550,0.000,0.450
205500,0.518,0.000,0.482
206000,0.626,0.000,0.374
206500,0.607,0.000,0.393
207000,0.454,0.000,0.546
207500,0.509,0.000,0.491
208000,0.517,0.000,0.483
208500,0.454,0.000,0.546
209000,0.516,0.000,0.484
209500,0.492,0.000,0.508
210000,0.495,0.000,0.505
210500,0.481,0.000,0.519
211000,0.531,0.000,0.469
211500,0.562,0.000,0.438
212000,0.519,0.000,0.481
212500,0.468,0.000,0.532
213000,0.526,0.000,0.474
213500,0.534,0.000,0.466
214000,0.687,0.000,0.313
214500,0.573,0.000,0.427
215000,0.618,0.000,0.382
215500,0.732,0.000,0.268
216000,0.650,0.000,0.350
216500,0.603,0.000,0.397
217000,0.668,0.000,0.332
217500,0.622,0.000,0.378
218000,0.688,0.000,0.312
218500,0.697,0.000,0.303
219000,0.622,0.000,0.378
219500,0.480,0.000,0.520
220000,0.669,0.000,0.331
220500,0.638,0.000,0.362
221000,0.677,0.000,0.323
221500,0.421,0.000,0.579
222000,0.511,0.000,0.489
222500,0.531,0.000,0.469
223000,0.707,0.000,0.293
223500,0.608,0.000,0.392
224000,0.634,0.000,0.366
224500,0.515,0.000,0.485
225000,0.485,0.000,0.515
225500,0.576,0.000,0.424
226000,0.568,0.000,0.432
226500,0.605,0.000,0.395
227000,0.579,0.000,0.421
227500,0.568,0.000,0.432
228000,0.567,0.000,0.433
228500,0.481,0.000,0.519
229000,0.521,0.000,0.479
229500,0.454,0.000,0.546
230000,0.536,0.000,0.464
230500,0.458,0.000,0.542
231000,0.531,0.000,0.469
231500,0.460,0.000,0.540
232000,0.569,0.000,0.431
232500,0.542,0.000,0.458
233000,0.392,0.000,0.608
233500,0.428,0.000,0.572
234000,0.475,0.000,0.525
234500,0.569,0.000,0.431
235000,0.517,0.000,0.483
235500,0.547,0.000,0.453
236000,0.479,0.000,0.521
236500,0.469,0.000,0.531
237000,0.511,0.000,0.489
237500,0.534,0.000,0.466
238000,0.418,0.000,0.582
238500,0.535,0.000,0.465
239000,0.498,0.000,0.502
239500,0.471,0.000,0.529
240000,0.377,0.000,0.623
240500,0.544,0.000,0.456
241000,0.325,0.000,0.675
241500,0.458,0.000,0.542
242000,0.446,0.000,0.554
242500,0.478,0.000,0.522
243000,0.550,0.000,0.450
243500,0.602,0.000,0.398
244000,0.701,0.000,0.299
244500,0.598,0.000,0.402
245000,0.436,0.000,0.564
245500,0.447,0.000,0.553
246000,0.565,0.000,0.435
246500,0.509,0.000,0.491
247000,0.423,0.000,0.577
247500,0.463,0.000,0.537
248000,0.518,0.000,0.482
248500,0.506,0.000,0.494
249000,0.389,0.000,0.611
249500,0.355,0.000,0.645
250000,0.486,0.000,0.514
250500,0.615,0.000,0.385
251000,0.482,0.000,0.518
251500,0.459,0.000,0.541
252000,0.394,0.000,0.606
252500,0.590,0.000,0.410
253000,0.509,0.000,0.491
253500,0.511,0.000,0.489
254000,0.633,0.000,0.367
254500,0.597,0.000,0.403
255000,0.470,0.000,0.530
255500,0.486,0.000,0.514
256000,0.436,0.000,0.564
256500,0.496,0.000,0.504
257000,0.437,0.000,0.563
257500,0.421,0.000,0.579
258000,0.437,0.000,0.563
258500,0.515,0.000,0.485
259000,0.467,0.000,0.533
259500,0.517,0.000,0.483
260000,0.588,0.000,0.412
260500,0.509,0.000,0.491
261000,0.457,0.000,0.543
261500,0.556,0.000,0.444
262000,0.640,0.000,0.360
262500,0.689,0.000,0.311
263000,0.735,0.000,0.265
263500,0.741,0.000,0.259
264000,0.624,0.000,0.376
264500,0.591,0.000,0.409
265000,0.589,0.000,0.411
265500,0.571,0.000,0.429
266000,0.580,0.000,0.420
266500,0.601,0.000,0.399
267000,0.512,0.000,0.488
267500,0.587,0.000,0.413
268000,0.408,0.000,0.592
268500,0.558,0.000,0.442
269000,0.442,0.000,0.558
269500,0.538,0.000,0.462
270000,0.452,0.000,0.548
270500,0.514,0.000,0.486
271000,0.501,0.000,0.499
271500,0.362,0.000,0.638
272000,0.509,0.000,0.491
272500,0.415,0.000,0.585
273000,0.588,0.000,0.412
273500,0.667,0.000,0.333
274000,0.693,0.000,0.307
274500,0.585,0.000,0.415
275000,0.738,0.000,0.262
275500,0.662,0.000,0.338
276000,0.737,0.000,0.263
276500,0.656,0.000,0.344
277000,0.513,0.000,0.487
277500,0.639,0.000,0.361
278000,0.604,0.000,0.396
278500,0.417,0.000,0.583
279000,0.527,0.000,0.473
279500,0.492,0.000,0.508
280000,0.536,0.000,0.464
280500,0.638,0.000,0.362
281000,0.555,0.000,0.445
281500,0.518,0.000,0.482
282000,0.446,0.000,0.554
282500,0.496,0.000,0.504
283000,0.584,0.000,0.416
283500,0.507,0.000,0.493
284000,0.482,0.000,0.518
284500,0.453,0.000,0.547
285000,0.409,0.000,0.591
285500,0.455,0.000,0.545
286000,0.526,0.000,0.474
286500,0.609,0.000,0.391
287000,0.510,0.000,0.490
287500,0.461,0.000,0.539
288000,0.554,0.000,0.446
288500,0.432,0.000,0.568
289000,0.377,0.000,0.623
289500,0.643,0.000,0.357
290000,0.571,0.000,0.429
290500,0.584,0.000,0.416
291000,0.527,0.000,0.473
291500,0.636,0.000,0.364
292000,0.611,0.000,0.389
292500,0.579,0.000,0.421
293000,0.537,0.000,0.463
293500,0.554,0.000,0.446
294000,0.499,0.000,0.501
294500,0.555,0.000,0.445
295000,0.438,0.000,0.562
295500,0.571,0.000,0.429
296000,0.713,0.000,0.287
296500,0.658,0.000,0.342
297000,0.645,0.000,0.355
297500,0.613,0.000,0.387
298000,0.471,0.000,0.529
298500,0.579,0.000,0.421
299000,0.692,0.000,0.308
299500,0.504,0.000,0.496
300000,0.650,0.000,0.350
300500,0.394,0.000,0.606
301000,0.676,0.000,0.324
301500,0.436,0.000,0.564
302000,0.595,0.000,0.405
302500,0.557,0.000,0.443
303000,0.570,0.000,0.430
303500,0.617,0.000,0.383
304000,0.636,0.000,0.364
304500,0.544,0.000,0.456
305000,0.594,0.000,0.406
305500,0.542,0.000,0.458
306000,0.578,0.000,0.422
306500,0.556,0.000,0.444
307000,0.573,0.000,0.427
307500,0.497,0.000,0.503
308000,0.584,0.000,0.416
308500,0.564,0.000,0.436
309000,0.463,0.000,0.537
309500,0.520,0.000,0.480
310000,0.547,0.000,0.453
310500,0.507,0.000,0.493
311000,0.703,0.000,0.297
311500,0.783,0.000,0.217
312000,0.485,0.000,0.515
312500,0.544,0.000,0.456
313000,0.448,0.000,0.552
313500,0.465,0.000,0.535
314000,0.437,0.000,0.563
314500,0.573,0.000,0.427
315000,0.631,0.000,0.369
315500,0.589,0.000,0.411
316000,0.477,0.000,0.523
316500,0.479,0.000,0.521
317000,0.528,0.000,0.472
317500,0.586,0.000,0.414
318000,0.592,0.000,0.408
318500,0.487,0.000,0.513
319000,0.550,0.000,0.450
319500,0.559,0.000,0.441
320000,0.584,0.000,0.416
320500,0.444,0.000,0.556
321000,0.461,0.000,0.539
321500,0.493,0.000,0.507
322000,0.539,0.000,0.461
322500,0.707,0.000,0.293
323000,0.617,0.000,0.383
323500,0.479,0.000,0.521
324000,0.500,0.000,0.500
324500,0.476,0.000,0.524
325000,0.503,0.000,0.497
325500,0.500,0.000,0.500
326000,0.577,0.000,0.423
326500,0.586,0.000,0.414
327000,0.485,0.000,0.515
327500,0.511,0.000,0.489
328000,0.517,0.000,0.483
328500,0.552,0.000,0.448
329000,0.548,0.000,0.452
329500,0.572,0.000,0.428
330000,0.530,0.000,0.470
330500,0.485,0.000,0.515
331000,0.480,0.000,0.520
331500,0.632,0.000,0.368
332000,0.615,0.000,0.385
332500,0.623,0.000,0.377
333000,0.435,0.000,0.565
333500,0.489,0.000,0.511
334000,0.607,0.000,0.393
334500,0.612,0.000,0.388
335000,0.435,0.000,0.565
335500,0.632,0.000,0.368
336000,0.529,0.000,0.471
336500,0.682,0.000,0.318
337000,0.551,0.000,0.449
337500,0.431,0.000,0.569
338000,0.500,0.000,0.500
338500,0.506,0.000,0.494
339000,0.505,0.000,0.495
339500,0.500,0.000,0.500
340000,0.592,0.000,0.408
340500,0.559,0.000,0.441
341000,0.564,0.000,0.436
341500,0.485,0.000,0.515
342000,0.513,0.000,0.487
342500,0.548,0.000,0.452
343000,0.492,0.000,0.508
343500,0.504,0.000,0.496
344000,0.513,0.000,0.487
344500,0.563,0.000,0.437
345000,0.582,0.000,0.418
345500,0.425,0.000,0.575
346000,0.600,0.000,0.400
346500,0.650,0.000,0.350
347000,0.541,0.000,0.459
347500,0.535,0.000,0.465
348000,0.627,0.000,0.373
348500,0.629,0.000,0.371
349000,0.530,0.000,0.470
349500,0.523,0.000,0.477
350000,0.548,0.000,0.452
350500,0.450,0.000,0.550
351000,0.416,0.000,0.584
351500,0.457,0.000,0.543
352000,0.565,0.000,0.435
352500,0.554,0.000,0.446
353000,0.570,0.000,0.430
353500,0.646,0.000,0.354
354000,0.657,0.000,0.343
354500,0.433,0.000,0.567
355000,0.615,0.000,0.385
355500,0.443,0.000,0.557
356000,0.599,0.000,0.401
356500,0.445,0.000,0.555
357000,0.541,0.000,0.459
357500,0.545,0.000,0.455
358000,0.444,0.000,0.556
358500,0.377,0.000,0.623
359000,0.410,0.000,0.590
359500,0.480,0.000,0.520
360000,0.500,0.000,0.500
360500,0.557,0.000,0.443
361000,0.637,0.000,0.363
361500,0.530,0.000,0.470
362000,0.548,0.000,0.452
362500,0.568,0.000,0.432
363000,0.615,0.000,0.385
363500,0.524,0.000,0.476
364000,0.538,0.000,0.462
364500,0.603,0.000,0.397
365000,0.514,0.000,0.486
365500,0.533,0.000,0.467
366000,0.500,0.000,0.500
366500,0.565,0.000,0.435
367000,0.534,0.000,0.466
367500,0.555,0.000,0.445
368000,0.599,0.000,0.401
368500,0.506,0.000,0.494
369000,0.404,0.000,0.596
369500,0.586,0.000,0.414
370000,0.668,0.000,0.332
370500,0.612,0.000,0.388
371000,0.623,0.000,0.377
371500,0.560,0.000,0.440
372000,0.540,0.000,0.460
372500,0.462,0.000,0.538
373000,0.516,0.000,0.484
373500,0.600,0.000,0.400
374000,0.568,0.000,0.432
374500,0.566,0.000,0.434
375000,0.461,0.000,0.539
375500,0.599,0.000,0.401
376000,0.626,0.000,0.374
376500,0.634,0.000,0.366
377000,0.544,0.000,0.456
377500,0.607,0.000,0.393
378000,0.456,0.000,0.544
378500,0.552,0.000,0.448
379000,0.644,0.000,0.356
379500,0.461,0.000,0.539
380000,0.523,0.000,0.477
380500,0.448,0.000,0.552
381000,0.535,0.000,0.465
381500,0.436,0.000,0.564
382000,0.469,0.000,0.531
382500,0.600,0.000,0.400
383000,0.532,0.000,0.468
383500,0.486,0.000,0.514
384000,0.500,0.000,0.500
384500,0.456,0.000,0.544
385000,0.402,0.000,0.598
385500,0.435,0.000,0.565
386000,0.569,0.000,0.431
386500,0.561,0.000,0.439
387000,0.655,0.000,0.345
387500,0.579,0.000,0.421
388000,0.598,0.000,0.402
388500,0.566,0.000,0.434
389000,0.468,0.000,0.532
389500,0.495,0.000,0.505
390000,0.527,0.000,0.473
390500,0.507,0.000,0.493
391000,0.511,0.000,0.489
391500,0.638,0.000,0.362
392000,0.543,0.000,0.457
392500,0.551,0.000,0.449
393000,0.530,0.000,0.470
393500,0.566,0.000,0.434
394000,0.592,0.000,0.408
394500,0.544,0.000,0.456
395000,0.509,0.000,0.491
395500,0.615,0.000,0.385
396000,0.552,0.000,0.448
396500,0.506,0.000,0.494
397000,0.535,0.000,0.465
397500,0.529,0.000,0.471
398000,0.473,0.000,0.527
398500,0.419,0.000,0.581
399000,0.518,0.000,0.482
399500,0.484,0.000,0.516
400000,0.455,0.000,0.545
400500,0.488,0.000,0.512
401000,0.653,0.000,0.347
401500,0.551,0.000,0.449
402000,0.615,0.000,0.385
402500,0.638,0.000,0.362
403000,0.528,0.000,0.472
403500,0.505,0.000,0.495
404000,0.521,0.000,0.479
404500,0.546,0.000,0.454
405000,0.458,0.000,0.542
405500,0.522,0.000,0.478
406000,0.481,0.000,0.519
406500,0.442,0.000,0.558
407000,0.530,0.000,0.470
407500,0.507,0.000,0.493
408000,0.496,0.000,0.504
408500,0.496,0.000,0.504
409000,0.522,0.000,0.478
409500,0.434,0.000,0.566
410000,0.463,0.000,0.537
410500,0.565,0.000,0.435
411000,0.684,0.000,0.316
411500,0.627,0.000,0.373
412000,0.523,0.000,0.477
412500,0.534,0.000,0.466
413000,0.669,0.000,0.331
413500,0.561,0.000,0.439
414000,0.569,0.000,0.431
414500,0.504,0.000,0.496
415000,0.535,0.000,0.465
415500,0.500,0.000,0.500
416000,0.507,0.000,0.493
416500,0.539,0.000,0.461
417000,0.643,0.000,0.357
417500,0.580,0.000,0.420
418000,0.444,0.000,0.556
418500,0.491,0.000,0.509
419000,0.577,0.000,0.423
419500,0.620,0.000,0.380
420000,0.524,0.000,0.476
420500,0.570,0.000,0.430
421000,0.540,0.000,0.460
421500,0.584,0.000,0.416
422000,0.681,0.000,0.319
422500,0.488,0.000,0.512
423000,0.420,0.000,0.580
423500,0.458,0.000,0.542
424000,0.537,0.000,0.463
424500,0.487,0.000,0.513
425000,0.527,0.000,0.473
425500,0.587,0.000,0.413
426000,0.416,0.000,0.584
426500,0.560,0.000,0.440
427000,0.485,0.000,0.515
427500,0.651,0.000,0.349
428000,0.695,0.000,0.305
428500,0.507,0.000,0.493
429000,0.541,0.000,0.459
429500,0.481,0.000,0.519
430000,0.349,0.000,0.651
430500,0.576,0.000,0.424
431000,0.540,0.000,0.460
431500,0.549,0.000,0.451
432000,0.631,0.000,0.369
432500,0.587,0.000,0.413
433000,0.683,0.000,0.317
433500,0.560,0.000,0.440
434000,0.420,0.000,0.580
434500,0.438,0.000,0.562
435000,0.437,0.000,0.563
435500,0.466,0.000,0.534
436000,0.552,0.000,0.448
436500,0.548,0.000,0.452
437000,0.552,0.000,0.448
437500,0.558,0.000,0.442
438000,0.636,0.000,0.364
438500,0.651,0.000,0.349
439000,0.611,0.000,0.389
439500,0.543,0.000,0.457
440000,0.541,0.000,0.459
440500,0.543,0.000,0.457
441000,0.552,0.000,0.448
441500,0.500,0.000,0.500
442000,0.516,0.000,0.484
442500,0.532,0.000,0.468
443000,0.447,0.000,0.553
443500,0.443,0.000,0.557
444000,0.483,0.000,0.517
444500,0.511,0.000,0.489
445000,0.498,0.000,0.502
445500,0.491,0.000,0.509
446000,0.482,0.000,0.518
446500,0.465,0.000,0.535
447000,0.656,0.000,0.344
447500,0.488,0.000,0.512
448000,0.554,0.000,0.446
448500,0.518,0.000,0.482
449000,0.447,0.000,0.553
449500,0.458,0.000,0.542
450000,0.593,0.000,0.407
450500,0.674,0.000,0.326
451000,0.554,0.000,0.446
451500,0.550,0.000,0.450
452000,0.514,0.000,0.486
452500,0.524,0.000,0.476
453000,0.520,0.000,0.480
453500,0.419,0.000,0.581
454000,0.488,0.000,0.512
454500,0.522,0.000,0.478
455000,0.613,0.000,0.387
455500,0.482,0.000,0.518
456000,0.436,0.000,0.564
456500,0.522,0.000,0.478
457000,0.678,0.000,0.322
457500,0.590,0.000,0.410
458000,0.575,0.000,0.425
458500,0.619,0.000,0.381
459000,0.571,0.000,0.429
459500,0.658,0.000,0.342
460000,0.557,0.000,0.443
460500,0.468,0.000,0.532
461000,0.637,0.000,0.363
461500,0.620,0.000,0.380
462000,0.570,0.000,0.430
462500,0.623,0.000,0.377
463000,0.553,0.000,0.447
463500,0.567,0.000,0.433
464000,0.555,0.000,0.445
464500,0.411,0.000,0.589
465000,0.547,0.000,0.453
465500,0.611,0.000,0.389
466000,0.493,0.000,0.507
466500,0.547,0.000,0.453
467000,0.550,0.000,0.450
467500,0.468,0.000,0.532
468000,0.551,0.000,0.449
468500,0.654,0.000,0.346
469000,0.586,0.000,0.414
469500,0.639,0.000,0.361
470000,0.665,0.000,0.335
470500,0.633,0.000,0.367
471000,0.427,0.000,0.573
471500,0.550,0.000,0.450
472000,0.404,0.000,0.596
472500,0.479,0.000,0.521
473000,0.474,0.000,0.526
473500,0.457,0.000,0.543
474000,0.511,0.000,0.489
474500,0.461,0.000,0.539
475000,0.419,0.000,0.581
475500,0.470,0.000,0.530
476000,0.612,0.000,0.388
476500,0.500,0.000,0.500
477000,0.511,0.000,0.489
477500,0.506,0.000,0.494
478000,0.387,0.000,0.613
478500,0.509,0.000,0.491
479000,0.565,0.000,0.435
479500,0.438,0.000,0.562
480000,0.664,0.000,0.336
480500,0.645,0.000,0.355
481000,0.595,0.000,0.405
481500,0.539,0.000,0.461
482000,0.634,0.000,0.366
482500,0.548,0.000,0.452
483000,0.487,0.000,0.513
483500,0.526,0.000,0.474
484000,0.523,0.000,0.477
484500,0.498,0.000,0.502
485000,0.644,0.000,0.356
485500,0.436,0.000,0.564
486000,0.539,0.000,0.461
486500,0.627,0.000,0.373
487000,0.520,0.000,0.480
487500,0.548,0.000,0.452
488000,0.643,0.000,0.357
488500,0.487,0.000,0.513
489000,0.482,0.000,0.518
489500,0.482,0.000,0.518
490000,0.622,0.000,0.378
490500,0.478,0.000,0.522
491000,0.478,0.000,0.522
491500,0.453,0.000,0.547
492000,0.552,0.000,0.448
492500,0.539,0.000,0.461
493000,0.582,0.000,0.418
493500,0.501,0.000,0.499
494000,0.541,0.000,0.459
494500,0.510,0.000,0.490
495000,0.533,0.000,0.467
495500,0.465,0.000,0.535
496000,0.546,0.000,0.454
496500,0.595,0.000,0.405
497000,0.497,0.000,0.503
497500,0.501,0.000,0.499
498000,0.513,0.000,0.487
498500,0.517,0.000,0.483
499000,0.573,0.000,0.427
499500,0.495,0.000,0.505
500000,0.579,0.000,0.421
500500,0.432,0.000,0.568
501000,0.466,0.000,0.534
501500,0.481,0.000,0.519
502000,0.430,0.000,0.570
502500,0.460,0.000,0.540
503000,0.542,0.000,0.458
503500,0.514,0.001,0.485
504000,0.537,0.000,0.463
504500,0.401,0.000,0.599
505000,0.432,0.000,0.568
505500,0.653,0.000,0.347
506000,0.448,0.000,0.552
506500,0.498,0.000,0.502
507000,0.525,0.000,0.475
507500,0.544,0.000,0.456
508000,0.500,0.000,0.500
508500,0.599,0.000,0.401
509000,0.550,0.000,0.450
509500,0.651,0.000,0.349
510000,0.513,0.000,0.487
510500,0.504,0.000,0.496
511000,0.553,0.000,0.447
511500,0.436,0.000,0.564
512000,0.562,0.000,0.438
512500,0.613,0.000,0.387
513000,0.556,0.000,0.444
513500,0.552,0.000,0.448
514000,0.532,0.000,0.468
514500,0.425,0.000,0.575
515000,0.523,0.000,0.477
515500,0.615,0.000,0.385
516000,0.555,0.000,0.445
516500,0.525,0.000,0.475
517000,0.558,0.000,0.442
517500,0.555,0.000,0.445
518000,0.566,0.000,0.434
518500,0.649,0.000,0.351
519000,0.650,0.000,0.350
519500,0.761,0.000,0.239
520000,0.570,0.000,0.430
520500,0.517,0.000,0.483
521000,0.486,0.000,0.514
521500,0.501,0.000,0.499
522000,0.530,0.000,0.470
522500,0.468,0.000,0.532
523000,0.616,0.000,0.384
523500,0.573,0.000,0.427
524000,0.453,0.000,0.547
524500,0.599,0.000,0.401
525000,0.501,0.000,0.499
525500,0.608,0.000,0.392
526000,0.464,0.000,0.536
526500,0.506,0.000,0.494
527000,0.539,0.000,0.461
527500,0.643,0.000,0.357
528000,0.637,0.000,0.363
528500,0.543,0.000,0.457
529000,0.555,0.000,0.445
529500,0.528,0.000,0.472
530000,0.574,0.000,0.426
530500,0.550,0.000,0.450
531000,0.441,0.000,0.559
531500,0.547,0.000,0.453
532000,0.589,0.000,0.411
532500,0.635,0.000,0.365
533000,0.706,0.000,0.294
533500,0.640,0.000,0.360
534000,0.682,0.000,0.318
534500,0.624,0.000,0.376
535000,0.438,0.000,0.562
535500,0.632,0.000,0.368
536000,0.511,0.000,0.489
536500,0.553,0.000,0.447
537000,0.482,0.000,0.518
537500,0.444,0.000,0.556
538000,0.571,0.000,0.429
538500,0.647,0.000,0.353
539000,0.659,0.000,0.341
539500,0.512,0.000,0.488
540000,0.526,0.000,0.474
540500,0.482,0.000,0.518
541000,0.501,0.000,0.499
541500,0.532,0.000,0.468
542000,0.611,0.000,0.389
542500,0.551,0.000,0.449
543000,0.525,0.000,0.475
543500,0.565,0.000,0.435
544000,0.518,0.000,0.482
544500,0.403,0.000,0.597
545000,0.480,0.000,0.520
545500,0.461,0.000,0.539
546000,0.489,0.000,0.511
546500,0.536,0.000,0.464
547000,0.512,0.000,0.488
547500,0.563,0.000,0.437
548000,0.431,0.000,0.569
548500,0.458,0.000,0.542
549000,0.615,0.000,0.385
549500,0.596,0.000,0.404
550000,0.581,0.000,0.419
550500,0.588,0.000,0.412
551000,0.582,0.000,0.418
551500,0.425,0.000,0.575
552000,0.309,0.000,0.691
552500,0.459,0.000,0.541
553000,0.382,0.000,0.618
553500,0.581,0.000,0.419
554000,0.513,0.000,0.487
554500,0.461,0.000,0.539
555000,0.557,0.000,0.443
555500,0.436,0.000,0.564
556000,0.483,0.000,0.517
556500,0.428,0.000,0.572
557000,0.541,0.000,0.459
557500,0.587,0.000,0.413
558000,0.495,0.000,0.505
558500,0.480,0.000,0.520
559000,0.515,0.000,0.485
559500,0.538,0.000,0.462
560000,0.527,0.000,0.473
560500,0.512,0.000,0.488
561000,0.610,0.000,0.390
561500,0.557,0.000,0.443
562000,0.584,0.000,0.416
562500,0.489,0.000,0.511
563000,0.374,0.000,0.626
563500,0.332,0.000,0.668
564000,0.467,0.000,0.533
564500,0.527,0.000,0.473
565000,0.592,0.000,0.408
565500,0.459,0.000,0.541
566000,0.565,0.000,0.435
566500,0.544,0.000,0.456
567000,0.595,0.000,0.405
567500,0.581,0.000,0.419
568000,0.537,0.000,0.463
568500,0.505,0.000,0.495
569000,0.440,0.000,0.560
569500,0.468,0.000,0.532
570000,0.460,0.000,0.540
570500,0.541,0.000,0.459
571000,0.486,0.000,0.514
571500,0.549,0.000,0.451
572000,0.499,0.000,0.501
572500,0.529,0.000,0.471
573000,0.478,0.000,0.522
573500,0.499,0.000,0.501
574000,0.546,0.000,0.454
574500,0.524,0.000,0.476
575000,0.469,0.000,0.531
575500,0.458,0.000,0.542
576000,0.432,0.000,0.568
576500,0.483,0.000,0.517
577000,0.507,0.000,0.493
577500,0.406,0.000,0.594
578000,0.400,0.000,0.600
578500,0.553,0.000,0.447
579000,0.467,0.000,0.533
579500,0.604,0.000,0.396
580000,0.617,0.000,0.383
580500,0.631,0.000,0.369
581000,0.555,0.000,0.445
581500,0.536,0.000,0.464
582000,0.541,0.000,0.459
582500,0.547,0.000,0.453
583000,0.598,0.000,0.402
583500,0.361,0.000,0.639
584000,0.413,0.000,0.587
584500,0.474,0.000,0.526
585000,0.481,0.000,0.519
585500,0.563,0.000,0.437
586000,0.524,0.000,0.476
586500,0.662,0.000,0.338
587000,0.547,0.000,0.453
587500,0.557,0.000,0.443
588000,0.533,0.000,0.467
588500,0.559,0.000,0.441
589000,0.616,0.000,0.384
589500,0.640,0.000,0.360
590000,0.525,0.000,0.475
590500,0.464,0.000,0.536
591000,0.465,0.000,0.535
591500,0.532,0.000,0.468
592000,0.513,0.000,0.487
592500,0.452,0.000,0.548
593000,0.543,0.000,0.457
593500,0.564,0.000,0.436
594000,0.494,0.000,0.506
594500,0.453,0.000,0.547
595000,0.385,0.000,0.615
595500,0.710,0.000,0.290
596000,0.522,0.000,0.478
596500,0.563,0.000,0.437
597000,0.671,0.000,0.329
597500,0.547,0.000,0.453
598000,0.476,0.000,0.524
598500,0.536,0.000,0.464
599000,0.445,0.000,0.555
599500,0.542,0.000,0.458
600000,0.529,0.000,0.471
600500,0.546,0.000,0.454
601000,0.492,0.000,0.508
601500,0.395,0.000,0.605
602000,0.602,0.000,0.398
602500,0.603,0.000,0.397
603000,0.512,0.000,0.488
603500,0.432,0.000,0.568
604000,0.460,0.000,0.540
604500,0.565,0.000,0.435
605000,0.643,0.000,0.357
605500,0.585,0.000,0.415
606000,0.600,0.000,0.400
606500,0.627,0.000,0.373
607000,0.721,0.000,0.279
607500,0.561,0.000,0.439
608000,0.554,0.000,0.446
608500,0.587,0.000,0.413
609000,0.458,0.000,0.542
609500,0.391,0.000,0.609
610000,0.529,0.000,0.471
610500,0.626,0.000,0.374
611000,0.551,0.000,0.449
611500,0.496,0.000,0.504
612000,0.409,0.000,0.591
612500,0.499,0.000,0.501
613000,0.673,0.000,0.327
613500,0.573,0.000,0.427
614000,0.515,0.000,0.485
614500,0.452,0.000,0.548
615000,0.519,0.000,0.481
615500,0.442,0.000,0.558
616000,0.516,0.000,0.484
616500,0.453,0.000,0.547
617000,0.571,0.000,0.429
617500,0.491,0.000,0.509
618000,0.508,0.000,0.492
618500,0.460,0.000,0.540
619000,0.481,0.000,0.519
619500,0.573,0.000,0.427
620000,0.434,0.000,0.566
620500,0.616,0.000,0.384
621000,0.618,0.000,0.382
621500,0.483,0.000,0.517
622000,0.529,0.000,0.471
622500,0.618,0.000,0.382
623000,0.506,0.000,0.494
623500,0.652,0.000,0.348
624000,0.521,0.000,0.479
624500,0.589,0.000,0.411
625000,0.464,0.000,0.536
625500,0.584,0.000,0.416
626000,0.614,0.000,0.386
626500,0.483,0.000,0.517
627000,0.598,0.000,0.402
627500,0.540,0.000,0.460
628000,0.562,0.000,0.438
628500,0.552,0.000,0.448
629000,0.606,0.000,0.394
629500,0.629,0.000,0.371
630000,0.612,0.000,0.388
630500,0.577,0.000,0.423
631000,0.568,0.000,0.432
631500,0.572,0.000,0.428
632000,0.562,0.000,0.438
632500,0.545,0.000,0.455
633000,0.557,0.000,0.443
633500,0.592,0.000,0.408
634000,0.566,0.000,0.434
634500,0.506,0.000,0.494
635000,0.540,0.000,0.460
635500,0.598,0.000,0.402
636000,0.551,0.000,0.449
636500,0.548,0.000,0.452
637000,0.593,0.000,0.407
637500,0.364,0.000,0.636
638000,0.500,0.000,0.500
638500,0.494,0.000,0.506
639000,0.489,0.000,0.511
639500,0.504,0.000,0.496
640000,0.656,0.000,0.344
640500,0.765,0.000,0.235
641000,0.619,0.000,0.381
641500,0.427,0.000,0.573
642000,0.513,0.000,0.487
642500,0.557,0.000,0.443
643000,0.591,0.000,0.409
643500,0.496,0.000,0.504
644000,0.558,0.000,0.442
644500,0.455,0.000,0.545
645000,0.488,0.000,0.512
645500,0.665,0.000,0.335
646000,0.738,0.000,0.262
646500,0.599,0.000,0.401
647000,0.617,0.000,0.383
647500,0.488,0.000,0.512
648000,0.482,0.000,0.518
648500,0.486,0.000,0.514
649000,0.547,0.000,0.453
649500,0.560,0.000,0.440
650000,0.599,0.000,0.401
650500,0.628,0.000,0.372
651000,0.558,0.000,0.442
651500,0.659,0.000,0.341
652000,0.707,0.000,0.293
652500,0.600,0.000,0.400
653000,0.544,0.000,0.456
653500,0.428,0.000,0.572
654000,0.559,0.000,0.441
654500,0.527,0.000,0.473
655000,0.655,0.000,0.345
655500,0.533,0.000,0.467
656000,0.599,0.000,0.401
656500,0.473,0.000,0.527
657000,0.535,0.000,0.465
657500,0.479,0.000,0.521
658000,0.453,0.000,0.547
658500,0.541,0.000,0.459
659000,0.638,0.000,0.362
659500,0.517,0.000,0.483
660000,0.534,0.000,0.466
660500,0.515,0.000,0.485
661000,0.498,0.000,0.502
661500,0.493,0.000,0.507
662000,0.511,0.000,0.489
662500,0.538,0.000,0.462
663000,0.517,0.000,0.483
663500,0.535,0.000,0.465
664000,0.460,0.000,0.540
664500,0.439,0.000,0.561
665000,0.572,0.000,0.428
665500,0.545,0.000,0.455
666000,0.479,0.000,0.521
666500,0.491,0.000,0.509
667000,0.503,0.000,0.497
667500,0.507,0.000,0.493
668000,0.512,0.000,0.488
668500,0.553,0.000,0.447
669000,0.593,0.000,0.407
669500,0.499,0.000,0.501
670000,0.592,0.000,0.408
670500,0.419,0.000,0.581
671000,0.610,0.000,0.390
671500,0.499,0.000,0.501
672000,0.520,0.000,0.480
672500,0.566,0.000,0.434
673000,0.469,0.000,0.531
673500,0.617,0.000,0.383
674000,0.517,0.000,0.483
674500,0.509,0.000,0.491
675000,0.500,0.000,0.500
675500,0.522,0.000,0.478
676000,0.503,0.000,0.497
676500,0.560,0.000,0.440
677000,0.444,0.000,0.556
677500,0.550,0.000,0.450
678000,0.563,0.000,0.437
678500,0.556,0.000,0.444
679000,0.517,0.000,0.483
679500,0.453,0.000,0.547
680000,0.452,0.000,0.548
680500,0.643,0.000,0.357
681000,0.487,0.000,0.513
681500,0.512,0.000,0.488
682000,0.571,0.000,0.429
682500,0.474,0.000,0.526
683000,0.578,0.000,0.422
683500,0.595,0.000,0.405
684000,0.553,0.000,0.447
684500,0.509,0.000,0.491
685000,0.564,0.000,0.436
685500,0.477,0.000,0.523
686000,0.469,0.000,0.531
686500,0.406,0.000,0.594
687000,0.551,0.000,0.449
687500,0.549,0.000,0.451
688000,0.572,0.000,0.428
688500,0.572,0.000,0.428
689000,0.591,0.000,0.409
689500,0.398,0.000,0.602
690000,0.497,0.000,0.503
690500,0.524,0.000,0.476
691000,0.596,0.000,0.404
691500,0.435,0.000,0.565
692000,0.469,0.000,0.531
692500,0.533,0.000,0.467
693000,0.429,0.000,0.571
693500,0.438,0.000,0.562
694000,0.312,0.000,0.688
694500,0.576,0.000,0.424
695000,0.574,0.000,0.426
695500,0.467,0.000,0.533
696000,0.591,0.000,0.409
696500,0.471,0.000,0.529
697000,0.576,0.000,0.424
697500,0.384,0.000,0.616
698000,0.454,0.000,0.546
698500,0.505,0.000,0.495
699000,0.509,0.000,0.491
699500,0.374,0.000,0.626
700000,0.586,0.000,0.414
700500,0.581,0.000,0.419
701000,0.462,0.000,0.538
701500,0.546,0.000,0.454
702000,0.467,0.000,0.533
702500,0.501,0.000,0.499
703000,0.602,0.000,0.398
703500,0.617,0.000,0.383
704000,0.541,0.000,0.459
704500,0.584,0.000,0.416
705000,0.487,0.000,0.513
705500,0.528,0.000,0.472
706000,0.358,0.000,0.642
706500,0.493,0.000,0.507
707000,0.510,0.000,0.490
707500,0.587,0.000,0.413
708000,0.576,0.000,0.424
708500,0.596,0.000,0.404
709000,0.484,0.000,0.516
709500,0.638,0.000,0.362
710000,0.567,0.000,0.433
710500,0.506,0.000,0.494
711000,0.503,0.000,0.497
711500,0.537,0.000,0.463
712000,0.599,0.000,0.401
712500,0.616,0.000,0.384
713000,0.575,0.000,0.425
713500,0.488,0.000,0.512
714000,0.505,0.000,0.495
714500,0.488,0.000,0.512
715000,0.453,0.000,0.547
715500,0.539,0.000,0.461
716000,0.525,0.000,0.475
716500,0.575,0.000,0.425
717000,0.478,0.000,0.522
717500,0.447,0.000,0.553
718000,0.586,0.000,0.414
718500,0.620,0.000,0.380
719000,0.673,0.000,0.327
719500,0.535,0.000,0.465
720000,0.480,0.000,0.520
720500,0.486,0.000,0.514
721000,0.523,0.000,0.477
721500,0.500,0.000,0.500
722000,0.581,0.000,0.419
722500,0.489,0.000,0.511
723000,0.475,0.000,0.525
723500,0.505,0.000,0.495
724000,0.592,0.000,0.408
724500,0.596,0.000,0.404
725000,0.573,0.000,0.427
725500,0.466,0.000,0.534
726000,0.605,0.000,0.395
726500,0.536,0.000,0.464
727000,0.646,0.000,0.354
727500,0.494,0.000,0.506
728000,0.478,0.000,0.522
728500,0.616,0.000,0.384
729000,0.451,0.000,0.549
729500,0.466,0.000,0.534
730000,0.497,0.000,0.503
730500,0.782,0.000,0.218
731000,0.611,0.000,0.389
731500,0.469,0.000,0.531
732000,0.318,0.000,0.682
732500,0.393,0.000,0.607
733000,0.474,0.000,0.526
733500,0.513,0.000,0.487
734000,0.571,0.000,0.429
734500,0.482,0.000,0.518
735000,0.460,0.000,0.540
735500,0.521,0.000,0.479
736000,0.491,0.000,0.509
736500,0.591,0.000,0.409
737000,0.470,0.000,0.530
737500,0.551,0.000,0.449
738000,0.518,0.000,0.482
738500,0.509,0.000,0.491
739000,0.479,0.000,0.521
739500,0.528,0.000,0.472
740000,0.624,0.000,0.376
740500,0.399,0.000,0.601
741000,0.459,0.000,0.541
741500,0.588,0.000,0.412
742000,0.597,0.000,0.403
742500,0.526,0.000,0.474
743000,0.479,0.000,0.521
743500,0.519,0.000,0.481
744000,0.539,0.000,0.461
744500,0.452,0.000,0.548
745000,0.519,0.000,0.481
745500,0.401,0.000,0.599
746000,0.516,0.000,0.484
746500,0.559,0.000,0.441
747000,0.527,0.000,0.473
747500,0.590,0.000,0.410
748000,0.429,0.000,0.571
748500,0.540,0.000,0.460
749000,0.470,0.000,0.530
749500,0.569,0.000,0.431
750000,0.594,0.000,0.406
750500,0.523,0.000,0.477
751000,0.573,0.000,0.427
751500,0.656,0.000,0.344
752000,0.596,0.000,0.404
752500,0.565,0.000,0.435
753000,0.447,0.000,0.553
753500,0.574,0.000,0.426
754000,0.475,0.000,0.525
754500,0.531,0.000,0.469
755000,0.674,0.000,0.326
755500,0.616,0.000,0.384
756000,0.657,0.000,0.343
756500,0.574,0.000,0.426
757000,0.533,0.000,0.467
757500,0.643,0.000,0.357
758000,0.549,0.000,0.451
758500,0.411,0.000,0.589
759000,0.515,0.000,0.485
759500,0.568,0.000,0.432
760000,0.509,0.000,0.491
760500,0.501,0.000,0.499
761000,0.524,0.000,0.476
761500,0.549,0.000,0.451
762000,0.595,0.000,0.405
762500,0.590,0.000,0.410
763000,0.522,0.000,0.478
763500,0.408,0.000,0.592
764000,0.497,0.000,0.503
764500,0.387,0.000,0.613
765000,0.449,0.000,0.551
765500,0.440,0.000,0.560
766000,0.349,0.000,0.651
766500,0.522,0.000,0.478
767000,0.449,0.000,0.551
767500,0.561,0.000,0.439
768000,0.433,0.000,0.567
768500,0.443,0.000,0.557
769000,0.673,0.000,0.327
769500,0.492,0.000,0.508
770000,0.591,0.000,0.409
770500,0.628,0.000,0.372
771000,0.551,0.000,0.449
771500,0.565,0.000,0.435
772000,0.504,0.000,0.496
772500,0.523,0.000,0.477
773000,0.467,0.000,0.533
773500,0.482,0.000,0.518
774000,0.554,0.000,0.446
774500,0.555,0.000,0.445
775000,0.481,0.000,0.519
775500,0.572,0.000,0.428
776000,0.515,0.000,0.485
776500,0.602,0.000,0.398
777000,0.527,0.000,0.473
777500,0.517,0.000,0.483
778000,0.435,0.000,0.565
778500,0.573,0.000,0.427
779000,0.476,0.000,0.524
779500,0.525,0.000,0.475
780000,0.617,0.000,0.383
780500,0.696,0.000,0.304
781000,0.587,0.000,0.413
781500,0.645,0.000,0.355
782000,0.695,0.000,0.305
782500,0.583,0.000,0.417
783000,0.660,0.000,0.340
783500,0.565,0.000,0.435
784000,0.543,0.000,0.457
784500,0.469,0.000,0.531
785000,0.509,0.000,0.491
785500,0.554,0.000,0.446
786000,0.559,0.000,0.441
786500,0.554,0.000,0.446
787000,0.467,0.000,0.533
787500,0.479,0.000,0.521
788000,0.526,0.000,0.474
788500,0.628,0.000,0.372
789000,0.495,0.000,0.505
789500,0.622,0.000,0.378
790000,0.513,0.000,0.487
790500,0.494,0.000,0.506
791000,0.547,0.000,0.453
791500,0.501,0.000,0.499
792000,0.522,0.000,0.478
792500,0.517,0.000,0.483
793000,0.544,0.000,0.456
793500,0.513,0.000,0.487
794000,0.450,0.000,0.550
794500,0.460,0.000,0.540
795000,0.571,0.000,0.429
795500,0.501,0.000,0.499
796000,0.461,0.000,0.539
796500,0.480,0.000,0.520
797000,0.426,0.000,0.574
797500,0.508,0.000,0.492
798000,0.507,0.000,0.493
798500,0.527,0.000,0.473
799000,0.389,0.000,0.611
799500,0.571,0.000,0.429
800000,0.560,0.000,0.440
800500,0.478,0.000,0.522
801000,0.558,0.000,0.442
801500,0.474,0.000,0.526
802000,0.458,0.000,0.542
802500,0.402,0.000,0.598
803000,0.535,0.000,0.465
803500,0.403,0.000,0.597
804000,0.557,0.000,0.443
804500,0.487,0.000,0.513
805000,0.468,0.000,0.532
805500,0.511,0.000,0.489
806000,0.549,0.000,0.451
806500,0.595,0.000,0.405
807000,0.447,0.000,0.553
807500,0.423,0.000,0.577
808000,0.481,0.000,0.519
808500,0.568,0.000,0.432
809000,0.575,0.000,0.425
809500,0.595,0.000,0.405
810000,0.509,0.000,0.491
810500,0.394,0.000,0.606
811000,0.504,0.000,0.496
811500,0.436,0.000,0.564
812000,0.463,0.000,0.537
812500,0.489,0.000,0.511
813000,0.542,0.000,0.458
813500,0.455,0.000,0.545
814000,0.345,0.000,0.655
814500,0.520,0.000,0.480
815000,0.490,0.000,0.510
815500,0.469,0.000,0.531
816000,0.534,0.000,0.466
816500,0.570,0.000,0.430
817000,0.571,0.000,0.429
817500,0.644,0.000,0.356
818000,0.410,0.000,0.590
818500,0.433,0.000,0.567
819000,0.542,0.000,0.458
819500,0.579,0.000,0.421
820000,0.523,0.000,0.477
820500,0.531,0.000,0.469
821000,0.404,0.000,0.596
821500,0.578,0.000,0.422
822000,0.493,0.000,0.507
822500,0.522,0.000,0.478
823000,0.515,0.000,0.485
823500,0.544,0.000,0.456
824000,0.470,0.000,0.530
824500,0.438,0.000,0.562
825000,0.428,0.000,0.572
825500,0.518,0.000,0.482
826000,0.616,0.000,0.384
826500,0.670,0.000,0.330
827000,0.625,0.000,0.375
827500,0.506,0.000,0.494
828000,0.402,0.000,0.598
828500,0.552,0.000,0.448
829000,0.427,0.000,0.573
829500,0.598,0.000,0.402
830000,0.466,0.000,0.534
830500,0.442,0.000,0.558
831000,0.464,0.000,0.536
831500,0.461,0.000,0.539
832000,0.556,0.000,0.444
832500,0.590,0.000,0.410
833000,0.498,0.000,0.502
833500,0.472,0.000,0.528
834000,0.438,0.000,0.562
834500,0.590,0.000,0.410
835000,0.609,0.000,0.391
835500,0.425,0.000,0.575
836000,0.467,0.000,0.533
836500,0.606,0.000,0.394
837000,0.567,0.000,0.433
837500,0.672,0.000,0.328
838000,0.597,0.000,0.403
838500,0.510,0.000,0.490
839000,0.532,0.000,0.468
839500,0.540,0.000,0.460
840000,0.392,0.000,0.608
840500,0.538,0.000,0.462
841000,0.477,0.000,0.523
841500,0.503,0.000,0.497
842000,0.552,0.000,0.448
842500,0.501,0.000,0.499
843000,0.442,0.000,0.558
843500,0.411,0.000,0.589
844000,0.437,0.000,0.563
844500,0.477,0.000,0.523
845000,0.485,0.000,0.515
845500,0.515,0.000,0.485
846000,0.437,0.000,0.563
846500,0.435,0.000,0.565
847000,0.535,0.000,0.465
847500,0.409,0.000,0.591
848000,0.511,0.000,0.489
848500,0.390,0.000,0.610
849000,0.527,0.000,0.473
849500,0.622,0.000,0.378
850000,0.424,0.000,0.576
850500,0.600,0.000,0.400
851000,0.353,0.000,0.647
851500,0.531,0.000,0.469
852000,0.452,0.000,0.548
852500,0.465,0.000,0.535
853000,0.535,0.000,0.465
853500,0.455,0.000,0.545
854000,0.413,0.000,0.587
854500,0.526,0.000,0.474
855000,0.435,0.000,0.565
855500,0.500,0.000,0.500
856000,0.419,0.000,0.581
856500,0.441,0.000,0.559
857000,0.526,0.000,0.474
857500,0.643,0.000,0.357
858000,0.638,0.000,0.362
858500,0.513,0.000,0.487
859000,0.525,0.000,0.475
859500,0.435,0.000,0.565
860000,0.577,0.000,0.423
860500,0.636,0.000,0.364
861000,0.611,0.000,0.389
861500,0.579,0.000,0.421
862000,0.539,0.000,0.461
862500,0.544,0.000,0.456
863000,0.472,0.000,0.528
863500,0.516,0.000,0.484
864000,0.497,0.000,0.503
864500,0.621,0.000,0.379
865000,0.547,0.000,0.453
865500,0.506,0.000,0.494
866000,0.635,0.000,0.365
866500,0.470,0.000,0.530
867000,0.440,0.000,0.560
867500,0.510,0.000,0.490
868000,0.629,0.000,0.371
868500,0.554,0.000,0.446
869000,0.562,0.000,0.438
869500,0.502,0.000,0.498
870000,0.427,0.000,0.573
870500,0.505,0.000,0.495
871000,0.410,0.000,0.590
871500,0.595,0.000,0.405
872000,0.547,0.000,0.453
872500,0.506,0.000,0.494
873000,0.510,0.000,0.490
873500,0.548,0.000,0.452
874000,0.520,0.000,0.480
874500,0.576,0.000,0.424
875000,0.563,0.000,0.437
875500,0.546,0.000,0.454
876000,0.445,0.000,0.555
876500,0.444,0.000,0.556
877000,0.515,0.000,0.485
877500,0.611,0.000,0.389
878000,0.600,0.000,0.400
878500,0.608,0.000,0.392
879000,0.688,0.000,0.312
879500,0.584,0.000,0.416
880000,0.617,0.000,0.383
880500,0.625,0.000,0.375
881000,0.472,0.000,0.528
881500,0.462,0.000,0.538
882000,0.512,0.000,0.488
882500,0.447,0.000,0.553
883000,0.412,0.000,0.588
883500,0.468,0.000,0.532
884000,0.536,0.000,0.464
884500,0.489,0.000,0.511
885000,0.464,0.000,0.536
885500,0.515,0.000,0.485
886000,0.468,0.000,0.532
886500,0.566,0.000,0.434
887000,0.560,0.000,0.440
887500,0.599,0.000,0.401
888000,0.545,0.000,0.455
888500,0.512,0.000,0.488
889000,0.542,0.000,0.458
889500,0.555,0.000,0.445
890000,0.594,0.000,0.406
890500,0.621,0.000,0.379
891000,0.555,0.000,0.445
891500,0.621,0.000,0.379
892000,0.591,0.000,0.409
892500,0.529,0.000,0.471
893000,0.470,0.000,0.530
893500,0.573,0.000,0.427
894000,0.643,0.000,0.357
894500,0.698,0.000,0.302
895000,0.660,0.000,0.340
895500,0.624,0.000,0.376
896000,0.516,0.000,0.484
896500,0.750,0.000,0.250
897000,0.765,0.000,0.235
897500,0.529,0.000,0.471
898000,0.468,0.000,0.532
898500,0.532,0.000,0.468
899000,0.504,0.000,0.496
899500,0.562,0.000,0.438
900000,0.474,0.000,0.526
900500,0.517,0.000,0.483
901000,0.451,0.000,0.549
901500,0.422,0.000,0.578
902000,0.445,0.000,0.555
902500,0.516,0.000,0.484
903000,0.584,0.000,0.416
903500,0.429,0.000,0.571
904000,0.403,0.000,0.597
904500,0.457,0.000,0.543
905000,0.536,0.000,0.464
905500,0.565,0.000,0.435
906000,0.576,0.000,0.424
906500,0.457,0.000,0.543
907000,0.503,0.000,0.497
907500,0.431,0.000,0.569
908000,0.520,0.000,0.480
908500,0.497,0.000,0.503
909000,0.529,0.000,0.471
909500,0.374,0.000,0.626
910000,0.411,0.000,0.589
910500,0.545,0.000,0.455
911000,0.444,0.000,0.556
911500,0.475,0.000,0.525
912000,0.563,0.000,0.437
912500,0.468,0.000,0.532
913000,0.579,0.000,0.421
913500,0.720,0.000,0.280
914000,0.692,0.000,0.308
914500,0.611,0.000,0.389
915000,0.545,0.000,0.455
915500,0.539,0.000,0.461
916000,0.556,0.000,0.444
916500,0.333,0.000,0.667
917000,0.509,0.000,0.491
917500,0.540,0.000,0.460
918000,0.718,0.000,0.282
918500,0.638,0.000,0.362
919000,0.524,0.000,0.476
919500,0.512,0.000,0.488
920000,0.521,0.000,0.479
920500,0.551,0.000,0.449
921000,0.591,0.000,0.409
921500,0.621,0.000,0.379
922000,0.580,0.000,0.420
922500,0.521,0.000,0.479
923000,0.623,0.000,0.377
923500,0.687,0.000,0.313
924000,0.570,0.000,0.430
924500,0.533,0.000,0.467
925000,0.499,0.000,0.501
925500,0.547,0.000,0.453
926000,0.626,0.000,0.374
926500,0.459,0.000,0.541
927000,0.539,0.000,0.461
927500,0.516,0.000,0.484
928000,0.472,0.000,0.528
928500,0.533,0.000,0.467
929000,0.484,0.000,0.516
929500,0.524,0.000,0.476
930000,0.443,0.000,0.557
930500,0.444,0.000,0.556
931000,0.539,0.000,0.461
931500,0.584,0.000,0.416
932000,0.506,0.000,0.494
932500,0.476,0.000,0.524
933000,0.498,0.000,0.502
933500,0.618,0.000,0.382
934000,0.549,0.000,0.451
934500,0.505,0.000,0.495
935000,0.634,0.000,0.366
935500,0.525,0.000,0.475
936000,0.599,0.000,0.401
936500,0.619,0.000,0.381
937000,0.415,0.000,0.585
937500,0.485,0.000,0.515
938000,0.525,0.000,0.475
938500,0.493,0.000,0.507
939000,0.686,0.000,0.314
939500,0.519,0.000,0.481
940000,0.606,0.000,0.394
940500,0.477,0.000,0.523
941000,0.617,0.000,0.383
941500,0.534,0.000,0.466
942000,0.398,0.000,0.602
942500,0.522,0.000,0.478
943000,0.510,0.000,0.490
943500,0.546,0.000,0.454
944000,0.443,0.000,0.557
944500,0.537,0.000,0.463
945000,0.548,0.000,0.452
945500,0.594,0.000,0.406
946000,0.632,0.000,0.368
946500,0.507,0.000,0.493
947000,0.580,0.000,0.420
947500,0.614,0.000,0.386
948000,0.513,0.000,0.487
948500,0.509,0.000,0.491
949000,0.585,0.000,0.415
949500,0.563,0.000,0.437
950000,0.530,0.000,0.470
950500,0.579,0.000,0.421
951000,0.508,0.000,0.492
951500,0.616,0.000,0.384
952000,0.609,0.000,0.391
952500,0.549,0.000,0.451
953000,0.592,0.000,0.408
953500,0.673,0.000,0.327
954000,0.653,0.000,0.347
954500,0.584,0.000,0.416
955000,0.394,0.000,0.606
955500,0.566,0.000,0.434
956000,0.415,0.000,0.585
956500,0.493,0.000,0.507
957000,0.601,0.000,0.399
957500,0.616,0.000,0.384
958000,0.452,0.000,0.548
958500,0.581,0.000,0.419
959000,0.505,0.000,0.495
959500,0.412,0.000,0.588
960000,0.541,0.000,0.459
960500,0.461,0.000,0.539
961000,0.505,0.000,0.495
961500,0.539,0.000,0.461
962000,0.543,0.000,0.457
962500,0.665,0.000,0.335
963000,0.641,0.000,0.359
963500,0.698,0.000,0.302
964000,0.550,0.000,0.450
964500,0.493,0.000,0.507
965000,0.483,0.000,0.517
965500,0.608,0.000,0.392
966000,0.674,0.000,0.326
966500,0.539,0.000,0.461
967000,0.650,0.000,0.350
967500,0.654,0.000,0.346
968000,0.527,0.000,0.473
968500,0.519,0.000,0.481
969000,0.545,0.000,0.455
969500,0.485,0.000,0.515
970000,0.481,0.000,0.519
970500,0.501,0.000,0.499
971000,0.474,0.000,0.526
971500,0.704,0.000,0.296
972000,0.486,0.000,0.514
972500,0.427,0.000,0.573
973000,0.464,0.000,0.536
973500,0.606,0.000,0.394
974000,0.538,0.000,0.462
974500,0.556,0.000,0.444
975000,0.477,0.000,0.523
975500,0.493,0.000,0.507
976000,0.460,0.000,0.540
976500,0.468,0.000,0.532
977000,0.498,0.000,0.502
977500,0.527,0.000,0.473
978000,0.581,0.000,0.419
978500,0.622,0.000,0.378
979000,0.558,0.000,0.442
979500,0.522,0.000,0.478
980000,0.626,0.000,0.374
980500,0.463,0.000,0.537
981000,0.551,0.000,0.449
981500,0.511,0.000,0.489
982000,0.608,0.000,0.392
982500,0.498,0.000,0.502
983000,0.636,0.000,0.364
983500,0.554,0.000,0.446
984000,0.492,0.000,0.508
984500,0.480,0.000,0.520
985000,0.391,0.000,0.609
985500,0.416,0.000,0.584
986000,0.478,0.000,0.522
986500,0.649,0.000,0.351
987000,0.549,0.000,0.451
987500,0.595,0.000,0.405
988000,0.618,0.000,0.382
988500,0.545,0.000,0.455
989000,0.427,0.000,0.573
989500,0.482,0.000,0.518
990000,0.550,0.000,0.450
990500,0.551,0.000,0.449
991000,0.594,0.000,0.406
991500,0.521,0.000,0.479
992000,0.530,0.000,0.470
992500,0.608,0.000,0.392
993000,0.552,0.000,0.448
993500,0.472,0.000,0.528
994000,0.502,0.000,0.498
994500,0.539,0.000,0.461
995000,0.358,0.000,0.642
995500,0.548,0.000,0.452
996000,0.495,0.000,0.505
996500,0.664,0.000,0.336
997000,0.552,0.000,0.448
997500,0.592,0.000,0.408
998000,0.593,0.000,0.407
998500,0.496,0.000,0.504
999000,0.505,0.000,0.495
999500,0.557,0.000,0.443
1000000,0.652,0.000,0.348
