time,n_A+p,n_B,n_AB
500,0.030,0.749,0.221
1000,0.030,0.499,0.471
1500,0.030,0.636,0.334
2000,0.030,0.485,0.485
2500,0.030,0.521,0.449
3000,0.030,0.533,0.437
3500,0.030,0.515,0.455
4000,0.030,0.544,0.426
4500,0.030,0.469,0.501
5000,0.030,0.645,0.325
5500,0.030,0.654,0.316
6000,0.030,0.519,0.451
6500,0.030,0.616,0.354
7000,0.030,0.643,0.327
7500,0.030,0.691,0.279
8000,0.030,0.448,0.522
8500,0.030,0.467,0.503
9000,0.030,0.501,0.469
9500,0.030,0.460,0.510
10000,0.030,0.340,0.630
10500,0.030,0.501,0.469
11000,0.030,0.502,0.468
11500,0.030,0.462,0.508
12000,0.030,0.384,0.586
12500,0.030,0.435,0.535
13000,0.030,0.293,0.677
13500,0.030,0.517,0.453
14000,0.030,0.576,0.394
14500,0.030,0.591,0.379
15000,0.030,0.479,0.491
15500,0.030,0.546,0.424
16000,0.030,0.483,0.487
16500,0.030,0.438,0.532
17000,0.030,0.424,0.546
17500,0.030,0.454,0.516
18000,0.030,0.552,0.418
18500,0.030,0.363,0.607
19000,0.030,0.556,0.414
19500,0.030,0.607,0.363
20000,0.030,0.345,0.625
20500,0.030,0.605,0.365
21000,0.030,0.529,0.441
21500,0.030,0.429,0.541
22000,0.030,0.549,0.421
22500,0.030,0.570,0.400
23000,0.030,0.468,0.502
23500,0.030,0.552,0.418
24000,0.030,0.416,0.554
24500,0.030,0.339,0.631
25000,0.030,0.624,0.346
25500,0.030,0.553,0.417
26000,0.030,0.525,0.445
26500,0.030,0.422,0.548
27000,0.030,0.504,0.466
27500,0.030,0.493,0.477
28000,0.030,0.347,0.623
28500,0.030,0.496,0.474
29000,0.030,0.490,0.480
29500,0.030,0.482,0.488
30000,0.030,0.355,0.615
30500,0.030,0.402,0.568
31000,0.030,0.470,0.500
31500,0.030,0.754,0.216
32000,0.030,0.486,0.484
32500,0.030,0.434,0.536
33000,0.030,0.465,0.505
33500,0.030,0.413,0.557
34000,0.030,0.489,0.481
34500,0.030,0.504,0.466
35000,0.030,0.635,0.335
35500,0.030,0.482,0.488
36000,0.030,0.471,0.499
36500,0.030,0.585,0.385
37000,0.030,0.568,0.402
37500,0.030,0.573,0.397
38000,0.030,0.584,0.386
38500,0.030,0.448,0.522
39000,0.030,0.538,0.432
39500,0.030,0.420,0.550
40000,0.030,0.410,0.560
40500,0.030,0.563,0.407
41000,0.030,0.633,0.337
41500,0.030,0.592,0.378
42000,0.030,0.550,0.420
42500,0.030,0.616,0.354
43000,0.030,0.552,0.418
43500,0.030,0.543,0.427
44000,0.030,0.377,0.593
44500,0.030,0.489,0.481
45000,0.030,0.376,0.594
45500,0.030,0.523,0.447
46000,0.030,0.582,0.388
46500,0.030,0.535,0.435
47000,0.030,0.611,0.359
47500,0.030,0.489,0.481
48000,0.030,0.501,0.469
48500,0.030,0.484,0.486
49000,0.030,0.717,0.253
49500,0.030,0.518,0.452
50000,0.030,0.433,0.537
50500,0.030,0.381,0.589
51000,0.030,0.605,0.365
51500,0.030,0.645,0.325
52000,0.030,0.624,0.346
52500,0.030,0.448,0.522
53000,0.030,0.399,0.571
53500,0.030,0.415,0.555
54000,0.030,0.490,0.480
54500,0.030,0.604,0.366
55000,0.030,0.649,0.321
55500,0.030,0.356,0.614
56000,0.030,0.442,0.528
56500,0.030,0.551,0.419
57000,0.030,0.518,0.452
57500,0.030,0.601,0.369
58000,0.030,0.529,0.441
58500,0.030,0.402,0.568
59000,0.030,0.486,0.484
59500,0.030,0.434,0.536
60000,0.030,0.541,0.429
60500,0.030,0.349,0.621
61000,0.030,0.575,0.395
61500,0.030,0.502,0.468
62000,0.030,0.657,0.313
62500,0.030,0.496,0.474
63000,0.030,0.527,0.443
63500,0.030,0.517,0.453
64000,0.030,0.413,0.557
64500,0.030,0.501,0.469
65000,0.030,0.474,0.496
65500,0.030,0.667,0.303
66000,0.030,0.532,0.438
66500,0.030,0.501,0.469
67000,0.030,0.614,0.356
67500,0.030,0.573,0.397
68000,0.030,0.616,0.354
68500,0.030,0.554,0.416
69000,0.030,0.500,0.470
69500,0.030,0.498,0.472
70000,0.030,0.415,0.555
70500,0.030,0.512,0.458
71000,0.030,0.470,0.500
71500,0.030,0.724,0.246
72000,0.030,0.620,0.350
72500,0.030,0.536,0.434
73000,0.030,0.415,0.555
73500,0.030,0.556,0.414
74000,0.030,0.548,0.422
74500,0.030,0.336,0.634
75000,0.030,0.422,0.548
75500,0.030,0.424,0.546
76000,0.030,0.463,0.507
76500,0.030,0.508,0.462
77000,0.030,0.507,0.463
77500,0.030,0.527,0.443
78000,0.030,0.463,0.507
78500,0.030,0.493,0.477
79000,0.030,0.589,0.381
79500,0.030,0.444,0.526
80000,0.030,0.548,0.422
80500,0.030,0.570,0.400
81000,0.030,0.513,0.457
81500,0.030,0.674,0.296
82000,0.030,0.516,0.454
82500,0.030,0.326,0.644
83000,0.030,0.491,0.479
83500,0.030,0.594,0.376
84000,0.030,0.523,0.447
84500,0.030,0.496,0.474
85000,0.030,0.531,0.439
85500,0.030,0.371,0.599
86000,0.030,0.499,0.471
86500,0.030,0.504,0.466
87000,0.030,0.432,0.538
87500,0.030,0.444,0.526
88000,0.030,0.438,0.532
88500,0.030,0.527,0.443
89000,0.030,0.501,0.469
89500,0.030,0.582,0.388
90000,0.030,0.550,0.420
90500,0.030,0.405,0.565
91000,0.030,0.449,0.521
91500,0.030,0.442,0.528
92000,0.030,0.629,0.341
92500,0.030,0.581,0.389
93000,0.030,0.570,0.400
93500,0.030,0.658,0.312
94000,0.030,0.508,0.462
94500,0.030,0.600,0.370
95000,0.030,0.489,0.481
95500,0.030,0.570,0.400
96000,0.030,0.738,0.232
96500,0.030,0.498,0.472
97000,0.030,0.364,0.606
97500,0.030,0.496,0.474
98000,0.030,0.538,0.432
98500,0.030,0.400,0.570
99000,0.030,0.562,0.408
99500,0.030,0.393,0.577
100000,0.030,0.442,0.528
100500,0.030,0.564,0.406
101000,0.030,0.402,0.568
101500,0.030,0.591,0.379
102000,0.030,0.382,0.588
102500,0.030,0.475,0.495
103000,0.030,0.467,0.503
103500,0.030,0.481,0.489
104000,0.030,0.379,0.591
104500,0.030,0.598,0.372
105000,0.030,0.462,0.508
105500,0.030,0.587,0.383
106000,0.030,0.420,0.550
106500,0.030,0.506,0.464
107000,0.030,0.558,0.412
107500,0.030,0.295,0.675
108000,0.030,0.621,0.349
108500,0.030,0.500,0.470
109000,0.030,0.312,0.658
109500,0.030,0.410,0.560
110000,0.030,0.501,0.469
110500,0.030,0.560,0.410
111000,0.030,0.564,0.406
111500,0.030,0.650,0.320
112000,0.030,0.532,0.438
112500,0.030,0.624,0.346
113000,0.030,0.349,0.621
113500,0.030,0.425,0.545
114000,0.030,0.686,0.284
114500,0.030,0.437,0.533
115000,0.030,0.490,0.480
115500,0.030,0.481,0.489
116000,0.030,0.606,0.364
116500,0.030,0.389,0.581
117000,0.030,0.268,0.702
117500,0.030,0.583,0.387
118000,0.030,0.517,0.453
118500,0.030,0.432,0.538
119000,0.030,0.467,0.503
119500,0.030,0.497,0.473
120000,0.030,0.437,0.533
120500,0.030,0.559,0.411
121000,0.030,0.499,0.471
121500,0.030,0.514,0.456
122000,0.030,0.472,0.498
122500,0.030,0.455,0.515
123000,0.030,0.313,0.657
123500,0.030,0.337,0.633
124000,0.030,0.570,0.400
124500,0.030,0.504,0.466
125000,0.030,0.577,0.393
125500,0.030,0.441,0.529
126000,0.030,0.462,0.508
126500,0.030,0.453,0.517
127000,0.030,0.471,0.499
127500,0.030,0.619,0.351
128000,0.030,0.558,0.412
128500,0.030,0.546,0.424
129000,0.030,0.552,0.418
129500,0.030,0.438,0.532
130000,0.030,0.572,0.398
130500,0.030,0.549,0.421
131000,0.030,0.450,0.520
131500,0.030,0.380,0.590
132000,0.030,0.516,0.454
132500,0.030,0.331,0.639
133000,0.030,0.457,0.513
133500,0.030,0.631,0.339
134000,0.030,0.521,0.449
134500,0.030,0.401,0.569
135000,0.030,0.336,0.634
135500,0.030,0.568,0.402
136000,0.030,0.564,0.406
136500,0.030,0.455,0.515
137000,0.030,0.496,0.474
137500,0.030,0.584,0.386
138000,0.030,0.573,0.397
138500,0.030,0.444,0.526
139000,0.030,0.466,0.504
139500,0.030,0.356,0.614
140000,0.030,0.460,0.510
140500,0.030,0.604,0.366
141000,0.030,0.661,0.309
141500,0.030,0.433,0.537
142000,0.030,0.447,0.523
142500,0.030,0.677,0.293
143000,0.030,0.442,0.528
143500,0.030,0.520,0.450
144000,0.030,0.358,0.612
144500,0.030,0.591,0.379
145000,0.030,0.504,0.466
145500,0.030,0.493,0.477
146000,0.030,0.559,0.411
146500,0.030,0.549,0.421
147000,0.030,0.680,0.290
147500,0.030,0.546,0.424
148000,0.030,0.397,0.573
148500,0.030,0.581,0.389
149000,0.030,0.578,0.392
149500,0.030,0.439,0.531
150000,0.030,0.503,0.467
150500,0.030,0.541,0.429
151000,0.030,0.687,0.283
151500,0.030,0.571,0.399
152000,0.030,0.394,0.576
152500,0.030,0.588,0.382
153000,0.030,0.495,0.475
153500,0.030,0.464,0.506
154000,0.030,0.581,0.389
154500,0.030,0.397,0.573
155000,0.030,0.614,0.356
155500,0.030,0.521,0.449
156000,0.030,0.517,0.453
156500,0.030,0.489,0.481
157000,0.030,0.453,0.517
157500,0.030,0.764,0.206
158000,0.030,0.617,0.353
158500,0.030,0.652,0.318
159000,0.030,0.728,0.242
159500,0.030,0.523,0.447
160000,0.030,0.447,0.523
160500,0.030,0.553,0.417
161000,0.030,0.469,0.501
161500,0.030,0.488,0.482
162000,0.030,0.473,0.497
162500,0.030,0.485,0.485
163000,0.030,0.485,0.485
163500,0.030,0.498,0.472
164000,0.030,0.390,0.580
164500,0.030,0.343,0.627
165000,0.030,0.428,0.542
165500,0.030,0.399,0.571
166000,0.030,0.498,0.472
166500,0.030,0.413,0.557
167000,0.030,0.427,0.543
167500,0.030,0.595,0.375
168000,0.030,0.633,0.337
168500,0.030,0.519,0.451
169000,0.030,0.530,0.440
169500,0.030,0.632,0.338
170000,0.030,0.516,0.454
170500,0.030,0.641,0.329
171000,0.030,0.614,0.356
171500,0.030,0.411,0.559
172000,0.030,0.628,0.342
172500,0.030,0.480,0.490
173000,0.030,0.479,0.491
173500,0.030,0.381,0.589
174000,0.030,0.364,0.606
174500,0.030,0.529,0.441
175000,0.030,0.565,0.405
175500,0.030,0.480,0.490
176000,0.030,0.577,0.393
176500,0.030,0.398,0.572
177000,0.030,0.528,0.442
177500,0.030,0.464,0.506
178000,0.030,0.385,0.585
178500,0.030,0.523,0.447
179000,0.030,0.594,0.376
179500,0.030,0.505,0.465
180000,0.030,0.580,0.390
180500,0.030,0.644,0.326
181000,0.030,0.500,0.470
181500,0.030,0.379,0.591
182000,0.030,0.490,0.480
182500,0.030,0.539,0.431
183000,0.030,0.525,0.445
183500,0.030,0.663,0.307
184000,0.030,0.435,0.535
184500,0.030,0.375,0.595
185000,0.030,0.510,0.460
185500,0.030,0.554,0.416
186000,0.030,0.549,0.421
186500,0.030,0.586,0.384
187000,0.030,0.696,0.274
187500,0.030,0.600,0.370
188000,0.030,0.514,0.456
188500,0.030,0.456,0.514
189000,0.030,0.355,0.615
189500,0.030,0.426,0.544
190000,0.030,0.567,0.403
190500,0.030,0.328,0.642
191000,0.030,0.464,0.506
191500,0.030,0.378,0.592
192000,0.030,0.542,0.428
192500,0.030,0.518,0.452
193000,0.030,0.586,0.384
193500,0.030,0.659,0.311
194000,0.030,0.582,0.388
194500,0.030,0.428,0.542
195000,0.030,0.420,0.550
195500,0.030,0.539,0.431
196000,0.030,0.574,0.396
196500,0.030,0.579,0.391
197000,0.030,0.506,0.464
197500,0.030,0.273,0.697
198000,0.030,0.446,0.524
198500,0.030,0.415,0.555
199000,0.030,0.528,0.442
199500,0.030,0.542,0.428
200000,0.030,0.476,0.494
200500,0.030,0.593,0.377
201000,0.030,0.623,0.347
201500,0.030,0.752,0.218
202000,0.030,0.479,0.491
202500,0.030,0.487,0.483
203000,0.030,0.450,0.520
203500,0.030,0.316,0.654
204000,0.030,0.549,0.421
204500,0.030,0.605,0.365
205000,0.030,0.602,0.368
205500,0.030,0.482,0.488
206000,0.030,0.481,0.489
206500,0.030,0.641,0.329
207000,0.030,0.570,0.400
207500,0.030,0.443,0.527
208000,0.030,0.491,0.479
208500,0.030,0.447,0.523
209000,0.030,0.511,0.459
209500,0.030,0.474,0.496
210000,0.030,0.569,0.401
210500,0.030,0.621,0.349
211000,0.030,0.616,0.354
211500,0.030,0.515,0.455
212000,0.030,0.523,0.447
212500,0.030,0.326,0.644
213000,0.030,0.516,0.454
213500,0.030,0.617,0.353
214000,0.030,0.487,0.483
214500,0.030,0.421,0.549
215000,0.030,0.533,0.437
215500,0.030,0.486,0.484
216000,0.030,0.406,0.564
216500,0.030,0.443,0.527
217000,0.030,0.471,0.499
217500,0.030,0.527,0.443
218000,0.030,0.375,0.595
218500,0.030,0.477,0.493
219000,0.030,0.521,0.449
219500,0.030,0.494,0.476
220000,0.030,0.272,0.698
220500,0.030,0.482,0.488
221000,0.030,0.552,0.418
221500,0.030,0.313,0.657
222000,0.030,0.421,0.549
222500,0.030,0.503,0.467
223000,0.030,0.521,0.449
223500,0.030,0.479,0.491
224000,0.030,0.529,0.441
224500,0.030,0.346,0.624
225000,0.030,0.492,0.478
225500,0.030,0.623,0.347
226000,0.030,0.522,0.448
226500,0.030,0.554,0.416
227000,0.030,0.548,0.422
227500,0.030,0.451,0.519
228000,0.030,0.453,0.517
228500,0.030,0.483,0.487
229000,0.030,0.508,0.462
229500,0.030,0.583,0.387
230000,0.030,0.603,0.367
230500,0.030,0.442,0.528
231000,0.030,0.539,0.431
231500,0.030,0.538,0.432
232000,0.030,0.558,0.412
232500,0.030,0.415,0.555
233000,0.030,0.522,0.448
233500,0.030,0.649,0.321
234000,0.030,0.444,0.526
234500,0.030,0.685,0.285
235000,0.030,0.587,0.383
235500,0.030,0.660,0.310
236000,0.030,0.507,0.463
236500,0.030,0.669,0.301
237000,0.030,0.456,0.514
237500,0.030,0.408,0.562
238000,0.030,0.449,0.521
238500,0.030,0.527,0.443
239000,0.030,0.317,0.653
239500,0.030,0.495,0.475
240000,0.030,0.382,0.588
240500,0.030,0.465,0.505
241000,0.030,0.468,0.502
241500,0.030,0.594,0.376
242000,0.030,0.584,0.386
242500,0.030,0.421,0.549
243000,0.030,0.422,0.548
243500,0.030,0.539,0.431
244000,0.030,0.770,0.200
244500,0.030,0.652,0.318
245000,0.030,0.444,0.526
245500,0.030,0.560,0.410
246000,0.030,0.543,0.427
246500,0.030,0.616,0.354
247000,0.030,0.459,0.511
247500,0.030,0.657,0.313
248000,0.030,0.681,0.289
248500,0.030,0.558,0.412
249000,0.030,0.473,0.497
249500,0.030,0.471,0.499
250000,0.030,0.554,0.416
250500,0.030,0.471,0.499
251000,0.030,0.504,0.466
251500,0.030,0.449,0.521
252000,0.030,0.481,0.489
252500,0.030,0.454,0.516
253000,0.030,0.456,0.514
253500,0.030,0.554,0.416
254000,0.030,0.568,0.402
254500,0.030,0.435,0.535
255000,0.030,0.438,0.532
255500,0.030,0.566,0.404
256000,0.030,0.410,0.560
256500,0.030,0.549,0.421
257000,0.030,0.621,0.349
257500,0.030,0.393,0.577
258000,0.030,0.520,0.450
258500,0.030,0.504,0.466
259000,0.030,0.471,0.499
259500,0.030,0.723,0.247
260000,0.030,0.547,0.423
260500,0.030,0.562,0.408
261000,0.030,0.379,0.591
261500,0.030,0.406,0.564
262000,0.030,0.447,0.523
262500,0.030,0.448,0.522
263000,0.030,0.518,0.452
263500,0.030,0.606,0.364
264000,0.030,0.387,0.583
264500,0.030,0.593,0.377
265000,0.030,0.597,0.373
265500,0.030,0.545,0.425
266000,0.030,0.301,0.669
266500,0.030,0.452,0.518
267000,0.030,0.518,0.452
267500,0.030,0.379,0.591
268000,0.030,0.510,0.460
268500,0.030,0.536,0.434
269000,0.030,0.551,0.419
269500,0.030,0.568,0.402
270000,0.030,0.458,0.512
270500,0.030,0.614,0.356
271000,0.030,0.490,0.480
271500,0.030,0.407,0.563
272000,0.030,0.423,0.547
272500,0.030,0.619,0.351
273000,0.030,0.373,0.597
273500,0.030,0.444,0.526
274000,0.030,0.597,0.373
274500,0.030,0.602,0.368
275000,0.030,0.478,0.492
275500,0.030,0.573,0.397
276000,0.030,0.569,0.401
276500,0.030,0.634,0.336
277000,0.030,0.539,0.431
277500,0.030,0.466,0.504
278000,0.030,0.581,0.389
278500,0.030,0.586,0.384
279000,0.030,0.584,0.386
279500,0.030,0.525,0.445
280000,0.030,0.505,0.465
280500,0.030,0.390,0.580
281000,0.030,0.463,0.507
281500,0.030,0.579,0.391
282000,0.030,0.531,0.439
282500,0.030,0.476,0.494
283000,0.030,0.526,0.444
283500,0.030,0.306,0.664
284000,0.030,0.544,0.426
284500,0.030,0.538,0.432
285000,0.030,0.632,0.338
285500,0.030,0.496,0.474
286000,0.030,0.589,0.381
286500,0.030,0.323,0.647
287000,0.030,0.503,0.467
287500,0.030,0.657,0.313
288000,0.030,0.566,0.404
288500,0.030,0.469,0.501
289000,0.030,0.702,0.268
289500,0.030,0.749,0.221
290000,0.030,0.415,0.555
290500,0.030,0.387,0.583
291000,0.030,0.627,0.343
291500,0.030,0.627,0.343
292000,0.030,0.405,0.565
292500,0.030,0.497,0.473
293000,0.030,0.466,0.504
293500,0.030,0.474,0.496
294000,0.030,0.317,0.653
294500,0.030,0.544,0.426
295000,0.030,0.510,0.460
295500,0.030,0.538,0.432
296000,0.030,0.397,0.573
296500,0.030,0.468,0.502
297000,0.030,0.428,0.542
297500,0.030,0.569,0.401
298000,0.030,0.621,0.349
298500,0.030,0.537,0.433
299000,0.030,0.454,0.516
299500,0.030,0.519,0.451
300000,0.030,0.425,0.545
300500,0.030,0.541,0.429
301000,0.030,0.497,0.473
301500,0.030,0.464,0.506
302000,0.030,0.424,0.546
302500,0.030,0.587,0.383
303000,0.030,0.642,0.328
303500,0.030,0.559,0.411
304000,0.030,0.489,0.481
304500,0.030,0.432,0.538
305000,0.030,0.725,0.245
305500,0.030,0.570,0.400
306000,0.030,0.411,0.559
306500,0.030,0.406,0.564
307000,0.030,0.449,0.521
307500,0.030,0.496,0.474
308000,0.030,0.496,0.474
308500,0.030,0.446,0.524
309000,0.030,0.462,0.508
309500,0.030,0.429,0.541
310000,0.030,0.555,0.415
310500,0.030,0.626,0.344
311000,0.030,0.559,0.411
311500,0.030,0.499,0.471
312000,0.030,0.411,0.559
312500,0.030,0.620,0.350
313000,0.030,0.643,0.327
313500,0.030,0.451,0.519
314000,0.030,0.528,0.442
314500,0.030,0.491,0.479
315000,0.030,0.470,0.500
315500,0.030,0.491,0.479
316000,0.030,0.448,0.522
316500,0.030,0.496,0.474
317000,0.030,0.434,0.536
317500,0.030,0.370,0.600
318000,0.030,0.325,0.645
318500,0.030,0.658,0.312
319000,0.030,0.590,0.380
319500,0.030,0.554,0.416
320000,0.030,0.457,0.513
320500,0.030,0.641,0.329
321000,0.030,0.531,0.439
321500,0.030,0.537,0.433
322000,0.030,0.482,0.488
322500,0.030,0.614,0.356
323000,0.030,0.480,0.490
323500,0.030,0.376,0.594
324000,0.030,0.402,0.568
324500,0.030,0.572,0.398
325000,0.030,0.663,0.307
325500,0.030,0.493,0.477
326000,0.030,0.421,0.549
326500,0.030,0.322,0.648
327000,0.030,0.524,0.446
327500,0.030,0.463,0.507
328000,0.030,0.362,0.608
328500,0.030,0.452,0.518
329000,0.030,0.480,0.490
329500,0.030,0.386,0.584
330000,0.030,0.603,0.367
330500,0.030,0.437,0.533
331000,0.030,0.365,0.605
331500,0.030,0.491,0.479
332000,0.030,0.358,0.612
332500,0.030,0.674,0.296
333000,0.030,0.424,0.546
333500,0.030,0.407,0.563
334000,0.030,0.499,0.471
334500,0.030,0.342,0.628
335000,0.030,0.667,0.303
335500,0.030,0.624,0.346
336000,0.030,0.515,0.455
336500,0.030,0.711,0.259
337000,0.030,0.626,0.344
337500,0.030,0.571,0.399
338000,0.030,0.568,0.402
338500,0.030,0.565,0.405
339000,0.030,0.401,0.569
339500,0.030,0.449,0.521
340000,0.030,0.518,0.452
340500,0.030,0.777,0.193
341000,0.030,0.424,0.546
341500,0.030,0.504,0.466
342000,0.030,0.479,0.491
342500,0.030,0.453,0.517
343000,0.030,0.513,0.457
343500,0.030,0.607,0.363
344000,0.030,0.526,0.444
344500,0.030,0.470,0.500
345000,0.030,0.573,0.397
345500,0.030,0.558,0.412
346000,0.030,0.765,0.205
346500,0.030,0.510,0.460
347000,0.030,0.447,0.523
347500,0.030,0.515,0.455
348000,0.030,0.509,0.461
348500,0.030,0.451,0.519
349000,0.030,0.543,0.427
349500,0.030,0.530,0.440
350000,0.030,0.429,0.541
350500,0.030,0.462,0.508
351000,0.030,0.530,0.440
351500,0.030,0.572,0.398
352000,0.030,0.355,0.615
352500,0.030,0.376,0.594
353000,0.030,0.515,0.455
353500,0.030,0.479,0.491
354000,0.030,0.560,0.410
354500,0.030,0.515,0.455
355000,0.030,0.457,0.513
355500,0.030,0.410,0.560
356000,0.030,0.622,0.348
356500,0.030,0.467,0.503
357000,0.030,0.523,0.447
357500,0.030,0.544,0.426
358000,0.030,0.536,0.434
358500,0.030,0.509,0.461
359000,0.030,0.447,0.523
359500,0.030,0.482,0.488
360000,0.030,0.475,0.495
360500,0.030,0.399,0.571
361000,0.030,0.363,0.607
361500,0.030,0.611,0.359
362000,0.030,0.325,0.645
362500,0.030,0.344,0.626
363000,0.030,0.435,0.535
363500,0.030,0.613,0.357
364000,0.030,0.609,0.361
364500,0.030,0.520,0.450
365000,0.030,0.397,0.573
365500,0.030,0.441,0.529
366000,0.030,0.459,0.511
366500,0.030,0.350,0.620
367000,0.030,0.515,0.455
367500,0.030,0.521,0.449
368000,0.030,0.459,0.511
368500,0.030,0.542,0.428
369000,0.030,0.533,0.437
369500,0.030,0.475,0.495
370000,0.030,0.539,0.431
370500,0.030,0.486,0.484
371000,0.030,0.472,0.498
371500,0.030,0.400,0.570
372000,0.030,0.448,0.522
372500,0.030,0.519,0.451
373000,0.030,0.441,0.529
373500,0.030,0.395,0.575
374000,0.030,0.366,0.604
374500,0.030,0.468,0.502
375000,0.030,0.421,0.549
375500,0.030,0.602,0.368
376000,0.030,0.490,0.480
376500,0.030,0.441,0.529
377000,0.030,0.278,0.692
377500,0.030,0.551,0.419
378000,0.030,0.613,0.357
378500,0.030,0.482,0.488
379000,0.030,0.489,0.481
379500,0.030,0.584,0.386
380000,0.030,0.468,0.502
380500,0.030,0.482,0.488
381000,0.030,0.478,0.492
381500,0.030,0.521,0.449
382000,0.030,0.536,0.434
382500,0.030,0.549,0.421
383000,0.030,0.642,0.328
383500,0.030,0.360,0.610
384000,0.030,0.474,0.496
384500,0.030,0.565,0.405
385000,0.030,0.343,0.627
385500,0.030,0.338,0.632
386000,0.030,0.494,0.476
386500,0.030,0.357,0.613
387000,0.030,0.432,0.538
387500,0.030,0.451,0.519
388000,0.030,0.473,0.497
388500,0.030,0.412,0.558
389000,0.030,0.508,0.462
389500,0.030,0.431,0.539
390000,0.030,0.446,0.524
390500,0.030,0.495,0.475
391000,0.030,0.374,0.596
391500,0.030,0.550,0.420
392000,0.030,0.522,0.448
392500,0.030,0.497,0.473
393000,0.030,0.542,0.428
393500,0.030,0.443,0.527
394000,0.030,0.391,0.579
394500,0.030,0.484,0.486
395000,0.030,0.396,0.574
395500,0.030,0.609,0.361
396000,0.030,0.444,0.526
396500,0.030,0.445,0.525
397000,0.030,0.526,0.444
397500,0.030,0.493,0.477
398000,0.030,0.669,0.301
398500,0.030,0.517,0.453
399000,0.030,0.584,0.386
399500,0.030,0.488,0.482
400000,0.030,0.546,0.424
400500,0.030,0.466,0.504
401000,0.030,0.425,0.545
401500,0.030,0.656,0.314
402000,0.030,0.588,0.382
402500,0.030,0.488,0.482
403000,0.030,0.476,0.494
403500,0.030,0.535,0.435
404000,0.030,0.411,0.559
404500,0.030,0.405,0.565
405000,0.030,0.473,0.497
405500,0.030,0.526,0.444
406000,0.030,0.542,0.428
406500,0.030,0.431,0.539
407000,0.030,0.339,0.631
407500,0.030,0.464,0.506
408000,0.030,0.467,0.503
408500,0.030,0.440,0.530
409000,0.030,0.487,0.483
409500,0.030,0.465,0.505
410000,0.030,0.440,0.530
410500,0.030,0.411,0.559
411000,0.030,0.479,0.491
411500,0.030,0.433,0.537
412000,0.030,0.466,0.504
412500,0.030,0.351,0.619
413000,0.030,0.460,0.510
413500,0.030,0.616,0.354
414000,0.030,0.456,0.514
414500,0.030,0.404,0.566
415000,0.030,0.408,0.562
415500,0.030,0.360,0.610
416000,0.030,0.459,0.511
416500,0.030,0.305,0.665
417000,0.030,0.457,0.513
417500,0.030,0.530,0.440
418000,0.030,0.514,0.456
418500,0.030,0.505,0.465
419000,0.030,0.668,0.302
419500,0.030,0.478,0.492
420000,0.030,0.516,0.454
420500,0.030,0.328,0.642
421000,0.030,0.486,0.484
421500,0.030,0.495,0.475
422000,0.030,0.497,0.473
422500,0.030,0.364,0.606
423000,0.030,0.435,0.535
423500,0.030,0.345,0.625
424000,0.030,0.391,0.579
424500,0.030,0.430,0.540
425000,0.030,0.471,0.499
425500,0.030,0.502,0.468
426000,0.030,0.604,0.366
426500,0.030,0.527,0.443
427000,0.030,0.598,0.372
427500,0.030,0.509,0.461
428000,0.030,0.555,0.415
428500,0.030,0.608,0.362
429000,0.030,0.604,0.366
429500,0.030,0.447,0.523
430000,0.030,0.487,0.483
430500,0.030,0.447,0.523
431000,0.030,0.530,0.440
431500,0.030,0.452,0.518
432000,0.030,0.550,0.420
432500,0.030,0.641,0.329
433000,0.030,0.474,0.496
433500,0.030,0.647,0.323
434000,0.030,0.667,0.303
434500,0.030,0.522,0.448
435000,0.030,0.554,0.416
435500,0.030,0.473,0.497
436000,0.030,0.447,0.523
436500,0.030,0.473,0.497
437000,0.030,0.425,0.545
437500,0.030,0.442,0.528
438000,0.030,0.452,0.518
438500,0.030,0.382,0.588
439000,0.030,0.528,0.442
439500,0.030,0.457,0.513
440000,0.030,0.463,0.507
440500,0.030,0.470,0.500
441000,0.030,0.353,0.617
441500,0.030,0.373,0.597
442000,0.030,0.454,0.516
442500,0.030,0.458,0.512
443000,0.030,0.430,0.540
443500,0.030,0.764,0.206
444000,0.030,0.546,0.424
444500,0.030,0.428,0.542
445000,0.030,0.427,0.543
445500,0.030,0.362,0.608
446000,0.030,0.426,0.544
446500,0.030,0.574,0.396
447000,0.030,0.379,0.591
447500,0.030,0.634,0.336
448000,0.030,0.586,0.384
448500,0.030,0.530,0.440
449000,0.030,0.605,0.365
449500,0.030,0.561,0.409
450000,0.030,0.572,0.398
450500,0.030,0.457,0.513
451000,0.030,0.430,0.540
451500,0.030,0.420,0.550
452000,0.030,0.437,0.533
452500,0.030,0.687,0.283
453000,0.030,0.688,0.282
453500,0.030,0.543,0.427
454000,0.030,0.513,0.457
454500,0.030,0.578,0.392
455000,0.030,0.480,0.490
455500,0.030,0.571,0.399
456000,0.030,0.454,0.516
456500,0.030,0.406,0.564
457000,0.030,0.476,0.494
457500,0.030,0.561,0.409
458000,0.030,0.599,0.371
458500,0.030,0.586,0.384
459000,0.030,0.609,0.361
459500,0.030,0.389,0.581
460000,0.030,0.479,0.491
460500,0.030,0.582,0.388
461000,0.030,0.668,0.302
461500,0.030,0.555,0.415
462000,0.030,0.471,0.499
462500,0.030,0.404,0.566
463000,0.030,0.401,0.569
463500,0.030,0.563,0.407
464000,0.030,0.555,0.415
464500,0.030,0.457,0.513
465000,0.030,0.383,0.587
465500,0.030,0.687,0.283
466000,0.030,0.447,0.523
466500,0.030,0.504,0.466
467000,0.030,0.449,0.521
467500,0.030,0.651,0.319
468000,0.030,0.544,0.426
468500,0.030,0.520,0.450
469000,0.030,0.386,0.584
469500,0.030,0.491,0.479
470000,0.030,0.304,0.666
470500,0.030,0.476,0.494
471000,0.030,0.584,0.386
471500,0.030,0.586,0.384
472000,0.030,0.621,0.349
472500,0.030,0.566,0.404
473000,0.030,0.581,0.389
473500,0.030,0.379,0.591
474000,0.030,0.569,0.401
474500,0.030,0.516,0.454
475000,0.030,0.422,0.548
475500,0.030,0.338,0.632
476000,0.030,0.560,0.410
476500,0.030,0.416,0.554
477000,0.030,0.605,0.365
477500,0.030,0.457,0.513
478000,0.030,0.548,0.422
478500,0.030,0.446,0.524
479000,0.030,0.450,0.520
479500,0.030,0.524,0.446
480000,0.030,0.457,0.513
480500,0.030,0.582,0.388
481000,0.030,0.506,0.464
481500,0.030,0.686,0.284
482000,0.030,0.616,0.354
482500,0.030,0.477,0.493
483000,0.030,0.492,0.478
483500,0.030,0.385,0.585
484000,0.030,0.517,0.453
484500,0.030,0.424,0.546
485000,0.030,0.528,0.442
485500,0.030,0.590,0.380
486000,0.030,0.582,0.388
486500,0.030,0.440,0.530
487000,0.030,0.446,0.524
487500,0.030,0.486,0.484
488000,0.030,0.551,0.419
488500,0.030,0.578,0.392
489000,0.030,0.460,0.510
489500,0.030,0.452,0.518
490000,0.030,0.548,0.422
490500,0.030,0.540,0.430
491000,0.030,0.350,0.620
491500,0.030,0.665,0.305
492000,0.030,0.501,0.469
492500,0.030,0.409,0.561
493000,0.030,0.431,0.539
493500,0.030,0.468,0.502
494000,0.030,0.565,0.405
494500,0.030,0.556,0.414
495000,0.030,0.368,0.602
495500,0.030,0.568,0.402
496000,0.030,0.540,0.430
496500,0.030,0.507,0.463
497000,0.030,0.425,0.545
497500,0.030,0.496,0.474
498000,0.030,0.498,0.472
498500,0.030,0.508,0.462
499000,0.030,0.472,0.498
499500,0.030,0.403,0.567
500000,0.030,0.400,0.570
500500,0.030,0.381,0.589
501000,0.030,0.668,0.302
501500,0.030,0.714,0.256
502000,0.030,0.486,0.484
502500,0.030,0.527,0.443
503000,0.030,0.637,0.333
503500,0.030,0.330,0.640
504000,0.030,0.398,0.572
504500,0.030,0.303,0.667
505000,0.030,0.386,0.584
505500,0.030,0.417,0.553
506000,0.030,0.449,0.521
506500,0.030,0.344,0.626
507000,0.030,0.513,0.457
507500,0.030,0.533,0.437
508000,0.030,0.600,0.370
508500,0.030,0.596,0.374
509000,0.030,0.510,0.460
509500,0.030,0.494,0.476
510000,0.030,0.470,0.500
510500,0.030,0.564,0.406
511000,0.030,0.472,0.498
511500,0.030,0.416,0.554
512000,0.030,0.519,0.451
512500,0.030,0.377,0.593
513000,0.030,0.438,0.532
513500,0.030,0.477,0.493
514000,0.030,0.439,0.531
514500,0.030,0.383,0.587
515000,0.030,0.422,0.548
515500,0.030,0.331,0.639
516000,0.030,0.463,0.507
516500,0.030,0.599,0.371
517000,0.030,0.437,0.533
517500,0.030,0.476,0.494
518000,0.030,0.571,0.399
518500,0.030,0.430,0.540
519000,0.030,0.295,0.675
519500,0.030,0.445,0.525
520000,0.030,0.433,0.537
520500,0.030,0.692,0.278
521000,0.030,0.552,0.418
521500,0.030,0.507,0.463
522000,0.030,0.538,0.432
522500,0.030,0.569,0.401
523000,0.030,0.463,0.507
523500,0.030,0.418,0.552
524000,0.030,0.487,0.483
524500,0.030,0.438,0.532
525000,0.030,0.375,0.595
525500,0.030,0.341,0.629
526000,0.030,0.452,0.518
526500,0.030,0.553,0.417
527000,0.030,0.445,0.525
527500,0.030,0.528,0.442
528000,0.030,0.465,0.505
528500,0.030,0.478,0.492
529000,0.030,0.554,0.416
529500,0.030,0.625,0.345
530000,0.030,0.487,0.483
530500,0.030,0.663,0.307
531000,0.030,0.466,0.504
531500,0.030,0.479,0.491
532000,0.030,0.350,0.620
532500,0.030,0.434,0.536
533000,0.030,0.541,0.429
533500,0.030,0.568,0.402
534000,0.030,0.520,0.450
534500,0.030,0.537,0.433
535000,0.030,0.417,0.553
535500,0.030,0.362,0.608
536000,0.030,0.506,0.464
536500,0.030,0.359,0.611
537000,0.030,0.550,0.420
537500,0.030,0.636,0.334
538000,0.030,0.558,0.412
538500,0.030,0.463,0.507
539000,0.030,0.346,0.624
539500,0.030,0.534,0.436
540000,0.030,0.549,0.421
540500,0.030,0.427,0.543
541000,0.030,0.376,0.594
541500,0.030,0.418,0.552
542000,0.030,0.550,0.420
542500,0.030,0.432,0.538
543000,0.030,0.523,0.447
543500,0.030,0.372,0.598
544000,0.030,0.372,0.598
544500,0.030,0.457,0.513
545000,0.030,0.540,0.430
545500,0.030,0.456,0.514
546000,0.030,0.605,0.365
546500,0.030,0.427,0.543
547000,0.030,0.426,0.544
547500,0.030,0.450,0.520
548000,0.030,0.513,0.457
548500,0.030,0.510,0.460
549000,0.030,0.403,0.567
549500,0.030,0.303,0.667
550000,0.030,0.370,0.600
550500,0.030,0.509,0.461
551000,0.030,0.440,0.530
551500,0.030,0.433,0.537
552000,0.030,0.514,0.456
552500,0.030,0.533,0.437
553000,0.030,0.369,0.601
553500,0.030,0.604,0.366
554000,0.030,0.544,0.426
554500,0.030,0.387,0.583
555000,0.030,0.499,0.471
555500,0.030,0.409,0.561
556000,0.030,0.393,0.577
556500,0.030,0.348,0.622
557000,0.030,0.658,0.312
557500,0.030,0.605,0.365
558000,0.030,0.444,0.526
558500,0.030,0.523,0.447
559000,0.030,0.379,0.591
559500,0.030,0.338,0.632
560000,0.030,0.429,0.541
560500,0.030,0.603,0.367
561000,0.030,0.634,0.336
561500,0.030,0.389,0.581
562000,0.030,0.500,0.470
562500,0.030,0.309,0.661
563000,0.030,0.593,0.377
563500,0.030,0.600,0.370
564000,0.030,0.426,0.544
564500,0.030,0.451,0.519
565000,0.030,0.497,0.473
565500,0.030,0.574,0.396
566000,0.030,0.414,0.556
566500,0.030,0.534,0.436
567000,0.030,0.437,0.533
567500,0.030,0.538,0.432
568000,0.030,0.579,0.391
568500,0.030,0.483,0.487
569000,0.030,0.479,0.491
569500,0.030,0.554,0.416
570000,0.030,0.523,0.447
570500,0.030,0.654,0.316
571000,0.030,0.581,0.389
571500,0.030,0.291,0.679
572000,0.030,0.563,0.407
572500,0.030,0.500,0.470
573000,0.030,0.553,0.417
573500,0.030,0.595,0.375
574000,0.030,0.536,0.434
574500,0.030,0.588,0.382
575000,0.030,0.452,0.518
575500,0.030,0.382,0.588
576000,0.030,0.520,0.450
576500,0.030,0.429,0.541
577000,0.030,0.544,0.426
577500,0.030,0.334,0.636
578000,0.030,0.505,0.465
578500,0.030,0.457,0.513
579000,0.030,0.483,0.487
579500,0.030,0.487,0.483
580000,0.030,0.559,0.411
580500,0.030,0.501,0.469
581000,0.030,0.584,0.386
581500,0.030,0.455,0.515
582000,0.030,0.483,0.487
582500,0.030,0.314,0.656
583000,0.030,0.408,0.562
583500,0.030,0.397,0.573
584000,0.030,0.477,0.493
584500,0.030,0.500,0.470
585000,0.030,0.458,0.512
585500,0.030,0.528,0.442
586000,0.030,0.418,0.552
586500,0.030,0.422,0.548
587000,0.030,0.593,0.377
587500,0.030,0.785,0.185
588000,0.030,0.636,0.334
588500,0.030,0.471,0.499
589000,0.030,0.394,0.576
589500,0.030,0.508,0.462
590000,0.030,0.517,0.453
590500,0.030,0.613,0.357
591000,0.030,0.468,0.502
591500,0.030,0.491,0.479
592000,0.030,0.661,0.309
592500,0.030,0.552,0.418
593000,0.030,0.468,0.502
593500,0.030,0.467,0.503
594000,0.030,0.436,0.534
594500,0.030,0.624,0.346
595000,0.030,0.524,0.446
595500,0.030,0.569,0.401
596000,0.030,0.514,0.456
596500,0.030,0.480,0.490
597000,0.030,0.501,0.469
597500,0.030,0.512,0.458
598000,0.030,0.444,0.526
598500,0.030,0.275,0.695
599000,0.030,0.375,0.595
599500,0.030,0.467,0.503
600000,0.030,0.397,0.573
600500,0.030,0.611,0.359
601000,0.030,0.429,0.541
601500,0.030,0.457,0.513
602000,0.030,0.544,0.426
602500,0.030,0.470,0.500
603000,0.030,0.453,0.517
603500,0.030,0.546,0.424
604000,0.030,0.546,0.424
604500,0.030,0.600,0.370
605000,0.030,0.586,0.384
605500,0.030,0.412,0.558
606000,0.030,0.483,0.487
606500,0.030,0.676,0.294
607000,0.030,0.732,0.238
607500,0.030,0.797,0.173
608000,0.030,0.567,0.403
608500,0.030,0.382,0.588
609000,0.030,0.418,0.552
609500,0.030,0.440,0.530
610000,0.030,0.416,0.554
610500,0.030,0.389,0.581
611000,0.030,0.469,0.501
611500,0.030,0.560,0.410
612000,0.030,0.572,0.398
612500,0.030,0.551,0.419
613000,0.030,0.411,0.559
613500,0.030,0.453,0.517
614000,0.030,0.561,0.409
614500,0.030,0.530,0.440
615000,0.030,0.770,0.200
615500,0.030,0.543,0.427
616000,0.030,0.526,0.444
616500,0.030,0.384,0.586
617000,0.030,0.224,0.746
617500,0.030,0.555,0.415
618000,0.030,0.418,0.552
618500,0.030,0.516,0.454
619000,0.030,0.588,0.382
619500,0.030,0.515,0.455
620000,0.030,0.620,0.350
620500,0.030,0.514,0.456
621000,0.030,0.608,0.362
621500,0.030,0.542,0.428
622000,0.030,0.491,0.479
622500,0.030,0.446,0.524
623000,0.030,0.638,0.332
623500,0.030,0.532,0.438
624000,0.030,0.571,0.399
624500,0.030,0.544,0.426
625000,0.030,0.534,0.436
625500,0.030,0.351,0.619
626000,0.030,0.553,0.417
626500,0.030,0.726,0.244
627000,0.030,0.421,0.549
627500,0.030,0.430,0.540
628000,0.030,0.510,0.460
628500,0.030,0.431,0.539
629000,0.030,0.435,0.535
629500,0.030,0.485,0.485
630000,0.030,0.299,0.671
630500,0.030,0.592,0.378
631000,0.030,0.478,0.492
631500,0.030,0.466,0.504
632000,0.030,0.533,0.437
632500,0.030,0.538,0.432
633000,0.030,0.336,0.634
633500,0.030,0.490,0.480
634000,0.030,0.441,0.529
634500,0.030,0.359,0.611
635000,0.030,0.514,0.456
635500,0.030,0.601,0.369
636000,0.030,0.525,0.445
636500,0.030,0.511,0.459
637000,0.030,0.656,0.314
637500,0.030,0.444,0.526
638000,0.030,0.580,0.390
638500,0.030,0.480,0.490
639000,0.030,0.405,0.565
639500,0.030,0.503,0.467
640000,0.030,0.514,0.456
640500,0.030,0.520,0.450
641000,0.030,0.652,0.318
641500,0.030,0.728,0.242
642000,0.030,0.498,0.472
642500,0.030,0.543,0.427
643000,0.030,0.467,0.503
643500,0.030,0.666,0.304
644000,0.030,0.405,0.565
644500,0.030,0.486,0.484
645000,0.030,0.460,0.510
645500,0.030,0.505,0.465
646000,0.030,0.526,0.444
646500,0.030,0.523,0.447
647000,0.030,0.501,0.469
647500,0.030,0.378,0.592
648000,0.030,0.451,0.519
648500,0.030,0.535,0.435
649000,0.030,0.601,0.369
649500,0.030,0.448,0.522
650000,0.030,0.570,0.400
650500,0.030,0.336,0.634
651000,0.030,0.426,0.544
651500,0.030,0.583,0.387
652000,0.030,0.454,0.516
652500,0.030,0.551,0.419
653000,0.030,0.522,0.448
653500,0.030,0.515,0.455
654000,0.030,0.249,0.721
654500,0.030,0.426,0.544
655000,0.030,0.563,0.407
655500,0.030,0.575,0.395
656000,0.030,0.324,0.646
656500,0.030,0.493,0.477
657000,0.030,0.575,0.395
657500,0.030,0.559,0.411
658000,0.030,0.451,0.519
658500,0.030,0.435,0.535
659000,0.030,0.355,0.615
659500,0.030,0.534,0.436
660000,0.030,0.457,0.513
660500,0.030,0.456,0.514
661000,0.030,0.386,0.584
661500,0.030,0.552,0.418
662000,0.030,0.666,0.304
662500,0.030,0.558,0.412
663000,0.030,0.452,0.518
663500,0.030,0.402,0.568
664000,0.030,0.601,0.369
664500,0.030,0.557,0.413
665000,0.030,0.445,0.525
665500,0.030,0.393,0.577
666000,0.030,0.447,0.523
666500,0.030,0.561,0.409
667000,0.030,0.612,0.358
667500,0.030,0.475,0.495
668000,0.030,0.644,0.326
668500,0.030,0.454,0.516
669000,0.030,0.665,0.305
669500,0.030,0.756,0.214
670000,0.030,0.626,0.344
670500,0.030,0.380,0.590
671000,0.030,0.516,0.454
671500,0.030,0.506,0.464
672000,0.030,0.484,0.486
672500,0.030,0.462,0.508
673000,0.030,0.525,0.445
673500,0.030,0.446,0.524
674000,0.030,0.414,0.556
674500,0.030,0.442,0.528
675000,0.030,0.388,0.582
675500,0.030,0.648,0.322
676000,0.030,0.511,0.459
676500,0.030,0.598,0.372
677000,0.030,0.476,0.494
677500,0.030,0.583,0.387
678000,0.030,0.391,0.579
678500,0.030,0.534,0.436
679000,0.030,0.427,0.543
679500,0.030,0.478,0.492
680000,0.030,0.639,0.331
680500,0.030,0.475,0.495
681000,0.030,0.372,0.598
681500,0.030,0.395,0.575
682000,0.030,0.532,0.438
682500,0.030,0.515,0.455
683000,0.030,0.444,0.526
683500,0.030,0.509,0.461
684000,0.030,0.457,0.513
684500,0.030,0.398,0.572
685000,0.030,0.528,0.442
685500,0.030,0.427,0.543
686000,0.030,0.404,0.566
686500,0.030,0.434,0.536
687000,0.030,0.503,0.467
687500,0.030,0.501,0.469
688000,0.030,0.744,0.226
688500,0.030,0.500,0.470
689000,0.030,0.471,0.499
689500,0.030,0.527,0.443
690000,0.030,0.412,0.558
690500,0.030,0.418,0.552
691000,0.030,0.374,0.596
691500,0.030,0.436,0.534
692000,0.030,0.505,0.465
692500,0.030,0.502,0.468
693000,0.030,0.491,0.479
693500,0.030,0.565,0.405
694000,0.030,0.398,0.572
694500,0.030,0.465,0.505
695000,0.030,0.437,0.533
695500,0.030,0.544,0.426
696000,0.030,0.596,0.374
696500,0.030,0.523,0.447
697000,0.030,0.451,0.519
697500,0.030,0.462,0.508
698000,0.030,0.528,0.442
698500,0.030,0.436,0.534
699000,0.030,0.506,0.464
699500,0.030,0.541,0.429
700000,0.030,0.584,0.386
700500,0.030,0.510,0.460
701000,0.030,0.574,0.396
701500,0.030,0.468,0.502
702000,0.030,0.501,0.469
702500,0.030,0.586,0.384
703000,0.030,0.554,0.416
703500,0.030,0.498,0.472
704000,0.030,0.647,0.323
704500,0.030,0.583,0.387
705000,0.030,0.452,0.518
705500,0.030,0.533,0.437
706000,0.030,0.459,0.511
706500,0.030,0.482,0.488
707000,0.030,0.509,0.461
707500,0.030,0.393,0.577
708000,0.030,0.482,0.488
708500,0.030,0.357,0.613
709000,0.030,0.517,0.453
709500,0.030,0.385,0.585
710000,0.030,0.530,0.440
710500,0.030,0.534,0.436
711000,0.030,0.675,0.295
711500,0.030,0.545,0.425
712000,0.030,0.549,0.421
712500,0.030,0.525,0.445
713000,0.030,0.484,0.486
713500,0.030,0.573,0.397
714000,0.030,0.532,0.438
714500,0.030,0.435,0.535
715000,0.030,0.430,0.540
715500,0.030,0.469,0.501
716000,0.030,0.434,0.536
716500,0.030,0.471,0.499
717000,0.030,0.403,0.567
717500,0.030,0.545,0.425
718000,0.030,0.612,0.358
718500,0.030,0.651,0.319
719000,0.030,0.479,0.491
719500,0.030,0.530,0.440
720000,0.030,0.456,0.514
720500,0.030,0.503,0.467
721000,0.030,0.529,0.441
721500,0.030,0.480,0.490
722000,0.030,0.417,0.553
722500,0.030,0.425,0.545
723000,0.030,0.390,0.580
723500,0.030,0.620,0.350
724000,0.030,0.537,0.433
724500,0.030,0.497,0.473
725000,0.030,0.586,0.384
725500,0.030,0.606,0.364
726000,0.030,0.439,0.531
726500,0.030,0.455,0.515
727000,0.030,0.559,0.411
727500,0.030,0.610,0.360
728000,0.030,0.427,0.543
728500,0.030,0.557,0.413
729000,0.030,0.590,0.380
729500,0.030,0.355,0.615
730000,0.030,0.591,0.379
730500,0.030,0.442,0.528
731000,0.030,0.558,0.412
731500,0.030,0.357,0.613
732000,0.030,0.542,0.428
732500,0.030,0.498,0.472
733000,0.030,0.456,0.514
733500,0.030,0.528,0.442
734000,0.030,0.498,0.472
734500,0.030,0.526,0.444
735000,0.030,0.412,0.558
735500,0.030,0.574,0.396
736000,0.030,0.497,0.473
736500,0.030,0.570,0.400
737000,0.030,0.495,0.475
737500,0.030,0.567,0.403
738000,0.030,0.386,0.584
738500,0.030,0.358,0.612
739000,0.030,0.618,0.352
739500,0.030,0.487,0.483
740000,0.030,0.512,0.458
740500,0.030,0.601,0.369
741000,0.030,0.566,0.404
741500,0.030,0.509,0.461
742000,0.030,0.665,0.305
742500,0.030,0.481,0.489
743000,0.030,0.578,0.392
743500,0.030,0.554,0.416
744000,0.030,0.379,0.591
744500,0.030,0.355,0.615
745000,0.030,0.444,0.526
745500,0.030,0.334,0.636
746000,0.030,0.538,0.432
746500,0.030,0.355,0.615
747000,0.030,0.569,0.401
747500,0.030,0.509,0.461
748000,0.030,0.453,0.517
748500,0.030,0.448,0.522
749000,0.030,0.455,0.515
749500,0.030,0.533,0.437
750000,0.030,0.489,0.481
750500,0.030,0.343,0.627
751000,0.030,0.557,0.413
751500,0.030,0.481,0.489
752000,0.030,0.613,0.357
752500,0.030,0.336,0.634
753000,0.030,0.468,0.502
753500,0.030,0.517,0.453
754000,0.030,0.454,0.516
754500,0.030,0.338,0.632
755000,0.030,0.540,0.430
755500,0.030,0.539,0.431
756000,0.030,0.578,0.392
756500,0.030,0.448,0.522
757000,0.030,0.654,0.316
757500,0.030,0.516,0.454
758000,0.030,0.504,0.466
758500,0.030,0.457,0.513
759000,0.030,0.589,0.381
759500,0.030,0.447,0.523
760000,0.030,0.533,0.437
760500,0.030,0.493,0.477
761000,0.030,0.583,0.387
761500,0.030,0.697,0.273
762000,0.030,0.532,0.438
762500,0.030,0.365,0.605
763000,0.030,0.370,0.600
763500,0.030,0.321,0.649
764000,0.030,0.397,0.573
764500,0.030,0.566,0.404
765000,0.030,0.434,0.536
765500,0.030,0.599,0.371
766000,0.030,0.464,0.506
766500,0.030,0.483,0.487
767000,0.030,0.317,0.653
767500,0.030,0.553,0.417
768000,0.030,0.417,0.553
768500,0.030,0.535,0.435
769000,0.030,0.591,0.379
769500,0.030,0.429,0.541
770000,0.030,0.531,0.439
770500,0.030,0.428,0.542
771000,0.030,0.628,0.342
771500,0.030,0.482,0.488
772000,0.030,0.520,0.450
772500,0.030,0.291,0.679
773000,0.030,0.404,0.566
773500,0.030,0.453,0.517
774000,0.030,0.500,0.470
774500,0.030,0.625,0.345
775000,0.030,0.459,0.511
775500,0.030,0.402,0.568
776000,0.030,0.555,0.415
776500,0.030,0.594,0.376
777000,0.030,0.379,0.591
777500,0.030,0.517,0.453
778000,0.030,0.597,0.373
778500,0.030,0.419,0.551
779000,0.030,0.525,0.445
779500,0.030,0.560,0.410
780000,0.030,0.515,0.455
780500,0.030,0.528,0.442
781000,0.030,0.493,0.477
781500,0.030,0.464,0.506
782000,0.030,0.433,0.537
782500,0.030,0.538,0.432
783000,0.030,0.499,0.471
783500,0.030,0.406,0.564
784000,0.030,0.463,0.507
784500,0.030,0.510,0.460
785000,0.030,0.459,0.511
785500,0.030,0.522,0.448
786000,0.030,0.570,0.400
786500,0.030,0.608,0.362
787000,0.030,0.560,0.410
787500,0.030,0.420,0.550
788000,0.030,0.477,0.493
788500,0.030,0.582,0.388
789000,0.030,0.526,0.444
789500,0.030,0.414,0.556
790000,0.030,0.439,0.531
790500,0.030,0.423,0.547
791000,0.030,0.535,0.435
791500,0.030,0.422,0.548
792000,0.030,0.466,0.504
792500,0.030,0.522,0.448
793000,0.030,0.450,0.520
793500,0.030,0.490,0.480
794000,0.030,0.460,0.510
794500,0.030,0.512,0.458
795000,0.030,0.460,0.510
795500,0.030,0.490,0.480
796000,0.030,0.435,0.535
796500,0.030,0.649,0.321
797000,0.030,0.428,0.542
797500,0.030,0.450,0.520
798000,0.030,0.489,0.481
798500,0.030,0.455,0.515
799000,0.030,0.378,0.592
799500,0.030,0.520,0.450
800000,0.030,0.377,0.593
800500,0.030,0.432,0.538
801000,0.030,0.494,0.476
801500,0.030,0.390,0.580
802000,0.030,0.550,0.420
802500,0.030,0.427,0.543
803000,0.030,0.605,0.365
803500,0.030,0.574,0.396
804000,0.030,0.611,0.359
804500,0.030,0.402,0.568
805000,0.030,0.464,0.506
805500,0.030,0.542,0.428
806000,0.030,0.508,0.462
806500,0.030,0.561,0.409
807000,0.030,0.597,0.373
807500,0.030,0.557,0.413
808000,0.030,0.288,0.682
808500,0.030,0.424,0.546
809000,0.030,0.464,0.506
809500,0.030,0.478,0.492
810000,0.030,0.577,0.393
810500,0.030,0.368,0.602
811000,0.030,0.520,0.450
811500,0.030,0.564,0.406
812000,0.030,0.524,0.446
812500,0.030,0.321,0.649
813000,0.030,0.398,0.572
813500,0.030,0.592,0.378
814000,0.030,0.405,0.565
814500,0.030,0.433,0.537
815000,0.030,0.546,0.424
815500,0.030,0.485,0.485
816000,0.030,0.463,0.507
816500,0.030,0.495,0.475
817000,0.030,0.486,0.484
817500,0.030,0.528,0.442
818000,0.030,0.469,0.501
818500,0.030,0.633,0.337
819000,0.030,0.451,0.519
819500,0.030,0.548,0.422
820000,0.030,0.541,0.429
820500,0.030,0.767,0.203
821000,0.030,0.364,0.606
821500,0.030,0.439,0.531
822000,0.030,0.537,0.433
822500,0.030,0.482,0.488
823000,0.030,0.451,0.519
823500,0.030,0.437,0.533
824000,0.030,0.459,0.511
824500,0.030,0.450,0.520
825000,0.030,0.631,0.339
825500,0.030,0.412,0.558
826000,0.030,0.506,0.464
826500,0.030,0.511,0.459
827000,0.030,0.489,0.481
827500,0.030,0.599,0.371
828000,0.030,0.645,0.325
828500,0.030,0.503,0.467
829000,0.030,0.439,0.531
829500,0.030,0.470,0.500
830000,0.030,0.508,0.462
830500,0.030,0.620,0.350
831000,0.030,0.648,0.322
831500,0.030,0.503,0.467
832000,0.030,0.457,0.513
832500,0.030,0.538,0.432
833000,0.030,0.537,0.433
833500,0.030,0.400,0.570
834000,0.030,0.521,0.449
834500,0.030,0.569,0.401
835000,0.030,0.427,0.543
835500,0.030,0.597,0.373
836000,0.030,0.528,0.442
836500,0.030,0.511,0.459
837000,0.030,0.556,0.414
837500,0.030,0.634,0.336
838000,0.030,0.625,0.345
838500,0.030,0.525,0.445
839000,0.030,0.456,0.514
839500,0.030,0.606,0.364
840000,0.030,0.636,0.334
840500,0.030,0.524,0.446
841000,0.030,0.760,0.210
841500,0.030,0.490,0.480
842000,0.030,0.449,0.521
842500,0.030,0.568,0.402
843000,0.030,0.616,0.354
843500,0.030,0.481,0.489
844000,0.030,0.484,0.486
844500,0.030,0.463,0.507
845000,0.030,0.465,0.505
845500,0.030,0.487,0.483
846000,0.030,0.359,0.611
846500,0.030,0.371,0.599
847000,0.030,0.553,0.417
847500,0.030,0.630,0.340
848000,0.030,0.518,0.452
848500,0.030,0.469,0.501
849000,0.030,0.366,0.604
849500,0.030,0.361,0.609
850000,0.030,0.536,0.434
850500,0.030,0.461,0.509
851000,0.030,0.543,0.427
851500,0.030,0.444,0.526
852000,0.030,0.497,0.473
852500,0.030,0.463,0.507
853000,0.030,0.516,0.454
853500,0.030,0.589,0.381
854000,0.030,0.386,0.584
854500,0.030,0.472,0.498
855000,0.030,0.414,0.556
855500,0.030,0.389,0.581
856000,0.030,0.496,0.474
856500,0.030,0.422,0.548
857000,0.030,0.452,0.518
857500,0.030,0.473,0.497
858000,0.030,0.559,0.411
858500,0.030,0.534,0.436
859000,0.030,0.383,0.587
859500,0.030,0.485,0.485
860000,0.030,0.442,0.528
860500,0.030,0.587,0.383
861000,0.030,0.493,0.477
861500,0.030,0.271,0.699
862000,0.030,0.579,0.391
862500,0.030,0.601,0.369
863000,0.030,0.413,0.557
863500,0.030,0.422,0.548
864000,0.030,0.337,0.633
864500,0.030,0.556,0.414
865000,0.030,0.583,0.387
865500,0.030,0.422,0.548
866000,0.030,0.586,0.384
866500,0.030,0.621,0.349
867000,0.030,0.554,0.416
867500,0.030,0.670,0.300
868000,0.030,0.639,0.331
868500,0.030,0.460,0.510
869000,0.030,0.556,0.414
869500,0.030,0.429,0.541
870000,0.030,0.490,0.480
870500,0.030,0.443,0.527
871000,0.030,0.566,0.404
871500,0.030,0.501,0.469
872000,0.030,0.535,0.435
872500,0.030,0.443,0.527
873000,0.030,0.324,0.646
873500,0.030,0.597,0.373
874000,0.030,0.699,0.271
874500,0.030,0.376,0.594
875000,0.030,0.469,0.501
875500,0.030,0.630,0.340
876000,0.030,0.496,0.474
876500,0.030,0.471,0.499
877000,0.030,0.490,0.480
877500,0.030,0.326,0.644
878000,0.030,0.566,0.404
878500,0.030,0.600,0.370
879000,0.030,0.577,0.393
879500,0.030,0.475,0.495
880000,0.030,0.555,0.415
880500,0.030,0.573,0.397
881000,0.030,0.417,0.553
881500,0.030,0.450,0.520
882000,0.030,0.515,0.455
882500,0.030,0.496,0.474
883000,0.030,0.450,0.520
883500,0.030,0.461,0.509
884000,0.030,0.455,0.515
884500,0.030,0.490,0.480
885000,0.030,0.522,0.448
885500,0.030,0.483,0.487
886000,0.030,0.454,0.516
886500,0.030,0.538,0.432
887000,0.030,0.454,0.516
887500,0.030,0.591,0.379
888000,0.030,0.495,0.475
888500,0.030,0.546,0.424
889000,0.030,0.583,0.387
889500,0.030,0.581,0.389
890000,0.030,0.427,0.543
890500,0.030,0.479,0.491
891000,0.030,0.534,0.436
891500,0.030,0.597,0.373
892000,0.030,0.533,0.437
892500,0.030,0.481,0.489
893000,0.030,0.610,0.360
893500,0.030,0.483,0.487
894000,0.030,0.424,0.546
894500,0.030,0.548,0.422
895000,0.030,0.438,0.532
895500,0.030,0.431,0.539
896000,0.030,0.453,0.517
896500,0.030,0.496,0.474
897000,0.030,0.568,0.402
897500,0.030,0.367,0.603
898000,0.030,0.380,0.590
898500,0.030,0.529,0.441
899000,0.030,0.452,0.518
899500,0.030,0.712,0.258
900000,0.030,0.539,0.431
900500,0.030,0.724,0.246
901000,0.030,0.329,0.641
901500,0.030,0.514,0.456
902000,0.030,0.569,0.401
902500,0.030,0.669,0.301
903000,0.030,0.476,0.494
903500,0.030,0.410,0.560
904000,0.030,0.518,0.452
904500,0.030,0.429,0.541
905000,0.030,0.541,0.429
905500,0.030,0.475,0.495
906000,0.030,0.434,0.536
906500,0.030,0.694,0.276
907000,0.030,0.438,0.532
907500,0.030,0.450,0.520
908000,0.030,0.455,0.515
908500,0.030,0.585,0.385
909000,0.030,0.476,0.494
909500,0.030,0.376,0.594
910000,0.030,0.413,0.557
910500,0.030,0.419,0.551
911000,0.030,0.442,0.528
911500,0.030,0.447,0.523
912000,0.030,0.489,0.481
912500,0.030,0.351,0.619
913000,0.030,0.444,0.526
913500,0.030,0.484,0.486
914000,0.030,0.632,0.338
914500,0.030,0.495,0.475
915000,0.047,0.290,0.663
915500,0.030,0.335,0.635
916000,0.030,0.604,0.366
916500,0.030,0.602,0.368
917000,0.030,0.634,0.336
917500,0.030,0.426,0.544
918000,0.030,0.457,0.513
918500,0.030,0.533,0.437
919000,0.030,0.491,0.479
919500,0.030,0.454,0.516
920000,0.030,0.513,0.457
920500,0.030,0.421,0.549
921000,0.030,0.620,0.350
921500,0.030,0.574,0.396
922000,0.030,0.469,0.501
922500,0.030,0.468,0.502
923000,0.030,0.588,0.382
923500,0.030,0.561,0.409
924000,0.030,0.609,0.361
924500,0.030,0.612,0.358
925000,0.030,0.451,0.519
925500,0.030,0.448,0.522
926000,0.030,0.378,0.592
926500,0.030,0.478,0.492
927000,0.030,0.565,0.405
927500,0.030,0.376,0.594
928000,0.030,0.423,0.547
928500,0.030,0.634,0.336
929000,0.030,0.443,0.527
929500,0.030,0.543,0.427
930000,0.030,0.524,0.446
930500,0.030,0.408,0.562
931000,0.030,0.485,0.485
931500,0.030,0.540,0.430
932000,0.030,0.567,0.403
932500,0.030,0.354,0.616
933000,0.030,0.448,0.522
933500,0.030,0.490,0.480
934000,0.030,0.623,0.347
934500,0.030,0.438,0.532
935000,0.030,0.349,0.621
935500,0.030,0.487,0.483
936000,0.030,0.442,0.528
936500,0.030,0.623,0.347
937000,0.030,0.518,0.452
937500,0.030,0.472,0.498
938000,0.030,0.544,0.426
938500,0.030,0.440,0.530
939000,0.030,0.544,0.426
939500,0.030,0.441,0.529
940000,0.030,0.354,0.616
940500,0.030,0.639,0.331
941000,0.030,0.660,0.310
941500,0.030,0.487,0.483
942000,0.030,0.337,0.633
942500,0.030,0.514,0.456
943000,0.030,0.615,0.355
943500,0.030,0.527,0.443
944000,0.030,0.568,0.402
944500,0.030,0.505,0.465
945000,0.030,0.561,0.409
945500,0.030,0.486,0.484
946000,0.030,0.621,0.349
946500,0.030,0.434,0.536
947000,0.030,0.538,0.432
947500,0.030,0.532,0.438
948000,0.030,0.304,0.666
948500,0.030,0.434,0.536
949000,0.030,0.482,0.488
949500,0.030,0.552,0.418
950000,0.030,0.436,0.534
950500,0.030,0.380,0.590
951000,0.030,0.507,0.463
951500,0.030,0.206,0.764
952000,0.030,0.549,0.421
952500,0.030,0.509,0.461
953000,0.030,0.417,0.553
953500,0.030,0.480,0.490
954000,0.030,0.440,0.530
954500,0.030,0.622,0.348
955000,0.030,0.542,0.428
955500,0.030,0.637,0.333
956000,0.030,0.745,0.225
956500,0.030,0.448,0.522
957000,0.030,0.601,0.369
957500,0.030,0.443,0.527
958000,0.030,0.467,0.503
958500,0.030,0.401,0.569
959000,0.030,0.347,0.623
959500,0.030,0.635,0.335
960000,0.030,0.580,0.390
960500,0.030,0.644,0.326
961000,0.030,0.419,0.551
961500,0.030,0.520,0.450
962000,0.030,0.522,0.448
962500,0.030,0.535,0.435
963000,0.030,0.473,0.497
963500,0.030,0.538,0.432
964000,0.030,0.627,0.343
964500,0.030,0.594,0.376
965000,0.030,0.405,0.565
965500,0.030,0.446,0.524
966000,0.030,0.307,0.663
966500,0.030,0.515,0.455
967000,0.030,0.520,0.450
967500,0.030,0.279,0.691
968000,0.030,0.468,0.502
968500,0.030,0.440,0.530
969000,0.030,0.370,0.600
969500,0.030,0.541,0.429
970000,0.030,0.511,0.459
970500,0.030,0.438,0.532
971000,0.030,0.522,0.448
971500,0.030,0.505,0.465
972000,0.030,0.522,0.448
972500,0.030,0.467,0.503
973000,0.030,0.572,0.398
973500,0.030,0.375,0.595
974000,0.030,0.643,0.327
974500,0.030,0.636,0.334
975000,0.030,0.619,0.351
975500,0.030,0.487,0.483
976000,0.030,0.525,0.445
976500,0.030,0.482,0.488
977000,0.030,0.615,0.355
977500,0.030,0.613,0.357
978000,0.030,0.666,0.304
978500,0.030,0.620,0.350
979000,0.030,0.509,0.461
979500,0.030,0.475,0.495
980000,0.030,0.562,0.408
980500,0.030,0.341,0.629
981000,0.030,0.401,0.569
981500,0.030,0.536,0.434
982000,0.030,0.562,0.408
982500,0.030,0.426,0.544
983000,0.030,0.598,0.372
983500,0.030,0.554,0.416
984000,0.030,0.672,0.298
984500,0.030,0.411,0.559
985000,0.030,0.538,0.432
985500,0.030,0.551,0.419
986000,0.030,0.441,0.529
986500,0.030,0.299,0.671
987000,0.030,0.448,0.522
987500,0.030,0.498,0.472
988000,0.030,0.572,0.398
988500,0.030,0.539,0.431
989000,0.030,0.329,0.641
989500,0.030,0.685,0.285
990000,0.030,0.664,0.306
990500,0.030,0.452,0.518
991000,0.030,0.468,0.502
991500,0.030,0.566,0.404
992000,0.030,0.687,0.283
992500,0.030,0.531,0.439
993000,0.030,0.592,0.378
993500,0.030,0.464,0.506
994000,0.030,0.510,0.460
994500,0.030,0.695,0.275
995000,0.030,0.419,0.551
995500,0.030,0.570,0.400
996000,0.030,0.484,0.486
996500,0.030,0.687,0.283
997000,0.030,0.497,0.473
997500,0.030,0.511,0.459
998000,0.030,0.510,0.460
998500,0.030,0.680,0.290
999000,0.030,0.627,0.343
999500,0.030,0.546,0.424
1000000,0.030,0.532,0.438
