time,n_A+p,n_B,n_AB
500,0.030,0.764,0.206
1000,0.030,0.597,0.373
1500,0.030,0.499,0.471
2000,0.030,0.505,0.465
2500,0.034,0.365,0.601
3000,0.031,0.353,0.616
3500,0.036,0.440,0.524
4000,0.035,0.465,0.500
4500,0.030,0.351,0.619
5000,0.033,0.435,0.532
5500,0.032,0.519,0.449
6000,0.030,0.410,0.560
6500,0.038,0.333,0.629
7000,0.041,0.342,0.617
7500,0.040,0.385,0.575
8000,0.030,0.494,0.476
8500,0.030,0.507,0.463
9000,0.030,0.566,0.404
9500,0.030,0.514,0.456
10000,0.030,0.501,0.469
10500,0.030,0.542,0.428
11000,0.030,0.489,0.481
11500,0.030,0.497,0.473
12000,0.036,0.405,0.559
12500,0.030,0.393,0.577
13000,0.035,0.368,0.597
13500,0.031,0.348,0.621
14000,0.031,0.405,0.564
14500,0.030,0.480,0.490
15000,0.030,0.469,0.501
15500,0.031,0.454,0.515
16000,0.031,0.463,0.506
16500,0.036,0.456,0.508
17000,0.031,0.464,0.505
17500,0.030,0.542,0.428
18000,0.036,0.439,0.525
18500,0.031,0.383,0.586
19000,0.030,0.488,0.482
19500,0.030,0.448,0.522
20000,0.033,0.440,0.527
20500,0.030,0.419,0.551
21000,0.030,0.452,0.518
21500,0.030,0.471,0.499
22000,0.030,0.443,0.527
22500,0.030,0.508,0.462
23000,0.030,0.490,0.480
23500,0.031,0.453,0.516
24000,0.037,0.368,0.595
24500,0.035,0.410,0.555
25000,0.030,0.409,0.561
25500,0.030,0.425,0.545
26000,0.030,0.497,0.473
26500,0.030,0.484,0.486
27000,0.030,0.446,0.524
27500,0.030,0.481,0.489
28000,0.030,0.540,0.430
28500,0.030,0.604,0.366
29000,0.030,0.526,0.444
29500,0.030,0.465,0.505
30000,0.030,0.490,0.480
30500,0.035,0.465,0.500
31000,0.030,0.532,0.438
31500,0.030,0.488,0.482
32000,0.030,0.540,0.430
32500,0.030,0.475,0.495
33000,0.030,0.417,0.553
33500,0.031,0.450,0.519
34000,0.030,0.513,0.457
34500,0.033,0.415,0.552
35000,0.030,0.516,0.454
35500,0.030,0.500,0.470
36000,0.030,0.502,0.468
36500,0.030,0.416,0.554
37000,0.030,0.420,0.550
37500,0.043,0.351,0.606
38000,0.030,0.469,0.501
38500,0.030,0.495,0.475
39000,0.031,0.425,0.544
39500,0.030,0.443,0.527
40000,0.035,0.447,0.518
40500,0.030,0.556,0.414
41000,0.035,0.554,0.411
41500,0.031,0.450,0.519
42000,0.045,0.407,0.548
42500,0.035,0.329,0.636
43000,0.030,0.427,0.543
43500,0.035,0.429,0.536
44000,0.031,0.464,0.505
44500,0.030,0.515,0.455
45000,0.030,0.485,0.485
45500,0.030,0.478,0.492
46000,0.030,0.507,0.463
46500,0.030,0.508,0.462
47000,0.030,0.474,0.496
47500,0.030,0.475,0.495
48000,0.030,0.413,0.557
48500,0.036,0.519,0.445
49000,0.030,0.435,0.535
49500,0.030,0.386,0.584
50000,0.030,0.409,0.561
50500,0.031,0.398,0.571
51000,0.030,0.434,0.536
51500,0.030,0.460,0.510
52000,0.034,0.381,0.585
52500,0.039,0.406,0.555
53000,0.030,0.407,0.563
53500,0.044,0.454,0.502
54000,0.036,0.467,0.497
54500,0.031,0.448,0.521
55000,0.033,0.419,0.548
55500,0.030,0.411,0.559
56000,0.038,0.383,0.579
56500,0.032,0.419,0.549
57000,0.030,0.471,0.499
57500,0.030,0.420,0.550
58000,0.033,0.381,0.586
58500,0.038,0.423,0.539
59000,0.033,0.370,0.597
59500,0.030,0.478,0.492
60000,0.030,0.481,0.489
60500,0.030,0.459,0.511
61000,0.043,0.418,0.539
61500,0.032,0.423,0.545
62000,0.032,0.511,0.457
62500,0.030,0.483,0.487
63000,0.030,0.363,0.607
63500,0.031,0.411,0.558
64000,0.035,0.458,0.507
64500,0.044,0.349,0.607
65000,0.031,0.442,0.527
65500,0.030,0.489,0.481
66000,0.030,0.499,0.471
66500,0.030,0.586,0.384
67000,0.036,0.526,0.438
67500,0.030,0.522,0.448
68000,0.030,0.413,0.557
68500,0.030,0.448,0.522
69000,0.030,0.526,0.444
69500,0.037,0.457,0.506
70000,0.030,0.452,0.518
70500,0.033,0.386,0.581
71000,0.031,0.468,0.501
71500,0.038,0.303,0.659
72000,0.038,0.411,0.551
72500,0.035,0.341,0.624
73000,0.030,0.410,0.560
73500,0.030,0.533,0.437
74000,0.030,0.524,0.446
74500,0.030,0.483,0.487
75000,0.030,0.439,0.531
75500,0.030,0.446,0.524
76000,0.030,0.446,0.524
76500,0.030,0.540,0.430
77000,0.030,0.560,0.410
77500,0.030,0.522,0.448
78000,0.030,0.525,0.445
78500,0.030,0.495,0.475
79000,0.030,0.374,0.596
79500,0.030,0.448,0.522
80000,0.030,0.474,0.496
80500,0.030,0.511,0.459
81000,0.030,0.503,0.467
81500,0.030,0.466,0.504
82000,0.030,0.530,0.440
82500,0.030,0.518,0.452
83000,0.033,0.420,0.547
83500,0.035,0.402,0.563
84000,0.031,0.437,0.532
84500,0.038,0.400,0.562
85000,0.054,0.333,0.613
85500,0.034,0.403,0.563
86000,0.035,0.320,0.645
86500,0.038,0.465,0.497
87000,0.033,0.489,0.478
87500,0.031,0.366,0.603
88000,0.037,0.312,0.651
88500,0.040,0.352,0.608
89000,0.030,0.563,0.407
89500,0.030,0.446,0.524
90000,0.030,0.486,0.484
90500,0.030,0.448,0.522
91000,0.030,0.532,0.438
91500,0.030,0.524,0.446
92000,0.030,0.425,0.545
92500,0.030,0.472,0.498
93000,0.030,0.432,0.538
93500,0.030,0.435,0.535
94000,0.033,0.427,0.540
94500,0.030,0.474,0.496
95000,0.031,0.438,0.531
95500,0.038,0.365,0.597
96000,0.049,0.356,0.595
96500,0.043,0.368,0.589
97000,0.033,0.383,0.584
97500,0.037,0.478,0.485
98000,0.031,0.537,0.432
98500,0.030,0.498,0.472
99000,0.031,0.503,0.466
99500,0.030,0.546,0.424
100000,0.030,0.532,0.438
100500,0.030,0.536,0.434
101000,0.030,0.552,0.418
101500,0.039,0.480,0.481
102000,0.034,0.450,0.516
102500,0.030,0.467,0.503
103000,0.030,0.430,0.540
103500,0.031,0.497,0.472
104000,0.030,0.541,0.429
104500,0.034,0.455,0.511
105000,0.030,0.416,0.554
105500,0.030,0.409,0.561
106000,0.040,0.446,0.514
106500,0.033,0.494,0.473
107000,0.030,0.519,0.451
107500,0.030,0.498,0.472
108000,0.036,0.478,0.486
108500,0.030,0.467,0.503
109000,0.030,0.437,0.533
109500,0.043,0.416,0.541
110000,0.030,0.509,0.461
110500,0.030,0.444,0.526
111000,0.031,0.433,0.536
111500,0.031,0.439,0.530
112000,0.037,0.509,0.454
112500,0.035,0.382,0.583
113000,0.030,0.509,0.461
113500,0.038,0.442,0.520
114000,0.039,0.436,0.525
114500,0.030,0.403,0.567
115000,0.030,0.450,0.520
115500,0.030,0.428,0.542
116000,0.031,0.483,0.486
116500,0.030,0.435,0.535
117000,0.036,0.430,0.534
117500,0.032,0.448,0.520
118000,0.030,0.527,0.443
118500,0.030,0.539,0.431
119000,0.030,0.522,0.448
119500,0.030,0.455,0.515
120000,0.045,0.400,0.555
120500,0.030,0.527,0.443
121000,0.030,0.573,0.397
121500,0.030,0.593,0.377
122000,0.030,0.458,0.512
122500,0.030,0.396,0.574
123000,0.030,0.413,0.557
123500,0.031,0.429,0.540
124000,0.030,0.483,0.487
124500,0.032,0.486,0.482
125000,0.030,0.512,0.458
125500,0.030,0.436,0.534
126000,0.032,0.372,0.596
126500,0.037,0.324,0.639
127000,0.030,0.443,0.527
127500,0.030,0.471,0.499
128000,0.040,0.382,0.578
128500,0.035,0.288,0.677
129000,0.046,0.355,0.599
129500,0.043,0.302,0.655
130000,0.041,0.308,0.651
130500,0.059,0.289,0.652
131000,0.036,0.417,0.547
131500,0.031,0.419,0.550
132000,0.030,0.486,0.484
132500,0.033,0.521,0.446
133000,0.030,0.479,0.491
133500,0.033,0.449,0.518
134000,0.041,0.376,0.583
134500,0.055,0.385,0.560
135000,0.048,0.361,0.591
135500,0.034,0.390,0.576
136000,0.033,0.394,0.573
136500,0.038,0.401,0.561
137000,0.030,0.437,0.533
137500,0.030,0.423,0.547
138000,0.030,0.417,0.553
138500,0.031,0.446,0.523
139000,0.030,0.426,0.544
139500,0.030,0.521,0.449
140000,0.030,0.637,0.333
140500,0.030,0.617,0.353
141000,0.030,0.575,0.395
141500,0.030,0.498,0.472
142000,0.030,0.479,0.491
142500,0.030,0.452,0.518
143000,0.030,0.508,0.462
143500,0.030,0.493,0.477
144000,0.030,0.510,0.460
144500,0.030,0.536,0.434
145000,0.030,0.484,0.486
145500,0.030,0.513,0.457
146000,0.030,0.499,0.471
146500,0.030,0.527,0.443
147000,0.030,0.461,0.509
147500,0.030,0.468,0.502
148000,0.032,0.427,0.541
148500,0.030,0.491,0.479
149000,0.030,0.497,0.473
149500,0.030,0.500,0.470
150000,0.030,0.507,0.463
150500,0.030,0.446,0.524
151000,0.030,0.497,0.473
151500,0.030,0.412,0.558
152000,0.030,0.455,0.515
152500,0.030,0.567,0.403
153000,0.030,0.501,0.469
153500,0.030,0.436,0.534
154000,0.030,0.440,0.530
154500,0.030,0.485,0.485
155000,0.030,0.576,0.394
155500,0.030,0.569,0.401
156000,0.030,0.482,0.488
156500,0.030,0.468,0.502
157000,0.030,0.474,0.496
157500,0.030,0.463,0.507
158000,0.034,0.396,0.570
158500,0.030,0.457,0.513
159000,0.035,0.476,0.489
159500,0.038,0.420,0.542
160000,0.031,0.436,0.533
160500,0.031,0.476,0.493
161000,0.030,0.406,0.564
161500,0.030,0.491,0.479
162000,0.030,0.546,0.424
162500,0.030,0.526,0.444
163000,0.030,0.505,0.465
163500,0.035,0.495,0.470
164000,0.033,0.419,0.548
164500,0.035,0.460,0.505
165000,0.030,0.509,0.461
165500,0.034,0.476,0.490
166000,0.030,0.419,0.551
166500,0.030,0.436,0.534
167000,0.030,0.422,0.548
167500,0.030,0.557,0.413
168000,0.030,0.557,0.413
168500,0.030,0.504,0.466
169000,0.030,0.467,0.503
169500,0.040,0.392,0.568
170000,0.030,0.385,0.585
170500,0.030,0.439,0.531
171000,0.030,0.460,0.510
171500,0.030,0.512,0.458
172000,0.030,0.384,0.586
172500,0.033,0.403,0.564
173000,0.031,0.377,0.592
173500,0.038,0.373,0.589
174000,0.037,0.451,0.512
174500,0.030,0.481,0.489
175000,0.030,0.539,0.431
175500,0.030,0.497,0.473
176000,0.030,0.441,0.529
176500,0.030,0.585,0.385
177000,0.030,0.538,0.432
177500,0.030,0.553,0.417
178000,0.030,0.530,0.440
178500,0.030,0.545,0.425
179000,0.030,0.543,0.427
179500,0.030,0.481,0.489
180000,0.030,0.583,0.387
180500,0.030,0.554,0.416
181000,0.030,0.497,0.473
181500,0.033,0.452,0.515
182000,0.040,0.392,0.568
182500,0.033,0.430,0.537
183000,0.030,0.502,0.468
183500,0.036,0.391,0.573
184000,0.049,0.331,0.620
184500,0.048,0.378,0.574
185000,0.032,0.355,0.613
185500,0.037,0.387,0.576
186000,0.038,0.356,0.606
186500,0.031,0.533,0.436
187000,0.030,0.463,0.507
187500,0.030,0.497,0.473
188000,0.030,0.508,0.462
188500,0.033,0.473,0.494
189000,0.030,0.402,0.568
189500,0.030,0.420,0.550
190000,0.030,0.405,0.565
190500,0.030,0.479,0.491
191000,0.030,0.430,0.540
191500,0.030,0.372,0.598
192000,0.033,0.420,0.547
192500,0.030,0.427,0.543
193000,0.037,0.353,0.610
193500,0.035,0.388,0.577
194000,0.031,0.426,0.543
194500,0.030,0.442,0.528
195000,0.030,0.392,0.578
195500,0.030,0.458,0.512
196000,0.030,0.422,0.548
196500,0.047,0.476,0.477
197000,0.030,0.503,0.467
197500,0.030,0.513,0.457
198000,0.030,0.437,0.533
198500,0.030,0.425,0.545
199000,0.036,0.471,0.493
199500,0.032,0.459,0.509
200000,0.030,0.412,0.558
200500,0.038,0.401,0.561
201000,0.031,0.391,0.578
201500,0.030,0.501,0.469
202000,0.038,0.422,0.540
202500,0.040,0.407,0.553
203000,0.030,0.537,0.433
203500,0.035,0.498,0.467
204000,0.031,0.457,0.512
204500,0.030,0.475,0.495
205000,0.031,0.488,0.481
205500,0.031,0.487,0.482
206000,0.030,0.472,0.498
206500,0.030,0.405,0.565
207000,0.036,0.372,0.592
207500,0.032,0.325,0.643
208000,0.031,0.490,0.479
208500,0.035,0.397,0.568
209000,0.030,0.468,0.502
209500,0.030,0.437,0.533
210000,0.030,0.491,0.479
210500,0.030,0.450,0.520
211000,0.030,0.492,0.478
211500,0.030,0.470,0.500
212000,0.030,0.464,0.506
212500,0.030,0.446,0.524
213000,0.031,0.466,0.503
213500,0.030,0.482,0.488
214000,0.031,0.441,0.528
214500,0.030,0.468,0.502
215000,0.030,0.504,0.466
215500,0.030,0.375,0.595
216000,0.044,0.443,0.513
216500,0.030,0.377,0.593
217000,0.041,0.307,0.652
217500,0.037,0.433,0.530
218000,0.031,0.420,0.549
218500,0.030,0.405,0.565
219000,0.030,0.454,0.516
219500,0.030,0.521,0.449
220000,0.033,0.500,0.467
220500,0.030,0.505,0.465
221000,0.030,0.492,0.478
221500,0.030,0.412,0.558
222000,0.032,0.408,0.560
222500,0.031,0.406,0.563
223000,0.030,0.457,0.513
223500,0.035,0.374,0.591
224000,0.032,0.429,0.539
224500,0.031,0.431,0.538
225000,0.030,0.436,0.534
225500,0.031,0.426,0.543
226000,0.031,0.398,0.571
226500,0.030,0.448,0.522
227000,0.031,0.405,0.564
227500,0.030,0.465,0.505
228000,0.031,0.457,0.512
228500,0.033,0.423,0.544
229000,0.031,0.436,0.533
229500,0.031,0.441,0.528
230000,0.030,0.410,0.560
230500,0.030,0.479,0.491
231000,0.030,0.496,0.474
231500,0.030,0.572,0.398
232000,0.030,0.574,0.396
232500,0.030,0.443,0.527
233000,0.030,0.476,0.494
233500,0.031,0.455,0.514
234000,0.030,0.449,0.521
234500,0.030,0.429,0.541
235000,0.038,0.464,0.498
235500,0.032,0.440,0.528
236000,0.032,0.419,0.549
236500,0.030,0.517,0.453
237000,0.031,0.540,0.429
237500,0.030,0.437,0.533
238000,0.030,0.470,0.500
238500,0.030,0.488,0.482
239000,0.030,0.443,0.527
239500,0.030,0.517,0.453
240000,0.030,0.508,0.462
240500,0.030,0.401,0.569
241000,0.030,0.446,0.524
241500,0.030,0.396,0.574
242000,0.030,0.534,0.436
242500,0.030,0.483,0.487
243000,0.030,0.510,0.460
243500,0.030,0.524,0.446
244000,0.030,0.522,0.448
244500,0.038,0.472,0.490
245000,0.030,0.515,0.455
245500,0.035,0.476,0.489
246000,0.034,0.443,0.523
246500,0.041,0.415,0.544
247000,0.031,0.452,0.517
247500,0.030,0.498,0.472
248000,0.030,0.545,0.425
248500,0.030,0.485,0.485
249000,0.038,0.487,0.475
249500,0.033,0.437,0.530
250000,0.031,0.478,0.491
250500,0.031,0.482,0.487
251000,0.030,0.492,0.478
251500,0.030,0.547,0.423
252000,0.030,0.528,0.442
252500,0.030,0.411,0.559
253000,0.030,0.441,0.529
253500,0.032,0.410,0.558
254000,0.030,0.425,0.545
254500,0.030,0.423,0.547
255000,0.033,0.538,0.429
255500,0.031,0.548,0.421
256000,0.030,0.638,0.332
256500,0.030,0.526,0.444
257000,0.030,0.592,0.378
257500,0.030,0.465,0.505
258000,0.030,0.640,0.330
258500,0.030,0.591,0.379
259000,0.030,0.481,0.489
259500,0.030,0.508,0.462
260000,0.030,0.520,0.450
260500,0.031,0.464,0.505
261000,0.034,0.382,0.584
261500,0.038,0.424,0.538
262000,0.032,0.525,0.443
262500,0.030,0.556,0.414
263000,0.030,0.548,0.422
263500,0.030,0.473,0.497
264000,0.050,0.410,0.540
264500,0.031,0.406,0.563
265000,0.030,0.386,0.584
265500,0.030,0.459,0.511
266000,0.035,0.474,0.491
266500,0.030,0.455,0.515
267000,0.030,0.521,0.449
267500,0.030,0.524,0.446
268000,0.031,0.516,0.453
268500,0.030,0.576,0.394
269000,0.030,0.508,0.462
269500,0.030,0.466,0.504
270000,0.044,0.380,0.576
270500,0.032,0.332,0.636
271000,0.032,0.447,0.521
271500,0.032,0.464,0.504
272000,0.030,0.484,0.486
272500,0.030,0.463,0.507
273000,0.030,0.457,0.513
273500,0.030,0.444,0.526
274000,0.039,0.410,0.551
274500,0.031,0.399,0.570
275000,0.030,0.479,0.491
275500,0.030,0.494,0.476
276000,0.030,0.517,0.453
276500,0.030,0.559,0.411
277000,0.030,0.603,0.367
277500,0.030,0.622,0.348
278000,0.030,0.565,0.405
278500,0.030,0.497,0.473
279000,0.037,0.417,0.546
279500,0.034,0.453,0.513
280000,0.037,0.432,0.531
280500,0.032,0.486,0.482
281000,0.030,0.514,0.456
281500,0.030,0.433,0.537
282000,0.030,0.538,0.432
282500,0.030,0.488,0.482
283000,0.030,0.528,0.442
283500,0.030,0.530,0.440
284000,0.030,0.525,0.445
284500,0.034,0.409,0.557
285000,0.032,0.424,0.544
285500,0.030,0.433,0.537
286000,0.033,0.411,0.556
286500,0.031,0.428,0.541
287000,0.031,0.427,0.542
287500,0.030,0.457,0.513
288000,0.030,0.466,0.504
288500,0.031,0.452,0.517
289000,0.039,0.513,0.448
289500,0.030,0.466,0.504
290000,0.032,0.390,0.578
290500,0.035,0.392,0.573
291000,0.055,0.284,0.661
291500,0.045,0.273,0.682
292000,0.030,0.317,0.653
292500,0.034,0.392,0.574
293000,0.030,0.395,0.575
293500,0.036,0.505,0.459
294000,0.032,0.387,0.581
294500,0.030,0.430,0.540
295000,0.030,0.538,0.432
295500,0.032,0.429,0.539
296000,0.034,0.356,0.610
296500,0.030,0.532,0.438
297000,0.030,0.517,0.453
297500,0.030,0.479,0.491
298000,0.030,0.444,0.526
298500,0.030,0.468,0.502
299000,0.030,0.575,0.395
299500,0.030,0.520,0.450
300000,0.036,0.528,0.436
300500,0.041,0.412,0.547
301000,0.030,0.449,0.521
301500,0.030,0.498,0.472
302000,0.034,0.541,0.425
302500,0.030,0.538,0.432
303000,0.035,0.473,0.492
303500,0.030,0.440,0.530
304000,0.030,0.432,0.538
304500,0.047,0.306,0.647
305000,0.030,0.475,0.495
305500,0.035,0.469,0.496
306000,0.030,0.536,0.434
306500,0.030,0.501,0.469
307000,0.030,0.542,0.428
307500,0.032,0.417,0.551
308000,0.030,0.411,0.559
308500,0.032,0.454,0.514
309000,0.036,0.392,0.572
309500,0.038,0.424,0.538
310000,0.031,0.421,0.548
310500,0.041,0.398,0.561
311000,0.041,0.455,0.504
311500,0.031,0.469,0.500
312000,0.031,0.375,0.594
312500,0.030,0.513,0.457
313000,0.030,0.461,0.509
313500,0.030,0.407,0.563
314000,0.030,0.444,0.526
314500,0.030,0.535,0.435
315000,0.030,0.560,0.410
315500,0.030,0.605,0.365
316000,0.030,0.534,0.436
316500,0.034,0.493,0.473
317000,0.037,0.451,0.512
317500,0.036,0.431,0.533
318000,0.030,0.401,0.569
318500,0.037,0.468,0.495
319000,0.030,0.439,0.531
319500,0.030,0.499,0.471
320000,0.030,0.432,0.538
320500,0.030,0.558,0.412
321000,0.030,0.391,0.579
321500,0.039,0.399,0.562
322000,0.030,0.488,0.482
322500,0.030,0.537,0.433
323000,0.038,0.444,0.518
323500,0.030,0.418,0.552
324000,0.041,0.377,0.582
324500,0.030,0.444,0.526
325000,0.030,0.430,0.540
325500,0.034,0.465,0.501
326000,0.031,0.455,0.514
326500,0.035,0.428,0.537
327000,0.030,0.462,0.508
327500,0.032,0.399,0.569
328000,0.030,0.463,0.507
328500,0.030,0.466,0.504
329000,0.030,0.428,0.542
329500,0.030,0.449,0.521
330000,0.030,0.458,0.512
330500,0.030,0.485,0.485
331000,0.030,0.419,0.551
331500,0.030,0.471,0.499
332000,0.030,0.410,0.560
332500,0.036,0.412,0.552
333000,0.031,0.419,0.550
333500,0.040,0.476,0.484
334000,0.032,0.414,0.554
334500,0.030,0.546,0.424
335000,0.030,0.524,0.446
335500,0.030,0.462,0.508
336000,0.030,0.470,0.500
336500,0.030,0.452,0.518
337000,0.030,0.421,0.549
337500,0.030,0.430,0.540
338000,0.030,0.488,0.482
338500,0.034,0.361,0.605
339000,0.032,0.374,0.594
339500,0.030,0.543,0.427
340000,0.030,0.461,0.509
340500,0.030,0.473,0.497
341000,0.030,0.459,0.511
341500,0.030,0.421,0.549
342000,0.042,0.451,0.507
342500,0.030,0.467,0.503
343000,0.030,0.407,0.563
343500,0.033,0.325,0.642
344000,0.034,0.382,0.584
344500,0.030,0.489,0.481
345000,0.031,0.487,0.482
345500,0.031,0.393,0.576
346000,0.030,0.360,0.610
346500,0.037,0.410,0.553
347000,0.034,0.478,0.488
347500,0.030,0.521,0.449
348000,0.030,0.578,0.392
348500,0.030,0.542,0.428
349000,0.031,0.540,0.429
349500,0.030,0.556,0.414
350000,0.030,0.520,0.450
350500,0.030,0.441,0.529
351000,0.034,0.441,0.525
351500,0.030,0.447,0.523
352000,0.039,0.382,0.579
352500,0.043,0.360,0.597
353000,0.031,0.382,0.587
353500,0.043,0.442,0.515
354000,0.032,0.430,0.538
354500,0.031,0.489,0.480
355000,0.030,0.431,0.539
355500,0.030,0.430,0.540
356000,0.031,0.457,0.512
356500,0.030,0.519,0.451
357000,0.030,0.482,0.488
357500,0.030,0.441,0.529
358000,0.032,0.532,0.436
358500,0.030,0.541,0.429
359000,0.030,0.542,0.428
359500,0.030,0.384,0.586
360000,0.030,0.407,0.563
360500,0.035,0.346,0.619
361000,0.034,0.376,0.590
361500,0.032,0.467,0.501
362000,0.030,0.357,0.613
362500,0.047,0.327,0.626
363000,0.032,0.393,0.575
363500,0.034,0.446,0.520
364000,0.030,0.450,0.520
364500,0.037,0.451,0.512
365000,0.032,0.464,0.504
365500,0.039,0.417,0.544
366000,0.035,0.421,0.544
366500,0.030,0.431,0.539
367000,0.030,0.509,0.461
367500,0.030,0.446,0.524
368000,0.030,0.445,0.525
368500,0.030,0.498,0.472
369000,0.030,0.470,0.500
369500,0.030,0.448,0.522
370000,0.036,0.425,0.539
370500,0.039,0.388,0.573
371000,0.032,0.487,0.481
371500,0.031,0.490,0.479
372000,0.030,0.443,0.527
372500,0.030,0.454,0.516
373000,0.030,0.473,0.497
373500,0.030,0.512,0.458
374000,0.030,0.493,0.477
374500,0.030,0.528,0.442
375000,0.030,0.522,0.448
375500,0.030,0.567,0.403
376000,0.030,0.519,0.451
376500,0.030,0.487,0.483
377000,0.034,0.457,0.509
377500,0.030,0.465,0.505
378000,0.030,0.483,0.487
378500,0.035,0.437,0.528
379000,0.030,0.475,0.495
379500,0.030,0.439,0.531
380000,0.031,0.500,0.469
380500,0.036,0.391,0.573
381000,0.040,0.342,0.618
381500,0.036,0.350,0.614
382000,0.039,0.469,0.492
382500,0.030,0.472,0.498
383000,0.034,0.517,0.449
383500,0.030,0.456,0.514
384000,0.030,0.485,0.485
384500,0.031,0.478,0.491
385000,0.030,0.472,0.498
385500,0.030,0.535,0.435
386000,0.030,0.452,0.518
386500,0.030,0.546,0.424
387000,0.030,0.547,0.423
387500,0.030,0.451,0.519
388000,0.030,0.562,0.408
388500,0.030,0.560,0.410
389000,0.030,0.520,0.450
389500,0.030,0.522,0.448
390000,0.030,0.550,0.420
390500,0.030,0.511,0.459
391000,0.030,0.441,0.529
391500,0.030,0.485,0.485
392000,0.030,0.425,0.545
392500,0.034,0.428,0.538
393000,0.032,0.389,0.579
393500,0.030,0.405,0.565
394000,0.030,0.405,0.565
394500,0.030,0.489,0.481
395000,0.030,0.534,0.436
395500,0.030,0.556,0.414
396000,0.030,0.460,0.510
396500,0.030,0.543,0.427
397000,0.030,0.525,0.445
397500,0.030,0.556,0.414
398000,0.030,0.578,0.392
398500,0.031,0.544,0.425
399000,0.031,0.535,0.434
399500,0.030,0.533,0.437
400000,0.030,0.492,0.478
400500,0.030,0.510,0.460
401000,0.030,0.538,0.432
401500,0.033,0.490,0.477
402000,0.030,0.417,0.553
402500,0.041,0.324,0.635
403000,0.030,0.374,0.596
403500,0.036,0.333,0.631
404000,0.030,0.366,0.604
404500,0.030,0.441,0.529
405000,0.040,0.405,0.555
405500,0.034,0.466,0.500
406000,0.030,0.449,0.521
406500,0.030,0.411,0.559
407000,0.030,0.507,0.463
407500,0.030,0.408,0.562
408000,0.030,0.468,0.502
408500,0.040,0.381,0.579
409000,0.031,0.354,0.615
409500,0.030,0.477,0.493
410000,0.030,0.435,0.535
410500,0.030,0.433,0.537
411000,0.030,0.459,0.511
411500,0.030,0.489,0.481
412000,0.037,0.433,0.530
412500,0.031,0.428,0.541
413000,0.030,0.428,0.542
413500,0.043,0.421,0.536
414000,0.032,0.457,0.511
414500,0.030,0.356,0.614
415000,0.030,0.406,0.564
415500,0.038,0.429,0.533
416000,0.031,0.485,0.484
416500,0.030,0.558,0.412
417000,0.030,0.558,0.412
417500,0.030,0.546,0.424
418000,0.037,0.534,0.429
418500,0.030,0.502,0.468
419000,0.030,0.456,0.514
419500,0.030,0.473,0.497
420000,0.030,0.402,0.568
420500,0.031,0.408,0.561
421000,0.030,0.451,0.519
421500,0.038,0.437,0.525
422000,0.030,0.392,0.578
422500,0.045,0.336,0.619
423000,0.030,0.461,0.509
423500,0.030,0.467,0.503
424000,0.030,0.413,0.557
424500,0.030,0.500,0.470
425000,0.030,0.527,0.443
425500,0.030,0.453,0.517
426000,0.030,0.536,0.434
426500,0.030,0.458,0.512
427000,0.030,0.457,0.513
427500,0.030,0.448,0.522
428000,0.030,0.492,0.478
428500,0.032,0.487,0.481
429000,0.030,0.465,0.505
429500,0.032,0.417,0.551
430000,0.040,0.444,0.516
430500,0.036,0.445,0.519
431000,0.032,0.429,0.539
431500,0.030,0.492,0.478
432000,0.030,0.581,0.389
432500,0.030,0.482,0.488
433000,0.030,0.510,0.460
433500,0.030,0.419,0.551
434000,0.030,0.495,0.475
434500,0.038,0.410,0.552
435000,0.031,0.433,0.536
435500,0.040,0.407,0.553
436000,0.031,0.504,0.465
436500,0.030,0.433,0.537
437000,0.030,0.486,0.484
437500,0.032,0.435,0.533
438000,0.031,0.464,0.505
438500,0.030,0.465,0.505
439000,0.030,0.513,0.457
439500,0.030,0.439,0.531
440000,0.043,0.371,0.586
440500,0.043,0.319,0.638
441000,0.034,0.336,0.630
441500,0.035,0.447,0.518
442000,0.030,0.485,0.485
442500,0.030,0.422,0.548
443000,0.030,0.420,0.550
443500,0.030,0.462,0.508
444000,0.030,0.498,0.472
444500,0.030,0.481,0.489
445000,0.030,0.416,0.554
445500,0.038,0.382,0.580
446000,0.035,0.359,0.606
446500,0.041,0.409,0.550
447000,0.036,0.346,0.618
447500,0.030,0.453,0.517
448000,0.032,0.440,0.528
448500,0.030,0.441,0.529
449000,0.030,0.554,0.416
449500,0.030,0.432,0.538
450000,0.030,0.459,0.511
450500,0.030,0.464,0.506
451000,0.035,0.434,0.531
451500,0.037,0.445,0.518
452000,0.040,0.410,0.550
452500,0.033,0.410,0.557
453000,0.030,0.541,0.429
453500,0.030,0.490,0.480
454000,0.030,0.461,0.509
454500,0.035,0.467,0.498
455000,0.030,0.489,0.481
455500,0.030,0.509,0.461
456000,0.030,0.510,0.460
456500,0.030,0.475,0.495
457000,0.030,0.527,0.443
457500,0.034,0.417,0.549
458000,0.031,0.385,0.584
458500,0.030,0.475,0.495
459000,0.030,0.505,0.465
459500,0.030,0.498,0.472
460000,0.030,0.501,0.469
460500,0.030,0.457,0.513
461000,0.030,0.522,0.448
461500,0.033,0.477,0.490
462000,0.030,0.413,0.557
462500,0.030,0.398,0.572
463000,0.030,0.446,0.524
463500,0.030,0.571,0.399
464000,0.030,0.572,0.398
464500,0.033,0.469,0.498
465000,0.030,0.458,0.512
465500,0.030,0.501,0.469
466000,0.030,0.445,0.525
466500,0.033,0.409,0.558
467000,0.035,0.443,0.522
467500,0.031,0.456,0.513
468000,0.030,0.480,0.490
468500,0.037,0.451,0.512
469000,0.030,0.438,0.532
469500,0.030,0.419,0.551
470000,0.034,0.519,0.447
470500,0.037,0.437,0.526
471000,0.030,0.524,0.446
471500,0.030,0.535,0.435
472000,0.030,0.485,0.485
472500,0.032,0.388,0.580
473000,0.031,0.425,0.544
473500,0.030,0.482,0.488
474000,0.030,0.488,0.482
474500,0.030,0.396,0.574
475000,0.030,0.473,0.497
475500,0.030,0.548,0.422
476000,0.030,0.491,0.479
476500,0.030,0.456,0.514
477000,0.030,0.544,0.426
477500,0.030,0.496,0.474
478000,0.030,0.512,0.458
478500,0.034,0.485,0.481
479000,0.030,0.518,0.452
479500,0.030,0.526,0.444
480000,0.030,0.494,0.476
480500,0.030,0.509,0.461
481000,0.037,0.415,0.548
481500,0.030,0.409,0.561
482000,0.035,0.376,0.589
482500,0.039,0.409,0.552
483000,0.030,0.417,0.553
483500,0.030,0.481,0.489
484000,0.032,0.432,0.536
484500,0.033,0.413,0.554
485000,0.031,0.378,0.591
485500,0.030,0.403,0.567
486000,0.030,0.388,0.582
486500,0.030,0.439,0.531
487000,0.031,0.410,0.559
487500,0.030,0.440,0.530
488000,0.030,0.488,0.482
488500,0.030,0.469,0.501
489000,0.030,0.532,0.438
489500,0.030,0.458,0.512
490000,0.032,0.460,0.508
490500,0.030,0.474,0.496
491000,0.030,0.583,0.387
491500,0.030,0.523,0.447
492000,0.030,0.533,0.437
492500,0.036,0.477,0.487
493000,0.030,0.493,0.477
493500,0.036,0.432,0.532
494000,0.036,0.439,0.525
494500,0.033,0.407,0.560
495000,0.030,0.440,0.530
495500,0.032,0.434,0.534
496000,0.030,0.409,0.561
496500,0.030,0.511,0.459
497000,0.030,0.497,0.473
497500,0.034,0.476,0.490
498000,0.030,0.442,0.528
498500,0.031,0.413,0.556
499000,0.041,0.373,0.586
499500,0.047,0.302,0.651
500000,0.044,0.344,0.612
500500,0.050,0.308,0.642
501000,0.054,0.297,0.649
501500,0.031,0.403,0.566
502000,0.036,0.461,0.503
502500,0.031,0.417,0.552
503000,0.030,0.468,0.502
503500,0.033,0.485,0.482
504000,0.030,0.550,0.420
504500,0.030,0.460,0.510
505000,0.030,0.446,0.524
505500,0.031,0.473,0.496
506000,0.039,0.423,0.538
506500,0.036,0.499,0.465
507000,0.030,0.482,0.488
507500,0.030,0.404,0.566
508000,0.030,0.469,0.501
508500,0.033,0.523,0.444
509000,0.031,0.513,0.456
509500,0.033,0.407,0.560
510000,0.036,0.431,0.533
510500,0.032,0.476,0.492
511000,0.030,0.479,0.491
511500,0.030,0.466,0.504
512000,0.030,0.462,0.508
512500,0.030,0.513,0.457
513000,0.030,0.449,0.521
513500,0.030,0.488,0.482
514000,0.030,0.489,0.481
514500,0.039,0.471,0.490
515000,0.031,0.468,0.501
515500,0.030,0.547,0.423
516000,0.030,0.438,0.532
516500,0.039,0.411,0.550
517000,0.032,0.410,0.558
517500,0.033,0.440,0.527
518000,0.036,0.405,0.559
518500,0.030,0.453,0.517
519000,0.030,0.469,0.501
519500,0.030,0.487,0.483
520000,0.030,0.488,0.482
520500,0.030,0.476,0.494
521000,0.030,0.449,0.521
521500,0.030,0.515,0.455
522000,0.030,0.522,0.448
522500,0.030,0.544,0.426
523000,0.030,0.522,0.448
523500,0.038,0.460,0.502
524000,0.030,0.525,0.445
524500,0.033,0.442,0.525
525000,0.031,0.502,0.467
525500,0.037,0.424,0.539
526000,0.030,0.462,0.508
526500,0.030,0.406,0.564
527000,0.042,0.420,0.538
527500,0.036,0.469,0.495
528000,0.030,0.481,0.489
528500,0.030,0.467,0.503
529000,0.037,0.389,0.574
529500,0.030,0.488,0.482
530000,0.030,0.438,0.532
530500,0.030,0.536,0.434
531000,0.030,0.539,0.431
531500,0.030,0.507,0.463
532000,0.032,0.416,0.552
532500,0.032,0.402,0.566
533000,0.044,0.344,0.612
533500,0.032,0.427,0.541
534000,0.036,0.337,0.627
534500,0.045,0.290,0.665
535000,0.050,0.330,0.620
535500,0.045,0.390,0.565
536000,0.033,0.431,0.536
536500,0.031,0.337,0.632
537000,0.031,0.332,0.637
537500,0.050,0.344,0.606
538000,0.036,0.355,0.609
538500,0.041,0.409,0.550
539000,0.033,0.415,0.552
539500,0.030,0.467,0.503
540000,0.030,0.430,0.540
540500,0.030,0.503,0.467
541000,0.030,0.526,0.444
541500,0.030,0.494,0.476
542000,0.038,0.431,0.531
542500,0.030,0.485,0.485
543000,0.030,0.446,0.524
543500,0.030,0.551,0.419
544000,0.030,0.549,0.421
544500,0.033,0.480,0.487
545000,0.030,0.418,0.552
545500,0.030,0.379,0.591
546000,0.031,0.409,0.560
546500,0.037,0.398,0.565
547000,0.041,0.395,0.564
547500,0.041,0.402,0.557
548000,0.055,0.379,0.566
548500,0.039,0.370,0.591
549000,0.030,0.432,0.538
549500,0.030,0.451,0.519
550000,0.030,0.461,0.509
550500,0.034,0.468,0.498
551000,0.033,0.455,0.512
551500,0.031,0.518,0.451
552000,0.033,0.369,0.598
552500,0.048,0.379,0.573
553000,0.030,0.420,0.550
553500,0.041,0.470,0.489
554000,0.032,0.526,0.442
554500,0.030,0.456,0.514
555000,0.030,0.449,0.521
555500,0.030,0.447,0.523
556000,0.030,0.468,0.502
556500,0.030,0.504,0.466
557000,0.030,0.530,0.440
557500,0.034,0.417,0.549
558000,0.033,0.391,0.576
558500,0.039,0.367,0.594
559000,0.032,0.349,0.619
559500,0.030,0.395,0.575
560000,0.040,0.449,0.511
560500,0.030,0.458,0.512
561000,0.030,0.552,0.418
561500,0.030,0.483,0.487
562000,0.030,0.553,0.417
562500,0.030,0.466,0.504
563000,0.030,0.408,0.562
563500,0.030,0.417,0.553
564000,0.034,0.451,0.515
564500,0.038,0.430,0.532
565000,0.037,0.401,0.562
565500,0.030,0.507,0.463
566000,0.030,0.413,0.557
566500,0.030,0.404,0.566
567000,0.030,0.418,0.552
567500,0.035,0.417,0.548
568000,0.032,0.464,0.504
568500,0.030,0.451,0.519
569000,0.030,0.467,0.503
569500,0.030,0.521,0.449
570000,0.030,0.559,0.411
570500,0.030,0.607,0.363
571000,0.030,0.589,0.381
571500,0.030,0.496,0.474
572000,0.030,0.472,0.498
572500,0.030,0.440,0.530
573000,0.035,0.391,0.574
573500,0.034,0.374,0.592
574000,0.036,0.409,0.555
574500,0.030,0.459,0.511
575000,0.030,0.528,0.442
575500,0.030,0.518,0.452
576000,0.031,0.462,0.507
576500,0.030,0.428,0.542
577000,0.030,0.464,0.506
577500,0.030,0.461,0.509
578000,0.033,0.451,0.516
578500,0.030,0.396,0.574
579000,0.030,0.444,0.526
579500,0.030,0.425,0.545
580000,0.039,0.449,0.512
580500,0.031,0.447,0.522
581000,0.030,0.479,0.491
581500,0.033,0.388,0.579
582000,0.033,0.465,0.502
582500,0.030,0.481,0.489
583000,0.030,0.458,0.512
583500,0.030,0.432,0.538
584000,0.036,0.425,0.539
584500,0.035,0.343,0.622
585000,0.036,0.402,0.562
585500,0.030,0.544,0.426
586000,0.030,0.499,0.471
586500,0.034,0.425,0.541
587000,0.035,0.393,0.572
587500,0.033,0.388,0.579
588000,0.045,0.470,0.485
588500,0.036,0.493,0.471
589000,0.037,0.464,0.499
589500,0.030,0.578,0.392
590000,0.030,0.545,0.425
590500,0.030,0.542,0.428
591000,0.030,0.552,0.418
591500,0.030,0.490,0.480
592000,0.030,0.479,0.491
592500,0.030,0.472,0.498
593000,0.030,0.540,0.430
593500,0.030,0.554,0.416
594000,0.032,0.450,0.518
594500,0.032,0.413,0.555
595000,0.038,0.433,0.529
595500,0.031,0.454,0.515
596000,0.030,0.472,0.498
596500,0.030,0.368,0.602
597000,0.030,0.450,0.520
597500,0.040,0.534,0.426
598000,0.036,0.400,0.564
598500,0.035,0.387,0.578
599000,0.050,0.360,0.590
599500,0.038,0.348,0.614
600000,0.032,0.415,0.553
600500,0.045,0.344,0.611
601000,0.040,0.364,0.596
601500,0.043,0.378,0.579
602000,0.034,0.376,0.590
602500,0.038,0.427,0.535
603000,0.032,0.420,0.548
603500,0.032,0.455,0.513
604000,0.035,0.423,0.542
604500,0.030,0.507,0.463
605000,0.044,0.471,0.485
605500,0.031,0.412,0.557
606000,0.034,0.416,0.550
606500,0.041,0.391,0.568
607000,0.032,0.427,0.541
607500,0.032,0.392,0.576
608000,0.030,0.364,0.606
608500,0.042,0.373,0.585
609000,0.038,0.352,0.610
609500,0.032,0.512,0.456
610000,0.030,0.480,0.490
610500,0.030,0.472,0.498
611000,0.030,0.535,0.435
611500,0.030,0.510,0.460
612000,0.035,0.405,0.560
612500,0.043,0.407,0.550
613000,0.031,0.429,0.540
613500,0.030,0.477,0.493
614000,0.030,0.498,0.472
614500,0.038,0.385,0.577
615000,0.030,0.499,0.471
615500,0.030,0.521,0.449
616000,0.030,0.484,0.486
616500,0.030,0.544,0.426
617000,0.030,0.514,0.456
617500,0.030,0.494,0.476
618000,0.030,0.444,0.526
618500,0.030,0.446,0.524
619000,0.032,0.451,0.517
619500,0.030,0.455,0.515
620000,0.030,0.561,0.409
620500,0.030,0.407,0.563
621000,0.030,0.478,0.492
621500,0.030,0.481,0.489
622000,0.031,0.311,0.658
622500,0.032,0.405,0.563
623000,0.033,0.379,0.588
623500,0.030,0.399,0.571
624000,0.030,0.438,0.532
624500,0.030,0.445,0.525
625000,0.035,0.424,0.541
625500,0.030,0.434,0.536
626000,0.030,0.493,0.477
626500,0.032,0.439,0.529
627000,0.036,0.422,0.542
627500,0.033,0.385,0.582
628000,0.040,0.359,0.601
628500,0.034,0.409,0.557
629000,0.036,0.440,0.524
629500,0.040,0.508,0.452
630000,0.032,0.371,0.597
630500,0.036,0.370,0.594
631000,0.032,0.477,0.491
631500,0.031,0.415,0.554
632000,0.037,0.410,0.553
632500,0.030,0.486,0.484
633000,0.035,0.444,0.521
633500,0.031,0.433,0.536
634000,0.030,0.452,0.518
634500,0.030,0.421,0.549
635000,0.030,0.499,0.471
635500,0.030,0.524,0.446
636000,0.030,0.490,0.480
636500,0.030,0.480,0.490
637000,0.030,0.488,0.482
637500,0.030,0.459,0.511
638000,0.030,0.530,0.440
638500,0.030,0.553,0.417
639000,0.030,0.449,0.521
639500,0.030,0.382,0.588
640000,0.030,0.392,0.578
640500,0.031,0.472,0.497
641000,0.030,0.473,0.497
641500,0.034,0.469,0.497
642000,0.032,0.466,0.502
642500,0.033,0.489,0.478
643000,0.030,0.468,0.502
643500,0.030,0.395,0.575
644000,0.030,0.423,0.547
644500,0.030,0.557,0.413
645000,0.030,0.483,0.487
645500,0.030,0.354,0.616
646000,0.030,0.431,0.539
646500,0.037,0.398,0.565
647000,0.040,0.468,0.492
647500,0.034,0.442,0.524
648000,0.030,0.470,0.500
648500,0.030,0.529,0.441
649000,0.030,0.489,0.481
649500,0.030,0.429,0.541
650000,0.039,0.502,0.459
650500,0.038,0.420,0.542
651000,0.032,0.473,0.495
651500,0.030,0.398,0.572
652000,0.043,0.459,0.498
652500,0.037,0.363,0.600
653000,0.044,0.337,0.619
653500,0.046,0.338,0.616
654000,0.031,0.427,0.542
654500,0.036,0.517,0.447
655000,0.030,0.507,0.463
655500,0.030,0.447,0.523
656000,0.030,0.562,0.408
656500,0.030,0.467,0.503
657000,0.031,0.436,0.533
657500,0.030,0.433,0.537
658000,0.039,0.369,0.592
658500,0.030,0.480,0.490
659000,0.037,0.478,0.485
659500,0.031,0.363,0.606
660000,0.037,0.449,0.514
660500,0.038,0.421,0.541
661000,0.030,0.383,0.587
661500,0.030,0.428,0.542
662000,0.030,0.507,0.463
662500,0.032,0.552,0.416
663000,0.030,0.497,0.473
663500,0.030,0.544,0.426
664000,0.030,0.612,0.358
664500,0.030,0.485,0.485
665000,0.030,0.418,0.552
665500,0.041,0.404,0.555
666000,0.031,0.429,0.540
666500,0.030,0.452,0.518
667000,0.032,0.468,0.500
667500,0.030,0.430,0.540
668000,0.031,0.475,0.494
668500,0.036,0.402,0.562
669000,0.034,0.443,0.523
669500,0.030,0.465,0.505
670000,0.032,0.366,0.602
670500,0.030,0.487,0.483
671000,0.030,0.502,0.468
671500,0.030,0.465,0.505
672000,0.030,0.507,0.463
672500,0.030,0.458,0.512
673000,0.030,0.437,0.533
673500,0.031,0.462,0.507
674000,0.030,0.417,0.553
674500,0.031,0.373,0.596
675000,0.031,0.436,0.533
675500,0.052,0.367,0.581
676000,0.031,0.423,0.546
676500,0.037,0.441,0.522
677000,0.032,0.460,0.508
677500,0.030,0.452,0.518
678000,0.034,0.448,0.518
678500,0.039,0.370,0.591
679000,0.031,0.421,0.548
679500,0.030,0.447,0.523
680000,0.030,0.439,0.531
680500,0.035,0.400,0.565
681000,0.030,0.508,0.462
681500,0.035,0.468,0.497
682000,0.030,0.469,0.501
682500,0.030,0.523,0.447
683000,0.030,0.581,0.389
683500,0.030,0.504,0.466
684000,0.043,0.468,0.489
684500,0.032,0.415,0.553
685000,0.030,0.514,0.456
685500,0.030,0.426,0.544
686000,0.032,0.389,0.579
686500,0.034,0.487,0.479
687000,0.032,0.376,0.592
687500,0.039,0.421,0.540
688000,0.030,0.479,0.491
688500,0.030,0.422,0.548
689000,0.034,0.411,0.555
689500,0.030,0.473,0.497
690000,0.030,0.490,0.480
690500,0.030,0.483,0.487
691000,0.035,0.433,0.532
691500,0.039,0.391,0.570
692000,0.034,0.440,0.526
692500,0.030,0.439,0.531
693000,0.032,0.450,0.518
693500,0.031,0.411,0.558
694000,0.037,0.372,0.591
694500,0.034,0.461,0.505
695000,0.030,0.477,0.493
695500,0.030,0.450,0.520
696000,0.030,0.510,0.460
696500,0.030,0.512,0.458
697000,0.030,0.466,0.504
697500,0.030,0.456,0.514
698000,0.033,0.449,0.518
698500,0.030,0.398,0.572
699000,0.033,0.367,0.600
699500,0.031,0.433,0.536
700000,0.040,0.322,0.638
700500,0.031,0.487,0.482
701000,0.045,0.388,0.567
701500,0.061,0.329,0.610
702000,0.032,0.462,0.506
702500,0.030,0.533,0.437
703000,0.041,0.407,0.552
703500,0.032,0.485,0.483
704000,0.030,0.494,0.476
704500,0.030,0.481,0.489
705000,0.034,0.553,0.413
705500,0.030,0.469,0.501
706000,0.034,0.400,0.566
706500,0.032,0.484,0.484
707000,0.030,0.448,0.522
707500,0.030,0.394,0.576
708000,0.032,0.446,0.522
708500,0.030,0.498,0.472
709000,0.030,0.562,0.408
709500,0.030,0.528,0.442
710000,0.030,0.456,0.514
710500,0.030,0.422,0.548
711000,0.030,0.402,0.568
711500,0.030,0.460,0.510
712000,0.030,0.482,0.488
712500,0.030,0.531,0.439
713000,0.030,0.594,0.376
713500,0.030,0.546,0.424
714000,0.030,0.545,0.425
714500,0.030,0.416,0.554
715000,0.044,0.369,0.587
715500,0.033,0.396,0.571
716000,0.032,0.360,0.608
716500,0.039,0.391,0.570
717000,0.034,0.436,0.530
717500,0.030,0.492,0.478
718000,0.030,0.517,0.453
718500,0.030,0.498,0.472
719000,0.030,0.502,0.468
719500,0.030,0.473,0.497
720000,0.030,0.510,0.460
720500,0.030,0.505,0.465
721000,0.034,0.373,0.593
721500,0.042,0.353,0.605
722000,0.040,0.425,0.535
722500,0.030,0.409,0.561
723000,0.034,0.428,0.538
723500,0.038,0.385,0.577
724000,0.045,0.415,0.540
724500,0.033,0.359,0.608
725000,0.030,0.443,0.527
725500,0.030,0.473,0.497
726000,0.031,0.504,0.465
726500,0.030,0.457,0.513
727000,0.030,0.424,0.546
727500,0.039,0.364,0.597
728000,0.038,0.439,0.523
728500,0.030,0.493,0.477
729000,0.030,0.504,0.466
729500,0.030,0.476,0.494
730000,0.032,0.419,0.549
730500,0.042,0.429,0.529
731000,0.030,0.458,0.512
731500,0.039,0.369,0.592
732000,0.049,0.324,0.627
732500,0.030,0.375,0.595
733000,0.030,0.476,0.494
733500,0.036,0.463,0.501
734000,0.033,0.410,0.557
734500,0.036,0.367,0.597
735000,0.039,0.400,0.561
735500,0.031,0.480,0.489
736000,0.031,0.431,0.538
736500,0.030,0.520,0.450
737000,0.030,0.400,0.570
737500,0.032,0.417,0.551
738000,0.032,0.397,0.571
738500,0.031,0.462,0.507
739000,0.030,0.488,0.482
739500,0.030,0.498,0.472
740000,0.030,0.414,0.556
740500,0.030,0.418,0.552
741000,0.032,0.372,0.596
741500,0.034,0.364,0.602
742000,0.032,0.454,0.514
742500,0.030,0.543,0.427
743000,0.030,0.533,0.437
743500,0.030,0.453,0.517
744000,0.043,0.324,0.633
744500,0.040,0.438,0.522
745000,0.033,0.375,0.592
745500,0.031,0.597,0.372
746000,0.030,0.516,0.454
746500,0.030,0.472,0.498
747000,0.030,0.469,0.501
747500,0.030,0.515,0.455
748000,0.030,0.490,0.480
748500,0.030,0.461,0.509
749000,0.037,0.388,0.575
749500,0.032,0.429,0.539
750000,0.030,0.468,0.502
750500,0.032,0.483,0.485
751000,0.030,0.487,0.483
751500,0.030,0.467,0.503
752000,0.030,0.494,0.476
752500,0.030,0.455,0.515
753000,0.030,0.425,0.545
753500,0.030,0.501,0.469
754000,0.030,0.451,0.519
754500,0.033,0.440,0.527
755000,0.031,0.519,0.450
755500,0.030,0.504,0.466
756000,0.033,0.413,0.554
756500,0.032,0.417,0.551
757000,0.033,0.437,0.530
757500,0.030,0.458,0.512
758000,0.040,0.328,0.632
758500,0.037,0.342,0.621
759000,0.041,0.324,0.635
759500,0.039,0.344,0.617
760000,0.032,0.376,0.592
760500,0.031,0.481,0.488
761000,0.031,0.425,0.544
761500,0.030,0.449,0.521
762000,0.031,0.465,0.504
762500,0.030,0.456,0.514
763000,0.030,0.340,0.630
763500,0.032,0.410,0.558
764000,0.031,0.377,0.592
764500,0.034,0.451,0.515
765000,0.030,0.445,0.525
765500,0.030,0.501,0.469
766000,0.031,0.407,0.562
766500,0.030,0.505,0.465
767000,0.030,0.515,0.455
767500,0.030,0.444,0.526
768000,0.030,0.446,0.524
768500,0.035,0.458,0.507
769000,0.030,0.424,0.546
769500,0.032,0.324,0.644
770000,0.033,0.380,0.587
770500,0.037,0.310,0.653
771000,0.038,0.405,0.557
771500,0.031,0.488,0.481
772000,0.030,0.413,0.557
772500,0.031,0.478,0.491
773000,0.030,0.466,0.504
773500,0.030,0.469,0.501
774000,0.030,0.473,0.497
774500,0.038,0.419,0.543
775000,0.030,0.449,0.521
775500,0.030,0.412,0.558
776000,0.035,0.380,0.585
776500,0.032,0.522,0.446
777000,0.030,0.479,0.491
777500,0.043,0.399,0.558
778000,0.031,0.366,0.603
778500,0.034,0.355,0.611
779000,0.030,0.445,0.525
779500,0.030,0.458,0.512
780000,0.030,0.489,0.481
780500,0.030,0.464,0.506
781000,0.030,0.475,0.495
781500,0.030,0.447,0.523
782000,0.032,0.484,0.484
782500,0.032,0.499,0.469
783000,0.030,0.499,0.471
783500,0.030,0.390,0.580
784000,0.030,0.447,0.523
784500,0.030,0.492,0.478
785000,0.034,0.539,0.427
785500,0.036,0.449,0.515
786000,0.030,0.563,0.407
786500,0.030,0.482,0.488
787000,0.030,0.464,0.506
787500,0.030,0.436,0.534
788000,0.042,0.383,0.575
788500,0.039,0.384,0.577
789000,0.036,0.315,0.649
789500,0.031,0.452,0.517
790000,0.030,0.397,0.573
790500,0.030,0.470,0.500
791000,0.030,0.559,0.411
791500,0.039,0.505,0.456
792000,0.030,0.479,0.491
792500,0.030,0.506,0.464
793000,0.030,0.476,0.494
793500,0.030,0.536,0.434
794000,0.030,0.521,0.449
794500,0.030,0.598,0.372
795000,0.030,0.544,0.426
795500,0.030,0.381,0.589
796000,0.030,0.382,0.588
796500,0.043,0.430,0.527
797000,0.030,0.525,0.445
797500,0.030,0.434,0.536
798000,0.030,0.518,0.452
798500,0.035,0.415,0.550
799000,0.036,0.434,0.530
799500,0.030,0.477,0.493
800000,0.030,0.465,0.505
800500,0.040,0.414,0.546
801000,0.031,0.389,0.580
801500,0.034,0.439,0.527
802000,0.030,0.441,0.529
802500,0.030,0.515,0.455
803000,0.030,0.568,0.402
803500,0.030,0.540,0.430
804000,0.030,0.554,0.416
804500,0.030,0.432,0.538
805000,0.031,0.417,0.552
805500,0.030,0.354,0.616
806000,0.030,0.470,0.500
806500,0.030,0.451,0.519
807000,0.030,0.432,0.538
807500,0.030,0.400,0.570
808000,0.034,0.507,0.459
808500,0.030,0.522,0.448
809000,0.031,0.388,0.581
809500,0.030,0.409,0.561
810000,0.034,0.437,0.529
810500,0.034,0.382,0.584
811000,0.031,0.428,0.541
811500,0.030,0.563,0.407
812000,0.038,0.488,0.474
812500,0.030,0.485,0.485
813000,0.030,0.482,0.488
813500,0.030,0.417,0.553
814000,0.030,0.429,0.541
814500,0.031,0.338,0.631
815000,0.031,0.452,0.517
815500,0.030,0.531,0.439
816000,0.030,0.483,0.487
816500,0.031,0.436,0.533
817000,0.030,0.409,0.561
817500,0.046,0.407,0.547
818000,0.034,0.482,0.484
818500,0.030,0.498,0.472
819000,0.030,0.380,0.590
819500,0.033,0.532,0.435
820000,0.030,0.525,0.445
820500,0.030,0.557,0.413
821000,0.030,0.492,0.478
821500,0.030,0.370,0.600
822000,0.031,0.448,0.521
822500,0.030,0.521,0.449
823000,0.030,0.515,0.455
823500,0.030,0.448,0.522
824000,0.030,0.461,0.509
824500,0.032,0.437,0.531
825000,0.030,0.474,0.496
825500,0.030,0.473,0.497
826000,0.030,0.470,0.500
826500,0.038,0.444,0.518
827000,0.032,0.447,0.521
827500,0.030,0.471,0.499
828000,0.030,0.449,0.521
828500,0.030,0.477,0.493
829000,0.030,0.378,0.592
829500,0.030,0.477,0.493
830000,0.030,0.445,0.525
830500,0.030,0.426,0.544
831000,0.039,0.391,0.570
831500,0.031,0.428,0.541
832000,0.031,0.508,0.461
832500,0.030,0.437,0.533
833000,0.040,0.368,0.592
833500,0.031,0.429,0.540
834000,0.032,0.474,0.494
834500,0.030,0.497,0.473
835000,0.030,0.482,0.488
835500,0.030,0.628,0.342
836000,0.030,0.621,0.349
836500,0.030,0.521,0.449
837000,0.030,0.584,0.386
837500,0.030,0.530,0.440
838000,0.030,0.510,0.460
838500,0.035,0.483,0.482
839000,0.031,0.542,0.427
839500,0.030,0.481,0.489
840000,0.030,0.567,0.403
840500,0.030,0.576,0.394
841000,0.030,0.559,0.411
841500,0.030,0.523,0.447
842000,0.030,0.533,0.437
842500,0.030,0.363,0.607
843000,0.030,0.451,0.519
843500,0.031,0.391,0.578
844000,0.031,0.443,0.526
844500,0.033,0.517,0.450
845000,0.041,0.415,0.544
845500,0.030,0.396,0.574
846000,0.030,0.483,0.487
846500,0.030,0.496,0.474
847000,0.030,0.479,0.491
847500,0.030,0.448,0.522
848000,0.036,0.408,0.556
848500,0.036,0.465,0.499
849000,0.030,0.453,0.517
849500,0.030,0.470,0.500
850000,0.030,0.448,0.522
850500,0.030,0.451,0.519
851000,0.030,0.482,0.488
851500,0.030,0.503,0.467
852000,0.030,0.449,0.521
852500,0.030,0.476,0.494
853000,0.030,0.567,0.403
853500,0.030,0.461,0.509
854000,0.037,0.445,0.518
854500,0.030,0.433,0.537
855000,0.030,0.371,0.599
855500,0.030,0.360,0.610
856000,0.038,0.385,0.577
856500,0.031,0.362,0.607
857000,0.032,0.452,0.516
857500,0.030,0.415,0.555
858000,0.030,0.482,0.488
858500,0.030,0.502,0.468
859000,0.030,0.476,0.494
859500,0.030,0.442,0.528
860000,0.030,0.538,0.432
860500,0.030,0.478,0.492
861000,0.030,0.419,0.551
861500,0.038,0.427,0.535
862000,0.031,0.433,0.536
862500,0.030,0.464,0.506
863000,0.030,0.494,0.476
863500,0.032,0.554,0.414
864000,0.030,0.429,0.541
864500,0.030,0.496,0.474
865000,0.030,0.566,0.404
865500,0.030,0.611,0.359
866000,0.030,0.604,0.366
866500,0.030,0.506,0.464
867000,0.030,0.501,0.469
867500,0.030,0.435,0.535
868000,0.030,0.397,0.573
868500,0.030,0.501,0.469
869000,0.030,0.423,0.547
869500,0.030,0.505,0.465
870000,0.033,0.424,0.543
870500,0.032,0.431,0.537
871000,0.030,0.352,0.618
871500,0.030,0.506,0.464
872000,0.030,0.462,0.508
872500,0.030,0.451,0.519
873000,0.030,0.452,0.518
873500,0.030,0.437,0.533
874000,0.030,0.495,0.475
874500,0.030,0.536,0.434
875000,0.030,0.549,0.421
875500,0.031,0.465,0.504
876000,0.030,0.479,0.491
876500,0.030,0.465,0.505
877000,0.030,0.498,0.472
877500,0.030,0.486,0.484
878000,0.030,0.546,0.424
878500,0.034,0.488,0.478
879000,0.030,0.371,0.599
879500,0.036,0.513,0.451
880000,0.031,0.482,0.487
880500,0.030,0.463,0.507
881000,0.031,0.398,0.571
881500,0.034,0.398,0.568
882000,0.033,0.421,0.546
882500,0.030,0.423,0.547
883000,0.030,0.474,0.496
883500,0.030,0.428,0.542
884000,0.030,0.413,0.557
884500,0.036,0.449,0.515
885000,0.038,0.470,0.492
885500,0.031,0.398,0.571
886000,0.030,0.458,0.512
886500,0.033,0.494,0.473
887000,0.030,0.421,0.549
887500,0.039,0.447,0.514
888000,0.031,0.427,0.542
888500,0.031,0.531,0.438
889000,0.035,0.444,0.521
889500,0.030,0.499,0.471
890000,0.037,0.498,0.465
890500,0.030,0.544,0.426
891000,0.030,0.494,0.476
891500,0.030,0.607,0.363
892000,0.030,0.455,0.515
892500,0.030,0.450,0.520
893000,0.030,0.484,0.486
893500,0.035,0.371,0.594
894000,0.030,0.344,0.626
894500,0.030,0.402,0.568
895000,0.030,0.448,0.522
895500,0.030,0.500,0.470
896000,0.030,0.484,0.486
896500,0.030,0.525,0.445
897000,0.031,0.359,0.610
897500,0.030,0.473,0.497
898000,0.043,0.376,0.581
898500,0.030,0.508,0.462
899000,0.030,0.442,0.528
899500,0.030,0.495,0.475
900000,0.030,0.483,0.487
900500,0.032,0.478,0.490
901000,0.030,0.567,0.403
901500,0.030,0.505,0.465
902000,0.030,0.519,0.451
902500,0.030,0.492,0.478
903000,0.030,0.595,0.375
903500,0.030,0.467,0.503
904000,0.030,0.518,0.452
904500,0.030,0.451,0.519
905000,0.032,0.466,0.502
905500,0.030,0.493,0.477
906000,0.030,0.438,0.532
906500,0.035,0.504,0.461
907000,0.032,0.514,0.454
907500,0.036,0.472,0.492
908000,0.030,0.453,0.517
908500,0.030,0.438,0.532
909000,0.030,0.367,0.603
909500,0.036,0.355,0.609
910000,0.039,0.332,0.629
910500,0.031,0.461,0.508
911000,0.035,0.353,0.612
911500,0.032,0.397,0.571
912000,0.033,0.408,0.559
912500,0.030,0.499,0.471
913000,0.030,0.476,0.494
913500,0.032,0.366,0.602
914000,0.030,0.522,0.448
914500,0.030,0.481,0.489
915000,0.030,0.454,0.516
915500,0.037,0.401,0.562
916000,0.030,0.422,0.548
916500,0.030,0.461,0.509
917000,0.030,0.451,0.519
917500,0.035,0.400,0.565
918000,0.031,0.502,0.467
918500,0.030,0.596,0.374
919000,0.030,0.487,0.483
919500,0.037,0.460,0.503
920000,0.033,0.417,0.550
920500,0.033,0.399,0.568
921000,0.034,0.476,0.490
921500,0.030,0.452,0.518
922000,0.030,0.411,0.559
922500,0.030,0.440,0.530
923000,0.030,0.431,0.539
923500,0.030,0.434,0.536
924000,0.030,0.589,0.381
924500,0.030,0.551,0.419
925000,0.031,0.493,0.476
925500,0.030,0.440,0.530
926000,0.030,0.511,0.459
926500,0.030,0.521,0.449
927000,0.030,0.476,0.494
927500,0.031,0.434,0.535
928000,0.035,0.388,0.577
928500,0.038,0.439,0.523
929000,0.032,0.415,0.553
929500,0.039,0.434,0.527
930000,0.031,0.466,0.503
930500,0.030,0.508,0.462
931000,0.033,0.416,0.551
931500,0.032,0.405,0.563
932000,0.047,0.299,0.654
932500,0.040,0.337,0.623
933000,0.037,0.397,0.566
933500,0.033,0.470,0.497
934000,0.030,0.438,0.532
934500,0.030,0.539,0.431
935000,0.030,0.526,0.444
935500,0.030,0.488,0.482
936000,0.030,0.475,0.495
936500,0.035,0.513,0.452
937000,0.031,0.471,0.498
937500,0.030,0.409,0.561
938000,0.030,0.483,0.487
938500,0.030,0.527,0.443
939000,0.030,0.562,0.408
939500,0.030,0.419,0.551
940000,0.032,0.401,0.567
940500,0.033,0.445,0.522
941000,0.030,0.493,0.477
941500,0.030,0.443,0.527
942000,0.035,0.446,0.519
942500,0.030,0.418,0.552
943000,0.034,0.345,0.621
943500,0.059,0.241,0.700
944000,0.050,0.338,0.612
944500,0.031,0.368,0.601
945000,0.034,0.401,0.565
945500,0.030,0.431,0.539
946000,0.030,0.355,0.615
946500,0.031,0.480,0.489
947000,0.030,0.460,0.510
947500,0.030,0.526,0.444
948000,0.030,0.484,0.486
948500,0.030,0.489,0.481
949000,0.032,0.498,0.470
949500,0.030,0.479,0.491
950000,0.030,0.461,0.509
950500,0.035,0.396,0.569
951000,0.031,0.519,0.450
951500,0.030,0.483,0.487
952000,0.030,0.495,0.475
952500,0.030,0.509,0.461
953000,0.030,0.421,0.549
953500,0.035,0.447,0.518
954000,0.030,0.488,0.482
954500,0.030,0.492,0.478
955000,0.030,0.445,0.525
955500,0.031,0.439,0.530
956000,0.030,0.472,0.498
956500,0.030,0.516,0.454
957000,0.030,0.469,0.501
957500,0.030,0.445,0.525
958000,0.030,0.428,0.542
958500,0.030,0.553,0.417
959000,0.030,0.422,0.548
959500,0.030,0.434,0.536
960000,0.031,0.422,0.547
960500,0.030,0.458,0.512
961000,0.030,0.487,0.483
961500,0.030,0.492,0.478
962000,0.030,0.448,0.522
962500,0.030,0.398,0.572
963000,0.033,0.484,0.483
963500,0.030,0.562,0.408
964000,0.030,0.450,0.520
964500,0.032,0.450,0.518
965000,0.030,0.496,0.474
965500,0.030,0.485,0.485
966000,0.030,0.432,0.538
966500,0.031,0.462,0.507
967000,0.038,0.444,0.518
967500,0.044,0.387,0.569
968000,0.032,0.417,0.551
968500,0.035,0.438,0.527
969000,0.051,0.375,0.574
969500,0.031,0.463,0.506
970000,0.030,0.499,0.471
970500,0.030,0.453,0.517
971000,0.040,0.417,0.543
971500,0.038,0.503,0.459
972000,0.036,0.390,0.574
972500,0.033,0.450,0.517
973000,0.030,0.471,0.499
973500,0.030,0.439,0.531
974000,0.030,0.453,0.517
974500,0.046,0.423,0.531
975000,0.032,0.449,0.519
975500,0.037,0.514,0.449
976000,0.030,0.460,0.510
976500,0.030,0.476,0.494
977000,0.038,0.486,0.476
977500,0.030,0.487,0.483
978000,0.030,0.508,0.462
978500,0.030,0.500,0.470
979000,0.030,0.522,0.448
979500,0.030,0.512,0.458
980000,0.030,0.429,0.541
980500,0.030,0.479,0.491
981000,0.031,0.483,0.486
981500,0.030,0.498,0.472
982000,0.032,0.505,0.463
982500,0.032,0.459,0.509
983000,0.032,0.439,0.529
983500,0.034,0.452,0.514
984000,0.030,0.473,0.497
984500,0.032,0.392,0.576
985000,0.031,0.448,0.521
985500,0.038,0.380,0.582
986000,0.036,0.405,0.559
986500,0.030,0.365,0.605
987000,0.030,0.420,0.550
987500,0.030,0.507,0.463
988000,0.033,0.400,0.567
988500,0.032,0.358,0.610
989000,0.030,0.494,0.476
989500,0.030,0.468,0.502
990000,0.030,0.505,0.465
990500,0.030,0.516,0.454
991000,0.030,0.509,0.461
991500,0.030,0.481,0.489
992000,0.030,0.493,0.477
992500,0.030,0.548,0.422
993000,0.030,0.496,0.474
993500,0.030,0.484,0.486
994000,0.030,0.493,0.477
994500,0.030,0.509,0.461
995000,0.033,0.450,0.517
995500,0.031,0.503,0.466
996000,0.031,0.427,0.542
996500,0.030,0.555,0.415
997000,0.030,0.430,0.540
997500,0.030,0.414,0.556
998000,0.037,0.437,0.526
998500,0.039,0.445,0.516
999000,0.030,0.507,0.463
999500,0.033,0.448,0.519
1000000,0.042,0.374,0.584
