time,n_A+p,n_B,n_AB
500,0.030,0.102,0.868
1000,0.415,0.000,0.585
1500,0.445,0.000,0.555
2000,0.493,0.000,0.507
2500,0.470,0.000,0.530
3000,0.397,0.000,0.603
3500,0.510,0.000,0.490
4000,0.338,0.000,0.662
4500,0.340,0.000,0.660
5000,0.442,0.000,0.558
5500,0.534,0.000,0.466
6000,0.455,0.000,0.545
6500,0.466,0.000,0.534
7000,0.420,0.000,0.580
7500,0.488,0.000,0.512
8000,0.493,0.000,0.507
8500,0.511,0.000,0.489
9000,0.507,0.000,0.493
9500,0.532,0.000,0.468
10000,0.467,0.000,0.533
10500,0.301,0.000,0.699
11000,0.368,0.000,0.632
11500,0.615,0.000,0.385
12000,0.781,0.000,0.219
12500,0.702,0.000,0.298
13000,0.370,0.000,0.630
13500,0.374,0.000,0.626
14000,0.429,0.000,0.571
14500,0.309,0.000,0.691
15000,0.446,0.000,0.554
15500,0.429,0.000,0.571
16000,0.426,0.000,0.574
16500,0.382,0.000,0.618
17000,0.451,0.000,0.549
17500,0.353,0.000,0.647
18000,0.470,0.000,0.530
18500,0.602,0.000,0.398
19000,0.424,0.000,0.576
19500,0.438,0.000,0.562
20000,0.470,0.000,0.530
20500,0.397,0.000,0.603
21000,0.520,0.000,0.480
21500,0.388,0.000,0.612
22000,0.434,0.000,0.566
22500,0.353,0.000,0.647
23000,0.673,0.000,0.327
23500,0.557,0.000,0.443
24000,0.302,0.000,0.698
24500,0.386,0.000,0.614
25000,0.348,0.000,0.652
25500,0.557,0.000,0.443
26000,0.483,0.000,0.517
26500,0.526,0.000,0.474
27000,0.407,0.000,0.593
27500,0.345,0.000,0.655
28000,0.363,0.000,0.637
28500,0.690,0.000,0.310
29000,0.204,0.000,0.796
29500,0.405,0.000,0.595
30000,0.393,0.000,0.607
30500,0.338,0.000,0.662
31000,0.533,0.000,0.467
31500,0.428,0.000,0.572
32000,0.612,0.000,0.388
32500,0.415,0.000,0.585
33000,0.411,0.000,0.589
33500,0.335,0.000,0.665
34000,0.556,0.000,0.444
34500,0.517,0.000,0.483
35000,0.434,0.000,0.566
35500,0.326,0.000,0.674
36000,0.564,0.000,0.436
36500,0.486,0.000,0.514
37000,0.343,0.000,0.657
37500,0.528,0.000,0.472
38000,0.532,0.000,0.468
38500,0.406,0.000,0.594
39000,0.285,0.000,0.715
39500,0.702,0.000,0.298
40000,0.357,0.000,0.643
40500,0.636,0.000,0.364
41000,0.516,0.000,0.484
41500,0.412,0.000,0.588
42000,0.452,0.000,0.548
42500,0.414,0.000,0.586
43000,0.396,0.000,0.604
43500,0.527,0.000,0.473
44000,0.416,0.000,0.584
44500,0.430,0.000,0.570
45000,0.631,0.000,0.369
45500,0.382,0.000,0.618
46000,0.411,0.000,0.589
46500,0.417,0.000,0.583
47000,0.481,0.000,0.519
47500,0.418,0.000,0.582
48000,0.562,0.000,0.438
48500,0.514,0.000,0.486
49000,0.365,0.000,0.635
49500,0.530,0.000,0.470
50000,0.377,0.000,0.623
50500,0.580,0.000,0.420
51000,0.449,0.000,0.551
51500,0.408,0.000,0.592
52000,0.381,0.000,0.619
52500,0.297,0.000,0.703
53000,0.416,0.000,0.584
53500,0.381,0.000,0.619
54000,0.491,0.000,0.509
54500,0.509,0.000,0.491
55000,0.392,0.000,0.608
55500,0.367,0.000,0.633
56000,0.497,0.000,0.503
56500,0.552,0.000,0.448
57000,0.690,0.000,0.310
57500,0.428,0.000,0.572
58000,0.396,0.000,0.604
58500,0.379,0.000,0.621
59000,0.557,0.000,0.443
59500,0.457,0.000,0.543
60000,0.391,0.000,0.609
60500,0.416,0.000,0.584
61000,0.489,0.000,0.511
61500,0.375,0.000,0.625
62000,0.487,0.000,0.513
62500,0.492,0.000,0.508
63000,0.520,0.000,0.480
63500,0.358,0.000,0.642
64000,0.435,0.000,0.565
64500,0.723,0.000,0.277
65000,0.301,0.000,0.699
65500,0.474,0.000,0.526
66000,0.297,0.000,0.703
66500,0.423,0.000,0.577
67000,0.522,0.000,0.478
67500,0.460,0.000,0.540
68000,0.467,0.000,0.533
68500,0.576,0.000,0.424
69000,0.451,0.000,0.549
69500,0.414,0.000,0.586
70000,0.367,0.000,0.633
70500,0.288,0.000,0.712
71000,0.498,0.000,0.502
71500,0.551,0.000,0.449
72000,0.570,0.000,0.430
72500,0.454,0.000,0.546
73000,0.227,0.000,0.773
73500,0.506,0.000,0.494
74000,0.408,0.000,0.592
74500,0.499,0.000,0.501
75000,0.398,0.000,0.602
75500,0.330,0.000,0.670
76000,0.491,0.000,0.509
76500,0.289,0.000,0.711
77000,0.500,0.000,0.500
77500,0.255,0.000,0.745
78000,0.446,0.000,0.554
78500,0.422,0.000,0.578
79000,0.542,0.000,0.458
79500,0.402,0.000,0.598
80000,0.573,0.000,0.427
80500,0.400,0.000,0.600
81000,0.378,0.000,0.622
81500,0.366,0.000,0.634
82000,0.515,0.000,0.485
82500,0.559,0.000,0.441
83000,0.420,0.000,0.580
83500,0.629,0.000,0.371
84000,0.548,0.000,0.452
84500,0.454,0.000,0.546
85000,0.464,0.000,0.536
85500,0.440,0.000,0.560
86000,0.387,0.000,0.613
86500,0.462,0.000,0.538
87000,0.417,0.000,0.583
87500,0.470,0.000,0.530
88000,0.451,0.000,0.549
88500,0.453,0.000,0.547
89000,0.407,0.000,0.593
89500,0.488,0.000,0.512
90000,0.403,0.000,0.597
90500,0.476,0.000,0.524
91000,0.405,0.000,0.595
91500,0.508,0.000,0.492
92000,0.481,0.000,0.519
92500,0.488,0.000,0.512
93000,0.438,0.000,0.562
93500,0.339,0.000,0.661
94000,0.377,0.000,0.623
94500,0.564,0.000,0.436
95000,0.377,0.000,0.623
95500,0.584,0.000,0.416
96000,0.379,0.000,0.621
96500,0.415,0.000,0.585
97000,0.357,0.000,0.643
97500,0.327,0.000,0.673
98000,0.597,0.000,0.403
98500,0.349,0.000,0.651
99000,0.408,0.000,0.592
99500,0.526,0.000,0.474
100000,0.332,0.000,0.668
100500,0.472,0.000,0.528
101000,0.448,0.000,0.552
101500,0.272,0.000,0.728
102000,0.472,0.000,0.528
102500,0.410,0.000,0.590
103000,0.488,0.000,0.512
103500,0.334,0.000,0.666
104000,0.419,0.000,0.581
104500,0.418,0.000,0.582
105000,0.363,0.000,0.637
105500,0.372,0.000,0.628
106000,0.539,0.000,0.461
106500,0.534,0.000,0.466
107000,0.332,0.000,0.668
107500,0.546,0.000,0.454
108000,0.505,0.000,0.495
108500,0.575,0.000,0.425
109000,0.549,0.000,0.451
109500,0.648,0.000,0.352
110000,0.398,0.000,0.602
110500,0.449,0.000,0.551
111000,0.281,0.000,0.719
111500,0.356,0.000,0.644
112000,0.186,0.000,0.814
112500,0.645,0.000,0.355
113000,0.358,0.000,0.642
113500,0.353,0.000,0.647
114000,0.579,0.000,0.421
114500,0.324,0.000,0.676
115000,0.487,0.000,0.513
115500,0.435,0.000,0.565
116000,0.524,0.000,0.476
116500,0.264,0.000,0.736
117000,0.427,0.000,0.573
117500,0.397,0.000,0.603
118000,0.640,0.000,0.360
118500,0.277,0.000,0.723
119000,0.235,0.000,0.765
119500,0.579,0.000,0.421
120000,0.453,0.000,0.547
120500,0.546,0.000,0.454
121000,0.309,0.000,0.691
121500,0.502,0.000,0.498
122000,0.570,0.000,0.430
122500,0.517,0.000,0.483
123000,0.411,0.000,0.589
123500,0.411,0.000,0.589
124000,0.376,0.000,0.624
124500,0.361,0.000,0.639
125000,0.244,0.000,0.756
125500,0.454,0.000,0.546
126000,0.612,0.000,0.388
126500,0.404,0.000,0.596
127000,0.369,0.000,0.631
127500,0.472,0.000,0.528
128000,0.596,0.000,0.404
128500,0.481,0.000,0.519
129000,0.549,0.000,0.451
129500,0.492,0.000,0.508
130000,0.445,0.000,0.555
130500,0.562,0.000,0.438
131000,0.426,0.000,0.574
131500,0.319,0.000,0.681
132000,0.423,0.000,0.577
132500,0.387,0.000,0.613
133000,0.484,0.000,0.516
133500,0.661,0.000,0.339
134000,0.484,0.000,0.516
134500,0.398,0.000,0.602
135000,0.235,0.008,0.757
135500,0.467,0.000,0.533
136000,0.354,0.000,0.646
136500,0.381,0.000,0.619
137000,0.370,0.000,0.630
137500,0.340,0.000,0.660
138000,0.528,0.000,0.472
138500,0.450,0.000,0.550
139000,0.636,0.000,0.364
139500,0.499,0.000,0.501
140000,0.466,0.000,0.534
140500,0.241,0.000,0.759
141000,0.514,0.000,0.486
141500,0.643,0.000,0.357
142000,0.485,0.000,0.515
142500,0.348,0.000,0.652
143000,0.439,0.000,0.561
143500,0.486,0.000,0.514
144000,0.547,0.000,0.453
144500,0.349,0.000,0.651
145000,0.451,0.000,0.549
145500,0.425,0.000,0.575
146000,0.349,0.000,0.651
146500,0.509,0.000,0.491
147000,0.370,0.000,0.630
147500,0.465,0.000,0.535
148000,0.631,0.000,0.369
148500,0.646,0.000,0.354
149000,0.475,0.000,0.525
149500,0.311,0.000,0.689
150000,0.303,0.000,0.697
150500,0.479,0.000,0.521
151000,0.364,0.000,0.636
151500,0.455,0.000,0.545
152000,0.471,0.000,0.529
152500,0.372,0.000,0.628
153000,0.438,0.000,0.562
153500,0.477,0.000,0.523
154000,0.355,0.000,0.645
154500,0.483,0.000,0.517
155000,0.514,0.000,0.486
155500,0.377,0.000,0.623
156000,0.386,0.000,0.614
156500,0.564,0.000,0.436
157000,0.459,0.000,0.541
157500,0.558,0.000,0.442
158000,0.542,0.000,0.458
158500,0.479,0.000,0.521
159000,0.401,0.000,0.599
159500,0.394,0.000,0.606
160000,0.371,0.000,0.629
160500,0.416,0.000,0.584
161000,0.464,0.000,0.536
161500,0.538,0.000,0.462
162000,0.337,0.000,0.663
162500,0.306,0.000,0.694
163000,0.726,0.000,0.274
163500,0.608,0.000,0.392
164000,0.527,0.000,0.473
164500,0.527,0.000,0.473
165000,0.395,0.000,0.605
165500,0.451,0.000,0.549
166000,0.364,0.000,0.636
166500,0.354,0.000,0.646
167000,0.431,0.000,0.569
167500,0.392,0.000,0.608
168000,0.382,0.000,0.618
168500,0.419,0.000,0.581
169000,0.527,0.000,0.473
169500,0.351,0.000,0.649
170000,0.238,0.000,0.762
170500,0.276,0.000,0.724
171000,0.413,0.000,0.587
171500,0.386,0.000,0.614
172000,0.425,0.000,0.575
172500,0.523,0.000,0.477
173000,0.214,0.000,0.786
173500,0.392,0.000,0.608
174000,0.344,0.000,0.656
174500,0.456,0.000,0.544
175000,0.474,0.000,0.526
175500,0.295,0.000,0.705
176000,0.358,0.000,0.642
176500,0.571,0.000,0.429
177000,0.417,0.000,0.583
177500,0.511,0.000,0.489
178000,0.335,0.000,0.665
178500,0.517,0.000,0.483
179000,0.500,0.000,0.500
179500,0.381,0.000,0.619
180000,0.705,0.000,0.295
180500,0.563,0.000,0.437
181000,0.459,0.000,0.541
181500,0.467,0.000,0.533
182000,0.380,0.000,0.620
182500,0.353,0.000,0.647
183000,0.497,0.000,0.503
183500,0.341,0.000,0.659
184000,0.329,0.000,0.671
184500,0.474,0.000,0.526
185000,0.388,0.000,0.612
185500,0.433,0.000,0.567
186000,0.373,0.000,0.627
186500,0.366,0.000,0.634
187000,0.405,0.000,0.595
187500,0.256,0.000,0.744
188000,0.446,0.000,0.554
188500,0.417,0.000,0.583
189000,0.445,0.000,0.555
189500,0.342,0.000,0.658
190000,0.583,0.000,0.417
190500,0.397,0.000,0.603
191000,0.446,0.000,0.554
191500,0.539,0.000,0.461
192000,0.463,0.000,0.537
192500,0.508,0.000,0.492
193000,0.261,0.000,0.739
193500,0.320,0.000,0.680
194000,0.400,0.000,0.600
194500,0.417,0.000,0.583
195000,0.396,0.000,0.604
195500,0.663,0.000,0.337
196000,0.289,0.000,0.711
196500,0.539,0.000,0.461
197000,0.459,0.000,0.541
197500,0.539,0.000,0.461
198000,0.414,0.000,0.586
198500,0.352,0.000,0.648
199000,0.477,0.000,0.523
199500,0.590,0.000,0.410
200000,0.474,0.000,0.526
200500,0.519,0.000,0.481
201000,0.348,0.000,0.652
201500,0.500,0.000,0.500
202000,0.283,0.000,0.717
202500,0.542,0.000,0.458
203000,0.366,0.000,0.634
203500,0.252,0.000,0.748
204000,0.357,0.000,0.643
204500,0.340,0.000,0.660
205000,0.484,0.000,0.516
205500,0.417,0.000,0.583
206000,0.362,0.000,0.638
206500,0.402,0.000,0.598
207000,0.343,0.000,0.657
207500,0.565,0.000,0.435
208000,0.390,0.000,0.610
208500,0.374,0.000,0.626
209000,0.562,0.000,0.438
209500,0.354,0.000,0.646
210000,0.369,0.000,0.631
210500,0.211,0.000,0.789
211000,0.426,0.000,0.574
211500,0.415,0.000,0.585
212000,0.352,0.000,0.648
212500,0.655,0.000,0.345
213000,0.473,0.000,0.527
213500,0.425,0.000,0.575
214000,0.415,0.000,0.585
214500,0.452,0.000,0.548
215000,0.478,0.000,0.522
215500,0.580,0.000,0.420
216000,0.588,0.000,0.412
216500,0.421,0.000,0.579
217000,0.429,0.000,0.571
217500,0.238,0.000,0.762
218000,0.355,0.000,0.645
218500,0.312,0.000,0.688
219000,0.570,0.000,0.430
219500,0.559,0.000,0.441
220000,0.393,0.000,0.607
220500,0.417,0.000,0.583
221000,0.428,0.000,0.572
221500,0.533,0.000,0.467
222000,0.326,0.000,0.674
222500,0.319,0.000,0.681
223000,0.339,0.000,0.661
223500,0.436,0.000,0.564
224000,0.410,0.000,0.590
224500,0.386,0.000,0.614
225000,0.362,0.000,0.638
225500,0.356,0.000,0.644
226000,0.297,0.000,0.703
226500,0.446,0.000,0.554
227000,0.407,0.000,0.593
227500,0.306,0.000,0.694
228000,0.441,0.000,0.559
228500,0.637,0.000,0.363
229000,0.577,0.000,0.423
229500,0.274,0.000,0.726
230000,0.293,0.000,0.707
230500,0.380,0.000,0.620
231000,0.411,0.000,0.589
231500,0.478,0.000,0.522
232000,0.590,0.000,0.410
232500,0.565,0.000,0.435
233000,0.498,0.000,0.502
233500,0.345,0.000,0.655
234000,0.464,0.000,0.536
234500,0.493,0.000,0.507
235000,0.362,0.000,0.638
235500,0.646,0.000,0.354
236000,0.322,0.000,0.678
236500,0.523,0.000,0.477
237000,0.441,0.000,0.559
237500,0.368,0.000,0.632
238000,0.487,0.000,0.513
238500,0.549,0.000,0.451
239000,0.435,0.000,0.565
239500,0.521,0.000,0.479
240000,0.326,0.000,0.674
240500,0.433,0.000,0.567
241000,0.409,0.000,0.591
241500,0.504,0.000,0.496
242000,0.392,0.000,0.608
242500,0.372,0.000,0.628
243000,0.305,0.000,0.695
243500,0.386,0.000,0.614
244000,0.468,0.000,0.532
244500,0.488,0.000,0.512
245000,0.444,0.000,0.556
245500,0.428,0.000,0.572
246000,0.380,0.000,0.620
246500,0.359,0.000,0.641
247000,0.343,0.000,0.657
247500,0.437,0.000,0.563
248000,0.457,0.000,0.543
248500,0.675,0.000,0.325
249000,0.268,0.000,0.732
249500,0.562,0.000,0.438
250000,0.373,0.000,0.627
250500,0.521,0.000,0.479
251000,0.384,0.000,0.616
251500,0.377,0.000,0.623
252000,0.467,0.000,0.533
252500,0.601,0.000,0.399
253000,0.211,0.000,0.789
253500,0.291,0.000,0.709
254000,0.498,0.000,0.502
254500,0.390,0.000,0.610
255000,0.471,0.000,0.529
255500,0.386,0.000,0.614
256000,0.532,0.000,0.468
256500,0.728,0.000,0.272
257000,0.554,0.000,0.446
257500,0.346,0.000,0.654
258000,0.471,0.000,0.529
258500,0.308,0.000,0.692
259000,0.375,0.000,0.625
259500,0.323,0.000,0.677
260000,0.351,0.000,0.649
260500,0.426,0.000,0.574
261000,0.391,0.000,0.609
261500,0.510,0.000,0.490
262000,0.492,0.000,0.508
262500,0.423,0.000,0.577
263000,0.517,0.000,0.483
263500,0.426,0.000,0.574
264000,0.487,0.000,0.513
264500,0.383,0.000,0.617
265000,0.393,0.000,0.607
265500,0.399,0.000,0.601
266000,0.479,0.000,0.521
266500,0.273,0.000,0.727
267000,0.502,0.000,0.498
267500,0.394,0.000,0.606
268000,0.725,0.000,0.275
268500,0.431,0.000,0.569
269000,0.369,0.000,0.631
269500,0.302,0.000,0.698
270000,0.206,0.000,0.794
270500,0.354,0.000,0.646
271000,0.654,0.000,0.346
271500,0.334,0.000,0.666
272000,0.465,0.000,0.535
272500,0.234,0.000,0.766
273000,0.411,0.000,0.589
273500,0.243,0.000,0.757
274000,0.366,0.000,0.634
274500,0.454,0.000,0.546
275000,0.609,0.000,0.391
275500,0.420,0.000,0.580
276000,0.388,0.000,0.612
276500,0.522,0.000,0.478
277000,0.512,0.000,0.488
277500,0.766,0.000,0.234
278000,0.495,0.000,0.505
278500,0.421,0.000,0.579
279000,0.336,0.000,0.664
279500,0.492,0.000,0.508
280000,0.543,0.000,0.457
280500,0.518,0.000,0.482
281000,0.554,0.000,0.446
281500,0.354,0.000,0.646
282000,0.444,0.000,0.556
282500,0.454,0.000,0.546
283000,0.621,0.000,0.379
283500,0.584,0.000,0.416
284000,0.515,0.000,0.485
284500,0.212,0.000,0.788
285000,0.449,0.000,0.551
285500,0.380,0.000,0.620
286000,0.444,0.000,0.556
286500,0.426,0.000,0.574
287000,0.303,0.000,0.697
287500,0.296,0.000,0.704
288000,0.246,0.000,0.754
288500,0.345,0.000,0.655
289000,0.516,0.000,0.484
289500,0.423,0.000,0.577
290000,0.567,0.000,0.433
290500,0.317,0.000,0.683
291000,0.490,0.000,0.510
291500,0.490,0.000,0.510
292000,0.462,0.000,0.538
292500,0.536,0.000,0.464
293000,0.384,0.000,0.616
293500,0.441,0.000,0.559
294000,0.446,0.000,0.554
294500,0.333,0.000,0.667
295000,0.558,0.000,0.442
295500,0.502,0.000,0.498
296000,0.585,0.000,0.415
296500,0.464,0.000,0.536
297000,0.343,0.000,0.657
297500,0.554,0.000,0.446
298000,0.412,0.000,0.588
298500,0.315,0.000,0.685
299000,0.256,0.000,0.744
299500,0.519,0.000,0.481
300000,0.396,0.000,0.604
300500,0.397,0.000,0.603
301000,0.331,0.000,0.669
301500,0.326,0.000,0.674
302000,0.441,0.000,0.559
302500,0.406,0.000,0.594
303000,0.555,0.000,0.445
303500,0.526,0.000,0.474
304000,0.286,0.000,0.714
304500,0.398,0.000,0.602
305000,0.461,0.000,0.539
305500,0.414,0.000,0.586
306000,0.350,0.000,0.650
306500,0.447,0.000,0.553
307000,0.492,0.000,0.508
307500,0.550,0.000,0.450
308000,0.430,0.000,0.570
308500,0.423,0.000,0.577
309000,0.335,0.000,0.665
309500,0.528,0.000,0.472
310000,0.418,0.000,0.582
310500,0.506,0.000,0.494
311000,0.417,0.000,0.583
311500,0.441,0.000,0.559
312000,0.601,0.000,0.399
312500,0.392,0.000,0.608
313000,0.477,0.000,0.523
313500,0.516,0.000,0.484
314000,0.410,0.000,0.590
314500,0.383,0.000,0.617
315000,0.458,0.000,0.542
315500,0.335,0.000,0.665
316000,0.490,0.000,0.510
316500,0.535,0.000,0.465
317000,0.493,0.000,0.507
317500,0.479,0.000,0.521
318000,0.568,0.000,0.432
318500,0.644,0.000,0.356
319000,0.270,0.000,0.730
319500,0.399,0.000,0.601
320000,0.290,0.000,0.710
320500,0.373,0.000,0.627
321000,0.346,0.000,0.654
321500,0.531,0.000,0.469
322000,0.554,0.000,0.446
322500,0.568,0.000,0.432
323000,0.606,0.000,0.394
323500,0.413,0.000,0.587
324000,0.384,0.000,0.616
324500,0.411,0.000,0.589
325000,0.414,0.000,0.586
325500,0.309,0.000,0.691
326000,0.446,0.000,0.554
326500,0.460,0.000,0.540
327000,0.456,0.000,0.544
327500,0.460,0.000,0.540
328000,0.507,0.000,0.493
328500,0.390,0.000,0.610
329000,0.422,0.000,0.578
329500,0.467,0.000,0.533
330000,0.404,0.000,0.596
330500,0.330,0.000,0.670
331000,0.566,0.000,0.434
331500,0.327,0.000,0.673
332000,0.448,0.000,0.552
332500,0.556,0.000,0.444
333000,0.383,0.000,0.617
333500,0.385,0.000,0.615
334000,0.534,0.000,0.466
334500,0.363,0.000,0.637
335000,0.431,0.000,0.569
335500,0.651,0.000,0.349
336000,0.592,0.000,0.408
336500,0.551,0.000,0.449
337000,0.481,0.000,0.519
337500,0.437,0.000,0.563
338000,0.388,0.000,0.612
338500,0.523,0.000,0.477
339000,0.231,0.000,0.769
339500,0.497,0.000,0.503
340000,0.463,0.000,0.537
340500,0.340,0.000,0.660
341000,0.375,0.000,0.625
341500,0.534,0.000,0.466
342000,0.658,0.000,0.342
342500,0.337,0.000,0.663
343000,0.434,0.000,0.566
343500,0.531,0.000,0.469
344000,0.412,0.000,0.588
344500,0.486,0.000,0.514
345000,0.352,0.000,0.648
345500,0.527,0.000,0.473
346000,0.530,0.000,0.470
346500,0.382,0.000,0.618
347000,0.367,0.000,0.633
347500,0.455,0.000,0.545
348000,0.633,0.000,0.367
348500,0.326,0.000,0.674
349000,0.268,0.000,0.732
349500,0.503,0.000,0.497
350000,0.434,0.000,0.566
350500,0.384,0.000,0.616
351000,0.526,0.000,0.474
351500,0.462,0.000,0.538
352000,0.388,0.000,0.612
352500,0.547,0.000,0.453
353000,0.540,0.000,0.460
353500,0.323,0.000,0.677
354000,0.240,0.000,0.760
354500,0.368,0.000,0.632
355000,0.433,0.000,0.567
355500,0.556,0.000,0.444
356000,0.415,0.000,0.585
356500,0.340,0.000,0.660
357000,0.459,0.000,0.541
357500,0.181,0.000,0.819
358000,0.294,0.000,0.706
358500,0.623,0.000,0.377
359000,0.429,0.000,0.571
359500,0.306,0.000,0.694
360000,0.361,0.000,0.639
360500,0.294,0.000,0.706
361000,0.490,0.000,0.510
361500,0.371,0.000,0.629
362000,0.550,0.000,0.450
362500,0.379,0.000,0.621
363000,0.431,0.000,0.569
363500,0.357,0.000,0.643
364000,0.265,0.000,0.735
364500,0.379,0.000,0.621
365000,0.556,0.000,0.444
365500,0.479,0.000,0.521
366000,0.387,0.000,0.613
366500,0.482,0.000,0.518
367000,0.433,0.000,0.567
367500,0.484,0.000,0.516
368000,0.240,0.000,0.760
368500,0.449,0.000,0.551
369000,0.546,0.000,0.454
369500,0.529,0.000,0.471
370000,0.428,0.000,0.572
370500,0.306,0.000,0.694
371000,0.387,0.000,0.613
371500,0.491,0.000,0.509
372000,0.437,0.000,0.563
372500,0.334,0.000,0.666
373000,0.560,0.000,0.440
373500,0.520,0.000,0.480
374000,0.402,0.000,0.598
374500,0.451,0.000,0.549
375000,0.320,0.000,0.680
375500,0.500,0.000,0.500
376000,0.726,0.000,0.274
376500,0.602,0.000,0.398
377000,0.383,0.000,0.617
377500,0.404,0.000,0.596
378000,0.484,0.000,0.516
378500,0.595,0.000,0.405
379000,0.553,0.000,0.447
379500,0.678,0.000,0.322
380000,0.529,0.000,0.471
380500,0.381,0.000,0.619
381000,0.570,0.000,0.430
381500,0.502,0.000,0.498
382000,0.428,0.000,0.572
382500,0.479,0.000,0.521
383000,0.392,0.000,0.608
383500,0.400,0.000,0.600
384000,0.264,0.000,0.736
384500,0.662,0.000,0.338
385000,0.485,0.000,0.515
385500,0.356,0.000,0.644
386000,0.491,0.000,0.509
386500,0.406,0.000,0.594
387000,0.401,0.000,0.599
387500,0.392,0.000,0.608
388000,0.590,0.000,0.410
388500,0.450,0.000,0.550
389000,0.415,0.000,0.585
389500,0.333,0.000,0.667
390000,0.305,0.000,0.695
390500,0.437,0.000,0.563
391000,0.418,0.000,0.582
391500,0.531,0.000,0.469
392000,0.422,0.000,0.578
392500,0.415,0.000,0.585
393000,0.360,0.000,0.640
393500,0.331,0.000,0.669
394000,0.306,0.000,0.694
394500,0.378,0.000,0.622
395000,0.462,0.000,0.538
395500,0.471,0.000,0.529
396000,0.456,0.000,0.544
396500,0.374,0.000,0.626
397000,0.330,0.000,0.670
397500,0.575,0.000,0.425
398000,0.399,0.000,0.601
398500,0.459,0.000,0.541
399000,0.491,0.000,0.509
399500,0.344,0.000,0.656
400000,0.558,0.000,0.442
400500,0.401,0.000,0.599
401000,0.398,0.000,0.602
401500,0.305,0.000,0.695
402000,0.503,0.000,0.497
402500,0.576,0.000,0.424
403000,0.459,0.000,0.541
403500,0.434,0.000,0.566
404000,0.193,0.000,0.807
404500,0.449,0.000,0.551
405000,0.355,0.000,0.645
405500,0.368,0.000,0.632
406000,0.310,0.000,0.690
406500,0.554,0.000,0.446
407000,0.344,0.000,0.656
407500,0.490,0.000,0.510
408000,0.474,0.000,0.526
408500,0.679,0.000,0.321
409000,0.365,0.000,0.635
409500,0.385,0.000,0.615
410000,0.369,0.000,0.631
410500,0.426,0.000,0.574
411000,0.744,0.000,0.256
411500,0.519,0.000,0.481
412000,0.601,0.000,0.399
412500,0.411,0.000,0.589
413000,0.497,0.000,0.503
413500,0.461,0.000,0.539
414000,0.350,0.000,0.650
414500,0.442,0.000,0.558
415000,0.422,0.000,0.578
415500,0.418,0.000,0.582
416000,0.448,0.000,0.552
416500,0.368,0.000,0.632
417000,0.399,0.000,0.601
417500,0.389,0.000,0.611
418000,0.631,0.000,0.369
418500,0.559,0.000,0.441
419000,0.393,0.000,0.607
419500,0.296,0.000,0.704
420000,0.300,0.000,0.700
420500,0.358,0.000,0.642
421000,0.625,0.000,0.375
421500,0.686,0.000,0.314
422000,0.519,0.000,0.481
422500,0.474,0.000,0.526
423000,0.394,0.000,0.606
423500,0.312,0.000,0.688
424000,0.450,0.000,0.550
424500,0.263,0.000,0.737
425000,0.375,0.000,0.625
425500,0.534,0.000,0.466
426000,0.419,0.000,0.581
426500,0.501,0.000,0.499
427000,0.482,0.000,0.518
427500,0.554,0.000,0.446
428000,0.388,0.000,0.612
428500,0.578,0.000,0.422
429000,0.509,0.000,0.491
429500,0.536,0.000,0.464
430000,0.570,0.000,0.430
430500,0.528,0.000,0.472
431000,0.579,0.000,0.421
431500,0.310,0.000,0.690
432000,0.648,0.000,0.352
432500,0.330,0.000,0.670
433000,0.546,0.000,0.454
433500,0.313,0.000,0.687
434000,0.363,0.000,0.637
434500,0.470,0.000,0.530
435000,0.462,0.000,0.538
435500,0.669,0.000,0.331
436000,0.456,0.000,0.544
436500,0.192,0.000,0.808
437000,0.349,0.000,0.651
437500,0.531,0.000,0.469
438000,0.462,0.000,0.538
438500,0.468,0.000,0.532
439000,0.415,0.000,0.585
439500,0.523,0.000,0.477
440000,0.401,0.000,0.599
440500,0.308,0.000,0.692
441000,0.318,0.000,0.682
441500,0.429,0.000,0.571
442000,0.459,0.000,0.541
442500,0.386,0.000,0.614
443000,0.423,0.000,0.577
443500,0.445,0.000,0.555
444000,0.464,0.000,0.536
444500,0.467,0.000,0.533
445000,0.394,0.000,0.606
445500,0.535,0.000,0.465
446000,0.539,0.000,0.461
446500,0.249,0.000,0.751
447000,0.476,0.000,0.524
447500,0.404,0.000,0.596
448000,0.434,0.000,0.566
448500,0.474,0.000,0.526
449000,0.259,0.000,0.741
449500,0.482,0.000,0.518
450000,0.575,0.000,0.425
450500,0.368,0.000,0.632
451000,0.602,0.000,0.398
451500,0.316,0.000,0.684
452000,0.241,0.000,0.759
452500,0.488,0.000,0.512
453000,0.387,0.000,0.613
453500,0.435,0.000,0.565
454000,0.669,0.000,0.331
454500,0.581,0.000,0.419
455000,0.241,0.000,0.759
455500,0.458,0.000,0.542
456000,0.439,0.000,0.561
456500,0.346,0.000,0.654
457000,0.651,0.000,0.349
457500,0.457,0.000,0.543
458000,0.305,0.000,0.695
458500,0.466,0.000,0.534
459000,0.512,0.000,0.488
459500,0.341,0.000,0.659
460000,0.479,0.000,0.521
460500,0.446,0.000,0.554
461000,0.435,0.000,0.565
461500,0.385,0.000,0.615
462000,0.320,0.000,0.680
462500,0.320,0.000,0.680
463000,0.391,0.000,0.609
463500,0.596,0.000,0.404
464000,0.444,0.000,0.556
464500,0.546,0.000,0.454
465000,0.454,0.000,0.546
465500,0.509,0.000,0.491
466000,0.523,0.000,0.477
466500,0.413,0.000,0.587
467000,0.306,0.000,0.694
467500,0.503,0.000,0.497
468000,0.517,0.000,0.483
468500,0.468,0.000,0.532
469000,0.429,0.000,0.571
469500,0.443,0.000,0.557
470000,0.332,0.000,0.668
470500,0.462,0.000,0.538
471000,0.669,0.000,0.331
471500,0.502,0.000,0.498
472000,0.546,0.000,0.454
472500,0.320,0.000,0.680
473000,0.407,0.000,0.593
473500,0.581,0.000,0.419
474000,0.354,0.000,0.646
474500,0.540,0.000,0.460
475000,0.403,0.000,0.597
475500,0.370,0.000,0.630
476000,0.427,0.000,0.573
476500,0.318,0.000,0.682
477000,0.456,0.000,0.544
477500,0.586,0.000,0.414
478000,0.434,0.000,0.566
478500,0.494,0.000,0.506
479000,0.359,0.000,0.641
479500,0.366,0.000,0.634
480000,0.468,0.000,0.532
480500,0.385,0.000,0.615
481000,0.672,0.000,0.328
481500,0.324,0.000,0.676
482000,0.445,0.000,0.555
482500,0.342,0.000,0.658
483000,0.413,0.000,0.587
483500,0.407,0.000,0.593
484000,0.481,0.000,0.519
484500,0.382,0.000,0.618
485000,0.517,0.000,0.483
485500,0.350,0.000,0.650
486000,0.530,0.000,0.470
486500,0.473,0.000,0.527
487000,0.401,0.000,0.599
487500,0.525,0.000,0.475
488000,0.182,0.000,0.818
488500,0.473,0.000,0.527
489000,0.705,0.000,0.295
489500,0.414,0.000,0.586
490000,0.645,0.000,0.355
490500,0.538,0.000,0.462
491000,0.420,0.000,0.580
491500,0.199,0.000,0.801
492000,0.404,0.000,0.596
492500,0.506,0.000,0.494
493000,0.598,0.000,0.402
493500,0.501,0.000,0.499
494000,0.322,0.000,0.678
494500,0.507,0.000,0.493
495000,0.501,0.000,0.499
495500,0.535,0.000,0.465
496000,0.376,0.000,0.624
496500,0.719,0.000,0.281
497000,0.442,0.000,0.558
497500,0.402,0.000,0.598
498000,0.307,0.000,0.693
498500,0.500,0.000,0.500
499000,0.280,0.000,0.720
499500,0.540,0.000,0.460
500000,0.518,0.000,0.482
500500,0.409,0.000,0.591
501000,0.341,0.000,0.659
501500,0.317,0.000,0.683
502000,0.375,0.000,0.625
502500,0.599,0.000,0.401
503000,0.368,0.000,0.632
503500,0.464,0.000,0.536
504000,0.667,0.000,0.333
504500,0.461,0.000,0.539
505000,0.366,0.000,0.634
505500,0.433,0.000,0.567
506000,0.610,0.000,0.390
506500,0.501,0.000,0.499
507000,0.322,0.000,0.678
507500,0.440,0.000,0.560
508000,0.388,0.000,0.612
508500,0.305,0.000,0.695
509000,0.250,0.000,0.750
509500,0.269,0.000,0.731
510000,0.439,0.000,0.561
510500,0.429,0.000,0.571
511000,0.626,0.000,0.374
511500,0.506,0.000,0.494
512000,0.384,0.000,0.616
512500,0.349,0.000,0.651
513000,0.421,0.000,0.579
513500,0.470,0.000,0.530
514000,0.448,0.000,0.552
514500,0.490,0.000,0.510
515000,0.395,0.000,0.605
515500,0.458,0.000,0.542
516000,0.439,0.000,0.561
516500,0.285,0.000,0.715
517000,0.427,0.000,0.573
517500,0.446,0.000,0.554
518000,0.349,0.000,0.651
518500,0.527,0.000,0.473
519000,0.435,0.000,0.565
519500,0.569,0.000,0.431
520000,0.469,0.000,0.531
520500,0.382,0.000,0.618
521000,0.457,0.000,0.543
521500,0.511,0.000,0.489
522000,0.257,0.000,0.743
522500,0.536,0.000,0.464
523000,0.363,0.000,0.637
523500,0.435,0.000,0.565
524000,0.383,0.000,0.617
524500,0.301,0.000,0.699
525000,0.493,0.000,0.507
525500,0.632,0.000,0.368
526000,0.452,0.000,0.548
526500,0.389,0.000,0.611
527000,0.468,0.000,0.532
527500,0.416,0.000,0.584
528000,0.450,0.000,0.550
528500,0.377,0.000,0.623
529000,0.534,0.000,0.466
529500,0.616,0.000,0.384
530000,0.628,0.000,0.372
530500,0.490,0.000,0.510
531000,0.412,0.000,0.588
531500,0.321,0.000,0.679
532000,0.691,0.000,0.309
532500,0.377,0.000,0.623
533000,0.485,0.000,0.515
533500,0.417,0.000,0.583
534000,0.435,0.000,0.565
534500,0.365,0.000,0.635
535000,0.350,0.000,0.650
535500,0.320,0.000,0.680
536000,0.325,0.000,0.675
536500,0.487,0.000,0.513
537000,0.505,0.000,0.495
537500,0.512,0.000,0.488
538000,0.465,0.000,0.535
538500,0.373,0.000,0.627
539000,0.293,0.000,0.707
539500,0.451,0.000,0.549
540000,0.554,0.000,0.446
540500,0.351,0.000,0.649
541000,0.388,0.000,0.612
541500,0.385,0.000,0.615
542000,0.339,0.000,0.661
542500,0.328,0.000,0.672
543000,0.380,0.000,0.620
543500,0.440,0.000,0.560
544000,0.581,0.000,0.419
544500,0.527,0.000,0.473
545000,0.485,0.000,0.515
545500,0.298,0.000,0.702
546000,0.441,0.000,0.559
546500,0.489,0.000,0.511
547000,0.490,0.000,0.510
547500,0.626,0.000,0.374
548000,0.421,0.000,0.579
548500,0.374,0.000,0.626
549000,0.629,0.000,0.371
549500,0.462,0.000,0.538
550000,0.446,0.000,0.554
550500,0.310,0.000,0.690
551000,0.578,0.000,0.422
551500,0.412,0.000,0.588
552000,0.351,0.000,0.649
552500,0.469,0.000,0.531
553000,0.390,0.000,0.610
553500,0.528,0.000,0.472
554000,0.247,0.000,0.753
554500,0.264,0.000,0.736
555000,0.521,0.000,0.479
555500,0.308,0.000,0.692
556000,0.449,0.000,0.551
556500,0.361,0.000,0.639
557000,0.338,0.000,0.662
557500,0.465,0.000,0.535
558000,0.437,0.000,0.563
558500,0.456,0.000,0.544
559000,0.348,0.000,0.652
559500,0.397,0.000,0.603
560000,0.633,0.000,0.367
560500,0.601,0.000,0.399
561000,0.504,0.000,0.496
561500,0.365,0.000,0.635
562000,0.482,0.000,0.518
562500,0.324,0.000,0.676
563000,0.435,0.000,0.565
563500,0.501,0.000,0.499
564000,0.548,0.000,0.452
564500,0.503,0.000,0.497
565000,0.423,0.000,0.577
565500,0.587,0.000,0.413
566000,0.597,0.000,0.403
566500,0.364,0.000,0.636
567000,0.563,0.000,0.437
567500,0.310,0.000,0.690
568000,0.369,0.000,0.631
568500,0.528,0.000,0.472
569000,0.388,0.000,0.612
569500,0.388,0.000,0.612
570000,0.531,0.000,0.469
570500,0.389,0.000,0.611
571000,0.329,0.000,0.671
571500,0.385,0.000,0.615
572000,0.564,0.000,0.436
572500,0.440,0.000,0.560
573000,0.345,0.000,0.655
573500,0.304,0.000,0.696
574000,0.331,0.000,0.669
574500,0.432,0.000,0.568
575000,0.378,0.000,0.622
575500,0.650,0.000,0.350
576000,0.636,0.000,0.364
576500,0.472,0.000,0.528
577000,0.294,0.000,0.706
577500,0.696,0.000,0.304
578000,0.320,0.000,0.680
578500,0.475,0.000,0.525
579000,0.513,0.000,0.487
579500,0.411,0.000,0.589
580000,0.478,0.000,0.522
580500,0.272,0.000,0.728
581000,0.458,0.000,0.542
581500,0.638,0.000,0.362
582000,0.377,0.000,0.623
582500,0.532,0.000,0.468
583000,0.416,0.000,0.584
583500,0.547,0.000,0.453
584000,0.425,0.000,0.575
584500,0.491,0.000,0.509
585000,0.365,0.000,0.635
585500,0.429,0.000,0.571
586000,0.414,0.000,0.586
586500,0.591,0.000,0.409
587000,0.372,0.000,0.628
587500,0.306,0.000,0.694
588000,0.509,0.000,0.491
588500,0.366,0.000,0.634
589000,0.361,0.000,0.639
589500,0.281,0.000,0.719
590000,0.299,0.000,0.701
590500,0.453,0.000,0.547
591000,0.518,0.000,0.482
591500,0.429,0.000,0.571
592000,0.596,0.000,0.404
592500,0.387,0.000,0.613
593000,0.352,0.000,0.648
593500,0.424,0.000,0.576
594000,0.240,0.000,0.760
594500,0.368,0.000,0.632
595000,0.597,0.000,0.403
595500,0.584,0.000,0.416
596000,0.314,0.000,0.686
596500,0.480,0.000,0.520
597000,0.484,0.000,0.516
597500,0.415,0.000,0.585
598000,0.485,0.000,0.515
598500,0.445,0.000,0.555
599000,0.443,0.000,0.557
599500,0.412,0.000,0.588
600000,0.388,0.000,0.612
600500,0.319,0.000,0.681
601000,0.589,0.000,0.411
601500,0.314,0.000,0.686
602000,0.284,0.000,0.716
602500,0.320,0.000,0.680
603000,0.381,0.000,0.619
603500,0.399,0.000,0.601
604000,0.334,0.000,0.666
604500,0.588,0.000,0.412
605000,0.468,0.000,0.532
605500,0.430,0.000,0.570
606000,0.411,0.000,0.589
606500,0.404,0.000,0.596
607000,0.595,0.000,0.405
607500,0.518,0.000,0.482
608000,0.420,0.000,0.580
608500,0.432,0.000,0.568
609000,0.221,0.000,0.779
609500,0.517,0.000,0.483
610000,0.497,0.000,0.503
610500,0.548,0.000,0.452
611000,0.494,0.000,0.506
611500,0.422,0.000,0.578
612000,0.375,0.000,0.625
612500,0.407,0.000,0.593
613000,0.632,0.000,0.368
613500,0.419,0.000,0.581
614000,0.599,0.000,0.401
614500,0.431,0.000,0.569
615000,0.271,0.000,0.729
615500,0.453,0.000,0.547
616000,0.431,0.000,0.569
616500,0.451,0.000,0.549
617000,0.498,0.000,0.502
617500,0.436,0.000,0.564
618000,0.411,0.000,0.589
618500,0.284,0.000,0.716
619000,0.386,0.000,0.614
619500,0.549,0.000,0.451
620000,0.483,0.000,0.517
620500,0.303,0.000,0.697
621000,0.489,0.000,0.511
621500,0.577,0.000,0.423
622000,0.302,0.000,0.698
622500,0.342,0.000,0.658
623000,0.475,0.000,0.525
623500,0.544,0.000,0.456
624000,0.407,0.000,0.593
624500,0.443,0.000,0.557
625000,0.492,0.000,0.508
625500,0.474,0.000,0.526
626000,0.544,0.000,0.456
626500,0.355,0.000,0.645
627000,0.350,0.000,0.650
627500,0.421,0.000,0.579
628000,0.318,0.000,0.682
628500,0.480,0.000,0.520
629000,0.220,0.000,0.780
629500,0.573,0.000,0.427
630000,0.427,0.000,0.573
630500,0.495,0.000,0.505
631000,0.612,0.000,0.388
631500,0.453,0.000,0.547
632000,0.279,0.000,0.721
632500,0.393,0.000,0.607
633000,0.609,0.000,0.391
633500,0.384,0.000,0.616
634000,0.443,0.000,0.557
634500,0.538,0.000,0.462
635000,0.503,0.000,0.497
635500,0.632,0.000,0.368
636000,0.654,0.000,0.346
636500,0.437,0.000,0.563
637000,0.599,0.000,0.401
637500,0.346,0.000,0.654
638000,0.382,0.000,0.618
638500,0.425,0.000,0.575
639000,0.471,0.000,0.529
639500,0.373,0.000,0.627
640000,0.412,0.000,0.588
640500,0.409,0.000,0.591
641000,0.351,0.000,0.649
641500,0.506,0.000,0.494
642000,0.395,0.000,0.605
642500,0.324,0.000,0.676
643000,0.589,0.000,0.411
643500,0.523,0.000,0.477
644000,0.456,0.000,0.544
644500,0.549,0.000,0.451
645000,0.271,0.000,0.729
645500,0.299,0.000,0.701
646000,0.264,0.000,0.736
646500,0.277,0.000,0.723
647000,0.395,0.000,0.605
647500,0.421,0.000,0.579
648000,0.530,0.000,0.470
648500,0.323,0.000,0.677
649000,0.452,0.000,0.548
649500,0.725,0.000,0.275
650000,0.492,0.000,0.508
650500,0.420,0.000,0.580
651000,0.279,0.000,0.721
651500,0.440,0.000,0.560
652000,0.426,0.000,0.574
652500,0.403,0.000,0.597
653000,0.434,0.000,0.566
653500,0.362,0.000,0.638
654000,0.449,0.000,0.551
654500,0.399,0.000,0.601
655000,0.551,0.000,0.449
655500,0.694,0.000,0.306
656000,0.447,0.000,0.553
656500,0.193,0.000,0.807
657000,0.589,0.000,0.411
657500,0.463,0.000,0.537
658000,0.420,0.000,0.580
658500,0.545,0.000,0.455
659000,0.290,0.000,0.710
659500,0.491,0.000,0.509
660000,0.590,0.000,0.410
660500,0.610,0.000,0.390
661000,0.552,0.000,0.448
661500,0.587,0.000,0.413
662000,0.504,0.000,0.496
662500,0.389,0.000,0.611
663000,0.417,0.000,0.583
663500,0.405,0.000,0.595
664000,0.596,0.000,0.404
664500,0.427,0.000,0.573
665000,0.456,0.000,0.544
665500,0.478,0.000,0.522
666000,0.332,0.000,0.668
666500,0.442,0.000,0.558
667000,0.481,0.000,0.519
667500,0.366,0.000,0.634
668000,0.573,0.000,0.427
668500,0.309,0.000,0.691
669000,0.411,0.000,0.589
669500,0.549,0.000,0.451
670000,0.452,0.000,0.548
670500,0.464,0.000,0.536
671000,0.497,0.000,0.503
671500,0.534,0.000,0.466
672000,0.206,0.000,0.794
672500,0.322,0.000,0.678
673000,0.354,0.000,0.646
673500,0.274,0.000,0.726
674000,0.288,0.000,0.712
674500,0.404,0.000,0.596
675000,0.520,0.000,0.480
675500,0.385,0.000,0.615
676000,0.388,0.000,0.612
676500,0.518,0.000,0.482
677000,0.368,0.000,0.632
677500,0.516,0.000,0.484
678000,0.502,0.000,0.498
678500,0.498,0.000,0.502
679000,0.316,0.000,0.684
679500,0.351,0.000,0.649
680000,0.693,0.000,0.307
680500,0.592,0.000,0.408
681000,0.301,0.000,0.699
681500,0.380,0.000,0.620
682000,0.439,0.000,0.561
682500,0.473,0.000,0.527
683000,0.627,0.000,0.373
683500,0.463,0.000,0.537
684000,0.469,0.000,0.531
684500,0.359,0.000,0.641
685000,0.366,0.000,0.634
685500,0.437,0.000,0.563
686000,0.703,0.000,0.297
686500,0.375,0.000,0.625
687000,0.433,0.000,0.567
687500,0.653,0.000,0.347
688000,0.475,0.000,0.525
688500,0.564,0.000,0.436
689000,0.349,0.000,0.651
689500,0.508,0.000,0.492
690000,0.501,0.000,0.499
690500,0.599,0.000,0.401
691000,0.459,0.000,0.541
691500,0.528,0.000,0.472
692000,0.406,0.000,0.594
692500,0.560,0.000,0.440
693000,0.458,0.000,0.542
693500,0.389,0.000,0.611
694000,0.579,0.000,0.421
694500,0.418,0.000,0.582
695000,0.404,0.000,0.596
695500,0.426,0.000,0.574
696000,0.511,0.000,0.489
696500,0.614,0.000,0.386
697000,0.704,0.000,0.296
697500,0.439,0.000,0.561
698000,0.522,0.000,0.478
698500,0.616,0.000,0.384
699000,0.467,0.000,0.533
699500,0.485,0.000,0.515
700000,0.536,0.000,0.464
700500,0.276,0.000,0.724
701000,0.545,0.000,0.455
701500,0.514,0.000,0.486
702000,0.520,0.000,0.480
702500,0.283,0.000,0.717
703000,0.406,0.000,0.594
703500,0.448,0.000,0.552
704000,0.550,0.000,0.450
704500,0.594,0.000,0.406
705000,0.343,0.000,0.657
705500,0.508,0.000,0.492
706000,0.238,0.000,0.762
706500,0.547,0.000,0.453
707000,0.541,0.000,0.459
707500,0.355,0.000,0.645
708000,0.507,0.000,0.493
708500,0.380,0.000,0.620
709000,0.374,0.000,0.626
709500,0.485,0.000,0.515
710000,0.535,0.000,0.465
710500,0.338,0.000,0.662
711000,0.446,0.000,0.554
711500,0.471,0.000,0.529
712000,0.231,0.000,0.769
712500,0.365,0.000,0.635
713000,0.320,0.000,0.680
713500,0.323,0.000,0.677
714000,0.336,0.000,0.664
714500,0.587,0.000,0.413
715000,0.445,0.000,0.555
715500,0.434,0.000,0.566
716000,0.312,0.000,0.688
716500,0.426,0.000,0.574
717000,0.421,0.000,0.579
717500,0.342,0.000,0.658
718000,0.417,0.000,0.583
718500,0.457,0.000,0.543
719000,0.439,0.000,0.561
719500,0.430,0.000,0.570
720000,0.503,0.000,0.497
720500,0.521,0.000,0.479
721000,0.433,0.000,0.567
721500,0.447,0.000,0.553
722000,0.483,0.000,0.517
722500,0.370,0.000,0.630
723000,0.581,0.000,0.419
723500,0.409,0.000,0.591
724000,0.562,0.000,0.438
724500,0.462,0.000,0.538
725000,0.433,0.000,0.567
725500,0.475,0.000,0.525
726000,0.355,0.000,0.645
726500,0.539,0.000,0.461
727000,0.377,0.000,0.623
727500,0.503,0.000,0.497
728000,0.528,0.000,0.472
728500,0.699,0.000,0.301
729000,0.355,0.000,0.645
729500,0.401,0.000,0.599
730000,0.512,0.000,0.488
730500,0.524,0.000,0.476
731000,0.532,0.000,0.468
731500,0.414,0.000,0.586
732000,0.282,0.000,0.718
732500,0.386,0.000,0.614
733000,0.358,0.000,0.642
733500,0.359,0.000,0.641
734000,0.435,0.000,0.565
734500,0.493,0.000,0.507
735000,0.253,0.000,0.747
735500,0.379,0.000,0.621
736000,0.471,0.000,0.529
736500,0.339,0.000,0.661
737000,0.474,0.000,0.526
737500,0.446,0.000,0.554
738000,0.274,0.000,0.726
738500,0.457,0.000,0.543
739000,0.491,0.000,0.509
739500,0.351,0.000,0.649
740000,0.527,0.000,0.473
740500,0.390,0.000,0.610
741000,0.498,0.000,0.502
741500,0.369,0.000,0.631
742000,0.524,0.000,0.476
742500,0.492,0.000,0.508
743000,0.406,0.000,0.594
743500,0.406,0.000,0.594
744000,0.547,0.000,0.453
744500,0.376,0.000,0.624
745000,0.556,0.000,0.444
745500,0.437,0.000,0.563
746000,0.293,0.000,0.707
746500,0.472,0.000,0.528
747000,0.295,0.000,0.705
747500,0.386,0.000,0.614
748000,0.551,0.000,0.449
748500,0.545,0.000,0.455
749000,0.400,0.000,0.600
749500,0.488,0.000,0.512
750000,0.347,0.000,0.653
750500,0.500,0.000,0.500
751000,0.547,0.000,0.453
751500,0.442,0.000,0.558
752000,0.428,0.000,0.572
752500,0.452,0.000,0.548
753000,0.383,0.000,0.617
753500,0.671,0.000,0.329
754000,0.424,0.000,0.576
754500,0.578,0.000,0.422
755000,0.521,0.000,0.479
755500,0.357,0.000,0.643
756000,0.379,0.000,0.621
756500,0.441,0.000,0.559
757000,0.594,0.000,0.406
757500,0.374,0.000,0.626
758000,0.383,0.000,0.617
758500,0.638,0.000,0.362
759000,0.602,0.000,0.398
759500,0.474,0.000,0.526
760000,0.409,0.000,0.591
760500,0.371,0.000,0.629
761000,0.436,0.000,0.564
761500,0.379,0.000,0.621
762000,0.476,0.000,0.524
762500,0.397,0.000,0.603
763000,0.486,0.000,0.514
763500,0.423,0.000,0.577
764000,0.345,0.000,0.655
764500,0.463,0.000,0.537
765000,0.590,0.000,0.410
765500,0.676,0.000,0.324
766000,0.338,0.000,0.662
766500,0.390,0.000,0.610
767000,0.364,0.000,0.636
767500,0.624,0.000,0.376
768000,0.349,0.000,0.651
768500,0.260,0.000,0.740
769000,0.406,0.000,0.594
769500,0.427,0.000,0.573
770000,0.468,0.000,0.532
770500,0.342,0.000,0.658
771000,0.304,0.000,0.696
771500,0.503,0.000,0.497
772000,0.548,0.000,0.452
772500,0.513,0.000,0.487
773000,0.372,0.000,0.628
773500,0.469,0.000,0.531
774000,0.745,0.000,0.255
774500,0.429,0.000,0.571
775000,0.369,0.000,0.631
775500,0.558,0.000,0.442
776000,0.313,0.000,0.687
776500,0.336,0.000,0.664
777000,0.500,0.000,0.500
777500,0.435,0.000,0.565
778000,0.370,0.000,0.630
778500,0.466,0.000,0.534
779000,0.405,0.000,0.595
779500,0.568,0.000,0.432
780000,0.520,0.000,0.480
780500,0.703,0.000,0.297
781000,0.412,0.000,0.588
781500,0.604,0.000,0.396
782000,0.254,0.000,0.746
782500,0.396,0.000,0.604
783000,0.371,0.000,0.629
783500,0.394,0.000,0.606
784000,0.428,0.000,0.572
784500,0.237,0.000,0.763
785000,0.398,0.000,0.602
785500,0.663,0.000,0.337
786000,0.378,0.000,0.622
786500,0.582,0.000,0.418
787000,0.342,0.000,0.658
787500,0.398,0.000,0.602
788000,0.475,0.000,0.525
788500,0.282,0.000,0.718
789000,0.594,0.000,0.406
789500,0.397,0.000,0.603
790000,0.486,0.000,0.514
790500,0.381,0.000,0.619
791000,0.424,0.000,0.576
791500,0.279,0.000,0.721
792000,0.511,0.000,0.489
792500,0.507,0.000,0.493
793000,0.356,0.000,0.644
793500,0.437,0.000,0.563
794000,0.367,0.000,0.633
794500,0.428,0.000,0.572
795000,0.470,0.000,0.530
795500,0.569,0.000,0.431
796000,0.558,0.000,0.442
796500,0.424,0.000,0.576
797000,0.481,0.000,0.519
797500,0.570,0.000,0.430
798000,0.475,0.000,0.525
798500,0.411,0.000,0.589
799000,0.437,0.000,0.563
799500,0.391,0.000,0.609
800000,0.490,0.000,0.510
800500,0.276,0.000,0.724
801000,0.461,0.000,0.539
801500,0.496,0.000,0.504
802000,0.626,0.000,0.374
802500,0.336,0.000,0.664
803000,0.507,0.000,0.493
803500,0.216,0.000,0.784
804000,0.498,0.000,0.502
804500,0.658,0.000,0.342
805000,0.373,0.000,0.627
805500,0.360,0.000,0.640
806000,0.439,0.000,0.561
806500,0.616,0.000,0.384
807000,0.350,0.000,0.650
807500,0.437,0.000,0.563
808000,0.240,0.000,0.760
808500,0.425,0.000,0.575
809000,0.447,0.000,0.553
809500,0.632,0.000,0.368
810000,0.475,0.000,0.525
810500,0.410,0.000,0.590
811000,0.348,0.000,0.652
811500,0.553,0.000,0.447
812000,0.429,0.000,0.571
812500,0.314,0.000,0.686
813000,0.470,0.000,0.530
813500,0.369,0.000,0.631
814000,0.305,0.000,0.695
814500,0.411,0.000,0.589
815000,0.486,0.000,0.514
815500,0.517,0.000,0.483
816000,0.463,0.000,0.537
816500,0.304,0.000,0.696
817000,0.325,0.000,0.675
817500,0.443,0.000,0.557
818000,0.395,0.000,0.605
818500,0.350,0.000,0.650
819000,0.389,0.000,0.611
819500,0.548,0.000,0.452
820000,0.681,0.000,0.319
820500,0.386,0.000,0.614
821000,0.458,0.000,0.542
821500,0.464,0.000,0.536
822000,0.392,0.000,0.608
822500,0.380,0.000,0.620
823000,0.436,0.000,0.564
823500,0.376,0.000,0.624
824000,0.313,0.000,0.687
824500,0.629,0.000,0.371
825000,0.441,0.000,0.559
825500,0.340,0.000,0.660
826000,0.385,0.000,0.615
826500,0.423,0.000,0.577
827000,0.252,0.000,0.748
827500,0.523,0.000,0.477
828000,0.479,0.000,0.521
828500,0.675,0.000,0.325
829000,0.519,0.000,0.481
829500,0.399,0.000,0.601
830000,0.455,0.000,0.545
830500,0.501,0.000,0.499
831000,0.469,0.000,0.531
831500,0.581,0.000,0.419
832000,0.355,0.000,0.645
832500,0.291,0.000,0.709
833000,0.544,0.000,0.456
833500,0.398,0.000,0.602
834000,0.282,0.000,0.718
834500,0.342,0.000,0.658
835000,0.389,0.000,0.611
835500,0.289,0.000,0.711
836000,0.324,0.000,0.676
836500,0.601,0.000,0.399
837000,0.703,0.000,0.297
837500,0.631,0.000,0.369
838000,0.281,0.000,0.719
838500,0.562,0.000,0.438
839000,0.427,0.000,0.573
839500,0.431,0.000,0.569
840000,0.393,0.000,0.607
840500,0.297,0.000,0.703
841000,0.509,0.000,0.491
841500,0.424,0.000,0.576
842000,0.469,0.000,0.531
842500,0.629,0.000,0.371
843000,0.358,0.000,0.642
843500,0.605,0.000,0.395
844000,0.426,0.000,0.574
844500,0.429,0.000,0.571
845000,0.368,0.000,0.632
845500,0.470,0.000,0.530
846000,0.291,0.000,0.709
846500,0.671,0.000,0.329
847000,0.472,0.000,0.528
847500,0.481,0.000,0.519
848000,0.326,0.000,0.674
848500,0.296,0.000,0.704
849000,0.484,0.000,0.516
849500,0.463,0.000,0.537
850000,0.291,0.000,0.709
850500,0.367,0.000,0.633
851000,0.394,0.000,0.606
851500,0.323,0.000,0.677
852000,0.371,0.000,0.629
852500,0.299,0.000,0.701
853000,0.469,0.000,0.531
853500,0.324,0.000,0.676
854000,0.241,0.000,0.759
854500,0.491,0.000,0.509
855000,0.514,0.000,0.486
855500,0.332,0.000,0.668
856000,0.392,0.000,0.608
856500,0.330,0.000,0.670
857000,0.550,0.000,0.450
857500,0.596,0.000,0.404
858000,0.358,0.000,0.642
858500,0.542,0.000,0.458
859000,0.455,0.000,0.545
859500,0.376,0.000,0.624
860000,0.412,0.000,0.588
860500,0.391,0.000,0.609
861000,0.472,0.000,0.528
861500,0.391,0.000,0.609
862000,0.335,0.000,0.665
862500,0.409,0.000,0.591
863000,0.340,0.000,0.660
863500,0.307,0.000,0.693
864000,0.381,0.000,0.619
864500,0.297,0.000,0.703
865000,0.349,0.000,0.651
865500,0.449,0.000,0.551
866000,0.575,0.000,0.425
866500,0.430,0.000,0.570
867000,0.405,0.000,0.595
867500,0.516,0.000,0.484
868000,0.578,0.000,0.422
868500,0.816,0.000,0.184
869000,0.432,0.000,0.568
869500,0.456,0.000,0.544
870000,0.420,0.000,0.580
870500,0.382,0.000,0.618
871000,0.550,0.000,0.450
871500,0.454,0.000,0.546
872000,0.447,0.000,0.553
872500,0.533,0.000,0.467
873000,0.458,0.000,0.542
873500,0.373,0.000,0.627
874000,0.340,0.000,0.660
874500,0.516,0.000,0.484
875000,0.522,0.000,0.478
875500,0.337,0.000,0.663
876000,0.514,0.000,0.486
876500,0.558,0.000,0.442
877000,0.457,0.000,0.543
877500,0.399,0.000,0.601
878000,0.567,0.000,0.433
878500,0.572,0.000,0.428
879000,0.509,0.000,0.491
879500,0.474,0.000,0.526
880000,0.385,0.000,0.615
880500,0.417,0.000,0.583
881000,0.239,0.000,0.761
881500,0.615,0.000,0.385
882000,0.550,0.000,0.450
882500,0.557,0.000,0.443
883000,0.297,0.000,0.703
883500,0.618,0.000,0.382
884000,0.453,0.000,0.547
884500,0.603,0.000,0.397
885000,0.330,0.000,0.670
885500,0.370,0.000,0.630
886000,0.576,0.000,0.424
886500,0.541,0.000,0.459
887000,0.609,0.000,0.391
887500,0.282,0.000,0.718
888000,0.454,0.000,0.546
888500,0.333,0.000,0.667
889000,0.535,0.000,0.465
889500,0.530,0.000,0.470
890000,0.392,0.000,0.608
890500,0.327,0.000,0.673
891000,0.303,0.000,0.697
891500,0.460,0.000,0.540
892000,0.562,0.000,0.438
892500,0.657,0.000,0.343
893000,0.364,0.000,0.636
893500,0.368,0.000,0.632
894000,0.438,0.000,0.562
894500,0.469,0.000,0.531
895000,0.358,0.000,0.642
895500,0.352,0.000,0.648
896000,0.408,0.000,0.592
896500,0.491,0.000,0.509
897000,0.391,0.000,0.609
897500,0.553,0.000,0.447
898000,0.300,0.000,0.700
898500,0.411,0.000,0.589
899000,0.424,0.000,0.576
899500,0.592,0.000,0.408
900000,0.574,0.000,0.426
900500,0.390,0.000,0.610
901000,0.549,0.000,0.451
901500,0.472,0.000,0.528
902000,0.467,0.000,0.533
902500,0.342,0.000,0.658
903000,0.530,0.000,0.470
903500,0.583,0.000,0.417
904000,0.547,0.000,0.453
904500,0.265,0.000,0.735
905000,0.600,0.000,0.400
905500,0.416,0.000,0.584
906000,0.353,0.000,0.647
906500,0.401,0.000,0.599
907000,0.206,0.000,0.794
907500,0.267,0.000,0.733
908000,0.291,0.000,0.709
908500,0.350,0.000,0.650
909000,0.438,0.000,0.562
909500,0.473,0.000,0.527
910000,0.508,0.000,0.492
910500,0.591,0.000,0.409
911000,0.311,0.000,0.689
911500,0.653,0.000,0.347
912000,0.485,0.000,0.515
912500,0.469,0.000,0.531
913000,0.365,0.000,0.635
913500,0.503,0.000,0.497
914000,0.332,0.000,0.668
914500,0.536,0.000,0.464
915000,0.442,0.000,0.558
915500,0.612,0.000,0.388
916000,0.450,0.000,0.550
916500,0.252,0.000,0.748
917000,0.431,0.000,0.569
917500,0.435,0.000,0.565
918000,0.325,0.000,0.675
918500,0.429,0.000,0.571
919000,0.477,0.000,0.523
919500,0.453,0.000,0.547
920000,0.455,0.000,0.545
920500,0.512,0.000,0.488
921000,0.256,0.000,0.744
921500,0.508,0.000,0.492
922000,0.462,0.000,0.538
922500,0.524,0.000,0.476
923000,0.685,0.000,0.315
923500,0.532,0.000,0.468
924000,0.436,0.000,0.564
924500,0.390,0.000,0.610
925000,0.487,0.000,0.513
925500,0.388,0.000,0.612
926000,0.397,0.000,0.603
926500,0.532,0.000,0.468
927000,0.265,0.000,0.735
927500,0.537,0.000,0.463
928000,0.378,0.000,0.622
928500,0.651,0.000,0.349
929000,0.251,0.000,0.749
929500,0.434,0.000,0.566
930000,0.249,0.000,0.751
930500,0.624,0.000,0.376
931000,0.467,0.000,0.533
931500,0.297,0.000,0.703
932000,0.517,0.000,0.483
932500,0.414,0.000,0.586
933000,0.447,0.000,0.553
933500,0.612,0.000,0.388
934000,0.266,0.000,0.734
934500,0.408,0.000,0.592
935000,0.402,0.000,0.598
935500,0.382,0.000,0.618
936000,0.583,0.000,0.417
936500,0.326,0.000,0.674
937000,0.271,0.000,0.729
937500,0.589,0.000,0.411
938000,0.613,0.000,0.387
938500,0.491,0.000,0.509
939000,0.316,0.000,0.684
939500,0.248,0.000,0.752
940000,0.475,0.000,0.525
940500,0.399,0.000,0.601
941000,0.439,0.000,0.561
941500,0.478,0.000,0.522
942000,0.543,0.000,0.457
942500,0.367,0.000,0.633
943000,0.534,0.000,0.466
943500,0.493,0.000,0.507
944000,0.336,0.000,0.664
944500,0.409,0.000,0.591
945000,0.284,0.000,0.716
945500,0.312,0.000,0.688
946000,0.304,0.000,0.696
946500,0.350,0.000,0.650
947000,0.576,0.000,0.424
947500,0.349,0.000,0.651
948000,0.329,0.000,0.671
948500,0.509,0.000,0.491
949000,0.579,0.000,0.421
949500,0.451,0.000,0.549
950000,0.269,0.000,0.731
950500,0.431,0.000,0.569
951000,0.429,0.000,0.571
951500,0.552,0.000,0.448
952000,0.478,0.000,0.522
952500,0.497,0.000,0.503
953000,0.525,0.000,0.475
953500,0.510,0.000,0.490
954000,0.649,0.000,0.351
954500,0.489,0.000,0.511
955000,0.308,0.000,0.692
955500,0.424,0.000,0.576
956000,0.758,0.000,0.242
956500,0.350,0.000,0.650
957000,0.295,0.000,0.705
957500,0.312,0.000,0.688
958000,0.380,0.000,0.620
958500,0.419,0.000,0.581
959000,0.435,0.000,0.565
959500,0.464,0.000,0.536
960000,0.318,0.000,0.682
960500,0.428,0.000,0.572
961000,0.254,0.000,0.746
961500,0.274,0.000,0.726
962000,0.481,0.000,0.519
962500,0.357,0.000,0.643
963000,0.501,0.000,0.499
963500,0.402,0.000,0.598
964000,0.380,0.000,0.620
964500,0.222,0.000,0.778
965000,0.377,0.000,0.623
965500,0.406,0.000,0.594
966000,0.192,0.000,0.808
966500,0.274,0.000,0.726
967000,0.636,0.000,0.364
967500,0.643,0.000,0.357
968000,0.494,0.000,0.506
968500,0.395,0.000,0.605
969000,0.353,0.000,0.647
969500,0.560,0.000,0.440
970000,0.367,0.000,0.633
970500,0.432,0.000,0.568
971000,0.584,0.000,0.416
971500,0.551,0.000,0.449
972000,0.373,0.000,0.627
972500,0.486,0.000,0.514
973000,0.439,0.000,0.561
973500,0.395,0.000,0.605
974000,0.549,0.000,0.451
974500,0.430,0.000,0.570
975000,0.548,0.000,0.452
975500,0.312,0.000,0.688
976000,0.525,0.000,0.475
976500,0.414,0.000,0.586
977000,0.427,0.000,0.573
977500,0.553,0.000,0.447
978000,0.518,0.000,0.482
978500,0.482,0.000,0.518
979000,0.480,0.000,0.520
979500,0.435,0.000,0.565
980000,0.399,0.000,0.601
980500,0.406,0.000,0.594
981000,0.500,0.000,0.500
981500,0.333,0.000,0.667
982000,0.468,0.000,0.532
982500,0.460,0.000,0.540
983000,0.461,0.000,0.539
983500,0.467,0.000,0.533
984000,0.519,0.000,0.481
984500,0.348,0.000,0.652
985000,0.347,0.000,0.653
985500,0.493,0.000,0.507
986000,0.526,0.000,0.474
986500,0.584,0.000,0.416
987000,0.367,0.000,0.633
987500,0.465,0.000,0.535
988000,0.496,0.000,0.504
988500,0.493,0.000,0.507
989000,0.386,0.000,0.614
989500,0.376,0.000,0.624
990000,0.362,0.000,0.638
990500,0.465,0.001,0.534
991000,0.414,0.000,0.586
991500,0.600,0.000,0.400
992000,0.432,0.000,0.568
992500,0.559,0.000,0.441
993000,0.508,0.000,0.492
993500,0.550,0.000,0.450
994000,0.440,0.000,0.560
994500,0.572,0.000,0.428
995000,0.426,0.000,0.574
995500,0.223,0.000,0.777
996000,0.546,0.000,0.454
996500,0.317,0.000,0.683
997000,0.372,0.000,0.628
997500,0.532,0.000,0.468
998000,0.452,0.000,0.548
998500,0.442,0.000,0.558
999000,0.378,0.000,0.622
999500,0.463,0.000,0.537
1000000,0.333,0.000,0.667
