time,n_A+p,n_B,n_AB
500,0.051,0.036,0.913
1000,0.086,0.003,0.911
1500,0.084,0.003,0.913
2000,0.036,0.008,0.956
2500,0.034,0.001,0.965
3000,0.058,0.007,0.935
3500,0.039,0.024,0.937
4000,0.068,0.020,0.912
4500,0.052,0.011,0.937
5000,0.079,0.000,0.921
5500,0.084,0.002,0.914
6000,0.091,0.000,0.909
6500,0.064,0.000,0.936
7000,0.044,0.013,0.943
7500,0.055,0.007,0.938
8000,0.037,0.030,0.933
8500,0.032,0.007,0.961
9000,0.047,0.010,0.943
9500,0.058,0.000,0.942
10000,0.089,0.000,0.911
10500,0.054,0.000,0.946
11000,0.073,0.000,0.927
11500,0.087,0.007,0.906
12000,0.098,0.000,0.902
12500,0.058,0.007,0.935
13000,0.074,0.016,0.910
13500,0.061,0.008,0.931
14000,0.048,0.001,0.951
14500,0.060,0.000,0.940
15000,0.077,0.006,0.917
15500,0.079,0.000,0.921
16000,0.096,0.018,0.886
16500,0.031,0.013,0.956
17000,0.040,0.024,0.936
17500,0.043,0.000,0.957
18000,0.060,0.002,0.938
18500,0.053,0.000,0.947
19000,0.086,0.000,0.914
19500,0.063,0.011,0.926
20000,0.075,0.001,0.924
20500,0.054,0.000,0.946
21000,0.060,0.002,0.938
21500,0.087,0.007,0.906
22000,0.046,0.010,0.944
22500,0.068,0.000,0.932
23000,0.082,0.005,0.913
23500,0.061,0.001,0.938
24000,0.091,0.002,0.907
24500,0.060,0.000,0.940
25000,0.078,0.001,0.921
25500,0.035,0.022,0.943
26000,0.056,0.000,0.944
26500,0.057,0.010,0.933
27000,0.051,0.003,0.946
27500,0.058,0.000,0.942
28000,0.064,0.000,0.936
28500,0.081,0.011,0.908
29000,0.043,0.002,0.955
29500,0.110,0.000,0.890
30000,0.051,0.000,0.949
30500,0.059,0.002,0.939
31000,0.051,0.012,0.937
31500,0.073,0.030,0.897
32000,0.044,0.003,0.953
32500,0.103,0.000,0.897
33000,0.061,0.011,0.928
33500,0.047,0.000,0.953
34000,0.083,0.000,0.917
34500,0.046,0.000,0.954
35000,0.130,0.000,0.870
35500,0.052,0.022,0.926
36000,0.053,0.011,0.936
36500,0.061,0.000,0.939
37000,0.044,0.012,0.944
37500,0.030,0.016,0.954
38000,0.030,0.051,0.919
38500,0.086,0.043,0.871
39000,0.038,0.024,0.938
39500,0.046,0.012,0.942
40000,0.062,0.001,0.937
40500,0.053,0.001,0.946
41000,0.042,0.009,0.949
41500,0.086,0.001,0.913
42000,0.051,0.000,0.949
42500,0.049,0.020,0.931
43000,0.041,0.014,0.945
43500,0.070,0.003,0.927
44000,0.032,0.040,0.928
44500,0.052,0.000,0.948
45000,0.053,0.007,0.940
45500,0.048,0.002,0.950
46000,0.064,0.010,0.926
46500,0.069,0.000,0.931
47000,0.089,0.021,0.890
47500,0.073,0.014,0.913
48000,0.041,0.000,0.959
48500,0.050,0.000,0.950
49000,0.058,0.000,0.942
49500,0.080,0.001,0.919
50000,0.040,0.047,0.913
50500,0.031,0.032,0.937
51000,0.058,0.003,0.939
51500,0.119,0.018,0.863
52000,0.036,0.012,0.952
52500,0.067,0.000,0.933
53000,0.076,0.000,0.924
53500,0.031,0.062,0.907
54000,0.060,0.003,0.937
54500,0.033,0.005,0.962
55000,0.046,0.009,0.945
55500,0.132,0.000,0.868
56000,0.060,0.001,0.939
56500,0.058,0.008,0.934
57000,0.043,0.005,0.952
57500,0.056,0.005,0.939
58000,0.034,0.023,0.943
58500,0.049,0.014,0.937
59000,0.052,0.002,0.946
59500,0.043,0.024,0.933
60000,0.042,0.011,0.947
60500,0.089,0.000,0.911
61000,0.037,0.002,0.961
61500,0.058,0.027,0.915
62000,0.075,0.002,0.923
62500,0.057,0.001,0.942
63000,0.084,0.000,0.916
63500,0.066,0.012,0.922
64000,0.047,0.003,0.950
64500,0.084,0.000,0.916
65000,0.079,0.004,0.917
65500,0.031,0.028,0.941
66000,0.057,0.000,0.943
66500,0.050,0.000,0.950
67000,0.060,0.019,0.921
67500,0.056,0.009,0.935
68000,0.060,0.009,0.931
68500,0.067,0.000,0.933
69000,0.044,0.000,0.956
69500,0.065,0.030,0.905
70000,0.031,0.008,0.961
70500,0.048,0.000,0.952
71000,0.044,0.017,0.939
71500,0.038,0.000,0.962
72000,0.036,0.038,0.926
72500,0.061,0.000,0.939
73000,0.065,0.003,0.932
73500,0.052,0.007,0.941
74000,0.033,0.005,0.962
74500,0.057,0.000,0.943
75000,0.032,0.007,0.961
75500,0.053,0.000,0.947
76000,0.051,0.024,0.925
76500,0.035,0.011,0.954
77000,0.041,0.035,0.924
77500,0.062,0.020,0.918
78000,0.096,0.000,0.904
78500,0.038,0.007,0.955
79000,0.054,0.000,0.946
79500,0.048,0.019,0.933
80000,0.074,0.001,0.925
80500,0.057,0.021,0.922
81000,0.040,0.024,0.936
81500,0.065,0.000,0.935
82000,0.074,0.000,0.926
82500,0.110,0.000,0.890
83000,0.052,0.008,0.940
83500,0.035,0.035,0.930
84000,0.068,0.019,0.913
84500,0.042,0.001,0.957
85000,0.038,0.034,0.928
85500,0.034,0.017,0.949
86000,0.067,0.007,0.926
86500,0.061,0.014,0.925
87000,0.034,0.007,0.959
87500,0.083,0.009,0.908
88000,0.041,0.000,0.959
88500,0.048,0.000,0.952
89000,0.030,0.015,0.955
89500,0.070,0.000,0.930
90000,0.088,0.000,0.912
90500,0.062,0.017,0.921
91000,0.061,0.000,0.939
91500,0.059,0.004,0.937
92000,0.057,0.004,0.939
92500,0.031,0.023,0.946
93000,0.073,0.002,0.925
93500,0.053,0.014,0.933
94000,0.043,0.004,0.953
94500,0.050,0.012,0.938
95000,0.092,0.007,0.901
95500,0.042,0.006,0.952
96000,0.058,0.000,0.942
96500,0.052,0.000,0.948
97000,0.101,0.000,0.899
97500,0.059,0.004,0.937
98000,0.031,0.014,0.955
98500,0.099,0.003,0.898
99000,0.101,0.001,0.898
99500,0.044,0.000,0.956
100000,0.073,0.001,0.926
100500,0.064,0.000,0.936
101000,0.053,0.005,0.942
101500,0.065,0.012,0.923
102000,0.030,0.075,0.895
102500,0.043,0.030,0.927
103000,0.033,0.002,0.965
103500,0.070,0.000,0.930
104000,0.073,0.000,0.927
104500,0.094,0.000,0.906
105000,0.057,0.012,0.931
105500,0.060,0.005,0.935
106000,0.083,0.007,0.910
106500,0.099,0.000,0.901
107000,0.053,0.017,0.930
107500,0.065,0.019,0.916
108000,0.069,0.001,0.930
108500,0.059,0.000,0.941
109000,0.066,0.000,0.934
109500,0.059,0.029,0.912
110000,0.052,0.003,0.945
110500,0.063,0.006,0.931
111000,0.050,0.013,0.937
111500,0.069,0.000,0.931
112000,0.055,0.000,0.945
112500,0.035,0.001,0.964
113000,0.033,0.000,0.967
113500,0.069,0.024,0.907
114000,0.067,0.005,0.928
114500,0.075,0.000,0.925
115000,0.074,0.005,0.921
115500,0.042,0.005,0.953
116000,0.040,0.004,0.956
116500,0.053,0.000,0.947
117000,0.066,0.001,0.933
117500,0.084,0.000,0.916
118000,0.056,0.023,0.921
118500,0.075,0.000,0.925
119000,0.067,0.000,0.933
119500,0.074,0.000,0.926
120000,0.045,0.010,0.945
120500,0.036,0.013,0.951
121000,0.050,0.023,0.927
121500,0.075,0.000,0.925
122000,0.060,0.011,0.929
122500,0.052,0.000,0.948
123000,0.074,0.000,0.926
123500,0.038,0.036,0.926
124000,0.042,0.001,0.957
124500,0.047,0.022,0.931
125000,0.092,0.005,0.903
125500,0.060,0.020,0.920
126000,0.034,0.007,0.959
126500,0.052,0.000,0.948
127000,0.030,0.024,0.946
127500,0.098,0.001,0.901
128000,0.071,0.000,0.929
128500,0.080,0.010,0.910
129000,0.082,0.000,0.918
129500,0.042,0.012,0.946
130000,0.056,0.016,0.928
130500,0.101,0.002,0.897
131000,0.048,0.006,0.946
131500,0.064,0.024,0.912
132000,0.039,0.014,0.947
132500,0.041,0.008,0.951
133000,0.085,0.000,0.915
133500,0.070,0.001,0.929
134000,0.070,0.010,0.920
134500,0.045,0.001,0.954
135000,0.071,0.000,0.929
135500,0.055,0.000,0.945
136000,0.070,0.016,0.914
136500,0.040,0.024,0.936
137000,0.032,0.031,0.937
137500,0.052,0.001,0.947
138000,0.084,0.000,0.916
138500,0.060,0.005,0.935
139000,0.083,0.000,0.917
139500,0.040,0.017,0.943
140000,0.089,0.006,0.905
140500,0.061,0.001,0.938
141000,0.054,0.000,0.946
141500,0.061,0.000,0.939
142000,0.089,0.003,0.908
142500,0.069,0.005,0.926
143000,0.056,0.000,0.944
143500,0.051,0.000,0.949
144000,0.068,0.003,0.929
144500,0.071,0.011,0.918
145000,0.060,0.006,0.934
145500,0.058,0.000,0.942
146000,0.079,0.001,0.920
146500,0.060,0.015,0.925
147000,0.050,0.015,0.935
147500,0.074,0.001,0.925
148000,0.043,0.000,0.957
148500,0.035,0.015,0.950
149000,0.041,0.013,0.946
149500,0.062,0.033,0.905
150000,0.091,0.000,0.909
150500,0.117,0.000,0.883
151000,0.055,0.000,0.945
151500,0.117,0.001,0.882
152000,0.032,0.007,0.961
152500,0.047,0.015,0.938
153000,0.065,0.007,0.928
153500,0.042,0.007,0.951
154000,0.046,0.027,0.927
154500,0.038,0.018,0.944
155000,0.043,0.006,0.951
155500,0.059,0.000,0.941
156000,0.050,0.000,0.950
156500,0.083,0.000,0.917
157000,0.074,0.012,0.914
157500,0.063,0.018,0.919
158000,0.084,0.002,0.914
158500,0.035,0.016,0.949
159000,0.055,0.023,0.922
159500,0.113,0.000,0.887
160000,0.064,0.005,0.931
160500,0.067,0.005,0.928
161000,0.036,0.006,0.958
161500,0.042,0.017,0.941
162000,0.063,0.000,0.937
162500,0.045,0.002,0.953
163000,0.086,0.018,0.896
163500,0.071,0.004,0.925
164000,0.052,0.023,0.925
164500,0.060,0.002,0.938
165000,0.035,0.000,0.965
165500,0.055,0.002,0.943
166000,0.123,0.000,0.877
166500,0.051,0.023,0.926
167000,0.087,0.013,0.900
167500,0.083,0.006,0.911
168000,0.046,0.002,0.952
168500,0.038,0.001,0.961
169000,0.067,0.000,0.933
169500,0.044,0.004,0.952
170000,0.043,0.000,0.957
170500,0.048,0.015,0.937
171000,0.064,0.006,0.930
171500,0.037,0.033,0.930
172000,0.088,0.014,0.898
172500,0.068,0.000,0.932
173000,0.079,0.001,0.920
173500,0.049,0.000,0.951
174000,0.048,0.004,0.948
174500,0.051,0.004,0.945
175000,0.070,0.000,0.930
175500,0.068,0.003,0.929
176000,0.082,0.020,0.898
176500,0.065,0.025,0.910
177000,0.052,0.001,0.947
177500,0.105,0.000,0.895
178000,0.063,0.002,0.935
178500,0.100,0.000,0.900
179000,0.058,0.000,0.942
179500,0.048,0.002,0.950
180000,0.069,0.000,0.931
180500,0.091,0.000,0.909
181000,0.057,0.001,0.942
181500,0.038,0.000,0.962
182000,0.036,0.027,0.937
182500,0.062,0.001,0.937
183000,0.076,0.000,0.924
183500,0.076,0.000,0.924
184000,0.105,0.000,0.895
184500,0.056,0.002,0.942
185000,0.137,0.000,0.863
185500,0.071,0.000,0.929
186000,0.076,0.000,0.924
186500,0.066,0.023,0.911
187000,0.067,0.003,0.930
187500,0.068,0.001,0.931
188000,0.069,0.000,0.931
188500,0.084,0.000,0.916
189000,0.039,0.004,0.957
189500,0.061,0.034,0.905
190000,0.057,0.002,0.941
190500,0.050,0.033,0.917
191000,0.041,0.057,0.902
191500,0.032,0.038,0.930
192000,0.080,0.000,0.920
192500,0.056,0.000,0.944
193000,0.077,0.021,0.902
193500,0.060,0.030,0.910
194000,0.060,0.016,0.924
194500,0.091,0.000,0.909
195000,0.052,0.011,0.937
195500,0.045,0.001,0.954
196000,0.066,0.000,0.934
196500,0.036,0.006,0.958
197000,0.032,0.023,0.945
197500,0.063,0.007,0.930
198000,0.091,0.005,0.904
198500,0.039,0.018,0.943
199000,0.060,0.016,0.924
199500,0.053,0.004,0.943
200000,0.050,0.019,0.931
200500,0.038,0.024,0.938
201000,0.033,0.030,0.937
201500,0.054,0.009,0.937
202000,0.071,0.002,0.927
202500,0.031,0.006,0.963
203000,0.080,0.000,0.920
203500,0.048,0.000,0.952
204000,0.043,0.000,0.957
204500,0.057,0.000,0.943
205000,0.064,0.000,0.936
205500,0.041,0.012,0.947
206000,0.046,0.006,0.948
206500,0.033,0.015,0.952
207000,0.032,0.024,0.944
207500,0.053,0.000,0.947
208000,0.058,0.000,0.942
208500,0.077,0.000,0.923
209000,0.126,0.000,0.874
209500,0.041,0.041,0.918
210000,0.062,0.032,0.906
210500,0.045,0.025,0.930
211000,0.073,0.001,0.926
211500,0.063,0.000,0.937
212000,0.052,0.002,0.946
212500,0.105,0.000,0.895
213000,0.050,0.014,0.936
213500,0.064,0.006,0.930
214000,0.090,0.013,0.897
214500,0.134,0.000,0.866
215000,0.099,0.000,0.901
215500,0.053,0.022,0.925
216000,0.060,0.005,0.935
216500,0.050,0.000,0.950
217000,0.040,0.003,0.957
217500,0.062,0.005,0.933
218000,0.041,0.002,0.957
218500,0.076,0.000,0.924
219000,0.058,0.000,0.942
219500,0.047,0.004,0.949
220000,0.060,0.007,0.933
220500,0.055,0.000,0.945
221000,0.075,0.004,0.921
221500,0.032,0.007,0.961
222000,0.040,0.006,0.954
222500,0.068,0.000,0.932
223000,0.068,0.006,0.926
223500,0.067,0.000,0.933
224000,0.038,0.016,0.946
224500,0.065,0.003,0.932
225000,0.044,0.029,0.927
225500,0.091,0.003,0.906
226000,0.052,0.034,0.914
226500,0.072,0.001,0.927
227000,0.057,0.000,0.943
227500,0.037,0.021,0.942
228000,0.077,0.014,0.909
228500,0.057,0.000,0.943
229000,0.037,0.044,0.919
229500,0.042,0.000,0.958
230000,0.045,0.000,0.955
230500,0.051,0.022,0.927
231000,0.051,0.009,0.940
231500,0.071,0.000,0.929
232000,0.057,0.004,0.939
232500,0.088,0.000,0.912
233000,0.044,0.000,0.956
233500,0.083,0.000,0.917
234000,0.068,0.000,0.932
234500,0.050,0.006,0.944
235000,0.071,0.004,0.925
235500,0.100,0.002,0.898
236000,0.091,0.009,0.900
236500,0.051,0.021,0.928
237000,0.072,0.000,0.928
237500,0.034,0.000,0.966
238000,0.040,0.005,0.955
238500,0.088,0.000,0.912
239000,0.057,0.003,0.940
239500,0.062,0.001,0.937
240000,0.044,0.022,0.934
240500,0.068,0.000,0.932
241000,0.107,0.000,0.893
241500,0.063,0.017,0.920
242000,0.103,0.017,0.880
242500,0.062,0.041,0.897
243000,0.049,0.022,0.929
243500,0.091,0.000,0.909
244000,0.066,0.011,0.923
244500,0.113,0.000,0.887
245000,0.051,0.003,0.946
245500,0.054,0.000,0.946
246000,0.109,0.000,0.891
246500,0.059,0.000,0.941
247000,0.039,0.010,0.951
247500,0.058,0.022,0.920
248000,0.037,0.038,0.925
248500,0.077,0.001,0.922
249000,0.070,0.009,0.921
249500,0.039,0.003,0.958
250000,0.043,0.043,0.914
250500,0.031,0.020,0.949
251000,0.034,0.006,0.960
251500,0.101,0.000,0.899
252000,0.062,0.004,0.934
252500,0.055,0.004,0.941
253000,0.051,0.000,0.949
253500,0.050,0.013,0.937
254000,0.034,0.020,0.946
254500,0.073,0.000,0.927
255000,0.043,0.004,0.953
255500,0.073,0.013,0.914
256000,0.040,0.017,0.943
256500,0.053,0.000,0.947
257000,0.058,0.009,0.933
257500,0.054,0.028,0.918
258000,0.073,0.000,0.927
258500,0.033,0.057,0.910
259000,0.067,0.000,0.933
259500,0.047,0.005,0.948
260000,0.038,0.006,0.956
260500,0.035,0.011,0.954
261000,0.037,0.007,0.956
261500,0.034,0.043,0.923
262000,0.069,0.021,0.910
262500,0.036,0.008,0.956
263000,0.043,0.005,0.952
263500,0.032,0.002,0.966
264000,0.093,0.000,0.907
264500,0.123,0.000,0.877
265000,0.049,0.006,0.945
265500,0.050,0.000,0.950
266000,0.107,0.002,0.891
266500,0.076,0.000,0.924
267000,0.074,0.007,0.919
267500,0.171,0.000,0.829
268000,0.036,0.000,0.964
268500,0.038,0.000,0.962
269000,0.113,0.003,0.884
269500,0.054,0.012,0.934
270000,0.046,0.003,0.951
270500,0.114,0.001,0.885
271000,0.077,0.000,0.923
271500,0.065,0.000,0.935
272000,0.033,0.051,0.916
272500,0.041,0.005,0.954
273000,0.094,0.003,0.903
273500,0.041,0.008,0.951
274000,0.041,0.002,0.957
274500,0.040,0.010,0.950
275000,0.046,0.026,0.928
275500,0.047,0.007,0.946
276000,0.055,0.001,0.944
276500,0.067,0.025,0.908
277000,0.050,0.004,0.946
277500,0.046,0.032,0.922
278000,0.052,0.000,0.948
278500,0.094,0.000,0.906
279000,0.083,0.000,0.917
279500,0.064,0.000,0.936
280000,0.040,0.000,0.960
280500,0.084,0.008,0.908
281000,0.052,0.022,0.926
281500,0.054,0.000,0.946
282000,0.050,0.002,0.948
282500,0.083,0.001,0.916
283000,0.054,0.019,0.927
283500,0.031,0.007,0.962
284000,0.069,0.000,0.931
284500,0.081,0.008,0.911
285000,0.041,0.000,0.959
285500,0.072,0.000,0.928
286000,0.036,0.001,0.963
286500,0.056,0.003,0.941
287000,0.032,0.000,0.968
287500,0.058,0.025,0.917
288000,0.062,0.020,0.918
288500,0.101,0.006,0.893
289000,0.047,0.002,0.951
289500,0.050,0.000,0.950
290000,0.045,0.008,0.947
290500,0.061,0.003,0.936
291000,0.059,0.000,0.941
291500,0.039,0.009,0.952
292000,0.049,0.008,0.943
292500,0.076,0.000,0.924
293000,0.055,0.000,0.945
293500,0.106,0.000,0.894
294000,0.050,0.000,0.950
294500,0.040,0.009,0.951
295000,0.068,0.012,0.920
295500,0.085,0.000,0.915
296000,0.031,0.008,0.961
296500,0.109,0.001,0.890
297000,0.066,0.000,0.934
297500,0.053,0.017,0.930
298000,0.123,0.003,0.874
298500,0.050,0.006,0.944
299000,0.048,0.000,0.952
299500,0.048,0.000,0.952
300000,0.109,0.000,0.891
300500,0.038,0.000,0.962
301000,0.047,0.000,0.953
301500,0.063,0.001,0.936
302000,0.065,0.000,0.935
302500,0.056,0.000,0.944
303000,0.031,0.010,0.959
303500,0.056,0.031,0.913
304000,0.039,0.018,0.943
304500,0.035,0.000,0.965
305000,0.068,0.000,0.932
305500,0.068,0.000,0.932
306000,0.073,0.002,0.925
306500,0.049,0.008,0.943
307000,0.059,0.023,0.918
307500,0.042,0.023,0.935
308000,0.053,0.015,0.932
308500,0.071,0.000,0.929
309000,0.048,0.009,0.943
309500,0.079,0.000,0.921
310000,0.051,0.009,0.940
310500,0.085,0.002,0.913
311000,0.060,0.001,0.939
311500,0.047,0.000,0.953
312000,0.070,0.000,0.930
312500,0.093,0.000,0.907
313000,0.074,0.000,0.926
313500,0.108,0.002,0.890
314000,0.072,0.000,0.928
314500,0.047,0.002,0.951
315000,0.078,0.001,0.921
315500,0.082,0.003,0.915
316000,0.033,0.006,0.961
316500,0.054,0.000,0.946
317000,0.123,0.000,0.877
317500,0.059,0.000,0.941
318000,0.058,0.000,0.942
318500,0.063,0.017,0.920
319000,0.049,0.009,0.942
319500,0.120,0.000,0.880
320000,0.077,0.009,0.914
320500,0.036,0.000,0.964
321000,0.056,0.000,0.944
321500,0.060,0.003,0.937
322000,0.073,0.001,0.926
322500,0.059,0.015,0.926
323000,0.052,0.004,0.944
323500,0.036,0.047,0.917
324000,0.109,0.000,0.891
324500,0.091,0.010,0.899
325000,0.059,0.015,0.926
325500,0.057,0.001,0.942
326000,0.065,0.001,0.934
326500,0.100,0.000,0.900
327000,0.032,0.025,0.943
327500,0.048,0.016,0.936
328000,0.048,0.000,0.952
328500,0.036,0.006,0.958
329000,0.080,0.001,0.919
329500,0.080,0.000,0.920
330000,0.071,0.005,0.924
330500,0.078,0.000,0.922
331000,0.090,0.000,0.910
331500,0.033,0.001,0.966
332000,0.039,0.030,0.931
332500,0.037,0.000,0.963
333000,0.063,0.003,0.934
333500,0.048,0.014,0.938
334000,0.053,0.010,0.937
334500,0.057,0.031,0.912
335000,0.047,0.003,0.950
335500,0.074,0.004,0.922
336000,0.043,0.028,0.929
336500,0.072,0.000,0.928
337000,0.048,0.000,0.952
337500,0.065,0.004,0.931
338000,0.041,0.021,0.938
338500,0.063,0.001,0.936
339000,0.063,0.002,0.935
339500,0.070,0.000,0.930
340000,0.063,0.006,0.931
340500,0.054,0.004,0.942
341000,0.055,0.000,0.945
341500,0.055,0.002,0.943
342000,0.033,0.011,0.956
342500,0.081,0.003,0.916
343000,0.126,0.000,0.874
343500,0.074,0.001,0.925
344000,0.034,0.028,0.938
344500,0.055,0.000,0.945
345000,0.040,0.015,0.945
345500,0.033,0.072,0.895
346000,0.041,0.025,0.934
346500,0.046,0.004,0.950
347000,0.052,0.000,0.948
347500,0.045,0.000,0.955
348000,0.063,0.009,0.928
348500,0.033,0.008,0.959
349000,0.056,0.011,0.933
349500,0.083,0.003,0.914
350000,0.037,0.009,0.954
350500,0.105,0.002,0.893
351000,0.045,0.007,0.948
351500,0.042,0.002,0.956
352000,0.070,0.000,0.930
352500,0.065,0.000,0.935
353000,0.081,0.000,0.919
353500,0.105,0.009,0.886
354000,0.051,0.004,0.945
354500,0.066,0.001,0.933
355000,0.060,0.014,0.926
355500,0.111,0.000,0.889
356000,0.071,0.000,0.929
356500,0.065,0.000,0.935
357000,0.071,0.015,0.914
357500,0.034,0.026,0.940
358000,0.084,0.008,0.908
358500,0.050,0.006,0.944
359000,0.058,0.000,0.942
359500,0.061,0.005,0.934
360000,0.072,0.018,0.910
360500,0.059,0.000,0.941
361000,0.061,0.001,0.938
361500,0.032,0.002,0.966
362000,0.054,0.000,0.946
362500,0.036,0.019,0.945
363000,0.140,0.000,0.860
363500,0.064,0.000,0.936
364000,0.044,0.000,0.956
364500,0.077,0.000,0.923
365000,0.049,0.018,0.933
365500,0.068,0.005,0.927
366000,0.081,0.001,0.918
366500,0.046,0.024,0.930
367000,0.064,0.020,0.916
367500,0.055,0.003,0.942
368000,0.036,0.005,0.959
368500,0.071,0.000,0.929
369000,0.071,0.003,0.926
369500,0.054,0.005,0.941
370000,0.077,0.001,0.922
370500,0.036,0.005,0.959
371000,0.043,0.018,0.939
371500,0.076,0.000,0.924
372000,0.034,0.013,0.953
372500,0.116,0.005,0.879
373000,0.040,0.010,0.950
373500,0.073,0.000,0.927
374000,0.064,0.000,0.936
374500,0.038,0.000,0.962
375000,0.062,0.010,0.928
375500,0.039,0.003,0.958
376000,0.039,0.011,0.950
376500,0.047,0.001,0.952
377000,0.127,0.001,0.872
377500,0.055,0.000,0.945
378000,0.052,0.011,0.937
378500,0.095,0.000,0.905
379000,0.074,0.003,0.923
379500,0.036,0.001,0.963
380000,0.056,0.033,0.911
380500,0.050,0.001,0.949
381000,0.078,0.001,0.921
381500,0.083,0.001,0.916
382000,0.046,0.019,0.935
382500,0.094,0.000,0.906
383000,0.077,0.000,0.923
383500,0.051,0.004,0.945
384000,0.050,0.004,0.946
384500,0.062,0.019,0.919
385000,0.081,0.014,0.905
385500,0.081,0.003,0.916
386000,0.037,0.024,0.939
386500,0.073,0.000,0.927
387000,0.039,0.021,0.940
387500,0.055,0.000,0.945
388000,0.042,0.012,0.946
388500,0.071,0.002,0.927
389000,0.088,0.000,0.912
389500,0.108,0.000,0.892
390000,0.047,0.002,0.951
390500,0.072,0.000,0.928
391000,0.083,0.000,0.917
391500,0.054,0.009,0.937
392000,0.043,0.027,0.930
392500,0.072,0.002,0.926
393000,0.057,0.019,0.924
393500,0.060,0.024,0.916
394000,0.064,0.004,0.932
394500,0.078,0.000,0.922
395000,0.113,0.000,0.887
395500,0.033,0.021,0.946
396000,0.111,0.007,0.882
396500,0.040,0.022,0.938
397000,0.092,0.000,0.908
397500,0.076,0.034,0.890
398000,0.083,0.018,0.899
398500,0.041,0.020,0.939
399000,0.048,0.013,0.939
399500,0.064,0.001,0.935
400000,0.049,0.000,0.951
400500,0.083,0.000,0.917
401000,0.098,0.001,0.901
401500,0.060,0.000,0.940
402000,0.079,0.000,0.921
402500,0.038,0.000,0.962
403000,0.064,0.001,0.935
403500,0.075,0.000,0.925
404000,0.047,0.011,0.942
404500,0.054,0.000,0.946
405000,0.056,0.002,0.942
405500,0.059,0.008,0.933
406000,0.040,0.000,0.960
406500,0.082,0.000,0.918
407000,0.078,0.002,0.920
407500,0.056,0.000,0.944
408000,0.074,0.001,0.925
408500,0.049,0.018,0.933
409000,0.054,0.002,0.944
409500,0.053,0.000,0.947
410000,0.084,0.020,0.896
410500,0.076,0.000,0.924
411000,0.047,0.008,0.945
411500,0.032,0.035,0.933
412000,0.040,0.024,0.936
412500,0.063,0.000,0.937
413000,0.056,0.017,0.927
413500,0.065,0.000,0.935
414000,0.084,0.000,0.916
414500,0.042,0.005,0.953
415000,0.041,0.001,0.958
415500,0.080,0.000,0.920
416000,0.054,0.001,0.945
416500,0.114,0.000,0.886
417000,0.036,0.013,0.951
417500,0.032,0.010,0.958
418000,0.049,0.006,0.945
418500,0.040,0.000,0.960
419000,0.102,0.011,0.887
419500,0.150,0.000,0.850
420000,0.041,0.005,0.954
420500,0.030,0.030,0.940
421000,0.037,0.001,0.962
421500,0.051,0.000,0.949
422000,0.102,0.005,0.893
422500,0.044,0.012,0.944
423000,0.084,0.000,0.916
423500,0.047,0.014,0.939
424000,0.041,0.006,0.953
424500,0.065,0.000,0.935
425000,0.088,0.001,0.911
425500,0.066,0.000,0.934
426000,0.055,0.012,0.933
426500,0.060,0.005,0.935
427000,0.068,0.016,0.916
427500,0.046,0.032,0.922
428000,0.054,0.027,0.919
428500,0.054,0.003,0.943
429000,0.045,0.001,0.954
429500,0.046,0.000,0.954
430000,0.041,0.015,0.944
430500,0.089,0.000,0.911
431000,0.075,0.000,0.925
431500,0.062,0.000,0.938
432000,0.040,0.000,0.960
432500,0.052,0.020,0.928
433000,0.067,0.000,0.933
433500,0.060,0.006,0.934
434000,0.040,0.006,0.954
434500,0.055,0.023,0.922
435000,0.075,0.001,0.924
435500,0.070,0.007,0.923
436000,0.069,0.000,0.931
436500,0.042,0.001,0.957
437000,0.076,0.005,0.919
437500,0.078,0.000,0.922
438000,0.099,0.000,0.901
438500,0.051,0.012,0.937
439000,0.084,0.003,0.913
439500,0.039,0.001,0.960
440000,0.076,0.002,0.922
440500,0.056,0.022,0.922
441000,0.044,0.016,0.940
441500,0.082,0.004,0.914
442000,0.053,0.000,0.947
442500,0.050,0.000,0.950
443000,0.042,0.000,0.958
443500,0.078,0.001,0.921
444000,0.058,0.020,0.922
444500,0.047,0.000,0.953
445000,0.097,0.005,0.898
445500,0.065,0.000,0.935
446000,0.073,0.000,0.927
446500,0.076,0.006,0.918
447000,0.046,0.010,0.944
447500,0.095,0.000,0.905
448000,0.042,0.002,0.956
448500,0.030,0.026,0.944
449000,0.044,0.046,0.910
449500,0.034,0.042,0.924
450000,0.051,0.000,0.949
450500,0.056,0.007,0.937
451000,0.071,0.000,0.929
451500,0.067,0.000,0.933
452000,0.039,0.020,0.941
452500,0.088,0.000,0.912
453000,0.037,0.000,0.963
453500,0.093,0.000,0.907
454000,0.081,0.020,0.899
454500,0.072,0.005,0.923
455000,0.036,0.004,0.960
455500,0.067,0.002,0.931
456000,0.073,0.000,0.927
456500,0.101,0.000,0.899
457000,0.094,0.000,0.906
457500,0.040,0.010,0.950
458000,0.109,0.000,0.891
458500,0.092,0.001,0.907
459000,0.066,0.000,0.934
459500,0.073,0.000,0.927
460000,0.093,0.016,0.891
460500,0.056,0.022,0.922
461000,0.068,0.001,0.931
461500,0.036,0.023,0.941
462000,0.123,0.000,0.877
462500,0.054,0.000,0.946
463000,0.031,0.017,0.952
463500,0.067,0.011,0.922
464000,0.050,0.000,0.950
464500,0.056,0.001,0.943
465000,0.104,0.000,0.896
465500,0.068,0.000,0.932
466000,0.075,0.000,0.925
466500,0.064,0.007,0.929
467000,0.040,0.017,0.943
467500,0.097,0.001,0.902
468000,0.068,0.025,0.907
468500,0.040,0.008,0.952
469000,0.053,0.000,0.947
469500,0.091,0.000,0.909
470000,0.142,0.000,0.858
470500,0.061,0.000,0.939
471000,0.090,0.002,0.908
471500,0.071,0.000,0.929
472000,0.076,0.000,0.924
472500,0.117,0.000,0.883
473000,0.031,0.007,0.962
473500,0.077,0.003,0.920
474000,0.043,0.000,0.957
474500,0.050,0.036,0.914
475000,0.074,0.000,0.926
475500,0.054,0.030,0.916
476000,0.037,0.004,0.959
476500,0.059,0.016,0.925
477000,0.068,0.017,0.915
477500,0.064,0.000,0.936
478000,0.046,0.003,0.951
478500,0.054,0.003,0.943
479000,0.088,0.000,0.912
479500,0.076,0.004,0.920
480000,0.034,0.020,0.946
480500,0.081,0.003,0.916
481000,0.068,0.000,0.932
481500,0.070,0.000,0.930
482000,0.081,0.001,0.918
482500,0.056,0.004,0.940
483000,0.096,0.000,0.904
483500,0.058,0.000,0.942
484000,0.049,0.019,0.932
484500,0.039,0.007,0.954
485000,0.051,0.000,0.949
485500,0.052,0.000,0.948
486000,0.079,0.000,0.921
486500,0.042,0.000,0.958
487000,0.100,0.001,0.899
487500,0.040,0.012,0.948
488000,0.033,0.036,0.931
488500,0.058,0.006,0.936
489000,0.051,0.001,0.948
489500,0.064,0.012,0.924
490000,0.061,0.000,0.939
490500,0.101,0.008,0.891
491000,0.074,0.000,0.926
491500,0.032,0.000,0.968
492000,0.077,0.041,0.882
492500,0.059,0.011,0.930
493000,0.074,0.000,0.926
493500,0.108,0.000,0.892
494000,0.045,0.025,0.930
494500,0.054,0.006,0.940
495000,0.063,0.001,0.936
495500,0.078,0.000,0.922
496000,0.070,0.006,0.924
496500,0.135,0.002,0.863
497000,0.056,0.004,0.940
497500,0.047,0.000,0.953
498000,0.058,0.013,0.929
498500,0.034,0.004,0.962
499000,0.043,0.003,0.954
499500,0.038,0.005,0.957
500000,0.088,0.003,0.909
500500,0.056,0.000,0.944
501000,0.046,0.008,0.946
501500,0.071,0.007,0.922
502000,0.036,0.015,0.949
502500,0.035,0.004,0.961
503000,0.047,0.009,0.944
503500,0.040,0.034,0.926
504000,0.035,0.000,0.965
504500,0.039,0.041,0.920
505000,0.034,0.005,0.961
505500,0.049,0.014,0.937
506000,0.107,0.006,0.887
506500,0.039,0.003,0.958
507000,0.060,0.030,0.910
507500,0.070,0.000,0.930
508000,0.081,0.002,0.917
508500,0.047,0.003,0.950
509000,0.058,0.012,0.930
509500,0.054,0.004,0.942
510000,0.071,0.003,0.926
510500,0.033,0.022,0.945
511000,0.076,0.000,0.924
511500,0.079,0.001,0.920
512000,0.076,0.002,0.922
512500,0.060,0.001,0.939
513000,0.053,0.003,0.944
513500,0.047,0.002,0.951
514000,0.075,0.008,0.917
514500,0.050,0.000,0.950
515000,0.039,0.036,0.925
515500,0.056,0.004,0.940
516000,0.043,0.002,0.955
516500,0.071,0.000,0.929
517000,0.078,0.000,0.922
517500,0.037,0.020,0.943
518000,0.064,0.014,0.922
518500,0.074,0.000,0.926
519000,0.043,0.014,0.943
519500,0.043,0.025,0.932
520000,0.106,0.019,0.875
520500,0.090,0.000,0.910
521000,0.060,0.024,0.916
521500,0.061,0.025,0.914
522000,0.039,0.004,0.957
522500,0.081,0.000,0.919
523000,0.090,0.017,0.893
523500,0.038,0.024,0.938
524000,0.069,0.000,0.931
524500,0.050,0.000,0.950
525000,0.078,0.000,0.922
525500,0.094,0.000,0.906
526000,0.069,0.003,0.928
526500,0.047,0.006,0.947
527000,0.036,0.038,0.926
527500,0.030,0.016,0.954
528000,0.094,0.008,0.898
528500,0.052,0.024,0.924
529000,0.043,0.009,0.948
529500,0.053,0.000,0.947
530000,0.049,0.029,0.922
530500,0.042,0.028,0.930
531000,0.036,0.017,0.947
531500,0.031,0.014,0.955
532000,0.035,0.064,0.901
532500,0.053,0.006,0.941
533000,0.064,0.000,0.936
533500,0.032,0.027,0.941
534000,0.036,0.017,0.947
534500,0.080,0.005,0.915
535000,0.046,0.000,0.954
535500,0.030,0.011,0.959
536000,0.035,0.017,0.948
536500,0.047,0.018,0.935
537000,0.037,0.018,0.945
537500,0.073,0.009,0.918
538000,0.045,0.025,0.930
538500,0.060,0.001,0.939
539000,0.044,0.000,0.956
539500,0.100,0.000,0.900
540000,0.084,0.000,0.916
540500,0.033,0.006,0.961
541000,0.042,0.007,0.951
541500,0.031,0.027,0.942
542000,0.055,0.004,0.941
542500,0.067,0.000,0.933
543000,0.096,0.000,0.904
543500,0.091,0.000,0.909
544000,0.082,0.000,0.918
544500,0.070,0.000,0.930
545000,0.065,0.018,0.917
545500,0.069,0.004,0.927
546000,0.069,0.010,0.921
546500,0.046,0.014,0.940
547000,0.089,0.001,0.910
547500,0.045,0.005,0.950
548000,0.040,0.027,0.933
548500,0.060,0.021,0.919
549000,0.036,0.000,0.964
549500,0.052,0.014,0.934
550000,0.076,0.006,0.918
550500,0.048,0.000,0.952
551000,0.097,0.000,0.903
551500,0.056,0.009,0.935
552000,0.030,0.014,0.956
552500,0.030,0.004,0.966
553000,0.063,0.001,0.936
553500,0.068,0.000,0.932
554000,0.081,0.000,0.919
554500,0.032,0.004,0.964
555000,0.067,0.014,0.919
555500,0.044,0.038,0.918
556000,0.038,0.006,0.956
556500,0.031,0.031,0.938
557000,0.108,0.000,0.892
557500,0.101,0.000,0.899
558000,0.078,0.000,0.922
558500,0.037,0.020,0.943
559000,0.049,0.001,0.950
559500,0.078,0.000,0.922
560000,0.063,0.000,0.937
560500,0.059,0.000,0.941
561000,0.041,0.006,0.953
561500,0.039,0.015,0.946
562000,0.065,0.019,0.916
562500,0.057,0.000,0.943
563000,0.058,0.000,0.942
563500,0.061,0.018,0.921
564000,0.037,0.008,0.955
564500,0.094,0.004,0.902
565000,0.077,0.000,0.923
565500,0.055,0.008,0.937
566000,0.061,0.023,0.916
566500,0.060,0.003,0.937
567000,0.047,0.000,0.953
567500,0.088,0.001,0.911
568000,0.046,0.002,0.952
568500,0.074,0.000,0.926
569000,0.042,0.000,0.958
569500,0.066,0.000,0.934
570000,0.053,0.022,0.925
570500,0.044,0.000,0.956
571000,0.050,0.000,0.950
571500,0.106,0.000,0.894
572000,0.063,0.000,0.937
572500,0.049,0.003,0.948
573000,0.082,0.013,0.905
573500,0.036,0.038,0.926
574000,0.074,0.001,0.925
574500,0.074,0.000,0.926
575000,0.100,0.000,0.900
575500,0.040,0.000,0.960
576000,0.047,0.000,0.953
576500,0.036,0.022,0.942
577000,0.042,0.014,0.944
577500,0.050,0.015,0.935
578000,0.065,0.011,0.924
578500,0.054,0.025,0.921
579000,0.058,0.003,0.939
579500,0.073,0.008,0.919
580000,0.031,0.012,0.957
580500,0.082,0.000,0.918
581000,0.038,0.000,0.962
581500,0.068,0.004,0.928
582000,0.070,0.004,0.926
582500,0.082,0.021,0.897
583000,0.030,0.059,0.911
583500,0.055,0.000,0.945
584000,0.042,0.001,0.957
584500,0.069,0.016,0.915
585000,0.095,0.001,0.904
585500,0.110,0.000,0.890
586000,0.052,0.010,0.938
586500,0.055,0.001,0.944
587000,0.047,0.000,0.953
587500,0.072,0.007,0.921
588000,0.067,0.019,0.914
588500,0.039,0.022,0.939
589000,0.073,0.000,0.927
589500,0.042,0.016,0.942
590000,0.072,0.000,0.928
590500,0.067,0.001,0.932
591000,0.048,0.004,0.948
591500,0.037,0.000,0.963
592000,0.058,0.005,0.937
592500,0.057,0.000,0.943
593000,0.048,0.017,0.935
593500,0.040,0.007,0.953
594000,0.075,0.026,0.899
594500,0.131,0.000,0.869
595000,0.073,0.001,0.926
595500,0.046,0.001,0.953
596000,0.056,0.000,0.944
596500,0.051,0.001,0.948
597000,0.047,0.001,0.952
597500,0.033,0.041,0.926
598000,0.071,0.000,0.929
598500,0.056,0.005,0.939
599000,0.050,0.014,0.936
599500,0.063,0.000,0.937
600000,0.060,0.013,0.927
600500,0.074,0.000,0.926
601000,0.072,0.015,0.913
601500,0.098,0.000,0.902
602000,0.056,0.000,0.944
602500,0.044,0.007,0.949
603000,0.060,0.001,0.939
603500,0.089,0.018,0.893
604000,0.085,0.000,0.915
604500,0.071,0.000,0.929
605000,0.058,0.000,0.942
605500,0.052,0.006,0.942
606000,0.058,0.004,0.938
606500,0.057,0.020,0.923
607000,0.055,0.000,0.945
607500,0.067,0.017,0.916
608000,0.030,0.003,0.967
608500,0.054,0.029,0.917
609000,0.071,0.000,0.929
609500,0.071,0.022,0.907
610000,0.076,0.003,0.921
610500,0.032,0.005,0.963
611000,0.062,0.002,0.936
611500,0.098,0.000,0.902
612000,0.098,0.000,0.902
612500,0.096,0.000,0.904
613000,0.052,0.020,0.928
613500,0.038,0.027,0.935
614000,0.077,0.000,0.923
614500,0.035,0.016,0.949
615000,0.053,0.000,0.947
615500,0.067,0.000,0.933
616000,0.041,0.000,0.959
616500,0.065,0.011,0.924
617000,0.056,0.000,0.944
617500,0.069,0.000,0.931
618000,0.065,0.008,0.927
618500,0.071,0.000,0.929
619000,0.094,0.000,0.906
619500,0.067,0.000,0.933
620000,0.033,0.004,0.963
620500,0.070,0.003,0.927
621000,0.061,0.023,0.916
621500,0.054,0.001,0.945
622000,0.054,0.000,0.946
622500,0.095,0.000,0.905
623000,0.061,0.005,0.934
623500,0.099,0.000,0.901
624000,0.048,0.003,0.949
624500,0.050,0.008,0.942
625000,0.079,0.002,0.919
625500,0.059,0.000,0.941
626000,0.069,0.000,0.931
626500,0.073,0.004,0.923
627000,0.056,0.001,0.943
627500,0.088,0.011,0.901
628000,0.053,0.000,0.947
628500,0.040,0.000,0.960
629000,0.046,0.043,0.911
629500,0.069,0.000,0.931
630000,0.042,0.000,0.958
630500,0.060,0.000,0.940
631000,0.077,0.000,0.923
631500,0.034,0.028,0.938
632000,0.076,0.011,0.913
632500,0.098,0.000,0.902
633000,0.063,0.000,0.937
633500,0.057,0.000,0.943
634000,0.072,0.001,0.927
634500,0.030,0.009,0.961
635000,0.059,0.002,0.939
635500,0.060,0.010,0.930
636000,0.074,0.000,0.926
636500,0.038,0.012,0.950
637000,0.055,0.006,0.939
637500,0.069,0.001,0.930
638000,0.047,0.019,0.934
638500,0.087,0.000,0.913
639000,0.034,0.025,0.941
639500,0.049,0.000,0.951
640000,0.092,0.009,0.899
640500,0.083,0.000,0.917
641000,0.030,0.032,0.938
641500,0.039,0.003,0.958
642000,0.094,0.010,0.896
642500,0.078,0.000,0.922
643000,0.047,0.003,0.950
643500,0.104,0.003,0.893
644000,0.030,0.019,0.951
644500,0.040,0.001,0.959
645000,0.039,0.003,0.958
645500,0.116,0.003,0.881
646000,0.047,0.016,0.937
646500,0.042,0.011,0.947
647000,0.032,0.017,0.951
647500,0.055,0.002,0.943
648000,0.048,0.000,0.952
648500,0.107,0.000,0.893
649000,0.055,0.000,0.945
649500,0.046,0.018,0.936
650000,0.052,0.002,0.946
650500,0.057,0.000,0.943
651000,0.039,0.004,0.957
651500,0.042,0.031,0.927
652000,0.066,0.000,0.934
652500,0.110,0.000,0.890
653000,0.108,0.000,0.892
653500,0.067,0.000,0.933
654000,0.035,0.034,0.931
654500,0.073,0.001,0.926
655000,0.108,0.001,0.891
655500,0.034,0.018,0.948
656000,0.051,0.001,0.948
656500,0.052,0.007,0.941
657000,0.070,0.000,0.930
657500,0.080,0.002,0.918
658000,0.065,0.001,0.934
658500,0.033,0.009,0.958
659000,0.031,0.019,0.950
659500,0.047,0.000,0.953
660000,0.043,0.014,0.943
660500,0.031,0.020,0.949
661000,0.070,0.000,0.930
661500,0.066,0.000,0.934
662000,0.037,0.036,0.927
662500,0.048,0.005,0.947
663000,0.043,0.000,0.957
663500,0.075,0.000,0.925
664000,0.070,0.000,0.930
664500,0.100,0.001,0.899
665000,0.050,0.004,0.946
665500,0.059,0.008,0.933
666000,0.071,0.000,0.929
666500,0.051,0.033,0.916
667000,0.063,0.005,0.932
667500,0.053,0.001,0.946
668000,0.039,0.000,0.961
668500,0.045,0.000,0.955
669000,0.081,0.005,0.914
669500,0.033,0.006,0.961
670000,0.048,0.002,0.950
670500,0.102,0.000,0.898
671000,0.039,0.020,0.941
671500,0.079,0.006,0.915
672000,0.078,0.027,0.895
672500,0.065,0.006,0.929
673000,0.037,0.000,0.963
673500,0.039,0.007,0.954
674000,0.081,0.007,0.912
674500,0.093,0.000,0.907
675000,0.074,0.000,0.926
675500,0.034,0.001,0.965
676000,0.032,0.011,0.957
676500,0.039,0.000,0.961
677000,0.041,0.013,0.946
677500,0.051,0.000,0.949
678000,0.060,0.000,0.940
678500,0.047,0.023,0.930
679000,0.063,0.008,0.929
679500,0.040,0.003,0.957
680000,0.053,0.011,0.936
680500,0.052,0.003,0.945
681000,0.078,0.008,0.914
681500,0.066,0.004,0.930
682000,0.046,0.000,0.954
682500,0.070,0.000,0.930
683000,0.034,0.000,0.966
683500,0.062,0.012,0.926
684000,0.058,0.001,0.941
684500,0.053,0.002,0.945
685000,0.064,0.000,0.936
685500,0.036,0.012,0.952
686000,0.038,0.000,0.962
686500,0.034,0.016,0.950
687000,0.045,0.019,0.936
687500,0.076,0.005,0.919
688000,0.038,0.059,0.903
688500,0.045,0.008,0.947
689000,0.036,0.046,0.918
689500,0.042,0.031,0.927
690000,0.071,0.005,0.924
690500,0.053,0.001,0.946
691000,0.046,0.001,0.953
691500,0.062,0.001,0.937
692000,0.041,0.012,0.947
692500,0.103,0.000,0.897
693000,0.063,0.001,0.936
693500,0.030,0.003,0.967
694000,0.049,0.000,0.951
694500,0.060,0.007,0.933
695000,0.045,0.000,0.955
695500,0.030,0.005,0.965
696000,0.050,0.000,0.950
696500,0.071,0.000,0.929
697000,0.047,0.030,0.923
697500,0.054,0.017,0.929
698000,0.044,0.000,0.956
698500,0.033,0.021,0.946
699000,0.042,0.015,0.943
699500,0.097,0.001,0.902
700000,0.058,0.000,0.942
700500,0.032,0.029,0.939
701000,0.051,0.016,0.933
701500,0.068,0.000,0.932
702000,0.036,0.014,0.950
702500,0.089,0.000,0.911
703000,0.061,0.002,0.937
703500,0.066,0.000,0.934
704000,0.055,0.000,0.945
704500,0.077,0.000,0.923
705000,0.080,0.000,0.920
705500,0.044,0.016,0.940
706000,0.085,0.010,0.905
706500,0.087,0.000,0.913
707000,0.050,0.034,0.916
707500,0.061,0.000,0.939
708000,0.072,0.000,0.928
708500,0.030,0.039,0.931
709000,0.037,0.010,0.953
709500,0.049,0.001,0.950
710000,0.072,0.000,0.928
710500,0.062,0.016,0.922
711000,0.051,0.005,0.944
711500,0.066,0.001,0.933
712000,0.093,0.000,0.907
712500,0.050,0.000,0.950
713000,0.080,0.000,0.920
713500,0.053,0.011,0.936
714000,0.058,0.001,0.941
714500,0.078,0.000,0.922
715000,0.060,0.000,0.940
715500,0.072,0.005,0.923
716000,0.047,0.012,0.941
716500,0.053,0.005,0.942
717000,0.050,0.008,0.942
717500,0.054,0.000,0.946
718000,0.060,0.001,0.939
718500,0.057,0.014,0.929
719000,0.055,0.001,0.944
719500,0.066,0.020,0.914
720000,0.061,0.000,0.939
720500,0.061,0.000,0.939
721000,0.069,0.015,0.916
721500,0.044,0.006,0.950
722000,0.068,0.027,0.905
722500,0.079,0.000,0.921
723000,0.073,0.000,0.927
723500,0.089,0.006,0.905
724000,0.077,0.004,0.919
724500,0.067,0.000,0.933
725000,0.052,0.008,0.940
725500,0.031,0.030,0.939
726000,0.047,0.002,0.951
726500,0.055,0.002,0.943
727000,0.064,0.000,0.936
727500,0.052,0.000,0.948
728000,0.063,0.000,0.937
728500,0.030,0.020,0.950
729000,0.045,0.013,0.942
729500,0.108,0.003,0.889
730000,0.085,0.000,0.915
730500,0.040,0.007,0.953
731000,0.081,0.000,0.919
731500,0.071,0.000,0.929
732000,0.095,0.000,0.905
732500,0.038,0.004,0.958
733000,0.156,0.001,0.843
733500,0.066,0.000,0.934
734000,0.057,0.000,0.943
734500,0.081,0.015,0.904
735000,0.053,0.000,0.947
735500,0.051,0.023,0.926
736000,0.076,0.000,0.924
736500,0.056,0.016,0.928
737000,0.065,0.000,0.935
737500,0.032,0.018,0.950
738000,0.105,0.000,0.895
738500,0.031,0.002,0.967
739000,0.047,0.038,0.915
739500,0.055,0.004,0.941
740000,0.063,0.000,0.937
740500,0.058,0.023,0.919
741000,0.067,0.000,0.933
741500,0.074,0.002,0.924
742000,0.102,0.000,0.898
742500,0.056,0.033,0.911
743000,0.040,0.021,0.939
743500,0.050,0.003,0.947
744000,0.040,0.000,0.960
744500,0.078,0.000,0.922
745000,0.064,0.002,0.934
745500,0.083,0.001,0.916
746000,0.057,0.003,0.940
746500,0.054,0.000,0.946
747000,0.040,0.011,0.949
747500,0.056,0.013,0.931
748000,0.056,0.000,0.944
748500,0.069,0.000,0.931
749000,0.030,0.016,0.954
749500,0.034,0.003,0.963
750000,0.065,0.034,0.901
750500,0.053,0.005,0.942
751000,0.094,0.007,0.899
751500,0.039,0.022,0.939
752000,0.082,0.002,0.916
752500,0.040,0.023,0.937
753000,0.097,0.000,0.903
753500,0.056,0.034,0.910
754000,0.051,0.004,0.945
754500,0.030,0.008,0.962
755000,0.041,0.000,0.959
755500,0.069,0.000,0.931
756000,0.071,0.000,0.929
756500,0.050,0.006,0.944
757000,0.082,0.000,0.918
757500,0.045,0.021,0.934
758000,0.042,0.000,0.958
758500,0.083,0.001,0.916
759000,0.051,0.002,0.947
759500,0.099,0.006,0.895
760000,0.054,0.000,0.946
760500,0.050,0.000,0.950
761000,0.068,0.013,0.919
761500,0.058,0.000,0.942
762000,0.058,0.000,0.942
762500,0.050,0.029,0.921
763000,0.063,0.000,0.937
763500,0.050,0.011,0.939
764000,0.051,0.004,0.945
764500,0.081,0.005,0.914
765000,0.060,0.001,0.939
765500,0.064,0.013,0.923
766000,0.077,0.023,0.900
766500,0.100,0.001,0.899
767000,0.057,0.018,0.925
767500,0.036,0.000,0.964
768000,0.030,0.002,0.968
768500,0.039,0.012,0.949
769000,0.045,0.024,0.931
769500,0.052,0.000,0.948
770000,0.057,0.008,0.935
770500,0.053,0.000,0.947
771000,0.048,0.001,0.951
771500,0.031,0.011,0.958
772000,0.080,0.008,0.912
772500,0.053,0.000,0.947
773000,0.031,0.033,0.936
773500,0.063,0.000,0.937
774000,0.075,0.015,0.910
774500,0.040,0.001,0.959
775000,0.063,0.000,0.937
775500,0.074,0.019,0.907
776000,0.059,0.000,0.941
776500,0.039,0.017,0.944
777000,0.062,0.012,0.926
777500,0.091,0.003,0.906
778000,0.057,0.001,0.942
778500,0.039,0.025,0.936
779000,0.033,0.007,0.960
779500,0.047,0.000,0.953
780000,0.064,0.000,0.936
780500,0.066,0.017,0.917
781000,0.057,0.025,0.918
781500,0.075,0.000,0.925
782000,0.057,0.000,0.943
782500,0.060,0.004,0.936
783000,0.038,0.000,0.962
783500,0.062,0.004,0.934
784000,0.047,0.017,0.936
784500,0.033,0.022,0.945
785000,0.085,0.002,0.913
785500,0.034,0.014,0.952
786000,0.038,0.006,0.956
786500,0.062,0.000,0.938
787000,0.042,0.014,0.944
787500,0.098,0.000,0.902
788000,0.051,0.001,0.948
788500,0.063,0.001,0.936
789000,0.080,0.008,0.912
789500,0.035,0.023,0.942
790000,0.045,0.000,0.955
790500,0.074,0.000,0.926
791000,0.041,0.031,0.928
791500,0.052,0.000,0.948
792000,0.085,0.000,0.915
792500,0.105,0.000,0.895
793000,0.039,0.005,0.956
793500,0.047,0.017,0.936
794000,0.058,0.022,0.920
794500,0.053,0.000,0.947
795000,0.064,0.005,0.931
795500,0.064,0.018,0.918
796000,0.069,0.000,0.931
796500,0.038,0.004,0.958
797000,0.051,0.020,0.929
797500,0.109,0.018,0.873
798000,0.064,0.000,0.936
798500,0.077,0.003,0.920
799000,0.052,0.019,0.929
799500,0.066,0.000,0.934
800000,0.092,0.004,0.904
800500,0.086,0.000,0.914
801000,0.061,0.000,0.939
801500,0.062,0.011,0.927
802000,0.045,0.011,0.944
802500,0.065,0.016,0.919
803000,0.066,0.000,0.934
803500,0.030,0.010,0.960
804000,0.066,0.001,0.933
804500,0.051,0.000,0.949
805000,0.075,0.000,0.925
805500,0.101,0.000,0.899
806000,0.066,0.026,0.908
806500,0.051,0.006,0.943
807000,0.044,0.003,0.953
807500,0.078,0.001,0.921
808000,0.063,0.009,0.928
808500,0.030,0.004,0.966
809000,0.040,0.023,0.937
809500,0.036,0.016,0.948
810000,0.031,0.008,0.961
810500,0.070,0.000,0.930
811000,0.039,0.000,0.961
811500,0.070,0.000,0.930
812000,0.067,0.010,0.923
812500,0.085,0.000,0.915
813000,0.036,0.034,0.930
813500,0.039,0.014,0.947
814000,0.095,0.000,0.905
814500,0.091,0.001,0.908
815000,0.066,0.000,0.934
815500,0.053,0.030,0.917
816000,0.050,0.008,0.942
816500,0.035,0.001,0.964
817000,0.085,0.006,0.909
817500,0.055,0.003,0.942
818000,0.054,0.000,0.946
818500,0.035,0.006,0.959
819000,0.032,0.028,0.940
819500,0.078,0.006,0.916
820000,0.041,0.000,0.959
820500,0.055,0.012,0.933
821000,0.104,0.001,0.895
821500,0.042,0.044,0.914
822000,0.057,0.043,0.900
822500,0.049,0.024,0.927
823000,0.072,0.004,0.924
823500,0.064,0.006,0.930
824000,0.065,0.009,0.926
824500,0.059,0.013,0.928
825000,0.041,0.000,0.959
825500,0.048,0.000,0.952
826000,0.068,0.000,0.932
826500,0.033,0.002,0.965
827000,0.044,0.018,0.938
827500,0.064,0.000,0.936
828000,0.037,0.006,0.957
828500,0.045,0.001,0.954
829000,0.061,0.000,0.939
829500,0.051,0.000,0.949
830000,0.033,0.019,0.948
830500,0.032,0.018,0.950
831000,0.039,0.017,0.944
831500,0.055,0.000,0.945
832000,0.072,0.000,0.928
832500,0.069,0.044,0.887
833000,0.066,0.000,0.934
833500,0.052,0.016,0.932
834000,0.087,0.000,0.913
834500,0.082,0.000,0.918
835000,0.107,0.000,0.893
835500,0.048,0.001,0.951
836000,0.051,0.017,0.932
836500,0.076,0.001,0.923
837000,0.054,0.000,0.946
837500,0.040,0.001,0.959
838000,0.057,0.000,0.943
838500,0.040,0.001,0.959
839000,0.039,0.023,0.938
839500,0.055,0.000,0.945
840000,0.048,0.014,0.938
840500,0.116,0.001,0.883
841000,0.030,0.003,0.967
841500,0.044,0.000,0.956
842000,0.077,0.000,0.923
842500,0.076,0.000,0.924
843000,0.045,0.000,0.955
843500,0.039,0.013,0.948
844000,0.036,0.000,0.964
844500,0.059,0.000,0.941
845000,0.041,0.000,0.959
845500,0.066,0.000,0.934
846000,0.053,0.005,0.942
846500,0.061,0.004,0.935
847000,0.045,0.004,0.951
847500,0.100,0.004,0.896
848000,0.032,0.034,0.934
848500,0.059,0.000,0.941
849000,0.053,0.006,0.941
849500,0.085,0.001,0.914
850000,0.079,0.001,0.920
850500,0.053,0.021,0.926
851000,0.088,0.000,0.912
851500,0.048,0.003,0.949
852000,0.052,0.005,0.943
852500,0.061,0.000,0.939
853000,0.115,0.000,0.885
853500,0.070,0.021,0.909
854000,0.043,0.007,0.950
854500,0.052,0.023,0.925
855000,0.076,0.000,0.924
855500,0.048,0.000,0.952
856000,0.062,0.040,0.898
856500,0.038,0.002,0.960
857000,0.055,0.000,0.945
857500,0.077,0.000,0.923
858000,0.064,0.000,0.936
858500,0.039,0.025,0.936
859000,0.034,0.022,0.944
859500,0.039,0.039,0.922
860000,0.070,0.000,0.930
860500,0.072,0.006,0.922
861000,0.051,0.020,0.929
861500,0.043,0.006,0.951
862000,0.065,0.008,0.927
862500,0.041,0.000,0.959
863000,0.052,0.014,0.934
863500,0.055,0.000,0.945
864000,0.090,0.011,0.899
864500,0.045,0.031,0.924
865000,0.067,0.001,0.932
865500,0.044,0.034,0.922
866000,0.066,0.000,0.934
866500,0.030,0.026,0.944
867000,0.034,0.014,0.952
867500,0.049,0.003,0.948
868000,0.078,0.017,0.905
868500,0.037,0.012,0.951
869000,0.095,0.000,0.905
869500,0.075,0.000,0.925
870000,0.070,0.004,0.926
870500,0.087,0.000,0.913
871000,0.046,0.000,0.954
871500,0.066,0.012,0.922
872000,0.081,0.002,0.917
872500,0.044,0.000,0.956
873000,0.059,0.000,0.941
873500,0.045,0.000,0.955
874000,0.055,0.007,0.938
874500,0.076,0.009,0.915
875000,0.046,0.000,0.954
875500,0.109,0.000,0.891
876000,0.065,0.012,0.923
876500,0.067,0.000,0.933
877000,0.067,0.008,0.925
877500,0.069,0.000,0.931
878000,0.055,0.010,0.935
878500,0.038,0.003,0.959
879000,0.063,0.002,0.935
879500,0.043,0.002,0.955
880000,0.044,0.001,0.955
880500,0.063,0.001,0.936
881000,0.143,0.000,0.857
881500,0.053,0.000,0.947
882000,0.081,0.002,0.917
882500,0.150,0.000,0.850
883000,0.079,0.000,0.921
883500,0.060,0.008,0.932
884000,0.037,0.011,0.952
884500,0.049,0.024,0.927
885000,0.035,0.003,0.962
885500,0.040,0.020,0.940
886000,0.041,0.016,0.943
886500,0.061,0.022,0.917
887000,0.038,0.040,0.922
887500,0.040,0.004,0.956
888000,0.089,0.000,0.911
888500,0.077,0.000,0.923
889000,0.053,0.027,0.920
889500,0.038,0.000,0.962
890000,0.035,0.009,0.956
890500,0.035,0.029,0.936
891000,0.053,0.000,0.947
891500,0.082,0.000,0.918
892000,0.129,0.000,0.871
892500,0.055,0.014,0.931
893000,0.031,0.000,0.969
893500,0.089,0.000,0.911
894000,0.048,0.000,0.952
894500,0.078,0.000,0.922
895000,0.091,0.000,0.909
895500,0.062,0.004,0.934
896000,0.044,0.012,0.944
896500,0.035,0.000,0.965
897000,0.053,0.001,0.946
897500,0.039,0.032,0.929
898000,0.108,0.002,0.890
898500,0.051,0.003,0.946
899000,0.062,0.023,0.915
899500,0.041,0.033,0.926
900000,0.056,0.002,0.942
900500,0.034,0.003,0.963
901000,0.054,0.013,0.933
901500,0.080,0.021,0.899
902000,0.047,0.017,0.936
902500,0.068,0.019,0.913
903000,0.064,0.004,0.932
903500,0.061,0.003,0.936
904000,0.044,0.009,0.947
904500,0.051,0.007,0.942
905000,0.056,0.000,0.944
905500,0.045,0.004,0.951
906000,0.054,0.001,0.945
906500,0.067,0.003,0.930
907000,0.077,0.000,0.923
907500,0.052,0.000,0.948
908000,0.031,0.000,0.969
908500,0.082,0.000,0.918
909000,0.051,0.000,0.949
909500,0.087,0.000,0.913
910000,0.030,0.005,0.965
910500,0.053,0.022,0.925
911000,0.054,0.000,0.946
911500,0.067,0.000,0.933
912000,0.082,0.009,0.909
912500,0.082,0.000,0.918
913000,0.062,0.000,0.938
913500,0.076,0.001,0.923
914000,0.060,0.007,0.933
914500,0.048,0.064,0.888
915000,0.071,0.004,0.925
915500,0.087,0.004,0.909
916000,0.141,0.000,0.859
916500,0.053,0.020,0.927
917000,0.045,0.009,0.946
917500,0.081,0.000,0.919
918000,0.072,0.000,0.928
918500,0.060,0.002,0.938
919000,0.078,0.000,0.922
919500,0.100,0.000,0.900
920000,0.062,0.000,0.938
920500,0.078,0.001,0.921
921000,0.057,0.006,0.937
921500,0.045,0.032,0.923
922000,0.108,0.000,0.892
922500,0.086,0.000,0.914
923000,0.115,0.000,0.885
923500,0.041,0.000,0.959
924000,0.054,0.003,0.943
924500,0.061,0.001,0.938
925000,0.053,0.020,0.927
925500,0.062,0.000,0.938
926000,0.055,0.015,0.930
926500,0.094,0.000,0.906
927000,0.043,0.016,0.941
927500,0.083,0.000,0.917
928000,0.074,0.018,0.908
928500,0.097,0.001,0.902
929000,0.057,0.017,0.926
929500,0.058,0.026,0.916
930000,0.080,0.012,0.908
930500,0.032,0.005,0.963
931000,0.064,0.000,0.936
931500,0.041,0.003,0.956
932000,0.038,0.006,0.956
932500,0.045,0.011,0.944
933000,0.043,0.009,0.948
933500,0.062,0.003,0.935
934000,0.101,0.000,0.899
934500,0.039,0.025,0.936
935000,0.078,0.002,0.920
935500,0.045,0.025,0.930
936000,0.030,0.029,0.941
936500,0.055,0.010,0.935
937000,0.039,0.013,0.948
937500,0.052,0.000,0.948
938000,0.043,0.000,0.957
938500,0.033,0.022,0.945
939000,0.067,0.001,0.932
939500,0.060,0.007,0.933
940000,0.077,0.000,0.923
940500,0.040,0.041,0.919
941000,0.050,0.000,0.950
941500,0.035,0.029,0.936
942000,0.064,0.002,0.934
942500,0.044,0.002,0.954
943000,0.067,0.000,0.933
943500,0.047,0.012,0.941
944000,0.066,0.000,0.934
944500,0.033,0.010,0.957
945000,0.101,0.038,0.861
945500,0.057,0.020,0.923
946000,0.073,0.000,0.927
946500,0.107,0.000,0.893
947000,0.064,0.039,0.897
947500,0.104,0.005,0.891
948000,0.074,0.001,0.925
948500,0.031,0.004,0.965
949000,0.052,0.013,0.935
949500,0.079,0.004,0.917
950000,0.090,0.000,0.910
950500,0.031,0.002,0.967
951000,0.084,0.000,0.916
951500,0.100,0.000,0.900
952000,0.055,0.000,0.945
952500,0.032,0.004,0.964
953000,0.038,0.026,0.936
953500,0.038,0.034,0.928
954000,0.030,0.019,0.951
954500,0.045,0.006,0.949
955000,0.076,0.001,0.923
955500,0.083,0.026,0.891
956000,0.056,0.039,0.905
956500,0.058,0.000,0.942
957000,0.070,0.004,0.926
957500,0.059,0.000,0.941
958000,0.102,0.007,0.891
958500,0.090,0.000,0.910
959000,0.081,0.004,0.915
959500,0.056,0.000,0.944
960000,0.072,0.000,0.928
960500,0.076,0.000,0.924
961000,0.044,0.000,0.956
961500,0.090,0.000,0.910
962000,0.093,0.000,0.907
962500,0.054,0.000,0.946
963000,0.057,0.000,0.943
963500,0.077,0.010,0.913
964000,0.043,0.022,0.935
964500,0.043,0.004,0.953
965000,0.071,0.021,0.908
965500,0.052,0.012,0.936
966000,0.046,0.000,0.954
966500,0.078,0.006,0.916
967000,0.109,0.001,0.890
967500,0.052,0.015,0.933
968000,0.039,0.037,0.924
968500,0.040,0.031,0.929
969000,0.086,0.000,0.914
969500,0.079,0.000,0.921
970000,0.054,0.003,0.943
970500,0.062,0.000,0.938
971000,0.043,0.005,0.952
971500,0.041,0.041,0.918
972000,0.065,0.000,0.935
972500,0.091,0.001,0.908
973000,0.071,0.000,0.929
973500,0.046,0.027,0.927
974000,0.039,0.000,0.961
974500,0.056,0.006,0.938
975000,0.071,0.005,0.924
975500,0.100,0.000,0.900
976000,0.059,0.000,0.941
976500,0.051,0.000,0.949
977000,0.042,0.024,0.934
977500,0.030,0.018,0.952
978000,0.079,0.000,0.921
978500,0.041,0.012,0.947
979000,0.082,0.000,0.918
979500,0.066,0.001,0.933
980000,0.054,0.013,0.933
980500,0.072,0.006,0.922
981000,0.082,0.000,0.918
981500,0.111,0.005,0.884
982000,0.081,0.001,0.918
982500,0.071,0.010,0.919
983000,0.055,0.000,0.945
983500,0.062,0.000,0.938
984000,0.036,0.000,0.964
984500,0.056,0.004,0.940
985000,0.086,0.001,0.913
985500,0.055,0.005,0.940
986000,0.083,0.013,0.904
986500,0.045,0.022,0.933
987000,0.053,0.000,0.947
987500,0.044,0.048,0.908
988000,0.049,0.000,0.951
988500,0.030,0.032,0.938
989000,0.048,0.000,0.952
989500,0.065,0.009,0.926
990000,0.053,0.014,0.933
990500,0.065,0.001,0.934
991000,0.044,0.007,0.949
991500,0.082,0.002,0.916
992000,0.089,0.000,0.911
992500,0.034,0.036,0.930
993000,0.063,0.018,0.919
993500,0.030,0.061,0.909
994000,0.052,0.003,0.945
994500,0.042,0.022,0.936
995000,0.043,0.006,0.951
995500,0.074,0.000,0.926
996000,0.032,0.005,0.963
996500,0.045,0.025,0.930
997000,0.085,0.000,0.915
997500,0.064,0.000,0.936
998000,0.065,0.000,0.935
998500,0.065,0.016,0.919
999000,0.046,0.011,0.943
999500,0.055,0.000,0.945
1000000,0.046,0.004,0.950
