time,n_A+p,n_B,n_AB
500,0.080,0.811,0.109
1000,0.080,0.679,0.241
1500,0.080,0.552,0.368
2000,0.080,0.418,0.502
2500,0.094,0.290,0.616
3000,0.114,0.209,0.676
3500,0.128,0.167,0.705
4000,0.160,0.117,0.722
4500,0.173,0.106,0.721
5000,0.209,0.070,0.721
5500,0.238,0.059,0.703
6000,0.259,0.043,0.699
6500,0.313,0.028,0.659
7000,0.330,0.029,0.641
7500,0.367,0.017,0.616
8000,0.354,0.013,0.633
8500,0.371,0.007,0.622
9000,0.387,0.021,0.592
9500,0.360,0.009,0.630
10000,0.422,0.008,0.570
10500,0.446,0.004,0.550
11000,0.419,0.003,0.578
11500,0.472,0.005,0.523
12000,0.452,0.001,0.547
12500,0.468,0.001,0.531
13000,0.462,0.003,0.535
13500,0.484,0.001,0.515
14000,0.471,0.002,0.526
14500,0.459,0.002,0.540
15000,0.472,0.000,0.528
15500,0.448,0.001,0.551
16000,0.449,0.001,0.550
16500,0.442,0.007,0.551
17000,0.454,0.005,0.541
17500,0.475,0.005,0.519
18000,0.452,0.004,0.545
18500,0.481,0.001,0.518
19000,0.461,0.001,0.539
19500,0.484,0.000,0.516
20000,0.491,0.000,0.509
20500,0.530,0.002,0.468
21000,0.584,0.002,0.414
21500,0.585,0.001,0.415
22000,0.550,0.000,0.450
22500,0.535,0.000,0.465
23000,0.563,0.003,0.435
23500,0.570,0.002,0.429
24000,0.603,0.001,0.396
24500,0.562,0.000,0.438
25000,0.585,0.000,0.415
25500,0.599,0.000,0.401
26000,0.574,0.000,0.426
26500,0.548,0.000,0.452
27000,0.560,0.002,0.438
27500,0.540,0.000,0.460
28000,0.549,0.000,0.451
28500,0.529,0.001,0.470
29000,0.523,0.001,0.476
29500,0.485,0.001,0.515
30000,0.471,0.000,0.529
30500,0.444,0.000,0.556
31000,0.435,0.000,0.565
31500,0.435,0.001,0.564
32000,0.439,0.002,0.560
32500,0.449,0.003,0.548
33000,0.456,0.006,0.538
33500,0.441,0.005,0.554
34000,0.452,0.007,0.541
34500,0.459,0.003,0.538
35000,0.446,0.004,0.550
35500,0.495,0.004,0.500
36000,0.489,0.002,0.509
36500,0.537,0.002,0.461
37000,0.542,0.001,0.457
37500,0.540,0.000,0.460
38000,0.536,0.000,0.464
38500,0.509,0.002,0.489
39000,0.522,0.002,0.476
39500,0.520,0.001,0.479
40000,0.525,0.000,0.475
40500,0.528,0.000,0.472
41000,0.481,0.001,0.517
41500,0.460,0.001,0.540
42000,0.496,0.001,0.504
42500,0.514,0.000,0.486
43000,0.503,0.006,0.490
43500,0.492,0.003,0.505
44000,0.504,0.001,0.495
44500,0.522,0.001,0.477
45000,0.508,0.000,0.492
45500,0.536,0.000,0.464
46000,0.542,0.000,0.458
46500,0.497,0.000,0.502
47000,0.482,0.000,0.518
47500,0.443,0.000,0.557
48000,0.498,0.001,0.501
48500,0.496,0.000,0.504
49000,0.489,0.000,0.511
49500,0.517,0.000,0.483
50000,0.488,0.004,0.509
50500,0.465,0.000,0.535
51000,0.460,0.000,0.540
51500,0.469,0.004,0.528
52000,0.503,0.004,0.492
52500,0.472,0.002,0.526
53000,0.464,0.001,0.535
53500,0.485,0.004,0.510
54000,0.476,0.001,0.523
54500,0.477,0.001,0.521
55000,0.461,0.000,0.539
55500,0.436,0.002,0.561
56000,0.438,0.000,0.562
56500,0.453,0.003,0.545
57000,0.458,0.002,0.541
57500,0.444,0.004,0.552
58000,0.449,0.001,0.550
58500,0.436,0.003,0.562
59000,0.467,0.001,0.532
59500,0.526,0.001,0.473
60000,0.533,0.000,0.467
60500,0.548,0.000,0.452
61000,0.593,0.000,0.407
61500,0.550,0.000,0.450
62000,0.562,0.000,0.438
62500,0.543,0.000,0.457
63000,0.540,0.000,0.460
63500,0.517,0.000,0.483
64000,0.531,0.000,0.469
64500,0.550,0.000,0.450
65000,0.506,0.004,0.489
65500,0.480,0.005,0.515
66000,0.494,0.002,0.505
66500,0.468,0.001,0.532
67000,0.478,0.003,0.520
67500,0.457,0.002,0.541
68000,0.468,0.006,0.526
68500,0.458,0.006,0.536
69000,0.465,0.003,0.532
69500,0.447,0.002,0.552
70000,0.448,0.004,0.548
70500,0.466,0.001,0.533
71000,0.488,0.004,0.508
71500,0.515,0.002,0.483
72000,0.514,0.004,0.481
72500,0.547,0.001,0.452
73000,0.554,0.000,0.446
73500,0.542,0.000,0.458
74000,0.541,0.000,0.459
74500,0.546,0.000,0.454
75000,0.521,0.000,0.479
75500,0.523,0.007,0.470
76000,0.537,0.003,0.460
76500,0.525,0.001,0.474
77000,0.521,0.002,0.477
77500,0.536,0.000,0.464
78000,0.551,0.002,0.447
78500,0.534,0.002,0.464
79000,0.526,0.000,0.474
79500,0.575,0.000,0.425
80000,0.551,0.000,0.449
80500,0.556,0.000,0.444
81000,0.553,0.003,0.444
81500,0.558,0.002,0.440
82000,0.517,0.000,0.483
82500,0.476,0.003,0.521
83000,0.469,0.003,0.529
83500,0.460,0.001,0.539
84000,0.481,0.000,0.519
84500,0.465,0.004,0.531
85000,0.468,0.004,0.528
85500,0.469,0.001,0.530
86000,0.483,0.001,0.516
86500,0.493,0.003,0.503
87000,0.509,0.004,0.487
87500,0.527,0.002,0.471
88000,0.516,0.001,0.483
88500,0.486,0.001,0.513
89000,0.494,0.003,0.503
89500,0.492,0.005,0.503
90000,0.464,0.001,0.535
90500,0.484,0.004,0.512
91000,0.481,0.007,0.511
91500,0.492,0.005,0.503
92000,0.487,0.002,0.512
92500,0.477,0.000,0.523
93000,0.492,0.000,0.508
93500,0.502,0.000,0.498
94000,0.500,0.000,0.500
94500,0.473,0.000,0.527
95000,0.472,0.001,0.527
95500,0.443,0.003,0.554
96000,0.483,0.004,0.512
96500,0.467,0.009,0.525
97000,0.439,0.004,0.557
97500,0.436,0.002,0.562
98000,0.534,0.000,0.466
98500,0.557,0.000,0.443
99000,0.587,0.003,0.410
99500,0.513,0.001,0.486
100000,0.528,0.004,0.468
100500,0.506,0.001,0.493
101000,0.511,0.000,0.489
101500,0.528,0.003,0.469
102000,0.518,0.001,0.481
102500,0.503,0.000,0.497
103000,0.479,0.004,0.516
103500,0.504,0.001,0.495
104000,0.491,0.002,0.507
104500,0.506,0.001,0.493
105000,0.517,0.003,0.480
105500,0.510,0.001,0.489
106000,0.510,0.000,0.490
106500,0.519,0.000,0.481
107000,0.535,0.000,0.465
107500,0.572,0.000,0.428
108000,0.538,0.000,0.462
108500,0.556,0.000,0.444
109000,0.541,0.002,0.457
109500,0.574,0.000,0.426
110000,0.537,0.000,0.463
110500,0.547,0.000,0.453
111000,0.544,0.000,0.456
111500,0.519,0.000,0.481
112000,0.486,0.000,0.514
112500,0.500,0.000,0.500
113000,0.479,0.001,0.519
113500,0.471,0.001,0.528
114000,0.500,0.004,0.495
114500,0.511,0.001,0.488
115000,0.501,0.002,0.497
115500,0.505,0.001,0.494
116000,0.516,0.005,0.478
116500,0.492,0.004,0.504
117000,0.515,0.004,0.481
117500,0.496,0.004,0.500
118000,0.493,0.005,0.501
118500,0.484,0.002,0.514
119000,0.482,0.000,0.518
119500,0.471,0.001,0.529
120000,0.433,0.000,0.567
120500,0.445,0.006,0.549
121000,0.451,0.004,0.546
121500,0.441,0.005,0.554
122000,0.483,0.003,0.514
122500,0.510,0.001,0.489
123000,0.522,0.000,0.478
123500,0.489,0.000,0.511
124000,0.539,0.000,0.461
124500,0.475,0.002,0.524
125000,0.463,0.002,0.535
125500,0.442,0.003,0.556
126000,0.456,0.006,0.538
126500,0.514,0.001,0.485
127000,0.512,0.000,0.488
127500,0.477,0.000,0.522
128000,0.480,0.000,0.520
128500,0.485,0.000,0.515
129000,0.498,0.000,0.502
129500,0.511,0.002,0.487
130000,0.496,0.001,0.504
130500,0.503,0.002,0.495
131000,0.494,0.004,0.501
131500,0.468,0.006,0.526
132000,0.452,0.003,0.545
132500,0.484,0.001,0.516
133000,0.528,0.000,0.472
133500,0.528,0.003,0.469
134000,0.486,0.007,0.507
134500,0.492,0.003,0.505
135000,0.481,0.001,0.518
135500,0.511,0.002,0.487
136000,0.454,0.006,0.540
136500,0.456,0.004,0.540
137000,0.463,0.004,0.532
137500,0.477,0.002,0.521
138000,0.489,0.001,0.510
138500,0.446,0.000,0.554
139000,0.460,0.004,0.537
139500,0.447,0.005,0.548
140000,0.443,0.001,0.556
140500,0.456,0.000,0.544
141000,0.433,0.004,0.563
141500,0.439,0.005,0.556
142000,0.454,0.006,0.540
142500,0.473,0.003,0.523
143000,0.499,0.001,0.500
143500,0.504,0.001,0.495
144000,0.527,0.003,0.470
144500,0.546,0.004,0.450
145000,0.557,0.002,0.441
145500,0.536,0.000,0.464
146000,0.538,0.000,0.462
146500,0.530,0.001,0.469
147000,0.561,0.001,0.438
147500,0.576,0.000,0.424
148000,0.577,0.000,0.423
148500,0.558,0.000,0.442
149000,0.559,0.000,0.441
149500,0.566,0.000,0.434
150000,0.553,0.000,0.447
150500,0.514,0.000,0.486
151000,0.516,0.000,0.484
151500,0.500,0.000,0.500
152000,0.505,0.002,0.493
152500,0.523,0.001,0.476
153000,0.491,0.000,0.508
153500,0.512,0.004,0.483
154000,0.507,0.001,0.492
154500,0.523,0.000,0.477
155000,0.501,0.002,0.497
155500,0.493,0.000,0.507
156000,0.477,0.003,0.519
156500,0.479,0.003,0.518
157000,0.489,0.009,0.502
157500,0.506,0.004,0.490
158000,0.483,0.004,0.512
158500,0.507,0.004,0.489
159000,0.506,0.002,0.492
159500,0.498,0.004,0.498
160000,0.522,0.002,0.476
160500,0.467,0.004,0.530
161000,0.459,0.001,0.541
161500,0.454,0.000,0.546
162000,0.449,0.003,0.548
162500,0.459,0.014,0.527
163000,0.440,0.005,0.555
163500,0.446,0.005,0.549
164000,0.446,0.002,0.552
164500,0.472,0.001,0.528
165000,0.500,0.001,0.499
165500,0.471,0.001,0.529
166000,0.441,0.004,0.555
166500,0.454,0.004,0.543
167000,0.465,0.001,0.534
167500,0.475,0.000,0.524
168000,0.486,0.001,0.513
168500,0.481,0.000,0.518
169000,0.468,0.002,0.531
169500,0.501,0.000,0.499
170000,0.485,0.000,0.515
170500,0.513,0.000,0.487
171000,0.502,0.000,0.498
171500,0.511,0.002,0.487
172000,0.488,0.001,0.511
172500,0.525,0.003,0.472
173000,0.524,0.000,0.476
173500,0.514,0.000,0.486
174000,0.533,0.000,0.467
174500,0.550,0.000,0.450
175000,0.544,0.000,0.456
175500,0.538,0.000,0.462
176000,0.515,0.000,0.485
176500,0.485,0.000,0.515
177000,0.462,0.001,0.537
177500,0.483,0.005,0.512
178000,0.443,0.004,0.553
178500,0.446,0.003,0.551
179000,0.473,0.007,0.520
179500,0.479,0.003,0.519
180000,0.455,0.001,0.544
180500,0.471,0.000,0.528
181000,0.497,0.004,0.499
181500,0.486,0.004,0.510
182000,0.484,0.003,0.513
182500,0.488,0.002,0.511
183000,0.485,0.000,0.514
183500,0.516,0.000,0.484
184000,0.527,0.002,0.471
184500,0.523,0.003,0.474
185000,0.486,0.002,0.512
185500,0.537,0.001,0.462
186000,0.507,0.000,0.493
186500,0.493,0.002,0.504
187000,0.505,0.001,0.494
187500,0.508,0.001,0.491
188000,0.517,0.000,0.483
188500,0.516,0.000,0.484
189000,0.511,0.002,0.487
189500,0.574,0.001,0.425
190000,0.574,0.001,0.426
190500,0.532,0.000,0.468
191000,0.547,0.000,0.453
191500,0.549,0.000,0.451
192000,0.509,0.002,0.489
192500,0.510,0.004,0.486
193000,0.521,0.001,0.478
193500,0.538,0.000,0.462
194000,0.549,0.000,0.451
194500,0.523,0.000,0.477
195000,0.538,0.001,0.461
195500,0.559,0.001,0.440
196000,0.545,0.003,0.452
196500,0.514,0.001,0.485
197000,0.502,0.004,0.493
197500,0.508,0.002,0.490
198000,0.530,0.000,0.470
198500,0.554,0.000,0.446
199000,0.578,0.000,0.422
199500,0.551,0.000,0.449
200000,0.569,0.000,0.431
200500,0.572,0.000,0.428
201000,0.567,0.000,0.433
201500,0.569,0.000,0.431
202000,0.558,0.000,0.442
202500,0.521,0.002,0.477
203000,0.513,0.001,0.486
203500,0.542,0.000,0.458
204000,0.541,0.000,0.459
204500,0.539,0.000,0.461
205000,0.563,0.000,0.437
205500,0.556,0.000,0.444
206000,0.520,0.000,0.480
206500,0.511,0.000,0.489
207000,0.533,0.000,0.467
207500,0.490,0.000,0.510
208000,0.496,0.000,0.504
208500,0.525,0.000,0.475
209000,0.547,0.000,0.453
209500,0.565,0.000,0.435
210000,0.541,0.000,0.459
210500,0.523,0.000,0.477
211000,0.552,0.000,0.448
211500,0.556,0.000,0.444
212000,0.557,0.000,0.443
212500,0.558,0.000,0.442
213000,0.549,0.000,0.451
213500,0.537,0.000,0.463
214000,0.535,0.000,0.465
214500,0.507,0.000,0.493
215000,0.501,0.000,0.499
215500,0.490,0.004,0.507
216000,0.477,0.003,0.521
216500,0.449,0.004,0.547
217000,0.447,0.004,0.549
217500,0.454,0.003,0.544
218000,0.479,0.001,0.520
218500,0.501,0.000,0.499
219000,0.523,0.002,0.475
219500,0.527,0.001,0.472
220000,0.511,0.000,0.489
220500,0.525,0.000,0.475
221000,0.513,0.001,0.486
221500,0.516,0.000,0.484
222000,0.517,0.003,0.480
222500,0.485,0.002,0.513
223000,0.475,0.003,0.521
223500,0.447,0.004,0.549
224000,0.482,0.002,0.516
224500,0.506,0.001,0.493
225000,0.526,0.000,0.474
225500,0.549,0.000,0.451
226000,0.535,0.000,0.465
226500,0.541,0.000,0.459
227000,0.513,0.001,0.486
227500,0.482,0.001,0.517
228000,0.527,0.000,0.473
228500,0.521,0.000,0.479
229000,0.501,0.000,0.499
229500,0.513,0.001,0.486
230000,0.524,0.000,0.476
230500,0.486,0.003,0.511
231000,0.510,0.003,0.487
231500,0.517,0.005,0.478
232000,0.516,0.003,0.481
232500,0.513,0.002,0.485
233000,0.499,0.001,0.499
233500,0.511,0.001,0.488
234000,0.522,0.000,0.478
234500,0.518,0.000,0.482
235000,0.510,0.000,0.490
235500,0.560,0.000,0.440
236000,0.588,0.000,0.412
236500,0.565,0.000,0.435
237000,0.538,0.000,0.462
237500,0.541,0.000,0.459
238000,0.564,0.000,0.436
238500,0.575,0.000,0.425
239000,0.533,0.001,0.466
239500,0.500,0.002,0.498
240000,0.480,0.001,0.520
240500,0.486,0.000,0.514
241000,0.463,0.003,0.534
241500,0.483,0.004,0.513
242000,0.485,0.003,0.512
242500,0.468,0.000,0.532
243000,0.494,0.004,0.502
243500,0.509,0.004,0.486
244000,0.498,0.002,0.501
244500,0.497,0.002,0.500
245000,0.509,0.002,0.489
245500,0.521,0.002,0.477
246000,0.504,0.000,0.496
246500,0.493,0.003,0.504
247000,0.526,0.000,0.474
247500,0.556,0.000,0.444
248000,0.551,0.000,0.449
248500,0.544,0.003,0.453
249000,0.515,0.002,0.483
249500,0.524,0.000,0.476
250000,0.523,0.000,0.477
250500,0.494,0.002,0.504
251000,0.488,0.007,0.505
251500,0.493,0.002,0.506
252000,0.486,0.001,0.513
252500,0.515,0.001,0.484
253000,0.501,0.001,0.498
253500,0.492,0.003,0.505
254000,0.457,0.004,0.539
254500,0.448,0.004,0.549
255000,0.416,0.008,0.576
255500,0.429,0.002,0.569
256000,0.473,0.006,0.520
256500,0.481,0.006,0.512
257000,0.469,0.004,0.527
257500,0.450,0.003,0.547
258000,0.448,0.004,0.548
258500,0.429,0.002,0.569
259000,0.498,0.001,0.501
259500,0.488,0.000,0.512
260000,0.509,0.004,0.487
260500,0.507,0.002,0.491
261000,0.483,0.001,0.515
261500,0.494,0.001,0.505
262000,0.442,0.000,0.558
262500,0.469,0.002,0.530
263000,0.448,0.004,0.549
263500,0.468,0.006,0.526
264000,0.459,0.003,0.538
264500,0.486,0.002,0.512
265000,0.491,0.001,0.507
265500,0.474,0.002,0.524
266000,0.500,0.001,0.499
266500,0.507,0.004,0.489
267000,0.486,0.004,0.510
267500,0.512,0.002,0.486
268000,0.546,0.001,0.453
268500,0.549,0.000,0.451
269000,0.532,0.002,0.466
269500,0.491,0.001,0.508
270000,0.511,0.000,0.489
270500,0.520,0.000,0.480
271000,0.513,0.001,0.486
271500,0.471,0.000,0.528
272000,0.467,0.000,0.533
272500,0.481,0.003,0.515
273000,0.474,0.001,0.526
273500,0.481,0.001,0.518
274000,0.510,0.001,0.489
274500,0.511,0.001,0.488
275000,0.512,0.000,0.488
275500,0.533,0.000,0.467
276000,0.558,0.000,0.442
276500,0.546,0.000,0.454
277000,0.549,0.000,0.451
277500,0.509,0.004,0.487
278000,0.506,0.004,0.490
278500,0.494,0.004,0.502
279000,0.500,0.001,0.499
279500,0.526,0.001,0.473
280000,0.504,0.000,0.496
280500,0.487,0.003,0.510
281000,0.473,0.000,0.527
281500,0.485,0.000,0.515
282000,0.473,0.002,0.525
282500,0.475,0.010,0.515
283000,0.496,0.004,0.500
283500,0.509,0.001,0.490
284000,0.521,0.001,0.478
284500,0.469,0.001,0.531
285000,0.490,0.001,0.510
285500,0.501,0.003,0.496
286000,0.500,0.001,0.499
286500,0.489,0.004,0.507
287000,0.486,0.002,0.512
287500,0.446,0.005,0.549
288000,0.464,0.009,0.527
288500,0.449,0.006,0.545
289000,0.444,0.003,0.553
289500,0.471,0.008,0.521
290000,0.502,0.004,0.493
290500,0.445,0.002,0.553
291000,0.490,0.004,0.506
291500,0.466,0.002,0.533
292000,0.450,0.005,0.545
292500,0.441,0.007,0.552
293000,0.454,0.006,0.540
293500,0.450,0.004,0.547
294000,0.477,0.007,0.515
294500,0.485,0.008,0.506
295000,0.471,0.002,0.526
295500,0.485,0.000,0.515
296000,0.481,0.002,0.517
296500,0.491,0.001,0.508
297000,0.533,0.002,0.465
297500,0.564,0.003,0.434
298000,0.564,0.001,0.435
298500,0.489,0.004,0.506
299000,0.493,0.004,0.502
299500,0.493,0.002,0.505
300000,0.533,0.001,0.466
300500,0.527,0.001,0.472
301000,0.513,0.001,0.486
301500,0.528,0.001,0.471
302000,0.579,0.001,0.421
302500,0.560,0.001,0.439
303000,0.538,0.004,0.458
303500,0.506,0.001,0.493
304000,0.468,0.002,0.530
304500,0.483,0.009,0.509
305000,0.464,0.005,0.531
305500,0.452,0.009,0.539
306000,0.453,0.002,0.545
306500,0.466,0.004,0.530
307000,0.460,0.004,0.536
307500,0.459,0.002,0.539
308000,0.491,0.001,0.507
308500,0.481,0.006,0.512
309000,0.479,0.004,0.518
309500,0.477,0.002,0.520
310000,0.448,0.001,0.552
310500,0.465,0.001,0.534
311000,0.484,0.001,0.515
311500,0.517,0.001,0.482
312000,0.533,0.004,0.463
312500,0.517,0.002,0.481
313000,0.485,0.005,0.509
313500,0.473,0.001,0.526
314000,0.474,0.000,0.526
314500,0.448,0.000,0.552
315000,0.488,0.002,0.510
315500,0.517,0.002,0.481
316000,0.538,0.001,0.461
316500,0.524,0.000,0.476
317000,0.476,0.000,0.524
317500,0.479,0.000,0.521
318000,0.494,0.003,0.503
318500,0.494,0.003,0.503
319000,0.457,0.002,0.542
319500,0.452,0.002,0.546
320000,0.434,0.002,0.564
320500,0.433,0.002,0.565
321000,0.436,0.002,0.562
321500,0.442,0.004,0.555
322000,0.446,0.005,0.549
322500,0.443,0.006,0.550
323000,0.433,0.005,0.562
323500,0.487,0.011,0.502
324000,0.501,0.002,0.497
324500,0.504,0.002,0.494
325000,0.496,0.000,0.504
325500,0.454,0.000,0.546
326000,0.452,0.000,0.548
326500,0.441,0.000,0.559
327000,0.420,0.002,0.579
327500,0.446,0.001,0.553
328000,0.455,0.000,0.545
328500,0.475,0.004,0.521
329000,0.475,0.003,0.523
329500,0.493,0.001,0.507
330000,0.507,0.001,0.492
330500,0.503,0.000,0.497
331000,0.495,0.002,0.503
331500,0.515,0.001,0.484
332000,0.513,0.000,0.487
332500,0.501,0.000,0.499
333000,0.543,0.000,0.457
333500,0.530,0.000,0.470
334000,0.505,0.000,0.495
334500,0.491,0.003,0.506
335000,0.440,0.006,0.554
335500,0.464,0.003,0.534
336000,0.459,0.006,0.535
336500,0.444,0.005,0.551
337000,0.464,0.004,0.532
337500,0.499,0.003,0.498
338000,0.478,0.000,0.522
338500,0.477,0.003,0.521
339000,0.422,0.008,0.570
339500,0.430,0.003,0.567
340000,0.465,0.000,0.535
340500,0.508,0.001,0.491
341000,0.535,0.001,0.464
341500,0.549,0.000,0.451
342000,0.568,0.000,0.432
342500,0.547,0.000,0.453
343000,0.505,0.000,0.495
343500,0.522,0.000,0.478
344000,0.535,0.000,0.465
344500,0.495,0.000,0.505
345000,0.490,0.000,0.510
345500,0.507,0.000,0.493
346000,0.507,0.000,0.493
346500,0.484,0.002,0.515
347000,0.510,0.000,0.490
347500,0.520,0.000,0.480
348000,0.544,0.000,0.456
348500,0.540,0.000,0.460
349000,0.527,0.000,0.473
349500,0.530,0.000,0.470
350000,0.544,0.003,0.453
350500,0.530,0.002,0.468
351000,0.544,0.001,0.455
351500,0.514,0.000,0.486
352000,0.510,0.003,0.487
352500,0.485,0.000,0.514
353000,0.528,0.000,0.472
353500,0.533,0.000,0.467
354000,0.521,0.000,0.479
354500,0.560,0.000,0.440
355000,0.552,0.000,0.448
355500,0.548,0.000,0.452
356000,0.553,0.001,0.446
356500,0.514,0.000,0.486
357000,0.499,0.000,0.501
357500,0.526,0.004,0.470
358000,0.501,0.000,0.499
358500,0.472,0.000,0.528
359000,0.446,0.002,0.552
359500,0.450,0.003,0.548
360000,0.441,0.004,0.555
360500,0.420,0.003,0.577
361000,0.424,0.010,0.566
361500,0.430,0.006,0.564
362000,0.442,0.004,0.554
362500,0.464,0.005,0.531
363000,0.465,0.002,0.533
363500,0.451,0.000,0.549
364000,0.490,0.000,0.510
364500,0.460,0.000,0.540
365000,0.432,0.000,0.568
365500,0.468,0.000,0.532
366000,0.494,0.001,0.506
366500,0.486,0.000,0.514
367000,0.480,0.003,0.518
367500,0.512,0.006,0.482
368000,0.498,0.001,0.501
368500,0.486,0.004,0.510
369000,0.513,0.003,0.484
369500,0.530,0.001,0.469
370000,0.495,0.000,0.505
370500,0.484,0.004,0.513
371000,0.431,0.000,0.569
371500,0.403,0.006,0.591
372000,0.395,0.010,0.595
372500,0.434,0.004,0.563
373000,0.442,0.004,0.554
373500,0.455,0.005,0.540
374000,0.486,0.004,0.510
374500,0.477,0.001,0.522
375000,0.457,0.003,0.540
375500,0.474,0.001,0.525
376000,0.465,0.003,0.533
376500,0.484,0.002,0.514
377000,0.516,0.001,0.483
377500,0.536,0.004,0.460
378000,0.528,0.001,0.471
378500,0.507,0.004,0.489
379000,0.495,0.003,0.502
379500,0.513,0.001,0.486
380000,0.541,0.000,0.459
380500,0.547,0.000,0.453
381000,0.565,0.000,0.435
381500,0.553,0.000,0.447
382000,0.536,0.002,0.462
382500,0.533,0.001,0.466
383000,0.516,0.003,0.481
383500,0.529,0.001,0.470
384000,0.544,0.001,0.455
384500,0.547,0.000,0.453
385000,0.544,0.000,0.456
385500,0.531,0.000,0.469
386000,0.510,0.002,0.488
386500,0.479,0.003,0.518
387000,0.498,0.000,0.502
387500,0.483,0.006,0.511
388000,0.484,0.004,0.512
388500,0.495,0.002,0.502
389000,0.514,0.001,0.485
389500,0.512,0.000,0.488
390000,0.505,0.000,0.495
390500,0.527,0.000,0.473
391000,0.532,0.004,0.464
391500,0.558,0.001,0.441
392000,0.523,0.000,0.477
392500,0.550,0.005,0.444
393000,0.564,0.003,0.434
393500,0.542,0.002,0.456
394000,0.542,0.003,0.455
394500,0.500,0.002,0.498
395000,0.496,0.004,0.501
395500,0.470,0.003,0.527
396000,0.454,0.001,0.545
396500,0.454,0.001,0.545
397000,0.442,0.001,0.557
397500,0.425,0.004,0.572
398000,0.444,0.001,0.555
398500,0.424,0.006,0.569
399000,0.422,0.004,0.574
399500,0.449,0.004,0.547
400000,0.454,0.000,0.546
400500,0.471,0.002,0.527
401000,0.492,0.000,0.508
401500,0.467,0.000,0.533
402000,0.474,0.003,0.523
402500,0.492,0.001,0.507
403000,0.505,0.004,0.491
403500,0.559,0.001,0.440
404000,0.569,0.000,0.431
404500,0.545,0.000,0.455
405000,0.538,0.000,0.462
405500,0.543,0.000,0.457
406000,0.525,0.002,0.473
406500,0.515,0.000,0.485
407000,0.540,0.000,0.460
407500,0.492,0.000,0.508
408000,0.526,0.000,0.474
408500,0.502,0.000,0.498
409000,0.521,0.000,0.479
409500,0.488,0.000,0.512
410000,0.452,0.000,0.548
410500,0.463,0.000,0.537
411000,0.465,0.004,0.532
411500,0.444,0.001,0.555
412000,0.459,0.004,0.537
412500,0.474,0.004,0.522
413000,0.470,0.002,0.529
413500,0.477,0.006,0.516
414000,0.496,0.001,0.503
414500,0.491,0.003,0.506
415000,0.507,0.004,0.489
415500,0.546,0.001,0.453
416000,0.531,0.001,0.468
416500,0.552,0.001,0.447
417000,0.550,0.000,0.450
417500,0.574,0.000,0.426
418000,0.532,0.000,0.468
418500,0.495,0.000,0.504
419000,0.519,0.000,0.481
419500,0.516,0.000,0.484
420000,0.516,0.004,0.480
420500,0.552,0.000,0.448
421000,0.548,0.002,0.450
421500,0.545,0.001,0.454
422000,0.557,0.000,0.443
422500,0.550,0.003,0.447
423000,0.549,0.002,0.449
423500,0.528,0.001,0.471
424000,0.502,0.000,0.498
424500,0.502,0.000,0.498
425000,0.509,0.006,0.485
425500,0.483,0.003,0.514
426000,0.515,0.001,0.484
426500,0.517,0.002,0.481
427000,0.523,0.003,0.474
427500,0.504,0.000,0.496
428000,0.511,0.002,0.487
428500,0.527,0.001,0.472
429000,0.491,0.000,0.508
429500,0.507,0.000,0.493
430000,0.468,0.000,0.532
430500,0.492,0.002,0.506
431000,0.500,0.001,0.499
431500,0.487,0.002,0.511
432000,0.487,0.001,0.513
432500,0.547,0.000,0.453
433000,0.534,0.000,0.466
433500,0.501,0.000,0.499
434000,0.526,0.003,0.471
434500,0.523,0.001,0.476
435000,0.505,0.000,0.495
435500,0.515,0.000,0.485
436000,0.503,0.000,0.497
436500,0.507,0.000,0.493
437000,0.503,0.000,0.497
437500,0.497,0.003,0.501
438000,0.489,0.000,0.511
438500,0.490,0.002,0.508
439000,0.447,0.000,0.553
439500,0.453,0.001,0.547
440000,0.485,0.000,0.514
440500,0.509,0.000,0.491
441000,0.506,0.000,0.494
441500,0.485,0.000,0.515
442000,0.444,0.000,0.556
442500,0.466,0.000,0.534
443000,0.495,0.000,0.505
443500,0.484,0.000,0.516
444000,0.490,0.000,0.510
444500,0.475,0.003,0.523
445000,0.518,0.005,0.476
445500,0.500,0.004,0.495
446000,0.496,0.002,0.502
446500,0.505,0.000,0.495
447000,0.508,0.000,0.492
447500,0.486,0.001,0.513
448000,0.468,0.004,0.529
448500,0.474,0.004,0.522
449000,0.501,0.002,0.497
449500,0.496,0.001,0.503
450000,0.486,0.000,0.514
450500,0.503,0.001,0.496
451000,0.485,0.001,0.515
451500,0.498,0.000,0.502
452000,0.488,0.000,0.512
452500,0.493,0.000,0.506
453000,0.487,0.004,0.510
453500,0.476,0.002,0.523
454000,0.447,0.003,0.551
454500,0.450,0.005,0.545
455000,0.448,0.007,0.545
455500,0.463,0.003,0.534
456000,0.460,0.006,0.534
456500,0.452,0.002,0.547
457000,0.483,0.001,0.516
457500,0.508,0.001,0.491
458000,0.518,0.003,0.479
458500,0.514,0.001,0.485
459000,0.501,0.000,0.499
459500,0.481,0.003,0.515
460000,0.491,0.004,0.505
460500,0.526,0.002,0.472
461000,0.552,0.000,0.448
461500,0.539,0.004,0.457
462000,0.537,0.003,0.460
462500,0.523,0.001,0.476
463000,0.516,0.000,0.484
463500,0.506,0.000,0.494
464000,0.470,0.002,0.528
464500,0.492,0.002,0.506
465000,0.490,0.004,0.506
465500,0.508,0.004,0.487
466000,0.538,0.001,0.461
466500,0.539,0.001,0.460
467000,0.510,0.001,0.489
467500,0.479,0.000,0.521
468000,0.473,0.000,0.527
468500,0.526,0.000,0.474
469000,0.524,0.000,0.476
469500,0.534,0.000,0.466
470000,0.534,0.002,0.464
470500,0.555,0.001,0.444
471000,0.512,0.003,0.485
471500,0.517,0.002,0.481
472000,0.544,0.001,0.455
472500,0.532,0.001,0.467
473000,0.537,0.000,0.463
473500,0.541,0.001,0.458
474000,0.580,0.000,0.420
474500,0.533,0.000,0.467
475000,0.547,0.000,0.453
475500,0.523,0.000,0.477
476000,0.520,0.002,0.478
476500,0.524,0.002,0.474
477000,0.511,0.004,0.485
477500,0.469,0.006,0.525
478000,0.489,0.005,0.506
478500,0.500,0.000,0.500
479000,0.494,0.000,0.506
479500,0.460,0.000,0.540
480000,0.503,0.004,0.493
480500,0.473,0.000,0.526
481000,0.518,0.000,0.482
481500,0.516,0.000,0.484
482000,0.506,0.002,0.492
482500,0.558,0.002,0.440
483000,0.530,0.001,0.469
483500,0.511,0.000,0.489
484000,0.519,0.000,0.481
484500,0.526,0.000,0.474
485000,0.520,0.000,0.480
485500,0.517,0.007,0.475
486000,0.530,0.004,0.465
486500,0.494,0.003,0.503
487000,0.483,0.002,0.515
487500,0.432,0.000,0.568
488000,0.473,0.000,0.526
488500,0.477,0.000,0.523
489000,0.477,0.000,0.523
489500,0.485,0.003,0.513
490000,0.500,0.001,0.499
490500,0.488,0.004,0.508
491000,0.455,0.005,0.540
491500,0.452,0.004,0.544
492000,0.473,0.001,0.526
492500,0.511,0.000,0.489
493000,0.544,0.000,0.456
493500,0.515,0.003,0.482
494000,0.508,0.004,0.487
494500,0.514,0.002,0.484
495000,0.511,0.001,0.488
495500,0.506,0.000,0.494
496000,0.540,0.000,0.460
496500,0.556,0.003,0.441
497000,0.588,0.002,0.411
497500,0.575,0.000,0.425
498000,0.559,0.000,0.441
498500,0.539,0.000,0.461
499000,0.497,0.002,0.500
499500,0.482,0.004,0.513
500000,0.499,0.001,0.500
500500,0.516,0.001,0.483
501000,0.510,0.002,0.488
501500,0.502,0.001,0.497
502000,0.536,0.000,0.464
502500,0.511,0.000,0.489
503000,0.522,0.000,0.478
503500,0.514,0.000,0.486
504000,0.519,0.000,0.481
504500,0.487,0.002,0.510
505000,0.493,0.003,0.504
505500,0.512,0.001,0.487
506000,0.507,0.003,0.490
506500,0.477,0.002,0.522
507000,0.498,0.001,0.502
507500,0.506,0.000,0.494
508000,0.489,0.002,0.508
508500,0.489,0.001,0.510
509000,0.466,0.001,0.533
509500,0.461,0.000,0.539
510000,0.493,0.003,0.505
510500,0.512,0.002,0.486
511000,0.514,0.000,0.486
511500,0.496,0.000,0.504
512000,0.465,0.016,0.519
512500,0.458,0.009,0.533
513000,0.443,0.004,0.553
513500,0.428,0.002,0.570
514000,0.413,0.007,0.579
514500,0.404,0.009,0.588
515000,0.441,0.007,0.551
515500,0.455,0.004,0.542
516000,0.460,0.005,0.535
516500,0.445,0.002,0.554
517000,0.462,0.001,0.537
517500,0.432,0.003,0.566
518000,0.434,0.003,0.562
518500,0.432,0.007,0.561
519000,0.453,0.004,0.544
519500,0.421,0.007,0.572
520000,0.383,0.007,0.610
520500,0.417,0.003,0.581
521000,0.412,0.006,0.582
521500,0.450,0.004,0.546
522000,0.428,0.011,0.561
522500,0.475,0.002,0.523
523000,0.482,0.001,0.517
523500,0.500,0.001,0.499
524000,0.504,0.000,0.496
524500,0.497,0.000,0.503
525000,0.500,0.000,0.500
525500,0.485,0.002,0.514
526000,0.493,0.004,0.503
526500,0.488,0.004,0.508
527000,0.473,0.001,0.525
527500,0.506,0.004,0.490
528000,0.520,0.004,0.476
528500,0.503,0.001,0.496
529000,0.472,0.004,0.524
529500,0.494,0.003,0.503
530000,0.524,0.002,0.474
530500,0.517,0.001,0.482
531000,0.494,0.002,0.505
531500,0.491,0.003,0.506
532000,0.475,0.002,0.524
532500,0.502,0.001,0.497
533000,0.503,0.001,0.496
533500,0.531,0.001,0.468
534000,0.524,0.000,0.476
534500,0.502,0.000,0.498
535000,0.481,0.002,0.516
535500,0.468,0.003,0.529
536000,0.445,0.001,0.554
536500,0.467,0.003,0.530
537000,0.461,0.002,0.537
537500,0.469,0.013,0.518
538000,0.472,0.005,0.523
538500,0.484,0.001,0.515
539000,0.490,0.000,0.510
539500,0.499,0.004,0.496
540000,0.539,0.002,0.459
540500,0.509,0.005,0.486
541000,0.516,0.002,0.482
541500,0.465,0.007,0.528
542000,0.458,0.006,0.536
542500,0.469,0.004,0.527
543000,0.500,0.001,0.499
543500,0.474,0.001,0.525
544000,0.505,0.003,0.492
544500,0.500,0.001,0.499
545000,0.512,0.001,0.487
545500,0.521,0.001,0.478
546000,0.517,0.000,0.483
546500,0.507,0.004,0.489
547000,0.495,0.004,0.501
547500,0.528,0.005,0.467
548000,0.549,0.001,0.450
548500,0.529,0.003,0.468
549000,0.557,0.002,0.441
549500,0.532,0.001,0.467
550000,0.524,0.001,0.475
550500,0.482,0.000,0.518
551000,0.490,0.003,0.507
551500,0.493,0.001,0.506
552000,0.487,0.007,0.506
552500,0.452,0.006,0.542
553000,0.469,0.000,0.531
553500,0.453,0.003,0.544
554000,0.470,0.005,0.525
554500,0.483,0.004,0.513
555000,0.490,0.006,0.504
555500,0.437,0.008,0.555
556000,0.422,0.011,0.567
556500,0.497,0.002,0.501
557000,0.474,0.002,0.524
557500,0.459,0.001,0.540
558000,0.497,0.001,0.502
558500,0.522,0.000,0.478
559000,0.533,0.000,0.467
559500,0.538,0.000,0.462
560000,0.517,0.003,0.480
560500,0.492,0.002,0.507
561000,0.488,0.003,0.509
561500,0.510,0.002,0.488
562000,0.524,0.001,0.475
562500,0.491,0.001,0.508
563000,0.498,0.003,0.499
563500,0.498,0.001,0.501
564000,0.522,0.001,0.477
564500,0.480,0.006,0.514
565000,0.462,0.003,0.536
565500,0.462,0.001,0.538
566000,0.499,0.001,0.501
566500,0.517,0.001,0.482
567000,0.507,0.003,0.490
567500,0.507,0.001,0.492
568000,0.487,0.000,0.512
568500,0.481,0.000,0.518
569000,0.455,0.003,0.543
569500,0.481,0.003,0.517
570000,0.466,0.001,0.534
570500,0.471,0.004,0.524
571000,0.485,0.004,0.511
571500,0.486,0.002,0.512
572000,0.508,0.001,0.491
572500,0.490,0.003,0.507
573000,0.524,0.003,0.473
573500,0.530,0.000,0.470
574000,0.530,0.000,0.470
574500,0.502,0.000,0.498
575000,0.491,0.003,0.506
575500,0.492,0.000,0.508
576000,0.501,0.000,0.499
576500,0.495,0.000,0.505
577000,0.458,0.000,0.542
577500,0.476,0.007,0.516
578000,0.486,0.003,0.511
578500,0.512,0.002,0.486
579000,0.574,0.001,0.426
579500,0.551,0.000,0.449
580000,0.561,0.000,0.439
580500,0.566,0.000,0.434
581000,0.545,0.000,0.455
581500,0.524,0.002,0.474
582000,0.497,0.005,0.498
582500,0.528,0.002,0.470
583000,0.534,0.000,0.466
583500,0.549,0.000,0.451
584000,0.564,0.000,0.436
584500,0.520,0.004,0.476
585000,0.565,0.002,0.433
585500,0.580,0.000,0.420
586000,0.553,0.000,0.447
586500,0.537,0.000,0.463
587000,0.539,0.000,0.461
587500,0.480,0.004,0.517
588000,0.500,0.002,0.498
588500,0.484,0.003,0.513
589000,0.493,0.001,0.506
589500,0.452,0.002,0.547
590000,0.486,0.001,0.513
590500,0.511,0.000,0.489
591000,0.503,0.000,0.497
591500,0.474,0.002,0.524
592000,0.471,0.005,0.523
592500,0.469,0.004,0.526
593000,0.504,0.001,0.495
593500,0.529,0.000,0.471
594000,0.529,0.004,0.467
594500,0.502,0.001,0.497
595000,0.501,0.004,0.495
595500,0.509,0.002,0.489
596000,0.504,0.000,0.496
596500,0.491,0.000,0.508
597000,0.504,0.000,0.496
597500,0.505,0.000,0.495
598000,0.491,0.000,0.509
598500,0.487,0.004,0.510
599000,0.495,0.002,0.502
599500,0.495,0.001,0.503
600000,0.545,0.001,0.454
600500,0.557,0.002,0.441
601000,0.500,0.001,0.499
601500,0.483,0.003,0.515
602000,0.501,0.000,0.499
602500,0.478,0.003,0.519
603000,0.480,0.002,0.518
603500,0.473,0.003,0.525
604000,0.492,0.000,0.508
604500,0.508,0.000,0.492
605000,0.523,0.000,0.477
605500,0.501,0.000,0.499
606000,0.484,0.002,0.514
606500,0.472,0.005,0.523
607000,0.463,0.005,0.532
607500,0.481,0.004,0.514
608000,0.482,0.001,0.518
608500,0.481,0.002,0.517
609000,0.470,0.003,0.527
609500,0.441,0.004,0.554
610000,0.447,0.004,0.549
610500,0.469,0.007,0.523
611000,0.460,0.005,0.535
611500,0.473,0.004,0.522
612000,0.490,0.004,0.506
612500,0.502,0.003,0.495
613000,0.484,0.002,0.515
613500,0.459,0.001,0.540
614000,0.502,0.002,0.496
614500,0.516,0.001,0.483
615000,0.545,0.000,0.455
615500,0.539,0.000,0.461
616000,0.529,0.000,0.471
616500,0.505,0.000,0.495
617000,0.505,0.000,0.495
617500,0.490,0.003,0.507
618000,0.477,0.001,0.522
618500,0.530,0.000,0.470
619000,0.562,0.002,0.436
619500,0.560,0.001,0.439
620000,0.538,0.000,0.462
620500,0.548,0.003,0.449
621000,0.545,0.004,0.450
621500,0.515,0.001,0.484
622000,0.529,0.001,0.470
622500,0.505,0.003,0.492
623000,0.529,0.001,0.470
623500,0.504,0.000,0.496
624000,0.448,0.000,0.552
624500,0.444,0.007,0.549
625000,0.454,0.005,0.541
625500,0.478,0.010,0.512
626000,0.449,0.004,0.547
626500,0.508,0.003,0.489
627000,0.520,0.001,0.479
627500,0.540,0.001,0.459
628000,0.511,0.000,0.489
628500,0.520,0.000,0.480
629000,0.513,0.000,0.487
629500,0.499,0.000,0.500
630000,0.500,0.000,0.500
630500,0.472,0.004,0.524
631000,0.498,0.002,0.500
631500,0.515,0.001,0.484
632000,0.496,0.002,0.502
632500,0.509,0.004,0.487
633000,0.502,0.002,0.496
633500,0.533,0.001,0.466
634000,0.533,0.000,0.467
634500,0.529,0.000,0.471
635000,0.545,0.000,0.455
635500,0.513,0.000,0.487
636000,0.534,0.002,0.464
636500,0.509,0.001,0.490
637000,0.468,0.001,0.532
637500,0.478,0.001,0.521
638000,0.476,0.003,0.522
638500,0.485,0.001,0.513
639000,0.469,0.004,0.526
639500,0.483,0.002,0.516
640000,0.495,0.001,0.504
640500,0.527,0.001,0.472
641000,0.508,0.001,0.491
641500,0.539,0.000,0.461
642000,0.529,0.000,0.471
642500,0.541,0.000,0.459
643000,0.525,0.000,0.475
643500,0.547,0.000,0.453
644000,0.505,0.003,0.492
644500,0.504,0.002,0.494
645000,0.453,0.004,0.543
645500,0.435,0.007,0.557
646000,0.449,0.007,0.544
646500,0.420,0.002,0.579
647000,0.421,0.005,0.573
647500,0.428,0.001,0.571
648000,0.460,0.000,0.540
648500,0.485,0.003,0.512
649000,0.512,0.002,0.486
649500,0.508,0.002,0.490
650000,0.465,0.001,0.534
650500,0.451,0.002,0.547
651000,0.449,0.000,0.551
651500,0.446,0.005,0.549
652000,0.438,0.006,0.556
652500,0.503,0.002,0.495
653000,0.499,0.003,0.498
653500,0.509,0.005,0.486
654000,0.510,0.002,0.488
654500,0.537,0.000,0.463
655000,0.571,0.000,0.429
655500,0.530,0.000,0.470
656000,0.507,0.000,0.493
656500,0.486,0.000,0.514
657000,0.466,0.000,0.534
657500,0.480,0.003,0.517
658000,0.475,0.002,0.524
658500,0.486,0.004,0.510
659000,0.479,0.006,0.515
659500,0.483,0.001,0.515
660000,0.495,0.000,0.505
660500,0.522,0.000,0.478
661000,0.512,0.001,0.487
661500,0.487,0.000,0.512
662000,0.475,0.002,0.523
662500,0.456,0.005,0.539
663000,0.487,0.002,0.511
663500,0.486,0.003,0.511
664000,0.499,0.001,0.500
664500,0.522,0.001,0.477
665000,0.521,0.001,0.478
665500,0.506,0.001,0.493
666000,0.487,0.001,0.512
666500,0.469,0.001,0.530
667000,0.461,0.001,0.538
667500,0.462,0.001,0.538
668000,0.436,0.002,0.561
668500,0.450,0.002,0.549
669000,0.431,0.006,0.562
669500,0.451,0.004,0.545
670000,0.443,0.003,0.554
670500,0.449,0.002,0.550
671000,0.456,0.000,0.544
671500,0.479,0.001,0.519
672000,0.490,0.001,0.509
672500,0.525,0.000,0.475
673000,0.528,0.000,0.472
673500,0.523,0.002,0.475
674000,0.495,0.002,0.503
674500,0.469,0.001,0.530
675000,0.493,0.000,0.507
675500,0.489,0.002,0.509
676000,0.520,0.001,0.479
676500,0.511,0.000,0.489
677000,0.523,0.000,0.477
677500,0.540,0.000,0.460
678000,0.544,0.000,0.456
678500,0.536,0.003,0.461
679000,0.549,0.001,0.450
679500,0.533,0.005,0.462
680000,0.530,0.002,0.468
680500,0.525,0.001,0.474
681000,0.488,0.001,0.512
681500,0.484,0.000,0.516
682000,0.485,0.000,0.515
682500,0.496,0.000,0.504
683000,0.470,0.002,0.529
683500,0.484,0.001,0.515
684000,0.466,0.004,0.531
684500,0.467,0.000,0.533
685000,0.477,0.004,0.519
685500,0.510,0.000,0.490
686000,0.529,0.002,0.469
686500,0.494,0.000,0.506
687000,0.532,0.000,0.468
687500,0.501,0.003,0.496
688000,0.521,0.002,0.477
688500,0.508,0.002,0.490
689000,0.523,0.001,0.476
689500,0.543,0.000,0.457
690000,0.545,0.000,0.455
690500,0.517,0.002,0.481
691000,0.521,0.003,0.476
691500,0.457,0.001,0.542
692000,0.461,0.004,0.535
692500,0.439,0.004,0.558
693000,0.488,0.001,0.511
693500,0.521,0.004,0.475
694000,0.552,0.001,0.447
694500,0.531,0.000,0.469
695000,0.513,0.009,0.478
695500,0.550,0.002,0.448
696000,0.514,0.000,0.486
696500,0.512,0.000,0.488
697000,0.536,0.004,0.460
697500,0.550,0.001,0.449
698000,0.535,0.003,0.462
698500,0.517,0.001,0.482
699000,0.516,0.000,0.484
699500,0.484,0.004,0.513
700000,0.474,0.003,0.523
700500,0.468,0.001,0.532
701000,0.503,0.001,0.496
701500,0.489,0.000,0.511
702000,0.489,0.000,0.511
702500,0.447,0.000,0.553
703000,0.443,0.004,0.553
703500,0.467,0.001,0.532
704000,0.509,0.004,0.487
704500,0.506,0.002,0.492
705000,0.491,0.000,0.509
705500,0.550,0.003,0.447
706000,0.510,0.001,0.489
706500,0.521,0.000,0.479
707000,0.539,0.000,0.461
707500,0.521,0.000,0.479
708000,0.560,0.003,0.437
708500,0.546,0.001,0.453
709000,0.531,0.001,0.468
709500,0.524,0.000,0.476
710000,0.521,0.002,0.477
710500,0.509,0.001,0.490
711000,0.494,0.000,0.506
711500,0.511,0.000,0.489
712000,0.515,0.000,0.485
712500,0.503,0.000,0.497
713000,0.551,0.003,0.446
713500,0.530,0.003,0.467
714000,0.510,0.001,0.489
714500,0.506,0.000,0.494
715000,0.494,0.002,0.504
715500,0.486,0.001,0.513
716000,0.475,0.006,0.518
716500,0.485,0.002,0.513
717000,0.528,0.004,0.468
717500,0.493,0.005,0.502
718000,0.480,0.004,0.516
718500,0.471,0.002,0.527
719000,0.499,0.002,0.498
719500,0.515,0.002,0.483
720000,0.496,0.003,0.501
720500,0.508,0.003,0.489
721000,0.463,0.004,0.533
721500,0.477,0.002,0.522
722000,0.456,0.000,0.544
722500,0.475,0.001,0.523
723000,0.460,0.000,0.540
723500,0.493,0.000,0.507
724000,0.478,0.000,0.522
724500,0.469,0.002,0.530
725000,0.449,0.001,0.551
725500,0.470,0.001,0.530
726000,0.464,0.003,0.533
726500,0.459,0.002,0.540
727000,0.476,0.005,0.518
727500,0.454,0.003,0.544
728000,0.484,0.004,0.512
728500,0.502,0.004,0.493
729000,0.481,0.001,0.517
729500,0.483,0.000,0.517
730000,0.463,0.017,0.520
730500,0.446,0.005,0.549
731000,0.511,0.001,0.488
731500,0.499,0.000,0.501
732000,0.526,0.000,0.474
732500,0.500,0.000,0.500
733000,0.483,0.000,0.516
733500,0.447,0.002,0.552
734000,0.455,0.003,0.542
734500,0.454,0.001,0.546
735000,0.484,0.000,0.516
735500,0.480,0.003,0.517
736000,0.501,0.001,0.498
736500,0.503,0.003,0.494
737000,0.482,0.001,0.517
737500,0.491,0.002,0.506
738000,0.488,0.001,0.511
738500,0.477,0.003,0.520
739000,0.515,0.001,0.484
739500,0.498,0.000,0.502
740000,0.476,0.002,0.522
740500,0.439,0.003,0.559
741000,0.456,0.001,0.543
741500,0.434,0.005,0.561
742000,0.451,0.004,0.546
742500,0.457,0.005,0.538
743000,0.467,0.004,0.529
743500,0.473,0.001,0.527
744000,0.477,0.000,0.523
744500,0.492,0.002,0.506
745000,0.476,0.007,0.517
745500,0.480,0.006,0.514
746000,0.465,0.004,0.531
746500,0.483,0.002,0.515
747000,0.539,0.000,0.461
747500,0.513,0.000,0.487
748000,0.505,0.000,0.495
748500,0.490,0.000,0.510
749000,0.468,0.004,0.529
749500,0.506,0.003,0.491
750000,0.459,0.001,0.540
750500,0.490,0.001,0.510
751000,0.498,0.000,0.502
751500,0.476,0.000,0.524
752000,0.472,0.000,0.528
752500,0.495,0.000,0.505
753000,0.485,0.004,0.511
753500,0.465,0.006,0.529
754000,0.467,0.003,0.530
754500,0.476,0.000,0.524
755000,0.493,0.000,0.506
755500,0.468,0.005,0.527
756000,0.452,0.002,0.546
756500,0.455,0.003,0.543
757000,0.511,0.001,0.488
757500,0.507,0.000,0.493
758000,0.527,0.000,0.473
758500,0.504,0.004,0.492
759000,0.511,0.001,0.488
759500,0.536,0.000,0.464
760000,0.528,0.004,0.468
760500,0.504,0.001,0.495
761000,0.517,0.001,0.482
761500,0.479,0.000,0.521
762000,0.498,0.000,0.502
762500,0.548,0.006,0.445
763000,0.523,0.002,0.475
763500,0.518,0.001,0.481
764000,0.521,0.000,0.479
764500,0.499,0.000,0.500
765000,0.468,0.000,0.532
765500,0.463,0.001,0.536
766000,0.480,0.000,0.520
766500,0.495,0.002,0.502
767000,0.489,0.001,0.510
767500,0.505,0.000,0.495
768000,0.507,0.000,0.493
768500,0.487,0.000,0.513
769000,0.457,0.000,0.543
769500,0.468,0.002,0.530
770000,0.487,0.002,0.510
770500,0.462,0.000,0.538
771000,0.460,0.000,0.540
771500,0.466,0.000,0.534
772000,0.473,0.004,0.524
772500,0.489,0.005,0.506
773000,0.471,0.006,0.523
773500,0.465,0.006,0.529
774000,0.453,0.003,0.545
774500,0.472,0.002,0.526
775000,0.467,0.000,0.533
775500,0.485,0.000,0.515
776000,0.496,0.000,0.504
776500,0.482,0.000,0.518
777000,0.485,0.000,0.514
777500,0.448,0.003,0.549
778000,0.438,0.001,0.561
778500,0.440,0.000,0.560
779000,0.479,0.000,0.520
779500,0.475,0.000,0.524
780000,0.475,0.000,0.525
780500,0.502,0.001,0.497
781000,0.497,0.005,0.498
781500,0.484,0.002,0.514
782000,0.529,0.001,0.470
782500,0.517,0.000,0.483
783000,0.561,0.000,0.439
783500,0.513,0.000,0.487
784000,0.517,0.000,0.483
784500,0.542,0.003,0.455
785000,0.533,0.004,0.462
785500,0.552,0.002,0.446
786000,0.560,0.000,0.440
786500,0.548,0.000,0.452
787000,0.506,0.000,0.494
787500,0.465,0.001,0.534
788000,0.472,0.002,0.527
788500,0.469,0.006,0.525
789000,0.483,0.003,0.514
789500,0.515,0.002,0.483
790000,0.545,0.001,0.454
790500,0.566,0.001,0.434
791000,0.557,0.001,0.442
791500,0.525,0.001,0.474
792000,0.517,0.000,0.483
792500,0.521,0.000,0.479
793000,0.526,0.000,0.474
793500,0.516,0.003,0.481
794000,0.491,0.003,0.506
794500,0.491,0.002,0.508
795000,0.518,0.003,0.479
795500,0.538,0.002,0.460
796000,0.514,0.001,0.485
796500,0.519,0.005,0.476
797000,0.502,0.003,0.495
797500,0.496,0.005,0.499
798000,0.518,0.004,0.477
798500,0.503,0.001,0.496
799000,0.523,0.003,0.474
799500,0.510,0.003,0.487
800000,0.519,0.002,0.479
800500,0.524,0.002,0.474
801000,0.500,0.001,0.499
801500,0.525,0.001,0.474
802000,0.536,0.000,0.464
802500,0.539,0.004,0.457
803000,0.514,0.003,0.483
803500,0.514,0.002,0.484
804000,0.519,0.000,0.481
804500,0.507,0.000,0.493
805000,0.506,0.000,0.494
805500,0.485,0.006,0.509
806000,0.492,0.001,0.507
806500,0.470,0.001,0.529
807000,0.467,0.007,0.525
807500,0.488,0.004,0.507
808000,0.464,0.002,0.535
808500,0.489,0.003,0.509
809000,0.501,0.004,0.494
809500,0.516,0.003,0.481
810000,0.491,0.001,0.509
810500,0.493,0.001,0.506
811000,0.483,0.004,0.512
811500,0.485,0.001,0.514
812000,0.496,0.004,0.501
812500,0.518,0.001,0.481
813000,0.527,0.003,0.470
813500,0.533,0.002,0.465
814000,0.518,0.002,0.480
814500,0.523,0.000,0.477
815000,0.521,0.000,0.479
815500,0.488,0.000,0.512
816000,0.487,0.004,0.510
816500,0.462,0.004,0.534
817000,0.472,0.001,0.527
817500,0.489,0.002,0.510
818000,0.509,0.001,0.490
818500,0.460,0.001,0.540
819000,0.485,0.000,0.515
819500,0.509,0.000,0.491
820000,0.533,0.000,0.467
820500,0.503,0.001,0.496
821000,0.522,0.001,0.477
821500,0.509,0.005,0.485
822000,0.474,0.002,0.524
822500,0.446,0.004,0.551
823000,0.467,0.001,0.532
823500,0.474,0.001,0.525
824000,0.501,0.001,0.498
824500,0.497,0.004,0.499
825000,0.494,0.001,0.505
825500,0.497,0.000,0.502
826000,0.497,0.000,0.502
826500,0.478,0.000,0.522
827000,0.522,0.000,0.478
827500,0.489,0.000,0.511
828000,0.493,0.000,0.507
828500,0.497,0.003,0.499
829000,0.524,0.001,0.475
829500,0.507,0.000,0.493
830000,0.485,0.003,0.512
830500,0.500,0.004,0.495
831000,0.495,0.002,0.504
831500,0.493,0.005,0.501
832000,0.494,0.001,0.506
832500,0.515,0.001,0.484
833000,0.528,0.000,0.472
833500,0.507,0.000,0.493
834000,0.487,0.000,0.512
834500,0.496,0.000,0.504
835000,0.533,0.000,0.467
835500,0.546,0.000,0.454
836000,0.557,0.000,0.443
836500,0.559,0.000,0.441
837000,0.539,0.000,0.461
837500,0.514,0.000,0.486
838000,0.496,0.000,0.504
838500,0.503,0.000,0.497
839000,0.510,0.004,0.486
839500,0.501,0.001,0.498
840000,0.495,0.003,0.502
840500,0.524,0.001,0.475
841000,0.552,0.001,0.447
841500,0.560,0.001,0.439
842000,0.516,0.001,0.483
842500,0.528,0.002,0.470
843000,0.573,0.001,0.427
843500,0.570,0.003,0.428
844000,0.577,0.000,0.423
844500,0.585,0.000,0.415
845000,0.555,0.003,0.442
845500,0.543,0.001,0.456
846000,0.527,0.000,0.473
846500,0.519,0.000,0.481
847000,0.504,0.000,0.496
847500,0.492,0.006,0.502
848000,0.470,0.004,0.526
848500,0.456,0.003,0.541
849000,0.470,0.004,0.527
849500,0.451,0.007,0.542
850000,0.445,0.005,0.550
850500,0.450,0.006,0.544
851000,0.452,0.002,0.546
851500,0.474,0.002,0.524
852000,0.491,0.001,0.508
852500,0.478,0.000,0.522
853000,0.494,0.000,0.506
853500,0.475,0.003,0.522
854000,0.482,0.007,0.511
854500,0.498,0.002,0.500
855000,0.516,0.000,0.484
855500,0.545,0.000,0.455
856000,0.542,0.000,0.458
856500,0.567,0.000,0.433
857000,0.558,0.000,0.442
857500,0.541,0.000,0.459
858000,0.538,0.000,0.462
858500,0.509,0.000,0.491
859000,0.507,0.004,0.488
859500,0.513,0.004,0.482
860000,0.547,0.002,0.451
860500,0.558,0.001,0.441
861000,0.572,0.000,0.428
861500,0.552,0.000,0.448
862000,0.557,0.000,0.443
862500,0.566,0.000,0.434
863000,0.551,0.003,0.446
863500,0.533,0.001,0.466
864000,0.511,0.001,0.488
864500,0.501,0.001,0.498
865000,0.477,0.003,0.520
865500,0.498,0.002,0.500
866000,0.470,0.002,0.528
866500,0.485,0.004,0.510
867000,0.495,0.001,0.503
867500,0.525,0.003,0.472
868000,0.491,0.004,0.505
868500,0.491,0.002,0.506
869000,0.477,0.004,0.519
869500,0.481,0.003,0.516
870000,0.477,0.006,0.517
870500,0.468,0.005,0.527
871000,0.477,0.001,0.521
871500,0.491,0.000,0.508
872000,0.528,0.000,0.472
872500,0.492,0.000,0.508
873000,0.494,0.000,0.506
873500,0.484,0.000,0.516
874000,0.484,0.000,0.516
874500,0.462,0.003,0.536
875000,0.491,0.002,0.507
875500,0.488,0.004,0.507
876000,0.498,0.003,0.499
876500,0.506,0.001,0.493
877000,0.500,0.000,0.500
877500,0.506,0.000,0.494
878000,0.533,0.004,0.462
878500,0.523,0.002,0.475
879000,0.536,0.004,0.459
879500,0.560,0.001,0.439
880000,0.544,0.001,0.455
880500,0.507,0.003,0.490
881000,0.463,0.002,0.535
881500,0.478,0.002,0.520
882000,0.472,0.000,0.528
882500,0.510,0.000,0.490
883000,0.507,0.000,0.493
883500,0.529,0.000,0.471
884000,0.550,0.001,0.449
884500,0.511,0.002,0.487
885000,0.523,0.002,0.475
885500,0.538,0.001,0.461
886000,0.528,0.001,0.471
886500,0.506,0.003,0.491
887000,0.475,0.001,0.524
887500,0.458,0.001,0.541
888000,0.442,0.000,0.558
888500,0.412,0.000,0.588
889000,0.439,0.002,0.559
889500,0.444,0.001,0.556
890000,0.475,0.000,0.524
890500,0.498,0.000,0.502
891000,0.508,0.001,0.491
891500,0.485,0.003,0.512
892000,0.516,0.001,0.483
892500,0.509,0.000,0.491
893000,0.514,0.003,0.483
893500,0.500,0.001,0.499
894000,0.457,0.002,0.541
894500,0.420,0.001,0.579
895000,0.427,0.004,0.569
895500,0.455,0.002,0.544
896000,0.437,0.000,0.563
896500,0.447,0.002,0.551
897000,0.485,0.001,0.515
897500,0.473,0.002,0.524
898000,0.451,0.004,0.545
898500,0.476,0.000,0.524
899000,0.489,0.001,0.511
899500,0.499,0.000,0.501
900000,0.498,0.000,0.502
900500,0.457,0.000,0.543
901000,0.506,0.000,0.494
901500,0.517,0.000,0.483
902000,0.526,0.000,0.474
902500,0.549,0.000,0.451
903000,0.531,0.000,0.469
903500,0.512,0.000,0.488
904000,0.487,0.000,0.512
904500,0.483,0.006,0.511
905000,0.490,0.001,0.509
905500,0.515,0.001,0.484
906000,0.504,0.000,0.496
906500,0.564,0.000,0.436
907000,0.538,0.000,0.462
907500,0.504,0.000,0.496
908000,0.519,0.000,0.481
908500,0.523,0.000,0.477
909000,0.499,0.002,0.499
909500,0.484,0.000,0.516
910000,0.471,0.000,0.528
910500,0.469,0.003,0.528
911000,0.433,0.002,0.565
911500,0.461,0.003,0.536
912000,0.478,0.002,0.520
912500,0.484,0.006,0.510
913000,0.514,0.005,0.480
913500,0.491,0.004,0.504
914000,0.501,0.002,0.497
914500,0.489,0.001,0.511
915000,0.470,0.004,0.526
915500,0.491,0.004,0.505
916000,0.471,0.002,0.527
916500,0.491,0.001,0.508
917000,0.497,0.000,0.503
917500,0.522,0.000,0.478
918000,0.539,0.003,0.458
918500,0.529,0.001,0.470
919000,0.539,0.005,0.456
919500,0.501,0.004,0.494
920000,0.514,0.002,0.484
920500,0.499,0.001,0.500
921000,0.499,0.002,0.499
921500,0.472,0.002,0.526
922000,0.485,0.002,0.514
922500,0.495,0.000,0.505
923000,0.507,0.001,0.492
923500,0.506,0.000,0.494
924000,0.504,0.002,0.494
924500,0.529,0.001,0.470
925000,0.542,0.000,0.458
925500,0.529,0.000,0.471
926000,0.521,0.003,0.476
926500,0.499,0.004,0.496
927000,0.459,0.009,0.532
927500,0.473,0.003,0.525
928000,0.488,0.004,0.508
928500,0.493,0.005,0.501
929000,0.469,0.002,0.529
929500,0.493,0.000,0.507
930000,0.495,0.000,0.505
930500,0.478,0.000,0.522
931000,0.462,0.002,0.536
931500,0.439,0.005,0.556
932000,0.445,0.006,0.549
932500,0.456,0.004,0.540
933000,0.483,0.002,0.515
933500,0.502,0.002,0.496
934000,0.486,0.001,0.513
934500,0.497,0.003,0.499
935000,0.482,0.003,0.515
935500,0.470,0.001,0.530
936000,0.451,0.000,0.549
936500,0.466,0.004,0.530
937000,0.472,0.001,0.527
937500,0.499,0.001,0.501
938000,0.507,0.001,0.492
938500,0.471,0.004,0.525
939000,0.444,0.003,0.553
939500,0.489,0.004,0.506
940000,0.467,0.004,0.528
940500,0.489,0.004,0.507
941000,0.489,0.007,0.504
941500,0.493,0.001,0.506
942000,0.497,0.000,0.503
942500,0.484,0.001,0.515
943000,0.497,0.003,0.500
943500,0.491,0.004,0.505
944000,0.512,0.002,0.486
944500,0.485,0.001,0.515
945000,0.493,0.001,0.507
945500,0.503,0.000,0.497
946000,0.502,0.000,0.498
946500,0.508,0.000,0.492
947000,0.508,0.000,0.492
947500,0.487,0.000,0.513
948000,0.501,0.003,0.496
948500,0.515,0.002,0.483
949000,0.503,0.004,0.493
949500,0.494,0.000,0.506
950000,0.483,0.004,0.513
950500,0.512,0.005,0.482
951000,0.508,0.001,0.491
951500,0.505,0.000,0.495
952000,0.535,0.000,0.465
952500,0.530,0.003,0.467
953000,0.501,0.002,0.497
953500,0.518,0.001,0.481
954000,0.466,0.000,0.534
954500,0.480,0.000,0.520
955000,0.490,0.000,0.510
955500,0.477,0.000,0.523
956000,0.496,0.000,0.504
956500,0.486,0.000,0.514
957000,0.481,0.002,0.517
957500,0.537,0.001,0.462
958000,0.516,0.000,0.484
958500,0.525,0.003,0.472
959000,0.480,0.001,0.519
959500,0.507,0.001,0.492
960000,0.492,0.001,0.507
960500,0.503,0.001,0.496
961000,0.503,0.000,0.497
961500,0.502,0.000,0.498
962000,0.506,0.000,0.494
962500,0.472,0.003,0.525
963000,0.448,0.001,0.551
963500,0.425,0.006,0.569
964000,0.434,0.002,0.564
964500,0.461,0.003,0.536
965000,0.450,0.005,0.545
965500,0.447,0.002,0.551
966000,0.468,0.002,0.531
966500,0.434,0.003,0.563
967000,0.421,0.007,0.572
967500,0.451,0.004,0.546
968000,0.432,0.001,0.567
968500,0.418,0.002,0.580
969000,0.433,0.003,0.565
969500,0.464,0.004,0.532
970000,0.469,0.001,0.530
970500,0.460,0.009,0.532
971000,0.441,0.004,0.554
971500,0.484,0.004,0.511
972000,0.467,0.004,0.529
972500,0.473,0.007,0.519
973000,0.482,0.005,0.513
973500,0.489,0.002,0.510
974000,0.499,0.001,0.500
974500,0.464,0.003,0.533
975000,0.495,0.002,0.503
975500,0.513,0.001,0.486
976000,0.511,0.000,0.489
976500,0.503,0.000,0.497
977000,0.509,0.000,0.491
977500,0.510,0.000,0.490
978000,0.526,0.000,0.474
978500,0.521,0.000,0.479
979000,0.511,0.000,0.489
979500,0.558,0.000,0.442
980000,0.571,0.000,0.429
980500,0.559,0.000,0.441
981000,0.544,0.000,0.456
981500,0.551,0.000,0.449
982000,0.560,0.000,0.440
982500,0.534,0.000,0.466
983000,0.515,0.003,0.482
983500,0.507,0.001,0.492
984000,0.509,0.001,0.490
984500,0.506,0.001,0.493
985000,0.489,0.000,0.510
985500,0.514,0.001,0.485
986000,0.514,0.001,0.485
986500,0.519,0.001,0.480
987000,0.500,0.001,0.499
987500,0.493,0.000,0.506
988000,0.519,0.000,0.481
988500,0.523,0.000,0.477
989000,0.513,0.000,0.487
989500,0.500,0.002,0.498
990000,0.521,0.002,0.477
990500,0.541,0.000,0.459
991000,0.500,0.000,0.500
991500,0.481,0.004,0.515
992000,0.471,0.001,0.528
992500,0.485,0.000,0.514
993000,0.518,0.002,0.480
993500,0.504,0.003,0.493
994000,0.465,0.004,0.531
994500,0.479,0.007,0.514
995000,0.493,0.002,0.504
995500,0.483,0.001,0.516
996000,0.494,0.003,0.503
996500,0.489,0.004,0.506
997000,0.497,0.002,0.502
997500,0.478,0.001,0.521
998000,0.467,0.004,0.530
998500,0.514,0.000,0.486
999000,0.541,0.000,0.459
999500,0.556,0.000,0.444
1000000,0.572,0.000,0.428
