time,n_A+p,n_B,n_AB
500,0.050,0.787,0.162
1000,0.050,0.752,0.198
1500,0.050,0.711,0.239
2000,0.050,0.731,0.219
2500,0.050,0.668,0.282
3000,0.050,0.698,0.252
3500,0.050,0.623,0.327
4000,0.050,0.619,0.331
4500,0.050,0.653,0.297
5000,0.050,0.691,0.259
5500,0.050,0.669,0.281
6000,0.050,0.649,0.300
6500,0.050,0.542,0.408
7000,0.050,0.551,0.398
7500,0.050,0.634,0.316
8000,0.050,0.657,0.293
8500,0.050,0.663,0.287
9000,0.050,0.576,0.374
9500,0.050,0.596,0.354
10000,0.050,0.606,0.344
10500,0.050,0.700,0.250
11000,0.050,0.750,0.200
11500,0.050,0.697,0.253
12000,0.050,0.648,0.302
12500,0.050,0.658,0.291
13000,0.050,0.597,0.353
13500,0.050,0.660,0.289
14000,0.050,0.680,0.270
14500,0.050,0.656,0.294
15000,0.050,0.634,0.316
15500,0.050,0.560,0.390
16000,0.050,0.714,0.236
16500,0.050,0.640,0.310
17000,0.050,0.645,0.304
17500,0.050,0.621,0.329
18000,0.050,0.611,0.339
18500,0.050,0.604,0.346
19000,0.050,0.670,0.279
19500,0.050,0.657,0.292
20000,0.050,0.676,0.273
20500,0.050,0.677,0.272
21000,0.050,0.614,0.336
21500,0.050,0.613,0.337
22000,0.050,0.669,0.281
22500,0.050,0.692,0.258
23000,0.050,0.641,0.309
23500,0.050,0.627,0.323
24000,0.050,0.518,0.432
24500,0.050,0.525,0.425
25000,0.050,0.632,0.318
25500,0.050,0.664,0.286
26000,0.050,0.698,0.252
26500,0.050,0.730,0.220
27000,0.050,0.694,0.256
27500,0.050,0.701,0.249
28000,0.050,0.649,0.301
28500,0.050,0.606,0.344
29000,0.050,0.700,0.250
29500,0.050,0.611,0.339
30000,0.050,0.615,0.335
30500,0.050,0.702,0.248
31000,0.050,0.658,0.292
31500,0.050,0.643,0.306
32000,0.050,0.679,0.270
32500,0.050,0.741,0.209
33000,0.050,0.684,0.266
33500,0.050,0.615,0.335
34000,0.050,0.559,0.391
34500,0.050,0.568,0.382
35000,0.050,0.620,0.330
35500,0.050,0.577,0.373
36000,0.050,0.627,0.323
36500,0.050,0.642,0.307
37000,0.050,0.673,0.277
37500,0.050,0.646,0.303
38000,0.050,0.641,0.309
38500,0.050,0.725,0.225
39000,0.050,0.659,0.291
39500,0.050,0.655,0.295
40000,0.050,0.698,0.252
40500,0.050,0.700,0.250
41000,0.050,0.697,0.253
41500,0.050,0.712,0.238
42000,0.050,0.603,0.347
42500,0.050,0.630,0.320
43000,0.050,0.679,0.270
43500,0.050,0.676,0.274
44000,0.050,0.628,0.322
44500,0.050,0.673,0.277
45000,0.050,0.664,0.286
45500,0.050,0.589,0.361
46000,0.050,0.632,0.318
46500,0.050,0.618,0.332
47000,0.050,0.676,0.273
47500,0.050,0.559,0.390
48000,0.050,0.628,0.322
48500,0.050,0.535,0.414
49000,0.050,0.639,0.311
49500,0.050,0.669,0.280
50000,0.050,0.639,0.310
50500,0.050,0.609,0.341
51000,0.050,0.691,0.259
51500,0.050,0.689,0.261
52000,0.050,0.683,0.266
52500,0.050,0.610,0.340
53000,0.050,0.627,0.323
53500,0.050,0.623,0.327
54000,0.050,0.624,0.326
54500,0.050,0.566,0.384
55000,0.050,0.651,0.299
55500,0.050,0.654,0.296
56000,0.050,0.615,0.335
56500,0.050,0.601,0.349
57000,0.050,0.579,0.371
57500,0.050,0.655,0.295
58000,0.050,0.592,0.358
58500,0.050,0.603,0.347
59000,0.050,0.606,0.344
59500,0.050,0.689,0.261
60000,0.050,0.718,0.232
60500,0.050,0.645,0.304
61000,0.050,0.658,0.291
61500,0.050,0.640,0.310
62000,0.050,0.632,0.318
62500,0.050,0.640,0.310
63000,0.050,0.622,0.328
63500,0.050,0.636,0.314
64000,0.050,0.691,0.259
64500,0.050,0.602,0.348
65000,0.050,0.612,0.338
65500,0.050,0.677,0.272
66000,0.050,0.709,0.241
66500,0.050,0.712,0.238
67000,0.050,0.716,0.234
67500,0.050,0.661,0.288
68000,0.050,0.676,0.274
68500,0.050,0.644,0.306
69000,0.050,0.635,0.315
69500,0.050,0.621,0.329
70000,0.050,0.622,0.328
70500,0.050,0.549,0.400
71000,0.050,0.624,0.326
71500,0.050,0.601,0.349
72000,0.050,0.638,0.312
72500,0.050,0.641,0.309
73000,0.050,0.655,0.294
73500,0.050,0.634,0.316
74000,0.050,0.625,0.325
74500,0.050,0.647,0.302
75000,0.050,0.656,0.293
75500,0.050,0.629,0.321
76000,0.050,0.638,0.311
76500,0.050,0.704,0.246
77000,0.050,0.689,0.261
77500,0.050,0.633,0.317
78000,0.050,0.578,0.372
78500,0.050,0.630,0.320
79000,0.050,0.600,0.350
79500,0.050,0.648,0.302
80000,0.050,0.569,0.381
80500,0.050,0.664,0.286
81000,0.050,0.635,0.315
81500,0.050,0.647,0.302
82000,0.050,0.565,0.385
82500,0.050,0.633,0.317
83000,0.050,0.624,0.326
83500,0.050,0.616,0.334
84000,0.050,0.612,0.338
84500,0.050,0.610,0.340
85000,0.050,0.577,0.373
85500,0.050,0.594,0.356
86000,0.050,0.568,0.382
86500,0.050,0.645,0.305
87000,0.050,0.619,0.331
87500,0.050,0.558,0.391
88000,0.050,0.643,0.306
88500,0.050,0.702,0.248
89000,0.050,0.551,0.399
89500,0.050,0.589,0.361
90000,0.050,0.582,0.368
90500,0.050,0.645,0.305
91000,0.050,0.656,0.293
91500,0.050,0.601,0.349
92000,0.050,0.620,0.330
92500,0.050,0.555,0.394
93000,0.050,0.648,0.302
93500,0.050,0.627,0.323
94000,0.050,0.676,0.273
94500,0.050,0.691,0.259
95000,0.050,0.642,0.308
95500,0.050,0.624,0.326
96000,0.050,0.636,0.314
96500,0.050,0.723,0.227
97000,0.050,0.768,0.181
97500,0.050,0.626,0.324
98000,0.050,0.609,0.341
98500,0.050,0.616,0.334
99000,0.050,0.657,0.292
99500,0.050,0.648,0.301
100000,0.050,0.680,0.270
100500,0.050,0.689,0.261
101000,0.050,0.755,0.195
101500,0.050,0.743,0.207
102000,0.050,0.700,0.250
102500,0.050,0.624,0.326
103000,0.050,0.605,0.345
103500,0.050,0.644,0.305
104000,0.050,0.618,0.332
104500,0.050,0.663,0.286
105000,0.050,0.637,0.313
105500,0.050,0.615,0.335
106000,0.050,0.548,0.402
106500,0.050,0.589,0.361
107000,0.050,0.585,0.365
107500,0.050,0.580,0.370
108000,0.050,0.667,0.282
108500,0.050,0.598,0.352
109000,0.050,0.585,0.365
109500,0.050,0.687,0.263
110000,0.050,0.666,0.284
110500,0.050,0.648,0.302
111000,0.050,0.612,0.338
111500,0.050,0.636,0.314
112000,0.050,0.617,0.333
112500,0.050,0.654,0.296
113000,0.050,0.595,0.355
113500,0.050,0.615,0.335
114000,0.050,0.578,0.372
114500,0.050,0.618,0.332
115000,0.050,0.662,0.287
115500,0.050,0.721,0.229
116000,0.050,0.654,0.296
116500,0.050,0.622,0.328
117000,0.050,0.661,0.289
117500,0.050,0.615,0.335
118000,0.050,0.619,0.331
118500,0.050,0.650,0.300
119000,0.050,0.669,0.280
119500,0.050,0.593,0.357
120000,0.050,0.605,0.345
120500,0.050,0.613,0.337
121000,0.050,0.633,0.317
121500,0.050,0.585,0.365
122000,0.050,0.586,0.364
122500,0.050,0.602,0.348
123000,0.050,0.611,0.339
123500,0.050,0.630,0.320
124000,0.050,0.637,0.313
124500,0.050,0.645,0.305
125000,0.050,0.617,0.333
125500,0.050,0.596,0.354
126000,0.050,0.671,0.278
126500,0.050,0.655,0.294
127000,0.050,0.617,0.333
127500,0.050,0.661,0.289
128000,0.050,0.645,0.304
128500,0.050,0.585,0.365
129000,0.050,0.629,0.321
129500,0.050,0.635,0.315
130000,0.050,0.593,0.357
130500,0.050,0.559,0.391
131000,0.050,0.633,0.317
131500,0.050,0.598,0.352
132000,0.050,0.579,0.371
132500,0.050,0.621,0.329
133000,0.050,0.643,0.307
133500,0.050,0.606,0.344
134000,0.050,0.656,0.294
134500,0.050,0.579,0.371
135000,0.050,0.656,0.294
135500,0.050,0.661,0.289
136000,0.050,0.627,0.323
136500,0.050,0.685,0.264
137000,0.050,0.610,0.340
137500,0.050,0.681,0.269
138000,0.050,0.643,0.306
138500,0.050,0.622,0.328
139000,0.050,0.607,0.343
139500,0.050,0.618,0.332
140000,0.050,0.617,0.333
140500,0.050,0.674,0.275
141000,0.050,0.660,0.290
141500,0.050,0.632,0.318
142000,0.050,0.645,0.304
142500,0.050,0.685,0.264
143000,0.050,0.647,0.303
143500,0.050,0.624,0.326
144000,0.050,0.595,0.355
144500,0.050,0.556,0.394
145000,0.050,0.605,0.345
145500,0.050,0.586,0.364
146000,0.050,0.595,0.355
146500,0.050,0.620,0.330
147000,0.050,0.664,0.286
147500,0.050,0.685,0.265
148000,0.050,0.691,0.259
148500,0.050,0.734,0.216
149000,0.050,0.669,0.280
149500,0.050,0.726,0.224
150000,0.050,0.679,0.270
150500,0.050,0.619,0.331
151000,0.050,0.688,0.262
151500,0.050,0.620,0.330
152000,0.050,0.646,0.304
152500,0.050,0.627,0.323
153000,0.050,0.653,0.296
153500,0.050,0.678,0.272
154000,0.050,0.693,0.257
154500,0.050,0.639,0.310
155000,0.050,0.599,0.351
155500,0.050,0.614,0.336
156000,0.050,0.676,0.273
156500,0.050,0.677,0.273
157000,0.050,0.634,0.316
157500,0.050,0.622,0.328
158000,0.050,0.610,0.340
158500,0.050,0.599,0.351
159000,0.050,0.622,0.328
159500,0.050,0.633,0.317
160000,0.050,0.665,0.285
160500,0.050,0.640,0.310
161000,0.050,0.660,0.289
161500,0.050,0.676,0.273
162000,0.050,0.712,0.238
162500,0.050,0.655,0.295
163000,0.050,0.682,0.268
163500,0.050,0.706,0.244
164000,0.050,0.693,0.257
164500,0.050,0.582,0.368
165000,0.050,0.711,0.239
165500,0.050,0.677,0.272
166000,0.050,0.657,0.292
166500,0.050,0.682,0.267
167000,0.050,0.662,0.288
167500,0.050,0.653,0.297
168000,0.050,0.629,0.321
168500,0.050,0.709,0.241
169000,0.050,0.692,0.258
169500,0.050,0.684,0.265
170000,0.050,0.628,0.322
170500,0.050,0.537,0.413
171000,0.050,0.466,0.484
171500,0.050,0.518,0.431
172000,0.050,0.627,0.323
172500,0.050,0.599,0.351
173000,0.050,0.669,0.280
173500,0.050,0.682,0.268
174000,0.050,0.665,0.285
174500,0.050,0.695,0.255
175000,0.050,0.686,0.263
175500,0.050,0.672,0.277
176000,0.050,0.626,0.324
176500,0.050,0.602,0.348
177000,0.050,0.679,0.270
177500,0.050,0.672,0.277
178000,0.050,0.646,0.304
178500,0.050,0.545,0.405
179000,0.050,0.648,0.301
179500,0.050,0.623,0.327
180000,0.050,0.628,0.322
180500,0.050,0.720,0.230
181000,0.050,0.620,0.330
181500,0.050,0.643,0.307
182000,0.050,0.633,0.317
182500,0.050,0.639,0.311
183000,0.050,0.649,0.300
183500,0.050,0.652,0.297
184000,0.050,0.614,0.336
184500,0.050,0.697,0.253
185000,0.050,0.590,0.360
185500,0.050,0.621,0.329
186000,0.050,0.671,0.279
186500,0.050,0.646,0.304
187000,0.050,0.678,0.271
187500,0.050,0.702,0.248
188000,0.050,0.650,0.299
188500,0.050,0.639,0.310
189000,0.050,0.631,0.319
189500,0.050,0.646,0.304
190000,0.050,0.633,0.317
190500,0.050,0.619,0.331
191000,0.050,0.614,0.336
191500,0.050,0.637,0.313
192000,0.050,0.666,0.284
192500,0.050,0.575,0.375
193000,0.050,0.636,0.314
193500,0.050,0.668,0.282
194000,0.050,0.627,0.323
194500,0.050,0.611,0.339
195000,0.050,0.619,0.331
195500,0.050,0.650,0.299
196000,0.050,0.621,0.329
196500,0.050,0.637,0.313
197000,0.050,0.646,0.303
197500,0.050,0.638,0.312
198000,0.050,0.666,0.284
198500,0.050,0.692,0.258
199000,0.050,0.624,0.326
199500,0.050,0.668,0.281
200000,0.050,0.654,0.295
200500,0.050,0.634,0.316
201000,0.050,0.706,0.244
201500,0.050,0.657,0.293
202000,0.050,0.713,0.237
202500,0.050,0.645,0.304
203000,0.050,0.678,0.272
203500,0.050,0.618,0.332
204000,0.050,0.644,0.306
204500,0.050,0.670,0.280
205000,0.050,0.709,0.241
205500,0.050,0.616,0.334
206000,0.050,0.665,0.284
206500,0.050,0.702,0.248
207000,0.050,0.712,0.238
207500,0.050,0.672,0.278
208000,0.050,0.657,0.293
208500,0.050,0.612,0.338
209000,0.050,0.618,0.332
209500,0.050,0.612,0.338
210000,0.050,0.673,0.277
210500,0.050,0.705,0.245
211000,0.050,0.724,0.226
211500,0.050,0.677,0.273
212000,0.050,0.694,0.256
212500,0.050,0.608,0.342
213000,0.050,0.612,0.338
213500,0.050,0.615,0.335
214000,0.050,0.630,0.320
214500,0.050,0.648,0.302
215000,0.050,0.656,0.293
215500,0.050,0.670,0.279
216000,0.050,0.727,0.223
216500,0.050,0.664,0.286
217000,0.050,0.654,0.295
217500,0.050,0.685,0.264
218000,0.050,0.693,0.257
218500,0.050,0.719,0.231
219000,0.050,0.730,0.220
219500,0.050,0.714,0.236
220000,0.050,0.690,0.260
220500,0.050,0.624,0.326
221000,0.050,0.635,0.315
221500,0.050,0.669,0.281
222000,0.050,0.698,0.252
222500,0.050,0.701,0.249
223000,0.050,0.656,0.294
223500,0.050,0.637,0.312
224000,0.050,0.549,0.401
224500,0.050,0.697,0.253
225000,0.050,0.631,0.319
225500,0.050,0.610,0.340
226000,0.050,0.636,0.314
226500,0.050,0.543,0.407
227000,0.050,0.564,0.386
227500,0.050,0.599,0.351
228000,0.050,0.673,0.277
228500,0.050,0.707,0.243
229000,0.050,0.723,0.227
229500,0.050,0.674,0.276
230000,0.050,0.649,0.300
230500,0.050,0.630,0.320
231000,0.050,0.680,0.270
231500,0.050,0.753,0.197
232000,0.050,0.703,0.247
232500,0.050,0.727,0.223
233000,0.050,0.722,0.228
233500,0.050,0.728,0.222
234000,0.050,0.671,0.279
234500,0.050,0.599,0.351
235000,0.050,0.643,0.307
235500,0.050,0.637,0.313
236000,0.050,0.619,0.331
236500,0.050,0.657,0.293
237000,0.050,0.643,0.307
237500,0.050,0.579,0.371
238000,0.050,0.595,0.355
238500,0.050,0.635,0.315
239000,0.050,0.687,0.263
239500,0.050,0.680,0.270
240000,0.050,0.594,0.356
240500,0.050,0.668,0.282
241000,0.050,0.703,0.247
241500,0.050,0.702,0.248
242000,0.050,0.628,0.322
242500,0.050,0.681,0.269
243000,0.050,0.634,0.316
243500,0.050,0.644,0.306
244000,0.050,0.613,0.337
244500,0.050,0.603,0.347
245000,0.050,0.700,0.250
245500,0.050,0.708,0.242
246000,0.050,0.661,0.288
246500,0.050,0.647,0.303
247000,0.050,0.676,0.273
247500,0.050,0.680,0.270
248000,0.050,0.648,0.301
248500,0.050,0.683,0.267
249000,0.050,0.621,0.329
249500,0.050,0.623,0.327
250000,0.050,0.620,0.330
250500,0.050,0.658,0.291
251000,0.050,0.693,0.257
251500,0.050,0.659,0.291
252000,0.050,0.633,0.317
252500,0.050,0.659,0.291
253000,0.050,0.678,0.271
253500,0.050,0.661,0.288
254000,0.050,0.666,0.283
254500,0.050,0.642,0.308
255000,0.050,0.702,0.248
255500,0.050,0.626,0.324
256000,0.050,0.653,0.297
256500,0.050,0.643,0.307
257000,0.050,0.692,0.258
257500,0.050,0.625,0.325
258000,0.050,0.601,0.349
258500,0.050,0.615,0.335
259000,0.050,0.559,0.391
259500,0.050,0.655,0.295
260000,0.050,0.586,0.364
260500,0.050,0.658,0.292
261000,0.050,0.693,0.257
261500,0.050,0.649,0.300
262000,0.050,0.623,0.327
262500,0.050,0.589,0.361
263000,0.050,0.584,0.366
263500,0.050,0.620,0.330
264000,0.050,0.600,0.350
264500,0.050,0.669,0.281
265000,0.050,0.680,0.269
265500,0.050,0.603,0.347
266000,0.050,0.587,0.363
266500,0.050,0.651,0.299
267000,0.050,0.721,0.229
267500,0.050,0.694,0.256
268000,0.050,0.634,0.316
268500,0.050,0.740,0.210
269000,0.050,0.696,0.254
269500,0.050,0.690,0.260
270000,0.050,0.657,0.292
270500,0.050,0.601,0.349
271000,0.050,0.594,0.356
271500,0.050,0.577,0.373
272000,0.050,0.635,0.315
272500,0.050,0.624,0.326
273000,0.050,0.681,0.268
273500,0.050,0.706,0.244
274000,0.050,0.652,0.297
274500,0.050,0.684,0.265
275000,0.050,0.695,0.255
275500,0.050,0.673,0.276
276000,0.050,0.652,0.297
276500,0.050,0.730,0.220
277000,0.050,0.618,0.332
277500,0.050,0.657,0.292
278000,0.050,0.664,0.286
278500,0.050,0.601,0.349
279000,0.050,0.597,0.353
279500,0.050,0.540,0.409
280000,0.050,0.583,0.367
280500,0.050,0.628,0.322
281000,0.050,0.635,0.315
281500,0.050,0.624,0.326
282000,0.050,0.612,0.338
282500,0.050,0.652,0.297
283000,0.050,0.610,0.340
283500,0.050,0.604,0.346
284000,0.050,0.656,0.293
284500,0.050,0.564,0.386
285000,0.050,0.608,0.342
285500,0.050,0.649,0.300
286000,0.050,0.657,0.293
286500,0.050,0.668,0.282
287000,0.050,0.628,0.322
287500,0.050,0.635,0.315
288000,0.050,0.683,0.267
288500,0.050,0.674,0.276
289000,0.050,0.635,0.315
289500,0.050,0.624,0.326
290000,0.050,0.596,0.354
290500,0.050,0.609,0.341
291000,0.050,0.617,0.333
291500,0.050,0.582,0.368
292000,0.050,0.573,0.377
292500,0.050,0.617,0.333
293000,0.050,0.663,0.287
293500,0.050,0.592,0.358
294000,0.050,0.639,0.311
294500,0.050,0.636,0.314
295000,0.050,0.709,0.241
295500,0.050,0.654,0.295
296000,0.050,0.577,0.373
296500,0.050,0.568,0.382
297000,0.050,0.612,0.338
297500,0.050,0.566,0.384
298000,0.050,0.612,0.338
298500,0.050,0.671,0.279
299000,0.050,0.629,0.321
299500,0.050,0.579,0.371
300000,0.050,0.585,0.365
300500,0.050,0.710,0.240
301000,0.050,0.704,0.246
301500,0.050,0.672,0.278
302000,0.050,0.688,0.262
302500,0.050,0.600,0.350
303000,0.050,0.603,0.347
303500,0.050,0.693,0.257
304000,0.050,0.741,0.209
304500,0.050,0.719,0.231
305000,0.050,0.703,0.247
305500,0.050,0.630,0.320
306000,0.050,0.644,0.305
306500,0.050,0.598,0.352
307000,0.050,0.645,0.304
307500,0.050,0.653,0.296
308000,0.050,0.672,0.278
308500,0.050,0.752,0.198
309000,0.050,0.714,0.236
309500,0.050,0.681,0.268
310000,0.050,0.655,0.294
310500,0.050,0.692,0.258
311000,0.050,0.669,0.280
311500,0.050,0.586,0.364
312000,0.050,0.598,0.352
312500,0.050,0.562,0.387
313000,0.050,0.555,0.395
313500,0.050,0.581,0.369
314000,0.050,0.554,0.395
314500,0.050,0.598,0.352
315000,0.050,0.625,0.325
315500,0.050,0.685,0.265
316000,0.050,0.661,0.289
316500,0.050,0.688,0.262
317000,0.050,0.644,0.306
317500,0.050,0.686,0.264
318000,0.050,0.665,0.284
318500,0.050,0.641,0.308
319000,0.050,0.681,0.269
319500,0.050,0.697,0.253
320000,0.050,0.665,0.285
320500,0.050,0.689,0.261
321000,0.050,0.663,0.286
321500,0.050,0.589,0.361
322000,0.050,0.570,0.380
322500,0.050,0.637,0.312
323000,0.050,0.622,0.328
323500,0.050,0.712,0.238
324000,0.050,0.686,0.264
324500,0.050,0.639,0.310
325000,0.050,0.664,0.286
325500,0.050,0.668,0.282
326000,0.050,0.627,0.323
326500,0.050,0.620,0.330
327000,0.050,0.647,0.303
327500,0.050,0.654,0.295
328000,0.050,0.602,0.348
328500,0.050,0.644,0.306
329000,0.050,0.671,0.279
329500,0.050,0.666,0.284
330000,0.050,0.625,0.325
330500,0.050,0.661,0.288
331000,0.050,0.684,0.266
331500,0.050,0.670,0.279
332000,0.050,0.612,0.338
332500,0.050,0.598,0.352
333000,0.050,0.604,0.346
333500,0.050,0.585,0.365
334000,0.050,0.613,0.337
334500,0.050,0.604,0.346
335000,0.050,0.616,0.334
335500,0.050,0.671,0.278
336000,0.050,0.611,0.339
336500,0.050,0.597,0.353
337000,0.050,0.583,0.367
337500,0.050,0.538,0.412
338000,0.050,0.583,0.367
338500,0.050,0.620,0.330
339000,0.050,0.638,0.312
339500,0.050,0.671,0.278
340000,0.050,0.646,0.303
340500,0.050,0.642,0.308
341000,0.050,0.724,0.226
341500,0.050,0.678,0.272
342000,0.050,0.700,0.250
342500,0.050,0.703,0.247
343000,0.050,0.675,0.274
343500,0.050,0.642,0.308
344000,0.050,0.591,0.359
344500,0.050,0.648,0.301
345000,0.050,0.635,0.315
345500,0.050,0.554,0.395
346000,0.050,0.565,0.385
346500,0.050,0.542,0.407
347000,0.050,0.565,0.385
347500,0.050,0.645,0.304
348000,0.050,0.687,0.263
348500,0.050,0.678,0.271
349000,0.050,0.649,0.300
349500,0.050,0.675,0.274
350000,0.050,0.620,0.330
350500,0.050,0.628,0.322
351000,0.050,0.642,0.308
351500,0.050,0.657,0.293
352000,0.050,0.658,0.292
352500,0.050,0.690,0.260
353000,0.050,0.665,0.285
353500,0.050,0.686,0.263
354000,0.050,0.674,0.275
354500,0.050,0.670,0.279
355000,0.050,0.653,0.296
355500,0.050,0.653,0.296
356000,0.050,0.659,0.291
356500,0.050,0.597,0.353
357000,0.050,0.580,0.370
357500,0.050,0.619,0.331
358000,0.050,0.650,0.300
358500,0.050,0.661,0.288
359000,0.050,0.728,0.222
359500,0.050,0.710,0.240
360000,0.050,0.628,0.322
360500,0.050,0.618,0.332
361000,0.050,0.661,0.289
361500,0.050,0.599,0.351
362000,0.050,0.657,0.292
362500,0.050,0.690,0.260
363000,0.050,0.621,0.329
363500,0.050,0.622,0.328
364000,0.050,0.615,0.335
364500,0.050,0.591,0.359
365000,0.050,0.585,0.365
365500,0.050,0.649,0.300
366000,0.050,0.631,0.319
366500,0.050,0.682,0.267
367000,0.050,0.694,0.256
367500,0.050,0.649,0.300
368000,0.050,0.667,0.283
368500,0.050,0.615,0.335
369000,0.050,0.649,0.301
369500,0.050,0.648,0.301
370000,0.050,0.721,0.229
370500,0.050,0.706,0.244
371000,0.050,0.719,0.231
371500,0.050,0.721,0.229
372000,0.050,0.703,0.247
372500,0.050,0.665,0.285
373000,0.050,0.641,0.309
373500,0.050,0.690,0.260
374000,0.050,0.681,0.268
374500,0.050,0.687,0.263
375000,0.050,0.698,0.252
375500,0.050,0.658,0.292
376000,0.050,0.653,0.296
376500,0.050,0.562,0.387
377000,0.050,0.597,0.353
377500,0.050,0.622,0.328
378000,0.050,0.590,0.360
378500,0.050,0.651,0.298
379000,0.050,0.589,0.361
379500,0.050,0.551,0.398
380000,0.050,0.528,0.422
380500,0.050,0.672,0.278
381000,0.050,0.708,0.242
381500,0.050,0.652,0.297
382000,0.050,0.640,0.309
382500,0.050,0.624,0.326
383000,0.050,0.719,0.231
383500,0.050,0.739,0.211
384000,0.050,0.704,0.246
384500,0.050,0.657,0.292
385000,0.050,0.570,0.380
385500,0.050,0.658,0.291
386000,0.050,0.703,0.247
386500,0.050,0.646,0.303
387000,0.050,0.608,0.342
387500,0.050,0.619,0.331
388000,0.050,0.629,0.321
388500,0.050,0.656,0.293
389000,0.050,0.640,0.309
389500,0.050,0.630,0.320
390000,0.050,0.613,0.337
390500,0.050,0.649,0.301
391000,0.050,0.604,0.346
391500,0.050,0.673,0.277
392000,0.050,0.645,0.304
392500,0.050,0.656,0.294
393000,0.050,0.691,0.259
393500,0.050,0.712,0.238
394000,0.050,0.625,0.325
394500,0.050,0.618,0.332
395000,0.050,0.634,0.316
395500,0.050,0.653,0.296
396000,0.050,0.570,0.380
396500,0.050,0.562,0.387
397000,0.050,0.601,0.349
397500,0.050,0.601,0.349
398000,0.050,0.540,0.409
398500,0.050,0.607,0.343
399000,0.050,0.597,0.353
399500,0.050,0.594,0.356
400000,0.050,0.595,0.355
400500,0.050,0.625,0.325
401000,0.050,0.568,0.382
401500,0.050,0.530,0.419
402000,0.050,0.604,0.346
402500,0.050,0.545,0.404
403000,0.050,0.582,0.368
403500,0.050,0.635,0.315
404000,0.050,0.688,0.262
404500,0.050,0.679,0.271
405000,0.050,0.709,0.241
405500,0.050,0.746,0.204
406000,0.050,0.685,0.265
406500,0.050,0.629,0.321
407000,0.050,0.668,0.282
407500,0.050,0.690,0.260
408000,0.050,0.707,0.243
408500,0.050,0.649,0.300
409000,0.050,0.645,0.305
409500,0.050,0.686,0.264
410000,0.050,0.660,0.290
410500,0.050,0.699,0.251
411000,0.050,0.654,0.295
411500,0.050,0.586,0.364
412000,0.050,0.574,0.376
412500,0.050,0.637,0.312
413000,0.050,0.639,0.310
413500,0.050,0.700,0.250
414000,0.050,0.587,0.363
414500,0.050,0.572,0.378
415000,0.050,0.593,0.357
415500,0.050,0.605,0.345
416000,0.050,0.596,0.354
416500,0.050,0.625,0.325
417000,0.050,0.582,0.368
417500,0.050,0.663,0.286
418000,0.050,0.641,0.309
418500,0.050,0.651,0.298
419000,0.050,0.660,0.290
419500,0.050,0.610,0.340
420000,0.050,0.631,0.319
420500,0.050,0.668,0.281
421000,0.050,0.584,0.366
421500,0.050,0.674,0.275
422000,0.050,0.606,0.344
422500,0.050,0.574,0.376
423000,0.050,0.611,0.339
423500,0.050,0.625,0.325
424000,0.050,0.610,0.340
424500,0.050,0.621,0.329
425000,0.050,0.562,0.388
425500,0.050,0.602,0.348
426000,0.050,0.638,0.312
426500,0.050,0.633,0.317
427000,0.050,0.669,0.280
427500,0.050,0.683,0.266
428000,0.050,0.705,0.245
428500,0.050,0.703,0.247
429000,0.050,0.586,0.364
429500,0.050,0.683,0.266
430000,0.050,0.640,0.310
430500,0.050,0.639,0.310
431000,0.050,0.629,0.321
431500,0.050,0.615,0.335
432000,0.050,0.615,0.335
432500,0.050,0.656,0.294
433000,0.050,0.599,0.351
433500,0.050,0.597,0.353
434000,0.050,0.659,0.290
434500,0.050,0.666,0.283
435000,0.050,0.637,0.312
435500,0.050,0.662,0.287
436000,0.050,0.651,0.299
436500,0.050,0.651,0.298
437000,0.050,0.695,0.255
437500,0.050,0.671,0.279
438000,0.050,0.655,0.294
438500,0.050,0.603,0.347
439000,0.050,0.607,0.343
439500,0.050,0.593,0.357
440000,0.050,0.593,0.357
440500,0.050,0.649,0.300
441000,0.050,0.678,0.272
441500,0.050,0.728,0.222
442000,0.050,0.661,0.288
442500,0.050,0.595,0.355
443000,0.050,0.638,0.311
443500,0.050,0.671,0.279
444000,0.050,0.664,0.285
444500,0.050,0.686,0.263
445000,0.050,0.738,0.212
445500,0.050,0.707,0.243
446000,0.050,0.725,0.225
446500,0.050,0.641,0.308
447000,0.050,0.661,0.288
447500,0.050,0.659,0.290
448000,0.050,0.630,0.320
448500,0.050,0.685,0.265
449000,0.050,0.725,0.225
449500,0.050,0.749,0.201
450000,0.050,0.735,0.215
450500,0.050,0.677,0.273
451000,0.050,0.678,0.272
451500,0.050,0.725,0.225
452000,0.050,0.651,0.299
452500,0.050,0.624,0.326
453000,0.050,0.683,0.266
453500,0.050,0.706,0.244
454000,0.050,0.702,0.248
454500,0.050,0.625,0.325
455000,0.050,0.558,0.391
455500,0.050,0.655,0.294
456000,0.050,0.669,0.281
456500,0.050,0.677,0.273
457000,0.050,0.708,0.242
457500,0.050,0.724,0.226
458000,0.050,0.604,0.346
458500,0.050,0.624,0.326
459000,0.050,0.634,0.316
459500,0.050,0.601,0.349
460000,0.050,0.674,0.275
460500,0.050,0.692,0.258
461000,0.050,0.649,0.301
461500,0.050,0.635,0.315
462000,0.050,0.676,0.274
462500,0.050,0.667,0.282
463000,0.050,0.590,0.360
463500,0.050,0.661,0.288
464000,0.050,0.679,0.270
464500,0.050,0.667,0.282
465000,0.050,0.575,0.375
465500,0.050,0.556,0.394
466000,0.050,0.639,0.311
466500,0.050,0.659,0.290
467000,0.050,0.700,0.250
467500,0.050,0.585,0.365
468000,0.050,0.663,0.287
468500,0.050,0.669,0.281
469000,0.050,0.646,0.304
469500,0.050,0.673,0.276
470000,0.050,0.672,0.278
470500,0.050,0.699,0.251
471000,0.050,0.688,0.262
471500,0.050,0.708,0.242
472000,0.050,0.666,0.283
472500,0.050,0.649,0.301
473000,0.050,0.688,0.262
473500,0.050,0.584,0.366
474000,0.050,0.587,0.363
474500,0.050,0.630,0.320
475000,0.050,0.596,0.354
475500,0.050,0.626,0.324
476000,0.050,0.665,0.284
476500,0.050,0.672,0.278
477000,0.050,0.574,0.376
477500,0.050,0.613,0.337
478000,0.050,0.605,0.345
478500,0.050,0.605,0.345
479000,0.050,0.645,0.304
479500,0.050,0.682,0.268
480000,0.050,0.647,0.302
480500,0.050,0.596,0.354
481000,0.050,0.618,0.332
481500,0.050,0.652,0.297
482000,0.050,0.637,0.312
482500,0.050,0.639,0.311
483000,0.050,0.629,0.321
483500,0.050,0.644,0.306
484000,0.050,0.608,0.342
484500,0.050,0.634,0.316
485000,0.050,0.608,0.342
485500,0.050,0.586,0.364
486000,0.050,0.603,0.347
486500,0.050,0.629,0.321
487000,0.050,0.611,0.339
487500,0.050,0.610,0.340
488000,0.050,0.645,0.304
488500,0.050,0.662,0.288
489000,0.050,0.642,0.308
489500,0.050,0.657,0.292
490000,0.050,0.608,0.342
490500,0.050,0.635,0.315
491000,0.050,0.644,0.306
491500,0.050,0.627,0.323
492000,0.050,0.656,0.293
492500,0.050,0.648,0.301
493000,0.050,0.684,0.266
493500,0.050,0.648,0.301
494000,0.050,0.642,0.308
494500,0.050,0.728,0.222
495000,0.050,0.711,0.239
495500,0.050,0.675,0.275
496000,0.050,0.670,0.280
496500,0.050,0.654,0.296
497000,0.050,0.705,0.245
497500,0.050,0.719,0.231
498000,0.050,0.644,0.305
498500,0.050,0.616,0.334
499000,0.050,0.626,0.324
499500,0.050,0.628,0.322
500000,0.050,0.657,0.293
500500,0.050,0.570,0.380
501000,0.050,0.628,0.322
501500,0.050,0.669,0.280
502000,0.050,0.647,0.303
502500,0.050,0.627,0.323
503000,0.050,0.670,0.280
503500,0.050,0.690,0.260
504000,0.050,0.701,0.249
504500,0.050,0.630,0.320
505000,0.050,0.608,0.342
505500,0.050,0.692,0.258
506000,0.050,0.617,0.333
506500,0.050,0.675,0.274
507000,0.050,0.690,0.260
507500,0.050,0.601,0.349
508000,0.050,0.557,0.393
508500,0.050,0.611,0.339
509000,0.050,0.648,0.301
509500,0.050,0.627,0.323
510000,0.050,0.623,0.327
510500,0.050,0.631,0.319
511000,0.050,0.617,0.333
511500,0.050,0.687,0.263
512000,0.050,0.633,0.317
512500,0.050,0.646,0.304
513000,0.050,0.667,0.283
513500,0.050,0.597,0.353
514000,0.050,0.673,0.277
514500,0.050,0.657,0.293
515000,0.050,0.647,0.303
515500,0.050,0.701,0.249
516000,0.050,0.697,0.253
516500,0.050,0.712,0.238
517000,0.050,0.656,0.293
517500,0.050,0.665,0.285
518000,0.050,0.668,0.282
518500,0.050,0.694,0.256
519000,0.050,0.604,0.346
519500,0.050,0.627,0.323
520000,0.050,0.712,0.238
520500,0.050,0.664,0.285
521000,0.050,0.686,0.263
521500,0.050,0.640,0.309
522000,0.050,0.649,0.300
522500,0.050,0.662,0.287
523000,0.050,0.627,0.323
523500,0.050,0.654,0.296
524000,0.050,0.617,0.333
524500,0.050,0.580,0.370
525000,0.050,0.636,0.314
525500,0.050,0.668,0.282
526000,0.050,0.693,0.257
526500,0.050,0.692,0.258
527000,0.050,0.663,0.287
527500,0.050,0.606,0.344
528000,0.050,0.577,0.373
528500,0.050,0.614,0.336
529000,0.050,0.704,0.246
529500,0.050,0.691,0.259
530000,0.050,0.661,0.289
530500,0.050,0.700,0.250
531000,0.050,0.657,0.292
531500,0.050,0.657,0.293
532000,0.050,0.591,0.359
532500,0.050,0.671,0.278
533000,0.050,0.700,0.250
533500,0.050,0.651,0.298
534000,0.050,0.538,0.411
534500,0.050,0.626,0.324
535000,0.050,0.681,0.269
535500,0.050,0.668,0.281
536000,0.050,0.635,0.315
536500,0.050,0.625,0.325
537000,0.050,0.617,0.333
537500,0.050,0.638,0.312
538000,0.050,0.603,0.347
538500,0.050,0.644,0.305
539000,0.050,0.686,0.264
539500,0.050,0.637,0.312
540000,0.050,0.653,0.296
540500,0.050,0.657,0.293
541000,0.050,0.613,0.337
541500,0.050,0.685,0.265
542000,0.050,0.680,0.270
542500,0.050,0.724,0.226
543000,0.050,0.722,0.228
543500,0.050,0.629,0.321
544000,0.050,0.576,0.374
544500,0.050,0.623,0.327
545000,0.050,0.633,0.317
545500,0.050,0.627,0.323
546000,0.050,0.674,0.276
546500,0.050,0.736,0.214
547000,0.050,0.653,0.296
547500,0.050,0.623,0.327
548000,0.050,0.646,0.304
548500,0.050,0.646,0.303
549000,0.050,0.643,0.307
549500,0.050,0.638,0.311
550000,0.050,0.594,0.356
550500,0.050,0.637,0.312
551000,0.050,0.678,0.272
551500,0.050,0.700,0.250
552000,0.050,0.591,0.359
552500,0.050,0.642,0.308
553000,0.050,0.691,0.259
553500,0.050,0.676,0.273
554000,0.050,0.636,0.314
554500,0.050,0.640,0.309
555000,0.050,0.693,0.257
555500,0.050,0.678,0.271
556000,0.050,0.624,0.326
556500,0.050,0.670,0.280
557000,0.050,0.610,0.340
557500,0.050,0.671,0.278
558000,0.050,0.655,0.294
558500,0.050,0.623,0.327
559000,0.050,0.601,0.349
559500,0.050,0.609,0.341
560000,0.050,0.637,0.312
560500,0.050,0.621,0.329
561000,0.050,0.602,0.348
561500,0.050,0.632,0.318
562000,0.050,0.607,0.343
562500,0.050,0.666,0.283
563000,0.050,0.658,0.292
563500,0.050,0.628,0.322
564000,0.050,0.633,0.317
564500,0.050,0.587,0.363
565000,0.050,0.603,0.347
565500,0.050,0.653,0.297
566000,0.050,0.620,0.330
566500,0.050,0.599,0.351
567000,0.050,0.686,0.264
567500,0.050,0.672,0.277
568000,0.050,0.692,0.258
568500,0.050,0.676,0.273
569000,0.050,0.649,0.301
569500,0.050,0.698,0.252
570000,0.050,0.644,0.305
570500,0.050,0.624,0.326
571000,0.050,0.650,0.300
571500,0.050,0.664,0.286
572000,0.050,0.677,0.273
572500,0.050,0.717,0.233
573000,0.050,0.706,0.244
573500,0.050,0.673,0.276
574000,0.050,0.603,0.347
574500,0.050,0.685,0.265
575000,0.050,0.705,0.245
575500,0.050,0.715,0.235
576000,0.050,0.662,0.288
576500,0.050,0.680,0.269
577000,0.050,0.725,0.225
577500,0.050,0.654,0.295
578000,0.050,0.695,0.255
578500,0.050,0.709,0.241
579000,0.050,0.729,0.221
579500,0.050,0.637,0.312
580000,0.050,0.745,0.205
580500,0.050,0.590,0.360
581000,0.050,0.651,0.298
581500,0.050,0.661,0.289
582000,0.050,0.618,0.332
582500,0.050,0.623,0.327
583000,0.050,0.625,0.325
583500,0.050,0.533,0.417
584000,0.050,0.560,0.389
584500,0.050,0.566,0.384
585000,0.050,0.598,0.352
585500,0.050,0.612,0.338
586000,0.050,0.615,0.335
586500,0.050,0.548,0.401
587000,0.050,0.644,0.305
587500,0.050,0.617,0.333
588000,0.050,0.649,0.301
588500,0.050,0.593,0.357
589000,0.050,0.548,0.402
589500,0.050,0.552,0.398
590000,0.050,0.595,0.355
590500,0.050,0.561,0.389
591000,0.050,0.610,0.340
591500,0.050,0.683,0.267
592000,0.050,0.708,0.242
592500,0.050,0.725,0.225
593000,0.050,0.663,0.286
593500,0.050,0.613,0.337
594000,0.050,0.606,0.344
594500,0.050,0.627,0.323
595000,0.050,0.659,0.291
595500,0.050,0.585,0.365
596000,0.050,0.622,0.328
596500,0.050,0.611,0.339
597000,0.050,0.581,0.369
597500,0.050,0.641,0.308
598000,0.050,0.636,0.314
598500,0.050,0.712,0.238
599000,0.050,0.680,0.270
599500,0.050,0.666,0.284
600000,0.050,0.682,0.268
600500,0.050,0.654,0.295
601000,0.050,0.693,0.257
601500,0.050,0.639,0.311
602000,0.050,0.656,0.293
602500,0.050,0.701,0.249
603000,0.050,0.691,0.259
603500,0.050,0.672,0.278
604000,0.050,0.657,0.292
604500,0.050,0.718,0.232
605000,0.050,0.734,0.216
605500,0.050,0.708,0.242
606000,0.050,0.705,0.245
606500,0.050,0.686,0.264
607000,0.050,0.717,0.233
607500,0.050,0.640,0.309
608000,0.050,0.625,0.325
608500,0.050,0.612,0.338
609000,0.050,0.561,0.389
609500,0.050,0.650,0.299
610000,0.050,0.646,0.304
610500,0.050,0.634,0.316
611000,0.050,0.641,0.309
611500,0.050,0.669,0.281
612000,0.050,0.692,0.258
612500,0.050,0.650,0.300
613000,0.050,0.629,0.321
613500,0.050,0.613,0.337
614000,0.050,0.609,0.341
614500,0.050,0.663,0.287
615000,0.050,0.608,0.342
615500,0.050,0.699,0.251
616000,0.050,0.677,0.272
616500,0.050,0.694,0.256
617000,0.050,0.650,0.300
617500,0.050,0.630,0.320
618000,0.050,0.631,0.319
618500,0.050,0.623,0.327
619000,0.050,0.627,0.323
619500,0.050,0.623,0.327
620000,0.050,0.636,0.314
620500,0.050,0.628,0.322
621000,0.050,0.643,0.307
621500,0.050,0.706,0.244
622000,0.050,0.673,0.277
622500,0.050,0.669,0.281
623000,0.050,0.670,0.280
623500,0.050,0.637,0.312
624000,0.050,0.643,0.306
624500,0.050,0.626,0.324
625000,0.050,0.684,0.265
625500,0.050,0.680,0.270
626000,0.050,0.653,0.297
626500,0.050,0.634,0.316
627000,0.050,0.593,0.357
627500,0.050,0.616,0.334
628000,0.050,0.654,0.296
628500,0.050,0.636,0.314
629000,0.050,0.568,0.382
629500,0.050,0.664,0.286
630000,0.050,0.689,0.261
630500,0.050,0.662,0.288
631000,0.050,0.650,0.300
631500,0.050,0.621,0.329
632000,0.050,0.625,0.325
632500,0.050,0.601,0.349
633000,0.050,0.613,0.337
633500,0.050,0.650,0.300
634000,0.050,0.707,0.243
634500,0.050,0.744,0.206
635000,0.050,0.593,0.357
635500,0.050,0.649,0.300
636000,0.050,0.720,0.230
636500,0.050,0.719,0.231
637000,0.050,0.703,0.247
637500,0.050,0.695,0.255
638000,0.050,0.673,0.276
638500,0.050,0.649,0.300
639000,0.050,0.610,0.340
639500,0.050,0.562,0.387
640000,0.050,0.624,0.326
640500,0.050,0.715,0.235
641000,0.050,0.679,0.271
641500,0.050,0.701,0.249
642000,0.050,0.653,0.296
642500,0.050,0.686,0.263
643000,0.050,0.624,0.326
643500,0.050,0.646,0.303
644000,0.050,0.637,0.313
644500,0.050,0.638,0.311
645000,0.050,0.587,0.363
645500,0.050,0.653,0.297
646000,0.050,0.705,0.245
646500,0.050,0.756,0.194
647000,0.050,0.725,0.225
647500,0.050,0.718,0.232
648000,0.050,0.738,0.212
648500,0.050,0.653,0.297
649000,0.050,0.701,0.249
649500,0.050,0.672,0.278
650000,0.050,0.703,0.247
650500,0.050,0.624,0.326
651000,0.050,0.702,0.248
651500,0.050,0.701,0.249
652000,0.050,0.673,0.276
652500,0.050,0.647,0.302
653000,0.050,0.573,0.377
653500,0.050,0.631,0.319
654000,0.050,0.649,0.301
654500,0.050,0.684,0.265
655000,0.050,0.631,0.319
655500,0.050,0.668,0.281
656000,0.050,0.720,0.230
656500,0.050,0.711,0.239
657000,0.050,0.687,0.263
657500,0.050,0.716,0.234
658000,0.050,0.740,0.210
658500,0.050,0.691,0.259
659000,0.050,0.651,0.299
659500,0.050,0.657,0.292
660000,0.050,0.720,0.230
660500,0.050,0.684,0.266
661000,0.050,0.726,0.224
661500,0.050,0.647,0.302
662000,0.050,0.690,0.260
662500,0.050,0.688,0.262
663000,0.050,0.641,0.308
663500,0.050,0.623,0.327
664000,0.050,0.612,0.338
664500,0.050,0.646,0.304
665000,0.050,0.632,0.318
665500,0.050,0.618,0.332
666000,0.050,0.637,0.313
666500,0.050,0.669,0.280
667000,0.050,0.641,0.309
667500,0.050,0.544,0.406
668000,0.050,0.651,0.299
668500,0.050,0.651,0.299
669000,0.050,0.612,0.338
669500,0.050,0.678,0.272
670000,0.050,0.668,0.282
670500,0.050,0.681,0.268
671000,0.050,0.655,0.294
671500,0.050,0.704,0.246
672000,0.050,0.634,0.316
672500,0.050,0.670,0.280
673000,0.050,0.677,0.272
673500,0.050,0.670,0.280
674000,0.050,0.673,0.277
674500,0.050,0.668,0.282
675000,0.050,0.647,0.302
675500,0.050,0.647,0.303
676000,0.050,0.680,0.269
676500,0.050,0.651,0.298
677000,0.050,0.636,0.314
677500,0.050,0.648,0.302
678000,0.050,0.638,0.311
678500,0.050,0.602,0.348
679000,0.050,0.606,0.344
679500,0.050,0.665,0.284
680000,0.050,0.676,0.273
680500,0.050,0.656,0.294
681000,0.050,0.631,0.319
681500,0.050,0.631,0.319
682000,0.050,0.677,0.272
682500,0.050,0.734,0.216
683000,0.050,0.629,0.321
683500,0.050,0.586,0.364
684000,0.050,0.699,0.251
684500,0.050,0.739,0.211
685000,0.050,0.660,0.290
685500,0.050,0.682,0.267
686000,0.050,0.673,0.277
686500,0.050,0.632,0.318
687000,0.050,0.635,0.315
687500,0.050,0.698,0.252
688000,0.050,0.698,0.252
688500,0.050,0.654,0.295
689000,0.050,0.616,0.334
689500,0.050,0.682,0.267
690000,0.050,0.708,0.242
690500,0.050,0.675,0.275
691000,0.050,0.625,0.325
691500,0.050,0.652,0.297
692000,0.050,0.653,0.296
692500,0.050,0.626,0.324
693000,0.050,0.601,0.349
693500,0.050,0.690,0.260
694000,0.050,0.647,0.302
694500,0.050,0.643,0.307
695000,0.050,0.600,0.350
695500,0.050,0.638,0.312
696000,0.050,0.650,0.299
696500,0.050,0.684,0.266
697000,0.050,0.699,0.251
697500,0.050,0.604,0.346
698000,0.050,0.662,0.287
698500,0.050,0.614,0.336
699000,0.050,0.712,0.238
699500,0.050,0.669,0.281
700000,0.050,0.730,0.220
700500,0.050,0.685,0.264
701000,0.050,0.674,0.276
701500,0.050,0.700,0.250
702000,0.050,0.764,0.185
702500,0.050,0.670,0.280
703000,0.050,0.730,0.220
703500,0.050,0.670,0.279
704000,0.050,0.746,0.204
704500,0.050,0.663,0.287
705000,0.050,0.554,0.396
705500,0.050,0.555,0.394
706000,0.050,0.620,0.330
706500,0.050,0.651,0.299
707000,0.050,0.645,0.305
707500,0.050,0.553,0.396
708000,0.050,0.566,0.384
708500,0.050,0.602,0.348
709000,0.050,0.642,0.307
709500,0.050,0.700,0.250
710000,0.050,0.702,0.248
710500,0.050,0.637,0.312
711000,0.050,0.661,0.289
711500,0.050,0.719,0.231
712000,0.050,0.668,0.281
712500,0.050,0.602,0.348
713000,0.050,0.616,0.334
713500,0.050,0.598,0.352
714000,0.050,0.635,0.315
714500,0.050,0.649,0.300
715000,0.050,0.617,0.333
715500,0.050,0.784,0.166
716000,0.050,0.783,0.166
716500,0.050,0.628,0.322
717000,0.050,0.707,0.243
717500,0.050,0.684,0.265
718000,0.050,0.629,0.321
718500,0.050,0.710,0.240
719000,0.050,0.612,0.338
719500,0.050,0.594,0.356
720000,0.050,0.616,0.334
720500,0.050,0.664,0.286
721000,0.050,0.618,0.332
721500,0.050,0.612,0.338
722000,0.050,0.624,0.326
722500,0.050,0.587,0.363
723000,0.050,0.621,0.329
723500,0.050,0.613,0.337
724000,0.050,0.709,0.241
724500,0.050,0.653,0.296
725000,0.050,0.635,0.315
725500,0.050,0.697,0.253
726000,0.050,0.677,0.273
726500,0.050,0.637,0.313
727000,0.050,0.664,0.286
727500,0.050,0.706,0.244
728000,0.050,0.669,0.281
728500,0.050,0.698,0.252
729000,0.050,0.689,0.261
729500,0.050,0.622,0.328
730000,0.050,0.623,0.327
730500,0.050,0.622,0.328
731000,0.050,0.658,0.292
731500,0.050,0.683,0.266
732000,0.050,0.646,0.304
732500,0.050,0.629,0.321
733000,0.050,0.620,0.330
733500,0.050,0.668,0.282
734000,0.050,0.623,0.327
734500,0.050,0.697,0.253
735000,0.050,0.651,0.299
735500,0.050,0.696,0.254
736000,0.050,0.614,0.336
736500,0.050,0.624,0.326
737000,0.050,0.680,0.270
737500,0.050,0.639,0.310
738000,0.050,0.628,0.322
738500,0.050,0.660,0.289
739000,0.050,0.626,0.324
739500,0.050,0.673,0.277
740000,0.050,0.669,0.281
740500,0.050,0.626,0.324
741000,0.050,0.667,0.283
741500,0.050,0.681,0.269
742000,0.050,0.661,0.289
742500,0.050,0.674,0.276
743000,0.050,0.634,0.316
743500,0.050,0.677,0.273
744000,0.050,0.638,0.312
744500,0.050,0.653,0.296
745000,0.050,0.611,0.339
745500,0.050,0.650,0.299
746000,0.050,0.578,0.372
746500,0.050,0.577,0.373
747000,0.050,0.651,0.299
747500,0.050,0.587,0.363
748000,0.050,0.651,0.299
748500,0.050,0.645,0.305
749000,0.050,0.667,0.282
749500,0.050,0.666,0.284
750000,0.050,0.703,0.247
750500,0.050,0.724,0.226
751000,0.050,0.617,0.333
751500,0.050,0.570,0.380
752000,0.050,0.616,0.334
752500,0.050,0.604,0.346
753000,0.050,0.632,0.318
753500,0.050,0.638,0.312
754000,0.050,0.615,0.335
754500,0.050,0.642,0.307
755000,0.050,0.627,0.323
755500,0.050,0.660,0.290
756000,0.050,0.586,0.364
756500,0.050,0.608,0.342
757000,0.050,0.643,0.306
757500,0.050,0.673,0.276
758000,0.050,0.705,0.245
758500,0.050,0.666,0.283
759000,0.050,0.638,0.312
759500,0.050,0.617,0.333
760000,0.050,0.641,0.308
760500,0.050,0.648,0.302
761000,0.050,0.696,0.254
761500,0.050,0.607,0.343
762000,0.050,0.604,0.346
762500,0.050,0.696,0.254
763000,0.050,0.707,0.243
763500,0.050,0.634,0.316
764000,0.050,0.674,0.275
764500,0.050,0.679,0.271
765000,0.050,0.614,0.336
765500,0.050,0.633,0.317
766000,0.050,0.649,0.301
766500,0.050,0.582,0.368
767000,0.050,0.575,0.375
767500,0.050,0.589,0.361
768000,0.050,0.582,0.368
768500,0.050,0.655,0.294
769000,0.050,0.700,0.250
769500,0.050,0.731,0.219
770000,0.050,0.732,0.218
770500,0.050,0.631,0.319
771000,0.050,0.615,0.335
771500,0.050,0.671,0.279
772000,0.050,0.712,0.238
772500,0.050,0.629,0.321
773000,0.050,0.628,0.322
773500,0.050,0.565,0.385
774000,0.050,0.516,0.433
774500,0.050,0.565,0.385
775000,0.050,0.615,0.335
775500,0.050,0.650,0.300
776000,0.050,0.611,0.339
776500,0.050,0.635,0.315
777000,0.050,0.694,0.256
777500,0.050,0.734,0.216
778000,0.050,0.688,0.262
778500,0.050,0.690,0.260
779000,0.050,0.678,0.271
779500,0.050,0.710,0.240
780000,0.050,0.691,0.259
780500,0.050,0.676,0.273
781000,0.050,0.640,0.309
781500,0.050,0.701,0.249
782000,0.050,0.576,0.374
782500,0.050,0.649,0.300
783000,0.050,0.663,0.287
783500,0.050,0.661,0.288
784000,0.050,0.625,0.325
784500,0.050,0.628,0.322
785000,0.050,0.578,0.372
785500,0.050,0.645,0.304
786000,0.050,0.643,0.306
786500,0.050,0.689,0.261
787000,0.050,0.671,0.278
787500,0.050,0.661,0.289
788000,0.050,0.621,0.329
788500,0.050,0.642,0.307
789000,0.050,0.545,0.405
789500,0.050,0.676,0.274
790000,0.050,0.656,0.294
790500,0.050,0.728,0.222
791000,0.050,0.704,0.246
791500,0.050,0.725,0.225
792000,0.050,0.731,0.219
792500,0.050,0.708,0.242
793000,0.050,0.738,0.212
793500,0.050,0.752,0.198
794000,0.050,0.725,0.225
794500,0.050,0.660,0.290
795000,0.050,0.684,0.265
795500,0.050,0.669,0.281
796000,0.050,0.676,0.274
796500,0.050,0.673,0.276
797000,0.050,0.748,0.202
797500,0.050,0.703,0.247
798000,0.050,0.758,0.192
798500,0.050,0.702,0.248
799000,0.050,0.742,0.208
799500,0.050,0.576,0.374
800000,0.050,0.658,0.291
800500,0.050,0.580,0.370
801000,0.050,0.593,0.357
801500,0.050,0.645,0.304
802000,0.050,0.598,0.352
802500,0.050,0.537,0.413
803000,0.050,0.574,0.376
803500,0.050,0.599,0.351
804000,0.050,0.660,0.290
804500,0.050,0.646,0.303
805000,0.050,0.662,0.287
805500,0.050,0.656,0.293
806000,0.050,0.630,0.320
806500,0.050,0.655,0.294
807000,0.050,0.601,0.349
807500,0.050,0.643,0.307
808000,0.050,0.680,0.270
808500,0.050,0.691,0.259
809000,0.050,0.728,0.222
809500,0.050,0.717,0.233
810000,0.050,0.655,0.295
810500,0.050,0.704,0.246
811000,0.050,0.629,0.321
811500,0.050,0.625,0.325
812000,0.050,0.632,0.318
812500,0.050,0.612,0.338
813000,0.050,0.675,0.275
813500,0.050,0.631,0.319
814000,0.050,0.627,0.323
814500,0.050,0.621,0.329
815000,0.050,0.609,0.341
815500,0.050,0.572,0.378
816000,0.050,0.675,0.274
816500,0.050,0.659,0.291
817000,0.050,0.643,0.307
817500,0.050,0.590,0.360
818000,0.050,0.681,0.268
818500,0.050,0.720,0.230
819000,0.050,0.623,0.327
819500,0.050,0.621,0.329
820000,0.050,0.716,0.234
820500,0.050,0.705,0.245
821000,0.050,0.672,0.277
821500,0.050,0.627,0.323
822000,0.050,0.621,0.329
822500,0.050,0.550,0.400
823000,0.050,0.650,0.300
823500,0.050,0.642,0.308
824000,0.050,0.665,0.285
824500,0.050,0.676,0.273
825000,0.050,0.644,0.306
825500,0.050,0.657,0.293
826000,0.050,0.665,0.285
826500,0.050,0.648,0.302
827000,0.050,0.643,0.307
827500,0.050,0.598,0.352
828000,0.050,0.594,0.356
828500,0.050,0.634,0.316
829000,0.050,0.644,0.306
829500,0.050,0.626,0.324
830000,0.050,0.648,0.302
830500,0.050,0.599,0.351
831000,0.050,0.665,0.285
831500,0.050,0.620,0.330
832000,0.050,0.679,0.270
832500,0.050,0.698,0.252
833000,0.050,0.667,0.282
833500,0.050,0.594,0.356
834000,0.050,0.606,0.344
834500,0.050,0.548,0.401
835000,0.050,0.618,0.332
835500,0.050,0.627,0.323
836000,0.050,0.575,0.375
836500,0.050,0.631,0.319
837000,0.050,0.634,0.316
837500,0.050,0.665,0.285
838000,0.050,0.611,0.339
838500,0.050,0.670,0.280
839000,0.050,0.620,0.330
839500,0.050,0.585,0.365
840000,0.050,0.586,0.364
840500,0.050,0.620,0.330
841000,0.050,0.680,0.270
841500,0.050,0.674,0.276
842000,0.050,0.622,0.328
842500,0.050,0.623,0.327
843000,0.050,0.626,0.324
843500,0.050,0.637,0.313
844000,0.050,0.624,0.326
844500,0.050,0.637,0.313
845000,0.050,0.582,0.368
845500,0.050,0.581,0.369
846000,0.050,0.635,0.315
846500,0.050,0.625,0.325
847000,0.050,0.657,0.292
847500,0.050,0.589,0.361
848000,0.050,0.623,0.327
848500,0.050,0.653,0.297
849000,0.050,0.636,0.314
849500,0.050,0.554,0.396
850000,0.050,0.664,0.285
850500,0.050,0.687,0.263
851000,0.050,0.666,0.284
851500,0.050,0.659,0.291
852000,0.050,0.607,0.343
852500,0.050,0.713,0.237
853000,0.050,0.653,0.297
853500,0.050,0.710,0.240
854000,0.050,0.714,0.236
854500,0.050,0.736,0.214
855000,0.050,0.659,0.291
855500,0.050,0.682,0.268
856000,0.050,0.681,0.268
856500,0.050,0.738,0.212
857000,0.050,0.669,0.280
857500,0.050,0.656,0.294
858000,0.050,0.639,0.310
858500,0.050,0.575,0.375
859000,0.050,0.544,0.405
859500,0.050,0.551,0.399
860000,0.050,0.532,0.418
860500,0.050,0.634,0.316
861000,0.050,0.608,0.342
861500,0.050,0.664,0.285
862000,0.050,0.654,0.295
862500,0.050,0.645,0.305
863000,0.050,0.612,0.338
863500,0.050,0.621,0.329
864000,0.050,0.630,0.320
864500,0.050,0.626,0.324
865000,0.050,0.693,0.257
865500,0.050,0.666,0.284
866000,0.050,0.675,0.274
866500,0.050,0.653,0.297
867000,0.050,0.643,0.306
867500,0.050,0.656,0.293
868000,0.050,0.686,0.263
868500,0.050,0.735,0.215
869000,0.050,0.673,0.277
869500,0.050,0.620,0.330
870000,0.050,0.602,0.348
870500,0.050,0.635,0.315
871000,0.050,0.705,0.245
871500,0.050,0.672,0.277
872000,0.050,0.658,0.291
872500,0.050,0.722,0.228
873000,0.050,0.601,0.349
873500,0.050,0.579,0.371
874000,0.050,0.647,0.303
874500,0.050,0.677,0.273
875000,0.050,0.644,0.306
875500,0.050,0.655,0.295
876000,0.050,0.633,0.317
876500,0.050,0.632,0.318
877000,0.050,0.641,0.308
877500,0.050,0.659,0.291
878000,0.050,0.632,0.318
878500,0.050,0.693,0.257
879000,0.050,0.699,0.251
879500,0.050,0.683,0.266
880000,0.050,0.625,0.325
880500,0.050,0.654,0.295
881000,0.050,0.590,0.360
881500,0.050,0.572,0.378
882000,0.050,0.659,0.290
882500,0.050,0.706,0.244
883000,0.050,0.716,0.234
883500,0.050,0.744,0.206
884000,0.050,0.639,0.310
884500,0.050,0.620,0.330
885000,0.050,0.599,0.351
885500,0.050,0.650,0.300
886000,0.050,0.655,0.294
886500,0.050,0.686,0.263
887000,0.050,0.656,0.294
887500,0.050,0.595,0.355
888000,0.050,0.598,0.352
888500,0.050,0.647,0.302
889000,0.050,0.640,0.309
889500,0.050,0.615,0.335
890000,0.050,0.636,0.314
890500,0.050,0.666,0.284
891000,0.050,0.603,0.347
891500,0.050,0.677,0.273
892000,0.050,0.666,0.284
892500,0.050,0.731,0.219
893000,0.050,0.757,0.193
893500,0.050,0.718,0.232
894000,0.050,0.722,0.228
894500,0.050,0.698,0.252
895000,0.050,0.659,0.290
895500,0.050,0.682,0.268
896000,0.050,0.712,0.238
896500,0.050,0.704,0.246
897000,0.050,0.627,0.323
897500,0.050,0.648,0.301
898000,0.050,0.584,0.366
898500,0.050,0.584,0.366
899000,0.050,0.586,0.364
899500,0.050,0.650,0.300
900000,0.050,0.628,0.322
900500,0.050,0.539,0.410
901000,0.050,0.610,0.340
901500,0.050,0.656,0.293
902000,0.050,0.655,0.295
902500,0.050,0.616,0.334
903000,0.050,0.629,0.321
903500,0.050,0.648,0.301
904000,0.050,0.639,0.310
904500,0.050,0.642,0.308
905000,0.050,0.654,0.296
905500,0.050,0.640,0.309
906000,0.050,0.665,0.285
906500,0.050,0.603,0.347
907000,0.050,0.577,0.373
907500,0.050,0.560,0.389
908000,0.050,0.629,0.321
908500,0.050,0.659,0.290
909000,0.050,0.643,0.306
909500,0.050,0.702,0.248
910000,0.050,0.672,0.277
910500,0.050,0.675,0.275
911000,0.050,0.593,0.357
911500,0.050,0.639,0.311
912000,0.050,0.684,0.266
912500,0.050,0.652,0.297
913000,0.050,0.615,0.335
913500,0.050,0.626,0.324
914000,0.050,0.614,0.336
914500,0.050,0.645,0.304
915000,0.050,0.650,0.300
915500,0.050,0.561,0.389
916000,0.050,0.651,0.299
916500,0.050,0.702,0.248
917000,0.050,0.635,0.315
917500,0.050,0.602,0.348
918000,0.050,0.523,0.427
918500,0.050,0.577,0.373
919000,0.050,0.635,0.315
919500,0.050,0.631,0.319
920000,0.050,0.672,0.277
920500,0.050,0.666,0.284
921000,0.050,0.724,0.226
921500,0.050,0.659,0.290
922000,0.050,0.624,0.326
922500,0.050,0.672,0.278
923000,0.050,0.738,0.212
923500,0.050,0.696,0.254
924000,0.050,0.694,0.256
924500,0.050,0.676,0.274
925000,0.050,0.643,0.307
925500,0.050,0.600,0.350
926000,0.050,0.620,0.330
926500,0.050,0.691,0.259
927000,0.050,0.654,0.296
927500,0.050,0.662,0.287
928000,0.050,0.685,0.264
928500,0.050,0.650,0.299
929000,0.050,0.610,0.340
929500,0.050,0.606,0.344
930000,0.050,0.649,0.300
930500,0.050,0.649,0.300
931000,0.050,0.587,0.363
931500,0.050,0.606,0.344
932000,0.050,0.597,0.353
932500,0.050,0.603,0.347
933000,0.050,0.642,0.308
933500,0.050,0.568,0.382
934000,0.050,0.557,0.392
934500,0.050,0.627,0.323
935000,0.050,0.649,0.300
935500,0.050,0.679,0.270
936000,0.050,0.653,0.296
936500,0.050,0.685,0.264
937000,0.050,0.683,0.266
937500,0.050,0.719,0.231
938000,0.050,0.775,0.174
938500,0.050,0.698,0.252
939000,0.050,0.714,0.236
939500,0.050,0.719,0.231
940000,0.050,0.665,0.284
940500,0.050,0.706,0.244
941000,0.050,0.624,0.326
941500,0.050,0.587,0.363
942000,0.050,0.578,0.372
942500,0.050,0.660,0.290
943000,0.050,0.642,0.307
943500,0.050,0.632,0.318
944000,0.050,0.604,0.346
944500,0.050,0.628,0.322
945000,0.050,0.671,0.279
945500,0.050,0.605,0.345
946000,0.050,0.590,0.360
946500,0.050,0.642,0.307
947000,0.050,0.614,0.336
947500,0.050,0.626,0.324
948000,0.050,0.625,0.325
948500,0.050,0.686,0.263
949000,0.050,0.710,0.240
949500,0.050,0.760,0.190
950000,0.050,0.673,0.277
950500,0.050,0.680,0.269
951000,0.050,0.560,0.390
951500,0.050,0.622,0.328
952000,0.050,0.704,0.246
952500,0.050,0.642,0.308
953000,0.050,0.673,0.277
953500,0.050,0.675,0.274
954000,0.050,0.577,0.373
954500,0.050,0.617,0.333
955000,0.050,0.580,0.370
955500,0.050,0.638,0.311
956000,0.050,0.702,0.248
956500,0.050,0.722,0.228
957000,0.050,0.706,0.244
957500,0.050,0.702,0.248
958000,0.050,0.682,0.268
958500,0.050,0.691,0.259
959000,0.050,0.683,0.266
959500,0.050,0.649,0.300
960000,0.050,0.565,0.385
960500,0.050,0.648,0.301
961000,0.050,0.712,0.238
961500,0.050,0.662,0.288
962000,0.050,0.611,0.339
962500,0.050,0.694,0.256
963000,0.050,0.749,0.201
963500,0.050,0.698,0.252
964000,0.050,0.656,0.293
964500,0.050,0.724,0.226
965000,0.050,0.686,0.263
965500,0.050,0.691,0.259
966000,0.050,0.662,0.288
966500,0.050,0.657,0.292
967000,0.050,0.644,0.305
967500,0.050,0.646,0.304
968000,0.050,0.689,0.261
968500,0.050,0.663,0.287
969000,0.050,0.680,0.270
969500,0.050,0.679,0.271
970000,0.050,0.623,0.327
970500,0.050,0.647,0.303
971000,0.050,0.669,0.281
971500,0.050,0.699,0.251
972000,0.050,0.615,0.335
972500,0.050,0.647,0.302
973000,0.050,0.642,0.307
973500,0.050,0.687,0.263
974000,0.050,0.634,0.316
974500,0.050,0.646,0.303
975000,0.050,0.611,0.339
975500,0.050,0.612,0.338
976000,0.050,0.572,0.378
976500,0.050,0.609,0.341
977000,0.050,0.557,0.392
977500,0.050,0.606,0.344
978000,0.050,0.703,0.247
978500,0.050,0.688,0.262
979000,0.050,0.690,0.260
979500,0.050,0.617,0.333
980000,0.050,0.645,0.304
980500,0.050,0.620,0.330
981000,0.050,0.661,0.288
981500,0.050,0.750,0.200
982000,0.050,0.676,0.273
982500,0.050,0.680,0.270
983000,0.050,0.686,0.263
983500,0.050,0.618,0.332
984000,0.050,0.651,0.298
984500,0.050,0.674,0.275
985000,0.050,0.633,0.317
985500,0.050,0.637,0.312
986000,0.050,0.734,0.216
986500,0.050,0.667,0.283
987000,0.050,0.668,0.282
987500,0.050,0.665,0.284
988000,0.050,0.645,0.304
988500,0.050,0.613,0.337
989000,0.050,0.613,0.337
989500,0.050,0.636,0.314
990000,0.050,0.646,0.304
990500,0.050,0.623,0.327
991000,0.050,0.632,0.318
991500,0.050,0.683,0.266
992000,0.050,0.632,0.318
992500,0.050,0.677,0.273
993000,0.050,0.566,0.384
993500,0.050,0.640,0.309
994000,0.050,0.654,0.296
994500,0.050,0.688,0.262
995000,0.050,0.682,0.268
995500,0.050,0.676,0.273
996000,0.050,0.628,0.322
996500,0.050,0.661,0.288
997000,0.050,0.673,0.276
997500,0.050,0.666,0.283
998000,0.050,0.630,0.320
998500,0.050,0.610,0.340
999000,0.050,0.640,0.309
999500,0.050,0.716,0.234
1000000,0.050,0.704,0.246
