time,n_A+p,n_B,n_AB
500,0.050,0.181,0.769
1000,0.224,0.003,0.773
1500,0.340,0.000,0.660
2000,0.345,0.000,0.655
2500,0.299,0.002,0.699
3000,0.268,0.000,0.732
3500,0.212,0.000,0.788
4000,0.363,0.000,0.637
4500,0.393,0.000,0.607
5000,0.386,0.000,0.614
5500,0.409,0.000,0.591
6000,0.335,0.000,0.665
6500,0.322,0.000,0.678
7000,0.306,0.000,0.694
7500,0.409,0.000,0.591
8000,0.304,0.000,0.696
8500,0.371,0.000,0.629
9000,0.393,0.000,0.607
9500,0.347,0.000,0.653
10000,0.426,0.000,0.574
10500,0.346,0.000,0.654
11000,0.370,0.000,0.630
11500,0.330,0.000,0.670
12000,0.289,0.000,0.711
12500,0.395,0.000,0.605
13000,0.347,0.000,0.653
13500,0.406,0.000,0.594
14000,0.332,0.000,0.668
14500,0.217,0.000,0.783
15000,0.318,0.000,0.682
15500,0.347,0.000,0.653
16000,0.350,0.000,0.650
16500,0.279,0.000,0.721
17000,0.231,0.000,0.769
17500,0.442,0.000,0.558
18000,0.352,0.000,0.648
18500,0.349,0.000,0.651
19000,0.442,0.000,0.558
19500,0.374,0.000,0.626
20000,0.359,0.000,0.641
20500,0.360,0.000,0.640
21000,0.390,0.000,0.610
21500,0.327,0.000,0.673
22000,0.395,0.000,0.605
22500,0.275,0.000,0.725
23000,0.343,0.000,0.657
23500,0.328,0.000,0.672
24000,0.329,0.000,0.671
24500,0.360,0.000,0.640
25000,0.318,0.000,0.682
25500,0.339,0.000,0.661
26000,0.353,0.000,0.647
26500,0.410,0.000,0.590
27000,0.245,0.000,0.755
27500,0.211,0.000,0.789
28000,0.233,0.000,0.767
28500,0.269,0.000,0.731
29000,0.324,0.000,0.676
29500,0.259,0.000,0.741
30000,0.247,0.000,0.753
30500,0.340,0.000,0.660
31000,0.396,0.000,0.604
31500,0.351,0.000,0.649
32000,0.339,0.000,0.661
32500,0.397,0.000,0.603
33000,0.420,0.000,0.580
33500,0.388,0.000,0.612
34000,0.278,0.000,0.722
34500,0.342,0.000,0.658
35000,0.273,0.000,0.727
35500,0.282,0.000,0.718
36000,0.246,0.000,0.754
36500,0.390,0.000,0.610
37000,0.313,0.000,0.687
37500,0.437,0.000,0.563
38000,0.381,0.000,0.619
38500,0.308,0.000,0.692
39000,0.322,0.000,0.678
39500,0.273,0.000,0.727
40000,0.249,0.000,0.751
40500,0.310,0.000,0.690
41000,0.342,0.000,0.658
41500,0.320,0.000,0.680
42000,0.404,0.000,0.596
42500,0.270,0.000,0.730
43000,0.344,0.000,0.656
43500,0.272,0.000,0.728
44000,0.402,0.000,0.598
44500,0.248,0.000,0.752
45000,0.331,0.000,0.669
45500,0.286,0.000,0.714
46000,0.376,0.000,0.624
46500,0.365,0.000,0.635
47000,0.390,0.000,0.610
47500,0.330,0.000,0.670
48000,0.365,0.000,0.635
48500,0.311,0.000,0.689
49000,0.217,0.000,0.783
49500,0.334,0.000,0.666
50000,0.308,0.000,0.692
50500,0.288,0.000,0.712
51000,0.300,0.001,0.699
51500,0.306,0.000,0.694
52000,0.241,0.000,0.759
52500,0.357,0.000,0.643
53000,0.254,0.000,0.746
53500,0.278,0.000,0.722
54000,0.381,0.000,0.619
54500,0.366,0.000,0.634
55000,0.357,0.000,0.643
55500,0.331,0.000,0.669
56000,0.183,0.000,0.817
56500,0.217,0.000,0.783
57000,0.224,0.000,0.776
57500,0.331,0.000,0.669
58000,0.336,0.000,0.664
58500,0.360,0.000,0.640
59000,0.341,0.000,0.659
59500,0.249,0.000,0.751
60000,0.362,0.000,0.638
60500,0.237,0.000,0.763
61000,0.464,0.000,0.536
61500,0.391,0.000,0.609
62000,0.349,0.000,0.651
62500,0.319,0.000,0.681
63000,0.267,0.000,0.733
63500,0.277,0.000,0.723
64000,0.543,0.000,0.457
64500,0.537,0.000,0.463
65000,0.276,0.000,0.724
65500,0.366,0.001,0.633
66000,0.364,0.000,0.636
66500,0.392,0.000,0.608
67000,0.359,0.000,0.641
67500,0.227,0.000,0.773
68000,0.401,0.000,0.599
68500,0.208,0.000,0.792
69000,0.411,0.000,0.589
69500,0.333,0.000,0.667
70000,0.398,0.000,0.602
70500,0.291,0.001,0.708
71000,0.243,0.000,0.757
71500,0.234,0.000,0.766
72000,0.349,0.000,0.651
72500,0.367,0.000,0.633
73000,0.299,0.000,0.701
73500,0.281,0.000,0.719
74000,0.445,0.000,0.555
74500,0.432,0.000,0.568
75000,0.377,0.000,0.623
75500,0.388,0.000,0.612
76000,0.265,0.000,0.735
76500,0.405,0.000,0.595
77000,0.315,0.000,0.685
77500,0.353,0.000,0.647
78000,0.352,0.000,0.648
78500,0.208,0.000,0.792
79000,0.347,0.000,0.653
79500,0.222,0.000,0.778
80000,0.328,0.000,0.672
80500,0.425,0.000,0.575
81000,0.306,0.000,0.694
81500,0.213,0.000,0.787
82000,0.428,0.000,0.572
82500,0.435,0.000,0.565
83000,0.336,0.000,0.664
83500,0.341,0.000,0.659
84000,0.294,0.000,0.706
84500,0.275,0.000,0.725
85000,0.376,0.000,0.624
85500,0.317,0.000,0.683
86000,0.341,0.000,0.659
86500,0.348,0.000,0.652
87000,0.342,0.000,0.658
87500,0.209,0.004,0.787
88000,0.383,0.000,0.617
88500,0.357,0.000,0.643
89000,0.397,0.000,0.603
89500,0.361,0.000,0.639
90000,0.303,0.000,0.697
90500,0.533,0.000,0.467
91000,0.385,0.000,0.615
91500,0.429,0.000,0.571
92000,0.253,0.000,0.747
92500,0.393,0.000,0.607
93000,0.299,0.000,0.701
93500,0.364,0.000,0.636
94000,0.356,0.000,0.644
94500,0.337,0.000,0.663
95000,0.451,0.000,0.549
95500,0.312,0.000,0.688
96000,0.344,0.000,0.656
96500,0.410,0.000,0.590
97000,0.390,0.000,0.610
97500,0.380,0.000,0.620
98000,0.412,0.000,0.588
98500,0.333,0.000,0.667
99000,0.349,0.000,0.651
99500,0.246,0.000,0.754
100000,0.280,0.000,0.720
100500,0.302,0.000,0.698
101000,0.292,0.000,0.708
101500,0.455,0.000,0.545
102000,0.350,0.000,0.650
102500,0.344,0.000,0.656
103000,0.364,0.000,0.636
103500,0.427,0.000,0.573
104000,0.338,0.000,0.662
104500,0.416,0.000,0.584
105000,0.270,0.000,0.730
105500,0.276,0.000,0.724
106000,0.294,0.000,0.706
106500,0.321,0.000,0.679
107000,0.346,0.000,0.654
107500,0.291,0.000,0.709
108000,0.311,0.000,0.689
108500,0.315,0.000,0.685
109000,0.252,0.000,0.748
109500,0.210,0.000,0.790
110000,0.335,0.000,0.665
110500,0.274,0.000,0.726
111000,0.343,0.000,0.657
111500,0.298,0.000,0.702
112000,0.393,0.000,0.607
112500,0.361,0.000,0.639
113000,0.373,0.000,0.627
113500,0.492,0.000,0.508
114000,0.234,0.000,0.766
114500,0.355,0.000,0.645
115000,0.312,0.000,0.688
115500,0.407,0.000,0.593
116000,0.363,0.000,0.637
116500,0.336,0.000,0.664
117000,0.305,0.000,0.695
117500,0.300,0.000,0.700
118000,0.270,0.000,0.730
118500,0.294,0.000,0.706
119000,0.404,0.000,0.596
119500,0.422,0.000,0.578
120000,0.267,0.000,0.733
120500,0.380,0.000,0.620
121000,0.190,0.000,0.810
121500,0.330,0.000,0.670
122000,0.345,0.000,0.655
122500,0.406,0.000,0.594
123000,0.323,0.000,0.677
123500,0.424,0.000,0.576
124000,0.343,0.000,0.657
124500,0.337,0.000,0.663
125000,0.260,0.000,0.740
125500,0.344,0.000,0.656
126000,0.308,0.000,0.692
126500,0.264,0.000,0.736
127000,0.367,0.000,0.633
127500,0.508,0.000,0.492
128000,0.361,0.000,0.639
128500,0.242,0.000,0.758
129000,0.248,0.000,0.752
129500,0.245,0.000,0.755
130000,0.259,0.000,0.741
130500,0.308,0.000,0.692
131000,0.376,0.000,0.624
131500,0.269,0.000,0.731
132000,0.406,0.000,0.594
132500,0.341,0.000,0.659
133000,0.377,0.000,0.623
133500,0.250,0.000,0.750
134000,0.353,0.000,0.647
134500,0.320,0.000,0.680
135000,0.284,0.000,0.716
135500,0.362,0.000,0.638
136000,0.329,0.000,0.671
136500,0.422,0.000,0.578
137000,0.272,0.000,0.728
137500,0.321,0.000,0.679
138000,0.296,0.000,0.704
138500,0.299,0.000,0.701
139000,0.330,0.000,0.670
139500,0.290,0.000,0.710
140000,0.365,0.000,0.635
140500,0.338,0.000,0.662
141000,0.288,0.000,0.712
141500,0.349,0.000,0.651
142000,0.345,0.000,0.655
142500,0.325,0.000,0.675
143000,0.285,0.000,0.715
143500,0.385,0.000,0.615
144000,0.492,0.000,0.508
144500,0.255,0.000,0.745
145000,0.328,0.000,0.672
145500,0.289,0.000,0.711
146000,0.381,0.000,0.619
146500,0.414,0.000,0.586
147000,0.286,0.000,0.714
147500,0.227,0.000,0.773
148000,0.382,0.000,0.618
148500,0.358,0.000,0.642
149000,0.325,0.000,0.675
149500,0.333,0.000,0.667
150000,0.358,0.000,0.642
150500,0.219,0.000,0.781
151000,0.285,0.000,0.715
151500,0.302,0.004,0.694
152000,0.308,0.017,0.675
152500,0.351,0.000,0.649
153000,0.373,0.000,0.627
153500,0.241,0.000,0.759
154000,0.302,0.000,0.698
154500,0.366,0.000,0.634
155000,0.441,0.000,0.559
155500,0.457,0.000,0.543
156000,0.464,0.000,0.536
156500,0.423,0.000,0.577
157000,0.258,0.000,0.742
157500,0.363,0.000,0.637
158000,0.334,0.000,0.666
158500,0.295,0.000,0.705
159000,0.356,0.000,0.644
159500,0.328,0.000,0.672
160000,0.386,0.000,0.614
160500,0.490,0.000,0.510
161000,0.333,0.000,0.667
161500,0.331,0.001,0.668
162000,0.411,0.000,0.589
162500,0.439,0.000,0.561
163000,0.406,0.000,0.594
163500,0.301,0.000,0.699
164000,0.254,0.000,0.746
164500,0.385,0.000,0.615
165000,0.314,0.001,0.685
165500,0.226,0.000,0.774
166000,0.212,0.000,0.788
166500,0.363,0.000,0.637
167000,0.363,0.000,0.637
167500,0.293,0.000,0.707
168000,0.260,0.000,0.740
168500,0.283,0.000,0.717
169000,0.450,0.000,0.550
169500,0.288,0.000,0.712
170000,0.214,0.000,0.786
170500,0.318,0.000,0.682
171000,0.296,0.000,0.704
171500,0.353,0.000,0.647
172000,0.313,0.000,0.687
172500,0.206,0.000,0.794
173000,0.263,0.000,0.737
173500,0.292,0.000,0.708
174000,0.350,0.000,0.650
174500,0.451,0.000,0.549
175000,0.214,0.000,0.786
175500,0.437,0.000,0.563
176000,0.395,0.000,0.605
176500,0.380,0.000,0.620
177000,0.345,0.000,0.655
177500,0.349,0.000,0.651
178000,0.370,0.000,0.630
178500,0.453,0.000,0.547
179000,0.255,0.000,0.745
179500,0.318,0.000,0.682
180000,0.332,0.000,0.668
180500,0.343,0.000,0.657
181000,0.281,0.000,0.719
181500,0.270,0.000,0.730
182000,0.388,0.000,0.612
182500,0.250,0.000,0.750
183000,0.346,0.000,0.654
183500,0.335,0.000,0.665
184000,0.322,0.000,0.678
184500,0.371,0.000,0.629
185000,0.305,0.000,0.695
185500,0.222,0.000,0.778
186000,0.375,0.000,0.625
186500,0.323,0.000,0.677
187000,0.310,0.000,0.690
187500,0.293,0.000,0.707
188000,0.215,0.000,0.785
188500,0.323,0.000,0.677
189000,0.303,0.000,0.697
189500,0.297,0.000,0.703
190000,0.349,0.000,0.651
190500,0.288,0.000,0.712
191000,0.317,0.000,0.683
191500,0.395,0.000,0.605
192000,0.328,0.000,0.672
192500,0.298,0.000,0.702
193000,0.327,0.000,0.673
193500,0.316,0.000,0.684
194000,0.295,0.000,0.705
194500,0.336,0.000,0.664
195000,0.281,0.000,0.719
195500,0.293,0.000,0.707
196000,0.293,0.000,0.707
196500,0.412,0.000,0.588
197000,0.371,0.000,0.629
197500,0.485,0.000,0.515
198000,0.289,0.000,0.711
198500,0.402,0.000,0.598
199000,0.373,0.000,0.627
199500,0.307,0.000,0.693
200000,0.363,0.000,0.637
200500,0.509,0.000,0.491
201000,0.427,0.000,0.573
201500,0.221,0.000,0.779
202000,0.430,0.000,0.570
202500,0.300,0.000,0.700
203000,0.352,0.000,0.648
203500,0.304,0.000,0.696
204000,0.358,0.000,0.642
204500,0.422,0.000,0.578
205000,0.372,0.000,0.628
205500,0.366,0.000,0.634
206000,0.357,0.000,0.643
206500,0.402,0.000,0.598
207000,0.397,0.000,0.603
207500,0.395,0.000,0.605
208000,0.362,0.000,0.638
208500,0.368,0.000,0.632
209000,0.320,0.000,0.680
209500,0.272,0.000,0.728
210000,0.343,0.000,0.657
210500,0.321,0.000,0.679
211000,0.371,0.000,0.629
211500,0.401,0.000,0.599
212000,0.345,0.000,0.655
212500,0.377,0.000,0.623
213000,0.249,0.000,0.751
213500,0.174,0.022,0.804
214000,0.448,0.000,0.552
214500,0.284,0.000,0.716
215000,0.285,0.000,0.715
215500,0.332,0.000,0.668
216000,0.362,0.000,0.638
216500,0.384,0.000,0.616
217000,0.371,0.000,0.629
217500,0.301,0.000,0.699
218000,0.238,0.000,0.762
218500,0.310,0.000,0.690
219000,0.353,0.000,0.647
219500,0.277,0.000,0.723
220000,0.313,0.000,0.687
220500,0.290,0.000,0.710
221000,0.254,0.000,0.746
221500,0.339,0.000,0.661
222000,0.375,0.000,0.625
222500,0.370,0.000,0.630
223000,0.371,0.000,0.629
223500,0.223,0.000,0.777
224000,0.291,0.000,0.709
224500,0.394,0.000,0.606
225000,0.304,0.000,0.696
225500,0.337,0.000,0.663
226000,0.234,0.000,0.766
226500,0.289,0.000,0.711
227000,0.400,0.000,0.600
227500,0.232,0.000,0.768
228000,0.289,0.000,0.711
228500,0.232,0.000,0.768
229000,0.344,0.000,0.656
229500,0.256,0.000,0.744
230000,0.403,0.000,0.597
230500,0.426,0.000,0.574
231000,0.513,0.000,0.487
231500,0.392,0.000,0.608
232000,0.334,0.000,0.666
232500,0.244,0.000,0.756
233000,0.329,0.000,0.671
233500,0.378,0.000,0.622
234000,0.287,0.000,0.713
234500,0.214,0.000,0.786
235000,0.426,0.000,0.574
235500,0.352,0.000,0.648
236000,0.413,0.000,0.587
236500,0.364,0.000,0.636
237000,0.318,0.000,0.682
237500,0.391,0.000,0.609
238000,0.383,0.000,0.617
238500,0.367,0.000,0.633
239000,0.364,0.000,0.636
239500,0.275,0.000,0.725
240000,0.334,0.000,0.666
240500,0.259,0.000,0.741
241000,0.420,0.000,0.580
241500,0.460,0.000,0.540
242000,0.366,0.000,0.634
242500,0.342,0.000,0.658
243000,0.372,0.000,0.628
243500,0.375,0.000,0.625
244000,0.369,0.000,0.631
244500,0.378,0.000,0.622
245000,0.252,0.000,0.748
245500,0.357,0.000,0.643
246000,0.335,0.000,0.665
246500,0.408,0.000,0.592
247000,0.320,0.000,0.680
247500,0.407,0.000,0.593
248000,0.352,0.000,0.648
248500,0.326,0.000,0.674
249000,0.286,0.000,0.714
249500,0.330,0.000,0.670
250000,0.262,0.000,0.738
250500,0.367,0.000,0.633
251000,0.330,0.000,0.670
251500,0.378,0.000,0.622
252000,0.319,0.000,0.681
252500,0.339,0.000,0.661
253000,0.330,0.000,0.670
253500,0.374,0.000,0.626
254000,0.301,0.000,0.699
254500,0.319,0.000,0.681
255000,0.297,0.000,0.703
255500,0.350,0.000,0.650
256000,0.331,0.000,0.669
256500,0.311,0.000,0.689
257000,0.353,0.000,0.647
257500,0.357,0.000,0.643
258000,0.369,0.000,0.631
258500,0.269,0.000,0.731
259000,0.409,0.000,0.591
259500,0.339,0.000,0.661
260000,0.307,0.000,0.693
260500,0.192,0.000,0.808
261000,0.349,0.000,0.651
261500,0.265,0.000,0.735
262000,0.394,0.000,0.606
262500,0.321,0.000,0.679
263000,0.411,0.000,0.589
263500,0.349,0.000,0.651
264000,0.296,0.000,0.704
264500,0.299,0.000,0.701
265000,0.318,0.000,0.682
265500,0.370,0.000,0.630
266000,0.343,0.000,0.657
266500,0.356,0.000,0.644
267000,0.364,0.000,0.636
267500,0.532,0.000,0.468
268000,0.270,0.000,0.730
268500,0.303,0.000,0.697
269000,0.361,0.000,0.639
269500,0.192,0.000,0.808
270000,0.334,0.000,0.666
270500,0.317,0.000,0.683
271000,0.247,0.000,0.753
271500,0.232,0.000,0.768
272000,0.388,0.000,0.612
272500,0.314,0.000,0.686
273000,0.440,0.000,0.560
273500,0.217,0.000,0.783
274000,0.299,0.000,0.701
274500,0.314,0.000,0.686
275000,0.334,0.000,0.666
275500,0.353,0.000,0.647
276000,0.370,0.000,0.630
276500,0.329,0.000,0.671
277000,0.336,0.000,0.664
277500,0.342,0.000,0.658
278000,0.307,0.000,0.693
278500,0.276,0.000,0.724
279000,0.253,0.000,0.747
279500,0.275,0.000,0.725
280000,0.336,0.004,0.660
280500,0.286,0.000,0.714
281000,0.374,0.000,0.626
281500,0.305,0.000,0.695
282000,0.335,0.000,0.665
282500,0.294,0.000,0.706
283000,0.246,0.000,0.754
283500,0.239,0.000,0.761
284000,0.286,0.000,0.714
284500,0.332,0.000,0.668
285000,0.351,0.000,0.649
285500,0.433,0.000,0.567
286000,0.331,0.000,0.669
286500,0.234,0.000,0.766
287000,0.327,0.000,0.673
287500,0.365,0.000,0.635
288000,0.264,0.000,0.736
288500,0.396,0.000,0.604
289000,0.294,0.000,0.706
289500,0.232,0.000,0.768
290000,0.296,0.000,0.704
290500,0.311,0.000,0.689
291000,0.379,0.000,0.621
291500,0.335,0.000,0.665
292000,0.330,0.000,0.670
292500,0.317,0.000,0.683
293000,0.206,0.000,0.794
293500,0.340,0.000,0.660
294000,0.414,0.000,0.586
294500,0.253,0.000,0.747
295000,0.231,0.000,0.769
295500,0.283,0.000,0.717
296000,0.258,0.000,0.742
296500,0.341,0.000,0.659
297000,0.342,0.000,0.658
297500,0.370,0.000,0.630
298000,0.409,0.000,0.591
298500,0.261,0.000,0.739
299000,0.408,0.000,0.592
299500,0.468,0.000,0.532
300000,0.383,0.000,0.617
300500,0.395,0.000,0.605
301000,0.262,0.000,0.738
301500,0.327,0.000,0.673
302000,0.259,0.000,0.741
302500,0.374,0.000,0.626
303000,0.290,0.000,0.710
303500,0.269,0.000,0.731
304000,0.347,0.000,0.653
304500,0.447,0.000,0.553
305000,0.357,0.000,0.643
305500,0.317,0.000,0.683
306000,0.357,0.000,0.643
306500,0.313,0.000,0.687
307000,0.428,0.000,0.572
307500,0.406,0.000,0.594
308000,0.302,0.000,0.698
308500,0.311,0.000,0.689
309000,0.399,0.000,0.601
309500,0.420,0.000,0.580
310000,0.384,0.000,0.616
310500,0.254,0.000,0.746
311000,0.352,0.000,0.648
311500,0.398,0.000,0.602
312000,0.396,0.000,0.604
312500,0.378,0.000,0.622
313000,0.293,0.000,0.707
313500,0.266,0.000,0.734
314000,0.375,0.000,0.625
314500,0.307,0.000,0.693
315000,0.272,0.000,0.728
315500,0.212,0.000,0.788
316000,0.386,0.000,0.614
316500,0.438,0.000,0.562
317000,0.412,0.000,0.588
317500,0.360,0.000,0.640
318000,0.328,0.000,0.672
318500,0.193,0.000,0.807
319000,0.284,0.000,0.716
319500,0.296,0.000,0.704
320000,0.265,0.000,0.735
320500,0.363,0.000,0.637
321000,0.341,0.000,0.659
321500,0.244,0.000,0.756
322000,0.204,0.000,0.796
322500,0.352,0.000,0.648
323000,0.246,0.001,0.753
323500,0.289,0.000,0.711
324000,0.314,0.000,0.686
324500,0.302,0.000,0.698
325000,0.350,0.000,0.650
325500,0.306,0.000,0.694
326000,0.436,0.000,0.564
326500,0.196,0.000,0.804
327000,0.322,0.000,0.678
327500,0.315,0.000,0.685
328000,0.336,0.000,0.664
328500,0.251,0.000,0.749
329000,0.367,0.000,0.633
329500,0.256,0.000,0.744
330000,0.446,0.000,0.554
330500,0.348,0.000,0.652
331000,0.357,0.000,0.643
331500,0.442,0.000,0.558
332000,0.308,0.000,0.692
332500,0.353,0.000,0.647
333000,0.285,0.000,0.715
333500,0.249,0.000,0.751
334000,0.313,0.000,0.687
334500,0.378,0.000,0.622
335000,0.315,0.000,0.685
335500,0.311,0.000,0.689
336000,0.361,0.000,0.639
336500,0.294,0.000,0.706
337000,0.429,0.000,0.571
337500,0.241,0.000,0.759
338000,0.341,0.000,0.659
338500,0.439,0.000,0.561
339000,0.297,0.000,0.703
339500,0.283,0.000,0.717
340000,0.324,0.001,0.675
340500,0.237,0.000,0.763
341000,0.362,0.000,0.638
341500,0.355,0.000,0.645
342000,0.409,0.000,0.591
342500,0.330,0.000,0.670
343000,0.368,0.000,0.632
343500,0.316,0.000,0.684
344000,0.296,0.000,0.704
344500,0.345,0.000,0.655
345000,0.295,0.000,0.705
345500,0.348,0.000,0.652
346000,0.368,0.000,0.632
346500,0.299,0.000,0.701
347000,0.384,0.000,0.616
347500,0.393,0.000,0.607
348000,0.284,0.000,0.716
348500,0.389,0.000,0.611
349000,0.359,0.000,0.641
349500,0.329,0.000,0.671
350000,0.353,0.000,0.647
350500,0.291,0.000,0.709
351000,0.342,0.000,0.658
351500,0.465,0.000,0.535
352000,0.397,0.000,0.603
352500,0.337,0.000,0.663
353000,0.227,0.000,0.773
353500,0.369,0.000,0.631
354000,0.356,0.000,0.644
354500,0.369,0.000,0.631
355000,0.318,0.000,0.682
355500,0.305,0.000,0.695
356000,0.390,0.000,0.610
356500,0.218,0.009,0.773
357000,0.360,0.000,0.640
357500,0.356,0.000,0.644
358000,0.341,0.000,0.659
358500,0.307,0.000,0.693
359000,0.297,0.000,0.703
359500,0.390,0.000,0.610
360000,0.233,0.000,0.767
360500,0.304,0.000,0.696
361000,0.351,0.000,0.649
361500,0.444,0.000,0.556
362000,0.317,0.000,0.683
362500,0.344,0.000,0.656
363000,0.436,0.000,0.564
363500,0.378,0.000,0.622
364000,0.307,0.000,0.693
364500,0.385,0.000,0.615
365000,0.296,0.000,0.704
365500,0.354,0.000,0.646
366000,0.263,0.000,0.737
366500,0.304,0.000,0.696
367000,0.365,0.000,0.635
367500,0.376,0.000,0.624
368000,0.349,0.000,0.651
368500,0.286,0.000,0.714
369000,0.307,0.000,0.693
369500,0.324,0.000,0.676
370000,0.396,0.000,0.604
370500,0.377,0.001,0.622
371000,0.281,0.000,0.719
371500,0.444,0.000,0.556
372000,0.329,0.000,0.671
372500,0.364,0.000,0.636
373000,0.344,0.000,0.656
373500,0.419,0.000,0.581
374000,0.317,0.000,0.683
374500,0.334,0.001,0.665
375000,0.349,0.000,0.651
375500,0.383,0.000,0.617
376000,0.291,0.000,0.709
376500,0.323,0.000,0.677
377000,0.203,0.000,0.797
377500,0.296,0.000,0.704
378000,0.311,0.000,0.689
378500,0.275,0.000,0.725
379000,0.383,0.000,0.617
379500,0.325,0.000,0.675
380000,0.229,0.000,0.771
380500,0.265,0.000,0.735
381000,0.336,0.000,0.664
381500,0.309,0.000,0.691
382000,0.308,0.000,0.692
382500,0.306,0.000,0.694
383000,0.408,0.000,0.592
383500,0.359,0.000,0.641
384000,0.319,0.000,0.681
384500,0.313,0.000,0.687
385000,0.286,0.000,0.714
385500,0.332,0.000,0.668
386000,0.449,0.000,0.551
386500,0.372,0.000,0.628
387000,0.334,0.000,0.666
387500,0.331,0.000,0.669
388000,0.302,0.000,0.698
388500,0.209,0.000,0.791
389000,0.307,0.000,0.693
389500,0.356,0.000,0.644
390000,0.335,0.000,0.665
390500,0.427,0.000,0.573
391000,0.341,0.000,0.659
391500,0.208,0.000,0.792
392000,0.380,0.000,0.620
392500,0.477,0.000,0.523
393000,0.335,0.000,0.665
393500,0.327,0.000,0.673
394000,0.264,0.000,0.736
394500,0.310,0.000,0.690
395000,0.234,0.000,0.766
395500,0.305,0.000,0.695
396000,0.303,0.000,0.697
396500,0.211,0.000,0.789
397000,0.297,0.000,0.703
397500,0.255,0.000,0.745
398000,0.417,0.000,0.583
398500,0.272,0.000,0.728
399000,0.321,0.000,0.679
399500,0.206,0.000,0.794
400000,0.448,0.000,0.552
400500,0.364,0.000,0.636
401000,0.360,0.000,0.640
401500,0.263,0.000,0.737
402000,0.290,0.000,0.710
402500,0.448,0.000,0.552
403000,0.485,0.000,0.515
403500,0.303,0.000,0.697
404000,0.352,0.000,0.648
404500,0.494,0.000,0.506
405000,0.279,0.000,0.721
405500,0.302,0.000,0.698
406000,0.282,0.000,0.718
406500,0.371,0.000,0.629
407000,0.441,0.000,0.559
407500,0.266,0.000,0.734
408000,0.344,0.000,0.656
408500,0.202,0.000,0.798
409000,0.472,0.000,0.528
409500,0.394,0.000,0.606
410000,0.275,0.000,0.725
410500,0.374,0.000,0.626
411000,0.513,0.000,0.487
411500,0.411,0.000,0.589
412000,0.433,0.000,0.567
412500,0.331,0.000,0.669
413000,0.243,0.000,0.757
413500,0.450,0.000,0.550
414000,0.309,0.000,0.691
414500,0.285,0.000,0.715
415000,0.314,0.000,0.686
415500,0.316,0.000,0.684
416000,0.268,0.000,0.732
416500,0.416,0.000,0.584
417000,0.402,0.000,0.598
417500,0.427,0.000,0.573
418000,0.320,0.000,0.680
418500,0.365,0.000,0.635
419000,0.358,0.000,0.642
419500,0.289,0.000,0.711
420000,0.277,0.001,0.722
420500,0.298,0.000,0.702
421000,0.255,0.000,0.745
421500,0.241,0.000,0.759
422000,0.340,0.000,0.660
422500,0.276,0.000,0.724
423000,0.257,0.000,0.743
423500,0.368,0.000,0.632
424000,0.334,0.000,0.666
424500,0.356,0.000,0.644
425000,0.363,0.000,0.637
425500,0.303,0.000,0.697
426000,0.293,0.000,0.707
426500,0.341,0.000,0.659
427000,0.291,0.000,0.709
427500,0.399,0.000,0.601
428000,0.368,0.000,0.632
428500,0.354,0.000,0.646
429000,0.292,0.000,0.708
429500,0.229,0.000,0.771
430000,0.315,0.000,0.685
430500,0.400,0.000,0.600
431000,0.356,0.000,0.644
431500,0.336,0.000,0.664
432000,0.287,0.000,0.713
432500,0.323,0.000,0.677
433000,0.299,0.000,0.701
433500,0.374,0.000,0.626
434000,0.315,0.000,0.685
434500,0.330,0.000,0.670
435000,0.188,0.000,0.812
435500,0.303,0.001,0.696
436000,0.343,0.000,0.657
436500,0.303,0.000,0.697
437000,0.288,0.000,0.712
437500,0.382,0.000,0.618
438000,0.286,0.000,0.714
438500,0.310,0.000,0.690
439000,0.351,0.000,0.649
439500,0.452,0.000,0.548
440000,0.288,0.000,0.712
440500,0.310,0.000,0.690
441000,0.283,0.000,0.717
441500,0.351,0.000,0.649
442000,0.246,0.000,0.754
442500,0.355,0.000,0.645
443000,0.337,0.000,0.663
443500,0.420,0.000,0.580
444000,0.324,0.000,0.676
444500,0.296,0.000,0.704
445000,0.304,0.000,0.696
445500,0.513,0.000,0.487
446000,0.277,0.000,0.723
446500,0.312,0.000,0.688
447000,0.277,0.000,0.723
447500,0.336,0.000,0.664
448000,0.299,0.000,0.701
448500,0.435,0.000,0.565
449000,0.372,0.000,0.628
449500,0.258,0.000,0.742
450000,0.425,0.000,0.575
450500,0.320,0.000,0.680
451000,0.406,0.000,0.594
451500,0.270,0.000,0.730
452000,0.217,0.000,0.783
452500,0.321,0.000,0.679
453000,0.285,0.000,0.715
453500,0.343,0.000,0.657
454000,0.370,0.000,0.630
454500,0.244,0.000,0.756
455000,0.305,0.003,0.692
455500,0.311,0.000,0.689
456000,0.366,0.000,0.634
456500,0.321,0.000,0.679
457000,0.314,0.000,0.686
457500,0.337,0.000,0.663
458000,0.400,0.000,0.600
458500,0.302,0.000,0.698
459000,0.432,0.000,0.568
459500,0.322,0.000,0.678
460000,0.230,0.000,0.770
460500,0.441,0.000,0.559
461000,0.362,0.000,0.638
461500,0.393,0.000,0.607
462000,0.329,0.000,0.671
462500,0.288,0.000,0.712
463000,0.436,0.000,0.564
463500,0.380,0.000,0.620
464000,0.306,0.000,0.694
464500,0.351,0.000,0.649
465000,0.348,0.000,0.652
465500,0.248,0.000,0.752
466000,0.238,0.000,0.762
466500,0.410,0.000,0.590
467000,0.305,0.000,0.695
467500,0.303,0.000,0.697
468000,0.464,0.000,0.536
468500,0.404,0.000,0.596
469000,0.256,0.000,0.744
469500,0.297,0.000,0.703
470000,0.359,0.000,0.641
470500,0.361,0.000,0.639
471000,0.357,0.000,0.643
471500,0.400,0.000,0.600
472000,0.376,0.000,0.624
472500,0.382,0.000,0.618
473000,0.341,0.000,0.659
473500,0.224,0.000,0.776
474000,0.416,0.000,0.584
474500,0.428,0.000,0.572
475000,0.409,0.000,0.591
475500,0.338,0.000,0.662
476000,0.358,0.000,0.642
476500,0.374,0.000,0.626
477000,0.372,0.000,0.628
477500,0.427,0.000,0.573
478000,0.274,0.000,0.726
478500,0.273,0.000,0.727
479000,0.286,0.000,0.714
479500,0.352,0.000,0.648
480000,0.347,0.000,0.653
480500,0.336,0.000,0.664
481000,0.331,0.000,0.669
481500,0.449,0.000,0.551
482000,0.427,0.000,0.573
482500,0.265,0.000,0.735
483000,0.342,0.000,0.658
483500,0.311,0.000,0.689
484000,0.354,0.000,0.646
484500,0.262,0.000,0.738
485000,0.228,0.000,0.772
485500,0.200,0.000,0.800
486000,0.337,0.000,0.663
486500,0.295,0.000,0.705
487000,0.248,0.000,0.752
487500,0.256,0.000,0.744
488000,0.445,0.000,0.555
488500,0.322,0.000,0.678
489000,0.363,0.000,0.637
489500,0.323,0.000,0.677
490000,0.336,0.000,0.664
490500,0.262,0.000,0.738
491000,0.303,0.000,0.697
491500,0.313,0.000,0.687
492000,0.277,0.000,0.723
492500,0.314,0.000,0.686
493000,0.291,0.000,0.709
493500,0.314,0.000,0.686
494000,0.326,0.000,0.674
494500,0.411,0.000,0.589
495000,0.342,0.000,0.658
495500,0.353,0.000,0.647
496000,0.255,0.000,0.745
496500,0.409,0.000,0.591
497000,0.332,0.000,0.668
497500,0.353,0.000,0.647
498000,0.380,0.000,0.620
498500,0.454,0.000,0.546
499000,0.310,0.000,0.690
499500,0.382,0.000,0.618
500000,0.362,0.000,0.638
500500,0.302,0.000,0.698
501000,0.334,0.000,0.666
501500,0.350,0.000,0.650
502000,0.273,0.000,0.727
502500,0.302,0.000,0.698
503000,0.358,0.000,0.642
503500,0.365,0.000,0.635
504000,0.416,0.000,0.584
504500,0.354,0.000,0.646
505000,0.385,0.000,0.615
505500,0.312,0.000,0.688
506000,0.270,0.000,0.730
506500,0.350,0.000,0.650
507000,0.273,0.000,0.727
507500,0.251,0.000,0.749
508000,0.308,0.000,0.692
508500,0.334,0.000,0.666
509000,0.263,0.000,0.737
509500,0.364,0.000,0.636
510000,0.237,0.000,0.763
510500,0.402,0.000,0.598
511000,0.285,0.000,0.715
511500,0.198,0.000,0.802
512000,0.330,0.000,0.670
512500,0.367,0.000,0.633
513000,0.378,0.000,0.622
513500,0.377,0.000,0.623
514000,0.329,0.000,0.671
514500,0.246,0.000,0.754
515000,0.314,0.000,0.686
515500,0.328,0.000,0.672
516000,0.364,0.000,0.636
516500,0.251,0.000,0.749
517000,0.349,0.000,0.651
517500,0.417,0.000,0.583
518000,0.372,0.000,0.628
518500,0.255,0.000,0.745
519000,0.348,0.000,0.652
519500,0.391,0.000,0.609
520000,0.199,0.022,0.779
520500,0.327,0.000,0.673
521000,0.310,0.000,0.690
521500,0.282,0.000,0.718
522000,0.326,0.000,0.674
522500,0.370,0.000,0.630
523000,0.256,0.000,0.744
523500,0.385,0.000,0.615
524000,0.261,0.000,0.739
524500,0.339,0.000,0.661
525000,0.363,0.000,0.637
525500,0.344,0.000,0.656
526000,0.256,0.000,0.744
526500,0.303,0.000,0.697
527000,0.324,0.000,0.676
527500,0.321,0.000,0.679
528000,0.233,0.000,0.767
528500,0.406,0.000,0.594
529000,0.331,0.000,0.669
529500,0.286,0.000,0.714
530000,0.382,0.000,0.618
530500,0.339,0.000,0.661
531000,0.325,0.000,0.675
531500,0.418,0.000,0.582
532000,0.414,0.000,0.586
532500,0.369,0.000,0.631
533000,0.375,0.000,0.625
533500,0.379,0.000,0.621
534000,0.362,0.000,0.638
534500,0.349,0.000,0.651
535000,0.403,0.000,0.597
535500,0.330,0.000,0.670
536000,0.240,0.000,0.760
536500,0.378,0.000,0.622
537000,0.368,0.000,0.632
537500,0.249,0.000,0.751
538000,0.270,0.000,0.730
538500,0.257,0.000,0.743
539000,0.423,0.000,0.577
539500,0.368,0.000,0.632
540000,0.305,0.000,0.695
540500,0.335,0.000,0.665
541000,0.385,0.000,0.615
541500,0.264,0.000,0.736
542000,0.299,0.000,0.701
542500,0.451,0.000,0.549
543000,0.392,0.000,0.608
543500,0.380,0.000,0.620
544000,0.320,0.000,0.680
544500,0.371,0.000,0.629
545000,0.335,0.000,0.665
545500,0.398,0.000,0.602
546000,0.346,0.000,0.654
546500,0.287,0.000,0.713
547000,0.317,0.000,0.683
547500,0.271,0.000,0.729
548000,0.376,0.000,0.624
548500,0.342,0.000,0.658
549000,0.294,0.000,0.706
549500,0.369,0.000,0.631
550000,0.262,0.000,0.738
550500,0.343,0.000,0.657
551000,0.364,0.000,0.636
551500,0.377,0.000,0.623
552000,0.362,0.000,0.638
552500,0.364,0.000,0.636
553000,0.399,0.000,0.601
553500,0.393,0.000,0.607
554000,0.360,0.000,0.640
554500,0.327,0.000,0.673
555000,0.369,0.000,0.631
555500,0.277,0.000,0.723
556000,0.408,0.000,0.592
556500,0.303,0.000,0.697
557000,0.192,0.000,0.808
557500,0.277,0.000,0.723
558000,0.314,0.000,0.686
558500,0.372,0.000,0.628
559000,0.413,0.000,0.587
559500,0.398,0.000,0.602
560000,0.402,0.000,0.598
560500,0.533,0.000,0.467
561000,0.358,0.000,0.642
561500,0.457,0.000,0.543
562000,0.394,0.000,0.606
562500,0.324,0.000,0.676
563000,0.346,0.000,0.654
563500,0.349,0.000,0.651
564000,0.315,0.000,0.685
564500,0.389,0.000,0.611
565000,0.345,0.000,0.655
565500,0.385,0.000,0.615
566000,0.295,0.000,0.705
566500,0.379,0.000,0.621
567000,0.410,0.000,0.590
567500,0.361,0.000,0.639
568000,0.335,0.000,0.665
568500,0.278,0.000,0.722
569000,0.348,0.000,0.652
569500,0.365,0.000,0.635
570000,0.384,0.000,0.616
570500,0.368,0.000,0.632
571000,0.284,0.000,0.716
571500,0.349,0.000,0.651
572000,0.352,0.000,0.648
572500,0.404,0.000,0.596
573000,0.228,0.000,0.772
573500,0.357,0.000,0.643
574000,0.298,0.000,0.702
574500,0.414,0.000,0.586
575000,0.384,0.000,0.616
575500,0.295,0.000,0.705
576000,0.380,0.000,0.620
576500,0.397,0.000,0.603
577000,0.212,0.000,0.788
577500,0.328,0.000,0.672
578000,0.334,0.000,0.666
578500,0.243,0.000,0.757
579000,0.286,0.000,0.714
579500,0.339,0.000,0.661
580000,0.182,0.000,0.818
580500,0.260,0.000,0.740
581000,0.306,0.000,0.694
581500,0.297,0.000,0.703
582000,0.277,0.000,0.723
582500,0.397,0.000,0.603
583000,0.273,0.000,0.727
583500,0.392,0.000,0.608
584000,0.325,0.000,0.675
584500,0.357,0.000,0.643
585000,0.314,0.000,0.686
585500,0.331,0.000,0.669
586000,0.305,0.000,0.695
586500,0.393,0.000,0.607
587000,0.347,0.000,0.653
587500,0.452,0.000,0.548
588000,0.333,0.000,0.667
588500,0.295,0.000,0.705
589000,0.371,0.000,0.629
589500,0.414,0.000,0.586
590000,0.292,0.000,0.708
590500,0.272,0.000,0.728
591000,0.285,0.000,0.715
591500,0.284,0.000,0.716
592000,0.372,0.000,0.628
592500,0.270,0.000,0.730
593000,0.345,0.000,0.655
593500,0.268,0.000,0.732
594000,0.279,0.000,0.721
594500,0.328,0.000,0.672
595000,0.304,0.000,0.696
595500,0.284,0.000,0.716
596000,0.341,0.000,0.659
596500,0.335,0.000,0.665
597000,0.251,0.000,0.749
597500,0.359,0.000,0.641
598000,0.358,0.000,0.642
598500,0.267,0.000,0.733
599000,0.334,0.000,0.666
599500,0.289,0.000,0.711
600000,0.235,0.000,0.765
600500,0.306,0.000,0.694
601000,0.312,0.000,0.688
601500,0.310,0.000,0.690
602000,0.392,0.000,0.608
602500,0.345,0.000,0.655
603000,0.286,0.000,0.714
603500,0.287,0.000,0.713
604000,0.356,0.000,0.644
604500,0.285,0.000,0.715
605000,0.401,0.000,0.599
605500,0.251,0.000,0.749
606000,0.259,0.000,0.741
606500,0.287,0.000,0.713
607000,0.344,0.000,0.656
607500,0.397,0.000,0.603
608000,0.395,0.000,0.605
608500,0.360,0.000,0.640
609000,0.290,0.000,0.710
609500,0.261,0.000,0.739
610000,0.378,0.000,0.622
610500,0.322,0.000,0.678
611000,0.231,0.000,0.769
611500,0.239,0.010,0.751
612000,0.379,0.000,0.621
612500,0.307,0.000,0.693
613000,0.278,0.000,0.722
613500,0.400,0.000,0.600
614000,0.406,0.000,0.594
614500,0.318,0.000,0.682
615000,0.459,0.000,0.541
615500,0.248,0.000,0.752
616000,0.334,0.000,0.666
616500,0.319,0.000,0.681
617000,0.381,0.000,0.619
617500,0.361,0.000,0.639
618000,0.416,0.000,0.584
618500,0.287,0.000,0.713
619000,0.314,0.000,0.686
619500,0.300,0.000,0.700
620000,0.446,0.000,0.554
620500,0.431,0.000,0.569
621000,0.448,0.000,0.552
621500,0.408,0.000,0.592
622000,0.346,0.000,0.654
622500,0.249,0.000,0.751
623000,0.218,0.019,0.763
623500,0.270,0.000,0.730
624000,0.321,0.000,0.679
624500,0.272,0.000,0.728
625000,0.412,0.000,0.588
625500,0.414,0.000,0.586
626000,0.390,0.000,0.610
626500,0.288,0.000,0.712
627000,0.356,0.000,0.644
627500,0.420,0.000,0.580
628000,0.290,0.000,0.710
628500,0.386,0.000,0.614
629000,0.310,0.000,0.690
629500,0.315,0.000,0.685
630000,0.365,0.000,0.635
630500,0.363,0.000,0.637
631000,0.333,0.000,0.667
631500,0.333,0.000,0.667
632000,0.388,0.000,0.612
632500,0.371,0.000,0.629
633000,0.461,0.000,0.539
633500,0.363,0.000,0.637
634000,0.339,0.000,0.661
634500,0.370,0.000,0.630
635000,0.318,0.000,0.682
635500,0.391,0.000,0.609
636000,0.394,0.000,0.606
636500,0.399,0.000,0.601
637000,0.299,0.000,0.701
637500,0.369,0.000,0.631
638000,0.460,0.000,0.540
638500,0.391,0.000,0.609
639000,0.355,0.000,0.645
639500,0.450,0.000,0.550
640000,0.289,0.000,0.711
640500,0.442,0.000,0.558
641000,0.356,0.000,0.644
641500,0.294,0.000,0.706
642000,0.380,0.000,0.620
642500,0.421,0.000,0.579
643000,0.255,0.000,0.745
643500,0.380,0.000,0.620
644000,0.238,0.000,0.762
644500,0.384,0.000,0.616
645000,0.405,0.000,0.595
645500,0.278,0.000,0.722
646000,0.325,0.000,0.675
646500,0.335,0.000,0.665
647000,0.281,0.000,0.719
647500,0.272,0.000,0.728
648000,0.389,0.000,0.611
648500,0.350,0.000,0.650
649000,0.300,0.000,0.700
649500,0.318,0.000,0.682
650000,0.246,0.000,0.754
650500,0.494,0.000,0.506
651000,0.369,0.000,0.631
651500,0.398,0.000,0.602
652000,0.427,0.000,0.573
652500,0.396,0.000,0.604
653000,0.367,0.000,0.633
653500,0.308,0.000,0.692
654000,0.370,0.000,0.630
654500,0.314,0.000,0.686
655000,0.303,0.002,0.695
655500,0.243,0.000,0.757
656000,0.385,0.000,0.615
656500,0.387,0.000,0.613
657000,0.295,0.000,0.705
657500,0.312,0.000,0.688
658000,0.404,0.000,0.596
658500,0.342,0.000,0.658
659000,0.266,0.000,0.734
659500,0.341,0.000,0.659
660000,0.289,0.000,0.711
660500,0.295,0.000,0.705
661000,0.405,0.000,0.595
661500,0.305,0.000,0.695
662000,0.256,0.000,0.744
662500,0.307,0.000,0.693
663000,0.323,0.000,0.677
663500,0.385,0.000,0.615
664000,0.456,0.000,0.544
664500,0.309,0.000,0.691
665000,0.225,0.000,0.775
665500,0.259,0.000,0.741
666000,0.351,0.000,0.649
666500,0.303,0.000,0.697
667000,0.293,0.000,0.707
667500,0.278,0.000,0.722
668000,0.297,0.000,0.703
668500,0.390,0.000,0.610
669000,0.292,0.000,0.708
669500,0.275,0.000,0.725
670000,0.319,0.000,0.681
670500,0.443,0.000,0.557
671000,0.202,0.000,0.798
671500,0.449,0.000,0.551
672000,0.269,0.000,0.731
672500,0.327,0.000,0.673
673000,0.374,0.000,0.626
673500,0.319,0.000,0.681
674000,0.322,0.000,0.678
674500,0.280,0.000,0.720
675000,0.272,0.000,0.728
675500,0.347,0.000,0.653
676000,0.284,0.000,0.716
676500,0.341,0.000,0.659
677000,0.489,0.000,0.511
677500,0.372,0.000,0.628
678000,0.310,0.000,0.690
678500,0.336,0.000,0.664
679000,0.399,0.000,0.601
679500,0.270,0.000,0.730
680000,0.233,0.000,0.767
680500,0.489,0.000,0.511
681000,0.320,0.000,0.680
681500,0.386,0.000,0.614
682000,0.402,0.000,0.598
682500,0.283,0.000,0.717
683000,0.262,0.000,0.738
683500,0.340,0.000,0.660
684000,0.360,0.000,0.640
684500,0.305,0.000,0.695
685000,0.366,0.000,0.634
685500,0.401,0.000,0.599
686000,0.277,0.000,0.723
686500,0.346,0.000,0.654
687000,0.345,0.000,0.655
687500,0.349,0.000,0.651
688000,0.327,0.000,0.673
688500,0.261,0.000,0.739
689000,0.304,0.000,0.696
689500,0.275,0.000,0.725
690000,0.244,0.000,0.756
690500,0.303,0.000,0.697
691000,0.353,0.000,0.647
691500,0.305,0.000,0.695
692000,0.303,0.000,0.697
692500,0.380,0.000,0.620
693000,0.323,0.000,0.677
693500,0.226,0.000,0.774
694000,0.253,0.000,0.747
694500,0.275,0.000,0.725
695000,0.419,0.000,0.581
695500,0.486,0.000,0.514
696000,0.223,0.000,0.777
696500,0.391,0.000,0.609
697000,0.300,0.000,0.700
697500,0.328,0.000,0.672
698000,0.339,0.000,0.661
698500,0.290,0.000,0.710
699000,0.313,0.000,0.687
699500,0.320,0.000,0.680
700000,0.368,0.000,0.632
700500,0.357,0.000,0.643
701000,0.253,0.000,0.747
701500,0.493,0.000,0.507
702000,0.468,0.000,0.532
702500,0.341,0.000,0.659
703000,0.471,0.000,0.529
703500,0.404,0.000,0.596
704000,0.349,0.000,0.651
704500,0.292,0.000,0.708
705000,0.244,0.000,0.756
705500,0.230,0.000,0.770
706000,0.372,0.000,0.628
706500,0.302,0.000,0.698
707000,0.377,0.000,0.623
707500,0.393,0.000,0.607
708000,0.404,0.000,0.596
708500,0.315,0.000,0.685
709000,0.389,0.000,0.611
709500,0.314,0.000,0.686
710000,0.373,0.000,0.627
710500,0.234,0.000,0.766
711000,0.312,0.000,0.688
711500,0.306,0.000,0.694
712000,0.211,0.000,0.789
712500,0.261,0.000,0.739
713000,0.371,0.000,0.629
713500,0.275,0.000,0.725
714000,0.407,0.000,0.593
714500,0.444,0.000,0.556
715000,0.312,0.000,0.688
715500,0.276,0.000,0.724
716000,0.343,0.000,0.657
716500,0.349,0.000,0.651
717000,0.226,0.000,0.774
717500,0.335,0.000,0.665
718000,0.301,0.000,0.699
718500,0.319,0.000,0.681
719000,0.314,0.000,0.686
719500,0.373,0.000,0.627
720000,0.445,0.000,0.555
720500,0.276,0.000,0.724
721000,0.291,0.000,0.709
721500,0.332,0.000,0.668
722000,0.243,0.000,0.757
722500,0.452,0.000,0.548
723000,0.366,0.000,0.634
723500,0.250,0.000,0.750
724000,0.370,0.000,0.630
724500,0.381,0.000,0.619
725000,0.302,0.000,0.698
725500,0.311,0.000,0.689
726000,0.403,0.000,0.597
726500,0.411,0.000,0.589
727000,0.392,0.000,0.608
727500,0.312,0.000,0.688
728000,0.254,0.000,0.746
728500,0.303,0.000,0.697
729000,0.393,0.000,0.607
729500,0.337,0.000,0.663
730000,0.354,0.000,0.646
730500,0.258,0.000,0.742
731000,0.287,0.000,0.713
731500,0.336,0.000,0.664
732000,0.436,0.000,0.564
732500,0.343,0.000,0.657
733000,0.328,0.000,0.672
733500,0.328,0.000,0.672
734000,0.289,0.000,0.711
734500,0.382,0.000,0.618
735000,0.411,0.000,0.589
735500,0.310,0.000,0.690
736000,0.401,0.000,0.599
736500,0.343,0.000,0.657
737000,0.281,0.000,0.719
737500,0.282,0.000,0.718
738000,0.348,0.000,0.652
738500,0.317,0.000,0.683
739000,0.304,0.000,0.696
739500,0.353,0.000,0.647
740000,0.245,0.000,0.755
740500,0.318,0.000,0.682
741000,0.347,0.000,0.653
741500,0.372,0.000,0.628
742000,0.466,0.000,0.534
742500,0.411,0.000,0.589
743000,0.387,0.000,0.613
743500,0.319,0.000,0.681
744000,0.276,0.000,0.724
744500,0.278,0.000,0.722
745000,0.357,0.000,0.643
745500,0.300,0.000,0.700
746000,0.421,0.000,0.579
746500,0.398,0.000,0.602
747000,0.342,0.000,0.658
747500,0.318,0.000,0.682
748000,0.234,0.000,0.766
748500,0.381,0.000,0.619
749000,0.392,0.000,0.608
749500,0.309,0.000,0.691
750000,0.364,0.000,0.636
750500,0.370,0.000,0.630
751000,0.383,0.000,0.617
751500,0.294,0.000,0.706
752000,0.218,0.000,0.782
752500,0.427,0.000,0.573
753000,0.244,0.000,0.756
753500,0.272,0.000,0.728
754000,0.320,0.000,0.680
754500,0.218,0.000,0.782
755000,0.263,0.000,0.737
755500,0.219,0.000,0.781
756000,0.301,0.000,0.699
756500,0.341,0.000,0.659
757000,0.281,0.000,0.719
757500,0.424,0.000,0.576
758000,0.391,0.000,0.609
758500,0.334,0.000,0.666
759000,0.325,0.000,0.675
759500,0.333,0.000,0.667
760000,0.349,0.000,0.651
760500,0.316,0.000,0.684
761000,0.322,0.000,0.678
761500,0.376,0.000,0.624
762000,0.285,0.000,0.715
762500,0.318,0.000,0.682
763000,0.268,0.000,0.732
763500,0.328,0.000,0.672
764000,0.250,0.000,0.750
764500,0.262,0.000,0.738
765000,0.327,0.000,0.673
765500,0.401,0.000,0.599
766000,0.313,0.000,0.687
766500,0.255,0.000,0.745
767000,0.451,0.000,0.549
767500,0.341,0.000,0.659
768000,0.335,0.000,0.665
768500,0.302,0.000,0.698
769000,0.353,0.000,0.647
769500,0.382,0.000,0.618
770000,0.316,0.000,0.684
770500,0.269,0.000,0.731
771000,0.375,0.000,0.625
771500,0.396,0.000,0.604
772000,0.260,0.000,0.740
772500,0.298,0.000,0.702
773000,0.313,0.004,0.683
773500,0.311,0.000,0.689
774000,0.317,0.000,0.683
774500,0.331,0.000,0.669
775000,0.356,0.000,0.644
775500,0.283,0.000,0.717
776000,0.367,0.000,0.633
776500,0.301,0.000,0.699
777000,0.322,0.000,0.678
777500,0.300,0.000,0.700
778000,0.300,0.000,0.700
778500,0.421,0.000,0.579
779000,0.321,0.000,0.679
779500,0.260,0.000,0.740
780000,0.316,0.000,0.684
780500,0.269,0.000,0.731
781000,0.276,0.000,0.724
781500,0.318,0.000,0.682
782000,0.294,0.000,0.706
782500,0.348,0.000,0.652
783000,0.254,0.000,0.746
783500,0.300,0.000,0.700
784000,0.290,0.000,0.710
784500,0.296,0.000,0.704
785000,0.351,0.000,0.649
785500,0.272,0.000,0.728
786000,0.357,0.000,0.643
786500,0.391,0.000,0.609
787000,0.420,0.000,0.580
787500,0.386,0.000,0.614
788000,0.349,0.000,0.651
788500,0.433,0.000,0.567
789000,0.470,0.000,0.530
789500,0.262,0.000,0.738
790000,0.366,0.000,0.634
790500,0.406,0.000,0.594
791000,0.325,0.000,0.675
791500,0.337,0.000,0.663
792000,0.349,0.000,0.651
792500,0.343,0.000,0.657
793000,0.332,0.000,0.668
793500,0.326,0.000,0.674
794000,0.319,0.000,0.681
794500,0.210,0.000,0.790
795000,0.279,0.000,0.721
795500,0.361,0.000,0.639
796000,0.276,0.000,0.724
796500,0.262,0.000,0.738
797000,0.321,0.000,0.679
797500,0.338,0.000,0.662
798000,0.317,0.000,0.683
798500,0.314,0.000,0.686
799000,0.379,0.000,0.621
799500,0.203,0.000,0.797
800000,0.338,0.000,0.662
800500,0.329,0.000,0.671
801000,0.276,0.000,0.724
801500,0.348,0.000,0.652
802000,0.357,0.000,0.643
802500,0.344,0.000,0.656
803000,0.358,0.000,0.642
803500,0.363,0.000,0.637
804000,0.224,0.000,0.776
804500,0.363,0.000,0.637
805000,0.402,0.000,0.598
805500,0.334,0.000,0.666
806000,0.247,0.000,0.753
806500,0.339,0.000,0.661
807000,0.367,0.000,0.633
807500,0.272,0.000,0.728
808000,0.441,0.000,0.559
808500,0.259,0.000,0.741
809000,0.298,0.000,0.702
809500,0.200,0.000,0.800
810000,0.255,0.000,0.745
810500,0.239,0.000,0.761
811000,0.314,0.000,0.686
811500,0.292,0.000,0.708
812000,0.331,0.000,0.669
812500,0.316,0.000,0.684
813000,0.365,0.000,0.635
813500,0.285,0.000,0.715
814000,0.374,0.000,0.626
814500,0.399,0.000,0.601
815000,0.276,0.000,0.724
815500,0.302,0.000,0.698
816000,0.270,0.000,0.730
816500,0.311,0.000,0.689
817000,0.425,0.000,0.575
817500,0.284,0.000,0.716
818000,0.347,0.000,0.653
818500,0.376,0.000,0.624
819000,0.415,0.000,0.585
819500,0.379,0.000,0.621
820000,0.420,0.000,0.580
820500,0.406,0.000,0.594
821000,0.375,0.000,0.625
821500,0.345,0.000,0.655
822000,0.335,0.000,0.665
822500,0.355,0.000,0.645
823000,0.330,0.000,0.670
823500,0.321,0.000,0.679
824000,0.332,0.000,0.668
824500,0.395,0.000,0.605
825000,0.344,0.000,0.656
825500,0.337,0.000,0.663
826000,0.371,0.000,0.629
826500,0.304,0.000,0.696
827000,0.220,0.000,0.780
827500,0.426,0.000,0.574
828000,0.342,0.000,0.658
828500,0.309,0.000,0.691
829000,0.358,0.000,0.642
829500,0.368,0.000,0.632
830000,0.362,0.000,0.638
830500,0.338,0.000,0.662
831000,0.411,0.000,0.589
831500,0.344,0.000,0.656
832000,0.261,0.000,0.739
832500,0.356,0.000,0.644
833000,0.303,0.000,0.697
833500,0.277,0.000,0.723
834000,0.296,0.000,0.704
834500,0.353,0.000,0.647
835000,0.239,0.000,0.761
835500,0.339,0.000,0.661
836000,0.344,0.000,0.656
836500,0.246,0.000,0.754
837000,0.341,0.000,0.659
837500,0.217,0.000,0.783
838000,0.395,0.000,0.605
838500,0.534,0.000,0.466
839000,0.330,0.000,0.670
839500,0.326,0.000,0.674
840000,0.242,0.000,0.758
840500,0.437,0.000,0.563
841000,0.331,0.006,0.663
841500,0.439,0.000,0.561
842000,0.451,0.000,0.549
842500,0.379,0.000,0.621
843000,0.425,0.000,0.575
843500,0.336,0.000,0.664
844000,0.242,0.000,0.758
844500,0.345,0.000,0.655
845000,0.396,0.000,0.604
845500,0.374,0.000,0.626
846000,0.332,0.000,0.668
846500,0.379,0.000,0.621
847000,0.468,0.000,0.532
847500,0.291,0.000,0.709
848000,0.345,0.000,0.655
848500,0.345,0.000,0.655
849000,0.378,0.000,0.622
849500,0.263,0.000,0.737
850000,0.432,0.000,0.568
850500,0.193,0.000,0.807
851000,0.281,0.000,0.719
851500,0.354,0.000,0.646
852000,0.310,0.000,0.690
852500,0.365,0.000,0.635
853000,0.262,0.000,0.738
853500,0.284,0.000,0.716
854000,0.331,0.000,0.669
854500,0.361,0.000,0.639
855000,0.291,0.000,0.709
855500,0.374,0.000,0.626
856000,0.257,0.000,0.743
856500,0.317,0.000,0.683
857000,0.337,0.000,0.663
857500,0.184,0.000,0.816
858000,0.362,0.000,0.638
858500,0.348,0.000,0.652
859000,0.293,0.000,0.707
859500,0.383,0.000,0.617
860000,0.300,0.000,0.700
860500,0.340,0.000,0.660
861000,0.516,0.000,0.484
861500,0.353,0.000,0.647
862000,0.325,0.000,0.675
862500,0.203,0.000,0.797
863000,0.311,0.000,0.689
863500,0.433,0.000,0.567
864000,0.363,0.000,0.637
864500,0.301,0.000,0.699
865000,0.299,0.000,0.701
865500,0.306,0.000,0.694
866000,0.310,0.000,0.690
866500,0.337,0.000,0.663
867000,0.377,0.000,0.623
867500,0.335,0.000,0.665
868000,0.351,0.000,0.649
868500,0.271,0.000,0.729
869000,0.268,0.000,0.732
869500,0.383,0.000,0.617
870000,0.320,0.000,0.680
870500,0.270,0.000,0.730
871000,0.280,0.000,0.720
871500,0.255,0.000,0.745
872000,0.334,0.000,0.666
872500,0.423,0.000,0.577
873000,0.244,0.000,0.756
873500,0.254,0.000,0.746
874000,0.276,0.000,0.724
874500,0.445,0.000,0.555
875000,0.265,0.000,0.735
875500,0.361,0.000,0.639
876000,0.500,0.000,0.500
876500,0.270,0.000,0.730
877000,0.306,0.000,0.694
877500,0.363,0.000,0.637
878000,0.331,0.000,0.669
878500,0.406,0.000,0.594
879000,0.328,0.000,0.672
879500,0.371,0.000,0.629
880000,0.243,0.000,0.757
880500,0.328,0.000,0.672
881000,0.292,0.000,0.708
881500,0.346,0.000,0.654
882000,0.273,0.000,0.727
882500,0.272,0.000,0.728
883000,0.346,0.000,0.654
883500,0.380,0.000,0.620
884000,0.390,0.000,0.610
884500,0.322,0.000,0.678
885000,0.356,0.000,0.644
885500,0.345,0.000,0.655
886000,0.413,0.000,0.587
886500,0.327,0.000,0.673
887000,0.389,0.000,0.611
887500,0.252,0.000,0.748
888000,0.359,0.000,0.641
888500,0.269,0.000,0.731
889000,0.395,0.000,0.605
889500,0.374,0.000,0.626
890000,0.321,0.000,0.679
890500,0.520,0.000,0.480
891000,0.348,0.000,0.652
891500,0.254,0.000,0.746
892000,0.320,0.000,0.680
892500,0.238,0.000,0.762
893000,0.329,0.000,0.671
893500,0.298,0.000,0.702
894000,0.360,0.000,0.640
894500,0.307,0.000,0.693
895000,0.228,0.000,0.772
895500,0.281,0.000,0.719
896000,0.287,0.000,0.713
896500,0.204,0.000,0.796
897000,0.362,0.000,0.638
897500,0.388,0.000,0.612
898000,0.420,0.000,0.580
898500,0.306,0.000,0.694
899000,0.433,0.000,0.567
899500,0.357,0.000,0.643
900000,0.297,0.000,0.703
900500,0.354,0.000,0.646
901000,0.255,0.000,0.745
901500,0.324,0.000,0.676
902000,0.338,0.000,0.662
902500,0.248,0.000,0.752
903000,0.321,0.000,0.679
903500,0.393,0.000,0.607
904000,0.308,0.000,0.692
904500,0.272,0.000,0.728
905000,0.462,0.000,0.538
905500,0.275,0.000,0.725
906000,0.275,0.000,0.725
906500,0.349,0.000,0.651
907000,0.347,0.000,0.653
907500,0.282,0.000,0.718
908000,0.270,0.000,0.730
908500,0.371,0.000,0.629
909000,0.354,0.000,0.646
909500,0.352,0.000,0.648
910000,0.311,0.000,0.689
910500,0.433,0.000,0.567
911000,0.334,0.000,0.666
911500,0.373,0.000,0.627
912000,0.410,0.000,0.590
912500,0.510,0.000,0.490
913000,0.437,0.000,0.563
913500,0.278,0.000,0.722
914000,0.241,0.000,0.759
914500,0.478,0.000,0.522
915000,0.390,0.000,0.610
915500,0.376,0.000,0.624
916000,0.441,0.000,0.559
916500,0.333,0.000,0.667
917000,0.270,0.000,0.730
917500,0.412,0.000,0.588
918000,0.299,0.000,0.701
918500,0.479,0.000,0.521
919000,0.353,0.000,0.647
919500,0.323,0.000,0.677
920000,0.276,0.000,0.724
920500,0.350,0.000,0.650
921000,0.440,0.000,0.560
921500,0.259,0.000,0.741
922000,0.173,0.000,0.827
922500,0.264,0.008,0.728
923000,0.335,0.000,0.665
923500,0.359,0.000,0.641
924000,0.473,0.000,0.527
924500,0.373,0.000,0.627
925000,0.273,0.000,0.727
925500,0.289,0.000,0.711
926000,0.260,0.000,0.740
926500,0.345,0.000,0.655
927000,0.330,0.000,0.670
927500,0.311,0.000,0.689
928000,0.373,0.000,0.627
928500,0.352,0.000,0.648
929000,0.277,0.000,0.723
929500,0.373,0.000,0.627
930000,0.302,0.000,0.698
930500,0.345,0.000,0.655
931000,0.356,0.000,0.644
931500,0.226,0.000,0.774
932000,0.363,0.000,0.637
932500,0.324,0.000,0.676
933000,0.461,0.000,0.539
933500,0.336,0.000,0.664
934000,0.298,0.000,0.702
934500,0.294,0.000,0.706
935000,0.295,0.000,0.705
935500,0.276,0.000,0.724
936000,0.239,0.000,0.761
936500,0.298,0.000,0.702
937000,0.310,0.000,0.690
937500,0.382,0.000,0.618
938000,0.265,0.000,0.735
938500,0.335,0.000,0.665
939000,0.458,0.000,0.542
939500,0.338,0.000,0.662
940000,0.309,0.000,0.691
940500,0.381,0.000,0.619
941000,0.251,0.000,0.749
941500,0.412,0.000,0.588
942000,0.234,0.000,0.766
942500,0.365,0.000,0.635
943000,0.522,0.000,0.478
943500,0.183,0.000,0.817
944000,0.386,0.000,0.614
944500,0.282,0.000,0.718
945000,0.332,0.000,0.668
945500,0.398,0.000,0.602
946000,0.339,0.000,0.661
946500,0.361,0.000,0.639
947000,0.403,0.000,0.597
947500,0.334,0.000,0.666
948000,0.513,0.000,0.487
948500,0.371,0.000,0.629
949000,0.303,0.000,0.697
949500,0.297,0.000,0.703
950000,0.360,0.000,0.640
950500,0.466,0.000,0.534
951000,0.423,0.000,0.577
951500,0.304,0.000,0.696
952000,0.307,0.000,0.693
952500,0.314,0.000,0.686
953000,0.367,0.000,0.633
953500,0.380,0.000,0.620
954000,0.358,0.000,0.642
954500,0.317,0.000,0.683
955000,0.390,0.000,0.610
955500,0.277,0.000,0.723
956000,0.235,0.000,0.765
956500,0.240,0.000,0.760
957000,0.283,0.000,0.717
957500,0.377,0.000,0.623
958000,0.300,0.000,0.700
958500,0.295,0.000,0.705
959000,0.271,0.000,0.729
959500,0.280,0.000,0.720
960000,0.257,0.000,0.743
960500,0.387,0.000,0.613
961000,0.299,0.000,0.701
961500,0.274,0.000,0.726
962000,0.407,0.000,0.593
962500,0.364,0.000,0.636
963000,0.359,0.000,0.641
963500,0.458,0.000,0.542
964000,0.352,0.000,0.648
964500,0.421,0.000,0.579
965000,0.370,0.000,0.630
965500,0.391,0.000,0.609
966000,0.292,0.000,0.708
966500,0.225,0.000,0.775
967000,0.263,0.000,0.737
967500,0.306,0.000,0.694
968000,0.267,0.000,0.733
968500,0.253,0.000,0.747
969000,0.366,0.000,0.634
969500,0.336,0.000,0.664
970000,0.441,0.000,0.559
970500,0.380,0.000,0.620
971000,0.277,0.000,0.723
971500,0.205,0.001,0.794
972000,0.361,0.000,0.639
972500,0.357,0.000,0.643
973000,0.453,0.000,0.547
973500,0.255,0.000,0.745
974000,0.377,0.000,0.623
974500,0.472,0.000,0.528
975000,0.309,0.000,0.691
975500,0.382,0.000,0.618
976000,0.470,0.000,0.530
976500,0.306,0.000,0.694
977000,0.356,0.000,0.644
977500,0.218,0.008,0.774
978000,0.395,0.000,0.605
978500,0.459,0.000,0.541
979000,0.227,0.000,0.773
979500,0.374,0.000,0.626
980000,0.280,0.000,0.720
980500,0.396,0.000,0.604
981000,0.355,0.000,0.645
981500,0.242,0.000,0.758
982000,0.296,0.000,0.704
982500,0.378,0.000,0.622
983000,0.321,0.000,0.679
983500,0.269,0.000,0.731
984000,0.337,0.000,0.663
984500,0.292,0.000,0.708
985000,0.373,0.000,0.627
985500,0.347,0.000,0.653
986000,0.330,0.000,0.670
986500,0.188,0.003,0.809
987000,0.398,0.000,0.602
987500,0.308,0.000,0.692
988000,0.265,0.000,0.735
988500,0.359,0.000,0.641
989000,0.330,0.000,0.670
989500,0.279,0.000,0.721
990000,0.342,0.000,0.658
990500,0.257,0.000,0.743
991000,0.357,0.000,0.643
991500,0.220,0.000,0.780
992000,0.370,0.000,0.630
992500,0.309,0.000,0.691
993000,0.297,0.000,0.703
993500,0.359,0.000,0.641
994000,0.422,0.000,0.578
994500,0.284,0.000,0.716
995000,0.384,0.000,0.616
995500,0.328,0.000,0.672
996000,0.312,0.000,0.688
996500,0.307,0.000,0.693
997000,0.364,0.000,0.636
997500,0.387,0.000,0.613
998000,0.364,0.000,0.636
998500,0.272,0.001,0.727
999000,0.263,0.005,0.732
999500,0.472,0.000,0.528
1000000,0.330,0.000,0.670
