time,n_A+p,n_B,n_AB
500,0.030,0.941,0.029
1000,0.030,0.923,0.047
1500,0.030,0.922,0.048
2000,0.030,0.903,0.067
2500,0.030,0.873,0.097
3000,0.030,0.866,0.104
3500,0.030,0.880,0.090
4000,0.030,0.895,0.075
4500,0.030,0.886,0.084
5000,0.030,0.898,0.072
5500,0.030,0.896,0.074
6000,0.030,0.894,0.076
6500,0.030,0.867,0.103
7000,0.030,0.891,0.079
7500,0.030,0.887,0.083
8000,0.030,0.885,0.085
8500,0.030,0.845,0.125
9000,0.030,0.879,0.091
9500,0.030,0.884,0.086
10000,0.030,0.908,0.062
10500,0.030,0.906,0.064
11000,0.030,0.900,0.070
11500,0.030,0.892,0.078
12000,0.030,0.894,0.076
12500,0.030,0.904,0.066
13000,0.030,0.903,0.067
13500,0.030,0.914,0.056
14000,0.030,0.909,0.061
14500,0.030,0.917,0.053
15000,0.030,0.917,0.052
15500,0.030,0.925,0.045
16000,0.030,0.887,0.083
16500,0.030,0.887,0.083
17000,0.030,0.908,0.061
17500,0.030,0.914,0.056
18000,0.030,0.916,0.054
18500,0.030,0.901,0.069
19000,0.030,0.917,0.052
19500,0.030,0.923,0.046
20000,0.030,0.887,0.083
20500,0.030,0.911,0.059
21000,0.030,0.905,0.065
21500,0.030,0.908,0.062
22000,0.030,0.906,0.064
22500,0.030,0.877,0.093
23000,0.030,0.879,0.091
23500,0.030,0.887,0.083
24000,0.030,0.894,0.076
24500,0.030,0.901,0.069
25000,0.030,0.847,0.123
25500,0.030,0.856,0.114
26000,0.030,0.856,0.114
26500,0.030,0.896,0.074
27000,0.030,0.885,0.085
27500,0.030,0.886,0.084
28000,0.030,0.885,0.085
28500,0.030,0.907,0.062
29000,0.030,0.879,0.091
29500,0.030,0.887,0.083
30000,0.030,0.884,0.086
30500,0.030,0.882,0.088
31000,0.030,0.874,0.096
31500,0.030,0.873,0.097
32000,0.030,0.868,0.102
32500,0.030,0.876,0.094
33000,0.030,0.904,0.066
33500,0.030,0.912,0.058
34000,0.030,0.898,0.072
34500,0.030,0.901,0.069
35000,0.030,0.899,0.071
35500,0.030,0.916,0.054
36000,0.030,0.907,0.063
36500,0.030,0.900,0.070
37000,0.030,0.906,0.064
37500,0.030,0.918,0.052
38000,0.030,0.895,0.075
38500,0.030,0.897,0.073
39000,0.030,0.877,0.093
39500,0.030,0.897,0.073
40000,0.030,0.911,0.059
40500,0.030,0.902,0.068
41000,0.030,0.898,0.072
41500,0.030,0.916,0.053
42000,0.030,0.911,0.059
42500,0.030,0.900,0.070
43000,0.030,0.902,0.068
43500,0.030,0.883,0.087
44000,0.030,0.896,0.074
44500,0.030,0.890,0.080
45000,0.030,0.868,0.102
45500,0.030,0.874,0.096
46000,0.030,0.883,0.087
46500,0.030,0.864,0.106
47000,0.030,0.884,0.086
47500,0.030,0.874,0.096
48000,0.030,0.893,0.077
48500,0.030,0.864,0.106
49000,0.030,0.887,0.083
49500,0.030,0.873,0.097
50000,0.030,0.880,0.090
50500,0.030,0.882,0.088
51000,0.030,0.862,0.108
51500,0.030,0.882,0.088
52000,0.030,0.892,0.078
52500,0.030,0.901,0.069
53000,0.030,0.918,0.051
53500,0.030,0.901,0.069
54000,0.030,0.920,0.050
54500,0.030,0.916,0.053
55000,0.030,0.900,0.070
55500,0.030,0.901,0.069
56000,0.030,0.916,0.053
56500,0.030,0.919,0.050
57000,0.030,0.903,0.067
57500,0.030,0.911,0.059
58000,0.030,0.900,0.070
58500,0.030,0.923,0.046
59000,0.030,0.909,0.060
59500,0.030,0.901,0.069
60000,0.030,0.877,0.093
60500,0.030,0.883,0.087
61000,0.030,0.878,0.092
61500,0.030,0.875,0.095
62000,0.030,0.895,0.075
62500,0.030,0.886,0.084
63000,0.030,0.881,0.089
63500,0.030,0.882,0.088
64000,0.030,0.907,0.062
64500,0.030,0.891,0.079
65000,0.030,0.883,0.087
65500,0.030,0.903,0.067
66000,0.030,0.905,0.065
66500,0.030,0.891,0.079
67000,0.030,0.889,0.081
67500,0.030,0.919,0.050
68000,0.030,0.912,0.057
68500,0.030,0.915,0.055
69000,0.030,0.923,0.047
69500,0.030,0.933,0.036
70000,0.030,0.903,0.067
70500,0.030,0.877,0.093
71000,0.030,0.900,0.070
71500,0.030,0.909,0.060
72000,0.030,0.899,0.071
72500,0.030,0.887,0.083
73000,0.030,0.870,0.100
73500,0.030,0.873,0.097
74000,0.030,0.868,0.102
74500,0.030,0.877,0.093
75000,0.030,0.899,0.071
75500,0.030,0.928,0.041
76000,0.030,0.909,0.060
76500,0.030,0.882,0.088
77000,0.030,0.857,0.113
77500,0.030,0.925,0.044
78000,0.030,0.908,0.061
78500,0.030,0.900,0.070
79000,0.030,0.880,0.090
79500,0.030,0.890,0.080
80000,0.030,0.894,0.076
80500,0.030,0.919,0.051
81000,0.030,0.929,0.040
81500,0.030,0.905,0.065
82000,0.030,0.895,0.075
82500,0.030,0.885,0.085
83000,0.030,0.872,0.098
83500,0.030,0.907,0.063
84000,0.030,0.919,0.050
84500,0.030,0.919,0.051
85000,0.030,0.905,0.065
85500,0.030,0.908,0.062
86000,0.030,0.883,0.087
86500,0.030,0.872,0.098
87000,0.030,0.885,0.085
87500,0.030,0.876,0.094
88000,0.030,0.882,0.088
88500,0.030,0.881,0.089
89000,0.030,0.899,0.071
89500,0.030,0.920,0.049
90000,0.030,0.901,0.069
90500,0.030,0.911,0.058
91000,0.030,0.937,0.033
91500,0.030,0.901,0.069
92000,0.030,0.864,0.106
92500,0.030,0.892,0.078
93000,0.030,0.905,0.065
93500,0.030,0.924,0.046
94000,0.030,0.899,0.071
94500,0.030,0.898,0.072
95000,0.030,0.888,0.082
95500,0.030,0.896,0.074
96000,0.030,0.906,0.064
96500,0.030,0.904,0.066
97000,0.030,0.921,0.049
97500,0.030,0.905,0.065
98000,0.030,0.892,0.078
98500,0.030,0.919,0.050
99000,0.030,0.921,0.048
99500,0.030,0.917,0.053
100000,0.030,0.886,0.084
100500,0.030,0.912,0.058
101000,0.030,0.872,0.098
101500,0.030,0.878,0.092
102000,0.030,0.883,0.087
102500,0.030,0.902,0.068
103000,0.030,0.905,0.065
103500,0.030,0.884,0.086
104000,0.030,0.905,0.065
104500,0.030,0.894,0.076
105000,0.030,0.881,0.089
105500,0.030,0.864,0.106
106000,0.030,0.904,0.066
106500,0.030,0.916,0.053
107000,0.030,0.915,0.054
107500,0.030,0.931,0.039
108000,0.030,0.925,0.045
108500,0.030,0.864,0.106
109000,0.030,0.861,0.109
109500,0.030,0.875,0.095
110000,0.030,0.883,0.087
110500,0.030,0.886,0.084
111000,0.030,0.890,0.080
111500,0.030,0.902,0.068
112000,0.030,0.917,0.052
112500,0.030,0.912,0.058
113000,0.030,0.907,0.063
113500,0.030,0.907,0.062
114000,0.030,0.920,0.049
114500,0.030,0.877,0.093
115000,0.030,0.888,0.082
115500,0.030,0.900,0.070
116000,0.030,0.921,0.049
116500,0.030,0.898,0.072
117000,0.030,0.897,0.073
117500,0.030,0.881,0.089
118000,0.030,0.862,0.108
118500,0.030,0.889,0.081
119000,0.030,0.893,0.077
119500,0.030,0.895,0.075
120000,0.030,0.873,0.097
120500,0.030,0.883,0.087
121000,0.030,0.895,0.075
121500,0.030,0.897,0.073
122000,0.030,0.902,0.068
122500,0.030,0.873,0.097
123000,0.030,0.903,0.067
123500,0.030,0.911,0.059
124000,0.030,0.908,0.062
124500,0.030,0.919,0.051
125000,0.030,0.895,0.075
125500,0.030,0.865,0.105
126000,0.030,0.898,0.072
126500,0.030,0.897,0.073
127000,0.030,0.871,0.099
127500,0.030,0.896,0.074
128000,0.030,0.897,0.073
128500,0.030,0.913,0.056
129000,0.030,0.917,0.052
129500,0.030,0.915,0.054
130000,0.030,0.929,0.040
130500,0.030,0.920,0.050
131000,0.030,0.909,0.060
131500,0.030,0.905,0.065
132000,0.030,0.863,0.107
132500,0.030,0.856,0.114
133000,0.030,0.869,0.101
133500,0.030,0.863,0.107
134000,0.030,0.873,0.097
134500,0.030,0.898,0.072
135000,0.030,0.915,0.055
135500,0.030,0.929,0.040
136000,0.030,0.899,0.071
136500,0.030,0.897,0.073
137000,0.030,0.886,0.084
137500,0.030,0.908,0.062
138000,0.030,0.906,0.064
138500,0.030,0.898,0.072
139000,0.030,0.907,0.063
139500,0.030,0.905,0.065
140000,0.030,0.891,0.079
140500,0.030,0.893,0.077
141000,0.030,0.899,0.071
141500,0.030,0.892,0.078
142000,0.030,0.910,0.060
142500,0.030,0.891,0.079
143000,0.030,0.855,0.115
143500,0.030,0.863,0.107
144000,0.030,0.881,0.089
144500,0.030,0.886,0.084
145000,0.030,0.902,0.068
145500,0.030,0.932,0.037
146000,0.030,0.931,0.039
146500,0.030,0.885,0.085
147000,0.030,0.843,0.127
147500,0.030,0.892,0.078
148000,0.030,0.891,0.079
148500,0.030,0.903,0.067
149000,0.030,0.878,0.092
149500,0.030,0.884,0.086
150000,0.030,0.890,0.080
150500,0.030,0.916,0.053
151000,0.030,0.917,0.052
151500,0.030,0.914,0.056
152000,0.030,0.904,0.066
152500,0.030,0.878,0.092
153000,0.030,0.875,0.095
153500,0.030,0.890,0.080
154000,0.030,0.894,0.076
154500,0.030,0.894,0.076
155000,0.030,0.893,0.077
155500,0.030,0.876,0.094
156000,0.030,0.858,0.112
156500,0.030,0.885,0.085
157000,0.030,0.916,0.053
157500,0.030,0.915,0.055
158000,0.030,0.909,0.060
158500,0.030,0.910,0.060
159000,0.030,0.908,0.061
159500,0.030,0.878,0.092
160000,0.030,0.886,0.084
160500,0.030,0.882,0.088
161000,0.030,0.910,0.060
161500,0.030,0.901,0.069
162000,0.030,0.868,0.102
162500,0.030,0.879,0.091
163000,0.030,0.895,0.075
163500,0.030,0.890,0.080
164000,0.030,0.917,0.053
164500,0.030,0.896,0.074
165000,0.030,0.882,0.088
165500,0.030,0.900,0.070
166000,0.030,0.886,0.084
166500,0.030,0.897,0.073
167000,0.030,0.916,0.053
167500,0.030,0.902,0.068
168000,0.030,0.898,0.072
168500,0.030,0.907,0.062
169000,0.030,0.900,0.070
169500,0.030,0.892,0.078
170000,0.030,0.866,0.104
170500,0.030,0.880,0.090
171000,0.030,0.898,0.072
171500,0.030,0.904,0.066
172000,0.030,0.933,0.036
172500,0.030,0.942,0.028
173000,0.030,0.927,0.042
173500,0.030,0.925,0.044
174000,0.030,0.935,0.034
174500,0.030,0.926,0.044
175000,0.030,0.904,0.066
175500,0.030,0.872,0.098
176000,0.030,0.905,0.065
176500,0.030,0.842,0.128
177000,0.030,0.900,0.070
177500,0.030,0.915,0.055
178000,0.030,0.916,0.054
178500,0.030,0.902,0.068
179000,0.030,0.920,0.049
179500,0.030,0.915,0.055
180000,0.030,0.892,0.078
180500,0.030,0.895,0.075
181000,0.030,0.922,0.047
181500,0.030,0.919,0.050
182000,0.030,0.889,0.081
182500,0.030,0.909,0.061
183000,0.030,0.909,0.060
183500,0.030,0.914,0.055
184000,0.030,0.905,0.065
184500,0.030,0.905,0.065
185000,0.030,0.879,0.091
185500,0.030,0.861,0.109
186000,0.030,0.871,0.099
186500,0.030,0.902,0.068
187000,0.030,0.913,0.056
187500,0.030,0.894,0.076
188000,0.030,0.893,0.077
188500,0.030,0.891,0.079
189000,0.030,0.871,0.099
189500,0.030,0.888,0.082
190000,0.030,0.892,0.078
190500,0.030,0.896,0.074
191000,0.030,0.885,0.085
191500,0.030,0.885,0.085
192000,0.030,0.891,0.079
192500,0.030,0.920,0.049
193000,0.030,0.901,0.069
193500,0.030,0.896,0.074
194000,0.030,0.890,0.080
194500,0.030,0.913,0.057
195000,0.030,0.908,0.061
195500,0.030,0.876,0.094
196000,0.030,0.915,0.055
196500,0.030,0.914,0.056
197000,0.030,0.898,0.072
197500,0.030,0.899,0.071
198000,0.030,0.895,0.075
198500,0.030,0.919,0.051
199000,0.030,0.929,0.040
199500,0.030,0.909,0.061
200000,0.030,0.909,0.060
200500,0.030,0.891,0.079
201000,0.030,0.904,0.066
201500,0.030,0.908,0.061
202000,0.030,0.888,0.082
202500,0.030,0.893,0.077
203000,0.030,0.921,0.049
203500,0.030,0.935,0.035
204000,0.030,0.934,0.036
204500,0.030,0.904,0.066
205000,0.030,0.895,0.075
205500,0.030,0.889,0.081
206000,0.030,0.865,0.105
206500,0.030,0.898,0.072
207000,0.030,0.898,0.072
207500,0.030,0.893,0.077
208000,0.030,0.897,0.073
208500,0.030,0.903,0.067
209000,0.030,0.894,0.076
209500,0.030,0.874,0.096
210000,0.030,0.867,0.103
210500,0.030,0.877,0.093
211000,0.030,0.924,0.045
211500,0.030,0.880,0.090
212000,0.030,0.882,0.088
212500,0.030,0.878,0.092
213000,0.030,0.879,0.091
213500,0.030,0.888,0.082
214000,0.030,0.914,0.056
214500,0.030,0.911,0.058
215000,0.030,0.920,0.050
215500,0.030,0.923,0.047
216000,0.030,0.878,0.092
216500,0.030,0.885,0.085
217000,0.030,0.872,0.098
217500,0.030,0.885,0.085
218000,0.030,0.900,0.070
218500,0.030,0.900,0.070
219000,0.030,0.902,0.068
219500,0.030,0.873,0.097
220000,0.030,0.875,0.095
220500,0.030,0.884,0.086
221000,0.030,0.888,0.082
221500,0.030,0.907,0.063
222000,0.030,0.927,0.043
222500,0.030,0.911,0.059
223000,0.030,0.895,0.075
223500,0.030,0.905,0.065
224000,0.030,0.921,0.049
224500,0.030,0.896,0.074
225000,0.030,0.882,0.088
225500,0.030,0.875,0.095
226000,0.030,0.895,0.075
226500,0.030,0.890,0.080
227000,0.030,0.919,0.050
227500,0.030,0.900,0.070
228000,0.030,0.894,0.076
228500,0.030,0.895,0.075
229000,0.030,0.904,0.066
229500,0.030,0.880,0.090
230000,0.030,0.881,0.089
230500,0.030,0.892,0.078
231000,0.030,0.870,0.100
231500,0.030,0.896,0.074
232000,0.030,0.902,0.068
232500,0.030,0.894,0.076
233000,0.030,0.889,0.081
233500,0.030,0.920,0.049
234000,0.030,0.887,0.083
234500,0.030,0.889,0.081
235000,0.030,0.882,0.088
235500,0.030,0.909,0.060
236000,0.030,0.913,0.057
236500,0.030,0.895,0.075
237000,0.030,0.886,0.084
237500,0.030,0.910,0.059
238000,0.030,0.903,0.067
238500,0.030,0.883,0.087
239000,0.030,0.881,0.089
239500,0.030,0.870,0.100
240000,0.030,0.887,0.083
240500,0.030,0.908,0.061
241000,0.030,0.892,0.078
241500,0.030,0.890,0.080
242000,0.030,0.900,0.070
242500,0.030,0.895,0.075
243000,0.030,0.909,0.060
243500,0.030,0.910,0.059
244000,0.030,0.926,0.043
244500,0.030,0.914,0.056
245000,0.030,0.883,0.087
245500,0.030,0.901,0.069
246000,0.030,0.915,0.054
246500,0.030,0.910,0.060
247000,0.030,0.909,0.060
247500,0.030,0.900,0.070
248000,0.030,0.886,0.084
248500,0.030,0.872,0.098
249000,0.030,0.869,0.101
249500,0.030,0.881,0.089
250000,0.030,0.882,0.088
250500,0.030,0.908,0.062
251000,0.030,0.904,0.066
251500,0.030,0.918,0.052
252000,0.030,0.926,0.044
252500,0.030,0.903,0.067
253000,0.030,0.877,0.093
253500,0.030,0.887,0.083
254000,0.030,0.865,0.105
254500,0.030,0.884,0.086
255000,0.030,0.868,0.102
255500,0.030,0.914,0.056
256000,0.030,0.892,0.078
256500,0.030,0.887,0.083
257000,0.030,0.891,0.079
257500,0.030,0.909,0.060
258000,0.030,0.911,0.059
258500,0.030,0.922,0.048
259000,0.030,0.917,0.053
259500,0.030,0.895,0.075
260000,0.030,0.880,0.090
260500,0.030,0.903,0.067
261000,0.030,0.909,0.061
261500,0.030,0.877,0.093
262000,0.030,0.894,0.076
262500,0.030,0.910,0.059
263000,0.030,0.896,0.074
263500,0.030,0.905,0.065
264000,0.030,0.905,0.065
264500,0.030,0.886,0.084
265000,0.030,0.871,0.099
265500,0.030,0.902,0.068
266000,0.030,0.915,0.054
266500,0.030,0.909,0.060
267000,0.030,0.896,0.074
267500,0.030,0.866,0.104
268000,0.030,0.873,0.097
268500,0.030,0.885,0.085
269000,0.030,0.892,0.078
269500,0.030,0.917,0.052
270000,0.030,0.905,0.065
270500,0.030,0.887,0.083
271000,0.030,0.895,0.075
271500,0.030,0.895,0.075
272000,0.030,0.901,0.069
272500,0.030,0.925,0.044
273000,0.030,0.917,0.052
273500,0.030,0.905,0.065
274000,0.030,0.864,0.106
274500,0.030,0.900,0.070
275000,0.030,0.907,0.063
275500,0.030,0.931,0.038
276000,0.030,0.915,0.054
276500,0.030,0.896,0.074
277000,0.030,0.876,0.094
277500,0.030,0.871,0.099
278000,0.030,0.898,0.072
278500,0.030,0.909,0.060
279000,0.030,0.897,0.073
279500,0.030,0.889,0.081
280000,0.030,0.912,0.058
280500,0.030,0.889,0.081
281000,0.030,0.885,0.085
281500,0.030,0.876,0.094
282000,0.030,0.875,0.095
282500,0.030,0.908,0.062
283000,0.030,0.918,0.051
283500,0.030,0.917,0.052
284000,0.030,0.925,0.044
284500,0.030,0.894,0.076
285000,0.030,0.898,0.072
285500,0.030,0.899,0.071
286000,0.030,0.908,0.061
286500,0.030,0.907,0.062
287000,0.030,0.913,0.056
287500,0.030,0.897,0.073
288000,0.030,0.891,0.079
288500,0.030,0.922,0.048
289000,0.030,0.930,0.040
289500,0.030,0.898,0.072
290000,0.030,0.874,0.096
290500,0.030,0.886,0.084
291000,0.030,0.887,0.083
291500,0.030,0.904,0.066
292000,0.030,0.914,0.056
292500,0.030,0.910,0.060
293000,0.030,0.900,0.070
293500,0.030,0.894,0.076
294000,0.030,0.898,0.072
294500,0.030,0.892,0.078
295000,0.030,0.901,0.069
295500,0.030,0.891,0.079
296000,0.030,0.894,0.076
296500,0.030,0.891,0.079
297000,0.030,0.854,0.116
297500,0.030,0.885,0.085
298000,0.030,0.875,0.095
298500,0.030,0.888,0.082
299000,0.030,0.892,0.078
299500,0.030,0.882,0.088
300000,0.030,0.902,0.068
300500,0.030,0.881,0.089
301000,0.030,0.886,0.084
301500,0.030,0.871,0.099
302000,0.030,0.908,0.062
302500,0.030,0.891,0.079
303000,0.030,0.898,0.072
303500,0.030,0.913,0.057
304000,0.030,0.908,0.062
304500,0.030,0.877,0.093
305000,0.030,0.896,0.074
305500,0.030,0.909,0.061
306000,0.030,0.885,0.085
306500,0.030,0.904,0.066
307000,0.030,0.891,0.079
307500,0.030,0.901,0.069
308000,0.030,0.909,0.061
308500,0.030,0.911,0.058
309000,0.030,0.906,0.064
309500,0.030,0.909,0.061
310000,0.030,0.889,0.081
310500,0.030,0.869,0.101
311000,0.030,0.893,0.077
311500,0.030,0.913,0.056
312000,0.030,0.897,0.073
312500,0.030,0.901,0.069
313000,0.030,0.891,0.079
313500,0.030,0.903,0.067
314000,0.030,0.929,0.041
314500,0.030,0.940,0.030
315000,0.030,0.912,0.057
315500,0.030,0.923,0.047
316000,0.030,0.903,0.067
316500,0.030,0.928,0.041
317000,0.030,0.905,0.065
317500,0.030,0.907,0.062
318000,0.030,0.892,0.078
318500,0.030,0.883,0.087
319000,0.030,0.881,0.089
319500,0.030,0.855,0.115
320000,0.030,0.891,0.079
320500,0.030,0.881,0.089
321000,0.030,0.906,0.064
321500,0.030,0.926,0.043
322000,0.030,0.917,0.052
322500,0.030,0.914,0.056
323000,0.030,0.904,0.066
323500,0.030,0.906,0.064
324000,0.030,0.911,0.058
324500,0.030,0.923,0.047
325000,0.030,0.910,0.059
325500,0.030,0.892,0.078
326000,0.030,0.883,0.087
326500,0.030,0.864,0.106
327000,0.030,0.876,0.094
327500,0.030,0.893,0.077
328000,0.030,0.878,0.092
328500,0.030,0.867,0.103
329000,0.030,0.889,0.081
329500,0.030,0.886,0.084
330000,0.030,0.890,0.080
330500,0.030,0.878,0.092
331000,0.030,0.901,0.069
331500,0.030,0.909,0.060
332000,0.030,0.918,0.051
332500,0.030,0.922,0.048
333000,0.030,0.906,0.064
333500,0.030,0.893,0.077
334000,0.030,0.902,0.068
334500,0.030,0.891,0.079
335000,0.030,0.870,0.100
335500,0.030,0.873,0.097
336000,0.030,0.884,0.086
336500,0.030,0.902,0.068
337000,0.030,0.894,0.076
337500,0.030,0.913,0.056
338000,0.030,0.920,0.050
338500,0.030,0.906,0.064
339000,0.030,0.903,0.067
339500,0.030,0.909,0.061
340000,0.030,0.900,0.070
340500,0.030,0.892,0.078
341000,0.030,0.917,0.053
341500,0.030,0.927,0.042
342000,0.030,0.921,0.048
342500,0.030,0.915,0.055
343000,0.030,0.905,0.065
343500,0.030,0.902,0.068
344000,0.030,0.897,0.073
344500,0.030,0.892,0.078
345000,0.030,0.908,0.061
345500,0.030,0.903,0.067
346000,0.030,0.908,0.062
346500,0.030,0.900,0.070
347000,0.030,0.895,0.075
347500,0.030,0.885,0.085
348000,0.030,0.882,0.088
348500,0.030,0.914,0.055
349000,0.030,0.901,0.069
349500,0.030,0.885,0.085
350000,0.030,0.908,0.062
350500,0.030,0.903,0.067
351000,0.030,0.913,0.057
351500,0.030,0.904,0.066
352000,0.030,0.917,0.052
352500,0.030,0.899,0.071
353000,0.030,0.904,0.066
353500,0.030,0.883,0.087
354000,0.030,0.876,0.094
354500,0.030,0.894,0.076
355000,0.030,0.884,0.086
355500,0.030,0.889,0.081
356000,0.030,0.885,0.085
356500,0.030,0.908,0.062
357000,0.030,0.912,0.057
357500,0.030,0.912,0.057
358000,0.030,0.907,0.063
358500,0.030,0.916,0.053
359000,0.030,0.920,0.049
359500,0.030,0.902,0.068
360000,0.030,0.910,0.059
360500,0.030,0.898,0.072
361000,0.030,0.884,0.086
361500,0.030,0.909,0.061
362000,0.030,0.888,0.082
362500,0.030,0.884,0.086
363000,0.030,0.886,0.084
363500,0.030,0.863,0.107
364000,0.030,0.871,0.099
364500,0.030,0.888,0.082
365000,0.030,0.900,0.070
365500,0.030,0.902,0.068
366000,0.030,0.904,0.066
366500,0.030,0.888,0.082
367000,0.030,0.895,0.075
367500,0.030,0.898,0.072
368000,0.030,0.906,0.064
368500,0.030,0.895,0.075
369000,0.030,0.855,0.115
369500,0.030,0.903,0.067
370000,0.030,0.892,0.078
370500,0.030,0.898,0.072
371000,0.030,0.896,0.074
371500,0.030,0.916,0.054
372000,0.030,0.910,0.059
372500,0.030,0.903,0.067
373000,0.030,0.878,0.092
373500,0.030,0.884,0.086
374000,0.030,0.899,0.071
374500,0.030,0.919,0.051
375000,0.030,0.903,0.067
375500,0.030,0.913,0.056
376000,0.030,0.900,0.070
376500,0.030,0.908,0.061
377000,0.030,0.908,0.062
377500,0.030,0.878,0.092
378000,0.030,0.907,0.063
378500,0.030,0.902,0.068
379000,0.030,0.909,0.060
379500,0.030,0.892,0.078
380000,0.030,0.881,0.089
380500,0.030,0.888,0.082
381000,0.030,0.885,0.085
381500,0.030,0.898,0.072
382000,0.030,0.907,0.063
382500,0.030,0.885,0.085
383000,0.030,0.896,0.074
383500,0.030,0.900,0.070
384000,0.030,0.905,0.065
384500,0.030,0.886,0.084
385000,0.030,0.897,0.073
385500,0.030,0.885,0.085
386000,0.030,0.924,0.045
386500,0.030,0.892,0.078
387000,0.030,0.921,0.049
387500,0.030,0.893,0.077
388000,0.030,0.906,0.064
388500,0.030,0.903,0.067
389000,0.030,0.883,0.087
389500,0.030,0.919,0.051
390000,0.030,0.913,0.056
390500,0.030,0.918,0.051
391000,0.030,0.869,0.101
391500,0.030,0.862,0.108
392000,0.030,0.910,0.060
392500,0.030,0.876,0.094
393000,0.030,0.896,0.074
393500,0.030,0.897,0.073
394000,0.030,0.919,0.050
394500,0.030,0.911,0.058
395000,0.030,0.896,0.074
395500,0.030,0.896,0.074
396000,0.030,0.894,0.076
396500,0.030,0.896,0.074
397000,0.030,0.869,0.101
397500,0.030,0.877,0.093
398000,0.030,0.874,0.096
398500,0.030,0.862,0.108
399000,0.030,0.900,0.070
399500,0.030,0.888,0.082
400000,0.030,0.895,0.075
400500,0.030,0.911,0.059
401000,0.030,0.894,0.076
401500,0.030,0.904,0.066
402000,0.030,0.902,0.068
402500,0.030,0.900,0.070
403000,0.030,0.879,0.091
403500,0.030,0.905,0.065
404000,0.030,0.883,0.087
404500,0.030,0.893,0.077
405000,0.030,0.888,0.082
405500,0.030,0.899,0.071
406000,0.030,0.902,0.068
406500,0.030,0.888,0.082
407000,0.030,0.911,0.058
407500,0.030,0.919,0.051
408000,0.030,0.915,0.054
408500,0.030,0.884,0.086
409000,0.030,0.881,0.089
409500,0.030,0.886,0.084
410000,0.030,0.905,0.065
410500,0.030,0.901,0.069
411000,0.030,0.919,0.051
411500,0.030,0.910,0.059
412000,0.030,0.905,0.065
412500,0.030,0.882,0.088
413000,0.030,0.901,0.069
413500,0.030,0.919,0.050
414000,0.030,0.915,0.055
414500,0.030,0.881,0.089
415000,0.030,0.889,0.081
415500,0.030,0.865,0.105
416000,0.030,0.893,0.077
416500,0.030,0.921,0.048
417000,0.030,0.895,0.075
417500,0.030,0.911,0.059
418000,0.030,0.890,0.080
418500,0.030,0.902,0.068
419000,0.030,0.908,0.062
419500,0.030,0.904,0.066
420000,0.030,0.887,0.083
420500,0.030,0.887,0.083
421000,0.030,0.871,0.099
421500,0.030,0.893,0.077
422000,0.030,0.897,0.073
422500,0.030,0.929,0.040
423000,0.030,0.908,0.062
423500,0.030,0.913,0.057
424000,0.030,0.940,0.030
424500,0.030,0.925,0.044
425000,0.030,0.931,0.038
425500,0.030,0.937,0.033
426000,0.030,0.924,0.045
426500,0.030,0.927,0.042
427000,0.030,0.917,0.053
427500,0.030,0.906,0.064
428000,0.030,0.914,0.055
428500,0.030,0.910,0.060
429000,0.030,0.895,0.075
429500,0.030,0.872,0.098
430000,0.030,0.912,0.058
430500,0.030,0.909,0.061
431000,0.030,0.884,0.086
431500,0.030,0.905,0.065
432000,0.030,0.913,0.057
432500,0.030,0.935,0.034
433000,0.030,0.907,0.062
433500,0.030,0.896,0.074
434000,0.030,0.860,0.110
434500,0.030,0.875,0.095
435000,0.030,0.901,0.069
435500,0.030,0.874,0.096
436000,0.030,0.901,0.069
436500,0.030,0.924,0.046
437000,0.030,0.898,0.072
437500,0.030,0.896,0.074
438000,0.030,0.915,0.055
438500,0.030,0.919,0.050
439000,0.030,0.918,0.052
439500,0.030,0.907,0.062
440000,0.030,0.898,0.072
440500,0.030,0.869,0.101
441000,0.030,0.889,0.081
441500,0.030,0.908,0.062
442000,0.030,0.896,0.074
442500,0.030,0.909,0.060
443000,0.030,0.897,0.073
443500,0.030,0.886,0.084
444000,0.030,0.900,0.070
444500,0.030,0.868,0.102
445000,0.030,0.890,0.080
445500,0.030,0.893,0.077
446000,0.030,0.899,0.071
446500,0.030,0.919,0.051
447000,0.030,0.913,0.057
447500,0.030,0.902,0.068
448000,0.030,0.894,0.076
448500,0.030,0.864,0.106
449000,0.030,0.860,0.110
449500,0.030,0.896,0.074
450000,0.030,0.909,0.060
450500,0.030,0.885,0.085
451000,0.030,0.904,0.066
451500,0.030,0.906,0.064
452000,0.030,0.889,0.081
452500,0.030,0.880,0.090
453000,0.030,0.870,0.100
453500,0.030,0.873,0.097
454000,0.030,0.895,0.075
454500,0.030,0.922,0.048
455000,0.030,0.915,0.055
455500,0.030,0.914,0.055
456000,0.030,0.892,0.078
456500,0.030,0.891,0.079
457000,0.030,0.882,0.088
457500,0.030,0.892,0.078
458000,0.030,0.909,0.060
458500,0.030,0.902,0.068
459000,0.030,0.895,0.075
459500,0.030,0.884,0.086
460000,0.030,0.861,0.109
460500,0.030,0.898,0.072
461000,0.030,0.900,0.070
461500,0.030,0.912,0.058
462000,0.030,0.908,0.062
462500,0.030,0.915,0.055
463000,0.030,0.896,0.074
463500,0.030,0.898,0.072
464000,0.030,0.898,0.072
464500,0.030,0.904,0.066
465000,0.030,0.905,0.065
465500,0.030,0.910,0.059
466000,0.030,0.885,0.085
466500,0.030,0.912,0.058
467000,0.030,0.906,0.064
467500,0.030,0.912,0.058
468000,0.030,0.916,0.053
468500,0.030,0.881,0.089
469000,0.030,0.895,0.075
469500,0.030,0.906,0.064
470000,0.030,0.915,0.055
470500,0.030,0.903,0.067
471000,0.030,0.887,0.083
471500,0.030,0.902,0.068
472000,0.030,0.927,0.043
472500,0.030,0.915,0.055
473000,0.030,0.892,0.078
473500,0.030,0.900,0.070
474000,0.030,0.914,0.055
474500,0.030,0.879,0.091
475000,0.030,0.854,0.116
475500,0.030,0.859,0.111
476000,0.030,0.860,0.110
476500,0.030,0.893,0.077
477000,0.030,0.890,0.080
477500,0.030,0.881,0.089
478000,0.030,0.923,0.047
478500,0.030,0.910,0.059
479000,0.030,0.914,0.056
479500,0.030,0.911,0.059
480000,0.030,0.927,0.042
480500,0.030,0.891,0.079
481000,0.030,0.915,0.055
481500,0.030,0.911,0.059
482000,0.030,0.886,0.084
482500,0.030,0.890,0.080
483000,0.030,0.913,0.057
483500,0.030,0.918,0.052
484000,0.030,0.884,0.086
484500,0.030,0.871,0.099
485000,0.030,0.890,0.080
485500,0.030,0.896,0.074
486000,0.030,0.893,0.077
486500,0.030,0.894,0.076
487000,0.030,0.883,0.087
487500,0.030,0.878,0.092
488000,0.030,0.906,0.064
488500,0.030,0.902,0.068
489000,0.030,0.912,0.057
489500,0.030,0.892,0.078
490000,0.030,0.930,0.040
490500,0.030,0.934,0.036
491000,0.030,0.901,0.069
491500,0.030,0.906,0.064
492000,0.030,0.909,0.060
492500,0.030,0.887,0.083
493000,0.030,0.885,0.085
493500,0.030,0.906,0.064
494000,0.030,0.908,0.062
494500,0.030,0.904,0.066
495000,0.030,0.908,0.061
495500,0.030,0.914,0.056
496000,0.030,0.919,0.051
496500,0.030,0.907,0.062
497000,0.030,0.903,0.067
497500,0.030,0.905,0.065
498000,0.030,0.869,0.101
498500,0.030,0.890,0.080
499000,0.030,0.872,0.098
499500,0.030,0.893,0.077
500000,0.030,0.887,0.083
500500,0.030,0.886,0.084
501000,0.030,0.871,0.099
501500,0.030,0.884,0.086
502000,0.030,0.906,0.064
502500,0.030,0.903,0.067
503000,0.030,0.913,0.056
503500,0.030,0.894,0.076
504000,0.030,0.885,0.085
504500,0.030,0.883,0.087
505000,0.030,0.895,0.075
505500,0.030,0.910,0.060
506000,0.030,0.908,0.062
506500,0.030,0.929,0.040
507000,0.030,0.913,0.057
507500,0.030,0.909,0.060
508000,0.030,0.905,0.065
508500,0.030,0.896,0.074
509000,0.030,0.865,0.105
509500,0.030,0.875,0.095
510000,0.030,0.909,0.060
510500,0.030,0.890,0.080
511000,0.030,0.892,0.078
511500,0.030,0.896,0.074
512000,0.030,0.882,0.088
512500,0.030,0.921,0.049
513000,0.030,0.865,0.105
513500,0.030,0.885,0.085
514000,0.030,0.909,0.061
514500,0.030,0.891,0.079
515000,0.030,0.873,0.097
515500,0.030,0.872,0.098
516000,0.030,0.874,0.096
516500,0.030,0.920,0.050
517000,0.030,0.913,0.057
517500,0.030,0.905,0.065
518000,0.030,0.895,0.075
518500,0.030,0.902,0.068
519000,0.030,0.894,0.076
519500,0.030,0.899,0.071
520000,0.030,0.907,0.062
520500,0.030,0.894,0.076
521000,0.030,0.875,0.095
521500,0.030,0.879,0.091
522000,0.030,0.875,0.095
522500,0.030,0.900,0.070
523000,0.030,0.892,0.078
523500,0.030,0.900,0.070
524000,0.030,0.888,0.082
524500,0.030,0.894,0.076
525000,0.030,0.890,0.080
525500,0.030,0.883,0.087
526000,0.030,0.892,0.078
526500,0.030,0.893,0.077
527000,0.030,0.901,0.069
527500,0.030,0.912,0.058
528000,0.030,0.892,0.078
528500,0.030,0.935,0.035
529000,0.030,0.939,0.031
529500,0.030,0.913,0.056
530000,0.030,0.896,0.074
530500,0.030,0.923,0.047
531000,0.030,0.912,0.057
531500,0.030,0.892,0.078
532000,0.030,0.884,0.086
532500,0.030,0.898,0.072
533000,0.030,0.896,0.074
533500,0.030,0.894,0.076
534000,0.030,0.897,0.073
534500,0.030,0.906,0.064
535000,0.030,0.902,0.068
535500,0.030,0.921,0.049
536000,0.030,0.918,0.052
536500,0.030,0.916,0.054
537000,0.030,0.933,0.037
537500,0.030,0.906,0.064
538000,0.030,0.901,0.069
538500,0.030,0.909,0.060
539000,0.030,0.892,0.078
539500,0.030,0.892,0.078
540000,0.030,0.884,0.086
540500,0.030,0.873,0.097
541000,0.030,0.901,0.069
541500,0.030,0.900,0.070
542000,0.030,0.896,0.074
542500,0.030,0.882,0.088
543000,0.030,0.888,0.082
543500,0.030,0.892,0.078
544000,0.030,0.875,0.095
544500,0.030,0.908,0.062
545000,0.030,0.902,0.068
545500,0.030,0.882,0.088
546000,0.030,0.883,0.087
546500,0.030,0.866,0.104
547000,0.030,0.885,0.085
547500,0.030,0.904,0.066
548000,0.030,0.924,0.046
548500,0.030,0.928,0.041
549000,0.030,0.910,0.060
549500,0.030,0.901,0.069
550000,0.030,0.881,0.089
550500,0.030,0.910,0.059
551000,0.030,0.910,0.059
551500,0.030,0.911,0.058
552000,0.030,0.901,0.069
552500,0.030,0.907,0.063
553000,0.030,0.889,0.081
553500,0.030,0.912,0.058
554000,0.030,0.898,0.072
554500,0.030,0.897,0.073
555000,0.030,0.872,0.098
555500,0.030,0.862,0.108
556000,0.030,0.889,0.081
556500,0.030,0.880,0.090
557000,0.030,0.891,0.079
557500,0.030,0.909,0.061
558000,0.030,0.909,0.060
558500,0.030,0.905,0.065
559000,0.030,0.891,0.079
559500,0.030,0.896,0.074
560000,0.030,0.881,0.089
560500,0.030,0.896,0.074
561000,0.030,0.900,0.070
561500,0.030,0.897,0.073
562000,0.030,0.892,0.078
562500,0.030,0.910,0.059
563000,0.030,0.897,0.073
563500,0.030,0.906,0.064
564000,0.030,0.864,0.106
564500,0.030,0.877,0.093
565000,0.030,0.917,0.053
565500,0.030,0.916,0.054
566000,0.030,0.924,0.046
566500,0.030,0.935,0.035
567000,0.030,0.927,0.043
567500,0.030,0.911,0.059
568000,0.030,0.894,0.076
568500,0.030,0.856,0.114
569000,0.030,0.868,0.102
569500,0.030,0.878,0.092
570000,0.030,0.892,0.078
570500,0.030,0.904,0.066
571000,0.030,0.918,0.051
571500,0.030,0.939,0.031
572000,0.030,0.925,0.045
572500,0.030,0.897,0.073
573000,0.030,0.924,0.046
573500,0.030,0.899,0.071
574000,0.030,0.886,0.084
574500,0.030,0.878,0.092
575000,0.030,0.900,0.070
575500,0.030,0.890,0.080
576000,0.030,0.912,0.057
576500,0.030,0.909,0.061
577000,0.030,0.918,0.052
577500,0.030,0.893,0.077
578000,0.030,0.902,0.068
578500,0.030,0.883,0.087
579000,0.030,0.893,0.077
579500,0.030,0.919,0.050
580000,0.030,0.915,0.055
580500,0.030,0.900,0.070
581000,0.030,0.901,0.069
581500,0.030,0.867,0.103
582000,0.030,0.899,0.071
582500,0.030,0.914,0.056
583000,0.030,0.893,0.077
583500,0.030,0.906,0.064
584000,0.030,0.897,0.073
584500,0.030,0.915,0.054
585000,0.030,0.908,0.061
585500,0.030,0.914,0.056
586000,0.030,0.879,0.091
586500,0.030,0.907,0.063
587000,0.030,0.899,0.071
587500,0.030,0.890,0.080
588000,0.030,0.875,0.095
588500,0.030,0.907,0.063
589000,0.030,0.912,0.057
589500,0.030,0.899,0.071
590000,0.030,0.918,0.052
590500,0.030,0.937,0.033
591000,0.030,0.917,0.052
591500,0.030,0.930,0.040
592000,0.030,0.918,0.051
592500,0.030,0.922,0.048
593000,0.030,0.893,0.077
593500,0.030,0.879,0.091
594000,0.030,0.890,0.080
594500,0.030,0.900,0.070
595000,0.030,0.885,0.085
595500,0.030,0.905,0.065
596000,0.030,0.884,0.086
596500,0.030,0.889,0.081
597000,0.030,0.904,0.066
597500,0.030,0.890,0.080
598000,0.030,0.903,0.067
598500,0.030,0.906,0.064
599000,0.030,0.881,0.089
599500,0.030,0.894,0.076
600000,0.030,0.871,0.099
600500,0.030,0.865,0.105
601000,0.030,0.891,0.079
601500,0.030,0.907,0.062
602000,0.030,0.914,0.056
602500,0.030,0.892,0.078
603000,0.030,0.893,0.077
603500,0.030,0.900,0.070
604000,0.030,0.919,0.050
604500,0.030,0.912,0.058
605000,0.030,0.894,0.076
605500,0.030,0.890,0.080
606000,0.030,0.893,0.077
606500,0.030,0.892,0.078
607000,0.030,0.879,0.091
607500,0.030,0.911,0.059
608000,0.030,0.924,0.045
608500,0.030,0.896,0.074
609000,0.030,0.910,0.059
609500,0.030,0.908,0.061
610000,0.030,0.905,0.065
610500,0.030,0.917,0.053
611000,0.030,0.869,0.101
611500,0.030,0.874,0.096
612000,0.030,0.877,0.093
612500,0.030,0.881,0.089
613000,0.030,0.886,0.084
613500,0.030,0.879,0.091
614000,0.030,0.860,0.110
614500,0.030,0.855,0.115
615000,0.030,0.906,0.064
615500,0.030,0.904,0.066
616000,0.030,0.910,0.060
616500,0.030,0.892,0.078
617000,0.030,0.882,0.088
617500,0.030,0.914,0.055
618000,0.030,0.922,0.048
618500,0.030,0.924,0.045
619000,0.030,0.915,0.054
619500,0.030,0.901,0.069
620000,0.030,0.904,0.066
620500,0.030,0.888,0.082
621000,0.030,0.912,0.058
621500,0.030,0.891,0.079
622000,0.030,0.924,0.046
622500,0.030,0.907,0.062
623000,0.030,0.900,0.070
623500,0.030,0.903,0.067
624000,0.030,0.898,0.072
624500,0.030,0.899,0.071
625000,0.030,0.901,0.069
625500,0.030,0.922,0.047
626000,0.030,0.899,0.071
626500,0.030,0.882,0.088
627000,0.030,0.877,0.093
627500,0.030,0.876,0.094
628000,0.030,0.892,0.078
628500,0.030,0.891,0.079
629000,0.030,0.914,0.056
629500,0.030,0.891,0.079
630000,0.030,0.904,0.066
630500,0.030,0.903,0.067
631000,0.030,0.919,0.050
631500,0.030,0.905,0.065
632000,0.030,0.877,0.093
632500,0.030,0.866,0.104
633000,0.030,0.904,0.066
633500,0.030,0.901,0.069
634000,0.030,0.899,0.071
634500,0.030,0.887,0.083
635000,0.030,0.893,0.077
635500,0.030,0.882,0.088
636000,0.030,0.870,0.100
636500,0.030,0.899,0.071
637000,0.030,0.906,0.064
637500,0.030,0.896,0.074
638000,0.030,0.892,0.078
638500,0.030,0.892,0.078
639000,0.030,0.906,0.064
639500,0.030,0.904,0.066
640000,0.030,0.881,0.089
640500,0.030,0.873,0.097
641000,0.030,0.895,0.075
641500,0.030,0.878,0.092
642000,0.030,0.892,0.078
642500,0.030,0.895,0.075
643000,0.030,0.886,0.084
643500,0.030,0.879,0.091
644000,0.030,0.871,0.099
644500,0.030,0.869,0.101
645000,0.030,0.880,0.090
645500,0.030,0.851,0.119
646000,0.030,0.849,0.121
646500,0.030,0.887,0.083
647000,0.030,0.918,0.051
647500,0.030,0.910,0.060
648000,0.030,0.926,0.044
648500,0.030,0.894,0.076
649000,0.030,0.875,0.095
649500,0.030,0.848,0.122
650000,0.030,0.870,0.100
650500,0.030,0.869,0.101
651000,0.030,0.896,0.074
651500,0.030,0.910,0.059
652000,0.030,0.920,0.050
652500,0.030,0.893,0.077
653000,0.030,0.922,0.047
653500,0.030,0.910,0.059
654000,0.030,0.900,0.070
654500,0.030,0.892,0.078
655000,0.030,0.892,0.078
655500,0.030,0.899,0.071
656000,0.030,0.908,0.062
656500,0.030,0.880,0.090
657000,0.030,0.895,0.075
657500,0.030,0.881,0.089
658000,0.030,0.880,0.090
658500,0.030,0.902,0.068
659000,0.030,0.907,0.063
659500,0.030,0.918,0.051
660000,0.030,0.898,0.072
660500,0.030,0.871,0.099
661000,0.030,0.896,0.074
661500,0.030,0.886,0.084
662000,0.030,0.908,0.061
662500,0.030,0.876,0.094
663000,0.030,0.871,0.099
663500,0.030,0.873,0.097
664000,0.030,0.860,0.110
664500,0.030,0.874,0.096
665000,0.030,0.874,0.096
665500,0.030,0.880,0.090
666000,0.030,0.873,0.097
666500,0.030,0.911,0.059
667000,0.030,0.911,0.058
667500,0.030,0.907,0.063
668000,0.030,0.921,0.048
668500,0.030,0.911,0.058
669000,0.030,0.877,0.093
669500,0.030,0.896,0.074
670000,0.030,0.906,0.064
670500,0.030,0.928,0.042
671000,0.030,0.890,0.080
671500,0.030,0.890,0.080
672000,0.030,0.903,0.067
672500,0.030,0.900,0.070
673000,0.030,0.903,0.067
673500,0.030,0.902,0.068
674000,0.030,0.890,0.080
674500,0.030,0.890,0.080
675000,0.030,0.898,0.072
675500,0.030,0.869,0.101
676000,0.030,0.883,0.087
676500,0.030,0.887,0.083
677000,0.030,0.858,0.112
677500,0.030,0.888,0.082
678000,0.030,0.912,0.057
678500,0.030,0.890,0.080
679000,0.030,0.899,0.071
679500,0.030,0.897,0.073
680000,0.030,0.910,0.060
680500,0.030,0.902,0.068
681000,0.030,0.914,0.055
681500,0.030,0.927,0.043
682000,0.030,0.901,0.069
682500,0.030,0.917,0.052
683000,0.030,0.899,0.071
683500,0.030,0.898,0.072
684000,0.030,0.876,0.094
684500,0.030,0.889,0.081
685000,0.030,0.864,0.106
685500,0.030,0.864,0.106
686000,0.030,0.885,0.085
686500,0.030,0.897,0.073
687000,0.030,0.893,0.077
687500,0.030,0.901,0.069
688000,0.030,0.922,0.047
688500,0.030,0.928,0.042
689000,0.030,0.921,0.048
689500,0.030,0.930,0.039
690000,0.030,0.903,0.067
690500,0.030,0.860,0.110
691000,0.030,0.900,0.070
691500,0.030,0.913,0.057
692000,0.030,0.907,0.062
692500,0.030,0.883,0.087
693000,0.030,0.924,0.046
693500,0.030,0.929,0.041
694000,0.030,0.906,0.064
694500,0.030,0.931,0.039
695000,0.030,0.914,0.056
695500,0.030,0.911,0.058
696000,0.030,0.903,0.067
696500,0.030,0.923,0.047
697000,0.030,0.917,0.053
697500,0.030,0.924,0.045
698000,0.030,0.899,0.071
698500,0.030,0.933,0.036
699000,0.030,0.906,0.064
699500,0.030,0.888,0.082
700000,0.030,0.883,0.087
700500,0.030,0.885,0.085
701000,0.030,0.893,0.077
701500,0.030,0.877,0.093
702000,0.030,0.891,0.079
702500,0.030,0.900,0.070
703000,0.030,0.931,0.038
703500,0.030,0.915,0.055
704000,0.030,0.903,0.067
704500,0.030,0.851,0.119
705000,0.030,0.890,0.080
705500,0.030,0.866,0.104
706000,0.030,0.870,0.100
706500,0.030,0.880,0.090
707000,0.030,0.862,0.108
707500,0.030,0.869,0.101
708000,0.030,0.870,0.100
708500,0.030,0.903,0.067
709000,0.030,0.910,0.059
709500,0.030,0.889,0.081
710000,0.030,0.883,0.087
710500,0.030,0.901,0.069
711000,0.030,0.850,0.120
711500,0.030,0.838,0.132
712000,0.030,0.844,0.126
712500,0.030,0.866,0.104
713000,0.030,0.856,0.114
713500,0.030,0.887,0.083
714000,0.030,0.926,0.043
714500,0.030,0.889,0.081
715000,0.030,0.858,0.112
715500,0.030,0.885,0.085
716000,0.030,0.904,0.066
716500,0.030,0.903,0.067
717000,0.030,0.892,0.078
717500,0.030,0.891,0.079
718000,0.030,0.890,0.080
718500,0.030,0.887,0.083
719000,0.030,0.904,0.066
719500,0.030,0.908,0.061
720000,0.030,0.923,0.046
720500,0.030,0.914,0.056
721000,0.030,0.918,0.052
721500,0.030,0.905,0.065
722000,0.030,0.896,0.074
722500,0.030,0.850,0.120
723000,0.030,0.884,0.086
723500,0.030,0.905,0.065
724000,0.030,0.901,0.069
724500,0.030,0.908,0.062
725000,0.030,0.880,0.090
725500,0.030,0.891,0.079
726000,0.030,0.870,0.100
726500,0.030,0.891,0.079
727000,0.030,0.895,0.075
727500,0.030,0.907,0.062
728000,0.030,0.908,0.062
728500,0.030,0.914,0.055
729000,0.030,0.908,0.061
729500,0.030,0.926,0.043
730000,0.030,0.888,0.082
730500,0.030,0.905,0.065
731000,0.030,0.915,0.055
731500,0.030,0.914,0.056
732000,0.030,0.910,0.059
732500,0.030,0.905,0.065
733000,0.030,0.909,0.060
733500,0.030,0.929,0.041
734000,0.030,0.911,0.059
734500,0.030,0.895,0.075
735000,0.030,0.890,0.080
735500,0.030,0.891,0.079
736000,0.030,0.885,0.085
736500,0.030,0.901,0.069
737000,0.030,0.915,0.055
737500,0.030,0.889,0.081
738000,0.030,0.899,0.071
738500,0.030,0.918,0.052
739000,0.030,0.926,0.043
739500,0.030,0.902,0.068
740000,0.030,0.889,0.081
740500,0.030,0.903,0.067
741000,0.030,0.908,0.061
741500,0.030,0.891,0.079
742000,0.030,0.898,0.072
742500,0.030,0.885,0.085
743000,0.030,0.901,0.069
743500,0.030,0.907,0.063
744000,0.030,0.879,0.091
744500,0.030,0.881,0.089
745000,0.030,0.897,0.073
745500,0.030,0.900,0.070
746000,0.030,0.898,0.072
746500,0.030,0.886,0.084
747000,0.030,0.893,0.077
747500,0.030,0.881,0.089
748000,0.030,0.903,0.067
748500,0.030,0.877,0.093
749000,0.030,0.896,0.074
749500,0.030,0.888,0.082
750000,0.030,0.855,0.115
750500,0.030,0.910,0.060
751000,0.030,0.890,0.080
751500,0.030,0.878,0.092
752000,0.030,0.867,0.103
752500,0.030,0.900,0.070
753000,0.030,0.912,0.057
753500,0.030,0.904,0.066
754000,0.030,0.885,0.085
754500,0.030,0.884,0.086
755000,0.030,0.890,0.080
755500,0.030,0.903,0.067
756000,0.030,0.879,0.091
756500,0.030,0.884,0.086
757000,0.030,0.873,0.097
757500,0.030,0.850,0.120
758000,0.030,0.821,0.149
758500,0.030,0.886,0.084
759000,0.030,0.903,0.067
759500,0.030,0.900,0.070
760000,0.030,0.902,0.068
760500,0.030,0.907,0.062
761000,0.030,0.881,0.089
761500,0.030,0.897,0.073
762000,0.030,0.886,0.084
762500,0.030,0.886,0.084
763000,0.030,0.915,0.055
763500,0.030,0.909,0.061
764000,0.030,0.886,0.084
764500,0.030,0.906,0.064
765000,0.030,0.874,0.096
765500,0.030,0.889,0.081
766000,0.030,0.882,0.088
766500,0.030,0.865,0.105
767000,0.030,0.891,0.079
767500,0.030,0.896,0.074
768000,0.030,0.866,0.104
768500,0.030,0.875,0.095
769000,0.030,0.878,0.092
769500,0.030,0.907,0.063
770000,0.030,0.888,0.082
770500,0.030,0.875,0.095
771000,0.030,0.900,0.070
771500,0.030,0.887,0.083
772000,0.030,0.897,0.073
772500,0.030,0.901,0.069
773000,0.030,0.889,0.081
773500,0.030,0.925,0.044
774000,0.030,0.910,0.060
774500,0.030,0.921,0.049
775000,0.030,0.904,0.066
775500,0.030,0.919,0.050
776000,0.030,0.914,0.055
776500,0.030,0.905,0.065
777000,0.030,0.861,0.109
777500,0.030,0.886,0.084
778000,0.030,0.870,0.100
778500,0.030,0.880,0.090
779000,0.030,0.904,0.066
779500,0.030,0.897,0.073
780000,0.030,0.876,0.094
780500,0.030,0.861,0.109
781000,0.030,0.875,0.095
781500,0.030,0.881,0.089
782000,0.030,0.884,0.086
782500,0.030,0.904,0.066
783000,0.030,0.905,0.065
783500,0.030,0.913,0.056
784000,0.030,0.898,0.072
784500,0.030,0.866,0.104
785000,0.030,0.867,0.103
785500,0.030,0.859,0.111
786000,0.030,0.878,0.092
786500,0.030,0.891,0.079
787000,0.030,0.910,0.059
787500,0.030,0.919,0.050
788000,0.030,0.902,0.068
788500,0.030,0.895,0.075
789000,0.030,0.892,0.078
789500,0.030,0.904,0.066
790000,0.030,0.899,0.071
790500,0.030,0.902,0.068
791000,0.030,0.874,0.096
791500,0.030,0.904,0.066
792000,0.030,0.889,0.081
792500,0.030,0.933,0.036
793000,0.030,0.910,0.059
793500,0.030,0.910,0.060
794000,0.030,0.895,0.075
794500,0.030,0.914,0.056
795000,0.030,0.896,0.074
795500,0.030,0.879,0.091
796000,0.030,0.888,0.082
796500,0.030,0.893,0.077
797000,0.030,0.911,0.058
797500,0.030,0.907,0.063
798000,0.030,0.915,0.054
798500,0.030,0.894,0.076
799000,0.030,0.901,0.069
799500,0.030,0.895,0.075
800000,0.030,0.913,0.057
800500,0.030,0.887,0.083
801000,0.030,0.900,0.070
801500,0.030,0.898,0.072
802000,0.030,0.918,0.052
802500,0.030,0.909,0.061
803000,0.030,0.916,0.054
803500,0.030,0.902,0.068
804000,0.030,0.892,0.078
804500,0.030,0.895,0.075
805000,0.030,0.884,0.086
805500,0.030,0.900,0.070
806000,0.030,0.891,0.079
806500,0.030,0.864,0.106
807000,0.030,0.877,0.093
807500,0.030,0.921,0.048
808000,0.030,0.934,0.036
808500,0.030,0.902,0.068
809000,0.030,0.870,0.100
809500,0.030,0.878,0.092
810000,0.030,0.897,0.073
810500,0.030,0.867,0.103
811000,0.030,0.884,0.086
811500,0.030,0.890,0.080
812000,0.030,0.910,0.060
812500,0.030,0.918,0.051
813000,0.030,0.887,0.083
813500,0.030,0.869,0.101
814000,0.030,0.892,0.078
814500,0.030,0.899,0.071
815000,0.030,0.901,0.069
815500,0.030,0.913,0.057
816000,0.030,0.915,0.055
816500,0.030,0.885,0.085
817000,0.030,0.886,0.084
817500,0.030,0.897,0.073
818000,0.030,0.881,0.089
818500,0.030,0.874,0.096
819000,0.030,0.899,0.071
819500,0.030,0.909,0.061
820000,0.030,0.885,0.085
820500,0.030,0.884,0.086
821000,0.030,0.904,0.066
821500,0.030,0.914,0.056
822000,0.030,0.893,0.077
822500,0.030,0.863,0.107
823000,0.030,0.854,0.116
823500,0.030,0.852,0.118
824000,0.030,0.893,0.077
824500,0.030,0.897,0.073
825000,0.030,0.905,0.065
825500,0.030,0.876,0.094
826000,0.030,0.908,0.061
826500,0.030,0.900,0.070
827000,0.030,0.903,0.067
827500,0.030,0.898,0.072
828000,0.030,0.882,0.088
828500,0.030,0.887,0.083
829000,0.030,0.901,0.069
829500,0.030,0.908,0.061
830000,0.030,0.868,0.102
830500,0.030,0.882,0.088
831000,0.030,0.873,0.097
831500,0.030,0.870,0.100
832000,0.030,0.863,0.107
832500,0.030,0.878,0.092
833000,0.030,0.892,0.078
833500,0.030,0.850,0.120
834000,0.030,0.883,0.087
834500,0.030,0.897,0.073
835000,0.030,0.895,0.075
835500,0.030,0.899,0.071
836000,0.030,0.911,0.058
836500,0.030,0.914,0.055
837000,0.030,0.894,0.076
837500,0.030,0.916,0.054
838000,0.030,0.893,0.077
838500,0.030,0.915,0.054
839000,0.030,0.883,0.087
839500,0.030,0.909,0.060
840000,0.030,0.929,0.040
840500,0.030,0.887,0.083
841000,0.030,0.889,0.081
841500,0.030,0.899,0.071
842000,0.030,0.875,0.095
842500,0.030,0.880,0.090
843000,0.030,0.902,0.068
843500,0.030,0.890,0.080
844000,0.030,0.870,0.100
844500,0.030,0.872,0.098
845000,0.030,0.890,0.080
845500,0.030,0.894,0.076
846000,0.030,0.900,0.070
846500,0.030,0.891,0.079
847000,0.030,0.904,0.066
847500,0.030,0.921,0.049
848000,0.030,0.914,0.056
848500,0.030,0.893,0.077
849000,0.030,0.888,0.082
849500,0.030,0.887,0.083
850000,0.030,0.890,0.080
850500,0.030,0.928,0.041
851000,0.030,0.907,0.063
851500,0.030,0.924,0.045
852000,0.030,0.900,0.070
852500,0.030,0.912,0.058
853000,0.030,0.916,0.053
853500,0.030,0.920,0.050
854000,0.030,0.916,0.053
854500,0.030,0.889,0.081
855000,0.030,0.901,0.069
855500,0.030,0.913,0.057
856000,0.030,0.908,0.061
856500,0.030,0.900,0.070
857000,0.030,0.872,0.098
857500,0.030,0.904,0.066
858000,0.030,0.908,0.062
858500,0.030,0.906,0.064
859000,0.030,0.892,0.078
859500,0.030,0.896,0.074
860000,0.030,0.866,0.104
860500,0.030,0.880,0.090
861000,0.030,0.886,0.084
861500,0.030,0.904,0.066
862000,0.030,0.906,0.064
862500,0.030,0.889,0.081
863000,0.030,0.873,0.097
863500,0.030,0.889,0.081
864000,0.030,0.899,0.071
864500,0.030,0.897,0.073
865000,0.030,0.897,0.073
865500,0.030,0.905,0.065
866000,0.030,0.904,0.066
866500,0.030,0.906,0.064
867000,0.030,0.899,0.071
867500,0.030,0.905,0.065
868000,0.030,0.885,0.085
868500,0.030,0.912,0.057
869000,0.030,0.913,0.056
869500,0.030,0.899,0.071
870000,0.030,0.898,0.072
870500,0.030,0.904,0.066
871000,0.030,0.876,0.094
871500,0.030,0.850,0.120
872000,0.030,0.885,0.085
872500,0.030,0.902,0.068
873000,0.030,0.912,0.057
873500,0.030,0.918,0.052
874000,0.030,0.906,0.064
874500,0.030,0.910,0.059
875000,0.030,0.882,0.088
875500,0.030,0.892,0.078
876000,0.030,0.895,0.075
876500,0.030,0.897,0.073
877000,0.030,0.872,0.098
877500,0.030,0.868,0.102
878000,0.030,0.869,0.101
878500,0.030,0.883,0.087
879000,0.030,0.900,0.070
879500,0.030,0.859,0.111
880000,0.030,0.881,0.089
880500,0.030,0.889,0.081
881000,0.030,0.894,0.076
881500,0.030,0.876,0.094
882000,0.030,0.886,0.084
882500,0.030,0.858,0.112
883000,0.030,0.860,0.110
883500,0.030,0.863,0.107
884000,0.030,0.879,0.091
884500,0.030,0.916,0.054
885000,0.030,0.897,0.073
885500,0.030,0.910,0.059
886000,0.030,0.903,0.067
886500,0.030,0.910,0.060
887000,0.030,0.850,0.120
887500,0.030,0.847,0.123
888000,0.030,0.850,0.120
888500,0.030,0.870,0.100
889000,0.030,0.891,0.079
889500,0.030,0.905,0.065
890000,0.030,0.892,0.078
890500,0.030,0.870,0.100
891000,0.030,0.889,0.081
891500,0.030,0.894,0.076
892000,0.030,0.895,0.075
892500,0.030,0.923,0.047
893000,0.030,0.918,0.051
893500,0.030,0.927,0.043
894000,0.030,0.909,0.061
894500,0.030,0.920,0.049
895000,0.030,0.907,0.063
895500,0.030,0.894,0.076
896000,0.030,0.894,0.076
896500,0.030,0.863,0.107
897000,0.030,0.884,0.086
897500,0.030,0.889,0.081
898000,0.030,0.889,0.081
898500,0.030,0.890,0.080
899000,0.030,0.886,0.084
899500,0.030,0.882,0.088
900000,0.030,0.885,0.085
900500,0.030,0.893,0.077
901000,0.030,0.906,0.064
901500,0.030,0.901,0.069
902000,0.030,0.904,0.066
902500,0.030,0.906,0.064
903000,0.030,0.891,0.079
903500,0.030,0.901,0.069
904000,0.030,0.903,0.067
904500,0.030,0.861,0.109
905000,0.030,0.887,0.083
905500,0.030,0.891,0.079
906000,0.030,0.885,0.085
906500,0.030,0.869,0.101
907000,0.030,0.885,0.085
907500,0.030,0.908,0.062
908000,0.030,0.893,0.077
908500,0.030,0.917,0.053
909000,0.030,0.901,0.069
909500,0.030,0.879,0.091
910000,0.030,0.897,0.073
910500,0.030,0.904,0.066
911000,0.030,0.896,0.074
911500,0.030,0.883,0.087
912000,0.030,0.905,0.065
912500,0.030,0.872,0.098
913000,0.030,0.871,0.099
913500,0.030,0.869,0.101
914000,0.030,0.862,0.108
914500,0.030,0.870,0.100
915000,0.030,0.898,0.072
915500,0.030,0.860,0.110
916000,0.030,0.870,0.100
916500,0.030,0.872,0.098
917000,0.030,0.892,0.078
917500,0.030,0.894,0.076
918000,0.030,0.877,0.093
918500,0.030,0.892,0.078
919000,0.030,0.900,0.070
919500,0.030,0.904,0.066
920000,0.030,0.902,0.068
920500,0.030,0.907,0.063
921000,0.030,0.926,0.043
921500,0.030,0.899,0.071
922000,0.030,0.906,0.064
922500,0.030,0.907,0.063
923000,0.030,0.909,0.061
923500,0.030,0.923,0.046
924000,0.030,0.928,0.041
924500,0.030,0.889,0.081
925000,0.030,0.875,0.095
925500,0.030,0.860,0.110
926000,0.030,0.902,0.068
926500,0.030,0.915,0.055
927000,0.030,0.913,0.056
927500,0.030,0.924,0.045
928000,0.030,0.926,0.044
928500,0.030,0.921,0.049
929000,0.030,0.894,0.076
929500,0.030,0.895,0.075
930000,0.030,0.899,0.071
930500,0.030,0.875,0.095
931000,0.030,0.878,0.092
931500,0.030,0.894,0.076
932000,0.030,0.911,0.058
932500,0.030,0.886,0.084
933000,0.030,0.872,0.098
933500,0.030,0.891,0.079
934000,0.030,0.902,0.068
934500,0.030,0.896,0.074
935000,0.030,0.913,0.057
935500,0.030,0.887,0.083
936000,0.030,0.891,0.079
936500,0.030,0.918,0.052
937000,0.030,0.913,0.057
937500,0.030,0.918,0.052
938000,0.030,0.925,0.045
938500,0.030,0.919,0.050
939000,0.030,0.909,0.060
939500,0.030,0.899,0.071
940000,0.030,0.897,0.073
940500,0.030,0.869,0.101
941000,0.030,0.863,0.107
941500,0.030,0.872,0.098
942000,0.030,0.884,0.086
942500,0.030,0.905,0.065
943000,0.030,0.891,0.079
943500,0.030,0.907,0.062
944000,0.030,0.911,0.059
944500,0.030,0.903,0.067
945000,0.030,0.896,0.074
945500,0.030,0.894,0.076
946000,0.030,0.897,0.073
946500,0.030,0.905,0.065
947000,0.030,0.900,0.070
947500,0.030,0.877,0.093
948000,0.030,0.870,0.100
948500,0.030,0.879,0.091
949000,0.030,0.881,0.089
949500,0.030,0.902,0.068
950000,0.030,0.899,0.071
950500,0.030,0.910,0.059
951000,0.030,0.906,0.064
951500,0.030,0.891,0.079
952000,0.030,0.870,0.100
952500,0.030,0.873,0.097
953000,0.030,0.893,0.077
953500,0.030,0.888,0.082
954000,0.030,0.879,0.091
954500,0.030,0.866,0.104
955000,0.030,0.886,0.084
955500,0.030,0.881,0.089
956000,0.030,0.905,0.065
956500,0.030,0.903,0.067
957000,0.030,0.895,0.075
957500,0.030,0.901,0.069
958000,0.030,0.911,0.059
958500,0.030,0.922,0.047
959000,0.030,0.871,0.099
959500,0.030,0.869,0.101
960000,0.030,0.867,0.103
960500,0.030,0.872,0.098
961000,0.030,0.888,0.082
961500,0.030,0.853,0.117
962000,0.030,0.869,0.101
962500,0.030,0.871,0.099
963000,0.030,0.869,0.101
963500,0.030,0.868,0.102
964000,0.030,0.875,0.095
964500,0.030,0.891,0.079
965000,0.030,0.888,0.082
965500,0.030,0.887,0.083
966000,0.030,0.930,0.039
966500,0.030,0.927,0.042
967000,0.030,0.911,0.059
967500,0.030,0.927,0.043
968000,0.030,0.930,0.040
968500,0.030,0.913,0.056
969000,0.030,0.913,0.056
969500,0.030,0.920,0.050
970000,0.030,0.911,0.059
970500,0.030,0.891,0.079
971000,0.030,0.900,0.070
971500,0.030,0.898,0.072
972000,0.030,0.885,0.085
972500,0.030,0.896,0.074
973000,0.030,0.916,0.054
973500,0.030,0.873,0.097
974000,0.030,0.878,0.092
974500,0.030,0.903,0.067
975000,0.030,0.885,0.085
975500,0.030,0.871,0.099
976000,0.030,0.872,0.098
976500,0.030,0.892,0.078
977000,0.030,0.887,0.083
977500,0.030,0.887,0.083
978000,0.030,0.889,0.081
978500,0.030,0.892,0.078
979000,0.030,0.892,0.078
979500,0.030,0.910,0.060
980000,0.030,0.901,0.069
980500,0.030,0.909,0.060
981000,0.030,0.901,0.069
981500,0.030,0.905,0.065
982000,0.030,0.918,0.052
982500,0.030,0.914,0.055
983000,0.030,0.916,0.054
983500,0.030,0.907,0.062
984000,0.030,0.911,0.059
984500,0.030,0.921,0.049
985000,0.030,0.864,0.106
985500,0.030,0.889,0.081
986000,0.030,0.909,0.060
986500,0.030,0.904,0.066
987000,0.030,0.913,0.056
987500,0.030,0.903,0.067
988000,0.030,0.917,0.053
988500,0.030,0.905,0.065
989000,0.030,0.897,0.073
989500,0.030,0.899,0.071
990000,0.030,0.920,0.049
990500,0.030,0.907,0.063
991000,0.030,0.917,0.052
991500,0.030,0.926,0.043
992000,0.030,0.893,0.077
992500,0.030,0.862,0.108
993000,0.030,0.865,0.105
993500,0.030,0.861,0.109
994000,0.030,0.853,0.117
994500,0.030,0.892,0.078
995000,0.030,0.900,0.070
995500,0.030,0.890,0.080
996000,0.030,0.880,0.090
996500,0.030,0.878,0.092
997000,0.030,0.887,0.083
997500,0.030,0.906,0.064
998000,0.030,0.915,0.054
998500,0.030,0.887,0.083
999000,0.030,0.883,0.087
999500,0.030,0.870,0.100
1000000,0.030,0.915,0.055
