time,n_A+p,n_B,n_AB
500,0.030,0.926,0.044
1000,0.030,0.861,0.109
1500,0.030,0.806,0.164
2000,0.030,0.730,0.240
2500,0.030,0.660,0.309
3000,0.030,0.640,0.330
3500,0.030,0.615,0.355
4000,0.030,0.603,0.367
4500,0.032,0.564,0.405
5000,0.030,0.573,0.397
5500,0.030,0.615,0.355
6000,0.030,0.605,0.365
6500,0.030,0.576,0.394
7000,0.030,0.582,0.388
7500,0.030,0.606,0.364
8000,0.030,0.601,0.369
8500,0.030,0.606,0.364
9000,0.030,0.660,0.309
9500,0.030,0.626,0.344
10000,0.030,0.595,0.375
10500,0.030,0.580,0.390
11000,0.030,0.564,0.406
11500,0.030,0.602,0.368
12000,0.030,0.569,0.401
12500,0.030,0.557,0.413
13000,0.030,0.542,0.427
13500,0.030,0.543,0.426
14000,0.030,0.598,0.372
14500,0.030,0.612,0.358
15000,0.030,0.611,0.359
15500,0.030,0.611,0.359
16000,0.030,0.608,0.362
16500,0.030,0.635,0.335
17000,0.030,0.624,0.346
17500,0.030,0.585,0.385
18000,0.030,0.645,0.325
18500,0.030,0.620,0.350
19000,0.030,0.621,0.349
19500,0.030,0.618,0.352
20000,0.030,0.593,0.377
20500,0.030,0.595,0.375
21000,0.030,0.520,0.450
21500,0.030,0.493,0.477
22000,0.030,0.534,0.436
22500,0.031,0.573,0.396
23000,0.030,0.585,0.385
23500,0.030,0.571,0.399
24000,0.030,0.589,0.381
24500,0.030,0.565,0.405
25000,0.030,0.606,0.364
25500,0.030,0.627,0.343
26000,0.030,0.605,0.365
26500,0.030,0.561,0.408
27000,0.030,0.531,0.439
27500,0.030,0.578,0.392
28000,0.030,0.609,0.361
28500,0.030,0.601,0.369
29000,0.030,0.556,0.413
29500,0.030,0.559,0.411
30000,0.030,0.594,0.376
30500,0.030,0.588,0.382
31000,0.030,0.611,0.359
31500,0.030,0.603,0.367
32000,0.030,0.643,0.327
32500,0.030,0.616,0.354
33000,0.030,0.584,0.386
33500,0.030,0.591,0.379
34000,0.030,0.618,0.352
34500,0.030,0.620,0.350
35000,0.030,0.611,0.359
35500,0.030,0.603,0.367
36000,0.032,0.617,0.351
36500,0.030,0.626,0.344
37000,0.030,0.621,0.349
37500,0.030,0.637,0.333
38000,0.030,0.627,0.343
38500,0.030,0.608,0.362
39000,0.030,0.636,0.334
39500,0.030,0.591,0.379
40000,0.030,0.585,0.385
40500,0.030,0.631,0.339
41000,0.030,0.615,0.355
41500,0.033,0.640,0.327
42000,0.030,0.631,0.338
42500,0.030,0.654,0.316
43000,0.030,0.638,0.332
43500,0.030,0.609,0.361
44000,0.030,0.594,0.376
44500,0.030,0.556,0.413
45000,0.030,0.523,0.447
45500,0.030,0.520,0.450
46000,0.030,0.583,0.387
46500,0.030,0.573,0.397
47000,0.030,0.589,0.381
47500,0.030,0.571,0.399
48000,0.030,0.585,0.385
48500,0.030,0.619,0.351
49000,0.030,0.617,0.353
49500,0.030,0.576,0.394
50000,0.030,0.610,0.360
50500,0.030,0.648,0.322
51000,0.030,0.623,0.347
51500,0.030,0.603,0.367
52000,0.030,0.585,0.385
52500,0.030,0.604,0.366
53000,0.030,0.609,0.361
53500,0.030,0.589,0.381
54000,0.030,0.618,0.352
54500,0.030,0.619,0.351
55000,0.030,0.605,0.365
55500,0.030,0.565,0.405
56000,0.030,0.554,0.416
56500,0.030,0.596,0.374
57000,0.030,0.612,0.358
57500,0.030,0.575,0.395
58000,0.030,0.571,0.399
58500,0.030,0.646,0.324
59000,0.030,0.690,0.280
59500,0.030,0.698,0.272
60000,0.030,0.651,0.319
60500,0.030,0.621,0.349
61000,0.030,0.643,0.327
61500,0.030,0.652,0.318
62000,0.030,0.629,0.341
62500,0.030,0.609,0.361
63000,0.030,0.617,0.353
63500,0.030,0.619,0.351
64000,0.030,0.599,0.371
64500,0.030,0.554,0.415
65000,0.030,0.536,0.434
65500,0.030,0.584,0.386
66000,0.030,0.597,0.373
66500,0.030,0.627,0.343
67000,0.030,0.612,0.358
67500,0.030,0.606,0.364
68000,0.033,0.617,0.351
68500,0.032,0.625,0.344
69000,0.030,0.578,0.392
69500,0.030,0.598,0.372
70000,0.033,0.569,0.399
70500,0.032,0.596,0.372
71000,0.030,0.586,0.384
71500,0.030,0.561,0.409
72000,0.030,0.565,0.405
72500,0.030,0.557,0.412
73000,0.030,0.496,0.473
73500,0.030,0.551,0.418
74000,0.032,0.577,0.392
74500,0.030,0.577,0.393
75000,0.030,0.570,0.400
75500,0.030,0.568,0.402
76000,0.030,0.602,0.368
76500,0.032,0.612,0.356
77000,0.032,0.535,0.433
77500,0.030,0.610,0.360
78000,0.030,0.606,0.364
78500,0.030,0.632,0.338
79000,0.030,0.629,0.341
79500,0.030,0.672,0.298
80000,0.030,0.658,0.311
80500,0.030,0.620,0.350
81000,0.030,0.660,0.310
81500,0.030,0.655,0.315
82000,0.030,0.641,0.329
82500,0.030,0.638,0.332
83000,0.032,0.610,0.359
83500,0.031,0.578,0.391
84000,0.030,0.566,0.404
84500,0.030,0.544,0.425
85000,0.030,0.548,0.421
85500,0.030,0.621,0.349
86000,0.030,0.610,0.360
86500,0.030,0.593,0.377
87000,0.030,0.554,0.415
87500,0.030,0.598,0.372
88000,0.030,0.586,0.384
88500,0.030,0.585,0.385
89000,0.032,0.565,0.403
89500,0.030,0.573,0.397
90000,0.030,0.589,0.381
90500,0.030,0.609,0.361
91000,0.030,0.580,0.390
91500,0.030,0.589,0.381
92000,0.030,0.631,0.339
92500,0.030,0.636,0.334
93000,0.030,0.607,0.363
93500,0.030,0.609,0.361
94000,0.030,0.577,0.393
94500,0.032,0.568,0.401
95000,0.030,0.540,0.429
95500,0.030,0.536,0.434
96000,0.030,0.546,0.423
96500,0.030,0.517,0.453
97000,0.030,0.515,0.455
97500,0.032,0.522,0.446
98000,0.030,0.526,0.443
98500,0.030,0.575,0.395
99000,0.030,0.568,0.402
99500,0.030,0.596,0.374
100000,0.030,0.608,0.362
100500,0.030,0.604,0.366
101000,0.030,0.609,0.361
101500,0.030,0.567,0.403
102000,0.030,0.597,0.373
102500,0.030,0.601,0.369
103000,0.030,0.637,0.333
103500,0.030,0.650,0.320
104000,0.030,0.643,0.327
104500,0.030,0.645,0.325
105000,0.030,0.631,0.339
105500,0.030,0.645,0.325
106000,0.030,0.625,0.345
106500,0.030,0.656,0.314
107000,0.030,0.628,0.342
107500,0.030,0.632,0.338
108000,0.030,0.666,0.304
108500,0.030,0.667,0.302
109000,0.030,0.622,0.348
109500,0.030,0.589,0.381
110000,0.030,0.593,0.377
110500,0.030,0.575,0.395
111000,0.030,0.556,0.413
111500,0.030,0.557,0.412
112000,0.030,0.572,0.398
112500,0.030,0.585,0.385
113000,0.030,0.589,0.381
113500,0.030,0.596,0.374
114000,0.030,0.581,0.389
114500,0.030,0.551,0.418
115000,0.030,0.562,0.408
115500,0.030,0.629,0.341
116000,0.030,0.614,0.356
116500,0.030,0.627,0.343
117000,0.030,0.584,0.386
117500,0.030,0.590,0.380
118000,0.030,0.599,0.371
118500,0.030,0.627,0.343
119000,0.030,0.592,0.378
119500,0.032,0.572,0.396
120000,0.030,0.620,0.350
120500,0.030,0.595,0.375
121000,0.031,0.611,0.358
121500,0.031,0.606,0.363
122000,0.030,0.621,0.349
122500,0.030,0.607,0.363
123000,0.030,0.603,0.367
123500,0.030,0.583,0.387
124000,0.030,0.602,0.368
124500,0.030,0.611,0.359
125000,0.030,0.570,0.400
125500,0.030,0.588,0.382
126000,0.030,0.629,0.341
126500,0.030,0.619,0.351
127000,0.030,0.624,0.346
127500,0.030,0.617,0.353
128000,0.030,0.585,0.385
128500,0.030,0.565,0.405
129000,0.030,0.621,0.349
129500,0.030,0.564,0.406
130000,0.030,0.613,0.357
130500,0.030,0.620,0.350
131000,0.030,0.641,0.329
131500,0.030,0.601,0.369
132000,0.030,0.602,0.368
132500,0.033,0.574,0.393
133000,0.030,0.555,0.414
133500,0.030,0.576,0.394
134000,0.030,0.601,0.369
134500,0.030,0.564,0.406
135000,0.036,0.583,0.381
135500,0.031,0.593,0.376
136000,0.030,0.553,0.417
136500,0.030,0.570,0.400
137000,0.030,0.611,0.359
137500,0.030,0.628,0.342
138000,0.030,0.670,0.300
138500,0.030,0.623,0.347
139000,0.030,0.618,0.352
139500,0.030,0.588,0.382
140000,0.033,0.562,0.405
140500,0.032,0.568,0.400
141000,0.031,0.549,0.419
141500,0.030,0.566,0.404
142000,0.030,0.594,0.376
142500,0.030,0.566,0.404
143000,0.030,0.597,0.373
143500,0.030,0.610,0.360
144000,0.030,0.604,0.366
144500,0.030,0.570,0.400
145000,0.030,0.564,0.406
145500,0.035,0.555,0.409
146000,0.034,0.547,0.419
146500,0.032,0.532,0.436
147000,0.032,0.519,0.449
147500,0.030,0.547,0.422
148000,0.030,0.523,0.447
148500,0.030,0.515,0.455
149000,0.030,0.499,0.470
149500,0.030,0.502,0.468
150000,0.030,0.524,0.446
150500,0.030,0.553,0.417
151000,0.030,0.572,0.398
151500,0.030,0.601,0.369
152000,0.030,0.610,0.360
152500,0.030,0.580,0.390
153000,0.030,0.579,0.391
153500,0.030,0.574,0.396
154000,0.030,0.578,0.392
154500,0.030,0.607,0.363
155000,0.030,0.589,0.381
155500,0.030,0.597,0.373
156000,0.030,0.584,0.386
156500,0.030,0.555,0.414
157000,0.030,0.568,0.402
157500,0.030,0.566,0.404
158000,0.030,0.591,0.379
158500,0.030,0.585,0.385
159000,0.030,0.572,0.398
159500,0.030,0.569,0.401
160000,0.030,0.529,0.441
160500,0.032,0.505,0.463
161000,0.030,0.557,0.412
161500,0.030,0.567,0.403
162000,0.030,0.595,0.375
162500,0.030,0.591,0.379
163000,0.030,0.592,0.378
163500,0.030,0.610,0.360
164000,0.030,0.595,0.375
164500,0.030,0.629,0.341
165000,0.030,0.576,0.394
165500,0.030,0.581,0.389
166000,0.030,0.609,0.361
166500,0.030,0.610,0.360
167000,0.030,0.624,0.346
167500,0.030,0.624,0.346
168000,0.030,0.650,0.320
168500,0.030,0.658,0.312
169000,0.030,0.631,0.339
169500,0.030,0.637,0.333
170000,0.030,0.668,0.301
170500,0.030,0.642,0.328
171000,0.030,0.640,0.330
171500,0.030,0.593,0.377
172000,0.030,0.585,0.385
172500,0.030,0.588,0.382
173000,0.030,0.613,0.357
173500,0.030,0.610,0.360
174000,0.030,0.611,0.359
174500,0.030,0.608,0.362
175000,0.030,0.627,0.343
175500,0.030,0.636,0.334
176000,0.030,0.637,0.333
176500,0.030,0.637,0.333
177000,0.030,0.653,0.317
177500,0.030,0.612,0.358
178000,0.033,0.607,0.361
178500,0.033,0.605,0.362
179000,0.031,0.577,0.392
179500,0.032,0.565,0.404
180000,0.030,0.616,0.354
180500,0.030,0.665,0.305
181000,0.030,0.632,0.338
181500,0.032,0.610,0.358
182000,0.031,0.577,0.392
182500,0.030,0.607,0.363
183000,0.030,0.558,0.412
183500,0.033,0.560,0.407
184000,0.031,0.588,0.381
184500,0.030,0.624,0.346
185000,0.030,0.599,0.371
185500,0.032,0.603,0.366
186000,0.030,0.576,0.394
186500,0.030,0.561,0.408
187000,0.030,0.587,0.383
187500,0.030,0.591,0.379
188000,0.030,0.626,0.344
188500,0.030,0.559,0.410
189000,0.030,0.592,0.378
189500,0.030,0.586,0.384
190000,0.030,0.525,0.445
190500,0.030,0.523,0.447
191000,0.030,0.523,0.447
191500,0.034,0.568,0.399
192000,0.030,0.596,0.374
192500,0.030,0.601,0.369
193000,0.030,0.591,0.379
193500,0.030,0.611,0.359
194000,0.030,0.563,0.407
194500,0.030,0.570,0.400
195000,0.030,0.571,0.399
195500,0.030,0.558,0.411
196000,0.030,0.644,0.326
196500,0.030,0.682,0.288
197000,0.030,0.647,0.323
197500,0.030,0.636,0.334
198000,0.030,0.641,0.329
198500,0.030,0.593,0.377
199000,0.030,0.624,0.346
199500,0.030,0.671,0.298
200000,0.030,0.638,0.332
200500,0.030,0.620,0.350
201000,0.030,0.666,0.303
201500,0.030,0.649,0.321
202000,0.030,0.648,0.322
202500,0.030,0.586,0.384
203000,0.032,0.601,0.367
203500,0.030,0.628,0.341
204000,0.030,0.599,0.371
204500,0.030,0.612,0.358
205000,0.030,0.585,0.385
205500,0.030,0.595,0.375
206000,0.035,0.568,0.397
206500,0.032,0.578,0.390
207000,0.030,0.617,0.353
207500,0.030,0.611,0.359
208000,0.030,0.593,0.377
208500,0.030,0.575,0.395
209000,0.030,0.532,0.438
209500,0.030,0.527,0.443
210000,0.033,0.551,0.416
210500,0.033,0.510,0.458
211000,0.030,0.542,0.427
211500,0.030,0.568,0.402
212000,0.032,0.570,0.398
212500,0.031,0.605,0.364
213000,0.031,0.609,0.360
213500,0.030,0.602,0.368
214000,0.030,0.599,0.371
214500,0.030,0.608,0.362
215000,0.030,0.561,0.408
215500,0.030,0.590,0.380
216000,0.030,0.566,0.404
216500,0.030,0.544,0.426
217000,0.030,0.558,0.411
217500,0.030,0.530,0.440
218000,0.030,0.536,0.433
218500,0.031,0.537,0.431
219000,0.032,0.546,0.422
219500,0.030,0.571,0.399
220000,0.030,0.606,0.364
220500,0.030,0.604,0.366
221000,0.032,0.617,0.352
221500,0.033,0.655,0.311
222000,0.031,0.610,0.359
222500,0.030,0.632,0.338
223000,0.030,0.661,0.309
223500,0.030,0.670,0.299
224000,0.030,0.646,0.324
224500,0.030,0.620,0.350
225000,0.030,0.603,0.367
225500,0.030,0.629,0.341
226000,0.030,0.624,0.346
226500,0.030,0.627,0.343
227000,0.030,0.625,0.345
227500,0.030,0.574,0.396
228000,0.030,0.552,0.418
228500,0.030,0.585,0.385
229000,0.030,0.593,0.377
229500,0.030,0.597,0.373
230000,0.030,0.599,0.371
230500,0.030,0.581,0.389
231000,0.030,0.591,0.379
231500,0.030,0.608,0.362
232000,0.030,0.630,0.340
232500,0.030,0.616,0.354
233000,0.030,0.584,0.386
233500,0.030,0.570,0.400
234000,0.032,0.614,0.354
234500,0.031,0.648,0.321
235000,0.030,0.641,0.329
235500,0.030,0.610,0.360
236000,0.030,0.625,0.345
236500,0.030,0.604,0.366
237000,0.030,0.611,0.359
237500,0.030,0.640,0.330
238000,0.030,0.682,0.287
238500,0.030,0.665,0.305
239000,0.030,0.665,0.304
239500,0.030,0.633,0.337
240000,0.030,0.663,0.307
240500,0.030,0.643,0.327
241000,0.030,0.622,0.348
241500,0.030,0.614,0.356
242000,0.030,0.597,0.373
242500,0.030,0.598,0.372
243000,0.030,0.556,0.414
243500,0.030,0.569,0.401
244000,0.031,0.544,0.424
244500,0.030,0.569,0.401
245000,0.030,0.623,0.347
245500,0.030,0.633,0.337
246000,0.030,0.647,0.323
246500,0.030,0.621,0.349
247000,0.030,0.642,0.328
247500,0.030,0.667,0.302
248000,0.030,0.647,0.323
248500,0.030,0.625,0.345
249000,0.030,0.663,0.306
249500,0.030,0.625,0.345
250000,0.030,0.612,0.358
250500,0.030,0.594,0.376
251000,0.030,0.560,0.409
251500,0.030,0.574,0.396
252000,0.030,0.598,0.372
252500,0.030,0.590,0.380
253000,0.030,0.581,0.389
253500,0.034,0.539,0.427
254000,0.032,0.561,0.407
254500,0.030,0.548,0.421
255000,0.030,0.535,0.434
255500,0.030,0.572,0.398
256000,0.030,0.578,0.392
256500,0.030,0.609,0.361
257000,0.030,0.632,0.338
257500,0.030,0.649,0.321
258000,0.030,0.592,0.378
258500,0.030,0.574,0.396
259000,0.030,0.557,0.413
259500,0.030,0.608,0.362
260000,0.030,0.669,0.301
260500,0.030,0.664,0.305
261000,0.030,0.645,0.325
261500,0.030,0.638,0.332
262000,0.030,0.622,0.348
262500,0.030,0.591,0.379
263000,0.033,0.609,0.359
263500,0.030,0.597,0.373
264000,0.030,0.574,0.396
264500,0.030,0.540,0.430
265000,0.030,0.587,0.383
265500,0.030,0.621,0.349
266000,0.030,0.635,0.335
266500,0.030,0.632,0.338
267000,0.030,0.650,0.320
267500,0.030,0.659,0.311
268000,0.030,0.601,0.369
268500,0.030,0.630,0.340
269000,0.030,0.603,0.367
269500,0.030,0.631,0.339
270000,0.030,0.637,0.333
270500,0.030,0.646,0.324
271000,0.030,0.616,0.354
271500,0.030,0.621,0.349
272000,0.030,0.634,0.336
272500,0.030,0.623,0.347
273000,0.030,0.673,0.297
273500,0.030,0.664,0.305
274000,0.033,0.650,0.317
274500,0.032,0.613,0.356
275000,0.030,0.624,0.346
275500,0.030,0.630,0.340
276000,0.033,0.552,0.415
276500,0.031,0.558,0.411
277000,0.030,0.555,0.414
277500,0.030,0.512,0.457
278000,0.030,0.533,0.436
278500,0.030,0.596,0.374
279000,0.030,0.583,0.387
279500,0.030,0.614,0.356
280000,0.030,0.600,0.370
280500,0.030,0.559,0.411
281000,0.030,0.546,0.423
281500,0.030,0.576,0.394
282000,0.030,0.589,0.381
282500,0.032,0.612,0.356
283000,0.031,0.618,0.351
283500,0.030,0.620,0.350
284000,0.030,0.653,0.317
284500,0.030,0.642,0.328
285000,0.030,0.618,0.352
285500,0.030,0.612,0.358
286000,0.030,0.627,0.343
286500,0.030,0.622,0.348
287000,0.030,0.601,0.369
287500,0.030,0.597,0.373
288000,0.030,0.569,0.401
288500,0.030,0.537,0.433
289000,0.030,0.602,0.368
289500,0.030,0.583,0.387
290000,0.030,0.573,0.397
290500,0.030,0.550,0.420
291000,0.030,0.545,0.425
291500,0.030,0.569,0.401
292000,0.030,0.575,0.395
292500,0.030,0.586,0.384
293000,0.030,0.560,0.409
293500,0.030,0.590,0.380
294000,0.030,0.624,0.346
294500,0.030,0.604,0.366
295000,0.030,0.611,0.359
295500,0.030,0.641,0.329
296000,0.030,0.634,0.336
296500,0.034,0.568,0.398
297000,0.031,0.573,0.396
297500,0.030,0.558,0.411
298000,0.030,0.570,0.400
298500,0.032,0.547,0.421
299000,0.032,0.529,0.439
299500,0.031,0.569,0.400
300000,0.030,0.535,0.434
300500,0.030,0.592,0.378
301000,0.030,0.603,0.367
301500,0.030,0.597,0.373
302000,0.030,0.568,0.402
302500,0.030,0.632,0.338
303000,0.030,0.635,0.335
303500,0.030,0.660,0.310
304000,0.030,0.661,0.309
304500,0.030,0.683,0.286
305000,0.030,0.684,0.285
305500,0.030,0.649,0.321
306000,0.031,0.636,0.333
306500,0.030,0.696,0.274
307000,0.030,0.628,0.342
307500,0.030,0.607,0.363
308000,0.030,0.608,0.362
308500,0.030,0.602,0.368
309000,0.030,0.667,0.303
309500,0.030,0.645,0.325
310000,0.030,0.625,0.345
310500,0.030,0.644,0.326
311000,0.030,0.582,0.388
311500,0.030,0.596,0.374
312000,0.033,0.612,0.356
312500,0.031,0.611,0.358
313000,0.031,0.592,0.377
313500,0.030,0.609,0.361
314000,0.030,0.642,0.328
314500,0.030,0.626,0.344
315000,0.030,0.628,0.342
315500,0.030,0.628,0.342
316000,0.030,0.568,0.402
316500,0.030,0.541,0.429
317000,0.030,0.516,0.454
317500,0.031,0.496,0.473
318000,0.033,0.508,0.459
318500,0.030,0.534,0.435
319000,0.030,0.537,0.432
319500,0.030,0.553,0.416
320000,0.030,0.540,0.429
320500,0.030,0.561,0.409
321000,0.030,0.580,0.390
321500,0.030,0.560,0.410
322000,0.033,0.585,0.382
322500,0.031,0.625,0.344
323000,0.030,0.595,0.375
323500,0.030,0.567,0.403
324000,0.030,0.570,0.400
324500,0.030,0.561,0.408
325000,0.030,0.563,0.407
325500,0.032,0.578,0.390
326000,0.031,0.603,0.366
326500,0.030,0.617,0.353
327000,0.030,0.590,0.380
327500,0.030,0.618,0.352
328000,0.030,0.608,0.362
328500,0.030,0.574,0.396
329000,0.030,0.570,0.400
329500,0.030,0.604,0.366
330000,0.030,0.612,0.358
330500,0.030,0.627,0.343
331000,0.030,0.630,0.340
331500,0.036,0.585,0.379
332000,0.033,0.587,0.380
332500,0.032,0.602,0.367
333000,0.031,0.620,0.349
333500,0.030,0.628,0.342
334000,0.030,0.638,0.332
334500,0.030,0.595,0.375
335000,0.030,0.610,0.360
335500,0.030,0.608,0.362
336000,0.030,0.645,0.325
336500,0.030,0.664,0.305
337000,0.030,0.666,0.303
337500,0.030,0.664,0.306
338000,0.030,0.661,0.309
338500,0.030,0.661,0.309
339000,0.030,0.625,0.345
339500,0.030,0.649,0.321
340000,0.030,0.632,0.338
340500,0.030,0.602,0.368
341000,0.030,0.582,0.388
341500,0.030,0.550,0.419
342000,0.030,0.546,0.424
342500,0.030,0.590,0.380
343000,0.030,0.610,0.360
343500,0.030,0.630,0.340
344000,0.030,0.675,0.295
344500,0.030,0.639,0.331
345000,0.030,0.607,0.363
345500,0.030,0.533,0.437
346000,0.032,0.549,0.418
346500,0.033,0.555,0.412
347000,0.030,0.540,0.429
347500,0.033,0.529,0.439
348000,0.032,0.535,0.433
348500,0.030,0.561,0.408
349000,0.030,0.560,0.409
349500,0.030,0.637,0.333
350000,0.030,0.619,0.351
350500,0.030,0.633,0.337
351000,0.030,0.625,0.345
351500,0.030,0.623,0.347
352000,0.030,0.597,0.373
352500,0.030,0.622,0.348
353000,0.030,0.597,0.373
353500,0.030,0.612,0.358
354000,0.030,0.646,0.324
354500,0.030,0.609,0.361
355000,0.030,0.619,0.351
355500,0.030,0.643,0.327
356000,0.030,0.694,0.276
356500,0.030,0.682,0.287
357000,0.030,0.644,0.326
357500,0.030,0.606,0.364
358000,0.030,0.611,0.359
358500,0.035,0.569,0.396
359000,0.032,0.590,0.378
359500,0.030,0.604,0.366
360000,0.030,0.595,0.375
360500,0.030,0.606,0.364
361000,0.030,0.591,0.379
361500,0.033,0.556,0.411
362000,0.032,0.530,0.438
362500,0.030,0.538,0.431
363000,0.030,0.555,0.414
363500,0.030,0.538,0.432
364000,0.030,0.534,0.435
364500,0.031,0.507,0.462
365000,0.031,0.525,0.444
365500,0.030,0.529,0.441
366000,0.030,0.503,0.467
366500,0.030,0.492,0.477
367000,0.030,0.524,0.446
367500,0.031,0.563,0.406
368000,0.030,0.580,0.390
368500,0.030,0.570,0.400
369000,0.033,0.572,0.396
369500,0.031,0.574,0.395
370000,0.030,0.576,0.394
370500,0.031,0.594,0.375
371000,0.030,0.592,0.378
371500,0.030,0.624,0.346
372000,0.030,0.585,0.385
372500,0.030,0.581,0.389
373000,0.030,0.572,0.398
373500,0.033,0.569,0.399
374000,0.030,0.577,0.393
374500,0.033,0.554,0.413
375000,0.032,0.546,0.422
375500,0.030,0.537,0.432
376000,0.030,0.561,0.409
376500,0.030,0.558,0.411
377000,0.030,0.555,0.415
377500,0.030,0.524,0.446
378000,0.030,0.565,0.405
378500,0.030,0.578,0.392
379000,0.030,0.575,0.395
379500,0.030,0.585,0.385
380000,0.030,0.587,0.383
380500,0.030,0.593,0.377
381000,0.030,0.550,0.419
381500,0.032,0.527,0.441
382000,0.035,0.535,0.429
382500,0.031,0.572,0.397
383000,0.030,0.522,0.448
383500,0.031,0.522,0.447
384000,0.030,0.580,0.390
384500,0.030,0.606,0.364
385000,0.030,0.604,0.366
385500,0.030,0.596,0.374
386000,0.030,0.636,0.334
386500,0.030,0.617,0.353
387000,0.030,0.582,0.388
387500,0.030,0.602,0.368
388000,0.030,0.581,0.389
388500,0.030,0.560,0.409
389000,0.030,0.544,0.426
389500,0.030,0.590,0.380
390000,0.030,0.580,0.390
390500,0.030,0.583,0.387
391000,0.030,0.587,0.383
391500,0.030,0.598,0.372
392000,0.030,0.585,0.385
392500,0.030,0.610,0.360
393000,0.030,0.661,0.308
393500,0.030,0.617,0.353
394000,0.030,0.583,0.387
394500,0.030,0.616,0.354
395000,0.030,0.579,0.391
395500,0.030,0.599,0.371
396000,0.030,0.629,0.341
396500,0.030,0.640,0.330
397000,0.030,0.656,0.314
397500,0.033,0.692,0.276
398000,0.031,0.628,0.341
398500,0.031,0.639,0.330
399000,0.030,0.573,0.397
399500,0.030,0.582,0.388
400000,0.032,0.569,0.399
400500,0.030,0.554,0.415
401000,0.030,0.678,0.291
401500,0.030,0.625,0.345
402000,0.030,0.632,0.338
402500,0.030,0.629,0.341
403000,0.030,0.641,0.329
403500,0.030,0.630,0.340
404000,0.030,0.607,0.363
404500,0.030,0.598,0.372
405000,0.030,0.609,0.361
405500,0.030,0.618,0.352
406000,0.030,0.628,0.342
406500,0.030,0.655,0.315
407000,0.030,0.617,0.353
407500,0.030,0.602,0.368
408000,0.030,0.558,0.411
408500,0.031,0.538,0.430
409000,0.031,0.534,0.434
409500,0.034,0.541,0.424
410000,0.032,0.550,0.418
410500,0.030,0.531,0.439
411000,0.030,0.578,0.392
411500,0.030,0.606,0.364
412000,0.030,0.581,0.389
412500,0.030,0.592,0.378
413000,0.030,0.568,0.402
413500,0.030,0.561,0.409
414000,0.030,0.520,0.450
414500,0.033,0.539,0.427
415000,0.031,0.560,0.409
415500,0.031,0.577,0.392
416000,0.030,0.606,0.364
416500,0.030,0.614,0.356
417000,0.030,0.632,0.338
417500,0.030,0.653,0.317
418000,0.030,0.623,0.347
418500,0.030,0.601,0.369
419000,0.030,0.643,0.327
419500,0.030,0.630,0.340
420000,0.030,0.641,0.329
420500,0.030,0.587,0.383
421000,0.030,0.598,0.372
421500,0.030,0.602,0.368
422000,0.030,0.605,0.365
422500,0.030,0.621,0.349
423000,0.030,0.650,0.320
423500,0.030,0.616,0.354
424000,0.030,0.634,0.336
424500,0.030,0.567,0.403
425000,0.031,0.574,0.395
425500,0.030,0.581,0.389
426000,0.030,0.608,0.362
426500,0.030,0.595,0.375
427000,0.030,0.609,0.361
427500,0.033,0.590,0.378
428000,0.031,0.641,0.328
428500,0.030,0.604,0.366
429000,0.030,0.598,0.372
429500,0.033,0.582,0.385
430000,0.030,0.598,0.372
430500,0.030,0.587,0.383
431000,0.030,0.557,0.412
431500,0.033,0.580,0.388
432000,0.030,0.578,0.392
432500,0.030,0.601,0.369
433000,0.030,0.602,0.368
433500,0.030,0.598,0.372
434000,0.030,0.607,0.363
434500,0.030,0.602,0.368
435000,0.030,0.609,0.361
435500,0.030,0.609,0.361
436000,0.030,0.580,0.390
436500,0.030,0.578,0.392
437000,0.030,0.607,0.363
437500,0.030,0.626,0.344
438000,0.030,0.623,0.347
438500,0.030,0.633,0.337
439000,0.033,0.635,0.332
439500,0.030,0.605,0.365
440000,0.030,0.670,0.300
440500,0.030,0.676,0.294
441000,0.030,0.644,0.326
441500,0.030,0.589,0.381
442000,0.030,0.594,0.376
442500,0.030,0.613,0.357
443000,0.030,0.617,0.353
443500,0.032,0.643,0.325
444000,0.030,0.604,0.366
444500,0.031,0.616,0.353
445000,0.030,0.620,0.350
445500,0.030,0.580,0.390
446000,0.030,0.565,0.405
446500,0.030,0.606,0.364
447000,0.030,0.656,0.314
447500,0.030,0.623,0.347
448000,0.030,0.644,0.326
448500,0.030,0.607,0.363
449000,0.030,0.560,0.410
449500,0.032,0.554,0.414
450000,0.034,0.532,0.434
450500,0.032,0.594,0.375
451000,0.034,0.644,0.323
451500,0.030,0.669,0.301
452000,0.030,0.628,0.342
452500,0.030,0.632,0.338
453000,0.030,0.592,0.378
453500,0.030,0.584,0.386
454000,0.030,0.566,0.404
454500,0.030,0.567,0.403
455000,0.030,0.589,0.381
455500,0.030,0.619,0.351
456000,0.030,0.649,0.321
456500,0.030,0.626,0.344
457000,0.030,0.605,0.365
457500,0.030,0.590,0.380
458000,0.030,0.589,0.381
458500,0.030,0.599,0.371
459000,0.031,0.617,0.352
459500,0.030,0.642,0.328
460000,0.030,0.652,0.318
460500,0.030,0.647,0.323
461000,0.030,0.628,0.342
461500,0.030,0.624,0.346
462000,0.030,0.620,0.350
462500,0.030,0.601,0.369
463000,0.030,0.586,0.384
463500,0.030,0.573,0.397
464000,0.032,0.597,0.372
464500,0.030,0.598,0.372
465000,0.030,0.591,0.379
465500,0.030,0.627,0.343
466000,0.030,0.647,0.323
466500,0.030,0.603,0.367
467000,0.030,0.608,0.362
467500,0.030,0.630,0.340
468000,0.030,0.661,0.309
468500,0.030,0.643,0.327
469000,0.030,0.640,0.330
469500,0.030,0.622,0.348
470000,0.030,0.574,0.396
470500,0.031,0.596,0.373
471000,0.030,0.558,0.412
471500,0.030,0.590,0.380
472000,0.030,0.599,0.371
472500,0.030,0.635,0.335
473000,0.030,0.588,0.382
473500,0.030,0.590,0.380
474000,0.030,0.598,0.372
474500,0.030,0.552,0.418
475000,0.031,0.545,0.424
475500,0.030,0.613,0.357
476000,0.030,0.587,0.383
476500,0.030,0.603,0.367
477000,0.030,0.618,0.352
477500,0.030,0.596,0.374
478000,0.030,0.586,0.384
478500,0.030,0.582,0.388
479000,0.034,0.612,0.354
479500,0.033,0.627,0.340
480000,0.030,0.612,0.358
480500,0.030,0.602,0.368
481000,0.030,0.596,0.374
481500,0.030,0.633,0.337
482000,0.030,0.629,0.341
482500,0.030,0.623,0.347
483000,0.030,0.622,0.348
483500,0.032,0.627,0.342
484000,0.030,0.619,0.351
484500,0.030,0.604,0.366
485000,0.030,0.599,0.371
485500,0.030,0.587,0.383
486000,0.030,0.569,0.401
486500,0.030,0.565,0.405
487000,0.030,0.542,0.427
487500,0.030,0.586,0.384
488000,0.030,0.575,0.395
488500,0.030,0.584,0.386
489000,0.030,0.584,0.386
489500,0.030,0.599,0.371
490000,0.030,0.587,0.383
490500,0.030,0.589,0.381
491000,0.030,0.634,0.336
491500,0.030,0.623,0.347
492000,0.030,0.651,0.319
492500,0.030,0.669,0.300
493000,0.030,0.654,0.316
493500,0.030,0.663,0.306
494000,0.030,0.646,0.324
494500,0.030,0.560,0.410
495000,0.030,0.523,0.447
495500,0.030,0.565,0.405
496000,0.030,0.581,0.389
496500,0.030,0.593,0.377
497000,0.030,0.575,0.395
497500,0.030,0.583,0.387
498000,0.030,0.620,0.350
498500,0.030,0.609,0.361
499000,0.030,0.620,0.350
499500,0.030,0.615,0.355
500000,0.030,0.633,0.337
500500,0.030,0.613,0.357
501000,0.030,0.633,0.337
501500,0.030,0.541,0.428
502000,0.030,0.585,0.385
502500,0.034,0.600,0.367
503000,0.032,0.569,0.400
503500,0.031,0.520,0.449
504000,0.034,0.529,0.438
504500,0.032,0.603,0.366
505000,0.031,0.615,0.354
505500,0.030,0.568,0.402
506000,0.030,0.594,0.376
506500,0.032,0.615,0.353
507000,0.030,0.598,0.372
507500,0.030,0.560,0.409
508000,0.030,0.593,0.377
508500,0.030,0.591,0.379
509000,0.030,0.606,0.364
509500,0.030,0.619,0.351
510000,0.030,0.618,0.352
510500,0.030,0.603,0.367
511000,0.032,0.593,0.375
511500,0.031,0.591,0.378
512000,0.031,0.595,0.374
512500,0.030,0.637,0.333
513000,0.030,0.612,0.358
513500,0.030,0.559,0.411
514000,0.030,0.613,0.357
514500,0.030,0.586,0.384
515000,0.033,0.609,0.358
515500,0.030,0.611,0.359
516000,0.030,0.630,0.340
516500,0.030,0.638,0.332
517000,0.030,0.602,0.368
517500,0.030,0.636,0.334
518000,0.030,0.637,0.333
518500,0.030,0.600,0.370
519000,0.030,0.618,0.352
519500,0.030,0.638,0.332
520000,0.033,0.623,0.345
520500,0.030,0.604,0.366
521000,0.030,0.603,0.367
521500,0.030,0.608,0.362
522000,0.030,0.605,0.365
522500,0.031,0.638,0.331
523000,0.032,0.679,0.289
523500,0.030,0.643,0.327
524000,0.030,0.626,0.344
524500,0.030,0.607,0.363
525000,0.033,0.579,0.388
525500,0.031,0.529,0.440
526000,0.032,0.536,0.432
526500,0.035,0.535,0.430
527000,0.030,0.597,0.373
527500,0.030,0.597,0.373
528000,0.030,0.670,0.300
528500,0.030,0.645,0.325
529000,0.030,0.673,0.297
529500,0.030,0.691,0.279
530000,0.030,0.679,0.290
530500,0.030,0.607,0.363
531000,0.030,0.611,0.359
531500,0.030,0.602,0.368
532000,0.030,0.608,0.362
532500,0.030,0.637,0.333
533000,0.030,0.604,0.366
533500,0.030,0.619,0.351
534000,0.030,0.625,0.345
534500,0.030,0.640,0.330
535000,0.030,0.641,0.329
535500,0.030,0.653,0.317
536000,0.030,0.638,0.332
536500,0.030,0.619,0.351
537000,0.030,0.641,0.329
537500,0.030,0.564,0.406
538000,0.030,0.560,0.409
538500,0.030,0.559,0.411
539000,0.030,0.573,0.397
539500,0.030,0.578,0.392
540000,0.030,0.625,0.345
540500,0.030,0.613,0.357
541000,0.030,0.631,0.339
541500,0.030,0.624,0.346
542000,0.030,0.667,0.303
542500,0.030,0.608,0.362
543000,0.030,0.582,0.388
543500,0.030,0.602,0.368
544000,0.030,0.616,0.354
544500,0.030,0.600,0.370
545000,0.030,0.553,0.416
545500,0.030,0.609,0.361
546000,0.030,0.599,0.371
546500,0.030,0.619,0.351
547000,0.030,0.607,0.363
547500,0.030,0.600,0.370
548000,0.030,0.593,0.377
548500,0.031,0.591,0.378
549000,0.030,0.586,0.384
549500,0.032,0.600,0.368
550000,0.031,0.559,0.410
550500,0.030,0.601,0.369
551000,0.030,0.578,0.392
551500,0.030,0.601,0.369
552000,0.030,0.607,0.363
552500,0.030,0.580,0.390
553000,0.030,0.621,0.349
553500,0.030,0.644,0.326
554000,0.030,0.670,0.300
554500,0.030,0.629,0.341
555000,0.030,0.623,0.347
555500,0.030,0.640,0.330
556000,0.033,0.619,0.348
556500,0.030,0.584,0.386
557000,0.030,0.585,0.385
557500,0.030,0.573,0.397
558000,0.030,0.572,0.398
558500,0.030,0.597,0.373
559000,0.030,0.606,0.364
559500,0.032,0.635,0.334
560000,0.030,0.655,0.315
560500,0.030,0.639,0.331
561000,0.034,0.601,0.366
561500,0.032,0.603,0.365
562000,0.030,0.577,0.393
562500,0.030,0.586,0.384
563000,0.032,0.570,0.398
563500,0.030,0.594,0.376
564000,0.030,0.624,0.346
564500,0.030,0.652,0.318
565000,0.030,0.622,0.348
565500,0.030,0.638,0.332
566000,0.030,0.591,0.379
566500,0.030,0.595,0.375
567000,0.030,0.614,0.356
567500,0.030,0.576,0.394
568000,0.030,0.608,0.362
568500,0.030,0.637,0.333
569000,0.030,0.607,0.363
569500,0.030,0.599,0.371
570000,0.030,0.578,0.392
570500,0.030,0.569,0.401
571000,0.030,0.627,0.343
571500,0.030,0.639,0.331
572000,0.030,0.698,0.272
572500,0.030,0.670,0.299
573000,0.030,0.639,0.331
573500,0.030,0.582,0.388
574000,0.030,0.561,0.408
574500,0.030,0.584,0.386
575000,0.033,0.609,0.358
575500,0.031,0.597,0.372
576000,0.030,0.590,0.380
576500,0.030,0.610,0.360
577000,0.030,0.650,0.320
577500,0.030,0.624,0.346
578000,0.030,0.644,0.326
578500,0.030,0.662,0.308
579000,0.030,0.663,0.307
579500,0.030,0.654,0.316
580000,0.030,0.681,0.289
580500,0.030,0.606,0.364
581000,0.030,0.606,0.364
581500,0.030,0.615,0.355
582000,0.030,0.623,0.347
582500,0.030,0.606,0.364
583000,0.030,0.620,0.350
583500,0.030,0.605,0.365
584000,0.030,0.609,0.361
584500,0.030,0.581,0.389
585000,0.031,0.625,0.344
585500,0.033,0.647,0.321
586000,0.031,0.609,0.360
586500,0.030,0.639,0.331
587000,0.030,0.633,0.337
587500,0.030,0.674,0.295
588000,0.030,0.653,0.317
588500,0.030,0.684,0.286
589000,0.030,0.640,0.330
589500,0.030,0.659,0.311
590000,0.030,0.599,0.371
590500,0.030,0.619,0.351
591000,0.030,0.632,0.338
591500,0.030,0.611,0.359
592000,0.030,0.596,0.374
592500,0.030,0.594,0.376
593000,0.030,0.566,0.404
593500,0.033,0.576,0.391
594000,0.032,0.586,0.382
594500,0.030,0.595,0.375
595000,0.030,0.611,0.359
595500,0.030,0.608,0.362
596000,0.030,0.595,0.375
596500,0.030,0.616,0.354
597000,0.030,0.593,0.377
597500,0.030,0.625,0.345
598000,0.030,0.592,0.378
598500,0.030,0.607,0.363
599000,0.030,0.547,0.423
599500,0.030,0.554,0.416
600000,0.030,0.590,0.380
600500,0.030,0.558,0.412
601000,0.030,0.571,0.399
601500,0.030,0.556,0.413
602000,0.030,0.556,0.414
602500,0.030,0.567,0.403
603000,0.035,0.564,0.402
603500,0.032,0.544,0.424
604000,0.030,0.598,0.372
604500,0.030,0.573,0.397
605000,0.030,0.577,0.393
605500,0.030,0.583,0.387
606000,0.030,0.593,0.377
606500,0.033,0.595,0.372
607000,0.033,0.577,0.390
607500,0.030,0.558,0.412
608000,0.030,0.589,0.381
608500,0.030,0.587,0.383
609000,0.030,0.602,0.368
609500,0.030,0.586,0.384
610000,0.030,0.579,0.391
610500,0.030,0.629,0.341
611000,0.030,0.606,0.364
611500,0.030,0.634,0.336
612000,0.033,0.596,0.372
612500,0.030,0.630,0.339
613000,0.030,0.579,0.391
613500,0.030,0.595,0.375
614000,0.030,0.641,0.329
614500,0.030,0.613,0.357
615000,0.030,0.613,0.357
615500,0.030,0.549,0.420
616000,0.030,0.615,0.355
616500,0.030,0.622,0.348
617000,0.030,0.616,0.354
617500,0.030,0.590,0.380
618000,0.030,0.606,0.364
618500,0.030,0.591,0.379
619000,0.030,0.570,0.400
619500,0.030,0.593,0.377
620000,0.030,0.570,0.400
620500,0.030,0.543,0.427
621000,0.034,0.569,0.398
621500,0.032,0.570,0.399
622000,0.030,0.569,0.401
622500,0.030,0.588,0.382
623000,0.033,0.534,0.432
623500,0.032,0.549,0.419
624000,0.031,0.582,0.387
624500,0.030,0.582,0.388
625000,0.032,0.578,0.390
625500,0.032,0.568,0.401
626000,0.030,0.547,0.422
626500,0.030,0.588,0.382
627000,0.030,0.579,0.391
627500,0.030,0.574,0.396
628000,0.034,0.570,0.397
628500,0.031,0.575,0.394
629000,0.030,0.583,0.387
629500,0.030,0.579,0.391
630000,0.030,0.577,0.393
630500,0.030,0.625,0.345
631000,0.030,0.579,0.391
631500,0.032,0.520,0.448
632000,0.030,0.529,0.440
632500,0.030,0.548,0.421
633000,0.032,0.547,0.421
633500,0.030,0.537,0.432
634000,0.030,0.569,0.401
634500,0.030,0.593,0.377
635000,0.030,0.571,0.399
635500,0.030,0.582,0.388
636000,0.030,0.602,0.368
636500,0.030,0.615,0.355
637000,0.030,0.630,0.340
637500,0.032,0.617,0.352
638000,0.031,0.594,0.375
638500,0.031,0.618,0.351
639000,0.030,0.641,0.329
639500,0.030,0.611,0.359
640000,0.030,0.626,0.344
640500,0.030,0.660,0.309
641000,0.030,0.638,0.332
641500,0.030,0.622,0.348
642000,0.030,0.614,0.356
642500,0.030,0.626,0.344
643000,0.030,0.694,0.276
643500,0.030,0.650,0.320
644000,0.033,0.658,0.308
644500,0.032,0.622,0.347
645000,0.030,0.639,0.330
645500,0.030,0.601,0.369
646000,0.030,0.556,0.413
646500,0.030,0.521,0.449
647000,0.030,0.551,0.418
647500,0.030,0.575,0.395
648000,0.030,0.593,0.377
648500,0.030,0.619,0.351
649000,0.030,0.654,0.316
649500,0.030,0.650,0.320
650000,0.030,0.650,0.320
650500,0.030,0.632,0.338
651000,0.030,0.624,0.346
651500,0.030,0.657,0.313
652000,0.030,0.617,0.353
652500,0.030,0.642,0.328
653000,0.030,0.650,0.320
653500,0.030,0.641,0.329
654000,0.030,0.587,0.383
654500,0.030,0.628,0.342
655000,0.030,0.627,0.343
655500,0.030,0.589,0.381
656000,0.030,0.578,0.392
656500,0.030,0.612,0.358
657000,0.030,0.608,0.362
657500,0.030,0.638,0.332
658000,0.030,0.643,0.327
658500,0.032,0.638,0.330
659000,0.030,0.625,0.345
659500,0.030,0.649,0.321
660000,0.030,0.586,0.384
660500,0.030,0.578,0.392
661000,0.034,0.589,0.377
661500,0.031,0.590,0.379
662000,0.030,0.615,0.355
662500,0.030,0.652,0.318
663000,0.030,0.652,0.318
663500,0.030,0.664,0.305
664000,0.030,0.662,0.307
664500,0.030,0.695,0.275
665000,0.030,0.621,0.349
665500,0.030,0.628,0.342
666000,0.030,0.552,0.417
666500,0.030,0.509,0.461
667000,0.030,0.546,0.424
667500,0.035,0.525,0.440
668000,0.032,0.506,0.462
668500,0.030,0.480,0.489
669000,0.030,0.527,0.443
669500,0.030,0.555,0.415
670000,0.030,0.581,0.389
670500,0.030,0.566,0.404
671000,0.030,0.583,0.387
671500,0.033,0.600,0.368
672000,0.030,0.608,0.362
672500,0.034,0.616,0.351
673000,0.030,0.609,0.361
673500,0.030,0.580,0.390
674000,0.030,0.569,0.401
674500,0.030,0.582,0.388
675000,0.032,0.533,0.434
675500,0.030,0.552,0.418
676000,0.030,0.510,0.460
676500,0.030,0.584,0.386
677000,0.030,0.599,0.371
677500,0.030,0.556,0.414
678000,0.030,0.550,0.420
678500,0.030,0.538,0.431
679000,0.030,0.519,0.451
679500,0.030,0.543,0.426
680000,0.033,0.551,0.416
680500,0.030,0.570,0.400
681000,0.030,0.604,0.366
681500,0.030,0.628,0.342
682000,0.030,0.640,0.330
682500,0.030,0.668,0.302
683000,0.030,0.640,0.330
683500,0.030,0.683,0.286
684000,0.030,0.645,0.325
684500,0.030,0.698,0.272
685000,0.030,0.667,0.302
685500,0.030,0.647,0.323
686000,0.030,0.604,0.366
686500,0.030,0.629,0.341
687000,0.030,0.675,0.295
687500,0.030,0.667,0.302
688000,0.030,0.648,0.322
688500,0.030,0.616,0.354
689000,0.030,0.621,0.349
689500,0.030,0.599,0.371
690000,0.030,0.600,0.370
690500,0.030,0.594,0.376
691000,0.030,0.594,0.376
691500,0.030,0.616,0.354
692000,0.030,0.573,0.397
692500,0.034,0.561,0.405
693000,0.030,0.584,0.386
693500,0.030,0.522,0.448
694000,0.030,0.517,0.453
694500,0.030,0.559,0.411
695000,0.033,0.561,0.406
695500,0.031,0.558,0.411
696000,0.030,0.607,0.363
696500,0.030,0.640,0.330
697000,0.030,0.646,0.324
697500,0.030,0.640,0.330
698000,0.030,0.616,0.354
698500,0.030,0.628,0.342
699000,0.030,0.598,0.372
699500,0.030,0.590,0.380
700000,0.030,0.597,0.373
700500,0.030,0.630,0.340
701000,0.030,0.647,0.323
701500,0.030,0.627,0.343
702000,0.030,0.610,0.360
702500,0.030,0.600,0.370
703000,0.030,0.595,0.375
703500,0.030,0.536,0.433
704000,0.030,0.533,0.436
704500,0.030,0.565,0.405
705000,0.030,0.547,0.423
705500,0.030,0.584,0.386
706000,0.030,0.589,0.381
706500,0.030,0.604,0.366
707000,0.030,0.612,0.358
707500,0.030,0.612,0.358
708000,0.030,0.621,0.349
708500,0.030,0.605,0.365
709000,0.030,0.591,0.379
709500,0.030,0.598,0.372
710000,0.030,0.593,0.377
710500,0.030,0.612,0.358
711000,0.030,0.587,0.383
711500,0.030,0.614,0.356
712000,0.030,0.645,0.325
712500,0.030,0.614,0.356
713000,0.030,0.587,0.383
713500,0.030,0.588,0.382
714000,0.030,0.587,0.383
714500,0.030,0.624,0.346
715000,0.030,0.635,0.335
715500,0.030,0.653,0.317
716000,0.030,0.681,0.289
716500,0.030,0.649,0.321
717000,0.030,0.665,0.304
717500,0.030,0.603,0.367
718000,0.030,0.584,0.386
718500,0.030,0.641,0.329
719000,0.030,0.646,0.324
719500,0.030,0.624,0.346
720000,0.030,0.611,0.359
720500,0.030,0.618,0.352
721000,0.030,0.637,0.333
721500,0.030,0.607,0.363
722000,0.030,0.642,0.328
722500,0.030,0.621,0.349
723000,0.030,0.634,0.336
723500,0.033,0.591,0.376
724000,0.031,0.573,0.396
724500,0.030,0.541,0.428
725000,0.030,0.598,0.372
725500,0.030,0.596,0.374
726000,0.030,0.619,0.351
726500,0.030,0.640,0.330
727000,0.030,0.628,0.342
727500,0.030,0.628,0.342
728000,0.030,0.625,0.345
728500,0.030,0.611,0.359
729000,0.030,0.579,0.391
729500,0.030,0.601,0.369
730000,0.030,0.646,0.324
730500,0.030,0.564,0.406
731000,0.030,0.584,0.386
731500,0.030,0.615,0.355
732000,0.030,0.647,0.323
732500,0.030,0.651,0.319
733000,0.030,0.623,0.347
733500,0.030,0.635,0.335
734000,0.030,0.659,0.311
734500,0.030,0.661,0.309
735000,0.030,0.668,0.302
735500,0.030,0.629,0.341
736000,0.030,0.622,0.348
736500,0.030,0.607,0.363
737000,0.030,0.644,0.326
737500,0.030,0.637,0.333
738000,0.030,0.618,0.352
738500,0.030,0.594,0.376
739000,0.030,0.626,0.344
739500,0.030,0.609,0.361
740000,0.030,0.627,0.343
740500,0.030,0.601,0.369
741000,0.030,0.614,0.356
741500,0.030,0.573,0.397
742000,0.030,0.589,0.381
742500,0.030,0.620,0.350
743000,0.030,0.612,0.358
743500,0.030,0.654,0.316
744000,0.030,0.604,0.366
744500,0.030,0.558,0.411
745000,0.030,0.570,0.400
745500,0.032,0.543,0.424
746000,0.030,0.594,0.376
746500,0.030,0.578,0.392
747000,0.030,0.616,0.354
747500,0.030,0.594,0.376
748000,0.030,0.628,0.342
748500,0.030,0.614,0.356
749000,0.030,0.613,0.357
749500,0.030,0.608,0.362
750000,0.030,0.666,0.303
750500,0.030,0.643,0.327
751000,0.030,0.659,0.311
751500,0.030,0.602,0.368
752000,0.030,0.581,0.389
752500,0.030,0.626,0.344
753000,0.030,0.625,0.345
753500,0.030,0.624,0.346
754000,0.030,0.642,0.328
754500,0.031,0.595,0.374
755000,0.030,0.611,0.359
755500,0.030,0.635,0.335
756000,0.030,0.665,0.304
756500,0.030,0.661,0.309
757000,0.030,0.618,0.352
757500,0.030,0.641,0.329
758000,0.030,0.598,0.372
758500,0.030,0.589,0.381
759000,0.034,0.554,0.412
759500,0.032,0.574,0.394
760000,0.031,0.576,0.393
760500,0.030,0.600,0.370
761000,0.030,0.604,0.366
761500,0.030,0.584,0.386
762000,0.030,0.586,0.384
762500,0.030,0.577,0.393
763000,0.030,0.578,0.392
763500,0.033,0.588,0.380
764000,0.030,0.567,0.403
764500,0.030,0.584,0.386
765000,0.030,0.565,0.405
765500,0.030,0.599,0.371
766000,0.030,0.560,0.409
766500,0.030,0.599,0.371
767000,0.030,0.617,0.353
767500,0.030,0.640,0.330
768000,0.030,0.621,0.349
768500,0.030,0.657,0.313
769000,0.030,0.649,0.321
769500,0.030,0.702,0.268
770000,0.030,0.675,0.294
770500,0.030,0.712,0.258
771000,0.030,0.688,0.282
771500,0.030,0.690,0.280
772000,0.030,0.689,0.281
772500,0.030,0.654,0.316
773000,0.030,0.657,0.313
773500,0.030,0.665,0.305
774000,0.030,0.665,0.305
774500,0.030,0.641,0.329
775000,0.032,0.664,0.304
775500,0.030,0.674,0.295
776000,0.030,0.617,0.353
776500,0.030,0.637,0.333
777000,0.030,0.660,0.310
777500,0.030,0.660,0.310
778000,0.030,0.645,0.325
778500,0.030,0.640,0.330
779000,0.030,0.637,0.333
779500,0.030,0.606,0.364
780000,0.030,0.609,0.361
780500,0.030,0.622,0.348
781000,0.030,0.600,0.370
781500,0.030,0.591,0.379
782000,0.030,0.597,0.373
782500,0.030,0.569,0.401
783000,0.030,0.573,0.397
783500,0.030,0.600,0.370
784000,0.030,0.574,0.396
784500,0.030,0.573,0.397
785000,0.030,0.606,0.364
785500,0.030,0.584,0.386
786000,0.030,0.583,0.387
786500,0.030,0.575,0.395
787000,0.030,0.589,0.381
787500,0.030,0.617,0.353
788000,0.030,0.657,0.313
788500,0.030,0.660,0.310
789000,0.030,0.616,0.354
789500,0.030,0.595,0.375
790000,0.030,0.616,0.354
790500,0.030,0.622,0.348
791000,0.030,0.648,0.322
791500,0.030,0.655,0.315
792000,0.030,0.659,0.311
792500,0.030,0.671,0.299
793000,0.030,0.672,0.297
793500,0.030,0.670,0.299
794000,0.030,0.651,0.319
794500,0.030,0.695,0.275
795000,0.030,0.665,0.305
795500,0.030,0.647,0.323
796000,0.030,0.630,0.340
796500,0.030,0.640,0.330
797000,0.030,0.640,0.330
797500,0.030,0.643,0.327
798000,0.030,0.678,0.292
798500,0.030,0.628,0.342
799000,0.030,0.599,0.371
799500,0.030,0.567,0.403
800000,0.030,0.569,0.401
800500,0.030,0.557,0.413
801000,0.030,0.577,0.393
801500,0.030,0.540,0.429
802000,0.030,0.578,0.392
802500,0.030,0.576,0.394
803000,0.030,0.557,0.412
803500,0.030,0.571,0.399
804000,0.030,0.521,0.449
804500,0.030,0.558,0.411
805000,0.030,0.560,0.409
805500,0.030,0.548,0.422
806000,0.030,0.587,0.383
806500,0.030,0.621,0.349
807000,0.032,0.617,0.351
807500,0.031,0.581,0.388
808000,0.030,0.573,0.397
808500,0.030,0.557,0.413
809000,0.030,0.577,0.393
809500,0.030,0.583,0.387
810000,0.030,0.581,0.389
810500,0.033,0.560,0.407
811000,0.032,0.573,0.396
811500,0.030,0.535,0.434
812000,0.030,0.538,0.432
812500,0.032,0.536,0.432
813000,0.030,0.483,0.487
813500,0.030,0.509,0.461
814000,0.030,0.529,0.441
814500,0.030,0.535,0.435
815000,0.030,0.535,0.434
815500,0.030,0.519,0.451
816000,0.030,0.486,0.484
816500,0.030,0.527,0.443
817000,0.030,0.584,0.386
817500,0.030,0.580,0.390
818000,0.030,0.597,0.373
818500,0.030,0.598,0.372
819000,0.030,0.573,0.397
819500,0.030,0.580,0.390
820000,0.033,0.542,0.425
820500,0.030,0.533,0.436
821000,0.033,0.586,0.381
821500,0.030,0.601,0.369
822000,0.030,0.651,0.319
822500,0.030,0.639,0.331
823000,0.030,0.610,0.360
823500,0.030,0.603,0.367
824000,0.030,0.616,0.354
824500,0.030,0.618,0.352
825000,0.030,0.600,0.370
825500,0.030,0.637,0.333
826000,0.030,0.614,0.356
826500,0.030,0.624,0.346
827000,0.030,0.577,0.393
827500,0.030,0.589,0.381
828000,0.030,0.640,0.330
828500,0.030,0.609,0.361
829000,0.030,0.595,0.375
829500,0.030,0.644,0.326
830000,0.030,0.619,0.351
830500,0.030,0.662,0.307
831000,0.030,0.648,0.322
831500,0.030,0.629,0.341
832000,0.030,0.622,0.348
832500,0.030,0.604,0.366
833000,0.030,0.599,0.371
833500,0.030,0.582,0.388
834000,0.030,0.556,0.413
834500,0.030,0.576,0.394
835000,0.030,0.594,0.376
835500,0.030,0.542,0.427
836000,0.034,0.536,0.430
836500,0.030,0.520,0.449
837000,0.035,0.527,0.438
837500,0.031,0.553,0.415
838000,0.030,0.602,0.368
838500,0.030,0.632,0.338
839000,0.030,0.612,0.358
839500,0.030,0.617,0.353
840000,0.030,0.594,0.376
840500,0.030,0.611,0.359
841000,0.030,0.670,0.299
841500,0.030,0.630,0.340
842000,0.030,0.636,0.334
842500,0.030,0.612,0.358
843000,0.030,0.616,0.354
843500,0.030,0.626,0.344
844000,0.030,0.656,0.314
844500,0.030,0.620,0.350
845000,0.030,0.617,0.353
845500,0.030,0.622,0.348
846000,0.030,0.600,0.370
846500,0.030,0.595,0.375
847000,0.030,0.622,0.348
847500,0.030,0.614,0.356
848000,0.030,0.613,0.357
848500,0.030,0.620,0.350
849000,0.030,0.600,0.370
849500,0.030,0.590,0.380
850000,0.030,0.606,0.364
850500,0.030,0.630,0.340
851000,0.030,0.622,0.348
851500,0.030,0.595,0.375
852000,0.030,0.604,0.366
852500,0.030,0.544,0.426
853000,0.030,0.553,0.417
853500,0.030,0.570,0.400
854000,0.030,0.621,0.349
854500,0.030,0.616,0.354
855000,0.030,0.561,0.409
855500,0.030,0.579,0.391
856000,0.030,0.659,0.310
856500,0.030,0.629,0.341
857000,0.030,0.571,0.399
857500,0.030,0.585,0.385
858000,0.030,0.606,0.364
858500,0.030,0.613,0.357
859000,0.030,0.613,0.357
859500,0.030,0.547,0.423
860000,0.030,0.529,0.441
860500,0.032,0.551,0.417
861000,0.030,0.588,0.382
861500,0.030,0.587,0.383
862000,0.033,0.593,0.374
862500,0.031,0.619,0.350
863000,0.030,0.632,0.338
863500,0.030,0.614,0.356
864000,0.030,0.609,0.361
864500,0.030,0.645,0.325
865000,0.030,0.652,0.318
865500,0.030,0.647,0.323
866000,0.030,0.624,0.346
866500,0.030,0.589,0.381
867000,0.032,0.611,0.357
867500,0.031,0.630,0.339
868000,0.030,0.598,0.372
868500,0.030,0.568,0.402
869000,0.033,0.590,0.378
869500,0.032,0.586,0.383
870000,0.030,0.548,0.421
870500,0.030,0.598,0.372
871000,0.030,0.603,0.367
871500,0.030,0.556,0.413
872000,0.034,0.520,0.447
872500,0.032,0.562,0.406
873000,0.030,0.578,0.392
873500,0.030,0.582,0.388
874000,0.030,0.613,0.357
874500,0.030,0.603,0.367
875000,0.030,0.624,0.346
875500,0.030,0.668,0.301
876000,0.030,0.605,0.365
876500,0.030,0.587,0.383
877000,0.030,0.602,0.368
877500,0.030,0.625,0.345
878000,0.030,0.639,0.331
878500,0.030,0.619,0.351
879000,0.030,0.611,0.359
879500,0.030,0.603,0.367
880000,0.030,0.583,0.387
880500,0.030,0.613,0.357
881000,0.030,0.607,0.363
881500,0.030,0.633,0.337
882000,0.030,0.629,0.341
882500,0.030,0.593,0.377
883000,0.030,0.600,0.370
883500,0.033,0.616,0.351
884000,0.030,0.628,0.341
884500,0.030,0.629,0.341
885000,0.030,0.615,0.355
885500,0.030,0.576,0.394
886000,0.030,0.617,0.353
886500,0.030,0.601,0.369
887000,0.030,0.621,0.349
887500,0.032,0.605,0.363
888000,0.030,0.672,0.297
888500,0.030,0.663,0.306
889000,0.030,0.608,0.362
889500,0.030,0.591,0.379
890000,0.030,0.584,0.386
890500,0.030,0.593,0.377
891000,0.030,0.623,0.347
891500,0.030,0.645,0.325
892000,0.030,0.617,0.353
892500,0.030,0.619,0.351
893000,0.030,0.565,0.405
893500,0.030,0.602,0.368
894000,0.030,0.589,0.381
894500,0.030,0.546,0.424
895000,0.030,0.613,0.357
895500,0.030,0.590,0.380
896000,0.030,0.604,0.366
896500,0.030,0.586,0.384
897000,0.030,0.609,0.361
897500,0.030,0.617,0.353
898000,0.030,0.618,0.352
898500,0.030,0.606,0.364
899000,0.030,0.599,0.371
899500,0.030,0.618,0.352
900000,0.030,0.601,0.369
900500,0.030,0.651,0.319
901000,0.030,0.581,0.389
901500,0.030,0.591,0.379
902000,0.030,0.637,0.333
902500,0.030,0.618,0.352
903000,0.030,0.605,0.365
903500,0.030,0.629,0.341
904000,0.030,0.602,0.368
904500,0.030,0.616,0.354
905000,0.030,0.609,0.361
905500,0.030,0.587,0.383
906000,0.030,0.584,0.386
906500,0.031,0.590,0.379
907000,0.032,0.606,0.362
907500,0.031,0.658,0.311
908000,0.030,0.644,0.326
908500,0.030,0.667,0.302
909000,0.030,0.677,0.293
909500,0.030,0.614,0.356
910000,0.030,0.643,0.327
910500,0.030,0.655,0.315
911000,0.030,0.629,0.341
911500,0.030,0.666,0.304
912000,0.030,0.659,0.310
912500,0.030,0.690,0.280
913000,0.030,0.670,0.299
913500,0.030,0.658,0.312
914000,0.030,0.699,0.271
914500,0.030,0.715,0.255
915000,0.030,0.699,0.271
915500,0.030,0.663,0.306
916000,0.030,0.675,0.294
916500,0.030,0.644,0.326
917000,0.030,0.645,0.325
917500,0.030,0.613,0.357
918000,0.030,0.603,0.367
918500,0.030,0.621,0.349
919000,0.030,0.633,0.337
919500,0.030,0.647,0.323
920000,0.030,0.646,0.324
920500,0.030,0.649,0.321
921000,0.030,0.655,0.315
921500,0.030,0.635,0.335
922000,0.030,0.613,0.357
922500,0.030,0.671,0.298
923000,0.030,0.656,0.314
923500,0.030,0.674,0.296
924000,0.030,0.656,0.314
924500,0.030,0.631,0.339
925000,0.030,0.586,0.384
925500,0.033,0.556,0.410
926000,0.031,0.561,0.407
926500,0.030,0.583,0.387
927000,0.033,0.607,0.360
927500,0.030,0.617,0.353
928000,0.030,0.584,0.386
928500,0.033,0.600,0.368
929000,0.030,0.580,0.390
929500,0.030,0.582,0.388
930000,0.030,0.566,0.404
930500,0.030,0.630,0.340
931000,0.030,0.624,0.346
931500,0.030,0.643,0.327
932000,0.030,0.633,0.337
932500,0.030,0.598,0.372
933000,0.030,0.603,0.367
933500,0.030,0.597,0.373
934000,0.030,0.579,0.391
934500,0.030,0.602,0.368
935000,0.030,0.596,0.374
935500,0.030,0.587,0.383
936000,0.030,0.606,0.364
936500,0.032,0.589,0.380
937000,0.030,0.554,0.415
937500,0.030,0.573,0.397
938000,0.031,0.597,0.372
938500,0.030,0.584,0.386
939000,0.030,0.617,0.353
939500,0.030,0.655,0.315
940000,0.030,0.617,0.353
940500,0.030,0.621,0.349
941000,0.030,0.568,0.402
941500,0.030,0.595,0.375
942000,0.030,0.584,0.386
942500,0.030,0.607,0.363
943000,0.030,0.588,0.382
943500,0.030,0.577,0.393
944000,0.030,0.626,0.344
944500,0.030,0.593,0.377
945000,0.030,0.603,0.367
945500,0.030,0.580,0.390
946000,0.032,0.532,0.436
946500,0.030,0.565,0.405
947000,0.030,0.575,0.395
947500,0.030,0.563,0.407
948000,0.030,0.572,0.398
948500,0.030,0.565,0.405
949000,0.030,0.579,0.391
949500,0.030,0.534,0.435
950000,0.030,0.597,0.373
950500,0.030,0.589,0.381
951000,0.030,0.616,0.354
951500,0.030,0.591,0.379
952000,0.030,0.584,0.386
952500,0.033,0.561,0.406
953000,0.030,0.576,0.394
953500,0.030,0.608,0.362
954000,0.030,0.589,0.381
954500,0.030,0.581,0.389
955000,0.030,0.576,0.394
955500,0.030,0.613,0.357
956000,0.030,0.590,0.380
956500,0.030,0.601,0.369
957000,0.030,0.650,0.320
957500,0.030,0.633,0.337
958000,0.033,0.613,0.354
958500,0.031,0.586,0.383
959000,0.030,0.592,0.378
959500,0.030,0.586,0.384
960000,0.030,0.560,0.410
960500,0.030,0.558,0.411
961000,0.032,0.557,0.410
961500,0.030,0.534,0.435
962000,0.030,0.571,0.399
962500,0.030,0.596,0.374
963000,0.030,0.600,0.370
963500,0.030,0.610,0.360
964000,0.030,0.561,0.408
964500,0.034,0.548,0.418
965000,0.032,0.551,0.417
965500,0.030,0.545,0.424
966000,0.030,0.548,0.421
966500,0.030,0.502,0.468
967000,0.030,0.548,0.422
967500,0.030,0.531,0.439
968000,0.030,0.495,0.474
968500,0.032,0.554,0.414
969000,0.032,0.519,0.449
969500,0.030,0.545,0.424
970000,0.033,0.534,0.432
970500,0.031,0.594,0.375
971000,0.032,0.558,0.410
971500,0.034,0.540,0.426
972000,0.031,0.583,0.386
972500,0.030,0.559,0.410
973000,0.030,0.573,0.397
973500,0.030,0.607,0.363
974000,0.030,0.604,0.366
974500,0.030,0.583,0.387
975000,0.030,0.556,0.413
975500,0.030,0.615,0.355
976000,0.030,0.618,0.352
976500,0.032,0.614,0.355
977000,0.030,0.614,0.356
977500,0.030,0.620,0.350
978000,0.030,0.627,0.343
978500,0.030,0.579,0.391
979000,0.034,0.620,0.347
979500,0.032,0.612,0.356
980000,0.030,0.611,0.359
980500,0.030,0.648,0.321
981000,0.030,0.599,0.371
981500,0.030,0.623,0.347
982000,0.030,0.638,0.332
982500,0.030,0.642,0.328
983000,0.030,0.610,0.360
983500,0.030,0.587,0.383
984000,0.030,0.592,0.378
984500,0.030,0.621,0.349
985000,0.030,0.573,0.397
985500,0.030,0.586,0.384
986000,0.030,0.560,0.410
986500,0.030,0.596,0.374
987000,0.030,0.601,0.369
987500,0.030,0.586,0.384
988000,0.030,0.621,0.349
988500,0.030,0.641,0.329
989000,0.030,0.606,0.364
989500,0.030,0.579,0.391
990000,0.030,0.564,0.406
990500,0.030,0.597,0.373
991000,0.032,0.579,0.389
991500,0.030,0.605,0.365
992000,0.030,0.604,0.366
992500,0.030,0.620,0.350
993000,0.030,0.557,0.413
993500,0.032,0.516,0.452
994000,0.034,0.568,0.399
994500,0.031,0.553,0.416
995000,0.030,0.592,0.378
995500,0.030,0.572,0.398
996000,0.030,0.612,0.358
996500,0.030,0.595,0.375
997000,0.030,0.597,0.373
997500,0.030,0.618,0.352
998000,0.030,0.630,0.340
998500,0.030,0.653,0.317
999000,0.030,0.634,0.336
999500,0.033,0.624,0.344
1000000,0.030,0.629,0.340
