time,n_A+p,n_B,n_AB
500,0.010,0.914,0.076
1000,0.010,0.423,0.567
1500,0.010,0.083,0.907
2000,0.017,0.022,0.961
2500,0.025,0.011,0.964
3000,0.030,0.008,0.962
3500,0.026,0.010,0.964
4000,0.035,0.007,0.958
4500,0.029,0.006,0.965
5000,0.025,0.005,0.970
5500,0.025,0.003,0.972
6000,0.021,0.019,0.960
6500,0.035,0.009,0.956
7000,0.019,0.016,0.965
7500,0.024,0.013,0.963
8000,0.025,0.006,0.969
8500,0.021,0.003,0.977
9000,0.041,0.001,0.959
9500,0.033,0.002,0.965
10000,0.040,0.000,0.960
10500,0.018,0.016,0.966
11000,0.030,0.013,0.957
11500,0.021,0.026,0.953
12000,0.011,0.004,0.985
12500,0.040,0.018,0.943
13000,0.024,0.007,0.969
13500,0.026,0.011,0.962
14000,0.018,0.004,0.979
14500,0.022,0.009,0.969
15000,0.029,0.007,0.964
15500,0.034,0.007,0.959
16000,0.017,0.006,0.977
16500,0.038,0.018,0.944
17000,0.015,0.021,0.964
17500,0.021,0.025,0.954
18000,0.034,0.002,0.965
18500,0.025,0.007,0.968
19000,0.021,0.014,0.965
19500,0.033,0.012,0.956
20000,0.023,0.015,0.963
20500,0.037,0.001,0.963
21000,0.020,0.006,0.974
21500,0.034,0.011,0.956
22000,0.023,0.007,0.970
22500,0.018,0.010,0.972
23000,0.036,0.010,0.954
23500,0.023,0.003,0.975
24000,0.023,0.009,0.968
24500,0.026,0.006,0.968
25000,0.030,0.013,0.957
25500,0.038,0.015,0.947
26000,0.038,0.021,0.942
26500,0.025,0.013,0.963
27000,0.021,0.003,0.976
27500,0.015,0.008,0.977
28000,0.040,0.006,0.954
28500,0.043,0.004,0.954
29000,0.057,0.006,0.938
29500,0.028,0.007,0.965
30000,0.019,0.022,0.959
30500,0.013,0.009,0.978
31000,0.018,0.015,0.968
31500,0.020,0.040,0.940
32000,0.024,0.013,0.963
32500,0.020,0.013,0.967
33000,0.033,0.007,0.960
33500,0.028,0.026,0.946
34000,0.067,0.006,0.927
34500,0.021,0.011,0.967
35000,0.027,0.009,0.965
35500,0.029,0.018,0.953
36000,0.023,0.011,0.966
36500,0.035,0.018,0.947
37000,0.015,0.015,0.971
37500,0.020,0.004,0.976
38000,0.019,0.004,0.977
38500,0.030,0.001,0.970
39000,0.045,0.011,0.944
39500,0.025,0.013,0.963
40000,0.026,0.011,0.963
40500,0.021,0.014,0.966
41000,0.029,0.012,0.959
41500,0.025,0.018,0.957
42000,0.024,0.011,0.965
42500,0.022,0.010,0.968
43000,0.039,0.011,0.950
43500,0.044,0.000,0.956
44000,0.028,0.021,0.952
44500,0.017,0.008,0.975
45000,0.018,0.009,0.974
45500,0.026,0.008,0.966
46000,0.019,0.029,0.952
46500,0.018,0.005,0.977
47000,0.018,0.026,0.956
47500,0.013,0.014,0.974
48000,0.010,0.013,0.977
48500,0.044,0.013,0.943
49000,0.023,0.016,0.961
49500,0.029,0.029,0.941
50000,0.018,0.013,0.969
50500,0.027,0.008,0.965
51000,0.018,0.004,0.977
51500,0.017,0.002,0.982
52000,0.011,0.014,0.975
52500,0.043,0.004,0.953
53000,0.021,0.006,0.973
53500,0.028,0.006,0.966
54000,0.028,0.021,0.951
54500,0.021,0.009,0.970
55000,0.013,0.008,0.979
55500,0.024,0.004,0.972
56000,0.028,0.007,0.966
56500,0.022,0.003,0.975
57000,0.032,0.001,0.968
57500,0.021,0.000,0.979
58000,0.017,0.009,0.975
58500,0.019,0.004,0.978
59000,0.031,0.000,0.969
59500,0.015,0.019,0.966
60000,0.015,0.017,0.969
60500,0.029,0.013,0.957
61000,0.043,0.018,0.938
61500,0.024,0.021,0.955
62000,0.019,0.013,0.969
62500,0.025,0.005,0.970
63000,0.045,0.005,0.949
63500,0.032,0.011,0.958
64000,0.036,0.024,0.940
64500,0.036,0.010,0.954
65000,0.039,0.008,0.953
65500,0.017,0.012,0.971
66000,0.013,0.009,0.978
66500,0.033,0.015,0.953
67000,0.030,0.004,0.967
67500,0.028,0.003,0.970
68000,0.025,0.001,0.974
68500,0.035,0.000,0.965
69000,0.033,0.004,0.964
69500,0.012,0.017,0.971
70000,0.018,0.028,0.955
70500,0.011,0.005,0.984
71000,0.011,0.018,0.971
71500,0.030,0.004,0.966
72000,0.011,0.014,0.975
72500,0.017,0.009,0.975
73000,0.036,0.021,0.944
73500,0.019,0.028,0.953
74000,0.017,0.020,0.964
74500,0.011,0.026,0.963
75000,0.015,0.019,0.967
75500,0.013,0.004,0.983
76000,0.017,0.003,0.980
76500,0.032,0.015,0.953
77000,0.023,0.016,0.961
77500,0.018,0.029,0.953
78000,0.015,0.024,0.962
78500,0.027,0.024,0.950
79000,0.028,0.011,0.962
79500,0.026,0.007,0.966
80000,0.036,0.002,0.963
80500,0.017,0.024,0.959
81000,0.011,0.008,0.982
81500,0.025,0.007,0.968
82000,0.038,0.003,0.959
82500,0.017,0.028,0.955
83000,0.025,0.029,0.945
83500,0.042,0.021,0.938
84000,0.018,0.011,0.971
84500,0.029,0.009,0.962
85000,0.021,0.009,0.971
85500,0.026,0.016,0.958
86000,0.014,0.011,0.975
86500,0.018,0.021,0.961
87000,0.024,0.013,0.963
87500,0.030,0.025,0.945
88000,0.036,0.007,0.956
88500,0.020,0.018,0.963
89000,0.036,0.002,0.962
89500,0.015,0.012,0.974
90000,0.015,0.018,0.968
90500,0.028,0.015,0.957
91000,0.023,0.013,0.964
91500,0.025,0.020,0.955
92000,0.015,0.009,0.975
92500,0.025,0.009,0.966
93000,0.032,0.007,0.961
93500,0.017,0.003,0.981
94000,0.016,0.001,0.983
94500,0.037,0.003,0.960
95000,0.031,0.001,0.969
95500,0.021,0.004,0.975
96000,0.051,0.013,0.935
96500,0.025,0.011,0.964
97000,0.041,0.001,0.959
97500,0.019,0.001,0.980
98000,0.059,0.000,0.941
98500,0.024,0.004,0.973
99000,0.018,0.018,0.964
99500,0.013,0.003,0.984
100000,0.017,0.009,0.975
100500,0.034,0.018,0.949
101000,0.024,0.015,0.962
101500,0.037,0.019,0.944
102000,0.042,0.002,0.957
102500,0.018,0.018,0.965
103000,0.029,0.018,0.953
103500,0.030,0.005,0.965
104000,0.019,0.009,0.972
104500,0.017,0.032,0.951
105000,0.029,0.004,0.967
105500,0.032,0.004,0.965
106000,0.029,0.001,0.970
106500,0.051,0.000,0.950
107000,0.029,0.001,0.970
107500,0.037,0.000,0.963
108000,0.020,0.010,0.970
108500,0.021,0.013,0.966
109000,0.041,0.010,0.949
109500,0.019,0.002,0.980
110000,0.013,0.001,0.987
110500,0.032,0.013,0.956
111000,0.029,0.018,0.953
111500,0.016,0.016,0.968
112000,0.033,0.011,0.957
112500,0.020,0.001,0.979
113000,0.015,0.004,0.980
113500,0.025,0.007,0.968
114000,0.035,0.015,0.949
114500,0.015,0.021,0.965
115000,0.026,0.005,0.969
115500,0.037,0.003,0.961
116000,0.021,0.026,0.953
116500,0.011,0.010,0.979
117000,0.041,0.008,0.952
117500,0.020,0.001,0.979
118000,0.013,0.004,0.984
118500,0.014,0.016,0.970
119000,0.013,0.013,0.974
119500,0.020,0.038,0.942
120000,0.011,0.013,0.977
120500,0.025,0.018,0.957
121000,0.041,0.005,0.955
121500,0.034,0.002,0.964
122000,0.028,0.001,0.972
122500,0.033,0.002,0.966
123000,0.037,0.001,0.962
123500,0.024,0.006,0.970
124000,0.032,0.015,0.954
124500,0.015,0.019,0.966
125000,0.031,0.004,0.965
125500,0.033,0.013,0.954
126000,0.040,0.003,0.958
126500,0.016,0.028,0.956
127000,0.015,0.009,0.975
127500,0.028,0.011,0.962
128000,0.019,0.009,0.972
128500,0.035,0.009,0.957
129000,0.011,0.028,0.961
129500,0.024,0.008,0.969
130000,0.029,0.024,0.947
130500,0.032,0.004,0.964
131000,0.019,0.005,0.976
131500,0.011,0.018,0.972
132000,0.011,0.016,0.973
132500,0.030,0.004,0.965
133000,0.036,0.021,0.943
133500,0.042,0.005,0.953
134000,0.034,0.010,0.957
134500,0.045,0.003,0.952
135000,0.028,0.028,0.944
135500,0.025,0.007,0.968
136000,0.023,0.009,0.969
136500,0.022,0.011,0.968
137000,0.019,0.001,0.980
137500,0.029,0.009,0.963
138000,0.048,0.006,0.946
138500,0.036,0.018,0.946
139000,0.018,0.025,0.958
139500,0.028,0.007,0.965
140000,0.018,0.014,0.968
140500,0.021,0.015,0.965
141000,0.023,0.003,0.974
141500,0.011,0.029,0.959
142000,0.033,0.003,0.965
142500,0.013,0.018,0.969
143000,0.030,0.008,0.962
143500,0.030,0.017,0.953
144000,0.015,0.007,0.978
144500,0.015,0.009,0.976
145000,0.021,0.011,0.967
145500,0.038,0.005,0.957
146000,0.025,0.020,0.956
146500,0.016,0.025,0.960
147000,0.041,0.003,0.957
147500,0.028,0.009,0.964
148000,0.035,0.004,0.961
148500,0.051,0.003,0.946
149000,0.022,0.004,0.974
149500,0.013,0.019,0.967
150000,0.017,0.013,0.971
150500,0.025,0.009,0.966
151000,0.030,0.011,0.959
151500,0.021,0.015,0.965
152000,0.010,0.035,0.956
152500,0.024,0.017,0.959
153000,0.021,0.009,0.970
153500,0.046,0.007,0.947
154000,0.021,0.007,0.972
154500,0.030,0.006,0.964
155000,0.037,0.016,0.947
155500,0.017,0.015,0.968
156000,0.030,0.002,0.968
156500,0.018,0.021,0.960
157000,0.017,0.002,0.982
157500,0.021,0.018,0.962
158000,0.025,0.002,0.974
158500,0.021,0.004,0.976
159000,0.025,0.003,0.972
159500,0.026,0.017,0.957
160000,0.011,0.010,0.979
160500,0.016,0.013,0.972
161000,0.011,0.018,0.971
161500,0.022,0.024,0.954
162000,0.022,0.007,0.971
162500,0.032,0.001,0.968
163000,0.024,0.009,0.967
163500,0.018,0.007,0.975
164000,0.019,0.011,0.971
164500,0.018,0.010,0.973
165000,0.025,0.009,0.966
165500,0.033,0.009,0.958
166000,0.020,0.008,0.972
166500,0.034,0.015,0.951
167000,0.023,0.001,0.977
167500,0.017,0.005,0.978
168000,0.041,0.021,0.939
168500,0.011,0.006,0.983
169000,0.024,0.004,0.972
169500,0.023,0.013,0.964
170000,0.011,0.007,0.982
170500,0.012,0.022,0.966
171000,0.019,0.004,0.977
171500,0.026,0.018,0.956
172000,0.021,0.016,0.964
172500,0.038,0.011,0.950
173000,0.034,0.003,0.963
173500,0.018,0.013,0.970
174000,0.017,0.017,0.967
174500,0.024,0.018,0.959
175000,0.016,0.004,0.980
175500,0.017,0.022,0.961
176000,0.019,0.022,0.959
176500,0.042,0.003,0.956
177000,0.026,0.015,0.960
177500,0.022,0.008,0.970
178000,0.018,0.016,0.966
178500,0.033,0.027,0.940
179000,0.034,0.007,0.959
179500,0.013,0.009,0.979
180000,0.029,0.011,0.960
180500,0.021,0.013,0.966
181000,0.013,0.003,0.985
181500,0.024,0.011,0.965
182000,0.016,0.003,0.981
182500,0.024,0.009,0.967
183000,0.036,0.018,0.947
183500,0.019,0.023,0.958
184000,0.022,0.002,0.976
184500,0.021,0.004,0.975
185000,0.029,0.004,0.968
185500,0.013,0.013,0.973
186000,0.029,0.010,0.961
186500,0.021,0.004,0.976
187000,0.041,0.004,0.955
187500,0.025,0.011,0.964
188000,0.017,0.009,0.974
188500,0.022,0.011,0.968
189000,0.028,0.015,0.957
189500,0.033,0.010,0.958
190000,0.018,0.007,0.975
190500,0.032,0.016,0.952
191000,0.018,0.013,0.969
191500,0.024,0.021,0.955
192000,0.021,0.011,0.969
192500,0.029,0.019,0.953
193000,0.028,0.023,0.950
193500,0.018,0.035,0.947
194000,0.020,0.007,0.973
194500,0.029,0.035,0.936
195000,0.028,0.012,0.961
195500,0.024,0.011,0.966
196000,0.024,0.018,0.958
196500,0.029,0.019,0.952
197000,0.011,0.021,0.968
197500,0.010,0.017,0.973
198000,0.017,0.005,0.978
198500,0.024,0.009,0.967
199000,0.026,0.011,0.962
199500,0.021,0.005,0.974
200000,0.012,0.015,0.974
200500,0.036,0.002,0.963
201000,0.043,0.001,0.956
201500,0.024,0.012,0.965
202000,0.021,0.004,0.976
202500,0.034,0.003,0.964
203000,0.025,0.003,0.973
203500,0.035,0.009,0.957
204000,0.025,0.005,0.970
204500,0.023,0.005,0.972
205000,0.024,0.026,0.951
205500,0.029,0.010,0.961
206000,0.029,0.007,0.964
206500,0.037,0.005,0.958
207000,0.028,0.002,0.970
207500,0.022,0.007,0.971
208000,0.012,0.019,0.969
208500,0.017,0.004,0.979
209000,0.034,0.017,0.950
209500,0.019,0.006,0.974
210000,0.016,0.004,0.980
210500,0.034,0.001,0.966
211000,0.018,0.010,0.972
211500,0.033,0.007,0.960
212000,0.029,0.014,0.957
212500,0.022,0.007,0.970
213000,0.016,0.003,0.982
213500,0.025,0.005,0.970
214000,0.028,0.006,0.966
214500,0.029,0.015,0.957
215000,0.021,0.027,0.952
215500,0.022,0.020,0.958
216000,0.035,0.020,0.946
216500,0.032,0.008,0.960
217000,0.018,0.006,0.976
217500,0.018,0.015,0.968
218000,0.034,0.016,0.950
218500,0.017,0.013,0.971
219000,0.021,0.017,0.962
219500,0.018,0.006,0.977
220000,0.010,0.006,0.984
220500,0.010,0.013,0.977
221000,0.024,0.007,0.969
221500,0.022,0.003,0.976
222000,0.032,0.004,0.965
222500,0.035,0.004,0.961
223000,0.033,0.019,0.948
223500,0.018,0.014,0.968
224000,0.019,0.001,0.980
224500,0.019,0.019,0.961
225000,0.043,0.003,0.954
225500,0.025,0.003,0.973
226000,0.020,0.008,0.972
226500,0.019,0.015,0.966
227000,0.035,0.007,0.958
227500,0.015,0.007,0.977
228000,0.052,0.004,0.944
228500,0.021,0.009,0.969
229000,0.015,0.002,0.984
229500,0.021,0.002,0.978
230000,0.014,0.028,0.959
230500,0.013,0.008,0.979
231000,0.025,0.006,0.969
231500,0.011,0.011,0.978
232000,0.036,0.018,0.946
232500,0.065,0.004,0.932
233000,0.035,0.002,0.963
233500,0.020,0.018,0.963
234000,0.015,0.013,0.972
234500,0.029,0.015,0.957
235000,0.017,0.024,0.960
235500,0.021,0.025,0.954
236000,0.024,0.009,0.967
236500,0.019,0.004,0.977
237000,0.021,0.017,0.963
237500,0.026,0.010,0.964
238000,0.024,0.014,0.962
238500,0.022,0.011,0.967
239000,0.021,0.002,0.978
239500,0.022,0.009,0.969
240000,0.032,0.006,0.962
240500,0.019,0.010,0.971
241000,0.026,0.019,0.955
241500,0.033,0.009,0.959
242000,0.021,0.005,0.973
242500,0.037,0.000,0.963
243000,0.016,0.006,0.978
243500,0.025,0.005,0.970
244000,0.017,0.035,0.949
244500,0.013,0.004,0.983
245000,0.030,0.012,0.958
245500,0.035,0.011,0.954
246000,0.030,0.005,0.965
246500,0.015,0.022,0.963
247000,0.037,0.004,0.959
247500,0.018,0.017,0.966
248000,0.011,0.004,0.986
248500,0.019,0.005,0.975
249000,0.017,0.007,0.976
249500,0.019,0.014,0.967
250000,0.016,0.005,0.979
250500,0.022,0.027,0.951
251000,0.027,0.015,0.959
251500,0.039,0.005,0.956
252000,0.040,0.009,0.951
252500,0.013,0.024,0.964
253000,0.011,0.009,0.979
253500,0.026,0.036,0.937
254000,0.037,0.007,0.956
254500,0.050,0.002,0.948
255000,0.024,0.010,0.967
255500,0.026,0.002,0.973
256000,0.011,0.004,0.985
256500,0.018,0.009,0.974
257000,0.021,0.006,0.973
257500,0.018,0.001,0.982
258000,0.024,0.006,0.970
258500,0.013,0.013,0.974
259000,0.010,0.035,0.955
259500,0.011,0.004,0.985
260000,0.018,0.017,0.965
260500,0.019,0.004,0.978
261000,0.014,0.015,0.972
261500,0.018,0.011,0.972
262000,0.032,0.023,0.945
262500,0.038,0.007,0.955
263000,0.015,0.012,0.973
263500,0.026,0.017,0.958
264000,0.028,0.013,0.959
264500,0.015,0.025,0.959
265000,0.033,0.022,0.945
265500,0.025,0.015,0.961
266000,0.015,0.011,0.974
266500,0.017,0.013,0.970
267000,0.011,0.006,0.983
267500,0.015,0.024,0.962
268000,0.018,0.009,0.974
268500,0.021,0.001,0.979
269000,0.022,0.013,0.966
269500,0.021,0.010,0.969
270000,0.017,0.007,0.976
270500,0.030,0.013,0.957
271000,0.019,0.007,0.974
271500,0.022,0.022,0.955
272000,0.023,0.021,0.956
272500,0.032,0.010,0.958
273000,0.018,0.024,0.959
273500,0.022,0.013,0.964
274000,0.011,0.005,0.985
274500,0.017,0.013,0.970
275000,0.022,0.011,0.967
275500,0.022,0.007,0.970
276000,0.015,0.021,0.964
276500,0.023,0.025,0.952
277000,0.018,0.007,0.975
277500,0.037,0.015,0.948
278000,0.013,0.006,0.981
278500,0.033,0.009,0.958
279000,0.051,0.015,0.934
279500,0.050,0.018,0.932
280000,0.028,0.005,0.967
280500,0.019,0.020,0.961
281000,0.021,0.017,0.963
281500,0.022,0.006,0.972
282000,0.035,0.001,0.965
282500,0.015,0.009,0.977
283000,0.022,0.021,0.957
283500,0.019,0.025,0.956
284000,0.021,0.005,0.974
284500,0.018,0.006,0.975
285000,0.018,0.004,0.978
285500,0.029,0.026,0.946
286000,0.021,0.013,0.967
286500,0.024,0.006,0.971
287000,0.019,0.016,0.965
287500,0.012,0.030,0.958
288000,0.025,0.015,0.961
288500,0.032,0.005,0.964
289000,0.022,0.004,0.974
289500,0.021,0.009,0.971
290000,0.022,0.017,0.961
290500,0.017,0.034,0.950
291000,0.015,0.009,0.976
291500,0.036,0.003,0.961
292000,0.024,0.006,0.970
292500,0.021,0.007,0.972
293000,0.013,0.018,0.968
293500,0.018,0.029,0.953
294000,0.022,0.009,0.969
294500,0.034,0.004,0.962
295000,0.012,0.004,0.984
295500,0.017,0.015,0.969
296000,0.013,0.009,0.978
296500,0.017,0.013,0.970
297000,0.026,0.018,0.955
297500,0.021,0.018,0.962
298000,0.025,0.007,0.968
298500,0.037,0.005,0.958
299000,0.019,0.004,0.977
299500,0.024,0.003,0.974
300000,0.033,0.002,0.966
300500,0.050,0.002,0.949
301000,0.035,0.015,0.949
301500,0.019,0.010,0.971
302000,0.025,0.030,0.945
302500,0.026,0.017,0.957
303000,0.029,0.009,0.962
303500,0.025,0.013,0.961
304000,0.019,0.015,0.966
304500,0.032,0.018,0.950
305000,0.013,0.004,0.983
305500,0.021,0.018,0.961
306000,0.030,0.009,0.960
306500,0.022,0.004,0.973
307000,0.025,0.013,0.963
307500,0.018,0.024,0.959
308000,0.035,0.012,0.954
308500,0.015,0.016,0.969
309000,0.021,0.005,0.975
309500,0.028,0.015,0.958
310000,0.013,0.002,0.986
310500,0.019,0.000,0.981
311000,0.020,0.009,0.971
311500,0.027,0.007,0.966
312000,0.018,0.010,0.972
312500,0.026,0.010,0.964
313000,0.012,0.021,0.967
313500,0.011,0.027,0.963
314000,0.017,0.011,0.972
314500,0.038,0.002,0.960
315000,0.022,0.016,0.962
315500,0.024,0.005,0.972
316000,0.024,0.005,0.972
316500,0.019,0.009,0.972
317000,0.021,0.011,0.968
317500,0.040,0.015,0.945
318000,0.029,0.007,0.964
318500,0.035,0.001,0.964
319000,0.021,0.021,0.959
319500,0.012,0.003,0.985
320000,0.019,0.011,0.970
320500,0.021,0.011,0.969
321000,0.020,0.019,0.961
321500,0.021,0.009,0.971
322000,0.026,0.001,0.973
322500,0.041,0.003,0.956
323000,0.026,0.005,0.968
323500,0.025,0.021,0.955
324000,0.018,0.020,0.962
324500,0.029,0.004,0.967
325000,0.028,0.017,0.956
325500,0.024,0.015,0.961
326000,0.021,0.020,0.959
326500,0.013,0.016,0.972
327000,0.025,0.003,0.972
327500,0.013,0.004,0.983
328000,0.042,0.015,0.943
328500,0.020,0.008,0.972
329000,0.034,0.009,0.957
329500,0.026,0.024,0.950
330000,0.033,0.014,0.954
330500,0.042,0.003,0.956
331000,0.018,0.009,0.973
331500,0.017,0.011,0.972
332000,0.033,0.011,0.957
332500,0.021,0.003,0.977
333000,0.021,0.005,0.975
333500,0.026,0.009,0.965
334000,0.025,0.022,0.953
334500,0.011,0.020,0.969
335000,0.013,0.007,0.980
335500,0.023,0.017,0.961
336000,0.017,0.020,0.964
336500,0.015,0.004,0.982
337000,0.035,0.021,0.944
337500,0.029,0.010,0.962
338000,0.020,0.020,0.960
338500,0.021,0.007,0.972
339000,0.015,0.003,0.983
339500,0.026,0.017,0.957
340000,0.022,0.011,0.967
340500,0.033,0.001,0.967
341000,0.018,0.010,0.972
341500,0.017,0.032,0.952
342000,0.014,0.018,0.968
342500,0.021,0.002,0.977
343000,0.028,0.009,0.964
343500,0.046,0.004,0.950
344000,0.030,0.000,0.970
344500,0.025,0.013,0.962
345000,0.030,0.010,0.960
345500,0.052,0.004,0.944
346000,0.019,0.009,0.972
346500,0.017,0.013,0.971
347000,0.014,0.009,0.977
347500,0.033,0.010,0.958
348000,0.026,0.021,0.953
348500,0.030,0.012,0.958
349000,0.021,0.005,0.973
349500,0.017,0.012,0.972
350000,0.018,0.018,0.964
350500,0.033,0.009,0.959
351000,0.021,0.011,0.968
351500,0.035,0.006,0.958
352000,0.024,0.018,0.958
352500,0.026,0.004,0.970
353000,0.021,0.002,0.977
353500,0.060,0.001,0.939
354000,0.033,0.018,0.950
354500,0.027,0.008,0.965
355000,0.045,0.009,0.945
355500,0.025,0.001,0.975
356000,0.020,0.018,0.962
356500,0.033,0.018,0.950
357000,0.015,0.004,0.981
357500,0.036,0.001,0.964
358000,0.012,0.000,0.988
358500,0.022,0.013,0.966
359000,0.025,0.011,0.965
359500,0.022,0.009,0.969
360000,0.029,0.006,0.965
360500,0.019,0.013,0.968
361000,0.027,0.009,0.964
361500,0.015,0.004,0.981
362000,0.017,0.002,0.982
362500,0.010,0.004,0.987
363000,0.026,0.030,0.944
363500,0.024,0.013,0.964
364000,0.015,0.004,0.981
364500,0.038,0.027,0.935
365000,0.017,0.011,0.973
365500,0.021,0.016,0.964
366000,0.017,0.033,0.950
366500,0.011,0.011,0.977
367000,0.023,0.029,0.948
367500,0.018,0.029,0.952
368000,0.019,0.015,0.966
368500,0.012,0.021,0.967
369000,0.029,0.022,0.949
369500,0.017,0.011,0.973
370000,0.022,0.020,0.958
370500,0.011,0.004,0.985
371000,0.014,0.006,0.980
371500,0.018,0.006,0.976
372000,0.033,0.004,0.964
372500,0.024,0.006,0.970
373000,0.033,0.004,0.964
373500,0.017,0.014,0.969
374000,0.027,0.001,0.972
374500,0.033,0.011,0.956
375000,0.019,0.011,0.970
375500,0.025,0.009,0.965
376000,0.027,0.004,0.969
376500,0.024,0.014,0.962
377000,0.033,0.007,0.960
377500,0.017,0.011,0.972
378000,0.012,0.007,0.981
378500,0.021,0.005,0.974
379000,0.024,0.010,0.967
379500,0.025,0.009,0.967
380000,0.025,0.011,0.963
380500,0.017,0.031,0.952
381000,0.020,0.014,0.966
381500,0.024,0.025,0.951
382000,0.015,0.006,0.979
382500,0.018,0.032,0.951
383000,0.019,0.011,0.969
383500,0.035,0.011,0.954
384000,0.038,0.007,0.954
384500,0.017,0.009,0.974
385000,0.028,0.001,0.972
385500,0.021,0.011,0.969
386000,0.013,0.028,0.959
386500,0.024,0.018,0.958
387000,0.021,0.016,0.964
387500,0.021,0.009,0.970
388000,0.018,0.008,0.974
388500,0.021,0.011,0.968
389000,0.032,0.004,0.965
389500,0.038,0.007,0.955
390000,0.024,0.022,0.955
390500,0.032,0.007,0.961
391000,0.024,0.025,0.951
391500,0.042,0.018,0.941
392000,0.039,0.008,0.953
392500,0.034,0.000,0.967
393000,0.047,0.007,0.946
393500,0.028,0.018,0.955
394000,0.044,0.018,0.938
394500,0.032,0.009,0.960
395000,0.025,0.008,0.967
395500,0.042,0.017,0.941
396000,0.022,0.003,0.976
396500,0.029,0.011,0.960
397000,0.024,0.002,0.974
397500,0.043,0.013,0.945
398000,0.014,0.003,0.984
398500,0.022,0.004,0.973
399000,0.024,0.006,0.971
399500,0.019,0.024,0.957
400000,0.011,0.009,0.980
400500,0.015,0.009,0.977
401000,0.018,0.013,0.970
401500,0.013,0.015,0.971
402000,0.031,0.026,0.943
402500,0.025,0.009,0.965
403000,0.021,0.009,0.971
403500,0.032,0.004,0.964
404000,0.034,0.009,0.958
404500,0.019,0.010,0.971
405000,0.027,0.004,0.969
405500,0.013,0.019,0.969
406000,0.022,0.022,0.956
406500,0.035,0.023,0.942
407000,0.018,0.015,0.967
407500,0.025,0.005,0.970
408000,0.019,0.010,0.971
408500,0.011,0.013,0.977
409000,0.021,0.011,0.968
409500,0.022,0.009,0.970
410000,0.013,0.033,0.954
410500,0.024,0.003,0.974
411000,0.025,0.007,0.968
411500,0.019,0.026,0.955
412000,0.022,0.014,0.964
412500,0.011,0.009,0.981
413000,0.011,0.013,0.976
413500,0.013,0.019,0.968
414000,0.050,0.003,0.948
414500,0.048,0.000,0.953
415000,0.021,0.017,0.962
415500,0.045,0.010,0.945
416000,0.016,0.025,0.959
416500,0.020,0.008,0.972
417000,0.042,0.013,0.946
417500,0.042,0.004,0.954
418000,0.027,0.006,0.967
418500,0.022,0.013,0.965
419000,0.013,0.025,0.962
419500,0.043,0.009,0.948
420000,0.029,0.006,0.965
420500,0.030,0.004,0.965
421000,0.018,0.003,0.980
421500,0.035,0.003,0.963
422000,0.026,0.006,0.968
422500,0.025,0.004,0.971
423000,0.020,0.013,0.968
423500,0.030,0.001,0.969
424000,0.027,0.013,0.960
424500,0.012,0.013,0.975
425000,0.035,0.017,0.949
425500,0.029,0.013,0.958
426000,0.029,0.007,0.963
426500,0.021,0.004,0.975
427000,0.024,0.000,0.976
427500,0.029,0.001,0.970
428000,0.026,0.003,0.971
428500,0.021,0.006,0.973
429000,0.019,0.001,0.980
429500,0.017,0.011,0.973
430000,0.015,0.011,0.974
430500,0.021,0.011,0.969
431000,0.032,0.001,0.968
431500,0.012,0.006,0.982
432000,0.038,0.011,0.952
432500,0.012,0.007,0.981
433000,0.019,0.002,0.980
433500,0.021,0.010,0.970
434000,0.034,0.009,0.957
434500,0.024,0.002,0.975
435000,0.031,0.013,0.957
435500,0.023,0.026,0.951
436000,0.028,0.011,0.961
436500,0.030,0.011,0.959
437000,0.030,0.003,0.968
437500,0.029,0.019,0.951
438000,0.037,0.013,0.950
438500,0.024,0.014,0.962
439000,0.028,0.015,0.957
439500,0.031,0.009,0.961
440000,0.030,0.002,0.969
440500,0.016,0.013,0.972
441000,0.016,0.009,0.975
441500,0.035,0.007,0.959
442000,0.022,0.006,0.971
442500,0.054,0.018,0.928
443000,0.029,0.002,0.970
443500,0.022,0.002,0.976
444000,0.041,0.006,0.953
444500,0.034,0.009,0.957
445000,0.025,0.017,0.959
445500,0.044,0.006,0.950
446000,0.016,0.037,0.947
446500,0.012,0.013,0.976
447000,0.024,0.015,0.961
447500,0.028,0.012,0.960
448000,0.020,0.004,0.976
448500,0.029,0.006,0.966
449000,0.016,0.009,0.975
449500,0.029,0.002,0.969
450000,0.028,0.002,0.971
450500,0.029,0.004,0.968
451000,0.037,0.003,0.960
451500,0.022,0.015,0.963
452000,0.026,0.021,0.953
452500,0.013,0.017,0.971
453000,0.018,0.011,0.972
453500,0.019,0.002,0.979
454000,0.021,0.013,0.967
454500,0.035,0.025,0.941
455000,0.025,0.009,0.967
455500,0.029,0.006,0.965
456000,0.050,0.004,0.946
456500,0.043,0.004,0.953
457000,0.015,0.026,0.958
457500,0.019,0.011,0.971
458000,0.018,0.013,0.969
458500,0.034,0.009,0.958
459000,0.019,0.002,0.979
459500,0.015,0.014,0.972
460000,0.034,0.001,0.966
460500,0.068,0.002,0.931
461000,0.035,0.000,0.965
461500,0.020,0.004,0.976
462000,0.017,0.001,0.983
462500,0.013,0.004,0.983
463000,0.024,0.011,0.966
463500,0.025,0.009,0.966
464000,0.041,0.001,0.959
464500,0.020,0.007,0.973
465000,0.018,0.002,0.981
465500,0.025,0.006,0.969
466000,0.038,0.004,0.958
466500,0.048,0.013,0.939
467000,0.022,0.013,0.965
467500,0.030,0.015,0.954
468000,0.053,0.006,0.941
468500,0.035,0.009,0.956
469000,0.037,0.006,0.957
469500,0.035,0.003,0.962
470000,0.049,0.010,0.941
470500,0.017,0.030,0.953
471000,0.025,0.015,0.960
471500,0.029,0.009,0.961
472000,0.025,0.011,0.964
472500,0.017,0.012,0.972
473000,0.013,0.010,0.977
473500,0.029,0.009,0.962
474000,0.018,0.002,0.981
474500,0.035,0.009,0.957
475000,0.037,0.008,0.955
475500,0.021,0.003,0.976
476000,0.018,0.009,0.973
476500,0.015,0.009,0.977
477000,0.024,0.003,0.974
477500,0.034,0.004,0.962
478000,0.014,0.011,0.976
478500,0.026,0.009,0.966
479000,0.012,0.004,0.984
479500,0.028,0.005,0.967
480000,0.025,0.018,0.957
480500,0.026,0.011,0.963
481000,0.015,0.004,0.981
481500,0.011,0.004,0.985
482000,0.036,0.004,0.959
482500,0.021,0.018,0.961
483000,0.036,0.021,0.943
483500,0.015,0.007,0.978
484000,0.015,0.011,0.974
484500,0.013,0.009,0.977
485000,0.028,0.006,0.967
485500,0.027,0.001,0.973
486000,0.021,0.003,0.977
486500,0.022,0.022,0.956
487000,0.035,0.004,0.961
487500,0.025,0.012,0.964
488000,0.018,0.005,0.976
488500,0.029,0.012,0.959
489000,0.017,0.019,0.964
489500,0.019,0.015,0.967
490000,0.048,0.002,0.950
490500,0.031,0.001,0.969
491000,0.036,0.000,0.964
491500,0.017,0.005,0.979
492000,0.037,0.013,0.950
492500,0.019,0.007,0.974
493000,0.013,0.014,0.974
493500,0.017,0.015,0.969
494000,0.069,0.012,0.919
494500,0.034,0.016,0.950
495000,0.035,0.003,0.962
495500,0.035,0.011,0.954
496000,0.018,0.015,0.968
496500,0.034,0.005,0.962
497000,0.034,0.009,0.957
497500,0.020,0.000,0.980
498000,0.012,0.015,0.973
498500,0.033,0.037,0.929
499000,0.032,0.009,0.959
499500,0.012,0.009,0.979
500000,0.024,0.011,0.965
500500,0.033,0.006,0.962
501000,0.029,0.003,0.969
501500,0.017,0.000,0.983
502000,0.019,0.013,0.969
502500,0.032,0.013,0.956
503000,0.028,0.009,0.963
503500,0.039,0.009,0.952
504000,0.029,0.000,0.972
504500,0.035,0.004,0.961
505000,0.013,0.011,0.976
505500,0.022,0.021,0.958
506000,0.015,0.004,0.982
506500,0.020,0.007,0.973
507000,0.031,0.013,0.956
507500,0.045,0.001,0.954
508000,0.016,0.009,0.975
508500,0.029,0.005,0.966
509000,0.015,0.012,0.973
509500,0.035,0.011,0.954
510000,0.043,0.015,0.942
510500,0.018,0.009,0.973
511000,0.018,0.007,0.976
511500,0.025,0.016,0.960
512000,0.018,0.013,0.969
512500,0.037,0.005,0.958
513000,0.028,0.010,0.962
513500,0.026,0.001,0.973
514000,0.022,0.000,0.978
514500,0.013,0.025,0.961
515000,0.020,0.022,0.958
515500,0.015,0.004,0.982
516000,0.017,0.002,0.982
516500,0.022,0.004,0.974
517000,0.021,0.018,0.961
517500,0.022,0.022,0.956
518000,0.014,0.013,0.974
518500,0.029,0.009,0.963
519000,0.020,0.036,0.944
519500,0.013,0.018,0.969
520000,0.037,0.003,0.961
520500,0.020,0.002,0.979
521000,0.025,0.025,0.950
521500,0.014,0.021,0.965
522000,0.042,0.011,0.947
522500,0.037,0.009,0.953
523000,0.035,0.000,0.966
523500,0.032,0.000,0.969
524000,0.027,0.005,0.968
524500,0.040,0.004,0.957
525000,0.020,0.011,0.969
525500,0.022,0.008,0.970
526000,0.029,0.009,0.963
526500,0.029,0.006,0.965
527000,0.032,0.009,0.959
527500,0.018,0.009,0.973
528000,0.020,0.015,0.966
528500,0.024,0.002,0.974
529000,0.034,0.002,0.965
529500,0.023,0.004,0.973
530000,0.023,0.022,0.955
530500,0.028,0.018,0.954
531000,0.011,0.022,0.967
531500,0.027,0.002,0.971
532000,0.024,0.004,0.973
532500,0.017,0.013,0.970
533000,0.034,0.014,0.953
533500,0.012,0.029,0.959
534000,0.029,0.013,0.958
534500,0.021,0.002,0.977
535000,0.018,0.019,0.962
535500,0.021,0.018,0.962
536000,0.021,0.013,0.966
536500,0.029,0.010,0.961
537000,0.022,0.004,0.974
537500,0.028,0.003,0.970
538000,0.039,0.002,0.959
538500,0.021,0.000,0.980
539000,0.020,0.019,0.961
539500,0.029,0.004,0.968
540000,0.044,0.008,0.948
540500,0.018,0.008,0.974
541000,0.034,0.008,0.959
541500,0.035,0.010,0.955
542000,0.018,0.026,0.956
542500,0.021,0.009,0.970
543000,0.021,0.005,0.974
543500,0.021,0.004,0.976
544000,0.023,0.013,0.964
544500,0.019,0.007,0.973
545000,0.035,0.013,0.953
545500,0.044,0.009,0.946
546000,0.022,0.011,0.967
546500,0.018,0.024,0.958
547000,0.022,0.010,0.968
547500,0.046,0.009,0.945
548000,0.015,0.004,0.981
548500,0.023,0.000,0.977
549000,0.027,0.006,0.967
549500,0.021,0.013,0.966
550000,0.022,0.015,0.963
550500,0.017,0.009,0.975
551000,0.011,0.036,0.952
551500,0.065,0.004,0.932
552000,0.027,0.004,0.969
552500,0.015,0.022,0.963
553000,0.032,0.009,0.960
553500,0.014,0.018,0.968
554000,0.018,0.006,0.976
554500,0.039,0.017,0.944
555000,0.019,0.011,0.969
555500,0.019,0.033,0.948
556000,0.029,0.017,0.955
556500,0.026,0.011,0.964
557000,0.011,0.011,0.978
557500,0.022,0.024,0.954
558000,0.021,0.013,0.966
558500,0.024,0.017,0.960
559000,0.021,0.007,0.971
559500,0.013,0.009,0.979
560000,0.012,0.020,0.968
560500,0.022,0.013,0.965
561000,0.015,0.004,0.981
561500,0.024,0.018,0.958
562000,0.024,0.005,0.971
562500,0.016,0.004,0.980
563000,0.045,0.000,0.955
563500,0.036,0.003,0.961
564000,0.022,0.004,0.974
564500,0.025,0.006,0.969
565000,0.018,0.017,0.966
565500,0.019,0.002,0.979
566000,0.041,0.004,0.955
566500,0.028,0.002,0.970
567000,0.042,0.005,0.953
567500,0.037,0.004,0.959
568000,0.017,0.002,0.982
568500,0.027,0.005,0.968
569000,0.026,0.002,0.972
569500,0.026,0.018,0.957
570000,0.017,0.005,0.978
570500,0.033,0.013,0.955
571000,0.012,0.030,0.958
571500,0.024,0.015,0.961
572000,0.026,0.008,0.966
572500,0.015,0.015,0.970
573000,0.044,0.005,0.950
573500,0.015,0.013,0.972
574000,0.013,0.009,0.978
574500,0.032,0.007,0.961
575000,0.035,0.001,0.965
575500,0.049,0.006,0.945
576000,0.018,0.021,0.961
576500,0.021,0.011,0.968
577000,0.022,0.002,0.976
577500,0.034,0.015,0.952
578000,0.033,0.012,0.956
578500,0.013,0.018,0.969
579000,0.013,0.008,0.979
579500,0.015,0.004,0.981
580000,0.018,0.018,0.964
580500,0.028,0.017,0.955
581000,0.011,0.025,0.965
581500,0.025,0.003,0.973
582000,0.024,0.013,0.964
582500,0.026,0.001,0.973
583000,0.037,0.012,0.951
583500,0.015,0.028,0.957
584000,0.021,0.007,0.973
584500,0.022,0.009,0.969
585000,0.035,0.017,0.949
585500,0.019,0.037,0.944
586000,0.034,0.015,0.952
586500,0.036,0.005,0.959
587000,0.028,0.021,0.951
587500,0.019,0.016,0.965
588000,0.036,0.015,0.949
588500,0.026,0.015,0.959
589000,0.019,0.026,0.955
589500,0.027,0.018,0.956
590000,0.022,0.022,0.956
590500,0.024,0.020,0.957
591000,0.020,0.021,0.959
591500,0.019,0.010,0.971
592000,0.021,0.001,0.978
592500,0.029,0.013,0.958
593000,0.027,0.012,0.961
593500,0.013,0.004,0.984
594000,0.016,0.006,0.978
594500,0.028,0.018,0.955
595000,0.028,0.014,0.959
595500,0.041,0.005,0.954
596000,0.025,0.003,0.973
596500,0.036,0.026,0.938
597000,0.024,0.005,0.971
597500,0.025,0.002,0.973
598000,0.019,0.002,0.979
598500,0.029,0.020,0.951
599000,0.025,0.008,0.967
599500,0.015,0.007,0.978
600000,0.022,0.023,0.955
600500,0.024,0.012,0.965
601000,0.017,0.007,0.976
601500,0.013,0.015,0.972
602000,0.036,0.004,0.960
602500,0.015,0.018,0.967
603000,0.018,0.028,0.955
603500,0.018,0.011,0.972
604000,0.021,0.017,0.962
604500,0.015,0.011,0.974
605000,0.019,0.002,0.979
605500,0.011,0.010,0.979
606000,0.019,0.013,0.968
606500,0.034,0.013,0.954
607000,0.017,0.016,0.967
607500,0.010,0.035,0.955
608000,0.018,0.015,0.968
608500,0.023,0.019,0.958
609000,0.018,0.006,0.976
609500,0.011,0.011,0.978
610000,0.013,0.006,0.981
610500,0.011,0.005,0.983
611000,0.019,0.026,0.955
611500,0.035,0.012,0.953
612000,0.021,0.010,0.969
612500,0.013,0.007,0.981
613000,0.018,0.002,0.981
613500,0.028,0.003,0.970
614000,0.038,0.011,0.952
614500,0.024,0.002,0.974
615000,0.026,0.006,0.968
615500,0.032,0.009,0.960
616000,0.038,0.013,0.949
616500,0.030,0.007,0.963
617000,0.019,0.003,0.979
617500,0.032,0.010,0.959
618000,0.032,0.007,0.961
618500,0.015,0.013,0.973
619000,0.043,0.009,0.949
619500,0.026,0.006,0.968
620000,0.021,0.011,0.968
620500,0.021,0.009,0.970
621000,0.019,0.003,0.978
621500,0.030,0.021,0.949
622000,0.012,0.015,0.974
622500,0.035,0.008,0.957
623000,0.018,0.011,0.972
623500,0.021,0.007,0.972
624000,0.034,0.003,0.964
624500,0.056,0.013,0.930
625000,0.026,0.007,0.967
625500,0.021,0.005,0.973
626000,0.036,0.013,0.951
626500,0.031,0.004,0.965
627000,0.045,0.017,0.939
627500,0.021,0.008,0.972
628000,0.019,0.015,0.966
628500,0.019,0.021,0.960
629000,0.041,0.002,0.958
629500,0.028,0.018,0.955
630000,0.029,0.023,0.948
630500,0.025,0.002,0.973
631000,0.033,0.011,0.957
631500,0.035,0.006,0.959
632000,0.021,0.001,0.979
632500,0.017,0.013,0.970
633000,0.019,0.013,0.968
633500,0.036,0.007,0.957
634000,0.028,0.011,0.961
634500,0.018,0.004,0.979
635000,0.026,0.003,0.971
635500,0.037,0.020,0.943
636000,0.024,0.008,0.968
636500,0.017,0.015,0.969
637000,0.040,0.022,0.938
637500,0.027,0.009,0.964
638000,0.030,0.019,0.951
638500,0.018,0.019,0.963
639000,0.020,0.024,0.956
639500,0.035,0.011,0.955
640000,0.017,0.033,0.951
640500,0.016,0.014,0.970
641000,0.026,0.007,0.966
641500,0.021,0.002,0.977
642000,0.018,0.006,0.976
642500,0.013,0.010,0.978
643000,0.027,0.010,0.963
643500,0.021,0.021,0.958
644000,0.054,0.005,0.941
644500,0.028,0.013,0.960
645000,0.019,0.024,0.958
645500,0.026,0.012,0.962
646000,0.017,0.032,0.951
646500,0.032,0.008,0.960
647000,0.028,0.004,0.969
647500,0.016,0.015,0.969
648000,0.022,0.013,0.965
648500,0.033,0.010,0.957
649000,0.028,0.012,0.961
649500,0.029,0.002,0.969
650000,0.038,0.005,0.957
650500,0.025,0.009,0.967
651000,0.038,0.002,0.960
651500,0.026,0.018,0.957
652000,0.013,0.024,0.964
652500,0.030,0.001,0.969
653000,0.027,0.011,0.962
653500,0.035,0.032,0.933
654000,0.021,0.019,0.960
654500,0.011,0.010,0.980
655000,0.019,0.009,0.972
655500,0.029,0.004,0.968
656000,0.019,0.025,0.955
656500,0.036,0.008,0.956
657000,0.025,0.001,0.974
657500,0.038,0.003,0.959
658000,0.015,0.004,0.982
658500,0.013,0.008,0.979
659000,0.024,0.017,0.960
659500,0.018,0.009,0.974
660000,0.029,0.002,0.969
660500,0.034,0.006,0.960
661000,0.025,0.005,0.969
661500,0.037,0.002,0.961
662000,0.021,0.025,0.955
662500,0.014,0.029,0.958
663000,0.018,0.018,0.964
663500,0.025,0.022,0.953
664000,0.011,0.017,0.972
664500,0.018,0.009,0.973
665000,0.026,0.011,0.962
665500,0.032,0.002,0.966
666000,0.018,0.004,0.978
666500,0.019,0.006,0.974
667000,0.042,0.009,0.949
667500,0.018,0.020,0.962
668000,0.026,0.014,0.960
668500,0.021,0.003,0.976
669000,0.014,0.010,0.976
669500,0.015,0.010,0.975
670000,0.023,0.018,0.960
670500,0.021,0.009,0.970
671000,0.024,0.007,0.970
671500,0.029,0.008,0.963
672000,0.025,0.008,0.967
672500,0.028,0.034,0.938
673000,0.021,0.003,0.976
673500,0.037,0.002,0.961
674000,0.036,0.018,0.946
674500,0.025,0.007,0.968
675000,0.016,0.011,0.973
675500,0.027,0.003,0.971
676000,0.032,0.006,0.962
676500,0.028,0.030,0.943
677000,0.025,0.017,0.958
677500,0.047,0.003,0.951
678000,0.026,0.017,0.957
678500,0.034,0.001,0.966
679000,0.015,0.011,0.973
679500,0.020,0.007,0.973
680000,0.017,0.013,0.971
680500,0.015,0.011,0.973
681000,0.015,0.015,0.971
681500,0.011,0.013,0.977
682000,0.019,0.002,0.979
682500,0.013,0.015,0.972
683000,0.034,0.006,0.960
683500,0.025,0.000,0.975
684000,0.022,0.020,0.958
684500,0.028,0.030,0.942
685000,0.026,0.010,0.964
685500,0.024,0.001,0.976
686000,0.024,0.041,0.935
686500,0.041,0.013,0.946
687000,0.029,0.004,0.968
687500,0.024,0.007,0.969
688000,0.028,0.005,0.967
688500,0.021,0.026,0.953
689000,0.030,0.011,0.958
689500,0.018,0.015,0.966
690000,0.022,0.013,0.965
690500,0.014,0.015,0.971
691000,0.022,0.003,0.976
691500,0.023,0.004,0.974
692000,0.017,0.015,0.969
692500,0.023,0.015,0.962
693000,0.022,0.001,0.977
693500,0.032,0.003,0.965
694000,0.022,0.013,0.965
694500,0.018,0.019,0.964
695000,0.018,0.017,0.965
695500,0.012,0.010,0.978
696000,0.015,0.010,0.976
696500,0.062,0.004,0.933
697000,0.030,0.011,0.959
697500,0.045,0.002,0.954
698000,0.043,0.004,0.953
698500,0.027,0.000,0.973
699000,0.028,0.000,0.972
699500,0.042,0.009,0.950
700000,0.014,0.012,0.974
700500,0.019,0.018,0.963
701000,0.024,0.011,0.966
701500,0.034,0.002,0.965
702000,0.025,0.000,0.976
702500,0.013,0.006,0.981
703000,0.024,0.008,0.968
703500,0.015,0.020,0.965
704000,0.024,0.009,0.968
704500,0.030,0.025,0.945
705000,0.012,0.011,0.977
705500,0.026,0.018,0.956
706000,0.020,0.021,0.959
706500,0.016,0.025,0.960
707000,0.019,0.013,0.968
707500,0.020,0.036,0.944
708000,0.021,0.009,0.969
708500,0.031,0.021,0.949
709000,0.017,0.013,0.970
709500,0.026,0.011,0.963
710000,0.018,0.027,0.955
710500,0.020,0.009,0.972
711000,0.031,0.000,0.969
711500,0.013,0.015,0.971
712000,0.018,0.018,0.964
712500,0.025,0.003,0.973
713000,0.018,0.020,0.962
713500,0.026,0.003,0.972
714000,0.028,0.024,0.948
714500,0.022,0.012,0.966
715000,0.026,0.013,0.962
715500,0.018,0.007,0.976
716000,0.023,0.006,0.971
716500,0.034,0.004,0.962
717000,0.024,0.015,0.961
717500,0.015,0.015,0.971
718000,0.011,0.017,0.972
718500,0.025,0.025,0.950
719000,0.018,0.021,0.962
719500,0.025,0.006,0.969
720000,0.034,0.006,0.961
720500,0.038,0.001,0.961
721000,0.043,0.001,0.957
721500,0.041,0.003,0.957
722000,0.040,0.011,0.949
722500,0.033,0.009,0.958
723000,0.023,0.001,0.976
723500,0.031,0.002,0.968
724000,0.037,0.005,0.957
724500,0.029,0.019,0.952
725000,0.023,0.004,0.974
725500,0.013,0.011,0.976
726000,0.029,0.023,0.949
726500,0.025,0.013,0.963
727000,0.026,0.012,0.962
727500,0.036,0.012,0.952
728000,0.029,0.009,0.962
728500,0.028,0.000,0.973
729000,0.018,0.018,0.964
729500,0.024,0.007,0.969
730000,0.015,0.017,0.969
730500,0.023,0.001,0.977
731000,0.015,0.002,0.983
731500,0.030,0.015,0.956
732000,0.026,0.019,0.955
732500,0.017,0.004,0.979
733000,0.032,0.002,0.967
733500,0.040,0.000,0.961
734000,0.029,0.000,0.971
734500,0.011,0.012,0.977
735000,0.025,0.011,0.965
735500,0.034,0.009,0.957
736000,0.025,0.005,0.970
736500,0.026,0.014,0.960
737000,0.024,0.022,0.954
737500,0.017,0.010,0.973
738000,0.024,0.016,0.961
738500,0.018,0.003,0.979
739000,0.031,0.002,0.967
739500,0.024,0.011,0.965
740000,0.018,0.013,0.969
740500,0.015,0.002,0.983
741000,0.020,0.001,0.979
741500,0.030,0.014,0.956
742000,0.015,0.029,0.956
742500,0.013,0.029,0.957
743000,0.025,0.013,0.962
743500,0.028,0.005,0.967
744000,0.030,0.017,0.953
744500,0.025,0.027,0.949
745000,0.039,0.006,0.955
745500,0.030,0.002,0.968
746000,0.020,0.000,0.980
746500,0.021,0.018,0.961
747000,0.021,0.004,0.976
747500,0.018,0.012,0.970
748000,0.018,0.016,0.966
748500,0.010,0.013,0.977
749000,0.025,0.019,0.956
749500,0.043,0.005,0.952
750000,0.019,0.009,0.972
750500,0.015,0.009,0.976
751000,0.037,0.019,0.943
751500,0.014,0.013,0.973
752000,0.021,0.013,0.966
752500,0.024,0.006,0.970
753000,0.018,0.005,0.978
753500,0.036,0.013,0.951
754000,0.034,0.009,0.957
754500,0.037,0.022,0.941
755000,0.018,0.007,0.974
755500,0.033,0.004,0.964
756000,0.016,0.011,0.974
756500,0.036,0.004,0.960
757000,0.043,0.009,0.949
757500,0.018,0.004,0.977
758000,0.026,0.010,0.964
758500,0.025,0.008,0.968
759000,0.015,0.007,0.978
759500,0.018,0.020,0.963
760000,0.013,0.004,0.983
760500,0.028,0.001,0.972
761000,0.019,0.025,0.957
761500,0.028,0.028,0.944
762000,0.041,0.024,0.936
762500,0.024,0.004,0.972
763000,0.035,0.017,0.948
763500,0.032,0.002,0.967
764000,0.021,0.021,0.958
764500,0.017,0.024,0.960
765000,0.039,0.009,0.953
765500,0.025,0.002,0.973
766000,0.025,0.004,0.972
766500,0.032,0.003,0.966
767000,0.036,0.006,0.957
767500,0.012,0.013,0.975
768000,0.025,0.015,0.960
768500,0.029,0.013,0.959
769000,0.029,0.017,0.955
769500,0.018,0.015,0.967
770000,0.031,0.003,0.967
770500,0.016,0.009,0.976
771000,0.018,0.025,0.957
771500,0.013,0.021,0.966
772000,0.017,0.013,0.971
772500,0.019,0.001,0.981
773000,0.029,0.008,0.963
773500,0.023,0.021,0.956
774000,0.048,0.011,0.942
774500,0.020,0.015,0.965
775000,0.017,0.015,0.969
775500,0.027,0.011,0.963
776000,0.024,0.006,0.971
776500,0.035,0.005,0.960
777000,0.028,0.008,0.965
777500,0.011,0.020,0.969
778000,0.019,0.006,0.975
778500,0.019,0.010,0.971
779000,0.011,0.004,0.985
779500,0.018,0.022,0.960
780000,0.011,0.026,0.963
780500,0.033,0.019,0.948
781000,0.021,0.015,0.964
781500,0.011,0.004,0.985
782000,0.026,0.002,0.972
782500,0.015,0.008,0.977
783000,0.030,0.015,0.955
783500,0.018,0.024,0.958
784000,0.016,0.021,0.963
784500,0.023,0.017,0.960
785000,0.042,0.011,0.948
785500,0.016,0.006,0.978
786000,0.013,0.021,0.967
786500,0.017,0.016,0.967
787000,0.021,0.015,0.964
787500,0.017,0.015,0.968
788000,0.033,0.020,0.948
788500,0.032,0.009,0.960
789000,0.025,0.007,0.968
789500,0.022,0.034,0.945
790000,0.020,0.011,0.969
790500,0.023,0.008,0.969
791000,0.029,0.013,0.958
791500,0.015,0.005,0.979
792000,0.020,0.002,0.979
792500,0.029,0.009,0.962
793000,0.035,0.019,0.947
793500,0.018,0.018,0.965
794000,0.021,0.011,0.968
794500,0.014,0.006,0.980
795000,0.021,0.009,0.969
795500,0.011,0.027,0.962
796000,0.018,0.011,0.971
796500,0.033,0.020,0.947
797000,0.024,0.003,0.974
797500,0.041,0.004,0.956
798000,0.016,0.011,0.973
798500,0.017,0.007,0.976
799000,0.022,0.011,0.967
799500,0.028,0.016,0.956
800000,0.028,0.008,0.964
800500,0.029,0.024,0.948
801000,0.015,0.016,0.969
801500,0.026,0.003,0.971
802000,0.048,0.002,0.950
802500,0.049,0.009,0.943
803000,0.037,0.003,0.961
803500,0.032,0.004,0.964
804000,0.025,0.011,0.964
804500,0.013,0.016,0.972
805000,0.033,0.009,0.959
805500,0.027,0.004,0.969
806000,0.022,0.022,0.956
806500,0.038,0.015,0.947
807000,0.015,0.007,0.979
807500,0.028,0.013,0.960
808000,0.037,0.001,0.962
808500,0.037,0.017,0.946
809000,0.019,0.011,0.971
809500,0.029,0.003,0.969
810000,0.025,0.001,0.975
810500,0.017,0.004,0.980
811000,0.051,0.004,0.946
811500,0.030,0.018,0.952
812000,0.028,0.018,0.954
812500,0.029,0.009,0.962
813000,0.021,0.043,0.937
813500,0.029,0.006,0.964
814000,0.022,0.015,0.963
814500,0.020,0.018,0.963
815000,0.025,0.033,0.943
815500,0.015,0.030,0.955
816000,0.025,0.007,0.968
816500,0.035,0.018,0.947
817000,0.028,0.003,0.969
817500,0.021,0.022,0.957
818000,0.017,0.009,0.975
818500,0.035,0.009,0.956
819000,0.028,0.025,0.948
819500,0.024,0.003,0.974
820000,0.019,0.030,0.951
820500,0.011,0.024,0.965
821000,0.014,0.013,0.973
821500,0.030,0.021,0.950
822000,0.018,0.006,0.977
822500,0.018,0.028,0.955
823000,0.032,0.021,0.948
823500,0.025,0.017,0.958
824000,0.029,0.014,0.957
824500,0.025,0.025,0.951
825000,0.024,0.009,0.968
825500,0.016,0.016,0.968
826000,0.025,0.002,0.973
826500,0.036,0.007,0.957
827000,0.018,0.018,0.965
827500,0.018,0.005,0.978
828000,0.024,0.002,0.974
828500,0.019,0.022,0.959
829000,0.011,0.015,0.975
829500,0.028,0.020,0.953
830000,0.038,0.006,0.956
830500,0.037,0.004,0.958
831000,0.011,0.009,0.980
831500,0.028,0.016,0.956
832000,0.040,0.015,0.945
832500,0.017,0.021,0.963
833000,0.033,0.013,0.955
833500,0.020,0.009,0.971
834000,0.015,0.025,0.960
834500,0.028,0.003,0.970
835000,0.032,0.005,0.963
835500,0.018,0.003,0.979
836000,0.036,0.005,0.958
836500,0.016,0.017,0.967
837000,0.027,0.018,0.956
837500,0.017,0.013,0.970
838000,0.013,0.019,0.968
838500,0.021,0.004,0.976
839000,0.049,0.003,0.949
839500,0.020,0.005,0.975
840000,0.021,0.015,0.965
840500,0.011,0.017,0.972
841000,0.032,0.004,0.965
841500,0.015,0.019,0.965
842000,0.035,0.006,0.958
842500,0.022,0.001,0.977
843000,0.015,0.006,0.978
843500,0.020,0.000,0.980
844000,0.018,0.001,0.982
844500,0.020,0.005,0.975
845000,0.035,0.021,0.945
845500,0.020,0.003,0.977
846000,0.015,0.005,0.980
846500,0.024,0.009,0.968
847000,0.021,0.017,0.962
847500,0.031,0.009,0.961
848000,0.018,0.011,0.971
848500,0.032,0.014,0.954
849000,0.025,0.011,0.965
849500,0.012,0.011,0.977
850000,0.021,0.006,0.973
850500,0.018,0.011,0.971
851000,0.026,0.000,0.974
851500,0.025,0.015,0.959
852000,0.015,0.026,0.958
852500,0.019,0.024,0.957
853000,0.024,0.017,0.960
853500,0.012,0.003,0.985
854000,0.022,0.019,0.958
854500,0.036,0.028,0.936
855000,0.029,0.004,0.967
855500,0.025,0.009,0.966
856000,0.011,0.004,0.986
856500,0.034,0.012,0.955
857000,0.021,0.009,0.970
857500,0.015,0.009,0.975
858000,0.026,0.015,0.958
858500,0.040,0.009,0.952
859000,0.022,0.015,0.963
859500,0.025,0.019,0.956
860000,0.029,0.004,0.967
860500,0.021,0.004,0.976
861000,0.021,0.001,0.979
861500,0.029,0.004,0.968
862000,0.022,0.002,0.976
862500,0.036,0.013,0.950
863000,0.025,0.008,0.967
863500,0.035,0.017,0.949
864000,0.033,0.011,0.956
864500,0.018,0.006,0.976
865000,0.013,0.012,0.975
865500,0.017,0.014,0.970
866000,0.026,0.015,0.960
866500,0.020,0.012,0.968
867000,0.024,0.018,0.959
867500,0.018,0.004,0.979
868000,0.027,0.009,0.964
868500,0.028,0.009,0.964
869000,0.031,0.011,0.958
869500,0.011,0.004,0.986
870000,0.033,0.015,0.952
870500,0.034,0.012,0.954
871000,0.017,0.006,0.977
871500,0.013,0.016,0.972
872000,0.030,0.005,0.965
872500,0.034,0.025,0.942
873000,0.035,0.007,0.958
873500,0.022,0.004,0.974
874000,0.031,0.011,0.958
874500,0.028,0.011,0.961
875000,0.018,0.002,0.980
875500,0.041,0.004,0.955
876000,0.026,0.009,0.965
876500,0.019,0.031,0.950
877000,0.033,0.022,0.946
877500,0.018,0.012,0.970
878000,0.022,0.010,0.968
878500,0.012,0.015,0.973
879000,0.030,0.009,0.962
879500,0.021,0.013,0.967
880000,0.011,0.012,0.977
880500,0.010,0.033,0.957
881000,0.017,0.011,0.972
881500,0.029,0.007,0.963
882000,0.025,0.005,0.970
882500,0.021,0.007,0.972
883000,0.044,0.005,0.951
883500,0.027,0.002,0.972
884000,0.038,0.004,0.958
884500,0.041,0.010,0.950
885000,0.029,0.004,0.968
885500,0.028,0.011,0.961
886000,0.043,0.014,0.943
886500,0.012,0.010,0.978
887000,0.017,0.006,0.978
887500,0.029,0.022,0.949
888000,0.028,0.009,0.963
888500,0.018,0.007,0.975
889000,0.013,0.013,0.974
889500,0.020,0.019,0.961
890000,0.029,0.004,0.967
890500,0.032,0.010,0.959
891000,0.030,0.001,0.970
891500,0.024,0.008,0.968
892000,0.018,0.005,0.978
892500,0.015,0.005,0.980
893000,0.021,0.004,0.975
893500,0.025,0.019,0.955
894000,0.032,0.004,0.964
894500,0.021,0.018,0.961
895000,0.033,0.016,0.952
895500,0.021,0.008,0.972
896000,0.018,0.017,0.966
896500,0.018,0.021,0.961
897000,0.022,0.018,0.960
897500,0.030,0.011,0.960
898000,0.013,0.017,0.970
898500,0.018,0.007,0.975
899000,0.012,0.009,0.980
899500,0.024,0.006,0.971
900000,0.042,0.001,0.958
900500,0.021,0.018,0.962
901000,0.028,0.004,0.969
901500,0.035,0.002,0.964
902000,0.031,0.000,0.969
902500,0.026,0.005,0.969
903000,0.034,0.010,0.957
903500,0.035,0.001,0.964
904000,0.022,0.010,0.968
904500,0.038,0.010,0.952
905000,0.015,0.015,0.971
905500,0.013,0.015,0.973
906000,0.011,0.004,0.985
906500,0.011,0.022,0.967
907000,0.010,0.006,0.984
907500,0.043,0.007,0.949
908000,0.021,0.003,0.977
908500,0.025,0.003,0.973
909000,0.015,0.007,0.978
909500,0.015,0.001,0.984
910000,0.025,0.000,0.975
910500,0.021,0.003,0.977
911000,0.021,0.016,0.963
911500,0.015,0.018,0.968
912000,0.018,0.006,0.976
912500,0.029,0.009,0.961
913000,0.014,0.011,0.976
913500,0.029,0.011,0.961
914000,0.029,0.015,0.956
914500,0.023,0.003,0.974
915000,0.042,0.011,0.947
915500,0.023,0.013,0.964
916000,0.029,0.013,0.958
916500,0.028,0.001,0.971
917000,0.035,0.013,0.952
917500,0.027,0.002,0.972
918000,0.028,0.004,0.969
918500,0.035,0.012,0.954
919000,0.042,0.002,0.957
919500,0.015,0.025,0.960
920000,0.024,0.015,0.962
920500,0.023,0.026,0.951
921000,0.026,0.019,0.954
921500,0.021,0.014,0.965
922000,0.049,0.002,0.949
922500,0.037,0.009,0.954
923000,0.032,0.015,0.953
923500,0.038,0.004,0.958
924000,0.031,0.008,0.961
924500,0.023,0.002,0.975
925000,0.030,0.004,0.966
925500,0.011,0.022,0.966
926000,0.024,0.013,0.963
926500,0.017,0.004,0.980
927000,0.019,0.010,0.971
927500,0.019,0.007,0.974
928000,0.022,0.015,0.962
928500,0.011,0.009,0.980
929000,0.033,0.010,0.958
929500,0.025,0.019,0.956
930000,0.031,0.001,0.968
930500,0.029,0.000,0.971
931000,0.039,0.004,0.957
931500,0.029,0.018,0.953
932000,0.027,0.005,0.968
932500,0.028,0.015,0.958
933000,0.013,0.013,0.974
933500,0.036,0.011,0.952
934000,0.014,0.012,0.974
934500,0.025,0.018,0.958
935000,0.042,0.005,0.953
935500,0.022,0.004,0.974
936000,0.026,0.015,0.959
936500,0.014,0.011,0.976
937000,0.027,0.021,0.952
937500,0.022,0.014,0.964
938000,0.042,0.006,0.953
938500,0.022,0.021,0.958
939000,0.017,0.027,0.957
939500,0.028,0.011,0.962
940000,0.025,0.018,0.958
940500,0.035,0.011,0.955
941000,0.030,0.013,0.958
941500,0.025,0.009,0.966
942000,0.023,0.010,0.967
942500,0.022,0.007,0.971
943000,0.034,0.002,0.965
943500,0.033,0.010,0.957
944000,0.045,0.004,0.951
944500,0.033,0.011,0.956
945000,0.027,0.021,0.952
945500,0.025,0.006,0.969
946000,0.033,0.018,0.950
946500,0.037,0.011,0.952
947000,0.024,0.038,0.938
947500,0.026,0.009,0.964
948000,0.019,0.002,0.979
948500,0.035,0.015,0.949
949000,0.016,0.013,0.972
949500,0.037,0.003,0.960
950000,0.015,0.011,0.975
950500,0.035,0.026,0.939
951000,0.027,0.004,0.969
951500,0.024,0.003,0.974
952000,0.017,0.004,0.979
952500,0.022,0.032,0.947
953000,0.021,0.013,0.966
953500,0.018,0.017,0.966
954000,0.011,0.024,0.965
954500,0.026,0.007,0.967
955000,0.015,0.022,0.963
955500,0.018,0.007,0.975
956000,0.024,0.012,0.964
956500,0.027,0.004,0.970
957000,0.021,0.004,0.974
957500,0.021,0.003,0.976
958000,0.017,0.014,0.969
958500,0.027,0.011,0.963
959000,0.013,0.011,0.976
959500,0.037,0.003,0.960
960000,0.018,0.022,0.960
960500,0.023,0.013,0.965
961000,0.025,0.015,0.960
961500,0.024,0.016,0.961
962000,0.021,0.013,0.967
962500,0.022,0.011,0.967
963000,0.019,0.001,0.980
963500,0.015,0.003,0.982
964000,0.028,0.002,0.971
964500,0.021,0.017,0.962
965000,0.013,0.015,0.972
965500,0.010,0.034,0.957
966000,0.022,0.025,0.952
966500,0.014,0.004,0.982
967000,0.032,0.004,0.965
967500,0.027,0.006,0.967
968000,0.015,0.010,0.975
968500,0.023,0.007,0.970
969000,0.015,0.001,0.984
969500,0.010,0.000,0.990
970000,0.024,0.011,0.966
970500,0.037,0.007,0.956
971000,0.034,0.016,0.950
971500,0.015,0.011,0.974
972000,0.012,0.012,0.976
972500,0.042,0.002,0.957
973000,0.026,0.007,0.967
973500,0.018,0.007,0.975
974000,0.022,0.018,0.959
974500,0.013,0.034,0.954
975000,0.023,0.026,0.951
975500,0.039,0.004,0.958
976000,0.023,0.009,0.969
976500,0.018,0.013,0.970
977000,0.017,0.002,0.982
977500,0.025,0.024,0.952
978000,0.025,0.009,0.965
978500,0.015,0.002,0.984
979000,0.025,0.005,0.971
979500,0.043,0.003,0.955
980000,0.034,0.007,0.960
980500,0.026,0.005,0.969
981000,0.026,0.011,0.962
981500,0.021,0.011,0.968
982000,0.018,0.012,0.970
982500,0.015,0.002,0.984
983000,0.016,0.004,0.980
983500,0.025,0.016,0.960
984000,0.032,0.011,0.957
984500,0.014,0.013,0.973
985000,0.032,0.008,0.961
985500,0.046,0.002,0.952
986000,0.019,0.015,0.965
986500,0.019,0.017,0.964
987000,0.051,0.007,0.942
987500,0.036,0.008,0.956
988000,0.036,0.005,0.959
988500,0.037,0.007,0.956
989000,0.027,0.001,0.972
989500,0.018,0.018,0.964
990000,0.029,0.009,0.961
990500,0.022,0.029,0.949
991000,0.030,0.018,0.952
991500,0.035,0.009,0.956
992000,0.018,0.007,0.975
992500,0.013,0.021,0.965
993000,0.021,0.002,0.977
993500,0.032,0.032,0.936
994000,0.029,0.019,0.952
994500,0.021,0.017,0.962
995000,0.021,0.004,0.976
995500,0.033,0.001,0.966
996000,0.021,0.000,0.979
996500,0.025,0.004,0.972
997000,0.044,0.013,0.943
997500,0.032,0.021,0.948
998000,0.021,0.004,0.976
998500,0.014,0.000,0.986
999000,0.017,0.025,0.958
999500,0.013,0.022,0.965
1000000,0.010,0.015,0.976
