time,n_A+p,n_B,n_AB
500,0.010,0.985,0.005
1000,0.010,0.987,0.003
1500,0.010,0.981,0.009
2000,0.010,0.853,0.137
2500,0.010,0.922,0.068
3000,0.010,0.972,0.018
3500,0.010,0.930,0.060
4000,0.010,0.938,0.052
4500,0.010,0.947,0.043
5000,0.010,0.814,0.176
5500,0.010,0.920,0.070
6000,0.010,0.951,0.039
6500,0.010,0.979,0.011
7000,0.010,0.986,0.004
7500,0.010,0.940,0.050
8000,0.010,0.990,0.000
8500,0.010,0.958,0.032
9000,0.010,0.989,0.001
9500,0.010,0.894,0.096
10000,0.010,0.962,0.028
10500,0.010,0.968,0.022
11000,0.010,0.905,0.085
11500,0.010,0.931,0.059
12000,0.010,0.976,0.014
12500,0.010,0.990,0.000
13000,0.010,0.944,0.046
13500,0.010,0.979,0.011
14000,0.010,0.965,0.025
14500,0.010,0.948,0.042
15000,0.010,0.969,0.021
15500,0.010,0.988,0.002
16000,0.010,0.962,0.028
16500,0.010,0.958,0.032
17000,0.010,0.944,0.046
17500,0.010,0.863,0.127
18000,0.010,0.971,0.019
18500,0.010,0.979,0.011
19000,0.010,0.981,0.009
19500,0.010,0.990,0.000
20000,0.010,0.931,0.059
20500,0.010,0.911,0.079
21000,0.010,0.979,0.011
21500,0.010,0.972,0.018
22000,0.010,0.988,0.002
22500,0.010,0.833,0.157
23000,0.010,0.940,0.050
23500,0.010,0.990,0.000
24000,0.010,0.942,0.048
24500,0.010,0.908,0.082
25000,0.010,0.846,0.144
25500,0.010,0.912,0.078
26000,0.010,0.926,0.064
26500,0.010,0.943,0.047
27000,0.010,0.989,0.001
27500,0.010,0.921,0.069
28000,0.010,0.959,0.031
28500,0.010,0.950,0.040
29000,0.010,0.850,0.140
29500,0.010,0.978,0.012
30000,0.010,0.918,0.072
30500,0.010,0.980,0.010
31000,0.010,0.918,0.072
31500,0.010,0.988,0.002
32000,0.010,0.955,0.035
32500,0.010,0.977,0.013
33000,0.010,0.978,0.012
33500,0.010,0.978,0.012
34000,0.010,0.962,0.028
34500,0.010,0.930,0.060
35000,0.010,0.949,0.041
35500,0.010,0.889,0.101
36000,0.010,0.990,0.000
36500,0.010,0.989,0.001
37000,0.010,0.945,0.045
37500,0.010,0.947,0.043
38000,0.010,0.946,0.044
38500,0.010,0.835,0.155
39000,0.010,0.912,0.078
39500,0.010,0.990,0.000
40000,0.010,0.938,0.052
40500,0.010,0.832,0.158
41000,0.010,0.711,0.279
41500,0.010,0.907,0.083
42000,0.010,0.967,0.023
42500,0.010,0.973,0.017
43000,0.010,0.936,0.054
43500,0.010,0.885,0.105
44000,0.010,0.970,0.020
44500,0.010,0.895,0.095
45000,0.010,0.942,0.048
45500,0.010,0.987,0.003
46000,0.010,0.959,0.031
46500,0.010,0.944,0.046
47000,0.010,0.969,0.021
47500,0.010,0.832,0.158
48000,0.010,0.922,0.068
48500,0.010,0.924,0.066
49000,0.010,0.808,0.182
49500,0.010,0.903,0.087
50000,0.010,0.976,0.014
50500,0.010,0.970,0.020
51000,0.010,0.912,0.078
51500,0.010,0.983,0.007
52000,0.010,0.982,0.008
52500,0.010,0.974,0.016
53000,0.010,0.990,0.000
53500,0.010,0.956,0.034
54000,0.010,0.799,0.191
54500,0.010,0.897,0.093
55000,0.010,0.932,0.058
55500,0.010,0.986,0.004
56000,0.010,0.913,0.077
56500,0.010,0.924,0.066
57000,0.010,0.852,0.138
57500,0.010,0.924,0.066
58000,0.010,0.970,0.020
58500,0.010,0.915,0.075
59000,0.010,0.886,0.104
59500,0.010,0.951,0.039
60000,0.010,0.951,0.039
60500,0.010,0.942,0.048
61000,0.010,0.956,0.034
61500,0.010,0.934,0.056
62000,0.010,0.908,0.082
62500,0.010,0.904,0.086
63000,0.010,0.919,0.071
63500,0.010,0.982,0.008
64000,0.010,0.915,0.075
64500,0.010,0.946,0.044
65000,0.010,0.846,0.144
65500,0.010,0.944,0.046
66000,0.010,0.864,0.126
66500,0.010,0.882,0.108
67000,0.010,0.960,0.030
67500,0.010,0.975,0.015
68000,0.010,0.952,0.038
68500,0.010,0.912,0.078
69000,0.010,0.974,0.016
69500,0.010,0.980,0.010
70000,0.010,0.857,0.133
70500,0.010,0.955,0.035
71000,0.010,0.923,0.067
71500,0.010,0.932,0.058
72000,0.010,0.984,0.006
72500,0.010,0.975,0.015
73000,0.010,0.981,0.009
73500,0.010,0.985,0.005
74000,0.010,0.957,0.033
74500,0.010,0.960,0.030
75000,0.010,0.886,0.104
75500,0.010,0.863,0.127
76000,0.010,0.954,0.036
76500,0.010,0.964,0.026
77000,0.010,0.781,0.209
77500,0.010,0.903,0.087
78000,0.010,0.988,0.002
78500,0.010,0.961,0.029
79000,0.010,0.979,0.011
79500,0.010,0.945,0.045
80000,0.010,0.976,0.014
80500,0.010,0.972,0.018
81000,0.010,0.933,0.057
81500,0.010,0.986,0.004
82000,0.010,0.953,0.037
82500,0.010,0.938,0.052
83000,0.010,0.871,0.119
83500,0.010,0.971,0.019
84000,0.010,0.888,0.102
84500,0.010,0.972,0.018
85000,0.010,0.899,0.091
85500,0.010,0.960,0.030
86000,0.010,0.891,0.099
86500,0.010,0.817,0.173
87000,0.010,0.856,0.134
87500,0.010,0.990,0.000
88000,0.010,0.959,0.031
88500,0.010,0.910,0.080
89000,0.010,0.980,0.010
89500,0.010,0.978,0.012
90000,0.010,0.894,0.096
90500,0.010,0.940,0.050
91000,0.010,0.985,0.005
91500,0.010,0.864,0.126
92000,0.010,0.954,0.036
92500,0.010,0.968,0.022
93000,0.010,0.944,0.046
93500,0.010,0.888,0.102
94000,0.010,0.944,0.046
94500,0.010,0.990,0.000
95000,0.010,0.981,0.009
95500,0.010,0.986,0.004
96000,0.010,0.932,0.058
96500,0.010,0.971,0.019
97000,0.010,0.922,0.068
97500,0.010,0.969,0.021
98000,0.010,0.959,0.031
98500,0.010,0.948,0.042
99000,0.010,0.876,0.114
99500,0.010,0.820,0.170
100000,0.010,0.989,0.001
100500,0.010,0.935,0.055
101000,0.010,0.901,0.089
101500,0.010,0.838,0.152
102000,0.010,0.897,0.093
102500,0.010,0.967,0.023
103000,0.010,0.955,0.035
103500,0.010,0.869,0.121
104000,0.010,0.966,0.024
104500,0.010,0.952,0.038
105000,0.010,0.990,0.000
105500,0.010,0.988,0.002
106000,0.010,0.935,0.055
106500,0.010,0.942,0.048
107000,0.010,0.968,0.022
107500,0.010,0.937,0.053
108000,0.010,0.828,0.162
108500,0.010,0.924,0.066
109000,0.010,0.934,0.056
109500,0.010,0.945,0.045
110000,0.010,0.835,0.155
110500,0.010,0.964,0.026
111000,0.010,0.935,0.055
111500,0.010,0.873,0.117
112000,0.010,0.821,0.169
112500,0.010,0.928,0.062
113000,0.010,0.895,0.095
113500,0.010,0.848,0.142
114000,0.010,0.915,0.075
114500,0.010,0.907,0.083
115000,0.010,0.970,0.020
115500,0.010,0.988,0.002
116000,0.010,0.985,0.005
116500,0.010,0.950,0.040
117000,0.010,0.950,0.040
117500,0.010,0.940,0.050
118000,0.010,0.911,0.079
118500,0.010,0.981,0.009
119000,0.010,0.962,0.028
119500,0.010,0.896,0.094
120000,0.010,0.954,0.036
120500,0.010,0.977,0.013
121000,0.010,0.864,0.126
121500,0.010,0.856,0.134
122000,0.010,0.972,0.018
122500,0.010,0.900,0.090
123000,0.010,0.989,0.001
123500,0.010,0.982,0.008
124000,0.010,0.963,0.027
124500,0.010,0.990,0.000
125000,0.010,0.949,0.041
125500,0.010,0.987,0.003
126000,0.010,0.990,0.000
126500,0.010,0.986,0.004
127000,0.010,0.976,0.014
127500,0.010,0.977,0.013
128000,0.010,0.877,0.113
128500,0.010,0.968,0.022
129000,0.010,0.949,0.041
129500,0.010,0.947,0.043
130000,0.010,0.963,0.027
130500,0.010,0.956,0.034
131000,0.010,0.843,0.147
131500,0.010,0.986,0.004
132000,0.010,0.982,0.008
132500,0.010,0.977,0.013
133000,0.010,0.990,0.000
133500,0.010,0.917,0.073
134000,0.010,0.899,0.091
134500,0.010,0.989,0.001
135000,0.010,0.952,0.038
135500,0.010,0.960,0.030
136000,0.010,0.930,0.060
136500,0.010,0.917,0.073
137000,0.010,0.917,0.073
137500,0.010,0.946,0.044
138000,0.010,0.956,0.034
138500,0.010,0.920,0.070
139000,0.010,0.952,0.038
139500,0.010,0.989,0.001
140000,0.010,0.894,0.096
140500,0.010,0.924,0.066
141000,0.010,0.892,0.098
141500,0.010,0.953,0.037
142000,0.010,0.917,0.073
142500,0.010,0.931,0.059
143000,0.010,0.951,0.039
143500,0.010,0.967,0.023
144000,0.010,0.973,0.017
144500,0.010,0.986,0.004
145000,0.010,0.990,0.000
145500,0.010,0.935,0.055
146000,0.010,0.944,0.046
146500,0.010,0.951,0.039
147000,0.010,0.857,0.133
147500,0.010,0.905,0.085
148000,0.010,0.940,0.050
148500,0.010,0.952,0.038
149000,0.010,0.979,0.011
149500,0.010,0.952,0.038
150000,0.010,0.910,0.080
150500,0.010,0.946,0.044
151000,0.010,0.880,0.110
151500,0.010,0.971,0.019
152000,0.010,0.964,0.026
152500,0.010,0.984,0.006
153000,0.010,0.958,0.032
153500,0.010,0.868,0.122
154000,0.010,0.968,0.022
154500,0.010,0.990,0.000
155000,0.010,0.952,0.038
155500,0.010,0.951,0.039
156000,0.010,0.968,0.022
156500,0.010,0.935,0.055
157000,0.010,0.981,0.009
157500,0.010,0.977,0.013
158000,0.010,0.963,0.027
158500,0.010,0.918,0.072
159000,0.010,0.953,0.037
159500,0.010,0.880,0.110
160000,0.010,0.915,0.075
160500,0.010,0.925,0.065
161000,0.010,0.907,0.083
161500,0.010,0.986,0.004
162000,0.010,0.956,0.034
162500,0.010,0.980,0.010
163000,0.010,0.880,0.110
163500,0.010,0.881,0.109
164000,0.010,0.877,0.113
164500,0.010,0.949,0.041
165000,0.010,0.933,0.057
165500,0.010,0.972,0.018
166000,0.010,0.919,0.071
166500,0.010,0.858,0.132
167000,0.010,0.912,0.078
167500,0.010,0.899,0.091
168000,0.010,0.734,0.256
168500,0.010,0.918,0.072
169000,0.010,0.895,0.095
169500,0.010,0.988,0.002
170000,0.010,0.934,0.056
170500,0.010,0.896,0.094
171000,0.010,0.928,0.062
171500,0.010,0.921,0.069
172000,0.010,0.819,0.171
172500,0.010,0.847,0.143
173000,0.010,0.981,0.009
173500,0.010,0.985,0.005
174000,0.010,0.921,0.069
174500,0.010,0.903,0.087
175000,0.010,0.944,0.046
175500,0.010,0.938,0.052
176000,0.010,0.988,0.002
176500,0.010,0.927,0.063
177000,0.010,0.987,0.003
177500,0.010,0.819,0.171
178000,0.010,0.945,0.045
178500,0.010,0.897,0.093
179000,0.010,0.793,0.197
179500,0.010,0.982,0.008
180000,0.010,0.975,0.015
180500,0.010,0.929,0.061
181000,0.010,0.881,0.109
181500,0.010,0.982,0.008
182000,0.010,0.976,0.014
182500,0.010,0.870,0.120
183000,0.010,0.892,0.098
183500,0.010,0.929,0.061
184000,0.010,0.902,0.088
184500,0.010,0.955,0.035
185000,0.010,0.911,0.079
185500,0.010,0.976,0.014
186000,0.010,0.879,0.111
186500,0.010,0.914,0.076
187000,0.010,0.933,0.057
187500,0.010,0.932,0.058
188000,0.010,0.984,0.006
188500,0.010,0.945,0.045
189000,0.010,0.976,0.014
189500,0.010,0.940,0.050
190000,0.010,0.975,0.015
190500,0.010,0.918,0.072
191000,0.010,0.927,0.063
191500,0.010,0.989,0.001
192000,0.010,0.851,0.139
192500,0.010,0.940,0.050
193000,0.010,0.990,0.000
193500,0.010,0.907,0.083
194000,0.010,0.956,0.034
194500,0.010,0.989,0.001
195000,0.010,0.948,0.042
195500,0.010,0.936,0.054
196000,0.010,0.986,0.004
196500,0.010,0.988,0.002
197000,0.010,0.967,0.023
197500,0.010,0.942,0.048
198000,0.010,0.961,0.029
198500,0.010,0.917,0.073
199000,0.010,0.895,0.095
199500,0.010,0.952,0.038
200000,0.010,0.924,0.066
200500,0.010,0.812,0.178
201000,0.010,0.938,0.052
201500,0.010,0.988,0.002
202000,0.010,0.922,0.068
202500,0.010,0.865,0.125
203000,0.010,0.905,0.085
203500,0.010,0.914,0.076
204000,0.010,0.967,0.023
204500,0.010,0.964,0.026
205000,0.010,0.877,0.113
205500,0.010,0.940,0.050
206000,0.010,0.990,0.000
206500,0.010,0.990,0.000
207000,0.010,0.914,0.076
207500,0.010,0.895,0.095
208000,0.010,0.969,0.021
208500,0.010,0.923,0.067
209000,0.010,0.949,0.041
209500,0.010,0.935,0.055
210000,0.010,0.953,0.037
210500,0.010,0.926,0.064
211000,0.010,0.919,0.071
211500,0.010,0.948,0.042
212000,0.010,0.988,0.002
212500,0.010,0.971,0.019
213000,0.010,0.976,0.014
213500,0.010,0.960,0.030
214000,0.010,0.908,0.082
214500,0.010,0.932,0.058
215000,0.010,0.989,0.001
215500,0.010,0.989,0.001
216000,0.010,0.965,0.025
216500,0.010,0.935,0.055
217000,0.010,0.873,0.117
217500,0.010,0.977,0.013
218000,0.010,0.884,0.106
218500,0.010,0.924,0.066
219000,0.010,0.949,0.041
219500,0.010,0.912,0.078
220000,0.010,0.912,0.078
220500,0.010,0.984,0.006
221000,0.010,0.912,0.078
221500,0.010,0.972,0.018
222000,0.010,0.968,0.022
222500,0.010,0.974,0.016
223000,0.010,0.859,0.131
223500,0.010,0.924,0.066
224000,0.010,0.989,0.001
224500,0.010,0.954,0.036
225000,0.010,0.983,0.007
225500,0.010,0.894,0.096
226000,0.010,0.951,0.039
226500,0.010,0.990,0.000
227000,0.010,0.976,0.014
227500,0.010,0.949,0.041
228000,0.010,0.956,0.034
228500,0.010,0.944,0.046
229000,0.010,0.989,0.001
229500,0.010,0.980,0.010
230000,0.010,0.985,0.005
230500,0.010,0.869,0.121
231000,0.010,0.882,0.108
231500,0.010,0.869,0.121
232000,0.010,0.910,0.080
232500,0.010,0.927,0.063
233000,0.010,0.840,0.150
233500,0.010,0.951,0.039
234000,0.010,0.938,0.052
234500,0.010,0.986,0.004
235000,0.010,0.928,0.062
235500,0.010,0.926,0.064
236000,0.010,0.907,0.083
236500,0.010,0.901,0.089
237000,0.010,0.962,0.028
237500,0.010,0.975,0.015
238000,0.010,0.990,0.000
238500,0.010,0.902,0.088
239000,0.010,0.904,0.086
239500,0.010,0.937,0.053
240000,0.010,0.947,0.043
240500,0.010,0.865,0.125
241000,0.010,0.919,0.071
241500,0.010,0.926,0.064
242000,0.010,0.917,0.073
242500,0.010,0.948,0.042
243000,0.010,0.976,0.014
243500,0.010,0.974,0.016
244000,0.010,0.985,0.005
244500,0.010,0.975,0.015
245000,0.010,0.928,0.062
245500,0.010,0.959,0.031
246000,0.010,0.942,0.048
246500,0.010,0.982,0.008
247000,0.010,0.989,0.001
247500,0.010,0.983,0.007
248000,0.010,0.933,0.057
248500,0.010,0.960,0.030
249000,0.010,0.866,0.124
249500,0.010,0.976,0.014
250000,0.010,0.945,0.045
250500,0.010,0.969,0.021
251000,0.010,0.866,0.124
251500,0.010,0.973,0.017
252000,0.010,0.954,0.036
252500,0.010,0.952,0.038
253000,0.010,0.972,0.018
253500,0.010,0.953,0.037
254000,0.010,0.990,0.000
254500,0.010,0.921,0.069
255000,0.010,0.945,0.045
255500,0.010,0.968,0.022
256000,0.010,0.960,0.030
256500,0.010,0.947,0.043
257000,0.010,0.990,0.000
257500,0.010,0.985,0.005
258000,0.010,0.890,0.100
258500,0.010,0.966,0.024
259000,0.010,0.826,0.164
259500,0.010,0.983,0.007
260000,0.010,0.846,0.144
260500,0.010,0.938,0.052
261000,0.010,0.985,0.005
261500,0.010,0.965,0.025
262000,0.010,0.915,0.075
262500,0.010,0.887,0.103
263000,0.010,0.932,0.058
263500,0.010,0.928,0.062
264000,0.010,0.909,0.081
264500,0.010,0.950,0.040
265000,0.010,0.963,0.027
265500,0.010,0.930,0.060
266000,0.010,0.989,0.001
266500,0.010,0.981,0.009
267000,0.010,0.914,0.076
267500,0.010,0.865,0.125
268000,0.010,0.988,0.002
268500,0.010,0.796,0.194
269000,0.010,0.900,0.090
269500,0.010,0.987,0.003
270000,0.010,0.986,0.004
270500,0.010,0.940,0.050
271000,0.010,0.906,0.084
271500,0.010,0.952,0.038
272000,0.010,0.990,0.000
272500,0.010,0.963,0.027
273000,0.010,0.863,0.127
273500,0.010,0.914,0.076
274000,0.010,0.951,0.039
274500,0.010,0.990,0.000
275000,0.010,0.943,0.047
275500,0.010,0.879,0.111
276000,0.010,0.959,0.031
276500,0.010,0.931,0.059
277000,0.010,0.977,0.013
277500,0.010,0.984,0.006
278000,0.010,0.990,0.000
278500,0.010,0.859,0.131
279000,0.010,0.928,0.062
279500,0.010,0.902,0.088
280000,0.010,0.949,0.041
280500,0.010,0.987,0.003
281000,0.010,0.950,0.040
281500,0.010,0.984,0.006
282000,0.010,0.983,0.007
282500,0.010,0.961,0.029
283000,0.010,0.910,0.080
283500,0.010,0.986,0.004
284000,0.010,0.988,0.002
284500,0.010,0.990,0.000
285000,0.010,0.947,0.043
285500,0.010,0.844,0.146
286000,0.010,0.966,0.024
286500,0.010,0.903,0.087
287000,0.010,0.848,0.142
287500,0.010,0.974,0.016
288000,0.010,0.904,0.086
288500,0.010,0.970,0.020
289000,0.010,0.887,0.103
289500,0.010,0.968,0.022
290000,0.010,0.957,0.033
290500,0.010,0.976,0.014
291000,0.010,0.899,0.091
291500,0.010,0.985,0.005
292000,0.010,0.945,0.045
292500,0.010,0.931,0.059
293000,0.010,0.971,0.019
293500,0.010,0.984,0.006
294000,0.010,0.979,0.011
294500,0.010,0.975,0.015
295000,0.010,0.949,0.041
295500,0.010,0.976,0.014
296000,0.010,0.979,0.011
296500,0.010,0.958,0.032
297000,0.010,0.872,0.118
297500,0.010,0.971,0.019
298000,0.010,0.964,0.026
298500,0.010,0.927,0.063
299000,0.010,0.961,0.029
299500,0.010,0.949,0.041
300000,0.010,0.959,0.031
300500,0.010,0.901,0.089
301000,0.010,0.943,0.047
301500,0.010,0.867,0.123
302000,0.010,0.966,0.024
302500,0.010,0.936,0.054
303000,0.010,0.919,0.071
303500,0.010,0.901,0.089
304000,0.010,0.978,0.012
304500,0.010,0.975,0.015
305000,0.010,0.963,0.027
305500,0.010,0.880,0.110
306000,0.010,0.909,0.081
306500,0.010,0.951,0.039
307000,0.010,0.915,0.075
307500,0.010,0.902,0.088
308000,0.010,0.936,0.054
308500,0.010,0.943,0.047
309000,0.010,0.987,0.003
309500,0.010,0.975,0.015
310000,0.010,0.911,0.079
310500,0.010,0.946,0.044
311000,0.010,0.831,0.159
311500,0.010,0.948,0.042
312000,0.010,0.939,0.051
312500,0.010,0.847,0.143
313000,0.010,0.989,0.001
313500,0.010,0.974,0.016
314000,0.010,0.957,0.033
314500,0.010,0.895,0.095
315000,0.010,0.897,0.093
315500,0.010,0.919,0.071
316000,0.010,0.934,0.056
316500,0.010,0.878,0.112
317000,0.010,0.905,0.085
317500,0.010,0.962,0.028
318000,0.010,0.954,0.036
318500,0.010,0.862,0.128
319000,0.010,0.923,0.067
319500,0.010,0.946,0.044
320000,0.010,0.935,0.055
320500,0.010,0.965,0.025
321000,0.010,0.952,0.038
321500,0.010,0.910,0.080
322000,0.010,0.941,0.049
322500,0.010,0.989,0.001
323000,0.010,0.926,0.064
323500,0.010,0.940,0.050
324000,0.010,0.956,0.034
324500,0.010,0.990,0.000
325000,0.010,0.927,0.063
325500,0.010,0.948,0.042
326000,0.010,0.983,0.007
326500,0.010,0.956,0.034
327000,0.010,0.949,0.041
327500,0.010,0.963,0.027
328000,0.010,0.973,0.017
328500,0.010,0.955,0.035
329000,0.010,0.876,0.114
329500,0.010,0.939,0.051
330000,0.010,0.923,0.067
330500,0.010,0.927,0.063
331000,0.010,0.966,0.024
331500,0.010,0.984,0.006
332000,0.010,0.981,0.009
332500,0.010,0.974,0.016
333000,0.010,0.947,0.043
333500,0.010,0.933,0.057
334000,0.010,0.878,0.112
334500,0.010,0.908,0.082
335000,0.010,0.981,0.009
335500,0.010,0.946,0.044
336000,0.010,0.977,0.013
336500,0.010,0.719,0.271
337000,0.010,0.889,0.101
337500,0.010,0.923,0.067
338000,0.010,0.856,0.134
338500,0.010,0.951,0.039
339000,0.010,0.973,0.017
339500,0.010,0.982,0.008
340000,0.010,0.990,0.000
340500,0.010,0.923,0.067
341000,0.010,0.969,0.021
341500,0.010,0.885,0.105
342000,0.010,0.885,0.105
342500,0.010,0.916,0.074
343000,0.010,0.940,0.050
343500,0.010,0.986,0.004
344000,0.010,0.949,0.041
344500,0.010,0.987,0.003
345000,0.010,0.932,0.058
345500,0.010,0.903,0.087
346000,0.010,0.977,0.013
346500,0.010,0.878,0.112
347000,0.010,0.946,0.044
347500,0.010,0.938,0.052
348000,0.010,0.821,0.169
348500,0.010,0.957,0.033
349000,0.010,0.988,0.002
349500,0.010,0.988,0.002
350000,0.010,0.983,0.007
350500,0.010,0.931,0.059
351000,0.010,0.919,0.071
351500,0.010,0.990,0.000
352000,0.010,0.971,0.019
352500,0.010,0.897,0.093
353000,0.010,0.960,0.030
353500,0.010,0.886,0.104
354000,0.010,0.874,0.116
354500,0.010,0.922,0.068
355000,0.010,0.983,0.007
355500,0.010,0.977,0.013
356000,0.010,0.982,0.008
356500,0.010,0.951,0.039
357000,0.010,0.978,0.012
357500,0.010,0.913,0.077
358000,0.010,0.935,0.055
358500,0.010,0.948,0.042
359000,0.010,0.905,0.085
359500,0.010,0.914,0.076
360000,0.010,0.953,0.037
360500,0.010,0.908,0.082
361000,0.010,0.977,0.013
361500,0.010,0.967,0.023
362000,0.010,0.908,0.082
362500,0.010,0.872,0.118
363000,0.010,0.949,0.041
363500,0.010,0.941,0.049
364000,0.010,0.956,0.034
364500,0.010,0.990,0.000
365000,0.010,0.957,0.033
365500,0.010,0.967,0.023
366000,0.010,0.931,0.059
366500,0.010,0.963,0.027
367000,0.010,0.806,0.184
367500,0.010,0.908,0.082
368000,0.010,0.913,0.077
368500,0.010,0.943,0.047
369000,0.010,0.943,0.047
369500,0.010,0.987,0.003
370000,0.010,0.969,0.021
370500,0.010,0.962,0.028
371000,0.010,0.956,0.034
371500,0.010,0.986,0.004
372000,0.010,0.918,0.072
372500,0.010,0.960,0.030
373000,0.010,0.950,0.040
373500,0.010,0.912,0.078
374000,0.010,0.879,0.111
374500,0.010,0.912,0.078
375000,0.010,0.914,0.076
375500,0.010,0.891,0.099
376000,0.010,0.973,0.017
376500,0.010,0.931,0.059
377000,0.010,0.956,0.034
377500,0.010,0.964,0.026
378000,0.010,0.956,0.034
378500,0.010,0.759,0.231
379000,0.010,0.902,0.088
379500,0.010,0.977,0.013
380000,0.010,0.972,0.018
380500,0.010,0.916,0.074
381000,0.010,0.938,0.052
381500,0.010,0.936,0.054
382000,0.010,0.946,0.044
382500,0.010,0.911,0.079
383000,0.010,0.984,0.006
383500,0.010,0.955,0.035
384000,0.010,0.977,0.013
384500,0.010,0.990,0.000
385000,0.010,0.973,0.017
385500,0.010,0.940,0.050
386000,0.010,0.948,0.042
386500,0.010,0.989,0.001
387000,0.010,0.990,0.000
387500,0.010,0.972,0.018
388000,0.010,0.970,0.020
388500,0.010,0.981,0.009
389000,0.010,0.885,0.105
389500,0.010,0.936,0.054
390000,0.010,0.975,0.015
390500,0.010,0.985,0.005
391000,0.010,0.928,0.062
391500,0.010,0.947,0.043
392000,0.010,0.923,0.067
392500,0.010,0.989,0.001
393000,0.010,0.911,0.079
393500,0.010,0.895,0.095
394000,0.010,0.984,0.006
394500,0.010,0.974,0.016
395000,0.010,0.954,0.036
395500,0.010,0.983,0.007
396000,0.010,0.952,0.038
396500,0.010,0.985,0.005
397000,0.010,0.990,0.000
397500,0.010,0.981,0.009
398000,0.010,0.943,0.047
398500,0.010,0.949,0.041
399000,0.010,0.984,0.006
399500,0.010,0.862,0.128
400000,0.010,0.934,0.056
400500,0.010,0.965,0.025
401000,0.010,0.962,0.028
401500,0.010,0.987,0.003
402000,0.010,0.987,0.003
402500,0.010,0.943,0.047
403000,0.010,0.959,0.031
403500,0.010,0.978,0.012
404000,0.010,0.935,0.055
404500,0.010,0.959,0.031
405000,0.010,0.928,0.062
405500,0.010,0.872,0.118
406000,0.010,0.954,0.036
406500,0.010,0.990,0.000
407000,0.010,0.967,0.023
407500,0.010,0.936,0.054
408000,0.010,0.935,0.055
408500,0.010,0.964,0.026
409000,0.010,0.945,0.045
409500,0.010,0.774,0.216
410000,0.010,0.949,0.041
410500,0.010,0.911,0.079
411000,0.010,0.956,0.034
411500,0.010,0.927,0.063
412000,0.010,0.985,0.005
412500,0.010,0.897,0.093
413000,0.010,0.916,0.074
413500,0.010,0.989,0.001
414000,0.010,0.973,0.017
414500,0.010,0.939,0.051
415000,0.010,0.985,0.005
415500,0.010,0.990,0.000
416000,0.010,0.968,0.022
416500,0.010,0.938,0.052
417000,0.010,0.933,0.057
417500,0.010,0.940,0.050
418000,0.010,0.964,0.026
418500,0.010,0.990,0.000
419000,0.010,0.990,0.000
419500,0.010,0.976,0.014
420000,0.010,0.978,0.012
420500,0.010,0.961,0.029
421000,0.010,0.834,0.156
421500,0.010,0.954,0.036
422000,0.010,0.911,0.079
422500,0.010,0.950,0.040
423000,0.010,0.961,0.029
423500,0.010,0.932,0.058
424000,0.010,0.950,0.040
424500,0.010,0.985,0.005
425000,0.010,0.946,0.044
425500,0.010,0.934,0.056
426000,0.010,0.990,0.000
426500,0.010,0.942,0.048
427000,0.010,0.889,0.101
427500,0.010,0.955,0.035
428000,0.010,0.926,0.064
428500,0.010,0.707,0.283
429000,0.010,0.938,0.052
429500,0.010,0.926,0.064
430000,0.010,0.976,0.014
430500,0.010,0.965,0.025
431000,0.010,0.969,0.021
431500,0.010,0.933,0.057
432000,0.010,0.958,0.032
432500,0.010,0.915,0.075
433000,0.010,0.929,0.061
433500,0.010,0.987,0.003
434000,0.010,0.977,0.013
434500,0.010,0.885,0.105
435000,0.010,0.880,0.110
435500,0.010,0.985,0.005
436000,0.010,0.980,0.010
436500,0.010,0.956,0.034
437000,0.010,0.907,0.083
437500,0.010,0.963,0.027
438000,0.010,0.980,0.010
438500,0.010,0.878,0.112
439000,0.010,0.951,0.039
439500,0.010,0.965,0.025
440000,0.010,0.907,0.083
440500,0.010,0.966,0.024
441000,0.010,0.975,0.015
441500,0.010,0.978,0.012
442000,0.010,0.946,0.044
442500,0.010,0.938,0.052
443000,0.010,0.962,0.028
443500,0.010,0.984,0.006
444000,0.010,0.930,0.060
444500,0.010,0.969,0.021
445000,0.010,0.989,0.001
445500,0.010,0.981,0.009
446000,0.010,0.859,0.131
446500,0.010,0.921,0.069
447000,0.010,0.983,0.007
447500,0.010,0.928,0.062
448000,0.010,0.841,0.149
448500,0.010,0.918,0.072
449000,0.010,0.900,0.090
449500,0.010,0.956,0.034
450000,0.010,0.887,0.103
450500,0.010,0.914,0.076
451000,0.010,0.876,0.114
451500,0.010,0.865,0.125
452000,0.010,0.975,0.015
452500,0.010,0.968,0.022
453000,0.010,0.949,0.041
453500,0.010,0.944,0.046
454000,0.010,0.975,0.015
454500,0.010,0.971,0.019
455000,0.010,0.990,0.000
455500,0.010,0.982,0.008
456000,0.010,0.985,0.005
456500,0.010,0.957,0.033
457000,0.010,0.986,0.004
457500,0.010,0.989,0.001
458000,0.010,0.978,0.012
458500,0.010,0.989,0.001
459000,0.010,0.939,0.051
459500,0.010,0.964,0.026
460000,0.010,0.916,0.074
460500,0.010,0.990,0.000
461000,0.010,0.965,0.025
461500,0.010,0.970,0.020
462000,0.010,0.971,0.019
462500,0.010,0.985,0.005
463000,0.010,0.897,0.093
463500,0.010,0.889,0.101
464000,0.010,0.854,0.136
464500,0.010,0.885,0.105
465000,0.010,0.968,0.022
465500,0.010,0.960,0.030
466000,0.010,0.926,0.064
466500,0.010,0.979,0.011
467000,0.010,0.897,0.093
467500,0.010,0.929,0.061
468000,0.010,0.954,0.036
468500,0.010,0.969,0.021
469000,0.010,0.987,0.003
469500,0.010,0.934,0.056
470000,0.010,0.986,0.004
470500,0.010,0.960,0.030
471000,0.010,0.980,0.010
471500,0.010,0.990,0.000
472000,0.010,0.970,0.020
472500,0.010,0.978,0.012
473000,0.010,0.873,0.117
473500,0.010,0.951,0.039
474000,0.010,0.969,0.021
474500,0.010,0.987,0.003
475000,0.010,0.982,0.008
475500,0.010,0.980,0.010
476000,0.010,0.953,0.037
476500,0.010,0.918,0.072
477000,0.010,0.971,0.019
477500,0.010,0.882,0.108
478000,0.010,0.975,0.015
478500,0.010,0.975,0.015
479000,0.010,0.978,0.012
479500,0.010,0.961,0.029
480000,0.010,0.841,0.149
480500,0.010,0.976,0.014
481000,0.010,0.985,0.005
481500,0.010,0.937,0.053
482000,0.010,0.951,0.039
482500,0.010,0.989,0.001
483000,0.010,0.874,0.116
483500,0.010,0.985,0.005
484000,0.010,0.952,0.038
484500,0.010,0.934,0.056
485000,0.010,0.925,0.065
485500,0.010,0.811,0.179
486000,0.010,0.989,0.001
486500,0.010,0.947,0.043
487000,0.010,0.919,0.071
487500,0.010,0.989,0.001
488000,0.010,0.990,0.000
488500,0.010,0.981,0.009
489000,0.010,0.908,0.082
489500,0.010,0.859,0.131
490000,0.010,0.970,0.020
490500,0.010,0.939,0.051
491000,0.010,0.918,0.072
491500,0.010,0.981,0.009
492000,0.010,0.990,0.000
492500,0.010,0.966,0.024
493000,0.010,0.923,0.067
493500,0.010,0.952,0.038
494000,0.010,0.934,0.056
494500,0.010,0.955,0.035
495000,0.010,0.905,0.085
495500,0.010,0.946,0.044
496000,0.010,0.973,0.017
496500,0.010,0.942,0.048
497000,0.010,0.917,0.073
497500,0.010,0.956,0.034
498000,0.010,0.902,0.088
498500,0.010,0.890,0.100
499000,0.010,0.990,0.000
499500,0.010,0.962,0.028
500000,0.010,0.883,0.107
500500,0.010,0.834,0.156
501000,0.010,0.966,0.024
501500,0.010,0.965,0.025
502000,0.010,0.922,0.068
502500,0.010,0.948,0.042
503000,0.010,0.982,0.008
503500,0.010,0.924,0.066
504000,0.010,0.919,0.071
504500,0.010,0.971,0.019
505000,0.010,0.902,0.088
505500,0.010,0.964,0.026
506000,0.010,0.945,0.045
506500,0.010,0.973,0.017
507000,0.010,0.857,0.133
507500,0.010,0.909,0.081
508000,0.010,0.973,0.017
508500,0.010,0.972,0.018
509000,0.010,0.987,0.003
509500,0.010,0.970,0.020
510000,0.010,0.956,0.034
510500,0.010,0.986,0.004
511000,0.010,0.921,0.069
511500,0.010,0.965,0.025
512000,0.010,0.969,0.021
512500,0.010,0.977,0.013
513000,0.010,0.883,0.107
513500,0.010,0.940,0.050
514000,0.010,0.970,0.020
514500,0.010,0.944,0.046
515000,0.010,0.919,0.071
515500,0.010,0.988,0.002
516000,0.010,0.978,0.012
516500,0.010,0.861,0.129
517000,0.010,0.913,0.077
517500,0.010,0.988,0.002
518000,0.010,0.983,0.007
518500,0.010,0.981,0.009
519000,0.010,0.958,0.032
519500,0.010,0.980,0.010
520000,0.010,0.891,0.099
520500,0.010,0.975,0.015
521000,0.010,0.933,0.057
521500,0.010,0.967,0.023
522000,0.010,0.966,0.024
522500,0.010,0.957,0.033
523000,0.010,0.900,0.090
523500,0.010,0.979,0.011
524000,0.010,0.867,0.123
524500,0.010,0.910,0.080
525000,0.010,0.990,0.000
525500,0.010,0.952,0.038
526000,0.010,0.966,0.024
526500,0.010,0.926,0.064
527000,0.010,0.923,0.067
527500,0.010,0.989,0.001
528000,0.010,0.963,0.027
528500,0.010,0.901,0.089
529000,0.010,0.881,0.109
529500,0.010,0.878,0.112
530000,0.010,0.937,0.053
530500,0.010,0.956,0.034
531000,0.010,0.922,0.068
531500,0.010,0.913,0.077
532000,0.010,0.979,0.011
532500,0.010,0.988,0.002
533000,0.010,0.956,0.034
533500,0.010,0.892,0.098
534000,0.010,0.960,0.030
534500,0.010,0.976,0.014
535000,0.010,0.968,0.022
535500,0.010,0.988,0.002
536000,0.010,0.982,0.008
536500,0.010,0.946,0.044
537000,0.010,0.912,0.078
537500,0.010,0.922,0.068
538000,0.010,0.930,0.060
538500,0.010,0.872,0.118
539000,0.010,0.984,0.006
539500,0.010,0.982,0.008
540000,0.010,0.936,0.054
540500,0.010,0.919,0.071
541000,0.010,0.946,0.044
541500,0.010,0.911,0.079
542000,0.010,0.936,0.054
542500,0.010,0.939,0.051
543000,0.010,0.986,0.004
543500,0.010,0.986,0.004
544000,0.010,0.990,0.000
544500,0.010,0.907,0.083
545000,0.010,0.976,0.014
545500,0.010,0.961,0.029
546000,0.010,0.953,0.037
546500,0.010,0.886,0.104
547000,0.010,0.984,0.006
547500,0.010,0.983,0.007
548000,0.010,0.956,0.034
548500,0.010,0.989,0.001
549000,0.010,0.983,0.007
549500,0.010,0.990,0.000
550000,0.010,0.975,0.015
550500,0.010,0.967,0.023
551000,0.010,0.974,0.016
551500,0.010,0.948,0.042
552000,0.010,0.975,0.015
552500,0.010,0.990,0.000
553000,0.010,0.859,0.131
553500,0.010,0.918,0.072
554000,0.010,0.939,0.051
554500,0.010,0.962,0.028
555000,0.010,0.940,0.050
555500,0.010,0.948,0.042
556000,0.010,0.990,0.000
556500,0.010,0.983,0.007
557000,0.010,0.990,0.000
557500,0.010,0.955,0.035
558000,0.010,0.944,0.046
558500,0.010,0.985,0.005
559000,0.010,0.987,0.003
559500,0.010,0.947,0.043
560000,0.010,0.931,0.059
560500,0.010,0.981,0.009
561000,0.010,0.937,0.053
561500,0.010,0.947,0.043
562000,0.010,0.919,0.071
562500,0.010,0.887,0.103
563000,0.010,0.983,0.007
563500,0.010,0.914,0.076
564000,0.010,0.910,0.080
564500,0.010,0.923,0.067
565000,0.010,0.824,0.166
565500,0.010,0.928,0.062
566000,0.010,0.990,0.000
566500,0.010,0.953,0.037
567000,0.010,0.865,0.125
567500,0.010,0.921,0.069
568000,0.010,0.975,0.015
568500,0.010,0.938,0.052
569000,0.010,0.977,0.013
569500,0.010,0.942,0.048
570000,0.010,0.943,0.047
570500,0.010,0.981,0.009
571000,0.010,0.972,0.018
571500,0.010,0.953,0.037
572000,0.010,0.852,0.138
572500,0.010,0.975,0.015
573000,0.010,0.968,0.022
573500,0.010,0.964,0.026
574000,0.010,0.967,0.023
574500,0.010,0.971,0.019
575000,0.010,0.973,0.017
575500,0.010,0.988,0.002
576000,0.010,0.898,0.092
576500,0.010,0.850,0.140
577000,0.010,0.948,0.042
577500,0.010,0.913,0.077
578000,0.010,0.979,0.011
578500,0.010,0.974,0.016
579000,0.010,0.944,0.046
579500,0.010,0.917,0.073
580000,0.010,0.913,0.077
580500,0.010,0.957,0.033
581000,0.010,0.931,0.059
581500,0.010,0.987,0.003
582000,0.010,0.983,0.007
582500,0.010,0.960,0.030
583000,0.010,0.939,0.051
583500,0.010,0.965,0.025
584000,0.010,0.900,0.090
584500,0.010,0.916,0.074
585000,0.010,0.902,0.088
585500,0.010,0.985,0.005
586000,0.010,0.927,0.063
586500,0.010,0.975,0.015
587000,0.010,0.954,0.036
587500,0.010,0.986,0.004
588000,0.010,0.932,0.058
588500,0.010,0.978,0.012
589000,0.010,0.947,0.043
589500,0.010,0.915,0.075
590000,0.010,0.983,0.007
590500,0.010,0.959,0.031
591000,0.010,0.968,0.022
591500,0.010,0.984,0.006
592000,0.010,0.924,0.066
592500,0.010,0.909,0.081
593000,0.010,0.990,0.000
593500,0.010,0.951,0.039
594000,0.010,0.944,0.046
594500,0.010,0.933,0.057
595000,0.010,0.920,0.070
595500,0.010,0.881,0.109
596000,0.010,0.944,0.046
596500,0.010,0.974,0.016
597000,0.010,0.945,0.045
597500,0.010,0.970,0.020
598000,0.010,0.915,0.075
598500,0.010,0.918,0.072
599000,0.010,0.987,0.003
599500,0.010,0.975,0.015
600000,0.010,0.961,0.029
600500,0.010,0.917,0.073
601000,0.010,0.929,0.061
601500,0.010,0.986,0.004
602000,0.010,0.989,0.001
602500,0.010,0.919,0.071
603000,0.010,0.828,0.162
603500,0.010,0.830,0.160
604000,0.010,0.932,0.058
604500,0.010,0.933,0.057
605000,0.010,0.935,0.055
605500,0.010,0.944,0.046
606000,0.010,0.961,0.029
606500,0.010,0.969,0.021
607000,0.010,0.970,0.020
607500,0.010,0.885,0.105
608000,0.010,0.971,0.019
608500,0.010,0.944,0.046
609000,0.010,0.961,0.029
609500,0.010,0.989,0.001
610000,0.010,0.989,0.001
610500,0.010,0.967,0.023
611000,0.010,0.970,0.020
611500,0.010,0.978,0.012
612000,0.010,0.987,0.003
612500,0.010,0.916,0.074
613000,0.010,0.928,0.062
613500,0.010,0.941,0.049
614000,0.010,0.985,0.005
614500,0.010,0.907,0.083
615000,0.010,0.901,0.089
615500,0.010,0.977,0.013
616000,0.010,0.986,0.004
616500,0.010,0.933,0.057
617000,0.010,0.901,0.089
617500,0.010,0.831,0.159
618000,0.010,0.891,0.099
618500,0.010,0.886,0.104
619000,0.010,0.956,0.034
619500,0.010,0.911,0.079
620000,0.010,0.920,0.070
620500,0.010,0.968,0.022
621000,0.010,0.850,0.140
621500,0.010,0.963,0.027
622000,0.010,0.973,0.017
622500,0.010,0.972,0.018
623000,0.010,0.919,0.071
623500,0.010,0.952,0.038
624000,0.010,0.946,0.044
624500,0.010,0.919,0.071
625000,0.010,0.829,0.161
625500,0.010,0.882,0.108
626000,0.010,0.921,0.069
626500,0.010,0.985,0.005
627000,0.010,0.940,0.050
627500,0.010,0.930,0.060
628000,0.010,0.940,0.050
628500,0.010,0.825,0.165
629000,0.010,0.821,0.169
629500,0.010,0.990,0.000
630000,0.010,0.990,0.000
630500,0.010,0.985,0.005
631000,0.010,0.910,0.080
631500,0.010,0.968,0.022
632000,0.010,0.971,0.019
632500,0.010,0.963,0.027
633000,0.010,0.887,0.103
633500,0.010,0.986,0.004
634000,0.010,0.832,0.158
634500,0.010,0.924,0.066
635000,0.010,0.986,0.004
635500,0.010,0.906,0.084
636000,0.010,0.931,0.059
636500,0.010,0.973,0.017
637000,0.010,0.960,0.030
637500,0.010,0.889,0.101
638000,0.010,0.964,0.026
638500,0.010,0.921,0.069
639000,0.010,0.975,0.015
639500,0.010,0.972,0.018
640000,0.010,0.961,0.029
640500,0.010,0.963,0.027
641000,0.010,0.844,0.146
641500,0.010,0.893,0.097
642000,0.010,0.975,0.015
642500,0.010,0.865,0.125
643000,0.010,0.942,0.048
643500,0.010,0.914,0.076
644000,0.010,0.974,0.016
644500,0.010,0.960,0.030
645000,0.010,0.848,0.142
645500,0.010,0.940,0.050
646000,0.010,0.968,0.022
646500,0.010,0.917,0.073
647000,0.010,0.988,0.002
647500,0.010,0.977,0.013
648000,0.010,0.976,0.014
648500,0.010,0.950,0.040
649000,0.010,0.959,0.031
649500,0.010,0.938,0.052
650000,0.010,0.960,0.030
650500,0.010,0.909,0.081
651000,0.010,0.961,0.029
651500,0.010,0.986,0.004
652000,0.010,0.869,0.121
652500,0.010,0.935,0.055
653000,0.010,0.965,0.025
653500,0.010,0.972,0.018
654000,0.010,0.873,0.117
654500,0.010,0.990,0.000
655000,0.010,0.972,0.018
655500,0.010,0.939,0.051
656000,0.010,0.961,0.029
656500,0.010,0.978,0.012
657000,0.010,0.878,0.112
657500,0.010,0.985,0.005
658000,0.010,0.944,0.046
658500,0.010,0.981,0.009
659000,0.010,0.953,0.037
659500,0.010,0.978,0.012
660000,0.010,0.909,0.081
660500,0.010,0.942,0.048
661000,0.010,0.959,0.031
661500,0.010,0.985,0.005
662000,0.010,0.809,0.181
662500,0.010,0.900,0.090
663000,0.010,0.983,0.007
663500,0.010,0.969,0.021
664000,0.010,0.965,0.025
664500,0.010,0.943,0.047
665000,0.010,0.951,0.039
665500,0.010,0.938,0.052
666000,0.010,0.979,0.011
666500,0.010,0.971,0.019
667000,0.010,0.984,0.006
667500,0.010,0.951,0.039
668000,0.010,0.934,0.056
668500,0.010,0.972,0.018
669000,0.010,0.954,0.036
669500,0.010,0.986,0.004
670000,0.010,0.852,0.138
670500,0.010,0.950,0.040
671000,0.010,0.942,0.048
671500,0.010,0.975,0.015
672000,0.010,0.963,0.027
672500,0.010,0.976,0.014
673000,0.010,0.880,0.110
673500,0.010,0.936,0.054
674000,0.010,0.898,0.092
674500,0.010,0.946,0.044
675000,0.010,0.980,0.010
675500,0.010,0.963,0.027
676000,0.010,0.904,0.086
676500,0.010,0.948,0.042
677000,0.010,0.972,0.018
677500,0.010,0.891,0.099
678000,0.010,0.743,0.247
678500,0.010,0.956,0.034
679000,0.010,0.940,0.050
679500,0.010,0.871,0.119
680000,0.010,0.873,0.117
680500,0.010,0.928,0.062
681000,0.010,0.987,0.003
681500,0.010,0.989,0.001
682000,0.010,0.929,0.061
682500,0.010,0.933,0.057
683000,0.010,0.984,0.006
683500,0.010,0.907,0.083
684000,0.010,0.946,0.044
684500,0.010,0.955,0.035
685000,0.010,0.981,0.009
685500,0.010,0.936,0.054
686000,0.010,0.891,0.099
686500,0.010,0.949,0.041
687000,0.010,0.946,0.044
687500,0.010,0.968,0.022
688000,0.010,0.924,0.066
688500,0.010,0.932,0.058
689000,0.010,0.986,0.004
689500,0.010,0.942,0.048
690000,0.010,0.898,0.092
690500,0.010,0.943,0.047
691000,0.010,0.949,0.041
691500,0.010,0.988,0.002
692000,0.010,0.982,0.008
692500,0.010,0.866,0.124
693000,0.010,0.870,0.120
693500,0.010,0.974,0.016
694000,0.010,0.875,0.115
694500,0.010,0.984,0.006
695000,0.010,0.913,0.077
695500,0.010,0.990,0.000
696000,0.010,0.957,0.033
696500,0.010,0.883,0.107
697000,0.010,0.967,0.023
697500,0.010,0.981,0.009
698000,0.010,0.841,0.149
698500,0.010,0.870,0.120
699000,0.010,0.965,0.025
699500,0.010,0.962,0.028
700000,0.010,0.945,0.045
700500,0.010,0.989,0.001
701000,0.010,0.944,0.046
701500,0.010,0.844,0.146
702000,0.010,0.890,0.100
702500,0.010,0.945,0.045
703000,0.010,0.895,0.095
703500,0.010,0.885,0.105
704000,0.010,0.958,0.032
704500,0.010,0.914,0.076
705000,0.010,0.948,0.042
705500,0.010,0.989,0.001
706000,0.010,0.981,0.009
706500,0.010,0.907,0.083
707000,0.010,0.924,0.066
707500,0.010,0.755,0.235
708000,0.010,0.975,0.015
708500,0.010,0.990,0.000
709000,0.010,0.938,0.052
709500,0.010,0.947,0.043
710000,0.010,0.926,0.064
710500,0.010,0.984,0.006
711000,0.010,0.925,0.065
711500,0.010,0.983,0.007
712000,0.010,0.948,0.042
712500,0.010,0.958,0.032
713000,0.010,0.914,0.076
713500,0.010,0.802,0.188
714000,0.010,0.984,0.006
714500,0.010,0.915,0.075
715000,0.010,0.949,0.041
715500,0.010,0.943,0.047
716000,0.010,0.908,0.082
716500,0.010,0.914,0.076
717000,0.010,0.973,0.017
717500,0.010,0.921,0.069
718000,0.010,0.906,0.084
718500,0.010,0.979,0.011
719000,0.010,0.950,0.040
719500,0.010,0.946,0.044
720000,0.010,0.946,0.044
720500,0.010,0.981,0.009
721000,0.010,0.990,0.000
721500,0.010,0.898,0.092
722000,0.010,0.751,0.239
722500,0.010,0.878,0.112
723000,0.010,0.946,0.044
723500,0.010,0.969,0.021
724000,0.010,0.907,0.083
724500,0.010,0.919,0.071
725000,0.010,0.946,0.044
725500,0.010,0.960,0.030
726000,0.010,0.976,0.014
726500,0.010,0.886,0.104
727000,0.010,0.831,0.159
727500,0.010,0.942,0.048
728000,0.010,0.974,0.016
728500,0.010,0.973,0.017
729000,0.010,0.933,0.057
729500,0.010,0.968,0.022
730000,0.010,0.947,0.043
730500,0.010,0.829,0.161
731000,0.010,0.872,0.118
731500,0.010,0.985,0.005
732000,0.010,0.922,0.068
732500,0.010,0.933,0.057
733000,0.010,0.966,0.024
733500,0.010,0.976,0.014
734000,0.010,0.934,0.056
734500,0.010,0.931,0.059
735000,0.010,0.926,0.064
735500,0.010,0.967,0.023
736000,0.010,0.931,0.059
736500,0.010,0.932,0.058
737000,0.010,0.975,0.015
737500,0.010,0.984,0.006
738000,0.010,0.985,0.005
738500,0.010,0.944,0.046
739000,0.010,0.972,0.018
739500,0.010,0.985,0.005
740000,0.010,0.925,0.065
740500,0.010,0.932,0.058
741000,0.010,0.949,0.041
741500,0.010,0.863,0.127
742000,0.010,0.966,0.024
742500,0.010,0.853,0.137
743000,0.010,0.958,0.032
743500,0.010,0.990,0.000
744000,0.010,0.990,0.000
744500,0.010,0.921,0.069
745000,0.010,0.910,0.080
745500,0.010,0.973,0.017
746000,0.010,0.905,0.085
746500,0.010,0.925,0.065
747000,0.010,0.962,0.028
747500,0.010,0.895,0.095
748000,0.010,0.954,0.036
748500,0.010,0.959,0.031
749000,0.010,0.954,0.036
749500,0.010,0.947,0.043
750000,0.010,0.979,0.011
750500,0.010,0.920,0.070
751000,0.010,0.828,0.162
751500,0.010,0.969,0.021
752000,0.010,0.919,0.071
752500,0.010,0.971,0.019
753000,0.010,0.916,0.074
753500,0.010,0.877,0.113
754000,0.010,0.922,0.068
754500,0.010,0.990,0.000
755000,0.010,0.955,0.035
755500,0.010,0.956,0.034
756000,0.010,0.969,0.021
756500,0.010,0.934,0.056
757000,0.010,0.957,0.033
757500,0.010,0.911,0.079
758000,0.010,0.878,0.112
758500,0.010,0.845,0.145
759000,0.010,0.923,0.067
759500,0.010,0.917,0.073
760000,0.010,0.984,0.006
760500,0.010,0.947,0.043
761000,0.010,0.958,0.032
761500,0.010,0.970,0.020
762000,0.010,0.940,0.050
762500,0.010,0.907,0.083
763000,0.010,0.926,0.064
763500,0.010,0.917,0.073
764000,0.010,0.945,0.045
764500,0.010,0.989,0.001
765000,0.010,0.985,0.005
765500,0.010,0.959,0.031
766000,0.010,0.804,0.186
766500,0.010,0.905,0.085
767000,0.010,0.978,0.012
767500,0.010,0.987,0.003
768000,0.010,0.973,0.017
768500,0.010,0.975,0.015
769000,0.010,0.903,0.087
769500,0.010,0.990,0.000
770000,0.010,0.946,0.044
770500,0.010,0.983,0.007
771000,0.010,0.936,0.054
771500,0.010,0.909,0.081
772000,0.010,0.865,0.125
772500,0.010,0.942,0.048
773000,0.010,0.965,0.025
773500,0.010,0.867,0.123
774000,0.010,0.946,0.044
774500,0.010,0.969,0.021
775000,0.010,0.961,0.029
775500,0.010,0.928,0.062
776000,0.010,0.964,0.026
776500,0.010,0.956,0.034
777000,0.010,0.956,0.034
777500,0.010,0.978,0.012
778000,0.010,0.989,0.001
778500,0.010,0.902,0.088
779000,0.010,0.928,0.062
779500,0.010,0.910,0.080
780000,0.010,0.939,0.051
780500,0.010,0.896,0.094
781000,0.010,0.972,0.018
781500,0.010,0.985,0.005
782000,0.010,0.946,0.044
782500,0.010,0.917,0.073
783000,0.010,0.872,0.118
783500,0.010,0.906,0.084
784000,0.010,0.989,0.001
784500,0.010,0.936,0.054
785000,0.010,0.917,0.073
785500,0.010,0.932,0.058
786000,0.010,0.990,0.000
786500,0.010,0.971,0.019
787000,0.010,0.972,0.018
787500,0.010,0.911,0.079
788000,0.010,0.989,0.001
788500,0.010,0.982,0.008
789000,0.010,0.815,0.175
789500,0.010,0.946,0.044
790000,0.010,0.969,0.021
790500,0.010,0.859,0.131
791000,0.010,0.890,0.100
791500,0.010,0.987,0.003
792000,0.010,0.828,0.162
792500,0.010,0.877,0.113
793000,0.010,0.796,0.194
793500,0.010,0.939,0.051
794000,0.010,0.990,0.000
794500,0.010,0.990,0.000
795000,0.010,0.978,0.012
795500,0.010,0.786,0.204
796000,0.010,0.884,0.106
796500,0.010,0.973,0.017
797000,0.010,0.938,0.052
797500,0.010,0.807,0.183
798000,0.010,0.975,0.015
798500,0.010,0.767,0.223
799000,0.010,0.894,0.096
799500,0.010,0.922,0.068
800000,0.010,0.910,0.080
800500,0.010,0.968,0.022
801000,0.010,0.970,0.020
801500,0.010,0.957,0.033
802000,0.010,0.844,0.146
802500,0.010,0.929,0.061
803000,0.010,0.978,0.012
803500,0.010,0.978,0.012
804000,0.010,0.981,0.009
804500,0.010,0.942,0.048
805000,0.010,0.920,0.070
805500,0.010,0.981,0.009
806000,0.010,0.989,0.001
806500,0.010,0.964,0.026
807000,0.010,0.958,0.032
807500,0.010,0.944,0.046
808000,0.010,0.980,0.010
808500,0.010,0.990,0.000
809000,0.010,0.989,0.001
809500,0.010,0.988,0.002
810000,0.010,0.978,0.012
810500,0.010,0.899,0.091
811000,0.010,0.936,0.054
811500,0.010,0.911,0.079
812000,0.010,0.972,0.018
812500,0.010,0.966,0.024
813000,0.010,0.976,0.014
813500,0.010,0.986,0.004
814000,0.010,0.974,0.016
814500,0.010,0.829,0.161
815000,0.010,0.933,0.057
815500,0.010,0.911,0.079
816000,0.010,0.983,0.007
816500,0.010,0.989,0.001
817000,0.010,0.964,0.026
817500,0.010,0.906,0.084
818000,0.010,0.956,0.034
818500,0.010,0.937,0.053
819000,0.010,0.940,0.050
819500,0.010,0.963,0.027
820000,0.010,0.914,0.076
820500,0.010,0.971,0.019
821000,0.010,0.928,0.062
821500,0.010,0.987,0.003
822000,0.010,0.925,0.065
822500,0.010,0.990,0.000
823000,0.010,0.911,0.079
823500,0.010,0.967,0.023
824000,0.010,0.895,0.095
824500,0.010,0.966,0.024
825000,0.010,0.910,0.080
825500,0.010,0.958,0.032
826000,0.010,0.942,0.048
826500,0.010,0.973,0.017
827000,0.010,0.912,0.078
827500,0.010,0.920,0.070
828000,0.010,0.893,0.097
828500,0.010,0.960,0.030
829000,0.010,0.966,0.024
829500,0.010,0.985,0.005
830000,0.010,0.934,0.056
830500,0.010,0.964,0.026
831000,0.010,0.969,0.021
831500,0.010,0.969,0.021
832000,0.010,0.910,0.080
832500,0.010,0.979,0.011
833000,0.010,0.977,0.013
833500,0.010,0.977,0.013
834000,0.010,0.985,0.005
834500,0.010,0.943,0.047
835000,0.010,0.800,0.190
835500,0.010,0.980,0.010
836000,0.010,0.884,0.106
836500,0.010,0.938,0.052
837000,0.010,0.964,0.026
837500,0.010,0.935,0.055
838000,0.010,0.875,0.115
838500,0.010,0.882,0.108
839000,0.010,0.914,0.076
839500,0.010,0.935,0.055
840000,0.010,0.957,0.033
840500,0.010,0.985,0.005
841000,0.010,0.917,0.073
841500,0.010,0.941,0.049
842000,0.010,0.982,0.008
842500,0.010,0.951,0.039
843000,0.010,0.951,0.039
843500,0.010,0.925,0.065
844000,0.010,0.944,0.046
844500,0.010,0.988,0.002
845000,0.010,0.989,0.001
845500,0.010,0.973,0.017
846000,0.010,0.990,0.000
846500,0.010,0.885,0.105
847000,0.010,0.988,0.002
847500,0.010,0.899,0.091
848000,0.010,0.983,0.007
848500,0.010,0.949,0.041
849000,0.010,0.865,0.125
849500,0.010,0.936,0.054
850000,0.010,0.936,0.054
850500,0.010,0.976,0.014
851000,0.010,0.953,0.037
851500,0.010,0.947,0.043
852000,0.010,0.953,0.037
852500,0.010,0.941,0.049
853000,0.010,0.902,0.088
853500,0.010,0.950,0.040
854000,0.010,0.986,0.004
854500,0.010,0.882,0.108
855000,0.010,0.929,0.061
855500,0.010,0.903,0.087
856000,0.010,0.943,0.047
856500,0.010,0.962,0.028
857000,0.010,0.893,0.097
857500,0.010,0.952,0.038
858000,0.010,0.978,0.012
858500,0.010,0.967,0.023
859000,0.010,0.971,0.019
859500,0.010,0.986,0.004
860000,0.010,0.918,0.072
860500,0.010,0.868,0.122
861000,0.010,0.935,0.055
861500,0.010,0.933,0.057
862000,0.010,0.872,0.118
862500,0.010,0.965,0.025
863000,0.010,0.989,0.001
863500,0.010,0.883,0.107
864000,0.010,0.788,0.202
864500,0.010,0.953,0.037
865000,0.010,0.959,0.031
865500,0.010,0.895,0.095
866000,0.010,0.962,0.028
866500,0.010,0.961,0.029
867000,0.010,0.883,0.107
867500,0.010,0.985,0.005
868000,0.010,0.965,0.025
868500,0.010,0.911,0.079
869000,0.010,0.951,0.039
869500,0.010,0.947,0.043
870000,0.010,0.990,0.000
870500,0.010,0.983,0.007
871000,0.010,0.989,0.001
871500,0.010,0.909,0.081
872000,0.010,0.976,0.014
872500,0.010,0.966,0.024
873000,0.010,0.952,0.038
873500,0.010,0.939,0.051
874000,0.010,0.978,0.012
874500,0.010,0.888,0.102
875000,0.010,0.971,0.019
875500,0.010,0.882,0.108
876000,0.010,0.960,0.030
876500,0.010,0.940,0.050
877000,0.010,0.990,0.000
877500,0.010,0.947,0.043
878000,0.010,0.954,0.036
878500,0.010,0.985,0.005
879000,0.010,0.954,0.036
879500,0.010,0.878,0.112
880000,0.010,0.946,0.044
880500,0.010,0.922,0.068
881000,0.010,0.883,0.107
881500,0.010,0.867,0.123
882000,0.010,0.973,0.017
882500,0.010,0.938,0.052
883000,0.010,0.879,0.111
883500,0.010,0.986,0.004
884000,0.010,0.827,0.163
884500,0.010,0.863,0.127
885000,0.010,0.907,0.083
885500,0.010,0.969,0.021
886000,0.010,0.968,0.022
886500,0.010,0.955,0.035
887000,0.010,0.968,0.022
887500,0.010,0.990,0.000
888000,0.010,0.903,0.087
888500,0.010,0.967,0.023
889000,0.010,0.984,0.006
889500,0.010,0.859,0.131
890000,0.010,0.839,0.151
890500,0.010,0.882,0.108
891000,0.010,0.968,0.022
891500,0.010,0.977,0.013
892000,0.010,0.990,0.000
892500,0.010,0.958,0.032
893000,0.010,0.933,0.057
893500,0.010,0.968,0.022
894000,0.010,0.927,0.063
894500,0.010,0.933,0.057
895000,0.010,0.971,0.019
895500,0.010,0.981,0.009
896000,0.010,0.919,0.071
896500,0.010,0.916,0.074
897000,0.010,0.971,0.019
897500,0.010,0.922,0.068
898000,0.010,0.894,0.096
898500,0.010,0.938,0.052
899000,0.010,0.979,0.011
899500,0.010,0.900,0.090
900000,0.010,0.962,0.028
900500,0.010,0.914,0.076
901000,0.010,0.980,0.010
901500,0.010,0.905,0.085
902000,0.010,0.865,0.125
902500,0.010,0.970,0.020
903000,0.010,0.935,0.055
903500,0.010,0.773,0.217
904000,0.010,0.951,0.039
904500,0.010,0.922,0.068
905000,0.010,0.942,0.048
905500,0.010,0.956,0.034
906000,0.010,0.953,0.037
906500,0.010,0.950,0.040
907000,0.010,0.979,0.011
907500,0.010,0.934,0.056
908000,0.010,0.951,0.039
908500,0.010,0.860,0.130
909000,0.010,0.934,0.056
909500,0.010,0.978,0.012
910000,0.010,0.941,0.049
910500,0.010,0.933,0.057
911000,0.010,0.976,0.014
911500,0.010,0.953,0.037
912000,0.010,0.967,0.023
912500,0.010,0.936,0.054
913000,0.010,0.973,0.017
913500,0.010,0.898,0.092
914000,0.010,0.858,0.132
914500,0.010,0.905,0.085
915000,0.010,0.929,0.061
915500,0.010,0.934,0.056
916000,0.010,0.928,0.062
916500,0.010,0.971,0.019
917000,0.010,0.870,0.120
917500,0.010,0.946,0.044
918000,0.010,0.903,0.087
918500,0.010,0.937,0.053
919000,0.010,0.974,0.016
919500,0.010,0.989,0.001
920000,0.010,0.953,0.037
920500,0.010,0.964,0.026
921000,0.010,0.942,0.048
921500,0.010,0.942,0.048
922000,0.010,0.970,0.020
922500,0.010,0.955,0.035
923000,0.010,0.938,0.052
923500,0.010,0.984,0.006
924000,0.010,0.978,0.012
924500,0.010,0.947,0.043
925000,0.010,0.950,0.040
925500,0.010,0.953,0.037
926000,0.010,0.853,0.137
926500,0.010,0.945,0.045
927000,0.010,0.945,0.045
927500,0.010,0.955,0.035
928000,0.010,0.979,0.011
928500,0.010,0.944,0.046
929000,0.010,0.961,0.029
929500,0.010,0.975,0.015
930000,0.010,0.968,0.022
930500,0.010,0.938,0.052
931000,0.010,0.940,0.050
931500,0.010,0.969,0.021
932000,0.010,0.975,0.015
932500,0.010,0.986,0.004
933000,0.010,0.930,0.060
933500,0.010,0.909,0.081
934000,0.010,0.990,0.000
934500,0.010,0.978,0.012
935000,0.010,0.990,0.000
935500,0.010,0.989,0.001
936000,0.010,0.921,0.069
936500,0.010,0.967,0.023
937000,0.010,0.955,0.035
937500,0.010,0.940,0.050
938000,0.010,0.984,0.006
938500,0.010,0.958,0.032
939000,0.010,0.918,0.072
939500,0.010,0.968,0.022
940000,0.010,0.946,0.044
940500,0.010,0.981,0.009
941000,0.010,0.929,0.061
941500,0.010,0.973,0.017
942000,0.010,0.864,0.126
942500,0.010,0.900,0.090
943000,0.010,0.952,0.038
943500,0.010,0.932,0.058
944000,0.010,0.890,0.100
944500,0.010,0.929,0.061
945000,0.010,0.951,0.039
945500,0.010,0.987,0.003
946000,0.010,0.930,0.060
946500,0.010,0.915,0.075
947000,0.010,0.965,0.025
947500,0.010,0.970,0.020
948000,0.010,0.944,0.046
948500,0.010,0.938,0.052
949000,0.010,0.978,0.012
949500,0.010,0.984,0.006
950000,0.010,0.990,0.000
950500,0.010,0.903,0.087
951000,0.010,0.844,0.146
951500,0.010,0.972,0.018
952000,0.010,0.983,0.007
952500,0.010,0.914,0.076
953000,0.010,0.970,0.020
953500,0.010,0.977,0.013
954000,0.010,0.883,0.107
954500,0.010,0.859,0.131
955000,0.010,0.981,0.009
955500,0.010,0.952,0.038
956000,0.010,0.954,0.036
956500,0.010,0.982,0.008
957000,0.010,0.966,0.024
957500,0.010,0.904,0.086
958000,0.010,0.854,0.136
958500,0.010,0.891,0.099
959000,0.010,0.956,0.034
959500,0.010,0.883,0.107
960000,0.010,0.923,0.067
960500,0.010,0.907,0.083
961000,0.010,0.960,0.030
961500,0.010,0.938,0.052
962000,0.010,0.953,0.037
962500,0.010,0.945,0.045
963000,0.010,0.894,0.096
963500,0.010,0.971,0.019
964000,0.010,0.867,0.123
964500,0.010,0.964,0.026
965000,0.010,0.974,0.016
965500,0.010,0.962,0.028
966000,0.010,0.799,0.191
966500,0.010,0.815,0.175
967000,0.010,0.968,0.022
967500,0.010,0.946,0.044
968000,0.010,0.883,0.107
968500,0.010,0.937,0.053
969000,0.010,0.925,0.065
969500,0.010,0.966,0.024
970000,0.010,0.963,0.027
970500,0.010,0.970,0.020
971000,0.010,0.960,0.030
971500,0.010,0.935,0.055
972000,0.010,0.952,0.038
972500,0.010,0.931,0.059
973000,0.010,0.934,0.056
973500,0.010,0.989,0.001
974000,0.010,0.934,0.056
974500,0.010,0.927,0.063
975000,0.010,0.990,0.000
975500,0.010,0.949,0.041
976000,0.010,0.921,0.069
976500,0.010,0.880,0.110
977000,0.010,0.964,0.026
977500,0.010,0.986,0.004
978000,0.010,0.975,0.015
978500,0.010,0.923,0.067
979000,0.010,0.970,0.020
979500,0.010,0.943,0.047
980000,0.010,0.987,0.003
980500,0.010,0.900,0.090
981000,0.010,0.954,0.036
981500,0.010,0.968,0.022
982000,0.010,0.923,0.067
982500,0.010,0.989,0.001
983000,0.010,0.918,0.072
983500,0.010,0.976,0.014
984000,0.010,0.975,0.015
984500,0.010,0.987,0.003
985000,0.010,0.932,0.058
985500,0.010,0.941,0.049
986000,0.010,0.984,0.006
986500,0.010,0.953,0.037
987000,0.010,0.808,0.182
987500,0.010,0.832,0.158
988000,0.010,0.972,0.018
988500,0.010,0.953,0.037
989000,0.010,0.943,0.047
989500,0.010,0.957,0.033
990000,0.010,0.988,0.002
990500,0.010,0.973,0.017
991000,0.010,0.961,0.029
991500,0.010,0.929,0.061
992000,0.010,0.965,0.025
992500,0.010,0.957,0.033
993000,0.010,0.907,0.083
993500,0.010,0.922,0.068
994000,0.010,0.920,0.070
994500,0.010,0.967,0.023
995000,0.010,0.944,0.046
995500,0.010,0.915,0.075
996000,0.010,0.983,0.007
996500,0.010,0.951,0.039
997000,0.010,0.879,0.111
997500,0.010,0.857,0.133
998000,0.010,0.934,0.056
998500,0.010,0.977,0.013
999000,0.010,0.974,0.016
999500,0.010,0.968,0.022
1000000,0.010,0.960,0.030
