time,n_A+p,n_B,n_AB
500,0.010,0.908,0.082
1000,0.010,0.727,0.263
1500,0.010,0.349,0.641
2000,0.010,0.233,0.757
2500,0.018,0.189,0.794
3000,0.011,0.133,0.856
3500,0.016,0.146,0.838
4000,0.011,0.167,0.823
4500,0.023,0.103,0.873
5000,0.041,0.095,0.864
5500,0.024,0.135,0.842
6000,0.057,0.093,0.851
6500,0.048,0.099,0.853
7000,0.065,0.032,0.904
7500,0.118,0.016,0.866
8000,0.093,0.036,0.870
8500,0.139,0.013,0.849
9000,0.148,0.002,0.851
9500,0.142,0.006,0.852
10000,0.154,0.014,0.832
10500,0.098,0.017,0.886
11000,0.073,0.056,0.871
11500,0.103,0.019,0.877
12000,0.128,0.025,0.848
12500,0.156,0.013,0.831
13000,0.124,0.018,0.857
13500,0.120,0.015,0.865
14000,0.091,0.045,0.863
14500,0.120,0.030,0.850
15000,0.105,0.009,0.886
15500,0.077,0.053,0.870
16000,0.089,0.035,0.877
16500,0.092,0.022,0.886
17000,0.091,0.032,0.877
17500,0.106,0.032,0.861
18000,0.169,0.013,0.819
18500,0.149,0.009,0.842
19000,0.099,0.031,0.870
19500,0.121,0.028,0.851
20000,0.127,0.019,0.854
20500,0.139,0.009,0.853
21000,0.141,0.016,0.843
21500,0.180,0.001,0.819
22000,0.165,0.007,0.829
22500,0.164,0.002,0.834
23000,0.203,0.001,0.797
23500,0.161,0.004,0.836
24000,0.164,0.001,0.836
24500,0.164,0.007,0.830
25000,0.183,0.004,0.814
25500,0.197,0.003,0.800
26000,0.171,0.004,0.826
26500,0.162,0.007,0.831
27000,0.164,0.002,0.835
27500,0.164,0.002,0.834
28000,0.115,0.015,0.871
28500,0.160,0.005,0.835
29000,0.172,0.001,0.827
29500,0.153,0.009,0.838
30000,0.139,0.013,0.849
30500,0.157,0.009,0.834
31000,0.139,0.013,0.849
31500,0.118,0.019,0.863
32000,0.161,0.006,0.833
32500,0.174,0.004,0.823
33000,0.209,0.000,0.791
33500,0.174,0.003,0.823
34000,0.166,0.002,0.832
34500,0.149,0.013,0.837
35000,0.104,0.049,0.848
35500,0.087,0.054,0.859
36000,0.086,0.022,0.891
36500,0.135,0.026,0.839
37000,0.140,0.011,0.849
37500,0.116,0.007,0.877
38000,0.127,0.015,0.859
38500,0.136,0.015,0.850
39000,0.149,0.011,0.839
39500,0.147,0.009,0.843
40000,0.169,0.007,0.825
40500,0.179,0.001,0.820
41000,0.199,0.004,0.797
41500,0.186,0.001,0.813
42000,0.133,0.011,0.856
42500,0.070,0.047,0.883
43000,0.083,0.027,0.890
43500,0.098,0.026,0.876
44000,0.152,0.008,0.840
44500,0.181,0.007,0.811
45000,0.158,0.003,0.840
45500,0.173,0.001,0.827
46000,0.135,0.017,0.849
46500,0.112,0.005,0.883
47000,0.156,0.017,0.827
47500,0.172,0.004,0.825
48000,0.158,0.013,0.829
48500,0.070,0.021,0.909
49000,0.156,0.007,0.837
49500,0.148,0.011,0.841
50000,0.140,0.011,0.850
50500,0.134,0.029,0.837
51000,0.149,0.017,0.834
51500,0.126,0.020,0.854
52000,0.148,0.002,0.850
52500,0.150,0.009,0.842
53000,0.116,0.024,0.860
53500,0.178,0.003,0.819
54000,0.159,0.007,0.834
54500,0.119,0.012,0.869
55000,0.172,0.003,0.825
55500,0.102,0.024,0.874
56000,0.182,0.009,0.809
56500,0.117,0.007,0.876
57000,0.142,0.002,0.856
57500,0.129,0.004,0.867
58000,0.126,0.007,0.868
58500,0.130,0.029,0.842
59000,0.135,0.011,0.854
59500,0.142,0.003,0.856
60000,0.145,0.004,0.851
60500,0.141,0.004,0.856
61000,0.198,0.001,0.802
61500,0.148,0.018,0.834
62000,0.151,0.013,0.835
62500,0.172,0.004,0.824
63000,0.125,0.007,0.868
63500,0.156,0.010,0.834
64000,0.120,0.013,0.868
64500,0.181,0.004,0.815
65000,0.195,0.000,0.805
65500,0.200,0.001,0.799
66000,0.113,0.018,0.869
66500,0.123,0.025,0.853
67000,0.151,0.005,0.844
67500,0.159,0.001,0.841
68000,0.158,0.006,0.836
68500,0.137,0.018,0.846
69000,0.126,0.028,0.847
69500,0.138,0.012,0.850
70000,0.139,0.008,0.853
70500,0.149,0.010,0.841
71000,0.142,0.006,0.852
71500,0.165,0.006,0.829
72000,0.234,0.001,0.765
72500,0.214,0.000,0.785
73000,0.140,0.000,0.860
73500,0.159,0.004,0.837
74000,0.142,0.009,0.849
74500,0.176,0.000,0.824
75000,0.146,0.004,0.850
75500,0.160,0.002,0.839
76000,0.139,0.002,0.859
76500,0.161,0.003,0.836
77000,0.162,0.006,0.833
77500,0.162,0.004,0.834
78000,0.147,0.005,0.848
78500,0.182,0.013,0.804
79000,0.203,0.009,0.787
79500,0.160,0.005,0.835
80000,0.179,0.003,0.819
80500,0.212,0.005,0.782
81000,0.149,0.011,0.839
81500,0.174,0.004,0.822
82000,0.208,0.010,0.781
82500,0.164,0.003,0.834
83000,0.119,0.009,0.872
83500,0.182,0.003,0.816
84000,0.117,0.009,0.873
84500,0.105,0.025,0.871
85000,0.145,0.013,0.843
85500,0.136,0.022,0.843
86000,0.111,0.014,0.875
86500,0.155,0.002,0.843
87000,0.195,0.005,0.800
87500,0.204,0.001,0.795
88000,0.173,0.009,0.819
88500,0.106,0.006,0.888
89000,0.116,0.013,0.871
89500,0.111,0.020,0.869
90000,0.137,0.006,0.857
90500,0.177,0.008,0.815
91000,0.178,0.002,0.820
91500,0.140,0.003,0.858
92000,0.157,0.009,0.835
92500,0.130,0.004,0.866
93000,0.141,0.016,0.843
93500,0.173,0.008,0.819
94000,0.192,0.006,0.802
94500,0.173,0.009,0.818
95000,0.221,0.013,0.766
95500,0.139,0.021,0.840
96000,0.162,0.004,0.834
96500,0.159,0.001,0.841
97000,0.108,0.037,0.854
97500,0.086,0.019,0.895
98000,0.070,0.057,0.873
98500,0.095,0.044,0.861
99000,0.177,0.013,0.810
99500,0.208,0.004,0.788
100000,0.172,0.004,0.824
100500,0.148,0.002,0.850
101000,0.117,0.015,0.868
101500,0.116,0.018,0.866
102000,0.135,0.013,0.853
102500,0.129,0.003,0.868
103000,0.163,0.009,0.828
103500,0.143,0.002,0.855
104000,0.152,0.011,0.838
104500,0.128,0.015,0.858
105000,0.112,0.011,0.878
105500,0.099,0.028,0.873
106000,0.131,0.017,0.852
106500,0.115,0.012,0.873
107000,0.174,0.001,0.825
107500,0.110,0.017,0.874
108000,0.138,0.017,0.846
108500,0.151,0.018,0.831
109000,0.143,0.003,0.855
109500,0.097,0.018,0.885
110000,0.141,0.013,0.846
110500,0.155,0.009,0.835
111000,0.178,0.021,0.801
111500,0.141,0.013,0.847
112000,0.142,0.020,0.838
112500,0.177,0.004,0.819
113000,0.197,0.001,0.803
113500,0.134,0.018,0.849
114000,0.132,0.009,0.859
114500,0.142,0.005,0.853
115000,0.181,0.003,0.816
115500,0.136,0.017,0.848
116000,0.141,0.019,0.839
116500,0.155,0.012,0.833
117000,0.189,0.011,0.800
117500,0.157,0.008,0.835
118000,0.147,0.014,0.839
118500,0.120,0.009,0.871
119000,0.120,0.043,0.838
119500,0.102,0.030,0.868
120000,0.093,0.020,0.886
120500,0.111,0.041,0.849
121000,0.102,0.026,0.872
121500,0.137,0.038,0.825
122000,0.172,0.004,0.824
122500,0.195,0.002,0.804
123000,0.143,0.000,0.857
123500,0.133,0.003,0.865
124000,0.144,0.009,0.846
124500,0.130,0.010,0.860
125000,0.179,0.005,0.816
125500,0.135,0.023,0.842
126000,0.096,0.032,0.872
126500,0.049,0.056,0.895
127000,0.063,0.032,0.906
127500,0.025,0.122,0.854
128000,0.021,0.153,0.826
128500,0.030,0.096,0.874
129000,0.021,0.110,0.869
129500,0.020,0.092,0.887
130000,0.052,0.046,0.901
130500,0.110,0.038,0.852
131000,0.108,0.024,0.869
131500,0.182,0.004,0.814
132000,0.113,0.011,0.877
132500,0.107,0.034,0.859
133000,0.104,0.042,0.854
133500,0.150,0.002,0.849
134000,0.170,0.000,0.831
134500,0.196,0.005,0.799
135000,0.199,0.004,0.798
135500,0.130,0.035,0.836
136000,0.182,0.013,0.805
136500,0.136,0.002,0.862
137000,0.169,0.010,0.822
137500,0.191,0.001,0.808
138000,0.150,0.005,0.845
138500,0.141,0.007,0.852
139000,0.162,0.005,0.833
139500,0.172,0.007,0.822
140000,0.202,0.006,0.792
140500,0.201,0.002,0.797
141000,0.154,0.007,0.839
141500,0.120,0.007,0.872
142000,0.161,0.003,0.837
142500,0.183,0.017,0.799
143000,0.162,0.002,0.837
143500,0.172,0.007,0.821
144000,0.211,0.002,0.787
144500,0.175,0.003,0.822
145000,0.141,0.001,0.858
145500,0.157,0.017,0.827
146000,0.145,0.015,0.840
146500,0.215,0.002,0.784
147000,0.114,0.011,0.876
147500,0.174,0.004,0.822
148000,0.189,0.004,0.807
148500,0.121,0.021,0.858
149000,0.084,0.010,0.906
149500,0.080,0.022,0.898
150000,0.116,0.013,0.871
150500,0.125,0.024,0.851
151000,0.152,0.015,0.834
151500,0.166,0.003,0.832
152000,0.188,0.001,0.811
152500,0.140,0.001,0.860
153000,0.129,0.036,0.835
153500,0.103,0.009,0.887
154000,0.178,0.001,0.822
154500,0.121,0.013,0.866
155000,0.082,0.046,0.872
155500,0.130,0.029,0.842
156000,0.154,0.007,0.839
156500,0.159,0.009,0.832
157000,0.127,0.019,0.854
157500,0.133,0.017,0.850
158000,0.141,0.014,0.845
158500,0.092,0.023,0.885
159000,0.085,0.037,0.878
159500,0.120,0.030,0.850
160000,0.160,0.005,0.836
160500,0.172,0.001,0.828
161000,0.190,0.013,0.797
161500,0.127,0.024,0.850
162000,0.107,0.015,0.878
162500,0.125,0.009,0.866
163000,0.088,0.029,0.883
163500,0.099,0.040,0.862
164000,0.134,0.007,0.860
164500,0.159,0.006,0.836
165000,0.170,0.001,0.830
165500,0.170,0.004,0.827
166000,0.120,0.007,0.873
166500,0.107,0.037,0.855
167000,0.117,0.017,0.867
167500,0.122,0.006,0.871
168000,0.112,0.012,0.876
168500,0.111,0.009,0.880
169000,0.149,0.019,0.832
169500,0.120,0.030,0.850
170000,0.154,0.005,0.841
170500,0.184,0.004,0.812
171000,0.180,0.005,0.815
171500,0.133,0.001,0.866
172000,0.155,0.013,0.833
172500,0.203,0.002,0.795
173000,0.131,0.018,0.852
173500,0.175,0.013,0.811
174000,0.187,0.004,0.809
174500,0.151,0.021,0.828
175000,0.132,0.015,0.854
175500,0.098,0.015,0.887
176000,0.073,0.027,0.899
176500,0.151,0.018,0.831
177000,0.157,0.007,0.836
177500,0.120,0.008,0.872
178000,0.113,0.015,0.872
178500,0.097,0.033,0.871
179000,0.073,0.023,0.904
179500,0.079,0.062,0.859
180000,0.145,0.011,0.844
180500,0.234,0.005,0.760
181000,0.165,0.004,0.831
181500,0.179,0.001,0.821
182000,0.155,0.005,0.839
182500,0.171,0.004,0.826
183000,0.164,0.010,0.827
183500,0.122,0.011,0.867
184000,0.071,0.039,0.890
184500,0.107,0.021,0.872
185000,0.086,0.036,0.878
185500,0.103,0.022,0.875
186000,0.135,0.011,0.854
186500,0.155,0.005,0.839
187000,0.258,0.004,0.738
187500,0.185,0.000,0.815
188000,0.204,0.005,0.790
188500,0.206,0.002,0.792
189000,0.152,0.003,0.845
189500,0.169,0.006,0.826
190000,0.185,0.001,0.814
190500,0.191,0.000,0.809
191000,0.198,0.011,0.791
191500,0.135,0.005,0.860
192000,0.126,0.020,0.854
192500,0.116,0.013,0.872
193000,0.093,0.039,0.868
193500,0.117,0.009,0.873
194000,0.150,0.024,0.826
194500,0.182,0.004,0.814
195000,0.179,0.000,0.821
195500,0.177,0.003,0.820
196000,0.141,0.017,0.842
196500,0.168,0.002,0.830
197000,0.177,0.005,0.817
197500,0.218,0.001,0.780
198000,0.194,0.003,0.804
198500,0.128,0.003,0.870
199000,0.144,0.017,0.840
199500,0.158,0.009,0.833
200000,0.143,0.012,0.845
200500,0.111,0.005,0.884
201000,0.112,0.009,0.879
201500,0.122,0.009,0.869
202000,0.102,0.017,0.881
202500,0.162,0.003,0.835
203000,0.110,0.003,0.887
203500,0.173,0.018,0.808
204000,0.157,0.007,0.836
204500,0.197,0.001,0.802
205000,0.172,0.005,0.823
205500,0.125,0.004,0.871
206000,0.140,0.010,0.851
206500,0.157,0.006,0.837
207000,0.200,0.000,0.800
207500,0.154,0.006,0.840
208000,0.122,0.028,0.851
208500,0.129,0.027,0.844
209000,0.090,0.063,0.847
209500,0.108,0.022,0.870
210000,0.104,0.026,0.869
210500,0.120,0.009,0.872
211000,0.141,0.021,0.839
211500,0.107,0.025,0.868
212000,0.127,0.018,0.856
212500,0.088,0.023,0.889
213000,0.141,0.011,0.849
213500,0.138,0.007,0.856
214000,0.159,0.008,0.833
214500,0.162,0.006,0.833
215000,0.167,0.005,0.828
215500,0.170,0.009,0.822
216000,0.168,0.006,0.827
216500,0.113,0.016,0.871
217000,0.136,0.019,0.845
217500,0.171,0.005,0.824
218000,0.191,0.001,0.808
218500,0.227,0.001,0.773
219000,0.179,0.001,0.820
219500,0.193,0.004,0.803
220000,0.208,0.005,0.786
220500,0.182,0.002,0.816
221000,0.179,0.001,0.820
221500,0.157,0.011,0.832
222000,0.167,0.013,0.820
222500,0.175,0.006,0.819
223000,0.198,0.004,0.799
223500,0.183,0.004,0.813
224000,0.195,0.001,0.805
224500,0.211,0.005,0.784
225000,0.172,0.015,0.813
225500,0.193,0.004,0.804
226000,0.140,0.003,0.858
226500,0.156,0.009,0.836
227000,0.141,0.004,0.855
227500,0.095,0.021,0.884
228000,0.045,0.057,0.897
228500,0.075,0.051,0.873
229000,0.090,0.024,0.886
229500,0.098,0.041,0.861
230000,0.095,0.026,0.879
230500,0.100,0.057,0.844
231000,0.067,0.054,0.879
231500,0.067,0.028,0.906
232000,0.108,0.047,0.844
232500,0.089,0.057,0.854
233000,0.120,0.021,0.859
233500,0.110,0.009,0.881
234000,0.142,0.009,0.849
234500,0.124,0.006,0.870
235000,0.123,0.015,0.863
235500,0.191,0.002,0.807
236000,0.224,0.000,0.776
236500,0.186,0.003,0.811
237000,0.149,0.003,0.848
237500,0.103,0.021,0.876
238000,0.078,0.030,0.892
238500,0.121,0.008,0.871
239000,0.141,0.015,0.844
239500,0.184,0.004,0.812
240000,0.168,0.001,0.832
240500,0.154,0.000,0.846
241000,0.154,0.015,0.832
241500,0.166,0.003,0.832
242000,0.162,0.007,0.831
242500,0.146,0.005,0.849
243000,0.118,0.011,0.870
243500,0.172,0.013,0.816
244000,0.112,0.013,0.876
244500,0.132,0.016,0.853
245000,0.122,0.018,0.860
245500,0.134,0.017,0.850
246000,0.163,0.002,0.836
246500,0.174,0.004,0.822
247000,0.164,0.000,0.837
247500,0.167,0.004,0.829
248000,0.180,0.001,0.819
248500,0.145,0.008,0.847
249000,0.137,0.003,0.860
249500,0.101,0.020,0.879
250000,0.074,0.045,0.880
250500,0.088,0.046,0.866
251000,0.088,0.026,0.885
251500,0.135,0.019,0.846
252000,0.111,0.016,0.873
252500,0.101,0.029,0.870
253000,0.071,0.049,0.881
253500,0.124,0.029,0.847
254000,0.117,0.018,0.865
254500,0.169,0.009,0.823
255000,0.165,0.006,0.829
255500,0.160,0.003,0.838
256000,0.182,0.010,0.807
256500,0.139,0.002,0.859
257000,0.209,0.004,0.788
257500,0.225,0.001,0.775
258000,0.229,0.000,0.771
258500,0.183,0.002,0.816
259000,0.133,0.015,0.852
259500,0.177,0.007,0.816
260000,0.146,0.016,0.838
260500,0.132,0.009,0.860
261000,0.119,0.015,0.866
261500,0.171,0.003,0.827
262000,0.195,0.004,0.801
262500,0.199,0.001,0.800
263000,0.161,0.004,0.836
263500,0.169,0.004,0.828
264000,0.153,0.011,0.836
264500,0.134,0.004,0.862
265000,0.175,0.004,0.822
265500,0.151,0.009,0.840
266000,0.139,0.015,0.847
266500,0.158,0.003,0.840
267000,0.184,0.001,0.815
267500,0.188,0.003,0.810
268000,0.185,0.005,0.809
268500,0.189,0.003,0.808
269000,0.130,0.017,0.853
269500,0.162,0.010,0.829
270000,0.189,0.004,0.807
270500,0.197,0.001,0.802
271000,0.206,0.000,0.793
271500,0.124,0.026,0.850
272000,0.139,0.004,0.857
272500,0.129,0.006,0.865
273000,0.168,0.001,0.832
273500,0.194,0.001,0.806
274000,0.147,0.004,0.849
274500,0.143,0.005,0.852
275000,0.184,0.000,0.816
275500,0.162,0.005,0.833
276000,0.174,0.004,0.822
276500,0.118,0.010,0.872
277000,0.116,0.018,0.867
277500,0.112,0.017,0.871
278000,0.107,0.025,0.868
278500,0.095,0.035,0.870
279000,0.141,0.013,0.846
279500,0.125,0.010,0.865
280000,0.150,0.007,0.843
280500,0.102,0.009,0.888
281000,0.102,0.041,0.858
281500,0.111,0.025,0.865
282000,0.136,0.013,0.851
282500,0.082,0.021,0.897
283000,0.080,0.050,0.870
283500,0.090,0.038,0.871
284000,0.081,0.045,0.874
284500,0.104,0.016,0.880
285000,0.166,0.007,0.827
285500,0.114,0.034,0.853
286000,0.102,0.020,0.878
286500,0.138,0.015,0.847
287000,0.106,0.022,0.871
287500,0.144,0.016,0.840
288000,0.102,0.021,0.878
288500,0.131,0.013,0.856
289000,0.155,0.002,0.843
289500,0.149,0.002,0.849
290000,0.133,0.005,0.862
290500,0.226,0.004,0.771
291000,0.159,0.003,0.839
291500,0.169,0.005,0.827
292000,0.182,0.002,0.816
292500,0.187,0.001,0.812
293000,0.198,0.006,0.796
293500,0.169,0.009,0.823
294000,0.140,0.017,0.843
294500,0.201,0.013,0.786
295000,0.145,0.005,0.850
295500,0.117,0.018,0.865
296000,0.097,0.008,0.895
296500,0.100,0.050,0.850
297000,0.051,0.047,0.902
297500,0.045,0.090,0.865
298000,0.072,0.073,0.855
298500,0.106,0.033,0.860
299000,0.191,0.008,0.801
299500,0.155,0.003,0.842
300000,0.149,0.004,0.847
300500,0.160,0.009,0.831
301000,0.139,0.014,0.847
301500,0.129,0.011,0.860
302000,0.165,0.019,0.816
302500,0.170,0.004,0.827
303000,0.166,0.014,0.821
303500,0.182,0.003,0.815
304000,0.194,0.013,0.793
304500,0.156,0.021,0.823
305000,0.148,0.009,0.842
305500,0.187,0.004,0.809
306000,0.139,0.012,0.849
306500,0.173,0.001,0.826
307000,0.165,0.001,0.834
307500,0.168,0.002,0.831
308000,0.203,0.003,0.794
308500,0.139,0.013,0.849
309000,0.142,0.018,0.840
309500,0.152,0.006,0.842
310000,0.126,0.004,0.871
310500,0.132,0.013,0.856
311000,0.170,0.010,0.821
311500,0.194,0.005,0.801
312000,0.175,0.003,0.822
312500,0.177,0.005,0.818
313000,0.233,0.004,0.763
313500,0.248,0.001,0.752
314000,0.204,0.003,0.793
314500,0.150,0.004,0.847
315000,0.113,0.009,0.879
315500,0.132,0.011,0.857
316000,0.141,0.003,0.856
316500,0.177,0.004,0.818
317000,0.135,0.015,0.850
317500,0.119,0.013,0.867
318000,0.114,0.028,0.859
318500,0.071,0.041,0.889
319000,0.070,0.038,0.891
319500,0.040,0.064,0.896
320000,0.061,0.058,0.881
320500,0.035,0.039,0.926
321000,0.096,0.016,0.888
321500,0.107,0.015,0.878
322000,0.086,0.038,0.875
322500,0.061,0.043,0.896
323000,0.084,0.030,0.886
323500,0.122,0.018,0.860
324000,0.147,0.011,0.841
324500,0.150,0.002,0.848
325000,0.141,0.004,0.856
325500,0.158,0.011,0.832
326000,0.137,0.008,0.855
326500,0.112,0.011,0.878
327000,0.167,0.007,0.827
327500,0.192,0.004,0.804
328000,0.169,0.007,0.825
328500,0.135,0.011,0.855
329000,0.195,0.006,0.798
329500,0.117,0.015,0.868
330000,0.130,0.022,0.849
330500,0.114,0.021,0.865
331000,0.096,0.042,0.863
331500,0.114,0.025,0.862
332000,0.129,0.011,0.860
332500,0.155,0.015,0.831
333000,0.143,0.011,0.846
333500,0.174,0.002,0.824
334000,0.166,0.001,0.834
334500,0.184,0.005,0.810
335000,0.138,0.009,0.853
335500,0.148,0.018,0.835
336000,0.161,0.009,0.831
336500,0.157,0.005,0.838
337000,0.161,0.001,0.838
337500,0.124,0.006,0.869
338000,0.131,0.014,0.855
338500,0.132,0.008,0.860
339000,0.132,0.015,0.853
339500,0.183,0.004,0.814
340000,0.172,0.001,0.827
340500,0.140,0.013,0.848
341000,0.160,0.009,0.832
341500,0.142,0.011,0.847
342000,0.166,0.019,0.815
342500,0.127,0.009,0.864
343000,0.200,0.003,0.797
343500,0.178,0.004,0.818
344000,0.137,0.011,0.852
344500,0.101,0.027,0.872
345000,0.136,0.015,0.850
345500,0.118,0.029,0.852
346000,0.112,0.034,0.855
346500,0.097,0.015,0.888
347000,0.136,0.011,0.854
347500,0.132,0.009,0.860
348000,0.096,0.006,0.898
348500,0.089,0.054,0.857
349000,0.091,0.057,0.852
349500,0.086,0.034,0.880
350000,0.090,0.025,0.885
350500,0.095,0.029,0.876
351000,0.127,0.024,0.849
351500,0.140,0.007,0.853
352000,0.112,0.004,0.884
352500,0.131,0.009,0.860
353000,0.127,0.008,0.865
353500,0.107,0.029,0.863
354000,0.170,0.013,0.817
354500,0.206,0.003,0.792
355000,0.213,0.001,0.786
355500,0.195,0.003,0.803
356000,0.204,0.000,0.796
356500,0.146,0.006,0.848
357000,0.123,0.018,0.858
357500,0.073,0.042,0.884
358000,0.034,0.079,0.887
358500,0.041,0.126,0.833
359000,0.014,0.141,0.845
359500,0.026,0.102,0.872
360000,0.040,0.088,0.872
360500,0.083,0.045,0.872
361000,0.102,0.035,0.863
361500,0.115,0.019,0.866
362000,0.101,0.028,0.872
362500,0.092,0.045,0.863
363000,0.068,0.046,0.886
363500,0.085,0.055,0.860
364000,0.116,0.024,0.861
364500,0.127,0.018,0.855
365000,0.145,0.013,0.842
365500,0.129,0.024,0.847
366000,0.136,0.012,0.853
366500,0.200,0.009,0.791
367000,0.169,0.015,0.817
367500,0.174,0.011,0.815
368000,0.170,0.001,0.829
368500,0.149,0.014,0.837
369000,0.157,0.001,0.842
369500,0.235,0.000,0.764
370000,0.185,0.008,0.806
370500,0.167,0.002,0.832
371000,0.146,0.000,0.854
371500,0.168,0.013,0.820
372000,0.154,0.002,0.844
372500,0.133,0.017,0.851
373000,0.135,0.013,0.852
373500,0.155,0.002,0.843
374000,0.171,0.000,0.829
374500,0.156,0.000,0.844
375000,0.181,0.007,0.811
375500,0.183,0.002,0.815
376000,0.175,0.001,0.825
376500,0.167,0.004,0.829
377000,0.167,0.001,0.833
377500,0.170,0.004,0.826
378000,0.190,0.001,0.810
378500,0.166,0.004,0.831
379000,0.145,0.008,0.847
379500,0.167,0.004,0.830
380000,0.143,0.008,0.849
380500,0.115,0.010,0.875
381000,0.142,0.003,0.855
381500,0.162,0.009,0.830
382000,0.105,0.028,0.868
382500,0.093,0.009,0.898
383000,0.175,0.000,0.825
383500,0.212,0.003,0.785
384000,0.184,0.000,0.816
384500,0.210,0.003,0.787
385000,0.208,0.000,0.791
385500,0.233,0.000,0.767
386000,0.227,0.004,0.769
386500,0.175,0.004,0.821
387000,0.161,0.006,0.834
387500,0.203,0.001,0.796
388000,0.183,0.000,0.817
388500,0.174,0.009,0.817
389000,0.158,0.004,0.838
389500,0.142,0.013,0.846
390000,0.117,0.031,0.852
390500,0.079,0.032,0.889
391000,0.044,0.051,0.905
391500,0.103,0.030,0.866
392000,0.092,0.025,0.882
392500,0.164,0.013,0.823
393000,0.218,0.002,0.780
393500,0.184,0.000,0.816
394000,0.142,0.009,0.849
394500,0.134,0.009,0.857
395000,0.140,0.020,0.841
395500,0.165,0.015,0.820
396000,0.112,0.014,0.874
396500,0.130,0.011,0.859
397000,0.130,0.019,0.851
397500,0.117,0.014,0.869
398000,0.173,0.004,0.823
398500,0.248,0.000,0.752
399000,0.200,0.000,0.800
399500,0.156,0.009,0.835
400000,0.146,0.024,0.830
400500,0.147,0.018,0.835
401000,0.161,0.011,0.829
401500,0.166,0.013,0.822
402000,0.190,0.007,0.803
402500,0.203,0.001,0.796
403000,0.169,0.000,0.832
403500,0.160,0.009,0.832
404000,0.176,0.009,0.816
404500,0.196,0.000,0.804
405000,0.159,0.006,0.835
405500,0.116,0.019,0.865
406000,0.167,0.006,0.828
406500,0.209,0.000,0.791
407000,0.153,0.000,0.847
407500,0.181,0.001,0.818
408000,0.165,0.002,0.834
408500,0.181,0.000,0.819
409000,0.159,0.000,0.842
409500,0.126,0.021,0.853
410000,0.106,0.028,0.867
410500,0.161,0.018,0.822
411000,0.139,0.003,0.858
411500,0.121,0.014,0.865
412000,0.103,0.041,0.856
412500,0.065,0.050,0.886
413000,0.059,0.043,0.899
413500,0.068,0.083,0.849
414000,0.068,0.048,0.884
414500,0.098,0.029,0.873
415000,0.120,0.019,0.860
415500,0.089,0.017,0.893
416000,0.167,0.007,0.826
416500,0.133,0.028,0.839
417000,0.117,0.007,0.876
417500,0.113,0.001,0.886
418000,0.093,0.013,0.893
418500,0.207,0.003,0.790
419000,0.171,0.001,0.829
419500,0.204,0.009,0.787
420000,0.159,0.005,0.836
420500,0.169,0.004,0.828
421000,0.158,0.018,0.824
421500,0.149,0.009,0.841
422000,0.165,0.005,0.830
422500,0.116,0.013,0.871
423000,0.168,0.010,0.822
423500,0.194,0.004,0.802
424000,0.242,0.001,0.757
424500,0.235,0.000,0.764
425000,0.156,0.007,0.837
425500,0.166,0.001,0.833
426000,0.151,0.028,0.822
426500,0.091,0.022,0.886
427000,0.133,0.019,0.848
427500,0.151,0.016,0.833
428000,0.106,0.018,0.877
428500,0.096,0.018,0.886
429000,0.093,0.027,0.879
429500,0.100,0.039,0.861
430000,0.070,0.054,0.875
430500,0.054,0.038,0.908
431000,0.061,0.082,0.857
431500,0.047,0.081,0.872
432000,0.025,0.136,0.839
432500,0.025,0.121,0.855
433000,0.033,0.119,0.848
433500,0.049,0.069,0.883
434000,0.066,0.056,0.879
434500,0.082,0.045,0.873
435000,0.075,0.036,0.888
435500,0.095,0.017,0.889
436000,0.191,0.003,0.806
436500,0.148,0.006,0.845
437000,0.162,0.004,0.834
437500,0.183,0.001,0.817
438000,0.146,0.004,0.850
438500,0.157,0.001,0.842
439000,0.103,0.006,0.890
439500,0.117,0.011,0.872
440000,0.118,0.005,0.876
440500,0.145,0.013,0.842
441000,0.140,0.015,0.846
441500,0.158,0.004,0.839
442000,0.150,0.006,0.844
442500,0.119,0.011,0.870
443000,0.159,0.008,0.834
443500,0.117,0.015,0.868
444000,0.177,0.011,0.812
444500,0.121,0.015,0.864
445000,0.091,0.011,0.898
445500,0.148,0.013,0.839
446000,0.172,0.004,0.824
446500,0.201,0.000,0.799
447000,0.195,0.005,0.799
447500,0.189,0.008,0.803
448000,0.147,0.001,0.852
448500,0.212,0.013,0.775
449000,0.187,0.005,0.808
449500,0.149,0.012,0.839
450000,0.154,0.006,0.840
450500,0.174,0.008,0.818
451000,0.190,0.004,0.806
451500,0.160,0.009,0.832
452000,0.131,0.015,0.854
452500,0.114,0.025,0.862
453000,0.166,0.004,0.831
453500,0.134,0.015,0.852
454000,0.108,0.032,0.860
454500,0.074,0.035,0.890
455000,0.098,0.029,0.873
455500,0.050,0.073,0.876
456000,0.057,0.046,0.897
456500,0.041,0.076,0.883
457000,0.029,0.113,0.858
457500,0.029,0.116,0.856
458000,0.033,0.061,0.905
458500,0.069,0.020,0.911
459000,0.131,0.011,0.858
459500,0.166,0.015,0.820
460000,0.105,0.022,0.873
460500,0.156,0.011,0.833
461000,0.165,0.008,0.828
461500,0.176,0.001,0.823
462000,0.192,0.002,0.807
462500,0.145,0.009,0.846
463000,0.110,0.009,0.881
463500,0.132,0.004,0.864
464000,0.155,0.012,0.833
464500,0.135,0.010,0.855
465000,0.115,0.021,0.865
465500,0.187,0.013,0.800
466000,0.138,0.013,0.850
466500,0.168,0.011,0.822
467000,0.115,0.005,0.880
467500,0.143,0.001,0.856
468000,0.122,0.009,0.868
468500,0.148,0.013,0.838
469000,0.201,0.008,0.791
469500,0.163,0.007,0.830
470000,0.137,0.018,0.845
470500,0.173,0.004,0.822
471000,0.161,0.002,0.837
471500,0.131,0.015,0.855
472000,0.113,0.025,0.863
472500,0.081,0.024,0.896
473000,0.104,0.022,0.873
473500,0.129,0.015,0.856
474000,0.166,0.011,0.824
474500,0.130,0.019,0.851
475000,0.126,0.021,0.854
475500,0.112,0.029,0.859
476000,0.097,0.033,0.870
476500,0.115,0.023,0.862
477000,0.077,0.028,0.896
477500,0.082,0.061,0.857
478000,0.083,0.038,0.879
478500,0.056,0.037,0.907
479000,0.104,0.051,0.845
479500,0.116,0.017,0.868
480000,0.148,0.011,0.841
480500,0.133,0.012,0.855
481000,0.137,0.005,0.858
481500,0.160,0.013,0.827
482000,0.172,0.009,0.819
482500,0.180,0.014,0.805
483000,0.140,0.009,0.851
483500,0.088,0.017,0.894
484000,0.114,0.042,0.844
484500,0.116,0.024,0.860
485000,0.175,0.009,0.815
485500,0.196,0.011,0.793
486000,0.149,0.005,0.846
486500,0.136,0.007,0.857
487000,0.204,0.005,0.790
487500,0.212,0.001,0.788
488000,0.183,0.000,0.817
488500,0.169,0.005,0.826
489000,0.199,0.001,0.801
489500,0.177,0.000,0.823
490000,0.228,0.000,0.772
490500,0.205,0.001,0.794
491000,0.235,0.002,0.763
491500,0.242,0.000,0.758
492000,0.204,0.000,0.796
492500,0.186,0.004,0.809
493000,0.183,0.012,0.805
493500,0.170,0.009,0.822
494000,0.180,0.002,0.819
494500,0.193,0.000,0.807
495000,0.165,0.013,0.823
495500,0.150,0.001,0.849
496000,0.162,0.005,0.833
496500,0.141,0.019,0.840
497000,0.139,0.019,0.842
497500,0.131,0.024,0.845
498000,0.182,0.007,0.811
498500,0.201,0.006,0.793
499000,0.138,0.019,0.843
499500,0.192,0.002,0.806
500000,0.166,0.000,0.834
500500,0.164,0.006,0.831
501000,0.230,0.000,0.770
501500,0.160,0.004,0.837
502000,0.080,0.019,0.901
502500,0.090,0.054,0.856
503000,0.067,0.029,0.904
503500,0.050,0.054,0.896
504000,0.102,0.039,0.858
504500,0.128,0.006,0.866
505000,0.186,0.001,0.813
505500,0.180,0.000,0.820
506000,0.170,0.000,0.831
506500,0.202,0.000,0.798
507000,0.196,0.001,0.804
507500,0.184,0.003,0.813
508000,0.217,0.000,0.783
508500,0.199,0.000,0.801
509000,0.192,0.002,0.806
509500,0.227,0.005,0.768
510000,0.197,0.001,0.802
510500,0.154,0.011,0.835
511000,0.114,0.026,0.860
511500,0.123,0.018,0.859
512000,0.142,0.017,0.841
512500,0.149,0.005,0.846
513000,0.122,0.008,0.869
513500,0.096,0.026,0.878
514000,0.100,0.013,0.887
514500,0.097,0.011,0.892
515000,0.178,0.014,0.808
515500,0.167,0.001,0.833
516000,0.166,0.012,0.823
516500,0.182,0.018,0.799
517000,0.188,0.005,0.807
517500,0.179,0.007,0.814
518000,0.127,0.029,0.845
518500,0.086,0.033,0.882
519000,0.082,0.029,0.890
519500,0.079,0.035,0.887
520000,0.127,0.023,0.850
520500,0.133,0.013,0.855
521000,0.080,0.058,0.862
521500,0.060,0.049,0.890
522000,0.051,0.042,0.908
522500,0.077,0.039,0.883
523000,0.042,0.084,0.874
523500,0.061,0.071,0.868
524000,0.077,0.043,0.881
524500,0.115,0.028,0.858
525000,0.078,0.024,0.898
525500,0.087,0.015,0.899
526000,0.100,0.033,0.868
526500,0.140,0.012,0.849
527000,0.132,0.013,0.855
527500,0.120,0.004,0.877
528000,0.138,0.009,0.854
528500,0.140,0.009,0.852
529000,0.150,0.019,0.831
529500,0.123,0.012,0.865
530000,0.113,0.028,0.859
530500,0.105,0.036,0.859
531000,0.106,0.045,0.849
531500,0.086,0.022,0.892
532000,0.084,0.022,0.894
532500,0.111,0.016,0.873
533000,0.118,0.029,0.853
533500,0.127,0.014,0.859
534000,0.138,0.018,0.844
534500,0.164,0.015,0.822
535000,0.120,0.001,0.879
535500,0.179,0.011,0.810
536000,0.150,0.011,0.839
536500,0.185,0.009,0.806
537000,0.155,0.021,0.823
537500,0.163,0.006,0.831
538000,0.155,0.015,0.830
538500,0.136,0.013,0.852
539000,0.180,0.009,0.811
539500,0.170,0.006,0.824
540000,0.139,0.000,0.861
540500,0.195,0.001,0.805
541000,0.158,0.001,0.842
541500,0.135,0.013,0.852
542000,0.132,0.011,0.858
542500,0.150,0.012,0.838
543000,0.112,0.004,0.885
543500,0.118,0.013,0.870
544000,0.154,0.013,0.833
544500,0.175,0.020,0.804
545000,0.164,0.002,0.834
545500,0.213,0.000,0.786
546000,0.132,0.013,0.855
546500,0.173,0.015,0.811
547000,0.140,0.008,0.852
547500,0.139,0.021,0.841
548000,0.141,0.026,0.833
548500,0.134,0.006,0.860
549000,0.147,0.011,0.843
549500,0.124,0.007,0.869
550000,0.110,0.023,0.867
550500,0.088,0.036,0.876
551000,0.152,0.013,0.834
551500,0.193,0.008,0.799
552000,0.127,0.005,0.868
552500,0.138,0.015,0.848
553000,0.203,0.000,0.796
553500,0.123,0.041,0.836
554000,0.099,0.040,0.861
554500,0.114,0.014,0.872
555000,0.138,0.012,0.850
555500,0.121,0.018,0.861
556000,0.130,0.009,0.862
556500,0.110,0.015,0.875
557000,0.140,0.026,0.834
557500,0.113,0.015,0.872
558000,0.133,0.008,0.859
558500,0.098,0.029,0.873
559000,0.123,0.022,0.855
559500,0.137,0.010,0.853
560000,0.163,0.002,0.836
560500,0.195,0.000,0.805
561000,0.188,0.000,0.812
561500,0.137,0.009,0.854
562000,0.142,0.001,0.857
562500,0.167,0.007,0.827
563000,0.174,0.005,0.821
563500,0.179,0.004,0.817
564000,0.160,0.003,0.838
564500,0.118,0.004,0.879
565000,0.157,0.009,0.834
565500,0.171,0.004,0.825
566000,0.207,0.000,0.792
566500,0.191,0.000,0.809
567000,0.223,0.002,0.776
567500,0.209,0.001,0.790
568000,0.165,0.011,0.824
568500,0.176,0.001,0.824
569000,0.203,0.000,0.796
569500,0.179,0.000,0.821
570000,0.183,0.006,0.810
570500,0.187,0.001,0.812
571000,0.172,0.007,0.821
571500,0.162,0.011,0.828
572000,0.147,0.004,0.850
572500,0.137,0.007,0.856
573000,0.151,0.001,0.848
573500,0.154,0.003,0.843
574000,0.177,0.000,0.823
574500,0.193,0.000,0.807
575000,0.180,0.000,0.820
575500,0.168,0.010,0.823
576000,0.173,0.002,0.826
576500,0.174,0.012,0.814
577000,0.168,0.001,0.832
577500,0.128,0.018,0.854
578000,0.187,0.006,0.807
578500,0.152,0.004,0.844
579000,0.056,0.035,0.909
579500,0.077,0.040,0.882
580000,0.121,0.021,0.858
580500,0.087,0.060,0.853
581000,0.089,0.044,0.866
581500,0.080,0.022,0.898
582000,0.078,0.043,0.879
582500,0.081,0.040,0.879
583000,0.138,0.011,0.851
583500,0.168,0.005,0.827
584000,0.129,0.017,0.854
584500,0.150,0.007,0.842
585000,0.176,0.003,0.821
585500,0.154,0.002,0.845
586000,0.191,0.005,0.804
586500,0.141,0.006,0.852
587000,0.141,0.013,0.845
587500,0.121,0.040,0.840
588000,0.142,0.017,0.841
588500,0.162,0.018,0.820
589000,0.179,0.002,0.819
589500,0.180,0.001,0.820
590000,0.184,0.000,0.816
590500,0.181,0.000,0.819
591000,0.203,0.000,0.796
591500,0.197,0.007,0.796
592000,0.201,0.004,0.795
592500,0.140,0.001,0.860
593000,0.136,0.011,0.853
593500,0.204,0.002,0.794
594000,0.156,0.006,0.838
594500,0.165,0.003,0.833
595000,0.108,0.006,0.886
595500,0.172,0.004,0.824
596000,0.178,0.003,0.819
596500,0.150,0.009,0.841
597000,0.142,0.011,0.847
597500,0.168,0.003,0.830
598000,0.169,0.003,0.829
598500,0.142,0.005,0.853
599000,0.175,0.003,0.822
599500,0.157,0.011,0.833
600000,0.092,0.040,0.869
600500,0.081,0.030,0.889
601000,0.081,0.026,0.893
601500,0.115,0.019,0.866
602000,0.176,0.008,0.816
602500,0.182,0.004,0.814
603000,0.145,0.010,0.845
603500,0.221,0.004,0.776
604000,0.248,0.000,0.752
604500,0.169,0.003,0.829
605000,0.165,0.004,0.831
605500,0.164,0.004,0.832
606000,0.192,0.007,0.801
606500,0.180,0.004,0.816
607000,0.207,0.004,0.789
607500,0.187,0.001,0.812
608000,0.178,0.017,0.806
608500,0.168,0.012,0.821
609000,0.118,0.009,0.873
609500,0.158,0.011,0.832
610000,0.133,0.003,0.865
610500,0.160,0.003,0.838
611000,0.117,0.018,0.865
611500,0.102,0.010,0.888
612000,0.150,0.017,0.834
612500,0.104,0.025,0.872
613000,0.084,0.024,0.893
613500,0.135,0.021,0.844
614000,0.205,0.017,0.779
614500,0.160,0.002,0.839
615000,0.113,0.029,0.858
615500,0.067,0.039,0.894
616000,0.106,0.028,0.866
616500,0.083,0.018,0.899
617000,0.091,0.013,0.896
617500,0.116,0.037,0.847
618000,0.100,0.025,0.876
618500,0.159,0.024,0.818
619000,0.145,0.004,0.852
619500,0.191,0.014,0.795
620000,0.173,0.001,0.827
620500,0.148,0.001,0.851
621000,0.158,0.001,0.842
621500,0.150,0.004,0.846
622000,0.155,0.003,0.843
622500,0.130,0.024,0.846
623000,0.138,0.023,0.839
623500,0.113,0.024,0.863
624000,0.104,0.015,0.881
624500,0.146,0.012,0.842
625000,0.159,0.010,0.832
625500,0.143,0.029,0.828
626000,0.114,0.015,0.872
626500,0.143,0.006,0.851
627000,0.102,0.022,0.876
627500,0.141,0.008,0.851
628000,0.141,0.007,0.852
628500,0.250,0.002,0.749
629000,0.210,0.001,0.790
629500,0.205,0.001,0.794
630000,0.160,0.011,0.830
630500,0.153,0.005,0.841
631000,0.227,0.000,0.773
631500,0.143,0.000,0.857
632000,0.133,0.011,0.856
632500,0.084,0.022,0.894
633000,0.104,0.025,0.872
633500,0.089,0.027,0.883
634000,0.118,0.014,0.868
634500,0.148,0.012,0.840
635000,0.194,0.004,0.802
635500,0.183,0.013,0.804
636000,0.183,0.002,0.815
636500,0.193,0.008,0.799
637000,0.148,0.004,0.849
637500,0.165,0.006,0.830
638000,0.153,0.005,0.842
638500,0.217,0.001,0.783
639000,0.210,0.006,0.783
639500,0.157,0.005,0.838
640000,0.128,0.008,0.865
640500,0.190,0.009,0.801
641000,0.151,0.002,0.848
641500,0.155,0.010,0.835
642000,0.182,0.004,0.815
642500,0.221,0.001,0.778
643000,0.215,0.000,0.785
643500,0.169,0.000,0.831
644000,0.181,0.005,0.814
644500,0.178,0.011,0.811
645000,0.202,0.005,0.793
645500,0.177,0.006,0.816
646000,0.169,0.013,0.819
646500,0.089,0.021,0.889
647000,0.113,0.040,0.848
647500,0.074,0.025,0.901
648000,0.107,0.009,0.883
648500,0.099,0.021,0.880
649000,0.107,0.025,0.868
649500,0.102,0.022,0.876
650000,0.112,0.008,0.880
650500,0.086,0.040,0.875
651000,0.051,0.069,0.880
651500,0.085,0.018,0.897
652000,0.146,0.015,0.838
652500,0.163,0.004,0.834
653000,0.159,0.004,0.837
653500,0.127,0.006,0.867
654000,0.181,0.002,0.818
654500,0.130,0.011,0.860
655000,0.139,0.013,0.848
655500,0.144,0.011,0.845
656000,0.133,0.002,0.866
656500,0.190,0.001,0.809
657000,0.208,0.001,0.792
657500,0.227,0.000,0.773
658000,0.226,0.001,0.774
658500,0.238,0.000,0.762
659000,0.161,0.000,0.840
659500,0.114,0.015,0.872
660000,0.116,0.030,0.854
660500,0.087,0.038,0.875
661000,0.052,0.041,0.907
661500,0.057,0.056,0.887
662000,0.055,0.059,0.886
662500,0.057,0.040,0.903
663000,0.092,0.050,0.859
663500,0.082,0.025,0.893
664000,0.088,0.035,0.877
664500,0.074,0.056,0.870
665000,0.092,0.027,0.880
665500,0.086,0.025,0.889
666000,0.135,0.011,0.855
666500,0.124,0.013,0.862
667000,0.137,0.016,0.847
667500,0.157,0.015,0.828
668000,0.092,0.029,0.879
668500,0.064,0.057,0.879
669000,0.043,0.059,0.897
669500,0.102,0.029,0.869
670000,0.184,0.009,0.806
670500,0.132,0.014,0.855
671000,0.167,0.002,0.832
671500,0.169,0.001,0.831
672000,0.174,0.009,0.817
672500,0.142,0.002,0.856
673000,0.188,0.003,0.810
673500,0.162,0.011,0.828
674000,0.127,0.004,0.869
674500,0.139,0.025,0.836
675000,0.175,0.013,0.811
675500,0.137,0.017,0.847
676000,0.114,0.013,0.873
676500,0.140,0.002,0.859
677000,0.126,0.015,0.860
677500,0.113,0.017,0.871
678000,0.115,0.017,0.869
678500,0.162,0.021,0.817
679000,0.130,0.011,0.859
679500,0.140,0.004,0.856
680000,0.191,0.001,0.808
680500,0.260,0.000,0.740
681000,0.220,0.015,0.766
681500,0.224,0.002,0.774
682000,0.161,0.002,0.838
682500,0.167,0.004,0.829
683000,0.150,0.012,0.838
683500,0.173,0.003,0.825
684000,0.212,0.005,0.782
684500,0.184,0.002,0.814
685000,0.172,0.009,0.820
685500,0.183,0.001,0.816
686000,0.144,0.001,0.856
686500,0.124,0.011,0.864
687000,0.117,0.011,0.873
687500,0.124,0.012,0.864
688000,0.131,0.005,0.864
688500,0.186,0.017,0.798
689000,0.125,0.015,0.860
689500,0.117,0.021,0.862
690000,0.111,0.009,0.880
690500,0.103,0.022,0.874
691000,0.064,0.047,0.889
691500,0.035,0.059,0.907
692000,0.050,0.057,0.894
692500,0.029,0.054,0.916
693000,0.056,0.049,0.895
693500,0.072,0.029,0.898
694000,0.047,0.078,0.875
694500,0.048,0.071,0.881
695000,0.034,0.061,0.904
695500,0.059,0.051,0.890
696000,0.075,0.027,0.897
696500,0.082,0.046,0.872
697000,0.113,0.010,0.877
697500,0.126,0.032,0.843
698000,0.140,0.011,0.849
698500,0.144,0.016,0.840
699000,0.162,0.009,0.830
699500,0.140,0.006,0.855
700000,0.133,0.015,0.853
700500,0.141,0.028,0.831
701000,0.125,0.014,0.861
701500,0.071,0.079,0.851
702000,0.103,0.043,0.854
702500,0.123,0.017,0.860
703000,0.065,0.055,0.880
703500,0.092,0.025,0.883
704000,0.087,0.030,0.882
704500,0.059,0.069,0.873
705000,0.117,0.024,0.859
705500,0.093,0.017,0.891
706000,0.107,0.017,0.875
706500,0.127,0.003,0.871
707000,0.189,0.003,0.808
707500,0.141,0.021,0.838
708000,0.147,0.008,0.845
708500,0.162,0.002,0.837
709000,0.190,0.004,0.806
709500,0.150,0.011,0.839
710000,0.122,0.026,0.851
710500,0.120,0.014,0.866
711000,0.147,0.002,0.851
711500,0.139,0.009,0.852
712000,0.154,0.018,0.828
712500,0.137,0.011,0.853
713000,0.142,0.011,0.847
713500,0.140,0.003,0.858
714000,0.123,0.017,0.860
714500,0.124,0.005,0.871
715000,0.115,0.018,0.867
715500,0.066,0.059,0.875
716000,0.104,0.026,0.870
716500,0.132,0.015,0.854
717000,0.138,0.007,0.855
717500,0.163,0.011,0.827
718000,0.167,0.004,0.829
718500,0.203,0.009,0.788
719000,0.191,0.002,0.808
719500,0.177,0.005,0.817
720000,0.196,0.001,0.803
720500,0.170,0.009,0.821
721000,0.136,0.015,0.850
721500,0.143,0.014,0.843
722000,0.124,0.021,0.854
722500,0.119,0.011,0.870
723000,0.211,0.007,0.781
723500,0.167,0.006,0.827
724000,0.151,0.002,0.847
724500,0.177,0.009,0.814
725000,0.152,0.003,0.845
725500,0.136,0.018,0.846
726000,0.095,0.011,0.894
726500,0.131,0.011,0.859
727000,0.155,0.021,0.823
727500,0.105,0.012,0.882
728000,0.114,0.009,0.877
728500,0.127,0.011,0.862
729000,0.149,0.011,0.841
729500,0.179,0.003,0.818
730000,0.138,0.007,0.855
730500,0.128,0.015,0.857
731000,0.152,0.015,0.832
731500,0.203,0.003,0.794
732000,0.171,0.007,0.822
732500,0.169,0.009,0.823
733000,0.110,0.021,0.869
733500,0.131,0.006,0.863
734000,0.172,0.000,0.828
734500,0.196,0.000,0.804
735000,0.163,0.008,0.830
735500,0.159,0.001,0.841
736000,0.124,0.006,0.869
736500,0.195,0.003,0.802
737000,0.221,0.001,0.779
737500,0.203,0.004,0.793
738000,0.215,0.000,0.784
738500,0.212,0.007,0.781
739000,0.168,0.006,0.826
739500,0.149,0.007,0.843
740000,0.141,0.013,0.846
740500,0.147,0.015,0.838
741000,0.106,0.018,0.875
741500,0.135,0.001,0.864
742000,0.211,0.003,0.786
742500,0.209,0.008,0.782
743000,0.158,0.001,0.841
743500,0.145,0.010,0.845
744000,0.163,0.015,0.823
744500,0.171,0.004,0.825
745000,0.164,0.000,0.837
745500,0.162,0.000,0.838
746000,0.202,0.003,0.795
746500,0.147,0.001,0.853
747000,0.099,0.033,0.869
747500,0.141,0.026,0.833
748000,0.193,0.012,0.795
748500,0.172,0.010,0.818
749000,0.129,0.011,0.860
749500,0.128,0.011,0.861
750000,0.151,0.021,0.828
750500,0.115,0.024,0.861
751000,0.123,0.006,0.870
751500,0.154,0.006,0.840
752000,0.196,0.001,0.804
752500,0.158,0.000,0.843
753000,0.198,0.000,0.802
753500,0.133,0.013,0.854
754000,0.155,0.010,0.835
754500,0.118,0.004,0.878
755000,0.192,0.002,0.806
755500,0.154,0.009,0.836
756000,0.125,0.032,0.843
756500,0.114,0.006,0.880
757000,0.139,0.006,0.855
757500,0.141,0.021,0.839
758000,0.127,0.009,0.864
758500,0.139,0.021,0.840
759000,0.136,0.011,0.853
759500,0.162,0.006,0.832
760000,0.127,0.011,0.862
760500,0.159,0.009,0.832
761000,0.216,0.003,0.780
761500,0.191,0.004,0.805
762000,0.209,0.001,0.791
762500,0.114,0.030,0.856
763000,0.108,0.038,0.853
763500,0.129,0.022,0.849
764000,0.140,0.018,0.843
764500,0.126,0.004,0.870
765000,0.132,0.009,0.860
765500,0.161,0.004,0.836
766000,0.090,0.043,0.867
766500,0.071,0.035,0.893
767000,0.086,0.029,0.884
767500,0.086,0.038,0.876
768000,0.073,0.019,0.907
768500,0.058,0.026,0.916
769000,0.049,0.113,0.839
769500,0.033,0.087,0.880
770000,0.021,0.068,0.911
770500,0.022,0.104,0.873
771000,0.048,0.118,0.834
771500,0.028,0.112,0.861
772000,0.021,0.111,0.868
772500,0.050,0.064,0.886
773000,0.039,0.081,0.880
773500,0.092,0.047,0.861
774000,0.103,0.026,0.870
774500,0.121,0.013,0.867
775000,0.132,0.018,0.850
775500,0.143,0.014,0.843
776000,0.155,0.001,0.844
776500,0.116,0.005,0.879
777000,0.091,0.037,0.871
777500,0.061,0.057,0.882
778000,0.064,0.057,0.879
778500,0.084,0.033,0.883
779000,0.101,0.018,0.882
779500,0.120,0.018,0.861
780000,0.128,0.021,0.852
780500,0.139,0.021,0.841
781000,0.142,0.013,0.845
781500,0.139,0.012,0.849
782000,0.178,0.004,0.818
782500,0.172,0.011,0.817
783000,0.149,0.007,0.843
783500,0.180,0.001,0.819
784000,0.152,0.013,0.835
784500,0.115,0.006,0.879
785000,0.159,0.001,0.841
785500,0.149,0.006,0.845
786000,0.107,0.016,0.877
786500,0.119,0.024,0.857
787000,0.128,0.022,0.850
787500,0.122,0.013,0.865
788000,0.113,0.007,0.880
788500,0.130,0.025,0.846
789000,0.155,0.017,0.828
789500,0.103,0.013,0.884
790000,0.146,0.019,0.835
790500,0.167,0.004,0.830
791000,0.152,0.012,0.836
791500,0.150,0.007,0.843
792000,0.152,0.007,0.840
792500,0.145,0.015,0.840
793000,0.134,0.021,0.846
793500,0.126,0.004,0.870
794000,0.166,0.016,0.819
794500,0.121,0.004,0.875
795000,0.130,0.002,0.868
795500,0.141,0.020,0.839
796000,0.131,0.017,0.852
796500,0.113,0.025,0.862
797000,0.105,0.015,0.880
797500,0.100,0.032,0.868
798000,0.153,0.023,0.824
798500,0.205,0.001,0.794
799000,0.196,0.001,0.804
799500,0.173,0.000,0.827
800000,0.167,0.003,0.831
800500,0.163,0.004,0.834
801000,0.188,0.001,0.812
801500,0.198,0.000,0.802
802000,0.182,0.008,0.809
802500,0.176,0.006,0.818
803000,0.202,0.007,0.791
803500,0.162,0.001,0.838
804000,0.196,0.000,0.804
804500,0.159,0.002,0.840
805000,0.177,0.014,0.809
805500,0.216,0.002,0.782
806000,0.123,0.013,0.864
806500,0.100,0.023,0.877
807000,0.102,0.019,0.879
807500,0.116,0.009,0.875
808000,0.174,0.003,0.823
808500,0.176,0.009,0.815
809000,0.110,0.005,0.885
809500,0.159,0.002,0.840
810000,0.188,0.007,0.805
810500,0.198,0.001,0.801
811000,0.185,0.013,0.801
811500,0.175,0.001,0.825
812000,0.157,0.001,0.843
812500,0.142,0.007,0.851
813000,0.146,0.005,0.849
813500,0.174,0.000,0.826
814000,0.162,0.000,0.839
814500,0.150,0.010,0.840
815000,0.131,0.025,0.845
815500,0.107,0.029,0.864
816000,0.113,0.022,0.865
816500,0.114,0.023,0.863
817000,0.111,0.024,0.866
817500,0.073,0.051,0.876
818000,0.059,0.055,0.886
818500,0.083,0.050,0.868
819000,0.065,0.048,0.888
819500,0.064,0.049,0.887
820000,0.065,0.058,0.877
820500,0.091,0.057,0.853
821000,0.140,0.015,0.846
821500,0.186,0.004,0.810
822000,0.166,0.011,0.823
822500,0.117,0.005,0.877
823000,0.133,0.018,0.850
823500,0.201,0.008,0.791
824000,0.132,0.012,0.857
824500,0.126,0.013,0.862
825000,0.111,0.018,0.871
825500,0.105,0.023,0.871
826000,0.130,0.015,0.855
826500,0.147,0.017,0.836
827000,0.141,0.004,0.855
827500,0.153,0.020,0.827
828000,0.147,0.013,0.841
828500,0.132,0.015,0.854
829000,0.124,0.009,0.868
829500,0.118,0.025,0.857
830000,0.170,0.004,0.826
830500,0.167,0.004,0.830
831000,0.201,0.002,0.797
831500,0.196,0.007,0.797
832000,0.124,0.011,0.866
832500,0.135,0.010,0.855
833000,0.124,0.020,0.855
833500,0.118,0.011,0.872
834000,0.143,0.007,0.849
834500,0.240,0.004,0.757
835000,0.167,0.001,0.833
835500,0.163,0.002,0.836
836000,0.173,0.013,0.815
836500,0.121,0.013,0.865
837000,0.078,0.035,0.887
837500,0.070,0.034,0.896
838000,0.093,0.019,0.888
838500,0.129,0.013,0.858
839000,0.093,0.017,0.891
839500,0.089,0.037,0.873
840000,0.060,0.041,0.898
840500,0.134,0.007,0.859
841000,0.127,0.013,0.861
841500,0.173,0.005,0.822
842000,0.182,0.009,0.809
842500,0.175,0.007,0.818
843000,0.177,0.005,0.818
843500,0.144,0.004,0.852
844000,0.190,0.001,0.809
844500,0.209,0.000,0.791
845000,0.170,0.004,0.826
845500,0.206,0.001,0.794
846000,0.145,0.013,0.841
846500,0.121,0.025,0.853
847000,0.108,0.011,0.881
847500,0.135,0.011,0.854
848000,0.137,0.035,0.828
848500,0.137,0.007,0.856
849000,0.156,0.001,0.843
849500,0.104,0.032,0.863
850000,0.143,0.018,0.839
850500,0.091,0.011,0.897
851000,0.126,0.006,0.869
851500,0.161,0.004,0.836
852000,0.192,0.009,0.800
852500,0.185,0.003,0.812
853000,0.124,0.015,0.862
853500,0.130,0.017,0.854
854000,0.104,0.011,0.885
854500,0.079,0.025,0.896
855000,0.089,0.042,0.869
855500,0.089,0.019,0.892
856000,0.127,0.015,0.858
856500,0.135,0.014,0.851
857000,0.136,0.011,0.854
857500,0.144,0.025,0.831
858000,0.140,0.004,0.856
858500,0.116,0.003,0.881
859000,0.159,0.013,0.829
859500,0.095,0.024,0.882
860000,0.088,0.015,0.897
860500,0.165,0.009,0.826
861000,0.185,0.001,0.814
861500,0.160,0.000,0.841
862000,0.085,0.040,0.875
862500,0.080,0.016,0.904
863000,0.092,0.022,0.885
863500,0.098,0.017,0.885
864000,0.166,0.010,0.825
864500,0.150,0.011,0.839
865000,0.163,0.004,0.834
865500,0.115,0.008,0.877
866000,0.111,0.015,0.874
866500,0.148,0.011,0.841
867000,0.123,0.023,0.854
867500,0.150,0.009,0.840
868000,0.095,0.035,0.870
868500,0.101,0.024,0.875
869000,0.071,0.029,0.899
869500,0.077,0.019,0.903
870000,0.070,0.041,0.889
870500,0.066,0.032,0.902
871000,0.087,0.030,0.882
871500,0.094,0.028,0.878
872000,0.091,0.021,0.888
872500,0.148,0.010,0.842
873000,0.137,0.015,0.849
873500,0.162,0.022,0.816
874000,0.124,0.018,0.857
874500,0.123,0.016,0.861
875000,0.176,0.011,0.813
875500,0.156,0.010,0.834
876000,0.149,0.017,0.835
876500,0.179,0.009,0.811
877000,0.072,0.030,0.897
877500,0.112,0.014,0.874
878000,0.180,0.003,0.817
878500,0.184,0.001,0.816
879000,0.198,0.000,0.802
879500,0.201,0.000,0.799
880000,0.134,0.005,0.861
880500,0.148,0.005,0.847
881000,0.173,0.001,0.827
881500,0.193,0.000,0.807
882000,0.192,0.003,0.806
882500,0.195,0.000,0.805
883000,0.155,0.009,0.836
883500,0.114,0.024,0.863
884000,0.112,0.022,0.866
884500,0.159,0.006,0.835
885000,0.097,0.025,0.878
885500,0.074,0.027,0.899
886000,0.105,0.026,0.869
886500,0.063,0.056,0.882
887000,0.129,0.014,0.857
887500,0.134,0.019,0.847
888000,0.129,0.012,0.859
888500,0.137,0.004,0.859
889000,0.135,0.019,0.846
889500,0.128,0.005,0.867
890000,0.170,0.011,0.820
890500,0.135,0.010,0.855
891000,0.160,0.023,0.818
891500,0.159,0.006,0.835
892000,0.172,0.007,0.820
892500,0.140,0.001,0.860
893000,0.127,0.008,0.865
893500,0.112,0.005,0.883
894000,0.078,0.030,0.892
894500,0.062,0.034,0.904
895000,0.108,0.022,0.870
895500,0.126,0.031,0.844
896000,0.157,0.013,0.830
896500,0.195,0.007,0.798
897000,0.221,0.016,0.763
897500,0.160,0.009,0.832
898000,0.103,0.015,0.883
898500,0.083,0.030,0.887
899000,0.099,0.025,0.876
899500,0.113,0.027,0.860
900000,0.108,0.009,0.882
900500,0.152,0.009,0.839
901000,0.126,0.007,0.867
901500,0.180,0.007,0.812
902000,0.188,0.001,0.811
902500,0.157,0.005,0.839
903000,0.124,0.015,0.860
903500,0.175,0.013,0.812
904000,0.141,0.028,0.831
904500,0.140,0.013,0.848
905000,0.098,0.021,0.881
905500,0.086,0.067,0.847
906000,0.097,0.014,0.889
906500,0.108,0.041,0.850
907000,0.075,0.021,0.904
907500,0.085,0.038,0.877
908000,0.070,0.076,0.855
908500,0.073,0.031,0.895
909000,0.091,0.045,0.863
909500,0.072,0.044,0.884
910000,0.155,0.014,0.831
910500,0.143,0.025,0.832
911000,0.124,0.017,0.859
911500,0.186,0.001,0.812
912000,0.185,0.001,0.814
912500,0.166,0.004,0.830
913000,0.157,0.006,0.837
913500,0.132,0.005,0.863
914000,0.158,0.007,0.835
914500,0.154,0.007,0.839
915000,0.159,0.005,0.836
915500,0.150,0.013,0.837
916000,0.164,0.009,0.828
916500,0.134,0.005,0.861
917000,0.173,0.012,0.815
917500,0.186,0.006,0.808
918000,0.197,0.001,0.802
918500,0.174,0.018,0.808
919000,0.147,0.015,0.838
919500,0.092,0.022,0.885
920000,0.117,0.018,0.865
920500,0.120,0.020,0.860
921000,0.171,0.010,0.819
921500,0.133,0.005,0.862
922000,0.153,0.001,0.846
922500,0.203,0.002,0.796
923000,0.214,0.000,0.786
923500,0.191,0.009,0.799
924000,0.149,0.007,0.844
924500,0.193,0.013,0.794
925000,0.161,0.001,0.839
925500,0.165,0.005,0.830
926000,0.111,0.010,0.879
926500,0.151,0.009,0.840
927000,0.123,0.026,0.851
927500,0.164,0.006,0.830
928000,0.141,0.003,0.856
928500,0.116,0.024,0.860
929000,0.113,0.013,0.875
929500,0.098,0.031,0.871
930000,0.141,0.009,0.850
930500,0.190,0.025,0.785
931000,0.123,0.031,0.846
931500,0.076,0.064,0.860
932000,0.029,0.103,0.869
932500,0.040,0.094,0.866
933000,0.034,0.097,0.870
933500,0.065,0.054,0.881
934000,0.082,0.081,0.838
934500,0.079,0.042,0.879
935000,0.055,0.071,0.874
935500,0.042,0.083,0.875
936000,0.029,0.115,0.856
936500,0.022,0.118,0.860
937000,0.024,0.132,0.845
937500,0.036,0.099,0.865
938000,0.075,0.075,0.850
938500,0.055,0.086,0.859
939000,0.027,0.123,0.849
939500,0.021,0.144,0.835
940000,0.043,0.088,0.869
940500,0.095,0.024,0.881
941000,0.073,0.040,0.887
941500,0.061,0.074,0.865
942000,0.085,0.036,0.879
942500,0.120,0.018,0.861
943000,0.113,0.036,0.851
943500,0.145,0.009,0.845
944000,0.203,0.001,0.796
944500,0.182,0.004,0.814
945000,0.163,0.015,0.822
945500,0.135,0.005,0.860
946000,0.177,0.008,0.815
946500,0.135,0.018,0.848
947000,0.169,0.013,0.818
947500,0.192,0.004,0.805
948000,0.166,0.001,0.834
948500,0.122,0.009,0.869
949000,0.145,0.016,0.839
949500,0.155,0.018,0.828
950000,0.149,0.004,0.846
950500,0.156,0.005,0.839
951000,0.154,0.004,0.842
951500,0.119,0.022,0.859
952000,0.141,0.027,0.832
952500,0.160,0.007,0.833
953000,0.168,0.010,0.823
953500,0.113,0.009,0.879
954000,0.171,0.000,0.829
954500,0.184,0.002,0.814
955000,0.119,0.012,0.869
955500,0.159,0.004,0.837
956000,0.161,0.001,0.839
956500,0.144,0.004,0.853
957000,0.144,0.011,0.846
957500,0.177,0.005,0.817
958000,0.170,0.005,0.826
958500,0.189,0.007,0.804
959000,0.162,0.008,0.831
959500,0.154,0.009,0.837
960000,0.164,0.023,0.814
960500,0.152,0.005,0.843
961000,0.145,0.009,0.847
961500,0.144,0.004,0.852
962000,0.106,0.015,0.879
962500,0.123,0.033,0.844
963000,0.123,0.004,0.873
963500,0.095,0.029,0.877
964000,0.081,0.045,0.874
964500,0.111,0.026,0.863
965000,0.108,0.035,0.857
965500,0.057,0.050,0.893
966000,0.127,0.036,0.837
966500,0.108,0.029,0.862
967000,0.144,0.030,0.826
967500,0.066,0.027,0.907
968000,0.057,0.041,0.903
968500,0.099,0.052,0.849
969000,0.086,0.030,0.884
969500,0.107,0.026,0.866
970000,0.079,0.035,0.886
970500,0.068,0.013,0.920
971000,0.132,0.016,0.853
971500,0.120,0.025,0.854
972000,0.117,0.007,0.876
972500,0.108,0.013,0.879
973000,0.101,0.035,0.864
973500,0.098,0.021,0.881
974000,0.097,0.035,0.868
974500,0.099,0.022,0.879
975000,0.100,0.027,0.873
975500,0.100,0.021,0.880
976000,0.136,0.005,0.859
976500,0.193,0.006,0.800
977000,0.155,0.014,0.831
977500,0.160,0.009,0.831
978000,0.167,0.001,0.833
978500,0.186,0.002,0.812
979000,0.225,0.000,0.775
979500,0.164,0.002,0.835
980000,0.146,0.010,0.844
980500,0.179,0.010,0.810
981000,0.136,0.002,0.863
981500,0.172,0.004,0.824
982000,0.186,0.009,0.804
982500,0.162,0.002,0.837
983000,0.173,0.001,0.826
983500,0.192,0.017,0.792
984000,0.152,0.009,0.839
984500,0.176,0.002,0.822
985000,0.164,0.001,0.836
985500,0.174,0.003,0.823
986000,0.192,0.004,0.804
986500,0.170,0.001,0.829
987000,0.170,0.002,0.829
987500,0.147,0.004,0.849
988000,0.160,0.004,0.836
988500,0.162,0.010,0.829
989000,0.172,0.004,0.824
989500,0.177,0.002,0.821
990000,0.169,0.004,0.827
990500,0.178,0.001,0.821
991000,0.208,0.001,0.792
991500,0.145,0.015,0.840
992000,0.145,0.005,0.850
992500,0.162,0.007,0.831
993000,0.077,0.037,0.885
993500,0.087,0.026,0.887
994000,0.145,0.012,0.843
994500,0.090,0.041,0.870
995000,0.137,0.028,0.835
995500,0.086,0.042,0.873
996000,0.064,0.028,0.908
996500,0.081,0.051,0.868
997000,0.081,0.052,0.867
997500,0.073,0.050,0.877
998000,0.041,0.084,0.876
998500,0.059,0.066,0.876
999000,0.035,0.090,0.876
999500,0.051,0.073,0.876
1000000,0.072,0.043,0.884
