time,n_A+p,n_B,n_AB
100,0.359,0.433,0.207
200,0.309,0.419,0.272
300,0.286,0.369,0.346
400,0.240,0.355,0.406
500,0.189,0.355,0.456
600,0.157,0.346,0.498
700,0.171,0.341,0.488
800,0.194,0.341,0.465
900,0.207,0.281,0.512
1000,0.217,0.249,0.535
1100,0.189,0.300,0.512
1200,0.189,0.323,0.488
1300,0.194,0.300,0.507
1400,0.180,0.309,0.512
1500,0.184,0.373,0.442
1600,0.184,0.410,0.406
1700,0.152,0.433,0.415
1800,0.157,0.461,0.382
1900,0.083,0.488,0.429
2000,0.078,0.525,0.396
2100,0.065,0.544,0.392
2200,0.055,0.544,0.401
2300,0.037,0.548,0.415
2400,0.078,0.539,0.382
2500,0.074,0.539,0.387
2600,0.046,0.576,0.378
2700,0.060,0.581,0.359
2800,0.037,0.576,0.387
2900,0.014,0.576,0.410
3000,0.023,0.613,0.364
3100,0.023,0.627,0.350
3200,0.032,0.622,0.346
3300,0.037,0.613,0.350
3400,0.028,0.608,0.364
3500,0.028,0.622,0.350
3600,0.023,0.641,0.336
3700,0.041,0.608,0.350
3800,0.041,0.636,0.323
3900,0.046,0.613,0.341
4000,0.032,0.599,0.369
4100,0.065,0.613,0.323
4200,0.065,0.608,0.327
4300,0.055,0.677,0.267
4400,0.055,0.645,0.300
4500,0.055,0.608,0.336
4600,0.055,0.631,0.313
4700,0.065,0.576,0.359
4800,0.060,0.516,0.424
4900,0.051,0.530,0.419
5000,0.069,0.539,0.392
5100,0.069,0.548,0.382
5200,0.074,0.553,0.373
5300,0.065,0.608,0.327
5400,0.055,0.618,0.327
5500,0.046,0.590,0.364
5600,0.060,0.608,0.332
5700,0.078,0.576,0.346
5800,0.083,0.608,0.309
5900,0.065,0.544,0.392
6000,0.074,0.571,0.355
6100,0.069,0.567,0.364
6200,0.083,0.521,0.396
6300,0.120,0.484,0.396
6400,0.143,0.488,0.369
6500,0.120,0.470,0.410
6600,0.092,0.488,0.419
6700,0.074,0.488,0.438
6800,0.078,0.465,0.456
6900,0.106,0.461,0.433
7000,0.147,0.470,0.382
7100,0.143,0.539,0.318
7200,0.129,0.493,0.378
7300,0.138,0.465,0.396
7400,0.134,0.475,0.392
7500,0.157,0.475,0.369
7600,0.147,0.424,0.429
7700,0.147,0.415,0.438
7800,0.166,0.415,0.419
7900,0.157,0.452,0.392
8000,0.143,0.419,0.438
8100,0.097,0.484,0.419
8200,0.134,0.479,0.387
8300,0.124,0.488,0.387
8400,0.088,0.479,0.433
8500,0.088,0.493,0.419
8600,0.088,0.535,0.378
8700,0.060,0.562,0.378
8800,0.055,0.608,0.336
8900,0.055,0.627,0.318
9000,0.051,0.567,0.382
9100,0.055,0.590,0.355
9200,0.074,0.608,0.318
9300,0.069,0.613,0.318
9400,0.032,0.594,0.373
9500,0.032,0.576,0.392
9600,0.046,0.590,0.364
9700,0.037,0.627,0.336
9800,0.037,0.659,0.304
9900,0.018,0.636,0.346
10000,0.032,0.677,0.290
10100,0.028,0.696,0.276
10200,0.041,0.691,0.267
10300,0.037,0.696,0.267
10400,0.041,0.682,0.276
10500,0.037,0.673,0.290
10600,0.046,0.636,0.318
10700,0.051,0.618,0.332
10800,0.074,0.636,0.290
10900,0.074,0.636,0.290
11000,0.074,0.654,0.272
11100,0.055,0.687,0.258
11200,0.065,0.664,0.272
11300,0.051,0.659,0.290
11400,0.051,0.650,0.300
11500,0.065,0.631,0.304
11600,0.065,0.641,0.295
11700,0.078,0.585,0.336
11800,0.074,0.590,0.336
11900,0.065,0.585,0.350
12000,0.051,0.585,0.364
12100,0.055,0.576,0.369
12200,0.074,0.581,0.346
12300,0.055,0.608,0.336
12400,0.060,0.627,0.313
12500,0.074,0.604,0.323
12600,0.078,0.594,0.327
12700,0.069,0.594,0.336
12800,0.069,0.608,0.323
12900,0.074,0.608,0.318
13000,0.069,0.590,0.341
13100,0.074,0.641,0.286
13200,0.069,0.636,0.295
13300,0.088,0.622,0.290
13400,0.092,0.585,0.323
13500,0.074,0.576,0.350
13600,0.078,0.539,0.382
13700,0.060,0.548,0.392
13800,0.051,0.539,0.410
13900,0.041,0.548,0.410
14000,0.055,0.608,0.336
14100,0.083,0.590,0.327
14200,0.088,0.585,0.327
14300,0.097,0.576,0.327
14400,0.074,0.571,0.355
14500,0.069,0.608,0.323
14600,0.065,0.594,0.341
14700,0.078,0.608,0.313
14800,0.078,0.622,0.300
14900,0.046,0.622,0.332
15000,0.069,0.618,0.313
15100,0.060,0.641,0.300
15200,0.065,0.636,0.300
15300,0.051,0.608,0.341
15400,0.023,0.613,0.364
15500,0.023,0.627,0.350
15600,0.018,0.650,0.332
15700,0.051,0.618,0.332
15800,0.032,0.618,0.350
15900,0.028,0.641,0.332
16000,0.023,0.631,0.346
16100,0.018,0.581,0.401
16200,0.028,0.558,0.415
16300,0.037,0.608,0.355
16400,0.018,0.654,0.327
16500,0.032,0.673,0.295
16600,0.028,0.696,0.276
16700,0.018,0.710,0.272
16800,0.018,0.673,0.309
16900,0.032,0.728,0.240
17000,0.014,0.733,0.253
17100,0.018,0.724,0.258
17200,0.037,0.696,0.267
17300,0.032,0.700,0.267
17400,0.037,0.700,0.263
17500,0.023,0.724,0.253
17600,0.018,0.728,0.253
17700,0.028,0.756,0.217
17800,0.014,0.765,0.221
17900,0.023,0.788,0.189
18000,0.014,0.779,0.207
18100,0.009,0.770,0.221
18200,0.018,0.737,0.244
18300,0.028,0.760,0.212
18400,0.032,0.760,0.207
18500,0.028,0.756,0.217
18600,0.032,0.797,0.171
18700,0.023,0.802,0.175
18800,0.018,0.811,0.171
18900,0.018,0.783,0.198
19000,0.028,0.783,0.189
19100,0.028,0.788,0.184
19200,0.023,0.760,0.217
19300,0.018,0.742,0.240
19400,0.014,0.719,0.267
19500,0.028,0.668,0.304
19600,0.028,0.645,0.327
19700,0.028,0.636,0.336
19800,0.018,0.677,0.304
19900,0.018,0.668,0.313
20000,0.023,0.719,0.258
20100,0.014,0.687,0.300
20200,0.018,0.696,0.286
20300,0.018,0.682,0.300
20400,0.032,0.677,0.290
20500,0.037,0.677,0.286
20600,0.037,0.677,0.286
20700,0.041,0.631,0.327
20800,0.055,0.631,0.313
20900,0.032,0.631,0.336
21000,0.037,0.604,0.359
21100,0.065,0.650,0.286
21200,0.060,0.636,0.304
21300,0.046,0.613,0.341
21400,0.041,0.631,0.327
21500,0.051,0.618,0.332
21600,0.028,0.650,0.323
21700,0.032,0.650,0.318
21800,0.023,0.659,0.318
21900,0.041,0.641,0.318
22000,0.041,0.673,0.286
22100,0.028,0.673,0.300
22200,0.023,0.631,0.346
22300,0.028,0.677,0.295
22400,0.023,0.719,0.258
22500,0.014,0.710,0.276
22600,0.009,0.691,0.300
22700,0.014,0.659,0.327
22800,0.023,0.641,0.336
22900,0.032,0.641,0.327
23000,0.014,0.687,0.300
23100,0.023,0.714,0.263
23200,0.041,0.696,0.263
23300,0.028,0.673,0.300
23400,0.009,0.682,0.309
23500,0.028,0.700,0.272
23600,0.023,0.664,0.313
23700,0.014,0.677,0.309
23800,0.014,0.700,0.286
23900,0.005,0.710,0.286
24000,0.018,0.719,0.263
24100,0.028,0.765,0.207
24200,0.023,0.756,0.221
24300,0.014,0.765,0.221
24400,0.009,0.770,0.221
24500,0.009,0.724,0.267
24600,0.005,0.733,0.263
24700,0.005,0.733,0.263
24800,0.009,0.691,0.300
24900,0.018,0.705,0.276
25000,0.023,0.677,0.300
25100,0.028,0.654,0.318
25200,0.037,0.645,0.318
25300,0.018,0.682,0.300
25400,0.014,0.664,0.323
25500,0.023,0.650,0.327
25600,0.023,0.673,0.304
25700,0.014,0.719,0.267
25800,0.018,0.737,0.244
25900,0.018,0.719,0.263
26000,0.023,0.724,0.253
26100,0.018,0.724,0.258
26200,0.014,0.742,0.244
26300,0.014,0.728,0.258
26400,0.028,0.719,0.253
26500,0.032,0.696,0.272
26600,0.028,0.714,0.258
26700,0.014,0.760,0.226
26800,0.014,0.788,0.198
26900,0.014,0.783,0.203
27000,0.018,0.756,0.226
27100,0.009,0.737,0.253
27200,0.009,0.756,0.235
27300,0.014,0.806,0.180
27400,0.009,0.816,0.175
27500,0.009,0.802,0.189
27600,0.018,0.760,0.221
27700,0.018,0.765,0.217
27800,0.018,0.793,0.189
27900,0.018,0.751,0.230
28000,0.023,0.770,0.207
28100,0.018,0.793,0.189
28200,0.014,0.765,0.221
28300,0.009,0.806,0.184
28400,0.014,0.797,0.189
28500,0.018,0.783,0.198
28600,0.018,0.714,0.267
28700,0.018,0.696,0.286
28800,0.028,0.641,0.332
28900,0.023,0.645,0.332
29000,0.028,0.677,0.295
29100,0.018,0.682,0.300
29200,0.018,0.659,0.323
29300,0.018,0.724,0.258
29400,0.051,0.719,0.230
29500,0.055,0.700,0.244
29600,0.055,0.705,0.240
29700,0.037,0.724,0.240
29800,0.037,0.724,0.240
29900,0.018,0.733,0.249
30000,0.018,0.700,0.281
30100,0.046,0.696,0.258
30200,0.023,0.687,0.290
30300,0.023,0.659,0.318
30400,0.009,0.668,0.323
30500,0.014,0.659,0.327
30600,0.032,0.668,0.300
30700,0.065,0.645,0.290
30800,0.032,0.636,0.332
30900,0.037,0.631,0.332
31000,0.023,0.618,0.359
31100,0.046,0.613,0.341
31200,0.037,0.659,0.304
31300,0.051,0.691,0.258
31400,0.051,0.696,0.253
31500,0.037,0.714,0.249
31600,0.037,0.705,0.258
31700,0.051,0.696,0.253
31800,0.037,0.682,0.281
31900,0.014,0.673,0.313
32000,0.014,0.668,0.318
32100,0.055,0.622,0.323
32200,0.046,0.608,0.346
32300,0.078,0.585,0.336
32400,0.074,0.553,0.373
32500,0.069,0.576,0.355
32600,0.097,0.553,0.350
32700,0.097,0.571,0.332
32800,0.106,0.567,0.327
32900,0.115,0.502,0.382
33000,0.129,0.461,0.410
33100,0.115,0.475,0.410
33200,0.124,0.484,0.392
33300,0.120,0.438,0.442
33400,0.115,0.438,0.447
33500,0.106,0.433,0.461
33600,0.120,0.465,0.415
33700,0.092,0.456,0.452
33800,0.111,0.442,0.447
33900,0.106,0.429,0.465
34000,0.097,0.442,0.461
34100,0.092,0.470,0.438
34200,0.147,0.498,0.355
34300,0.129,0.470,0.401
34400,0.115,0.507,0.378
34500,0.115,0.516,0.369
34600,0.101,0.493,0.406
34700,0.097,0.539,0.364
34800,0.097,0.544,0.359
34900,0.097,0.571,0.332
35000,0.055,0.618,0.327
35100,0.083,0.622,0.295
35200,0.083,0.641,0.276
35300,0.092,0.687,0.221
35400,0.078,0.650,0.272
35500,0.065,0.654,0.281
35600,0.069,0.668,0.263
35700,0.069,0.645,0.286
35800,0.065,0.599,0.336
35900,0.092,0.622,0.286
36000,0.092,0.567,0.341
36100,0.060,0.544,0.396
36200,0.069,0.521,0.410
36300,0.106,0.512,0.382
36400,0.074,0.535,0.392
36500,0.078,0.571,0.350
36600,0.074,0.581,0.346
36700,0.083,0.539,0.378
36800,0.092,0.539,0.369
36900,0.092,0.475,0.433
37000,0.106,0.470,0.424
37100,0.138,0.502,0.359
37200,0.124,0.548,0.327
37300,0.111,0.516,0.373
37400,0.088,0.521,0.392
37500,0.083,0.521,0.396
37600,0.097,0.502,0.401
37700,0.092,0.493,0.415
37800,0.106,0.442,0.452
37900,0.101,0.452,0.447
38000,0.092,0.447,0.461
38100,0.092,0.465,0.442
38200,0.083,0.465,0.452
38300,0.069,0.493,0.438
38400,0.097,0.512,0.392
38500,0.097,0.525,0.378
38600,0.055,0.516,0.429
38700,0.060,0.539,0.401
38800,0.088,0.465,0.447
38900,0.088,0.484,0.429
39000,0.065,0.484,0.452
39100,0.060,0.539,0.401
39200,0.055,0.558,0.387
39300,0.055,0.631,0.313
39400,0.051,0.613,0.336
39500,0.023,0.618,0.359
39600,0.018,0.599,0.382
39700,0.046,0.553,0.401
39800,0.060,0.581,0.359
39900,0.051,0.553,0.396
40000,0.065,0.548,0.387
40100,0.083,0.567,0.350
40200,0.097,0.553,0.350
40300,0.115,0.544,0.341
40400,0.097,0.562,0.341
40500,0.078,0.581,0.341
40600,0.074,0.618,0.309
40700,0.078,0.553,0.369
40800,0.074,0.553,0.373
40900,0.078,0.567,0.355
41000,0.078,0.558,0.364
41100,0.078,0.581,0.341
41200,0.078,0.562,0.359
41300,0.078,0.525,0.396
41400,0.074,0.525,0.401
41500,0.060,0.535,0.406
41600,0.092,0.507,0.401
41700,0.115,0.502,0.382
41800,0.097,0.502,0.401
41900,0.088,0.539,0.373
42000,0.115,0.484,0.401
42100,0.115,0.507,0.378
42200,0.111,0.488,0.401
42300,0.097,0.470,0.433
42400,0.097,0.525,0.378
42500,0.074,0.488,0.438
42600,0.092,0.535,0.373
42700,0.088,0.516,0.396
42800,0.065,0.567,0.369
42900,0.032,0.576,0.392
43000,0.023,0.604,0.373
43100,0.032,0.631,0.336
43200,0.051,0.664,0.286
43300,0.046,0.645,0.309
43400,0.051,0.650,0.300
43500,0.065,0.664,0.272
43600,0.078,0.636,0.286
43700,0.046,0.622,0.332
43800,0.060,0.613,0.327
43900,0.046,0.636,0.318
44000,0.055,0.618,0.327
44100,0.060,0.530,0.410
44200,0.083,0.521,0.396
44300,0.092,0.493,0.415
44400,0.074,0.516,0.410
44500,0.092,0.502,0.406
44600,0.092,0.452,0.456
44700,0.097,0.456,0.447
44800,0.124,0.378,0.498
44900,0.143,0.359,0.498
45000,0.175,0.392,0.433
45100,0.129,0.401,0.470
45200,0.166,0.415,0.419
45300,0.138,0.341,0.521
45400,0.101,0.355,0.544
45500,0.101,0.387,0.512
45600,0.115,0.415,0.470
45700,0.147,0.410,0.442
45800,0.207,0.364,0.429
45900,0.180,0.341,0.479
46000,0.171,0.336,0.493
46100,0.180,0.336,0.484
46200,0.175,0.336,0.488
46300,0.147,0.382,0.470
46400,0.143,0.392,0.465
46500,0.129,0.392,0.479
46600,0.129,0.401,0.470
46700,0.157,0.419,0.424
46800,0.134,0.447,0.419
46900,0.101,0.502,0.396
47000,0.097,0.498,0.406
47100,0.115,0.470,0.415
47200,0.120,0.498,0.382
47300,0.120,0.512,0.369
47400,0.101,0.525,0.373
47500,0.106,0.516,0.378
47600,0.083,0.567,0.350
47700,0.088,0.604,0.309
47800,0.083,0.581,0.336
47900,0.078,0.576,0.346
48000,0.069,0.599,0.332
48100,0.078,0.641,0.281
48200,0.065,0.613,0.323
48300,0.060,0.553,0.387
48400,0.046,0.502,0.452
48500,0.083,0.488,0.429
48600,0.092,0.502,0.406
48700,0.124,0.465,0.410
48800,0.129,0.447,0.424
48900,0.097,0.456,0.447
49000,0.092,0.447,0.461
49100,0.111,0.461,0.429
49200,0.092,0.465,0.442
49300,0.101,0.452,0.447
49400,0.106,0.498,0.396
49500,0.074,0.493,0.433
49600,0.101,0.512,0.387
49700,0.134,0.502,0.364
49800,0.124,0.465,0.410
49900,0.134,0.429,0.438
50000,0.143,0.378,0.479
50100,0.106,0.465,0.429
50200,0.115,0.452,0.433
50300,0.143,0.438,0.419
50400,0.184,0.438,0.378
50500,0.212,0.447,0.341
50600,0.161,0.424,0.415
50700,0.157,0.470,0.373
50800,0.152,0.498,0.350
50900,0.138,0.475,0.387
51000,0.143,0.438,0.419
51100,0.134,0.429,0.438
51200,0.120,0.410,0.470
51300,0.152,0.433,0.415
51400,0.175,0.382,0.442
51500,0.152,0.424,0.424
51600,0.143,0.419,0.438
51700,0.134,0.442,0.424
51800,0.106,0.424,0.470
51900,0.111,0.415,0.475
52000,0.157,0.406,0.438
52100,0.124,0.392,0.484
52200,0.115,0.415,0.470
52300,0.088,0.479,0.433
52400,0.106,0.456,0.438
52500,0.106,0.442,0.452
52600,0.106,0.447,0.447
52700,0.088,0.438,0.475
52800,0.092,0.373,0.535
52900,0.124,0.355,0.521
53000,0.171,0.350,0.479
53100,0.230,0.309,0.461
53200,0.267,0.290,0.442
53300,0.226,0.290,0.484
53400,0.295,0.290,0.415
53500,0.272,0.207,0.521
53600,0.327,0.207,0.465
53700,0.364,0.189,0.447
53800,0.323,0.189,0.488
53900,0.355,0.184,0.461
54000,0.336,0.171,0.493
54100,0.336,0.171,0.493
54200,0.373,0.161,0.465
54300,0.392,0.166,0.442
54400,0.373,0.161,0.465
54500,0.327,0.212,0.461
54600,0.359,0.171,0.470
54700,0.350,0.212,0.438
54800,0.359,0.175,0.465
54900,0.373,0.203,0.424
55000,0.396,0.166,0.438
55100,0.373,0.157,0.470
55200,0.392,0.129,0.479
55300,0.396,0.134,0.470
55400,0.359,0.129,0.512
55500,0.369,0.143,0.488
55600,0.341,0.157,0.502
55700,0.323,0.175,0.502
55800,0.359,0.157,0.484
55900,0.401,0.198,0.401
56000,0.382,0.166,0.452
56100,0.369,0.134,0.498
56200,0.359,0.171,0.470
56300,0.341,0.175,0.484
56400,0.364,0.147,0.488
56500,0.396,0.138,0.465
56600,0.392,0.138,0.470
56700,0.424,0.120,0.456
56800,0.484,0.115,0.401
56900,0.465,0.106,0.429
57000,0.484,0.101,0.415
57100,0.488,0.078,0.433
57200,0.461,0.074,0.465
57300,0.433,0.097,0.470
57400,0.438,0.092,0.470
57500,0.387,0.124,0.488
57600,0.382,0.106,0.512
57700,0.415,0.097,0.488
57800,0.415,0.101,0.484
57900,0.406,0.143,0.452
58000,0.447,0.124,0.429
58100,0.479,0.115,0.406
58200,0.470,0.097,0.433
58300,0.479,0.111,0.410
58400,0.447,0.106,0.447
58500,0.461,0.088,0.452
58600,0.406,0.078,0.516
58700,0.415,0.069,0.516
58800,0.396,0.111,0.493
58900,0.406,0.124,0.470
59000,0.424,0.097,0.479
59100,0.392,0.115,0.493
59200,0.392,0.129,0.479
59300,0.429,0.097,0.475
59400,0.456,0.143,0.401
59500,0.447,0.120,0.433
59600,0.406,0.143,0.452
59700,0.406,0.124,0.470
59800,0.415,0.143,0.442
59900,0.406,0.147,0.447
60000,0.419,0.134,0.447
60100,0.341,0.143,0.516
60200,0.332,0.157,0.512
60300,0.327,0.171,0.502
60400,0.332,0.161,0.507
60500,0.346,0.171,0.484
60600,0.364,0.157,0.479
60700,0.369,0.184,0.447
60800,0.406,0.175,0.419
60900,0.410,0.194,0.396
61000,0.415,0.171,0.415
61100,0.378,0.171,0.452
61200,0.364,0.166,0.470
61300,0.392,0.166,0.442
61400,0.424,0.175,0.401
61500,0.456,0.152,0.392
61600,0.442,0.152,0.406
61700,0.429,0.134,0.438
61800,0.410,0.134,0.456
61900,0.447,0.171,0.382
62000,0.424,0.175,0.401
62100,0.392,0.143,0.465
62200,0.373,0.157,0.470
62300,0.387,0.184,0.429
62400,0.387,0.184,0.429
62500,0.433,0.180,0.387
62600,0.401,0.161,0.438
62700,0.415,0.134,0.452
62800,0.438,0.134,0.429
62900,0.401,0.143,0.456
63000,0.447,0.166,0.387
63100,0.452,0.124,0.424
63200,0.424,0.111,0.465
63300,0.433,0.101,0.465
63400,0.461,0.092,0.447
63500,0.484,0.065,0.452
63600,0.461,0.078,0.461
63700,0.429,0.101,0.470
63800,0.447,0.097,0.456
63900,0.498,0.074,0.429
64000,0.576,0.069,0.355
64100,0.562,0.069,0.369
64200,0.553,0.074,0.373
64300,0.562,0.088,0.350
64400,0.539,0.101,0.359
64500,0.493,0.097,0.410
64600,0.525,0.088,0.387
64700,0.488,0.088,0.424
64800,0.479,0.106,0.415
64900,0.493,0.106,0.401
65000,0.521,0.074,0.406
65100,0.507,0.065,0.429
65200,0.562,0.055,0.382
65300,0.567,0.046,0.387
65400,0.571,0.078,0.350
65500,0.571,0.092,0.336
65600,0.567,0.060,0.373
65700,0.539,0.051,0.410
65800,0.498,0.088,0.415
65900,0.525,0.078,0.396
66000,0.475,0.065,0.461
66100,0.512,0.069,0.419
66200,0.544,0.097,0.359
66300,0.535,0.060,0.406
66400,0.544,0.088,0.369
66500,0.530,0.097,0.373
66600,0.461,0.088,0.452
66700,0.475,0.106,0.419
66800,0.493,0.088,0.419
66900,0.502,0.101,0.396
67000,0.488,0.092,0.419
67100,0.470,0.129,0.401
67200,0.452,0.138,0.410
67300,0.433,0.124,0.442
67400,0.438,0.115,0.447
67500,0.392,0.157,0.452
67600,0.392,0.166,0.442
67700,0.429,0.157,0.415
67800,0.433,0.143,0.424
67900,0.410,0.143,0.447
68000,0.415,0.166,0.419
68100,0.355,0.157,0.488
68200,0.346,0.120,0.535
68300,0.396,0.124,0.479
68400,0.406,0.152,0.442
68500,0.429,0.129,0.442
68600,0.442,0.175,0.382
68700,0.438,0.161,0.401
68800,0.415,0.171,0.415
68900,0.424,0.134,0.442
69000,0.438,0.115,0.447
69100,0.392,0.111,0.498
69200,0.382,0.115,0.502
69300,0.359,0.101,0.539
69400,0.341,0.111,0.548
69500,0.396,0.111,0.493
69600,0.392,0.157,0.452
69700,0.350,0.203,0.447
69800,0.346,0.161,0.493
69900,0.332,0.184,0.484
70000,0.369,0.157,0.475
70100,0.382,0.101,0.516
70200,0.438,0.092,0.470
70300,0.465,0.078,0.456
70400,0.488,0.074,0.438
70500,0.512,0.069,0.419
70600,0.461,0.092,0.447
70700,0.433,0.106,0.461
70800,0.424,0.124,0.452
70900,0.396,0.157,0.447
71000,0.392,0.157,0.452
71100,0.369,0.152,0.479
71200,0.382,0.157,0.461
71300,0.373,0.134,0.493
71400,0.382,0.124,0.493
71500,0.392,0.134,0.475
71600,0.382,0.111,0.507
71700,0.373,0.134,0.493
71800,0.369,0.143,0.488
71900,0.359,0.194,0.447
72000,0.350,0.207,0.442
72100,0.355,0.180,0.465
72200,0.359,0.129,0.512
72300,0.369,0.171,0.461
72400,0.382,0.166,0.452
72500,0.359,0.166,0.475
72600,0.355,0.157,0.488
72700,0.369,0.134,0.498
72800,0.313,0.175,0.512
72900,0.295,0.217,0.488
73000,0.286,0.198,0.516
73100,0.276,0.180,0.544
73200,0.235,0.207,0.558
73300,0.230,0.207,0.562
73400,0.235,0.221,0.544
73500,0.240,0.249,0.512
73600,0.290,0.240,0.470
73700,0.304,0.212,0.484
73800,0.267,0.221,0.512
73900,0.276,0.221,0.502
74000,0.309,0.207,0.484
74100,0.290,0.189,0.521
74200,0.300,0.175,0.525
74300,0.309,0.166,0.525
74400,0.313,0.157,0.530
74500,0.336,0.171,0.493
74600,0.364,0.166,0.470
74700,0.378,0.171,0.452
74800,0.350,0.189,0.461
74900,0.300,0.212,0.488
75000,0.290,0.217,0.493
75100,0.258,0.230,0.512
75200,0.258,0.235,0.507
75300,0.267,0.230,0.502
75400,0.267,0.235,0.498
75500,0.244,0.249,0.507
75600,0.235,0.221,0.544
75700,0.263,0.198,0.539
75800,0.290,0.203,0.507
75900,0.309,0.194,0.498
76000,0.336,0.143,0.521
76100,0.318,0.157,0.525
76200,0.323,0.226,0.452
76300,0.290,0.207,0.502
76400,0.300,0.221,0.479
76500,0.295,0.217,0.488
76600,0.281,0.207,0.512
76700,0.286,0.226,0.488
76800,0.300,0.258,0.442
76900,0.263,0.286,0.452
77000,0.276,0.263,0.461
77100,0.290,0.240,0.470
77200,0.286,0.235,0.479
77300,0.290,0.281,0.429
77400,0.267,0.244,0.488
77500,0.276,0.244,0.479
77600,0.258,0.253,0.488
77700,0.253,0.272,0.475
77800,0.253,0.286,0.461
77900,0.244,0.313,0.442
78000,0.244,0.267,0.488
78100,0.272,0.290,0.438
78200,0.249,0.290,0.461
78300,0.258,0.272,0.470
78400,0.318,0.244,0.438
78500,0.373,0.221,0.406
78600,0.369,0.244,0.387
78700,0.355,0.230,0.415
78800,0.276,0.221,0.502
78900,0.281,0.221,0.498
79000,0.272,0.212,0.516
79100,0.281,0.244,0.475
79200,0.235,0.267,0.498
79300,0.253,0.281,0.465
79400,0.304,0.240,0.456
79500,0.300,0.244,0.456
79600,0.290,0.235,0.475
79700,0.263,0.253,0.484
79800,0.258,0.244,0.498
79900,0.240,0.267,0.493
80000,0.281,0.272,0.447
80100,0.290,0.230,0.479
80200,0.313,0.230,0.456
80300,0.346,0.194,0.461
80400,0.382,0.189,0.429
80500,0.382,0.226,0.392
80600,0.378,0.184,0.438
80700,0.369,0.184,0.447
80800,0.350,0.194,0.456
80900,0.341,0.180,0.479
81000,0.332,0.166,0.502
81100,0.364,0.171,0.465
81200,0.438,0.189,0.373
81300,0.410,0.171,0.419
81400,0.373,0.180,0.447
81500,0.346,0.171,0.484
81600,0.364,0.175,0.461
81700,0.392,0.212,0.396
81800,0.387,0.180,0.433
81900,0.396,0.152,0.452
82000,0.378,0.152,0.470
82100,0.364,0.157,0.479
82200,0.392,0.143,0.465
82300,0.461,0.115,0.424
82400,0.438,0.138,0.424
82500,0.447,0.115,0.438
82600,0.516,0.083,0.401
82700,0.548,0.083,0.369
82800,0.567,0.046,0.387
82900,0.594,0.041,0.364
83000,0.594,0.055,0.350
83100,0.576,0.088,0.336
83200,0.571,0.092,0.336
83300,0.562,0.097,0.341
83400,0.567,0.088,0.346
83500,0.525,0.092,0.382
83600,0.498,0.083,0.419
83700,0.493,0.083,0.424
83800,0.461,0.097,0.442
83900,0.475,0.111,0.415
84000,0.456,0.111,0.433
84100,0.479,0.101,0.419
84200,0.512,0.088,0.401
84300,0.493,0.078,0.429
84400,0.465,0.106,0.429
84500,0.498,0.074,0.429
84600,0.512,0.074,0.415
84700,0.548,0.060,0.392
84800,0.562,0.051,0.387
84900,0.576,0.074,0.350
85000,0.576,0.051,0.373
85100,0.553,0.092,0.355
85200,0.558,0.097,0.346
85300,0.590,0.074,0.336
85400,0.631,0.046,0.323
85500,0.604,0.046,0.350
85600,0.627,0.046,0.327
85700,0.567,0.051,0.382
85800,0.599,0.097,0.304
85900,0.539,0.060,0.401
86000,0.521,0.069,0.410
86100,0.544,0.088,0.369
86200,0.521,0.092,0.387
86300,0.548,0.078,0.373
86400,0.539,0.060,0.401
86500,0.548,0.083,0.369
86600,0.562,0.069,0.369
86700,0.585,0.069,0.346
86800,0.599,0.055,0.346
86900,0.604,0.069,0.327
87000,0.571,0.065,0.364
87100,0.548,0.069,0.382
87200,0.521,0.106,0.373
87300,0.507,0.088,0.406
87400,0.530,0.055,0.415
87500,0.535,0.037,0.429
87600,0.599,0.046,0.355
87700,0.562,0.051,0.387
87800,0.599,0.055,0.346
87900,0.604,0.069,0.327
88000,0.654,0.051,0.295
88100,0.664,0.060,0.276
88200,0.641,0.046,0.313
88300,0.664,0.051,0.286
88400,0.654,0.041,0.304
88500,0.641,0.065,0.295
88600,0.622,0.078,0.300
88700,0.618,0.055,0.327
88800,0.594,0.046,0.359
88900,0.576,0.060,0.364
89000,0.548,0.060,0.392
89100,0.567,0.097,0.336
89200,0.558,0.074,0.369
89300,0.530,0.055,0.415
89400,0.567,0.065,0.369
89500,0.618,0.051,0.332
89600,0.618,0.028,0.355
89700,0.599,0.046,0.355
89800,0.567,0.051,0.382
89900,0.594,0.060,0.346
90000,0.585,0.037,0.378
90100,0.599,0.014,0.387
90200,0.654,0.014,0.332
90300,0.641,0.037,0.323
90400,0.691,0.032,0.276
90500,0.696,0.018,0.286
90600,0.710,0.028,0.263
90700,0.705,0.023,0.272
90800,0.742,0.009,0.249
90900,0.728,0.000,0.272
91000,0.756,0.005,0.240
91100,0.783,0.005,0.212
91200,0.779,0.009,0.212
91300,0.797,0.009,0.194
91400,0.802,0.005,0.194
91500,0.829,0.009,0.161
91600,0.811,0.005,0.184
91700,0.820,0.000,0.180
91800,0.797,0.018,0.184
91900,0.783,0.018,0.198
92000,0.820,0.014,0.166
92100,0.839,0.009,0.152
92200,0.825,0.000,0.175
92300,0.816,0.000,0.184
92400,0.853,0.000,0.147
92500,0.848,0.000,0.152
92600,0.848,0.000,0.152
92700,0.862,0.000,0.138
92800,0.876,0.000,0.124
92900,0.862,0.000,0.138
93000,0.853,0.000,0.147
93100,0.862,0.009,0.129
93200,0.880,0.005,0.115
93300,0.871,0.009,0.120
93400,0.871,0.005,0.124
93500,0.871,0.000,0.129
93600,0.866,0.000,0.134
93700,0.880,0.000,0.120
93800,0.903,0.000,0.097
93900,0.926,0.000,0.074
94000,0.945,0.000,0.055
94100,0.935,0.000,0.065
94200,0.926,0.000,0.074
94300,0.922,0.000,0.078
94400,0.908,0.000,0.092
94500,0.917,0.009,0.074
94600,0.903,0.005,0.092
94700,0.889,0.000,0.111
94800,0.885,0.000,0.115
94900,0.871,0.000,0.129
95000,0.889,0.000,0.111
95100,0.899,0.000,0.101
95200,0.903,0.000,0.097
95300,0.903,0.000,0.097
95400,0.908,0.000,0.092
95500,0.889,0.000,0.111
95600,0.908,0.000,0.092
95700,0.894,0.000,0.106
95800,0.889,0.000,0.111
95900,0.880,0.000,0.120
96000,0.880,0.000,0.120
96100,0.843,0.032,0.124
96200,0.829,0.014,0.157
96300,0.848,0.014,0.138
96400,0.811,0.005,0.184
96500,0.811,0.018,0.171
96600,0.843,0.005,0.152
96700,0.866,0.000,0.134
96800,0.922,0.005,0.074
96900,0.935,0.005,0.060
97000,0.935,0.000,0.065
97100,0.954,0.000,0.046
97200,0.963,0.000,0.037
97300,0.949,0.000,0.051
97400,0.940,0.000,0.060
97500,0.945,0.000,0.055
97600,0.931,0.000,0.069
97700,0.917,0.000,0.083
97800,0.917,0.000,0.083
97900,0.908,0.000,0.092
98000,0.917,0.000,0.083
98100,0.940,0.000,0.060
98200,0.945,0.005,0.051
98300,0.935,0.005,0.060
98400,0.908,0.000,0.092
98500,0.922,0.000,0.078
98600,0.894,0.005,0.101
98700,0.889,0.005,0.106
98800,0.871,0.005,0.124
98900,0.862,0.005,0.134
99000,0.857,0.005,0.138
99100,0.829,0.005,0.166
99200,0.834,0.000,0.166
99300,0.797,0.009,0.194
99400,0.825,0.000,0.175
99500,0.839,0.000,0.161
99600,0.857,0.000,0.143
99700,0.880,0.009,0.111
99800,0.876,0.000,0.124
99900,0.899,0.000,0.101
100000,0.899,0.000,0.101
