time,n_A+p,n_B,n_AB
0,0.030,0.970,0.000
500,0.030,0.964,0.006
1000,0.030,0.948,0.022
1500,0.031,0.953,0.016
2000,0.032,0.949,0.019
2500,0.031,0.942,0.028
3000,0.031,0.946,0.023
3500,0.032,0.952,0.016
4000,0.031,0.950,0.019
4500,0.033,0.942,0.026
5000,0.034,0.935,0.032
5500,0.035,0.934,0.032
6000,0.042,0.918,0.040
6500,0.040,0.905,0.055
7000,0.036,0.920,0.044
7500,0.035,0.928,0.037
8000,0.036,0.917,0.047
8500,0.032,0.927,0.041
9000,0.034,0.933,0.034
9500,0.033,0.926,0.041
10000,0.032,0.930,0.039
10500,0.034,0.927,0.039
11000,0.039,0.918,0.043
11500,0.039,0.919,0.042
12000,0.045,0.906,0.049
12500,0.043,0.915,0.042
13000,0.041,0.915,0.044
13500,0.040,0.911,0.049
14000,0.051,0.882,0.067
14500,0.051,0.889,0.060
15000,0.051,0.885,0.064
15500,0.047,0.889,0.064
16000,0.043,0.901,0.056
16500,0.040,0.906,0.054
17000,0.049,0.882,0.069
17500,0.058,0.883,0.059
18000,0.054,0.883,0.063
18500,0.051,0.865,0.084
19000,0.051,0.864,0.085
19500,0.052,0.857,0.091
20000,0.056,0.849,0.095
20500,0.075,0.853,0.073
21000,0.073,0.848,0.080
21500,0.073,0.850,0.078
22000,0.070,0.853,0.077
22500,0.064,0.860,0.076
23000,0.055,0.863,0.082
23500,0.057,0.868,0.075
24000,0.048,0.876,0.076
24500,0.047,0.866,0.087
25000,0.044,0.873,0.083
25500,0.042,0.872,0.086
26000,0.042,0.893,0.065
26500,0.041,0.886,0.074
27000,0.045,0.873,0.082
27500,0.044,0.886,0.070
28000,0.044,0.891,0.065
28500,0.041,0.875,0.084
29000,0.045,0.888,0.067
29500,0.044,0.897,0.059
30000,0.041,0.896,0.063
30500,0.047,0.889,0.064
31000,0.044,0.890,0.066
31500,0.049,0.862,0.089
32000,0.048,0.886,0.066
32500,0.047,0.883,0.070
33000,0.039,0.889,0.073
33500,0.038,0.895,0.067
34000,0.037,0.888,0.076
34500,0.036,0.888,0.077
35000,0.035,0.883,0.083
35500,0.040,0.877,0.083
36000,0.039,0.883,0.079
36500,0.042,0.897,0.061
37000,0.044,0.895,0.061
37500,0.046,0.878,0.076
38000,0.047,0.876,0.077
38500,0.046,0.877,0.077
39000,0.047,0.884,0.069
39500,0.042,0.882,0.077
40000,0.043,0.879,0.078
40500,0.043,0.889,0.068
41000,0.050,0.879,0.070
41500,0.049,0.879,0.072
42000,0.043,0.896,0.061
42500,0.042,0.897,0.061
43000,0.042,0.898,0.060
43500,0.039,0.907,0.054
44000,0.043,0.906,0.051
44500,0.044,0.904,0.052
45000,0.050,0.890,0.060
45500,0.054,0.870,0.076
46000,0.050,0.870,0.080
46500,0.049,0.880,0.070
47000,0.054,0.896,0.050
47500,0.053,0.900,0.047
48000,0.051,0.902,0.047
48500,0.049,0.910,0.041
49000,0.045,0.912,0.043
49500,0.043,0.913,0.044
50000,0.042,0.911,0.047
50500,0.047,0.906,0.047
51000,0.044,0.907,0.049
51500,0.046,0.891,0.063
52000,0.045,0.894,0.061
52500,0.046,0.896,0.058
53000,0.049,0.883,0.068
53500,0.048,0.892,0.060
54000,0.046,0.889,0.065
54500,0.048,0.892,0.060
55000,0.042,0.910,0.048
55500,0.041,0.900,0.059
56000,0.044,0.897,0.059
56500,0.045,0.895,0.060
57000,0.048,0.893,0.059
57500,0.052,0.873,0.075
58000,0.058,0.865,0.077
58500,0.066,0.850,0.084
59000,0.062,0.856,0.082
59500,0.062,0.870,0.067
60000,0.057,0.856,0.087
60500,0.066,0.858,0.076
61000,0.067,0.854,0.079
61500,0.066,0.859,0.075
62000,0.059,0.874,0.066
62500,0.057,0.858,0.085
63000,0.061,0.871,0.067
63500,0.055,0.878,0.066
64000,0.052,0.888,0.060
64500,0.050,0.887,0.063
65000,0.050,0.882,0.068
65500,0.050,0.885,0.065
66000,0.050,0.878,0.072
66500,0.053,0.889,0.058
67000,0.051,0.875,0.074
67500,0.055,0.874,0.070
68000,0.062,0.868,0.069
68500,0.060,0.879,0.060
69000,0.058,0.874,0.067
69500,0.056,0.854,0.090
70000,0.065,0.861,0.074
70500,0.056,0.862,0.082
71000,0.056,0.855,0.089
71500,0.054,0.868,0.078
72000,0.044,0.853,0.103
72500,0.046,0.864,0.090
73000,0.044,0.877,0.079
73500,0.041,0.885,0.075
74000,0.040,0.892,0.068
74500,0.051,0.872,0.077
75000,0.059,0.848,0.093
75500,0.056,0.854,0.090
76000,0.060,0.858,0.082
76500,0.059,0.868,0.073
77000,0.060,0.858,0.082
77500,0.057,0.848,0.095
78000,0.064,0.855,0.081
78500,0.060,0.869,0.070
79000,0.063,0.845,0.092
79500,0.063,0.862,0.075
80000,0.065,0.850,0.085
80500,0.064,0.855,0.081
81000,0.065,0.850,0.085
81500,0.059,0.843,0.098
82000,0.057,0.852,0.091
82500,0.065,0.841,0.094
83000,0.057,0.845,0.098
83500,0.056,0.855,0.089
84000,0.057,0.859,0.084
84500,0.057,0.866,0.077
85000,0.061,0.871,0.067
85500,0.057,0.869,0.074
86000,0.054,0.862,0.084
86500,0.053,0.860,0.087
87000,0.057,0.858,0.085
87500,0.060,0.850,0.090
88000,0.061,0.841,0.098
88500,0.061,0.839,0.100
89000,0.067,0.831,0.101
89500,0.066,0.828,0.105
90000,0.057,0.838,0.105
90500,0.063,0.845,0.092
91000,0.061,0.846,0.093
91500,0.056,0.854,0.090
92000,0.050,0.853,0.097
92500,0.052,0.850,0.098
93000,0.062,0.854,0.084
93500,0.062,0.851,0.087
94000,0.058,0.855,0.087
94500,0.058,0.840,0.102
95000,0.048,0.845,0.107
95500,0.049,0.810,0.141
96000,0.050,0.831,0.118
96500,0.055,0.845,0.100
97000,0.062,0.829,0.108
97500,0.052,0.851,0.097
98000,0.043,0.869,0.088
98500,0.048,0.854,0.098
99000,0.047,0.859,0.094
99500,0.046,0.872,0.082
100000,0.045,0.858,0.097
100500,0.058,0.864,0.078
101000,0.051,0.878,0.070
101500,0.051,0.871,0.078
102000,0.045,0.863,0.092
102500,0.051,0.857,0.092
103000,0.053,0.861,0.086
103500,0.054,0.863,0.083
104000,0.061,0.860,0.079
104500,0.048,0.878,0.074
105000,0.043,0.887,0.070
105500,0.044,0.890,0.066
106000,0.046,0.884,0.070
106500,0.040,0.877,0.083
107000,0.045,0.880,0.075
107500,0.043,0.874,0.083
108000,0.045,0.887,0.068
108500,0.045,0.883,0.073
109000,0.049,0.880,0.070
109500,0.050,0.878,0.072
110000,0.047,0.882,0.072
110500,0.049,0.883,0.068
111000,0.045,0.885,0.070
111500,0.051,0.887,0.062
112000,0.048,0.891,0.061
112500,0.051,0.893,0.056
113000,0.055,0.875,0.069
113500,0.050,0.860,0.090
114000,0.049,0.873,0.078
114500,0.050,0.871,0.079
115000,0.050,0.888,0.062
115500,0.050,0.892,0.058
116000,0.056,0.876,0.067
116500,0.052,0.882,0.066
117000,0.052,0.891,0.057
117500,0.054,0.893,0.053
118000,0.055,0.875,0.069
118500,0.056,0.880,0.063
119000,0.056,0.872,0.072
119500,0.058,0.873,0.068
120000,0.053,0.874,0.073
120500,0.048,0.878,0.074
121000,0.047,0.887,0.066
121500,0.048,0.883,0.069
122000,0.046,0.890,0.064
122500,0.051,0.887,0.062
123000,0.050,0.884,0.066
123500,0.053,0.890,0.057
124000,0.051,0.891,0.058
124500,0.050,0.886,0.064
125000,0.048,0.897,0.055
125500,0.055,0.887,0.058
126000,0.055,0.891,0.054
126500,0.051,0.893,0.056
127000,0.054,0.895,0.051
127500,0.051,0.897,0.052
128000,0.044,0.888,0.068
128500,0.051,0.888,0.061
129000,0.050,0.869,0.081
129500,0.055,0.868,0.077
130000,0.054,0.884,0.062
130500,0.049,0.891,0.060
131000,0.046,0.891,0.063
131500,0.046,0.898,0.056
132000,0.049,0.883,0.068
132500,0.052,0.882,0.066
133000,0.056,0.887,0.057
133500,0.058,0.882,0.060
134000,0.060,0.866,0.074
134500,0.051,0.880,0.068
135000,0.052,0.873,0.075
135500,0.055,0.891,0.054
136000,0.051,0.886,0.063
136500,0.051,0.856,0.093
137000,0.060,0.853,0.087
137500,0.057,0.859,0.084
138000,0.052,0.866,0.082
138500,0.054,0.856,0.090
139000,0.057,0.859,0.084
139500,0.058,0.839,0.103
140000,0.056,0.848,0.096
140500,0.048,0.861,0.091
141000,0.048,0.876,0.076
141500,0.050,0.886,0.064
142000,0.048,0.887,0.065
142500,0.048,0.890,0.062
143000,0.051,0.886,0.063
143500,0.050,0.888,0.062
144000,0.054,0.877,0.068
144500,0.052,0.882,0.066
145000,0.049,0.874,0.077
145500,0.055,0.868,0.077
146000,0.050,0.879,0.070
146500,0.052,0.856,0.092
147000,0.048,0.858,0.094
147500,0.048,0.862,0.090
148000,0.049,0.865,0.086
148500,0.044,0.877,0.079
149000,0.047,0.875,0.078
149500,0.046,0.860,0.094
150000,0.055,0.860,0.085
150500,0.055,0.869,0.076
151000,0.056,0.875,0.068
151500,0.061,0.877,0.061
152000,0.055,0.880,0.064
152500,0.049,0.883,0.068
153000,0.051,0.871,0.078
153500,0.055,0.875,0.069
154000,0.051,0.880,0.068
154500,0.060,0.870,0.069
155000,0.060,0.886,0.054
155500,0.057,0.885,0.058
156000,0.057,0.876,0.066
156500,0.059,0.891,0.050
157000,0.054,0.897,0.049
157500,0.049,0.893,0.058
158000,0.048,0.892,0.060
158500,0.045,0.893,0.062
159000,0.045,0.899,0.056
159500,0.047,0.885,0.068
160000,0.060,0.857,0.083
160500,0.067,0.837,0.096
161000,0.053,0.861,0.086
161500,0.051,0.876,0.073
162000,0.050,0.868,0.082
162500,0.051,0.872,0.077
163000,0.055,0.865,0.080
163500,0.056,0.848,0.096
164000,0.057,0.840,0.103
164500,0.062,0.864,0.074
165000,0.057,0.860,0.083
165500,0.057,0.862,0.081
166000,0.061,0.849,0.090
166500,0.059,0.852,0.089
167000,0.083,0.840,0.078
167500,0.089,0.819,0.092
168000,0.078,0.822,0.100
168500,0.088,0.809,0.103
169000,0.083,0.819,0.098
169500,0.076,0.811,0.113
170000,0.070,0.777,0.152
170500,0.076,0.796,0.129
171000,0.068,0.810,0.122
171500,0.060,0.825,0.114
172000,0.069,0.826,0.104
172500,0.061,0.818,0.121
173000,0.064,0.832,0.103
173500,0.065,0.836,0.099
174000,0.059,0.829,0.111
174500,0.056,0.819,0.125
175000,0.062,0.829,0.108
175500,0.061,0.826,0.112
176000,0.064,0.827,0.108
176500,0.068,0.831,0.100
177000,0.068,0.836,0.096
177500,0.065,0.842,0.093
178000,0.050,0.847,0.103
178500,0.049,0.856,0.095
179000,0.049,0.872,0.079
179500,0.047,0.865,0.088
180000,0.047,0.867,0.086
180500,0.051,0.859,0.090
181000,0.054,0.865,0.081
181500,0.060,0.850,0.090
182000,0.055,0.852,0.093
182500,0.064,0.844,0.092
183000,0.068,0.824,0.107
183500,0.069,0.844,0.087
184000,0.072,0.831,0.097
184500,0.068,0.844,0.088
185000,0.065,0.853,0.082
185500,0.058,0.860,0.082
186000,0.057,0.867,0.076
186500,0.059,0.867,0.074
187000,0.056,0.874,0.069
187500,0.052,0.879,0.068
188000,0.051,0.864,0.085
188500,0.060,0.860,0.080
189000,0.058,0.876,0.065
189500,0.059,0.859,0.082
190000,0.059,0.861,0.080
190500,0.053,0.866,0.081
191000,0.054,0.855,0.091
191500,0.064,0.850,0.086
192000,0.064,0.831,0.104
192500,0.074,0.798,0.129
193000,0.077,0.790,0.134
193500,0.078,0.793,0.130
194000,0.104,0.748,0.148
194500,0.112,0.735,0.152
195000,0.128,0.726,0.146
195500,0.113,0.733,0.153
196000,0.110,0.754,0.136
196500,0.112,0.766,0.122
197000,0.081,0.785,0.134
197500,0.073,0.801,0.127
198000,0.079,0.812,0.109
198500,0.067,0.828,0.104
199000,0.061,0.835,0.104
199500,0.063,0.841,0.096
200000,0.063,0.857,0.080
200500,0.063,0.848,0.089
201000,0.066,0.846,0.088
201500,0.067,0.823,0.109
202000,0.068,0.825,0.106
202500,0.079,0.821,0.100
203000,0.079,0.801,0.121
203500,0.076,0.815,0.109
204000,0.085,0.819,0.096
204500,0.087,0.802,0.111
205000,0.076,0.806,0.118
205500,0.068,0.800,0.132
206000,0.061,0.838,0.101
206500,0.060,0.806,0.134
207000,0.061,0.808,0.131
207500,0.070,0.806,0.124
208000,0.078,0.801,0.122
208500,0.085,0.771,0.144
209000,0.081,0.781,0.138
209500,0.078,0.782,0.140
210000,0.066,0.817,0.116
210500,0.059,0.812,0.129
211000,0.063,0.820,0.116
211500,0.068,0.826,0.105
212000,0.067,0.823,0.109
212500,0.068,0.834,0.098
213000,0.068,0.831,0.100
213500,0.059,0.839,0.102
214000,0.061,0.842,0.097
214500,0.062,0.831,0.106
215000,0.062,0.844,0.094
215500,0.068,0.827,0.104
216000,0.066,0.832,0.101
216500,0.061,0.848,0.091
217000,0.063,0.837,0.100
217500,0.060,0.835,0.105
218000,0.064,0.847,0.089
218500,0.058,0.839,0.103
219000,0.081,0.836,0.084
219500,0.076,0.854,0.070
220000,0.066,0.860,0.074
220500,0.061,0.870,0.068
221000,0.063,0.854,0.083
221500,0.069,0.820,0.110
222000,0.064,0.834,0.102
222500,0.064,0.835,0.101
223000,0.066,0.824,0.109
223500,0.068,0.838,0.094
224000,0.062,0.842,0.096
224500,0.076,0.819,0.105
225000,0.078,0.815,0.107
225500,0.072,0.808,0.121
226000,0.078,0.812,0.110
226500,0.075,0.832,0.093
227000,0.068,0.811,0.121
227500,0.069,0.820,0.110
228000,0.063,0.818,0.118
228500,0.066,0.826,0.107
229000,0.067,0.835,0.098
229500,0.066,0.843,0.091
230000,0.066,0.860,0.074
230500,0.055,0.861,0.084
231000,0.062,0.858,0.080
231500,0.057,0.858,0.085
232000,0.055,0.877,0.067
232500,0.061,0.872,0.066
233000,0.062,0.871,0.066
233500,0.062,0.876,0.061
234000,0.060,0.874,0.065
234500,0.062,0.864,0.074
235000,0.067,0.850,0.083
235500,0.069,0.855,0.076
236000,0.065,0.845,0.090
236500,0.062,0.858,0.080
237000,0.070,0.857,0.073
237500,0.070,0.864,0.065
238000,0.062,0.866,0.072
238500,0.060,0.870,0.069
239000,0.064,0.865,0.070
239500,0.063,0.876,0.060
240000,0.065,0.873,0.061
240500,0.065,0.880,0.054
241000,0.063,0.879,0.057
241500,0.063,0.868,0.068
242000,0.059,0.869,0.072
242500,0.068,0.870,0.061
243000,0.064,0.870,0.065
243500,0.063,0.844,0.093
244000,0.061,0.848,0.091
244500,0.069,0.848,0.083
245000,0.070,0.840,0.090
245500,0.067,0.837,0.096
246000,0.066,0.854,0.080
246500,0.068,0.867,0.064
247000,0.067,0.864,0.068
247500,0.066,0.868,0.065
248000,0.073,0.863,0.064
248500,0.068,0.861,0.070
249000,0.060,0.861,0.079
249500,0.056,0.848,0.096
250000,0.067,0.834,0.099
250500,0.066,0.838,0.096
251000,0.069,0.850,0.081
251500,0.064,0.862,0.074
252000,0.066,0.866,0.067
252500,0.066,0.872,0.061
253000,0.059,0.864,0.077
253500,0.059,0.869,0.072
254000,0.060,0.869,0.070
254500,0.058,0.873,0.068
255000,0.056,0.878,0.065
255500,0.059,0.886,0.055
256000,0.058,0.887,0.055
256500,0.059,0.873,0.067
257000,0.056,0.887,0.057
257500,0.056,0.886,0.058
258000,0.057,0.876,0.066
258500,0.063,0.857,0.080
259000,0.058,0.856,0.086
259500,0.056,0.864,0.080
260000,0.049,0.871,0.080
260500,0.054,0.864,0.082
261000,0.052,0.866,0.082
261500,0.064,0.855,0.081
262000,0.060,0.853,0.087
262500,0.058,0.869,0.073
263000,0.059,0.882,0.059
263500,0.065,0.864,0.070
264000,0.067,0.864,0.068
264500,0.066,0.853,0.081
265000,0.073,0.847,0.081
265500,0.067,0.828,0.104
266000,0.064,0.839,0.097
266500,0.076,0.840,0.085
267000,0.073,0.853,0.075
267500,0.065,0.860,0.075
268000,0.063,0.869,0.067
268500,0.063,0.849,0.088
269000,0.064,0.867,0.068
269500,0.070,0.835,0.095
270000,0.064,0.852,0.084
270500,0.066,0.864,0.069
271000,0.063,0.855,0.082
271500,0.049,0.851,0.100
272000,0.055,0.856,0.089
272500,0.052,0.859,0.089
273000,0.048,0.874,0.078
273500,0.045,0.886,0.069
274000,0.040,0.897,0.063
274500,0.040,0.872,0.088
275000,0.041,0.892,0.067
275500,0.039,0.893,0.068
276000,0.038,0.896,0.066
276500,0.039,0.886,0.076
277000,0.042,0.886,0.073
277500,0.038,0.893,0.069
278000,0.044,0.882,0.075
278500,0.041,0.880,0.079
279000,0.042,0.878,0.080
279500,0.048,0.885,0.067
280000,0.048,0.878,0.074
280500,0.035,0.885,0.081
281000,0.040,0.892,0.068
281500,0.040,0.878,0.082
282000,0.045,0.878,0.077
282500,0.042,0.887,0.072
283000,0.049,0.883,0.068
283500,0.048,0.857,0.095
284000,0.055,0.850,0.095
284500,0.051,0.844,0.105
285000,0.062,0.829,0.108
285500,0.073,0.820,0.107
286000,0.065,0.842,0.093
286500,0.059,0.853,0.088
287000,0.061,0.847,0.092
287500,0.060,0.861,0.079
288000,0.062,0.851,0.087
288500,0.059,0.866,0.075
289000,0.062,0.856,0.082
289500,0.052,0.859,0.089
290000,0.055,0.858,0.087
290500,0.046,0.868,0.086
291000,0.048,0.879,0.073
291500,0.045,0.879,0.076
292000,0.049,0.888,0.063
292500,0.050,0.891,0.059
293000,0.053,0.896,0.051
293500,0.050,0.899,0.051
294000,0.048,0.899,0.053
294500,0.045,0.883,0.073
295000,0.055,0.861,0.084
295500,0.058,0.854,0.088
296000,0.055,0.883,0.062
296500,0.050,0.887,0.063
297000,0.047,0.883,0.070
297500,0.045,0.894,0.061
298000,0.044,0.899,0.057
298500,0.053,0.890,0.057
299000,0.055,0.886,0.059
299500,0.051,0.878,0.070
300000,0.054,0.867,0.079
300500,0.056,0.876,0.067
301000,0.056,0.878,0.065
301500,0.062,0.876,0.061
302000,0.059,0.860,0.081
302500,0.062,0.864,0.074
303000,0.046,0.880,0.074
303500,0.048,0.869,0.083
304000,0.043,0.876,0.081
304500,0.041,0.895,0.064
305000,0.046,0.875,0.079
305500,0.052,0.858,0.090
306000,0.049,0.857,0.094
306500,0.047,0.872,0.081
307000,0.049,0.879,0.072
307500,0.041,0.882,0.078
308000,0.045,0.879,0.076
308500,0.043,0.882,0.076
309000,0.047,0.878,0.075
309500,0.043,0.870,0.087
310000,0.045,0.850,0.105
310500,0.040,0.859,0.101
311000,0.044,0.870,0.086
311500,0.050,0.855,0.095
312000,0.044,0.866,0.090
312500,0.040,0.887,0.074
313000,0.039,0.893,0.068
313500,0.037,0.889,0.075
314000,0.043,0.878,0.079
314500,0.040,0.882,0.079
315000,0.038,0.873,0.089
315500,0.036,0.894,0.070
316000,0.039,0.891,0.070
316500,0.042,0.872,0.086
317000,0.048,0.871,0.081
317500,0.045,0.874,0.081
318000,0.046,0.875,0.079
318500,0.041,0.886,0.074
319000,0.041,0.877,0.082
319500,0.043,0.886,0.072
320000,0.043,0.871,0.086
320500,0.045,0.867,0.088
321000,0.044,0.880,0.076
321500,0.043,0.891,0.066
322000,0.040,0.885,0.076
322500,0.045,0.879,0.076
323000,0.042,0.880,0.078
323500,0.045,0.866,0.089
324000,0.046,0.885,0.069
324500,0.047,0.884,0.069
325000,0.051,0.892,0.057
325500,0.053,0.866,0.081
326000,0.052,0.850,0.098
326500,0.053,0.844,0.103
327000,0.059,0.846,0.095
327500,0.059,0.845,0.096
328000,0.074,0.817,0.109
328500,0.075,0.820,0.105
329000,0.079,0.798,0.124
329500,0.075,0.819,0.106
330000,0.067,0.843,0.090
330500,0.061,0.845,0.094
331000,0.052,0.860,0.088
331500,0.057,0.869,0.074
332000,0.053,0.850,0.097
332500,0.056,0.868,0.076
333000,0.057,0.866,0.077
333500,0.061,0.861,0.078
334000,0.054,0.844,0.102
334500,0.047,0.844,0.109
335000,0.072,0.821,0.107
335500,0.075,0.826,0.099
336000,0.062,0.837,0.101
336500,0.057,0.844,0.099
337000,0.055,0.848,0.097
337500,0.053,0.858,0.089
338000,0.046,0.872,0.082
338500,0.043,0.867,0.090
339000,0.046,0.873,0.081
339500,0.045,0.877,0.078
340000,0.041,0.895,0.064
340500,0.040,0.899,0.061
341000,0.039,0.872,0.089
341500,0.037,0.880,0.083
342000,0.048,0.854,0.098
342500,0.045,0.849,0.106
343000,0.044,0.870,0.086
343500,0.045,0.873,0.082
344000,0.045,0.887,0.068
344500,0.044,0.894,0.062
345000,0.047,0.886,0.067
345500,0.050,0.863,0.087
346000,0.054,0.873,0.073
346500,0.054,0.847,0.099
347000,0.049,0.869,0.082
347500,0.042,0.883,0.076
348000,0.045,0.873,0.082
348500,0.048,0.882,0.070
349000,0.048,0.888,0.064
349500,0.052,0.885,0.063
350000,0.046,0.873,0.081
350500,0.046,0.876,0.078
351000,0.057,0.840,0.103
351500,0.053,0.847,0.100
352000,0.048,0.849,0.103
352500,0.056,0.845,0.099
353000,0.059,0.838,0.103
353500,0.051,0.834,0.115
354000,0.055,0.826,0.118
354500,0.058,0.832,0.109
355000,0.056,0.841,0.103
355500,0.059,0.857,0.084
356000,0.058,0.860,0.082
356500,0.056,0.851,0.093
357000,0.066,0.845,0.089
357500,0.059,0.831,0.109
358000,0.060,0.843,0.097
358500,0.058,0.852,0.090
359000,0.069,0.851,0.080
359500,0.066,0.840,0.094
360000,0.059,0.852,0.089
360500,0.058,0.859,0.083
361000,0.059,0.845,0.096
361500,0.064,0.831,0.104
362000,0.061,0.857,0.082
362500,0.061,0.847,0.092
363000,0.064,0.859,0.077
363500,0.064,0.869,0.066
364000,0.064,0.863,0.073
364500,0.062,0.872,0.065
365000,0.059,0.855,0.086
365500,0.061,0.866,0.073
366000,0.057,0.869,0.074
366500,0.053,0.884,0.063
367000,0.054,0.890,0.056
367500,0.055,0.895,0.050
368000,0.054,0.901,0.045
368500,0.047,0.903,0.050
369000,0.044,0.897,0.059
369500,0.045,0.890,0.065
370000,0.046,0.860,0.094
370500,0.049,0.867,0.084
371000,0.052,0.884,0.064
371500,0.054,0.889,0.057
372000,0.052,0.884,0.064
372500,0.044,0.885,0.072
373000,0.041,0.901,0.058
373500,0.048,0.898,0.054
374000,0.047,0.905,0.048
374500,0.047,0.899,0.054
375000,0.042,0.899,0.059
375500,0.043,0.883,0.075
376000,0.050,0.875,0.075
376500,0.054,0.886,0.060
377000,0.050,0.877,0.073
377500,0.045,0.884,0.072
378000,0.053,0.880,0.066
378500,0.048,0.890,0.062
379000,0.048,0.879,0.073
379500,0.045,0.863,0.092
380000,0.039,0.876,0.085
380500,0.039,0.871,0.090
381000,0.041,0.862,0.097
381500,0.050,0.863,0.087
382000,0.053,0.857,0.090
382500,0.055,0.832,0.112
383000,0.047,0.844,0.109
383500,0.047,0.866,0.087
384000,0.055,0.864,0.081
384500,0.046,0.863,0.091
385000,0.040,0.863,0.097
385500,0.043,0.867,0.090
386000,0.043,0.892,0.065
386500,0.041,0.889,0.070
387000,0.044,0.883,0.074
387500,0.046,0.866,0.088
388000,0.049,0.872,0.079
388500,0.050,0.868,0.082
389000,0.055,0.866,0.079
389500,0.061,0.838,0.101
390000,0.062,0.845,0.093
390500,0.064,0.855,0.081
391000,0.059,0.828,0.112
391500,0.057,0.838,0.105
392000,0.058,0.841,0.101
392500,0.062,0.839,0.099
393000,0.057,0.857,0.086
393500,0.059,0.852,0.089
394000,0.065,0.846,0.089
394500,0.060,0.862,0.078
395000,0.067,0.853,0.080
395500,0.064,0.849,0.087
396000,0.065,0.832,0.102
396500,0.067,0.823,0.109
397000,0.072,0.823,0.105
397500,0.062,0.843,0.095
398000,0.065,0.835,0.100
398500,0.063,0.838,0.099
399000,0.059,0.846,0.095
399500,0.060,0.848,0.092
400000,0.061,0.848,0.091
400500,0.060,0.855,0.085
401000,0.057,0.854,0.089
401500,0.055,0.855,0.090
402000,0.058,0.853,0.089
402500,0.062,0.853,0.085
403000,0.050,0.865,0.085
403500,0.050,0.867,0.083
404000,0.056,0.869,0.075
404500,0.054,0.856,0.090
405000,0.056,0.850,0.094
405500,0.067,0.835,0.098
406000,0.070,0.844,0.086
406500,0.070,0.828,0.101
407000,0.066,0.830,0.103
407500,0.065,0.839,0.096
408000,0.062,0.837,0.101
408500,0.060,0.856,0.084
409000,0.053,0.849,0.098
409500,0.062,0.818,0.120
410000,0.065,0.819,0.115
410500,0.067,0.808,0.125
411000,0.062,0.824,0.113
411500,0.069,0.795,0.136
412000,0.064,0.806,0.130
412500,0.055,0.826,0.118
413000,0.059,0.826,0.114
413500,0.052,0.827,0.121
414000,0.060,0.822,0.117
414500,0.062,0.829,0.108
415000,0.067,0.837,0.096
415500,0.060,0.842,0.098
416000,0.060,0.834,0.106
416500,0.054,0.853,0.093
417000,0.056,0.848,0.096
417500,0.051,0.865,0.084
418000,0.052,0.866,0.082
418500,0.044,0.876,0.080
419000,0.047,0.876,0.077
419500,0.046,0.876,0.078
420000,0.041,0.883,0.077
420500,0.042,0.875,0.083
421000,0.044,0.874,0.082
421500,0.041,0.875,0.084
422000,0.039,0.883,0.079
422500,0.037,0.894,0.069
423000,0.039,0.876,0.085
423500,0.045,0.869,0.086
424000,0.044,0.856,0.100
424500,0.052,0.862,0.086
425000,0.046,0.873,0.081
425500,0.037,0.876,0.087
426000,0.041,0.888,0.072
426500,0.045,0.871,0.084
427000,0.045,0.868,0.087
427500,0.046,0.856,0.098
428000,0.048,0.853,0.099
428500,0.042,0.874,0.084
429000,0.042,0.879,0.079
429500,0.044,0.885,0.072
430000,0.049,0.869,0.082
430500,0.062,0.864,0.074
431000,0.059,0.858,0.083
431500,0.052,0.875,0.073
432000,0.053,0.869,0.078
432500,0.055,0.871,0.074
433000,0.051,0.873,0.076
433500,0.052,0.876,0.072
434000,0.054,0.878,0.067
434500,0.056,0.878,0.065
435000,0.060,0.877,0.062
435500,0.053,0.874,0.073
436000,0.050,0.875,0.075
436500,0.048,0.878,0.074
437000,0.048,0.882,0.070
437500,0.049,0.883,0.068
438000,0.050,0.873,0.077
438500,0.043,0.848,0.109
439000,0.045,0.862,0.093
439500,0.063,0.848,0.089
440000,0.060,0.846,0.094
440500,0.077,0.835,0.089
441000,0.060,0.856,0.084
441500,0.060,0.854,0.086
442000,0.052,0.857,0.091
442500,0.052,0.848,0.100
443000,0.055,0.867,0.078
443500,0.054,0.860,0.086
444000,0.057,0.868,0.075
444500,0.047,0.871,0.082
445000,0.052,0.867,0.081
445500,0.054,0.870,0.076
446000,0.053,0.875,0.072
446500,0.044,0.865,0.091
447000,0.043,0.868,0.089
447500,0.039,0.888,0.074
448000,0.037,0.890,0.074
448500,0.035,0.899,0.066
449000,0.035,0.899,0.066
449500,0.036,0.902,0.062
450000,0.039,0.902,0.059
450500,0.037,0.903,0.060
451000,0.035,0.898,0.067
451500,0.034,0.901,0.065
452000,0.036,0.898,0.066
452500,0.039,0.895,0.066
453000,0.043,0.885,0.073
453500,0.052,0.873,0.075
454000,0.053,0.880,0.066
454500,0.050,0.883,0.067
455000,0.052,0.867,0.081
455500,0.053,0.858,0.089
456000,0.057,0.849,0.094
456500,0.051,0.861,0.088
457000,0.053,0.870,0.077
457500,0.057,0.850,0.093
458000,0.042,0.866,0.092
458500,0.041,0.872,0.087
459000,0.047,0.873,0.080
459500,0.048,0.869,0.083
460000,0.049,0.868,0.083
460500,0.054,0.865,0.081
461000,0.058,0.860,0.082
461500,0.053,0.871,0.076
462000,0.043,0.883,0.075
462500,0.041,0.882,0.078
463000,0.050,0.877,0.073
463500,0.049,0.867,0.084
464000,0.050,0.860,0.090
464500,0.057,0.851,0.092
465000,0.059,0.853,0.088
465500,0.053,0.865,0.082
466000,0.050,0.882,0.068
466500,0.049,0.871,0.080
467000,0.047,0.861,0.092
467500,0.045,0.870,0.085
468000,0.047,0.879,0.074
468500,0.045,0.890,0.065
469000,0.039,0.879,0.082
469500,0.042,0.893,0.065
470000,0.040,0.886,0.075
470500,0.042,0.889,0.069
471000,0.039,0.897,0.064
471500,0.043,0.885,0.073
472000,0.046,0.863,0.091
472500,0.048,0.858,0.094
473000,0.050,0.864,0.086
473500,0.045,0.860,0.095
474000,0.047,0.873,0.080
474500,0.051,0.873,0.076
475000,0.046,0.876,0.078
475500,0.039,0.892,0.069
476000,0.039,0.888,0.074
476500,0.044,0.865,0.091
477000,0.042,0.887,0.072
477500,0.045,0.873,0.082
478000,0.043,0.875,0.082
478500,0.042,0.879,0.079
479000,0.047,0.871,0.082
479500,0.041,0.861,0.098
480000,0.048,0.851,0.101
480500,0.048,0.860,0.092
481000,0.054,0.871,0.075
481500,0.045,0.878,0.077
482000,0.047,0.863,0.090
482500,0.048,0.866,0.086
483000,0.052,0.883,0.065
483500,0.048,0.887,0.065
484000,0.045,0.892,0.063
484500,0.045,0.893,0.062
485000,0.046,0.894,0.060
485500,0.042,0.893,0.065
486000,0.040,0.882,0.079
486500,0.044,0.883,0.074
487000,0.045,0.888,0.067
487500,0.048,0.871,0.081
488000,0.051,0.868,0.081
488500,0.058,0.861,0.081
489000,0.051,0.869,0.080
489500,0.046,0.875,0.079
490000,0.045,0.875,0.080
490500,0.059,0.844,0.097
491000,0.059,0.856,0.085
491500,0.058,0.850,0.092
492000,0.060,0.815,0.125
492500,0.067,0.823,0.109
493000,0.062,0.831,0.106
493500,0.064,0.832,0.103
494000,0.068,0.828,0.103
494500,0.069,0.821,0.109
495000,0.053,0.832,0.114
495500,0.057,0.857,0.086
496000,0.054,0.860,0.086
496500,0.063,0.844,0.093
497000,0.073,0.841,0.087
497500,0.069,0.839,0.092
498000,0.066,0.825,0.108
498500,0.063,0.821,0.115
499000,0.061,0.829,0.109
499500,0.062,0.828,0.109
500000,0.069,0.820,0.110
500500,0.065,0.837,0.098
501000,0.055,0.858,0.087
501500,0.057,0.865,0.078
502000,0.065,0.863,0.072
502500,0.066,0.861,0.073
503000,0.058,0.863,0.079
503500,0.061,0.863,0.076
504000,0.065,0.834,0.101
504500,0.064,0.844,0.092
505000,0.055,0.858,0.087
505500,0.061,0.835,0.104
506000,0.061,0.845,0.094
506500,0.058,0.844,0.098
507000,0.055,0.808,0.137
507500,0.050,0.841,0.109
508000,0.060,0.829,0.110
508500,0.056,0.860,0.084
509000,0.050,0.855,0.095
509500,0.064,0.849,0.087
510000,0.060,0.837,0.103
510500,0.074,0.847,0.080
511000,0.073,0.842,0.086
511500,0.068,0.842,0.090
512000,0.067,0.849,0.084
512500,0.066,0.854,0.080
513000,0.069,0.852,0.079
513500,0.076,0.818,0.106
514000,0.072,0.824,0.104
514500,0.074,0.810,0.116
515000,0.070,0.832,0.097
515500,0.062,0.848,0.090
516000,0.062,0.843,0.095
516500,0.063,0.851,0.086
517000,0.065,0.837,0.098
517500,0.057,0.828,0.114
518000,0.053,0.849,0.098
518500,0.061,0.849,0.090
519000,0.053,0.863,0.084
519500,0.043,0.874,0.083
520000,0.048,0.877,0.075
520500,0.048,0.884,0.068
521000,0.049,0.891,0.060
521500,0.050,0.886,0.064
522000,0.050,0.879,0.070
522500,0.058,0.854,0.088
523000,0.047,0.892,0.061
523500,0.048,0.891,0.061
524000,0.044,0.895,0.061
524500,0.044,0.897,0.059
525000,0.042,0.898,0.060
525500,0.046,0.888,0.066
526000,0.046,0.893,0.061
526500,0.039,0.889,0.073
527000,0.042,0.895,0.063
527500,0.041,0.898,0.061
528000,0.044,0.898,0.058
528500,0.043,0.896,0.061
529000,0.042,0.885,0.074
529500,0.039,0.891,0.070
530000,0.038,0.897,0.065
530500,0.043,0.889,0.068
531000,0.046,0.885,0.069
531500,0.052,0.878,0.069
532000,0.049,0.875,0.076
532500,0.045,0.875,0.080
533000,0.047,0.876,0.077
533500,0.046,0.886,0.068
534000,0.046,0.870,0.084
534500,0.049,0.873,0.078
535000,0.053,0.862,0.085
535500,0.044,0.887,0.069
536000,0.050,0.869,0.081
536500,0.047,0.853,0.100
537000,0.042,0.862,0.096
537500,0.050,0.862,0.088
538000,0.051,0.864,0.085
538500,0.053,0.863,0.084
539000,0.062,0.842,0.096
539500,0.060,0.842,0.098
540000,0.052,0.857,0.091
540500,0.054,0.858,0.088
541000,0.046,0.866,0.088
541500,0.055,0.843,0.102
542000,0.049,0.853,0.098
542500,0.054,0.839,0.107
543000,0.049,0.839,0.112
543500,0.046,0.855,0.099
544000,0.039,0.863,0.098
544500,0.035,0.879,0.086
545000,0.034,0.895,0.072
545500,0.034,0.897,0.069
546000,0.037,0.897,0.066
546500,0.035,0.898,0.067
547000,0.045,0.893,0.062
547500,0.048,0.891,0.061
548000,0.040,0.895,0.065
548500,0.041,0.888,0.072
549000,0.040,0.905,0.055
549500,0.043,0.889,0.068
550000,0.042,0.889,0.069
550500,0.043,0.875,0.082
551000,0.048,0.888,0.064
551500,0.046,0.887,0.067
552000,0.049,0.878,0.073
552500,0.051,0.872,0.077
553000,0.056,0.866,0.078
553500,0.058,0.883,0.059
554000,0.057,0.883,0.060
554500,0.055,0.884,0.061
555000,0.048,0.885,0.067
555500,0.049,0.890,0.061
556000,0.053,0.882,0.065
556500,0.050,0.878,0.072
557000,0.049,0.888,0.063
557500,0.046,0.874,0.080
558000,0.049,0.878,0.073
558500,0.051,0.878,0.070
559000,0.047,0.885,0.068
559500,0.046,0.874,0.080
560000,0.046,0.863,0.091
560500,0.051,0.843,0.106
561000,0.054,0.834,0.112
561500,0.047,0.857,0.096
562000,0.049,0.855,0.096
562500,0.050,0.863,0.087
563000,0.049,0.867,0.084
563500,0.050,0.871,0.079
564000,0.048,0.864,0.088
564500,0.058,0.857,0.085
565000,0.056,0.855,0.089
565500,0.045,0.869,0.086
566000,0.045,0.876,0.079
566500,0.042,0.879,0.079
567000,0.044,0.885,0.072
567500,0.044,0.874,0.082
568000,0.041,0.889,0.070
568500,0.040,0.866,0.094
569000,0.043,0.854,0.103
569500,0.044,0.853,0.103
570000,0.047,0.843,0.110
570500,0.046,0.858,0.096
571000,0.048,0.864,0.088
571500,0.051,0.859,0.090
572000,0.059,0.849,0.092
572500,0.063,0.856,0.081
573000,0.064,0.855,0.081
573500,0.061,0.861,0.078
574000,0.062,0.848,0.090
574500,0.059,0.846,0.095
575000,0.075,0.823,0.102
575500,0.080,0.819,0.101
576000,0.081,0.837,0.083
576500,0.073,0.847,0.081
577000,0.067,0.851,0.082
577500,0.066,0.846,0.088
578000,0.056,0.865,0.079
578500,0.053,0.886,0.061
579000,0.049,0.887,0.064
579500,0.054,0.870,0.076
580000,0.051,0.872,0.077
580500,0.052,0.878,0.069
581000,0.055,0.883,0.062
581500,0.062,0.862,0.076
582000,0.054,0.861,0.085
582500,0.043,0.867,0.090
583000,0.047,0.869,0.084
583500,0.047,0.878,0.075
584000,0.055,0.872,0.073
584500,0.051,0.865,0.084
585000,0.048,0.874,0.078
585500,0.046,0.852,0.102
586000,0.043,0.865,0.092
586500,0.049,0.876,0.075
587000,0.048,0.883,0.069
587500,0.045,0.880,0.075
588000,0.049,0.871,0.080
588500,0.044,0.876,0.080
589000,0.045,0.884,0.072
589500,0.044,0.900,0.056
590000,0.042,0.900,0.058
590500,0.042,0.900,0.058
591000,0.043,0.882,0.076
591500,0.042,0.892,0.066
592000,0.038,0.896,0.066
592500,0.043,0.889,0.068
593000,0.043,0.890,0.067
593500,0.041,0.889,0.070
594000,0.044,0.900,0.056
594500,0.042,0.899,0.059
595000,0.040,0.905,0.055
595500,0.041,0.891,0.068
596000,0.044,0.900,0.056
596500,0.046,0.885,0.069
597000,0.042,0.892,0.066
597500,0.046,0.876,0.078
598000,0.041,0.877,0.082
598500,0.047,0.878,0.075
599000,0.044,0.877,0.079
599500,0.053,0.876,0.070
600000,0.045,0.882,0.074
600500,0.046,0.872,0.082
601000,0.046,0.882,0.073
601500,0.044,0.877,0.079
602000,0.047,0.886,0.067
602500,0.040,0.885,0.076
603000,0.042,0.885,0.074
603500,0.039,0.888,0.074
604000,0.039,0.895,0.066
604500,0.046,0.887,0.067
605000,0.047,0.884,0.069
605500,0.045,0.875,0.080
606000,0.045,0.876,0.079
606500,0.042,0.888,0.070
607000,0.042,0.895,0.063
607500,0.041,0.880,0.079
608000,0.042,0.890,0.068
608500,0.042,0.892,0.066
609000,0.040,0.877,0.083
609500,0.043,0.874,0.083
610000,0.047,0.877,0.076
610500,0.045,0.849,0.106
611000,0.058,0.860,0.082
611500,0.062,0.854,0.084
612000,0.058,0.858,0.084
612500,0.060,0.844,0.096
613000,0.054,0.848,0.098
613500,0.046,0.873,0.081
614000,0.048,0.870,0.082
614500,0.047,0.882,0.072
615000,0.044,0.864,0.092
615500,0.048,0.876,0.076
616000,0.052,0.854,0.094
616500,0.051,0.857,0.092
617000,0.053,0.847,0.100
617500,0.057,0.849,0.094
618000,0.046,0.866,0.088
618500,0.046,0.871,0.083
619000,0.049,0.875,0.076
619500,0.049,0.878,0.073
620000,0.040,0.889,0.072
620500,0.046,0.877,0.077
621000,0.042,0.874,0.084
621500,0.058,0.862,0.080
622000,0.059,0.864,0.077
622500,0.057,0.864,0.079
623000,0.054,0.845,0.101
623500,0.050,0.853,0.097
624000,0.049,0.854,0.097
624500,0.055,0.860,0.085
625000,0.049,0.880,0.070
625500,0.055,0.870,0.075
626000,0.052,0.885,0.063
626500,0.057,0.853,0.090
627000,0.050,0.854,0.096
627500,0.044,0.845,0.111
628000,0.038,0.869,0.093
628500,0.038,0.877,0.085
629000,0.038,0.893,0.069
629500,0.040,0.895,0.065
630000,0.037,0.894,0.069
630500,0.037,0.895,0.068
631000,0.038,0.901,0.061
631500,0.035,0.920,0.045
632000,0.037,0.913,0.050
632500,0.041,0.894,0.065
633000,0.042,0.890,0.068
633500,0.041,0.895,0.064
634000,0.045,0.885,0.070
634500,0.046,0.866,0.088
635000,0.045,0.857,0.098
635500,0.048,0.858,0.094
636000,0.045,0.851,0.104
636500,0.059,0.856,0.085
637000,0.067,0.830,0.102
637500,0.061,0.851,0.088
638000,0.061,0.845,0.094
638500,0.054,0.851,0.095
639000,0.046,0.863,0.091
639500,0.044,0.867,0.089
640000,0.040,0.865,0.095
640500,0.048,0.874,0.078
641000,0.043,0.872,0.085
641500,0.041,0.877,0.082
642000,0.052,0.868,0.080
642500,0.053,0.869,0.078
643000,0.051,0.860,0.089
643500,0.045,0.869,0.086
644000,0.039,0.862,0.099
644500,0.047,0.873,0.080
645000,0.042,0.869,0.089
645500,0.046,0.878,0.076
646000,0.041,0.889,0.070
646500,0.040,0.895,0.065
647000,0.040,0.905,0.055
647500,0.035,0.911,0.054
648000,0.039,0.908,0.053
648500,0.036,0.911,0.053
649000,0.037,0.910,0.053
649500,0.037,0.911,0.052
650000,0.036,0.914,0.050
650500,0.037,0.885,0.079
651000,0.044,0.871,0.085
651500,0.046,0.876,0.078
652000,0.042,0.875,0.083
652500,0.036,0.880,0.084
653000,0.042,0.883,0.076
653500,0.040,0.885,0.076
654000,0.045,0.869,0.086
654500,0.045,0.860,0.095
655000,0.050,0.860,0.090
655500,0.048,0.870,0.082
656000,0.048,0.871,0.081
656500,0.053,0.866,0.081
657000,0.048,0.876,0.076
657500,0.049,0.864,0.087
658000,0.046,0.861,0.093
658500,0.048,0.873,0.079
659000,0.056,0.860,0.084
659500,0.051,0.865,0.084
660000,0.051,0.866,0.083
660500,0.059,0.857,0.084
661000,0.051,0.862,0.087
661500,0.044,0.872,0.084
662000,0.044,0.870,0.086
662500,0.045,0.869,0.086
663000,0.044,0.874,0.082
663500,0.043,0.885,0.073
664000,0.045,0.873,0.082
664500,0.047,0.853,0.100
665000,0.046,0.852,0.102
665500,0.046,0.861,0.093
666000,0.043,0.869,0.088
666500,0.052,0.859,0.089
667000,0.065,0.864,0.070
667500,0.064,0.862,0.074
668000,0.064,0.859,0.077
668500,0.056,0.839,0.105
669000,0.047,0.852,0.101
669500,0.048,0.869,0.083
670000,0.050,0.860,0.090
670500,0.046,0.862,0.092
671000,0.054,0.871,0.075
671500,0.050,0.885,0.065
672000,0.048,0.889,0.063
672500,0.047,0.892,0.061
673000,0.045,0.893,0.062
673500,0.044,0.892,0.064
674000,0.038,0.903,0.059
674500,0.043,0.899,0.058
675000,0.043,0.865,0.092
675500,0.042,0.882,0.077
676000,0.046,0.878,0.076
676500,0.043,0.875,0.082
677000,0.046,0.880,0.074
677500,0.042,0.879,0.079
678000,0.045,0.861,0.094
678500,0.049,0.863,0.088
679000,0.050,0.879,0.070
679500,0.052,0.855,0.093
680000,0.057,0.848,0.095
680500,0.072,0.825,0.103
681000,0.081,0.809,0.110
681500,0.060,0.822,0.117
682000,0.070,0.809,0.121
682500,0.064,0.817,0.118
683000,0.068,0.818,0.113
683500,0.072,0.821,0.107
684000,0.068,0.832,0.099
684500,0.073,0.811,0.116
685000,0.073,0.788,0.140
685500,0.077,0.815,0.108
686000,0.072,0.805,0.124
686500,0.069,0.816,0.114
687000,0.068,0.832,0.099
687500,0.069,0.815,0.115
688000,0.074,0.811,0.115
688500,0.075,0.796,0.130
689000,0.070,0.806,0.124
689500,0.065,0.835,0.100
690000,0.063,0.843,0.094
690500,0.066,0.848,0.086
691000,0.073,0.822,0.105
691500,0.074,0.838,0.089
692000,0.073,0.843,0.085
692500,0.068,0.824,0.107
693000,0.076,0.808,0.116
693500,0.067,0.816,0.116
694000,0.064,0.814,0.122
694500,0.066,0.806,0.128
695000,0.076,0.790,0.135
695500,0.075,0.819,0.106
696000,0.065,0.817,0.117
696500,0.078,0.807,0.115
697000,0.073,0.806,0.122
697500,0.072,0.813,0.115
698000,0.066,0.819,0.114
698500,0.067,0.824,0.108
699000,0.064,0.837,0.099
699500,0.065,0.825,0.109
700000,0.064,0.835,0.101
700500,0.064,0.845,0.091
701000,0.068,0.831,0.100
701500,0.070,0.838,0.092
702000,0.060,0.840,0.100
702500,0.060,0.848,0.092
703000,0.055,0.848,0.097
703500,0.058,0.834,0.108
704000,0.061,0.844,0.095
704500,0.060,0.830,0.109
705000,0.060,0.843,0.097
705500,0.054,0.858,0.088
706000,0.060,0.850,0.090
706500,0.063,0.861,0.076
707000,0.062,0.858,0.080
707500,0.064,0.856,0.080
708000,0.058,0.837,0.105
708500,0.057,0.855,0.088
709000,0.055,0.859,0.086
709500,0.053,0.863,0.084
710000,0.054,0.863,0.083
710500,0.052,0.858,0.090
711000,0.060,0.860,0.080
711500,0.065,0.851,0.084
712000,0.064,0.853,0.083
712500,0.055,0.846,0.099
713000,0.050,0.865,0.085
713500,0.050,0.874,0.076
714000,0.049,0.872,0.079
714500,0.050,0.859,0.091
715000,0.049,0.864,0.087
715500,0.050,0.869,0.081
716000,0.052,0.861,0.087
716500,0.054,0.845,0.101
717000,0.059,0.838,0.103
717500,0.067,0.843,0.090
718000,0.058,0.853,0.089
718500,0.059,0.850,0.091
719000,0.056,0.861,0.083
719500,0.059,0.859,0.082
720000,0.064,0.848,0.088
720500,0.065,0.837,0.098
721000,0.072,0.849,0.080
721500,0.059,0.857,0.084
722000,0.054,0.854,0.092
722500,0.057,0.847,0.096
723000,0.063,0.841,0.096
723500,0.056,0.853,0.091
724000,0.060,0.839,0.101
724500,0.060,0.836,0.104
725000,0.060,0.836,0.104
725500,0.055,0.856,0.089
726000,0.056,0.855,0.089
726500,0.058,0.828,0.113
727000,0.057,0.854,0.089
727500,0.055,0.839,0.106
728000,0.055,0.852,0.093
728500,0.056,0.850,0.094
729000,0.064,0.847,0.089
729500,0.065,0.809,0.126
730000,0.073,0.809,0.118
730500,0.075,0.800,0.126
731000,0.077,0.776,0.147
731500,0.073,0.796,0.132
732000,0.070,0.817,0.112
732500,0.058,0.830,0.111
733000,0.055,0.850,0.095
733500,0.055,0.851,0.094
734000,0.051,0.855,0.094
734500,0.049,0.861,0.090
735000,0.044,0.870,0.086
735500,0.045,0.875,0.080
736000,0.047,0.869,0.084
736500,0.051,0.858,0.091
737000,0.053,0.857,0.090
737500,0.061,0.848,0.091
738000,0.058,0.856,0.086
738500,0.056,0.864,0.080
739000,0.057,0.865,0.078
739500,0.053,0.867,0.080
740000,0.058,0.847,0.095
740500,0.067,0.831,0.101
741000,0.067,0.840,0.093
741500,0.070,0.829,0.100
742000,0.068,0.829,0.102
742500,0.064,0.839,0.097
743000,0.058,0.844,0.098
743500,0.053,0.848,0.099
744000,0.049,0.864,0.087
744500,0.049,0.850,0.101
745000,0.054,0.854,0.092
745500,0.052,0.859,0.089
746000,0.051,0.857,0.092
746500,0.058,0.854,0.088
747000,0.063,0.857,0.080
747500,0.064,0.864,0.072
748000,0.063,0.862,0.075
748500,0.055,0.835,0.110
749000,0.061,0.825,0.113
749500,0.065,0.834,0.101
750000,0.061,0.817,0.122
750500,0.060,0.837,0.103
751000,0.062,0.845,0.093
751500,0.057,0.859,0.084
752000,0.055,0.844,0.101
752500,0.052,0.865,0.083
753000,0.048,0.878,0.074
753500,0.047,0.887,0.066
754000,0.048,0.863,0.089
754500,0.051,0.867,0.082
755000,0.057,0.854,0.089
755500,0.069,0.835,0.096
756000,0.065,0.841,0.094
756500,0.058,0.852,0.090
757000,0.057,0.864,0.079
757500,0.050,0.871,0.079
758000,0.053,0.853,0.094
758500,0.052,0.859,0.089
759000,0.050,0.865,0.085
759500,0.053,0.825,0.122
760000,0.059,0.824,0.116
760500,0.061,0.820,0.118
761000,0.057,0.825,0.117
761500,0.060,0.825,0.114
762000,0.059,0.836,0.105
762500,0.058,0.835,0.107
763000,0.058,0.825,0.116
763500,0.061,0.830,0.108
764000,0.063,0.830,0.106
764500,0.061,0.824,0.114
765000,0.054,0.835,0.111
765500,0.048,0.852,0.100
766000,0.048,0.859,0.093
766500,0.050,0.839,0.111
767000,0.056,0.857,0.087
767500,0.053,0.842,0.105
768000,0.048,0.860,0.092
768500,0.045,0.868,0.087
769000,0.049,0.856,0.095
769500,0.055,0.861,0.084
770000,0.055,0.863,0.082
770500,0.055,0.866,0.079
771000,0.051,0.862,0.087
771500,0.056,0.874,0.069
772000,0.048,0.875,0.077
772500,0.048,0.886,0.066
773000,0.050,0.852,0.098
773500,0.054,0.836,0.110
774000,0.058,0.841,0.101
774500,0.057,0.835,0.108
775000,0.055,0.851,0.094
775500,0.049,0.846,0.105
776000,0.046,0.859,0.095
776500,0.054,0.851,0.095
777000,0.045,0.859,0.096
777500,0.042,0.868,0.090
778000,0.041,0.865,0.094
778500,0.047,0.865,0.088
779000,0.040,0.879,0.081
779500,0.039,0.886,0.076
780000,0.040,0.888,0.073
780500,0.044,0.854,0.102
781000,0.049,0.845,0.106
781500,0.056,0.854,0.090
782000,0.056,0.845,0.099
782500,0.055,0.847,0.098
783000,0.060,0.846,0.094
783500,0.062,0.838,0.100
784000,0.056,0.850,0.094
784500,0.055,0.860,0.085
785000,0.049,0.863,0.088
785500,0.049,0.875,0.076
786000,0.043,0.879,0.078
786500,0.045,0.882,0.074
787000,0.040,0.892,0.068
787500,0.042,0.905,0.053
788000,0.041,0.894,0.065
788500,0.047,0.887,0.066
789000,0.046,0.898,0.056
789500,0.044,0.889,0.067
790000,0.042,0.882,0.077
790500,0.041,0.882,0.078
791000,0.045,0.869,0.086
791500,0.046,0.869,0.085
792000,0.047,0.878,0.075
792500,0.046,0.885,0.069
793000,0.045,0.880,0.075
793500,0.041,0.889,0.070
794000,0.041,0.889,0.070
794500,0.045,0.888,0.067
795000,0.043,0.892,0.065
795500,0.043,0.871,0.086
796000,0.043,0.888,0.069
796500,0.042,0.887,0.072
797000,0.043,0.895,0.062
797500,0.042,0.871,0.087
798000,0.041,0.882,0.078
798500,0.041,0.884,0.076
799000,0.042,0.891,0.067
799500,0.043,0.880,0.077
800000,0.041,0.874,0.085
800500,0.045,0.869,0.086
801000,0.048,0.861,0.091
801500,0.040,0.862,0.098
802000,0.045,0.866,0.089
802500,0.046,0.866,0.088
803000,0.052,0.856,0.092
803500,0.049,0.865,0.086
804000,0.046,0.874,0.080
804500,0.047,0.878,0.075
805000,0.046,0.874,0.080
805500,0.051,0.855,0.094
806000,0.048,0.871,0.081
806500,0.053,0.863,0.084
807000,0.055,0.856,0.089
807500,0.059,0.857,0.084
808000,0.059,0.862,0.079
808500,0.055,0.858,0.087
809000,0.055,0.872,0.073
809500,0.061,0.878,0.060
810000,0.055,0.891,0.054
810500,0.057,0.897,0.046
811000,0.054,0.892,0.054
811500,0.050,0.884,0.066
812000,0.046,0.883,0.072
812500,0.051,0.877,0.072
813000,0.046,0.880,0.074
813500,0.049,0.878,0.073
814000,0.052,0.870,0.078
814500,0.046,0.848,0.106
815000,0.050,0.844,0.106
815500,0.056,0.836,0.108
816000,0.063,0.839,0.098
816500,0.062,0.842,0.096
817000,0.053,0.862,0.085
817500,0.046,0.851,0.103
818000,0.048,0.852,0.100
818500,0.050,0.858,0.092
819000,0.049,0.850,0.101
819500,0.049,0.851,0.100
820000,0.047,0.859,0.094
820500,0.046,0.868,0.086
821000,0.043,0.870,0.087
821500,0.042,0.875,0.083
822000,0.041,0.873,0.086
822500,0.042,0.870,0.088
823000,0.043,0.889,0.068
823500,0.043,0.869,0.088
824000,0.043,0.876,0.081
824500,0.051,0.877,0.072
825000,0.055,0.851,0.094
825500,0.055,0.847,0.098
826000,0.051,0.843,0.106
826500,0.048,0.834,0.118
827000,0.057,0.843,0.100
827500,0.052,0.850,0.098
828000,0.057,0.837,0.106
828500,0.060,0.847,0.093
829000,0.062,0.840,0.098
829500,0.056,0.832,0.111
830000,0.054,0.834,0.112
830500,0.055,0.848,0.097
831000,0.058,0.842,0.100
831500,0.050,0.853,0.097
832000,0.053,0.846,0.101
832500,0.055,0.844,0.101
833000,0.056,0.841,0.103
833500,0.057,0.831,0.111
834000,0.063,0.838,0.099
834500,0.059,0.839,0.102
835000,0.052,0.838,0.110
835500,0.052,0.857,0.091
836000,0.052,0.853,0.095
836500,0.052,0.849,0.099
837000,0.059,0.850,0.091
837500,0.055,0.867,0.078
838000,0.052,0.882,0.066
838500,0.052,0.870,0.078
839000,0.049,0.877,0.074
839500,0.049,0.883,0.068
840000,0.054,0.859,0.087
840500,0.056,0.844,0.100
841000,0.047,0.845,0.108
841500,0.047,0.854,0.099
842000,0.050,0.864,0.086
842500,0.046,0.863,0.091
843000,0.044,0.874,0.082
843500,0.045,0.869,0.086
844000,0.053,0.861,0.086
844500,0.044,0.871,0.085
845000,0.047,0.858,0.095
845500,0.055,0.852,0.093
846000,0.059,0.834,0.107
846500,0.060,0.846,0.094
847000,0.057,0.839,0.104
847500,0.056,0.846,0.098
848000,0.054,0.847,0.099
848500,0.051,0.865,0.084
849000,0.049,0.861,0.090
849500,0.049,0.861,0.090
850000,0.049,0.874,0.077
850500,0.050,0.866,0.084
851000,0.049,0.874,0.077
851500,0.047,0.878,0.075
852000,0.048,0.855,0.097
852500,0.043,0.875,0.082
853000,0.042,0.883,0.076
853500,0.047,0.871,0.082
854000,0.044,0.889,0.067
854500,0.048,0.890,0.062
855000,0.050,0.893,0.057
855500,0.047,0.902,0.051
856000,0.044,0.903,0.053
856500,0.045,0.891,0.064
857000,0.044,0.897,0.059
857500,0.045,0.894,0.061
858000,0.045,0.896,0.059
858500,0.043,0.901,0.056
859000,0.042,0.899,0.059
859500,0.045,0.891,0.064
860000,0.046,0.896,0.058
860500,0.045,0.897,0.058
861000,0.049,0.880,0.070
861500,0.043,0.883,0.075
862000,0.045,0.889,0.066
862500,0.051,0.889,0.060
863000,0.049,0.887,0.064
863500,0.047,0.888,0.065
864000,0.046,0.903,0.051
864500,0.041,0.909,0.050
865000,0.038,0.916,0.046
865500,0.039,0.916,0.045
866000,0.041,0.910,0.049
866500,0.038,0.909,0.053
867000,0.042,0.888,0.070
867500,0.039,0.899,0.062
868000,0.039,0.906,0.055
868500,0.038,0.911,0.051
869000,0.038,0.898,0.064
869500,0.036,0.907,0.057
870000,0.039,0.916,0.045
870500,0.039,0.913,0.048
871000,0.042,0.904,0.054
871500,0.040,0.900,0.060
872000,0.042,0.897,0.061
872500,0.037,0.904,0.059
873000,0.037,0.911,0.052
873500,0.036,0.896,0.068
874000,0.041,0.877,0.082
874500,0.041,0.902,0.057
875000,0.039,0.913,0.048
875500,0.036,0.906,0.058
876000,0.036,0.879,0.085
876500,0.039,0.895,0.066
877000,0.038,0.894,0.068
877500,0.041,0.892,0.067
878000,0.045,0.882,0.074
878500,0.042,0.894,0.064
879000,0.041,0.890,0.069
879500,0.050,0.885,0.065
880000,0.046,0.882,0.073
880500,0.051,0.868,0.081
881000,0.050,0.891,0.059
881500,0.048,0.887,0.065
882000,0.045,0.892,0.063
882500,0.039,0.887,0.075
883000,0.039,0.878,0.083
883500,0.041,0.885,0.075
884000,0.040,0.897,0.063
884500,0.041,0.886,0.074
885000,0.038,0.874,0.088
885500,0.049,0.885,0.066
886000,0.044,0.882,0.075
886500,0.044,0.880,0.076
887000,0.046,0.882,0.073
887500,0.045,0.889,0.066
888000,0.051,0.887,0.062
888500,0.053,0.885,0.062
889000,0.052,0.885,0.063
889500,0.050,0.898,0.052
890000,0.048,0.905,0.047
890500,0.045,0.903,0.052
891000,0.050,0.898,0.052
891500,0.055,0.894,0.051
892000,0.055,0.890,0.055
892500,0.051,0.868,0.081
893000,0.046,0.860,0.094
893500,0.045,0.875,0.080
894000,0.046,0.876,0.078
894500,0.041,0.892,0.067
895000,0.046,0.868,0.086
895500,0.036,0.890,0.075
896000,0.035,0.895,0.070
896500,0.039,0.878,0.083
897000,0.044,0.866,0.090
897500,0.041,0.880,0.079
898000,0.038,0.897,0.065
898500,0.041,0.888,0.072
899000,0.053,0.848,0.099
899500,0.056,0.859,0.085
900000,0.055,0.865,0.080
900500,0.051,0.870,0.079
901000,0.056,0.858,0.086
901500,0.064,0.851,0.085
902000,0.061,0.846,0.093
902500,0.058,0.860,0.082
903000,0.049,0.879,0.072
903500,0.050,0.882,0.068
904000,0.052,0.853,0.095
904500,0.049,0.840,0.111
905000,0.055,0.840,0.105
905500,0.068,0.826,0.105
906000,0.092,0.817,0.091
906500,0.083,0.824,0.093
907000,0.082,0.823,0.095
907500,0.074,0.819,0.107
908000,0.076,0.805,0.120
908500,0.075,0.812,0.113
909000,0.067,0.816,0.116
909500,0.067,0.817,0.115
910000,0.062,0.837,0.101
910500,0.064,0.840,0.096
911000,0.066,0.832,0.101
911500,0.062,0.857,0.081
912000,0.059,0.856,0.085
912500,0.055,0.829,0.115
913000,0.061,0.828,0.110
913500,0.060,0.840,0.100
914000,0.061,0.822,0.116
914500,0.060,0.836,0.104
915000,0.056,0.816,0.128
915500,0.055,0.825,0.120
916000,0.068,0.813,0.118
916500,0.069,0.817,0.113
917000,0.072,0.823,0.105
917500,0.065,0.835,0.100
918000,0.052,0.854,0.094
918500,0.057,0.855,0.088
919000,0.060,0.835,0.105
919500,0.053,0.846,0.101
920000,0.056,0.859,0.085
920500,0.051,0.858,0.091
921000,0.047,0.863,0.090
921500,0.048,0.868,0.084
922000,0.051,0.868,0.081
922500,0.047,0.851,0.102
923000,0.046,0.876,0.078
923500,0.046,0.863,0.091
924000,0.054,0.866,0.080
924500,0.051,0.841,0.108
925000,0.051,0.842,0.107
925500,0.054,0.849,0.097
926000,0.050,0.831,0.118
926500,0.052,0.845,0.103
927000,0.055,0.856,0.089
927500,0.053,0.860,0.087
928000,0.046,0.859,0.095
928500,0.050,0.864,0.086
929000,0.047,0.875,0.078
929500,0.049,0.879,0.072
930000,0.047,0.875,0.078
930500,0.045,0.877,0.078
931000,0.048,0.874,0.078
931500,0.050,0.874,0.076
932000,0.047,0.880,0.073
932500,0.046,0.884,0.070
933000,0.046,0.886,0.068
933500,0.048,0.884,0.068
934000,0.045,0.873,0.082
934500,0.046,0.882,0.073
935000,0.049,0.873,0.078
935500,0.050,0.863,0.087
936000,0.048,0.874,0.078
936500,0.057,0.860,0.083
937000,0.050,0.872,0.078
937500,0.048,0.878,0.074
938000,0.041,0.891,0.068
938500,0.049,0.871,0.080
939000,0.048,0.856,0.096
939500,0.052,0.859,0.089
940000,0.052,0.864,0.084
940500,0.057,0.857,0.086
941000,0.063,0.858,0.079
941500,0.054,0.872,0.074
942000,0.049,0.867,0.084
942500,0.052,0.865,0.083
943000,0.054,0.868,0.078
943500,0.051,0.862,0.087
944000,0.053,0.873,0.074
944500,0.054,0.865,0.081
945000,0.049,0.868,0.083
945500,0.053,0.875,0.072
946000,0.053,0.868,0.079
946500,0.048,0.882,0.070
947000,0.056,0.858,0.086
947500,0.054,0.864,0.082
948000,0.053,0.872,0.075
948500,0.055,0.887,0.058
949000,0.052,0.893,0.055
949500,0.056,0.886,0.058
950000,0.054,0.886,0.060
950500,0.051,0.874,0.075
951000,0.049,0.880,0.070
951500,0.051,0.890,0.059
952000,0.051,0.894,0.055
952500,0.052,0.891,0.057
953000,0.048,0.879,0.073
953500,0.048,0.876,0.076
954000,0.048,0.882,0.070
954500,0.044,0.890,0.066
955000,0.039,0.895,0.066
955500,0.042,0.897,0.061
956000,0.045,0.889,0.066
956500,0.050,0.882,0.068
957000,0.058,0.875,0.066
957500,0.057,0.873,0.069
958000,0.064,0.838,0.098
958500,0.065,0.837,0.098
959000,0.066,0.839,0.095
959500,0.058,0.854,0.088
960000,0.069,0.854,0.077
960500,0.070,0.831,0.098
961000,0.076,0.832,0.092
961500,0.065,0.843,0.092
962000,0.067,0.855,0.078
962500,0.063,0.856,0.081
963000,0.059,0.868,0.073
963500,0.063,0.854,0.083
964000,0.066,0.817,0.116
964500,0.062,0.816,0.122
965000,0.064,0.826,0.109
965500,0.063,0.822,0.114
966000,0.054,0.845,0.101
966500,0.048,0.856,0.096
967000,0.045,0.851,0.104
967500,0.048,0.861,0.091
968000,0.045,0.875,0.080
968500,0.046,0.874,0.080
969000,0.049,0.877,0.074
969500,0.050,0.879,0.070
970000,0.047,0.884,0.069
970500,0.047,0.858,0.095
971000,0.046,0.853,0.101
971500,0.047,0.868,0.085
972000,0.042,0.873,0.085
972500,0.045,0.864,0.091
973000,0.045,0.868,0.087
973500,0.048,0.868,0.084
974000,0.049,0.844,0.107
974500,0.051,0.845,0.104
975000,0.051,0.857,0.092
975500,0.045,0.877,0.078
976000,0.045,0.872,0.083
976500,0.044,0.889,0.067
977000,0.043,0.870,0.087
977500,0.042,0.882,0.077
978000,0.046,0.870,0.084
978500,0.045,0.886,0.069
979000,0.044,0.894,0.062
979500,0.044,0.877,0.079
980000,0.045,0.876,0.079
980500,0.041,0.892,0.067
981000,0.045,0.895,0.060
981500,0.043,0.894,0.063
982000,0.043,0.891,0.066
982500,0.039,0.901,0.060
983000,0.044,0.891,0.065
983500,0.038,0.902,0.060
984000,0.041,0.889,0.070
984500,0.039,0.889,0.073
985000,0.039,0.899,0.062
985500,0.037,0.904,0.059
986000,0.047,0.885,0.068
986500,0.049,0.877,0.074
987000,0.048,0.879,0.073
987500,0.049,0.870,0.081
988000,0.052,0.871,0.077
988500,0.044,0.877,0.079
989000,0.045,0.868,0.087
989500,0.044,0.884,0.073
990000,0.050,0.876,0.074
990500,0.053,0.877,0.069
991000,0.051,0.876,0.073
991500,0.053,0.883,0.064
992000,0.045,0.880,0.075
992500,0.040,0.871,0.089
993000,0.040,0.885,0.076
993500,0.039,0.897,0.064
994000,0.043,0.888,0.069
994500,0.045,0.892,0.063
995000,0.049,0.890,0.061
995500,0.042,0.894,0.064
996000,0.045,0.892,0.063
996500,0.053,0.880,0.066
997000,0.049,0.873,0.078
997500,0.045,0.866,0.089
998000,0.051,0.867,0.082
998500,0.046,0.891,0.063
999000,0.047,0.877,0.076
999500,0.053,0.854,0.093
1000000,0.061,0.853,0.086
