time,n_A+p,n_B,n_AB
500,0.050,0.883,0.067
1000,0.050,0.770,0.180
1500,0.050,0.685,0.264
2000,0.050,0.646,0.303
2500,0.050,0.585,0.365
3000,0.050,0.557,0.392
3500,0.050,0.519,0.430
4000,0.050,0.445,0.505
4500,0.050,0.497,0.452
5000,0.054,0.463,0.483
5500,0.051,0.478,0.470
6000,0.050,0.520,0.430
6500,0.050,0.475,0.474
7000,0.050,0.460,0.490
7500,0.051,0.441,0.508
8000,0.050,0.417,0.532
8500,0.050,0.422,0.528
9000,0.050,0.426,0.523
9500,0.057,0.436,0.507
10000,0.052,0.446,0.502
10500,0.052,0.487,0.461
11000,0.051,0.472,0.477
11500,0.051,0.494,0.455
12000,0.050,0.441,0.509
12500,0.050,0.468,0.482
13000,0.050,0.413,0.536
13500,0.050,0.453,0.497
14000,0.050,0.453,0.497
14500,0.050,0.515,0.435
15000,0.050,0.528,0.421
15500,0.050,0.495,0.454
16000,0.050,0.553,0.396
16500,0.050,0.539,0.410
17000,0.050,0.535,0.414
17500,0.050,0.505,0.445
18000,0.050,0.515,0.435
18500,0.050,0.535,0.414
19000,0.054,0.507,0.439
19500,0.052,0.499,0.448
20000,0.050,0.450,0.500
20500,0.053,0.472,0.475
21000,0.050,0.442,0.508
21500,0.051,0.404,0.545
22000,0.053,0.383,0.564
22500,0.051,0.405,0.545
23000,0.058,0.369,0.573
23500,0.057,0.395,0.549
24000,0.052,0.464,0.483
24500,0.054,0.457,0.489
25000,0.052,0.480,0.468
25500,0.052,0.434,0.514
26000,0.051,0.403,0.546
26500,0.052,0.453,0.495
27000,0.051,0.431,0.517
27500,0.051,0.446,0.503
28000,0.051,0.511,0.439
28500,0.050,0.485,0.465
29000,0.050,0.542,0.408
29500,0.050,0.510,0.440
30000,0.050,0.505,0.445
30500,0.050,0.506,0.444
31000,0.050,0.461,0.489
31500,0.050,0.475,0.475
32000,0.050,0.500,0.450
32500,0.051,0.470,0.478
33000,0.053,0.429,0.518
33500,0.053,0.424,0.522
34000,0.054,0.426,0.520
34500,0.051,0.430,0.520
35000,0.051,0.442,0.508
35500,0.050,0.402,0.548
36000,0.054,0.428,0.518
36500,0.051,0.408,0.542
37000,0.051,0.396,0.554
37500,0.050,0.464,0.486
38000,0.050,0.508,0.442
38500,0.050,0.509,0.441
39000,0.050,0.529,0.420
39500,0.050,0.543,0.407
40000,0.050,0.512,0.438
40500,0.050,0.478,0.472
41000,0.052,0.457,0.491
41500,0.050,0.414,0.536
42000,0.050,0.398,0.552
42500,0.058,0.422,0.520
43000,0.051,0.398,0.550
43500,0.051,0.412,0.537
44000,0.050,0.462,0.488
44500,0.050,0.456,0.494
45000,0.050,0.439,0.511
45500,0.050,0.443,0.507
46000,0.051,0.439,0.510
46500,0.052,0.480,0.467
47000,0.053,0.537,0.410
47500,0.050,0.560,0.390
48000,0.050,0.518,0.432
48500,0.050,0.530,0.420
49000,0.050,0.478,0.471
49500,0.050,0.482,0.468
50000,0.050,0.414,0.535
50500,0.052,0.480,0.467
51000,0.051,0.495,0.455
51500,0.050,0.435,0.514
52000,0.050,0.432,0.517
52500,0.050,0.442,0.508
53000,0.050,0.447,0.503
53500,0.050,0.414,0.536
54000,0.053,0.442,0.504
54500,0.051,0.458,0.491
55000,0.052,0.443,0.505
55500,0.054,0.460,0.486
56000,0.051,0.406,0.542
56500,0.055,0.390,0.555
57000,0.052,0.454,0.494
57500,0.052,0.451,0.497
58000,0.050,0.439,0.511
58500,0.050,0.491,0.458
59000,0.050,0.495,0.454
59500,0.050,0.470,0.479
60000,0.050,0.458,0.492
60500,0.051,0.462,0.487
61000,0.050,0.492,0.457
61500,0.050,0.515,0.434
62000,0.050,0.512,0.438
62500,0.050,0.490,0.459
63000,0.050,0.502,0.448
63500,0.050,0.500,0.450
64000,0.050,0.490,0.459
64500,0.050,0.523,0.427
65000,0.050,0.470,0.480
65500,0.050,0.429,0.521
66000,0.050,0.455,0.495
66500,0.050,0.420,0.530
67000,0.052,0.460,0.488
67500,0.051,0.450,0.499
68000,0.050,0.460,0.490
68500,0.050,0.413,0.537
69000,0.050,0.430,0.519
69500,0.061,0.367,0.571
70000,0.054,0.405,0.541
70500,0.051,0.476,0.473
71000,0.051,0.481,0.469
71500,0.050,0.475,0.475
72000,0.050,0.466,0.484
72500,0.051,0.514,0.434
73000,0.050,0.515,0.434
73500,0.050,0.487,0.463
74000,0.050,0.449,0.501
74500,0.050,0.464,0.486
75000,0.050,0.477,0.472
75500,0.050,0.468,0.482
76000,0.051,0.490,0.459
76500,0.051,0.470,0.479
77000,0.053,0.510,0.436
77500,0.061,0.482,0.457
78000,0.052,0.423,0.524
78500,0.051,0.491,0.459
79000,0.051,0.471,0.478
79500,0.050,0.462,0.488
80000,0.050,0.437,0.513
80500,0.050,0.456,0.494
81000,0.050,0.413,0.537
81500,0.053,0.463,0.483
82000,0.050,0.502,0.448
82500,0.050,0.491,0.459
83000,0.050,0.501,0.449
83500,0.050,0.504,0.446
84000,0.050,0.497,0.452
84500,0.052,0.498,0.450
85000,0.051,0.478,0.471
85500,0.050,0.440,0.510
86000,0.056,0.489,0.456
86500,0.051,0.440,0.508
87000,0.051,0.498,0.452
87500,0.051,0.469,0.480
88000,0.055,0.473,0.472
88500,0.051,0.515,0.433
89000,0.050,0.506,0.444
89500,0.050,0.533,0.416
90000,0.050,0.498,0.451
90500,0.050,0.463,0.487
91000,0.051,0.464,0.485
91500,0.051,0.431,0.518
92000,0.050,0.428,0.522
92500,0.050,0.443,0.507
93000,0.050,0.433,0.516
93500,0.050,0.466,0.484
94000,0.050,0.459,0.491
94500,0.050,0.468,0.482
95000,0.050,0.458,0.492
95500,0.050,0.424,0.525
96000,0.054,0.385,0.561
96500,0.052,0.429,0.518
97000,0.057,0.390,0.553
97500,0.051,0.436,0.514
98000,0.052,0.434,0.513
98500,0.051,0.496,0.453
99000,0.051,0.463,0.487
99500,0.050,0.505,0.445
100000,0.050,0.508,0.442
100500,0.050,0.491,0.459
101000,0.054,0.462,0.484
101500,0.051,0.488,0.461
102000,0.050,0.489,0.461
102500,0.052,0.470,0.477
103000,0.051,0.498,0.452
103500,0.051,0.475,0.475
104000,0.050,0.467,0.483
104500,0.050,0.476,0.474
105000,0.053,0.456,0.491
105500,0.052,0.410,0.537
106000,0.050,0.425,0.525
106500,0.050,0.463,0.487
107000,0.050,0.512,0.438
107500,0.050,0.496,0.453
108000,0.050,0.452,0.498
108500,0.050,0.477,0.473
109000,0.056,0.435,0.509
109500,0.051,0.403,0.546
110000,0.056,0.413,0.531
110500,0.052,0.473,0.474
111000,0.050,0.523,0.427
111500,0.050,0.465,0.485
112000,0.050,0.431,0.519
112500,0.050,0.396,0.554
113000,0.050,0.433,0.517
113500,0.052,0.476,0.471
114000,0.051,0.457,0.492
114500,0.050,0.455,0.495
115000,0.050,0.423,0.527
115500,0.050,0.422,0.527
116000,0.050,0.408,0.541
116500,0.050,0.447,0.503
117000,0.051,0.495,0.454
117500,0.050,0.495,0.455
118000,0.051,0.489,0.460
118500,0.051,0.542,0.407
119000,0.050,0.493,0.456
119500,0.050,0.472,0.478
120000,0.057,0.437,0.506
120500,0.051,0.411,0.538
121000,0.050,0.498,0.451
121500,0.050,0.449,0.501
122000,0.057,0.417,0.526
122500,0.052,0.454,0.494
123000,0.051,0.507,0.442
123500,0.050,0.531,0.418
124000,0.050,0.502,0.448
124500,0.050,0.514,0.435
125000,0.050,0.498,0.452
125500,0.051,0.487,0.462
126000,0.051,0.404,0.545
126500,0.054,0.364,0.582
127000,0.051,0.377,0.573
127500,0.051,0.399,0.550
128000,0.052,0.414,0.533
128500,0.057,0.373,0.569
129000,0.059,0.372,0.569
129500,0.051,0.379,0.571
130000,0.054,0.383,0.562
130500,0.055,0.407,0.538
131000,0.056,0.361,0.583
131500,0.057,0.409,0.534
132000,0.051,0.450,0.499
132500,0.050,0.403,0.547
133000,0.054,0.407,0.538
133500,0.051,0.439,0.510
134000,0.050,0.432,0.517
134500,0.050,0.460,0.490
135000,0.050,0.470,0.480
135500,0.050,0.438,0.512
136000,0.053,0.398,0.548
136500,0.056,0.409,0.535
137000,0.051,0.405,0.544
137500,0.052,0.388,0.559
138000,0.051,0.451,0.499
138500,0.050,0.465,0.485
139000,0.050,0.447,0.503
139500,0.050,0.421,0.529
140000,0.050,0.465,0.485
140500,0.050,0.467,0.483
141000,0.050,0.481,0.468
141500,0.050,0.451,0.499
142000,0.050,0.436,0.514
142500,0.050,0.468,0.482
143000,0.050,0.466,0.484
143500,0.050,0.524,0.426
144000,0.050,0.480,0.469
144500,0.050,0.443,0.507
145000,0.050,0.468,0.482
145500,0.050,0.430,0.519
146000,0.050,0.457,0.493
146500,0.050,0.435,0.514
147000,0.050,0.445,0.505
147500,0.050,0.443,0.507
148000,0.052,0.469,0.479
148500,0.051,0.419,0.530
149000,0.050,0.457,0.493
149500,0.050,0.510,0.440
150000,0.050,0.507,0.443
150500,0.050,0.556,0.394
151000,0.050,0.470,0.480
151500,0.050,0.454,0.496
152000,0.051,0.503,0.446
152500,0.051,0.489,0.461
153000,0.051,0.493,0.456
153500,0.050,0.522,0.427
154000,0.050,0.487,0.463
154500,0.050,0.429,0.521
155000,0.053,0.450,0.497
155500,0.052,0.437,0.510
156000,0.053,0.478,0.469
156500,0.051,0.491,0.459
157000,0.050,0.505,0.445
157500,0.050,0.502,0.448
158000,0.050,0.475,0.475
158500,0.050,0.554,0.395
159000,0.050,0.547,0.403
159500,0.053,0.447,0.500
160000,0.052,0.451,0.497
160500,0.051,0.461,0.488
161000,0.051,0.430,0.519
161500,0.050,0.392,0.558
162000,0.054,0.384,0.562
162500,0.051,0.435,0.514
163000,0.050,0.450,0.500
163500,0.050,0.460,0.490
164000,0.050,0.452,0.498
164500,0.050,0.491,0.459
165000,0.050,0.524,0.426
165500,0.050,0.457,0.493
166000,0.050,0.468,0.482
166500,0.050,0.432,0.517
167000,0.051,0.500,0.448
167500,0.050,0.485,0.465
168000,0.050,0.433,0.517
168500,0.052,0.432,0.515
169000,0.051,0.445,0.504
169500,0.053,0.472,0.474
170000,0.051,0.497,0.453
170500,0.050,0.458,0.492
171000,0.050,0.490,0.459
171500,0.051,0.491,0.458
172000,0.051,0.439,0.510
172500,0.051,0.460,0.489
173000,0.050,0.524,0.426
173500,0.050,0.514,0.435
174000,0.053,0.454,0.493
174500,0.051,0.449,0.501
175000,0.051,0.461,0.488
175500,0.050,0.470,0.480
176000,0.050,0.445,0.505
176500,0.050,0.415,0.534
177000,0.050,0.442,0.508
177500,0.050,0.424,0.525
178000,0.054,0.450,0.496
178500,0.052,0.507,0.441
179000,0.051,0.493,0.457
179500,0.050,0.515,0.434
180000,0.050,0.521,0.429
180500,0.050,0.545,0.405
181000,0.050,0.489,0.460
181500,0.050,0.428,0.521
182000,0.050,0.463,0.487
182500,0.050,0.467,0.483
183000,0.050,0.431,0.518
183500,0.050,0.449,0.501
184000,0.050,0.479,0.471
184500,0.050,0.497,0.452
185000,0.050,0.501,0.449
185500,0.050,0.478,0.471
186000,0.060,0.443,0.497
186500,0.054,0.440,0.506
187000,0.051,0.451,0.498
187500,0.053,0.409,0.537
188000,0.051,0.353,0.596
188500,0.050,0.432,0.517
189000,0.054,0.400,0.546
189500,0.062,0.390,0.548
190000,0.059,0.371,0.569
190500,0.052,0.366,0.581
191000,0.054,0.372,0.573
191500,0.054,0.374,0.571
192000,0.051,0.432,0.516
192500,0.052,0.515,0.432
193000,0.051,0.505,0.444
193500,0.050,0.490,0.460
194000,0.050,0.455,0.495
194500,0.050,0.459,0.491
195000,0.050,0.470,0.480
195500,0.050,0.487,0.463
196000,0.050,0.509,0.441
196500,0.050,0.509,0.441
197000,0.050,0.504,0.446
197500,0.050,0.510,0.440
198000,0.050,0.563,0.387
198500,0.050,0.509,0.441
199000,0.050,0.470,0.480
199500,0.050,0.538,0.411
200000,0.050,0.497,0.453
200500,0.050,0.455,0.495
201000,0.050,0.435,0.515
201500,0.053,0.402,0.545
202000,0.056,0.344,0.600
202500,0.050,0.390,0.560
203000,0.050,0.420,0.530
203500,0.050,0.470,0.479
204000,0.050,0.451,0.499
204500,0.055,0.407,0.537
205000,0.051,0.450,0.499
205500,0.050,0.440,0.510
206000,0.050,0.432,0.517
206500,0.050,0.426,0.524
207000,0.050,0.395,0.555
207500,0.051,0.469,0.480
208000,0.050,0.518,0.431
208500,0.050,0.512,0.438
209000,0.050,0.412,0.537
209500,0.050,0.454,0.496
210000,0.050,0.473,0.477
210500,0.050,0.492,0.457
211000,0.050,0.485,0.465
211500,0.050,0.478,0.471
212000,0.050,0.523,0.426
212500,0.050,0.481,0.469
213000,0.050,0.508,0.442
213500,0.050,0.454,0.496
214000,0.050,0.495,0.454
214500,0.050,0.448,0.502
215000,0.052,0.445,0.503
215500,0.051,0.459,0.490
216000,0.050,0.507,0.443
216500,0.050,0.529,0.420
217000,0.050,0.526,0.423
217500,0.050,0.543,0.407
218000,0.050,0.557,0.393
218500,0.050,0.564,0.386
219000,0.050,0.488,0.462
219500,0.051,0.481,0.468
220000,0.051,0.515,0.434
220500,0.050,0.514,0.436
221000,0.050,0.451,0.499
221500,0.050,0.469,0.481
222000,0.050,0.464,0.486
222500,0.051,0.476,0.473
223000,0.052,0.447,0.501
223500,0.051,0.452,0.497
224000,0.051,0.471,0.478
224500,0.050,0.457,0.493
225000,0.050,0.490,0.459
225500,0.050,0.474,0.475
226000,0.050,0.453,0.497
226500,0.050,0.465,0.485
227000,0.050,0.460,0.490
227500,0.052,0.433,0.514
228000,0.051,0.466,0.483
228500,0.050,0.496,0.453
229000,0.051,0.507,0.443
229500,0.050,0.424,0.526
230000,0.050,0.473,0.477
230500,0.050,0.493,0.457
231000,0.050,0.459,0.491
231500,0.050,0.475,0.475
232000,0.050,0.433,0.516
232500,0.050,0.475,0.475
233000,0.053,0.487,0.459
233500,0.051,0.511,0.439
234000,0.051,0.545,0.404
234500,0.050,0.492,0.457
235000,0.050,0.485,0.465
235500,0.050,0.518,0.431
236000,0.050,0.470,0.479
236500,0.050,0.510,0.440
237000,0.050,0.510,0.440
237500,0.050,0.483,0.466
238000,0.050,0.433,0.516
238500,0.052,0.416,0.532
239000,0.051,0.479,0.471
239500,0.050,0.491,0.459
240000,0.050,0.488,0.461
240500,0.050,0.456,0.494
241000,0.051,0.429,0.520
241500,0.060,0.429,0.510
242000,0.053,0.467,0.479
242500,0.051,0.475,0.475
243000,0.051,0.431,0.518
243500,0.050,0.450,0.500
244000,0.050,0.478,0.472
244500,0.050,0.503,0.447
245000,0.050,0.485,0.465
245500,0.053,0.433,0.514
246000,0.054,0.434,0.512
246500,0.051,0.442,0.506
247000,0.050,0.440,0.510
247500,0.050,0.403,0.547
248000,0.050,0.434,0.515
248500,0.050,0.462,0.488
249000,0.054,0.435,0.510
249500,0.057,0.381,0.563
250000,0.051,0.400,0.548
250500,0.058,0.394,0.548
251000,0.056,0.412,0.532
251500,0.057,0.403,0.541
252000,0.051,0.403,0.546
252500,0.056,0.413,0.532
253000,0.056,0.432,0.512
253500,0.051,0.456,0.493
254000,0.054,0.480,0.465
254500,0.051,0.478,0.472
255000,0.054,0.486,0.459
255500,0.051,0.495,0.455
256000,0.050,0.456,0.494
256500,0.050,0.475,0.475
257000,0.050,0.466,0.484
257500,0.052,0.463,0.485
258000,0.056,0.471,0.474
258500,0.050,0.447,0.503
259000,0.050,0.450,0.500
259500,0.050,0.451,0.499
260000,0.057,0.430,0.513
260500,0.059,0.431,0.509
261000,0.052,0.462,0.486
261500,0.051,0.476,0.473
262000,0.050,0.495,0.455
262500,0.051,0.536,0.413
263000,0.051,0.491,0.459
263500,0.050,0.436,0.514
264000,0.054,0.445,0.501
264500,0.053,0.463,0.483
265000,0.051,0.468,0.482
265500,0.053,0.427,0.519
266000,0.051,0.457,0.493
266500,0.050,0.442,0.508
267000,0.050,0.448,0.502
267500,0.054,0.489,0.456
268000,0.051,0.532,0.417
268500,0.050,0.508,0.442
269000,0.053,0.474,0.473
269500,0.051,0.504,0.445
270000,0.051,0.526,0.423
270500,0.050,0.432,0.517
271000,0.050,0.417,0.533
271500,0.050,0.440,0.510
272000,0.050,0.515,0.434
272500,0.050,0.496,0.453
273000,0.050,0.489,0.461
273500,0.050,0.464,0.486
274000,0.050,0.424,0.526
274500,0.050,0.390,0.560
275000,0.051,0.402,0.547
275500,0.057,0.397,0.546
276000,0.053,0.423,0.523
276500,0.053,0.415,0.531
277000,0.056,0.379,0.565
277500,0.054,0.390,0.556
278000,0.051,0.393,0.556
278500,0.052,0.421,0.526
279000,0.054,0.432,0.513
279500,0.051,0.396,0.553
280000,0.050,0.416,0.533
280500,0.050,0.458,0.492
281000,0.050,0.469,0.481
281500,0.050,0.467,0.483
282000,0.050,0.458,0.492
282500,0.052,0.465,0.482
283000,0.051,0.428,0.520
283500,0.051,0.464,0.486
284000,0.051,0.478,0.471
284500,0.050,0.446,0.504
285000,0.050,0.461,0.489
285500,0.050,0.415,0.534
286000,0.052,0.435,0.513
286500,0.050,0.445,0.505
287000,0.050,0.509,0.441
287500,0.050,0.522,0.428
288000,0.050,0.479,0.471
288500,0.050,0.510,0.440
289000,0.050,0.414,0.535
289500,0.050,0.493,0.456
290000,0.050,0.511,0.439
290500,0.050,0.468,0.482
291000,0.050,0.488,0.462
291500,0.050,0.469,0.481
292000,0.050,0.465,0.485
292500,0.050,0.424,0.525
293000,0.050,0.458,0.492
293500,0.050,0.446,0.504
294000,0.050,0.491,0.459
294500,0.050,0.483,0.466
295000,0.050,0.476,0.473
295500,0.050,0.473,0.476
296000,0.050,0.502,0.448
296500,0.052,0.485,0.462
297000,0.051,0.492,0.457
297500,0.050,0.455,0.495
298000,0.050,0.424,0.526
298500,0.050,0.406,0.544
299000,0.058,0.386,0.556
299500,0.052,0.403,0.545
300000,0.051,0.457,0.491
300500,0.051,0.451,0.498
301000,0.054,0.430,0.516
301500,0.051,0.448,0.501
302000,0.051,0.488,0.462
302500,0.050,0.453,0.497
303000,0.054,0.430,0.516
303500,0.051,0.457,0.493
304000,0.050,0.478,0.472
304500,0.050,0.455,0.495
305000,0.050,0.466,0.484
305500,0.050,0.492,0.458
306000,0.055,0.434,0.511
306500,0.053,0.382,0.565
307000,0.059,0.414,0.527
307500,0.052,0.417,0.531
308000,0.055,0.356,0.589
308500,0.056,0.377,0.567
309000,0.055,0.419,0.525
309500,0.051,0.433,0.516
310000,0.051,0.409,0.539
310500,0.050,0.411,0.538
311000,0.050,0.420,0.529
311500,0.050,0.475,0.475
312000,0.054,0.464,0.482
312500,0.050,0.433,0.517
313000,0.052,0.476,0.471
313500,0.051,0.486,0.462
314000,0.051,0.463,0.486
314500,0.053,0.475,0.471
315000,0.051,0.404,0.545
315500,0.051,0.466,0.483
316000,0.050,0.469,0.481
316500,0.050,0.473,0.477
317000,0.050,0.449,0.501
317500,0.050,0.444,0.506
318000,0.050,0.470,0.479
318500,0.050,0.503,0.447
319000,0.051,0.461,0.488
319500,0.051,0.431,0.518
320000,0.050,0.437,0.513
320500,0.050,0.412,0.538
321000,0.059,0.387,0.554
321500,0.065,0.382,0.554
322000,0.055,0.411,0.534
322500,0.056,0.372,0.573
323000,0.057,0.367,0.577
323500,0.052,0.444,0.504
324000,0.051,0.468,0.482
324500,0.050,0.450,0.500
325000,0.056,0.451,0.493
325500,0.052,0.436,0.511
326000,0.051,0.504,0.445
326500,0.050,0.533,0.416
327000,0.050,0.477,0.472
327500,0.050,0.460,0.490
328000,0.050,0.476,0.473
328500,0.050,0.456,0.494
329000,0.053,0.392,0.554
329500,0.060,0.391,0.549
330000,0.054,0.419,0.526
330500,0.051,0.444,0.506
331000,0.050,0.423,0.526
331500,0.057,0.440,0.504
332000,0.051,0.414,0.535
332500,0.052,0.445,0.503
333000,0.050,0.410,0.540
333500,0.050,0.471,0.478
334000,0.051,0.439,0.510
334500,0.050,0.396,0.554
335000,0.051,0.422,0.526
335500,0.051,0.447,0.502
336000,0.051,0.453,0.497
336500,0.051,0.406,0.543
337000,0.055,0.404,0.541
337500,0.051,0.427,0.522
338000,0.050,0.446,0.504
338500,0.050,0.419,0.531
339000,0.053,0.496,0.451
339500,0.051,0.518,0.431
340000,0.050,0.521,0.428
340500,0.050,0.556,0.394
341000,0.050,0.523,0.426
341500,0.050,0.507,0.443
342000,0.050,0.482,0.467
342500,0.050,0.492,0.457
343000,0.050,0.535,0.415
343500,0.050,0.509,0.441
344000,0.050,0.492,0.457
344500,0.050,0.529,0.421
345000,0.050,0.469,0.481
345500,0.050,0.488,0.462
346000,0.053,0.466,0.480
346500,0.051,0.428,0.521
347000,0.050,0.476,0.474
347500,0.052,0.463,0.485
348000,0.050,0.418,0.532
348500,0.050,0.429,0.521
349000,0.052,0.438,0.510
349500,0.051,0.471,0.478
350000,0.050,0.482,0.468
350500,0.050,0.472,0.477
351000,0.050,0.489,0.460
351500,0.050,0.513,0.437
352000,0.051,0.519,0.429
352500,0.050,0.510,0.440
353000,0.050,0.569,0.381
353500,0.050,0.570,0.380
354000,0.050,0.575,0.375
354500,0.050,0.558,0.391
355000,0.050,0.489,0.460
355500,0.050,0.600,0.350
356000,0.050,0.500,0.450
356500,0.050,0.481,0.469
357000,0.050,0.474,0.476
357500,0.050,0.452,0.498
358000,0.050,0.480,0.470
358500,0.050,0.494,0.455
359000,0.050,0.477,0.473
359500,0.050,0.471,0.478
360000,0.050,0.474,0.476
360500,0.050,0.451,0.499
361000,0.053,0.438,0.508
361500,0.051,0.387,0.562
362000,0.051,0.423,0.525
362500,0.051,0.417,0.532
363000,0.051,0.432,0.517
363500,0.051,0.408,0.542
364000,0.052,0.429,0.518
364500,0.051,0.456,0.494
365000,0.050,0.421,0.529
365500,0.050,0.457,0.493
366000,0.050,0.480,0.470
366500,0.050,0.458,0.492
367000,0.050,0.466,0.484
367500,0.051,0.476,0.472
368000,0.050,0.516,0.433
368500,0.053,0.456,0.491
369000,0.051,0.491,0.458
369500,0.050,0.502,0.448
370000,0.050,0.510,0.440
370500,0.050,0.517,0.432
371000,0.050,0.497,0.453
371500,0.050,0.442,0.508
372000,0.050,0.449,0.501
372500,0.055,0.407,0.537
373000,0.054,0.379,0.567
373500,0.051,0.390,0.559
374000,0.055,0.410,0.535
374500,0.050,0.403,0.547
375000,0.050,0.441,0.509
375500,0.050,0.425,0.525
376000,0.050,0.481,0.469
376500,0.050,0.492,0.457
377000,0.050,0.458,0.492
377500,0.050,0.475,0.474
378000,0.050,0.462,0.488
378500,0.050,0.449,0.501
379000,0.051,0.517,0.432
379500,0.050,0.460,0.490
380000,0.050,0.489,0.461
380500,0.050,0.466,0.484
381000,0.050,0.540,0.410
381500,0.050,0.489,0.461
382000,0.050,0.512,0.438
382500,0.050,0.514,0.436
383000,0.058,0.520,0.422
383500,0.052,0.511,0.436
384000,0.051,0.479,0.470
384500,0.052,0.492,0.455
385000,0.053,0.462,0.485
385500,0.051,0.426,0.524
386000,0.054,0.476,0.469
386500,0.053,0.478,0.469
387000,0.051,0.513,0.436
387500,0.050,0.493,0.456
388000,0.050,0.445,0.505
388500,0.050,0.469,0.481
389000,0.053,0.438,0.508
389500,0.051,0.429,0.520
390000,0.051,0.469,0.480
390500,0.053,0.525,0.422
391000,0.051,0.461,0.488
391500,0.050,0.516,0.433
392000,0.050,0.520,0.429
392500,0.050,0.540,0.410
393000,0.050,0.478,0.471
393500,0.053,0.438,0.509
394000,0.054,0.491,0.455
394500,0.051,0.447,0.502
395000,0.051,0.441,0.509
395500,0.050,0.481,0.469
396000,0.050,0.468,0.482
396500,0.050,0.533,0.416
397000,0.050,0.473,0.477
397500,0.051,0.491,0.458
398000,0.051,0.493,0.456
398500,0.050,0.469,0.481
399000,0.053,0.461,0.486
399500,0.051,0.426,0.524
400000,0.051,0.450,0.500
400500,0.051,0.385,0.565
401000,0.053,0.398,0.549
401500,0.056,0.445,0.499
402000,0.051,0.481,0.468
402500,0.051,0.471,0.478
403000,0.056,0.467,0.477
403500,0.051,0.449,0.501
404000,0.050,0.412,0.538
404500,0.050,0.418,0.531
405000,0.050,0.459,0.491
405500,0.050,0.436,0.513
406000,0.053,0.425,0.521
406500,0.053,0.437,0.510
407000,0.051,0.482,0.467
407500,0.050,0.521,0.429
408000,0.050,0.521,0.429
408500,0.050,0.552,0.398
409000,0.050,0.548,0.402
409500,0.050,0.473,0.477
410000,0.050,0.436,0.514
410500,0.052,0.461,0.486
411000,0.051,0.476,0.474
411500,0.050,0.480,0.469
412000,0.050,0.446,0.504
412500,0.050,0.411,0.539
413000,0.050,0.444,0.506
413500,0.050,0.493,0.456
414000,0.050,0.516,0.434
414500,0.050,0.490,0.459
415000,0.050,0.456,0.494
415500,0.050,0.485,0.464
416000,0.050,0.461,0.489
416500,0.050,0.433,0.517
417000,0.050,0.422,0.528
417500,0.052,0.407,0.540
418000,0.051,0.451,0.498
418500,0.051,0.470,0.480
419000,0.050,0.469,0.480
419500,0.050,0.440,0.510
420000,0.050,0.468,0.482
420500,0.051,0.520,0.428
421000,0.051,0.505,0.445
421500,0.050,0.521,0.429
422000,0.050,0.496,0.453
422500,0.050,0.496,0.453
423000,0.050,0.481,0.469
423500,0.058,0.446,0.496
424000,0.052,0.459,0.488
424500,0.050,0.452,0.498
425000,0.050,0.478,0.471
425500,0.050,0.431,0.519
426000,0.055,0.444,0.501
426500,0.054,0.357,0.589
427000,0.066,0.341,0.593
427500,0.066,0.304,0.631
428000,0.066,0.284,0.650
428500,0.059,0.350,0.590
429000,0.057,0.378,0.566
429500,0.054,0.465,0.481
430000,0.051,0.505,0.445
430500,0.050,0.474,0.476
431000,0.050,0.429,0.521
431500,0.054,0.421,0.524
432000,0.054,0.436,0.509
432500,0.051,0.444,0.506
433000,0.054,0.473,0.473
433500,0.054,0.463,0.483
434000,0.052,0.484,0.463
434500,0.050,0.432,0.517
435000,0.050,0.405,0.545
435500,0.050,0.460,0.490
436000,0.050,0.480,0.469
436500,0.050,0.487,0.462
437000,0.050,0.491,0.459
437500,0.050,0.444,0.506
438000,0.050,0.468,0.482
438500,0.050,0.448,0.502
439000,0.050,0.493,0.457
439500,0.050,0.456,0.494
440000,0.050,0.485,0.464
440500,0.050,0.464,0.486
441000,0.051,0.486,0.463
441500,0.053,0.511,0.435
442000,0.051,0.494,0.455
442500,0.056,0.508,0.436
443000,0.050,0.485,0.465
443500,0.050,0.463,0.487
444000,0.050,0.486,0.463
444500,0.053,0.422,0.524
445000,0.050,0.518,0.432
445500,0.050,0.458,0.492
446000,0.050,0.463,0.487
446500,0.052,0.476,0.471
447000,0.053,0.449,0.498
447500,0.051,0.468,0.482
448000,0.050,0.473,0.476
448500,0.050,0.453,0.497
449000,0.057,0.472,0.470
449500,0.052,0.491,0.456
450000,0.051,0.554,0.395
450500,0.050,0.492,0.457
451000,0.050,0.415,0.535
451500,0.050,0.461,0.489
452000,0.050,0.467,0.483
452500,0.055,0.467,0.478
453000,0.051,0.494,0.454
453500,0.052,0.503,0.445
454000,0.053,0.491,0.456
454500,0.050,0.488,0.461
455000,0.050,0.472,0.477
455500,0.051,0.484,0.466
456000,0.051,0.405,0.545
456500,0.055,0.461,0.484
457000,0.051,0.423,0.526
457500,0.051,0.388,0.562
458000,0.053,0.426,0.520
458500,0.054,0.420,0.526
459000,0.050,0.425,0.525
459500,0.050,0.515,0.434
460000,0.050,0.495,0.455
460500,0.050,0.481,0.468
461000,0.050,0.518,0.431
461500,0.050,0.475,0.474
462000,0.050,0.488,0.461
462500,0.050,0.502,0.448
463000,0.051,0.521,0.427
463500,0.051,0.547,0.402
464000,0.054,0.495,0.450
464500,0.051,0.494,0.456
465000,0.053,0.468,0.479
465500,0.053,0.461,0.486
466000,0.051,0.420,0.528
466500,0.051,0.427,0.521
467000,0.055,0.449,0.496
467500,0.052,0.435,0.512
468000,0.053,0.456,0.491
468500,0.055,0.493,0.452
469000,0.051,0.507,0.442
469500,0.051,0.489,0.460
470000,0.050,0.478,0.471
470500,0.050,0.424,0.525
471000,0.050,0.426,0.524
471500,0.057,0.427,0.516
472000,0.054,0.459,0.486
472500,0.051,0.441,0.508
473000,0.050,0.453,0.497
473500,0.050,0.467,0.483
474000,0.050,0.428,0.522
474500,0.050,0.425,0.525
475000,0.050,0.462,0.488
475500,0.050,0.473,0.477
476000,0.050,0.467,0.483
476500,0.050,0.421,0.528
477000,0.052,0.407,0.540
477500,0.051,0.436,0.513
478000,0.050,0.435,0.514
478500,0.050,0.453,0.497
479000,0.050,0.499,0.450
479500,0.050,0.425,0.525
480000,0.052,0.408,0.540
480500,0.051,0.446,0.504
481000,0.051,0.464,0.484
481500,0.051,0.413,0.536
482000,0.050,0.403,0.547
482500,0.050,0.446,0.504
483000,0.050,0.420,0.529
483500,0.050,0.413,0.537
484000,0.050,0.446,0.504
484500,0.053,0.450,0.497
485000,0.051,0.394,0.555
485500,0.053,0.392,0.555
486000,0.053,0.414,0.532
486500,0.054,0.396,0.550
487000,0.054,0.393,0.553
487500,0.053,0.414,0.533
488000,0.051,0.440,0.509
488500,0.050,0.456,0.494
489000,0.052,0.444,0.504
489500,0.050,0.463,0.487
490000,0.050,0.466,0.484
490500,0.050,0.479,0.470
491000,0.050,0.490,0.460
491500,0.050,0.508,0.442
492000,0.050,0.523,0.426
492500,0.050,0.543,0.407
493000,0.052,0.477,0.471
493500,0.051,0.484,0.465
494000,0.050,0.480,0.470
494500,0.050,0.459,0.491
495000,0.050,0.479,0.471
495500,0.050,0.465,0.485
496000,0.050,0.463,0.487
496500,0.050,0.409,0.541
497000,0.050,0.374,0.575
497500,0.058,0.418,0.524
498000,0.053,0.444,0.502
498500,0.051,0.472,0.476
499000,0.051,0.493,0.456
499500,0.052,0.465,0.483
500000,0.051,0.424,0.525
500500,0.057,0.448,0.495
501000,0.051,0.439,0.510
501500,0.057,0.392,0.551
502000,0.056,0.398,0.547
502500,0.055,0.422,0.522
503000,0.051,0.459,0.490
503500,0.050,0.487,0.462
504000,0.050,0.492,0.458
504500,0.050,0.515,0.435
505000,0.050,0.507,0.443
505500,0.050,0.460,0.490
506000,0.050,0.457,0.493
506500,0.052,0.444,0.504
507000,0.051,0.442,0.508
507500,0.050,0.484,0.466
508000,0.050,0.472,0.477
508500,0.050,0.433,0.516
509000,0.050,0.462,0.488
509500,0.050,0.460,0.490
510000,0.053,0.460,0.486
510500,0.051,0.423,0.526
511000,0.057,0.436,0.506
511500,0.052,0.486,0.462
512000,0.050,0.504,0.446
512500,0.050,0.508,0.442
513000,0.050,0.445,0.505
513500,0.050,0.448,0.502
514000,0.050,0.438,0.512
514500,0.053,0.469,0.478
515000,0.051,0.508,0.442
515500,0.054,0.491,0.455
516000,0.051,0.449,0.500
516500,0.050,0.438,0.512
517000,0.052,0.459,0.489
517500,0.050,0.451,0.499
518000,0.050,0.466,0.484
518500,0.052,0.420,0.528
519000,0.051,0.385,0.564
519500,0.051,0.446,0.503
520000,0.050,0.434,0.516
520500,0.053,0.453,0.493
521000,0.052,0.448,0.499
521500,0.051,0.429,0.520
522000,0.051,0.461,0.488
522500,0.050,0.429,0.520
523000,0.051,0.423,0.526
523500,0.052,0.409,0.538
524000,0.051,0.433,0.516
524500,0.050,0.449,0.501
525000,0.051,0.511,0.439
525500,0.050,0.488,0.462
526000,0.050,0.469,0.481
526500,0.050,0.443,0.507
527000,0.050,0.459,0.491
527500,0.051,0.461,0.489
528000,0.050,0.463,0.487
528500,0.050,0.492,0.458
529000,0.050,0.544,0.406
529500,0.050,0.523,0.426
530000,0.051,0.451,0.497
530500,0.051,0.486,0.464
531000,0.050,0.501,0.449
531500,0.050,0.489,0.460
532000,0.050,0.507,0.443
532500,0.050,0.454,0.496
533000,0.050,0.494,0.456
533500,0.050,0.487,0.462
534000,0.050,0.499,0.451
534500,0.050,0.507,0.443
535000,0.050,0.507,0.443
535500,0.050,0.544,0.405
536000,0.050,0.488,0.461
536500,0.050,0.500,0.450
537000,0.050,0.451,0.499
537500,0.050,0.430,0.520
538000,0.056,0.433,0.510
538500,0.051,0.419,0.530
539000,0.052,0.395,0.553
539500,0.051,0.421,0.528
540000,0.051,0.452,0.496
540500,0.056,0.476,0.468
541000,0.051,0.465,0.484
541500,0.050,0.480,0.469
542000,0.050,0.491,0.458
542500,0.058,0.403,0.540
543000,0.051,0.446,0.504
543500,0.050,0.468,0.482
544000,0.050,0.480,0.469
544500,0.050,0.516,0.433
545000,0.050,0.537,0.412
545500,0.050,0.489,0.460
546000,0.050,0.453,0.497
546500,0.053,0.412,0.534
547000,0.051,0.485,0.465
547500,0.051,0.490,0.459
548000,0.050,0.488,0.462
548500,0.050,0.461,0.489
549000,0.053,0.392,0.554
549500,0.053,0.476,0.471
550000,0.051,0.456,0.494
550500,0.051,0.427,0.522
551000,0.052,0.429,0.519
551500,0.051,0.488,0.462
552000,0.050,0.492,0.458
552500,0.050,0.470,0.479
553000,0.050,0.494,0.455
553500,0.050,0.493,0.456
554000,0.054,0.494,0.452
554500,0.052,0.429,0.518
555000,0.053,0.412,0.535
555500,0.054,0.402,0.544
556000,0.056,0.423,0.521
556500,0.052,0.472,0.475
557000,0.053,0.464,0.483
557500,0.051,0.429,0.520
558000,0.051,0.420,0.530
558500,0.050,0.482,0.467
559000,0.050,0.505,0.445
559500,0.050,0.512,0.438
560000,0.050,0.478,0.471
560500,0.050,0.464,0.486
561000,0.053,0.432,0.514
561500,0.051,0.519,0.430
562000,0.050,0.488,0.462
562500,0.050,0.411,0.539
563000,0.057,0.408,0.535
563500,0.053,0.396,0.551
564000,0.050,0.391,0.559
564500,0.050,0.422,0.528
565000,0.057,0.398,0.545
565500,0.054,0.382,0.564
566000,0.051,0.410,0.540
566500,0.053,0.440,0.507
567000,0.053,0.384,0.563
567500,0.055,0.403,0.542
568000,0.051,0.422,0.526
568500,0.055,0.512,0.432
569000,0.051,0.475,0.474
569500,0.050,0.543,0.407
570000,0.050,0.522,0.427
570500,0.050,0.512,0.438
571000,0.050,0.513,0.436
571500,0.050,0.505,0.445
572000,0.050,0.482,0.467
572500,0.050,0.491,0.459
573000,0.050,0.538,0.411
573500,0.050,0.500,0.450
574000,0.052,0.522,0.425
574500,0.051,0.512,0.437
575000,0.050,0.527,0.423
575500,0.050,0.511,0.439
576000,0.050,0.425,0.524
576500,0.051,0.395,0.554
577000,0.052,0.432,0.516
577500,0.052,0.444,0.504
578000,0.050,0.411,0.538
578500,0.057,0.429,0.514
579000,0.053,0.463,0.484
579500,0.051,0.478,0.471
580000,0.051,0.504,0.445
580500,0.051,0.522,0.426
581000,0.050,0.488,0.461
581500,0.050,0.540,0.410
582000,0.050,0.493,0.457
582500,0.053,0.449,0.498
583000,0.051,0.481,0.468
583500,0.051,0.500,0.449
584000,0.050,0.440,0.510
584500,0.050,0.443,0.507
585000,0.050,0.475,0.474
585500,0.050,0.545,0.405
586000,0.050,0.519,0.431
586500,0.050,0.507,0.443
587000,0.050,0.498,0.452
587500,0.050,0.477,0.472
588000,0.052,0.480,0.468
588500,0.050,0.532,0.417
589000,0.050,0.470,0.479
589500,0.050,0.498,0.452
590000,0.050,0.547,0.403
590500,0.050,0.566,0.384
591000,0.050,0.580,0.370
591500,0.053,0.526,0.420
592000,0.050,0.502,0.448
592500,0.050,0.505,0.445
593000,0.050,0.517,0.432
593500,0.050,0.525,0.425
594000,0.050,0.517,0.432
594500,0.051,0.492,0.457
595000,0.056,0.487,0.456
595500,0.051,0.528,0.420
596000,0.050,0.522,0.427
596500,0.050,0.485,0.465
597000,0.050,0.457,0.493
597500,0.050,0.469,0.480
598000,0.050,0.444,0.506
598500,0.050,0.468,0.482
599000,0.052,0.492,0.456
599500,0.051,0.476,0.473
600000,0.050,0.484,0.466
600500,0.050,0.508,0.442
601000,0.050,0.484,0.465
601500,0.050,0.462,0.488
602000,0.050,0.474,0.475
602500,0.050,0.489,0.460
603000,0.050,0.466,0.484
603500,0.054,0.478,0.467
604000,0.053,0.508,0.439
604500,0.051,0.520,0.429
605000,0.050,0.509,0.441
605500,0.050,0.488,0.462
606000,0.051,0.428,0.520
606500,0.051,0.423,0.526
607000,0.050,0.361,0.589
607500,0.056,0.354,0.589
608000,0.051,0.427,0.521
608500,0.050,0.483,0.466
609000,0.050,0.455,0.495
609500,0.050,0.492,0.457
610000,0.050,0.480,0.470
610500,0.053,0.440,0.507
611000,0.052,0.458,0.490
611500,0.051,0.443,0.507
612000,0.050,0.480,0.469
612500,0.050,0.468,0.482
613000,0.050,0.489,0.460
613500,0.050,0.476,0.473
614000,0.050,0.491,0.459
614500,0.050,0.469,0.481
615000,0.050,0.445,0.505
615500,0.050,0.453,0.497
616000,0.050,0.463,0.487
616500,0.050,0.463,0.487
617000,0.050,0.438,0.512
617500,0.050,0.429,0.521
618000,0.050,0.493,0.457
618500,0.052,0.446,0.502
619000,0.051,0.416,0.532
619500,0.054,0.407,0.538
620000,0.053,0.426,0.520
620500,0.051,0.417,0.532
621000,0.051,0.490,0.459
621500,0.050,0.517,0.433
622000,0.050,0.441,0.509
622500,0.051,0.453,0.496
623000,0.051,0.470,0.480
623500,0.050,0.493,0.456
624000,0.050,0.507,0.443
624500,0.050,0.426,0.523
625000,0.052,0.417,0.530
625500,0.054,0.363,0.583
626000,0.051,0.429,0.519
626500,0.050,0.433,0.516
627000,0.054,0.450,0.495
627500,0.051,0.407,0.542
628000,0.050,0.466,0.484
628500,0.050,0.513,0.437
629000,0.057,0.429,0.514
629500,0.051,0.416,0.532
630000,0.052,0.432,0.515
630500,0.051,0.467,0.482
631000,0.052,0.455,0.493
631500,0.054,0.420,0.526
632000,0.051,0.401,0.548
632500,0.050,0.481,0.469
633000,0.053,0.456,0.491
633500,0.053,0.489,0.458
634000,0.052,0.435,0.512
634500,0.051,0.465,0.484
635000,0.050,0.437,0.513
635500,0.053,0.464,0.483
636000,0.051,0.448,0.501
636500,0.051,0.539,0.410
637000,0.050,0.514,0.436
637500,0.050,0.497,0.452
638000,0.050,0.499,0.451
638500,0.050,0.501,0.449
639000,0.050,0.469,0.480
639500,0.050,0.497,0.452
640000,0.050,0.511,0.439
640500,0.050,0.495,0.454
641000,0.050,0.448,0.502
641500,0.051,0.405,0.544
642000,0.054,0.440,0.506
642500,0.052,0.438,0.510
643000,0.051,0.542,0.407
643500,0.050,0.492,0.458
644000,0.050,0.518,0.432
644500,0.050,0.516,0.434
645000,0.050,0.537,0.413
645500,0.050,0.500,0.450
646000,0.053,0.466,0.481
646500,0.050,0.422,0.527
647000,0.054,0.424,0.521
647500,0.051,0.438,0.511
648000,0.050,0.448,0.502
648500,0.050,0.421,0.529
649000,0.050,0.497,0.452
649500,0.050,0.490,0.460
650000,0.050,0.510,0.440
650500,0.050,0.540,0.410
651000,0.052,0.511,0.436
651500,0.050,0.455,0.495
652000,0.050,0.466,0.484
652500,0.050,0.467,0.483
653000,0.050,0.483,0.467
653500,0.050,0.434,0.515
654000,0.053,0.509,0.438
654500,0.052,0.480,0.468
655000,0.051,0.537,0.412
655500,0.050,0.534,0.415
656000,0.050,0.474,0.476
656500,0.052,0.457,0.491
657000,0.051,0.480,0.469
657500,0.053,0.447,0.500
658000,0.051,0.413,0.535
658500,0.053,0.413,0.534
659000,0.057,0.320,0.624
659500,0.051,0.433,0.515
660000,0.050,0.437,0.513
660500,0.050,0.427,0.523
661000,0.050,0.439,0.511
661500,0.050,0.472,0.478
662000,0.050,0.552,0.398
662500,0.050,0.503,0.447
663000,0.050,0.457,0.493
663500,0.051,0.439,0.510
664000,0.054,0.424,0.522
664500,0.052,0.439,0.509
665000,0.050,0.485,0.464
665500,0.052,0.434,0.513
666000,0.051,0.461,0.488
666500,0.050,0.511,0.439
667000,0.050,0.491,0.459
667500,0.050,0.537,0.413
668000,0.050,0.559,0.390
668500,0.050,0.568,0.382
669000,0.050,0.558,0.391
669500,0.054,0.495,0.451
670000,0.051,0.455,0.493
670500,0.051,0.505,0.444
671000,0.051,0.465,0.484
671500,0.051,0.449,0.500
672000,0.050,0.422,0.527
672500,0.053,0.433,0.514
673000,0.052,0.460,0.488
673500,0.051,0.450,0.499
674000,0.050,0.491,0.459
674500,0.050,0.497,0.452
675000,0.050,0.445,0.505
675500,0.050,0.484,0.466
676000,0.050,0.502,0.448
676500,0.050,0.496,0.454
677000,0.050,0.482,0.468
677500,0.050,0.495,0.454
678000,0.050,0.504,0.446
678500,0.054,0.410,0.535
679000,0.051,0.359,0.591
679500,0.051,0.446,0.503
680000,0.050,0.513,0.436
680500,0.050,0.547,0.402
681000,0.050,0.527,0.422
681500,0.050,0.518,0.432
682000,0.050,0.492,0.457
682500,0.050,0.484,0.465
683000,0.050,0.492,0.457
683500,0.050,0.482,0.467
684000,0.050,0.440,0.510
684500,0.053,0.391,0.555
685000,0.054,0.409,0.537
685500,0.055,0.392,0.553
686000,0.051,0.418,0.530
686500,0.051,0.464,0.485
687000,0.051,0.497,0.451
687500,0.050,0.471,0.479
688000,0.050,0.467,0.483
688500,0.050,0.469,0.481
689000,0.050,0.465,0.485
689500,0.050,0.451,0.499
690000,0.050,0.497,0.453
690500,0.050,0.441,0.509
691000,0.050,0.466,0.484
691500,0.051,0.456,0.492
692000,0.053,0.457,0.490
692500,0.050,0.464,0.486
693000,0.050,0.503,0.447
693500,0.053,0.498,0.448
694000,0.051,0.480,0.468
694500,0.053,0.488,0.458
695000,0.052,0.441,0.507
695500,0.059,0.431,0.509
696000,0.052,0.432,0.515
696500,0.053,0.457,0.490
697000,0.050,0.462,0.488
697500,0.050,0.484,0.465
698000,0.050,0.425,0.524
698500,0.055,0.427,0.518
699000,0.051,0.479,0.469
699500,0.050,0.503,0.447
700000,0.050,0.474,0.476
700500,0.055,0.423,0.521
701000,0.051,0.481,0.467
701500,0.051,0.485,0.465
702000,0.050,0.465,0.485
702500,0.050,0.465,0.485
703000,0.050,0.461,0.489
703500,0.052,0.504,0.444
704000,0.051,0.471,0.478
704500,0.050,0.453,0.497
705000,0.050,0.473,0.476
705500,0.050,0.461,0.489
706000,0.051,0.421,0.527
706500,0.050,0.418,0.531
707000,0.050,0.462,0.488
707500,0.050,0.487,0.463
708000,0.051,0.441,0.508
708500,0.050,0.458,0.492
709000,0.051,0.442,0.507
709500,0.050,0.444,0.506
710000,0.050,0.465,0.485
710500,0.050,0.459,0.491
711000,0.050,0.463,0.487
711500,0.050,0.510,0.440
712000,0.050,0.493,0.456
712500,0.050,0.510,0.440
713000,0.054,0.533,0.412
713500,0.052,0.505,0.443
714000,0.051,0.475,0.474
714500,0.054,0.453,0.493
715000,0.051,0.451,0.497
715500,0.050,0.466,0.484
716000,0.054,0.370,0.576
716500,0.052,0.382,0.566
717000,0.053,0.433,0.514
717500,0.051,0.433,0.516
718000,0.050,0.418,0.532
718500,0.050,0.506,0.444
719000,0.050,0.512,0.438
719500,0.050,0.488,0.461
720000,0.050,0.470,0.479
720500,0.050,0.509,0.441
721000,0.050,0.513,0.437
721500,0.050,0.469,0.480
722000,0.050,0.505,0.445
722500,0.050,0.454,0.496
723000,0.051,0.457,0.492
723500,0.050,0.467,0.483
724000,0.058,0.447,0.496
724500,0.052,0.423,0.525
725000,0.050,0.488,0.461
725500,0.050,0.507,0.443
726000,0.050,0.466,0.484
726500,0.052,0.484,0.463
727000,0.057,0.479,0.464
727500,0.052,0.504,0.444
728000,0.050,0.483,0.466
728500,0.050,0.482,0.468
729000,0.050,0.471,0.479
729500,0.050,0.478,0.471
730000,0.050,0.469,0.481
730500,0.050,0.467,0.483
731000,0.050,0.478,0.471
731500,0.050,0.482,0.467
732000,0.050,0.414,0.535
732500,0.050,0.386,0.564
733000,0.050,0.423,0.527
733500,0.050,0.437,0.513
734000,0.053,0.453,0.494
734500,0.051,0.452,0.497
735000,0.050,0.447,0.503
735500,0.050,0.466,0.484
736000,0.050,0.447,0.503
736500,0.050,0.433,0.517
737000,0.050,0.443,0.507
737500,0.052,0.446,0.502
738000,0.053,0.433,0.514
738500,0.051,0.444,0.505
739000,0.050,0.499,0.450
739500,0.050,0.497,0.452
740000,0.050,0.479,0.471
740500,0.052,0.390,0.558
741000,0.051,0.421,0.528
741500,0.051,0.465,0.485
742000,0.051,0.486,0.464
742500,0.051,0.435,0.514
743000,0.053,0.417,0.529
743500,0.054,0.422,0.524
744000,0.052,0.454,0.494
744500,0.050,0.444,0.506
745000,0.050,0.447,0.503
745500,0.050,0.454,0.496
746000,0.050,0.493,0.456
746500,0.051,0.497,0.452
747000,0.050,0.444,0.506
747500,0.050,0.403,0.547
748000,0.052,0.408,0.539
748500,0.051,0.421,0.528
749000,0.051,0.442,0.507
749500,0.054,0.447,0.499
750000,0.051,0.481,0.469
750500,0.050,0.511,0.439
751000,0.050,0.450,0.500
751500,0.051,0.454,0.495
752000,0.050,0.499,0.451
752500,0.050,0.528,0.422
753000,0.050,0.567,0.383
753500,0.050,0.519,0.431
754000,0.050,0.490,0.460
754500,0.050,0.514,0.436
755000,0.050,0.403,0.547
755500,0.050,0.474,0.476
756000,0.050,0.480,0.469
756500,0.050,0.494,0.456
757000,0.050,0.517,0.433
757500,0.050,0.476,0.474
758000,0.050,0.493,0.457
758500,0.050,0.543,0.406
759000,0.050,0.509,0.441
759500,0.050,0.450,0.500
760000,0.050,0.450,0.500
760500,0.053,0.469,0.477
761000,0.052,0.465,0.483
761500,0.051,0.479,0.471
762000,0.050,0.465,0.485
762500,0.050,0.459,0.491
763000,0.050,0.469,0.480
763500,0.050,0.461,0.489
764000,0.050,0.519,0.430
764500,0.050,0.527,0.423
765000,0.051,0.492,0.457
765500,0.050,0.497,0.453
766000,0.050,0.515,0.435
766500,0.050,0.503,0.447
767000,0.050,0.493,0.457
767500,0.050,0.471,0.478
768000,0.051,0.457,0.492
768500,0.050,0.459,0.491
769000,0.050,0.462,0.488
769500,0.050,0.497,0.453
770000,0.050,0.477,0.473
770500,0.050,0.483,0.466
771000,0.050,0.487,0.463
771500,0.050,0.469,0.481
772000,0.050,0.493,0.457
772500,0.050,0.455,0.495
773000,0.052,0.455,0.493
773500,0.050,0.435,0.515
774000,0.050,0.414,0.535
774500,0.050,0.409,0.540
775000,0.050,0.387,0.563
775500,0.050,0.426,0.524
776000,0.050,0.441,0.509
776500,0.051,0.422,0.526
777000,0.054,0.442,0.504
777500,0.052,0.468,0.480
778000,0.050,0.481,0.469
778500,0.052,0.424,0.523
779000,0.051,0.436,0.513
779500,0.050,0.458,0.492
780000,0.050,0.447,0.503
780500,0.050,0.463,0.487
781000,0.050,0.468,0.482
781500,0.053,0.417,0.530
782000,0.054,0.396,0.549
782500,0.052,0.404,0.544
783000,0.053,0.410,0.536
783500,0.051,0.491,0.458
784000,0.050,0.474,0.475
784500,0.050,0.505,0.445
785000,0.050,0.445,0.505
785500,0.054,0.431,0.514
786000,0.056,0.476,0.469
786500,0.051,0.457,0.492
787000,0.052,0.423,0.525
787500,0.051,0.499,0.450
788000,0.054,0.489,0.457
788500,0.053,0.507,0.440
789000,0.051,0.512,0.437
789500,0.050,0.451,0.499
790000,0.050,0.469,0.481
790500,0.050,0.458,0.492
791000,0.053,0.455,0.492
791500,0.050,0.420,0.530
792000,0.050,0.421,0.529
792500,0.050,0.457,0.493
793000,0.050,0.447,0.503
793500,0.052,0.429,0.518
794000,0.051,0.466,0.483
794500,0.050,0.475,0.474
795000,0.050,0.460,0.490
795500,0.050,0.446,0.504
796000,0.050,0.435,0.515
796500,0.053,0.425,0.522
797000,0.050,0.440,0.510
797500,0.050,0.495,0.454
798000,0.051,0.504,0.445
798500,0.050,0.511,0.439
799000,0.050,0.478,0.471
799500,0.050,0.457,0.493
800000,0.050,0.452,0.498
800500,0.050,0.462,0.488
801000,0.050,0.496,0.454
801500,0.050,0.464,0.486
802000,0.050,0.488,0.462
802500,0.050,0.504,0.446
803000,0.050,0.470,0.479
803500,0.050,0.438,0.512
804000,0.050,0.442,0.508
804500,0.050,0.435,0.514
805000,0.053,0.426,0.521
805500,0.052,0.456,0.492
806000,0.051,0.416,0.533
806500,0.051,0.477,0.471
807000,0.051,0.457,0.492
807500,0.050,0.458,0.492
808000,0.050,0.496,0.453
808500,0.050,0.506,0.444
809000,0.052,0.472,0.476
809500,0.051,0.441,0.509
810000,0.053,0.436,0.510
810500,0.054,0.439,0.507
811000,0.051,0.434,0.515
811500,0.052,0.432,0.516
812000,0.052,0.401,0.547
812500,0.056,0.450,0.494
813000,0.053,0.417,0.529
813500,0.051,0.460,0.489
814000,0.051,0.479,0.471
814500,0.051,0.445,0.504
815000,0.053,0.406,0.540
815500,0.050,0.469,0.481
816000,0.050,0.468,0.482
816500,0.050,0.487,0.463
817000,0.050,0.473,0.477
817500,0.051,0.474,0.474
818000,0.050,0.477,0.472
818500,0.050,0.499,0.451
819000,0.050,0.514,0.435
819500,0.050,0.458,0.492
820000,0.050,0.490,0.460
820500,0.052,0.481,0.467
821000,0.051,0.517,0.432
821500,0.050,0.509,0.441
822000,0.052,0.511,0.436
822500,0.051,0.483,0.466
823000,0.050,0.472,0.478
823500,0.050,0.492,0.458
824000,0.050,0.460,0.490
824500,0.050,0.454,0.496
825000,0.050,0.484,0.465
825500,0.050,0.436,0.514
826000,0.050,0.438,0.512
826500,0.054,0.429,0.516
827000,0.051,0.440,0.510
827500,0.052,0.516,0.432
828000,0.051,0.487,0.462
828500,0.053,0.452,0.495
829000,0.052,0.448,0.500
829500,0.050,0.466,0.484
830000,0.054,0.463,0.482
830500,0.051,0.421,0.528
831000,0.051,0.447,0.503
831500,0.056,0.455,0.489
832000,0.058,0.429,0.512
832500,0.051,0.423,0.525
833000,0.051,0.509,0.440
833500,0.050,0.540,0.409
834000,0.050,0.513,0.436
834500,0.050,0.538,0.412
835000,0.050,0.483,0.466
835500,0.050,0.507,0.443
836000,0.051,0.510,0.439
836500,0.050,0.473,0.477
837000,0.050,0.434,0.515
837500,0.050,0.441,0.509
838000,0.050,0.478,0.471
838500,0.052,0.466,0.482
839000,0.052,0.458,0.490
839500,0.051,0.459,0.491
840000,0.050,0.453,0.497
840500,0.050,0.470,0.480
841000,0.050,0.477,0.472
841500,0.050,0.467,0.483
842000,0.050,0.517,0.433
842500,0.050,0.496,0.454
843000,0.052,0.431,0.516
843500,0.050,0.404,0.546
844000,0.050,0.463,0.487
844500,0.051,0.458,0.491
845000,0.052,0.435,0.513
845500,0.051,0.461,0.488
846000,0.053,0.458,0.488
846500,0.053,0.445,0.502
847000,0.052,0.340,0.608
847500,0.051,0.417,0.532
848000,0.051,0.468,0.481
848500,0.051,0.445,0.504
849000,0.051,0.488,0.461
849500,0.052,0.482,0.466
850000,0.051,0.472,0.476
850500,0.051,0.485,0.465
851000,0.050,0.471,0.478
851500,0.054,0.406,0.540
852000,0.053,0.418,0.529
852500,0.051,0.428,0.521
853000,0.053,0.405,0.541
853500,0.050,0.486,0.463
854000,0.050,0.443,0.507
854500,0.050,0.461,0.489
855000,0.050,0.490,0.460
855500,0.050,0.517,0.433
856000,0.050,0.519,0.431
856500,0.050,0.482,0.468
857000,0.054,0.525,0.420
857500,0.052,0.422,0.525
858000,0.050,0.419,0.531
858500,0.050,0.387,0.563
859000,0.052,0.447,0.501
859500,0.051,0.461,0.488
860000,0.051,0.460,0.489
860500,0.054,0.489,0.457
861000,0.051,0.496,0.453
861500,0.050,0.514,0.436
862000,0.050,0.544,0.406
862500,0.050,0.534,0.415
863000,0.050,0.477,0.472
863500,0.052,0.538,0.410
864000,0.055,0.415,0.530
864500,0.051,0.448,0.502
865000,0.051,0.472,0.477
865500,0.050,0.476,0.474
866000,0.050,0.508,0.442
866500,0.050,0.535,0.414
867000,0.050,0.479,0.471
867500,0.050,0.464,0.486
868000,0.050,0.478,0.471
868500,0.050,0.478,0.472
869000,0.050,0.454,0.496
869500,0.050,0.436,0.514
870000,0.050,0.430,0.520
870500,0.050,0.426,0.523
871000,0.054,0.422,0.523
871500,0.054,0.496,0.450
872000,0.051,0.522,0.426
872500,0.051,0.541,0.408
873000,0.050,0.529,0.420
873500,0.050,0.430,0.520
874000,0.050,0.479,0.470
874500,0.050,0.452,0.498
875000,0.050,0.514,0.436
875500,0.050,0.463,0.487
876000,0.050,0.480,0.470
876500,0.050,0.475,0.474
877000,0.050,0.471,0.479
877500,0.054,0.447,0.499
878000,0.051,0.494,0.455
878500,0.050,0.476,0.474
879000,0.050,0.481,0.468
879500,0.050,0.466,0.484
880000,0.050,0.397,0.553
880500,0.050,0.446,0.504
881000,0.050,0.496,0.453
881500,0.054,0.465,0.481
882000,0.051,0.458,0.491
882500,0.050,0.508,0.442
883000,0.050,0.478,0.471
883500,0.052,0.405,0.543
884000,0.052,0.415,0.532
884500,0.054,0.436,0.509
885000,0.051,0.524,0.425
885500,0.050,0.550,0.400
886000,0.050,0.545,0.404
886500,0.050,0.505,0.445
887000,0.050,0.462,0.488
887500,0.050,0.490,0.460
888000,0.050,0.420,0.529
888500,0.050,0.486,0.464
889000,0.054,0.407,0.538
889500,0.054,0.424,0.522
890000,0.051,0.378,0.571
890500,0.057,0.404,0.539
891000,0.051,0.415,0.534
891500,0.050,0.431,0.518
892000,0.057,0.409,0.534
892500,0.051,0.470,0.479
893000,0.051,0.485,0.465
893500,0.050,0.500,0.450
894000,0.050,0.517,0.433
894500,0.050,0.517,0.433
895000,0.050,0.536,0.414
895500,0.050,0.529,0.421
896000,0.050,0.483,0.467
896500,0.050,0.496,0.454
897000,0.051,0.503,0.445
897500,0.051,0.521,0.428
898000,0.053,0.479,0.467
898500,0.051,0.457,0.492
899000,0.050,0.443,0.507
899500,0.050,0.431,0.518
900000,0.054,0.486,0.459
900500,0.053,0.469,0.478
901000,0.051,0.454,0.496
901500,0.051,0.464,0.485
902000,0.056,0.435,0.510
902500,0.054,0.388,0.557
903000,0.052,0.414,0.534
903500,0.055,0.439,0.506
904000,0.051,0.497,0.452
904500,0.053,0.473,0.473
905000,0.051,0.457,0.493
905500,0.050,0.455,0.495
906000,0.050,0.473,0.477
906500,0.050,0.464,0.486
907000,0.050,0.458,0.492
907500,0.052,0.450,0.498
908000,0.051,0.425,0.523
908500,0.051,0.428,0.521
909000,0.053,0.444,0.503
909500,0.050,0.491,0.458
910000,0.050,0.507,0.443
910500,0.050,0.514,0.436
911000,0.050,0.476,0.474
911500,0.050,0.461,0.489
912000,0.050,0.465,0.485
912500,0.050,0.496,0.453
913000,0.050,0.467,0.483
913500,0.051,0.494,0.455
914000,0.051,0.487,0.461
914500,0.050,0.488,0.461
915000,0.050,0.513,0.436
915500,0.050,0.499,0.450
916000,0.050,0.532,0.417
916500,0.050,0.467,0.483
917000,0.050,0.509,0.441
917500,0.050,0.495,0.455
918000,0.053,0.499,0.447
918500,0.051,0.509,0.440
919000,0.051,0.516,0.433
919500,0.050,0.517,0.432
920000,0.050,0.450,0.500
920500,0.050,0.451,0.499
921000,0.052,0.403,0.545
921500,0.051,0.406,0.544
922000,0.050,0.425,0.525
922500,0.051,0.383,0.567
923000,0.057,0.410,0.533
923500,0.052,0.381,0.567
924000,0.054,0.414,0.532
924500,0.052,0.391,0.557
925000,0.050,0.419,0.531
925500,0.053,0.422,0.524
926000,0.051,0.422,0.527
926500,0.055,0.420,0.525
927000,0.055,0.405,0.540
927500,0.053,0.426,0.520
928000,0.050,0.489,0.461
928500,0.050,0.469,0.481
929000,0.050,0.439,0.511
929500,0.050,0.446,0.504
930000,0.051,0.463,0.486
930500,0.050,0.466,0.484
931000,0.050,0.445,0.505
931500,0.051,0.447,0.502
932000,0.050,0.448,0.502
932500,0.050,0.492,0.457
933000,0.050,0.484,0.465
933500,0.051,0.500,0.449
934000,0.050,0.518,0.432
934500,0.050,0.487,0.462
935000,0.050,0.496,0.453
935500,0.050,0.475,0.474
936000,0.052,0.458,0.490
936500,0.051,0.488,0.460
937000,0.051,0.481,0.468
937500,0.050,0.462,0.488
938000,0.054,0.432,0.514
938500,0.054,0.376,0.570
939000,0.054,0.383,0.563
939500,0.051,0.404,0.544
940000,0.055,0.431,0.514
940500,0.051,0.408,0.541
941000,0.051,0.445,0.504
941500,0.050,0.436,0.514
942000,0.050,0.435,0.515
942500,0.050,0.471,0.479
943000,0.050,0.455,0.495
943500,0.050,0.470,0.480
944000,0.050,0.474,0.476
944500,0.050,0.452,0.498
945000,0.050,0.496,0.454
945500,0.050,0.454,0.496
946000,0.050,0.479,0.471
946500,0.050,0.536,0.414
947000,0.050,0.512,0.438
947500,0.050,0.505,0.445
948000,0.050,0.443,0.507
948500,0.050,0.491,0.458
949000,0.050,0.496,0.454
949500,0.050,0.484,0.466
950000,0.050,0.520,0.430
950500,0.050,0.447,0.503
951000,0.053,0.428,0.518
951500,0.050,0.486,0.464
952000,0.055,0.404,0.541
952500,0.055,0.368,0.577
953000,0.075,0.277,0.648
953500,0.073,0.306,0.621
954000,0.070,0.298,0.632
954500,0.056,0.391,0.553
955000,0.051,0.402,0.547
955500,0.053,0.468,0.479
956000,0.060,0.436,0.503
956500,0.057,0.418,0.526
957000,0.054,0.425,0.521
957500,0.051,0.420,0.529
958000,0.050,0.460,0.490
958500,0.050,0.481,0.468
959000,0.050,0.483,0.467
959500,0.050,0.489,0.461
960000,0.050,0.515,0.434
960500,0.050,0.562,0.387
961000,0.050,0.467,0.483
961500,0.050,0.444,0.506
962000,0.050,0.459,0.491
962500,0.050,0.488,0.461
963000,0.050,0.452,0.498
963500,0.051,0.473,0.475
964000,0.057,0.441,0.502
964500,0.052,0.453,0.495
965000,0.050,0.467,0.483
965500,0.050,0.494,0.456
966000,0.050,0.527,0.422
966500,0.050,0.551,0.399
967000,0.050,0.556,0.394
967500,0.050,0.468,0.482
968000,0.050,0.426,0.523
968500,0.050,0.421,0.529
969000,0.050,0.415,0.535
969500,0.051,0.405,0.543
970000,0.050,0.410,0.540
970500,0.050,0.392,0.558
971000,0.053,0.424,0.522
971500,0.051,0.472,0.476
972000,0.051,0.432,0.517
972500,0.051,0.493,0.456
973000,0.050,0.509,0.441
973500,0.053,0.496,0.451
974000,0.053,0.468,0.479
974500,0.050,0.502,0.448
975000,0.050,0.506,0.444
975500,0.050,0.478,0.472
976000,0.050,0.519,0.431
976500,0.050,0.540,0.410
977000,0.050,0.537,0.413
977500,0.050,0.502,0.448
978000,0.051,0.480,0.469
978500,0.050,0.480,0.470
979000,0.050,0.450,0.500
979500,0.051,0.411,0.538
980000,0.050,0.498,0.452
980500,0.050,0.537,0.413
981000,0.050,0.484,0.466
981500,0.050,0.447,0.503
982000,0.057,0.437,0.506
982500,0.050,0.464,0.486
983000,0.050,0.541,0.409
983500,0.050,0.539,0.411
984000,0.050,0.511,0.439
984500,0.050,0.484,0.465
985000,0.050,0.506,0.444
985500,0.050,0.501,0.449
986000,0.050,0.539,0.410
986500,0.050,0.499,0.451
987000,0.050,0.478,0.472
987500,0.055,0.429,0.515
988000,0.051,0.459,0.491
988500,0.050,0.444,0.506
989000,0.051,0.446,0.503
989500,0.052,0.465,0.483
990000,0.051,0.478,0.472
990500,0.050,0.494,0.456
991000,0.050,0.472,0.478
991500,0.050,0.446,0.504
992000,0.050,0.465,0.485
992500,0.050,0.522,0.427
993000,0.050,0.467,0.483
993500,0.050,0.472,0.477
994000,0.050,0.466,0.484
994500,0.050,0.504,0.446
995000,0.050,0.448,0.502
995500,0.050,0.449,0.501
996000,0.050,0.444,0.506
996500,0.051,0.418,0.530
997000,0.050,0.433,0.517
997500,0.054,0.455,0.491
998000,0.051,0.457,0.492
998500,0.051,0.476,0.473
999000,0.050,0.468,0.482
999500,0.056,0.511,0.433
1000000,0.056,0.441,0.504
