time,n_A+p,n_B,n_AB
0,0.449,0.551,0.000
500,0.356,0.469,0.175
1000,0.325,0.421,0.254
1500,0.328,0.398,0.274
2000,0.285,0.404,0.311
2500,0.309,0.403,0.287
3000,0.320,0.403,0.277
3500,0.312,0.391,0.297
4000,0.307,0.374,0.319
4500,0.317,0.368,0.316
5000,0.309,0.364,0.327
5500,0.306,0.391,0.302
6000,0.306,0.395,0.298
6500,0.316,0.375,0.309
7000,0.317,0.363,0.321
7500,0.315,0.351,0.334
8000,0.322,0.343,0.335
8500,0.316,0.342,0.342
9000,0.330,0.328,0.342
9500,0.344,0.318,0.338
10000,0.353,0.309,0.337
10500,0.369,0.295,0.336
11000,0.377,0.291,0.332
11500,0.374,0.289,0.337
12000,0.396,0.289,0.315
12500,0.384,0.293,0.323
13000,0.395,0.281,0.324
13500,0.397,0.285,0.318
14000,0.379,0.282,0.339
14500,0.359,0.279,0.363
15000,0.373,0.276,0.351
15500,0.372,0.267,0.362
16000,0.379,0.257,0.364
16500,0.375,0.245,0.380
17000,0.402,0.238,0.360
17500,0.410,0.232,0.359
18000,0.413,0.240,0.347
18500,0.416,0.253,0.331
19000,0.400,0.239,0.361
19500,0.437,0.230,0.333
20000,0.433,0.235,0.332
20500,0.435,0.220,0.345
21000,0.425,0.210,0.365
21500,0.421,0.236,0.343
22000,0.442,0.226,0.332
22500,0.436,0.222,0.342
23000,0.456,0.217,0.328
23500,0.437,0.221,0.342
24000,0.429,0.226,0.345
24500,0.420,0.226,0.354
25000,0.411,0.245,0.344
25500,0.407,0.231,0.363
26000,0.428,0.235,0.337
26500,0.409,0.237,0.354
27000,0.409,0.228,0.364
27500,0.404,0.234,0.362
28000,0.423,0.219,0.359
28500,0.426,0.220,0.354
29000,0.416,0.215,0.370
29500,0.433,0.191,0.376
30000,0.449,0.191,0.360
30500,0.451,0.202,0.346
31000,0.443,0.205,0.351
31500,0.450,0.205,0.344
32000,0.467,0.200,0.333
32500,0.498,0.189,0.313
33000,0.511,0.173,0.317
33500,0.508,0.173,0.320
34000,0.515,0.177,0.308
34500,0.504,0.185,0.312
35000,0.460,0.191,0.349
35500,0.468,0.188,0.344
36000,0.466,0.207,0.327
36500,0.444,0.191,0.365
37000,0.428,0.186,0.386
37500,0.448,0.191,0.361
38000,0.463,0.179,0.359
38500,0.437,0.183,0.380
39000,0.454,0.179,0.368
39500,0.453,0.182,0.366
40000,0.464,0.186,0.350
40500,0.479,0.178,0.343
41000,0.458,0.198,0.344
41500,0.442,0.201,0.356
42000,0.456,0.201,0.343
42500,0.447,0.191,0.362
43000,0.461,0.187,0.352
43500,0.472,0.181,0.347
44000,0.491,0.165,0.343
44500,0.490,0.173,0.337
45000,0.494,0.164,0.341
45500,0.541,0.161,0.297
46000,0.543,0.150,0.306
46500,0.532,0.157,0.311
47000,0.529,0.154,0.317
47500,0.527,0.158,0.315
48000,0.523,0.160,0.317
48500,0.522,0.152,0.326
49000,0.473,0.164,0.363
49500,0.466,0.170,0.365
50000,0.450,0.164,0.385
50500,0.472,0.165,0.363
51000,0.476,0.154,0.370
51500,0.478,0.153,0.369
52000,0.516,0.132,0.352
52500,0.542,0.130,0.328
53000,0.520,0.133,0.347
53500,0.518,0.137,0.345
54000,0.518,0.137,0.345
54500,0.522,0.134,0.344
55000,0.526,0.148,0.326
55500,0.533,0.137,0.330
56000,0.493,0.144,0.363
56500,0.485,0.155,0.360
57000,0.489,0.159,0.351
57500,0.477,0.146,0.377
58000,0.484,0.137,0.379
58500,0.469,0.144,0.387
59000,0.461,0.154,0.385
59500,0.464,0.161,0.375
60000,0.454,0.171,0.376
60500,0.453,0.178,0.370
61000,0.472,0.162,0.366
61500,0.483,0.154,0.363
62000,0.475,0.156,0.369
62500,0.478,0.134,0.388
63000,0.456,0.152,0.392
63500,0.487,0.134,0.379
64000,0.503,0.147,0.350
64500,0.504,0.131,0.366
65000,0.505,0.135,0.361
65500,0.499,0.144,0.356
66000,0.519,0.128,0.353
66500,0.536,0.127,0.337
67000,0.565,0.120,0.316
67500,0.578,0.115,0.306
68000,0.580,0.115,0.304
68500,0.589,0.107,0.303
69000,0.618,0.107,0.275
69500,0.610,0.107,0.283
70000,0.636,0.103,0.260
70500,0.664,0.100,0.236
71000,0.663,0.094,0.243
71500,0.673,0.096,0.231
72000,0.683,0.096,0.221
72500,0.710,0.089,0.201
73000,0.728,0.088,0.184
73500,0.741,0.085,0.175
74000,0.750,0.082,0.169
74500,0.761,0.082,0.157
75000,0.758,0.081,0.161
75500,0.743,0.079,0.179
76000,0.743,0.078,0.180
76500,0.722,0.083,0.195
77000,0.700,0.083,0.218
77500,0.686,0.088,0.226
78000,0.696,0.093,0.211
78500,0.711,0.085,0.204
79000,0.717,0.082,0.201
79500,0.724,0.081,0.195
80000,0.708,0.085,0.207
80500,0.703,0.084,0.213
81000,0.709,0.085,0.206
81500,0.687,0.089,0.224
82000,0.715,0.091,0.194
82500,0.719,0.087,0.194
83000,0.717,0.085,0.198
83500,0.717,0.086,0.197
84000,0.700,0.081,0.220
84500,0.708,0.079,0.213
85000,0.686,0.079,0.235
85500,0.702,0.087,0.211
86000,0.700,0.084,0.217
86500,0.703,0.083,0.215
87000,0.697,0.084,0.220
87500,0.683,0.083,0.234
88000,0.696,0.085,0.220
88500,0.705,0.080,0.216
89000,0.695,0.089,0.217
89500,0.678,0.088,0.234
90000,0.694,0.092,0.215
90500,0.710,0.088,0.202
91000,0.717,0.081,0.202
91500,0.721,0.079,0.200
92000,0.711,0.080,0.209
92500,0.707,0.080,0.213
93000,0.703,0.082,0.216
93500,0.718,0.081,0.201
94000,0.732,0.074,0.194
94500,0.748,0.079,0.174
95000,0.716,0.085,0.199
95500,0.732,0.082,0.186
96000,0.733,0.079,0.188
96500,0.717,0.079,0.204
97000,0.732,0.079,0.189
97500,0.731,0.082,0.187
98000,0.751,0.075,0.175
98500,0.776,0.073,0.151
99000,0.788,0.073,0.140
99500,0.797,0.072,0.132
100000,0.806,0.068,0.126
100500,0.809,0.068,0.123
101000,0.806,0.072,0.123
101500,0.813,0.064,0.123
102000,0.812,0.066,0.122
102500,0.819,0.065,0.115
103000,0.817,0.064,0.118
103500,0.799,0.060,0.141
104000,0.810,0.061,0.129
104500,0.796,0.059,0.145
105000,0.800,0.063,0.137
105500,0.790,0.065,0.145
106000,0.781,0.062,0.156
106500,0.799,0.063,0.138
107000,0.784,0.062,0.153
107500,0.795,0.063,0.142
108000,0.810,0.061,0.129
108500,0.809,0.060,0.131
109000,0.827,0.061,0.111
109500,0.832,0.061,0.106
110000,0.829,0.059,0.111
110500,0.825,0.060,0.114
111000,0.834,0.058,0.108
111500,0.830,0.059,0.110
112000,0.836,0.059,0.105
112500,0.838,0.059,0.103
113000,0.838,0.059,0.103
113500,0.838,0.058,0.104
114000,0.822,0.061,0.116
114500,0.805,0.067,0.128
115000,0.800,0.069,0.131
115500,0.805,0.058,0.137
116000,0.790,0.061,0.149
116500,0.791,0.064,0.145
117000,0.789,0.060,0.151
117500,0.794,0.064,0.142
118000,0.813,0.061,0.126
118500,0.814,0.061,0.125
119000,0.820,0.061,0.118
119500,0.815,0.062,0.123
120000,0.804,0.062,0.134
120500,0.824,0.058,0.117
121000,0.826,0.058,0.115
121500,0.823,0.062,0.114
122000,0.821,0.063,0.115
122500,0.820,0.057,0.123
123000,0.831,0.057,0.111
123500,0.836,0.056,0.108
124000,0.838,0.057,0.105
124500,0.844,0.055,0.101
125000,0.845,0.056,0.099
125500,0.850,0.057,0.093
126000,0.853,0.055,0.092
126500,0.854,0.056,0.090
127000,0.856,0.056,0.088
127500,0.857,0.056,0.087
128000,0.860,0.055,0.085
128500,0.857,0.057,0.086
129000,0.856,0.057,0.087
129500,0.855,0.056,0.089
130000,0.857,0.056,0.087
130500,0.859,0.055,0.086
131000,0.857,0.056,0.087
131500,0.857,0.054,0.089
132000,0.845,0.053,0.102
132500,0.856,0.050,0.094
133000,0.862,0.050,0.088
133500,0.862,0.048,0.090
134000,0.863,0.047,0.090
134500,0.866,0.047,0.087
135000,0.867,0.047,0.086
135500,0.868,0.047,0.085
136000,0.868,0.047,0.085
136500,0.871,0.047,0.082
137000,0.874,0.047,0.079
137500,0.868,0.046,0.086
138000,0.860,0.045,0.095
138500,0.863,0.044,0.093
139000,0.866,0.044,0.090
139500,0.863,0.046,0.091
140000,0.862,0.046,0.092
140500,0.865,0.046,0.089
141000,0.865,0.047,0.088
141500,0.864,0.047,0.089
142000,0.860,0.047,0.093
142500,0.861,0.046,0.093
143000,0.864,0.049,0.087
143500,0.865,0.049,0.086
144000,0.865,0.047,0.088
144500,0.865,0.047,0.088
145000,0.858,0.047,0.095
145500,0.864,0.047,0.089
146000,0.870,0.048,0.082
146500,0.872,0.048,0.080
147000,0.874,0.047,0.079
147500,0.875,0.044,0.081
148000,0.875,0.042,0.083
148500,0.867,0.045,0.088
149000,0.858,0.043,0.099
149500,0.852,0.044,0.104
150000,0.862,0.042,0.096
150500,0.854,0.040,0.106
151000,0.838,0.041,0.122
151500,0.816,0.041,0.143
152000,0.815,0.038,0.147
152500,0.823,0.038,0.139
153000,0.811,0.043,0.146
153500,0.808,0.046,0.146
154000,0.808,0.046,0.146
154500,0.789,0.046,0.165
155000,0.793,0.048,0.159
155500,0.790,0.053,0.157
156000,0.780,0.051,0.169
156500,0.806,0.040,0.154
157000,0.809,0.038,0.153
157500,0.817,0.040,0.143
158000,0.834,0.043,0.124
158500,0.832,0.038,0.130
159000,0.827,0.043,0.130
159500,0.820,0.045,0.135
160000,0.821,0.044,0.135
160500,0.830,0.044,0.126
161000,0.834,0.045,0.122
161500,0.821,0.043,0.136
162000,0.812,0.046,0.142
162500,0.822,0.045,0.133
163000,0.825,0.047,0.128
163500,0.820,0.047,0.133
164000,0.823,0.044,0.133
164500,0.813,0.044,0.143
165000,0.824,0.047,0.129
165500,0.827,0.043,0.130
166000,0.836,0.040,0.125
166500,0.821,0.040,0.139
167000,0.810,0.048,0.142
167500,0.801,0.045,0.154
168000,0.809,0.043,0.148
168500,0.806,0.042,0.152
169000,0.816,0.040,0.144
169500,0.821,0.041,0.138
170000,0.813,0.044,0.143
170500,0.792,0.045,0.163
171000,0.797,0.042,0.161
171500,0.801,0.042,0.157
172000,0.794,0.049,0.157
172500,0.804,0.043,0.153
173000,0.812,0.042,0.146
173500,0.841,0.040,0.120
174000,0.848,0.038,0.114
174500,0.854,0.037,0.109
175000,0.845,0.035,0.121
175500,0.843,0.034,0.124
176000,0.844,0.038,0.118
176500,0.835,0.034,0.132
177000,0.835,0.040,0.126
177500,0.831,0.038,0.131
178000,0.834,0.037,0.130
178500,0.846,0.036,0.118
179000,0.835,0.034,0.132
179500,0.839,0.035,0.127
180000,0.851,0.035,0.114
180500,0.837,0.035,0.129
181000,0.820,0.039,0.141
181500,0.825,0.037,0.138
182000,0.829,0.037,0.134
182500,0.828,0.037,0.135
183000,0.824,0.036,0.140
183500,0.828,0.035,0.137
184000,0.825,0.034,0.141
184500,0.829,0.034,0.137
185000,0.790,0.039,0.172
185500,0.805,0.040,0.155
186000,0.803,0.040,0.157
186500,0.818,0.039,0.143
187000,0.826,0.036,0.138
187500,0.830,0.039,0.131
188000,0.823,0.037,0.140
188500,0.838,0.039,0.124
189000,0.825,0.044,0.131
189500,0.818,0.041,0.141
190000,0.819,0.041,0.140
190500,0.822,0.045,0.133
191000,0.809,0.044,0.147
191500,0.815,0.040,0.145
192000,0.821,0.037,0.142
192500,0.829,0.037,0.134
193000,0.837,0.035,0.129
193500,0.843,0.034,0.124
194000,0.855,0.034,0.111
194500,0.864,0.035,0.101
195000,0.868,0.034,0.098
195500,0.868,0.034,0.098
196000,0.873,0.036,0.091
196500,0.876,0.033,0.091
197000,0.880,0.033,0.087
197500,0.883,0.032,0.086
198000,0.882,0.032,0.087
198500,0.880,0.032,0.088
199000,0.886,0.033,0.082
199500,0.886,0.033,0.082
200000,0.887,0.032,0.082
200500,0.887,0.032,0.082
201000,0.871,0.032,0.097
201500,0.876,0.031,0.093
202000,0.878,0.031,0.091
202500,0.880,0.031,0.089
203000,0.885,0.031,0.085
203500,0.879,0.031,0.090
204000,0.877,0.031,0.092
204500,0.874,0.030,0.096
205000,0.880,0.030,0.090
205500,0.878,0.030,0.092
206000,0.876,0.030,0.094
206500,0.878,0.030,0.092
207000,0.873,0.030,0.097
207500,0.871,0.029,0.100
208000,0.872,0.031,0.097
208500,0.871,0.029,0.100
209000,0.874,0.030,0.096
209500,0.875,0.030,0.095
210000,0.880,0.030,0.090
210500,0.886,0.030,0.085
211000,0.887,0.032,0.082
211500,0.886,0.031,0.084
212000,0.882,0.031,0.088
212500,0.884,0.031,0.086
213000,0.885,0.031,0.085
213500,0.878,0.031,0.091
214000,0.885,0.031,0.085
214500,0.888,0.031,0.082
215000,0.890,0.031,0.080
215500,0.889,0.031,0.081
216000,0.887,0.031,0.083
216500,0.883,0.031,0.087
217000,0.884,0.031,0.086
217500,0.887,0.031,0.083
218000,0.886,0.031,0.084
218500,0.886,0.030,0.085
219000,0.887,0.030,0.084
219500,0.885,0.030,0.086
220000,0.890,0.030,0.081
220500,0.886,0.030,0.085
221000,0.892,0.030,0.079
221500,0.893,0.030,0.078
222000,0.894,0.030,0.077
222500,0.894,0.030,0.077
223000,0.894,0.030,0.077
223500,0.894,0.031,0.076
224000,0.897,0.031,0.073
224500,0.898,0.031,0.072
225000,0.901,0.031,0.068
225500,0.898,0.031,0.072
226000,0.898,0.033,0.069
226500,0.894,0.032,0.075
227000,0.894,0.030,0.077
227500,0.897,0.030,0.074
228000,0.896,0.030,0.075
228500,0.896,0.030,0.075
229000,0.900,0.030,0.070
229500,0.902,0.029,0.069
230000,0.902,0.029,0.069
230500,0.903,0.029,0.068
231000,0.902,0.030,0.068
231500,0.895,0.030,0.076
232000,0.896,0.030,0.075
232500,0.897,0.028,0.076
233000,0.900,0.028,0.073
233500,0.899,0.028,0.074
234000,0.903,0.028,0.069
234500,0.901,0.028,0.072
235000,0.905,0.028,0.067
235500,0.905,0.028,0.067
236000,0.905,0.028,0.067
236500,0.905,0.028,0.067
237000,0.906,0.028,0.066
237500,0.908,0.028,0.064
238000,0.910,0.028,0.062
238500,0.909,0.028,0.063
239000,0.910,0.028,0.062
239500,0.910,0.028,0.062
240000,0.912,0.028,0.060
240500,0.911,0.028,0.061
241000,0.913,0.028,0.059
241500,0.914,0.028,0.058
242000,0.914,0.028,0.058
242500,0.913,0.028,0.059
243000,0.914,0.028,0.058
243500,0.914,0.028,0.058
244000,0.914,0.028,0.058
244500,0.915,0.028,0.057
245000,0.916,0.028,0.056
245500,0.918,0.028,0.054
246000,0.918,0.028,0.054
246500,0.916,0.027,0.057
247000,0.919,0.027,0.054
247500,0.919,0.027,0.054
248000,0.919,0.027,0.054
248500,0.919,0.027,0.054
249000,0.919,0.027,0.054
249500,0.920,0.027,0.053
250000,0.919,0.027,0.054
250500,0.919,0.027,0.054
251000,0.919,0.027,0.054
251500,0.919,0.027,0.054
252000,0.919,0.027,0.054
252500,0.919,0.027,0.054
253000,0.919,0.027,0.054
253500,0.919,0.027,0.054
254000,0.919,0.027,0.054
254500,0.919,0.027,0.054
255000,0.919,0.027,0.054
255500,0.919,0.027,0.054
256000,0.919,0.027,0.054
256500,0.920,0.027,0.053
257000,0.915,0.027,0.058
257500,0.915,0.027,0.058
258000,0.916,0.028,0.056
258500,0.918,0.028,0.054
259000,0.918,0.027,0.055
259500,0.918,0.027,0.055
260000,0.919,0.027,0.054
260500,0.919,0.026,0.055
261000,0.919,0.026,0.055
261500,0.920,0.026,0.054
262000,0.922,0.025,0.053
262500,0.923,0.025,0.052
263000,0.923,0.025,0.052
263500,0.923,0.025,0.052
264000,0.923,0.025,0.052
264500,0.923,0.025,0.052
265000,0.924,0.025,0.051
265500,0.924,0.025,0.051
266000,0.924,0.025,0.051
266500,0.924,0.025,0.051
267000,0.924,0.025,0.051
267500,0.924,0.025,0.051
268000,0.923,0.025,0.052
268500,0.924,0.023,0.052
269000,0.923,0.023,0.053
269500,0.923,0.023,0.053
270000,0.923,0.022,0.054
270500,0.924,0.023,0.052
271000,0.924,0.023,0.052
271500,0.925,0.023,0.051
272000,0.925,0.023,0.051
272500,0.925,0.023,0.051
273000,0.925,0.023,0.051
273500,0.925,0.023,0.051
274000,0.925,0.023,0.051
274500,0.926,0.023,0.050
275000,0.926,0.023,0.050
275500,0.926,0.023,0.050
276000,0.926,0.023,0.050
276500,0.926,0.023,0.050
277000,0.926,0.023,0.050
277500,0.927,0.023,0.049
278000,0.927,0.023,0.049
278500,0.927,0.023,0.049
279000,0.927,0.023,0.049
279500,0.927,0.023,0.049
280000,0.927,0.023,0.049
280500,0.927,0.023,0.049
281000,0.927,0.023,0.049
281500,0.927,0.023,0.049
282000,0.927,0.022,0.050
282500,0.927,0.022,0.050
283000,0.924,0.022,0.053
283500,0.923,0.022,0.054
284000,0.917,0.021,0.061
284500,0.920,0.022,0.057
285000,0.918,0.022,0.059
285500,0.918,0.022,0.059
286000,0.917,0.022,0.060
286500,0.921,0.022,0.056
287000,0.922,0.022,0.055
287500,0.922,0.022,0.055
288000,0.924,0.022,0.053
288500,0.925,0.022,0.052
289000,0.925,0.022,0.052
289500,0.920,0.022,0.057
290000,0.922,0.022,0.055
290500,0.923,0.022,0.054
291000,0.921,0.022,0.056
291500,0.922,0.022,0.055
292000,0.923,0.022,0.054
292500,0.923,0.022,0.054
293000,0.923,0.022,0.054
293500,0.922,0.022,0.055
294000,0.925,0.023,0.051
294500,0.925,0.023,0.051
295000,0.924,0.023,0.052
295500,0.923,0.023,0.053
296000,0.924,0.023,0.052
296500,0.924,0.023,0.052
297000,0.927,0.023,0.049
297500,0.925,0.023,0.051
298000,0.925,0.023,0.051
298500,0.926,0.023,0.050
299000,0.926,0.023,0.050
299500,0.926,0.023,0.050
300000,0.926,0.023,0.050
300500,0.926,0.023,0.050
301000,0.923,0.023,0.053
301500,0.924,0.023,0.052
302000,0.923,0.023,0.053
302500,0.923,0.023,0.053
303000,0.923,0.023,0.053
303500,0.923,0.023,0.053
304000,0.924,0.023,0.052
304500,0.925,0.023,0.051
305000,0.926,0.023,0.050
305500,0.926,0.023,0.050
306000,0.926,0.023,0.050
306500,0.928,0.023,0.048
307000,0.927,0.023,0.049
307500,0.926,0.023,0.050
308000,0.927,0.021,0.051
308500,0.928,0.021,0.050
309000,0.928,0.021,0.050
309500,0.928,0.021,0.050
310000,0.931,0.021,0.048
310500,0.931,0.021,0.048
311000,0.930,0.021,0.049
311500,0.930,0.020,0.050
312000,0.931,0.020,0.049
312500,0.931,0.020,0.049
313000,0.931,0.020,0.049
313500,0.931,0.020,0.049
314000,0.931,0.021,0.048
314500,0.931,0.021,0.048
315000,0.931,0.021,0.048
315500,0.931,0.021,0.048
316000,0.932,0.021,0.047
316500,0.932,0.021,0.047
317000,0.932,0.021,0.047
317500,0.932,0.020,0.048
318000,0.932,0.020,0.048
318500,0.932,0.020,0.048
319000,0.932,0.020,0.048
319500,0.932,0.020,0.048
320000,0.932,0.020,0.048
320500,0.932,0.020,0.048
321000,0.932,0.020,0.048
321500,0.932,0.020,0.048
322000,0.932,0.020,0.048
322500,0.932,0.020,0.048
323000,0.932,0.021,0.047
323500,0.932,0.021,0.047
324000,0.932,0.022,0.046
324500,0.932,0.022,0.046
325000,0.932,0.022,0.046
325500,0.932,0.022,0.046
326000,0.932,0.022,0.046
326500,0.932,0.022,0.046
327000,0.932,0.021,0.047
327500,0.933,0.021,0.046
328000,0.933,0.021,0.046
328500,0.933,0.021,0.046
329000,0.933,0.021,0.046
329500,0.933,0.021,0.046
330000,0.934,0.021,0.045
330500,0.934,0.021,0.045
331000,0.934,0.021,0.045
331500,0.934,0.021,0.045
332000,0.934,0.021,0.045
332500,0.934,0.021,0.045
333000,0.934,0.021,0.045
333500,0.934,0.021,0.045
334000,0.934,0.021,0.045
334500,0.934,0.021,0.045
335000,0.934,0.021,0.045
335500,0.934,0.021,0.045
336000,0.934,0.021,0.045
336500,0.933,0.020,0.047
337000,0.933,0.020,0.047
337500,0.933,0.020,0.047
338000,0.932,0.020,0.048
338500,0.933,0.020,0.047
339000,0.933,0.020,0.047
339500,0.933,0.019,0.048
340000,0.933,0.019,0.048
340500,0.934,0.019,0.047
341000,0.935,0.020,0.045
341500,0.935,0.020,0.045
342000,0.935,0.020,0.045
342500,0.935,0.020,0.045
343000,0.935,0.020,0.045
343500,0.936,0.020,0.044
344000,0.934,0.020,0.046
344500,0.937,0.020,0.043
345000,0.934,0.020,0.046
345500,0.935,0.020,0.045
346000,0.936,0.020,0.044
346500,0.936,0.020,0.044
347000,0.937,0.020,0.043
347500,0.938,0.020,0.042
348000,0.938,0.020,0.042
348500,0.938,0.020,0.042
349000,0.938,0.019,0.043
349500,0.938,0.019,0.043
350000,0.938,0.019,0.043
350500,0.934,0.019,0.047
351000,0.933,0.019,0.048
351500,0.919,0.021,0.059
352000,0.907,0.020,0.073
352500,0.896,0.027,0.078
353000,0.915,0.019,0.065
353500,0.905,0.020,0.075
354000,0.916,0.019,0.064
354500,0.918,0.019,0.062
355000,0.916,0.019,0.064
355500,0.923,0.019,0.057
356000,0.922,0.019,0.058
356500,0.923,0.019,0.057
357000,0.923,0.019,0.057
357500,0.912,0.019,0.068
358000,0.911,0.020,0.068
358500,0.912,0.022,0.065
359000,0.907,0.022,0.070
359500,0.904,0.023,0.073
360000,0.898,0.023,0.079
360500,0.898,0.022,0.080
361000,0.907,0.022,0.070
361500,0.910,0.021,0.068
362000,0.913,0.020,0.066
362500,0.918,0.020,0.061
363000,0.918,0.020,0.061
363500,0.918,0.020,0.061
364000,0.918,0.019,0.062
364500,0.913,0.020,0.066
365000,0.925,0.021,0.053
365500,0.927,0.020,0.052
366000,0.928,0.020,0.051
366500,0.930,0.020,0.050
367000,0.930,0.019,0.051
367500,0.928,0.019,0.052
368000,0.931,0.019,0.050
368500,0.933,0.018,0.049
369000,0.925,0.018,0.056
369500,0.925,0.018,0.056
370000,0.930,0.018,0.052
370500,0.933,0.017,0.050
371000,0.932,0.017,0.051
371500,0.931,0.017,0.052
372000,0.933,0.017,0.050
372500,0.931,0.017,0.052
373000,0.933,0.018,0.049
373500,0.933,0.018,0.049
374000,0.933,0.018,0.049
374500,0.928,0.016,0.055
375000,0.922,0.015,0.062
375500,0.923,0.015,0.061
376000,0.926,0.015,0.058
376500,0.928,0.015,0.056
377000,0.931,0.015,0.054
377500,0.933,0.015,0.052
378000,0.932,0.015,0.053
378500,0.930,0.015,0.055
379000,0.932,0.015,0.053
379500,0.932,0.015,0.053
380000,0.932,0.015,0.053
380500,0.931,0.015,0.054
381000,0.936,0.015,0.049
381500,0.935,0.014,0.051
382000,0.935,0.014,0.051
382500,0.936,0.014,0.050
383000,0.937,0.014,0.049
383500,0.937,0.014,0.049
384000,0.938,0.014,0.048
384500,0.938,0.014,0.048
385000,0.938,0.014,0.048
385500,0.937,0.014,0.049
386000,0.936,0.014,0.050
386500,0.937,0.014,0.049
387000,0.938,0.014,0.048
387500,0.938,0.014,0.048
388000,0.934,0.014,0.052
388500,0.926,0.014,0.059
389000,0.928,0.014,0.057
389500,0.925,0.014,0.060
390000,0.910,0.014,0.076
390500,0.917,0.019,0.063
391000,0.898,0.019,0.083
391500,0.902,0.021,0.077
392000,0.913,0.020,0.066
392500,0.917,0.019,0.063
393000,0.913,0.018,0.068
393500,0.922,0.018,0.059
394000,0.922,0.017,0.060
394500,0.925,0.016,0.058
395000,0.926,0.016,0.057
395500,0.925,0.016,0.058
396000,0.928,0.016,0.055
396500,0.930,0.016,0.054
397000,0.931,0.016,0.053
397500,0.936,0.016,0.048
398000,0.938,0.016,0.046
398500,0.937,0.016,0.047
399000,0.938,0.016,0.046
399500,0.939,0.016,0.045
400000,0.939,0.016,0.045
400500,0.939,0.016,0.045
401000,0.939,0.016,0.045
401500,0.936,0.016,0.048
402000,0.939,0.016,0.045
402500,0.938,0.016,0.046
403000,0.940,0.016,0.044
403500,0.941,0.016,0.043
404000,0.941,0.016,0.043
404500,0.939,0.016,0.045
405000,0.935,0.016,0.049
405500,0.931,0.016,0.053
406000,0.934,0.018,0.048
406500,0.935,0.017,0.048
407000,0.935,0.016,0.049
407500,0.937,0.016,0.047
408000,0.935,0.016,0.049
408500,0.933,0.015,0.052
409000,0.935,0.015,0.050
409500,0.934,0.015,0.051
410000,0.934,0.015,0.051
410500,0.936,0.015,0.049
411000,0.936,0.015,0.049
411500,0.936,0.015,0.049
412000,0.935,0.015,0.050
412500,0.932,0.017,0.051
413000,0.934,0.017,0.049
413500,0.935,0.017,0.048
414000,0.914,0.021,0.064
414500,0.917,0.019,0.063
415000,0.915,0.017,0.067
415500,0.925,0.017,0.057
416000,0.928,0.017,0.054
416500,0.930,0.017,0.053
417000,0.937,0.016,0.047
417500,0.937,0.016,0.047
418000,0.938,0.016,0.046
418500,0.939,0.016,0.045
419000,0.940,0.016,0.044
419500,0.940,0.016,0.044
420000,0.940,0.016,0.044
420500,0.940,0.016,0.044
421000,0.942,0.016,0.042
421500,0.942,0.016,0.042
422000,0.942,0.018,0.040
422500,0.943,0.018,0.039
423000,0.943,0.018,0.039
423500,0.941,0.017,0.042
424000,0.941,0.017,0.042
424500,0.942,0.017,0.041
425000,0.941,0.018,0.041
425500,0.942,0.018,0.040
426000,0.942,0.018,0.040
426500,0.941,0.018,0.041
427000,0.941,0.018,0.041
427500,0.941,0.018,0.041
428000,0.941,0.018,0.041
428500,0.940,0.018,0.042
429000,0.940,0.018,0.042
429500,0.942,0.018,0.040
430000,0.942,0.018,0.040
430500,0.942,0.018,0.040
431000,0.942,0.018,0.040
431500,0.942,0.018,0.040
432000,0.942,0.018,0.040
432500,0.943,0.018,0.039
433000,0.944,0.018,0.038
433500,0.944,0.017,0.039
434000,0.943,0.017,0.040
434500,0.944,0.017,0.039
435000,0.944,0.018,0.038
435500,0.944,0.018,0.038
436000,0.944,0.018,0.038
436500,0.944,0.018,0.038
437000,0.943,0.018,0.039
437500,0.942,0.018,0.040
438000,0.941,0.018,0.041
438500,0.942,0.018,0.040
439000,0.941,0.018,0.041
439500,0.941,0.020,0.039
440000,0.939,0.020,0.041
440500,0.939,0.020,0.041
441000,0.939,0.019,0.042
441500,0.939,0.018,0.043
442000,0.937,0.018,0.045
442500,0.936,0.017,0.047
443000,0.937,0.019,0.044
443500,0.927,0.019,0.053
444000,0.933,0.019,0.048
444500,0.933,0.019,0.048
445000,0.932,0.019,0.049
445500,0.933,0.019,0.048
446000,0.936,0.018,0.046
446500,0.936,0.017,0.047
447000,0.938,0.017,0.045
447500,0.938,0.017,0.045
448000,0.939,0.017,0.044
448500,0.938,0.017,0.045
449000,0.940,0.016,0.044
449500,0.942,0.017,0.041
450000,0.943,0.017,0.040
450500,0.944,0.017,0.039
451000,0.944,0.017,0.039
451500,0.944,0.017,0.039
452000,0.944,0.017,0.039
452500,0.944,0.017,0.039
453000,0.943,0.017,0.040
453500,0.941,0.017,0.042
454000,0.943,0.017,0.040
454500,0.945,0.019,0.036
455000,0.947,0.019,0.034
455500,0.948,0.019,0.033
456000,0.948,0.019,0.033
456500,0.948,0.019,0.033
457000,0.948,0.019,0.033
457500,0.948,0.019,0.033
458000,0.948,0.019,0.033
458500,0.948,0.019,0.033
459000,0.948,0.019,0.033
459500,0.948,0.019,0.033
460000,0.948,0.019,0.033
460500,0.948,0.019,0.033
461000,0.948,0.019,0.033
461500,0.948,0.019,0.033
462000,0.948,0.019,0.033
462500,0.947,0.018,0.035
463000,0.948,0.018,0.034
463500,0.948,0.018,0.034
464000,0.948,0.018,0.034
464500,0.948,0.018,0.034
465000,0.948,0.018,0.034
465500,0.948,0.018,0.034
466000,0.948,0.018,0.034
466500,0.948,0.018,0.034
467000,0.948,0.018,0.034
467500,0.948,0.018,0.034
468000,0.948,0.018,0.034
468500,0.948,0.018,0.034
469000,0.949,0.018,0.033
469500,0.949,0.018,0.033
470000,0.949,0.018,0.033
470500,0.948,0.018,0.034
471000,0.948,0.017,0.035
471500,0.948,0.017,0.035
472000,0.948,0.017,0.035
472500,0.948,0.017,0.035
473000,0.948,0.017,0.035
473500,0.948,0.017,0.035
474000,0.948,0.017,0.035
474500,0.948,0.017,0.035
475000,0.948,0.017,0.035
475500,0.948,0.017,0.035
476000,0.948,0.018,0.034
476500,0.948,0.018,0.034
477000,0.948,0.018,0.034
477500,0.945,0.017,0.038
478000,0.945,0.017,0.038
478500,0.947,0.017,0.036
479000,0.947,0.017,0.036
479500,0.946,0.017,0.037
480000,0.947,0.017,0.036
480500,0.947,0.018,0.035
481000,0.947,0.018,0.035
481500,0.945,0.017,0.038
482000,0.942,0.017,0.041
482500,0.945,0.017,0.038
483000,0.947,0.017,0.036
483500,0.948,0.017,0.035
484000,0.948,0.017,0.035
484500,0.950,0.016,0.034
485000,0.950,0.016,0.034
485500,0.950,0.016,0.034
486000,0.950,0.016,0.034
486500,0.950,0.016,0.034
487000,0.950,0.016,0.034
487500,0.950,0.016,0.034
488000,0.950,0.016,0.034
488500,0.951,0.016,0.033
489000,0.951,0.016,0.033
489500,0.951,0.016,0.033
490000,0.951,0.016,0.033
490500,0.951,0.016,0.033
491000,0.951,0.016,0.033
491500,0.951,0.015,0.034
492000,0.950,0.015,0.035
492500,0.950,0.015,0.035
493000,0.950,0.015,0.035
493500,0.950,0.015,0.035
494000,0.951,0.015,0.034
494500,0.951,0.015,0.034
495000,0.951,0.015,0.034
495500,0.950,0.015,0.035
496000,0.949,0.015,0.036
496500,0.949,0.014,0.037
497000,0.945,0.014,0.041
497500,0.947,0.014,0.039
498000,0.946,0.014,0.040
498500,0.946,0.013,0.041
499000,0.947,0.013,0.040
499500,0.946,0.013,0.041
500000,0.949,0.013,0.038
500500,0.949,0.013,0.038
501000,0.947,0.013,0.040
501500,0.950,0.013,0.037
502000,0.951,0.013,0.036
502500,0.951,0.013,0.036
503000,0.950,0.012,0.038
503500,0.951,0.012,0.037
504000,0.950,0.013,0.037
504500,0.952,0.013,0.035
505000,0.953,0.013,0.034
505500,0.953,0.013,0.034
506000,0.953,0.013,0.034
506500,0.952,0.013,0.035
507000,0.951,0.013,0.036
507500,0.951,0.013,0.036
508000,0.951,0.013,0.036
508500,0.952,0.013,0.035
509000,0.952,0.014,0.034
509500,0.952,0.014,0.034
510000,0.953,0.014,0.033
510500,0.954,0.013,0.033
511000,0.954,0.013,0.033
511500,0.954,0.012,0.034
512000,0.954,0.012,0.034
512500,0.954,0.011,0.035
513000,0.954,0.011,0.035
513500,0.953,0.011,0.036
514000,0.953,0.011,0.036
514500,0.953,0.011,0.036
515000,0.953,0.011,0.036
515500,0.955,0.011,0.034
516000,0.955,0.011,0.034
516500,0.955,0.011,0.034
517000,0.955,0.010,0.035
517500,0.955,0.010,0.035
518000,0.956,0.010,0.034
518500,0.957,0.010,0.033
519000,0.957,0.010,0.033
519500,0.958,0.010,0.032
520000,0.958,0.010,0.032
520500,0.958,0.010,0.032
521000,0.958,0.010,0.032
521500,0.958,0.010,0.032
522000,0.958,0.010,0.032
522500,0.958,0.010,0.032
523000,0.958,0.010,0.032
523500,0.957,0.010,0.033
524000,0.958,0.010,0.032
524500,0.958,0.010,0.032
525000,0.959,0.010,0.031
525500,0.959,0.010,0.031
526000,0.959,0.010,0.031
526500,0.960,0.010,0.030
527000,0.961,0.010,0.029
527500,0.962,0.010,0.028
528000,0.961,0.010,0.029
528500,0.962,0.010,0.028
529000,0.963,0.010,0.027
529500,0.964,0.010,0.026
530000,0.964,0.010,0.026
530500,0.964,0.010,0.026
531000,0.964,0.010,0.026
531500,0.963,0.010,0.027
532000,0.963,0.010,0.027
532500,0.963,0.010,0.027
533000,0.963,0.010,0.027
533500,0.963,0.010,0.027
534000,0.963,0.010,0.027
534500,0.963,0.010,0.027
535000,0.963,0.010,0.027
535500,0.963,0.010,0.027
536000,0.964,0.010,0.026
536500,0.964,0.010,0.026
537000,0.964,0.010,0.026
537500,0.964,0.010,0.026
538000,0.964,0.010,0.026
538500,0.963,0.010,0.027
539000,0.963,0.010,0.027
539500,0.965,0.010,0.025
540000,0.965,0.010,0.025
540500,0.964,0.010,0.026
541000,0.964,0.010,0.026
541500,0.960,0.011,0.029
542000,0.963,0.010,0.027
542500,0.965,0.010,0.025
543000,0.965,0.010,0.025
543500,0.965,0.010,0.025
544000,0.965,0.010,0.025
544500,0.965,0.010,0.025
545000,0.965,0.010,0.025
545500,0.965,0.010,0.025
546000,0.965,0.010,0.025
546500,0.965,0.010,0.025
547000,0.965,0.010,0.025
547500,0.964,0.010,0.026
548000,0.964,0.010,0.026
548500,0.964,0.010,0.026
549000,0.965,0.010,0.025
549500,0.965,0.010,0.025
550000,0.965,0.010,0.025
550500,0.965,0.010,0.025
551000,0.965,0.010,0.025
551500,0.965,0.010,0.025
552000,0.965,0.010,0.025
552500,0.966,0.010,0.023
553000,0.966,0.010,0.023
553500,0.961,0.010,0.029
554000,0.961,0.010,0.029
554500,0.960,0.010,0.030
555000,0.960,0.010,0.030
555500,0.962,0.010,0.028
556000,0.961,0.010,0.029
556500,0.961,0.010,0.029
557000,0.961,0.010,0.029
557500,0.961,0.010,0.029
558000,0.962,0.010,0.028
558500,0.962,0.010,0.028
559000,0.962,0.010,0.028
559500,0.962,0.010,0.028
560000,0.959,0.010,0.031
560500,0.963,0.010,0.027
561000,0.962,0.010,0.028
561500,0.962,0.010,0.028
562000,0.961,0.010,0.029
562500,0.963,0.010,0.027
563000,0.963,0.010,0.027
563500,0.963,0.010,0.027
564000,0.962,0.010,0.028
564500,0.962,0.010,0.028
565000,0.962,0.010,0.028
565500,0.962,0.010,0.028
566000,0.962,0.010,0.028
566500,0.962,0.010,0.028
567000,0.962,0.009,0.029
567500,0.962,0.009,0.029
568000,0.962,0.009,0.029
568500,0.964,0.009,0.027
569000,0.964,0.009,0.027
569500,0.945,0.009,0.046
570000,0.946,0.011,0.043
570500,0.950,0.009,0.041
571000,0.954,0.008,0.038
571500,0.952,0.010,0.038
572000,0.950,0.010,0.040
572500,0.948,0.010,0.042
573000,0.951,0.009,0.040
573500,0.954,0.009,0.037
574000,0.953,0.008,0.039
574500,0.948,0.008,0.044
575000,0.946,0.010,0.044
575500,0.951,0.010,0.039
576000,0.951,0.009,0.040
576500,0.955,0.009,0.036
577000,0.954,0.009,0.037
577500,0.955,0.009,0.036
578000,0.931,0.012,0.057
578500,0.923,0.015,0.061
579000,0.919,0.021,0.059
579500,0.927,0.020,0.052
580000,0.920,0.018,0.061
580500,0.919,0.016,0.064
581000,0.911,0.017,0.072
581500,0.920,0.019,0.060
582000,0.917,0.017,0.065
582500,0.916,0.014,0.069
583000,0.916,0.016,0.067
583500,0.921,0.014,0.064
584000,0.932,0.015,0.053
584500,0.943,0.013,0.044
585000,0.948,0.012,0.040
585500,0.952,0.012,0.036
586000,0.949,0.011,0.040
586500,0.952,0.011,0.037
587000,0.955,0.010,0.035
587500,0.955,0.010,0.035
588000,0.954,0.010,0.036
588500,0.949,0.010,0.041
589000,0.951,0.009,0.040
589500,0.953,0.008,0.039
590000,0.954,0.008,0.038
590500,0.956,0.008,0.036
591000,0.956,0.010,0.034
591500,0.948,0.010,0.042
592000,0.942,0.014,0.044
592500,0.943,0.009,0.048
593000,0.943,0.009,0.048
593500,0.950,0.008,0.042
594000,0.952,0.008,0.040
594500,0.957,0.008,0.035
595000,0.961,0.008,0.031
595500,0.962,0.008,0.030
596000,0.963,0.008,0.029
596500,0.964,0.008,0.028
597000,0.965,0.008,0.027
597500,0.964,0.008,0.028
598000,0.966,0.008,0.026
598500,0.966,0.008,0.026
599000,0.966,0.008,0.026
599500,0.968,0.008,0.023
600000,0.968,0.008,0.023
600500,0.968,0.008,0.023
601000,0.964,0.008,0.028
601500,0.968,0.008,0.023
602000,0.968,0.008,0.023
602500,0.968,0.007,0.025
603000,0.968,0.007,0.025
603500,0.969,0.007,0.023
604000,0.969,0.007,0.023
604500,0.969,0.007,0.023
605000,0.970,0.007,0.022
605500,0.970,0.007,0.022
606000,0.968,0.007,0.025
606500,0.967,0.007,0.026
607000,0.967,0.007,0.026
607500,0.969,0.007,0.023
608000,0.966,0.007,0.027
608500,0.968,0.007,0.025
609000,0.970,0.007,0.022
609500,0.970,0.007,0.022
610000,0.970,0.007,0.022
610500,0.970,0.007,0.022
611000,0.970,0.007,0.022
611500,0.969,0.007,0.023
612000,0.969,0.007,0.023
612500,0.970,0.007,0.022
613000,0.970,0.007,0.022
613500,0.970,0.007,0.022
614000,0.970,0.007,0.022
614500,0.970,0.007,0.022
615000,0.970,0.007,0.022
615500,0.970,0.007,0.022
616000,0.970,0.007,0.022
616500,0.970,0.007,0.022
617000,0.971,0.007,0.021
617500,0.971,0.007,0.021
618000,0.971,0.007,0.021
618500,0.971,0.007,0.021
619000,0.971,0.007,0.021
619500,0.971,0.007,0.021
620000,0.971,0.007,0.021
620500,0.972,0.007,0.020
621000,0.972,0.007,0.020
621500,0.972,0.007,0.020
622000,0.972,0.007,0.020
622500,0.972,0.007,0.020
623000,0.972,0.007,0.020
623500,0.972,0.007,0.020
624000,0.972,0.007,0.020
624500,0.972,0.007,0.020
625000,0.972,0.007,0.020
625500,0.973,0.007,0.019
626000,0.973,0.007,0.019
626500,0.973,0.007,0.019
627000,0.973,0.007,0.019
627500,0.973,0.007,0.019
628000,0.973,0.007,0.019
628500,0.973,0.007,0.019
629000,0.973,0.007,0.019
629500,0.973,0.007,0.019
630000,0.973,0.007,0.019
630500,0.973,0.007,0.019
631000,0.973,0.007,0.019
631500,0.973,0.007,0.019
632000,0.973,0.007,0.019
632500,0.974,0.007,0.018
633000,0.974,0.007,0.018
633500,0.974,0.007,0.018
634000,0.974,0.007,0.018
634500,0.974,0.007,0.018
635000,0.974,0.007,0.018
635500,0.974,0.007,0.018
636000,0.974,0.007,0.018
636500,0.974,0.007,0.018
637000,0.974,0.007,0.018
637500,0.974,0.007,0.018
638000,0.974,0.007,0.018
638500,0.974,0.007,0.018
639000,0.974,0.007,0.018
639500,0.974,0.007,0.018
640000,0.974,0.007,0.018
640500,0.975,0.007,0.017
641000,0.975,0.007,0.017
641500,0.975,0.007,0.017
642000,0.975,0.007,0.017
642500,0.975,0.007,0.017
643000,0.975,0.007,0.017
643500,0.975,0.007,0.017
644000,0.975,0.007,0.017
644500,0.975,0.007,0.017
645000,0.975,0.007,0.017
645500,0.975,0.007,0.017
646000,0.975,0.007,0.017
646500,0.975,0.007,0.017
647000,0.975,0.007,0.017
647500,0.975,0.007,0.017
648000,0.975,0.007,0.017
648500,0.975,0.007,0.017
649000,0.975,0.007,0.017
649500,0.975,0.007,0.017
650000,0.975,0.007,0.017
650500,0.977,0.007,0.016
651000,0.977,0.007,0.016
651500,0.977,0.007,0.016
652000,0.977,0.007,0.016
652500,0.977,0.007,0.016
653000,0.977,0.007,0.016
653500,0.977,0.007,0.016
654000,0.977,0.007,0.016
654500,0.977,0.007,0.016
655000,0.977,0.007,0.016
655500,0.977,0.007,0.016
656000,0.977,0.007,0.016
656500,0.977,0.007,0.016
657000,0.977,0.007,0.016
657500,0.977,0.007,0.016
658000,0.977,0.007,0.016
658500,0.977,0.007,0.016
659000,0.975,0.007,0.017
659500,0.974,0.007,0.018
660000,0.974,0.007,0.018
660500,0.977,0.007,0.016
661000,0.977,0.007,0.016
661500,0.977,0.007,0.016
662000,0.977,0.007,0.016
662500,0.977,0.007,0.016
663000,0.977,0.007,0.016
663500,0.977,0.007,0.016
664000,0.977,0.007,0.016
664500,0.977,0.007,0.016
665000,0.977,0.007,0.016
665500,0.977,0.007,0.016
666000,0.977,0.007,0.016
666500,0.977,0.007,0.016
667000,0.977,0.007,0.016
667500,0.977,0.007,0.016
668000,0.977,0.007,0.016
668500,0.977,0.007,0.016
669000,0.977,0.007,0.016
669500,0.977,0.007,0.016
670000,0.977,0.007,0.016
670500,0.977,0.007,0.016
671000,0.977,0.007,0.016
671500,0.977,0.007,0.016
672000,0.977,0.007,0.016
672500,0.977,0.007,0.016
673000,0.977,0.006,0.017
673500,0.977,0.006,0.017
674000,0.977,0.006,0.017
674500,0.977,0.006,0.017
675000,0.977,0.006,0.017
675500,0.977,0.006,0.017
676000,0.977,0.006,0.017
676500,0.977,0.006,0.017
677000,0.977,0.006,0.017
677500,0.977,0.006,0.017
678000,0.977,0.006,0.017
678500,0.977,0.006,0.017
679000,0.977,0.005,0.018
679500,0.977,0.005,0.018
680000,0.977,0.005,0.018
680500,0.977,0.005,0.018
681000,0.977,0.005,0.018
681500,0.977,0.005,0.018
682000,0.977,0.005,0.018
682500,0.977,0.005,0.018
683000,0.977,0.005,0.018
683500,0.977,0.005,0.018
684000,0.977,0.005,0.018
684500,0.977,0.005,0.018
685000,0.977,0.005,0.018
685500,0.977,0.005,0.018
686000,0.977,0.005,0.018
686500,0.977,0.005,0.018
687000,0.977,0.005,0.018
687500,0.977,0.005,0.018
688000,0.977,0.005,0.018
688500,0.977,0.005,0.018
689000,0.977,0.005,0.018
689500,0.977,0.005,0.018
690000,0.977,0.005,0.018
690500,0.977,0.005,0.018
691000,0.977,0.005,0.018
691500,0.977,0.005,0.018
692000,0.977,0.005,0.018
692500,0.977,0.005,0.018
693000,0.977,0.005,0.018
693500,0.977,0.005,0.018
694000,0.977,0.005,0.018
694500,0.977,0.005,0.018
695000,0.977,0.005,0.018
695500,0.977,0.005,0.018
696000,0.977,0.005,0.018
696500,0.977,0.005,0.018
697000,0.977,0.005,0.018
697500,0.977,0.005,0.018
698000,0.977,0.005,0.018
698500,0.977,0.005,0.018
699000,0.977,0.005,0.018
699500,0.977,0.005,0.018
700000,0.977,0.005,0.018
700500,0.977,0.005,0.018
701000,0.975,0.005,0.019
701500,0.975,0.005,0.019
702000,0.975,0.005,0.019
702500,0.975,0.005,0.019
703000,0.975,0.005,0.019
703500,0.975,0.005,0.019
704000,0.975,0.005,0.019
704500,0.975,0.005,0.019
705000,0.975,0.005,0.019
705500,0.975,0.005,0.019
706000,0.975,0.005,0.019
706500,0.975,0.005,0.019
707000,0.975,0.005,0.019
707500,0.975,0.005,0.019
708000,0.974,0.007,0.018
708500,0.974,0.007,0.018
709000,0.974,0.006,0.019
709500,0.974,0.006,0.019
710000,0.974,0.006,0.019
710500,0.974,0.006,0.019
711000,0.974,0.006,0.019
711500,0.974,0.006,0.019
712000,0.974,0.006,0.019
712500,0.974,0.006,0.019
713000,0.974,0.006,0.019
713500,0.974,0.006,0.019
714000,0.974,0.006,0.019
714500,0.974,0.006,0.019
715000,0.974,0.006,0.019
715500,0.974,0.006,0.019
716000,0.974,0.006,0.019
716500,0.974,0.006,0.019
717000,0.974,0.005,0.020
717500,0.974,0.005,0.020
718000,0.974,0.005,0.020
718500,0.974,0.005,0.020
719000,0.974,0.005,0.020
719500,0.974,0.005,0.020
720000,0.974,0.005,0.020
720500,0.974,0.005,0.020
721000,0.974,0.005,0.020
721500,0.974,0.005,0.020
722000,0.974,0.005,0.020
722500,0.974,0.005,0.020
723000,0.974,0.005,0.020
723500,0.974,0.005,0.020
724000,0.974,0.005,0.020
724500,0.977,0.005,0.018
725000,0.977,0.005,0.018
725500,0.977,0.005,0.018
726000,0.977,0.005,0.018
726500,0.977,0.005,0.018
727000,0.977,0.005,0.018
727500,0.977,0.005,0.018
728000,0.977,0.005,0.018
728500,0.977,0.005,0.018
729000,0.977,0.005,0.018
729500,0.977,0.005,0.018
730000,0.977,0.005,0.018
730500,0.977,0.005,0.018
731000,0.977,0.005,0.018
731500,0.977,0.005,0.018
732000,0.977,0.005,0.018
732500,0.977,0.005,0.018
733000,0.977,0.005,0.018
733500,0.977,0.005,0.018
734000,0.977,0.005,0.018
734500,0.977,0.005,0.018
735000,0.977,0.005,0.018
735500,0.977,0.005,0.018
736000,0.977,0.005,0.018
736500,0.975,0.005,0.019
737000,0.975,0.005,0.019
737500,0.975,0.005,0.019
738000,0.975,0.005,0.019
738500,0.975,0.005,0.019
739000,0.975,0.005,0.019
739500,0.975,0.005,0.019
740000,0.975,0.005,0.019
740500,0.975,0.005,0.019
741000,0.975,0.005,0.019
741500,0.975,0.005,0.019
742000,0.975,0.005,0.019
742500,0.975,0.005,0.019
743000,0.977,0.005,0.018
743500,0.977,0.005,0.018
744000,0.977,0.005,0.018
744500,0.977,0.005,0.018
745000,0.977,0.005,0.018
745500,0.977,0.005,0.018
746000,0.977,0.005,0.018
746500,0.977,0.005,0.018
747000,0.977,0.005,0.018
747500,0.977,0.005,0.018
748000,0.977,0.005,0.018
748500,0.977,0.005,0.018
749000,0.977,0.005,0.018
749500,0.977,0.005,0.018
750000,0.977,0.005,0.018
750500,0.977,0.005,0.018
751000,0.977,0.005,0.018
751500,0.977,0.005,0.018
752000,0.977,0.005,0.018
752500,0.977,0.005,0.018
753000,0.977,0.005,0.018
753500,0.977,0.005,0.018
754000,0.977,0.005,0.018
754500,0.977,0.005,0.018
755000,0.977,0.005,0.018
755500,0.977,0.005,0.018
756000,0.977,0.005,0.018
756500,0.977,0.005,0.018
757000,0.977,0.005,0.018
757500,0.977,0.005,0.018
758000,0.977,0.005,0.018
758500,0.977,0.005,0.018
759000,0.977,0.005,0.018
759500,0.977,0.005,0.018
760000,0.977,0.005,0.018
760500,0.977,0.005,0.018
761000,0.977,0.005,0.018
761500,0.977,0.005,0.018
762000,0.977,0.005,0.018
762500,0.977,0.005,0.018
763000,0.977,0.005,0.018
763500,0.977,0.005,0.018
764000,0.977,0.005,0.018
764500,0.977,0.005,0.018
765000,0.974,0.005,0.020
765500,0.977,0.005,0.018
766000,0.977,0.005,0.018
766500,0.977,0.005,0.018
767000,0.977,0.005,0.018
767500,0.977,0.005,0.018
768000,0.977,0.005,0.018
768500,0.977,0.005,0.018
769000,0.977,0.005,0.018
769500,0.977,0.005,0.018
770000,0.977,0.005,0.018
770500,0.977,0.005,0.018
771000,0.977,0.005,0.018
771500,0.977,0.005,0.018
772000,0.977,0.005,0.018
772500,0.977,0.005,0.018
773000,0.977,0.005,0.018
773500,0.977,0.005,0.018
774000,0.977,0.005,0.018
774500,0.977,0.005,0.018
775000,0.977,0.005,0.018
775500,0.977,0.005,0.018
776000,0.977,0.005,0.018
776500,0.977,0.005,0.018
777000,0.977,0.005,0.018
777500,0.977,0.005,0.018
778000,0.977,0.005,0.018
778500,0.977,0.005,0.018
779000,0.977,0.005,0.018
779500,0.977,0.005,0.018
780000,0.977,0.005,0.018
780500,0.977,0.005,0.018
781000,0.977,0.005,0.018
781500,0.977,0.005,0.018
782000,0.977,0.005,0.018
782500,0.977,0.005,0.018
783000,0.977,0.005,0.018
783500,0.977,0.005,0.018
784000,0.977,0.005,0.018
784500,0.977,0.005,0.018
785000,0.977,0.005,0.018
785500,0.977,0.005,0.018
786000,0.977,0.005,0.018
786500,0.977,0.005,0.018
787000,0.977,0.005,0.018
787500,0.977,0.005,0.018
788000,0.977,0.005,0.018
788500,0.977,0.005,0.018
789000,0.977,0.005,0.018
789500,0.977,0.005,0.018
790000,0.977,0.005,0.018
790500,0.977,0.005,0.018
791000,0.977,0.005,0.018
791500,0.977,0.005,0.018
792000,0.977,0.005,0.018
792500,0.977,0.005,0.018
793000,0.977,0.005,0.018
793500,0.977,0.005,0.018
794000,0.977,0.005,0.018
794500,0.977,0.005,0.018
795000,0.977,0.005,0.018
795500,0.977,0.005,0.018
796000,0.977,0.005,0.018
796500,0.977,0.005,0.018
797000,0.977,0.005,0.018
797500,0.977,0.005,0.018
798000,0.977,0.005,0.018
798500,0.977,0.005,0.018
799000,0.977,0.005,0.018
799500,0.977,0.005,0.018
800000,0.977,0.005,0.018
800500,0.977,0.005,0.018
801000,0.978,0.005,0.017
801500,0.978,0.005,0.017
802000,0.978,0.005,0.017
802500,0.978,0.005,0.017
803000,0.978,0.005,0.017
803500,0.978,0.005,0.017
804000,0.978,0.005,0.017
804500,0.978,0.005,0.017
805000,0.978,0.005,0.017
805500,0.978,0.005,0.017
806000,0.978,0.005,0.017
806500,0.978,0.005,0.017
807000,0.978,0.005,0.017
807500,0.978,0.005,0.017
808000,0.978,0.005,0.017
808500,0.978,0.005,0.017
809000,0.978,0.005,0.017
809500,0.978,0.005,0.017
810000,0.978,0.005,0.017
810500,0.978,0.005,0.017
811000,0.978,0.005,0.017
811500,0.978,0.005,0.017
812000,0.978,0.005,0.017
812500,0.978,0.005,0.017
813000,0.978,0.005,0.017
813500,0.978,0.005,0.017
814000,0.978,0.005,0.017
814500,0.978,0.005,0.017
815000,0.978,0.005,0.017
815500,0.978,0.005,0.017
816000,0.978,0.005,0.017
816500,0.978,0.005,0.017
817000,0.978,0.005,0.017
817500,0.978,0.005,0.017
818000,0.978,0.005,0.017
818500,0.978,0.005,0.017
819000,0.978,0.005,0.017
819500,0.978,0.005,0.017
820000,0.978,0.005,0.017
820500,0.978,0.005,0.017
821000,0.978,0.005,0.017
821500,0.978,0.005,0.017
822000,0.978,0.005,0.017
822500,0.978,0.005,0.017
823000,0.978,0.005,0.017
823500,0.978,0.005,0.017
824000,0.978,0.005,0.017
824500,0.978,0.005,0.017
825000,0.978,0.005,0.017
825500,0.979,0.005,0.016
826000,0.979,0.005,0.016
826500,0.979,0.005,0.016
827000,0.979,0.005,0.016
827500,0.979,0.005,0.016
828000,0.979,0.005,0.016
828500,0.979,0.005,0.016
829000,0.979,0.005,0.016
829500,0.979,0.004,0.017
830000,0.979,0.004,0.017
830500,0.979,0.004,0.017
831000,0.979,0.004,0.017
831500,0.979,0.004,0.017
832000,0.979,0.004,0.017
832500,0.979,0.004,0.017
833000,0.979,0.004,0.017
833500,0.979,0.004,0.017
834000,0.979,0.004,0.017
834500,0.979,0.004,0.017
835000,0.979,0.004,0.017
835500,0.979,0.003,0.018
836000,0.979,0.003,0.018
836500,0.979,0.003,0.018
837000,0.979,0.003,0.018
837500,0.979,0.003,0.018
838000,0.979,0.003,0.018
838500,0.979,0.003,0.018
839000,0.979,0.003,0.018
839500,0.979,0.003,0.018
840000,0.978,0.003,0.019
840500,0.978,0.003,0.019
841000,0.978,0.003,0.019
841500,0.978,0.003,0.019
842000,0.978,0.003,0.019
842500,0.978,0.003,0.019
843000,0.978,0.003,0.019
843500,0.978,0.003,0.019
844000,0.978,0.003,0.019
844500,0.977,0.003,0.020
845000,0.977,0.003,0.020
845500,0.977,0.003,0.020
846000,0.977,0.006,0.017
846500,0.977,0.005,0.018
847000,0.977,0.005,0.018
847500,0.977,0.005,0.018
848000,0.977,0.005,0.018
848500,0.977,0.005,0.018
849000,0.977,0.005,0.018
849500,0.977,0.005,0.018
850000,0.977,0.005,0.018
850500,0.977,0.005,0.018
851000,0.977,0.005,0.018
851500,0.977,0.005,0.018
852000,0.977,0.005,0.018
852500,0.978,0.005,0.017
853000,0.978,0.005,0.017
853500,0.978,0.005,0.017
854000,0.978,0.005,0.017
854500,0.978,0.005,0.017
855000,0.978,0.005,0.017
855500,0.978,0.005,0.017
856000,0.978,0.005,0.017
856500,0.978,0.005,0.017
857000,0.978,0.005,0.017
857500,0.978,0.005,0.017
858000,0.978,0.005,0.017
858500,0.978,0.005,0.017
859000,0.978,0.005,0.017
859500,0.979,0.005,0.016
860000,0.979,0.005,0.016
860500,0.979,0.005,0.016
861000,0.979,0.005,0.016
861500,0.979,0.005,0.016
862000,0.979,0.005,0.016
862500,0.979,0.005,0.016
863000,0.979,0.005,0.016
863500,0.979,0.005,0.016
864000,0.979,0.005,0.016
864500,0.979,0.005,0.016
865000,0.979,0.005,0.016
865500,0.979,0.005,0.016
866000,0.979,0.005,0.016
866500,0.979,0.005,0.016
867000,0.979,0.005,0.016
867500,0.979,0.005,0.016
868000,0.979,0.005,0.016
868500,0.979,0.005,0.016
869000,0.979,0.005,0.016
869500,0.979,0.005,0.016
870000,0.979,0.005,0.016
870500,0.979,0.005,0.016
871000,0.979,0.005,0.016
871500,0.979,0.005,0.016
872000,0.979,0.005,0.016
872500,0.979,0.005,0.016
873000,0.979,0.005,0.016
873500,0.979,0.004,0.017
874000,0.979,0.004,0.017
874500,0.979,0.004,0.017
875000,0.980,0.004,0.016
875500,0.980,0.004,0.016
876000,0.980,0.004,0.016
876500,0.980,0.004,0.016
877000,0.980,0.004,0.016
877500,0.980,0.004,0.016
878000,0.980,0.004,0.016
878500,0.980,0.004,0.016
879000,0.980,0.004,0.016
879500,0.980,0.004,0.016
880000,0.980,0.004,0.016
880500,0.980,0.004,0.016
881000,0.980,0.004,0.016
881500,0.980,0.004,0.016
882000,0.980,0.004,0.016
882500,0.980,0.004,0.016
883000,0.980,0.004,0.016
883500,0.980,0.004,0.016
884000,0.980,0.004,0.016
884500,0.980,0.004,0.016
885000,0.980,0.004,0.016
885500,0.980,0.004,0.016
886000,0.980,0.004,0.016
886500,0.980,0.004,0.016
887000,0.980,0.004,0.016
887500,0.980,0.004,0.016
888000,0.980,0.004,0.016
888500,0.980,0.004,0.016
889000,0.980,0.004,0.016
889500,0.980,0.004,0.016
890000,0.980,0.004,0.016
890500,0.980,0.004,0.016
891000,0.980,0.004,0.016
891500,0.980,0.004,0.016
892000,0.980,0.004,0.016
892500,0.980,0.004,0.016
893000,0.980,0.004,0.016
893500,0.980,0.004,0.016
894000,0.980,0.004,0.016
894500,0.980,0.004,0.016
895000,0.980,0.004,0.016
895500,0.980,0.004,0.016
896000,0.980,0.004,0.016
896500,0.980,0.004,0.016
897000,0.980,0.004,0.016
897500,0.980,0.004,0.016
898000,0.980,0.004,0.016
898500,0.980,0.004,0.016
899000,0.980,0.004,0.016
899500,0.980,0.004,0.016
900000,0.980,0.004,0.016
900500,0.980,0.004,0.016
901000,0.980,0.004,0.016
901500,0.980,0.004,0.016
902000,0.980,0.004,0.016
902500,0.980,0.004,0.016
903000,0.980,0.004,0.016
903500,0.980,0.004,0.016
904000,0.980,0.004,0.016
904500,0.981,0.004,0.015
905000,0.981,0.004,0.015
905500,0.981,0.004,0.015
906000,0.981,0.004,0.015
906500,0.981,0.004,0.015
907000,0.981,0.004,0.015
907500,0.981,0.004,0.015
908000,0.981,0.004,0.015
908500,0.981,0.004,0.015
909000,0.981,0.004,0.015
909500,0.981,0.004,0.015
910000,0.981,0.004,0.015
910500,0.981,0.004,0.015
911000,0.981,0.004,0.015
911500,0.981,0.004,0.015
912000,0.981,0.004,0.015
912500,0.981,0.004,0.015
913000,0.981,0.004,0.015
913500,0.981,0.004,0.015
914000,0.981,0.004,0.015
914500,0.981,0.004,0.015
915000,0.981,0.004,0.015
915500,0.981,0.004,0.015
916000,0.981,0.004,0.015
916500,0.981,0.004,0.015
917000,0.981,0.004,0.015
917500,0.981,0.004,0.015
918000,0.981,0.004,0.015
918500,0.981,0.004,0.015
919000,0.981,0.004,0.015
919500,0.981,0.004,0.015
920000,0.981,0.004,0.015
920500,0.981,0.004,0.015
921000,0.981,0.004,0.015
921500,0.981,0.004,0.015
922000,0.981,0.004,0.015
922500,0.981,0.004,0.015
923000,0.981,0.004,0.015
923500,0.981,0.004,0.015
924000,0.981,0.004,0.015
924500,0.981,0.004,0.015
925000,0.981,0.004,0.015
925500,0.981,0.004,0.015
926000,0.981,0.004,0.015
926500,0.982,0.004,0.014
927000,0.982,0.004,0.014
927500,0.982,0.004,0.014
928000,0.982,0.004,0.014
928500,0.982,0.004,0.014
929000,0.982,0.004,0.014
929500,0.982,0.004,0.014
930000,0.982,0.004,0.014
930500,0.982,0.004,0.014
931000,0.982,0.004,0.014
931500,0.982,0.004,0.014
932000,0.982,0.004,0.014
932500,0.982,0.004,0.014
933000,0.982,0.004,0.014
933500,0.982,0.004,0.014
934000,0.982,0.004,0.014
934500,0.982,0.004,0.014
935000,0.982,0.004,0.014
935500,0.982,0.004,0.014
936000,0.982,0.004,0.014
936500,0.982,0.004,0.014
937000,0.982,0.004,0.014
937500,0.982,0.004,0.014
938000,0.982,0.004,0.014
938500,0.982,0.004,0.014
939000,0.982,0.004,0.014
939500,0.982,0.004,0.014
940000,0.982,0.004,0.014
940500,0.982,0.004,0.014
941000,0.982,0.004,0.014
941500,0.982,0.004,0.014
942000,0.982,0.004,0.014
942500,0.982,0.004,0.014
943000,0.982,0.004,0.014
943500,0.982,0.004,0.014
944000,0.982,0.004,0.014
944500,0.982,0.004,0.014
945000,0.982,0.004,0.014
945500,0.982,0.004,0.014
946000,0.982,0.004,0.014
946500,0.982,0.004,0.014
947000,0.982,0.004,0.014
947500,0.982,0.004,0.014
948000,0.982,0.004,0.014
948500,0.982,0.004,0.014
949000,0.982,0.004,0.014
949500,0.982,0.004,0.014
950000,0.982,0.004,0.014
950500,0.982,0.004,0.014
951000,0.982,0.004,0.014
951500,0.982,0.004,0.014
952000,0.982,0.004,0.014
952500,0.982,0.004,0.014
953000,0.982,0.004,0.014
953500,0.982,0.004,0.014
954000,0.982,0.004,0.014
954500,0.982,0.004,0.014
955000,0.982,0.004,0.014
955500,0.982,0.004,0.014
956000,0.982,0.004,0.014
956500,0.982,0.004,0.014
957000,0.982,0.004,0.014
957500,0.982,0.004,0.014
958000,0.982,0.004,0.014
958500,0.981,0.004,0.015
959000,0.981,0.004,0.015
959500,0.981,0.004,0.015
960000,0.982,0.004,0.014
960500,0.982,0.004,0.014
961000,0.983,0.004,0.013
961500,0.981,0.004,0.015
962000,0.981,0.004,0.015
962500,0.975,0.004,0.020
963000,0.975,0.004,0.020
963500,0.973,0.004,0.022
964000,0.972,0.004,0.023
964500,0.966,0.004,0.030
965000,0.962,0.004,0.034
965500,0.962,0.004,0.034
966000,0.957,0.004,0.039
966500,0.951,0.004,0.045
967000,0.959,0.006,0.035
967500,0.952,0.005,0.043
968000,0.954,0.009,0.037
968500,0.953,0.006,0.041
969000,0.948,0.009,0.043
969500,0.942,0.010,0.048
970000,0.940,0.006,0.054
970500,0.945,0.006,0.049
971000,0.954,0.004,0.042
971500,0.955,0.005,0.040
972000,0.957,0.004,0.039
972500,0.964,0.006,0.030
973000,0.941,0.007,0.052
973500,0.953,0.007,0.040
974000,0.950,0.008,0.042
974500,0.952,0.008,0.040
975000,0.962,0.007,0.031
975500,0.954,0.006,0.040
976000,0.952,0.006,0.042
976500,0.955,0.007,0.038
977000,0.949,0.006,0.045
977500,0.943,0.004,0.053
978000,0.945,0.005,0.050
978500,0.948,0.004,0.048
979000,0.945,0.008,0.047
979500,0.951,0.008,0.041
980000,0.954,0.007,0.039
980500,0.952,0.006,0.042
981000,0.955,0.005,0.040
981500,0.960,0.008,0.032
982000,0.958,0.007,0.035
982500,0.953,0.011,0.036
983000,0.957,0.008,0.035
983500,0.944,0.010,0.046
984000,0.959,0.009,0.032
984500,0.959,0.006,0.035
985000,0.964,0.006,0.030
985500,0.967,0.006,0.027
986000,0.967,0.005,0.028
986500,0.966,0.005,0.029
987000,0.969,0.004,0.027
987500,0.970,0.004,0.026
988000,0.971,0.004,0.025
988500,0.970,0.004,0.026
989000,0.972,0.004,0.023
989500,0.972,0.004,0.023
990000,0.972,0.004,0.023
990500,0.972,0.004,0.023
991000,0.973,0.004,0.022
991500,0.974,0.004,0.021
992000,0.974,0.004,0.021
992500,0.974,0.004,0.021
993000,0.974,0.004,0.021
993500,0.974,0.004,0.021
994000,0.975,0.004,0.020
994500,0.979,0.004,0.017
995000,0.979,0.004,0.017
995500,0.977,0.004,0.019
996000,0.979,0.004,0.017
996500,0.979,0.004,0.017
997000,0.979,0.004,0.017
997500,0.979,0.004,0.017
998000,0.979,0.004,0.017
998500,0.979,0.004,0.017
999000,0.980,0.004,0.016
999500,0.980,0.004,0.016
1000000,0.980,0.004,0.016
