time,n_A+p,n_B,n_AB
500,0.050,0.499,0.451
1000,0.063,0.307,0.630
1500,0.057,0.249,0.694
2000,0.084,0.125,0.791
2500,0.122,0.096,0.782
3000,0.258,0.013,0.729
3500,0.437,0.000,0.563
4000,0.710,0.000,0.290
4500,0.784,0.000,0.216
5000,0.706,0.000,0.294
5500,0.730,0.000,0.270
6000,0.724,0.000,0.276
6500,0.734,0.000,0.266
7000,0.689,0.000,0.311
7500,0.751,0.000,0.249
8000,0.723,0.000,0.277
8500,0.727,0.000,0.273
9000,0.720,0.000,0.280
9500,0.618,0.000,0.382
10000,0.631,0.000,0.369
10500,0.614,0.000,0.386
11000,0.688,0.000,0.312
11500,0.719,0.000,0.281
12000,0.741,0.000,0.259
12500,0.714,0.000,0.286
13000,0.689,0.000,0.311
13500,0.710,0.000,0.290
14000,0.733,0.000,0.267
14500,0.711,0.000,0.289
15000,0.713,0.000,0.287
15500,0.674,0.000,0.326
16000,0.648,0.000,0.352
16500,0.795,0.000,0.205
17000,0.732,0.000,0.268
17500,0.769,0.000,0.231
18000,0.768,0.000,0.232
18500,0.670,0.000,0.330
19000,0.642,0.000,0.358
19500,0.656,0.000,0.344
20000,0.740,0.000,0.260
20500,0.774,0.000,0.226
21000,0.757,0.000,0.243
21500,0.668,0.000,0.332
22000,0.613,0.000,0.387
22500,0.529,0.000,0.471
23000,0.625,0.000,0.375
23500,0.501,0.000,0.499
24000,0.481,0.000,0.519
24500,0.583,0.000,0.417
25000,0.593,0.000,0.407
25500,0.711,0.000,0.289
26000,0.656,0.000,0.344
26500,0.692,0.000,0.308
27000,0.702,0.000,0.298
27500,0.721,0.000,0.279
28000,0.627,0.000,0.373
28500,0.701,0.000,0.299
29000,0.623,0.000,0.377
29500,0.701,0.000,0.299
30000,0.622,0.000,0.378
30500,0.752,0.000,0.248
31000,0.741,0.000,0.259
31500,0.658,0.000,0.342
32000,0.578,0.000,0.422
32500,0.564,0.000,0.436
33000,0.680,0.000,0.320
33500,0.714,0.000,0.286
34000,0.793,0.000,0.207
34500,0.828,0.000,0.172
35000,0.811,0.000,0.189
35500,0.711,0.000,0.289
36000,0.603,0.000,0.397
36500,0.531,0.000,0.469
37000,0.651,0.000,0.349
37500,0.622,0.000,0.378
38000,0.732,0.000,0.268
38500,0.685,0.000,0.315
39000,0.654,0.000,0.346
39500,0.693,0.000,0.307
40000,0.719,0.000,0.281
40500,0.627,0.000,0.373
41000,0.669,0.000,0.331
41500,0.732,0.000,0.268
42000,0.636,0.000,0.364
42500,0.639,0.000,0.361
43000,0.729,0.000,0.271
43500,0.655,0.000,0.345
44000,0.633,0.000,0.367
44500,0.664,0.000,0.336
45000,0.569,0.000,0.431
45500,0.568,0.000,0.432
46000,0.676,0.000,0.324
46500,0.629,0.000,0.371
47000,0.623,0.000,0.377
47500,0.641,0.000,0.359
48000,0.675,0.000,0.325
48500,0.660,0.000,0.340
49000,0.614,0.000,0.386
49500,0.675,0.000,0.325
50000,0.633,0.000,0.367
50500,0.626,0.000,0.374
51000,0.673,0.000,0.327
51500,0.560,0.000,0.440
52000,0.719,0.000,0.281
52500,0.756,0.000,0.244
53000,0.706,0.000,0.294
53500,0.691,0.000,0.309
54000,0.762,0.000,0.238
54500,0.695,0.000,0.305
55000,0.509,0.000,0.491
55500,0.623,0.000,0.377
56000,0.586,0.000,0.414
56500,0.763,0.000,0.237
57000,0.856,0.000,0.144
57500,0.790,0.000,0.210
58000,0.797,0.000,0.203
58500,0.749,0.000,0.251
59000,0.761,0.000,0.239
59500,0.686,0.000,0.314
60000,0.647,0.000,0.353
60500,0.656,0.000,0.344
61000,0.583,0.000,0.417
61500,0.628,0.000,0.372
62000,0.739,0.000,0.261
62500,0.768,0.000,0.232
63000,0.713,0.000,0.287
63500,0.723,0.000,0.277
64000,0.773,0.000,0.227
64500,0.758,0.000,0.242
65000,0.692,0.000,0.308
65500,0.767,0.000,0.233
66000,0.823,0.000,0.177
66500,0.839,0.000,0.161
67000,0.829,0.000,0.171
67500,0.827,0.000,0.173
68000,0.691,0.000,0.309
68500,0.547,0.000,0.453
69000,0.587,0.000,0.413
69500,0.630,0.000,0.370
70000,0.628,0.000,0.372
70500,0.727,0.000,0.273
71000,0.730,0.000,0.270
71500,0.755,0.000,0.245
72000,0.782,0.000,0.218
72500,0.743,0.000,0.257
73000,0.761,0.000,0.239
73500,0.682,0.000,0.318
74000,0.656,0.000,0.344
74500,0.579,0.000,0.421
75000,0.502,0.000,0.498
75500,0.617,0.000,0.383
76000,0.535,0.000,0.465
76500,0.531,0.000,0.469
77000,0.518,0.000,0.482
77500,0.553,0.000,0.447
78000,0.693,0.000,0.307
78500,0.722,0.000,0.278
79000,0.696,0.000,0.304
79500,0.670,0.000,0.330
80000,0.690,0.000,0.310
80500,0.709,0.000,0.291
81000,0.736,0.000,0.264
81500,0.631,0.000,0.369
82000,0.655,0.000,0.345
82500,0.727,0.000,0.273
83000,0.729,0.000,0.271
83500,0.734,0.000,0.266
84000,0.712,0.000,0.288
84500,0.799,0.000,0.201
85000,0.734,0.000,0.266
85500,0.760,0.000,0.240
86000,0.812,0.000,0.188
86500,0.772,0.000,0.228
87000,0.756,0.000,0.244
87500,0.734,0.000,0.266
88000,0.790,0.000,0.210
88500,0.901,0.000,0.099
89000,0.822,0.000,0.178
89500,0.721,0.000,0.279
90000,0.761,0.000,0.239
90500,0.753,0.000,0.247
91000,0.731,0.000,0.269
91500,0.722,0.000,0.278
92000,0.714,0.000,0.286
92500,0.726,0.000,0.274
93000,0.685,0.000,0.315
93500,0.616,0.000,0.384
94000,0.683,0.000,0.317
94500,0.570,0.000,0.430
95000,0.660,0.000,0.340
95500,0.686,0.000,0.314
96000,0.782,0.000,0.218
96500,0.766,0.000,0.234
97000,0.722,0.000,0.278
97500,0.583,0.000,0.417
98000,0.775,0.000,0.225
98500,0.693,0.000,0.307
99000,0.758,0.000,0.242
99500,0.791,0.000,0.209
100000,0.746,0.000,0.254
100500,0.752,0.000,0.248
101000,0.715,0.000,0.285
101500,0.763,0.000,0.237
102000,0.581,0.000,0.419
102500,0.543,0.000,0.457
103000,0.659,0.000,0.341
103500,0.644,0.000,0.356
104000,0.588,0.000,0.412
104500,0.615,0.000,0.385
105000,0.655,0.000,0.345
105500,0.681,0.000,0.319
106000,0.794,0.000,0.206
106500,0.806,0.000,0.194
107000,0.810,0.000,0.190
107500,0.798,0.000,0.202
108000,0.634,0.000,0.366
108500,0.595,0.000,0.405
109000,0.549,0.000,0.451
109500,0.668,0.000,0.332
110000,0.672,0.000,0.328
110500,0.686,0.000,0.314
111000,0.711,0.000,0.289
111500,0.659,0.000,0.341
112000,0.650,0.000,0.350
112500,0.788,0.000,0.212
113000,0.863,0.000,0.137
113500,0.847,0.000,0.153
114000,0.896,0.000,0.104
114500,0.889,0.000,0.111
115000,0.955,0.000,0.045
115500,0.985,0.000,0.015
116000,0.897,0.000,0.103
116500,0.757,0.000,0.243
117000,0.821,0.000,0.179
117500,0.831,0.000,0.169
118000,0.869,0.000,0.131
118500,0.711,0.000,0.289
119000,0.615,0.000,0.385
119500,0.639,0.000,0.361
120000,0.545,0.000,0.455
120500,0.592,0.000,0.408
121000,0.541,0.000,0.459
121500,0.612,0.000,0.388
122000,0.734,0.000,0.266
122500,0.792,0.000,0.208
123000,0.858,0.000,0.142
123500,0.876,0.000,0.124
124000,0.779,0.000,0.221
124500,0.695,0.000,0.305
125000,0.738,0.000,0.262
125500,0.743,0.000,0.257
126000,0.734,0.000,0.266
126500,0.665,0.000,0.335
127000,0.774,0.000,0.226
127500,0.813,0.000,0.187
128000,0.821,0.000,0.179
128500,0.900,0.000,0.100
129000,0.899,0.000,0.101
129500,0.831,0.000,0.169
130000,0.720,0.000,0.280
130500,0.745,0.000,0.255
131000,0.756,0.000,0.244
131500,0.719,0.000,0.281
132000,0.637,0.000,0.363
132500,0.770,0.000,0.230
133000,0.676,0.000,0.324
133500,0.564,0.000,0.436
134000,0.720,0.000,0.280
134500,0.709,0.000,0.291
135000,0.658,0.000,0.342
135500,0.725,0.000,0.275
136000,0.761,0.000,0.239
136500,0.785,0.000,0.215
137000,0.661,0.000,0.339
137500,0.734,0.000,0.266
138000,0.744,0.000,0.256
138500,0.617,0.000,0.383
139000,0.585,0.000,0.415
139500,0.591,0.000,0.409
140000,0.591,0.000,0.409
140500,0.644,0.000,0.356
141000,0.616,0.000,0.384
141500,0.543,0.000,0.457
142000,0.592,0.000,0.408
142500,0.645,0.000,0.355
143000,0.726,0.000,0.274
143500,0.711,0.000,0.289
144000,0.621,0.000,0.379
144500,0.716,0.000,0.284
145000,0.776,0.000,0.224
145500,0.678,0.000,0.322
146000,0.582,0.000,0.418
146500,0.587,0.000,0.413
147000,0.565,0.000,0.435
147500,0.599,0.000,0.401
148000,0.549,0.000,0.451
148500,0.579,0.000,0.421
149000,0.524,0.000,0.476
149500,0.627,0.000,0.373
150000,0.639,0.000,0.361
150500,0.640,0.000,0.360
151000,0.653,0.000,0.347
151500,0.829,0.000,0.171
152000,0.856,0.000,0.144
152500,0.864,0.000,0.136
153000,0.825,0.000,0.175
153500,0.923,0.000,0.077
154000,0.819,0.000,0.181
154500,0.641,0.000,0.359
155000,0.735,0.000,0.265
155500,0.755,0.000,0.245
156000,0.850,0.000,0.150
156500,0.679,0.000,0.321
157000,0.573,0.000,0.427
157500,0.489,0.000,0.511
158000,0.536,0.000,0.464
158500,0.660,0.000,0.340
159000,0.688,0.000,0.312
159500,0.792,0.000,0.208
160000,0.754,0.000,0.246
160500,0.630,0.000,0.370
161000,0.611,0.000,0.389
161500,0.712,0.000,0.288
162000,0.761,0.000,0.239
162500,0.792,0.000,0.208
163000,0.827,0.000,0.173
163500,0.710,0.000,0.290
164000,0.596,0.000,0.404
164500,0.636,0.000,0.364
165000,0.577,0.000,0.423
165500,0.645,0.000,0.355
166000,0.648,0.000,0.352
166500,0.583,0.000,0.417
167000,0.628,0.000,0.372
167500,0.452,0.000,0.548
168000,0.517,0.000,0.483
168500,0.555,0.000,0.445
169000,0.677,0.000,0.323
169500,0.721,0.000,0.279
170000,0.757,0.000,0.243
170500,0.704,0.000,0.296
171000,0.714,0.000,0.286
171500,0.759,0.000,0.241
172000,0.728,0.000,0.272
172500,0.504,0.000,0.496
173000,0.567,0.000,0.433
173500,0.497,0.000,0.503
174000,0.525,0.000,0.475
174500,0.609,0.000,0.391
175000,0.584,0.000,0.416
175500,0.586,0.000,0.414
176000,0.583,0.000,0.417
176500,0.650,0.000,0.350
177000,0.640,0.000,0.360
177500,0.677,0.000,0.323
178000,0.547,0.000,0.453
178500,0.542,0.000,0.458
179000,0.563,0.000,0.437
179500,0.731,0.000,0.269
180000,0.633,0.000,0.367
180500,0.634,0.000,0.366
181000,0.713,0.000,0.287
181500,0.789,0.000,0.211
182000,0.705,0.000,0.295
182500,0.743,0.000,0.257
183000,0.679,0.000,0.321
183500,0.597,0.000,0.403
184000,0.674,0.000,0.326
184500,0.766,0.000,0.234
185000,0.826,0.000,0.174
185500,0.800,0.000,0.200
186000,0.738,0.000,0.262
186500,0.687,0.000,0.313
187000,0.715,0.000,0.285
187500,0.701,0.000,0.299
188000,0.780,0.000,0.220
188500,0.657,0.000,0.343
189000,0.766,0.000,0.234
189500,0.784,0.000,0.216
190000,0.874,0.000,0.126
190500,0.897,0.000,0.103
191000,0.775,0.000,0.225
191500,0.766,0.000,0.234
192000,0.742,0.000,0.258
192500,0.772,0.000,0.228
193000,0.632,0.000,0.368
193500,0.691,0.000,0.309
194000,0.636,0.000,0.364
194500,0.715,0.000,0.285
195000,0.762,0.000,0.238
195500,0.852,0.000,0.148
196000,0.670,0.000,0.330
196500,0.748,0.000,0.252
197000,0.711,0.000,0.289
197500,0.614,0.000,0.386
198000,0.519,0.000,0.481
198500,0.632,0.000,0.368
199000,0.661,0.000,0.339
199500,0.763,0.000,0.237
200000,0.655,0.000,0.345
200500,0.750,0.000,0.250
201000,0.806,0.000,0.194
201500,0.679,0.000,0.321
202000,0.721,0.000,0.279
202500,0.803,0.000,0.197
203000,0.800,0.000,0.200
203500,0.736,0.000,0.264
204000,0.771,0.000,0.229
204500,0.690,0.000,0.310
205000,0.673,0.000,0.327
205500,0.656,0.000,0.344
206000,0.613,0.000,0.387
206500,0.623,0.000,0.377
207000,0.718,0.000,0.282
207500,0.676,0.000,0.324
208000,0.652,0.000,0.348
208500,0.663,0.000,0.337
209000,0.695,0.000,0.305
209500,0.613,0.000,0.387
210000,0.605,0.000,0.395
210500,0.710,0.000,0.290
211000,0.636,0.000,0.364
211500,0.626,0.000,0.374
212000,0.699,0.000,0.301
212500,0.650,0.000,0.350
213000,0.696,0.000,0.304
213500,0.728,0.000,0.272
214000,0.727,0.000,0.273
214500,0.725,0.000,0.275
215000,0.720,0.000,0.280
215500,0.794,0.000,0.206
216000,0.765,0.000,0.235
216500,0.800,0.000,0.200
217000,0.814,0.000,0.186
217500,0.798,0.000,0.202
218000,0.617,0.000,0.383
218500,0.620,0.000,0.380
219000,0.650,0.000,0.350
219500,0.760,0.000,0.240
220000,0.790,0.000,0.210
220500,0.708,0.000,0.292
221000,0.706,0.000,0.294
221500,0.614,0.000,0.386
222000,0.680,0.000,0.320
222500,0.702,0.000,0.298
223000,0.631,0.000,0.369
223500,0.580,0.000,0.420
224000,0.610,0.000,0.390
224500,0.648,0.000,0.352
225000,0.642,0.000,0.358
225500,0.616,0.000,0.384
226000,0.686,0.000,0.314
226500,0.572,0.000,0.428
227000,0.618,0.000,0.382
227500,0.588,0.000,0.412
228000,0.563,0.000,0.437
228500,0.565,0.000,0.435
229000,0.616,0.000,0.384
229500,0.700,0.000,0.300
230000,0.611,0.000,0.389
230500,0.582,0.000,0.418
231000,0.625,0.000,0.375
231500,0.521,0.000,0.479
232000,0.575,0.000,0.425
232500,0.611,0.000,0.389
233000,0.646,0.000,0.354
233500,0.794,0.000,0.206
234000,0.713,0.000,0.287
234500,0.708,0.000,0.292
235000,0.619,0.000,0.381
235500,0.800,0.000,0.200
236000,0.775,0.000,0.225
236500,0.841,0.000,0.159
237000,0.943,0.000,0.057
237500,0.937,0.000,0.063
238000,0.897,0.000,0.103
238500,0.817,0.000,0.183
239000,0.763,0.000,0.237
239500,0.773,0.000,0.227
240000,0.860,0.000,0.140
240500,0.677,0.000,0.323
241000,0.711,0.000,0.289
241500,0.651,0.000,0.349
242000,0.620,0.000,0.380
242500,0.572,0.000,0.428
243000,0.564,0.000,0.436
243500,0.631,0.000,0.369
244000,0.677,0.000,0.323
244500,0.615,0.000,0.385
245000,0.703,0.000,0.297
245500,0.707,0.000,0.293
246000,0.699,0.000,0.301
246500,0.724,0.000,0.276
247000,0.842,0.000,0.158
247500,0.766,0.000,0.234
248000,0.863,0.000,0.137
248500,0.879,0.000,0.121
249000,0.838,0.000,0.162
249500,0.743,0.000,0.257
250000,0.617,0.000,0.383
250500,0.542,0.000,0.458
251000,0.685,0.000,0.315
251500,0.721,0.000,0.279
252000,0.543,0.000,0.457
252500,0.595,0.000,0.405
253000,0.570,0.000,0.430
253500,0.716,0.000,0.284
254000,0.751,0.000,0.249
254500,0.576,0.000,0.424
255000,0.598,0.000,0.402
255500,0.622,0.000,0.378
256000,0.708,0.000,0.292
256500,0.723,0.000,0.277
257000,0.660,0.000,0.340
257500,0.710,0.000,0.290
258000,0.581,0.000,0.419
258500,0.534,0.000,0.466
259000,0.632,0.000,0.368
259500,0.673,0.000,0.327
260000,0.498,0.000,0.502
260500,0.625,0.000,0.375
261000,0.699,0.000,0.301
261500,0.658,0.000,0.342
262000,0.692,0.000,0.308
262500,0.665,0.000,0.335
263000,0.685,0.000,0.315
263500,0.801,0.000,0.199
264000,0.748,0.000,0.252
264500,0.763,0.000,0.237
265000,0.748,0.000,0.252
265500,0.698,0.000,0.302
266000,0.758,0.000,0.242
266500,0.732,0.000,0.268
267000,0.679,0.000,0.321
267500,0.645,0.000,0.355
268000,0.702,0.000,0.298
268500,0.731,0.000,0.269
269000,0.750,0.000,0.250
269500,0.692,0.000,0.308
270000,0.728,0.000,0.272
270500,0.690,0.000,0.310
271000,0.719,0.000,0.281
271500,0.711,0.000,0.289
272000,0.725,0.000,0.275
272500,0.704,0.000,0.296
273000,0.802,0.000,0.198
273500,0.626,0.000,0.374
274000,0.575,0.000,0.425
274500,0.679,0.000,0.321
275000,0.707,0.000,0.293
275500,0.659,0.000,0.341
276000,0.705,0.000,0.295
276500,0.732,0.000,0.268
277000,0.869,0.000,0.131
277500,0.929,0.000,0.071
278000,0.906,0.000,0.094
278500,0.910,0.000,0.090
279000,0.716,0.000,0.284
279500,0.715,0.000,0.285
280000,0.664,0.000,0.336
280500,0.737,0.000,0.263
281000,0.664,0.000,0.336
281500,0.629,0.000,0.371
282000,0.696,0.000,0.304
282500,0.749,0.000,0.251
283000,0.676,0.000,0.324
283500,0.517,0.000,0.483
284000,0.625,0.000,0.375
284500,0.677,0.000,0.323
285000,0.672,0.000,0.328
285500,0.695,0.000,0.305
286000,0.672,0.000,0.328
286500,0.726,0.000,0.274
287000,0.832,0.000,0.168
287500,0.781,0.000,0.219
288000,0.873,0.000,0.127
288500,0.840,0.000,0.160
289000,0.849,0.000,0.151
289500,0.826,0.000,0.174
290000,0.843,0.000,0.157
290500,0.730,0.000,0.270
291000,0.675,0.000,0.325
291500,0.538,0.000,0.462
292000,0.595,0.000,0.405
292500,0.658,0.000,0.342
293000,0.636,0.000,0.364
293500,0.665,0.000,0.335
294000,0.815,0.000,0.185
294500,0.781,0.000,0.219
295000,0.693,0.000,0.307
295500,0.648,0.000,0.352
296000,0.665,0.000,0.335
296500,0.726,0.000,0.274
297000,0.576,0.000,0.424
297500,0.690,0.000,0.310
298000,0.698,0.000,0.302
298500,0.703,0.000,0.297
299000,0.721,0.000,0.279
299500,0.688,0.000,0.312
300000,0.706,0.000,0.294
300500,0.695,0.000,0.305
301000,0.543,0.000,0.457
301500,0.645,0.000,0.355
302000,0.739,0.000,0.261
302500,0.628,0.000,0.372
303000,0.608,0.000,0.392
303500,0.646,0.000,0.354
304000,0.637,0.000,0.363
304500,0.713,0.000,0.287
305000,0.719,0.000,0.281
305500,0.664,0.000,0.336
306000,0.651,0.000,0.349
306500,0.747,0.000,0.253
307000,0.693,0.000,0.307
307500,0.717,0.000,0.283
308000,0.707,0.000,0.293
308500,0.734,0.000,0.266
309000,0.733,0.000,0.267
309500,0.768,0.000,0.232
310000,0.755,0.000,0.245
310500,0.727,0.000,0.273
311000,0.635,0.000,0.365
311500,0.743,0.000,0.257
312000,0.676,0.000,0.324
312500,0.740,0.000,0.260
313000,0.733,0.000,0.267
313500,0.672,0.000,0.328
314000,0.730,0.000,0.270
314500,0.671,0.000,0.329
315000,0.727,0.000,0.273
315500,0.768,0.000,0.232
316000,0.720,0.000,0.280
316500,0.767,0.000,0.233
317000,0.785,0.000,0.215
317500,0.621,0.000,0.379
318000,0.581,0.000,0.419
318500,0.622,0.000,0.378
319000,0.634,0.000,0.366
319500,0.730,0.000,0.270
320000,0.692,0.000,0.308
320500,0.713,0.000,0.287
321000,0.719,0.000,0.281
321500,0.584,0.000,0.416
322000,0.536,0.000,0.464
322500,0.632,0.000,0.368
323000,0.740,0.000,0.260
323500,0.667,0.000,0.333
324000,0.495,0.000,0.505
324500,0.522,0.000,0.478
325000,0.761,0.000,0.239
325500,0.770,0.000,0.230
326000,0.720,0.000,0.280
326500,0.706,0.000,0.294
327000,0.762,0.000,0.238
327500,0.732,0.000,0.268
328000,0.621,0.000,0.379
328500,0.488,0.000,0.512
329000,0.648,0.000,0.352
329500,0.635,0.000,0.365
330000,0.659,0.000,0.341
330500,0.760,0.000,0.240
331000,0.608,0.000,0.392
331500,0.665,0.000,0.335
332000,0.710,0.000,0.290
332500,0.737,0.000,0.263
333000,0.826,0.000,0.174
333500,0.728,0.000,0.272
334000,0.792,0.000,0.208
334500,0.750,0.000,0.250
335000,0.634,0.000,0.366
335500,0.780,0.000,0.220
336000,0.795,0.000,0.205
336500,0.871,0.000,0.129
337000,0.782,0.000,0.218
337500,0.797,0.000,0.203
338000,0.757,0.000,0.243
338500,0.794,0.000,0.206
339000,0.804,0.000,0.196
339500,0.709,0.000,0.291
340000,0.640,0.000,0.360
340500,0.686,0.000,0.314
341000,0.609,0.000,0.391
341500,0.658,0.000,0.342
342000,0.606,0.000,0.394
342500,0.727,0.000,0.273
343000,0.690,0.000,0.310
343500,0.588,0.000,0.412
344000,0.668,0.000,0.332
344500,0.726,0.000,0.274
345000,0.844,0.000,0.156
345500,0.800,0.000,0.200
346000,0.759,0.000,0.241
346500,0.721,0.000,0.279
347000,0.744,0.000,0.256
347500,0.700,0.000,0.300
348000,0.585,0.000,0.415
348500,0.701,0.000,0.299
349000,0.553,0.000,0.447
349500,0.709,0.000,0.291
350000,0.682,0.000,0.318
350500,0.649,0.000,0.351
351000,0.554,0.000,0.446
351500,0.600,0.000,0.400
352000,0.764,0.000,0.236
352500,0.735,0.000,0.265
353000,0.684,0.000,0.316
353500,0.699,0.000,0.301
354000,0.680,0.000,0.320
354500,0.594,0.000,0.406
355000,0.631,0.000,0.369
355500,0.619,0.000,0.381
356000,0.678,0.000,0.322
356500,0.628,0.000,0.372
357000,0.651,0.000,0.349
357500,0.612,0.000,0.388
358000,0.658,0.000,0.342
358500,0.639,0.000,0.361
359000,0.664,0.000,0.336
359500,0.612,0.000,0.388
360000,0.730,0.000,0.270
360500,0.717,0.000,0.283
361000,0.698,0.000,0.302
361500,0.626,0.000,0.374
362000,0.608,0.000,0.392
362500,0.634,0.000,0.366
363000,0.516,0.000,0.484
363500,0.494,0.000,0.506
364000,0.666,0.000,0.334
364500,0.730,0.000,0.270
365000,0.678,0.000,0.322
365500,0.591,0.000,0.409
366000,0.582,0.000,0.418
366500,0.648,0.000,0.352
367000,0.707,0.000,0.293
367500,0.725,0.000,0.275
368000,0.688,0.000,0.312
368500,0.618,0.000,0.382
369000,0.714,0.000,0.286
369500,0.757,0.000,0.243
370000,0.820,0.000,0.180
370500,0.829,0.000,0.171
371000,0.845,0.000,0.155
371500,0.734,0.000,0.266
372000,0.765,0.000,0.235
372500,0.772,0.000,0.228
373000,0.769,0.000,0.231
373500,0.706,0.000,0.294
374000,0.769,0.000,0.231
374500,0.786,0.000,0.214
375000,0.659,0.000,0.341
375500,0.553,0.000,0.447
376000,0.682,0.000,0.318
376500,0.696,0.000,0.304
377000,0.588,0.000,0.412
377500,0.637,0.000,0.363
378000,0.614,0.000,0.386
378500,0.656,0.000,0.344
379000,0.699,0.000,0.301
379500,0.776,0.000,0.224
380000,0.796,0.000,0.204
380500,0.739,0.000,0.261
381000,0.714,0.000,0.286
381500,0.693,0.000,0.307
382000,0.704,0.000,0.296
382500,0.639,0.000,0.361
383000,0.572,0.000,0.428
383500,0.556,0.000,0.444
384000,0.784,0.000,0.216
384500,0.672,0.000,0.328
385000,0.637,0.000,0.363
385500,0.639,0.000,0.361
386000,0.714,0.000,0.286
386500,0.765,0.000,0.235
387000,0.792,0.000,0.208
387500,0.755,0.000,0.245
388000,0.721,0.000,0.279
388500,0.667,0.000,0.333
389000,0.777,0.000,0.223
389500,0.615,0.000,0.385
390000,0.594,0.000,0.406
390500,0.582,0.000,0.418
391000,0.774,0.000,0.226
391500,0.705,0.000,0.295
392000,0.662,0.000,0.338
392500,0.624,0.000,0.376
393000,0.518,0.000,0.482
393500,0.636,0.000,0.364
394000,0.658,0.000,0.342
394500,0.527,0.000,0.473
395000,0.539,0.000,0.461
395500,0.589,0.000,0.411
396000,0.584,0.000,0.416
396500,0.707,0.000,0.293
397000,0.697,0.000,0.303
397500,0.678,0.000,0.322
398000,0.620,0.000,0.380
398500,0.586,0.000,0.414
399000,0.604,0.000,0.396
399500,0.547,0.000,0.453
400000,0.613,0.000,0.387
400500,0.667,0.000,0.333
401000,0.666,0.000,0.334
401500,0.582,0.000,0.418
402000,0.623,0.000,0.377
402500,0.718,0.000,0.282
403000,0.578,0.000,0.422
403500,0.593,0.000,0.407
404000,0.673,0.000,0.327
404500,0.692,0.000,0.308
405000,0.698,0.000,0.302
405500,0.633,0.000,0.367
406000,0.670,0.000,0.330
406500,0.769,0.000,0.231
407000,0.826,0.000,0.174
407500,0.821,0.000,0.179
408000,0.831,0.000,0.169
408500,0.707,0.000,0.293
409000,0.804,0.000,0.196
409500,0.813,0.000,0.187
410000,0.802,0.000,0.198
410500,0.730,0.000,0.270
411000,0.667,0.000,0.333
411500,0.779,0.000,0.221
412000,0.632,0.000,0.368
412500,0.726,0.000,0.274
413000,0.786,0.000,0.214
413500,0.681,0.000,0.319
414000,0.809,0.000,0.191
414500,0.875,0.000,0.125
415000,0.828,0.000,0.172
415500,0.791,0.000,0.209
416000,0.736,0.000,0.264
416500,0.857,0.000,0.143
417000,0.897,0.000,0.103
417500,0.806,0.000,0.194
418000,0.794,0.000,0.206
418500,0.710,0.000,0.290
419000,0.763,0.000,0.237
419500,0.812,0.000,0.188
420000,0.829,0.000,0.171
420500,0.764,0.000,0.236
421000,0.675,0.000,0.325
421500,0.718,0.000,0.282
422000,0.682,0.000,0.318
422500,0.694,0.000,0.306
423000,0.873,0.000,0.127
423500,0.820,0.000,0.180
424000,0.756,0.000,0.244
424500,0.760,0.000,0.240
425000,0.757,0.000,0.243
425500,0.702,0.000,0.298
426000,0.723,0.000,0.277
426500,0.824,0.000,0.176
427000,0.696,0.000,0.304
427500,0.690,0.000,0.310
428000,0.636,0.000,0.364
428500,0.743,0.000,0.257
429000,0.702,0.000,0.298
429500,0.698,0.000,0.302
430000,0.717,0.000,0.283
430500,0.647,0.000,0.353
431000,0.712,0.000,0.288
431500,0.706,0.000,0.294
432000,0.770,0.000,0.230
432500,0.693,0.000,0.307
433000,0.690,0.000,0.310
433500,0.678,0.000,0.322
434000,0.716,0.000,0.284
434500,0.545,0.000,0.455
435000,0.624,0.000,0.376
435500,0.596,0.000,0.404
436000,0.592,0.000,0.408
436500,0.553,0.000,0.447
437000,0.637,0.000,0.363
437500,0.594,0.000,0.406
438000,0.683,0.000,0.317
438500,0.638,0.000,0.362
439000,0.601,0.000,0.399
439500,0.622,0.000,0.378
440000,0.525,0.000,0.475
440500,0.656,0.000,0.344
441000,0.749,0.000,0.251
441500,0.548,0.000,0.452
442000,0.566,0.000,0.434
442500,0.678,0.000,0.322
443000,0.634,0.000,0.366
443500,0.580,0.000,0.420
444000,0.606,0.000,0.394
444500,0.601,0.000,0.399
445000,0.442,0.000,0.558
445500,0.466,0.000,0.534
446000,0.618,0.000,0.382
446500,0.537,0.000,0.463
447000,0.581,0.000,0.419
447500,0.560,0.000,0.440
448000,0.660,0.000,0.340
448500,0.728,0.000,0.272
449000,0.736,0.000,0.264
449500,0.710,0.000,0.290
450000,0.757,0.000,0.243
450500,0.702,0.000,0.298
451000,0.725,0.000,0.275
451500,0.701,0.000,0.299
452000,0.703,0.000,0.297
452500,0.735,0.000,0.265
453000,0.823,0.000,0.177
453500,0.844,0.000,0.156
454000,0.738,0.000,0.262
454500,0.780,0.000,0.220
455000,0.694,0.000,0.306
455500,0.715,0.000,0.285
456000,0.779,0.000,0.221
456500,0.781,0.000,0.219
457000,0.634,0.000,0.366
457500,0.579,0.000,0.421
458000,0.622,0.000,0.378
458500,0.633,0.000,0.367
459000,0.765,0.000,0.235
459500,0.629,0.000,0.371
460000,0.656,0.000,0.344
460500,0.642,0.000,0.358
461000,0.552,0.000,0.448
461500,0.697,0.000,0.303
462000,0.706,0.000,0.294
462500,0.703,0.000,0.297
463000,0.754,0.000,0.246
463500,0.729,0.000,0.271
464000,0.580,0.000,0.420
464500,0.579,0.000,0.421
465000,0.644,0.000,0.356
465500,0.590,0.000,0.410
466000,0.557,0.000,0.443
466500,0.537,0.000,0.463
467000,0.630,0.000,0.370
467500,0.677,0.000,0.323
468000,0.689,0.000,0.311
468500,0.640,0.000,0.360
469000,0.643,0.000,0.357
469500,0.667,0.000,0.333
470000,0.745,0.000,0.255
470500,0.682,0.000,0.318
471000,0.640,0.000,0.360
471500,0.536,0.000,0.464
472000,0.631,0.000,0.369
472500,0.544,0.000,0.456
473000,0.572,0.000,0.428
473500,0.512,0.000,0.488
474000,0.587,0.000,0.413
474500,0.626,0.000,0.374
475000,0.707,0.000,0.293
475500,0.734,0.000,0.266
476000,0.697,0.000,0.303
476500,0.675,0.000,0.325
477000,0.677,0.000,0.323
477500,0.677,0.000,0.323
478000,0.745,0.000,0.255
478500,0.746,0.000,0.254
479000,0.645,0.000,0.355
479500,0.713,0.000,0.287
480000,0.711,0.000,0.289
480500,0.657,0.000,0.343
481000,0.629,0.000,0.371
481500,0.788,0.000,0.212
482000,0.691,0.000,0.309
482500,0.844,0.000,0.156
483000,0.810,0.000,0.190
483500,0.676,0.000,0.324
484000,0.634,0.000,0.366
484500,0.575,0.000,0.425
485000,0.677,0.000,0.323
485500,0.696,0.000,0.304
486000,0.753,0.000,0.247
486500,0.729,0.000,0.271
487000,0.732,0.000,0.268
487500,0.654,0.000,0.346
488000,0.636,0.000,0.364
488500,0.734,0.000,0.266
489000,0.688,0.000,0.312
489500,0.725,0.000,0.275
490000,0.626,0.000,0.374
490500,0.632,0.000,0.368
491000,0.716,0.000,0.284
491500,0.690,0.000,0.310
492000,0.684,0.000,0.316
492500,0.712,0.000,0.288
493000,0.658,0.000,0.342
493500,0.690,0.000,0.310
494000,0.609,0.000,0.391
494500,0.526,0.000,0.474
495000,0.716,0.000,0.284
495500,0.785,0.000,0.215
496000,0.729,0.000,0.271
496500,0.790,0.000,0.210
497000,0.606,0.000,0.394
497500,0.661,0.000,0.339
498000,0.661,0.000,0.339
498500,0.690,0.000,0.310
499000,0.712,0.000,0.288
499500,0.705,0.000,0.295
500000,0.744,0.000,0.256
500500,0.685,0.000,0.315
501000,0.704,0.000,0.296
501500,0.622,0.000,0.378
502000,0.686,0.000,0.314
502500,0.743,0.000,0.257
503000,0.857,0.000,0.143
503500,0.862,0.000,0.138
504000,0.775,0.000,0.225
504500,0.792,0.000,0.208
505000,0.830,0.000,0.170
505500,0.670,0.000,0.330
506000,0.655,0.000,0.345
506500,0.627,0.000,0.373
507000,0.721,0.000,0.279
507500,0.605,0.000,0.395
508000,0.664,0.000,0.336
508500,0.577,0.000,0.423
509000,0.637,0.000,0.363
509500,0.685,0.000,0.315
510000,0.537,0.000,0.463
510500,0.730,0.000,0.270
511000,0.638,0.000,0.362
511500,0.695,0.000,0.305
512000,0.742,0.000,0.258
512500,0.714,0.000,0.286
513000,0.721,0.000,0.279
513500,0.591,0.000,0.409
514000,0.596,0.000,0.404
514500,0.601,0.000,0.399
515000,0.594,0.000,0.406
515500,0.635,0.000,0.365
516000,0.662,0.000,0.338
516500,0.757,0.000,0.243
517000,0.704,0.000,0.296
517500,0.661,0.000,0.339
518000,0.825,0.000,0.175
518500,0.887,0.000,0.113
519000,0.907,0.000,0.093
519500,0.904,0.000,0.096
520000,0.814,0.000,0.186
520500,0.850,0.000,0.150
521000,0.822,0.000,0.178
521500,0.712,0.000,0.288
522000,0.731,0.000,0.269
522500,0.686,0.000,0.314
523000,0.656,0.000,0.344
523500,0.673,0.000,0.327
524000,0.702,0.000,0.298
524500,0.714,0.000,0.286
525000,0.753,0.000,0.247
525500,0.749,0.000,0.251
526000,0.773,0.000,0.227
526500,0.768,0.000,0.232
527000,0.657,0.000,0.343
527500,0.647,0.000,0.353
528000,0.669,0.000,0.331
528500,0.684,0.000,0.316
529000,0.670,0.000,0.330
529500,0.560,0.000,0.440
530000,0.687,0.000,0.313
530500,0.542,0.000,0.458
531000,0.681,0.000,0.319
531500,0.683,0.000,0.317
532000,0.674,0.000,0.326
532500,0.644,0.000,0.356
533000,0.719,0.000,0.281
533500,0.687,0.000,0.313
534000,0.648,0.000,0.352
534500,0.722,0.000,0.278
535000,0.713,0.000,0.287
535500,0.706,0.000,0.294
536000,0.629,0.000,0.371
536500,0.640,0.000,0.360
537000,0.690,0.000,0.310
537500,0.710,0.000,0.290
538000,0.694,0.000,0.306
538500,0.703,0.000,0.297
539000,0.612,0.000,0.388
539500,0.814,0.000,0.186
540000,0.761,0.000,0.239
540500,0.737,0.000,0.263
541000,0.751,0.000,0.249
541500,0.758,0.000,0.242
542000,0.685,0.000,0.315
542500,0.713,0.000,0.287
543000,0.767,0.000,0.233
543500,0.721,0.000,0.279
544000,0.806,0.000,0.194
544500,0.639,0.000,0.361
545000,0.693,0.000,0.307
545500,0.607,0.000,0.393
546000,0.626,0.000,0.374
546500,0.748,0.000,0.252
547000,0.784,0.000,0.216
547500,0.745,0.000,0.255
548000,0.717,0.000,0.283
548500,0.722,0.000,0.278
549000,0.752,0.000,0.248
549500,0.742,0.000,0.258
550000,0.810,0.000,0.190
550500,0.868,0.000,0.132
551000,0.934,0.000,0.066
551500,0.831,0.000,0.169
552000,0.866,0.000,0.134
552500,0.795,0.000,0.205
553000,0.668,0.000,0.332
553500,0.672,0.000,0.328
554000,0.772,0.000,0.228
554500,0.825,0.000,0.175
555000,0.752,0.000,0.248
555500,0.846,0.000,0.154
556000,0.843,0.000,0.157
556500,0.720,0.000,0.280
557000,0.665,0.000,0.335
557500,0.628,0.000,0.372
558000,0.663,0.000,0.337
558500,0.678,0.000,0.322
559000,0.722,0.000,0.278
559500,0.764,0.000,0.236
560000,0.809,0.000,0.191
560500,0.758,0.000,0.242
561000,0.779,0.000,0.221
561500,0.761,0.000,0.239
562000,0.646,0.000,0.354
562500,0.668,0.000,0.332
563000,0.639,0.000,0.361
563500,0.665,0.000,0.335
564000,0.663,0.000,0.337
564500,0.725,0.000,0.275
565000,0.660,0.000,0.340
565500,0.677,0.000,0.323
566000,0.669,0.000,0.331
566500,0.688,0.000,0.312
567000,0.695,0.000,0.305
567500,0.776,0.000,0.224
568000,0.734,0.000,0.266
568500,0.793,0.000,0.207
569000,0.781,0.000,0.219
569500,0.726,0.000,0.274
570000,0.673,0.000,0.327
570500,0.687,0.000,0.313
571000,0.589,0.000,0.411
571500,0.746,0.000,0.254
572000,0.740,0.000,0.260
572500,0.793,0.000,0.207
573000,0.775,0.000,0.225
573500,0.692,0.000,0.308
574000,0.648,0.000,0.352
574500,0.589,0.000,0.411
575000,0.593,0.000,0.407
575500,0.613,0.000,0.387
576000,0.670,0.000,0.330
576500,0.738,0.000,0.262
577000,0.792,0.000,0.208
577500,0.637,0.000,0.363
578000,0.719,0.000,0.281
578500,0.779,0.000,0.221
579000,0.716,0.000,0.284
579500,0.709,0.000,0.291
580000,0.664,0.000,0.336
580500,0.653,0.000,0.347
581000,0.734,0.000,0.266
581500,0.699,0.000,0.301
582000,0.796,0.000,0.204
582500,0.769,0.000,0.231
583000,0.816,0.000,0.184
583500,0.795,0.000,0.205
584000,0.818,0.000,0.182
584500,0.818,0.000,0.182
585000,0.841,0.000,0.159
585500,0.749,0.000,0.251
586000,0.730,0.000,0.270
586500,0.714,0.000,0.286
587000,0.778,0.000,0.222
587500,0.651,0.000,0.349
588000,0.591,0.000,0.409
588500,0.595,0.000,0.405
589000,0.614,0.000,0.386
589500,0.633,0.000,0.367
590000,0.711,0.000,0.289
590500,0.770,0.000,0.230
591000,0.832,0.000,0.168
591500,0.879,0.000,0.121
592000,0.792,0.000,0.208
592500,0.683,0.000,0.317
593000,0.622,0.000,0.378
593500,0.652,0.000,0.348
594000,0.676,0.000,0.324
594500,0.564,0.000,0.436
595000,0.590,0.000,0.410
595500,0.588,0.000,0.412
596000,0.714,0.000,0.286
596500,0.673,0.000,0.327
597000,0.586,0.000,0.414
597500,0.738,0.000,0.262
598000,0.809,0.000,0.191
598500,0.869,0.000,0.131
599000,0.926,0.000,0.074
599500,0.905,0.000,0.095
600000,0.790,0.000,0.210
600500,0.683,0.000,0.317
601000,0.738,0.000,0.262
601500,0.795,0.000,0.205
602000,0.784,0.000,0.216
602500,0.636,0.000,0.364
603000,0.660,0.000,0.340
603500,0.759,0.000,0.241
604000,0.817,0.000,0.183
604500,0.689,0.000,0.311
605000,0.629,0.000,0.371
605500,0.645,0.000,0.355
606000,0.578,0.000,0.422
606500,0.523,0.000,0.477
607000,0.644,0.000,0.356
607500,0.562,0.000,0.438
608000,0.704,0.000,0.296
608500,0.648,0.000,0.352
609000,0.726,0.000,0.274
609500,0.780,0.000,0.220
610000,0.784,0.000,0.216
610500,0.693,0.000,0.307
611000,0.653,0.000,0.347
611500,0.617,0.000,0.383
612000,0.579,0.000,0.421
612500,0.536,0.000,0.464
613000,0.656,0.000,0.344
613500,0.724,0.000,0.276
614000,0.807,0.000,0.193
614500,0.775,0.000,0.225
615000,0.588,0.000,0.412
615500,0.621,0.000,0.379
616000,0.655,0.000,0.345
616500,0.480,0.000,0.520
617000,0.645,0.000,0.355
617500,0.677,0.000,0.323
618000,0.647,0.000,0.353
618500,0.727,0.000,0.273
619000,0.653,0.000,0.347
619500,0.636,0.000,0.364
620000,0.754,0.000,0.246
620500,0.718,0.000,0.282
621000,0.727,0.000,0.273
621500,0.701,0.000,0.299
622000,0.638,0.000,0.362
622500,0.680,0.000,0.320
623000,0.825,0.000,0.175
623500,0.796,0.000,0.204
624000,0.726,0.000,0.274
624500,0.721,0.000,0.279
625000,0.812,0.000,0.188
625500,0.834,0.000,0.166
626000,0.750,0.000,0.250
626500,0.672,0.000,0.328
627000,0.504,0.000,0.496
627500,0.683,0.000,0.317
628000,0.780,0.000,0.220
628500,0.840,0.000,0.160
629000,0.926,0.000,0.074
629500,0.955,0.000,0.045
630000,0.976,0.000,0.024
630500,0.993,0.000,0.007
631000,1.000,0.000,0.000
