time,n_A+p,n_B,n_AB
500,0.010,0.913,0.077
1000,0.010,0.973,0.017
1500,0.010,0.956,0.034
2000,0.010,0.935,0.054
2500,0.010,0.957,0.033
3000,0.010,0.951,0.039
3500,0.010,0.952,0.038
4000,0.010,0.951,0.039
4500,0.010,0.956,0.034
5000,0.010,0.939,0.051
5500,0.010,0.904,0.086
6000,0.010,0.953,0.037
6500,0.010,0.953,0.037
7000,0.010,0.966,0.024
7500,0.010,0.953,0.037
8000,0.010,0.954,0.036
8500,0.010,0.948,0.042
9000,0.010,0.981,0.009
9500,0.010,0.937,0.053
10000,0.010,0.972,0.018
10500,0.010,0.966,0.024
11000,0.010,0.925,0.065
11500,0.010,0.949,0.041
12000,0.010,0.904,0.086
12500,0.010,0.944,0.046
13000,0.010,0.943,0.047
13500,0.010,0.980,0.010
14000,0.010,0.964,0.026
14500,0.010,0.958,0.032
15000,0.010,0.941,0.049
15500,0.010,0.907,0.083
16000,0.010,0.920,0.070
16500,0.010,0.925,0.065
17000,0.010,0.924,0.066
17500,0.010,0.973,0.017
18000,0.010,0.959,0.031
18500,0.010,0.912,0.078
19000,0.010,0.967,0.023
19500,0.010,0.928,0.062
20000,0.010,0.939,0.051
20500,0.010,0.944,0.046
21000,0.010,0.892,0.098
21500,0.010,0.943,0.047
22000,0.010,0.908,0.082
22500,0.010,0.926,0.064
23000,0.010,0.956,0.034
23500,0.010,0.964,0.026
24000,0.010,0.949,0.041
24500,0.010,0.970,0.020
25000,0.010,0.977,0.013
25500,0.010,0.959,0.031
26000,0.010,0.958,0.032
26500,0.010,0.964,0.026
27000,0.010,0.953,0.037
27500,0.010,0.942,0.048
28000,0.010,0.975,0.015
28500,0.010,0.944,0.046
29000,0.010,0.952,0.038
29500,0.010,0.928,0.061
30000,0.010,0.947,0.043
30500,0.010,0.908,0.082
31000,0.010,0.920,0.070
31500,0.010,0.945,0.045
32000,0.010,0.916,0.074
32500,0.010,0.905,0.085
33000,0.010,0.934,0.056
33500,0.010,0.951,0.039
34000,0.010,0.947,0.043
34500,0.010,0.950,0.040
35000,0.010,0.936,0.053
35500,0.010,0.963,0.027
36000,0.010,0.964,0.026
36500,0.010,0.948,0.042
37000,0.010,0.963,0.027
37500,0.010,0.957,0.033
38000,0.010,0.969,0.021
38500,0.010,0.939,0.051
39000,0.010,0.934,0.055
39500,0.010,0.915,0.075
40000,0.010,0.893,0.097
40500,0.010,0.904,0.086
41000,0.010,0.972,0.018
41500,0.010,0.967,0.023
42000,0.010,0.979,0.011
42500,0.010,0.972,0.018
43000,0.010,0.879,0.111
43500,0.010,0.959,0.031
44000,0.010,0.968,0.022
44500,0.010,0.968,0.022
45000,0.010,0.976,0.014
45500,0.010,0.922,0.068
46000,0.010,0.937,0.053
46500,0.010,0.950,0.040
47000,0.010,0.953,0.037
47500,0.010,0.930,0.060
48000,0.010,0.973,0.017
48500,0.010,0.933,0.057
49000,0.010,0.968,0.022
49500,0.010,0.920,0.070
50000,0.010,0.944,0.046
50500,0.010,0.899,0.091
51000,0.010,0.940,0.050
51500,0.010,0.964,0.026
52000,0.010,0.944,0.046
52500,0.010,0.948,0.042
53000,0.010,0.942,0.048
53500,0.010,0.969,0.021
54000,0.010,0.969,0.021
54500,0.010,0.965,0.025
55000,0.010,0.942,0.048
55500,0.010,0.964,0.026
56000,0.010,0.974,0.016
56500,0.010,0.972,0.018
57000,0.010,0.969,0.021
57500,0.010,0.931,0.059
58000,0.010,0.876,0.114
58500,0.010,0.902,0.088
59000,0.010,0.954,0.036
59500,0.010,0.925,0.065
60000,0.010,0.963,0.027
60500,0.010,0.952,0.038
61000,0.010,0.967,0.023
61500,0.010,0.941,0.049
62000,0.010,0.961,0.029
62500,0.010,0.933,0.057
63000,0.010,0.950,0.040
63500,0.010,0.982,0.008
64000,0.010,0.958,0.032
64500,0.010,0.962,0.028
65000,0.010,0.973,0.017
65500,0.010,0.945,0.045
66000,0.010,0.941,0.049
66500,0.010,0.905,0.085
67000,0.010,0.901,0.089
67500,0.010,0.916,0.074
68000,0.010,0.933,0.057
68500,0.010,0.967,0.023
69000,0.010,0.922,0.068
69500,0.010,0.958,0.032
70000,0.010,0.980,0.010
70500,0.010,0.976,0.014
71000,0.010,0.974,0.016
71500,0.010,0.959,0.031
72000,0.010,0.977,0.013
72500,0.010,0.958,0.032
73000,0.010,0.971,0.019
73500,0.010,0.939,0.051
74000,0.010,0.969,0.021
74500,0.010,0.963,0.027
75000,0.010,0.946,0.044
75500,0.010,0.930,0.060
76000,0.010,0.950,0.040
76500,0.010,0.899,0.091
77000,0.010,0.904,0.086
77500,0.010,0.857,0.133
78000,0.010,0.908,0.082
78500,0.010,0.898,0.092
79000,0.010,0.952,0.038
79500,0.010,0.948,0.042
80000,0.010,0.984,0.006
80500,0.010,0.962,0.028
81000,0.010,0.949,0.041
81500,0.010,0.947,0.043
82000,0.010,0.944,0.046
82500,0.010,0.936,0.053
83000,0.010,0.962,0.028
83500,0.010,0.959,0.031
84000,0.010,0.970,0.020
84500,0.010,0.949,0.041
85000,0.010,0.938,0.052
85500,0.010,0.955,0.035
86000,0.010,0.934,0.056
86500,0.010,0.891,0.099
87000,0.010,0.928,0.061
87500,0.010,0.940,0.050
88000,0.010,0.967,0.023
88500,0.010,0.914,0.076
89000,0.010,0.952,0.038
89500,0.010,0.947,0.043
90000,0.010,0.965,0.025
90500,0.010,0.960,0.030
91000,0.010,0.970,0.020
91500,0.010,0.976,0.014
92000,0.010,0.953,0.037
92500,0.010,0.955,0.035
93000,0.010,0.962,0.028
93500,0.010,0.969,0.021
94000,0.010,0.966,0.024
94500,0.010,0.954,0.036
95000,0.010,0.908,0.082
95500,0.010,0.960,0.030
96000,0.010,0.976,0.014
96500,0.010,0.963,0.027
97000,0.010,0.976,0.014
97500,0.010,0.957,0.033
98000,0.010,0.920,0.070
98500,0.010,0.862,0.128
99000,0.010,0.931,0.058
99500,0.010,0.911,0.079
100000,0.010,0.880,0.110
100500,0.010,0.921,0.069
101000,0.010,0.919,0.071
101500,0.010,0.951,0.039
102000,0.010,0.908,0.082
102500,0.010,0.949,0.041
103000,0.010,0.909,0.081
103500,0.010,0.945,0.045
104000,0.010,0.935,0.054
104500,0.010,0.929,0.060
105000,0.010,0.867,0.123
105500,0.010,0.938,0.052
106000,0.010,0.919,0.071
106500,0.010,0.940,0.050
107000,0.010,0.958,0.032
107500,0.010,0.958,0.032
108000,0.010,0.959,0.031
108500,0.010,0.954,0.036
109000,0.010,0.943,0.047
109500,0.010,0.909,0.081
110000,0.010,0.965,0.025
110500,0.010,0.917,0.073
111000,0.010,0.942,0.048
111500,0.010,0.954,0.036
112000,0.010,0.962,0.028
112500,0.010,0.945,0.045
113000,0.010,0.924,0.066
113500,0.010,0.894,0.096
114000,0.010,0.936,0.053
114500,0.010,0.900,0.090
115000,0.010,0.948,0.042
115500,0.010,0.889,0.101
116000,0.010,0.892,0.098
116500,0.010,0.914,0.076
117000,0.010,0.962,0.028
117500,0.010,0.968,0.022
118000,0.010,0.970,0.020
118500,0.010,0.955,0.035
119000,0.010,0.929,0.061
119500,0.010,0.946,0.044
120000,0.010,0.972,0.018
120500,0.010,0.985,0.005
121000,0.010,0.952,0.038
121500,0.010,0.953,0.037
122000,0.010,0.962,0.028
122500,0.010,0.952,0.038
123000,0.010,0.955,0.035
123500,0.010,0.963,0.027
124000,0.010,0.915,0.075
124500,0.010,0.964,0.026
125000,0.010,0.925,0.065
125500,0.010,0.959,0.031
126000,0.010,0.967,0.023
126500,0.010,0.963,0.027
127000,0.010,0.973,0.017
127500,0.010,0.956,0.034
128000,0.010,0.913,0.077
128500,0.010,0.938,0.052
129000,0.010,0.917,0.073
129500,0.010,0.953,0.037
130000,0.010,0.862,0.128
130500,0.010,0.873,0.117
131000,0.010,0.913,0.077
131500,0.010,0.899,0.091
132000,0.010,0.920,0.070
132500,0.010,0.854,0.136
133000,0.010,0.909,0.081
133500,0.010,0.934,0.056
134000,0.010,0.963,0.027
134500,0.010,0.976,0.014
135000,0.010,0.950,0.040
135500,0.010,0.961,0.029
136000,0.010,0.958,0.032
136500,0.010,0.956,0.034
137000,0.010,0.915,0.075
137500,0.010,0.943,0.047
138000,0.010,0.937,0.053
138500,0.010,0.969,0.021
139000,0.010,0.911,0.079
139500,0.010,0.959,0.031
140000,0.010,0.901,0.089
140500,0.010,0.902,0.088
141000,0.010,0.944,0.046
141500,0.010,0.933,0.057
142000,0.010,0.956,0.034
142500,0.010,0.960,0.030
143000,0.010,0.979,0.011
143500,0.010,0.903,0.087
144000,0.010,0.877,0.113
144500,0.010,0.955,0.035
145000,0.010,0.970,0.020
145500,0.010,0.967,0.023
146000,0.010,0.938,0.052
146500,0.010,0.980,0.010
147000,0.010,0.904,0.086
147500,0.010,0.886,0.104
148000,0.010,0.929,0.060
148500,0.010,0.932,0.058
149000,0.010,0.933,0.057
149500,0.010,0.976,0.014
150000,0.010,0.959,0.031
150500,0.010,0.955,0.035
151000,0.010,0.929,0.061
151500,0.010,0.948,0.042
152000,0.010,0.941,0.049
152500,0.010,0.947,0.043
153000,0.010,0.966,0.024
153500,0.010,0.906,0.084
154000,0.010,0.933,0.056
154500,0.010,0.953,0.037
155000,0.010,0.948,0.042
155500,0.010,0.951,0.039
156000,0.010,0.979,0.011
156500,0.010,0.933,0.057
157000,0.010,0.959,0.031
157500,0.010,0.901,0.089
158000,0.010,0.946,0.044
158500,0.010,0.924,0.066
159000,0.010,0.961,0.029
159500,0.010,0.915,0.075
160000,0.010,0.939,0.051
160500,0.010,0.950,0.040
161000,0.010,0.970,0.020
161500,0.010,0.975,0.015
162000,0.010,0.959,0.031
162500,0.010,0.950,0.040
163000,0.010,0.921,0.069
163500,0.010,0.954,0.036
164000,0.010,0.972,0.018
164500,0.010,0.973,0.017
165000,0.010,0.979,0.011
165500,0.010,0.959,0.031
166000,0.010,0.973,0.017
166500,0.010,0.925,0.065
167000,0.010,0.931,0.059
167500,0.010,0.932,0.058
168000,0.010,0.911,0.079
168500,0.010,0.923,0.067
169000,0.010,0.893,0.097
169500,0.010,0.954,0.036
170000,0.010,0.921,0.069
170500,0.010,0.906,0.084
171000,0.010,0.969,0.021
171500,0.010,0.927,0.063
172000,0.010,0.960,0.030
172500,0.010,0.933,0.057
173000,0.010,0.901,0.089
173500,0.010,0.949,0.041
174000,0.010,0.940,0.050
174500,0.010,0.971,0.019
175000,0.010,0.952,0.038
175500,0.010,0.973,0.017
176000,0.010,0.970,0.020
176500,0.010,0.973,0.017
177000,0.010,0.982,0.008
177500,0.010,0.972,0.018
178000,0.010,0.974,0.016
178500,0.010,0.983,0.007
179000,0.010,0.990,0.000
179500,0.010,0.929,0.060
180000,0.010,0.941,0.049
180500,0.010,0.948,0.042
181000,0.010,0.938,0.052
181500,0.010,0.939,0.051
182000,0.010,0.980,0.010
182500,0.010,0.922,0.068
183000,0.010,0.926,0.064
183500,0.010,0.906,0.084
184000,0.010,0.924,0.066
184500,0.010,0.903,0.087
185000,0.010,0.925,0.065
185500,0.010,0.955,0.035
186000,0.010,0.973,0.017
186500,0.010,0.970,0.020
187000,0.010,0.924,0.066
187500,0.010,0.914,0.076
188000,0.010,0.907,0.083
188500,0.010,0.942,0.048
189000,0.010,0.925,0.065
189500,0.010,0.968,0.022
190000,0.010,0.913,0.077
190500,0.010,0.973,0.017
191000,0.010,0.938,0.052
191500,0.010,0.936,0.054
192000,0.010,0.931,0.058
192500,0.010,0.942,0.048
193000,0.010,0.947,0.043
193500,0.010,0.955,0.035
194000,0.010,0.926,0.064
194500,0.010,0.935,0.054
195000,0.010,0.953,0.037
195500,0.010,0.965,0.025
196000,0.010,0.943,0.047
196500,0.010,0.964,0.026
197000,0.010,0.937,0.053
197500,0.010,0.965,0.025
198000,0.010,0.947,0.043
198500,0.010,0.952,0.038
199000,0.010,0.867,0.123
199500,0.010,0.948,0.042
200000,0.010,0.926,0.064
200500,0.010,0.901,0.089
201000,0.010,0.914,0.076
201500,0.010,0.963,0.027
202000,0.010,0.903,0.087
202500,0.010,0.897,0.093
203000,0.010,0.939,0.051
203500,0.010,0.977,0.013
204000,0.010,0.957,0.033
204500,0.010,0.935,0.055
205000,0.010,0.925,0.065
205500,0.010,0.932,0.057
206000,0.010,0.918,0.072
206500,0.010,0.929,0.061
207000,0.010,0.981,0.009
207500,0.010,0.966,0.024
208000,0.010,0.967,0.023
208500,0.010,0.920,0.070
209000,0.010,0.929,0.060
209500,0.010,0.968,0.022
210000,0.010,0.955,0.035
210500,0.010,0.954,0.036
211000,0.010,0.936,0.053
211500,0.010,0.962,0.028
212000,0.010,0.908,0.082
212500,0.010,0.925,0.065
213000,0.010,0.924,0.066
213500,0.010,0.949,0.041
214000,0.010,0.958,0.032
214500,0.010,0.944,0.046
215000,0.010,0.939,0.051
215500,0.010,0.907,0.083
216000,0.010,0.962,0.028
216500,0.010,0.908,0.082
217000,0.010,0.913,0.077
217500,0.010,0.936,0.054
218000,0.010,0.958,0.032
218500,0.010,0.918,0.072
219000,0.010,0.953,0.037
219500,0.010,0.884,0.106
220000,0.010,0.908,0.082
220500,0.010,0.950,0.040
221000,0.010,0.948,0.042
221500,0.010,0.923,0.067
222000,0.010,0.920,0.070
222500,0.010,0.953,0.037
223000,0.010,0.977,0.013
223500,0.010,0.972,0.018
224000,0.010,0.922,0.068
224500,0.010,0.887,0.103
225000,0.010,0.953,0.037
225500,0.010,0.930,0.060
226000,0.010,0.935,0.054
226500,0.010,0.967,0.023
227000,0.010,0.946,0.044
227500,0.010,0.944,0.046
228000,0.010,0.967,0.023
228500,0.010,0.940,0.050
229000,0.010,0.960,0.030
229500,0.010,0.973,0.017
230000,0.010,0.978,0.012
230500,0.010,0.957,0.033
231000,0.010,0.955,0.035
231500,0.010,0.941,0.049
232000,0.010,0.855,0.135
232500,0.010,0.926,0.064
233000,0.010,0.942,0.048
233500,0.010,0.937,0.053
234000,0.010,0.954,0.036
234500,0.010,0.921,0.069
235000,0.010,0.943,0.047
235500,0.010,0.961,0.029
236000,0.010,0.977,0.013
236500,0.010,0.962,0.028
237000,0.010,0.965,0.025
237500,0.010,0.967,0.023
238000,0.010,0.966,0.024
238500,0.010,0.959,0.031
239000,0.010,0.938,0.052
239500,0.010,0.936,0.054
240000,0.010,0.969,0.021
240500,0.010,0.975,0.015
241000,0.010,0.960,0.030
241500,0.010,0.936,0.054
242000,0.010,0.933,0.056
242500,0.010,0.877,0.113
243000,0.010,0.794,0.196
243500,0.010,0.873,0.117
244000,0.010,0.886,0.104
244500,0.010,0.923,0.067
245000,0.010,0.921,0.069
245500,0.010,0.984,0.006
246000,0.010,0.972,0.018
246500,0.010,0.962,0.028
247000,0.010,0.956,0.034
247500,0.010,0.956,0.034
248000,0.010,0.927,0.063
248500,0.010,0.958,0.032
249000,0.010,0.959,0.031
249500,0.010,0.978,0.012
250000,0.010,0.972,0.018
250500,0.010,0.928,0.061
251000,0.010,0.916,0.074
251500,0.010,0.962,0.028
252000,0.010,0.917,0.073
252500,0.010,0.936,0.053
253000,0.010,0.896,0.094
253500,0.010,0.941,0.049
254000,0.010,0.918,0.072
254500,0.010,0.926,0.064
255000,0.010,0.923,0.067
255500,0.010,0.942,0.048
256000,0.010,0.913,0.077
256500,0.010,0.954,0.036
257000,0.010,0.957,0.033
257500,0.010,0.876,0.114
258000,0.010,0.914,0.076
258500,0.010,0.965,0.025
259000,0.010,0.922,0.068
259500,0.010,0.952,0.038
260000,0.010,0.970,0.020
260500,0.010,0.949,0.041
261000,0.010,0.891,0.099
261500,0.010,0.934,0.056
262000,0.010,0.952,0.038
262500,0.010,0.913,0.077
263000,0.010,0.923,0.067
263500,0.010,0.897,0.093
264000,0.010,0.923,0.067
264500,0.010,0.960,0.030
265000,0.010,0.971,0.019
265500,0.010,0.951,0.039
266000,0.010,0.970,0.020
266500,0.010,0.926,0.064
267000,0.010,0.952,0.038
267500,0.010,0.915,0.075
268000,0.010,0.958,0.032
268500,0.010,0.920,0.070
269000,0.010,0.905,0.085
269500,0.010,0.913,0.077
270000,0.010,0.959,0.031
270500,0.010,0.941,0.049
271000,0.010,0.933,0.056
271500,0.010,0.952,0.038
272000,0.010,0.939,0.051
272500,0.010,0.961,0.029
273000,0.010,0.927,0.063
273500,0.010,0.967,0.023
274000,0.010,0.922,0.068
274500,0.010,0.969,0.021
275000,0.010,0.966,0.024
275500,0.010,0.956,0.034
276000,0.010,0.903,0.087
276500,0.010,0.922,0.068
277000,0.010,0.919,0.071
277500,0.010,0.923,0.067
278000,0.010,0.941,0.049
278500,0.010,0.846,0.144
279000,0.010,0.908,0.082
279500,0.010,0.946,0.044
280000,0.010,0.953,0.037
280500,0.010,0.967,0.023
281000,0.010,0.983,0.007
281500,0.010,0.967,0.023
282000,0.010,0.919,0.071
282500,0.010,0.901,0.089
283000,0.010,0.909,0.081
283500,0.010,0.906,0.084
284000,0.010,0.911,0.079
284500,0.010,0.931,0.059
285000,0.010,0.967,0.023
285500,0.010,0.930,0.060
286000,0.010,0.942,0.048
286500,0.010,0.907,0.083
287000,0.010,0.901,0.089
287500,0.010,0.878,0.112
288000,0.010,0.855,0.135
288500,0.010,0.877,0.113
289000,0.010,0.857,0.133
289500,0.010,0.917,0.073
290000,0.010,0.914,0.076
290500,0.010,0.907,0.083
291000,0.010,0.934,0.056
291500,0.010,0.958,0.032
292000,0.010,0.889,0.101
292500,0.010,0.916,0.074
293000,0.010,0.892,0.098
293500,0.010,0.929,0.061
294000,0.010,0.947,0.043
294500,0.010,0.920,0.070
295000,0.010,0.929,0.060
295500,0.010,0.952,0.038
296000,0.010,0.902,0.088
296500,0.010,0.915,0.075
297000,0.010,0.904,0.086
297500,0.010,0.942,0.048
298000,0.010,0.934,0.055
298500,0.010,0.927,0.063
299000,0.010,0.935,0.055
299500,0.010,0.922,0.068
300000,0.010,0.929,0.061
300500,0.010,0.942,0.048
301000,0.010,0.931,0.058
301500,0.010,0.964,0.026
302000,0.010,0.964,0.026
302500,0.010,0.979,0.011
303000,0.010,0.962,0.028
303500,0.010,0.931,0.058
304000,0.010,0.943,0.047
304500,0.010,0.952,0.038
305000,0.010,0.951,0.039
305500,0.010,0.957,0.033
306000,0.010,0.977,0.013
306500,0.010,0.989,0.001
307000,0.010,0.957,0.033
307500,0.010,0.971,0.019
308000,0.010,0.935,0.055
308500,0.010,0.943,0.047
309000,0.010,0.948,0.042
309500,0.010,0.916,0.074
310000,0.010,0.969,0.021
310500,0.010,0.979,0.011
311000,0.010,0.968,0.022
311500,0.010,0.969,0.021
312000,0.010,0.950,0.040
312500,0.010,0.923,0.067
313000,0.010,0.903,0.087
313500,0.010,0.923,0.067
314000,0.010,0.883,0.107
314500,0.010,0.850,0.140
315000,0.010,0.899,0.091
315500,0.010,0.921,0.069
316000,0.010,0.906,0.084
316500,0.010,0.947,0.043
317000,0.010,0.948,0.042
317500,0.010,0.934,0.056
318000,0.010,0.887,0.103
318500,0.010,0.964,0.026
319000,0.010,0.944,0.046
319500,0.010,0.907,0.083
320000,0.010,0.884,0.106
320500,0.010,0.945,0.045
321000,0.010,0.926,0.064
321500,0.010,0.907,0.083
322000,0.010,0.954,0.036
322500,0.010,0.956,0.034
323000,0.010,0.879,0.111
323500,0.010,0.929,0.060
324000,0.010,0.960,0.030
324500,0.010,0.952,0.038
325000,0.010,0.961,0.029
325500,0.010,0.959,0.031
326000,0.010,0.941,0.049
326500,0.010,0.952,0.038
327000,0.010,0.972,0.018
327500,0.010,0.954,0.036
328000,0.010,0.953,0.037
328500,0.010,0.950,0.040
329000,0.010,0.954,0.036
329500,0.010,0.944,0.046
330000,0.010,0.945,0.045
330500,0.010,0.946,0.044
331000,0.010,0.971,0.019
331500,0.010,0.888,0.102
332000,0.010,0.913,0.077
332500,0.010,0.924,0.066
333000,0.010,0.945,0.045
333500,0.010,0.945,0.045
334000,0.010,0.923,0.067
334500,0.010,0.920,0.070
335000,0.010,0.947,0.043
335500,0.010,0.940,0.050
336000,0.010,0.949,0.041
336500,0.010,0.952,0.038
337000,0.010,0.952,0.038
337500,0.010,0.932,0.058
338000,0.010,0.938,0.052
338500,0.010,0.907,0.083
339000,0.010,0.933,0.056
339500,0.010,0.961,0.029
340000,0.010,0.939,0.051
340500,0.010,0.925,0.065
341000,0.010,0.950,0.040
341500,0.010,0.942,0.048
342000,0.010,0.891,0.099
342500,0.010,0.887,0.103
343000,0.010,0.876,0.114
343500,0.010,0.932,0.058
344000,0.010,0.927,0.063
344500,0.010,0.912,0.078
345000,0.010,0.946,0.044
345500,0.010,0.896,0.094
346000,0.010,0.929,0.060
346500,0.010,0.957,0.033
347000,0.010,0.977,0.013
347500,0.010,0.966,0.024
348000,0.010,0.921,0.069
348500,0.010,0.886,0.104
349000,0.010,0.910,0.080
349500,0.010,0.908,0.082
350000,0.010,0.903,0.087
350500,0.010,0.949,0.041
351000,0.010,0.947,0.043
351500,0.010,0.915,0.075
352000,0.010,0.905,0.085
352500,0.010,0.903,0.087
353000,0.010,0.939,0.051
353500,0.010,0.911,0.079
354000,0.010,0.953,0.037
354500,0.010,0.860,0.130
355000,0.010,0.909,0.081
355500,0.010,0.903,0.087
356000,0.010,0.876,0.114
356500,0.010,0.935,0.055
357000,0.010,0.948,0.042
357500,0.010,0.949,0.041
358000,0.010,0.912,0.078
358500,0.010,0.910,0.080
359000,0.010,0.931,0.059
359500,0.010,0.956,0.034
360000,0.010,0.947,0.043
360500,0.010,0.931,0.059
361000,0.010,0.931,0.058
361500,0.010,0.960,0.030
362000,0.010,0.936,0.053
362500,0.010,0.915,0.075
363000,0.010,0.933,0.056
363500,0.010,0.961,0.029
364000,0.010,0.952,0.038
364500,0.010,0.931,0.058
365000,0.010,0.899,0.091
365500,0.010,0.930,0.060
366000,0.010,0.901,0.089
366500,0.010,0.926,0.064
367000,0.010,0.947,0.043
367500,0.010,0.956,0.034
368000,0.010,0.955,0.035
368500,0.010,0.909,0.081
369000,0.010,0.935,0.054
369500,0.010,0.980,0.010
370000,0.010,0.950,0.040
370500,0.010,0.931,0.058
371000,0.010,0.953,0.037
371500,0.010,0.962,0.028
372000,0.010,0.983,0.007
372500,0.010,0.936,0.054
373000,0.010,0.949,0.041
373500,0.010,0.943,0.047
374000,0.010,0.977,0.013
374500,0.010,0.932,0.057
375000,0.010,0.958,0.032
375500,0.010,0.918,0.072
376000,0.010,0.973,0.017
376500,0.010,0.917,0.073
377000,0.010,0.890,0.100
377500,0.010,0.829,0.161
378000,0.010,0.925,0.065
378500,0.010,0.952,0.038
379000,0.010,0.976,0.014
379500,0.010,0.923,0.067
380000,0.010,0.950,0.040
380500,0.010,0.975,0.015
381000,0.010,0.950,0.040
381500,0.010,0.952,0.038
382000,0.010,0.906,0.084
382500,0.010,0.933,0.057
383000,0.010,0.942,0.048
383500,0.010,0.907,0.083
384000,0.010,0.810,0.180
384500,0.010,0.852,0.138
385000,0.010,0.916,0.074
385500,0.010,0.919,0.071
386000,0.010,0.947,0.043
386500,0.010,0.948,0.042
387000,0.010,0.969,0.021
387500,0.010,0.973,0.017
388000,0.010,0.946,0.044
388500,0.010,0.955,0.035
389000,0.010,0.922,0.068
389500,0.010,0.958,0.032
390000,0.010,0.922,0.068
390500,0.010,0.921,0.069
391000,0.010,0.917,0.073
391500,0.010,0.978,0.012
392000,0.010,0.922,0.068
392500,0.010,0.890,0.100
393000,0.010,0.858,0.132
393500,0.010,0.921,0.069
394000,0.010,0.937,0.053
394500,0.010,0.950,0.040
395000,0.010,0.941,0.049
395500,0.010,0.977,0.013
396000,0.010,0.959,0.031
396500,0.010,0.972,0.018
397000,0.010,0.968,0.022
397500,0.010,0.939,0.051
398000,0.010,0.951,0.039
398500,0.010,0.909,0.081
399000,0.010,0.855,0.135
399500,0.010,0.925,0.065
400000,0.010,0.933,0.057
400500,0.010,0.896,0.094
401000,0.010,0.934,0.055
401500,0.010,0.924,0.066
402000,0.010,0.947,0.043
402500,0.010,0.915,0.075
403000,0.010,0.945,0.045
403500,0.010,0.879,0.111
404000,0.010,0.944,0.046
404500,0.010,0.948,0.042
405000,0.010,0.964,0.026
405500,0.010,0.960,0.030
406000,0.010,0.957,0.033
406500,0.010,0.961,0.029
407000,0.010,0.961,0.029
407500,0.010,0.964,0.026
408000,0.010,0.932,0.058
408500,0.010,0.888,0.102
409000,0.010,0.949,0.041
409500,0.010,0.954,0.036
410000,0.010,0.939,0.051
410500,0.010,0.943,0.047
411000,0.010,0.909,0.081
411500,0.010,0.941,0.049
412000,0.010,0.965,0.025
412500,0.010,0.957,0.033
413000,0.010,0.943,0.047
413500,0.010,0.945,0.045
414000,0.010,0.953,0.037
414500,0.010,0.922,0.068
415000,0.010,0.962,0.028
415500,0.010,0.963,0.027
416000,0.010,0.942,0.048
416500,0.010,0.912,0.078
417000,0.010,0.986,0.004
417500,0.010,0.957,0.033
418000,0.010,0.940,0.050
418500,0.010,0.953,0.037
419000,0.010,0.932,0.058
419500,0.010,0.930,0.060
420000,0.010,0.897,0.093
420500,0.010,0.916,0.074
421000,0.010,0.930,0.059
421500,0.010,0.968,0.022
422000,0.010,0.962,0.028
422500,0.010,0.914,0.076
423000,0.010,0.936,0.053
423500,0.010,0.941,0.049
424000,0.010,0.926,0.064
424500,0.010,0.961,0.029
425000,0.010,0.967,0.023
425500,0.010,0.943,0.047
426000,0.010,0.969,0.021
426500,0.010,0.928,0.062
427000,0.010,0.957,0.033
427500,0.010,0.952,0.038
428000,0.010,0.925,0.065
428500,0.010,0.897,0.093
429000,0.010,0.941,0.049
429500,0.010,0.920,0.070
430000,0.010,0.838,0.152
430500,0.010,0.864,0.126
431000,0.010,0.929,0.060
431500,0.010,0.922,0.068
432000,0.010,0.983,0.007
432500,0.010,0.973,0.017
433000,0.010,0.941,0.049
433500,0.010,0.922,0.068
434000,0.010,0.964,0.026
434500,0.010,0.952,0.038
435000,0.010,0.954,0.036
435500,0.010,0.941,0.049
436000,0.010,0.918,0.072
436500,0.010,0.942,0.048
437000,0.010,0.947,0.043
437500,0.010,0.941,0.049
438000,0.010,0.968,0.022
438500,0.010,0.955,0.035
439000,0.010,0.935,0.054
439500,0.010,0.948,0.042
440000,0.010,0.973,0.017
440500,0.010,0.967,0.023
441000,0.010,0.943,0.047
441500,0.010,0.944,0.046
442000,0.010,0.962,0.028
442500,0.010,0.946,0.044
443000,0.010,0.974,0.016
443500,0.010,0.925,0.065
444000,0.010,0.971,0.019
444500,0.010,0.974,0.016
445000,0.010,0.966,0.024
445500,0.010,0.922,0.068
446000,0.010,0.945,0.045
446500,0.010,0.977,0.013
447000,0.010,0.967,0.023
447500,0.010,0.931,0.059
448000,0.010,0.936,0.054
448500,0.010,0.952,0.038
449000,0.010,0.958,0.032
449500,0.010,0.923,0.067
450000,0.010,0.924,0.066
450500,0.010,0.968,0.022
451000,0.010,0.963,0.027
451500,0.010,0.940,0.050
452000,0.010,0.902,0.088
452500,0.010,0.901,0.089
453000,0.010,0.942,0.048
453500,0.010,0.978,0.012
454000,0.010,0.969,0.021
454500,0.010,0.949,0.041
455000,0.010,0.954,0.036
455500,0.010,0.976,0.014
456000,0.010,0.882,0.108
456500,0.010,0.933,0.056
457000,0.010,0.922,0.068
457500,0.010,0.954,0.036
458000,0.010,0.920,0.070
458500,0.010,0.953,0.037
459000,0.010,0.936,0.053
459500,0.010,0.921,0.069
460000,0.010,0.886,0.104
460500,0.010,0.908,0.082
461000,0.010,0.947,0.043
461500,0.010,0.914,0.076
462000,0.010,0.918,0.072
462500,0.010,0.944,0.046
463000,0.010,0.924,0.066
463500,0.010,0.898,0.092
464000,0.010,0.932,0.058
464500,0.010,0.953,0.037
465000,0.010,0.940,0.050
465500,0.010,0.943,0.047
466000,0.010,0.948,0.042
466500,0.010,0.970,0.020
467000,0.010,0.981,0.009
467500,0.010,0.957,0.033
468000,0.010,0.945,0.045
468500,0.010,0.944,0.046
469000,0.010,0.927,0.063
469500,0.010,0.976,0.014
470000,0.010,0.941,0.049
470500,0.010,0.929,0.060
471000,0.010,0.951,0.039
471500,0.010,0.932,0.057
472000,0.010,0.915,0.075
472500,0.010,0.896,0.094
473000,0.010,0.928,0.061
473500,0.010,0.943,0.047
474000,0.010,0.970,0.020
474500,0.010,0.958,0.032
475000,0.010,0.886,0.104
475500,0.010,0.920,0.070
476000,0.010,0.942,0.048
476500,0.010,0.947,0.043
477000,0.010,0.934,0.055
477500,0.010,0.951,0.039
478000,0.010,0.980,0.010
478500,0.010,0.959,0.031
479000,0.010,0.972,0.018
479500,0.010,0.960,0.030
480000,0.010,0.940,0.050
480500,0.010,0.907,0.083
481000,0.010,0.944,0.046
481500,0.010,0.963,0.027
482000,0.010,0.974,0.016
482500,0.010,0.926,0.064
483000,0.010,0.970,0.020
483500,0.010,0.959,0.031
484000,0.010,0.918,0.072
484500,0.010,0.955,0.035
485000,0.010,0.937,0.053
485500,0.010,0.955,0.035
486000,0.010,0.926,0.064
486500,0.010,0.974,0.016
487000,0.010,0.975,0.015
487500,0.010,0.975,0.015
488000,0.010,0.957,0.033
488500,0.010,0.974,0.016
489000,0.010,0.971,0.019
489500,0.010,0.953,0.037
490000,0.010,0.959,0.031
490500,0.010,0.947,0.043
491000,0.010,0.919,0.071
491500,0.010,0.959,0.031
492000,0.010,0.894,0.096
492500,0.010,0.937,0.053
493000,0.010,0.960,0.030
493500,0.010,0.966,0.024
494000,0.010,0.964,0.026
494500,0.010,0.941,0.049
495000,0.010,0.970,0.020
495500,0.010,0.981,0.009
496000,0.010,0.983,0.007
496500,0.010,0.970,0.020
497000,0.010,0.924,0.066
497500,0.010,0.914,0.076
498000,0.010,0.931,0.059
498500,0.010,0.911,0.079
499000,0.010,0.950,0.040
499500,0.010,0.947,0.043
500000,0.010,0.958,0.032
500500,0.010,0.959,0.031
501000,0.010,0.965,0.025
501500,0.010,0.838,0.152
502000,0.010,0.920,0.070
502500,0.010,0.934,0.055
503000,0.010,0.952,0.038
503500,0.010,0.962,0.028
504000,0.010,0.974,0.016
504500,0.010,0.932,0.057
505000,0.010,0.948,0.042
505500,0.010,0.920,0.070
506000,0.010,0.964,0.026
506500,0.010,0.910,0.080
507000,0.010,0.941,0.049
507500,0.010,0.852,0.138
508000,0.010,0.901,0.089
508500,0.010,0.961,0.029
509000,0.010,0.954,0.036
509500,0.010,0.909,0.081
510000,0.010,0.952,0.038
510500,0.010,0.952,0.038
511000,0.010,0.850,0.140
511500,0.010,0.930,0.060
512000,0.010,0.948,0.042
512500,0.010,0.981,0.009
513000,0.010,0.954,0.036
513500,0.010,0.950,0.040
514000,0.010,0.959,0.031
514500,0.010,0.950,0.040
515000,0.010,0.950,0.040
515500,0.010,0.917,0.073
516000,0.010,0.938,0.052
516500,0.010,0.958,0.032
517000,0.010,0.965,0.025
517500,0.010,0.940,0.050
518000,0.010,0.940,0.050
518500,0.010,0.954,0.036
519000,0.010,0.936,0.054
519500,0.010,0.951,0.039
520000,0.010,0.965,0.025
520500,0.010,0.954,0.036
521000,0.010,0.974,0.016
521500,0.010,0.950,0.040
522000,0.010,0.938,0.052
522500,0.010,0.939,0.051
523000,0.010,0.949,0.041
523500,0.010,0.952,0.038
524000,0.010,0.913,0.077
524500,0.010,0.948,0.042
525000,0.010,0.959,0.031
525500,0.010,0.955,0.035
526000,0.010,0.954,0.036
526500,0.010,0.965,0.025
527000,0.010,0.951,0.039
527500,0.010,0.963,0.027
528000,0.010,0.923,0.067
528500,0.010,0.940,0.050
529000,0.010,0.924,0.066
529500,0.010,0.958,0.032
530000,0.010,0.957,0.033
530500,0.010,0.927,0.062
531000,0.010,0.952,0.038
531500,0.010,0.884,0.106
532000,0.010,0.966,0.024
532500,0.010,0.950,0.040
533000,0.010,0.966,0.024
533500,0.010,0.895,0.095
534000,0.010,0.886,0.104
534500,0.010,0.916,0.074
535000,0.010,0.950,0.040
535500,0.010,0.959,0.031
536000,0.010,0.929,0.061
536500,0.010,0.978,0.012
537000,0.010,0.960,0.030
537500,0.010,0.907,0.083
538000,0.010,0.956,0.034
538500,0.010,0.892,0.098
539000,0.010,0.919,0.071
539500,0.010,0.918,0.072
540000,0.010,0.901,0.089
540500,0.010,0.860,0.130
541000,0.010,0.891,0.099
541500,0.010,0.930,0.059
542000,0.010,0.948,0.042
542500,0.010,0.961,0.029
543000,0.010,0.983,0.007
543500,0.010,0.972,0.018
544000,0.010,0.954,0.036
544500,0.010,0.957,0.033
545000,0.010,0.977,0.013
545500,0.010,0.988,0.002
546000,0.010,0.936,0.054
546500,0.010,0.938,0.052
547000,0.010,0.932,0.057
547500,0.010,0.977,0.013
548000,0.010,0.949,0.041
548500,0.010,0.926,0.064
549000,0.010,0.916,0.074
549500,0.010,0.944,0.046
550000,0.010,0.971,0.019
550500,0.010,0.936,0.054
551000,0.010,0.927,0.062
551500,0.010,0.932,0.058
552000,0.010,0.959,0.031
552500,0.010,0.939,0.051
553000,0.010,0.924,0.066
553500,0.010,0.944,0.046
554000,0.010,0.935,0.054
554500,0.010,0.970,0.020
555000,0.010,0.943,0.047
555500,0.010,0.934,0.056
556000,0.010,0.948,0.042
556500,0.010,0.984,0.006
557000,0.010,0.975,0.015
557500,0.010,0.951,0.039
558000,0.010,0.941,0.049
558500,0.010,0.935,0.054
559000,0.010,0.944,0.046
559500,0.010,0.971,0.019
560000,0.010,0.966,0.024
560500,0.010,0.906,0.084
561000,0.010,0.854,0.136
561500,0.010,0.912,0.078
562000,0.010,0.964,0.026
562500,0.010,0.981,0.009
563000,0.010,0.945,0.045
563500,0.010,0.959,0.031
564000,0.010,0.987,0.003
564500,0.010,0.944,0.046
565000,0.010,0.975,0.015
565500,0.010,0.968,0.022
566000,0.010,0.990,0.000
566500,0.010,0.978,0.012
567000,0.010,0.962,0.028
567500,0.010,0.955,0.035
568000,0.010,0.951,0.039
568500,0.010,0.975,0.015
569000,0.010,0.975,0.015
569500,0.010,0.984,0.006
570000,0.010,0.937,0.053
570500,0.010,0.900,0.090
571000,0.010,0.913,0.077
571500,0.010,0.955,0.035
572000,0.010,0.925,0.065
572500,0.010,0.943,0.047
573000,0.010,0.903,0.087
573500,0.010,0.950,0.040
574000,0.010,0.936,0.053
574500,0.010,0.917,0.073
575000,0.010,0.883,0.107
575500,0.010,0.915,0.075
576000,0.010,0.816,0.174
576500,0.010,0.893,0.097
577000,0.010,0.922,0.068
577500,0.010,0.939,0.051
578000,0.010,0.929,0.061
578500,0.010,0.966,0.024
579000,0.010,0.891,0.099
579500,0.010,0.919,0.071
580000,0.010,0.849,0.141
580500,0.010,0.925,0.065
581000,0.010,0.951,0.039
581500,0.010,0.961,0.029
582000,0.010,0.953,0.037
582500,0.010,0.941,0.049
583000,0.010,0.964,0.026
583500,0.010,0.937,0.053
584000,0.010,0.923,0.067
584500,0.010,0.938,0.052
585000,0.010,0.972,0.018
585500,0.010,0.951,0.039
586000,0.010,0.958,0.032
586500,0.010,0.914,0.076
587000,0.010,0.916,0.074
587500,0.010,0.857,0.133
588000,0.010,0.903,0.087
588500,0.010,0.954,0.036
589000,0.010,0.976,0.014
589500,0.010,0.963,0.027
590000,0.010,0.953,0.037
590500,0.010,0.945,0.045
591000,0.010,0.952,0.038
591500,0.010,0.902,0.088
592000,0.010,0.914,0.076
592500,0.010,0.926,0.064
593000,0.010,0.954,0.036
593500,0.010,0.930,0.060
594000,0.010,0.948,0.042
594500,0.010,0.929,0.060
595000,0.010,0.955,0.035
595500,0.010,0.910,0.080
596000,0.010,0.908,0.082
596500,0.010,0.946,0.044
597000,0.010,0.974,0.016
597500,0.010,0.923,0.067
598000,0.010,0.948,0.042
598500,0.010,0.898,0.092
599000,0.010,0.902,0.088
599500,0.010,0.922,0.068
600000,0.010,0.967,0.023
600500,0.010,0.982,0.008
601000,0.010,0.979,0.011
601500,0.010,0.926,0.064
602000,0.010,0.904,0.086
602500,0.010,0.929,0.060
603000,0.010,0.946,0.044
603500,0.010,0.911,0.079
604000,0.010,0.962,0.028
604500,0.010,0.958,0.032
605000,0.010,0.963,0.027
605500,0.010,0.955,0.035
606000,0.010,0.958,0.032
606500,0.010,0.948,0.042
607000,0.010,0.893,0.097
607500,0.010,0.934,0.056
608000,0.010,0.961,0.029
608500,0.010,0.842,0.148
609000,0.010,0.871,0.119
609500,0.010,0.940,0.050
610000,0.010,0.899,0.091
610500,0.010,0.953,0.037
611000,0.010,0.959,0.031
611500,0.010,0.964,0.026
612000,0.010,0.941,0.049
612500,0.010,0.951,0.039
613000,0.010,0.933,0.056
613500,0.010,0.942,0.048
614000,0.010,0.919,0.071
614500,0.010,0.911,0.079
615000,0.010,0.851,0.139
615500,0.010,0.927,0.062
616000,0.010,0.949,0.041
616500,0.010,0.943,0.047
617000,0.010,0.937,0.053
617500,0.010,0.913,0.077
618000,0.010,0.923,0.067
618500,0.010,0.890,0.100
619000,0.010,0.938,0.052
619500,0.010,0.925,0.065
620000,0.010,0.914,0.076
620500,0.010,0.952,0.038
621000,0.010,0.956,0.034
621500,0.010,0.936,0.053
622000,0.010,0.915,0.075
622500,0.010,0.900,0.090
623000,0.010,0.965,0.025
623500,0.010,0.930,0.059
624000,0.010,0.969,0.021
624500,0.010,0.927,0.063
625000,0.010,0.912,0.078
625500,0.010,0.933,0.057
626000,0.010,0.987,0.003
626500,0.010,0.985,0.005
627000,0.010,0.987,0.003
627500,0.010,0.981,0.009
628000,0.010,0.989,0.001
628500,0.010,0.967,0.023
629000,0.010,0.922,0.068
629500,0.010,0.901,0.089
630000,0.010,0.928,0.062
630500,0.010,0.933,0.056
631000,0.010,0.968,0.022
631500,0.010,0.973,0.017
632000,0.010,0.937,0.053
632500,0.010,0.910,0.080
633000,0.010,0.911,0.079
633500,0.010,0.963,0.027
634000,0.010,0.932,0.057
634500,0.010,0.897,0.093
635000,0.010,0.845,0.145
635500,0.010,0.945,0.045
636000,0.010,0.944,0.046
636500,0.010,0.928,0.061
637000,0.010,0.977,0.013
637500,0.010,0.975,0.015
638000,0.010,0.959,0.031
638500,0.010,0.946,0.044
639000,0.010,0.946,0.044
639500,0.010,0.944,0.046
640000,0.010,0.968,0.022
640500,0.010,0.952,0.038
641000,0.010,0.957,0.033
641500,0.010,0.916,0.074
642000,0.010,0.940,0.050
642500,0.010,0.929,0.060
643000,0.010,0.966,0.024
643500,0.010,0.922,0.068
644000,0.010,0.971,0.019
644500,0.010,0.978,0.012
645000,0.010,0.943,0.047
645500,0.010,0.920,0.070
646000,0.010,0.908,0.082
646500,0.010,0.919,0.071
647000,0.010,0.928,0.062
647500,0.010,0.930,0.060
648000,0.010,0.912,0.078
648500,0.010,0.924,0.066
649000,0.010,0.904,0.086
649500,0.010,0.917,0.073
650000,0.010,0.957,0.033
650500,0.010,0.958,0.032
651000,0.010,0.970,0.020
651500,0.010,0.929,0.060
652000,0.010,0.949,0.041
652500,0.010,0.970,0.020
653000,0.010,0.918,0.072
653500,0.010,0.928,0.062
654000,0.010,0.945,0.045
654500,0.010,0.956,0.034
655000,0.010,0.945,0.045
655500,0.010,0.951,0.039
656000,0.010,0.925,0.065
656500,0.010,0.936,0.054
657000,0.010,0.931,0.059
657500,0.010,0.949,0.041
658000,0.010,0.959,0.031
658500,0.010,0.973,0.017
659000,0.010,0.951,0.039
659500,0.010,0.942,0.048
660000,0.010,0.922,0.068
660500,0.010,0.949,0.041
661000,0.010,0.949,0.041
661500,0.010,0.908,0.082
662000,0.010,0.909,0.081
662500,0.010,0.962,0.028
663000,0.010,0.951,0.039
663500,0.010,0.960,0.030
664000,0.010,0.963,0.027
664500,0.010,0.962,0.028
665000,0.010,0.924,0.066
665500,0.010,0.900,0.090
666000,0.010,0.948,0.042
666500,0.010,0.951,0.039
667000,0.010,0.931,0.058
667500,0.010,0.970,0.020
668000,0.010,0.955,0.035
668500,0.010,0.945,0.045
669000,0.010,0.946,0.044
669500,0.010,0.943,0.047
670000,0.010,0.946,0.044
670500,0.010,0.981,0.009
671000,0.010,0.979,0.011
671500,0.010,0.971,0.019
672000,0.010,0.919,0.071
672500,0.010,0.951,0.039
673000,0.010,0.915,0.075
673500,0.010,0.922,0.068
674000,0.010,0.906,0.084
674500,0.010,0.954,0.036
675000,0.010,0.931,0.058
675500,0.010,0.926,0.064
676000,0.010,0.940,0.050
676500,0.010,0.921,0.069
677000,0.010,0.890,0.100
677500,0.010,0.886,0.104
678000,0.010,0.926,0.064
678500,0.010,0.922,0.068
679000,0.010,0.950,0.040
679500,0.010,0.964,0.026
680000,0.010,0.927,0.062
680500,0.010,0.967,0.023
681000,0.010,0.964,0.026
681500,0.010,0.961,0.029
682000,0.010,0.943,0.047
682500,0.010,0.920,0.070
683000,0.010,0.894,0.096
683500,0.010,0.942,0.048
684000,0.010,0.941,0.049
684500,0.010,0.959,0.031
685000,0.010,0.929,0.060
685500,0.010,0.901,0.089
686000,0.010,0.912,0.078
686500,0.010,0.944,0.046
687000,0.010,0.952,0.038
687500,0.010,0.956,0.034
688000,0.010,0.925,0.065
688500,0.010,0.962,0.028
689000,0.010,0.970,0.020
689500,0.010,0.980,0.010
690000,0.010,0.934,0.055
690500,0.010,0.965,0.025
691000,0.010,0.983,0.007
691500,0.010,0.934,0.056
692000,0.010,0.934,0.055
692500,0.010,0.930,0.059
693000,0.010,0.955,0.035
693500,0.010,0.922,0.068
694000,0.010,0.947,0.043
694500,0.010,0.918,0.072
695000,0.010,0.959,0.031
695500,0.010,0.972,0.018
696000,0.010,0.940,0.050
696500,0.010,0.951,0.039
697000,0.010,0.939,0.051
697500,0.010,0.970,0.020
698000,0.010,0.966,0.024
698500,0.010,0.893,0.097
699000,0.010,0.954,0.036
699500,0.010,0.959,0.031
700000,0.010,0.920,0.070
700500,0.010,0.951,0.039
701000,0.010,0.928,0.061
701500,0.010,0.963,0.027
702000,0.010,0.943,0.047
702500,0.010,0.925,0.065
703000,0.010,0.928,0.062
703500,0.010,0.910,0.080
704000,0.010,0.970,0.020
704500,0.010,0.974,0.016
705000,0.010,0.928,0.061
705500,0.010,0.949,0.041
706000,0.010,0.947,0.043
706500,0.010,0.943,0.047
707000,0.010,0.956,0.034
707500,0.010,0.936,0.054
708000,0.010,0.960,0.030
708500,0.010,0.906,0.084
709000,0.010,0.938,0.052
709500,0.010,0.902,0.088
710000,0.010,0.863,0.127
710500,0.010,0.902,0.088
711000,0.010,0.896,0.094
711500,0.010,0.858,0.132
712000,0.010,0.906,0.084
712500,0.010,0.943,0.047
713000,0.010,0.890,0.100
713500,0.010,0.969,0.021
714000,0.010,0.965,0.025
714500,0.010,0.940,0.050
715000,0.010,0.910,0.080
715500,0.010,0.898,0.092
716000,0.010,0.933,0.056
716500,0.010,0.883,0.107
717000,0.010,0.917,0.073
717500,0.010,0.936,0.053
718000,0.010,0.970,0.020
718500,0.010,0.949,0.041
719000,0.010,0.869,0.121
719500,0.010,0.942,0.048
720000,0.010,0.963,0.027
720500,0.010,0.962,0.028
721000,0.010,0.968,0.022
721500,0.010,0.977,0.013
722000,0.010,0.954,0.036
722500,0.010,0.985,0.005
723000,0.010,0.940,0.050
723500,0.010,0.975,0.015
724000,0.010,0.964,0.026
724500,0.010,0.929,0.061
725000,0.010,0.936,0.053
725500,0.010,0.929,0.061
726000,0.010,0.855,0.135
726500,0.010,0.934,0.055
727000,0.010,0.911,0.079
727500,0.010,0.861,0.129
728000,0.010,0.874,0.116
728500,0.010,0.918,0.072
729000,0.010,0.934,0.056
729500,0.010,0.961,0.029
730000,0.010,0.959,0.031
730500,0.010,0.951,0.039
731000,0.010,0.876,0.114
731500,0.010,0.929,0.061
732000,0.010,0.879,0.111
732500,0.010,0.946,0.044
733000,0.010,0.948,0.042
733500,0.010,0.955,0.035
734000,0.010,0.934,0.056
734500,0.010,0.956,0.034
735000,0.010,0.904,0.086
735500,0.010,0.945,0.045
736000,0.010,0.964,0.026
736500,0.010,0.972,0.018
737000,0.010,0.940,0.050
737500,0.010,0.904,0.086
738000,0.010,0.928,0.061
738500,0.010,0.945,0.045
739000,0.010,0.942,0.048
739500,0.010,0.974,0.016
740000,0.010,0.970,0.020
740500,0.010,0.922,0.068
741000,0.010,0.943,0.047
741500,0.010,0.943,0.047
742000,0.010,0.949,0.041
742500,0.010,0.905,0.085
743000,0.010,0.939,0.051
743500,0.010,0.910,0.080
744000,0.010,0.951,0.039
744500,0.010,0.927,0.062
745000,0.010,0.930,0.059
745500,0.010,0.902,0.088
746000,0.010,0.930,0.060
746500,0.010,0.930,0.060
747000,0.010,0.940,0.050
747500,0.010,0.947,0.043
748000,0.010,0.957,0.033
748500,0.010,0.969,0.021
749000,0.010,0.908,0.082
749500,0.010,0.968,0.022
750000,0.010,0.964,0.026
750500,0.010,0.944,0.046
751000,0.010,0.969,0.021
751500,0.010,0.975,0.015
752000,0.010,0.943,0.047
752500,0.010,0.934,0.055
753000,0.010,0.974,0.016
753500,0.010,0.956,0.034
754000,0.010,0.920,0.070
754500,0.010,0.953,0.037
755000,0.010,0.973,0.017
755500,0.010,0.961,0.029
756000,0.010,0.955,0.035
756500,0.010,0.964,0.026
757000,0.010,0.949,0.041
757500,0.010,0.973,0.017
758000,0.010,0.949,0.041
758500,0.010,0.920,0.070
759000,0.010,0.906,0.084
759500,0.010,0.940,0.050
760000,0.010,0.947,0.043
760500,0.010,0.979,0.011
761000,0.010,0.969,0.021
761500,0.010,0.982,0.008
762000,0.010,0.980,0.010
762500,0.010,0.927,0.062
763000,0.010,0.949,0.041
763500,0.010,0.962,0.028
764000,0.010,0.930,0.059
764500,0.010,0.891,0.099
765000,0.010,0.945,0.045
765500,0.010,0.939,0.051
766000,0.010,0.967,0.023
766500,0.010,0.898,0.092
767000,0.010,0.931,0.059
767500,0.010,0.876,0.114
768000,0.010,0.950,0.040
768500,0.010,0.904,0.086
769000,0.010,0.944,0.046
769500,0.010,0.901,0.089
770000,0.010,0.914,0.076
770500,0.010,0.942,0.048
771000,0.010,0.941,0.049
771500,0.010,0.968,0.022
772000,0.010,0.927,0.062
772500,0.010,0.951,0.039
773000,0.010,0.964,0.026
773500,0.010,0.967,0.023
774000,0.010,0.950,0.040
774500,0.010,0.930,0.060
775000,0.010,0.926,0.064
775500,0.010,0.953,0.037
776000,0.010,0.953,0.037
776500,0.010,0.925,0.065
777000,0.010,0.952,0.038
777500,0.010,0.969,0.021
778000,0.010,0.963,0.027
778500,0.010,0.904,0.086
779000,0.010,0.914,0.076
779500,0.010,0.891,0.099
780000,0.010,0.872,0.118
780500,0.010,0.918,0.072
781000,0.010,0.934,0.055
781500,0.010,0.948,0.042
782000,0.010,0.943,0.047
782500,0.010,0.953,0.037
783000,0.010,0.937,0.053
783500,0.010,0.946,0.044
784000,0.010,0.924,0.066
784500,0.010,0.960,0.030
785000,0.010,0.882,0.108
785500,0.010,0.858,0.132
786000,0.010,0.912,0.078
786500,0.010,0.960,0.030
787000,0.010,0.935,0.055
787500,0.010,0.951,0.039
788000,0.010,0.955,0.035
788500,0.010,0.913,0.077
789000,0.010,0.949,0.041
789500,0.010,0.921,0.069
790000,0.010,0.967,0.023
790500,0.010,0.961,0.029
791000,0.010,0.897,0.093
791500,0.010,0.952,0.038
792000,0.010,0.939,0.051
792500,0.010,0.903,0.087
793000,0.010,0.920,0.070
793500,0.010,0.961,0.029
794000,0.010,0.933,0.056
794500,0.010,0.924,0.066
795000,0.010,0.945,0.045
795500,0.010,0.919,0.071
796000,0.010,0.945,0.045
796500,0.010,0.927,0.062
797000,0.010,0.943,0.047
797500,0.010,0.897,0.093
798000,0.010,0.867,0.123
798500,0.010,0.887,0.103
799000,0.010,0.920,0.070
799500,0.010,0.968,0.022
800000,0.010,0.971,0.019
800500,0.010,0.983,0.007
801000,0.010,0.937,0.053
801500,0.010,0.949,0.041
802000,0.010,0.979,0.011
802500,0.010,0.925,0.065
803000,0.010,0.938,0.052
803500,0.010,0.958,0.032
804000,0.010,0.932,0.057
804500,0.010,0.927,0.062
805000,0.010,0.942,0.048
805500,0.010,0.987,0.003
806000,0.010,0.959,0.031
806500,0.010,0.889,0.101
807000,0.010,0.915,0.075
807500,0.010,0.947,0.043
808000,0.010,0.934,0.056
808500,0.010,0.941,0.049
809000,0.010,0.901,0.089
809500,0.010,0.924,0.066
810000,0.010,0.919,0.071
810500,0.010,0.965,0.025
811000,0.010,0.945,0.045
811500,0.010,0.917,0.073
812000,0.010,0.945,0.045
812500,0.010,0.944,0.046
813000,0.010,0.900,0.090
813500,0.010,0.962,0.028
814000,0.010,0.968,0.022
814500,0.010,0.962,0.028
815000,0.010,0.935,0.054
815500,0.010,0.916,0.074
816000,0.010,0.931,0.058
816500,0.010,0.943,0.047
817000,0.010,0.893,0.097
817500,0.010,0.935,0.055
818000,0.010,0.907,0.083
818500,0.010,0.925,0.065
819000,0.010,0.927,0.062
819500,0.010,0.924,0.066
820000,0.010,0.959,0.031
820500,0.010,0.893,0.097
821000,0.010,0.913,0.077
821500,0.010,0.957,0.033
822000,0.010,0.916,0.074
822500,0.010,0.860,0.130
823000,0.010,0.933,0.057
823500,0.010,0.886,0.104
824000,0.010,0.984,0.006
824500,0.010,0.948,0.042
825000,0.010,0.956,0.034
825500,0.010,0.946,0.044
826000,0.010,0.967,0.023
826500,0.010,0.939,0.051
827000,0.010,0.914,0.076
827500,0.010,0.965,0.025
828000,0.010,0.949,0.041
828500,0.010,0.930,0.060
829000,0.010,0.946,0.044
829500,0.010,0.869,0.121
830000,0.010,0.915,0.075
830500,0.010,0.949,0.041
831000,0.010,0.959,0.031
831500,0.010,0.968,0.022
832000,0.010,0.961,0.029
832500,0.010,0.984,0.006
833000,0.010,0.943,0.047
833500,0.010,0.988,0.002
834000,0.010,0.949,0.041
834500,0.010,0.938,0.052
835000,0.010,0.918,0.072
835500,0.010,0.941,0.049
836000,0.010,0.940,0.050
836500,0.010,0.952,0.038
837000,0.010,0.972,0.018
837500,0.010,0.938,0.052
838000,0.010,0.903,0.087
838500,0.010,0.977,0.013
839000,0.010,0.959,0.031
839500,0.010,0.960,0.030
840000,0.010,0.928,0.061
840500,0.010,0.875,0.115
841000,0.010,0.917,0.073
841500,0.010,0.908,0.082
842000,0.010,0.901,0.089
842500,0.010,0.920,0.070
843000,0.010,0.944,0.046
843500,0.010,0.951,0.039
844000,0.010,0.906,0.084
844500,0.010,0.928,0.061
845000,0.010,0.888,0.102
845500,0.010,0.944,0.046
846000,0.010,0.905,0.085
846500,0.010,0.944,0.046
847000,0.010,0.927,0.063
847500,0.010,0.917,0.073
848000,0.010,0.942,0.048
848500,0.010,0.954,0.036
849000,0.010,0.934,0.056
849500,0.010,0.934,0.056
850000,0.010,0.954,0.036
850500,0.010,0.963,0.027
851000,0.010,0.959,0.031
851500,0.010,0.962,0.028
852000,0.010,0.911,0.079
852500,0.010,0.941,0.049
853000,0.010,0.934,0.055
853500,0.010,0.918,0.072
854000,0.010,0.938,0.052
854500,0.010,0.914,0.076
855000,0.010,0.961,0.029
855500,0.010,0.968,0.022
856000,0.010,0.943,0.047
856500,0.010,0.948,0.042
857000,0.010,0.967,0.023
857500,0.010,0.984,0.006
858000,0.010,0.985,0.005
858500,0.010,0.982,0.008
859000,0.010,0.977,0.013
859500,0.010,0.950,0.040
860000,0.010,0.961,0.029
860500,0.010,0.946,0.044
861000,0.010,0.945,0.045
861500,0.010,0.908,0.082
862000,0.010,0.922,0.068
862500,0.010,0.966,0.024
863000,0.010,0.935,0.055
863500,0.010,0.915,0.075
864000,0.010,0.901,0.089
864500,0.010,0.906,0.084
865000,0.010,0.922,0.068
865500,0.010,0.937,0.053
866000,0.010,0.956,0.034
866500,0.010,0.980,0.010
867000,0.010,0.952,0.038
867500,0.010,0.966,0.024
868000,0.010,0.984,0.006
868500,0.010,0.990,0.000
869000,0.010,0.978,0.012
869500,0.010,0.957,0.033
870000,0.010,0.950,0.040
870500,0.010,0.932,0.057
871000,0.010,0.917,0.073
871500,0.010,0.966,0.024
872000,0.010,0.959,0.031
872500,0.010,0.964,0.026
873000,0.010,0.962,0.028
873500,0.010,0.959,0.031
874000,0.010,0.955,0.035
874500,0.010,0.958,0.032
875000,0.010,0.917,0.073
875500,0.010,0.928,0.061
876000,0.010,0.923,0.067
876500,0.010,0.953,0.037
877000,0.010,0.967,0.023
877500,0.010,0.963,0.027
878000,0.010,0.958,0.032
878500,0.010,0.933,0.056
879000,0.010,0.896,0.094
879500,0.010,0.961,0.029
880000,0.010,0.973,0.017
880500,0.010,0.972,0.018
881000,0.010,0.986,0.004
881500,0.010,0.974,0.016
882000,0.010,0.969,0.021
882500,0.010,0.920,0.070
883000,0.010,0.954,0.036
883500,0.010,0.967,0.023
884000,0.010,0.961,0.029
884500,0.010,0.974,0.016
885000,0.010,0.972,0.018
885500,0.010,0.955,0.035
886000,0.010,0.977,0.013
886500,0.010,0.954,0.036
887000,0.010,0.919,0.071
887500,0.010,0.887,0.103
888000,0.010,0.884,0.106
888500,0.010,0.930,0.060
889000,0.010,0.984,0.006
889500,0.010,0.969,0.021
890000,0.010,0.940,0.050
890500,0.010,0.940,0.050
891000,0.010,0.951,0.039
891500,0.010,0.979,0.011
892000,0.010,0.953,0.037
892500,0.010,0.961,0.029
893000,0.010,0.976,0.014
893500,0.010,0.954,0.036
894000,0.010,0.955,0.035
894500,0.010,0.947,0.043
895000,0.010,0.965,0.025
895500,0.010,0.891,0.099
896000,0.010,0.928,0.062
896500,0.010,0.945,0.045
897000,0.010,0.927,0.062
897500,0.010,0.956,0.034
898000,0.010,0.972,0.018
898500,0.010,0.952,0.038
899000,0.010,0.955,0.035
899500,0.010,0.941,0.049
900000,0.010,0.953,0.037
900500,0.010,0.939,0.051
901000,0.010,0.914,0.076
901500,0.010,0.822,0.168
902000,0.010,0.867,0.123
902500,0.010,0.932,0.057
903000,0.010,0.958,0.032
903500,0.010,0.936,0.053
904000,0.010,0.929,0.061
904500,0.010,0.936,0.053
905000,0.010,0.930,0.060
905500,0.010,0.926,0.064
906000,0.010,0.955,0.035
906500,0.010,0.915,0.075
907000,0.010,0.937,0.053
907500,0.010,0.954,0.036
908000,0.010,0.967,0.023
908500,0.010,0.968,0.022
909000,0.010,0.965,0.025
909500,0.010,0.931,0.058
910000,0.010,0.930,0.059
910500,0.010,0.933,0.056
911000,0.010,0.949,0.041
911500,0.010,0.933,0.056
912000,0.010,0.911,0.079
912500,0.010,0.947,0.043
913000,0.010,0.964,0.026
913500,0.010,0.928,0.062
914000,0.010,0.973,0.017
914500,0.010,0.975,0.015
915000,0.010,0.963,0.027
915500,0.010,0.932,0.057
916000,0.010,0.890,0.100
916500,0.010,0.828,0.162
917000,0.010,0.928,0.061
917500,0.010,0.932,0.057
918000,0.010,0.925,0.065
918500,0.010,0.946,0.044
919000,0.010,0.918,0.072
919500,0.010,0.962,0.028
920000,0.010,0.953,0.037
920500,0.010,0.947,0.043
921000,0.010,0.967,0.023
921500,0.010,0.966,0.024
922000,0.010,0.940,0.050
922500,0.010,0.932,0.057
923000,0.010,0.909,0.081
923500,0.010,0.885,0.105
924000,0.010,0.916,0.074
924500,0.010,0.957,0.033
925000,0.010,0.976,0.014
925500,0.010,0.961,0.029
926000,0.010,0.930,0.059
926500,0.010,0.981,0.009
927000,0.010,0.955,0.035
927500,0.010,0.972,0.018
928000,0.010,0.950,0.040
928500,0.010,0.926,0.064
929000,0.010,0.959,0.031
929500,0.010,0.956,0.034
930000,0.010,0.917,0.073
930500,0.010,0.900,0.090
931000,0.010,0.948,0.042
931500,0.010,0.976,0.014
932000,0.010,0.968,0.022
932500,0.010,0.977,0.013
933000,0.010,0.947,0.043
933500,0.010,0.952,0.038
934000,0.010,0.952,0.038
934500,0.010,0.939,0.051
935000,0.010,0.919,0.071
935500,0.010,0.923,0.067
936000,0.010,0.902,0.088
936500,0.010,0.925,0.065
937000,0.010,0.958,0.032
937500,0.010,0.966,0.024
938000,0.010,0.943,0.047
938500,0.010,0.942,0.048
939000,0.010,0.962,0.028
939500,0.010,0.981,0.009
940000,0.010,0.959,0.031
940500,0.010,0.983,0.007
941000,0.010,0.964,0.026
941500,0.010,0.943,0.047
942000,0.010,0.957,0.033
942500,0.010,0.951,0.039
943000,0.010,0.936,0.053
943500,0.010,0.916,0.074
944000,0.010,0.910,0.080
944500,0.010,0.895,0.095
945000,0.010,0.938,0.052
945500,0.010,0.966,0.024
946000,0.010,0.942,0.048
946500,0.010,0.935,0.054
947000,0.010,0.951,0.039
947500,0.010,0.977,0.013
948000,0.010,0.956,0.034
948500,0.010,0.978,0.012
949000,0.010,0.958,0.032
949500,0.010,0.959,0.031
950000,0.010,0.937,0.053
950500,0.010,0.944,0.046
951000,0.010,0.957,0.033
951500,0.010,0.954,0.036
952000,0.010,0.938,0.052
952500,0.010,0.922,0.068
953000,0.010,0.902,0.088
953500,0.010,0.922,0.068
954000,0.010,0.915,0.075
954500,0.010,0.924,0.066
955000,0.010,0.937,0.053
955500,0.010,0.975,0.015
956000,0.010,0.978,0.012
956500,0.010,0.969,0.021
957000,0.010,0.959,0.031
957500,0.010,0.974,0.016
958000,0.010,0.940,0.050
958500,0.010,0.930,0.060
959000,0.010,0.950,0.040
959500,0.010,0.911,0.079
960000,0.010,0.893,0.097
960500,0.010,0.934,0.056
961000,0.010,0.978,0.012
961500,0.010,0.977,0.013
962000,0.010,0.875,0.115
962500,0.010,0.864,0.126
963000,0.010,0.954,0.036
963500,0.010,0.948,0.042
964000,0.010,0.977,0.013
964500,0.010,0.960,0.030
965000,0.010,0.979,0.011
965500,0.010,0.952,0.038
966000,0.010,0.939,0.051
966500,0.010,0.951,0.039
967000,0.010,0.946,0.044
967500,0.010,0.971,0.019
968000,0.010,0.925,0.065
968500,0.010,0.917,0.073
969000,0.010,0.932,0.057
969500,0.010,0.964,0.026
970000,0.010,0.917,0.073
970500,0.010,0.943,0.047
971000,0.010,0.903,0.087
971500,0.010,0.919,0.071
972000,0.010,0.945,0.045
972500,0.010,0.918,0.072
973000,0.010,0.922,0.068
973500,0.010,0.929,0.060
974000,0.010,0.900,0.090
974500,0.010,0.918,0.072
975000,0.010,0.957,0.033
975500,0.010,0.944,0.046
976000,0.010,0.948,0.042
976500,0.010,0.932,0.058
977000,0.010,0.923,0.067
977500,0.010,0.940,0.050
978000,0.010,0.969,0.021
978500,0.010,0.953,0.037
979000,0.010,0.932,0.057
979500,0.010,0.936,0.053
980000,0.010,0.921,0.069
980500,0.010,0.922,0.068
981000,0.010,0.923,0.067
981500,0.010,0.938,0.052
982000,0.010,0.945,0.045
982500,0.010,0.934,0.055
983000,0.010,0.920,0.070
983500,0.010,0.899,0.091
984000,0.010,0.865,0.125
984500,0.010,0.912,0.078
985000,0.010,0.885,0.105
985500,0.010,0.950,0.040
986000,0.010,0.913,0.077
986500,0.010,0.935,0.054
987000,0.010,0.928,0.061
987500,0.010,0.932,0.057
988000,0.010,0.930,0.060
988500,0.010,0.906,0.084
989000,0.010,0.960,0.030
989500,0.010,0.955,0.035
990000,0.010,0.984,0.006
990500,0.010,0.984,0.006
991000,0.010,0.950,0.040
991500,0.010,0.952,0.038
992000,0.010,0.973,0.017
992500,0.010,0.951,0.039
993000,0.010,0.916,0.074
993500,0.010,0.881,0.109
994000,0.010,0.935,0.055
994500,0.010,0.963,0.027
995000,0.010,0.949,0.041
995500,0.010,0.917,0.073
996000,0.010,0.912,0.078
996500,0.010,0.953,0.037
997000,0.010,0.978,0.012
997500,0.010,0.970,0.020
998000,0.010,0.951,0.039
998500,0.010,0.919,0.071
999000,0.010,0.938,0.052
999500,0.010,0.935,0.055
1000000,0.010,0.928,0.061
