time,n_A+p,n_B,n_AB
500,0.050,0.867,0.083
1000,0.050,0.751,0.199
1500,0.050,0.617,0.333
2000,0.056,0.522,0.422
2500,0.057,0.447,0.496
3000,0.070,0.361,0.569
3500,0.085,0.329,0.586
4000,0.079,0.288,0.633
4500,0.082,0.277,0.641
5000,0.111,0.255,0.634
5500,0.170,0.170,0.660
6000,0.167,0.174,0.659
6500,0.179,0.142,0.679
7000,0.214,0.103,0.683
7500,0.224,0.129,0.647
8000,0.260,0.114,0.626
8500,0.269,0.069,0.662
9000,0.352,0.040,0.608
9500,0.373,0.044,0.583
10000,0.361,0.026,0.613
10500,0.448,0.032,0.520
11000,0.483,0.012,0.505
11500,0.472,0.015,0.513
12000,0.500,0.013,0.487
12500,0.513,0.011,0.476
13000,0.504,0.006,0.490
13500,0.499,0.006,0.495
14000,0.539,0.007,0.454
14500,0.542,0.021,0.437
15000,0.551,0.010,0.439
15500,0.495,0.004,0.501
16000,0.501,0.005,0.494
16500,0.521,0.000,0.479
17000,0.520,0.005,0.475
17500,0.512,0.008,0.480
18000,0.526,0.004,0.470
18500,0.526,0.010,0.464
19000,0.565,0.001,0.434
19500,0.533,0.000,0.467
20000,0.512,0.003,0.485
20500,0.526,0.009,0.465
21000,0.523,0.000,0.477
21500,0.536,0.000,0.464
22000,0.550,0.007,0.443
22500,0.567,0.003,0.430
23000,0.591,0.000,0.409
23500,0.617,0.000,0.383
24000,0.670,0.002,0.328
24500,0.649,0.000,0.351
25000,0.660,0.000,0.340
25500,0.654,0.004,0.342
26000,0.717,0.001,0.282
26500,0.703,0.000,0.297
27000,0.690,0.000,0.310
27500,0.646,0.001,0.353
28000,0.625,0.002,0.373
28500,0.613,0.001,0.386
29000,0.614,0.002,0.384
29500,0.614,0.000,0.386
30000,0.622,0.004,0.374
30500,0.618,0.001,0.381
31000,0.578,0.000,0.422
31500,0.635,0.007,0.358
32000,0.662,0.001,0.337
32500,0.583,0.004,0.413
33000,0.587,0.007,0.406
33500,0.599,0.005,0.396
34000,0.567,0.004,0.429
34500,0.597,0.005,0.398
35000,0.595,0.002,0.403
35500,0.589,0.002,0.409
36000,0.584,0.001,0.415
36500,0.605,0.007,0.388
37000,0.584,0.001,0.415
37500,0.598,0.000,0.402
38000,0.593,0.005,0.402
38500,0.552,0.000,0.448
39000,0.575,0.002,0.423
39500,0.585,0.001,0.414
40000,0.556,0.000,0.444
40500,0.600,0.000,0.400
41000,0.618,0.000,0.382
41500,0.650,0.000,0.350
42000,0.646,0.000,0.354
42500,0.645,0.004,0.351
43000,0.594,0.001,0.405
43500,0.543,0.008,0.449
44000,0.528,0.014,0.458
44500,0.492,0.012,0.496
45000,0.501,0.007,0.492
45500,0.538,0.012,0.450
46000,0.581,0.001,0.418
46500,0.603,0.000,0.397
47000,0.568,0.006,0.426
47500,0.584,0.006,0.410
48000,0.595,0.007,0.398
48500,0.626,0.001,0.373
49000,0.624,0.000,0.376
49500,0.611,0.001,0.388
50000,0.592,0.005,0.403
50500,0.623,0.001,0.376
51000,0.620,0.000,0.380
51500,0.638,0.000,0.362
52000,0.665,0.001,0.334
52500,0.646,0.000,0.354
53000,0.661,0.000,0.339
53500,0.678,0.000,0.322
54000,0.689,0.003,0.308
54500,0.716,0.001,0.283
55000,0.703,0.001,0.296
55500,0.696,0.000,0.304
56000,0.687,0.003,0.310
56500,0.665,0.003,0.332
57000,0.647,0.000,0.353
57500,0.657,0.000,0.343
58000,0.617,0.004,0.379
58500,0.593,0.001,0.406
59000,0.586,0.003,0.411
59500,0.592,0.005,0.403
60000,0.596,0.005,0.399
60500,0.626,0.000,0.374
61000,0.625,0.000,0.375
61500,0.610,0.000,0.390
62000,0.620,0.002,0.378
62500,0.682,0.001,0.317
63000,0.667,0.004,0.329
63500,0.677,0.001,0.322
64000,0.659,0.006,0.335
64500,0.618,0.001,0.381
65000,0.599,0.006,0.395
65500,0.597,0.004,0.399
66000,0.612,0.002,0.386
66500,0.559,0.000,0.441
67000,0.581,0.002,0.417
67500,0.579,0.002,0.419
68000,0.587,0.005,0.408
68500,0.582,0.002,0.416
69000,0.619,0.002,0.379
69500,0.655,0.001,0.344
70000,0.617,0.004,0.379
70500,0.646,0.002,0.352
71000,0.600,0.000,0.400
71500,0.588,0.004,0.408
72000,0.606,0.001,0.393
72500,0.573,0.001,0.426
73000,0.507,0.012,0.481
73500,0.535,0.008,0.457
74000,0.511,0.010,0.479
74500,0.502,0.005,0.493
75000,0.572,0.005,0.423
75500,0.567,0.002,0.431
76000,0.629,0.000,0.371
76500,0.631,0.000,0.369
77000,0.662,0.000,0.338
77500,0.612,0.005,0.383
78000,0.650,0.001,0.349
78500,0.637,0.003,0.360
79000,0.628,0.005,0.367
79500,0.660,0.003,0.337
80000,0.693,0.000,0.307
80500,0.636,0.000,0.364
81000,0.598,0.008,0.394
81500,0.598,0.006,0.396
82000,0.614,0.002,0.384
82500,0.603,0.004,0.393
83000,0.611,0.000,0.389
83500,0.611,0.002,0.387
84000,0.609,0.000,0.391
84500,0.604,0.005,0.391
85000,0.618,0.004,0.378
85500,0.572,0.006,0.422
86000,0.607,0.002,0.391
86500,0.667,0.000,0.333
87000,0.680,0.004,0.316
87500,0.679,0.001,0.320
88000,0.661,0.000,0.339
88500,0.686,0.000,0.314
89000,0.719,0.000,0.281
89500,0.642,0.000,0.358
90000,0.605,0.000,0.395
90500,0.631,0.000,0.369
91000,0.642,0.004,0.354
91500,0.620,0.005,0.375
92000,0.627,0.000,0.373
92500,0.639,0.000,0.361
93000,0.647,0.001,0.352
93500,0.652,0.000,0.348
94000,0.671,0.000,0.329
94500,0.678,0.002,0.320
95000,0.639,0.000,0.361
95500,0.615,0.002,0.383
96000,0.631,0.008,0.361
96500,0.576,0.005,0.419
97000,0.550,0.000,0.450
97500,0.586,0.000,0.414
98000,0.598,0.004,0.398
98500,0.555,0.005,0.440
99000,0.564,0.006,0.430
99500,0.477,0.002,0.521
100000,0.475,0.010,0.515
100500,0.452,0.020,0.528
101000,0.514,0.009,0.477
101500,0.523,0.005,0.472
102000,0.463,0.008,0.529
102500,0.425,0.007,0.568
103000,0.405,0.024,0.571
103500,0.430,0.014,0.556
104000,0.455,0.007,0.538
104500,0.548,0.000,0.452
105000,0.510,0.001,0.489
105500,0.556,0.006,0.438
106000,0.575,0.003,0.422
106500,0.563,0.001,0.436
107000,0.580,0.010,0.410
107500,0.596,0.003,0.401
108000,0.628,0.000,0.372
108500,0.618,0.000,0.382
109000,0.615,0.005,0.380
109500,0.622,0.000,0.378
110000,0.647,0.000,0.353
110500,0.620,0.000,0.380
111000,0.610,0.001,0.389
111500,0.611,0.002,0.387
112000,0.632,0.000,0.368
112500,0.644,0.000,0.356
113000,0.640,0.004,0.356
113500,0.620,0.004,0.376
114000,0.634,0.002,0.364
114500,0.597,0.000,0.403
115000,0.596,0.001,0.403
115500,0.583,0.000,0.417
116000,0.591,0.000,0.409
116500,0.558,0.002,0.440
117000,0.527,0.003,0.470
117500,0.560,0.005,0.435
118000,0.592,0.002,0.406
118500,0.608,0.000,0.392
119000,0.630,0.000,0.370
119500,0.649,0.000,0.351
120000,0.612,0.000,0.388
120500,0.599,0.000,0.401
121000,0.605,0.000,0.395
121500,0.619,0.002,0.379
122000,0.616,0.000,0.384
122500,0.565,0.000,0.435
123000,0.605,0.006,0.389
123500,0.626,0.005,0.369
124000,0.652,0.003,0.345
124500,0.674,0.000,0.326
125000,0.722,0.000,0.278
125500,0.714,0.000,0.286
126000,0.655,0.002,0.343
126500,0.640,0.000,0.360
127000,0.615,0.000,0.385
127500,0.618,0.005,0.377
128000,0.594,0.005,0.401
128500,0.521,0.007,0.472
129000,0.576,0.006,0.418
129500,0.638,0.002,0.360
130000,0.615,0.001,0.384
130500,0.618,0.000,0.382
131000,0.642,0.000,0.358
131500,0.642,0.004,0.354
132000,0.617,0.000,0.383
132500,0.612,0.002,0.386
133000,0.622,0.002,0.376
133500,0.663,0.001,0.336
134000,0.661,0.010,0.329
134500,0.638,0.000,0.362
135000,0.629,0.000,0.371
135500,0.679,0.000,0.321
136000,0.669,0.000,0.331
136500,0.608,0.002,0.390
137000,0.606,0.004,0.390
137500,0.624,0.000,0.376
138000,0.673,0.001,0.326
138500,0.740,0.000,0.260
139000,0.702,0.000,0.298
139500,0.693,0.000,0.307
140000,0.692,0.000,0.308
140500,0.713,0.000,0.287
141000,0.674,0.000,0.326
141500,0.662,0.000,0.338
142000,0.630,0.003,0.367
142500,0.632,0.001,0.367
143000,0.665,0.000,0.335
143500,0.672,0.000,0.328
144000,0.704,0.000,0.296
144500,0.733,0.000,0.267
145000,0.754,0.000,0.246
145500,0.719,0.000,0.281
146000,0.744,0.000,0.256
146500,0.750,0.000,0.250
147000,0.763,0.000,0.237
147500,0.757,0.000,0.243
148000,0.744,0.000,0.256
148500,0.676,0.000,0.324
149000,0.676,0.000,0.324
149500,0.685,0.000,0.315
150000,0.667,0.000,0.333
150500,0.637,0.000,0.363
151000,0.564,0.007,0.429
151500,0.549,0.004,0.447
152000,0.563,0.007,0.430
152500,0.590,0.000,0.410
153000,0.602,0.000,0.398
153500,0.514,0.003,0.483
154000,0.582,0.008,0.410
154500,0.595,0.002,0.403
155000,0.633,0.005,0.362
155500,0.583,0.001,0.416
156000,0.546,0.005,0.449
156500,0.597,0.001,0.402
157000,0.600,0.000,0.400
157500,0.601,0.003,0.396
158000,0.554,0.003,0.443
158500,0.569,0.001,0.430
159000,0.603,0.000,0.397
159500,0.640,0.000,0.360
160000,0.619,0.001,0.380
160500,0.620,0.000,0.380
161000,0.563,0.000,0.437
161500,0.542,0.009,0.449
162000,0.582,0.003,0.415
162500,0.593,0.004,0.403
163000,0.630,0.002,0.368
163500,0.658,0.001,0.341
164000,0.636,0.001,0.363
164500,0.646,0.010,0.344
165000,0.623,0.001,0.376
165500,0.638,0.000,0.362
166000,0.604,0.004,0.392
166500,0.612,0.001,0.387
167000,0.579,0.000,0.421
167500,0.599,0.009,0.392
168000,0.621,0.002,0.377
168500,0.612,0.001,0.387
169000,0.541,0.002,0.457
169500,0.542,0.003,0.455
170000,0.579,0.002,0.419
170500,0.536,0.001,0.463
171000,0.530,0.001,0.469
171500,0.577,0.002,0.421
172000,0.531,0.008,0.461
172500,0.584,0.003,0.413
173000,0.575,0.002,0.423
173500,0.578,0.005,0.417
174000,0.571,0.001,0.428
174500,0.566,0.000,0.434
175000,0.532,0.000,0.468
175500,0.521,0.005,0.474
176000,0.547,0.011,0.442
176500,0.523,0.005,0.472
177000,0.555,0.008,0.437
177500,0.545,0.007,0.448
178000,0.581,0.001,0.418
178500,0.604,0.000,0.396
179000,0.606,0.000,0.394
179500,0.546,0.000,0.454
180000,0.616,0.000,0.384
180500,0.641,0.000,0.359
181000,0.608,0.000,0.392
181500,0.644,0.000,0.356
182000,0.636,0.005,0.359
182500,0.585,0.001,0.414
183000,0.561,0.000,0.439
183500,0.546,0.007,0.447
184000,0.510,0.012,0.478
184500,0.496,0.003,0.501
185000,0.454,0.011,0.535
185500,0.481,0.003,0.516
186000,0.543,0.003,0.454
186500,0.546,0.000,0.454
187000,0.566,0.000,0.434
187500,0.590,0.004,0.406
188000,0.586,0.002,0.412
188500,0.567,0.002,0.431
189000,0.552,0.001,0.447
189500,0.554,0.000,0.446
190000,0.566,0.001,0.433
190500,0.567,0.004,0.429
191000,0.589,0.005,0.406
191500,0.604,0.006,0.390
192000,0.632,0.002,0.366
192500,0.674,0.000,0.326
193000,0.708,0.000,0.292
193500,0.690,0.000,0.310
194000,0.669,0.000,0.331
194500,0.612,0.003,0.385
195000,0.635,0.000,0.365
195500,0.657,0.000,0.343
196000,0.577,0.006,0.417
196500,0.539,0.002,0.459
197000,0.568,0.004,0.428
197500,0.564,0.001,0.435
198000,0.621,0.005,0.374
198500,0.619,0.005,0.376
199000,0.589,0.004,0.407
199500,0.571,0.007,0.422
200000,0.552,0.001,0.447
200500,0.589,0.006,0.405
201000,0.599,0.004,0.397
201500,0.599,0.000,0.401
202000,0.568,0.004,0.428
202500,0.515,0.006,0.479
203000,0.528,0.007,0.465
203500,0.523,0.020,0.457
204000,0.580,0.005,0.415
204500,0.608,0.001,0.391
205000,0.617,0.000,0.383
205500,0.593,0.000,0.407
206000,0.571,0.001,0.428
206500,0.534,0.005,0.461
207000,0.576,0.004,0.420
207500,0.553,0.000,0.447
208000,0.599,0.002,0.399
208500,0.622,0.003,0.375
209000,0.639,0.002,0.359
209500,0.643,0.000,0.357
210000,0.614,0.000,0.386
210500,0.636,0.000,0.364
211000,0.647,0.005,0.348
211500,0.599,0.005,0.396
212000,0.587,0.002,0.411
212500,0.604,0.007,0.389
213000,0.592,0.007,0.401
213500,0.531,0.005,0.464
214000,0.605,0.002,0.393
214500,0.531,0.008,0.461
215000,0.544,0.013,0.443
215500,0.507,0.006,0.487
216000,0.522,0.005,0.473
216500,0.495,0.010,0.495
217000,0.545,0.005,0.450
217500,0.586,0.003,0.411
218000,0.580,0.000,0.420
218500,0.575,0.000,0.425
219000,0.585,0.000,0.415
219500,0.539,0.000,0.461
220000,0.514,0.004,0.482
220500,0.492,0.004,0.504
221000,0.589,0.002,0.409
221500,0.572,0.006,0.422
222000,0.583,0.002,0.415
222500,0.600,0.003,0.397
223000,0.611,0.004,0.385
223500,0.618,0.000,0.382
224000,0.636,0.000,0.364
224500,0.631,0.000,0.369
225000,0.642,0.000,0.358
225500,0.643,0.000,0.357
226000,0.653,0.000,0.347
226500,0.662,0.000,0.338
227000,0.705,0.000,0.295
227500,0.660,0.000,0.340
228000,0.620,0.003,0.377
228500,0.651,0.000,0.349
229000,0.653,0.000,0.347
229500,0.645,0.003,0.352
230000,0.630,0.005,0.365
230500,0.641,0.007,0.352
231000,0.654,0.008,0.338
231500,0.628,0.004,0.368
232000,0.630,0.001,0.369
232500,0.652,0.000,0.348
233000,0.657,0.000,0.343
233500,0.639,0.000,0.361
234000,0.654,0.004,0.342
234500,0.614,0.001,0.385
235000,0.617,0.005,0.378
235500,0.623,0.002,0.375
236000,0.595,0.005,0.400
236500,0.626,0.000,0.374
237000,0.605,0.000,0.395
237500,0.628,0.000,0.372
238000,0.610,0.010,0.380
238500,0.641,0.003,0.356
239000,0.654,0.003,0.343
239500,0.689,0.000,0.311
240000,0.673,0.000,0.327
240500,0.661,0.000,0.339
241000,0.615,0.004,0.381
241500,0.677,0.002,0.321
242000,0.677,0.001,0.322
242500,0.726,0.000,0.274
243000,0.712,0.000,0.288
243500,0.636,0.000,0.364
244000,0.687,0.000,0.313
244500,0.672,0.000,0.328
245000,0.663,0.002,0.335
245500,0.693,0.000,0.307
246000,0.679,0.000,0.321
246500,0.626,0.002,0.372
247000,0.606,0.001,0.393
247500,0.580,0.006,0.414
248000,0.589,0.001,0.410
248500,0.611,0.001,0.388
249000,0.631,0.000,0.369
249500,0.618,0.000,0.382
250000,0.628,0.002,0.370
250500,0.574,0.003,0.423
251000,0.611,0.003,0.386
251500,0.625,0.007,0.368
252000,0.618,0.002,0.380
252500,0.652,0.002,0.346
253000,0.668,0.002,0.330
253500,0.627,0.001,0.372
254000,0.649,0.003,0.348
254500,0.624,0.000,0.376
255000,0.608,0.000,0.392
255500,0.635,0.000,0.365
256000,0.632,0.000,0.368
256500,0.642,0.000,0.358
257000,0.665,0.002,0.333
257500,0.697,0.000,0.303
258000,0.675,0.000,0.325
258500,0.716,0.000,0.284
259000,0.724,0.000,0.276
259500,0.734,0.000,0.266
260000,0.702,0.000,0.298
260500,0.657,0.000,0.343
261000,0.598,0.004,0.398
261500,0.589,0.001,0.410
262000,0.598,0.003,0.399
262500,0.594,0.007,0.399
263000,0.599,0.006,0.395
263500,0.565,0.001,0.434
264000,0.551,0.005,0.444
264500,0.562,0.006,0.432
265000,0.602,0.001,0.397
265500,0.621,0.004,0.375
266000,0.658,0.000,0.342
266500,0.651,0.001,0.348
267000,0.639,0.000,0.361
267500,0.671,0.002,0.327
268000,0.612,0.001,0.387
268500,0.545,0.009,0.446
269000,0.549,0.004,0.447
269500,0.571,0.001,0.428
270000,0.596,0.004,0.400
270500,0.619,0.002,0.379
271000,0.593,0.000,0.407
271500,0.536,0.003,0.461
272000,0.542,0.000,0.458
272500,0.560,0.001,0.439
273000,0.601,0.000,0.399
273500,0.611,0.000,0.389
274000,0.592,0.010,0.398
274500,0.614,0.002,0.384
275000,0.641,0.001,0.358
275500,0.613,0.002,0.385
276000,0.582,0.005,0.413
276500,0.526,0.000,0.474
277000,0.519,0.015,0.466
277500,0.501,0.008,0.491
278000,0.479,0.015,0.506
278500,0.542,0.010,0.448
279000,0.504,0.011,0.485
279500,0.517,0.002,0.481
280000,0.495,0.003,0.502
280500,0.503,0.007,0.490
281000,0.550,0.007,0.443
281500,0.542,0.006,0.452
282000,0.595,0.008,0.397
282500,0.599,0.004,0.397
283000,0.594,0.002,0.404
283500,0.563,0.002,0.435
284000,0.547,0.000,0.453
284500,0.598,0.002,0.400
285000,0.634,0.005,0.361
285500,0.674,0.002,0.324
286000,0.629,0.000,0.371
286500,0.625,0.000,0.375
287000,0.624,0.004,0.372
287500,0.710,0.001,0.289
288000,0.683,0.004,0.313
288500,0.691,0.002,0.307
289000,0.674,0.000,0.326
289500,0.685,0.000,0.315
290000,0.720,0.000,0.280
290500,0.672,0.000,0.328
291000,0.688,0.001,0.311
291500,0.683,0.003,0.314
292000,0.621,0.005,0.374
292500,0.629,0.005,0.366
293000,0.610,0.004,0.386
293500,0.584,0.005,0.411
294000,0.617,0.005,0.378
294500,0.641,0.001,0.358
295000,0.639,0.003,0.358
295500,0.668,0.000,0.332
296000,0.666,0.000,0.334
296500,0.614,0.000,0.386
297000,0.645,0.002,0.353
297500,0.657,0.000,0.343
298000,0.639,0.000,0.361
298500,0.652,0.000,0.348
299000,0.621,0.000,0.379
299500,0.637,0.000,0.363
300000,0.682,0.001,0.317
300500,0.718,0.000,0.282
301000,0.674,0.000,0.326
301500,0.696,0.002,0.302
302000,0.689,0.000,0.311
302500,0.647,0.000,0.353
303000,0.704,0.000,0.296
303500,0.715,0.000,0.285
304000,0.656,0.000,0.344
304500,0.608,0.003,0.389
305000,0.672,0.000,0.328
305500,0.635,0.002,0.363
306000,0.624,0.000,0.376
306500,0.651,0.001,0.348
307000,0.641,0.004,0.355
307500,0.639,0.001,0.360
308000,0.601,0.000,0.399
308500,0.574,0.000,0.426
309000,0.541,0.000,0.459
309500,0.545,0.007,0.448
310000,0.547,0.002,0.451
310500,0.585,0.003,0.412
311000,0.626,0.002,0.372
311500,0.616,0.001,0.383
312000,0.577,0.000,0.423
312500,0.601,0.004,0.395
313000,0.554,0.005,0.441
313500,0.601,0.001,0.398
314000,0.617,0.000,0.383
314500,0.543,0.000,0.457
315000,0.550,0.009,0.441
315500,0.561,0.003,0.436
316000,0.557,0.007,0.436
316500,0.578,0.001,0.421
317000,0.574,0.000,0.426
317500,0.621,0.000,0.379
318000,0.617,0.001,0.382
318500,0.620,0.006,0.374
319000,0.603,0.007,0.390
319500,0.596,0.000,0.404
320000,0.590,0.004,0.406
320500,0.603,0.005,0.392
321000,0.641,0.002,0.357
321500,0.570,0.006,0.424
322000,0.588,0.004,0.408
322500,0.604,0.007,0.389
323000,0.606,0.002,0.392
323500,0.612,0.000,0.388
324000,0.617,0.002,0.381
324500,0.602,0.007,0.391
325000,0.683,0.001,0.316
325500,0.663,0.000,0.337
326000,0.607,0.000,0.393
326500,0.618,0.000,0.382
327000,0.667,0.000,0.333
327500,0.734,0.000,0.266
328000,0.693,0.000,0.307
328500,0.657,0.000,0.343
329000,0.599,0.003,0.398
329500,0.627,0.000,0.373
330000,0.621,0.009,0.370
330500,0.565,0.003,0.432
331000,0.538,0.008,0.454
331500,0.514,0.006,0.480
332000,0.535,0.007,0.458
332500,0.529,0.005,0.466
333000,0.594,0.000,0.406
333500,0.595,0.004,0.401
334000,0.636,0.000,0.364
334500,0.566,0.006,0.428
335000,0.567,0.005,0.428
335500,0.589,0.008,0.403
336000,0.548,0.004,0.448
336500,0.584,0.001,0.415
337000,0.610,0.000,0.390
337500,0.610,0.005,0.385
338000,0.547,0.013,0.440
338500,0.510,0.007,0.483
339000,0.527,0.008,0.465
339500,0.556,0.003,0.441
340000,0.550,0.002,0.448
340500,0.628,0.001,0.371
341000,0.646,0.000,0.354
341500,0.652,0.000,0.348
342000,0.689,0.000,0.311
342500,0.737,0.000,0.263
343000,0.695,0.000,0.305
343500,0.628,0.000,0.372
344000,0.628,0.000,0.372
344500,0.649,0.000,0.351
345000,0.653,0.005,0.342
345500,0.639,0.002,0.359
346000,0.592,0.000,0.408
346500,0.592,0.000,0.408
347000,0.623,0.000,0.377
347500,0.632,0.000,0.368
348000,0.610,0.000,0.390
348500,0.634,0.000,0.366
349000,0.692,0.000,0.308
349500,0.680,0.000,0.320
350000,0.693,0.000,0.307
350500,0.635,0.000,0.365
351000,0.637,0.005,0.358
351500,0.648,0.001,0.351
352000,0.700,0.000,0.300
352500,0.703,0.000,0.297
353000,0.727,0.000,0.273
353500,0.669,0.004,0.327
354000,0.619,0.000,0.381
354500,0.635,0.000,0.365
355000,0.596,0.000,0.404
355500,0.617,0.001,0.382
356000,0.602,0.003,0.395
356500,0.596,0.001,0.403
357000,0.596,0.000,0.404
357500,0.595,0.004,0.401
358000,0.623,0.010,0.367
358500,0.614,0.006,0.380
359000,0.596,0.001,0.403
359500,0.581,0.000,0.419
360000,0.610,0.008,0.382
360500,0.631,0.003,0.366
361000,0.647,0.001,0.352
361500,0.675,0.000,0.325
362000,0.613,0.004,0.383
362500,0.616,0.005,0.379
363000,0.590,0.004,0.406
363500,0.626,0.002,0.372
364000,0.643,0.000,0.357
364500,0.616,0.000,0.384
365000,0.644,0.000,0.356
365500,0.631,0.000,0.369
366000,0.580,0.000,0.420
366500,0.588,0.007,0.405
367000,0.588,0.001,0.411
367500,0.607,0.001,0.392
368000,0.582,0.000,0.418
368500,0.639,0.000,0.361
369000,0.636,0.000,0.364
369500,0.614,0.000,0.386
370000,0.674,0.000,0.326
370500,0.645,0.000,0.355
371000,0.619,0.002,0.379
371500,0.641,0.001,0.358
372000,0.606,0.000,0.394
372500,0.614,0.003,0.383
373000,0.631,0.001,0.368
373500,0.677,0.000,0.323
374000,0.653,0.000,0.347
374500,0.686,0.000,0.314
375000,0.707,0.000,0.293
375500,0.654,0.004,0.342
376000,0.672,0.001,0.327
376500,0.661,0.001,0.338
377000,0.681,0.000,0.319
377500,0.677,0.000,0.323
378000,0.626,0.003,0.371
378500,0.547,0.001,0.452
379000,0.559,0.006,0.435
379500,0.588,0.006,0.406
380000,0.596,0.010,0.394
380500,0.611,0.007,0.382
381000,0.611,0.006,0.383
381500,0.571,0.010,0.419
382000,0.615,0.003,0.382
382500,0.562,0.013,0.425
383000,0.557,0.003,0.440
383500,0.605,0.005,0.390
384000,0.580,0.005,0.415
384500,0.582,0.005,0.413
385000,0.580,0.001,0.419
385500,0.586,0.000,0.414
386000,0.676,0.005,0.319
386500,0.663,0.004,0.333
387000,0.687,0.000,0.313
387500,0.668,0.000,0.332
388000,0.673,0.000,0.327
388500,0.627,0.000,0.373
389000,0.629,0.000,0.371
389500,0.634,0.000,0.366
390000,0.645,0.000,0.355
390500,0.681,0.000,0.319
391000,0.654,0.003,0.343
391500,0.617,0.000,0.383
392000,0.618,0.000,0.382
392500,0.651,0.001,0.348
393000,0.587,0.004,0.409
393500,0.570,0.009,0.421
394000,0.596,0.000,0.404
394500,0.623,0.002,0.375
395000,0.659,0.004,0.337
395500,0.703,0.001,0.296
396000,0.693,0.001,0.306
396500,0.700,0.000,0.300
397000,0.668,0.000,0.332
397500,0.609,0.000,0.391
398000,0.617,0.000,0.383
398500,0.601,0.000,0.399
399000,0.632,0.000,0.368
399500,0.602,0.000,0.398
400000,0.642,0.001,0.357
400500,0.655,0.000,0.345
401000,0.661,0.000,0.339
401500,0.643,0.000,0.357
402000,0.652,0.000,0.348
402500,0.651,0.000,0.349
403000,0.698,0.000,0.302
403500,0.666,0.000,0.334
404000,0.628,0.002,0.370
404500,0.547,0.008,0.445
405000,0.531,0.013,0.456
405500,0.507,0.012,0.481
406000,0.549,0.007,0.444
406500,0.584,0.001,0.415
407000,0.575,0.000,0.425
407500,0.588,0.005,0.407
408000,0.592,0.001,0.407
408500,0.597,0.006,0.397
409000,0.628,0.002,0.370
409500,0.637,0.001,0.362
410000,0.634,0.000,0.366
410500,0.648,0.001,0.351
411000,0.612,0.001,0.387
411500,0.593,0.000,0.407
412000,0.590,0.002,0.408
412500,0.588,0.001,0.411
413000,0.608,0.001,0.391
413500,0.605,0.007,0.388
414000,0.602,0.003,0.395
414500,0.620,0.006,0.374
415000,0.597,0.000,0.403
415500,0.601,0.002,0.397
416000,0.583,0.003,0.414
416500,0.658,0.001,0.341
417000,0.622,0.001,0.377
417500,0.641,0.000,0.359
418000,0.653,0.000,0.347
418500,0.669,0.000,0.331
419000,0.638,0.000,0.362
419500,0.661,0.000,0.339
420000,0.608,0.000,0.392
420500,0.599,0.000,0.401
421000,0.589,0.000,0.411
421500,0.608,0.000,0.392
422000,0.578,0.002,0.420
422500,0.589,0.000,0.411
423000,0.585,0.003,0.412
423500,0.607,0.001,0.392
424000,0.588,0.006,0.406
424500,0.592,0.000,0.408
425000,0.565,0.003,0.432
425500,0.577,0.001,0.422
426000,0.597,0.003,0.400
426500,0.575,0.006,0.419
427000,0.545,0.003,0.452
427500,0.577,0.004,0.419
428000,0.578,0.001,0.421
428500,0.576,0.006,0.418
429000,0.612,0.000,0.388
429500,0.642,0.000,0.358
430000,0.678,0.000,0.322
430500,0.673,0.005,0.322
431000,0.639,0.000,0.361
431500,0.589,0.000,0.411
432000,0.596,0.000,0.404
432500,0.608,0.000,0.392
433000,0.624,0.009,0.367
433500,0.579,0.005,0.416
434000,0.550,0.004,0.446
434500,0.500,0.004,0.496
435000,0.461,0.003,0.536
435500,0.536,0.005,0.459
436000,0.578,0.007,0.415
436500,0.578,0.000,0.422
437000,0.552,0.000,0.448
437500,0.557,0.007,0.436
438000,0.551,0.009,0.440
438500,0.615,0.004,0.381
439000,0.647,0.002,0.351
439500,0.603,0.000,0.397
440000,0.641,0.000,0.359
440500,0.624,0.000,0.376
441000,0.631,0.003,0.366
441500,0.628,0.001,0.371
442000,0.695,0.001,0.304
442500,0.709,0.000,0.291
443000,0.715,0.000,0.285
443500,0.746,0.000,0.254
444000,0.771,0.000,0.229
444500,0.808,0.000,0.192
445000,0.782,0.000,0.218
445500,0.794,0.000,0.206
446000,0.768,0.000,0.232
446500,0.760,0.000,0.240
447000,0.704,0.000,0.296
447500,0.724,0.004,0.272
448000,0.670,0.000,0.330
448500,0.645,0.004,0.351
449000,0.662,0.001,0.337
449500,0.683,0.000,0.317
450000,0.644,0.000,0.356
450500,0.587,0.009,0.404
451000,0.599,0.001,0.400
451500,0.633,0.000,0.367
452000,0.637,0.000,0.363
452500,0.648,0.005,0.347
453000,0.654,0.001,0.345
453500,0.644,0.000,0.356
454000,0.641,0.000,0.359
454500,0.631,0.000,0.369
455000,0.641,0.003,0.356
455500,0.609,0.001,0.390
456000,0.572,0.005,0.423
456500,0.549,0.002,0.449
457000,0.597,0.001,0.402
457500,0.606,0.000,0.394
458000,0.586,0.003,0.411
458500,0.600,0.001,0.399
459000,0.575,0.000,0.425
459500,0.593,0.002,0.405
460000,0.605,0.001,0.394
460500,0.648,0.003,0.349
461000,0.679,0.000,0.321
461500,0.622,0.000,0.378
462000,0.604,0.000,0.396
462500,0.580,0.005,0.415
463000,0.564,0.006,0.430
463500,0.576,0.002,0.422
464000,0.577,0.001,0.422
464500,0.583,0.001,0.416
465000,0.610,0.003,0.387
465500,0.552,0.010,0.438
466000,0.537,0.005,0.458
466500,0.526,0.006,0.468
467000,0.560,0.011,0.429
467500,0.527,0.003,0.470
468000,0.589,0.003,0.408
468500,0.536,0.010,0.454
469000,0.512,0.007,0.481
469500,0.546,0.006,0.448
470000,0.565,0.001,0.434
470500,0.596,0.000,0.404
471000,0.614,0.000,0.386
471500,0.557,0.000,0.443
472000,0.546,0.004,0.450
472500,0.572,0.000,0.428
473000,0.569,0.004,0.427
473500,0.570,0.002,0.428
474000,0.572,0.001,0.427
474500,0.540,0.008,0.452
475000,0.567,0.003,0.430
475500,0.599,0.000,0.401
476000,0.627,0.010,0.363
476500,0.638,0.003,0.359
477000,0.603,0.004,0.393
477500,0.530,0.009,0.461
478000,0.539,0.008,0.453
478500,0.542,0.002,0.456
479000,0.573,0.006,0.421
479500,0.566,0.006,0.428
480000,0.569,0.000,0.431
480500,0.638,0.002,0.360
481000,0.636,0.000,0.364
481500,0.632,0.005,0.363
482000,0.597,0.005,0.398
482500,0.581,0.003,0.416
483000,0.528,0.001,0.471
483500,0.551,0.000,0.449
484000,0.559,0.009,0.432
484500,0.576,0.002,0.422
485000,0.587,0.000,0.413
485500,0.601,0.001,0.398
486000,0.596,0.001,0.403
486500,0.605,0.003,0.392
487000,0.613,0.005,0.382
487500,0.577,0.003,0.420
488000,0.547,0.004,0.449
488500,0.586,0.003,0.411
489000,0.561,0.006,0.433
489500,0.559,0.005,0.436
490000,0.555,0.002,0.443
490500,0.569,0.002,0.429
491000,0.568,0.003,0.429
491500,0.581,0.002,0.417
492000,0.563,0.001,0.436
492500,0.570,0.008,0.422
493000,0.580,0.003,0.417
493500,0.588,0.000,0.412
494000,0.546,0.004,0.450
494500,0.552,0.013,0.435
495000,0.543,0.007,0.450
495500,0.560,0.014,0.426
496000,0.554,0.003,0.443
496500,0.592,0.006,0.402
497000,0.664,0.001,0.335
497500,0.656,0.000,0.344
498000,0.593,0.000,0.407
498500,0.609,0.000,0.391
499000,0.660,0.000,0.340
499500,0.634,0.000,0.366
500000,0.616,0.000,0.384
500500,0.581,0.006,0.413
501000,0.578,0.005,0.417
501500,0.596,0.003,0.401
502000,0.526,0.006,0.468
502500,0.580,0.002,0.418
503000,0.627,0.001,0.372
503500,0.617,0.004,0.379
504000,0.663,0.001,0.336
504500,0.713,0.000,0.287
505000,0.732,0.000,0.268
505500,0.704,0.000,0.296
506000,0.708,0.000,0.292
506500,0.667,0.001,0.332
507000,0.681,0.001,0.318
507500,0.680,0.000,0.320
508000,0.695,0.000,0.305
508500,0.722,0.000,0.278
509000,0.679,0.000,0.321
509500,0.638,0.000,0.362
510000,0.662,0.004,0.334
510500,0.634,0.002,0.364
511000,0.658,0.000,0.342
511500,0.670,0.000,0.330
512000,0.694,0.000,0.306
512500,0.701,0.000,0.299
513000,0.719,0.000,0.281
513500,0.732,0.000,0.268
514000,0.696,0.000,0.304
514500,0.666,0.000,0.334
515000,0.643,0.000,0.357
515500,0.656,0.008,0.336
516000,0.625,0.006,0.369
516500,0.622,0.004,0.374
517000,0.626,0.006,0.368
517500,0.651,0.001,0.348
518000,0.642,0.001,0.357
518500,0.606,0.001,0.393
519000,0.612,0.000,0.388
519500,0.589,0.003,0.408
520000,0.548,0.000,0.452
520500,0.599,0.000,0.401
521000,0.662,0.005,0.333
521500,0.605,0.000,0.395
522000,0.570,0.000,0.430
522500,0.559,0.000,0.441
523000,0.576,0.014,0.410
523500,0.567,0.004,0.429
524000,0.577,0.001,0.422
524500,0.578,0.000,0.422
525000,0.551,0.007,0.442
525500,0.604,0.003,0.393
526000,0.651,0.001,0.348
526500,0.710,0.000,0.290
527000,0.693,0.000,0.307
527500,0.683,0.000,0.317
528000,0.672,0.000,0.328
528500,0.693,0.000,0.307
529000,0.634,0.000,0.366
529500,0.608,0.001,0.391
530000,0.540,0.002,0.458
530500,0.584,0.001,0.415
531000,0.574,0.007,0.419
531500,0.554,0.001,0.445
532000,0.562,0.004,0.434
532500,0.547,0.003,0.450
533000,0.544,0.005,0.451
533500,0.573,0.002,0.425
534000,0.604,0.000,0.396
534500,0.633,0.000,0.367
535000,0.625,0.000,0.375
535500,0.604,0.000,0.396
536000,0.677,0.002,0.321
536500,0.614,0.000,0.386
537000,0.613,0.000,0.387
537500,0.653,0.000,0.347
538000,0.625,0.002,0.373
538500,0.656,0.008,0.336
539000,0.633,0.004,0.363
539500,0.599,0.002,0.399
540000,0.560,0.003,0.437
540500,0.625,0.000,0.375
541000,0.636,0.000,0.364
541500,0.659,0.004,0.337
542000,0.707,0.000,0.293
542500,0.691,0.000,0.309
543000,0.631,0.000,0.369
543500,0.576,0.004,0.420
544000,0.563,0.004,0.433
544500,0.553,0.007,0.440
545000,0.568,0.011,0.421
545500,0.532,0.005,0.463
546000,0.588,0.006,0.406
546500,0.595,0.003,0.402
547000,0.591,0.000,0.409
547500,0.615,0.000,0.385
548000,0.581,0.001,0.418
548500,0.649,0.000,0.351
549000,0.609,0.000,0.391
549500,0.643,0.000,0.357
550000,0.622,0.003,0.375
550500,0.611,0.000,0.389
551000,0.618,0.000,0.382
551500,0.628,0.000,0.372
552000,0.625,0.000,0.375
552500,0.628,0.006,0.366
553000,0.647,0.004,0.349
553500,0.622,0.005,0.373
554000,0.639,0.000,0.361
554500,0.664,0.000,0.336
555000,0.646,0.001,0.353
555500,0.644,0.000,0.356
556000,0.662,0.003,0.335
556500,0.652,0.000,0.348
557000,0.654,0.003,0.343
557500,0.633,0.003,0.364
558000,0.629,0.002,0.369
558500,0.619,0.004,0.377
559000,0.624,0.001,0.375
559500,0.606,0.000,0.394
560000,0.550,0.007,0.443
560500,0.511,0.005,0.484
561000,0.583,0.000,0.417
561500,0.599,0.003,0.398
562000,0.537,0.003,0.460
562500,0.552,0.006,0.442
563000,0.612,0.006,0.382
563500,0.623,0.001,0.376
564000,0.627,0.005,0.368
564500,0.588,0.010,0.402
565000,0.589,0.010,0.401
565500,0.592,0.002,0.406
566000,0.583,0.005,0.412
566500,0.573,0.005,0.422
567000,0.493,0.007,0.500
567500,0.522,0.008,0.470
568000,0.507,0.011,0.482
568500,0.536,0.008,0.456
569000,0.496,0.005,0.499
569500,0.520,0.004,0.476
570000,0.533,0.007,0.460
570500,0.533,0.003,0.464
571000,0.512,0.015,0.473
571500,0.518,0.005,0.477
572000,0.574,0.000,0.426
572500,0.553,0.004,0.443
573000,0.598,0.003,0.399
573500,0.623,0.000,0.377
574000,0.609,0.001,0.390
574500,0.629,0.003,0.368
575000,0.577,0.001,0.422
575500,0.622,0.004,0.374
576000,0.594,0.013,0.393
576500,0.631,0.002,0.367
577000,0.592,0.000,0.408
577500,0.613,0.005,0.382
578000,0.665,0.002,0.333
578500,0.634,0.001,0.365
579000,0.592,0.004,0.404
579500,0.602,0.003,0.395
580000,0.590,0.000,0.410
580500,0.592,0.001,0.407
581000,0.561,0.000,0.439
581500,0.554,0.000,0.446
582000,0.567,0.000,0.433
582500,0.580,0.000,0.420
583000,0.592,0.005,0.403
583500,0.606,0.004,0.390
584000,0.603,0.005,0.392
584500,0.626,0.000,0.374
585000,0.670,0.002,0.328
585500,0.659,0.001,0.340
586000,0.678,0.003,0.319
586500,0.666,0.006,0.328
587000,0.710,0.000,0.290
587500,0.730,0.000,0.270
588000,0.760,0.000,0.240
588500,0.737,0.000,0.263
589000,0.693,0.000,0.307
589500,0.659,0.000,0.341
590000,0.626,0.000,0.374
590500,0.646,0.001,0.353
591000,0.684,0.000,0.316
591500,0.638,0.005,0.357
592000,0.613,0.001,0.386
592500,0.604,0.000,0.396
593000,0.584,0.000,0.416
593500,0.599,0.000,0.401
594000,0.584,0.004,0.412
594500,0.623,0.002,0.375
595000,0.589,0.001,0.410
595500,0.621,0.008,0.371
596000,0.638,0.003,0.359
596500,0.660,0.000,0.340
597000,0.690,0.000,0.310
597500,0.707,0.000,0.293
598000,0.694,0.000,0.306
598500,0.697,0.000,0.303
599000,0.681,0.000,0.319
599500,0.669,0.000,0.331
600000,0.672,0.000,0.328
600500,0.623,0.000,0.377
601000,0.562,0.006,0.432
601500,0.523,0.010,0.467
602000,0.572,0.004,0.424
602500,0.582,0.010,0.408
603000,0.590,0.002,0.408
603500,0.628,0.000,0.372
604000,0.609,0.003,0.388
604500,0.619,0.004,0.377
605000,0.657,0.000,0.343
605500,0.696,0.000,0.304
606000,0.670,0.000,0.330
606500,0.666,0.000,0.334
607000,0.672,0.000,0.328
607500,0.696,0.000,0.304
608000,0.717,0.004,0.279
608500,0.675,0.008,0.317
609000,0.673,0.001,0.326
609500,0.678,0.000,0.322
610000,0.647,0.002,0.351
610500,0.662,0.000,0.338
611000,0.649,0.000,0.351
611500,0.670,0.000,0.330
612000,0.627,0.002,0.371
612500,0.590,0.001,0.409
613000,0.579,0.005,0.416
613500,0.616,0.002,0.382
614000,0.596,0.001,0.403
614500,0.578,0.001,0.421
615000,0.545,0.006,0.449
615500,0.577,0.004,0.419
616000,0.602,0.007,0.391
616500,0.569,0.003,0.428
617000,0.596,0.009,0.395
617500,0.553,0.007,0.440
618000,0.594,0.001,0.405
618500,0.578,0.001,0.421
619000,0.613,0.003,0.384
619500,0.601,0.005,0.394
620000,0.597,0.005,0.398
620500,0.591,0.010,0.399
621000,0.593,0.001,0.406
621500,0.609,0.000,0.391
622000,0.662,0.000,0.338
622500,0.652,0.000,0.348
623000,0.691,0.000,0.309
623500,0.668,0.000,0.332
624000,0.635,0.000,0.365
624500,0.680,0.000,0.320
625000,0.690,0.005,0.305
625500,0.693,0.000,0.307
626000,0.710,0.000,0.290
626500,0.674,0.000,0.326
627000,0.647,0.000,0.353
627500,0.626,0.000,0.374
628000,0.685,0.000,0.315
628500,0.660,0.000,0.340
629000,0.648,0.000,0.352
629500,0.686,0.000,0.314
630000,0.706,0.000,0.294
630500,0.698,0.000,0.302
631000,0.659,0.000,0.341
631500,0.643,0.000,0.357
632000,0.692,0.000,0.308
632500,0.688,0.000,0.312
633000,0.665,0.002,0.333
633500,0.697,0.000,0.303
634000,0.674,0.000,0.326
634500,0.664,0.002,0.334
635000,0.660,0.004,0.336
635500,0.625,0.004,0.371
636000,0.596,0.000,0.404
636500,0.580,0.000,0.420
637000,0.552,0.001,0.447
637500,0.599,0.003,0.398
638000,0.561,0.006,0.433
638500,0.523,0.013,0.464
639000,0.516,0.004,0.480
639500,0.547,0.005,0.448
640000,0.580,0.004,0.416
640500,0.607,0.005,0.388
641000,0.636,0.004,0.360
641500,0.651,0.001,0.348
642000,0.641,0.002,0.357
642500,0.632,0.000,0.368
643000,0.647,0.000,0.353
643500,0.656,0.000,0.344
644000,0.621,0.007,0.372
644500,0.599,0.018,0.383
645000,0.587,0.008,0.405
645500,0.613,0.003,0.384
646000,0.665,0.000,0.335
646500,0.671,0.001,0.328
647000,0.664,0.000,0.336
647500,0.621,0.000,0.379
648000,0.609,0.000,0.391
648500,0.644,0.002,0.354
649000,0.566,0.001,0.433
649500,0.602,0.000,0.398
650000,0.625,0.007,0.368
650500,0.606,0.004,0.390
651000,0.574,0.000,0.426
651500,0.535,0.000,0.465
652000,0.541,0.006,0.453
652500,0.563,0.004,0.433
653000,0.575,0.008,0.417
653500,0.575,0.006,0.419
654000,0.583,0.003,0.414
654500,0.628,0.005,0.367
655000,0.619,0.007,0.374
655500,0.615,0.000,0.385
656000,0.624,0.001,0.375
656500,0.560,0.000,0.440
657000,0.576,0.000,0.424
657500,0.609,0.003,0.388
658000,0.630,0.002,0.368
658500,0.626,0.005,0.369
659000,0.654,0.003,0.343
659500,0.641,0.005,0.354
660000,0.606,0.000,0.394
660500,0.631,0.004,0.365
661000,0.606,0.006,0.388
661500,0.616,0.001,0.383
662000,0.584,0.004,0.412
662500,0.620,0.002,0.378
663000,0.593,0.001,0.406
663500,0.594,0.002,0.404
664000,0.553,0.005,0.442
664500,0.559,0.001,0.440
665000,0.583,0.003,0.414
665500,0.584,0.000,0.416
666000,0.617,0.000,0.383
666500,0.648,0.008,0.344
667000,0.668,0.002,0.330
667500,0.619,0.004,0.377
668000,0.652,0.000,0.348
668500,0.708,0.000,0.292
669000,0.730,0.000,0.270
669500,0.670,0.000,0.330
670000,0.684,0.000,0.316
670500,0.687,0.000,0.313
671000,0.661,0.004,0.335
671500,0.680,0.000,0.320
672000,0.673,0.000,0.327
672500,0.624,0.000,0.376
673000,0.642,0.000,0.358
673500,0.677,0.000,0.323
674000,0.647,0.000,0.353
674500,0.622,0.002,0.376
675000,0.639,0.000,0.361
675500,0.585,0.000,0.415
676000,0.643,0.000,0.357
676500,0.562,0.000,0.438
677000,0.631,0.000,0.369
677500,0.616,0.001,0.383
678000,0.595,0.000,0.405
678500,0.631,0.000,0.369
679000,0.642,0.000,0.358
679500,0.615,0.008,0.377
680000,0.607,0.002,0.391
680500,0.611,0.000,0.389
681000,0.589,0.000,0.411
681500,0.671,0.000,0.329
682000,0.688,0.000,0.312
682500,0.725,0.000,0.275
683000,0.649,0.000,0.351
683500,0.669,0.001,0.330
684000,0.668,0.000,0.332
684500,0.699,0.000,0.301
685000,0.609,0.003,0.388
685500,0.595,0.003,0.402
686000,0.584,0.000,0.416
686500,0.547,0.000,0.453
687000,0.589,0.003,0.408
687500,0.613,0.002,0.385
688000,0.580,0.000,0.420
688500,0.572,0.006,0.422
689000,0.599,0.000,0.401
689500,0.672,0.000,0.328
690000,0.682,0.000,0.318
690500,0.614,0.000,0.386
691000,0.529,0.017,0.454
691500,0.544,0.019,0.437
692000,0.560,0.007,0.433
692500,0.571,0.001,0.428
693000,0.566,0.003,0.431
693500,0.559,0.002,0.439
694000,0.552,0.001,0.447
694500,0.570,0.000,0.430
695000,0.627,0.003,0.370
695500,0.570,0.000,0.430
696000,0.621,0.000,0.379
696500,0.657,0.001,0.342
697000,0.628,0.000,0.372
697500,0.593,0.001,0.406
698000,0.562,0.005,0.433
698500,0.554,0.000,0.446
699000,0.594,0.006,0.400
699500,0.609,0.001,0.390
700000,0.615,0.003,0.382
700500,0.573,0.002,0.425
701000,0.612,0.005,0.383
701500,0.617,0.004,0.379
702000,0.632,0.000,0.368
702500,0.648,0.000,0.352
703000,0.688,0.000,0.312
703500,0.704,0.000,0.296
704000,0.718,0.000,0.282
704500,0.654,0.000,0.346
705000,0.634,0.004,0.362
705500,0.604,0.001,0.395
706000,0.606,0.003,0.391
706500,0.595,0.000,0.405
707000,0.578,0.002,0.420
707500,0.576,0.004,0.420
708000,0.580,0.003,0.417
708500,0.543,0.001,0.456
709000,0.536,0.010,0.454
709500,0.528,0.010,0.462
710000,0.502,0.012,0.486
710500,0.482,0.004,0.514
711000,0.504,0.011,0.485
711500,0.550,0.006,0.444
712000,0.546,0.010,0.444
712500,0.552,0.011,0.437
713000,0.560,0.012,0.428
713500,0.592,0.003,0.405
714000,0.582,0.000,0.418
714500,0.566,0.001,0.433
715000,0.544,0.004,0.452
715500,0.584,0.005,0.411
716000,0.588,0.003,0.409
716500,0.543,0.000,0.457
717000,0.530,0.004,0.466
717500,0.496,0.006,0.498
718000,0.547,0.001,0.452
718500,0.566,0.006,0.428
719000,0.582,0.008,0.410
719500,0.609,0.002,0.389
720000,0.627,0.001,0.372
720500,0.680,0.000,0.320
721000,0.663,0.000,0.337
721500,0.629,0.000,0.371
722000,0.622,0.000,0.378
722500,0.625,0.000,0.375
723000,0.632,0.002,0.366
723500,0.606,0.000,0.394
724000,0.598,0.000,0.402
724500,0.606,0.000,0.394
725000,0.624,0.000,0.376
725500,0.614,0.001,0.385
726000,0.559,0.000,0.441
726500,0.563,0.005,0.432
727000,0.623,0.003,0.374
727500,0.621,0.000,0.379
728000,0.620,0.007,0.373
728500,0.593,0.003,0.404
729000,0.613,0.006,0.381
729500,0.629,0.006,0.365
730000,0.652,0.001,0.347
730500,0.647,0.004,0.349
731000,0.669,0.000,0.331
731500,0.664,0.000,0.336
732000,0.620,0.001,0.379
732500,0.644,0.000,0.356
733000,0.670,0.000,0.330
733500,0.618,0.003,0.379
734000,0.622,0.002,0.376
734500,0.659,0.000,0.341
735000,0.668,0.000,0.332
735500,0.652,0.000,0.348
736000,0.639,0.000,0.361
736500,0.620,0.000,0.380
737000,0.596,0.002,0.402
737500,0.622,0.002,0.376
738000,0.700,0.001,0.299
738500,0.655,0.000,0.345
739000,0.631,0.000,0.369
739500,0.621,0.003,0.376
740000,0.614,0.001,0.385
740500,0.629,0.002,0.369
741000,0.637,0.001,0.362
741500,0.614,0.001,0.385
742000,0.621,0.005,0.374
742500,0.620,0.004,0.376
743000,0.596,0.002,0.402
743500,0.625,0.002,0.373
744000,0.588,0.003,0.409
744500,0.554,0.010,0.436
745000,0.528,0.002,0.470
745500,0.563,0.000,0.437
746000,0.550,0.011,0.439
746500,0.579,0.003,0.418
747000,0.552,0.003,0.445
747500,0.539,0.000,0.461
748000,0.582,0.000,0.418
748500,0.556,0.004,0.440
749000,0.555,0.003,0.442
749500,0.491,0.007,0.502
750000,0.548,0.003,0.449
750500,0.531,0.006,0.463
751000,0.540,0.009,0.451
751500,0.517,0.017,0.466
752000,0.502,0.013,0.485
752500,0.502,0.003,0.495
753000,0.563,0.000,0.437
753500,0.588,0.003,0.409
754000,0.619,0.000,0.381
754500,0.662,0.000,0.338
755000,0.649,0.000,0.351
755500,0.632,0.000,0.368
756000,0.648,0.000,0.352
756500,0.704,0.000,0.296
757000,0.662,0.000,0.338
757500,0.663,0.000,0.337
758000,0.652,0.004,0.344
758500,0.664,0.003,0.333
759000,0.718,0.000,0.282
759500,0.744,0.000,0.256
760000,0.763,0.000,0.237
760500,0.731,0.001,0.268
761000,0.730,0.000,0.270
761500,0.700,0.000,0.300
762000,0.698,0.000,0.302
762500,0.655,0.000,0.345
763000,0.651,0.000,0.349
763500,0.653,0.000,0.347
764000,0.659,0.000,0.341
764500,0.669,0.003,0.328
765000,0.669,0.000,0.331
765500,0.680,0.008,0.312
766000,0.640,0.001,0.359
766500,0.713,0.000,0.287
767000,0.758,0.000,0.242
767500,0.734,0.000,0.266
768000,0.725,0.000,0.275
768500,0.731,0.000,0.269
769000,0.692,0.000,0.308
769500,0.702,0.000,0.298
770000,0.654,0.000,0.346
770500,0.666,0.000,0.334
771000,0.688,0.000,0.312
771500,0.688,0.000,0.312
772000,0.670,0.000,0.330
772500,0.716,0.000,0.284
773000,0.723,0.000,0.277
773500,0.655,0.000,0.345
774000,0.617,0.000,0.383
774500,0.662,0.008,0.330
775000,0.663,0.000,0.337
775500,0.572,0.010,0.418
776000,0.578,0.000,0.422
776500,0.621,0.007,0.372
777000,0.606,0.001,0.393
777500,0.672,0.000,0.328
778000,0.645,0.004,0.351
778500,0.669,0.001,0.330
779000,0.702,0.000,0.298
779500,0.713,0.000,0.287
780000,0.661,0.000,0.339
780500,0.644,0.000,0.356
781000,0.599,0.001,0.400
781500,0.513,0.000,0.487
782000,0.508,0.004,0.488
782500,0.557,0.001,0.442
783000,0.570,0.000,0.430
783500,0.614,0.000,0.386
784000,0.632,0.000,0.368
784500,0.621,0.005,0.374
785000,0.575,0.001,0.424
785500,0.591,0.005,0.404
786000,0.584,0.002,0.414
786500,0.574,0.007,0.419
787000,0.568,0.002,0.430
787500,0.613,0.000,0.387
788000,0.586,0.006,0.408
788500,0.583,0.008,0.409
789000,0.586,0.003,0.411
789500,0.574,0.000,0.426
790000,0.589,0.005,0.406
790500,0.640,0.002,0.358
791000,0.642,0.001,0.357
791500,0.611,0.004,0.385
792000,0.602,0.002,0.396
792500,0.575,0.000,0.425
793000,0.592,0.000,0.408
793500,0.592,0.000,0.408
794000,0.581,0.002,0.417
794500,0.551,0.004,0.445
795000,0.620,0.005,0.375
795500,0.611,0.004,0.385
796000,0.638,0.004,0.358
796500,0.650,0.001,0.349
797000,0.621,0.000,0.379
797500,0.633,0.003,0.364
798000,0.609,0.003,0.388
798500,0.669,0.000,0.331
799000,0.628,0.000,0.372
799500,0.662,0.000,0.338
800000,0.651,0.000,0.349
800500,0.703,0.000,0.297
801000,0.692,0.000,0.308
801500,0.650,0.000,0.350
802000,0.657,0.002,0.341
802500,0.663,0.004,0.333
803000,0.620,0.001,0.379
803500,0.573,0.000,0.427
804000,0.591,0.000,0.409
804500,0.564,0.001,0.435
805000,0.621,0.008,0.371
805500,0.657,0.001,0.342
806000,0.629,0.000,0.371
806500,0.602,0.000,0.398
807000,0.560,0.000,0.440
807500,0.578,0.002,0.420
808000,0.562,0.005,0.433
808500,0.623,0.001,0.376
809000,0.634,0.000,0.366
809500,0.649,0.000,0.351
810000,0.662,0.000,0.338
810500,0.654,0.000,0.346
811000,0.652,0.000,0.348
811500,0.637,0.000,0.363
812000,0.610,0.003,0.387
812500,0.591,0.001,0.408
813000,0.609,0.000,0.391
813500,0.582,0.006,0.412
814000,0.623,0.002,0.375
814500,0.595,0.005,0.400
815000,0.576,0.002,0.422
815500,0.562,0.005,0.433
816000,0.568,0.006,0.426
816500,0.532,0.001,0.467
817000,0.554,0.007,0.439
817500,0.573,0.005,0.422
818000,0.567,0.005,0.428
818500,0.511,0.002,0.487
819000,0.592,0.006,0.402
819500,0.618,0.004,0.378
820000,0.597,0.007,0.396
820500,0.569,0.005,0.426
821000,0.610,0.006,0.384
821500,0.608,0.000,0.392
822000,0.634,0.004,0.362
822500,0.652,0.000,0.348
823000,0.682,0.001,0.317
823500,0.654,0.000,0.346
824000,0.629,0.000,0.371
824500,0.675,0.000,0.325
825000,0.662,0.003,0.335
825500,0.660,0.002,0.338
826000,0.644,0.004,0.352
826500,0.608,0.002,0.390
827000,0.620,0.003,0.377
827500,0.633,0.000,0.367
828000,0.639,0.000,0.361
828500,0.694,0.000,0.306
829000,0.707,0.000,0.293
829500,0.656,0.000,0.344
830000,0.653,0.000,0.347
830500,0.592,0.000,0.408
831000,0.606,0.000,0.394
831500,0.521,0.000,0.479
832000,0.588,0.006,0.406
832500,0.568,0.001,0.431
833000,0.616,0.000,0.384
833500,0.602,0.002,0.396
834000,0.608,0.003,0.389
834500,0.597,0.000,0.403
835000,0.541,0.003,0.456
835500,0.563,0.007,0.430
836000,0.576,0.008,0.416
836500,0.586,0.008,0.406
837000,0.529,0.007,0.464
837500,0.537,0.005,0.458
838000,0.542,0.006,0.452
838500,0.549,0.011,0.440
839000,0.480,0.006,0.514
839500,0.545,0.007,0.448
840000,0.596,0.000,0.404
840500,0.617,0.000,0.383
841000,0.600,0.000,0.400
841500,0.609,0.000,0.391
842000,0.642,0.003,0.355
842500,0.633,0.007,0.360
843000,0.594,0.001,0.405
843500,0.612,0.004,0.384
844000,0.653,0.000,0.347
844500,0.656,0.000,0.344
845000,0.654,0.000,0.346
845500,0.696,0.001,0.303
846000,0.652,0.005,0.343
846500,0.606,0.001,0.393
847000,0.613,0.006,0.381
847500,0.591,0.002,0.407
848000,0.563,0.001,0.436
848500,0.597,0.004,0.399
849000,0.560,0.008,0.432
849500,0.547,0.006,0.447
850000,0.557,0.002,0.441
850500,0.626,0.001,0.373
851000,0.624,0.005,0.371
851500,0.625,0.000,0.375
852000,0.629,0.000,0.371
852500,0.639,0.000,0.361
853000,0.622,0.006,0.372
853500,0.630,0.001,0.369
854000,0.585,0.007,0.408
854500,0.632,0.003,0.365
855000,0.644,0.003,0.353
855500,0.611,0.001,0.388
856000,0.614,0.003,0.383
856500,0.635,0.000,0.365
857000,0.636,0.000,0.364
857500,0.600,0.000,0.400
858000,0.547,0.002,0.451
858500,0.572,0.002,0.426
859000,0.555,0.000,0.445
859500,0.572,0.005,0.423
860000,0.565,0.000,0.435
860500,0.573,0.000,0.427
861000,0.555,0.000,0.445
861500,0.627,0.002,0.371
862000,0.641,0.002,0.357
862500,0.679,0.000,0.321
863000,0.684,0.000,0.316
863500,0.711,0.000,0.289
864000,0.725,0.000,0.275
864500,0.688,0.000,0.312
865000,0.694,0.002,0.304
865500,0.652,0.000,0.348
866000,0.638,0.001,0.361
866500,0.668,0.002,0.330
867000,0.659,0.000,0.341
867500,0.648,0.003,0.349
868000,0.687,0.001,0.312
868500,0.648,0.000,0.352
869000,0.644,0.000,0.356
869500,0.610,0.000,0.390
870000,0.638,0.000,0.362
870500,0.654,0.000,0.346
871000,0.658,0.000,0.342
871500,0.608,0.002,0.390
872000,0.602,0.003,0.395
872500,0.603,0.004,0.393
873000,0.615,0.002,0.383
873500,0.633,0.001,0.366
874000,0.667,0.000,0.333
874500,0.660,0.005,0.335
875000,0.655,0.000,0.345
875500,0.641,0.000,0.359
876000,0.632,0.000,0.368
876500,0.675,0.000,0.325
877000,0.656,0.000,0.344
877500,0.617,0.000,0.383
878000,0.532,0.000,0.468
878500,0.523,0.009,0.468
879000,0.498,0.010,0.492
879500,0.505,0.012,0.483
880000,0.486,0.009,0.505
880500,0.450,0.022,0.528
881000,0.489,0.020,0.491
881500,0.531,0.009,0.460
882000,0.590,0.002,0.408
882500,0.569,0.001,0.430
883000,0.536,0.003,0.461
883500,0.581,0.005,0.414
884000,0.618,0.004,0.378
884500,0.635,0.001,0.364
885000,0.636,0.000,0.364
885500,0.596,0.000,0.404
886000,0.596,0.000,0.404
886500,0.557,0.000,0.443
887000,0.599,0.000,0.401
887500,0.598,0.000,0.402
888000,0.587,0.000,0.413
888500,0.609,0.000,0.391
889000,0.632,0.000,0.368
889500,0.621,0.000,0.379
890000,0.613,0.000,0.387
890500,0.640,0.007,0.353
891000,0.617,0.012,0.371
891500,0.639,0.002,0.359
892000,0.638,0.000,0.362
892500,0.670,0.004,0.326
893000,0.678,0.001,0.321
893500,0.708,0.000,0.292
894000,0.706,0.000,0.294
894500,0.674,0.000,0.326
895000,0.653,0.001,0.346
895500,0.612,0.000,0.388
896000,0.583,0.002,0.415
896500,0.606,0.002,0.392
897000,0.622,0.000,0.378
897500,0.590,0.000,0.410
898000,0.619,0.000,0.381
898500,0.635,0.000,0.365
899000,0.604,0.005,0.391
899500,0.636,0.001,0.363
900000,0.689,0.000,0.311
900500,0.666,0.000,0.334
901000,0.643,0.005,0.352
901500,0.629,0.000,0.371
902000,0.567,0.002,0.431
902500,0.552,0.005,0.443
903000,0.556,0.007,0.437
903500,0.541,0.003,0.456
904000,0.504,0.013,0.483
904500,0.522,0.008,0.470
905000,0.497,0.012,0.491
905500,0.511,0.005,0.484
906000,0.581,0.004,0.415
906500,0.574,0.004,0.422
907000,0.620,0.000,0.380
907500,0.603,0.000,0.397
908000,0.562,0.000,0.438
908500,0.547,0.005,0.448
909000,0.563,0.000,0.437
909500,0.589,0.006,0.405
910000,0.566,0.009,0.425
910500,0.591,0.003,0.406
911000,0.622,0.000,0.378
911500,0.634,0.000,0.366
912000,0.627,0.005,0.368
912500,0.619,0.005,0.376
913000,0.582,0.001,0.417
913500,0.613,0.002,0.385
914000,0.625,0.001,0.374
914500,0.613,0.000,0.387
915000,0.603,0.000,0.397
915500,0.585,0.002,0.413
916000,0.527,0.007,0.466
916500,0.539,0.003,0.458
917000,0.556,0.006,0.438
917500,0.553,0.006,0.441
918000,0.564,0.001,0.435
918500,0.582,0.000,0.418
919000,0.536,0.005,0.459
919500,0.617,0.001,0.382
920000,0.595,0.001,0.404
920500,0.601,0.000,0.399
921000,0.641,0.000,0.359
921500,0.644,0.000,0.356
922000,0.657,0.000,0.343
922500,0.676,0.000,0.324
923000,0.663,0.000,0.337
923500,0.642,0.003,0.355
924000,0.647,0.004,0.349
924500,0.642,0.000,0.358
925000,0.611,0.000,0.389
925500,0.552,0.009,0.439
926000,0.601,0.003,0.396
926500,0.624,0.003,0.373
927000,0.588,0.001,0.411
927500,0.599,0.008,0.393
928000,0.588,0.002,0.410
928500,0.537,0.008,0.455
929000,0.544,0.001,0.455
929500,0.578,0.000,0.422
930000,0.589,0.000,0.411
930500,0.601,0.000,0.399
931000,0.585,0.000,0.415
931500,0.587,0.000,0.413
932000,0.628,0.000,0.372
932500,0.636,0.000,0.364
933000,0.645,0.000,0.355
933500,0.605,0.000,0.395
934000,0.603,0.000,0.397
934500,0.648,0.000,0.352
935000,0.656,0.000,0.344
935500,0.678,0.001,0.321
936000,0.632,0.001,0.367
936500,0.661,0.004,0.335
937000,0.620,0.004,0.376
937500,0.615,0.001,0.384
938000,0.574,0.000,0.426
938500,0.563,0.000,0.437
939000,0.573,0.006,0.421
939500,0.608,0.005,0.387
940000,0.622,0.004,0.374
940500,0.634,0.005,0.361
941000,0.655,0.001,0.344
941500,0.669,0.000,0.331
942000,0.648,0.000,0.352
942500,0.666,0.000,0.334
943000,0.690,0.000,0.310
943500,0.692,0.000,0.308
944000,0.695,0.000,0.305
944500,0.696,0.000,0.304
945000,0.694,0.000,0.306
945500,0.686,0.000,0.314
946000,0.668,0.001,0.331
946500,0.669,0.001,0.330
947000,0.722,0.000,0.278
947500,0.682,0.000,0.318
948000,0.661,0.000,0.339
948500,0.675,0.000,0.325
949000,0.646,0.002,0.352
949500,0.624,0.004,0.372
950000,0.602,0.011,0.387
950500,0.646,0.005,0.349
951000,0.591,0.001,0.408
951500,0.595,0.007,0.398
952000,0.603,0.001,0.396
952500,0.582,0.002,0.416
953000,0.558,0.006,0.436
953500,0.582,0.008,0.410
954000,0.534,0.001,0.465
954500,0.578,0.002,0.420
955000,0.534,0.001,0.465
955500,0.532,0.005,0.463
956000,0.623,0.005,0.372
956500,0.624,0.000,0.376
957000,0.632,0.000,0.368
957500,0.665,0.000,0.335
958000,0.698,0.003,0.299
958500,0.687,0.001,0.312
959000,0.691,0.000,0.309
959500,0.675,0.000,0.325
960000,0.625,0.000,0.375
960500,0.651,0.000,0.349
961000,0.605,0.003,0.392
961500,0.668,0.000,0.332
962000,0.663,0.000,0.337
962500,0.680,0.000,0.320
963000,0.653,0.000,0.347
963500,0.682,0.000,0.318
964000,0.685,0.000,0.315
964500,0.669,0.000,0.331
965000,0.659,0.005,0.336
965500,0.620,0.001,0.379
966000,0.661,0.001,0.338
966500,0.670,0.000,0.330
967000,0.665,0.000,0.335
967500,0.652,0.000,0.348
968000,0.645,0.000,0.355
968500,0.661,0.002,0.337
969000,0.624,0.000,0.376
969500,0.614,0.000,0.386
970000,0.590,0.004,0.406
970500,0.626,0.004,0.370
971000,0.676,0.001,0.323
971500,0.726,0.001,0.273
972000,0.670,0.000,0.330
972500,0.680,0.000,0.320
973000,0.684,0.000,0.316
973500,0.669,0.000,0.331
974000,0.698,0.000,0.302
974500,0.686,0.000,0.314
975000,0.688,0.000,0.312
975500,0.641,0.000,0.359
976000,0.584,0.008,0.408
976500,0.578,0.004,0.418
977000,0.578,0.007,0.415
977500,0.644,0.002,0.354
978000,0.620,0.004,0.376
978500,0.560,0.001,0.439
979000,0.572,0.003,0.425
979500,0.597,0.003,0.400
980000,0.634,0.003,0.363
980500,0.623,0.000,0.377
981000,0.598,0.009,0.393
981500,0.607,0.001,0.392
982000,0.572,0.003,0.425
982500,0.567,0.001,0.432
983000,0.533,0.002,0.465
983500,0.568,0.001,0.431
984000,0.576,0.000,0.424
984500,0.603,0.000,0.397
985000,0.578,0.002,0.420
985500,0.556,0.001,0.443
986000,0.546,0.005,0.449
986500,0.559,0.007,0.434
987000,0.596,0.001,0.403
987500,0.633,0.002,0.365
988000,0.573,0.000,0.427
988500,0.595,0.000,0.405
989000,0.605,0.003,0.392
989500,0.634,0.000,0.366
990000,0.610,0.000,0.390
990500,0.617,0.003,0.380
991000,0.592,0.000,0.408
991500,0.581,0.004,0.415
992000,0.585,0.006,0.409
992500,0.563,0.003,0.434
993000,0.558,0.004,0.438
993500,0.576,0.000,0.424
994000,0.633,0.001,0.366
994500,0.640,0.000,0.360
995000,0.645,0.000,0.355
995500,0.677,0.002,0.321
996000,0.674,0.000,0.326
996500,0.658,0.000,0.342
997000,0.626,0.000,0.374
997500,0.617,0.000,0.383
998000,0.636,0.000,0.364
998500,0.615,0.000,0.385
999000,0.666,0.000,0.334
999500,0.618,0.001,0.381
1000000,0.608,0.001,0.391
