time,n_A+p,n_B,n_AB
500,0.030,0.612,0.358
1000,0.030,0.370,0.600
1500,0.030,0.574,0.396
2000,0.030,0.379,0.591
2500,0.030,0.552,0.418
3000,0.030,0.451,0.519
3500,0.030,0.450,0.520
4000,0.030,0.428,0.542
4500,0.030,0.496,0.474
5000,0.030,0.429,0.541
5500,0.030,0.412,0.558
6000,0.030,0.450,0.520
6500,0.030,0.465,0.505
7000,0.030,0.447,0.523
7500,0.030,0.414,0.556
8000,0.030,0.579,0.391
8500,0.030,0.398,0.572
9000,0.030,0.584,0.386
9500,0.030,0.480,0.490
10000,0.030,0.388,0.582
10500,0.030,0.339,0.631
11000,0.030,0.440,0.530
11500,0.030,0.528,0.442
12000,0.030,0.347,0.623
12500,0.030,0.488,0.482
13000,0.030,0.493,0.477
13500,0.030,0.536,0.434
14000,0.030,0.472,0.498
14500,0.030,0.524,0.446
15000,0.030,0.441,0.529
15500,0.030,0.323,0.647
16000,0.030,0.523,0.447
16500,0.030,0.521,0.449
17000,0.030,0.415,0.555
17500,0.030,0.649,0.321
18000,0.030,0.339,0.631
18500,0.030,0.436,0.534
19000,0.030,0.235,0.735
19500,0.030,0.375,0.595
20000,0.030,0.462,0.508
20500,0.030,0.475,0.495
21000,0.030,0.350,0.620
21500,0.030,0.410,0.560
22000,0.030,0.432,0.538
22500,0.030,0.400,0.570
23000,0.030,0.577,0.393
23500,0.030,0.631,0.339
24000,0.031,0.327,0.642
24500,0.030,0.475,0.495
25000,0.030,0.527,0.443
25500,0.030,0.401,0.569
26000,0.030,0.572,0.398
26500,0.030,0.544,0.426
27000,0.030,0.477,0.493
27500,0.030,0.510,0.460
28000,0.030,0.439,0.531
28500,0.030,0.341,0.629
29000,0.030,0.356,0.614
29500,0.030,0.365,0.605
30000,0.030,0.359,0.611
30500,0.030,0.373,0.597
31000,0.030,0.587,0.383
31500,0.030,0.417,0.553
32000,0.030,0.349,0.621
32500,0.030,0.422,0.548
33000,0.030,0.475,0.495
33500,0.030,0.539,0.431
34000,0.030,0.452,0.518
34500,0.030,0.474,0.496
35000,0.030,0.388,0.582
35500,0.030,0.499,0.471
36000,0.030,0.478,0.492
36500,0.030,0.485,0.485
37000,0.030,0.415,0.555
37500,0.030,0.496,0.474
38000,0.030,0.351,0.619
38500,0.030,0.318,0.652
39000,0.030,0.496,0.474
39500,0.030,0.403,0.567
40000,0.030,0.435,0.535
40500,0.030,0.436,0.534
41000,0.030,0.403,0.567
41500,0.030,0.485,0.485
42000,0.030,0.437,0.533
42500,0.030,0.451,0.519
43000,0.030,0.384,0.586
43500,0.030,0.395,0.575
44000,0.030,0.438,0.532
44500,0.030,0.483,0.487
45000,0.030,0.489,0.481
45500,0.030,0.547,0.423
46000,0.030,0.370,0.600
46500,0.030,0.419,0.551
47000,0.030,0.370,0.600
47500,0.030,0.563,0.407
48000,0.030,0.526,0.444
48500,0.030,0.551,0.419
49000,0.030,0.447,0.523
49500,0.030,0.449,0.521
50000,0.030,0.434,0.536
50500,0.030,0.510,0.460
51000,0.030,0.341,0.629
51500,0.030,0.447,0.523
52000,0.030,0.556,0.414
52500,0.030,0.310,0.660
53000,0.030,0.549,0.421
53500,0.030,0.523,0.447
54000,0.030,0.410,0.560
54500,0.030,0.337,0.633
55000,0.030,0.584,0.386
55500,0.030,0.464,0.506
56000,0.030,0.455,0.515
56500,0.030,0.371,0.599
57000,0.030,0.551,0.419
57500,0.030,0.480,0.490
58000,0.030,0.374,0.596
58500,0.030,0.436,0.534
59000,0.030,0.390,0.580
59500,0.030,0.529,0.441
60000,0.030,0.523,0.447
60500,0.030,0.585,0.385
61000,0.030,0.337,0.633
61500,0.030,0.321,0.649
62000,0.030,0.463,0.507
62500,0.030,0.403,0.567
63000,0.030,0.326,0.644
63500,0.030,0.375,0.595
64000,0.030,0.443,0.527
64500,0.030,0.531,0.439
65000,0.030,0.501,0.469
65500,0.041,0.295,0.664
66000,0.030,0.416,0.554
66500,0.030,0.541,0.429
67000,0.030,0.370,0.600
67500,0.030,0.362,0.608
68000,0.030,0.375,0.595
68500,0.030,0.484,0.486
69000,0.030,0.564,0.406
69500,0.030,0.326,0.644
70000,0.030,0.379,0.591
70500,0.030,0.561,0.409
71000,0.030,0.457,0.513
71500,0.030,0.424,0.546
72000,0.030,0.380,0.590
72500,0.030,0.497,0.473
73000,0.030,0.340,0.630
73500,0.031,0.372,0.597
74000,0.030,0.389,0.581
74500,0.030,0.508,0.462
75000,0.030,0.398,0.572
75500,0.030,0.547,0.423
76000,0.030,0.521,0.449
76500,0.030,0.485,0.485
77000,0.030,0.365,0.605
77500,0.030,0.408,0.562
78000,0.030,0.329,0.641
78500,0.030,0.486,0.484
79000,0.030,0.366,0.604
79500,0.030,0.297,0.673
80000,0.030,0.461,0.509
80500,0.030,0.479,0.491
81000,0.030,0.513,0.457
81500,0.030,0.461,0.509
82000,0.030,0.454,0.516
82500,0.030,0.611,0.359
83000,0.030,0.478,0.492
83500,0.030,0.403,0.567
84000,0.030,0.559,0.411
84500,0.030,0.588,0.382
85000,0.030,0.543,0.427
85500,0.030,0.416,0.554
86000,0.030,0.520,0.450
86500,0.030,0.417,0.553
87000,0.030,0.410,0.560
87500,0.030,0.260,0.710
88000,0.030,0.455,0.515
88500,0.030,0.511,0.459
89000,0.030,0.458,0.512
89500,0.030,0.364,0.606
90000,0.030,0.376,0.594
90500,0.030,0.414,0.556
91000,0.030,0.435,0.535
91500,0.030,0.526,0.444
92000,0.030,0.483,0.487
92500,0.030,0.468,0.502
93000,0.030,0.240,0.730
93500,0.030,0.472,0.498
94000,0.030,0.525,0.445
94500,0.030,0.394,0.576
95000,0.030,0.521,0.449
95500,0.030,0.434,0.536
96000,0.030,0.430,0.540
96500,0.030,0.429,0.541
97000,0.030,0.319,0.651
97500,0.030,0.464,0.506
98000,0.030,0.627,0.343
98500,0.030,0.491,0.479
99000,0.030,0.442,0.528
99500,0.030,0.429,0.541
100000,0.030,0.412,0.558
100500,0.030,0.260,0.710
101000,0.030,0.473,0.497
101500,0.030,0.436,0.534
102000,0.030,0.420,0.550
102500,0.030,0.449,0.521
103000,0.030,0.378,0.592
103500,0.030,0.431,0.539
104000,0.030,0.366,0.604
104500,0.030,0.361,0.609
105000,0.030,0.495,0.475
105500,0.030,0.552,0.418
106000,0.030,0.582,0.388
106500,0.030,0.542,0.428
107000,0.030,0.475,0.495
107500,0.030,0.428,0.542
108000,0.030,0.526,0.444
108500,0.030,0.462,0.508
109000,0.030,0.419,0.551
109500,0.030,0.382,0.588
110000,0.030,0.573,0.397
110500,0.030,0.540,0.430
111000,0.030,0.488,0.482
111500,0.030,0.468,0.502
112000,0.030,0.474,0.496
112500,0.030,0.536,0.434
113000,0.030,0.426,0.544
113500,0.030,0.434,0.536
114000,0.030,0.590,0.380
114500,0.030,0.540,0.430
115000,0.030,0.431,0.539
115500,0.030,0.288,0.682
116000,0.030,0.384,0.586
116500,0.030,0.411,0.559
117000,0.030,0.511,0.459
117500,0.030,0.386,0.584
118000,0.030,0.422,0.548
118500,0.030,0.454,0.516
119000,0.030,0.441,0.529
119500,0.030,0.482,0.488
120000,0.030,0.453,0.517
120500,0.030,0.442,0.528
121000,0.030,0.347,0.623
121500,0.030,0.444,0.526
122000,0.030,0.442,0.528
122500,0.030,0.507,0.463
123000,0.030,0.271,0.699
123500,0.030,0.229,0.741
124000,0.030,0.419,0.551
124500,0.030,0.395,0.575
125000,0.030,0.405,0.565
125500,0.030,0.417,0.553
126000,0.030,0.304,0.666
126500,0.030,0.466,0.504
127000,0.038,0.391,0.571
127500,0.030,0.305,0.665
128000,0.030,0.314,0.656
128500,0.030,0.429,0.541
129000,0.030,0.385,0.585
129500,0.030,0.464,0.506
130000,0.030,0.435,0.535
130500,0.030,0.594,0.376
131000,0.030,0.500,0.470
131500,0.030,0.412,0.558
132000,0.030,0.467,0.503
132500,0.030,0.544,0.426
133000,0.030,0.624,0.346
133500,0.030,0.418,0.552
134000,0.030,0.557,0.413
134500,0.030,0.515,0.455
135000,0.030,0.451,0.519
135500,0.030,0.468,0.502
136000,0.030,0.340,0.630
136500,0.030,0.553,0.417
137000,0.030,0.560,0.410
137500,0.030,0.428,0.542
138000,0.030,0.452,0.518
138500,0.030,0.428,0.542
139000,0.030,0.428,0.542
139500,0.030,0.450,0.520
140000,0.030,0.472,0.498
140500,0.030,0.452,0.518
141000,0.030,0.556,0.414
141500,0.030,0.472,0.498
142000,0.030,0.450,0.520
142500,0.030,0.439,0.531
143000,0.030,0.459,0.511
143500,0.030,0.488,0.482
144000,0.030,0.442,0.528
144500,0.030,0.423,0.547
145000,0.030,0.638,0.332
145500,0.030,0.432,0.538
146000,0.030,0.466,0.504
146500,0.030,0.457,0.513
147000,0.030,0.365,0.605
147500,0.030,0.407,0.563
148000,0.030,0.532,0.438
148500,0.030,0.379,0.591
149000,0.030,0.508,0.462
149500,0.030,0.364,0.606
150000,0.030,0.487,0.483
150500,0.030,0.489,0.481
151000,0.030,0.418,0.552
151500,0.030,0.423,0.547
152000,0.030,0.378,0.592
152500,0.030,0.489,0.481
153000,0.030,0.503,0.467
153500,0.030,0.494,0.476
154000,0.030,0.629,0.341
154500,0.032,0.336,0.632
155000,0.030,0.542,0.428
155500,0.030,0.411,0.559
156000,0.030,0.502,0.468
156500,0.030,0.452,0.518
157000,0.030,0.452,0.518
157500,0.030,0.427,0.543
158000,0.030,0.421,0.549
158500,0.030,0.409,0.561
159000,0.030,0.446,0.524
159500,0.030,0.449,0.521
160000,0.030,0.456,0.514
160500,0.030,0.494,0.476
161000,0.030,0.470,0.500
161500,0.030,0.490,0.480
162000,0.030,0.487,0.483
162500,0.030,0.495,0.475
163000,0.030,0.600,0.370
163500,0.030,0.562,0.408
164000,0.030,0.397,0.573
164500,0.030,0.504,0.466
165000,0.030,0.448,0.522
165500,0.030,0.441,0.529
166000,0.030,0.341,0.629
166500,0.030,0.485,0.485
167000,0.030,0.491,0.479
167500,0.030,0.521,0.449
168000,0.030,0.420,0.550
168500,0.030,0.415,0.555
169000,0.030,0.466,0.504
169500,0.030,0.437,0.533
170000,0.030,0.490,0.480
170500,0.030,0.406,0.564
171000,0.030,0.266,0.704
171500,0.030,0.430,0.540
172000,0.030,0.333,0.637
172500,0.030,0.392,0.578
173000,0.030,0.461,0.509
173500,0.030,0.523,0.447
174000,0.030,0.453,0.517
174500,0.030,0.347,0.623
175000,0.030,0.470,0.500
175500,0.030,0.454,0.516
176000,0.030,0.490,0.480
176500,0.030,0.376,0.594
177000,0.030,0.440,0.530
177500,0.030,0.438,0.532
178000,0.030,0.433,0.537
178500,0.030,0.460,0.510
179000,0.030,0.299,0.671
179500,0.030,0.298,0.672
180000,0.030,0.490,0.480
180500,0.030,0.490,0.480
181000,0.030,0.453,0.517
181500,0.030,0.494,0.476
182000,0.030,0.441,0.529
182500,0.030,0.516,0.454
183000,0.030,0.385,0.585
183500,0.030,0.320,0.650
184000,0.030,0.378,0.592
184500,0.030,0.432,0.538
185000,0.030,0.409,0.561
185500,0.030,0.306,0.664
186000,0.030,0.293,0.677
186500,0.030,0.351,0.619
187000,0.030,0.460,0.510
187500,0.030,0.474,0.496
188000,0.030,0.546,0.424
188500,0.030,0.660,0.310
189000,0.030,0.664,0.306
189500,0.030,0.573,0.397
190000,0.030,0.459,0.511
190500,0.030,0.408,0.562
191000,0.030,0.514,0.456
191500,0.030,0.488,0.482
192000,0.030,0.476,0.494
192500,0.030,0.446,0.524
193000,0.030,0.410,0.560
193500,0.030,0.539,0.431
194000,0.030,0.497,0.473
194500,0.030,0.526,0.444
195000,0.030,0.404,0.566
195500,0.030,0.497,0.473
196000,0.030,0.463,0.507
196500,0.030,0.470,0.500
197000,0.030,0.546,0.424
197500,0.030,0.436,0.534
198000,0.030,0.366,0.604
198500,0.030,0.421,0.549
199000,0.030,0.388,0.582
199500,0.030,0.499,0.471
200000,0.030,0.533,0.437
200500,0.030,0.449,0.521
201000,0.030,0.476,0.494
201500,0.030,0.384,0.586
202000,0.030,0.425,0.545
202500,0.030,0.483,0.487
203000,0.030,0.518,0.452
203500,0.030,0.311,0.659
204000,0.030,0.346,0.624
204500,0.030,0.433,0.537
205000,0.030,0.486,0.484
205500,0.030,0.511,0.459
206000,0.030,0.539,0.431
206500,0.030,0.491,0.479
207000,0.030,0.429,0.541
207500,0.030,0.399,0.571
208000,0.030,0.418,0.552
208500,0.030,0.311,0.659
209000,0.030,0.409,0.561
209500,0.030,0.392,0.578
210000,0.030,0.343,0.627
210500,0.030,0.389,0.581
211000,0.030,0.401,0.569
211500,0.030,0.467,0.503
212000,0.030,0.431,0.539
212500,0.030,0.559,0.411
213000,0.030,0.470,0.500
213500,0.030,0.480,0.490
214000,0.030,0.634,0.336
214500,0.030,0.515,0.455
215000,0.030,0.533,0.437
215500,0.030,0.475,0.495
216000,0.030,0.351,0.619
216500,0.030,0.395,0.575
217000,0.030,0.339,0.631
217500,0.030,0.368,0.602
218000,0.030,0.424,0.546
218500,0.030,0.373,0.597
219000,0.030,0.484,0.486
219500,0.030,0.458,0.512
220000,0.030,0.371,0.599
220500,0.030,0.412,0.558
221000,0.030,0.448,0.522
221500,0.030,0.357,0.613
222000,0.030,0.373,0.597
222500,0.030,0.461,0.509
223000,0.030,0.474,0.496
223500,0.030,0.459,0.511
224000,0.030,0.476,0.494
224500,0.030,0.470,0.500
225000,0.030,0.460,0.510
225500,0.030,0.425,0.545
226000,0.030,0.334,0.636
226500,0.030,0.553,0.417
227000,0.030,0.444,0.526
227500,0.030,0.477,0.493
228000,0.030,0.483,0.487
228500,0.030,0.475,0.495
229000,0.030,0.367,0.603
229500,0.030,0.445,0.525
230000,0.030,0.489,0.481
230500,0.030,0.428,0.542
231000,0.030,0.468,0.502
231500,0.030,0.307,0.663
232000,0.030,0.475,0.495
232500,0.030,0.406,0.564
233000,0.030,0.366,0.604
233500,0.030,0.432,0.538
234000,0.030,0.387,0.583
234500,0.030,0.483,0.487
235000,0.030,0.480,0.490
235500,0.030,0.413,0.557
236000,0.030,0.342,0.628
236500,0.030,0.483,0.487
237000,0.031,0.310,0.659
237500,0.030,0.446,0.524
238000,0.030,0.439,0.531
238500,0.030,0.443,0.527
239000,0.030,0.369,0.601
239500,0.030,0.367,0.603
240000,0.030,0.325,0.645
240500,0.030,0.440,0.530
241000,0.030,0.459,0.511
241500,0.030,0.533,0.437
242000,0.030,0.353,0.617
242500,0.030,0.342,0.628
243000,0.030,0.456,0.514
243500,0.030,0.377,0.593
244000,0.030,0.329,0.641
244500,0.030,0.446,0.524
245000,0.030,0.411,0.559
245500,0.030,0.441,0.529
246000,0.030,0.468,0.502
246500,0.030,0.451,0.519
247000,0.030,0.446,0.524
247500,0.030,0.349,0.621
248000,0.030,0.585,0.385
248500,0.030,0.543,0.427
249000,0.030,0.423,0.547
249500,0.030,0.276,0.694
250000,0.030,0.460,0.510
250500,0.030,0.466,0.504
251000,0.030,0.390,0.580
251500,0.030,0.423,0.547
252000,0.030,0.379,0.591
252500,0.030,0.428,0.542
253000,0.030,0.582,0.388
253500,0.030,0.453,0.517
254000,0.030,0.471,0.499
254500,0.030,0.474,0.496
255000,0.030,0.494,0.476
255500,0.030,0.486,0.484
256000,0.030,0.527,0.443
256500,0.030,0.409,0.561
257000,0.030,0.464,0.506
257500,0.030,0.562,0.408
258000,0.030,0.471,0.499
258500,0.030,0.454,0.516
259000,0.030,0.543,0.427
259500,0.030,0.500,0.470
260000,0.030,0.505,0.465
260500,0.030,0.467,0.503
261000,0.030,0.420,0.550
261500,0.030,0.460,0.510
262000,0.030,0.523,0.447
262500,0.030,0.562,0.408
263000,0.030,0.472,0.498
263500,0.030,0.606,0.364
264000,0.030,0.378,0.592
264500,0.030,0.399,0.571
265000,0.030,0.306,0.664
265500,0.030,0.441,0.529
266000,0.030,0.569,0.401
266500,0.030,0.466,0.504
267000,0.030,0.434,0.536
267500,0.030,0.366,0.604
268000,0.030,0.403,0.567
268500,0.030,0.336,0.634
269000,0.030,0.448,0.522
269500,0.030,0.502,0.468
270000,0.030,0.417,0.553
270500,0.030,0.399,0.571
271000,0.030,0.414,0.556
271500,0.030,0.516,0.454
272000,0.030,0.461,0.509
272500,0.030,0.442,0.528
273000,0.030,0.462,0.508
273500,0.030,0.449,0.521
274000,0.030,0.435,0.535
274500,0.030,0.363,0.607
275000,0.030,0.429,0.541
275500,0.030,0.474,0.496
276000,0.030,0.434,0.536
276500,0.030,0.513,0.457
277000,0.030,0.499,0.471
277500,0.030,0.447,0.523
278000,0.030,0.406,0.564
278500,0.030,0.410,0.560
279000,0.030,0.492,0.478
279500,0.030,0.346,0.624
280000,0.030,0.447,0.523
280500,0.030,0.442,0.528
281000,0.030,0.367,0.603
281500,0.030,0.493,0.477
282000,0.030,0.339,0.631
282500,0.030,0.461,0.509
283000,0.030,0.422,0.548
283500,0.030,0.616,0.354
284000,0.030,0.538,0.432
284500,0.030,0.436,0.534
285000,0.030,0.458,0.512
285500,0.030,0.324,0.646
286000,0.030,0.471,0.499
286500,0.030,0.468,0.502
287000,0.030,0.445,0.525
287500,0.030,0.537,0.433
288000,0.030,0.484,0.486
288500,0.030,0.407,0.563
289000,0.030,0.446,0.524
289500,0.030,0.608,0.362
290000,0.030,0.484,0.486
290500,0.030,0.424,0.546
291000,0.030,0.393,0.577
291500,0.030,0.454,0.516
292000,0.030,0.648,0.322
292500,0.030,0.497,0.473
293000,0.030,0.379,0.591
293500,0.030,0.427,0.543
294000,0.030,0.575,0.395
294500,0.030,0.356,0.614
295000,0.030,0.430,0.540
295500,0.030,0.410,0.560
296000,0.030,0.519,0.451
296500,0.030,0.492,0.478
297000,0.030,0.347,0.623
297500,0.030,0.312,0.658
298000,0.042,0.365,0.593
298500,0.030,0.335,0.635
299000,0.030,0.354,0.616
299500,0.030,0.517,0.453
300000,0.030,0.528,0.442
300500,0.030,0.438,0.532
301000,0.030,0.452,0.518
301500,0.030,0.486,0.484
302000,0.030,0.376,0.594
302500,0.030,0.398,0.572
303000,0.030,0.498,0.472
303500,0.030,0.513,0.457
304000,0.030,0.405,0.565
304500,0.030,0.392,0.578
305000,0.030,0.443,0.527
305500,0.030,0.525,0.445
306000,0.030,0.434,0.536
306500,0.030,0.522,0.448
307000,0.030,0.403,0.567
307500,0.030,0.422,0.548
308000,0.030,0.518,0.452
308500,0.030,0.476,0.494
309000,0.030,0.501,0.469
309500,0.030,0.324,0.646
310000,0.030,0.368,0.602
310500,0.030,0.516,0.454
311000,0.030,0.409,0.561
311500,0.030,0.482,0.488
312000,0.030,0.531,0.439
312500,0.030,0.566,0.404
313000,0.030,0.515,0.455
313500,0.030,0.518,0.452
314000,0.030,0.452,0.518
314500,0.030,0.491,0.479
315000,0.030,0.356,0.614
315500,0.030,0.415,0.555
316000,0.030,0.400,0.570
316500,0.030,0.393,0.577
317000,0.030,0.282,0.688
317500,0.030,0.443,0.527
318000,0.030,0.475,0.495
318500,0.030,0.502,0.468
319000,0.030,0.473,0.497
319500,0.030,0.417,0.553
320000,0.030,0.417,0.553
320500,0.030,0.409,0.561
321000,0.030,0.406,0.564
321500,0.030,0.474,0.496
322000,0.030,0.528,0.442
322500,0.030,0.608,0.362
323000,0.030,0.521,0.449
323500,0.030,0.487,0.483
324000,0.030,0.443,0.527
324500,0.030,0.506,0.464
325000,0.030,0.699,0.271
325500,0.030,0.672,0.298
326000,0.030,0.392,0.578
326500,0.030,0.411,0.559
327000,0.030,0.355,0.615
327500,0.030,0.470,0.500
328000,0.030,0.471,0.499
328500,0.030,0.413,0.557
329000,0.030,0.458,0.512
329500,0.030,0.441,0.529
330000,0.030,0.472,0.498
330500,0.030,0.423,0.547
331000,0.030,0.471,0.499
331500,0.030,0.530,0.440
332000,0.030,0.564,0.406
332500,0.030,0.496,0.474
333000,0.030,0.355,0.615
333500,0.030,0.506,0.464
334000,0.030,0.467,0.503
334500,0.030,0.449,0.521
335000,0.030,0.465,0.505
335500,0.030,0.526,0.444
336000,0.030,0.444,0.526
336500,0.030,0.428,0.542
337000,0.030,0.395,0.575
337500,0.030,0.435,0.535
338000,0.030,0.415,0.555
338500,0.030,0.442,0.528
339000,0.030,0.374,0.596
339500,0.030,0.324,0.646
340000,0.030,0.407,0.563
340500,0.030,0.433,0.537
341000,0.030,0.491,0.479
341500,0.030,0.515,0.455
342000,0.030,0.386,0.584
342500,0.030,0.393,0.577
343000,0.030,0.410,0.560
343500,0.030,0.446,0.524
344000,0.030,0.459,0.511
344500,0.030,0.549,0.421
345000,0.030,0.598,0.372
345500,0.030,0.516,0.454
346000,0.030,0.414,0.556
346500,0.030,0.476,0.494
347000,0.030,0.455,0.515
347500,0.030,0.398,0.572
348000,0.030,0.347,0.623
348500,0.030,0.369,0.601
349000,0.030,0.491,0.479
349500,0.030,0.463,0.507
350000,0.030,0.559,0.411
350500,0.030,0.468,0.502
351000,0.030,0.399,0.571
351500,0.030,0.455,0.515
352000,0.030,0.421,0.549
352500,0.030,0.389,0.581
353000,0.030,0.511,0.459
353500,0.030,0.497,0.473
354000,0.030,0.360,0.610
354500,0.030,0.527,0.443
355000,0.030,0.680,0.290
355500,0.030,0.435,0.535
356000,0.030,0.449,0.521
356500,0.030,0.447,0.523
357000,0.030,0.435,0.535
357500,0.030,0.419,0.551
358000,0.030,0.418,0.552
358500,0.030,0.497,0.473
359000,0.030,0.586,0.384
359500,0.030,0.622,0.348
360000,0.030,0.437,0.533
360500,0.030,0.298,0.672
361000,0.030,0.376,0.594
361500,0.030,0.609,0.361
362000,0.030,0.555,0.415
362500,0.030,0.330,0.640
363000,0.030,0.394,0.576
363500,0.030,0.529,0.441
364000,0.030,0.348,0.622
364500,0.030,0.566,0.404
365000,0.030,0.515,0.455
365500,0.030,0.446,0.524
366000,0.030,0.456,0.514
366500,0.030,0.421,0.549
367000,0.030,0.468,0.502
367500,0.030,0.308,0.662
368000,0.030,0.533,0.437
368500,0.030,0.410,0.560
369000,0.030,0.449,0.521
369500,0.030,0.381,0.589
370000,0.030,0.515,0.455
370500,0.030,0.464,0.506
371000,0.030,0.440,0.530
371500,0.030,0.385,0.585
372000,0.030,0.433,0.537
372500,0.030,0.420,0.550
373000,0.030,0.409,0.561
373500,0.030,0.496,0.474
374000,0.030,0.362,0.608
374500,0.030,0.458,0.512
375000,0.037,0.352,0.611
375500,0.030,0.463,0.507
376000,0.030,0.429,0.541
376500,0.030,0.420,0.550
377000,0.030,0.354,0.616
377500,0.030,0.396,0.574
378000,0.030,0.432,0.538
378500,0.030,0.524,0.446
379000,0.030,0.331,0.639
379500,0.030,0.406,0.564
380000,0.030,0.506,0.464
380500,0.030,0.507,0.463
381000,0.030,0.484,0.486
381500,0.030,0.468,0.502
382000,0.030,0.475,0.495
382500,0.030,0.543,0.427
383000,0.030,0.432,0.538
383500,0.030,0.477,0.493
384000,0.030,0.398,0.572
384500,0.030,0.527,0.443
385000,0.030,0.306,0.664
385500,0.030,0.473,0.497
386000,0.030,0.383,0.587
386500,0.030,0.352,0.618
387000,0.030,0.441,0.529
387500,0.030,0.423,0.547
388000,0.030,0.502,0.468
388500,0.030,0.310,0.660
389000,0.030,0.471,0.499
389500,0.030,0.449,0.521
390000,0.030,0.433,0.537
390500,0.030,0.415,0.555
391000,0.030,0.481,0.489
391500,0.030,0.490,0.480
392000,0.030,0.536,0.434
392500,0.030,0.600,0.370
393000,0.030,0.501,0.469
393500,0.030,0.471,0.499
394000,0.030,0.506,0.464
394500,0.030,0.439,0.531
395000,0.030,0.477,0.493
395500,0.030,0.440,0.530
396000,0.030,0.523,0.447
396500,0.030,0.478,0.492
397000,0.030,0.367,0.603
397500,0.030,0.458,0.512
398000,0.030,0.527,0.443
398500,0.030,0.642,0.328
399000,0.030,0.502,0.468
399500,0.030,0.392,0.578
400000,0.030,0.465,0.505
400500,0.030,0.519,0.451
401000,0.030,0.482,0.488
401500,0.030,0.433,0.537
402000,0.030,0.412,0.558
402500,0.030,0.423,0.547
403000,0.030,0.350,0.620
403500,0.030,0.519,0.451
404000,0.030,0.454,0.516
404500,0.030,0.453,0.517
405000,0.030,0.372,0.598
405500,0.030,0.415,0.555
406000,0.030,0.392,0.578
406500,0.030,0.561,0.409
407000,0.030,0.487,0.483
407500,0.030,0.425,0.545
408000,0.030,0.391,0.579
408500,0.030,0.575,0.395
409000,0.030,0.514,0.456
409500,0.030,0.502,0.468
410000,0.030,0.486,0.484
410500,0.030,0.465,0.505
411000,0.030,0.468,0.502
411500,0.030,0.378,0.592
412000,0.030,0.376,0.594
412500,0.030,0.525,0.445
413000,0.030,0.417,0.553
413500,0.030,0.396,0.574
414000,0.030,0.566,0.404
414500,0.030,0.514,0.456
415000,0.030,0.543,0.427
415500,0.030,0.540,0.430
416000,0.030,0.395,0.575
416500,0.030,0.456,0.514
417000,0.030,0.462,0.508
417500,0.030,0.526,0.444
418000,0.030,0.506,0.464
418500,0.030,0.459,0.511
419000,0.030,0.547,0.423
419500,0.030,0.470,0.500
420000,0.030,0.482,0.488
420500,0.030,0.539,0.431
421000,0.030,0.582,0.388
421500,0.030,0.560,0.410
422000,0.030,0.383,0.587
422500,0.030,0.503,0.467
423000,0.030,0.355,0.615
423500,0.030,0.424,0.546
424000,0.030,0.472,0.498
424500,0.030,0.498,0.472
425000,0.030,0.509,0.461
425500,0.030,0.466,0.504
426000,0.030,0.474,0.496
426500,0.030,0.432,0.538
427000,0.030,0.562,0.408
427500,0.030,0.489,0.481
428000,0.030,0.468,0.502
428500,0.030,0.505,0.465
429000,0.030,0.445,0.525
429500,0.030,0.417,0.553
430000,0.030,0.432,0.538
430500,0.030,0.485,0.485
431000,0.030,0.344,0.626
431500,0.030,0.508,0.462
432000,0.030,0.430,0.540
432500,0.030,0.427,0.543
433000,0.030,0.499,0.471
433500,0.030,0.515,0.455
434000,0.034,0.255,0.711
434500,0.030,0.397,0.573
435000,0.030,0.497,0.473
435500,0.030,0.478,0.492
436000,0.030,0.500,0.470
436500,0.030,0.439,0.531
437000,0.030,0.431,0.539
437500,0.030,0.393,0.577
438000,0.030,0.474,0.496
438500,0.030,0.311,0.659
439000,0.030,0.380,0.590
439500,0.030,0.539,0.431
440000,0.030,0.522,0.448
440500,0.030,0.597,0.373
441000,0.030,0.504,0.466
441500,0.030,0.404,0.566
442000,0.030,0.712,0.258
442500,0.030,0.457,0.513
443000,0.030,0.414,0.556
443500,0.030,0.464,0.506
444000,0.030,0.458,0.512
444500,0.030,0.423,0.547
445000,0.030,0.388,0.582
445500,0.037,0.312,0.651
446000,0.030,0.424,0.546
446500,0.030,0.512,0.458
447000,0.030,0.401,0.569
447500,0.030,0.403,0.567
448000,0.030,0.460,0.510
448500,0.030,0.324,0.646
449000,0.030,0.492,0.478
449500,0.030,0.526,0.444
450000,0.030,0.469,0.501
450500,0.030,0.491,0.479
451000,0.030,0.432,0.538
451500,0.030,0.451,0.519
452000,0.030,0.460,0.510
452500,0.030,0.507,0.463
453000,0.030,0.382,0.588
453500,0.030,0.468,0.502
454000,0.030,0.524,0.446
454500,0.030,0.433,0.537
455000,0.030,0.511,0.459
455500,0.030,0.473,0.497
456000,0.030,0.460,0.510
456500,0.030,0.441,0.529
457000,0.030,0.445,0.525
457500,0.030,0.502,0.468
458000,0.030,0.619,0.351
458500,0.030,0.465,0.505
459000,0.030,0.547,0.423
459500,0.030,0.539,0.431
460000,0.030,0.496,0.474
460500,0.030,0.446,0.524
461000,0.030,0.428,0.542
461500,0.030,0.544,0.426
462000,0.030,0.557,0.413
462500,0.030,0.399,0.571
463000,0.030,0.362,0.608
463500,0.030,0.476,0.494
464000,0.030,0.357,0.613
464500,0.030,0.508,0.462
465000,0.030,0.507,0.463
465500,0.030,0.485,0.485
466000,0.030,0.498,0.472
466500,0.030,0.294,0.676
467000,0.030,0.377,0.593
467500,0.030,0.437,0.533
468000,0.030,0.533,0.437
468500,0.030,0.420,0.550
469000,0.030,0.481,0.489
469500,0.030,0.416,0.554
470000,0.030,0.549,0.421
470500,0.030,0.481,0.489
471000,0.030,0.434,0.536
471500,0.030,0.370,0.600
472000,0.030,0.434,0.536
472500,0.030,0.493,0.477
473000,0.030,0.499,0.471
473500,0.030,0.643,0.327
474000,0.030,0.529,0.441
474500,0.030,0.336,0.634
475000,0.030,0.518,0.452
475500,0.030,0.460,0.510
476000,0.030,0.538,0.432
476500,0.030,0.407,0.563
477000,0.030,0.491,0.479
477500,0.030,0.380,0.590
478000,0.030,0.618,0.352
478500,0.030,0.568,0.402
479000,0.030,0.549,0.421
479500,0.030,0.529,0.441
480000,0.030,0.553,0.417
480500,0.030,0.388,0.582
481000,0.030,0.499,0.471
481500,0.030,0.387,0.583
482000,0.030,0.289,0.681
482500,0.030,0.430,0.540
483000,0.030,0.473,0.497
483500,0.030,0.494,0.476
484000,0.030,0.523,0.447
484500,0.030,0.490,0.480
485000,0.030,0.513,0.457
485500,0.030,0.543,0.427
486000,0.030,0.517,0.453
486500,0.030,0.504,0.466
487000,0.030,0.422,0.548
487500,0.030,0.449,0.521
488000,0.030,0.545,0.425
488500,0.030,0.369,0.601
489000,0.030,0.577,0.393
489500,0.030,0.537,0.433
490000,0.030,0.394,0.576
490500,0.030,0.378,0.592
491000,0.030,0.458,0.512
491500,0.030,0.548,0.422
492000,0.030,0.524,0.446
492500,0.030,0.442,0.528
493000,0.030,0.550,0.420
493500,0.030,0.390,0.580
494000,0.030,0.307,0.663
494500,0.030,0.441,0.529
495000,0.030,0.450,0.520
495500,0.030,0.427,0.543
496000,0.030,0.472,0.498
496500,0.030,0.430,0.540
497000,0.030,0.466,0.504
497500,0.030,0.443,0.527
498000,0.030,0.307,0.663
498500,0.030,0.437,0.533
499000,0.030,0.554,0.416
499500,0.030,0.423,0.547
500000,0.030,0.373,0.597
500500,0.030,0.421,0.549
501000,0.030,0.388,0.582
501500,0.030,0.461,0.509
502000,0.030,0.342,0.628
502500,0.030,0.463,0.507
503000,0.030,0.461,0.509
503500,0.030,0.346,0.624
504000,0.030,0.506,0.464
504500,0.030,0.407,0.563
505000,0.030,0.521,0.449
505500,0.030,0.417,0.553
506000,0.030,0.397,0.573
506500,0.030,0.506,0.464
507000,0.030,0.470,0.500
507500,0.030,0.516,0.454
508000,0.030,0.482,0.488
508500,0.030,0.455,0.515
509000,0.030,0.603,0.367
509500,0.030,0.481,0.489
510000,0.030,0.413,0.557
510500,0.030,0.532,0.438
511000,0.030,0.406,0.564
511500,0.030,0.394,0.576
512000,0.030,0.502,0.468
512500,0.030,0.444,0.526
513000,0.030,0.429,0.541
513500,0.030,0.474,0.496
514000,0.030,0.458,0.512
514500,0.030,0.388,0.582
515000,0.030,0.416,0.554
515500,0.030,0.413,0.557
516000,0.030,0.478,0.492
516500,0.030,0.469,0.501
517000,0.030,0.637,0.333
517500,0.030,0.527,0.443
518000,0.030,0.421,0.549
518500,0.030,0.392,0.578
519000,0.030,0.563,0.407
519500,0.030,0.575,0.395
520000,0.030,0.546,0.424
520500,0.030,0.400,0.570
521000,0.030,0.443,0.527
521500,0.030,0.323,0.647
522000,0.030,0.534,0.436
522500,0.030,0.399,0.571
523000,0.030,0.659,0.311
523500,0.030,0.464,0.506
524000,0.030,0.489,0.481
524500,0.030,0.536,0.434
525000,0.030,0.483,0.487
525500,0.030,0.394,0.576
526000,0.030,0.542,0.428
526500,0.030,0.685,0.285
527000,0.030,0.528,0.442
527500,0.030,0.521,0.449
528000,0.030,0.544,0.426
528500,0.030,0.438,0.532
529000,0.030,0.440,0.530
529500,0.030,0.440,0.530
530000,0.030,0.554,0.416
530500,0.030,0.546,0.424
531000,0.030,0.674,0.296
531500,0.030,0.413,0.557
532000,0.030,0.424,0.546
532500,0.030,0.432,0.538
533000,0.030,0.547,0.423
533500,0.030,0.537,0.433
534000,0.030,0.542,0.428
534500,0.030,0.454,0.516
535000,0.030,0.321,0.649
535500,0.030,0.458,0.512
536000,0.030,0.481,0.489
536500,0.030,0.456,0.514
537000,0.030,0.423,0.547
537500,0.030,0.509,0.461
538000,0.030,0.352,0.618
538500,0.030,0.309,0.661
539000,0.030,0.506,0.464
539500,0.030,0.490,0.480
540000,0.030,0.487,0.483
540500,0.030,0.532,0.438
541000,0.030,0.490,0.480
541500,0.030,0.413,0.557
542000,0.030,0.369,0.601
542500,0.030,0.418,0.552
543000,0.030,0.416,0.554
543500,0.030,0.402,0.568
544000,0.030,0.490,0.480
544500,0.030,0.233,0.737
545000,0.030,0.479,0.491
545500,0.030,0.508,0.462
546000,0.030,0.409,0.561
546500,0.030,0.463,0.507
547000,0.030,0.439,0.531
547500,0.030,0.374,0.596
548000,0.030,0.450,0.520
548500,0.030,0.330,0.640
549000,0.030,0.447,0.523
549500,0.030,0.680,0.290
550000,0.030,0.504,0.466
550500,0.030,0.430,0.540
551000,0.030,0.539,0.431
551500,0.030,0.401,0.569
552000,0.030,0.486,0.484
552500,0.030,0.427,0.543
553000,0.030,0.416,0.554
553500,0.030,0.457,0.513
554000,0.030,0.351,0.619
554500,0.030,0.467,0.503
555000,0.030,0.552,0.418
555500,0.030,0.347,0.623
556000,0.030,0.572,0.398
556500,0.030,0.456,0.514
557000,0.030,0.371,0.599
557500,0.030,0.383,0.587
558000,0.030,0.540,0.430
558500,0.030,0.315,0.655
559000,0.032,0.398,0.570
559500,0.030,0.443,0.527
560000,0.030,0.393,0.577
560500,0.030,0.310,0.660
561000,0.030,0.455,0.515
561500,0.030,0.506,0.464
562000,0.030,0.451,0.519
562500,0.030,0.454,0.516
563000,0.030,0.440,0.530
563500,0.030,0.322,0.648
564000,0.030,0.325,0.645
564500,0.030,0.406,0.564
565000,0.030,0.484,0.486
565500,0.030,0.466,0.504
566000,0.030,0.441,0.529
566500,0.030,0.260,0.710
567000,0.030,0.371,0.599
567500,0.030,0.290,0.680
568000,0.030,0.259,0.711
568500,0.030,0.463,0.507
569000,0.030,0.405,0.565
569500,0.030,0.423,0.547
570000,0.030,0.504,0.466
570500,0.030,0.370,0.600
571000,0.030,0.408,0.562
571500,0.030,0.367,0.603
572000,0.030,0.510,0.460
572500,0.030,0.502,0.468
573000,0.030,0.348,0.622
573500,0.030,0.411,0.559
574000,0.030,0.507,0.463
574500,0.030,0.499,0.471
575000,0.030,0.479,0.491
575500,0.030,0.575,0.395
576000,0.030,0.456,0.514
576500,0.030,0.389,0.581
577000,0.030,0.473,0.497
577500,0.030,0.349,0.621
578000,0.030,0.484,0.486
578500,0.030,0.513,0.457
579000,0.030,0.481,0.489
579500,0.030,0.550,0.420
580000,0.030,0.499,0.471
580500,0.030,0.607,0.363
581000,0.030,0.549,0.421
581500,0.030,0.464,0.506
582000,0.030,0.478,0.492
582500,0.030,0.556,0.414
583000,0.030,0.434,0.536
583500,0.030,0.411,0.559
584000,0.030,0.475,0.495
584500,0.030,0.557,0.413
585000,0.030,0.474,0.496
585500,0.030,0.495,0.475
586000,0.030,0.537,0.433
586500,0.030,0.406,0.564
587000,0.030,0.416,0.554
587500,0.030,0.374,0.596
588000,0.030,0.587,0.383
588500,0.030,0.508,0.462
589000,0.030,0.479,0.491
589500,0.030,0.421,0.549
590000,0.030,0.450,0.520
590500,0.030,0.358,0.612
591000,0.038,0.375,0.587
591500,0.030,0.330,0.640
592000,0.030,0.391,0.579
592500,0.030,0.417,0.553
593000,0.030,0.400,0.570
593500,0.030,0.424,0.546
594000,0.030,0.374,0.596
594500,0.030,0.373,0.597
595000,0.030,0.437,0.533
595500,0.030,0.546,0.424
596000,0.030,0.438,0.532
596500,0.030,0.473,0.497
597000,0.030,0.483,0.487
597500,0.030,0.371,0.599
598000,0.030,0.527,0.443
598500,0.030,0.593,0.377
599000,0.030,0.473,0.497
599500,0.030,0.478,0.492
600000,0.030,0.414,0.556
600500,0.030,0.495,0.475
601000,0.030,0.467,0.503
601500,0.030,0.448,0.522
602000,0.030,0.412,0.558
602500,0.030,0.441,0.529
603000,0.030,0.447,0.523
603500,0.030,0.516,0.454
604000,0.030,0.490,0.480
604500,0.030,0.404,0.566
605000,0.030,0.435,0.535
605500,0.030,0.572,0.398
606000,0.030,0.565,0.405
606500,0.030,0.516,0.454
607000,0.030,0.457,0.513
607500,0.030,0.400,0.570
608000,0.030,0.456,0.514
608500,0.033,0.420,0.547
609000,0.030,0.395,0.575
609500,0.030,0.503,0.467
610000,0.030,0.406,0.564
610500,0.030,0.444,0.526
611000,0.030,0.497,0.473
611500,0.030,0.432,0.538
612000,0.030,0.305,0.665
612500,0.030,0.453,0.517
613000,0.030,0.342,0.628
613500,0.030,0.429,0.541
614000,0.030,0.343,0.627
614500,0.030,0.452,0.518
615000,0.030,0.386,0.584
615500,0.030,0.409,0.561
616000,0.030,0.348,0.622
616500,0.030,0.486,0.484
617000,0.030,0.519,0.451
617500,0.030,0.439,0.531
618000,0.030,0.484,0.486
618500,0.030,0.484,0.486
619000,0.030,0.495,0.475
619500,0.030,0.525,0.445
620000,0.030,0.370,0.600
620500,0.030,0.386,0.584
621000,0.030,0.357,0.613
621500,0.030,0.598,0.372
622000,0.030,0.393,0.577
622500,0.030,0.454,0.516
623000,0.030,0.483,0.487
623500,0.030,0.495,0.475
624000,0.030,0.540,0.430
624500,0.030,0.421,0.549
625000,0.030,0.447,0.523
625500,0.030,0.592,0.378
626000,0.030,0.430,0.540
626500,0.030,0.309,0.661
627000,0.030,0.440,0.530
627500,0.030,0.536,0.434
628000,0.030,0.496,0.474
628500,0.030,0.386,0.584
629000,0.030,0.446,0.524
629500,0.030,0.516,0.454
630000,0.030,0.475,0.495
630500,0.030,0.509,0.461
631000,0.030,0.362,0.608
631500,0.030,0.413,0.557
632000,0.030,0.439,0.531
632500,0.030,0.494,0.476
633000,0.030,0.400,0.570
633500,0.030,0.396,0.574
634000,0.030,0.367,0.603
634500,0.030,0.392,0.578
635000,0.030,0.428,0.542
635500,0.030,0.392,0.578
636000,0.030,0.419,0.551
636500,0.030,0.585,0.385
637000,0.030,0.546,0.424
637500,0.030,0.444,0.526
638000,0.030,0.455,0.515
638500,0.030,0.401,0.569
639000,0.030,0.368,0.602
639500,0.030,0.415,0.555
640000,0.030,0.391,0.579
640500,0.030,0.482,0.488
641000,0.030,0.455,0.515
641500,0.030,0.460,0.510
642000,0.030,0.495,0.475
642500,0.030,0.514,0.456
643000,0.030,0.495,0.475
643500,0.030,0.506,0.464
644000,0.030,0.600,0.370
644500,0.030,0.504,0.466
645000,0.030,0.459,0.511
645500,0.030,0.694,0.276
646000,0.030,0.493,0.477
646500,0.030,0.384,0.586
647000,0.030,0.463,0.507
647500,0.030,0.421,0.549
648000,0.030,0.458,0.512
648500,0.030,0.600,0.370
649000,0.030,0.534,0.436
649500,0.030,0.472,0.498
650000,0.030,0.457,0.513
650500,0.030,0.400,0.570
651000,0.030,0.472,0.498
651500,0.030,0.439,0.531
652000,0.030,0.468,0.502
652500,0.030,0.472,0.498
653000,0.030,0.469,0.501
653500,0.030,0.446,0.524
654000,0.030,0.389,0.581
654500,0.030,0.471,0.499
655000,0.030,0.485,0.485
655500,0.030,0.467,0.503
656000,0.030,0.470,0.500
656500,0.030,0.407,0.563
657000,0.030,0.376,0.594
657500,0.030,0.473,0.497
658000,0.030,0.460,0.510
658500,0.030,0.544,0.426
659000,0.030,0.511,0.459
659500,0.030,0.462,0.508
660000,0.030,0.412,0.558
660500,0.030,0.301,0.669
661000,0.030,0.505,0.465
661500,0.030,0.467,0.503
662000,0.030,0.420,0.550
662500,0.030,0.497,0.473
663000,0.030,0.488,0.482
663500,0.030,0.352,0.618
664000,0.030,0.451,0.519
664500,0.030,0.440,0.530
665000,0.030,0.480,0.490
665500,0.030,0.587,0.383
666000,0.030,0.472,0.498
666500,0.030,0.400,0.570
667000,0.030,0.408,0.562
667500,0.030,0.450,0.520
668000,0.030,0.497,0.473
668500,0.030,0.436,0.534
669000,0.030,0.514,0.456
669500,0.030,0.382,0.588
670000,0.030,0.415,0.555
670500,0.030,0.540,0.430
671000,0.030,0.532,0.438
671500,0.030,0.399,0.571
672000,0.030,0.405,0.565
672500,0.030,0.341,0.629
673000,0.030,0.418,0.552
673500,0.030,0.579,0.391
674000,0.030,0.451,0.519
674500,0.030,0.445,0.525
675000,0.030,0.472,0.498
675500,0.030,0.447,0.523
676000,0.030,0.321,0.649
676500,0.030,0.378,0.592
677000,0.030,0.451,0.519
677500,0.030,0.505,0.465
678000,0.030,0.485,0.485
678500,0.030,0.494,0.476
679000,0.030,0.364,0.606
679500,0.030,0.368,0.602
680000,0.030,0.416,0.554
680500,0.030,0.386,0.584
681000,0.030,0.446,0.524
681500,0.030,0.420,0.550
682000,0.030,0.455,0.515
682500,0.030,0.567,0.403
683000,0.030,0.538,0.432
683500,0.030,0.523,0.447
684000,0.030,0.392,0.578
684500,0.030,0.383,0.587
685000,0.030,0.252,0.718
685500,0.030,0.446,0.524
686000,0.030,0.515,0.455
686500,0.030,0.569,0.401
687000,0.030,0.373,0.597
687500,0.030,0.489,0.481
688000,0.030,0.458,0.512
688500,0.030,0.620,0.350
689000,0.030,0.567,0.403
689500,0.030,0.567,0.403
690000,0.030,0.571,0.399
690500,0.030,0.388,0.582
691000,0.030,0.411,0.559
691500,0.030,0.428,0.542
692000,0.030,0.462,0.508
692500,0.030,0.433,0.537
693000,0.030,0.421,0.549
693500,0.030,0.597,0.373
694000,0.030,0.556,0.414
694500,0.030,0.518,0.452
695000,0.030,0.452,0.518
695500,0.030,0.486,0.484
696000,0.030,0.359,0.611
696500,0.030,0.462,0.508
697000,0.030,0.366,0.604
697500,0.030,0.567,0.403
698000,0.030,0.500,0.470
698500,0.030,0.550,0.420
699000,0.030,0.607,0.363
699500,0.030,0.441,0.529
700000,0.030,0.538,0.432
700500,0.030,0.581,0.389
701000,0.030,0.486,0.484
701500,0.030,0.505,0.465
702000,0.030,0.327,0.643
702500,0.030,0.422,0.548
703000,0.030,0.457,0.513
703500,0.030,0.464,0.506
704000,0.030,0.540,0.430
704500,0.030,0.592,0.378
705000,0.030,0.467,0.503
705500,0.030,0.435,0.535
706000,0.030,0.558,0.412
706500,0.030,0.425,0.545
707000,0.030,0.450,0.520
707500,0.030,0.411,0.559
708000,0.030,0.406,0.564
708500,0.030,0.465,0.505
709000,0.030,0.378,0.592
709500,0.030,0.362,0.608
710000,0.030,0.457,0.513
710500,0.030,0.308,0.662
711000,0.030,0.402,0.568
711500,0.030,0.350,0.620
712000,0.030,0.368,0.602
712500,0.030,0.288,0.682
713000,0.030,0.460,0.510
713500,0.030,0.413,0.557
714000,0.030,0.507,0.463
714500,0.030,0.346,0.624
715000,0.030,0.357,0.613
715500,0.033,0.358,0.609
716000,0.030,0.494,0.476
716500,0.030,0.406,0.564
717000,0.030,0.576,0.394
717500,0.030,0.580,0.390
718000,0.030,0.362,0.608
718500,0.030,0.365,0.605
719000,0.030,0.512,0.458
719500,0.030,0.295,0.675
720000,0.030,0.475,0.495
720500,0.030,0.455,0.515
721000,0.030,0.406,0.564
721500,0.030,0.357,0.613
722000,0.030,0.426,0.544
722500,0.030,0.561,0.409
723000,0.030,0.480,0.490
723500,0.030,0.487,0.483
724000,0.030,0.345,0.625
724500,0.030,0.427,0.543
725000,0.030,0.514,0.456
725500,0.030,0.417,0.553
726000,0.030,0.504,0.466
726500,0.030,0.452,0.518
727000,0.030,0.403,0.567
727500,0.030,0.449,0.521
728000,0.030,0.402,0.568
728500,0.030,0.609,0.361
729000,0.030,0.604,0.366
729500,0.030,0.502,0.468
730000,0.030,0.526,0.444
730500,0.030,0.449,0.521
731000,0.030,0.482,0.488
731500,0.030,0.326,0.644
732000,0.030,0.503,0.467
732500,0.030,0.385,0.585
733000,0.030,0.429,0.541
733500,0.030,0.338,0.632
734000,0.030,0.395,0.575
734500,0.030,0.521,0.449
735000,0.030,0.448,0.522
735500,0.030,0.436,0.534
736000,0.030,0.524,0.446
736500,0.030,0.630,0.340
737000,0.030,0.352,0.618
737500,0.030,0.478,0.492
738000,0.030,0.443,0.527
738500,0.030,0.520,0.450
739000,0.030,0.545,0.425
739500,0.030,0.415,0.555
740000,0.030,0.524,0.446
740500,0.030,0.500,0.470
741000,0.030,0.462,0.508
741500,0.030,0.480,0.490
742000,0.030,0.289,0.681
742500,0.030,0.544,0.426
743000,0.030,0.436,0.534
743500,0.030,0.350,0.620
744000,0.030,0.383,0.587
744500,0.030,0.472,0.498
745000,0.030,0.447,0.523
745500,0.030,0.338,0.632
746000,0.030,0.584,0.386
746500,0.030,0.544,0.426
747000,0.030,0.418,0.552
747500,0.030,0.539,0.431
748000,0.030,0.246,0.724
748500,0.030,0.332,0.638
749000,0.034,0.305,0.661
749500,0.030,0.478,0.492
750000,0.030,0.424,0.546
750500,0.030,0.473,0.497
751000,0.030,0.484,0.486
751500,0.030,0.507,0.463
752000,0.030,0.448,0.522
752500,0.030,0.482,0.488
753000,0.030,0.531,0.439
753500,0.030,0.431,0.539
754000,0.030,0.628,0.342
754500,0.030,0.427,0.543
755000,0.030,0.330,0.640
755500,0.030,0.399,0.571
756000,0.030,0.562,0.408
756500,0.030,0.380,0.590
757000,0.030,0.461,0.509
757500,0.030,0.424,0.546
758000,0.030,0.475,0.495
758500,0.030,0.519,0.451
759000,0.030,0.643,0.327
759500,0.030,0.422,0.548
760000,0.030,0.546,0.424
760500,0.030,0.484,0.486
761000,0.030,0.392,0.578
761500,0.030,0.494,0.476
762000,0.030,0.381,0.589
762500,0.030,0.473,0.497
763000,0.030,0.448,0.522
763500,0.030,0.512,0.458
764000,0.030,0.577,0.393
764500,0.030,0.440,0.530
765000,0.030,0.405,0.565
765500,0.030,0.533,0.437
766000,0.030,0.453,0.517
766500,0.030,0.655,0.315
767000,0.030,0.658,0.312
767500,0.030,0.556,0.414
768000,0.030,0.436,0.534
768500,0.030,0.475,0.495
769000,0.030,0.534,0.436
769500,0.030,0.403,0.567
770000,0.030,0.490,0.480
770500,0.030,0.433,0.537
771000,0.030,0.457,0.513
771500,0.030,0.520,0.450
772000,0.030,0.346,0.624
772500,0.030,0.505,0.465
773000,0.030,0.424,0.546
773500,0.030,0.309,0.661
774000,0.030,0.339,0.631
774500,0.030,0.332,0.638
775000,0.030,0.324,0.646
775500,0.030,0.418,0.552
776000,0.030,0.499,0.471
776500,0.030,0.419,0.551
777000,0.030,0.384,0.586
777500,0.030,0.354,0.616
778000,0.030,0.489,0.481
778500,0.030,0.534,0.436
779000,0.030,0.446,0.524
779500,0.030,0.398,0.572
780000,0.030,0.398,0.572
780500,0.030,0.457,0.513
781000,0.030,0.469,0.501
781500,0.030,0.580,0.390
782000,0.030,0.481,0.489
782500,0.030,0.428,0.542
783000,0.030,0.405,0.565
783500,0.030,0.440,0.530
784000,0.030,0.550,0.420
784500,0.030,0.477,0.493
785000,0.030,0.473,0.497
785500,0.030,0.556,0.414
786000,0.030,0.362,0.608
786500,0.030,0.349,0.621
787000,0.030,0.394,0.576
787500,0.030,0.447,0.523
788000,0.030,0.486,0.484
788500,0.030,0.520,0.450
789000,0.030,0.548,0.422
789500,0.030,0.521,0.449
790000,0.030,0.671,0.299
790500,0.030,0.648,0.322
791000,0.030,0.449,0.521
791500,0.030,0.401,0.569
792000,0.030,0.456,0.514
792500,0.030,0.393,0.577
793000,0.030,0.353,0.617
793500,0.030,0.392,0.578
794000,0.030,0.356,0.614
794500,0.030,0.455,0.515
795000,0.030,0.480,0.490
795500,0.030,0.457,0.513
796000,0.030,0.459,0.511
796500,0.030,0.486,0.484
797000,0.030,0.351,0.619
797500,0.030,0.461,0.509
798000,0.030,0.426,0.544
798500,0.030,0.513,0.457
799000,0.030,0.435,0.535
799500,0.030,0.424,0.546
800000,0.030,0.453,0.517
800500,0.030,0.468,0.502
801000,0.030,0.350,0.620
801500,0.030,0.481,0.489
802000,0.030,0.457,0.513
802500,0.030,0.502,0.468
803000,0.030,0.513,0.457
803500,0.030,0.591,0.379
804000,0.030,0.498,0.472
804500,0.030,0.540,0.430
805000,0.030,0.399,0.571
805500,0.030,0.507,0.463
806000,0.030,0.450,0.520
806500,0.030,0.358,0.612
807000,0.030,0.400,0.570
807500,0.030,0.538,0.432
808000,0.030,0.469,0.501
808500,0.030,0.510,0.460
809000,0.030,0.579,0.391
809500,0.030,0.457,0.513
810000,0.030,0.508,0.462
810500,0.030,0.387,0.583
811000,0.030,0.534,0.436
811500,0.030,0.454,0.516
812000,0.030,0.388,0.582
812500,0.030,0.435,0.535
813000,0.031,0.322,0.647
813500,0.030,0.325,0.645
814000,0.030,0.531,0.439
814500,0.030,0.512,0.458
815000,0.030,0.467,0.503
815500,0.030,0.508,0.462
816000,0.030,0.485,0.485
816500,0.030,0.475,0.495
817000,0.030,0.558,0.412
817500,0.030,0.416,0.554
818000,0.030,0.377,0.593
818500,0.030,0.474,0.496
819000,0.030,0.441,0.529
819500,0.030,0.413,0.557
820000,0.030,0.316,0.654
820500,0.030,0.409,0.561
821000,0.030,0.350,0.620
821500,0.030,0.497,0.473
822000,0.030,0.411,0.559
822500,0.030,0.333,0.637
823000,0.030,0.479,0.491
823500,0.030,0.426,0.544
824000,0.030,0.511,0.459
824500,0.030,0.617,0.353
825000,0.030,0.522,0.448
825500,0.030,0.574,0.396
826000,0.030,0.484,0.486
826500,0.030,0.570,0.400
827000,0.030,0.392,0.578
827500,0.030,0.612,0.358
828000,0.030,0.531,0.439
828500,0.030,0.415,0.555
829000,0.030,0.458,0.512
829500,0.030,0.444,0.526
830000,0.030,0.422,0.548
830500,0.030,0.494,0.476
831000,0.030,0.325,0.645
831500,0.030,0.379,0.591
832000,0.030,0.490,0.480
832500,0.030,0.333,0.637
833000,0.030,0.476,0.494
833500,0.030,0.441,0.529
834000,0.030,0.493,0.477
834500,0.030,0.683,0.287
835000,0.030,0.528,0.442
835500,0.030,0.508,0.462
836000,0.030,0.436,0.534
836500,0.030,0.439,0.531
837000,0.030,0.536,0.434
837500,0.030,0.438,0.532
838000,0.030,0.674,0.296
838500,0.030,0.480,0.490
839000,0.030,0.437,0.533
839500,0.030,0.421,0.549
840000,0.030,0.457,0.513
840500,0.030,0.371,0.599
841000,0.030,0.538,0.432
841500,0.030,0.366,0.604
842000,0.030,0.429,0.541
842500,0.030,0.387,0.583
843000,0.030,0.405,0.565
843500,0.030,0.480,0.490
844000,0.030,0.519,0.451
844500,0.030,0.524,0.446
845000,0.030,0.448,0.522
845500,0.030,0.440,0.530
846000,0.030,0.511,0.459
846500,0.030,0.427,0.543
847000,0.030,0.420,0.550
847500,0.030,0.409,0.561
848000,0.030,0.462,0.508
848500,0.030,0.429,0.541
849000,0.030,0.436,0.534
849500,0.030,0.549,0.421
850000,0.030,0.495,0.475
850500,0.030,0.400,0.570
851000,0.030,0.509,0.461
851500,0.030,0.425,0.545
852000,0.030,0.570,0.400
852500,0.030,0.503,0.467
853000,0.030,0.642,0.328
853500,0.030,0.573,0.397
854000,0.030,0.618,0.352
854500,0.030,0.386,0.584
855000,0.030,0.433,0.537
855500,0.030,0.490,0.480
856000,0.031,0.449,0.520
856500,0.030,0.365,0.605
857000,0.030,0.412,0.558
857500,0.030,0.430,0.540
858000,0.030,0.530,0.440
858500,0.030,0.364,0.606
859000,0.030,0.378,0.592
859500,0.030,0.416,0.554
860000,0.030,0.288,0.682
860500,0.030,0.410,0.560
861000,0.030,0.395,0.575
861500,0.030,0.482,0.488
862000,0.030,0.579,0.391
862500,0.030,0.570,0.400
863000,0.030,0.539,0.431
863500,0.030,0.460,0.510
864000,0.030,0.436,0.534
864500,0.030,0.372,0.598
865000,0.030,0.275,0.695
865500,0.030,0.544,0.426
866000,0.030,0.527,0.443
866500,0.030,0.406,0.564
867000,0.030,0.424,0.546
867500,0.030,0.436,0.534
868000,0.030,0.443,0.527
868500,0.030,0.457,0.513
869000,0.030,0.526,0.444
869500,0.030,0.437,0.533
870000,0.030,0.423,0.547
870500,0.030,0.582,0.388
871000,0.030,0.448,0.522
871500,0.030,0.444,0.526
872000,0.030,0.480,0.490
872500,0.030,0.471,0.499
873000,0.030,0.408,0.562
873500,0.030,0.466,0.504
874000,0.030,0.501,0.469
874500,0.030,0.389,0.581
875000,0.030,0.391,0.579
875500,0.030,0.429,0.541
876000,0.030,0.406,0.564
876500,0.030,0.353,0.617
877000,0.030,0.346,0.624
877500,0.030,0.422,0.548
878000,0.030,0.390,0.580
878500,0.030,0.409,0.561
879000,0.030,0.460,0.510
879500,0.030,0.606,0.364
880000,0.030,0.492,0.478
880500,0.030,0.500,0.470
881000,0.030,0.536,0.434
881500,0.030,0.583,0.387
882000,0.030,0.486,0.484
882500,0.030,0.421,0.549
883000,0.030,0.387,0.583
883500,0.030,0.440,0.530
884000,0.030,0.510,0.460
884500,0.030,0.447,0.523
885000,0.030,0.526,0.444
885500,0.030,0.399,0.571
886000,0.030,0.423,0.547
886500,0.030,0.513,0.457
887000,0.030,0.602,0.368
887500,0.030,0.479,0.491
888000,0.031,0.312,0.657
888500,0.030,0.356,0.614
889000,0.030,0.367,0.603
889500,0.030,0.480,0.490
890000,0.030,0.443,0.527
890500,0.030,0.520,0.450
891000,0.030,0.473,0.497
891500,0.030,0.463,0.507
892000,0.030,0.549,0.421
892500,0.030,0.517,0.453
893000,0.030,0.631,0.339
893500,0.030,0.431,0.539
894000,0.030,0.426,0.544
894500,0.030,0.387,0.583
895000,0.030,0.440,0.530
895500,0.030,0.540,0.430
896000,0.030,0.533,0.437
896500,0.030,0.565,0.405
897000,0.030,0.659,0.311
897500,0.030,0.529,0.441
898000,0.030,0.501,0.469
898500,0.030,0.617,0.353
899000,0.030,0.515,0.455
899500,0.030,0.521,0.449
900000,0.030,0.475,0.495
900500,0.030,0.400,0.570
901000,0.030,0.483,0.487
901500,0.030,0.332,0.638
902000,0.030,0.561,0.409
902500,0.030,0.620,0.350
903000,0.030,0.650,0.320
903500,0.030,0.581,0.389
904000,0.030,0.602,0.368
904500,0.030,0.469,0.501
905000,0.030,0.671,0.299
905500,0.030,0.472,0.498
906000,0.030,0.522,0.448
906500,0.030,0.411,0.559
907000,0.030,0.523,0.447
907500,0.030,0.550,0.420
908000,0.030,0.544,0.426
908500,0.030,0.569,0.401
909000,0.030,0.497,0.473
909500,0.030,0.387,0.583
910000,0.030,0.457,0.513
910500,0.030,0.427,0.543
911000,0.030,0.469,0.501
911500,0.030,0.456,0.514
912000,0.030,0.442,0.528
912500,0.030,0.444,0.526
913000,0.030,0.481,0.489
913500,0.030,0.398,0.572
914000,0.030,0.409,0.561
914500,0.030,0.436,0.534
915000,0.030,0.321,0.649
915500,0.030,0.445,0.525
916000,0.030,0.405,0.565
916500,0.030,0.502,0.468
917000,0.030,0.318,0.652
917500,0.030,0.510,0.460
918000,0.030,0.359,0.611
918500,0.030,0.553,0.417
919000,0.030,0.342,0.628
919500,0.030,0.335,0.635
920000,0.030,0.513,0.457
920500,0.030,0.503,0.467
921000,0.030,0.361,0.609
921500,0.030,0.348,0.622
922000,0.030,0.432,0.538
922500,0.030,0.474,0.496
923000,0.030,0.423,0.547
923500,0.030,0.503,0.467
924000,0.030,0.393,0.577
924500,0.030,0.448,0.522
925000,0.030,0.356,0.614
925500,0.030,0.463,0.507
926000,0.030,0.443,0.527
926500,0.030,0.330,0.640
927000,0.030,0.581,0.389
927500,0.030,0.551,0.419
928000,0.030,0.495,0.475
928500,0.030,0.489,0.481
929000,0.030,0.437,0.533
929500,0.030,0.527,0.443
930000,0.030,0.494,0.476
930500,0.030,0.487,0.483
931000,0.030,0.427,0.543
931500,0.030,0.447,0.523
932000,0.032,0.320,0.648
932500,0.030,0.555,0.415
933000,0.030,0.517,0.453
933500,0.030,0.519,0.451
934000,0.030,0.446,0.524
934500,0.030,0.506,0.464
935000,0.030,0.480,0.490
935500,0.030,0.510,0.460
936000,0.030,0.579,0.391
936500,0.030,0.442,0.528
937000,0.030,0.495,0.475
937500,0.030,0.401,0.569
938000,0.030,0.433,0.537
938500,0.030,0.370,0.600
939000,0.030,0.363,0.607
939500,0.030,0.346,0.624
940000,0.030,0.356,0.614
940500,0.030,0.469,0.501
941000,0.030,0.364,0.606
941500,0.030,0.501,0.469
942000,0.030,0.489,0.481
942500,0.030,0.557,0.413
943000,0.030,0.456,0.514
943500,0.030,0.496,0.474
944000,0.030,0.423,0.547
944500,0.030,0.505,0.465
945000,0.030,0.496,0.474
945500,0.030,0.442,0.528
946000,0.030,0.574,0.396
946500,0.030,0.353,0.617
947000,0.030,0.534,0.436
947500,0.030,0.462,0.508
948000,0.030,0.493,0.477
948500,0.030,0.362,0.608
949000,0.030,0.422,0.548
949500,0.030,0.424,0.546
950000,0.030,0.522,0.448
950500,0.030,0.454,0.516
951000,0.030,0.433,0.537
951500,0.030,0.381,0.589
952000,0.030,0.547,0.423
952500,0.030,0.458,0.512
953000,0.030,0.392,0.578
953500,0.030,0.434,0.536
954000,0.030,0.434,0.536
954500,0.030,0.447,0.523
955000,0.030,0.505,0.465
955500,0.030,0.435,0.535
956000,0.030,0.471,0.499
956500,0.030,0.453,0.517
957000,0.030,0.494,0.476
957500,0.030,0.485,0.485
958000,0.030,0.395,0.575
958500,0.030,0.428,0.542
959000,0.030,0.574,0.396
959500,0.030,0.559,0.411
960000,0.030,0.416,0.554
960500,0.030,0.373,0.597
961000,0.030,0.520,0.450
961500,0.030,0.565,0.405
962000,0.030,0.542,0.428
962500,0.030,0.527,0.443
963000,0.030,0.556,0.414
963500,0.030,0.450,0.520
964000,0.030,0.400,0.570
964500,0.030,0.469,0.501
965000,0.030,0.400,0.570
965500,0.030,0.368,0.602
966000,0.030,0.457,0.513
966500,0.030,0.444,0.526
967000,0.030,0.409,0.561
967500,0.030,0.395,0.575
968000,0.030,0.265,0.705
968500,0.031,0.476,0.493
969000,0.030,0.491,0.479
969500,0.030,0.450,0.520
970000,0.030,0.463,0.507
970500,0.030,0.480,0.490
971000,0.030,0.448,0.522
971500,0.030,0.381,0.589
972000,0.030,0.427,0.543
972500,0.030,0.533,0.437
973000,0.030,0.496,0.474
973500,0.030,0.501,0.469
974000,0.030,0.295,0.675
974500,0.030,0.444,0.526
975000,0.030,0.522,0.448
975500,0.030,0.458,0.512
976000,0.030,0.535,0.435
976500,0.030,0.449,0.521
977000,0.030,0.521,0.449
977500,0.030,0.496,0.474
978000,0.030,0.478,0.492
978500,0.030,0.479,0.491
979000,0.030,0.439,0.531
979500,0.030,0.404,0.566
980000,0.030,0.281,0.689
980500,0.030,0.407,0.563
981000,0.030,0.455,0.515
981500,0.030,0.440,0.530
982000,0.030,0.349,0.621
982500,0.030,0.422,0.548
983000,0.030,0.476,0.494
983500,0.030,0.439,0.531
984000,0.030,0.466,0.504
984500,0.030,0.507,0.463
985000,0.030,0.402,0.568
985500,0.030,0.389,0.581
986000,0.030,0.369,0.601
986500,0.030,0.597,0.373
987000,0.030,0.429,0.541
987500,0.030,0.456,0.514
988000,0.030,0.360,0.610
988500,0.030,0.448,0.522
989000,0.030,0.396,0.574
989500,0.030,0.448,0.522
990000,0.030,0.557,0.413
990500,0.030,0.442,0.528
991000,0.030,0.429,0.541
991500,0.030,0.459,0.511
992000,0.030,0.549,0.421
992500,0.030,0.481,0.489
993000,0.030,0.471,0.499
993500,0.030,0.481,0.489
994000,0.030,0.352,0.618
994500,0.030,0.437,0.533
995000,0.030,0.517,0.453
995500,0.030,0.484,0.486
996000,0.030,0.441,0.529
996500,0.030,0.468,0.502
997000,0.030,0.571,0.399
997500,0.030,0.629,0.341
998000,0.030,0.474,0.496
998500,0.030,0.338,0.632
999000,0.030,0.441,0.529
999500,0.030,0.436,0.534
1000000,0.030,0.507,0.463
