time,n_A+p,n_B,n_AB
100,0.022,0.967,0.011
200,0.022,0.957,0.022
300,0.022,0.967,0.011
400,0.022,0.967,0.011
500,0.022,0.967,0.011
600,0.022,0.967,0.011
700,0.022,0.957,0.022
800,0.022,0.935,0.043
900,0.022,0.946,0.033
1000,0.022,0.946,0.033
1100,0.022,0.946,0.033
1200,0.022,0.967,0.011
1300,0.022,0.967,0.011
1400,0.033,0.967,0.000
1500,0.033,0.935,0.033
1600,0.022,0.946,0.033
1700,0.033,0.946,0.022
1800,0.022,0.924,0.054
1900,0.022,0.935,0.043
2000,0.022,0.978,0.000
2100,0.022,0.967,0.011
2200,0.022,0.978,0.000
2300,0.022,0.967,0.011
2400,0.022,0.957,0.022
2500,0.022,0.967,0.011
2600,0.022,0.967,0.011
2700,0.022,0.967,0.011
2800,0.022,0.946,0.033
2900,0.022,0.978,0.000
3000,0.022,0.957,0.022
3100,0.022,0.935,0.043
3200,0.033,0.902,0.065
3300,0.022,0.935,0.043
3400,0.022,0.935,0.043
3500,0.033,0.924,0.043
3600,0.033,0.891,0.076
3700,0.033,0.924,0.043
3800,0.022,0.891,0.087
3900,0.043,0.891,0.065
4000,0.033,0.924,0.043
4100,0.033,0.935,0.033
4200,0.033,0.935,0.033
4300,0.022,0.902,0.076
4400,0.022,0.935,0.043
4500,0.022,0.946,0.033
4600,0.022,0.978,0.000
4700,0.022,0.924,0.054
4800,0.033,0.891,0.076
4900,0.022,0.957,0.022
5000,0.022,0.957,0.022
5100,0.022,0.967,0.011
5200,0.022,0.957,0.022
5300,0.043,0.924,0.033
5400,0.054,0.924,0.022
5500,0.065,0.826,0.109
5600,0.065,0.848,0.087
5700,0.054,0.902,0.043
5800,0.054,0.902,0.043
5900,0.033,0.935,0.033
6000,0.022,0.913,0.065
6100,0.022,0.913,0.065
6200,0.022,0.902,0.076
6300,0.033,0.924,0.043
6400,0.022,0.935,0.043
6500,0.022,0.924,0.054
6600,0.033,0.924,0.043
6700,0.054,0.913,0.033
6800,0.043,0.891,0.065
6900,0.022,0.924,0.054
7000,0.022,0.957,0.022
7100,0.022,0.957,0.022
7200,0.022,0.967,0.011
7300,0.022,0.946,0.033
7400,0.022,0.978,0.000
7500,0.022,0.978,0.000
7600,0.022,0.978,0.000
7700,0.022,0.935,0.043
7800,0.022,0.978,0.000
7900,0.022,0.978,0.000
8000,0.022,0.978,0.000
8100,0.022,0.967,0.011
8200,0.022,0.978,0.000
8300,0.022,0.935,0.043
8400,0.022,0.946,0.033
8500,0.022,0.957,0.022
8600,0.033,0.967,0.000
8700,0.033,0.902,0.065
8800,0.022,0.957,0.022
8900,0.022,0.967,0.011
9000,0.022,0.957,0.022
9100,0.022,0.924,0.054
9200,0.022,0.924,0.054
9300,0.033,0.935,0.033
9400,0.043,0.935,0.022
9500,0.033,0.924,0.043
9600,0.022,0.957,0.022
9700,0.022,0.957,0.022
9800,0.022,0.946,0.033
9900,0.022,0.902,0.076
10000,0.022,0.913,0.065
10100,0.022,0.913,0.065
10200,0.022,0.967,0.011
10300,0.022,0.957,0.022
10400,0.022,0.967,0.011
10500,0.022,0.967,0.011
10600,0.022,0.967,0.011
10700,0.022,0.957,0.022
10800,0.022,0.978,0.000
10900,0.022,0.957,0.022
11000,0.022,0.967,0.011
11100,0.022,0.978,0.000
11200,0.022,0.978,0.000
11300,0.022,0.957,0.022
11400,0.022,0.957,0.022
11500,0.022,0.967,0.011
11600,0.022,0.978,0.000
11700,0.022,0.957,0.022
11800,0.022,0.957,0.022
11900,0.022,0.957,0.022
12000,0.033,0.946,0.022
12100,0.022,0.913,0.065
12200,0.033,0.946,0.022
12300,0.022,0.978,0.000
12400,0.022,0.978,0.000
12500,0.022,0.967,0.011
12600,0.022,0.924,0.054
12700,0.022,0.967,0.011
12800,0.022,0.967,0.011
12900,0.022,0.967,0.011
13000,0.022,0.913,0.065
13100,0.054,0.891,0.054
13200,0.043,0.902,0.054
13300,0.022,0.946,0.033
13400,0.022,0.967,0.011
13500,0.022,0.967,0.011
13600,0.022,0.957,0.022
13700,0.022,0.946,0.033
13800,0.022,0.946,0.033
13900,0.033,0.946,0.022
14000,0.033,0.924,0.043
14100,0.043,0.924,0.033
14200,0.043,0.946,0.011
14300,0.022,0.924,0.054
14400,0.022,0.967,0.011
14500,0.022,0.957,0.022
14600,0.022,0.967,0.011
14700,0.022,0.935,0.043
14800,0.022,0.967,0.011
14900,0.022,0.957,0.022
15000,0.022,0.957,0.022
15100,0.022,0.967,0.011
15200,0.022,0.935,0.043
15300,0.033,0.946,0.022
15400,0.033,0.957,0.011
15500,0.033,0.946,0.022
15600,0.033,0.935,0.033
15700,0.033,0.946,0.022
15800,0.022,0.978,0.000
15900,0.022,0.957,0.022
16000,0.022,0.957,0.022
16100,0.022,0.967,0.011
16200,0.022,0.967,0.011
16300,0.022,0.967,0.011
16400,0.022,0.978,0.000
16500,0.022,0.978,0.000
16600,0.022,0.957,0.022
16700,0.022,0.935,0.043
16800,0.033,0.913,0.054
16900,0.022,0.946,0.033
17000,0.022,0.913,0.065
17100,0.022,0.935,0.043
17200,0.033,0.957,0.011
17300,0.033,0.957,0.011
17400,0.022,0.967,0.011
17500,0.022,0.935,0.043
17600,0.043,0.946,0.011
17700,0.033,0.913,0.054
17800,0.033,0.935,0.033
17900,0.022,0.935,0.043
18000,0.022,0.957,0.022
18100,0.022,0.924,0.054
18200,0.022,0.967,0.011
18300,0.022,0.957,0.022
18400,0.022,0.967,0.011
18500,0.022,0.967,0.011
18600,0.022,0.957,0.022
18700,0.033,0.957,0.011
18800,0.033,0.946,0.022
18900,0.033,0.957,0.011
19000,0.033,0.935,0.033
19100,0.022,0.967,0.011
19200,0.033,0.924,0.043
19300,0.022,0.957,0.022
19400,0.022,0.946,0.033
19500,0.022,0.924,0.054
19600,0.022,0.935,0.043
19700,0.022,0.967,0.011
19800,0.022,0.957,0.022
19900,0.022,0.967,0.011
20000,0.022,0.957,0.022
20100,0.022,0.967,0.011
20200,0.033,0.946,0.022
20300,0.033,0.880,0.087
20400,0.022,0.935,0.043
20500,0.022,0.957,0.022
20600,0.022,0.946,0.033
20700,0.022,0.935,0.043
20800,0.022,0.967,0.011
20900,0.022,0.913,0.065
21000,0.022,0.957,0.022
21100,0.022,0.902,0.076
21200,0.022,0.935,0.043
21300,0.022,0.957,0.022
21400,0.022,0.967,0.011
21500,0.022,0.967,0.011
21600,0.022,0.946,0.033
21700,0.022,0.924,0.054
21800,0.022,0.957,0.022
21900,0.022,0.946,0.033
22000,0.033,0.946,0.022
22100,0.022,0.935,0.043
22200,0.022,0.967,0.011
22300,0.022,0.967,0.011
22400,0.022,0.978,0.000
22500,0.022,0.967,0.011
22600,0.022,0.924,0.054
22700,0.022,0.935,0.043
22800,0.022,0.967,0.011
22900,0.022,0.967,0.011
23000,0.043,0.924,0.033
23100,0.033,0.913,0.054
23200,0.022,0.957,0.022
23300,0.033,0.924,0.043
23400,0.022,0.957,0.022
23500,0.022,0.957,0.022
23600,0.022,0.957,0.022
23700,0.043,0.913,0.043
23800,0.033,0.935,0.033
23900,0.033,0.946,0.022
24000,0.033,0.946,0.022
24100,0.065,0.924,0.011
24200,0.033,0.946,0.022
24300,0.022,0.978,0.000
24400,0.022,0.978,0.000
24500,0.022,0.967,0.011
24600,0.022,0.978,0.000
24700,0.022,0.946,0.033
24800,0.022,0.935,0.043
24900,0.022,0.946,0.033
25000,0.022,0.924,0.054
25100,0.022,0.924,0.054
25200,0.022,0.946,0.033
25300,0.033,0.924,0.043
25400,0.033,0.913,0.054
25500,0.022,0.957,0.022
25600,0.022,0.957,0.022
25700,0.022,0.946,0.033
25800,0.043,0.924,0.033
25900,0.043,0.913,0.043
26000,0.033,0.902,0.065
26100,0.043,0.859,0.098
26200,0.054,0.913,0.033
26300,0.076,0.902,0.022
26400,0.033,0.924,0.043
26500,0.022,0.957,0.022
26600,0.022,0.935,0.043
26700,0.022,0.967,0.011
26800,0.022,0.935,0.043
26900,0.022,0.967,0.011
27000,0.022,0.957,0.022
27100,0.022,0.978,0.000
27200,0.022,0.967,0.011
27300,0.022,0.935,0.043
27400,0.022,0.978,0.000
27500,0.022,0.978,0.000
27600,0.022,0.967,0.011
27700,0.022,0.967,0.011
27800,0.022,0.967,0.011
27900,0.022,0.957,0.022
28000,0.022,0.978,0.000
28100,0.022,0.957,0.022
28200,0.022,0.967,0.011
28300,0.022,0.967,0.011
28400,0.022,0.935,0.043
28500,0.022,0.957,0.022
28600,0.022,0.957,0.022
28700,0.022,0.967,0.011
28800,0.022,0.957,0.022
28900,0.022,0.946,0.033
29000,0.022,0.978,0.000
29100,0.022,0.978,0.000
29200,0.022,0.978,0.000
29300,0.022,0.978,0.000
29400,0.022,0.978,0.000
29500,0.022,0.967,0.011
29600,0.022,0.935,0.043
29700,0.022,0.967,0.011
29800,0.022,0.967,0.011
29900,0.022,0.967,0.011
30000,0.022,0.967,0.011
30100,0.022,0.946,0.033
30200,0.022,0.967,0.011
30300,0.022,0.978,0.000
30400,0.022,0.978,0.000
30500,0.022,0.978,0.000
30600,0.022,0.978,0.000
30700,0.022,0.957,0.022
30800,0.022,0.957,0.022
30900,0.022,0.957,0.022
31000,0.022,0.935,0.043
31100,0.022,0.924,0.054
31200,0.022,0.935,0.043
31300,0.043,0.913,0.043
31400,0.043,0.870,0.087
31500,0.033,0.880,0.087
31600,0.043,0.924,0.033
31700,0.054,0.924,0.022
31800,0.043,0.891,0.065
31900,0.033,0.913,0.054
32000,0.033,0.891,0.076
32100,0.033,0.957,0.011
32200,0.022,0.935,0.043
32300,0.022,0.946,0.033
32400,0.022,0.967,0.011
32500,0.022,0.967,0.011
32600,0.022,0.880,0.098
32700,0.054,0.870,0.076
32800,0.043,0.880,0.076
32900,0.033,0.880,0.087
33000,0.033,0.859,0.109
33100,0.065,0.804,0.130
33200,0.043,0.859,0.098
33300,0.033,0.891,0.076
33400,0.022,0.924,0.054
33500,0.022,0.957,0.022
33600,0.022,0.924,0.054
33700,0.022,0.935,0.043
33800,0.033,0.935,0.033
33900,0.033,0.957,0.011
34000,0.033,0.935,0.033
34100,0.033,0.935,0.033
34200,0.033,0.913,0.054
34300,0.033,0.957,0.011
34400,0.033,0.946,0.022
34500,0.033,0.924,0.043
34600,0.033,0.935,0.033
34700,0.022,0.957,0.022
34800,0.022,0.957,0.022
34900,0.022,0.967,0.011
35000,0.022,0.978,0.000
35100,0.022,0.967,0.011
35200,0.022,0.946,0.033
35300,0.022,0.946,0.033
35400,0.033,0.967,0.000
35500,0.022,0.957,0.022
35600,0.022,0.978,0.000
35700,0.022,0.978,0.000
35800,0.022,0.978,0.000
35900,0.043,0.924,0.033
36000,0.098,0.837,0.065
36100,0.054,0.848,0.098
36200,0.076,0.859,0.065
36300,0.054,0.848,0.098
36400,0.043,0.870,0.087
36500,0.043,0.870,0.087
36600,0.109,0.826,0.065
36700,0.076,0.848,0.076
36800,0.141,0.815,0.043
36900,0.098,0.826,0.076
37000,0.043,0.859,0.098
37100,0.043,0.859,0.098
37200,0.043,0.913,0.043
37300,0.054,0.902,0.043
37400,0.065,0.913,0.022
37500,0.043,0.891,0.065
37600,0.043,0.891,0.065
37700,0.033,0.870,0.098
37800,0.033,0.902,0.065
37900,0.033,0.924,0.043
38000,0.022,0.913,0.065
38100,0.022,0.924,0.054
38200,0.022,0.935,0.043
38300,0.022,0.967,0.011
38400,0.022,0.957,0.022
38500,0.022,0.978,0.000
38600,0.033,0.957,0.011
38700,0.033,0.946,0.022
38800,0.022,0.978,0.000
38900,0.022,0.978,0.000
39000,0.022,0.967,0.011
39100,0.022,0.967,0.011
39200,0.033,0.946,0.022
39300,0.022,0.870,0.109
39400,0.022,0.946,0.033
39500,0.022,0.946,0.033
39600,0.043,0.935,0.022
39700,0.022,0.946,0.033
39800,0.022,0.967,0.011
39900,0.054,0.935,0.011
40000,0.022,0.957,0.022
40100,0.022,0.967,0.011
40200,0.022,0.946,0.033
40300,0.022,0.967,0.011
40400,0.022,0.978,0.000
40500,0.022,0.946,0.033
40600,0.022,0.978,0.000
40700,0.022,0.946,0.033
40800,0.043,0.924,0.033
40900,0.022,0.891,0.087
41000,0.033,0.902,0.065
41100,0.022,0.957,0.022
41200,0.022,0.924,0.054
41300,0.022,0.924,0.054
41400,0.022,0.967,0.011
41500,0.022,0.946,0.033
41600,0.022,0.967,0.011
41700,0.022,0.957,0.022
41800,0.022,0.978,0.000
41900,0.022,0.935,0.043
42000,0.022,0.935,0.043
42100,0.022,0.957,0.022
42200,0.022,0.935,0.043
42300,0.022,0.946,0.033
42400,0.022,0.935,0.043
42500,0.033,0.924,0.043
42600,0.022,0.946,0.033
42700,0.022,0.978,0.000
42800,0.022,0.957,0.022
42900,0.022,0.978,0.000
43000,0.022,0.978,0.000
43100,0.022,0.924,0.054
43200,0.022,0.967,0.011
43300,0.033,0.957,0.011
43400,0.033,0.913,0.054
43500,0.022,0.924,0.054
43600,0.022,0.935,0.043
43700,0.022,0.935,0.043
43800,0.022,0.946,0.033
43900,0.022,0.978,0.000
44000,0.022,0.978,0.000
44100,0.022,0.978,0.000
44200,0.022,0.946,0.033
44300,0.022,0.946,0.033
44400,0.022,0.967,0.011
44500,0.022,0.957,0.022
44600,0.022,0.946,0.033
44700,0.033,0.946,0.022
44800,0.022,0.902,0.076
44900,0.054,0.924,0.022
45000,0.033,0.891,0.076
45100,0.022,0.913,0.065
45200,0.022,0.913,0.065
45300,0.043,0.935,0.022
45400,0.022,0.957,0.022
45500,0.022,0.946,0.033
45600,0.022,0.935,0.043
45700,0.033,0.957,0.011
45800,0.022,0.957,0.022
45900,0.022,0.957,0.022
46000,0.033,0.967,0.000
46100,0.033,0.957,0.011
46200,0.022,0.978,0.000
46300,0.022,0.978,0.000
46400,0.022,0.978,0.000
46500,0.022,0.967,0.011
46600,0.033,0.967,0.000
46700,0.022,0.946,0.033
46800,0.022,0.957,0.022
46900,0.022,0.978,0.000
47000,0.022,0.978,0.000
47100,0.022,0.957,0.022
47200,0.022,0.935,0.043
47300,0.022,0.935,0.043
47400,0.022,0.924,0.054
47500,0.022,0.957,0.022
47600,0.022,0.946,0.033
47700,0.022,0.924,0.054
47800,0.022,0.924,0.054
47900,0.033,0.935,0.033
48000,0.033,0.924,0.043
48100,0.022,0.935,0.043
48200,0.022,0.946,0.033
48300,0.022,0.957,0.022
48400,0.022,0.957,0.022
48500,0.022,0.913,0.065
48600,0.022,0.935,0.043
48700,0.022,0.946,0.033
48800,0.022,0.957,0.022
48900,0.022,0.978,0.000
49000,0.022,0.978,0.000
49100,0.022,0.924,0.054
49200,0.022,0.967,0.011
49300,0.022,0.978,0.000
49400,0.022,0.957,0.022
49500,0.022,0.913,0.065
49600,0.022,0.935,0.043
49700,0.043,0.946,0.011
49800,0.033,0.967,0.000
49900,0.022,0.957,0.022
50000,0.022,0.957,0.022
50100,0.022,0.935,0.043
50200,0.022,0.935,0.043
50300,0.022,0.957,0.022
50400,0.022,0.826,0.152
50500,0.043,0.880,0.076
50600,0.043,0.913,0.043
50700,0.033,0.870,0.098
50800,0.033,0.913,0.054
50900,0.022,0.946,0.033
51000,0.022,0.957,0.022
51100,0.022,0.946,0.033
51200,0.022,0.967,0.011
51300,0.022,0.967,0.011
51400,0.022,0.913,0.065
51500,0.022,0.913,0.065
51600,0.022,0.935,0.043
51700,0.022,0.924,0.054
51800,0.022,0.913,0.065
51900,0.022,0.913,0.065
52000,0.022,0.946,0.033
52100,0.022,0.935,0.043
52200,0.022,0.924,0.054
52300,0.022,0.935,0.043
52400,0.022,0.935,0.043
52500,0.022,0.957,0.022
52600,0.022,0.957,0.022
52700,0.022,0.946,0.033
52800,0.022,0.946,0.033
52900,0.033,0.935,0.033
53000,0.022,0.967,0.011
53100,0.022,0.946,0.033
53200,0.043,0.913,0.043
53300,0.076,0.880,0.043
53400,0.065,0.870,0.065
53500,0.087,0.870,0.043
53600,0.054,0.880,0.065
53700,0.087,0.815,0.098
53800,0.087,0.783,0.130
53900,0.087,0.826,0.087
54000,0.054,0.913,0.033
54100,0.033,0.891,0.076
54200,0.022,0.891,0.087
54300,0.022,0.902,0.076
54400,0.022,0.957,0.022
54500,0.022,0.946,0.033
54600,0.022,0.946,0.033
54700,0.043,0.924,0.033
54800,0.033,0.913,0.054
54900,0.033,0.946,0.022
55000,0.033,0.946,0.022
55100,0.033,0.935,0.033
55200,0.033,0.946,0.022
55300,0.033,0.902,0.065
55400,0.065,0.880,0.054
55500,0.065,0.848,0.087
55600,0.130,0.804,0.065
55700,0.065,0.804,0.130
55800,0.054,0.837,0.109
55900,0.098,0.837,0.065
56000,0.065,0.870,0.065
56100,0.033,0.935,0.033
56200,0.054,0.913,0.033
56300,0.033,0.957,0.011
56400,0.033,0.924,0.043
56500,0.022,0.978,0.000
56600,0.033,0.913,0.054
56700,0.043,0.924,0.033
56800,0.033,0.924,0.043
56900,0.022,0.957,0.022
57000,0.022,0.978,0.000
57100,0.022,0.946,0.033
57200,0.022,0.946,0.033
57300,0.022,0.967,0.011
57400,0.022,0.957,0.022
57500,0.022,0.946,0.033
57600,0.033,0.902,0.065
57700,0.043,0.870,0.087
57800,0.033,0.946,0.022
57900,0.043,0.946,0.011
58000,0.033,0.924,0.043
58100,0.043,0.913,0.043
58200,0.043,0.946,0.011
58300,0.033,0.902,0.065
58400,0.054,0.902,0.043
58500,0.065,0.837,0.098
58600,0.054,0.913,0.033
58700,0.033,0.924,0.043
58800,0.022,0.946,0.033
58900,0.022,0.924,0.054
59000,0.033,0.957,0.011
59100,0.033,0.935,0.033
59200,0.033,0.967,0.000
59300,0.033,0.957,0.011
59400,0.033,0.957,0.011
59500,0.022,0.957,0.022
59600,0.022,0.967,0.011
59700,0.022,0.978,0.000
59800,0.043,0.957,0.000
59900,0.033,0.946,0.022
60000,0.033,0.946,0.022
60100,0.033,0.935,0.033
60200,0.033,0.913,0.054
60300,0.043,0.870,0.087
60400,0.043,0.924,0.033
60500,0.043,0.924,0.033
60600,0.033,0.935,0.033
60700,0.022,0.935,0.043
60800,0.022,0.935,0.043
60900,0.022,0.967,0.011
61000,0.022,0.957,0.022
61100,0.022,0.957,0.022
61200,0.022,0.957,0.022
61300,0.022,0.957,0.022
61400,0.022,0.978,0.000
61500,0.033,0.935,0.033
61600,0.033,0.946,0.022
61700,0.043,0.935,0.022
61800,0.033,0.957,0.011
61900,0.033,0.967,0.000
62000,0.022,0.957,0.022
62100,0.022,0.978,0.000
62200,0.033,0.967,0.000
62300,0.033,0.935,0.033
62400,0.043,0.924,0.033
62500,0.033,0.913,0.054
62600,0.033,0.957,0.011
62700,0.033,0.957,0.011
62800,0.033,0.946,0.022
62900,0.022,0.957,0.022
63000,0.022,0.967,0.011
63100,0.022,0.957,0.022
63200,0.022,0.978,0.000
63300,0.022,0.957,0.022
63400,0.022,0.957,0.022
63500,0.033,0.967,0.000
63600,0.033,0.935,0.033
63700,0.022,0.946,0.033
63800,0.022,0.946,0.033
63900,0.022,0.957,0.022
64000,0.022,0.967,0.011
64100,0.022,0.946,0.033
64200,0.022,0.978,0.000
64300,0.022,0.924,0.054
64400,0.033,0.946,0.022
64500,0.022,0.967,0.011
64600,0.022,0.957,0.022
64700,0.022,0.957,0.022
64800,0.022,0.957,0.022
64900,0.022,0.978,0.000
65000,0.022,0.978,0.000
65100,0.022,0.957,0.022
65200,0.022,0.967,0.011
65300,0.022,0.935,0.043
65400,0.033,0.924,0.043
65500,0.033,0.935,0.033
65600,0.022,0.935,0.043
65700,0.022,0.946,0.033
65800,0.022,0.967,0.011
65900,0.022,0.967,0.011
66000,0.022,0.924,0.054
66100,0.022,0.902,0.076
66200,0.022,0.967,0.011
66300,0.022,0.978,0.000
66400,0.022,0.978,0.000
66500,0.022,0.978,0.000
66600,0.022,0.967,0.011
66700,0.033,0.957,0.011
66800,0.022,0.967,0.011
66900,0.022,0.978,0.000
67000,0.022,0.967,0.011
67100,0.043,0.935,0.022
67200,0.022,0.924,0.054
67300,0.022,0.957,0.022
67400,0.022,0.913,0.065
67500,0.033,0.946,0.022
67600,0.033,0.967,0.000
67700,0.033,0.957,0.011
67800,0.033,0.946,0.022
67900,0.022,0.946,0.033
68000,0.022,0.946,0.033
68100,0.022,0.978,0.000
68200,0.022,0.978,0.000
68300,0.022,0.935,0.043
68400,0.033,0.913,0.054
68500,0.022,0.891,0.087
68600,0.033,0.913,0.054
68700,0.022,0.924,0.054
68800,0.033,0.957,0.011
68900,0.022,0.935,0.043
69000,0.022,0.935,0.043
69100,0.022,0.913,0.065
69200,0.033,0.902,0.065
69300,0.033,0.924,0.043
69400,0.043,0.946,0.011
69500,0.033,0.967,0.000
69600,0.033,0.935,0.033
69700,0.022,0.967,0.011
69800,0.022,0.957,0.022
69900,0.022,0.978,0.000
70000,0.022,0.967,0.011
70100,0.022,0.946,0.033
70200,0.022,0.967,0.011
70300,0.022,0.978,0.000
70400,0.054,0.935,0.011
70500,0.022,0.924,0.054
70600,0.022,0.946,0.033
70700,0.043,0.935,0.022
70800,0.043,0.924,0.033
70900,0.033,0.946,0.022
71000,0.033,0.957,0.011
71100,0.033,0.924,0.043
71200,0.054,0.924,0.022
71300,0.033,0.924,0.043
71400,0.022,0.935,0.043
71500,0.043,0.902,0.054
71600,0.022,0.913,0.065
71700,0.043,0.924,0.033
71800,0.033,0.859,0.109
71900,0.022,0.946,0.033
72000,0.033,0.924,0.043
72100,0.043,0.902,0.054
72200,0.022,0.946,0.033
72300,0.022,0.957,0.022
72400,0.022,0.967,0.011
72500,0.022,0.924,0.054
72600,0.022,0.924,0.054
72700,0.022,0.924,0.054
72800,0.033,0.924,0.043
72900,0.033,0.935,0.033
73000,0.033,0.946,0.022
73100,0.022,0.913,0.065
73200,0.022,0.946,0.033
73300,0.022,0.946,0.033
73400,0.022,0.946,0.033
73500,0.022,0.967,0.011
73600,0.022,0.935,0.043
73700,0.022,0.946,0.033
73800,0.022,0.967,0.011
73900,0.022,0.978,0.000
74000,0.022,0.967,0.011
74100,0.022,0.935,0.043
74200,0.022,0.946,0.033
74300,0.022,0.957,0.022
74400,0.022,0.924,0.054
74500,0.022,0.935,0.043
74600,0.033,0.924,0.043
74700,0.065,0.880,0.054
74800,0.043,0.902,0.054
74900,0.033,0.913,0.054
75000,0.033,0.891,0.076
75100,0.065,0.880,0.054
75200,0.076,0.880,0.043
75300,0.043,0.902,0.054
75400,0.043,0.924,0.033
75500,0.043,0.913,0.043
75600,0.033,0.946,0.022
75700,0.022,0.957,0.022
75800,0.022,0.978,0.000
75900,0.043,0.924,0.033
76000,0.022,0.891,0.087
76100,0.022,0.848,0.130
76200,0.022,0.946,0.033
76300,0.022,0.967,0.011
76400,0.022,0.946,0.033
76500,0.022,0.935,0.043
76600,0.022,0.935,0.043
76700,0.022,0.957,0.022
76800,0.022,0.957,0.022
76900,0.022,0.935,0.043
77000,0.022,0.978,0.000
77100,0.022,0.957,0.022
77200,0.022,0.967,0.011
77300,0.033,0.946,0.022
77400,0.022,0.978,0.000
77500,0.022,0.978,0.000
77600,0.022,0.978,0.000
77700,0.022,0.924,0.054
77800,0.022,0.935,0.043
77900,0.033,0.946,0.022
78000,0.022,0.935,0.043
78100,0.022,0.978,0.000
78200,0.022,0.957,0.022
78300,0.022,0.978,0.000
78400,0.022,0.978,0.000
78500,0.022,0.957,0.022
78600,0.022,0.946,0.033
78700,0.022,0.978,0.000
78800,0.022,0.978,0.000
78900,0.033,0.957,0.011
79000,0.033,0.902,0.065
79100,0.022,0.880,0.098
79200,0.043,0.924,0.033
79300,0.033,0.946,0.022
79400,0.022,0.946,0.033
79500,0.022,0.957,0.022
79600,0.022,0.967,0.011
79700,0.022,0.967,0.011
79800,0.022,0.978,0.000
79900,0.022,0.957,0.022
80000,0.043,0.870,0.087
80100,0.043,0.924,0.033
80200,0.022,0.924,0.054
80300,0.022,0.946,0.033
80400,0.022,0.967,0.011
80500,0.022,0.957,0.022
80600,0.043,0.946,0.011
80700,0.022,0.978,0.000
80800,0.022,0.967,0.011
80900,0.033,0.924,0.043
81000,0.054,0.870,0.076
81100,0.065,0.815,0.120
81200,0.076,0.880,0.043
81300,0.043,0.924,0.033
81400,0.054,0.880,0.065
81500,0.043,0.913,0.043
81600,0.054,0.870,0.076
81700,0.033,0.880,0.087
81800,0.022,0.880,0.098
81900,0.022,0.880,0.098
82000,0.033,0.946,0.022
82100,0.022,0.957,0.022
82200,0.022,0.967,0.011
82300,0.022,0.978,0.000
82400,0.022,0.978,0.000
82500,0.022,0.957,0.022
82600,0.033,0.967,0.000
82700,0.033,0.946,0.022
82800,0.022,0.924,0.054
82900,0.022,0.924,0.054
83000,0.043,0.935,0.022
83100,0.033,0.946,0.022
83200,0.022,0.967,0.011
83300,0.022,0.967,0.011
83400,0.022,0.978,0.000
83500,0.022,0.967,0.011
83600,0.022,0.946,0.033
83700,0.022,0.946,0.033
83800,0.022,0.967,0.011
83900,0.022,0.967,0.011
84000,0.022,0.935,0.043
84100,0.022,0.924,0.054
84200,0.022,0.957,0.022
84300,0.022,0.957,0.022
84400,0.022,0.946,0.033
84500,0.022,0.935,0.043
84600,0.022,0.902,0.076
84700,0.022,0.924,0.054
84800,0.022,0.902,0.076
84900,0.022,0.946,0.033
85000,0.022,0.957,0.022
85100,0.043,0.935,0.022
85200,0.022,0.935,0.043
85300,0.033,0.913,0.054
85400,0.033,0.902,0.065
85500,0.022,0.967,0.011
85600,0.022,0.978,0.000
85700,0.022,0.967,0.011
85800,0.022,0.967,0.011
85900,0.033,0.935,0.033
86000,0.033,0.924,0.043
86100,0.033,0.935,0.033
86200,0.022,0.935,0.043
86300,0.022,0.946,0.033
86400,0.022,0.957,0.022
86500,0.022,0.967,0.011
86600,0.022,0.935,0.043
86700,0.022,0.967,0.011
86800,0.022,0.902,0.076
86900,0.022,0.946,0.033
87000,0.022,0.957,0.022
87100,0.033,0.957,0.011
87200,0.033,0.967,0.000
87300,0.022,0.902,0.076
87400,0.022,0.924,0.054
87500,0.022,0.957,0.022
87600,0.033,0.913,0.054
87700,0.033,0.924,0.043
87800,0.033,0.957,0.011
87900,0.022,0.935,0.043
88000,0.022,0.967,0.011
88100,0.054,0.935,0.011
88200,0.022,0.957,0.022
88300,0.022,0.967,0.011
88400,0.022,0.957,0.022
88500,0.022,0.978,0.000
88600,0.022,0.946,0.033
88700,0.033,0.924,0.043
88800,0.033,0.924,0.043
88900,0.033,0.946,0.022
89000,0.033,0.935,0.033
89100,0.033,0.924,0.043
89200,0.033,0.946,0.022
89300,0.043,0.913,0.043
89400,0.043,0.870,0.087
89500,0.065,0.826,0.109
89600,0.065,0.837,0.098
89700,0.043,0.935,0.022
89800,0.054,0.924,0.022
89900,0.054,0.902,0.043
90000,0.033,0.902,0.065
90100,0.033,0.935,0.033
90200,0.054,0.913,0.033
90300,0.022,0.957,0.022
90400,0.022,0.967,0.011
90500,0.022,0.967,0.011
90600,0.022,0.978,0.000
90700,0.022,0.978,0.000
90800,0.022,0.967,0.011
90900,0.022,0.957,0.022
91000,0.022,0.957,0.022
91100,0.022,0.967,0.011
91200,0.022,0.935,0.043
91300,0.022,0.957,0.022
91400,0.022,0.913,0.065
91500,0.022,0.902,0.076
91600,0.022,0.902,0.076
91700,0.022,0.880,0.098
91800,0.022,0.924,0.054
91900,0.022,0.957,0.022
92000,0.022,0.957,0.022
92100,0.022,0.957,0.022
92200,0.022,0.957,0.022
92300,0.022,0.946,0.033
92400,0.022,0.946,0.033
92500,0.022,0.957,0.022
92600,0.022,0.967,0.011
92700,0.022,0.946,0.033
92800,0.022,0.957,0.022
92900,0.022,0.967,0.011
93000,0.022,0.967,0.011
93100,0.022,0.967,0.011
93200,0.022,0.978,0.000
93300,0.022,0.967,0.011
93400,0.022,0.924,0.054
93500,0.022,0.924,0.054
93600,0.022,0.935,0.043
93700,0.022,0.935,0.043
93800,0.033,0.935,0.033
93900,0.022,0.946,0.033
94000,0.022,0.935,0.043
94100,0.033,0.880,0.087
94200,0.022,0.913,0.065
94300,0.022,0.967,0.011
94400,0.022,0.967,0.011
94500,0.022,0.946,0.033
94600,0.022,0.967,0.011
94700,0.022,0.957,0.022
94800,0.043,0.913,0.043
94900,0.022,0.957,0.022
95000,0.043,0.924,0.033
95100,0.043,0.913,0.043
95200,0.033,0.880,0.087
95300,0.043,0.848,0.109
95400,0.033,0.880,0.087
95500,0.087,0.859,0.054
95600,0.054,0.880,0.065
95700,0.033,0.859,0.109
95800,0.033,0.946,0.022
95900,0.022,0.902,0.076
96000,0.033,0.924,0.043
96100,0.033,0.913,0.054
96200,0.022,0.946,0.033
96300,0.022,0.957,0.022
96400,0.022,0.978,0.000
96500,0.022,0.924,0.054
96600,0.033,0.924,0.043
96700,0.022,0.946,0.033
96800,0.043,0.891,0.065
96900,0.033,0.902,0.065
97000,0.043,0.946,0.011
97100,0.033,0.924,0.043
97200,0.043,0.870,0.087
97300,0.076,0.859,0.065
97400,0.054,0.891,0.054
97500,0.043,0.891,0.065
97600,0.043,0.826,0.130
97700,0.054,0.870,0.076
97800,0.065,0.902,0.033
97900,0.054,0.880,0.065
98000,0.054,0.913,0.033
98100,0.043,0.913,0.043
98200,0.043,0.902,0.054
98300,0.043,0.913,0.043
98400,0.043,0.870,0.087
98500,0.054,0.924,0.022
98600,0.065,0.913,0.022
98700,0.043,0.935,0.022
98800,0.033,0.891,0.076
98900,0.076,0.891,0.033
99000,0.065,0.848,0.087
99100,0.054,0.880,0.065
99200,0.043,0.870,0.087
99300,0.022,0.957,0.022
99400,0.022,0.935,0.043
99500,0.022,0.967,0.011
99600,0.022,0.935,0.043
99700,0.033,0.946,0.022
99800,0.043,0.946,0.011
99900,0.022,0.924,0.054
100000,0.033,0.957,0.011
