time,n_A+p,n_B,n_AB
500,0.050,0.161,0.789
1000,0.273,0.010,0.717
1500,0.423,0.000,0.577
2000,0.445,0.000,0.555
2500,0.360,0.000,0.640
3000,0.386,0.000,0.614
3500,0.508,0.000,0.492
4000,0.450,0.000,0.550
4500,0.530,0.000,0.470
5000,0.404,0.000,0.596
5500,0.354,0.000,0.646
6000,0.368,0.000,0.632
6500,0.400,0.000,0.600
7000,0.467,0.000,0.533
7500,0.489,0.000,0.511
8000,0.380,0.000,0.620
8500,0.487,0.000,0.513
9000,0.428,0.000,0.572
9500,0.465,0.000,0.535
10000,0.526,0.000,0.474
10500,0.496,0.000,0.504
11000,0.336,0.000,0.664
11500,0.228,0.000,0.772
12000,0.526,0.000,0.474
12500,0.438,0.000,0.562
13000,0.371,0.000,0.629
13500,0.478,0.000,0.522
14000,0.583,0.000,0.417
14500,0.484,0.000,0.516
15000,0.370,0.000,0.630
15500,0.452,0.000,0.548
16000,0.274,0.011,0.715
16500,0.426,0.000,0.574
17000,0.448,0.000,0.552
17500,0.397,0.000,0.603
18000,0.441,0.000,0.559
18500,0.331,0.000,0.669
19000,0.552,0.000,0.448
19500,0.334,0.000,0.666
20000,0.339,0.000,0.661
20500,0.406,0.000,0.594
21000,0.335,0.000,0.665
21500,0.460,0.000,0.540
22000,0.453,0.000,0.547
22500,0.325,0.000,0.675
23000,0.383,0.000,0.617
23500,0.352,0.000,0.648
24000,0.300,0.000,0.700
24500,0.422,0.000,0.578
25000,0.546,0.000,0.454
25500,0.387,0.000,0.613
26000,0.384,0.000,0.616
26500,0.353,0.000,0.647
27000,0.330,0.000,0.670
27500,0.498,0.000,0.502
28000,0.401,0.000,0.599
28500,0.490,0.000,0.510
29000,0.534,0.000,0.466
29500,0.572,0.000,0.428
30000,0.502,0.000,0.498
30500,0.433,0.000,0.567
31000,0.404,0.000,0.596
31500,0.371,0.000,0.629
32000,0.332,0.000,0.668
32500,0.420,0.000,0.580
33000,0.523,0.000,0.477
33500,0.336,0.000,0.664
34000,0.353,0.000,0.647
34500,0.367,0.000,0.633
35000,0.405,0.000,0.595
35500,0.425,0.000,0.575
36000,0.370,0.000,0.630
36500,0.349,0.000,0.651
37000,0.420,0.000,0.580
37500,0.490,0.000,0.510
38000,0.367,0.000,0.633
38500,0.440,0.000,0.560
39000,0.471,0.000,0.529
39500,0.447,0.000,0.553
40000,0.567,0.000,0.433
40500,0.419,0.000,0.581
41000,0.424,0.000,0.576
41500,0.428,0.000,0.572
42000,0.427,0.000,0.573
42500,0.307,0.000,0.693
43000,0.491,0.000,0.509
43500,0.420,0.000,0.580
44000,0.373,0.000,0.627
44500,0.495,0.000,0.505
45000,0.353,0.000,0.647
45500,0.459,0.000,0.541
46000,0.448,0.000,0.552
46500,0.517,0.000,0.483
47000,0.370,0.000,0.630
47500,0.451,0.000,0.549
48000,0.405,0.000,0.595
48500,0.448,0.000,0.552
49000,0.379,0.000,0.621
49500,0.504,0.000,0.496
50000,0.404,0.000,0.596
50500,0.419,0.000,0.581
51000,0.454,0.000,0.546
51500,0.408,0.000,0.592
52000,0.461,0.000,0.539
52500,0.395,0.000,0.605
53000,0.443,0.000,0.557
53500,0.370,0.000,0.630
54000,0.337,0.000,0.663
54500,0.334,0.000,0.666
55000,0.406,0.000,0.594
55500,0.509,0.000,0.491
56000,0.551,0.000,0.449
56500,0.394,0.000,0.606
57000,0.276,0.000,0.724
57500,0.475,0.000,0.525
58000,0.423,0.000,0.577
58500,0.324,0.000,0.676
59000,0.413,0.000,0.587
59500,0.457,0.000,0.543
60000,0.339,0.000,0.661
60500,0.363,0.000,0.637
61000,0.431,0.000,0.569
61500,0.471,0.000,0.529
62000,0.357,0.000,0.643
62500,0.341,0.000,0.659
63000,0.577,0.000,0.423
63500,0.393,0.000,0.607
64000,0.449,0.000,0.551
64500,0.377,0.000,0.623
65000,0.443,0.000,0.557
65500,0.598,0.000,0.402
66000,0.323,0.000,0.677
66500,0.438,0.000,0.562
67000,0.368,0.000,0.632
67500,0.393,0.000,0.607
68000,0.456,0.000,0.544
68500,0.444,0.000,0.556
69000,0.451,0.000,0.549
69500,0.468,0.000,0.532
70000,0.423,0.000,0.577
70500,0.433,0.000,0.567
71000,0.412,0.000,0.588
71500,0.469,0.000,0.531
72000,0.423,0.000,0.577
72500,0.447,0.000,0.553
73000,0.328,0.000,0.672
73500,0.565,0.000,0.435
74000,0.389,0.000,0.611
74500,0.391,0.000,0.609
75000,0.411,0.000,0.589
75500,0.322,0.000,0.678
76000,0.381,0.000,0.619
76500,0.461,0.000,0.539
77000,0.438,0.000,0.562
77500,0.516,0.000,0.484
78000,0.385,0.000,0.615
78500,0.232,0.000,0.768
79000,0.476,0.000,0.524
79500,0.445,0.000,0.555
80000,0.527,0.000,0.473
80500,0.501,0.000,0.499
81000,0.421,0.000,0.579
81500,0.343,0.000,0.657
82000,0.490,0.000,0.510
82500,0.342,0.000,0.658
83000,0.334,0.000,0.666
83500,0.339,0.000,0.661
84000,0.324,0.000,0.676
84500,0.404,0.000,0.596
85000,0.440,0.000,0.560
85500,0.527,0.000,0.473
86000,0.372,0.000,0.628
86500,0.368,0.000,0.632
87000,0.383,0.000,0.617
87500,0.431,0.000,0.569
88000,0.387,0.000,0.613
88500,0.463,0.000,0.537
89000,0.327,0.000,0.673
89500,0.393,0.000,0.607
90000,0.377,0.000,0.623
90500,0.409,0.000,0.591
91000,0.483,0.000,0.517
91500,0.467,0.000,0.533
92000,0.410,0.000,0.590
92500,0.298,0.000,0.702
93000,0.507,0.000,0.493
93500,0.402,0.000,0.598
94000,0.426,0.000,0.574
94500,0.471,0.000,0.529
95000,0.472,0.000,0.528
95500,0.359,0.000,0.641
96000,0.511,0.000,0.489
96500,0.279,0.000,0.721
97000,0.422,0.000,0.578
97500,0.385,0.000,0.615
98000,0.425,0.000,0.575
98500,0.326,0.000,0.674
99000,0.549,0.000,0.451
99500,0.428,0.000,0.572
100000,0.467,0.000,0.533
100500,0.365,0.000,0.635
101000,0.409,0.000,0.591
101500,0.405,0.000,0.595
102000,0.373,0.000,0.627
102500,0.444,0.000,0.556
103000,0.372,0.000,0.628
103500,0.473,0.000,0.527
104000,0.446,0.000,0.554
104500,0.328,0.000,0.672
105000,0.417,0.000,0.583
105500,0.332,0.000,0.668
106000,0.485,0.000,0.515
106500,0.449,0.000,0.551
107000,0.371,0.000,0.629
107500,0.352,0.000,0.648
108000,0.451,0.000,0.549
108500,0.416,0.000,0.584
109000,0.608,0.000,0.392
109500,0.431,0.000,0.569
110000,0.531,0.000,0.469
110500,0.440,0.000,0.560
111000,0.400,0.000,0.600
111500,0.542,0.000,0.458
112000,0.447,0.000,0.553
112500,0.388,0.000,0.612
113000,0.373,0.000,0.627
113500,0.573,0.000,0.427
114000,0.309,0.000,0.691
114500,0.348,0.000,0.652
115000,0.463,0.000,0.537
115500,0.534,0.000,0.466
116000,0.564,0.000,0.436
116500,0.381,0.000,0.619
117000,0.467,0.000,0.533
117500,0.466,0.000,0.534
118000,0.569,0.000,0.431
118500,0.453,0.000,0.547
119000,0.377,0.000,0.623
119500,0.556,0.000,0.444
120000,0.571,0.000,0.429
120500,0.363,0.000,0.637
121000,0.399,0.000,0.601
121500,0.405,0.000,0.595
122000,0.499,0.000,0.501
122500,0.500,0.000,0.500
123000,0.442,0.000,0.558
123500,0.461,0.000,0.539
124000,0.495,0.000,0.505
124500,0.423,0.000,0.577
125000,0.436,0.000,0.564
125500,0.478,0.000,0.522
126000,0.469,0.000,0.531
126500,0.567,0.000,0.433
127000,0.414,0.000,0.586
127500,0.392,0.000,0.608
128000,0.492,0.000,0.508
128500,0.437,0.000,0.563
129000,0.453,0.000,0.547
129500,0.399,0.000,0.601
130000,0.562,0.000,0.438
130500,0.440,0.000,0.560
131000,0.309,0.000,0.691
131500,0.367,0.000,0.633
132000,0.395,0.000,0.605
132500,0.352,0.000,0.648
133000,0.458,0.000,0.542
133500,0.376,0.000,0.624
134000,0.494,0.000,0.506
134500,0.441,0.000,0.559
135000,0.387,0.000,0.613
135500,0.433,0.000,0.567
136000,0.544,0.000,0.456
136500,0.481,0.000,0.519
137000,0.427,0.000,0.573
137500,0.403,0.000,0.597
138000,0.498,0.000,0.502
138500,0.476,0.000,0.524
139000,0.391,0.000,0.609
139500,0.351,0.000,0.649
140000,0.339,0.000,0.661
140500,0.410,0.000,0.590
141000,0.445,0.000,0.555
141500,0.561,0.000,0.439
142000,0.463,0.000,0.537
142500,0.411,0.000,0.589
143000,0.530,0.000,0.470
143500,0.375,0.000,0.625
144000,0.464,0.000,0.536
144500,0.582,0.000,0.418
145000,0.494,0.000,0.506
145500,0.603,0.000,0.397
146000,0.470,0.000,0.530
146500,0.385,0.000,0.615
147000,0.434,0.001,0.565
147500,0.347,0.000,0.653
148000,0.463,0.000,0.537
148500,0.463,0.000,0.537
149000,0.369,0.000,0.631
149500,0.428,0.000,0.572
150000,0.462,0.000,0.538
150500,0.394,0.000,0.606
151000,0.323,0.000,0.677
151500,0.353,0.000,0.647
152000,0.464,0.000,0.536
152500,0.227,0.000,0.773
153000,0.312,0.000,0.688
153500,0.388,0.000,0.612
154000,0.512,0.000,0.488
154500,0.389,0.000,0.611
155000,0.346,0.000,0.654
155500,0.410,0.000,0.590
156000,0.276,0.000,0.724
156500,0.418,0.000,0.582
157000,0.488,0.000,0.512
157500,0.442,0.000,0.558
158000,0.510,0.000,0.490
158500,0.413,0.000,0.587
159000,0.353,0.000,0.647
159500,0.351,0.000,0.649
160000,0.385,0.000,0.615
160500,0.434,0.000,0.566
161000,0.607,0.000,0.393
161500,0.417,0.000,0.583
162000,0.438,0.000,0.562
162500,0.388,0.000,0.612
163000,0.426,0.000,0.574
163500,0.449,0.000,0.551
164000,0.468,0.000,0.532
164500,0.481,0.000,0.519
165000,0.621,0.000,0.379
165500,0.330,0.000,0.670
166000,0.431,0.000,0.569
166500,0.569,0.000,0.431
167000,0.455,0.000,0.545
167500,0.327,0.000,0.673
168000,0.398,0.000,0.602
168500,0.336,0.000,0.664
169000,0.453,0.000,0.547
169500,0.455,0.000,0.545
170000,0.503,0.000,0.497
170500,0.525,0.000,0.475
171000,0.319,0.000,0.681
171500,0.372,0.000,0.628
172000,0.436,0.000,0.564
172500,0.327,0.000,0.673
173000,0.419,0.000,0.581
173500,0.506,0.000,0.494
174000,0.372,0.000,0.628
174500,0.529,0.000,0.471
175000,0.488,0.000,0.512
175500,0.583,0.000,0.417
176000,0.626,0.000,0.374
176500,0.628,0.000,0.372
177000,0.358,0.000,0.642
177500,0.452,0.000,0.548
178000,0.549,0.000,0.451
178500,0.417,0.000,0.583
179000,0.421,0.000,0.579
179500,0.359,0.000,0.641
180000,0.481,0.000,0.519
180500,0.455,0.000,0.545
181000,0.468,0.000,0.532
181500,0.450,0.000,0.550
182000,0.461,0.000,0.539
182500,0.544,0.000,0.456
183000,0.430,0.000,0.570
183500,0.412,0.000,0.588
184000,0.431,0.000,0.569
184500,0.328,0.000,0.672
185000,0.451,0.000,0.549
185500,0.403,0.000,0.597
186000,0.365,0.000,0.635
186500,0.515,0.000,0.485
187000,0.515,0.000,0.485
187500,0.314,0.000,0.686
188000,0.366,0.000,0.634
188500,0.331,0.000,0.669
189000,0.417,0.000,0.583
189500,0.408,0.002,0.590
190000,0.358,0.001,0.641
190500,0.496,0.000,0.504
191000,0.435,0.000,0.565
191500,0.335,0.000,0.665
192000,0.418,0.000,0.582
192500,0.406,0.000,0.594
193000,0.451,0.000,0.549
193500,0.583,0.000,0.417
194000,0.456,0.000,0.544
194500,0.456,0.000,0.544
195000,0.403,0.000,0.597
195500,0.425,0.000,0.575
196000,0.477,0.000,0.523
196500,0.450,0.000,0.550
197000,0.392,0.000,0.608
197500,0.431,0.000,0.569
198000,0.473,0.000,0.527
198500,0.419,0.000,0.581
199000,0.436,0.000,0.564
199500,0.433,0.000,0.567
200000,0.488,0.000,0.512
200500,0.535,0.000,0.465
201000,0.488,0.000,0.512
201500,0.494,0.000,0.506
202000,0.431,0.000,0.569
202500,0.303,0.000,0.697
203000,0.367,0.000,0.633
203500,0.495,0.000,0.505
204000,0.384,0.000,0.616
204500,0.506,0.000,0.494
205000,0.403,0.000,0.597
205500,0.393,0.000,0.607
206000,0.392,0.000,0.608
206500,0.362,0.000,0.638
207000,0.383,0.000,0.617
207500,0.375,0.000,0.625
208000,0.441,0.000,0.559
208500,0.419,0.000,0.581
209000,0.540,0.000,0.460
209500,0.484,0.000,0.516
210000,0.465,0.000,0.535
210500,0.408,0.000,0.592
211000,0.480,0.000,0.520
211500,0.374,0.000,0.626
212000,0.312,0.000,0.688
212500,0.410,0.000,0.590
213000,0.339,0.000,0.661
213500,0.516,0.000,0.484
214000,0.454,0.000,0.546
214500,0.452,0.000,0.548
215000,0.494,0.000,0.506
215500,0.451,0.000,0.549
216000,0.493,0.000,0.507
216500,0.391,0.000,0.609
217000,0.387,0.000,0.613
217500,0.324,0.000,0.676
218000,0.443,0.000,0.557
218500,0.443,0.000,0.557
219000,0.386,0.000,0.614
219500,0.430,0.000,0.570
220000,0.568,0.000,0.432
220500,0.426,0.000,0.574
221000,0.436,0.000,0.564
221500,0.429,0.000,0.571
222000,0.425,0.000,0.575
222500,0.523,0.000,0.477
223000,0.295,0.000,0.705
223500,0.548,0.000,0.452
224000,0.438,0.000,0.562
224500,0.422,0.000,0.578
225000,0.384,0.000,0.616
225500,0.577,0.000,0.423
226000,0.409,0.000,0.591
226500,0.460,0.000,0.540
227000,0.535,0.000,0.465
227500,0.298,0.000,0.702
228000,0.422,0.000,0.578
228500,0.495,0.000,0.505
229000,0.484,0.000,0.516
229500,0.341,0.000,0.659
230000,0.314,0.000,0.686
230500,0.406,0.000,0.594
231000,0.472,0.000,0.528
231500,0.387,0.000,0.613
232000,0.291,0.000,0.709
232500,0.446,0.000,0.554
233000,0.434,0.000,0.566
233500,0.436,0.000,0.564
234000,0.325,0.000,0.675
234500,0.474,0.000,0.526
235000,0.487,0.000,0.513
235500,0.437,0.000,0.563
236000,0.460,0.000,0.540
236500,0.503,0.000,0.497
237000,0.491,0.000,0.509
237500,0.478,0.000,0.522
238000,0.496,0.000,0.504
238500,0.486,0.000,0.514
239000,0.469,0.000,0.531
239500,0.425,0.000,0.575
240000,0.470,0.000,0.530
240500,0.401,0.000,0.599
241000,0.398,0.000,0.602
241500,0.385,0.000,0.615
242000,0.556,0.000,0.444
242500,0.354,0.000,0.646
243000,0.490,0.000,0.510
243500,0.484,0.000,0.516
244000,0.504,0.000,0.496
244500,0.404,0.000,0.596
245000,0.430,0.000,0.570
245500,0.426,0.000,0.574
246000,0.395,0.000,0.605
246500,0.389,0.000,0.611
247000,0.404,0.000,0.596
247500,0.363,0.000,0.637
248000,0.511,0.000,0.489
248500,0.517,0.000,0.483
249000,0.323,0.000,0.677
249500,0.252,0.000,0.748
250000,0.408,0.008,0.584
250500,0.421,0.000,0.579
251000,0.463,0.000,0.537
251500,0.393,0.000,0.607
252000,0.439,0.000,0.561
252500,0.614,0.000,0.386
253000,0.505,0.000,0.495
253500,0.420,0.000,0.580
254000,0.528,0.000,0.472
254500,0.440,0.000,0.560
255000,0.456,0.000,0.544
255500,0.507,0.000,0.493
256000,0.405,0.000,0.595
256500,0.275,0.000,0.725
257000,0.483,0.000,0.517
257500,0.278,0.000,0.722
258000,0.540,0.000,0.460
258500,0.463,0.000,0.537
259000,0.448,0.000,0.552
259500,0.478,0.000,0.522
260000,0.413,0.000,0.587
260500,0.451,0.000,0.549
261000,0.391,0.000,0.609
261500,0.363,0.000,0.637
262000,0.455,0.000,0.545
262500,0.346,0.000,0.654
263000,0.450,0.000,0.550
263500,0.506,0.000,0.494
264000,0.450,0.000,0.550
264500,0.359,0.000,0.641
265000,0.362,0.000,0.638
265500,0.429,0.000,0.571
266000,0.431,0.000,0.569
266500,0.554,0.000,0.446
267000,0.360,0.000,0.640
267500,0.368,0.000,0.632
268000,0.354,0.000,0.646
268500,0.577,0.000,0.423
269000,0.405,0.000,0.595
269500,0.531,0.000,0.469
270000,0.373,0.000,0.627
270500,0.317,0.000,0.683
271000,0.484,0.000,0.516
271500,0.384,0.000,0.616
272000,0.553,0.000,0.447
272500,0.431,0.000,0.569
273000,0.414,0.000,0.586
273500,0.334,0.000,0.666
274000,0.564,0.000,0.436
274500,0.490,0.000,0.510
275000,0.387,0.000,0.613
275500,0.419,0.000,0.581
276000,0.477,0.000,0.523
276500,0.456,0.000,0.544
277000,0.312,0.000,0.688
277500,0.363,0.000,0.637
278000,0.402,0.000,0.598
278500,0.386,0.000,0.614
279000,0.414,0.000,0.586
279500,0.366,0.000,0.634
280000,0.371,0.000,0.629
280500,0.370,0.000,0.630
281000,0.364,0.000,0.636
281500,0.414,0.000,0.586
282000,0.563,0.000,0.437
282500,0.453,0.000,0.547
283000,0.443,0.000,0.557
283500,0.481,0.000,0.519
284000,0.572,0.000,0.428
284500,0.329,0.000,0.671
285000,0.394,0.000,0.606
285500,0.554,0.000,0.446
286000,0.450,0.000,0.550
286500,0.363,0.000,0.637
287000,0.493,0.000,0.507
287500,0.426,0.000,0.574
288000,0.467,0.000,0.533
288500,0.550,0.000,0.450
289000,0.464,0.000,0.536
289500,0.314,0.000,0.686
290000,0.339,0.000,0.661
290500,0.473,0.000,0.527
291000,0.410,0.000,0.590
291500,0.467,0.000,0.533
292000,0.449,0.000,0.551
292500,0.511,0.000,0.489
293000,0.432,0.000,0.568
293500,0.333,0.000,0.667
294000,0.346,0.000,0.654
294500,0.507,0.000,0.493
295000,0.315,0.000,0.685
295500,0.341,0.000,0.659
296000,0.396,0.000,0.604
296500,0.419,0.000,0.581
297000,0.416,0.000,0.584
297500,0.456,0.000,0.544
298000,0.457,0.000,0.543
298500,0.589,0.000,0.411
299000,0.540,0.000,0.460
299500,0.597,0.000,0.403
300000,0.397,0.000,0.603
300500,0.440,0.000,0.560
301000,0.418,0.000,0.582
301500,0.508,0.000,0.492
302000,0.476,0.000,0.524
302500,0.277,0.000,0.723
303000,0.413,0.000,0.587
303500,0.515,0.000,0.485
304000,0.433,0.000,0.567
304500,0.523,0.000,0.477
305000,0.431,0.000,0.569
305500,0.370,0.000,0.630
306000,0.513,0.000,0.487
306500,0.426,0.000,0.574
307000,0.400,0.000,0.600
307500,0.520,0.000,0.480
308000,0.322,0.000,0.678
308500,0.439,0.000,0.561
309000,0.472,0.000,0.528
309500,0.421,0.000,0.579
310000,0.570,0.000,0.430
310500,0.399,0.000,0.601
311000,0.456,0.000,0.544
311500,0.473,0.000,0.527
312000,0.375,0.000,0.625
312500,0.493,0.000,0.507
313000,0.593,0.000,0.407
313500,0.435,0.000,0.565
314000,0.562,0.000,0.438
314500,0.594,0.000,0.406
315000,0.431,0.000,0.569
315500,0.359,0.000,0.641
316000,0.394,0.000,0.606
316500,0.312,0.000,0.688
317000,0.328,0.000,0.672
317500,0.518,0.000,0.482
318000,0.306,0.000,0.694
318500,0.451,0.000,0.549
319000,0.375,0.000,0.625
319500,0.431,0.000,0.569
320000,0.432,0.000,0.568
320500,0.367,0.000,0.633
321000,0.427,0.000,0.573
321500,0.445,0.000,0.555
322000,0.471,0.000,0.529
322500,0.372,0.000,0.628
323000,0.468,0.000,0.532
323500,0.439,0.000,0.561
324000,0.289,0.000,0.711
324500,0.406,0.000,0.594
325000,0.375,0.000,0.625
325500,0.579,0.000,0.421
326000,0.531,0.000,0.469
326500,0.395,0.000,0.605
327000,0.477,0.000,0.523
327500,0.330,0.000,0.670
328000,0.412,0.000,0.588
328500,0.533,0.000,0.467
329000,0.401,0.000,0.599
329500,0.364,0.000,0.636
330000,0.439,0.000,0.561
330500,0.465,0.000,0.535
331000,0.505,0.000,0.495
331500,0.490,0.000,0.510
332000,0.586,0.000,0.414
332500,0.570,0.000,0.430
333000,0.416,0.000,0.584
333500,0.420,0.000,0.580
334000,0.474,0.000,0.526
334500,0.477,0.000,0.523
335000,0.477,0.000,0.523
335500,0.522,0.000,0.478
336000,0.570,0.000,0.430
336500,0.319,0.000,0.681
337000,0.317,0.000,0.683
337500,0.443,0.000,0.557
338000,0.310,0.000,0.690
338500,0.431,0.000,0.569
339000,0.475,0.000,0.525
339500,0.527,0.000,0.473
340000,0.378,0.000,0.622
340500,0.466,0.000,0.534
341000,0.401,0.000,0.599
341500,0.390,0.000,0.610
342000,0.309,0.000,0.691
342500,0.362,0.000,0.638
343000,0.410,0.000,0.590
343500,0.462,0.000,0.538
344000,0.451,0.000,0.549
344500,0.320,0.000,0.680
345000,0.352,0.000,0.648
345500,0.473,0.000,0.527
346000,0.526,0.000,0.474
346500,0.461,0.000,0.539
347000,0.429,0.000,0.571
347500,0.373,0.000,0.627
348000,0.481,0.000,0.519
348500,0.471,0.000,0.529
349000,0.418,0.000,0.582
349500,0.401,0.000,0.599
350000,0.400,0.000,0.600
350500,0.562,0.000,0.438
351000,0.524,0.000,0.476
351500,0.446,0.000,0.554
352000,0.488,0.000,0.512
352500,0.325,0.000,0.675
353000,0.357,0.000,0.643
353500,0.378,0.000,0.622
354000,0.407,0.000,0.593
354500,0.389,0.000,0.611
355000,0.404,0.000,0.596
355500,0.396,0.000,0.604
356000,0.459,0.000,0.541
356500,0.303,0.000,0.697
357000,0.421,0.000,0.579
357500,0.439,0.000,0.561
358000,0.522,0.000,0.478
358500,0.561,0.000,0.439
359000,0.427,0.000,0.573
359500,0.451,0.000,0.549
360000,0.452,0.000,0.548
360500,0.482,0.000,0.518
361000,0.362,0.000,0.638
361500,0.237,0.015,0.748
362000,0.402,0.001,0.597
362500,0.490,0.000,0.510
363000,0.246,0.000,0.754
363500,0.393,0.000,0.607
364000,0.435,0.000,0.565
364500,0.416,0.000,0.584
365000,0.476,0.000,0.524
365500,0.445,0.000,0.555
366000,0.344,0.000,0.656
366500,0.427,0.000,0.573
367000,0.413,0.000,0.587
367500,0.465,0.000,0.535
368000,0.466,0.000,0.534
368500,0.409,0.000,0.591
369000,0.507,0.000,0.493
369500,0.334,0.000,0.666
370000,0.399,0.000,0.601
370500,0.443,0.000,0.557
371000,0.516,0.000,0.484
371500,0.532,0.000,0.468
372000,0.377,0.000,0.623
372500,0.353,0.000,0.647
373000,0.512,0.000,0.488
373500,0.488,0.000,0.512
374000,0.522,0.000,0.478
374500,0.363,0.000,0.637
375000,0.394,0.000,0.606
375500,0.345,0.000,0.655
376000,0.419,0.000,0.581
376500,0.382,0.000,0.618
377000,0.385,0.000,0.615
377500,0.382,0.000,0.618
378000,0.377,0.000,0.623
378500,0.388,0.000,0.612
379000,0.373,0.000,0.627
379500,0.431,0.000,0.569
380000,0.384,0.000,0.616
380500,0.493,0.000,0.507
381000,0.422,0.000,0.578
381500,0.545,0.000,0.455
382000,0.368,0.000,0.632
382500,0.448,0.000,0.552
383000,0.463,0.000,0.537
383500,0.445,0.000,0.555
384000,0.489,0.000,0.511
384500,0.450,0.000,0.550
385000,0.434,0.000,0.566
385500,0.355,0.000,0.645
386000,0.371,0.000,0.629
386500,0.398,0.000,0.602
387000,0.366,0.000,0.634
387500,0.370,0.000,0.630
388000,0.494,0.000,0.506
388500,0.398,0.000,0.602
389000,0.483,0.000,0.517
389500,0.454,0.000,0.546
390000,0.487,0.000,0.513
390500,0.260,0.000,0.740
391000,0.350,0.000,0.650
391500,0.332,0.000,0.668
392000,0.444,0.000,0.556
392500,0.442,0.000,0.558
393000,0.356,0.000,0.644
393500,0.412,0.000,0.588
394000,0.463,0.000,0.537
394500,0.478,0.000,0.522
395000,0.451,0.000,0.549
395500,0.464,0.000,0.536
396000,0.476,0.000,0.524
396500,0.451,0.000,0.549
397000,0.454,0.000,0.546
397500,0.403,0.000,0.597
398000,0.533,0.000,0.467
398500,0.424,0.000,0.576
399000,0.375,0.000,0.625
399500,0.408,0.000,0.592
400000,0.493,0.000,0.507
400500,0.441,0.000,0.559
401000,0.401,0.000,0.599
401500,0.409,0.000,0.591
402000,0.561,0.000,0.439
402500,0.352,0.000,0.648
403000,0.450,0.000,0.550
403500,0.310,0.000,0.690
404000,0.516,0.000,0.484
404500,0.309,0.000,0.691
405000,0.527,0.000,0.473
405500,0.368,0.000,0.632
406000,0.483,0.000,0.517
406500,0.432,0.000,0.568
407000,0.358,0.000,0.642
407500,0.336,0.000,0.664
408000,0.396,0.000,0.604
408500,0.602,0.000,0.398
409000,0.575,0.000,0.425
409500,0.589,0.000,0.411
410000,0.557,0.000,0.443
410500,0.369,0.000,0.631
411000,0.363,0.000,0.637
411500,0.482,0.000,0.518
412000,0.456,0.000,0.544
412500,0.554,0.000,0.446
413000,0.365,0.000,0.635
413500,0.316,0.000,0.684
414000,0.391,0.000,0.609
414500,0.353,0.000,0.647
415000,0.386,0.000,0.614
415500,0.434,0.000,0.566
416000,0.366,0.000,0.634
416500,0.549,0.000,0.451
417000,0.397,0.000,0.603
417500,0.436,0.000,0.564
418000,0.414,0.000,0.586
418500,0.556,0.000,0.444
419000,0.327,0.000,0.673
419500,0.466,0.000,0.534
420000,0.476,0.000,0.524
420500,0.457,0.000,0.543
421000,0.486,0.000,0.514
421500,0.415,0.000,0.585
422000,0.432,0.000,0.568
422500,0.599,0.000,0.401
423000,0.461,0.000,0.539
423500,0.386,0.000,0.614
424000,0.466,0.000,0.534
424500,0.451,0.000,0.549
425000,0.507,0.000,0.493
425500,0.447,0.000,0.553
426000,0.315,0.000,0.685
426500,0.298,0.000,0.702
427000,0.432,0.000,0.568
427500,0.370,0.000,0.630
428000,0.445,0.000,0.555
428500,0.417,0.000,0.583
429000,0.405,0.000,0.595
429500,0.441,0.000,0.559
430000,0.529,0.000,0.471
430500,0.471,0.000,0.529
431000,0.448,0.000,0.552
431500,0.473,0.000,0.527
432000,0.496,0.000,0.504
432500,0.398,0.000,0.602
433000,0.581,0.000,0.419
433500,0.484,0.000,0.516
434000,0.440,0.000,0.560
434500,0.330,0.000,0.670
435000,0.399,0.000,0.601
435500,0.448,0.000,0.552
436000,0.554,0.000,0.446
436500,0.616,0.000,0.384
437000,0.465,0.000,0.535
437500,0.518,0.000,0.482
438000,0.465,0.000,0.535
438500,0.497,0.000,0.503
439000,0.393,0.000,0.607
439500,0.436,0.000,0.564
440000,0.549,0.000,0.451
440500,0.523,0.000,0.477
441000,0.375,0.000,0.625
441500,0.369,0.000,0.631
442000,0.591,0.000,0.409
442500,0.449,0.000,0.551
443000,0.410,0.000,0.590
443500,0.499,0.000,0.501
444000,0.356,0.000,0.644
444500,0.275,0.000,0.725
445000,0.380,0.000,0.620
445500,0.484,0.000,0.516
446000,0.384,0.000,0.616
446500,0.428,0.000,0.572
447000,0.522,0.000,0.478
447500,0.644,0.000,0.356
448000,0.604,0.000,0.396
448500,0.518,0.000,0.482
449000,0.533,0.000,0.467
449500,0.468,0.000,0.532
450000,0.376,0.000,0.624
450500,0.370,0.000,0.630
451000,0.382,0.000,0.618
451500,0.466,0.000,0.534
452000,0.357,0.000,0.643
452500,0.390,0.000,0.610
453000,0.391,0.000,0.609
453500,0.363,0.000,0.637
454000,0.467,0.000,0.533
454500,0.327,0.000,0.673
455000,0.404,0.000,0.596
455500,0.357,0.000,0.643
456000,0.348,0.000,0.652
456500,0.438,0.000,0.562
457000,0.543,0.000,0.457
457500,0.494,0.000,0.506
458000,0.498,0.000,0.502
458500,0.407,0.000,0.593
459000,0.351,0.000,0.649
459500,0.428,0.000,0.572
460000,0.446,0.000,0.554
460500,0.396,0.000,0.604
461000,0.563,0.000,0.437
461500,0.514,0.000,0.486
462000,0.396,0.000,0.604
462500,0.490,0.000,0.510
463000,0.396,0.000,0.604
463500,0.391,0.000,0.609
464000,0.330,0.000,0.670
464500,0.265,0.000,0.735
465000,0.314,0.000,0.686
465500,0.386,0.000,0.614
466000,0.330,0.000,0.670
466500,0.425,0.000,0.575
467000,0.437,0.000,0.563
467500,0.399,0.000,0.601
468000,0.374,0.000,0.626
468500,0.383,0.000,0.617
469000,0.501,0.000,0.499
469500,0.430,0.000,0.570
470000,0.382,0.000,0.618
470500,0.418,0.000,0.582
471000,0.350,0.000,0.650
471500,0.407,0.000,0.593
472000,0.302,0.000,0.698
472500,0.452,0.000,0.548
473000,0.357,0.000,0.643
473500,0.408,0.000,0.592
474000,0.352,0.000,0.648
474500,0.420,0.000,0.580
475000,0.599,0.000,0.401
475500,0.462,0.000,0.538
476000,0.426,0.000,0.574
476500,0.509,0.000,0.491
477000,0.320,0.000,0.680
477500,0.461,0.000,0.539
478000,0.509,0.000,0.491
478500,0.389,0.000,0.611
479000,0.555,0.000,0.445
479500,0.269,0.000,0.731
480000,0.539,0.000,0.461
480500,0.441,0.000,0.559
481000,0.461,0.000,0.539
481500,0.514,0.000,0.486
482000,0.488,0.000,0.512
482500,0.428,0.000,0.572
483000,0.339,0.000,0.661
483500,0.508,0.000,0.492
484000,0.468,0.000,0.532
484500,0.473,0.000,0.527
485000,0.368,0.000,0.632
485500,0.420,0.000,0.580
486000,0.296,0.000,0.704
486500,0.456,0.000,0.544
487000,0.594,0.000,0.406
487500,0.470,0.000,0.530
488000,0.454,0.000,0.546
488500,0.472,0.000,0.528
489000,0.481,0.000,0.519
489500,0.465,0.000,0.535
490000,0.372,0.000,0.628
490500,0.313,0.000,0.687
491000,0.413,0.000,0.587
491500,0.399,0.000,0.601
492000,0.423,0.000,0.577
492500,0.399,0.000,0.601
493000,0.327,0.000,0.673
493500,0.301,0.000,0.699
494000,0.479,0.000,0.521
494500,0.405,0.000,0.595
495000,0.342,0.000,0.658
495500,0.353,0.000,0.647
496000,0.510,0.000,0.490
496500,0.404,0.000,0.596
497000,0.329,0.000,0.671
497500,0.420,0.000,0.580
498000,0.352,0.000,0.648
498500,0.252,0.000,0.748
499000,0.434,0.000,0.566
499500,0.449,0.000,0.551
500000,0.419,0.000,0.581
500500,0.410,0.000,0.590
501000,0.535,0.000,0.465
501500,0.343,0.000,0.657
502000,0.364,0.000,0.636
502500,0.361,0.000,0.639
503000,0.446,0.000,0.554
503500,0.525,0.000,0.475
504000,0.367,0.000,0.633
504500,0.508,0.000,0.492
505000,0.424,0.000,0.576
505500,0.382,0.000,0.618
506000,0.457,0.000,0.543
506500,0.412,0.000,0.588
507000,0.429,0.000,0.571
507500,0.449,0.000,0.551
508000,0.411,0.000,0.589
508500,0.391,0.000,0.609
509000,0.399,0.000,0.601
509500,0.290,0.000,0.710
510000,0.443,0.000,0.557
510500,0.451,0.000,0.549
511000,0.378,0.000,0.622
511500,0.320,0.000,0.680
512000,0.440,0.000,0.560
512500,0.386,0.000,0.614
513000,0.416,0.000,0.584
513500,0.355,0.000,0.645
514000,0.464,0.000,0.536
514500,0.447,0.000,0.553
515000,0.419,0.000,0.581
515500,0.419,0.000,0.581
516000,0.415,0.000,0.585
516500,0.540,0.000,0.460
517000,0.555,0.000,0.445
517500,0.487,0.000,0.513
518000,0.510,0.000,0.490
518500,0.410,0.000,0.590
519000,0.411,0.000,0.589
519500,0.390,0.000,0.610
520000,0.360,0.000,0.640
520500,0.440,0.000,0.560
521000,0.373,0.000,0.627
521500,0.415,0.000,0.585
522000,0.503,0.000,0.497
522500,0.508,0.000,0.492
523000,0.548,0.000,0.452
523500,0.479,0.000,0.521
524000,0.417,0.000,0.583
524500,0.435,0.000,0.565
525000,0.392,0.000,0.608
525500,0.520,0.000,0.480
526000,0.536,0.000,0.464
526500,0.530,0.000,0.470
527000,0.479,0.000,0.521
527500,0.319,0.000,0.681
528000,0.421,0.000,0.579
528500,0.434,0.000,0.566
529000,0.415,0.000,0.585
529500,0.626,0.000,0.374
530000,0.437,0.000,0.563
530500,0.423,0.000,0.577
531000,0.416,0.000,0.584
531500,0.368,0.000,0.632
532000,0.243,0.000,0.757
532500,0.396,0.000,0.604
533000,0.424,0.000,0.576
533500,0.376,0.000,0.624
534000,0.396,0.000,0.604
534500,0.368,0.000,0.632
535000,0.354,0.000,0.646
535500,0.431,0.000,0.569
536000,0.457,0.000,0.543
536500,0.375,0.000,0.625
537000,0.424,0.000,0.576
537500,0.458,0.000,0.542
538000,0.363,0.000,0.637
538500,0.327,0.000,0.673
539000,0.416,0.000,0.584
539500,0.577,0.000,0.423
540000,0.457,0.000,0.543
540500,0.500,0.000,0.500
541000,0.473,0.000,0.527
541500,0.415,0.000,0.585
542000,0.366,0.000,0.634
542500,0.425,0.000,0.575
543000,0.540,0.000,0.460
543500,0.567,0.000,0.433
544000,0.435,0.000,0.565
544500,0.355,0.000,0.645
545000,0.418,0.000,0.582
545500,0.521,0.000,0.479
546000,0.545,0.000,0.455
546500,0.531,0.000,0.469
547000,0.553,0.000,0.447
547500,0.339,0.000,0.661
548000,0.387,0.000,0.613
548500,0.425,0.000,0.575
549000,0.275,0.000,0.725
549500,0.470,0.000,0.530
550000,0.465,0.000,0.535
550500,0.415,0.000,0.585
551000,0.301,0.000,0.699
551500,0.514,0.000,0.486
552000,0.390,0.000,0.610
552500,0.486,0.000,0.514
553000,0.379,0.000,0.621
553500,0.519,0.000,0.481
554000,0.491,0.000,0.509
554500,0.473,0.000,0.527
555000,0.450,0.000,0.550
555500,0.371,0.000,0.629
556000,0.488,0.000,0.512
556500,0.392,0.000,0.608
557000,0.362,0.000,0.638
557500,0.419,0.000,0.581
558000,0.441,0.000,0.559
558500,0.406,0.000,0.594
559000,0.372,0.000,0.628
559500,0.402,0.000,0.598
560000,0.589,0.000,0.411
560500,0.377,0.000,0.623
561000,0.408,0.000,0.592
561500,0.444,0.000,0.556
562000,0.440,0.000,0.560
562500,0.526,0.000,0.474
563000,0.337,0.000,0.663
563500,0.398,0.000,0.602
564000,0.339,0.000,0.661
564500,0.489,0.000,0.511
565000,0.434,0.000,0.566
565500,0.514,0.000,0.486
566000,0.361,0.000,0.639
566500,0.424,0.000,0.576
567000,0.431,0.000,0.569
567500,0.459,0.000,0.541
568000,0.408,0.000,0.592
568500,0.483,0.000,0.517
569000,0.441,0.000,0.559
569500,0.366,0.000,0.634
570000,0.444,0.000,0.556
570500,0.410,0.000,0.590
571000,0.547,0.000,0.453
571500,0.522,0.000,0.478
572000,0.403,0.000,0.597
572500,0.364,0.000,0.636
573000,0.550,0.000,0.450
573500,0.440,0.000,0.560
574000,0.398,0.000,0.602
574500,0.486,0.000,0.514
575000,0.529,0.000,0.471
575500,0.457,0.000,0.543
576000,0.571,0.000,0.429
576500,0.397,0.000,0.603
577000,0.569,0.000,0.431
577500,0.351,0.000,0.649
578000,0.430,0.000,0.570
578500,0.418,0.000,0.582
579000,0.551,0.000,0.449
579500,0.413,0.000,0.587
580000,0.385,0.000,0.615
580500,0.484,0.000,0.516
581000,0.481,0.000,0.519
581500,0.496,0.000,0.504
582000,0.642,0.000,0.358
582500,0.506,0.000,0.494
583000,0.561,0.000,0.439
583500,0.423,0.000,0.577
584000,0.549,0.000,0.451
584500,0.414,0.000,0.586
585000,0.358,0.000,0.642
585500,0.412,0.000,0.588
586000,0.502,0.000,0.498
586500,0.367,0.000,0.633
587000,0.357,0.000,0.643
587500,0.360,0.000,0.640
588000,0.363,0.000,0.637
588500,0.470,0.000,0.530
589000,0.271,0.000,0.729
589500,0.465,0.000,0.535
590000,0.482,0.000,0.518
590500,0.329,0.000,0.671
591000,0.406,0.000,0.594
591500,0.510,0.000,0.490
592000,0.470,0.000,0.530
592500,0.396,0.000,0.604
593000,0.479,0.000,0.521
593500,0.418,0.000,0.582
594000,0.545,0.000,0.455
594500,0.452,0.000,0.548
595000,0.469,0.000,0.531
595500,0.504,0.000,0.496
596000,0.442,0.000,0.558
596500,0.549,0.000,0.451
597000,0.468,0.000,0.532
597500,0.511,0.000,0.489
598000,0.644,0.000,0.356
598500,0.383,0.000,0.617
599000,0.390,0.000,0.610
599500,0.478,0.000,0.522
600000,0.490,0.000,0.510
600500,0.477,0.000,0.523
601000,0.396,0.000,0.604
601500,0.414,0.000,0.586
602000,0.490,0.000,0.510
602500,0.379,0.000,0.621
603000,0.527,0.000,0.473
603500,0.429,0.000,0.571
604000,0.473,0.000,0.527
604500,0.492,0.000,0.508
605000,0.441,0.000,0.559
605500,0.286,0.000,0.714
606000,0.285,0.000,0.715
606500,0.545,0.000,0.455
607000,0.454,0.000,0.546
607500,0.473,0.000,0.527
608000,0.450,0.000,0.550
608500,0.550,0.000,0.450
609000,0.530,0.000,0.470
609500,0.446,0.000,0.554
610000,0.488,0.000,0.512
610500,0.491,0.000,0.509
611000,0.356,0.000,0.644
611500,0.385,0.000,0.615
612000,0.537,0.000,0.463
612500,0.476,0.000,0.524
613000,0.464,0.000,0.536
613500,0.491,0.000,0.509
614000,0.456,0.000,0.544
614500,0.571,0.000,0.429
615000,0.404,0.000,0.596
615500,0.479,0.000,0.521
616000,0.380,0.000,0.620
616500,0.444,0.000,0.556
617000,0.425,0.000,0.575
617500,0.444,0.000,0.556
618000,0.486,0.000,0.514
618500,0.397,0.000,0.603
619000,0.368,0.000,0.632
619500,0.408,0.000,0.592
620000,0.363,0.000,0.637
620500,0.453,0.000,0.547
621000,0.406,0.000,0.594
621500,0.388,0.000,0.612
622000,0.388,0.000,0.612
622500,0.397,0.003,0.600
623000,0.354,0.000,0.646
623500,0.560,0.000,0.440
624000,0.417,0.000,0.583
624500,0.380,0.000,0.620
625000,0.445,0.000,0.555
625500,0.446,0.000,0.554
626000,0.411,0.000,0.589
626500,0.472,0.000,0.528
627000,0.335,0.000,0.665
627500,0.439,0.000,0.561
628000,0.535,0.000,0.465
628500,0.488,0.000,0.512
629000,0.454,0.000,0.546
629500,0.506,0.000,0.494
630000,0.411,0.000,0.589
630500,0.452,0.000,0.548
631000,0.333,0.000,0.667
631500,0.382,0.000,0.618
632000,0.409,0.000,0.591
632500,0.426,0.000,0.574
633000,0.471,0.000,0.529
633500,0.421,0.000,0.579
634000,0.340,0.000,0.660
634500,0.407,0.000,0.593
635000,0.272,0.000,0.728
635500,0.396,0.000,0.604
636000,0.390,0.000,0.610
636500,0.406,0.000,0.594
637000,0.547,0.000,0.453
637500,0.375,0.000,0.625
638000,0.398,0.000,0.602
638500,0.507,0.000,0.493
639000,0.462,0.000,0.538
639500,0.378,0.000,0.622
640000,0.469,0.000,0.531
640500,0.491,0.000,0.509
641000,0.360,0.000,0.640
641500,0.511,0.000,0.489
642000,0.381,0.000,0.619
642500,0.524,0.000,0.476
643000,0.428,0.000,0.572
643500,0.444,0.000,0.556
644000,0.462,0.000,0.538
644500,0.523,0.000,0.477
645000,0.303,0.000,0.697
645500,0.415,0.000,0.585
646000,0.449,0.000,0.551
646500,0.425,0.000,0.575
647000,0.432,0.000,0.568
647500,0.404,0.000,0.596
648000,0.390,0.000,0.610
648500,0.349,0.000,0.651
649000,0.464,0.000,0.536
649500,0.343,0.000,0.657
650000,0.337,0.000,0.663
650500,0.396,0.000,0.604
651000,0.506,0.000,0.494
651500,0.391,0.000,0.609
652000,0.390,0.000,0.610
652500,0.350,0.000,0.650
653000,0.517,0.000,0.483
653500,0.615,0.000,0.385
654000,0.576,0.000,0.424
654500,0.446,0.000,0.554
655000,0.535,0.000,0.465
655500,0.401,0.000,0.599
656000,0.358,0.000,0.642
656500,0.389,0.000,0.611
657000,0.493,0.000,0.507
657500,0.347,0.000,0.653
658000,0.586,0.000,0.414
658500,0.526,0.000,0.474
659000,0.469,0.000,0.531
659500,0.303,0.000,0.697
660000,0.569,0.000,0.431
660500,0.529,0.000,0.471
661000,0.364,0.000,0.636
661500,0.509,0.000,0.491
662000,0.364,0.000,0.636
662500,0.444,0.000,0.556
663000,0.538,0.000,0.462
663500,0.538,0.000,0.462
664000,0.398,0.000,0.602
664500,0.416,0.000,0.584
665000,0.361,0.000,0.639
665500,0.391,0.000,0.609
666000,0.284,0.000,0.716
666500,0.340,0.000,0.660
667000,0.355,0.000,0.645
667500,0.506,0.000,0.494
668000,0.422,0.000,0.578
668500,0.433,0.000,0.567
669000,0.295,0.000,0.705
669500,0.396,0.000,0.604
670000,0.540,0.000,0.460
670500,0.599,0.000,0.401
671000,0.485,0.000,0.515
671500,0.434,0.000,0.566
672000,0.470,0.000,0.530
672500,0.385,0.000,0.615
673000,0.616,0.000,0.384
673500,0.486,0.000,0.514
674000,0.536,0.000,0.464
674500,0.415,0.000,0.585
675000,0.475,0.000,0.525
675500,0.407,0.000,0.593
676000,0.409,0.000,0.591
676500,0.459,0.000,0.541
677000,0.432,0.000,0.568
677500,0.365,0.000,0.635
678000,0.544,0.000,0.456
678500,0.550,0.000,0.450
679000,0.556,0.000,0.444
679500,0.413,0.000,0.587
680000,0.399,0.000,0.601
680500,0.374,0.000,0.626
681000,0.482,0.000,0.518
681500,0.442,0.000,0.558
682000,0.529,0.000,0.471
682500,0.320,0.000,0.680
683000,0.516,0.000,0.484
683500,0.270,0.000,0.730
684000,0.409,0.000,0.591
684500,0.365,0.000,0.635
685000,0.548,0.000,0.452
685500,0.528,0.000,0.472
686000,0.443,0.000,0.557
686500,0.337,0.000,0.663
687000,0.455,0.000,0.545
687500,0.401,0.000,0.599
688000,0.382,0.000,0.618
688500,0.388,0.000,0.612
689000,0.375,0.000,0.625
689500,0.331,0.000,0.669
690000,0.414,0.000,0.586
690500,0.414,0.000,0.586
691000,0.326,0.000,0.674
691500,0.417,0.000,0.583
692000,0.387,0.000,0.613
692500,0.421,0.000,0.579
693000,0.357,0.000,0.643
693500,0.334,0.000,0.666
694000,0.498,0.000,0.502
694500,0.633,0.000,0.367
695000,0.402,0.000,0.598
695500,0.305,0.000,0.695
696000,0.466,0.000,0.534
696500,0.399,0.000,0.601
697000,0.450,0.000,0.550
697500,0.450,0.000,0.550
698000,0.552,0.000,0.448
698500,0.433,0.000,0.567
699000,0.414,0.000,0.586
699500,0.513,0.000,0.487
700000,0.438,0.000,0.562
700500,0.363,0.000,0.637
701000,0.597,0.000,0.403
701500,0.494,0.000,0.506
702000,0.363,0.000,0.637
702500,0.377,0.000,0.623
703000,0.333,0.000,0.667
703500,0.545,0.000,0.455
704000,0.401,0.000,0.599
704500,0.384,0.000,0.616
705000,0.393,0.000,0.607
705500,0.624,0.000,0.376
706000,0.456,0.000,0.544
706500,0.375,0.000,0.625
707000,0.475,0.000,0.525
707500,0.465,0.000,0.535
708000,0.480,0.000,0.520
708500,0.525,0.000,0.475
709000,0.541,0.000,0.459
709500,0.537,0.000,0.463
710000,0.413,0.000,0.587
710500,0.276,0.000,0.724
711000,0.429,0.000,0.571
711500,0.422,0.000,0.578
712000,0.449,0.000,0.551
712500,0.464,0.000,0.536
713000,0.368,0.000,0.632
713500,0.414,0.000,0.586
714000,0.483,0.000,0.517
714500,0.561,0.000,0.439
715000,0.430,0.000,0.570
715500,0.372,0.000,0.628
716000,0.361,0.000,0.639
716500,0.432,0.000,0.568
717000,0.471,0.000,0.529
717500,0.513,0.000,0.487
718000,0.362,0.000,0.638
718500,0.455,0.000,0.545
719000,0.342,0.000,0.658
719500,0.386,0.000,0.614
720000,0.393,0.000,0.607
720500,0.439,0.000,0.561
721000,0.400,0.000,0.600
721500,0.490,0.000,0.510
722000,0.440,0.000,0.560
722500,0.434,0.000,0.566
723000,0.537,0.000,0.463
723500,0.404,0.000,0.596
724000,0.402,0.000,0.598
724500,0.348,0.000,0.652
725000,0.570,0.000,0.430
725500,0.490,0.000,0.510
726000,0.526,0.000,0.474
726500,0.486,0.000,0.514
727000,0.407,0.000,0.593
727500,0.528,0.000,0.472
728000,0.480,0.000,0.520
728500,0.461,0.000,0.539
729000,0.380,0.000,0.620
729500,0.322,0.000,0.678
730000,0.530,0.000,0.470
730500,0.446,0.000,0.554
731000,0.519,0.000,0.481
731500,0.533,0.000,0.467
732000,0.356,0.000,0.644
732500,0.319,0.000,0.681
733000,0.356,0.000,0.644
733500,0.449,0.000,0.551
734000,0.419,0.000,0.581
734500,0.586,0.000,0.414
735000,0.425,0.000,0.575
735500,0.490,0.000,0.510
736000,0.375,0.000,0.625
736500,0.460,0.000,0.540
737000,0.453,0.000,0.547
737500,0.478,0.000,0.522
738000,0.326,0.000,0.674
738500,0.459,0.000,0.541
739000,0.377,0.000,0.623
739500,0.443,0.000,0.557
740000,0.419,0.000,0.581
740500,0.358,0.000,0.642
741000,0.492,0.000,0.508
741500,0.579,0.000,0.421
742000,0.398,0.000,0.602
742500,0.320,0.000,0.680
743000,0.561,0.000,0.439
743500,0.396,0.000,0.604
744000,0.477,0.000,0.523
744500,0.523,0.000,0.477
745000,0.376,0.000,0.624
745500,0.433,0.000,0.567
746000,0.375,0.000,0.625
746500,0.451,0.000,0.549
747000,0.507,0.000,0.493
747500,0.411,0.000,0.589
748000,0.374,0.000,0.626
748500,0.509,0.000,0.491
749000,0.522,0.000,0.478
749500,0.385,0.000,0.615
750000,0.347,0.000,0.653
750500,0.455,0.000,0.545
751000,0.512,0.000,0.488
751500,0.564,0.000,0.436
752000,0.465,0.000,0.535
752500,0.408,0.000,0.592
753000,0.557,0.000,0.443
753500,0.469,0.000,0.531
754000,0.372,0.000,0.628
754500,0.453,0.000,0.547
755000,0.474,0.000,0.526
755500,0.480,0.000,0.520
756000,0.469,0.000,0.531
756500,0.600,0.000,0.400
757000,0.588,0.000,0.412
757500,0.471,0.000,0.529
758000,0.497,0.000,0.503
758500,0.489,0.000,0.511
759000,0.500,0.000,0.500
759500,0.358,0.000,0.642
760000,0.423,0.000,0.577
760500,0.345,0.000,0.655
761000,0.341,0.000,0.659
761500,0.351,0.001,0.648
762000,0.384,0.000,0.616
762500,0.446,0.000,0.554
763000,0.344,0.000,0.656
763500,0.451,0.000,0.549
764000,0.503,0.000,0.497
764500,0.437,0.000,0.563
765000,0.454,0.000,0.546
765500,0.496,0.000,0.504
766000,0.356,0.000,0.644
766500,0.325,0.000,0.675
767000,0.545,0.000,0.455
767500,0.526,0.000,0.474
768000,0.443,0.000,0.557
768500,0.434,0.000,0.566
769000,0.410,0.000,0.590
769500,0.585,0.000,0.415
770000,0.451,0.000,0.549
770500,0.476,0.000,0.524
771000,0.523,0.000,0.477
771500,0.443,0.000,0.557
772000,0.376,0.000,0.624
772500,0.322,0.000,0.678
773000,0.471,0.000,0.529
773500,0.513,0.000,0.487
774000,0.599,0.000,0.401
774500,0.405,0.000,0.595
775000,0.405,0.000,0.595
775500,0.358,0.000,0.642
776000,0.383,0.000,0.617
776500,0.384,0.000,0.616
777000,0.396,0.000,0.604
777500,0.358,0.000,0.642
778000,0.617,0.000,0.383
778500,0.528,0.000,0.472
779000,0.451,0.000,0.549
779500,0.453,0.000,0.547
780000,0.544,0.000,0.456
780500,0.472,0.000,0.528
781000,0.309,0.000,0.691
781500,0.496,0.000,0.504
782000,0.504,0.000,0.496
782500,0.409,0.000,0.591
783000,0.406,0.000,0.594
783500,0.472,0.000,0.528
784000,0.300,0.000,0.700
784500,0.569,0.000,0.431
785000,0.469,0.000,0.531
785500,0.396,0.000,0.604
786000,0.385,0.000,0.615
786500,0.392,0.000,0.608
787000,0.346,0.000,0.654
787500,0.426,0.000,0.574
788000,0.498,0.000,0.502
788500,0.541,0.000,0.459
789000,0.409,0.000,0.591
789500,0.314,0.000,0.686
790000,0.502,0.000,0.498
790500,0.442,0.000,0.558
791000,0.361,0.000,0.639
791500,0.489,0.000,0.511
792000,0.489,0.000,0.511
792500,0.402,0.000,0.598
793000,0.376,0.000,0.624
793500,0.485,0.000,0.515
794000,0.428,0.000,0.572
794500,0.410,0.000,0.590
795000,0.358,0.000,0.642
795500,0.459,0.000,0.541
796000,0.388,0.000,0.612
796500,0.536,0.000,0.464
797000,0.610,0.000,0.390
797500,0.459,0.000,0.541
798000,0.477,0.000,0.523
798500,0.381,0.000,0.619
799000,0.471,0.000,0.529
799500,0.509,0.000,0.491
800000,0.415,0.000,0.585
800500,0.472,0.000,0.528
801000,0.400,0.000,0.600
801500,0.309,0.000,0.691
802000,0.468,0.000,0.532
802500,0.273,0.000,0.727
803000,0.374,0.000,0.626
803500,0.523,0.000,0.477
804000,0.323,0.000,0.677
804500,0.377,0.000,0.623
805000,0.532,0.000,0.468
805500,0.536,0.000,0.464
806000,0.426,0.000,0.574
806500,0.484,0.000,0.516
807000,0.367,0.000,0.633
807500,0.377,0.000,0.623
808000,0.443,0.000,0.557
808500,0.536,0.000,0.464
809000,0.603,0.000,0.397
809500,0.603,0.000,0.397
810000,0.547,0.000,0.453
810500,0.472,0.000,0.528
811000,0.461,0.000,0.539
811500,0.514,0.000,0.486
812000,0.392,0.000,0.608
812500,0.323,0.000,0.677
813000,0.264,0.000,0.736
813500,0.354,0.000,0.646
814000,0.433,0.000,0.567
814500,0.424,0.000,0.576
815000,0.388,0.000,0.612
815500,0.401,0.000,0.599
816000,0.466,0.000,0.534
816500,0.615,0.000,0.385
817000,0.605,0.000,0.395
817500,0.566,0.000,0.434
818000,0.515,0.000,0.485
818500,0.510,0.000,0.490
819000,0.339,0.000,0.661
819500,0.325,0.000,0.675
820000,0.413,0.000,0.587
820500,0.470,0.000,0.530
821000,0.454,0.000,0.546
821500,0.539,0.000,0.461
822000,0.472,0.000,0.528
822500,0.514,0.000,0.486
823000,0.407,0.000,0.593
823500,0.496,0.000,0.504
824000,0.436,0.000,0.564
824500,0.410,0.000,0.590
825000,0.529,0.000,0.471
825500,0.421,0.000,0.579
826000,0.459,0.000,0.541
826500,0.315,0.000,0.685
827000,0.506,0.000,0.494
827500,0.402,0.000,0.598
828000,0.439,0.000,0.561
828500,0.531,0.000,0.469
829000,0.545,0.000,0.455
829500,0.465,0.000,0.535
830000,0.379,0.000,0.621
830500,0.392,0.000,0.608
831000,0.378,0.000,0.622
831500,0.476,0.000,0.524
832000,0.399,0.000,0.601
832500,0.409,0.000,0.591
833000,0.387,0.000,0.613
833500,0.357,0.000,0.643
834000,0.374,0.000,0.626
834500,0.460,0.000,0.540
835000,0.437,0.000,0.563
835500,0.509,0.000,0.491
836000,0.519,0.000,0.481
836500,0.617,0.000,0.383
837000,0.594,0.000,0.406
837500,0.590,0.000,0.410
838000,0.525,0.000,0.475
838500,0.499,0.000,0.501
839000,0.472,0.000,0.528
839500,0.466,0.000,0.534
840000,0.361,0.000,0.639
840500,0.404,0.000,0.596
841000,0.434,0.000,0.566
841500,0.513,0.000,0.487
842000,0.403,0.000,0.597
842500,0.408,0.000,0.592
843000,0.497,0.000,0.503
843500,0.496,0.000,0.504
844000,0.483,0.000,0.517
844500,0.434,0.000,0.566
845000,0.419,0.000,0.581
845500,0.479,0.000,0.521
846000,0.378,0.000,0.622
846500,0.441,0.000,0.559
847000,0.393,0.000,0.607
847500,0.367,0.000,0.633
848000,0.370,0.000,0.630
848500,0.443,0.000,0.557
849000,0.440,0.000,0.560
849500,0.536,0.000,0.464
850000,0.450,0.000,0.550
850500,0.397,0.000,0.603
851000,0.327,0.000,0.673
851500,0.310,0.000,0.690
852000,0.545,0.000,0.455
852500,0.552,0.000,0.448
853000,0.465,0.000,0.535
853500,0.457,0.000,0.543
854000,0.558,0.000,0.442
854500,0.456,0.000,0.544
855000,0.555,0.000,0.445
855500,0.526,0.000,0.474
856000,0.542,0.000,0.458
856500,0.375,0.000,0.625
857000,0.490,0.000,0.510
857500,0.393,0.000,0.607
858000,0.348,0.000,0.652
858500,0.442,0.000,0.558
859000,0.455,0.000,0.545
859500,0.454,0.000,0.546
860000,0.540,0.000,0.460
860500,0.429,0.000,0.571
861000,0.390,0.000,0.610
861500,0.413,0.000,0.587
862000,0.440,0.000,0.560
862500,0.365,0.000,0.635
863000,0.565,0.000,0.435
863500,0.338,0.000,0.662
864000,0.396,0.000,0.604
864500,0.377,0.000,0.623
865000,0.455,0.000,0.545
865500,0.450,0.000,0.550
866000,0.542,0.000,0.458
866500,0.526,0.000,0.474
867000,0.484,0.000,0.516
867500,0.522,0.000,0.478
868000,0.462,0.000,0.538
868500,0.342,0.000,0.658
869000,0.439,0.000,0.561
869500,0.363,0.000,0.637
870000,0.425,0.000,0.575
870500,0.451,0.000,0.549
871000,0.321,0.000,0.679
871500,0.445,0.000,0.555
872000,0.485,0.000,0.515
872500,0.330,0.000,0.670
873000,0.338,0.000,0.662
873500,0.434,0.000,0.566
874000,0.409,0.000,0.591
874500,0.423,0.000,0.577
875000,0.265,0.000,0.735
875500,0.405,0.000,0.595
876000,0.353,0.000,0.647
876500,0.427,0.000,0.573
877000,0.476,0.000,0.524
877500,0.428,0.000,0.572
878000,0.395,0.000,0.605
878500,0.371,0.000,0.629
879000,0.424,0.000,0.576
879500,0.548,0.000,0.452
880000,0.655,0.000,0.345
880500,0.505,0.000,0.495
881000,0.479,0.000,0.521
881500,0.289,0.000,0.711
882000,0.433,0.000,0.567
882500,0.369,0.000,0.631
883000,0.482,0.000,0.518
883500,0.317,0.000,0.683
884000,0.331,0.000,0.669
884500,0.418,0.000,0.582
885000,0.405,0.000,0.595
885500,0.449,0.000,0.551
886000,0.527,0.000,0.473
886500,0.463,0.000,0.537
887000,0.514,0.000,0.486
887500,0.469,0.000,0.531
888000,0.494,0.000,0.506
888500,0.403,0.000,0.597
889000,0.401,0.000,0.599
889500,0.485,0.000,0.515
890000,0.448,0.000,0.552
890500,0.412,0.000,0.588
891000,0.509,0.000,0.491
891500,0.406,0.000,0.594
892000,0.344,0.000,0.656
892500,0.533,0.000,0.467
893000,0.448,0.000,0.552
893500,0.569,0.000,0.431
894000,0.420,0.000,0.580
894500,0.365,0.000,0.635
895000,0.414,0.000,0.586
895500,0.326,0.000,0.674
896000,0.438,0.000,0.562
896500,0.437,0.000,0.563
897000,0.448,0.000,0.552
897500,0.432,0.000,0.568
898000,0.398,0.000,0.602
898500,0.445,0.000,0.555
899000,0.367,0.000,0.633
899500,0.430,0.000,0.570
900000,0.423,0.000,0.577
900500,0.374,0.000,0.626
901000,0.357,0.000,0.643
901500,0.416,0.000,0.584
902000,0.506,0.000,0.494
902500,0.545,0.000,0.455
903000,0.491,0.000,0.509
903500,0.383,0.000,0.617
904000,0.570,0.000,0.430
904500,0.391,0.000,0.609
905000,0.333,0.000,0.667
905500,0.401,0.000,0.599
906000,0.479,0.000,0.521
906500,0.472,0.000,0.528
907000,0.381,0.000,0.619
907500,0.428,0.000,0.572
908000,0.349,0.000,0.651
908500,0.482,0.000,0.518
909000,0.372,0.000,0.628
909500,0.377,0.000,0.623
910000,0.502,0.000,0.498
910500,0.293,0.000,0.707
911000,0.459,0.000,0.541
911500,0.314,0.000,0.686
912000,0.356,0.000,0.644
912500,0.395,0.000,0.605
913000,0.420,0.000,0.580
913500,0.333,0.000,0.667
914000,0.470,0.000,0.530
914500,0.411,0.000,0.589
915000,0.497,0.000,0.503
915500,0.488,0.000,0.512
916000,0.430,0.000,0.570
916500,0.466,0.000,0.534
917000,0.399,0.000,0.601
917500,0.540,0.000,0.460
918000,0.469,0.000,0.531
918500,0.332,0.000,0.668
919000,0.406,0.000,0.594
919500,0.410,0.000,0.590
920000,0.335,0.000,0.665
920500,0.332,0.000,0.668
921000,0.431,0.000,0.569
921500,0.383,0.000,0.617
922000,0.507,0.000,0.493
922500,0.340,0.000,0.660
923000,0.383,0.000,0.617
923500,0.515,0.000,0.485
924000,0.429,0.000,0.571
924500,0.468,0.000,0.532
925000,0.361,0.000,0.639
925500,0.522,0.000,0.478
926000,0.457,0.000,0.543
926500,0.478,0.000,0.522
927000,0.526,0.000,0.474
927500,0.413,0.000,0.587
928000,0.326,0.000,0.674
928500,0.538,0.000,0.462
929000,0.406,0.000,0.594
929500,0.522,0.000,0.478
930000,0.336,0.000,0.664
930500,0.339,0.000,0.661
931000,0.465,0.000,0.535
931500,0.479,0.000,0.521
932000,0.309,0.000,0.691
932500,0.317,0.000,0.683
933000,0.472,0.000,0.528
933500,0.286,0.000,0.714
934000,0.338,0.000,0.662
934500,0.389,0.000,0.611
935000,0.527,0.000,0.473
935500,0.375,0.000,0.625
936000,0.476,0.000,0.524
936500,0.401,0.000,0.599
937000,0.309,0.000,0.691
937500,0.444,0.000,0.556
938000,0.365,0.000,0.635
938500,0.499,0.000,0.501
939000,0.506,0.000,0.494
939500,0.523,0.000,0.477
940000,0.279,0.000,0.721
940500,0.339,0.000,0.661
941000,0.325,0.000,0.675
941500,0.502,0.000,0.498
942000,0.380,0.000,0.620
942500,0.367,0.000,0.633
943000,0.369,0.000,0.631
943500,0.530,0.000,0.470
944000,0.528,0.000,0.472
944500,0.551,0.000,0.449
945000,0.502,0.000,0.498
945500,0.575,0.000,0.425
946000,0.528,0.000,0.472
946500,0.346,0.000,0.654
947000,0.298,0.000,0.702
947500,0.443,0.000,0.557
948000,0.380,0.000,0.620
948500,0.317,0.000,0.683
949000,0.420,0.000,0.580
949500,0.358,0.000,0.642
950000,0.435,0.000,0.565
950500,0.354,0.000,0.646
951000,0.401,0.000,0.599
951500,0.391,0.000,0.609
952000,0.453,0.000,0.547
952500,0.404,0.000,0.596
953000,0.421,0.000,0.579
953500,0.436,0.000,0.564
954000,0.566,0.000,0.434
954500,0.436,0.000,0.564
955000,0.454,0.000,0.546
955500,0.436,0.000,0.564
956000,0.348,0.000,0.652
956500,0.551,0.000,0.449
957000,0.415,0.000,0.585
957500,0.368,0.000,0.632
958000,0.386,0.000,0.614
958500,0.437,0.000,0.563
959000,0.393,0.000,0.607
959500,0.497,0.000,0.503
960000,0.315,0.000,0.685
960500,0.411,0.000,0.589
961000,0.421,0.000,0.579
961500,0.458,0.000,0.542
962000,0.432,0.000,0.568
962500,0.517,0.000,0.483
963000,0.347,0.000,0.653
963500,0.423,0.000,0.577
964000,0.417,0.000,0.583
964500,0.343,0.000,0.657
965000,0.447,0.000,0.553
965500,0.362,0.000,0.638
966000,0.310,0.000,0.690
966500,0.370,0.000,0.630
967000,0.533,0.000,0.467
967500,0.381,0.000,0.619
968000,0.341,0.000,0.659
968500,0.515,0.000,0.485
969000,0.428,0.000,0.572
969500,0.373,0.000,0.627
970000,0.355,0.000,0.645
970500,0.505,0.000,0.495
971000,0.515,0.000,0.485
971500,0.507,0.000,0.493
972000,0.319,0.000,0.681
972500,0.272,0.000,0.728
973000,0.383,0.000,0.617
973500,0.484,0.000,0.516
974000,0.499,0.000,0.501
974500,0.466,0.000,0.534
975000,0.311,0.000,0.689
975500,0.405,0.000,0.595
976000,0.409,0.000,0.591
976500,0.417,0.000,0.583
977000,0.469,0.000,0.531
977500,0.465,0.000,0.535
978000,0.398,0.000,0.602
978500,0.470,0.000,0.530
979000,0.380,0.000,0.620
979500,0.336,0.000,0.664
980000,0.390,0.000,0.610
980500,0.566,0.000,0.434
981000,0.433,0.000,0.567
981500,0.400,0.000,0.600
982000,0.404,0.000,0.596
982500,0.545,0.000,0.455
983000,0.424,0.000,0.576
983500,0.415,0.000,0.585
984000,0.434,0.000,0.566
984500,0.340,0.000,0.660
985000,0.466,0.000,0.534
985500,0.522,0.000,0.478
986000,0.375,0.000,0.625
986500,0.375,0.000,0.625
987000,0.333,0.000,0.667
987500,0.391,0.000,0.609
988000,0.425,0.000,0.575
988500,0.350,0.000,0.650
989000,0.433,0.000,0.567
989500,0.481,0.000,0.519
990000,0.383,0.000,0.617
990500,0.423,0.000,0.577
991000,0.607,0.000,0.393
991500,0.514,0.000,0.486
992000,0.507,0.000,0.493
992500,0.392,0.000,0.608
993000,0.426,0.000,0.574
993500,0.419,0.000,0.581
994000,0.420,0.000,0.580
994500,0.450,0.000,0.550
995000,0.544,0.000,0.456
995500,0.409,0.000,0.591
996000,0.452,0.000,0.548
996500,0.422,0.000,0.578
997000,0.308,0.000,0.692
997500,0.362,0.000,0.638
998000,0.395,0.000,0.605
998500,0.382,0.000,0.618
999000,0.343,0.000,0.657
999500,0.435,0.000,0.565
1000000,0.451,0.000,0.549
