time,n_A+p,n_B,n_AB
500,0.169,0.003,0.828
1000,0.338,0.000,0.662
1500,0.453,0.000,0.547
2000,0.393,0.000,0.607
2500,0.551,0.000,0.449
3000,0.407,0.000,0.593
3500,0.337,0.000,0.663
4000,0.649,0.000,0.351
4500,0.706,0.000,0.294
5000,0.353,0.000,0.647
5500,0.480,0.000,0.520
6000,0.673,0.000,0.327
6500,0.591,0.000,0.409
7000,0.642,0.000,0.358
7500,0.292,0.000,0.708
8000,0.363,0.000,0.637
8500,0.376,0.000,0.624
9000,0.514,0.000,0.486
9500,0.572,0.000,0.428
10000,0.576,0.000,0.424
10500,0.443,0.000,0.557
11000,0.506,0.000,0.494
11500,0.409,0.000,0.591
12000,0.622,0.000,0.378
12500,0.531,0.000,0.469
13000,0.437,0.000,0.563
13500,0.609,0.000,0.391
14000,0.368,0.000,0.632
14500,0.430,0.000,0.570
15000,0.470,0.000,0.530
15500,0.626,0.000,0.374
16000,0.526,0.000,0.474
16500,0.457,0.000,0.543
17000,0.500,0.000,0.500
17500,0.550,0.000,0.450
18000,0.458,0.000,0.542
18500,0.437,0.000,0.563
19000,0.405,0.000,0.595
19500,0.574,0.000,0.426
20000,0.790,0.000,0.210
20500,0.879,0.000,0.121
21000,0.566,0.000,0.434
21500,0.643,0.000,0.357
22000,0.514,0.000,0.486
22500,0.605,0.000,0.395
23000,0.503,0.000,0.497
23500,0.424,0.000,0.576
24000,0.604,0.000,0.396
24500,0.626,0.000,0.374
25000,0.434,0.000,0.566
25500,0.458,0.000,0.542
26000,0.747,0.000,0.253
26500,0.543,0.000,0.457
27000,0.424,0.000,0.576
27500,0.464,0.000,0.536
28000,0.455,0.000,0.545
28500,0.406,0.000,0.594
29000,0.390,0.000,0.610
29500,0.662,0.000,0.338
30000,0.585,0.000,0.415
30500,0.478,0.000,0.522
31000,0.393,0.000,0.607
31500,0.614,0.000,0.386
32000,0.304,0.000,0.696
32500,0.552,0.000,0.448
33000,0.806,0.000,0.194
33500,0.520,0.000,0.480
34000,0.490,0.000,0.510
34500,0.539,0.000,0.461
35000,0.620,0.000,0.380
35500,0.374,0.000,0.626
36000,0.368,0.000,0.632
36500,0.515,0.000,0.485
37000,0.656,0.000,0.344
37500,0.355,0.000,0.645
38000,0.530,0.000,0.470
38500,0.400,0.000,0.600
39000,0.490,0.000,0.510
39500,0.433,0.000,0.567
40000,0.422,0.000,0.578
40500,0.417,0.000,0.583
41000,0.355,0.000,0.645
41500,0.736,0.000,0.264
42000,0.563,0.000,0.437
42500,0.416,0.000,0.584
43000,0.323,0.000,0.677
43500,0.398,0.000,0.602
44000,0.547,0.000,0.453
44500,0.455,0.000,0.545
45000,0.605,0.000,0.395
45500,0.411,0.000,0.589
46000,0.531,0.000,0.469
46500,0.483,0.000,0.517
47000,0.503,0.000,0.497
47500,0.533,0.000,0.467
48000,0.406,0.000,0.594
48500,0.560,0.000,0.440
49000,0.392,0.000,0.608
49500,0.607,0.000,0.393
50000,0.449,0.000,0.551
50500,0.499,0.000,0.501
51000,0.492,0.000,0.508
51500,0.534,0.000,0.466
52000,0.549,0.000,0.451
52500,0.404,0.000,0.596
53000,0.563,0.000,0.437
53500,0.589,0.000,0.411
54000,0.403,0.000,0.597
54500,0.477,0.000,0.523
55000,0.378,0.000,0.622
55500,0.572,0.000,0.428
56000,0.563,0.000,0.437
56500,0.790,0.000,0.210
57000,0.466,0.000,0.534
57500,0.298,0.000,0.702
58000,0.522,0.000,0.478
58500,0.440,0.000,0.560
59000,0.481,0.000,0.519
59500,0.782,0.000,0.218
60000,0.746,0.000,0.254
60500,0.310,0.000,0.690
61000,0.559,0.000,0.441
61500,0.519,0.000,0.481
62000,0.412,0.000,0.588
62500,0.402,0.000,0.598
63000,0.396,0.000,0.604
63500,0.585,0.000,0.415
64000,0.486,0.000,0.514
64500,0.428,0.000,0.572
65000,0.474,0.000,0.526
65500,0.338,0.000,0.662
66000,0.425,0.000,0.575
66500,0.437,0.000,0.563
67000,0.757,0.000,0.243
67500,0.650,0.000,0.350
68000,0.362,0.000,0.638
68500,0.503,0.000,0.497
69000,0.538,0.000,0.462
69500,0.327,0.000,0.673
70000,0.439,0.000,0.561
70500,0.397,0.000,0.603
71000,0.574,0.000,0.426
71500,0.606,0.000,0.394
72000,0.573,0.000,0.427
72500,0.522,0.000,0.478
73000,0.520,0.000,0.480
73500,0.745,0.000,0.255
74000,0.671,0.000,0.329
74500,0.663,0.000,0.337
75000,0.392,0.000,0.608
75500,0.553,0.000,0.447
76000,0.634,0.000,0.366
76500,0.360,0.000,0.640
77000,0.485,0.000,0.515
77500,0.559,0.000,0.441
78000,0.336,0.000,0.664
78500,0.638,0.000,0.362
79000,0.591,0.000,0.409
79500,0.473,0.000,0.527
80000,0.414,0.000,0.586
80500,0.425,0.000,0.575
81000,0.420,0.000,0.580
81500,0.458,0.000,0.542
82000,0.558,0.000,0.442
82500,0.483,0.000,0.517
83000,0.411,0.000,0.589
83500,0.550,0.000,0.450
84000,0.408,0.000,0.592
84500,0.650,0.000,0.350
85000,0.532,0.000,0.468
85500,0.421,0.000,0.579
86000,0.548,0.000,0.452
86500,0.321,0.000,0.679
87000,0.603,0.000,0.397
87500,0.431,0.000,0.569
88000,0.496,0.000,0.504
88500,0.517,0.000,0.483
89000,0.578,0.000,0.422
89500,0.638,0.000,0.362
90000,0.306,0.000,0.694
90500,0.501,0.000,0.499
91000,0.442,0.000,0.558
91500,0.644,0.000,0.356
92000,0.416,0.000,0.584
92500,0.624,0.000,0.376
93000,0.414,0.000,0.586
93500,0.565,0.000,0.435
94000,0.750,0.000,0.250
94500,0.699,0.000,0.301
95000,0.401,0.000,0.599
95500,0.399,0.000,0.601
96000,0.656,0.000,0.344
96500,0.498,0.000,0.502
97000,0.521,0.000,0.479
97500,0.440,0.000,0.560
98000,0.545,0.000,0.455
98500,0.450,0.000,0.550
99000,0.369,0.000,0.631
99500,0.604,0.000,0.396
100000,0.714,0.000,0.286
100500,0.667,0.000,0.333
101000,0.698,0.000,0.302
101500,0.334,0.000,0.666
102000,0.498,0.000,0.502
102500,0.455,0.000,0.545
103000,0.382,0.000,0.618
103500,0.565,0.000,0.435
104000,0.480,0.000,0.520
104500,0.605,0.000,0.395
105000,0.364,0.000,0.636
105500,0.431,0.000,0.569
106000,0.374,0.000,0.626
106500,0.514,0.000,0.486
107000,0.479,0.000,0.521
107500,0.599,0.000,0.401
108000,0.805,0.000,0.195
108500,0.620,0.000,0.380
109000,0.390,0.000,0.610
109500,0.565,0.000,0.435
110000,0.437,0.000,0.563
110500,0.453,0.000,0.547
111000,0.503,0.000,0.497
111500,0.746,0.000,0.254
112000,0.501,0.000,0.499
112500,0.496,0.000,0.504
113000,0.596,0.000,0.404
113500,0.610,0.000,0.390
114000,0.655,0.000,0.345
114500,0.729,0.000,0.271
115000,0.493,0.000,0.507
115500,0.576,0.000,0.424
116000,0.484,0.000,0.516
116500,0.592,0.000,0.408
117000,0.460,0.000,0.540
117500,0.568,0.000,0.432
118000,0.349,0.000,0.651
118500,0.615,0.000,0.385
119000,0.647,0.000,0.353
119500,0.360,0.000,0.640
120000,0.440,0.000,0.560
120500,0.426,0.000,0.574
121000,0.512,0.000,0.488
121500,0.459,0.000,0.541
122000,0.477,0.000,0.523
122500,0.555,0.000,0.445
123000,0.348,0.000,0.652
123500,0.521,0.000,0.479
124000,0.579,0.000,0.421
124500,0.336,0.000,0.664
125000,0.423,0.000,0.577
125500,0.468,0.000,0.532
126000,0.613,0.000,0.387
126500,0.460,0.000,0.540
127000,0.550,0.000,0.450
127500,0.766,0.000,0.234
128000,0.427,0.000,0.573
128500,0.588,0.000,0.412
129000,0.497,0.000,0.503
129500,0.356,0.000,0.644
130000,0.522,0.000,0.478
130500,0.231,0.000,0.769
131000,0.337,0.000,0.663
131500,0.445,0.000,0.555
132000,0.355,0.000,0.645
132500,0.548,0.000,0.452
133000,0.458,0.000,0.542
133500,0.529,0.000,0.471
134000,0.682,0.000,0.318
134500,0.581,0.000,0.419
135000,0.359,0.000,0.641
135500,0.674,0.000,0.326
136000,0.466,0.000,0.534
136500,0.326,0.000,0.674
137000,0.314,0.000,0.686
137500,0.410,0.000,0.590
138000,0.233,0.000,0.767
138500,0.504,0.000,0.496
139000,0.497,0.000,0.503
139500,0.386,0.000,0.614
140000,0.531,0.000,0.469
140500,0.467,0.000,0.533
141000,0.654,0.000,0.346
141500,0.638,0.000,0.362
142000,0.425,0.000,0.575
142500,0.405,0.000,0.595
143000,0.501,0.000,0.499
143500,0.785,0.000,0.215
144000,0.500,0.000,0.500
144500,0.436,0.000,0.564
145000,0.614,0.000,0.386
145500,0.426,0.000,0.574
146000,0.508,0.000,0.492
146500,0.349,0.000,0.651
147000,0.469,0.000,0.531
147500,0.346,0.000,0.654
148000,0.597,0.000,0.403
148500,0.481,0.000,0.519
149000,0.512,0.000,0.488
149500,0.407,0.000,0.593
150000,0.646,0.000,0.354
150500,0.375,0.000,0.625
151000,0.608,0.000,0.392
151500,0.520,0.000,0.480
152000,0.558,0.000,0.442
152500,0.537,0.000,0.463
153000,0.443,0.000,0.557
153500,0.352,0.000,0.648
154000,0.440,0.000,0.560
154500,0.383,0.000,0.617
155000,0.539,0.000,0.461
155500,0.476,0.000,0.524
156000,0.531,0.000,0.469
156500,0.501,0.000,0.499
157000,0.455,0.000,0.545
157500,0.520,0.000,0.480
158000,0.552,0.000,0.448
158500,0.620,0.000,0.380
159000,0.440,0.000,0.560
159500,0.457,0.000,0.543
160000,0.635,0.000,0.365
160500,0.803,0.000,0.197
161000,0.396,0.000,0.604
161500,0.533,0.000,0.467
162000,0.472,0.000,0.528
162500,0.298,0.000,0.702
163000,0.435,0.000,0.565
163500,0.533,0.000,0.467
164000,0.413,0.000,0.587
164500,0.572,0.000,0.428
165000,0.273,0.000,0.727
165500,0.447,0.000,0.553
166000,0.704,0.000,0.296
166500,0.336,0.000,0.664
167000,0.777,0.000,0.223
167500,0.448,0.000,0.552
168000,0.372,0.000,0.628
168500,0.717,0.000,0.283
169000,0.419,0.000,0.581
169500,0.426,0.000,0.574
170000,0.366,0.000,0.634
170500,0.784,0.000,0.216
171000,0.398,0.000,0.602
171500,0.512,0.000,0.488
172000,0.472,0.000,0.528
172500,0.536,0.000,0.464
173000,0.435,0.000,0.565
173500,0.387,0.000,0.613
174000,0.479,0.000,0.521
174500,0.394,0.000,0.606
175000,0.401,0.000,0.599
175500,0.561,0.000,0.439
176000,0.517,0.000,0.483
176500,0.463,0.000,0.537
177000,0.583,0.000,0.417
177500,0.446,0.000,0.554
178000,0.404,0.000,0.596
178500,0.572,0.000,0.428
179000,0.550,0.000,0.450
179500,0.436,0.000,0.564
180000,0.697,0.000,0.303
180500,0.507,0.000,0.493
181000,0.559,0.000,0.441
181500,0.566,0.000,0.434
182000,0.413,0.000,0.587
182500,0.642,0.000,0.358
183000,0.576,0.000,0.424
183500,0.619,0.000,0.381
184000,0.441,0.000,0.559
184500,0.425,0.000,0.575
185000,0.531,0.000,0.469
185500,0.554,0.000,0.446
186000,0.423,0.000,0.577
186500,0.639,0.000,0.361
187000,0.501,0.000,0.499
187500,0.712,0.000,0.288
188000,0.351,0.000,0.649
188500,0.509,0.000,0.491
189000,0.363,0.000,0.637
189500,0.450,0.000,0.550
190000,0.600,0.000,0.400
190500,0.520,0.000,0.480
191000,0.424,0.000,0.576
191500,0.463,0.000,0.537
192000,0.492,0.000,0.508
192500,0.639,0.000,0.361
193000,0.556,0.000,0.444
193500,0.327,0.000,0.673
194000,0.305,0.000,0.695
194500,0.359,0.000,0.641
195000,0.441,0.000,0.559
195500,0.372,0.000,0.628
196000,0.545,0.000,0.455
196500,0.471,0.000,0.529
197000,0.461,0.000,0.539
197500,0.684,0.000,0.316
198000,0.509,0.000,0.491
198500,0.573,0.000,0.427
199000,0.761,0.000,0.239
199500,0.594,0.000,0.406
200000,0.555,0.000,0.445
200500,0.457,0.000,0.543
201000,0.520,0.000,0.480
201500,0.303,0.000,0.697
202000,0.570,0.000,0.430
202500,0.715,0.000,0.285
203000,0.534,0.000,0.466
203500,0.536,0.000,0.464
204000,0.462,0.000,0.538
204500,0.578,0.000,0.422
205000,0.524,0.000,0.476
205500,0.655,0.000,0.345
206000,0.588,0.000,0.412
206500,0.490,0.000,0.510
207000,0.500,0.000,0.500
207500,0.507,0.000,0.493
208000,0.436,0.000,0.564
208500,0.495,0.000,0.505
209000,0.529,0.000,0.471
209500,0.435,0.000,0.565
210000,0.613,0.000,0.387
210500,0.537,0.000,0.463
211000,0.505,0.000,0.495
211500,0.481,0.000,0.519
212000,0.473,0.000,0.527
212500,0.632,0.000,0.368
213000,0.601,0.000,0.399
213500,0.621,0.000,0.379
214000,0.473,0.000,0.527
214500,0.298,0.000,0.702
215000,0.455,0.000,0.545
215500,0.386,0.000,0.614
216000,0.469,0.000,0.531
216500,0.577,0.000,0.423
217000,0.622,0.000,0.378
217500,0.470,0.000,0.530
218000,0.452,0.000,0.548
218500,0.679,0.000,0.321
219000,0.313,0.000,0.687
219500,0.539,0.000,0.461
220000,0.454,0.000,0.546
220500,0.387,0.000,0.613
221000,0.531,0.000,0.469
221500,0.591,0.000,0.409
222000,0.606,0.000,0.394
222500,0.632,0.000,0.368
223000,0.562,0.000,0.438
223500,0.264,0.000,0.736
224000,0.623,0.000,0.377
224500,0.732,0.000,0.268
225000,0.420,0.000,0.580
225500,0.667,0.000,0.333
226000,0.421,0.000,0.579
226500,0.530,0.000,0.470
227000,0.570,0.000,0.430
227500,0.559,0.000,0.441
228000,0.613,0.000,0.387
228500,0.912,0.000,0.088
229000,0.627,0.000,0.373
229500,0.684,0.000,0.316
230000,0.795,0.000,0.205
230500,0.378,0.000,0.622
231000,0.528,0.000,0.472
231500,0.542,0.000,0.458
232000,0.426,0.000,0.574
232500,0.355,0.000,0.645
233000,0.635,0.000,0.365
233500,0.496,0.000,0.504
234000,0.824,0.000,0.176
234500,0.653,0.000,0.347
235000,0.444,0.000,0.556
235500,0.582,0.000,0.418
236000,0.401,0.000,0.599
236500,0.522,0.000,0.478
237000,0.667,0.000,0.333
237500,0.461,0.000,0.539
238000,0.573,0.000,0.427
238500,0.615,0.000,0.385
239000,0.484,0.000,0.516
239500,0.388,0.000,0.612
240000,0.709,0.000,0.291
240500,0.721,0.000,0.279
241000,0.626,0.000,0.374
241500,0.505,0.000,0.495
242000,0.556,0.000,0.444
242500,0.766,0.000,0.234
243000,0.809,0.000,0.191
243500,0.691,0.000,0.309
244000,0.552,0.000,0.448
244500,0.425,0.000,0.575
245000,0.551,0.000,0.449
245500,0.477,0.000,0.523
246000,0.597,0.000,0.403
246500,0.564,0.000,0.436
247000,0.569,0.000,0.431
247500,0.758,0.000,0.242
248000,0.653,0.000,0.347
248500,0.588,0.000,0.412
249000,0.632,0.000,0.368
249500,0.473,0.000,0.527
250000,0.505,0.000,0.495
250500,0.584,0.000,0.416
251000,0.492,0.000,0.508
251500,0.651,0.000,0.349
252000,0.716,0.000,0.284
252500,0.484,0.000,0.516
253000,0.365,0.000,0.635
253500,0.397,0.000,0.603
254000,0.430,0.000,0.570
254500,0.496,0.000,0.504
255000,0.349,0.000,0.651
255500,0.531,0.000,0.469
256000,0.510,0.000,0.490
256500,0.182,0.000,0.818
257000,0.374,0.000,0.626
257500,0.345,0.000,0.655
258000,0.473,0.000,0.527
258500,0.563,0.000,0.437
259000,0.342,0.000,0.658
259500,0.532,0.000,0.468
260000,0.427,0.000,0.573
260500,0.346,0.000,0.654
261000,0.363,0.000,0.637
261500,0.589,0.000,0.411
262000,0.304,0.000,0.696
262500,0.552,0.000,0.448
263000,0.517,0.000,0.483
263500,0.417,0.000,0.583
264000,0.369,0.000,0.631
264500,0.455,0.000,0.545
265000,0.619,0.000,0.381
265500,0.401,0.000,0.599
266000,0.570,0.000,0.430
266500,0.382,0.000,0.618
267000,0.657,0.000,0.343
267500,0.585,0.000,0.415
268000,0.566,0.000,0.434
268500,0.404,0.000,0.596
269000,0.899,0.000,0.101
269500,0.589,0.000,0.411
270000,0.465,0.000,0.535
270500,0.639,0.000,0.361
271000,0.417,0.000,0.583
271500,0.424,0.000,0.576
272000,0.375,0.000,0.625
272500,0.354,0.000,0.646
273000,0.343,0.000,0.657
273500,0.463,0.000,0.537
274000,0.622,0.000,0.378
274500,0.488,0.000,0.512
275000,0.398,0.000,0.602
275500,0.396,0.000,0.604
276000,0.454,0.000,0.546
276500,0.657,0.000,0.343
277000,0.441,0.000,0.559
277500,0.556,0.000,0.444
278000,0.387,0.000,0.613
278500,0.586,0.000,0.414
279000,0.484,0.000,0.516
279500,0.406,0.000,0.594
280000,0.594,0.000,0.406
280500,0.659,0.000,0.341
281000,0.495,0.000,0.505
281500,0.625,0.000,0.375
282000,0.351,0.000,0.649
282500,0.572,0.000,0.428
283000,0.325,0.000,0.675
283500,0.395,0.000,0.605
284000,0.365,0.000,0.635
284500,0.657,0.000,0.343
285000,0.754,0.000,0.246
285500,0.422,0.000,0.578
286000,0.458,0.000,0.542
286500,0.726,0.000,0.274
287000,0.790,0.000,0.210
287500,0.483,0.000,0.517
288000,0.623,0.000,0.377
288500,0.541,0.000,0.459
289000,0.569,0.000,0.431
289500,0.677,0.000,0.323
290000,0.405,0.000,0.595
290500,0.594,0.000,0.406
291000,0.558,0.000,0.442
291500,0.303,0.000,0.697
292000,0.683,0.000,0.317
292500,0.519,0.000,0.481
293000,0.593,0.000,0.407
293500,0.586,0.000,0.414
294000,0.345,0.000,0.655
294500,0.510,0.000,0.490
295000,0.522,0.000,0.478
295500,0.408,0.000,0.592
296000,0.442,0.000,0.558
296500,0.596,0.000,0.404
297000,0.476,0.000,0.524
297500,0.542,0.000,0.458
298000,0.622,0.000,0.378
298500,0.670,0.000,0.330
299000,0.493,0.000,0.507
299500,0.354,0.000,0.646
300000,0.478,0.000,0.522
300500,0.481,0.000,0.519
301000,0.379,0.000,0.621
301500,0.736,0.000,0.264
302000,0.509,0.000,0.491
302500,0.575,0.000,0.425
303000,0.419,0.000,0.581
303500,0.459,0.000,0.541
304000,0.492,0.000,0.508
304500,0.444,0.000,0.556
305000,0.203,0.000,0.797
305500,0.358,0.000,0.642
306000,0.549,0.000,0.451
306500,0.468,0.000,0.532
307000,0.599,0.000,0.401
307500,0.342,0.000,0.658
308000,0.473,0.000,0.527
308500,0.511,0.000,0.489
309000,0.534,0.000,0.466
309500,0.429,0.000,0.571
310000,0.683,0.000,0.317
310500,0.400,0.000,0.600
311000,0.535,0.000,0.465
311500,0.396,0.000,0.604
312000,0.437,0.000,0.563
312500,0.415,0.000,0.585
313000,0.369,0.000,0.631
313500,0.475,0.000,0.525
314000,0.726,0.000,0.274
314500,0.575,0.000,0.425
315000,0.578,0.000,0.422
315500,0.666,0.000,0.334
316000,0.542,0.000,0.458
316500,0.427,0.000,0.573
317000,0.606,0.000,0.394
317500,0.507,0.000,0.493
318000,0.664,0.000,0.336
318500,0.448,0.000,0.552
319000,0.743,0.000,0.257
319500,0.436,0.000,0.564
320000,0.490,0.000,0.510
320500,0.433,0.000,0.567
321000,0.541,0.000,0.459
321500,0.492,0.000,0.508
322000,0.595,0.000,0.405
322500,0.710,0.000,0.290
323000,0.447,0.000,0.553
323500,0.566,0.000,0.434
324000,0.507,0.000,0.493
324500,0.372,0.000,0.628
325000,0.350,0.000,0.650
325500,0.639,0.000,0.361
326000,0.642,0.000,0.358
326500,0.713,0.000,0.287
327000,0.763,0.000,0.237
327500,0.517,0.000,0.483
328000,0.574,0.000,0.426
328500,0.597,0.000,0.403
329000,0.476,0.000,0.524
329500,0.518,0.000,0.482
330000,0.253,0.000,0.747
330500,0.464,0.000,0.536
331000,0.389,0.000,0.611
331500,0.508,0.000,0.492
332000,0.439,0.000,0.561
332500,0.432,0.000,0.568
333000,0.656,0.000,0.344
333500,0.716,0.000,0.284
334000,0.426,0.000,0.574
334500,0.663,0.000,0.337
335000,0.521,0.000,0.479
335500,0.444,0.000,0.556
336000,0.463,0.000,0.537
336500,0.926,0.000,0.074
337000,0.523,0.000,0.477
337500,0.573,0.000,0.427
338000,0.541,0.000,0.459
338500,0.425,0.000,0.575
339000,0.406,0.000,0.594
339500,0.327,0.000,0.673
340000,0.547,0.000,0.453
340500,0.429,0.000,0.571
341000,0.347,0.000,0.653
341500,0.440,0.000,0.560
342000,0.468,0.000,0.532
342500,0.461,0.000,0.539
343000,0.778,0.000,0.222
343500,0.842,0.000,0.158
344000,0.408,0.000,0.592
344500,0.631,0.000,0.369
345000,0.518,0.000,0.482
345500,0.397,0.000,0.603
346000,0.380,0.000,0.620
346500,0.494,0.000,0.506
347000,0.492,0.000,0.508
347500,0.615,0.000,0.385
348000,0.534,0.000,0.466
348500,0.532,0.000,0.468
349000,0.353,0.000,0.647
349500,0.492,0.000,0.508
350000,0.495,0.000,0.505
350500,0.381,0.000,0.619
351000,0.456,0.000,0.544
351500,0.294,0.000,0.706
352000,0.403,0.000,0.597
352500,0.791,0.000,0.209
353000,0.702,0.000,0.298
353500,0.545,0.000,0.455
354000,0.518,0.000,0.482
354500,0.573,0.000,0.427
355000,0.796,0.000,0.204
355500,0.665,0.000,0.335
356000,0.316,0.000,0.684
356500,0.512,0.000,0.488
357000,0.602,0.000,0.398
357500,0.533,0.000,0.467
358000,0.412,0.000,0.588
358500,0.493,0.000,0.507
359000,0.500,0.000,0.500
359500,0.649,0.000,0.351
360000,0.716,0.000,0.284
360500,0.404,0.000,0.596
361000,0.423,0.000,0.577
361500,0.568,0.000,0.432
362000,0.409,0.000,0.591
362500,0.355,0.000,0.645
363000,0.535,0.000,0.465
363500,0.488,0.000,0.512
364000,0.585,0.000,0.415
364500,0.496,0.000,0.504
365000,0.427,0.000,0.573
365500,0.345,0.000,0.655
366000,0.546,0.000,0.454
366500,0.583,0.000,0.417
367000,0.772,0.000,0.228
367500,0.605,0.000,0.395
368000,0.492,0.000,0.508
368500,0.541,0.000,0.459
369000,0.343,0.000,0.657
369500,0.617,0.000,0.383
370000,0.651,0.000,0.349
370500,0.407,0.000,0.593
371000,0.530,0.000,0.470
371500,0.506,0.000,0.494
372000,0.564,0.000,0.436
372500,0.457,0.000,0.543
373000,0.447,0.000,0.553
373500,0.531,0.000,0.469
374000,0.530,0.000,0.470
374500,0.538,0.000,0.462
375000,0.495,0.000,0.505
375500,0.470,0.000,0.530
376000,0.370,0.000,0.630
376500,0.706,0.000,0.294
377000,0.408,0.000,0.592
377500,0.370,0.000,0.630
378000,0.588,0.000,0.412
378500,0.385,0.000,0.615
379000,0.441,0.000,0.559
379500,0.357,0.000,0.643
380000,0.687,0.000,0.313
380500,0.539,0.000,0.461
381000,0.403,0.000,0.597
381500,0.420,0.000,0.580
382000,0.364,0.000,0.636
382500,0.657,0.000,0.343
383000,0.576,0.000,0.424
383500,0.455,0.000,0.545
384000,0.476,0.000,0.524
384500,0.475,0.000,0.525
385000,0.507,0.000,0.493
385500,0.424,0.000,0.576
386000,0.611,0.000,0.389
386500,0.356,0.000,0.644
387000,0.463,0.000,0.537
387500,0.363,0.000,0.637
388000,0.441,0.000,0.559
388500,0.487,0.000,0.513
389000,0.466,0.000,0.534
389500,0.566,0.000,0.434
390000,0.618,0.000,0.382
390500,0.569,0.000,0.431
391000,0.562,0.000,0.438
391500,0.527,0.000,0.473
392000,0.312,0.000,0.688
392500,0.393,0.000,0.607
393000,0.426,0.000,0.574
393500,0.643,0.000,0.357
394000,0.516,0.000,0.484
394500,0.435,0.000,0.565
395000,0.650,0.000,0.350
395500,0.539,0.000,0.461
396000,0.422,0.000,0.578
396500,0.356,0.000,0.644
397000,0.582,0.000,0.418
397500,0.548,0.000,0.452
398000,0.454,0.000,0.546
398500,0.329,0.000,0.671
399000,0.494,0.000,0.506
399500,0.634,0.000,0.366
400000,0.573,0.000,0.427
400500,0.607,0.000,0.393
401000,0.330,0.000,0.670
401500,0.690,0.000,0.310
402000,0.639,0.000,0.361
402500,0.395,0.000,0.605
403000,0.576,0.000,0.424
403500,0.563,0.000,0.437
404000,0.502,0.000,0.498
404500,0.354,0.000,0.646
405000,0.749,0.000,0.251
405500,0.578,0.000,0.422
406000,0.577,0.000,0.423
406500,0.584,0.000,0.416
407000,0.461,0.000,0.539
407500,0.304,0.000,0.696
408000,0.497,0.000,0.503
408500,0.450,0.000,0.550
409000,0.415,0.000,0.585
409500,0.446,0.000,0.554
410000,0.519,0.000,0.481
410500,0.500,0.000,0.500
411000,0.587,0.000,0.413
411500,0.508,0.000,0.492
412000,0.467,0.000,0.533
412500,0.665,0.000,0.335
413000,0.485,0.000,0.515
413500,0.764,0.000,0.236
414000,0.431,0.000,0.569
414500,0.713,0.000,0.287
415000,0.664,0.000,0.336
415500,0.595,0.000,0.405
416000,0.716,0.000,0.284
416500,0.589,0.000,0.411
417000,0.472,0.000,0.528
417500,0.391,0.000,0.609
418000,0.485,0.000,0.515
418500,0.493,0.000,0.507
419000,0.413,0.000,0.587
419500,0.539,0.000,0.461
420000,0.592,0.000,0.408
420500,0.584,0.000,0.416
421000,0.437,0.000,0.563
421500,0.501,0.000,0.499
422000,0.468,0.000,0.532
422500,0.668,0.000,0.332
423000,0.682,0.000,0.318
423500,0.478,0.000,0.522
424000,0.438,0.000,0.562
424500,0.457,0.000,0.543
425000,0.563,0.000,0.437
425500,0.495,0.000,0.505
426000,0.596,0.000,0.404
426500,0.510,0.000,0.490
427000,0.336,0.000,0.664
427500,0.538,0.000,0.462
428000,0.708,0.000,0.292
428500,0.396,0.000,0.604
429000,0.419,0.000,0.581
429500,0.545,0.000,0.455
430000,0.413,0.000,0.587
430500,0.435,0.000,0.565
431000,0.463,0.000,0.537
431500,0.548,0.000,0.452
432000,0.342,0.000,0.658
432500,0.355,0.000,0.645
433000,0.501,0.000,0.499
433500,0.379,0.000,0.621
434000,0.553,0.000,0.447
434500,0.453,0.000,0.547
435000,0.539,0.000,0.461
435500,0.462,0.000,0.538
436000,0.548,0.000,0.452
436500,0.730,0.000,0.270
437000,0.616,0.000,0.384
437500,0.624,0.000,0.376
438000,0.749,0.000,0.251
438500,0.390,0.000,0.610
439000,0.397,0.000,0.603
439500,0.423,0.000,0.577
440000,0.489,0.000,0.511
440500,0.824,0.000,0.176
441000,0.484,0.000,0.516
441500,0.352,0.000,0.648
442000,0.632,0.000,0.368
442500,0.349,0.000,0.651
443000,0.474,0.000,0.526
443500,0.490,0.000,0.510
444000,0.535,0.000,0.465
444500,0.431,0.000,0.569
445000,0.440,0.000,0.560
445500,0.458,0.000,0.542
446000,0.564,0.000,0.436
446500,0.351,0.000,0.649
447000,0.376,0.000,0.624
447500,0.644,0.000,0.356
448000,0.735,0.000,0.265
448500,0.262,0.000,0.738
449000,0.434,0.000,0.566
449500,0.297,0.000,0.703
450000,0.642,0.000,0.358
450500,0.480,0.000,0.520
451000,0.517,0.000,0.483
451500,0.385,0.000,0.615
452000,0.304,0.000,0.696
452500,0.691,0.000,0.309
453000,0.362,0.000,0.638
453500,0.536,0.000,0.464
454000,0.430,0.000,0.570
454500,0.389,0.000,0.611
455000,0.511,0.000,0.489
455500,0.603,0.000,0.397
456000,0.592,0.000,0.408
456500,0.731,0.000,0.269
457000,0.473,0.000,0.527
457500,0.500,0.000,0.500
458000,0.486,0.000,0.514
458500,0.626,0.000,0.374
459000,0.464,0.000,0.536
459500,0.596,0.000,0.404
460000,0.360,0.000,0.640
460500,0.481,0.000,0.519
461000,0.474,0.000,0.526
461500,0.524,0.000,0.476
462000,0.491,0.000,0.509
462500,0.602,0.000,0.398
463000,0.492,0.000,0.508
463500,0.633,0.000,0.367
464000,0.638,0.000,0.362
464500,0.541,0.000,0.459
465000,0.560,0.000,0.440
465500,0.468,0.000,0.532
466000,0.696,0.000,0.304
466500,0.622,0.000,0.378
467000,0.362,0.000,0.638
467500,0.582,0.000,0.418
468000,0.400,0.000,0.600
468500,0.488,0.000,0.512
469000,0.622,0.000,0.378
469500,0.557,0.000,0.443
470000,0.625,0.000,0.375
470500,0.552,0.000,0.448
471000,0.634,0.000,0.366
471500,0.429,0.000,0.571
472000,0.386,0.000,0.614
472500,0.313,0.000,0.687
473000,0.508,0.000,0.492
473500,0.401,0.000,0.599
474000,0.578,0.000,0.422
474500,0.493,0.000,0.507
475000,0.407,0.000,0.593
475500,0.701,0.000,0.299
476000,0.544,0.000,0.456
476500,0.413,0.000,0.587
477000,0.630,0.000,0.370
477500,0.580,0.000,0.420
478000,0.678,0.000,0.322
478500,0.635,0.000,0.365
479000,0.258,0.000,0.742
479500,0.488,0.000,0.512
480000,0.548,0.000,0.452
480500,0.814,0.000,0.186
481000,0.504,0.000,0.496
481500,0.610,0.000,0.390
482000,0.474,0.000,0.526
482500,0.513,0.000,0.487
483000,0.435,0.000,0.565
483500,0.488,0.000,0.512
484000,0.608,0.000,0.392
484500,0.573,0.000,0.427
485000,0.666,0.000,0.334
485500,0.581,0.000,0.419
486000,0.456,0.000,0.544
486500,0.464,0.000,0.536
487000,0.900,0.000,0.100
487500,0.678,0.000,0.322
488000,0.513,0.000,0.487
488500,0.503,0.000,0.497
489000,0.449,0.000,0.551
489500,0.522,0.000,0.478
490000,0.545,0.000,0.455
490500,0.528,0.000,0.472
491000,0.307,0.000,0.693
491500,0.545,0.000,0.455
492000,0.533,0.000,0.467
492500,0.779,0.000,0.221
493000,0.418,0.000,0.582
493500,0.523,0.000,0.477
494000,0.392,0.000,0.608
494500,0.322,0.000,0.678
495000,0.321,0.000,0.679
495500,0.435,0.000,0.565
496000,0.506,0.000,0.494
496500,0.522,0.000,0.478
497000,0.539,0.000,0.461
497500,0.764,0.000,0.236
498000,0.574,0.000,0.426
498500,0.540,0.000,0.460
499000,0.557,0.000,0.443
499500,0.442,0.000,0.558
500000,0.592,0.000,0.408
500500,0.787,0.000,0.213
501000,0.673,0.000,0.327
501500,0.500,0.000,0.500
502000,0.395,0.000,0.605
502500,0.425,0.000,0.575
503000,0.381,0.000,0.619
503500,0.575,0.000,0.425
504000,0.591,0.000,0.409
504500,0.702,0.000,0.298
505000,0.561,0.000,0.439
505500,0.545,0.000,0.455
506000,0.475,0.000,0.525
506500,0.551,0.000,0.449
507000,0.539,0.000,0.461
507500,0.636,0.000,0.364
508000,0.442,0.000,0.558
508500,0.530,0.000,0.470
509000,0.529,0.000,0.471
509500,0.592,0.000,0.408
510000,0.492,0.000,0.508
510500,0.414,0.000,0.586
511000,0.584,0.000,0.416
511500,0.691,0.000,0.309
512000,0.395,0.000,0.605
512500,0.740,0.000,0.260
513000,0.598,0.000,0.402
513500,0.613,0.000,0.387
514000,0.456,0.000,0.544
514500,0.521,0.000,0.479
515000,0.579,0.000,0.421
515500,0.548,0.000,0.452
516000,0.565,0.000,0.435
516500,0.672,0.000,0.328
517000,0.509,0.000,0.491
517500,0.659,0.000,0.341
518000,0.590,0.000,0.410
518500,0.862,0.000,0.138
519000,0.887,0.000,0.113
519500,0.567,0.000,0.433
520000,0.441,0.000,0.559
520500,0.454,0.000,0.546
521000,0.561,0.000,0.439
521500,0.417,0.000,0.583
522000,0.563,0.000,0.437
522500,0.391,0.000,0.609
523000,0.489,0.000,0.511
523500,0.566,0.000,0.434
524000,0.599,0.000,0.401
524500,0.620,0.000,0.380
525000,0.296,0.000,0.704
525500,0.406,0.000,0.594
526000,0.508,0.000,0.492
526500,0.571,0.000,0.429
527000,0.385,0.000,0.615
527500,0.567,0.000,0.433
528000,0.522,0.000,0.478
528500,0.427,0.000,0.573
529000,0.559,0.000,0.441
529500,0.607,0.000,0.393
530000,0.443,0.000,0.557
530500,0.629,0.000,0.371
531000,0.691,0.000,0.309
531500,0.777,0.000,0.223
532000,0.489,0.000,0.511
532500,0.504,0.000,0.496
533000,0.608,0.000,0.392
533500,0.451,0.000,0.549
534000,0.347,0.000,0.653
534500,0.482,0.000,0.518
535000,0.593,0.000,0.407
535500,0.584,0.000,0.416
536000,0.451,0.000,0.549
536500,0.389,0.000,0.611
537000,0.550,0.000,0.450
537500,0.360,0.000,0.640
538000,0.786,0.000,0.214
538500,0.430,0.000,0.570
539000,0.244,0.000,0.756
539500,0.399,0.000,0.601
540000,0.758,0.000,0.242
540500,0.798,0.000,0.202
541000,0.559,0.000,0.441
541500,0.621,0.000,0.379
542000,0.378,0.000,0.622
542500,0.276,0.000,0.724
543000,0.521,0.000,0.479
543500,0.638,0.000,0.362
544000,0.478,0.000,0.522
544500,0.685,0.000,0.315
545000,0.441,0.000,0.559
545500,0.442,0.000,0.558
546000,0.753,0.000,0.247
546500,0.815,0.000,0.185
547000,0.497,0.000,0.503
547500,0.666,0.000,0.334
548000,0.480,0.000,0.520
548500,0.452,0.000,0.548
549000,0.503,0.000,0.497
549500,0.802,0.000,0.198
550000,0.911,0.000,0.089
550500,0.992,0.000,0.008
551000,1.000,0.000,0.000
