time,n_A+p,n_B,n_AB
500,0.030,0.865,0.105
1000,0.030,0.699,0.271
1500,0.030,0.677,0.293
2000,0.030,0.752,0.218
2500,0.030,0.754,0.216
3000,0.030,0.714,0.256
3500,0.030,0.731,0.239
4000,0.030,0.634,0.336
4500,0.030,0.782,0.188
5000,0.030,0.788,0.182
5500,0.030,0.840,0.130
6000,0.030,0.773,0.197
6500,0.030,0.712,0.258
7000,0.030,0.680,0.290
7500,0.030,0.751,0.219
8000,0.030,0.804,0.166
8500,0.030,0.744,0.226
9000,0.030,0.714,0.256
9500,0.030,0.687,0.283
10000,0.030,0.721,0.249
10500,0.030,0.755,0.215
11000,0.030,0.561,0.409
11500,0.030,0.533,0.437
12000,0.030,0.727,0.243
12500,0.030,0.797,0.173
13000,0.030,0.754,0.216
13500,0.030,0.785,0.185
14000,0.030,0.681,0.289
14500,0.030,0.687,0.283
15000,0.030,0.729,0.241
15500,0.030,0.734,0.236
16000,0.030,0.634,0.336
16500,0.030,0.685,0.285
17000,0.030,0.757,0.213
17500,0.030,0.724,0.246
18000,0.030,0.704,0.266
18500,0.030,0.666,0.304
19000,0.030,0.652,0.318
19500,0.030,0.676,0.294
20000,0.030,0.689,0.281
20500,0.030,0.674,0.296
21000,0.030,0.673,0.297
21500,0.030,0.702,0.268
22000,0.030,0.656,0.314
22500,0.030,0.811,0.159
23000,0.030,0.759,0.211
23500,0.030,0.630,0.340
24000,0.030,0.644,0.326
24500,0.030,0.685,0.285
25000,0.030,0.672,0.298
25500,0.030,0.706,0.264
26000,0.030,0.697,0.273
26500,0.030,0.736,0.234
27000,0.030,0.742,0.228
27500,0.030,0.678,0.292
28000,0.030,0.546,0.424
28500,0.030,0.686,0.284
29000,0.030,0.775,0.195
29500,0.030,0.653,0.317
30000,0.030,0.667,0.303
30500,0.030,0.761,0.209
31000,0.030,0.698,0.272
31500,0.030,0.756,0.214
32000,0.030,0.715,0.255
32500,0.030,0.792,0.178
33000,0.030,0.722,0.248
33500,0.030,0.715,0.255
34000,0.030,0.724,0.246
34500,0.030,0.767,0.203
35000,0.030,0.760,0.210
35500,0.030,0.771,0.199
36000,0.030,0.817,0.153
36500,0.030,0.789,0.181
37000,0.030,0.656,0.314
37500,0.030,0.671,0.299
38000,0.030,0.748,0.222
38500,0.030,0.640,0.330
39000,0.030,0.705,0.265
39500,0.030,0.735,0.235
40000,0.030,0.716,0.254
40500,0.030,0.730,0.240
41000,0.030,0.718,0.252
41500,0.030,0.792,0.178
42000,0.030,0.718,0.252
42500,0.030,0.707,0.263
43000,0.030,0.640,0.330
43500,0.030,0.654,0.316
44000,0.030,0.773,0.197
44500,0.030,0.679,0.291
45000,0.030,0.760,0.210
45500,0.030,0.740,0.230
46000,0.030,0.861,0.109
46500,0.030,0.816,0.154
47000,0.030,0.753,0.217
47500,0.030,0.739,0.231
48000,0.030,0.744,0.226
48500,0.030,0.714,0.256
49000,0.030,0.669,0.301
49500,0.030,0.670,0.300
50000,0.030,0.670,0.300
50500,0.030,0.700,0.270
51000,0.030,0.738,0.232
51500,0.030,0.757,0.213
52000,0.030,0.736,0.234
52500,0.030,0.593,0.377
53000,0.030,0.645,0.325
53500,0.030,0.777,0.193
54000,0.030,0.786,0.184
54500,0.030,0.743,0.227
55000,0.030,0.694,0.276
55500,0.030,0.730,0.240
56000,0.030,0.698,0.272
56500,0.030,0.770,0.200
57000,0.030,0.684,0.286
57500,0.030,0.660,0.310
58000,0.030,0.738,0.232
58500,0.030,0.661,0.309
59000,0.030,0.631,0.339
59500,0.030,0.771,0.199
60000,0.030,0.818,0.152
60500,0.030,0.820,0.150
61000,0.030,0.759,0.211
61500,0.030,0.704,0.266
62000,0.030,0.576,0.394
62500,0.030,0.732,0.238
63000,0.030,0.698,0.272
63500,0.030,0.682,0.288
64000,0.030,0.629,0.341
64500,0.030,0.741,0.229
65000,0.030,0.556,0.414
65500,0.030,0.718,0.252
66000,0.030,0.783,0.187
66500,0.030,0.778,0.192
67000,0.030,0.743,0.227
67500,0.030,0.619,0.351
68000,0.030,0.646,0.324
68500,0.030,0.622,0.348
69000,0.030,0.716,0.254
69500,0.030,0.824,0.146
70000,0.030,0.742,0.228
70500,0.030,0.743,0.227
71000,0.030,0.738,0.232
71500,0.030,0.743,0.227
72000,0.030,0.767,0.203
72500,0.030,0.705,0.265
73000,0.030,0.645,0.325
73500,0.030,0.710,0.260
74000,0.030,0.578,0.392
74500,0.030,0.723,0.247
75000,0.030,0.710,0.260
75500,0.030,0.647,0.323
76000,0.030,0.654,0.316
76500,0.030,0.744,0.226
77000,0.030,0.675,0.295
77500,0.030,0.678,0.292
78000,0.030,0.739,0.231
78500,0.030,0.762,0.208
79000,0.030,0.733,0.237
79500,0.030,0.678,0.292
80000,0.030,0.633,0.337
80500,0.030,0.587,0.383
81000,0.030,0.586,0.384
81500,0.030,0.613,0.357
82000,0.030,0.692,0.278
82500,0.030,0.664,0.306
83000,0.030,0.803,0.167
83500,0.030,0.770,0.200
84000,0.030,0.727,0.243
84500,0.030,0.786,0.184
85000,0.030,0.762,0.208
85500,0.030,0.758,0.212
86000,0.030,0.664,0.306
86500,0.030,0.707,0.263
87000,0.030,0.689,0.281
87500,0.030,0.704,0.266
88000,0.030,0.688,0.282
88500,0.030,0.736,0.234
89000,0.030,0.681,0.289
89500,0.030,0.656,0.314
90000,0.030,0.639,0.331
90500,0.030,0.614,0.356
91000,0.030,0.728,0.242
91500,0.030,0.739,0.231
92000,0.030,0.789,0.181
92500,0.030,0.757,0.213
93000,0.030,0.893,0.077
93500,0.030,0.814,0.156
94000,0.030,0.815,0.155
94500,0.030,0.722,0.248
95000,0.030,0.710,0.260
95500,0.030,0.701,0.269
96000,0.030,0.692,0.278
96500,0.030,0.737,0.233
97000,0.030,0.776,0.194
97500,0.030,0.628,0.342
98000,0.030,0.722,0.248
98500,0.030,0.630,0.340
99000,0.030,0.770,0.200
99500,0.030,0.845,0.125
100000,0.030,0.826,0.144
100500,0.030,0.769,0.201
101000,0.030,0.843,0.127
101500,0.030,0.764,0.206
102000,0.030,0.700,0.270
102500,0.030,0.697,0.273
103000,0.030,0.674,0.296
103500,0.030,0.659,0.311
104000,0.030,0.656,0.314
104500,0.030,0.708,0.262
105000,0.030,0.749,0.221
105500,0.030,0.679,0.291
106000,0.030,0.728,0.242
106500,0.030,0.687,0.283
107000,0.030,0.657,0.313
107500,0.030,0.625,0.345
108000,0.030,0.706,0.264
108500,0.030,0.623,0.347
109000,0.030,0.648,0.322
109500,0.030,0.566,0.404
110000,0.030,0.667,0.303
110500,0.030,0.679,0.291
111000,0.030,0.667,0.303
111500,0.030,0.686,0.284
112000,0.030,0.572,0.398
112500,0.030,0.630,0.340
113000,0.030,0.658,0.312
113500,0.030,0.695,0.275
114000,0.030,0.775,0.195
114500,0.030,0.671,0.299
115000,0.030,0.732,0.238
115500,0.030,0.773,0.197
116000,0.030,0.740,0.230
116500,0.030,0.683,0.287
117000,0.030,0.723,0.247
117500,0.030,0.787,0.183
118000,0.030,0.749,0.221
118500,0.030,0.682,0.288
119000,0.030,0.717,0.253
119500,0.030,0.796,0.174
120000,0.030,0.722,0.248
120500,0.030,0.717,0.253
121000,0.030,0.755,0.215
121500,0.030,0.698,0.272
122000,0.030,0.676,0.294
122500,0.030,0.742,0.228
123000,0.030,0.668,0.302
123500,0.030,0.765,0.205
124000,0.030,0.534,0.436
124500,0.030,0.654,0.316
125000,0.030,0.658,0.312
125500,0.030,0.666,0.304
126000,0.030,0.600,0.370
126500,0.030,0.695,0.275
127000,0.030,0.645,0.325
127500,0.030,0.659,0.311
128000,0.030,0.679,0.291
128500,0.030,0.749,0.221
129000,0.030,0.658,0.312
129500,0.030,0.604,0.366
130000,0.030,0.699,0.271
130500,0.030,0.754,0.216
131000,0.030,0.670,0.300
131500,0.030,0.695,0.275
132000,0.030,0.698,0.272
132500,0.030,0.764,0.206
133000,0.030,0.723,0.247
133500,0.030,0.598,0.372
134000,0.030,0.757,0.213
134500,0.030,0.755,0.215
135000,0.030,0.719,0.251
135500,0.030,0.660,0.310
136000,0.030,0.631,0.339
136500,0.030,0.645,0.325
137000,0.030,0.690,0.280
137500,0.030,0.640,0.330
138000,0.030,0.715,0.255
138500,0.030,0.616,0.354
139000,0.030,0.557,0.413
139500,0.030,0.706,0.264
140000,0.030,0.725,0.245
140500,0.030,0.789,0.181
141000,0.030,0.703,0.267
141500,0.030,0.757,0.213
142000,0.030,0.696,0.274
142500,0.030,0.715,0.255
143000,0.030,0.705,0.265
143500,0.030,0.709,0.261
144000,0.030,0.608,0.362
144500,0.030,0.624,0.346
145000,0.030,0.686,0.284
145500,0.030,0.741,0.229
146000,0.030,0.806,0.164
146500,0.030,0.673,0.297
147000,0.030,0.578,0.392
147500,0.030,0.573,0.397
148000,0.030,0.623,0.347
148500,0.030,0.614,0.356
149000,0.030,0.681,0.289
149500,0.030,0.705,0.265
150000,0.030,0.696,0.274
150500,0.030,0.657,0.313
151000,0.030,0.610,0.360
151500,0.030,0.617,0.353
152000,0.030,0.667,0.303
152500,0.030,0.742,0.228
153000,0.030,0.677,0.293
153500,0.030,0.695,0.275
154000,0.030,0.712,0.258
154500,0.030,0.641,0.329
155000,0.030,0.710,0.260
155500,0.030,0.759,0.211
156000,0.030,0.831,0.139
156500,0.030,0.725,0.245
157000,0.030,0.700,0.270
157500,0.030,0.673,0.297
158000,0.030,0.655,0.315
158500,0.030,0.689,0.281
159000,0.030,0.679,0.291
159500,0.030,0.511,0.459
160000,0.030,0.655,0.315
160500,0.030,0.658,0.312
161000,0.030,0.749,0.221
161500,0.030,0.788,0.182
162000,0.030,0.770,0.200
162500,0.030,0.669,0.301
163000,0.030,0.686,0.284
163500,0.030,0.659,0.311
164000,0.030,0.661,0.309
164500,0.030,0.644,0.326
165000,0.030,0.610,0.360
165500,0.030,0.576,0.394
166000,0.030,0.658,0.312
166500,0.030,0.674,0.296
167000,0.030,0.781,0.189
167500,0.030,0.739,0.231
168000,0.030,0.677,0.293
168500,0.030,0.751,0.219
169000,0.030,0.711,0.259
169500,0.030,0.772,0.198
170000,0.030,0.673,0.297
170500,0.030,0.658,0.312
171000,0.030,0.680,0.290
171500,0.030,0.727,0.243
172000,0.030,0.750,0.220
172500,0.030,0.763,0.207
173000,0.030,0.742,0.228
173500,0.030,0.779,0.191
174000,0.030,0.816,0.154
174500,0.030,0.799,0.171
175000,0.030,0.671,0.299
175500,0.030,0.717,0.253
176000,0.030,0.749,0.221
176500,0.030,0.684,0.286
177000,0.030,0.701,0.269
177500,0.030,0.732,0.238
178000,0.030,0.698,0.272
178500,0.030,0.682,0.288
179000,0.030,0.707,0.263
179500,0.030,0.749,0.221
180000,0.030,0.743,0.227
180500,0.030,0.655,0.315
181000,0.030,0.738,0.232
181500,0.030,0.645,0.325
182000,0.030,0.681,0.289
182500,0.030,0.634,0.336
183000,0.030,0.654,0.316
183500,0.030,0.615,0.355
184000,0.030,0.573,0.397
184500,0.030,0.687,0.283
185000,0.030,0.567,0.403
185500,0.030,0.624,0.346
186000,0.030,0.613,0.357
186500,0.030,0.663,0.307
187000,0.030,0.665,0.305
187500,0.030,0.680,0.290
188000,0.030,0.722,0.248
188500,0.030,0.702,0.268
189000,0.030,0.708,0.262
189500,0.030,0.713,0.257
190000,0.030,0.635,0.335
190500,0.030,0.711,0.259
191000,0.030,0.758,0.212
191500,0.030,0.720,0.250
192000,0.030,0.667,0.303
192500,0.030,0.614,0.356
193000,0.030,0.736,0.234
193500,0.030,0.820,0.150
194000,0.030,0.749,0.221
194500,0.030,0.651,0.319
195000,0.030,0.653,0.317
195500,0.030,0.692,0.278
196000,0.030,0.691,0.279
196500,0.030,0.705,0.265
197000,0.030,0.742,0.228
197500,0.030,0.634,0.336
198000,0.030,0.601,0.369
198500,0.030,0.738,0.232
199000,0.030,0.689,0.281
199500,0.030,0.744,0.226
200000,0.030,0.763,0.207
200500,0.030,0.744,0.226
201000,0.030,0.755,0.215
201500,0.030,0.814,0.156
202000,0.030,0.795,0.175
202500,0.030,0.789,0.181
203000,0.030,0.716,0.254
203500,0.030,0.689,0.281
204000,0.030,0.741,0.229
204500,0.030,0.764,0.206
205000,0.030,0.774,0.196
205500,0.030,0.728,0.242
206000,0.030,0.733,0.237
206500,0.030,0.778,0.192
207000,0.030,0.630,0.340
207500,0.030,0.703,0.267
208000,0.030,0.841,0.129
208500,0.030,0.829,0.141
209000,0.030,0.666,0.304
209500,0.030,0.693,0.277
210000,0.030,0.772,0.198
210500,0.030,0.728,0.242
211000,0.030,0.653,0.317
211500,0.030,0.660,0.310
212000,0.030,0.647,0.323
212500,0.030,0.775,0.195
213000,0.030,0.762,0.208
213500,0.030,0.784,0.186
214000,0.030,0.816,0.154
214500,0.030,0.852,0.118
215000,0.030,0.739,0.231
215500,0.030,0.715,0.255
216000,0.030,0.741,0.229
216500,0.030,0.701,0.269
217000,0.030,0.705,0.265
217500,0.030,0.706,0.264
218000,0.030,0.772,0.198
218500,0.030,0.720,0.250
219000,0.030,0.649,0.321
219500,0.030,0.623,0.347
220000,0.030,0.677,0.293
220500,0.030,0.783,0.187
221000,0.030,0.781,0.189
221500,0.030,0.775,0.195
222000,0.030,0.780,0.190
222500,0.030,0.704,0.266
223000,0.030,0.682,0.288
223500,0.030,0.669,0.301
224000,0.030,0.706,0.264
224500,0.030,0.757,0.213
225000,0.030,0.755,0.215
225500,0.030,0.762,0.208
226000,0.030,0.791,0.179
226500,0.030,0.704,0.266
227000,0.030,0.573,0.397
227500,0.030,0.670,0.300
228000,0.030,0.604,0.366
228500,0.030,0.674,0.296
229000,0.030,0.671,0.299
229500,0.030,0.792,0.178
230000,0.030,0.628,0.342
230500,0.030,0.617,0.353
231000,0.030,0.739,0.231
231500,0.030,0.642,0.328
232000,0.030,0.639,0.331
232500,0.030,0.576,0.394
233000,0.030,0.605,0.365
233500,0.030,0.664,0.306
234000,0.030,0.613,0.357
234500,0.030,0.686,0.284
235000,0.030,0.710,0.260
235500,0.030,0.753,0.217
236000,0.030,0.724,0.246
236500,0.030,0.661,0.309
237000,0.030,0.671,0.299
237500,0.030,0.616,0.354
238000,0.030,0.719,0.251
238500,0.030,0.668,0.302
239000,0.030,0.628,0.342
239500,0.030,0.725,0.245
240000,0.030,0.650,0.320
240500,0.030,0.634,0.336
241000,0.030,0.625,0.345
241500,0.030,0.721,0.249
242000,0.030,0.738,0.232
242500,0.030,0.674,0.296
243000,0.030,0.638,0.332
243500,0.030,0.671,0.299
244000,0.030,0.619,0.351
244500,0.030,0.634,0.336
245000,0.030,0.645,0.325
245500,0.030,0.719,0.251
246000,0.030,0.697,0.273
246500,0.030,0.740,0.230
247000,0.030,0.747,0.223
247500,0.030,0.725,0.245
248000,0.030,0.693,0.277
248500,0.030,0.729,0.241
249000,0.030,0.692,0.278
249500,0.030,0.749,0.221
250000,0.030,0.718,0.252
250500,0.030,0.641,0.329
251000,0.030,0.777,0.193
251500,0.030,0.664,0.306
252000,0.030,0.703,0.267
252500,0.030,0.711,0.259
253000,0.030,0.655,0.315
253500,0.030,0.667,0.303
254000,0.030,0.721,0.249
254500,0.030,0.684,0.286
255000,0.030,0.784,0.186
255500,0.030,0.691,0.279
256000,0.030,0.824,0.146
256500,0.030,0.769,0.201
257000,0.030,0.737,0.233
257500,0.030,0.740,0.230
258000,0.030,0.735,0.235
258500,0.030,0.606,0.364
259000,0.030,0.669,0.301
259500,0.030,0.672,0.298
260000,0.030,0.705,0.265
260500,0.030,0.655,0.315
261000,0.030,0.768,0.202
261500,0.030,0.717,0.253
262000,0.030,0.818,0.152
262500,0.030,0.747,0.223
263000,0.030,0.676,0.294
263500,0.030,0.744,0.226
264000,0.030,0.665,0.305
264500,0.030,0.645,0.325
265000,0.030,0.635,0.335
265500,0.030,0.650,0.320
266000,0.030,0.714,0.256
266500,0.030,0.685,0.285
267000,0.030,0.681,0.289
267500,0.030,0.632,0.338
268000,0.030,0.616,0.354
268500,0.030,0.648,0.322
269000,0.030,0.584,0.386
269500,0.030,0.667,0.303
270000,0.030,0.676,0.294
270500,0.030,0.725,0.245
271000,0.030,0.724,0.246
271500,0.030,0.757,0.213
272000,0.030,0.716,0.254
272500,0.030,0.606,0.364
273000,0.030,0.629,0.341
273500,0.030,0.654,0.316
274000,0.030,0.690,0.280
274500,0.030,0.694,0.276
275000,0.030,0.660,0.310
275500,0.030,0.668,0.302
276000,0.030,0.614,0.356
276500,0.030,0.678,0.292
277000,0.030,0.715,0.255
277500,0.030,0.722,0.248
278000,0.030,0.585,0.385
278500,0.030,0.617,0.353
279000,0.030,0.588,0.382
279500,0.030,0.660,0.310
280000,0.030,0.754,0.216
280500,0.030,0.742,0.228
281000,0.030,0.717,0.253
281500,0.030,0.706,0.264
282000,0.030,0.726,0.244
282500,0.030,0.679,0.291
283000,0.030,0.679,0.291
283500,0.030,0.747,0.223
284000,0.030,0.660,0.310
284500,0.030,0.686,0.284
285000,0.030,0.618,0.352
285500,0.030,0.652,0.318
286000,0.030,0.604,0.366
286500,0.030,0.680,0.290
287000,0.030,0.632,0.338
287500,0.030,0.733,0.237
288000,0.030,0.736,0.234
288500,0.030,0.746,0.224
289000,0.030,0.763,0.207
289500,0.030,0.693,0.277
290000,0.030,0.739,0.231
290500,0.030,0.795,0.175
291000,0.030,0.740,0.230
291500,0.030,0.728,0.242
292000,0.030,0.779,0.191
292500,0.030,0.711,0.259
293000,0.030,0.692,0.278
293500,0.030,0.707,0.263
294000,0.030,0.723,0.247
294500,0.030,0.770,0.200
295000,0.030,0.672,0.298
295500,0.030,0.598,0.372
296000,0.030,0.618,0.352
296500,0.030,0.706,0.264
297000,0.030,0.736,0.234
297500,0.030,0.629,0.341
298000,0.030,0.570,0.400
298500,0.030,0.662,0.308
299000,0.030,0.696,0.274
299500,0.030,0.733,0.237
300000,0.030,0.576,0.394
300500,0.030,0.662,0.308
301000,0.030,0.715,0.255
301500,0.030,0.661,0.309
302000,0.030,0.685,0.285
302500,0.030,0.705,0.265
303000,0.030,0.762,0.208
303500,0.030,0.734,0.236
304000,0.030,0.805,0.165
304500,0.030,0.814,0.156
305000,0.030,0.804,0.166
305500,0.030,0.536,0.434
306000,0.030,0.601,0.369
306500,0.030,0.590,0.380
307000,0.030,0.680,0.290
307500,0.030,0.782,0.188
308000,0.030,0.614,0.356
308500,0.030,0.813,0.157
309000,0.030,0.791,0.179
309500,0.030,0.744,0.226
310000,0.030,0.675,0.295
310500,0.030,0.704,0.266
311000,0.030,0.694,0.276
311500,0.030,0.674,0.296
312000,0.030,0.640,0.330
312500,0.030,0.715,0.255
313000,0.030,0.533,0.437
313500,0.030,0.579,0.391
314000,0.030,0.720,0.250
314500,0.030,0.707,0.263
315000,0.030,0.643,0.327
315500,0.030,0.757,0.213
316000,0.030,0.677,0.293
316500,0.030,0.640,0.330
317000,0.030,0.710,0.260
317500,0.030,0.780,0.190
318000,0.030,0.769,0.201
318500,0.030,0.748,0.222
319000,0.030,0.720,0.250
319500,0.030,0.696,0.274
320000,0.030,0.715,0.255
320500,0.030,0.632,0.338
321000,0.030,0.615,0.355
321500,0.030,0.564,0.406
322000,0.030,0.662,0.308
322500,0.030,0.675,0.295
323000,0.030,0.746,0.224
323500,0.030,0.784,0.186
324000,0.030,0.778,0.192
324500,0.030,0.764,0.206
325000,0.030,0.649,0.321
325500,0.030,0.729,0.241
326000,0.030,0.746,0.224
326500,0.030,0.729,0.241
327000,0.030,0.612,0.358
327500,0.030,0.634,0.336
328000,0.030,0.690,0.280
328500,0.030,0.638,0.332
329000,0.030,0.646,0.324
329500,0.030,0.713,0.257
330000,0.030,0.682,0.288
330500,0.030,0.686,0.284
331000,0.030,0.601,0.369
331500,0.030,0.671,0.299
332000,0.030,0.692,0.278
332500,0.030,0.710,0.260
333000,0.030,0.669,0.301
333500,0.030,0.688,0.282
334000,0.030,0.670,0.300
334500,0.030,0.667,0.303
335000,0.030,0.624,0.346
335500,0.030,0.676,0.294
336000,0.030,0.719,0.251
336500,0.030,0.686,0.284
337000,0.030,0.637,0.333
337500,0.030,0.690,0.280
338000,0.030,0.703,0.267
338500,0.030,0.658,0.312
339000,0.030,0.768,0.202
339500,0.030,0.820,0.150
340000,0.030,0.771,0.199
340500,0.030,0.790,0.180
341000,0.030,0.767,0.203
341500,0.030,0.738,0.232
342000,0.030,0.668,0.302
342500,0.030,0.655,0.315
343000,0.030,0.811,0.159
343500,0.030,0.685,0.285
344000,0.030,0.687,0.283
344500,0.030,0.793,0.177
345000,0.030,0.716,0.254
345500,0.030,0.737,0.233
346000,0.030,0.744,0.226
346500,0.030,0.616,0.354
347000,0.030,0.598,0.372
347500,0.030,0.693,0.277
348000,0.030,0.733,0.237
348500,0.030,0.701,0.269
349000,0.030,0.785,0.185
349500,0.030,0.797,0.173
350000,0.030,0.775,0.195
350500,0.030,0.703,0.267
351000,0.030,0.766,0.204
351500,0.030,0.755,0.215
352000,0.030,0.731,0.239
352500,0.030,0.718,0.252
353000,0.030,0.688,0.282
353500,0.030,0.730,0.240
354000,0.030,0.726,0.244
354500,0.030,0.764,0.206
355000,0.030,0.774,0.196
355500,0.030,0.687,0.283
356000,0.030,0.610,0.360
356500,0.030,0.681,0.289
357000,0.030,0.699,0.271
357500,0.030,0.665,0.305
358000,0.030,0.682,0.288
358500,0.030,0.709,0.261
359000,0.030,0.706,0.264
359500,0.030,0.620,0.350
360000,0.030,0.702,0.268
360500,0.030,0.598,0.372
361000,0.030,0.634,0.336
361500,0.030,0.663,0.307
362000,0.030,0.570,0.400
362500,0.030,0.640,0.330
363000,0.030,0.654,0.316
363500,0.030,0.745,0.225
364000,0.030,0.703,0.267
364500,0.030,0.767,0.203
365000,0.030,0.727,0.243
365500,0.030,0.735,0.235
366000,0.030,0.626,0.344
366500,0.030,0.566,0.404
367000,0.030,0.691,0.279
367500,0.030,0.725,0.245
368000,0.030,0.723,0.247
368500,0.030,0.671,0.299
369000,0.030,0.674,0.296
369500,0.030,0.645,0.325
370000,0.030,0.690,0.280
370500,0.030,0.674,0.296
371000,0.030,0.630,0.340
371500,0.030,0.636,0.334
372000,0.030,0.782,0.188
372500,0.030,0.642,0.328
373000,0.030,0.539,0.431
373500,0.030,0.636,0.334
374000,0.030,0.733,0.237
374500,0.030,0.705,0.265
375000,0.030,0.728,0.242
375500,0.030,0.737,0.233
376000,0.030,0.674,0.296
376500,0.030,0.655,0.315
377000,0.030,0.654,0.316
377500,0.030,0.732,0.238
378000,0.030,0.697,0.273
378500,0.030,0.701,0.269
379000,0.030,0.720,0.250
379500,0.030,0.705,0.265
380000,0.030,0.730,0.240
380500,0.030,0.751,0.219
381000,0.030,0.682,0.288
381500,0.030,0.690,0.280
382000,0.030,0.685,0.285
382500,0.030,0.687,0.283
383000,0.030,0.616,0.354
383500,0.030,0.601,0.369
384000,0.030,0.678,0.292
384500,0.030,0.691,0.279
385000,0.030,0.776,0.194
385500,0.030,0.765,0.205
386000,0.030,0.782,0.188
386500,0.030,0.776,0.194
387000,0.030,0.652,0.318
387500,0.030,0.789,0.181
388000,0.030,0.765,0.205
388500,0.030,0.823,0.147
389000,0.030,0.713,0.257
389500,0.030,0.702,0.268
390000,0.030,0.553,0.417
390500,0.030,0.528,0.442
391000,0.030,0.601,0.369
391500,0.030,0.622,0.348
392000,0.030,0.696,0.274
392500,0.030,0.662,0.308
393000,0.030,0.626,0.344
393500,0.030,0.626,0.344
394000,0.030,0.641,0.329
394500,0.030,0.664,0.306
395000,0.030,0.703,0.267
395500,0.030,0.603,0.367
396000,0.030,0.609,0.361
396500,0.030,0.649,0.321
397000,0.030,0.630,0.340
397500,0.030,0.609,0.361
398000,0.030,0.582,0.388
398500,0.030,0.655,0.315
399000,0.030,0.591,0.379
399500,0.030,0.670,0.300
400000,0.030,0.745,0.225
400500,0.030,0.724,0.246
401000,0.030,0.734,0.236
401500,0.030,0.755,0.215
402000,0.030,0.784,0.186
402500,0.030,0.779,0.191
403000,0.030,0.778,0.192
403500,0.030,0.637,0.333
404000,0.030,0.639,0.331
404500,0.030,0.722,0.248
405000,0.030,0.736,0.234
405500,0.030,0.769,0.201
406000,0.030,0.808,0.162
406500,0.030,0.765,0.205
407000,0.030,0.719,0.251
407500,0.030,0.669,0.301
408000,0.030,0.754,0.216
408500,0.030,0.656,0.314
409000,0.030,0.696,0.274
409500,0.030,0.718,0.252
410000,0.030,0.667,0.303
410500,0.030,0.641,0.329
411000,0.030,0.677,0.293
411500,0.030,0.625,0.345
412000,0.030,0.780,0.190
412500,0.030,0.709,0.261
413000,0.030,0.658,0.312
413500,0.030,0.738,0.232
414000,0.030,0.748,0.222
414500,0.030,0.757,0.213
415000,0.030,0.746,0.224
415500,0.030,0.673,0.297
416000,0.030,0.676,0.294
416500,0.030,0.639,0.331
417000,0.030,0.691,0.279
417500,0.030,0.678,0.292
418000,0.030,0.654,0.316
418500,0.030,0.610,0.360
419000,0.030,0.633,0.337
419500,0.030,0.765,0.205
420000,0.030,0.788,0.182
420500,0.030,0.715,0.255
421000,0.030,0.678,0.292
421500,0.030,0.774,0.196
422000,0.030,0.738,0.232
422500,0.030,0.812,0.158
423000,0.030,0.851,0.119
423500,0.030,0.783,0.187
424000,0.030,0.737,0.233
424500,0.030,0.702,0.268
425000,0.030,0.740,0.230
425500,0.030,0.748,0.222
426000,0.030,0.808,0.162
426500,0.030,0.816,0.154
427000,0.030,0.754,0.216
427500,0.030,0.609,0.361
428000,0.030,0.757,0.213
428500,0.030,0.763,0.207
429000,0.030,0.784,0.186
429500,0.030,0.727,0.243
430000,0.030,0.701,0.269
430500,0.030,0.771,0.199
431000,0.030,0.725,0.245
431500,0.030,0.720,0.250
432000,0.030,0.697,0.273
432500,0.030,0.618,0.352
433000,0.030,0.584,0.386
433500,0.030,0.632,0.338
434000,0.030,0.646,0.324
434500,0.030,0.656,0.314
435000,0.030,0.645,0.325
435500,0.030,0.657,0.313
436000,0.030,0.648,0.322
436500,0.030,0.689,0.281
437000,0.030,0.735,0.235
437500,0.030,0.633,0.337
438000,0.030,0.673,0.297
438500,0.030,0.635,0.335
439000,0.030,0.637,0.333
439500,0.030,0.801,0.169
440000,0.030,0.788,0.182
440500,0.030,0.688,0.282
441000,0.030,0.707,0.263
441500,0.030,0.691,0.279
442000,0.030,0.618,0.352
442500,0.030,0.685,0.285
443000,0.030,0.559,0.411
443500,0.030,0.703,0.267
444000,0.030,0.730,0.240
444500,0.030,0.708,0.262
445000,0.030,0.704,0.266
445500,0.030,0.661,0.309
446000,0.030,0.616,0.354
446500,0.030,0.608,0.362
447000,0.030,0.655,0.315
447500,0.030,0.593,0.377
448000,0.030,0.644,0.326
448500,0.030,0.696,0.274
449000,0.030,0.723,0.247
449500,0.030,0.720,0.250
450000,0.030,0.685,0.285
450500,0.030,0.722,0.248
451000,0.030,0.703,0.267
451500,0.030,0.725,0.245
452000,0.030,0.719,0.251
452500,0.030,0.758,0.212
453000,0.030,0.674,0.296
453500,0.030,0.693,0.277
454000,0.030,0.659,0.311
454500,0.030,0.671,0.299
455000,0.030,0.766,0.204
455500,0.030,0.735,0.235
456000,0.030,0.691,0.279
456500,0.030,0.617,0.353
457000,0.030,0.607,0.363
457500,0.030,0.658,0.312
458000,0.030,0.644,0.326
458500,0.030,0.653,0.317
459000,0.030,0.679,0.291
459500,0.030,0.691,0.279
460000,0.030,0.656,0.314
460500,0.030,0.715,0.255
461000,0.030,0.688,0.282
461500,0.030,0.701,0.269
462000,0.030,0.705,0.265
462500,0.030,0.723,0.247
463000,0.030,0.650,0.320
463500,0.030,0.672,0.298
464000,0.030,0.688,0.282
464500,0.030,0.665,0.305
465000,0.030,0.757,0.213
465500,0.030,0.762,0.208
466000,0.030,0.796,0.174
466500,0.030,0.698,0.272
467000,0.030,0.636,0.334
467500,0.030,0.680,0.290
468000,0.030,0.735,0.235
468500,0.030,0.707,0.263
469000,0.030,0.596,0.374
469500,0.030,0.691,0.279
470000,0.030,0.726,0.244
470500,0.030,0.675,0.295
471000,0.030,0.748,0.222
471500,0.030,0.747,0.223
472000,0.030,0.673,0.297
472500,0.030,0.792,0.178
473000,0.030,0.740,0.230
473500,0.030,0.670,0.300
474000,0.030,0.759,0.211
474500,0.030,0.743,0.227
475000,0.030,0.725,0.245
475500,0.030,0.727,0.243
476000,0.030,0.797,0.173
476500,0.030,0.778,0.192
477000,0.030,0.757,0.213
477500,0.030,0.755,0.215
478000,0.030,0.764,0.206
478500,0.030,0.777,0.193
479000,0.030,0.730,0.240
479500,0.030,0.743,0.227
480000,0.030,0.753,0.217
480500,0.030,0.688,0.282
481000,0.030,0.581,0.389
481500,0.030,0.774,0.196
482000,0.030,0.706,0.264
482500,0.030,0.638,0.332
483000,0.030,0.721,0.249
483500,0.030,0.679,0.291
484000,0.030,0.735,0.235
484500,0.030,0.666,0.304
485000,0.030,0.719,0.251
485500,0.030,0.721,0.249
486000,0.030,0.780,0.190
486500,0.030,0.709,0.261
487000,0.030,0.771,0.199
487500,0.030,0.846,0.124
488000,0.030,0.800,0.170
488500,0.030,0.735,0.235
489000,0.030,0.737,0.233
489500,0.030,0.657,0.313
490000,0.030,0.745,0.225
490500,0.030,0.746,0.224
491000,0.030,0.738,0.232
491500,0.030,0.743,0.227
492000,0.030,0.738,0.232
492500,0.030,0.645,0.325
493000,0.030,0.677,0.293
493500,0.030,0.682,0.288
494000,0.030,0.669,0.301
494500,0.030,0.553,0.417
495000,0.030,0.567,0.403
495500,0.030,0.634,0.336
496000,0.030,0.729,0.241
496500,0.030,0.775,0.195
497000,0.030,0.758,0.212
497500,0.030,0.747,0.223
498000,0.030,0.694,0.276
498500,0.030,0.666,0.304
499000,0.030,0.615,0.355
499500,0.030,0.715,0.255
500000,0.030,0.663,0.307
500500,0.030,0.662,0.308
501000,0.030,0.680,0.290
501500,0.030,0.733,0.237
502000,0.030,0.690,0.280
502500,0.030,0.646,0.324
503000,0.030,0.651,0.319
503500,0.030,0.543,0.427
504000,0.030,0.619,0.351
504500,0.030,0.673,0.297
505000,0.030,0.671,0.299
505500,0.030,0.740,0.230
506000,0.030,0.745,0.225
506500,0.030,0.746,0.224
507000,0.030,0.715,0.255
507500,0.030,0.715,0.255
508000,0.030,0.781,0.189
508500,0.030,0.721,0.249
509000,0.030,0.729,0.241
509500,0.030,0.757,0.213
510000,0.030,0.753,0.217
510500,0.030,0.700,0.270
511000,0.030,0.676,0.294
511500,0.030,0.746,0.224
512000,0.030,0.695,0.275
512500,0.030,0.743,0.227
513000,0.030,0.782,0.188
513500,0.030,0.746,0.224
514000,0.030,0.715,0.255
514500,0.030,0.663,0.307
515000,0.030,0.780,0.190
515500,0.030,0.769,0.201
516000,0.030,0.723,0.247
516500,0.030,0.674,0.296
517000,0.030,0.768,0.202
517500,0.030,0.656,0.314
518000,0.030,0.679,0.291
518500,0.030,0.669,0.301
519000,0.030,0.713,0.257
519500,0.030,0.679,0.291
520000,0.030,0.639,0.331
520500,0.030,0.617,0.353
521000,0.030,0.607,0.363
521500,0.030,0.612,0.358
522000,0.030,0.618,0.352
522500,0.030,0.743,0.227
523000,0.030,0.715,0.255
523500,0.030,0.667,0.303
524000,0.030,0.660,0.310
524500,0.030,0.675,0.295
525000,0.030,0.758,0.212
525500,0.030,0.723,0.247
526000,0.030,0.690,0.280
526500,0.030,0.649,0.321
527000,0.030,0.674,0.296
527500,0.030,0.712,0.258
528000,0.030,0.682,0.288
528500,0.030,0.711,0.259
529000,0.030,0.745,0.225
529500,0.030,0.731,0.239
530000,0.030,0.721,0.249
530500,0.030,0.623,0.347
531000,0.030,0.641,0.329
531500,0.030,0.665,0.305
532000,0.030,0.631,0.339
532500,0.030,0.766,0.204
533000,0.030,0.762,0.208
533500,0.030,0.782,0.188
534000,0.030,0.737,0.233
534500,0.030,0.710,0.260
535000,0.030,0.740,0.230
535500,0.030,0.718,0.252
536000,0.030,0.635,0.335
536500,0.030,0.551,0.419
537000,0.030,0.614,0.356
537500,0.030,0.652,0.318
538000,0.030,0.579,0.391
538500,0.030,0.680,0.290
539000,0.030,0.690,0.280
539500,0.030,0.724,0.246
540000,0.030,0.668,0.302
540500,0.030,0.768,0.202
541000,0.030,0.675,0.295
541500,0.030,0.565,0.405
542000,0.030,0.649,0.321
542500,0.030,0.637,0.333
543000,0.030,0.638,0.332
543500,0.030,0.701,0.269
544000,0.030,0.727,0.243
544500,0.030,0.608,0.362
545000,0.030,0.702,0.268
545500,0.030,0.578,0.392
546000,0.030,0.494,0.476
546500,0.030,0.490,0.480
547000,0.030,0.544,0.426
547500,0.030,0.654,0.316
548000,0.030,0.697,0.273
548500,0.030,0.667,0.303
549000,0.030,0.682,0.288
549500,0.030,0.699,0.271
550000,0.030,0.585,0.385
550500,0.030,0.721,0.249
551000,0.030,0.724,0.246
551500,0.030,0.654,0.316
552000,0.030,0.640,0.330
552500,0.030,0.670,0.300
553000,0.030,0.700,0.270
553500,0.030,0.671,0.299
554000,0.030,0.697,0.273
554500,0.030,0.716,0.254
555000,0.030,0.790,0.180
555500,0.030,0.839,0.131
556000,0.030,0.805,0.165
556500,0.030,0.786,0.184
557000,0.030,0.708,0.262
557500,0.030,0.786,0.184
558000,0.030,0.617,0.353
558500,0.030,0.749,0.221
559000,0.030,0.731,0.239
559500,0.030,0.693,0.277
560000,0.030,0.738,0.232
560500,0.030,0.767,0.203
561000,0.030,0.725,0.245
561500,0.030,0.726,0.244
562000,0.030,0.665,0.305
562500,0.030,0.705,0.265
563000,0.030,0.751,0.219
563500,0.030,0.725,0.245
564000,0.030,0.585,0.385
564500,0.030,0.662,0.308
565000,0.030,0.662,0.308
565500,0.030,0.615,0.355
566000,0.030,0.598,0.372
566500,0.030,0.704,0.266
567000,0.030,0.629,0.341
567500,0.030,0.589,0.381
568000,0.030,0.652,0.318
568500,0.030,0.664,0.306
569000,0.030,0.703,0.267
569500,0.030,0.635,0.335
570000,0.030,0.735,0.235
570500,0.030,0.764,0.206
571000,0.030,0.823,0.147
571500,0.030,0.769,0.201
572000,0.030,0.641,0.329
572500,0.030,0.704,0.266
573000,0.030,0.700,0.270
573500,0.030,0.683,0.287
574000,0.030,0.722,0.248
574500,0.030,0.660,0.310
575000,0.030,0.676,0.294
575500,0.030,0.695,0.275
576000,0.030,0.769,0.201
576500,0.030,0.585,0.385
577000,0.030,0.598,0.372
577500,0.030,0.711,0.259
578000,0.030,0.668,0.302
578500,0.030,0.686,0.284
579000,0.030,0.694,0.276
579500,0.030,0.678,0.292
580000,0.030,0.842,0.128
580500,0.030,0.782,0.188
581000,0.030,0.703,0.267
581500,0.030,0.784,0.186
582000,0.030,0.774,0.196
582500,0.030,0.789,0.181
583000,0.030,0.702,0.268
583500,0.030,0.688,0.282
584000,0.030,0.709,0.261
584500,0.030,0.737,0.233
585000,0.030,0.706,0.264
585500,0.030,0.683,0.287
586000,0.030,0.737,0.233
586500,0.030,0.729,0.241
587000,0.030,0.645,0.325
587500,0.030,0.668,0.302
588000,0.030,0.740,0.230
588500,0.030,0.692,0.278
589000,0.030,0.696,0.274
589500,0.030,0.651,0.319
590000,0.030,0.756,0.214
590500,0.030,0.643,0.327
591000,0.030,0.583,0.387
591500,0.030,0.609,0.361
592000,0.030,0.721,0.249
592500,0.030,0.706,0.264
593000,0.030,0.755,0.215
593500,0.030,0.595,0.375
594000,0.030,0.614,0.356
594500,0.030,0.640,0.330
595000,0.030,0.592,0.378
595500,0.030,0.704,0.266
596000,0.030,0.584,0.386
596500,0.030,0.567,0.403
597000,0.030,0.700,0.270
597500,0.030,0.712,0.258
598000,0.030,0.740,0.230
598500,0.030,0.783,0.187
599000,0.030,0.769,0.201
599500,0.030,0.781,0.189
600000,0.030,0.679,0.291
600500,0.030,0.780,0.190
601000,0.030,0.747,0.223
601500,0.030,0.773,0.197
602000,0.030,0.760,0.210
602500,0.030,0.741,0.229
603000,0.030,0.732,0.238
603500,0.030,0.790,0.180
604000,0.030,0.794,0.176
604500,0.030,0.674,0.296
605000,0.030,0.723,0.247
605500,0.030,0.734,0.236
606000,0.030,0.758,0.212
606500,0.030,0.786,0.184
607000,0.030,0.840,0.130
607500,0.030,0.792,0.178
608000,0.030,0.761,0.209
608500,0.030,0.693,0.277
609000,0.030,0.742,0.228
609500,0.030,0.612,0.358
610000,0.030,0.695,0.275
610500,0.030,0.655,0.315
611000,0.030,0.557,0.413
611500,0.030,0.526,0.444
612000,0.030,0.644,0.326
612500,0.030,0.726,0.244
613000,0.030,0.684,0.286
613500,0.030,0.675,0.295
614000,0.030,0.729,0.241
614500,0.030,0.697,0.273
615000,0.030,0.711,0.259
615500,0.030,0.684,0.286
616000,0.030,0.681,0.289
616500,0.030,0.727,0.243
617000,0.030,0.750,0.220
617500,0.030,0.737,0.233
618000,0.030,0.732,0.238
618500,0.030,0.628,0.342
619000,0.030,0.615,0.355
619500,0.030,0.660,0.310
620000,0.030,0.553,0.417
620500,0.030,0.643,0.327
621000,0.030,0.645,0.325
621500,0.030,0.793,0.177
622000,0.030,0.749,0.221
622500,0.030,0.806,0.164
623000,0.030,0.806,0.164
623500,0.030,0.719,0.251
624000,0.030,0.686,0.284
624500,0.030,0.648,0.322
625000,0.030,0.768,0.202
625500,0.030,0.693,0.277
626000,0.030,0.686,0.284
626500,0.030,0.658,0.312
627000,0.030,0.663,0.307
627500,0.030,0.711,0.259
628000,0.030,0.637,0.333
628500,0.030,0.719,0.251
629000,0.030,0.737,0.233
629500,0.030,0.787,0.183
630000,0.030,0.794,0.176
630500,0.030,0.758,0.212
631000,0.030,0.809,0.161
631500,0.030,0.696,0.274
632000,0.030,0.848,0.122
632500,0.030,0.700,0.270
633000,0.030,0.711,0.259
633500,0.030,0.747,0.223
634000,0.030,0.790,0.180
634500,0.030,0.714,0.256
635000,0.030,0.781,0.189
635500,0.030,0.800,0.170
636000,0.030,0.725,0.245
636500,0.030,0.731,0.239
637000,0.030,0.661,0.309
637500,0.030,0.631,0.339
638000,0.030,0.705,0.265
638500,0.030,0.703,0.267
639000,0.030,0.651,0.319
639500,0.030,0.745,0.225
640000,0.030,0.741,0.229
640500,0.030,0.775,0.195
641000,0.030,0.804,0.166
641500,0.030,0.710,0.260
642000,0.030,0.707,0.263
642500,0.030,0.714,0.256
643000,0.030,0.688,0.282
643500,0.030,0.683,0.287
644000,0.030,0.699,0.271
644500,0.030,0.764,0.206
645000,0.030,0.793,0.177
645500,0.030,0.706,0.264
646000,0.030,0.784,0.186
646500,0.030,0.816,0.154
647000,0.030,0.730,0.240
647500,0.030,0.719,0.251
648000,0.030,0.696,0.274
648500,0.030,0.752,0.218
649000,0.030,0.696,0.274
649500,0.030,0.793,0.177
650000,0.030,0.787,0.183
650500,0.030,0.724,0.246
651000,0.030,0.623,0.347
651500,0.030,0.638,0.332
652000,0.030,0.776,0.194
652500,0.030,0.774,0.196
653000,0.030,0.689,0.281
653500,0.030,0.679,0.291
654000,0.030,0.613,0.357
654500,0.030,0.569,0.401
655000,0.030,0.595,0.375
655500,0.030,0.640,0.330
656000,0.030,0.682,0.288
656500,0.030,0.571,0.399
657000,0.030,0.696,0.274
657500,0.030,0.785,0.185
658000,0.030,0.791,0.179
658500,0.030,0.737,0.233
659000,0.030,0.673,0.297
659500,0.030,0.669,0.301
660000,0.030,0.620,0.350
660500,0.030,0.638,0.332
661000,0.030,0.670,0.300
661500,0.030,0.725,0.245
662000,0.030,0.713,0.257
662500,0.030,0.741,0.229
663000,0.030,0.673,0.297
663500,0.030,0.810,0.160
664000,0.030,0.741,0.229
664500,0.030,0.643,0.327
665000,0.030,0.642,0.328
665500,0.030,0.599,0.371
666000,0.030,0.618,0.352
666500,0.030,0.660,0.310
667000,0.030,0.665,0.305
667500,0.030,0.781,0.189
668000,0.030,0.742,0.228
668500,0.030,0.685,0.285
669000,0.030,0.672,0.298
669500,0.030,0.596,0.374
670000,0.030,0.787,0.183
670500,0.030,0.827,0.143
671000,0.030,0.760,0.210
671500,0.030,0.789,0.181
672000,0.030,0.794,0.176
672500,0.030,0.792,0.178
673000,0.030,0.814,0.156
673500,0.030,0.708,0.262
674000,0.030,0.662,0.308
674500,0.030,0.662,0.308
675000,0.030,0.736,0.234
675500,0.030,0.747,0.223
676000,0.030,0.673,0.297
676500,0.030,0.672,0.298
677000,0.030,0.663,0.307
677500,0.030,0.669,0.301
678000,0.030,0.680,0.290
678500,0.030,0.737,0.233
679000,0.030,0.762,0.208
679500,0.030,0.714,0.256
680000,0.030,0.737,0.233
680500,0.030,0.685,0.285
681000,0.030,0.633,0.337
681500,0.030,0.677,0.293
682000,0.030,0.675,0.295
682500,0.030,0.625,0.345
683000,0.030,0.724,0.246
683500,0.030,0.701,0.269
684000,0.030,0.719,0.251
684500,0.030,0.675,0.295
685000,0.030,0.731,0.239
685500,0.030,0.649,0.321
686000,0.030,0.530,0.440
686500,0.030,0.700,0.270
687000,0.030,0.667,0.303
687500,0.030,0.692,0.278
688000,0.030,0.598,0.372
688500,0.030,0.714,0.256
689000,0.030,0.720,0.250
689500,0.030,0.743,0.227
690000,0.030,0.712,0.258
690500,0.030,0.761,0.209
691000,0.030,0.615,0.355
691500,0.030,0.618,0.352
692000,0.030,0.727,0.243
692500,0.030,0.685,0.285
693000,0.030,0.794,0.176
693500,0.030,0.687,0.283
694000,0.030,0.617,0.353
694500,0.030,0.765,0.205
695000,0.030,0.782,0.188
695500,0.030,0.638,0.332
696000,0.030,0.590,0.380
696500,0.030,0.561,0.409
697000,0.030,0.644,0.326
697500,0.030,0.744,0.226
698000,0.030,0.679,0.291
698500,0.030,0.732,0.238
699000,0.030,0.653,0.317
699500,0.030,0.560,0.410
700000,0.030,0.670,0.300
700500,0.030,0.717,0.253
701000,0.030,0.663,0.307
701500,0.030,0.706,0.264
702000,0.030,0.789,0.181
702500,0.030,0.786,0.184
703000,0.030,0.761,0.209
703500,0.030,0.718,0.252
704000,0.030,0.741,0.229
704500,0.030,0.725,0.245
705000,0.030,0.666,0.304
705500,0.030,0.730,0.240
706000,0.030,0.682,0.288
706500,0.030,0.668,0.302
707000,0.030,0.740,0.230
707500,0.030,0.728,0.242
708000,0.030,0.723,0.247
708500,0.030,0.646,0.324
709000,0.030,0.684,0.286
709500,0.030,0.766,0.204
710000,0.030,0.670,0.300
710500,0.030,0.659,0.311
711000,0.030,0.593,0.377
711500,0.030,0.560,0.410
712000,0.030,0.652,0.318
712500,0.030,0.674,0.296
713000,0.030,0.594,0.376
713500,0.030,0.733,0.237
714000,0.030,0.707,0.263
714500,0.030,0.733,0.237
715000,0.030,0.740,0.230
715500,0.030,0.675,0.295
716000,0.030,0.611,0.359
716500,0.030,0.631,0.339
717000,0.030,0.636,0.334
717500,0.030,0.648,0.322
718000,0.030,0.635,0.335
718500,0.030,0.684,0.286
719000,0.030,0.659,0.311
719500,0.030,0.771,0.199
720000,0.030,0.697,0.273
720500,0.030,0.756,0.214
721000,0.030,0.721,0.249
721500,0.030,0.704,0.266
722000,0.030,0.737,0.233
722500,0.030,0.642,0.328
723000,0.030,0.685,0.285
723500,0.030,0.759,0.211
724000,0.030,0.686,0.284
724500,0.030,0.746,0.224
725000,0.030,0.635,0.335
725500,0.030,0.656,0.314
726000,0.030,0.638,0.332
726500,0.030,0.740,0.230
727000,0.030,0.670,0.300
727500,0.030,0.624,0.346
728000,0.030,0.617,0.353
728500,0.030,0.738,0.232
729000,0.030,0.681,0.289
729500,0.030,0.595,0.375
730000,0.030,0.658,0.312
730500,0.030,0.683,0.287
731000,0.030,0.703,0.267
731500,0.030,0.726,0.244
732000,0.030,0.732,0.238
732500,0.030,0.681,0.289
733000,0.030,0.711,0.259
733500,0.030,0.776,0.194
734000,0.030,0.740,0.230
734500,0.030,0.702,0.268
735000,0.030,0.754,0.216
735500,0.030,0.714,0.256
736000,0.030,0.728,0.242
736500,0.030,0.687,0.283
737000,0.030,0.721,0.249
737500,0.030,0.676,0.294
738000,0.030,0.736,0.234
738500,0.030,0.779,0.191
739000,0.030,0.807,0.163
739500,0.030,0.714,0.256
740000,0.030,0.740,0.230
740500,0.030,0.702,0.268
741000,0.030,0.699,0.271
741500,0.030,0.641,0.329
742000,0.030,0.705,0.265
742500,0.030,0.772,0.198
743000,0.030,0.748,0.222
743500,0.030,0.695,0.275
744000,0.030,0.761,0.209
744500,0.030,0.752,0.218
745000,0.030,0.695,0.275
745500,0.030,0.729,0.241
746000,0.030,0.715,0.255
746500,0.030,0.662,0.308
747000,0.030,0.623,0.347
747500,0.030,0.653,0.317
748000,0.030,0.772,0.198
748500,0.030,0.659,0.311
749000,0.030,0.715,0.255
749500,0.030,0.716,0.254
750000,0.030,0.670,0.300
750500,0.030,0.678,0.292
751000,0.030,0.721,0.249
751500,0.030,0.684,0.286
752000,0.030,0.749,0.221
752500,0.030,0.589,0.381
753000,0.030,0.681,0.289
753500,0.030,0.651,0.319
754000,0.030,0.660,0.310
754500,0.030,0.651,0.319
755000,0.030,0.683,0.287
755500,0.030,0.684,0.286
756000,0.030,0.682,0.288
756500,0.030,0.730,0.240
757000,0.030,0.718,0.252
757500,0.030,0.655,0.315
758000,0.030,0.732,0.238
758500,0.030,0.764,0.206
759000,0.030,0.758,0.212
759500,0.030,0.696,0.274
760000,0.030,0.683,0.287
760500,0.030,0.702,0.268
761000,0.030,0.735,0.235
761500,0.030,0.663,0.307
762000,0.030,0.645,0.325
762500,0.030,0.702,0.268
763000,0.030,0.746,0.224
763500,0.030,0.825,0.145
764000,0.030,0.792,0.178
764500,0.030,0.778,0.192
765000,0.030,0.741,0.229
765500,0.030,0.634,0.336
766000,0.030,0.665,0.305
766500,0.030,0.680,0.290
767000,0.030,0.672,0.298
767500,0.030,0.633,0.337
768000,0.030,0.707,0.263
768500,0.030,0.609,0.361
769000,0.030,0.738,0.232
769500,0.030,0.604,0.366
770000,0.030,0.623,0.347
770500,0.030,0.592,0.378
771000,0.030,0.704,0.266
771500,0.030,0.617,0.353
772000,0.030,0.628,0.342
772500,0.030,0.791,0.179
773000,0.030,0.570,0.400
773500,0.030,0.733,0.237
774000,0.030,0.813,0.157
774500,0.030,0.739,0.231
775000,0.030,0.807,0.163
775500,0.030,0.810,0.160
776000,0.030,0.692,0.278
776500,0.030,0.745,0.225
777000,0.030,0.677,0.293
777500,0.030,0.642,0.328
778000,0.030,0.716,0.254
778500,0.030,0.778,0.192
779000,0.030,0.663,0.307
779500,0.030,0.731,0.239
780000,0.030,0.702,0.268
780500,0.030,0.662,0.308
781000,0.030,0.661,0.309
781500,0.030,0.676,0.294
782000,0.030,0.662,0.308
782500,0.030,0.719,0.251
783000,0.030,0.751,0.219
783500,0.030,0.727,0.243
784000,0.030,0.823,0.147
784500,0.030,0.790,0.180
785000,0.030,0.585,0.385
785500,0.030,0.679,0.291
786000,0.030,0.634,0.336
786500,0.030,0.714,0.256
787000,0.030,0.679,0.291
787500,0.030,0.763,0.207
788000,0.030,0.755,0.215
788500,0.030,0.665,0.305
789000,0.030,0.710,0.260
789500,0.030,0.696,0.274
790000,0.030,0.566,0.404
790500,0.030,0.682,0.288
791000,0.030,0.697,0.273
791500,0.030,0.569,0.401
792000,0.030,0.622,0.348
792500,0.030,0.633,0.337
793000,0.030,0.646,0.324
793500,0.030,0.683,0.287
794000,0.030,0.641,0.329
794500,0.030,0.735,0.235
795000,0.030,0.695,0.275
795500,0.030,0.729,0.241
796000,0.030,0.678,0.292
796500,0.030,0.636,0.334
797000,0.030,0.584,0.386
797500,0.030,0.630,0.340
798000,0.030,0.774,0.196
798500,0.030,0.691,0.279
799000,0.030,0.666,0.304
799500,0.030,0.680,0.290
800000,0.030,0.676,0.294
800500,0.030,0.673,0.297
801000,0.030,0.685,0.285
801500,0.030,0.657,0.313
802000,0.030,0.713,0.257
802500,0.030,0.755,0.215
803000,0.030,0.687,0.283
803500,0.030,0.674,0.296
804000,0.030,0.736,0.234
804500,0.030,0.784,0.186
805000,0.030,0.642,0.328
805500,0.030,0.639,0.331
806000,0.030,0.693,0.277
806500,0.030,0.624,0.346
807000,0.030,0.684,0.286
807500,0.030,0.711,0.259
808000,0.030,0.689,0.281
808500,0.030,0.630,0.340
809000,0.030,0.657,0.313
809500,0.030,0.651,0.319
810000,0.030,0.676,0.294
810500,0.030,0.641,0.329
811000,0.030,0.582,0.388
811500,0.030,0.567,0.403
812000,0.030,0.716,0.254
812500,0.030,0.769,0.201
813000,0.030,0.688,0.282
813500,0.030,0.671,0.299
814000,0.030,0.694,0.276
814500,0.030,0.768,0.202
815000,0.030,0.764,0.206
815500,0.030,0.710,0.260
816000,0.030,0.703,0.267
816500,0.030,0.765,0.205
817000,0.030,0.654,0.316
817500,0.030,0.654,0.316
818000,0.030,0.669,0.301
818500,0.030,0.643,0.327
819000,0.030,0.650,0.320
819500,0.030,0.748,0.222
820000,0.030,0.698,0.272
820500,0.030,0.636,0.334
821000,0.030,0.572,0.398
821500,0.030,0.684,0.286
822000,0.030,0.761,0.209
822500,0.030,0.737,0.233
823000,0.030,0.779,0.191
823500,0.030,0.777,0.193
824000,0.030,0.751,0.219
824500,0.030,0.745,0.225
825000,0.030,0.743,0.227
825500,0.030,0.732,0.238
826000,0.030,0.722,0.248
826500,0.030,0.744,0.226
827000,0.030,0.751,0.219
827500,0.030,0.748,0.222
828000,0.030,0.703,0.267
828500,0.030,0.730,0.240
829000,0.030,0.657,0.313
829500,0.030,0.582,0.388
830000,0.030,0.709,0.261
830500,0.030,0.759,0.211
831000,0.030,0.665,0.305
831500,0.030,0.725,0.245
832000,0.030,0.775,0.195
832500,0.030,0.674,0.296
833000,0.030,0.630,0.340
833500,0.030,0.704,0.266
834000,0.030,0.720,0.250
834500,0.030,0.672,0.298
835000,0.030,0.609,0.361
835500,0.030,0.620,0.350
836000,0.030,0.644,0.326
836500,0.030,0.650,0.320
837000,0.030,0.631,0.339
837500,0.030,0.713,0.257
838000,0.030,0.641,0.329
838500,0.030,0.716,0.254
839000,0.030,0.656,0.314
839500,0.030,0.695,0.275
840000,0.030,0.598,0.372
840500,0.030,0.597,0.373
841000,0.030,0.625,0.345
841500,0.030,0.694,0.276
842000,0.030,0.602,0.368
842500,0.030,0.626,0.344
843000,0.030,0.682,0.288
843500,0.030,0.726,0.244
844000,0.030,0.825,0.145
844500,0.030,0.768,0.202
845000,0.030,0.738,0.232
845500,0.030,0.767,0.203
846000,0.030,0.666,0.304
846500,0.030,0.720,0.250
847000,0.030,0.733,0.237
847500,0.030,0.771,0.199
848000,0.030,0.768,0.202
848500,0.030,0.726,0.244
849000,0.030,0.785,0.185
849500,0.030,0.767,0.203
850000,0.030,0.694,0.276
850500,0.030,0.725,0.245
851000,0.030,0.722,0.248
851500,0.030,0.702,0.268
852000,0.030,0.613,0.357
852500,0.030,0.763,0.207
853000,0.030,0.763,0.207
853500,0.030,0.711,0.259
854000,0.030,0.670,0.300
854500,0.030,0.680,0.290
855000,0.030,0.569,0.401
855500,0.030,0.669,0.301
856000,0.030,0.719,0.251
856500,0.030,0.820,0.150
857000,0.030,0.785,0.185
857500,0.030,0.720,0.250
858000,0.030,0.728,0.242
858500,0.030,0.632,0.338
859000,0.030,0.644,0.326
859500,0.030,0.654,0.316
860000,0.030,0.634,0.336
860500,0.030,0.599,0.371
861000,0.030,0.758,0.212
861500,0.030,0.715,0.255
862000,0.030,0.718,0.252
862500,0.030,0.630,0.340
863000,0.030,0.685,0.285
863500,0.030,0.779,0.191
864000,0.030,0.627,0.343
864500,0.030,0.612,0.358
865000,0.030,0.666,0.304
865500,0.030,0.677,0.293
866000,0.030,0.758,0.212
866500,0.030,0.660,0.310
867000,0.030,0.696,0.274
867500,0.030,0.595,0.375
868000,0.030,0.722,0.248
868500,0.030,0.716,0.254
869000,0.030,0.670,0.300
869500,0.030,0.703,0.267
870000,0.030,0.791,0.179
870500,0.030,0.749,0.221
871000,0.030,0.701,0.269
871500,0.030,0.705,0.265
872000,0.030,0.747,0.223
872500,0.030,0.725,0.245
873000,0.030,0.751,0.219
873500,0.030,0.694,0.276
874000,0.030,0.685,0.285
874500,0.030,0.789,0.181
875000,0.030,0.794,0.176
875500,0.030,0.691,0.279
876000,0.030,0.721,0.249
876500,0.030,0.668,0.302
877000,0.030,0.740,0.230
877500,0.030,0.769,0.201
878000,0.030,0.735,0.235
878500,0.030,0.644,0.326
879000,0.030,0.757,0.213
879500,0.030,0.712,0.258
880000,0.030,0.650,0.320
880500,0.030,0.663,0.307
881000,0.030,0.640,0.330
881500,0.030,0.756,0.214
882000,0.030,0.774,0.196
882500,0.030,0.644,0.326
883000,0.030,0.773,0.197
883500,0.030,0.840,0.130
884000,0.030,0.744,0.226
884500,0.030,0.582,0.388
885000,0.030,0.680,0.290
885500,0.030,0.675,0.295
886000,0.030,0.646,0.324
886500,0.030,0.647,0.323
887000,0.030,0.664,0.306
887500,0.030,0.725,0.245
888000,0.030,0.657,0.313
888500,0.030,0.574,0.396
889000,0.030,0.663,0.307
889500,0.030,0.692,0.278
890000,0.030,0.737,0.233
890500,0.030,0.768,0.202
891000,0.030,0.599,0.371
891500,0.030,0.658,0.312
892000,0.030,0.788,0.182
892500,0.030,0.746,0.224
893000,0.030,0.732,0.238
893500,0.030,0.751,0.219
894000,0.030,0.676,0.294
894500,0.030,0.628,0.342
895000,0.030,0.687,0.283
895500,0.030,0.746,0.224
896000,0.030,0.700,0.270
896500,0.030,0.805,0.165
897000,0.030,0.690,0.280
897500,0.030,0.674,0.296
898000,0.030,0.695,0.275
898500,0.030,0.560,0.410
899000,0.030,0.678,0.292
899500,0.030,0.725,0.245
900000,0.030,0.684,0.286
900500,0.030,0.744,0.226
901000,0.030,0.704,0.266
901500,0.030,0.783,0.187
902000,0.030,0.744,0.226
902500,0.030,0.741,0.229
903000,0.030,0.821,0.149
903500,0.030,0.804,0.166
904000,0.030,0.718,0.252
904500,0.030,0.655,0.315
905000,0.030,0.704,0.266
905500,0.030,0.674,0.296
906000,0.030,0.750,0.220
906500,0.030,0.711,0.259
907000,0.030,0.789,0.181
907500,0.030,0.660,0.310
908000,0.030,0.625,0.345
908500,0.030,0.759,0.211
909000,0.030,0.758,0.212
909500,0.030,0.726,0.244
910000,0.030,0.728,0.242
910500,0.030,0.759,0.211
911000,0.030,0.746,0.224
911500,0.030,0.798,0.172
912000,0.030,0.715,0.255
912500,0.030,0.580,0.390
913000,0.030,0.690,0.280
913500,0.030,0.716,0.254
914000,0.030,0.697,0.273
914500,0.030,0.660,0.310
915000,0.030,0.623,0.347
915500,0.030,0.709,0.261
916000,0.030,0.696,0.274
916500,0.030,0.764,0.206
917000,0.030,0.673,0.297
917500,0.030,0.644,0.326
918000,0.030,0.679,0.291
918500,0.030,0.720,0.250
919000,0.030,0.742,0.228
919500,0.030,0.682,0.288
920000,0.030,0.751,0.219
920500,0.030,0.721,0.249
921000,0.030,0.800,0.170
921500,0.030,0.768,0.202
922000,0.030,0.756,0.214
922500,0.030,0.753,0.217
923000,0.030,0.757,0.213
923500,0.030,0.698,0.272
924000,0.030,0.633,0.337
924500,0.030,0.688,0.282
925000,0.030,0.770,0.200
925500,0.030,0.833,0.137
926000,0.030,0.706,0.264
926500,0.030,0.706,0.264
927000,0.030,0.594,0.376
927500,0.030,0.699,0.271
928000,0.030,0.661,0.309
928500,0.030,0.622,0.348
929000,0.030,0.543,0.427
929500,0.030,0.710,0.260
930000,0.030,0.662,0.308
930500,0.030,0.732,0.238
931000,0.030,0.691,0.279
931500,0.030,0.813,0.157
932000,0.030,0.676,0.294
932500,0.030,0.700,0.270
933000,0.030,0.655,0.315
933500,0.030,0.641,0.329
934000,0.030,0.631,0.339
934500,0.030,0.603,0.367
935000,0.030,0.705,0.265
935500,0.030,0.674,0.296
936000,0.030,0.714,0.256
936500,0.030,0.707,0.263
937000,0.030,0.695,0.275
937500,0.030,0.715,0.255
938000,0.030,0.731,0.239
938500,0.030,0.694,0.276
939000,0.030,0.659,0.311
939500,0.030,0.656,0.314
940000,0.030,0.577,0.393
940500,0.030,0.671,0.299
941000,0.030,0.751,0.219
941500,0.030,0.738,0.232
942000,0.030,0.735,0.235
942500,0.030,0.739,0.231
943000,0.030,0.627,0.343
943500,0.030,0.685,0.285
944000,0.030,0.576,0.394
944500,0.030,0.599,0.371
945000,0.030,0.690,0.280
945500,0.030,0.686,0.284
946000,0.030,0.742,0.228
946500,0.030,0.659,0.311
947000,0.030,0.723,0.247
947500,0.030,0.650,0.320
948000,0.030,0.788,0.182
948500,0.030,0.678,0.292
949000,0.030,0.744,0.226
949500,0.030,0.771,0.199
950000,0.030,0.765,0.205
950500,0.030,0.720,0.250
951000,0.030,0.675,0.295
951500,0.030,0.701,0.269
952000,0.030,0.700,0.270
952500,0.030,0.767,0.203
953000,0.030,0.768,0.202
953500,0.030,0.650,0.320
954000,0.030,0.801,0.169
954500,0.030,0.817,0.153
955000,0.030,0.830,0.140
955500,0.030,0.712,0.258
956000,0.030,0.701,0.269
956500,0.030,0.780,0.190
957000,0.030,0.763,0.207
957500,0.030,0.620,0.350
958000,0.030,0.734,0.236
958500,0.030,0.652,0.318
959000,0.030,0.659,0.311
959500,0.030,0.718,0.252
960000,0.030,0.753,0.217
960500,0.030,0.695,0.275
961000,0.030,0.670,0.300
961500,0.030,0.717,0.253
962000,0.030,0.723,0.247
962500,0.030,0.675,0.295
963000,0.030,0.656,0.314
963500,0.030,0.670,0.300
964000,0.030,0.679,0.291
964500,0.030,0.710,0.260
965000,0.030,0.697,0.273
965500,0.030,0.718,0.252
966000,0.030,0.614,0.356
966500,0.030,0.571,0.399
967000,0.030,0.588,0.382
967500,0.030,0.585,0.385
968000,0.030,0.671,0.299
968500,0.030,0.745,0.225
969000,0.030,0.747,0.223
969500,0.030,0.742,0.228
970000,0.030,0.647,0.323
970500,0.030,0.630,0.340
971000,0.030,0.636,0.334
971500,0.030,0.642,0.328
972000,0.030,0.644,0.326
972500,0.030,0.654,0.316
973000,0.030,0.665,0.305
973500,0.030,0.731,0.239
974000,0.030,0.706,0.264
974500,0.030,0.688,0.282
975000,0.030,0.655,0.315
975500,0.030,0.655,0.315
976000,0.030,0.656,0.314
976500,0.030,0.548,0.422
977000,0.030,0.623,0.347
977500,0.030,0.658,0.312
978000,0.030,0.615,0.355
978500,0.030,0.723,0.247
979000,0.030,0.717,0.253
979500,0.030,0.690,0.280
980000,0.030,0.738,0.232
980500,0.030,0.732,0.238
981000,0.030,0.756,0.214
981500,0.030,0.707,0.263
982000,0.030,0.705,0.265
982500,0.030,0.729,0.241
983000,0.030,0.721,0.249
983500,0.030,0.656,0.314
984000,0.030,0.629,0.341
984500,0.030,0.686,0.284
985000,0.030,0.648,0.322
985500,0.030,0.574,0.396
986000,0.030,0.674,0.296
986500,0.030,0.686,0.284
987000,0.030,0.710,0.260
987500,0.030,0.603,0.367
988000,0.030,0.705,0.265
988500,0.030,0.731,0.239
989000,0.030,0.589,0.381
989500,0.030,0.668,0.302
990000,0.030,0.626,0.344
990500,0.030,0.729,0.241
991000,0.030,0.720,0.250
991500,0.030,0.579,0.391
992000,0.030,0.660,0.310
992500,0.030,0.667,0.303
993000,0.030,0.759,0.211
993500,0.030,0.745,0.225
994000,0.030,0.810,0.160
994500,0.030,0.793,0.177
995000,0.030,0.787,0.183
995500,0.030,0.713,0.257
996000,0.030,0.755,0.215
996500,0.030,0.820,0.150
997000,0.030,0.669,0.301
997500,0.030,0.713,0.257
998000,0.030,0.719,0.251
998500,0.030,0.602,0.368
999000,0.030,0.612,0.358
999500,0.030,0.711,0.259
1000000,0.030,0.727,0.243
