time,n_A+p,n_B,n_AB
500,0.010,0.753,0.237
1000,0.010,0.651,0.339
1500,0.010,0.637,0.353
2000,0.010,0.638,0.352
2500,0.010,0.678,0.312
3000,0.010,0.793,0.197
3500,0.010,0.612,0.378
4000,0.010,0.591,0.399
4500,0.010,0.510,0.480
5000,0.010,0.509,0.481
5500,0.010,0.826,0.164
6000,0.010,0.646,0.344
6500,0.010,0.715,0.275
7000,0.010,0.568,0.422
7500,0.010,0.716,0.274
8000,0.010,0.539,0.451
8500,0.010,0.515,0.475
9000,0.010,0.527,0.463
9500,0.010,0.504,0.486
10000,0.010,0.481,0.509
10500,0.010,0.762,0.228
11000,0.010,0.811,0.179
11500,0.010,0.741,0.249
12000,0.010,0.754,0.236
12500,0.010,0.309,0.681
13000,0.010,0.565,0.425
13500,0.010,0.550,0.440
14000,0.010,0.737,0.253
14500,0.010,0.584,0.406
15000,0.010,0.610,0.380
15500,0.010,0.487,0.503
16000,0.010,0.627,0.363
16500,0.010,0.498,0.492
17000,0.010,0.762,0.228
17500,0.010,0.705,0.285
18000,0.010,0.679,0.311
18500,0.010,0.634,0.356
19000,0.010,0.539,0.451
19500,0.010,0.692,0.298
20000,0.010,0.619,0.371
20500,0.010,0.583,0.407
21000,0.010,0.776,0.214
21500,0.010,0.633,0.357
22000,0.010,0.930,0.060
22500,0.010,0.894,0.096
23000,0.010,0.426,0.564
23500,0.010,0.569,0.421
24000,0.010,0.718,0.272
24500,0.010,0.321,0.669
25000,0.010,0.718,0.272
25500,0.010,0.495,0.495
26000,0.010,0.729,0.261
26500,0.010,0.555,0.435
27000,0.010,0.741,0.249
27500,0.010,0.864,0.126
28000,0.010,0.425,0.565
28500,0.010,0.646,0.344
29000,0.010,0.747,0.243
29500,0.010,0.597,0.393
30000,0.010,0.553,0.437
30500,0.010,0.552,0.438
31000,0.010,0.759,0.231
31500,0.010,0.443,0.547
32000,0.010,0.781,0.209
32500,0.010,0.529,0.461
33000,0.010,0.793,0.197
33500,0.010,0.790,0.200
34000,0.010,0.763,0.227
34500,0.010,0.688,0.302
35000,0.010,0.872,0.118
35500,0.010,0.786,0.204
36000,0.010,0.788,0.202
36500,0.010,0.701,0.289
37000,0.010,0.765,0.225
37500,0.010,0.880,0.110
38000,0.010,0.662,0.328
38500,0.010,0.670,0.320
39000,0.010,0.520,0.470
39500,0.010,0.502,0.488
40000,0.010,0.804,0.186
40500,0.010,0.770,0.220
41000,0.010,0.535,0.455
41500,0.010,0.635,0.355
42000,0.010,0.496,0.494
42500,0.010,0.652,0.338
43000,0.010,0.862,0.128
43500,0.010,0.711,0.279
44000,0.010,0.494,0.496
44500,0.010,0.466,0.524
45000,0.010,0.561,0.429
45500,0.010,0.858,0.132
46000,0.010,0.709,0.281
46500,0.010,0.648,0.342
47000,0.010,0.440,0.550
47500,0.010,0.738,0.252
48000,0.010,0.945,0.045
48500,0.010,0.553,0.437
49000,0.010,0.610,0.380
49500,0.010,0.814,0.176
50000,0.010,0.916,0.074
50500,0.010,0.680,0.310
51000,0.010,0.582,0.408
51500,0.010,0.654,0.336
52000,0.010,0.762,0.228
52500,0.010,0.517,0.473
53000,0.010,0.577,0.413
53500,0.010,0.662,0.328
54000,0.010,0.801,0.189
54500,0.010,0.611,0.379
55000,0.010,0.771,0.219
55500,0.010,0.483,0.507
56000,0.010,0.645,0.345
56500,0.010,0.688,0.302
57000,0.010,0.886,0.104
57500,0.010,0.648,0.342
58000,0.010,0.706,0.284
58500,0.010,0.697,0.293
59000,0.010,0.602,0.388
59500,0.010,0.504,0.486
60000,0.010,0.629,0.361
60500,0.010,0.527,0.463
61000,0.010,0.455,0.535
61500,0.010,0.751,0.239
62000,0.010,0.781,0.209
62500,0.010,0.809,0.181
63000,0.010,0.430,0.560
63500,0.010,0.571,0.419
64000,0.010,0.718,0.272
64500,0.010,0.460,0.530
65000,0.010,0.451,0.539
65500,0.010,0.575,0.415
66000,0.010,0.746,0.244
66500,0.010,0.684,0.306
67000,0.010,0.633,0.357
67500,0.010,0.479,0.511
68000,0.010,0.525,0.465
68500,0.010,0.526,0.464
69000,0.010,0.648,0.342
69500,0.010,0.593,0.397
70000,0.010,0.764,0.226
70500,0.010,0.714,0.276
71000,0.010,0.628,0.362
71500,0.010,0.680,0.310
72000,0.010,0.351,0.639
72500,0.010,0.744,0.246
73000,0.010,0.554,0.436
73500,0.010,0.564,0.426
74000,0.010,0.509,0.481
74500,0.010,0.724,0.266
75000,0.010,0.569,0.421
75500,0.010,0.740,0.250
76000,0.010,0.556,0.434
76500,0.010,0.541,0.449
77000,0.010,0.527,0.463
77500,0.010,0.582,0.408
78000,0.010,0.795,0.195
78500,0.010,0.511,0.479
79000,0.010,0.489,0.501
79500,0.010,0.389,0.601
80000,0.010,0.689,0.301
80500,0.010,0.561,0.429
81000,0.010,0.600,0.390
81500,0.010,0.686,0.304
82000,0.010,0.668,0.322
82500,0.010,0.677,0.313
83000,0.010,0.500,0.490
83500,0.010,0.731,0.259
84000,0.010,0.727,0.263
84500,0.010,0.688,0.302
85000,0.010,0.800,0.190
85500,0.010,0.365,0.625
86000,0.010,0.702,0.288
86500,0.010,0.642,0.348
87000,0.010,0.471,0.519
87500,0.010,0.437,0.553
88000,0.010,0.537,0.453
88500,0.010,0.560,0.430
89000,0.010,0.685,0.305
89500,0.010,0.514,0.476
90000,0.010,0.567,0.423
90500,0.010,0.542,0.448
91000,0.010,0.645,0.345
91500,0.010,0.924,0.066
92000,0.010,0.562,0.428
92500,0.010,0.461,0.529
93000,0.010,0.638,0.352
93500,0.010,0.777,0.213
94000,0.010,0.447,0.543
94500,0.010,0.634,0.356
95000,0.010,0.838,0.152
95500,0.010,0.576,0.414
96000,0.010,0.695,0.295
96500,0.010,0.760,0.230
97000,0.010,0.769,0.221
97500,0.010,0.513,0.477
98000,0.010,0.649,0.341
98500,0.010,0.605,0.385
99000,0.010,0.538,0.452
99500,0.010,0.559,0.431
100000,0.010,0.376,0.614
100500,0.010,0.675,0.315
101000,0.010,0.572,0.418
101500,0.010,0.808,0.182
102000,0.010,0.808,0.182
102500,0.010,0.748,0.242
103000,0.010,0.742,0.248
103500,0.010,0.670,0.320
104000,0.010,0.699,0.291
104500,0.010,0.692,0.298
105000,0.010,0.665,0.325
105500,0.010,0.599,0.391
106000,0.010,0.455,0.535
106500,0.010,0.733,0.257
107000,0.010,0.752,0.238
107500,0.010,0.632,0.358
108000,0.010,0.568,0.422
108500,0.010,0.662,0.328
109000,0.010,0.459,0.531
109500,0.010,0.629,0.361
110000,0.010,0.446,0.544
110500,0.010,0.459,0.531
111000,0.010,0.489,0.501
111500,0.010,0.540,0.450
112000,0.010,0.624,0.366
112500,0.010,0.683,0.307
113000,0.010,0.618,0.372
113500,0.010,0.768,0.222
114000,0.010,0.980,0.010
114500,0.010,0.652,0.338
115000,0.010,0.679,0.311
115500,0.010,0.579,0.411
116000,0.010,0.579,0.411
116500,0.010,0.550,0.440
117000,0.010,0.765,0.225
117500,0.010,0.821,0.169
118000,0.010,0.434,0.556
118500,0.010,0.617,0.373
119000,0.010,0.655,0.335
119500,0.010,0.725,0.265
120000,0.010,0.605,0.385
120500,0.010,0.556,0.434
121000,0.010,0.379,0.611
121500,0.010,0.528,0.462
122000,0.010,0.551,0.439
122500,0.010,0.630,0.360
123000,0.010,0.529,0.461
123500,0.010,0.831,0.159
124000,0.010,0.750,0.240
124500,0.010,0.655,0.335
125000,0.010,0.333,0.657
125500,0.010,0.721,0.269
126000,0.010,0.689,0.301
126500,0.010,0.477,0.513
127000,0.010,0.694,0.296
127500,0.010,0.587,0.403
128000,0.010,0.609,0.381
128500,0.010,0.572,0.418
129000,0.010,0.624,0.366
129500,0.010,0.735,0.255
130000,0.010,0.601,0.389
130500,0.010,0.569,0.421
131000,0.010,0.695,0.295
131500,0.010,0.568,0.422
132000,0.010,0.621,0.369
132500,0.010,0.637,0.353
133000,0.010,0.479,0.511
133500,0.010,0.504,0.486
134000,0.010,0.577,0.413
134500,0.010,0.657,0.333
135000,0.010,0.707,0.283
135500,0.010,0.473,0.517
136000,0.010,0.653,0.337
136500,0.010,0.589,0.401
137000,0.010,0.547,0.443
137500,0.010,0.527,0.463
138000,0.010,0.444,0.546
138500,0.010,0.508,0.482
139000,0.010,0.573,0.417
139500,0.010,0.603,0.387
140000,0.010,0.584,0.406
140500,0.010,0.660,0.330
141000,0.010,0.786,0.204
141500,0.010,0.793,0.197
142000,0.010,0.914,0.076
142500,0.010,0.791,0.199
143000,0.010,0.500,0.490
143500,0.010,0.646,0.344
144000,0.010,0.624,0.366
144500,0.010,0.435,0.555
145000,0.010,0.773,0.217
145500,0.010,0.581,0.409
146000,0.010,0.816,0.174
146500,0.010,0.451,0.539
147000,0.010,0.523,0.467
147500,0.010,0.508,0.482
148000,0.010,0.686,0.304
148500,0.010,0.654,0.336
149000,0.010,0.622,0.368
149500,0.010,0.613,0.377
150000,0.010,0.721,0.269
150500,0.010,0.753,0.237
151000,0.010,0.614,0.376
151500,0.010,0.564,0.426
152000,0.010,0.574,0.416
152500,0.010,0.594,0.396
153000,0.010,0.751,0.239
153500,0.010,0.506,0.484
154000,0.010,0.594,0.396
154500,0.010,0.537,0.453
155000,0.010,0.432,0.558
155500,0.010,0.326,0.664
156000,0.010,0.609,0.381
156500,0.010,0.588,0.402
157000,0.010,0.583,0.407
157500,0.010,0.371,0.619
158000,0.010,0.814,0.176
158500,0.010,0.796,0.194
159000,0.010,0.571,0.419
159500,0.010,0.706,0.284
160000,0.010,0.471,0.519
160500,0.010,0.774,0.216
161000,0.010,0.509,0.481
161500,0.010,0.708,0.282
162000,0.010,0.509,0.481
162500,0.010,0.701,0.289
163000,0.010,0.579,0.411
163500,0.010,0.729,0.261
164000,0.010,0.712,0.278
164500,0.010,0.460,0.530
165000,0.010,0.600,0.390
165500,0.010,0.518,0.472
166000,0.010,0.525,0.465
166500,0.010,0.644,0.346
167000,0.010,0.544,0.446
167500,0.010,0.469,0.521
168000,0.010,0.608,0.382
168500,0.010,0.220,0.770
169000,0.010,0.491,0.499
169500,0.010,0.565,0.425
170000,0.010,0.561,0.429
170500,0.010,0.591,0.399
171000,0.010,0.599,0.391
171500,0.010,0.493,0.497
172000,0.010,0.840,0.150
172500,0.010,0.601,0.389
173000,0.010,0.538,0.452
173500,0.010,0.805,0.185
174000,0.010,0.960,0.030
174500,0.010,0.768,0.222
175000,0.010,0.728,0.262
175500,0.010,0.644,0.346
176000,0.010,0.349,0.641
176500,0.010,0.600,0.390
177000,0.010,0.606,0.384
177500,0.010,0.592,0.398
178000,0.010,0.635,0.355
178500,0.010,0.459,0.531
179000,0.010,0.748,0.242
179500,0.010,0.534,0.456
180000,0.010,0.831,0.159
180500,0.010,0.633,0.357
181000,0.010,0.694,0.296
181500,0.010,0.573,0.417
182000,0.010,0.401,0.589
182500,0.010,0.501,0.489
183000,0.010,0.481,0.509
183500,0.010,0.600,0.390
184000,0.010,0.723,0.267
184500,0.010,0.601,0.389
185000,0.010,0.777,0.213
185500,0.010,0.612,0.378
186000,0.010,0.632,0.358
186500,0.010,0.534,0.456
187000,0.010,0.642,0.348
187500,0.010,0.383,0.607
188000,0.010,0.684,0.306
188500,0.010,0.223,0.767
189000,0.010,0.503,0.487
189500,0.010,0.771,0.219
190000,0.010,0.805,0.185
190500,0.010,0.855,0.135
191000,0.010,0.742,0.248
191500,0.010,0.635,0.355
192000,0.010,0.399,0.591
192500,0.010,0.739,0.251
193000,0.010,0.674,0.316
193500,0.010,0.680,0.310
194000,0.010,0.651,0.339
194500,0.010,0.746,0.244
195000,0.010,0.455,0.535
195500,0.010,0.692,0.298
196000,0.010,0.720,0.270
196500,0.010,0.502,0.488
197000,0.010,0.440,0.550
197500,0.010,0.676,0.314
198000,0.010,0.597,0.393
198500,0.010,0.555,0.435
199000,0.010,0.525,0.465
199500,0.010,0.492,0.498
200000,0.010,0.792,0.198
200500,0.010,0.702,0.288
201000,0.010,0.645,0.345
201500,0.010,0.491,0.499
202000,0.010,0.627,0.363
202500,0.010,0.545,0.445
203000,0.010,0.642,0.348
203500,0.010,0.747,0.243
204000,0.010,0.650,0.340
204500,0.010,0.726,0.264
205000,0.010,0.563,0.427
205500,0.010,0.593,0.397
206000,0.010,0.553,0.437
206500,0.010,0.421,0.569
207000,0.010,0.356,0.634
207500,0.010,0.466,0.524
208000,0.010,0.718,0.272
208500,0.010,0.604,0.386
209000,0.010,0.586,0.404
209500,0.010,0.620,0.370
210000,0.010,0.596,0.394
210500,0.010,0.373,0.617
211000,0.010,0.772,0.218
211500,0.010,0.916,0.074
212000,0.010,0.903,0.087
212500,0.010,0.618,0.372
213000,0.010,0.460,0.530
213500,0.010,0.622,0.368
214000,0.010,0.539,0.451
214500,0.010,0.533,0.457
215000,0.010,0.383,0.607
215500,0.010,0.641,0.349
216000,0.010,0.456,0.534
216500,0.010,0.632,0.358
217000,0.010,0.895,0.095
217500,0.010,0.417,0.573
218000,0.010,0.434,0.556
218500,0.010,0.592,0.398
219000,0.010,0.588,0.402
219500,0.010,0.645,0.345
220000,0.010,0.756,0.234
220500,0.010,0.406,0.584
221000,0.010,0.753,0.237
221500,0.010,0.951,0.039
222000,0.010,0.751,0.239
222500,0.010,0.785,0.205
223000,0.010,0.565,0.425
223500,0.010,0.541,0.449
224000,0.010,0.575,0.415
224500,0.010,0.725,0.265
225000,0.010,0.764,0.226
225500,0.010,0.677,0.313
226000,0.010,0.822,0.168
226500,0.010,0.560,0.430
227000,0.010,0.543,0.447
227500,0.010,0.838,0.152
228000,0.010,0.922,0.068
228500,0.010,0.685,0.305
229000,0.010,0.534,0.456
229500,0.010,0.688,0.302
230000,0.010,0.535,0.455
230500,0.010,0.655,0.335
231000,0.010,0.506,0.484
231500,0.010,0.641,0.349
232000,0.010,0.392,0.598
232500,0.010,0.519,0.471
233000,0.010,0.399,0.591
233500,0.010,0.710,0.280
234000,0.010,0.880,0.110
234500,0.010,0.860,0.130
235000,0.010,0.741,0.249
235500,0.010,0.450,0.540
236000,0.010,0.899,0.091
236500,0.010,0.859,0.131
237000,0.010,0.566,0.424
237500,0.010,0.515,0.475
238000,0.010,0.636,0.354
238500,0.010,0.708,0.282
239000,0.010,0.611,0.379
239500,0.010,0.886,0.104
240000,0.010,0.596,0.394
240500,0.010,0.605,0.385
241000,0.010,0.571,0.419
241500,0.010,0.394,0.596
242000,0.010,0.699,0.291
242500,0.010,0.672,0.318
243000,0.010,0.599,0.391
243500,0.010,0.577,0.413
244000,0.010,0.502,0.488
244500,0.010,0.552,0.438
245000,0.010,0.557,0.433
245500,0.010,0.770,0.220
246000,0.010,0.589,0.401
246500,0.010,0.515,0.475
247000,0.010,0.467,0.523
247500,0.010,0.598,0.392
248000,0.010,0.591,0.399
248500,0.010,0.711,0.279
249000,0.010,0.540,0.450
249500,0.010,0.440,0.550
250000,0.010,0.506,0.484
250500,0.010,0.519,0.471
251000,0.010,0.456,0.534
251500,0.010,0.595,0.395
252000,0.010,0.420,0.570
252500,0.010,0.733,0.257
253000,0.010,0.624,0.366
253500,0.010,0.487,0.503
254000,0.010,0.628,0.362
254500,0.010,0.624,0.366
255000,0.010,0.491,0.499
255500,0.010,0.529,0.461
256000,0.010,0.579,0.411
256500,0.010,0.703,0.287
257000,0.010,0.639,0.351
257500,0.010,0.462,0.528
258000,0.010,0.551,0.439
258500,0.010,0.532,0.458
259000,0.010,0.455,0.535
259500,0.010,0.307,0.683
260000,0.010,0.376,0.614
260500,0.010,0.601,0.389
261000,0.010,0.460,0.530
261500,0.010,0.635,0.355
262000,0.010,0.486,0.504
262500,0.010,0.561,0.429
263000,0.010,0.636,0.354
263500,0.010,0.845,0.145
264000,0.010,0.485,0.505
264500,0.010,0.430,0.560
265000,0.010,0.562,0.428
265500,0.010,0.695,0.295
266000,0.010,0.510,0.480
266500,0.010,0.484,0.506
267000,0.010,0.530,0.460
267500,0.010,0.589,0.401
268000,0.010,0.618,0.372
268500,0.010,0.708,0.282
269000,0.010,0.631,0.359
269500,0.010,0.686,0.304
270000,0.010,0.531,0.459
270500,0.010,0.686,0.304
271000,0.010,0.629,0.361
271500,0.010,0.593,0.397
272000,0.010,0.714,0.276
272500,0.010,0.857,0.133
273000,0.010,0.869,0.121
273500,0.010,0.951,0.039
274000,0.010,0.813,0.177
274500,0.010,0.682,0.308
275000,0.010,0.445,0.545
275500,0.010,0.526,0.464
276000,0.010,0.445,0.545
276500,0.010,0.604,0.386
277000,0.010,0.799,0.191
277500,0.010,0.571,0.419
278000,0.010,0.789,0.201
278500,0.010,0.597,0.393
279000,0.010,0.557,0.433
279500,0.010,0.597,0.393
280000,0.010,0.489,0.501
280500,0.010,0.638,0.352
281000,0.010,0.579,0.411
281500,0.010,0.650,0.340
282000,0.010,0.633,0.357
282500,0.010,0.735,0.255
283000,0.010,0.773,0.217
283500,0.010,0.832,0.158
284000,0.010,0.722,0.268
284500,0.010,0.707,0.283
285000,0.010,0.441,0.549
285500,0.010,0.730,0.260
286000,0.010,0.517,0.473
286500,0.010,0.817,0.173
287000,0.010,0.644,0.346
287500,0.010,0.591,0.399
288000,0.010,0.736,0.254
288500,0.010,0.344,0.646
289000,0.010,0.783,0.207
289500,0.010,0.530,0.460
290000,0.010,0.824,0.166
290500,0.010,0.544,0.446
291000,0.010,0.540,0.450
291500,0.010,0.494,0.496
292000,0.010,0.517,0.473
292500,0.010,0.414,0.576
293000,0.010,0.450,0.540
293500,0.010,0.534,0.456
294000,0.010,0.470,0.520
294500,0.010,0.655,0.335
295000,0.010,0.695,0.295
295500,0.010,0.703,0.287
296000,0.010,0.709,0.281
296500,0.010,0.582,0.408
297000,0.010,0.549,0.441
297500,0.010,0.620,0.370
298000,0.010,0.491,0.499
298500,0.010,0.737,0.253
299000,0.010,0.378,0.612
299500,0.010,0.595,0.395
300000,0.010,0.626,0.364
300500,0.010,0.625,0.365
301000,0.010,0.678,0.312
301500,0.010,0.605,0.385
302000,0.010,0.839,0.151
302500,0.010,0.773,0.217
303000,0.010,0.426,0.564
303500,0.010,0.622,0.368
304000,0.010,0.629,0.361
304500,0.010,0.603,0.387
305000,0.010,0.514,0.476
305500,0.010,0.714,0.276
306000,0.010,0.441,0.549
306500,0.010,0.698,0.292
307000,0.010,0.745,0.245
307500,0.010,0.545,0.445
308000,0.010,0.572,0.418
308500,0.010,0.516,0.474
309000,0.010,0.394,0.596
309500,0.010,0.584,0.406
310000,0.010,0.574,0.416
310500,0.010,0.596,0.394
311000,0.010,0.580,0.410
311500,0.010,0.556,0.434
312000,0.010,0.570,0.420
312500,0.010,0.766,0.224
313000,0.010,0.611,0.379
313500,0.010,0.804,0.186
314000,0.010,0.632,0.358
314500,0.010,0.490,0.500
315000,0.010,0.559,0.431
315500,0.010,0.626,0.364
316000,0.010,0.400,0.590
316500,0.010,0.377,0.613
317000,0.010,0.550,0.440
317500,0.010,0.557,0.433
318000,0.010,0.711,0.279
318500,0.010,0.758,0.232
319000,0.010,0.582,0.408
319500,0.010,0.642,0.348
320000,0.010,0.777,0.213
320500,0.010,0.703,0.287
321000,0.010,0.581,0.409
321500,0.010,0.588,0.402
322000,0.010,0.544,0.446
322500,0.010,0.501,0.489
323000,0.010,0.642,0.348
323500,0.010,0.658,0.332
324000,0.010,0.645,0.345
324500,0.010,0.580,0.410
325000,0.010,0.549,0.441
325500,0.010,0.516,0.474
326000,0.010,0.649,0.341
326500,0.010,0.769,0.221
327000,0.010,0.564,0.426
327500,0.010,0.287,0.703
328000,0.010,0.503,0.487
328500,0.010,0.659,0.331
329000,0.010,0.702,0.288
329500,0.010,0.848,0.142
330000,0.010,0.566,0.424
330500,0.010,0.498,0.492
331000,0.010,0.599,0.391
331500,0.010,0.614,0.376
332000,0.010,0.635,0.355
332500,0.010,0.593,0.397
333000,0.010,0.486,0.504
333500,0.010,0.553,0.437
334000,0.010,0.746,0.244
334500,0.010,0.641,0.349
335000,0.010,0.473,0.517
335500,0.010,0.736,0.254
336000,0.010,0.717,0.273
336500,0.010,0.753,0.237
337000,0.010,0.655,0.335
337500,0.010,0.690,0.300
338000,0.010,0.836,0.154
338500,0.010,0.589,0.401
339000,0.010,0.728,0.262
339500,0.010,0.431,0.559
340000,0.010,0.612,0.378
340500,0.010,0.626,0.364
341000,0.010,0.799,0.191
341500,0.010,0.330,0.660
342000,0.010,0.698,0.292
342500,0.010,0.560,0.430
343000,0.010,0.526,0.464
343500,0.010,0.591,0.399
344000,0.010,0.716,0.274
344500,0.010,0.500,0.490
345000,0.010,0.802,0.188
345500,0.010,0.739,0.251
346000,0.010,0.847,0.143
346500,0.010,0.713,0.277
347000,0.010,0.426,0.564
347500,0.010,0.354,0.636
348000,0.010,0.728,0.262
348500,0.010,0.577,0.413
349000,0.010,0.705,0.285
349500,0.010,0.782,0.208
350000,0.010,0.667,0.323
350500,0.010,0.643,0.347
351000,0.010,0.635,0.355
351500,0.010,0.483,0.507
352000,0.010,0.558,0.432
352500,0.010,0.586,0.404
353000,0.010,0.621,0.369
353500,0.010,0.640,0.350
354000,0.010,0.642,0.348
354500,0.010,0.530,0.460
355000,0.010,0.595,0.395
355500,0.010,0.883,0.107
356000,0.010,0.551,0.439
356500,0.010,0.482,0.508
357000,0.010,0.653,0.337
357500,0.010,0.653,0.337
358000,0.010,0.665,0.325
358500,0.010,0.568,0.422
359000,0.010,0.635,0.355
359500,0.010,0.832,0.158
360000,0.010,0.385,0.605
360500,0.010,0.590,0.400
361000,0.010,0.525,0.465
361500,0.010,0.833,0.157
362000,0.010,0.637,0.353
362500,0.010,0.829,0.161
363000,0.010,0.579,0.411
363500,0.010,0.519,0.471
364000,0.010,0.447,0.543
364500,0.010,0.736,0.254
365000,0.010,0.778,0.212
365500,0.010,0.812,0.178
366000,0.010,0.532,0.458
366500,0.010,0.576,0.414
367000,0.010,0.816,0.174
367500,0.010,0.639,0.351
368000,0.010,0.698,0.292
368500,0.010,0.450,0.540
369000,0.010,0.680,0.310
369500,0.010,0.439,0.551
370000,0.010,0.489,0.501
370500,0.010,0.563,0.427
371000,0.010,0.399,0.591
371500,0.010,0.542,0.448
372000,0.010,0.701,0.289
372500,0.010,0.539,0.451
373000,0.010,0.636,0.354
373500,0.010,0.661,0.329
374000,0.010,0.610,0.380
374500,0.010,0.491,0.499
375000,0.010,0.618,0.372
375500,0.010,0.672,0.318
376000,0.010,0.550,0.440
376500,0.010,0.623,0.367
377000,0.010,0.639,0.351
377500,0.010,0.453,0.537
378000,0.010,0.730,0.260
378500,0.010,0.532,0.458
379000,0.010,0.805,0.185
379500,0.010,0.899,0.091
380000,0.010,0.739,0.251
380500,0.010,0.731,0.259
381000,0.010,0.791,0.199
381500,0.010,0.635,0.355
382000,0.010,0.852,0.138
382500,0.010,0.859,0.131
383000,0.010,0.460,0.530
383500,0.010,0.726,0.264
384000,0.010,0.617,0.373
384500,0.010,0.702,0.288
385000,0.010,0.480,0.510
385500,0.010,0.754,0.236
386000,0.010,0.756,0.234
386500,0.010,0.619,0.371
387000,0.010,0.332,0.658
387500,0.010,0.917,0.073
388000,0.010,0.599,0.391
388500,0.010,0.753,0.237
389000,0.010,0.420,0.570
389500,0.010,0.602,0.388
390000,0.010,0.721,0.269
390500,0.010,0.815,0.175
391000,0.010,0.491,0.499
391500,0.010,0.504,0.486
392000,0.010,0.645,0.345
392500,0.010,0.796,0.194
393000,0.010,0.767,0.223
393500,0.010,0.701,0.289
394000,0.010,0.811,0.179
394500,0.010,0.685,0.305
395000,0.010,0.417,0.573
395500,0.010,0.404,0.586
396000,0.010,0.785,0.205
396500,0.010,0.701,0.289
397000,0.010,0.462,0.528
397500,0.010,0.526,0.464
398000,0.010,0.565,0.425
398500,0.010,0.681,0.309
399000,0.010,0.545,0.445
399500,0.010,0.562,0.428
400000,0.010,0.449,0.541
400500,0.010,0.769,0.221
401000,0.010,0.782,0.208
401500,0.010,0.686,0.304
402000,0.010,0.621,0.369
402500,0.010,0.616,0.374
403000,0.010,0.394,0.596
403500,0.010,0.903,0.087
404000,0.010,0.878,0.112
404500,0.010,0.777,0.213
405000,0.010,0.623,0.367
405500,0.010,0.854,0.136
406000,0.010,0.763,0.227
406500,0.010,0.506,0.484
407000,0.010,0.696,0.294
407500,0.010,0.782,0.208
408000,0.010,0.861,0.129
408500,0.010,0.727,0.263
409000,0.010,0.816,0.174
409500,0.010,0.882,0.108
410000,0.010,0.955,0.035
410500,0.010,0.875,0.115
411000,0.010,0.382,0.608
411500,0.010,0.588,0.402
412000,0.010,0.466,0.524
412500,0.010,0.537,0.453
413000,0.010,0.692,0.298
413500,0.010,0.561,0.429
414000,0.010,0.688,0.302
414500,0.010,0.552,0.438
415000,0.010,0.739,0.251
415500,0.010,0.505,0.485
416000,0.010,0.593,0.397
416500,0.010,0.735,0.255
417000,0.010,0.687,0.303
417500,0.010,0.693,0.297
418000,0.010,0.767,0.223
418500,0.010,0.653,0.337
419000,0.010,0.712,0.278
419500,0.010,0.566,0.424
420000,0.010,0.625,0.365
420500,0.010,0.405,0.585
421000,0.010,0.764,0.226
421500,0.010,0.511,0.479
422000,0.010,0.792,0.198
422500,0.010,0.715,0.275
423000,0.010,0.515,0.475
423500,0.010,0.579,0.411
424000,0.010,0.495,0.495
424500,0.010,0.560,0.430
425000,0.010,0.472,0.518
425500,0.010,0.564,0.426
426000,0.010,0.619,0.371
426500,0.010,0.586,0.404
427000,0.010,0.694,0.296
427500,0.010,0.515,0.475
428000,0.010,0.768,0.222
428500,0.010,0.559,0.431
429000,0.010,0.326,0.664
429500,0.010,0.721,0.269
430000,0.010,0.534,0.456
430500,0.010,0.636,0.354
431000,0.010,0.748,0.242
431500,0.010,0.608,0.382
432000,0.010,0.641,0.349
432500,0.010,0.673,0.317
433000,0.010,0.572,0.418
433500,0.010,0.720,0.270
434000,0.010,0.777,0.213
434500,0.010,0.862,0.128
435000,0.010,0.676,0.314
435500,0.010,0.648,0.342
436000,0.010,0.728,0.262
436500,0.010,0.450,0.540
437000,0.010,0.463,0.527
437500,0.010,0.502,0.488
438000,0.010,0.668,0.322
438500,0.010,0.832,0.158
439000,0.010,0.808,0.182
439500,0.010,0.743,0.247
440000,0.010,0.736,0.254
440500,0.010,0.467,0.523
441000,0.010,0.567,0.423
441500,0.010,0.665,0.325
442000,0.010,0.458,0.532
442500,0.010,0.394,0.596
443000,0.010,0.837,0.153
443500,0.010,0.549,0.441
444000,0.010,0.505,0.485
444500,0.010,0.825,0.165
445000,0.010,0.525,0.465
445500,0.010,0.938,0.052
446000,0.010,0.541,0.449
446500,0.010,0.489,0.501
447000,0.010,0.651,0.339
447500,0.010,0.682,0.308
448000,0.010,0.729,0.261
448500,0.010,0.700,0.290
449000,0.010,0.726,0.264
449500,0.010,0.667,0.323
450000,0.010,0.785,0.205
450500,0.010,0.717,0.273
451000,0.010,0.679,0.311
451500,0.010,0.442,0.548
452000,0.010,0.524,0.466
452500,0.010,0.556,0.434
453000,0.010,0.802,0.188
453500,0.010,0.653,0.337
454000,0.010,0.508,0.482
454500,0.010,0.457,0.533
455000,0.010,0.635,0.355
455500,0.010,0.664,0.326
456000,0.010,0.286,0.704
456500,0.010,0.559,0.431
457000,0.010,0.810,0.180
457500,0.010,0.631,0.359
458000,0.010,0.682,0.308
458500,0.010,0.568,0.422
459000,0.010,0.386,0.604
459500,0.010,0.452,0.538
460000,0.010,0.820,0.170
460500,0.010,0.552,0.438
461000,0.010,0.486,0.504
461500,0.010,0.619,0.371
462000,0.010,0.589,0.401
462500,0.010,0.627,0.363
463000,0.010,0.445,0.545
463500,0.010,0.392,0.598
464000,0.010,0.921,0.069
464500,0.010,0.854,0.136
465000,0.010,0.717,0.273
465500,0.010,0.623,0.367
466000,0.010,0.577,0.413
466500,0.010,0.464,0.526
467000,0.010,0.591,0.399
467500,0.010,0.724,0.266
468000,0.010,0.690,0.300
468500,0.010,0.382,0.608
469000,0.010,0.613,0.377
469500,0.010,0.492,0.498
470000,0.010,0.433,0.557
470500,0.010,0.622,0.368
471000,0.010,0.627,0.363
471500,0.010,0.583,0.407
472000,0.010,0.507,0.483
472500,0.010,0.545,0.445
473000,0.010,0.834,0.156
473500,0.010,0.593,0.397
474000,0.010,0.615,0.375
474500,0.010,0.528,0.462
475000,0.010,0.742,0.248
475500,0.010,0.800,0.190
476000,0.010,0.625,0.365
476500,0.010,0.770,0.220
477000,0.010,0.570,0.420
477500,0.010,0.770,0.220
478000,0.010,0.772,0.218
478500,0.010,0.649,0.341
479000,0.010,0.868,0.122
479500,0.010,0.800,0.190
480000,0.010,0.624,0.366
480500,0.010,0.410,0.580
481000,0.010,0.830,0.160
481500,0.010,0.440,0.550
482000,0.010,0.533,0.457
482500,0.010,0.682,0.308
483000,0.010,0.435,0.555
483500,0.010,0.450,0.540
484000,0.010,0.486,0.504
484500,0.010,0.502,0.488
485000,0.010,0.554,0.436
485500,0.010,0.534,0.456
486000,0.010,0.651,0.339
486500,0.010,0.796,0.194
487000,0.010,0.566,0.424
487500,0.010,0.569,0.421
488000,0.010,0.744,0.246
488500,0.010,0.650,0.340
489000,0.010,0.525,0.465
489500,0.010,0.506,0.484
490000,0.010,0.477,0.513
490500,0.010,0.546,0.444
491000,0.010,0.497,0.493
491500,0.010,0.506,0.484
492000,0.010,0.465,0.525
492500,0.010,0.486,0.504
493000,0.010,0.856,0.134
493500,0.010,0.522,0.468
494000,0.010,0.751,0.239
494500,0.010,0.660,0.330
495000,0.010,0.472,0.518
495500,0.010,0.770,0.220
496000,0.010,0.736,0.254
496500,0.010,0.628,0.362
497000,0.010,0.513,0.477
497500,0.010,0.476,0.514
498000,0.010,0.569,0.421
498500,0.010,0.721,0.269
499000,0.010,0.664,0.326
499500,0.010,0.651,0.339
500000,0.010,0.718,0.272
500500,0.010,0.746,0.244
501000,0.010,0.487,0.503
501500,0.010,0.496,0.494
502000,0.010,0.787,0.203
502500,0.010,0.780,0.210
503000,0.010,0.807,0.183
503500,0.010,0.849,0.141
504000,0.010,0.464,0.526
504500,0.010,0.648,0.342
505000,0.010,0.792,0.198
505500,0.010,0.686,0.304
506000,0.010,0.758,0.232
506500,0.010,0.507,0.483
507000,0.010,0.683,0.307
507500,0.010,0.617,0.373
508000,0.010,0.704,0.286
508500,0.010,0.712,0.278
509000,0.010,0.334,0.656
509500,0.010,0.645,0.345
510000,0.010,0.456,0.534
510500,0.010,0.577,0.413
511000,0.010,0.708,0.282
511500,0.010,0.634,0.356
512000,0.010,0.702,0.288
512500,0.010,0.708,0.282
513000,0.010,0.502,0.488
513500,0.010,0.582,0.408
514000,0.010,0.606,0.384
514500,0.010,0.871,0.119
515000,0.010,0.943,0.047
515500,0.010,0.503,0.487
516000,0.010,0.432,0.558
516500,0.010,0.601,0.389
517000,0.010,0.395,0.595
517500,0.010,0.912,0.078
518000,0.010,0.851,0.139
518500,0.010,0.842,0.148
519000,0.010,0.772,0.218
519500,0.010,0.490,0.500
520000,0.010,0.722,0.268
520500,0.010,0.543,0.447
521000,0.010,0.530,0.460
521500,0.010,0.870,0.120
522000,0.010,0.680,0.310
522500,0.010,0.444,0.546
523000,0.010,0.652,0.338
523500,0.010,0.405,0.585
524000,0.010,0.662,0.328
524500,0.010,0.790,0.200
525000,0.010,0.495,0.495
525500,0.010,0.447,0.543
526000,0.010,0.424,0.566
526500,0.010,0.727,0.263
527000,0.010,0.641,0.349
527500,0.010,0.567,0.423
528000,0.010,0.763,0.227
528500,0.010,0.690,0.300
529000,0.010,0.598,0.392
529500,0.010,0.756,0.234
530000,0.010,0.470,0.520
530500,0.010,0.381,0.609
531000,0.010,0.838,0.152
531500,0.010,0.859,0.131
532000,0.010,0.557,0.433
532500,0.010,0.485,0.505
533000,0.010,0.767,0.223
533500,0.010,0.964,0.026
534000,0.010,0.684,0.306
534500,0.010,0.783,0.207
535000,0.010,0.702,0.288
535500,0.010,0.716,0.274
536000,0.010,0.641,0.349
536500,0.010,0.690,0.300
537000,0.010,0.326,0.664
537500,0.010,0.461,0.529
538000,0.010,0.530,0.460
538500,0.010,0.494,0.496
539000,0.010,0.655,0.335
539500,0.010,0.695,0.295
540000,0.010,0.566,0.424
540500,0.010,0.764,0.226
541000,0.010,0.546,0.444
541500,0.010,0.524,0.466
542000,0.010,0.501,0.489
542500,0.010,0.608,0.382
543000,0.010,0.851,0.139
543500,0.010,0.551,0.439
544000,0.010,0.563,0.427
544500,0.010,0.329,0.661
545000,0.010,0.606,0.384
545500,0.010,0.486,0.504
546000,0.010,0.597,0.393
546500,0.010,0.662,0.328
547000,0.010,0.521,0.469
547500,0.010,0.545,0.445
548000,0.010,0.677,0.313
548500,0.010,0.537,0.453
549000,0.010,0.683,0.307
549500,0.010,0.657,0.333
550000,0.010,0.562,0.428
550500,0.010,0.596,0.394
551000,0.010,0.546,0.444
551500,0.010,0.678,0.312
552000,0.010,0.636,0.354
552500,0.010,0.717,0.273
553000,0.010,0.710,0.280
553500,0.010,0.579,0.411
554000,0.010,0.703,0.287
554500,0.010,0.596,0.394
555000,0.010,0.491,0.499
555500,0.010,0.561,0.429
556000,0.010,0.655,0.335
556500,0.010,0.664,0.326
557000,0.010,0.619,0.371
557500,0.010,0.662,0.328
558000,0.010,0.806,0.184
558500,0.010,0.929,0.061
559000,0.010,0.486,0.504
559500,0.010,0.659,0.331
560000,0.010,0.592,0.398
560500,0.010,0.887,0.103
561000,0.010,0.520,0.470
561500,0.010,0.793,0.197
562000,0.010,0.626,0.364
562500,0.010,0.588,0.402
563000,0.010,0.631,0.359
563500,0.010,0.940,0.050
564000,0.010,0.965,0.025
564500,0.010,0.990,0.000
565000,0.010,0.774,0.216
565500,0.010,0.568,0.422
566000,0.010,0.620,0.370
566500,0.010,0.759,0.231
567000,0.010,0.415,0.575
567500,0.010,0.541,0.449
568000,0.010,0.640,0.350
568500,0.010,0.712,0.278
569000,0.010,0.588,0.402
569500,0.010,0.591,0.399
570000,0.010,0.666,0.324
570500,0.010,0.405,0.585
571000,0.010,0.370,0.620
571500,0.010,0.586,0.404
572000,0.010,0.713,0.277
572500,0.010,0.888,0.102
573000,0.010,0.708,0.282
573500,0.010,0.617,0.373
574000,0.010,0.388,0.602
574500,0.010,0.525,0.465
575000,0.010,0.520,0.470
575500,0.010,0.630,0.360
576000,0.010,0.710,0.280
576500,0.010,0.690,0.300
577000,0.010,0.639,0.351
577500,0.010,0.660,0.330
578000,0.010,0.665,0.325
578500,0.010,0.547,0.443
579000,0.010,0.576,0.414
579500,0.010,0.721,0.269
580000,0.010,0.524,0.466
580500,0.010,0.518,0.472
581000,0.010,0.461,0.529
581500,0.010,0.510,0.480
582000,0.010,0.711,0.279
582500,0.010,0.721,0.269
583000,0.010,0.706,0.284
583500,0.010,0.586,0.404
584000,0.010,0.743,0.247
584500,0.010,0.755,0.235
585000,0.010,0.556,0.434
585500,0.010,0.752,0.238
586000,0.010,0.555,0.435
586500,0.010,0.577,0.413
587000,0.010,0.718,0.272
587500,0.010,0.558,0.432
588000,0.010,0.630,0.360
588500,0.010,0.516,0.474
589000,0.010,0.473,0.517
589500,0.010,0.810,0.180
590000,0.010,0.652,0.338
590500,0.010,0.345,0.645
591000,0.010,0.532,0.458
591500,0.010,0.500,0.490
592000,0.010,0.446,0.544
592500,0.010,0.750,0.240
593000,0.010,0.705,0.285
593500,0.010,0.757,0.233
594000,0.010,0.544,0.446
594500,0.010,0.729,0.261
595000,0.010,0.753,0.237
595500,0.010,0.514,0.476
596000,0.010,0.719,0.271
596500,0.010,0.766,0.224
597000,0.010,0.702,0.288
597500,0.010,0.328,0.662
598000,0.010,0.579,0.411
598500,0.010,0.716,0.274
599000,0.010,0.773,0.217
599500,0.010,0.697,0.293
600000,0.010,0.623,0.367
600500,0.010,0.490,0.500
601000,0.010,0.728,0.262
601500,0.010,0.453,0.537
602000,0.010,0.880,0.110
602500,0.010,0.533,0.457
603000,0.010,0.844,0.146
603500,0.010,0.889,0.101
604000,0.010,0.728,0.262
604500,0.010,0.505,0.485
605000,0.010,0.571,0.419
605500,0.010,0.656,0.334
606000,0.010,0.751,0.239
606500,0.010,0.468,0.522
607000,0.010,0.430,0.560
607500,0.010,0.592,0.398
608000,0.010,0.630,0.360
608500,0.010,0.472,0.518
609000,0.010,0.495,0.495
609500,0.010,0.658,0.332
610000,0.010,0.460,0.530
610500,0.010,0.563,0.427
611000,0.010,0.656,0.334
611500,0.010,0.592,0.398
612000,0.010,0.458,0.532
612500,0.010,0.306,0.684
613000,0.010,0.403,0.587
613500,0.010,0.604,0.386
614000,0.010,0.635,0.355
614500,0.010,0.741,0.249
615000,0.010,0.453,0.537
615500,0.010,0.620,0.370
616000,0.010,0.683,0.307
616500,0.010,0.688,0.302
617000,0.010,0.499,0.491
617500,0.010,0.531,0.459
618000,0.010,0.749,0.241
618500,0.010,0.633,0.357
619000,0.010,0.722,0.268
619500,0.010,0.644,0.346
620000,0.010,0.794,0.196
620500,0.010,0.785,0.205
621000,0.010,0.591,0.399
621500,0.010,0.770,0.220
622000,0.010,0.851,0.139
622500,0.010,0.704,0.286
623000,0.010,0.553,0.437
623500,0.010,0.558,0.432
624000,0.010,0.608,0.382
624500,0.010,0.873,0.117
625000,0.010,0.877,0.113
625500,0.010,0.531,0.459
626000,0.010,0.454,0.536
626500,0.010,0.560,0.430
627000,0.010,0.646,0.344
627500,0.010,0.655,0.335
628000,0.010,0.652,0.338
628500,0.010,0.641,0.349
629000,0.010,0.544,0.446
629500,0.010,0.574,0.416
630000,0.010,0.688,0.302
630500,0.010,0.799,0.191
631000,0.010,0.556,0.434
631500,0.010,0.417,0.573
632000,0.010,0.496,0.494
632500,0.010,0.458,0.532
633000,0.010,0.368,0.622
633500,0.010,0.653,0.337
634000,0.010,0.313,0.677
634500,0.010,0.538,0.452
635000,0.010,0.696,0.294
635500,0.010,0.341,0.649
636000,0.010,0.843,0.147
636500,0.010,0.767,0.223
637000,0.010,0.572,0.418
637500,0.010,0.568,0.422
638000,0.010,0.534,0.456
638500,0.010,0.445,0.545
639000,0.010,0.503,0.487
639500,0.010,0.390,0.600
640000,0.010,0.635,0.355
640500,0.010,0.783,0.207
641000,0.010,0.674,0.316
641500,0.010,0.672,0.318
642000,0.010,0.640,0.350
642500,0.010,0.632,0.358
643000,0.010,0.723,0.267
643500,0.010,0.467,0.523
644000,0.010,0.698,0.292
644500,0.010,0.419,0.571
645000,0.010,0.514,0.476
645500,0.010,0.676,0.314
646000,0.010,0.550,0.440
646500,0.010,0.477,0.513
647000,0.010,0.481,0.509
647500,0.010,0.617,0.373
648000,0.010,0.393,0.597
648500,0.010,0.543,0.447
649000,0.010,0.536,0.454
649500,0.010,0.817,0.173
650000,0.010,0.845,0.145
650500,0.010,0.511,0.479
651000,0.010,0.675,0.315
651500,0.010,0.536,0.454
652000,0.010,0.368,0.622
652500,0.010,0.446,0.544
653000,0.010,0.450,0.540
653500,0.010,0.647,0.343
654000,0.010,0.686,0.304
654500,0.010,0.497,0.493
655000,0.010,0.637,0.353
655500,0.010,0.718,0.272
656000,0.010,0.739,0.251
656500,0.010,0.419,0.571
657000,0.010,0.902,0.088
657500,0.010,0.890,0.100
658000,0.010,0.654,0.336
658500,0.010,0.718,0.272
659000,0.010,0.451,0.539
659500,0.010,0.533,0.457
660000,0.010,0.837,0.153
660500,0.010,0.701,0.289
661000,0.010,0.612,0.378
661500,0.010,0.676,0.314
662000,0.010,0.680,0.310
662500,0.010,0.874,0.116
663000,0.010,0.637,0.353
663500,0.010,0.423,0.567
664000,0.010,0.723,0.267
664500,0.010,0.601,0.389
665000,0.010,0.513,0.477
665500,0.010,0.465,0.525
666000,0.010,0.784,0.206
666500,0.010,0.789,0.201
667000,0.010,0.577,0.413
667500,0.010,0.564,0.426
668000,0.010,0.743,0.247
668500,0.010,0.581,0.409
669000,0.010,0.589,0.401
669500,0.010,0.603,0.387
670000,0.010,0.583,0.407
670500,0.010,0.629,0.361
671000,0.010,0.583,0.407
671500,0.010,0.664,0.326
672000,0.010,0.539,0.451
672500,0.010,0.740,0.250
673000,0.010,0.693,0.297
673500,0.010,0.698,0.292
674000,0.010,0.728,0.262
674500,0.010,0.797,0.193
675000,0.010,0.636,0.354
675500,0.010,0.436,0.554
676000,0.010,0.686,0.304
676500,0.010,0.777,0.213
677000,0.010,0.641,0.349
677500,0.010,0.716,0.274
678000,0.010,0.746,0.244
678500,0.010,0.480,0.510
679000,0.010,0.795,0.195
679500,0.010,0.681,0.309
680000,0.010,0.592,0.398
680500,0.010,0.679,0.311
681000,0.010,0.770,0.220
681500,0.010,0.577,0.413
682000,0.010,0.455,0.535
682500,0.010,0.534,0.456
683000,0.010,0.803,0.187
683500,0.010,0.597,0.393
684000,0.010,0.633,0.357
684500,0.010,0.862,0.128
685000,0.010,0.373,0.617
685500,0.010,0.519,0.471
686000,0.010,0.400,0.590
686500,0.010,0.403,0.587
687000,0.010,0.780,0.210
687500,0.010,0.871,0.119
688000,0.010,0.645,0.345
688500,0.010,0.718,0.272
689000,0.010,0.564,0.426
689500,0.010,0.759,0.231
690000,0.010,0.602,0.388
690500,0.010,0.692,0.298
691000,0.010,0.741,0.249
691500,0.010,0.484,0.506
692000,0.010,0.821,0.169
692500,0.010,0.573,0.417
693000,0.010,0.513,0.477
693500,0.010,0.571,0.419
694000,0.010,0.613,0.377
694500,0.010,0.900,0.090
695000,0.010,0.618,0.372
695500,0.010,0.440,0.550
696000,0.010,0.630,0.360
696500,0.010,0.706,0.284
697000,0.010,0.600,0.390
697500,0.010,0.606,0.384
698000,0.010,0.549,0.441
698500,0.010,0.918,0.072
699000,0.010,0.681,0.309
699500,0.010,0.500,0.490
700000,0.010,0.426,0.564
700500,0.010,0.573,0.417
701000,0.010,0.611,0.379
701500,0.010,0.503,0.487
702000,0.010,0.702,0.288
702500,0.010,0.584,0.406
703000,0.010,0.730,0.260
703500,0.010,0.795,0.195
704000,0.010,0.780,0.210
704500,0.010,0.655,0.335
705000,0.010,0.566,0.424
705500,0.010,0.608,0.382
706000,0.010,0.598,0.392
706500,0.010,0.599,0.391
707000,0.010,0.500,0.490
707500,0.010,0.712,0.278
708000,0.010,0.736,0.254
708500,0.010,0.620,0.370
709000,0.010,0.620,0.370
709500,0.010,0.840,0.150
710000,0.010,0.511,0.479
710500,0.010,0.456,0.534
711000,0.010,0.655,0.335
711500,0.010,0.479,0.511
712000,0.010,0.521,0.469
712500,0.010,0.447,0.543
713000,0.010,0.678,0.312
713500,0.010,0.695,0.295
714000,0.010,0.657,0.333
714500,0.010,0.667,0.323
715000,0.010,0.740,0.250
715500,0.010,0.467,0.523
716000,0.010,0.469,0.521
716500,0.010,0.559,0.431
717000,0.010,0.712,0.278
717500,0.010,0.470,0.520
718000,0.010,0.785,0.205
718500,0.010,0.869,0.121
719000,0.010,0.552,0.438
719500,0.010,0.556,0.434
720000,0.010,0.590,0.400
720500,0.010,0.519,0.471
721000,0.010,0.655,0.335
721500,0.010,0.621,0.369
722000,0.010,0.781,0.209
722500,0.010,0.730,0.260
723000,0.010,0.436,0.554
723500,0.010,0.457,0.533
724000,0.010,0.913,0.077
724500,0.010,0.466,0.524
725000,0.010,0.742,0.248
725500,0.010,0.433,0.557
726000,0.010,0.731,0.259
726500,0.010,0.554,0.436
727000,0.010,0.824,0.166
727500,0.010,0.611,0.379
728000,0.010,0.634,0.356
728500,0.010,0.600,0.390
729000,0.010,0.830,0.160
729500,0.010,0.662,0.328
730000,0.010,0.597,0.393
730500,0.010,0.648,0.342
731000,0.010,0.669,0.321
731500,0.010,0.637,0.353
732000,0.010,0.641,0.349
732500,0.010,0.757,0.233
733000,0.010,0.683,0.307
733500,0.010,0.695,0.295
734000,0.010,0.872,0.118
734500,0.010,0.548,0.442
735000,0.010,0.522,0.468
735500,0.010,0.681,0.309
736000,0.010,0.786,0.204
736500,0.010,0.449,0.541
737000,0.010,0.652,0.338
737500,0.010,0.689,0.301
738000,0.010,0.467,0.523
738500,0.010,0.739,0.251
739000,0.010,0.610,0.380
739500,0.010,0.558,0.432
740000,0.010,0.704,0.286
740500,0.010,0.493,0.497
741000,0.010,0.722,0.268
741500,0.010,0.719,0.271
742000,0.010,0.734,0.256
742500,0.010,0.597,0.393
743000,0.010,0.746,0.244
743500,0.010,0.589,0.401
744000,0.010,0.616,0.374
744500,0.010,0.730,0.260
745000,0.010,0.830,0.160
745500,0.010,0.849,0.141
746000,0.010,0.719,0.271
746500,0.010,0.599,0.391
747000,0.010,0.538,0.452
747500,0.010,0.607,0.383
748000,0.010,0.555,0.435
748500,0.010,0.591,0.399
749000,0.010,0.608,0.382
749500,0.010,0.697,0.293
750000,0.010,0.715,0.275
750500,0.010,0.586,0.404
751000,0.010,0.836,0.154
751500,0.010,0.755,0.235
752000,0.010,0.773,0.217
752500,0.010,0.627,0.363
753000,0.010,0.705,0.285
753500,0.010,0.788,0.202
754000,0.010,0.783,0.207
754500,0.010,0.538,0.452
755000,0.010,0.608,0.382
755500,0.010,0.785,0.205
756000,0.010,0.352,0.638
756500,0.010,0.542,0.448
757000,0.010,0.758,0.232
757500,0.010,0.658,0.332
758000,0.010,0.669,0.321
758500,0.010,0.580,0.410
759000,0.010,0.677,0.313
759500,0.010,0.575,0.415
760000,0.010,0.568,0.422
760500,0.010,0.571,0.419
761000,0.010,0.686,0.304
761500,0.010,0.651,0.339
762000,0.010,0.686,0.304
762500,0.010,0.793,0.197
763000,0.010,0.886,0.104
763500,0.010,0.623,0.367
764000,0.010,0.801,0.189
764500,0.010,0.536,0.454
765000,0.010,0.633,0.357
765500,0.010,0.659,0.331
766000,0.010,0.586,0.404
766500,0.010,0.430,0.560
767000,0.010,0.514,0.476
767500,0.010,0.513,0.477
768000,0.010,0.738,0.252
768500,0.010,0.566,0.424
769000,0.010,0.687,0.303
769500,0.010,0.861,0.129
770000,0.010,0.707,0.283
770500,0.010,0.518,0.472
771000,0.010,0.686,0.304
771500,0.010,0.590,0.400
772000,0.010,0.739,0.251
772500,0.010,0.656,0.334
773000,0.010,0.740,0.250
773500,0.010,0.809,0.181
774000,0.010,0.819,0.171
774500,0.010,0.711,0.279
775000,0.010,0.537,0.453
775500,0.010,0.719,0.271
776000,0.010,0.669,0.321
776500,0.010,0.415,0.575
777000,0.010,0.559,0.431
777500,0.010,0.576,0.414
778000,0.010,0.738,0.252
778500,0.010,0.605,0.385
779000,0.010,0.609,0.381
779500,0.010,0.351,0.639
780000,0.010,0.505,0.485
780500,0.010,0.649,0.341
781000,0.010,0.613,0.377
781500,0.010,0.620,0.370
782000,0.010,0.583,0.407
782500,0.010,0.633,0.357
783000,0.010,0.687,0.303
783500,0.010,0.551,0.439
784000,0.010,0.479,0.511
784500,0.010,0.581,0.409
785000,0.010,0.506,0.484
785500,0.010,0.469,0.521
786000,0.010,0.397,0.593
786500,0.010,0.614,0.376
787000,0.010,0.523,0.467
787500,0.010,0.376,0.614
788000,0.010,0.751,0.239
788500,0.010,0.495,0.495
789000,0.010,0.573,0.417
789500,0.010,0.489,0.501
790000,0.010,0.788,0.202
790500,0.010,0.624,0.366
791000,0.010,0.913,0.077
791500,0.010,0.422,0.568
792000,0.010,0.493,0.497
792500,0.010,0.570,0.420
793000,0.010,0.623,0.367
793500,0.010,0.530,0.460
794000,0.010,0.792,0.198
794500,0.010,0.673,0.317
795000,0.010,0.724,0.266
795500,0.010,0.665,0.325
796000,0.010,0.719,0.271
796500,0.010,0.670,0.320
797000,0.010,0.599,0.391
797500,0.010,0.576,0.414
798000,0.010,0.435,0.555
798500,0.010,0.581,0.409
799000,0.010,0.525,0.465
799500,0.010,0.626,0.364
800000,0.010,0.783,0.207
800500,0.010,0.385,0.605
801000,0.010,0.566,0.424
801500,0.010,0.625,0.365
802000,0.010,0.754,0.236
802500,0.010,0.577,0.413
803000,0.010,0.727,0.263
803500,0.010,0.505,0.485
804000,0.010,0.514,0.476
804500,0.010,0.473,0.517
805000,0.010,0.642,0.348
805500,0.010,0.779,0.211
806000,0.010,0.500,0.490
806500,0.010,0.572,0.418
807000,0.010,0.568,0.422
807500,0.010,0.606,0.384
808000,0.010,0.663,0.327
808500,0.010,0.537,0.453
809000,0.010,0.516,0.474
809500,0.010,0.551,0.439
810000,0.010,0.631,0.359
810500,0.010,0.733,0.257
811000,0.010,0.940,0.050
811500,0.010,0.675,0.315
812000,0.010,0.317,0.673
812500,0.010,0.572,0.418
813000,0.010,0.617,0.373
813500,0.010,0.517,0.473
814000,0.010,0.472,0.518
814500,0.010,0.632,0.358
815000,0.010,0.824,0.166
815500,0.010,0.613,0.377
816000,0.010,0.647,0.343
816500,0.010,0.718,0.272
817000,0.010,0.650,0.340
817500,0.010,0.616,0.374
818000,0.010,0.664,0.326
818500,0.010,0.874,0.116
819000,0.010,0.513,0.477
819500,0.010,0.687,0.303
820000,0.010,0.484,0.506
820500,0.010,0.793,0.197
821000,0.010,0.682,0.308
821500,0.010,0.614,0.376
822000,0.010,0.540,0.450
822500,0.010,0.764,0.226
823000,0.010,0.653,0.337
823500,0.010,0.497,0.493
824000,0.010,0.667,0.323
824500,0.010,0.505,0.485
825000,0.010,0.809,0.181
825500,0.010,0.561,0.429
826000,0.010,0.620,0.370
826500,0.010,0.562,0.428
827000,0.010,0.527,0.463
827500,0.010,0.542,0.448
828000,0.010,0.729,0.261
828500,0.010,0.829,0.161
829000,0.010,0.709,0.281
829500,0.010,0.550,0.440
830000,0.010,0.609,0.381
830500,0.010,0.771,0.219
831000,0.010,0.589,0.401
831500,0.010,0.789,0.201
832000,0.010,0.709,0.281
832500,0.010,0.620,0.370
833000,0.010,0.679,0.311
833500,0.010,0.863,0.127
834000,0.010,0.758,0.232
834500,0.010,0.768,0.222
835000,0.010,0.689,0.301
835500,0.010,0.603,0.387
836000,0.010,0.616,0.374
836500,0.010,0.794,0.196
837000,0.010,0.660,0.330
837500,0.010,0.334,0.656
838000,0.010,0.364,0.626
838500,0.010,0.669,0.321
839000,0.010,0.512,0.478
839500,0.010,0.454,0.536
840000,0.010,0.530,0.460
840500,0.010,0.831,0.159
841000,0.010,0.668,0.322
841500,0.010,0.726,0.264
842000,0.010,0.711,0.279
842500,0.010,0.791,0.199
843000,0.010,0.535,0.455
843500,0.010,0.722,0.268
844000,0.010,0.661,0.329
844500,0.010,0.485,0.505
845000,0.010,0.633,0.357
845500,0.010,0.575,0.415
846000,0.010,0.648,0.342
846500,0.010,0.642,0.348
847000,0.010,0.729,0.261
847500,0.010,0.575,0.415
848000,0.010,0.686,0.304
848500,0.010,0.631,0.359
849000,0.010,0.729,0.261
849500,0.010,0.479,0.511
850000,0.010,0.591,0.399
850500,0.010,0.743,0.247
851000,0.010,0.451,0.539
851500,0.010,0.558,0.432
852000,0.010,0.591,0.399
852500,0.010,0.571,0.419
853000,0.010,0.625,0.365
853500,0.010,0.768,0.222
854000,0.010,0.501,0.489
854500,0.010,0.675,0.315
855000,0.010,0.618,0.372
855500,0.010,0.609,0.381
856000,0.010,0.618,0.372
856500,0.010,0.552,0.438
857000,0.010,0.672,0.318
857500,0.010,0.642,0.348
858000,0.010,0.655,0.335
858500,0.010,0.796,0.194
859000,0.010,0.595,0.395
859500,0.010,0.751,0.239
860000,0.010,0.718,0.272
860500,0.010,0.493,0.497
861000,0.010,0.628,0.362
861500,0.010,0.730,0.260
862000,0.010,0.737,0.253
862500,0.010,0.659,0.331
863000,0.010,0.706,0.284
863500,0.010,0.550,0.440
864000,0.010,0.688,0.302
864500,0.010,0.649,0.341
865000,0.010,0.822,0.168
865500,0.010,0.408,0.582
866000,0.010,0.355,0.635
866500,0.010,0.642,0.348
867000,0.010,0.663,0.327
867500,0.010,0.554,0.436
868000,0.010,0.711,0.279
868500,0.010,0.592,0.398
869000,0.010,0.441,0.549
869500,0.010,0.645,0.345
870000,0.010,0.575,0.415
870500,0.010,0.615,0.375
871000,0.010,0.568,0.422
871500,0.010,0.454,0.536
872000,0.010,0.656,0.334
872500,0.010,0.509,0.481
873000,0.010,0.622,0.368
873500,0.010,0.526,0.464
874000,0.010,0.567,0.423
874500,0.010,0.557,0.433
875000,0.010,0.553,0.437
875500,0.010,0.642,0.348
876000,0.010,0.881,0.109
876500,0.010,0.725,0.265
877000,0.010,0.488,0.502
877500,0.010,0.622,0.368
878000,0.010,0.573,0.417
878500,0.010,0.641,0.349
879000,0.010,0.651,0.339
879500,0.010,0.629,0.361
880000,0.010,0.503,0.487
880500,0.010,0.790,0.200
881000,0.010,0.885,0.105
881500,0.010,0.620,0.370
882000,0.010,0.451,0.539
882500,0.010,0.429,0.561
883000,0.010,0.618,0.372
883500,0.010,0.648,0.342
884000,0.010,0.690,0.300
884500,0.010,0.448,0.542
885000,0.010,0.742,0.248
885500,0.010,0.642,0.348
886000,0.010,0.517,0.473
886500,0.010,0.692,0.298
887000,0.010,0.732,0.258
887500,0.010,0.624,0.366
888000,0.010,0.757,0.233
888500,0.010,0.693,0.297
889000,0.010,0.553,0.437
889500,0.010,0.685,0.305
890000,0.010,0.481,0.509
890500,0.010,0.710,0.280
891000,0.010,0.742,0.248
891500,0.010,0.556,0.434
892000,0.010,0.660,0.330
892500,0.010,0.889,0.101
893000,0.010,0.672,0.318
893500,0.010,0.699,0.291
894000,0.010,0.619,0.371
894500,0.010,0.457,0.533
895000,0.010,0.601,0.389
895500,0.010,0.545,0.445
896000,0.010,0.423,0.567
896500,0.010,0.700,0.290
897000,0.010,0.705,0.285
897500,0.010,0.707,0.283
898000,0.010,0.507,0.483
898500,0.010,0.617,0.373
899000,0.010,0.638,0.352
899500,0.010,0.705,0.285
900000,0.010,0.787,0.203
900500,0.010,0.492,0.498
901000,0.010,0.606,0.384
901500,0.010,0.660,0.330
902000,0.010,0.586,0.404
902500,0.010,0.429,0.561
903000,0.010,0.622,0.368
903500,0.010,0.392,0.598
904000,0.010,0.732,0.258
904500,0.010,0.650,0.340
905000,0.010,0.638,0.352
905500,0.010,0.569,0.421
906000,0.010,0.651,0.339
906500,0.010,0.657,0.333
907000,0.010,0.554,0.436
907500,0.010,0.519,0.471
908000,0.010,0.617,0.373
908500,0.010,0.531,0.459
909000,0.010,0.566,0.424
909500,0.010,0.639,0.351
910000,0.010,0.815,0.175
910500,0.010,0.342,0.648
911000,0.010,0.505,0.485
911500,0.010,0.692,0.298
912000,0.010,0.799,0.191
912500,0.010,0.487,0.503
913000,0.010,0.777,0.213
913500,0.010,0.847,0.143
914000,0.010,0.610,0.380
914500,0.010,0.324,0.666
915000,0.010,0.615,0.375
915500,0.010,0.653,0.337
916000,0.010,0.533,0.457
916500,0.010,0.494,0.496
917000,0.010,0.659,0.331
917500,0.010,0.633,0.357
918000,0.010,0.651,0.339
918500,0.010,0.670,0.320
919000,0.010,0.677,0.313
919500,0.010,0.790,0.200
920000,0.010,0.990,0.000
920500,0.010,0.887,0.103
921000,0.010,0.759,0.231
921500,0.010,0.825,0.165
922000,0.010,0.662,0.328
922500,0.010,0.696,0.294
923000,0.010,0.630,0.360
923500,0.010,0.629,0.361
924000,0.010,0.636,0.354
924500,0.010,0.702,0.288
925000,0.010,0.567,0.423
925500,0.010,0.430,0.560
926000,0.010,0.683,0.307
926500,0.010,0.639,0.351
927000,0.010,0.262,0.728
927500,0.010,0.847,0.143
928000,0.010,0.800,0.190
928500,0.010,0.596,0.394
929000,0.010,0.376,0.614
929500,0.010,0.644,0.346
930000,0.010,0.732,0.258
930500,0.010,0.719,0.271
931000,0.010,0.651,0.339
931500,0.010,0.501,0.489
932000,0.010,0.663,0.327
932500,0.010,0.864,0.126
933000,0.010,0.621,0.369
933500,0.010,0.753,0.237
934000,0.010,0.577,0.413
934500,0.010,0.564,0.426
935000,0.010,0.526,0.464
935500,0.010,0.514,0.476
936000,0.010,0.435,0.555
936500,0.010,0.909,0.081
937000,0.010,0.776,0.214
937500,0.010,0.668,0.322
938000,0.010,0.714,0.276
938500,0.010,0.431,0.559
939000,0.010,0.690,0.300
939500,0.010,0.639,0.351
940000,0.010,0.571,0.419
940500,0.010,0.636,0.354
941000,0.010,0.800,0.190
941500,0.010,0.485,0.505
942000,0.010,0.628,0.362
942500,0.010,0.595,0.395
943000,0.010,0.631,0.359
943500,0.010,0.485,0.505
944000,0.010,0.415,0.575
944500,0.010,0.724,0.266
945000,0.010,0.485,0.505
945500,0.010,0.511,0.479
946000,0.010,0.499,0.491
946500,0.010,0.628,0.362
947000,0.010,0.565,0.425
947500,0.010,0.692,0.298
948000,0.010,0.511,0.479
948500,0.010,0.562,0.428
949000,0.010,0.442,0.548
949500,0.010,0.640,0.350
950000,0.010,0.519,0.471
950500,0.010,0.672,0.318
951000,0.010,0.691,0.299
951500,0.010,0.429,0.561
952000,0.010,0.506,0.484
952500,0.010,0.543,0.447
953000,0.010,0.530,0.460
953500,0.010,0.520,0.470
954000,0.010,0.550,0.440
954500,0.010,0.667,0.323
955000,0.010,0.837,0.153
955500,0.010,0.710,0.280
956000,0.010,0.854,0.136
956500,0.010,0.839,0.151
957000,0.010,0.688,0.302
957500,0.010,0.779,0.211
958000,0.010,0.855,0.135
958500,0.010,0.455,0.535
959000,0.010,0.662,0.328
959500,0.010,0.765,0.225
960000,0.010,0.655,0.335
960500,0.010,0.679,0.311
961000,0.010,0.632,0.358
961500,0.010,0.545,0.445
962000,0.010,0.465,0.525
962500,0.010,0.654,0.336
963000,0.010,0.559,0.431
963500,0.010,0.629,0.361
964000,0.010,0.689,0.301
964500,0.010,0.689,0.301
965000,0.010,0.601,0.389
965500,0.010,0.710,0.280
966000,0.010,0.668,0.322
966500,0.010,0.624,0.366
967000,0.010,0.716,0.274
967500,0.010,0.421,0.569
968000,0.010,0.642,0.348
968500,0.010,0.394,0.596
969000,0.010,0.667,0.323
969500,0.010,0.558,0.432
970000,0.010,0.856,0.134
970500,0.010,0.407,0.583
971000,0.010,0.687,0.303
971500,0.010,0.584,0.406
972000,0.010,0.673,0.317
972500,0.010,0.683,0.307
973000,0.010,0.600,0.390
973500,0.010,0.473,0.517
974000,0.010,0.516,0.474
974500,0.010,0.808,0.182
975000,0.010,0.732,0.258
975500,0.010,0.553,0.437
976000,0.010,0.675,0.315
976500,0.010,0.445,0.545
977000,0.010,0.397,0.593
977500,0.010,0.755,0.235
978000,0.010,0.771,0.219
978500,0.010,0.806,0.184
979000,0.010,0.741,0.249
979500,0.010,0.521,0.469
980000,0.010,0.621,0.369
980500,0.010,0.655,0.335
981000,0.010,0.659,0.331
981500,0.010,0.723,0.267
982000,0.010,0.496,0.494
982500,0.010,0.666,0.324
983000,0.010,0.530,0.460
983500,0.010,0.607,0.383
984000,0.010,0.800,0.190
984500,0.010,0.867,0.123
985000,0.010,0.751,0.239
985500,0.010,0.535,0.455
986000,0.010,0.780,0.210
986500,0.010,0.869,0.121
987000,0.010,0.631,0.359
987500,0.010,0.828,0.162
988000,0.010,0.711,0.279
988500,0.010,0.452,0.538
989000,0.010,0.697,0.293
989500,0.010,0.753,0.237
990000,0.010,0.569,0.421
990500,0.010,0.720,0.270
991000,0.010,0.767,0.223
991500,0.010,0.918,0.072
992000,0.010,0.986,0.004
992500,0.010,0.781,0.209
993000,0.010,0.859,0.131
993500,0.010,0.730,0.260
994000,0.010,0.477,0.513
994500,0.010,0.330,0.660
995000,0.010,0.754,0.236
995500,0.010,0.654,0.336
996000,0.010,0.517,0.473
996500,0.010,0.731,0.259
997000,0.010,0.678,0.312
997500,0.010,0.716,0.274
998000,0.010,0.778,0.212
998500,0.010,0.564,0.426
999000,0.010,0.464,0.526
999500,0.010,0.436,0.554
1000000,0.010,0.683,0.307
