time,n_A+p,n_B,n_AB
500,0.030,0.872,0.098
1000,0.030,0.645,0.325
1500,0.030,0.703,0.267
2000,0.030,0.709,0.261
2500,0.030,0.754,0.216
3000,0.030,0.707,0.263
3500,0.030,0.757,0.213
4000,0.030,0.654,0.316
4500,0.030,0.755,0.215
5000,0.030,0.878,0.092
5500,0.030,0.766,0.204
6000,0.030,0.840,0.130
6500,0.030,0.788,0.182
7000,0.030,0.713,0.257
7500,0.030,0.660,0.310
8000,0.030,0.672,0.298
8500,0.030,0.571,0.399
9000,0.030,0.758,0.212
9500,0.030,0.791,0.179
10000,0.030,0.576,0.394
10500,0.030,0.776,0.194
11000,0.030,0.731,0.239
11500,0.030,0.674,0.296
12000,0.030,0.602,0.368
12500,0.030,0.700,0.270
13000,0.030,0.846,0.124
13500,0.030,0.770,0.200
14000,0.030,0.790,0.180
14500,0.030,0.730,0.240
15000,0.030,0.762,0.208
15500,0.030,0.748,0.222
16000,0.030,0.773,0.197
16500,0.030,0.573,0.397
17000,0.030,0.725,0.245
17500,0.030,0.620,0.350
18000,0.030,0.690,0.280
18500,0.030,0.656,0.314
19000,0.030,0.803,0.167
19500,0.030,0.712,0.258
20000,0.030,0.810,0.160
20500,0.030,0.725,0.245
21000,0.030,0.745,0.225
21500,0.030,0.714,0.256
22000,0.030,0.820,0.150
22500,0.030,0.730,0.240
23000,0.030,0.752,0.218
23500,0.030,0.695,0.275
24000,0.030,0.810,0.160
24500,0.030,0.689,0.281
25000,0.030,0.499,0.471
25500,0.030,0.596,0.374
26000,0.030,0.579,0.391
26500,0.030,0.595,0.375
27000,0.030,0.586,0.384
27500,0.030,0.660,0.310
28000,0.030,0.689,0.281
28500,0.030,0.792,0.178
29000,0.030,0.736,0.234
29500,0.030,0.712,0.258
30000,0.030,0.812,0.158
30500,0.030,0.751,0.219
31000,0.030,0.618,0.352
31500,0.030,0.737,0.233
32000,0.030,0.715,0.255
32500,0.030,0.784,0.186
33000,0.030,0.656,0.314
33500,0.030,0.648,0.322
34000,0.030,0.664,0.306
34500,0.030,0.683,0.287
35000,0.030,0.660,0.310
35500,0.030,0.721,0.249
36000,0.030,0.632,0.338
36500,0.030,0.736,0.234
37000,0.030,0.708,0.262
37500,0.030,0.700,0.270
38000,0.030,0.690,0.280
38500,0.030,0.728,0.242
39000,0.030,0.599,0.371
39500,0.030,0.770,0.200
40000,0.030,0.730,0.240
40500,0.030,0.685,0.285
41000,0.030,0.611,0.359
41500,0.030,0.861,0.109
42000,0.030,0.662,0.308
42500,0.030,0.807,0.163
43000,0.030,0.823,0.147
43500,0.030,0.763,0.207
44000,0.030,0.669,0.301
44500,0.030,0.774,0.196
45000,0.030,0.605,0.365
45500,0.030,0.811,0.159
46000,0.030,0.819,0.151
46500,0.030,0.874,0.096
47000,0.030,0.733,0.237
47500,0.030,0.758,0.212
48000,0.030,0.662,0.308
48500,0.030,0.845,0.125
49000,0.030,0.727,0.243
49500,0.030,0.605,0.365
50000,0.030,0.572,0.398
50500,0.030,0.601,0.369
51000,0.030,0.678,0.292
51500,0.030,0.860,0.110
52000,0.030,0.729,0.241
52500,0.030,0.665,0.305
53000,0.030,0.711,0.259
53500,0.030,0.621,0.349
54000,0.030,0.741,0.229
54500,0.030,0.642,0.328
55000,0.030,0.666,0.304
55500,0.030,0.701,0.269
56000,0.030,0.868,0.102
56500,0.030,0.790,0.180
57000,0.030,0.698,0.272
57500,0.030,0.769,0.201
58000,0.030,0.715,0.255
58500,0.030,0.799,0.171
59000,0.030,0.629,0.341
59500,0.030,0.729,0.241
60000,0.030,0.705,0.265
60500,0.030,0.616,0.354
61000,0.030,0.634,0.336
61500,0.030,0.757,0.213
62000,0.030,0.662,0.308
62500,0.030,0.648,0.322
63000,0.030,0.734,0.236
63500,0.030,0.695,0.275
64000,0.030,0.700,0.270
64500,0.030,0.543,0.427
65000,0.030,0.746,0.224
65500,0.030,0.731,0.239
66000,0.030,0.511,0.459
66500,0.030,0.776,0.194
67000,0.030,0.762,0.208
67500,0.030,0.780,0.190
68000,0.030,0.772,0.198
68500,0.030,0.766,0.204
69000,0.030,0.712,0.258
69500,0.030,0.823,0.147
70000,0.030,0.801,0.169
70500,0.030,0.912,0.058
71000,0.030,0.567,0.403
71500,0.030,0.724,0.246
72000,0.030,0.776,0.194
72500,0.030,0.742,0.228
73000,0.030,0.830,0.140
73500,0.030,0.615,0.355
74000,0.030,0.642,0.328
74500,0.030,0.539,0.431
75000,0.030,0.675,0.295
75500,0.030,0.642,0.328
76000,0.030,0.659,0.311
76500,0.030,0.666,0.304
77000,0.030,0.737,0.233
77500,0.030,0.798,0.172
78000,0.030,0.498,0.472
78500,0.030,0.728,0.242
79000,0.030,0.653,0.317
79500,0.030,0.789,0.181
80000,0.030,0.744,0.226
80500,0.030,0.804,0.166
81000,0.030,0.671,0.299
81500,0.030,0.792,0.178
82000,0.030,0.761,0.209
82500,0.030,0.596,0.374
83000,0.030,0.738,0.232
83500,0.030,0.684,0.286
84000,0.030,0.689,0.281
84500,0.030,0.664,0.306
85000,0.030,0.614,0.356
85500,0.030,0.814,0.156
86000,0.030,0.632,0.338
86500,0.030,0.630,0.340
87000,0.030,0.583,0.387
87500,0.030,0.605,0.365
88000,0.030,0.705,0.265
88500,0.030,0.821,0.149
89000,0.030,0.754,0.216
89500,0.030,0.620,0.350
90000,0.030,0.580,0.390
90500,0.030,0.659,0.311
91000,0.030,0.742,0.228
91500,0.030,0.731,0.239
92000,0.030,0.754,0.216
92500,0.030,0.714,0.256
93000,0.030,0.753,0.217
93500,0.030,0.833,0.137
94000,0.030,0.737,0.233
94500,0.030,0.756,0.214
95000,0.030,0.752,0.218
95500,0.030,0.697,0.273
96000,0.030,0.766,0.204
96500,0.030,0.588,0.382
97000,0.030,0.639,0.331
97500,0.030,0.753,0.217
98000,0.030,0.767,0.203
98500,0.030,0.768,0.202
99000,0.030,0.878,0.092
99500,0.030,0.781,0.189
100000,0.030,0.749,0.221
100500,0.030,0.588,0.382
101000,0.030,0.556,0.414
101500,0.030,0.765,0.205
102000,0.030,0.825,0.145
102500,0.030,0.805,0.165
103000,0.030,0.774,0.196
103500,0.030,0.691,0.279
104000,0.030,0.633,0.337
104500,0.030,0.725,0.245
105000,0.030,0.618,0.352
105500,0.030,0.738,0.232
106000,0.030,0.805,0.165
106500,0.030,0.770,0.200
107000,0.030,0.721,0.249
107500,0.030,0.784,0.186
108000,0.030,0.771,0.199
108500,0.030,0.827,0.143
109000,0.030,0.838,0.132
109500,0.030,0.602,0.368
110000,0.030,0.751,0.219
110500,0.030,0.731,0.239
111000,0.030,0.733,0.237
111500,0.030,0.640,0.330
112000,0.030,0.539,0.431
112500,0.030,0.547,0.423
113000,0.030,0.823,0.147
113500,0.030,0.827,0.143
114000,0.030,0.903,0.067
114500,0.030,0.832,0.138
115000,0.030,0.694,0.276
115500,0.030,0.736,0.234
116000,0.030,0.694,0.276
116500,0.030,0.740,0.230
117000,0.030,0.754,0.216
117500,0.030,0.719,0.251
118000,0.030,0.691,0.279
118500,0.030,0.809,0.161
119000,0.030,0.745,0.225
119500,0.030,0.624,0.346
120000,0.030,0.702,0.268
120500,0.030,0.830,0.140
121000,0.030,0.631,0.339
121500,0.030,0.651,0.319
122000,0.030,0.708,0.262
122500,0.030,0.734,0.236
123000,0.030,0.663,0.307
123500,0.030,0.704,0.266
124000,0.030,0.816,0.154
124500,0.030,0.721,0.249
125000,0.030,0.635,0.335
125500,0.030,0.589,0.381
126000,0.030,0.607,0.363
126500,0.030,0.653,0.317
127000,0.030,0.696,0.274
127500,0.030,0.647,0.323
128000,0.030,0.624,0.346
128500,0.030,0.615,0.355
129000,0.030,0.785,0.185
129500,0.030,0.658,0.312
130000,0.030,0.769,0.201
130500,0.030,0.699,0.271
131000,0.030,0.781,0.189
131500,0.030,0.569,0.401
132000,0.030,0.697,0.273
132500,0.030,0.725,0.245
133000,0.030,0.719,0.251
133500,0.030,0.734,0.236
134000,0.030,0.662,0.308
134500,0.030,0.743,0.227
135000,0.030,0.692,0.278
135500,0.030,0.815,0.155
136000,0.030,0.743,0.227
136500,0.030,0.760,0.210
137000,0.030,0.625,0.345
137500,0.030,0.763,0.207
138000,0.030,0.580,0.390
138500,0.030,0.652,0.318
139000,0.030,0.520,0.450
139500,0.030,0.753,0.217
140000,0.030,0.604,0.366
140500,0.030,0.635,0.335
141000,0.030,0.856,0.114
141500,0.030,0.739,0.231
142000,0.030,0.701,0.269
142500,0.030,0.594,0.376
143000,0.030,0.674,0.296
143500,0.030,0.643,0.327
144000,0.030,0.656,0.314
144500,0.030,0.755,0.215
145000,0.030,0.795,0.175
145500,0.030,0.779,0.191
146000,0.030,0.672,0.298
146500,0.030,0.576,0.394
147000,0.030,0.607,0.363
147500,0.030,0.588,0.382
148000,0.030,0.720,0.250
148500,0.030,0.784,0.186
149000,0.030,0.671,0.299
149500,0.030,0.713,0.257
150000,0.030,0.704,0.266
150500,0.030,0.672,0.298
151000,0.030,0.833,0.137
151500,0.030,0.636,0.334
152000,0.030,0.670,0.300
152500,0.030,0.762,0.208
153000,0.030,0.661,0.309
153500,0.030,0.715,0.255
154000,0.030,0.599,0.371
154500,0.030,0.703,0.267
155000,0.030,0.682,0.288
155500,0.030,0.765,0.205
156000,0.030,0.730,0.240
156500,0.030,0.730,0.240
157000,0.030,0.764,0.206
157500,0.030,0.753,0.217
158000,0.030,0.773,0.197
158500,0.030,0.765,0.205
159000,0.030,0.787,0.183
159500,0.030,0.736,0.234
160000,0.030,0.625,0.345
160500,0.030,0.670,0.300
161000,0.030,0.823,0.147
161500,0.030,0.784,0.186
162000,0.030,0.678,0.292
162500,0.030,0.690,0.280
163000,0.030,0.567,0.403
163500,0.030,0.744,0.226
164000,0.030,0.734,0.236
164500,0.030,0.643,0.327
165000,0.030,0.769,0.201
165500,0.030,0.865,0.105
166000,0.030,0.746,0.224
166500,0.030,0.685,0.285
167000,0.030,0.604,0.366
167500,0.030,0.746,0.224
168000,0.030,0.825,0.145
168500,0.030,0.640,0.330
169000,0.030,0.759,0.211
169500,0.030,0.709,0.261
170000,0.030,0.715,0.255
170500,0.030,0.647,0.323
171000,0.030,0.686,0.284
171500,0.030,0.786,0.184
172000,0.030,0.638,0.332
172500,0.030,0.593,0.377
173000,0.030,0.681,0.289
173500,0.030,0.803,0.167
174000,0.030,0.721,0.249
174500,0.030,0.656,0.314
175000,0.030,0.832,0.138
175500,0.030,0.810,0.160
176000,0.030,0.816,0.154
176500,0.030,0.774,0.196
177000,0.030,0.819,0.151
177500,0.030,0.797,0.173
178000,0.030,0.708,0.262
178500,0.030,0.827,0.143
179000,0.030,0.654,0.316
179500,0.030,0.704,0.266
180000,0.030,0.597,0.373
180500,0.030,0.629,0.341
181000,0.030,0.748,0.222
181500,0.030,0.668,0.302
182000,0.030,0.721,0.249
182500,0.030,0.658,0.312
183000,0.030,0.662,0.308
183500,0.030,0.691,0.279
184000,0.030,0.649,0.321
184500,0.030,0.677,0.293
185000,0.030,0.725,0.245
185500,0.030,0.811,0.159
186000,0.030,0.793,0.177
186500,0.030,0.600,0.370
187000,0.030,0.668,0.302
187500,0.030,0.735,0.235
188000,0.030,0.791,0.179
188500,0.030,0.754,0.216
189000,0.030,0.774,0.196
189500,0.030,0.740,0.230
190000,0.030,0.779,0.191
190500,0.030,0.704,0.266
191000,0.030,0.745,0.225
191500,0.030,0.704,0.266
192000,0.030,0.671,0.299
192500,0.030,0.680,0.290
193000,0.030,0.820,0.150
193500,0.030,0.717,0.253
194000,0.030,0.727,0.243
194500,0.030,0.663,0.307
195000,0.030,0.683,0.287
195500,0.030,0.707,0.263
196000,0.030,0.755,0.215
196500,0.030,0.752,0.218
197000,0.030,0.706,0.264
197500,0.030,0.647,0.323
198000,0.030,0.775,0.195
198500,0.030,0.625,0.345
199000,0.030,0.796,0.174
199500,0.030,0.790,0.180
200000,0.030,0.712,0.258
200500,0.030,0.806,0.164
201000,0.030,0.810,0.160
201500,0.030,0.648,0.322
202000,0.030,0.674,0.296
202500,0.030,0.637,0.333
203000,0.030,0.696,0.274
203500,0.030,0.752,0.218
204000,0.030,0.774,0.196
204500,0.030,0.821,0.149
205000,0.030,0.865,0.105
205500,0.030,0.613,0.357
206000,0.030,0.716,0.254
206500,0.030,0.808,0.162
207000,0.030,0.629,0.341
207500,0.030,0.661,0.309
208000,0.030,0.809,0.161
208500,0.030,0.770,0.200
209000,0.030,0.745,0.225
209500,0.030,0.821,0.149
210000,0.030,0.898,0.072
210500,0.030,0.846,0.124
211000,0.030,0.634,0.336
211500,0.030,0.660,0.310
212000,0.030,0.819,0.151
212500,0.030,0.761,0.209
213000,0.030,0.743,0.227
213500,0.030,0.702,0.268
214000,0.030,0.573,0.397
214500,0.030,0.600,0.370
215000,0.030,0.728,0.242
215500,0.030,0.768,0.202
216000,0.030,0.765,0.205
216500,0.030,0.660,0.310
217000,0.030,0.829,0.141
217500,0.030,0.788,0.182
218000,0.030,0.755,0.215
218500,0.030,0.777,0.193
219000,0.030,0.641,0.329
219500,0.030,0.531,0.439
220000,0.030,0.565,0.405
220500,0.030,0.775,0.195
221000,0.030,0.790,0.180
221500,0.030,0.736,0.234
222000,0.030,0.744,0.226
222500,0.030,0.776,0.194
223000,0.030,0.731,0.239
223500,0.030,0.702,0.268
224000,0.030,0.657,0.313
224500,0.030,0.727,0.243
225000,0.030,0.669,0.301
225500,0.030,0.706,0.264
226000,0.030,0.719,0.251
226500,0.030,0.751,0.219
227000,0.030,0.655,0.315
227500,0.030,0.803,0.167
228000,0.030,0.723,0.247
228500,0.030,0.718,0.252
229000,0.030,0.755,0.215
229500,0.030,0.736,0.234
230000,0.030,0.602,0.368
230500,0.030,0.745,0.225
231000,0.030,0.799,0.171
231500,0.030,0.598,0.372
232000,0.030,0.728,0.242
232500,0.030,0.714,0.256
233000,0.030,0.782,0.188
233500,0.030,0.749,0.221
234000,0.030,0.674,0.296
234500,0.030,0.680,0.290
235000,0.030,0.723,0.247
235500,0.030,0.819,0.151
236000,0.030,0.748,0.222
236500,0.030,0.809,0.161
237000,0.030,0.611,0.359
237500,0.030,0.772,0.198
238000,0.030,0.741,0.229
238500,0.030,0.782,0.188
239000,0.030,0.705,0.265
239500,0.030,0.690,0.280
240000,0.030,0.703,0.267
240500,0.030,0.649,0.321
241000,0.030,0.732,0.238
241500,0.030,0.765,0.205
242000,0.030,0.666,0.304
242500,0.030,0.616,0.354
243000,0.030,0.664,0.306
243500,0.030,0.728,0.242
244000,0.030,0.772,0.198
244500,0.030,0.676,0.294
245000,0.030,0.853,0.117
245500,0.030,0.644,0.326
246000,0.030,0.671,0.299
246500,0.030,0.815,0.155
247000,0.030,0.501,0.469
247500,0.030,0.775,0.195
248000,0.030,0.693,0.277
248500,0.030,0.744,0.226
249000,0.030,0.677,0.293
249500,0.030,0.793,0.177
250000,0.030,0.739,0.231
250500,0.030,0.804,0.166
251000,0.030,0.572,0.398
251500,0.030,0.766,0.204
252000,0.030,0.668,0.302
252500,0.030,0.746,0.224
253000,0.030,0.668,0.302
253500,0.030,0.830,0.140
254000,0.030,0.762,0.208
254500,0.030,0.644,0.326
255000,0.030,0.707,0.263
255500,0.030,0.754,0.216
256000,0.030,0.724,0.246
256500,0.030,0.777,0.193
257000,0.030,0.724,0.246
257500,0.030,0.776,0.194
258000,0.030,0.587,0.383
258500,0.030,0.693,0.277
259000,0.030,0.671,0.299
259500,0.030,0.632,0.338
260000,0.030,0.860,0.110
260500,0.030,0.600,0.370
261000,0.030,0.651,0.319
261500,0.030,0.611,0.359
262000,0.030,0.780,0.190
262500,0.030,0.826,0.144
263000,0.030,0.672,0.298
263500,0.030,0.741,0.229
264000,0.030,0.688,0.282
264500,0.030,0.871,0.099
265000,0.030,0.728,0.242
265500,0.030,0.726,0.244
266000,0.030,0.626,0.344
266500,0.030,0.776,0.194
267000,0.030,0.698,0.272
267500,0.030,0.681,0.289
268000,0.030,0.760,0.210
268500,0.030,0.585,0.385
269000,0.030,0.697,0.273
269500,0.030,0.762,0.208
270000,0.030,0.849,0.121
270500,0.030,0.681,0.289
271000,0.030,0.709,0.261
271500,0.030,0.694,0.276
272000,0.030,0.649,0.321
272500,0.030,0.670,0.300
273000,0.030,0.724,0.246
273500,0.030,0.823,0.147
274000,0.030,0.760,0.210
274500,0.030,0.744,0.226
275000,0.030,0.659,0.311
275500,0.030,0.557,0.413
276000,0.030,0.772,0.198
276500,0.030,0.671,0.299
277000,0.030,0.851,0.119
277500,0.030,0.685,0.285
278000,0.030,0.598,0.372
278500,0.030,0.851,0.119
279000,0.030,0.761,0.209
279500,0.030,0.617,0.353
280000,0.030,0.808,0.162
280500,0.030,0.677,0.293
281000,0.030,0.699,0.271
281500,0.030,0.719,0.251
282000,0.030,0.610,0.360
282500,0.030,0.723,0.247
283000,0.030,0.701,0.269
283500,0.030,0.539,0.431
284000,0.030,0.778,0.192
284500,0.030,0.770,0.200
285000,0.030,0.736,0.234
285500,0.030,0.749,0.221
286000,0.030,0.604,0.366
286500,0.030,0.839,0.131
287000,0.030,0.770,0.200
287500,0.030,0.679,0.291
288000,0.030,0.689,0.281
288500,0.030,0.620,0.350
289000,0.030,0.744,0.226
289500,0.030,0.769,0.201
290000,0.030,0.636,0.334
290500,0.030,0.488,0.482
291000,0.030,0.889,0.081
291500,0.030,0.671,0.299
292000,0.030,0.865,0.105
292500,0.030,0.544,0.426
293000,0.030,0.668,0.302
293500,0.030,0.539,0.431
294000,0.030,0.789,0.181
294500,0.030,0.716,0.254
295000,0.030,0.858,0.112
295500,0.030,0.633,0.337
296000,0.030,0.697,0.273
296500,0.030,0.626,0.344
297000,0.030,0.624,0.346
297500,0.030,0.521,0.449
298000,0.030,0.512,0.458
298500,0.030,0.604,0.366
299000,0.030,0.759,0.211
299500,0.030,0.780,0.190
300000,0.030,0.624,0.346
300500,0.030,0.657,0.313
301000,0.030,0.779,0.191
301500,0.030,0.665,0.305
302000,0.030,0.699,0.271
302500,0.030,0.481,0.489
303000,0.030,0.766,0.204
303500,0.030,0.581,0.389
304000,0.030,0.771,0.199
304500,0.030,0.839,0.131
305000,0.030,0.720,0.250
305500,0.030,0.744,0.226
306000,0.030,0.731,0.239
306500,0.030,0.468,0.502
307000,0.030,0.661,0.309
307500,0.030,0.757,0.213
308000,0.030,0.751,0.219
308500,0.030,0.702,0.268
309000,0.030,0.697,0.273
309500,0.030,0.770,0.200
310000,0.030,0.793,0.177
310500,0.030,0.795,0.175
311000,0.030,0.740,0.230
311500,0.030,0.882,0.088
312000,0.030,0.795,0.175
312500,0.030,0.704,0.266
313000,0.030,0.696,0.274
313500,0.030,0.691,0.279
314000,0.030,0.791,0.179
314500,0.030,0.785,0.185
315000,0.030,0.713,0.257
315500,0.030,0.600,0.370
316000,0.030,0.754,0.216
316500,0.030,0.796,0.174
317000,0.030,0.649,0.321
317500,0.030,0.624,0.346
318000,0.030,0.662,0.308
318500,0.030,0.676,0.294
319000,0.030,0.737,0.233
319500,0.030,0.643,0.327
320000,0.030,0.643,0.327
320500,0.030,0.607,0.363
321000,0.030,0.697,0.273
321500,0.030,0.705,0.265
322000,0.030,0.738,0.232
322500,0.030,0.626,0.344
323000,0.030,0.551,0.419
323500,0.030,0.698,0.272
324000,0.030,0.655,0.315
324500,0.030,0.715,0.255
325000,0.030,0.691,0.279
325500,0.030,0.837,0.133
326000,0.030,0.591,0.379
326500,0.030,0.641,0.329
327000,0.030,0.769,0.201
327500,0.030,0.834,0.136
328000,0.030,0.723,0.247
328500,0.030,0.725,0.245
329000,0.030,0.822,0.148
329500,0.030,0.673,0.297
330000,0.030,0.651,0.319
330500,0.030,0.720,0.250
331000,0.030,0.713,0.257
331500,0.030,0.711,0.259
332000,0.030,0.679,0.291
332500,0.030,0.662,0.308
333000,0.030,0.629,0.341
333500,0.030,0.647,0.323
334000,0.030,0.720,0.250
334500,0.030,0.595,0.375
335000,0.030,0.637,0.333
335500,0.030,0.721,0.249
336000,0.030,0.706,0.264
336500,0.030,0.692,0.278
337000,0.030,0.720,0.250
337500,0.030,0.750,0.220
338000,0.030,0.617,0.353
338500,0.030,0.658,0.312
339000,0.030,0.770,0.200
339500,0.030,0.710,0.260
340000,0.030,0.750,0.220
340500,0.030,0.693,0.277
341000,0.030,0.748,0.222
341500,0.030,0.616,0.354
342000,0.030,0.603,0.367
342500,0.030,0.769,0.201
343000,0.030,0.863,0.107
343500,0.030,0.849,0.121
344000,0.030,0.845,0.125
344500,0.030,0.733,0.237
345000,0.030,0.791,0.179
345500,0.030,0.725,0.245
346000,0.030,0.808,0.162
346500,0.030,0.732,0.238
347000,0.030,0.761,0.209
347500,0.030,0.585,0.385
348000,0.030,0.650,0.320
348500,0.030,0.761,0.209
349000,0.030,0.666,0.304
349500,0.030,0.756,0.214
350000,0.030,0.660,0.310
350500,0.030,0.681,0.289
351000,0.030,0.834,0.136
351500,0.030,0.610,0.360
352000,0.030,0.636,0.334
352500,0.030,0.767,0.203
353000,0.030,0.804,0.166
353500,0.030,0.624,0.346
354000,0.030,0.480,0.490
354500,0.030,0.664,0.306
355000,0.030,0.677,0.293
355500,0.030,0.798,0.172
356000,0.030,0.860,0.110
356500,0.030,0.812,0.158
357000,0.030,0.808,0.162
357500,0.030,0.726,0.244
358000,0.030,0.622,0.348
358500,0.030,0.660,0.310
359000,0.030,0.700,0.270
359500,0.030,0.692,0.278
360000,0.030,0.698,0.272
360500,0.030,0.725,0.245
361000,0.030,0.809,0.161
361500,0.030,0.755,0.215
362000,0.030,0.793,0.177
362500,0.030,0.761,0.209
363000,0.030,0.702,0.268
363500,0.030,0.780,0.190
364000,0.030,0.860,0.110
364500,0.030,0.774,0.196
365000,0.030,0.664,0.306
365500,0.030,0.702,0.268
366000,0.030,0.762,0.208
366500,0.030,0.631,0.339
367000,0.030,0.783,0.187
367500,0.030,0.755,0.215
368000,0.030,0.731,0.239
368500,0.030,0.737,0.233
369000,0.030,0.641,0.329
369500,0.030,0.732,0.238
370000,0.030,0.795,0.175
370500,0.030,0.699,0.271
371000,0.030,0.641,0.329
371500,0.030,0.713,0.257
372000,0.030,0.656,0.314
372500,0.030,0.791,0.179
373000,0.030,0.738,0.232
373500,0.030,0.800,0.170
374000,0.030,0.818,0.152
374500,0.030,0.762,0.208
375000,0.030,0.623,0.347
375500,0.030,0.736,0.234
376000,0.030,0.706,0.264
376500,0.030,0.810,0.160
377000,0.030,0.785,0.185
377500,0.030,0.735,0.235
378000,0.030,0.700,0.270
378500,0.030,0.733,0.237
379000,0.030,0.625,0.345
379500,0.030,0.635,0.335
380000,0.030,0.667,0.303
380500,0.030,0.685,0.285
381000,0.030,0.759,0.211
381500,0.030,0.638,0.332
382000,0.030,0.611,0.359
382500,0.030,0.580,0.390
383000,0.030,0.757,0.213
383500,0.030,0.850,0.120
384000,0.030,0.697,0.273
384500,0.030,0.792,0.178
385000,0.030,0.682,0.288
385500,0.030,0.644,0.326
386000,0.030,0.638,0.332
386500,0.030,0.641,0.329
387000,0.030,0.666,0.304
387500,0.030,0.698,0.272
388000,0.030,0.826,0.144
388500,0.030,0.665,0.305
389000,0.030,0.749,0.221
389500,0.030,0.645,0.325
390000,0.030,0.632,0.338
390500,0.030,0.760,0.210
391000,0.030,0.752,0.218
391500,0.030,0.665,0.305
392000,0.030,0.830,0.140
392500,0.030,0.624,0.346
393000,0.030,0.504,0.466
393500,0.030,0.674,0.296
394000,0.030,0.735,0.235
394500,0.030,0.720,0.250
395000,0.030,0.725,0.245
395500,0.030,0.602,0.368
396000,0.030,0.701,0.269
396500,0.030,0.718,0.252
397000,0.030,0.711,0.259
397500,0.030,0.640,0.330
398000,0.030,0.625,0.345
398500,0.030,0.778,0.192
399000,0.030,0.713,0.257
399500,0.030,0.697,0.273
400000,0.030,0.658,0.312
400500,0.030,0.692,0.278
401000,0.030,0.751,0.219
401500,0.030,0.747,0.223
402000,0.030,0.781,0.189
402500,0.030,0.750,0.220
403000,0.030,0.767,0.203
403500,0.030,0.657,0.313
404000,0.030,0.721,0.249
404500,0.030,0.748,0.222
405000,0.030,0.687,0.283
405500,0.030,0.789,0.181
406000,0.030,0.760,0.210
406500,0.030,0.785,0.185
407000,0.030,0.680,0.290
407500,0.030,0.844,0.126
408000,0.030,0.801,0.169
408500,0.030,0.687,0.283
409000,0.030,0.698,0.272
409500,0.030,0.634,0.336
410000,0.030,0.740,0.230
410500,0.030,0.724,0.246
411000,0.030,0.783,0.187
411500,0.030,0.823,0.147
412000,0.030,0.809,0.161
412500,0.030,0.673,0.297
413000,0.030,0.782,0.188
413500,0.030,0.655,0.315
414000,0.030,0.788,0.182
414500,0.030,0.670,0.300
415000,0.030,0.662,0.308
415500,0.030,0.738,0.232
416000,0.030,0.560,0.410
416500,0.030,0.655,0.315
417000,0.030,0.776,0.194
417500,0.030,0.666,0.304
418000,0.030,0.733,0.237
418500,0.030,0.750,0.220
419000,0.030,0.616,0.354
419500,0.030,0.645,0.325
420000,0.030,0.746,0.224
420500,0.030,0.668,0.302
421000,0.030,0.648,0.322
421500,0.030,0.792,0.178
422000,0.030,0.767,0.203
422500,0.030,0.666,0.304
423000,0.030,0.748,0.222
423500,0.030,0.723,0.247
424000,0.030,0.789,0.181
424500,0.030,0.753,0.217
425000,0.030,0.780,0.190
425500,0.030,0.714,0.256
426000,0.030,0.507,0.463
426500,0.030,0.721,0.249
427000,0.030,0.696,0.274
427500,0.030,0.703,0.267
428000,0.030,0.825,0.145
428500,0.030,0.794,0.176
429000,0.030,0.733,0.237
429500,0.030,0.772,0.198
430000,0.030,0.840,0.130
430500,0.030,0.628,0.342
431000,0.030,0.630,0.340
431500,0.030,0.576,0.394
432000,0.030,0.777,0.193
432500,0.030,0.475,0.495
433000,0.030,0.703,0.267
433500,0.030,0.720,0.250
434000,0.030,0.757,0.213
434500,0.030,0.687,0.283
435000,0.030,0.766,0.204
435500,0.030,0.685,0.285
436000,0.030,0.676,0.294
436500,0.030,0.750,0.220
437000,0.030,0.856,0.114
437500,0.030,0.858,0.112
438000,0.030,0.783,0.187
438500,0.030,0.616,0.354
439000,0.030,0.492,0.478
439500,0.030,0.567,0.403
440000,0.030,0.526,0.444
440500,0.030,0.605,0.365
441000,0.030,0.627,0.343
441500,0.030,0.658,0.312
442000,0.030,0.495,0.475
442500,0.030,0.603,0.367
443000,0.030,0.727,0.243
443500,0.030,0.523,0.447
444000,0.030,0.542,0.428
444500,0.030,0.676,0.294
445000,0.030,0.811,0.159
445500,0.030,0.562,0.408
446000,0.030,0.719,0.251
446500,0.030,0.667,0.303
447000,0.030,0.564,0.406
447500,0.030,0.724,0.246
448000,0.030,0.827,0.143
448500,0.030,0.736,0.234
449000,0.030,0.747,0.223
449500,0.030,0.583,0.387
450000,0.030,0.750,0.220
450500,0.030,0.646,0.324
451000,0.030,0.610,0.360
451500,0.030,0.779,0.191
452000,0.030,0.794,0.176
452500,0.030,0.631,0.339
453000,0.030,0.755,0.215
453500,0.030,0.734,0.236
454000,0.030,0.670,0.300
454500,0.030,0.610,0.360
455000,0.030,0.713,0.257
455500,0.030,0.756,0.214
456000,0.030,0.769,0.201
456500,0.030,0.878,0.092
457000,0.030,0.868,0.102
457500,0.030,0.626,0.344
458000,0.030,0.619,0.351
458500,0.030,0.719,0.251
459000,0.030,0.607,0.363
459500,0.030,0.729,0.241
460000,0.030,0.771,0.199
460500,0.030,0.722,0.248
461000,0.030,0.690,0.280
461500,0.030,0.495,0.475
462000,0.030,0.793,0.177
462500,0.030,0.712,0.258
463000,0.030,0.759,0.211
463500,0.030,0.562,0.408
464000,0.030,0.724,0.246
464500,0.030,0.726,0.244
465000,0.030,0.733,0.237
465500,0.030,0.689,0.281
466000,0.030,0.839,0.131
466500,0.030,0.830,0.140
467000,0.030,0.810,0.160
467500,0.030,0.731,0.239
468000,0.030,0.774,0.196
468500,0.030,0.753,0.217
469000,0.030,0.675,0.295
469500,0.030,0.666,0.304
470000,0.030,0.631,0.339
470500,0.030,0.664,0.306
471000,0.030,0.762,0.208
471500,0.030,0.808,0.162
472000,0.030,0.601,0.369
472500,0.030,0.758,0.212
473000,0.030,0.772,0.198
473500,0.030,0.659,0.311
474000,0.030,0.709,0.261
474500,0.030,0.695,0.275
475000,0.030,0.745,0.225
475500,0.030,0.509,0.461
476000,0.030,0.625,0.345
476500,0.030,0.801,0.169
477000,0.030,0.610,0.360
477500,0.030,0.643,0.327
478000,0.030,0.647,0.323
478500,0.030,0.763,0.207
479000,0.030,0.651,0.319
479500,0.030,0.777,0.193
480000,0.030,0.587,0.383
480500,0.030,0.686,0.284
481000,0.030,0.709,0.261
481500,0.030,0.743,0.227
482000,0.030,0.684,0.286
482500,0.030,0.610,0.360
483000,0.030,0.708,0.262
483500,0.030,0.684,0.286
484000,0.030,0.706,0.264
484500,0.030,0.892,0.078
485000,0.030,0.653,0.317
485500,0.030,0.854,0.116
486000,0.030,0.702,0.268
486500,0.030,0.793,0.177
487000,0.030,0.595,0.375
487500,0.030,0.850,0.120
488000,0.030,0.728,0.242
488500,0.030,0.781,0.189
489000,0.030,0.716,0.254
489500,0.030,0.606,0.364
490000,0.030,0.511,0.459
490500,0.030,0.753,0.217
491000,0.030,0.677,0.293
491500,0.030,0.626,0.344
492000,0.030,0.769,0.201
492500,0.030,0.709,0.261
493000,0.030,0.588,0.382
493500,0.030,0.676,0.294
494000,0.030,0.643,0.327
494500,0.030,0.663,0.307
495000,0.030,0.701,0.269
495500,0.030,0.501,0.469
496000,0.030,0.831,0.139
496500,0.030,0.657,0.313
497000,0.030,0.754,0.216
497500,0.030,0.719,0.251
498000,0.030,0.697,0.273
498500,0.030,0.748,0.222
499000,0.030,0.656,0.314
499500,0.030,0.696,0.274
500000,0.030,0.745,0.225
500500,0.030,0.600,0.370
501000,0.030,0.534,0.436
501500,0.030,0.695,0.275
502000,0.030,0.645,0.325
502500,0.030,0.736,0.234
503000,0.030,0.779,0.191
503500,0.030,0.688,0.282
504000,0.030,0.725,0.245
504500,0.030,0.726,0.244
505000,0.030,0.713,0.257
505500,0.030,0.702,0.268
506000,0.030,0.536,0.434
506500,0.030,0.661,0.309
507000,0.030,0.723,0.247
507500,0.030,0.720,0.250
508000,0.030,0.661,0.309
508500,0.030,0.539,0.431
509000,0.030,0.718,0.252
509500,0.030,0.631,0.339
510000,0.030,0.757,0.213
510500,0.030,0.781,0.189
511000,0.030,0.762,0.208
511500,0.030,0.710,0.260
512000,0.030,0.612,0.358
512500,0.030,0.783,0.187
513000,0.030,0.435,0.535
513500,0.030,0.708,0.262
514000,0.030,0.695,0.275
514500,0.030,0.710,0.260
515000,0.030,0.811,0.159
515500,0.030,0.637,0.333
516000,0.030,0.828,0.142
516500,0.030,0.791,0.179
517000,0.030,0.826,0.144
517500,0.030,0.570,0.400
518000,0.030,0.588,0.382
518500,0.030,0.754,0.216
519000,0.030,0.702,0.268
519500,0.030,0.708,0.262
520000,0.030,0.484,0.486
520500,0.030,0.695,0.275
521000,0.030,0.668,0.302
521500,0.030,0.673,0.297
522000,0.030,0.704,0.266
522500,0.030,0.738,0.232
523000,0.030,0.739,0.231
523500,0.030,0.594,0.376
524000,0.030,0.668,0.302
524500,0.030,0.637,0.333
525000,0.030,0.613,0.357
525500,0.030,0.824,0.146
526000,0.030,0.869,0.101
526500,0.030,0.720,0.250
527000,0.030,0.669,0.301
527500,0.030,0.726,0.244
528000,0.030,0.783,0.187
528500,0.030,0.618,0.352
529000,0.030,0.775,0.195
529500,0.030,0.796,0.174
530000,0.030,0.805,0.165
530500,0.030,0.719,0.251
531000,0.030,0.686,0.284
531500,0.030,0.800,0.170
532000,0.030,0.711,0.259
532500,0.030,0.870,0.100
533000,0.030,0.791,0.179
533500,0.030,0.791,0.179
534000,0.030,0.671,0.299
534500,0.030,0.879,0.091
535000,0.030,0.842,0.128
535500,0.030,0.804,0.166
536000,0.030,0.606,0.364
536500,0.030,0.573,0.397
537000,0.030,0.778,0.192
537500,0.030,0.737,0.233
538000,0.030,0.727,0.243
538500,0.030,0.761,0.209
539000,0.030,0.752,0.218
539500,0.030,0.724,0.246
540000,0.030,0.708,0.262
540500,0.030,0.717,0.253
541000,0.030,0.665,0.305
541500,0.030,0.717,0.253
542000,0.030,0.695,0.275
542500,0.030,0.740,0.230
543000,0.030,0.785,0.185
543500,0.030,0.794,0.176
544000,0.030,0.723,0.247
544500,0.030,0.810,0.160
545000,0.030,0.689,0.281
545500,0.030,0.798,0.172
546000,0.030,0.817,0.153
546500,0.030,0.816,0.154
547000,0.030,0.689,0.281
547500,0.030,0.861,0.109
548000,0.030,0.708,0.262
548500,0.030,0.844,0.126
549000,0.030,0.584,0.386
549500,0.030,0.648,0.322
550000,0.030,0.876,0.094
550500,0.030,0.779,0.191
551000,0.030,0.729,0.241
551500,0.030,0.834,0.136
552000,0.030,0.860,0.110
552500,0.030,0.725,0.245
553000,0.030,0.721,0.249
553500,0.030,0.750,0.220
554000,0.030,0.825,0.145
554500,0.030,0.763,0.207
555000,0.030,0.654,0.316
555500,0.030,0.614,0.356
556000,0.030,0.684,0.286
556500,0.030,0.847,0.123
557000,0.030,0.755,0.215
557500,0.030,0.756,0.214
558000,0.030,0.481,0.489
558500,0.030,0.749,0.221
559000,0.030,0.772,0.198
559500,0.030,0.606,0.364
560000,0.030,0.625,0.345
560500,0.030,0.680,0.290
561000,0.030,0.715,0.255
561500,0.030,0.731,0.239
562000,0.030,0.711,0.259
562500,0.030,0.674,0.296
563000,0.030,0.791,0.179
563500,0.030,0.766,0.204
564000,0.030,0.710,0.260
564500,0.030,0.681,0.289
565000,0.030,0.692,0.278
565500,0.030,0.677,0.293
566000,0.030,0.727,0.243
566500,0.030,0.610,0.360
567000,0.030,0.602,0.368
567500,0.030,0.727,0.243
568000,0.030,0.791,0.179
568500,0.030,0.712,0.258
569000,0.030,0.682,0.288
569500,0.030,0.680,0.290
570000,0.030,0.700,0.270
570500,0.030,0.733,0.237
571000,0.030,0.775,0.195
571500,0.030,0.712,0.258
572000,0.030,0.555,0.415
572500,0.030,0.666,0.304
573000,0.030,0.671,0.299
573500,0.030,0.568,0.402
574000,0.030,0.701,0.269
574500,0.030,0.836,0.134
575000,0.030,0.698,0.272
575500,0.030,0.719,0.251
576000,0.030,0.698,0.272
576500,0.030,0.702,0.268
577000,0.030,0.659,0.311
577500,0.030,0.604,0.366
578000,0.030,0.590,0.380
578500,0.030,0.799,0.171
579000,0.030,0.619,0.351
579500,0.030,0.777,0.193
580000,0.030,0.596,0.374
580500,0.030,0.598,0.372
581000,0.030,0.631,0.339
581500,0.030,0.840,0.130
582000,0.030,0.776,0.194
582500,0.030,0.700,0.270
583000,0.030,0.608,0.362
583500,0.030,0.820,0.150
584000,0.030,0.673,0.297
584500,0.030,0.696,0.274
585000,0.030,0.676,0.294
585500,0.030,0.708,0.262
586000,0.030,0.638,0.332
586500,0.030,0.754,0.216
587000,0.030,0.788,0.182
587500,0.030,0.731,0.239
588000,0.030,0.650,0.320
588500,0.030,0.683,0.287
589000,0.030,0.716,0.254
589500,0.030,0.785,0.185
590000,0.030,0.655,0.315
590500,0.030,0.641,0.329
591000,0.030,0.691,0.279
591500,0.030,0.680,0.290
592000,0.030,0.555,0.415
592500,0.030,0.840,0.130
593000,0.030,0.668,0.302
593500,0.030,0.620,0.350
594000,0.030,0.758,0.212
594500,0.030,0.777,0.193
595000,0.030,0.812,0.158
595500,0.030,0.645,0.325
596000,0.030,0.691,0.279
596500,0.030,0.739,0.231
597000,0.030,0.701,0.269
597500,0.030,0.686,0.284
598000,0.030,0.595,0.375
598500,0.030,0.450,0.520
599000,0.030,0.612,0.358
599500,0.030,0.689,0.281
600000,0.030,0.725,0.245
600500,0.030,0.832,0.138
601000,0.030,0.826,0.144
601500,0.030,0.574,0.396
602000,0.030,0.535,0.435
602500,0.030,0.723,0.247
603000,0.030,0.531,0.439
603500,0.030,0.498,0.472
604000,0.030,0.690,0.280
604500,0.030,0.596,0.374
605000,0.030,0.625,0.345
605500,0.030,0.871,0.099
606000,0.030,0.766,0.204
606500,0.030,0.833,0.137
607000,0.030,0.914,0.056
607500,0.030,0.743,0.227
608000,0.030,0.684,0.286
608500,0.030,0.793,0.177
609000,0.030,0.766,0.204
609500,0.030,0.762,0.208
610000,0.030,0.568,0.402
610500,0.030,0.677,0.293
611000,0.030,0.753,0.217
611500,0.030,0.807,0.163
612000,0.030,0.732,0.238
612500,0.030,0.668,0.302
613000,0.030,0.658,0.312
613500,0.030,0.738,0.232
614000,0.030,0.556,0.414
614500,0.030,0.577,0.393
615000,0.030,0.667,0.303
615500,0.030,0.726,0.244
616000,0.030,0.806,0.164
616500,0.030,0.740,0.230
617000,0.030,0.587,0.383
617500,0.030,0.794,0.176
618000,0.030,0.574,0.396
618500,0.030,0.795,0.175
619000,0.030,0.845,0.125
619500,0.030,0.615,0.355
620000,0.030,0.757,0.213
620500,0.030,0.711,0.259
621000,0.030,0.697,0.273
621500,0.030,0.793,0.177
622000,0.030,0.714,0.256
622500,0.030,0.761,0.209
623000,0.030,0.617,0.353
623500,0.030,0.783,0.187
624000,0.030,0.715,0.255
624500,0.030,0.607,0.363
625000,0.030,0.703,0.267
625500,0.030,0.739,0.231
626000,0.030,0.816,0.154
626500,0.030,0.688,0.282
627000,0.030,0.746,0.224
627500,0.030,0.642,0.328
628000,0.030,0.734,0.236
628500,0.030,0.754,0.216
629000,0.030,0.909,0.061
629500,0.030,0.736,0.234
630000,0.030,0.665,0.305
630500,0.030,0.614,0.356
631000,0.030,0.501,0.469
631500,0.030,0.697,0.273
632000,0.030,0.701,0.269
632500,0.030,0.574,0.396
633000,0.030,0.915,0.055
633500,0.030,0.842,0.128
634000,0.030,0.668,0.302
634500,0.030,0.700,0.270
635000,0.030,0.609,0.361
635500,0.030,0.752,0.218
636000,0.030,0.684,0.286
636500,0.030,0.754,0.216
637000,0.030,0.667,0.303
637500,0.030,0.653,0.317
638000,0.030,0.679,0.291
638500,0.030,0.829,0.141
639000,0.030,0.691,0.279
639500,0.030,0.806,0.164
640000,0.030,0.696,0.274
640500,0.030,0.706,0.264
641000,0.030,0.686,0.284
641500,0.030,0.675,0.295
642000,0.030,0.821,0.149
642500,0.030,0.709,0.261
643000,0.030,0.680,0.290
643500,0.030,0.746,0.224
644000,0.030,0.744,0.226
644500,0.030,0.743,0.227
645000,0.030,0.758,0.212
645500,0.030,0.665,0.305
646000,0.030,0.635,0.335
646500,0.030,0.745,0.225
647000,0.030,0.632,0.338
647500,0.030,0.705,0.265
648000,0.030,0.607,0.363
648500,0.030,0.729,0.241
649000,0.030,0.681,0.289
649500,0.030,0.588,0.382
650000,0.030,0.712,0.258
650500,0.030,0.874,0.096
651000,0.030,0.840,0.130
651500,0.030,0.878,0.092
652000,0.030,0.817,0.153
652500,0.030,0.848,0.122
653000,0.030,0.649,0.321
653500,0.030,0.695,0.275
654000,0.030,0.798,0.172
654500,0.030,0.734,0.236
655000,0.030,0.732,0.238
655500,0.030,0.534,0.436
656000,0.030,0.642,0.328
656500,0.030,0.749,0.221
657000,0.030,0.736,0.234
657500,0.030,0.800,0.170
658000,0.030,0.875,0.095
658500,0.030,0.765,0.205
659000,0.030,0.884,0.086
659500,0.030,0.805,0.165
660000,0.030,0.760,0.210
660500,0.030,0.791,0.179
661000,0.030,0.561,0.409
661500,0.030,0.674,0.296
662000,0.030,0.659,0.311
662500,0.030,0.722,0.248
663000,0.030,0.714,0.256
663500,0.030,0.817,0.153
664000,0.030,0.765,0.205
664500,0.030,0.728,0.242
665000,0.030,0.813,0.157
665500,0.030,0.689,0.281
666000,0.030,0.604,0.366
666500,0.030,0.651,0.319
667000,0.030,0.502,0.468
667500,0.030,0.819,0.151
668000,0.030,0.846,0.124
668500,0.030,0.660,0.310
669000,0.030,0.621,0.349
669500,0.030,0.624,0.346
670000,0.030,0.753,0.217
670500,0.030,0.722,0.248
671000,0.030,0.778,0.192
671500,0.030,0.715,0.255
672000,0.030,0.657,0.313
672500,0.030,0.762,0.208
673000,0.030,0.698,0.272
673500,0.030,0.818,0.152
674000,0.030,0.853,0.117
674500,0.030,0.722,0.248
675000,0.030,0.768,0.202
675500,0.030,0.754,0.216
676000,0.030,0.827,0.143
676500,0.030,0.685,0.285
677000,0.030,0.756,0.214
677500,0.030,0.809,0.161
678000,0.030,0.829,0.141
678500,0.030,0.533,0.437
679000,0.030,0.624,0.346
679500,0.030,0.708,0.262
680000,0.030,0.663,0.307
680500,0.030,0.648,0.322
681000,0.030,0.676,0.294
681500,0.030,0.654,0.316
682000,0.030,0.483,0.487
682500,0.030,0.724,0.246
683000,0.030,0.527,0.443
683500,0.030,0.680,0.290
684000,0.030,0.770,0.200
684500,0.030,0.643,0.327
685000,0.030,0.692,0.278
685500,0.030,0.722,0.248
686000,0.030,0.727,0.243
686500,0.030,0.706,0.264
687000,0.030,0.719,0.251
687500,0.030,0.718,0.252
688000,0.030,0.793,0.177
688500,0.030,0.700,0.270
689000,0.030,0.784,0.186
689500,0.030,0.666,0.304
690000,0.030,0.823,0.147
690500,0.030,0.746,0.224
691000,0.030,0.629,0.341
691500,0.030,0.652,0.318
692000,0.030,0.739,0.231
692500,0.030,0.832,0.138
693000,0.030,0.693,0.277
693500,0.030,0.804,0.166
694000,0.030,0.826,0.144
694500,0.030,0.768,0.202
695000,0.030,0.716,0.254
695500,0.030,0.801,0.169
696000,0.030,0.798,0.172
696500,0.030,0.752,0.218
697000,0.030,0.596,0.374
697500,0.030,0.721,0.249
698000,0.030,0.814,0.156
698500,0.030,0.600,0.370
699000,0.030,0.648,0.322
699500,0.030,0.723,0.247
700000,0.030,0.692,0.278
700500,0.030,0.671,0.299
701000,0.030,0.639,0.331
701500,0.030,0.628,0.342
702000,0.030,0.685,0.285
702500,0.030,0.658,0.312
703000,0.030,0.771,0.199
703500,0.030,0.679,0.291
704000,0.030,0.621,0.349
704500,0.030,0.793,0.177
705000,0.030,0.870,0.100
705500,0.030,0.616,0.354
706000,0.030,0.571,0.399
706500,0.030,0.753,0.217
707000,0.030,0.654,0.316
707500,0.030,0.598,0.372
708000,0.030,0.589,0.381
708500,0.030,0.596,0.374
709000,0.030,0.555,0.415
709500,0.030,0.750,0.220
710000,0.030,0.701,0.269
710500,0.030,0.839,0.131
711000,0.030,0.622,0.348
711500,0.030,0.784,0.186
712000,0.030,0.692,0.278
712500,0.030,0.641,0.329
713000,0.030,0.702,0.268
713500,0.030,0.646,0.324
714000,0.030,0.875,0.095
714500,0.030,0.715,0.255
715000,0.030,0.760,0.210
715500,0.030,0.744,0.226
716000,0.030,0.865,0.105
716500,0.030,0.726,0.244
717000,0.030,0.724,0.246
717500,0.030,0.586,0.384
718000,0.030,0.537,0.433
718500,0.030,0.624,0.346
719000,0.030,0.763,0.207
719500,0.030,0.755,0.215
720000,0.030,0.612,0.358
720500,0.030,0.667,0.303
721000,0.030,0.649,0.321
721500,0.030,0.586,0.384
722000,0.030,0.805,0.165
722500,0.030,0.849,0.121
723000,0.030,0.939,0.031
723500,0.030,0.634,0.336
724000,0.030,0.675,0.295
724500,0.030,0.731,0.239
725000,0.030,0.709,0.261
725500,0.030,0.710,0.260
726000,0.030,0.809,0.161
726500,0.030,0.674,0.296
727000,0.030,0.748,0.222
727500,0.030,0.685,0.285
728000,0.030,0.725,0.245
728500,0.030,0.761,0.209
729000,0.030,0.754,0.216
729500,0.030,0.782,0.188
730000,0.030,0.815,0.155
730500,0.030,0.813,0.157
731000,0.030,0.643,0.327
731500,0.030,0.720,0.250
732000,0.030,0.713,0.257
732500,0.030,0.674,0.296
733000,0.030,0.750,0.220
733500,0.030,0.761,0.209
734000,0.030,0.827,0.143
734500,0.030,0.750,0.220
735000,0.030,0.716,0.254
735500,0.030,0.694,0.276
736000,0.030,0.601,0.369
736500,0.030,0.715,0.255
737000,0.030,0.540,0.430
737500,0.030,0.730,0.240
738000,0.030,0.614,0.356
738500,0.030,0.813,0.157
739000,0.030,0.755,0.215
739500,0.030,0.596,0.374
740000,0.030,0.694,0.276
740500,0.030,0.686,0.284
741000,0.030,0.668,0.302
741500,0.030,0.815,0.155
742000,0.030,0.738,0.232
742500,0.030,0.678,0.292
743000,0.030,0.791,0.179
743500,0.030,0.775,0.195
744000,0.030,0.694,0.276
744500,0.030,0.714,0.256
745000,0.030,0.740,0.230
745500,0.030,0.652,0.318
746000,0.030,0.746,0.224
746500,0.030,0.786,0.184
747000,0.030,0.822,0.148
747500,0.030,0.716,0.254
748000,0.030,0.693,0.277
748500,0.030,0.743,0.227
749000,0.030,0.711,0.259
749500,0.030,0.694,0.276
750000,0.030,0.814,0.156
750500,0.030,0.724,0.246
751000,0.030,0.632,0.338
751500,0.030,0.665,0.305
752000,0.030,0.795,0.175
752500,0.030,0.783,0.187
753000,0.030,0.823,0.147
753500,0.030,0.461,0.509
754000,0.030,0.719,0.251
754500,0.030,0.791,0.179
755000,0.030,0.725,0.245
755500,0.030,0.646,0.324
756000,0.030,0.682,0.288
756500,0.030,0.764,0.206
757000,0.030,0.681,0.289
757500,0.030,0.813,0.157
758000,0.030,0.721,0.249
758500,0.030,0.683,0.287
759000,0.030,0.706,0.264
759500,0.030,0.737,0.233
760000,0.030,0.647,0.323
760500,0.030,0.738,0.232
761000,0.030,0.663,0.307
761500,0.030,0.680,0.290
762000,0.030,0.743,0.227
762500,0.030,0.679,0.291
763000,0.030,0.652,0.318
763500,0.030,0.753,0.217
764000,0.030,0.744,0.226
764500,0.030,0.660,0.310
765000,0.030,0.796,0.174
765500,0.030,0.810,0.160
766000,0.030,0.757,0.213
766500,0.030,0.556,0.414
767000,0.030,0.702,0.268
767500,0.030,0.605,0.365
768000,0.030,0.761,0.209
768500,0.030,0.776,0.194
769000,0.030,0.657,0.313
769500,0.030,0.733,0.237
770000,0.030,0.764,0.206
770500,0.030,0.866,0.104
771000,0.030,0.705,0.265
771500,0.030,0.819,0.151
772000,0.030,0.658,0.312
772500,0.030,0.739,0.231
773000,0.030,0.750,0.220
773500,0.030,0.710,0.260
774000,0.030,0.718,0.252
774500,0.030,0.741,0.229
775000,0.030,0.803,0.167
775500,0.030,0.737,0.233
776000,0.030,0.758,0.212
776500,0.030,0.758,0.212
777000,0.030,0.760,0.210
777500,0.030,0.623,0.347
778000,0.030,0.580,0.390
778500,0.030,0.740,0.230
779000,0.030,0.803,0.167
779500,0.030,0.814,0.156
780000,0.030,0.729,0.241
780500,0.030,0.725,0.245
781000,0.030,0.564,0.406
781500,0.030,0.759,0.211
782000,0.030,0.707,0.263
782500,0.030,0.634,0.336
783000,0.030,0.602,0.368
783500,0.030,0.752,0.218
784000,0.030,0.625,0.345
784500,0.030,0.712,0.258
785000,0.030,0.711,0.259
785500,0.030,0.639,0.331
786000,0.030,0.499,0.471
786500,0.030,0.727,0.243
787000,0.030,0.800,0.170
787500,0.030,0.768,0.202
788000,0.030,0.732,0.238
788500,0.030,0.718,0.252
789000,0.030,0.704,0.266
789500,0.030,0.744,0.226
790000,0.030,0.671,0.299
790500,0.030,0.670,0.300
791000,0.030,0.803,0.167
791500,0.030,0.751,0.219
792000,0.030,0.584,0.386
792500,0.030,0.782,0.188
793000,0.030,0.653,0.317
793500,0.030,0.767,0.203
794000,0.030,0.772,0.198
794500,0.030,0.743,0.227
795000,0.030,0.812,0.158
795500,0.030,0.605,0.365
796000,0.030,0.637,0.333
796500,0.030,0.649,0.321
797000,0.030,0.782,0.188
797500,0.030,0.781,0.189
798000,0.030,0.615,0.355
798500,0.030,0.672,0.298
799000,0.030,0.673,0.297
799500,0.030,0.678,0.292
800000,0.030,0.832,0.138
800500,0.030,0.723,0.247
801000,0.030,0.737,0.233
801500,0.030,0.706,0.264
802000,0.030,0.770,0.200
802500,0.030,0.754,0.216
803000,0.030,0.611,0.359
803500,0.030,0.833,0.137
804000,0.030,0.732,0.238
804500,0.030,0.644,0.326
805000,0.030,0.634,0.336
805500,0.030,0.805,0.165
806000,0.030,0.807,0.163
806500,0.030,0.550,0.420
807000,0.030,0.795,0.175
807500,0.030,0.725,0.245
808000,0.030,0.681,0.289
808500,0.030,0.551,0.419
809000,0.030,0.632,0.338
809500,0.030,0.563,0.407
810000,0.030,0.709,0.261
810500,0.030,0.769,0.201
811000,0.030,0.619,0.351
811500,0.030,0.732,0.238
812000,0.030,0.827,0.143
812500,0.030,0.565,0.405
813000,0.030,0.797,0.173
813500,0.030,0.700,0.270
814000,0.030,0.742,0.228
814500,0.030,0.763,0.207
815000,0.030,0.790,0.180
815500,0.030,0.667,0.303
816000,0.030,0.617,0.353
816500,0.030,0.694,0.276
817000,0.030,0.701,0.269
817500,0.030,0.760,0.210
818000,0.030,0.834,0.136
818500,0.030,0.700,0.270
819000,0.030,0.711,0.259
819500,0.030,0.852,0.118
820000,0.030,0.888,0.082
820500,0.030,0.780,0.190
821000,0.030,0.661,0.309
821500,0.030,0.554,0.416
822000,0.030,0.728,0.242
822500,0.030,0.710,0.260
823000,0.030,0.626,0.344
823500,0.030,0.760,0.210
824000,0.030,0.651,0.319
824500,0.030,0.776,0.194
825000,0.030,0.729,0.241
825500,0.030,0.622,0.348
826000,0.030,0.643,0.327
826500,0.030,0.802,0.168
827000,0.030,0.828,0.142
827500,0.030,0.775,0.195
828000,0.030,0.771,0.199
828500,0.030,0.852,0.118
829000,0.030,0.761,0.209
829500,0.030,0.755,0.215
830000,0.030,0.693,0.277
830500,0.030,0.732,0.238
831000,0.030,0.624,0.346
831500,0.030,0.552,0.418
832000,0.030,0.481,0.489
832500,0.030,0.707,0.263
833000,0.030,0.688,0.282
833500,0.030,0.640,0.330
834000,0.030,0.828,0.142
834500,0.030,0.824,0.146
835000,0.030,0.767,0.203
835500,0.030,0.762,0.208
836000,0.030,0.712,0.258
836500,0.030,0.695,0.275
837000,0.030,0.657,0.313
837500,0.030,0.767,0.203
838000,0.030,0.833,0.137
838500,0.030,0.758,0.212
839000,0.030,0.741,0.229
839500,0.030,0.691,0.279
840000,0.030,0.725,0.245
840500,0.030,0.765,0.205
841000,0.030,0.753,0.217
841500,0.030,0.757,0.213
842000,0.030,0.606,0.364
842500,0.030,0.617,0.353
843000,0.030,0.769,0.201
843500,0.030,0.600,0.370
844000,0.030,0.681,0.289
844500,0.030,0.809,0.161
845000,0.030,0.767,0.203
845500,0.030,0.841,0.129
846000,0.030,0.721,0.249
846500,0.030,0.754,0.216
847000,0.030,0.816,0.154
847500,0.030,0.695,0.275
848000,0.030,0.754,0.216
848500,0.030,0.724,0.246
849000,0.030,0.691,0.279
849500,0.030,0.814,0.156
850000,0.030,0.728,0.242
850500,0.030,0.733,0.237
851000,0.030,0.653,0.317
851500,0.030,0.701,0.269
852000,0.030,0.837,0.133
852500,0.030,0.740,0.230
853000,0.030,0.714,0.256
853500,0.030,0.758,0.212
854000,0.030,0.735,0.235
854500,0.030,0.665,0.305
855000,0.030,0.728,0.242
855500,0.030,0.578,0.392
856000,0.030,0.797,0.173
856500,0.030,0.696,0.274
857000,0.030,0.661,0.309
857500,0.030,0.800,0.170
858000,0.030,0.711,0.259
858500,0.030,0.710,0.260
859000,0.030,0.786,0.184
859500,0.030,0.774,0.196
860000,0.030,0.764,0.206
860500,0.030,0.754,0.216
861000,0.030,0.702,0.268
861500,0.030,0.536,0.434
862000,0.030,0.672,0.298
862500,0.030,0.724,0.246
863000,0.030,0.584,0.386
863500,0.030,0.600,0.370
864000,0.030,0.736,0.234
864500,0.030,0.817,0.153
865000,0.030,0.498,0.472
865500,0.030,0.619,0.351
866000,0.030,0.706,0.264
866500,0.030,0.663,0.307
867000,0.030,0.772,0.198
867500,0.030,0.553,0.417
868000,0.030,0.666,0.304
868500,0.030,0.853,0.117
869000,0.030,0.693,0.277
869500,0.030,0.716,0.254
870000,0.030,0.665,0.305
870500,0.030,0.722,0.248
871000,0.030,0.661,0.309
871500,0.030,0.691,0.279
872000,0.030,0.707,0.263
872500,0.030,0.548,0.422
873000,0.030,0.756,0.214
873500,0.030,0.759,0.211
874000,0.030,0.770,0.200
874500,0.030,0.658,0.312
875000,0.030,0.606,0.364
875500,0.030,0.772,0.198
876000,0.030,0.681,0.289
876500,0.030,0.710,0.260
877000,0.030,0.777,0.193
877500,0.030,0.551,0.419
878000,0.030,0.634,0.336
878500,0.030,0.848,0.122
879000,0.030,0.813,0.157
879500,0.030,0.812,0.158
880000,0.030,0.783,0.187
880500,0.030,0.730,0.240
881000,0.030,0.776,0.194
881500,0.030,0.825,0.145
882000,0.030,0.650,0.320
882500,0.030,0.719,0.251
883000,0.030,0.808,0.162
883500,0.030,0.766,0.204
884000,0.030,0.743,0.227
884500,0.030,0.725,0.245
885000,0.030,0.752,0.218
885500,0.030,0.684,0.286
886000,0.030,0.769,0.201
886500,0.030,0.695,0.275
887000,0.030,0.800,0.170
887500,0.030,0.668,0.302
888000,0.030,0.712,0.258
888500,0.030,0.707,0.263
889000,0.030,0.724,0.246
889500,0.030,0.648,0.322
890000,0.030,0.720,0.250
890500,0.030,0.693,0.277
891000,0.030,0.672,0.298
891500,0.030,0.700,0.270
892000,0.030,0.722,0.248
892500,0.030,0.661,0.309
893000,0.030,0.885,0.085
893500,0.030,0.832,0.138
894000,0.030,0.618,0.352
894500,0.030,0.584,0.386
895000,0.030,0.627,0.343
895500,0.030,0.809,0.161
896000,0.030,0.749,0.221
896500,0.030,0.693,0.277
897000,0.030,0.749,0.221
897500,0.030,0.746,0.224
898000,0.030,0.660,0.310
898500,0.030,0.604,0.366
899000,0.030,0.731,0.239
899500,0.030,0.677,0.293
900000,0.030,0.780,0.190
900500,0.030,0.805,0.165
901000,0.030,0.825,0.145
901500,0.030,0.751,0.219
902000,0.030,0.680,0.290
902500,0.030,0.788,0.182
903000,0.030,0.604,0.366
903500,0.030,0.756,0.214
904000,0.030,0.662,0.308
904500,0.030,0.725,0.245
905000,0.030,0.675,0.295
905500,0.030,0.601,0.369
906000,0.030,0.601,0.369
906500,0.030,0.699,0.271
907000,0.030,0.536,0.434
907500,0.030,0.691,0.279
908000,0.030,0.765,0.205
908500,0.030,0.743,0.227
909000,0.030,0.741,0.229
909500,0.030,0.637,0.333
910000,0.030,0.608,0.362
910500,0.030,0.579,0.391
911000,0.030,0.688,0.282
911500,0.030,0.672,0.298
912000,0.030,0.865,0.105
912500,0.030,0.823,0.147
913000,0.030,0.734,0.236
913500,0.030,0.625,0.345
914000,0.030,0.766,0.204
914500,0.030,0.634,0.336
915000,0.030,0.612,0.358
915500,0.030,0.660,0.310
916000,0.030,0.560,0.410
916500,0.030,0.682,0.288
917000,0.030,0.781,0.189
917500,0.030,0.625,0.345
918000,0.030,0.652,0.318
918500,0.030,0.686,0.284
919000,0.030,0.804,0.166
919500,0.030,0.789,0.181
920000,0.030,0.629,0.341
920500,0.030,0.663,0.307
921000,0.030,0.672,0.298
921500,0.030,0.679,0.291
922000,0.030,0.618,0.352
922500,0.030,0.899,0.071
923000,0.030,0.750,0.220
923500,0.030,0.652,0.318
924000,0.030,0.699,0.271
924500,0.030,0.742,0.228
925000,0.030,0.746,0.224
925500,0.030,0.754,0.216
926000,0.030,0.513,0.457
926500,0.030,0.641,0.329
927000,0.030,0.738,0.232
927500,0.030,0.621,0.349
928000,0.030,0.757,0.213
928500,0.030,0.777,0.193
929000,0.030,0.628,0.342
929500,0.030,0.828,0.142
930000,0.030,0.806,0.164
930500,0.030,0.868,0.102
931000,0.030,0.766,0.204
931500,0.030,0.703,0.267
932000,0.030,0.756,0.214
932500,0.030,0.746,0.224
933000,0.030,0.883,0.087
933500,0.030,0.571,0.399
934000,0.030,0.702,0.268
934500,0.030,0.845,0.125
935000,0.030,0.721,0.249
935500,0.030,0.748,0.222
936000,0.030,0.582,0.388
936500,0.030,0.691,0.279
937000,0.030,0.780,0.190
937500,0.030,0.744,0.226
938000,0.030,0.798,0.172
938500,0.030,0.782,0.188
939000,0.030,0.805,0.165
939500,0.030,0.762,0.208
940000,0.030,0.760,0.210
940500,0.030,0.681,0.289
941000,0.030,0.719,0.251
941500,0.030,0.732,0.238
942000,0.030,0.793,0.177
942500,0.030,0.734,0.236
943000,0.030,0.682,0.288
943500,0.030,0.855,0.115
944000,0.030,0.614,0.356
944500,0.030,0.691,0.279
945000,0.030,0.670,0.300
945500,0.030,0.770,0.200
946000,0.030,0.787,0.183
946500,0.030,0.747,0.223
947000,0.030,0.655,0.315
947500,0.030,0.653,0.317
948000,0.030,0.714,0.256
948500,0.030,0.803,0.167
949000,0.030,0.804,0.166
949500,0.030,0.801,0.169
950000,0.030,0.772,0.198
950500,0.030,0.667,0.303
951000,0.030,0.729,0.241
951500,0.030,0.660,0.310
952000,0.030,0.650,0.320
952500,0.030,0.780,0.190
953000,0.030,0.575,0.395
953500,0.030,0.822,0.148
954000,0.030,0.786,0.184
954500,0.030,0.780,0.190
955000,0.030,0.736,0.234
955500,0.030,0.783,0.187
956000,0.030,0.681,0.289
956500,0.030,0.674,0.296
957000,0.030,0.766,0.204
957500,0.030,0.809,0.161
958000,0.030,0.797,0.173
958500,0.030,0.742,0.228
959000,0.030,0.603,0.367
959500,0.030,0.615,0.355
960000,0.030,0.660,0.310
960500,0.030,0.513,0.457
961000,0.030,0.776,0.194
961500,0.030,0.802,0.168
962000,0.030,0.657,0.313
962500,0.030,0.656,0.314
963000,0.030,0.873,0.097
963500,0.030,0.785,0.185
964000,0.030,0.734,0.236
964500,0.030,0.659,0.311
965000,0.030,0.719,0.251
965500,0.030,0.654,0.316
966000,0.030,0.628,0.342
966500,0.030,0.745,0.225
967000,0.030,0.687,0.283
967500,0.030,0.859,0.111
968000,0.030,0.808,0.162
968500,0.030,0.618,0.352
969000,0.030,0.785,0.185
969500,0.030,0.713,0.257
970000,0.030,0.793,0.177
970500,0.030,0.803,0.167
971000,0.030,0.824,0.146
971500,0.030,0.664,0.306
972000,0.030,0.755,0.215
972500,0.030,0.701,0.269
973000,0.030,0.509,0.461
973500,0.030,0.561,0.409
974000,0.030,0.641,0.329
974500,0.030,0.649,0.321
975000,0.030,0.634,0.336
975500,0.030,0.889,0.081
976000,0.030,0.788,0.182
976500,0.030,0.695,0.275
977000,0.030,0.780,0.190
977500,0.030,0.669,0.301
978000,0.030,0.628,0.342
978500,0.030,0.787,0.183
979000,0.030,0.825,0.145
979500,0.030,0.581,0.389
980000,0.030,0.802,0.168
980500,0.030,0.747,0.223
981000,0.030,0.718,0.252
981500,0.030,0.677,0.293
982000,0.030,0.854,0.116
982500,0.030,0.727,0.243
983000,0.030,0.748,0.222
983500,0.030,0.729,0.241
984000,0.030,0.708,0.262
984500,0.030,0.632,0.338
985000,0.030,0.790,0.180
985500,0.030,0.809,0.161
986000,0.030,0.698,0.272
986500,0.030,0.614,0.356
987000,0.030,0.557,0.413
987500,0.030,0.615,0.355
988000,0.030,0.785,0.185
988500,0.030,0.806,0.164
989000,0.030,0.738,0.232
989500,0.030,0.668,0.302
990000,0.030,0.841,0.129
990500,0.030,0.659,0.311
991000,0.030,0.687,0.283
991500,0.030,0.586,0.384
992000,0.030,0.787,0.183
992500,0.030,0.781,0.189
993000,0.030,0.712,0.258
993500,0.030,0.800,0.170
994000,0.030,0.722,0.248
994500,0.030,0.763,0.207
995000,0.030,0.843,0.127
995500,0.030,0.823,0.147
996000,0.030,0.539,0.431
996500,0.030,0.691,0.279
997000,0.030,0.633,0.337
997500,0.030,0.747,0.223
998000,0.030,0.680,0.290
998500,0.030,0.691,0.279
999000,0.030,0.736,0.234
999500,0.030,0.788,0.182
1000000,0.030,0.702,0.268
