time,n_A+p,n_B,n_AB
500,0.030,0.932,0.037
1000,0.030,0.902,0.068
1500,0.030,0.903,0.067
2000,0.030,0.869,0.101
2500,0.030,0.826,0.144
3000,0.030,0.803,0.167
3500,0.030,0.800,0.169
4000,0.030,0.797,0.173
4500,0.030,0.785,0.185
5000,0.030,0.802,0.168
5500,0.030,0.786,0.183
6000,0.030,0.759,0.211
6500,0.030,0.770,0.200
7000,0.030,0.745,0.225
7500,0.030,0.773,0.197
8000,0.030,0.804,0.166
8500,0.030,0.847,0.123
9000,0.030,0.804,0.165
9500,0.030,0.784,0.185
10000,0.030,0.779,0.191
10500,0.030,0.782,0.188
11000,0.030,0.755,0.215
11500,0.030,0.755,0.215
12000,0.030,0.778,0.192
12500,0.030,0.785,0.184
13000,0.030,0.737,0.233
13500,0.030,0.746,0.224
14000,0.030,0.781,0.189
14500,0.030,0.818,0.152
15000,0.030,0.808,0.162
15500,0.030,0.790,0.179
16000,0.030,0.796,0.173
16500,0.030,0.820,0.150
17000,0.030,0.811,0.159
17500,0.030,0.799,0.170
18000,0.030,0.785,0.184
18500,0.030,0.755,0.215
19000,0.030,0.742,0.228
19500,0.030,0.774,0.196
20000,0.030,0.737,0.233
20500,0.030,0.731,0.239
21000,0.030,0.725,0.245
21500,0.030,0.767,0.203
22000,0.030,0.791,0.179
22500,0.030,0.759,0.211
23000,0.030,0.736,0.234
23500,0.030,0.718,0.252
24000,0.030,0.698,0.272
24500,0.030,0.749,0.221
25000,0.030,0.760,0.210
25500,0.030,0.748,0.222
26000,0.030,0.750,0.220
26500,0.030,0.743,0.227
27000,0.030,0.783,0.187
27500,0.030,0.787,0.182
28000,0.030,0.775,0.195
28500,0.030,0.814,0.156
29000,0.030,0.797,0.172
29500,0.030,0.816,0.154
30000,0.030,0.788,0.181
30500,0.030,0.785,0.185
31000,0.030,0.786,0.184
31500,0.030,0.777,0.193
32000,0.030,0.778,0.192
32500,0.030,0.782,0.188
33000,0.030,0.775,0.195
33500,0.030,0.745,0.225
34000,0.030,0.780,0.190
34500,0.030,0.718,0.252
35000,0.030,0.748,0.222
35500,0.030,0.739,0.231
36000,0.030,0.770,0.200
36500,0.030,0.767,0.203
37000,0.030,0.772,0.198
37500,0.030,0.786,0.184
38000,0.030,0.783,0.187
38500,0.030,0.792,0.178
39000,0.030,0.800,0.169
39500,0.030,0.808,0.161
40000,0.030,0.835,0.135
40500,0.030,0.810,0.159
41000,0.030,0.784,0.186
41500,0.030,0.755,0.215
42000,0.030,0.765,0.205
42500,0.030,0.731,0.239
43000,0.030,0.743,0.227
43500,0.030,0.742,0.228
44000,0.030,0.750,0.220
44500,0.030,0.756,0.214
45000,0.030,0.739,0.231
45500,0.030,0.734,0.236
46000,0.030,0.755,0.215
46500,0.030,0.781,0.189
47000,0.030,0.769,0.201
47500,0.030,0.762,0.208
48000,0.030,0.778,0.192
48500,0.030,0.793,0.177
49000,0.030,0.803,0.166
49500,0.030,0.797,0.172
50000,0.030,0.791,0.179
50500,0.030,0.775,0.195
51000,0.030,0.817,0.153
51500,0.030,0.791,0.179
52000,0.030,0.779,0.191
52500,0.030,0.803,0.167
53000,0.030,0.805,0.165
53500,0.030,0.771,0.199
54000,0.030,0.794,0.176
54500,0.030,0.803,0.167
55000,0.030,0.792,0.178
55500,0.030,0.774,0.196
56000,0.030,0.751,0.219
56500,0.030,0.758,0.212
57000,0.030,0.774,0.196
57500,0.030,0.766,0.204
58000,0.030,0.747,0.223
58500,0.030,0.717,0.253
59000,0.030,0.757,0.213
59500,0.030,0.750,0.220
60000,0.030,0.718,0.252
60500,0.030,0.743,0.227
61000,0.030,0.777,0.193
61500,0.030,0.756,0.214
62000,0.030,0.756,0.214
62500,0.030,0.721,0.249
63000,0.030,0.743,0.227
63500,0.030,0.747,0.223
64000,0.030,0.815,0.155
64500,0.030,0.811,0.159
65000,0.030,0.815,0.155
65500,0.030,0.825,0.145
66000,0.030,0.844,0.126
66500,0.030,0.824,0.146
67000,0.030,0.820,0.150
67500,0.030,0.807,0.162
68000,0.030,0.815,0.155
68500,0.030,0.808,0.161
69000,0.030,0.774,0.196
69500,0.030,0.725,0.245
70000,0.030,0.772,0.198
70500,0.030,0.763,0.207
71000,0.030,0.753,0.217
71500,0.030,0.732,0.238
72000,0.030,0.761,0.209
72500,0.030,0.748,0.222
73000,0.030,0.726,0.244
73500,0.030,0.787,0.182
74000,0.030,0.804,0.165
74500,0.030,0.762,0.208
75000,0.030,0.745,0.225
75500,0.030,0.737,0.233
76000,0.030,0.733,0.237
76500,0.030,0.713,0.257
77000,0.030,0.742,0.228
77500,0.030,0.741,0.229
78000,0.030,0.715,0.255
78500,0.030,0.733,0.237
79000,0.030,0.744,0.226
79500,0.030,0.719,0.251
80000,0.030,0.709,0.261
80500,0.030,0.725,0.245
81000,0.030,0.713,0.257
81500,0.030,0.697,0.273
82000,0.030,0.686,0.283
82500,0.030,0.699,0.271
83000,0.030,0.748,0.222
83500,0.030,0.771,0.199
84000,0.030,0.812,0.158
84500,0.030,0.801,0.169
85000,0.030,0.811,0.159
85500,0.030,0.825,0.145
86000,0.030,0.790,0.179
86500,0.030,0.771,0.199
87000,0.030,0.773,0.197
87500,0.030,0.780,0.190
88000,0.030,0.791,0.178
88500,0.030,0.817,0.153
89000,0.030,0.810,0.160
89500,0.030,0.797,0.172
90000,0.030,0.767,0.203
90500,0.030,0.778,0.192
91000,0.030,0.763,0.207
91500,0.030,0.765,0.205
92000,0.030,0.772,0.198
92500,0.030,0.787,0.183
93000,0.030,0.769,0.201
93500,0.030,0.760,0.210
94000,0.030,0.781,0.189
94500,0.030,0.782,0.188
95000,0.030,0.787,0.182
95500,0.030,0.782,0.188
96000,0.030,0.816,0.154
96500,0.030,0.800,0.169
97000,0.030,0.768,0.202
97500,0.030,0.787,0.182
98000,0.030,0.730,0.240
98500,0.030,0.726,0.244
99000,0.030,0.725,0.245
99500,0.030,0.731,0.239
100000,0.030,0.772,0.198
100500,0.030,0.769,0.201
101000,0.030,0.761,0.209
101500,0.030,0.745,0.225
102000,0.030,0.779,0.191
102500,0.030,0.779,0.191
103000,0.030,0.784,0.185
103500,0.030,0.780,0.190
104000,0.030,0.781,0.189
104500,0.030,0.780,0.190
105000,0.030,0.793,0.177
105500,0.030,0.786,0.183
106000,0.030,0.789,0.180
106500,0.030,0.787,0.183
107000,0.030,0.776,0.194
107500,0.030,0.759,0.211
108000,0.030,0.767,0.203
108500,0.030,0.744,0.226
109000,0.030,0.762,0.208
109500,0.030,0.761,0.209
110000,0.030,0.779,0.191
110500,0.030,0.791,0.179
111000,0.030,0.804,0.165
111500,0.030,0.812,0.158
112000,0.030,0.763,0.207
112500,0.030,0.750,0.220
113000,0.030,0.788,0.181
113500,0.030,0.777,0.193
114000,0.030,0.794,0.175
114500,0.030,0.794,0.175
115000,0.030,0.775,0.195
115500,0.030,0.785,0.184
116000,0.030,0.798,0.172
116500,0.030,0.777,0.193
117000,0.030,0.802,0.167
117500,0.030,0.790,0.179
118000,0.030,0.807,0.162
118500,0.030,0.792,0.177
119000,0.030,0.768,0.202
119500,0.030,0.791,0.179
120000,0.030,0.785,0.184
120500,0.030,0.786,0.183
121000,0.030,0.751,0.219
121500,0.030,0.788,0.182
122000,0.030,0.775,0.195
122500,0.030,0.758,0.212
123000,0.030,0.809,0.160
123500,0.030,0.817,0.153
124000,0.030,0.813,0.157
124500,0.030,0.788,0.181
125000,0.030,0.799,0.171
125500,0.030,0.826,0.144
126000,0.030,0.797,0.172
126500,0.030,0.773,0.197
127000,0.030,0.715,0.255
127500,0.030,0.725,0.245
128000,0.030,0.738,0.232
128500,0.030,0.737,0.233
129000,0.030,0.755,0.215
129500,0.030,0.768,0.202
130000,0.030,0.740,0.230
130500,0.030,0.754,0.216
131000,0.030,0.742,0.228
131500,0.030,0.773,0.197
132000,0.030,0.749,0.221
132500,0.030,0.763,0.207
133000,0.030,0.713,0.257
133500,0.030,0.716,0.254
134000,0.030,0.770,0.200
134500,0.030,0.753,0.217
135000,0.030,0.787,0.182
135500,0.030,0.795,0.174
136000,0.030,0.781,0.189
136500,0.030,0.775,0.195
137000,0.030,0.790,0.180
137500,0.030,0.789,0.181
138000,0.030,0.758,0.212
138500,0.030,0.799,0.170
139000,0.030,0.761,0.209
139500,0.030,0.779,0.191
140000,0.030,0.760,0.210
140500,0.030,0.769,0.201
141000,0.030,0.772,0.198
141500,0.030,0.741,0.229
142000,0.030,0.743,0.227
142500,0.030,0.767,0.203
143000,0.030,0.798,0.171
143500,0.030,0.752,0.218
144000,0.030,0.731,0.239
144500,0.030,0.769,0.201
145000,0.030,0.792,0.177
145500,0.030,0.772,0.198
146000,0.030,0.789,0.180
146500,0.030,0.787,0.182
147000,0.030,0.803,0.166
147500,0.030,0.791,0.178
148000,0.030,0.798,0.171
148500,0.030,0.785,0.185
149000,0.030,0.738,0.232
149500,0.030,0.755,0.215
150000,0.030,0.766,0.204
150500,0.030,0.746,0.224
151000,0.030,0.754,0.216
151500,0.030,0.806,0.163
152000,0.030,0.818,0.152
152500,0.030,0.820,0.150
153000,0.030,0.799,0.170
153500,0.030,0.786,0.183
154000,0.030,0.771,0.199
154500,0.030,0.756,0.214
155000,0.030,0.806,0.163
155500,0.030,0.812,0.157
156000,0.030,0.813,0.157
156500,0.030,0.770,0.200
157000,0.030,0.800,0.169
157500,0.030,0.819,0.151
158000,0.030,0.798,0.172
158500,0.030,0.811,0.159
159000,0.030,0.827,0.143
159500,0.030,0.832,0.138
160000,0.030,0.808,0.161
160500,0.030,0.793,0.177
161000,0.030,0.797,0.173
161500,0.030,0.802,0.167
162000,0.030,0.780,0.190
162500,0.030,0.775,0.195
163000,0.030,0.745,0.225
163500,0.030,0.777,0.193
164000,0.030,0.745,0.225
164500,0.030,0.721,0.249
165000,0.030,0.761,0.209
165500,0.030,0.749,0.221
166000,0.030,0.773,0.197
166500,0.030,0.801,0.169
167000,0.030,0.830,0.140
167500,0.030,0.812,0.158
168000,0.030,0.786,0.184
168500,0.030,0.786,0.184
169000,0.030,0.766,0.204
169500,0.030,0.786,0.184
170000,0.030,0.776,0.194
170500,0.030,0.768,0.202
171000,0.030,0.809,0.160
171500,0.030,0.789,0.180
172000,0.030,0.766,0.204
172500,0.030,0.756,0.214
173000,0.030,0.815,0.155
173500,0.030,0.820,0.150
174000,0.030,0.768,0.202
174500,0.030,0.742,0.228
175000,0.030,0.748,0.222
175500,0.030,0.729,0.241
176000,0.030,0.750,0.220
176500,0.030,0.740,0.230
177000,0.030,0.760,0.210
177500,0.030,0.749,0.221
178000,0.030,0.775,0.195
178500,0.030,0.724,0.246
179000,0.030,0.688,0.282
179500,0.030,0.711,0.259
180000,0.030,0.749,0.221
180500,0.030,0.739,0.231
181000,0.030,0.758,0.212
181500,0.030,0.755,0.215
182000,0.030,0.750,0.220
182500,0.030,0.782,0.188
183000,0.030,0.786,0.183
183500,0.030,0.768,0.202
184000,0.030,0.771,0.199
184500,0.030,0.783,0.186
185000,0.030,0.800,0.169
185500,0.030,0.754,0.216
186000,0.030,0.764,0.206
186500,0.030,0.776,0.194
187000,0.030,0.772,0.198
187500,0.030,0.777,0.193
188000,0.030,0.783,0.186
188500,0.030,0.778,0.192
189000,0.030,0.809,0.160
189500,0.030,0.797,0.173
190000,0.030,0.795,0.174
190500,0.030,0.787,0.183
191000,0.030,0.821,0.149
191500,0.030,0.814,0.156
192000,0.030,0.810,0.160
192500,0.030,0.795,0.174
193000,0.030,0.776,0.194
193500,0.030,0.775,0.195
194000,0.030,0.749,0.221
194500,0.030,0.754,0.216
195000,0.030,0.771,0.199
195500,0.030,0.762,0.208
196000,0.030,0.773,0.197
196500,0.030,0.771,0.199
197000,0.030,0.744,0.226
197500,0.030,0.762,0.208
198000,0.030,0.740,0.230
198500,0.030,0.741,0.229
199000,0.030,0.753,0.217
199500,0.030,0.752,0.218
200000,0.030,0.785,0.184
200500,0.030,0.804,0.165
201000,0.030,0.839,0.131
201500,0.030,0.839,0.131
202000,0.030,0.836,0.134
202500,0.030,0.822,0.148
203000,0.030,0.777,0.193
203500,0.030,0.805,0.165
204000,0.030,0.798,0.171
204500,0.030,0.782,0.188
205000,0.030,0.797,0.172
205500,0.030,0.795,0.174
206000,0.030,0.783,0.186
206500,0.030,0.792,0.178
207000,0.030,0.790,0.180
207500,0.030,0.784,0.186
208000,0.030,0.788,0.181
208500,0.030,0.789,0.181
209000,0.030,0.777,0.193
209500,0.030,0.772,0.198
210000,0.030,0.739,0.231
210500,0.030,0.730,0.240
211000,0.030,0.771,0.199
211500,0.030,0.782,0.188
212000,0.030,0.794,0.175
212500,0.030,0.778,0.192
213000,0.030,0.761,0.209
213500,0.030,0.820,0.150
214000,0.030,0.837,0.133
214500,0.030,0.852,0.118
215000,0.030,0.857,0.113
215500,0.030,0.818,0.152
216000,0.030,0.819,0.151
216500,0.030,0.795,0.174
217000,0.030,0.792,0.178
217500,0.030,0.807,0.162
218000,0.030,0.810,0.160
218500,0.030,0.797,0.172
219000,0.030,0.801,0.168
219500,0.030,0.800,0.169
220000,0.030,0.773,0.197
220500,0.030,0.775,0.195
221000,0.030,0.784,0.186
221500,0.030,0.755,0.215
222000,0.030,0.763,0.207
222500,0.030,0.793,0.177
223000,0.030,0.791,0.178
223500,0.030,0.772,0.198
224000,0.030,0.788,0.181
224500,0.030,0.758,0.212
225000,0.030,0.747,0.223
225500,0.030,0.727,0.243
226000,0.030,0.718,0.252
226500,0.030,0.748,0.222
227000,0.030,0.778,0.192
227500,0.030,0.727,0.243
228000,0.030,0.747,0.223
228500,0.030,0.730,0.240
229000,0.030,0.799,0.170
229500,0.030,0.795,0.174
230000,0.030,0.815,0.155
230500,0.030,0.807,0.162
231000,0.030,0.812,0.158
231500,0.030,0.796,0.174
232000,0.030,0.821,0.149
232500,0.030,0.818,0.152
233000,0.030,0.777,0.193
233500,0.030,0.781,0.189
234000,0.030,0.786,0.184
234500,0.030,0.754,0.216
235000,0.030,0.767,0.203
235500,0.030,0.787,0.183
236000,0.030,0.785,0.185
236500,0.030,0.793,0.176
237000,0.030,0.800,0.169
237500,0.030,0.765,0.205
238000,0.030,0.790,0.179
238500,0.030,0.814,0.156
239000,0.030,0.805,0.165
239500,0.030,0.816,0.154
240000,0.030,0.808,0.161
240500,0.030,0.779,0.191
241000,0.030,0.801,0.168
241500,0.030,0.818,0.152
242000,0.030,0.803,0.166
242500,0.030,0.806,0.163
243000,0.030,0.800,0.169
243500,0.030,0.784,0.185
244000,0.030,0.811,0.158
244500,0.030,0.814,0.156
245000,0.030,0.763,0.207
245500,0.030,0.729,0.241
246000,0.030,0.763,0.207
246500,0.030,0.743,0.227
247000,0.030,0.760,0.210
247500,0.030,0.784,0.186
248000,0.030,0.793,0.176
248500,0.030,0.786,0.183
249000,0.030,0.756,0.214
249500,0.030,0.808,0.162
250000,0.030,0.767,0.203
250500,0.030,0.777,0.193
251000,0.030,0.778,0.192
251500,0.030,0.761,0.209
252000,0.030,0.751,0.219
252500,0.030,0.767,0.203
253000,0.030,0.777,0.193
253500,0.030,0.765,0.205
254000,0.030,0.790,0.179
254500,0.030,0.776,0.194
255000,0.030,0.783,0.187
255500,0.030,0.740,0.230
256000,0.030,0.767,0.203
256500,0.030,0.762,0.208
257000,0.030,0.791,0.178
257500,0.030,0.768,0.202
258000,0.030,0.746,0.224
258500,0.030,0.742,0.228
259000,0.030,0.738,0.232
259500,0.030,0.780,0.190
260000,0.030,0.761,0.209
260500,0.030,0.778,0.192
261000,0.030,0.764,0.206
261500,0.030,0.795,0.175
262000,0.030,0.755,0.215
262500,0.030,0.781,0.189
263000,0.030,0.778,0.192
263500,0.030,0.770,0.200
264000,0.030,0.760,0.210
264500,0.030,0.783,0.187
265000,0.030,0.791,0.179
265500,0.030,0.827,0.143
266000,0.030,0.750,0.220
266500,0.030,0.713,0.257
267000,0.030,0.713,0.257
267500,0.030,0.733,0.237
268000,0.030,0.722,0.248
268500,0.030,0.714,0.256
269000,0.030,0.757,0.213
269500,0.030,0.752,0.218
270000,0.030,0.779,0.191
270500,0.030,0.763,0.207
271000,0.030,0.784,0.186
271500,0.030,0.773,0.197
272000,0.030,0.799,0.170
272500,0.030,0.824,0.146
273000,0.030,0.819,0.151
273500,0.030,0.825,0.145
274000,0.030,0.803,0.166
274500,0.030,0.779,0.191
275000,0.030,0.802,0.168
275500,0.030,0.797,0.172
276000,0.030,0.776,0.194
276500,0.030,0.778,0.192
277000,0.030,0.728,0.242
277500,0.030,0.749,0.221
278000,0.030,0.740,0.230
278500,0.030,0.724,0.246
279000,0.030,0.739,0.231
279500,0.030,0.747,0.223
280000,0.030,0.740,0.230
280500,0.030,0.763,0.207
281000,0.030,0.774,0.196
281500,0.030,0.769,0.201
282000,0.030,0.801,0.169
282500,0.030,0.834,0.136
283000,0.030,0.819,0.151
283500,0.033,0.785,0.181
284000,0.032,0.815,0.154
284500,0.030,0.800,0.169
285000,0.030,0.803,0.166
285500,0.030,0.804,0.165
286000,0.030,0.815,0.155
286500,0.030,0.812,0.157
287000,0.030,0.822,0.148
287500,0.030,0.805,0.164
288000,0.030,0.808,0.162
288500,0.030,0.791,0.179
289000,0.030,0.766,0.204
289500,0.030,0.763,0.207
290000,0.030,0.769,0.201
290500,0.030,0.756,0.214
291000,0.030,0.742,0.228
291500,0.030,0.750,0.220
292000,0.030,0.794,0.175
292500,0.030,0.780,0.190
293000,0.030,0.776,0.194
293500,0.030,0.750,0.220
294000,0.030,0.752,0.218
294500,0.030,0.745,0.225
295000,0.030,0.738,0.232
295500,0.030,0.753,0.217
296000,0.030,0.744,0.226
296500,0.030,0.749,0.221
297000,0.030,0.727,0.243
297500,0.030,0.759,0.211
298000,0.030,0.772,0.198
298500,0.030,0.824,0.146
299000,0.030,0.824,0.146
299500,0.030,0.845,0.125
300000,0.030,0.840,0.130
300500,0.030,0.873,0.097
301000,0.030,0.855,0.115
301500,0.030,0.851,0.119
302000,0.030,0.846,0.124
302500,0.030,0.833,0.137
303000,0.030,0.841,0.129
303500,0.030,0.849,0.121
304000,0.030,0.854,0.116
304500,0.030,0.851,0.119
305000,0.030,0.833,0.137
305500,0.030,0.810,0.159
306000,0.030,0.808,0.162
306500,0.030,0.795,0.174
307000,0.030,0.774,0.196
307500,0.030,0.784,0.186
308000,0.030,0.779,0.191
308500,0.030,0.803,0.166
309000,0.030,0.831,0.139
309500,0.030,0.806,0.164
310000,0.030,0.783,0.187
310500,0.030,0.781,0.189
311000,0.030,0.763,0.207
311500,0.030,0.784,0.186
312000,0.030,0.784,0.185
312500,0.030,0.754,0.216
313000,0.030,0.786,0.183
313500,0.030,0.767,0.203
314000,0.030,0.744,0.226
314500,0.030,0.759,0.211
315000,0.030,0.775,0.195
315500,0.030,0.786,0.183
316000,0.030,0.774,0.196
316500,0.030,0.802,0.168
317000,0.030,0.789,0.180
317500,0.030,0.781,0.189
318000,0.030,0.785,0.184
318500,0.030,0.794,0.176
319000,0.030,0.800,0.170
319500,0.030,0.804,0.165
320000,0.030,0.756,0.214
320500,0.030,0.752,0.218
321000,0.030,0.757,0.213
321500,0.030,0.746,0.224
322000,0.030,0.789,0.180
322500,0.030,0.762,0.208
323000,0.030,0.760,0.210
323500,0.030,0.774,0.196
324000,0.030,0.750,0.220
324500,0.030,0.782,0.188
325000,0.030,0.724,0.246
325500,0.030,0.769,0.201
326000,0.030,0.771,0.199
326500,0.030,0.803,0.166
327000,0.030,0.766,0.204
327500,0.030,0.765,0.205
328000,0.030,0.727,0.243
328500,0.030,0.763,0.207
329000,0.030,0.789,0.180
329500,0.030,0.784,0.186
330000,0.030,0.761,0.209
330500,0.030,0.769,0.201
331000,0.030,0.772,0.198
331500,0.030,0.769,0.201
332000,0.030,0.790,0.180
332500,0.030,0.807,0.162
333000,0.030,0.805,0.164
333500,0.030,0.776,0.194
334000,0.030,0.768,0.202
334500,0.030,0.783,0.187
335000,0.030,0.733,0.237
335500,0.030,0.764,0.206
336000,0.030,0.761,0.209
336500,0.030,0.774,0.196
337000,0.030,0.789,0.180
337500,0.030,0.795,0.174
338000,0.030,0.805,0.165
338500,0.030,0.778,0.192
339000,0.030,0.769,0.201
339500,0.030,0.770,0.200
340000,0.030,0.765,0.205
340500,0.030,0.740,0.230
341000,0.030,0.753,0.217
341500,0.030,0.771,0.199
342000,0.030,0.790,0.180
342500,0.030,0.799,0.171
343000,0.030,0.779,0.191
343500,0.030,0.761,0.209
344000,0.030,0.755,0.215
344500,0.030,0.790,0.180
345000,0.030,0.768,0.202
345500,0.030,0.756,0.214
346000,0.030,0.752,0.218
346500,0.030,0.791,0.178
347000,0.030,0.790,0.179
347500,0.030,0.790,0.180
348000,0.030,0.759,0.211
348500,0.030,0.749,0.221
349000,0.030,0.758,0.212
349500,0.030,0.770,0.200
350000,0.030,0.778,0.192
350500,0.030,0.786,0.183
351000,0.030,0.781,0.189
351500,0.030,0.764,0.206
352000,0.030,0.783,0.186
352500,0.030,0.800,0.169
353000,0.030,0.774,0.196
353500,0.030,0.799,0.171
354000,0.030,0.777,0.193
354500,0.030,0.787,0.183
355000,0.030,0.760,0.210
355500,0.030,0.769,0.201
356000,0.030,0.776,0.194
356500,0.030,0.771,0.199
357000,0.030,0.767,0.203
357500,0.030,0.767,0.203
358000,0.030,0.747,0.223
358500,0.030,0.755,0.215
359000,0.030,0.717,0.253
359500,0.030,0.721,0.249
360000,0.030,0.750,0.220
360500,0.030,0.753,0.217
361000,0.030,0.765,0.205
361500,0.030,0.776,0.194
362000,0.030,0.784,0.186
362500,0.030,0.773,0.197
363000,0.030,0.792,0.178
363500,0.030,0.801,0.169
364000,0.030,0.789,0.180
364500,0.030,0.818,0.152
365000,0.030,0.802,0.168
365500,0.030,0.783,0.187
366000,0.030,0.799,0.170
366500,0.030,0.807,0.162
367000,0.030,0.831,0.139
367500,0.030,0.845,0.125
368000,0.030,0.836,0.134
368500,0.030,0.830,0.140
369000,0.030,0.789,0.181
369500,0.030,0.779,0.191
370000,0.030,0.796,0.174
370500,0.030,0.769,0.201
371000,0.030,0.722,0.248
371500,0.030,0.756,0.214
372000,0.030,0.779,0.191
372500,0.030,0.767,0.203
373000,0.030,0.743,0.227
373500,0.030,0.753,0.217
374000,0.030,0.770,0.200
374500,0.030,0.741,0.229
375000,0.030,0.758,0.212
375500,0.030,0.746,0.224
376000,0.030,0.742,0.228
376500,0.030,0.744,0.226
377000,0.030,0.766,0.204
377500,0.030,0.742,0.228
378000,0.030,0.791,0.179
378500,0.030,0.773,0.197
379000,0.030,0.793,0.177
379500,0.030,0.794,0.176
380000,0.030,0.785,0.184
380500,0.030,0.797,0.172
381000,0.030,0.801,0.168
381500,0.030,0.797,0.172
382000,0.030,0.834,0.136
382500,0.030,0.829,0.141
383000,0.030,0.832,0.138
383500,0.030,0.843,0.127
384000,0.030,0.785,0.185
384500,0.030,0.817,0.153
385000,0.030,0.767,0.203
385500,0.030,0.763,0.207
386000,0.030,0.786,0.183
386500,0.030,0.788,0.182
387000,0.030,0.778,0.192
387500,0.030,0.762,0.208
388000,0.030,0.754,0.216
388500,0.030,0.757,0.213
389000,0.030,0.752,0.218
389500,0.030,0.771,0.199
390000,0.030,0.794,0.175
390500,0.030,0.780,0.190
391000,0.030,0.793,0.176
391500,0.030,0.795,0.175
392000,0.030,0.753,0.217
392500,0.030,0.773,0.197
393000,0.030,0.795,0.175
393500,0.030,0.804,0.166
394000,0.030,0.827,0.143
394500,0.030,0.843,0.127
395000,0.030,0.826,0.144
395500,0.030,0.853,0.117
396000,0.030,0.841,0.129
396500,0.030,0.798,0.171
397000,0.030,0.785,0.184
397500,0.030,0.801,0.168
398000,0.030,0.837,0.133
398500,0.030,0.811,0.158
399000,0.030,0.787,0.183
399500,0.030,0.769,0.201
400000,0.030,0.788,0.181
400500,0.030,0.805,0.164
401000,0.030,0.815,0.155
401500,0.030,0.794,0.176
402000,0.030,0.759,0.211
402500,0.030,0.791,0.178
403000,0.030,0.779,0.191
403500,0.030,0.771,0.199
404000,0.030,0.776,0.194
404500,0.030,0.806,0.163
405000,0.030,0.795,0.174
405500,0.030,0.789,0.181
406000,0.030,0.792,0.178
406500,0.030,0.799,0.171
407000,0.030,0.784,0.185
407500,0.030,0.812,0.158
408000,0.030,0.832,0.138
408500,0.030,0.809,0.160
409000,0.030,0.842,0.128
409500,0.030,0.810,0.159
410000,0.030,0.796,0.173
410500,0.030,0.794,0.175
411000,0.030,0.805,0.164
411500,0.030,0.802,0.168
412000,0.030,0.821,0.149
412500,0.030,0.780,0.190
413000,0.030,0.818,0.152
413500,0.030,0.801,0.169
414000,0.030,0.816,0.154
414500,0.030,0.826,0.144
415000,0.030,0.773,0.197
415500,0.030,0.809,0.160
416000,0.030,0.809,0.160
416500,0.030,0.821,0.149
417000,0.030,0.827,0.143
417500,0.030,0.779,0.191
418000,0.030,0.793,0.177
418500,0.030,0.798,0.172
419000,0.030,0.804,0.166
419500,0.030,0.788,0.181
420000,0.030,0.790,0.179
420500,0.030,0.777,0.193
421000,0.030,0.798,0.172
421500,0.030,0.783,0.186
422000,0.030,0.777,0.193
422500,0.030,0.781,0.189
423000,0.030,0.768,0.202
423500,0.030,0.764,0.206
424000,0.030,0.798,0.171
424500,0.030,0.787,0.182
425000,0.030,0.812,0.157
425500,0.030,0.830,0.140
426000,0.030,0.811,0.159
426500,0.030,0.800,0.170
427000,0.030,0.792,0.178
427500,0.030,0.787,0.183
428000,0.030,0.782,0.188
428500,0.030,0.793,0.177
429000,0.030,0.764,0.206
429500,0.030,0.736,0.234
430000,0.030,0.764,0.206
430500,0.030,0.784,0.185
431000,0.030,0.774,0.196
431500,0.030,0.763,0.207
432000,0.030,0.716,0.254
432500,0.030,0.749,0.221
433000,0.030,0.753,0.217
433500,0.030,0.770,0.200
434000,0.030,0.759,0.211
434500,0.030,0.766,0.204
435000,0.030,0.762,0.208
435500,0.030,0.746,0.224
436000,0.030,0.729,0.241
436500,0.032,0.764,0.205
437000,0.030,0.728,0.242
437500,0.030,0.742,0.228
438000,0.030,0.775,0.195
438500,0.030,0.759,0.211
439000,0.030,0.759,0.211
439500,0.030,0.798,0.172
440000,0.030,0.810,0.160
440500,0.030,0.757,0.213
441000,0.030,0.783,0.187
441500,0.030,0.769,0.201
442000,0.030,0.775,0.195
442500,0.030,0.787,0.183
443000,0.030,0.775,0.195
443500,0.030,0.799,0.171
444000,0.030,0.784,0.186
444500,0.030,0.768,0.202
445000,0.030,0.720,0.250
445500,0.030,0.764,0.206
446000,0.030,0.739,0.231
446500,0.030,0.713,0.257
447000,0.030,0.730,0.240
447500,0.030,0.730,0.240
448000,0.030,0.764,0.206
448500,0.030,0.785,0.185
449000,0.030,0.803,0.167
449500,0.030,0.799,0.171
450000,0.030,0.801,0.169
450500,0.030,0.806,0.164
451000,0.030,0.781,0.189
451500,0.030,0.798,0.171
452000,0.030,0.789,0.181
452500,0.030,0.805,0.164
453000,0.030,0.811,0.158
453500,0.030,0.820,0.150
454000,0.030,0.810,0.159
454500,0.030,0.832,0.138
455000,0.030,0.834,0.136
455500,0.030,0.776,0.194
456000,0.030,0.748,0.222
456500,0.030,0.768,0.202
457000,0.030,0.762,0.208
457500,0.030,0.773,0.197
458000,0.030,0.724,0.246
458500,0.030,0.701,0.269
459000,0.030,0.733,0.237
459500,0.030,0.743,0.227
460000,0.030,0.732,0.238
460500,0.030,0.751,0.219
461000,0.030,0.793,0.177
461500,0.030,0.839,0.131
462000,0.030,0.820,0.150
462500,0.030,0.828,0.142
463000,0.030,0.795,0.175
463500,0.030,0.795,0.174
464000,0.030,0.772,0.198
464500,0.030,0.764,0.206
465000,0.030,0.791,0.178
465500,0.030,0.810,0.160
466000,0.032,0.758,0.210
466500,0.031,0.759,0.210
467000,0.033,0.729,0.239
467500,0.031,0.767,0.202
468000,0.030,0.750,0.220
468500,0.030,0.744,0.226
469000,0.030,0.752,0.218
469500,0.030,0.725,0.245
470000,0.030,0.711,0.259
470500,0.030,0.703,0.267
471000,0.030,0.752,0.218
471500,0.030,0.763,0.207
472000,0.030,0.764,0.206
472500,0.030,0.750,0.220
473000,0.030,0.759,0.211
473500,0.030,0.727,0.243
474000,0.030,0.702,0.268
474500,0.030,0.749,0.221
475000,0.030,0.743,0.227
475500,0.030,0.739,0.231
476000,0.030,0.772,0.198
476500,0.030,0.810,0.160
477000,0.030,0.791,0.178
477500,0.030,0.812,0.157
478000,0.030,0.812,0.157
478500,0.030,0.805,0.164
479000,0.030,0.789,0.180
479500,0.030,0.763,0.207
480000,0.030,0.791,0.178
480500,0.030,0.814,0.156
481000,0.030,0.818,0.152
481500,0.030,0.807,0.163
482000,0.030,0.812,0.157
482500,0.030,0.811,0.158
483000,0.030,0.826,0.144
483500,0.030,0.829,0.141
484000,0.030,0.805,0.164
484500,0.030,0.808,0.162
485000,0.030,0.845,0.125
485500,0.030,0.835,0.135
486000,0.030,0.822,0.148
486500,0.030,0.837,0.133
487000,0.030,0.817,0.153
487500,0.030,0.786,0.184
488000,0.030,0.810,0.159
488500,0.030,0.785,0.184
489000,0.030,0.791,0.178
489500,0.030,0.795,0.174
490000,0.030,0.803,0.166
490500,0.030,0.815,0.155
491000,0.030,0.777,0.193
491500,0.030,0.807,0.163
492000,0.030,0.819,0.151
492500,0.030,0.819,0.151
493000,0.030,0.840,0.130
493500,0.030,0.821,0.149
494000,0.030,0.815,0.155
494500,0.030,0.783,0.186
495000,0.030,0.795,0.174
495500,0.030,0.796,0.174
496000,0.030,0.798,0.171
496500,0.030,0.754,0.216
497000,0.030,0.767,0.203
497500,0.030,0.779,0.191
498000,0.030,0.796,0.173
498500,0.030,0.804,0.165
499000,0.030,0.847,0.123
499500,0.030,0.861,0.109
500000,0.030,0.848,0.122
500500,0.030,0.802,0.167
501000,0.030,0.793,0.176
501500,0.030,0.801,0.168
502000,0.030,0.800,0.170
502500,0.030,0.786,0.183
503000,0.030,0.819,0.151
503500,0.030,0.810,0.160
504000,0.030,0.782,0.188
504500,0.030,0.778,0.192
505000,0.030,0.757,0.213
505500,0.030,0.777,0.193
506000,0.030,0.802,0.167
506500,0.030,0.769,0.201
507000,0.030,0.761,0.209
507500,0.030,0.764,0.206
508000,0.030,0.795,0.175
508500,0.030,0.810,0.159
509000,0.030,0.802,0.167
509500,0.030,0.791,0.178
510000,0.030,0.794,0.175
510500,0.030,0.781,0.189
511000,0.030,0.737,0.233
511500,0.030,0.749,0.221
512000,0.030,0.740,0.230
512500,0.030,0.767,0.203
513000,0.030,0.787,0.183
513500,0.030,0.789,0.180
514000,0.030,0.773,0.197
514500,0.030,0.800,0.170
515000,0.030,0.790,0.179
515500,0.030,0.794,0.175
516000,0.030,0.823,0.147
516500,0.030,0.782,0.188
517000,0.030,0.771,0.199
517500,0.030,0.779,0.191
518000,0.030,0.761,0.209
518500,0.030,0.770,0.200
519000,0.030,0.765,0.205
519500,0.030,0.782,0.188
520000,0.030,0.769,0.201
520500,0.030,0.750,0.220
521000,0.030,0.748,0.222
521500,0.030,0.784,0.186
522000,0.030,0.772,0.198
522500,0.030,0.779,0.191
523000,0.030,0.781,0.189
523500,0.030,0.799,0.171
524000,0.030,0.829,0.141
524500,0.030,0.839,0.131
525000,0.030,0.796,0.174
525500,0.030,0.769,0.201
526000,0.030,0.760,0.210
526500,0.030,0.772,0.198
527000,0.030,0.753,0.217
527500,0.030,0.756,0.214
528000,0.030,0.794,0.176
528500,0.030,0.812,0.158
529000,0.030,0.799,0.170
529500,0.030,0.791,0.179
530000,0.030,0.819,0.151
530500,0.030,0.817,0.153
531000,0.030,0.803,0.167
531500,0.030,0.792,0.178
532000,0.033,0.800,0.167
532500,0.031,0.787,0.182
533000,0.030,0.797,0.173
533500,0.030,0.792,0.178
534000,0.030,0.812,0.158
534500,0.030,0.804,0.165
535000,0.030,0.783,0.187
535500,0.030,0.803,0.167
536000,0.030,0.791,0.178
536500,0.030,0.759,0.211
537000,0.030,0.788,0.181
537500,0.030,0.801,0.168
538000,0.030,0.816,0.154
538500,0.030,0.801,0.169
539000,0.030,0.799,0.171
539500,0.030,0.804,0.166
540000,0.030,0.777,0.193
540500,0.030,0.765,0.205
541000,0.030,0.768,0.202
541500,0.030,0.789,0.180
542000,0.030,0.803,0.167
542500,0.030,0.803,0.167
543000,0.030,0.801,0.169
543500,0.030,0.790,0.179
544000,0.030,0.800,0.170
544500,0.030,0.815,0.155
545000,0.030,0.805,0.165
545500,0.030,0.820,0.150
546000,0.030,0.819,0.151
546500,0.030,0.790,0.179
547000,0.030,0.801,0.168
547500,0.030,0.811,0.158
548000,0.030,0.757,0.213
548500,0.030,0.787,0.183
549000,0.030,0.767,0.203
549500,0.030,0.781,0.189
550000,0.030,0.801,0.168
550500,0.030,0.830,0.140
551000,0.030,0.828,0.142
551500,0.030,0.831,0.139
552000,0.030,0.834,0.136
552500,0.030,0.834,0.136
553000,0.030,0.834,0.136
553500,0.030,0.806,0.163
554000,0.030,0.801,0.168
554500,0.030,0.793,0.176
555000,0.030,0.783,0.186
555500,0.030,0.773,0.197
556000,0.030,0.794,0.175
556500,0.030,0.804,0.165
557000,0.030,0.792,0.178
557500,0.030,0.784,0.185
558000,0.030,0.775,0.195
558500,0.030,0.749,0.221
559000,0.030,0.762,0.208
559500,0.030,0.782,0.188
560000,0.030,0.811,0.159
560500,0.030,0.822,0.148
561000,0.030,0.811,0.159
561500,0.030,0.825,0.145
562000,0.030,0.793,0.177
562500,0.030,0.761,0.209
563000,0.030,0.713,0.257
563500,0.030,0.750,0.220
564000,0.030,0.755,0.215
564500,0.030,0.747,0.223
565000,0.030,0.735,0.235
565500,0.030,0.696,0.274
566000,0.032,0.734,0.234
566500,0.030,0.760,0.210
567000,0.030,0.778,0.192
567500,0.030,0.766,0.204
568000,0.030,0.753,0.217
568500,0.030,0.745,0.225
569000,0.030,0.750,0.220
569500,0.030,0.751,0.219
570000,0.030,0.789,0.180
570500,0.030,0.774,0.196
571000,0.030,0.780,0.190
571500,0.030,0.788,0.182
572000,0.030,0.792,0.178
572500,0.030,0.765,0.205
573000,0.030,0.775,0.195
573500,0.030,0.816,0.154
574000,0.030,0.822,0.148
574500,0.030,0.806,0.164
575000,0.030,0.788,0.182
575500,0.030,0.754,0.216
576000,0.030,0.802,0.168
576500,0.030,0.803,0.167
577000,0.030,0.770,0.200
577500,0.030,0.755,0.215
578000,0.030,0.771,0.199
578500,0.030,0.795,0.175
579000,0.030,0.784,0.186
579500,0.030,0.772,0.198
580000,0.030,0.806,0.164
580500,0.030,0.793,0.177
581000,0.030,0.778,0.192
581500,0.030,0.746,0.224
582000,0.030,0.715,0.255
582500,0.030,0.756,0.214
583000,0.030,0.742,0.228
583500,0.030,0.726,0.244
584000,0.030,0.730,0.240
584500,0.030,0.754,0.216
585000,0.030,0.711,0.259
585500,0.030,0.744,0.226
586000,0.030,0.750,0.220
586500,0.030,0.782,0.188
587000,0.030,0.788,0.181
587500,0.030,0.801,0.169
588000,0.030,0.781,0.189
588500,0.030,0.803,0.166
589000,0.030,0.817,0.153
589500,0.030,0.834,0.136
590000,0.030,0.831,0.139
590500,0.030,0.826,0.144
591000,0.030,0.800,0.170
591500,0.030,0.821,0.149
592000,0.030,0.806,0.163
592500,0.030,0.831,0.139
593000,0.030,0.795,0.175
593500,0.030,0.777,0.193
594000,0.030,0.761,0.209
594500,0.030,0.740,0.230
595000,0.030,0.738,0.232
595500,0.030,0.742,0.228
596000,0.030,0.774,0.196
596500,0.030,0.741,0.229
597000,0.030,0.757,0.213
597500,0.030,0.773,0.197
598000,0.030,0.756,0.214
598500,0.030,0.757,0.213
599000,0.030,0.755,0.215
599500,0.030,0.741,0.229
600000,0.030,0.734,0.236
600500,0.030,0.750,0.220
601000,0.030,0.779,0.191
601500,0.030,0.773,0.197
602000,0.030,0.763,0.207
602500,0.030,0.761,0.209
603000,0.030,0.744,0.226
603500,0.030,0.785,0.185
604000,0.030,0.811,0.159
604500,0.030,0.770,0.200
605000,0.030,0.730,0.240
605500,0.030,0.722,0.248
606000,0.030,0.729,0.241
606500,0.030,0.710,0.260
607000,0.030,0.766,0.204
607500,0.030,0.762,0.208
608000,0.030,0.751,0.219
608500,0.030,0.745,0.225
609000,0.030,0.780,0.190
609500,0.030,0.793,0.177
610000,0.030,0.790,0.179
610500,0.030,0.760,0.210
611000,0.030,0.748,0.222
611500,0.030,0.790,0.180
612000,0.030,0.794,0.175
612500,0.030,0.785,0.184
613000,0.030,0.765,0.205
613500,0.030,0.779,0.191
614000,0.030,0.790,0.179
614500,0.030,0.765,0.205
615000,0.030,0.770,0.200
615500,0.030,0.732,0.238
616000,0.030,0.770,0.200
616500,0.030,0.783,0.186
617000,0.030,0.769,0.201
617500,0.030,0.781,0.189
618000,0.030,0.758,0.212
618500,0.030,0.761,0.209
619000,0.030,0.765,0.205
619500,0.030,0.785,0.185
620000,0.030,0.774,0.196
620500,0.030,0.774,0.196
621000,0.030,0.823,0.147
621500,0.030,0.826,0.144
622000,0.030,0.810,0.160
622500,0.030,0.818,0.152
623000,0.030,0.819,0.151
623500,0.030,0.852,0.118
624000,0.030,0.855,0.115
624500,0.030,0.842,0.128
625000,0.030,0.812,0.157
625500,0.030,0.804,0.165
626000,0.030,0.823,0.147
626500,0.030,0.817,0.153
627000,0.030,0.789,0.181
627500,0.030,0.796,0.174
628000,0.030,0.808,0.162
628500,0.030,0.800,0.170
629000,0.030,0.813,0.157
629500,0.030,0.827,0.143
630000,0.030,0.790,0.179
630500,0.030,0.796,0.174
631000,0.030,0.817,0.153
631500,0.030,0.784,0.185
632000,0.030,0.819,0.151
632500,0.030,0.794,0.175
633000,0.030,0.777,0.193
633500,0.030,0.770,0.200
634000,0.030,0.771,0.199
634500,0.030,0.753,0.217
635000,0.030,0.748,0.222
635500,0.030,0.750,0.220
636000,0.030,0.771,0.199
636500,0.030,0.760,0.210
637000,0.030,0.802,0.167
637500,0.030,0.794,0.175
638000,0.030,0.800,0.170
638500,0.030,0.794,0.176
639000,0.030,0.748,0.222
639500,0.030,0.755,0.215
640000,0.030,0.759,0.211
640500,0.030,0.781,0.189
641000,0.030,0.783,0.187
641500,0.030,0.750,0.220
642000,0.030,0.768,0.202
642500,0.030,0.736,0.234
643000,0.030,0.762,0.208
643500,0.030,0.758,0.212
644000,0.030,0.756,0.214
644500,0.030,0.784,0.186
645000,0.030,0.810,0.160
645500,0.030,0.829,0.141
646000,0.030,0.806,0.163
646500,0.030,0.820,0.150
647000,0.030,0.769,0.201
647500,0.030,0.741,0.229
648000,0.030,0.758,0.212
648500,0.030,0.773,0.197
649000,0.030,0.782,0.188
649500,0.030,0.773,0.197
650000,0.030,0.792,0.178
650500,0.030,0.815,0.155
651000,0.030,0.804,0.166
651500,0.030,0.766,0.204
652000,0.030,0.794,0.175
652500,0.030,0.768,0.202
653000,0.030,0.735,0.235
653500,0.030,0.718,0.252
654000,0.030,0.749,0.221
654500,0.030,0.755,0.215
655000,0.030,0.763,0.207
655500,0.030,0.773,0.197
656000,0.030,0.791,0.178
656500,0.030,0.792,0.178
657000,0.030,0.764,0.206
657500,0.030,0.756,0.214
658000,0.030,0.763,0.207
658500,0.030,0.737,0.233
659000,0.030,0.749,0.221
659500,0.030,0.753,0.217
660000,0.030,0.771,0.199
660500,0.030,0.742,0.228
661000,0.030,0.749,0.221
661500,0.030,0.759,0.211
662000,0.030,0.767,0.203
662500,0.030,0.777,0.193
663000,0.030,0.784,0.186
663500,0.030,0.762,0.208
664000,0.030,0.746,0.224
664500,0.030,0.752,0.218
665000,0.030,0.786,0.183
665500,0.030,0.763,0.207
666000,0.030,0.778,0.192
666500,0.030,0.715,0.255
667000,0.030,0.747,0.223
667500,0.030,0.754,0.216
668000,0.030,0.748,0.222
668500,0.030,0.753,0.217
669000,0.030,0.779,0.191
669500,0.030,0.787,0.183
670000,0.030,0.780,0.190
670500,0.030,0.778,0.192
671000,0.030,0.782,0.188
671500,0.030,0.793,0.176
672000,0.030,0.762,0.208
672500,0.030,0.802,0.168
673000,0.030,0.820,0.150
673500,0.030,0.836,0.134
674000,0.030,0.822,0.148
674500,0.030,0.815,0.155
675000,0.030,0.811,0.158
675500,0.030,0.814,0.156
676000,0.030,0.808,0.161
676500,0.030,0.826,0.144
677000,0.030,0.784,0.186
677500,0.030,0.819,0.151
678000,0.030,0.809,0.160
678500,0.030,0.824,0.146
679000,0.030,0.793,0.177
679500,0.030,0.796,0.173
680000,0.030,0.805,0.164
680500,0.030,0.790,0.179
681000,0.030,0.824,0.146
681500,0.030,0.805,0.164
682000,0.030,0.814,0.156
682500,0.030,0.807,0.163
683000,0.030,0.836,0.134
683500,0.030,0.826,0.144
684000,0.030,0.820,0.150
684500,0.030,0.788,0.182
685000,0.030,0.774,0.196
685500,0.030,0.771,0.199
686000,0.030,0.788,0.182
686500,0.030,0.783,0.187
687000,0.030,0.749,0.221
687500,0.030,0.750,0.220
688000,0.030,0.783,0.187
688500,0.030,0.814,0.156
689000,0.030,0.838,0.132
689500,0.030,0.848,0.122
690000,0.030,0.816,0.154
690500,0.030,0.814,0.156
691000,0.030,0.808,0.161
691500,0.030,0.821,0.149
692000,0.030,0.813,0.157
692500,0.030,0.825,0.145
693000,0.030,0.800,0.169
693500,0.030,0.804,0.165
694000,0.030,0.772,0.198
694500,0.030,0.755,0.215
695000,0.030,0.776,0.194
695500,0.030,0.780,0.190
696000,0.030,0.791,0.179
696500,0.030,0.776,0.194
697000,0.030,0.786,0.184
697500,0.030,0.776,0.194
698000,0.030,0.770,0.200
698500,0.030,0.775,0.195
699000,0.030,0.760,0.210
699500,0.030,0.742,0.228
700000,0.030,0.766,0.204
700500,0.030,0.777,0.193
701000,0.030,0.787,0.182
701500,0.030,0.800,0.170
702000,0.030,0.784,0.186
702500,0.030,0.742,0.228
703000,0.030,0.727,0.243
703500,0.030,0.745,0.225
704000,0.030,0.740,0.230
704500,0.030,0.739,0.231
705000,0.030,0.738,0.232
705500,0.030,0.739,0.231
706000,0.030,0.746,0.224
706500,0.030,0.756,0.214
707000,0.030,0.761,0.209
707500,0.030,0.802,0.167
708000,0.030,0.822,0.148
708500,0.030,0.787,0.183
709000,0.030,0.771,0.199
709500,0.030,0.792,0.178
710000,0.030,0.771,0.199
710500,0.030,0.774,0.196
711000,0.030,0.770,0.200
711500,0.030,0.775,0.195
712000,0.030,0.772,0.198
712500,0.030,0.714,0.256
713000,0.030,0.742,0.228
713500,0.030,0.761,0.209
714000,0.030,0.735,0.235
714500,0.030,0.741,0.229
715000,0.030,0.770,0.200
715500,0.030,0.757,0.213
716000,0.030,0.781,0.189
716500,0.030,0.792,0.178
717000,0.030,0.771,0.199
717500,0.030,0.758,0.212
718000,0.030,0.726,0.244
718500,0.030,0.721,0.249
719000,0.030,0.743,0.227
719500,0.030,0.742,0.228
720000,0.030,0.742,0.228
720500,0.030,0.750,0.220
721000,0.030,0.731,0.239
721500,0.030,0.726,0.244
722000,0.030,0.788,0.181
722500,0.030,0.799,0.170
723000,0.030,0.792,0.177
723500,0.030,0.808,0.162
724000,0.030,0.785,0.185
724500,0.030,0.798,0.172
725000,0.030,0.810,0.159
725500,0.030,0.779,0.191
726000,0.030,0.763,0.207
726500,0.030,0.774,0.196
727000,0.030,0.764,0.206
727500,0.030,0.743,0.227
728000,0.030,0.774,0.196
728500,0.030,0.774,0.196
729000,0.030,0.739,0.231
729500,0.030,0.716,0.254
730000,0.030,0.720,0.250
730500,0.030,0.772,0.198
731000,0.030,0.762,0.208
731500,0.030,0.751,0.219
732000,0.030,0.761,0.209
732500,0.030,0.765,0.205
733000,0.030,0.743,0.227
733500,0.030,0.749,0.221
734000,0.030,0.781,0.189
734500,0.030,0.801,0.168
735000,0.030,0.798,0.172
735500,0.030,0.795,0.175
736000,0.030,0.751,0.219
736500,0.030,0.766,0.204
737000,0.030,0.772,0.198
737500,0.030,0.784,0.186
738000,0.030,0.797,0.173
738500,0.030,0.795,0.174
739000,0.030,0.808,0.161
739500,0.030,0.772,0.198
740000,0.030,0.772,0.198
740500,0.030,0.765,0.205
741000,0.030,0.768,0.202
741500,0.030,0.781,0.189
742000,0.030,0.759,0.211
742500,0.030,0.755,0.215
743000,0.030,0.786,0.183
743500,0.030,0.802,0.168
744000,0.030,0.814,0.156
744500,0.030,0.797,0.172
745000,0.030,0.762,0.208
745500,0.030,0.773,0.197
746000,0.030,0.755,0.215
746500,0.030,0.744,0.226
747000,0.030,0.748,0.222
747500,0.030,0.739,0.231
748000,0.030,0.745,0.225
748500,0.030,0.732,0.238
749000,0.030,0.717,0.253
749500,0.030,0.718,0.252
750000,0.030,0.735,0.235
750500,0.030,0.743,0.227
751000,0.030,0.779,0.191
751500,0.030,0.768,0.202
752000,0.030,0.800,0.170
752500,0.030,0.795,0.175
753000,0.030,0.789,0.180
753500,0.030,0.812,0.158
754000,0.030,0.778,0.192
754500,0.030,0.773,0.197
755000,0.030,0.730,0.240
755500,0.030,0.711,0.259
756000,0.030,0.738,0.232
756500,0.030,0.727,0.243
757000,0.030,0.739,0.231
757500,0.030,0.745,0.225
758000,0.030,0.759,0.211
758500,0.030,0.770,0.200
759000,0.030,0.761,0.209
759500,0.030,0.751,0.219
760000,0.030,0.753,0.217
760500,0.030,0.788,0.182
761000,0.030,0.782,0.188
761500,0.030,0.809,0.160
762000,0.030,0.834,0.136
762500,0.030,0.811,0.158
763000,0.030,0.823,0.147
763500,0.030,0.834,0.136
764000,0.030,0.826,0.144
764500,0.030,0.815,0.155
765000,0.030,0.829,0.141
765500,0.030,0.810,0.159
766000,0.030,0.822,0.148
766500,0.030,0.812,0.157
767000,0.030,0.783,0.186
767500,0.030,0.790,0.180
768000,0.030,0.795,0.175
768500,0.030,0.798,0.171
769000,0.030,0.801,0.169
769500,0.030,0.829,0.141
770000,0.030,0.804,0.165
770500,0.030,0.794,0.175
771000,0.030,0.806,0.164
771500,0.030,0.814,0.156
772000,0.030,0.817,0.153
772500,0.030,0.753,0.217
773000,0.030,0.759,0.211
773500,0.030,0.738,0.232
774000,0.030,0.758,0.212
774500,0.030,0.781,0.189
775000,0.030,0.806,0.164
775500,0.030,0.761,0.209
776000,0.030,0.773,0.197
776500,0.030,0.788,0.181
777000,0.030,0.802,0.167
777500,0.030,0.803,0.167
778000,0.030,0.825,0.145
778500,0.030,0.775,0.195
779000,0.030,0.762,0.208
779500,0.030,0.760,0.210
780000,0.030,0.743,0.227
780500,0.030,0.764,0.206
781000,0.030,0.746,0.224
781500,0.030,0.734,0.236
782000,0.030,0.746,0.224
782500,0.030,0.784,0.185
783000,0.030,0.781,0.189
783500,0.030,0.780,0.190
784000,0.030,0.783,0.186
784500,0.030,0.749,0.221
785000,0.030,0.754,0.216
785500,0.030,0.793,0.176
786000,0.030,0.766,0.204
786500,0.030,0.779,0.191
787000,0.030,0.775,0.195
787500,0.030,0.761,0.209
788000,0.030,0.764,0.206
788500,0.030,0.753,0.217
789000,0.030,0.787,0.182
789500,0.030,0.768,0.202
790000,0.030,0.728,0.242
790500,0.030,0.752,0.218
791000,0.030,0.764,0.206
791500,0.030,0.774,0.196
792000,0.030,0.800,0.170
792500,0.030,0.768,0.202
793000,0.030,0.750,0.220
793500,0.030,0.755,0.215
794000,0.030,0.751,0.219
794500,0.030,0.756,0.214
795000,0.030,0.792,0.177
795500,0.030,0.812,0.158
796000,0.030,0.797,0.172
796500,0.030,0.816,0.154
797000,0.030,0.805,0.164
797500,0.030,0.788,0.181
798000,0.030,0.779,0.191
798500,0.030,0.781,0.189
799000,0.030,0.768,0.202
799500,0.030,0.772,0.198
800000,0.030,0.813,0.157
800500,0.030,0.782,0.188
801000,0.030,0.806,0.163
801500,0.030,0.796,0.173
802000,0.030,0.775,0.195
802500,0.030,0.762,0.208
803000,0.030,0.729,0.241
803500,0.030,0.755,0.215
804000,0.030,0.749,0.221
804500,0.030,0.757,0.213
805000,0.030,0.776,0.194
805500,0.030,0.782,0.188
806000,0.030,0.808,0.161
806500,0.030,0.770,0.200
807000,0.030,0.753,0.217
807500,0.030,0.763,0.207
808000,0.030,0.763,0.207
808500,0.030,0.769,0.201
809000,0.030,0.747,0.223
809500,0.030,0.743,0.227
810000,0.030,0.738,0.232
810500,0.030,0.771,0.199
811000,0.030,0.756,0.214
811500,0.030,0.708,0.262
812000,0.030,0.718,0.252
812500,0.030,0.761,0.209
813000,0.030,0.784,0.186
813500,0.030,0.781,0.189
814000,0.030,0.778,0.192
814500,0.030,0.758,0.212
815000,0.030,0.801,0.169
815500,0.030,0.788,0.181
816000,0.030,0.838,0.132
816500,0.030,0.852,0.118
817000,0.030,0.814,0.156
817500,0.030,0.802,0.168
818000,0.030,0.814,0.156
818500,0.030,0.813,0.157
819000,0.030,0.811,0.158
819500,0.030,0.813,0.157
820000,0.030,0.762,0.208
820500,0.030,0.771,0.199
821000,0.030,0.743,0.227
821500,0.030,0.748,0.222
822000,0.030,0.749,0.221
822500,0.030,0.757,0.213
823000,0.030,0.738,0.232
823500,0.030,0.728,0.242
824000,0.030,0.752,0.218
824500,0.030,0.754,0.216
825000,0.030,0.771,0.199
825500,0.030,0.828,0.142
826000,0.030,0.836,0.134
826500,0.030,0.838,0.132
827000,0.030,0.829,0.141
827500,0.030,0.792,0.178
828000,0.030,0.768,0.202
828500,0.030,0.782,0.188
829000,0.030,0.792,0.177
829500,0.030,0.783,0.187
830000,0.030,0.806,0.163
830500,0.030,0.795,0.175
831000,0.030,0.788,0.182
831500,0.030,0.798,0.171
832000,0.030,0.804,0.166
832500,0.030,0.790,0.180
833000,0.030,0.795,0.174
833500,0.030,0.794,0.176
834000,0.030,0.770,0.200
834500,0.030,0.793,0.177
835000,0.030,0.770,0.200
835500,0.030,0.767,0.203
836000,0.030,0.779,0.191
836500,0.030,0.776,0.194
837000,0.030,0.762,0.208
837500,0.030,0.781,0.189
838000,0.030,0.769,0.201
838500,0.030,0.767,0.203
839000,0.030,0.794,0.176
839500,0.030,0.795,0.174
840000,0.030,0.781,0.189
840500,0.030,0.785,0.185
841000,0.030,0.781,0.189
841500,0.030,0.802,0.168
842000,0.030,0.788,0.181
842500,0.030,0.782,0.188
843000,0.030,0.774,0.196
843500,0.030,0.794,0.175
844000,0.030,0.746,0.224
844500,0.030,0.783,0.187
845000,0.030,0.773,0.197
845500,0.030,0.777,0.193
846000,0.030,0.796,0.173
846500,0.030,0.784,0.185
847000,0.030,0.782,0.188
847500,0.030,0.763,0.207
848000,0.030,0.769,0.201
848500,0.030,0.754,0.216
849000,0.030,0.828,0.142
849500,0.030,0.796,0.173
850000,0.030,0.797,0.172
850500,0.030,0.784,0.185
851000,0.030,0.808,0.162
851500,0.030,0.794,0.175
852000,0.030,0.790,0.179
852500,0.030,0.805,0.164
853000,0.030,0.807,0.162
853500,0.030,0.803,0.167
854000,0.030,0.790,0.180
854500,0.030,0.778,0.192
855000,0.030,0.749,0.221
855500,0.030,0.725,0.245
856000,0.030,0.772,0.198
856500,0.030,0.783,0.186
857000,0.030,0.758,0.212
857500,0.030,0.763,0.207
858000,0.033,0.789,0.178
858500,0.030,0.754,0.216
859000,0.030,0.766,0.204
859500,0.030,0.774,0.196
860000,0.030,0.794,0.175
860500,0.030,0.767,0.203
861000,0.030,0.780,0.190
861500,0.030,0.788,0.182
862000,0.030,0.766,0.204
862500,0.030,0.779,0.191
863000,0.030,0.760,0.210
863500,0.030,0.765,0.205
864000,0.030,0.748,0.222
864500,0.030,0.788,0.181
865000,0.030,0.799,0.171
865500,0.030,0.806,0.163
866000,0.030,0.795,0.175
866500,0.030,0.784,0.186
867000,0.030,0.788,0.182
867500,0.030,0.767,0.203
868000,0.030,0.767,0.203
868500,0.030,0.799,0.170
869000,0.030,0.805,0.165
869500,0.030,0.771,0.199
870000,0.030,0.834,0.136
870500,0.030,0.836,0.134
871000,0.030,0.797,0.172
871500,0.030,0.801,0.168
872000,0.030,0.782,0.188
872500,0.030,0.786,0.183
873000,0.030,0.786,0.184
873500,0.032,0.778,0.190
874000,0.030,0.787,0.182
874500,0.030,0.813,0.157
875000,0.030,0.827,0.143
875500,0.030,0.833,0.137
876000,0.030,0.858,0.112
876500,0.030,0.865,0.105
877000,0.030,0.866,0.104
877500,0.030,0.881,0.089
878000,0.030,0.843,0.127
878500,0.030,0.786,0.184
879000,0.030,0.783,0.186
879500,0.030,0.782,0.188
880000,0.030,0.767,0.203
880500,0.030,0.769,0.201
881000,0.030,0.744,0.226
881500,0.030,0.759,0.211
882000,0.030,0.774,0.196
882500,0.030,0.746,0.224
883000,0.030,0.750,0.220
883500,0.030,0.778,0.192
884000,0.030,0.748,0.222
884500,0.030,0.754,0.216
885000,0.030,0.807,0.163
885500,0.030,0.805,0.165
886000,0.030,0.806,0.163
886500,0.030,0.810,0.160
887000,0.030,0.810,0.159
887500,0.030,0.803,0.166
888000,0.030,0.821,0.149
888500,0.030,0.818,0.152
889000,0.030,0.827,0.143
889500,0.030,0.818,0.152
890000,0.030,0.818,0.152
890500,0.030,0.788,0.181
891000,0.030,0.788,0.182
891500,0.030,0.751,0.219
892000,0.030,0.743,0.227
892500,0.030,0.709,0.261
893000,0.030,0.772,0.198
893500,0.030,0.789,0.180
894000,0.030,0.751,0.219
894500,0.030,0.767,0.203
895000,0.030,0.756,0.214
895500,0.030,0.766,0.204
896000,0.030,0.706,0.264
896500,0.030,0.737,0.233
897000,0.030,0.718,0.252
897500,0.030,0.725,0.245
898000,0.030,0.752,0.218
898500,0.030,0.775,0.195
899000,0.030,0.747,0.223
899500,0.030,0.777,0.193
900000,0.030,0.806,0.163
900500,0.030,0.777,0.193
901000,0.030,0.800,0.169
901500,0.030,0.789,0.181
902000,0.030,0.800,0.169
902500,0.030,0.825,0.145
903000,0.030,0.799,0.171
903500,0.030,0.801,0.168
904000,0.030,0.769,0.201
904500,0.030,0.774,0.196
905000,0.030,0.806,0.163
905500,0.030,0.791,0.178
906000,0.030,0.783,0.186
906500,0.030,0.811,0.158
907000,0.030,0.820,0.150
907500,0.030,0.761,0.209
908000,0.030,0.795,0.174
908500,0.030,0.753,0.217
909000,0.030,0.752,0.218
909500,0.030,0.774,0.196
910000,0.030,0.747,0.223
910500,0.030,0.764,0.206
911000,0.030,0.783,0.187
911500,0.030,0.764,0.206
912000,0.030,0.798,0.171
912500,0.030,0.800,0.169
913000,0.030,0.816,0.154
913500,0.030,0.779,0.191
914000,0.030,0.762,0.208
914500,0.030,0.760,0.210
915000,0.030,0.777,0.193
915500,0.030,0.778,0.192
916000,0.030,0.782,0.188
916500,0.030,0.762,0.208
917000,0.030,0.768,0.202
917500,0.030,0.736,0.234
918000,0.030,0.736,0.234
918500,0.030,0.748,0.222
919000,0.030,0.740,0.230
919500,0.030,0.745,0.225
920000,0.030,0.736,0.234
920500,0.030,0.743,0.227
921000,0.030,0.779,0.191
921500,0.030,0.795,0.175
922000,0.030,0.798,0.172
922500,0.030,0.801,0.169
923000,0.030,0.829,0.141
923500,0.030,0.818,0.152
924000,0.030,0.796,0.173
924500,0.030,0.804,0.166
925000,0.030,0.781,0.189
925500,0.030,0.778,0.192
926000,0.030,0.770,0.200
926500,0.030,0.779,0.191
927000,0.030,0.761,0.209
927500,0.030,0.762,0.208
928000,0.030,0.771,0.199
928500,0.030,0.779,0.191
929000,0.030,0.790,0.180
929500,0.030,0.784,0.186
930000,0.030,0.783,0.186
930500,0.030,0.777,0.193
931000,0.030,0.795,0.175
931500,0.030,0.795,0.174
932000,0.030,0.798,0.172
932500,0.030,0.797,0.172
933000,0.030,0.825,0.145
933500,0.030,0.801,0.168
934000,0.030,0.821,0.149
934500,0.030,0.822,0.148
935000,0.030,0.793,0.177
935500,0.030,0.803,0.166
936000,0.030,0.803,0.166
936500,0.030,0.795,0.174
937000,0.030,0.805,0.164
937500,0.030,0.806,0.164
938000,0.030,0.800,0.169
938500,0.030,0.811,0.159
939000,0.030,0.788,0.181
939500,0.030,0.801,0.169
940000,0.030,0.768,0.202
940500,0.030,0.740,0.230
941000,0.030,0.689,0.281
941500,0.030,0.706,0.264
942000,0.030,0.700,0.270
942500,0.030,0.708,0.262
943000,0.030,0.711,0.259
943500,0.030,0.716,0.254
944000,0.030,0.768,0.202
944500,0.030,0.794,0.175
945000,0.030,0.752,0.218
945500,0.030,0.739,0.231
946000,0.030,0.747,0.223
946500,0.030,0.770,0.200
947000,0.030,0.788,0.182
947500,0.030,0.803,0.167
948000,0.030,0.827,0.143
948500,0.030,0.796,0.173
949000,0.030,0.807,0.163
949500,0.030,0.778,0.192
950000,0.030,0.814,0.156
950500,0.030,0.796,0.174
951000,0.030,0.774,0.196
951500,0.030,0.745,0.225
952000,0.030,0.725,0.245
952500,0.030,0.762,0.208
953000,0.030,0.768,0.202
953500,0.030,0.782,0.188
954000,0.030,0.810,0.160
954500,0.030,0.822,0.148
955000,0.030,0.824,0.146
955500,0.030,0.816,0.154
956000,0.030,0.798,0.171
956500,0.030,0.811,0.159
957000,0.030,0.797,0.173
957500,0.030,0.805,0.165
958000,0.030,0.792,0.177
958500,0.030,0.751,0.219
959000,0.030,0.766,0.204
959500,0.030,0.779,0.191
960000,0.030,0.772,0.198
960500,0.030,0.790,0.180
961000,0.030,0.800,0.169
961500,0.030,0.783,0.186
962000,0.030,0.794,0.175
962500,0.030,0.798,0.171
963000,0.030,0.768,0.202
963500,0.030,0.788,0.182
964000,0.030,0.805,0.165
964500,0.030,0.822,0.148
965000,0.030,0.822,0.148
965500,0.030,0.835,0.135
966000,0.030,0.834,0.136
966500,0.030,0.823,0.147
967000,0.030,0.770,0.200
967500,0.030,0.759,0.211
968000,0.030,0.802,0.168
968500,0.030,0.794,0.176
969000,0.030,0.788,0.181
969500,0.030,0.793,0.177
970000,0.030,0.791,0.179
970500,0.030,0.775,0.195
971000,0.030,0.759,0.211
971500,0.030,0.778,0.192
972000,0.030,0.753,0.217
972500,0.030,0.801,0.168
973000,0.030,0.781,0.189
973500,0.030,0.766,0.204
974000,0.030,0.742,0.228
974500,0.030,0.733,0.237
975000,0.030,0.755,0.215
975500,0.030,0.741,0.229
976000,0.030,0.696,0.274
976500,0.030,0.744,0.226
977000,0.030,0.792,0.177
977500,0.030,0.802,0.167
978000,0.030,0.786,0.183
978500,0.030,0.776,0.194
979000,0.030,0.769,0.201
979500,0.030,0.775,0.195
980000,0.030,0.778,0.192
980500,0.030,0.781,0.189
981000,0.030,0.795,0.175
981500,0.030,0.782,0.188
982000,0.030,0.789,0.180
982500,0.030,0.770,0.200
983000,0.030,0.739,0.231
983500,0.030,0.770,0.200
984000,0.030,0.769,0.201
984500,0.030,0.756,0.214
985000,0.030,0.741,0.229
985500,0.030,0.762,0.208
986000,0.030,0.782,0.188
986500,0.030,0.793,0.177
987000,0.030,0.781,0.189
987500,0.030,0.797,0.172
988000,0.030,0.784,0.185
988500,0.030,0.765,0.205
989000,0.030,0.772,0.198
989500,0.030,0.792,0.178
990000,0.030,0.778,0.192
990500,0.030,0.797,0.173
991000,0.030,0.761,0.209
991500,0.030,0.788,0.181
992000,0.030,0.770,0.200
992500,0.030,0.783,0.186
993000,0.030,0.762,0.208
993500,0.030,0.799,0.170
994000,0.030,0.747,0.223
994500,0.030,0.762,0.208
995000,0.030,0.762,0.208
995500,0.030,0.785,0.184
996000,0.030,0.810,0.160
996500,0.030,0.813,0.157
997000,0.030,0.842,0.128
997500,0.030,0.827,0.143
998000,0.030,0.804,0.165
998500,0.030,0.801,0.169
999000,0.030,0.790,0.180
999500,0.030,0.776,0.194
1000000,0.030,0.796,0.174
