time,n_A+p,n_B,n_AB
500,0.050,0.903,0.047
1000,0.050,0.886,0.064
1500,0.050,0.842,0.108
2000,0.050,0.808,0.142
2500,0.050,0.769,0.181
3000,0.051,0.772,0.177
3500,0.050,0.796,0.154
4000,0.053,0.764,0.183
4500,0.051,0.781,0.168
5000,0.053,0.765,0.182
5500,0.052,0.752,0.196
6000,0.050,0.719,0.231
6500,0.050,0.732,0.218
7000,0.050,0.737,0.213
7500,0.052,0.737,0.211
8000,0.051,0.724,0.225
8500,0.054,0.709,0.237
9000,0.052,0.686,0.262
9500,0.055,0.713,0.232
10000,0.051,0.681,0.268
10500,0.054,0.751,0.195
11000,0.051,0.769,0.180
11500,0.050,0.778,0.172
12000,0.050,0.784,0.166
12500,0.050,0.791,0.159
13000,0.050,0.794,0.156
13500,0.050,0.768,0.182
14000,0.052,0.739,0.209
14500,0.051,0.724,0.225
15000,0.054,0.734,0.212
15500,0.057,0.765,0.178
16000,0.053,0.663,0.284
16500,0.051,0.728,0.221
17000,0.050,0.765,0.185
17500,0.053,0.730,0.217
18000,0.050,0.706,0.244
18500,0.056,0.696,0.248
19000,0.058,0.641,0.301
19500,0.059,0.660,0.281
20000,0.058,0.634,0.308
20500,0.059,0.628,0.313
21000,0.055,0.661,0.284
21500,0.050,0.639,0.311
22000,0.050,0.672,0.278
22500,0.050,0.675,0.275
23000,0.051,0.725,0.224
23500,0.050,0.730,0.220
24000,0.051,0.742,0.207
24500,0.051,0.756,0.193
25000,0.050,0.694,0.256
25500,0.054,0.682,0.264
26000,0.054,0.698,0.248
26500,0.053,0.709,0.238
27000,0.052,0.698,0.250
27500,0.055,0.706,0.239
28000,0.053,0.724,0.223
28500,0.050,0.758,0.192
29000,0.053,0.748,0.199
29500,0.053,0.758,0.189
30000,0.051,0.766,0.183
30500,0.051,0.768,0.181
31000,0.054,0.759,0.187
31500,0.050,0.734,0.216
32000,0.052,0.759,0.189
32500,0.051,0.742,0.207
33000,0.053,0.741,0.206
33500,0.051,0.744,0.205
34000,0.050,0.759,0.191
34500,0.050,0.779,0.171
35000,0.050,0.749,0.201
35500,0.050,0.746,0.204
36000,0.050,0.722,0.228
36500,0.055,0.733,0.212
37000,0.050,0.737,0.213
37500,0.050,0.759,0.191
38000,0.050,0.763,0.187
38500,0.052,0.774,0.174
39000,0.050,0.746,0.204
39500,0.052,0.768,0.180
40000,0.051,0.750,0.199
40500,0.050,0.781,0.169
41000,0.050,0.794,0.156
41500,0.050,0.774,0.176
42000,0.053,0.775,0.172
42500,0.050,0.796,0.154
43000,0.052,0.770,0.178
43500,0.050,0.779,0.171
44000,0.050,0.798,0.152
44500,0.050,0.781,0.169
45000,0.051,0.722,0.227
45500,0.050,0.703,0.247
46000,0.052,0.711,0.237
46500,0.050,0.719,0.231
47000,0.050,0.739,0.211
47500,0.050,0.743,0.207
48000,0.050,0.711,0.239
48500,0.055,0.702,0.243
49000,0.054,0.757,0.189
49500,0.051,0.769,0.180
50000,0.051,0.716,0.233
50500,0.050,0.726,0.224
51000,0.051,0.766,0.183
51500,0.051,0.763,0.186
52000,0.052,0.769,0.179
52500,0.051,0.770,0.179
53000,0.050,0.742,0.208
53500,0.051,0.720,0.229
54000,0.050,0.728,0.222
54500,0.050,0.754,0.196
55000,0.050,0.757,0.193
55500,0.050,0.749,0.201
56000,0.050,0.763,0.187
56500,0.056,0.772,0.172
57000,0.052,0.721,0.227
57500,0.050,0.692,0.258
58000,0.050,0.742,0.208
58500,0.054,0.746,0.200
59000,0.054,0.746,0.200
59500,0.052,0.700,0.248
60000,0.052,0.721,0.227
60500,0.053,0.735,0.212
61000,0.054,0.725,0.221
61500,0.058,0.729,0.213
62000,0.056,0.757,0.187
62500,0.052,0.750,0.198
63000,0.051,0.740,0.209
63500,0.053,0.754,0.193
64000,0.050,0.771,0.179
64500,0.051,0.745,0.204
65000,0.050,0.735,0.215
65500,0.050,0.741,0.209
66000,0.052,0.725,0.223
66500,0.056,0.734,0.210
67000,0.054,0.730,0.216
67500,0.058,0.744,0.198
68000,0.051,0.720,0.229
68500,0.054,0.691,0.255
69000,0.050,0.717,0.233
69500,0.056,0.762,0.182
70000,0.051,0.750,0.199
70500,0.050,0.766,0.184
71000,0.056,0.733,0.211
71500,0.051,0.733,0.216
72000,0.050,0.772,0.178
72500,0.050,0.797,0.153
73000,0.050,0.759,0.191
73500,0.050,0.712,0.238
74000,0.052,0.722,0.226
74500,0.051,0.710,0.239
75000,0.058,0.710,0.232
75500,0.055,0.696,0.249
76000,0.054,0.677,0.269
76500,0.057,0.689,0.254
77000,0.056,0.687,0.257
77500,0.051,0.696,0.253
78000,0.053,0.719,0.228
78500,0.055,0.684,0.261
79000,0.054,0.724,0.222
79500,0.054,0.724,0.222
80000,0.053,0.710,0.237
80500,0.056,0.717,0.227
81000,0.054,0.749,0.197
81500,0.052,0.766,0.182
82000,0.051,0.748,0.201
82500,0.055,0.764,0.181
83000,0.054,0.736,0.210
83500,0.050,0.745,0.205
84000,0.050,0.739,0.211
84500,0.053,0.725,0.222
85000,0.051,0.736,0.213
85500,0.050,0.730,0.220
86000,0.050,0.720,0.230
86500,0.053,0.716,0.231
87000,0.053,0.702,0.245
87500,0.054,0.713,0.233
88000,0.058,0.673,0.269
88500,0.050,0.707,0.243
89000,0.051,0.718,0.231
89500,0.051,0.682,0.267
90000,0.052,0.704,0.244
90500,0.053,0.699,0.248
91000,0.058,0.710,0.232
91500,0.053,0.731,0.216
92000,0.056,0.727,0.217
92500,0.050,0.749,0.201
93000,0.050,0.768,0.182
93500,0.055,0.719,0.226
94000,0.055,0.733,0.212
94500,0.052,0.737,0.211
95000,0.053,0.733,0.214
95500,0.053,0.731,0.216
96000,0.052,0.746,0.202
96500,0.052,0.712,0.236
97000,0.054,0.690,0.256
97500,0.056,0.684,0.260
98000,0.055,0.684,0.261
98500,0.059,0.657,0.284
99000,0.055,0.687,0.258
99500,0.051,0.652,0.297
100000,0.054,0.696,0.250
100500,0.052,0.708,0.240
101000,0.050,0.694,0.256
101500,0.059,0.726,0.215
102000,0.057,0.759,0.184
102500,0.051,0.763,0.186
103000,0.050,0.793,0.157
103500,0.050,0.795,0.155
104000,0.050,0.777,0.173
104500,0.053,0.742,0.205
105000,0.051,0.742,0.207
105500,0.055,0.722,0.223
106000,0.054,0.739,0.207
106500,0.053,0.729,0.218
107000,0.056,0.765,0.179
107500,0.051,0.728,0.221
108000,0.051,0.790,0.159
108500,0.050,0.811,0.139
109000,0.050,0.803,0.147
109500,0.053,0.785,0.162
110000,0.052,0.752,0.196
110500,0.051,0.742,0.207
111000,0.051,0.717,0.232
111500,0.055,0.710,0.235
112000,0.052,0.699,0.249
112500,0.052,0.693,0.255
113000,0.054,0.707,0.239
113500,0.054,0.720,0.226
114000,0.054,0.741,0.205
114500,0.051,0.729,0.220
115000,0.051,0.731,0.218
115500,0.055,0.713,0.232
116000,0.055,0.704,0.241
116500,0.055,0.694,0.251
117000,0.053,0.741,0.206
117500,0.057,0.743,0.200
118000,0.055,0.672,0.273
118500,0.054,0.695,0.251
119000,0.054,0.727,0.219
119500,0.054,0.726,0.220
120000,0.056,0.731,0.213
120500,0.050,0.696,0.254
121000,0.058,0.679,0.263
121500,0.053,0.718,0.229
122000,0.053,0.709,0.238
122500,0.053,0.709,0.238
123000,0.057,0.716,0.227
123500,0.052,0.740,0.208
124000,0.050,0.752,0.198
124500,0.057,0.764,0.179
125000,0.051,0.750,0.199
125500,0.060,0.745,0.195
126000,0.060,0.687,0.253
126500,0.056,0.721,0.223
127000,0.055,0.744,0.201
127500,0.058,0.747,0.195
128000,0.055,0.747,0.198
128500,0.051,0.757,0.192
129000,0.051,0.749,0.200
129500,0.053,0.726,0.221
130000,0.051,0.698,0.251
130500,0.058,0.683,0.259
131000,0.057,0.680,0.263
131500,0.056,0.702,0.242
132000,0.054,0.719,0.227
132500,0.053,0.714,0.233
133000,0.051,0.727,0.222
133500,0.050,0.717,0.233
134000,0.056,0.729,0.215
134500,0.054,0.700,0.246
135000,0.051,0.726,0.223
135500,0.055,0.746,0.199
136000,0.052,0.727,0.221
136500,0.054,0.738,0.208
137000,0.057,0.717,0.226
137500,0.052,0.688,0.260
138000,0.051,0.622,0.327
138500,0.054,0.687,0.259
139000,0.051,0.715,0.234
139500,0.052,0.719,0.229
140000,0.054,0.655,0.291
140500,0.051,0.716,0.233
141000,0.055,0.689,0.256
141500,0.054,0.726,0.220
142000,0.051,0.722,0.227
142500,0.054,0.704,0.242
143000,0.061,0.693,0.246
143500,0.053,0.683,0.264
144000,0.055,0.641,0.304
144500,0.054,0.706,0.240
145000,0.053,0.696,0.251
145500,0.056,0.696,0.248
146000,0.053,0.699,0.248
146500,0.053,0.712,0.235
147000,0.052,0.715,0.233
147500,0.053,0.747,0.200
148000,0.057,0.720,0.223
148500,0.056,0.716,0.228
149000,0.052,0.687,0.261
149500,0.051,0.686,0.263
150000,0.055,0.712,0.233
150500,0.051,0.709,0.240
151000,0.058,0.703,0.239
151500,0.054,0.682,0.264
152000,0.053,0.664,0.283
152500,0.053,0.687,0.260
153000,0.057,0.674,0.269
153500,0.054,0.685,0.261
154000,0.057,0.672,0.271
154500,0.059,0.674,0.267
155000,0.056,0.718,0.226
155500,0.051,0.741,0.208
156000,0.052,0.734,0.214
156500,0.051,0.705,0.244
157000,0.052,0.673,0.275
157500,0.052,0.692,0.256
158000,0.050,0.690,0.260
158500,0.051,0.745,0.204
159000,0.051,0.753,0.196
159500,0.050,0.777,0.173
160000,0.050,0.785,0.165
160500,0.050,0.746,0.204
161000,0.052,0.773,0.175
161500,0.051,0.782,0.167
162000,0.050,0.793,0.157
162500,0.050,0.749,0.201
163000,0.053,0.675,0.272
163500,0.052,0.690,0.258
164000,0.051,0.724,0.225
164500,0.051,0.720,0.229
165000,0.050,0.762,0.188
165500,0.053,0.746,0.201
166000,0.052,0.754,0.194
166500,0.052,0.717,0.231
167000,0.051,0.709,0.240
167500,0.054,0.700,0.246
168000,0.051,0.739,0.210
168500,0.052,0.755,0.193
169000,0.050,0.720,0.230
169500,0.053,0.702,0.245
170000,0.056,0.708,0.236
170500,0.058,0.691,0.251
171000,0.057,0.726,0.217
171500,0.051,0.739,0.210
172000,0.050,0.716,0.234
172500,0.052,0.751,0.197
173000,0.058,0.724,0.218
173500,0.056,0.709,0.235
174000,0.054,0.721,0.225
174500,0.052,0.734,0.214
175000,0.052,0.746,0.202
175500,0.052,0.747,0.201
176000,0.052,0.775,0.173
176500,0.054,0.744,0.202
177000,0.051,0.732,0.217
177500,0.057,0.704,0.239
178000,0.056,0.682,0.262
178500,0.055,0.707,0.238
179000,0.050,0.744,0.206
179500,0.050,0.721,0.229
180000,0.050,0.727,0.223
180500,0.058,0.710,0.232
181000,0.052,0.724,0.224
181500,0.052,0.739,0.209
182000,0.053,0.709,0.238
182500,0.055,0.718,0.227
183000,0.051,0.747,0.202
183500,0.053,0.728,0.219
184000,0.053,0.721,0.226
184500,0.050,0.715,0.235
185000,0.050,0.737,0.213
185500,0.050,0.700,0.250
186000,0.056,0.713,0.231
186500,0.056,0.700,0.244
187000,0.050,0.763,0.187
187500,0.050,0.770,0.180
188000,0.050,0.754,0.196
188500,0.050,0.752,0.198
189000,0.050,0.754,0.196
189500,0.050,0.760,0.190
190000,0.050,0.779,0.171
190500,0.050,0.774,0.176
191000,0.051,0.783,0.166
191500,0.050,0.757,0.193
192000,0.050,0.763,0.187
192500,0.054,0.757,0.189
193000,0.052,0.749,0.199
193500,0.050,0.721,0.229
194000,0.050,0.727,0.223
194500,0.051,0.706,0.243
195000,0.050,0.743,0.207
195500,0.052,0.738,0.210
196000,0.051,0.779,0.170
196500,0.050,0.752,0.198
197000,0.050,0.768,0.182
197500,0.050,0.764,0.186
198000,0.052,0.735,0.213
198500,0.050,0.719,0.231
199000,0.051,0.737,0.212
199500,0.050,0.742,0.208
200000,0.051,0.770,0.179
200500,0.050,0.767,0.183
201000,0.050,0.768,0.182
201500,0.050,0.733,0.217
202000,0.052,0.753,0.195
202500,0.050,0.735,0.215
203000,0.051,0.716,0.233
203500,0.050,0.735,0.215
204000,0.051,0.743,0.206
204500,0.051,0.750,0.199
205000,0.051,0.773,0.176
205500,0.050,0.769,0.181
206000,0.050,0.727,0.223
206500,0.050,0.732,0.218
207000,0.051,0.710,0.239
207500,0.050,0.734,0.216
208000,0.052,0.748,0.200
208500,0.054,0.736,0.210
209000,0.053,0.758,0.189
209500,0.051,0.746,0.203
210000,0.055,0.785,0.160
210500,0.051,0.760,0.189
211000,0.050,0.781,0.169
211500,0.052,0.727,0.221
212000,0.055,0.735,0.210
212500,0.051,0.748,0.201
213000,0.050,0.726,0.224
213500,0.050,0.716,0.234
214000,0.050,0.723,0.227
214500,0.051,0.722,0.227
215000,0.050,0.721,0.229
215500,0.050,0.738,0.212
216000,0.052,0.741,0.207
216500,0.052,0.709,0.239
217000,0.052,0.717,0.231
217500,0.053,0.719,0.228
218000,0.053,0.722,0.225
218500,0.054,0.722,0.224
219000,0.051,0.718,0.231
219500,0.055,0.714,0.231
220000,0.050,0.730,0.220
220500,0.050,0.742,0.208
221000,0.050,0.785,0.165
221500,0.050,0.750,0.200
222000,0.050,0.745,0.205
222500,0.050,0.760,0.190
223000,0.050,0.743,0.207
223500,0.052,0.751,0.197
224000,0.050,0.788,0.162
224500,0.050,0.783,0.167
225000,0.050,0.781,0.169
225500,0.050,0.741,0.209
226000,0.058,0.736,0.206
226500,0.054,0.724,0.222
227000,0.051,0.704,0.245
227500,0.057,0.713,0.230
228000,0.054,0.711,0.235
228500,0.052,0.721,0.227
229000,0.051,0.699,0.250
229500,0.052,0.726,0.222
230000,0.050,0.730,0.220
230500,0.050,0.755,0.195
231000,0.053,0.754,0.193
231500,0.053,0.754,0.193
232000,0.051,0.763,0.186
232500,0.051,0.746,0.203
233000,0.050,0.740,0.210
233500,0.056,0.704,0.240
234000,0.052,0.713,0.235
234500,0.055,0.722,0.223
235000,0.056,0.687,0.257
235500,0.055,0.693,0.252
236000,0.052,0.762,0.186
236500,0.050,0.748,0.202
237000,0.051,0.739,0.210
237500,0.052,0.723,0.225
238000,0.052,0.730,0.218
238500,0.051,0.721,0.228
239000,0.051,0.715,0.234
239500,0.057,0.722,0.221
240000,0.055,0.742,0.203
240500,0.055,0.736,0.209
241000,0.052,0.734,0.214
241500,0.053,0.757,0.190
242000,0.050,0.779,0.171
242500,0.050,0.748,0.202
243000,0.050,0.742,0.208
243500,0.053,0.736,0.211
244000,0.052,0.731,0.217
244500,0.053,0.753,0.194
245000,0.050,0.784,0.166
245500,0.053,0.685,0.262
246000,0.051,0.703,0.246
246500,0.055,0.684,0.261
247000,0.054,0.735,0.211
247500,0.051,0.711,0.238
248000,0.050,0.721,0.229
248500,0.051,0.692,0.257
249000,0.050,0.733,0.217
249500,0.052,0.755,0.193
250000,0.052,0.744,0.204
250500,0.052,0.757,0.191
251000,0.052,0.724,0.224
251500,0.050,0.748,0.202
252000,0.050,0.747,0.203
252500,0.063,0.695,0.242
253000,0.060,0.708,0.232
253500,0.054,0.723,0.223
254000,0.053,0.735,0.212
254500,0.052,0.736,0.212
255000,0.052,0.707,0.241
255500,0.051,0.756,0.193
256000,0.050,0.748,0.202
256500,0.057,0.704,0.239
257000,0.053,0.706,0.241
257500,0.054,0.724,0.222
258000,0.052,0.689,0.259
258500,0.054,0.726,0.220
259000,0.055,0.685,0.260
259500,0.053,0.698,0.249
260000,0.053,0.696,0.251
260500,0.050,0.678,0.272
261000,0.060,0.656,0.284
261500,0.060,0.664,0.276
262000,0.053,0.662,0.285
262500,0.050,0.649,0.301
263000,0.058,0.684,0.258
263500,0.053,0.705,0.242
264000,0.051,0.677,0.272
264500,0.057,0.686,0.257
265000,0.054,0.688,0.258
265500,0.053,0.698,0.249
266000,0.052,0.729,0.219
266500,0.050,0.755,0.195
267000,0.053,0.733,0.214
267500,0.051,0.741,0.208
268000,0.050,0.750,0.200
268500,0.053,0.783,0.164
269000,0.050,0.760,0.190
269500,0.051,0.751,0.198
270000,0.055,0.730,0.215
270500,0.053,0.721,0.226
271000,0.053,0.741,0.206
271500,0.050,0.742,0.208
272000,0.051,0.716,0.233
272500,0.053,0.709,0.238
273000,0.057,0.690,0.253
273500,0.052,0.722,0.226
274000,0.051,0.700,0.249
274500,0.052,0.716,0.232
275000,0.054,0.719,0.227
275500,0.054,0.733,0.213
276000,0.052,0.717,0.231
276500,0.050,0.741,0.209
277000,0.050,0.720,0.230
277500,0.053,0.753,0.194
278000,0.050,0.739,0.211
278500,0.050,0.727,0.223
279000,0.050,0.721,0.229
279500,0.054,0.722,0.224
280000,0.053,0.678,0.269
280500,0.054,0.702,0.244
281000,0.053,0.697,0.250
281500,0.051,0.692,0.257
282000,0.050,0.690,0.260
282500,0.050,0.705,0.245
283000,0.051,0.695,0.254
283500,0.052,0.761,0.187
284000,0.052,0.732,0.216
284500,0.050,0.712,0.238
285000,0.050,0.716,0.234
285500,0.054,0.752,0.194
286000,0.050,0.703,0.247
286500,0.051,0.718,0.231
287000,0.050,0.704,0.246
287500,0.055,0.720,0.225
288000,0.053,0.765,0.182
288500,0.051,0.776,0.173
289000,0.050,0.790,0.160
289500,0.050,0.776,0.174
290000,0.050,0.753,0.197
290500,0.050,0.762,0.188
291000,0.050,0.730,0.220
291500,0.053,0.763,0.184
292000,0.054,0.716,0.230
292500,0.051,0.708,0.241
293000,0.051,0.696,0.253
293500,0.050,0.702,0.248
294000,0.051,0.696,0.253
294500,0.053,0.699,0.248
295000,0.054,0.722,0.224
295500,0.055,0.723,0.222
296000,0.055,0.715,0.230
296500,0.052,0.753,0.195
297000,0.053,0.746,0.201
297500,0.052,0.757,0.191
298000,0.051,0.748,0.201
298500,0.053,0.709,0.238
299000,0.054,0.699,0.247
299500,0.055,0.701,0.244
300000,0.053,0.657,0.290
300500,0.055,0.678,0.267
301000,0.055,0.701,0.244
301500,0.051,0.756,0.193
302000,0.050,0.767,0.183
302500,0.050,0.773,0.177
303000,0.054,0.726,0.220
303500,0.052,0.711,0.237
304000,0.054,0.710,0.236
304500,0.051,0.727,0.222
305000,0.052,0.748,0.200
305500,0.057,0.753,0.190
306000,0.054,0.700,0.246
306500,0.056,0.709,0.235
307000,0.053,0.737,0.210
307500,0.052,0.707,0.241
308000,0.051,0.693,0.256
308500,0.052,0.723,0.225
309000,0.053,0.710,0.237
309500,0.051,0.723,0.226
310000,0.052,0.756,0.192
310500,0.052,0.702,0.246
311000,0.050,0.703,0.247
311500,0.051,0.716,0.233
312000,0.053,0.702,0.245
312500,0.054,0.720,0.226
313000,0.050,0.713,0.237
313500,0.050,0.721,0.229
314000,0.050,0.724,0.226
314500,0.051,0.733,0.216
315000,0.050,0.717,0.233
315500,0.056,0.721,0.223
316000,0.051,0.714,0.235
316500,0.054,0.719,0.227
317000,0.057,0.692,0.251
317500,0.051,0.748,0.201
318000,0.052,0.729,0.219
318500,0.051,0.716,0.233
319000,0.052,0.689,0.259
319500,0.054,0.701,0.245
320000,0.052,0.721,0.227
320500,0.051,0.726,0.223
321000,0.051,0.748,0.201
321500,0.052,0.760,0.188
322000,0.052,0.737,0.211
322500,0.050,0.734,0.216
323000,0.051,0.690,0.259
323500,0.053,0.701,0.246
324000,0.054,0.718,0.228
324500,0.054,0.711,0.235
325000,0.051,0.733,0.216
325500,0.050,0.755,0.195
326000,0.050,0.776,0.174
326500,0.050,0.814,0.136
327000,0.050,0.802,0.148
327500,0.053,0.764,0.183
328000,0.053,0.747,0.200
328500,0.054,0.805,0.141
329000,0.050,0.805,0.145
329500,0.050,0.813,0.137
330000,0.050,0.777,0.173
330500,0.050,0.760,0.190
331000,0.050,0.794,0.156
331500,0.050,0.777,0.173
332000,0.051,0.779,0.170
332500,0.050,0.762,0.188
333000,0.051,0.782,0.167
333500,0.051,0.756,0.193
334000,0.050,0.749,0.201
334500,0.050,0.768,0.182
335000,0.050,0.742,0.208
335500,0.051,0.760,0.189
336000,0.055,0.750,0.195
336500,0.057,0.716,0.227
337000,0.054,0.693,0.253
337500,0.052,0.701,0.247
338000,0.055,0.709,0.236
338500,0.052,0.716,0.232
339000,0.051,0.706,0.243
339500,0.051,0.738,0.211
340000,0.051,0.727,0.222
340500,0.050,0.698,0.252
341000,0.050,0.739,0.211
341500,0.050,0.753,0.197
342000,0.052,0.751,0.197
342500,0.058,0.708,0.234
343000,0.055,0.727,0.218
343500,0.052,0.763,0.185
344000,0.050,0.727,0.223
344500,0.053,0.725,0.222
345000,0.050,0.719,0.231
345500,0.053,0.722,0.225
346000,0.051,0.722,0.227
346500,0.051,0.724,0.225
347000,0.050,0.739,0.211
347500,0.055,0.743,0.202
348000,0.051,0.719,0.230
348500,0.058,0.716,0.226
349000,0.053,0.693,0.254
349500,0.050,0.717,0.233
350000,0.051,0.748,0.201
350500,0.052,0.751,0.197
351000,0.050,0.739,0.211
351500,0.051,0.705,0.244
352000,0.058,0.688,0.254
352500,0.051,0.719,0.230
353000,0.050,0.739,0.211
353500,0.050,0.771,0.179
354000,0.050,0.734,0.216
354500,0.051,0.735,0.214
355000,0.050,0.729,0.221
355500,0.050,0.741,0.209
356000,0.050,0.768,0.182
356500,0.050,0.750,0.200
357000,0.053,0.762,0.185
357500,0.051,0.775,0.174
358000,0.054,0.754,0.192
358500,0.051,0.757,0.192
359000,0.053,0.751,0.196
359500,0.052,0.727,0.221
360000,0.050,0.787,0.163
360500,0.050,0.814,0.136
361000,0.050,0.796,0.154
361500,0.052,0.813,0.135
362000,0.050,0.797,0.153
362500,0.050,0.793,0.157
363000,0.050,0.780,0.170
363500,0.050,0.758,0.192
364000,0.050,0.745,0.205
364500,0.053,0.754,0.193
365000,0.050,0.723,0.227
365500,0.050,0.698,0.252
366000,0.050,0.704,0.246
366500,0.050,0.714,0.236
367000,0.052,0.725,0.223
367500,0.059,0.704,0.237
368000,0.053,0.731,0.216
368500,0.053,0.758,0.189
369000,0.053,0.739,0.208
369500,0.052,0.727,0.221
370000,0.050,0.720,0.230
370500,0.050,0.738,0.212
371000,0.050,0.726,0.224
371500,0.050,0.753,0.197
372000,0.054,0.772,0.174
372500,0.051,0.785,0.164
373000,0.051,0.766,0.183
373500,0.052,0.786,0.162
374000,0.050,0.760,0.190
374500,0.050,0.705,0.245
375000,0.055,0.757,0.188
375500,0.051,0.740,0.209
376000,0.050,0.757,0.193
376500,0.054,0.757,0.189
377000,0.055,0.744,0.201
377500,0.050,0.741,0.209
378000,0.050,0.725,0.225
378500,0.053,0.721,0.226
379000,0.052,0.730,0.218
379500,0.053,0.713,0.234
380000,0.051,0.699,0.250
380500,0.050,0.690,0.260
381000,0.051,0.681,0.268
381500,0.058,0.695,0.247
382000,0.052,0.683,0.265
382500,0.053,0.661,0.286
383000,0.050,0.703,0.247
383500,0.050,0.688,0.262
384000,0.052,0.710,0.238
384500,0.052,0.762,0.186
385000,0.053,0.734,0.213
385500,0.050,0.783,0.167
386000,0.055,0.770,0.175
386500,0.052,0.747,0.201
387000,0.056,0.741,0.203
387500,0.053,0.738,0.209
388000,0.052,0.752,0.196
388500,0.053,0.704,0.243
389000,0.053,0.746,0.201
389500,0.053,0.726,0.221
390000,0.054,0.710,0.236
390500,0.053,0.727,0.220
391000,0.054,0.747,0.199
391500,0.050,0.696,0.254
392000,0.050,0.718,0.232
392500,0.053,0.741,0.206
393000,0.055,0.730,0.215
393500,0.052,0.756,0.192
394000,0.050,0.710,0.240
394500,0.051,0.699,0.250
395000,0.054,0.761,0.185
395500,0.051,0.775,0.174
396000,0.053,0.724,0.223
396500,0.050,0.791,0.159
397000,0.054,0.721,0.225
397500,0.053,0.758,0.189
398000,0.054,0.724,0.222
398500,0.061,0.688,0.251
399000,0.056,0.674,0.270
399500,0.057,0.721,0.222
400000,0.058,0.686,0.256
400500,0.051,0.731,0.218
401000,0.052,0.774,0.174
401500,0.052,0.786,0.162
402000,0.050,0.765,0.185
402500,0.050,0.708,0.242
403000,0.058,0.658,0.284
403500,0.057,0.695,0.248
404000,0.058,0.721,0.221
404500,0.055,0.651,0.294
405000,0.052,0.662,0.286
405500,0.057,0.674,0.269
406000,0.056,0.673,0.271
406500,0.054,0.677,0.269
407000,0.055,0.729,0.216
407500,0.052,0.727,0.221
408000,0.050,0.706,0.244
408500,0.053,0.675,0.272
409000,0.054,0.672,0.274
409500,0.057,0.702,0.241
410000,0.052,0.691,0.257
410500,0.057,0.694,0.249
411000,0.053,0.685,0.262
411500,0.054,0.687,0.259
412000,0.053,0.703,0.244
412500,0.059,0.683,0.258
413000,0.058,0.701,0.241
413500,0.052,0.691,0.257
414000,0.055,0.718,0.227
414500,0.056,0.727,0.217
415000,0.053,0.748,0.199
415500,0.051,0.720,0.229
416000,0.052,0.779,0.169
416500,0.050,0.752,0.198
417000,0.052,0.767,0.181
417500,0.052,0.754,0.194
418000,0.051,0.769,0.180
418500,0.051,0.771,0.178
419000,0.051,0.775,0.174
419500,0.051,0.763,0.186
420000,0.050,0.733,0.217
420500,0.050,0.725,0.225
421000,0.050,0.802,0.148
421500,0.050,0.758,0.192
422000,0.051,0.769,0.180
422500,0.053,0.742,0.205
423000,0.054,0.741,0.205
423500,0.050,0.747,0.203
424000,0.050,0.767,0.183
424500,0.051,0.769,0.180
425000,0.051,0.711,0.238
425500,0.050,0.729,0.221
426000,0.050,0.734,0.216
426500,0.052,0.730,0.218
427000,0.052,0.718,0.230
427500,0.057,0.704,0.239
428000,0.053,0.713,0.234
428500,0.051,0.725,0.224
429000,0.051,0.705,0.244
429500,0.052,0.727,0.221
430000,0.051,0.730,0.219
430500,0.052,0.752,0.196
431000,0.053,0.741,0.206
431500,0.051,0.689,0.260
432000,0.055,0.704,0.241
432500,0.053,0.717,0.230
433000,0.054,0.727,0.219
433500,0.050,0.687,0.263
434000,0.053,0.698,0.249
434500,0.057,0.715,0.228
435000,0.050,0.746,0.204
435500,0.050,0.742,0.208
436000,0.050,0.728,0.222
436500,0.054,0.721,0.225
437000,0.051,0.743,0.206
437500,0.050,0.745,0.205
438000,0.050,0.764,0.186
438500,0.051,0.777,0.172
439000,0.050,0.762,0.188
439500,0.050,0.782,0.168
440000,0.051,0.767,0.182
440500,0.051,0.759,0.190
441000,0.053,0.734,0.213
441500,0.051,0.723,0.226
442000,0.055,0.706,0.239
442500,0.054,0.707,0.239
443000,0.053,0.706,0.241
443500,0.055,0.708,0.237
444000,0.051,0.729,0.220
444500,0.052,0.693,0.255
445000,0.050,0.689,0.261
445500,0.053,0.716,0.231
446000,0.052,0.727,0.221
446500,0.056,0.680,0.264
447000,0.056,0.696,0.248
447500,0.061,0.663,0.276
448000,0.056,0.681,0.263
448500,0.051,0.713,0.236
449000,0.052,0.712,0.236
449500,0.052,0.732,0.216
450000,0.052,0.753,0.195
450500,0.054,0.706,0.240
451000,0.053,0.700,0.247
451500,0.055,0.680,0.265
452000,0.054,0.672,0.274
452500,0.062,0.640,0.298
453000,0.061,0.686,0.253
453500,0.054,0.674,0.272
454000,0.052,0.694,0.254
454500,0.053,0.649,0.298
455000,0.053,0.672,0.275
455500,0.053,0.730,0.217
456000,0.051,0.735,0.214
456500,0.051,0.715,0.234
457000,0.052,0.732,0.216
457500,0.054,0.720,0.226
458000,0.052,0.769,0.179
458500,0.055,0.763,0.182
459000,0.053,0.728,0.219
459500,0.053,0.704,0.243
460000,0.055,0.692,0.253
460500,0.053,0.681,0.266
461000,0.059,0.725,0.216
461500,0.055,0.742,0.203
462000,0.051,0.740,0.209
462500,0.050,0.731,0.219
463000,0.052,0.739,0.209
463500,0.052,0.747,0.201
464000,0.050,0.754,0.196
464500,0.057,0.742,0.201
465000,0.051,0.753,0.196
465500,0.050,0.733,0.217
466000,0.053,0.699,0.248
466500,0.050,0.704,0.246
467000,0.050,0.720,0.230
467500,0.050,0.680,0.270
468000,0.052,0.712,0.236
468500,0.052,0.745,0.203
469000,0.053,0.765,0.182
469500,0.051,0.712,0.237
470000,0.050,0.719,0.231
470500,0.052,0.708,0.240
471000,0.055,0.672,0.273
471500,0.055,0.727,0.218
472000,0.058,0.704,0.238
472500,0.061,0.680,0.259
473000,0.053,0.677,0.270
473500,0.053,0.731,0.216
474000,0.052,0.716,0.232
474500,0.053,0.724,0.223
475000,0.051,0.756,0.193
475500,0.051,0.790,0.159
476000,0.050,0.836,0.114
476500,0.050,0.796,0.154
477000,0.050,0.803,0.147
477500,0.050,0.754,0.196
478000,0.050,0.729,0.221
478500,0.050,0.733,0.217
479000,0.050,0.762,0.188
479500,0.050,0.753,0.197
480000,0.053,0.738,0.209
480500,0.051,0.754,0.195
481000,0.051,0.779,0.170
481500,0.050,0.790,0.160
482000,0.052,0.750,0.198
482500,0.053,0.755,0.192
483000,0.052,0.795,0.153
483500,0.050,0.784,0.166
484000,0.052,0.822,0.126
484500,0.050,0.798,0.152
485000,0.050,0.801,0.149
485500,0.050,0.739,0.211
486000,0.050,0.771,0.179
486500,0.050,0.788,0.162
487000,0.050,0.767,0.183
487500,0.053,0.721,0.226
488000,0.051,0.714,0.235
488500,0.054,0.729,0.217
489000,0.051,0.727,0.222
489500,0.050,0.721,0.229
490000,0.053,0.669,0.278
490500,0.060,0.651,0.289
491000,0.054,0.704,0.242
491500,0.051,0.747,0.202
492000,0.051,0.761,0.188
492500,0.050,0.785,0.165
493000,0.050,0.786,0.164
493500,0.050,0.803,0.147
494000,0.050,0.810,0.140
494500,0.050,0.793,0.157
495000,0.050,0.769,0.181
495500,0.050,0.707,0.243
496000,0.050,0.746,0.204
496500,0.053,0.791,0.156
497000,0.050,0.796,0.154
497500,0.050,0.777,0.173
498000,0.050,0.774,0.176
498500,0.050,0.792,0.158
499000,0.050,0.771,0.179
499500,0.050,0.778,0.172
500000,0.053,0.761,0.186
500500,0.051,0.738,0.211
501000,0.051,0.770,0.179
501500,0.054,0.754,0.192
502000,0.052,0.750,0.198
502500,0.051,0.743,0.206
503000,0.053,0.759,0.188
503500,0.051,0.745,0.204
504000,0.053,0.729,0.218
504500,0.055,0.715,0.230
505000,0.051,0.685,0.264
505500,0.050,0.703,0.247
506000,0.050,0.685,0.265
506500,0.055,0.693,0.252
507000,0.050,0.733,0.217
507500,0.050,0.755,0.195
508000,0.053,0.720,0.227
508500,0.057,0.674,0.269
509000,0.053,0.675,0.272
509500,0.052,0.690,0.258
510000,0.054,0.711,0.235
510500,0.050,0.740,0.210
511000,0.051,0.706,0.243
511500,0.052,0.701,0.247
512000,0.051,0.716,0.233
512500,0.055,0.699,0.246
513000,0.056,0.675,0.269
513500,0.050,0.684,0.266
514000,0.054,0.683,0.263
514500,0.054,0.691,0.255
515000,0.050,0.704,0.246
515500,0.054,0.713,0.233
516000,0.052,0.762,0.186
516500,0.053,0.707,0.240
517000,0.052,0.701,0.247
517500,0.051,0.723,0.226
518000,0.051,0.709,0.240
518500,0.053,0.728,0.219
519000,0.052,0.707,0.241
519500,0.051,0.687,0.262
520000,0.051,0.736,0.213
520500,0.053,0.707,0.240
521000,0.056,0.699,0.245
521500,0.058,0.695,0.247
522000,0.060,0.628,0.312
522500,0.054,0.665,0.281
523000,0.058,0.678,0.264
523500,0.056,0.622,0.322
524000,0.056,0.653,0.291
524500,0.057,0.682,0.261
525000,0.053,0.664,0.283
525500,0.056,0.674,0.270
526000,0.060,0.683,0.257
526500,0.053,0.694,0.253
527000,0.060,0.702,0.238
527500,0.057,0.688,0.255
528000,0.057,0.734,0.209
528500,0.054,0.723,0.223
529000,0.056,0.715,0.229
529500,0.051,0.731,0.218
530000,0.059,0.701,0.240
530500,0.052,0.701,0.247
531000,0.052,0.740,0.208
531500,0.051,0.770,0.179
532000,0.050,0.754,0.196
532500,0.053,0.757,0.190
533000,0.057,0.729,0.214
533500,0.052,0.745,0.203
534000,0.050,0.727,0.223
534500,0.056,0.697,0.247
535000,0.057,0.644,0.299
535500,0.059,0.670,0.271
536000,0.055,0.687,0.258
536500,0.052,0.689,0.259
537000,0.051,0.697,0.252
537500,0.053,0.716,0.231
538000,0.051,0.742,0.207
538500,0.050,0.728,0.222
539000,0.050,0.724,0.226
539500,0.051,0.767,0.182
540000,0.052,0.761,0.187
540500,0.050,0.722,0.228
541000,0.051,0.725,0.224
541500,0.051,0.768,0.181
542000,0.050,0.791,0.159
542500,0.050,0.759,0.191
543000,0.050,0.729,0.221
543500,0.050,0.749,0.201
544000,0.050,0.753,0.197
544500,0.050,0.737,0.213
545000,0.050,0.696,0.254
545500,0.057,0.713,0.230
546000,0.059,0.703,0.238
546500,0.055,0.670,0.275
547000,0.055,0.651,0.294
547500,0.056,0.647,0.297
548000,0.055,0.662,0.283
548500,0.050,0.709,0.241
549000,0.059,0.735,0.206
549500,0.054,0.740,0.206
550000,0.054,0.744,0.202
550500,0.053,0.766,0.181
551000,0.050,0.771,0.179
551500,0.051,0.792,0.157
552000,0.052,0.762,0.186
552500,0.050,0.778,0.172
553000,0.050,0.788,0.162
553500,0.050,0.803,0.147
554000,0.051,0.758,0.191
554500,0.051,0.718,0.231
555000,0.050,0.727,0.223
555500,0.056,0.725,0.219
556000,0.051,0.713,0.236
556500,0.053,0.741,0.206
557000,0.056,0.721,0.223
557500,0.051,0.766,0.183
558000,0.051,0.762,0.187
558500,0.051,0.738,0.211
559000,0.052,0.777,0.171
559500,0.050,0.709,0.241
560000,0.056,0.731,0.213
560500,0.053,0.733,0.214
561000,0.051,0.737,0.212
561500,0.050,0.751,0.199
562000,0.051,0.761,0.188
562500,0.051,0.776,0.173
563000,0.050,0.790,0.160
563500,0.050,0.737,0.213
564000,0.050,0.706,0.244
564500,0.050,0.697,0.253
565000,0.052,0.757,0.191
565500,0.053,0.766,0.181
566000,0.052,0.744,0.204
566500,0.052,0.710,0.238
567000,0.055,0.667,0.278
567500,0.055,0.672,0.273
568000,0.056,0.693,0.251
568500,0.052,0.702,0.246
569000,0.054,0.712,0.234
569500,0.051,0.729,0.220
570000,0.051,0.726,0.223
570500,0.050,0.683,0.267
571000,0.050,0.683,0.267
571500,0.054,0.751,0.195
572000,0.056,0.751,0.193
572500,0.050,0.799,0.151
573000,0.050,0.776,0.174
573500,0.050,0.776,0.174
574000,0.050,0.789,0.161
574500,0.050,0.791,0.159
575000,0.050,0.778,0.172
575500,0.051,0.799,0.150
576000,0.053,0.784,0.163
576500,0.054,0.762,0.184
577000,0.054,0.736,0.210
577500,0.051,0.713,0.236
578000,0.054,0.725,0.221
578500,0.055,0.722,0.223
579000,0.051,0.681,0.268
579500,0.054,0.671,0.275
580000,0.052,0.651,0.297
580500,0.061,0.684,0.255
581000,0.058,0.659,0.283
581500,0.051,0.733,0.216
582000,0.050,0.730,0.220
582500,0.052,0.722,0.226
583000,0.053,0.739,0.208
583500,0.051,0.705,0.244
584000,0.052,0.698,0.250
584500,0.055,0.735,0.210
585000,0.056,0.704,0.240
585500,0.060,0.688,0.252
586000,0.060,0.689,0.251
586500,0.057,0.689,0.254
587000,0.051,0.711,0.238
587500,0.054,0.757,0.189
588000,0.050,0.771,0.179
588500,0.052,0.735,0.213
589000,0.052,0.727,0.221
589500,0.053,0.713,0.234
590000,0.053,0.698,0.249
590500,0.051,0.745,0.204
591000,0.055,0.739,0.206
591500,0.057,0.725,0.218
592000,0.056,0.713,0.231
592500,0.053,0.731,0.216
593000,0.051,0.765,0.184
593500,0.050,0.776,0.174
594000,0.050,0.731,0.219
594500,0.050,0.710,0.240
595000,0.052,0.718,0.230
595500,0.055,0.711,0.234
596000,0.054,0.718,0.228
596500,0.050,0.738,0.212
597000,0.052,0.746,0.202
597500,0.057,0.715,0.228
598000,0.058,0.709,0.233
598500,0.055,0.699,0.246
599000,0.052,0.705,0.243
599500,0.050,0.758,0.192
600000,0.052,0.747,0.201
600500,0.051,0.744,0.205
601000,0.051,0.690,0.259
601500,0.050,0.679,0.271
602000,0.051,0.660,0.289
602500,0.052,0.687,0.261
603000,0.052,0.665,0.283
603500,0.053,0.706,0.241
604000,0.052,0.689,0.259
604500,0.055,0.729,0.216
605000,0.061,0.702,0.237
605500,0.054,0.664,0.282
606000,0.062,0.679,0.259
606500,0.051,0.690,0.259
607000,0.053,0.756,0.191
607500,0.051,0.764,0.185
608000,0.050,0.752,0.198
608500,0.050,0.740,0.210
609000,0.050,0.713,0.237
609500,0.055,0.725,0.220
610000,0.050,0.736,0.214
610500,0.050,0.755,0.195
611000,0.056,0.776,0.168
611500,0.051,0.758,0.191
612000,0.053,0.758,0.189
612500,0.053,0.759,0.188
613000,0.052,0.768,0.180
613500,0.051,0.722,0.227
614000,0.050,0.752,0.198
614500,0.050,0.730,0.220
615000,0.052,0.767,0.181
615500,0.053,0.671,0.276
616000,0.055,0.681,0.264
616500,0.052,0.735,0.213
617000,0.051,0.737,0.212
617500,0.055,0.735,0.210
618000,0.053,0.744,0.203
618500,0.050,0.739,0.211
619000,0.057,0.741,0.202
619500,0.054,0.762,0.184
620000,0.053,0.747,0.200
620500,0.056,0.749,0.195
621000,0.052,0.732,0.216
621500,0.052,0.705,0.243
622000,0.059,0.719,0.222
622500,0.054,0.723,0.223
623000,0.052,0.741,0.207
623500,0.051,0.753,0.196
624000,0.050,0.774,0.176
624500,0.051,0.768,0.181
625000,0.051,0.773,0.176
625500,0.051,0.753,0.196
626000,0.056,0.717,0.227
626500,0.057,0.685,0.258
627000,0.054,0.746,0.200
627500,0.054,0.741,0.205
628000,0.051,0.739,0.210
628500,0.052,0.749,0.199
629000,0.052,0.768,0.180
629500,0.054,0.761,0.185
630000,0.050,0.723,0.227
630500,0.051,0.706,0.243
631000,0.050,0.695,0.255
631500,0.050,0.693,0.257
632000,0.052,0.678,0.270
632500,0.050,0.698,0.252
633000,0.050,0.739,0.211
633500,0.053,0.753,0.194
634000,0.050,0.764,0.186
634500,0.050,0.770,0.180
635000,0.053,0.758,0.189
635500,0.050,0.778,0.172
636000,0.050,0.772,0.178
636500,0.051,0.766,0.183
637000,0.051,0.754,0.195
637500,0.050,0.755,0.195
638000,0.053,0.746,0.201
638500,0.052,0.736,0.212
639000,0.057,0.723,0.220
639500,0.052,0.686,0.262
640000,0.050,0.691,0.259
640500,0.054,0.721,0.225
641000,0.051,0.715,0.234
641500,0.050,0.748,0.202
642000,0.050,0.746,0.204
642500,0.050,0.792,0.158
643000,0.050,0.773,0.177
643500,0.051,0.767,0.182
644000,0.052,0.794,0.154
644500,0.052,0.763,0.185
645000,0.050,0.752,0.198
645500,0.053,0.735,0.212
646000,0.050,0.710,0.240
646500,0.051,0.746,0.203
647000,0.053,0.766,0.181
647500,0.051,0.787,0.162
648000,0.053,0.768,0.179
648500,0.052,0.741,0.207
649000,0.055,0.726,0.219
649500,0.055,0.743,0.202
650000,0.050,0.761,0.189
650500,0.052,0.750,0.198
651000,0.052,0.774,0.174
651500,0.051,0.786,0.163
652000,0.051,0.760,0.189
652500,0.050,0.724,0.226
653000,0.050,0.729,0.221
653500,0.054,0.720,0.226
654000,0.050,0.761,0.189
654500,0.054,0.722,0.224
655000,0.053,0.662,0.285
655500,0.065,0.631,0.304
656000,0.059,0.653,0.288
656500,0.053,0.648,0.299
657000,0.055,0.680,0.265
657500,0.053,0.738,0.209
658000,0.054,0.682,0.264
658500,0.050,0.682,0.268
659000,0.052,0.709,0.239
659500,0.050,0.726,0.224
660000,0.050,0.696,0.254
660500,0.055,0.703,0.242
661000,0.053,0.710,0.237
661500,0.055,0.731,0.214
662000,0.050,0.715,0.235
662500,0.052,0.694,0.254
663000,0.050,0.719,0.231
663500,0.054,0.725,0.221
664000,0.053,0.703,0.244
664500,0.054,0.694,0.252
665000,0.050,0.716,0.234
665500,0.055,0.722,0.223
666000,0.052,0.666,0.282
666500,0.054,0.702,0.244
667000,0.056,0.676,0.268
667500,0.054,0.722,0.224
668000,0.051,0.733,0.216
668500,0.050,0.745,0.205
669000,0.058,0.724,0.218
669500,0.052,0.724,0.224
670000,0.056,0.723,0.221
670500,0.052,0.730,0.218
671000,0.052,0.772,0.176
671500,0.053,0.752,0.195
672000,0.050,0.795,0.155
672500,0.051,0.818,0.131
673000,0.050,0.799,0.151
673500,0.050,0.803,0.147
674000,0.050,0.785,0.165
674500,0.050,0.774,0.176
675000,0.050,0.794,0.156
675500,0.050,0.778,0.172
676000,0.052,0.767,0.181
676500,0.052,0.714,0.234
677000,0.050,0.735,0.215
677500,0.051,0.756,0.193
678000,0.050,0.761,0.189
678500,0.050,0.742,0.208
679000,0.051,0.720,0.229
679500,0.050,0.720,0.230
680000,0.050,0.714,0.236
680500,0.053,0.693,0.254
681000,0.051,0.684,0.265
681500,0.058,0.660,0.282
682000,0.060,0.681,0.259
682500,0.057,0.678,0.265
683000,0.060,0.728,0.212
683500,0.054,0.698,0.248
684000,0.052,0.689,0.259
684500,0.050,0.665,0.285
685000,0.053,0.718,0.229
685500,0.056,0.710,0.234
686000,0.053,0.699,0.248
686500,0.057,0.670,0.273
687000,0.054,0.659,0.287
687500,0.051,0.690,0.259
688000,0.050,0.685,0.265
688500,0.050,0.682,0.268
689000,0.053,0.692,0.255
689500,0.053,0.699,0.248
690000,0.051,0.748,0.201
690500,0.055,0.716,0.229
691000,0.054,0.731,0.215
691500,0.053,0.714,0.233
692000,0.051,0.704,0.245
692500,0.054,0.707,0.239
693000,0.053,0.688,0.259
693500,0.056,0.690,0.254
694000,0.051,0.712,0.237
694500,0.053,0.682,0.265
695000,0.051,0.696,0.253
695500,0.050,0.740,0.210
696000,0.053,0.726,0.221
696500,0.053,0.696,0.251
697000,0.054,0.720,0.226
697500,0.050,0.767,0.183
698000,0.052,0.733,0.215
698500,0.052,0.714,0.234
699000,0.052,0.716,0.232
699500,0.052,0.733,0.215
700000,0.054,0.731,0.215
700500,0.050,0.749,0.201
701000,0.050,0.700,0.250
701500,0.054,0.692,0.254
702000,0.052,0.720,0.228
702500,0.052,0.722,0.226
703000,0.052,0.754,0.194
703500,0.051,0.771,0.178
704000,0.051,0.768,0.181
704500,0.053,0.762,0.185
705000,0.052,0.761,0.187
705500,0.053,0.776,0.171
706000,0.051,0.763,0.186
706500,0.051,0.757,0.192
707000,0.050,0.720,0.230
707500,0.052,0.730,0.218
708000,0.054,0.727,0.219
708500,0.053,0.710,0.237
709000,0.056,0.746,0.198
709500,0.051,0.768,0.181
710000,0.050,0.775,0.175
710500,0.050,0.748,0.202
711000,0.053,0.738,0.209
711500,0.050,0.735,0.215
712000,0.050,0.744,0.206
712500,0.052,0.753,0.195
713000,0.050,0.749,0.201
713500,0.055,0.739,0.206
714000,0.052,0.707,0.241
714500,0.053,0.723,0.224
715000,0.051,0.725,0.224
715500,0.051,0.724,0.225
716000,0.052,0.731,0.217
716500,0.051,0.745,0.204
717000,0.052,0.768,0.180
717500,0.052,0.760,0.188
718000,0.051,0.731,0.218
718500,0.055,0.752,0.193
719000,0.051,0.739,0.210
719500,0.050,0.733,0.217
720000,0.050,0.710,0.240
720500,0.052,0.743,0.205
721000,0.051,0.749,0.200
721500,0.050,0.735,0.215
722000,0.052,0.707,0.241
722500,0.050,0.736,0.214
723000,0.050,0.750,0.200
723500,0.052,0.716,0.232
724000,0.055,0.707,0.238
724500,0.051,0.746,0.203
725000,0.050,0.716,0.234
725500,0.050,0.730,0.220
726000,0.050,0.762,0.188
726500,0.050,0.742,0.208
727000,0.054,0.728,0.218
727500,0.055,0.700,0.245
728000,0.052,0.702,0.246
728500,0.053,0.724,0.223
729000,0.053,0.690,0.257
729500,0.050,0.683,0.267
730000,0.054,0.709,0.237
730500,0.055,0.724,0.221
731000,0.053,0.774,0.173
731500,0.052,0.747,0.201
732000,0.052,0.743,0.205
732500,0.050,0.765,0.185
733000,0.052,0.753,0.195
733500,0.051,0.751,0.198
734000,0.050,0.733,0.217
734500,0.051,0.724,0.225
735000,0.050,0.728,0.222
735500,0.050,0.757,0.193
736000,0.050,0.739,0.211
736500,0.053,0.729,0.218
737000,0.057,0.696,0.247
737500,0.057,0.698,0.245
738000,0.058,0.712,0.230
738500,0.051,0.693,0.256
739000,0.054,0.735,0.211
739500,0.051,0.730,0.219
740000,0.052,0.749,0.199
740500,0.055,0.722,0.223
741000,0.053,0.738,0.209
741500,0.053,0.752,0.195
742000,0.053,0.734,0.213
742500,0.050,0.741,0.209
743000,0.052,0.721,0.227
743500,0.052,0.702,0.246
744000,0.053,0.725,0.222
744500,0.053,0.737,0.210
745000,0.055,0.744,0.201
745500,0.052,0.760,0.188
746000,0.050,0.723,0.227
746500,0.051,0.742,0.207
747000,0.051,0.784,0.165
747500,0.054,0.725,0.221
748000,0.061,0.701,0.238
748500,0.059,0.697,0.244
749000,0.056,0.705,0.239
749500,0.054,0.701,0.245
750000,0.051,0.744,0.205
750500,0.051,0.761,0.188
751000,0.051,0.736,0.213
751500,0.052,0.719,0.229
752000,0.051,0.778,0.171
752500,0.053,0.744,0.203
753000,0.050,0.751,0.199
753500,0.050,0.781,0.169
754000,0.050,0.765,0.185
754500,0.051,0.710,0.239
755000,0.056,0.673,0.271
755500,0.055,0.687,0.258
756000,0.052,0.698,0.250
756500,0.051,0.677,0.272
757000,0.055,0.656,0.289
757500,0.057,0.675,0.268
758000,0.057,0.708,0.235
758500,0.057,0.711,0.232
759000,0.052,0.699,0.249
759500,0.051,0.718,0.231
760000,0.057,0.693,0.250
760500,0.051,0.664,0.285
761000,0.051,0.685,0.264
761500,0.061,0.653,0.286
762000,0.054,0.673,0.273
762500,0.051,0.696,0.253
763000,0.050,0.719,0.231
763500,0.056,0.706,0.238
764000,0.056,0.681,0.263
764500,0.050,0.668,0.282
765000,0.050,0.671,0.279
765500,0.050,0.704,0.246
766000,0.054,0.722,0.224
766500,0.052,0.737,0.211
767000,0.050,0.722,0.228
767500,0.050,0.732,0.218
768000,0.050,0.696,0.254
768500,0.052,0.703,0.245
769000,0.052,0.693,0.255
769500,0.053,0.695,0.252
770000,0.050,0.708,0.242
770500,0.053,0.729,0.218
771000,0.052,0.752,0.196
771500,0.054,0.765,0.181
772000,0.050,0.742,0.208
772500,0.051,0.742,0.207
773000,0.057,0.694,0.249
773500,0.054,0.692,0.254
774000,0.056,0.702,0.242
774500,0.056,0.727,0.217
775000,0.052,0.711,0.237
775500,0.051,0.765,0.184
776000,0.052,0.746,0.202
776500,0.057,0.765,0.178
777000,0.052,0.780,0.168
777500,0.051,0.778,0.171
778000,0.050,0.756,0.194
778500,0.050,0.762,0.188
779000,0.050,0.833,0.117
779500,0.052,0.798,0.150
780000,0.050,0.727,0.223
780500,0.051,0.726,0.223
781000,0.050,0.747,0.203
781500,0.051,0.774,0.175
782000,0.050,0.767,0.183
782500,0.051,0.745,0.204
783000,0.051,0.749,0.200
783500,0.050,0.746,0.204
784000,0.056,0.730,0.214
784500,0.057,0.705,0.238
785000,0.060,0.677,0.263
785500,0.057,0.644,0.299
786000,0.056,0.677,0.267
786500,0.051,0.688,0.261
787000,0.050,0.711,0.239
787500,0.052,0.699,0.249
788000,0.057,0.715,0.228
788500,0.054,0.707,0.239
789000,0.055,0.686,0.259
789500,0.051,0.712,0.237
790000,0.054,0.723,0.223
790500,0.054,0.723,0.223
791000,0.051,0.713,0.236
791500,0.056,0.694,0.250
792000,0.054,0.702,0.244
792500,0.052,0.711,0.237
793000,0.053,0.748,0.199
793500,0.053,0.708,0.239
794000,0.051,0.688,0.261
794500,0.050,0.737,0.213
795000,0.050,0.710,0.240
795500,0.054,0.731,0.215
796000,0.052,0.728,0.220
796500,0.052,0.755,0.193
797000,0.051,0.758,0.191
797500,0.050,0.713,0.237
798000,0.055,0.704,0.241
798500,0.056,0.744,0.200
799000,0.054,0.758,0.188
799500,0.052,0.753,0.195
800000,0.053,0.734,0.213
800500,0.054,0.707,0.239
801000,0.051,0.717,0.232
801500,0.055,0.706,0.239
802000,0.055,0.683,0.262
802500,0.058,0.675,0.267
803000,0.059,0.702,0.239
803500,0.063,0.688,0.249
804000,0.057,0.741,0.202
804500,0.052,0.760,0.188
805000,0.054,0.732,0.214
805500,0.053,0.708,0.239
806000,0.054,0.703,0.243
806500,0.054,0.705,0.241
807000,0.051,0.691,0.258
807500,0.052,0.728,0.220
808000,0.051,0.743,0.206
808500,0.051,0.785,0.164
809000,0.050,0.746,0.204
809500,0.050,0.747,0.203
810000,0.050,0.756,0.194
810500,0.050,0.764,0.186
811000,0.050,0.756,0.194
811500,0.055,0.757,0.188
812000,0.051,0.765,0.184
812500,0.052,0.735,0.213
813000,0.057,0.717,0.226
813500,0.052,0.742,0.206
814000,0.050,0.749,0.201
814500,0.050,0.763,0.187
815000,0.055,0.771,0.174
815500,0.054,0.775,0.171
816000,0.050,0.738,0.212
816500,0.050,0.769,0.181
817000,0.051,0.716,0.233
817500,0.050,0.711,0.239
818000,0.050,0.713,0.237
818500,0.055,0.665,0.280
819000,0.052,0.695,0.253
819500,0.052,0.716,0.232
820000,0.050,0.744,0.206
820500,0.050,0.783,0.167
821000,0.050,0.740,0.210
821500,0.050,0.736,0.214
822000,0.051,0.730,0.219
822500,0.051,0.737,0.212
823000,0.050,0.738,0.212
823500,0.050,0.748,0.202
824000,0.053,0.725,0.222
824500,0.051,0.729,0.220
825000,0.050,0.745,0.205
825500,0.050,0.774,0.176
826000,0.050,0.751,0.199
826500,0.051,0.700,0.249
827000,0.059,0.728,0.213
827500,0.053,0.718,0.229
828000,0.053,0.737,0.210
828500,0.052,0.715,0.233
829000,0.058,0.705,0.237
829500,0.054,0.731,0.215
830000,0.053,0.691,0.256
830500,0.053,0.723,0.224
831000,0.050,0.718,0.232
831500,0.050,0.713,0.237
832000,0.050,0.694,0.256
832500,0.051,0.708,0.241
833000,0.051,0.711,0.238
833500,0.056,0.703,0.241
834000,0.051,0.713,0.236
834500,0.054,0.703,0.243
835000,0.056,0.726,0.218
835500,0.051,0.741,0.208
836000,0.050,0.741,0.209
836500,0.051,0.728,0.221
837000,0.051,0.744,0.205
837500,0.052,0.723,0.225
838000,0.050,0.704,0.246
838500,0.050,0.724,0.226
839000,0.050,0.743,0.207
839500,0.050,0.737,0.213
840000,0.050,0.733,0.217
840500,0.050,0.783,0.167
841000,0.050,0.775,0.175
841500,0.050,0.777,0.173
842000,0.050,0.773,0.177
842500,0.051,0.747,0.202
843000,0.056,0.725,0.219
843500,0.057,0.708,0.235
844000,0.051,0.697,0.252
844500,0.051,0.714,0.235
845000,0.050,0.749,0.201
845500,0.057,0.713,0.230
846000,0.057,0.702,0.241
846500,0.053,0.725,0.222
847000,0.051,0.744,0.205
847500,0.053,0.760,0.187
848000,0.050,0.791,0.159
848500,0.050,0.797,0.153
849000,0.050,0.784,0.166
849500,0.054,0.729,0.217
850000,0.053,0.763,0.184
850500,0.054,0.751,0.195
851000,0.052,0.764,0.184
851500,0.053,0.762,0.185
852000,0.052,0.723,0.225
852500,0.054,0.728,0.218
853000,0.053,0.741,0.206
853500,0.051,0.719,0.230
854000,0.052,0.699,0.249
854500,0.058,0.705,0.237
855000,0.053,0.688,0.259
855500,0.053,0.686,0.261
856000,0.054,0.711,0.235
856500,0.054,0.708,0.238
857000,0.052,0.701,0.247
857500,0.055,0.694,0.251
858000,0.051,0.717,0.232
858500,0.051,0.715,0.234
859000,0.050,0.728,0.222
859500,0.050,0.706,0.244
860000,0.051,0.719,0.230
860500,0.053,0.742,0.205
861000,0.052,0.740,0.208
861500,0.050,0.736,0.214
862000,0.053,0.747,0.200
862500,0.051,0.749,0.200
863000,0.050,0.711,0.239
863500,0.054,0.727,0.219
864000,0.054,0.735,0.211
864500,0.051,0.744,0.205
865000,0.051,0.716,0.233
865500,0.052,0.690,0.258
866000,0.058,0.727,0.215
866500,0.052,0.724,0.224
867000,0.054,0.737,0.209
867500,0.051,0.744,0.205
868000,0.051,0.741,0.208
868500,0.050,0.752,0.198
869000,0.051,0.727,0.222
869500,0.051,0.698,0.251
870000,0.051,0.734,0.215
870500,0.052,0.705,0.243
871000,0.056,0.709,0.235
871500,0.051,0.694,0.255
872000,0.056,0.684,0.260
872500,0.059,0.664,0.277
873000,0.054,0.700,0.246
873500,0.061,0.690,0.249
874000,0.055,0.675,0.270
874500,0.061,0.677,0.262
875000,0.060,0.699,0.241
875500,0.054,0.700,0.246
876000,0.052,0.747,0.201
876500,0.054,0.737,0.209
877000,0.053,0.695,0.252
877500,0.056,0.700,0.244
878000,0.056,0.710,0.234
878500,0.053,0.712,0.235
879000,0.054,0.704,0.242
879500,0.053,0.682,0.265
880000,0.055,0.672,0.273
880500,0.050,0.670,0.280
881000,0.052,0.702,0.246
881500,0.051,0.707,0.242
882000,0.051,0.704,0.245
882500,0.051,0.681,0.268
883000,0.052,0.727,0.221
883500,0.050,0.725,0.225
884000,0.050,0.703,0.247
884500,0.053,0.700,0.247
885000,0.051,0.678,0.271
885500,0.050,0.729,0.221
886000,0.050,0.754,0.196
886500,0.050,0.745,0.205
887000,0.054,0.674,0.272
887500,0.057,0.696,0.247
888000,0.053,0.705,0.242
888500,0.051,0.701,0.248
889000,0.053,0.732,0.215
889500,0.053,0.702,0.245
890000,0.053,0.724,0.223
890500,0.053,0.736,0.211
891000,0.050,0.741,0.209
891500,0.053,0.744,0.203
892000,0.052,0.762,0.186
892500,0.050,0.729,0.221
893000,0.057,0.702,0.241
893500,0.054,0.707,0.239
894000,0.051,0.721,0.228
894500,0.051,0.750,0.199
895000,0.052,0.741,0.207
895500,0.057,0.724,0.219
896000,0.055,0.715,0.230
896500,0.051,0.718,0.231
897000,0.055,0.712,0.233
897500,0.051,0.742,0.207
898000,0.051,0.752,0.197
898500,0.050,0.721,0.229
899000,0.050,0.736,0.214
899500,0.050,0.777,0.173
900000,0.052,0.774,0.174
900500,0.054,0.764,0.182
901000,0.054,0.778,0.168
901500,0.055,0.748,0.197
902000,0.053,0.703,0.244
902500,0.054,0.685,0.261
903000,0.053,0.713,0.234
903500,0.057,0.664,0.279
904000,0.056,0.682,0.262
904500,0.052,0.734,0.214
905000,0.052,0.789,0.159
905500,0.052,0.746,0.202
906000,0.051,0.748,0.201
906500,0.052,0.744,0.204
907000,0.055,0.711,0.234
907500,0.051,0.698,0.251
908000,0.055,0.692,0.253
908500,0.054,0.712,0.234
909000,0.051,0.723,0.226
909500,0.052,0.708,0.240
910000,0.057,0.728,0.215
910500,0.056,0.715,0.229
911000,0.051,0.772,0.177
911500,0.053,0.777,0.170
912000,0.051,0.745,0.204
912500,0.050,0.708,0.242
913000,0.051,0.746,0.203
913500,0.051,0.735,0.214
914000,0.051,0.704,0.245
914500,0.052,0.713,0.235
915000,0.051,0.726,0.223
915500,0.052,0.726,0.222
916000,0.052,0.756,0.192
916500,0.051,0.725,0.224
917000,0.050,0.759,0.191
917500,0.050,0.721,0.229
918000,0.054,0.722,0.224
918500,0.052,0.728,0.220
919000,0.051,0.733,0.216
919500,0.052,0.701,0.247
920000,0.054,0.738,0.208
920500,0.053,0.717,0.230
921000,0.055,0.676,0.269
921500,0.056,0.680,0.264
922000,0.061,0.665,0.274
922500,0.062,0.632,0.306
923000,0.056,0.685,0.259
923500,0.057,0.692,0.251
924000,0.055,0.690,0.255
924500,0.063,0.691,0.246
925000,0.052,0.711,0.237
925500,0.057,0.693,0.250
926000,0.056,0.720,0.224
926500,0.058,0.666,0.276
927000,0.058,0.695,0.247
927500,0.063,0.648,0.289
928000,0.066,0.633,0.301
928500,0.064,0.654,0.282
929000,0.057,0.697,0.246
929500,0.054,0.740,0.206
930000,0.051,0.721,0.228
930500,0.053,0.695,0.252
931000,0.052,0.692,0.256
931500,0.054,0.693,0.253
932000,0.050,0.674,0.276
932500,0.055,0.698,0.247
933000,0.053,0.712,0.235
933500,0.051,0.707,0.242
934000,0.053,0.682,0.265
934500,0.052,0.720,0.228
935000,0.053,0.709,0.238
935500,0.052,0.712,0.236
936000,0.053,0.708,0.239
936500,0.053,0.722,0.225
937000,0.054,0.703,0.243
937500,0.056,0.722,0.222
938000,0.052,0.728,0.220
938500,0.052,0.779,0.169
939000,0.051,0.759,0.190
939500,0.050,0.764,0.186
940000,0.050,0.707,0.243
940500,0.052,0.699,0.249
941000,0.053,0.721,0.226
941500,0.052,0.737,0.211
942000,0.051,0.774,0.175
942500,0.050,0.749,0.201
943000,0.050,0.759,0.191
943500,0.050,0.749,0.201
944000,0.052,0.739,0.209
944500,0.052,0.747,0.201
945000,0.053,0.753,0.194
945500,0.051,0.761,0.188
946000,0.051,0.760,0.189
946500,0.050,0.773,0.177
947000,0.052,0.729,0.219
947500,0.051,0.727,0.222
948000,0.053,0.710,0.237
948500,0.050,0.726,0.224
949000,0.056,0.736,0.208
949500,0.051,0.754,0.195
950000,0.051,0.758,0.191
950500,0.050,0.780,0.170
951000,0.050,0.787,0.163
951500,0.050,0.800,0.150
952000,0.052,0.762,0.186
952500,0.050,0.728,0.222
953000,0.052,0.784,0.164
953500,0.053,0.737,0.210
954000,0.051,0.728,0.221
954500,0.051,0.748,0.201
955000,0.050,0.687,0.263
955500,0.054,0.673,0.273
956000,0.050,0.720,0.230
956500,0.050,0.759,0.191
957000,0.052,0.741,0.207
957500,0.053,0.725,0.222
958000,0.052,0.703,0.245
958500,0.051,0.656,0.293
959000,0.056,0.664,0.280
959500,0.054,0.697,0.249
960000,0.056,0.700,0.244
960500,0.053,0.727,0.220
961000,0.052,0.713,0.235
961500,0.054,0.724,0.222
962000,0.051,0.714,0.235
962500,0.052,0.716,0.232
963000,0.051,0.705,0.244
963500,0.051,0.700,0.249
964000,0.051,0.714,0.235
964500,0.050,0.749,0.201
965000,0.050,0.732,0.218
965500,0.050,0.731,0.219
966000,0.050,0.732,0.218
966500,0.054,0.757,0.189
967000,0.052,0.752,0.196
967500,0.050,0.743,0.207
968000,0.054,0.722,0.224
968500,0.051,0.730,0.219
969000,0.052,0.730,0.218
969500,0.050,0.693,0.257
970000,0.055,0.713,0.232
970500,0.054,0.692,0.254
971000,0.057,0.683,0.260
971500,0.051,0.701,0.248
972000,0.051,0.682,0.267
972500,0.056,0.696,0.248
973000,0.055,0.694,0.251
973500,0.054,0.704,0.242
974000,0.054,0.687,0.259
974500,0.052,0.701,0.247
975000,0.050,0.734,0.216
975500,0.053,0.713,0.234
976000,0.051,0.727,0.222
976500,0.053,0.713,0.234
977000,0.053,0.699,0.248
977500,0.057,0.733,0.210
978000,0.054,0.719,0.227
978500,0.052,0.738,0.210
979000,0.050,0.731,0.219
979500,0.050,0.703,0.247
980000,0.050,0.700,0.250
980500,0.054,0.689,0.257
981000,0.052,0.749,0.199
981500,0.052,0.723,0.225
982000,0.052,0.705,0.243
982500,0.055,0.719,0.226
983000,0.051,0.762,0.187
983500,0.052,0.787,0.161
984000,0.050,0.746,0.204
984500,0.052,0.720,0.228
985000,0.051,0.749,0.200
985500,0.050,0.724,0.226
986000,0.050,0.744,0.206
986500,0.052,0.728,0.220
987000,0.051,0.716,0.233
987500,0.050,0.701,0.249
988000,0.055,0.695,0.250
988500,0.056,0.710,0.234
989000,0.053,0.719,0.228
989500,0.057,0.709,0.234
990000,0.053,0.673,0.274
990500,0.052,0.680,0.268
991000,0.050,0.674,0.276
991500,0.053,0.716,0.231
992000,0.053,0.728,0.219
992500,0.056,0.710,0.234
993000,0.057,0.721,0.222
993500,0.052,0.725,0.223
994000,0.050,0.708,0.242
994500,0.057,0.704,0.239
995000,0.057,0.719,0.224
995500,0.062,0.699,0.239
996000,0.057,0.709,0.234
996500,0.053,0.702,0.245
997000,0.051,0.736,0.213
997500,0.053,0.672,0.275
998000,0.051,0.676,0.273
998500,0.052,0.733,0.215
999000,0.050,0.740,0.210
999500,0.052,0.732,0.216
1000000,0.053,0.746,0.201
