time,n_A+p,n_B,n_AB
0,0.028,0.972,-0.000
500,0.034,0.905,0.061
1000,0.034,0.896,0.070
1500,0.031,0.914,0.055
2000,0.037,0.869,0.095
2500,0.037,0.807,0.156
3000,0.043,0.810,0.147
3500,0.040,0.847,0.113
4000,0.040,0.856,0.104
4500,0.043,0.872,0.086
5000,0.043,0.869,0.089
5500,0.040,0.859,0.101
6000,0.031,0.908,0.061
6500,0.028,0.887,0.086
7000,0.028,0.911,0.061
7500,0.031,0.875,0.095
8000,0.028,0.902,0.070
8500,0.040,0.853,0.107
9000,0.031,0.890,0.080
9500,0.031,0.893,0.076
10000,0.028,0.878,0.095
10500,0.037,0.875,0.089
11000,0.031,0.878,0.092
11500,0.034,0.847,0.119
12000,0.037,0.859,0.104
12500,0.043,0.807,0.150
13000,0.055,0.810,0.135
13500,0.046,0.804,0.150
14000,0.046,0.810,0.144
14500,0.031,0.872,0.098
15000,0.034,0.850,0.116
15500,0.028,0.853,0.119
16000,0.031,0.841,0.128
16500,0.058,0.853,0.089
17000,0.043,0.853,0.104
17500,0.046,0.801,0.153
18000,0.043,0.817,0.141
18500,0.046,0.789,0.165
19000,0.046,0.777,0.177
19500,0.086,0.746,0.168
20000,0.089,0.731,0.180
20500,0.070,0.755,0.174
21000,0.055,0.728,0.217
21500,0.049,0.734,0.217
22000,0.061,0.789,0.150
22500,0.055,0.731,0.214
23000,0.064,0.709,0.226
23500,0.070,0.688,0.242
24000,0.052,0.743,0.205
24500,0.058,0.810,0.131
25000,0.049,0.810,0.141
25500,0.058,0.743,0.199
26000,0.061,0.765,0.174
26500,0.061,0.752,0.187
27000,0.076,0.752,0.171
27500,0.058,0.765,0.177
28000,0.061,0.780,0.159
28500,0.040,0.752,0.208
29000,0.070,0.780,0.150
29500,0.061,0.786,0.153
30000,0.055,0.783,0.162
30500,0.043,0.810,0.147
31000,0.037,0.801,0.162
31500,0.049,0.841,0.110
32000,0.034,0.859,0.107
32500,0.040,0.869,0.092
33000,0.031,0.869,0.101
33500,0.040,0.844,0.116
34000,0.031,0.832,0.138
34500,0.031,0.865,0.104
35000,0.043,0.865,0.092
35500,0.034,0.872,0.095
36000,0.031,0.890,0.080
36500,0.037,0.856,0.107
37000,0.055,0.841,0.104
37500,0.040,0.841,0.119
38000,0.034,0.865,0.101
38500,0.034,0.835,0.131
39000,0.043,0.856,0.101
39500,0.034,0.865,0.101
40000,0.037,0.899,0.064
40500,0.040,0.838,0.122
41000,0.052,0.817,0.131
41500,0.049,0.844,0.107
42000,0.052,0.841,0.107
42500,0.031,0.856,0.113
43000,0.037,0.817,0.147
43500,0.034,0.817,0.150
44000,0.037,0.813,0.150
44500,0.043,0.820,0.138
45000,0.037,0.786,0.177
45500,0.061,0.758,0.180
46000,0.037,0.801,0.162
46500,0.049,0.801,0.150
47000,0.043,0.817,0.141
47500,0.037,0.804,0.159
48000,0.055,0.783,0.162
48500,0.043,0.771,0.187
49000,0.052,0.780,0.168
49500,0.049,0.719,0.232
50000,0.067,0.713,0.220
50500,0.064,0.737,0.199
51000,0.052,0.786,0.162
51500,0.040,0.774,0.187
52000,0.037,0.804,0.159
52500,0.040,0.853,0.107
53000,0.037,0.835,0.128
53500,0.034,0.872,0.095
54000,0.040,0.829,0.131
54500,0.031,0.792,0.177
55000,0.055,0.832,0.113
55500,0.040,0.792,0.168
56000,0.049,0.801,0.150
56500,0.037,0.847,0.116
57000,0.040,0.853,0.107
57500,0.034,0.881,0.086
58000,0.028,0.908,0.064
58500,0.037,0.862,0.101
59000,0.028,0.856,0.116
59500,0.028,0.884,0.089
60000,0.028,0.859,0.113
60500,0.046,0.829,0.125
61000,0.049,0.859,0.092
61500,0.040,0.847,0.113
62000,0.034,0.847,0.119
62500,0.037,0.832,0.131
63000,0.037,0.792,0.171
63500,0.064,0.749,0.187
64000,0.040,0.768,0.193
64500,0.034,0.838,0.128
65000,0.028,0.862,0.110
65500,0.037,0.862,0.101
66000,0.037,0.862,0.101
66500,0.028,0.881,0.092
67000,0.028,0.807,0.165
67500,0.037,0.817,0.147
68000,0.040,0.804,0.156
68500,0.037,0.786,0.177
69000,0.046,0.771,0.183
69500,0.037,0.820,0.144
70000,0.043,0.722,0.235
70500,0.058,0.771,0.171
71000,0.043,0.774,0.183
71500,0.055,0.795,0.150
72000,0.058,0.765,0.177
72500,0.052,0.789,0.159
73000,0.049,0.749,0.202
73500,0.058,0.774,0.168
74000,0.043,0.786,0.171
74500,0.046,0.823,0.131
75000,0.037,0.786,0.177
75500,0.031,0.789,0.180
76000,0.049,0.768,0.183
76500,0.080,0.737,0.183
77000,0.092,0.700,0.208
77500,0.080,0.703,0.217
78000,0.086,0.713,0.202
78500,0.067,0.734,0.199
79000,0.049,0.771,0.180
79500,0.049,0.761,0.190
80000,0.040,0.804,0.156
80500,0.049,0.813,0.138
81000,0.040,0.853,0.107
81500,0.040,0.887,0.073
82000,0.034,0.872,0.095
82500,0.034,0.875,0.092
83000,0.028,0.878,0.095
83500,0.028,0.893,0.080
84000,0.028,0.911,0.061
84500,0.034,0.884,0.083
85000,0.046,0.838,0.116
85500,0.028,0.872,0.101
86000,0.046,0.832,0.122
86500,0.034,0.859,0.107
87000,0.028,0.841,0.131
87500,0.034,0.872,0.095
88000,0.028,0.847,0.125
88500,0.040,0.838,0.122
89000,0.034,0.859,0.107
89500,0.040,0.786,0.174
90000,0.058,0.749,0.193
90500,0.046,0.823,0.131
91000,0.040,0.859,0.101
91500,0.040,0.829,0.131
92000,0.028,0.850,0.122
92500,0.040,0.850,0.110
93000,0.031,0.844,0.125
93500,0.037,0.841,0.122
94000,0.043,0.865,0.092
94500,0.046,0.841,0.113
95000,0.043,0.835,0.122
95500,0.055,0.765,0.180
96000,0.046,0.801,0.153
96500,0.040,0.829,0.131
97000,0.043,0.853,0.104
97500,0.043,0.887,0.070
98000,0.034,0.881,0.086
98500,0.037,0.875,0.089
99000,0.037,0.884,0.080
99500,0.034,0.896,0.070
100000,0.031,0.875,0.095
100500,0.031,0.893,0.076
101000,0.034,0.896,0.070
101500,0.034,0.862,0.104
102000,0.037,0.856,0.107
102500,0.043,0.832,0.125
103000,0.031,0.890,0.080
103500,0.031,0.890,0.080
104000,0.037,0.872,0.092
104500,0.034,0.878,0.089
105000,0.037,0.832,0.131
105500,0.043,0.862,0.095
106000,0.037,0.807,0.156
106500,0.031,0.783,0.187
107000,0.034,0.813,0.153
107500,0.034,0.875,0.092
108000,0.034,0.890,0.076
108500,0.040,0.884,0.076
109000,0.037,0.820,0.144
109500,0.031,0.856,0.113
110000,0.049,0.832,0.119
110500,0.031,0.872,0.098
111000,0.034,0.872,0.095
111500,0.040,0.844,0.116
112000,0.040,0.838,0.122
112500,0.028,0.841,0.131
113000,0.034,0.826,0.141
113500,0.043,0.755,0.202
114000,0.052,0.823,0.125
114500,0.049,0.817,0.135
115000,0.037,0.786,0.177
115500,0.046,0.801,0.153
116000,0.040,0.807,0.153
116500,0.031,0.841,0.128
117000,0.040,0.881,0.080
117500,0.034,0.859,0.107
118000,0.046,0.844,0.110
118500,0.040,0.835,0.125
119000,0.043,0.841,0.116
119500,0.034,0.884,0.083
120000,0.028,0.893,0.080
120500,0.037,0.856,0.107
121000,0.031,0.859,0.110
121500,0.034,0.859,0.107
122000,0.037,0.841,0.122
122500,0.049,0.829,0.122
123000,0.064,0.789,0.147
123500,0.058,0.817,0.125
124000,0.037,0.850,0.113
124500,0.037,0.823,0.141
125000,0.028,0.872,0.101
125500,0.028,0.899,0.073
126000,0.037,0.875,0.089
126500,0.034,0.869,0.098
127000,0.040,0.823,0.138
127500,0.049,0.792,0.159
128000,0.052,0.780,0.168
128500,0.061,0.737,0.202
129000,0.073,0.728,0.199
129500,0.052,0.801,0.147
130000,0.046,0.820,0.135
130500,0.037,0.789,0.174
131000,0.052,0.777,0.171
131500,0.076,0.761,0.162
132000,0.089,0.752,0.159
132500,0.055,0.804,0.141
133000,0.052,0.755,0.193
133500,0.055,0.774,0.171
134000,0.046,0.777,0.177
134500,0.049,0.780,0.171
135000,0.043,0.771,0.187
135500,0.052,0.780,0.168
136000,0.040,0.817,0.144
136500,0.043,0.838,0.119
137000,0.034,0.853,0.113
137500,0.034,0.847,0.119
138000,0.028,0.844,0.128
138500,0.034,0.826,0.141
139000,0.031,0.899,0.070
139500,0.028,0.893,0.080
140000,0.037,0.865,0.098
140500,0.049,0.865,0.086
141000,0.037,0.865,0.098
141500,0.031,0.875,0.095
142000,0.049,0.859,0.092
142500,0.040,0.856,0.104
143000,0.034,0.887,0.080
143500,0.031,0.893,0.076
144000,0.043,0.850,0.107
144500,0.034,0.875,0.092
145000,0.043,0.856,0.101
145500,0.037,0.881,0.083
146000,0.034,0.835,0.131
146500,0.037,0.850,0.113
147000,0.046,0.859,0.095
147500,0.052,0.826,0.122
148000,0.031,0.875,0.095
148500,0.037,0.914,0.049
149000,0.034,0.862,0.104
149500,0.034,0.856,0.110
150000,0.049,0.859,0.092
150500,0.043,0.777,0.180
151000,0.046,0.786,0.168
151500,0.037,0.792,0.171
152000,0.049,0.847,0.104
152500,0.046,0.801,0.153
153000,0.040,0.789,0.171
153500,0.034,0.838,0.128
154000,0.037,0.859,0.104
154500,0.034,0.847,0.119
155000,0.046,0.850,0.104
155500,0.040,0.853,0.107
156000,0.046,0.844,0.110
156500,0.049,0.841,0.110
157000,0.037,0.869,0.095
157500,0.031,0.810,0.159
158000,0.031,0.869,0.101
158500,0.049,0.810,0.141
159000,0.034,0.795,0.171
159500,0.034,0.847,0.119
160000,0.040,0.850,0.110
160500,0.037,0.881,0.083
161000,0.040,0.899,0.061
161500,0.028,0.869,0.104
162000,0.058,0.847,0.095
162500,0.040,0.865,0.095
163000,0.028,0.856,0.116
163500,0.028,0.890,0.083
164000,0.031,0.853,0.116
164500,0.037,0.789,0.174
165000,0.046,0.798,0.156
165500,0.040,0.768,0.193
166000,0.034,0.832,0.135
166500,0.046,0.859,0.095
167000,0.043,0.841,0.116
167500,0.034,0.838,0.128
168000,0.031,0.859,0.110
168500,0.040,0.780,0.180
169000,0.034,0.804,0.162
169500,0.052,0.768,0.180
170000,0.043,0.804,0.153
170500,0.055,0.752,0.193
171000,0.046,0.783,0.171
171500,0.061,0.789,0.150
172000,0.043,0.755,0.202
172500,0.046,0.792,0.162
173000,0.073,0.786,0.141
173500,0.052,0.761,0.187
174000,0.061,0.795,0.144
174500,0.046,0.835,0.119
175000,0.031,0.865,0.104
175500,0.028,0.865,0.107
176000,0.028,0.847,0.125
176500,0.028,0.887,0.086
177000,0.028,0.881,0.092
177500,0.037,0.865,0.098
178000,0.031,0.899,0.070
178500,0.040,0.847,0.113
179000,0.040,0.853,0.107
179500,0.034,0.875,0.092
180000,0.028,0.893,0.080
180500,0.034,0.823,0.144
181000,0.031,0.887,0.083
181500,0.028,0.875,0.098
182000,0.052,0.807,0.141
182500,0.040,0.817,0.144
183000,0.037,0.798,0.165
183500,0.031,0.844,0.125
184000,0.031,0.847,0.122
184500,0.031,0.841,0.128
185000,0.034,0.798,0.168
185500,0.040,0.807,0.153
186000,0.034,0.838,0.128
186500,0.058,0.801,0.141
187000,0.040,0.838,0.122
187500,0.034,0.844,0.122
188000,0.028,0.872,0.101
188500,0.028,0.875,0.098
189000,0.028,0.859,0.113
189500,0.028,0.856,0.116
190000,0.034,0.872,0.095
190500,0.028,0.881,0.092
191000,0.037,0.835,0.128
191500,0.028,0.899,0.073
192000,0.034,0.853,0.113
192500,0.043,0.856,0.101
193000,0.046,0.835,0.119
193500,0.049,0.777,0.174
194000,0.058,0.740,0.202
194500,0.076,0.725,0.199
195000,0.070,0.746,0.183
195500,0.061,0.722,0.217
196000,0.055,0.734,0.211
196500,0.055,0.798,0.147
197000,0.046,0.835,0.119
197500,0.037,0.813,0.150
198000,0.034,0.838,0.128
198500,0.043,0.829,0.128
199000,0.043,0.826,0.131
199500,0.049,0.786,0.165
200000,0.046,0.789,0.165
200500,0.037,0.813,0.150
201000,0.037,0.835,0.128
201500,0.049,0.817,0.135
202000,0.031,0.905,0.064
202500,0.028,0.881,0.092
203000,0.040,0.862,0.098
203500,0.043,0.826,0.131
204000,0.049,0.774,0.177
204500,0.058,0.777,0.165
205000,0.049,0.780,0.171
205500,0.031,0.798,0.171
206000,0.037,0.875,0.089
206500,0.043,0.841,0.116
207000,0.043,0.856,0.101
207500,0.061,0.801,0.138
208000,0.052,0.838,0.110
208500,0.049,0.841,0.110
209000,0.034,0.826,0.141
209500,0.034,0.832,0.135
210000,0.031,0.869,0.101
210500,0.028,0.856,0.116
211000,0.028,0.835,0.138
211500,0.037,0.835,0.128
212000,0.043,0.832,0.125
212500,0.040,0.841,0.119
213000,0.043,0.844,0.113
213500,0.031,0.847,0.122
214000,0.034,0.841,0.125
214500,0.052,0.768,0.180
215000,0.083,0.691,0.226
215500,0.043,0.765,0.193
216000,0.043,0.804,0.153
216500,0.031,0.844,0.125
217000,0.037,0.835,0.128
217500,0.037,0.872,0.092
218000,0.040,0.850,0.110
218500,0.061,0.823,0.116
219000,0.043,0.826,0.131
219500,0.043,0.847,0.110
220000,0.031,0.884,0.086
220500,0.031,0.878,0.092
221000,0.034,0.881,0.086
221500,0.028,0.872,0.101
222000,0.028,0.853,0.119
222500,0.031,0.844,0.125
223000,0.043,0.786,0.171
223500,0.034,0.853,0.113
224000,0.043,0.801,0.156
224500,0.055,0.765,0.180
225000,0.043,0.795,0.162
225500,0.037,0.875,0.089
226000,0.031,0.832,0.138
226500,0.058,0.810,0.131
227000,0.061,0.810,0.128
227500,0.037,0.813,0.150
228000,0.049,0.853,0.098
228500,0.031,0.850,0.119
229000,0.046,0.878,0.076
229500,0.040,0.835,0.125
230000,0.031,0.847,0.122
230500,0.037,0.859,0.104
231000,0.046,0.801,0.153
231500,0.034,0.820,0.147
232000,0.040,0.817,0.144
232500,0.037,0.850,0.113
233000,0.046,0.841,0.113
233500,0.037,0.890,0.073
234000,0.040,0.847,0.113
234500,0.034,0.911,0.055
235000,0.028,0.890,0.083
235500,0.028,0.881,0.092
236000,0.031,0.914,0.055
236500,0.043,0.896,0.061
237000,0.037,0.869,0.095
237500,0.034,0.859,0.107
238000,0.046,0.810,0.144
238500,0.058,0.792,0.150
239000,0.046,0.795,0.159
239500,0.052,0.728,0.220
240000,0.049,0.795,0.156
240500,0.040,0.844,0.116
241000,0.043,0.810,0.147
241500,0.037,0.856,0.107
242000,0.043,0.878,0.080
242500,0.034,0.890,0.076
243000,0.034,0.875,0.092
243500,0.037,0.823,0.141
244000,0.046,0.835,0.119
244500,0.046,0.841,0.113
245000,0.040,0.850,0.110
245500,0.034,0.878,0.089
246000,0.028,0.893,0.080
246500,0.031,0.841,0.128
247000,0.031,0.832,0.138
247500,0.040,0.829,0.131
248000,0.031,0.817,0.153
248500,0.040,0.780,0.180
249000,0.037,0.817,0.147
249500,0.061,0.768,0.171
250000,0.040,0.810,0.150
250500,0.043,0.804,0.153
251000,0.034,0.832,0.135
251500,0.028,0.841,0.131
252000,0.034,0.853,0.113
252500,0.043,0.887,0.070
253000,0.043,0.862,0.095
253500,0.046,0.832,0.122
254000,0.046,0.798,0.156
254500,0.052,0.823,0.125
255000,0.028,0.835,0.138
255500,0.034,0.832,0.135
256000,0.034,0.890,0.076
256500,0.031,0.884,0.086
257000,0.031,0.893,0.076
257500,0.034,0.862,0.104
258000,0.040,0.884,0.076
258500,0.040,0.856,0.104
259000,0.037,0.878,0.086
259500,0.040,0.893,0.067
260000,0.034,0.850,0.116
260500,0.049,0.807,0.144
261000,0.052,0.795,0.153
261500,0.043,0.804,0.153
262000,0.046,0.789,0.165
262500,0.049,0.768,0.183
263000,0.043,0.807,0.150
263500,0.034,0.829,0.138
264000,0.040,0.853,0.107
264500,0.064,0.752,0.183
265000,0.037,0.755,0.208
265500,0.034,0.844,0.122
266000,0.031,0.869,0.101
266500,0.049,0.777,0.174
267000,0.055,0.761,0.183
267500,0.049,0.813,0.138
268000,0.043,0.774,0.183
268500,0.037,0.810,0.153
269000,0.034,0.832,0.135
269500,0.037,0.820,0.144
270000,0.034,0.844,0.122
270500,0.052,0.804,0.144
271000,0.058,0.783,0.159
271500,0.061,0.743,0.196
272000,0.089,0.706,0.205
272500,0.055,0.786,0.159
273000,0.055,0.841,0.104
273500,0.031,0.835,0.135
274000,0.040,0.865,0.095
274500,0.028,0.835,0.138
275000,0.046,0.844,0.110
275500,0.031,0.878,0.092
276000,0.037,0.838,0.125
276500,0.037,0.869,0.095
277000,0.031,0.872,0.098
277500,0.043,0.859,0.098
278000,0.034,0.853,0.113
278500,0.043,0.847,0.110
279000,0.037,0.844,0.119
279500,0.031,0.853,0.116
280000,0.031,0.878,0.092
280500,0.037,0.850,0.113
281000,0.043,0.813,0.144
281500,0.049,0.841,0.110
282000,0.037,0.832,0.131
282500,0.028,0.878,0.095
283000,0.049,0.835,0.116
283500,0.046,0.847,0.107
284000,0.046,0.771,0.183
284500,0.043,0.761,0.196
285000,0.073,0.725,0.202
285500,0.067,0.792,0.141
286000,0.073,0.755,0.171
286500,0.043,0.725,0.232
287000,0.061,0.728,0.211
287500,0.076,0.743,0.180
288000,0.067,0.746,0.187
288500,0.076,0.706,0.217
289000,0.076,0.734,0.190
289500,0.058,0.804,0.138
290000,0.052,0.798,0.150
290500,0.040,0.804,0.156
291000,0.043,0.838,0.119
291500,0.043,0.838,0.119
292000,0.037,0.862,0.101
292500,0.049,0.862,0.089
293000,0.040,0.872,0.089
293500,0.037,0.856,0.107
294000,0.034,0.847,0.119
294500,0.040,0.887,0.073
295000,0.031,0.862,0.107
295500,0.034,0.804,0.162
296000,0.037,0.774,0.190
296500,0.049,0.795,0.156
297000,0.040,0.789,0.171
297500,0.046,0.807,0.147
298000,0.052,0.725,0.223
298500,0.080,0.743,0.177
299000,0.089,0.713,0.199
299500,0.089,0.728,0.183
300000,0.064,0.627,0.309
300500,0.092,0.661,0.248
301000,0.070,0.743,0.187
301500,0.058,0.810,0.131
302000,0.058,0.823,0.119
302500,0.058,0.765,0.177
303000,0.043,0.725,0.232
303500,0.049,0.752,0.199
304000,0.040,0.783,0.177
304500,0.040,0.829,0.131
305000,0.037,0.841,0.122
305500,0.055,0.856,0.089
306000,0.034,0.875,0.092
306500,0.028,0.872,0.101
307000,0.028,0.896,0.076
307500,0.040,0.853,0.107
308000,0.031,0.856,0.113
308500,0.031,0.813,0.156
309000,0.034,0.865,0.101
309500,0.028,0.862,0.110
310000,0.040,0.881,0.080
310500,0.037,0.881,0.083
311000,0.037,0.878,0.086
311500,0.031,0.850,0.119
312000,0.031,0.875,0.095
312500,0.031,0.862,0.107
313000,0.043,0.875,0.083
313500,0.040,0.792,0.168
314000,0.046,0.783,0.171
314500,0.067,0.706,0.226
315000,0.073,0.697,0.229
315500,0.067,0.734,0.199
316000,0.049,0.761,0.190
316500,0.046,0.743,0.211
317000,0.064,0.810,0.125
317500,0.061,0.761,0.177
318000,0.052,0.789,0.159
318500,0.052,0.804,0.144
319000,0.049,0.829,0.122
319500,0.043,0.801,0.156
320000,0.046,0.813,0.141
320500,0.034,0.801,0.165
321000,0.055,0.783,0.162
321500,0.046,0.795,0.159
322000,0.055,0.798,0.147
322500,0.055,0.777,0.168
323000,0.043,0.826,0.131
323500,0.040,0.820,0.141
324000,0.046,0.823,0.131
324500,0.031,0.838,0.131
325000,0.040,0.878,0.083
325500,0.031,0.832,0.138
326000,0.031,0.878,0.092
326500,0.040,0.841,0.119
327000,0.043,0.795,0.162
327500,0.031,0.847,0.122
328000,0.043,0.844,0.113
328500,0.040,0.838,0.122
329000,0.034,0.850,0.116
329500,0.031,0.872,0.098
330000,0.049,0.832,0.119
330500,0.037,0.896,0.067
331000,0.034,0.896,0.070
331500,0.037,0.856,0.107
332000,0.049,0.795,0.156
332500,0.055,0.810,0.135
333000,0.034,0.826,0.141
333500,0.037,0.878,0.086
334000,0.037,0.869,0.095
334500,0.031,0.875,0.095
335000,0.031,0.899,0.070
335500,0.040,0.838,0.122
336000,0.064,0.823,0.113
336500,0.040,0.813,0.147
337000,0.037,0.838,0.125
337500,0.046,0.801,0.153
338000,0.037,0.807,0.156
338500,0.034,0.823,0.144
339000,0.034,0.813,0.153
339500,0.034,0.838,0.128
340000,0.040,0.801,0.159
340500,0.043,0.820,0.138
341000,0.040,0.850,0.110
341500,0.040,0.865,0.095
342000,0.040,0.853,0.107
342500,0.034,0.911,0.055
343000,0.034,0.899,0.067
343500,0.034,0.865,0.101
344000,0.043,0.865,0.092
344500,0.043,0.902,0.055
345000,0.064,0.850,0.086
345500,0.043,0.798,0.159
346000,0.046,0.856,0.098
346500,0.031,0.878,0.092
347000,0.043,0.872,0.086
347500,0.028,0.865,0.107
348000,0.043,0.850,0.107
348500,0.037,0.844,0.119
349000,0.037,0.841,0.122
349500,0.046,0.743,0.211
350000,0.034,0.823,0.144
350500,0.031,0.841,0.128
351000,0.037,0.820,0.144
351500,0.061,0.713,0.226
352000,0.055,0.725,0.220
352500,0.080,0.673,0.248
353000,0.089,0.657,0.254
353500,0.067,0.676,0.257
354000,0.070,0.737,0.193
354500,0.052,0.786,0.162
355000,0.055,0.749,0.196
355500,0.046,0.749,0.205
356000,0.058,0.761,0.180
356500,0.067,0.752,0.180
357000,0.055,0.783,0.162
357500,0.043,0.835,0.122
358000,0.046,0.832,0.122
358500,0.040,0.838,0.122
359000,0.028,0.835,0.138
359500,0.037,0.862,0.101
360000,0.046,0.807,0.147
360500,0.043,0.835,0.122
361000,0.034,0.844,0.122
361500,0.043,0.820,0.138
362000,0.034,0.844,0.122
362500,0.034,0.881,0.086
363000,0.031,0.893,0.076
363500,0.034,0.865,0.101
364000,0.034,0.872,0.095
364500,0.031,0.853,0.116
365000,0.040,0.887,0.073
365500,0.046,0.823,0.131
366000,0.055,0.783,0.162
366500,0.064,0.789,0.147
367000,0.043,0.798,0.159
367500,0.028,0.869,0.104
368000,0.028,0.856,0.116
368500,0.046,0.820,0.135
369000,0.037,0.878,0.086
369500,0.034,0.884,0.083
370000,0.043,0.835,0.122
370500,0.040,0.820,0.141
371000,0.031,0.865,0.104
371500,0.037,0.859,0.104
372000,0.037,0.893,0.070
372500,0.031,0.887,0.083
373000,0.031,0.859,0.110
373500,0.037,0.911,0.052
374000,0.037,0.850,0.113
374500,0.043,0.835,0.122
375000,0.040,0.869,0.092
375500,0.028,0.820,0.153
376000,0.052,0.826,0.122
376500,0.058,0.813,0.128
377000,0.037,0.844,0.119
377500,0.034,0.847,0.119
378000,0.040,0.798,0.162
378500,0.046,0.823,0.131
379000,0.046,0.835,0.119
379500,0.037,0.847,0.116
380000,0.040,0.838,0.122
380500,0.028,0.893,0.080
381000,0.031,0.820,0.150
381500,0.046,0.850,0.104
382000,0.040,0.841,0.119
382500,0.037,0.841,0.122
383000,0.031,0.841,0.128
383500,0.037,0.878,0.086
384000,0.031,0.884,0.086
384500,0.031,0.875,0.095
385000,0.034,0.884,0.083
385500,0.046,0.765,0.190
386000,0.046,0.777,0.177
386500,0.034,0.792,0.174
387000,0.061,0.749,0.190
387500,0.055,0.752,0.193
388000,0.043,0.725,0.232
388500,0.046,0.810,0.144
389000,0.055,0.792,0.153
389500,0.040,0.844,0.116
390000,0.037,0.847,0.116
390500,0.034,0.890,0.076
391000,0.031,0.872,0.098
391500,0.037,0.869,0.095
392000,0.034,0.810,0.156
392500,0.040,0.881,0.080
393000,0.034,0.875,0.092
393500,0.061,0.820,0.119
394000,0.049,0.844,0.107
394500,0.046,0.826,0.128
395000,0.034,0.841,0.125
395500,0.040,0.829,0.131
396000,0.040,0.850,0.110
396500,0.046,0.780,0.174
397000,0.031,0.862,0.107
397500,0.052,0.820,0.128
398000,0.043,0.850,0.107
398500,0.043,0.795,0.162
399000,0.070,0.801,0.128
399500,0.052,0.780,0.168
400000,0.058,0.768,0.174
400500,0.049,0.780,0.171
401000,0.067,0.746,0.187
401500,0.058,0.752,0.190
402000,0.034,0.817,0.150
402500,0.031,0.865,0.104
403000,0.034,0.847,0.119
403500,0.046,0.853,0.101
404000,0.046,0.832,0.122
404500,0.037,0.869,0.095
405000,0.031,0.899,0.070
405500,0.034,0.853,0.113
406000,0.046,0.826,0.128
406500,0.037,0.856,0.107
407000,0.028,0.884,0.089
407500,0.034,0.878,0.089
408000,0.031,0.869,0.101
408500,0.028,0.865,0.107
409000,0.034,0.884,0.083
409500,0.034,0.899,0.067
410000,0.028,0.884,0.089
410500,0.031,0.875,0.095
411000,0.028,0.881,0.092
411500,0.034,0.817,0.150
412000,0.028,0.786,0.187
412500,0.031,0.841,0.128
413000,0.031,0.838,0.131
413500,0.040,0.804,0.156
414000,0.040,0.829,0.131
414500,0.028,0.844,0.128
415000,0.058,0.844,0.098
415500,0.064,0.740,0.196
416000,0.043,0.749,0.208
416500,0.037,0.820,0.144
417000,0.043,0.804,0.153
417500,0.034,0.801,0.165
418000,0.043,0.807,0.150
418500,0.034,0.835,0.131
419000,0.031,0.844,0.125
419500,0.034,0.872,0.095
420000,0.031,0.914,0.055
420500,0.040,0.878,0.083
421000,0.034,0.844,0.122
421500,0.040,0.823,0.138
422000,0.040,0.804,0.156
422500,0.034,0.820,0.147
423000,0.046,0.820,0.135
423500,0.037,0.813,0.150
424000,0.040,0.813,0.147
424500,0.067,0.777,0.156
425000,0.058,0.801,0.141
425500,0.052,0.835,0.113
426000,0.034,0.829,0.138
426500,0.040,0.847,0.113
427000,0.043,0.838,0.119
427500,0.052,0.835,0.113
428000,0.040,0.847,0.113
428500,0.040,0.853,0.107
429000,0.046,0.838,0.116
429500,0.046,0.817,0.138
430000,0.034,0.856,0.110
430500,0.031,0.875,0.095
431000,0.028,0.862,0.110
431500,0.028,0.884,0.089
432000,0.031,0.847,0.122
432500,0.031,0.872,0.098
433000,0.040,0.844,0.116
433500,0.031,0.872,0.098
434000,0.028,0.878,0.095
434500,0.028,0.887,0.086
435000,0.037,0.893,0.070
435500,0.046,0.807,0.147
436000,0.049,0.820,0.131
436500,0.037,0.850,0.113
437000,0.034,0.872,0.095
437500,0.037,0.875,0.089
438000,0.031,0.881,0.089
438500,0.040,0.875,0.086
439000,0.040,0.826,0.135
439500,0.058,0.768,0.174
440000,0.080,0.752,0.168
440500,0.061,0.792,0.147
441000,0.058,0.774,0.168
441500,0.052,0.765,0.183
442000,0.040,0.832,0.128
442500,0.028,0.859,0.113
443000,0.040,0.826,0.135
443500,0.028,0.869,0.104
444000,0.028,0.881,0.092
444500,0.031,0.869,0.101
445000,0.034,0.890,0.076
445500,0.034,0.862,0.104
446000,0.043,0.838,0.119
446500,0.052,0.832,0.116
447000,0.034,0.813,0.153
447500,0.037,0.832,0.131
448000,0.031,0.835,0.135
448500,0.028,0.924,0.049
449000,0.037,0.908,0.055
449500,0.031,0.908,0.061
450000,0.040,0.832,0.128
450500,0.034,0.826,0.141
451000,0.034,0.810,0.156
451500,0.037,0.826,0.138
452000,0.034,0.865,0.101
452500,0.037,0.869,0.095
453000,0.034,0.884,0.083
453500,0.028,0.847,0.125
454000,0.028,0.908,0.064
454500,0.028,0.884,0.089
455000,0.028,0.881,0.092
455500,0.031,0.908,0.061
456000,0.031,0.902,0.067
456500,0.043,0.917,0.040
457000,0.031,0.917,0.052
457500,0.028,0.924,0.049
458000,0.040,0.829,0.131
458500,0.031,0.838,0.131
459000,0.037,0.862,0.101
459500,0.046,0.850,0.104
460000,0.034,0.850,0.116
460500,0.037,0.865,0.098
461000,0.040,0.859,0.101
461500,0.040,0.853,0.107
462000,0.034,0.859,0.107
462500,0.031,0.884,0.086
463000,0.034,0.896,0.070
463500,0.031,0.887,0.083
464000,0.028,0.902,0.070
464500,0.040,0.899,0.061
465000,0.031,0.872,0.098
465500,0.037,0.853,0.110
466000,0.037,0.872,0.092
466500,0.034,0.844,0.122
467000,0.037,0.850,0.113
467500,0.028,0.838,0.135
468000,0.040,0.820,0.141
468500,0.043,0.832,0.125
469000,0.052,0.829,0.119
469500,0.040,0.823,0.138
470000,0.034,0.865,0.101
470500,0.034,0.859,0.107
471000,0.034,0.869,0.098
471500,0.028,0.890,0.083
472000,0.028,0.896,0.076
472500,0.034,0.862,0.104
473000,0.043,0.878,0.080
473500,0.055,0.823,0.122
474000,0.058,0.783,0.159
474500,0.058,0.838,0.104
475000,0.040,0.801,0.159
475500,0.040,0.847,0.113
476000,0.052,0.804,0.144
476500,0.052,0.792,0.156
477000,0.031,0.853,0.116
477500,0.034,0.878,0.089
478000,0.037,0.847,0.116
478500,0.052,0.817,0.131
479000,0.064,0.743,0.193
479500,0.061,0.786,0.153
480000,0.067,0.749,0.183
480500,0.055,0.810,0.135
481000,0.049,0.768,0.183
481500,0.073,0.743,0.183
482000,0.064,0.691,0.245
482500,0.104,0.703,0.193
483000,0.080,0.709,0.211
483500,0.086,0.697,0.217
484000,0.092,0.667,0.242
484500,0.110,0.664,0.226
485000,0.122,0.615,0.263
485500,0.122,0.563,0.315
486000,0.119,0.587,0.294
486500,0.113,0.609,0.278
487000,0.073,0.639,0.287
487500,0.095,0.697,0.208
488000,0.107,0.670,0.223
488500,0.067,0.664,0.269
489000,0.046,0.755,0.199
489500,0.070,0.716,0.214
490000,0.043,0.746,0.211
490500,0.049,0.777,0.174
491000,0.040,0.832,0.128
491500,0.046,0.835,0.119
492000,0.049,0.841,0.110
492500,0.037,0.844,0.119
493000,0.052,0.856,0.092
493500,0.046,0.850,0.104
494000,0.037,0.859,0.104
494500,0.037,0.865,0.098
495000,0.034,0.853,0.113
495500,0.034,0.841,0.125
496000,0.031,0.829,0.141
496500,0.028,0.865,0.107
497000,0.031,0.829,0.141
497500,0.046,0.780,0.174
498000,0.055,0.777,0.168
498500,0.043,0.752,0.205
499000,0.052,0.765,0.183
499500,0.067,0.761,0.171
500000,0.043,0.765,0.193
500500,0.046,0.813,0.141
501000,0.046,0.826,0.128
501500,0.043,0.850,0.107
502000,0.031,0.859,0.110
502500,0.031,0.899,0.070
503000,0.034,0.875,0.092
503500,0.028,0.856,0.116
504000,0.037,0.862,0.101
504500,0.031,0.847,0.122
505000,0.043,0.823,0.135
505500,0.031,0.856,0.113
506000,0.034,0.887,0.080
506500,0.034,0.865,0.101
507000,0.028,0.869,0.104
507500,0.031,0.893,0.076
508000,0.028,0.893,0.080
508500,0.040,0.859,0.101
509000,0.040,0.841,0.119
509500,0.031,0.859,0.110
510000,0.037,0.859,0.104
510500,0.046,0.813,0.141
511000,0.055,0.765,0.180
511500,0.043,0.795,0.162
512000,0.037,0.777,0.187
512500,0.043,0.804,0.153
513000,0.043,0.835,0.122
513500,0.031,0.869,0.101
514000,0.034,0.835,0.131
514500,0.040,0.844,0.116
515000,0.031,0.847,0.122
515500,0.034,0.887,0.080
516000,0.034,0.884,0.083
516500,0.046,0.869,0.086
517000,0.031,0.878,0.092
517500,0.031,0.899,0.070
518000,0.037,0.884,0.080
518500,0.034,0.884,0.083
519000,0.037,0.899,0.064
519500,0.028,0.875,0.098
520000,0.034,0.872,0.095
520500,0.028,0.875,0.098
521000,0.031,0.835,0.135
521500,0.040,0.865,0.095
522000,0.055,0.810,0.135
522500,0.058,0.755,0.187
523000,0.049,0.774,0.177
523500,0.043,0.795,0.162
524000,0.052,0.786,0.162
524500,0.046,0.865,0.089
525000,0.037,0.869,0.095
525500,0.031,0.869,0.101
526000,0.031,0.856,0.113
526500,0.034,0.841,0.125
527000,0.040,0.823,0.138
527500,0.037,0.856,0.107
528000,0.043,0.862,0.095
528500,0.034,0.875,0.092
529000,0.031,0.884,0.086
529500,0.034,0.902,0.064
530000,0.031,0.911,0.058
530500,0.031,0.890,0.080
531000,0.031,0.917,0.052
531500,0.037,0.927,0.037
532000,0.046,0.869,0.086
532500,0.031,0.884,0.086
533000,0.034,0.859,0.107
533500,0.031,0.878,0.092
534000,0.034,0.887,0.080
534500,0.034,0.908,0.058
535000,0.028,0.905,0.067
535500,0.034,0.927,0.040
536000,0.040,0.859,0.101
536500,0.028,0.865,0.107
537000,0.028,0.893,0.080
537500,0.034,0.872,0.095
538000,0.046,0.865,0.089
538500,0.031,0.807,0.162
539000,0.031,0.847,0.122
539500,0.049,0.847,0.104
540000,0.037,0.832,0.131
540500,0.046,0.780,0.174
541000,0.049,0.777,0.174
541500,0.064,0.835,0.101
542000,0.046,0.798,0.156
542500,0.040,0.817,0.144
543000,0.031,0.823,0.147
543500,0.040,0.841,0.119
544000,0.046,0.823,0.131
544500,0.061,0.798,0.141
545000,0.037,0.795,0.168
545500,0.040,0.774,0.187
546000,0.034,0.841,0.125
546500,0.034,0.835,0.131
547000,0.037,0.801,0.162
547500,0.037,0.850,0.113
548000,0.040,0.844,0.116
548500,0.034,0.835,0.131
549000,0.031,0.872,0.098
549500,0.028,0.896,0.076
550000,0.028,0.865,0.107
550500,0.028,0.887,0.086
551000,0.028,0.905,0.067
551500,0.034,0.905,0.061
552000,0.031,0.881,0.089
552500,0.028,0.914,0.058
553000,0.031,0.884,0.086
553500,0.031,0.862,0.107
554000,0.031,0.853,0.116
554500,0.028,0.859,0.113
555000,0.028,0.872,0.101
555500,0.031,0.869,0.101
556000,0.031,0.884,0.086
556500,0.031,0.862,0.107
557000,0.028,0.902,0.070
557500,0.028,0.924,0.049
558000,0.031,0.917,0.052
558500,0.028,0.905,0.067
559000,0.028,0.881,0.092
559500,0.031,0.881,0.089
560000,0.028,0.896,0.076
560500,0.034,0.869,0.098
561000,0.034,0.862,0.104
561500,0.031,0.856,0.113
562000,0.034,0.826,0.141
562500,0.043,0.813,0.144
563000,0.037,0.847,0.116
563500,0.034,0.872,0.095
564000,0.031,0.884,0.086
564500,0.031,0.890,0.080
565000,0.034,0.878,0.089
565500,0.028,0.896,0.076
566000,0.031,0.890,0.080
566500,0.034,0.890,0.076
567000,0.034,0.924,0.043
567500,0.028,0.896,0.076
568000,0.043,0.844,0.113
568500,0.043,0.810,0.147
569000,0.037,0.869,0.095
569500,0.034,0.853,0.113
570000,0.046,0.844,0.110
570500,0.043,0.771,0.187
571000,0.061,0.728,0.211
571500,0.055,0.688,0.257
572000,0.067,0.731,0.202
572500,0.089,0.728,0.183
573000,0.046,0.777,0.177
573500,0.064,0.746,0.190
574000,0.046,0.823,0.131
574500,0.055,0.758,0.187
575000,0.058,0.786,0.156
575500,0.037,0.817,0.147
576000,0.067,0.801,0.131
576500,0.040,0.820,0.141
577000,0.037,0.829,0.135
577500,0.028,0.878,0.095
578000,0.034,0.881,0.086
578500,0.031,0.908,0.061
579000,0.028,0.878,0.095
579500,0.031,0.856,0.113
580000,0.028,0.881,0.092
580500,0.028,0.893,0.080
581000,0.040,0.872,0.089
581500,0.040,0.850,0.110
582000,0.028,0.859,0.113
582500,0.034,0.865,0.101
583000,0.037,0.875,0.089
583500,0.043,0.887,0.070
584000,0.040,0.878,0.083
584500,0.040,0.853,0.107
585000,0.040,0.865,0.095
585500,0.037,0.820,0.144
586000,0.040,0.798,0.162
586500,0.064,0.804,0.131
587000,0.040,0.823,0.138
587500,0.031,0.798,0.171
588000,0.046,0.807,0.147
588500,0.034,0.810,0.156
589000,0.043,0.832,0.125
589500,0.046,0.765,0.190
590000,0.052,0.820,0.128
590500,0.061,0.731,0.208
591000,0.046,0.810,0.144
591500,0.037,0.829,0.135
592000,0.040,0.792,0.168
592500,0.089,0.719,0.193
593000,0.092,0.703,0.205
593500,0.089,0.694,0.217
594000,0.073,0.673,0.254
594500,0.073,0.722,0.205
595000,0.058,0.789,0.153
595500,0.037,0.813,0.150
596000,0.043,0.832,0.125
596500,0.040,0.823,0.138
597000,0.040,0.865,0.095
597500,0.031,0.844,0.125
598000,0.031,0.841,0.128
598500,0.034,0.859,0.107
599000,0.040,0.865,0.095
599500,0.040,0.862,0.098
600000,0.037,0.862,0.101
600500,0.037,0.847,0.116
601000,0.034,0.881,0.086
601500,0.031,0.869,0.101
602000,0.031,0.890,0.080
602500,0.034,0.856,0.110
603000,0.034,0.838,0.128
603500,0.037,0.841,0.122
604000,0.049,0.801,0.150
604500,0.034,0.817,0.150
605000,0.040,0.850,0.110
605500,0.034,0.899,0.067
606000,0.040,0.856,0.104
606500,0.040,0.884,0.076
607000,0.037,0.869,0.095
607500,0.040,0.881,0.080
608000,0.037,0.865,0.098
608500,0.037,0.783,0.180
609000,0.046,0.780,0.174
609500,0.046,0.771,0.183
610000,0.043,0.801,0.156
610500,0.052,0.795,0.153
611000,0.040,0.841,0.119
611500,0.049,0.798,0.153
612000,0.070,0.737,0.193
612500,0.110,0.673,0.217
613000,0.095,0.667,0.239
613500,0.125,0.648,0.226
614000,0.104,0.639,0.257
614500,0.095,0.716,0.190
615000,0.049,0.734,0.217
615500,0.061,0.801,0.138
616000,0.070,0.768,0.162
616500,0.055,0.820,0.125
617000,0.040,0.823,0.138
617500,0.034,0.869,0.098
618000,0.040,0.850,0.110
618500,0.034,0.847,0.119
619000,0.037,0.817,0.147
619500,0.046,0.807,0.147
620000,0.037,0.844,0.119
620500,0.052,0.823,0.125
621000,0.046,0.801,0.153
621500,0.043,0.835,0.122
622000,0.043,0.801,0.156
622500,0.061,0.713,0.226
623000,0.049,0.761,0.190
623500,0.052,0.706,0.242
624000,0.055,0.758,0.187
624500,0.037,0.768,0.196
625000,0.034,0.792,0.174
625500,0.055,0.777,0.168
626000,0.052,0.829,0.119
626500,0.040,0.859,0.101
627000,0.049,0.847,0.104
627500,0.049,0.804,0.147
628000,0.076,0.765,0.159
628500,0.043,0.761,0.196
629000,0.067,0.737,0.196
629500,0.049,0.817,0.135
630000,0.052,0.761,0.187
630500,0.052,0.761,0.187
631000,0.058,0.758,0.183
631500,0.040,0.841,0.119
632000,0.031,0.865,0.104
632500,0.046,0.838,0.116
633000,0.040,0.826,0.135
633500,0.043,0.853,0.104
634000,0.058,0.752,0.190
634500,0.064,0.786,0.150
635000,0.058,0.758,0.183
635500,0.073,0.731,0.196
636000,0.083,0.743,0.174
636500,0.043,0.817,0.141
637000,0.040,0.813,0.147
637500,0.049,0.856,0.095
638000,0.040,0.807,0.153
638500,0.046,0.835,0.119
639000,0.031,0.853,0.116
639500,0.034,0.862,0.104
640000,0.037,0.807,0.156
640500,0.049,0.798,0.153
641000,0.043,0.789,0.168
641500,0.043,0.841,0.116
642000,0.034,0.859,0.107
642500,0.049,0.878,0.073
643000,0.040,0.896,0.064
643500,0.031,0.875,0.095
644000,0.034,0.887,0.080
644500,0.034,0.899,0.067
645000,0.031,0.820,0.150
645500,0.046,0.813,0.141
646000,0.052,0.765,0.183
646500,0.043,0.826,0.131
647000,0.040,0.835,0.125
647500,0.037,0.810,0.153
648000,0.037,0.859,0.104
648500,0.040,0.856,0.104
649000,0.037,0.835,0.128
649500,0.043,0.844,0.113
650000,0.031,0.804,0.165
650500,0.046,0.853,0.101
651000,0.034,0.887,0.080
651500,0.049,0.838,0.113
652000,0.043,0.768,0.190
652500,0.037,0.829,0.135
653000,0.043,0.884,0.073
653500,0.037,0.862,0.101
654000,0.049,0.847,0.104
654500,0.040,0.823,0.138
655000,0.040,0.862,0.098
655500,0.040,0.829,0.131
656000,0.043,0.813,0.144
656500,0.037,0.844,0.119
657000,0.040,0.908,0.052
657500,0.040,0.890,0.070
658000,0.031,0.917,0.052
658500,0.034,0.908,0.058
659000,0.034,0.914,0.052
659500,0.034,0.908,0.058
660000,0.043,0.896,0.061
660500,0.043,0.875,0.083
661000,0.046,0.847,0.107
661500,0.046,0.807,0.147
662000,0.052,0.841,0.107
662500,0.040,0.823,0.138
663000,0.043,0.813,0.144
663500,0.061,0.780,0.159
664000,0.052,0.801,0.147
664500,0.055,0.743,0.202
665000,0.052,0.771,0.177
665500,0.049,0.786,0.165
666000,0.037,0.823,0.141
666500,0.028,0.881,0.092
667000,0.028,0.859,0.113
667500,0.028,0.896,0.076
668000,0.028,0.835,0.138
668500,0.037,0.832,0.131
669000,0.034,0.813,0.153
669500,0.052,0.771,0.177
670000,0.064,0.758,0.177
670500,0.055,0.789,0.156
671000,0.037,0.856,0.107
671500,0.049,0.829,0.122
672000,0.049,0.838,0.113
672500,0.040,0.832,0.128
673000,0.046,0.789,0.165
673500,0.061,0.774,0.165
674000,0.067,0.801,0.131
674500,0.058,0.841,0.101
675000,0.046,0.862,0.092
675500,0.049,0.813,0.138
676000,0.040,0.807,0.153
676500,0.049,0.771,0.180
677000,0.046,0.823,0.131
677500,0.043,0.838,0.119
678000,0.046,0.865,0.089
678500,0.031,0.856,0.113
679000,0.037,0.844,0.119
679500,0.037,0.829,0.135
680000,0.037,0.878,0.086
680500,0.043,0.853,0.104
681000,0.028,0.875,0.098
681500,0.049,0.856,0.095
682000,0.055,0.856,0.089
682500,0.034,0.850,0.116
683000,0.034,0.869,0.098
683500,0.046,0.823,0.131
684000,0.040,0.838,0.122
684500,0.031,0.869,0.101
685000,0.040,0.875,0.086
685500,0.028,0.872,0.101
686000,0.031,0.878,0.092
686500,0.031,0.869,0.101
687000,0.034,0.847,0.119
687500,0.043,0.875,0.083
688000,0.043,0.841,0.116
688500,0.046,0.807,0.147
689000,0.067,0.768,0.165
689500,0.083,0.703,0.214
690000,0.089,0.694,0.217
690500,0.095,0.667,0.239
691000,0.095,0.706,0.199
691500,0.083,0.691,0.226
692000,0.083,0.728,0.190
692500,0.034,0.786,0.180
693000,0.031,0.859,0.110
693500,0.049,0.798,0.153
694000,0.046,0.792,0.162
694500,0.046,0.798,0.156
695000,0.055,0.771,0.174
695500,0.055,0.765,0.180
696000,0.046,0.740,0.214
696500,0.070,0.765,0.165
697000,0.043,0.826,0.131
697500,0.058,0.807,0.135
698000,0.061,0.737,0.202
698500,0.064,0.731,0.205
699000,0.058,0.743,0.199
699500,0.076,0.713,0.211
700000,0.064,0.676,0.260
700500,0.052,0.749,0.199
701000,0.046,0.792,0.162
701500,0.052,0.804,0.144
702000,0.040,0.813,0.147
702500,0.067,0.728,0.205
703000,0.052,0.706,0.242
703500,0.049,0.761,0.190
704000,0.049,0.783,0.168
704500,0.043,0.789,0.168
705000,0.052,0.807,0.141
705500,0.043,0.841,0.116
706000,0.031,0.875,0.095
706500,0.034,0.847,0.119
707000,0.037,0.908,0.055
707500,0.031,0.896,0.073
708000,0.034,0.887,0.080
708500,0.037,0.865,0.098
709000,0.028,0.878,0.095
709500,0.031,0.887,0.083
710000,0.028,0.869,0.104
710500,0.031,0.899,0.070
711000,0.034,0.841,0.125
711500,0.034,0.850,0.116
712000,0.037,0.823,0.141
712500,0.031,0.905,0.064
713000,0.028,0.881,0.092
713500,0.034,0.887,0.080
714000,0.028,0.902,0.070
714500,0.031,0.890,0.080
715000,0.031,0.856,0.113
715500,0.031,0.832,0.138
716000,0.031,0.884,0.086
716500,0.028,0.890,0.083
717000,0.043,0.847,0.110
717500,0.040,0.847,0.113
718000,0.040,0.844,0.116
718500,0.037,0.859,0.104
719000,0.034,0.853,0.113
719500,0.028,0.844,0.128
720000,0.034,0.878,0.089
720500,0.034,0.804,0.162
721000,0.043,0.795,0.162
721500,0.067,0.768,0.165
722000,0.049,0.832,0.119
722500,0.055,0.807,0.138
723000,0.046,0.823,0.131
723500,0.043,0.801,0.156
724000,0.031,0.869,0.101
724500,0.046,0.862,0.092
725000,0.031,0.872,0.098
725500,0.028,0.881,0.092
726000,0.031,0.878,0.092
726500,0.028,0.856,0.116
727000,0.028,0.881,0.092
727500,0.037,0.869,0.095
728000,0.037,0.878,0.086
728500,0.043,0.850,0.107
729000,0.040,0.826,0.135
729500,0.040,0.817,0.144
730000,0.034,0.823,0.144
730500,0.046,0.841,0.113
731000,0.052,0.835,0.113
731500,0.046,0.856,0.098
732000,0.040,0.807,0.153
732500,0.046,0.850,0.104
733000,0.037,0.826,0.138
733500,0.031,0.832,0.138
734000,0.040,0.835,0.125
734500,0.055,0.826,0.119
735000,0.046,0.813,0.141
735500,0.049,0.832,0.119
736000,0.043,0.801,0.156
736500,0.055,0.795,0.150
737000,0.043,0.810,0.147
737500,0.040,0.853,0.107
738000,0.034,0.881,0.086
738500,0.034,0.844,0.122
739000,0.034,0.856,0.110
739500,0.034,0.862,0.104
740000,0.034,0.780,0.187
740500,0.043,0.826,0.131
741000,0.046,0.801,0.153
741500,0.037,0.820,0.144
742000,0.034,0.829,0.138
742500,0.034,0.826,0.141
743000,0.037,0.862,0.101
743500,0.040,0.878,0.083
744000,0.037,0.841,0.122
744500,0.031,0.810,0.159
745000,0.043,0.786,0.171
745500,0.037,0.820,0.144
746000,0.058,0.801,0.141
746500,0.034,0.835,0.131
747000,0.031,0.807,0.162
747500,0.031,0.853,0.116
748000,0.037,0.820,0.144
748500,0.034,0.862,0.104
749000,0.031,0.859,0.110
749500,0.040,0.887,0.073
750000,0.046,0.853,0.101
750500,0.049,0.832,0.119
751000,0.043,0.795,0.162
751500,0.043,0.875,0.083
752000,0.046,0.829,0.125
752500,0.043,0.847,0.110
753000,0.034,0.872,0.095
753500,0.028,0.856,0.116
754000,0.034,0.878,0.089
754500,0.040,0.862,0.098
755000,0.049,0.798,0.153
755500,0.083,0.795,0.122
756000,0.055,0.740,0.205
756500,0.055,0.768,0.177
757000,0.067,0.755,0.177
757500,0.058,0.749,0.193
758000,0.055,0.734,0.211
758500,0.055,0.771,0.174
759000,0.052,0.817,0.131
759500,0.043,0.853,0.104
760000,0.034,0.853,0.113
760500,0.049,0.801,0.150
761000,0.043,0.847,0.110
761500,0.058,0.820,0.122
762000,0.043,0.823,0.135
762500,0.058,0.792,0.150
763000,0.055,0.765,0.180
763500,0.040,0.807,0.153
764000,0.049,0.798,0.153
764500,0.067,0.795,0.138
765000,0.061,0.728,0.211
765500,0.052,0.746,0.202
766000,0.040,0.835,0.125
766500,0.034,0.826,0.141
767000,0.031,0.841,0.128
767500,0.049,0.804,0.147
768000,0.043,0.777,0.180
768500,0.040,0.826,0.135
769000,0.046,0.853,0.101
769500,0.034,0.850,0.116
770000,0.028,0.820,0.153
770500,0.040,0.841,0.119
771000,0.058,0.829,0.113
771500,0.037,0.832,0.131
772000,0.031,0.838,0.131
772500,0.034,0.807,0.159
773000,0.028,0.810,0.162
773500,0.040,0.844,0.116
774000,0.040,0.798,0.162
774500,0.037,0.847,0.116
775000,0.037,0.847,0.116
775500,0.031,0.896,0.073
776000,0.031,0.862,0.107
776500,0.037,0.841,0.122
777000,0.034,0.887,0.080
777500,0.037,0.859,0.104
778000,0.034,0.832,0.135
778500,0.031,0.823,0.147
779000,0.037,0.829,0.135
779500,0.034,0.777,0.190
780000,0.037,0.804,0.159
780500,0.031,0.841,0.128
781000,0.034,0.813,0.153
781500,0.040,0.844,0.116
782000,0.034,0.856,0.110
782500,0.031,0.884,0.086
783000,0.043,0.847,0.110
783500,0.034,0.917,0.049
784000,0.028,0.856,0.116
784500,0.031,0.875,0.095
785000,0.031,0.862,0.107
785500,0.028,0.890,0.083
786000,0.037,0.820,0.144
786500,0.031,0.856,0.113
787000,0.028,0.853,0.119
787500,0.031,0.820,0.150
788000,0.049,0.853,0.098
788500,0.061,0.798,0.141
789000,0.037,0.789,0.174
789500,0.046,0.795,0.159
790000,0.046,0.810,0.144
790500,0.046,0.810,0.144
791000,0.037,0.844,0.119
791500,0.040,0.853,0.107
792000,0.052,0.813,0.135
792500,0.040,0.829,0.131
793000,0.046,0.853,0.101
793500,0.052,0.804,0.144
794000,0.070,0.780,0.150
794500,0.049,0.807,0.144
795000,0.040,0.798,0.162
795500,0.037,0.807,0.156
796000,0.037,0.838,0.125
796500,0.040,0.853,0.107
797000,0.037,0.847,0.116
797500,0.037,0.841,0.122
798000,0.040,0.798,0.162
798500,0.046,0.801,0.153
799000,0.055,0.835,0.110
799500,0.037,0.820,0.144
800000,0.043,0.829,0.128
800500,0.046,0.826,0.128
801000,0.031,0.829,0.141
801500,0.043,0.761,0.196
802000,0.037,0.841,0.122
802500,0.049,0.801,0.150
803000,0.055,0.783,0.162
803500,0.031,0.832,0.138
804000,0.040,0.801,0.159
804500,0.040,0.813,0.147
805000,0.058,0.823,0.119
805500,0.040,0.826,0.135
806000,0.049,0.823,0.128
806500,0.040,0.859,0.101
807000,0.034,0.841,0.125
807500,0.028,0.869,0.104
808000,0.037,0.832,0.131
808500,0.046,0.881,0.073
809000,0.031,0.869,0.101
809500,0.040,0.844,0.116
810000,0.055,0.844,0.101
810500,0.046,0.795,0.159
811000,0.037,0.780,0.183
811500,0.058,0.783,0.159
812000,0.040,0.777,0.183
812500,0.034,0.826,0.141
813000,0.046,0.826,0.128
813500,0.043,0.829,0.128
814000,0.031,0.847,0.122
814500,0.028,0.896,0.076
815000,0.028,0.887,0.086
815500,0.028,0.893,0.080
816000,0.028,0.914,0.058
816500,0.028,0.856,0.116
817000,0.031,0.853,0.116
817500,0.040,0.896,0.064
818000,0.031,0.865,0.104
818500,0.031,0.865,0.104
819000,0.040,0.872,0.089
819500,0.037,0.835,0.128
820000,0.040,0.905,0.055
820500,0.034,0.884,0.083
821000,0.040,0.853,0.107
821500,0.034,0.817,0.150
822000,0.034,0.865,0.101
822500,0.037,0.862,0.101
823000,0.028,0.911,0.061
823500,0.052,0.801,0.147
824000,0.052,0.780,0.168
824500,0.043,0.807,0.150
825000,0.040,0.801,0.159
825500,0.037,0.826,0.138
826000,0.049,0.786,0.165
826500,0.040,0.755,0.205
827000,0.034,0.777,0.190
827500,0.052,0.774,0.174
828000,0.058,0.771,0.171
828500,0.058,0.792,0.150
829000,0.031,0.850,0.119
829500,0.040,0.875,0.086
830000,0.028,0.911,0.061
830500,0.043,0.829,0.128
831000,0.043,0.823,0.135
831500,0.046,0.829,0.125
832000,0.040,0.838,0.122
832500,0.034,0.859,0.107
833000,0.034,0.869,0.098
833500,0.061,0.832,0.107
834000,0.058,0.817,0.125
834500,0.055,0.780,0.165
835000,0.034,0.810,0.156
835500,0.040,0.826,0.135
836000,0.037,0.872,0.092
836500,0.049,0.875,0.076
837000,0.040,0.902,0.058
837500,0.046,0.841,0.113
838000,0.046,0.835,0.119
838500,0.043,0.872,0.086
839000,0.040,0.865,0.095
839500,0.043,0.884,0.073
840000,0.043,0.835,0.122
840500,0.052,0.765,0.183
841000,0.055,0.731,0.214
841500,0.046,0.786,0.168
842000,0.040,0.795,0.165
842500,0.067,0.728,0.205
843000,0.064,0.780,0.156
843500,0.052,0.746,0.202
844000,0.076,0.752,0.171
844500,0.055,0.758,0.187
845000,0.043,0.774,0.183
845500,0.037,0.844,0.119
846000,0.031,0.856,0.113
846500,0.043,0.853,0.104
847000,0.043,0.850,0.107
847500,0.046,0.789,0.165
848000,0.034,0.820,0.147
848500,0.040,0.813,0.147
849000,0.037,0.826,0.138
849500,0.034,0.872,0.095
850000,0.031,0.899,0.070
850500,0.037,0.881,0.083
851000,0.028,0.847,0.125
851500,0.028,0.872,0.101
852000,0.034,0.813,0.153
852500,0.043,0.810,0.147
853000,0.049,0.823,0.128
853500,0.034,0.856,0.110
854000,0.037,0.862,0.101
854500,0.034,0.881,0.086
855000,0.046,0.850,0.104
855500,0.037,0.884,0.080
856000,0.034,0.865,0.101
856500,0.034,0.872,0.095
857000,0.028,0.884,0.089
857500,0.034,0.850,0.116
858000,0.031,0.835,0.135
858500,0.028,0.856,0.116
859000,0.046,0.817,0.138
859500,0.043,0.832,0.125
860000,0.037,0.817,0.147
860500,0.049,0.872,0.080
861000,0.040,0.844,0.116
861500,0.037,0.902,0.061
862000,0.043,0.881,0.076
862500,0.040,0.859,0.101
863000,0.046,0.847,0.107
863500,0.034,0.826,0.141
864000,0.049,0.813,0.138
864500,0.058,0.795,0.147
865000,0.076,0.758,0.165
865500,0.073,0.780,0.147
866000,0.052,0.771,0.177
866500,0.040,0.813,0.147
867000,0.040,0.795,0.165
867500,0.040,0.847,0.113
868000,0.055,0.789,0.156
868500,0.043,0.826,0.131
869000,0.031,0.801,0.168
869500,0.046,0.838,0.116
870000,0.043,0.826,0.131
870500,0.034,0.869,0.098
871000,0.034,0.847,0.119
871500,0.037,0.841,0.122
872000,0.052,0.844,0.104
872500,0.058,0.801,0.141
873000,0.061,0.780,0.159
873500,0.049,0.798,0.153
874000,0.046,0.820,0.135
874500,0.037,0.798,0.165
875000,0.040,0.795,0.165
875500,0.043,0.856,0.101
876000,0.031,0.875,0.095
876500,0.040,0.826,0.135
877000,0.043,0.810,0.147
877500,0.028,0.884,0.089
878000,0.040,0.783,0.177
878500,0.040,0.804,0.156
879000,0.034,0.865,0.101
879500,0.040,0.859,0.101
880000,0.028,0.878,0.095
880500,0.028,0.878,0.095
881000,0.034,0.887,0.080
881500,0.031,0.884,0.086
882000,0.028,0.841,0.131
882500,0.037,0.844,0.119
883000,0.043,0.823,0.135
883500,0.049,0.798,0.153
884000,0.049,0.820,0.131
884500,0.034,0.844,0.122
885000,0.034,0.838,0.128
885500,0.031,0.853,0.116
886000,0.034,0.872,0.095
886500,0.043,0.856,0.101
887000,0.031,0.862,0.107
887500,0.034,0.862,0.104
888000,0.037,0.856,0.107
888500,0.037,0.884,0.080
889000,0.034,0.890,0.076
889500,0.034,0.890,0.076
890000,0.028,0.893,0.080
890500,0.028,0.914,0.058
891000,0.034,0.924,0.043
891500,0.037,0.881,0.083
892000,0.043,0.801,0.156
892500,0.049,0.798,0.153
893000,0.034,0.859,0.107
893500,0.028,0.878,0.095
894000,0.046,0.869,0.086
894500,0.031,0.914,0.055
895000,0.037,0.862,0.101
895500,0.034,0.853,0.113
896000,0.028,0.844,0.128
896500,0.028,0.875,0.098
897000,0.028,0.939,0.034
897500,0.031,0.875,0.095
898000,0.028,0.856,0.116
898500,0.037,0.829,0.135
899000,0.034,0.798,0.168
899500,0.037,0.878,0.086
900000,0.028,0.893,0.080
900500,0.028,0.884,0.089
901000,0.037,0.865,0.098
901500,0.046,0.798,0.156
902000,0.055,0.795,0.150
902500,0.046,0.792,0.162
903000,0.046,0.813,0.141
903500,0.052,0.829,0.119
904000,0.052,0.804,0.144
904500,0.052,0.804,0.144
905000,0.034,0.823,0.144
905500,0.037,0.823,0.141
906000,0.037,0.804,0.159
906500,0.046,0.856,0.098
907000,0.040,0.899,0.061
907500,0.043,0.905,0.052
908000,0.031,0.893,0.076
908500,0.028,0.878,0.095
909000,0.031,0.872,0.098
909500,0.028,0.908,0.064
910000,0.034,0.884,0.083
910500,0.040,0.872,0.089
911000,0.040,0.853,0.107
911500,0.040,0.783,0.177
912000,0.037,0.847,0.116
912500,0.034,0.807,0.159
913000,0.037,0.832,0.131
913500,0.043,0.810,0.147
914000,0.031,0.853,0.116
914500,0.028,0.869,0.104
915000,0.031,0.847,0.122
915500,0.037,0.875,0.089
916000,0.040,0.841,0.119
916500,0.028,0.823,0.150
917000,0.028,0.862,0.110
917500,0.043,0.832,0.125
918000,0.055,0.804,0.141
918500,0.070,0.743,0.187
919000,0.055,0.777,0.168
919500,0.037,0.847,0.116
920000,0.028,0.872,0.101
920500,0.037,0.881,0.083
921000,0.031,0.856,0.113
921500,0.034,0.899,0.067
922000,0.031,0.905,0.064
922500,0.037,0.865,0.098
923000,0.028,0.899,0.073
923500,0.031,0.850,0.119
924000,0.034,0.838,0.128
924500,0.061,0.820,0.119
925000,0.049,0.850,0.101
925500,0.046,0.850,0.104
926000,0.067,0.829,0.104
926500,0.055,0.783,0.162
927000,0.043,0.801,0.156
927500,0.055,0.755,0.190
928000,0.052,0.792,0.156
928500,0.052,0.801,0.147
929000,0.049,0.817,0.135
929500,0.040,0.835,0.125
930000,0.040,0.786,0.174
930500,0.043,0.795,0.162
931000,0.037,0.838,0.125
931500,0.031,0.878,0.092
932000,0.031,0.838,0.131
932500,0.052,0.743,0.205
933000,0.070,0.734,0.196
933500,0.070,0.731,0.199
934000,0.080,0.716,0.205
934500,0.089,0.694,0.217
935000,0.089,0.679,0.232
935500,0.049,0.734,0.217
936000,0.067,0.691,0.242
936500,0.046,0.783,0.171
937000,0.058,0.826,0.116
937500,0.037,0.801,0.162
938000,0.037,0.804,0.159
938500,0.049,0.804,0.147
939000,0.043,0.832,0.125
939500,0.034,0.832,0.135
940000,0.034,0.856,0.110
940500,0.034,0.865,0.101
941000,0.034,0.817,0.150
941500,0.031,0.856,0.113
942000,0.040,0.829,0.131
942500,0.028,0.856,0.116
943000,0.028,0.902,0.070
943500,0.055,0.881,0.064
944000,0.040,0.804,0.156
944500,0.046,0.817,0.138
945000,0.052,0.823,0.125
945500,0.031,0.826,0.144
946000,0.043,0.850,0.107
946500,0.040,0.878,0.083
947000,0.031,0.875,0.095
947500,0.046,0.872,0.083
948000,0.031,0.838,0.131
948500,0.031,0.881,0.089
949000,0.031,0.838,0.131
949500,0.037,0.817,0.147
950000,0.028,0.881,0.092
950500,0.031,0.841,0.128
951000,0.037,0.887,0.076
951500,0.046,0.862,0.092
952000,0.043,0.826,0.131
952500,0.037,0.853,0.110
953000,0.040,0.798,0.162
953500,0.037,0.844,0.119
954000,0.037,0.829,0.135
954500,0.061,0.777,0.162
955000,0.052,0.768,0.180
955500,0.049,0.728,0.223
956000,0.055,0.731,0.214
956500,0.055,0.792,0.153
957000,0.049,0.832,0.119
957500,0.046,0.829,0.125
958000,0.052,0.823,0.125
958500,0.034,0.850,0.116
959000,0.037,0.872,0.092
959500,0.037,0.887,0.076
960000,0.034,0.875,0.092
960500,0.037,0.771,0.193
961000,0.070,0.752,0.177
961500,0.046,0.798,0.156
962000,0.058,0.817,0.125
962500,0.052,0.798,0.150
963000,0.037,0.813,0.150
963500,0.040,0.856,0.104
964000,0.043,0.829,0.128
964500,0.034,0.865,0.101
965000,0.028,0.878,0.095
965500,0.028,0.859,0.113
966000,0.037,0.838,0.125
966500,0.028,0.844,0.128
967000,0.034,0.881,0.086
967500,0.031,0.890,0.080
968000,0.031,0.881,0.089
968500,0.034,0.875,0.092
969000,0.031,0.896,0.073
969500,0.031,0.927,0.043
970000,0.028,0.887,0.086
970500,0.031,0.872,0.098
971000,0.031,0.884,0.086
971500,0.049,0.875,0.076
972000,0.034,0.847,0.119
972500,0.040,0.875,0.086
973000,0.049,0.826,0.125
973500,0.037,0.768,0.196
974000,0.061,0.765,0.174
974500,0.052,0.820,0.128
975000,0.058,0.801,0.141
975500,0.049,0.798,0.153
976000,0.037,0.807,0.156
976500,0.046,0.761,0.193
977000,0.046,0.826,0.128
977500,0.034,0.865,0.101
978000,0.043,0.872,0.086
978500,0.052,0.853,0.095
979000,0.031,0.823,0.147
979500,0.034,0.829,0.138
980000,0.031,0.859,0.110
980500,0.031,0.850,0.119
981000,0.043,0.862,0.095
981500,0.031,0.872,0.098
982000,0.034,0.881,0.086
982500,0.031,0.881,0.089
983000,0.031,0.850,0.119
983500,0.028,0.878,0.095
984000,0.040,0.896,0.064
984500,0.037,0.881,0.083
985000,0.040,0.820,0.141
985500,0.034,0.869,0.098
986000,0.034,0.872,0.095
986500,0.034,0.896,0.070
987000,0.037,0.847,0.116
987500,0.037,0.817,0.147
988000,0.043,0.765,0.193
988500,0.043,0.774,0.183
989000,0.046,0.777,0.177
989500,0.037,0.798,0.165
990000,0.061,0.761,0.177
990500,0.046,0.749,0.205
991000,0.049,0.798,0.153
991500,0.040,0.801,0.159
992000,0.037,0.838,0.125
992500,0.040,0.807,0.153
993000,0.034,0.786,0.180
993500,0.058,0.826,0.116
994000,0.034,0.875,0.092
994500,0.043,0.856,0.101
995000,0.055,0.807,0.138
995500,0.046,0.841,0.113
996000,0.055,0.813,0.131
996500,0.064,0.786,0.150
997000,0.043,0.817,0.141
997500,0.037,0.777,0.187
998000,0.049,0.813,0.138
998500,0.061,0.777,0.162
999000,0.037,0.823,0.141
999500,0.037,0.841,0.122
1000000,0.031,0.865,0.104
