time,n_A+p,n_B,n_AB
500,0.010,0.933,0.057
1000,0.010,0.689,0.301
1500,0.010,0.686,0.304
2000,0.010,0.613,0.377
2500,0.010,0.592,0.398
3000,0.010,0.697,0.293
3500,0.010,0.639,0.351
4000,0.010,0.603,0.387
4500,0.010,0.769,0.221
5000,0.010,0.466,0.524
5500,0.010,0.413,0.577
6000,0.010,0.537,0.453
6500,0.010,0.822,0.168
7000,0.010,0.749,0.241
7500,0.010,0.470,0.520
8000,0.010,0.471,0.519
8500,0.010,0.557,0.433
9000,0.010,0.494,0.496
9500,0.010,0.613,0.377
10000,0.010,0.720,0.270
10500,0.010,0.424,0.566
11000,0.010,0.700,0.290
11500,0.010,0.668,0.322
12000,0.010,0.603,0.387
12500,0.010,0.727,0.263
13000,0.010,0.668,0.322
13500,0.010,0.417,0.573
14000,0.010,0.737,0.253
14500,0.010,0.830,0.160
15000,0.010,0.697,0.293
15500,0.010,0.765,0.225
16000,0.010,0.513,0.477
16500,0.010,0.660,0.330
17000,0.010,0.755,0.235
17500,0.010,0.528,0.462
18000,0.010,0.480,0.510
18500,0.010,0.539,0.451
19000,0.010,0.605,0.385
19500,0.010,0.515,0.475
20000,0.010,0.426,0.564
20500,0.010,0.689,0.301
21000,0.010,0.446,0.544
21500,0.010,0.665,0.325
22000,0.010,0.846,0.144
22500,0.010,0.572,0.418
23000,0.010,0.692,0.298
23500,0.010,0.605,0.385
24000,0.010,0.736,0.254
24500,0.010,0.734,0.256
25000,0.010,0.809,0.181
25500,0.010,0.656,0.334
26000,0.010,0.466,0.524
26500,0.010,0.616,0.374
27000,0.010,0.731,0.259
27500,0.010,0.748,0.242
28000,0.010,0.719,0.271
28500,0.010,0.550,0.440
29000,0.010,0.722,0.268
29500,0.010,0.854,0.136
30000,0.010,0.794,0.196
30500,0.010,0.606,0.384
31000,0.010,0.770,0.220
31500,0.010,0.762,0.228
32000,0.010,0.477,0.513
32500,0.010,0.528,0.462
33000,0.010,0.472,0.518
33500,0.010,0.700,0.290
34000,0.010,0.721,0.269
34500,0.010,0.616,0.374
35000,0.010,0.624,0.366
35500,0.010,0.742,0.248
36000,0.010,0.840,0.150
36500,0.010,0.733,0.257
37000,0.010,0.427,0.563
37500,0.010,0.555,0.435
38000,0.010,0.461,0.529
38500,0.010,0.442,0.548
39000,0.010,0.686,0.304
39500,0.010,0.588,0.402
40000,0.010,0.463,0.527
40500,0.010,0.699,0.291
41000,0.010,0.656,0.334
41500,0.010,0.677,0.313
42000,0.010,0.585,0.405
42500,0.010,0.740,0.250
43000,0.010,0.769,0.221
43500,0.010,0.648,0.342
44000,0.010,0.555,0.435
44500,0.010,0.726,0.264
45000,0.010,0.603,0.387
45500,0.010,0.716,0.274
46000,0.010,0.762,0.228
46500,0.010,0.736,0.254
47000,0.010,0.802,0.188
47500,0.010,0.346,0.644
48000,0.010,0.533,0.457
48500,0.010,0.832,0.158
49000,0.010,0.399,0.591
49500,0.010,0.720,0.270
50000,0.010,0.627,0.363
50500,0.010,0.517,0.473
51000,0.010,0.585,0.405
51500,0.010,0.666,0.324
52000,0.010,0.552,0.438
52500,0.010,0.637,0.353
53000,0.010,0.868,0.122
53500,0.010,0.559,0.431
54000,0.010,0.944,0.046
54500,0.010,0.579,0.411
55000,0.010,0.839,0.151
55500,0.010,0.622,0.368
56000,0.010,0.707,0.283
56500,0.010,0.783,0.207
57000,0.010,0.724,0.266
57500,0.010,0.720,0.270
58000,0.010,0.578,0.412
58500,0.010,0.543,0.447
59000,0.010,0.561,0.429
59500,0.010,0.487,0.503
60000,0.010,0.525,0.465
60500,0.010,0.767,0.223
61000,0.010,0.627,0.363
61500,0.010,0.679,0.311
62000,0.010,0.658,0.332
62500,0.010,0.589,0.401
63000,0.010,0.649,0.341
63500,0.010,0.899,0.091
64000,0.010,0.643,0.347
64500,0.010,0.572,0.418
65000,0.010,0.545,0.445
65500,0.010,0.396,0.594
66000,0.010,0.453,0.537
66500,0.010,0.658,0.332
67000,0.010,0.523,0.467
67500,0.010,0.579,0.411
68000,0.010,0.533,0.457
68500,0.010,0.585,0.405
69000,0.010,0.584,0.406
69500,0.010,0.471,0.519
70000,0.010,0.474,0.516
70500,0.010,0.738,0.252
71000,0.010,0.582,0.408
71500,0.010,0.597,0.393
72000,0.010,0.495,0.495
72500,0.010,0.701,0.289
73000,0.010,0.619,0.371
73500,0.010,0.674,0.316
74000,0.010,0.506,0.484
74500,0.010,0.553,0.437
75000,0.010,0.965,0.025
75500,0.010,0.762,0.228
76000,0.010,0.728,0.262
76500,0.010,0.615,0.375
77000,0.010,0.464,0.526
77500,0.010,0.593,0.397
78000,0.010,0.332,0.658
78500,0.010,0.581,0.409
79000,0.010,0.684,0.306
79500,0.010,0.661,0.329
80000,0.010,0.628,0.362
80500,0.010,0.626,0.364
81000,0.010,0.539,0.451
81500,0.010,0.683,0.307
82000,0.010,0.598,0.392
82500,0.010,0.591,0.399
83000,0.010,0.634,0.356
83500,0.010,0.590,0.400
84000,0.010,0.592,0.398
84500,0.010,0.797,0.193
85000,0.010,0.843,0.147
85500,0.010,0.747,0.243
86000,0.010,0.684,0.306
86500,0.010,0.669,0.321
87000,0.010,0.715,0.275
87500,0.010,0.694,0.296
88000,0.010,0.656,0.334
88500,0.010,0.709,0.281
89000,0.010,0.643,0.347
89500,0.010,0.693,0.297
90000,0.010,0.605,0.385
90500,0.010,0.589,0.401
91000,0.010,0.676,0.314
91500,0.010,0.743,0.247
92000,0.010,0.750,0.240
92500,0.010,0.627,0.363
93000,0.010,0.786,0.204
93500,0.010,0.672,0.318
94000,0.010,0.436,0.554
94500,0.010,0.572,0.418
95000,0.010,0.637,0.353
95500,0.010,0.698,0.292
96000,0.010,0.585,0.405
96500,0.010,0.745,0.245
97000,0.010,0.632,0.358
97500,0.010,0.631,0.359
98000,0.010,0.558,0.432
98500,0.010,0.429,0.561
99000,0.010,0.664,0.326
99500,0.010,0.649,0.341
100000,0.010,0.526,0.464
100500,0.010,0.569,0.421
101000,0.010,0.593,0.397
101500,0.010,0.527,0.463
102000,0.010,0.570,0.420
102500,0.010,0.652,0.338
103000,0.010,0.543,0.447
103500,0.010,0.772,0.218
104000,0.010,0.576,0.414
104500,0.010,0.441,0.549
105000,0.010,0.627,0.363
105500,0.010,0.498,0.492
106000,0.010,0.670,0.320
106500,0.010,0.591,0.399
107000,0.010,0.662,0.328
107500,0.010,0.412,0.578
108000,0.010,0.832,0.158
108500,0.010,0.739,0.251
109000,0.010,0.474,0.516
109500,0.010,0.550,0.440
110000,0.010,0.629,0.361
110500,0.010,0.591,0.399
111000,0.010,0.604,0.386
111500,0.010,0.630,0.360
112000,0.010,0.717,0.273
112500,0.010,0.579,0.411
113000,0.010,0.487,0.503
113500,0.010,0.477,0.513
114000,0.010,0.760,0.230
114500,0.010,0.439,0.551
115000,0.010,0.523,0.467
115500,0.010,0.687,0.303
116000,0.010,0.780,0.210
116500,0.010,0.655,0.335
117000,0.010,0.648,0.342
117500,0.010,0.684,0.306
118000,0.010,0.760,0.230
118500,0.010,0.601,0.389
119000,0.010,0.485,0.505
119500,0.010,0.420,0.570
120000,0.010,0.620,0.370
120500,0.010,0.693,0.297
121000,0.010,0.433,0.557
121500,0.010,0.499,0.491
122000,0.010,0.646,0.344
122500,0.010,0.575,0.415
123000,0.010,0.821,0.169
123500,0.010,0.527,0.463
124000,0.010,0.509,0.481
124500,0.010,0.611,0.379
125000,0.010,0.553,0.437
125500,0.010,0.635,0.355
126000,0.010,0.443,0.547
126500,0.010,0.720,0.270
127000,0.010,0.582,0.408
127500,0.010,0.771,0.219
128000,0.010,0.710,0.280
128500,0.010,0.745,0.245
129000,0.010,0.809,0.181
129500,0.010,0.451,0.539
130000,0.010,0.777,0.213
130500,0.010,0.565,0.425
131000,0.010,0.734,0.256
131500,0.010,0.513,0.477
132000,0.010,0.578,0.412
132500,0.010,0.615,0.375
133000,0.010,0.613,0.377
133500,0.010,0.682,0.308
134000,0.010,0.392,0.598
134500,0.010,0.817,0.173
135000,0.010,0.685,0.305
135500,0.010,0.763,0.227
136000,0.010,0.708,0.282
136500,0.010,0.808,0.182
137000,0.010,0.726,0.264
137500,0.010,0.859,0.131
138000,0.010,0.927,0.063
138500,0.010,0.718,0.272
139000,0.010,0.487,0.503
139500,0.010,0.628,0.362
140000,0.010,0.651,0.339
140500,0.010,0.753,0.237
141000,0.010,0.680,0.310
141500,0.010,0.638,0.352
142000,0.010,0.720,0.270
142500,0.010,0.674,0.316
143000,0.010,0.526,0.464
143500,0.010,0.494,0.496
144000,0.010,0.727,0.263
144500,0.010,0.464,0.526
145000,0.010,0.646,0.344
145500,0.010,0.339,0.651
146000,0.010,0.636,0.354
146500,0.010,0.683,0.307
147000,0.010,0.632,0.358
147500,0.010,0.549,0.441
148000,0.010,0.587,0.403
148500,0.010,0.692,0.298
149000,0.010,0.767,0.223
149500,0.010,0.488,0.502
150000,0.010,0.449,0.541
150500,0.010,0.649,0.341
151000,0.010,0.271,0.719
151500,0.010,0.748,0.242
152000,0.010,0.517,0.473
152500,0.010,0.619,0.371
153000,0.010,0.747,0.243
153500,0.010,0.666,0.324
154000,0.010,0.647,0.343
154500,0.010,0.689,0.301
155000,0.010,0.699,0.291
155500,0.010,0.524,0.466
156000,0.010,0.699,0.291
156500,0.010,0.335,0.655
157000,0.010,0.568,0.422
157500,0.010,0.637,0.353
158000,0.010,0.641,0.349
158500,0.010,0.621,0.369
159000,0.010,0.908,0.082
159500,0.010,0.501,0.489
160000,0.010,0.604,0.386
160500,0.010,0.492,0.498
161000,0.010,0.597,0.393
161500,0.010,0.815,0.175
162000,0.010,0.530,0.460
162500,0.010,0.597,0.393
163000,0.010,0.461,0.529
163500,0.010,0.524,0.466
164000,0.010,0.523,0.467
164500,0.010,0.579,0.411
165000,0.010,0.821,0.169
165500,0.010,0.547,0.443
166000,0.010,0.499,0.491
166500,0.010,0.563,0.427
167000,0.010,0.724,0.266
167500,0.010,0.706,0.284
168000,0.010,0.679,0.311
168500,0.010,0.547,0.443
169000,0.010,0.599,0.391
169500,0.010,0.720,0.270
170000,0.010,0.619,0.371
170500,0.010,0.659,0.331
171000,0.010,0.700,0.290
171500,0.010,0.503,0.487
172000,0.010,0.387,0.603
172500,0.010,0.633,0.357
173000,0.010,0.735,0.255
173500,0.010,0.843,0.147
174000,0.010,0.623,0.367
174500,0.010,0.659,0.331
175000,0.010,0.738,0.252
175500,0.010,0.555,0.435
176000,0.010,0.787,0.203
176500,0.010,0.655,0.335
177000,0.010,0.582,0.408
177500,0.010,0.764,0.226
178000,0.010,0.532,0.458
178500,0.010,0.876,0.114
179000,0.010,0.906,0.084
179500,0.010,0.706,0.284
180000,0.010,0.601,0.389
180500,0.010,0.458,0.532
181000,0.010,0.661,0.329
181500,0.010,0.918,0.072
182000,0.010,0.893,0.097
182500,0.010,0.960,0.030
183000,0.010,0.823,0.167
183500,0.010,0.898,0.092
184000,0.010,0.755,0.235
184500,0.010,0.497,0.493
185000,0.010,0.725,0.265
185500,0.010,0.900,0.090
186000,0.010,0.628,0.362
186500,0.010,0.557,0.433
187000,0.010,0.813,0.177
187500,0.010,0.514,0.476
188000,0.010,0.689,0.301
188500,0.010,0.607,0.383
189000,0.010,0.809,0.181
189500,0.010,0.672,0.318
190000,0.010,0.751,0.239
190500,0.010,0.683,0.307
191000,0.010,0.641,0.349
191500,0.010,0.737,0.253
192000,0.010,0.597,0.393
192500,0.010,0.491,0.499
193000,0.010,0.408,0.582
193500,0.010,0.870,0.120
194000,0.010,0.829,0.161
194500,0.010,0.784,0.206
195000,0.010,0.459,0.531
195500,0.010,0.726,0.264
196000,0.010,0.637,0.353
196500,0.010,0.683,0.307
197000,0.010,0.568,0.422
197500,0.010,0.600,0.390
198000,0.010,0.734,0.256
198500,0.010,0.809,0.181
199000,0.010,0.646,0.344
199500,0.010,0.781,0.209
200000,0.010,0.881,0.109
200500,0.010,0.623,0.367
201000,0.010,0.737,0.253
201500,0.010,0.442,0.548
202000,0.010,0.472,0.518
202500,0.010,0.535,0.455
203000,0.010,0.551,0.439
203500,0.010,0.698,0.292
204000,0.010,0.542,0.448
204500,0.010,0.619,0.371
205000,0.010,0.646,0.344
205500,0.010,0.639,0.351
206000,0.010,0.720,0.270
206500,0.010,0.549,0.441
207000,0.010,0.552,0.438
207500,0.010,0.552,0.438
208000,0.010,0.611,0.379
208500,0.010,0.586,0.404
209000,0.010,0.884,0.106
209500,0.010,0.418,0.572
210000,0.010,0.573,0.417
210500,0.010,0.785,0.205
211000,0.010,0.896,0.094
211500,0.010,0.926,0.064
212000,0.010,0.962,0.028
212500,0.010,0.604,0.386
213000,0.010,0.728,0.262
213500,0.010,0.651,0.339
214000,0.010,0.694,0.296
214500,0.010,0.838,0.152
215000,0.010,0.508,0.482
215500,0.010,0.792,0.198
216000,0.010,0.626,0.364
216500,0.010,0.673,0.317
217000,0.010,0.653,0.337
217500,0.010,0.404,0.586
218000,0.010,0.650,0.340
218500,0.010,0.724,0.266
219000,0.010,0.795,0.195
219500,0.010,0.660,0.330
220000,0.010,0.617,0.373
220500,0.010,0.739,0.251
221000,0.010,0.707,0.283
221500,0.010,0.485,0.505
222000,0.010,0.437,0.553
222500,0.010,0.459,0.531
223000,0.010,0.554,0.436
223500,0.010,0.713,0.277
224000,0.010,0.600,0.390
224500,0.010,0.645,0.345
225000,0.010,0.492,0.498
225500,0.010,0.836,0.154
226000,0.010,0.879,0.111
226500,0.010,0.849,0.141
227000,0.010,0.888,0.102
227500,0.010,0.580,0.410
228000,0.010,0.711,0.279
228500,0.010,0.575,0.415
229000,0.010,0.560,0.430
229500,0.010,0.640,0.350
230000,0.010,0.692,0.298
230500,0.010,0.602,0.388
231000,0.010,0.466,0.524
231500,0.010,0.448,0.542
232000,0.010,0.713,0.277
232500,0.010,0.464,0.526
233000,0.010,0.713,0.277
233500,0.010,0.475,0.515
234000,0.010,0.597,0.393
234500,0.010,0.552,0.438
235000,0.010,0.691,0.299
235500,0.010,0.444,0.546
236000,0.010,0.613,0.377
236500,0.010,0.691,0.299
237000,0.010,0.521,0.469
237500,0.010,0.460,0.530
238000,0.010,0.475,0.515
238500,0.010,0.610,0.380
239000,0.010,0.647,0.343
239500,0.010,0.454,0.536
240000,0.010,0.776,0.214
240500,0.010,0.424,0.566
241000,0.010,0.614,0.376
241500,0.010,0.479,0.511
242000,0.010,0.673,0.317
242500,0.010,0.489,0.501
243000,0.010,0.626,0.364
243500,0.010,0.511,0.479
244000,0.010,0.743,0.247
244500,0.010,0.691,0.299
245000,0.010,0.803,0.187
245500,0.010,0.630,0.360
246000,0.010,0.641,0.349
246500,0.010,0.674,0.316
247000,0.010,0.636,0.354
247500,0.010,0.693,0.297
248000,0.010,0.796,0.194
248500,0.010,0.881,0.109
249000,0.010,0.687,0.303
249500,0.010,0.356,0.634
250000,0.010,0.393,0.597
250500,0.010,0.490,0.500
251000,0.010,0.581,0.409
251500,0.010,0.687,0.303
252000,0.010,0.458,0.532
252500,0.010,0.700,0.290
253000,0.010,0.580,0.410
253500,0.010,0.536,0.454
254000,0.010,0.648,0.342
254500,0.010,0.679,0.311
255000,0.010,0.510,0.480
255500,0.010,0.606,0.384
256000,0.010,0.684,0.306
256500,0.010,0.684,0.306
257000,0.010,0.728,0.262
257500,0.010,0.421,0.569
258000,0.010,0.680,0.310
258500,0.010,0.845,0.145
259000,0.010,0.662,0.328
259500,0.010,0.838,0.152
260000,0.010,0.777,0.213
260500,0.010,0.501,0.489
261000,0.010,0.679,0.311
261500,0.010,0.600,0.390
262000,0.010,0.681,0.309
262500,0.010,0.649,0.341
263000,0.010,0.746,0.244
263500,0.010,0.751,0.239
264000,0.010,0.798,0.192
264500,0.010,0.899,0.091
265000,0.010,0.596,0.394
265500,0.010,0.801,0.189
266000,0.010,0.430,0.560
266500,0.010,0.506,0.484
267000,0.010,0.517,0.473
267500,0.010,0.722,0.268
268000,0.010,0.677,0.313
268500,0.010,0.398,0.592
269000,0.010,0.621,0.369
269500,0.010,0.865,0.125
270000,0.010,0.746,0.244
270500,0.010,0.636,0.354
271000,0.010,0.741,0.249
271500,0.010,0.535,0.455
272000,0.010,0.713,0.277
272500,0.010,0.731,0.259
273000,0.010,0.664,0.326
273500,0.010,0.611,0.379
274000,0.010,0.567,0.423
274500,0.010,0.637,0.353
275000,0.010,0.618,0.372
275500,0.010,0.521,0.469
276000,0.010,0.651,0.339
276500,0.010,0.664,0.326
277000,0.010,0.708,0.282
277500,0.010,0.868,0.122
278000,0.010,0.613,0.377
278500,0.010,0.811,0.179
279000,0.010,0.950,0.040
279500,0.010,0.577,0.413
280000,0.010,0.636,0.354
280500,0.010,0.571,0.419
281000,0.010,0.548,0.442
281500,0.010,0.729,0.261
282000,0.010,0.732,0.258
282500,0.010,0.686,0.304
283000,0.010,0.477,0.513
283500,0.010,0.654,0.336
284000,0.010,0.651,0.339
284500,0.010,0.589,0.401
285000,0.010,0.829,0.161
285500,0.010,0.531,0.459
286000,0.010,0.495,0.495
286500,0.010,0.643,0.347
287000,0.010,0.604,0.386
287500,0.010,0.648,0.342
288000,0.010,0.770,0.220
288500,0.010,0.696,0.294
289000,0.010,0.884,0.106
289500,0.010,0.776,0.214
290000,0.010,0.709,0.281
290500,0.010,0.584,0.406
291000,0.010,0.520,0.470
291500,0.010,0.597,0.393
292000,0.010,0.578,0.412
292500,0.010,0.646,0.344
293000,0.010,0.706,0.284
293500,0.010,0.751,0.239
294000,0.010,0.558,0.432
294500,0.010,0.912,0.078
295000,0.010,0.942,0.048
295500,0.010,0.509,0.481
296000,0.010,0.699,0.291
296500,0.010,0.648,0.342
297000,0.010,0.627,0.363
297500,0.010,0.619,0.371
298000,0.010,0.561,0.429
298500,0.010,0.472,0.518
299000,0.010,0.505,0.485
299500,0.010,0.570,0.420
300000,0.010,0.666,0.324
300500,0.010,0.463,0.527
301000,0.010,0.697,0.293
301500,0.010,0.424,0.566
302000,0.010,0.530,0.460
302500,0.010,0.788,0.202
303000,0.010,0.681,0.309
303500,0.010,0.779,0.211
304000,0.010,0.609,0.381
304500,0.010,0.648,0.342
305000,0.010,0.802,0.188
305500,0.010,0.641,0.349
306000,0.010,0.942,0.048
306500,0.010,0.813,0.177
307000,0.010,0.582,0.408
307500,0.010,0.691,0.299
308000,0.010,0.904,0.086
308500,0.010,0.776,0.214
309000,0.010,0.678,0.312
309500,0.010,0.708,0.282
310000,0.010,0.656,0.334
310500,0.010,0.619,0.371
311000,0.010,0.793,0.197
311500,0.010,0.729,0.261
312000,0.010,0.833,0.157
312500,0.010,0.745,0.245
313000,0.010,0.602,0.388
313500,0.010,0.683,0.307
314000,0.010,0.597,0.393
314500,0.010,0.706,0.284
315000,0.010,0.481,0.509
315500,0.010,0.740,0.250
316000,0.010,0.687,0.303
316500,0.010,0.748,0.242
317000,0.010,0.635,0.355
317500,0.010,0.821,0.169
318000,0.010,0.698,0.292
318500,0.010,0.808,0.182
319000,0.010,0.782,0.208
319500,0.010,0.702,0.288
320000,0.010,0.733,0.257
320500,0.010,0.474,0.516
321000,0.010,0.693,0.297
321500,0.010,0.653,0.337
322000,0.010,0.800,0.190
322500,0.010,0.855,0.135
323000,0.010,0.663,0.327
323500,0.010,0.903,0.087
324000,0.010,0.952,0.038
324500,0.010,0.662,0.328
325000,0.010,0.786,0.204
325500,0.010,0.699,0.291
326000,0.010,0.647,0.343
326500,0.010,0.738,0.252
327000,0.010,0.616,0.374
327500,0.010,0.565,0.425
328000,0.010,0.603,0.387
328500,0.010,0.852,0.138
329000,0.010,0.787,0.203
329500,0.010,0.723,0.267
330000,0.010,0.676,0.314
330500,0.010,0.571,0.419
331000,0.010,0.444,0.546
331500,0.010,0.502,0.488
332000,0.010,0.485,0.505
332500,0.010,0.659,0.331
333000,0.010,0.757,0.233
333500,0.010,0.518,0.472
334000,0.010,0.745,0.245
334500,0.010,0.880,0.110
335000,0.010,0.603,0.387
335500,0.010,0.627,0.363
336000,0.010,0.582,0.408
336500,0.010,0.555,0.435
337000,0.010,0.688,0.302
337500,0.010,0.536,0.454
338000,0.010,0.649,0.341
338500,0.010,0.380,0.610
339000,0.010,0.534,0.456
339500,0.010,0.558,0.432
340000,0.010,0.632,0.358
340500,0.010,0.749,0.241
341000,0.010,0.695,0.295
341500,0.010,0.556,0.434
342000,0.010,0.420,0.570
342500,0.010,0.587,0.403
343000,0.010,0.604,0.386
343500,0.010,0.799,0.191
344000,0.010,0.647,0.343
344500,0.010,0.641,0.349
345000,0.010,0.554,0.436
345500,0.010,0.586,0.404
346000,0.010,0.712,0.278
346500,0.010,0.631,0.359
347000,0.010,0.491,0.499
347500,0.010,0.730,0.260
348000,0.010,0.861,0.129
348500,0.010,0.540,0.450
349000,0.010,0.412,0.578
349500,0.010,0.467,0.523
350000,0.010,0.628,0.362
350500,0.010,0.600,0.390
351000,0.010,0.602,0.388
351500,0.010,0.625,0.365
352000,0.010,0.419,0.571
352500,0.010,0.723,0.267
353000,0.010,0.809,0.181
353500,0.010,0.493,0.497
354000,0.010,0.620,0.370
354500,0.010,0.574,0.416
355000,0.010,0.751,0.239
355500,0.010,0.959,0.031
356000,0.010,0.777,0.213
356500,0.010,0.633,0.357
357000,0.010,0.707,0.283
357500,0.010,0.585,0.405
358000,0.010,0.607,0.383
358500,0.010,0.579,0.411
359000,0.010,0.738,0.252
359500,0.010,0.681,0.309
360000,0.010,0.515,0.475
360500,0.010,0.864,0.126
361000,0.010,0.915,0.075
361500,0.010,0.408,0.582
362000,0.010,0.688,0.302
362500,0.010,0.567,0.423
363000,0.010,0.673,0.317
363500,0.010,0.701,0.289
364000,0.010,0.472,0.518
364500,0.010,0.442,0.548
365000,0.010,0.860,0.130
365500,0.010,0.712,0.278
366000,0.010,0.951,0.039
366500,0.010,0.526,0.464
367000,0.010,0.612,0.378
367500,0.010,0.767,0.223
368000,0.010,0.668,0.322
368500,0.010,0.553,0.437
369000,0.010,0.594,0.396
369500,0.010,0.730,0.260
370000,0.010,0.467,0.523
370500,0.010,0.504,0.486
371000,0.010,0.516,0.474
371500,0.010,0.725,0.265
372000,0.010,0.745,0.245
372500,0.010,0.614,0.376
373000,0.010,0.761,0.229
373500,0.010,0.444,0.546
374000,0.010,0.676,0.314
374500,0.010,0.537,0.453
375000,0.010,0.637,0.353
375500,0.010,0.572,0.418
376000,0.010,0.602,0.388
376500,0.010,0.487,0.503
377000,0.010,0.698,0.292
377500,0.010,0.506,0.484
378000,0.010,0.672,0.318
378500,0.010,0.596,0.394
379000,0.010,0.877,0.113
379500,0.010,0.668,0.322
380000,0.010,0.562,0.428
380500,0.010,0.687,0.303
381000,0.010,0.949,0.041
381500,0.010,0.854,0.136
382000,0.010,0.680,0.310
382500,0.010,0.805,0.185
383000,0.010,0.510,0.480
383500,0.010,0.389,0.601
384000,0.010,0.640,0.350
384500,0.010,0.626,0.364
385000,0.010,0.693,0.297
385500,0.010,0.567,0.423
386000,0.010,0.650,0.340
386500,0.010,0.714,0.276
387000,0.010,0.528,0.462
387500,0.010,0.460,0.530
388000,0.010,0.632,0.358
388500,0.010,0.645,0.345
389000,0.010,0.497,0.493
389500,0.010,0.677,0.313
390000,0.010,0.711,0.279
390500,0.010,0.406,0.584
391000,0.010,0.745,0.245
391500,0.010,0.535,0.455
392000,0.010,0.462,0.528
392500,0.010,0.787,0.203
393000,0.010,0.721,0.269
393500,0.010,0.604,0.386
394000,0.010,0.663,0.327
394500,0.010,0.589,0.401
395000,0.010,0.562,0.428
395500,0.010,0.471,0.519
396000,0.010,0.504,0.486
396500,0.010,0.605,0.385
397000,0.010,0.705,0.285
397500,0.010,0.696,0.294
398000,0.010,0.809,0.181
398500,0.010,0.728,0.262
399000,0.010,0.711,0.279
399500,0.010,0.771,0.219
400000,0.010,0.768,0.222
400500,0.010,0.578,0.412
401000,0.010,0.712,0.278
401500,0.010,0.666,0.324
402000,0.010,0.532,0.458
402500,0.010,0.553,0.437
403000,0.010,0.869,0.121
403500,0.010,0.592,0.398
404000,0.010,0.501,0.489
404500,0.010,0.791,0.199
405000,0.010,0.760,0.230
405500,0.010,0.756,0.234
406000,0.010,0.562,0.428
406500,0.010,0.620,0.370
407000,0.010,0.449,0.541
407500,0.010,0.495,0.495
408000,0.010,0.624,0.366
408500,0.010,0.536,0.454
409000,0.010,0.535,0.455
409500,0.010,0.590,0.400
410000,0.010,0.810,0.180
410500,0.010,0.442,0.548
411000,0.010,0.601,0.389
411500,0.010,0.636,0.354
412000,0.010,0.514,0.476
412500,0.010,0.515,0.475
413000,0.010,0.648,0.342
413500,0.010,0.581,0.409
414000,0.010,0.715,0.275
414500,0.010,0.541,0.449
415000,0.010,0.509,0.481
415500,0.010,0.575,0.415
416000,0.010,0.407,0.583
416500,0.010,0.538,0.452
417000,0.010,0.689,0.301
417500,0.010,0.607,0.383
418000,0.010,0.646,0.344
418500,0.010,0.808,0.182
419000,0.010,0.894,0.096
419500,0.010,0.587,0.403
420000,0.010,0.879,0.111
420500,0.010,0.886,0.104
421000,0.010,0.810,0.180
421500,0.010,0.695,0.295
422000,0.010,0.822,0.168
422500,0.010,0.686,0.304
423000,0.010,0.860,0.130
423500,0.010,0.619,0.371
424000,0.010,0.660,0.330
424500,0.010,0.766,0.224
425000,0.010,0.594,0.396
425500,0.010,0.528,0.462
426000,0.010,0.694,0.296
426500,0.010,0.515,0.475
427000,0.010,0.579,0.411
427500,0.010,0.498,0.492
428000,0.010,0.793,0.197
428500,0.010,0.712,0.278
429000,0.010,0.716,0.274
429500,0.010,0.817,0.173
430000,0.010,0.558,0.432
430500,0.010,0.406,0.584
431000,0.010,0.599,0.391
431500,0.010,0.500,0.490
432000,0.010,0.675,0.315
432500,0.010,0.749,0.241
433000,0.010,0.576,0.414
433500,0.010,0.480,0.510
434000,0.010,0.584,0.406
434500,0.010,0.500,0.490
435000,0.010,0.616,0.374
435500,0.010,0.529,0.461
436000,0.010,0.510,0.480
436500,0.010,0.660,0.330
437000,0.010,0.787,0.203
437500,0.010,0.663,0.327
438000,0.010,0.670,0.320
438500,0.010,0.517,0.473
439000,0.010,0.589,0.401
439500,0.010,0.513,0.477
440000,0.010,0.509,0.481
440500,0.010,0.580,0.410
441000,0.010,0.662,0.328
441500,0.010,0.538,0.452
442000,0.010,0.810,0.180
442500,0.010,0.493,0.497
443000,0.010,0.479,0.511
443500,0.010,0.544,0.446
444000,0.010,0.539,0.451
444500,0.010,0.639,0.351
445000,0.010,0.713,0.277
445500,0.010,0.496,0.494
446000,0.010,0.484,0.506
446500,0.010,0.436,0.554
447000,0.010,0.655,0.335
447500,0.010,0.827,0.163
448000,0.010,0.595,0.395
448500,0.010,0.845,0.145
449000,0.010,0.716,0.274
449500,0.010,0.787,0.203
450000,0.010,0.850,0.140
450500,0.010,0.528,0.462
451000,0.010,0.578,0.412
451500,0.010,0.868,0.122
452000,0.010,0.553,0.437
452500,0.010,0.789,0.201
453000,0.010,0.786,0.204
453500,0.010,0.782,0.208
454000,0.010,0.634,0.356
454500,0.010,0.637,0.353
455000,0.010,0.709,0.281
455500,0.010,0.529,0.461
456000,0.010,0.564,0.426
456500,0.010,0.715,0.275
457000,0.010,0.778,0.212
457500,0.010,0.818,0.172
458000,0.010,0.628,0.362
458500,0.010,0.568,0.422
459000,0.010,0.455,0.535
459500,0.010,0.646,0.344
460000,0.010,0.509,0.481
460500,0.010,0.643,0.347
461000,0.010,0.812,0.178
461500,0.010,0.976,0.014
462000,0.010,0.748,0.242
462500,0.010,0.631,0.359
463000,0.010,0.712,0.278
463500,0.010,0.666,0.324
464000,0.010,0.496,0.494
464500,0.010,0.612,0.378
465000,0.010,0.650,0.340
465500,0.010,0.531,0.459
466000,0.010,0.683,0.307
466500,0.010,0.627,0.363
467000,0.010,0.657,0.333
467500,0.010,0.735,0.255
468000,0.010,0.566,0.424
468500,0.010,0.514,0.476
469000,0.010,0.741,0.249
469500,0.010,0.525,0.465
470000,0.010,0.498,0.492
470500,0.010,0.690,0.300
471000,0.010,0.512,0.478
471500,0.010,0.736,0.254
472000,0.010,0.783,0.207
472500,0.010,0.869,0.121
473000,0.010,0.409,0.581
473500,0.010,0.756,0.234
474000,0.010,0.716,0.274
474500,0.010,0.685,0.305
475000,0.010,0.443,0.547
475500,0.010,0.667,0.323
476000,0.010,0.681,0.309
476500,0.010,0.386,0.604
477000,0.010,0.633,0.357
477500,0.010,0.640,0.350
478000,0.010,0.711,0.279
478500,0.010,0.895,0.095
479000,0.010,0.689,0.301
479500,0.010,0.797,0.193
480000,0.010,0.594,0.396
480500,0.010,0.526,0.464
481000,0.010,0.739,0.251
481500,0.010,0.437,0.553
482000,0.010,0.381,0.609
482500,0.010,0.558,0.432
483000,0.010,0.826,0.164
483500,0.010,0.669,0.321
484000,0.010,0.571,0.419
484500,0.010,0.619,0.371
485000,0.010,0.735,0.255
485500,0.010,0.726,0.264
486000,0.010,0.485,0.505
486500,0.010,0.577,0.413
487000,0.010,0.480,0.510
487500,0.010,0.645,0.345
488000,0.010,0.728,0.262
488500,0.010,0.478,0.512
489000,0.010,0.859,0.131
489500,0.010,0.745,0.245
490000,0.010,0.801,0.189
490500,0.010,0.592,0.398
491000,0.010,0.620,0.370
491500,0.010,0.732,0.258
492000,0.010,0.535,0.455
492500,0.010,0.555,0.435
493000,0.010,0.536,0.454
493500,0.010,0.687,0.303
494000,0.010,0.692,0.298
494500,0.010,0.586,0.404
495000,0.010,0.582,0.408
495500,0.010,0.793,0.197
496000,0.010,0.593,0.397
496500,0.010,0.558,0.432
497000,0.010,0.502,0.488
497500,0.010,0.586,0.404
498000,0.010,0.829,0.161
498500,0.010,0.635,0.355
499000,0.010,0.746,0.244
499500,0.010,0.683,0.307
500000,0.010,0.475,0.515
500500,0.010,0.710,0.280
501000,0.010,0.634,0.356
501500,0.010,0.689,0.301
502000,0.010,0.460,0.530
502500,0.010,0.589,0.401
503000,0.010,0.533,0.457
503500,0.010,0.955,0.035
504000,0.010,0.748,0.242
504500,0.010,0.890,0.100
505000,0.010,0.764,0.226
505500,0.010,0.661,0.329
506000,0.010,0.614,0.376
506500,0.010,0.744,0.246
507000,0.010,0.677,0.313
507500,0.010,0.474,0.516
508000,0.010,0.568,0.422
508500,0.010,0.799,0.191
509000,0.010,0.863,0.127
509500,0.010,0.707,0.283
510000,0.010,0.463,0.527
510500,0.010,0.554,0.436
511000,0.010,0.598,0.392
511500,0.010,0.612,0.378
512000,0.010,0.815,0.175
512500,0.010,0.736,0.254
513000,0.010,0.786,0.204
513500,0.010,0.518,0.472
514000,0.010,0.909,0.081
514500,0.010,0.844,0.146
515000,0.010,0.591,0.399
515500,0.010,0.605,0.385
516000,0.010,0.586,0.404
516500,0.010,0.442,0.548
517000,0.010,0.805,0.185
517500,0.010,0.626,0.364
518000,0.010,0.343,0.647
518500,0.010,0.593,0.397
519000,0.010,0.663,0.327
519500,0.010,0.523,0.467
520000,0.010,0.420,0.570
520500,0.010,0.731,0.259
521000,0.010,0.518,0.472
521500,0.010,0.299,0.691
522000,0.010,0.442,0.548
522500,0.010,0.920,0.070
523000,0.010,0.942,0.048
523500,0.010,0.701,0.289
524000,0.010,0.894,0.096
524500,0.010,0.768,0.222
525000,0.010,0.589,0.401
525500,0.010,0.654,0.336
526000,0.010,0.508,0.482
526500,0.010,0.625,0.365
527000,0.010,0.709,0.281
527500,0.010,0.886,0.104
528000,0.010,0.829,0.161
528500,0.010,0.725,0.265
529000,0.010,0.817,0.173
529500,0.010,0.515,0.475
530000,0.010,0.575,0.415
530500,0.010,0.611,0.379
531000,0.010,0.644,0.346
531500,0.010,0.801,0.189
532000,0.010,0.953,0.037
532500,0.010,0.539,0.451
533000,0.010,0.728,0.262
533500,0.010,0.828,0.162
534000,0.010,0.753,0.237
534500,0.010,0.544,0.446
535000,0.010,0.756,0.234
535500,0.010,0.680,0.310
536000,0.010,0.724,0.266
536500,0.010,0.326,0.664
537000,0.010,0.579,0.411
537500,0.010,0.499,0.491
538000,0.010,0.566,0.424
538500,0.010,0.606,0.384
539000,0.010,0.576,0.414
539500,0.010,0.600,0.390
540000,0.010,0.435,0.555
540500,0.010,0.785,0.205
541000,0.010,0.685,0.305
541500,0.010,0.637,0.353
542000,0.010,0.736,0.254
542500,0.010,0.570,0.420
543000,0.010,0.843,0.147
543500,0.010,0.827,0.163
544000,0.010,0.628,0.362
544500,0.010,0.690,0.300
545000,0.010,0.590,0.400
545500,0.010,0.427,0.563
546000,0.010,0.658,0.332
546500,0.010,0.648,0.342
547000,0.010,0.367,0.623
547500,0.010,0.704,0.286
548000,0.010,0.638,0.352
548500,0.010,0.666,0.324
549000,0.010,0.671,0.319
549500,0.010,0.707,0.283
550000,0.010,0.528,0.462
550500,0.010,0.541,0.449
551000,0.010,0.534,0.456
551500,0.010,0.549,0.441
552000,0.010,0.570,0.420
552500,0.010,0.702,0.288
553000,0.010,0.610,0.380
553500,0.010,0.789,0.201
554000,0.010,0.720,0.270
554500,0.010,0.629,0.361
555000,0.010,0.633,0.357
555500,0.010,0.724,0.266
556000,0.010,0.439,0.551
556500,0.010,0.638,0.352
557000,0.010,0.717,0.273
557500,0.010,0.622,0.368
558000,0.010,0.604,0.386
558500,0.010,0.518,0.472
559000,0.010,0.626,0.364
559500,0.010,0.484,0.506
560000,0.010,0.599,0.391
560500,0.010,0.755,0.235
561000,0.010,0.573,0.417
561500,0.010,0.547,0.443
562000,0.010,0.880,0.110
562500,0.010,0.656,0.334
563000,0.010,0.574,0.416
563500,0.010,0.636,0.354
564000,0.010,0.684,0.306
564500,0.010,0.722,0.268
565000,0.010,0.749,0.241
565500,0.010,0.789,0.201
566000,0.010,0.885,0.105
566500,0.010,0.512,0.478
567000,0.010,0.577,0.413
567500,0.010,0.302,0.688
568000,0.010,0.681,0.309
568500,0.010,0.790,0.200
569000,0.010,0.846,0.144
569500,0.010,0.948,0.042
570000,0.010,0.518,0.472
570500,0.010,0.609,0.381
571000,0.010,0.533,0.457
571500,0.010,0.647,0.343
572000,0.010,0.670,0.320
572500,0.010,0.669,0.321
573000,0.010,0.554,0.436
573500,0.010,0.534,0.456
574000,0.010,0.713,0.277
574500,0.010,0.710,0.280
575000,0.010,0.812,0.178
575500,0.010,0.737,0.253
576000,0.010,0.733,0.257
576500,0.010,0.461,0.529
577000,0.010,0.615,0.375
577500,0.010,0.810,0.180
578000,0.010,0.696,0.294
578500,0.010,0.759,0.231
579000,0.010,0.640,0.350
579500,0.010,0.851,0.139
580000,0.010,0.528,0.462
580500,0.010,0.634,0.356
581000,0.010,0.721,0.269
581500,0.010,0.420,0.570
582000,0.010,0.662,0.328
582500,0.010,0.638,0.352
583000,0.010,0.739,0.251
583500,0.010,0.755,0.235
584000,0.010,0.596,0.394
584500,0.010,0.611,0.379
585000,0.010,0.658,0.332
585500,0.010,0.690,0.300
586000,0.010,0.441,0.549
586500,0.010,0.670,0.320
587000,0.010,0.878,0.112
587500,0.010,0.932,0.058
588000,0.010,0.758,0.232
588500,0.010,0.613,0.377
589000,0.010,0.489,0.501
589500,0.010,0.439,0.551
590000,0.010,0.715,0.275
590500,0.010,0.588,0.402
591000,0.010,0.762,0.228
591500,0.010,0.513,0.477
592000,0.010,0.499,0.491
592500,0.010,0.639,0.351
593000,0.010,0.739,0.251
593500,0.010,0.568,0.422
594000,0.010,0.579,0.411
594500,0.010,0.599,0.391
595000,0.010,0.401,0.589
595500,0.010,0.670,0.320
596000,0.010,0.478,0.512
596500,0.010,0.614,0.376
597000,0.010,0.691,0.299
597500,0.010,0.707,0.283
598000,0.010,0.781,0.209
598500,0.010,0.785,0.205
599000,0.010,0.492,0.498
599500,0.010,0.543,0.447
600000,0.010,0.668,0.322
600500,0.010,0.790,0.200
601000,0.010,0.659,0.331
601500,0.010,0.748,0.242
602000,0.010,0.564,0.426
602500,0.010,0.640,0.350
603000,0.010,0.418,0.572
603500,0.010,0.587,0.403
604000,0.010,0.769,0.221
604500,0.010,0.730,0.260
605000,0.010,0.737,0.253
605500,0.010,0.762,0.228
606000,0.010,0.903,0.087
606500,0.010,0.763,0.227
607000,0.010,0.620,0.370
607500,0.010,0.437,0.553
608000,0.010,0.749,0.241
608500,0.010,0.571,0.419
609000,0.010,0.559,0.431
609500,0.010,0.625,0.365
610000,0.010,0.546,0.444
610500,0.010,0.762,0.228
611000,0.010,0.621,0.369
611500,0.010,0.781,0.209
612000,0.010,0.705,0.285
612500,0.010,0.549,0.441
613000,0.010,0.705,0.285
613500,0.010,0.514,0.476
614000,0.010,0.670,0.320
614500,0.010,0.670,0.320
615000,0.010,0.932,0.058
615500,0.010,0.946,0.044
616000,0.010,0.890,0.100
616500,0.010,0.673,0.317
617000,0.010,0.547,0.443
617500,0.010,0.861,0.129
618000,0.010,0.648,0.342
618500,0.010,0.565,0.425
619000,0.010,0.867,0.123
619500,0.010,0.814,0.176
620000,0.010,0.536,0.454
620500,0.010,0.855,0.135
621000,0.010,0.654,0.336
621500,0.010,0.646,0.344
622000,0.010,0.515,0.475
622500,0.010,0.484,0.506
623000,0.010,0.443,0.547
623500,0.010,0.608,0.382
624000,0.010,0.394,0.596
624500,0.010,0.681,0.309
625000,0.010,0.705,0.285
625500,0.010,0.737,0.253
626000,0.010,0.666,0.324
626500,0.010,0.845,0.145
627000,0.010,0.584,0.406
627500,0.010,0.744,0.246
628000,0.010,0.728,0.262
628500,0.010,0.423,0.567
629000,0.010,0.460,0.530
629500,0.010,0.622,0.368
630000,0.010,0.581,0.409
630500,0.010,0.474,0.516
631000,0.010,0.600,0.390
631500,0.010,0.653,0.337
632000,0.010,0.558,0.432
632500,0.010,0.625,0.365
633000,0.010,0.619,0.371
633500,0.010,0.530,0.460
634000,0.010,0.900,0.090
634500,0.010,0.389,0.601
635000,0.010,0.775,0.215
635500,0.010,0.646,0.344
636000,0.010,0.353,0.637
636500,0.010,0.816,0.174
637000,0.010,0.639,0.351
637500,0.010,0.564,0.426
638000,0.010,0.653,0.337
638500,0.010,0.940,0.050
639000,0.010,0.776,0.214
639500,0.010,0.443,0.547
640000,0.010,0.690,0.300
640500,0.010,0.795,0.195
641000,0.010,0.569,0.421
641500,0.010,0.393,0.597
642000,0.010,0.784,0.206
642500,0.010,0.511,0.479
643000,0.010,0.632,0.358
643500,0.010,0.699,0.291
644000,0.010,0.619,0.371
644500,0.010,0.575,0.415
645000,0.010,0.859,0.131
645500,0.010,0.519,0.471
646000,0.010,0.616,0.374
646500,0.010,0.794,0.196
647000,0.010,0.854,0.136
647500,0.010,0.707,0.283
648000,0.010,0.656,0.334
648500,0.010,0.643,0.347
649000,0.010,0.607,0.383
649500,0.010,0.804,0.186
650000,0.010,0.453,0.537
650500,0.010,0.509,0.481
651000,0.010,0.569,0.421
651500,0.010,0.596,0.394
652000,0.010,0.495,0.495
652500,0.010,0.634,0.356
653000,0.010,0.536,0.454
653500,0.010,0.789,0.201
654000,0.010,0.819,0.171
654500,0.010,0.721,0.269
655000,0.010,0.609,0.381
655500,0.010,0.738,0.252
656000,0.010,0.752,0.238
656500,0.010,0.667,0.323
657000,0.010,0.806,0.184
657500,0.010,0.462,0.528
658000,0.010,0.770,0.220
658500,0.010,0.812,0.178
659000,0.010,0.873,0.117
659500,0.010,0.716,0.274
660000,0.010,0.809,0.181
660500,0.010,0.625,0.365
661000,0.010,0.840,0.150
661500,0.010,0.403,0.587
662000,0.010,0.710,0.280
662500,0.010,0.566,0.424
663000,0.010,0.790,0.200
663500,0.010,0.852,0.138
664000,0.010,0.944,0.046
664500,0.010,0.980,0.010
665000,0.010,0.921,0.069
665500,0.010,0.525,0.465
666000,0.010,0.859,0.131
666500,0.010,0.532,0.458
667000,0.010,0.568,0.422
667500,0.010,0.626,0.364
668000,0.010,0.418,0.572
668500,0.010,0.816,0.174
669000,0.010,0.627,0.363
669500,0.010,0.649,0.341
670000,0.010,0.608,0.382
670500,0.010,0.505,0.485
671000,0.010,0.430,0.560
671500,0.010,0.697,0.293
672000,0.010,0.544,0.446
672500,0.010,0.586,0.404
673000,0.010,0.678,0.312
673500,0.010,0.765,0.225
674000,0.010,0.598,0.392
674500,0.010,0.525,0.465
675000,0.010,0.466,0.524
675500,0.010,0.512,0.478
676000,0.010,0.716,0.274
676500,0.010,0.669,0.321
677000,0.010,0.906,0.084
677500,0.010,0.870,0.120
678000,0.010,0.762,0.228
678500,0.010,0.880,0.110
679000,0.010,0.780,0.210
679500,0.010,0.525,0.465
680000,0.010,0.635,0.355
680500,0.010,0.540,0.450
681000,0.010,0.709,0.281
681500,0.010,0.690,0.300
682000,0.010,0.780,0.210
682500,0.010,0.485,0.505
683000,0.010,0.500,0.490
683500,0.010,0.625,0.365
684000,0.010,0.867,0.123
684500,0.010,0.711,0.279
685000,0.010,0.718,0.272
685500,0.010,0.659,0.331
686000,0.010,0.793,0.197
686500,0.010,0.466,0.524
687000,0.010,0.508,0.482
687500,0.010,0.640,0.350
688000,0.010,0.567,0.423
688500,0.010,0.759,0.231
689000,0.010,0.959,0.031
689500,0.010,0.783,0.207
690000,0.010,0.597,0.393
690500,0.010,0.683,0.307
691000,0.010,0.607,0.383
691500,0.010,0.588,0.402
692000,0.010,0.608,0.382
692500,0.010,0.483,0.507
693000,0.010,0.901,0.089
693500,0.010,0.675,0.315
694000,0.010,0.502,0.488
694500,0.010,0.634,0.356
695000,0.010,0.674,0.316
695500,0.010,0.546,0.444
696000,0.010,0.549,0.441
696500,0.010,0.320,0.670
697000,0.010,0.514,0.476
697500,0.010,0.594,0.396
698000,0.010,0.545,0.445
698500,0.010,0.490,0.500
699000,0.010,0.533,0.457
699500,0.010,0.574,0.416
700000,0.010,0.507,0.483
700500,0.010,0.474,0.516
701000,0.010,0.562,0.428
701500,0.010,0.532,0.458
702000,0.010,0.637,0.353
702500,0.010,0.579,0.411
703000,0.010,0.778,0.212
703500,0.010,0.825,0.165
704000,0.010,0.472,0.518
704500,0.010,0.422,0.568
705000,0.010,0.662,0.328
705500,0.010,0.611,0.379
706000,0.010,0.658,0.332
706500,0.010,0.660,0.330
707000,0.010,0.698,0.292
707500,0.010,0.700,0.290
708000,0.010,0.697,0.293
708500,0.010,0.638,0.352
709000,0.010,0.475,0.515
709500,0.010,0.655,0.335
710000,0.010,0.528,0.462
710500,0.010,0.408,0.582
711000,0.010,0.606,0.384
711500,0.010,0.791,0.199
712000,0.010,0.664,0.326
712500,0.010,0.589,0.401
713000,0.010,0.585,0.405
713500,0.010,0.521,0.469
714000,0.010,0.473,0.517
714500,0.010,0.827,0.163
715000,0.010,0.805,0.185
715500,0.010,0.386,0.604
716000,0.010,0.509,0.481
716500,0.010,0.540,0.450
717000,0.010,0.528,0.462
717500,0.010,0.639,0.351
718000,0.010,0.701,0.289
718500,0.010,0.709,0.281
719000,0.010,0.620,0.370
719500,0.010,0.381,0.609
720000,0.010,0.471,0.519
720500,0.010,0.522,0.468
721000,0.010,0.643,0.347
721500,0.010,0.891,0.099
722000,0.010,0.728,0.262
722500,0.010,0.663,0.327
723000,0.010,0.493,0.497
723500,0.010,0.769,0.221
724000,0.010,0.675,0.315
724500,0.010,0.593,0.397
725000,0.010,0.571,0.419
725500,0.010,0.596,0.394
726000,0.010,0.451,0.539
726500,0.010,0.670,0.320
727000,0.010,0.651,0.339
727500,0.010,0.758,0.232
728000,0.010,0.656,0.334
728500,0.010,0.866,0.124
729000,0.010,0.736,0.254
729500,0.010,0.466,0.524
730000,0.010,0.516,0.474
730500,0.010,0.946,0.044
731000,0.010,0.973,0.017
731500,0.010,0.682,0.308
732000,0.010,0.551,0.439
732500,0.010,0.665,0.325
733000,0.010,0.745,0.245
733500,0.010,0.538,0.452
734000,0.010,0.479,0.511
734500,0.010,0.660,0.330
735000,0.010,0.619,0.371
735500,0.010,0.599,0.391
736000,0.010,0.765,0.225
736500,0.010,0.542,0.448
737000,0.010,0.495,0.495
737500,0.010,0.595,0.395
738000,0.010,0.625,0.365
738500,0.010,0.472,0.518
739000,0.010,0.643,0.347
739500,0.010,0.522,0.468
740000,0.010,0.710,0.280
740500,0.010,0.737,0.253
741000,0.010,0.335,0.655
741500,0.010,0.490,0.500
742000,0.010,0.401,0.589
742500,0.010,0.560,0.430
743000,0.010,0.679,0.311
743500,0.010,0.770,0.220
744000,0.010,0.749,0.241
744500,0.010,0.669,0.321
745000,0.010,0.508,0.482
745500,0.010,0.532,0.458
746000,0.010,0.507,0.483
746500,0.010,0.541,0.449
747000,0.010,0.810,0.180
747500,0.010,0.767,0.223
748000,0.010,0.649,0.341
748500,0.010,0.775,0.215
749000,0.010,0.640,0.350
749500,0.010,0.520,0.470
750000,0.010,0.521,0.469
750500,0.010,0.474,0.516
751000,0.010,0.379,0.611
751500,0.010,0.679,0.311
752000,0.010,0.532,0.458
752500,0.010,0.407,0.583
753000,0.010,0.421,0.569
753500,0.010,0.541,0.449
754000,0.010,0.828,0.162
754500,0.010,0.630,0.360
755000,0.010,0.658,0.332
755500,0.010,0.509,0.481
756000,0.010,0.588,0.402
756500,0.010,0.693,0.297
757000,0.010,0.675,0.315
757500,0.010,0.568,0.422
758000,0.010,0.674,0.316
758500,0.010,0.548,0.442
759000,0.010,0.703,0.287
759500,0.010,0.806,0.184
760000,0.010,0.896,0.094
760500,0.010,0.479,0.511
761000,0.010,0.679,0.311
761500,0.010,0.753,0.237
762000,0.010,0.487,0.503
762500,0.010,0.598,0.392
763000,0.010,0.639,0.351
763500,0.010,0.626,0.364
764000,0.010,0.745,0.245
764500,0.010,0.403,0.587
765000,0.010,0.710,0.280
765500,0.010,0.589,0.401
766000,0.010,0.527,0.463
766500,0.010,0.656,0.334
767000,0.010,0.882,0.108
767500,0.010,0.822,0.168
768000,0.010,0.743,0.247
768500,0.010,0.822,0.168
769000,0.010,0.705,0.285
769500,0.010,0.560,0.430
770000,0.010,0.834,0.156
770500,0.010,0.559,0.431
771000,0.010,0.581,0.409
771500,0.010,0.771,0.219
772000,0.010,0.716,0.274
772500,0.010,0.449,0.541
773000,0.010,0.752,0.238
773500,0.010,0.453,0.537
774000,0.010,0.643,0.347
774500,0.010,0.816,0.174
775000,0.010,0.786,0.204
775500,0.010,0.460,0.530
776000,0.010,0.722,0.268
776500,0.010,0.741,0.249
777000,0.010,0.535,0.455
777500,0.010,0.474,0.516
778000,0.010,0.489,0.501
778500,0.010,0.477,0.513
779000,0.010,0.653,0.337
779500,0.010,0.648,0.342
780000,0.010,0.592,0.398
780500,0.010,0.661,0.329
781000,0.010,0.736,0.254
781500,0.010,0.905,0.085
782000,0.010,0.761,0.229
782500,0.010,0.498,0.492
783000,0.010,0.891,0.099
783500,0.010,0.708,0.282
784000,0.010,0.602,0.388
784500,0.010,0.515,0.475
785000,0.010,0.360,0.630
785500,0.010,0.638,0.352
786000,0.010,0.694,0.296
786500,0.010,0.804,0.186
787000,0.010,0.786,0.204
787500,0.010,0.808,0.182
788000,0.010,0.702,0.288
788500,0.010,0.794,0.196
789000,0.010,0.797,0.193
789500,0.010,0.529,0.461
790000,0.010,0.870,0.120
790500,0.010,0.735,0.255
791000,0.010,0.519,0.471
791500,0.010,0.556,0.434
792000,0.010,0.663,0.327
792500,0.010,0.747,0.243
793000,0.010,0.621,0.369
793500,0.010,0.711,0.279
794000,0.010,0.447,0.543
794500,0.010,0.671,0.319
795000,0.010,0.538,0.452
795500,0.010,0.810,0.180
796000,0.010,0.579,0.411
796500,0.010,0.320,0.670
797000,0.010,0.664,0.326
797500,0.010,0.563,0.427
798000,0.010,0.767,0.223
798500,0.010,0.645,0.345
799000,0.010,0.682,0.308
799500,0.010,0.675,0.315
800000,0.010,0.801,0.189
800500,0.010,0.865,0.125
801000,0.010,0.606,0.384
801500,0.010,0.659,0.331
802000,0.010,0.729,0.261
802500,0.010,0.680,0.310
803000,0.010,0.528,0.462
803500,0.010,0.599,0.391
804000,0.010,0.450,0.540
804500,0.010,0.664,0.326
805000,0.010,0.557,0.433
805500,0.010,0.452,0.538
806000,0.010,0.574,0.416
806500,0.010,0.600,0.390
807000,0.010,0.639,0.351
807500,0.010,0.663,0.327
808000,0.010,0.734,0.256
808500,0.010,0.916,0.074
809000,0.010,0.913,0.077
809500,0.010,0.728,0.262
810000,0.010,0.600,0.390
810500,0.010,0.410,0.580
811000,0.010,0.725,0.265
811500,0.010,0.679,0.311
812000,0.010,0.512,0.478
812500,0.010,0.854,0.136
813000,0.010,0.833,0.157
813500,0.010,0.724,0.266
814000,0.010,0.423,0.567
814500,0.010,0.654,0.336
815000,0.010,0.740,0.250
815500,0.010,0.525,0.465
816000,0.010,0.555,0.435
816500,0.010,0.505,0.485
817000,0.010,0.501,0.489
817500,0.010,0.572,0.418
818000,0.010,0.776,0.214
818500,0.010,0.815,0.175
819000,0.010,0.818,0.172
819500,0.010,0.943,0.047
820000,0.010,0.740,0.250
820500,0.010,0.810,0.180
821000,0.010,0.844,0.146
821500,0.010,0.724,0.266
822000,0.010,0.500,0.490
822500,0.010,0.516,0.474
823000,0.010,0.515,0.475
823500,0.010,0.672,0.318
824000,0.010,0.584,0.406
824500,0.010,0.817,0.173
825000,0.010,0.918,0.072
825500,0.010,0.681,0.309
826000,0.010,0.673,0.317
826500,0.010,0.632,0.358
827000,0.010,0.497,0.493
827500,0.010,0.583,0.407
828000,0.010,0.832,0.158
828500,0.010,0.639,0.351
829000,0.010,0.573,0.417
829500,0.010,0.536,0.454
830000,0.010,0.613,0.377
830500,0.010,0.463,0.527
831000,0.010,0.674,0.316
831500,0.010,0.639,0.351
832000,0.010,0.779,0.211
832500,0.010,0.546,0.444
833000,0.010,0.605,0.385
833500,0.010,0.797,0.193
834000,0.010,0.492,0.498
834500,0.010,0.581,0.409
835000,0.010,0.488,0.502
835500,0.010,0.643,0.347
836000,0.010,0.629,0.361
836500,0.010,0.646,0.344
837000,0.010,0.527,0.463
837500,0.010,0.544,0.446
838000,0.010,0.544,0.446
838500,0.010,0.746,0.244
839000,0.010,0.571,0.419
839500,0.010,0.500,0.490
840000,0.010,0.703,0.287
840500,0.010,0.748,0.242
841000,0.010,0.625,0.365
841500,0.010,0.715,0.275
842000,0.010,0.556,0.434
842500,0.010,0.624,0.366
843000,0.010,0.470,0.520
843500,0.010,0.597,0.393
844000,0.010,0.592,0.398
844500,0.010,0.551,0.439
845000,0.010,0.748,0.242
845500,0.010,0.560,0.430
846000,0.010,0.627,0.363
846500,0.010,0.652,0.338
847000,0.010,0.727,0.263
847500,0.010,0.392,0.598
848000,0.010,0.555,0.435
848500,0.010,0.545,0.445
849000,0.010,0.774,0.216
849500,0.010,0.674,0.316
850000,0.010,0.597,0.393
850500,0.010,0.450,0.540
851000,0.010,0.704,0.286
851500,0.010,0.784,0.206
852000,0.010,0.877,0.113
852500,0.010,0.621,0.369
853000,0.010,0.700,0.290
853500,0.010,0.602,0.388
854000,0.010,0.663,0.327
854500,0.010,0.461,0.529
855000,0.010,0.573,0.417
855500,0.010,0.347,0.643
856000,0.010,0.768,0.222
856500,0.010,0.722,0.268
857000,0.010,0.703,0.287
857500,0.010,0.689,0.301
858000,0.010,0.581,0.409
858500,0.010,0.528,0.462
859000,0.010,0.689,0.301
859500,0.010,0.645,0.345
860000,0.010,0.465,0.525
860500,0.010,0.679,0.311
861000,0.010,0.672,0.318
861500,0.010,0.556,0.434
862000,0.010,0.723,0.267
862500,0.010,0.598,0.392
863000,0.010,0.642,0.348
863500,0.010,0.497,0.493
864000,0.010,0.587,0.403
864500,0.010,0.624,0.366
865000,0.010,0.460,0.530
865500,0.010,0.532,0.458
866000,0.010,0.772,0.218
866500,0.010,0.882,0.108
867000,0.010,0.748,0.242
867500,0.010,0.877,0.113
868000,0.010,0.852,0.138
868500,0.010,0.606,0.384
869000,0.010,0.883,0.107
869500,0.010,0.828,0.162
870000,0.010,0.454,0.536
870500,0.010,0.769,0.221
871000,0.010,0.566,0.424
871500,0.010,0.682,0.308
872000,0.010,0.598,0.392
872500,0.010,0.489,0.501
873000,0.010,0.811,0.179
873500,0.010,0.769,0.221
874000,0.010,0.658,0.332
874500,0.010,0.577,0.413
875000,0.010,0.761,0.229
875500,0.010,0.756,0.234
876000,0.010,0.613,0.377
876500,0.010,0.639,0.351
877000,0.010,0.530,0.460
877500,0.010,0.767,0.223
878000,0.010,0.712,0.278
878500,0.010,0.558,0.432
879000,0.010,0.714,0.276
879500,0.010,0.434,0.556
880000,0.010,0.744,0.246
880500,0.010,0.676,0.314
881000,0.010,0.766,0.224
881500,0.010,0.639,0.351
882000,0.010,0.682,0.308
882500,0.010,0.680,0.310
883000,0.010,0.475,0.515
883500,0.010,0.595,0.395
884000,0.010,0.590,0.400
884500,0.010,0.656,0.334
885000,0.010,0.551,0.439
885500,0.010,0.655,0.335
886000,0.010,0.491,0.499
886500,0.010,0.733,0.257
887000,0.010,0.572,0.418
887500,0.010,0.694,0.296
888000,0.010,0.597,0.393
888500,0.010,0.444,0.546
889000,0.010,0.707,0.283
889500,0.010,0.628,0.362
890000,0.010,0.458,0.532
890500,0.010,0.529,0.461
891000,0.010,0.607,0.383
891500,0.010,0.622,0.368
892000,0.010,0.435,0.555
892500,0.010,0.479,0.511
893000,0.010,0.634,0.356
893500,0.010,0.854,0.136
894000,0.010,0.795,0.195
894500,0.010,0.610,0.380
895000,0.010,0.568,0.422
895500,0.010,0.558,0.432
896000,0.010,0.779,0.211
896500,0.010,0.787,0.203
897000,0.010,0.627,0.363
897500,0.010,0.703,0.287
898000,0.010,0.485,0.505
898500,0.010,0.772,0.218
899000,0.010,0.460,0.530
899500,0.010,0.788,0.202
900000,0.010,0.649,0.341
900500,0.010,0.693,0.297
901000,0.010,0.452,0.538
901500,0.010,0.718,0.272
902000,0.010,0.653,0.337
902500,0.010,0.322,0.668
903000,0.010,0.724,0.266
903500,0.010,0.313,0.677
904000,0.010,0.652,0.338
904500,0.010,0.770,0.220
905000,0.010,0.769,0.221
905500,0.010,0.513,0.477
906000,0.010,0.493,0.497
906500,0.010,0.625,0.365
907000,0.010,0.618,0.372
907500,0.010,0.642,0.348
908000,0.010,0.887,0.103
908500,0.010,0.929,0.061
909000,0.010,0.901,0.089
909500,0.010,0.779,0.211
910000,0.010,0.716,0.274
910500,0.010,0.771,0.219
911000,0.010,0.454,0.536
911500,0.010,0.714,0.276
912000,0.010,0.710,0.280
912500,0.010,0.681,0.309
913000,0.010,0.660,0.330
913500,0.010,0.643,0.347
914000,0.010,0.527,0.463
914500,0.010,0.807,0.183
915000,0.010,0.782,0.208
915500,0.010,0.377,0.613
916000,0.010,0.577,0.413
916500,0.010,0.731,0.259
917000,0.010,0.783,0.207
917500,0.010,0.439,0.551
918000,0.010,0.480,0.510
918500,0.010,0.561,0.429
919000,0.010,0.404,0.586
919500,0.010,0.567,0.423
920000,0.010,0.674,0.316
920500,0.010,0.531,0.459
921000,0.010,0.685,0.305
921500,0.010,0.472,0.518
922000,0.010,0.545,0.445
922500,0.010,0.530,0.460
923000,0.010,0.704,0.286
923500,0.010,0.446,0.544
924000,0.010,0.501,0.489
924500,0.010,0.547,0.443
925000,0.010,0.713,0.277
925500,0.010,0.509,0.481
926000,0.010,0.594,0.396
926500,0.010,0.636,0.354
927000,0.010,0.584,0.406
927500,0.010,0.790,0.200
928000,0.010,0.794,0.196
928500,0.010,0.541,0.449
929000,0.010,0.458,0.532
929500,0.010,0.427,0.563
930000,0.010,0.651,0.339
930500,0.010,0.596,0.394
931000,0.010,0.827,0.163
931500,0.010,0.634,0.356
932000,0.010,0.706,0.284
932500,0.010,0.677,0.313
933000,0.010,0.483,0.507
933500,0.010,0.599,0.391
934000,0.010,0.652,0.338
934500,0.010,0.401,0.589
935000,0.010,0.546,0.444
935500,0.010,0.889,0.101
936000,0.010,0.652,0.338
936500,0.010,0.730,0.260
937000,0.010,0.583,0.407
937500,0.010,0.711,0.279
938000,0.010,0.713,0.277
938500,0.010,0.629,0.361
939000,0.010,0.715,0.275
939500,0.010,0.486,0.504
940000,0.010,0.568,0.422
940500,0.010,0.699,0.291
941000,0.010,0.758,0.232
941500,0.010,0.689,0.301
942000,0.010,0.600,0.390
942500,0.010,0.524,0.466
943000,0.010,0.614,0.376
943500,0.010,0.534,0.456
944000,0.010,0.514,0.476
944500,0.010,0.628,0.362
945000,0.010,0.710,0.280
945500,0.010,0.492,0.498
946000,0.010,0.641,0.349
946500,0.010,0.550,0.440
947000,0.010,0.729,0.261
947500,0.010,0.774,0.216
948000,0.010,0.687,0.303
948500,0.010,0.692,0.298
949000,0.010,0.615,0.375
949500,0.010,0.534,0.456
950000,0.010,0.555,0.435
950500,0.010,0.817,0.173
951000,0.010,0.517,0.473
951500,0.010,0.707,0.283
952000,0.010,0.532,0.458
952500,0.010,0.664,0.326
953000,0.010,0.674,0.316
953500,0.010,0.582,0.408
954000,0.010,0.328,0.662
954500,0.010,0.622,0.368
955000,0.010,0.597,0.393
955500,0.010,0.700,0.290
956000,0.010,0.651,0.339
956500,0.010,0.455,0.535
957000,0.010,0.456,0.534
957500,0.010,0.711,0.279
958000,0.010,0.555,0.435
958500,0.010,0.773,0.217
959000,0.010,0.575,0.415
959500,0.010,0.474,0.516
960000,0.010,0.681,0.309
960500,0.010,0.851,0.139
961000,0.010,0.653,0.337
961500,0.010,0.613,0.377
962000,0.010,0.720,0.270
962500,0.010,0.759,0.231
963000,0.010,0.581,0.409
963500,0.010,0.703,0.287
964000,0.010,0.668,0.322
964500,0.010,0.625,0.365
965000,0.010,0.655,0.335
965500,0.010,0.723,0.267
966000,0.010,0.284,0.706
966500,0.010,0.623,0.367
967000,0.010,0.418,0.572
967500,0.010,0.443,0.547
968000,0.010,0.671,0.319
968500,0.010,0.709,0.281
969000,0.010,0.526,0.464
969500,0.010,0.759,0.231
970000,0.010,0.954,0.036
970500,0.010,0.670,0.320
971000,0.010,0.475,0.515
971500,0.010,0.528,0.462
972000,0.010,0.482,0.508
972500,0.010,0.672,0.318
973000,0.010,0.730,0.260
973500,0.010,0.575,0.415
974000,0.010,0.404,0.586
974500,0.010,0.674,0.316
975000,0.010,0.532,0.458
975500,0.010,0.580,0.410
976000,0.010,0.655,0.335
976500,0.010,0.746,0.244
977000,0.010,0.322,0.668
977500,0.010,0.499,0.491
978000,0.010,0.580,0.410
978500,0.010,0.495,0.495
979000,0.010,0.413,0.577
979500,0.010,0.586,0.404
980000,0.010,0.469,0.521
980500,0.010,0.589,0.401
981000,0.010,0.504,0.486
981500,0.010,0.706,0.284
982000,0.010,0.532,0.458
982500,0.010,0.526,0.464
983000,0.010,0.597,0.393
983500,0.010,0.624,0.366
984000,0.010,0.596,0.394
984500,0.010,0.788,0.202
985000,0.010,0.857,0.133
985500,0.010,0.695,0.295
986000,0.010,0.783,0.207
986500,0.010,0.688,0.302
987000,0.010,0.670,0.320
987500,0.010,0.392,0.598
988000,0.010,0.678,0.312
988500,0.010,0.456,0.534
989000,0.010,0.660,0.330
989500,0.010,0.586,0.404
990000,0.010,0.606,0.384
990500,0.010,0.487,0.503
991000,0.010,0.623,0.367
991500,0.010,0.705,0.285
992000,0.010,0.507,0.483
992500,0.010,0.764,0.226
993000,0.010,0.597,0.393
993500,0.010,0.590,0.400
994000,0.010,0.803,0.187
994500,0.010,0.534,0.456
995000,0.010,0.539,0.451
995500,0.010,0.497,0.493
996000,0.010,0.680,0.310
996500,0.010,0.783,0.207
997000,0.010,0.813,0.177
997500,0.010,0.690,0.300
998000,0.010,0.756,0.234
998500,0.010,0.797,0.193
999000,0.010,0.787,0.203
999500,0.010,0.883,0.107
1000000,0.010,0.679,0.311
