time,n_A+p,n_B,n_AB
500,0.050,0.911,0.039
1000,0.050,0.878,0.072
1500,0.050,0.856,0.094
2000,0.050,0.862,0.088
2500,0.050,0.831,0.119
3000,0.050,0.852,0.098
3500,0.050,0.867,0.083
4000,0.050,0.840,0.110
4500,0.050,0.845,0.105
5000,0.050,0.850,0.100
5500,0.050,0.841,0.109
6000,0.050,0.833,0.117
6500,0.050,0.830,0.120
7000,0.050,0.840,0.110
7500,0.050,0.822,0.128
8000,0.050,0.849,0.101
8500,0.050,0.850,0.100
9000,0.050,0.848,0.102
9500,0.050,0.815,0.135
10000,0.050,0.827,0.123
10500,0.050,0.833,0.117
11000,0.050,0.839,0.111
11500,0.050,0.820,0.130
12000,0.050,0.852,0.098
12500,0.050,0.822,0.128
13000,0.050,0.839,0.111
13500,0.051,0.831,0.119
14000,0.050,0.837,0.113
14500,0.050,0.832,0.118
15000,0.050,0.840,0.110
15500,0.050,0.821,0.129
16000,0.050,0.824,0.126
16500,0.050,0.827,0.123
17000,0.050,0.830,0.120
17500,0.050,0.853,0.097
18000,0.050,0.841,0.109
18500,0.050,0.837,0.113
19000,0.050,0.853,0.097
19500,0.050,0.858,0.092
20000,0.050,0.818,0.132
20500,0.050,0.840,0.110
21000,0.050,0.833,0.117
21500,0.050,0.844,0.106
22000,0.050,0.823,0.127
22500,0.050,0.820,0.130
23000,0.050,0.844,0.106
23500,0.050,0.831,0.119
24000,0.051,0.822,0.128
24500,0.051,0.835,0.115
25000,0.050,0.844,0.106
25500,0.050,0.851,0.099
26000,0.050,0.842,0.108
26500,0.050,0.837,0.113
27000,0.050,0.843,0.107
27500,0.050,0.838,0.112
28000,0.050,0.874,0.076
28500,0.050,0.859,0.091
29000,0.050,0.861,0.089
29500,0.050,0.858,0.092
30000,0.050,0.853,0.097
30500,0.050,0.846,0.104
31000,0.050,0.851,0.099
31500,0.050,0.854,0.096
32000,0.050,0.881,0.069
32500,0.050,0.870,0.080
33000,0.050,0.839,0.111
33500,0.050,0.840,0.110
34000,0.050,0.847,0.103
34500,0.050,0.851,0.099
35000,0.050,0.838,0.112
35500,0.050,0.851,0.099
36000,0.050,0.840,0.110
36500,0.050,0.848,0.102
37000,0.050,0.858,0.092
37500,0.050,0.862,0.088
38000,0.050,0.845,0.105
38500,0.050,0.845,0.105
39000,0.050,0.823,0.127
39500,0.050,0.814,0.136
40000,0.050,0.810,0.139
40500,0.050,0.839,0.111
41000,0.050,0.830,0.120
41500,0.050,0.840,0.110
42000,0.050,0.854,0.096
42500,0.050,0.846,0.104
43000,0.050,0.847,0.103
43500,0.050,0.838,0.112
44000,0.050,0.837,0.113
44500,0.050,0.833,0.117
45000,0.050,0.824,0.126
45500,0.050,0.838,0.112
46000,0.052,0.823,0.125
46500,0.050,0.842,0.108
47000,0.050,0.841,0.109
47500,0.050,0.846,0.104
48000,0.050,0.837,0.113
48500,0.050,0.857,0.093
49000,0.050,0.842,0.108
49500,0.050,0.833,0.117
50000,0.050,0.841,0.109
50500,0.051,0.838,0.111
51000,0.050,0.842,0.108
51500,0.050,0.826,0.124
52000,0.051,0.847,0.102
52500,0.051,0.859,0.091
53000,0.050,0.867,0.083
53500,0.050,0.862,0.088
54000,0.050,0.861,0.089
54500,0.050,0.850,0.100
55000,0.050,0.857,0.093
55500,0.050,0.829,0.121
56000,0.050,0.823,0.127
56500,0.050,0.836,0.114
57000,0.050,0.863,0.087
57500,0.050,0.843,0.107
58000,0.050,0.832,0.118
58500,0.050,0.824,0.126
59000,0.050,0.846,0.104
59500,0.050,0.841,0.109
60000,0.050,0.861,0.089
60500,0.050,0.855,0.095
61000,0.050,0.828,0.122
61500,0.050,0.824,0.126
62000,0.050,0.838,0.112
62500,0.050,0.835,0.115
63000,0.050,0.826,0.124
63500,0.050,0.832,0.118
64000,0.050,0.859,0.091
64500,0.050,0.841,0.109
65000,0.050,0.851,0.099
65500,0.050,0.847,0.103
66000,0.050,0.858,0.092
66500,0.050,0.862,0.088
67000,0.050,0.844,0.106
67500,0.050,0.848,0.102
68000,0.050,0.838,0.112
68500,0.051,0.849,0.101
69000,0.050,0.854,0.096
69500,0.050,0.830,0.120
70000,0.050,0.827,0.123
70500,0.051,0.844,0.105
71000,0.051,0.857,0.092
71500,0.051,0.869,0.081
72000,0.050,0.870,0.080
72500,0.050,0.844,0.106
73000,0.050,0.859,0.091
73500,0.050,0.854,0.096
74000,0.050,0.879,0.071
74500,0.050,0.874,0.076
75000,0.050,0.869,0.081
75500,0.050,0.862,0.088
76000,0.050,0.863,0.087
76500,0.050,0.863,0.087
77000,0.050,0.849,0.101
77500,0.050,0.850,0.100
78000,0.050,0.857,0.093
78500,0.050,0.853,0.097
79000,0.050,0.859,0.091
79500,0.050,0.853,0.097
80000,0.050,0.836,0.114
80500,0.050,0.852,0.098
81000,0.050,0.860,0.090
81500,0.050,0.852,0.098
82000,0.050,0.833,0.117
82500,0.050,0.853,0.097
83000,0.051,0.862,0.087
83500,0.051,0.838,0.112
84000,0.051,0.838,0.112
84500,0.051,0.828,0.122
85000,0.050,0.838,0.112
85500,0.050,0.831,0.119
86000,0.050,0.844,0.106
86500,0.050,0.838,0.112
87000,0.050,0.835,0.115
87500,0.050,0.853,0.097
88000,0.050,0.876,0.074
88500,0.050,0.861,0.089
89000,0.050,0.853,0.097
89500,0.050,0.871,0.079
90000,0.050,0.854,0.096
90500,0.050,0.839,0.111
91000,0.050,0.831,0.119
91500,0.050,0.830,0.120
92000,0.050,0.823,0.127
92500,0.050,0.820,0.130
93000,0.050,0.821,0.129
93500,0.050,0.830,0.120
94000,0.050,0.846,0.104
94500,0.050,0.845,0.105
95000,0.050,0.848,0.102
95500,0.050,0.843,0.107
96000,0.050,0.849,0.101
96500,0.050,0.833,0.117
97000,0.050,0.828,0.122
97500,0.050,0.829,0.121
98000,0.050,0.833,0.117
98500,0.050,0.852,0.098
99000,0.050,0.838,0.112
99500,0.050,0.850,0.100
100000,0.050,0.860,0.090
100500,0.050,0.879,0.071
101000,0.050,0.877,0.073
101500,0.050,0.861,0.089
102000,0.050,0.858,0.092
102500,0.050,0.858,0.092
103000,0.050,0.853,0.097
103500,0.051,0.833,0.116
104000,0.051,0.838,0.111
104500,0.050,0.848,0.102
105000,0.050,0.841,0.109
105500,0.050,0.850,0.100
106000,0.050,0.844,0.106
106500,0.050,0.843,0.107
107000,0.050,0.848,0.102
107500,0.050,0.832,0.118
108000,0.050,0.846,0.104
108500,0.050,0.874,0.076
109000,0.050,0.848,0.102
109500,0.050,0.848,0.102
110000,0.050,0.842,0.108
110500,0.051,0.840,0.110
111000,0.051,0.845,0.105
111500,0.050,0.843,0.107
112000,0.050,0.835,0.115
112500,0.050,0.824,0.126
113000,0.050,0.801,0.149
113500,0.050,0.815,0.135
114000,0.050,0.820,0.130
114500,0.050,0.839,0.111
115000,0.051,0.831,0.118
115500,0.051,0.827,0.123
116000,0.050,0.824,0.126
116500,0.050,0.848,0.102
117000,0.050,0.869,0.081
117500,0.050,0.845,0.105
118000,0.050,0.863,0.087
118500,0.050,0.861,0.089
119000,0.050,0.843,0.107
119500,0.050,0.824,0.126
120000,0.050,0.813,0.137
120500,0.050,0.837,0.113
121000,0.050,0.837,0.113
121500,0.050,0.842,0.108
122000,0.050,0.849,0.101
122500,0.050,0.831,0.119
123000,0.050,0.850,0.100
123500,0.050,0.853,0.097
124000,0.050,0.859,0.091
124500,0.050,0.873,0.077
125000,0.050,0.854,0.096
125500,0.050,0.851,0.099
126000,0.050,0.845,0.105
126500,0.050,0.859,0.091
127000,0.050,0.849,0.101
127500,0.050,0.841,0.109
128000,0.050,0.870,0.080
128500,0.050,0.859,0.091
129000,0.050,0.843,0.107
129500,0.050,0.847,0.103
130000,0.050,0.869,0.081
130500,0.050,0.850,0.100
131000,0.050,0.834,0.116
131500,0.050,0.840,0.110
132000,0.050,0.815,0.135
132500,0.050,0.817,0.133
133000,0.050,0.797,0.153
133500,0.050,0.822,0.128
134000,0.050,0.818,0.132
134500,0.050,0.818,0.132
135000,0.050,0.828,0.122
135500,0.050,0.830,0.120
136000,0.050,0.822,0.128
136500,0.050,0.810,0.139
137000,0.051,0.837,0.112
137500,0.051,0.814,0.136
138000,0.050,0.835,0.115
138500,0.050,0.853,0.097
139000,0.050,0.842,0.108
139500,0.050,0.839,0.111
140000,0.050,0.825,0.125
140500,0.050,0.830,0.120
141000,0.050,0.820,0.130
141500,0.050,0.840,0.110
142000,0.050,0.846,0.104
142500,0.050,0.853,0.097
143000,0.050,0.853,0.097
143500,0.050,0.841,0.109
144000,0.050,0.851,0.099
144500,0.050,0.850,0.100
145000,0.050,0.857,0.093
145500,0.050,0.845,0.105
146000,0.050,0.824,0.126
146500,0.050,0.802,0.147
147000,0.050,0.806,0.144
147500,0.051,0.816,0.133
148000,0.051,0.848,0.102
148500,0.051,0.857,0.092
149000,0.051,0.831,0.118
149500,0.051,0.821,0.129
150000,0.050,0.836,0.114
150500,0.050,0.849,0.101
151000,0.050,0.840,0.110
151500,0.050,0.843,0.107
152000,0.050,0.830,0.120
152500,0.050,0.815,0.135
153000,0.050,0.839,0.111
153500,0.050,0.815,0.135
154000,0.050,0.806,0.144
154500,0.050,0.798,0.152
155000,0.050,0.813,0.137
155500,0.050,0.817,0.133
156000,0.050,0.810,0.139
156500,0.050,0.821,0.129
157000,0.050,0.828,0.122
157500,0.050,0.845,0.105
158000,0.050,0.838,0.112
158500,0.050,0.820,0.130
159000,0.050,0.831,0.119
159500,0.050,0.854,0.096
160000,0.050,0.852,0.098
160500,0.050,0.825,0.125
161000,0.050,0.845,0.105
161500,0.050,0.842,0.108
162000,0.050,0.827,0.123
162500,0.050,0.844,0.106
163000,0.050,0.838,0.112
163500,0.050,0.826,0.124
164000,0.050,0.854,0.096
164500,0.050,0.858,0.092
165000,0.050,0.870,0.080
165500,0.050,0.837,0.113
166000,0.050,0.860,0.090
166500,0.050,0.834,0.116
167000,0.050,0.853,0.097
167500,0.050,0.844,0.106
168000,0.050,0.841,0.109
168500,0.050,0.835,0.115
169000,0.050,0.853,0.097
169500,0.050,0.843,0.107
170000,0.050,0.863,0.087
170500,0.050,0.853,0.097
171000,0.050,0.851,0.099
171500,0.050,0.838,0.112
172000,0.050,0.845,0.105
172500,0.050,0.850,0.100
173000,0.050,0.826,0.124
173500,0.050,0.823,0.127
174000,0.050,0.818,0.132
174500,0.050,0.823,0.127
175000,0.050,0.838,0.112
175500,0.050,0.854,0.096
176000,0.050,0.840,0.110
176500,0.050,0.825,0.125
177000,0.050,0.826,0.124
177500,0.050,0.835,0.115
178000,0.050,0.837,0.113
178500,0.050,0.843,0.107
179000,0.050,0.843,0.107
179500,0.050,0.852,0.098
180000,0.050,0.847,0.103
180500,0.050,0.831,0.119
181000,0.050,0.838,0.112
181500,0.050,0.832,0.118
182000,0.050,0.844,0.106
182500,0.050,0.841,0.109
183000,0.050,0.845,0.105
183500,0.050,0.852,0.098
184000,0.050,0.861,0.089
184500,0.050,0.847,0.103
185000,0.050,0.841,0.109
185500,0.050,0.839,0.111
186000,0.050,0.826,0.124
186500,0.050,0.821,0.129
187000,0.050,0.823,0.127
187500,0.050,0.847,0.103
188000,0.050,0.841,0.109
188500,0.050,0.842,0.108
189000,0.050,0.842,0.108
189500,0.050,0.842,0.108
190000,0.050,0.837,0.113
190500,0.050,0.844,0.106
191000,0.050,0.852,0.098
191500,0.050,0.845,0.105
192000,0.050,0.842,0.108
192500,0.050,0.863,0.087
193000,0.050,0.866,0.084
193500,0.050,0.845,0.105
194000,0.050,0.836,0.114
194500,0.050,0.824,0.126
195000,0.050,0.835,0.115
195500,0.050,0.814,0.136
196000,0.050,0.822,0.128
196500,0.051,0.816,0.133
197000,0.051,0.822,0.128
197500,0.051,0.814,0.136
198000,0.051,0.825,0.125
198500,0.050,0.827,0.123
199000,0.050,0.847,0.103
199500,0.050,0.850,0.100
200000,0.050,0.839,0.111
200500,0.050,0.829,0.121
201000,0.050,0.844,0.106
201500,0.050,0.830,0.120
202000,0.050,0.829,0.121
202500,0.050,0.841,0.109
203000,0.050,0.842,0.108
203500,0.050,0.840,0.110
204000,0.050,0.840,0.110
204500,0.050,0.850,0.100
205000,0.050,0.846,0.104
205500,0.050,0.832,0.118
206000,0.050,0.848,0.102
206500,0.050,0.853,0.097
207000,0.050,0.843,0.107
207500,0.050,0.856,0.094
208000,0.050,0.869,0.081
208500,0.050,0.855,0.095
209000,0.050,0.835,0.115
209500,0.050,0.825,0.125
210000,0.050,0.839,0.111
210500,0.050,0.839,0.111
211000,0.050,0.843,0.107
211500,0.050,0.850,0.100
212000,0.050,0.858,0.092
212500,0.050,0.868,0.082
213000,0.050,0.867,0.083
213500,0.050,0.871,0.079
214000,0.050,0.860,0.090
214500,0.050,0.865,0.085
215000,0.050,0.849,0.101
215500,0.050,0.850,0.100
216000,0.050,0.870,0.080
216500,0.050,0.853,0.097
217000,0.050,0.833,0.117
217500,0.050,0.845,0.105
218000,0.050,0.850,0.100
218500,0.050,0.847,0.103
219000,0.050,0.861,0.089
219500,0.050,0.887,0.062
220000,0.050,0.863,0.087
220500,0.050,0.863,0.087
221000,0.050,0.849,0.101
221500,0.050,0.847,0.103
222000,0.050,0.858,0.092
222500,0.050,0.840,0.110
223000,0.050,0.845,0.105
223500,0.050,0.846,0.104
224000,0.050,0.839,0.111
224500,0.050,0.839,0.111
225000,0.050,0.859,0.091
225500,0.050,0.859,0.091
226000,0.050,0.846,0.104
226500,0.050,0.843,0.107
227000,0.050,0.856,0.094
227500,0.050,0.831,0.119
228000,0.050,0.819,0.131
228500,0.050,0.807,0.142
229000,0.052,0.851,0.097
229500,0.051,0.843,0.107
230000,0.050,0.816,0.134
230500,0.050,0.836,0.114
231000,0.050,0.829,0.121
231500,0.050,0.845,0.105
232000,0.050,0.830,0.120
232500,0.050,0.842,0.108
233000,0.050,0.837,0.113
233500,0.050,0.846,0.104
234000,0.052,0.832,0.116
234500,0.051,0.826,0.124
235000,0.050,0.834,0.116
235500,0.050,0.840,0.110
236000,0.050,0.819,0.131
236500,0.050,0.825,0.125
237000,0.050,0.836,0.114
237500,0.050,0.828,0.122
238000,0.050,0.818,0.132
238500,0.050,0.813,0.137
239000,0.050,0.788,0.162
239500,0.050,0.803,0.147
240000,0.050,0.819,0.131
240500,0.050,0.828,0.122
241000,0.050,0.818,0.132
241500,0.050,0.822,0.128
242000,0.050,0.827,0.123
242500,0.050,0.828,0.122
243000,0.050,0.836,0.114
243500,0.050,0.816,0.134
244000,0.051,0.824,0.125
244500,0.051,0.829,0.120
245000,0.051,0.823,0.126
245500,0.051,0.840,0.110
246000,0.050,0.840,0.110
246500,0.050,0.857,0.093
247000,0.050,0.859,0.091
247500,0.050,0.867,0.083
248000,0.050,0.869,0.081
248500,0.050,0.859,0.091
249000,0.050,0.850,0.100
249500,0.050,0.860,0.090
250000,0.050,0.868,0.082
250500,0.050,0.865,0.085
251000,0.050,0.826,0.124
251500,0.050,0.812,0.138
252000,0.050,0.836,0.114
252500,0.050,0.858,0.092
253000,0.050,0.851,0.099
253500,0.050,0.870,0.080
254000,0.050,0.865,0.085
254500,0.050,0.865,0.085
255000,0.050,0.830,0.120
255500,0.050,0.838,0.112
256000,0.050,0.841,0.109
256500,0.050,0.828,0.122
257000,0.050,0.845,0.105
257500,0.050,0.857,0.093
258000,0.050,0.854,0.096
258500,0.050,0.867,0.083
259000,0.050,0.841,0.109
259500,0.050,0.857,0.093
260000,0.050,0.848,0.102
260500,0.050,0.867,0.083
261000,0.050,0.874,0.076
261500,0.050,0.868,0.082
262000,0.050,0.862,0.088
262500,0.050,0.862,0.088
263000,0.050,0.829,0.121
263500,0.050,0.821,0.129
264000,0.050,0.810,0.140
264500,0.050,0.787,0.163
265000,0.051,0.804,0.144
265500,0.051,0.826,0.123
266000,0.050,0.825,0.125
266500,0.050,0.816,0.134
267000,0.050,0.851,0.099
267500,0.050,0.847,0.103
268000,0.050,0.861,0.089
268500,0.050,0.842,0.108
269000,0.050,0.856,0.094
269500,0.050,0.835,0.115
270000,0.050,0.823,0.127
270500,0.050,0.822,0.128
271000,0.050,0.828,0.122
271500,0.050,0.831,0.119
272000,0.050,0.818,0.132
272500,0.050,0.830,0.120
273000,0.050,0.839,0.111
273500,0.050,0.845,0.105
274000,0.050,0.833,0.117
274500,0.050,0.833,0.117
275000,0.050,0.821,0.129
275500,0.050,0.827,0.123
276000,0.050,0.832,0.118
276500,0.050,0.833,0.117
277000,0.051,0.839,0.110
277500,0.051,0.841,0.109
278000,0.050,0.874,0.076
278500,0.050,0.857,0.093
279000,0.050,0.846,0.104
279500,0.050,0.846,0.104
280000,0.050,0.863,0.087
280500,0.050,0.854,0.096
281000,0.050,0.825,0.125
281500,0.051,0.828,0.122
282000,0.050,0.839,0.111
282500,0.050,0.839,0.111
283000,0.050,0.855,0.095
283500,0.050,0.874,0.076
284000,0.050,0.875,0.075
284500,0.050,0.857,0.093
285000,0.050,0.862,0.088
285500,0.050,0.869,0.081
286000,0.050,0.846,0.104
286500,0.050,0.821,0.129
287000,0.050,0.840,0.110
287500,0.052,0.838,0.110
288000,0.052,0.816,0.132
288500,0.051,0.824,0.125
289000,0.051,0.829,0.120
289500,0.051,0.831,0.119
290000,0.051,0.851,0.099
290500,0.050,0.856,0.094
291000,0.050,0.859,0.091
291500,0.050,0.866,0.084
292000,0.050,0.855,0.095
292500,0.050,0.849,0.101
293000,0.050,0.844,0.106
293500,0.050,0.821,0.129
294000,0.050,0.813,0.137
294500,0.050,0.828,0.122
295000,0.050,0.837,0.113
295500,0.050,0.803,0.147
296000,0.051,0.819,0.130
296500,0.051,0.836,0.113
297000,0.050,0.839,0.111
297500,0.051,0.840,0.110
298000,0.050,0.821,0.129
298500,0.050,0.821,0.129
299000,0.050,0.832,0.118
299500,0.050,0.823,0.127
300000,0.050,0.846,0.104
300500,0.050,0.838,0.112
301000,0.050,0.820,0.130
301500,0.050,0.822,0.128
302000,0.050,0.808,0.141
302500,0.050,0.835,0.115
303000,0.050,0.845,0.105
303500,0.050,0.833,0.117
304000,0.050,0.846,0.104
304500,0.050,0.850,0.100
305000,0.050,0.851,0.099
305500,0.050,0.848,0.102
306000,0.050,0.842,0.108
306500,0.050,0.862,0.088
307000,0.050,0.863,0.087
307500,0.050,0.849,0.101
308000,0.050,0.864,0.086
308500,0.050,0.831,0.119
309000,0.050,0.841,0.109
309500,0.050,0.851,0.099
310000,0.050,0.848,0.102
310500,0.050,0.861,0.089
311000,0.050,0.857,0.093
311500,0.050,0.852,0.098
312000,0.050,0.843,0.107
312500,0.050,0.832,0.118
313000,0.050,0.853,0.097
313500,0.050,0.835,0.115
314000,0.050,0.845,0.105
314500,0.050,0.839,0.111
315000,0.050,0.836,0.114
315500,0.050,0.831,0.119
316000,0.050,0.827,0.123
316500,0.051,0.830,0.119
317000,0.051,0.824,0.126
317500,0.050,0.814,0.136
318000,0.050,0.841,0.109
318500,0.050,0.838,0.112
319000,0.050,0.834,0.116
319500,0.050,0.839,0.111
320000,0.050,0.844,0.106
320500,0.050,0.834,0.116
321000,0.050,0.834,0.116
321500,0.050,0.833,0.117
322000,0.050,0.838,0.112
322500,0.050,0.854,0.096
323000,0.050,0.839,0.111
323500,0.050,0.857,0.093
324000,0.050,0.862,0.088
324500,0.050,0.871,0.079
325000,0.050,0.855,0.095
325500,0.050,0.851,0.099
326000,0.050,0.865,0.085
326500,0.050,0.851,0.099
327000,0.050,0.853,0.097
327500,0.050,0.866,0.084
328000,0.050,0.857,0.093
328500,0.050,0.846,0.104
329000,0.050,0.862,0.088
329500,0.050,0.846,0.104
330000,0.050,0.856,0.094
330500,0.050,0.836,0.114
331000,0.050,0.824,0.126
331500,0.050,0.820,0.130
332000,0.050,0.803,0.146
332500,0.050,0.823,0.127
333000,0.050,0.823,0.127
333500,0.050,0.847,0.103
334000,0.050,0.837,0.113
334500,0.050,0.825,0.125
335000,0.050,0.828,0.122
335500,0.050,0.856,0.094
336000,0.050,0.847,0.103
336500,0.050,0.859,0.091
337000,0.050,0.869,0.081
337500,0.050,0.856,0.094
338000,0.050,0.832,0.118
338500,0.050,0.858,0.092
339000,0.050,0.853,0.097
339500,0.050,0.845,0.105
340000,0.050,0.828,0.122
340500,0.050,0.831,0.119
341000,0.050,0.834,0.116
341500,0.050,0.854,0.096
342000,0.050,0.844,0.106
342500,0.050,0.807,0.143
343000,0.052,0.837,0.111
343500,0.051,0.846,0.104
344000,0.051,0.819,0.131
344500,0.050,0.838,0.112
345000,0.050,0.828,0.122
345500,0.050,0.815,0.135
346000,0.050,0.827,0.123
346500,0.050,0.842,0.108
347000,0.050,0.828,0.122
347500,0.050,0.830,0.120
348000,0.050,0.842,0.108
348500,0.050,0.852,0.098
349000,0.050,0.848,0.102
349500,0.050,0.852,0.098
350000,0.050,0.858,0.092
350500,0.050,0.873,0.077
351000,0.050,0.868,0.082
351500,0.050,0.855,0.095
352000,0.050,0.875,0.075
352500,0.050,0.879,0.071
353000,0.050,0.865,0.085
353500,0.050,0.871,0.079
354000,0.050,0.849,0.101
354500,0.050,0.839,0.111
355000,0.050,0.845,0.105
355500,0.050,0.828,0.122
356000,0.050,0.848,0.102
356500,0.050,0.824,0.126
357000,0.050,0.822,0.128
357500,0.050,0.846,0.104
358000,0.050,0.828,0.122
358500,0.050,0.831,0.119
359000,0.050,0.847,0.103
359500,0.050,0.846,0.104
360000,0.050,0.850,0.100
360500,0.050,0.847,0.103
361000,0.050,0.834,0.116
361500,0.050,0.826,0.124
362000,0.050,0.804,0.146
362500,0.051,0.814,0.136
363000,0.051,0.819,0.131
363500,0.050,0.837,0.113
364000,0.050,0.824,0.126
364500,0.050,0.832,0.118
365000,0.050,0.858,0.092
365500,0.050,0.839,0.111
366000,0.050,0.847,0.103
366500,0.051,0.842,0.107
367000,0.051,0.834,0.115
367500,0.051,0.828,0.121
368000,0.051,0.834,0.116
368500,0.051,0.854,0.096
369000,0.050,0.872,0.078
369500,0.050,0.853,0.097
370000,0.050,0.859,0.091
370500,0.050,0.855,0.095
371000,0.050,0.865,0.085
371500,0.050,0.839,0.111
372000,0.050,0.849,0.101
372500,0.050,0.853,0.097
373000,0.050,0.832,0.118
373500,0.050,0.843,0.107
374000,0.050,0.824,0.126
374500,0.050,0.826,0.124
375000,0.051,0.820,0.129
375500,0.051,0.826,0.124
376000,0.051,0.832,0.118
376500,0.051,0.824,0.126
377000,0.051,0.847,0.103
377500,0.051,0.854,0.096
378000,0.050,0.874,0.076
378500,0.050,0.858,0.092
379000,0.050,0.862,0.088
379500,0.050,0.832,0.118
380000,0.050,0.835,0.115
380500,0.050,0.827,0.123
381000,0.051,0.825,0.125
381500,0.051,0.822,0.127
382000,0.051,0.832,0.118
382500,0.051,0.808,0.141
383000,0.051,0.827,0.123
383500,0.050,0.852,0.098
384000,0.050,0.848,0.102
384500,0.050,0.843,0.107
385000,0.051,0.830,0.119
385500,0.050,0.838,0.112
386000,0.050,0.837,0.113
386500,0.050,0.849,0.101
387000,0.050,0.842,0.108
387500,0.050,0.846,0.104
388000,0.050,0.848,0.102
388500,0.050,0.854,0.096
389000,0.050,0.861,0.089
389500,0.050,0.875,0.075
390000,0.050,0.863,0.087
390500,0.050,0.858,0.092
391000,0.050,0.855,0.095
391500,0.050,0.853,0.097
392000,0.050,0.827,0.123
392500,0.050,0.835,0.115
393000,0.051,0.845,0.104
393500,0.050,0.857,0.093
394000,0.050,0.838,0.112
394500,0.050,0.842,0.108
395000,0.050,0.844,0.106
395500,0.050,0.849,0.101
396000,0.050,0.842,0.108
396500,0.050,0.820,0.130
397000,0.050,0.825,0.125
397500,0.050,0.825,0.125
398000,0.050,0.836,0.114
398500,0.050,0.825,0.125
399000,0.050,0.838,0.112
399500,0.050,0.843,0.107
400000,0.050,0.838,0.112
400500,0.050,0.840,0.110
401000,0.050,0.836,0.114
401500,0.050,0.838,0.112
402000,0.050,0.842,0.108
402500,0.050,0.842,0.108
403000,0.050,0.842,0.108
403500,0.050,0.826,0.124
404000,0.050,0.811,0.139
404500,0.050,0.812,0.138
405000,0.050,0.840,0.110
405500,0.050,0.810,0.139
406000,0.050,0.800,0.150
406500,0.050,0.832,0.118
407000,0.050,0.836,0.114
407500,0.050,0.841,0.109
408000,0.050,0.841,0.109
408500,0.050,0.833,0.117
409000,0.050,0.846,0.104
409500,0.050,0.853,0.097
410000,0.050,0.835,0.115
410500,0.050,0.851,0.099
411000,0.050,0.835,0.115
411500,0.050,0.839,0.111
412000,0.050,0.833,0.117
412500,0.050,0.838,0.112
413000,0.050,0.863,0.087
413500,0.050,0.870,0.080
414000,0.050,0.850,0.100
414500,0.050,0.854,0.096
415000,0.050,0.828,0.122
415500,0.050,0.851,0.099
416000,0.050,0.837,0.113
416500,0.050,0.837,0.113
417000,0.050,0.830,0.120
417500,0.050,0.830,0.120
418000,0.050,0.839,0.111
418500,0.050,0.835,0.115
419000,0.050,0.855,0.095
419500,0.050,0.863,0.087
420000,0.050,0.854,0.096
420500,0.050,0.842,0.108
421000,0.050,0.850,0.100
421500,0.050,0.847,0.103
422000,0.050,0.835,0.115
422500,0.050,0.840,0.110
423000,0.050,0.850,0.100
423500,0.050,0.837,0.113
424000,0.050,0.826,0.124
424500,0.051,0.846,0.103
425000,0.051,0.862,0.088
425500,0.051,0.860,0.090
426000,0.051,0.856,0.094
426500,0.050,0.819,0.131
427000,0.050,0.823,0.127
427500,0.050,0.807,0.142
428000,0.052,0.806,0.142
428500,0.051,0.826,0.123
429000,0.051,0.851,0.099
429500,0.050,0.855,0.095
430000,0.050,0.823,0.127
430500,0.050,0.827,0.123
431000,0.050,0.841,0.109
431500,0.050,0.857,0.093
432000,0.050,0.849,0.101
432500,0.050,0.847,0.103
433000,0.050,0.807,0.142
433500,0.050,0.816,0.134
434000,0.050,0.819,0.131
434500,0.050,0.839,0.111
435000,0.050,0.840,0.110
435500,0.050,0.828,0.122
436000,0.050,0.836,0.114
436500,0.050,0.845,0.105
437000,0.050,0.839,0.111
437500,0.050,0.843,0.107
438000,0.050,0.814,0.136
438500,0.050,0.822,0.128
439000,0.050,0.830,0.120
439500,0.050,0.826,0.124
440000,0.050,0.820,0.130
440500,0.050,0.815,0.135
441000,0.050,0.846,0.104
441500,0.050,0.865,0.085
442000,0.050,0.857,0.093
442500,0.050,0.852,0.098
443000,0.050,0.847,0.103
443500,0.050,0.836,0.114
444000,0.050,0.861,0.089
444500,0.050,0.858,0.092
445000,0.050,0.861,0.089
445500,0.050,0.849,0.101
446000,0.050,0.846,0.104
446500,0.050,0.843,0.107
447000,0.050,0.832,0.118
447500,0.050,0.835,0.115
448000,0.050,0.840,0.110
448500,0.050,0.839,0.111
449000,0.050,0.839,0.111
449500,0.050,0.846,0.104
450000,0.050,0.812,0.137
450500,0.050,0.799,0.151
451000,0.050,0.816,0.134
451500,0.050,0.813,0.137
452000,0.050,0.821,0.129
452500,0.050,0.814,0.136
453000,0.050,0.847,0.103
453500,0.050,0.848,0.102
454000,0.050,0.853,0.097
454500,0.050,0.857,0.093
455000,0.050,0.842,0.108
455500,0.050,0.826,0.124
456000,0.050,0.835,0.115
456500,0.050,0.840,0.110
457000,0.050,0.844,0.106
457500,0.050,0.832,0.118
458000,0.050,0.820,0.130
458500,0.050,0.826,0.124
459000,0.051,0.823,0.127
459500,0.050,0.812,0.138
460000,0.050,0.842,0.108
460500,0.050,0.834,0.116
461000,0.050,0.829,0.121
461500,0.050,0.821,0.129
462000,0.050,0.823,0.127
462500,0.050,0.832,0.118
463000,0.050,0.843,0.107
463500,0.050,0.834,0.116
464000,0.050,0.829,0.121
464500,0.050,0.832,0.118
465000,0.050,0.823,0.127
465500,0.050,0.841,0.109
466000,0.050,0.848,0.102
466500,0.050,0.858,0.092
467000,0.050,0.843,0.107
467500,0.050,0.854,0.096
468000,0.050,0.867,0.083
468500,0.050,0.851,0.099
469000,0.050,0.846,0.104
469500,0.050,0.848,0.102
470000,0.050,0.841,0.109
470500,0.050,0.847,0.103
471000,0.050,0.831,0.119
471500,0.050,0.843,0.107
472000,0.050,0.817,0.133
472500,0.050,0.852,0.098
473000,0.050,0.830,0.120
473500,0.050,0.829,0.121
474000,0.050,0.838,0.112
474500,0.050,0.827,0.123
475000,0.050,0.839,0.111
475500,0.050,0.838,0.112
476000,0.050,0.851,0.099
476500,0.050,0.845,0.105
477000,0.050,0.857,0.093
477500,0.050,0.853,0.097
478000,0.050,0.839,0.111
478500,0.050,0.850,0.100
479000,0.050,0.846,0.104
479500,0.050,0.856,0.094
480000,0.050,0.848,0.102
480500,0.050,0.837,0.113
481000,0.050,0.827,0.123
481500,0.050,0.859,0.091
482000,0.050,0.857,0.093
482500,0.050,0.842,0.108
483000,0.050,0.854,0.096
483500,0.050,0.841,0.109
484000,0.050,0.825,0.125
484500,0.050,0.819,0.131
485000,0.051,0.825,0.124
485500,0.050,0.833,0.117
486000,0.050,0.843,0.107
486500,0.050,0.844,0.106
487000,0.050,0.844,0.106
487500,0.050,0.849,0.101
488000,0.050,0.843,0.107
488500,0.050,0.842,0.108
489000,0.050,0.848,0.102
489500,0.050,0.855,0.095
490000,0.050,0.839,0.111
490500,0.050,0.843,0.107
491000,0.051,0.844,0.105
491500,0.051,0.832,0.117
492000,0.050,0.823,0.127
492500,0.050,0.812,0.138
493000,0.050,0.814,0.136
493500,0.050,0.805,0.144
494000,0.050,0.821,0.129
494500,0.050,0.850,0.100
495000,0.050,0.871,0.079
495500,0.050,0.836,0.114
496000,0.050,0.846,0.104
496500,0.051,0.845,0.104
497000,0.051,0.848,0.102
497500,0.050,0.839,0.111
498000,0.050,0.837,0.113
498500,0.050,0.839,0.111
499000,0.050,0.826,0.124
499500,0.050,0.824,0.126
500000,0.050,0.836,0.114
500500,0.050,0.830,0.120
501000,0.050,0.832,0.118
501500,0.050,0.835,0.115
502000,0.050,0.850,0.100
502500,0.050,0.859,0.091
503000,0.050,0.852,0.098
503500,0.050,0.844,0.106
504000,0.050,0.841,0.109
504500,0.050,0.850,0.100
505000,0.050,0.855,0.095
505500,0.050,0.863,0.087
506000,0.050,0.850,0.100
506500,0.050,0.825,0.125
507000,0.050,0.824,0.126
507500,0.050,0.830,0.120
508000,0.050,0.843,0.107
508500,0.050,0.816,0.134
509000,0.050,0.822,0.128
509500,0.050,0.827,0.123
510000,0.050,0.834,0.116
510500,0.050,0.815,0.135
511000,0.050,0.843,0.107
511500,0.050,0.851,0.099
512000,0.050,0.830,0.120
512500,0.050,0.846,0.104
513000,0.050,0.821,0.129
513500,0.050,0.832,0.118
514000,0.050,0.851,0.099
514500,0.050,0.847,0.103
515000,0.050,0.835,0.115
515500,0.050,0.834,0.116
516000,0.050,0.836,0.114
516500,0.050,0.835,0.115
517000,0.050,0.844,0.106
517500,0.050,0.857,0.093
518000,0.050,0.856,0.094
518500,0.050,0.856,0.094
519000,0.050,0.867,0.083
519500,0.050,0.847,0.103
520000,0.050,0.833,0.117
520500,0.050,0.828,0.122
521000,0.050,0.844,0.106
521500,0.050,0.854,0.096
522000,0.050,0.849,0.101
522500,0.050,0.830,0.120
523000,0.050,0.855,0.095
523500,0.050,0.835,0.115
524000,0.050,0.854,0.096
524500,0.050,0.862,0.088
525000,0.051,0.845,0.104
525500,0.051,0.840,0.110
526000,0.050,0.817,0.133
526500,0.052,0.823,0.125
527000,0.051,0.828,0.121
527500,0.051,0.833,0.117
528000,0.050,0.850,0.100
528500,0.050,0.834,0.116
529000,0.050,0.837,0.113
529500,0.050,0.839,0.111
530000,0.050,0.844,0.106
530500,0.050,0.843,0.107
531000,0.050,0.826,0.124
531500,0.050,0.823,0.127
532000,0.050,0.839,0.111
532500,0.050,0.861,0.089
533000,0.050,0.836,0.114
533500,0.050,0.851,0.099
534000,0.050,0.847,0.103
534500,0.050,0.837,0.113
535000,0.050,0.862,0.088
535500,0.050,0.857,0.093
536000,0.050,0.840,0.110
536500,0.050,0.832,0.118
537000,0.050,0.832,0.118
537500,0.050,0.810,0.140
538000,0.050,0.804,0.145
538500,0.050,0.806,0.143
539000,0.050,0.833,0.117
539500,0.050,0.862,0.088
540000,0.050,0.854,0.096
540500,0.050,0.864,0.086
541000,0.050,0.830,0.120
541500,0.050,0.848,0.102
542000,0.051,0.838,0.111
542500,0.051,0.841,0.108
543000,0.051,0.848,0.102
543500,0.050,0.836,0.114
544000,0.050,0.838,0.112
544500,0.050,0.836,0.114
545000,0.050,0.836,0.114
545500,0.050,0.830,0.120
546000,0.050,0.820,0.130
546500,0.050,0.853,0.097
547000,0.050,0.842,0.108
547500,0.050,0.857,0.093
548000,0.050,0.862,0.088
548500,0.050,0.854,0.096
549000,0.050,0.847,0.103
549500,0.050,0.824,0.126
550000,0.050,0.828,0.122
550500,0.050,0.841,0.109
551000,0.050,0.824,0.126
551500,0.050,0.802,0.147
552000,0.050,0.797,0.153
552500,0.050,0.792,0.157
553000,0.050,0.789,0.161
553500,0.050,0.794,0.155
554000,0.050,0.796,0.154
554500,0.050,0.817,0.133
555000,0.050,0.835,0.115
555500,0.050,0.846,0.104
556000,0.050,0.860,0.090
556500,0.050,0.839,0.111
557000,0.050,0.838,0.112
557500,0.050,0.841,0.109
558000,0.050,0.842,0.108
558500,0.050,0.842,0.108
559000,0.050,0.830,0.120
559500,0.050,0.855,0.095
560000,0.050,0.852,0.098
560500,0.050,0.838,0.112
561000,0.050,0.827,0.123
561500,0.050,0.838,0.112
562000,0.050,0.841,0.109
562500,0.050,0.830,0.120
563000,0.052,0.833,0.115
563500,0.051,0.855,0.094
564000,0.051,0.837,0.113
564500,0.051,0.829,0.121
565000,0.050,0.848,0.102
565500,0.050,0.860,0.090
566000,0.050,0.869,0.081
566500,0.050,0.858,0.092
567000,0.050,0.857,0.093
567500,0.050,0.865,0.085
568000,0.050,0.855,0.095
568500,0.050,0.841,0.109
569000,0.050,0.844,0.106
569500,0.050,0.829,0.121
570000,0.050,0.825,0.125
570500,0.050,0.828,0.122
571000,0.050,0.822,0.128
571500,0.050,0.832,0.118
572000,0.050,0.844,0.106
572500,0.051,0.854,0.095
573000,0.051,0.864,0.085
573500,0.050,0.848,0.102
574000,0.050,0.829,0.121
574500,0.050,0.818,0.132
575000,0.050,0.819,0.131
575500,0.050,0.835,0.115
576000,0.050,0.824,0.126
576500,0.050,0.827,0.123
577000,0.050,0.818,0.132
577500,0.050,0.835,0.115
578000,0.050,0.820,0.130
578500,0.050,0.841,0.109
579000,0.050,0.824,0.126
579500,0.050,0.828,0.122
580000,0.050,0.833,0.117
580500,0.050,0.862,0.088
581000,0.050,0.864,0.086
581500,0.050,0.865,0.085
582000,0.050,0.864,0.086
582500,0.050,0.848,0.102
583000,0.050,0.860,0.090
583500,0.050,0.839,0.111
584000,0.050,0.861,0.089
584500,0.050,0.862,0.088
585000,0.050,0.873,0.077
585500,0.050,0.873,0.077
586000,0.050,0.867,0.083
586500,0.050,0.873,0.077
587000,0.050,0.841,0.109
587500,0.050,0.821,0.129
588000,0.050,0.848,0.102
588500,0.050,0.837,0.113
589000,0.051,0.824,0.125
589500,0.051,0.806,0.143
590000,0.050,0.797,0.152
590500,0.050,0.819,0.131
591000,0.050,0.810,0.140
591500,0.051,0.809,0.139
592000,0.050,0.826,0.124
592500,0.050,0.844,0.106
593000,0.050,0.881,0.069
593500,0.050,0.876,0.074
594000,0.050,0.849,0.101
594500,0.050,0.839,0.111
595000,0.050,0.834,0.116
595500,0.050,0.835,0.115
596000,0.050,0.844,0.106
596500,0.050,0.839,0.111
597000,0.050,0.834,0.116
597500,0.051,0.834,0.115
598000,0.050,0.829,0.121
598500,0.050,0.810,0.139
599000,0.050,0.832,0.118
599500,0.050,0.868,0.082
600000,0.050,0.862,0.088
600500,0.050,0.866,0.084
601000,0.050,0.856,0.094
601500,0.050,0.852,0.098
602000,0.050,0.861,0.089
602500,0.050,0.857,0.093
603000,0.050,0.849,0.101
603500,0.050,0.837,0.113
604000,0.050,0.857,0.093
604500,0.050,0.864,0.086
605000,0.050,0.853,0.097
605500,0.050,0.857,0.093
606000,0.050,0.860,0.090
606500,0.050,0.849,0.101
607000,0.050,0.848,0.102
607500,0.050,0.839,0.111
608000,0.050,0.849,0.101
608500,0.050,0.835,0.115
609000,0.050,0.855,0.095
609500,0.050,0.865,0.085
610000,0.050,0.869,0.081
610500,0.050,0.861,0.089
611000,0.050,0.845,0.105
611500,0.050,0.832,0.118
612000,0.050,0.820,0.130
612500,0.050,0.840,0.110
613000,0.050,0.829,0.121
613500,0.050,0.848,0.102
614000,0.050,0.854,0.096
614500,0.050,0.857,0.093
615000,0.050,0.848,0.102
615500,0.050,0.844,0.106
616000,0.050,0.839,0.111
616500,0.050,0.822,0.128
617000,0.050,0.839,0.111
617500,0.050,0.829,0.121
618000,0.050,0.804,0.146
618500,0.050,0.812,0.137
619000,0.050,0.812,0.138
619500,0.050,0.830,0.120
620000,0.052,0.832,0.116
620500,0.051,0.819,0.131
621000,0.050,0.840,0.110
621500,0.050,0.848,0.102
622000,0.050,0.838,0.112
622500,0.050,0.862,0.088
623000,0.050,0.876,0.074
623500,0.050,0.869,0.081
624000,0.050,0.851,0.099
624500,0.050,0.844,0.106
625000,0.050,0.839,0.111
625500,0.050,0.848,0.102
626000,0.050,0.854,0.096
626500,0.050,0.843,0.107
627000,0.050,0.837,0.113
627500,0.050,0.840,0.110
628000,0.050,0.827,0.123
628500,0.050,0.842,0.108
629000,0.050,0.828,0.122
629500,0.050,0.834,0.116
630000,0.051,0.854,0.096
630500,0.050,0.844,0.106
631000,0.050,0.844,0.106
631500,0.050,0.843,0.107
632000,0.050,0.832,0.118
632500,0.050,0.833,0.117
633000,0.050,0.848,0.102
633500,0.050,0.838,0.112
634000,0.050,0.842,0.108
634500,0.050,0.834,0.116
635000,0.050,0.837,0.113
635500,0.050,0.832,0.118
636000,0.050,0.856,0.094
636500,0.050,0.873,0.077
637000,0.050,0.867,0.083
637500,0.050,0.859,0.091
638000,0.050,0.837,0.113
638500,0.050,0.851,0.099
639000,0.050,0.840,0.110
639500,0.050,0.844,0.106
640000,0.050,0.834,0.116
640500,0.050,0.837,0.113
641000,0.050,0.845,0.105
641500,0.050,0.861,0.089
642000,0.050,0.865,0.085
642500,0.050,0.867,0.083
643000,0.050,0.848,0.102
643500,0.050,0.856,0.094
644000,0.050,0.865,0.085
644500,0.050,0.845,0.105
645000,0.050,0.854,0.096
645500,0.050,0.865,0.085
646000,0.050,0.858,0.092
646500,0.050,0.843,0.107
647000,0.050,0.822,0.128
647500,0.051,0.813,0.136
648000,0.051,0.819,0.131
648500,0.050,0.820,0.130
649000,0.050,0.831,0.119
649500,0.050,0.839,0.111
650000,0.050,0.855,0.095
650500,0.050,0.860,0.090
651000,0.050,0.843,0.107
651500,0.050,0.848,0.102
652000,0.050,0.846,0.104
652500,0.050,0.843,0.107
653000,0.050,0.856,0.094
653500,0.050,0.844,0.106
654000,0.050,0.869,0.081
654500,0.050,0.869,0.081
655000,0.050,0.874,0.076
655500,0.050,0.866,0.084
656000,0.050,0.867,0.083
656500,0.050,0.863,0.087
657000,0.050,0.865,0.085
657500,0.050,0.864,0.086
658000,0.050,0.844,0.106
658500,0.050,0.827,0.123
659000,0.051,0.827,0.122
659500,0.051,0.831,0.118
660000,0.051,0.845,0.105
660500,0.050,0.854,0.096
661000,0.050,0.821,0.129
661500,0.050,0.818,0.132
662000,0.050,0.812,0.137
662500,0.050,0.837,0.113
663000,0.050,0.836,0.114
663500,0.050,0.843,0.107
664000,0.050,0.843,0.107
664500,0.050,0.844,0.106
665000,0.050,0.855,0.095
665500,0.050,0.849,0.101
666000,0.050,0.863,0.087
666500,0.050,0.875,0.075
667000,0.050,0.859,0.091
667500,0.050,0.860,0.090
668000,0.051,0.851,0.099
668500,0.050,0.839,0.111
669000,0.050,0.836,0.114
669500,0.050,0.848,0.102
670000,0.050,0.840,0.110
670500,0.050,0.848,0.102
671000,0.050,0.833,0.117
671500,0.050,0.854,0.096
672000,0.050,0.838,0.112
672500,0.050,0.828,0.122
673000,0.050,0.814,0.136
673500,0.050,0.855,0.095
674000,0.051,0.859,0.091
674500,0.051,0.869,0.081
675000,0.050,0.853,0.097
675500,0.050,0.845,0.105
676000,0.050,0.838,0.112
676500,0.050,0.821,0.129
677000,0.050,0.850,0.100
677500,0.050,0.854,0.096
678000,0.050,0.855,0.095
678500,0.050,0.853,0.097
679000,0.050,0.830,0.120
679500,0.050,0.820,0.130
680000,0.050,0.820,0.130
680500,0.050,0.828,0.122
681000,0.050,0.838,0.112
681500,0.050,0.829,0.121
682000,0.050,0.834,0.116
682500,0.050,0.848,0.102
683000,0.050,0.841,0.109
683500,0.050,0.832,0.118
684000,0.050,0.811,0.138
684500,0.050,0.825,0.125
685000,0.050,0.821,0.129
685500,0.050,0.831,0.119
686000,0.050,0.846,0.104
686500,0.050,0.858,0.092
687000,0.050,0.856,0.094
687500,0.050,0.872,0.078
688000,0.050,0.856,0.094
688500,0.050,0.860,0.090
689000,0.050,0.863,0.087
689500,0.050,0.862,0.088
690000,0.050,0.859,0.091
690500,0.050,0.842,0.108
691000,0.050,0.860,0.090
691500,0.050,0.869,0.081
692000,0.051,0.856,0.093
692500,0.051,0.840,0.110
693000,0.050,0.850,0.100
693500,0.050,0.860,0.090
694000,0.050,0.848,0.102
694500,0.050,0.856,0.094
695000,0.050,0.850,0.100
695500,0.050,0.850,0.100
696000,0.050,0.842,0.108
696500,0.050,0.827,0.123
697000,0.050,0.836,0.114
697500,0.050,0.842,0.108
698000,0.050,0.843,0.107
698500,0.050,0.832,0.118
699000,0.050,0.838,0.112
699500,0.050,0.834,0.116
700000,0.050,0.855,0.095
700500,0.050,0.851,0.099
701000,0.050,0.825,0.125
701500,0.050,0.815,0.135
702000,0.050,0.820,0.130
702500,0.050,0.840,0.110
703000,0.050,0.823,0.127
703500,0.050,0.805,0.145
704000,0.050,0.808,0.142
704500,0.050,0.818,0.132
705000,0.050,0.838,0.112
705500,0.050,0.819,0.131
706000,0.050,0.817,0.133
706500,0.050,0.808,0.141
707000,0.050,0.832,0.118
707500,0.050,0.842,0.108
708000,0.050,0.842,0.108
708500,0.050,0.838,0.112
709000,0.050,0.853,0.097
709500,0.050,0.857,0.093
710000,0.050,0.867,0.083
710500,0.050,0.841,0.109
711000,0.050,0.839,0.111
711500,0.050,0.859,0.091
712000,0.050,0.823,0.127
712500,0.050,0.832,0.118
713000,0.050,0.852,0.098
713500,0.050,0.827,0.123
714000,0.051,0.805,0.143
714500,0.051,0.827,0.123
715000,0.050,0.816,0.134
715500,0.050,0.818,0.132
716000,0.050,0.807,0.143
716500,0.050,0.820,0.130
717000,0.050,0.815,0.135
717500,0.052,0.771,0.176
718000,0.051,0.788,0.161
718500,0.051,0.790,0.159
719000,0.050,0.811,0.139
719500,0.050,0.830,0.120
720000,0.050,0.837,0.113
720500,0.050,0.805,0.145
721000,0.050,0.805,0.144
721500,0.050,0.833,0.117
722000,0.050,0.818,0.132
722500,0.050,0.823,0.127
723000,0.050,0.831,0.119
723500,0.050,0.824,0.126
724000,0.050,0.829,0.121
724500,0.050,0.827,0.123
725000,0.050,0.849,0.101
725500,0.050,0.851,0.099
726000,0.050,0.857,0.093
726500,0.050,0.867,0.083
727000,0.051,0.851,0.098
727500,0.050,0.840,0.110
728000,0.050,0.841,0.109
728500,0.050,0.825,0.125
729000,0.050,0.847,0.103
729500,0.050,0.831,0.119
730000,0.050,0.822,0.128
730500,0.050,0.829,0.121
731000,0.050,0.834,0.116
731500,0.050,0.850,0.100
732000,0.050,0.859,0.091
732500,0.050,0.853,0.097
733000,0.050,0.863,0.087
733500,0.050,0.845,0.105
734000,0.051,0.835,0.114
734500,0.051,0.822,0.128
735000,0.050,0.823,0.127
735500,0.050,0.842,0.108
736000,0.050,0.819,0.131
736500,0.050,0.843,0.107
737000,0.050,0.836,0.114
737500,0.050,0.849,0.101
738000,0.050,0.867,0.083
738500,0.050,0.845,0.105
739000,0.050,0.838,0.112
739500,0.050,0.851,0.099
740000,0.050,0.874,0.076
740500,0.050,0.850,0.100
741000,0.050,0.857,0.093
741500,0.050,0.859,0.091
742000,0.050,0.863,0.087
742500,0.050,0.871,0.079
743000,0.050,0.849,0.101
743500,0.050,0.849,0.101
744000,0.050,0.853,0.097
744500,0.050,0.841,0.109
745000,0.050,0.848,0.102
745500,0.050,0.823,0.127
746000,0.050,0.797,0.152
746500,0.050,0.824,0.126
747000,0.050,0.810,0.140
747500,0.050,0.818,0.132
748000,0.050,0.809,0.140
748500,0.050,0.807,0.143
749000,0.050,0.844,0.106
749500,0.050,0.858,0.092
750000,0.050,0.865,0.085
750500,0.050,0.852,0.098
751000,0.050,0.830,0.120
751500,0.050,0.834,0.116
752000,0.050,0.814,0.136
752500,0.050,0.831,0.119
753000,0.050,0.831,0.119
753500,0.050,0.837,0.113
754000,0.050,0.845,0.105
754500,0.050,0.832,0.118
755000,0.050,0.835,0.115
755500,0.050,0.816,0.134
756000,0.050,0.816,0.134
756500,0.050,0.799,0.150
757000,0.050,0.820,0.130
757500,0.050,0.840,0.110
758000,0.050,0.850,0.100
758500,0.050,0.862,0.088
759000,0.050,0.848,0.102
759500,0.050,0.849,0.101
760000,0.050,0.860,0.090
760500,0.050,0.841,0.109
761000,0.050,0.845,0.105
761500,0.050,0.858,0.092
762000,0.050,0.861,0.089
762500,0.050,0.856,0.094
763000,0.050,0.857,0.093
763500,0.050,0.862,0.088
764000,0.050,0.879,0.071
764500,0.050,0.851,0.099
765000,0.050,0.856,0.094
765500,0.050,0.844,0.106
766000,0.050,0.852,0.098
766500,0.050,0.841,0.109
767000,0.050,0.855,0.095
767500,0.050,0.847,0.103
768000,0.050,0.856,0.094
768500,0.050,0.861,0.089
769000,0.050,0.846,0.104
769500,0.050,0.830,0.120
770000,0.050,0.836,0.114
770500,0.050,0.840,0.110
771000,0.050,0.856,0.094
771500,0.050,0.853,0.097
772000,0.050,0.841,0.109
772500,0.050,0.834,0.116
773000,0.050,0.837,0.113
773500,0.050,0.855,0.095
774000,0.050,0.867,0.083
774500,0.050,0.858,0.092
775000,0.050,0.854,0.096
775500,0.050,0.859,0.091
776000,0.050,0.852,0.098
776500,0.050,0.857,0.093
777000,0.050,0.850,0.100
777500,0.050,0.828,0.122
778000,0.050,0.843,0.107
778500,0.050,0.856,0.094
779000,0.050,0.861,0.089
779500,0.050,0.856,0.094
780000,0.050,0.862,0.088
780500,0.050,0.868,0.082
781000,0.050,0.836,0.114
781500,0.051,0.849,0.100
782000,0.050,0.835,0.115
782500,0.050,0.821,0.129
783000,0.050,0.833,0.117
783500,0.050,0.838,0.112
784000,0.050,0.841,0.109
784500,0.050,0.848,0.102
785000,0.050,0.836,0.114
785500,0.050,0.853,0.097
786000,0.050,0.861,0.089
786500,0.050,0.859,0.091
787000,0.050,0.849,0.101
787500,0.050,0.875,0.075
788000,0.050,0.856,0.094
788500,0.050,0.833,0.117
789000,0.050,0.846,0.104
789500,0.050,0.857,0.093
790000,0.050,0.851,0.099
790500,0.050,0.868,0.082
791000,0.050,0.849,0.101
791500,0.050,0.848,0.102
792000,0.050,0.847,0.103
792500,0.050,0.829,0.121
793000,0.050,0.850,0.100
793500,0.050,0.856,0.094
794000,0.050,0.839,0.111
794500,0.050,0.854,0.096
795000,0.050,0.862,0.088
795500,0.050,0.864,0.086
796000,0.050,0.861,0.089
796500,0.050,0.827,0.123
797000,0.050,0.840,0.110
797500,0.050,0.845,0.105
798000,0.050,0.840,0.110
798500,0.050,0.849,0.101
799000,0.050,0.845,0.105
799500,0.050,0.853,0.097
800000,0.050,0.841,0.109
800500,0.050,0.857,0.093
801000,0.050,0.847,0.103
801500,0.050,0.856,0.094
802000,0.050,0.866,0.084
802500,0.050,0.865,0.085
803000,0.050,0.836,0.114
803500,0.050,0.841,0.109
804000,0.050,0.837,0.113
804500,0.050,0.847,0.103
805000,0.050,0.837,0.113
805500,0.050,0.845,0.105
806000,0.050,0.822,0.128
806500,0.050,0.833,0.117
807000,0.050,0.835,0.115
807500,0.050,0.826,0.124
808000,0.050,0.828,0.122
808500,0.050,0.827,0.123
809000,0.050,0.832,0.118
809500,0.050,0.833,0.117
810000,0.050,0.835,0.115
810500,0.050,0.848,0.102
811000,0.050,0.841,0.109
811500,0.050,0.841,0.109
812000,0.050,0.853,0.097
812500,0.050,0.854,0.096
813000,0.050,0.848,0.102
813500,0.050,0.850,0.100
814000,0.050,0.846,0.104
814500,0.050,0.853,0.097
815000,0.050,0.838,0.112
815500,0.050,0.822,0.128
816000,0.050,0.823,0.127
816500,0.050,0.839,0.111
817000,0.050,0.853,0.097
817500,0.050,0.856,0.094
818000,0.050,0.852,0.098
818500,0.050,0.861,0.089
819000,0.050,0.857,0.093
819500,0.050,0.845,0.105
820000,0.050,0.840,0.110
820500,0.050,0.835,0.115
821000,0.050,0.808,0.142
821500,0.050,0.832,0.118
822000,0.050,0.830,0.120
822500,0.050,0.824,0.126
823000,0.050,0.826,0.124
823500,0.050,0.837,0.113
824000,0.050,0.848,0.102
824500,0.050,0.852,0.098
825000,0.050,0.854,0.096
825500,0.050,0.842,0.108
826000,0.050,0.837,0.113
826500,0.050,0.841,0.109
827000,0.050,0.843,0.107
827500,0.050,0.847,0.103
828000,0.050,0.847,0.103
828500,0.050,0.862,0.088
829000,0.050,0.847,0.103
829500,0.050,0.860,0.090
830000,0.050,0.854,0.096
830500,0.050,0.851,0.099
831000,0.050,0.850,0.100
831500,0.050,0.841,0.109
832000,0.050,0.842,0.108
832500,0.050,0.851,0.099
833000,0.050,0.846,0.104
833500,0.050,0.824,0.126
834000,0.050,0.829,0.121
834500,0.050,0.838,0.112
835000,0.050,0.844,0.106
835500,0.050,0.844,0.106
836000,0.050,0.852,0.098
836500,0.050,0.857,0.093
837000,0.050,0.868,0.082
837500,0.050,0.867,0.083
838000,0.050,0.863,0.087
838500,0.050,0.839,0.111
839000,0.050,0.857,0.093
839500,0.050,0.848,0.102
840000,0.050,0.847,0.103
840500,0.050,0.839,0.111
841000,0.050,0.837,0.113
841500,0.050,0.858,0.092
842000,0.050,0.849,0.101
842500,0.050,0.817,0.133
843000,0.050,0.819,0.131
843500,0.050,0.817,0.133
844000,0.050,0.820,0.130
844500,0.050,0.826,0.124
845000,0.050,0.844,0.106
845500,0.050,0.834,0.116
846000,0.050,0.854,0.096
846500,0.050,0.833,0.117
847000,0.050,0.849,0.101
847500,0.050,0.855,0.095
848000,0.050,0.817,0.133
848500,0.050,0.814,0.136
849000,0.050,0.835,0.115
849500,0.050,0.849,0.101
850000,0.050,0.860,0.090
850500,0.050,0.835,0.115
851000,0.050,0.835,0.115
851500,0.050,0.831,0.119
852000,0.050,0.848,0.102
852500,0.050,0.820,0.130
853000,0.050,0.840,0.110
853500,0.051,0.849,0.100
854000,0.051,0.834,0.115
854500,0.051,0.841,0.108
855000,0.051,0.847,0.103
855500,0.050,0.828,0.122
856000,0.050,0.820,0.130
856500,0.050,0.828,0.122
857000,0.051,0.818,0.131
857500,0.051,0.841,0.109
858000,0.050,0.847,0.103
858500,0.050,0.857,0.093
859000,0.050,0.840,0.110
859500,0.050,0.846,0.104
860000,0.050,0.841,0.109
860500,0.050,0.837,0.113
861000,0.050,0.843,0.107
861500,0.050,0.862,0.088
862000,0.050,0.876,0.074
862500,0.050,0.856,0.094
863000,0.050,0.835,0.115
863500,0.050,0.843,0.107
864000,0.050,0.849,0.101
864500,0.050,0.833,0.117
865000,0.050,0.859,0.091
865500,0.050,0.854,0.096
866000,0.050,0.839,0.111
866500,0.050,0.835,0.115
867000,0.050,0.853,0.097
867500,0.050,0.855,0.095
868000,0.050,0.841,0.109
868500,0.050,0.848,0.102
869000,0.050,0.851,0.099
869500,0.050,0.851,0.099
870000,0.050,0.842,0.108
870500,0.050,0.830,0.120
871000,0.050,0.847,0.103
871500,0.050,0.853,0.097
872000,0.050,0.866,0.084
872500,0.050,0.837,0.113
873000,0.050,0.838,0.112
873500,0.050,0.863,0.087
874000,0.050,0.859,0.091
874500,0.050,0.870,0.080
875000,0.050,0.873,0.077
875500,0.050,0.869,0.081
876000,0.050,0.860,0.090
876500,0.050,0.845,0.105
877000,0.050,0.839,0.111
877500,0.050,0.838,0.112
878000,0.050,0.843,0.107
878500,0.050,0.844,0.106
879000,0.050,0.840,0.110
879500,0.050,0.834,0.116
880000,0.050,0.820,0.130
880500,0.050,0.841,0.109
881000,0.050,0.852,0.098
881500,0.050,0.859,0.091
882000,0.050,0.856,0.094
882500,0.050,0.847,0.103
883000,0.050,0.840,0.110
883500,0.050,0.851,0.099
884000,0.051,0.851,0.099
884500,0.050,0.864,0.086
885000,0.050,0.854,0.096
885500,0.050,0.857,0.093
886000,0.050,0.858,0.092
886500,0.050,0.851,0.099
887000,0.050,0.817,0.133
887500,0.050,0.832,0.118
888000,0.050,0.830,0.120
888500,0.050,0.831,0.119
889000,0.050,0.844,0.106
889500,0.050,0.845,0.105
890000,0.050,0.840,0.110
890500,0.050,0.839,0.111
891000,0.050,0.835,0.115
891500,0.050,0.835,0.115
892000,0.050,0.822,0.128
892500,0.050,0.826,0.124
893000,0.050,0.807,0.143
893500,0.050,0.825,0.125
894000,0.050,0.824,0.126
894500,0.050,0.815,0.135
895000,0.050,0.798,0.151
895500,0.050,0.801,0.149
896000,0.051,0.790,0.158
896500,0.051,0.786,0.163
897000,0.050,0.819,0.131
897500,0.050,0.843,0.107
898000,0.050,0.827,0.123
898500,0.050,0.844,0.106
899000,0.050,0.842,0.108
899500,0.050,0.838,0.112
900000,0.050,0.854,0.096
900500,0.050,0.837,0.113
901000,0.050,0.838,0.112
901500,0.050,0.850,0.100
902000,0.050,0.837,0.113
902500,0.050,0.843,0.107
903000,0.050,0.829,0.121
903500,0.050,0.854,0.096
904000,0.050,0.854,0.096
904500,0.050,0.873,0.077
905000,0.050,0.878,0.072
905500,0.050,0.835,0.115
906000,0.050,0.832,0.118
906500,0.050,0.838,0.112
907000,0.050,0.849,0.101
907500,0.050,0.851,0.099
908000,0.050,0.863,0.087
908500,0.050,0.856,0.094
909000,0.050,0.863,0.087
909500,0.051,0.856,0.093
910000,0.050,0.833,0.117
910500,0.050,0.819,0.131
911000,0.050,0.806,0.143
911500,0.050,0.823,0.127
912000,0.050,0.830,0.120
912500,0.050,0.831,0.119
913000,0.050,0.817,0.133
913500,0.050,0.834,0.116
914000,0.050,0.827,0.123
914500,0.050,0.822,0.128
915000,0.050,0.834,0.116
915500,0.050,0.844,0.106
916000,0.050,0.850,0.100
916500,0.050,0.861,0.089
917000,0.050,0.859,0.091
917500,0.050,0.862,0.088
918000,0.050,0.863,0.087
918500,0.050,0.853,0.097
919000,0.050,0.848,0.102
919500,0.050,0.830,0.120
920000,0.050,0.840,0.110
920500,0.050,0.828,0.122
921000,0.050,0.840,0.110
921500,0.050,0.850,0.100
922000,0.050,0.852,0.098
922500,0.050,0.843,0.107
923000,0.050,0.837,0.113
923500,0.050,0.859,0.091
924000,0.050,0.864,0.086
924500,0.050,0.855,0.095
925000,0.050,0.853,0.097
925500,0.050,0.856,0.094
926000,0.050,0.867,0.083
926500,0.050,0.842,0.108
927000,0.050,0.839,0.111
927500,0.050,0.844,0.106
928000,0.050,0.853,0.097
928500,0.050,0.856,0.094
929000,0.052,0.845,0.103
929500,0.051,0.823,0.126
930000,0.050,0.814,0.136
930500,0.050,0.808,0.141
931000,0.051,0.816,0.133
931500,0.050,0.827,0.123
932000,0.050,0.839,0.111
932500,0.050,0.830,0.120
933000,0.050,0.843,0.107
933500,0.050,0.838,0.112
934000,0.050,0.847,0.103
934500,0.050,0.846,0.104
935000,0.050,0.845,0.105
935500,0.050,0.808,0.142
936000,0.050,0.819,0.131
936500,0.050,0.831,0.119
937000,0.050,0.819,0.131
937500,0.050,0.823,0.127
938000,0.050,0.844,0.106
938500,0.050,0.852,0.098
939000,0.050,0.851,0.099
939500,0.050,0.863,0.087
940000,0.050,0.845,0.105
940500,0.050,0.836,0.114
941000,0.050,0.827,0.123
941500,0.050,0.839,0.111
942000,0.050,0.846,0.104
942500,0.050,0.836,0.114
943000,0.050,0.837,0.113
943500,0.050,0.842,0.108
944000,0.050,0.849,0.101
944500,0.050,0.856,0.094
945000,0.050,0.858,0.092
945500,0.050,0.856,0.094
946000,0.050,0.845,0.105
946500,0.050,0.833,0.117
947000,0.050,0.844,0.106
947500,0.050,0.833,0.117
948000,0.050,0.823,0.127
948500,0.050,0.834,0.116
949000,0.050,0.824,0.126
949500,0.051,0.818,0.132
950000,0.051,0.831,0.119
950500,0.050,0.819,0.131
951000,0.050,0.820,0.130
951500,0.050,0.828,0.122
952000,0.050,0.829,0.121
952500,0.050,0.836,0.114
953000,0.052,0.831,0.117
953500,0.050,0.835,0.115
954000,0.050,0.836,0.114
954500,0.050,0.838,0.112
955000,0.050,0.854,0.096
955500,0.050,0.866,0.084
956000,0.050,0.869,0.081
956500,0.050,0.856,0.094
957000,0.050,0.846,0.104
957500,0.050,0.853,0.097
958000,0.050,0.856,0.094
958500,0.050,0.833,0.117
959000,0.050,0.835,0.115
959500,0.050,0.813,0.137
960000,0.050,0.836,0.114
960500,0.050,0.840,0.110
961000,0.050,0.864,0.086
961500,0.050,0.864,0.086
962000,0.050,0.843,0.107
962500,0.050,0.850,0.100
963000,0.050,0.852,0.098
963500,0.050,0.852,0.098
964000,0.050,0.832,0.118
964500,0.050,0.839,0.111
965000,0.050,0.825,0.125
965500,0.050,0.815,0.135
966000,0.050,0.833,0.117
966500,0.050,0.820,0.130
967000,0.050,0.827,0.123
967500,0.050,0.838,0.112
968000,0.050,0.849,0.101
968500,0.050,0.841,0.109
969000,0.050,0.851,0.099
969500,0.050,0.868,0.082
970000,0.050,0.856,0.094
970500,0.050,0.846,0.104
971000,0.050,0.848,0.102
971500,0.050,0.853,0.097
972000,0.050,0.860,0.090
972500,0.050,0.847,0.103
973000,0.050,0.850,0.100
973500,0.050,0.840,0.110
974000,0.050,0.852,0.098
974500,0.050,0.830,0.120
975000,0.050,0.848,0.102
975500,0.050,0.844,0.106
976000,0.050,0.852,0.098
976500,0.050,0.859,0.091
977000,0.050,0.852,0.098
977500,0.050,0.854,0.096
978000,0.050,0.858,0.092
978500,0.050,0.849,0.101
979000,0.050,0.848,0.102
979500,0.050,0.861,0.089
980000,0.050,0.846,0.104
980500,0.050,0.851,0.099
981000,0.050,0.842,0.108
981500,0.050,0.861,0.089
982000,0.050,0.852,0.098
982500,0.050,0.860,0.090
983000,0.050,0.832,0.118
983500,0.050,0.831,0.119
984000,0.050,0.827,0.123
984500,0.050,0.821,0.129
985000,0.050,0.837,0.113
985500,0.050,0.825,0.125
986000,0.050,0.829,0.121
986500,0.050,0.825,0.125
987000,0.050,0.816,0.134
987500,0.050,0.815,0.135
988000,0.050,0.834,0.116
988500,0.050,0.832,0.118
989000,0.050,0.824,0.126
989500,0.050,0.854,0.096
990000,0.050,0.881,0.069
990500,0.050,0.849,0.101
991000,0.050,0.860,0.090
991500,0.050,0.862,0.088
992000,0.050,0.857,0.093
992500,0.050,0.858,0.092
993000,0.050,0.856,0.094
993500,0.050,0.835,0.115
994000,0.050,0.836,0.114
994500,0.050,0.839,0.111
995000,0.050,0.848,0.102
995500,0.050,0.856,0.094
996000,0.050,0.827,0.123
996500,0.050,0.839,0.111
997000,0.050,0.851,0.099
997500,0.050,0.844,0.106
998000,0.050,0.819,0.131
998500,0.050,0.830,0.120
999000,0.050,0.868,0.082
999500,0.050,0.867,0.083
1000000,0.050,0.857,0.093
