time,n_A+p,n_B,n_AB
500,0.010,0.983,0.007
1000,0.010,0.966,0.024
1500,0.010,0.943,0.047
2000,0.010,0.913,0.077
2500,0.010,0.912,0.078
3000,0.010,0.885,0.105
3500,0.010,0.850,0.140
4000,0.010,0.836,0.154
4500,0.010,0.800,0.190
5000,0.010,0.759,0.231
5500,0.010,0.759,0.231
6000,0.010,0.738,0.252
6500,0.010,0.737,0.253
7000,0.010,0.711,0.279
7500,0.010,0.715,0.275
8000,0.010,0.701,0.289
8500,0.010,0.710,0.280
9000,0.010,0.710,0.280
9500,0.010,0.734,0.256
10000,0.010,0.696,0.294
10500,0.010,0.713,0.277
11000,0.010,0.708,0.282
11500,0.010,0.715,0.275
12000,0.010,0.724,0.266
12500,0.010,0.718,0.272
13000,0.010,0.703,0.287
13500,0.010,0.728,0.262
14000,0.010,0.689,0.301
14500,0.010,0.704,0.286
15000,0.010,0.691,0.299
15500,0.010,0.690,0.300
16000,0.010,0.696,0.294
16500,0.010,0.679,0.310
17000,0.010,0.662,0.328
17500,0.010,0.697,0.293
18000,0.010,0.692,0.298
18500,0.010,0.679,0.311
19000,0.010,0.672,0.318
19500,0.010,0.653,0.337
20000,0.010,0.671,0.319
20500,0.010,0.676,0.314
21000,0.013,0.651,0.336
21500,0.012,0.622,0.366
22000,0.011,0.636,0.353
22500,0.010,0.642,0.348
23000,0.010,0.665,0.325
23500,0.010,0.644,0.346
24000,0.010,0.641,0.349
24500,0.015,0.627,0.358
25000,0.011,0.641,0.347
25500,0.015,0.630,0.355
26000,0.012,0.620,0.368
26500,0.013,0.644,0.343
27000,0.010,0.646,0.344
27500,0.010,0.640,0.350
28000,0.010,0.664,0.326
28500,0.013,0.662,0.326
29000,0.011,0.612,0.378
29500,0.013,0.615,0.372
30000,0.011,0.609,0.380
30500,0.013,0.609,0.378
31000,0.012,0.585,0.403
31500,0.011,0.562,0.427
32000,0.011,0.584,0.406
32500,0.011,0.581,0.409
33000,0.015,0.583,0.402
33500,0.012,0.598,0.390
34000,0.011,0.640,0.349
34500,0.010,0.636,0.354
35000,0.010,0.631,0.359
35500,0.010,0.614,0.376
36000,0.010,0.601,0.389
36500,0.010,0.618,0.372
37000,0.010,0.628,0.362
37500,0.010,0.622,0.368
38000,0.010,0.601,0.389
38500,0.010,0.619,0.371
39000,0.010,0.626,0.364
39500,0.010,0.580,0.410
40000,0.012,0.581,0.407
40500,0.013,0.581,0.406
41000,0.013,0.602,0.385
41500,0.013,0.634,0.353
42000,0.011,0.638,0.350
42500,0.011,0.664,0.326
43000,0.010,0.651,0.339
43500,0.010,0.632,0.358
44000,0.010,0.620,0.370
44500,0.011,0.641,0.348
45000,0.011,0.631,0.359
45500,0.011,0.605,0.384
46000,0.010,0.613,0.377
46500,0.010,0.618,0.372
47000,0.010,0.625,0.365
47500,0.013,0.622,0.365
48000,0.011,0.662,0.327
48500,0.010,0.660,0.330
49000,0.010,0.650,0.340
49500,0.010,0.667,0.323
50000,0.010,0.682,0.307
50500,0.010,0.657,0.333
51000,0.010,0.666,0.324
51500,0.010,0.664,0.326
52000,0.010,0.643,0.347
52500,0.010,0.641,0.349
53000,0.010,0.632,0.358
53500,0.010,0.634,0.356
54000,0.010,0.639,0.351
54500,0.011,0.619,0.370
55000,0.011,0.619,0.371
55500,0.012,0.613,0.375
56000,0.011,0.592,0.397
56500,0.011,0.606,0.383
57000,0.011,0.636,0.353
57500,0.011,0.624,0.366
58000,0.010,0.650,0.340
58500,0.010,0.632,0.358
59000,0.012,0.625,0.363
59500,0.011,0.611,0.379
60000,0.010,0.594,0.396
60500,0.011,0.580,0.409
61000,0.011,0.599,0.391
61500,0.011,0.562,0.427
62000,0.011,0.606,0.384
62500,0.011,0.598,0.392
63000,0.010,0.625,0.365
63500,0.010,0.661,0.329
64000,0.010,0.672,0.318
64500,0.010,0.678,0.312
65000,0.010,0.685,0.305
65500,0.011,0.680,0.308
66000,0.010,0.694,0.296
66500,0.010,0.718,0.272
67000,0.010,0.720,0.270
67500,0.010,0.707,0.283
68000,0.010,0.702,0.288
68500,0.010,0.703,0.287
69000,0.010,0.667,0.323
69500,0.010,0.645,0.345
70000,0.012,0.647,0.341
70500,0.013,0.640,0.347
71000,0.011,0.624,0.365
71500,0.013,0.657,0.330
72000,0.012,0.653,0.335
72500,0.011,0.678,0.310
73000,0.011,0.663,0.327
73500,0.010,0.697,0.293
74000,0.010,0.689,0.301
74500,0.010,0.684,0.306
75000,0.011,0.676,0.313
75500,0.010,0.661,0.329
76000,0.010,0.645,0.345
76500,0.012,0.628,0.360
77000,0.011,0.625,0.364
77500,0.011,0.605,0.384
78000,0.011,0.648,0.342
78500,0.013,0.629,0.359
79000,0.011,0.640,0.349
79500,0.011,0.622,0.367
80000,0.011,0.633,0.356
80500,0.010,0.630,0.360
81000,0.010,0.636,0.354
81500,0.010,0.659,0.331
82000,0.011,0.668,0.321
82500,0.011,0.661,0.328
83000,0.011,0.654,0.335
83500,0.011,0.631,0.358
84000,0.011,0.637,0.353
84500,0.011,0.654,0.336
85000,0.010,0.653,0.337
85500,0.010,0.682,0.308
86000,0.010,0.680,0.310
86500,0.011,0.684,0.304
87000,0.011,0.691,0.298
87500,0.011,0.697,0.293
88000,0.010,0.676,0.314
88500,0.010,0.664,0.326
89000,0.010,0.681,0.308
89500,0.010,0.671,0.319
90000,0.010,0.643,0.347
90500,0.010,0.629,0.361
91000,0.010,0.639,0.351
91500,0.013,0.619,0.369
92000,0.011,0.638,0.351
92500,0.010,0.655,0.335
93000,0.010,0.642,0.348
93500,0.013,0.629,0.358
94000,0.011,0.608,0.381
94500,0.010,0.603,0.387
95000,0.013,0.616,0.372
95500,0.011,0.625,0.364
96000,0.010,0.586,0.404
96500,0.010,0.641,0.349
97000,0.011,0.680,0.308
97500,0.011,0.658,0.331
98000,0.011,0.654,0.336
98500,0.010,0.667,0.323
99000,0.010,0.696,0.294
99500,0.010,0.674,0.316
100000,0.013,0.650,0.337
100500,0.011,0.640,0.349
101000,0.010,0.680,0.309
101500,0.013,0.657,0.330
102000,0.011,0.649,0.341
102500,0.010,0.628,0.362
103000,0.013,0.635,0.353
103500,0.011,0.640,0.349
104000,0.011,0.661,0.328
104500,0.010,0.657,0.333
105000,0.010,0.673,0.317
105500,0.010,0.689,0.301
106000,0.010,0.676,0.314
106500,0.010,0.671,0.319
107000,0.010,0.685,0.304
107500,0.010,0.672,0.318
108000,0.010,0.661,0.329
108500,0.013,0.682,0.305
109000,0.011,0.688,0.302
109500,0.010,0.676,0.314
110000,0.011,0.686,0.303
110500,0.011,0.680,0.309
111000,0.011,0.672,0.318
111500,0.010,0.696,0.294
112000,0.010,0.703,0.287
112500,0.010,0.705,0.285
113000,0.010,0.678,0.311
113500,0.010,0.644,0.346
114000,0.010,0.662,0.328
114500,0.010,0.664,0.326
115000,0.010,0.653,0.337
115500,0.010,0.648,0.342
116000,0.010,0.601,0.389
116500,0.010,0.584,0.406
117000,0.010,0.595,0.395
117500,0.010,0.645,0.345
118000,0.010,0.645,0.345
118500,0.010,0.683,0.307
119000,0.010,0.678,0.312
119500,0.012,0.675,0.313
120000,0.013,0.659,0.328
120500,0.010,0.641,0.349
121000,0.010,0.629,0.361
121500,0.010,0.623,0.367
122000,0.010,0.589,0.401
122500,0.010,0.594,0.396
123000,0.010,0.600,0.390
123500,0.010,0.628,0.362
124000,0.010,0.635,0.355
124500,0.010,0.635,0.355
125000,0.010,0.623,0.367
125500,0.010,0.655,0.335
126000,0.011,0.632,0.357
126500,0.010,0.598,0.392
127000,0.010,0.609,0.381
127500,0.010,0.648,0.342
128000,0.010,0.654,0.336
128500,0.010,0.637,0.353
129000,0.010,0.653,0.337
129500,0.016,0.643,0.341
130000,0.013,0.633,0.353
130500,0.011,0.626,0.364
131000,0.010,0.606,0.384
131500,0.010,0.630,0.360
132000,0.011,0.635,0.354
132500,0.015,0.624,0.362
133000,0.013,0.598,0.390
133500,0.011,0.612,0.377
134000,0.011,0.646,0.344
134500,0.010,0.637,0.353
135000,0.010,0.651,0.339
135500,0.010,0.626,0.364
136000,0.010,0.630,0.360
136500,0.010,0.608,0.382
137000,0.010,0.611,0.379
137500,0.010,0.587,0.403
138000,0.011,0.574,0.415
138500,0.011,0.589,0.400
139000,0.013,0.574,0.413
139500,0.011,0.578,0.411
140000,0.012,0.571,0.417
140500,0.011,0.623,0.367
141000,0.010,0.648,0.342
141500,0.010,0.662,0.328
142000,0.010,0.659,0.331
142500,0.010,0.642,0.348
143000,0.010,0.647,0.343
143500,0.015,0.647,0.339
144000,0.013,0.662,0.326
144500,0.011,0.660,0.328
145000,0.013,0.635,0.352
145500,0.011,0.653,0.336
146000,0.011,0.688,0.302
146500,0.010,0.647,0.343
147000,0.012,0.670,0.318
147500,0.011,0.656,0.333
148000,0.010,0.652,0.338
148500,0.013,0.667,0.320
149000,0.011,0.634,0.355
149500,0.011,0.614,0.376
150000,0.010,0.637,0.353
150500,0.010,0.612,0.378
151000,0.010,0.635,0.355
151500,0.010,0.671,0.319
152000,0.010,0.688,0.302
152500,0.010,0.661,0.329
153000,0.010,0.627,0.363
153500,0.010,0.608,0.382
154000,0.010,0.610,0.380
154500,0.014,0.602,0.384
155000,0.013,0.571,0.416
155500,0.011,0.594,0.395
156000,0.011,0.602,0.387
156500,0.010,0.633,0.357
157000,0.010,0.640,0.350
157500,0.012,0.617,0.371
158000,0.011,0.626,0.363
158500,0.011,0.644,0.346
159000,0.011,0.621,0.368
159500,0.011,0.619,0.371
160000,0.013,0.625,0.362
160500,0.013,0.646,0.342
161000,0.011,0.634,0.355
161500,0.011,0.641,0.349
162000,0.011,0.612,0.377
162500,0.011,0.628,0.361
163000,0.010,0.615,0.375
163500,0.010,0.633,0.357
164000,0.011,0.616,0.373
164500,0.011,0.605,0.385
165000,0.011,0.619,0.370
165500,0.010,0.664,0.326
166000,0.013,0.640,0.347
166500,0.010,0.637,0.353
167000,0.010,0.643,0.347
167500,0.010,0.630,0.360
168000,0.010,0.645,0.345
168500,0.013,0.625,0.362
169000,0.011,0.613,0.376
169500,0.011,0.614,0.376
170000,0.010,0.610,0.380
170500,0.010,0.631,0.359
171000,0.010,0.613,0.377
171500,0.010,0.638,0.352
172000,0.010,0.588,0.402
172500,0.010,0.593,0.397
173000,0.010,0.632,0.358
173500,0.010,0.629,0.361
174000,0.010,0.623,0.367
174500,0.010,0.631,0.359
175000,0.010,0.593,0.397
175500,0.010,0.621,0.369
176000,0.011,0.586,0.403
176500,0.013,0.577,0.410
177000,0.011,0.583,0.407
177500,0.014,0.558,0.427
178000,0.011,0.572,0.417
178500,0.011,0.578,0.411
179000,0.010,0.621,0.369
179500,0.010,0.597,0.393
180000,0.012,0.610,0.378
180500,0.011,0.608,0.381
181000,0.011,0.610,0.380
181500,0.013,0.589,0.399
182000,0.015,0.560,0.425
182500,0.012,0.584,0.404
183000,0.014,0.587,0.399
183500,0.012,0.581,0.407
184000,0.011,0.572,0.418
184500,0.012,0.567,0.421
185000,0.013,0.600,0.388
185500,0.011,0.611,0.378
186000,0.011,0.618,0.371
186500,0.010,0.607,0.383
187000,0.010,0.604,0.386
187500,0.011,0.627,0.362
188000,0.010,0.637,0.353
188500,0.010,0.633,0.357
189000,0.010,0.624,0.366
189500,0.010,0.652,0.338
190000,0.010,0.643,0.347
190500,0.013,0.642,0.344
191000,0.010,0.641,0.349
191500,0.010,0.661,0.329
192000,0.010,0.663,0.327
192500,0.010,0.669,0.321
193000,0.010,0.659,0.331
193500,0.010,0.654,0.336
194000,0.010,0.643,0.347
194500,0.010,0.644,0.346
195000,0.010,0.684,0.306
195500,0.010,0.676,0.314
196000,0.010,0.667,0.323
196500,0.010,0.655,0.335
197000,0.010,0.567,0.423
197500,0.011,0.552,0.436
198000,0.012,0.552,0.435
198500,0.011,0.582,0.407
199000,0.011,0.613,0.377
199500,0.011,0.629,0.361
200000,0.010,0.628,0.362
200500,0.010,0.622,0.368
201000,0.013,0.594,0.394
201500,0.012,0.607,0.381
202000,0.011,0.583,0.406
202500,0.011,0.607,0.382
203000,0.010,0.647,0.343
203500,0.010,0.624,0.366
204000,0.013,0.621,0.366
204500,0.011,0.640,0.349
205000,0.011,0.649,0.340
205500,0.013,0.654,0.333
206000,0.013,0.662,0.324
206500,0.011,0.642,0.347
207000,0.010,0.679,0.311
207500,0.010,0.662,0.328
208000,0.010,0.684,0.305
208500,0.010,0.704,0.286
209000,0.010,0.691,0.299
209500,0.010,0.664,0.326
210000,0.010,0.691,0.299
210500,0.010,0.653,0.337
211000,0.010,0.648,0.342
211500,0.010,0.647,0.343
212000,0.010,0.648,0.342
212500,0.010,0.651,0.339
213000,0.010,0.650,0.340
213500,0.010,0.696,0.294
214000,0.010,0.699,0.291
214500,0.012,0.712,0.276
215000,0.011,0.661,0.329
215500,0.010,0.656,0.334
216000,0.010,0.650,0.340
216500,0.010,0.673,0.317
217000,0.010,0.691,0.299
217500,0.010,0.669,0.321
218000,0.010,0.650,0.340
218500,0.010,0.646,0.344
219000,0.010,0.643,0.347
219500,0.010,0.668,0.322
220000,0.010,0.667,0.323
220500,0.010,0.673,0.317
221000,0.010,0.628,0.362
221500,0.013,0.595,0.392
222000,0.011,0.597,0.392
222500,0.011,0.587,0.402
223000,0.012,0.581,0.407
223500,0.013,0.582,0.405
224000,0.011,0.586,0.403
224500,0.011,0.629,0.360
225000,0.010,0.634,0.356
225500,0.010,0.624,0.366
226000,0.012,0.593,0.395
226500,0.011,0.615,0.375
227000,0.011,0.627,0.363
227500,0.011,0.620,0.369
228000,0.010,0.619,0.371
228500,0.013,0.614,0.374
229000,0.013,0.607,0.380
229500,0.011,0.645,0.344
230000,0.011,0.648,0.341
230500,0.010,0.628,0.362
231000,0.011,0.667,0.322
231500,0.010,0.667,0.323
232000,0.010,0.684,0.306
232500,0.010,0.690,0.300
233000,0.010,0.732,0.258
233500,0.010,0.700,0.290
234000,0.010,0.690,0.300
234500,0.010,0.677,0.312
235000,0.011,0.656,0.333
235500,0.011,0.642,0.348
236000,0.011,0.646,0.343
236500,0.010,0.674,0.316
237000,0.010,0.674,0.316
237500,0.010,0.657,0.333
238000,0.010,0.657,0.333
238500,0.010,0.610,0.380
239000,0.012,0.565,0.423
239500,0.013,0.571,0.416
240000,0.013,0.549,0.439
240500,0.014,0.555,0.431
241000,0.012,0.568,0.420
241500,0.011,0.582,0.408
242000,0.012,0.567,0.421
242500,0.011,0.562,0.427
243000,0.011,0.571,0.419
243500,0.013,0.582,0.405
244000,0.013,0.577,0.411
244500,0.014,0.596,0.390
245000,0.015,0.592,0.394
245500,0.015,0.590,0.395
246000,0.012,0.599,0.389
246500,0.011,0.632,0.357
247000,0.010,0.626,0.364
247500,0.010,0.647,0.343
248000,0.010,0.659,0.331
248500,0.011,0.655,0.334
249000,0.011,0.668,0.322
249500,0.011,0.650,0.340
250000,0.011,0.678,0.311
250500,0.011,0.695,0.295
251000,0.010,0.697,0.293
251500,0.010,0.692,0.298
252000,0.010,0.685,0.304
252500,0.010,0.696,0.294
253000,0.010,0.683,0.306
253500,0.010,0.649,0.341
254000,0.010,0.649,0.341
254500,0.010,0.650,0.340
255000,0.010,0.669,0.321
255500,0.010,0.667,0.323
256000,0.013,0.665,0.323
256500,0.011,0.624,0.366
257000,0.011,0.605,0.385
257500,0.010,0.620,0.370
258000,0.010,0.601,0.389
258500,0.010,0.618,0.372
259000,0.010,0.624,0.366
259500,0.011,0.584,0.405
260000,0.011,0.589,0.401
260500,0.010,0.578,0.412
261000,0.010,0.561,0.429
261500,0.013,0.584,0.404
262000,0.016,0.555,0.429
262500,0.013,0.574,0.413
263000,0.011,0.551,0.437
263500,0.011,0.576,0.413
264000,0.010,0.561,0.428
264500,0.010,0.580,0.410
265000,0.010,0.600,0.390
265500,0.010,0.600,0.390
266000,0.010,0.623,0.367
266500,0.010,0.625,0.365
267000,0.010,0.624,0.366
267500,0.010,0.595,0.395
268000,0.010,0.603,0.387
268500,0.013,0.568,0.420
269000,0.011,0.570,0.420
269500,0.011,0.582,0.408
270000,0.012,0.586,0.402
270500,0.011,0.628,0.361
271000,0.011,0.646,0.343
271500,0.010,0.655,0.335
272000,0.010,0.647,0.343
272500,0.010,0.650,0.340
273000,0.010,0.665,0.325
273500,0.010,0.699,0.291
274000,0.010,0.699,0.291
274500,0.010,0.691,0.299
275000,0.010,0.723,0.267
275500,0.010,0.722,0.268
276000,0.010,0.711,0.279
276500,0.010,0.707,0.283
277000,0.010,0.671,0.319
277500,0.010,0.702,0.288
278000,0.010,0.697,0.293
278500,0.010,0.700,0.290
279000,0.010,0.693,0.297
279500,0.010,0.695,0.295
280000,0.010,0.700,0.290
280500,0.010,0.690,0.300
281000,0.010,0.687,0.303
281500,0.010,0.652,0.338
282000,0.010,0.657,0.333
282500,0.010,0.641,0.349
283000,0.010,0.647,0.343
283500,0.010,0.650,0.340
284000,0.010,0.602,0.388
284500,0.010,0.593,0.397
285000,0.011,0.628,0.361
285500,0.011,0.613,0.377
286000,0.010,0.612,0.378
286500,0.010,0.611,0.379
287000,0.011,0.627,0.362
287500,0.011,0.651,0.338
288000,0.011,0.656,0.334
288500,0.010,0.644,0.346
289000,0.010,0.676,0.314
289500,0.010,0.700,0.290
290000,0.010,0.703,0.287
290500,0.010,0.727,0.263
291000,0.010,0.726,0.264
291500,0.010,0.715,0.275
292000,0.010,0.694,0.296
292500,0.010,0.650,0.340
293000,0.011,0.661,0.328
293500,0.011,0.652,0.337
294000,0.011,0.651,0.338
294500,0.010,0.668,0.322
295000,0.010,0.667,0.323
295500,0.010,0.684,0.306
296000,0.011,0.705,0.284
296500,0.011,0.699,0.291
297000,0.011,0.682,0.307
297500,0.011,0.707,0.283
298000,0.010,0.661,0.329
298500,0.010,0.635,0.355
299000,0.010,0.660,0.330
299500,0.010,0.671,0.319
300000,0.010,0.680,0.310
300500,0.013,0.701,0.287
301000,0.012,0.679,0.308
301500,0.011,0.650,0.340
302000,0.012,0.659,0.329
302500,0.011,0.652,0.337
303000,0.011,0.662,0.327
303500,0.010,0.650,0.340
304000,0.010,0.632,0.358
304500,0.010,0.659,0.331
305000,0.010,0.653,0.337
305500,0.010,0.690,0.300
306000,0.010,0.648,0.342
306500,0.010,0.602,0.388
307000,0.011,0.635,0.354
307500,0.011,0.665,0.325
308000,0.010,0.648,0.342
308500,0.010,0.651,0.339
309000,0.010,0.652,0.338
309500,0.010,0.642,0.348
310000,0.010,0.654,0.336
310500,0.010,0.673,0.317
311000,0.010,0.649,0.341
311500,0.010,0.687,0.303
312000,0.011,0.667,0.323
312500,0.010,0.665,0.325
313000,0.012,0.680,0.307
313500,0.011,0.684,0.305
314000,0.011,0.698,0.292
314500,0.010,0.704,0.286
315000,0.010,0.671,0.319
315500,0.010,0.639,0.351
316000,0.014,0.655,0.331
316500,0.011,0.638,0.351
317000,0.010,0.639,0.351
317500,0.010,0.634,0.356
318000,0.010,0.646,0.344
318500,0.010,0.664,0.326
319000,0.015,0.646,0.339
319500,0.011,0.646,0.343
320000,0.011,0.688,0.302
320500,0.010,0.665,0.325
321000,0.010,0.649,0.341
321500,0.010,0.648,0.342
322000,0.012,0.641,0.347
322500,0.010,0.645,0.345
323000,0.010,0.649,0.341
323500,0.010,0.655,0.335
324000,0.010,0.659,0.331
324500,0.010,0.642,0.348
325000,0.010,0.617,0.373
325500,0.011,0.584,0.405
326000,0.013,0.610,0.378
326500,0.010,0.595,0.395
327000,0.011,0.607,0.382
327500,0.013,0.605,0.383
328000,0.011,0.620,0.369
328500,0.011,0.659,0.330
329000,0.011,0.677,0.312
329500,0.011,0.653,0.337
330000,0.011,0.631,0.359
330500,0.010,0.633,0.357
331000,0.010,0.655,0.335
331500,0.010,0.681,0.309
332000,0.010,0.676,0.314
332500,0.010,0.676,0.314
333000,0.010,0.655,0.335
333500,0.010,0.671,0.319
334000,0.010,0.670,0.320
334500,0.011,0.677,0.312
335000,0.010,0.662,0.328
335500,0.010,0.635,0.355
336000,0.010,0.623,0.367
336500,0.010,0.625,0.365
337000,0.010,0.606,0.384
337500,0.011,0.631,0.357
338000,0.011,0.656,0.333
338500,0.010,0.673,0.317
339000,0.010,0.689,0.301
339500,0.010,0.677,0.313
340000,0.010,0.690,0.300
340500,0.010,0.668,0.322
341000,0.010,0.642,0.348
341500,0.010,0.659,0.331
342000,0.010,0.637,0.353
342500,0.010,0.643,0.347
343000,0.010,0.609,0.381
343500,0.010,0.603,0.387
344000,0.010,0.596,0.394
344500,0.010,0.588,0.402
345000,0.013,0.592,0.396
345500,0.012,0.613,0.375
346000,0.010,0.648,0.342
346500,0.010,0.619,0.371
347000,0.010,0.611,0.379
347500,0.011,0.591,0.398
348000,0.011,0.591,0.398
348500,0.011,0.601,0.388
349000,0.013,0.569,0.418
349500,0.011,0.573,0.416
350000,0.011,0.558,0.430
350500,0.011,0.585,0.405
351000,0.010,0.611,0.379
351500,0.010,0.615,0.375
352000,0.010,0.622,0.368
352500,0.010,0.647,0.343
353000,0.010,0.608,0.382
353500,0.010,0.594,0.396
354000,0.011,0.582,0.407
354500,0.013,0.613,0.375
355000,0.010,0.621,0.369
355500,0.010,0.659,0.331
356000,0.010,0.668,0.322
356500,0.010,0.664,0.326
357000,0.010,0.669,0.321
357500,0.010,0.682,0.307
358000,0.010,0.656,0.334
358500,0.011,0.615,0.375
359000,0.010,0.611,0.379
359500,0.010,0.625,0.365
360000,0.010,0.611,0.379
360500,0.010,0.600,0.390
361000,0.010,0.611,0.379
361500,0.013,0.646,0.341
362000,0.011,0.654,0.335
362500,0.010,0.635,0.355
363000,0.010,0.621,0.369
363500,0.011,0.608,0.381
364000,0.010,0.594,0.396
364500,0.010,0.587,0.403
365000,0.010,0.586,0.404
365500,0.010,0.598,0.392
366000,0.010,0.628,0.362
366500,0.010,0.659,0.331
367000,0.010,0.655,0.335
367500,0.010,0.660,0.330
368000,0.012,0.641,0.347
368500,0.010,0.617,0.373
369000,0.010,0.619,0.371
369500,0.010,0.612,0.378
370000,0.011,0.608,0.382
370500,0.010,0.591,0.399
371000,0.013,0.603,0.385
371500,0.011,0.623,0.367
372000,0.013,0.615,0.373
372500,0.013,0.604,0.383
373000,0.011,0.616,0.373
373500,0.010,0.620,0.370
374000,0.010,0.649,0.341
374500,0.010,0.666,0.324
375000,0.010,0.663,0.327
375500,0.010,0.658,0.332
376000,0.010,0.663,0.327
376500,0.010,0.662,0.328
377000,0.011,0.636,0.353
377500,0.012,0.631,0.357
378000,0.011,0.649,0.340
378500,0.011,0.646,0.344
379000,0.010,0.669,0.321
379500,0.010,0.659,0.331
380000,0.010,0.660,0.330
380500,0.010,0.687,0.303
381000,0.010,0.720,0.270
381500,0.010,0.722,0.268
382000,0.010,0.693,0.297
382500,0.010,0.660,0.330
383000,0.010,0.674,0.316
383500,0.010,0.665,0.325
384000,0.010,0.659,0.331
384500,0.010,0.706,0.284
385000,0.010,0.688,0.302
385500,0.010,0.695,0.295
386000,0.010,0.688,0.302
386500,0.010,0.681,0.308
387000,0.010,0.689,0.301
387500,0.010,0.698,0.292
388000,0.010,0.710,0.280
388500,0.010,0.729,0.261
389000,0.010,0.736,0.254
389500,0.010,0.702,0.288
390000,0.010,0.704,0.286
390500,0.010,0.705,0.285
391000,0.010,0.695,0.295
391500,0.010,0.669,0.321
392000,0.010,0.681,0.308
392500,0.010,0.662,0.328
393000,0.010,0.701,0.289
393500,0.010,0.680,0.310
394000,0.012,0.657,0.331
394500,0.010,0.671,0.319
395000,0.010,0.696,0.294
395500,0.010,0.699,0.291
396000,0.010,0.714,0.276
396500,0.010,0.718,0.272
397000,0.010,0.705,0.285
397500,0.010,0.691,0.299
398000,0.010,0.702,0.288
398500,0.012,0.682,0.305
399000,0.010,0.639,0.351
399500,0.010,0.644,0.346
400000,0.011,0.641,0.348
400500,0.011,0.621,0.368
401000,0.015,0.633,0.351
401500,0.011,0.639,0.350
402000,0.010,0.634,0.356
402500,0.010,0.660,0.330
403000,0.010,0.632,0.358
403500,0.011,0.628,0.361
404000,0.011,0.659,0.330
404500,0.013,0.657,0.330
405000,0.010,0.627,0.363
405500,0.010,0.630,0.360
406000,0.010,0.610,0.380
406500,0.010,0.630,0.360
407000,0.010,0.624,0.366
407500,0.013,0.597,0.391
408000,0.011,0.606,0.384
408500,0.011,0.605,0.385
409000,0.011,0.600,0.390
409500,0.010,0.616,0.374
410000,0.010,0.610,0.380
410500,0.012,0.623,0.365
411000,0.011,0.591,0.399
411500,0.010,0.582,0.408
412000,0.010,0.610,0.380
412500,0.010,0.577,0.413
413000,0.013,0.605,0.383
413500,0.015,0.572,0.414
414000,0.011,0.555,0.434
414500,0.010,0.578,0.412
415000,0.010,0.610,0.380
415500,0.010,0.626,0.364
416000,0.010,0.630,0.360
416500,0.013,0.638,0.350
417000,0.013,0.649,0.338
417500,0.011,0.639,0.351
418000,0.011,0.643,0.346
418500,0.010,0.670,0.320
419000,0.010,0.640,0.350
419500,0.010,0.693,0.297
420000,0.010,0.688,0.302
420500,0.010,0.716,0.274
421000,0.010,0.679,0.311
421500,0.010,0.657,0.333
422000,0.010,0.668,0.322
422500,0.010,0.640,0.350
423000,0.010,0.647,0.343
423500,0.010,0.691,0.299
424000,0.010,0.676,0.314
424500,0.010,0.653,0.337
425000,0.010,0.637,0.353
425500,0.011,0.628,0.360
426000,0.011,0.602,0.388
426500,0.012,0.622,0.366
427000,0.010,0.644,0.346
427500,0.010,0.643,0.347
428000,0.010,0.638,0.352
428500,0.010,0.666,0.324
429000,0.010,0.643,0.347
429500,0.010,0.624,0.366
430000,0.010,0.614,0.376
430500,0.010,0.618,0.372
431000,0.010,0.621,0.369
431500,0.011,0.632,0.357
432000,0.011,0.643,0.346
432500,0.010,0.643,0.347
433000,0.010,0.616,0.374
433500,0.014,0.599,0.387
434000,0.011,0.617,0.372
434500,0.011,0.604,0.385
435000,0.011,0.624,0.365
435500,0.010,0.615,0.375
436000,0.010,0.617,0.373
436500,0.010,0.618,0.372
437000,0.010,0.627,0.363
437500,0.010,0.615,0.375
438000,0.010,0.611,0.379
438500,0.010,0.646,0.344
439000,0.010,0.641,0.349
439500,0.010,0.616,0.374
440000,0.010,0.589,0.401
440500,0.010,0.612,0.378
441000,0.010,0.608,0.382
441500,0.010,0.572,0.418
442000,0.010,0.590,0.400
442500,0.010,0.601,0.389
443000,0.011,0.590,0.399
443500,0.011,0.608,0.381
444000,0.011,0.619,0.370
444500,0.013,0.607,0.380
445000,0.011,0.591,0.398
445500,0.011,0.591,0.398
446000,0.010,0.631,0.359
446500,0.010,0.620,0.370
447000,0.010,0.632,0.358
447500,0.010,0.586,0.404
448000,0.010,0.612,0.378
448500,0.010,0.649,0.341
449000,0.010,0.666,0.324
449500,0.011,0.643,0.345
450000,0.011,0.672,0.318
450500,0.010,0.652,0.338
451000,0.010,0.645,0.345
451500,0.010,0.645,0.345
452000,0.013,0.649,0.339
452500,0.011,0.638,0.351
453000,0.011,0.617,0.373
453500,0.010,0.598,0.392
454000,0.010,0.578,0.412
454500,0.011,0.559,0.429
455000,0.010,0.524,0.466
455500,0.015,0.530,0.454
456000,0.012,0.547,0.441
456500,0.010,0.562,0.428
457000,0.011,0.594,0.395
457500,0.011,0.597,0.392
458000,0.011,0.618,0.371
458500,0.011,0.635,0.354
459000,0.010,0.619,0.371
459500,0.010,0.573,0.417
460000,0.010,0.554,0.436
460500,0.011,0.536,0.452
461000,0.011,0.567,0.422
461500,0.010,0.586,0.404
462000,0.011,0.581,0.408
462500,0.011,0.558,0.431
463000,0.013,0.614,0.374
463500,0.011,0.607,0.382
464000,0.011,0.623,0.367
464500,0.013,0.604,0.384
465000,0.014,0.612,0.374
465500,0.012,0.614,0.374
466000,0.010,0.618,0.372
466500,0.010,0.648,0.342
467000,0.011,0.672,0.318
467500,0.011,0.674,0.315
468000,0.011,0.673,0.316
468500,0.010,0.696,0.294
469000,0.010,0.693,0.297
469500,0.010,0.705,0.285
470000,0.010,0.683,0.307
470500,0.010,0.691,0.299
471000,0.010,0.647,0.343
471500,0.010,0.647,0.343
472000,0.010,0.626,0.364
472500,0.010,0.633,0.357
473000,0.010,0.640,0.350
473500,0.013,0.638,0.349
474000,0.011,0.637,0.352
474500,0.011,0.613,0.376
475000,0.011,0.590,0.400
475500,0.010,0.580,0.410
476000,0.010,0.583,0.407
476500,0.010,0.610,0.380
477000,0.010,0.618,0.372
477500,0.012,0.564,0.424
478000,0.015,0.599,0.387
478500,0.013,0.609,0.378
479000,0.011,0.607,0.383
479500,0.011,0.618,0.372
480000,0.011,0.627,0.363
480500,0.010,0.612,0.378
481000,0.010,0.639,0.351
481500,0.010,0.643,0.347
482000,0.012,0.618,0.370
482500,0.013,0.628,0.358
483000,0.011,0.663,0.327
483500,0.010,0.668,0.322
484000,0.011,0.698,0.291
484500,0.011,0.734,0.256
485000,0.010,0.721,0.269
485500,0.010,0.705,0.285
486000,0.010,0.687,0.303
486500,0.013,0.691,0.296
487000,0.010,0.664,0.326
487500,0.012,0.651,0.337
488000,0.011,0.646,0.343
488500,0.011,0.645,0.344
489000,0.010,0.624,0.366
489500,0.010,0.612,0.378
490000,0.013,0.640,0.347
490500,0.011,0.653,0.336
491000,0.011,0.652,0.337
491500,0.011,0.650,0.340
492000,0.011,0.609,0.381
492500,0.010,0.599,0.391
493000,0.010,0.625,0.365
493500,0.010,0.659,0.331
494000,0.010,0.653,0.337
494500,0.010,0.675,0.315
495000,0.010,0.672,0.318
495500,0.010,0.682,0.308
496000,0.010,0.712,0.278
496500,0.010,0.739,0.251
497000,0.010,0.715,0.275
497500,0.010,0.698,0.292
498000,0.010,0.669,0.321
498500,0.010,0.689,0.301
499000,0.010,0.694,0.296
499500,0.010,0.683,0.307
500000,0.010,0.704,0.286
500500,0.010,0.692,0.298
501000,0.010,0.721,0.269
501500,0.010,0.706,0.284
502000,0.010,0.706,0.284
502500,0.010,0.717,0.273
503000,0.010,0.728,0.262
503500,0.010,0.730,0.260
504000,0.010,0.710,0.280
504500,0.010,0.694,0.296
505000,0.011,0.725,0.264
505500,0.010,0.718,0.272
506000,0.010,0.701,0.289
506500,0.010,0.688,0.302
507000,0.010,0.710,0.280
507500,0.010,0.677,0.313
508000,0.010,0.694,0.296
508500,0.011,0.645,0.344
509000,0.010,0.626,0.364
509500,0.010,0.639,0.351
510000,0.010,0.664,0.326
510500,0.010,0.679,0.310
511000,0.010,0.658,0.332
511500,0.010,0.669,0.321
512000,0.010,0.682,0.308
512500,0.010,0.665,0.325
513000,0.010,0.651,0.339
513500,0.010,0.621,0.369
514000,0.013,0.610,0.378
514500,0.011,0.582,0.407
515000,0.010,0.579,0.411
515500,0.010,0.591,0.399
516000,0.010,0.596,0.394
516500,0.010,0.622,0.368
517000,0.010,0.635,0.355
517500,0.010,0.647,0.343
518000,0.010,0.621,0.369
518500,0.010,0.609,0.381
519000,0.010,0.614,0.376
519500,0.012,0.590,0.398
520000,0.012,0.601,0.387
520500,0.013,0.566,0.421
521000,0.013,0.558,0.429
521500,0.011,0.609,0.380
522000,0.010,0.611,0.379
522500,0.012,0.603,0.385
523000,0.011,0.575,0.414
523500,0.012,0.569,0.419
524000,0.011,0.585,0.405
524500,0.010,0.602,0.388
525000,0.010,0.579,0.411
525500,0.010,0.604,0.386
526000,0.010,0.633,0.357
526500,0.010,0.628,0.362
527000,0.010,0.639,0.351
527500,0.010,0.637,0.353
528000,0.010,0.638,0.352
528500,0.010,0.633,0.357
529000,0.010,0.627,0.363
529500,0.010,0.662,0.328
530000,0.010,0.663,0.327
530500,0.010,0.669,0.321
531000,0.010,0.669,0.321
531500,0.010,0.660,0.330
532000,0.010,0.664,0.326
532500,0.010,0.686,0.303
533000,0.011,0.706,0.284
533500,0.011,0.709,0.281
534000,0.010,0.687,0.303
534500,0.010,0.648,0.342
535000,0.010,0.647,0.343
535500,0.012,0.686,0.302
536000,0.011,0.674,0.315
536500,0.011,0.626,0.363
537000,0.011,0.622,0.368
537500,0.010,0.641,0.349
538000,0.010,0.629,0.361
538500,0.010,0.594,0.396
539000,0.010,0.578,0.412
539500,0.010,0.639,0.351
540000,0.010,0.642,0.348
540500,0.010,0.661,0.329
541000,0.010,0.655,0.335
541500,0.012,0.618,0.370
542000,0.011,0.618,0.372
542500,0.011,0.629,0.360
543000,0.010,0.602,0.388
543500,0.011,0.610,0.379
544000,0.011,0.631,0.358
544500,0.011,0.637,0.352
545000,0.010,0.669,0.321
545500,0.010,0.660,0.330
546000,0.010,0.648,0.342
546500,0.010,0.676,0.314
547000,0.010,0.650,0.340
547500,0.013,0.649,0.339
548000,0.011,0.630,0.359
548500,0.010,0.642,0.348
549000,0.010,0.628,0.362
549500,0.010,0.639,0.351
550000,0.010,0.638,0.352
550500,0.011,0.647,0.341
551000,0.011,0.650,0.339
551500,0.010,0.630,0.360
552000,0.010,0.639,0.351
552500,0.010,0.661,0.329
553000,0.010,0.684,0.305
553500,0.010,0.676,0.314
554000,0.010,0.633,0.357
554500,0.010,0.650,0.340
555000,0.010,0.673,0.317
555500,0.010,0.672,0.318
556000,0.010,0.700,0.290
556500,0.010,0.677,0.313
557000,0.010,0.697,0.293
557500,0.010,0.698,0.292
558000,0.010,0.683,0.306
558500,0.013,0.681,0.306
559000,0.013,0.677,0.310
559500,0.011,0.648,0.341
560000,0.011,0.635,0.354
560500,0.011,0.643,0.346
561000,0.011,0.627,0.362
561500,0.010,0.605,0.385
562000,0.010,0.618,0.372
562500,0.010,0.604,0.386
563000,0.010,0.586,0.404
563500,0.010,0.592,0.398
564000,0.012,0.604,0.384
564500,0.011,0.624,0.365
565000,0.016,0.636,0.348
565500,0.013,0.633,0.355
566000,0.011,0.630,0.359
566500,0.010,0.577,0.413
567000,0.011,0.620,0.369
567500,0.013,0.635,0.352
568000,0.012,0.642,0.346
568500,0.011,0.649,0.340
569000,0.010,0.634,0.356
569500,0.010,0.625,0.365
570000,0.010,0.607,0.383
570500,0.010,0.590,0.400
571000,0.010,0.609,0.381
571500,0.013,0.556,0.431
572000,0.012,0.571,0.417
572500,0.011,0.584,0.405
573000,0.010,0.632,0.358
573500,0.010,0.657,0.333
574000,0.010,0.698,0.292
574500,0.011,0.701,0.288
575000,0.011,0.692,0.297
575500,0.011,0.681,0.308
576000,0.011,0.669,0.321
576500,0.011,0.658,0.332
577000,0.010,0.651,0.339
577500,0.010,0.604,0.386
578000,0.010,0.625,0.365
578500,0.010,0.678,0.311
579000,0.010,0.708,0.282
579500,0.010,0.741,0.249
580000,0.010,0.723,0.267
580500,0.010,0.702,0.288
581000,0.010,0.692,0.298
581500,0.010,0.699,0.291
582000,0.010,0.687,0.303
582500,0.010,0.682,0.308
583000,0.010,0.680,0.309
583500,0.010,0.620,0.370
584000,0.010,0.648,0.342
584500,0.013,0.634,0.353
585000,0.015,0.605,0.380
585500,0.011,0.608,0.381
586000,0.012,0.596,0.392
586500,0.010,0.660,0.330
587000,0.010,0.654,0.336
587500,0.010,0.685,0.304
588000,0.010,0.638,0.352
588500,0.010,0.664,0.326
589000,0.011,0.670,0.319
589500,0.010,0.655,0.335
590000,0.010,0.642,0.348
590500,0.010,0.654,0.336
591000,0.010,0.684,0.305
591500,0.012,0.654,0.334
592000,0.011,0.669,0.320
592500,0.011,0.644,0.345
593000,0.011,0.623,0.367
593500,0.010,0.626,0.364
594000,0.011,0.612,0.377
594500,0.011,0.634,0.356
595000,0.010,0.671,0.319
595500,0.010,0.697,0.293
596000,0.010,0.692,0.298
596500,0.010,0.708,0.282
597000,0.010,0.742,0.248
597500,0.010,0.736,0.254
598000,0.010,0.701,0.289
598500,0.010,0.709,0.281
599000,0.010,0.718,0.272
599500,0.010,0.689,0.301
600000,0.010,0.707,0.283
600500,0.010,0.682,0.308
601000,0.010,0.664,0.326
601500,0.010,0.691,0.299
602000,0.010,0.707,0.283
602500,0.010,0.696,0.294
603000,0.010,0.690,0.300
603500,0.010,0.639,0.351
604000,0.010,0.634,0.356
604500,0.010,0.607,0.383
605000,0.010,0.633,0.357
605500,0.010,0.650,0.340
606000,0.010,0.618,0.372
606500,0.011,0.611,0.378
607000,0.011,0.614,0.376
607500,0.011,0.616,0.374
608000,0.010,0.601,0.389
608500,0.010,0.628,0.362
609000,0.010,0.608,0.382
609500,0.012,0.597,0.391
610000,0.011,0.593,0.396
610500,0.011,0.625,0.365
611000,0.010,0.629,0.361
611500,0.010,0.641,0.349
612000,0.010,0.640,0.350
612500,0.010,0.660,0.330
613000,0.013,0.634,0.353
613500,0.011,0.636,0.352
614000,0.012,0.634,0.354
614500,0.011,0.612,0.377
615000,0.011,0.631,0.359
615500,0.011,0.610,0.380
616000,0.010,0.625,0.365
616500,0.010,0.629,0.361
617000,0.012,0.625,0.363
617500,0.013,0.589,0.398
618000,0.011,0.613,0.376
618500,0.011,0.570,0.419
619000,0.010,0.615,0.375
619500,0.010,0.607,0.383
620000,0.012,0.595,0.393
620500,0.011,0.629,0.360
621000,0.010,0.644,0.346
621500,0.010,0.674,0.316
622000,0.010,0.694,0.296
622500,0.010,0.701,0.289
623000,0.010,0.702,0.288
623500,0.010,0.686,0.303
624000,0.011,0.636,0.352
624500,0.013,0.645,0.341
625000,0.012,0.673,0.315
625500,0.010,0.653,0.337
626000,0.010,0.674,0.316
626500,0.010,0.674,0.316
627000,0.010,0.691,0.299
627500,0.010,0.688,0.302
628000,0.010,0.693,0.297
628500,0.010,0.674,0.316
629000,0.013,0.663,0.324
629500,0.011,0.674,0.315
630000,0.010,0.654,0.336
630500,0.010,0.663,0.327
631000,0.010,0.649,0.341
631500,0.010,0.653,0.337
632000,0.010,0.617,0.373
632500,0.010,0.575,0.415
633000,0.010,0.607,0.383
633500,0.010,0.591,0.399
634000,0.010,0.584,0.406
634500,0.011,0.612,0.377
635000,0.011,0.627,0.362
635500,0.011,0.632,0.357
636000,0.010,0.636,0.354
636500,0.010,0.628,0.362
637000,0.010,0.604,0.386
637500,0.010,0.600,0.390
638000,0.010,0.639,0.351
638500,0.010,0.640,0.350
639000,0.010,0.636,0.354
639500,0.010,0.658,0.332
640000,0.010,0.690,0.300
640500,0.010,0.669,0.321
641000,0.010,0.666,0.324
641500,0.010,0.675,0.315
642000,0.010,0.661,0.329
642500,0.010,0.662,0.328
643000,0.010,0.677,0.313
643500,0.010,0.692,0.298
644000,0.010,0.703,0.287
644500,0.010,0.692,0.298
645000,0.010,0.679,0.311
645500,0.010,0.699,0.291
646000,0.010,0.686,0.303
646500,0.010,0.655,0.335
647000,0.011,0.654,0.334
647500,0.011,0.668,0.322
648000,0.010,0.663,0.327
648500,0.013,0.643,0.344
649000,0.011,0.637,0.352
649500,0.010,0.635,0.355
650000,0.010,0.637,0.353
650500,0.010,0.660,0.330
651000,0.011,0.684,0.304
651500,0.011,0.666,0.324
652000,0.010,0.641,0.349
652500,0.010,0.629,0.361
653000,0.010,0.632,0.358
653500,0.010,0.655,0.335
654000,0.010,0.681,0.309
654500,0.011,0.653,0.336
655000,0.013,0.650,0.337
655500,0.011,0.650,0.339
656000,0.010,0.620,0.370
656500,0.012,0.616,0.372
657000,0.011,0.619,0.370
657500,0.011,0.664,0.325
658000,0.011,0.638,0.352
658500,0.011,0.640,0.348
659000,0.011,0.629,0.360
659500,0.011,0.644,0.346
660000,0.013,0.648,0.340
660500,0.011,0.649,0.340
661000,0.011,0.652,0.337
661500,0.010,0.632,0.358
662000,0.010,0.610,0.380
662500,0.012,0.640,0.348
663000,0.013,0.640,0.347
663500,0.014,0.608,0.378
664000,0.011,0.626,0.363
664500,0.010,0.605,0.385
665000,0.010,0.619,0.371
665500,0.012,0.620,0.368
666000,0.011,0.649,0.340
666500,0.010,0.661,0.329
667000,0.013,0.663,0.324
667500,0.011,0.655,0.334
668000,0.010,0.664,0.326
668500,0.010,0.669,0.321
669000,0.010,0.660,0.330
669500,0.010,0.674,0.316
670000,0.010,0.691,0.299
670500,0.010,0.678,0.311
671000,0.012,0.675,0.312
671500,0.011,0.688,0.302
672000,0.011,0.646,0.343
672500,0.010,0.664,0.326
673000,0.010,0.644,0.346
673500,0.010,0.612,0.378
674000,0.010,0.645,0.345
674500,0.010,0.632,0.358
675000,0.010,0.639,0.351
675500,0.010,0.620,0.370
676000,0.010,0.633,0.357
676500,0.010,0.636,0.354
677000,0.010,0.622,0.368
677500,0.016,0.622,0.362
678000,0.013,0.632,0.355
678500,0.011,0.645,0.344
679000,0.010,0.645,0.345
679500,0.010,0.635,0.355
680000,0.010,0.614,0.376
680500,0.012,0.619,0.369
681000,0.011,0.579,0.410
681500,0.015,0.549,0.436
682000,0.011,0.532,0.457
682500,0.010,0.564,0.426
683000,0.013,0.608,0.380
683500,0.011,0.613,0.376
684000,0.011,0.601,0.389
684500,0.011,0.571,0.419
685000,0.010,0.563,0.427
685500,0.013,0.569,0.419
686000,0.010,0.593,0.397
686500,0.010,0.575,0.415
687000,0.010,0.572,0.418
687500,0.011,0.600,0.390
688000,0.011,0.620,0.369
688500,0.010,0.620,0.370
689000,0.010,0.635,0.355
689500,0.010,0.668,0.322
690000,0.010,0.662,0.328
690500,0.010,0.657,0.333
691000,0.010,0.672,0.318
691500,0.010,0.685,0.304
692000,0.010,0.694,0.296
692500,0.010,0.700,0.290
693000,0.010,0.716,0.274
693500,0.010,0.696,0.294
694000,0.010,0.707,0.283
694500,0.010,0.671,0.319
695000,0.010,0.680,0.309
695500,0.010,0.707,0.283
696000,0.010,0.717,0.273
696500,0.010,0.722,0.268
697000,0.010,0.726,0.264
697500,0.010,0.682,0.308
698000,0.010,0.670,0.320
698500,0.011,0.629,0.360
699000,0.011,0.661,0.329
699500,0.010,0.627,0.363
700000,0.010,0.601,0.389
700500,0.010,0.620,0.370
701000,0.011,0.609,0.380
701500,0.010,0.596,0.394
702000,0.010,0.603,0.387
702500,0.010,0.623,0.367
703000,0.010,0.594,0.396
703500,0.010,0.609,0.381
704000,0.013,0.587,0.400
704500,0.014,0.616,0.370
705000,0.011,0.602,0.388
705500,0.011,0.622,0.368
706000,0.010,0.641,0.349
706500,0.013,0.674,0.313
707000,0.011,0.678,0.310
707500,0.011,0.658,0.332
708000,0.011,0.662,0.327
708500,0.010,0.681,0.309
709000,0.010,0.668,0.322
709500,0.010,0.678,0.312
710000,0.010,0.675,0.315
710500,0.013,0.616,0.372
711000,0.011,0.615,0.375
711500,0.011,0.625,0.364
712000,0.011,0.646,0.344
712500,0.011,0.652,0.337
713000,0.010,0.638,0.352
713500,0.010,0.633,0.357
714000,0.010,0.646,0.344
714500,0.011,0.619,0.370
715000,0.011,0.614,0.375
715500,0.015,0.617,0.368
716000,0.013,0.593,0.394
716500,0.011,0.605,0.385
717000,0.011,0.593,0.397
717500,0.011,0.631,0.359
718000,0.011,0.661,0.329
718500,0.013,0.611,0.377
719000,0.011,0.632,0.357
719500,0.011,0.635,0.355
720000,0.010,0.661,0.329
720500,0.010,0.663,0.327
721000,0.010,0.684,0.306
721500,0.010,0.684,0.306
722000,0.010,0.680,0.309
722500,0.010,0.688,0.302
723000,0.010,0.664,0.326
723500,0.010,0.655,0.335
724000,0.010,0.620,0.370
724500,0.010,0.630,0.360
725000,0.010,0.625,0.365
725500,0.011,0.641,0.348
726000,0.010,0.637,0.353
726500,0.010,0.627,0.363
727000,0.010,0.650,0.340
727500,0.013,0.649,0.338
728000,0.011,0.653,0.336
728500,0.010,0.646,0.344
729000,0.015,0.637,0.348
729500,0.013,0.688,0.299
730000,0.011,0.681,0.307
730500,0.011,0.677,0.312
731000,0.010,0.693,0.297
731500,0.010,0.697,0.293
732000,0.010,0.676,0.314
732500,0.010,0.686,0.303
733000,0.010,0.683,0.306
733500,0.010,0.700,0.290
734000,0.010,0.661,0.329
734500,0.010,0.666,0.324
735000,0.010,0.660,0.330
735500,0.010,0.648,0.342
736000,0.010,0.669,0.321
736500,0.010,0.661,0.329
737000,0.013,0.678,0.308
737500,0.011,0.669,0.321
738000,0.011,0.635,0.354
738500,0.010,0.647,0.343
739000,0.010,0.633,0.357
739500,0.012,0.607,0.381
740000,0.011,0.639,0.350
740500,0.011,0.623,0.367
741000,0.011,0.626,0.364
741500,0.010,0.628,0.362
742000,0.011,0.646,0.343
742500,0.012,0.618,0.370
743000,0.011,0.628,0.361
743500,0.010,0.627,0.363
744000,0.010,0.651,0.339
744500,0.011,0.628,0.361
745000,0.013,0.636,0.352
745500,0.013,0.581,0.407
746000,0.011,0.598,0.391
746500,0.013,0.587,0.401
747000,0.011,0.533,0.456
747500,0.010,0.520,0.470
748000,0.015,0.513,0.473
748500,0.018,0.554,0.428
749000,0.018,0.525,0.458
749500,0.014,0.539,0.447
750000,0.012,0.566,0.422
750500,0.011,0.559,0.430
751000,0.010,0.562,0.427
751500,0.012,0.568,0.420
752000,0.013,0.581,0.407
752500,0.011,0.602,0.387
753000,0.010,0.649,0.341
753500,0.010,0.658,0.332
754000,0.010,0.703,0.287
754500,0.010,0.692,0.298
755000,0.010,0.700,0.290
755500,0.010,0.726,0.264
756000,0.010,0.721,0.269
756500,0.010,0.711,0.279
757000,0.010,0.668,0.322
757500,0.010,0.678,0.311
758000,0.010,0.713,0.277
758500,0.010,0.676,0.314
759000,0.010,0.636,0.354
759500,0.010,0.634,0.356
760000,0.012,0.630,0.358
760500,0.011,0.634,0.355
761000,0.010,0.634,0.356
761500,0.010,0.600,0.390
762000,0.010,0.584,0.406
762500,0.012,0.577,0.411
763000,0.013,0.562,0.425
763500,0.011,0.574,0.416
764000,0.010,0.596,0.394
764500,0.010,0.625,0.365
765000,0.010,0.632,0.358
765500,0.010,0.633,0.357
766000,0.010,0.618,0.372
766500,0.010,0.601,0.389
767000,0.010,0.611,0.379
767500,0.013,0.628,0.360
768000,0.011,0.614,0.375
768500,0.010,0.620,0.370
769000,0.010,0.627,0.363
769500,0.010,0.633,0.357
770000,0.010,0.653,0.337
770500,0.010,0.662,0.328
771000,0.012,0.684,0.304
771500,0.011,0.701,0.288
772000,0.011,0.666,0.323
772500,0.010,0.654,0.336
773000,0.010,0.623,0.367
773500,0.010,0.606,0.384
774000,0.010,0.618,0.372
774500,0.010,0.631,0.359
775000,0.010,0.646,0.344
775500,0.010,0.653,0.337
776000,0.010,0.645,0.345
776500,0.010,0.653,0.337
777000,0.010,0.650,0.340
777500,0.010,0.647,0.343
778000,0.010,0.637,0.353
778500,0.010,0.660,0.330
779000,0.010,0.669,0.321
779500,0.013,0.655,0.332
780000,0.018,0.616,0.366
780500,0.013,0.571,0.416
781000,0.015,0.614,0.372
781500,0.018,0.625,0.358
782000,0.011,0.632,0.356
782500,0.010,0.634,0.356
783000,0.010,0.655,0.335
783500,0.010,0.660,0.330
784000,0.011,0.646,0.344
784500,0.011,0.677,0.312
785000,0.010,0.688,0.302
785500,0.010,0.684,0.306
786000,0.010,0.686,0.303
786500,0.013,0.672,0.315
787000,0.011,0.671,0.318
787500,0.011,0.639,0.351
788000,0.012,0.645,0.343
788500,0.011,0.662,0.326
789000,0.011,0.660,0.330
789500,0.011,0.641,0.348
790000,0.010,0.664,0.326
790500,0.010,0.683,0.307
791000,0.010,0.658,0.332
791500,0.010,0.664,0.326
792000,0.010,0.641,0.349
792500,0.010,0.606,0.384
793000,0.010,0.657,0.333
793500,0.010,0.673,0.317
794000,0.013,0.668,0.320
794500,0.012,0.649,0.339
795000,0.010,0.644,0.346
795500,0.010,0.646,0.344
796000,0.011,0.688,0.301
796500,0.010,0.694,0.296
797000,0.010,0.689,0.301
797500,0.013,0.694,0.293
798000,0.011,0.680,0.309
798500,0.011,0.687,0.302
799000,0.010,0.668,0.322
799500,0.010,0.673,0.317
800000,0.010,0.675,0.315
800500,0.010,0.642,0.348
801000,0.010,0.631,0.359
801500,0.013,0.634,0.353
802000,0.011,0.644,0.345
802500,0.011,0.655,0.334
803000,0.010,0.659,0.331
803500,0.010,0.649,0.341
804000,0.010,0.661,0.329
804500,0.011,0.659,0.331
805000,0.011,0.650,0.339
805500,0.011,0.675,0.315
806000,0.011,0.673,0.316
806500,0.011,0.669,0.321
807000,0.011,0.686,0.303
807500,0.010,0.699,0.291
808000,0.010,0.678,0.311
808500,0.010,0.685,0.305
809000,0.010,0.660,0.330
809500,0.010,0.669,0.321
810000,0.010,0.659,0.331
810500,0.012,0.653,0.335
811000,0.011,0.612,0.377
811500,0.011,0.607,0.383
812000,0.013,0.586,0.402
812500,0.011,0.604,0.385
813000,0.010,0.630,0.360
813500,0.010,0.606,0.384
814000,0.013,0.626,0.362
814500,0.014,0.647,0.339
815000,0.011,0.640,0.349
815500,0.010,0.681,0.308
816000,0.010,0.682,0.308
816500,0.010,0.644,0.346
817000,0.011,0.645,0.344
817500,0.011,0.651,0.338
818000,0.011,0.680,0.309
818500,0.011,0.658,0.332
819000,0.011,0.649,0.340
819500,0.010,0.631,0.359
820000,0.010,0.662,0.328
820500,0.010,0.630,0.360
821000,0.011,0.602,0.388
821500,0.013,0.628,0.359
822000,0.011,0.632,0.357
822500,0.015,0.611,0.374
823000,0.013,0.629,0.358
823500,0.011,0.596,0.393
824000,0.011,0.612,0.378
824500,0.012,0.650,0.338
825000,0.010,0.678,0.312
825500,0.010,0.668,0.322
826000,0.010,0.702,0.288
826500,0.010,0.701,0.289
827000,0.010,0.679,0.310
827500,0.010,0.676,0.314
828000,0.010,0.663,0.327
828500,0.010,0.659,0.331
829000,0.010,0.691,0.299
829500,0.010,0.710,0.280
830000,0.010,0.676,0.314
830500,0.010,0.676,0.314
831000,0.010,0.663,0.327
831500,0.010,0.725,0.265
832000,0.010,0.720,0.270
832500,0.010,0.690,0.300
833000,0.010,0.691,0.299
833500,0.010,0.647,0.343
834000,0.010,0.651,0.339
834500,0.010,0.638,0.352
835000,0.010,0.639,0.351
835500,0.011,0.632,0.356
836000,0.011,0.633,0.356
836500,0.010,0.639,0.351
837000,0.010,0.616,0.374
837500,0.010,0.589,0.401
838000,0.010,0.587,0.403
838500,0.017,0.616,0.367
839000,0.013,0.620,0.368
839500,0.011,0.618,0.371
840000,0.011,0.647,0.342
840500,0.011,0.659,0.331
841000,0.011,0.602,0.387
841500,0.010,0.590,0.400
842000,0.010,0.623,0.367
842500,0.010,0.596,0.394
843000,0.010,0.621,0.369
843500,0.010,0.620,0.370
844000,0.010,0.604,0.386
844500,0.012,0.584,0.404
845000,0.012,0.635,0.353
845500,0.011,0.647,0.342
846000,0.010,0.685,0.305
846500,0.010,0.703,0.287
847000,0.010,0.682,0.308
847500,0.010,0.660,0.330
848000,0.010,0.668,0.322
848500,0.010,0.670,0.320
849000,0.010,0.667,0.323
849500,0.010,0.686,0.303
850000,0.010,0.675,0.315
850500,0.010,0.667,0.323
851000,0.010,0.633,0.357
851500,0.010,0.635,0.355
852000,0.010,0.630,0.360
852500,0.010,0.647,0.343
853000,0.010,0.664,0.326
853500,0.010,0.654,0.336
854000,0.010,0.634,0.356
854500,0.011,0.660,0.329
855000,0.010,0.661,0.329
855500,0.011,0.654,0.335
856000,0.011,0.629,0.360
856500,0.011,0.618,0.372
857000,0.011,0.624,0.366
857500,0.010,0.634,0.356
858000,0.010,0.612,0.378
858500,0.013,0.655,0.332
859000,0.011,0.666,0.323
859500,0.011,0.652,0.337
860000,0.010,0.648,0.342
860500,0.010,0.657,0.333
861000,0.010,0.648,0.342
861500,0.010,0.643,0.347
862000,0.010,0.652,0.338
862500,0.010,0.650,0.340
863000,0.010,0.642,0.348
863500,0.010,0.664,0.326
864000,0.011,0.669,0.320
864500,0.011,0.687,0.302
865000,0.010,0.665,0.325
865500,0.013,0.665,0.322
866000,0.012,0.684,0.304
866500,0.011,0.695,0.294
867000,0.011,0.719,0.271
867500,0.011,0.725,0.265
868000,0.010,0.737,0.253
868500,0.010,0.738,0.252
869000,0.010,0.707,0.283
869500,0.010,0.710,0.280
870000,0.010,0.701,0.289
870500,0.010,0.719,0.271
871000,0.010,0.705,0.285
871500,0.010,0.668,0.322
872000,0.012,0.652,0.336
872500,0.011,0.628,0.362
873000,0.011,0.621,0.369
873500,0.011,0.623,0.367
874000,0.010,0.616,0.374
874500,0.010,0.623,0.367
875000,0.010,0.631,0.359
875500,0.010,0.645,0.345
876000,0.010,0.648,0.342
876500,0.010,0.613,0.377
877000,0.010,0.600,0.390
877500,0.010,0.592,0.398
878000,0.013,0.607,0.380
878500,0.015,0.619,0.367
879000,0.013,0.615,0.373
879500,0.011,0.614,0.375
880000,0.011,0.608,0.382
880500,0.011,0.587,0.402
881000,0.011,0.612,0.377
881500,0.012,0.626,0.362
882000,0.011,0.626,0.363
882500,0.011,0.649,0.341
883000,0.010,0.660,0.330
883500,0.010,0.656,0.334
884000,0.010,0.647,0.343
884500,0.010,0.680,0.310
885000,0.010,0.692,0.298
885500,0.010,0.687,0.303
886000,0.010,0.675,0.315
886500,0.013,0.663,0.324
887000,0.011,0.679,0.309
887500,0.011,0.682,0.307
888000,0.011,0.673,0.316
888500,0.010,0.692,0.298
889000,0.010,0.668,0.322
889500,0.010,0.664,0.326
890000,0.010,0.669,0.321
890500,0.010,0.656,0.334
891000,0.010,0.651,0.339
891500,0.010,0.652,0.338
892000,0.010,0.649,0.341
892500,0.010,0.685,0.305
893000,0.010,0.670,0.320
893500,0.010,0.642,0.348
894000,0.010,0.621,0.369
894500,0.010,0.625,0.365
895000,0.010,0.652,0.338
895500,0.010,0.649,0.341
896000,0.010,0.619,0.371
896500,0.010,0.619,0.371
897000,0.011,0.645,0.344
897500,0.010,0.630,0.360
898000,0.010,0.623,0.367
898500,0.013,0.630,0.357
899000,0.011,0.629,0.360
899500,0.010,0.650,0.340
900000,0.010,0.632,0.358
900500,0.010,0.642,0.348
901000,0.010,0.628,0.362
901500,0.011,0.624,0.366
902000,0.013,0.615,0.373
902500,0.011,0.611,0.378
903000,0.011,0.619,0.370
903500,0.013,0.606,0.381
904000,0.013,0.641,0.346
904500,0.011,0.622,0.367
905000,0.010,0.643,0.347
905500,0.010,0.651,0.339
906000,0.010,0.677,0.313
906500,0.010,0.672,0.318
907000,0.010,0.690,0.300
907500,0.010,0.667,0.323
908000,0.011,0.662,0.327
908500,0.010,0.662,0.328
909000,0.010,0.639,0.351
909500,0.010,0.652,0.338
910000,0.010,0.650,0.340
910500,0.010,0.619,0.371
911000,0.010,0.597,0.393
911500,0.012,0.590,0.398
912000,0.011,0.585,0.404
912500,0.011,0.602,0.388
913000,0.010,0.613,0.377
913500,0.010,0.595,0.395
914000,0.010,0.584,0.406
914500,0.010,0.582,0.408
915000,0.013,0.589,0.398
915500,0.011,0.573,0.417
916000,0.013,0.623,0.365
916500,0.013,0.588,0.399
917000,0.011,0.612,0.377
917500,0.011,0.641,0.349
918000,0.010,0.645,0.345
918500,0.010,0.649,0.341
919000,0.010,0.640,0.350
919500,0.010,0.643,0.347
920000,0.010,0.653,0.337
920500,0.010,0.664,0.326
921000,0.011,0.658,0.331
921500,0.013,0.662,0.325
922000,0.011,0.703,0.286
922500,0.010,0.694,0.296
923000,0.010,0.662,0.328
923500,0.010,0.680,0.309
924000,0.011,0.679,0.310
924500,0.010,0.682,0.308
925000,0.010,0.646,0.344
925500,0.010,0.606,0.384
926000,0.010,0.629,0.361
926500,0.010,0.641,0.349
927000,0.010,0.643,0.347
927500,0.010,0.637,0.353
928000,0.010,0.634,0.356
928500,0.010,0.634,0.356
929000,0.010,0.652,0.338
929500,0.010,0.672,0.318
930000,0.010,0.647,0.343
930500,0.010,0.652,0.338
931000,0.010,0.625,0.365
931500,0.010,0.643,0.347
932000,0.010,0.650,0.340
932500,0.010,0.687,0.303
933000,0.010,0.686,0.303
933500,0.010,0.678,0.311
934000,0.011,0.681,0.307
934500,0.012,0.674,0.314
935000,0.013,0.709,0.279
935500,0.013,0.692,0.296
936000,0.011,0.697,0.293
936500,0.011,0.688,0.302
937000,0.010,0.665,0.325
937500,0.011,0.649,0.340
938000,0.010,0.658,0.332
938500,0.010,0.697,0.293
939000,0.010,0.682,0.307
939500,0.010,0.691,0.299
940000,0.010,0.710,0.280
940500,0.010,0.714,0.276
941000,0.010,0.688,0.302
941500,0.010,0.680,0.310
942000,0.010,0.702,0.288
942500,0.010,0.673,0.317
943000,0.010,0.632,0.358
943500,0.010,0.624,0.366
944000,0.010,0.619,0.371
944500,0.010,0.662,0.328
945000,0.010,0.644,0.346
945500,0.010,0.637,0.353
946000,0.013,0.646,0.342
946500,0.011,0.692,0.297
947000,0.011,0.675,0.314
947500,0.010,0.651,0.339
948000,0.010,0.650,0.340
948500,0.010,0.648,0.342
949000,0.010,0.615,0.375
949500,0.010,0.616,0.374
950000,0.010,0.618,0.372
950500,0.010,0.640,0.350
951000,0.010,0.673,0.317
951500,0.010,0.666,0.324
952000,0.010,0.693,0.297
952500,0.010,0.658,0.332
953000,0.011,0.647,0.342
953500,0.011,0.643,0.347
954000,0.010,0.583,0.407
954500,0.010,0.592,0.398
955000,0.010,0.597,0.393
955500,0.010,0.593,0.397
956000,0.010,0.593,0.397
956500,0.010,0.601,0.389
957000,0.011,0.626,0.362
957500,0.011,0.674,0.316
958000,0.010,0.676,0.314
958500,0.010,0.715,0.275
959000,0.010,0.679,0.310
959500,0.010,0.722,0.268
960000,0.010,0.689,0.301
960500,0.010,0.655,0.335
961000,0.010,0.705,0.285
961500,0.010,0.680,0.309
962000,0.010,0.655,0.335
962500,0.010,0.658,0.332
963000,0.010,0.658,0.332
963500,0.010,0.667,0.323
964000,0.013,0.632,0.355
964500,0.011,0.615,0.374
965000,0.010,0.564,0.426
965500,0.011,0.560,0.428
966000,0.011,0.592,0.398
966500,0.010,0.589,0.401
967000,0.010,0.609,0.381
967500,0.010,0.641,0.349
968000,0.010,0.632,0.358
968500,0.010,0.654,0.336
969000,0.010,0.631,0.359
969500,0.010,0.632,0.358
970000,0.010,0.640,0.350
970500,0.010,0.609,0.381
971000,0.010,0.606,0.384
971500,0.011,0.616,0.373
972000,0.010,0.598,0.392
972500,0.010,0.588,0.402
973000,0.011,0.612,0.377
973500,0.011,0.590,0.400
974000,0.010,0.589,0.401
974500,0.010,0.598,0.392
975000,0.010,0.606,0.384
975500,0.010,0.612,0.378
976000,0.010,0.634,0.356
976500,0.010,0.622,0.368
977000,0.010,0.629,0.361
977500,0.010,0.629,0.361
978000,0.010,0.628,0.362
978500,0.011,0.627,0.361
979000,0.011,0.643,0.347
979500,0.010,0.650,0.340
980000,0.010,0.646,0.344
980500,0.010,0.644,0.346
981000,0.010,0.637,0.353
981500,0.010,0.599,0.391
982000,0.010,0.618,0.372
982500,0.010,0.636,0.354
983000,0.010,0.625,0.365
983500,0.010,0.619,0.371
984000,0.010,0.604,0.386
984500,0.010,0.637,0.353
985000,0.010,0.632,0.358
985500,0.010,0.663,0.327
986000,0.010,0.657,0.333
986500,0.010,0.686,0.304
987000,0.010,0.658,0.332
987500,0.010,0.688,0.302
988000,0.010,0.685,0.304
988500,0.010,0.663,0.327
989000,0.010,0.663,0.327
989500,0.010,0.669,0.321
990000,0.010,0.699,0.291
990500,0.012,0.681,0.307
991000,0.011,0.667,0.322
991500,0.010,0.690,0.300
992000,0.010,0.686,0.303
992500,0.013,0.684,0.303
993000,0.011,0.693,0.297
993500,0.010,0.646,0.344
994000,0.010,0.647,0.343
994500,0.010,0.653,0.337
995000,0.010,0.668,0.322
995500,0.010,0.682,0.307
996000,0.010,0.678,0.312
996500,0.010,0.676,0.314
997000,0.010,0.657,0.333
997500,0.010,0.671,0.319
998000,0.010,0.655,0.335
998500,0.010,0.672,0.318
999000,0.010,0.706,0.284
999500,0.011,0.692,0.297
1000000,0.012,0.678,0.309
