time,n_A+p,n_B,n_AB
500,0.030,0.921,0.049
1000,0.031,0.885,0.084
1500,0.031,0.917,0.052
2000,0.030,0.890,0.080
2500,0.031,0.901,0.068
3000,0.030,0.877,0.093
3500,0.030,0.876,0.094
4000,0.030,0.939,0.031
4500,0.032,0.893,0.075
5000,0.030,0.919,0.051
5500,0.030,0.899,0.071
6000,0.030,0.915,0.055
6500,0.031,0.836,0.133
7000,0.030,0.866,0.104
7500,0.030,0.899,0.071
8000,0.031,0.887,0.082
8500,0.030,0.894,0.076
9000,0.030,0.900,0.070
9500,0.031,0.882,0.087
10000,0.030,0.909,0.061
10500,0.030,0.908,0.062
11000,0.030,0.915,0.055
11500,0.030,0.913,0.057
12000,0.031,0.920,0.049
12500,0.030,0.883,0.087
13000,0.030,0.905,0.065
13500,0.034,0.885,0.081
14000,0.033,0.853,0.114
14500,0.031,0.876,0.093
15000,0.030,0.872,0.098
15500,0.032,0.896,0.072
16000,0.032,0.863,0.105
16500,0.030,0.851,0.119
17000,0.032,0.892,0.076
17500,0.030,0.883,0.087
18000,0.031,0.906,0.063
18500,0.030,0.890,0.080
19000,0.030,0.924,0.046
19500,0.030,0.903,0.067
20000,0.030,0.915,0.055
20500,0.030,0.876,0.094
21000,0.031,0.830,0.139
21500,0.031,0.874,0.095
22000,0.031,0.882,0.087
22500,0.031,0.872,0.097
23000,0.030,0.855,0.115
23500,0.030,0.892,0.078
24000,0.030,0.888,0.082
24500,0.031,0.873,0.096
25000,0.031,0.858,0.111
25500,0.031,0.877,0.092
26000,0.031,0.854,0.115
26500,0.030,0.863,0.107
27000,0.031,0.872,0.097
27500,0.030,0.909,0.061
28000,0.030,0.912,0.058
28500,0.031,0.916,0.053
29000,0.030,0.926,0.044
29500,0.030,0.921,0.049
30000,0.030,0.905,0.065
30500,0.030,0.893,0.077
31000,0.030,0.905,0.065
31500,0.030,0.892,0.078
32000,0.030,0.865,0.105
32500,0.031,0.848,0.121
33000,0.031,0.872,0.097
33500,0.030,0.853,0.117
34000,0.030,0.874,0.096
34500,0.031,0.861,0.108
35000,0.030,0.894,0.076
35500,0.030,0.882,0.088
36000,0.030,0.892,0.078
36500,0.030,0.901,0.069
37000,0.032,0.886,0.082
37500,0.030,0.884,0.086
38000,0.030,0.883,0.087
38500,0.030,0.890,0.080
39000,0.032,0.871,0.097
39500,0.031,0.871,0.098
40000,0.030,0.862,0.108
40500,0.030,0.928,0.042
41000,0.030,0.913,0.057
41500,0.030,0.930,0.040
42000,0.030,0.907,0.063
42500,0.030,0.927,0.043
43000,0.031,0.933,0.036
43500,0.030,0.935,0.035
44000,0.030,0.902,0.068
44500,0.030,0.888,0.082
45000,0.030,0.899,0.071
45500,0.032,0.854,0.114
46000,0.033,0.845,0.122
46500,0.030,0.857,0.113
47000,0.031,0.861,0.108
47500,0.031,0.879,0.090
48000,0.034,0.839,0.127
48500,0.032,0.808,0.160
49000,0.030,0.872,0.098
49500,0.030,0.879,0.091
50000,0.030,0.916,0.054
50500,0.030,0.912,0.058
51000,0.031,0.934,0.035
51500,0.030,0.897,0.073
52000,0.030,0.906,0.064
52500,0.030,0.910,0.060
53000,0.031,0.926,0.043
53500,0.031,0.885,0.084
54000,0.030,0.853,0.117
54500,0.031,0.888,0.081
55000,0.031,0.863,0.106
55500,0.032,0.877,0.091
56000,0.030,0.896,0.074
56500,0.030,0.886,0.084
57000,0.032,0.885,0.083
57500,0.030,0.874,0.096
58000,0.030,0.896,0.074
58500,0.032,0.859,0.109
59000,0.032,0.861,0.107
59500,0.032,0.895,0.073
60000,0.031,0.873,0.096
60500,0.030,0.867,0.103
61000,0.030,0.906,0.064
61500,0.030,0.910,0.060
62000,0.031,0.914,0.055
62500,0.030,0.882,0.088
63000,0.030,0.862,0.108
63500,0.030,0.917,0.053
64000,0.030,0.894,0.076
64500,0.030,0.872,0.098
65000,0.030,0.911,0.059
65500,0.033,0.833,0.134
66000,0.030,0.909,0.061
66500,0.030,0.898,0.072
67000,0.030,0.941,0.029
67500,0.030,0.919,0.051
68000,0.030,0.923,0.047
68500,0.030,0.898,0.072
69000,0.031,0.919,0.050
69500,0.032,0.879,0.089
70000,0.034,0.871,0.095
70500,0.030,0.905,0.065
71000,0.032,0.885,0.083
71500,0.031,0.909,0.060
72000,0.030,0.908,0.062
72500,0.030,0.903,0.067
73000,0.031,0.918,0.051
73500,0.030,0.879,0.091
74000,0.030,0.867,0.103
74500,0.031,0.893,0.076
75000,0.032,0.895,0.073
75500,0.031,0.940,0.029
76000,0.031,0.928,0.041
76500,0.030,0.915,0.055
77000,0.030,0.906,0.064
77500,0.030,0.907,0.063
78000,0.032,0.863,0.105
78500,0.030,0.892,0.078
79000,0.030,0.889,0.081
79500,0.031,0.887,0.082
80000,0.031,0.921,0.048
80500,0.031,0.853,0.116
81000,0.031,0.862,0.107
81500,0.031,0.851,0.118
82000,0.030,0.883,0.087
82500,0.031,0.818,0.151
83000,0.030,0.876,0.094
83500,0.030,0.908,0.062
84000,0.030,0.882,0.088
84500,0.030,0.874,0.096
85000,0.031,0.899,0.070
85500,0.030,0.885,0.085
86000,0.030,0.937,0.033
86500,0.030,0.918,0.052
87000,0.033,0.903,0.064
87500,0.031,0.891,0.078
88000,0.031,0.923,0.046
88500,0.030,0.897,0.073
89000,0.032,0.831,0.137
89500,0.031,0.834,0.135
90000,0.030,0.821,0.149
90500,0.032,0.832,0.136
91000,0.031,0.895,0.074
91500,0.030,0.907,0.063
92000,0.030,0.917,0.053
92500,0.030,0.933,0.037
93000,0.031,0.905,0.064
93500,0.030,0.914,0.056
94000,0.031,0.909,0.060
94500,0.031,0.851,0.118
95000,0.033,0.858,0.109
95500,0.032,0.852,0.116
96000,0.030,0.857,0.113
96500,0.030,0.887,0.083
97000,0.030,0.870,0.100
97500,0.030,0.883,0.087
98000,0.033,0.808,0.159
98500,0.031,0.842,0.127
99000,0.030,0.888,0.082
99500,0.031,0.908,0.061
100000,0.030,0.888,0.082
100500,0.030,0.912,0.058
101000,0.030,0.865,0.105
101500,0.031,0.907,0.062
102000,0.030,0.907,0.063
102500,0.030,0.913,0.057
103000,0.030,0.919,0.051
103500,0.030,0.896,0.074
104000,0.030,0.903,0.067
104500,0.030,0.928,0.042
105000,0.030,0.908,0.062
105500,0.031,0.896,0.073
106000,0.030,0.890,0.080
106500,0.030,0.879,0.091
107000,0.030,0.858,0.112
107500,0.030,0.838,0.132
108000,0.030,0.875,0.095
108500,0.030,0.893,0.077
109000,0.031,0.895,0.074
109500,0.032,0.882,0.086
110000,0.031,0.830,0.139
110500,0.032,0.900,0.068
111000,0.032,0.888,0.080
111500,0.030,0.882,0.088
112000,0.030,0.944,0.026
112500,0.031,0.935,0.034
113000,0.032,0.905,0.063
113500,0.030,0.910,0.060
114000,0.030,0.922,0.048
114500,0.031,0.889,0.080
115000,0.033,0.821,0.146
115500,0.030,0.873,0.097
116000,0.030,0.894,0.076
116500,0.030,0.894,0.076
117000,0.032,0.863,0.105
117500,0.031,0.904,0.065
118000,0.031,0.881,0.088
118500,0.030,0.860,0.110
119000,0.030,0.925,0.045
119500,0.031,0.882,0.087
120000,0.030,0.878,0.092
120500,0.034,0.856,0.110
121000,0.030,0.916,0.054
121500,0.030,0.926,0.044
122000,0.030,0.921,0.049
122500,0.030,0.908,0.062
123000,0.030,0.888,0.082
123500,0.036,0.849,0.115
124000,0.030,0.831,0.139
124500,0.030,0.884,0.086
125000,0.030,0.911,0.059
125500,0.030,0.888,0.082
126000,0.031,0.861,0.108
126500,0.030,0.891,0.079
127000,0.030,0.892,0.078
127500,0.030,0.902,0.068
128000,0.030,0.868,0.102
128500,0.031,0.850,0.119
129000,0.031,0.874,0.095
129500,0.030,0.902,0.068
130000,0.030,0.882,0.088
130500,0.030,0.890,0.080
131000,0.030,0.896,0.074
131500,0.030,0.909,0.061
132000,0.031,0.840,0.129
132500,0.030,0.895,0.075
133000,0.032,0.911,0.057
133500,0.030,0.926,0.044
134000,0.030,0.892,0.078
134500,0.030,0.900,0.070
135000,0.031,0.919,0.050
135500,0.030,0.916,0.054
136000,0.031,0.897,0.072
136500,0.031,0.922,0.047
137000,0.031,0.889,0.080
137500,0.030,0.880,0.090
138000,0.030,0.903,0.067
138500,0.030,0.880,0.090
139000,0.030,0.865,0.105
139500,0.032,0.891,0.077
140000,0.030,0.907,0.063
140500,0.030,0.879,0.091
141000,0.030,0.874,0.096
141500,0.030,0.915,0.055
142000,0.032,0.878,0.090
142500,0.032,0.847,0.121
143000,0.032,0.858,0.110
143500,0.031,0.875,0.094
144000,0.031,0.890,0.079
144500,0.032,0.906,0.062
145000,0.031,0.924,0.045
145500,0.030,0.912,0.058
146000,0.030,0.918,0.052
146500,0.030,0.898,0.072
147000,0.030,0.890,0.080
147500,0.031,0.815,0.154
148000,0.030,0.890,0.080
148500,0.030,0.870,0.100
149000,0.030,0.884,0.086
149500,0.031,0.887,0.082
150000,0.030,0.881,0.089
150500,0.032,0.904,0.064
151000,0.032,0.891,0.077
151500,0.033,0.878,0.089
152000,0.030,0.856,0.114
152500,0.034,0.851,0.115
153000,0.030,0.904,0.066
153500,0.033,0.864,0.103
154000,0.033,0.874,0.093
154500,0.032,0.854,0.114
155000,0.032,0.829,0.139
155500,0.033,0.852,0.115
156000,0.030,0.873,0.097
156500,0.030,0.878,0.092
157000,0.030,0.904,0.066
157500,0.030,0.903,0.067
158000,0.030,0.864,0.106
158500,0.031,0.868,0.101
159000,0.030,0.871,0.099
159500,0.030,0.889,0.081
160000,0.030,0.887,0.083
160500,0.030,0.892,0.078
161000,0.031,0.856,0.113
161500,0.030,0.926,0.044
162000,0.030,0.919,0.051
162500,0.030,0.917,0.053
163000,0.031,0.908,0.061
163500,0.030,0.898,0.072
164000,0.030,0.857,0.113
164500,0.030,0.895,0.075
165000,0.030,0.900,0.070
165500,0.030,0.897,0.073
166000,0.031,0.885,0.084
166500,0.031,0.853,0.116
167000,0.030,0.871,0.099
167500,0.030,0.925,0.045
168000,0.030,0.894,0.076
168500,0.032,0.860,0.108
169000,0.032,0.863,0.105
169500,0.031,0.893,0.076
170000,0.030,0.873,0.097
170500,0.031,0.906,0.063
171000,0.030,0.871,0.099
171500,0.030,0.891,0.079
172000,0.030,0.915,0.055
172500,0.030,0.910,0.060
173000,0.030,0.938,0.032
173500,0.030,0.872,0.098
174000,0.033,0.843,0.124
174500,0.030,0.849,0.121
175000,0.031,0.851,0.118
175500,0.031,0.862,0.107
176000,0.031,0.844,0.125
176500,0.030,0.851,0.119
177000,0.032,0.845,0.123
177500,0.030,0.893,0.077
178000,0.031,0.900,0.069
178500,0.030,0.876,0.094
179000,0.033,0.862,0.105
179500,0.033,0.871,0.096
180000,0.031,0.828,0.141
180500,0.030,0.843,0.127
181000,0.030,0.878,0.092
181500,0.030,0.899,0.071
182000,0.032,0.893,0.075
182500,0.030,0.897,0.073
183000,0.034,0.880,0.086
183500,0.030,0.865,0.105
184000,0.030,0.875,0.095
184500,0.030,0.870,0.100
185000,0.030,0.878,0.092
185500,0.030,0.849,0.121
186000,0.031,0.883,0.086
186500,0.030,0.868,0.102
187000,0.030,0.881,0.089
187500,0.030,0.934,0.036
188000,0.030,0.893,0.077
188500,0.033,0.845,0.122
189000,0.032,0.841,0.127
189500,0.030,0.860,0.110
190000,0.030,0.882,0.088
190500,0.030,0.872,0.098
191000,0.031,0.911,0.058
191500,0.030,0.897,0.073
192000,0.031,0.917,0.052
192500,0.030,0.917,0.053
193000,0.030,0.919,0.051
193500,0.032,0.874,0.094
194000,0.030,0.909,0.061
194500,0.031,0.903,0.066
195000,0.032,0.890,0.078
195500,0.031,0.875,0.094
196000,0.030,0.869,0.101
196500,0.030,0.905,0.065
197000,0.030,0.891,0.079
197500,0.030,0.870,0.100
198000,0.030,0.904,0.066
198500,0.031,0.851,0.118
199000,0.031,0.877,0.092
199500,0.032,0.887,0.081
200000,0.030,0.912,0.058
200500,0.030,0.884,0.086
201000,0.030,0.878,0.092
201500,0.030,0.879,0.091
202000,0.031,0.889,0.080
202500,0.031,0.887,0.082
203000,0.033,0.852,0.115
203500,0.030,0.875,0.095
204000,0.030,0.904,0.066
204500,0.031,0.904,0.065
205000,0.030,0.908,0.062
205500,0.030,0.828,0.142
206000,0.030,0.822,0.148
206500,0.030,0.910,0.060
207000,0.030,0.866,0.104
207500,0.031,0.845,0.124
208000,0.030,0.873,0.097
208500,0.031,0.907,0.062
209000,0.030,0.904,0.066
209500,0.030,0.864,0.106
210000,0.031,0.919,0.050
210500,0.030,0.911,0.059
211000,0.030,0.877,0.093
211500,0.030,0.854,0.116
212000,0.030,0.853,0.117
212500,0.030,0.908,0.062
213000,0.030,0.899,0.071
213500,0.030,0.880,0.090
214000,0.030,0.861,0.109
214500,0.030,0.850,0.120
215000,0.031,0.902,0.067
215500,0.030,0.890,0.080
216000,0.030,0.857,0.113
216500,0.031,0.866,0.103
217000,0.030,0.886,0.084
217500,0.030,0.861,0.109
218000,0.032,0.877,0.091
218500,0.030,0.919,0.051
219000,0.030,0.880,0.090
219500,0.030,0.869,0.101
220000,0.031,0.837,0.132
220500,0.030,0.870,0.100
221000,0.030,0.855,0.115
221500,0.031,0.846,0.123
222000,0.030,0.880,0.090
222500,0.030,0.862,0.108
223000,0.033,0.823,0.144
223500,0.031,0.840,0.129
224000,0.031,0.881,0.088
224500,0.030,0.924,0.046
225000,0.030,0.887,0.083
225500,0.031,0.909,0.060
226000,0.031,0.914,0.055
226500,0.030,0.923,0.047
227000,0.030,0.888,0.082
227500,0.030,0.889,0.081
228000,0.030,0.904,0.066
228500,0.030,0.899,0.071
229000,0.030,0.871,0.099
229500,0.030,0.866,0.104
230000,0.031,0.867,0.102
230500,0.030,0.890,0.080
231000,0.030,0.890,0.080
231500,0.030,0.885,0.085
232000,0.032,0.909,0.059
232500,0.031,0.909,0.060
233000,0.032,0.906,0.062
233500,0.030,0.878,0.092
234000,0.031,0.884,0.085
234500,0.030,0.852,0.118
235000,0.030,0.894,0.076
235500,0.031,0.898,0.071
236000,0.030,0.892,0.078
236500,0.031,0.861,0.108
237000,0.032,0.852,0.116
237500,0.031,0.889,0.080
238000,0.030,0.907,0.063
238500,0.031,0.892,0.077
239000,0.030,0.897,0.073
239500,0.031,0.910,0.059
240000,0.030,0.931,0.039
240500,0.030,0.924,0.046
241000,0.030,0.921,0.049
241500,0.030,0.890,0.080
242000,0.030,0.910,0.060
242500,0.030,0.868,0.102
243000,0.031,0.899,0.070
243500,0.031,0.853,0.116
244000,0.030,0.836,0.134
244500,0.032,0.877,0.091
245000,0.030,0.856,0.114
245500,0.032,0.910,0.058
246000,0.030,0.922,0.048
246500,0.030,0.919,0.051
247000,0.030,0.856,0.114
247500,0.031,0.898,0.071
248000,0.032,0.880,0.088
248500,0.030,0.886,0.084
249000,0.030,0.893,0.077
249500,0.030,0.906,0.064
250000,0.030,0.908,0.062
250500,0.030,0.867,0.103
251000,0.030,0.846,0.124
251500,0.032,0.909,0.059
252000,0.032,0.870,0.098
252500,0.031,0.865,0.104
253000,0.031,0.868,0.101
253500,0.031,0.897,0.072
254000,0.032,0.896,0.072
254500,0.031,0.872,0.097
255000,0.031,0.901,0.068
255500,0.030,0.870,0.100
256000,0.030,0.872,0.098
256500,0.031,0.876,0.093
257000,0.032,0.883,0.085
257500,0.031,0.886,0.083
258000,0.030,0.934,0.036
258500,0.031,0.916,0.053
259000,0.030,0.828,0.142
259500,0.031,0.895,0.074
260000,0.031,0.862,0.107
260500,0.030,0.899,0.071
261000,0.031,0.896,0.073
261500,0.030,0.860,0.110
262000,0.032,0.794,0.174
262500,0.030,0.873,0.097
263000,0.030,0.907,0.063
263500,0.030,0.844,0.126
264000,0.030,0.847,0.123
264500,0.030,0.902,0.068
265000,0.031,0.867,0.102
265500,0.031,0.865,0.104
266000,0.030,0.883,0.087
266500,0.030,0.879,0.091
267000,0.030,0.857,0.113
267500,0.030,0.874,0.096
268000,0.032,0.835,0.133
268500,0.030,0.858,0.112
269000,0.030,0.893,0.077
269500,0.030,0.876,0.094
270000,0.030,0.867,0.103
270500,0.031,0.838,0.131
271000,0.032,0.907,0.061
271500,0.031,0.886,0.083
272000,0.030,0.895,0.075
272500,0.030,0.892,0.078
273000,0.032,0.916,0.052
273500,0.030,0.904,0.066
274000,0.030,0.882,0.088
274500,0.030,0.908,0.062
275000,0.030,0.911,0.059
275500,0.030,0.924,0.046
276000,0.030,0.904,0.066
276500,0.031,0.899,0.070
277000,0.032,0.870,0.098
277500,0.030,0.857,0.113
278000,0.030,0.845,0.125
278500,0.033,0.918,0.049
279000,0.031,0.841,0.128
279500,0.032,0.848,0.120
280000,0.030,0.881,0.089
280500,0.031,0.845,0.124
281000,0.030,0.854,0.116
281500,0.030,0.871,0.099
282000,0.030,0.904,0.066
282500,0.030,0.936,0.034
283000,0.030,0.859,0.111
283500,0.031,0.886,0.083
284000,0.031,0.882,0.087
284500,0.030,0.880,0.090
285000,0.030,0.854,0.116
285500,0.031,0.886,0.083
286000,0.030,0.886,0.084
286500,0.030,0.899,0.071
287000,0.030,0.853,0.117
287500,0.030,0.888,0.082
288000,0.030,0.893,0.077
288500,0.030,0.928,0.042
289000,0.031,0.906,0.063
289500,0.031,0.884,0.085
290000,0.030,0.924,0.046
290500,0.030,0.917,0.053
291000,0.031,0.866,0.103
291500,0.030,0.890,0.080
292000,0.030,0.923,0.047
292500,0.030,0.908,0.062
293000,0.030,0.911,0.059
293500,0.031,0.903,0.066
294000,0.031,0.898,0.071
294500,0.032,0.903,0.065
295000,0.030,0.875,0.095
295500,0.030,0.841,0.129
296000,0.030,0.856,0.114
296500,0.030,0.903,0.067
297000,0.030,0.902,0.068
297500,0.030,0.929,0.041
298000,0.030,0.884,0.086
298500,0.032,0.894,0.074
299000,0.030,0.876,0.094
299500,0.031,0.846,0.123
300000,0.030,0.827,0.143
300500,0.032,0.872,0.096
301000,0.030,0.922,0.048
301500,0.031,0.876,0.093
302000,0.030,0.895,0.075
302500,0.030,0.897,0.073
303000,0.030,0.933,0.037
303500,0.030,0.909,0.061
304000,0.030,0.875,0.095
304500,0.030,0.879,0.091
305000,0.030,0.866,0.104
305500,0.030,0.851,0.119
306000,0.030,0.891,0.079
306500,0.030,0.910,0.060
307000,0.030,0.939,0.031
307500,0.030,0.945,0.025
308000,0.030,0.899,0.071
308500,0.030,0.899,0.071
309000,0.030,0.866,0.104
309500,0.031,0.891,0.078
310000,0.030,0.915,0.055
310500,0.030,0.906,0.064
311000,0.030,0.917,0.053
311500,0.030,0.933,0.037
312000,0.030,0.901,0.069
312500,0.030,0.857,0.113
313000,0.030,0.868,0.102
313500,0.030,0.859,0.111
314000,0.032,0.833,0.135
314500,0.030,0.852,0.118
315000,0.030,0.871,0.099
315500,0.030,0.861,0.109
316000,0.030,0.860,0.110
316500,0.030,0.908,0.062
317000,0.030,0.894,0.076
317500,0.030,0.904,0.066
318000,0.030,0.922,0.048
318500,0.031,0.918,0.051
319000,0.030,0.863,0.107
319500,0.031,0.930,0.039
320000,0.032,0.879,0.089
320500,0.030,0.920,0.050
321000,0.030,0.890,0.080
321500,0.030,0.911,0.059
322000,0.030,0.917,0.053
322500,0.031,0.904,0.065
323000,0.032,0.904,0.064
323500,0.030,0.922,0.048
324000,0.031,0.901,0.068
324500,0.032,0.910,0.058
325000,0.032,0.875,0.093
325500,0.030,0.884,0.086
326000,0.030,0.904,0.066
326500,0.030,0.884,0.086
327000,0.030,0.899,0.071
327500,0.030,0.882,0.088
328000,0.030,0.882,0.088
328500,0.030,0.901,0.069
329000,0.030,0.906,0.064
329500,0.030,0.903,0.067
330000,0.031,0.870,0.099
330500,0.032,0.902,0.066
331000,0.030,0.892,0.078
331500,0.030,0.901,0.069
332000,0.030,0.888,0.082
332500,0.030,0.877,0.093
333000,0.030,0.870,0.100
333500,0.030,0.887,0.083
334000,0.030,0.881,0.089
334500,0.030,0.877,0.093
335000,0.030,0.901,0.069
335500,0.030,0.905,0.065
336000,0.030,0.911,0.059
336500,0.030,0.867,0.103
337000,0.030,0.883,0.087
337500,0.030,0.911,0.059
338000,0.031,0.872,0.097
338500,0.032,0.897,0.071
339000,0.031,0.887,0.082
339500,0.030,0.842,0.128
340000,0.031,0.888,0.081
340500,0.030,0.875,0.095
341000,0.030,0.874,0.096
341500,0.030,0.899,0.071
342000,0.033,0.884,0.083
342500,0.031,0.854,0.115
343000,0.031,0.900,0.069
343500,0.030,0.856,0.114
344000,0.031,0.820,0.149
344500,0.030,0.834,0.136
345000,0.030,0.858,0.112
345500,0.032,0.885,0.083
346000,0.030,0.893,0.077
346500,0.031,0.889,0.080
347000,0.030,0.868,0.102
347500,0.030,0.865,0.105
348000,0.030,0.875,0.095
348500,0.032,0.888,0.080
349000,0.030,0.810,0.160
349500,0.031,0.856,0.113
350000,0.030,0.869,0.101
350500,0.030,0.826,0.144
351000,0.031,0.858,0.111
351500,0.030,0.875,0.095
352000,0.030,0.863,0.107
352500,0.030,0.869,0.101
353000,0.030,0.879,0.091
353500,0.031,0.836,0.133
354000,0.032,0.844,0.124
354500,0.030,0.820,0.150
355000,0.031,0.876,0.093
355500,0.030,0.897,0.073
356000,0.032,0.891,0.077
356500,0.031,0.899,0.070
357000,0.030,0.879,0.091
357500,0.031,0.865,0.104
358000,0.033,0.877,0.090
358500,0.031,0.834,0.135
359000,0.030,0.863,0.107
359500,0.030,0.868,0.102
360000,0.030,0.914,0.056
360500,0.030,0.882,0.088
361000,0.031,0.907,0.062
361500,0.030,0.891,0.079
362000,0.030,0.845,0.125
362500,0.031,0.892,0.077
363000,0.032,0.863,0.105
363500,0.030,0.871,0.099
364000,0.030,0.892,0.078
364500,0.031,0.861,0.108
365000,0.031,0.864,0.105
365500,0.032,0.857,0.111
366000,0.030,0.826,0.144
366500,0.030,0.877,0.093
367000,0.031,0.871,0.098
367500,0.030,0.890,0.080
368000,0.030,0.865,0.105
368500,0.030,0.892,0.078
369000,0.031,0.895,0.074
369500,0.030,0.887,0.083
370000,0.030,0.892,0.078
370500,0.030,0.887,0.083
371000,0.030,0.917,0.053
371500,0.030,0.928,0.042
372000,0.030,0.928,0.042
372500,0.030,0.913,0.057
373000,0.030,0.904,0.066
373500,0.030,0.870,0.100
374000,0.030,0.902,0.068
374500,0.031,0.891,0.078
375000,0.030,0.901,0.069
375500,0.031,0.907,0.062
376000,0.030,0.908,0.062
376500,0.030,0.910,0.060
377000,0.030,0.875,0.095
377500,0.031,0.899,0.070
378000,0.031,0.839,0.130
378500,0.031,0.847,0.122
379000,0.032,0.861,0.107
379500,0.031,0.836,0.133
380000,0.033,0.853,0.114
380500,0.032,0.863,0.105
381000,0.030,0.884,0.086
381500,0.030,0.922,0.048
382000,0.032,0.900,0.068
382500,0.030,0.911,0.059
383000,0.031,0.847,0.122
383500,0.031,0.899,0.070
384000,0.030,0.881,0.089
384500,0.032,0.827,0.141
385000,0.034,0.761,0.205
385500,0.033,0.798,0.169
386000,0.030,0.870,0.100
386500,0.032,0.884,0.084
387000,0.031,0.867,0.102
387500,0.031,0.861,0.108
388000,0.030,0.845,0.125
388500,0.030,0.873,0.097
389000,0.030,0.918,0.052
389500,0.031,0.870,0.099
390000,0.031,0.891,0.078
390500,0.030,0.867,0.103
391000,0.030,0.899,0.071
391500,0.030,0.893,0.077
392000,0.030,0.872,0.098
392500,0.030,0.903,0.067
393000,0.031,0.892,0.077
393500,0.030,0.896,0.074
394000,0.030,0.850,0.120
394500,0.030,0.872,0.098
395000,0.030,0.863,0.107
395500,0.030,0.824,0.146
396000,0.031,0.870,0.099
396500,0.030,0.880,0.090
397000,0.030,0.898,0.072
397500,0.031,0.904,0.065
398000,0.030,0.919,0.051
398500,0.030,0.870,0.100
399000,0.030,0.887,0.083
399500,0.030,0.873,0.097
400000,0.030,0.857,0.113
400500,0.033,0.893,0.074
401000,0.030,0.857,0.113
401500,0.030,0.920,0.050
402000,0.030,0.871,0.099
402500,0.030,0.870,0.100
403000,0.030,0.896,0.074
403500,0.030,0.918,0.052
404000,0.030,0.881,0.089
404500,0.031,0.928,0.041
405000,0.031,0.915,0.054
405500,0.030,0.864,0.106
406000,0.030,0.895,0.075
406500,0.032,0.839,0.129
407000,0.031,0.844,0.125
407500,0.030,0.844,0.126
408000,0.030,0.880,0.090
408500,0.030,0.883,0.087
409000,0.030,0.907,0.063
409500,0.030,0.867,0.103
410000,0.030,0.900,0.070
410500,0.030,0.865,0.105
411000,0.031,0.865,0.104
411500,0.031,0.881,0.088
412000,0.031,0.850,0.119
412500,0.031,0.883,0.086
413000,0.030,0.926,0.044
413500,0.030,0.898,0.072
414000,0.030,0.940,0.030
414500,0.030,0.880,0.090
415000,0.030,0.873,0.097
415500,0.032,0.890,0.078
416000,0.030,0.938,0.032
416500,0.030,0.927,0.043
417000,0.030,0.916,0.054
417500,0.032,0.903,0.065
418000,0.030,0.899,0.071
418500,0.031,0.898,0.071
419000,0.030,0.856,0.114
419500,0.030,0.891,0.079
420000,0.030,0.886,0.084
420500,0.031,0.881,0.088
421000,0.030,0.874,0.096
421500,0.030,0.841,0.129
422000,0.030,0.909,0.061
422500,0.030,0.924,0.046
423000,0.030,0.850,0.120
423500,0.031,0.847,0.122
424000,0.031,0.844,0.125
424500,0.031,0.915,0.054
425000,0.030,0.889,0.081
425500,0.030,0.912,0.058
426000,0.030,0.904,0.066
426500,0.030,0.899,0.071
427000,0.030,0.861,0.109
427500,0.030,0.890,0.080
428000,0.030,0.907,0.063
428500,0.030,0.891,0.079
429000,0.030,0.889,0.081
429500,0.033,0.884,0.083
430000,0.030,0.849,0.121
430500,0.032,0.904,0.064
431000,0.032,0.876,0.092
431500,0.030,0.863,0.107
432000,0.031,0.920,0.049
432500,0.030,0.893,0.077
433000,0.031,0.895,0.074
433500,0.032,0.875,0.093
434000,0.030,0.912,0.058
434500,0.030,0.925,0.045
435000,0.030,0.905,0.065
435500,0.030,0.883,0.087
436000,0.032,0.883,0.085
436500,0.030,0.917,0.053
437000,0.030,0.939,0.031
437500,0.030,0.932,0.038
438000,0.030,0.910,0.060
438500,0.030,0.909,0.061
439000,0.030,0.911,0.059
439500,0.030,0.864,0.106
440000,0.032,0.877,0.091
440500,0.033,0.852,0.115
441000,0.031,0.873,0.096
441500,0.030,0.864,0.106
442000,0.030,0.880,0.090
442500,0.030,0.883,0.087
443000,0.034,0.902,0.064
443500,0.030,0.839,0.131
444000,0.031,0.862,0.107
444500,0.031,0.884,0.085
445000,0.030,0.896,0.074
445500,0.031,0.905,0.064
446000,0.030,0.892,0.078
446500,0.031,0.893,0.076
447000,0.030,0.873,0.097
447500,0.030,0.873,0.097
448000,0.030,0.896,0.074
448500,0.030,0.882,0.088
449000,0.030,0.865,0.105
449500,0.030,0.896,0.074
450000,0.032,0.837,0.131
450500,0.030,0.877,0.093
451000,0.031,0.882,0.087
451500,0.030,0.867,0.103
452000,0.030,0.858,0.112
452500,0.030,0.833,0.137
453000,0.030,0.863,0.107
453500,0.034,0.888,0.078
454000,0.032,0.889,0.079
454500,0.031,0.907,0.062
455000,0.030,0.853,0.117
455500,0.030,0.863,0.107
456000,0.032,0.809,0.159
456500,0.032,0.816,0.152
457000,0.030,0.906,0.064
457500,0.031,0.879,0.090
458000,0.034,0.870,0.096
458500,0.030,0.898,0.072
459000,0.032,0.868,0.100
459500,0.030,0.910,0.060
460000,0.030,0.897,0.073
460500,0.030,0.909,0.061
461000,0.031,0.922,0.047
461500,0.030,0.892,0.078
462000,0.030,0.919,0.051
462500,0.030,0.908,0.062
463000,0.030,0.883,0.087
463500,0.031,0.897,0.072
464000,0.034,0.915,0.051
464500,0.034,0.869,0.097
465000,0.032,0.874,0.094
465500,0.031,0.889,0.080
466000,0.030,0.905,0.065
466500,0.030,0.891,0.079
467000,0.030,0.925,0.045
467500,0.030,0.903,0.067
468000,0.030,0.925,0.045
468500,0.030,0.904,0.066
469000,0.030,0.903,0.067
469500,0.031,0.901,0.068
470000,0.030,0.897,0.073
470500,0.030,0.902,0.068
471000,0.030,0.862,0.108
471500,0.032,0.889,0.079
472000,0.032,0.843,0.125
472500,0.030,0.894,0.076
473000,0.030,0.888,0.082
473500,0.030,0.919,0.051
474000,0.030,0.921,0.049
474500,0.030,0.915,0.055
475000,0.032,0.877,0.091
475500,0.032,0.853,0.115
476000,0.030,0.854,0.116
476500,0.032,0.887,0.081
477000,0.030,0.929,0.041
477500,0.031,0.915,0.054
478000,0.030,0.885,0.085
478500,0.032,0.865,0.103
479000,0.030,0.841,0.129
479500,0.030,0.828,0.142
480000,0.030,0.878,0.092
480500,0.030,0.906,0.064
481000,0.030,0.907,0.063
481500,0.031,0.893,0.076
482000,0.030,0.851,0.119
482500,0.031,0.867,0.102
483000,0.030,0.897,0.073
483500,0.033,0.844,0.123
484000,0.032,0.870,0.098
484500,0.030,0.910,0.060
485000,0.030,0.895,0.075
485500,0.031,0.866,0.103
486000,0.031,0.869,0.100
486500,0.030,0.932,0.038
487000,0.030,0.896,0.074
487500,0.031,0.851,0.118
488000,0.030,0.879,0.091
488500,0.031,0.833,0.136
489000,0.031,0.872,0.097
489500,0.030,0.912,0.058
490000,0.030,0.869,0.101
490500,0.030,0.875,0.095
491000,0.030,0.870,0.100
491500,0.030,0.869,0.101
492000,0.031,0.860,0.109
492500,0.030,0.886,0.084
493000,0.030,0.882,0.088
493500,0.030,0.868,0.102
494000,0.030,0.897,0.073
494500,0.031,0.895,0.074
495000,0.032,0.922,0.046
495500,0.030,0.887,0.083
496000,0.030,0.898,0.072
496500,0.031,0.866,0.103
497000,0.030,0.874,0.096
497500,0.030,0.889,0.081
498000,0.030,0.901,0.069
498500,0.030,0.916,0.054
499000,0.036,0.868,0.096
499500,0.031,0.854,0.115
500000,0.030,0.880,0.090
500500,0.030,0.930,0.040
501000,0.030,0.910,0.060
501500,0.030,0.892,0.078
502000,0.032,0.858,0.110
502500,0.033,0.824,0.143
503000,0.032,0.839,0.129
503500,0.033,0.873,0.094
504000,0.032,0.900,0.068
504500,0.030,0.844,0.126
505000,0.031,0.888,0.081
505500,0.030,0.869,0.101
506000,0.030,0.889,0.081
506500,0.031,0.889,0.080
507000,0.031,0.906,0.063
507500,0.030,0.885,0.085
508000,0.032,0.901,0.067
508500,0.030,0.901,0.069
509000,0.030,0.900,0.070
509500,0.030,0.883,0.087
510000,0.032,0.870,0.098
510500,0.031,0.890,0.079
511000,0.031,0.867,0.102
511500,0.030,0.896,0.074
512000,0.030,0.874,0.096
512500,0.030,0.895,0.075
513000,0.030,0.908,0.062
513500,0.031,0.911,0.058
514000,0.033,0.842,0.125
514500,0.034,0.804,0.162
515000,0.031,0.886,0.083
515500,0.032,0.904,0.064
516000,0.030,0.902,0.068
516500,0.032,0.908,0.060
517000,0.030,0.922,0.048
517500,0.030,0.897,0.073
518000,0.030,0.914,0.056
518500,0.030,0.894,0.076
519000,0.030,0.927,0.043
519500,0.032,0.900,0.068
520000,0.030,0.886,0.084
520500,0.030,0.869,0.101
521000,0.030,0.912,0.058
521500,0.030,0.919,0.051
522000,0.030,0.874,0.096
522500,0.032,0.840,0.128
523000,0.034,0.888,0.078
523500,0.031,0.912,0.057
524000,0.034,0.862,0.104
524500,0.030,0.869,0.101
525000,0.030,0.918,0.052
525500,0.032,0.881,0.087
526000,0.030,0.857,0.113
526500,0.031,0.863,0.106
527000,0.030,0.892,0.078
527500,0.031,0.907,0.062
528000,0.030,0.896,0.074
528500,0.030,0.918,0.052
529000,0.033,0.888,0.079
529500,0.031,0.887,0.082
530000,0.032,0.864,0.104
530500,0.030,0.895,0.075
531000,0.030,0.928,0.042
531500,0.034,0.881,0.085
532000,0.032,0.902,0.066
532500,0.030,0.863,0.107
533000,0.031,0.826,0.143
533500,0.030,0.828,0.142
534000,0.030,0.870,0.100
534500,0.030,0.831,0.139
535000,0.032,0.834,0.134
535500,0.030,0.882,0.088
536000,0.030,0.930,0.040
536500,0.030,0.888,0.082
537000,0.030,0.913,0.057
537500,0.032,0.902,0.066
538000,0.031,0.895,0.074
538500,0.031,0.917,0.052
539000,0.030,0.929,0.041
539500,0.030,0.864,0.106
540000,0.030,0.858,0.112
540500,0.032,0.790,0.178
541000,0.035,0.852,0.113
541500,0.031,0.884,0.085
542000,0.032,0.852,0.116
542500,0.032,0.856,0.112
543000,0.031,0.866,0.103
543500,0.030,0.864,0.106
544000,0.031,0.814,0.155
544500,0.031,0.840,0.129
545000,0.030,0.909,0.061
545500,0.030,0.907,0.063
546000,0.030,0.863,0.107
546500,0.030,0.900,0.070
547000,0.031,0.797,0.172
547500,0.030,0.910,0.060
548000,0.031,0.880,0.089
548500,0.030,0.888,0.082
549000,0.031,0.844,0.125
549500,0.030,0.880,0.090
550000,0.032,0.867,0.101
550500,0.030,0.907,0.063
551000,0.030,0.885,0.085
551500,0.031,0.867,0.102
552000,0.031,0.818,0.151
552500,0.030,0.800,0.170
553000,0.032,0.852,0.116
553500,0.030,0.898,0.072
554000,0.032,0.832,0.136
554500,0.031,0.875,0.094
555000,0.030,0.874,0.096
555500,0.030,0.889,0.081
556000,0.030,0.871,0.099
556500,0.032,0.869,0.099
557000,0.031,0.922,0.047
557500,0.031,0.914,0.055
558000,0.030,0.907,0.063
558500,0.030,0.902,0.068
559000,0.031,0.914,0.055
559500,0.031,0.901,0.068
560000,0.030,0.878,0.092
560500,0.030,0.904,0.066
561000,0.030,0.909,0.061
561500,0.030,0.915,0.055
562000,0.030,0.917,0.053
562500,0.030,0.849,0.121
563000,0.030,0.887,0.083
563500,0.030,0.900,0.070
564000,0.031,0.836,0.133
564500,0.030,0.850,0.120
565000,0.030,0.886,0.084
565500,0.030,0.916,0.054
566000,0.032,0.900,0.068
566500,0.031,0.862,0.107
567000,0.033,0.867,0.100
567500,0.033,0.868,0.099
568000,0.032,0.902,0.066
568500,0.031,0.913,0.056
569000,0.030,0.907,0.063
569500,0.030,0.907,0.063
570000,0.030,0.906,0.064
570500,0.030,0.894,0.076
571000,0.030,0.888,0.082
571500,0.030,0.875,0.095
572000,0.032,0.906,0.062
572500,0.031,0.907,0.062
573000,0.030,0.879,0.091
573500,0.031,0.882,0.087
574000,0.030,0.838,0.132
574500,0.032,0.886,0.082
575000,0.031,0.879,0.090
575500,0.030,0.942,0.028
576000,0.030,0.897,0.073
576500,0.030,0.861,0.109
577000,0.030,0.886,0.084
577500,0.030,0.871,0.099
578000,0.030,0.909,0.061
578500,0.030,0.927,0.043
579000,0.030,0.901,0.069
579500,0.032,0.876,0.092
580000,0.030,0.865,0.105
580500,0.033,0.823,0.144
581000,0.030,0.914,0.056
581500,0.030,0.859,0.111
582000,0.030,0.923,0.047
582500,0.030,0.902,0.068
583000,0.030,0.901,0.069
583500,0.030,0.916,0.054
584000,0.030,0.875,0.095
584500,0.031,0.845,0.124
585000,0.033,0.870,0.097
585500,0.030,0.900,0.070
586000,0.031,0.859,0.110
586500,0.030,0.913,0.057
587000,0.030,0.902,0.068
587500,0.030,0.936,0.034
588000,0.030,0.889,0.081
588500,0.030,0.918,0.052
589000,0.030,0.925,0.045
589500,0.030,0.887,0.083
590000,0.030,0.926,0.044
590500,0.031,0.918,0.051
591000,0.030,0.942,0.028
591500,0.030,0.914,0.056
592000,0.032,0.856,0.112
592500,0.031,0.866,0.103
593000,0.031,0.787,0.182
593500,0.031,0.883,0.086
594000,0.030,0.887,0.083
594500,0.030,0.893,0.077
595000,0.030,0.827,0.143
595500,0.031,0.850,0.119
596000,0.030,0.868,0.102
596500,0.032,0.894,0.074
597000,0.030,0.892,0.078
597500,0.030,0.899,0.071
598000,0.030,0.873,0.097
598500,0.031,0.860,0.109
599000,0.030,0.864,0.106
599500,0.030,0.869,0.101
600000,0.030,0.880,0.090
600500,0.032,0.891,0.077
601000,0.030,0.884,0.086
601500,0.030,0.908,0.062
602000,0.031,0.926,0.043
602500,0.032,0.848,0.120
603000,0.031,0.874,0.095
603500,0.031,0.867,0.102
604000,0.030,0.859,0.111
604500,0.030,0.913,0.057
605000,0.030,0.899,0.071
605500,0.032,0.915,0.053
606000,0.030,0.947,0.023
606500,0.030,0.918,0.052
607000,0.032,0.898,0.070
607500,0.030,0.894,0.076
608000,0.031,0.907,0.062
608500,0.033,0.896,0.071
609000,0.031,0.905,0.064
609500,0.032,0.861,0.107
610000,0.032,0.861,0.107
610500,0.032,0.867,0.101
611000,0.032,0.878,0.090
611500,0.030,0.854,0.116
612000,0.030,0.868,0.102
612500,0.030,0.880,0.090
613000,0.031,0.917,0.052
613500,0.031,0.859,0.110
614000,0.031,0.880,0.089
614500,0.030,0.835,0.135
615000,0.030,0.871,0.099
615500,0.030,0.874,0.096
616000,0.030,0.848,0.122
616500,0.031,0.880,0.089
617000,0.030,0.888,0.082
617500,0.030,0.895,0.075
618000,0.030,0.906,0.064
618500,0.030,0.909,0.061
619000,0.033,0.903,0.064
619500,0.030,0.873,0.097
620000,0.030,0.899,0.071
620500,0.030,0.906,0.064
621000,0.031,0.898,0.071
621500,0.030,0.906,0.064
622000,0.030,0.880,0.090
622500,0.030,0.881,0.089
623000,0.031,0.900,0.069
623500,0.031,0.893,0.076
624000,0.030,0.880,0.090
624500,0.030,0.909,0.061
625000,0.030,0.901,0.069
625500,0.031,0.884,0.085
626000,0.031,0.845,0.124
626500,0.030,0.884,0.086
627000,0.030,0.902,0.068
627500,0.030,0.887,0.083
628000,0.031,0.847,0.122
628500,0.030,0.892,0.078
629000,0.030,0.946,0.024
629500,0.031,0.895,0.074
630000,0.030,0.872,0.098
630500,0.031,0.925,0.044
631000,0.031,0.920,0.049
631500,0.030,0.898,0.072
632000,0.030,0.918,0.052
632500,0.030,0.895,0.075
633000,0.031,0.890,0.079
633500,0.030,0.913,0.057
634000,0.030,0.898,0.072
634500,0.030,0.881,0.089
635000,0.031,0.907,0.062
635500,0.031,0.903,0.066
636000,0.031,0.884,0.085
636500,0.034,0.806,0.160
637000,0.031,0.838,0.131
637500,0.032,0.839,0.129
638000,0.030,0.854,0.116
638500,0.030,0.877,0.093
639000,0.030,0.844,0.126
639500,0.031,0.862,0.107
640000,0.030,0.898,0.072
640500,0.031,0.857,0.112
641000,0.031,0.886,0.083
641500,0.031,0.885,0.084
642000,0.030,0.919,0.051
642500,0.030,0.909,0.061
643000,0.030,0.885,0.085
643500,0.030,0.886,0.084
644000,0.030,0.872,0.098
644500,0.030,0.927,0.043
645000,0.030,0.934,0.036
645500,0.031,0.900,0.069
646000,0.030,0.892,0.078
646500,0.030,0.901,0.069
647000,0.033,0.874,0.093
647500,0.030,0.899,0.071
648000,0.031,0.867,0.102
648500,0.031,0.843,0.126
649000,0.030,0.872,0.098
649500,0.030,0.905,0.065
650000,0.031,0.884,0.085
650500,0.030,0.884,0.086
651000,0.031,0.896,0.073
651500,0.030,0.918,0.052
652000,0.031,0.913,0.056
652500,0.030,0.896,0.074
653000,0.030,0.844,0.126
653500,0.030,0.820,0.150
654000,0.031,0.850,0.119
654500,0.031,0.868,0.101
655000,0.033,0.877,0.090
655500,0.031,0.884,0.085
656000,0.030,0.902,0.068
656500,0.030,0.892,0.078
657000,0.031,0.863,0.106
657500,0.030,0.823,0.147
658000,0.031,0.838,0.131
658500,0.032,0.874,0.094
659000,0.031,0.920,0.049
659500,0.030,0.883,0.087
660000,0.031,0.892,0.077
660500,0.030,0.876,0.094
661000,0.030,0.849,0.121
661500,0.030,0.861,0.109
662000,0.030,0.888,0.082
662500,0.030,0.890,0.080
663000,0.030,0.885,0.085
663500,0.030,0.876,0.094
664000,0.030,0.876,0.094
664500,0.031,0.877,0.092
665000,0.034,0.834,0.132
665500,0.030,0.880,0.090
666000,0.030,0.918,0.052
666500,0.031,0.885,0.084
667000,0.031,0.884,0.085
667500,0.030,0.912,0.058
668000,0.030,0.930,0.040
668500,0.030,0.911,0.059
669000,0.030,0.870,0.100
669500,0.030,0.878,0.092
670000,0.030,0.873,0.097
670500,0.030,0.877,0.093
671000,0.032,0.874,0.094
671500,0.030,0.894,0.076
672000,0.030,0.905,0.065
672500,0.030,0.922,0.048
673000,0.030,0.911,0.059
673500,0.030,0.898,0.072
674000,0.030,0.931,0.039
674500,0.030,0.892,0.078
675000,0.031,0.874,0.095
675500,0.031,0.878,0.091
676000,0.033,0.865,0.102
676500,0.030,0.851,0.119
677000,0.030,0.892,0.078
677500,0.030,0.905,0.065
678000,0.031,0.885,0.084
678500,0.030,0.916,0.054
679000,0.030,0.933,0.037
679500,0.030,0.869,0.101
680000,0.030,0.858,0.112
680500,0.030,0.887,0.083
681000,0.030,0.896,0.074
681500,0.030,0.870,0.100
682000,0.030,0.860,0.110
682500,0.030,0.906,0.064
683000,0.030,0.894,0.076
683500,0.032,0.849,0.119
684000,0.033,0.902,0.065
684500,0.031,0.853,0.116
685000,0.031,0.887,0.082
685500,0.032,0.838,0.130
686000,0.031,0.856,0.113
686500,0.030,0.884,0.086
687000,0.030,0.883,0.087
687500,0.030,0.874,0.096
688000,0.030,0.874,0.096
688500,0.030,0.899,0.071
689000,0.030,0.889,0.081
689500,0.030,0.882,0.088
690000,0.030,0.901,0.069
690500,0.030,0.928,0.042
691000,0.030,0.925,0.045
691500,0.030,0.875,0.095
692000,0.032,0.831,0.137
692500,0.030,0.815,0.155
693000,0.030,0.850,0.120
693500,0.031,0.867,0.102
694000,0.036,0.863,0.101
694500,0.030,0.924,0.046
695000,0.031,0.908,0.061
695500,0.030,0.870,0.100
696000,0.030,0.873,0.097
696500,0.032,0.862,0.106
697000,0.030,0.850,0.120
697500,0.030,0.901,0.069
698000,0.030,0.897,0.073
698500,0.031,0.853,0.116
699000,0.030,0.802,0.168
699500,0.033,0.827,0.140
700000,0.030,0.857,0.113
700500,0.030,0.882,0.088
701000,0.030,0.886,0.084
701500,0.030,0.899,0.071
702000,0.030,0.919,0.051
702500,0.030,0.905,0.065
703000,0.032,0.901,0.067
703500,0.031,0.916,0.053
704000,0.030,0.912,0.058
704500,0.030,0.879,0.091
705000,0.031,0.881,0.088
705500,0.031,0.879,0.090
706000,0.030,0.907,0.063
706500,0.031,0.913,0.056
707000,0.032,0.885,0.083
707500,0.030,0.868,0.102
708000,0.031,0.867,0.102
708500,0.031,0.853,0.116
709000,0.034,0.825,0.141
709500,0.031,0.888,0.081
710000,0.030,0.915,0.055
710500,0.030,0.895,0.075
711000,0.030,0.880,0.090
711500,0.035,0.878,0.087
712000,0.032,0.885,0.083
712500,0.030,0.852,0.118
713000,0.034,0.873,0.093
713500,0.036,0.819,0.145
714000,0.030,0.853,0.117
714500,0.030,0.890,0.080
715000,0.030,0.908,0.062
715500,0.030,0.922,0.048
716000,0.030,0.886,0.084
716500,0.031,0.888,0.081
717000,0.030,0.914,0.056
717500,0.030,0.899,0.071
718000,0.031,0.841,0.128
718500,0.030,0.871,0.099
719000,0.030,0.869,0.101
719500,0.030,0.867,0.103
720000,0.033,0.876,0.091
720500,0.030,0.912,0.058
721000,0.030,0.922,0.048
721500,0.030,0.884,0.086
722000,0.030,0.913,0.057
722500,0.031,0.927,0.042
723000,0.030,0.903,0.067
723500,0.033,0.867,0.100
724000,0.034,0.810,0.156
724500,0.030,0.848,0.122
725000,0.034,0.866,0.100
725500,0.030,0.885,0.085
726000,0.032,0.826,0.142
726500,0.033,0.829,0.138
727000,0.030,0.866,0.104
727500,0.030,0.829,0.141
728000,0.032,0.830,0.138
728500,0.031,0.890,0.079
729000,0.031,0.882,0.087
729500,0.030,0.881,0.089
730000,0.030,0.888,0.082
730500,0.030,0.857,0.113
731000,0.030,0.881,0.089
731500,0.031,0.852,0.117
732000,0.033,0.827,0.140
732500,0.036,0.842,0.122
733000,0.030,0.869,0.101
733500,0.030,0.901,0.069
734000,0.030,0.927,0.043
734500,0.030,0.934,0.036
735000,0.030,0.938,0.032
735500,0.030,0.911,0.059
736000,0.030,0.876,0.094
736500,0.031,0.893,0.076
737000,0.030,0.888,0.082
737500,0.030,0.846,0.124
738000,0.031,0.849,0.120
738500,0.030,0.837,0.133
739000,0.030,0.880,0.090
739500,0.031,0.872,0.097
740000,0.030,0.878,0.092
740500,0.030,0.880,0.090
741000,0.030,0.905,0.065
741500,0.030,0.872,0.098
742000,0.030,0.900,0.070
742500,0.030,0.902,0.068
743000,0.030,0.914,0.056
743500,0.031,0.893,0.076
744000,0.033,0.873,0.094
744500,0.032,0.843,0.125
745000,0.031,0.864,0.105
745500,0.030,0.881,0.089
746000,0.030,0.889,0.081
746500,0.030,0.888,0.082
747000,0.031,0.904,0.065
747500,0.031,0.878,0.091
748000,0.030,0.910,0.060
748500,0.030,0.917,0.053
749000,0.030,0.883,0.087
749500,0.030,0.851,0.119
750000,0.033,0.785,0.182
750500,0.034,0.855,0.111
751000,0.030,0.902,0.068
751500,0.030,0.857,0.113
752000,0.032,0.856,0.112
752500,0.030,0.924,0.046
753000,0.031,0.863,0.106
753500,0.032,0.868,0.100
754000,0.033,0.868,0.099
754500,0.030,0.875,0.095
755000,0.030,0.891,0.079
755500,0.030,0.889,0.081
756000,0.032,0.861,0.107
756500,0.032,0.843,0.125
757000,0.031,0.887,0.082
757500,0.031,0.883,0.086
758000,0.030,0.909,0.061
758500,0.030,0.920,0.050
759000,0.031,0.913,0.056
759500,0.031,0.897,0.072
760000,0.030,0.903,0.067
760500,0.032,0.888,0.080
761000,0.031,0.883,0.086
761500,0.030,0.906,0.064
762000,0.030,0.915,0.055
762500,0.030,0.875,0.095
763000,0.030,0.903,0.067
763500,0.030,0.911,0.059
764000,0.030,0.895,0.075
764500,0.032,0.871,0.097
765000,0.032,0.812,0.156
765500,0.033,0.887,0.080
766000,0.030,0.882,0.088
766500,0.032,0.870,0.098
767000,0.031,0.844,0.125
767500,0.031,0.861,0.108
768000,0.030,0.894,0.076
768500,0.030,0.869,0.101
769000,0.030,0.928,0.042
769500,0.030,0.924,0.046
770000,0.030,0.901,0.069
770500,0.030,0.933,0.037
771000,0.030,0.928,0.042
771500,0.030,0.886,0.084
772000,0.031,0.882,0.087
772500,0.033,0.832,0.135
773000,0.030,0.884,0.086
773500,0.030,0.866,0.104
774000,0.030,0.860,0.110
774500,0.033,0.809,0.158
775000,0.032,0.879,0.089
775500,0.031,0.909,0.060
776000,0.030,0.882,0.088
776500,0.030,0.879,0.091
777000,0.030,0.913,0.057
777500,0.032,0.867,0.101
778000,0.030,0.852,0.118
778500,0.032,0.883,0.085
779000,0.031,0.908,0.061
779500,0.030,0.860,0.110
780000,0.031,0.898,0.071
780500,0.031,0.894,0.075
781000,0.032,0.858,0.110
781500,0.031,0.883,0.086
782000,0.030,0.874,0.096
782500,0.033,0.861,0.106
783000,0.031,0.895,0.074
783500,0.031,0.874,0.095
784000,0.030,0.900,0.070
784500,0.030,0.908,0.062
785000,0.030,0.928,0.042
785500,0.030,0.908,0.062
786000,0.031,0.899,0.070
786500,0.031,0.901,0.068
787000,0.030,0.868,0.102
787500,0.030,0.909,0.061
788000,0.030,0.858,0.112
788500,0.030,0.888,0.082
789000,0.031,0.914,0.055
789500,0.033,0.896,0.071
790000,0.030,0.852,0.118
790500,0.033,0.882,0.085
791000,0.030,0.905,0.065
791500,0.030,0.880,0.090
792000,0.031,0.873,0.096
792500,0.030,0.844,0.126
793000,0.031,0.910,0.059
793500,0.031,0.898,0.071
794000,0.030,0.916,0.054
794500,0.030,0.875,0.095
795000,0.031,0.880,0.089
795500,0.030,0.888,0.082
796000,0.030,0.899,0.071
796500,0.030,0.903,0.067
797000,0.030,0.918,0.052
797500,0.031,0.886,0.083
798000,0.030,0.880,0.090
798500,0.030,0.892,0.078
799000,0.031,0.894,0.075
799500,0.031,0.835,0.134
800000,0.030,0.861,0.109
800500,0.030,0.858,0.112
801000,0.032,0.877,0.091
801500,0.033,0.829,0.138
802000,0.034,0.803,0.163
802500,0.030,0.883,0.087
803000,0.032,0.840,0.128
803500,0.031,0.886,0.083
804000,0.033,0.935,0.032
804500,0.031,0.900,0.069
805000,0.033,0.878,0.089
805500,0.030,0.883,0.087
806000,0.030,0.874,0.096
806500,0.030,0.883,0.087
807000,0.030,0.827,0.143
807500,0.031,0.829,0.140
808000,0.030,0.885,0.085
808500,0.030,0.902,0.068
809000,0.032,0.883,0.085
809500,0.030,0.897,0.073
810000,0.032,0.895,0.073
810500,0.030,0.901,0.069
811000,0.030,0.881,0.089
811500,0.032,0.862,0.106
812000,0.030,0.881,0.089
812500,0.030,0.895,0.075
813000,0.031,0.852,0.117
813500,0.030,0.881,0.089
814000,0.030,0.878,0.092
814500,0.030,0.894,0.076
815000,0.034,0.864,0.102
815500,0.032,0.870,0.098
816000,0.031,0.876,0.093
816500,0.030,0.896,0.074
817000,0.033,0.879,0.088
817500,0.033,0.818,0.149
818000,0.032,0.831,0.137
818500,0.033,0.876,0.091
819000,0.030,0.822,0.148
819500,0.030,0.859,0.111
820000,0.030,0.872,0.098
820500,0.031,0.856,0.113
821000,0.031,0.889,0.080
821500,0.030,0.885,0.085
822000,0.030,0.880,0.090
822500,0.030,0.924,0.046
823000,0.030,0.907,0.063
823500,0.030,0.878,0.092
824000,0.030,0.895,0.075
824500,0.030,0.886,0.084
825000,0.030,0.916,0.054
825500,0.030,0.889,0.081
826000,0.031,0.874,0.095
826500,0.031,0.883,0.086
827000,0.030,0.841,0.129
827500,0.030,0.869,0.101
828000,0.030,0.926,0.044
828500,0.030,0.881,0.089
829000,0.030,0.909,0.061
829500,0.032,0.848,0.120
830000,0.032,0.888,0.080
830500,0.031,0.879,0.090
831000,0.030,0.903,0.067
831500,0.031,0.923,0.046
832000,0.031,0.913,0.056
832500,0.030,0.910,0.060
833000,0.030,0.900,0.070
833500,0.030,0.901,0.069
834000,0.030,0.881,0.089
834500,0.030,0.832,0.138
835000,0.032,0.845,0.123
835500,0.030,0.879,0.091
836000,0.030,0.885,0.085
836500,0.032,0.888,0.080
837000,0.030,0.884,0.086
837500,0.030,0.889,0.081
838000,0.033,0.865,0.102
838500,0.030,0.883,0.087
839000,0.030,0.891,0.079
839500,0.030,0.920,0.050
840000,0.031,0.887,0.082
840500,0.030,0.900,0.070
841000,0.031,0.884,0.085
841500,0.030,0.883,0.087
842000,0.030,0.898,0.072
842500,0.030,0.844,0.126
843000,0.031,0.853,0.116
843500,0.030,0.891,0.079
844000,0.032,0.862,0.106
844500,0.031,0.870,0.099
845000,0.031,0.894,0.075
845500,0.032,0.857,0.111
846000,0.034,0.827,0.139
846500,0.030,0.869,0.101
847000,0.030,0.903,0.067
847500,0.030,0.898,0.072
848000,0.030,0.871,0.099
848500,0.030,0.857,0.113
849000,0.031,0.890,0.079
849500,0.030,0.871,0.099
850000,0.030,0.893,0.077
850500,0.030,0.925,0.045
851000,0.030,0.913,0.057
851500,0.030,0.900,0.070
852000,0.030,0.905,0.065
852500,0.031,0.935,0.034
853000,0.030,0.917,0.053
853500,0.030,0.921,0.049
854000,0.030,0.902,0.068
854500,0.030,0.865,0.105
855000,0.032,0.870,0.098
855500,0.030,0.896,0.074
856000,0.030,0.934,0.036
856500,0.032,0.908,0.060
857000,0.030,0.891,0.079
857500,0.030,0.860,0.110
858000,0.033,0.871,0.096
858500,0.031,0.860,0.109
859000,0.032,0.838,0.130
859500,0.030,0.870,0.100
860000,0.030,0.908,0.062
860500,0.030,0.902,0.068
861000,0.030,0.877,0.093
861500,0.030,0.847,0.123
862000,0.030,0.824,0.146
862500,0.030,0.846,0.124
863000,0.031,0.906,0.063
863500,0.030,0.898,0.072
864000,0.031,0.917,0.052
864500,0.030,0.907,0.063
865000,0.030,0.868,0.102
865500,0.030,0.874,0.096
866000,0.030,0.871,0.099
866500,0.030,0.863,0.107
867000,0.032,0.898,0.070
867500,0.030,0.911,0.059
868000,0.030,0.925,0.045
868500,0.030,0.904,0.066
869000,0.031,0.890,0.079
869500,0.030,0.900,0.070
870000,0.036,0.835,0.129
870500,0.034,0.863,0.103
871000,0.032,0.910,0.058
871500,0.030,0.916,0.054
872000,0.030,0.895,0.075
872500,0.030,0.911,0.059
873000,0.030,0.875,0.095
873500,0.030,0.868,0.102
874000,0.031,0.889,0.080
874500,0.032,0.862,0.106
875000,0.030,0.883,0.087
875500,0.030,0.893,0.077
876000,0.031,0.868,0.101
876500,0.030,0.886,0.084
877000,0.034,0.851,0.115
877500,0.031,0.896,0.073
878000,0.030,0.925,0.045
878500,0.031,0.879,0.090
879000,0.030,0.856,0.114
879500,0.030,0.909,0.061
880000,0.031,0.919,0.050
880500,0.030,0.910,0.060
881000,0.033,0.882,0.085
881500,0.031,0.900,0.069
882000,0.030,0.852,0.118
882500,0.031,0.881,0.088
883000,0.030,0.886,0.084
883500,0.030,0.888,0.082
884000,0.030,0.860,0.110
884500,0.032,0.820,0.148
885000,0.030,0.877,0.093
885500,0.030,0.880,0.090
886000,0.030,0.878,0.092
886500,0.030,0.885,0.085
887000,0.032,0.872,0.096
887500,0.031,0.879,0.090
888000,0.031,0.871,0.098
888500,0.030,0.860,0.110
889000,0.030,0.899,0.071
889500,0.030,0.906,0.064
890000,0.031,0.911,0.058
890500,0.031,0.904,0.065
891000,0.030,0.918,0.052
891500,0.030,0.911,0.059
892000,0.031,0.886,0.083
892500,0.030,0.890,0.080
893000,0.030,0.903,0.067
893500,0.030,0.897,0.073
894000,0.030,0.913,0.057
894500,0.030,0.873,0.097
895000,0.030,0.889,0.081
895500,0.030,0.885,0.085
896000,0.030,0.896,0.074
896500,0.030,0.909,0.061
897000,0.031,0.896,0.073
897500,0.030,0.919,0.051
898000,0.030,0.938,0.032
898500,0.031,0.885,0.084
899000,0.030,0.899,0.071
899500,0.030,0.871,0.099
900000,0.031,0.870,0.099
900500,0.030,0.859,0.111
901000,0.031,0.866,0.103
901500,0.031,0.854,0.115
902000,0.031,0.876,0.093
902500,0.030,0.887,0.083
903000,0.031,0.851,0.118
903500,0.030,0.849,0.121
904000,0.030,0.860,0.110
904500,0.031,0.833,0.136
905000,0.030,0.851,0.119
905500,0.030,0.841,0.129
906000,0.032,0.860,0.108
906500,0.030,0.901,0.069
907000,0.030,0.901,0.069
907500,0.030,0.920,0.050
908000,0.030,0.873,0.097
908500,0.030,0.910,0.060
909000,0.030,0.896,0.074
909500,0.031,0.896,0.073
910000,0.031,0.921,0.048
910500,0.030,0.911,0.059
911000,0.030,0.924,0.046
911500,0.030,0.894,0.076
912000,0.030,0.898,0.072
912500,0.031,0.933,0.036
913000,0.030,0.905,0.065
913500,0.031,0.928,0.041
914000,0.030,0.913,0.057
914500,0.030,0.909,0.061
915000,0.031,0.902,0.067
915500,0.034,0.892,0.074
916000,0.032,0.892,0.076
916500,0.032,0.853,0.115
917000,0.032,0.867,0.101
917500,0.031,0.891,0.078
918000,0.033,0.854,0.113
918500,0.030,0.847,0.123
919000,0.030,0.868,0.102
919500,0.030,0.894,0.076
920000,0.032,0.909,0.059
920500,0.031,0.890,0.079
921000,0.032,0.868,0.100
921500,0.030,0.888,0.082
922000,0.030,0.854,0.116
922500,0.030,0.825,0.145
923000,0.030,0.912,0.058
923500,0.031,0.903,0.066
924000,0.030,0.897,0.073
924500,0.030,0.915,0.055
925000,0.030,0.882,0.088
925500,0.030,0.867,0.103
926000,0.030,0.896,0.074
926500,0.030,0.840,0.130
927000,0.032,0.834,0.134
927500,0.033,0.832,0.135
928000,0.031,0.902,0.067
928500,0.030,0.932,0.038
929000,0.030,0.907,0.063
929500,0.032,0.897,0.071
930000,0.032,0.877,0.091
930500,0.031,0.907,0.062
931000,0.030,0.886,0.084
931500,0.031,0.883,0.086
932000,0.033,0.884,0.083
932500,0.032,0.887,0.081
933000,0.031,0.891,0.078
933500,0.031,0.892,0.077
934000,0.032,0.841,0.127
934500,0.031,0.843,0.126
935000,0.030,0.897,0.073
935500,0.030,0.893,0.077
936000,0.030,0.908,0.062
936500,0.030,0.907,0.063
937000,0.031,0.939,0.030
937500,0.032,0.915,0.053
938000,0.030,0.937,0.033
938500,0.030,0.897,0.073
939000,0.030,0.873,0.097
939500,0.030,0.892,0.078
940000,0.031,0.895,0.074
940500,0.030,0.848,0.122
941000,0.032,0.873,0.095
941500,0.031,0.855,0.114
942000,0.030,0.880,0.090
942500,0.031,0.884,0.085
943000,0.030,0.846,0.124
943500,0.030,0.873,0.097
944000,0.030,0.862,0.108
944500,0.030,0.861,0.109
945000,0.030,0.839,0.131
945500,0.030,0.888,0.082
946000,0.031,0.849,0.120
946500,0.030,0.879,0.091
947000,0.030,0.839,0.131
947500,0.033,0.853,0.114
948000,0.030,0.884,0.086
948500,0.030,0.912,0.058
949000,0.032,0.898,0.070
949500,0.030,0.895,0.075
950000,0.030,0.911,0.059
950500,0.030,0.896,0.074
951000,0.035,0.875,0.090
951500,0.030,0.848,0.122
952000,0.032,0.864,0.104
952500,0.030,0.857,0.113
953000,0.030,0.857,0.113
953500,0.030,0.898,0.072
954000,0.030,0.893,0.077
954500,0.030,0.897,0.073
955000,0.030,0.924,0.046
955500,0.030,0.902,0.068
956000,0.030,0.888,0.082
956500,0.031,0.892,0.077
957000,0.030,0.920,0.050
957500,0.030,0.893,0.077
958000,0.030,0.890,0.080
958500,0.030,0.891,0.079
959000,0.030,0.892,0.078
959500,0.030,0.913,0.057
960000,0.030,0.900,0.070
960500,0.030,0.893,0.077
961000,0.031,0.907,0.062
961500,0.032,0.890,0.078
962000,0.031,0.852,0.117
962500,0.032,0.860,0.108
963000,0.031,0.839,0.130
963500,0.030,0.889,0.081
964000,0.030,0.876,0.094
964500,0.030,0.866,0.104
965000,0.031,0.879,0.090
965500,0.031,0.915,0.054
966000,0.031,0.907,0.062
966500,0.030,0.934,0.036
967000,0.032,0.910,0.058
967500,0.030,0.932,0.038
968000,0.030,0.891,0.079
968500,0.033,0.899,0.068
969000,0.030,0.859,0.111
969500,0.030,0.904,0.066
970000,0.031,0.898,0.071
970500,0.033,0.873,0.094
971000,0.030,0.839,0.131
971500,0.031,0.921,0.048
972000,0.031,0.867,0.102
972500,0.030,0.893,0.077
973000,0.031,0.904,0.065
973500,0.030,0.902,0.068
974000,0.030,0.908,0.062
974500,0.032,0.906,0.062
975000,0.031,0.881,0.088
975500,0.030,0.907,0.063
976000,0.030,0.907,0.063
976500,0.030,0.885,0.085
977000,0.031,0.868,0.101
977500,0.031,0.853,0.116
978000,0.033,0.833,0.134
978500,0.030,0.891,0.079
979000,0.032,0.898,0.070
979500,0.030,0.921,0.049
980000,0.030,0.836,0.134
980500,0.032,0.810,0.158
981000,0.033,0.819,0.148
981500,0.030,0.879,0.091
982000,0.031,0.927,0.042
982500,0.032,0.890,0.078
983000,0.031,0.884,0.085
983500,0.030,0.918,0.052
984000,0.030,0.890,0.080
984500,0.030,0.889,0.081
985000,0.030,0.847,0.123
985500,0.033,0.849,0.118
986000,0.031,0.858,0.111
986500,0.030,0.820,0.150
987000,0.030,0.869,0.101
987500,0.030,0.850,0.120
988000,0.034,0.817,0.149
988500,0.032,0.837,0.131
989000,0.030,0.847,0.123
989500,0.033,0.860,0.107
990000,0.031,0.902,0.067
990500,0.031,0.883,0.086
991000,0.032,0.903,0.065
991500,0.031,0.904,0.065
992000,0.031,0.882,0.087
992500,0.030,0.903,0.067
993000,0.030,0.935,0.035
993500,0.030,0.870,0.100
994000,0.030,0.915,0.055
994500,0.032,0.898,0.070
995000,0.031,0.899,0.070
995500,0.031,0.901,0.068
996000,0.032,0.896,0.072
996500,0.030,0.887,0.083
997000,0.030,0.895,0.075
997500,0.031,0.904,0.065
998000,0.030,0.923,0.047
998500,0.032,0.899,0.069
999000,0.031,0.863,0.106
999500,0.031,0.917,0.052
1000000,0.032,0.867,0.101
