time,n_A+p,n_B,n_AB
500,0.050,0.820,0.130
1000,0.050,0.771,0.178
1500,0.050,0.748,0.202
2000,0.050,0.680,0.269
2500,0.050,0.644,0.305
3000,0.050,0.640,0.310
3500,0.050,0.625,0.325
4000,0.050,0.595,0.355
4500,0.050,0.587,0.363
5000,0.050,0.661,0.288
5500,0.050,0.657,0.292
6000,0.050,0.639,0.311
6500,0.050,0.642,0.308
7000,0.050,0.640,0.309
7500,0.050,0.648,0.301
8000,0.050,0.663,0.287
8500,0.050,0.625,0.325
9000,0.050,0.643,0.307
9500,0.050,0.627,0.323
10000,0.050,0.651,0.299
10500,0.050,0.645,0.304
11000,0.050,0.640,0.309
11500,0.050,0.623,0.327
12000,0.050,0.667,0.283
12500,0.050,0.649,0.301
13000,0.050,0.702,0.248
13500,0.050,0.708,0.242
14000,0.050,0.641,0.308
14500,0.050,0.688,0.262
15000,0.050,0.629,0.321
15500,0.050,0.619,0.331
16000,0.050,0.626,0.324
16500,0.050,0.675,0.274
17000,0.050,0.674,0.275
17500,0.050,0.660,0.289
18000,0.050,0.671,0.278
18500,0.050,0.638,0.311
19000,0.050,0.682,0.267
19500,0.050,0.664,0.285
20000,0.050,0.713,0.237
20500,0.050,0.672,0.278
21000,0.050,0.642,0.308
21500,0.050,0.659,0.291
22000,0.050,0.630,0.320
22500,0.050,0.585,0.365
23000,0.050,0.672,0.277
23500,0.050,0.665,0.284
24000,0.050,0.630,0.320
24500,0.050,0.597,0.353
25000,0.050,0.678,0.271
25500,0.050,0.658,0.291
26000,0.050,0.668,0.281
26500,0.050,0.681,0.268
27000,0.050,0.705,0.245
27500,0.050,0.703,0.247
28000,0.050,0.676,0.274
28500,0.050,0.709,0.241
29000,0.050,0.641,0.309
29500,0.050,0.600,0.350
30000,0.050,0.591,0.359
30500,0.050,0.590,0.360
31000,0.050,0.633,0.317
31500,0.050,0.668,0.281
32000,0.050,0.702,0.248
32500,0.050,0.720,0.230
33000,0.050,0.681,0.269
33500,0.050,0.693,0.257
34000,0.050,0.658,0.291
34500,0.050,0.666,0.284
35000,0.050,0.677,0.273
35500,0.050,0.734,0.216
36000,0.050,0.768,0.182
36500,0.050,0.670,0.280
37000,0.050,0.670,0.280
37500,0.050,0.656,0.293
38000,0.050,0.717,0.233
38500,0.050,0.706,0.244
39000,0.050,0.725,0.225
39500,0.050,0.748,0.202
40000,0.050,0.695,0.255
40500,0.050,0.718,0.232
41000,0.050,0.755,0.195
41500,0.050,0.733,0.217
42000,0.050,0.655,0.295
42500,0.050,0.657,0.293
43000,0.050,0.623,0.327
43500,0.050,0.677,0.273
44000,0.050,0.623,0.327
44500,0.050,0.595,0.355
45000,0.050,0.596,0.354
45500,0.050,0.637,0.313
46000,0.050,0.660,0.290
46500,0.050,0.649,0.301
47000,0.050,0.650,0.300
47500,0.050,0.689,0.261
48000,0.050,0.690,0.260
48500,0.050,0.665,0.285
49000,0.050,0.700,0.250
49500,0.050,0.710,0.240
50000,0.050,0.690,0.260
50500,0.050,0.710,0.240
51000,0.050,0.677,0.273
51500,0.050,0.620,0.330
52000,0.050,0.677,0.273
52500,0.050,0.677,0.273
53000,0.050,0.608,0.342
53500,0.050,0.644,0.305
54000,0.050,0.690,0.260
54500,0.050,0.680,0.269
55000,0.050,0.665,0.285
55500,0.050,0.647,0.302
56000,0.050,0.631,0.319
56500,0.050,0.635,0.315
57000,0.050,0.670,0.280
57500,0.050,0.627,0.323
58000,0.050,0.677,0.273
58500,0.050,0.654,0.296
59000,0.050,0.658,0.291
59500,0.050,0.659,0.291
60000,0.050,0.658,0.292
60500,0.050,0.654,0.296
61000,0.050,0.684,0.266
61500,0.050,0.703,0.247
62000,0.050,0.677,0.273
62500,0.050,0.693,0.257
63000,0.050,0.672,0.278
63500,0.050,0.688,0.262
64000,0.050,0.665,0.284
64500,0.050,0.674,0.276
65000,0.050,0.685,0.265
65500,0.050,0.635,0.315
66000,0.050,0.619,0.331
66500,0.050,0.656,0.294
67000,0.050,0.616,0.334
67500,0.050,0.672,0.278
68000,0.050,0.603,0.347
68500,0.050,0.630,0.320
69000,0.050,0.633,0.317
69500,0.050,0.645,0.304
70000,0.050,0.638,0.311
70500,0.050,0.665,0.284
71000,0.050,0.666,0.283
71500,0.050,0.612,0.338
72000,0.050,0.630,0.320
72500,0.050,0.650,0.300
73000,0.050,0.643,0.306
73500,0.050,0.651,0.299
74000,0.050,0.704,0.246
74500,0.050,0.694,0.256
75000,0.050,0.709,0.241
75500,0.050,0.773,0.176
76000,0.050,0.744,0.206
76500,0.050,0.714,0.236
77000,0.050,0.695,0.255
77500,0.050,0.677,0.272
78000,0.050,0.690,0.260
78500,0.050,0.664,0.286
79000,0.050,0.674,0.275
79500,0.050,0.649,0.300
80000,0.050,0.646,0.303
80500,0.050,0.618,0.332
81000,0.050,0.590,0.360
81500,0.050,0.582,0.368
82000,0.050,0.646,0.304
82500,0.050,0.681,0.269
83000,0.050,0.641,0.309
83500,0.050,0.612,0.338
84000,0.050,0.648,0.302
84500,0.050,0.647,0.303
85000,0.050,0.663,0.286
85500,0.050,0.623,0.327
86000,0.050,0.630,0.320
86500,0.050,0.633,0.317
87000,0.050,0.636,0.314
87500,0.050,0.568,0.382
88000,0.050,0.604,0.346
88500,0.050,0.646,0.303
89000,0.050,0.600,0.350
89500,0.050,0.614,0.336
90000,0.050,0.683,0.267
90500,0.050,0.670,0.280
91000,0.050,0.678,0.272
91500,0.050,0.676,0.274
92000,0.050,0.683,0.267
92500,0.050,0.676,0.273
93000,0.050,0.643,0.306
93500,0.050,0.672,0.277
94000,0.050,0.651,0.299
94500,0.050,0.646,0.304
95000,0.050,0.664,0.286
95500,0.050,0.689,0.261
96000,0.050,0.631,0.319
96500,0.050,0.665,0.284
97000,0.050,0.608,0.342
97500,0.050,0.607,0.343
98000,0.050,0.681,0.269
98500,0.050,0.727,0.223
99000,0.050,0.709,0.241
99500,0.050,0.696,0.254
100000,0.050,0.680,0.270
100500,0.050,0.657,0.293
101000,0.050,0.649,0.300
101500,0.050,0.691,0.259
102000,0.050,0.651,0.299
102500,0.050,0.618,0.332
103000,0.050,0.614,0.336
103500,0.050,0.704,0.246
104000,0.050,0.645,0.305
104500,0.050,0.659,0.291
105000,0.050,0.656,0.293
105500,0.050,0.654,0.296
106000,0.050,0.660,0.289
106500,0.050,0.724,0.226
107000,0.050,0.723,0.227
107500,0.050,0.745,0.205
108000,0.050,0.731,0.219
108500,0.050,0.674,0.275
109000,0.050,0.660,0.289
109500,0.050,0.673,0.277
110000,0.050,0.618,0.332
110500,0.050,0.655,0.294
111000,0.050,0.583,0.367
111500,0.050,0.605,0.345
112000,0.050,0.588,0.362
112500,0.050,0.614,0.336
113000,0.050,0.636,0.314
113500,0.054,0.639,0.307
114000,0.051,0.637,0.311
114500,0.050,0.581,0.369
115000,0.050,0.619,0.331
115500,0.050,0.603,0.347
116000,0.050,0.613,0.337
116500,0.050,0.610,0.340
117000,0.050,0.577,0.373
117500,0.050,0.673,0.276
118000,0.050,0.653,0.296
118500,0.050,0.661,0.288
119000,0.050,0.640,0.309
119500,0.050,0.660,0.290
120000,0.050,0.652,0.297
120500,0.050,0.684,0.266
121000,0.051,0.640,0.308
121500,0.050,0.667,0.283
122000,0.050,0.627,0.323
122500,0.050,0.601,0.349
123000,0.050,0.665,0.285
123500,0.050,0.663,0.287
124000,0.050,0.670,0.280
124500,0.050,0.675,0.275
125000,0.050,0.711,0.239
125500,0.050,0.640,0.309
126000,0.050,0.668,0.282
126500,0.050,0.681,0.268
127000,0.050,0.697,0.253
127500,0.050,0.664,0.285
128000,0.050,0.690,0.260
128500,0.050,0.660,0.290
129000,0.050,0.669,0.280
129500,0.050,0.635,0.315
130000,0.050,0.565,0.385
130500,0.050,0.611,0.339
131000,0.050,0.592,0.358
131500,0.050,0.667,0.282
132000,0.050,0.662,0.288
132500,0.050,0.655,0.294
133000,0.050,0.644,0.306
133500,0.050,0.669,0.281
134000,0.050,0.634,0.316
134500,0.050,0.637,0.312
135000,0.050,0.654,0.295
135500,0.050,0.696,0.254
136000,0.050,0.683,0.266
136500,0.050,0.649,0.300
137000,0.050,0.637,0.312
137500,0.050,0.677,0.272
138000,0.050,0.694,0.256
138500,0.050,0.702,0.248
139000,0.050,0.740,0.210
139500,0.050,0.736,0.214
140000,0.050,0.729,0.221
140500,0.050,0.721,0.229
141000,0.050,0.658,0.292
141500,0.052,0.599,0.349
142000,0.051,0.660,0.289
142500,0.050,0.629,0.321
143000,0.050,0.626,0.324
143500,0.050,0.651,0.298
144000,0.050,0.607,0.343
144500,0.050,0.607,0.343
145000,0.050,0.639,0.311
145500,0.050,0.622,0.328
146000,0.050,0.629,0.321
146500,0.050,0.676,0.273
147000,0.050,0.665,0.285
147500,0.051,0.648,0.300
148000,0.050,0.638,0.312
148500,0.050,0.664,0.285
149000,0.050,0.647,0.302
149500,0.050,0.607,0.343
150000,0.050,0.645,0.305
150500,0.050,0.638,0.312
151000,0.050,0.632,0.318
151500,0.050,0.593,0.357
152000,0.050,0.623,0.327
152500,0.050,0.646,0.303
153000,0.050,0.666,0.283
153500,0.050,0.620,0.330
154000,0.050,0.594,0.356
154500,0.050,0.589,0.361
155000,0.050,0.557,0.393
155500,0.050,0.601,0.349
156000,0.050,0.631,0.319
156500,0.050,0.674,0.276
157000,0.050,0.639,0.310
157500,0.050,0.679,0.271
158000,0.050,0.695,0.255
158500,0.050,0.710,0.240
159000,0.050,0.703,0.247
159500,0.050,0.707,0.243
160000,0.050,0.663,0.287
160500,0.050,0.622,0.328
161000,0.050,0.629,0.321
161500,0.050,0.585,0.365
162000,0.050,0.651,0.299
162500,0.050,0.718,0.232
163000,0.050,0.710,0.240
163500,0.050,0.682,0.268
164000,0.050,0.623,0.327
164500,0.050,0.647,0.302
165000,0.050,0.620,0.330
165500,0.050,0.633,0.317
166000,0.050,0.610,0.340
166500,0.050,0.629,0.321
167000,0.050,0.622,0.328
167500,0.050,0.585,0.365
168000,0.050,0.604,0.346
168500,0.050,0.611,0.339
169000,0.050,0.614,0.336
169500,0.050,0.638,0.311
170000,0.050,0.603,0.347
170500,0.050,0.682,0.268
171000,0.050,0.692,0.258
171500,0.050,0.683,0.266
172000,0.050,0.677,0.272
172500,0.050,0.672,0.278
173000,0.050,0.686,0.263
173500,0.050,0.671,0.279
174000,0.050,0.674,0.275
174500,0.050,0.662,0.288
175000,0.050,0.658,0.292
175500,0.050,0.687,0.263
176000,0.050,0.666,0.283
176500,0.050,0.644,0.306
177000,0.050,0.662,0.288
177500,0.050,0.649,0.300
178000,0.050,0.632,0.318
178500,0.050,0.676,0.273
179000,0.050,0.673,0.276
179500,0.050,0.662,0.287
180000,0.050,0.665,0.285
180500,0.050,0.673,0.277
181000,0.050,0.658,0.291
181500,0.050,0.636,0.314
182000,0.050,0.644,0.306
182500,0.050,0.597,0.353
183000,0.050,0.629,0.321
183500,0.050,0.676,0.273
184000,0.050,0.682,0.267
184500,0.050,0.663,0.287
185000,0.050,0.728,0.222
185500,0.050,0.748,0.202
186000,0.050,0.728,0.222
186500,0.050,0.704,0.246
187000,0.050,0.705,0.245
187500,0.050,0.670,0.280
188000,0.050,0.700,0.250
188500,0.050,0.689,0.261
189000,0.050,0.714,0.236
189500,0.050,0.669,0.280
190000,0.050,0.652,0.298
190500,0.050,0.638,0.312
191000,0.050,0.695,0.255
191500,0.050,0.702,0.248
192000,0.050,0.681,0.269
192500,0.050,0.699,0.251
193000,0.050,0.734,0.216
193500,0.050,0.724,0.226
194000,0.050,0.647,0.303
194500,0.050,0.672,0.278
195000,0.050,0.668,0.281
195500,0.050,0.633,0.317
196000,0.050,0.656,0.293
196500,0.050,0.652,0.297
197000,0.050,0.678,0.272
197500,0.050,0.690,0.260
198000,0.050,0.706,0.244
198500,0.050,0.664,0.285
199000,0.050,0.688,0.262
199500,0.050,0.691,0.259
200000,0.050,0.685,0.264
200500,0.050,0.640,0.310
201000,0.050,0.630,0.320
201500,0.050,0.628,0.322
202000,0.050,0.650,0.300
202500,0.050,0.674,0.276
203000,0.050,0.658,0.291
203500,0.050,0.650,0.300
204000,0.050,0.631,0.319
204500,0.050,0.617,0.333
205000,0.050,0.609,0.341
205500,0.050,0.574,0.376
206000,0.050,0.658,0.292
206500,0.050,0.641,0.309
207000,0.050,0.646,0.303
207500,0.050,0.651,0.298
208000,0.050,0.636,0.314
208500,0.050,0.581,0.369
209000,0.050,0.604,0.346
209500,0.050,0.599,0.351
210000,0.050,0.619,0.331
210500,0.050,0.660,0.290
211000,0.050,0.663,0.287
211500,0.050,0.608,0.342
212000,0.050,0.635,0.315
212500,0.050,0.683,0.266
213000,0.050,0.726,0.224
213500,0.050,0.671,0.278
214000,0.050,0.646,0.304
214500,0.050,0.638,0.311
215000,0.050,0.674,0.276
215500,0.050,0.618,0.332
216000,0.050,0.654,0.295
216500,0.050,0.619,0.331
217000,0.050,0.591,0.359
217500,0.050,0.587,0.363
218000,0.050,0.640,0.310
218500,0.050,0.580,0.370
219000,0.050,0.639,0.310
219500,0.050,0.635,0.315
220000,0.050,0.636,0.314
220500,0.050,0.623,0.327
221000,0.050,0.627,0.323
221500,0.050,0.684,0.266
222000,0.050,0.691,0.259
222500,0.050,0.713,0.237
223000,0.050,0.669,0.281
223500,0.050,0.604,0.346
224000,0.050,0.632,0.318
224500,0.050,0.658,0.292
225000,0.050,0.637,0.312
225500,0.050,0.647,0.303
226000,0.050,0.620,0.330
226500,0.050,0.557,0.392
227000,0.050,0.604,0.346
227500,0.050,0.599,0.351
228000,0.050,0.634,0.316
228500,0.050,0.641,0.309
229000,0.050,0.627,0.323
229500,0.050,0.628,0.322
230000,0.050,0.643,0.307
230500,0.050,0.638,0.311
231000,0.050,0.608,0.342
231500,0.050,0.623,0.327
232000,0.050,0.582,0.368
232500,0.050,0.618,0.332
233000,0.050,0.608,0.342
233500,0.050,0.636,0.314
234000,0.050,0.651,0.299
234500,0.050,0.597,0.353
235000,0.050,0.622,0.328
235500,0.050,0.628,0.322
236000,0.050,0.657,0.293
236500,0.051,0.628,0.321
237000,0.051,0.637,0.312
237500,0.050,0.609,0.341
238000,0.050,0.626,0.324
238500,0.050,0.639,0.310
239000,0.050,0.606,0.344
239500,0.050,0.664,0.286
240000,0.050,0.660,0.290
240500,0.050,0.727,0.223
241000,0.050,0.697,0.253
241500,0.050,0.688,0.262
242000,0.050,0.708,0.242
242500,0.050,0.657,0.293
243000,0.050,0.680,0.269
243500,0.050,0.686,0.263
244000,0.050,0.698,0.252
244500,0.050,0.662,0.288
245000,0.050,0.658,0.292
245500,0.050,0.661,0.288
246000,0.050,0.688,0.262
246500,0.050,0.662,0.288
247000,0.050,0.659,0.291
247500,0.050,0.680,0.269
248000,0.050,0.631,0.319
248500,0.050,0.686,0.264
249000,0.050,0.679,0.271
249500,0.050,0.684,0.266
250000,0.050,0.729,0.221
250500,0.050,0.706,0.244
251000,0.050,0.690,0.260
251500,0.050,0.652,0.298
252000,0.050,0.668,0.281
252500,0.050,0.694,0.256
253000,0.050,0.659,0.290
253500,0.050,0.646,0.304
254000,0.050,0.631,0.319
254500,0.050,0.621,0.329
255000,0.050,0.683,0.267
255500,0.050,0.693,0.257
256000,0.050,0.653,0.297
256500,0.050,0.644,0.305
257000,0.050,0.650,0.300
257500,0.050,0.699,0.251
258000,0.050,0.680,0.270
258500,0.050,0.634,0.316
259000,0.050,0.696,0.254
259500,0.050,0.731,0.219
260000,0.050,0.701,0.249
260500,0.050,0.668,0.281
261000,0.050,0.634,0.316
261500,0.050,0.658,0.292
262000,0.050,0.624,0.326
262500,0.050,0.612,0.338
263000,0.050,0.673,0.276
263500,0.050,0.643,0.306
264000,0.050,0.626,0.324
264500,0.050,0.619,0.331
265000,0.050,0.686,0.264
265500,0.050,0.656,0.293
266000,0.050,0.684,0.265
266500,0.050,0.716,0.234
267000,0.050,0.695,0.255
267500,0.050,0.703,0.247
268000,0.050,0.642,0.307
268500,0.050,0.582,0.368
269000,0.050,0.623,0.327
269500,0.050,0.594,0.356
270000,0.050,0.644,0.305
270500,0.050,0.622,0.328
271000,0.050,0.575,0.375
271500,0.050,0.583,0.367
272000,0.050,0.675,0.274
272500,0.050,0.697,0.253
273000,0.050,0.680,0.269
273500,0.050,0.722,0.228
274000,0.050,0.708,0.242
274500,0.050,0.660,0.289
275000,0.050,0.558,0.391
275500,0.050,0.578,0.372
276000,0.050,0.651,0.298
276500,0.050,0.712,0.238
277000,0.050,0.710,0.240
277500,0.050,0.664,0.285
278000,0.050,0.682,0.268
278500,0.050,0.687,0.263
279000,0.050,0.657,0.293
279500,0.050,0.650,0.299
280000,0.050,0.634,0.316
280500,0.050,0.591,0.359
281000,0.050,0.638,0.312
281500,0.050,0.612,0.338
282000,0.050,0.694,0.256
282500,0.050,0.723,0.227
283000,0.050,0.699,0.251
283500,0.050,0.724,0.226
284000,0.050,0.669,0.280
284500,0.050,0.606,0.344
285000,0.050,0.620,0.330
285500,0.050,0.646,0.304
286000,0.050,0.659,0.291
286500,0.050,0.651,0.298
287000,0.050,0.669,0.280
287500,0.050,0.714,0.236
288000,0.050,0.676,0.274
288500,0.050,0.694,0.256
289000,0.050,0.720,0.230
289500,0.050,0.701,0.249
290000,0.050,0.635,0.315
290500,0.050,0.616,0.334
291000,0.050,0.677,0.272
291500,0.050,0.679,0.271
292000,0.050,0.607,0.343
292500,0.050,0.645,0.304
293000,0.050,0.705,0.245
293500,0.050,0.722,0.228
294000,0.050,0.676,0.273
294500,0.050,0.665,0.284
295000,0.050,0.665,0.285
295500,0.050,0.700,0.250
296000,0.050,0.673,0.276
296500,0.050,0.684,0.265
297000,0.050,0.705,0.245
297500,0.050,0.645,0.304
298000,0.050,0.703,0.247
298500,0.050,0.725,0.225
299000,0.050,0.707,0.243
299500,0.050,0.666,0.283
300000,0.050,0.698,0.252
300500,0.050,0.681,0.269
301000,0.050,0.716,0.234
301500,0.050,0.647,0.303
302000,0.050,0.644,0.305
302500,0.050,0.659,0.291
303000,0.050,0.669,0.281
303500,0.050,0.696,0.254
304000,0.050,0.680,0.270
304500,0.050,0.675,0.274
305000,0.050,0.684,0.266
305500,0.050,0.685,0.264
306000,0.050,0.682,0.267
306500,0.050,0.671,0.279
307000,0.050,0.709,0.241
307500,0.050,0.608,0.342
308000,0.050,0.615,0.335
308500,0.050,0.598,0.352
309000,0.050,0.669,0.280
309500,0.050,0.670,0.279
310000,0.050,0.599,0.351
310500,0.050,0.600,0.350
311000,0.050,0.651,0.298
311500,0.050,0.634,0.316
312000,0.050,0.627,0.323
312500,0.051,0.623,0.326
313000,0.050,0.644,0.305
313500,0.050,0.649,0.301
314000,0.050,0.608,0.342
314500,0.050,0.671,0.278
315000,0.050,0.647,0.302
315500,0.050,0.619,0.331
316000,0.050,0.575,0.375
316500,0.050,0.622,0.328
317000,0.050,0.632,0.318
317500,0.050,0.626,0.324
318000,0.050,0.655,0.294
318500,0.050,0.650,0.300
319000,0.050,0.675,0.274
319500,0.050,0.658,0.291
320000,0.050,0.633,0.317
320500,0.050,0.660,0.290
321000,0.050,0.688,0.262
321500,0.050,0.677,0.272
322000,0.050,0.660,0.289
322500,0.050,0.682,0.268
323000,0.050,0.598,0.352
323500,0.050,0.615,0.335
324000,0.050,0.613,0.337
324500,0.050,0.612,0.338
325000,0.050,0.574,0.376
325500,0.050,0.652,0.297
326000,0.050,0.623,0.327
326500,0.050,0.677,0.272
327000,0.050,0.670,0.280
327500,0.050,0.624,0.326
328000,0.050,0.651,0.298
328500,0.050,0.660,0.290
329000,0.050,0.623,0.327
329500,0.050,0.642,0.307
330000,0.050,0.670,0.280
330500,0.050,0.685,0.264
331000,0.050,0.650,0.300
331500,0.050,0.644,0.305
332000,0.050,0.685,0.265
332500,0.050,0.660,0.290
333000,0.050,0.668,0.281
333500,0.050,0.585,0.365
334000,0.050,0.530,0.419
334500,0.050,0.567,0.383
335000,0.050,0.574,0.376
335500,0.050,0.572,0.378
336000,0.050,0.671,0.279
336500,0.050,0.639,0.311
337000,0.050,0.626,0.324
337500,0.050,0.603,0.347
338000,0.050,0.636,0.314
338500,0.050,0.668,0.282
339000,0.050,0.674,0.276
339500,0.050,0.679,0.271
340000,0.050,0.703,0.247
340500,0.050,0.651,0.299
341000,0.050,0.670,0.279
341500,0.050,0.695,0.255
342000,0.050,0.735,0.215
342500,0.050,0.706,0.244
343000,0.050,0.643,0.306
343500,0.050,0.660,0.289
344000,0.050,0.647,0.303
344500,0.050,0.653,0.297
345000,0.050,0.623,0.327
345500,0.050,0.621,0.329
346000,0.050,0.608,0.342
346500,0.050,0.628,0.322
347000,0.050,0.606,0.344
347500,0.050,0.606,0.344
348000,0.050,0.665,0.285
348500,0.050,0.694,0.256
349000,0.050,0.692,0.258
349500,0.050,0.693,0.257
350000,0.050,0.612,0.338
350500,0.050,0.650,0.299
351000,0.050,0.663,0.287
351500,0.050,0.647,0.302
352000,0.050,0.629,0.321
352500,0.050,0.580,0.370
353000,0.050,0.626,0.324
353500,0.050,0.666,0.284
354000,0.050,0.608,0.342
354500,0.050,0.660,0.290
355000,0.050,0.621,0.329
355500,0.050,0.644,0.305
356000,0.050,0.672,0.277
356500,0.050,0.697,0.253
357000,0.050,0.664,0.286
357500,0.050,0.645,0.304
358000,0.050,0.710,0.240
358500,0.050,0.654,0.295
359000,0.050,0.611,0.339
359500,0.050,0.613,0.337
360000,0.050,0.627,0.323
360500,0.050,0.663,0.286
361000,0.050,0.647,0.302
361500,0.050,0.631,0.319
362000,0.050,0.540,0.410
362500,0.050,0.612,0.338
363000,0.050,0.669,0.281
363500,0.050,0.715,0.235
364000,0.050,0.659,0.291
364500,0.050,0.681,0.269
365000,0.050,0.655,0.295
365500,0.050,0.679,0.271
366000,0.050,0.696,0.254
366500,0.050,0.732,0.218
367000,0.050,0.707,0.243
367500,0.050,0.681,0.269
368000,0.050,0.677,0.273
368500,0.050,0.656,0.293
369000,0.050,0.665,0.284
369500,0.050,0.697,0.253
370000,0.050,0.676,0.274
370500,0.050,0.690,0.260
371000,0.050,0.699,0.251
371500,0.050,0.681,0.268
372000,0.050,0.654,0.296
372500,0.050,0.681,0.269
373000,0.050,0.715,0.235
373500,0.050,0.700,0.250
374000,0.050,0.684,0.266
374500,0.050,0.665,0.285
375000,0.050,0.688,0.262
375500,0.050,0.681,0.268
376000,0.050,0.652,0.297
376500,0.050,0.607,0.343
377000,0.050,0.656,0.293
377500,0.050,0.699,0.251
378000,0.050,0.700,0.250
378500,0.050,0.713,0.237
379000,0.050,0.705,0.245
379500,0.050,0.694,0.256
380000,0.050,0.579,0.371
380500,0.050,0.619,0.331
381000,0.050,0.635,0.315
381500,0.050,0.658,0.291
382000,0.050,0.655,0.295
382500,0.050,0.653,0.296
383000,0.050,0.621,0.329
383500,0.050,0.586,0.364
384000,0.050,0.597,0.353
384500,0.050,0.645,0.305
385000,0.050,0.634,0.316
385500,0.050,0.636,0.314
386000,0.050,0.616,0.334
386500,0.050,0.660,0.290
387000,0.050,0.656,0.293
387500,0.050,0.651,0.299
388000,0.050,0.710,0.240
388500,0.050,0.760,0.190
389000,0.050,0.657,0.293
389500,0.050,0.635,0.315
390000,0.050,0.656,0.294
390500,0.050,0.708,0.242
391000,0.050,0.665,0.285
391500,0.050,0.723,0.227
392000,0.050,0.702,0.248
392500,0.050,0.727,0.223
393000,0.050,0.710,0.240
393500,0.050,0.733,0.217
394000,0.050,0.680,0.269
394500,0.050,0.699,0.251
395000,0.050,0.650,0.299
395500,0.050,0.642,0.308
396000,0.050,0.692,0.258
396500,0.050,0.683,0.266
397000,0.050,0.700,0.250
397500,0.050,0.687,0.263
398000,0.050,0.729,0.221
398500,0.050,0.727,0.223
399000,0.050,0.721,0.229
399500,0.050,0.620,0.330
400000,0.050,0.670,0.279
400500,0.050,0.616,0.334
401000,0.050,0.625,0.325
401500,0.050,0.627,0.323
402000,0.050,0.589,0.361
402500,0.050,0.638,0.311
403000,0.050,0.601,0.349
403500,0.050,0.605,0.345
404000,0.050,0.614,0.336
404500,0.050,0.609,0.341
405000,0.050,0.575,0.375
405500,0.050,0.640,0.309
406000,0.050,0.657,0.292
406500,0.050,0.664,0.285
407000,0.050,0.706,0.244
407500,0.050,0.670,0.280
408000,0.050,0.652,0.297
408500,0.050,0.679,0.271
409000,0.050,0.657,0.293
409500,0.050,0.741,0.209
410000,0.050,0.716,0.234
410500,0.050,0.689,0.261
411000,0.050,0.663,0.287
411500,0.050,0.710,0.240
412000,0.050,0.696,0.254
412500,0.050,0.740,0.210
413000,0.050,0.691,0.259
413500,0.050,0.720,0.230
414000,0.050,0.758,0.192
414500,0.050,0.734,0.216
415000,0.050,0.696,0.254
415500,0.050,0.702,0.248
416000,0.052,0.712,0.236
416500,0.051,0.689,0.261
417000,0.050,0.682,0.268
417500,0.050,0.740,0.210
418000,0.050,0.670,0.280
418500,0.050,0.689,0.261
419000,0.050,0.670,0.280
419500,0.050,0.713,0.237
420000,0.050,0.698,0.252
420500,0.050,0.738,0.212
421000,0.050,0.732,0.218
421500,0.050,0.685,0.264
422000,0.050,0.705,0.245
422500,0.050,0.671,0.279
423000,0.050,0.679,0.270
423500,0.050,0.675,0.274
424000,0.050,0.707,0.243
424500,0.050,0.701,0.249
425000,0.050,0.719,0.231
425500,0.050,0.691,0.259
426000,0.050,0.676,0.274
426500,0.050,0.660,0.290
427000,0.050,0.681,0.268
427500,0.050,0.704,0.246
428000,0.050,0.747,0.203
428500,0.050,0.717,0.233
429000,0.050,0.696,0.254
429500,0.050,0.679,0.271
430000,0.050,0.705,0.245
430500,0.050,0.718,0.232
431000,0.050,0.656,0.293
431500,0.050,0.666,0.283
432000,0.050,0.671,0.278
432500,0.050,0.720,0.230
433000,0.050,0.694,0.256
433500,0.050,0.638,0.312
434000,0.050,0.624,0.326
434500,0.050,0.711,0.239
435000,0.050,0.696,0.254
435500,0.050,0.691,0.259
436000,0.050,0.640,0.309
436500,0.050,0.697,0.253
437000,0.050,0.648,0.301
437500,0.050,0.654,0.296
438000,0.050,0.601,0.349
438500,0.050,0.661,0.288
439000,0.050,0.671,0.279
439500,0.050,0.690,0.260
440000,0.051,0.677,0.271
440500,0.050,0.747,0.203
441000,0.050,0.718,0.232
441500,0.050,0.673,0.277
442000,0.050,0.696,0.254
442500,0.050,0.699,0.251
443000,0.050,0.646,0.304
443500,0.050,0.624,0.326
444000,0.050,0.560,0.389
444500,0.050,0.573,0.377
445000,0.050,0.565,0.385
445500,0.050,0.574,0.376
446000,0.050,0.650,0.300
446500,0.050,0.643,0.307
447000,0.050,0.638,0.312
447500,0.050,0.660,0.290
448000,0.050,0.612,0.338
448500,0.050,0.639,0.310
449000,0.050,0.643,0.306
449500,0.050,0.607,0.343
450000,0.052,0.618,0.330
450500,0.051,0.619,0.331
451000,0.050,0.648,0.302
451500,0.050,0.642,0.308
452000,0.050,0.653,0.297
452500,0.051,0.656,0.293
453000,0.050,0.649,0.300
453500,0.050,0.726,0.224
454000,0.050,0.747,0.203
454500,0.050,0.717,0.233
455000,0.050,0.651,0.298
455500,0.050,0.643,0.306
456000,0.050,0.644,0.305
456500,0.050,0.666,0.283
457000,0.050,0.620,0.330
457500,0.050,0.651,0.298
458000,0.050,0.655,0.294
458500,0.050,0.621,0.329
459000,0.050,0.651,0.299
459500,0.050,0.632,0.318
460000,0.050,0.583,0.367
460500,0.050,0.640,0.309
461000,0.050,0.666,0.283
461500,0.050,0.653,0.296
462000,0.050,0.679,0.271
462500,0.050,0.675,0.275
463000,0.050,0.682,0.267
463500,0.050,0.652,0.297
464000,0.050,0.697,0.253
464500,0.050,0.705,0.245
465000,0.050,0.740,0.210
465500,0.050,0.738,0.212
466000,0.050,0.689,0.261
466500,0.050,0.639,0.311
467000,0.050,0.674,0.276
467500,0.050,0.670,0.280
468000,0.050,0.699,0.251
468500,0.050,0.685,0.264
469000,0.050,0.661,0.289
469500,0.050,0.691,0.259
470000,0.050,0.705,0.245
470500,0.050,0.725,0.225
471000,0.050,0.705,0.245
471500,0.050,0.686,0.263
472000,0.050,0.697,0.253
472500,0.050,0.671,0.279
473000,0.050,0.638,0.311
473500,0.050,0.685,0.264
474000,0.050,0.676,0.273
474500,0.050,0.643,0.307
475000,0.050,0.696,0.254
475500,0.050,0.627,0.323
476000,0.050,0.617,0.333
476500,0.050,0.653,0.297
477000,0.050,0.632,0.318
477500,0.050,0.662,0.287
478000,0.050,0.654,0.296
478500,0.050,0.636,0.314
479000,0.050,0.631,0.319
479500,0.050,0.649,0.301
480000,0.050,0.681,0.269
480500,0.050,0.659,0.290
481000,0.050,0.694,0.256
481500,0.050,0.635,0.315
482000,0.050,0.597,0.353
482500,0.050,0.628,0.322
483000,0.050,0.604,0.346
483500,0.050,0.589,0.361
484000,0.050,0.667,0.282
484500,0.050,0.629,0.321
485000,0.050,0.670,0.280
485500,0.050,0.724,0.226
486000,0.050,0.691,0.259
486500,0.050,0.675,0.275
487000,0.050,0.714,0.236
487500,0.050,0.686,0.263
488000,0.050,0.627,0.323
488500,0.050,0.652,0.298
489000,0.050,0.603,0.347
489500,0.050,0.576,0.374
490000,0.051,0.541,0.407
490500,0.050,0.603,0.347
491000,0.050,0.606,0.344
491500,0.050,0.586,0.364
492000,0.050,0.621,0.329
492500,0.050,0.603,0.347
493000,0.050,0.649,0.300
493500,0.050,0.713,0.237
494000,0.050,0.658,0.291
494500,0.050,0.664,0.285
495000,0.050,0.667,0.282
495500,0.050,0.672,0.278
496000,0.050,0.618,0.332
496500,0.050,0.600,0.350
497000,0.050,0.633,0.317
497500,0.050,0.652,0.297
498000,0.050,0.693,0.257
498500,0.050,0.678,0.271
499000,0.050,0.670,0.280
499500,0.050,0.602,0.348
500000,0.050,0.677,0.273
500500,0.050,0.672,0.277
501000,0.050,0.622,0.328
501500,0.050,0.616,0.334
502000,0.050,0.587,0.363
502500,0.050,0.595,0.355
503000,0.050,0.622,0.328
503500,0.050,0.648,0.302
504000,0.050,0.649,0.301
504500,0.050,0.630,0.320
505000,0.050,0.659,0.290
505500,0.050,0.670,0.280
506000,0.050,0.640,0.309
506500,0.050,0.654,0.295
507000,0.050,0.645,0.305
507500,0.050,0.631,0.319
508000,0.050,0.620,0.330
508500,0.050,0.647,0.302
509000,0.050,0.647,0.303
509500,0.050,0.638,0.311
510000,0.050,0.666,0.284
510500,0.050,0.694,0.256
511000,0.050,0.658,0.291
511500,0.050,0.666,0.283
512000,0.050,0.664,0.285
512500,0.050,0.644,0.306
513000,0.050,0.615,0.335
513500,0.050,0.613,0.337
514000,0.050,0.650,0.299
514500,0.050,0.623,0.327
515000,0.050,0.687,0.263
515500,0.050,0.714,0.236
516000,0.050,0.729,0.221
516500,0.050,0.705,0.245
517000,0.050,0.685,0.265
517500,0.050,0.704,0.246
518000,0.050,0.687,0.263
518500,0.050,0.658,0.291
519000,0.050,0.657,0.293
519500,0.050,0.661,0.288
520000,0.050,0.667,0.283
520500,0.050,0.653,0.296
521000,0.050,0.666,0.284
521500,0.050,0.653,0.296
522000,0.050,0.632,0.318
522500,0.050,0.611,0.339
523000,0.050,0.608,0.342
523500,0.050,0.643,0.306
524000,0.050,0.725,0.225
524500,0.050,0.765,0.184
525000,0.050,0.743,0.207
525500,0.050,0.730,0.220
526000,0.050,0.629,0.321
526500,0.050,0.642,0.308
527000,0.050,0.678,0.272
527500,0.050,0.743,0.207
528000,0.050,0.692,0.258
528500,0.050,0.660,0.289
529000,0.050,0.629,0.321
529500,0.050,0.619,0.331
530000,0.050,0.630,0.320
530500,0.050,0.623,0.327
531000,0.050,0.647,0.303
531500,0.050,0.604,0.346
532000,0.050,0.657,0.293
532500,0.050,0.597,0.353
533000,0.050,0.639,0.310
533500,0.050,0.635,0.315
534000,0.050,0.595,0.355
534500,0.050,0.666,0.284
535000,0.050,0.754,0.196
535500,0.050,0.698,0.252
536000,0.050,0.644,0.305
536500,0.050,0.671,0.279
537000,0.050,0.663,0.287
537500,0.050,0.627,0.323
538000,0.050,0.661,0.288
538500,0.050,0.711,0.239
539000,0.050,0.690,0.260
539500,0.050,0.619,0.331
540000,0.053,0.606,0.341
540500,0.051,0.607,0.342
541000,0.051,0.660,0.289
541500,0.050,0.670,0.280
542000,0.050,0.683,0.267
542500,0.050,0.653,0.297
543000,0.050,0.630,0.320
543500,0.050,0.665,0.285
544000,0.050,0.638,0.312
544500,0.050,0.648,0.301
545000,0.050,0.646,0.304
545500,0.050,0.682,0.267
546000,0.050,0.653,0.296
546500,0.050,0.582,0.368
547000,0.050,0.641,0.308
547500,0.050,0.677,0.272
548000,0.050,0.671,0.278
548500,0.050,0.704,0.246
549000,0.050,0.659,0.290
549500,0.050,0.683,0.266
550000,0.050,0.646,0.304
550500,0.050,0.602,0.348
551000,0.050,0.622,0.328
551500,0.050,0.666,0.283
552000,0.050,0.698,0.252
552500,0.050,0.677,0.273
553000,0.050,0.680,0.270
553500,0.050,0.642,0.307
554000,0.050,0.609,0.341
554500,0.050,0.613,0.337
555000,0.050,0.620,0.330
555500,0.050,0.607,0.343
556000,0.050,0.551,0.398
556500,0.050,0.616,0.334
557000,0.050,0.629,0.321
557500,0.050,0.637,0.312
558000,0.050,0.691,0.259
558500,0.050,0.689,0.261
559000,0.050,0.719,0.231
559500,0.050,0.778,0.172
560000,0.050,0.723,0.227
560500,0.050,0.699,0.251
561000,0.050,0.675,0.274
561500,0.050,0.674,0.275
562000,0.050,0.670,0.280
562500,0.050,0.671,0.279
563000,0.050,0.657,0.293
563500,0.050,0.603,0.347
564000,0.050,0.612,0.338
564500,0.050,0.594,0.356
565000,0.050,0.628,0.322
565500,0.050,0.633,0.317
566000,0.050,0.625,0.325
566500,0.050,0.650,0.300
567000,0.050,0.644,0.306
567500,0.050,0.617,0.333
568000,0.050,0.682,0.268
568500,0.050,0.681,0.269
569000,0.050,0.656,0.294
569500,0.050,0.671,0.279
570000,0.050,0.712,0.238
570500,0.050,0.711,0.239
571000,0.050,0.672,0.278
571500,0.050,0.723,0.227
572000,0.050,0.697,0.253
572500,0.050,0.702,0.248
573000,0.050,0.718,0.232
573500,0.050,0.672,0.277
574000,0.050,0.659,0.291
574500,0.050,0.598,0.352
575000,0.050,0.545,0.404
575500,0.050,0.629,0.321
576000,0.050,0.635,0.315
576500,0.050,0.644,0.305
577000,0.050,0.643,0.307
577500,0.050,0.662,0.288
578000,0.050,0.637,0.313
578500,0.050,0.663,0.286
579000,0.050,0.689,0.261
579500,0.050,0.736,0.214
580000,0.050,0.745,0.205
580500,0.050,0.645,0.305
581000,0.050,0.669,0.280
581500,0.050,0.661,0.288
582000,0.050,0.658,0.292
582500,0.050,0.658,0.291
583000,0.050,0.701,0.249
583500,0.050,0.699,0.251
584000,0.050,0.712,0.238
584500,0.050,0.663,0.286
585000,0.050,0.623,0.327
585500,0.050,0.683,0.266
586000,0.050,0.674,0.275
586500,0.050,0.700,0.250
587000,0.050,0.690,0.260
587500,0.050,0.648,0.301
588000,0.050,0.646,0.303
588500,0.050,0.675,0.274
589000,0.050,0.643,0.307
589500,0.050,0.643,0.306
590000,0.050,0.649,0.301
590500,0.050,0.597,0.353
591000,0.050,0.618,0.332
591500,0.050,0.630,0.320
592000,0.050,0.679,0.270
592500,0.050,0.689,0.261
593000,0.050,0.685,0.265
593500,0.050,0.646,0.303
594000,0.050,0.640,0.310
594500,0.050,0.681,0.268
595000,0.050,0.621,0.329
595500,0.050,0.605,0.345
596000,0.050,0.637,0.312
596500,0.050,0.634,0.316
597000,0.050,0.639,0.310
597500,0.050,0.663,0.287
598000,0.050,0.700,0.250
598500,0.050,0.738,0.212
599000,0.050,0.716,0.234
599500,0.050,0.713,0.237
600000,0.050,0.644,0.305
600500,0.050,0.703,0.247
601000,0.050,0.673,0.277
601500,0.050,0.692,0.258
602000,0.050,0.704,0.246
602500,0.050,0.707,0.243
603000,0.050,0.745,0.205
603500,0.050,0.699,0.251
604000,0.050,0.719,0.231
604500,0.050,0.671,0.279
605000,0.050,0.647,0.303
605500,0.050,0.658,0.291
606000,0.050,0.716,0.234
606500,0.050,0.682,0.268
607000,0.050,0.662,0.287
607500,0.050,0.647,0.303
608000,0.050,0.682,0.267
608500,0.050,0.656,0.294
609000,0.050,0.694,0.256
609500,0.050,0.693,0.257
610000,0.050,0.661,0.288
610500,0.050,0.604,0.346
611000,0.050,0.619,0.331
611500,0.050,0.630,0.320
612000,0.050,0.643,0.307
612500,0.050,0.647,0.302
613000,0.050,0.599,0.351
613500,0.050,0.633,0.317
614000,0.050,0.664,0.285
614500,0.050,0.690,0.260
615000,0.050,0.706,0.244
615500,0.050,0.698,0.252
616000,0.050,0.663,0.287
616500,0.050,0.646,0.303
617000,0.050,0.627,0.323
617500,0.050,0.660,0.289
618000,0.050,0.645,0.304
618500,0.050,0.653,0.297
619000,0.050,0.656,0.293
619500,0.050,0.623,0.327
620000,0.050,0.635,0.315
620500,0.050,0.663,0.287
621000,0.050,0.724,0.226
621500,0.050,0.715,0.235
622000,0.050,0.660,0.289
622500,0.050,0.661,0.289
623000,0.050,0.660,0.289
623500,0.050,0.703,0.247
624000,0.050,0.600,0.350
624500,0.050,0.609,0.341
625000,0.050,0.670,0.279
625500,0.050,0.720,0.230
626000,0.050,0.665,0.284
626500,0.050,0.636,0.314
627000,0.050,0.640,0.309
627500,0.050,0.648,0.302
628000,0.050,0.651,0.298
628500,0.050,0.613,0.337
629000,0.050,0.646,0.304
629500,0.050,0.687,0.263
630000,0.050,0.603,0.347
630500,0.050,0.632,0.318
631000,0.050,0.681,0.268
631500,0.050,0.668,0.281
632000,0.050,0.692,0.258
632500,0.050,0.716,0.234
633000,0.050,0.698,0.252
633500,0.050,0.696,0.254
634000,0.050,0.722,0.228
634500,0.050,0.649,0.300
635000,0.050,0.652,0.297
635500,0.050,0.670,0.280
636000,0.050,0.582,0.368
636500,0.050,0.652,0.298
637000,0.050,0.697,0.253
637500,0.050,0.717,0.233
638000,0.050,0.691,0.259
638500,0.050,0.644,0.306
639000,0.050,0.673,0.276
639500,0.050,0.684,0.265
640000,0.050,0.683,0.267
640500,0.050,0.703,0.247
641000,0.050,0.657,0.292
641500,0.050,0.663,0.287
642000,0.050,0.640,0.309
642500,0.050,0.605,0.345
643000,0.050,0.642,0.308
643500,0.050,0.625,0.325
644000,0.050,0.633,0.317
644500,0.050,0.592,0.358
645000,0.050,0.638,0.311
645500,0.050,0.729,0.221
646000,0.050,0.694,0.256
646500,0.050,0.643,0.307
647000,0.050,0.624,0.326
647500,0.050,0.668,0.281
648000,0.050,0.689,0.261
648500,0.050,0.613,0.337
649000,0.050,0.638,0.312
649500,0.050,0.645,0.305
650000,0.050,0.643,0.307
650500,0.050,0.656,0.294
651000,0.050,0.695,0.255
651500,0.050,0.680,0.269
652000,0.050,0.640,0.309
652500,0.050,0.622,0.328
653000,0.050,0.683,0.266
653500,0.050,0.662,0.287
654000,0.050,0.660,0.289
654500,0.050,0.724,0.226
655000,0.050,0.723,0.227
655500,0.050,0.710,0.240
656000,0.050,0.658,0.292
656500,0.050,0.613,0.337
657000,0.050,0.635,0.315
657500,0.050,0.690,0.260
658000,0.050,0.671,0.278
658500,0.050,0.656,0.293
659000,0.050,0.665,0.285
659500,0.050,0.673,0.277
660000,0.050,0.632,0.318
660500,0.050,0.626,0.324
661000,0.050,0.632,0.318
661500,0.050,0.585,0.365
662000,0.050,0.608,0.342
662500,0.050,0.677,0.273
663000,0.050,0.674,0.276
663500,0.050,0.681,0.268
664000,0.050,0.715,0.235
664500,0.050,0.657,0.292
665000,0.050,0.655,0.294
665500,0.050,0.696,0.254
666000,0.050,0.691,0.259
666500,0.050,0.631,0.319
667000,0.050,0.662,0.288
667500,0.050,0.671,0.279
668000,0.050,0.649,0.301
668500,0.050,0.661,0.288
669000,0.050,0.682,0.268
669500,0.050,0.674,0.275
670000,0.050,0.688,0.262
670500,0.050,0.748,0.202
671000,0.050,0.709,0.241
671500,0.050,0.703,0.247
672000,0.050,0.690,0.260
672500,0.050,0.708,0.242
673000,0.050,0.702,0.248
673500,0.050,0.675,0.275
674000,0.050,0.685,0.265
674500,0.050,0.674,0.275
675000,0.050,0.653,0.296
675500,0.050,0.658,0.292
676000,0.050,0.578,0.372
676500,0.050,0.624,0.326
677000,0.050,0.625,0.325
677500,0.050,0.625,0.325
678000,0.050,0.662,0.287
678500,0.050,0.666,0.284
679000,0.050,0.626,0.324
679500,0.050,0.664,0.286
680000,0.050,0.649,0.301
680500,0.050,0.678,0.271
681000,0.050,0.661,0.288
681500,0.050,0.670,0.279
682000,0.050,0.687,0.263
682500,0.050,0.695,0.255
683000,0.050,0.717,0.233
683500,0.050,0.683,0.266
684000,0.050,0.655,0.295
684500,0.050,0.697,0.253
685000,0.050,0.696,0.254
685500,0.050,0.753,0.197
686000,0.050,0.739,0.211
686500,0.050,0.648,0.301
687000,0.050,0.637,0.312
687500,0.050,0.673,0.277
688000,0.050,0.694,0.256
688500,0.050,0.721,0.229
689000,0.050,0.609,0.341
689500,0.050,0.578,0.372
690000,0.050,0.577,0.373
690500,0.050,0.582,0.368
691000,0.050,0.595,0.355
691500,0.050,0.605,0.345
692000,0.050,0.628,0.322
692500,0.050,0.604,0.346
693000,0.050,0.559,0.391
693500,0.050,0.605,0.345
694000,0.050,0.692,0.258
694500,0.050,0.700,0.250
695000,0.050,0.701,0.249
695500,0.050,0.674,0.276
696000,0.050,0.708,0.242
696500,0.050,0.630,0.320
697000,0.050,0.672,0.278
697500,0.050,0.676,0.273
698000,0.050,0.662,0.287
698500,0.050,0.681,0.268
699000,0.050,0.663,0.287
699500,0.050,0.657,0.292
700000,0.050,0.673,0.276
700500,0.050,0.633,0.317
701000,0.050,0.624,0.326
701500,0.050,0.683,0.267
702000,0.050,0.719,0.231
702500,0.050,0.738,0.212
703000,0.050,0.610,0.340
703500,0.050,0.606,0.344
704000,0.050,0.611,0.339
704500,0.050,0.614,0.336
705000,0.050,0.661,0.288
705500,0.050,0.647,0.303
706000,0.050,0.663,0.287
706500,0.050,0.730,0.220
707000,0.050,0.668,0.282
707500,0.050,0.675,0.275
708000,0.050,0.673,0.277
708500,0.050,0.654,0.295
709000,0.050,0.639,0.310
709500,0.050,0.612,0.338
710000,0.050,0.613,0.337
710500,0.050,0.641,0.309
711000,0.052,0.614,0.334
711500,0.050,0.677,0.272
712000,0.050,0.703,0.247
712500,0.050,0.692,0.258
713000,0.050,0.666,0.284
713500,0.050,0.676,0.273
714000,0.050,0.631,0.319
714500,0.050,0.553,0.397
715000,0.050,0.584,0.366
715500,0.050,0.664,0.285
716000,0.050,0.623,0.327
716500,0.050,0.681,0.268
717000,0.053,0.671,0.276
717500,0.051,0.641,0.308
718000,0.051,0.640,0.309
718500,0.050,0.609,0.341
719000,0.050,0.659,0.290
719500,0.050,0.667,0.283
720000,0.050,0.669,0.280
720500,0.050,0.692,0.258
721000,0.050,0.677,0.273
721500,0.050,0.651,0.299
722000,0.050,0.665,0.284
722500,0.050,0.625,0.325
723000,0.050,0.656,0.294
723500,0.050,0.656,0.293
724000,0.050,0.655,0.295
724500,0.050,0.664,0.285
725000,0.050,0.698,0.252
725500,0.050,0.679,0.270
726000,0.050,0.662,0.288
726500,0.050,0.642,0.308
727000,0.050,0.622,0.328
727500,0.050,0.649,0.301
728000,0.050,0.663,0.287
728500,0.050,0.640,0.310
729000,0.050,0.664,0.285
729500,0.050,0.633,0.317
730000,0.050,0.643,0.306
730500,0.050,0.675,0.275
731000,0.050,0.672,0.277
731500,0.050,0.676,0.273
732000,0.050,0.680,0.270
732500,0.050,0.706,0.244
733000,0.050,0.717,0.233
733500,0.050,0.712,0.238
734000,0.050,0.675,0.274
734500,0.050,0.712,0.238
735000,0.050,0.714,0.236
735500,0.050,0.686,0.264
736000,0.050,0.665,0.284
736500,0.050,0.674,0.275
737000,0.050,0.659,0.291
737500,0.050,0.670,0.279
738000,0.050,0.666,0.283
738500,0.050,0.688,0.262
739000,0.050,0.688,0.262
739500,0.050,0.631,0.319
740000,0.050,0.615,0.335
740500,0.051,0.598,0.351
741000,0.051,0.704,0.246
741500,0.050,0.697,0.253
742000,0.050,0.664,0.285
742500,0.050,0.713,0.237
743000,0.050,0.737,0.213
743500,0.050,0.687,0.263
744000,0.050,0.706,0.244
744500,0.050,0.669,0.281
745000,0.050,0.699,0.251
745500,0.050,0.716,0.234
746000,0.050,0.670,0.279
746500,0.050,0.679,0.270
747000,0.050,0.625,0.325
747500,0.050,0.680,0.270
748000,0.050,0.691,0.259
748500,0.050,0.683,0.267
749000,0.050,0.698,0.252
749500,0.050,0.661,0.288
750000,0.050,0.599,0.351
750500,0.050,0.639,0.311
751000,0.050,0.627,0.323
751500,0.050,0.613,0.337
752000,0.050,0.657,0.293
752500,0.050,0.628,0.322
753000,0.050,0.663,0.287
753500,0.050,0.671,0.278
754000,0.050,0.680,0.270
754500,0.050,0.644,0.305
755000,0.050,0.614,0.336
755500,0.050,0.603,0.347
756000,0.050,0.646,0.303
756500,0.050,0.636,0.314
757000,0.050,0.663,0.286
757500,0.050,0.654,0.295
758000,0.050,0.617,0.333
758500,0.050,0.634,0.316
759000,0.050,0.630,0.320
759500,0.050,0.700,0.250
760000,0.050,0.702,0.248
760500,0.050,0.681,0.268
761000,0.050,0.672,0.277
761500,0.050,0.691,0.259
762000,0.050,0.710,0.240
762500,0.050,0.647,0.302
763000,0.050,0.683,0.266
763500,0.050,0.730,0.220
764000,0.053,0.691,0.256
764500,0.051,0.659,0.290
765000,0.050,0.656,0.293
765500,0.050,0.627,0.323
766000,0.050,0.616,0.334
766500,0.050,0.598,0.352
767000,0.050,0.637,0.312
767500,0.050,0.629,0.321
768000,0.050,0.603,0.347
768500,0.050,0.613,0.337
769000,0.050,0.654,0.296
769500,0.050,0.636,0.314
770000,0.050,0.688,0.262
770500,0.050,0.678,0.271
771000,0.050,0.596,0.354
771500,0.050,0.610,0.340
772000,0.050,0.632,0.318
772500,0.050,0.593,0.357
773000,0.050,0.618,0.332
773500,0.050,0.634,0.316
774000,0.050,0.649,0.301
774500,0.050,0.661,0.288
775000,0.050,0.632,0.318
775500,0.050,0.671,0.279
776000,0.050,0.749,0.201
776500,0.050,0.730,0.220
777000,0.050,0.699,0.251
777500,0.050,0.689,0.261
778000,0.050,0.696,0.254
778500,0.050,0.704,0.246
779000,0.050,0.722,0.228
779500,0.050,0.667,0.282
780000,0.050,0.651,0.298
780500,0.050,0.664,0.286
781000,0.050,0.702,0.248
781500,0.050,0.611,0.339
782000,0.050,0.608,0.342
782500,0.050,0.583,0.367
783000,0.050,0.625,0.325
783500,0.050,0.649,0.300
784000,0.050,0.640,0.310
784500,0.050,0.640,0.309
785000,0.050,0.663,0.286
785500,0.050,0.657,0.293
786000,0.050,0.612,0.338
786500,0.050,0.544,0.405
787000,0.050,0.612,0.338
787500,0.050,0.645,0.305
788000,0.050,0.618,0.332
788500,0.050,0.629,0.321
789000,0.050,0.608,0.342
789500,0.050,0.599,0.351
790000,0.050,0.641,0.308
790500,0.050,0.646,0.303
791000,0.050,0.663,0.286
791500,0.050,0.673,0.277
792000,0.050,0.644,0.305
792500,0.050,0.660,0.289
793000,0.050,0.618,0.332
793500,0.050,0.638,0.312
794000,0.050,0.721,0.229
794500,0.050,0.685,0.265
795000,0.050,0.696,0.254
795500,0.050,0.700,0.250
796000,0.050,0.701,0.249
796500,0.050,0.648,0.301
797000,0.050,0.662,0.288
797500,0.050,0.682,0.267
798000,0.050,0.637,0.313
798500,0.050,0.694,0.256
799000,0.050,0.663,0.286
799500,0.050,0.663,0.287
800000,0.050,0.632,0.318
800500,0.050,0.669,0.280
801000,0.050,0.688,0.262
801500,0.050,0.647,0.302
802000,0.050,0.706,0.244
802500,0.050,0.682,0.267
803000,0.050,0.645,0.305
803500,0.050,0.645,0.305
804000,0.050,0.667,0.282
804500,0.050,0.663,0.287
805000,0.050,0.754,0.196
805500,0.050,0.751,0.199
806000,0.050,0.702,0.248
806500,0.050,0.692,0.258
807000,0.050,0.706,0.244
807500,0.050,0.691,0.259
808000,0.050,0.714,0.236
808500,0.050,0.707,0.243
809000,0.050,0.702,0.248
809500,0.050,0.698,0.252
810000,0.050,0.707,0.243
810500,0.050,0.714,0.236
811000,0.050,0.717,0.233
811500,0.050,0.664,0.286
812000,0.050,0.655,0.294
812500,0.050,0.692,0.258
813000,0.050,0.678,0.272
813500,0.050,0.611,0.339
814000,0.050,0.535,0.415
814500,0.050,0.588,0.362
815000,0.050,0.592,0.358
815500,0.050,0.620,0.330
816000,0.050,0.621,0.329
816500,0.050,0.649,0.300
817000,0.050,0.677,0.272
817500,0.050,0.720,0.230
818000,0.050,0.732,0.218
818500,0.050,0.734,0.216
819000,0.050,0.719,0.231
819500,0.050,0.723,0.227
820000,0.051,0.699,0.250
820500,0.050,0.686,0.264
821000,0.050,0.631,0.319
821500,0.050,0.635,0.315
822000,0.050,0.641,0.308
822500,0.050,0.646,0.304
823000,0.050,0.629,0.321
823500,0.050,0.613,0.337
824000,0.050,0.625,0.325
824500,0.050,0.630,0.320
825000,0.050,0.655,0.295
825500,0.050,0.695,0.255
826000,0.050,0.672,0.278
826500,0.050,0.675,0.274
827000,0.050,0.660,0.289
827500,0.050,0.629,0.321
828000,0.050,0.619,0.331
828500,0.050,0.668,0.281
829000,0.050,0.622,0.328
829500,0.050,0.631,0.319
830000,0.050,0.596,0.354
830500,0.050,0.591,0.359
831000,0.050,0.641,0.309
831500,0.050,0.633,0.317
832000,0.050,0.635,0.315
832500,0.050,0.658,0.291
833000,0.050,0.667,0.282
833500,0.050,0.613,0.337
834000,0.050,0.635,0.315
834500,0.050,0.619,0.331
835000,0.050,0.670,0.279
835500,0.050,0.713,0.237
836000,0.050,0.696,0.254
836500,0.050,0.688,0.262
837000,0.050,0.742,0.208
837500,0.050,0.692,0.258
838000,0.050,0.648,0.301
838500,0.050,0.654,0.295
839000,0.050,0.651,0.298
839500,0.050,0.619,0.331
840000,0.050,0.646,0.304
840500,0.050,0.606,0.344
841000,0.050,0.647,0.302
841500,0.050,0.678,0.271
842000,0.050,0.695,0.255
842500,0.050,0.702,0.248
843000,0.050,0.711,0.239
843500,0.050,0.769,0.181
844000,0.050,0.720,0.230
844500,0.050,0.689,0.261
845000,0.050,0.683,0.267
845500,0.050,0.708,0.242
846000,0.050,0.704,0.246
846500,0.050,0.705,0.245
847000,0.050,0.731,0.219
847500,0.050,0.726,0.224
848000,0.050,0.692,0.258
848500,0.050,0.694,0.256
849000,0.050,0.739,0.211
849500,0.050,0.643,0.307
850000,0.050,0.646,0.303
850500,0.050,0.676,0.274
851000,0.050,0.674,0.275
851500,0.050,0.679,0.271
852000,0.050,0.692,0.258
852500,0.050,0.651,0.299
853000,0.050,0.667,0.283
853500,0.050,0.680,0.270
854000,0.050,0.640,0.310
854500,0.050,0.615,0.335
855000,0.050,0.653,0.296
855500,0.050,0.626,0.324
856000,0.050,0.625,0.325
856500,0.050,0.623,0.327
857000,0.050,0.620,0.330
857500,0.052,0.653,0.294
858000,0.051,0.660,0.289
858500,0.051,0.686,0.263
859000,0.050,0.663,0.287
859500,0.050,0.651,0.298
860000,0.050,0.665,0.285
860500,0.050,0.672,0.278
861000,0.050,0.664,0.286
861500,0.050,0.648,0.302
862000,0.050,0.680,0.269
862500,0.050,0.670,0.279
863000,0.050,0.711,0.239
863500,0.050,0.707,0.243
864000,0.050,0.661,0.288
864500,0.050,0.660,0.290
865000,0.050,0.671,0.278
865500,0.050,0.679,0.271
866000,0.050,0.669,0.281
866500,0.050,0.618,0.332
867000,0.050,0.661,0.289
867500,0.050,0.636,0.314
868000,0.050,0.654,0.296
868500,0.050,0.669,0.280
869000,0.050,0.702,0.248
869500,0.050,0.664,0.286
870000,0.050,0.661,0.288
870500,0.050,0.628,0.322
871000,0.050,0.610,0.340
871500,0.050,0.620,0.330
872000,0.050,0.593,0.357
872500,0.050,0.612,0.338
873000,0.050,0.598,0.352
873500,0.050,0.706,0.244
874000,0.050,0.698,0.252
874500,0.050,0.653,0.297
875000,0.050,0.670,0.280
875500,0.050,0.666,0.284
876000,0.050,0.679,0.271
876500,0.050,0.663,0.286
877000,0.050,0.651,0.299
877500,0.050,0.582,0.368
878000,0.050,0.680,0.270
878500,0.050,0.681,0.269
879000,0.050,0.662,0.287
879500,0.050,0.643,0.307
880000,0.050,0.668,0.282
880500,0.050,0.691,0.259
881000,0.050,0.725,0.225
881500,0.050,0.666,0.284
882000,0.050,0.663,0.287
882500,0.050,0.643,0.307
883000,0.050,0.675,0.274
883500,0.050,0.653,0.296
884000,0.050,0.715,0.235
884500,0.050,0.684,0.266
885000,0.050,0.672,0.277
885500,0.050,0.681,0.269
886000,0.050,0.631,0.319
886500,0.050,0.668,0.282
887000,0.050,0.660,0.290
887500,0.050,0.695,0.255
888000,0.050,0.659,0.291
888500,0.050,0.653,0.297
889000,0.050,0.654,0.296
889500,0.050,0.683,0.266
890000,0.050,0.618,0.332
890500,0.050,0.598,0.352
891000,0.050,0.599,0.351
891500,0.050,0.679,0.271
892000,0.050,0.701,0.249
892500,0.050,0.660,0.289
893000,0.050,0.616,0.334
893500,0.050,0.665,0.285
894000,0.050,0.678,0.271
894500,0.050,0.683,0.267
895000,0.050,0.676,0.273
895500,0.050,0.678,0.272
896000,0.050,0.635,0.315
896500,0.050,0.640,0.309
897000,0.050,0.618,0.332
897500,0.050,0.619,0.331
898000,0.050,0.647,0.303
898500,0.050,0.668,0.282
899000,0.050,0.705,0.245
899500,0.050,0.685,0.264
900000,0.050,0.680,0.270
900500,0.050,0.681,0.268
901000,0.050,0.705,0.245
901500,0.050,0.666,0.283
902000,0.050,0.667,0.282
902500,0.050,0.658,0.291
903000,0.050,0.618,0.332
903500,0.050,0.622,0.328
904000,0.050,0.634,0.316
904500,0.050,0.632,0.318
905000,0.050,0.665,0.284
905500,0.050,0.682,0.268
906000,0.050,0.683,0.267
906500,0.050,0.698,0.252
907000,0.050,0.693,0.257
907500,0.050,0.681,0.269
908000,0.050,0.656,0.294
908500,0.050,0.651,0.298
909000,0.050,0.631,0.319
909500,0.050,0.636,0.314
910000,0.050,0.634,0.316
910500,0.050,0.621,0.329
911000,0.050,0.663,0.287
911500,0.050,0.649,0.300
912000,0.050,0.679,0.270
912500,0.050,0.644,0.305
913000,0.050,0.635,0.315
913500,0.050,0.715,0.235
914000,0.050,0.674,0.276
914500,0.050,0.690,0.260
915000,0.050,0.672,0.277
915500,0.050,0.633,0.317
916000,0.050,0.694,0.256
916500,0.050,0.750,0.200
917000,0.050,0.722,0.228
917500,0.050,0.701,0.249
918000,0.050,0.644,0.305
918500,0.050,0.668,0.282
919000,0.050,0.681,0.269
919500,0.050,0.658,0.292
920000,0.050,0.663,0.286
920500,0.050,0.682,0.267
921000,0.050,0.675,0.274
921500,0.050,0.665,0.284
922000,0.050,0.620,0.330
922500,0.050,0.626,0.324
923000,0.050,0.634,0.316
923500,0.050,0.669,0.281
924000,0.050,0.633,0.317
924500,0.050,0.617,0.333
925000,0.050,0.660,0.289
925500,0.050,0.640,0.309
926000,0.050,0.639,0.311
926500,0.050,0.666,0.284
927000,0.050,0.657,0.293
927500,0.050,0.620,0.330
928000,0.050,0.668,0.281
928500,0.050,0.680,0.270
929000,0.050,0.666,0.283
929500,0.050,0.704,0.246
930000,0.050,0.729,0.221
930500,0.050,0.732,0.218
931000,0.050,0.731,0.219
931500,0.050,0.695,0.255
932000,0.050,0.692,0.258
932500,0.050,0.700,0.250
933000,0.050,0.684,0.265
933500,0.050,0.671,0.279
934000,0.050,0.645,0.305
934500,0.050,0.676,0.273
935000,0.050,0.690,0.260
935500,0.050,0.610,0.340
936000,0.050,0.607,0.343
936500,0.050,0.616,0.334
937000,0.050,0.658,0.291
937500,0.050,0.623,0.327
938000,0.050,0.610,0.340
938500,0.050,0.628,0.322
939000,0.050,0.638,0.312
939500,0.050,0.622,0.328
940000,0.050,0.614,0.336
940500,0.050,0.603,0.347
941000,0.050,0.636,0.314
941500,0.050,0.649,0.301
942000,0.050,0.649,0.301
942500,0.050,0.690,0.260
943000,0.050,0.711,0.239
943500,0.050,0.699,0.251
944000,0.050,0.646,0.303
944500,0.050,0.665,0.285
945000,0.050,0.646,0.303
945500,0.050,0.631,0.319
946000,0.050,0.687,0.263
946500,0.050,0.697,0.253
947000,0.050,0.699,0.251
947500,0.050,0.711,0.239
948000,0.050,0.685,0.265
948500,0.050,0.677,0.273
949000,0.050,0.658,0.291
949500,0.050,0.630,0.320
950000,0.050,0.639,0.310
950500,0.050,0.600,0.350
951000,0.050,0.641,0.309
951500,0.050,0.676,0.274
952000,0.050,0.641,0.308
952500,0.050,0.610,0.340
953000,0.050,0.643,0.306
953500,0.050,0.636,0.314
954000,0.050,0.639,0.311
954500,0.050,0.637,0.313
955000,0.050,0.699,0.251
955500,0.050,0.708,0.242
956000,0.050,0.676,0.274
956500,0.050,0.672,0.278
957000,0.050,0.681,0.269
957500,0.050,0.667,0.282
958000,0.050,0.681,0.268
958500,0.050,0.688,0.262
959000,0.050,0.649,0.301
959500,0.050,0.640,0.309
960000,0.050,0.657,0.293
960500,0.050,0.570,0.380
961000,0.052,0.585,0.363
961500,0.050,0.585,0.365
962000,0.050,0.609,0.341
962500,0.050,0.556,0.393
963000,0.050,0.580,0.370
963500,0.050,0.598,0.352
964000,0.050,0.643,0.306
964500,0.050,0.649,0.301
965000,0.050,0.639,0.310
965500,0.050,0.656,0.293
966000,0.050,0.635,0.315
966500,0.050,0.641,0.309
967000,0.050,0.612,0.338
967500,0.050,0.661,0.289
968000,0.050,0.643,0.306
968500,0.050,0.679,0.271
969000,0.050,0.660,0.289
969500,0.050,0.674,0.275
970000,0.050,0.655,0.294
970500,0.050,0.678,0.272
971000,0.050,0.660,0.289
971500,0.050,0.638,0.312
972000,0.050,0.634,0.316
972500,0.050,0.649,0.300
973000,0.050,0.674,0.275
973500,0.050,0.683,0.266
974000,0.050,0.644,0.306
974500,0.050,0.653,0.297
975000,0.050,0.705,0.245
975500,0.050,0.643,0.306
976000,0.050,0.595,0.355
976500,0.050,0.637,0.313
977000,0.050,0.647,0.302
977500,0.050,0.660,0.290
978000,0.050,0.610,0.340
978500,0.050,0.616,0.334
979000,0.050,0.659,0.291
979500,0.050,0.626,0.324
980000,0.050,0.652,0.297
980500,0.050,0.620,0.330
981000,0.050,0.650,0.300
981500,0.050,0.673,0.277
982000,0.050,0.667,0.283
982500,0.050,0.700,0.250
983000,0.050,0.724,0.226
983500,0.050,0.681,0.268
984000,0.050,0.654,0.296
984500,0.050,0.715,0.235
985000,0.050,0.702,0.248
985500,0.050,0.689,0.261
986000,0.050,0.703,0.247
986500,0.050,0.676,0.273
987000,0.050,0.692,0.258
987500,0.050,0.674,0.275
988000,0.050,0.691,0.259
988500,0.050,0.659,0.291
989000,0.050,0.674,0.275
989500,0.050,0.659,0.290
990000,0.050,0.634,0.316
990500,0.050,0.615,0.335
991000,0.050,0.632,0.318
991500,0.050,0.625,0.325
992000,0.050,0.644,0.306
992500,0.050,0.656,0.294
993000,0.050,0.647,0.303
993500,0.050,0.697,0.253
994000,0.050,0.618,0.332
994500,0.050,0.578,0.372
995000,0.050,0.624,0.326
995500,0.050,0.674,0.276
996000,0.050,0.750,0.200
996500,0.050,0.752,0.198
997000,0.050,0.677,0.272
997500,0.050,0.631,0.319
998000,0.050,0.612,0.338
998500,0.050,0.643,0.306
999000,0.050,0.612,0.338
999500,0.050,0.649,0.301
1000000,0.050,0.620,0.330
