time,n_A+p,n_B,n_AB
500,0.030,0.959,0.011
1000,0.030,0.953,0.017
1500,0.030,0.947,0.023
2000,0.030,0.941,0.029
2500,0.032,0.938,0.030
3000,0.032,0.932,0.036
3500,0.033,0.930,0.037
4000,0.033,0.928,0.039
4500,0.032,0.921,0.047
5000,0.033,0.919,0.048
5500,0.034,0.920,0.046
6000,0.034,0.913,0.053
6500,0.033,0.910,0.056
7000,0.033,0.912,0.054
7500,0.033,0.916,0.050
8000,0.034,0.913,0.053
8500,0.035,0.913,0.052
9000,0.035,0.913,0.051
9500,0.036,0.916,0.048
10000,0.034,0.916,0.049
10500,0.034,0.915,0.051
11000,0.034,0.909,0.057
11500,0.034,0.912,0.053
12000,0.033,0.900,0.067
12500,0.033,0.900,0.067
13000,0.035,0.902,0.062
13500,0.034,0.899,0.067
14000,0.033,0.895,0.072
14500,0.035,0.905,0.060
15000,0.034,0.901,0.065
15500,0.035,0.906,0.058
16000,0.035,0.907,0.058
16500,0.037,0.903,0.059
17000,0.037,0.906,0.056
17500,0.037,0.904,0.059
18000,0.035,0.904,0.061
18500,0.036,0.906,0.057
19000,0.036,0.906,0.057
19500,0.035,0.910,0.054
20000,0.035,0.910,0.055
20500,0.035,0.906,0.058
21000,0.034,0.900,0.066
21500,0.035,0.908,0.057
22000,0.034,0.911,0.055
22500,0.035,0.912,0.053
23000,0.035,0.911,0.054
23500,0.035,0.906,0.058
24000,0.034,0.901,0.065
24500,0.034,0.904,0.062
25000,0.034,0.909,0.057
25500,0.034,0.904,0.062
26000,0.034,0.910,0.056
26500,0.033,0.905,0.061
27000,0.034,0.906,0.059
27500,0.035,0.904,0.061
28000,0.035,0.908,0.057
28500,0.034,0.905,0.061
29000,0.033,0.899,0.068
29500,0.032,0.902,0.066
30000,0.033,0.904,0.063
30500,0.034,0.908,0.058
31000,0.033,0.911,0.056
31500,0.035,0.903,0.061
32000,0.036,0.902,0.061
32500,0.036,0.900,0.063
33000,0.035,0.904,0.060
33500,0.037,0.910,0.052
34000,0.035,0.902,0.062
34500,0.035,0.907,0.058
35000,0.035,0.902,0.062
35500,0.035,0.904,0.060
36000,0.035,0.906,0.058
36500,0.036,0.905,0.058
37000,0.037,0.904,0.058
37500,0.036,0.905,0.058
38000,0.034,0.905,0.061
38500,0.034,0.907,0.058
39000,0.034,0.904,0.062
39500,0.033,0.907,0.060
40000,0.033,0.901,0.066
40500,0.032,0.902,0.066
41000,0.034,0.910,0.056
41500,0.035,0.910,0.054
42000,0.035,0.908,0.056
42500,0.035,0.906,0.058
43000,0.033,0.904,0.064
43500,0.033,0.905,0.062
44000,0.033,0.911,0.056
44500,0.034,0.907,0.059
45000,0.035,0.907,0.058
45500,0.035,0.907,0.057
46000,0.035,0.909,0.056
46500,0.034,0.913,0.053
47000,0.034,0.916,0.050
47500,0.034,0.919,0.047
48000,0.035,0.922,0.042
48500,0.035,0.923,0.042
49000,0.034,0.918,0.047
49500,0.033,0.914,0.053
50000,0.033,0.909,0.058
50500,0.032,0.912,0.056
51000,0.032,0.906,0.062
51500,0.034,0.910,0.055
52000,0.034,0.913,0.053
52500,0.035,0.915,0.050
53000,0.034,0.918,0.048
53500,0.032,0.919,0.048
54000,0.032,0.915,0.052
54500,0.032,0.915,0.053
55000,0.034,0.916,0.050
55500,0.034,0.913,0.053
56000,0.033,0.914,0.053
56500,0.034,0.920,0.046
57000,0.034,0.915,0.051
57500,0.035,0.914,0.051
58000,0.035,0.913,0.052
58500,0.033,0.912,0.055
59000,0.034,0.914,0.052
59500,0.034,0.917,0.049
60000,0.034,0.919,0.047
60500,0.035,0.917,0.047
61000,0.036,0.915,0.048
61500,0.035,0.918,0.047
62000,0.035,0.918,0.047
62500,0.034,0.917,0.049
63000,0.034,0.919,0.047
63500,0.033,0.921,0.045
64000,0.034,0.918,0.048
64500,0.033,0.910,0.057
65000,0.034,0.912,0.053
65500,0.034,0.908,0.057
66000,0.034,0.909,0.057
66500,0.033,0.905,0.062
67000,0.033,0.910,0.057
67500,0.035,0.902,0.063
68000,0.035,0.902,0.064
68500,0.035,0.898,0.067
69000,0.035,0.897,0.068
69500,0.035,0.892,0.073
70000,0.033,0.894,0.073
70500,0.035,0.902,0.063
71000,0.034,0.901,0.065
71500,0.034,0.903,0.062
72000,0.033,0.912,0.054
72500,0.034,0.910,0.056
73000,0.033,0.907,0.060
73500,0.034,0.905,0.060
74000,0.034,0.902,0.064
74500,0.035,0.904,0.060
75000,0.035,0.907,0.058
75500,0.038,0.905,0.056
76000,0.037,0.901,0.062
76500,0.036,0.899,0.065
77000,0.036,0.895,0.069
77500,0.036,0.895,0.069
78000,0.035,0.899,0.066
78500,0.035,0.902,0.063
79000,0.036,0.903,0.060
79500,0.035,0.907,0.058
80000,0.035,0.904,0.061
80500,0.033,0.901,0.066
81000,0.032,0.896,0.072
81500,0.033,0.891,0.077
82000,0.032,0.888,0.080
82500,0.033,0.895,0.072
83000,0.033,0.891,0.076
83500,0.033,0.891,0.076
84000,0.035,0.884,0.081
84500,0.035,0.884,0.080
85000,0.037,0.881,0.081
85500,0.041,0.888,0.071
86000,0.039,0.893,0.068
86500,0.037,0.895,0.067
87000,0.036,0.889,0.074
87500,0.036,0.893,0.071
88000,0.039,0.894,0.067
88500,0.039,0.896,0.065
89000,0.040,0.891,0.069
89500,0.036,0.891,0.072
90000,0.035,0.888,0.077
90500,0.035,0.891,0.074
91000,0.034,0.894,0.072
91500,0.035,0.898,0.067
92000,0.036,0.895,0.068
92500,0.035,0.897,0.068
93000,0.036,0.897,0.067
93500,0.034,0.896,0.070
94000,0.036,0.897,0.066
94500,0.036,0.891,0.072
95000,0.036,0.890,0.074
95500,0.035,0.884,0.081
96000,0.035,0.886,0.079
96500,0.035,0.897,0.069
97000,0.035,0.895,0.071
97500,0.035,0.897,0.068
98000,0.036,0.902,0.062
98500,0.035,0.904,0.060
99000,0.035,0.906,0.058
99500,0.035,0.906,0.059
100000,0.035,0.898,0.068
100500,0.035,0.904,0.061
101000,0.037,0.897,0.066
101500,0.036,0.899,0.065
102000,0.037,0.898,0.065
102500,0.037,0.900,0.062
103000,0.037,0.899,0.064
103500,0.037,0.897,0.066
104000,0.036,0.893,0.071
104500,0.039,0.889,0.072
105000,0.037,0.895,0.068
105500,0.037,0.896,0.067
106000,0.037,0.898,0.065
106500,0.036,0.904,0.059
107000,0.038,0.900,0.062
107500,0.036,0.901,0.062
108000,0.036,0.895,0.069
108500,0.036,0.893,0.070
109000,0.035,0.885,0.080
109500,0.035,0.893,0.072
110000,0.036,0.900,0.064
110500,0.036,0.893,0.071
111000,0.037,0.896,0.067
111500,0.038,0.897,0.065
112000,0.038,0.901,0.061
112500,0.038,0.897,0.065
113000,0.038,0.898,0.064
113500,0.038,0.890,0.072
114000,0.037,0.895,0.068
114500,0.036,0.895,0.069
115000,0.035,0.899,0.065
115500,0.037,0.897,0.066
116000,0.035,0.896,0.069
116500,0.034,0.892,0.074
117000,0.033,0.898,0.069
117500,0.034,0.895,0.071
118000,0.034,0.887,0.079
118500,0.035,0.890,0.075
119000,0.034,0.896,0.070
119500,0.034,0.900,0.066
120000,0.035,0.902,0.063
120500,0.034,0.911,0.054
121000,0.035,0.908,0.056
121500,0.035,0.905,0.059
122000,0.036,0.898,0.065
122500,0.036,0.901,0.062
123000,0.035,0.906,0.059
123500,0.033,0.903,0.064
124000,0.035,0.906,0.058
124500,0.035,0.905,0.059
125000,0.034,0.905,0.061
125500,0.035,0.904,0.061
126000,0.035,0.906,0.058
126500,0.037,0.907,0.055
127000,0.036,0.903,0.060
127500,0.036,0.902,0.061
128000,0.036,0.903,0.060
128500,0.035,0.894,0.072
129000,0.035,0.894,0.071
129500,0.035,0.896,0.069
130000,0.036,0.898,0.065
130500,0.038,0.902,0.059
131000,0.040,0.898,0.062
131500,0.038,0.907,0.054
132000,0.040,0.905,0.055
132500,0.040,0.908,0.052
133000,0.039,0.910,0.051
133500,0.039,0.911,0.050
134000,0.038,0.909,0.053
134500,0.036,0.909,0.054
135000,0.037,0.903,0.059
135500,0.037,0.896,0.067
136000,0.036,0.904,0.059
136500,0.036,0.901,0.062
137000,0.036,0.899,0.065
137500,0.035,0.897,0.069
138000,0.034,0.904,0.062
138500,0.033,0.904,0.062
139000,0.033,0.905,0.062
139500,0.033,0.904,0.063
140000,0.032,0.897,0.072
140500,0.033,0.902,0.066
141000,0.034,0.897,0.069
141500,0.035,0.897,0.069
142000,0.034,0.897,0.069
142500,0.035,0.895,0.070
143000,0.035,0.894,0.071
143500,0.035,0.897,0.068
144000,0.035,0.891,0.074
144500,0.035,0.893,0.072
145000,0.038,0.896,0.066
145500,0.036,0.904,0.059
146000,0.035,0.905,0.060
146500,0.036,0.905,0.059
147000,0.035,0.905,0.060
147500,0.036,0.902,0.061
148000,0.036,0.903,0.060
148500,0.035,0.908,0.057
149000,0.035,0.905,0.059
149500,0.036,0.901,0.063
150000,0.035,0.902,0.062
150500,0.035,0.904,0.060
151000,0.035,0.912,0.053
151500,0.035,0.906,0.058
152000,0.034,0.912,0.054
152500,0.034,0.912,0.054
153000,0.032,0.913,0.055
153500,0.033,0.913,0.053
154000,0.034,0.909,0.056
154500,0.035,0.913,0.051
155000,0.035,0.916,0.049
155500,0.035,0.915,0.050
156000,0.035,0.918,0.046
156500,0.035,0.917,0.047
157000,0.035,0.909,0.056
157500,0.035,0.903,0.061
158000,0.035,0.900,0.066
158500,0.034,0.896,0.070
159000,0.033,0.893,0.074
159500,0.035,0.894,0.071
160000,0.037,0.892,0.071
160500,0.036,0.889,0.075
161000,0.035,0.889,0.076
161500,0.035,0.893,0.072
162000,0.034,0.897,0.069
162500,0.033,0.902,0.065
163000,0.034,0.901,0.065
163500,0.034,0.899,0.067
164000,0.033,0.898,0.069
164500,0.037,0.894,0.069
165000,0.038,0.895,0.067
165500,0.040,0.889,0.071
166000,0.037,0.893,0.070
166500,0.038,0.893,0.069
167000,0.040,0.892,0.068
167500,0.039,0.889,0.072
168000,0.038,0.894,0.067
168500,0.040,0.894,0.066
169000,0.038,0.897,0.065
169500,0.039,0.888,0.073
170000,0.039,0.886,0.075
170500,0.039,0.891,0.070
171000,0.035,0.889,0.076
171500,0.038,0.883,0.079
172000,0.040,0.885,0.075
172500,0.038,0.889,0.073
173000,0.036,0.887,0.077
173500,0.035,0.889,0.075
174000,0.036,0.894,0.070
174500,0.037,0.890,0.072
175000,0.036,0.895,0.069
175500,0.035,0.898,0.067
176000,0.035,0.896,0.069
176500,0.035,0.900,0.065
177000,0.035,0.902,0.063
177500,0.034,0.901,0.065
178000,0.036,0.893,0.071
178500,0.037,0.891,0.072
179000,0.037,0.894,0.069
179500,0.037,0.896,0.066
180000,0.038,0.901,0.061
180500,0.037,0.893,0.069
181000,0.036,0.895,0.069
181500,0.035,0.896,0.069
182000,0.036,0.896,0.068
182500,0.035,0.903,0.062
183000,0.035,0.903,0.062
183500,0.034,0.900,0.067
184000,0.033,0.902,0.065
184500,0.032,0.894,0.074
185000,0.032,0.898,0.070
185500,0.033,0.902,0.066
186000,0.033,0.899,0.068
186500,0.033,0.899,0.068
187000,0.033,0.893,0.075
187500,0.034,0.886,0.081
188000,0.034,0.889,0.077
188500,0.034,0.891,0.075
189000,0.035,0.889,0.076
189500,0.035,0.887,0.078
190000,0.036,0.886,0.078
190500,0.037,0.885,0.078
191000,0.038,0.885,0.077
191500,0.039,0.887,0.074
192000,0.040,0.887,0.074
192500,0.042,0.876,0.082
193000,0.041,0.877,0.082
193500,0.044,0.872,0.084
194000,0.044,0.871,0.085
194500,0.043,0.871,0.086
195000,0.041,0.877,0.082
195500,0.041,0.886,0.073
196000,0.041,0.887,0.072
196500,0.042,0.887,0.072
197000,0.042,0.877,0.081
197500,0.043,0.884,0.074
198000,0.042,0.883,0.075
198500,0.041,0.887,0.073
199000,0.043,0.883,0.074
199500,0.040,0.883,0.078
200000,0.038,0.886,0.076
200500,0.037,0.880,0.083
201000,0.036,0.885,0.078
201500,0.035,0.884,0.080
202000,0.037,0.879,0.084
202500,0.037,0.879,0.084
203000,0.037,0.886,0.077
203500,0.036,0.879,0.085
204000,0.035,0.889,0.076
204500,0.035,0.887,0.078
205000,0.035,0.886,0.078
205500,0.036,0.893,0.070
206000,0.035,0.893,0.072
206500,0.035,0.891,0.074
207000,0.036,0.893,0.071
207500,0.036,0.896,0.068
208000,0.037,0.892,0.071
208500,0.037,0.894,0.069
209000,0.035,0.897,0.068
209500,0.038,0.901,0.060
210000,0.036,0.894,0.069
210500,0.037,0.893,0.070
211000,0.038,0.886,0.075
211500,0.040,0.883,0.077
212000,0.042,0.884,0.075
212500,0.038,0.888,0.074
213000,0.038,0.886,0.076
213500,0.038,0.890,0.072
214000,0.038,0.892,0.070
214500,0.037,0.890,0.072
215000,0.037,0.890,0.073
215500,0.037,0.891,0.072
216000,0.036,0.889,0.075
216500,0.037,0.886,0.077
217000,0.038,0.886,0.075
217500,0.036,0.892,0.072
218000,0.038,0.893,0.068
218500,0.036,0.899,0.065
219000,0.037,0.900,0.062
219500,0.036,0.898,0.065
220000,0.035,0.897,0.068
220500,0.035,0.897,0.067
221000,0.036,0.894,0.069
221500,0.035,0.893,0.072
222000,0.035,0.887,0.078
222500,0.036,0.890,0.074
223000,0.036,0.888,0.076
223500,0.035,0.894,0.070
224000,0.035,0.897,0.068
224500,0.037,0.899,0.063
225000,0.036,0.893,0.071
225500,0.036,0.896,0.068
226000,0.035,0.894,0.071
226500,0.034,0.896,0.070
227000,0.035,0.902,0.064
227500,0.034,0.907,0.059
228000,0.033,0.903,0.064
228500,0.035,0.902,0.063
229000,0.036,0.899,0.065
229500,0.037,0.898,0.065
230000,0.036,0.897,0.067
230500,0.037,0.896,0.067
231000,0.037,0.902,0.060
231500,0.036,0.901,0.062
232000,0.035,0.902,0.062
232500,0.037,0.893,0.070
233000,0.036,0.896,0.068
233500,0.037,0.899,0.064
234000,0.036,0.889,0.075
234500,0.037,0.886,0.077
235000,0.035,0.891,0.074
235500,0.035,0.891,0.075
236000,0.034,0.888,0.078
236500,0.034,0.884,0.083
237000,0.034,0.891,0.076
237500,0.034,0.888,0.078
238000,0.033,0.890,0.077
238500,0.034,0.889,0.077
239000,0.034,0.885,0.081
239500,0.036,0.885,0.079
240000,0.036,0.884,0.080
240500,0.039,0.884,0.077
241000,0.039,0.887,0.074
241500,0.038,0.890,0.072
242000,0.038,0.894,0.068
242500,0.038,0.885,0.077
243000,0.039,0.883,0.078
243500,0.037,0.883,0.080
244000,0.037,0.885,0.078
244500,0.038,0.888,0.073
245000,0.039,0.880,0.081
245500,0.038,0.885,0.077
246000,0.038,0.892,0.070
246500,0.037,0.895,0.067
247000,0.037,0.893,0.069
247500,0.039,0.895,0.066
248000,0.038,0.892,0.070
248500,0.039,0.897,0.064
249000,0.040,0.899,0.060
249500,0.042,0.902,0.056
250000,0.043,0.905,0.052
250500,0.041,0.899,0.059
251000,0.039,0.899,0.061
251500,0.036,0.892,0.072
252000,0.037,0.892,0.071
252500,0.038,0.888,0.073
253000,0.038,0.892,0.070
253500,0.039,0.890,0.071
254000,0.040,0.892,0.069
254500,0.038,0.891,0.071
255000,0.037,0.887,0.076
255500,0.037,0.885,0.078
256000,0.039,0.888,0.073
256500,0.035,0.889,0.077
257000,0.035,0.891,0.074
257500,0.037,0.894,0.069
258000,0.037,0.901,0.062
258500,0.037,0.899,0.064
259000,0.036,0.908,0.055
259500,0.036,0.908,0.055
260000,0.034,0.914,0.051
260500,0.035,0.917,0.048
261000,0.034,0.913,0.053
261500,0.034,0.912,0.053
262000,0.033,0.908,0.059
262500,0.033,0.905,0.062
263000,0.033,0.905,0.062
263500,0.033,0.904,0.062
264000,0.034,0.908,0.058
264500,0.032,0.905,0.062
265000,0.033,0.900,0.068
265500,0.034,0.900,0.066
266000,0.034,0.904,0.062
266500,0.034,0.907,0.059
267000,0.035,0.909,0.055
267500,0.036,0.910,0.053
268000,0.036,0.906,0.057
268500,0.036,0.906,0.058
269000,0.037,0.907,0.055
269500,0.037,0.906,0.056
270000,0.035,0.906,0.058
270500,0.035,0.910,0.055
271000,0.036,0.914,0.049
271500,0.036,0.913,0.051
272000,0.037,0.913,0.049
272500,0.038,0.914,0.048
273000,0.041,0.910,0.049
273500,0.040,0.904,0.056
274000,0.039,0.896,0.065
274500,0.037,0.902,0.060
275000,0.035,0.903,0.061
275500,0.036,0.907,0.056
276000,0.035,0.903,0.061
276500,0.035,0.905,0.059
277000,0.034,0.899,0.067
277500,0.034,0.894,0.072
278000,0.035,0.891,0.074
278500,0.037,0.895,0.067
279000,0.036,0.888,0.076
279500,0.037,0.891,0.072
280000,0.038,0.897,0.065
280500,0.039,0.899,0.062
281000,0.040,0.901,0.059
281500,0.037,0.897,0.066
282000,0.036,0.894,0.069
282500,0.036,0.899,0.064
283000,0.035,0.903,0.061
283500,0.036,0.903,0.060
284000,0.039,0.902,0.059
284500,0.037,0.895,0.067
285000,0.035,0.899,0.066
285500,0.035,0.901,0.064
286000,0.036,0.903,0.060
286500,0.036,0.902,0.062
287000,0.036,0.902,0.062
287500,0.035,0.908,0.056
288000,0.034,0.906,0.059
288500,0.035,0.903,0.062
289000,0.033,0.904,0.063
289500,0.033,0.910,0.057
290000,0.034,0.905,0.061
290500,0.035,0.895,0.070
291000,0.034,0.894,0.072
291500,0.035,0.892,0.073
292000,0.033,0.891,0.077
292500,0.032,0.884,0.084
293000,0.034,0.881,0.086
293500,0.033,0.885,0.082
294000,0.035,0.883,0.082
294500,0.034,0.879,0.087
295000,0.035,0.884,0.081
295500,0.035,0.890,0.075
296000,0.035,0.890,0.075
296500,0.037,0.890,0.073
297000,0.036,0.890,0.073
297500,0.035,0.888,0.076
298000,0.037,0.887,0.076
298500,0.038,0.884,0.077
299000,0.038,0.882,0.079
299500,0.038,0.885,0.077
300000,0.038,0.885,0.077
300500,0.037,0.884,0.079
301000,0.036,0.890,0.074
301500,0.036,0.892,0.072
302000,0.035,0.888,0.076
302500,0.036,0.887,0.076
303000,0.038,0.892,0.070
303500,0.037,0.889,0.074
304000,0.040,0.894,0.066
304500,0.040,0.902,0.058
305000,0.041,0.907,0.052
305500,0.038,0.908,0.053
306000,0.038,0.905,0.057
306500,0.037,0.908,0.054
307000,0.040,0.905,0.055
307500,0.037,0.900,0.062
308000,0.036,0.900,0.064
308500,0.035,0.902,0.062
309000,0.035,0.908,0.057
309500,0.037,0.903,0.059
310000,0.038,0.903,0.059
310500,0.036,0.901,0.062
311000,0.036,0.902,0.061
311500,0.035,0.897,0.068
312000,0.035,0.899,0.065
312500,0.034,0.904,0.061
313000,0.035,0.905,0.059
313500,0.035,0.909,0.055
314000,0.035,0.903,0.061
314500,0.036,0.901,0.062
315000,0.035,0.902,0.062
315500,0.035,0.904,0.060
316000,0.035,0.909,0.055
316500,0.035,0.903,0.061
317000,0.035,0.906,0.058
317500,0.035,0.904,0.060
318000,0.035,0.911,0.054
318500,0.034,0.921,0.044
319000,0.034,0.917,0.049
319500,0.035,0.919,0.046
320000,0.035,0.914,0.051
320500,0.035,0.909,0.056
321000,0.034,0.902,0.064
321500,0.034,0.900,0.066
322000,0.035,0.903,0.062
322500,0.035,0.903,0.062
323000,0.032,0.907,0.060
323500,0.033,0.905,0.062
324000,0.033,0.907,0.060
324500,0.033,0.903,0.064
325000,0.033,0.905,0.062
325500,0.033,0.909,0.058
326000,0.033,0.907,0.059
326500,0.033,0.905,0.061
327000,0.035,0.902,0.063
327500,0.033,0.908,0.059
328000,0.035,0.907,0.057
328500,0.034,0.911,0.055
329000,0.033,0.915,0.051
329500,0.033,0.917,0.049
330000,0.033,0.911,0.056
330500,0.034,0.903,0.064
331000,0.033,0.896,0.071
331500,0.032,0.896,0.073
332000,0.033,0.894,0.073
332500,0.034,0.894,0.073
333000,0.035,0.900,0.065
333500,0.036,0.900,0.064
334000,0.034,0.902,0.064
334500,0.035,0.902,0.064
335000,0.034,0.902,0.064
335500,0.035,0.912,0.052
336000,0.034,0.910,0.056
336500,0.035,0.909,0.056
337000,0.034,0.919,0.047
337500,0.033,0.917,0.050
338000,0.033,0.914,0.053
338500,0.032,0.915,0.052
339000,0.032,0.917,0.050
339500,0.033,0.918,0.049
340000,0.033,0.914,0.053
340500,0.035,0.910,0.055
341000,0.035,0.906,0.058
341500,0.035,0.908,0.057
342000,0.035,0.906,0.059
342500,0.035,0.905,0.059
343000,0.035,0.904,0.061
343500,0.036,0.903,0.061
344000,0.037,0.900,0.062
344500,0.036,0.907,0.056
345000,0.035,0.912,0.053
345500,0.035,0.905,0.059
346000,0.038,0.901,0.060
346500,0.040,0.892,0.068
347000,0.040,0.893,0.068
347500,0.037,0.890,0.072
348000,0.038,0.898,0.064
348500,0.038,0.901,0.060
349000,0.038,0.899,0.062
349500,0.040,0.902,0.057
350000,0.037,0.904,0.059
350500,0.036,0.911,0.052
351000,0.035,0.907,0.057
351500,0.034,0.905,0.060
352000,0.033,0.907,0.059
352500,0.034,0.900,0.066
353000,0.033,0.902,0.065
353500,0.034,0.903,0.064
354000,0.032,0.901,0.067
354500,0.033,0.901,0.067
355000,0.032,0.904,0.064
355500,0.033,0.901,0.067
356000,0.032,0.900,0.068
356500,0.035,0.902,0.062
357000,0.034,0.903,0.063
357500,0.033,0.903,0.064
358000,0.034,0.908,0.058
358500,0.034,0.906,0.060
359000,0.035,0.899,0.066
359500,0.036,0.902,0.061
360000,0.036,0.903,0.061
360500,0.036,0.899,0.064
361000,0.036,0.900,0.064
361500,0.035,0.903,0.062
362000,0.035,0.909,0.056
362500,0.035,0.900,0.065
363000,0.035,0.905,0.059
363500,0.036,0.906,0.057
364000,0.036,0.901,0.063
364500,0.037,0.895,0.068
365000,0.041,0.890,0.070
365500,0.040,0.889,0.071
366000,0.038,0.889,0.073
366500,0.036,0.884,0.080
367000,0.035,0.881,0.084
367500,0.035,0.883,0.082
368000,0.035,0.891,0.074
368500,0.035,0.892,0.073
369000,0.036,0.889,0.074
369500,0.035,0.900,0.065
370000,0.035,0.892,0.073
370500,0.036,0.887,0.077
371000,0.037,0.886,0.077
371500,0.037,0.884,0.079
372000,0.035,0.886,0.079
372500,0.037,0.886,0.077
373000,0.036,0.886,0.077
373500,0.036,0.891,0.073
374000,0.035,0.893,0.071
374500,0.036,0.891,0.072
375000,0.037,0.895,0.068
375500,0.037,0.894,0.069
376000,0.038,0.897,0.065
376500,0.038,0.894,0.068
377000,0.037,0.890,0.073
377500,0.036,0.885,0.078
378000,0.034,0.887,0.079
378500,0.036,0.887,0.077
379000,0.038,0.889,0.073
379500,0.036,0.889,0.074
380000,0.036,0.890,0.074
380500,0.035,0.893,0.073
381000,0.035,0.892,0.073
381500,0.035,0.887,0.078
382000,0.037,0.882,0.081
382500,0.035,0.880,0.085
383000,0.038,0.885,0.077
383500,0.037,0.887,0.076
384000,0.040,0.889,0.071
384500,0.041,0.892,0.067
385000,0.037,0.886,0.076
385500,0.038,0.887,0.074
386000,0.038,0.889,0.073
386500,0.036,0.891,0.073
387000,0.034,0.888,0.078
387500,0.034,0.891,0.075
388000,0.033,0.897,0.070
388500,0.033,0.895,0.072
389000,0.034,0.895,0.071
389500,0.033,0.901,0.066
390000,0.035,0.898,0.068
390500,0.035,0.899,0.066
391000,0.034,0.901,0.065
391500,0.034,0.900,0.067
392000,0.035,0.901,0.064
392500,0.035,0.899,0.066
393000,0.033,0.901,0.066
393500,0.033,0.901,0.067
394000,0.033,0.899,0.068
394500,0.034,0.902,0.064
395000,0.036,0.900,0.063
395500,0.036,0.899,0.064
396000,0.036,0.905,0.058
396500,0.036,0.905,0.059
397000,0.034,0.900,0.066
397500,0.034,0.901,0.065
398000,0.036,0.904,0.059
398500,0.037,0.904,0.058
399000,0.036,0.902,0.061
399500,0.035,0.900,0.065
400000,0.035,0.902,0.062
400500,0.036,0.899,0.065
401000,0.036,0.900,0.064
401500,0.036,0.896,0.067
402000,0.037,0.897,0.066
402500,0.036,0.892,0.071
403000,0.035,0.894,0.071
403500,0.036,0.894,0.069
404000,0.036,0.897,0.067
404500,0.036,0.899,0.065
405000,0.036,0.902,0.061
405500,0.036,0.910,0.053
406000,0.036,0.908,0.055
406500,0.035,0.913,0.051
407000,0.035,0.913,0.051
407500,0.035,0.913,0.052
408000,0.035,0.910,0.055
408500,0.035,0.908,0.057
409000,0.035,0.908,0.057
409500,0.035,0.906,0.058
410000,0.035,0.908,0.057
410500,0.035,0.903,0.062
411000,0.035,0.908,0.057
411500,0.036,0.910,0.053
412000,0.035,0.907,0.057
412500,0.034,0.912,0.053
413000,0.035,0.911,0.054
413500,0.035,0.907,0.057
414000,0.035,0.900,0.065
414500,0.036,0.901,0.063
415000,0.035,0.901,0.064
415500,0.036,0.902,0.062
416000,0.034,0.904,0.062
416500,0.035,0.909,0.056
417000,0.033,0.911,0.056
417500,0.035,0.913,0.052
418000,0.033,0.913,0.054
418500,0.034,0.916,0.049
419000,0.033,0.911,0.056
419500,0.035,0.911,0.054
420000,0.033,0.914,0.052
420500,0.032,0.917,0.050
421000,0.032,0.913,0.055
421500,0.034,0.908,0.058
422000,0.033,0.904,0.062
422500,0.034,0.901,0.065
423000,0.034,0.905,0.061
423500,0.033,0.905,0.061
424000,0.034,0.908,0.058
424500,0.035,0.911,0.054
425000,0.035,0.912,0.053
425500,0.036,0.916,0.048
426000,0.035,0.916,0.049
426500,0.036,0.911,0.053
427000,0.035,0.908,0.056
427500,0.037,0.903,0.060
428000,0.036,0.899,0.065
428500,0.035,0.898,0.067
429000,0.035,0.900,0.066
429500,0.033,0.897,0.070
430000,0.033,0.898,0.069
430500,0.035,0.897,0.069
431000,0.034,0.898,0.068
431500,0.033,0.900,0.067
432000,0.035,0.895,0.071
432500,0.035,0.894,0.072
433000,0.037,0.898,0.064
433500,0.035,0.898,0.066
434000,0.035,0.900,0.064
434500,0.036,0.897,0.067
435000,0.035,0.895,0.070
435500,0.035,0.895,0.070
436000,0.035,0.891,0.074
436500,0.035,0.896,0.069
437000,0.036,0.892,0.072
437500,0.037,0.899,0.064
438000,0.036,0.896,0.068
438500,0.035,0.897,0.068
439000,0.035,0.901,0.064
439500,0.035,0.907,0.058
440000,0.034,0.906,0.060
440500,0.034,0.910,0.056
441000,0.034,0.908,0.057
441500,0.035,0.911,0.053
442000,0.035,0.903,0.061
442500,0.037,0.905,0.057
443000,0.037,0.901,0.061
443500,0.038,0.900,0.061
444000,0.036,0.898,0.065
444500,0.036,0.901,0.062
445000,0.038,0.895,0.067
445500,0.038,0.899,0.063
446000,0.037,0.901,0.061
446500,0.037,0.901,0.061
447000,0.037,0.905,0.057
447500,0.035,0.905,0.059
448000,0.035,0.903,0.061
448500,0.035,0.902,0.062
449000,0.034,0.903,0.063
449500,0.034,0.898,0.069
450000,0.033,0.903,0.064
450500,0.033,0.903,0.064
451000,0.032,0.906,0.062
451500,0.034,0.899,0.068
452000,0.035,0.897,0.068
452500,0.035,0.897,0.068
453000,0.035,0.896,0.069
453500,0.033,0.907,0.059
454000,0.035,0.913,0.052
454500,0.035,0.914,0.051
455000,0.034,0.913,0.053
455500,0.035,0.913,0.051
456000,0.034,0.905,0.060
456500,0.034,0.911,0.054
457000,0.034,0.908,0.058
457500,0.035,0.908,0.057
458000,0.035,0.906,0.058
458500,0.035,0.911,0.054
459000,0.036,0.904,0.060
459500,0.037,0.905,0.057
460000,0.036,0.905,0.058
460500,0.035,0.908,0.056
461000,0.034,0.907,0.059
461500,0.033,0.906,0.060
462000,0.033,0.907,0.060
462500,0.034,0.908,0.058
463000,0.034,0.903,0.063
463500,0.036,0.896,0.068
464000,0.037,0.895,0.068
464500,0.037,0.888,0.074
465000,0.037,0.890,0.073
465500,0.038,0.891,0.071
466000,0.041,0.889,0.070
466500,0.038,0.884,0.078
467000,0.038,0.888,0.074
467500,0.038,0.888,0.074
468000,0.036,0.897,0.067
468500,0.036,0.897,0.067
469000,0.037,0.898,0.065
469500,0.036,0.906,0.057
470000,0.035,0.909,0.055
470500,0.035,0.905,0.060
471000,0.035,0.902,0.063
471500,0.035,0.900,0.065
472000,0.036,0.902,0.062
472500,0.035,0.901,0.064
473000,0.035,0.899,0.065
473500,0.036,0.896,0.067
474000,0.038,0.899,0.062
474500,0.036,0.892,0.072
475000,0.035,0.892,0.072
475500,0.035,0.891,0.074
476000,0.038,0.898,0.064
476500,0.037,0.896,0.066
477000,0.037,0.900,0.062
477500,0.035,0.900,0.064
478000,0.035,0.902,0.063
478500,0.035,0.896,0.068
479000,0.034,0.895,0.072
479500,0.034,0.897,0.069
480000,0.035,0.894,0.071
480500,0.035,0.894,0.070
481000,0.035,0.903,0.061
481500,0.034,0.903,0.063
482000,0.034,0.904,0.062
482500,0.034,0.907,0.059
483000,0.033,0.904,0.063
483500,0.034,0.903,0.063
484000,0.035,0.903,0.062
484500,0.035,0.897,0.069
485000,0.035,0.901,0.064
485500,0.035,0.902,0.062
486000,0.034,0.903,0.063
486500,0.033,0.900,0.067
487000,0.035,0.902,0.062
487500,0.035,0.906,0.058
488000,0.036,0.902,0.062
488500,0.035,0.901,0.064
489000,0.036,0.899,0.065
489500,0.035,0.898,0.067
490000,0.035,0.898,0.067
490500,0.036,0.898,0.066
491000,0.036,0.894,0.070
491500,0.036,0.890,0.074
492000,0.036,0.895,0.068
492500,0.036,0.893,0.071
493000,0.035,0.892,0.073
493500,0.035,0.892,0.073
494000,0.035,0.896,0.068
494500,0.035,0.894,0.071
495000,0.035,0.894,0.071
495500,0.033,0.893,0.074
496000,0.034,0.901,0.065
496500,0.034,0.899,0.067
497000,0.035,0.898,0.067
497500,0.035,0.902,0.063
498000,0.035,0.900,0.065
498500,0.034,0.900,0.066
499000,0.034,0.899,0.067
499500,0.035,0.896,0.069
500000,0.035,0.892,0.074
500500,0.035,0.894,0.071
501000,0.035,0.897,0.068
501500,0.037,0.900,0.062
502000,0.035,0.899,0.066
502500,0.035,0.897,0.067
503000,0.036,0.900,0.064
503500,0.036,0.906,0.057
504000,0.034,0.904,0.062
504500,0.035,0.905,0.060
505000,0.034,0.904,0.062
505500,0.033,0.906,0.060
506000,0.033,0.909,0.057
506500,0.034,0.907,0.059
507000,0.035,0.907,0.057
507500,0.037,0.903,0.059
508000,0.035,0.911,0.053
508500,0.035,0.905,0.059
509000,0.035,0.899,0.066
509500,0.037,0.896,0.067
510000,0.036,0.895,0.069
510500,0.037,0.896,0.067
511000,0.035,0.894,0.070
511500,0.037,0.898,0.064
512000,0.037,0.899,0.063
512500,0.035,0.897,0.068
513000,0.035,0.902,0.063
513500,0.035,0.896,0.069
514000,0.034,0.899,0.068
514500,0.036,0.899,0.065
515000,0.037,0.894,0.068
515500,0.036,0.887,0.077
516000,0.035,0.886,0.079
516500,0.035,0.892,0.073
517000,0.036,0.890,0.074
517500,0.038,0.888,0.074
518000,0.037,0.885,0.078
518500,0.037,0.885,0.077
519000,0.035,0.884,0.081
519500,0.035,0.888,0.077
520000,0.036,0.888,0.076
520500,0.036,0.880,0.083
521000,0.036,0.882,0.082
521500,0.038,0.890,0.072
522000,0.037,0.894,0.069
522500,0.036,0.895,0.069
523000,0.035,0.899,0.065
523500,0.034,0.897,0.069
524000,0.034,0.893,0.073
524500,0.035,0.899,0.067
525000,0.034,0.898,0.068
525500,0.035,0.898,0.066
526000,0.033,0.901,0.066
526500,0.035,0.901,0.064
527000,0.035,0.902,0.064
527500,0.035,0.902,0.062
528000,0.035,0.899,0.065
528500,0.035,0.900,0.065
529000,0.034,0.896,0.070
529500,0.035,0.894,0.071
530000,0.035,0.890,0.075
530500,0.035,0.893,0.071
531000,0.035,0.897,0.069
531500,0.035,0.896,0.069
532000,0.036,0.891,0.073
532500,0.037,0.897,0.066
533000,0.037,0.902,0.060
533500,0.038,0.901,0.060
534000,0.038,0.901,0.060
534500,0.037,0.900,0.062
535000,0.035,0.896,0.070
535500,0.035,0.890,0.076
536000,0.036,0.892,0.072
536500,0.035,0.895,0.070
537000,0.034,0.903,0.063
537500,0.035,0.902,0.064
538000,0.035,0.899,0.067
538500,0.034,0.897,0.069
539000,0.034,0.898,0.068
539500,0.034,0.901,0.065
540000,0.034,0.907,0.059
540500,0.035,0.902,0.062
541000,0.036,0.898,0.066
541500,0.037,0.898,0.065
542000,0.035,0.896,0.068
542500,0.035,0.900,0.064
543000,0.035,0.907,0.057
543500,0.035,0.907,0.057
544000,0.035,0.909,0.055
544500,0.035,0.905,0.059
545000,0.035,0.906,0.059
545500,0.035,0.906,0.058
546000,0.036,0.901,0.063
546500,0.036,0.901,0.063
547000,0.035,0.899,0.066
547500,0.035,0.902,0.062
548000,0.035,0.905,0.059
548500,0.035,0.907,0.057
549000,0.035,0.908,0.056
549500,0.037,0.906,0.057
550000,0.037,0.905,0.058
550500,0.037,0.905,0.058
551000,0.036,0.902,0.061
551500,0.036,0.903,0.060
552000,0.036,0.902,0.061
552500,0.037,0.903,0.059
553000,0.039,0.901,0.060
553500,0.040,0.902,0.057
554000,0.039,0.899,0.061
554500,0.037,0.898,0.065
555000,0.038,0.893,0.069
555500,0.038,0.896,0.066
556000,0.040,0.891,0.069
556500,0.040,0.890,0.070
557000,0.040,0.886,0.074
557500,0.040,0.884,0.076
558000,0.039,0.885,0.076
558500,0.040,0.881,0.080
559000,0.039,0.876,0.085
559500,0.041,0.875,0.084
560000,0.040,0.881,0.079
560500,0.043,0.880,0.077
561000,0.041,0.885,0.075
561500,0.041,0.887,0.072
562000,0.042,0.886,0.073
562500,0.041,0.895,0.064
563000,0.042,0.895,0.063
563500,0.042,0.895,0.063
564000,0.041,0.893,0.066
564500,0.040,0.892,0.068
565000,0.039,0.890,0.071
565500,0.039,0.881,0.080
566000,0.038,0.879,0.083
566500,0.038,0.881,0.080
567000,0.039,0.874,0.087
567500,0.040,0.885,0.076
568000,0.037,0.885,0.078
568500,0.036,0.884,0.080
569000,0.035,0.883,0.082
569500,0.035,0.893,0.072
570000,0.036,0.893,0.071
570500,0.036,0.897,0.067
571000,0.034,0.900,0.066
571500,0.033,0.904,0.062
572000,0.033,0.903,0.064
572500,0.036,0.899,0.065
573000,0.035,0.903,0.062
573500,0.034,0.900,0.066
574000,0.034,0.904,0.062
574500,0.033,0.901,0.066
575000,0.034,0.902,0.064
575500,0.035,0.900,0.065
576000,0.035,0.901,0.064
576500,0.035,0.904,0.061
577000,0.035,0.901,0.064
577500,0.034,0.902,0.065
578000,0.035,0.901,0.064
578500,0.035,0.902,0.064
579000,0.034,0.900,0.067
579500,0.034,0.895,0.072
580000,0.034,0.890,0.076
580500,0.033,0.894,0.073
581000,0.034,0.894,0.072
581500,0.035,0.904,0.061
582000,0.037,0.900,0.062
582500,0.038,0.897,0.065
583000,0.036,0.899,0.065
583500,0.038,0.896,0.066
584000,0.036,0.893,0.071
584500,0.037,0.895,0.068
585000,0.037,0.898,0.065
585500,0.037,0.895,0.067
586000,0.037,0.892,0.071
586500,0.036,0.898,0.066
587000,0.038,0.899,0.063
587500,0.037,0.896,0.067
588000,0.038,0.890,0.072
588500,0.038,0.888,0.074
589000,0.037,0.887,0.076
589500,0.037,0.888,0.075
590000,0.036,0.889,0.074
590500,0.036,0.889,0.075
591000,0.036,0.896,0.068
591500,0.035,0.890,0.074
592000,0.037,0.895,0.068
592500,0.037,0.893,0.070
593000,0.035,0.894,0.071
593500,0.036,0.899,0.065
594000,0.036,0.896,0.068
594500,0.035,0.897,0.068
595000,0.036,0.894,0.070
595500,0.037,0.897,0.065
596000,0.039,0.894,0.067
596500,0.040,0.894,0.067
597000,0.041,0.898,0.061
597500,0.038,0.900,0.061
598000,0.038,0.903,0.058
598500,0.040,0.903,0.057
599000,0.040,0.899,0.060
599500,0.040,0.894,0.067
600000,0.039,0.895,0.066
600500,0.040,0.887,0.074
601000,0.040,0.887,0.073
601500,0.040,0.885,0.076
602000,0.040,0.888,0.072
602500,0.038,0.888,0.073
603000,0.038,0.892,0.070
603500,0.037,0.897,0.066
604000,0.036,0.892,0.072
604500,0.035,0.890,0.075
605000,0.035,0.891,0.074
605500,0.035,0.895,0.070
606000,0.035,0.904,0.061
606500,0.034,0.899,0.067
607000,0.034,0.897,0.069
607500,0.035,0.898,0.067
608000,0.035,0.901,0.064
608500,0.035,0.897,0.068
609000,0.035,0.901,0.064
609500,0.038,0.897,0.064
610000,0.038,0.900,0.061
610500,0.035,0.905,0.059
611000,0.035,0.905,0.060
611500,0.035,0.902,0.063
612000,0.034,0.903,0.063
612500,0.032,0.903,0.066
613000,0.034,0.901,0.065
613500,0.033,0.908,0.059
614000,0.033,0.906,0.061
614500,0.033,0.903,0.064
615000,0.033,0.909,0.058
615500,0.033,0.917,0.049
616000,0.034,0.917,0.049
616500,0.033,0.911,0.056
617000,0.032,0.909,0.059
617500,0.032,0.913,0.055
618000,0.034,0.910,0.056
618500,0.034,0.905,0.061
619000,0.035,0.910,0.054
619500,0.035,0.908,0.056
620000,0.036,0.905,0.058
620500,0.037,0.902,0.061
621000,0.035,0.905,0.060
621500,0.034,0.905,0.061
622000,0.036,0.905,0.058
622500,0.035,0.899,0.065
623000,0.035,0.894,0.071
623500,0.036,0.895,0.068
624000,0.036,0.895,0.068
624500,0.036,0.898,0.066
625000,0.037,0.897,0.066
625500,0.038,0.897,0.065
626000,0.037,0.895,0.067
626500,0.039,0.893,0.068
627000,0.038,0.892,0.070
627500,0.036,0.893,0.071
628000,0.036,0.891,0.072
628500,0.036,0.894,0.069
629000,0.036,0.894,0.070
629500,0.035,0.894,0.070
630000,0.036,0.903,0.061
630500,0.035,0.901,0.063
631000,0.034,0.905,0.061
631500,0.034,0.906,0.059
632000,0.035,0.903,0.062
632500,0.034,0.902,0.064
633000,0.033,0.904,0.063
633500,0.034,0.907,0.059
634000,0.035,0.912,0.053
634500,0.034,0.910,0.056
635000,0.034,0.910,0.055
635500,0.035,0.911,0.054
636000,0.035,0.912,0.053
636500,0.035,0.908,0.056
637000,0.035,0.908,0.056
637500,0.035,0.921,0.043
638000,0.035,0.914,0.051
638500,0.035,0.914,0.050
639000,0.035,0.910,0.054
639500,0.035,0.907,0.058
640000,0.034,0.909,0.057
640500,0.034,0.902,0.064
641000,0.035,0.906,0.059
641500,0.036,0.895,0.069
642000,0.036,0.893,0.070
642500,0.036,0.894,0.069
643000,0.036,0.893,0.071
643500,0.035,0.892,0.073
644000,0.035,0.888,0.077
644500,0.037,0.885,0.078
645000,0.041,0.884,0.076
645500,0.039,0.885,0.076
646000,0.040,0.889,0.071
646500,0.038,0.892,0.070
647000,0.036,0.890,0.074
647500,0.038,0.892,0.070
648000,0.037,0.898,0.065
648500,0.037,0.894,0.069
649000,0.035,0.896,0.069
649500,0.035,0.900,0.065
650000,0.035,0.902,0.062
650500,0.036,0.894,0.070
651000,0.036,0.898,0.066
651500,0.036,0.895,0.069
652000,0.036,0.897,0.067
652500,0.036,0.896,0.068
653000,0.035,0.897,0.068
653500,0.035,0.899,0.066
654000,0.034,0.900,0.066
654500,0.033,0.895,0.072
655000,0.033,0.896,0.071
655500,0.034,0.903,0.063
656000,0.034,0.907,0.059
656500,0.034,0.910,0.056
657000,0.033,0.911,0.056
657500,0.033,0.914,0.053
658000,0.033,0.912,0.055
658500,0.032,0.913,0.055
659000,0.032,0.911,0.057
659500,0.035,0.911,0.054
660000,0.034,0.915,0.051
660500,0.034,0.915,0.051
661000,0.033,0.918,0.049
661500,0.034,0.918,0.048
662000,0.034,0.916,0.050
662500,0.034,0.911,0.055
663000,0.034,0.910,0.056
663500,0.035,0.913,0.051
664000,0.034,0.910,0.055
664500,0.035,0.914,0.051
665000,0.035,0.904,0.060
665500,0.034,0.910,0.055
666000,0.034,0.907,0.058
666500,0.034,0.901,0.065
667000,0.035,0.899,0.066
667500,0.035,0.904,0.061
668000,0.035,0.908,0.056
668500,0.035,0.909,0.055
669000,0.035,0.909,0.055
669500,0.036,0.913,0.050
670000,0.036,0.910,0.054
670500,0.036,0.901,0.063
671000,0.036,0.898,0.065
671500,0.036,0.896,0.068
672000,0.035,0.897,0.068
672500,0.035,0.901,0.063
673000,0.036,0.904,0.060
673500,0.035,0.900,0.065
674000,0.035,0.903,0.061
674500,0.033,0.899,0.068
675000,0.034,0.896,0.070
675500,0.034,0.907,0.059
676000,0.035,0.901,0.064
676500,0.034,0.890,0.076
677000,0.034,0.897,0.070
677500,0.032,0.896,0.072
678000,0.031,0.904,0.065
678500,0.032,0.910,0.058
679000,0.032,0.910,0.058
679500,0.033,0.912,0.055
680000,0.032,0.910,0.058
680500,0.032,0.911,0.057
681000,0.032,0.908,0.060
681500,0.034,0.905,0.061
682000,0.034,0.905,0.061
682500,0.034,0.912,0.053
683000,0.035,0.916,0.048
683500,0.035,0.915,0.050
684000,0.035,0.917,0.047
684500,0.035,0.916,0.049
685000,0.036,0.918,0.045
685500,0.035,0.916,0.049
686000,0.035,0.911,0.053
686500,0.035,0.910,0.055
687000,0.034,0.908,0.057
687500,0.033,0.912,0.055
688000,0.033,0.916,0.051
688500,0.033,0.914,0.052
689000,0.034,0.917,0.049
689500,0.034,0.914,0.052
690000,0.032,0.910,0.057
690500,0.032,0.910,0.058
691000,0.035,0.909,0.056
691500,0.035,0.910,0.055
692000,0.034,0.907,0.059
692500,0.034,0.907,0.058
693000,0.035,0.908,0.056
693500,0.036,0.906,0.057
694000,0.036,0.899,0.065
694500,0.035,0.909,0.056
695000,0.033,0.906,0.060
695500,0.034,0.903,0.063
696000,0.035,0.900,0.066
696500,0.035,0.901,0.065
697000,0.034,0.903,0.062
697500,0.034,0.903,0.062
698000,0.035,0.904,0.061
698500,0.035,0.900,0.065
699000,0.037,0.907,0.056
699500,0.035,0.910,0.054
700000,0.035,0.913,0.051
700500,0.035,0.913,0.051
701000,0.034,0.908,0.058
701500,0.034,0.909,0.056
702000,0.034,0.911,0.054
702500,0.035,0.915,0.049
703000,0.035,0.907,0.057
703500,0.035,0.910,0.055
704000,0.035,0.911,0.053
704500,0.036,0.916,0.047
705000,0.038,0.915,0.046
705500,0.039,0.915,0.046
706000,0.035,0.909,0.055
706500,0.035,0.908,0.057
707000,0.034,0.911,0.055
707500,0.034,0.910,0.056
708000,0.035,0.912,0.052
708500,0.035,0.913,0.051
709000,0.035,0.912,0.053
709500,0.034,0.909,0.057
710000,0.034,0.913,0.053
710500,0.034,0.915,0.051
711000,0.034,0.908,0.058
711500,0.033,0.914,0.053
712000,0.033,0.918,0.048
712500,0.034,0.917,0.049
713000,0.033,0.917,0.049
713500,0.033,0.921,0.046
714000,0.032,0.914,0.053
714500,0.032,0.918,0.049
715000,0.032,0.914,0.053
715500,0.034,0.912,0.054
716000,0.034,0.913,0.053
716500,0.035,0.915,0.050
717000,0.035,0.913,0.052
717500,0.034,0.911,0.055
718000,0.033,0.911,0.055
718500,0.033,0.903,0.064
719000,0.033,0.897,0.070
719500,0.033,0.904,0.063
720000,0.034,0.901,0.065
720500,0.034,0.900,0.066
721000,0.036,0.899,0.065
721500,0.035,0.897,0.069
722000,0.034,0.892,0.075
722500,0.033,0.889,0.078
723000,0.034,0.894,0.072
723500,0.035,0.897,0.068
724000,0.035,0.900,0.065
724500,0.034,0.902,0.064
725000,0.037,0.902,0.061
725500,0.039,0.901,0.059
726000,0.037,0.900,0.062
726500,0.035,0.905,0.060
727000,0.035,0.902,0.063
727500,0.035,0.905,0.059
728000,0.035,0.901,0.065
728500,0.034,0.898,0.068
729000,0.033,0.894,0.073
729500,0.034,0.896,0.070
730000,0.033,0.898,0.069
730500,0.034,0.900,0.066
731000,0.035,0.893,0.072
731500,0.035,0.894,0.070
732000,0.038,0.895,0.067
732500,0.037,0.889,0.074
733000,0.037,0.881,0.082
733500,0.037,0.884,0.078
734000,0.038,0.885,0.077
734500,0.038,0.885,0.076
735000,0.038,0.882,0.080
735500,0.037,0.885,0.078
736000,0.037,0.888,0.075
736500,0.039,0.889,0.072
737000,0.039,0.890,0.071
737500,0.038,0.892,0.069
738000,0.036,0.891,0.073
738500,0.035,0.891,0.074
739000,0.035,0.898,0.066
739500,0.036,0.899,0.065
740000,0.038,0.900,0.061
740500,0.039,0.898,0.063
741000,0.041,0.891,0.069
741500,0.038,0.893,0.069
742000,0.038,0.894,0.068
742500,0.038,0.897,0.064
743000,0.038,0.896,0.066
743500,0.035,0.893,0.071
744000,0.035,0.901,0.065
744500,0.035,0.899,0.066
745000,0.036,0.902,0.061
745500,0.036,0.901,0.062
746000,0.039,0.903,0.058
746500,0.038,0.898,0.063
747000,0.038,0.896,0.065
747500,0.037,0.896,0.067
748000,0.037,0.893,0.070
748500,0.038,0.889,0.073
749000,0.039,0.895,0.066
749500,0.036,0.897,0.067
750000,0.038,0.895,0.067
750500,0.037,0.894,0.068
751000,0.037,0.890,0.072
751500,0.037,0.890,0.073
752000,0.037,0.891,0.072
752500,0.037,0.888,0.074
753000,0.036,0.886,0.078
753500,0.037,0.882,0.081
754000,0.037,0.880,0.083
754500,0.038,0.877,0.085
755000,0.040,0.873,0.088
755500,0.037,0.875,0.088
756000,0.038,0.886,0.076
756500,0.039,0.890,0.071
757000,0.041,0.892,0.067
757500,0.043,0.892,0.066
758000,0.041,0.885,0.074
758500,0.040,0.887,0.073
759000,0.042,0.884,0.074
759500,0.038,0.886,0.075
760000,0.038,0.893,0.069
760500,0.037,0.898,0.065
761000,0.036,0.893,0.071
761500,0.035,0.893,0.072
762000,0.036,0.896,0.068
762500,0.035,0.893,0.072
763000,0.035,0.897,0.068
763500,0.036,0.888,0.076
764000,0.036,0.893,0.071
764500,0.034,0.896,0.070
765000,0.035,0.895,0.070
765500,0.036,0.895,0.068
766000,0.035,0.899,0.066
766500,0.037,0.893,0.070
767000,0.037,0.889,0.073
767500,0.038,0.891,0.071
768000,0.038,0.900,0.061
768500,0.041,0.899,0.059
769000,0.038,0.901,0.060
769500,0.036,0.902,0.061
770000,0.037,0.904,0.059
770500,0.035,0.905,0.059
771000,0.034,0.898,0.069
771500,0.034,0.900,0.066
772000,0.033,0.898,0.070
772500,0.032,0.904,0.064
773000,0.032,0.909,0.059
773500,0.033,0.905,0.062
774000,0.033,0.905,0.061
774500,0.033,0.903,0.064
775000,0.033,0.904,0.063
775500,0.034,0.906,0.060
776000,0.035,0.905,0.060
776500,0.037,0.909,0.054
777000,0.038,0.905,0.056
777500,0.038,0.905,0.056
778000,0.038,0.906,0.056
778500,0.036,0.896,0.068
779000,0.038,0.893,0.069
779500,0.037,0.897,0.066
780000,0.038,0.899,0.062
780500,0.038,0.905,0.056
781000,0.038,0.899,0.062
781500,0.036,0.903,0.060
782000,0.036,0.909,0.054
782500,0.037,0.906,0.057
783000,0.036,0.906,0.057
783500,0.036,0.904,0.060
784000,0.035,0.902,0.062
784500,0.034,0.902,0.064
785000,0.035,0.907,0.057
785500,0.033,0.908,0.058
786000,0.033,0.910,0.057
786500,0.033,0.904,0.062
787000,0.032,0.900,0.068
787500,0.034,0.896,0.070
788000,0.036,0.892,0.072
788500,0.035,0.888,0.078
789000,0.036,0.888,0.076
789500,0.037,0.887,0.075
790000,0.037,0.888,0.075
790500,0.037,0.886,0.076
791000,0.039,0.894,0.067
791500,0.037,0.898,0.065
792000,0.036,0.897,0.067
792500,0.038,0.894,0.067
793000,0.038,0.897,0.065
793500,0.039,0.895,0.066
794000,0.038,0.896,0.066
794500,0.036,0.901,0.062
795000,0.036,0.901,0.062
795500,0.036,0.898,0.066
796000,0.038,0.896,0.066
796500,0.036,0.888,0.076
797000,0.039,0.889,0.072
797500,0.036,0.888,0.076
798000,0.036,0.889,0.075
798500,0.036,0.891,0.073
799000,0.036,0.894,0.069
799500,0.038,0.894,0.067
800000,0.037,0.901,0.061
800500,0.040,0.900,0.060
801000,0.037,0.897,0.066
801500,0.038,0.893,0.069
802000,0.037,0.895,0.067
802500,0.035,0.900,0.064
803000,0.035,0.897,0.068
803500,0.036,0.889,0.075
804000,0.035,0.890,0.075
804500,0.035,0.894,0.070
805000,0.035,0.895,0.071
805500,0.037,0.896,0.067
806000,0.038,0.895,0.066
806500,0.038,0.891,0.071
807000,0.038,0.892,0.070
807500,0.038,0.890,0.071
808000,0.038,0.897,0.065
808500,0.036,0.897,0.067
809000,0.037,0.896,0.067
809500,0.037,0.899,0.064
810000,0.041,0.899,0.059
810500,0.040,0.894,0.067
811000,0.037,0.893,0.070
811500,0.037,0.893,0.070
812000,0.036,0.895,0.069
812500,0.036,0.897,0.067
813000,0.035,0.902,0.062
813500,0.034,0.902,0.065
814000,0.034,0.907,0.059
814500,0.035,0.899,0.066
815000,0.035,0.906,0.058
815500,0.036,0.911,0.052
816000,0.036,0.912,0.051
816500,0.034,0.917,0.049
817000,0.035,0.916,0.049
817500,0.035,0.919,0.045
818000,0.034,0.917,0.049
818500,0.035,0.916,0.049
819000,0.035,0.915,0.049
819500,0.035,0.917,0.048
820000,0.034,0.911,0.055
820500,0.034,0.918,0.048
821000,0.034,0.911,0.055
821500,0.034,0.911,0.055
822000,0.032,0.915,0.052
822500,0.032,0.912,0.055
823000,0.034,0.904,0.061
823500,0.033,0.908,0.058
824000,0.035,0.908,0.057
824500,0.034,0.906,0.060
825000,0.037,0.906,0.057
825500,0.035,0.901,0.065
826000,0.034,0.898,0.068
826500,0.035,0.893,0.072
827000,0.038,0.888,0.074
827500,0.035,0.891,0.074
828000,0.034,0.896,0.071
828500,0.036,0.894,0.070
829000,0.037,0.900,0.062
829500,0.036,0.901,0.062
830000,0.036,0.897,0.067
830500,0.035,0.898,0.067
831000,0.034,0.896,0.070
831500,0.036,0.900,0.064
832000,0.035,0.899,0.066
832500,0.036,0.904,0.059
833000,0.036,0.900,0.064
833500,0.036,0.902,0.061
834000,0.039,0.906,0.055
834500,0.038,0.907,0.055
835000,0.038,0.905,0.056
835500,0.036,0.898,0.066
836000,0.037,0.897,0.066
836500,0.037,0.889,0.074
837000,0.035,0.893,0.072
837500,0.037,0.890,0.073
838000,0.037,0.885,0.078
838500,0.036,0.891,0.072
839000,0.034,0.894,0.072
839500,0.036,0.900,0.064
840000,0.035,0.899,0.065
840500,0.034,0.896,0.070
841000,0.033,0.901,0.066
841500,0.035,0.898,0.067
842000,0.038,0.897,0.065
842500,0.038,0.898,0.064
843000,0.037,0.899,0.064
843500,0.037,0.897,0.065
844000,0.037,0.897,0.065
844500,0.036,0.888,0.076
845000,0.036,0.891,0.072
845500,0.035,0.888,0.077
846000,0.035,0.892,0.073
846500,0.035,0.896,0.068
847000,0.036,0.902,0.061
847500,0.036,0.899,0.065
848000,0.038,0.900,0.061
848500,0.037,0.898,0.065
849000,0.036,0.896,0.067
849500,0.036,0.898,0.066
850000,0.037,0.897,0.066
850500,0.037,0.900,0.062
851000,0.037,0.898,0.064
851500,0.038,0.899,0.062
852000,0.038,0.901,0.061
852500,0.038,0.899,0.062
853000,0.037,0.902,0.060
853500,0.036,0.907,0.056
854000,0.036,0.903,0.060
854500,0.036,0.906,0.058
855000,0.036,0.899,0.065
855500,0.035,0.903,0.061
856000,0.035,0.905,0.059
856500,0.036,0.905,0.059
857000,0.037,0.902,0.061
857500,0.036,0.904,0.059
858000,0.035,0.900,0.065
858500,0.037,0.899,0.064
859000,0.036,0.901,0.062
859500,0.035,0.906,0.059
860000,0.035,0.908,0.056
860500,0.035,0.901,0.063
861000,0.036,0.901,0.062
861500,0.035,0.900,0.065
862000,0.035,0.896,0.070
862500,0.035,0.905,0.060
863000,0.035,0.911,0.054
863500,0.035,0.917,0.047
864000,0.035,0.920,0.045
864500,0.034,0.918,0.048
865000,0.035,0.918,0.047
865500,0.036,0.916,0.047
866000,0.035,0.912,0.053
866500,0.034,0.916,0.050
867000,0.034,0.917,0.049
867500,0.034,0.914,0.052
868000,0.033,0.916,0.051
868500,0.034,0.913,0.053
869000,0.034,0.911,0.055
869500,0.034,0.914,0.052
870000,0.033,0.915,0.051
870500,0.034,0.919,0.047
871000,0.032,0.912,0.055
871500,0.033,0.911,0.056
872000,0.033,0.909,0.058
872500,0.035,0.914,0.050
873000,0.037,0.920,0.043
873500,0.038,0.918,0.043
874000,0.037,0.914,0.048
874500,0.036,0.910,0.053
875000,0.034,0.910,0.056
875500,0.034,0.907,0.058
876000,0.036,0.906,0.057
876500,0.035,0.908,0.057
877000,0.034,0.916,0.049
877500,0.034,0.916,0.050
878000,0.033,0.916,0.051
878500,0.033,0.915,0.051
879000,0.033,0.910,0.057
879500,0.033,0.908,0.059
880000,0.033,0.904,0.063
880500,0.034,0.904,0.062
881000,0.035,0.901,0.064
881500,0.035,0.905,0.060
882000,0.035,0.905,0.059
882500,0.035,0.908,0.057
883000,0.034,0.908,0.058
883500,0.035,0.909,0.056
884000,0.035,0.908,0.056
884500,0.037,0.905,0.057
885000,0.035,0.909,0.055
885500,0.035,0.908,0.056
886000,0.035,0.905,0.060
886500,0.035,0.900,0.064
887000,0.035,0.899,0.066
887500,0.035,0.892,0.072
888000,0.035,0.895,0.069
888500,0.037,0.892,0.071
889000,0.036,0.890,0.074
889500,0.037,0.889,0.074
890000,0.037,0.892,0.071
890500,0.035,0.892,0.073
891000,0.036,0.894,0.070
891500,0.036,0.893,0.071
892000,0.037,0.891,0.071
892500,0.036,0.894,0.070
893000,0.038,0.895,0.067
893500,0.037,0.895,0.068
894000,0.038,0.897,0.065
894500,0.040,0.896,0.064
895000,0.038,0.891,0.071
895500,0.037,0.889,0.074
896000,0.037,0.890,0.073
896500,0.037,0.887,0.075
897000,0.037,0.888,0.075
897500,0.035,0.889,0.075
898000,0.037,0.900,0.062
898500,0.037,0.895,0.067
899000,0.036,0.895,0.069
899500,0.034,0.900,0.066
900000,0.034,0.908,0.057
900500,0.035,0.904,0.060
901000,0.036,0.901,0.063
901500,0.036,0.897,0.067
902000,0.034,0.902,0.064
902500,0.035,0.907,0.058
903000,0.036,0.910,0.054
903500,0.036,0.902,0.061
904000,0.036,0.891,0.073
904500,0.036,0.888,0.076
905000,0.036,0.889,0.075
905500,0.035,0.887,0.078
906000,0.035,0.892,0.073
906500,0.036,0.885,0.079
907000,0.035,0.887,0.077
907500,0.037,0.892,0.071
908000,0.035,0.895,0.070
908500,0.035,0.897,0.069
909000,0.035,0.896,0.069
909500,0.035,0.894,0.070
910000,0.034,0.897,0.069
910500,0.034,0.891,0.075
911000,0.037,0.887,0.075
911500,0.037,0.894,0.069
912000,0.037,0.901,0.061
912500,0.037,0.905,0.057
913000,0.036,0.900,0.064
913500,0.033,0.898,0.069
914000,0.033,0.903,0.064
914500,0.034,0.903,0.063
915000,0.034,0.904,0.061
915500,0.035,0.898,0.068
916000,0.035,0.902,0.063
916500,0.034,0.905,0.060
917000,0.034,0.903,0.062
917500,0.033,0.903,0.064
918000,0.034,0.903,0.062
918500,0.034,0.905,0.060
919000,0.033,0.904,0.063
919500,0.034,0.899,0.067
920000,0.034,0.904,0.061
920500,0.035,0.907,0.057
921000,0.035,0.907,0.058
921500,0.035,0.905,0.059
922000,0.035,0.896,0.069
922500,0.036,0.901,0.062
923000,0.037,0.899,0.064
923500,0.038,0.895,0.067
924000,0.036,0.897,0.067
924500,0.035,0.906,0.058
925000,0.037,0.907,0.055
925500,0.035,0.910,0.054
926000,0.035,0.900,0.065
926500,0.035,0.903,0.062
927000,0.036,0.905,0.058
927500,0.035,0.905,0.059
928000,0.036,0.906,0.058
928500,0.036,0.905,0.058
929000,0.035,0.903,0.061
929500,0.035,0.896,0.069
930000,0.036,0.899,0.065
930500,0.037,0.898,0.064
931000,0.036,0.895,0.069
931500,0.037,0.896,0.067
932000,0.036,0.900,0.064
932500,0.036,0.908,0.055
933000,0.035,0.909,0.055
933500,0.037,0.902,0.061
934000,0.040,0.898,0.062
934500,0.037,0.895,0.068
935000,0.036,0.898,0.065
935500,0.038,0.894,0.067
936000,0.041,0.887,0.072
936500,0.040,0.885,0.076
937000,0.040,0.891,0.069
937500,0.040,0.889,0.072
938000,0.037,0.897,0.066
938500,0.036,0.900,0.064
939000,0.036,0.902,0.061
939500,0.035,0.909,0.055
940000,0.036,0.902,0.061
940500,0.035,0.901,0.064
941000,0.036,0.907,0.056
941500,0.035,0.905,0.060
942000,0.036,0.911,0.052
942500,0.035,0.909,0.055
943000,0.035,0.915,0.050
943500,0.035,0.912,0.053
944000,0.035,0.915,0.050
944500,0.034,0.913,0.053
945000,0.034,0.911,0.054
945500,0.033,0.905,0.061
946000,0.035,0.906,0.059
946500,0.036,0.911,0.052
947000,0.036,0.907,0.056
947500,0.037,0.905,0.057
948000,0.035,0.901,0.063
948500,0.035,0.895,0.071
949000,0.035,0.901,0.064
949500,0.035,0.901,0.064
950000,0.033,0.905,0.062
950500,0.033,0.904,0.064
951000,0.033,0.907,0.060
951500,0.033,0.910,0.056
952000,0.032,0.912,0.056
952500,0.034,0.907,0.059
953000,0.033,0.904,0.064
953500,0.033,0.900,0.067
954000,0.033,0.904,0.064
954500,0.034,0.910,0.056
955000,0.033,0.909,0.057
955500,0.034,0.907,0.058
956000,0.034,0.909,0.057
956500,0.034,0.911,0.055
957000,0.034,0.911,0.055
957500,0.034,0.903,0.064
958000,0.033,0.905,0.062
958500,0.034,0.909,0.056
959000,0.032,0.904,0.065
959500,0.032,0.902,0.066
960000,0.032,0.908,0.060
960500,0.032,0.909,0.059
961000,0.032,0.907,0.060
961500,0.034,0.910,0.056
962000,0.034,0.907,0.059
962500,0.034,0.903,0.064
963000,0.033,0.903,0.064
963500,0.034,0.907,0.059
964000,0.034,0.911,0.055
964500,0.035,0.918,0.047
965000,0.034,0.918,0.048
965500,0.034,0.913,0.052
966000,0.034,0.917,0.049
966500,0.034,0.919,0.047
967000,0.033,0.920,0.047
967500,0.033,0.915,0.052
968000,0.033,0.915,0.052
968500,0.033,0.915,0.051
969000,0.034,0.918,0.048
969500,0.033,0.912,0.054
970000,0.035,0.916,0.049
970500,0.034,0.907,0.059
971000,0.035,0.905,0.060
971500,0.036,0.906,0.057
972000,0.035,0.908,0.056
972500,0.035,0.908,0.056
973000,0.035,0.905,0.059
973500,0.035,0.901,0.064
974000,0.035,0.903,0.061
974500,0.037,0.901,0.061
975000,0.038,0.904,0.057
975500,0.040,0.908,0.052
976000,0.037,0.898,0.065
976500,0.037,0.899,0.064
977000,0.036,0.898,0.065
977500,0.035,0.900,0.066
978000,0.035,0.902,0.063
978500,0.035,0.903,0.061
979000,0.035,0.909,0.056
979500,0.035,0.908,0.057
980000,0.037,0.909,0.054
980500,0.037,0.905,0.057
981000,0.035,0.906,0.059
981500,0.035,0.908,0.056
982000,0.035,0.909,0.056
982500,0.034,0.903,0.064
983000,0.034,0.902,0.064
983500,0.034,0.899,0.068
984000,0.033,0.897,0.070
984500,0.036,0.892,0.072
985000,0.036,0.893,0.070
985500,0.034,0.895,0.071
986000,0.034,0.899,0.067
986500,0.036,0.900,0.064
987000,0.035,0.900,0.064
987500,0.035,0.897,0.068
988000,0.035,0.904,0.061
988500,0.036,0.908,0.055
989000,0.035,0.909,0.056
989500,0.034,0.899,0.067
990000,0.035,0.902,0.062
990500,0.035,0.902,0.062
991000,0.036,0.903,0.060
991500,0.036,0.903,0.060
992000,0.036,0.899,0.064
992500,0.036,0.898,0.066
993000,0.037,0.894,0.068
993500,0.037,0.893,0.070
994000,0.035,0.895,0.069
994500,0.037,0.900,0.062
995000,0.040,0.896,0.065
995500,0.036,0.899,0.065
996000,0.036,0.891,0.072
996500,0.038,0.900,0.061
997000,0.038,0.896,0.066
997500,0.037,0.892,0.070
998000,0.038,0.891,0.071
998500,0.040,0.886,0.075
999000,0.039,0.877,0.084
999500,0.038,0.881,0.080
1000000,0.037,0.871,0.092
