time,n_A+p,n_B,n_AB
500,0.080,0.800,0.120
1000,0.080,0.656,0.264
1500,0.080,0.471,0.449
2000,0.084,0.310,0.606
2500,0.102,0.200,0.698
3000,0.102,0.117,0.780
3500,0.106,0.088,0.805
4000,0.121,0.052,0.827
4500,0.136,0.055,0.809
5000,0.153,0.049,0.798
5500,0.149,0.053,0.798
6000,0.144,0.050,0.806
6500,0.147,0.036,0.817
7000,0.174,0.029,0.796
7500,0.169,0.029,0.802
8000,0.164,0.040,0.796
8500,0.154,0.044,0.801
9000,0.160,0.035,0.805
9500,0.153,0.033,0.814
10000,0.148,0.029,0.823
10500,0.141,0.028,0.831
11000,0.145,0.021,0.835
11500,0.153,0.026,0.821
12000,0.140,0.029,0.831
12500,0.142,0.023,0.835
13000,0.146,0.034,0.820
13500,0.167,0.024,0.810
14000,0.166,0.030,0.803
14500,0.148,0.036,0.816
15000,0.150,0.029,0.821
15500,0.141,0.027,0.832
16000,0.165,0.030,0.805
16500,0.163,0.040,0.798
17000,0.158,0.032,0.810
17500,0.149,0.025,0.825
18000,0.169,0.031,0.800
18500,0.153,0.021,0.825
19000,0.160,0.026,0.814
19500,0.162,0.022,0.816
20000,0.165,0.021,0.814
20500,0.156,0.020,0.824
21000,0.175,0.022,0.803
21500,0.182,0.029,0.790
22000,0.154,0.025,0.821
22500,0.171,0.029,0.800
23000,0.163,0.030,0.807
23500,0.161,0.035,0.805
24000,0.147,0.028,0.826
24500,0.147,0.029,0.824
25000,0.163,0.029,0.809
25500,0.151,0.029,0.819
26000,0.153,0.019,0.828
26500,0.144,0.020,0.836
27000,0.175,0.021,0.804
27500,0.150,0.018,0.832
28000,0.138,0.028,0.835
28500,0.145,0.028,0.827
29000,0.159,0.032,0.810
29500,0.148,0.041,0.811
30000,0.138,0.036,0.826
30500,0.138,0.038,0.824
31000,0.134,0.038,0.828
31500,0.120,0.042,0.838
32000,0.134,0.041,0.826
32500,0.139,0.040,0.822
33000,0.161,0.031,0.808
33500,0.173,0.019,0.807
34000,0.162,0.021,0.818
34500,0.151,0.016,0.833
35000,0.141,0.017,0.843
35500,0.154,0.022,0.823
36000,0.135,0.025,0.840
36500,0.148,0.023,0.829
37000,0.153,0.014,0.833
37500,0.160,0.024,0.817
38000,0.161,0.029,0.810
38500,0.154,0.022,0.824
39000,0.138,0.032,0.831
39500,0.133,0.029,0.838
40000,0.133,0.022,0.845
40500,0.142,0.028,0.830
41000,0.144,0.019,0.836
41500,0.144,0.033,0.823
42000,0.158,0.026,0.817
42500,0.155,0.029,0.817
43000,0.167,0.033,0.801
43500,0.157,0.025,0.818
44000,0.159,0.030,0.811
44500,0.152,0.044,0.803
45000,0.154,0.026,0.820
45500,0.153,0.020,0.827
46000,0.148,0.021,0.832
46500,0.145,0.017,0.838
47000,0.152,0.013,0.836
47500,0.157,0.025,0.818
48000,0.160,0.025,0.816
48500,0.162,0.026,0.812
49000,0.171,0.017,0.812
49500,0.167,0.031,0.802
50000,0.161,0.020,0.819
50500,0.154,0.026,0.820
51000,0.140,0.024,0.837
51500,0.152,0.035,0.812
52000,0.162,0.025,0.813
52500,0.152,0.022,0.826
53000,0.170,0.024,0.807
53500,0.166,0.018,0.817
54000,0.182,0.011,0.806
54500,0.179,0.018,0.803
55000,0.173,0.022,0.804
55500,0.162,0.025,0.813
56000,0.159,0.030,0.811
56500,0.178,0.025,0.797
57000,0.182,0.022,0.796
57500,0.169,0.022,0.808
58000,0.177,0.035,0.788
58500,0.163,0.033,0.804
59000,0.158,0.025,0.818
59500,0.160,0.024,0.817
60000,0.168,0.015,0.818
60500,0.162,0.018,0.820
61000,0.156,0.017,0.828
61500,0.156,0.028,0.816
62000,0.155,0.033,0.812
62500,0.157,0.029,0.814
63000,0.154,0.040,0.806
63500,0.157,0.041,0.803
64000,0.135,0.046,0.819
64500,0.139,0.036,0.825
65000,0.152,0.038,0.809
65500,0.159,0.031,0.810
66000,0.154,0.023,0.823
66500,0.145,0.022,0.833
67000,0.163,0.019,0.819
67500,0.155,0.017,0.828
68000,0.173,0.030,0.797
68500,0.164,0.031,0.805
69000,0.159,0.019,0.822
69500,0.145,0.030,0.824
70000,0.138,0.021,0.841
70500,0.151,0.025,0.825
71000,0.161,0.022,0.817
71500,0.172,0.024,0.804
72000,0.161,0.025,0.814
72500,0.158,0.040,0.803
73000,0.154,0.034,0.811
73500,0.159,0.034,0.808
74000,0.152,0.028,0.820
74500,0.150,0.013,0.837
75000,0.152,0.026,0.821
75500,0.176,0.017,0.808
76000,0.179,0.013,0.807
76500,0.157,0.018,0.825
77000,0.160,0.034,0.806
77500,0.163,0.020,0.818
78000,0.165,0.018,0.818
78500,0.181,0.032,0.787
79000,0.172,0.019,0.808
79500,0.158,0.024,0.818
80000,0.153,0.014,0.833
80500,0.172,0.018,0.811
81000,0.176,0.021,0.803
81500,0.155,0.017,0.829
82000,0.150,0.021,0.829
82500,0.145,0.032,0.823
83000,0.158,0.033,0.809
83500,0.154,0.025,0.821
84000,0.142,0.020,0.838
84500,0.158,0.030,0.812
85000,0.146,0.030,0.824
85500,0.130,0.030,0.840
86000,0.135,0.036,0.829
86500,0.169,0.025,0.806
87000,0.169,0.024,0.807
87500,0.152,0.016,0.832
88000,0.154,0.019,0.827
88500,0.165,0.026,0.808
89000,0.170,0.025,0.804
89500,0.172,0.022,0.805
90000,0.180,0.023,0.796
90500,0.176,0.026,0.798
91000,0.162,0.021,0.817
91500,0.153,0.019,0.828
92000,0.151,0.025,0.824
92500,0.174,0.032,0.794
93000,0.163,0.018,0.819
93500,0.155,0.021,0.824
94000,0.155,0.025,0.820
94500,0.154,0.029,0.817
95000,0.157,0.029,0.815
95500,0.159,0.022,0.819
96000,0.169,0.022,0.809
96500,0.178,0.018,0.805
97000,0.168,0.025,0.806
97500,0.159,0.025,0.817
98000,0.158,0.024,0.819
98500,0.165,0.028,0.807
99000,0.161,0.025,0.814
99500,0.158,0.028,0.814
100000,0.162,0.021,0.818
100500,0.154,0.025,0.821
101000,0.144,0.024,0.832
101500,0.138,0.017,0.846
102000,0.145,0.020,0.835
102500,0.151,0.019,0.830
103000,0.153,0.019,0.828
103500,0.143,0.032,0.826
104000,0.149,0.041,0.810
104500,0.151,0.041,0.808
105000,0.161,0.037,0.802
105500,0.144,0.027,0.829
106000,0.132,0.043,0.826
106500,0.137,0.029,0.834
107000,0.154,0.028,0.818
107500,0.155,0.035,0.809
108000,0.155,0.024,0.821
108500,0.157,0.032,0.812
109000,0.148,0.024,0.828
109500,0.138,0.025,0.837
110000,0.151,0.025,0.824
110500,0.160,0.025,0.816
111000,0.157,0.028,0.816
111500,0.168,0.037,0.795
112000,0.146,0.026,0.828
112500,0.155,0.029,0.815
113000,0.162,0.028,0.811
113500,0.150,0.019,0.831
114000,0.157,0.017,0.827
114500,0.152,0.025,0.822
115000,0.159,0.018,0.823
115500,0.176,0.014,0.809
116000,0.165,0.018,0.817
116500,0.141,0.021,0.839
117000,0.149,0.019,0.832
117500,0.170,0.018,0.812
118000,0.162,0.011,0.827
118500,0.165,0.024,0.811
119000,0.170,0.018,0.812
119500,0.169,0.025,0.805
120000,0.179,0.018,0.803
120500,0.179,0.018,0.802
121000,0.181,0.014,0.805
121500,0.166,0.016,0.819
122000,0.168,0.028,0.804
122500,0.155,0.023,0.822
123000,0.172,0.021,0.808
123500,0.177,0.014,0.809
124000,0.179,0.025,0.795
124500,0.166,0.028,0.806
125000,0.163,0.026,0.811
125500,0.146,0.024,0.831
126000,0.166,0.026,0.808
126500,0.163,0.020,0.818
127000,0.157,0.015,0.828
127500,0.154,0.018,0.828
128000,0.172,0.019,0.809
128500,0.176,0.019,0.804
129000,0.173,0.018,0.809
129500,0.149,0.019,0.831
130000,0.153,0.024,0.823
130500,0.165,0.022,0.813
131000,0.157,0.025,0.819
131500,0.150,0.017,0.834
132000,0.145,0.019,0.836
132500,0.154,0.034,0.812
133000,0.158,0.024,0.818
133500,0.147,0.022,0.831
134000,0.159,0.021,0.821
134500,0.158,0.021,0.822
135000,0.153,0.030,0.817
135500,0.146,0.036,0.817
136000,0.149,0.029,0.821
136500,0.148,0.022,0.830
137000,0.148,0.015,0.837
137500,0.169,0.018,0.814
138000,0.178,0.024,0.799
138500,0.168,0.020,0.812
139000,0.167,0.018,0.815
139500,0.159,0.021,0.821
140000,0.156,0.018,0.826
140500,0.150,0.025,0.824
141000,0.153,0.022,0.824
141500,0.145,0.018,0.837
142000,0.147,0.027,0.826
142500,0.142,0.017,0.841
143000,0.149,0.028,0.824
143500,0.144,0.027,0.829
144000,0.145,0.030,0.825
144500,0.149,0.030,0.821
145000,0.136,0.033,0.832
145500,0.130,0.044,0.826
146000,0.138,0.045,0.817
146500,0.128,0.037,0.835
147000,0.156,0.032,0.812
147500,0.153,0.037,0.809
148000,0.148,0.048,0.803
148500,0.157,0.036,0.807
149000,0.161,0.028,0.812
149500,0.158,0.023,0.819
150000,0.151,0.025,0.824
150500,0.148,0.021,0.832
151000,0.160,0.034,0.806
151500,0.146,0.028,0.826
152000,0.146,0.025,0.829
152500,0.155,0.033,0.811
153000,0.146,0.037,0.817
153500,0.159,0.026,0.816
154000,0.151,0.029,0.819
154500,0.145,0.033,0.822
155000,0.137,0.030,0.833
155500,0.145,0.024,0.831
156000,0.150,0.015,0.834
156500,0.156,0.028,0.816
157000,0.170,0.020,0.810
157500,0.158,0.024,0.819
158000,0.149,0.021,0.830
158500,0.155,0.025,0.820
159000,0.144,0.027,0.829
159500,0.157,0.020,0.824
160000,0.167,0.031,0.802
160500,0.175,0.028,0.797
161000,0.164,0.021,0.816
161500,0.155,0.026,0.819
162000,0.172,0.032,0.796
162500,0.159,0.025,0.816
163000,0.171,0.018,0.811
163500,0.158,0.022,0.820
164000,0.158,0.024,0.819
164500,0.167,0.030,0.803
165000,0.164,0.028,0.808
165500,0.169,0.026,0.804
166000,0.178,0.026,0.795
166500,0.173,0.030,0.796
167000,0.180,0.029,0.791
167500,0.176,0.031,0.792
168000,0.159,0.025,0.817
168500,0.153,0.017,0.831
169000,0.151,0.018,0.830
169500,0.161,0.024,0.815
170000,0.143,0.026,0.831
170500,0.143,0.035,0.821
171000,0.149,0.030,0.821
171500,0.143,0.028,0.829
172000,0.165,0.028,0.807
172500,0.163,0.019,0.819
173000,0.164,0.013,0.823
173500,0.144,0.017,0.839
174000,0.138,0.026,0.837
174500,0.134,0.036,0.831
175000,0.129,0.034,0.838
175500,0.155,0.040,0.805
176000,0.156,0.028,0.816
176500,0.145,0.025,0.829
177000,0.151,0.030,0.819
177500,0.162,0.023,0.815
178000,0.147,0.029,0.824
178500,0.141,0.025,0.835
179000,0.153,0.030,0.817
179500,0.139,0.025,0.837
180000,0.148,0.024,0.828
180500,0.161,0.021,0.818
181000,0.158,0.021,0.821
181500,0.161,0.017,0.823
182000,0.149,0.017,0.834
182500,0.157,0.019,0.824
183000,0.154,0.024,0.823
183500,0.141,0.027,0.832
184000,0.163,0.024,0.814
184500,0.163,0.026,0.810
185000,0.168,0.025,0.806
185500,0.173,0.026,0.801
186000,0.180,0.020,0.799
186500,0.173,0.025,0.802
187000,0.174,0.020,0.806
187500,0.166,0.018,0.816
188000,0.173,0.021,0.806
188500,0.167,0.026,0.807
189000,0.162,0.027,0.811
189500,0.154,0.023,0.823
190000,0.152,0.023,0.825
190500,0.160,0.016,0.825
191000,0.166,0.025,0.810
191500,0.157,0.027,0.816
192000,0.150,0.027,0.823
192500,0.153,0.024,0.823
193000,0.157,0.015,0.828
193500,0.164,0.022,0.814
194000,0.148,0.026,0.826
194500,0.164,0.018,0.819
195000,0.147,0.025,0.828
195500,0.155,0.041,0.803
196000,0.149,0.037,0.813
196500,0.152,0.037,0.810
197000,0.166,0.029,0.805
197500,0.167,0.025,0.808
198000,0.150,0.035,0.814
198500,0.141,0.028,0.832
199000,0.143,0.022,0.835
199500,0.150,0.029,0.822
200000,0.157,0.018,0.826
200500,0.157,0.015,0.828
201000,0.154,0.021,0.825
201500,0.170,0.021,0.809
202000,0.166,0.015,0.820
202500,0.149,0.033,0.819
203000,0.150,0.029,0.820
203500,0.155,0.024,0.821
204000,0.157,0.029,0.814
204500,0.165,0.018,0.818
205000,0.158,0.013,0.829
205500,0.179,0.024,0.797
206000,0.172,0.021,0.806
206500,0.147,0.031,0.822
207000,0.148,0.033,0.820
207500,0.155,0.026,0.819
208000,0.170,0.025,0.805
208500,0.171,0.015,0.815
209000,0.183,0.011,0.806
209500,0.184,0.022,0.794
210000,0.171,0.024,0.806
210500,0.172,0.025,0.803
211000,0.183,0.023,0.794
211500,0.167,0.017,0.817
212000,0.151,0.019,0.829
212500,0.161,0.025,0.814
213000,0.164,0.029,0.806
213500,0.157,0.018,0.826
214000,0.153,0.016,0.831
214500,0.163,0.010,0.828
215000,0.176,0.014,0.809
215500,0.189,0.025,0.786
216000,0.172,0.029,0.799
216500,0.175,0.019,0.805
217000,0.186,0.028,0.786
217500,0.168,0.025,0.807
218000,0.156,0.025,0.819
218500,0.144,0.020,0.836
219000,0.133,0.034,0.833
219500,0.141,0.026,0.833
220000,0.150,0.030,0.820
220500,0.143,0.038,0.819
221000,0.131,0.041,0.828
221500,0.147,0.029,0.824
222000,0.143,0.031,0.826
222500,0.150,0.029,0.821
223000,0.155,0.029,0.816
223500,0.137,0.035,0.829
224000,0.132,0.032,0.837
224500,0.141,0.036,0.823
225000,0.143,0.036,0.821
225500,0.133,0.017,0.850
226000,0.154,0.018,0.828
226500,0.155,0.029,0.815
227000,0.162,0.024,0.814
227500,0.155,0.019,0.826
228000,0.160,0.018,0.823
228500,0.160,0.029,0.811
229000,0.146,0.024,0.830
229500,0.155,0.018,0.827
230000,0.150,0.011,0.839
230500,0.161,0.020,0.820
231000,0.173,0.017,0.810
231500,0.176,0.026,0.797
232000,0.161,0.034,0.805
232500,0.150,0.018,0.832
233000,0.150,0.022,0.828
233500,0.145,0.029,0.826
234000,0.135,0.026,0.839
234500,0.152,0.041,0.807
235000,0.152,0.038,0.809
235500,0.151,0.033,0.816
236000,0.161,0.022,0.817
236500,0.157,0.025,0.818
237000,0.160,0.024,0.817
237500,0.152,0.015,0.832
238000,0.154,0.035,0.811
238500,0.149,0.034,0.817
239000,0.141,0.045,0.814
239500,0.138,0.031,0.832
240000,0.146,0.024,0.831
240500,0.141,0.021,0.838
241000,0.146,0.026,0.828
241500,0.147,0.024,0.829
242000,0.141,0.032,0.827
242500,0.137,0.024,0.839
243000,0.146,0.045,0.808
243500,0.132,0.040,0.829
244000,0.145,0.032,0.823
244500,0.147,0.029,0.824
245000,0.155,0.035,0.809
245500,0.156,0.032,0.812
246000,0.164,0.044,0.792
246500,0.153,0.029,0.818
247000,0.150,0.021,0.829
247500,0.165,0.024,0.812
248000,0.173,0.020,0.807
248500,0.170,0.022,0.808
249000,0.160,0.041,0.799
249500,0.156,0.025,0.820
250000,0.144,0.024,0.832
250500,0.137,0.029,0.835
251000,0.140,0.022,0.838
251500,0.149,0.030,0.821
252000,0.141,0.023,0.836
252500,0.137,0.022,0.841
253000,0.149,0.026,0.825
253500,0.161,0.041,0.798
254000,0.157,0.030,0.814
254500,0.162,0.032,0.806
255000,0.162,0.023,0.815
255500,0.175,0.015,0.809
256000,0.173,0.009,0.817
256500,0.175,0.011,0.813
257000,0.169,0.013,0.819
257500,0.168,0.011,0.821
258000,0.158,0.021,0.822
258500,0.166,0.029,0.805
259000,0.150,0.038,0.812
259500,0.150,0.029,0.822
260000,0.151,0.046,0.802
260500,0.144,0.041,0.815
261000,0.146,0.035,0.820
261500,0.144,0.040,0.816
262000,0.128,0.037,0.835
262500,0.128,0.041,0.832
263000,0.145,0.035,0.820
263500,0.141,0.030,0.828
264000,0.149,0.024,0.827
264500,0.150,0.029,0.820
265000,0.138,0.033,0.829
265500,0.132,0.034,0.834
266000,0.137,0.041,0.823
266500,0.150,0.046,0.804
267000,0.149,0.040,0.811
267500,0.150,0.028,0.822
268000,0.138,0.023,0.840
268500,0.145,0.022,0.833
269000,0.141,0.035,0.824
269500,0.147,0.030,0.822
270000,0.166,0.035,0.800
270500,0.153,0.029,0.818
271000,0.163,0.036,0.801
271500,0.172,0.020,0.807
272000,0.162,0.026,0.811
272500,0.149,0.033,0.818
273000,0.163,0.028,0.809
273500,0.154,0.026,0.820
274000,0.146,0.017,0.837
274500,0.149,0.035,0.817
275000,0.151,0.028,0.821
275500,0.155,0.025,0.820
276000,0.132,0.028,0.841
276500,0.158,0.017,0.826
277000,0.157,0.013,0.830
277500,0.170,0.017,0.814
278000,0.167,0.019,0.814
278500,0.158,0.018,0.824
279000,0.173,0.030,0.796
279500,0.157,0.034,0.809
280000,0.146,0.028,0.826
280500,0.146,0.028,0.826
281000,0.135,0.033,0.832
281500,0.134,0.042,0.825
282000,0.141,0.036,0.823
282500,0.129,0.028,0.843
283000,0.138,0.048,0.815
283500,0.151,0.035,0.813
284000,0.154,0.025,0.822
284500,0.155,0.022,0.822
285000,0.168,0.018,0.815
285500,0.165,0.011,0.825
286000,0.165,0.025,0.810
286500,0.164,0.025,0.811
287000,0.154,0.018,0.829
287500,0.172,0.017,0.812
288000,0.168,0.018,0.814
288500,0.170,0.024,0.806
289000,0.157,0.022,0.822
289500,0.160,0.017,0.824
290000,0.168,0.018,0.814
290500,0.181,0.018,0.801
291000,0.164,0.011,0.826
291500,0.149,0.029,0.823
292000,0.146,0.026,0.828
292500,0.150,0.028,0.822
293000,0.139,0.034,0.827
293500,0.157,0.029,0.814
294000,0.149,0.032,0.819
294500,0.159,0.033,0.808
295000,0.145,0.029,0.826
295500,0.137,0.038,0.825
296000,0.135,0.040,0.826
296500,0.159,0.030,0.810
297000,0.159,0.023,0.819
297500,0.153,0.021,0.826
298000,0.146,0.024,0.831
298500,0.142,0.043,0.815
299000,0.152,0.032,0.817
299500,0.155,0.026,0.818
300000,0.162,0.027,0.811
300500,0.155,0.026,0.819
301000,0.162,0.024,0.815
301500,0.163,0.021,0.816
302000,0.171,0.032,0.797
302500,0.174,0.043,0.783
303000,0.184,0.024,0.792
303500,0.191,0.022,0.787
304000,0.177,0.030,0.792
304500,0.159,0.025,0.816
305000,0.163,0.021,0.817
305500,0.163,0.020,0.817
306000,0.158,0.028,0.815
306500,0.157,0.025,0.819
307000,0.163,0.021,0.817
307500,0.166,0.020,0.815
308000,0.175,0.019,0.805
308500,0.173,0.018,0.809
309000,0.171,0.018,0.811
309500,0.166,0.018,0.817
310000,0.150,0.024,0.826
310500,0.152,0.030,0.817
311000,0.166,0.028,0.806
311500,0.165,0.025,0.811
312000,0.159,0.030,0.811
312500,0.151,0.035,0.815
313000,0.142,0.029,0.830
313500,0.138,0.027,0.836
314000,0.150,0.032,0.819
314500,0.140,0.026,0.835
315000,0.124,0.028,0.849
315500,0.139,0.026,0.835
316000,0.148,0.022,0.829
316500,0.139,0.015,0.846
317000,0.156,0.016,0.828
317500,0.158,0.020,0.823
318000,0.154,0.023,0.823
318500,0.145,0.024,0.831
319000,0.169,0.030,0.800
319500,0.155,0.024,0.822
320000,0.145,0.035,0.820
320500,0.156,0.038,0.806
321000,0.165,0.026,0.809
321500,0.151,0.021,0.829
322000,0.161,0.027,0.812
322500,0.152,0.024,0.824
323000,0.148,0.028,0.825
323500,0.142,0.030,0.828
324000,0.148,0.025,0.826
324500,0.155,0.022,0.823
325000,0.172,0.023,0.805
325500,0.167,0.025,0.808
326000,0.164,0.024,0.813
326500,0.155,0.026,0.819
327000,0.164,0.029,0.807
327500,0.161,0.024,0.816
328000,0.157,0.029,0.815
328500,0.158,0.024,0.819
329000,0.158,0.034,0.809
329500,0.153,0.028,0.819
330000,0.167,0.028,0.805
330500,0.150,0.026,0.823
331000,0.156,0.019,0.825
331500,0.161,0.021,0.819
332000,0.164,0.017,0.820
332500,0.154,0.019,0.826
333000,0.152,0.020,0.828
333500,0.151,0.020,0.829
334000,0.163,0.019,0.818
334500,0.160,0.014,0.826
335000,0.154,0.025,0.821
335500,0.152,0.039,0.808
336000,0.153,0.028,0.819
336500,0.170,0.029,0.800
337000,0.190,0.016,0.794
337500,0.183,0.032,0.785
338000,0.207,0.020,0.773
338500,0.186,0.018,0.796
339000,0.184,0.028,0.788
339500,0.182,0.035,0.783
340000,0.180,0.025,0.795
340500,0.172,0.036,0.791
341000,0.157,0.035,0.808
341500,0.141,0.043,0.816
342000,0.131,0.022,0.847
342500,0.134,0.029,0.838
343000,0.137,0.032,0.831
343500,0.151,0.030,0.819
344000,0.161,0.019,0.821
344500,0.172,0.018,0.810
345000,0.153,0.022,0.824
345500,0.152,0.019,0.828
346000,0.152,0.024,0.824
346500,0.143,0.026,0.831
347000,0.152,0.021,0.827
347500,0.159,0.021,0.821
348000,0.171,0.021,0.808
348500,0.158,0.018,0.824
349000,0.162,0.019,0.819
349500,0.158,0.017,0.826
350000,0.148,0.030,0.822
350500,0.162,0.025,0.814
351000,0.165,0.030,0.804
351500,0.161,0.027,0.812
352000,0.168,0.021,0.811
352500,0.172,0.022,0.805
353000,0.174,0.021,0.805
353500,0.169,0.023,0.808
354000,0.157,0.021,0.822
354500,0.175,0.018,0.807
355000,0.169,0.029,0.802
355500,0.180,0.028,0.792
356000,0.168,0.025,0.806
356500,0.174,0.024,0.802
357000,0.171,0.022,0.807
357500,0.165,0.025,0.811
358000,0.177,0.022,0.801
358500,0.163,0.016,0.822
359000,0.148,0.029,0.823
359500,0.133,0.028,0.840
360000,0.132,0.022,0.846
360500,0.141,0.025,0.834
361000,0.152,0.021,0.827
361500,0.151,0.028,0.821
362000,0.149,0.026,0.825
362500,0.165,0.024,0.812
363000,0.160,0.029,0.811
363500,0.161,0.026,0.813
364000,0.166,0.028,0.806
364500,0.153,0.025,0.822
365000,0.142,0.030,0.828
365500,0.149,0.026,0.825
366000,0.150,0.024,0.826
366500,0.146,0.028,0.826
367000,0.146,0.015,0.840
367500,0.156,0.009,0.835
368000,0.150,0.022,0.828
368500,0.152,0.029,0.819
369000,0.145,0.030,0.825
369500,0.160,0.031,0.809
370000,0.150,0.035,0.814
370500,0.152,0.030,0.818
371000,0.159,0.043,0.798
371500,0.161,0.033,0.806
372000,0.166,0.032,0.802
372500,0.165,0.025,0.809
373000,0.166,0.037,0.797
373500,0.172,0.038,0.790
374000,0.167,0.018,0.816
374500,0.167,0.015,0.818
375000,0.154,0.032,0.814
375500,0.152,0.028,0.820
376000,0.168,0.017,0.815
376500,0.155,0.017,0.828
377000,0.154,0.014,0.832
377500,0.168,0.021,0.811
378000,0.154,0.015,0.831
378500,0.163,0.022,0.815
379000,0.153,0.030,0.816
379500,0.146,0.036,0.817
380000,0.158,0.033,0.809
380500,0.142,0.027,0.831
381000,0.156,0.031,0.813
381500,0.163,0.029,0.809
382000,0.157,0.024,0.820
382500,0.170,0.019,0.810
383000,0.161,0.026,0.812
383500,0.157,0.030,0.812
384000,0.153,0.030,0.816
384500,0.163,0.029,0.809
385000,0.164,0.017,0.820
385500,0.164,0.013,0.824
386000,0.150,0.022,0.828
386500,0.163,0.018,0.820
387000,0.180,0.016,0.803
387500,0.154,0.017,0.829
388000,0.160,0.014,0.827
388500,0.158,0.017,0.826
389000,0.146,0.018,0.836
389500,0.163,0.022,0.815
390000,0.168,0.021,0.811
390500,0.149,0.019,0.832
391000,0.144,0.029,0.827
391500,0.158,0.022,0.820
392000,0.160,0.025,0.815
392500,0.158,0.030,0.812
393000,0.151,0.038,0.810
393500,0.167,0.024,0.810
394000,0.158,0.020,0.823
394500,0.145,0.026,0.829
395000,0.141,0.023,0.836
395500,0.139,0.034,0.827
396000,0.153,0.028,0.819
396500,0.162,0.029,0.810
397000,0.154,0.029,0.818
397500,0.147,0.031,0.822
398000,0.149,0.025,0.825
398500,0.162,0.026,0.812
399000,0.161,0.018,0.821
399500,0.160,0.018,0.822
400000,0.143,0.019,0.838
400500,0.159,0.018,0.824
401000,0.161,0.013,0.826
401500,0.168,0.016,0.817
402000,0.170,0.025,0.805
402500,0.158,0.015,0.827
403000,0.143,0.029,0.828
403500,0.146,0.025,0.829
404000,0.154,0.021,0.824
404500,0.154,0.027,0.819
405000,0.154,0.019,0.826
405500,0.149,0.014,0.837
406000,0.139,0.026,0.835
406500,0.138,0.025,0.838
407000,0.144,0.029,0.826
407500,0.135,0.036,0.829
408000,0.138,0.029,0.833
408500,0.141,0.032,0.827
409000,0.136,0.028,0.836
409500,0.147,0.028,0.825
410000,0.148,0.030,0.821
410500,0.143,0.022,0.835
411000,0.143,0.031,0.826
411500,0.138,0.033,0.830
412000,0.154,0.030,0.816
412500,0.152,0.029,0.820
413000,0.150,0.022,0.828
413500,0.161,0.024,0.815
414000,0.171,0.017,0.813
414500,0.162,0.021,0.818
415000,0.170,0.020,0.810
415500,0.159,0.018,0.823
416000,0.164,0.018,0.819
416500,0.146,0.025,0.829
417000,0.133,0.025,0.842
417500,0.150,0.018,0.832
418000,0.146,0.015,0.839
418500,0.153,0.011,0.837
419000,0.155,0.013,0.832
419500,0.157,0.020,0.823
420000,0.154,0.026,0.820
420500,0.164,0.028,0.808
421000,0.162,0.028,0.810
421500,0.146,0.030,0.824
422000,0.163,0.029,0.809
422500,0.165,0.030,0.805
423000,0.154,0.027,0.819
423500,0.159,0.021,0.821
424000,0.174,0.017,0.808
424500,0.161,0.025,0.814
425000,0.161,0.024,0.815
425500,0.165,0.030,0.805
426000,0.143,0.025,0.833
426500,0.155,0.019,0.826
427000,0.156,0.024,0.821
427500,0.171,0.024,0.805
428000,0.160,0.021,0.820
428500,0.155,0.041,0.804
429000,0.148,0.052,0.799
429500,0.146,0.046,0.807
430000,0.157,0.033,0.810
430500,0.159,0.022,0.820
431000,0.155,0.029,0.816
431500,0.157,0.032,0.812
432000,0.159,0.025,0.816
432500,0.151,0.023,0.826
433000,0.142,0.032,0.826
433500,0.130,0.025,0.846
434000,0.137,0.018,0.846
434500,0.150,0.018,0.832
435000,0.150,0.020,0.830
435500,0.141,0.024,0.836
436000,0.132,0.026,0.842
436500,0.139,0.022,0.839
437000,0.159,0.032,0.810
437500,0.178,0.026,0.795
438000,0.164,0.021,0.815
438500,0.172,0.022,0.806
439000,0.174,0.034,0.792
439500,0.160,0.034,0.807
440000,0.156,0.032,0.812
440500,0.167,0.021,0.812
441000,0.152,0.030,0.817
441500,0.150,0.017,0.833
442000,0.144,0.013,0.843
442500,0.159,0.021,0.820
443000,0.155,0.031,0.814
443500,0.160,0.021,0.819
444000,0.160,0.037,0.803
444500,0.145,0.025,0.830
445000,0.151,0.029,0.820
445500,0.146,0.021,0.833
446000,0.146,0.025,0.829
446500,0.147,0.015,0.837
447000,0.172,0.019,0.808
447500,0.166,0.023,0.811
448000,0.163,0.026,0.810
448500,0.179,0.030,0.790
449000,0.163,0.022,0.815
449500,0.165,0.030,0.805
450000,0.158,0.031,0.811
450500,0.175,0.024,0.801
451000,0.159,0.032,0.809
451500,0.165,0.025,0.810
452000,0.152,0.026,0.822
452500,0.157,0.019,0.824
453000,0.163,0.021,0.816
453500,0.168,0.029,0.803
454000,0.171,0.022,0.807
454500,0.178,0.011,0.811
455000,0.168,0.009,0.823
455500,0.186,0.014,0.799
456000,0.178,0.020,0.801
456500,0.159,0.018,0.823
457000,0.144,0.021,0.835
457500,0.136,0.024,0.841
458000,0.156,0.018,0.827
458500,0.159,0.025,0.817
459000,0.145,0.030,0.825
459500,0.148,0.043,0.808
460000,0.153,0.036,0.810
460500,0.160,0.028,0.812
461000,0.145,0.029,0.826
461500,0.152,0.025,0.824
462000,0.151,0.021,0.828
462500,0.167,0.024,0.809
463000,0.160,0.027,0.813
463500,0.162,0.030,0.807
464000,0.162,0.028,0.810
464500,0.152,0.025,0.823
465000,0.154,0.030,0.816
465500,0.159,0.027,0.815
466000,0.153,0.021,0.826
466500,0.152,0.025,0.824
467000,0.145,0.021,0.834
467500,0.157,0.024,0.820
468000,0.155,0.023,0.822
468500,0.148,0.029,0.823
469000,0.158,0.034,0.809
469500,0.179,0.033,0.788
470000,0.182,0.028,0.791
470500,0.171,0.029,0.800
471000,0.154,0.025,0.822
471500,0.144,0.018,0.838
472000,0.160,0.026,0.815
472500,0.139,0.026,0.835
473000,0.149,0.023,0.828
473500,0.146,0.026,0.827
474000,0.148,0.025,0.827
474500,0.158,0.032,0.810
475000,0.155,0.025,0.821
475500,0.155,0.017,0.828
476000,0.147,0.017,0.837
476500,0.137,0.038,0.825
477000,0.148,0.040,0.812
477500,0.146,0.032,0.822
478000,0.126,0.038,0.836
478500,0.138,0.035,0.828
479000,0.156,0.024,0.821
479500,0.150,0.028,0.822
480000,0.153,0.024,0.823
480500,0.153,0.018,0.828
481000,0.132,0.024,0.845
481500,0.137,0.033,0.831
482000,0.154,0.034,0.812
482500,0.167,0.025,0.808
483000,0.159,0.028,0.814
483500,0.160,0.037,0.803
484000,0.147,0.039,0.814
484500,0.146,0.042,0.812
485000,0.144,0.040,0.817
485500,0.143,0.030,0.827
486000,0.149,0.034,0.818
486500,0.146,0.029,0.824
487000,0.147,0.018,0.835
487500,0.147,0.025,0.827
488000,0.162,0.018,0.820
488500,0.168,0.028,0.804
489000,0.150,0.025,0.825
489500,0.164,0.025,0.811
490000,0.168,0.019,0.813
490500,0.168,0.015,0.818
491000,0.161,0.016,0.824
491500,0.151,0.019,0.830
492000,0.161,0.028,0.812
492500,0.147,0.022,0.831
493000,0.154,0.025,0.821
493500,0.150,0.031,0.819
494000,0.149,0.035,0.816
494500,0.155,0.021,0.823
495000,0.161,0.015,0.825
495500,0.163,0.018,0.819
496000,0.159,0.020,0.822
496500,0.158,0.020,0.823
497000,0.162,0.025,0.812
497500,0.166,0.025,0.808
498000,0.156,0.024,0.820
498500,0.151,0.038,0.810
499000,0.159,0.033,0.809
499500,0.140,0.034,0.827
500000,0.135,0.030,0.835
500500,0.148,0.026,0.826
501000,0.150,0.025,0.825
501500,0.165,0.034,0.802
502000,0.138,0.035,0.828
502500,0.149,0.034,0.817
503000,0.148,0.026,0.826
503500,0.143,0.026,0.831
504000,0.144,0.030,0.826
504500,0.152,0.024,0.824
505000,0.151,0.020,0.829
505500,0.163,0.019,0.818
506000,0.166,0.015,0.820
506500,0.168,0.021,0.811
507000,0.153,0.024,0.823
507500,0.165,0.024,0.811
508000,0.161,0.021,0.819
508500,0.176,0.027,0.796
509000,0.174,0.024,0.802
509500,0.169,0.022,0.809
510000,0.160,0.033,0.808
510500,0.165,0.029,0.806
511000,0.159,0.035,0.806
511500,0.131,0.029,0.840
512000,0.135,0.029,0.836
512500,0.141,0.032,0.828
513000,0.155,0.037,0.807
513500,0.149,0.032,0.819
514000,0.156,0.035,0.809
514500,0.152,0.025,0.823
515000,0.143,0.021,0.836
515500,0.157,0.015,0.828
516000,0.143,0.018,0.839
516500,0.152,0.029,0.819
517000,0.141,0.026,0.833
517500,0.159,0.030,0.811
518000,0.159,0.032,0.809
518500,0.163,0.026,0.811
519000,0.178,0.018,0.803
519500,0.166,0.018,0.817
520000,0.167,0.032,0.801
520500,0.146,0.028,0.826
521000,0.157,0.032,0.811
521500,0.151,0.031,0.818
522000,0.159,0.023,0.819
522500,0.166,0.015,0.819
523000,0.170,0.024,0.806
523500,0.176,0.015,0.809
524000,0.171,0.022,0.807
524500,0.168,0.021,0.811
525000,0.164,0.019,0.817
525500,0.149,0.022,0.829
526000,0.140,0.018,0.843
526500,0.147,0.024,0.830
527000,0.137,0.026,0.837
527500,0.166,0.020,0.814
528000,0.160,0.015,0.826
528500,0.145,0.015,0.841
529000,0.150,0.017,0.833
529500,0.148,0.015,0.838
530000,0.145,0.032,0.824
530500,0.156,0.030,0.814
531000,0.151,0.026,0.823
531500,0.143,0.022,0.835
532000,0.138,0.025,0.838
532500,0.145,0.025,0.830
533000,0.138,0.021,0.842
533500,0.146,0.016,0.838
534000,0.161,0.015,0.825
534500,0.155,0.028,0.817
535000,0.141,0.030,0.829
535500,0.149,0.025,0.826
536000,0.141,0.036,0.823
536500,0.148,0.018,0.833
537000,0.170,0.021,0.808
537500,0.180,0.025,0.795
538000,0.182,0.016,0.802
538500,0.172,0.017,0.811
539000,0.171,0.009,0.820
539500,0.150,0.020,0.830
540000,0.155,0.015,0.830
540500,0.149,0.028,0.823
541000,0.168,0.027,0.805
541500,0.160,0.027,0.813
542000,0.150,0.030,0.819
542500,0.154,0.019,0.827
543000,0.155,0.015,0.829
543500,0.161,0.019,0.821
544000,0.166,0.021,0.814
544500,0.148,0.019,0.833
545000,0.155,0.020,0.825
545500,0.145,0.020,0.835
546000,0.150,0.021,0.829
546500,0.144,0.033,0.823
547000,0.139,0.033,0.829
547500,0.143,0.029,0.827
548000,0.135,0.029,0.836
548500,0.149,0.029,0.822
549000,0.170,0.042,0.788
549500,0.162,0.028,0.810
550000,0.155,0.029,0.816
550500,0.146,0.027,0.827
551000,0.140,0.024,0.836
551500,0.136,0.028,0.837
552000,0.158,0.028,0.815
552500,0.156,0.032,0.812
553000,0.148,0.027,0.825
553500,0.147,0.026,0.826
554000,0.156,0.021,0.823
554500,0.165,0.031,0.804
555000,0.159,0.021,0.821
555500,0.151,0.028,0.821
556000,0.157,0.036,0.807
556500,0.152,0.027,0.821
557000,0.152,0.016,0.832
557500,0.160,0.021,0.820
558000,0.164,0.018,0.819
558500,0.167,0.015,0.819
559000,0.170,0.017,0.813
559500,0.171,0.024,0.805
560000,0.163,0.029,0.808
560500,0.165,0.028,0.808
561000,0.153,0.025,0.822
561500,0.150,0.030,0.820
562000,0.156,0.025,0.820
562500,0.149,0.038,0.812
563000,0.155,0.045,0.799
563500,0.154,0.032,0.814
564000,0.149,0.037,0.814
564500,0.131,0.035,0.834
565000,0.130,0.032,0.839
565500,0.131,0.026,0.843
566000,0.137,0.029,0.834
566500,0.133,0.026,0.841
567000,0.156,0.024,0.821
567500,0.150,0.038,0.811
568000,0.147,0.026,0.827
568500,0.159,0.031,0.810
569000,0.159,0.028,0.814
569500,0.177,0.018,0.804
570000,0.165,0.031,0.804
570500,0.159,0.027,0.814
571000,0.148,0.040,0.811
571500,0.159,0.035,0.806
572000,0.148,0.028,0.824
572500,0.135,0.029,0.836
573000,0.134,0.029,0.838
573500,0.130,0.025,0.846
574000,0.132,0.028,0.841
574500,0.154,0.024,0.822
575000,0.149,0.024,0.827
575500,0.155,0.021,0.824
576000,0.157,0.018,0.826
576500,0.166,0.022,0.811
577000,0.173,0.021,0.805
577500,0.150,0.027,0.823
578000,0.154,0.031,0.815
578500,0.148,0.027,0.825
579000,0.149,0.029,0.821
579500,0.146,0.028,0.826
580000,0.157,0.025,0.819
580500,0.164,0.031,0.805
581000,0.161,0.027,0.812
581500,0.164,0.030,0.806
582000,0.158,0.025,0.818
582500,0.150,0.027,0.823
583000,0.171,0.035,0.794
583500,0.163,0.020,0.818
584000,0.160,0.028,0.812
584500,0.163,0.025,0.811
585000,0.160,0.021,0.820
585500,0.158,0.013,0.829
586000,0.162,0.029,0.809
586500,0.148,0.025,0.827
587000,0.162,0.028,0.810
587500,0.150,0.020,0.830
588000,0.163,0.019,0.818
588500,0.163,0.022,0.816
589000,0.164,0.032,0.804
589500,0.174,0.035,0.791
590000,0.184,0.033,0.782
590500,0.183,0.019,0.797
591000,0.171,0.026,0.803
591500,0.169,0.029,0.802
592000,0.163,0.021,0.816
592500,0.165,0.029,0.806
593000,0.157,0.024,0.819
593500,0.152,0.029,0.819
594000,0.150,0.042,0.808
594500,0.145,0.036,0.819
595000,0.148,0.029,0.823
595500,0.162,0.034,0.804
596000,0.164,0.028,0.808
596500,0.169,0.029,0.802
597000,0.155,0.025,0.819
597500,0.152,0.032,0.816
598000,0.150,0.037,0.813
598500,0.152,0.032,0.816
599000,0.140,0.022,0.838
599500,0.147,0.046,0.807
600000,0.158,0.035,0.807
600500,0.149,0.028,0.824
601000,0.157,0.029,0.814
601500,0.156,0.026,0.818
602000,0.171,0.026,0.803
602500,0.143,0.024,0.834
603000,0.155,0.021,0.824
603500,0.166,0.015,0.820
604000,0.157,0.014,0.830
604500,0.136,0.025,0.839
605000,0.141,0.031,0.828
605500,0.155,0.023,0.822
606000,0.140,0.030,0.830
606500,0.149,0.036,0.815
607000,0.142,0.029,0.829
607500,0.154,0.029,0.816
608000,0.163,0.029,0.808
608500,0.157,0.041,0.802
609000,0.136,0.043,0.822
609500,0.144,0.028,0.828
610000,0.148,0.026,0.826
610500,0.153,0.025,0.822
611000,0.158,0.037,0.805
611500,0.156,0.032,0.812
612000,0.169,0.031,0.800
612500,0.176,0.021,0.803
613000,0.164,0.015,0.821
613500,0.167,0.018,0.815
614000,0.189,0.029,0.782
614500,0.159,0.025,0.816
615000,0.153,0.036,0.810
615500,0.142,0.042,0.816
616000,0.139,0.038,0.823
616500,0.142,0.025,0.833
617000,0.146,0.018,0.836
617500,0.140,0.022,0.838
618000,0.139,0.035,0.826
618500,0.139,0.029,0.833
619000,0.132,0.032,0.837
619500,0.125,0.041,0.835
620000,0.126,0.032,0.842
620500,0.135,0.021,0.845
621000,0.133,0.018,0.849
621500,0.150,0.017,0.833
622000,0.154,0.037,0.808
622500,0.156,0.022,0.822
623000,0.174,0.017,0.809
623500,0.170,0.013,0.818
624000,0.176,0.013,0.811
624500,0.171,0.018,0.811
625000,0.172,0.025,0.802
625500,0.169,0.021,0.810
626000,0.169,0.019,0.812
626500,0.177,0.021,0.802
627000,0.196,0.015,0.790
627500,0.187,0.019,0.794
628000,0.180,0.018,0.803
628500,0.188,0.015,0.797
629000,0.188,0.021,0.791
629500,0.160,0.021,0.820
630000,0.172,0.022,0.806
630500,0.174,0.028,0.799
631000,0.154,0.024,0.823
631500,0.153,0.017,0.830
632000,0.158,0.026,0.816
632500,0.154,0.022,0.824
633000,0.148,0.026,0.826
633500,0.142,0.035,0.823
634000,0.153,0.038,0.808
634500,0.159,0.020,0.821
635000,0.150,0.022,0.827
635500,0.166,0.022,0.812
636000,0.155,0.018,0.827
636500,0.163,0.025,0.812
637000,0.155,0.025,0.820
637500,0.157,0.033,0.810
638000,0.165,0.024,0.812
638500,0.179,0.018,0.802
639000,0.168,0.028,0.804
639500,0.161,0.023,0.816
640000,0.156,0.034,0.810
640500,0.159,0.038,0.803
641000,0.165,0.025,0.810
641500,0.152,0.029,0.819
642000,0.161,0.029,0.810
642500,0.140,0.027,0.834
643000,0.142,0.034,0.824
643500,0.149,0.029,0.822
644000,0.149,0.035,0.815
644500,0.153,0.032,0.815
645000,0.144,0.024,0.832
645500,0.152,0.021,0.826
646000,0.153,0.025,0.822
646500,0.159,0.021,0.821
647000,0.149,0.021,0.830
647500,0.166,0.023,0.811
648000,0.164,0.023,0.814
648500,0.170,0.015,0.815
649000,0.161,0.018,0.822
649500,0.161,0.016,0.823
650000,0.155,0.015,0.829
650500,0.153,0.025,0.823
651000,0.149,0.028,0.823
651500,0.154,0.028,0.818
652000,0.175,0.021,0.804
652500,0.164,0.026,0.810
653000,0.189,0.021,0.790
653500,0.168,0.024,0.808
654000,0.167,0.013,0.820
654500,0.179,0.018,0.802
655000,0.168,0.018,0.814
655500,0.171,0.015,0.815
656000,0.163,0.011,0.826
656500,0.173,0.020,0.806
657000,0.168,0.013,0.819
657500,0.177,0.011,0.811
658000,0.181,0.025,0.794
658500,0.169,0.029,0.802
659000,0.167,0.027,0.806
659500,0.177,0.025,0.797
660000,0.174,0.023,0.802
660500,0.164,0.026,0.810
661000,0.162,0.030,0.808
661500,0.160,0.033,0.808
662000,0.159,0.023,0.819
662500,0.147,0.026,0.826
663000,0.148,0.018,0.834
663500,0.155,0.024,0.821
664000,0.144,0.020,0.836
664500,0.159,0.038,0.803
665000,0.154,0.048,0.798
665500,0.154,0.037,0.808
666000,0.137,0.034,0.829
666500,0.139,0.031,0.830
667000,0.148,0.026,0.826
667500,0.142,0.030,0.828
668000,0.157,0.025,0.819
668500,0.141,0.022,0.837
669000,0.139,0.024,0.838
669500,0.153,0.025,0.822
670000,0.145,0.029,0.827
670500,0.152,0.029,0.819
671000,0.156,0.041,0.803
671500,0.159,0.037,0.804
672000,0.159,0.033,0.808
672500,0.153,0.028,0.819
673000,0.158,0.025,0.818
673500,0.157,0.023,0.821
674000,0.142,0.026,0.832
674500,0.148,0.023,0.829
675000,0.132,0.027,0.841
675500,0.152,0.029,0.819
676000,0.151,0.018,0.832
676500,0.163,0.018,0.820
677000,0.175,0.011,0.813
677500,0.162,0.023,0.816
678000,0.173,0.018,0.809
678500,0.169,0.022,0.808
679000,0.164,0.021,0.815
679500,0.164,0.024,0.812
680000,0.170,0.030,0.799
680500,0.160,0.018,0.823
681000,0.169,0.023,0.808
681500,0.161,0.024,0.816
682000,0.148,0.023,0.829
682500,0.142,0.041,0.818
683000,0.140,0.036,0.824
683500,0.142,0.027,0.831
684000,0.155,0.032,0.814
684500,0.156,0.032,0.812
685000,0.160,0.020,0.820
685500,0.166,0.017,0.818
686000,0.165,0.029,0.805
686500,0.171,0.020,0.809
687000,0.168,0.017,0.816
687500,0.153,0.030,0.817
688000,0.169,0.025,0.806
688500,0.170,0.015,0.815
689000,0.158,0.021,0.822
689500,0.163,0.013,0.825
690000,0.162,0.032,0.807
690500,0.153,0.033,0.814
691000,0.169,0.030,0.801
691500,0.154,0.030,0.815
692000,0.154,0.033,0.813
692500,0.143,0.033,0.824
693000,0.144,0.027,0.829
693500,0.151,0.026,0.823
694000,0.164,0.028,0.808
694500,0.161,0.020,0.819
695000,0.160,0.034,0.806
695500,0.165,0.029,0.806
696000,0.158,0.034,0.809
696500,0.161,0.031,0.808
697000,0.158,0.029,0.814
697500,0.162,0.025,0.814
698000,0.170,0.022,0.808
698500,0.170,0.025,0.805
699000,0.180,0.032,0.788
699500,0.170,0.022,0.808
700000,0.161,0.017,0.823
700500,0.157,0.018,0.825
701000,0.148,0.019,0.832
701500,0.144,0.015,0.841
702000,0.155,0.018,0.827
702500,0.151,0.030,0.819
703000,0.142,0.035,0.822
703500,0.159,0.022,0.820
704000,0.160,0.016,0.824
704500,0.169,0.015,0.817
705000,0.184,0.017,0.799
705500,0.181,0.022,0.796
706000,0.150,0.021,0.830
706500,0.147,0.021,0.832
707000,0.140,0.032,0.828
707500,0.140,0.032,0.829
708000,0.141,0.023,0.836
708500,0.147,0.029,0.824
709000,0.135,0.023,0.842
709500,0.157,0.024,0.819
710000,0.140,0.026,0.834
710500,0.149,0.036,0.815
711000,0.149,0.029,0.822
711500,0.145,0.036,0.819
712000,0.164,0.041,0.795
712500,0.169,0.022,0.809
713000,0.157,0.021,0.822
713500,0.161,0.022,0.818
714000,0.164,0.022,0.814
714500,0.155,0.027,0.818
715000,0.151,0.028,0.821
715500,0.152,0.024,0.824
716000,0.159,0.022,0.819
716500,0.171,0.020,0.809
717000,0.155,0.028,0.817
717500,0.152,0.032,0.816
718000,0.152,0.024,0.824
718500,0.129,0.031,0.840
719000,0.151,0.029,0.820
719500,0.162,0.029,0.808
720000,0.166,0.029,0.806
720500,0.167,0.021,0.812
721000,0.171,0.025,0.804
721500,0.167,0.026,0.807
722000,0.153,0.024,0.823
722500,0.151,0.028,0.821
723000,0.141,0.021,0.837
723500,0.160,0.021,0.819
724000,0.160,0.026,0.815
724500,0.164,0.024,0.812
725000,0.154,0.027,0.819
725500,0.146,0.029,0.826
726000,0.150,0.029,0.821
726500,0.149,0.030,0.820
727000,0.147,0.029,0.823
727500,0.169,0.028,0.803
728000,0.155,0.029,0.817
728500,0.143,0.024,0.833
729000,0.154,0.028,0.818
729500,0.157,0.025,0.819
730000,0.147,0.031,0.822
730500,0.143,0.023,0.834
731000,0.142,0.026,0.832
731500,0.170,0.024,0.807
732000,0.167,0.030,0.803
732500,0.177,0.026,0.796
733000,0.176,0.035,0.789
733500,0.166,0.028,0.806
734000,0.167,0.040,0.793
734500,0.153,0.026,0.821
735000,0.140,0.043,0.817
735500,0.128,0.034,0.838
736000,0.136,0.030,0.834
736500,0.137,0.029,0.835
737000,0.146,0.051,0.802
737500,0.144,0.043,0.814
738000,0.154,0.033,0.813
738500,0.145,0.042,0.814
739000,0.144,0.035,0.822
739500,0.162,0.026,0.812
740000,0.166,0.019,0.815
740500,0.163,0.018,0.819
741000,0.158,0.011,0.832
741500,0.161,0.022,0.818
742000,0.156,0.026,0.818
742500,0.180,0.030,0.789
743000,0.181,0.021,0.797
743500,0.172,0.025,0.802
744000,0.176,0.029,0.794
744500,0.169,0.025,0.806
745000,0.170,0.022,0.808
745500,0.172,0.018,0.810
746000,0.160,0.024,0.817
746500,0.171,0.033,0.797
747000,0.149,0.036,0.815
747500,0.139,0.046,0.815
748000,0.142,0.027,0.831
748500,0.158,0.018,0.825
749000,0.160,0.019,0.821
749500,0.133,0.025,0.842
750000,0.144,0.028,0.828
750500,0.157,0.035,0.808
751000,0.158,0.021,0.822
751500,0.152,0.021,0.827
752000,0.142,0.022,0.836
752500,0.149,0.031,0.820
753000,0.137,0.032,0.832
753500,0.139,0.029,0.832
754000,0.159,0.021,0.821
754500,0.149,0.025,0.827
755000,0.151,0.025,0.824
755500,0.155,0.019,0.826
756000,0.161,0.019,0.820
756500,0.154,0.029,0.817
757000,0.141,0.026,0.832
757500,0.135,0.025,0.840
758000,0.132,0.038,0.831
758500,0.137,0.043,0.820
759000,0.135,0.045,0.820
759500,0.129,0.043,0.829
760000,0.137,0.035,0.828
760500,0.142,0.030,0.828
761000,0.148,0.019,0.832
761500,0.152,0.024,0.824
762000,0.149,0.030,0.821
762500,0.146,0.021,0.833
763000,0.157,0.018,0.825
763500,0.164,0.025,0.811
764000,0.180,0.021,0.798
764500,0.178,0.023,0.798
765000,0.157,0.025,0.819
765500,0.170,0.019,0.811
766000,0.181,0.021,0.798
766500,0.163,0.021,0.817
767000,0.153,0.021,0.826
767500,0.161,0.013,0.827
768000,0.163,0.017,0.821
768500,0.152,0.017,0.831
769000,0.161,0.029,0.810
769500,0.148,0.026,0.825
770000,0.162,0.018,0.820
770500,0.170,0.024,0.806
771000,0.174,0.019,0.806
771500,0.172,0.019,0.809
772000,0.188,0.025,0.787
772500,0.173,0.023,0.804
773000,0.174,0.018,0.807
773500,0.158,0.026,0.816
774000,0.188,0.012,0.800
774500,0.182,0.013,0.805
775000,0.169,0.018,0.814
775500,0.163,0.021,0.817
776000,0.157,0.032,0.811
776500,0.159,0.026,0.815
777000,0.163,0.033,0.804
777500,0.162,0.025,0.813
778000,0.171,0.022,0.806
778500,0.176,0.021,0.804
779000,0.169,0.021,0.810
779500,0.158,0.023,0.819
780000,0.153,0.023,0.824
780500,0.155,0.028,0.817
781000,0.146,0.012,0.842
781500,0.165,0.011,0.825
782000,0.161,0.021,0.819
782500,0.172,0.030,0.798
783000,0.171,0.029,0.800
783500,0.166,0.024,0.810
784000,0.157,0.014,0.829
784500,0.161,0.026,0.813
785000,0.162,0.027,0.811
785500,0.161,0.026,0.813
786000,0.152,0.021,0.827
786500,0.164,0.018,0.818
787000,0.171,0.018,0.811
787500,0.172,0.021,0.806
788000,0.165,0.025,0.811
788500,0.165,0.020,0.816
789000,0.169,0.021,0.810
789500,0.164,0.016,0.820
790000,0.164,0.014,0.822
790500,0.174,0.022,0.803
791000,0.153,0.021,0.825
791500,0.152,0.025,0.823
792000,0.161,0.018,0.821
792500,0.175,0.017,0.808
793000,0.159,0.018,0.823
793500,0.146,0.021,0.832
794000,0.169,0.024,0.808
794500,0.155,0.021,0.824
795000,0.155,0.028,0.817
795500,0.166,0.026,0.808
796000,0.165,0.027,0.808
796500,0.163,0.021,0.816
797000,0.167,0.012,0.821
797500,0.155,0.029,0.815
798000,0.166,0.025,0.810
798500,0.143,0.027,0.830
799000,0.150,0.046,0.803
799500,0.149,0.035,0.816
800000,0.148,0.026,0.826
800500,0.157,0.035,0.808
801000,0.157,0.023,0.821
801500,0.150,0.021,0.829
802000,0.155,0.034,0.811
802500,0.145,0.030,0.825
803000,0.155,0.035,0.810
803500,0.159,0.030,0.811
804000,0.152,0.035,0.812
804500,0.158,0.030,0.812
805000,0.155,0.025,0.820
805500,0.153,0.029,0.818
806000,0.149,0.025,0.826
806500,0.148,0.030,0.822
807000,0.149,0.030,0.821
807500,0.143,0.028,0.829
808000,0.141,0.045,0.814
808500,0.132,0.039,0.829
809000,0.137,0.033,0.830
809500,0.141,0.026,0.832
810000,0.163,0.033,0.804
810500,0.164,0.027,0.809
811000,0.156,0.028,0.816
811500,0.148,0.027,0.825
812000,0.151,0.040,0.809
812500,0.144,0.028,0.828
813000,0.145,0.025,0.830
813500,0.161,0.026,0.813
814000,0.147,0.026,0.827
814500,0.174,0.036,0.790
815000,0.151,0.026,0.823
815500,0.155,0.021,0.824
816000,0.152,0.019,0.829
816500,0.155,0.022,0.823
817000,0.153,0.029,0.817
817500,0.151,0.036,0.812
818000,0.157,0.030,0.812
818500,0.147,0.030,0.822
819000,0.143,0.019,0.837
819500,0.168,0.018,0.814
820000,0.165,0.022,0.813
820500,0.161,0.016,0.823
821000,0.164,0.019,0.817
821500,0.154,0.027,0.819
822000,0.157,0.029,0.815
822500,0.148,0.025,0.827
823000,0.145,0.019,0.836
823500,0.163,0.017,0.820
824000,0.171,0.024,0.805
824500,0.169,0.024,0.807
825000,0.155,0.025,0.820
825500,0.148,0.027,0.825
826000,0.152,0.028,0.820
826500,0.155,0.015,0.830
827000,0.161,0.025,0.815
827500,0.162,0.028,0.810
828000,0.160,0.025,0.815
828500,0.163,0.033,0.804
829000,0.178,0.028,0.794
829500,0.186,0.025,0.789
830000,0.175,0.034,0.791
830500,0.162,0.030,0.808
831000,0.145,0.039,0.816
831500,0.141,0.038,0.821
832000,0.132,0.041,0.827
832500,0.138,0.037,0.825
833000,0.147,0.033,0.820
833500,0.148,0.030,0.822
834000,0.173,0.026,0.800
834500,0.164,0.023,0.814
835000,0.166,0.019,0.816
835500,0.166,0.017,0.818
836000,0.167,0.019,0.814
836500,0.152,0.020,0.828
837000,0.152,0.026,0.822
837500,0.158,0.021,0.821
838000,0.146,0.040,0.814
838500,0.157,0.028,0.816
839000,0.140,0.024,0.837
839500,0.137,0.022,0.841
840000,0.144,0.014,0.842
840500,0.136,0.029,0.835
841000,0.135,0.043,0.822
841500,0.141,0.057,0.802
842000,0.139,0.042,0.819
842500,0.136,0.029,0.835
843000,0.159,0.040,0.801
843500,0.146,0.034,0.820
844000,0.161,0.029,0.810
844500,0.155,0.024,0.822
845000,0.153,0.032,0.815
845500,0.140,0.037,0.823
846000,0.135,0.022,0.843
846500,0.129,0.033,0.839
847000,0.148,0.029,0.823
847500,0.142,0.025,0.833
848000,0.157,0.039,0.804
848500,0.150,0.031,0.819
849000,0.141,0.038,0.821
849500,0.129,0.053,0.818
850000,0.141,0.056,0.804
850500,0.139,0.049,0.812
851000,0.138,0.041,0.822
851500,0.137,0.044,0.819
852000,0.149,0.041,0.809
852500,0.158,0.029,0.812
853000,0.148,0.022,0.830
853500,0.152,0.021,0.827
854000,0.162,0.024,0.815
854500,0.155,0.022,0.823
855000,0.158,0.014,0.828
855500,0.170,0.019,0.810
856000,0.167,0.019,0.815
856500,0.162,0.021,0.817
857000,0.169,0.021,0.809
857500,0.176,0.021,0.804
858000,0.158,0.025,0.818
858500,0.159,0.022,0.819
859000,0.155,0.029,0.815
859500,0.157,0.037,0.806
860000,0.160,0.041,0.799
860500,0.160,0.041,0.799
861000,0.172,0.034,0.794
861500,0.161,0.031,0.808
862000,0.148,0.031,0.821
862500,0.143,0.043,0.814
863000,0.151,0.035,0.815
863500,0.146,0.034,0.821
864000,0.163,0.034,0.804
864500,0.149,0.017,0.834
865000,0.152,0.026,0.821
865500,0.149,0.030,0.821
866000,0.146,0.036,0.818
866500,0.157,0.033,0.810
867000,0.171,0.025,0.804
867500,0.164,0.027,0.809
868000,0.162,0.018,0.820
868500,0.179,0.019,0.801
869000,0.159,0.018,0.824
869500,0.131,0.025,0.844
870000,0.152,0.031,0.817
870500,0.148,0.019,0.833
871000,0.151,0.020,0.829
871500,0.160,0.025,0.816
872000,0.164,0.029,0.807
872500,0.181,0.025,0.794
873000,0.168,0.024,0.808
873500,0.160,0.035,0.805
874000,0.157,0.038,0.805
874500,0.146,0.033,0.821
875000,0.149,0.033,0.819
875500,0.160,0.028,0.812
876000,0.165,0.028,0.807
876500,0.150,0.038,0.812
877000,0.161,0.034,0.805
877500,0.145,0.034,0.822
878000,0.134,0.032,0.835
878500,0.142,0.033,0.825
879000,0.146,0.037,0.816
879500,0.147,0.026,0.827
880000,0.142,0.021,0.837
880500,0.148,0.020,0.832
881000,0.140,0.022,0.838
881500,0.161,0.033,0.806
882000,0.156,0.040,0.804
882500,0.140,0.035,0.826
883000,0.146,0.034,0.821
883500,0.136,0.029,0.836
884000,0.133,0.038,0.829
884500,0.133,0.030,0.837
885000,0.131,0.034,0.836
885500,0.136,0.021,0.843
886000,0.149,0.022,0.829
886500,0.164,0.018,0.818
887000,0.170,0.024,0.807
887500,0.173,0.013,0.814
888000,0.172,0.013,0.816
888500,0.184,0.009,0.807
889000,0.166,0.013,0.822
889500,0.163,0.026,0.811
890000,0.154,0.021,0.825
890500,0.152,0.017,0.831
891000,0.144,0.033,0.824
891500,0.144,0.033,0.823
892000,0.141,0.043,0.816
892500,0.148,0.028,0.824
893000,0.161,0.019,0.820
893500,0.169,0.032,0.800
894000,0.158,0.027,0.815
894500,0.157,0.028,0.816
895000,0.145,0.026,0.829
895500,0.154,0.023,0.823
896000,0.147,0.029,0.825
896500,0.141,0.018,0.841
897000,0.137,0.019,0.844
897500,0.131,0.029,0.840
898000,0.146,0.025,0.829
898500,0.161,0.018,0.821
899000,0.162,0.019,0.819
899500,0.156,0.013,0.831
900000,0.145,0.019,0.836
900500,0.163,0.026,0.811
901000,0.174,0.028,0.799
901500,0.159,0.027,0.814
902000,0.152,0.033,0.815
902500,0.147,0.019,0.833
903000,0.155,0.026,0.819
903500,0.157,0.022,0.822
904000,0.169,0.027,0.804
904500,0.162,0.029,0.809
905000,0.161,0.034,0.805
905500,0.149,0.034,0.818
906000,0.146,0.033,0.822
906500,0.144,0.036,0.820
907000,0.142,0.022,0.836
907500,0.160,0.023,0.817
908000,0.159,0.030,0.810
908500,0.160,0.021,0.819
909000,0.148,0.018,0.833
909500,0.155,0.021,0.824
910000,0.145,0.029,0.826
910500,0.145,0.019,0.836
911000,0.142,0.023,0.835
911500,0.161,0.020,0.819
912000,0.165,0.021,0.815
912500,0.164,0.032,0.804
913000,0.165,0.022,0.813
913500,0.154,0.020,0.826
914000,0.155,0.020,0.825
914500,0.163,0.028,0.810
915000,0.170,0.022,0.808
915500,0.154,0.026,0.820
916000,0.153,0.029,0.819
916500,0.172,0.027,0.800
917000,0.159,0.024,0.818
917500,0.162,0.024,0.815
918000,0.173,0.019,0.808
918500,0.164,0.016,0.821
919000,0.170,0.018,0.812
919500,0.164,0.018,0.819
920000,0.149,0.033,0.818
920500,0.148,0.032,0.820
921000,0.151,0.028,0.822
921500,0.162,0.029,0.809
922000,0.160,0.026,0.815
922500,0.153,0.023,0.824
923000,0.146,0.024,0.831
923500,0.169,0.024,0.807
924000,0.174,0.018,0.807
924500,0.177,0.016,0.806
925000,0.162,0.042,0.796
925500,0.160,0.043,0.797
926000,0.147,0.036,0.817
926500,0.148,0.026,0.826
927000,0.146,0.029,0.825
927500,0.144,0.029,0.827
928000,0.160,0.025,0.816
928500,0.159,0.017,0.824
929000,0.158,0.019,0.823
929500,0.153,0.021,0.826
930000,0.153,0.022,0.825
930500,0.142,0.017,0.841
931000,0.140,0.022,0.838
931500,0.135,0.018,0.848
932000,0.146,0.017,0.837
932500,0.163,0.015,0.822
933000,0.161,0.013,0.827
933500,0.156,0.023,0.821
934000,0.154,0.020,0.826
934500,0.145,0.013,0.842
935000,0.147,0.020,0.833
935500,0.150,0.019,0.830
936000,0.179,0.021,0.800
936500,0.185,0.027,0.787
937000,0.166,0.026,0.808
937500,0.162,0.025,0.814
938000,0.172,0.026,0.802
938500,0.157,0.024,0.820
939000,0.156,0.019,0.825
939500,0.170,0.030,0.800
940000,0.160,0.024,0.817
940500,0.160,0.018,0.822
941000,0.174,0.029,0.798
941500,0.162,0.029,0.808
942000,0.157,0.040,0.803
942500,0.145,0.036,0.818
943000,0.141,0.035,0.824
943500,0.136,0.039,0.826
944000,0.148,0.030,0.822
944500,0.145,0.029,0.826
945000,0.149,0.024,0.827
945500,0.149,0.019,0.832
946000,0.148,0.022,0.830
946500,0.163,0.026,0.811
947000,0.165,0.024,0.812
947500,0.163,0.022,0.816
948000,0.161,0.025,0.814
948500,0.172,0.028,0.800
949000,0.185,0.025,0.790
949500,0.180,0.025,0.795
950000,0.172,0.021,0.808
950500,0.165,0.025,0.809
951000,0.158,0.028,0.814
951500,0.163,0.021,0.816
952000,0.159,0.021,0.821
952500,0.149,0.030,0.820
953000,0.154,0.029,0.817
953500,0.163,0.028,0.809
954000,0.141,0.013,0.846
954500,0.145,0.035,0.820
955000,0.163,0.015,0.822
955500,0.159,0.023,0.819
956000,0.164,0.022,0.814
956500,0.157,0.029,0.815
957000,0.147,0.030,0.823
957500,0.147,0.021,0.832
958000,0.151,0.024,0.825
958500,0.139,0.047,0.814
959000,0.141,0.041,0.818
959500,0.152,0.051,0.796
960000,0.146,0.045,0.809
960500,0.157,0.042,0.801
961000,0.135,0.035,0.830
961500,0.141,0.037,0.822
962000,0.146,0.035,0.819
962500,0.143,0.040,0.817
963000,0.151,0.031,0.818
963500,0.149,0.029,0.822
964000,0.145,0.032,0.823
964500,0.148,0.030,0.821
965000,0.158,0.026,0.816
965500,0.149,0.044,0.806
966000,0.144,0.032,0.824
966500,0.166,0.033,0.801
967000,0.163,0.038,0.798
967500,0.149,0.035,0.816
968000,0.151,0.030,0.819
968500,0.155,0.044,0.800
969000,0.147,0.038,0.815
969500,0.154,0.024,0.823
970000,0.163,0.028,0.810
970500,0.177,0.022,0.800
971000,0.173,0.015,0.812
971500,0.158,0.024,0.818
972000,0.151,0.020,0.829
972500,0.156,0.029,0.816
973000,0.160,0.028,0.813
973500,0.166,0.018,0.817
974000,0.178,0.019,0.803
974500,0.185,0.022,0.792
975000,0.172,0.020,0.808
975500,0.184,0.018,0.797
976000,0.172,0.019,0.808
976500,0.172,0.047,0.781
977000,0.161,0.037,0.802
977500,0.139,0.033,0.828
978000,0.131,0.042,0.827
978500,0.138,0.043,0.820
979000,0.147,0.032,0.821
979500,0.138,0.034,0.828
980000,0.155,0.032,0.813
980500,0.147,0.028,0.825
981000,0.131,0.024,0.845
981500,0.155,0.016,0.829
982000,0.158,0.022,0.821
982500,0.171,0.029,0.801
983000,0.166,0.028,0.807
983500,0.166,0.041,0.793
984000,0.159,0.029,0.811
984500,0.163,0.027,0.810
985000,0.150,0.028,0.822
985500,0.157,0.025,0.819
986000,0.150,0.024,0.826
986500,0.136,0.028,0.837
987000,0.141,0.019,0.839
987500,0.152,0.027,0.821
988000,0.142,0.030,0.828
988500,0.156,0.028,0.817
989000,0.143,0.033,0.825
989500,0.143,0.028,0.829
990000,0.143,0.033,0.824
990500,0.141,0.042,0.817
991000,0.132,0.043,0.825
991500,0.151,0.041,0.808
992000,0.161,0.034,0.805
992500,0.153,0.036,0.810
993000,0.158,0.026,0.816
993500,0.168,0.015,0.818
994000,0.166,0.017,0.818
994500,0.151,0.017,0.832
995000,0.157,0.021,0.823
995500,0.155,0.020,0.825
996000,0.162,0.029,0.808
996500,0.166,0.030,0.803
997000,0.157,0.026,0.818
997500,0.159,0.026,0.815
998000,0.160,0.022,0.818
998500,0.148,0.027,0.825
999000,0.166,0.017,0.818
999500,0.166,0.015,0.819
1000000,0.167,0.029,0.804
