time,n_A+p,n_B,n_AB
500,0.010,0.983,0.007
1000,0.010,0.979,0.011
1500,0.010,0.975,0.015
2000,0.010,0.968,0.022
2500,0.010,0.962,0.028
3000,0.010,0.956,0.034
3500,0.010,0.951,0.039
4000,0.010,0.946,0.044
4500,0.011,0.948,0.041
5000,0.011,0.945,0.044
5500,0.010,0.934,0.055
6000,0.010,0.942,0.048
6500,0.010,0.943,0.047
7000,0.010,0.946,0.044
7500,0.010,0.949,0.041
8000,0.010,0.952,0.038
8500,0.010,0.951,0.039
9000,0.010,0.949,0.041
9500,0.010,0.945,0.045
10000,0.010,0.946,0.044
10500,0.010,0.940,0.050
11000,0.010,0.936,0.054
11500,0.010,0.946,0.044
12000,0.010,0.949,0.041
12500,0.010,0.943,0.047
13000,0.011,0.942,0.047
13500,0.010,0.939,0.051
14000,0.011,0.940,0.049
14500,0.011,0.944,0.046
15000,0.011,0.938,0.052
15500,0.011,0.933,0.056
16000,0.011,0.922,0.067
16500,0.010,0.922,0.068
17000,0.010,0.924,0.066
17500,0.010,0.920,0.070
18000,0.010,0.922,0.068
18500,0.010,0.920,0.070
19000,0.010,0.925,0.065
19500,0.010,0.912,0.078
20000,0.010,0.911,0.079
20500,0.010,0.912,0.078
21000,0.010,0.906,0.084
21500,0.011,0.902,0.086
22000,0.011,0.891,0.098
22500,0.010,0.901,0.089
23000,0.010,0.912,0.078
23500,0.010,0.916,0.074
24000,0.010,0.914,0.076
24500,0.010,0.907,0.083
25000,0.010,0.905,0.085
25500,0.010,0.913,0.077
26000,0.010,0.908,0.082
26500,0.010,0.913,0.077
27000,0.010,0.913,0.077
27500,0.010,0.913,0.077
28000,0.010,0.918,0.072
28500,0.010,0.915,0.075
29000,0.010,0.924,0.066
29500,0.010,0.922,0.068
30000,0.010,0.926,0.064
30500,0.011,0.926,0.062
31000,0.011,0.918,0.070
31500,0.011,0.915,0.073
32000,0.011,0.917,0.072
32500,0.013,0.919,0.068
33000,0.011,0.920,0.070
33500,0.011,0.918,0.071
34000,0.010,0.914,0.076
34500,0.010,0.926,0.064
35000,0.010,0.931,0.058
35500,0.010,0.928,0.062
36000,0.010,0.925,0.065
36500,0.010,0.925,0.065
37000,0.010,0.917,0.073
37500,0.010,0.922,0.068
38000,0.010,0.922,0.068
38500,0.010,0.921,0.069
39000,0.010,0.921,0.069
39500,0.010,0.928,0.062
40000,0.010,0.922,0.068
40500,0.010,0.926,0.064
41000,0.010,0.923,0.067
41500,0.010,0.921,0.069
42000,0.010,0.922,0.068
42500,0.012,0.913,0.075
43000,0.011,0.918,0.070
43500,0.011,0.910,0.079
44000,0.011,0.912,0.078
44500,0.010,0.913,0.077
45000,0.010,0.919,0.071
45500,0.010,0.924,0.066
46000,0.010,0.923,0.067
46500,0.010,0.924,0.066
47000,0.010,0.934,0.056
47500,0.010,0.933,0.057
48000,0.010,0.932,0.057
48500,0.010,0.932,0.057
49000,0.010,0.920,0.070
49500,0.010,0.922,0.068
50000,0.011,0.920,0.070
50500,0.011,0.927,0.062
51000,0.011,0.933,0.056
51500,0.011,0.940,0.050
52000,0.011,0.922,0.068
52500,0.010,0.924,0.066
53000,0.010,0.916,0.074
53500,0.010,0.912,0.078
54000,0.010,0.912,0.078
54500,0.010,0.920,0.070
55000,0.010,0.916,0.074
55500,0.010,0.913,0.077
56000,0.010,0.913,0.077
56500,0.010,0.911,0.079
57000,0.010,0.909,0.081
57500,0.010,0.904,0.086
58000,0.010,0.905,0.085
58500,0.010,0.917,0.073
59000,0.010,0.911,0.079
59500,0.010,0.914,0.076
60000,0.010,0.910,0.080
60500,0.010,0.910,0.080
61000,0.010,0.917,0.073
61500,0.010,0.919,0.071
62000,0.010,0.923,0.067
62500,0.010,0.924,0.066
63000,0.010,0.930,0.060
63500,0.010,0.933,0.056
64000,0.010,0.937,0.053
64500,0.010,0.933,0.057
65000,0.010,0.944,0.046
65500,0.010,0.944,0.046
66000,0.010,0.945,0.045
66500,0.010,0.942,0.048
67000,0.010,0.942,0.048
67500,0.010,0.943,0.047
68000,0.010,0.945,0.045
68500,0.010,0.944,0.046
69000,0.010,0.930,0.060
69500,0.010,0.933,0.057
70000,0.010,0.935,0.054
70500,0.010,0.927,0.062
71000,0.010,0.925,0.065
71500,0.010,0.924,0.066
72000,0.010,0.931,0.058
72500,0.010,0.929,0.061
73000,0.010,0.925,0.065
73500,0.010,0.925,0.065
74000,0.010,0.936,0.054
74500,0.010,0.930,0.059
75000,0.010,0.919,0.071
75500,0.010,0.915,0.075
76000,0.010,0.923,0.067
76500,0.010,0.930,0.060
77000,0.010,0.933,0.056
77500,0.010,0.933,0.056
78000,0.010,0.932,0.057
78500,0.010,0.936,0.054
79000,0.010,0.936,0.053
79500,0.010,0.935,0.055
80000,0.010,0.940,0.050
80500,0.010,0.938,0.052
81000,0.011,0.939,0.051
81500,0.011,0.932,0.057
82000,0.010,0.927,0.062
82500,0.010,0.927,0.063
83000,0.010,0.931,0.059
83500,0.010,0.936,0.053
84000,0.010,0.936,0.053
84500,0.010,0.935,0.054
85000,0.010,0.936,0.054
85500,0.010,0.938,0.052
86000,0.010,0.939,0.051
86500,0.010,0.945,0.045
87000,0.010,0.949,0.041
87500,0.010,0.945,0.045
88000,0.010,0.949,0.041
88500,0.010,0.957,0.033
89000,0.010,0.955,0.035
89500,0.010,0.955,0.035
90000,0.010,0.955,0.035
90500,0.010,0.956,0.034
91000,0.010,0.952,0.038
91500,0.010,0.952,0.038
92000,0.010,0.949,0.041
92500,0.010,0.942,0.048
93000,0.010,0.940,0.050
93500,0.010,0.938,0.052
94000,0.010,0.936,0.054
94500,0.010,0.932,0.057
95000,0.010,0.931,0.059
95500,0.010,0.938,0.052
96000,0.010,0.939,0.051
96500,0.010,0.935,0.054
97000,0.010,0.936,0.053
97500,0.010,0.943,0.047
98000,0.010,0.940,0.050
98500,0.010,0.939,0.051
99000,0.010,0.928,0.061
99500,0.010,0.917,0.073
100000,0.010,0.913,0.077
100500,0.010,0.912,0.078
101000,0.010,0.909,0.081
101500,0.010,0.904,0.086
102000,0.010,0.902,0.088
102500,0.010,0.902,0.088
103000,0.010,0.895,0.095
103500,0.010,0.896,0.094
104000,0.010,0.912,0.078
104500,0.010,0.899,0.091
105000,0.010,0.899,0.091
105500,0.011,0.899,0.089
106000,0.011,0.893,0.096
106500,0.011,0.900,0.089
107000,0.011,0.894,0.096
107500,0.011,0.894,0.096
108000,0.010,0.898,0.092
108500,0.010,0.906,0.084
109000,0.011,0.904,0.086
109500,0.011,0.907,0.082
110000,0.010,0.906,0.084
110500,0.010,0.914,0.076
111000,0.010,0.917,0.073
111500,0.010,0.912,0.078
112000,0.010,0.914,0.076
112500,0.010,0.919,0.071
113000,0.010,0.914,0.076
113500,0.010,0.917,0.073
114000,0.010,0.918,0.072
114500,0.010,0.918,0.072
115000,0.010,0.916,0.074
115500,0.011,0.924,0.065
116000,0.011,0.923,0.066
116500,0.010,0.917,0.073
117000,0.010,0.915,0.075
117500,0.010,0.913,0.077
118000,0.010,0.926,0.064
118500,0.010,0.935,0.055
119000,0.010,0.938,0.052
119500,0.011,0.940,0.049
120000,0.011,0.945,0.044
120500,0.011,0.944,0.045
121000,0.011,0.936,0.053
121500,0.011,0.940,0.049
122000,0.011,0.932,0.056
122500,0.011,0.926,0.064
123000,0.010,0.928,0.061
123500,0.010,0.928,0.062
124000,0.010,0.929,0.060
124500,0.010,0.929,0.060
125000,0.010,0.924,0.066
125500,0.010,0.931,0.059
126000,0.010,0.930,0.059
126500,0.010,0.938,0.052
127000,0.010,0.940,0.050
127500,0.010,0.935,0.054
128000,0.011,0.933,0.055
128500,0.011,0.930,0.059
129000,0.011,0.924,0.066
129500,0.011,0.912,0.077
130000,0.011,0.917,0.072
130500,0.011,0.910,0.079
131000,0.011,0.920,0.070
131500,0.011,0.922,0.067
132000,0.011,0.929,0.060
132500,0.010,0.943,0.047
133000,0.010,0.944,0.046
133500,0.010,0.948,0.042
134000,0.010,0.941,0.049
134500,0.010,0.952,0.038
135000,0.010,0.949,0.041
135500,0.010,0.947,0.043
136000,0.010,0.945,0.045
136500,0.010,0.951,0.039
137000,0.010,0.945,0.045
137500,0.010,0.944,0.046
138000,0.010,0.942,0.048
138500,0.011,0.939,0.051
139000,0.011,0.936,0.053
139500,0.011,0.930,0.059
140000,0.011,0.938,0.052
140500,0.010,0.938,0.052
141000,0.010,0.934,0.056
141500,0.010,0.936,0.053
142000,0.010,0.937,0.053
142500,0.011,0.934,0.054
143000,0.011,0.921,0.069
143500,0.010,0.915,0.075
144000,0.010,0.921,0.069
144500,0.010,0.909,0.081
145000,0.010,0.913,0.077
145500,0.010,0.906,0.084
146000,0.010,0.908,0.082
146500,0.010,0.912,0.078
147000,0.010,0.911,0.079
147500,0.010,0.901,0.089
148000,0.011,0.909,0.079
148500,0.011,0.914,0.076
149000,0.010,0.920,0.070
149500,0.010,0.917,0.073
150000,0.010,0.918,0.072
150500,0.010,0.918,0.072
151000,0.010,0.927,0.063
151500,0.010,0.922,0.068
152000,0.010,0.924,0.066
152500,0.010,0.920,0.070
153000,0.010,0.927,0.063
153500,0.010,0.926,0.064
154000,0.010,0.933,0.056
154500,0.010,0.936,0.053
155000,0.010,0.936,0.054
155500,0.010,0.938,0.052
156000,0.010,0.943,0.047
156500,0.011,0.937,0.052
157000,0.010,0.938,0.052
157500,0.010,0.939,0.051
158000,0.010,0.945,0.045
158500,0.010,0.949,0.041
159000,0.010,0.948,0.042
159500,0.010,0.953,0.037
160000,0.010,0.951,0.039
160500,0.010,0.958,0.032
161000,0.010,0.954,0.036
161500,0.010,0.950,0.040
162000,0.010,0.956,0.034
162500,0.010,0.957,0.033
163000,0.010,0.959,0.031
163500,0.010,0.956,0.034
164000,0.010,0.948,0.042
164500,0.010,0.951,0.039
165000,0.010,0.951,0.039
165500,0.010,0.951,0.039
166000,0.010,0.948,0.042
166500,0.010,0.950,0.040
167000,0.010,0.945,0.045
167500,0.010,0.944,0.046
168000,0.010,0.948,0.042
168500,0.010,0.943,0.047
169000,0.010,0.942,0.048
169500,0.010,0.940,0.050
170000,0.010,0.932,0.057
170500,0.010,0.926,0.064
171000,0.010,0.920,0.070
171500,0.010,0.929,0.061
172000,0.010,0.925,0.065
172500,0.010,0.931,0.059
173000,0.010,0.934,0.055
173500,0.010,0.931,0.058
174000,0.010,0.929,0.060
174500,0.010,0.926,0.064
175000,0.010,0.918,0.072
175500,0.010,0.914,0.076
176000,0.010,0.925,0.065
176500,0.010,0.924,0.066
177000,0.010,0.914,0.076
177500,0.010,0.920,0.070
178000,0.010,0.931,0.059
178500,0.010,0.934,0.056
179000,0.010,0.929,0.061
179500,0.010,0.930,0.059
180000,0.010,0.928,0.061
180500,0.010,0.930,0.060
181000,0.010,0.925,0.065
181500,0.010,0.936,0.054
182000,0.010,0.941,0.049
182500,0.010,0.945,0.045
183000,0.010,0.944,0.046
183500,0.010,0.941,0.049
184000,0.010,0.945,0.045
184500,0.010,0.946,0.044
185000,0.010,0.945,0.045
185500,0.010,0.950,0.040
186000,0.010,0.944,0.046
186500,0.010,0.939,0.051
187000,0.011,0.935,0.053
187500,0.011,0.932,0.057
188000,0.011,0.928,0.061
188500,0.011,0.931,0.058
189000,0.011,0.927,0.062
189500,0.011,0.921,0.068
190000,0.011,0.916,0.074
190500,0.011,0.920,0.069
191000,0.010,0.921,0.069
191500,0.010,0.921,0.069
192000,0.010,0.924,0.066
192500,0.011,0.926,0.063
193000,0.010,0.930,0.060
193500,0.010,0.931,0.059
194000,0.010,0.929,0.061
194500,0.010,0.932,0.057
195000,0.010,0.935,0.055
195500,0.010,0.939,0.051
196000,0.010,0.936,0.053
196500,0.010,0.935,0.055
197000,0.010,0.940,0.050
197500,0.010,0.941,0.049
198000,0.010,0.936,0.053
198500,0.010,0.939,0.051
199000,0.010,0.933,0.056
199500,0.011,0.933,0.056
200000,0.010,0.932,0.057
200500,0.011,0.930,0.059
201000,0.011,0.922,0.068
201500,0.011,0.925,0.065
202000,0.011,0.923,0.066
202500,0.011,0.906,0.083
203000,0.010,0.907,0.083
203500,0.010,0.915,0.075
204000,0.010,0.921,0.069
204500,0.010,0.919,0.071
205000,0.010,0.923,0.067
205500,0.010,0.914,0.076
206000,0.010,0.912,0.078
206500,0.010,0.906,0.084
207000,0.011,0.924,0.066
207500,0.011,0.929,0.060
208000,0.010,0.933,0.056
208500,0.010,0.936,0.053
209000,0.010,0.946,0.044
209500,0.010,0.941,0.049
210000,0.010,0.948,0.042
210500,0.010,0.942,0.048
211000,0.010,0.943,0.047
211500,0.010,0.945,0.045
212000,0.010,0.943,0.047
212500,0.010,0.937,0.053
213000,0.010,0.934,0.056
213500,0.010,0.939,0.051
214000,0.010,0.935,0.054
214500,0.010,0.933,0.057
215000,0.010,0.938,0.052
215500,0.010,0.946,0.044
216000,0.010,0.938,0.052
216500,0.010,0.930,0.060
217000,0.010,0.931,0.058
217500,0.010,0.923,0.067
218000,0.010,0.926,0.064
218500,0.010,0.931,0.059
219000,0.010,0.930,0.059
219500,0.011,0.929,0.060
220000,0.011,0.933,0.056
220500,0.012,0.929,0.058
221000,0.011,0.931,0.057
221500,0.011,0.926,0.064
222000,0.011,0.923,0.066
222500,0.011,0.922,0.067
223000,0.011,0.929,0.059
223500,0.011,0.932,0.056
224000,0.010,0.931,0.059
224500,0.010,0.930,0.060
225000,0.010,0.923,0.067
225500,0.010,0.919,0.071
226000,0.010,0.921,0.069
226500,0.010,0.920,0.070
227000,0.010,0.930,0.059
227500,0.010,0.926,0.064
228000,0.010,0.921,0.069
228500,0.010,0.921,0.069
229000,0.010,0.925,0.065
229500,0.010,0.920,0.070
230000,0.010,0.931,0.059
230500,0.010,0.924,0.066
231000,0.010,0.925,0.065
231500,0.010,0.935,0.054
232000,0.010,0.932,0.058
232500,0.010,0.928,0.061
233000,0.010,0.924,0.066
233500,0.010,0.927,0.063
234000,0.010,0.918,0.072
234500,0.010,0.916,0.074
235000,0.010,0.909,0.081
235500,0.010,0.917,0.073
236000,0.010,0.911,0.079
236500,0.010,0.913,0.077
237000,0.010,0.917,0.073
237500,0.010,0.919,0.071
238000,0.010,0.924,0.066
238500,0.010,0.922,0.068
239000,0.010,0.931,0.058
239500,0.010,0.926,0.064
240000,0.010,0.927,0.063
240500,0.010,0.921,0.069
241000,0.010,0.916,0.074
241500,0.010,0.918,0.072
242000,0.010,0.925,0.065
242500,0.010,0.929,0.061
243000,0.010,0.928,0.061
243500,0.010,0.922,0.068
244000,0.010,0.922,0.068
244500,0.010,0.925,0.065
245000,0.010,0.924,0.066
245500,0.010,0.926,0.064
246000,0.010,0.929,0.061
246500,0.010,0.936,0.053
247000,0.010,0.932,0.057
247500,0.010,0.928,0.061
248000,0.010,0.931,0.058
248500,0.010,0.930,0.059
249000,0.011,0.932,0.057
249500,0.011,0.927,0.061
250000,0.011,0.922,0.067
250500,0.012,0.920,0.068
251000,0.011,0.924,0.065
251500,0.011,0.931,0.058
252000,0.011,0.940,0.050
252500,0.011,0.935,0.054
253000,0.011,0.935,0.054
253500,0.011,0.935,0.054
254000,0.010,0.929,0.060
254500,0.011,0.922,0.067
255000,0.011,0.918,0.071
255500,0.011,0.914,0.075
256000,0.010,0.909,0.081
256500,0.010,0.913,0.077
257000,0.010,0.916,0.074
257500,0.010,0.916,0.074
258000,0.011,0.916,0.073
258500,0.011,0.920,0.070
259000,0.011,0.916,0.074
259500,0.010,0.926,0.064
260000,0.010,0.935,0.055
260500,0.010,0.930,0.059
261000,0.010,0.926,0.064
261500,0.010,0.929,0.060
262000,0.010,0.927,0.062
262500,0.010,0.931,0.059
263000,0.010,0.926,0.064
263500,0.010,0.928,0.062
264000,0.010,0.930,0.060
264500,0.010,0.930,0.059
265000,0.010,0.926,0.064
265500,0.010,0.934,0.055
266000,0.010,0.923,0.067
266500,0.010,0.926,0.064
267000,0.010,0.924,0.066
267500,0.010,0.924,0.066
268000,0.010,0.930,0.059
268500,0.010,0.930,0.060
269000,0.010,0.924,0.066
269500,0.010,0.923,0.067
270000,0.010,0.921,0.069
270500,0.010,0.920,0.070
271000,0.011,0.920,0.069
271500,0.012,0.917,0.071
272000,0.011,0.912,0.077
272500,0.011,0.916,0.073
273000,0.011,0.921,0.068
273500,0.011,0.914,0.075
274000,0.011,0.917,0.072
274500,0.011,0.922,0.068
275000,0.011,0.914,0.076
275500,0.011,0.913,0.077
276000,0.010,0.914,0.076
276500,0.010,0.903,0.087
277000,0.010,0.906,0.084
277500,0.010,0.909,0.081
278000,0.010,0.910,0.080
278500,0.010,0.908,0.082
279000,0.010,0.910,0.080
279500,0.010,0.917,0.073
280000,0.010,0.921,0.069
280500,0.010,0.920,0.070
281000,0.010,0.914,0.076
281500,0.010,0.913,0.077
282000,0.010,0.926,0.064
282500,0.010,0.931,0.058
283000,0.011,0.931,0.058
283500,0.011,0.927,0.062
284000,0.011,0.919,0.070
284500,0.010,0.914,0.076
285000,0.010,0.910,0.080
285500,0.010,0.906,0.084
286000,0.010,0.910,0.080
286500,0.010,0.912,0.078
287000,0.010,0.915,0.075
287500,0.010,0.911,0.079
288000,0.010,0.915,0.075
288500,0.010,0.916,0.074
289000,0.010,0.916,0.074
289500,0.010,0.913,0.077
290000,0.010,0.908,0.082
290500,0.010,0.907,0.083
291000,0.010,0.909,0.081
291500,0.010,0.910,0.080
292000,0.010,0.910,0.080
292500,0.010,0.911,0.079
293000,0.010,0.916,0.074
293500,0.010,0.912,0.078
294000,0.010,0.915,0.075
294500,0.010,0.917,0.073
295000,0.010,0.920,0.070
295500,0.010,0.922,0.068
296000,0.011,0.913,0.076
296500,0.011,0.909,0.080
297000,0.011,0.903,0.086
297500,0.010,0.916,0.074
298000,0.010,0.915,0.075
298500,0.010,0.915,0.075
299000,0.010,0.907,0.083
299500,0.010,0.909,0.081
300000,0.010,0.914,0.076
300500,0.010,0.923,0.067
301000,0.010,0.918,0.072
301500,0.010,0.922,0.068
302000,0.010,0.920,0.070
302500,0.010,0.924,0.066
303000,0.010,0.923,0.067
303500,0.010,0.931,0.059
304000,0.010,0.928,0.062
304500,0.011,0.928,0.061
305000,0.010,0.928,0.062
305500,0.010,0.929,0.060
306000,0.010,0.926,0.064
306500,0.010,0.934,0.056
307000,0.010,0.931,0.058
307500,0.010,0.930,0.060
308000,0.010,0.923,0.067
308500,0.010,0.935,0.054
309000,0.010,0.932,0.057
309500,0.010,0.932,0.057
310000,0.010,0.933,0.056
310500,0.010,0.941,0.049
311000,0.010,0.943,0.047
311500,0.010,0.944,0.046
312000,0.010,0.943,0.047
312500,0.010,0.939,0.051
313000,0.010,0.942,0.048
313500,0.010,0.941,0.049
314000,0.010,0.933,0.056
314500,0.010,0.935,0.055
315000,0.010,0.938,0.052
315500,0.010,0.937,0.053
316000,0.010,0.924,0.066
316500,0.010,0.925,0.065
317000,0.011,0.923,0.066
317500,0.010,0.930,0.060
318000,0.010,0.933,0.057
318500,0.010,0.930,0.060
319000,0.010,0.933,0.056
319500,0.010,0.940,0.050
320000,0.010,0.938,0.052
320500,0.010,0.936,0.053
321000,0.010,0.932,0.058
321500,0.010,0.919,0.071
322000,0.010,0.927,0.063
322500,0.010,0.928,0.062
323000,0.010,0.934,0.055
323500,0.010,0.935,0.055
324000,0.010,0.935,0.054
324500,0.010,0.923,0.067
325000,0.010,0.929,0.061
325500,0.010,0.927,0.063
326000,0.010,0.934,0.055
326500,0.010,0.939,0.051
327000,0.010,0.936,0.054
327500,0.010,0.944,0.046
328000,0.010,0.956,0.034
328500,0.010,0.956,0.034
329000,0.010,0.945,0.045
329500,0.010,0.948,0.042
330000,0.010,0.947,0.043
330500,0.010,0.950,0.040
331000,0.010,0.952,0.038
331500,0.010,0.957,0.033
332000,0.010,0.958,0.032
332500,0.010,0.960,0.030
333000,0.010,0.957,0.033
333500,0.010,0.954,0.036
334000,0.010,0.949,0.041
334500,0.010,0.953,0.037
335000,0.010,0.951,0.039
335500,0.010,0.951,0.039
336000,0.010,0.948,0.042
336500,0.010,0.948,0.042
337000,0.010,0.942,0.048
337500,0.010,0.940,0.050
338000,0.010,0.940,0.050
338500,0.010,0.938,0.052
339000,0.010,0.936,0.053
339500,0.010,0.923,0.067
340000,0.010,0.926,0.064
340500,0.010,0.929,0.061
341000,0.010,0.927,0.063
341500,0.010,0.926,0.064
342000,0.010,0.933,0.056
342500,0.010,0.927,0.063
343000,0.010,0.936,0.053
343500,0.010,0.939,0.051
344000,0.010,0.933,0.056
344500,0.010,0.942,0.048
345000,0.010,0.939,0.051
345500,0.010,0.944,0.046
346000,0.010,0.948,0.042
346500,0.010,0.941,0.049
347000,0.010,0.947,0.043
347500,0.010,0.941,0.049
348000,0.010,0.938,0.052
348500,0.010,0.930,0.059
349000,0.010,0.920,0.070
349500,0.010,0.921,0.069
350000,0.010,0.916,0.074
350500,0.010,0.920,0.070
351000,0.010,0.926,0.064
351500,0.010,0.922,0.068
352000,0.010,0.927,0.063
352500,0.010,0.931,0.058
353000,0.010,0.920,0.070
353500,0.010,0.924,0.066
354000,0.010,0.925,0.065
354500,0.010,0.925,0.065
355000,0.010,0.924,0.066
355500,0.010,0.921,0.069
356000,0.010,0.913,0.077
356500,0.010,0.914,0.076
357000,0.010,0.918,0.072
357500,0.010,0.921,0.069
358000,0.010,0.920,0.070
358500,0.010,0.928,0.061
359000,0.010,0.928,0.062
359500,0.010,0.928,0.062
360000,0.010,0.927,0.062
360500,0.010,0.920,0.070
361000,0.010,0.923,0.067
361500,0.010,0.927,0.062
362000,0.010,0.924,0.066
362500,0.010,0.922,0.068
363000,0.010,0.934,0.056
363500,0.010,0.940,0.050
364000,0.010,0.941,0.049
364500,0.010,0.941,0.049
365000,0.010,0.940,0.050
365500,0.010,0.931,0.058
366000,0.011,0.928,0.060
366500,0.011,0.932,0.056
367000,0.011,0.929,0.060
367500,0.011,0.926,0.064
368000,0.010,0.934,0.056
368500,0.010,0.933,0.056
369000,0.010,0.928,0.062
369500,0.010,0.923,0.067
370000,0.010,0.921,0.069
370500,0.010,0.916,0.074
371000,0.011,0.921,0.067
371500,0.011,0.920,0.069
372000,0.011,0.925,0.064
372500,0.011,0.925,0.064
373000,0.011,0.923,0.067
373500,0.010,0.919,0.071
374000,0.010,0.912,0.078
374500,0.010,0.915,0.075
375000,0.010,0.909,0.081
375500,0.010,0.915,0.075
376000,0.010,0.922,0.068
376500,0.010,0.924,0.066
377000,0.010,0.924,0.066
377500,0.010,0.919,0.071
378000,0.010,0.917,0.073
378500,0.010,0.917,0.073
379000,0.011,0.918,0.071
379500,0.011,0.919,0.070
380000,0.011,0.918,0.072
380500,0.011,0.913,0.076
381000,0.010,0.910,0.080
381500,0.010,0.910,0.080
382000,0.010,0.910,0.080
382500,0.010,0.907,0.083
383000,0.010,0.899,0.091
383500,0.010,0.908,0.082
384000,0.010,0.905,0.085
384500,0.010,0.910,0.080
385000,0.010,0.919,0.071
385500,0.010,0.924,0.066
386000,0.010,0.930,0.060
386500,0.010,0.926,0.064
387000,0.010,0.926,0.064
387500,0.010,0.925,0.065
388000,0.010,0.919,0.071
388500,0.010,0.917,0.073
389000,0.010,0.924,0.066
389500,0.010,0.926,0.064
390000,0.010,0.930,0.060
390500,0.010,0.929,0.060
391000,0.010,0.931,0.059
391500,0.010,0.932,0.058
392000,0.010,0.932,0.058
392500,0.010,0.933,0.056
393000,0.010,0.924,0.066
393500,0.010,0.929,0.061
394000,0.010,0.939,0.051
394500,0.011,0.940,0.050
395000,0.010,0.940,0.050
395500,0.010,0.940,0.050
396000,0.010,0.944,0.046
396500,0.010,0.938,0.052
397000,0.010,0.940,0.050
397500,0.010,0.943,0.047
398000,0.010,0.950,0.040
398500,0.010,0.953,0.037
399000,0.010,0.949,0.041
399500,0.010,0.946,0.044
400000,0.010,0.946,0.044
400500,0.010,0.943,0.047
401000,0.010,0.944,0.046
401500,0.010,0.946,0.044
402000,0.010,0.947,0.043
402500,0.010,0.932,0.057
403000,0.010,0.935,0.055
403500,0.010,0.941,0.049
404000,0.010,0.945,0.045
404500,0.010,0.955,0.035
405000,0.010,0.952,0.038
405500,0.010,0.954,0.036
406000,0.010,0.954,0.036
406500,0.010,0.957,0.033
407000,0.010,0.959,0.031
407500,0.010,0.958,0.032
408000,0.010,0.962,0.028
408500,0.010,0.958,0.032
409000,0.010,0.950,0.040
409500,0.010,0.942,0.048
410000,0.010,0.941,0.049
410500,0.010,0.946,0.044
411000,0.010,0.942,0.048
411500,0.010,0.939,0.051
412000,0.010,0.939,0.051
412500,0.010,0.937,0.053
413000,0.010,0.946,0.044
413500,0.010,0.942,0.048
414000,0.010,0.944,0.046
414500,0.010,0.942,0.048
415000,0.010,0.941,0.049
415500,0.010,0.939,0.051
416000,0.010,0.935,0.055
416500,0.010,0.930,0.059
417000,0.010,0.931,0.058
417500,0.010,0.927,0.063
418000,0.010,0.925,0.065
418500,0.010,0.928,0.062
419000,0.010,0.930,0.060
419500,0.010,0.926,0.064
420000,0.010,0.931,0.059
420500,0.010,0.930,0.059
421000,0.010,0.929,0.061
421500,0.010,0.929,0.061
422000,0.010,0.931,0.058
422500,0.010,0.920,0.070
423000,0.010,0.923,0.067
423500,0.010,0.927,0.063
424000,0.010,0.930,0.059
424500,0.010,0.927,0.062
425000,0.010,0.936,0.054
425500,0.010,0.935,0.054
426000,0.010,0.941,0.049
426500,0.010,0.934,0.055
427000,0.010,0.928,0.062
427500,0.010,0.930,0.059
428000,0.010,0.921,0.069
428500,0.010,0.920,0.070
429000,0.010,0.920,0.070
429500,0.010,0.921,0.069
430000,0.010,0.916,0.074
430500,0.010,0.919,0.071
431000,0.010,0.925,0.065
431500,0.010,0.930,0.060
432000,0.010,0.928,0.062
432500,0.010,0.924,0.066
433000,0.011,0.933,0.056
433500,0.011,0.940,0.049
434000,0.010,0.937,0.053
434500,0.010,0.934,0.056
435000,0.010,0.939,0.051
435500,0.010,0.932,0.058
436000,0.010,0.935,0.054
436500,0.010,0.928,0.062
437000,0.010,0.930,0.059
437500,0.010,0.930,0.059
438000,0.010,0.928,0.061
438500,0.010,0.929,0.061
439000,0.010,0.933,0.057
439500,0.010,0.933,0.057
440000,0.011,0.928,0.060
440500,0.012,0.924,0.064
441000,0.011,0.919,0.070
441500,0.011,0.921,0.069
442000,0.011,0.926,0.063
442500,0.011,0.925,0.065
443000,0.011,0.928,0.061
443500,0.010,0.922,0.068
444000,0.010,0.909,0.081
444500,0.010,0.913,0.077
445000,0.010,0.915,0.075
445500,0.010,0.912,0.078
446000,0.010,0.911,0.079
446500,0.010,0.919,0.071
447000,0.010,0.932,0.058
447500,0.010,0.933,0.056
448000,0.010,0.937,0.053
448500,0.010,0.930,0.060
449000,0.010,0.937,0.053
449500,0.010,0.933,0.056
450000,0.010,0.923,0.067
450500,0.010,0.911,0.079
451000,0.010,0.915,0.075
451500,0.010,0.909,0.081
452000,0.010,0.910,0.080
452500,0.010,0.907,0.083
453000,0.011,0.907,0.082
453500,0.011,0.904,0.085
454000,0.011,0.908,0.080
454500,0.011,0.910,0.079
455000,0.011,0.921,0.069
455500,0.010,0.919,0.071
456000,0.010,0.923,0.067
456500,0.010,0.924,0.066
457000,0.010,0.924,0.066
457500,0.010,0.930,0.059
458000,0.010,0.930,0.060
458500,0.010,0.938,0.052
459000,0.010,0.934,0.055
459500,0.010,0.933,0.057
460000,0.010,0.932,0.058
460500,0.010,0.945,0.045
461000,0.010,0.951,0.039
461500,0.010,0.945,0.045
462000,0.010,0.946,0.044
462500,0.010,0.940,0.050
463000,0.010,0.947,0.043
463500,0.010,0.951,0.039
464000,0.010,0.944,0.046
464500,0.010,0.944,0.046
465000,0.010,0.942,0.048
465500,0.010,0.939,0.051
466000,0.010,0.941,0.049
466500,0.010,0.943,0.047
467000,0.010,0.937,0.053
467500,0.010,0.938,0.052
468000,0.010,0.934,0.056
468500,0.010,0.935,0.054
469000,0.010,0.924,0.066
469500,0.010,0.921,0.069
470000,0.010,0.919,0.071
470500,0.011,0.922,0.067
471000,0.011,0.924,0.065
471500,0.011,0.918,0.071
472000,0.011,0.917,0.072
472500,0.011,0.914,0.075
473000,0.011,0.913,0.075
473500,0.011,0.915,0.073
474000,0.011,0.921,0.068
474500,0.011,0.925,0.065
475000,0.010,0.923,0.067
475500,0.010,0.927,0.062
476000,0.010,0.924,0.066
476500,0.010,0.920,0.070
477000,0.010,0.924,0.066
477500,0.010,0.933,0.056
478000,0.010,0.924,0.066
478500,0.010,0.920,0.070
479000,0.010,0.923,0.067
479500,0.010,0.919,0.071
480000,0.010,0.921,0.069
480500,0.010,0.916,0.074
481000,0.010,0.920,0.070
481500,0.010,0.927,0.062
482000,0.010,0.930,0.059
482500,0.010,0.931,0.059
483000,0.010,0.940,0.050
483500,0.010,0.944,0.046
484000,0.010,0.938,0.052
484500,0.010,0.924,0.066
485000,0.010,0.919,0.071
485500,0.010,0.904,0.086
486000,0.010,0.910,0.080
486500,0.010,0.908,0.082
487000,0.010,0.913,0.077
487500,0.010,0.922,0.068
488000,0.010,0.930,0.060
488500,0.010,0.934,0.055
489000,0.010,0.932,0.057
489500,0.010,0.935,0.054
490000,0.010,0.941,0.049
490500,0.010,0.933,0.056
491000,0.010,0.924,0.066
491500,0.010,0.932,0.058
492000,0.010,0.930,0.059
492500,0.010,0.939,0.051
493000,0.010,0.945,0.045
493500,0.010,0.944,0.046
494000,0.010,0.943,0.047
494500,0.010,0.939,0.051
495000,0.010,0.938,0.052
495500,0.010,0.939,0.051
496000,0.010,0.938,0.052
496500,0.010,0.943,0.047
497000,0.010,0.942,0.048
497500,0.010,0.938,0.052
498000,0.010,0.927,0.062
498500,0.010,0.920,0.070
499000,0.010,0.925,0.065
499500,0.010,0.923,0.067
500000,0.010,0.926,0.064
500500,0.010,0.932,0.058
501000,0.010,0.926,0.064
501500,0.010,0.914,0.076
502000,0.010,0.910,0.080
502500,0.011,0.927,0.062
503000,0.011,0.923,0.066
503500,0.011,0.925,0.065
504000,0.010,0.918,0.072
504500,0.010,0.918,0.072
505000,0.010,0.920,0.070
505500,0.010,0.918,0.072
506000,0.010,0.923,0.067
506500,0.010,0.922,0.068
507000,0.010,0.923,0.067
507500,0.010,0.922,0.068
508000,0.010,0.931,0.058
508500,0.010,0.932,0.058
509000,0.010,0.933,0.056
509500,0.010,0.927,0.063
510000,0.010,0.934,0.056
510500,0.010,0.924,0.066
511000,0.010,0.921,0.069
511500,0.010,0.920,0.070
512000,0.010,0.935,0.055
512500,0.010,0.930,0.059
513000,0.010,0.933,0.056
513500,0.010,0.933,0.057
514000,0.010,0.938,0.052
514500,0.010,0.936,0.054
515000,0.010,0.942,0.048
515500,0.011,0.937,0.052
516000,0.010,0.946,0.044
516500,0.010,0.946,0.044
517000,0.011,0.951,0.039
517500,0.011,0.946,0.044
518000,0.011,0.947,0.043
518500,0.011,0.946,0.044
519000,0.011,0.933,0.056
519500,0.011,0.932,0.057
520000,0.011,0.939,0.051
520500,0.010,0.938,0.052
521000,0.011,0.939,0.050
521500,0.011,0.942,0.048
522000,0.010,0.951,0.039
522500,0.010,0.957,0.033
523000,0.010,0.950,0.040
523500,0.010,0.951,0.039
524000,0.010,0.936,0.054
524500,0.010,0.931,0.058
525000,0.010,0.931,0.059
525500,0.010,0.931,0.059
526000,0.010,0.934,0.056
526500,0.010,0.926,0.064
527000,0.010,0.926,0.064
527500,0.010,0.929,0.061
528000,0.010,0.935,0.055
528500,0.010,0.927,0.063
529000,0.010,0.924,0.066
529500,0.010,0.922,0.068
530000,0.011,0.919,0.070
530500,0.011,0.910,0.079
531000,0.011,0.911,0.078
531500,0.010,0.907,0.083
532000,0.010,0.905,0.085
532500,0.010,0.916,0.074
533000,0.011,0.916,0.073
533500,0.011,0.910,0.079
534000,0.011,0.918,0.071
534500,0.011,0.919,0.071
535000,0.011,0.923,0.067
535500,0.011,0.922,0.068
536000,0.011,0.920,0.070
536500,0.011,0.904,0.085
537000,0.010,0.895,0.095
537500,0.010,0.893,0.097
538000,0.010,0.909,0.081
538500,0.010,0.914,0.076
539000,0.010,0.921,0.069
539500,0.011,0.910,0.079
540000,0.011,0.915,0.074
540500,0.011,0.921,0.069
541000,0.011,0.926,0.064
541500,0.010,0.923,0.067
542000,0.010,0.925,0.065
542500,0.010,0.927,0.063
543000,0.010,0.933,0.057
543500,0.010,0.934,0.056
544000,0.010,0.935,0.054
544500,0.010,0.940,0.050
545000,0.010,0.950,0.040
545500,0.010,0.954,0.036
546000,0.010,0.949,0.041
546500,0.010,0.949,0.041
547000,0.010,0.947,0.043
547500,0.010,0.947,0.043
548000,0.010,0.941,0.049
548500,0.010,0.944,0.046
549000,0.010,0.937,0.053
549500,0.010,0.944,0.046
550000,0.010,0.945,0.045
550500,0.010,0.951,0.039
551000,0.010,0.946,0.044
551500,0.010,0.941,0.049
552000,0.011,0.934,0.055
552500,0.010,0.938,0.052
553000,0.010,0.939,0.051
553500,0.010,0.943,0.047
554000,0.010,0.945,0.045
554500,0.010,0.942,0.048
555000,0.010,0.947,0.043
555500,0.010,0.946,0.044
556000,0.010,0.948,0.042
556500,0.010,0.948,0.042
557000,0.010,0.948,0.042
557500,0.010,0.955,0.035
558000,0.010,0.954,0.036
558500,0.010,0.952,0.038
559000,0.010,0.950,0.040
559500,0.010,0.948,0.042
560000,0.010,0.945,0.045
560500,0.010,0.946,0.044
561000,0.010,0.936,0.053
561500,0.010,0.933,0.056
562000,0.010,0.942,0.048
562500,0.010,0.947,0.043
563000,0.010,0.948,0.042
563500,0.010,0.942,0.048
564000,0.010,0.949,0.041
564500,0.010,0.945,0.045
565000,0.010,0.944,0.046
565500,0.010,0.944,0.046
566000,0.010,0.946,0.044
566500,0.010,0.937,0.053
567000,0.010,0.943,0.047
567500,0.010,0.929,0.061
568000,0.010,0.933,0.056
568500,0.010,0.924,0.066
569000,0.010,0.928,0.061
569500,0.010,0.929,0.061
570000,0.010,0.932,0.057
570500,0.010,0.926,0.064
571000,0.010,0.931,0.059
571500,0.011,0.931,0.058
572000,0.011,0.928,0.061
572500,0.010,0.929,0.060
573000,0.010,0.928,0.061
573500,0.010,0.924,0.066
574000,0.010,0.921,0.069
574500,0.010,0.924,0.066
575000,0.010,0.916,0.074
575500,0.010,0.923,0.067
576000,0.010,0.928,0.061
576500,0.010,0.930,0.060
577000,0.010,0.926,0.064
577500,0.010,0.926,0.064
578000,0.010,0.926,0.064
578500,0.010,0.922,0.068
579000,0.010,0.922,0.068
579500,0.010,0.927,0.063
580000,0.010,0.934,0.055
580500,0.010,0.931,0.058
581000,0.010,0.932,0.057
581500,0.010,0.939,0.051
582000,0.010,0.938,0.052
582500,0.010,0.936,0.053
583000,0.010,0.936,0.053
583500,0.010,0.938,0.052
584000,0.010,0.943,0.047
584500,0.010,0.933,0.056
585000,0.010,0.941,0.049
585500,0.010,0.935,0.054
586000,0.010,0.932,0.058
586500,0.010,0.942,0.048
587000,0.010,0.935,0.055
587500,0.010,0.941,0.049
588000,0.010,0.943,0.047
588500,0.010,0.946,0.044
589000,0.010,0.944,0.046
589500,0.010,0.944,0.046
590000,0.010,0.940,0.050
590500,0.010,0.944,0.046
591000,0.010,0.941,0.049
591500,0.010,0.942,0.048
592000,0.010,0.952,0.038
592500,0.010,0.954,0.036
593000,0.010,0.956,0.034
593500,0.010,0.956,0.034
594000,0.010,0.953,0.037
594500,0.010,0.946,0.044
595000,0.010,0.948,0.042
595500,0.010,0.941,0.049
596000,0.011,0.947,0.042
596500,0.010,0.950,0.040
597000,0.010,0.947,0.043
597500,0.010,0.945,0.045
598000,0.010,0.950,0.040
598500,0.010,0.947,0.043
599000,0.010,0.950,0.040
599500,0.010,0.955,0.035
600000,0.010,0.961,0.029
600500,0.010,0.958,0.032
601000,0.010,0.955,0.035
601500,0.010,0.959,0.031
602000,0.010,0.954,0.036
602500,0.010,0.945,0.045
603000,0.010,0.947,0.043
603500,0.010,0.945,0.045
604000,0.010,0.937,0.053
604500,0.010,0.939,0.051
605000,0.010,0.933,0.056
605500,0.010,0.926,0.064
606000,0.010,0.935,0.054
606500,0.010,0.936,0.053
607000,0.010,0.946,0.044
607500,0.010,0.949,0.041
608000,0.010,0.949,0.041
608500,0.010,0.952,0.038
609000,0.010,0.958,0.032
609500,0.010,0.960,0.030
610000,0.010,0.958,0.032
610500,0.010,0.955,0.035
611000,0.010,0.948,0.042
611500,0.010,0.945,0.045
612000,0.010,0.944,0.046
612500,0.010,0.942,0.048
613000,0.010,0.926,0.064
613500,0.010,0.929,0.060
614000,0.010,0.929,0.061
614500,0.010,0.918,0.072
615000,0.010,0.916,0.074
615500,0.010,0.909,0.081
616000,0.010,0.912,0.078
616500,0.010,0.912,0.078
617000,0.010,0.909,0.081
617500,0.010,0.913,0.077
618000,0.010,0.917,0.073
618500,0.010,0.919,0.071
619000,0.010,0.925,0.065
619500,0.010,0.926,0.064
620000,0.010,0.924,0.066
620500,0.010,0.930,0.059
621000,0.010,0.929,0.061
621500,0.010,0.941,0.049
622000,0.010,0.940,0.050
622500,0.010,0.935,0.054
623000,0.010,0.939,0.051
623500,0.010,0.934,0.055
624000,0.010,0.942,0.048
624500,0.010,0.937,0.053
625000,0.010,0.949,0.041
625500,0.011,0.943,0.046
626000,0.011,0.939,0.050
626500,0.011,0.940,0.049
627000,0.011,0.939,0.051
627500,0.011,0.941,0.049
628000,0.011,0.937,0.052
628500,0.011,0.932,0.057
629000,0.010,0.933,0.057
629500,0.011,0.932,0.056
630000,0.011,0.930,0.059
630500,0.011,0.931,0.058
631000,0.010,0.931,0.059
631500,0.010,0.932,0.058
632000,0.010,0.933,0.057
632500,0.010,0.936,0.053
633000,0.010,0.941,0.049
633500,0.010,0.938,0.052
634000,0.010,0.934,0.055
634500,0.010,0.939,0.051
635000,0.010,0.935,0.054
635500,0.011,0.929,0.060
636000,0.010,0.933,0.056
636500,0.010,0.932,0.058
637000,0.010,0.928,0.062
637500,0.010,0.916,0.074
638000,0.010,0.918,0.072
638500,0.010,0.919,0.071
639000,0.010,0.922,0.068
639500,0.010,0.921,0.069
640000,0.010,0.927,0.063
640500,0.011,0.928,0.061
641000,0.011,0.914,0.075
641500,0.011,0.929,0.060
642000,0.010,0.934,0.056
642500,0.010,0.938,0.052
643000,0.010,0.941,0.049
643500,0.010,0.938,0.052
644000,0.010,0.943,0.047
644500,0.010,0.944,0.046
645000,0.010,0.941,0.049
645500,0.010,0.942,0.048
646000,0.010,0.944,0.046
646500,0.010,0.948,0.042
647000,0.010,0.952,0.038
647500,0.010,0.946,0.044
648000,0.010,0.947,0.043
648500,0.010,0.944,0.046
649000,0.010,0.950,0.040
649500,0.010,0.951,0.039
650000,0.010,0.955,0.035
650500,0.010,0.952,0.038
651000,0.010,0.953,0.037
651500,0.010,0.952,0.038
652000,0.010,0.946,0.044
652500,0.010,0.943,0.047
653000,0.010,0.949,0.041
653500,0.010,0.945,0.045
654000,0.010,0.950,0.040
654500,0.010,0.947,0.043
655000,0.010,0.939,0.051
655500,0.010,0.934,0.055
656000,0.010,0.933,0.057
656500,0.010,0.934,0.055
657000,0.011,0.922,0.067
657500,0.011,0.931,0.058
658000,0.010,0.930,0.059
658500,0.010,0.929,0.061
659000,0.010,0.929,0.061
659500,0.010,0.929,0.061
660000,0.010,0.933,0.056
660500,0.010,0.932,0.057
661000,0.010,0.927,0.062
661500,0.010,0.933,0.056
662000,0.010,0.928,0.062
662500,0.010,0.925,0.065
663000,0.010,0.934,0.056
663500,0.010,0.940,0.050
664000,0.011,0.944,0.046
664500,0.011,0.950,0.040
665000,0.010,0.953,0.037
665500,0.010,0.952,0.038
666000,0.010,0.953,0.037
666500,0.010,0.954,0.036
667000,0.011,0.948,0.041
667500,0.011,0.947,0.043
668000,0.011,0.943,0.047
668500,0.011,0.946,0.044
669000,0.011,0.950,0.040
669500,0.010,0.951,0.039
670000,0.010,0.953,0.037
670500,0.010,0.947,0.043
671000,0.010,0.940,0.050
671500,0.010,0.931,0.058
672000,0.010,0.933,0.056
672500,0.010,0.931,0.058
673000,0.011,0.934,0.055
673500,0.011,0.931,0.057
674000,0.011,0.935,0.054
674500,0.011,0.932,0.057
675000,0.010,0.939,0.051
675500,0.010,0.933,0.056
676000,0.010,0.938,0.052
676500,0.010,0.934,0.055
677000,0.010,0.923,0.067
677500,0.010,0.929,0.061
678000,0.010,0.931,0.058
678500,0.010,0.927,0.063
679000,0.010,0.925,0.065
679500,0.010,0.926,0.064
680000,0.010,0.922,0.068
680500,0.010,0.926,0.064
681000,0.010,0.926,0.064
681500,0.010,0.928,0.061
682000,0.010,0.931,0.059
682500,0.011,0.928,0.061
683000,0.011,0.920,0.069
683500,0.011,0.917,0.072
684000,0.011,0.922,0.067
684500,0.011,0.926,0.063
685000,0.011,0.924,0.066
685500,0.010,0.929,0.061
686000,0.010,0.926,0.064
686500,0.011,0.932,0.056
687000,0.011,0.932,0.056
687500,0.011,0.928,0.061
688000,0.010,0.926,0.064
688500,0.010,0.937,0.053
689000,0.010,0.943,0.047
689500,0.010,0.944,0.046
690000,0.010,0.945,0.045
690500,0.010,0.943,0.047
691000,0.010,0.941,0.049
691500,0.010,0.940,0.050
692000,0.010,0.934,0.056
692500,0.010,0.928,0.062
693000,0.010,0.933,0.056
693500,0.010,0.932,0.057
694000,0.010,0.927,0.063
694500,0.010,0.929,0.061
695000,0.010,0.927,0.063
695500,0.010,0.922,0.068
696000,0.010,0.926,0.064
696500,0.010,0.928,0.062
697000,0.010,0.932,0.058
697500,0.010,0.930,0.060
698000,0.010,0.926,0.064
698500,0.010,0.919,0.071
699000,0.010,0.931,0.059
699500,0.010,0.931,0.058
700000,0.010,0.934,0.055
700500,0.010,0.931,0.058
701000,0.010,0.925,0.065
701500,0.010,0.932,0.057
702000,0.010,0.932,0.057
702500,0.010,0.926,0.064
703000,0.010,0.931,0.059
703500,0.010,0.918,0.072
704000,0.010,0.926,0.064
704500,0.010,0.915,0.075
705000,0.010,0.917,0.073
705500,0.010,0.921,0.069
706000,0.010,0.924,0.066
706500,0.010,0.919,0.071
707000,0.010,0.918,0.072
707500,0.010,0.924,0.066
708000,0.010,0.924,0.066
708500,0.010,0.927,0.062
709000,0.010,0.926,0.064
709500,0.010,0.925,0.065
710000,0.010,0.922,0.068
710500,0.010,0.933,0.057
711000,0.010,0.924,0.066
711500,0.011,0.920,0.069
712000,0.011,0.927,0.062
712500,0.011,0.926,0.064
713000,0.010,0.930,0.059
713500,0.010,0.931,0.059
714000,0.010,0.937,0.053
714500,0.010,0.942,0.048
715000,0.010,0.943,0.047
715500,0.010,0.931,0.059
716000,0.010,0.931,0.059
716500,0.010,0.936,0.053
717000,0.010,0.936,0.054
717500,0.010,0.932,0.057
718000,0.010,0.928,0.061
718500,0.010,0.923,0.067
719000,0.010,0.921,0.069
719500,0.010,0.923,0.067
720000,0.010,0.920,0.070
720500,0.010,0.920,0.070
721000,0.010,0.921,0.069
721500,0.010,0.919,0.071
722000,0.010,0.915,0.075
722500,0.010,0.917,0.073
723000,0.010,0.925,0.065
723500,0.010,0.921,0.069
724000,0.010,0.930,0.060
724500,0.010,0.925,0.065
725000,0.010,0.927,0.063
725500,0.010,0.938,0.052
726000,0.010,0.941,0.049
726500,0.010,0.944,0.046
727000,0.010,0.942,0.048
727500,0.010,0.934,0.056
728000,0.010,0.933,0.057
728500,0.010,0.928,0.062
729000,0.010,0.935,0.054
729500,0.010,0.930,0.060
730000,0.010,0.932,0.057
730500,0.010,0.940,0.050
731000,0.010,0.938,0.052
731500,0.010,0.939,0.051
732000,0.010,0.939,0.051
732500,0.010,0.938,0.052
733000,0.010,0.934,0.055
733500,0.010,0.927,0.062
734000,0.010,0.929,0.061
734500,0.010,0.926,0.064
735000,0.010,0.927,0.063
735500,0.010,0.930,0.060
736000,0.010,0.940,0.050
736500,0.010,0.941,0.049
737000,0.010,0.937,0.053
737500,0.010,0.930,0.060
738000,0.010,0.929,0.060
738500,0.010,0.923,0.067
739000,0.011,0.927,0.062
739500,0.011,0.925,0.065
740000,0.011,0.925,0.065
740500,0.010,0.923,0.067
741000,0.010,0.914,0.076
741500,0.010,0.916,0.074
742000,0.010,0.919,0.071
742500,0.010,0.922,0.068
743000,0.010,0.926,0.064
743500,0.010,0.936,0.053
744000,0.010,0.936,0.053
744500,0.010,0.943,0.047
745000,0.010,0.942,0.048
745500,0.010,0.947,0.043
746000,0.010,0.947,0.043
746500,0.010,0.939,0.051
747000,0.010,0.941,0.049
747500,0.010,0.941,0.049
748000,0.010,0.933,0.056
748500,0.010,0.941,0.049
749000,0.010,0.946,0.044
749500,0.010,0.940,0.050
750000,0.010,0.935,0.054
750500,0.010,0.938,0.052
751000,0.010,0.930,0.059
751500,0.010,0.938,0.052
752000,0.010,0.940,0.050
752500,0.010,0.938,0.052
753000,0.010,0.937,0.053
753500,0.010,0.944,0.046
754000,0.010,0.936,0.053
754500,0.010,0.931,0.059
755000,0.010,0.924,0.066
755500,0.011,0.921,0.067
756000,0.011,0.914,0.075
756500,0.011,0.909,0.080
757000,0.011,0.923,0.066
757500,0.011,0.918,0.071
758000,0.010,0.925,0.065
758500,0.010,0.925,0.065
759000,0.010,0.925,0.065
759500,0.010,0.924,0.066
760000,0.010,0.930,0.059
760500,0.010,0.933,0.057
761000,0.010,0.935,0.054
761500,0.010,0.944,0.046
762000,0.010,0.942,0.048
762500,0.010,0.941,0.049
763000,0.010,0.945,0.045
763500,0.010,0.945,0.045
764000,0.010,0.938,0.052
764500,0.010,0.933,0.056
765000,0.010,0.932,0.057
765500,0.010,0.940,0.050
766000,0.010,0.933,0.057
766500,0.010,0.935,0.055
767000,0.010,0.938,0.052
767500,0.010,0.934,0.056
768000,0.010,0.931,0.058
768500,0.010,0.932,0.057
769000,0.010,0.933,0.057
769500,0.010,0.927,0.063
770000,0.010,0.926,0.064
770500,0.010,0.927,0.062
771000,0.010,0.922,0.068
771500,0.010,0.927,0.062
772000,0.010,0.929,0.061
772500,0.010,0.929,0.060
773000,0.010,0.925,0.065
773500,0.010,0.927,0.063
774000,0.010,0.931,0.058
774500,0.010,0.934,0.055
775000,0.010,0.927,0.062
775500,0.010,0.926,0.064
776000,0.010,0.925,0.065
776500,0.010,0.928,0.062
777000,0.010,0.930,0.060
777500,0.010,0.935,0.055
778000,0.010,0.929,0.060
778500,0.010,0.933,0.057
779000,0.010,0.931,0.059
779500,0.010,0.931,0.058
780000,0.010,0.926,0.064
780500,0.011,0.928,0.060
781000,0.011,0.933,0.056
781500,0.011,0.942,0.048
782000,0.010,0.935,0.054
782500,0.011,0.932,0.056
783000,0.011,0.935,0.053
783500,0.011,0.938,0.052
784000,0.010,0.936,0.054
784500,0.010,0.937,0.053
785000,0.011,0.940,0.049
785500,0.011,0.936,0.052
786000,0.010,0.943,0.047
786500,0.010,0.932,0.057
787000,0.010,0.927,0.062
787500,0.010,0.924,0.066
788000,0.010,0.919,0.071
788500,0.010,0.920,0.070
789000,0.010,0.921,0.069
789500,0.010,0.921,0.069
790000,0.011,0.919,0.071
790500,0.010,0.913,0.077
791000,0.010,0.924,0.066
791500,0.010,0.919,0.071
792000,0.010,0.924,0.066
792500,0.010,0.926,0.064
793000,0.010,0.922,0.068
793500,0.010,0.919,0.071
794000,0.010,0.922,0.068
794500,0.010,0.927,0.063
795000,0.010,0.928,0.061
795500,0.011,0.920,0.068
796000,0.011,0.926,0.064
796500,0.011,0.929,0.060
797000,0.011,0.928,0.061
797500,0.011,0.930,0.059
798000,0.011,0.929,0.060
798500,0.011,0.924,0.066
799000,0.011,0.925,0.065
799500,0.011,0.926,0.064
800000,0.010,0.923,0.067
800500,0.010,0.924,0.066
801000,0.010,0.924,0.066
801500,0.010,0.940,0.050
802000,0.010,0.935,0.055
802500,0.010,0.935,0.055
803000,0.010,0.934,0.055
803500,0.010,0.940,0.050
804000,0.010,0.943,0.047
804500,0.010,0.943,0.047
805000,0.010,0.940,0.050
805500,0.010,0.934,0.056
806000,0.010,0.923,0.067
806500,0.010,0.924,0.066
807000,0.010,0.920,0.070
807500,0.010,0.924,0.066
808000,0.010,0.921,0.069
808500,0.010,0.926,0.064
809000,0.010,0.928,0.062
809500,0.010,0.920,0.070
810000,0.010,0.931,0.059
810500,0.010,0.932,0.057
811000,0.010,0.930,0.059
811500,0.010,0.931,0.058
812000,0.010,0.943,0.047
812500,0.010,0.946,0.044
813000,0.010,0.946,0.044
813500,0.010,0.941,0.049
814000,0.010,0.946,0.044
814500,0.010,0.950,0.040
815000,0.010,0.940,0.050
815500,0.010,0.938,0.052
816000,0.010,0.943,0.047
816500,0.010,0.943,0.047
817000,0.010,0.938,0.052
817500,0.010,0.930,0.060
818000,0.010,0.927,0.063
818500,0.010,0.921,0.069
819000,0.010,0.916,0.074
819500,0.010,0.921,0.069
820000,0.010,0.918,0.072
820500,0.010,0.920,0.070
821000,0.010,0.916,0.074
821500,0.010,0.919,0.071
822000,0.010,0.919,0.071
822500,0.010,0.930,0.059
823000,0.010,0.927,0.062
823500,0.010,0.912,0.078
824000,0.010,0.919,0.071
824500,0.010,0.920,0.070
825000,0.010,0.924,0.066
825500,0.010,0.926,0.064
826000,0.010,0.920,0.070
826500,0.010,0.916,0.074
827000,0.010,0.923,0.067
827500,0.010,0.921,0.069
828000,0.010,0.922,0.068
828500,0.010,0.923,0.067
829000,0.010,0.931,0.059
829500,0.010,0.925,0.065
830000,0.010,0.933,0.056
830500,0.010,0.936,0.054
831000,0.010,0.932,0.057
831500,0.010,0.931,0.058
832000,0.010,0.938,0.052
832500,0.010,0.943,0.047
833000,0.010,0.943,0.047
833500,0.010,0.943,0.047
834000,0.010,0.945,0.045
834500,0.010,0.930,0.060
835000,0.010,0.926,0.064
835500,0.010,0.924,0.066
836000,0.010,0.932,0.057
836500,0.010,0.933,0.057
837000,0.010,0.930,0.060
837500,0.010,0.925,0.065
838000,0.010,0.923,0.067
838500,0.010,0.923,0.067
839000,0.010,0.927,0.062
839500,0.010,0.926,0.064
840000,0.010,0.933,0.057
840500,0.010,0.933,0.057
841000,0.010,0.927,0.062
841500,0.010,0.932,0.057
842000,0.010,0.932,0.057
842500,0.010,0.936,0.054
843000,0.010,0.940,0.050
843500,0.010,0.940,0.050
844000,0.010,0.935,0.054
844500,0.010,0.936,0.053
845000,0.010,0.934,0.056
845500,0.010,0.936,0.054
846000,0.010,0.934,0.056
846500,0.010,0.931,0.059
847000,0.010,0.932,0.057
847500,0.010,0.934,0.055
848000,0.011,0.930,0.059
848500,0.011,0.936,0.053
849000,0.010,0.934,0.055
849500,0.010,0.938,0.052
850000,0.010,0.939,0.051
850500,0.010,0.939,0.051
851000,0.010,0.935,0.055
851500,0.010,0.941,0.049
852000,0.010,0.939,0.051
852500,0.010,0.925,0.065
853000,0.010,0.928,0.062
853500,0.010,0.928,0.061
854000,0.010,0.919,0.071
854500,0.010,0.916,0.074
855000,0.010,0.915,0.075
855500,0.010,0.917,0.073
856000,0.010,0.925,0.065
856500,0.010,0.932,0.058
857000,0.010,0.934,0.056
857500,0.010,0.938,0.052
858000,0.010,0.941,0.049
858500,0.010,0.934,0.055
859000,0.010,0.944,0.046
859500,0.010,0.945,0.045
860000,0.010,0.932,0.057
860500,0.010,0.924,0.066
861000,0.010,0.928,0.061
861500,0.010,0.929,0.060
862000,0.010,0.935,0.055
862500,0.010,0.928,0.061
863000,0.010,0.935,0.055
863500,0.010,0.931,0.058
864000,0.010,0.931,0.059
864500,0.010,0.928,0.062
865000,0.010,0.923,0.067
865500,0.010,0.927,0.063
866000,0.010,0.925,0.065
866500,0.010,0.921,0.069
867000,0.010,0.917,0.073
867500,0.010,0.924,0.066
868000,0.010,0.918,0.072
868500,0.010,0.914,0.076
869000,0.010,0.920,0.070
869500,0.010,0.912,0.078
870000,0.010,0.907,0.083
870500,0.010,0.905,0.085
871000,0.010,0.897,0.093
871500,0.010,0.901,0.089
872000,0.011,0.911,0.078
872500,0.011,0.910,0.079
873000,0.011,0.910,0.079
873500,0.010,0.914,0.076
874000,0.011,0.910,0.079
874500,0.011,0.917,0.072
875000,0.011,0.919,0.071
875500,0.011,0.919,0.071
876000,0.010,0.920,0.070
876500,0.010,0.916,0.074
877000,0.010,0.907,0.083
877500,0.010,0.906,0.084
878000,0.010,0.911,0.079
878500,0.011,0.907,0.082
879000,0.011,0.910,0.079
879500,0.010,0.913,0.077
880000,0.010,0.914,0.076
880500,0.010,0.904,0.086
881000,0.010,0.913,0.077
881500,0.010,0.902,0.088
882000,0.010,0.900,0.090
882500,0.010,0.911,0.079
883000,0.010,0.918,0.072
883500,0.010,0.918,0.072
884000,0.010,0.914,0.076
884500,0.010,0.922,0.068
885000,0.010,0.919,0.071
885500,0.010,0.931,0.059
886000,0.010,0.927,0.062
886500,0.010,0.923,0.067
887000,0.010,0.924,0.066
887500,0.010,0.926,0.064
888000,0.010,0.921,0.069
888500,0.010,0.921,0.069
889000,0.010,0.926,0.064
889500,0.010,0.919,0.071
890000,0.010,0.925,0.065
890500,0.010,0.920,0.070
891000,0.010,0.919,0.071
891500,0.010,0.920,0.070
892000,0.010,0.930,0.060
892500,0.010,0.934,0.055
893000,0.010,0.933,0.056
893500,0.010,0.921,0.069
894000,0.010,0.920,0.070
894500,0.010,0.928,0.061
895000,0.010,0.932,0.058
895500,0.010,0.934,0.055
896000,0.010,0.930,0.059
896500,0.010,0.932,0.058
897000,0.010,0.929,0.061
897500,0.010,0.924,0.066
898000,0.010,0.928,0.061
898500,0.010,0.931,0.058
899000,0.010,0.933,0.057
899500,0.010,0.929,0.060
900000,0.010,0.930,0.059
900500,0.011,0.926,0.063
901000,0.011,0.928,0.061
901500,0.011,0.932,0.057
902000,0.010,0.926,0.064
902500,0.010,0.921,0.069
903000,0.010,0.922,0.068
903500,0.011,0.908,0.080
904000,0.011,0.913,0.075
904500,0.011,0.926,0.063
905000,0.011,0.921,0.068
905500,0.010,0.915,0.075
906000,0.010,0.914,0.076
906500,0.010,0.919,0.071
907000,0.010,0.916,0.074
907500,0.010,0.911,0.079
908000,0.010,0.918,0.072
908500,0.010,0.919,0.071
909000,0.010,0.923,0.067
909500,0.010,0.920,0.070
910000,0.010,0.924,0.066
910500,0.010,0.927,0.062
911000,0.010,0.922,0.068
911500,0.010,0.916,0.074
912000,0.010,0.918,0.072
912500,0.010,0.910,0.080
913000,0.010,0.897,0.093
913500,0.010,0.899,0.091
914000,0.010,0.906,0.084
914500,0.010,0.914,0.076
915000,0.010,0.911,0.079
915500,0.010,0.908,0.082
916000,0.010,0.917,0.073
916500,0.010,0.919,0.071
917000,0.010,0.924,0.066
917500,0.010,0.923,0.067
918000,0.010,0.936,0.053
918500,0.010,0.938,0.052
919000,0.010,0.916,0.074
919500,0.011,0.920,0.069
920000,0.011,0.920,0.069
920500,0.011,0.930,0.058
921000,0.011,0.925,0.064
921500,0.011,0.929,0.060
922000,0.010,0.927,0.062
922500,0.010,0.924,0.066
923000,0.010,0.923,0.067
923500,0.010,0.919,0.071
924000,0.011,0.921,0.068
924500,0.011,0.927,0.062
925000,0.011,0.927,0.062
925500,0.011,0.928,0.061
926000,0.011,0.917,0.072
926500,0.011,0.916,0.074
927000,0.010,0.914,0.076
927500,0.010,0.908,0.082
928000,0.010,0.906,0.084
928500,0.010,0.907,0.083
929000,0.010,0.914,0.076
929500,0.010,0.915,0.075
930000,0.010,0.917,0.073
930500,0.010,0.915,0.075
931000,0.010,0.918,0.072
931500,0.010,0.926,0.064
932000,0.010,0.930,0.059
932500,0.010,0.928,0.062
933000,0.010,0.937,0.053
933500,0.010,0.940,0.050
934000,0.011,0.932,0.057
934500,0.011,0.931,0.057
935000,0.011,0.933,0.056
935500,0.011,0.936,0.052
936000,0.011,0.934,0.054
936500,0.010,0.926,0.064
937000,0.010,0.934,0.055
937500,0.010,0.941,0.049
938000,0.010,0.950,0.040
938500,0.010,0.947,0.043
939000,0.010,0.947,0.043
939500,0.010,0.930,0.059
940000,0.010,0.927,0.062
940500,0.010,0.912,0.078
941000,0.010,0.923,0.067
941500,0.010,0.914,0.076
942000,0.010,0.897,0.093
942500,0.010,0.905,0.085
943000,0.010,0.910,0.080
943500,0.010,0.910,0.080
944000,0.010,0.920,0.070
944500,0.010,0.923,0.067
945000,0.010,0.922,0.068
945500,0.010,0.921,0.069
946000,0.010,0.915,0.075
946500,0.010,0.914,0.076
947000,0.010,0.909,0.081
947500,0.010,0.910,0.080
948000,0.010,0.915,0.075
948500,0.010,0.913,0.077
949000,0.011,0.909,0.081
949500,0.011,0.913,0.077
950000,0.011,0.911,0.078
950500,0.011,0.914,0.075
951000,0.011,0.923,0.067
951500,0.011,0.923,0.066
952000,0.010,0.923,0.067
952500,0.010,0.928,0.062
953000,0.010,0.939,0.051
953500,0.010,0.943,0.047
954000,0.010,0.945,0.045
954500,0.010,0.941,0.049
955000,0.010,0.934,0.056
955500,0.010,0.935,0.054
956000,0.010,0.938,0.052
956500,0.010,0.940,0.050
957000,0.010,0.932,0.058
957500,0.011,0.930,0.058
958000,0.011,0.929,0.060
958500,0.011,0.926,0.063
959000,0.011,0.932,0.057
959500,0.010,0.936,0.053
960000,0.010,0.937,0.053
960500,0.010,0.939,0.051
961000,0.010,0.944,0.046
961500,0.010,0.941,0.049
962000,0.010,0.954,0.036
962500,0.010,0.946,0.044
963000,0.010,0.943,0.047
963500,0.010,0.935,0.055
964000,0.010,0.932,0.058
964500,0.010,0.929,0.060
965000,0.010,0.929,0.060
965500,0.010,0.926,0.064
966000,0.010,0.925,0.065
966500,0.010,0.932,0.058
967000,0.010,0.936,0.053
967500,0.010,0.933,0.056
968000,0.011,0.930,0.058
968500,0.011,0.929,0.059
969000,0.011,0.936,0.053
969500,0.011,0.935,0.053
970000,0.011,0.935,0.054
970500,0.011,0.941,0.049
971000,0.011,0.944,0.046
971500,0.011,0.939,0.051
972000,0.011,0.939,0.051
972500,0.011,0.932,0.057
973000,0.010,0.926,0.064
973500,0.010,0.919,0.071
974000,0.010,0.920,0.070
974500,0.010,0.925,0.065
975000,0.011,0.926,0.062
975500,0.011,0.932,0.057
976000,0.011,0.928,0.061
976500,0.010,0.924,0.066
977000,0.010,0.927,0.062
977500,0.010,0.930,0.059
978000,0.010,0.933,0.056
978500,0.010,0.935,0.054
979000,0.010,0.929,0.060
979500,0.010,0.936,0.054
980000,0.010,0.936,0.053
980500,0.010,0.938,0.052
981000,0.010,0.940,0.050
981500,0.010,0.940,0.050
982000,0.010,0.939,0.051
982500,0.010,0.933,0.057
983000,0.010,0.931,0.058
983500,0.010,0.931,0.059
984000,0.010,0.924,0.066
984500,0.010,0.935,0.055
985000,0.010,0.923,0.067
985500,0.010,0.933,0.057
986000,0.010,0.945,0.045
986500,0.010,0.942,0.048
987000,0.010,0.943,0.047
987500,0.010,0.941,0.049
988000,0.010,0.939,0.051
988500,0.010,0.936,0.054
989000,0.010,0.935,0.054
989500,0.010,0.943,0.047
990000,0.010,0.947,0.043
990500,0.010,0.952,0.038
991000,0.010,0.945,0.045
991500,0.010,0.938,0.052
992000,0.010,0.938,0.052
992500,0.010,0.933,0.056
993000,0.010,0.927,0.063
993500,0.010,0.924,0.066
994000,0.010,0.910,0.080
994500,0.010,0.911,0.079
995000,0.010,0.917,0.073
995500,0.010,0.920,0.070
996000,0.010,0.924,0.066
996500,0.010,0.917,0.073
997000,0.010,0.913,0.077
997500,0.010,0.913,0.077
998000,0.010,0.922,0.068
998500,0.010,0.924,0.066
999000,0.010,0.932,0.057
999500,0.010,0.930,0.059
1000000,0.010,0.932,0.058
