time,n_A+p,n_B,n_AB
500,0.030,0.954,0.016
1000,0.030,0.943,0.027
1500,0.030,0.931,0.038
2000,0.030,0.923,0.047
2500,0.030,0.907,0.063
3000,0.030,0.909,0.060
3500,0.030,0.900,0.070
4000,0.030,0.895,0.075
4500,0.030,0.882,0.088
5000,0.030,0.879,0.091
5500,0.030,0.876,0.094
6000,0.030,0.891,0.079
6500,0.030,0.878,0.092
7000,0.030,0.878,0.092
7500,0.030,0.868,0.102
8000,0.030,0.867,0.103
8500,0.030,0.869,0.101
9000,0.030,0.860,0.110
9500,0.030,0.858,0.112
10000,0.033,0.857,0.111
10500,0.032,0.848,0.120
11000,0.032,0.856,0.113
11500,0.031,0.852,0.117
12000,0.034,0.864,0.102
12500,0.033,0.859,0.108
13000,0.034,0.859,0.108
13500,0.032,0.863,0.105
14000,0.031,0.857,0.112
14500,0.030,0.848,0.122
15000,0.030,0.845,0.125
15500,0.030,0.848,0.122
16000,0.032,0.838,0.131
16500,0.031,0.837,0.132
17000,0.032,0.836,0.133
17500,0.034,0.835,0.132
18000,0.033,0.833,0.134
18500,0.032,0.852,0.117
19000,0.031,0.852,0.117
19500,0.032,0.846,0.122
20000,0.032,0.843,0.126
20500,0.032,0.838,0.130
21000,0.032,0.844,0.124
21500,0.031,0.847,0.122
22000,0.031,0.848,0.121
22500,0.030,0.845,0.125
23000,0.031,0.843,0.126
23500,0.032,0.842,0.127
24000,0.032,0.842,0.127
24500,0.033,0.823,0.144
25000,0.033,0.821,0.146
25500,0.033,0.811,0.156
26000,0.035,0.806,0.159
26500,0.033,0.797,0.170
27000,0.032,0.808,0.159
27500,0.033,0.823,0.145
28000,0.032,0.812,0.156
28500,0.032,0.803,0.165
29000,0.033,0.805,0.162
29500,0.033,0.796,0.170
30000,0.032,0.790,0.178
30500,0.033,0.800,0.167
31000,0.032,0.807,0.161
31500,0.030,0.800,0.169
32000,0.030,0.818,0.152
32500,0.033,0.812,0.155
33000,0.033,0.798,0.169
33500,0.033,0.791,0.176
34000,0.035,0.800,0.165
34500,0.036,0.800,0.163
35000,0.035,0.807,0.157
35500,0.035,0.791,0.174
36000,0.034,0.787,0.179
36500,0.033,0.787,0.180
37000,0.033,0.779,0.188
37500,0.034,0.789,0.176
38000,0.035,0.779,0.185
38500,0.035,0.782,0.182
39000,0.034,0.788,0.178
39500,0.034,0.788,0.178
40000,0.035,0.789,0.176
40500,0.032,0.783,0.184
41000,0.032,0.793,0.174
41500,0.034,0.788,0.178
42000,0.032,0.794,0.173
42500,0.032,0.792,0.175
43000,0.034,0.796,0.170
43500,0.033,0.812,0.155
44000,0.034,0.808,0.158
44500,0.035,0.816,0.150
45000,0.035,0.809,0.155
45500,0.034,0.798,0.168
46000,0.035,0.810,0.154
46500,0.035,0.817,0.148
47000,0.034,0.816,0.150
47500,0.033,0.812,0.155
48000,0.033,0.826,0.142
48500,0.033,0.821,0.147
49000,0.034,0.820,0.147
49500,0.034,0.820,0.146
50000,0.032,0.828,0.140
50500,0.032,0.823,0.146
51000,0.031,0.826,0.143
51500,0.031,0.835,0.134
52000,0.030,0.827,0.143
52500,0.035,0.826,0.139
53000,0.033,0.816,0.151
53500,0.034,0.801,0.165
54000,0.032,0.793,0.175
54500,0.030,0.811,0.158
55000,0.032,0.822,0.147
55500,0.032,0.830,0.139
56000,0.032,0.820,0.149
56500,0.032,0.823,0.146
57000,0.033,0.825,0.143
57500,0.033,0.823,0.144
58000,0.032,0.803,0.165
58500,0.033,0.817,0.151
59000,0.033,0.803,0.164
59500,0.035,0.797,0.167
60000,0.036,0.804,0.159
60500,0.037,0.790,0.172
61000,0.036,0.778,0.185
61500,0.037,0.774,0.189
62000,0.036,0.774,0.190
62500,0.035,0.772,0.193
63000,0.037,0.765,0.198
63500,0.038,0.783,0.179
64000,0.041,0.787,0.172
64500,0.038,0.793,0.168
65000,0.037,0.801,0.161
65500,0.035,0.808,0.156
66000,0.035,0.787,0.178
66500,0.033,0.799,0.168
67000,0.033,0.804,0.162
67500,0.035,0.805,0.160
68000,0.032,0.822,0.146
68500,0.033,0.805,0.161
69000,0.034,0.794,0.171
69500,0.035,0.791,0.174
70000,0.032,0.792,0.175
70500,0.034,0.787,0.179
71000,0.032,0.776,0.192
71500,0.033,0.774,0.193
72000,0.034,0.777,0.189
72500,0.034,0.772,0.195
73000,0.033,0.779,0.188
73500,0.032,0.773,0.195
74000,0.032,0.782,0.186
74500,0.032,0.801,0.167
75000,0.035,0.792,0.172
75500,0.034,0.791,0.175
76000,0.034,0.797,0.169
76500,0.034,0.788,0.178
77000,0.035,0.794,0.171
77500,0.034,0.790,0.175
78000,0.035,0.788,0.176
78500,0.033,0.799,0.167
79000,0.036,0.806,0.157
79500,0.035,0.803,0.161
80000,0.034,0.805,0.161
80500,0.034,0.803,0.163
81000,0.033,0.803,0.163
81500,0.037,0.801,0.162
82000,0.037,0.787,0.175
82500,0.037,0.777,0.185
83000,0.036,0.781,0.182
83500,0.035,0.787,0.178
84000,0.034,0.800,0.166
84500,0.034,0.807,0.159
85000,0.033,0.810,0.157
85500,0.034,0.810,0.156
86000,0.033,0.817,0.150
86500,0.033,0.817,0.151
87000,0.034,0.812,0.153
87500,0.033,0.814,0.154
88000,0.032,0.810,0.158
88500,0.032,0.817,0.152
89000,0.031,0.814,0.155
89500,0.032,0.821,0.148
90000,0.033,0.820,0.148
90500,0.033,0.819,0.148
91000,0.032,0.806,0.162
91500,0.032,0.805,0.163
92000,0.033,0.815,0.153
92500,0.033,0.802,0.165
93000,0.032,0.807,0.161
93500,0.031,0.817,0.152
94000,0.030,0.815,0.155
94500,0.030,0.815,0.155
95000,0.032,0.800,0.168
95500,0.033,0.800,0.167
96000,0.035,0.785,0.180
96500,0.037,0.787,0.175
97000,0.036,0.784,0.179
97500,0.033,0.783,0.183
98000,0.032,0.778,0.191
98500,0.032,0.788,0.179
99000,0.035,0.788,0.177
99500,0.035,0.782,0.182
100000,0.033,0.773,0.194
100500,0.033,0.760,0.207
101000,0.036,0.749,0.215
101500,0.037,0.769,0.194
102000,0.035,0.782,0.183
102500,0.035,0.787,0.177
103000,0.034,0.784,0.182
103500,0.035,0.779,0.186
104000,0.035,0.790,0.175
104500,0.036,0.799,0.164
105000,0.036,0.807,0.156
105500,0.035,0.814,0.151
106000,0.035,0.815,0.150
106500,0.034,0.831,0.135
107000,0.032,0.834,0.135
107500,0.032,0.824,0.144
108000,0.033,0.828,0.140
108500,0.033,0.837,0.131
109000,0.033,0.836,0.131
109500,0.032,0.838,0.131
110000,0.031,0.839,0.130
110500,0.032,0.835,0.133
111000,0.033,0.823,0.145
111500,0.031,0.824,0.145
112000,0.032,0.821,0.147
112500,0.030,0.824,0.146
113000,0.030,0.826,0.144
113500,0.030,0.837,0.133
114000,0.030,0.826,0.144
114500,0.030,0.817,0.153
115000,0.032,0.810,0.157
115500,0.035,0.809,0.156
116000,0.033,0.816,0.152
116500,0.030,0.816,0.154
117000,0.033,0.817,0.151
117500,0.032,0.808,0.160
118000,0.033,0.806,0.161
118500,0.033,0.812,0.154
119000,0.033,0.808,0.159
119500,0.033,0.803,0.163
120000,0.033,0.793,0.174
120500,0.032,0.802,0.166
121000,0.033,0.803,0.164
121500,0.032,0.800,0.168
122000,0.033,0.800,0.167
122500,0.034,0.806,0.160
123000,0.036,0.817,0.147
123500,0.035,0.831,0.135
124000,0.033,0.831,0.137
124500,0.032,0.839,0.129
125000,0.032,0.832,0.137
125500,0.032,0.830,0.138
126000,0.030,0.842,0.128
126500,0.032,0.831,0.138
127000,0.031,0.834,0.135
127500,0.032,0.832,0.137
128000,0.030,0.821,0.149
128500,0.030,0.847,0.123
129000,0.030,0.846,0.124
129500,0.030,0.845,0.125
130000,0.030,0.851,0.119
130500,0.032,0.859,0.109
131000,0.033,0.846,0.121
131500,0.032,0.842,0.127
132000,0.033,0.831,0.136
132500,0.033,0.838,0.130
133000,0.031,0.841,0.128
133500,0.031,0.835,0.134
134000,0.031,0.833,0.136
134500,0.030,0.839,0.131
135000,0.030,0.847,0.123
135500,0.030,0.841,0.129
136000,0.031,0.830,0.139
136500,0.032,0.824,0.144
137000,0.032,0.814,0.155
137500,0.033,0.824,0.143
138000,0.033,0.822,0.146
138500,0.033,0.834,0.134
139000,0.033,0.822,0.146
139500,0.033,0.817,0.151
140000,0.032,0.826,0.142
140500,0.033,0.830,0.137
141000,0.034,0.835,0.131
141500,0.032,0.829,0.140
142000,0.030,0.839,0.131
142500,0.030,0.812,0.157
143000,0.030,0.798,0.171
143500,0.032,0.800,0.167
144000,0.033,0.792,0.174
144500,0.032,0.790,0.178
145000,0.031,0.812,0.156
145500,0.031,0.827,0.142
146000,0.031,0.820,0.149
146500,0.031,0.815,0.154
147000,0.030,0.821,0.149
147500,0.034,0.812,0.154
148000,0.035,0.810,0.155
148500,0.034,0.801,0.164
149000,0.035,0.793,0.172
149500,0.034,0.798,0.167
150000,0.035,0.802,0.163
150500,0.036,0.800,0.163
151000,0.035,0.806,0.159
151500,0.036,0.804,0.160
152000,0.036,0.792,0.171
152500,0.037,0.802,0.160
153000,0.037,0.799,0.163
153500,0.037,0.789,0.173
154000,0.034,0.789,0.177
154500,0.033,0.786,0.180
155000,0.034,0.783,0.183
155500,0.033,0.788,0.178
156000,0.032,0.801,0.167
156500,0.034,0.807,0.159
157000,0.033,0.805,0.162
157500,0.032,0.812,0.156
158000,0.033,0.814,0.154
158500,0.032,0.810,0.158
159000,0.032,0.813,0.156
159500,0.033,0.811,0.156
160000,0.033,0.819,0.149
160500,0.033,0.815,0.153
161000,0.034,0.815,0.151
161500,0.034,0.818,0.149
162000,0.034,0.820,0.147
162500,0.035,0.817,0.148
163000,0.035,0.812,0.152
163500,0.041,0.807,0.152
164000,0.035,0.796,0.168
164500,0.035,0.787,0.177
165000,0.035,0.790,0.175
165500,0.034,0.788,0.178
166000,0.034,0.793,0.172
166500,0.034,0.797,0.169
167000,0.033,0.804,0.162
167500,0.033,0.805,0.162
168000,0.034,0.801,0.165
168500,0.035,0.812,0.153
169000,0.035,0.805,0.159
169500,0.034,0.807,0.158
170000,0.032,0.799,0.168
170500,0.033,0.802,0.165
171000,0.034,0.808,0.158
171500,0.033,0.831,0.136
172000,0.032,0.823,0.146
172500,0.032,0.812,0.156
173000,0.030,0.813,0.157
173500,0.032,0.819,0.150
174000,0.030,0.818,0.152
174500,0.031,0.812,0.156
175000,0.033,0.823,0.145
175500,0.034,0.815,0.151
176000,0.034,0.811,0.155
176500,0.032,0.793,0.175
177000,0.032,0.795,0.172
177500,0.034,0.802,0.164
178000,0.033,0.802,0.165
178500,0.033,0.807,0.159
179000,0.033,0.814,0.153
179500,0.033,0.806,0.161
180000,0.036,0.782,0.182
180500,0.038,0.785,0.177
181000,0.037,0.794,0.168
181500,0.036,0.780,0.183
182000,0.035,0.794,0.171
182500,0.035,0.805,0.160
183000,0.033,0.809,0.158
183500,0.032,0.809,0.159
184000,0.035,0.803,0.162
184500,0.033,0.809,0.158
185000,0.033,0.807,0.160
185500,0.031,0.804,0.164
186000,0.034,0.799,0.167
186500,0.033,0.800,0.167
187000,0.033,0.805,0.162
187500,0.032,0.811,0.156
188000,0.033,0.811,0.156
188500,0.034,0.801,0.164
189000,0.033,0.797,0.170
189500,0.030,0.797,0.172
190000,0.030,0.814,0.156
190500,0.030,0.816,0.154
191000,0.032,0.822,0.146
191500,0.032,0.825,0.143
192000,0.030,0.829,0.141
192500,0.030,0.834,0.136
193000,0.030,0.830,0.140
193500,0.030,0.832,0.138
194000,0.031,0.831,0.138
194500,0.031,0.834,0.135
195000,0.030,0.829,0.141
195500,0.031,0.836,0.133
196000,0.030,0.835,0.135
196500,0.030,0.831,0.139
197000,0.030,0.845,0.125
197500,0.030,0.844,0.126
198000,0.031,0.843,0.126
198500,0.032,0.845,0.123
199000,0.032,0.840,0.129
199500,0.032,0.834,0.134
200000,0.032,0.834,0.134
200500,0.033,0.822,0.146
201000,0.030,0.822,0.148
201500,0.030,0.817,0.153
202000,0.032,0.813,0.156
202500,0.032,0.819,0.150
203000,0.032,0.790,0.177
203500,0.032,0.789,0.179
204000,0.032,0.793,0.175
204500,0.031,0.792,0.176
205000,0.033,0.780,0.186
205500,0.035,0.784,0.181
206000,0.033,0.786,0.181
206500,0.035,0.778,0.187
207000,0.035,0.778,0.186
207500,0.034,0.771,0.196
208000,0.034,0.786,0.180
208500,0.035,0.786,0.179
209000,0.035,0.777,0.188
209500,0.034,0.786,0.179
210000,0.033,0.802,0.165
210500,0.033,0.803,0.163
211000,0.033,0.816,0.151
211500,0.033,0.815,0.152
212000,0.034,0.802,0.164
212500,0.035,0.795,0.170
213000,0.035,0.788,0.176
213500,0.034,0.806,0.160
214000,0.033,0.805,0.161
214500,0.033,0.807,0.160
215000,0.033,0.812,0.155
215500,0.033,0.828,0.140
216000,0.034,0.838,0.129
216500,0.033,0.833,0.135
217000,0.032,0.839,0.130
217500,0.031,0.839,0.130
218000,0.030,0.847,0.123
218500,0.030,0.837,0.133
219000,0.030,0.838,0.132
219500,0.030,0.844,0.126
220000,0.031,0.830,0.139
220500,0.032,0.835,0.133
221000,0.033,0.829,0.139
221500,0.031,0.829,0.140
222000,0.032,0.820,0.149
222500,0.032,0.819,0.149
223000,0.034,0.824,0.143
223500,0.033,0.820,0.147
224000,0.034,0.808,0.158
224500,0.034,0.804,0.162
225000,0.034,0.791,0.174
225500,0.037,0.804,0.158
226000,0.035,0.800,0.164
226500,0.036,0.800,0.163
227000,0.037,0.801,0.161
227500,0.039,0.785,0.175
228000,0.036,0.779,0.185
228500,0.037,0.776,0.187
229000,0.035,0.778,0.187
229500,0.033,0.793,0.174
230000,0.034,0.806,0.160
230500,0.035,0.818,0.147
231000,0.035,0.803,0.162
231500,0.035,0.790,0.175
232000,0.035,0.787,0.177
232500,0.036,0.780,0.183
233000,0.038,0.775,0.186
233500,0.036,0.771,0.193
234000,0.035,0.772,0.192
234500,0.035,0.787,0.177
235000,0.034,0.805,0.161
235500,0.035,0.815,0.151
236000,0.033,0.805,0.162
236500,0.032,0.809,0.158
237000,0.032,0.809,0.159
237500,0.033,0.806,0.160
238000,0.033,0.818,0.150
238500,0.032,0.825,0.144
239000,0.034,0.815,0.152
239500,0.032,0.818,0.151
240000,0.031,0.802,0.167
240500,0.033,0.796,0.171
241000,0.033,0.797,0.170
241500,0.033,0.791,0.176
242000,0.034,0.784,0.182
242500,0.032,0.777,0.191
243000,0.031,0.778,0.191
243500,0.032,0.783,0.185
244000,0.032,0.788,0.180
244500,0.033,0.782,0.185
245000,0.032,0.792,0.176
245500,0.032,0.800,0.168
246000,0.034,0.795,0.171
246500,0.035,0.792,0.173
247000,0.035,0.806,0.158
247500,0.035,0.807,0.158
248000,0.037,0.806,0.156
248500,0.037,0.808,0.155
249000,0.036,0.797,0.166
249500,0.035,0.806,0.159
250000,0.033,0.797,0.169
250500,0.032,0.803,0.165
251000,0.032,0.804,0.164
251500,0.032,0.806,0.162
252000,0.032,0.808,0.160
252500,0.034,0.795,0.171
253000,0.033,0.800,0.167
253500,0.034,0.798,0.168
254000,0.032,0.800,0.167
254500,0.033,0.795,0.172
255000,0.032,0.792,0.176
255500,0.032,0.801,0.166
256000,0.032,0.796,0.172
256500,0.034,0.790,0.176
257000,0.032,0.788,0.180
257500,0.032,0.806,0.162
258000,0.034,0.802,0.164
258500,0.031,0.805,0.163
259000,0.032,0.827,0.141
259500,0.032,0.820,0.148
260000,0.035,0.815,0.150
260500,0.035,0.808,0.157
261000,0.034,0.803,0.163
261500,0.032,0.809,0.158
262000,0.033,0.819,0.148
262500,0.034,0.827,0.140
263000,0.032,0.829,0.139
263500,0.032,0.818,0.150
264000,0.034,0.810,0.156
264500,0.034,0.810,0.156
265000,0.032,0.811,0.157
265500,0.032,0.801,0.167
266000,0.033,0.800,0.167
266500,0.034,0.805,0.161
267000,0.033,0.816,0.151
267500,0.034,0.812,0.154
268000,0.033,0.814,0.153
268500,0.035,0.812,0.153
269000,0.032,0.817,0.151
269500,0.033,0.817,0.151
270000,0.034,0.805,0.161
270500,0.033,0.801,0.166
271000,0.033,0.796,0.171
271500,0.035,0.790,0.174
272000,0.034,0.794,0.172
272500,0.033,0.795,0.172
273000,0.033,0.804,0.163
273500,0.033,0.801,0.166
274000,0.032,0.802,0.165
274500,0.032,0.814,0.155
275000,0.033,0.822,0.146
275500,0.032,0.823,0.145
276000,0.032,0.840,0.129
276500,0.033,0.842,0.126
277000,0.032,0.830,0.138
277500,0.032,0.820,0.149
278000,0.032,0.816,0.152
278500,0.031,0.808,0.160
279000,0.030,0.808,0.161
279500,0.032,0.810,0.158
280000,0.032,0.811,0.156
280500,0.032,0.792,0.176
281000,0.032,0.791,0.177
281500,0.032,0.799,0.168
282000,0.033,0.791,0.176
282500,0.033,0.797,0.169
283000,0.036,0.811,0.153
283500,0.033,0.813,0.154
284000,0.031,0.823,0.146
284500,0.030,0.843,0.127
285000,0.032,0.846,0.122
285500,0.031,0.841,0.128
286000,0.030,0.842,0.128
286500,0.031,0.830,0.139
287000,0.032,0.827,0.141
287500,0.033,0.826,0.141
288000,0.034,0.825,0.141
288500,0.033,0.817,0.151
289000,0.034,0.820,0.147
289500,0.033,0.813,0.154
290000,0.032,0.805,0.163
290500,0.030,0.803,0.166
291000,0.030,0.802,0.167
291500,0.030,0.802,0.167
292000,0.032,0.788,0.180
292500,0.035,0.800,0.165
293000,0.032,0.793,0.175
293500,0.033,0.787,0.180
294000,0.033,0.789,0.178
294500,0.035,0.795,0.169
295000,0.035,0.790,0.174
295500,0.034,0.789,0.176
296000,0.035,0.794,0.171
296500,0.035,0.798,0.167
297000,0.033,0.821,0.147
297500,0.032,0.818,0.150
298000,0.031,0.819,0.150
298500,0.033,0.824,0.143
299000,0.033,0.819,0.149
299500,0.031,0.817,0.152
300000,0.032,0.807,0.160
300500,0.032,0.809,0.159
301000,0.032,0.803,0.165
301500,0.034,0.798,0.168
302000,0.034,0.800,0.166
302500,0.033,0.794,0.173
303000,0.033,0.795,0.172
303500,0.032,0.804,0.164
304000,0.031,0.815,0.154
304500,0.033,0.812,0.154
305000,0.034,0.812,0.154
305500,0.033,0.810,0.157
306000,0.035,0.792,0.173
306500,0.035,0.805,0.160
307000,0.034,0.794,0.172
307500,0.032,0.815,0.153
308000,0.032,0.805,0.162
308500,0.032,0.801,0.166
309000,0.033,0.804,0.163
309500,0.033,0.805,0.162
310000,0.037,0.817,0.146
310500,0.035,0.801,0.164
311000,0.034,0.802,0.164
311500,0.034,0.811,0.154
312000,0.032,0.816,0.152
312500,0.033,0.821,0.147
313000,0.033,0.820,0.148
313500,0.033,0.817,0.151
314000,0.033,0.818,0.149
314500,0.032,0.836,0.133
315000,0.032,0.838,0.130
315500,0.034,0.842,0.124
316000,0.033,0.834,0.133
316500,0.031,0.824,0.145
317000,0.030,0.833,0.137
317500,0.034,0.825,0.141
318000,0.033,0.816,0.152
318500,0.032,0.826,0.143
319000,0.031,0.843,0.126
319500,0.031,0.825,0.144
320000,0.032,0.823,0.145
320500,0.031,0.830,0.139
321000,0.032,0.821,0.147
321500,0.035,0.821,0.145
322000,0.034,0.819,0.147
322500,0.032,0.839,0.129
323000,0.035,0.833,0.133
323500,0.033,0.835,0.132
324000,0.033,0.815,0.152
324500,0.033,0.826,0.141
325000,0.035,0.818,0.147
325500,0.037,0.821,0.142
326000,0.035,0.822,0.143
326500,0.035,0.822,0.144
327000,0.033,0.830,0.138
327500,0.034,0.821,0.145
328000,0.034,0.827,0.140
328500,0.033,0.826,0.141
329000,0.032,0.813,0.155
329500,0.032,0.816,0.152
330000,0.032,0.815,0.154
330500,0.032,0.820,0.148
331000,0.032,0.821,0.147
331500,0.030,0.828,0.142
332000,0.032,0.819,0.150
332500,0.032,0.816,0.152
333000,0.034,0.811,0.155
333500,0.034,0.808,0.158
334000,0.035,0.800,0.165
334500,0.034,0.809,0.157
335000,0.033,0.816,0.152
335500,0.031,0.819,0.150
336000,0.031,0.821,0.148
336500,0.030,0.832,0.138
337000,0.032,0.834,0.135
337500,0.032,0.837,0.131
338000,0.032,0.841,0.128
338500,0.032,0.837,0.132
339000,0.031,0.832,0.137
339500,0.031,0.821,0.148
340000,0.030,0.835,0.135
340500,0.030,0.834,0.136
341000,0.031,0.833,0.136
341500,0.032,0.835,0.133
342000,0.032,0.830,0.138
342500,0.032,0.828,0.141
343000,0.031,0.839,0.130
343500,0.033,0.837,0.131
344000,0.034,0.832,0.134
344500,0.034,0.824,0.143
345000,0.033,0.825,0.142
345500,0.033,0.827,0.141
346000,0.032,0.827,0.141
346500,0.033,0.824,0.143
347000,0.034,0.840,0.127
347500,0.033,0.840,0.128
348000,0.034,0.842,0.125
348500,0.033,0.831,0.137
349000,0.034,0.798,0.168
349500,0.035,0.777,0.189
350000,0.034,0.784,0.181
350500,0.035,0.776,0.189
351000,0.034,0.770,0.196
351500,0.034,0.781,0.185
352000,0.033,0.769,0.198
352500,0.035,0.781,0.184
353000,0.034,0.794,0.172
353500,0.032,0.792,0.176
354000,0.032,0.782,0.186
354500,0.032,0.784,0.184
355000,0.035,0.789,0.175
355500,0.035,0.804,0.160
356000,0.034,0.801,0.165
356500,0.033,0.788,0.178
357000,0.032,0.796,0.171
357500,0.032,0.791,0.177
358000,0.031,0.799,0.169
358500,0.034,0.792,0.174
359000,0.033,0.799,0.168
359500,0.033,0.797,0.170
360000,0.033,0.806,0.161
360500,0.034,0.791,0.175
361000,0.038,0.787,0.175
361500,0.036,0.780,0.183
362000,0.035,0.788,0.176
362500,0.034,0.793,0.173
363000,0.034,0.794,0.172
363500,0.033,0.801,0.166
364000,0.035,0.807,0.158
364500,0.034,0.819,0.148
365000,0.033,0.811,0.156
365500,0.035,0.814,0.151
366000,0.033,0.817,0.150
366500,0.035,0.820,0.145
367000,0.035,0.816,0.149
367500,0.035,0.815,0.151
368000,0.034,0.819,0.148
368500,0.034,0.818,0.149
369000,0.032,0.828,0.140
369500,0.032,0.825,0.144
370000,0.032,0.829,0.139
370500,0.033,0.830,0.137
371000,0.032,0.826,0.142
371500,0.033,0.821,0.147
372000,0.035,0.820,0.146
372500,0.035,0.823,0.143
373000,0.033,0.820,0.148
373500,0.032,0.817,0.151
374000,0.031,0.812,0.157
374500,0.033,0.827,0.140
375000,0.033,0.819,0.148
375500,0.034,0.822,0.145
376000,0.033,0.808,0.159
376500,0.034,0.811,0.155
377000,0.035,0.808,0.156
377500,0.035,0.802,0.163
378000,0.033,0.810,0.156
378500,0.032,0.817,0.151
379000,0.034,0.825,0.142
379500,0.033,0.818,0.149
380000,0.032,0.825,0.143
380500,0.033,0.818,0.150
381000,0.033,0.824,0.143
381500,0.035,0.816,0.150
382000,0.034,0.820,0.147
382500,0.034,0.817,0.150
383000,0.033,0.806,0.161
383500,0.032,0.804,0.164
384000,0.032,0.803,0.165
384500,0.030,0.804,0.165
385000,0.030,0.805,0.164
385500,0.032,0.791,0.176
386000,0.033,0.800,0.167
386500,0.034,0.798,0.167
387000,0.035,0.786,0.178
387500,0.035,0.770,0.194
388000,0.034,0.767,0.199
388500,0.036,0.793,0.170
389000,0.035,0.801,0.163
389500,0.035,0.810,0.154
390000,0.034,0.818,0.148
390500,0.034,0.830,0.136
391000,0.033,0.831,0.136
391500,0.033,0.828,0.140
392000,0.034,0.828,0.139
392500,0.033,0.820,0.147
393000,0.034,0.815,0.151
393500,0.035,0.801,0.164
394000,0.034,0.806,0.159
394500,0.033,0.810,0.156
395000,0.034,0.813,0.153
395500,0.035,0.814,0.151
396000,0.035,0.798,0.166
396500,0.033,0.790,0.177
397000,0.032,0.798,0.170
397500,0.032,0.801,0.167
398000,0.034,0.803,0.163
398500,0.034,0.796,0.170
399000,0.037,0.804,0.159
399500,0.035,0.796,0.169
400000,0.037,0.782,0.181
400500,0.036,0.782,0.182
401000,0.035,0.796,0.168
401500,0.033,0.802,0.164
402000,0.033,0.786,0.180
402500,0.035,0.795,0.170
403000,0.035,0.798,0.166
403500,0.037,0.792,0.171
404000,0.035,0.790,0.175
404500,0.034,0.788,0.178
405000,0.035,0.790,0.174
405500,0.035,0.786,0.179
406000,0.035,0.795,0.170
406500,0.034,0.795,0.170
407000,0.032,0.809,0.159
407500,0.034,0.792,0.174
408000,0.034,0.800,0.166
408500,0.034,0.795,0.171
409000,0.034,0.791,0.174
409500,0.036,0.793,0.171
410000,0.036,0.785,0.178
410500,0.035,0.794,0.171
411000,0.033,0.782,0.185
411500,0.033,0.785,0.182
412000,0.037,0.785,0.178
412500,0.038,0.778,0.183
413000,0.035,0.779,0.186
413500,0.034,0.778,0.188
414000,0.033,0.795,0.172
414500,0.033,0.804,0.163
415000,0.034,0.814,0.153
415500,0.033,0.812,0.154
416000,0.035,0.810,0.155
416500,0.034,0.817,0.149
417000,0.033,0.800,0.166
417500,0.035,0.804,0.160
418000,0.034,0.814,0.152
418500,0.035,0.826,0.139
419000,0.033,0.818,0.149
419500,0.031,0.821,0.148
420000,0.033,0.823,0.145
420500,0.033,0.825,0.142
421000,0.035,0.823,0.142
421500,0.033,0.818,0.149
422000,0.032,0.803,0.165
422500,0.032,0.799,0.169
423000,0.032,0.794,0.174
423500,0.033,0.774,0.193
424000,0.033,0.770,0.197
424500,0.034,0.788,0.177
425000,0.036,0.787,0.176
425500,0.035,0.798,0.167
426000,0.035,0.806,0.159
426500,0.032,0.800,0.167
427000,0.031,0.807,0.162
427500,0.031,0.810,0.159
428000,0.030,0.799,0.170
428500,0.033,0.812,0.155
429000,0.037,0.789,0.173
429500,0.038,0.786,0.176
430000,0.035,0.775,0.189
430500,0.034,0.786,0.179
431000,0.034,0.786,0.180
431500,0.035,0.787,0.177
432000,0.034,0.780,0.186
432500,0.034,0.779,0.187
433000,0.035,0.779,0.186
433500,0.033,0.794,0.173
434000,0.035,0.796,0.169
434500,0.037,0.798,0.164
435000,0.035,0.802,0.162
435500,0.036,0.791,0.173
436000,0.034,0.788,0.178
436500,0.032,0.799,0.168
437000,0.033,0.792,0.174
437500,0.031,0.798,0.171
438000,0.033,0.793,0.174
438500,0.038,0.786,0.175
439000,0.039,0.791,0.170
439500,0.037,0.788,0.174
440000,0.035,0.767,0.197
440500,0.034,0.772,0.195
441000,0.035,0.770,0.196
441500,0.036,0.781,0.183
442000,0.036,0.797,0.166
442500,0.035,0.803,0.162
443000,0.034,0.798,0.168
443500,0.034,0.796,0.170
444000,0.031,0.799,0.170
444500,0.034,0.801,0.165
445000,0.033,0.812,0.155
445500,0.032,0.804,0.164
446000,0.032,0.803,0.165
446500,0.032,0.808,0.160
447000,0.030,0.813,0.157
447500,0.031,0.813,0.156
448000,0.032,0.809,0.159
448500,0.031,0.811,0.157
449000,0.031,0.820,0.149
449500,0.034,0.806,0.160
450000,0.034,0.811,0.155
450500,0.034,0.810,0.156
451000,0.033,0.822,0.146
451500,0.033,0.822,0.146
452000,0.034,0.814,0.153
452500,0.034,0.823,0.143
453000,0.038,0.823,0.139
453500,0.039,0.828,0.133
454000,0.038,0.829,0.133
454500,0.035,0.827,0.138
455000,0.034,0.817,0.149
455500,0.035,0.798,0.167
456000,0.034,0.787,0.178
456500,0.034,0.805,0.161
457000,0.033,0.807,0.159
457500,0.034,0.796,0.170
458000,0.035,0.798,0.166
458500,0.034,0.793,0.173
459000,0.035,0.783,0.182
459500,0.033,0.784,0.183
460000,0.032,0.787,0.181
460500,0.033,0.791,0.176
461000,0.031,0.786,0.182
461500,0.034,0.786,0.179
462000,0.036,0.781,0.182
462500,0.037,0.788,0.175
463000,0.038,0.802,0.160
463500,0.036,0.797,0.166
464000,0.032,0.806,0.161
464500,0.032,0.826,0.142
465000,0.030,0.815,0.155
465500,0.032,0.827,0.142
466000,0.030,0.830,0.140
466500,0.030,0.844,0.126
467000,0.032,0.843,0.126
467500,0.032,0.834,0.134
468000,0.031,0.825,0.144
468500,0.033,0.829,0.139
469000,0.033,0.821,0.146
469500,0.031,0.825,0.144
470000,0.030,0.830,0.140
470500,0.033,0.828,0.140
471000,0.033,0.823,0.144
471500,0.035,0.815,0.150
472000,0.036,0.815,0.149
472500,0.034,0.815,0.152
473000,0.033,0.815,0.152
473500,0.032,0.812,0.156
474000,0.035,0.807,0.158
474500,0.033,0.808,0.158
475000,0.034,0.814,0.153
475500,0.033,0.811,0.155
476000,0.033,0.826,0.141
476500,0.035,0.831,0.135
477000,0.032,0.836,0.133
477500,0.033,0.837,0.131
478000,0.031,0.843,0.126
478500,0.031,0.829,0.140
479000,0.032,0.824,0.144
479500,0.031,0.828,0.141
480000,0.030,0.837,0.133
480500,0.030,0.840,0.130
481000,0.030,0.828,0.142
481500,0.030,0.825,0.145
482000,0.032,0.827,0.141
482500,0.033,0.825,0.142
483000,0.033,0.818,0.150
483500,0.033,0.816,0.152
484000,0.032,0.818,0.151
484500,0.031,0.821,0.148
485000,0.032,0.808,0.159
485500,0.033,0.818,0.150
486000,0.032,0.817,0.152
486500,0.030,0.811,0.158
487000,0.032,0.819,0.149
487500,0.031,0.824,0.145
488000,0.033,0.824,0.144
488500,0.031,0.814,0.155
489000,0.031,0.828,0.141
489500,0.032,0.832,0.137
490000,0.031,0.820,0.149
490500,0.033,0.814,0.154
491000,0.034,0.811,0.155
491500,0.033,0.803,0.164
492000,0.035,0.809,0.156
492500,0.034,0.821,0.145
493000,0.034,0.806,0.160
493500,0.033,0.809,0.158
494000,0.034,0.801,0.164
494500,0.035,0.791,0.173
495000,0.033,0.782,0.185
495500,0.033,0.787,0.180
496000,0.032,0.780,0.189
496500,0.034,0.781,0.185
497000,0.034,0.787,0.179
497500,0.033,0.799,0.168
498000,0.033,0.807,0.160
498500,0.033,0.811,0.156
499000,0.033,0.799,0.168
499500,0.034,0.807,0.158
500000,0.034,0.802,0.164
500500,0.034,0.785,0.181
501000,0.035,0.792,0.172
501500,0.035,0.790,0.175
502000,0.034,0.794,0.172
502500,0.031,0.805,0.164
503000,0.032,0.826,0.143
503500,0.032,0.809,0.159
504000,0.032,0.814,0.155
504500,0.033,0.825,0.143
505000,0.034,0.822,0.145
505500,0.034,0.827,0.140
506000,0.033,0.818,0.150
506500,0.033,0.825,0.143
507000,0.032,0.823,0.145
507500,0.034,0.837,0.130
508000,0.032,0.824,0.145
508500,0.031,0.816,0.153
509000,0.032,0.812,0.156
509500,0.033,0.810,0.157
510000,0.034,0.804,0.162
510500,0.033,0.804,0.163
511000,0.033,0.789,0.178
511500,0.032,0.791,0.177
512000,0.035,0.786,0.179
512500,0.035,0.780,0.184
513000,0.036,0.784,0.179
513500,0.038,0.792,0.170
514000,0.034,0.790,0.176
514500,0.035,0.797,0.167
515000,0.038,0.801,0.160
515500,0.035,0.798,0.166
516000,0.034,0.809,0.156
516500,0.034,0.808,0.158
517000,0.034,0.803,0.163
517500,0.033,0.811,0.156
518000,0.033,0.809,0.158
518500,0.033,0.803,0.164
519000,0.033,0.812,0.155
519500,0.032,0.801,0.167
520000,0.032,0.790,0.178
520500,0.033,0.801,0.166
521000,0.034,0.795,0.171
521500,0.032,0.806,0.162
522000,0.035,0.817,0.148
522500,0.033,0.818,0.149
523000,0.035,0.822,0.144
523500,0.034,0.818,0.149
524000,0.034,0.816,0.151
524500,0.032,0.816,0.152
525000,0.032,0.828,0.140
525500,0.032,0.818,0.151
526000,0.032,0.820,0.149
526500,0.033,0.812,0.154
527000,0.032,0.812,0.156
527500,0.030,0.807,0.162
528000,0.035,0.804,0.161
528500,0.034,0.807,0.159
529000,0.032,0.804,0.164
529500,0.034,0.807,0.158
530000,0.034,0.799,0.167
530500,0.033,0.813,0.154
531000,0.034,0.814,0.152
531500,0.033,0.824,0.144
532000,0.033,0.809,0.158
532500,0.034,0.815,0.152
533000,0.033,0.815,0.153
533500,0.032,0.818,0.150
534000,0.034,0.809,0.157
534500,0.033,0.801,0.165
535000,0.032,0.801,0.167
535500,0.033,0.798,0.169
536000,0.034,0.799,0.167
536500,0.033,0.800,0.167
537000,0.033,0.796,0.170
537500,0.033,0.792,0.175
538000,0.030,0.793,0.176
538500,0.032,0.785,0.182
539000,0.035,0.799,0.166
539500,0.032,0.799,0.169
540000,0.033,0.799,0.167
540500,0.035,0.793,0.172
541000,0.035,0.804,0.160
541500,0.034,0.802,0.164
542000,0.032,0.781,0.186
542500,0.033,0.785,0.181
543000,0.034,0.795,0.170
543500,0.033,0.809,0.158
544000,0.034,0.804,0.162
544500,0.032,0.809,0.158
545000,0.033,0.817,0.151
545500,0.033,0.812,0.155
546000,0.033,0.802,0.165
546500,0.032,0.801,0.166
547000,0.033,0.809,0.158
547500,0.034,0.818,0.149
548000,0.033,0.824,0.143
548500,0.033,0.835,0.133
549000,0.032,0.825,0.143
549500,0.035,0.831,0.135
550000,0.034,0.833,0.133
550500,0.034,0.836,0.130
551000,0.034,0.833,0.133
551500,0.033,0.815,0.153
552000,0.033,0.823,0.144
552500,0.033,0.819,0.148
553000,0.033,0.837,0.130
553500,0.032,0.845,0.124
554000,0.031,0.848,0.121
554500,0.032,0.841,0.128
555000,0.031,0.844,0.125
555500,0.032,0.841,0.127
556000,0.034,0.837,0.129
556500,0.035,0.841,0.124
557000,0.033,0.830,0.138
557500,0.031,0.825,0.144
558000,0.030,0.812,0.157
558500,0.033,0.822,0.146
559000,0.032,0.824,0.144
559500,0.031,0.815,0.154
560000,0.033,0.808,0.159
560500,0.033,0.818,0.149
561000,0.034,0.825,0.142
561500,0.034,0.831,0.136
562000,0.032,0.818,0.150
562500,0.030,0.826,0.144
563000,0.032,0.829,0.140
563500,0.030,0.826,0.144
564000,0.033,0.824,0.144
564500,0.034,0.829,0.137
565000,0.032,0.821,0.148
565500,0.033,0.816,0.152
566000,0.032,0.794,0.173
566500,0.032,0.796,0.171
567000,0.034,0.802,0.164
567500,0.035,0.805,0.160
568000,0.034,0.815,0.152
568500,0.032,0.808,0.160
569000,0.034,0.814,0.153
569500,0.032,0.824,0.144
570000,0.034,0.812,0.154
570500,0.033,0.808,0.159
571000,0.032,0.810,0.157
571500,0.032,0.820,0.148
572000,0.031,0.820,0.149
572500,0.030,0.817,0.153
573000,0.031,0.819,0.150
573500,0.031,0.814,0.155
574000,0.032,0.806,0.162
574500,0.031,0.808,0.160
575000,0.033,0.798,0.169
575500,0.034,0.795,0.171
576000,0.035,0.795,0.170
576500,0.035,0.798,0.167
577000,0.034,0.816,0.151
577500,0.032,0.824,0.144
578000,0.033,0.831,0.137
578500,0.034,0.848,0.119
579000,0.031,0.836,0.133
579500,0.030,0.836,0.134
580000,0.030,0.825,0.145
580500,0.032,0.827,0.142
581000,0.032,0.837,0.131
581500,0.032,0.839,0.130
582000,0.032,0.834,0.135
582500,0.031,0.833,0.136
583000,0.032,0.820,0.148
583500,0.033,0.824,0.144
584000,0.033,0.816,0.151
584500,0.034,0.820,0.147
585000,0.034,0.826,0.141
585500,0.034,0.826,0.140
586000,0.035,0.823,0.142
586500,0.032,0.823,0.145
587000,0.034,0.806,0.160
587500,0.033,0.808,0.158
588000,0.033,0.812,0.155
588500,0.031,0.812,0.156
589000,0.032,0.816,0.152
589500,0.033,0.803,0.164
590000,0.034,0.810,0.156
590500,0.034,0.816,0.151
591000,0.036,0.810,0.153
591500,0.035,0.803,0.162
592000,0.034,0.806,0.159
592500,0.034,0.801,0.165
593000,0.035,0.805,0.160
593500,0.035,0.796,0.169
594000,0.034,0.806,0.160
594500,0.034,0.811,0.155
595000,0.034,0.809,0.157
595500,0.032,0.805,0.163
596000,0.034,0.798,0.168
596500,0.035,0.818,0.148
597000,0.033,0.814,0.154
597500,0.033,0.807,0.160
598000,0.034,0.818,0.149
598500,0.034,0.803,0.163
599000,0.033,0.811,0.156
599500,0.033,0.811,0.156
600000,0.030,0.799,0.170
600500,0.035,0.807,0.157
601000,0.034,0.824,0.143
601500,0.032,0.815,0.153
602000,0.032,0.807,0.160
602500,0.032,0.812,0.156
603000,0.033,0.807,0.160
603500,0.033,0.804,0.163
604000,0.034,0.801,0.165
604500,0.032,0.794,0.173
605000,0.033,0.793,0.174
605500,0.032,0.799,0.169
606000,0.031,0.793,0.176
606500,0.031,0.785,0.184
607000,0.032,0.790,0.177
607500,0.030,0.786,0.183
608000,0.033,0.790,0.176
608500,0.034,0.787,0.179
609000,0.032,0.790,0.178
609500,0.033,0.793,0.174
610000,0.033,0.777,0.190
610500,0.031,0.784,0.184
611000,0.031,0.801,0.168
611500,0.032,0.806,0.162
612000,0.034,0.797,0.169
612500,0.035,0.787,0.177
613000,0.035,0.793,0.171
613500,0.035,0.807,0.158
614000,0.035,0.804,0.161
614500,0.034,0.805,0.160
615000,0.034,0.810,0.156
615500,0.034,0.800,0.166
616000,0.034,0.808,0.158
616500,0.032,0.806,0.161
617000,0.034,0.799,0.167
617500,0.035,0.804,0.161
618000,0.034,0.806,0.160
618500,0.033,0.814,0.154
619000,0.034,0.806,0.160
619500,0.033,0.817,0.150
620000,0.033,0.825,0.142
620500,0.035,0.828,0.138
621000,0.034,0.833,0.134
621500,0.033,0.827,0.140
622000,0.033,0.826,0.142
622500,0.032,0.810,0.158
623000,0.031,0.808,0.161
623500,0.032,0.821,0.147
624000,0.030,0.824,0.146
624500,0.030,0.830,0.140
625000,0.030,0.831,0.139
625500,0.031,0.818,0.151
626000,0.030,0.826,0.144
626500,0.033,0.829,0.138
627000,0.033,0.829,0.139
627500,0.031,0.836,0.133
628000,0.031,0.838,0.131
628500,0.030,0.847,0.123
629000,0.030,0.841,0.129
629500,0.030,0.838,0.132
630000,0.030,0.840,0.130
630500,0.030,0.834,0.136
631000,0.032,0.830,0.138
631500,0.034,0.827,0.139
632000,0.035,0.825,0.141
632500,0.035,0.834,0.131
633000,0.034,0.825,0.141
633500,0.034,0.823,0.144
634000,0.033,0.823,0.144
634500,0.034,0.830,0.137
635000,0.031,0.832,0.137
635500,0.030,0.826,0.144
636000,0.034,0.816,0.151
636500,0.033,0.824,0.144
637000,0.032,0.820,0.149
637500,0.034,0.825,0.142
638000,0.035,0.826,0.140
638500,0.035,0.822,0.144
639000,0.035,0.835,0.131
639500,0.034,0.838,0.128
640000,0.033,0.832,0.136
640500,0.032,0.832,0.136
641000,0.032,0.834,0.135
641500,0.031,0.828,0.141
642000,0.032,0.814,0.155
642500,0.030,0.816,0.154
643000,0.032,0.819,0.149
643500,0.032,0.829,0.140
644000,0.032,0.828,0.141
644500,0.030,0.826,0.144
645000,0.030,0.823,0.147
645500,0.032,0.814,0.154
646000,0.031,0.807,0.161
646500,0.033,0.806,0.160
647000,0.032,0.809,0.158
647500,0.033,0.822,0.145
648000,0.033,0.830,0.138
648500,0.032,0.829,0.140
649000,0.033,0.836,0.132
649500,0.033,0.837,0.131
650000,0.033,0.839,0.129
650500,0.034,0.840,0.127
651000,0.034,0.835,0.132
651500,0.035,0.830,0.136
652000,0.034,0.814,0.153
652500,0.032,0.827,0.142
653000,0.030,0.813,0.157
653500,0.033,0.817,0.151
654000,0.035,0.816,0.150
654500,0.034,0.826,0.141
655000,0.033,0.829,0.138
655500,0.032,0.827,0.141
656000,0.030,0.824,0.146
656500,0.031,0.817,0.152
657000,0.033,0.814,0.154
657500,0.030,0.823,0.147
658000,0.033,0.816,0.151
658500,0.033,0.817,0.151
659000,0.033,0.811,0.155
659500,0.032,0.816,0.153
660000,0.030,0.822,0.148
660500,0.033,0.828,0.140
661000,0.034,0.810,0.156
661500,0.035,0.790,0.175
662000,0.034,0.789,0.177
662500,0.036,0.784,0.179
663000,0.035,0.790,0.174
663500,0.035,0.796,0.168
664000,0.033,0.797,0.169
664500,0.035,0.793,0.171
665000,0.035,0.802,0.163
665500,0.035,0.800,0.165
666000,0.033,0.784,0.183
666500,0.034,0.794,0.171
667000,0.035,0.794,0.170
667500,0.036,0.778,0.185
668000,0.036,0.785,0.178
668500,0.036,0.788,0.175
669000,0.041,0.779,0.179
669500,0.040,0.774,0.185
670000,0.036,0.778,0.185
670500,0.034,0.778,0.188
671000,0.034,0.774,0.192
671500,0.033,0.782,0.184
672000,0.032,0.790,0.177
672500,0.033,0.796,0.171
673000,0.032,0.799,0.168
673500,0.032,0.789,0.179
674000,0.031,0.804,0.164
674500,0.031,0.812,0.156
675000,0.032,0.802,0.165
675500,0.031,0.808,0.160
676000,0.032,0.811,0.156
676500,0.030,0.809,0.160
677000,0.030,0.817,0.153
677500,0.030,0.827,0.143
678000,0.033,0.821,0.146
678500,0.033,0.805,0.162
679000,0.033,0.807,0.160
679500,0.034,0.803,0.162
680000,0.035,0.821,0.144
680500,0.035,0.821,0.145
681000,0.034,0.828,0.139
681500,0.033,0.831,0.136
682000,0.033,0.827,0.140
682500,0.033,0.816,0.152
683000,0.034,0.809,0.157
683500,0.033,0.815,0.152
684000,0.032,0.813,0.155
684500,0.033,0.797,0.170
685000,0.035,0.791,0.174
685500,0.032,0.795,0.173
686000,0.035,0.792,0.172
686500,0.035,0.790,0.174
687000,0.033,0.796,0.171
687500,0.033,0.796,0.171
688000,0.033,0.802,0.165
688500,0.033,0.793,0.174
689000,0.034,0.799,0.167
689500,0.032,0.797,0.170
690000,0.037,0.801,0.162
690500,0.035,0.779,0.185
691000,0.035,0.794,0.170
691500,0.034,0.798,0.167
692000,0.033,0.800,0.167
692500,0.035,0.802,0.163
693000,0.034,0.790,0.175
693500,0.034,0.776,0.190
694000,0.034,0.783,0.182
694500,0.034,0.793,0.173
695000,0.034,0.797,0.169
695500,0.033,0.818,0.149
696000,0.035,0.819,0.146
696500,0.034,0.815,0.151
697000,0.035,0.813,0.152
697500,0.034,0.812,0.153
698000,0.033,0.801,0.166
698500,0.033,0.817,0.151
699000,0.032,0.822,0.147
699500,0.033,0.817,0.150
700000,0.033,0.817,0.151
700500,0.032,0.814,0.155
701000,0.031,0.818,0.151
701500,0.030,0.826,0.144
702000,0.030,0.830,0.140
702500,0.031,0.826,0.143
703000,0.030,0.815,0.155
703500,0.030,0.813,0.157
704000,0.030,0.815,0.155
704500,0.032,0.815,0.154
705000,0.031,0.810,0.158
705500,0.034,0.809,0.157
706000,0.033,0.809,0.158
706500,0.031,0.814,0.155
707000,0.033,0.809,0.158
707500,0.034,0.803,0.163
708000,0.033,0.809,0.158
708500,0.034,0.800,0.166
709000,0.032,0.803,0.164
709500,0.032,0.805,0.163
710000,0.033,0.806,0.161
710500,0.037,0.801,0.162
711000,0.035,0.803,0.161
711500,0.038,0.799,0.162
712000,0.036,0.803,0.161
712500,0.035,0.796,0.168
713000,0.035,0.812,0.152
713500,0.033,0.809,0.157
714000,0.033,0.814,0.154
714500,0.032,0.816,0.153
715000,0.031,0.816,0.153
715500,0.033,0.802,0.165
716000,0.033,0.801,0.166
716500,0.033,0.803,0.163
717000,0.033,0.812,0.155
717500,0.031,0.819,0.150
718000,0.032,0.828,0.140
718500,0.032,0.828,0.141
719000,0.034,0.827,0.140
719500,0.033,0.839,0.129
720000,0.033,0.832,0.136
720500,0.032,0.832,0.136
721000,0.032,0.828,0.140
721500,0.035,0.821,0.144
722000,0.033,0.813,0.154
722500,0.032,0.811,0.157
723000,0.031,0.839,0.130
723500,0.031,0.835,0.134
724000,0.032,0.817,0.152
724500,0.034,0.809,0.157
725000,0.033,0.810,0.157
725500,0.033,0.804,0.163
726000,0.034,0.805,0.160
726500,0.034,0.800,0.166
727000,0.034,0.799,0.166
727500,0.033,0.811,0.155
728000,0.034,0.807,0.159
728500,0.032,0.812,0.155
729000,0.034,0.809,0.157
729500,0.033,0.799,0.168
730000,0.032,0.787,0.181
730500,0.033,0.789,0.178
731000,0.033,0.786,0.180
731500,0.034,0.784,0.182
732000,0.035,0.780,0.185
732500,0.035,0.781,0.183
733000,0.035,0.783,0.181
733500,0.035,0.799,0.166
734000,0.032,0.795,0.173
734500,0.032,0.796,0.171
735000,0.033,0.797,0.170
735500,0.033,0.798,0.169
736000,0.032,0.799,0.168
736500,0.037,0.791,0.171
737000,0.036,0.803,0.161
737500,0.035,0.790,0.175
738000,0.034,0.782,0.184
738500,0.033,0.791,0.175
739000,0.035,0.802,0.162
739500,0.034,0.801,0.164
740000,0.034,0.821,0.145
740500,0.035,0.810,0.154
741000,0.035,0.819,0.146
741500,0.035,0.817,0.149
742000,0.034,0.818,0.148
742500,0.034,0.815,0.152
743000,0.032,0.832,0.136
743500,0.032,0.825,0.143
744000,0.034,0.818,0.149
744500,0.033,0.822,0.146
745000,0.033,0.819,0.148
745500,0.033,0.824,0.143
746000,0.033,0.815,0.153
746500,0.034,0.819,0.148
747000,0.034,0.816,0.150
747500,0.033,0.810,0.157
748000,0.033,0.811,0.156
748500,0.032,0.808,0.160
749000,0.030,0.830,0.140
749500,0.030,0.830,0.140
750000,0.030,0.822,0.148
750500,0.031,0.816,0.153
751000,0.033,0.800,0.167
751500,0.034,0.802,0.164
752000,0.033,0.802,0.165
752500,0.032,0.806,0.161
753000,0.032,0.797,0.170
753500,0.034,0.809,0.157
754000,0.034,0.820,0.146
754500,0.032,0.824,0.145
755000,0.032,0.835,0.134
755500,0.031,0.817,0.152
756000,0.031,0.819,0.150
756500,0.031,0.817,0.152
757000,0.032,0.817,0.151
757500,0.034,0.815,0.152
758000,0.035,0.815,0.150
758500,0.035,0.810,0.154
759000,0.035,0.805,0.159
759500,0.037,0.796,0.167
760000,0.035,0.805,0.160
760500,0.036,0.792,0.171
761000,0.034,0.787,0.179
761500,0.034,0.791,0.174
762000,0.033,0.793,0.173
762500,0.036,0.799,0.165
763000,0.035,0.801,0.163
763500,0.034,0.820,0.146
764000,0.034,0.817,0.149
764500,0.033,0.795,0.171
765000,0.034,0.782,0.184
765500,0.033,0.786,0.180
766000,0.031,0.800,0.169
766500,0.030,0.804,0.165
767000,0.030,0.804,0.165
767500,0.031,0.810,0.159
768000,0.032,0.793,0.175
768500,0.030,0.794,0.175
769000,0.030,0.804,0.165
769500,0.032,0.818,0.151
770000,0.030,0.810,0.159
770500,0.032,0.806,0.162
771000,0.032,0.816,0.153
771500,0.036,0.809,0.155
772000,0.034,0.810,0.156
772500,0.033,0.812,0.155
773000,0.031,0.817,0.152
773500,0.031,0.806,0.163
774000,0.032,0.797,0.171
774500,0.031,0.797,0.171
775000,0.032,0.800,0.168
775500,0.032,0.815,0.154
776000,0.032,0.801,0.167
776500,0.031,0.799,0.170
777000,0.032,0.798,0.169
777500,0.032,0.806,0.162
778000,0.031,0.802,0.166
778500,0.031,0.801,0.167
779000,0.035,0.801,0.163
779500,0.034,0.804,0.161
780000,0.033,0.815,0.152
780500,0.032,0.804,0.163
781000,0.034,0.805,0.161
781500,0.033,0.810,0.156
782000,0.033,0.824,0.143
782500,0.034,0.833,0.133
783000,0.033,0.835,0.132
783500,0.034,0.825,0.142
784000,0.035,0.829,0.137
784500,0.033,0.822,0.146
785000,0.032,0.835,0.134
785500,0.032,0.819,0.149
786000,0.031,0.815,0.154
786500,0.030,0.815,0.155
787000,0.031,0.822,0.147
787500,0.031,0.813,0.156
788000,0.033,0.814,0.153
788500,0.035,0.811,0.153
789000,0.035,0.801,0.164
789500,0.034,0.805,0.160
790000,0.034,0.807,0.159
790500,0.034,0.810,0.155
791000,0.033,0.819,0.148
791500,0.034,0.822,0.145
792000,0.033,0.826,0.141
792500,0.032,0.820,0.148
793000,0.031,0.816,0.153
793500,0.036,0.813,0.151
794000,0.036,0.790,0.174
794500,0.035,0.789,0.176
795000,0.032,0.795,0.173
795500,0.032,0.797,0.171
796000,0.032,0.810,0.158
796500,0.032,0.808,0.159
797000,0.032,0.799,0.169
797500,0.032,0.796,0.172
798000,0.035,0.811,0.154
798500,0.035,0.820,0.146
799000,0.032,0.817,0.151
799500,0.033,0.828,0.140
800000,0.034,0.818,0.149
800500,0.034,0.826,0.141
801000,0.032,0.827,0.141
801500,0.034,0.836,0.131
802000,0.032,0.823,0.146
802500,0.030,0.811,0.158
803000,0.030,0.812,0.157
803500,0.030,0.816,0.154
804000,0.032,0.806,0.162
804500,0.033,0.788,0.179
805000,0.035,0.789,0.175
805500,0.036,0.794,0.169
806000,0.033,0.808,0.159
806500,0.031,0.799,0.170
807000,0.032,0.802,0.165
807500,0.032,0.804,0.163
808000,0.031,0.803,0.165
808500,0.033,0.802,0.165
809000,0.033,0.803,0.164
809500,0.034,0.794,0.172
810000,0.037,0.790,0.172
810500,0.035,0.795,0.169
811000,0.035,0.798,0.167
811500,0.036,0.809,0.154
812000,0.035,0.807,0.158
812500,0.036,0.803,0.160
813000,0.034,0.803,0.163
813500,0.033,0.803,0.164
814000,0.033,0.807,0.160
814500,0.032,0.815,0.153
815000,0.032,0.814,0.154
815500,0.030,0.821,0.149
816000,0.030,0.815,0.155
816500,0.032,0.803,0.165
817000,0.033,0.796,0.171
817500,0.034,0.791,0.174
818000,0.035,0.786,0.178
818500,0.035,0.795,0.170
819000,0.038,0.786,0.175
819500,0.035,0.782,0.183
820000,0.035,0.775,0.191
820500,0.035,0.780,0.184
821000,0.035,0.779,0.185
821500,0.036,0.773,0.191
822000,0.038,0.760,0.201
822500,0.037,0.764,0.198
823000,0.035,0.759,0.205
823500,0.036,0.769,0.195
824000,0.035,0.789,0.176
824500,0.034,0.789,0.177
825000,0.035,0.793,0.172
825500,0.034,0.798,0.167
826000,0.034,0.799,0.167
826500,0.033,0.798,0.168
827000,0.038,0.792,0.169
827500,0.034,0.797,0.168
828000,0.034,0.805,0.161
828500,0.034,0.808,0.158
829000,0.034,0.803,0.162
829500,0.033,0.803,0.164
830000,0.035,0.797,0.168
830500,0.033,0.792,0.175
831000,0.036,0.799,0.165
831500,0.035,0.808,0.157
832000,0.035,0.796,0.168
832500,0.035,0.789,0.176
833000,0.034,0.788,0.178
833500,0.033,0.796,0.170
834000,0.032,0.804,0.163
834500,0.034,0.799,0.167
835000,0.033,0.799,0.168
835500,0.032,0.787,0.181
836000,0.033,0.781,0.186
836500,0.033,0.779,0.188
837000,0.033,0.782,0.185
837500,0.033,0.776,0.191
838000,0.033,0.771,0.196
838500,0.034,0.776,0.190
839000,0.034,0.768,0.199
839500,0.034,0.783,0.183
840000,0.036,0.788,0.175
840500,0.035,0.804,0.160
841000,0.033,0.805,0.162
841500,0.033,0.810,0.157
842000,0.033,0.801,0.166
842500,0.033,0.786,0.181
843000,0.032,0.797,0.171
843500,0.033,0.784,0.183
844000,0.034,0.789,0.177
844500,0.035,0.795,0.170
845000,0.035,0.783,0.181
845500,0.035,0.785,0.180
846000,0.036,0.796,0.167
846500,0.035,0.788,0.176
847000,0.035,0.783,0.181
847500,0.034,0.779,0.188
848000,0.033,0.788,0.179
848500,0.034,0.790,0.176
849000,0.033,0.793,0.174
849500,0.032,0.802,0.166
850000,0.032,0.802,0.166
850500,0.033,0.806,0.161
851000,0.037,0.805,0.157
851500,0.035,0.825,0.140
852000,0.034,0.818,0.149
852500,0.032,0.817,0.151
853000,0.033,0.815,0.152
853500,0.033,0.815,0.152
854000,0.032,0.805,0.163
854500,0.031,0.793,0.175
855000,0.033,0.789,0.177
855500,0.030,0.784,0.185
856000,0.030,0.783,0.186
856500,0.032,0.795,0.173
857000,0.031,0.819,0.150
857500,0.032,0.823,0.146
858000,0.032,0.826,0.143
858500,0.033,0.827,0.141
859000,0.032,0.823,0.146
859500,0.031,0.813,0.156
860000,0.030,0.823,0.147
860500,0.030,0.824,0.146
861000,0.030,0.813,0.157
861500,0.032,0.818,0.151
862000,0.032,0.828,0.141
862500,0.033,0.830,0.137
863000,0.033,0.839,0.128
863500,0.034,0.825,0.141
864000,0.034,0.817,0.150
864500,0.036,0.806,0.158
865000,0.035,0.811,0.153
865500,0.035,0.822,0.143
866000,0.032,0.829,0.140
866500,0.033,0.811,0.156
867000,0.034,0.816,0.150
867500,0.034,0.827,0.140
868000,0.034,0.818,0.149
868500,0.033,0.822,0.145
869000,0.033,0.816,0.152
869500,0.032,0.825,0.144
870000,0.031,0.840,0.129
870500,0.031,0.823,0.146
871000,0.032,0.823,0.146
871500,0.032,0.836,0.133
872000,0.032,0.843,0.126
872500,0.032,0.824,0.145
873000,0.031,0.815,0.154
873500,0.030,0.816,0.154
874000,0.031,0.813,0.156
874500,0.031,0.828,0.141
875000,0.030,0.823,0.147
875500,0.030,0.811,0.158
876000,0.030,0.816,0.154
876500,0.030,0.818,0.152
877000,0.030,0.825,0.145
877500,0.030,0.822,0.148
878000,0.030,0.819,0.151
878500,0.030,0.814,0.156
879000,0.032,0.817,0.151
879500,0.032,0.818,0.151
880000,0.032,0.822,0.147
880500,0.032,0.828,0.141
881000,0.030,0.830,0.140
881500,0.030,0.828,0.142
882000,0.030,0.829,0.141
882500,0.032,0.823,0.145
883000,0.034,0.819,0.148
883500,0.035,0.816,0.150
884000,0.036,0.816,0.148
884500,0.034,0.815,0.152
885000,0.032,0.820,0.149
885500,0.031,0.820,0.149
886000,0.031,0.823,0.146
886500,0.031,0.806,0.162
887000,0.030,0.797,0.172
887500,0.030,0.804,0.165
888000,0.031,0.809,0.159
888500,0.031,0.799,0.170
889000,0.033,0.810,0.157
889500,0.034,0.813,0.154
890000,0.032,0.809,0.159
890500,0.032,0.812,0.155
891000,0.034,0.813,0.153
891500,0.035,0.806,0.159
892000,0.035,0.790,0.174
892500,0.034,0.800,0.166
893000,0.032,0.791,0.177
893500,0.030,0.796,0.173
894000,0.033,0.798,0.169
894500,0.033,0.792,0.174
895000,0.032,0.786,0.182
895500,0.033,0.794,0.173
896000,0.033,0.798,0.169
896500,0.033,0.802,0.165
897000,0.033,0.797,0.170
897500,0.033,0.795,0.171
898000,0.034,0.786,0.179
898500,0.033,0.802,0.165
899000,0.033,0.802,0.165
899500,0.032,0.807,0.161
900000,0.034,0.795,0.171
900500,0.033,0.811,0.156
901000,0.032,0.819,0.149
901500,0.032,0.827,0.141
902000,0.032,0.824,0.145
902500,0.030,0.825,0.145
903000,0.030,0.831,0.139
903500,0.030,0.830,0.140
904000,0.030,0.817,0.153
904500,0.032,0.819,0.149
905000,0.032,0.817,0.151
905500,0.031,0.805,0.163
906000,0.032,0.820,0.148
906500,0.034,0.819,0.147
907000,0.035,0.818,0.147
907500,0.035,0.826,0.140
908000,0.033,0.812,0.155
908500,0.034,0.814,0.152
909000,0.035,0.809,0.156
909500,0.035,0.814,0.151
910000,0.034,0.810,0.156
910500,0.032,0.802,0.165
911000,0.032,0.802,0.166
911500,0.031,0.803,0.166
912000,0.035,0.788,0.177
912500,0.035,0.792,0.172
913000,0.035,0.785,0.180
913500,0.035,0.800,0.165
914000,0.033,0.810,0.157
914500,0.032,0.801,0.167
915000,0.032,0.799,0.168
915500,0.033,0.789,0.178
916000,0.033,0.795,0.172
916500,0.030,0.814,0.156
917000,0.030,0.820,0.150
917500,0.031,0.834,0.135
918000,0.032,0.829,0.139
918500,0.032,0.833,0.136
919000,0.032,0.835,0.134
919500,0.031,0.829,0.140
920000,0.031,0.828,0.141
920500,0.030,0.837,0.133
921000,0.030,0.852,0.118
921500,0.032,0.838,0.131
922000,0.031,0.822,0.147
922500,0.030,0.837,0.133
923000,0.030,0.828,0.142
923500,0.031,0.831,0.138
924000,0.033,0.837,0.131
924500,0.033,0.837,0.131
925000,0.032,0.838,0.131
925500,0.033,0.829,0.139
926000,0.032,0.826,0.142
926500,0.030,0.827,0.143
927000,0.032,0.827,0.142
927500,0.031,0.835,0.134
928000,0.032,0.828,0.141
928500,0.033,0.826,0.142
929000,0.032,0.823,0.145
929500,0.033,0.818,0.149
930000,0.035,0.817,0.149
930500,0.033,0.825,0.142
931000,0.034,0.819,0.148
931500,0.035,0.815,0.150
932000,0.038,0.787,0.174
932500,0.036,0.791,0.172
933000,0.036,0.789,0.175
933500,0.037,0.778,0.184
934000,0.035,0.772,0.192
934500,0.040,0.788,0.172
935000,0.037,0.784,0.179
935500,0.034,0.783,0.183
936000,0.035,0.781,0.184
936500,0.033,0.788,0.179
937000,0.032,0.797,0.170
937500,0.033,0.797,0.170
938000,0.032,0.788,0.180
938500,0.032,0.808,0.160
939000,0.032,0.813,0.156
939500,0.035,0.802,0.163
940000,0.032,0.803,0.165
940500,0.031,0.818,0.151
941000,0.030,0.822,0.148
941500,0.031,0.825,0.144
942000,0.031,0.827,0.142
942500,0.030,0.825,0.145
943000,0.032,0.820,0.149
943500,0.031,0.811,0.157
944000,0.032,0.814,0.155
944500,0.035,0.805,0.160
945000,0.034,0.811,0.155
945500,0.035,0.810,0.155
946000,0.034,0.809,0.157
946500,0.032,0.817,0.151
947000,0.034,0.811,0.155
947500,0.032,0.820,0.148
948000,0.033,0.821,0.147
948500,0.032,0.816,0.153
949000,0.032,0.810,0.158
949500,0.032,0.828,0.141
950000,0.030,0.847,0.123
950500,0.030,0.843,0.127
951000,0.030,0.832,0.138
951500,0.030,0.826,0.144
952000,0.032,0.825,0.143
952500,0.035,0.822,0.144
953000,0.035,0.810,0.155
953500,0.033,0.804,0.163
954000,0.034,0.817,0.150
954500,0.033,0.812,0.155
955000,0.030,0.798,0.171
955500,0.032,0.792,0.176
956000,0.031,0.800,0.169
956500,0.031,0.795,0.173
957000,0.031,0.790,0.179
957500,0.034,0.794,0.172
958000,0.033,0.792,0.175
958500,0.032,0.795,0.172
959000,0.035,0.793,0.172
959500,0.035,0.800,0.165
960000,0.034,0.799,0.167
960500,0.034,0.806,0.160
961000,0.033,0.783,0.184
961500,0.034,0.784,0.182
962000,0.033,0.789,0.178
962500,0.034,0.800,0.166
963000,0.033,0.803,0.164
963500,0.034,0.813,0.153
964000,0.034,0.818,0.149
964500,0.034,0.824,0.143
965000,0.033,0.814,0.154
965500,0.031,0.817,0.152
966000,0.030,0.800,0.169
966500,0.033,0.789,0.177
967000,0.033,0.800,0.167
967500,0.032,0.801,0.167
968000,0.032,0.808,0.159
968500,0.035,0.813,0.153
969000,0.035,0.814,0.151
969500,0.034,0.809,0.157
970000,0.033,0.810,0.156
970500,0.034,0.810,0.156
971000,0.034,0.808,0.158
971500,0.033,0.810,0.157
972000,0.031,0.809,0.159
972500,0.030,0.809,0.160
973000,0.031,0.817,0.152
973500,0.032,0.822,0.146
974000,0.032,0.819,0.150
974500,0.035,0.822,0.143
975000,0.032,0.830,0.138
975500,0.033,0.816,0.152
976000,0.031,0.824,0.145
976500,0.031,0.820,0.149
977000,0.030,0.827,0.143
977500,0.032,0.826,0.143
978000,0.032,0.814,0.154
978500,0.033,0.799,0.168
979000,0.032,0.810,0.158
979500,0.032,0.803,0.164
980000,0.032,0.810,0.158
980500,0.033,0.810,0.156
981000,0.032,0.820,0.149
981500,0.032,0.823,0.145
982000,0.033,0.822,0.145
982500,0.032,0.817,0.152
983000,0.033,0.802,0.165
983500,0.032,0.805,0.163
984000,0.032,0.812,0.155
984500,0.031,0.818,0.151
985000,0.033,0.823,0.145
985500,0.033,0.822,0.146
986000,0.032,0.837,0.131
986500,0.030,0.831,0.139
987000,0.031,0.825,0.144
987500,0.030,0.825,0.145
988000,0.032,0.830,0.139
988500,0.031,0.824,0.145
989000,0.033,0.820,0.148
989500,0.032,0.821,0.148
990000,0.030,0.817,0.153
990500,0.030,0.821,0.149
991000,0.031,0.822,0.147
991500,0.033,0.820,0.148
992000,0.035,0.824,0.141
992500,0.036,0.815,0.149
993000,0.035,0.806,0.158
993500,0.035,0.807,0.157
994000,0.035,0.798,0.166
994500,0.034,0.799,0.167
995000,0.035,0.788,0.176
995500,0.035,0.779,0.186
996000,0.034,0.792,0.174
996500,0.038,0.786,0.176
997000,0.036,0.796,0.167
997500,0.035,0.791,0.174
998000,0.035,0.781,0.184
998500,0.034,0.789,0.177
999000,0.032,0.791,0.176
999500,0.034,0.793,0.173
1000000,0.034,0.786,0.180
