time,n_A+p,n_B,n_AB
500,0.080,0.841,0.080
1000,0.080,0.778,0.142
1500,0.080,0.772,0.148
2000,0.080,0.738,0.182
2500,0.080,0.711,0.209
3000,0.080,0.688,0.232
3500,0.080,0.701,0.219
4000,0.080,0.684,0.236
4500,0.080,0.657,0.263
5000,0.081,0.679,0.240
5500,0.081,0.642,0.277
6000,0.080,0.650,0.270
6500,0.085,0.659,0.256
7000,0.082,0.645,0.273
7500,0.083,0.627,0.290
8000,0.081,0.665,0.254
8500,0.081,0.682,0.237
9000,0.081,0.693,0.227
9500,0.080,0.696,0.225
10000,0.080,0.696,0.224
10500,0.080,0.688,0.233
11000,0.080,0.675,0.245
11500,0.082,0.695,0.224
12000,0.081,0.713,0.206
12500,0.081,0.710,0.210
13000,0.081,0.700,0.220
13500,0.081,0.731,0.188
14000,0.081,0.694,0.226
14500,0.081,0.680,0.239
15000,0.081,0.669,0.250
15500,0.080,0.666,0.254
16000,0.081,0.623,0.296
16500,0.080,0.610,0.310
17000,0.081,0.610,0.309
17500,0.081,0.612,0.308
18000,0.083,0.639,0.278
18500,0.080,0.675,0.245
19000,0.080,0.666,0.254
19500,0.080,0.676,0.244
20000,0.080,0.686,0.234
20500,0.080,0.672,0.248
21000,0.080,0.667,0.253
21500,0.080,0.676,0.244
22000,0.080,0.689,0.232
22500,0.080,0.696,0.224
23000,0.080,0.697,0.223
23500,0.080,0.714,0.207
24000,0.080,0.685,0.235
24500,0.080,0.681,0.239
25000,0.080,0.702,0.218
25500,0.080,0.665,0.255
26000,0.080,0.661,0.259
26500,0.081,0.665,0.254
27000,0.081,0.653,0.266
27500,0.081,0.650,0.269
28000,0.080,0.645,0.275
28500,0.082,0.619,0.299
29000,0.081,0.620,0.299
29500,0.082,0.654,0.264
30000,0.081,0.636,0.283
30500,0.080,0.658,0.262
31000,0.080,0.650,0.270
31500,0.081,0.618,0.301
32000,0.082,0.630,0.288
32500,0.082,0.647,0.271
33000,0.082,0.637,0.281
33500,0.080,0.633,0.287
34000,0.081,0.654,0.265
34500,0.081,0.643,0.276
35000,0.082,0.672,0.246
35500,0.081,0.649,0.270
36000,0.081,0.632,0.287
36500,0.081,0.638,0.281
37000,0.083,0.637,0.280
37500,0.081,0.644,0.275
38000,0.083,0.622,0.296
38500,0.083,0.646,0.271
39000,0.085,0.622,0.293
39500,0.084,0.645,0.271
40000,0.082,0.639,0.279
40500,0.081,0.674,0.245
41000,0.080,0.672,0.248
41500,0.080,0.672,0.248
42000,0.080,0.645,0.275
42500,0.082,0.641,0.277
43000,0.081,0.686,0.233
43500,0.080,0.677,0.243
44000,0.080,0.683,0.237
44500,0.081,0.661,0.258
45000,0.080,0.665,0.255
45500,0.080,0.678,0.242
46000,0.080,0.651,0.269
46500,0.083,0.638,0.279
47000,0.085,0.639,0.276
47500,0.082,0.650,0.268
48000,0.081,0.655,0.264
48500,0.080,0.671,0.249
49000,0.082,0.662,0.256
49500,0.081,0.644,0.275
50000,0.080,0.642,0.278
50500,0.082,0.630,0.288
51000,0.081,0.677,0.242
51500,0.080,0.652,0.268
52000,0.080,0.658,0.262
52500,0.080,0.658,0.262
53000,0.080,0.695,0.225
53500,0.080,0.674,0.246
54000,0.080,0.670,0.250
54500,0.081,0.702,0.217
55000,0.081,0.676,0.243
55500,0.080,0.692,0.229
56000,0.080,0.684,0.236
56500,0.084,0.691,0.225
57000,0.082,0.678,0.240
57500,0.082,0.683,0.235
58000,0.083,0.681,0.236
58500,0.084,0.690,0.227
59000,0.082,0.658,0.260
59500,0.083,0.638,0.279
60000,0.082,0.616,0.303
60500,0.082,0.609,0.309
61000,0.081,0.652,0.267
61500,0.080,0.681,0.239
62000,0.080,0.665,0.255
62500,0.080,0.683,0.237
63000,0.080,0.696,0.224
63500,0.080,0.707,0.213
64000,0.083,0.718,0.200
64500,0.081,0.717,0.203
65000,0.080,0.689,0.232
65500,0.080,0.676,0.244
66000,0.080,0.665,0.255
66500,0.080,0.712,0.208
67000,0.080,0.730,0.190
67500,0.080,0.715,0.205
68000,0.080,0.684,0.236
68500,0.082,0.694,0.224
69000,0.082,0.684,0.234
69500,0.082,0.689,0.230
70000,0.082,0.676,0.242
70500,0.081,0.658,0.261
71000,0.080,0.640,0.280
71500,0.080,0.663,0.257
72000,0.084,0.660,0.256
72500,0.085,0.635,0.280
73000,0.084,0.652,0.264
73500,0.081,0.639,0.280
74000,0.081,0.653,0.266
74500,0.085,0.646,0.269
75000,0.082,0.657,0.261
75500,0.082,0.649,0.269
76000,0.081,0.653,0.266
76500,0.085,0.669,0.246
77000,0.083,0.670,0.247
77500,0.084,0.680,0.236
78000,0.081,0.666,0.253
78500,0.080,0.662,0.258
79000,0.080,0.662,0.258
79500,0.081,0.644,0.275
80000,0.080,0.635,0.285
80500,0.083,0.634,0.283
81000,0.081,0.665,0.254
81500,0.084,0.630,0.286
82000,0.086,0.666,0.248
82500,0.085,0.670,0.245
83000,0.083,0.654,0.263
83500,0.082,0.649,0.269
84000,0.082,0.618,0.300
84500,0.083,0.654,0.263
85000,0.081,0.673,0.246
85500,0.083,0.662,0.255
86000,0.081,0.659,0.260
86500,0.080,0.678,0.242
87000,0.080,0.707,0.213
87500,0.080,0.720,0.201
88000,0.080,0.706,0.214
88500,0.080,0.683,0.237
89000,0.080,0.699,0.221
89500,0.080,0.710,0.211
90000,0.080,0.682,0.238
90500,0.080,0.668,0.252
91000,0.080,0.689,0.231
91500,0.081,0.668,0.251
92000,0.080,0.686,0.234
92500,0.080,0.677,0.243
93000,0.080,0.684,0.236
93500,0.080,0.695,0.226
94000,0.080,0.698,0.223
94500,0.080,0.706,0.214
95000,0.080,0.692,0.229
95500,0.080,0.680,0.240
96000,0.082,0.693,0.226
96500,0.080,0.684,0.236
97000,0.080,0.681,0.239
97500,0.080,0.652,0.268
98000,0.081,0.674,0.245
98500,0.081,0.639,0.280
99000,0.084,0.638,0.278
99500,0.081,0.653,0.266
100000,0.083,0.685,0.232
100500,0.080,0.675,0.245
101000,0.080,0.665,0.255
101500,0.080,0.678,0.242
102000,0.080,0.694,0.227
102500,0.080,0.671,0.249
103000,0.080,0.686,0.234
103500,0.080,0.689,0.232
104000,0.080,0.691,0.229
104500,0.080,0.666,0.254
105000,0.080,0.732,0.189
105500,0.080,0.695,0.225
106000,0.080,0.690,0.231
106500,0.082,0.664,0.254
107000,0.080,0.658,0.262
107500,0.083,0.678,0.239
108000,0.080,0.681,0.239
108500,0.080,0.649,0.271
109000,0.083,0.632,0.285
109500,0.086,0.655,0.259
110000,0.082,0.624,0.295
110500,0.081,0.671,0.248
111000,0.080,0.673,0.247
111500,0.080,0.704,0.216
112000,0.080,0.677,0.243
112500,0.082,0.696,0.223
113000,0.081,0.703,0.217
113500,0.081,0.713,0.207
114000,0.080,0.712,0.209
114500,0.080,0.694,0.227
115000,0.080,0.694,0.226
115500,0.080,0.667,0.253
116000,0.080,0.673,0.247
116500,0.081,0.672,0.247
117000,0.081,0.625,0.294
117500,0.083,0.642,0.275
118000,0.082,0.676,0.242
118500,0.082,0.669,0.249
119000,0.081,0.656,0.263
119500,0.083,0.632,0.285
120000,0.083,0.622,0.295
120500,0.082,0.645,0.273
121000,0.080,0.633,0.287
121500,0.080,0.657,0.263
122000,0.080,0.645,0.275
122500,0.082,0.674,0.244
123000,0.081,0.652,0.267
123500,0.080,0.642,0.278
124000,0.080,0.633,0.287
124500,0.082,0.642,0.276
125000,0.082,0.616,0.302
125500,0.081,0.622,0.298
126000,0.080,0.675,0.245
126500,0.080,0.681,0.239
127000,0.080,0.629,0.291
127500,0.080,0.646,0.274
128000,0.080,0.671,0.249
128500,0.080,0.645,0.275
129000,0.081,0.688,0.232
129500,0.083,0.657,0.260
130000,0.082,0.644,0.274
130500,0.081,0.635,0.284
131000,0.080,0.683,0.237
131500,0.080,0.662,0.258
132000,0.084,0.683,0.233
132500,0.082,0.670,0.248
133000,0.080,0.665,0.255
133500,0.080,0.672,0.248
134000,0.080,0.662,0.258
134500,0.083,0.635,0.282
135000,0.080,0.652,0.268
135500,0.081,0.670,0.249
136000,0.080,0.693,0.227
136500,0.080,0.691,0.229
137000,0.080,0.668,0.252
137500,0.080,0.682,0.238
138000,0.080,0.649,0.271
138500,0.081,0.655,0.264
139000,0.080,0.654,0.266
139500,0.081,0.666,0.253
140000,0.083,0.651,0.266
140500,0.081,0.666,0.253
141000,0.080,0.671,0.249
141500,0.080,0.669,0.251
142000,0.080,0.664,0.256
142500,0.080,0.678,0.242
143000,0.080,0.679,0.241
143500,0.080,0.691,0.229
144000,0.080,0.670,0.250
144500,0.080,0.685,0.235
145000,0.080,0.691,0.229
145500,0.080,0.712,0.208
146000,0.080,0.696,0.224
146500,0.080,0.700,0.221
147000,0.080,0.695,0.226
147500,0.080,0.669,0.251
148000,0.080,0.677,0.243
148500,0.081,0.628,0.291
149000,0.081,0.646,0.273
149500,0.082,0.665,0.253
150000,0.081,0.676,0.243
150500,0.080,0.676,0.244
151000,0.080,0.657,0.263
151500,0.080,0.657,0.263
152000,0.080,0.668,0.252
152500,0.081,0.656,0.263
153000,0.081,0.645,0.274
153500,0.080,0.642,0.278
154000,0.085,0.631,0.284
154500,0.083,0.613,0.305
155000,0.086,0.638,0.276
155500,0.084,0.619,0.297
156000,0.081,0.609,0.310
156500,0.082,0.596,0.323
157000,0.082,0.585,0.333
157500,0.083,0.597,0.321
158000,0.082,0.618,0.300
158500,0.083,0.645,0.272
159000,0.080,0.638,0.282
159500,0.080,0.621,0.299
160000,0.084,0.628,0.288
160500,0.083,0.660,0.257
161000,0.082,0.684,0.234
161500,0.082,0.689,0.229
162000,0.080,0.661,0.259
162500,0.080,0.696,0.224
163000,0.080,0.685,0.235
163500,0.080,0.649,0.271
164000,0.080,0.697,0.224
164500,0.081,0.713,0.207
165000,0.080,0.692,0.229
165500,0.080,0.655,0.265
166000,0.080,0.651,0.269
166500,0.080,0.653,0.267
167000,0.080,0.671,0.249
167500,0.080,0.664,0.256
168000,0.081,0.642,0.277
168500,0.080,0.661,0.259
169000,0.080,0.642,0.278
169500,0.080,0.647,0.273
170000,0.082,0.661,0.257
170500,0.080,0.668,0.252
171000,0.080,0.668,0.252
171500,0.082,0.644,0.274
172000,0.081,0.626,0.293
172500,0.082,0.615,0.304
173000,0.085,0.604,0.311
173500,0.081,0.604,0.316
174000,0.083,0.613,0.304
174500,0.081,0.644,0.275
175000,0.083,0.651,0.266
175500,0.081,0.679,0.240
176000,0.081,0.670,0.249
176500,0.080,0.671,0.249
177000,0.081,0.630,0.289
177500,0.081,0.647,0.272
178000,0.080,0.617,0.303
178500,0.080,0.605,0.316
179000,0.080,0.650,0.270
179500,0.082,0.647,0.271
180000,0.081,0.677,0.242
180500,0.080,0.683,0.237
181000,0.080,0.686,0.234
181500,0.080,0.662,0.258
182000,0.080,0.650,0.270
182500,0.080,0.656,0.264
183000,0.081,0.644,0.275
183500,0.080,0.647,0.273
184000,0.080,0.641,0.279
184500,0.082,0.651,0.267
185000,0.085,0.657,0.258
185500,0.082,0.645,0.273
186000,0.082,0.669,0.249
186500,0.081,0.652,0.267
187000,0.081,0.653,0.266
187500,0.081,0.642,0.277
188000,0.082,0.628,0.290
188500,0.080,0.666,0.254
189000,0.080,0.656,0.264
189500,0.080,0.661,0.259
190000,0.080,0.661,0.259
190500,0.080,0.679,0.241
191000,0.083,0.686,0.231
191500,0.081,0.674,0.245
192000,0.080,0.699,0.221
192500,0.080,0.725,0.196
193000,0.080,0.695,0.225
193500,0.082,0.709,0.210
194000,0.081,0.695,0.225
194500,0.083,0.699,0.219
195000,0.081,0.693,0.227
195500,0.081,0.670,0.249
196000,0.080,0.665,0.255
196500,0.082,0.637,0.281
197000,0.084,0.645,0.271
197500,0.083,0.627,0.290
198000,0.082,0.659,0.259
198500,0.081,0.668,0.251
199000,0.085,0.664,0.251
199500,0.083,0.707,0.211
200000,0.081,0.712,0.208
200500,0.080,0.700,0.221
201000,0.080,0.688,0.233
201500,0.080,0.682,0.238
202000,0.080,0.707,0.214
202500,0.080,0.696,0.225
203000,0.080,0.656,0.264
203500,0.080,0.666,0.254
204000,0.081,0.660,0.259
204500,0.080,0.670,0.250
205000,0.082,0.682,0.236
205500,0.081,0.647,0.272
206000,0.081,0.646,0.273
206500,0.081,0.636,0.283
207000,0.082,0.654,0.264
207500,0.083,0.624,0.293
208000,0.082,0.628,0.290
208500,0.082,0.655,0.263
209000,0.080,0.659,0.261
209500,0.080,0.657,0.263
210000,0.080,0.669,0.251
210500,0.080,0.641,0.279
211000,0.080,0.664,0.256
211500,0.080,0.673,0.247
212000,0.082,0.654,0.264
212500,0.083,0.586,0.332
213000,0.084,0.609,0.307
213500,0.082,0.615,0.304
214000,0.082,0.648,0.270
214500,0.081,0.669,0.250
215000,0.080,0.678,0.242
215500,0.080,0.691,0.229
216000,0.084,0.688,0.229
216500,0.082,0.648,0.270
217000,0.083,0.643,0.274
217500,0.086,0.622,0.292
218000,0.082,0.626,0.292
218500,0.084,0.636,0.280
219000,0.082,0.663,0.255
219500,0.081,0.654,0.265
220000,0.081,0.675,0.244
220500,0.084,0.665,0.251
221000,0.082,0.678,0.240
221500,0.080,0.660,0.260
222000,0.080,0.659,0.261
222500,0.081,0.667,0.252
223000,0.081,0.677,0.242
223500,0.083,0.686,0.231
224000,0.081,0.654,0.265
224500,0.085,0.625,0.290
225000,0.082,0.634,0.284
225500,0.080,0.642,0.278
226000,0.080,0.643,0.277
226500,0.080,0.646,0.274
227000,0.080,0.670,0.250
227500,0.080,0.656,0.264
228000,0.080,0.682,0.238
228500,0.081,0.664,0.255
229000,0.081,0.707,0.213
229500,0.080,0.682,0.238
230000,0.082,0.671,0.247
230500,0.082,0.695,0.224
231000,0.081,0.666,0.253
231500,0.082,0.686,0.232
232000,0.080,0.692,0.229
232500,0.080,0.684,0.236
233000,0.080,0.669,0.251
233500,0.080,0.704,0.217
234000,0.081,0.683,0.236
234500,0.081,0.711,0.209
235000,0.080,0.666,0.254
235500,0.080,0.633,0.287
236000,0.085,0.635,0.280
236500,0.083,0.630,0.287
237000,0.082,0.658,0.260
237500,0.082,0.640,0.278
238000,0.087,0.621,0.291
238500,0.082,0.632,0.286
239000,0.085,0.616,0.299
239500,0.088,0.602,0.310
240000,0.087,0.604,0.309
240500,0.083,0.623,0.295
241000,0.083,0.622,0.295
241500,0.082,0.610,0.309
242000,0.085,0.642,0.273
242500,0.082,0.669,0.249
243000,0.082,0.651,0.267
243500,0.083,0.682,0.235
244000,0.082,0.675,0.243
244500,0.081,0.691,0.228
245000,0.080,0.691,0.229
245500,0.080,0.659,0.261
246000,0.080,0.638,0.282
246500,0.080,0.622,0.298
247000,0.080,0.665,0.255
247500,0.080,0.649,0.271
248000,0.080,0.639,0.281
248500,0.080,0.673,0.247
249000,0.082,0.652,0.266
249500,0.082,0.653,0.265
250000,0.080,0.694,0.226
250500,0.082,0.695,0.223
251000,0.080,0.681,0.239
251500,0.082,0.667,0.251
252000,0.081,0.672,0.247
252500,0.082,0.677,0.241
253000,0.084,0.643,0.273
253500,0.082,0.660,0.258
254000,0.081,0.640,0.279
254500,0.080,0.635,0.285
255000,0.080,0.655,0.265
255500,0.080,0.658,0.262
256000,0.080,0.664,0.256
256500,0.081,0.653,0.266
257000,0.084,0.646,0.270
257500,0.082,0.634,0.284
258000,0.083,0.640,0.277
258500,0.084,0.635,0.281
259000,0.082,0.657,0.261
259500,0.081,0.647,0.272
260000,0.080,0.669,0.251
260500,0.080,0.674,0.246
261000,0.080,0.642,0.278
261500,0.080,0.631,0.289
262000,0.080,0.620,0.300
262500,0.084,0.624,0.292
263000,0.082,0.653,0.265
263500,0.081,0.653,0.266
264000,0.081,0.678,0.241
264500,0.080,0.631,0.289
265000,0.080,0.633,0.287
265500,0.081,0.654,0.265
266000,0.081,0.655,0.264
266500,0.080,0.643,0.277
267000,0.080,0.629,0.291
267500,0.080,0.649,0.271
268000,0.083,0.651,0.266
268500,0.082,0.677,0.241
269000,0.081,0.644,0.275
269500,0.081,0.630,0.289
270000,0.083,0.619,0.299
270500,0.082,0.622,0.296
271000,0.081,0.653,0.266
271500,0.082,0.678,0.240
272000,0.081,0.691,0.229
272500,0.080,0.695,0.225
273000,0.080,0.655,0.265
273500,0.080,0.685,0.235
274000,0.080,0.667,0.253
274500,0.081,0.673,0.246
275000,0.081,0.697,0.223
275500,0.080,0.691,0.229
276000,0.080,0.666,0.254
276500,0.080,0.671,0.249
277000,0.080,0.660,0.260
277500,0.082,0.668,0.250
278000,0.082,0.670,0.248
278500,0.086,0.669,0.245
279000,0.085,0.661,0.254
279500,0.081,0.646,0.273
280000,0.082,0.635,0.283
280500,0.083,0.655,0.262
281000,0.084,0.660,0.256
281500,0.081,0.654,0.265
282000,0.080,0.655,0.265
282500,0.080,0.671,0.249
283000,0.080,0.676,0.244
283500,0.081,0.703,0.216
284000,0.083,0.704,0.214
284500,0.083,0.659,0.258
285000,0.082,0.689,0.230
285500,0.081,0.704,0.216
286000,0.081,0.694,0.226
286500,0.080,0.677,0.243
287000,0.080,0.680,0.240
287500,0.080,0.665,0.255
288000,0.080,0.645,0.275
288500,0.081,0.689,0.231
289000,0.082,0.671,0.247
289500,0.083,0.702,0.216
290000,0.082,0.715,0.204
290500,0.080,0.709,0.211
291000,0.081,0.703,0.217
291500,0.082,0.658,0.260
292000,0.081,0.671,0.248
292500,0.080,0.652,0.268
293000,0.080,0.678,0.242
293500,0.080,0.693,0.227
294000,0.080,0.653,0.267
294500,0.080,0.660,0.260
295000,0.080,0.637,0.283
295500,0.080,0.678,0.242
296000,0.080,0.678,0.242
296500,0.080,0.663,0.257
297000,0.080,0.648,0.272
297500,0.080,0.623,0.297
298000,0.082,0.644,0.274
298500,0.082,0.650,0.268
299000,0.080,0.653,0.267
299500,0.083,0.654,0.263
300000,0.080,0.659,0.261
300500,0.080,0.697,0.223
301000,0.080,0.687,0.233
301500,0.085,0.703,0.213
302000,0.081,0.689,0.231
302500,0.081,0.656,0.263
303000,0.081,0.652,0.267
303500,0.081,0.661,0.258
304000,0.080,0.679,0.241
304500,0.080,0.663,0.257
305000,0.080,0.638,0.282
305500,0.081,0.601,0.319
306000,0.083,0.585,0.333
306500,0.084,0.596,0.321
307000,0.084,0.601,0.316
307500,0.082,0.600,0.319
308000,0.083,0.618,0.300
308500,0.081,0.637,0.282
309000,0.081,0.637,0.282
309500,0.082,0.644,0.274
310000,0.085,0.647,0.268
310500,0.082,0.653,0.265
311000,0.081,0.675,0.244
311500,0.083,0.666,0.251
312000,0.081,0.639,0.280
312500,0.080,0.671,0.249
313000,0.082,0.651,0.267
313500,0.081,0.662,0.257
314000,0.081,0.694,0.226
314500,0.080,0.705,0.216
315000,0.080,0.701,0.219
315500,0.080,0.692,0.228
316000,0.080,0.658,0.262
316500,0.080,0.662,0.258
317000,0.081,0.686,0.233
317500,0.083,0.694,0.224
318000,0.082,0.674,0.244
318500,0.080,0.657,0.263
319000,0.080,0.699,0.222
319500,0.080,0.690,0.231
320000,0.080,0.693,0.228
320500,0.080,0.673,0.247
321000,0.080,0.653,0.267
321500,0.082,0.663,0.255
322000,0.081,0.685,0.234
322500,0.081,0.674,0.245
323000,0.080,0.666,0.254
323500,0.082,0.638,0.280
324000,0.080,0.651,0.269
324500,0.080,0.661,0.259
325000,0.080,0.626,0.294
325500,0.086,0.640,0.274
326000,0.082,0.670,0.248
326500,0.084,0.663,0.253
327000,0.082,0.658,0.260
327500,0.082,0.634,0.284
328000,0.081,0.644,0.275
328500,0.081,0.672,0.247
329000,0.081,0.672,0.247
329500,0.082,0.688,0.231
330000,0.081,0.668,0.251
330500,0.080,0.663,0.257
331000,0.080,0.664,0.256
331500,0.082,0.678,0.240
332000,0.081,0.682,0.237
332500,0.082,0.679,0.239
333000,0.082,0.630,0.288
333500,0.085,0.656,0.259
334000,0.083,0.686,0.231
334500,0.082,0.690,0.229
335000,0.082,0.678,0.240
335500,0.081,0.682,0.237
336000,0.080,0.717,0.204
336500,0.080,0.703,0.217
337000,0.080,0.717,0.203
337500,0.080,0.685,0.235
338000,0.080,0.710,0.211
338500,0.080,0.667,0.253
339000,0.080,0.674,0.246
339500,0.083,0.632,0.285
340000,0.082,0.613,0.305
340500,0.084,0.652,0.264
341000,0.081,0.604,0.316
341500,0.080,0.669,0.251
342000,0.083,0.647,0.270
342500,0.081,0.641,0.278
343000,0.081,0.704,0.216
343500,0.080,0.694,0.227
344000,0.080,0.686,0.234
344500,0.080,0.666,0.254
345000,0.082,0.665,0.253
345500,0.081,0.663,0.256
346000,0.081,0.683,0.236
346500,0.080,0.703,0.218
347000,0.080,0.694,0.227
347500,0.080,0.684,0.236
348000,0.080,0.699,0.222
348500,0.080,0.671,0.249
349000,0.080,0.645,0.275
349500,0.081,0.635,0.284
350000,0.081,0.641,0.278
350500,0.080,0.645,0.275
351000,0.081,0.637,0.282
351500,0.083,0.650,0.267
352000,0.082,0.662,0.256
352500,0.081,0.653,0.266
353000,0.082,0.671,0.247
353500,0.081,0.681,0.238
354000,0.080,0.707,0.214
354500,0.080,0.706,0.215
355000,0.080,0.707,0.214
355500,0.082,0.661,0.257
356000,0.081,0.641,0.278
356500,0.080,0.650,0.270
357000,0.080,0.658,0.262
357500,0.080,0.662,0.258
358000,0.080,0.646,0.274
358500,0.082,0.670,0.248
359000,0.083,0.671,0.246
359500,0.081,0.665,0.254
360000,0.082,0.676,0.242
360500,0.081,0.690,0.230
361000,0.082,0.683,0.235
361500,0.081,0.697,0.223
362000,0.081,0.684,0.235
362500,0.080,0.670,0.250
363000,0.080,0.644,0.276
363500,0.082,0.672,0.246
364000,0.081,0.671,0.248
364500,0.081,0.671,0.248
365000,0.081,0.669,0.250
365500,0.081,0.696,0.224
366000,0.080,0.692,0.229
366500,0.082,0.671,0.247
367000,0.081,0.655,0.264
367500,0.081,0.658,0.261
368000,0.083,0.674,0.243
368500,0.085,0.680,0.235
369000,0.082,0.684,0.234
369500,0.083,0.688,0.229
370000,0.081,0.651,0.268
370500,0.081,0.639,0.280
371000,0.081,0.699,0.221
371500,0.080,0.702,0.219
372000,0.082,0.702,0.217
372500,0.080,0.706,0.215
373000,0.082,0.687,0.231
373500,0.081,0.681,0.238
374000,0.081,0.668,0.251
374500,0.082,0.653,0.265
375000,0.081,0.668,0.251
375500,0.080,0.664,0.256
376000,0.083,0.621,0.296
376500,0.080,0.632,0.288
377000,0.080,0.638,0.282
377500,0.082,0.649,0.269
378000,0.081,0.646,0.273
378500,0.082,0.653,0.265
379000,0.081,0.672,0.247
379500,0.080,0.644,0.276
380000,0.080,0.643,0.277
380500,0.081,0.621,0.298
381000,0.081,0.604,0.315
381500,0.081,0.647,0.272
382000,0.083,0.625,0.292
382500,0.081,0.685,0.234
383000,0.082,0.684,0.234
383500,0.084,0.669,0.247
384000,0.085,0.670,0.245
384500,0.083,0.660,0.257
385000,0.081,0.669,0.250
385500,0.082,0.668,0.250
386000,0.080,0.653,0.267
386500,0.081,0.615,0.304
387000,0.080,0.640,0.280
387500,0.080,0.638,0.282
388000,0.080,0.665,0.255
388500,0.080,0.666,0.254
389000,0.080,0.670,0.250
389500,0.083,0.640,0.277
390000,0.085,0.652,0.263
390500,0.085,0.651,0.264
391000,0.081,0.654,0.265
391500,0.080,0.658,0.262
392000,0.080,0.650,0.270
392500,0.081,0.630,0.289
393000,0.080,0.662,0.258
393500,0.080,0.667,0.253
394000,0.080,0.660,0.260
394500,0.080,0.668,0.252
395000,0.083,0.698,0.220
395500,0.081,0.651,0.268
396000,0.081,0.657,0.262
396500,0.081,0.636,0.283
397000,0.080,0.657,0.263
397500,0.080,0.626,0.294
398000,0.080,0.665,0.255
398500,0.080,0.676,0.244
399000,0.080,0.657,0.263
399500,0.080,0.660,0.260
400000,0.083,0.633,0.284
400500,0.080,0.644,0.276
401000,0.080,0.648,0.272
401500,0.083,0.662,0.255
402000,0.082,0.641,0.277
402500,0.083,0.654,0.263
403000,0.081,0.667,0.252
403500,0.080,0.677,0.243
404000,0.080,0.684,0.236
404500,0.080,0.654,0.266
405000,0.080,0.672,0.248
405500,0.080,0.708,0.213
406000,0.083,0.659,0.258
406500,0.081,0.654,0.265
407000,0.081,0.652,0.267
407500,0.081,0.661,0.258
408000,0.082,0.654,0.264
408500,0.082,0.651,0.267
409000,0.081,0.656,0.263
409500,0.081,0.657,0.262
410000,0.080,0.670,0.250
410500,0.080,0.672,0.248
411000,0.083,0.613,0.304
411500,0.083,0.640,0.277
412000,0.084,0.635,0.281
412500,0.082,0.623,0.295
413000,0.081,0.632,0.287
413500,0.080,0.647,0.273
414000,0.082,0.669,0.249
414500,0.080,0.691,0.230
415000,0.080,0.649,0.271
415500,0.080,0.616,0.304
416000,0.080,0.641,0.279
416500,0.081,0.667,0.252
417000,0.080,0.676,0.244
417500,0.080,0.680,0.240
418000,0.080,0.654,0.266
418500,0.080,0.672,0.248
419000,0.080,0.697,0.224
419500,0.080,0.682,0.238
420000,0.080,0.671,0.249
420500,0.082,0.665,0.253
421000,0.081,0.659,0.260
421500,0.081,0.634,0.285
422000,0.081,0.665,0.254
422500,0.081,0.662,0.257
423000,0.081,0.673,0.246
423500,0.081,0.669,0.250
424000,0.080,0.663,0.257
424500,0.080,0.666,0.254
425000,0.081,0.669,0.250
425500,0.081,0.697,0.223
426000,0.081,0.701,0.219
426500,0.081,0.689,0.231
427000,0.080,0.706,0.214
427500,0.080,0.669,0.251
428000,0.081,0.640,0.279
428500,0.081,0.647,0.272
429000,0.082,0.655,0.263
429500,0.081,0.687,0.232
430000,0.080,0.686,0.234
430500,0.080,0.646,0.274
431000,0.080,0.655,0.265
431500,0.080,0.680,0.240
432000,0.082,0.651,0.267
432500,0.081,0.700,0.220
433000,0.080,0.681,0.239
433500,0.080,0.685,0.235
434000,0.080,0.680,0.240
434500,0.080,0.684,0.236
435000,0.081,0.666,0.253
435500,0.081,0.660,0.259
436000,0.080,0.638,0.282
436500,0.081,0.651,0.268
437000,0.081,0.668,0.251
437500,0.082,0.653,0.265
438000,0.081,0.669,0.250
438500,0.081,0.648,0.271
439000,0.080,0.665,0.255
439500,0.080,0.690,0.231
440000,0.080,0.690,0.230
440500,0.080,0.665,0.255
441000,0.080,0.640,0.280
441500,0.082,0.623,0.295
442000,0.081,0.623,0.296
442500,0.085,0.630,0.285
443000,0.083,0.639,0.278
443500,0.081,0.633,0.286
444000,0.081,0.643,0.276
444500,0.081,0.642,0.277
445000,0.083,0.631,0.286
445500,0.081,0.640,0.279
446000,0.081,0.649,0.270
446500,0.080,0.646,0.274
447000,0.080,0.666,0.254
447500,0.080,0.637,0.283
448000,0.082,0.662,0.256
448500,0.083,0.659,0.258
449000,0.081,0.673,0.246
449500,0.080,0.663,0.257
450000,0.080,0.678,0.242
450500,0.080,0.646,0.274
451000,0.081,0.678,0.241
451500,0.080,0.684,0.236
452000,0.080,0.685,0.235
452500,0.080,0.669,0.251
453000,0.080,0.642,0.278
453500,0.083,0.664,0.253
454000,0.081,0.653,0.266
454500,0.083,0.638,0.279
455000,0.081,0.642,0.277
455500,0.080,0.657,0.263
456000,0.080,0.662,0.258
456500,0.081,0.679,0.240
457000,0.080,0.692,0.228
457500,0.080,0.684,0.236
458000,0.080,0.693,0.228
458500,0.082,0.685,0.233
459000,0.081,0.658,0.261
459500,0.080,0.631,0.289
460000,0.080,0.665,0.255
460500,0.080,0.655,0.265
461000,0.080,0.651,0.269
461500,0.082,0.658,0.260
462000,0.083,0.636,0.281
462500,0.082,0.659,0.259
463000,0.084,0.654,0.262
463500,0.083,0.654,0.263
464000,0.081,0.670,0.249
464500,0.080,0.650,0.270
465000,0.080,0.634,0.286
465500,0.081,0.649,0.270
466000,0.080,0.634,0.286
466500,0.080,0.652,0.268
467000,0.081,0.654,0.265
467500,0.082,0.643,0.275
468000,0.080,0.654,0.266
468500,0.080,0.641,0.279
469000,0.082,0.657,0.261
469500,0.080,0.659,0.261
470000,0.080,0.676,0.244
470500,0.080,0.658,0.262
471000,0.080,0.639,0.281
471500,0.080,0.645,0.275
472000,0.083,0.673,0.244
472500,0.081,0.668,0.251
473000,0.081,0.673,0.246
473500,0.083,0.660,0.257
474000,0.083,0.652,0.265
474500,0.081,0.677,0.242
475000,0.083,0.704,0.214
475500,0.081,0.669,0.250
476000,0.083,0.693,0.225
476500,0.081,0.690,0.230
477000,0.080,0.684,0.236
477500,0.080,0.684,0.236
478000,0.080,0.706,0.214
478500,0.080,0.720,0.201
479000,0.080,0.707,0.214
479500,0.080,0.695,0.225
480000,0.080,0.682,0.238
480500,0.080,0.677,0.243
481000,0.080,0.684,0.236
481500,0.080,0.700,0.220
482000,0.080,0.721,0.199
482500,0.080,0.715,0.205
483000,0.080,0.682,0.238
483500,0.080,0.658,0.262
484000,0.082,0.658,0.260
484500,0.081,0.642,0.277
485000,0.081,0.652,0.267
485500,0.082,0.649,0.269
486000,0.081,0.660,0.259
486500,0.080,0.646,0.274
487000,0.080,0.646,0.274
487500,0.080,0.652,0.268
488000,0.080,0.691,0.230
488500,0.080,0.699,0.221
489000,0.084,0.688,0.229
489500,0.082,0.717,0.201
490000,0.080,0.708,0.213
490500,0.080,0.684,0.236
491000,0.080,0.681,0.239
491500,0.080,0.703,0.218
492000,0.080,0.704,0.216
492500,0.080,0.684,0.236
493000,0.082,0.689,0.230
493500,0.081,0.662,0.257
494000,0.081,0.642,0.277
494500,0.082,0.656,0.262
495000,0.082,0.667,0.251
495500,0.083,0.638,0.279
496000,0.083,0.583,0.335
496500,0.085,0.620,0.295
497000,0.084,0.599,0.318
497500,0.082,0.598,0.321
498000,0.081,0.630,0.289
498500,0.081,0.641,0.278
499000,0.080,0.670,0.250
499500,0.080,0.684,0.236
500000,0.082,0.674,0.244
500500,0.080,0.673,0.247
501000,0.082,0.642,0.276
501500,0.081,0.625,0.294
502000,0.082,0.641,0.277
502500,0.083,0.676,0.241
503000,0.083,0.659,0.258
503500,0.081,0.678,0.241
504000,0.082,0.672,0.246
504500,0.081,0.698,0.222
505000,0.080,0.731,0.190
505500,0.080,0.695,0.226
506000,0.081,0.675,0.244
506500,0.081,0.678,0.241
507000,0.083,0.686,0.231
507500,0.081,0.638,0.281
508000,0.080,0.645,0.275
508500,0.083,0.660,0.257
509000,0.083,0.668,0.249
509500,0.083,0.644,0.273
510000,0.084,0.656,0.260
510500,0.082,0.654,0.264
511000,0.081,0.615,0.304
511500,0.081,0.621,0.299
512000,0.080,0.648,0.272
512500,0.080,0.630,0.290
513000,0.080,0.678,0.242
513500,0.080,0.668,0.252
514000,0.083,0.665,0.252
514500,0.083,0.639,0.278
515000,0.082,0.655,0.263
515500,0.081,0.670,0.249
516000,0.081,0.670,0.249
516500,0.080,0.693,0.227
517000,0.080,0.661,0.259
517500,0.080,0.646,0.274
518000,0.082,0.642,0.276
518500,0.081,0.671,0.248
519000,0.080,0.705,0.215
519500,0.080,0.695,0.226
520000,0.080,0.710,0.211
520500,0.082,0.701,0.218
521000,0.081,0.696,0.224
521500,0.081,0.705,0.215
522000,0.082,0.710,0.208
522500,0.081,0.703,0.217
523000,0.081,0.687,0.232
523500,0.080,0.683,0.237
524000,0.080,0.675,0.245
524500,0.080,0.651,0.269
525000,0.081,0.682,0.237
525500,0.083,0.646,0.271
526000,0.084,0.660,0.256
526500,0.082,0.634,0.284
527000,0.083,0.658,0.259
527500,0.081,0.648,0.271
528000,0.080,0.692,0.229
528500,0.080,0.685,0.235
529000,0.080,0.678,0.242
529500,0.080,0.673,0.247
530000,0.083,0.671,0.246
530500,0.082,0.680,0.238
531000,0.082,0.679,0.239
531500,0.081,0.699,0.220
532000,0.080,0.683,0.237
532500,0.080,0.691,0.230
533000,0.081,0.683,0.236
533500,0.080,0.680,0.240
534000,0.081,0.691,0.228
534500,0.081,0.684,0.235
535000,0.080,0.649,0.271
535500,0.080,0.667,0.253
536000,0.082,0.631,0.287
536500,0.081,0.640,0.279
537000,0.081,0.652,0.267
537500,0.083,0.625,0.292
538000,0.082,0.628,0.290
538500,0.081,0.657,0.262
539000,0.081,0.673,0.246
539500,0.080,0.654,0.266
540000,0.082,0.649,0.269
540500,0.083,0.642,0.275
541000,0.082,0.642,0.276
541500,0.081,0.635,0.284
542000,0.080,0.631,0.289
542500,0.080,0.636,0.284
543000,0.080,0.662,0.258
543500,0.081,0.677,0.242
544000,0.081,0.691,0.229
544500,0.080,0.686,0.234
545000,0.080,0.660,0.260
545500,0.080,0.689,0.232
546000,0.080,0.694,0.226
546500,0.080,0.691,0.230
547000,0.080,0.643,0.277
547500,0.080,0.677,0.243
548000,0.082,0.651,0.267
548500,0.081,0.641,0.278
549000,0.080,0.659,0.261
549500,0.081,0.674,0.245
550000,0.084,0.667,0.249
550500,0.083,0.639,0.278
551000,0.085,0.623,0.292
551500,0.084,0.667,0.249
552000,0.084,0.648,0.268
552500,0.082,0.685,0.233
553000,0.080,0.664,0.256
553500,0.084,0.651,0.265
554000,0.082,0.637,0.281
554500,0.082,0.641,0.277
555000,0.082,0.651,0.267
555500,0.082,0.669,0.249
556000,0.081,0.675,0.244
556500,0.080,0.665,0.255
557000,0.080,0.671,0.249
557500,0.083,0.625,0.293
558000,0.081,0.617,0.302
558500,0.083,0.624,0.294
559000,0.081,0.651,0.268
559500,0.083,0.605,0.312
560000,0.082,0.643,0.275
560500,0.080,0.674,0.246
561000,0.080,0.632,0.288
561500,0.081,0.663,0.256
562000,0.081,0.657,0.262
562500,0.082,0.685,0.233
563000,0.081,0.696,0.224
563500,0.082,0.670,0.248
564000,0.083,0.645,0.272
564500,0.083,0.636,0.281
565000,0.082,0.654,0.264
565500,0.081,0.654,0.265
566000,0.081,0.628,0.291
566500,0.081,0.625,0.294
567000,0.082,0.615,0.303
567500,0.080,0.634,0.286
568000,0.080,0.648,0.272
568500,0.080,0.673,0.247
569000,0.080,0.653,0.267
569500,0.083,0.684,0.233
570000,0.081,0.689,0.230
570500,0.082,0.658,0.260
571000,0.082,0.679,0.239
571500,0.082,0.658,0.260
572000,0.081,0.659,0.260
572500,0.080,0.666,0.254
573000,0.080,0.674,0.246
573500,0.080,0.668,0.252
574000,0.082,0.667,0.251
574500,0.081,0.698,0.222
575000,0.080,0.651,0.269
575500,0.081,0.659,0.260
576000,0.082,0.633,0.285
576500,0.081,0.638,0.281
577000,0.081,0.659,0.260
577500,0.083,0.660,0.257
578000,0.081,0.639,0.280
578500,0.082,0.651,0.267
579000,0.084,0.644,0.272
579500,0.081,0.666,0.253
580000,0.082,0.648,0.270
580500,0.083,0.666,0.251
581000,0.081,0.630,0.289
581500,0.080,0.680,0.240
582000,0.080,0.709,0.211
582500,0.080,0.718,0.202
583000,0.081,0.665,0.254
583500,0.081,0.658,0.261
584000,0.081,0.652,0.267
584500,0.081,0.637,0.282
585000,0.080,0.642,0.278
585500,0.080,0.654,0.266
586000,0.080,0.656,0.264
586500,0.080,0.635,0.285
587000,0.080,0.644,0.276
587500,0.081,0.657,0.262
588000,0.081,0.642,0.277
588500,0.081,0.670,0.249
589000,0.080,0.668,0.252
589500,0.081,0.677,0.242
590000,0.082,0.654,0.264
590500,0.081,0.683,0.236
591000,0.080,0.668,0.252
591500,0.080,0.647,0.273
592000,0.084,0.650,0.266
592500,0.084,0.639,0.277
593000,0.083,0.638,0.279
593500,0.083,0.618,0.299
594000,0.081,0.647,0.272
594500,0.080,0.642,0.278
595000,0.080,0.665,0.255
595500,0.082,0.667,0.251
596000,0.081,0.658,0.261
596500,0.080,0.665,0.255
597000,0.080,0.688,0.233
597500,0.081,0.677,0.242
598000,0.082,0.679,0.239
598500,0.081,0.693,0.226
599000,0.081,0.686,0.233
599500,0.081,0.660,0.259
600000,0.080,0.697,0.224
600500,0.081,0.708,0.211
601000,0.080,0.689,0.231
601500,0.080,0.665,0.255
602000,0.080,0.685,0.235
602500,0.080,0.690,0.230
603000,0.080,0.679,0.241
603500,0.080,0.671,0.249
604000,0.080,0.663,0.257
604500,0.080,0.660,0.260
605000,0.082,0.653,0.265
605500,0.081,0.648,0.271
606000,0.080,0.643,0.277
606500,0.080,0.644,0.276
607000,0.080,0.653,0.267
607500,0.080,0.668,0.252
608000,0.080,0.644,0.276
608500,0.081,0.629,0.290
609000,0.082,0.659,0.259
609500,0.081,0.626,0.293
610000,0.081,0.627,0.292
610500,0.081,0.696,0.224
611000,0.082,0.704,0.214
611500,0.080,0.701,0.220
612000,0.080,0.659,0.261
612500,0.080,0.669,0.251
613000,0.080,0.653,0.267
613500,0.082,0.645,0.273
614000,0.082,0.678,0.240
614500,0.082,0.665,0.253
615000,0.081,0.658,0.261
615500,0.083,0.673,0.244
616000,0.081,0.685,0.234
616500,0.081,0.690,0.229
617000,0.080,0.687,0.233
617500,0.080,0.684,0.236
618000,0.080,0.680,0.240
618500,0.080,0.706,0.215
619000,0.080,0.693,0.227
619500,0.080,0.725,0.196
620000,0.080,0.712,0.209
620500,0.080,0.705,0.215
621000,0.080,0.676,0.244
621500,0.081,0.667,0.252
622000,0.081,0.666,0.253
622500,0.081,0.671,0.248
623000,0.081,0.644,0.275
623500,0.086,0.632,0.282
624000,0.082,0.656,0.262
624500,0.081,0.625,0.294
625000,0.080,0.660,0.260
625500,0.082,0.657,0.261
626000,0.081,0.694,0.226
626500,0.080,0.709,0.212
627000,0.080,0.702,0.219
627500,0.080,0.661,0.259
628000,0.080,0.657,0.263
628500,0.080,0.659,0.261
629000,0.080,0.655,0.265
629500,0.080,0.635,0.285
630000,0.080,0.643,0.277
630500,0.080,0.639,0.281
631000,0.084,0.649,0.267
631500,0.081,0.654,0.265
632000,0.080,0.656,0.264
632500,0.080,0.678,0.242
633000,0.080,0.681,0.239
633500,0.080,0.685,0.235
634000,0.080,0.659,0.261
634500,0.080,0.689,0.231
635000,0.080,0.700,0.220
635500,0.080,0.673,0.247
636000,0.080,0.683,0.237
636500,0.080,0.655,0.265
637000,0.080,0.686,0.234
637500,0.080,0.679,0.241
638000,0.080,0.649,0.271
638500,0.081,0.666,0.253
639000,0.080,0.675,0.245
639500,0.083,0.680,0.237
640000,0.081,0.691,0.229
640500,0.080,0.700,0.221
641000,0.080,0.709,0.212
641500,0.080,0.688,0.233
642000,0.080,0.691,0.229
642500,0.080,0.709,0.211
643000,0.080,0.687,0.233
643500,0.080,0.723,0.198
644000,0.080,0.714,0.206
644500,0.080,0.686,0.234
645000,0.080,0.702,0.219
645500,0.080,0.713,0.207
646000,0.080,0.715,0.205
646500,0.082,0.663,0.255
647000,0.084,0.644,0.272
647500,0.084,0.658,0.258
648000,0.085,0.636,0.279
648500,0.082,0.632,0.286
649000,0.081,0.633,0.286
649500,0.081,0.657,0.262
650000,0.081,0.666,0.253
650500,0.080,0.675,0.245
651000,0.080,0.687,0.233
651500,0.082,0.663,0.255
652000,0.082,0.650,0.268
652500,0.085,0.673,0.242
653000,0.081,0.691,0.228
653500,0.080,0.675,0.245
654000,0.080,0.691,0.230
654500,0.080,0.675,0.245
655000,0.080,0.689,0.232
655500,0.080,0.658,0.262
656000,0.082,0.634,0.284
656500,0.081,0.628,0.291
657000,0.081,0.642,0.277
657500,0.081,0.634,0.285
658000,0.082,0.642,0.276
658500,0.081,0.655,0.264
659000,0.085,0.633,0.282
659500,0.082,0.646,0.272
660000,0.082,0.625,0.294
660500,0.082,0.612,0.307
661000,0.080,0.626,0.294
661500,0.080,0.621,0.299
662000,0.083,0.635,0.282
662500,0.081,0.618,0.302
663000,0.080,0.611,0.309
663500,0.082,0.624,0.294
664000,0.081,0.640,0.279
664500,0.080,0.656,0.264
665000,0.082,0.644,0.274
665500,0.081,0.656,0.263
666000,0.080,0.657,0.263
666500,0.084,0.645,0.271
667000,0.084,0.631,0.285
667500,0.082,0.653,0.265
668000,0.081,0.639,0.280
668500,0.082,0.635,0.283
669000,0.081,0.655,0.264
669500,0.081,0.632,0.287
670000,0.080,0.655,0.265
670500,0.080,0.656,0.264
671000,0.080,0.671,0.249
671500,0.080,0.687,0.233
672000,0.080,0.709,0.212
672500,0.080,0.709,0.211
673000,0.080,0.712,0.209
673500,0.080,0.718,0.202
674000,0.080,0.750,0.170
674500,0.080,0.730,0.191
675000,0.080,0.718,0.202
675500,0.080,0.704,0.217
676000,0.080,0.715,0.205
676500,0.082,0.693,0.226
677000,0.081,0.685,0.234
677500,0.081,0.692,0.228
678000,0.081,0.677,0.242
678500,0.080,0.691,0.229
679000,0.080,0.653,0.267
679500,0.080,0.635,0.285
680000,0.080,0.632,0.288
680500,0.080,0.670,0.250
681000,0.080,0.685,0.235
681500,0.080,0.672,0.248
682000,0.080,0.660,0.260
682500,0.080,0.626,0.294
683000,0.082,0.626,0.292
683500,0.082,0.646,0.272
684000,0.081,0.644,0.275
684500,0.080,0.676,0.244
685000,0.080,0.632,0.288
685500,0.080,0.639,0.281
686000,0.085,0.640,0.275
686500,0.081,0.666,0.253
687000,0.081,0.694,0.226
687500,0.080,0.678,0.242
688000,0.082,0.705,0.214
688500,0.080,0.719,0.201
689000,0.080,0.726,0.194
689500,0.084,0.695,0.222
690000,0.081,0.671,0.248
690500,0.080,0.661,0.259
691000,0.080,0.649,0.271
691500,0.082,0.648,0.270
692000,0.081,0.646,0.273
692500,0.082,0.614,0.304
693000,0.081,0.636,0.283
693500,0.080,0.635,0.285
694000,0.080,0.645,0.275
694500,0.080,0.675,0.245
695000,0.080,0.678,0.242
695500,0.083,0.683,0.234
696000,0.084,0.665,0.251
696500,0.082,0.678,0.240
697000,0.081,0.696,0.224
697500,0.080,0.651,0.269
698000,0.086,0.635,0.279
698500,0.081,0.674,0.245
699000,0.081,0.712,0.208
699500,0.080,0.702,0.218
700000,0.080,0.685,0.235
700500,0.080,0.679,0.241
701000,0.080,0.647,0.273
701500,0.080,0.625,0.295
702000,0.081,0.633,0.286
702500,0.081,0.632,0.287
703000,0.080,0.634,0.286
703500,0.080,0.661,0.259
704000,0.080,0.671,0.249
704500,0.080,0.669,0.251
705000,0.080,0.685,0.235
705500,0.082,0.682,0.236
706000,0.081,0.684,0.235
706500,0.080,0.701,0.219
707000,0.080,0.691,0.230
707500,0.080,0.683,0.237
708000,0.080,0.687,0.233
708500,0.080,0.667,0.253
709000,0.080,0.659,0.261
709500,0.082,0.651,0.267
710000,0.081,0.619,0.300
710500,0.080,0.637,0.283
711000,0.080,0.675,0.245
711500,0.080,0.657,0.263
712000,0.081,0.646,0.273
712500,0.080,0.645,0.275
713000,0.081,0.664,0.255
713500,0.080,0.657,0.263
714000,0.080,0.686,0.234
714500,0.080,0.656,0.264
715000,0.080,0.676,0.244
715500,0.080,0.645,0.275
716000,0.082,0.658,0.260
716500,0.081,0.673,0.246
717000,0.081,0.661,0.258
717500,0.082,0.662,0.256
718000,0.080,0.666,0.254
718500,0.080,0.673,0.247
719000,0.080,0.708,0.212
719500,0.080,0.703,0.217
720000,0.081,0.713,0.206
720500,0.083,0.706,0.212
721000,0.081,0.683,0.236
721500,0.080,0.654,0.266
722000,0.080,0.689,0.231
722500,0.080,0.697,0.224
723000,0.080,0.682,0.238
723500,0.080,0.663,0.257
724000,0.081,0.691,0.229
724500,0.082,0.712,0.206
725000,0.083,0.692,0.226
725500,0.082,0.683,0.235
726000,0.081,0.698,0.221
726500,0.081,0.701,0.219
727000,0.081,0.661,0.258
727500,0.080,0.662,0.258
728000,0.083,0.667,0.250
728500,0.082,0.679,0.239
729000,0.083,0.662,0.255
729500,0.083,0.656,0.261
730000,0.083,0.669,0.248
730500,0.082,0.654,0.264
731000,0.083,0.665,0.252
731500,0.081,0.623,0.296
732000,0.081,0.670,0.249
732500,0.083,0.661,0.256
733000,0.082,0.668,0.250
733500,0.083,0.663,0.254
734000,0.082,0.661,0.257
734500,0.083,0.652,0.265
735000,0.081,0.676,0.243
735500,0.082,0.686,0.232
736000,0.082,0.644,0.274
736500,0.082,0.622,0.296
737000,0.082,0.622,0.296
737500,0.083,0.635,0.282
738000,0.082,0.628,0.290
738500,0.080,0.621,0.299
739000,0.080,0.642,0.278
739500,0.080,0.628,0.292
740000,0.082,0.634,0.284
740500,0.081,0.632,0.287
741000,0.080,0.637,0.283
741500,0.080,0.647,0.273
742000,0.080,0.666,0.254
742500,0.081,0.660,0.259
743000,0.082,0.693,0.226
743500,0.080,0.696,0.225
744000,0.080,0.692,0.229
744500,0.080,0.652,0.268
745000,0.080,0.673,0.247
745500,0.080,0.670,0.250
746000,0.083,0.663,0.254
746500,0.082,0.679,0.239
747000,0.084,0.673,0.243
747500,0.081,0.677,0.242
748000,0.081,0.681,0.238
748500,0.081,0.692,0.228
749000,0.080,0.691,0.229
749500,0.082,0.697,0.222
750000,0.081,0.692,0.228
750500,0.081,0.675,0.244
751000,0.080,0.710,0.211
751500,0.080,0.680,0.240
752000,0.080,0.670,0.250
752500,0.080,0.697,0.223
753000,0.082,0.710,0.209
753500,0.081,0.717,0.203
754000,0.080,0.678,0.242
754500,0.080,0.682,0.238
755000,0.080,0.694,0.227
755500,0.082,0.663,0.255
756000,0.081,0.685,0.234
756500,0.080,0.677,0.243
757000,0.080,0.645,0.275
757500,0.080,0.632,0.288
758000,0.084,0.648,0.268
758500,0.082,0.638,0.280
759000,0.081,0.631,0.288
759500,0.081,0.649,0.270
760000,0.081,0.633,0.286
760500,0.081,0.661,0.258
761000,0.080,0.664,0.256
761500,0.080,0.672,0.248
762000,0.080,0.674,0.246
762500,0.080,0.692,0.228
763000,0.080,0.661,0.259
763500,0.080,0.674,0.246
764000,0.082,0.634,0.284
764500,0.083,0.625,0.292
765000,0.082,0.658,0.260
765500,0.080,0.660,0.260
766000,0.081,0.688,0.232
766500,0.083,0.660,0.257
767000,0.081,0.645,0.274
767500,0.083,0.612,0.305
768000,0.081,0.637,0.282
768500,0.080,0.637,0.283
769000,0.080,0.639,0.281
769500,0.083,0.652,0.265
770000,0.081,0.673,0.246
770500,0.080,0.688,0.233
771000,0.080,0.685,0.235
771500,0.083,0.678,0.239
772000,0.083,0.705,0.213
772500,0.080,0.705,0.216
773000,0.080,0.702,0.218
773500,0.081,0.691,0.228
774000,0.081,0.714,0.206
774500,0.080,0.724,0.196
775000,0.080,0.697,0.223
775500,0.080,0.671,0.249
776000,0.080,0.660,0.260
776500,0.080,0.700,0.221
777000,0.080,0.730,0.190
777500,0.083,0.678,0.239
778000,0.081,0.687,0.232
778500,0.080,0.671,0.249
779000,0.080,0.699,0.222
779500,0.080,0.717,0.203
780000,0.081,0.642,0.277
780500,0.083,0.651,0.266
781000,0.080,0.657,0.263
781500,0.080,0.677,0.243
782000,0.080,0.659,0.261
782500,0.080,0.649,0.271
783000,0.080,0.653,0.267
783500,0.080,0.588,0.333
784000,0.080,0.625,0.295
784500,0.081,0.635,0.284
785000,0.080,0.650,0.270
785500,0.080,0.666,0.254
786000,0.080,0.690,0.230
786500,0.080,0.685,0.235
787000,0.080,0.710,0.210
787500,0.082,0.682,0.236
788000,0.081,0.668,0.251
788500,0.081,0.702,0.218
789000,0.086,0.681,0.233
789500,0.082,0.653,0.265
790000,0.080,0.626,0.294
790500,0.080,0.647,0.273
791000,0.080,0.684,0.236
791500,0.082,0.640,0.278
792000,0.083,0.652,0.265
792500,0.083,0.638,0.279
793000,0.082,0.649,0.269
793500,0.081,0.616,0.303
794000,0.082,0.629,0.289
794500,0.082,0.638,0.280
795000,0.080,0.633,0.287
795500,0.082,0.678,0.240
796000,0.080,0.673,0.247
796500,0.088,0.666,0.246
797000,0.083,0.701,0.216
797500,0.084,0.673,0.243
798000,0.082,0.694,0.225
798500,0.081,0.692,0.227
799000,0.080,0.713,0.207
799500,0.080,0.714,0.206
800000,0.080,0.723,0.197
800500,0.080,0.688,0.232
801000,0.082,0.698,0.220
801500,0.081,0.658,0.261
802000,0.081,0.639,0.280
802500,0.081,0.658,0.261
803000,0.080,0.642,0.278
803500,0.080,0.684,0.236
804000,0.080,0.668,0.252
804500,0.080,0.669,0.251
805000,0.080,0.677,0.243
805500,0.080,0.679,0.241
806000,0.080,0.680,0.240
806500,0.080,0.680,0.240
807000,0.080,0.699,0.221
807500,0.080,0.678,0.242
808000,0.080,0.688,0.232
808500,0.080,0.639,0.281
809000,0.080,0.643,0.277
809500,0.085,0.654,0.261
810000,0.084,0.658,0.258
810500,0.081,0.651,0.268
811000,0.081,0.678,0.241
811500,0.082,0.661,0.257
812000,0.081,0.696,0.224
812500,0.080,0.694,0.226
813000,0.080,0.692,0.229
813500,0.080,0.663,0.257
814000,0.080,0.689,0.231
814500,0.080,0.712,0.209
815000,0.082,0.726,0.193
815500,0.081,0.699,0.221
816000,0.081,0.684,0.235
816500,0.081,0.673,0.246
817000,0.081,0.700,0.220
817500,0.081,0.663,0.256
818000,0.082,0.633,0.285
818500,0.084,0.618,0.298
819000,0.085,0.627,0.288
819500,0.084,0.670,0.246
820000,0.081,0.649,0.270
820500,0.082,0.682,0.236
821000,0.082,0.663,0.255
821500,0.080,0.673,0.247
822000,0.080,0.685,0.235
822500,0.080,0.665,0.255
823000,0.082,0.672,0.246
823500,0.084,0.667,0.249
824000,0.081,0.674,0.245
824500,0.080,0.670,0.250
825000,0.081,0.679,0.240
825500,0.082,0.645,0.273
826000,0.081,0.676,0.243
826500,0.080,0.639,0.281
827000,0.084,0.639,0.277
827500,0.081,0.657,0.262
828000,0.082,0.667,0.251
828500,0.081,0.665,0.254
829000,0.080,0.661,0.259
829500,0.080,0.659,0.261
830000,0.081,0.685,0.234
830500,0.084,0.662,0.254
831000,0.082,0.633,0.285
831500,0.081,0.661,0.258
832000,0.082,0.650,0.268
832500,0.082,0.663,0.255
833000,0.082,0.667,0.251
833500,0.080,0.680,0.240
834000,0.080,0.674,0.246
834500,0.081,0.668,0.251
835000,0.081,0.671,0.248
835500,0.080,0.644,0.276
836000,0.080,0.654,0.266
836500,0.080,0.642,0.278
837000,0.080,0.650,0.270
837500,0.082,0.679,0.239
838000,0.083,0.638,0.279
838500,0.081,0.644,0.275
839000,0.081,0.664,0.255
839500,0.082,0.662,0.256
840000,0.084,0.661,0.255
840500,0.082,0.651,0.267
841000,0.083,0.664,0.253
841500,0.081,0.641,0.278
842000,0.083,0.634,0.283
842500,0.081,0.644,0.275
843000,0.080,0.673,0.247
843500,0.081,0.640,0.279
844000,0.081,0.619,0.300
844500,0.082,0.623,0.296
845000,0.081,0.659,0.260
845500,0.083,0.625,0.292
846000,0.082,0.663,0.255
846500,0.082,0.671,0.247
847000,0.081,0.658,0.261
847500,0.081,0.644,0.275
848000,0.080,0.634,0.286
848500,0.081,0.627,0.292
849000,0.082,0.622,0.296
849500,0.084,0.612,0.304
850000,0.087,0.637,0.276
850500,0.083,0.624,0.294
851000,0.082,0.643,0.275
851500,0.081,0.664,0.255
852000,0.080,0.617,0.303
852500,0.080,0.650,0.270
853000,0.080,0.690,0.230
853500,0.080,0.658,0.262
854000,0.081,0.654,0.265
854500,0.080,0.644,0.276
855000,0.081,0.667,0.252
855500,0.084,0.661,0.255
856000,0.082,0.692,0.227
856500,0.080,0.695,0.226
857000,0.080,0.700,0.220
857500,0.080,0.671,0.249
858000,0.081,0.616,0.303
858500,0.081,0.620,0.299
859000,0.080,0.642,0.278
859500,0.080,0.659,0.261
860000,0.080,0.666,0.254
860500,0.080,0.687,0.233
861000,0.080,0.722,0.199
861500,0.080,0.698,0.223
862000,0.083,0.658,0.259
862500,0.081,0.656,0.263
863000,0.081,0.636,0.283
863500,0.083,0.633,0.284
864000,0.082,0.677,0.241
864500,0.082,0.638,0.280
865000,0.081,0.631,0.288
865500,0.080,0.632,0.288
866000,0.080,0.644,0.276
866500,0.080,0.636,0.284
867000,0.080,0.631,0.289
867500,0.082,0.618,0.300
868000,0.082,0.647,0.271
868500,0.081,0.600,0.320
869000,0.081,0.607,0.312
869500,0.083,0.625,0.292
870000,0.083,0.643,0.274
870500,0.082,0.650,0.268
871000,0.083,0.649,0.268
871500,0.082,0.656,0.262
872000,0.081,0.672,0.247
872500,0.081,0.670,0.249
873000,0.083,0.660,0.257
873500,0.084,0.641,0.275
874000,0.081,0.653,0.266
874500,0.080,0.625,0.295
875000,0.082,0.624,0.295
875500,0.081,0.627,0.292
876000,0.081,0.635,0.284
876500,0.082,0.683,0.235
877000,0.081,0.641,0.278
877500,0.081,0.671,0.248
878000,0.080,0.639,0.281
878500,0.080,0.674,0.246
879000,0.080,0.681,0.239
879500,0.080,0.652,0.268
880000,0.081,0.695,0.224
880500,0.083,0.675,0.242
881000,0.081,0.699,0.220
881500,0.080,0.684,0.236
882000,0.080,0.680,0.240
882500,0.080,0.658,0.262
883000,0.080,0.660,0.260
883500,0.080,0.637,0.283
884000,0.080,0.641,0.279
884500,0.080,0.632,0.288
885000,0.080,0.702,0.219
885500,0.080,0.617,0.303
886000,0.080,0.621,0.299
886500,0.082,0.628,0.290
887000,0.083,0.675,0.242
887500,0.081,0.659,0.260
888000,0.080,0.663,0.257
888500,0.080,0.651,0.269
889000,0.081,0.664,0.255
889500,0.081,0.676,0.243
890000,0.080,0.666,0.254
890500,0.080,0.650,0.270
891000,0.080,0.644,0.276
891500,0.081,0.644,0.275
892000,0.083,0.644,0.273
892500,0.082,0.681,0.237
893000,0.080,0.676,0.244
893500,0.080,0.671,0.249
894000,0.080,0.650,0.270
894500,0.080,0.662,0.258
895000,0.083,0.674,0.243
895500,0.084,0.655,0.261
896000,0.081,0.624,0.295
896500,0.080,0.631,0.289
897000,0.083,0.632,0.285
897500,0.081,0.638,0.281
898000,0.083,0.636,0.281
898500,0.082,0.635,0.283
899000,0.081,0.661,0.258
899500,0.081,0.632,0.287
900000,0.085,0.661,0.254
900500,0.083,0.674,0.243
901000,0.082,0.652,0.266
901500,0.082,0.691,0.228
902000,0.080,0.676,0.244
902500,0.080,0.670,0.250
903000,0.080,0.667,0.253
903500,0.080,0.656,0.264
904000,0.080,0.683,0.237
904500,0.080,0.694,0.226
905000,0.082,0.694,0.225
905500,0.081,0.717,0.203
906000,0.080,0.675,0.245
906500,0.080,0.675,0.245
907000,0.081,0.672,0.247
907500,0.080,0.668,0.252
908000,0.080,0.682,0.238
908500,0.080,0.643,0.277
909000,0.080,0.659,0.261
909500,0.080,0.673,0.247
910000,0.080,0.691,0.229
910500,0.080,0.666,0.254
911000,0.080,0.655,0.265
911500,0.080,0.671,0.249
912000,0.080,0.655,0.265
912500,0.080,0.642,0.278
913000,0.080,0.683,0.237
913500,0.080,0.664,0.256
914000,0.081,0.674,0.245
914500,0.080,0.657,0.263
915000,0.080,0.629,0.291
915500,0.083,0.617,0.300
916000,0.080,0.656,0.264
916500,0.080,0.632,0.288
917000,0.082,0.643,0.275
917500,0.080,0.663,0.257
918000,0.080,0.623,0.297
918500,0.082,0.647,0.271
919000,0.081,0.647,0.272
919500,0.081,0.614,0.305
920000,0.080,0.639,0.281
920500,0.081,0.653,0.266
921000,0.082,0.667,0.251
921500,0.080,0.671,0.249
922000,0.080,0.660,0.260
922500,0.081,0.665,0.254
923000,0.081,0.673,0.246
923500,0.080,0.663,0.257
924000,0.082,0.667,0.251
924500,0.082,0.671,0.247
925000,0.081,0.679,0.240
925500,0.081,0.670,0.249
926000,0.080,0.677,0.243
926500,0.080,0.703,0.218
927000,0.080,0.681,0.239
927500,0.080,0.660,0.260
928000,0.080,0.609,0.311
928500,0.082,0.634,0.284
929000,0.080,0.650,0.270
929500,0.080,0.633,0.287
930000,0.083,0.666,0.251
930500,0.081,0.668,0.251
931000,0.082,0.652,0.266
931500,0.081,0.647,0.272
932000,0.083,0.647,0.270
932500,0.084,0.668,0.248
933000,0.081,0.673,0.246
933500,0.081,0.704,0.216
934000,0.080,0.693,0.227
934500,0.080,0.686,0.234
935000,0.080,0.679,0.241
935500,0.082,0.650,0.268
936000,0.085,0.648,0.267
936500,0.083,0.670,0.247
937000,0.082,0.685,0.233
937500,0.083,0.696,0.222
938000,0.081,0.683,0.236
938500,0.081,0.701,0.219
939000,0.080,0.679,0.241
939500,0.081,0.656,0.263
940000,0.080,0.649,0.271
940500,0.080,0.666,0.254
941000,0.080,0.649,0.271
941500,0.082,0.685,0.233
942000,0.081,0.646,0.273
942500,0.080,0.682,0.238
943000,0.080,0.682,0.238
943500,0.080,0.660,0.260
944000,0.080,0.679,0.241
944500,0.080,0.671,0.249
945000,0.080,0.696,0.225
945500,0.080,0.710,0.210
946000,0.080,0.710,0.211
946500,0.081,0.696,0.224
947000,0.080,0.686,0.234
947500,0.080,0.664,0.256
948000,0.082,0.683,0.235
948500,0.080,0.676,0.244
949000,0.080,0.688,0.232
949500,0.080,0.705,0.215
950000,0.080,0.701,0.220
950500,0.080,0.676,0.244
951000,0.080,0.689,0.231
951500,0.080,0.687,0.233
952000,0.082,0.681,0.237
952500,0.082,0.664,0.254
953000,0.080,0.646,0.274
953500,0.080,0.619,0.301
954000,0.080,0.651,0.269
954500,0.081,0.678,0.241
955000,0.081,0.701,0.219
955500,0.080,0.725,0.195
956000,0.080,0.707,0.213
956500,0.080,0.707,0.213
957000,0.081,0.698,0.222
957500,0.081,0.676,0.243
958000,0.081,0.674,0.245
958500,0.080,0.652,0.268
959000,0.080,0.633,0.287
959500,0.080,0.668,0.252
960000,0.080,0.672,0.248
960500,0.080,0.675,0.245
961000,0.080,0.701,0.220
961500,0.080,0.653,0.267
962000,0.080,0.645,0.275
962500,0.081,0.662,0.257
963000,0.081,0.658,0.261
963500,0.081,0.687,0.232
964000,0.082,0.671,0.247
964500,0.081,0.681,0.238
965000,0.085,0.680,0.235
965500,0.083,0.680,0.237
966000,0.082,0.673,0.245
966500,0.081,0.652,0.267
967000,0.080,0.655,0.265
967500,0.080,0.685,0.235
968000,0.080,0.696,0.224
968500,0.080,0.696,0.224
969000,0.080,0.705,0.216
969500,0.080,0.706,0.214
970000,0.083,0.689,0.229
970500,0.080,0.685,0.235
971000,0.082,0.663,0.255
971500,0.081,0.626,0.293
972000,0.084,0.631,0.285
972500,0.084,0.626,0.290
973000,0.083,0.646,0.271
973500,0.081,0.656,0.263
974000,0.081,0.680,0.239
974500,0.081,0.658,0.261
975000,0.081,0.647,0.272
975500,0.081,0.642,0.277
976000,0.080,0.670,0.250
976500,0.080,0.690,0.231
977000,0.080,0.694,0.227
977500,0.080,0.685,0.235
978000,0.080,0.686,0.234
978500,0.080,0.657,0.263
979000,0.080,0.685,0.235
979500,0.080,0.657,0.263
980000,0.081,0.637,0.282
980500,0.081,0.679,0.240
981000,0.082,0.625,0.293
981500,0.081,0.661,0.258
982000,0.081,0.653,0.266
982500,0.080,0.693,0.227
983000,0.080,0.708,0.212
983500,0.080,0.688,0.233
984000,0.081,0.658,0.261
984500,0.083,0.660,0.257
985000,0.083,0.644,0.273
985500,0.082,0.625,0.293
986000,0.080,0.618,0.302
986500,0.080,0.636,0.284
987000,0.080,0.627,0.293
987500,0.080,0.644,0.276
988000,0.081,0.667,0.252
988500,0.080,0.633,0.287
989000,0.080,0.670,0.250
989500,0.083,0.664,0.253
990000,0.081,0.673,0.246
990500,0.083,0.648,0.269
991000,0.083,0.651,0.266
991500,0.084,0.638,0.278
992000,0.083,0.665,0.252
992500,0.084,0.630,0.286
993000,0.081,0.661,0.258
993500,0.081,0.701,0.218
994000,0.080,0.718,0.202
994500,0.082,0.660,0.258
995000,0.080,0.677,0.243
995500,0.083,0.655,0.262
996000,0.081,0.667,0.252
996500,0.082,0.665,0.253
997000,0.085,0.656,0.259
997500,0.083,0.645,0.272
998000,0.083,0.660,0.257
998500,0.081,0.669,0.250
999000,0.080,0.659,0.261
999500,0.080,0.652,0.268
1000000,0.080,0.692,0.229
