time,n_A+p,n_B,n_AB
500,0.030,0.649,0.321
1000,0.030,0.538,0.432
1500,0.030,0.520,0.450
2000,0.030,0.328,0.642
2500,0.030,0.315,0.655
3000,0.030,0.474,0.496
3500,0.030,0.492,0.478
4000,0.030,0.661,0.309
4500,0.030,0.585,0.385
5000,0.030,0.526,0.444
5500,0.030,0.468,0.502
6000,0.030,0.511,0.459
6500,0.030,0.467,0.503
7000,0.030,0.388,0.582
7500,0.030,0.341,0.629
8000,0.030,0.448,0.522
8500,0.030,0.300,0.670
9000,0.030,0.507,0.463
9500,0.030,0.345,0.625
10000,0.030,0.454,0.516
10500,0.030,0.631,0.339
11000,0.030,0.487,0.483
11500,0.030,0.327,0.643
12000,0.030,0.391,0.579
12500,0.030,0.456,0.514
13000,0.030,0.494,0.476
13500,0.030,0.492,0.478
14000,0.030,0.498,0.472
14500,0.030,0.396,0.574
15000,0.030,0.586,0.384
15500,0.030,0.484,0.486
16000,0.030,0.418,0.552
16500,0.030,0.676,0.294
17000,0.030,0.593,0.377
17500,0.030,0.525,0.445
18000,0.030,0.508,0.462
18500,0.030,0.410,0.560
19000,0.030,0.342,0.628
19500,0.030,0.414,0.556
20000,0.030,0.527,0.443
20500,0.030,0.668,0.302
21000,0.030,0.325,0.645
21500,0.030,0.308,0.662
22000,0.030,0.322,0.648
22500,0.030,0.435,0.535
23000,0.030,0.424,0.546
23500,0.030,0.490,0.480
24000,0.030,0.432,0.538
24500,0.032,0.315,0.653
25000,0.030,0.604,0.366
25500,0.030,0.436,0.534
26000,0.030,0.505,0.465
26500,0.030,0.791,0.179
27000,0.030,0.524,0.446
27500,0.030,0.538,0.432
28000,0.030,0.461,0.509
28500,0.030,0.514,0.456
29000,0.030,0.531,0.439
29500,0.030,0.564,0.406
30000,0.030,0.431,0.539
30500,0.030,0.363,0.607
31000,0.030,0.565,0.405
31500,0.030,0.664,0.306
32000,0.030,0.554,0.416
32500,0.030,0.214,0.756
33000,0.030,0.462,0.508
33500,0.030,0.501,0.469
34000,0.030,0.516,0.454
34500,0.030,0.410,0.560
35000,0.030,0.496,0.474
35500,0.030,0.495,0.475
36000,0.030,0.466,0.504
36500,0.030,0.396,0.574
37000,0.030,0.389,0.581
37500,0.030,0.585,0.385
38000,0.030,0.493,0.477
38500,0.030,0.494,0.476
39000,0.030,0.546,0.424
39500,0.030,0.446,0.524
40000,0.030,0.554,0.416
40500,0.030,0.338,0.632
41000,0.030,0.482,0.488
41500,0.030,0.454,0.516
42000,0.030,0.448,0.522
42500,0.030,0.454,0.516
43000,0.030,0.442,0.528
43500,0.030,0.449,0.521
44000,0.030,0.601,0.369
44500,0.030,0.539,0.431
45000,0.030,0.432,0.538
45500,0.030,0.571,0.399
46000,0.030,0.593,0.377
46500,0.030,0.435,0.535
47000,0.030,0.648,0.322
47500,0.030,0.520,0.450
48000,0.030,0.538,0.432
48500,0.030,0.524,0.446
49000,0.030,0.400,0.570
49500,0.030,0.400,0.570
50000,0.030,0.556,0.414
50500,0.030,0.592,0.378
51000,0.030,0.459,0.511
51500,0.030,0.391,0.579
52000,0.030,0.399,0.571
52500,0.030,0.611,0.359
53000,0.030,0.505,0.465
53500,0.030,0.489,0.481
54000,0.030,0.355,0.615
54500,0.030,0.535,0.435
55000,0.030,0.595,0.375
55500,0.030,0.341,0.629
56000,0.030,0.452,0.518
56500,0.030,0.530,0.440
57000,0.030,0.334,0.636
57500,0.030,0.601,0.369
58000,0.030,0.453,0.517
58500,0.030,0.444,0.526
59000,0.030,0.405,0.565
59500,0.030,0.643,0.327
60000,0.030,0.514,0.456
60500,0.030,0.478,0.492
61000,0.030,0.508,0.462
61500,0.030,0.525,0.445
62000,0.030,0.552,0.418
62500,0.030,0.488,0.482
63000,0.030,0.507,0.463
63500,0.030,0.370,0.600
64000,0.030,0.510,0.460
64500,0.030,0.545,0.425
65000,0.030,0.523,0.447
65500,0.030,0.452,0.518
66000,0.030,0.363,0.607
66500,0.030,0.542,0.428
67000,0.030,0.688,0.282
67500,0.030,0.733,0.237
68000,0.030,0.657,0.313
68500,0.030,0.591,0.379
69000,0.030,0.499,0.471
69500,0.030,0.414,0.556
70000,0.030,0.336,0.634
70500,0.030,0.427,0.543
71000,0.030,0.342,0.628
71500,0.030,0.405,0.565
72000,0.030,0.286,0.684
72500,0.030,0.396,0.574
73000,0.030,0.241,0.729
73500,0.030,0.496,0.474
74000,0.030,0.411,0.559
74500,0.030,0.562,0.408
75000,0.030,0.482,0.488
75500,0.030,0.398,0.572
76000,0.030,0.433,0.537
76500,0.030,0.255,0.715
77000,0.030,0.500,0.470
77500,0.030,0.624,0.346
78000,0.030,0.362,0.608
78500,0.030,0.356,0.614
79000,0.030,0.438,0.532
79500,0.030,0.392,0.578
80000,0.030,0.483,0.487
80500,0.030,0.487,0.483
81000,0.030,0.468,0.502
81500,0.030,0.492,0.478
82000,0.030,0.445,0.525
82500,0.030,0.381,0.589
83000,0.030,0.465,0.505
83500,0.030,0.299,0.671
84000,0.030,0.290,0.680
84500,0.030,0.332,0.638
85000,0.030,0.469,0.501
85500,0.030,0.308,0.662
86000,0.030,0.368,0.602
86500,0.030,0.343,0.627
87000,0.030,0.417,0.553
87500,0.030,0.461,0.509
88000,0.030,0.452,0.518
88500,0.030,0.538,0.432
89000,0.030,0.552,0.418
89500,0.030,0.391,0.579
90000,0.030,0.553,0.417
90500,0.030,0.601,0.369
91000,0.030,0.527,0.443
91500,0.030,0.371,0.599
92000,0.030,0.300,0.670
92500,0.030,0.406,0.564
93000,0.030,0.532,0.438
93500,0.030,0.390,0.580
94000,0.030,0.438,0.532
94500,0.030,0.514,0.456
95000,0.030,0.436,0.534
95500,0.030,0.403,0.567
96000,0.030,0.417,0.553
96500,0.030,0.411,0.559
97000,0.030,0.410,0.560
97500,0.030,0.395,0.575
98000,0.030,0.643,0.327
98500,0.030,0.405,0.565
99000,0.030,0.572,0.398
99500,0.030,0.556,0.414
100000,0.030,0.635,0.335
100500,0.030,0.551,0.419
101000,0.030,0.479,0.491
101500,0.030,0.509,0.461
102000,0.030,0.422,0.548
102500,0.030,0.466,0.504
103000,0.030,0.472,0.498
103500,0.030,0.513,0.457
104000,0.030,0.381,0.589
104500,0.030,0.378,0.592
105000,0.030,0.499,0.471
105500,0.030,0.395,0.575
106000,0.030,0.324,0.646
106500,0.030,0.384,0.586
107000,0.030,0.384,0.586
107500,0.030,0.494,0.476
108000,0.030,0.449,0.521
108500,0.030,0.112,0.858
109000,0.030,0.372,0.598
109500,0.030,0.525,0.445
110000,0.030,0.472,0.498
110500,0.030,0.467,0.503
111000,0.030,0.553,0.417
111500,0.030,0.404,0.566
112000,0.030,0.465,0.505
112500,0.030,0.537,0.433
113000,0.030,0.508,0.462
113500,0.030,0.493,0.477
114000,0.030,0.669,0.301
114500,0.030,0.401,0.569
115000,0.030,0.387,0.583
115500,0.030,0.434,0.536
116000,0.030,0.392,0.578
116500,0.030,0.472,0.498
117000,0.030,0.438,0.532
117500,0.030,0.374,0.596
118000,0.030,0.547,0.423
118500,0.030,0.439,0.531
119000,0.030,0.555,0.415
119500,0.030,0.534,0.436
120000,0.030,0.418,0.552
120500,0.030,0.428,0.542
121000,0.030,0.425,0.545
121500,0.030,0.440,0.530
122000,0.030,0.322,0.648
122500,0.030,0.450,0.520
123000,0.030,0.470,0.500
123500,0.030,0.503,0.467
124000,0.030,0.514,0.456
124500,0.030,0.415,0.555
125000,0.030,0.556,0.414
125500,0.030,0.451,0.519
126000,0.030,0.707,0.263
126500,0.030,0.417,0.553
127000,0.030,0.541,0.429
127500,0.030,0.404,0.566
128000,0.030,0.462,0.508
128500,0.030,0.371,0.599
129000,0.030,0.437,0.533
129500,0.030,0.372,0.598
130000,0.030,0.529,0.441
130500,0.030,0.494,0.476
131000,0.030,0.492,0.478
131500,0.030,0.418,0.552
132000,0.030,0.424,0.546
132500,0.030,0.321,0.649
133000,0.030,0.357,0.613
133500,0.030,0.348,0.622
134000,0.030,0.317,0.653
134500,0.030,0.381,0.589
135000,0.030,0.413,0.557
135500,0.030,0.520,0.450
136000,0.030,0.475,0.495
136500,0.030,0.389,0.581
137000,0.030,0.578,0.392
137500,0.030,0.507,0.463
138000,0.030,0.446,0.524
138500,0.030,0.502,0.468
139000,0.030,0.404,0.566
139500,0.030,0.701,0.269
140000,0.030,0.594,0.376
140500,0.030,0.588,0.382
141000,0.030,0.517,0.453
141500,0.030,0.296,0.674
142000,0.030,0.467,0.503
142500,0.030,0.502,0.468
143000,0.030,0.599,0.371
143500,0.030,0.522,0.448
144000,0.030,0.468,0.502
144500,0.030,0.465,0.505
145000,0.030,0.367,0.603
145500,0.030,0.348,0.622
146000,0.030,0.496,0.474
146500,0.030,0.526,0.444
147000,0.030,0.407,0.563
147500,0.030,0.459,0.511
148000,0.030,0.490,0.480
148500,0.030,0.499,0.471
149000,0.030,0.449,0.521
149500,0.030,0.375,0.595
150000,0.030,0.412,0.558
150500,0.030,0.556,0.414
151000,0.030,0.554,0.416
151500,0.030,0.514,0.456
152000,0.030,0.432,0.538
152500,0.030,0.614,0.356
153000,0.030,0.398,0.572
153500,0.030,0.306,0.664
154000,0.030,0.436,0.534
154500,0.030,0.519,0.451
155000,0.030,0.394,0.576
155500,0.030,0.413,0.557
156000,0.030,0.382,0.588
156500,0.030,0.466,0.504
157000,0.030,0.449,0.521
157500,0.030,0.383,0.587
158000,0.030,0.536,0.434
158500,0.030,0.286,0.684
159000,0.030,0.532,0.438
159500,0.030,0.628,0.342
160000,0.030,0.518,0.452
160500,0.030,0.426,0.544
161000,0.030,0.373,0.597
161500,0.030,0.453,0.517
162000,0.030,0.598,0.372
162500,0.030,0.348,0.622
163000,0.030,0.428,0.542
163500,0.030,0.565,0.405
164000,0.030,0.496,0.474
164500,0.030,0.350,0.620
165000,0.030,0.456,0.514
165500,0.030,0.502,0.468
166000,0.030,0.356,0.614
166500,0.030,0.582,0.388
167000,0.030,0.505,0.465
167500,0.030,0.594,0.376
168000,0.030,0.517,0.453
168500,0.030,0.660,0.310
169000,0.030,0.659,0.311
169500,0.030,0.515,0.455
170000,0.030,0.661,0.309
170500,0.030,0.510,0.460
171000,0.030,0.540,0.430
171500,0.030,0.541,0.429
172000,0.030,0.444,0.526
172500,0.030,0.593,0.377
173000,0.030,0.396,0.574
173500,0.030,0.320,0.650
174000,0.030,0.715,0.255
174500,0.030,0.614,0.356
175000,0.030,0.394,0.576
175500,0.030,0.405,0.565
176000,0.030,0.550,0.420
176500,0.030,0.534,0.436
177000,0.030,0.546,0.424
177500,0.030,0.607,0.363
178000,0.030,0.365,0.605
178500,0.030,0.332,0.638
179000,0.030,0.509,0.461
179500,0.030,0.562,0.408
180000,0.030,0.418,0.552
180500,0.030,0.534,0.436
181000,0.030,0.403,0.567
181500,0.030,0.434,0.536
182000,0.030,0.504,0.466
182500,0.030,0.448,0.522
183000,0.030,0.566,0.404
183500,0.030,0.440,0.530
184000,0.030,0.488,0.482
184500,0.030,0.347,0.623
185000,0.030,0.537,0.433
185500,0.030,0.438,0.532
186000,0.030,0.372,0.598
186500,0.030,0.431,0.539
187000,0.030,0.517,0.453
187500,0.030,0.289,0.681
188000,0.030,0.417,0.553
188500,0.030,0.309,0.661
189000,0.030,0.378,0.592
189500,0.030,0.451,0.519
190000,0.030,0.503,0.467
190500,0.030,0.586,0.384
191000,0.030,0.426,0.544
191500,0.030,0.351,0.619
192000,0.030,0.480,0.490
192500,0.030,0.356,0.614
193000,0.030,0.400,0.570
193500,0.030,0.483,0.487
194000,0.030,0.305,0.665
194500,0.030,0.485,0.485
195000,0.030,0.420,0.550
195500,0.030,0.439,0.531
196000,0.030,0.310,0.660
196500,0.030,0.407,0.563
197000,0.030,0.319,0.651
197500,0.030,0.547,0.423
198000,0.030,0.439,0.531
198500,0.030,0.484,0.486
199000,0.030,0.468,0.502
199500,0.030,0.501,0.469
200000,0.030,0.265,0.705
200500,0.030,0.403,0.567
201000,0.030,0.359,0.611
201500,0.030,0.501,0.469
202000,0.030,0.613,0.357
202500,0.030,0.364,0.606
203000,0.030,0.511,0.459
203500,0.030,0.441,0.529
204000,0.030,0.344,0.626
204500,0.030,0.389,0.581
205000,0.030,0.537,0.433
205500,0.030,0.475,0.495
206000,0.030,0.441,0.529
206500,0.030,0.488,0.482
207000,0.030,0.585,0.385
207500,0.030,0.611,0.359
208000,0.030,0.487,0.483
208500,0.030,0.389,0.581
209000,0.030,0.544,0.426
209500,0.030,0.505,0.465
210000,0.030,0.551,0.419
210500,0.030,0.534,0.436
211000,0.030,0.448,0.522
211500,0.030,0.379,0.591
212000,0.030,0.281,0.689
212500,0.030,0.464,0.506
213000,0.030,0.419,0.551
213500,0.030,0.565,0.405
214000,0.030,0.507,0.463
214500,0.030,0.507,0.463
215000,0.030,0.493,0.477
215500,0.030,0.467,0.503
216000,0.030,0.565,0.405
216500,0.030,0.491,0.479
217000,0.030,0.650,0.320
217500,0.030,0.454,0.516
218000,0.030,0.309,0.661
218500,0.030,0.304,0.666
219000,0.030,0.555,0.415
219500,0.030,0.571,0.399
220000,0.030,0.442,0.528
220500,0.030,0.318,0.652
221000,0.030,0.511,0.459
221500,0.030,0.421,0.549
222000,0.030,0.518,0.452
222500,0.030,0.562,0.408
223000,0.030,0.483,0.487
223500,0.030,0.479,0.491
224000,0.030,0.478,0.492
224500,0.030,0.447,0.523
225000,0.030,0.489,0.481
225500,0.030,0.723,0.247
226000,0.030,0.468,0.502
226500,0.030,0.580,0.390
227000,0.030,0.641,0.329
227500,0.030,0.531,0.439
228000,0.030,0.443,0.527
228500,0.030,0.632,0.338
229000,0.030,0.591,0.379
229500,0.030,0.411,0.559
230000,0.030,0.488,0.482
230500,0.030,0.449,0.521
231000,0.030,0.453,0.517
231500,0.030,0.371,0.599
232000,0.030,0.487,0.483
232500,0.030,0.681,0.289
233000,0.030,0.536,0.434
233500,0.030,0.552,0.418
234000,0.030,0.476,0.494
234500,0.030,0.517,0.453
235000,0.030,0.574,0.396
235500,0.030,0.361,0.609
236000,0.030,0.444,0.526
236500,0.030,0.400,0.570
237000,0.030,0.349,0.621
237500,0.030,0.412,0.558
238000,0.030,0.599,0.371
238500,0.030,0.493,0.477
239000,0.030,0.627,0.343
239500,0.030,0.495,0.475
240000,0.030,0.589,0.381
240500,0.030,0.438,0.532
241000,0.030,0.567,0.403
241500,0.030,0.466,0.504
242000,0.030,0.591,0.379
242500,0.030,0.594,0.376
243000,0.030,0.415,0.555
243500,0.030,0.496,0.474
244000,0.030,0.628,0.342
244500,0.030,0.506,0.464
245000,0.030,0.562,0.408
245500,0.030,0.355,0.615
246000,0.030,0.595,0.375
246500,0.030,0.510,0.460
247000,0.030,0.507,0.463
247500,0.030,0.287,0.683
248000,0.030,0.308,0.662
248500,0.030,0.389,0.581
249000,0.030,0.392,0.578
249500,0.030,0.499,0.471
250000,0.030,0.479,0.491
250500,0.030,0.575,0.395
251000,0.030,0.390,0.580
251500,0.030,0.378,0.592
252000,0.030,0.351,0.619
252500,0.030,0.410,0.560
253000,0.030,0.441,0.529
253500,0.030,0.612,0.358
254000,0.030,0.333,0.637
254500,0.030,0.478,0.492
255000,0.030,0.463,0.507
255500,0.030,0.602,0.368
256000,0.030,0.517,0.453
256500,0.030,0.340,0.630
257000,0.030,0.330,0.640
257500,0.030,0.598,0.372
258000,0.030,0.573,0.397
258500,0.030,0.367,0.603
259000,0.030,0.616,0.354
259500,0.030,0.503,0.467
260000,0.030,0.544,0.426
260500,0.030,0.360,0.610
261000,0.030,0.430,0.540
261500,0.030,0.477,0.493
262000,0.030,0.492,0.478
262500,0.030,0.473,0.497
263000,0.030,0.469,0.501
263500,0.030,0.497,0.473
264000,0.030,0.520,0.450
264500,0.030,0.333,0.637
265000,0.030,0.406,0.564
265500,0.030,0.507,0.463
266000,0.030,0.454,0.516
266500,0.030,0.444,0.526
267000,0.030,0.383,0.587
267500,0.030,0.502,0.468
268000,0.030,0.339,0.631
268500,0.030,0.453,0.517
269000,0.030,0.483,0.487
269500,0.030,0.605,0.365
270000,0.030,0.505,0.465
270500,0.030,0.492,0.478
271000,0.030,0.432,0.538
271500,0.030,0.632,0.338
272000,0.030,0.757,0.213
272500,0.030,0.598,0.372
273000,0.030,0.460,0.510
273500,0.030,0.452,0.518
274000,0.030,0.514,0.456
274500,0.030,0.333,0.637
275000,0.030,0.506,0.464
275500,0.030,0.518,0.452
276000,0.030,0.558,0.412
276500,0.030,0.309,0.661
277000,0.030,0.393,0.577
277500,0.030,0.307,0.663
278000,0.030,0.356,0.614
278500,0.030,0.434,0.536
279000,0.030,0.470,0.500
279500,0.030,0.531,0.439
280000,0.030,0.485,0.485
280500,0.030,0.470,0.500
281000,0.030,0.384,0.586
281500,0.030,0.538,0.432
282000,0.030,0.466,0.504
282500,0.030,0.416,0.554
283000,0.030,0.419,0.551
283500,0.030,0.441,0.529
284000,0.030,0.422,0.548
284500,0.030,0.342,0.628
285000,0.030,0.463,0.507
285500,0.030,0.339,0.631
286000,0.030,0.579,0.391
286500,0.030,0.493,0.477
287000,0.030,0.559,0.411
287500,0.030,0.661,0.309
288000,0.030,0.548,0.422
288500,0.030,0.454,0.516
289000,0.030,0.349,0.621
289500,0.030,0.388,0.582
290000,0.030,0.468,0.502
290500,0.030,0.574,0.396
291000,0.030,0.312,0.658
291500,0.030,0.473,0.497
292000,0.030,0.487,0.483
292500,0.030,0.472,0.498
293000,0.030,0.341,0.629
293500,0.030,0.534,0.436
294000,0.030,0.479,0.491
294500,0.030,0.419,0.551
295000,0.030,0.570,0.400
295500,0.030,0.366,0.604
296000,0.030,0.471,0.499
296500,0.030,0.420,0.550
297000,0.030,0.601,0.369
297500,0.030,0.573,0.397
298000,0.030,0.571,0.399
298500,0.030,0.419,0.551
299000,0.030,0.451,0.519
299500,0.030,0.564,0.406
300000,0.030,0.573,0.397
300500,0.030,0.398,0.572
301000,0.030,0.541,0.429
301500,0.030,0.453,0.517
302000,0.030,0.442,0.528
302500,0.030,0.468,0.502
303000,0.030,0.330,0.640
303500,0.030,0.406,0.564
304000,0.030,0.497,0.473
304500,0.030,0.514,0.456
305000,0.030,0.511,0.459
305500,0.030,0.541,0.429
306000,0.030,0.596,0.374
306500,0.030,0.445,0.525
307000,0.030,0.462,0.508
307500,0.030,0.622,0.348
308000,0.030,0.489,0.481
308500,0.030,0.500,0.470
309000,0.030,0.549,0.421
309500,0.030,0.449,0.521
310000,0.030,0.468,0.502
310500,0.030,0.598,0.372
311000,0.030,0.488,0.482
311500,0.030,0.462,0.508
312000,0.030,0.352,0.618
312500,0.030,0.359,0.611
313000,0.030,0.571,0.399
313500,0.030,0.463,0.507
314000,0.030,0.362,0.608
314500,0.030,0.384,0.586
315000,0.030,0.540,0.430
315500,0.030,0.537,0.433
316000,0.030,0.384,0.586
316500,0.030,0.418,0.552
317000,0.030,0.547,0.423
317500,0.030,0.400,0.570
318000,0.030,0.513,0.457
318500,0.030,0.472,0.498
319000,0.030,0.383,0.587
319500,0.030,0.582,0.388
320000,0.030,0.687,0.283
320500,0.030,0.546,0.424
321000,0.030,0.703,0.267
321500,0.030,0.482,0.488
322000,0.030,0.316,0.654
322500,0.030,0.496,0.474
323000,0.030,0.435,0.535
323500,0.030,0.567,0.403
324000,0.030,0.440,0.530
324500,0.030,0.519,0.451
325000,0.030,0.545,0.425
325500,0.030,0.491,0.479
326000,0.030,0.502,0.468
326500,0.030,0.469,0.501
327000,0.030,0.567,0.403
327500,0.030,0.557,0.413
328000,0.030,0.611,0.359
328500,0.030,0.554,0.416
329000,0.030,0.352,0.618
329500,0.030,0.509,0.461
330000,0.030,0.552,0.418
330500,0.030,0.524,0.446
331000,0.030,0.289,0.681
331500,0.030,0.512,0.458
332000,0.030,0.457,0.513
332500,0.030,0.289,0.681
333000,0.030,0.451,0.519
333500,0.030,0.524,0.446
334000,0.030,0.312,0.658
334500,0.030,0.295,0.675
335000,0.030,0.496,0.474
335500,0.030,0.428,0.542
336000,0.030,0.409,0.561
336500,0.030,0.510,0.460
337000,0.030,0.391,0.579
337500,0.030,0.486,0.484
338000,0.030,0.306,0.664
338500,0.030,0.443,0.527
339000,0.030,0.336,0.634
339500,0.030,0.336,0.634
340000,0.030,0.514,0.456
340500,0.030,0.464,0.506
341000,0.030,0.572,0.398
341500,0.030,0.516,0.454
342000,0.030,0.611,0.359
342500,0.030,0.380,0.590
343000,0.030,0.538,0.432
343500,0.030,0.729,0.241
344000,0.030,0.518,0.452
344500,0.030,0.371,0.599
345000,0.030,0.489,0.481
345500,0.030,0.427,0.543
346000,0.030,0.449,0.521
346500,0.030,0.497,0.473
347000,0.030,0.476,0.494
347500,0.030,0.673,0.297
348000,0.030,0.527,0.443
348500,0.030,0.628,0.342
349000,0.030,0.444,0.526
349500,0.030,0.462,0.508
350000,0.030,0.551,0.419
350500,0.030,0.633,0.337
351000,0.030,0.499,0.471
351500,0.030,0.286,0.684
352000,0.030,0.439,0.531
352500,0.030,0.462,0.508
353000,0.030,0.437,0.533
353500,0.030,0.453,0.517
354000,0.030,0.498,0.472
354500,0.030,0.483,0.487
355000,0.030,0.267,0.703
355500,0.030,0.258,0.712
356000,0.030,0.465,0.505
356500,0.030,0.534,0.436
357000,0.030,0.445,0.525
357500,0.030,0.593,0.377
358000,0.030,0.605,0.365
358500,0.030,0.445,0.525
359000,0.030,0.443,0.527
359500,0.030,0.460,0.510
360000,0.030,0.546,0.424
360500,0.030,0.511,0.459
361000,0.030,0.447,0.523
361500,0.030,0.616,0.354
362000,0.030,0.751,0.219
362500,0.030,0.623,0.347
363000,0.030,0.690,0.280
363500,0.030,0.544,0.426
364000,0.030,0.368,0.602
364500,0.030,0.430,0.540
365000,0.030,0.519,0.451
365500,0.030,0.571,0.399
366000,0.030,0.444,0.526
366500,0.030,0.324,0.646
367000,0.030,0.524,0.446
367500,0.030,0.462,0.508
368000,0.030,0.459,0.511
368500,0.030,0.555,0.415
369000,0.030,0.307,0.663
369500,0.030,0.458,0.512
370000,0.030,0.547,0.423
370500,0.030,0.367,0.603
371000,0.030,0.573,0.397
371500,0.030,0.670,0.300
372000,0.030,0.666,0.304
372500,0.030,0.447,0.523
373000,0.030,0.611,0.359
373500,0.030,0.527,0.443
374000,0.030,0.364,0.606
374500,0.030,0.437,0.533
375000,0.030,0.537,0.433
375500,0.030,0.282,0.688
376000,0.030,0.490,0.480
376500,0.030,0.442,0.528
377000,0.030,0.477,0.493
377500,0.030,0.579,0.391
378000,0.030,0.470,0.500
378500,0.030,0.619,0.351
379000,0.030,0.515,0.455
379500,0.030,0.593,0.377
380000,0.030,0.552,0.418
380500,0.030,0.585,0.385
381000,0.030,0.521,0.449
381500,0.030,0.625,0.345
382000,0.030,0.436,0.534
382500,0.030,0.402,0.568
383000,0.030,0.508,0.462
383500,0.030,0.725,0.245
384000,0.030,0.399,0.571
384500,0.030,0.316,0.654
385000,0.030,0.305,0.665
385500,0.030,0.567,0.403
386000,0.030,0.574,0.396
386500,0.030,0.537,0.433
387000,0.030,0.314,0.656
387500,0.030,0.527,0.443
388000,0.030,0.451,0.519
388500,0.030,0.474,0.496
389000,0.030,0.322,0.648
389500,0.030,0.425,0.545
390000,0.030,0.338,0.632
390500,0.030,0.251,0.719
391000,0.030,0.599,0.371
391500,0.030,0.522,0.448
392000,0.030,0.607,0.363
392500,0.030,0.376,0.594
393000,0.030,0.528,0.442
393500,0.030,0.340,0.630
394000,0.030,0.530,0.440
394500,0.030,0.465,0.505
395000,0.030,0.563,0.407
395500,0.030,0.497,0.473
396000,0.030,0.467,0.503
396500,0.030,0.476,0.494
397000,0.030,0.535,0.435
397500,0.030,0.460,0.510
398000,0.030,0.749,0.221
398500,0.030,0.449,0.521
399000,0.030,0.380,0.590
399500,0.030,0.524,0.446
400000,0.030,0.493,0.477
400500,0.030,0.377,0.593
401000,0.030,0.486,0.484
401500,0.030,0.408,0.562
402000,0.030,0.537,0.433
402500,0.030,0.381,0.589
403000,0.030,0.448,0.522
403500,0.030,0.492,0.478
404000,0.030,0.546,0.424
404500,0.030,0.366,0.604
405000,0.030,0.361,0.609
405500,0.030,0.458,0.512
406000,0.030,0.431,0.539
406500,0.030,0.551,0.419
407000,0.030,0.324,0.646
407500,0.030,0.552,0.418
408000,0.030,0.555,0.415
408500,0.030,0.496,0.474
409000,0.030,0.429,0.541
409500,0.030,0.516,0.454
410000,0.030,0.508,0.462
410500,0.030,0.634,0.336
411000,0.030,0.302,0.668
411500,0.030,0.391,0.579
412000,0.030,0.507,0.463
412500,0.030,0.441,0.529
413000,0.030,0.535,0.435
413500,0.030,0.583,0.387
414000,0.030,0.585,0.385
414500,0.030,0.455,0.515
415000,0.030,0.386,0.584
415500,0.030,0.548,0.422
416000,0.030,0.432,0.538
416500,0.030,0.354,0.616
417000,0.030,0.465,0.505
417500,0.030,0.482,0.488
418000,0.030,0.391,0.579
418500,0.030,0.470,0.500
419000,0.030,0.253,0.717
419500,0.030,0.428,0.542
420000,0.030,0.402,0.568
420500,0.030,0.510,0.460
421000,0.030,0.418,0.552
421500,0.030,0.469,0.501
422000,0.030,0.427,0.543
422500,0.030,0.506,0.464
423000,0.030,0.401,0.569
423500,0.030,0.535,0.435
424000,0.030,0.493,0.477
424500,0.030,0.473,0.497
425000,0.030,0.552,0.418
425500,0.030,0.324,0.646
426000,0.030,0.575,0.395
426500,0.030,0.504,0.466
427000,0.030,0.381,0.589
427500,0.030,0.460,0.510
428000,0.030,0.593,0.377
428500,0.030,0.347,0.623
429000,0.030,0.484,0.486
429500,0.030,0.453,0.517
430000,0.030,0.646,0.324
430500,0.030,0.604,0.366
431000,0.030,0.418,0.552
431500,0.030,0.546,0.424
432000,0.030,0.470,0.500
432500,0.030,0.563,0.407
433000,0.030,0.430,0.540
433500,0.030,0.465,0.505
434000,0.030,0.460,0.510
434500,0.030,0.418,0.552
435000,0.030,0.438,0.532
435500,0.030,0.299,0.671
436000,0.030,0.307,0.663
436500,0.030,0.529,0.441
437000,0.030,0.428,0.542
437500,0.030,0.391,0.579
438000,0.030,0.454,0.516
438500,0.030,0.394,0.576
439000,0.030,0.531,0.439
439500,0.030,0.443,0.527
440000,0.030,0.417,0.553
440500,0.030,0.498,0.472
441000,0.030,0.360,0.610
441500,0.030,0.323,0.647
442000,0.030,0.628,0.342
442500,0.030,0.536,0.434
443000,0.030,0.416,0.554
443500,0.030,0.625,0.345
444000,0.030,0.470,0.500
444500,0.030,0.399,0.571
445000,0.030,0.462,0.508
445500,0.030,0.351,0.619
446000,0.030,0.587,0.383
446500,0.030,0.309,0.661
447000,0.030,0.443,0.527
447500,0.030,0.657,0.313
448000,0.030,0.501,0.469
448500,0.030,0.644,0.326
449000,0.030,0.342,0.628
449500,0.030,0.477,0.493
450000,0.030,0.304,0.666
450500,0.030,0.452,0.518
451000,0.030,0.431,0.539
451500,0.030,0.636,0.334
452000,0.030,0.503,0.467
452500,0.030,0.406,0.564
453000,0.030,0.359,0.611
453500,0.030,0.571,0.399
454000,0.030,0.379,0.591
454500,0.030,0.407,0.563
455000,0.030,0.431,0.539
455500,0.030,0.561,0.409
456000,0.030,0.472,0.498
456500,0.030,0.549,0.421
457000,0.030,0.524,0.446
457500,0.030,0.577,0.393
458000,0.030,0.496,0.474
458500,0.030,0.564,0.406
459000,0.030,0.646,0.324
459500,0.030,0.420,0.550
460000,0.030,0.494,0.476
460500,0.030,0.512,0.458
461000,0.030,0.463,0.507
461500,0.030,0.465,0.505
462000,0.030,0.602,0.368
462500,0.030,0.533,0.437
463000,0.030,0.467,0.503
463500,0.030,0.655,0.315
464000,0.030,0.400,0.570
464500,0.030,0.528,0.442
465000,0.030,0.671,0.299
465500,0.030,0.528,0.442
466000,0.030,0.651,0.319
466500,0.030,0.495,0.475
467000,0.030,0.408,0.562
467500,0.030,0.503,0.467
468000,0.030,0.496,0.474
468500,0.030,0.506,0.464
469000,0.030,0.522,0.448
469500,0.030,0.571,0.399
470000,0.030,0.410,0.560
470500,0.030,0.406,0.564
471000,0.030,0.293,0.677
471500,0.030,0.452,0.518
472000,0.030,0.579,0.391
472500,0.030,0.564,0.406
473000,0.030,0.461,0.509
473500,0.030,0.419,0.551
474000,0.030,0.336,0.634
474500,0.030,0.418,0.552
475000,0.030,0.599,0.371
475500,0.030,0.413,0.557
476000,0.030,0.477,0.493
476500,0.030,0.352,0.618
477000,0.030,0.398,0.572
477500,0.030,0.456,0.514
478000,0.030,0.375,0.595
478500,0.030,0.467,0.503
479000,0.030,0.584,0.386
479500,0.030,0.411,0.559
480000,0.030,0.535,0.435
480500,0.030,0.588,0.382
481000,0.030,0.540,0.430
481500,0.030,0.452,0.518
482000,0.030,0.458,0.512
482500,0.030,0.451,0.519
483000,0.030,0.459,0.511
483500,0.030,0.325,0.645
484000,0.030,0.523,0.447
484500,0.030,0.574,0.396
485000,0.030,0.453,0.517
485500,0.030,0.379,0.591
486000,0.030,0.245,0.725
486500,0.030,0.436,0.534
487000,0.030,0.522,0.448
487500,0.030,0.475,0.495
488000,0.030,0.451,0.519
488500,0.030,0.386,0.584
489000,0.030,0.444,0.526
489500,0.030,0.512,0.458
490000,0.030,0.365,0.605
490500,0.030,0.609,0.361
491000,0.030,0.538,0.432
491500,0.030,0.492,0.478
492000,0.030,0.584,0.386
492500,0.030,0.401,0.569
493000,0.030,0.585,0.385
493500,0.030,0.455,0.515
494000,0.030,0.427,0.543
494500,0.030,0.370,0.600
495000,0.030,0.476,0.494
495500,0.030,0.419,0.551
496000,0.030,0.361,0.609
496500,0.030,0.462,0.508
497000,0.030,0.399,0.571
497500,0.030,0.641,0.329
498000,0.030,0.459,0.511
498500,0.030,0.448,0.522
499000,0.030,0.453,0.517
499500,0.030,0.399,0.571
500000,0.030,0.407,0.563
500500,0.030,0.453,0.517
501000,0.030,0.345,0.625
501500,0.030,0.557,0.413
502000,0.030,0.418,0.552
502500,0.030,0.624,0.346
503000,0.030,0.416,0.554
503500,0.030,0.325,0.645
504000,0.030,0.418,0.552
504500,0.030,0.338,0.632
505000,0.030,0.314,0.656
505500,0.030,0.420,0.550
506000,0.030,0.399,0.571
506500,0.030,0.201,0.769
507000,0.030,0.449,0.521
507500,0.030,0.540,0.430
508000,0.030,0.398,0.572
508500,0.030,0.498,0.472
509000,0.030,0.437,0.533
509500,0.030,0.411,0.559
510000,0.030,0.390,0.580
510500,0.030,0.361,0.609
511000,0.030,0.596,0.374
511500,0.030,0.587,0.383
512000,0.030,0.380,0.590
512500,0.030,0.431,0.539
513000,0.030,0.489,0.481
513500,0.030,0.516,0.454
514000,0.030,0.481,0.489
514500,0.030,0.426,0.544
515000,0.030,0.510,0.460
515500,0.030,0.431,0.539
516000,0.030,0.487,0.483
516500,0.030,0.430,0.540
517000,0.030,0.304,0.666
517500,0.030,0.353,0.617
518000,0.030,0.391,0.579
518500,0.030,0.479,0.491
519000,0.030,0.610,0.360
519500,0.030,0.334,0.636
520000,0.030,0.384,0.586
520500,0.030,0.588,0.382
521000,0.030,0.540,0.430
521500,0.030,0.293,0.677
522000,0.030,0.618,0.352
522500,0.030,0.409,0.561
523000,0.030,0.700,0.270
523500,0.030,0.522,0.448
524000,0.030,0.350,0.620
524500,0.030,0.472,0.498
525000,0.030,0.455,0.515
525500,0.030,0.595,0.375
526000,0.030,0.596,0.374
526500,0.030,0.553,0.417
527000,0.030,0.549,0.421
527500,0.030,0.576,0.394
528000,0.030,0.434,0.536
528500,0.030,0.460,0.510
529000,0.030,0.443,0.527
529500,0.030,0.538,0.432
530000,0.030,0.425,0.545
530500,0.030,0.566,0.404
531000,0.030,0.342,0.628
531500,0.030,0.568,0.402
532000,0.030,0.522,0.448
532500,0.030,0.518,0.452
533000,0.030,0.398,0.572
533500,0.030,0.378,0.592
534000,0.030,0.418,0.552
534500,0.030,0.572,0.398
535000,0.030,0.432,0.538
535500,0.030,0.509,0.461
536000,0.030,0.705,0.265
536500,0.030,0.468,0.502
537000,0.030,0.478,0.492
537500,0.030,0.438,0.532
538000,0.030,0.510,0.460
538500,0.030,0.396,0.574
539000,0.030,0.544,0.426
539500,0.030,0.658,0.312
540000,0.030,0.429,0.541
540500,0.030,0.463,0.507
541000,0.030,0.575,0.395
541500,0.030,0.473,0.497
542000,0.030,0.479,0.491
542500,0.030,0.405,0.565
543000,0.030,0.493,0.477
543500,0.030,0.457,0.513
544000,0.030,0.588,0.382
544500,0.030,0.554,0.416
545000,0.030,0.610,0.360
545500,0.030,0.433,0.537
546000,0.030,0.502,0.468
546500,0.030,0.535,0.435
547000,0.030,0.506,0.464
547500,0.030,0.284,0.686
548000,0.030,0.298,0.672
548500,0.030,0.491,0.479
549000,0.030,0.753,0.217
549500,0.030,0.492,0.478
550000,0.030,0.433,0.537
550500,0.030,0.461,0.509
551000,0.030,0.598,0.372
551500,0.030,0.524,0.446
552000,0.030,0.382,0.588
552500,0.030,0.468,0.502
553000,0.030,0.441,0.529
553500,0.030,0.487,0.483
554000,0.030,0.464,0.506
554500,0.030,0.488,0.482
555000,0.030,0.507,0.463
555500,0.030,0.396,0.574
556000,0.030,0.312,0.658
556500,0.030,0.546,0.424
557000,0.030,0.389,0.581
557500,0.030,0.401,0.569
558000,0.030,0.449,0.521
558500,0.030,0.485,0.485
559000,0.030,0.386,0.584
559500,0.030,0.367,0.603
560000,0.030,0.477,0.493
560500,0.030,0.507,0.463
561000,0.030,0.545,0.425
561500,0.030,0.481,0.489
562000,0.030,0.571,0.399
562500,0.030,0.609,0.361
563000,0.030,0.456,0.514
563500,0.030,0.396,0.574
564000,0.030,0.483,0.487
564500,0.030,0.400,0.570
565000,0.030,0.483,0.487
565500,0.030,0.327,0.643
566000,0.030,0.528,0.442
566500,0.030,0.619,0.351
567000,0.030,0.448,0.522
567500,0.030,0.528,0.442
568000,0.030,0.494,0.476
568500,0.030,0.394,0.576
569000,0.030,0.578,0.392
569500,0.030,0.502,0.468
570000,0.030,0.546,0.424
570500,0.030,0.579,0.391
571000,0.030,0.717,0.253
571500,0.030,0.446,0.524
572000,0.030,0.494,0.476
572500,0.030,0.544,0.426
573000,0.030,0.469,0.501
573500,0.030,0.404,0.566
574000,0.030,0.460,0.510
574500,0.030,0.561,0.409
575000,0.030,0.575,0.395
575500,0.030,0.526,0.444
576000,0.030,0.403,0.567
576500,0.030,0.456,0.514
577000,0.030,0.543,0.427
577500,0.030,0.349,0.621
578000,0.030,0.583,0.387
578500,0.030,0.480,0.490
579000,0.030,0.540,0.430
579500,0.030,0.434,0.536
580000,0.030,0.448,0.522
580500,0.030,0.517,0.453
581000,0.030,0.475,0.495
581500,0.030,0.419,0.551
582000,0.030,0.569,0.401
582500,0.030,0.454,0.516
583000,0.030,0.436,0.534
583500,0.030,0.487,0.483
584000,0.030,0.405,0.565
584500,0.030,0.493,0.477
585000,0.030,0.379,0.591
585500,0.030,0.509,0.461
586000,0.030,0.470,0.500
586500,0.030,0.462,0.508
587000,0.030,0.464,0.506
587500,0.030,0.524,0.446
588000,0.030,0.436,0.534
588500,0.030,0.559,0.411
589000,0.030,0.407,0.563
589500,0.030,0.536,0.434
590000,0.030,0.272,0.698
590500,0.030,0.514,0.456
591000,0.030,0.520,0.450
591500,0.030,0.461,0.509
592000,0.030,0.498,0.472
592500,0.030,0.351,0.619
593000,0.030,0.508,0.462
593500,0.030,0.414,0.556
594000,0.030,0.691,0.279
594500,0.030,0.506,0.464
595000,0.030,0.484,0.486
595500,0.030,0.491,0.479
596000,0.030,0.691,0.279
596500,0.030,0.569,0.401
597000,0.030,0.510,0.460
597500,0.030,0.616,0.354
598000,0.030,0.486,0.484
598500,0.030,0.292,0.678
599000,0.030,0.393,0.577
599500,0.030,0.602,0.368
600000,0.030,0.608,0.362
600500,0.030,0.391,0.579
601000,0.030,0.660,0.310
601500,0.030,0.556,0.414
602000,0.030,0.424,0.546
602500,0.030,0.386,0.584
603000,0.030,0.321,0.649
603500,0.030,0.644,0.326
604000,0.030,0.490,0.480
604500,0.030,0.374,0.596
605000,0.030,0.397,0.573
605500,0.030,0.451,0.519
606000,0.030,0.504,0.466
606500,0.030,0.510,0.460
607000,0.030,0.448,0.522
607500,0.030,0.379,0.591
608000,0.030,0.447,0.523
608500,0.030,0.430,0.540
609000,0.030,0.457,0.513
609500,0.030,0.394,0.576
610000,0.030,0.499,0.471
610500,0.030,0.530,0.440
611000,0.030,0.549,0.421
611500,0.030,0.591,0.379
612000,0.030,0.511,0.459
612500,0.030,0.428,0.542
613000,0.030,0.427,0.543
613500,0.030,0.314,0.656
614000,0.030,0.367,0.603
614500,0.030,0.432,0.538
615000,0.030,0.525,0.445
615500,0.030,0.481,0.489
616000,0.030,0.415,0.555
616500,0.030,0.519,0.451
617000,0.030,0.367,0.603
617500,0.030,0.398,0.572
618000,0.030,0.393,0.577
618500,0.030,0.490,0.480
619000,0.030,0.500,0.470
619500,0.030,0.480,0.490
620000,0.030,0.547,0.423
620500,0.030,0.577,0.393
621000,0.030,0.660,0.310
621500,0.030,0.569,0.401
622000,0.030,0.449,0.521
622500,0.030,0.495,0.475
623000,0.030,0.321,0.649
623500,0.030,0.411,0.559
624000,0.030,0.411,0.559
624500,0.030,0.498,0.472
625000,0.030,0.699,0.271
625500,0.030,0.570,0.400
626000,0.030,0.525,0.445
626500,0.030,0.494,0.476
627000,0.030,0.570,0.400
627500,0.030,0.655,0.315
628000,0.030,0.471,0.499
628500,0.030,0.431,0.539
629000,0.030,0.541,0.429
629500,0.030,0.418,0.552
630000,0.030,0.627,0.343
630500,0.030,0.470,0.500
631000,0.030,0.558,0.412
631500,0.030,0.432,0.538
632000,0.030,0.589,0.381
632500,0.030,0.399,0.571
633000,0.030,0.370,0.600
633500,0.030,0.501,0.469
634000,0.030,0.338,0.632
634500,0.030,0.385,0.585
635000,0.030,0.441,0.529
635500,0.030,0.490,0.480
636000,0.030,0.567,0.403
636500,0.030,0.492,0.478
637000,0.030,0.414,0.556
637500,0.030,0.361,0.609
638000,0.030,0.434,0.536
638500,0.030,0.349,0.621
639000,0.030,0.532,0.438
639500,0.030,0.430,0.540
640000,0.030,0.363,0.607
640500,0.030,0.400,0.570
641000,0.030,0.468,0.502
641500,0.030,0.469,0.501
642000,0.030,0.692,0.278
642500,0.030,0.421,0.549
643000,0.030,0.281,0.689
643500,0.030,0.567,0.403
644000,0.030,0.470,0.500
644500,0.030,0.417,0.553
645000,0.030,0.425,0.545
645500,0.030,0.467,0.503
646000,0.030,0.520,0.450
646500,0.030,0.524,0.446
647000,0.030,0.480,0.490
647500,0.030,0.533,0.437
648000,0.030,0.234,0.736
648500,0.030,0.474,0.496
649000,0.030,0.300,0.670
649500,0.030,0.496,0.474
650000,0.030,0.468,0.502
650500,0.030,0.366,0.604
651000,0.030,0.428,0.542
651500,0.030,0.340,0.630
652000,0.030,0.372,0.598
652500,0.030,0.509,0.461
653000,0.030,0.406,0.564
653500,0.030,0.422,0.548
654000,0.030,0.338,0.632
654500,0.030,0.487,0.483
655000,0.030,0.624,0.346
655500,0.030,0.489,0.481
656000,0.030,0.405,0.565
656500,0.030,0.368,0.602
657000,0.030,0.439,0.531
657500,0.030,0.466,0.504
658000,0.030,0.355,0.615
658500,0.030,0.549,0.421
659000,0.030,0.482,0.488
659500,0.030,0.498,0.472
660000,0.030,0.293,0.677
660500,0.030,0.485,0.485
661000,0.030,0.370,0.600
661500,0.030,0.471,0.499
662000,0.030,0.516,0.454
662500,0.030,0.437,0.533
663000,0.030,0.575,0.395
663500,0.030,0.465,0.505
664000,0.030,0.462,0.508
664500,0.030,0.424,0.546
665000,0.030,0.459,0.511
665500,0.030,0.363,0.607
666000,0.030,0.550,0.420
666500,0.030,0.448,0.522
667000,0.030,0.480,0.490
667500,0.030,0.598,0.372
668000,0.030,0.607,0.363
668500,0.030,0.561,0.409
669000,0.030,0.383,0.587
669500,0.030,0.498,0.472
670000,0.030,0.334,0.636
670500,0.030,0.572,0.398
671000,0.030,0.420,0.550
671500,0.030,0.346,0.624
672000,0.030,0.333,0.637
672500,0.030,0.365,0.605
673000,0.030,0.410,0.560
673500,0.030,0.487,0.483
674000,0.030,0.572,0.398
674500,0.030,0.492,0.478
675000,0.030,0.517,0.453
675500,0.030,0.481,0.489
676000,0.030,0.428,0.542
676500,0.030,0.505,0.465
677000,0.030,0.424,0.546
677500,0.030,0.617,0.353
678000,0.030,0.476,0.494
678500,0.030,0.492,0.478
679000,0.030,0.510,0.460
679500,0.030,0.458,0.512
680000,0.030,0.438,0.532
680500,0.030,0.538,0.432
681000,0.030,0.329,0.641
681500,0.030,0.473,0.497
682000,0.030,0.569,0.401
682500,0.030,0.715,0.255
683000,0.030,0.512,0.458
683500,0.030,0.549,0.421
684000,0.030,0.528,0.442
684500,0.030,0.497,0.473
685000,0.030,0.517,0.453
685500,0.030,0.621,0.349
686000,0.030,0.541,0.429
686500,0.030,0.430,0.540
687000,0.030,0.455,0.515
687500,0.030,0.357,0.613
688000,0.030,0.570,0.400
688500,0.030,0.459,0.511
689000,0.030,0.503,0.467
689500,0.030,0.575,0.395
690000,0.030,0.492,0.478
690500,0.030,0.432,0.538
691000,0.030,0.557,0.413
691500,0.030,0.459,0.511
692000,0.030,0.459,0.511
692500,0.030,0.355,0.615
693000,0.030,0.462,0.508
693500,0.030,0.199,0.771
694000,0.030,0.512,0.458
694500,0.030,0.385,0.585
695000,0.030,0.479,0.491
695500,0.030,0.446,0.524
696000,0.030,0.749,0.221
696500,0.030,0.429,0.541
697000,0.030,0.410,0.560
697500,0.030,0.561,0.409
698000,0.030,0.535,0.435
698500,0.030,0.448,0.522
699000,0.030,0.483,0.487
699500,0.030,0.508,0.462
700000,0.030,0.457,0.513
700500,0.030,0.517,0.453
701000,0.030,0.432,0.538
701500,0.030,0.263,0.707
702000,0.030,0.480,0.490
702500,0.030,0.372,0.598
703000,0.030,0.392,0.578
703500,0.030,0.334,0.636
704000,0.030,0.470,0.500
704500,0.030,0.364,0.606
705000,0.030,0.520,0.450
705500,0.030,0.487,0.483
706000,0.030,0.465,0.505
706500,0.030,0.464,0.506
707000,0.030,0.452,0.518
707500,0.030,0.491,0.479
708000,0.030,0.468,0.502
708500,0.030,0.524,0.446
709000,0.030,0.361,0.609
709500,0.030,0.515,0.455
710000,0.030,0.420,0.550
710500,0.030,0.513,0.457
711000,0.030,0.535,0.435
711500,0.030,0.446,0.524
712000,0.030,0.314,0.656
712500,0.030,0.516,0.454
713000,0.030,0.551,0.419
713500,0.030,0.404,0.566
714000,0.030,0.435,0.535
714500,0.030,0.556,0.414
715000,0.030,0.419,0.551
715500,0.030,0.420,0.550
716000,0.030,0.514,0.456
716500,0.030,0.466,0.504
717000,0.030,0.460,0.510
717500,0.030,0.419,0.551
718000,0.030,0.455,0.515
718500,0.030,0.488,0.482
719000,0.030,0.368,0.602
719500,0.030,0.483,0.487
720000,0.030,0.524,0.446
720500,0.030,0.345,0.625
721000,0.030,0.538,0.432
721500,0.030,0.503,0.467
722000,0.030,0.403,0.567
722500,0.030,0.556,0.414
723000,0.030,0.459,0.511
723500,0.030,0.455,0.515
724000,0.030,0.541,0.429
724500,0.030,0.437,0.533
725000,0.030,0.580,0.390
725500,0.030,0.535,0.435
726000,0.030,0.322,0.648
726500,0.030,0.459,0.511
727000,0.030,0.516,0.454
727500,0.030,0.619,0.351
728000,0.030,0.429,0.541
728500,0.030,0.475,0.495
729000,0.030,0.354,0.616
729500,0.030,0.442,0.528
730000,0.030,0.492,0.478
730500,0.030,0.538,0.432
731000,0.030,0.424,0.546
731500,0.030,0.563,0.407
732000,0.030,0.394,0.576
732500,0.030,0.272,0.698
733000,0.030,0.481,0.489
733500,0.030,0.355,0.615
734000,0.030,0.320,0.650
734500,0.030,0.571,0.399
735000,0.030,0.526,0.444
735500,0.030,0.645,0.325
736000,0.030,0.641,0.329
736500,0.030,0.500,0.470
737000,0.030,0.472,0.498
737500,0.030,0.472,0.498
738000,0.030,0.396,0.574
738500,0.030,0.374,0.596
739000,0.030,0.573,0.397
739500,0.030,0.307,0.663
740000,0.030,0.422,0.548
740500,0.030,0.452,0.518
741000,0.030,0.608,0.362
741500,0.030,0.562,0.408
742000,0.030,0.332,0.638
742500,0.030,0.455,0.515
743000,0.030,0.261,0.709
743500,0.030,0.631,0.339
744000,0.030,0.378,0.592
744500,0.030,0.519,0.451
745000,0.030,0.403,0.567
745500,0.030,0.543,0.427
746000,0.030,0.381,0.589
746500,0.030,0.579,0.391
747000,0.030,0.400,0.570
747500,0.030,0.436,0.534
748000,0.030,0.355,0.615
748500,0.030,0.516,0.454
749000,0.030,0.544,0.426
749500,0.030,0.583,0.387
750000,0.030,0.409,0.561
750500,0.030,0.615,0.355
751000,0.030,0.431,0.539
751500,0.030,0.473,0.497
752000,0.030,0.409,0.561
752500,0.030,0.432,0.538
753000,0.030,0.431,0.539
753500,0.030,0.449,0.521
754000,0.030,0.445,0.525
754500,0.030,0.464,0.506
755000,0.030,0.472,0.498
755500,0.030,0.519,0.451
756000,0.030,0.312,0.658
756500,0.030,0.480,0.490
757000,0.030,0.489,0.481
757500,0.030,0.622,0.348
758000,0.030,0.438,0.532
758500,0.030,0.532,0.438
759000,0.030,0.687,0.283
759500,0.030,0.366,0.604
760000,0.030,0.554,0.416
760500,0.030,0.491,0.479
761000,0.030,0.525,0.445
761500,0.030,0.493,0.477
762000,0.030,0.402,0.568
762500,0.030,0.365,0.605
763000,0.030,0.605,0.365
763500,0.030,0.411,0.559
764000,0.030,0.610,0.360
764500,0.030,0.350,0.620
765000,0.030,0.637,0.333
765500,0.030,0.462,0.508
766000,0.030,0.457,0.513
766500,0.030,0.465,0.505
767000,0.030,0.298,0.672
767500,0.030,0.352,0.618
768000,0.030,0.530,0.440
768500,0.030,0.391,0.579
769000,0.030,0.525,0.445
769500,0.030,0.606,0.364
770000,0.030,0.693,0.277
770500,0.030,0.577,0.393
771000,0.030,0.496,0.474
771500,0.030,0.231,0.739
772000,0.030,0.602,0.368
772500,0.030,0.454,0.516
773000,0.030,0.404,0.566
773500,0.030,0.483,0.487
774000,0.030,0.518,0.452
774500,0.030,0.530,0.440
775000,0.030,0.648,0.322
775500,0.030,0.454,0.516
776000,0.030,0.344,0.626
776500,0.030,0.319,0.651
777000,0.030,0.622,0.348
777500,0.030,0.566,0.404
778000,0.030,0.477,0.493
778500,0.030,0.492,0.478
779000,0.030,0.539,0.431
779500,0.030,0.319,0.651
780000,0.030,0.684,0.286
780500,0.030,0.415,0.555
781000,0.030,0.439,0.531
781500,0.030,0.403,0.567
782000,0.030,0.411,0.559
782500,0.030,0.610,0.360
783000,0.030,0.516,0.454
783500,0.030,0.553,0.417
784000,0.030,0.441,0.529
784500,0.030,0.424,0.546
785000,0.030,0.403,0.567
785500,0.030,0.505,0.465
786000,0.030,0.467,0.503
786500,0.030,0.369,0.601
787000,0.030,0.570,0.400
787500,0.030,0.614,0.356
788000,0.030,0.624,0.346
788500,0.030,0.481,0.489
789000,0.030,0.446,0.524
789500,0.030,0.446,0.524
790000,0.030,0.443,0.527
790500,0.030,0.393,0.577
791000,0.030,0.582,0.388
791500,0.030,0.410,0.560
792000,0.030,0.574,0.396
792500,0.030,0.400,0.570
793000,0.030,0.291,0.679
793500,0.030,0.437,0.533
794000,0.030,0.475,0.495
794500,0.030,0.398,0.572
795000,0.030,0.446,0.524
795500,0.030,0.486,0.484
796000,0.030,0.426,0.544
796500,0.030,0.399,0.571
797000,0.030,0.363,0.607
797500,0.030,0.476,0.494
798000,0.030,0.598,0.372
798500,0.030,0.367,0.603
799000,0.030,0.442,0.528
799500,0.030,0.439,0.531
800000,0.030,0.454,0.516
800500,0.030,0.407,0.563
801000,0.030,0.533,0.437
801500,0.030,0.387,0.583
802000,0.030,0.487,0.483
802500,0.030,0.541,0.429
803000,0.030,0.442,0.528
803500,0.030,0.588,0.382
804000,0.030,0.424,0.546
804500,0.030,0.661,0.309
805000,0.030,0.422,0.548
805500,0.030,0.615,0.355
806000,0.030,0.561,0.409
806500,0.030,0.409,0.561
807000,0.030,0.451,0.519
807500,0.030,0.595,0.375
808000,0.030,0.584,0.386
808500,0.030,0.533,0.437
809000,0.030,0.466,0.504
809500,0.030,0.549,0.421
810000,0.030,0.532,0.438
810500,0.030,0.551,0.419
811000,0.030,0.681,0.289
811500,0.030,0.488,0.482
812000,0.030,0.470,0.500
812500,0.030,0.612,0.358
813000,0.030,0.506,0.464
813500,0.030,0.469,0.501
814000,0.030,0.506,0.464
814500,0.030,0.307,0.663
815000,0.030,0.722,0.248
815500,0.030,0.520,0.450
816000,0.030,0.479,0.491
816500,0.030,0.568,0.402
817000,0.030,0.560,0.410
817500,0.030,0.423,0.547
818000,0.030,0.406,0.564
818500,0.030,0.436,0.534
819000,0.030,0.360,0.610
819500,0.030,0.441,0.529
820000,0.030,0.684,0.286
820500,0.030,0.521,0.449
821000,0.030,0.464,0.506
821500,0.030,0.574,0.396
822000,0.030,0.510,0.460
822500,0.030,0.586,0.384
823000,0.030,0.184,0.786
823500,0.030,0.401,0.569
824000,0.030,0.479,0.491
824500,0.030,0.499,0.471
825000,0.030,0.313,0.657
825500,0.030,0.616,0.354
826000,0.030,0.631,0.339
826500,0.030,0.594,0.376
827000,0.030,0.560,0.410
827500,0.030,0.434,0.536
828000,0.030,0.596,0.374
828500,0.030,0.514,0.456
829000,0.030,0.493,0.477
829500,0.030,0.374,0.596
830000,0.030,0.291,0.679
830500,0.030,0.272,0.698
831000,0.030,0.320,0.650
831500,0.030,0.520,0.450
832000,0.030,0.585,0.385
832500,0.030,0.606,0.364
833000,0.030,0.307,0.663
833500,0.030,0.291,0.679
834000,0.030,0.476,0.494
834500,0.030,0.475,0.495
835000,0.030,0.413,0.557
835500,0.030,0.443,0.527
836000,0.030,0.574,0.396
836500,0.030,0.349,0.621
837000,0.030,0.529,0.441
837500,0.030,0.391,0.579
838000,0.030,0.464,0.506
838500,0.030,0.562,0.408
839000,0.030,0.488,0.482
839500,0.030,0.553,0.417
840000,0.030,0.525,0.445
840500,0.030,0.301,0.669
841000,0.030,0.436,0.534
841500,0.030,0.504,0.466
842000,0.030,0.515,0.455
842500,0.030,0.444,0.526
843000,0.030,0.523,0.447
843500,0.030,0.680,0.290
844000,0.030,0.499,0.471
844500,0.030,0.587,0.383
845000,0.030,0.636,0.334
845500,0.030,0.543,0.427
846000,0.030,0.662,0.308
846500,0.030,0.644,0.326
847000,0.030,0.480,0.490
847500,0.030,0.330,0.640
848000,0.030,0.584,0.386
848500,0.030,0.379,0.591
849000,0.030,0.576,0.394
849500,0.030,0.542,0.428
850000,0.030,0.516,0.454
850500,0.030,0.384,0.586
851000,0.030,0.433,0.537
851500,0.030,0.517,0.453
852000,0.030,0.420,0.550
852500,0.030,0.496,0.474
853000,0.030,0.548,0.422
853500,0.030,0.408,0.562
854000,0.030,0.505,0.465
854500,0.030,0.445,0.525
855000,0.030,0.526,0.444
855500,0.030,0.651,0.319
856000,0.030,0.560,0.410
856500,0.030,0.312,0.658
857000,0.030,0.420,0.550
857500,0.030,0.395,0.575
858000,0.030,0.351,0.619
858500,0.030,0.302,0.668
859000,0.030,0.552,0.418
859500,0.030,0.419,0.551
860000,0.030,0.319,0.651
860500,0.030,0.478,0.492
861000,0.030,0.582,0.388
861500,0.030,0.524,0.446
862000,0.030,0.460,0.510
862500,0.030,0.353,0.617
863000,0.030,0.427,0.543
863500,0.030,0.479,0.491
864000,0.030,0.299,0.671
864500,0.030,0.529,0.441
865000,0.030,0.363,0.607
865500,0.030,0.398,0.572
866000,0.030,0.391,0.579
866500,0.030,0.473,0.497
867000,0.030,0.526,0.444
867500,0.030,0.385,0.585
868000,0.030,0.435,0.535
868500,0.030,0.471,0.499
869000,0.030,0.436,0.534
869500,0.030,0.616,0.354
870000,0.030,0.486,0.484
870500,0.030,0.281,0.689
871000,0.030,0.471,0.499
871500,0.030,0.679,0.291
872000,0.030,0.600,0.370
872500,0.030,0.611,0.359
873000,0.030,0.556,0.414
873500,0.030,0.699,0.271
874000,0.030,0.507,0.463
874500,0.030,0.511,0.459
875000,0.030,0.496,0.474
875500,0.030,0.366,0.604
876000,0.030,0.377,0.593
876500,0.030,0.359,0.611
877000,0.030,0.480,0.490
877500,0.030,0.403,0.567
878000,0.030,0.480,0.490
878500,0.030,0.343,0.627
879000,0.030,0.432,0.538
879500,0.030,0.557,0.413
880000,0.030,0.558,0.412
880500,0.030,0.341,0.629
881000,0.030,0.497,0.473
881500,0.030,0.460,0.510
882000,0.030,0.548,0.422
882500,0.030,0.489,0.481
883000,0.030,0.575,0.395
883500,0.030,0.517,0.453
884000,0.030,0.435,0.535
884500,0.030,0.629,0.341
885000,0.030,0.360,0.610
885500,0.030,0.532,0.438
886000,0.030,0.544,0.426
886500,0.030,0.386,0.584
887000,0.030,0.376,0.594
887500,0.030,0.629,0.341
888000,0.030,0.386,0.584
888500,0.030,0.441,0.529
889000,0.030,0.529,0.441
889500,0.030,0.398,0.572
890000,0.030,0.503,0.467
890500,0.030,0.776,0.194
891000,0.030,0.512,0.458
891500,0.030,0.515,0.455
892000,0.030,0.412,0.558
892500,0.030,0.546,0.424
893000,0.030,0.635,0.335
893500,0.030,0.539,0.431
894000,0.030,0.371,0.599
894500,0.030,0.590,0.380
895000,0.030,0.631,0.339
895500,0.030,0.372,0.598
896000,0.030,0.527,0.443
896500,0.030,0.438,0.532
897000,0.030,0.413,0.557
897500,0.030,0.615,0.355
898000,0.030,0.423,0.547
898500,0.030,0.516,0.454
899000,0.030,0.557,0.413
899500,0.030,0.424,0.546
900000,0.030,0.485,0.485
900500,0.030,0.505,0.465
901000,0.030,0.407,0.563
901500,0.030,0.398,0.572
902000,0.030,0.505,0.465
902500,0.030,0.360,0.610
903000,0.030,0.493,0.477
903500,0.030,0.592,0.378
904000,0.030,0.320,0.650
904500,0.030,0.395,0.575
905000,0.030,0.549,0.421
905500,0.030,0.567,0.403
906000,0.030,0.540,0.430
906500,0.030,0.364,0.606
907000,0.030,0.285,0.685
907500,0.030,0.381,0.589
908000,0.030,0.330,0.640
908500,0.030,0.393,0.577
909000,0.030,0.283,0.687
909500,0.030,0.294,0.676
910000,0.030,0.515,0.455
910500,0.030,0.348,0.622
911000,0.030,0.412,0.558
911500,0.030,0.383,0.587
912000,0.030,0.396,0.574
912500,0.030,0.475,0.495
913000,0.030,0.336,0.634
913500,0.030,0.561,0.409
914000,0.030,0.208,0.762
914500,0.030,0.487,0.483
915000,0.030,0.505,0.465
915500,0.030,0.337,0.633
916000,0.030,0.397,0.573
916500,0.030,0.513,0.457
917000,0.030,0.511,0.459
917500,0.030,0.640,0.330
918000,0.030,0.338,0.632
918500,0.030,0.414,0.556
919000,0.030,0.637,0.333
919500,0.030,0.416,0.554
920000,0.030,0.426,0.544
920500,0.030,0.593,0.377
921000,0.030,0.550,0.420
921500,0.030,0.367,0.603
922000,0.030,0.511,0.459
922500,0.030,0.426,0.544
923000,0.030,0.501,0.469
923500,0.030,0.345,0.625
924000,0.030,0.414,0.556
924500,0.030,0.467,0.503
925000,0.030,0.482,0.488
925500,0.030,0.381,0.589
926000,0.030,0.481,0.489
926500,0.030,0.474,0.496
927000,0.030,0.460,0.510
927500,0.030,0.620,0.350
928000,0.030,0.473,0.497
928500,0.030,0.505,0.465
929000,0.030,0.504,0.466
929500,0.030,0.559,0.411
930000,0.030,0.452,0.518
930500,0.030,0.460,0.510
931000,0.030,0.488,0.482
931500,0.030,0.297,0.673
932000,0.030,0.352,0.618
932500,0.030,0.637,0.333
933000,0.030,0.376,0.594
933500,0.030,0.379,0.591
934000,0.030,0.528,0.442
934500,0.030,0.405,0.565
935000,0.030,0.509,0.461
935500,0.030,0.600,0.370
936000,0.030,0.421,0.549
936500,0.030,0.566,0.404
937000,0.030,0.365,0.605
937500,0.030,0.613,0.357
938000,0.030,0.406,0.564
938500,0.030,0.581,0.389
939000,0.030,0.259,0.711
939500,0.030,0.319,0.651
940000,0.030,0.285,0.685
940500,0.030,0.407,0.563
941000,0.030,0.362,0.608
941500,0.030,0.348,0.622
942000,0.030,0.426,0.544
942500,0.030,0.518,0.452
943000,0.030,0.483,0.487
943500,0.030,0.366,0.604
944000,0.030,0.333,0.637
944500,0.030,0.279,0.691
945000,0.030,0.598,0.372
945500,0.030,0.577,0.393
946000,0.030,0.521,0.449
946500,0.030,0.522,0.448
947000,0.030,0.576,0.394
947500,0.030,0.501,0.469
948000,0.030,0.446,0.524
948500,0.030,0.388,0.582
949000,0.030,0.428,0.542
949500,0.030,0.469,0.501
950000,0.030,0.360,0.610
950500,0.030,0.463,0.507
951000,0.030,0.440,0.530
951500,0.030,0.525,0.445
952000,0.030,0.366,0.604
952500,0.030,0.548,0.422
953000,0.030,0.588,0.382
953500,0.030,0.321,0.649
954000,0.030,0.520,0.450
954500,0.030,0.459,0.511
955000,0.030,0.375,0.595
955500,0.030,0.595,0.375
956000,0.030,0.537,0.433
956500,0.030,0.582,0.388
957000,0.030,0.402,0.568
957500,0.030,0.520,0.450
958000,0.030,0.481,0.489
958500,0.030,0.475,0.495
959000,0.030,0.442,0.528
959500,0.030,0.432,0.538
960000,0.030,0.464,0.506
960500,0.030,0.416,0.554
961000,0.030,0.446,0.524
961500,0.030,0.648,0.322
962000,0.030,0.701,0.269
962500,0.030,0.484,0.486
963000,0.030,0.252,0.718
963500,0.030,0.602,0.368
964000,0.030,0.386,0.584
964500,0.030,0.335,0.635
965000,0.030,0.565,0.405
965500,0.030,0.276,0.694
966000,0.030,0.275,0.695
966500,0.030,0.514,0.456
967000,0.030,0.405,0.565
967500,0.030,0.423,0.547
968000,0.030,0.476,0.494
968500,0.030,0.452,0.518
969000,0.030,0.487,0.483
969500,0.030,0.419,0.551
970000,0.030,0.541,0.429
970500,0.030,0.469,0.501
971000,0.030,0.446,0.524
971500,0.030,0.281,0.689
972000,0.030,0.478,0.492
972500,0.030,0.486,0.484
973000,0.030,0.450,0.520
973500,0.030,0.451,0.519
974000,0.030,0.460,0.510
974500,0.030,0.547,0.423
975000,0.030,0.380,0.590
975500,0.030,0.657,0.313
976000,0.030,0.516,0.454
976500,0.030,0.460,0.510
977000,0.030,0.444,0.526
977500,0.030,0.721,0.249
978000,0.030,0.605,0.365
978500,0.030,0.432,0.538
979000,0.030,0.505,0.465
979500,0.030,0.478,0.492
980000,0.030,0.543,0.427
980500,0.030,0.519,0.451
981000,0.030,0.315,0.655
981500,0.030,0.486,0.484
982000,0.030,0.475,0.495
982500,0.030,0.436,0.534
983000,0.030,0.617,0.353
983500,0.030,0.421,0.549
984000,0.030,0.339,0.631
984500,0.030,0.647,0.323
985000,0.030,0.679,0.291
985500,0.030,0.351,0.619
986000,0.030,0.380,0.590
986500,0.030,0.429,0.541
987000,0.030,0.513,0.457
987500,0.030,0.483,0.487
988000,0.030,0.475,0.495
988500,0.030,0.495,0.475
989000,0.030,0.650,0.320
989500,0.030,0.494,0.476
990000,0.030,0.453,0.517
990500,0.030,0.430,0.540
991000,0.030,0.388,0.582
991500,0.030,0.360,0.610
992000,0.030,0.409,0.561
992500,0.030,0.556,0.414
993000,0.030,0.548,0.422
993500,0.030,0.552,0.418
994000,0.030,0.385,0.585
994500,0.030,0.367,0.603
995000,0.030,0.517,0.453
995500,0.030,0.463,0.507
996000,0.030,0.403,0.567
996500,0.030,0.424,0.546
997000,0.030,0.319,0.651
997500,0.030,0.580,0.390
998000,0.030,0.428,0.542
998500,0.030,0.705,0.265
999000,0.030,0.534,0.436
999500,0.030,0.502,0.468
1000000,0.030,0.393,0.577
