time,n_A+p,n_B,n_AB
500,0.010,0.604,0.386
1000,0.010,0.491,0.499
1500,0.010,0.372,0.618
2000,0.010,0.525,0.465
2500,0.010,0.442,0.548
3000,0.010,0.229,0.761
3500,0.010,0.465,0.525
4000,0.010,0.582,0.408
4500,0.010,0.718,0.272
5000,0.010,0.388,0.602
5500,0.010,0.701,0.289
6000,0.010,0.433,0.557
6500,0.010,0.520,0.470
7000,0.010,0.511,0.479
7500,0.010,0.462,0.528
8000,0.010,0.553,0.437
8500,0.010,0.422,0.568
9000,0.010,0.684,0.306
9500,0.010,0.627,0.363
10000,0.010,0.277,0.713
10500,0.010,0.553,0.437
11000,0.010,0.392,0.598
11500,0.010,0.542,0.448
12000,0.010,0.342,0.648
12500,0.010,0.572,0.418
13000,0.010,0.250,0.740
13500,0.010,0.304,0.686
14000,0.010,0.686,0.304
14500,0.010,0.687,0.303
15000,0.010,0.522,0.468
15500,0.010,0.661,0.329
16000,0.010,0.458,0.532
16500,0.010,0.445,0.545
17000,0.010,0.603,0.387
17500,0.010,0.446,0.544
18000,0.010,0.671,0.319
18500,0.010,0.685,0.305
19000,0.010,0.637,0.353
19500,0.010,0.688,0.302
20000,0.010,0.693,0.297
20500,0.010,0.486,0.504
21000,0.010,0.346,0.644
21500,0.010,0.468,0.522
22000,0.010,0.319,0.671
22500,0.010,0.369,0.621
23000,0.010,0.379,0.611
23500,0.010,0.465,0.525
24000,0.010,0.438,0.552
24500,0.010,0.446,0.544
25000,0.010,0.702,0.288
25500,0.010,0.635,0.355
26000,0.010,0.555,0.435
26500,0.010,0.486,0.504
27000,0.010,0.391,0.599
27500,0.010,0.463,0.527
28000,0.010,0.392,0.598
28500,0.010,0.473,0.517
29000,0.010,0.652,0.338
29500,0.010,0.460,0.530
30000,0.010,0.580,0.410
30500,0.010,0.814,0.176
31000,0.010,0.462,0.528
31500,0.010,0.633,0.357
32000,0.010,0.703,0.287
32500,0.010,0.822,0.168
33000,0.010,0.715,0.275
33500,0.010,0.734,0.256
34000,0.010,0.736,0.254
34500,0.010,0.531,0.459
35000,0.010,0.715,0.275
35500,0.010,0.512,0.478
36000,0.010,0.552,0.438
36500,0.010,0.454,0.536
37000,0.010,0.403,0.587
37500,0.010,0.851,0.139
38000,0.010,0.429,0.561
38500,0.010,0.403,0.587
39000,0.010,0.442,0.548
39500,0.010,0.486,0.504
40000,0.010,0.435,0.555
40500,0.010,0.413,0.577
41000,0.010,0.343,0.647
41500,0.010,0.681,0.309
42000,0.010,0.497,0.493
42500,0.010,0.457,0.533
43000,0.010,0.418,0.572
43500,0.010,0.564,0.426
44000,0.010,0.537,0.453
44500,0.010,0.490,0.500
45000,0.010,0.657,0.333
45500,0.010,0.816,0.174
46000,0.010,0.381,0.609
46500,0.010,0.314,0.676
47000,0.010,0.653,0.337
47500,0.010,0.310,0.680
48000,0.010,0.413,0.577
48500,0.010,0.574,0.416
49000,0.010,0.414,0.576
49500,0.010,0.474,0.516
50000,0.010,0.646,0.344
50500,0.010,0.530,0.460
51000,0.010,0.494,0.496
51500,0.010,0.619,0.371
52000,0.010,0.373,0.617
52500,0.010,0.517,0.473
53000,0.010,0.444,0.546
53500,0.010,0.621,0.369
54000,0.010,0.560,0.430
54500,0.010,0.752,0.238
55000,0.010,0.446,0.544
55500,0.010,0.438,0.552
56000,0.010,0.432,0.558
56500,0.010,0.627,0.363
57000,0.010,0.507,0.483
57500,0.010,0.558,0.432
58000,0.010,0.642,0.348
58500,0.010,0.467,0.523
59000,0.010,0.570,0.420
59500,0.010,0.502,0.488
60000,0.010,0.550,0.440
60500,0.010,0.303,0.687
61000,0.010,0.427,0.563
61500,0.010,0.557,0.433
62000,0.010,0.517,0.473
62500,0.010,0.414,0.576
63000,0.010,0.482,0.508
63500,0.010,0.811,0.179
64000,0.010,0.718,0.272
64500,0.010,0.424,0.566
65000,0.010,0.671,0.319
65500,0.010,0.572,0.418
66000,0.010,0.690,0.300
66500,0.010,0.397,0.593
67000,0.010,0.439,0.551
67500,0.010,0.405,0.585
68000,0.010,0.561,0.429
68500,0.010,0.565,0.425
69000,0.010,0.522,0.468
69500,0.010,0.515,0.475
70000,0.010,0.623,0.367
70500,0.010,0.425,0.565
71000,0.010,0.563,0.427
71500,0.010,0.611,0.379
72000,0.010,0.492,0.498
72500,0.010,0.617,0.373
73000,0.010,0.474,0.516
73500,0.010,0.288,0.702
74000,0.010,0.562,0.428
74500,0.010,0.483,0.507
75000,0.010,0.406,0.584
75500,0.010,0.448,0.542
76000,0.010,0.522,0.468
76500,0.010,0.530,0.460
77000,0.010,0.578,0.412
77500,0.010,0.474,0.516
78000,0.010,0.419,0.571
78500,0.010,0.463,0.527
79000,0.010,0.470,0.520
79500,0.010,0.617,0.373
80000,0.010,0.355,0.635
80500,0.010,0.243,0.747
81000,0.010,0.623,0.367
81500,0.010,0.572,0.418
82000,0.010,0.468,0.522
82500,0.010,0.332,0.658
83000,0.010,0.538,0.452
83500,0.010,0.380,0.610
84000,0.010,0.483,0.507
84500,0.010,0.479,0.511
85000,0.010,0.436,0.554
85500,0.010,0.342,0.648
86000,0.010,0.594,0.396
86500,0.010,0.281,0.709
87000,0.010,0.721,0.269
87500,0.010,0.566,0.424
88000,0.010,0.416,0.574
88500,0.010,0.464,0.526
89000,0.010,0.661,0.329
89500,0.010,0.375,0.615
90000,0.010,0.466,0.524
90500,0.010,0.404,0.586
91000,0.010,0.340,0.650
91500,0.010,0.710,0.280
92000,0.010,0.330,0.660
92500,0.010,0.411,0.579
93000,0.010,0.581,0.409
93500,0.010,0.464,0.526
94000,0.010,0.410,0.580
94500,0.010,0.486,0.504
95000,0.010,0.448,0.542
95500,0.010,0.514,0.476
96000,0.010,0.367,0.623
96500,0.010,0.558,0.432
97000,0.010,0.590,0.400
97500,0.010,0.418,0.572
98000,0.010,0.395,0.595
98500,0.010,0.323,0.667
99000,0.010,0.459,0.531
99500,0.010,0.645,0.345
100000,0.010,0.435,0.555
100500,0.010,0.671,0.319
101000,0.010,0.556,0.434
101500,0.010,0.459,0.531
102000,0.010,0.643,0.347
102500,0.010,0.504,0.486
103000,0.010,0.571,0.419
103500,0.010,0.258,0.732
104000,0.010,0.723,0.267
104500,0.010,0.437,0.553
105000,0.010,0.755,0.235
105500,0.010,0.487,0.503
106000,0.010,0.480,0.510
106500,0.010,0.489,0.501
107000,0.010,0.403,0.587
107500,0.010,0.458,0.532
108000,0.010,0.636,0.354
108500,0.010,0.486,0.504
109000,0.010,0.479,0.511
109500,0.010,0.517,0.473
110000,0.010,0.625,0.365
110500,0.010,0.581,0.409
111000,0.010,0.625,0.365
111500,0.010,0.579,0.411
112000,0.010,0.331,0.659
112500,0.010,0.640,0.350
113000,0.010,0.802,0.188
113500,0.010,0.676,0.314
114000,0.010,0.514,0.476
114500,0.010,0.252,0.738
115000,0.010,0.410,0.580
115500,0.010,0.535,0.455
116000,0.010,0.588,0.402
116500,0.010,0.703,0.287
117000,0.010,0.437,0.553
117500,0.010,0.511,0.479
118000,0.010,0.613,0.377
118500,0.010,0.575,0.415
119000,0.010,0.498,0.492
119500,0.010,0.511,0.479
120000,0.010,0.509,0.481
120500,0.010,0.485,0.505
121000,0.010,0.314,0.676
121500,0.010,0.552,0.438
122000,0.010,0.394,0.596
122500,0.010,0.569,0.421
123000,0.010,0.383,0.607
123500,0.010,0.419,0.571
124000,0.010,0.411,0.579
124500,0.010,0.754,0.236
125000,0.010,0.373,0.617
125500,0.010,0.658,0.332
126000,0.010,0.376,0.614
126500,0.010,0.316,0.674
127000,0.010,0.556,0.434
127500,0.010,0.674,0.316
128000,0.010,0.592,0.398
128500,0.010,0.574,0.416
129000,0.010,0.446,0.544
129500,0.010,0.496,0.494
130000,0.010,0.318,0.672
130500,0.010,0.469,0.521
131000,0.010,0.592,0.398
131500,0.010,0.680,0.310
132000,0.010,0.591,0.399
132500,0.010,0.440,0.550
133000,0.010,0.406,0.584
133500,0.010,0.534,0.456
134000,0.010,0.734,0.256
134500,0.010,0.348,0.642
135000,0.010,0.577,0.413
135500,0.010,0.772,0.218
136000,0.010,0.641,0.349
136500,0.010,0.711,0.279
137000,0.010,0.737,0.253
137500,0.010,0.476,0.514
138000,0.010,0.543,0.447
138500,0.010,0.660,0.330
139000,0.010,0.574,0.416
139500,0.010,0.705,0.285
140000,0.010,0.465,0.525
140500,0.010,0.429,0.561
141000,0.010,0.682,0.308
141500,0.010,0.557,0.433
142000,0.010,0.448,0.542
142500,0.010,0.661,0.329
143000,0.010,0.361,0.629
143500,0.010,0.482,0.508
144000,0.010,0.514,0.476
144500,0.010,0.593,0.397
145000,0.010,0.494,0.496
145500,0.010,0.422,0.568
146000,0.010,0.679,0.311
146500,0.010,0.371,0.619
147000,0.010,0.563,0.427
147500,0.010,0.573,0.417
148000,0.010,0.332,0.658
148500,0.010,0.433,0.557
149000,0.010,0.493,0.497
149500,0.010,0.553,0.437
150000,0.010,0.568,0.422
150500,0.010,0.566,0.424
151000,0.010,0.697,0.293
151500,0.010,0.481,0.509
152000,0.010,0.396,0.594
152500,0.010,0.546,0.444
153000,0.010,0.428,0.562
153500,0.010,0.558,0.432
154000,0.010,0.469,0.521
154500,0.010,0.547,0.443
155000,0.010,0.319,0.671
155500,0.010,0.785,0.205
156000,0.010,0.354,0.636
156500,0.010,0.711,0.279
157000,0.010,0.435,0.555
157500,0.010,0.447,0.543
158000,0.010,0.494,0.496
158500,0.010,0.483,0.507
159000,0.010,0.656,0.334
159500,0.010,0.522,0.468
160000,0.010,0.482,0.508
160500,0.010,0.644,0.346
161000,0.010,0.414,0.576
161500,0.010,0.684,0.306
162000,0.010,0.372,0.618
162500,0.010,0.316,0.674
163000,0.010,0.518,0.472
163500,0.010,0.486,0.504
164000,0.010,0.645,0.345
164500,0.010,0.459,0.531
165000,0.010,0.355,0.635
165500,0.010,0.534,0.456
166000,0.010,0.577,0.413
166500,0.010,0.753,0.237
167000,0.010,0.386,0.604
167500,0.010,0.622,0.368
168000,0.010,0.564,0.426
168500,0.010,0.461,0.529
169000,0.010,0.528,0.462
169500,0.010,0.379,0.611
170000,0.010,0.510,0.480
170500,0.010,0.398,0.592
171000,0.010,0.669,0.321
171500,0.010,0.526,0.464
172000,0.010,0.699,0.291
172500,0.010,0.629,0.361
173000,0.010,0.773,0.217
173500,0.010,0.466,0.524
174000,0.010,0.380,0.610
174500,0.010,0.504,0.486
175000,0.010,0.549,0.441
175500,0.010,0.302,0.688
176000,0.010,0.553,0.437
176500,0.010,0.514,0.476
177000,0.010,0.600,0.390
177500,0.010,0.546,0.444
178000,0.010,0.520,0.470
178500,0.010,0.461,0.529
179000,0.010,0.644,0.346
179500,0.010,0.481,0.509
180000,0.010,0.904,0.086
180500,0.010,0.560,0.430
181000,0.010,0.375,0.615
181500,0.010,0.563,0.427
182000,0.010,0.524,0.466
182500,0.010,0.791,0.199
183000,0.010,0.310,0.680
183500,0.010,0.442,0.548
184000,0.010,0.659,0.331
184500,0.010,0.530,0.460
185000,0.010,0.601,0.389
185500,0.010,0.508,0.482
186000,0.010,0.356,0.634
186500,0.010,0.448,0.542
187000,0.010,0.380,0.610
187500,0.010,0.556,0.434
188000,0.010,0.258,0.732
188500,0.010,0.673,0.317
189000,0.010,0.510,0.480
189500,0.010,0.515,0.475
190000,0.010,0.398,0.592
190500,0.010,0.647,0.343
191000,0.010,0.711,0.279
191500,0.010,0.437,0.553
192000,0.010,0.424,0.566
192500,0.010,0.346,0.644
193000,0.010,0.809,0.181
193500,0.010,0.746,0.244
194000,0.010,0.576,0.414
194500,0.010,0.588,0.402
195000,0.010,0.577,0.413
195500,0.010,0.434,0.556
196000,0.010,0.433,0.557
196500,0.010,0.497,0.493
197000,0.010,0.516,0.474
197500,0.010,0.557,0.433
198000,0.010,0.512,0.478
198500,0.010,0.505,0.485
199000,0.010,0.714,0.276
199500,0.010,0.295,0.695
200000,0.010,0.786,0.204
200500,0.010,0.465,0.525
201000,0.010,0.712,0.278
201500,0.010,0.728,0.262
202000,0.010,0.507,0.483
202500,0.010,0.665,0.325
203000,0.010,0.490,0.500
203500,0.010,0.397,0.593
204000,0.010,0.495,0.495
204500,0.010,0.632,0.358
205000,0.010,0.536,0.454
205500,0.010,0.512,0.478
206000,0.010,0.557,0.433
206500,0.010,0.819,0.171
207000,0.010,0.466,0.524
207500,0.010,0.700,0.290
208000,0.010,0.548,0.442
208500,0.010,0.601,0.389
209000,0.010,0.435,0.555
209500,0.010,0.424,0.566
210000,0.010,0.591,0.399
210500,0.010,0.340,0.650
211000,0.010,0.660,0.330
211500,0.010,0.435,0.555
212000,0.010,0.566,0.424
212500,0.010,0.600,0.390
213000,0.010,0.409,0.581
213500,0.010,0.566,0.424
214000,0.010,0.429,0.561
214500,0.010,0.307,0.683
215000,0.010,0.499,0.491
215500,0.010,0.541,0.449
216000,0.010,0.684,0.306
216500,0.010,0.271,0.719
217000,0.010,0.457,0.533
217500,0.010,0.545,0.445
218000,0.010,0.614,0.376
218500,0.010,0.683,0.307
219000,0.010,0.675,0.315
219500,0.010,0.569,0.421
220000,0.010,0.744,0.246
220500,0.010,0.509,0.481
221000,0.010,0.582,0.408
221500,0.010,0.557,0.433
222000,0.010,0.686,0.304
222500,0.010,0.876,0.114
223000,0.010,0.316,0.674
223500,0.010,0.401,0.589
224000,0.010,0.634,0.356
224500,0.010,0.480,0.510
225000,0.010,0.269,0.721
225500,0.010,0.626,0.364
226000,0.010,0.514,0.476
226500,0.010,0.514,0.476
227000,0.010,0.427,0.563
227500,0.010,0.741,0.249
228000,0.010,0.790,0.200
228500,0.010,0.723,0.267
229000,0.010,0.567,0.423
229500,0.010,0.588,0.402
230000,0.010,0.468,0.522
230500,0.010,0.508,0.482
231000,0.010,0.256,0.734
231500,0.010,0.712,0.278
232000,0.010,0.475,0.515
232500,0.010,0.668,0.322
233000,0.010,0.384,0.606
233500,0.010,0.387,0.603
234000,0.010,0.489,0.501
234500,0.010,0.913,0.077
235000,0.010,0.791,0.199
235500,0.010,0.619,0.371
236000,0.010,0.692,0.298
236500,0.010,0.308,0.682
237000,0.010,0.441,0.549
237500,0.010,0.582,0.408
238000,0.010,0.582,0.408
238500,0.010,0.528,0.462
239000,0.010,0.432,0.558
239500,0.010,0.603,0.387
240000,0.010,0.543,0.447
240500,0.010,0.503,0.487
241000,0.010,0.278,0.712
241500,0.010,0.712,0.278
242000,0.010,0.562,0.428
242500,0.010,0.617,0.373
243000,0.010,0.370,0.620
243500,0.010,0.443,0.547
244000,0.010,0.464,0.526
244500,0.010,0.532,0.458
245000,0.010,0.568,0.422
245500,0.010,0.392,0.598
246000,0.010,0.653,0.337
246500,0.010,0.374,0.616
247000,0.010,0.691,0.299
247500,0.010,0.335,0.655
248000,0.010,0.591,0.399
248500,0.010,0.703,0.287
249000,0.010,0.525,0.465
249500,0.010,0.650,0.340
250000,0.010,0.405,0.585
250500,0.010,0.444,0.546
251000,0.010,0.602,0.388
251500,0.010,0.271,0.719
252000,0.010,0.728,0.262
252500,0.010,0.422,0.568
253000,0.010,0.428,0.562
253500,0.010,0.344,0.646
254000,0.010,0.683,0.307
254500,0.010,0.504,0.486
255000,0.010,0.370,0.620
255500,0.010,0.389,0.601
256000,0.010,0.542,0.448
256500,0.010,0.573,0.417
257000,0.010,0.719,0.271
257500,0.010,0.389,0.601
258000,0.010,0.529,0.461
258500,0.010,0.692,0.298
259000,0.010,0.476,0.514
259500,0.010,0.514,0.476
260000,0.010,0.471,0.519
260500,0.010,0.567,0.423
261000,0.010,0.818,0.172
261500,0.010,0.686,0.304
262000,0.010,0.455,0.535
262500,0.010,0.774,0.216
263000,0.010,0.442,0.548
263500,0.010,0.429,0.561
264000,0.010,0.569,0.421
264500,0.010,0.700,0.290
265000,0.010,0.488,0.502
265500,0.010,0.625,0.365
266000,0.010,0.394,0.596
266500,0.010,0.500,0.490
267000,0.010,0.453,0.537
267500,0.010,0.504,0.486
268000,0.010,0.526,0.464
268500,0.010,0.594,0.396
269000,0.010,0.713,0.277
269500,0.010,0.535,0.455
270000,0.010,0.539,0.451
270500,0.010,0.477,0.513
271000,0.010,0.522,0.468
271500,0.010,0.468,0.522
272000,0.010,0.739,0.251
272500,0.010,0.603,0.387
273000,0.010,0.585,0.405
273500,0.010,0.511,0.479
274000,0.010,0.475,0.515
274500,0.010,0.573,0.417
275000,0.010,0.373,0.617
275500,0.010,0.384,0.606
276000,0.010,0.628,0.362
276500,0.010,0.754,0.236
277000,0.010,0.293,0.697
277500,0.010,0.642,0.348
278000,0.010,0.535,0.455
278500,0.010,0.574,0.416
279000,0.010,0.629,0.361
279500,0.010,0.500,0.490
280000,0.010,0.594,0.396
280500,0.010,0.799,0.191
281000,0.010,0.358,0.632
281500,0.010,0.478,0.512
282000,0.010,0.750,0.240
282500,0.010,0.519,0.471
283000,0.010,0.378,0.612
283500,0.010,0.710,0.280
284000,0.010,0.509,0.481
284500,0.010,0.385,0.605
285000,0.010,0.444,0.546
285500,0.010,0.467,0.523
286000,0.010,0.431,0.559
286500,0.010,0.653,0.337
287000,0.010,0.453,0.537
287500,0.010,0.368,0.622
288000,0.010,0.430,0.560
288500,0.010,0.561,0.429
289000,0.010,0.324,0.666
289500,0.010,0.748,0.242
290000,0.010,0.465,0.525
290500,0.010,0.346,0.644
291000,0.010,0.436,0.554
291500,0.010,0.642,0.348
292000,0.010,0.421,0.569
292500,0.010,0.560,0.430
293000,0.010,0.510,0.480
293500,0.010,0.587,0.403
294000,0.010,0.417,0.573
294500,0.010,0.625,0.365
295000,0.010,0.814,0.176
295500,0.010,0.436,0.554
296000,0.010,0.431,0.559
296500,0.010,0.574,0.416
297000,0.010,0.357,0.633
297500,0.010,0.623,0.367
298000,0.010,0.788,0.202
298500,0.010,0.679,0.311
299000,0.010,0.546,0.444
299500,0.010,0.813,0.177
300000,0.010,0.561,0.429
300500,0.010,0.600,0.390
301000,0.010,0.594,0.396
301500,0.010,0.349,0.641
302000,0.010,0.613,0.377
302500,0.010,0.584,0.406
303000,0.010,0.453,0.537
303500,0.010,0.502,0.488
304000,0.010,0.797,0.193
304500,0.010,0.626,0.364
305000,0.010,0.460,0.530
305500,0.010,0.601,0.389
306000,0.010,0.480,0.510
306500,0.010,0.622,0.368
307000,0.010,0.599,0.391
307500,0.010,0.435,0.555
308000,0.010,0.582,0.408
308500,0.010,0.416,0.574
309000,0.010,0.325,0.665
309500,0.010,0.618,0.372
310000,0.010,0.391,0.599
310500,0.010,0.548,0.442
311000,0.010,0.474,0.516
311500,0.010,0.541,0.449
312000,0.010,0.624,0.366
312500,0.010,0.561,0.429
313000,0.010,0.525,0.465
313500,0.010,0.625,0.365
314000,0.010,0.443,0.547
314500,0.010,0.480,0.510
315000,0.010,0.600,0.390
315500,0.010,0.467,0.523
316000,0.010,0.471,0.519
316500,0.010,0.506,0.484
317000,0.010,0.619,0.371
317500,0.010,0.415,0.575
318000,0.010,0.533,0.457
318500,0.010,0.731,0.259
319000,0.010,0.551,0.439
319500,0.010,0.682,0.308
320000,0.010,0.501,0.489
320500,0.010,0.469,0.521
321000,0.010,0.591,0.399
321500,0.010,0.599,0.391
322000,0.010,0.460,0.530
322500,0.010,0.672,0.318
323000,0.010,0.970,0.020
323500,0.010,0.665,0.325
324000,0.010,0.606,0.384
324500,0.010,0.324,0.666
325000,0.010,0.398,0.592
325500,0.010,0.525,0.465
326000,0.010,0.397,0.593
326500,0.010,0.544,0.446
327000,0.010,0.575,0.415
327500,0.010,0.479,0.511
328000,0.010,0.653,0.337
328500,0.010,0.644,0.346
329000,0.010,0.548,0.442
329500,0.010,0.688,0.302
330000,0.010,0.575,0.415
330500,0.010,0.421,0.569
331000,0.010,0.802,0.188
331500,0.010,0.379,0.611
332000,0.010,0.338,0.652
332500,0.010,0.434,0.556
333000,0.010,0.438,0.552
333500,0.010,0.579,0.411
334000,0.010,0.382,0.608
334500,0.010,0.427,0.563
335000,0.010,0.446,0.544
335500,0.010,0.604,0.386
336000,0.010,0.433,0.557
336500,0.010,0.305,0.685
337000,0.010,0.559,0.431
337500,0.010,0.469,0.521
338000,0.010,0.504,0.486
338500,0.010,0.541,0.449
339000,0.010,0.441,0.549
339500,0.010,0.424,0.566
340000,0.010,0.576,0.414
340500,0.010,0.308,0.682
341000,0.010,0.551,0.439
341500,0.010,0.620,0.370
342000,0.010,0.645,0.345
342500,0.010,0.361,0.629
343000,0.010,0.746,0.244
343500,0.010,0.329,0.661
344000,0.010,0.606,0.384
344500,0.010,0.577,0.413
345000,0.010,0.563,0.427
345500,0.010,0.550,0.440
346000,0.010,0.335,0.655
346500,0.010,0.328,0.662
347000,0.010,0.474,0.516
347500,0.010,0.464,0.526
348000,0.010,0.396,0.594
348500,0.010,0.496,0.494
349000,0.010,0.504,0.486
349500,0.010,0.541,0.449
350000,0.010,0.531,0.459
350500,0.010,0.635,0.355
351000,0.010,0.532,0.458
351500,0.010,0.305,0.685
352000,0.010,0.408,0.582
352500,0.010,0.821,0.169
353000,0.010,0.473,0.517
353500,0.010,0.438,0.552
354000,0.010,0.423,0.567
354500,0.010,0.631,0.359
355000,0.010,0.706,0.284
355500,0.010,0.549,0.441
356000,0.010,0.583,0.407
356500,0.010,0.330,0.660
357000,0.010,0.616,0.374
357500,0.010,0.742,0.248
358000,0.010,0.579,0.411
358500,0.010,0.523,0.467
359000,0.010,0.749,0.241
359500,0.010,0.362,0.628
360000,0.010,0.470,0.520
360500,0.010,0.566,0.424
361000,0.010,0.331,0.659
361500,0.010,0.377,0.613
362000,0.010,0.610,0.380
362500,0.010,0.679,0.311
363000,0.010,0.505,0.485
363500,0.010,0.827,0.163
364000,0.010,0.609,0.381
364500,0.010,0.449,0.541
365000,0.010,0.230,0.760
365500,0.010,0.693,0.297
366000,0.010,0.492,0.498
366500,0.010,0.576,0.414
367000,0.010,0.611,0.379
367500,0.010,0.466,0.524
368000,0.010,0.660,0.330
368500,0.010,0.487,0.503
369000,0.010,0.543,0.447
369500,0.010,0.576,0.414
370000,0.010,0.579,0.411
370500,0.010,0.698,0.292
371000,0.010,0.471,0.519
371500,0.010,0.336,0.654
372000,0.010,0.585,0.405
372500,0.010,0.389,0.601
373000,0.010,0.761,0.229
373500,0.010,0.482,0.508
374000,0.010,0.453,0.537
374500,0.010,0.664,0.326
375000,0.010,0.639,0.351
375500,0.010,0.400,0.590
376000,0.010,0.460,0.530
376500,0.010,0.460,0.530
377000,0.010,0.484,0.506
377500,0.010,0.469,0.521
378000,0.010,0.469,0.521
378500,0.010,0.381,0.609
379000,0.010,0.485,0.505
379500,0.010,0.473,0.517
380000,0.010,0.647,0.343
380500,0.010,0.584,0.406
381000,0.010,0.754,0.236
381500,0.010,0.420,0.570
382000,0.010,0.515,0.475
382500,0.010,0.459,0.531
383000,0.010,0.374,0.616
383500,0.010,0.633,0.357
384000,0.010,0.439,0.551
384500,0.010,0.474,0.516
385000,0.010,0.660,0.330
385500,0.010,0.669,0.321
386000,0.010,0.540,0.450
386500,0.010,0.574,0.416
387000,0.010,0.483,0.507
387500,0.010,0.396,0.594
388000,0.010,0.345,0.645
388500,0.010,0.496,0.494
389000,0.010,0.366,0.624
389500,0.010,0.668,0.322
390000,0.010,0.661,0.329
390500,0.010,0.308,0.682
391000,0.010,0.547,0.443
391500,0.010,0.377,0.613
392000,0.010,0.514,0.476
392500,0.010,0.440,0.550
393000,0.010,0.543,0.447
393500,0.010,0.435,0.555
394000,0.010,0.608,0.382
394500,0.010,0.451,0.539
395000,0.010,0.692,0.298
395500,0.010,0.552,0.438
396000,0.010,0.582,0.408
396500,0.010,0.522,0.468
397000,0.010,0.260,0.730
397500,0.010,0.480,0.510
398000,0.010,0.694,0.296
398500,0.010,0.699,0.291
399000,0.010,0.370,0.620
399500,0.010,0.611,0.379
400000,0.010,0.501,0.489
400500,0.010,0.398,0.592
401000,0.010,0.364,0.626
401500,0.010,0.562,0.428
402000,0.010,0.703,0.287
402500,0.010,0.626,0.364
403000,0.010,0.582,0.408
403500,0.010,0.678,0.312
404000,0.010,0.917,0.073
404500,0.010,0.572,0.418
405000,0.010,0.394,0.596
405500,0.010,0.521,0.469
406000,0.010,0.649,0.341
406500,0.010,0.286,0.704
407000,0.010,0.553,0.437
407500,0.010,0.623,0.367
408000,0.010,0.557,0.433
408500,0.010,0.810,0.180
409000,0.010,0.520,0.470
409500,0.010,0.436,0.554
410000,0.010,0.566,0.424
410500,0.010,0.692,0.298
411000,0.010,0.692,0.298
411500,0.010,0.668,0.322
412000,0.010,0.488,0.502
412500,0.010,0.348,0.642
413000,0.010,0.418,0.572
413500,0.010,0.588,0.402
414000,0.010,0.573,0.417
414500,0.010,0.604,0.386
415000,0.010,0.600,0.390
415500,0.010,0.485,0.505
416000,0.010,0.374,0.616
416500,0.010,0.456,0.534
417000,0.010,0.618,0.372
417500,0.010,0.676,0.314
418000,0.010,0.467,0.523
418500,0.010,0.408,0.582
419000,0.010,0.462,0.528
419500,0.010,0.820,0.170
420000,0.010,0.661,0.329
420500,0.010,0.729,0.261
421000,0.010,0.479,0.511
421500,0.010,0.341,0.649
422000,0.010,0.683,0.307
422500,0.010,0.467,0.523
423000,0.010,0.780,0.210
423500,0.010,0.622,0.368
424000,0.010,0.576,0.414
424500,0.010,0.406,0.584
425000,0.010,0.679,0.311
425500,0.010,0.460,0.530
426000,0.010,0.494,0.496
426500,0.010,0.614,0.376
427000,0.010,0.218,0.772
427500,0.010,0.549,0.441
428000,0.010,0.428,0.562
428500,0.010,0.613,0.377
429000,0.010,0.524,0.466
429500,0.010,0.594,0.396
430000,0.010,0.389,0.601
430500,0.010,0.458,0.532
431000,0.010,0.363,0.627
431500,0.010,0.467,0.523
432000,0.010,0.525,0.465
432500,0.010,0.489,0.501
433000,0.010,0.575,0.415
433500,0.010,0.537,0.453
434000,0.010,0.608,0.382
434500,0.010,0.726,0.264
435000,0.010,0.713,0.277
435500,0.010,0.875,0.115
436000,0.010,0.499,0.491
436500,0.010,0.327,0.663
437000,0.010,0.434,0.556
437500,0.010,0.356,0.634
438000,0.010,0.569,0.421
438500,0.010,0.384,0.606
439000,0.010,0.476,0.514
439500,0.010,0.528,0.462
440000,0.010,0.717,0.273
440500,0.010,0.566,0.424
441000,0.010,0.459,0.531
441500,0.010,0.672,0.318
442000,0.010,0.378,0.612
442500,0.010,0.420,0.570
443000,0.010,0.556,0.434
443500,0.010,0.359,0.631
444000,0.010,0.530,0.460
444500,0.010,0.806,0.184
445000,0.010,0.458,0.532
445500,0.010,0.653,0.337
446000,0.010,0.799,0.191
446500,0.010,0.431,0.559
447000,0.010,0.426,0.564
447500,0.010,0.557,0.433
448000,0.010,0.410,0.580
448500,0.010,0.450,0.540
449000,0.010,0.509,0.481
449500,0.010,0.493,0.497
450000,0.010,0.440,0.550
450500,0.010,0.598,0.392
451000,0.010,0.500,0.490
451500,0.010,0.356,0.634
452000,0.010,0.627,0.363
452500,0.010,0.495,0.495
453000,0.010,0.428,0.562
453500,0.010,0.584,0.406
454000,0.010,0.473,0.517
454500,0.010,0.529,0.461
455000,0.010,0.567,0.423
455500,0.010,0.567,0.423
456000,0.010,0.540,0.450
456500,0.010,0.577,0.413
457000,0.010,0.456,0.534
457500,0.010,0.482,0.508
458000,0.010,0.583,0.407
458500,0.010,0.424,0.566
459000,0.010,0.491,0.499
459500,0.010,0.508,0.482
460000,0.010,0.511,0.479
460500,0.010,0.545,0.445
461000,0.010,0.260,0.730
461500,0.010,0.813,0.177
462000,0.010,0.408,0.582
462500,0.010,0.689,0.301
463000,0.010,0.336,0.654
463500,0.010,0.689,0.301
464000,0.010,0.569,0.421
464500,0.010,0.877,0.113
465000,0.010,0.472,0.518
465500,0.010,0.583,0.407
466000,0.010,0.617,0.373
466500,0.010,0.313,0.677
467000,0.010,0.529,0.461
467500,0.010,0.300,0.690
468000,0.010,0.574,0.416
468500,0.010,0.451,0.539
469000,0.010,0.530,0.460
469500,0.010,0.477,0.513
470000,0.010,0.594,0.396
470500,0.010,0.741,0.249
471000,0.010,0.616,0.374
471500,0.010,0.572,0.418
472000,0.010,0.751,0.239
472500,0.010,0.513,0.477
473000,0.010,0.425,0.565
473500,0.010,0.444,0.546
474000,0.010,0.761,0.229
474500,0.010,0.378,0.612
475000,0.010,0.570,0.420
475500,0.010,0.503,0.487
476000,0.010,0.538,0.452
476500,0.010,0.531,0.459
477000,0.010,0.653,0.337
477500,0.010,0.491,0.499
478000,0.010,0.735,0.255
478500,0.010,0.526,0.464
479000,0.010,0.487,0.503
479500,0.010,0.665,0.325
480000,0.010,0.471,0.519
480500,0.010,0.532,0.458
481000,0.010,0.483,0.507
481500,0.010,0.623,0.367
482000,0.010,0.568,0.422
482500,0.010,0.459,0.531
483000,0.010,0.707,0.283
483500,0.010,0.758,0.232
484000,0.010,0.475,0.515
484500,0.010,0.532,0.458
485000,0.010,0.670,0.320
485500,0.010,0.438,0.552
486000,0.010,0.433,0.557
486500,0.010,0.476,0.514
487000,0.010,0.560,0.430
487500,0.010,0.555,0.435
488000,0.010,0.455,0.535
488500,0.010,0.525,0.465
489000,0.010,0.175,0.815
489500,0.010,0.590,0.400
490000,0.010,0.582,0.408
490500,0.010,0.408,0.582
491000,0.010,0.507,0.483
491500,0.010,0.535,0.455
492000,0.010,0.714,0.276
492500,0.010,0.360,0.630
493000,0.010,0.777,0.213
493500,0.010,0.546,0.444
494000,0.010,0.366,0.624
494500,0.010,0.603,0.387
495000,0.010,0.617,0.373
495500,0.010,0.551,0.439
496000,0.010,0.447,0.543
496500,0.010,0.427,0.563
497000,0.010,0.429,0.561
497500,0.010,0.754,0.236
498000,0.010,0.425,0.565
498500,0.010,0.412,0.578
499000,0.010,0.509,0.481
499500,0.010,0.545,0.445
500000,0.010,0.638,0.352
500500,0.010,0.749,0.241
501000,0.010,0.556,0.434
501500,0.010,0.651,0.339
502000,0.010,0.639,0.351
502500,0.010,0.545,0.445
503000,0.010,0.593,0.397
503500,0.010,0.589,0.401
504000,0.010,0.599,0.391
504500,0.010,0.446,0.544
505000,0.010,0.573,0.417
505500,0.010,0.484,0.506
506000,0.010,0.376,0.614
506500,0.010,0.473,0.517
507000,0.010,0.605,0.385
507500,0.010,0.635,0.355
508000,0.010,0.317,0.673
508500,0.010,0.304,0.686
509000,0.010,0.747,0.243
509500,0.010,0.633,0.357
510000,0.010,0.497,0.493
510500,0.010,0.586,0.404
511000,0.010,0.419,0.571
511500,0.010,0.664,0.326
512000,0.010,0.587,0.403
512500,0.010,0.636,0.354
513000,0.010,0.428,0.562
513500,0.010,0.420,0.570
514000,0.010,0.566,0.424
514500,0.010,0.499,0.491
515000,0.010,0.713,0.277
515500,0.010,0.487,0.503
516000,0.010,0.554,0.436
516500,0.010,0.599,0.391
517000,0.010,0.437,0.553
517500,0.010,0.530,0.460
518000,0.010,0.746,0.244
518500,0.010,0.433,0.557
519000,0.010,0.635,0.355
519500,0.010,0.579,0.411
520000,0.010,0.483,0.507
520500,0.010,0.535,0.455
521000,0.010,0.451,0.539
521500,0.010,0.400,0.590
522000,0.010,0.565,0.425
522500,0.010,0.613,0.377
523000,0.010,0.753,0.237
523500,0.010,0.379,0.611
524000,0.010,0.746,0.244
524500,0.010,0.261,0.729
525000,0.010,0.630,0.360
525500,0.010,0.561,0.429
526000,0.010,0.728,0.262
526500,0.010,0.549,0.441
527000,0.010,0.504,0.486
527500,0.010,0.753,0.237
528000,0.010,0.424,0.566
528500,0.010,0.606,0.384
529000,0.010,0.457,0.533
529500,0.010,0.562,0.428
530000,0.010,0.584,0.406
530500,0.010,0.704,0.286
531000,0.010,0.674,0.316
531500,0.010,0.699,0.291
532000,0.010,0.605,0.385
532500,0.010,0.459,0.531
533000,0.010,0.571,0.419
533500,0.010,0.483,0.507
534000,0.010,0.478,0.512
534500,0.010,0.712,0.278
535000,0.010,0.740,0.250
535500,0.010,0.466,0.524
536000,0.010,0.898,0.092
536500,0.010,0.506,0.484
537000,0.010,0.702,0.288
537500,0.010,0.253,0.737
538000,0.010,0.633,0.357
538500,0.010,0.487,0.503
539000,0.010,0.559,0.431
539500,0.010,0.399,0.591
540000,0.010,0.361,0.629
540500,0.010,0.363,0.627
541000,0.010,0.479,0.511
541500,0.010,0.583,0.407
542000,0.010,0.476,0.514
542500,0.010,0.595,0.395
543000,0.010,0.500,0.490
543500,0.010,0.625,0.365
544000,0.010,0.617,0.373
544500,0.010,0.535,0.455
545000,0.010,0.612,0.378
545500,0.010,0.351,0.639
546000,0.010,0.196,0.794
546500,0.010,0.416,0.574
547000,0.010,0.439,0.551
547500,0.010,0.688,0.302
548000,0.010,0.627,0.363
548500,0.010,0.559,0.431
549000,0.010,0.520,0.470
549500,0.010,0.409,0.581
550000,0.010,0.637,0.353
550500,0.010,0.553,0.437
551000,0.010,0.661,0.329
551500,0.010,0.559,0.431
552000,0.010,0.948,0.042
552500,0.010,0.719,0.271
553000,0.010,0.798,0.192
553500,0.010,0.646,0.344
554000,0.010,0.662,0.328
554500,0.010,0.497,0.493
555000,0.010,0.439,0.551
555500,0.010,0.553,0.437
556000,0.010,0.449,0.541
556500,0.010,0.541,0.449
557000,0.010,0.531,0.459
557500,0.010,0.510,0.480
558000,0.010,0.486,0.504
558500,0.010,0.499,0.491
559000,0.010,0.411,0.579
559500,0.010,0.684,0.306
560000,0.010,0.284,0.706
560500,0.010,0.571,0.419
561000,0.010,0.782,0.208
561500,0.010,0.851,0.139
562000,0.010,0.449,0.541
562500,0.010,0.478,0.512
563000,0.010,0.411,0.579
563500,0.010,0.510,0.480
564000,0.010,0.366,0.624
564500,0.010,0.378,0.612
565000,0.010,0.620,0.370
565500,0.010,0.409,0.581
566000,0.010,0.651,0.339
566500,0.010,0.599,0.391
567000,0.010,0.436,0.554
567500,0.010,0.610,0.380
568000,0.010,0.456,0.534
568500,0.010,0.426,0.564
569000,0.010,0.423,0.567
569500,0.010,0.751,0.239
570000,0.010,0.465,0.525
570500,0.010,0.579,0.411
571000,0.010,0.704,0.286
571500,0.010,0.580,0.410
572000,0.010,0.572,0.418
572500,0.010,0.551,0.439
573000,0.010,0.541,0.449
573500,0.010,0.690,0.300
574000,0.010,0.497,0.493
574500,0.010,0.507,0.483
575000,0.010,0.764,0.226
575500,0.010,0.454,0.536
576000,0.010,0.443,0.547
576500,0.010,0.299,0.691
577000,0.010,0.648,0.342
577500,0.010,0.615,0.375
578000,0.010,0.777,0.213
578500,0.010,0.639,0.351
579000,0.010,0.329,0.661
579500,0.010,0.604,0.386
580000,0.010,0.733,0.257
580500,0.010,0.641,0.349
581000,0.010,0.447,0.543
581500,0.010,0.281,0.709
582000,0.010,0.387,0.603
582500,0.010,0.462,0.528
583000,0.010,0.581,0.409
583500,0.010,0.418,0.572
584000,0.010,0.435,0.555
584500,0.010,0.455,0.535
585000,0.010,0.583,0.407
585500,0.010,0.570,0.420
586000,0.010,0.680,0.310
586500,0.010,0.623,0.367
587000,0.010,0.691,0.299
587500,0.010,0.261,0.729
588000,0.010,0.680,0.310
588500,0.010,0.533,0.457
589000,0.010,0.691,0.299
589500,0.010,0.494,0.496
590000,0.010,0.723,0.267
590500,0.010,0.591,0.399
591000,0.010,0.901,0.089
591500,0.010,0.531,0.459
592000,0.010,0.620,0.370
592500,0.010,0.529,0.461
593000,0.010,0.625,0.365
593500,0.010,0.334,0.656
594000,0.010,0.637,0.353
594500,0.010,0.508,0.482
595000,0.010,0.553,0.437
595500,0.010,0.788,0.202
596000,0.010,0.658,0.332
596500,0.010,0.442,0.548
597000,0.010,0.320,0.670
597500,0.010,0.752,0.238
598000,0.010,0.749,0.241
598500,0.010,0.747,0.243
599000,0.010,0.493,0.497
599500,0.010,0.661,0.329
600000,0.010,0.418,0.572
600500,0.010,0.446,0.544
601000,0.010,0.428,0.562
601500,0.010,0.616,0.374
602000,0.010,0.672,0.318
602500,0.010,0.538,0.452
603000,0.010,0.654,0.336
603500,0.010,0.508,0.482
604000,0.010,0.420,0.570
604500,0.010,0.474,0.516
605000,0.010,0.376,0.614
605500,0.010,0.382,0.608
606000,0.010,0.579,0.411
606500,0.010,0.516,0.474
607000,0.010,0.669,0.321
607500,0.010,0.862,0.128
608000,0.010,0.498,0.492
608500,0.010,0.546,0.444
609000,0.010,0.466,0.524
609500,0.010,0.578,0.412
610000,0.010,0.597,0.393
610500,0.010,0.552,0.438
611000,0.010,0.610,0.380
611500,0.010,0.397,0.593
612000,0.010,0.658,0.332
612500,0.010,0.494,0.496
613000,0.010,0.476,0.514
613500,0.010,0.634,0.356
614000,0.010,0.522,0.468
614500,0.010,0.779,0.211
615000,0.010,0.754,0.236
615500,0.010,0.500,0.490
616000,0.010,0.463,0.527
616500,0.010,0.652,0.338
617000,0.010,0.537,0.453
617500,0.010,0.439,0.551
618000,0.010,0.582,0.408
618500,0.010,0.613,0.377
619000,0.010,0.612,0.378
619500,0.010,0.547,0.443
620000,0.010,0.432,0.558
620500,0.010,0.607,0.383
621000,0.010,0.480,0.510
621500,0.010,0.446,0.544
622000,0.010,0.396,0.594
622500,0.010,0.484,0.506
623000,0.010,0.536,0.454
623500,0.010,0.475,0.515
624000,0.010,0.380,0.610
624500,0.010,0.743,0.247
625000,0.010,0.430,0.560
625500,0.010,0.479,0.511
626000,0.010,0.810,0.180
626500,0.010,0.729,0.261
627000,0.010,0.441,0.549
627500,0.010,0.479,0.511
628000,0.010,0.432,0.558
628500,0.010,0.485,0.505
629000,0.010,0.451,0.539
629500,0.010,0.477,0.513
630000,0.010,0.368,0.622
630500,0.010,0.621,0.369
631000,0.010,0.515,0.475
631500,0.010,0.474,0.516
632000,0.010,0.622,0.368
632500,0.010,0.304,0.686
633000,0.010,0.764,0.226
633500,0.010,0.493,0.497
634000,0.010,0.528,0.462
634500,0.010,0.509,0.481
635000,0.010,0.558,0.432
635500,0.010,0.508,0.482
636000,0.010,0.683,0.307
636500,0.010,0.310,0.680
637000,0.010,0.431,0.559
637500,0.010,0.714,0.276
638000,0.010,0.411,0.579
638500,0.010,0.476,0.514
639000,0.010,0.485,0.505
639500,0.010,0.707,0.283
640000,0.010,0.591,0.399
640500,0.010,0.300,0.690
641000,0.010,0.477,0.513
641500,0.010,0.392,0.598
642000,0.010,0.449,0.541
642500,0.010,0.595,0.395
643000,0.010,0.660,0.330
643500,0.010,0.474,0.516
644000,0.010,0.551,0.439
644500,0.010,0.414,0.576
645000,0.010,0.492,0.498
645500,0.010,0.561,0.429
646000,0.010,0.601,0.389
646500,0.010,0.492,0.498
647000,0.010,0.505,0.485
647500,0.010,0.448,0.542
648000,0.010,0.391,0.599
648500,0.010,0.634,0.356
649000,0.010,0.530,0.460
649500,0.010,0.514,0.476
650000,0.010,0.683,0.307
650500,0.010,0.355,0.635
651000,0.010,0.518,0.472
651500,0.010,0.396,0.594
652000,0.010,0.312,0.678
652500,0.010,0.691,0.299
653000,0.010,0.513,0.477
653500,0.010,0.608,0.382
654000,0.010,0.565,0.425
654500,0.010,0.311,0.679
655000,0.010,0.613,0.377
655500,0.010,0.508,0.482
656000,0.010,0.344,0.646
656500,0.010,0.430,0.560
657000,0.010,0.455,0.535
657500,0.010,0.453,0.537
658000,0.010,0.518,0.472
658500,0.010,0.644,0.346
659000,0.010,0.360,0.630
659500,0.010,0.321,0.669
660000,0.010,0.586,0.404
660500,0.010,0.452,0.538
661000,0.010,0.419,0.571
661500,0.010,0.737,0.253
662000,0.010,0.578,0.412
662500,0.010,0.447,0.543
663000,0.010,0.534,0.456
663500,0.010,0.399,0.591
664000,0.010,0.526,0.464
664500,0.010,0.386,0.604
665000,0.010,0.489,0.501
665500,0.010,0.436,0.554
666000,0.010,0.657,0.333
666500,0.010,0.445,0.545
667000,0.010,0.665,0.325
667500,0.010,0.404,0.586
668000,0.010,0.425,0.565
668500,0.010,0.389,0.601
669000,0.010,0.561,0.429
669500,0.010,0.614,0.376
670000,0.010,0.683,0.307
670500,0.010,0.503,0.487
671000,0.010,0.488,0.502
671500,0.010,0.423,0.567
672000,0.010,0.438,0.552
672500,0.010,0.765,0.225
673000,0.010,0.553,0.437
673500,0.010,0.419,0.571
674000,0.010,0.457,0.533
674500,0.010,0.291,0.699
675000,0.010,0.647,0.343
675500,0.010,0.351,0.639
676000,0.010,0.587,0.403
676500,0.010,0.595,0.395
677000,0.010,0.486,0.504
677500,0.010,0.447,0.543
678000,0.010,0.669,0.321
678500,0.010,0.553,0.437
679000,0.010,0.392,0.598
679500,0.010,0.355,0.635
680000,0.010,0.542,0.448
680500,0.010,0.346,0.644
681000,0.010,0.528,0.462
681500,0.010,0.427,0.563
682000,0.010,0.393,0.597
682500,0.010,0.545,0.445
683000,0.010,0.438,0.552
683500,0.010,0.434,0.556
684000,0.010,0.628,0.362
684500,0.010,0.572,0.418
685000,0.010,0.595,0.395
685500,0.010,0.692,0.298
686000,0.010,0.364,0.626
686500,0.010,0.516,0.474
687000,0.010,0.510,0.480
687500,0.010,0.545,0.445
688000,0.010,0.406,0.584
688500,0.010,0.594,0.396
689000,0.010,0.400,0.590
689500,0.010,0.635,0.355
690000,0.010,0.637,0.353
690500,0.010,0.487,0.503
691000,0.010,0.699,0.291
691500,0.010,0.839,0.151
692000,0.010,0.421,0.569
692500,0.010,0.883,0.107
693000,0.010,0.691,0.299
693500,0.010,0.755,0.235
694000,0.010,0.527,0.463
694500,0.010,0.382,0.608
695000,0.010,0.478,0.512
695500,0.010,0.482,0.508
696000,0.010,0.390,0.600
696500,0.010,0.706,0.284
697000,0.010,0.514,0.476
697500,0.010,0.541,0.449
698000,0.010,0.580,0.410
698500,0.010,0.445,0.545
699000,0.010,0.273,0.717
699500,0.010,0.374,0.616
700000,0.010,0.379,0.611
700500,0.010,0.314,0.676
701000,0.010,0.593,0.397
701500,0.010,0.611,0.379
702000,0.010,0.617,0.373
702500,0.010,0.505,0.485
703000,0.010,0.718,0.272
703500,0.010,0.637,0.353
704000,0.010,0.592,0.398
704500,0.010,0.639,0.351
705000,0.010,0.307,0.683
705500,0.010,0.374,0.616
706000,0.010,0.638,0.352
706500,0.010,0.318,0.672
707000,0.010,0.295,0.695
707500,0.010,0.592,0.398
708000,0.010,0.400,0.590
708500,0.010,0.615,0.375
709000,0.010,0.539,0.451
709500,0.010,0.337,0.653
710000,0.010,0.362,0.628
710500,0.010,0.327,0.663
711000,0.010,0.491,0.499
711500,0.010,0.639,0.351
712000,0.010,0.695,0.295
712500,0.010,0.386,0.604
713000,0.010,0.558,0.432
713500,0.010,0.638,0.352
714000,0.010,0.667,0.323
714500,0.010,0.683,0.307
715000,0.010,0.562,0.428
715500,0.010,0.396,0.594
716000,0.010,0.456,0.534
716500,0.010,0.472,0.518
717000,0.010,0.511,0.479
717500,0.010,0.506,0.484
718000,0.010,0.810,0.180
718500,0.010,0.578,0.412
719000,0.010,0.628,0.362
719500,0.010,0.780,0.210
720000,0.010,0.398,0.592
720500,0.010,0.255,0.735
721000,0.010,0.414,0.576
721500,0.010,0.456,0.534
722000,0.010,0.522,0.468
722500,0.010,0.551,0.439
723000,0.010,0.483,0.507
723500,0.010,0.583,0.407
724000,0.010,0.583,0.407
724500,0.010,0.442,0.548
725000,0.010,0.436,0.554
725500,0.010,0.428,0.562
726000,0.010,0.468,0.522
726500,0.010,0.574,0.416
727000,0.010,0.585,0.405
727500,0.010,0.435,0.555
728000,0.010,0.740,0.250
728500,0.010,0.555,0.435
729000,0.010,0.644,0.346
729500,0.010,0.648,0.342
730000,0.010,0.425,0.565
730500,0.010,0.494,0.496
731000,0.010,0.480,0.510
731500,0.010,0.398,0.592
732000,0.010,0.373,0.617
732500,0.010,0.462,0.528
733000,0.010,0.422,0.568
733500,0.010,0.446,0.544
734000,0.010,0.470,0.520
734500,0.010,0.381,0.609
735000,0.010,0.477,0.513
735500,0.010,0.351,0.639
736000,0.010,0.411,0.579
736500,0.010,0.548,0.442
737000,0.010,0.401,0.589
737500,0.010,0.682,0.308
738000,0.010,0.402,0.588
738500,0.010,0.566,0.424
739000,0.010,0.907,0.083
739500,0.010,0.676,0.314
740000,0.010,0.692,0.298
740500,0.010,0.566,0.424
741000,0.010,0.355,0.635
741500,0.010,0.731,0.259
742000,0.010,0.542,0.448
742500,0.010,0.328,0.662
743000,0.010,0.312,0.678
743500,0.010,0.440,0.550
744000,0.010,0.449,0.541
744500,0.010,0.505,0.485
745000,0.010,0.479,0.511
745500,0.010,0.491,0.499
746000,0.010,0.408,0.582
746500,0.010,0.275,0.715
747000,0.010,0.416,0.574
747500,0.010,0.430,0.560
748000,0.010,0.557,0.433
748500,0.010,0.479,0.511
749000,0.010,0.449,0.541
749500,0.010,0.394,0.596
750000,0.010,0.654,0.336
750500,0.010,0.606,0.384
751000,0.010,0.422,0.568
751500,0.010,0.500,0.490
752000,0.010,0.663,0.327
752500,0.010,0.535,0.455
753000,0.010,0.461,0.529
753500,0.010,0.531,0.459
754000,0.010,0.531,0.459
754500,0.010,0.594,0.396
755000,0.010,0.387,0.603
755500,0.010,0.572,0.418
756000,0.010,0.552,0.438
756500,0.010,0.461,0.529
757000,0.010,0.552,0.438
757500,0.010,0.601,0.389
758000,0.010,0.527,0.463
758500,0.010,0.602,0.388
759000,0.010,0.560,0.430
759500,0.010,0.585,0.405
760000,0.010,0.600,0.390
760500,0.010,0.607,0.383
761000,0.010,0.288,0.702
761500,0.010,0.435,0.555
762000,0.010,0.757,0.233
762500,0.010,0.685,0.305
763000,0.010,0.667,0.323
763500,0.010,0.484,0.506
764000,0.010,0.630,0.360
764500,0.010,0.661,0.329
765000,0.010,0.591,0.399
765500,0.010,0.659,0.331
766000,0.010,0.405,0.585
766500,0.010,0.516,0.474
767000,0.010,0.492,0.498
767500,0.010,0.489,0.501
768000,0.010,0.415,0.575
768500,0.010,0.553,0.437
769000,0.010,0.668,0.322
769500,0.010,0.476,0.514
770000,0.010,0.559,0.431
770500,0.010,0.362,0.628
771000,0.010,0.645,0.345
771500,0.010,0.634,0.356
772000,0.010,0.582,0.408
772500,0.010,0.464,0.526
773000,0.010,0.702,0.288
773500,0.010,0.315,0.675
774000,0.010,0.326,0.664
774500,0.010,0.453,0.537
775000,0.010,0.594,0.396
775500,0.010,0.602,0.388
776000,0.010,0.805,0.185
776500,0.010,0.827,0.163
777000,0.010,0.554,0.436
777500,0.010,0.672,0.318
778000,0.010,0.429,0.561
778500,0.010,0.336,0.654
779000,0.010,0.523,0.467
779500,0.010,0.434,0.556
780000,0.010,0.493,0.497
780500,0.010,0.444,0.546
781000,0.010,0.437,0.553
781500,0.010,0.612,0.378
782000,0.010,0.590,0.400
782500,0.010,0.507,0.483
783000,0.010,0.633,0.357
783500,0.010,0.470,0.520
784000,0.010,0.576,0.414
784500,0.010,0.468,0.522
785000,0.010,0.551,0.439
785500,0.010,0.557,0.433
786000,0.010,0.469,0.521
786500,0.010,0.478,0.512
787000,0.010,0.619,0.371
787500,0.010,0.465,0.525
788000,0.010,0.490,0.500
788500,0.010,0.633,0.357
789000,0.010,0.501,0.489
789500,0.010,0.606,0.384
790000,0.010,0.285,0.705
790500,0.010,0.554,0.436
791000,0.010,0.599,0.391
791500,0.010,0.628,0.362
792000,0.010,0.518,0.472
792500,0.010,0.601,0.389
793000,0.010,0.456,0.534
793500,0.010,0.329,0.661
794000,0.010,0.574,0.416
794500,0.010,0.291,0.699
795000,0.010,0.657,0.333
795500,0.010,0.671,0.319
796000,0.010,0.523,0.467
796500,0.010,0.457,0.533
797000,0.010,0.569,0.421
797500,0.010,0.493,0.497
798000,0.010,0.643,0.347
798500,0.010,0.561,0.429
799000,0.010,0.372,0.618
799500,0.010,0.629,0.361
800000,0.010,0.523,0.467
800500,0.010,0.422,0.568
801000,0.010,0.386,0.604
801500,0.010,0.823,0.167
802000,0.010,0.469,0.521
802500,0.010,0.398,0.592
803000,0.010,0.489,0.501
803500,0.010,0.723,0.267
804000,0.010,0.526,0.464
804500,0.010,0.427,0.563
805000,0.010,0.415,0.575
805500,0.010,0.457,0.533
806000,0.010,0.580,0.410
806500,0.010,0.488,0.502
807000,0.010,0.585,0.405
807500,0.010,0.437,0.553
808000,0.010,0.423,0.567
808500,0.010,0.415,0.575
809000,0.010,0.500,0.490
809500,0.010,0.465,0.525
810000,0.010,0.513,0.477
810500,0.010,0.435,0.555
811000,0.010,0.541,0.449
811500,0.010,0.575,0.415
812000,0.010,0.415,0.575
812500,0.010,0.638,0.352
813000,0.010,0.442,0.548
813500,0.010,0.486,0.504
814000,0.010,0.428,0.562
814500,0.010,0.501,0.489
815000,0.010,0.411,0.579
815500,0.010,0.524,0.466
816000,0.010,0.382,0.608
816500,0.010,0.646,0.344
817000,0.010,0.480,0.510
817500,0.010,0.533,0.457
818000,0.010,0.521,0.469
818500,0.010,0.759,0.231
819000,0.010,0.474,0.516
819500,0.010,0.694,0.296
820000,0.010,0.333,0.657
820500,0.010,0.510,0.480
821000,0.010,0.701,0.289
821500,0.010,0.685,0.305
822000,0.010,0.371,0.619
822500,0.010,0.308,0.682
823000,0.010,0.454,0.536
823500,0.010,0.698,0.292
824000,0.010,0.732,0.258
824500,0.010,0.641,0.349
825000,0.010,0.403,0.587
825500,0.010,0.502,0.488
826000,0.010,0.621,0.369
826500,0.010,0.464,0.526
827000,0.010,0.470,0.520
827500,0.010,0.683,0.307
828000,0.010,0.298,0.692
828500,0.010,0.594,0.396
829000,0.010,0.383,0.607
829500,0.010,0.493,0.497
830000,0.010,0.456,0.534
830500,0.010,0.617,0.373
831000,0.010,0.511,0.479
831500,0.010,0.476,0.514
832000,0.010,0.380,0.610
832500,0.010,0.497,0.493
833000,0.010,0.577,0.413
833500,0.010,0.694,0.296
834000,0.010,0.446,0.544
834500,0.010,0.373,0.617
835000,0.010,0.526,0.464
835500,0.010,0.356,0.634
836000,0.010,0.293,0.697
836500,0.010,0.538,0.452
837000,0.010,0.381,0.609
837500,0.010,0.435,0.555
838000,0.010,0.696,0.294
838500,0.010,0.585,0.405
839000,0.010,0.541,0.449
839500,0.010,0.306,0.684
840000,0.010,0.664,0.326
840500,0.010,0.376,0.614
841000,0.010,0.593,0.397
841500,0.010,0.641,0.349
842000,0.010,0.695,0.295
842500,0.010,0.327,0.663
843000,0.010,0.425,0.565
843500,0.010,0.600,0.390
844000,0.010,0.507,0.483
844500,0.010,0.665,0.325
845000,0.010,0.592,0.398
845500,0.010,0.566,0.424
846000,0.010,0.611,0.379
846500,0.010,0.443,0.547
847000,0.010,0.585,0.405
847500,0.010,0.467,0.523
848000,0.010,0.487,0.503
848500,0.010,0.491,0.499
849000,0.010,0.369,0.621
849500,0.010,0.623,0.367
850000,0.010,0.439,0.551
850500,0.010,0.600,0.390
851000,0.010,0.546,0.444
851500,0.010,0.462,0.528
852000,0.010,0.420,0.570
852500,0.010,0.487,0.503
853000,0.010,0.593,0.397
853500,0.010,0.426,0.564
854000,0.010,0.480,0.510
854500,0.010,0.399,0.591
855000,0.010,0.461,0.529
855500,0.010,0.563,0.427
856000,0.010,0.318,0.672
856500,0.010,0.311,0.679
857000,0.010,0.707,0.283
857500,0.010,0.667,0.323
858000,0.010,0.401,0.589
858500,0.010,0.514,0.476
859000,0.010,0.463,0.527
859500,0.010,0.459,0.531
860000,0.010,0.531,0.459
860500,0.010,0.664,0.326
861000,0.010,0.453,0.537
861500,0.010,0.399,0.591
862000,0.010,0.638,0.352
862500,0.010,0.543,0.447
863000,0.010,0.720,0.270
863500,0.010,0.822,0.168
864000,0.010,0.500,0.490
864500,0.010,0.576,0.414
865000,0.010,0.230,0.760
865500,0.010,0.550,0.440
866000,0.010,0.505,0.485
866500,0.010,0.384,0.606
867000,0.010,0.452,0.538
867500,0.010,0.341,0.649
868000,0.010,0.527,0.463
868500,0.010,0.465,0.525
869000,0.010,0.502,0.488
869500,0.010,0.928,0.062
870000,0.010,0.592,0.398
870500,0.010,0.565,0.425
871000,0.010,0.501,0.489
871500,0.010,0.603,0.387
872000,0.010,0.374,0.616
872500,0.010,0.601,0.389
873000,0.010,0.680,0.310
873500,0.010,0.714,0.276
874000,0.010,0.290,0.700
874500,0.010,0.711,0.279
875000,0.010,0.505,0.485
875500,0.010,0.553,0.437
876000,0.010,0.358,0.632
876500,0.010,0.461,0.529
877000,0.010,0.419,0.571
877500,0.010,0.471,0.519
878000,0.010,0.412,0.578
878500,0.010,0.570,0.420
879000,0.010,0.470,0.520
879500,0.010,0.584,0.406
880000,0.010,0.384,0.606
880500,0.010,0.525,0.465
881000,0.010,0.660,0.330
881500,0.010,0.512,0.478
882000,0.010,0.544,0.446
882500,0.010,0.198,0.792
883000,0.010,0.586,0.404
883500,0.010,0.447,0.543
884000,0.010,0.607,0.383
884500,0.010,0.484,0.506
885000,0.010,0.708,0.282
885500,0.010,0.416,0.574
886000,0.010,0.712,0.278
886500,0.010,0.446,0.544
887000,0.010,0.325,0.665
887500,0.010,0.424,0.566
888000,0.010,0.832,0.158
888500,0.010,0.649,0.341
889000,0.010,0.607,0.383
889500,0.010,0.438,0.552
890000,0.010,0.750,0.240
890500,0.010,0.551,0.439
891000,0.010,0.455,0.535
891500,0.010,0.622,0.368
892000,0.010,0.528,0.462
892500,0.010,0.506,0.484
893000,0.010,0.586,0.404
893500,0.010,0.441,0.549
894000,0.010,0.578,0.412
894500,0.010,0.426,0.564
895000,0.010,0.513,0.477
895500,0.010,0.505,0.485
896000,0.010,0.465,0.525
896500,0.010,0.639,0.351
897000,0.010,0.478,0.512
897500,0.010,0.451,0.539
898000,0.010,0.557,0.433
898500,0.010,0.373,0.617
899000,0.010,0.515,0.475
899500,0.010,0.591,0.399
900000,0.010,0.399,0.591
900500,0.010,0.541,0.449
901000,0.010,0.382,0.608
901500,0.010,0.402,0.588
902000,0.010,0.416,0.574
902500,0.010,0.461,0.529
903000,0.010,0.498,0.492
903500,0.010,0.809,0.181
904000,0.010,0.853,0.137
904500,0.010,0.349,0.641
905000,0.010,0.505,0.485
905500,0.010,0.443,0.547
906000,0.010,0.608,0.382
906500,0.010,0.227,0.763
907000,0.010,0.516,0.474
907500,0.010,0.792,0.198
908000,0.010,0.700,0.290
908500,0.010,0.493,0.497
909000,0.010,0.684,0.306
909500,0.010,0.460,0.530
910000,0.010,0.605,0.385
910500,0.010,0.851,0.139
911000,0.010,0.416,0.574
911500,0.010,0.534,0.456
912000,0.010,0.473,0.517
912500,0.010,0.491,0.499
913000,0.010,0.385,0.605
913500,0.010,0.432,0.558
914000,0.010,0.764,0.226
914500,0.010,0.636,0.354
915000,0.010,0.574,0.416
915500,0.010,0.535,0.455
916000,0.010,0.663,0.327
916500,0.010,0.391,0.599
917000,0.010,0.583,0.407
917500,0.010,0.722,0.268
918000,0.010,0.587,0.403
918500,0.010,0.530,0.460
919000,0.010,0.535,0.455
919500,0.010,0.412,0.578
920000,0.010,0.480,0.510
920500,0.010,0.636,0.354
921000,0.010,0.373,0.617
921500,0.010,0.555,0.435
922000,0.010,0.696,0.294
922500,0.010,0.364,0.626
923000,0.010,0.519,0.471
923500,0.010,0.492,0.498
924000,0.010,0.481,0.509
924500,0.010,0.399,0.591
925000,0.010,0.519,0.471
925500,0.010,0.449,0.541
926000,0.010,0.798,0.192
926500,0.010,0.579,0.411
927000,0.010,0.479,0.511
927500,0.010,0.566,0.424
928000,0.010,0.574,0.416
928500,0.010,0.633,0.357
929000,0.010,0.546,0.444
929500,0.010,0.653,0.337
930000,0.010,0.580,0.410
930500,0.010,0.558,0.432
931000,0.010,0.496,0.494
931500,0.010,0.552,0.438
932000,0.010,0.396,0.594
932500,0.010,0.433,0.557
933000,0.010,0.482,0.508
933500,0.010,0.310,0.680
934000,0.010,0.780,0.210
934500,0.010,0.437,0.553
935000,0.010,0.564,0.426
935500,0.010,0.437,0.553
936000,0.010,0.744,0.246
936500,0.010,0.549,0.441
937000,0.010,0.453,0.537
937500,0.010,0.499,0.491
938000,0.010,0.720,0.270
938500,0.010,0.438,0.552
939000,0.010,0.545,0.445
939500,0.010,0.544,0.446
940000,0.010,0.476,0.514
940500,0.010,0.488,0.502
941000,0.010,0.550,0.440
941500,0.010,0.610,0.380
942000,0.010,0.631,0.359
942500,0.010,0.612,0.378
943000,0.010,0.553,0.437
943500,0.010,0.476,0.514
944000,0.010,0.485,0.505
944500,0.010,0.713,0.277
945000,0.010,0.412,0.578
945500,0.010,0.576,0.414
946000,0.010,0.631,0.359
946500,0.010,0.479,0.511
947000,0.010,0.578,0.412
947500,0.010,0.576,0.414
948000,0.010,0.526,0.464
948500,0.010,0.540,0.450
949000,0.010,0.440,0.550
949500,0.010,0.467,0.523
950000,0.010,0.764,0.226
950500,0.010,0.549,0.441
951000,0.010,0.510,0.480
951500,0.010,0.365,0.625
952000,0.010,0.509,0.481
952500,0.010,0.570,0.420
953000,0.010,0.311,0.679
953500,0.010,0.594,0.396
954000,0.010,0.464,0.526
954500,0.010,0.476,0.514
955000,0.010,0.387,0.603
955500,0.010,0.613,0.377
956000,0.010,0.460,0.530
956500,0.010,0.467,0.523
957000,0.010,0.736,0.254
957500,0.010,0.718,0.272
958000,0.010,0.585,0.405
958500,0.010,0.673,0.317
959000,0.010,0.668,0.322
959500,0.010,0.546,0.444
960000,0.010,0.609,0.381
960500,0.010,0.386,0.604
961000,0.010,0.801,0.189
961500,0.010,0.448,0.542
962000,0.010,0.381,0.609
962500,0.010,0.650,0.340
963000,0.010,0.574,0.416
963500,0.010,0.570,0.420
964000,0.010,0.725,0.265
964500,0.010,0.531,0.459
965000,0.010,0.335,0.655
965500,0.010,0.543,0.447
966000,0.010,0.578,0.412
966500,0.010,0.367,0.623
967000,0.010,0.610,0.380
967500,0.010,0.664,0.326
968000,0.010,0.400,0.590
968500,0.010,0.324,0.666
969000,0.010,0.481,0.509
969500,0.010,0.507,0.483
970000,0.010,0.501,0.489
970500,0.010,0.642,0.348
971000,0.010,0.408,0.582
971500,0.010,0.489,0.501
972000,0.010,0.591,0.399
972500,0.010,0.389,0.601
973000,0.010,0.541,0.449
973500,0.010,0.645,0.345
974000,0.010,0.419,0.571
974500,0.010,0.568,0.422
975000,0.010,0.422,0.568
975500,0.010,0.717,0.273
976000,0.010,0.646,0.344
976500,0.010,0.710,0.280
977000,0.010,0.645,0.345
977500,0.010,0.699,0.291
978000,0.010,0.515,0.475
978500,0.010,0.529,0.461
979000,0.010,0.620,0.370
979500,0.010,0.493,0.497
980000,0.010,0.609,0.381
980500,0.010,0.580,0.410
981000,0.010,0.429,0.561
981500,0.010,0.661,0.329
982000,0.010,0.617,0.373
982500,0.010,0.462,0.528
983000,0.010,0.376,0.614
983500,0.010,0.392,0.598
984000,0.010,0.369,0.621
984500,0.010,0.594,0.396
985000,0.010,0.589,0.401
985500,0.010,0.373,0.617
986000,0.010,0.410,0.580
986500,0.010,0.574,0.416
987000,0.010,0.399,0.591
987500,0.010,0.591,0.399
988000,0.010,0.417,0.573
988500,0.010,0.528,0.462
989000,0.010,0.366,0.624
989500,0.010,0.439,0.551
990000,0.010,0.462,0.528
990500,0.010,0.469,0.521
991000,0.010,0.682,0.308
991500,0.010,0.404,0.586
992000,0.010,0.577,0.413
992500,0.010,0.507,0.483
993000,0.010,0.617,0.373
993500,0.010,0.538,0.452
994000,0.010,0.499,0.491
994500,0.010,0.599,0.391
995000,0.010,0.536,0.454
995500,0.010,0.412,0.578
996000,0.010,0.592,0.398
996500,0.010,0.474,0.516
997000,0.010,0.692,0.298
997500,0.010,0.319,0.671
998000,0.010,0.586,0.404
998500,0.010,0.492,0.498
999000,0.010,0.607,0.383
999500,0.010,0.502,0.488
1000000,0.010,0.616,0.374
