time,n_A+p,n_B,n_AB
500,0.010,0.951,0.039
1000,0.010,0.402,0.588
1500,0.017,0.030,0.953
2000,0.031,0.018,0.951
2500,0.015,0.006,0.979
3000,0.053,0.011,0.936
3500,0.068,0.000,0.932
4000,0.054,0.000,0.946
4500,0.042,0.004,0.954
5000,0.019,0.014,0.967
5500,0.061,0.008,0.931
6000,0.042,0.016,0.942
6500,0.058,0.000,0.942
7000,0.013,0.044,0.943
7500,0.011,0.005,0.984
8000,0.058,0.014,0.928
8500,0.019,0.004,0.977
9000,0.022,0.002,0.976
9500,0.012,0.020,0.968
10000,0.043,0.003,0.954
10500,0.010,0.025,0.965
11000,0.013,0.073,0.914
11500,0.030,0.007,0.963
12000,0.021,0.026,0.953
12500,0.031,0.002,0.967
13000,0.047,0.027,0.926
13500,0.024,0.060,0.916
14000,0.046,0.020,0.934
14500,0.032,0.007,0.961
15000,0.065,0.000,0.935
15500,0.047,0.011,0.942
16000,0.038,0.006,0.956
16500,0.027,0.010,0.963
17000,0.050,0.014,0.936
17500,0.014,0.004,0.982
18000,0.034,0.020,0.946
18500,0.033,0.013,0.954
19000,0.010,0.042,0.948
19500,0.042,0.003,0.955
20000,0.055,0.001,0.944
20500,0.023,0.029,0.948
21000,0.046,0.029,0.925
21500,0.033,0.032,0.935
22000,0.077,0.003,0.920
22500,0.046,0.005,0.949
23000,0.038,0.000,0.962
23500,0.059,0.000,0.941
24000,0.037,0.000,0.963
24500,0.031,0.003,0.966
25000,0.031,0.004,0.965
25500,0.023,0.036,0.941
26000,0.023,0.024,0.953
26500,0.010,0.022,0.968
27000,0.017,0.030,0.953
27500,0.013,0.038,0.949
28000,0.079,0.007,0.914
28500,0.058,0.029,0.913
29000,0.053,0.004,0.943
29500,0.015,0.026,0.959
30000,0.011,0.020,0.969
30500,0.032,0.008,0.960
31000,0.038,0.034,0.928
31500,0.010,0.037,0.953
32000,0.044,0.036,0.920
32500,0.027,0.027,0.946
33000,0.051,0.021,0.928
33500,0.023,0.007,0.970
34000,0.023,0.004,0.973
34500,0.053,0.039,0.908
35000,0.031,0.013,0.956
35500,0.059,0.005,0.936
36000,0.060,0.003,0.937
36500,0.038,0.016,0.946
37000,0.079,0.004,0.917
37500,0.021,0.018,0.961
38000,0.025,0.000,0.975
38500,0.012,0.090,0.898
39000,0.020,0.052,0.928
39500,0.023,0.008,0.969
40000,0.049,0.015,0.936
40500,0.020,0.024,0.956
41000,0.021,0.004,0.975
41500,0.015,0.021,0.964
42000,0.029,0.023,0.948
42500,0.026,0.001,0.973
43000,0.039,0.023,0.938
43500,0.019,0.016,0.965
44000,0.032,0.028,0.940
44500,0.018,0.010,0.972
45000,0.066,0.000,0.934
45500,0.060,0.005,0.935
46000,0.037,0.005,0.958
46500,0.063,0.027,0.910
47000,0.026,0.042,0.932
47500,0.021,0.005,0.974
48000,0.043,0.042,0.915
48500,0.068,0.026,0.906
49000,0.049,0.022,0.929
49500,0.014,0.024,0.962
50000,0.034,0.004,0.962
50500,0.070,0.010,0.920
51000,0.050,0.037,0.913
51500,0.030,0.036,0.934
52000,0.044,0.000,0.956
52500,0.026,0.053,0.921
53000,0.022,0.062,0.916
53500,0.023,0.015,0.962
54000,0.015,0.009,0.976
54500,0.015,0.018,0.967
55000,0.013,0.010,0.977
55500,0.020,0.036,0.944
56000,0.040,0.046,0.914
56500,0.046,0.003,0.951
57000,0.035,0.002,0.963
57500,0.085,0.001,0.914
58000,0.024,0.041,0.935
58500,0.042,0.040,0.918
59000,0.021,0.004,0.975
59500,0.019,0.035,0.946
60000,0.044,0.001,0.955
60500,0.060,0.020,0.920
61000,0.056,0.002,0.942
61500,0.023,0.023,0.954
62000,0.034,0.002,0.964
62500,0.054,0.030,0.916
63000,0.031,0.027,0.942
63500,0.038,0.019,0.943
64000,0.057,0.000,0.943
64500,0.036,0.018,0.946
65000,0.053,0.004,0.943
65500,0.038,0.012,0.950
66000,0.025,0.018,0.957
66500,0.010,0.035,0.955
67000,0.048,0.043,0.909
67500,0.041,0.006,0.953
68000,0.050,0.018,0.932
68500,0.019,0.011,0.970
69000,0.012,0.030,0.958
69500,0.034,0.055,0.911
70000,0.017,0.005,0.978
70500,0.013,0.000,0.987
71000,0.047,0.023,0.930
71500,0.029,0.029,0.942
72000,0.010,0.058,0.932
72500,0.015,0.016,0.969
73000,0.020,0.032,0.948
73500,0.052,0.043,0.905
74000,0.077,0.000,0.923
74500,0.061,0.005,0.934
75000,0.032,0.000,0.968
75500,0.027,0.040,0.933
76000,0.073,0.005,0.922
76500,0.065,0.017,0.918
77000,0.028,0.016,0.956
77500,0.048,0.048,0.904
78000,0.031,0.004,0.965
78500,0.047,0.008,0.945
79000,0.050,0.001,0.949
79500,0.051,0.015,0.934
80000,0.102,0.002,0.896
80500,0.026,0.031,0.943
81000,0.026,0.019,0.955
81500,0.043,0.006,0.951
82000,0.025,0.013,0.962
82500,0.046,0.012,0.942
83000,0.039,0.037,0.924
83500,0.033,0.008,0.959
84000,0.017,0.002,0.981
84500,0.021,0.031,0.948
85000,0.042,0.035,0.923
85500,0.065,0.000,0.935
86000,0.043,0.006,0.951
86500,0.039,0.007,0.954
87000,0.089,0.000,0.911
87500,0.027,0.001,0.972
88000,0.027,0.001,0.972
88500,0.046,0.007,0.947
89000,0.030,0.012,0.958
89500,0.020,0.037,0.943
90000,0.019,0.025,0.956
90500,0.024,0.006,0.970
91000,0.072,0.002,0.926
91500,0.040,0.001,0.959
92000,0.054,0.029,0.917
92500,0.026,0.020,0.954
93000,0.014,0.022,0.964
93500,0.026,0.023,0.951
94000,0.045,0.012,0.943
94500,0.022,0.001,0.977
95000,0.011,0.031,0.958
95500,0.040,0.001,0.959
96000,0.047,0.020,0.933
96500,0.032,0.023,0.945
97000,0.054,0.003,0.943
97500,0.035,0.010,0.955
98000,0.033,0.016,0.951
98500,0.037,0.009,0.954
99000,0.062,0.000,0.938
99500,0.027,0.003,0.970
100000,0.010,0.005,0.985
100500,0.022,0.033,0.945
101000,0.105,0.000,0.895
101500,0.032,0.000,0.968
102000,0.024,0.031,0.945
102500,0.019,0.009,0.972
103000,0.056,0.003,0.941
103500,0.064,0.028,0.908
104000,0.057,0.026,0.917
104500,0.031,0.004,0.965
105000,0.030,0.006,0.964
105500,0.034,0.018,0.948
106000,0.029,0.053,0.918
106500,0.038,0.000,0.962
107000,0.043,0.002,0.955
107500,0.017,0.035,0.948
108000,0.055,0.011,0.934
108500,0.050,0.012,0.938
109000,0.037,0.000,0.963
109500,0.021,0.034,0.945
110000,0.025,0.000,0.975
110500,0.027,0.001,0.972
111000,0.079,0.034,0.887
111500,0.014,0.014,0.972
112000,0.025,0.022,0.953
112500,0.024,0.020,0.956
113000,0.086,0.033,0.881
113500,0.035,0.009,0.956
114000,0.042,0.034,0.924
114500,0.047,0.000,0.953
115000,0.037,0.003,0.960
115500,0.073,0.004,0.923
116000,0.021,0.033,0.946
116500,0.073,0.000,0.927
117000,0.015,0.020,0.965
117500,0.042,0.014,0.944
118000,0.061,0.019,0.920
118500,0.023,0.002,0.975
119000,0.030,0.025,0.945
119500,0.054,0.007,0.939
120000,0.064,0.000,0.936
120500,0.079,0.003,0.918
121000,0.022,0.019,0.959
121500,0.053,0.005,0.942
122000,0.016,0.000,0.984
122500,0.026,0.000,0.974
123000,0.032,0.020,0.948
123500,0.011,0.018,0.971
124000,0.019,0.007,0.974
124500,0.014,0.057,0.929
125000,0.041,0.006,0.953
125500,0.067,0.003,0.930
126000,0.049,0.027,0.924
126500,0.045,0.013,0.942
127000,0.029,0.018,0.953
127500,0.021,0.032,0.947
128000,0.012,0.018,0.970
128500,0.014,0.015,0.971
129000,0.057,0.001,0.942
129500,0.021,0.054,0.925
130000,0.052,0.025,0.923
130500,0.034,0.017,0.949
131000,0.037,0.006,0.957
131500,0.027,0.015,0.958
132000,0.024,0.003,0.973
132500,0.089,0.001,0.910
133000,0.053,0.005,0.942
133500,0.014,0.000,0.986
134000,0.037,0.038,0.925
134500,0.035,0.012,0.953
135000,0.010,0.058,0.932
135500,0.032,0.065,0.903
136000,0.098,0.005,0.897
136500,0.042,0.001,0.957
137000,0.017,0.017,0.966
137500,0.045,0.000,0.955
138000,0.013,0.009,0.978
138500,0.024,0.008,0.968
139000,0.078,0.010,0.912
139500,0.039,0.016,0.945
140000,0.010,0.040,0.950
140500,0.045,0.016,0.939
141000,0.027,0.004,0.969
141500,0.051,0.010,0.939
142000,0.022,0.018,0.960
142500,0.010,0.016,0.974
143000,0.023,0.002,0.975
143500,0.055,0.035,0.910
144000,0.022,0.021,0.957
144500,0.059,0.000,0.941
145000,0.033,0.003,0.964
145500,0.016,0.021,0.963
146000,0.054,0.054,0.892
146500,0.046,0.005,0.949
147000,0.059,0.003,0.938
147500,0.023,0.002,0.975
148000,0.030,0.055,0.915
148500,0.015,0.029,0.956
149000,0.013,0.027,0.960
149500,0.014,0.056,0.930
150000,0.027,0.021,0.952
150500,0.044,0.023,0.933
151000,0.041,0.015,0.944
151500,0.024,0.003,0.973
152000,0.026,0.031,0.943
152500,0.036,0.003,0.961
153000,0.044,0.000,0.956
153500,0.043,0.048,0.909
154000,0.071,0.005,0.924
154500,0.060,0.010,0.930
155000,0.034,0.031,0.935
155500,0.034,0.014,0.952
156000,0.045,0.011,0.944
156500,0.029,0.021,0.950
157000,0.067,0.000,0.933
157500,0.010,0.000,0.990
158000,0.032,0.000,0.968
158500,0.032,0.024,0.944
159000,0.050,0.009,0.941
159500,0.023,0.000,0.977
160000,0.061,0.012,0.927
160500,0.016,0.012,0.972
161000,0.027,0.016,0.957
161500,0.022,0.022,0.956
162000,0.016,0.023,0.961
162500,0.016,0.021,0.963
163000,0.015,0.008,0.977
163500,0.015,0.030,0.955
164000,0.051,0.020,0.929
164500,0.012,0.023,0.965
165000,0.055,0.000,0.945
165500,0.058,0.005,0.937
166000,0.022,0.004,0.974
166500,0.016,0.054,0.930
167000,0.025,0.012,0.963
167500,0.042,0.017,0.941
168000,0.033,0.019,0.948
168500,0.060,0.000,0.940
169000,0.061,0.021,0.918
169500,0.057,0.009,0.934
170000,0.053,0.013,0.934
170500,0.051,0.006,0.943
171000,0.055,0.001,0.944
171500,0.040,0.007,0.953
172000,0.046,0.017,0.937
172500,0.033,0.023,0.944
173000,0.036,0.038,0.926
173500,0.018,0.020,0.962
174000,0.037,0.001,0.962
174500,0.030,0.019,0.951
175000,0.024,0.030,0.946
175500,0.036,0.013,0.951
176000,0.026,0.023,0.951
176500,0.029,0.031,0.940
177000,0.022,0.032,0.946
177500,0.035,0.001,0.964
178000,0.032,0.000,0.968
178500,0.075,0.000,0.925
179000,0.059,0.003,0.938
179500,0.015,0.013,0.972
180000,0.044,0.018,0.938
180500,0.011,0.005,0.984
181000,0.054,0.023,0.923
181500,0.020,0.056,0.924
182000,0.033,0.000,0.967
182500,0.029,0.016,0.955
183000,0.032,0.001,0.967
183500,0.017,0.009,0.974
184000,0.054,0.012,0.934
184500,0.033,0.007,0.960
185000,0.025,0.021,0.954
185500,0.029,0.035,0.936
186000,0.048,0.008,0.944
186500,0.045,0.006,0.949
187000,0.019,0.022,0.959
187500,0.046,0.029,0.925
188000,0.027,0.047,0.926
188500,0.035,0.045,0.920
189000,0.057,0.000,0.943
189500,0.075,0.008,0.917
190000,0.026,0.023,0.951
190500,0.034,0.003,0.963
191000,0.030,0.041,0.929
191500,0.050,0.003,0.947
192000,0.051,0.003,0.946
192500,0.030,0.017,0.953
193000,0.024,0.005,0.971
193500,0.030,0.022,0.948
194000,0.011,0.026,0.963
194500,0.041,0.005,0.954
195000,0.035,0.030,0.935
195500,0.026,0.005,0.969
196000,0.046,0.005,0.949
196500,0.073,0.013,0.914
197000,0.016,0.021,0.963
197500,0.011,0.051,0.938
198000,0.019,0.043,0.938
198500,0.065,0.018,0.917
199000,0.025,0.024,0.951
199500,0.064,0.006,0.930
200000,0.020,0.020,0.960
200500,0.020,0.034,0.946
201000,0.024,0.011,0.965
201500,0.031,0.049,0.920
202000,0.018,0.067,0.915
202500,0.084,0.000,0.916
203000,0.043,0.019,0.938
203500,0.059,0.018,0.923
204000,0.057,0.006,0.937
204500,0.068,0.000,0.932
205000,0.037,0.022,0.941
205500,0.018,0.040,0.942
206000,0.010,0.021,0.969
206500,0.046,0.000,0.954
207000,0.035,0.020,0.945
207500,0.030,0.001,0.969
208000,0.047,0.027,0.926
208500,0.013,0.006,0.981
209000,0.021,0.010,0.969
209500,0.017,0.033,0.950
210000,0.026,0.016,0.958
210500,0.015,0.055,0.930
211000,0.038,0.009,0.953
211500,0.057,0.024,0.919
212000,0.076,0.014,0.910
212500,0.017,0.004,0.979
213000,0.011,0.015,0.974
213500,0.034,0.002,0.964
214000,0.024,0.007,0.969
214500,0.025,0.009,0.966
215000,0.024,0.021,0.955
215500,0.039,0.020,0.941
216000,0.108,0.002,0.890
216500,0.014,0.029,0.957
217000,0.017,0.000,0.983
217500,0.018,0.032,0.950
218000,0.043,0.005,0.952
218500,0.039,0.008,0.953
219000,0.040,0.023,0.937
219500,0.039,0.030,0.931
220000,0.030,0.021,0.949
220500,0.019,0.028,0.953
221000,0.067,0.011,0.922
221500,0.028,0.029,0.943
222000,0.052,0.008,0.940
222500,0.025,0.010,0.965
223000,0.018,0.060,0.922
223500,0.035,0.034,0.931
224000,0.049,0.004,0.947
224500,0.010,0.026,0.964
225000,0.033,0.027,0.940
225500,0.014,0.023,0.963
226000,0.019,0.038,0.943
226500,0.030,0.009,0.961
227000,0.046,0.004,0.950
227500,0.011,0.022,0.967
228000,0.018,0.014,0.968
228500,0.052,0.005,0.943
229000,0.034,0.001,0.965
229500,0.035,0.002,0.963
230000,0.030,0.015,0.955
230500,0.035,0.004,0.961
231000,0.037,0.043,0.920
231500,0.023,0.025,0.952
232000,0.026,0.000,0.974
232500,0.040,0.014,0.946
233000,0.012,0.043,0.945
233500,0.047,0.011,0.942
234000,0.017,0.022,0.961
234500,0.039,0.000,0.961
235000,0.050,0.029,0.921
235500,0.061,0.037,0.902
236000,0.074,0.007,0.919
236500,0.063,0.001,0.936
237000,0.022,0.033,0.945
237500,0.071,0.001,0.928
238000,0.068,0.002,0.930
238500,0.046,0.004,0.950
239000,0.044,0.001,0.955
239500,0.049,0.023,0.928
240000,0.033,0.009,0.958
240500,0.047,0.000,0.953
241000,0.012,0.059,0.929
241500,0.044,0.001,0.955
242000,0.043,0.028,0.929
242500,0.068,0.011,0.921
243000,0.019,0.037,0.944
243500,0.022,0.007,0.971
244000,0.032,0.021,0.947
244500,0.040,0.019,0.941
245000,0.061,0.006,0.933
245500,0.045,0.016,0.939
246000,0.022,0.034,0.944
246500,0.031,0.015,0.954
247000,0.016,0.053,0.931
247500,0.067,0.002,0.931
248000,0.039,0.009,0.952
248500,0.087,0.001,0.912
249000,0.031,0.040,0.929
249500,0.032,0.024,0.944
250000,0.061,0.000,0.939
250500,0.051,0.017,0.932
251000,0.024,0.003,0.973
251500,0.027,0.016,0.957
252000,0.010,0.025,0.965
252500,0.034,0.021,0.945
253000,0.020,0.039,0.941
253500,0.034,0.042,0.924
254000,0.011,0.051,0.938
254500,0.039,0.047,0.914
255000,0.060,0.002,0.938
255500,0.025,0.054,0.921
256000,0.041,0.029,0.930
256500,0.039,0.022,0.939
257000,0.018,0.012,0.970
257500,0.031,0.003,0.966
258000,0.056,0.021,0.923
258500,0.024,0.003,0.973
259000,0.040,0.010,0.950
259500,0.048,0.011,0.941
260000,0.015,0.020,0.965
260500,0.039,0.003,0.958
261000,0.010,0.017,0.973
261500,0.023,0.016,0.961
262000,0.028,0.022,0.950
262500,0.050,0.019,0.931
263000,0.061,0.004,0.935
263500,0.046,0.000,0.954
264000,0.078,0.029,0.893
264500,0.032,0.000,0.968
265000,0.086,0.000,0.914
265500,0.017,0.000,0.983
266000,0.021,0.010,0.969
266500,0.044,0.006,0.950
267000,0.095,0.007,0.898
267500,0.067,0.006,0.927
268000,0.020,0.033,0.947
268500,0.014,0.033,0.953
269000,0.025,0.036,0.939
269500,0.061,0.036,0.903
270000,0.020,0.001,0.979
270500,0.064,0.003,0.933
271000,0.064,0.011,0.925
271500,0.057,0.042,0.901
272000,0.065,0.007,0.928
272500,0.031,0.000,0.969
273000,0.056,0.010,0.934
273500,0.018,0.019,0.963
274000,0.023,0.017,0.960
274500,0.062,0.001,0.937
275000,0.020,0.025,0.955
275500,0.020,0.034,0.946
276000,0.048,0.021,0.931
276500,0.046,0.048,0.906
277000,0.014,0.008,0.978
277500,0.012,0.004,0.984
278000,0.024,0.025,0.951
278500,0.028,0.040,0.932
279000,0.029,0.004,0.967
279500,0.037,0.042,0.921
280000,0.014,0.025,0.961
280500,0.016,0.060,0.924
281000,0.027,0.006,0.967
281500,0.043,0.034,0.923
282000,0.020,0.033,0.947
282500,0.040,0.032,0.928
283000,0.026,0.013,0.961
283500,0.102,0.000,0.898
284000,0.083,0.000,0.917
284500,0.018,0.043,0.939
285000,0.021,0.025,0.954
285500,0.024,0.033,0.943
286000,0.022,0.021,0.957
286500,0.055,0.001,0.944
287000,0.012,0.037,0.951
287500,0.026,0.004,0.970
288000,0.021,0.005,0.974
288500,0.059,0.006,0.935
289000,0.051,0.002,0.947
289500,0.022,0.007,0.971
290000,0.075,0.018,0.907
290500,0.047,0.013,0.940
291000,0.033,0.078,0.889
291500,0.025,0.013,0.962
292000,0.052,0.009,0.939
292500,0.021,0.040,0.939
293000,0.067,0.004,0.929
293500,0.021,0.027,0.952
294000,0.020,0.029,0.951
294500,0.016,0.024,0.960
295000,0.062,0.014,0.924
295500,0.036,0.005,0.959
296000,0.068,0.000,0.932
296500,0.034,0.002,0.964
297000,0.052,0.010,0.938
297500,0.041,0.005,0.954
298000,0.037,0.009,0.954
298500,0.040,0.001,0.959
299000,0.047,0.015,0.938
299500,0.024,0.009,0.967
300000,0.032,0.007,0.961
300500,0.015,0.025,0.960
301000,0.040,0.000,0.960
301500,0.056,0.005,0.939
302000,0.036,0.038,0.926
302500,0.020,0.014,0.966
303000,0.063,0.011,0.926
303500,0.076,0.002,0.922
304000,0.095,0.005,0.900
304500,0.023,0.024,0.953
305000,0.046,0.012,0.942
305500,0.011,0.002,0.987
306000,0.010,0.014,0.976
306500,0.020,0.034,0.946
307000,0.057,0.003,0.940
307500,0.044,0.026,0.930
308000,0.024,0.019,0.957
308500,0.036,0.035,0.929
309000,0.010,0.018,0.972
309500,0.023,0.052,0.925
310000,0.052,0.029,0.919
310500,0.011,0.077,0.912
311000,0.039,0.029,0.932
311500,0.018,0.019,0.963
312000,0.014,0.054,0.932
312500,0.011,0.038,0.951
313000,0.066,0.010,0.924
313500,0.020,0.005,0.975
314000,0.045,0.001,0.954
314500,0.030,0.007,0.963
315000,0.048,0.006,0.946
315500,0.034,0.023,0.943
316000,0.015,0.022,0.963
316500,0.049,0.006,0.945
317000,0.021,0.001,0.978
317500,0.023,0.002,0.975
318000,0.054,0.000,0.946
318500,0.085,0.003,0.912
319000,0.057,0.007,0.936
319500,0.019,0.029,0.952
320000,0.038,0.029,0.933
320500,0.058,0.028,0.914
321000,0.028,0.001,0.971
321500,0.043,0.002,0.955
322000,0.028,0.020,0.952
322500,0.029,0.002,0.969
323000,0.071,0.000,0.929
323500,0.053,0.007,0.940
324000,0.048,0.000,0.952
324500,0.015,0.056,0.929
325000,0.072,0.010,0.918
325500,0.027,0.011,0.962
326000,0.052,0.007,0.941
326500,0.021,0.060,0.919
327000,0.062,0.011,0.927
327500,0.024,0.012,0.964
328000,0.031,0.033,0.936
328500,0.047,0.000,0.953
329000,0.037,0.013,0.950
329500,0.019,0.006,0.975
330000,0.045,0.013,0.942
330500,0.041,0.032,0.927
331000,0.034,0.033,0.933
331500,0.033,0.027,0.940
332000,0.023,0.008,0.969
332500,0.030,0.002,0.968
333000,0.029,0.019,0.952
333500,0.027,0.033,0.940
334000,0.037,0.007,0.956
334500,0.013,0.045,0.942
335000,0.012,0.050,0.938
335500,0.041,0.022,0.937
336000,0.027,0.000,0.973
336500,0.028,0.025,0.947
337000,0.028,0.014,0.958
337500,0.014,0.014,0.972
338000,0.031,0.048,0.921
338500,0.030,0.019,0.951
339000,0.057,0.008,0.935
339500,0.014,0.037,0.949
340000,0.046,0.017,0.937
340500,0.045,0.014,0.941
341000,0.047,0.008,0.945
341500,0.030,0.024,0.946
342000,0.016,0.009,0.975
342500,0.012,0.014,0.974
343000,0.010,0.017,0.973
343500,0.047,0.014,0.939
344000,0.072,0.022,0.906
344500,0.034,0.000,0.966
345000,0.015,0.003,0.982
345500,0.045,0.009,0.946
346000,0.052,0.021,0.927
346500,0.033,0.014,0.953
347000,0.063,0.007,0.930
347500,0.039,0.041,0.920
348000,0.022,0.012,0.966
348500,0.030,0.025,0.945
349000,0.030,0.045,0.925
349500,0.066,0.004,0.930
350000,0.037,0.011,0.952
350500,0.029,0.002,0.969
351000,0.034,0.001,0.965
351500,0.023,0.018,0.959
352000,0.035,0.003,0.962
352500,0.049,0.007,0.944
353000,0.029,0.019,0.952
353500,0.017,0.028,0.955
354000,0.030,0.012,0.958
354500,0.032,0.010,0.958
355000,0.014,0.033,0.953
355500,0.028,0.040,0.932
356000,0.038,0.026,0.936
356500,0.011,0.068,0.921
357000,0.036,0.031,0.933
357500,0.040,0.008,0.952
358000,0.026,0.021,0.953
358500,0.019,0.019,0.962
359000,0.063,0.018,0.919
359500,0.013,0.012,0.975
360000,0.063,0.013,0.924
360500,0.013,0.025,0.962
361000,0.039,0.023,0.938
361500,0.029,0.005,0.966
362000,0.038,0.000,0.962
362500,0.033,0.015,0.952
363000,0.042,0.003,0.955
363500,0.015,0.018,0.967
364000,0.037,0.000,0.963
364500,0.056,0.002,0.942
365000,0.064,0.000,0.936
365500,0.023,0.004,0.973
366000,0.092,0.003,0.905
366500,0.058,0.002,0.940
367000,0.050,0.000,0.950
367500,0.048,0.007,0.945
368000,0.029,0.012,0.959
368500,0.043,0.027,0.930
369000,0.081,0.001,0.918
369500,0.021,0.027,0.952
370000,0.045,0.011,0.944
370500,0.017,0.013,0.970
371000,0.020,0.017,0.963
371500,0.047,0.001,0.952
372000,0.043,0.031,0.926
372500,0.019,0.049,0.932
373000,0.088,0.001,0.911
373500,0.034,0.011,0.955
374000,0.080,0.008,0.912
374500,0.019,0.029,0.952
375000,0.050,0.017,0.933
375500,0.031,0.022,0.947
376000,0.018,0.005,0.977
376500,0.015,0.046,0.939
377000,0.029,0.024,0.947
377500,0.048,0.000,0.952
378000,0.050,0.000,0.950
378500,0.025,0.035,0.940
379000,0.065,0.004,0.931
379500,0.049,0.009,0.942
380000,0.055,0.002,0.943
380500,0.052,0.010,0.938
381000,0.044,0.009,0.947
381500,0.024,0.014,0.962
382000,0.020,0.090,0.890
382500,0.015,0.026,0.959
383000,0.029,0.000,0.971
383500,0.061,0.000,0.939
384000,0.034,0.016,0.950
384500,0.043,0.012,0.945
385000,0.025,0.010,0.965
385500,0.038,0.020,0.942
386000,0.018,0.070,0.912
386500,0.010,0.047,0.943
387000,0.041,0.024,0.935
387500,0.043,0.003,0.954
388000,0.024,0.024,0.952
388500,0.046,0.024,0.930
389000,0.050,0.028,0.922
389500,0.029,0.016,0.955
390000,0.021,0.031,0.948
390500,0.016,0.050,0.934
391000,0.019,0.015,0.966
391500,0.030,0.035,0.935
392000,0.010,0.030,0.960
392500,0.024,0.066,0.910
393000,0.069,0.000,0.931
393500,0.038,0.020,0.942
394000,0.019,0.023,0.958
394500,0.024,0.044,0.932
395000,0.019,0.033,0.948
395500,0.014,0.007,0.979
396000,0.031,0.001,0.968
396500,0.087,0.009,0.904
397000,0.053,0.011,0.936
397500,0.040,0.005,0.955
398000,0.017,0.032,0.951
398500,0.047,0.001,0.952
399000,0.028,0.016,0.956
399500,0.081,0.003,0.916
400000,0.034,0.000,0.966
400500,0.068,0.001,0.931
401000,0.019,0.013,0.968
401500,0.049,0.000,0.951
402000,0.076,0.000,0.924
402500,0.017,0.000,0.983
403000,0.045,0.005,0.950
403500,0.011,0.015,0.974
404000,0.017,0.022,0.961
404500,0.027,0.015,0.958
405000,0.012,0.009,0.979
405500,0.017,0.067,0.916
406000,0.073,0.002,0.925
406500,0.032,0.003,0.965
407000,0.030,0.039,0.931
407500,0.013,0.013,0.974
408000,0.029,0.000,0.971
408500,0.010,0.028,0.962
409000,0.013,0.071,0.916
409500,0.066,0.001,0.933
410000,0.052,0.000,0.948
410500,0.067,0.000,0.933
411000,0.027,0.004,0.969
411500,0.055,0.024,0.921
412000,0.075,0.015,0.910
412500,0.069,0.018,0.913
413000,0.032,0.000,0.968
413500,0.032,0.008,0.960
414000,0.026,0.003,0.971
414500,0.017,0.031,0.952
415000,0.031,0.020,0.949
415500,0.056,0.000,0.944
416000,0.026,0.016,0.958
416500,0.041,0.009,0.950
417000,0.061,0.023,0.916
417500,0.025,0.021,0.954
418000,0.059,0.005,0.936
418500,0.017,0.008,0.975
419000,0.065,0.000,0.935
419500,0.067,0.018,0.915
420000,0.028,0.017,0.955
420500,0.038,0.036,0.926
421000,0.070,0.000,0.930
421500,0.020,0.026,0.954
422000,0.034,0.009,0.957
422500,0.044,0.054,0.902
423000,0.016,0.036,0.948
423500,0.030,0.017,0.953
424000,0.032,0.002,0.966
424500,0.023,0.025,0.952
425000,0.049,0.001,0.950
425500,0.046,0.031,0.923
426000,0.043,0.029,0.928
426500,0.012,0.011,0.977
427000,0.020,0.001,0.979
427500,0.034,0.003,0.963
428000,0.018,0.007,0.975
428500,0.072,0.004,0.924
429000,0.096,0.001,0.903
429500,0.050,0.024,0.926
430000,0.019,0.023,0.958
430500,0.030,0.002,0.968
431000,0.023,0.014,0.963
431500,0.033,0.004,0.963
432000,0.058,0.001,0.941
432500,0.020,0.016,0.964
433000,0.012,0.043,0.945
433500,0.016,0.023,0.961
434000,0.030,0.000,0.970
434500,0.080,0.000,0.920
435000,0.039,0.015,0.946
435500,0.040,0.000,0.960
436000,0.032,0.017,0.951
436500,0.038,0.045,0.917
437000,0.108,0.006,0.886
437500,0.046,0.020,0.934
438000,0.053,0.005,0.942
438500,0.031,0.025,0.944
439000,0.062,0.001,0.937
439500,0.010,0.028,0.962
440000,0.040,0.018,0.942
440500,0.071,0.005,0.924
441000,0.052,0.031,0.917
441500,0.042,0.017,0.941
442000,0.035,0.013,0.952
442500,0.052,0.009,0.939
443000,0.010,0.037,0.953
443500,0.032,0.051,0.917
444000,0.089,0.026,0.885
444500,0.051,0.022,0.927
445000,0.023,0.027,0.950
445500,0.010,0.014,0.976
446000,0.024,0.001,0.975
446500,0.015,0.035,0.950
447000,0.030,0.005,0.965
447500,0.013,0.034,0.953
448000,0.049,0.000,0.951
448500,0.019,0.000,0.981
449000,0.035,0.029,0.936
449500,0.019,0.048,0.933
450000,0.031,0.007,0.962
450500,0.032,0.022,0.946
451000,0.012,0.022,0.966
451500,0.028,0.003,0.969
452000,0.026,0.039,0.935
452500,0.026,0.015,0.959
453000,0.033,0.024,0.943
453500,0.032,0.026,0.942
454000,0.056,0.013,0.931
454500,0.033,0.022,0.945
455000,0.060,0.014,0.926
455500,0.021,0.015,0.964
456000,0.029,0.027,0.944
456500,0.010,0.052,0.938
457000,0.012,0.026,0.962
457500,0.017,0.007,0.976
458000,0.021,0.044,0.935
458500,0.016,0.008,0.976
459000,0.030,0.016,0.954
459500,0.063,0.033,0.904
460000,0.021,0.024,0.955
460500,0.020,0.033,0.947
461000,0.040,0.002,0.958
461500,0.056,0.000,0.944
462000,0.070,0.013,0.917
462500,0.021,0.002,0.977
463000,0.023,0.005,0.972
463500,0.016,0.015,0.969
464000,0.072,0.008,0.920
464500,0.042,0.001,0.957
465000,0.086,0.002,0.912
465500,0.068,0.000,0.932
466000,0.026,0.076,0.898
466500,0.027,0.024,0.949
467000,0.066,0.005,0.929
467500,0.066,0.002,0.932
468000,0.045,0.010,0.945
468500,0.050,0.008,0.942
469000,0.033,0.052,0.915
469500,0.051,0.032,0.917
470000,0.031,0.011,0.958
470500,0.073,0.000,0.927
471000,0.026,0.002,0.972
471500,0.047,0.002,0.951
472000,0.057,0.014,0.929
472500,0.014,0.020,0.966
473000,0.019,0.022,0.959
473500,0.047,0.000,0.953
474000,0.014,0.005,0.981
474500,0.018,0.006,0.976
475000,0.038,0.022,0.940
475500,0.039,0.016,0.945
476000,0.019,0.031,0.950
476500,0.030,0.001,0.969
477000,0.056,0.000,0.944
477500,0.037,0.003,0.960
478000,0.016,0.007,0.977
478500,0.013,0.004,0.983
479000,0.023,0.014,0.963
479500,0.046,0.040,0.914
480000,0.044,0.000,0.956
480500,0.046,0.024,0.930
481000,0.010,0.068,0.922
481500,0.022,0.017,0.961
482000,0.076,0.000,0.924
482500,0.052,0.022,0.926
483000,0.032,0.016,0.952
483500,0.036,0.009,0.955
484000,0.112,0.007,0.881
484500,0.012,0.040,0.948
485000,0.072,0.006,0.922
485500,0.013,0.027,0.960
486000,0.041,0.025,0.934
486500,0.036,0.000,0.964
487000,0.030,0.034,0.936
487500,0.011,0.042,0.947
488000,0.039,0.003,0.958
488500,0.015,0.017,0.968
489000,0.015,0.029,0.956
489500,0.017,0.023,0.960
490000,0.039,0.000,0.961
490500,0.035,0.012,0.953
491000,0.046,0.001,0.953
491500,0.010,0.053,0.937
492000,0.058,0.000,0.942
492500,0.051,0.006,0.943
493000,0.068,0.000,0.932
493500,0.030,0.024,0.946
494000,0.010,0.074,0.916
494500,0.039,0.021,0.940
495000,0.030,0.024,0.946
495500,0.014,0.027,0.959
496000,0.028,0.002,0.970
496500,0.067,0.000,0.933
497000,0.081,0.000,0.919
497500,0.036,0.001,0.963
498000,0.078,0.000,0.922
498500,0.048,0.011,0.941
499000,0.030,0.016,0.954
499500,0.022,0.023,0.955
500000,0.050,0.000,0.950
500500,0.042,0.001,0.957
501000,0.045,0.038,0.917
501500,0.020,0.020,0.960
502000,0.048,0.026,0.926
502500,0.045,0.000,0.955
503000,0.011,0.018,0.971
503500,0.040,0.003,0.957
504000,0.016,0.038,0.946
504500,0.034,0.023,0.943
505000,0.035,0.021,0.944
505500,0.047,0.008,0.945
506000,0.033,0.006,0.961
506500,0.026,0.035,0.939
507000,0.064,0.016,0.920
507500,0.040,0.005,0.955
508000,0.123,0.022,0.855
508500,0.057,0.007,0.936
509000,0.067,0.000,0.933
509500,0.089,0.006,0.905
510000,0.049,0.022,0.929
510500,0.108,0.002,0.890
511000,0.049,0.003,0.948
511500,0.068,0.004,0.928
512000,0.030,0.000,0.970
512500,0.051,0.000,0.949
513000,0.052,0.021,0.927
513500,0.022,0.013,0.965
514000,0.022,0.018,0.960
514500,0.055,0.005,0.940
515000,0.020,0.037,0.943
515500,0.046,0.019,0.935
516000,0.035,0.002,0.963
516500,0.040,0.003,0.957
517000,0.054,0.015,0.931
517500,0.014,0.011,0.975
518000,0.079,0.000,0.921
518500,0.013,0.028,0.959
519000,0.020,0.051,0.929
519500,0.063,0.021,0.916
520000,0.032,0.016,0.952
520500,0.024,0.015,0.961
521000,0.022,0.015,0.963
521500,0.063,0.000,0.937
522000,0.026,0.000,0.974
522500,0.038,0.029,0.933
523000,0.023,0.020,0.957
523500,0.043,0.000,0.957
524000,0.016,0.032,0.952
524500,0.015,0.039,0.946
525000,0.018,0.025,0.957
525500,0.010,0.015,0.975
526000,0.080,0.003,0.917
526500,0.047,0.002,0.951
527000,0.043,0.004,0.953
527500,0.045,0.000,0.955
528000,0.029,0.009,0.962
528500,0.016,0.029,0.955
529000,0.014,0.045,0.941
529500,0.035,0.003,0.962
530000,0.049,0.013,0.938
530500,0.048,0.035,0.917
531000,0.023,0.018,0.959
531500,0.029,0.015,0.956
532000,0.032,0.020,0.948
532500,0.035,0.059,0.906
533000,0.014,0.007,0.979
533500,0.017,0.010,0.973
534000,0.012,0.021,0.967
534500,0.042,0.004,0.954
535000,0.024,0.022,0.954
535500,0.054,0.003,0.943
536000,0.022,0.030,0.948
536500,0.023,0.020,0.957
537000,0.021,0.005,0.974
537500,0.045,0.000,0.955
538000,0.021,0.029,0.950
538500,0.031,0.008,0.961
539000,0.011,0.037,0.952
539500,0.028,0.010,0.962
540000,0.012,0.031,0.957
540500,0.058,0.022,0.920
541000,0.033,0.032,0.935
541500,0.034,0.020,0.946
542000,0.031,0.000,0.969
542500,0.067,0.042,0.891
543000,0.010,0.034,0.956
543500,0.048,0.002,0.950
544000,0.046,0.007,0.947
544500,0.010,0.017,0.973
545000,0.101,0.004,0.895
545500,0.025,0.022,0.953
546000,0.011,0.009,0.980
546500,0.024,0.036,0.940
547000,0.058,0.014,0.928
547500,0.022,0.017,0.961
548000,0.033,0.068,0.899
548500,0.039,0.006,0.955
549000,0.012,0.018,0.970
549500,0.029,0.022,0.949
550000,0.033,0.006,0.961
550500,0.019,0.025,0.956
551000,0.032,0.008,0.960
551500,0.056,0.024,0.920
552000,0.013,0.078,0.909
552500,0.019,0.047,0.934
553000,0.041,0.016,0.943
553500,0.051,0.000,0.949
554000,0.027,0.007,0.966
554500,0.043,0.020,0.937
555000,0.038,0.002,0.960
555500,0.044,0.022,0.934
556000,0.037,0.022,0.941
556500,0.028,0.001,0.971
557000,0.038,0.000,0.962
557500,0.031,0.018,0.951
558000,0.023,0.002,0.975
558500,0.039,0.002,0.959
559000,0.029,0.025,0.946
559500,0.015,0.024,0.961
560000,0.018,0.009,0.973
560500,0.025,0.015,0.960
561000,0.025,0.016,0.959
561500,0.052,0.005,0.943
562000,0.051,0.008,0.941
562500,0.089,0.002,0.909
563000,0.011,0.047,0.942
563500,0.039,0.003,0.958
564000,0.037,0.019,0.944
564500,0.014,0.031,0.955
565000,0.059,0.001,0.940
565500,0.052,0.002,0.946
566000,0.031,0.006,0.963
566500,0.021,0.029,0.950
567000,0.028,0.027,0.945
567500,0.019,0.020,0.961
568000,0.056,0.000,0.944
568500,0.015,0.038,0.947
569000,0.066,0.020,0.914
569500,0.076,0.000,0.924
570000,0.023,0.005,0.972
570500,0.038,0.009,0.953
571000,0.025,0.027,0.948
571500,0.048,0.000,0.952
572000,0.062,0.015,0.923
572500,0.030,0.008,0.962
573000,0.057,0.021,0.922
573500,0.019,0.051,0.930
574000,0.020,0.021,0.959
574500,0.040,0.007,0.953
575000,0.058,0.036,0.906
575500,0.029,0.026,0.945
576000,0.056,0.013,0.931
576500,0.021,0.007,0.972
577000,0.043,0.049,0.908
577500,0.027,0.009,0.964
578000,0.071,0.001,0.928
578500,0.031,0.008,0.961
579000,0.022,0.045,0.933
579500,0.035,0.011,0.954
580000,0.041,0.001,0.958
580500,0.033,0.003,0.964
581000,0.036,0.030,0.934
581500,0.020,0.010,0.970
582000,0.075,0.009,0.916
582500,0.072,0.001,0.927
583000,0.047,0.019,0.934
583500,0.035,0.005,0.960
584000,0.034,0.028,0.938
584500,0.014,0.034,0.952
585000,0.011,0.012,0.977
585500,0.047,0.016,0.937
586000,0.023,0.032,0.945
586500,0.055,0.004,0.941
587000,0.048,0.017,0.935
587500,0.010,0.004,0.986
588000,0.035,0.001,0.964
588500,0.047,0.013,0.940
589000,0.020,0.030,0.950
589500,0.064,0.001,0.935
590000,0.027,0.009,0.964
590500,0.015,0.027,0.958
591000,0.044,0.000,0.956
591500,0.020,0.037,0.943
592000,0.033,0.003,0.964
592500,0.039,0.018,0.943
593000,0.043,0.003,0.954
593500,0.030,0.057,0.913
594000,0.011,0.031,0.958
594500,0.073,0.006,0.921
595000,0.069,0.020,0.911
595500,0.047,0.000,0.953
596000,0.030,0.002,0.968
596500,0.014,0.013,0.973
597000,0.030,0.021,0.949
597500,0.035,0.008,0.957
598000,0.027,0.004,0.969
598500,0.049,0.001,0.950
599000,0.024,0.009,0.967
599500,0.010,0.044,0.946
600000,0.010,0.037,0.953
600500,0.025,0.024,0.951
601000,0.039,0.001,0.960
601500,0.025,0.008,0.967
602000,0.024,0.019,0.957
602500,0.020,0.018,0.962
603000,0.039,0.010,0.951
603500,0.036,0.016,0.948
604000,0.019,0.032,0.949
604500,0.031,0.020,0.949
605000,0.049,0.022,0.929
605500,0.076,0.017,0.907
606000,0.049,0.029,0.922
606500,0.043,0.006,0.951
607000,0.018,0.027,0.955
607500,0.049,0.007,0.944
608000,0.020,0.017,0.963
608500,0.064,0.001,0.935
609000,0.016,0.042,0.942
609500,0.034,0.043,0.923
610000,0.012,0.035,0.953
610500,0.048,0.005,0.947
611000,0.046,0.000,0.954
611500,0.041,0.000,0.959
612000,0.034,0.011,0.955
612500,0.019,0.001,0.980
613000,0.036,0.004,0.960
613500,0.042,0.002,0.956
614000,0.032,0.000,0.968
614500,0.016,0.030,0.954
615000,0.032,0.013,0.955
615500,0.036,0.015,0.949
616000,0.044,0.028,0.928
616500,0.010,0.028,0.962
617000,0.031,0.013,0.956
617500,0.044,0.011,0.945
618000,0.036,0.000,0.964
618500,0.011,0.023,0.966
619000,0.034,0.016,0.950
619500,0.050,0.000,0.950
620000,0.040,0.025,0.935
620500,0.077,0.001,0.922
621000,0.026,0.000,0.974
621500,0.067,0.023,0.910
622000,0.054,0.000,0.946
622500,0.066,0.011,0.923
623000,0.062,0.004,0.934
623500,0.040,0.001,0.959
624000,0.024,0.018,0.958
624500,0.010,0.064,0.926
625000,0.028,0.025,0.947
625500,0.060,0.003,0.937
626000,0.037,0.035,0.928
626500,0.024,0.028,0.948
627000,0.030,0.043,0.927
627500,0.016,0.014,0.970
628000,0.011,0.030,0.959
628500,0.037,0.032,0.931
629000,0.036,0.012,0.952
629500,0.040,0.024,0.936
630000,0.041,0.009,0.950
630500,0.047,0.021,0.932
631000,0.049,0.002,0.949
631500,0.014,0.031,0.955
632000,0.011,0.084,0.905
632500,0.015,0.031,0.954
633000,0.056,0.002,0.942
633500,0.019,0.026,0.955
634000,0.030,0.010,0.960
634500,0.038,0.020,0.942
635000,0.012,0.022,0.966
635500,0.021,0.021,0.958
636000,0.050,0.000,0.950
636500,0.019,0.012,0.969
637000,0.016,0.035,0.949
637500,0.014,0.012,0.974
638000,0.042,0.029,0.929
638500,0.017,0.001,0.982
639000,0.030,0.000,0.970
639500,0.018,0.039,0.943
640000,0.025,0.007,0.968
640500,0.043,0.000,0.957
641000,0.032,0.008,0.960
641500,0.061,0.002,0.937
642000,0.073,0.001,0.926
642500,0.014,0.015,0.971
643000,0.016,0.051,0.933
643500,0.063,0.003,0.934
644000,0.010,0.034,0.956
644500,0.047,0.001,0.952
645000,0.030,0.013,0.957
645500,0.015,0.072,0.913
646000,0.029,0.002,0.969
646500,0.057,0.005,0.938
647000,0.011,0.034,0.955
647500,0.031,0.050,0.919
648000,0.024,0.023,0.953
648500,0.010,0.015,0.975
649000,0.043,0.036,0.921
649500,0.042,0.004,0.954
650000,0.032,0.003,0.965
650500,0.034,0.000,0.966
651000,0.010,0.028,0.962
651500,0.047,0.000,0.953
652000,0.046,0.027,0.927
652500,0.038,0.002,0.960
653000,0.010,0.038,0.952
653500,0.025,0.019,0.956
654000,0.059,0.001,0.940
654500,0.011,0.001,0.988
655000,0.038,0.000,0.962
655500,0.028,0.008,0.964
656000,0.010,0.025,0.965
656500,0.046,0.008,0.946
657000,0.103,0.003,0.894
657500,0.040,0.005,0.955
658000,0.046,0.014,0.940
658500,0.026,0.016,0.958
659000,0.090,0.007,0.903
659500,0.039,0.003,0.958
660000,0.022,0.040,0.938
660500,0.030,0.037,0.933
661000,0.044,0.018,0.938
661500,0.042,0.023,0.935
662000,0.047,0.001,0.952
662500,0.037,0.025,0.938
663000,0.033,0.001,0.966
663500,0.036,0.060,0.904
664000,0.053,0.000,0.947
664500,0.083,0.000,0.917
665000,0.036,0.012,0.952
665500,0.044,0.000,0.956
666000,0.022,0.017,0.961
666500,0.036,0.018,0.946
667000,0.052,0.002,0.946
667500,0.014,0.020,0.966
668000,0.050,0.014,0.936
668500,0.025,0.015,0.960
669000,0.016,0.022,0.962
669500,0.020,0.005,0.975
670000,0.032,0.039,0.929
670500,0.015,0.006,0.979
671000,0.085,0.001,0.914
671500,0.072,0.006,0.922
672000,0.013,0.018,0.969
672500,0.037,0.000,0.963
673000,0.034,0.029,0.937
673500,0.011,0.028,0.961
674000,0.027,0.012,0.961
674500,0.010,0.077,0.913
675000,0.030,0.003,0.967
675500,0.046,0.000,0.954
676000,0.018,0.002,0.980
676500,0.023,0.033,0.944
677000,0.024,0.053,0.923
677500,0.017,0.024,0.959
678000,0.029,0.017,0.954
678500,0.024,0.041,0.935
679000,0.018,0.024,0.958
679500,0.050,0.023,0.927
680000,0.040,0.026,0.934
680500,0.034,0.023,0.943
681000,0.014,0.005,0.981
681500,0.032,0.022,0.946
682000,0.016,0.031,0.953
682500,0.049,0.022,0.929
683000,0.016,0.028,0.956
683500,0.042,0.015,0.943
684000,0.046,0.004,0.950
684500,0.024,0.002,0.974
685000,0.042,0.003,0.955
685500,0.033,0.019,0.948
686000,0.045,0.004,0.951
686500,0.013,0.000,0.987
687000,0.011,0.021,0.968
687500,0.054,0.000,0.946
688000,0.072,0.011,0.917
688500,0.011,0.043,0.946
689000,0.013,0.064,0.923
689500,0.010,0.057,0.933
690000,0.090,0.000,0.910
690500,0.047,0.010,0.943
691000,0.022,0.014,0.964
691500,0.044,0.000,0.956
692000,0.019,0.029,0.952
692500,0.018,0.027,0.955
693000,0.019,0.009,0.972
693500,0.018,0.026,0.956
694000,0.077,0.002,0.921
694500,0.027,0.003,0.970
695000,0.044,0.033,0.923
695500,0.062,0.016,0.922
696000,0.057,0.013,0.930
696500,0.040,0.033,0.927
697000,0.026,0.026,0.948
697500,0.013,0.026,0.961
698000,0.023,0.016,0.961
698500,0.048,0.009,0.943
699000,0.064,0.029,0.907
699500,0.010,0.029,0.961
700000,0.061,0.019,0.920
700500,0.122,0.007,0.871
701000,0.034,0.008,0.958
701500,0.056,0.019,0.925
702000,0.039,0.017,0.944
702500,0.014,0.026,0.960
703000,0.055,0.015,0.930
703500,0.065,0.007,0.928
704000,0.029,0.023,0.948
704500,0.025,0.004,0.971
705000,0.050,0.030,0.920
705500,0.035,0.024,0.941
706000,0.013,0.013,0.974
706500,0.022,0.016,0.962
707000,0.031,0.047,0.922
707500,0.010,0.059,0.931
708000,0.055,0.006,0.939
708500,0.065,0.004,0.931
709000,0.069,0.003,0.928
709500,0.061,0.003,0.936
710000,0.037,0.000,0.963
710500,0.036,0.028,0.936
711000,0.029,0.002,0.969
711500,0.031,0.003,0.966
712000,0.054,0.000,0.946
712500,0.058,0.021,0.921
713000,0.040,0.039,0.921
713500,0.049,0.023,0.928
714000,0.035,0.014,0.951
714500,0.020,0.036,0.944
715000,0.023,0.020,0.957
715500,0.033,0.022,0.945
716000,0.047,0.007,0.946
716500,0.039,0.006,0.955
717000,0.033,0.000,0.967
717500,0.043,0.000,0.957
718000,0.038,0.009,0.953
718500,0.030,0.028,0.942
719000,0.039,0.001,0.960
719500,0.052,0.010,0.938
720000,0.014,0.030,0.956
720500,0.033,0.003,0.964
721000,0.021,0.037,0.942
721500,0.056,0.018,0.926
722000,0.021,0.027,0.952
722500,0.029,0.037,0.934
723000,0.025,0.002,0.973
723500,0.030,0.043,0.927
724000,0.054,0.006,0.940
724500,0.034,0.046,0.920
725000,0.034,0.027,0.939
725500,0.015,0.034,0.951
726000,0.016,0.069,0.915
726500,0.021,0.033,0.946
727000,0.038,0.000,0.962
727500,0.053,0.020,0.927
728000,0.042,0.015,0.943
728500,0.051,0.002,0.947
729000,0.087,0.008,0.905
729500,0.044,0.001,0.955
730000,0.040,0.000,0.960
730500,0.019,0.035,0.946
731000,0.014,0.039,0.947
731500,0.041,0.017,0.942
732000,0.013,0.000,0.987
732500,0.093,0.004,0.903
733000,0.025,0.038,0.937
733500,0.035,0.029,0.936
734000,0.041,0.036,0.923
734500,0.014,0.056,0.930
735000,0.047,0.004,0.949
735500,0.033,0.012,0.955
736000,0.032,0.029,0.939
736500,0.016,0.011,0.973
737000,0.048,0.000,0.952
737500,0.062,0.037,0.901
738000,0.065,0.002,0.933
738500,0.052,0.002,0.946
739000,0.025,0.012,0.963
739500,0.010,0.013,0.977
740000,0.013,0.014,0.973
740500,0.029,0.014,0.957
741000,0.031,0.007,0.962
741500,0.054,0.008,0.938
742000,0.073,0.006,0.921
742500,0.039,0.038,0.923
743000,0.025,0.003,0.972
743500,0.014,0.059,0.927
744000,0.020,0.020,0.960
744500,0.028,0.050,0.922
745000,0.065,0.002,0.933
745500,0.030,0.020,0.950
746000,0.018,0.036,0.946
746500,0.032,0.024,0.944
747000,0.036,0.003,0.961
747500,0.041,0.002,0.957
748000,0.065,0.000,0.935
748500,0.028,0.002,0.970
749000,0.029,0.021,0.950
749500,0.010,0.012,0.978
750000,0.034,0.000,0.966
750500,0.033,0.008,0.959
751000,0.034,0.033,0.933
751500,0.054,0.003,0.943
752000,0.047,0.002,0.951
752500,0.021,0.034,0.945
753000,0.012,0.046,0.942
753500,0.024,0.023,0.953
754000,0.036,0.002,0.962
754500,0.029,0.000,0.971
755000,0.071,0.005,0.924
755500,0.058,0.008,0.934
756000,0.090,0.005,0.905
756500,0.029,0.015,0.956
757000,0.033,0.012,0.955
757500,0.020,0.014,0.966
758000,0.028,0.001,0.971
758500,0.023,0.022,0.955
759000,0.024,0.025,0.951
759500,0.080,0.001,0.919
760000,0.041,0.019,0.940
760500,0.034,0.005,0.961
761000,0.020,0.034,0.946
761500,0.039,0.010,0.951
762000,0.038,0.003,0.959
762500,0.063,0.004,0.933
763000,0.026,0.000,0.974
763500,0.031,0.017,0.952
764000,0.013,0.019,0.968
764500,0.017,0.009,0.974
765000,0.033,0.026,0.941
765500,0.054,0.011,0.935
766000,0.010,0.003,0.987
766500,0.044,0.020,0.936
767000,0.066,0.005,0.929
767500,0.077,0.000,0.923
768000,0.048,0.000,0.952
768500,0.052,0.005,0.943
769000,0.051,0.003,0.946
769500,0.043,0.001,0.956
770000,0.032,0.006,0.962
770500,0.045,0.009,0.946
771000,0.032,0.032,0.936
771500,0.018,0.026,0.956
772000,0.090,0.005,0.905
772500,0.048,0.000,0.952
773000,0.034,0.031,0.935
773500,0.054,0.014,0.932
774000,0.052,0.001,0.947
774500,0.016,0.067,0.917
775000,0.027,0.010,0.963
775500,0.019,0.003,0.978
776000,0.010,0.017,0.973
776500,0.012,0.020,0.968
777000,0.063,0.004,0.933
777500,0.037,0.046,0.917
778000,0.024,0.020,0.956
778500,0.038,0.008,0.954
779000,0.035,0.000,0.965
779500,0.044,0.016,0.940
780000,0.021,0.018,0.961
780500,0.064,0.001,0.935
781000,0.012,0.033,0.955
781500,0.017,0.011,0.972
782000,0.015,0.012,0.973
782500,0.056,0.031,0.913
783000,0.039,0.033,0.928
783500,0.059,0.003,0.938
784000,0.042,0.007,0.951
784500,0.021,0.002,0.977
785000,0.064,0.002,0.934
785500,0.016,0.045,0.939
786000,0.026,0.003,0.971
786500,0.045,0.015,0.940
787000,0.017,0.044,0.939
787500,0.031,0.001,0.968
788000,0.037,0.000,0.963
788500,0.021,0.024,0.955
789000,0.053,0.017,0.930
789500,0.047,0.009,0.944
790000,0.042,0.003,0.955
790500,0.015,0.029,0.956
791000,0.011,0.056,0.933
791500,0.065,0.007,0.928
792000,0.016,0.022,0.962
792500,0.058,0.000,0.942
793000,0.029,0.010,0.961
793500,0.088,0.001,0.911
794000,0.018,0.026,0.956
794500,0.033,0.029,0.938
795000,0.030,0.017,0.953
795500,0.015,0.059,0.926
796000,0.038,0.003,0.959
796500,0.046,0.018,0.936
797000,0.037,0.009,0.954
797500,0.114,0.011,0.875
798000,0.018,0.004,0.978
798500,0.036,0.005,0.959
799000,0.044,0.025,0.931
799500,0.036,0.000,0.964
800000,0.022,0.036,0.942
800500,0.052,0.001,0.947
801000,0.070,0.003,0.927
801500,0.013,0.020,0.967
802000,0.026,0.012,0.962
802500,0.029,0.015,0.956
803000,0.036,0.005,0.959
803500,0.013,0.027,0.960
804000,0.067,0.000,0.933
804500,0.040,0.012,0.948
805000,0.013,0.006,0.981
805500,0.033,0.000,0.967
806000,0.050,0.010,0.940
806500,0.017,0.035,0.948
807000,0.025,0.004,0.971
807500,0.041,0.004,0.955
808000,0.041,0.001,0.958
808500,0.045,0.016,0.939
809000,0.045,0.018,0.937
809500,0.040,0.021,0.939
810000,0.046,0.011,0.943
810500,0.063,0.008,0.929
811000,0.043,0.000,0.957
811500,0.079,0.000,0.921
812000,0.040,0.002,0.958
812500,0.026,0.021,0.953
813000,0.018,0.010,0.972
813500,0.030,0.032,0.938
814000,0.066,0.000,0.934
814500,0.065,0.008,0.927
815000,0.072,0.003,0.925
815500,0.012,0.002,0.986
816000,0.046,0.001,0.953
816500,0.022,0.034,0.944
817000,0.035,0.022,0.943
817500,0.068,0.006,0.926
818000,0.011,0.016,0.973
818500,0.054,0.007,0.939
819000,0.014,0.022,0.964
819500,0.057,0.008,0.935
820000,0.033,0.018,0.949
820500,0.040,0.018,0.942
821000,0.011,0.016,0.973
821500,0.036,0.007,0.957
822000,0.012,0.024,0.964
822500,0.014,0.027,0.959
823000,0.074,0.005,0.921
823500,0.011,0.015,0.974
824000,0.034,0.022,0.944
824500,0.032,0.002,0.966
825000,0.037,0.017,0.946
825500,0.099,0.014,0.887
826000,0.038,0.002,0.960
826500,0.040,0.001,0.959
827000,0.017,0.003,0.980
827500,0.027,0.027,0.946
828000,0.020,0.007,0.973
828500,0.028,0.028,0.944
829000,0.035,0.005,0.960
829500,0.037,0.015,0.948
830000,0.032,0.020,0.948
830500,0.065,0.001,0.934
831000,0.023,0.010,0.967
831500,0.032,0.026,0.942
832000,0.063,0.005,0.932
832500,0.014,0.022,0.964
833000,0.012,0.002,0.986
833500,0.044,0.014,0.942
834000,0.065,0.032,0.903
834500,0.031,0.020,0.949
835000,0.010,0.031,0.959
835500,0.022,0.009,0.969
836000,0.025,0.021,0.954
836500,0.014,0.023,0.963
837000,0.041,0.014,0.945
837500,0.034,0.014,0.952
838000,0.019,0.052,0.929
838500,0.042,0.000,0.958
839000,0.022,0.014,0.964
839500,0.012,0.016,0.972
840000,0.031,0.001,0.968
840500,0.027,0.035,0.938
841000,0.014,0.025,0.961
841500,0.042,0.007,0.951
842000,0.055,0.003,0.942
842500,0.078,0.003,0.919
843000,0.039,0.016,0.945
843500,0.012,0.052,0.936
844000,0.021,0.034,0.945
844500,0.036,0.000,0.964
845000,0.011,0.028,0.961
845500,0.021,0.062,0.917
846000,0.011,0.006,0.983
846500,0.010,0.003,0.987
847000,0.040,0.000,0.960
847500,0.038,0.000,0.962
848000,0.039,0.009,0.952
848500,0.022,0.021,0.957
849000,0.010,0.019,0.971
849500,0.026,0.003,0.971
850000,0.067,0.000,0.933
850500,0.047,0.006,0.947
851000,0.063,0.005,0.932
851500,0.037,0.002,0.961
852000,0.035,0.003,0.962
852500,0.060,0.002,0.938
853000,0.012,0.038,0.950
853500,0.031,0.002,0.967
854000,0.033,0.012,0.955
854500,0.049,0.016,0.935
855000,0.049,0.007,0.944
855500,0.037,0.022,0.941
856000,0.077,0.007,0.916
856500,0.046,0.045,0.909
857000,0.046,0.021,0.933
857500,0.043,0.024,0.933
858000,0.028,0.038,0.934
858500,0.022,0.024,0.954
859000,0.010,0.086,0.904
859500,0.014,0.017,0.969
860000,0.024,0.027,0.949
860500,0.010,0.023,0.967
861000,0.032,0.003,0.965
861500,0.026,0.004,0.970
862000,0.045,0.018,0.937
862500,0.028,0.060,0.912
863000,0.019,0.011,0.970
863500,0.047,0.019,0.934
864000,0.073,0.000,0.927
864500,0.068,0.000,0.932
865000,0.045,0.001,0.954
865500,0.034,0.000,0.966
866000,0.125,0.000,0.875
866500,0.026,0.015,0.959
867000,0.016,0.023,0.961
867500,0.013,0.008,0.979
868000,0.060,0.002,0.938
868500,0.085,0.005,0.910
869000,0.028,0.000,0.972
869500,0.019,0.029,0.952
870000,0.011,0.016,0.973
870500,0.029,0.017,0.954
871000,0.026,0.014,0.960
871500,0.030,0.052,0.918
872000,0.030,0.011,0.959
872500,0.015,0.054,0.931
873000,0.010,0.044,0.946
873500,0.027,0.028,0.945
874000,0.010,0.061,0.929
874500,0.012,0.017,0.971
875000,0.029,0.018,0.953
875500,0.035,0.004,0.961
876000,0.038,0.016,0.946
876500,0.031,0.010,0.959
877000,0.045,0.009,0.946
877500,0.018,0.034,0.948
878000,0.047,0.013,0.940
878500,0.012,0.029,0.959
879000,0.066,0.000,0.934
879500,0.042,0.020,0.938
880000,0.030,0.009,0.961
880500,0.041,0.009,0.950
881000,0.024,0.026,0.950
881500,0.052,0.000,0.948
882000,0.027,0.012,0.961
882500,0.044,0.006,0.950
883000,0.021,0.035,0.944
883500,0.011,0.038,0.951
884000,0.035,0.035,0.930
884500,0.068,0.002,0.930
885000,0.019,0.012,0.969
885500,0.025,0.000,0.975
886000,0.096,0.002,0.902
886500,0.073,0.000,0.927
887000,0.040,0.044,0.916
887500,0.022,0.009,0.969
888000,0.015,0.061,0.924
888500,0.051,0.013,0.936
889000,0.084,0.006,0.910
889500,0.022,0.010,0.968
890000,0.089,0.002,0.909
890500,0.048,0.016,0.936
891000,0.074,0.002,0.924
891500,0.011,0.016,0.973
892000,0.048,0.002,0.950
892500,0.042,0.009,0.949
893000,0.037,0.008,0.955
893500,0.062,0.007,0.931
894000,0.051,0.000,0.949
894500,0.049,0.000,0.951
895000,0.048,0.008,0.944
895500,0.017,0.001,0.982
896000,0.032,0.023,0.945
896500,0.058,0.025,0.917
897000,0.027,0.026,0.947
897500,0.034,0.028,0.938
898000,0.060,0.022,0.918
898500,0.072,0.000,0.928
899000,0.042,0.019,0.939
899500,0.027,0.001,0.972
900000,0.032,0.048,0.920
900500,0.012,0.022,0.966
901000,0.062,0.001,0.937
901500,0.026,0.011,0.963
902000,0.032,0.016,0.952
902500,0.019,0.005,0.976
903000,0.038,0.001,0.961
903500,0.010,0.044,0.946
904000,0.027,0.056,0.917
904500,0.039,0.019,0.942
905000,0.031,0.039,0.930
905500,0.025,0.050,0.925
906000,0.055,0.013,0.932
906500,0.015,0.010,0.975
907000,0.028,0.001,0.971
907500,0.049,0.012,0.939
908000,0.011,0.028,0.961
908500,0.024,0.025,0.951
909000,0.014,0.026,0.960
909500,0.060,0.010,0.930
910000,0.050,0.019,0.931
910500,0.029,0.018,0.953
911000,0.049,0.010,0.941
911500,0.054,0.013,0.933
912000,0.053,0.000,0.947
912500,0.035,0.019,0.946
913000,0.065,0.002,0.933
913500,0.039,0.002,0.959
914000,0.049,0.023,0.928
914500,0.053,0.000,0.947
915000,0.029,0.041,0.930
915500,0.048,0.006,0.946
916000,0.037,0.017,0.946
916500,0.078,0.000,0.922
917000,0.044,0.002,0.954
917500,0.020,0.026,0.954
918000,0.033,0.035,0.932
918500,0.020,0.009,0.971
919000,0.032,0.077,0.891
919500,0.033,0.035,0.932
920000,0.048,0.022,0.930
920500,0.019,0.051,0.930
921000,0.010,0.012,0.978
921500,0.027,0.014,0.959
922000,0.061,0.001,0.938
922500,0.031,0.033,0.936
923000,0.057,0.016,0.927
923500,0.050,0.004,0.946
924000,0.045,0.016,0.939
924500,0.047,0.012,0.941
925000,0.065,0.009,0.926
925500,0.045,0.053,0.902
926000,0.095,0.000,0.905
926500,0.012,0.029,0.959
927000,0.031,0.000,0.969
927500,0.010,0.023,0.967
928000,0.019,0.038,0.943
928500,0.020,0.053,0.927
929000,0.016,0.015,0.969
929500,0.020,0.017,0.963
930000,0.029,0.018,0.953
930500,0.116,0.000,0.884
931000,0.017,0.016,0.967
931500,0.017,0.002,0.981
932000,0.036,0.004,0.960
932500,0.018,0.045,0.937
933000,0.010,0.050,0.940
933500,0.048,0.041,0.911
934000,0.034,0.008,0.958
934500,0.054,0.000,0.946
935000,0.077,0.000,0.923
935500,0.026,0.007,0.967
936000,0.060,0.005,0.935
936500,0.038,0.018,0.944
937000,0.039,0.001,0.960
937500,0.059,0.000,0.941
938000,0.030,0.007,0.963
938500,0.030,0.019,0.951
939000,0.025,0.009,0.966
939500,0.039,0.015,0.946
940000,0.011,0.013,0.976
940500,0.012,0.060,0.928
941000,0.023,0.029,0.948
941500,0.019,0.013,0.968
942000,0.047,0.000,0.953
942500,0.043,0.015,0.942
943000,0.028,0.001,0.971
943500,0.063,0.015,0.922
944000,0.012,0.047,0.941
944500,0.036,0.001,0.963
945000,0.051,0.010,0.939
945500,0.037,0.005,0.958
946000,0.048,0.007,0.945
946500,0.029,0.010,0.961
947000,0.091,0.000,0.909
947500,0.029,0.030,0.941
948000,0.034,0.002,0.964
948500,0.029,0.015,0.956
949000,0.026,0.025,0.949
949500,0.060,0.001,0.939
950000,0.030,0.001,0.969
950500,0.052,0.001,0.947
951000,0.030,0.005,0.965
951500,0.060,0.001,0.939
952000,0.034,0.000,0.966
952500,0.062,0.020,0.918
953000,0.043,0.010,0.947
953500,0.023,0.035,0.942
954000,0.018,0.018,0.964
954500,0.014,0.004,0.982
955000,0.050,0.020,0.930
955500,0.060,0.000,0.940
956000,0.010,0.032,0.958
956500,0.026,0.020,0.954
957000,0.041,0.002,0.957
957500,0.023,0.039,0.938
958000,0.033,0.009,0.958
958500,0.034,0.049,0.917
959000,0.020,0.004,0.976
959500,0.023,0.001,0.976
960000,0.036,0.021,0.943
960500,0.071,0.026,0.903
961000,0.017,0.013,0.970
961500,0.014,0.054,0.932
962000,0.033,0.025,0.942
962500,0.022,0.001,0.977
963000,0.053,0.020,0.927
963500,0.029,0.045,0.926
964000,0.010,0.018,0.972
964500,0.051,0.012,0.937
965000,0.023,0.039,0.938
965500,0.030,0.024,0.946
966000,0.066,0.023,0.911
966500,0.060,0.001,0.939
967000,0.063,0.022,0.915
967500,0.040,0.024,0.936
968000,0.071,0.001,0.928
968500,0.017,0.043,0.940
969000,0.049,0.002,0.949
969500,0.025,0.045,0.930
970000,0.010,0.040,0.950
970500,0.047,0.001,0.952
971000,0.033,0.016,0.951
971500,0.081,0.000,0.919
972000,0.030,0.008,0.962
972500,0.029,0.005,0.966
973000,0.054,0.000,0.946
973500,0.020,0.018,0.962
974000,0.022,0.017,0.961
974500,0.033,0.011,0.956
975000,0.034,0.003,0.963
975500,0.030,0.028,0.942
976000,0.025,0.040,0.935
976500,0.023,0.020,0.957
977000,0.047,0.011,0.942
977500,0.017,0.018,0.965
978000,0.027,0.019,0.954
978500,0.031,0.000,0.969
979000,0.054,0.045,0.901
979500,0.010,0.011,0.979
980000,0.031,0.035,0.934
980500,0.027,0.015,0.958
981000,0.038,0.011,0.951
981500,0.029,0.017,0.954
982000,0.045,0.003,0.952
982500,0.011,0.038,0.951
983000,0.048,0.000,0.952
983500,0.039,0.008,0.953
984000,0.014,0.029,0.957
984500,0.051,0.000,0.949
985000,0.048,0.008,0.944
985500,0.035,0.029,0.936
986000,0.054,0.004,0.942
986500,0.034,0.002,0.964
987000,0.048,0.053,0.899
987500,0.012,0.043,0.945
988000,0.035,0.029,0.936
988500,0.034,0.029,0.937
989000,0.010,0.025,0.965
989500,0.011,0.105,0.884
990000,0.013,0.046,0.941
990500,0.038,0.003,0.959
991000,0.041,0.006,0.953
991500,0.064,0.018,0.918
992000,0.012,0.022,0.966
992500,0.013,0.036,0.951
993000,0.014,0.014,0.972
993500,0.031,0.009,0.960
994000,0.056,0.027,0.917
994500,0.054,0.002,0.944
995000,0.013,0.048,0.939
995500,0.037,0.004,0.959
996000,0.015,0.030,0.955
996500,0.031,0.001,0.968
997000,0.024,0.049,0.927
997500,0.016,0.050,0.934
998000,0.029,0.024,0.947
998500,0.020,0.023,0.957
999000,0.047,0.014,0.939
999500,0.013,0.037,0.950
1000000,0.034,0.001,0.965
