time,n_A+p,n_B,n_AB
0,0.009,0.991,0.000
500,0.009,0.982,0.009
1000,0.009,0.959,0.032
1500,0.009,0.968,0.023
2000,0.009,0.945,0.046
2500,0.014,0.977,0.009
3000,0.014,0.972,0.014
3500,0.009,0.986,0.005
4000,0.014,0.972,0.014
4500,0.009,0.977,0.014
5000,0.009,0.977,0.014
5500,0.009,0.982,0.009
6000,0.009,0.977,0.014
6500,0.009,0.972,0.018
7000,0.009,0.945,0.046
7500,0.009,0.977,0.014
8000,0.014,0.972,0.014
8500,0.009,0.963,0.028
9000,0.009,0.977,0.014
9500,0.009,0.982,0.009
10000,0.009,0.959,0.032
10500,0.009,0.982,0.009
11000,0.009,0.986,0.005
11500,0.009,0.991,0.000
12000,0.009,0.977,0.014
12500,0.009,0.968,0.023
13000,0.014,0.940,0.046
13500,0.009,0.982,0.009
14000,0.009,0.991,0.000
14500,0.009,0.986,0.005
15000,0.009,0.982,0.009
15500,0.009,0.949,0.041
16000,0.009,0.968,0.023
16500,0.009,0.986,0.005
17000,0.014,0.940,0.046
17500,0.009,0.977,0.014
18000,0.009,0.972,0.018
18500,0.009,0.972,0.018
19000,0.009,0.931,0.060
19500,0.009,0.982,0.009
20000,0.009,0.986,0.005
20500,0.014,0.949,0.037
21000,0.009,0.972,0.018
21500,0.009,0.963,0.028
22000,0.009,0.982,0.009
22500,0.009,0.991,0.000
23000,0.009,0.977,0.014
23500,0.009,0.982,0.009
24000,0.009,0.963,0.028
24500,0.009,0.986,0.005
25000,0.009,0.977,0.014
25500,0.009,0.954,0.037
26000,0.009,0.977,0.014
26500,0.009,0.986,0.005
27000,0.009,0.982,0.009
27500,0.009,0.991,0.000
28000,0.009,0.963,0.028
28500,0.009,0.982,0.009
29000,0.009,0.963,0.028
29500,0.009,0.982,0.009
30000,0.009,0.982,0.009
30500,0.009,0.977,0.014
31000,0.009,0.968,0.023
31500,0.009,0.972,0.018
32000,0.009,0.982,0.009
32500,0.009,0.982,0.009
33000,0.009,0.986,0.005
33500,0.009,0.991,0.000
34000,0.009,0.986,0.005
34500,0.014,0.968,0.018
35000,0.009,0.963,0.028
35500,0.009,0.922,0.069
36000,0.009,0.972,0.018
36500,0.009,0.982,0.009
37000,0.009,0.972,0.018
37500,0.009,0.982,0.009
38000,0.009,0.977,0.014
38500,0.009,0.991,0.000
39000,0.009,0.977,0.014
39500,0.009,0.977,0.014
40000,0.009,0.959,0.032
40500,0.009,0.986,0.005
41000,0.009,0.977,0.014
41500,0.014,0.931,0.055
42000,0.014,0.968,0.018
42500,0.014,0.963,0.023
43000,0.009,0.954,0.037
43500,0.009,0.986,0.005
44000,0.009,0.982,0.009
44500,0.009,0.968,0.023
45000,0.014,0.972,0.014
45500,0.009,0.977,0.014
46000,0.018,0.945,0.037
46500,0.014,0.954,0.032
47000,0.009,0.982,0.009
47500,0.009,0.972,0.018
48000,0.009,0.986,0.005
48500,0.009,0.986,0.005
49000,0.009,0.972,0.018
49500,0.009,0.968,0.023
50000,0.009,0.977,0.014
50500,0.009,0.982,0.009
51000,0.009,0.982,0.009
51500,0.009,0.986,0.005
52000,0.009,0.959,0.032
52500,0.009,0.986,0.005
53000,0.014,0.926,0.060
53500,0.009,0.959,0.032
54000,0.009,0.968,0.023
54500,0.009,0.963,0.028
55000,0.018,0.963,0.018
55500,0.009,0.977,0.014
56000,0.009,0.977,0.014
56500,0.009,0.977,0.014
57000,0.009,0.986,0.005
57500,0.009,0.977,0.014
58000,0.009,0.977,0.014
58500,0.009,0.963,0.028
59000,0.009,0.963,0.028
59500,0.018,0.880,0.101
60000,0.023,0.912,0.065
60500,0.009,0.940,0.051
61000,0.009,0.977,0.014
61500,0.009,0.977,0.014
62000,0.009,0.982,0.009
62500,0.009,0.963,0.028
63000,0.009,0.977,0.014
63500,0.009,0.982,0.009
64000,0.009,0.977,0.014
64500,0.009,0.959,0.032
65000,0.009,0.963,0.028
65500,0.009,0.982,0.009
66000,0.009,0.963,0.028
66500,0.009,0.968,0.023
67000,0.009,0.968,0.023
67500,0.009,0.982,0.009
68000,0.009,0.982,0.009
68500,0.009,0.982,0.009
69000,0.009,0.972,0.018
69500,0.014,0.977,0.009
70000,0.009,0.986,0.005
70500,0.009,0.968,0.023
71000,0.009,0.972,0.018
71500,0.009,0.991,0.000
72000,0.014,0.945,0.041
72500,0.009,0.977,0.014
73000,0.009,0.949,0.041
73500,0.009,0.963,0.028
74000,0.018,0.935,0.046
74500,0.009,0.977,0.014
75000,0.009,0.972,0.018
75500,0.009,0.963,0.028
76000,0.009,0.968,0.023
76500,0.009,0.954,0.037
77000,0.009,0.982,0.009
77500,0.009,0.968,0.023
78000,0.009,0.954,0.037
78500,0.009,0.968,0.023
79000,0.014,0.945,0.041
79500,0.014,0.968,0.018
80000,0.018,0.940,0.041
80500,0.018,0.935,0.046
81000,0.009,0.959,0.032
81500,0.009,0.972,0.018
82000,0.009,0.972,0.018
82500,0.009,0.968,0.023
83000,0.009,0.982,0.009
83500,0.009,0.986,0.005
84000,0.009,0.982,0.009
84500,0.009,0.968,0.023
85000,0.009,0.972,0.018
85500,0.009,0.959,0.032
86000,0.009,0.968,0.023
86500,0.009,0.968,0.023
87000,0.009,0.959,0.032
87500,0.009,0.968,0.023
88000,0.018,0.963,0.018
88500,0.009,0.954,0.037
89000,0.009,0.963,0.028
89500,0.009,0.972,0.018
90000,0.009,0.968,0.023
90500,0.014,0.972,0.014
91000,0.009,0.949,0.041
91500,0.009,0.982,0.009
92000,0.009,0.972,0.018
92500,0.009,0.982,0.009
93000,0.009,0.982,0.009
93500,0.009,0.986,0.005
94000,0.009,0.986,0.005
94500,0.009,0.982,0.009
95000,0.014,0.940,0.046
95500,0.009,0.963,0.028
96000,0.009,0.986,0.005
96500,0.009,0.972,0.018
97000,0.009,0.963,0.028
97500,0.014,0.959,0.028
98000,0.009,0.945,0.046
98500,0.009,0.963,0.028
99000,0.009,0.968,0.023
99500,0.009,0.991,0.000
100000,0.009,0.986,0.005
100500,0.009,0.982,0.009
101000,0.009,0.972,0.018
101500,0.009,0.986,0.005
102000,0.009,0.986,0.005
102500,0.009,0.972,0.018
103000,0.009,0.945,0.046
103500,0.009,0.959,0.032
104000,0.009,0.959,0.032
104500,0.009,0.986,0.005
105000,0.009,0.977,0.014
105500,0.014,0.954,0.032
106000,0.014,0.912,0.074
106500,0.014,0.959,0.028
107000,0.009,0.968,0.023
107500,0.009,0.959,0.032
108000,0.014,0.959,0.028
108500,0.009,0.977,0.014
109000,0.014,0.940,0.046
109500,0.009,0.945,0.046
110000,0.009,0.986,0.005
110500,0.009,0.959,0.032
111000,0.009,0.959,0.032
111500,0.009,0.968,0.023
112000,0.009,0.977,0.014
112500,0.009,0.954,0.037
113000,0.009,0.977,0.014
113500,0.009,0.968,0.023
114000,0.009,0.963,0.028
114500,0.018,0.963,0.018
115000,0.009,0.977,0.014
115500,0.009,0.982,0.009
116000,0.009,0.982,0.009
116500,0.018,0.949,0.032
117000,0.023,0.931,0.046
117500,0.014,0.935,0.051
118000,0.009,0.949,0.041
118500,0.009,0.972,0.018
119000,0.009,0.982,0.009
119500,0.014,0.968,0.018
120000,0.018,0.935,0.046
120500,0.014,0.935,0.051
121000,0.009,0.945,0.046
121500,0.009,0.982,0.009
122000,0.014,0.982,0.005
122500,0.014,0.972,0.014
123000,0.009,0.972,0.018
123500,0.023,0.945,0.032
124000,0.014,0.931,0.055
124500,0.014,0.963,0.023
125000,0.009,0.968,0.023
125500,0.009,0.949,0.041
126000,0.009,0.968,0.023
126500,0.009,0.972,0.018
127000,0.009,0.959,0.032
127500,0.014,0.954,0.032
128000,0.009,0.972,0.018
128500,0.009,0.986,0.005
129000,0.009,0.963,0.028
129500,0.009,0.959,0.032
130000,0.009,0.968,0.023
130500,0.009,0.972,0.018
131000,0.009,0.972,0.018
131500,0.009,0.982,0.009
132000,0.009,0.968,0.023
132500,0.009,0.968,0.023
133000,0.009,0.982,0.009
133500,0.009,0.977,0.014
134000,0.009,0.968,0.023
134500,0.014,0.940,0.046
135000,0.009,0.986,0.005
135500,0.009,0.972,0.018
136000,0.009,0.991,0.000
136500,0.009,0.926,0.065
137000,0.009,0.959,0.032
137500,0.009,0.982,0.009
138000,0.009,0.982,0.009
138500,0.009,0.959,0.032
139000,0.009,0.954,0.037
139500,0.009,0.963,0.028
140000,0.018,0.959,0.023
140500,0.009,0.959,0.032
141000,0.009,0.968,0.023
141500,0.018,0.954,0.028
142000,0.014,0.968,0.018
142500,0.009,0.991,0.000
143000,0.009,0.977,0.014
143500,0.009,0.991,0.000
144000,0.009,0.963,0.028
144500,0.009,0.963,0.028
145000,0.014,0.972,0.014
145500,0.009,0.986,0.005
146000,0.009,0.968,0.023
146500,0.009,0.963,0.028
147000,0.014,0.945,0.041
147500,0.009,0.982,0.009
148000,0.009,0.977,0.014
148500,0.009,0.963,0.028
149000,0.014,0.908,0.078
149500,0.009,0.935,0.055
150000,0.014,0.972,0.014
150500,0.009,0.972,0.018
151000,0.009,0.986,0.005
151500,0.009,0.972,0.018
152000,0.014,0.959,0.028
152500,0.014,0.940,0.046
153000,0.014,0.968,0.018
153500,0.009,0.968,0.023
154000,0.009,0.926,0.065
154500,0.009,0.982,0.009
155000,0.009,0.972,0.018
155500,0.009,0.977,0.014
156000,0.009,0.991,0.000
156500,0.009,0.991,0.000
157000,0.009,0.959,0.032
157500,0.014,0.963,0.023
158000,0.009,0.945,0.046
158500,0.018,0.954,0.028
159000,0.014,0.959,0.028
159500,0.009,0.959,0.032
160000,0.009,0.982,0.009
160500,0.009,0.982,0.009
161000,0.009,0.982,0.009
161500,0.009,0.977,0.014
162000,0.018,0.945,0.037
162500,0.009,0.954,0.037
163000,0.009,0.959,0.032
163500,0.009,0.959,0.032
164000,0.009,0.968,0.023
164500,0.009,0.949,0.041
165000,0.009,0.931,0.060
165500,0.009,0.968,0.023
166000,0.009,0.968,0.023
166500,0.009,0.968,0.023
167000,0.009,0.982,0.009
167500,0.009,0.977,0.014
168000,0.009,0.977,0.014
168500,0.009,0.963,0.028
169000,0.014,0.954,0.032
169500,0.009,0.959,0.032
170000,0.009,0.977,0.014
170500,0.009,0.968,0.023
171000,0.009,0.986,0.005
171500,0.009,0.963,0.028
172000,0.009,0.963,0.028
172500,0.014,0.935,0.051
173000,0.009,0.977,0.014
173500,0.009,0.968,0.023
174000,0.009,0.982,0.009
174500,0.009,0.963,0.028
175000,0.009,0.982,0.009
175500,0.014,0.954,0.032
176000,0.009,0.935,0.055
176500,0.009,0.972,0.018
177000,0.009,0.982,0.009
177500,0.032,0.931,0.037
178000,0.023,0.935,0.041
178500,0.009,0.949,0.041
179000,0.009,0.968,0.023
179500,0.014,0.977,0.009
180000,0.014,0.963,0.023
180500,0.014,0.968,0.018
181000,0.009,0.991,0.000
181500,0.009,0.982,0.009
182000,0.009,0.986,0.005
182500,0.009,0.982,0.009
183000,0.009,0.986,0.005
183500,0.009,0.963,0.028
184000,0.018,0.954,0.028
184500,0.009,0.963,0.028
185000,0.009,0.949,0.041
185500,0.009,0.972,0.018
186000,0.018,0.963,0.018
186500,0.009,0.986,0.005
187000,0.009,0.972,0.018
187500,0.009,0.963,0.028
188000,0.009,0.949,0.041
188500,0.009,0.972,0.018
189000,0.009,0.968,0.023
189500,0.009,0.972,0.018
190000,0.009,0.986,0.005
190500,0.009,0.959,0.032
191000,0.009,0.963,0.028
191500,0.009,0.972,0.018
192000,0.009,0.991,0.000
192500,0.009,0.991,0.000
193000,0.009,0.972,0.018
193500,0.009,0.968,0.023
194000,0.009,0.972,0.018
194500,0.009,0.968,0.023
195000,0.009,0.977,0.014
195500,0.009,0.977,0.014
196000,0.009,0.977,0.014
196500,0.009,0.963,0.028
197000,0.014,0.963,0.023
197500,0.009,0.972,0.018
198000,0.009,0.972,0.018
198500,0.009,0.963,0.028
199000,0.009,0.986,0.005
199500,0.009,0.963,0.028
200000,0.009,0.968,0.023
200500,0.009,0.982,0.009
201000,0.009,0.972,0.018
201500,0.009,0.968,0.023
202000,0.009,0.949,0.041
202500,0.009,0.972,0.018
203000,0.009,0.982,0.009
203500,0.009,0.903,0.088
204000,0.018,0.899,0.083
204500,0.023,0.949,0.028
205000,0.009,0.982,0.009
205500,0.009,0.977,0.014
206000,0.009,0.982,0.009
206500,0.009,0.982,0.009
207000,0.009,0.977,0.014
207500,0.009,0.954,0.037
208000,0.009,0.968,0.023
208500,0.009,0.977,0.014
209000,0.009,0.968,0.023
209500,0.014,0.959,0.028
210000,0.009,0.945,0.046
210500,0.009,0.972,0.018
211000,0.009,0.968,0.023
211500,0.009,0.968,0.023
212000,0.009,0.968,0.023
212500,0.009,0.963,0.028
213000,0.009,0.986,0.005
213500,0.009,0.963,0.028
214000,0.009,0.982,0.009
214500,0.009,0.986,0.005
215000,0.009,0.977,0.014
215500,0.009,0.982,0.009
216000,0.009,0.972,0.018
216500,0.014,0.954,0.032
217000,0.009,0.949,0.041
217500,0.009,0.982,0.009
218000,0.009,0.972,0.018
218500,0.009,0.968,0.023
219000,0.014,0.940,0.046
219500,0.009,0.945,0.046
220000,0.014,0.963,0.023
220500,0.014,0.954,0.032
221000,0.009,0.991,0.000
221500,0.014,0.968,0.018
222000,0.009,0.963,0.028
222500,0.009,0.991,0.000
223000,0.009,0.968,0.023
223500,0.009,0.982,0.009
224000,0.009,0.949,0.041
224500,0.009,0.963,0.028
225000,0.009,0.982,0.009
225500,0.014,0.972,0.014
226000,0.009,0.991,0.000
226500,0.009,0.963,0.028
227000,0.009,0.972,0.018
227500,0.009,0.945,0.046
228000,0.009,0.949,0.041
228500,0.009,0.963,0.028
229000,0.014,0.954,0.032
229500,0.018,0.917,0.065
230000,0.009,0.972,0.018
230500,0.009,0.986,0.005
231000,0.009,0.968,0.023
231500,0.009,0.972,0.018
232000,0.009,0.935,0.055
232500,0.009,0.968,0.023
233000,0.009,0.977,0.014
233500,0.009,0.986,0.005
234000,0.009,0.977,0.014
234500,0.009,0.982,0.009
235000,0.009,0.986,0.005
235500,0.014,0.949,0.037
236000,0.009,0.972,0.018
236500,0.009,0.982,0.009
237000,0.009,0.968,0.023
237500,0.014,0.982,0.005
238000,0.009,0.968,0.023
238500,0.009,0.972,0.018
239000,0.009,0.986,0.005
239500,0.009,0.954,0.037
240000,0.009,0.972,0.018
240500,0.009,0.986,0.005
241000,0.009,0.986,0.005
241500,0.009,0.982,0.009
242000,0.009,0.982,0.009
242500,0.009,0.968,0.023
243000,0.009,0.949,0.041
243500,0.014,0.977,0.009
244000,0.009,0.977,0.014
244500,0.009,0.982,0.009
245000,0.009,0.991,0.000
245500,0.009,0.982,0.009
246000,0.009,0.972,0.018
246500,0.009,0.977,0.014
247000,0.009,0.972,0.018
247500,0.009,0.968,0.023
248000,0.009,0.982,0.009
248500,0.009,0.968,0.023
249000,0.009,0.986,0.005
249500,0.009,0.986,0.005
250000,0.009,0.972,0.018
250500,0.009,0.986,0.005
251000,0.009,0.986,0.005
251500,0.009,0.954,0.037
252000,0.009,0.977,0.014
252500,0.009,0.954,0.037
253000,0.009,0.977,0.014
253500,0.009,0.963,0.028
254000,0.009,0.991,0.000
254500,0.009,0.963,0.028
255000,0.009,0.968,0.023
255500,0.009,0.954,0.037
256000,0.009,0.968,0.023
256500,0.009,0.982,0.009
257000,0.009,0.986,0.005
257500,0.009,0.991,0.000
258000,0.009,0.982,0.009
258500,0.009,0.986,0.005
259000,0.009,0.982,0.009
259500,0.009,0.982,0.009
260000,0.009,0.977,0.014
260500,0.014,0.986,0.000
261000,0.009,0.977,0.014
261500,0.009,0.959,0.032
262000,0.009,0.972,0.018
262500,0.009,0.986,0.005
263000,0.009,0.959,0.032
263500,0.009,0.982,0.009
264000,0.009,0.986,0.005
264500,0.018,0.959,0.023
265000,0.009,0.954,0.037
265500,0.009,0.963,0.028
266000,0.009,0.986,0.005
266500,0.009,0.968,0.023
267000,0.009,0.982,0.009
267500,0.009,0.977,0.014
268000,0.014,0.940,0.046
268500,0.009,0.963,0.028
269000,0.009,0.972,0.018
269500,0.009,0.982,0.009
270000,0.009,0.986,0.005
270500,0.009,0.986,0.005
271000,0.009,0.972,0.018
271500,0.014,0.963,0.023
272000,0.009,0.959,0.032
272500,0.009,0.982,0.009
273000,0.009,0.977,0.014
273500,0.009,0.986,0.005
274000,0.009,0.986,0.005
274500,0.009,0.986,0.005
275000,0.009,0.959,0.032
275500,0.009,0.972,0.018
276000,0.009,0.977,0.014
276500,0.009,0.963,0.028
277000,0.014,0.968,0.018
277500,0.009,0.977,0.014
278000,0.009,0.954,0.037
278500,0.009,0.986,0.005
279000,0.009,0.972,0.018
279500,0.009,0.968,0.023
280000,0.009,0.977,0.014
280500,0.009,0.977,0.014
281000,0.009,0.982,0.009
281500,0.009,0.991,0.000
282000,0.014,0.963,0.023
282500,0.009,0.972,0.018
283000,0.009,0.977,0.014
283500,0.009,0.968,0.023
284000,0.014,0.968,0.018
284500,0.009,0.959,0.032
285000,0.009,0.949,0.041
285500,0.009,0.986,0.005
286000,0.009,0.991,0.000
286500,0.009,0.982,0.009
287000,0.009,0.991,0.000
287500,0.009,0.986,0.005
288000,0.009,0.977,0.014
288500,0.009,0.968,0.023
289000,0.009,0.982,0.009
289500,0.009,0.982,0.009
290000,0.009,0.977,0.014
290500,0.009,0.972,0.018
291000,0.009,0.986,0.005
291500,0.014,0.954,0.032
292000,0.009,0.959,0.032
292500,0.009,0.949,0.041
293000,0.009,0.986,0.005
293500,0.009,0.954,0.037
294000,0.009,0.977,0.014
294500,0.009,0.991,0.000
295000,0.009,0.959,0.032
295500,0.009,0.986,0.005
296000,0.009,0.982,0.009
296500,0.009,0.977,0.014
297000,0.009,0.986,0.005
297500,0.009,0.926,0.065
298000,0.009,0.972,0.018
298500,0.009,0.963,0.028
299000,0.009,0.982,0.009
299500,0.018,0.968,0.014
300000,0.009,0.968,0.023
300500,0.009,0.991,0.000
301000,0.018,0.977,0.005
301500,0.009,0.982,0.009
302000,0.009,0.968,0.023
302500,0.009,0.968,0.023
303000,0.009,0.986,0.005
303500,0.009,0.986,0.005
304000,0.009,0.972,0.018
304500,0.009,0.986,0.005
305000,0.009,0.986,0.005
305500,0.009,0.954,0.037
306000,0.009,0.991,0.000
306500,0.009,0.977,0.014
307000,0.009,0.977,0.014
307500,0.009,0.972,0.018
308000,0.009,0.949,0.041
308500,0.014,0.954,0.032
309000,0.009,0.968,0.023
309500,0.009,0.977,0.014
310000,0.009,0.972,0.018
310500,0.009,0.949,0.041
311000,0.009,0.986,0.005
311500,0.014,0.977,0.009
312000,0.009,0.959,0.032
312500,0.009,0.972,0.018
313000,0.009,0.972,0.018
313500,0.009,0.959,0.032
314000,0.009,0.977,0.014
314500,0.009,0.982,0.009
315000,0.009,0.954,0.037
315500,0.014,0.954,0.032
316000,0.009,0.986,0.005
316500,0.009,0.963,0.028
317000,0.009,0.972,0.018
317500,0.009,0.935,0.055
318000,0.009,0.940,0.051
318500,0.018,0.968,0.014
319000,0.014,0.963,0.023
319500,0.009,0.972,0.018
320000,0.009,0.963,0.028
320500,0.009,0.972,0.018
321000,0.009,0.972,0.018
321500,0.009,0.986,0.005
322000,0.009,0.963,0.028
322500,0.009,0.982,0.009
323000,0.009,0.982,0.009
323500,0.009,0.991,0.000
324000,0.009,0.972,0.018
324500,0.009,0.986,0.005
325000,0.009,0.982,0.009
325500,0.009,0.954,0.037
326000,0.009,0.986,0.005
326500,0.009,0.982,0.009
327000,0.009,0.968,0.023
327500,0.009,0.972,0.018
328000,0.009,0.977,0.014
328500,0.009,0.968,0.023
329000,0.009,0.972,0.018
329500,0.009,0.972,0.018
330000,0.009,0.949,0.041
330500,0.009,0.986,0.005
331000,0.009,0.982,0.009
331500,0.009,0.982,0.009
332000,0.009,0.977,0.014
332500,0.009,0.977,0.014
333000,0.018,0.954,0.028
333500,0.009,0.977,0.014
334000,0.009,0.954,0.037
334500,0.009,0.977,0.014
335000,0.009,0.977,0.014
335500,0.009,0.968,0.023
336000,0.009,0.959,0.032
336500,0.009,0.963,0.028
337000,0.009,0.982,0.009
337500,0.009,0.982,0.009
338000,0.009,0.968,0.023
338500,0.009,0.963,0.028
339000,0.009,0.945,0.046
339500,0.009,0.954,0.037
340000,0.009,0.982,0.009
340500,0.009,0.982,0.009
341000,0.014,0.977,0.009
341500,0.009,0.959,0.032
342000,0.009,0.968,0.023
342500,0.014,0.959,0.028
343000,0.009,0.977,0.014
343500,0.009,0.963,0.028
344000,0.009,0.982,0.009
344500,0.009,0.991,0.000
345000,0.009,0.982,0.009
345500,0.009,0.977,0.014
346000,0.009,0.963,0.028
346500,0.009,0.972,0.018
347000,0.009,0.982,0.009
347500,0.009,0.968,0.023
348000,0.009,0.977,0.014
348500,0.023,0.945,0.032
349000,0.014,0.963,0.023
349500,0.009,0.935,0.055
350000,0.009,0.972,0.018
350500,0.009,0.959,0.032
351000,0.009,0.986,0.005
351500,0.009,0.977,0.014
352000,0.014,0.954,0.032
352500,0.009,0.963,0.028
353000,0.009,0.986,0.005
353500,0.009,0.982,0.009
354000,0.009,0.972,0.018
354500,0.009,0.982,0.009
355000,0.009,0.977,0.014
355500,0.009,0.986,0.005
356000,0.009,0.982,0.009
356500,0.009,0.977,0.014
357000,0.009,0.991,0.000
357500,0.009,0.977,0.014
358000,0.009,0.991,0.000
358500,0.009,0.986,0.005
359000,0.009,0.959,0.032
359500,0.009,0.963,0.028
360000,0.009,0.982,0.009
360500,0.009,0.945,0.046
361000,0.009,0.954,0.037
361500,0.009,0.959,0.032
362000,0.009,0.940,0.051
362500,0.009,0.945,0.046
363000,0.009,0.963,0.028
363500,0.014,0.940,0.046
364000,0.009,0.954,0.037
364500,0.018,0.959,0.023
365000,0.018,0.949,0.032
365500,0.014,0.972,0.014
366000,0.009,0.968,0.023
366500,0.009,0.977,0.014
367000,0.009,0.972,0.018
367500,0.009,0.977,0.014
368000,0.009,0.982,0.009
368500,0.009,0.959,0.032
369000,0.009,0.968,0.023
369500,0.009,0.977,0.014
370000,0.009,0.977,0.014
370500,0.009,0.972,0.018
371000,0.009,0.972,0.018
371500,0.009,0.986,0.005
372000,0.009,0.982,0.009
372500,0.009,0.977,0.014
373000,0.009,0.977,0.014
373500,0.009,0.977,0.014
374000,0.009,0.982,0.009
374500,0.009,0.982,0.009
375000,0.009,0.986,0.005
375500,0.009,0.977,0.014
376000,0.009,0.982,0.009
376500,0.009,0.991,0.000
377000,0.009,0.954,0.037
377500,0.018,0.940,0.041
378000,0.009,0.982,0.009
378500,0.009,0.982,0.009
379000,0.018,0.977,0.005
379500,0.009,0.954,0.037
380000,0.009,0.977,0.014
380500,0.009,0.986,0.005
381000,0.009,0.977,0.014
381500,0.009,0.968,0.023
382000,0.009,0.986,0.005
382500,0.009,0.977,0.014
383000,0.009,0.982,0.009
383500,0.009,0.977,0.014
384000,0.009,0.968,0.023
384500,0.009,0.963,0.028
385000,0.009,0.991,0.000
385500,0.009,0.977,0.014
386000,0.009,0.963,0.028
386500,0.014,0.968,0.018
387000,0.009,0.972,0.018
387500,0.009,0.991,0.000
388000,0.009,0.968,0.023
388500,0.009,0.982,0.009
389000,0.009,0.977,0.014
389500,0.009,0.972,0.018
390000,0.009,0.954,0.037
390500,0.009,0.977,0.014
391000,0.009,0.977,0.014
391500,0.009,0.977,0.014
392000,0.009,0.972,0.018
392500,0.009,0.982,0.009
393000,0.009,0.991,0.000
393500,0.009,0.986,0.005
394000,0.009,0.986,0.005
394500,0.009,0.982,0.009
395000,0.009,0.986,0.005
395500,0.009,0.982,0.009
396000,0.009,0.986,0.005
396500,0.009,0.972,0.018
397000,0.009,0.982,0.009
397500,0.009,0.972,0.018
398000,0.009,0.968,0.023
398500,0.009,0.977,0.014
399000,0.009,0.972,0.018
399500,0.009,0.991,0.000
400000,0.023,0.940,0.037
400500,0.009,0.963,0.028
401000,0.009,0.963,0.028
401500,0.009,0.963,0.028
402000,0.009,0.972,0.018
402500,0.009,0.986,0.005
403000,0.009,0.982,0.009
403500,0.014,0.940,0.046
404000,0.014,0.945,0.041
404500,0.014,0.963,0.023
405000,0.009,0.972,0.018
405500,0.009,0.977,0.014
406000,0.009,0.986,0.005
406500,0.014,0.949,0.037
407000,0.009,0.977,0.014
407500,0.009,0.982,0.009
408000,0.009,0.986,0.005
408500,0.009,0.977,0.014
409000,0.009,0.977,0.014
409500,0.009,0.986,0.005
410000,0.009,0.977,0.014
410500,0.009,0.986,0.005
411000,0.009,0.986,0.005
411500,0.014,0.917,0.069
412000,0.009,0.968,0.023
412500,0.009,0.982,0.009
413000,0.009,0.977,0.014
413500,0.009,0.982,0.009
414000,0.009,0.972,0.018
414500,0.014,0.972,0.014
415000,0.009,0.982,0.009
415500,0.009,0.963,0.028
416000,0.009,0.959,0.032
416500,0.009,0.949,0.041
417000,0.009,0.968,0.023
417500,0.009,0.972,0.018
418000,0.009,0.982,0.009
418500,0.009,0.986,0.005
419000,0.009,0.972,0.018
419500,0.009,0.986,0.005
420000,0.009,0.954,0.037
420500,0.009,0.968,0.023
421000,0.009,0.940,0.051
421500,0.009,0.977,0.014
422000,0.009,0.982,0.009
422500,0.009,0.972,0.018
423000,0.009,0.986,0.005
423500,0.009,0.977,0.014
424000,0.009,0.954,0.037
424500,0.009,0.972,0.018
425000,0.009,0.949,0.041
425500,0.009,0.968,0.023
426000,0.009,0.963,0.028
426500,0.009,0.959,0.032
427000,0.014,0.954,0.032
427500,0.018,0.931,0.051
428000,0.009,0.954,0.037
428500,0.009,0.940,0.051
429000,0.009,0.959,0.032
429500,0.009,0.986,0.005
430000,0.009,0.968,0.023
430500,0.009,0.986,0.005
431000,0.009,0.963,0.028
431500,0.009,0.963,0.028
432000,0.009,0.977,0.014
432500,0.009,0.986,0.005
433000,0.009,0.986,0.005
433500,0.009,0.977,0.014
434000,0.009,0.982,0.009
434500,0.014,0.959,0.028
435000,0.009,0.977,0.014
435500,0.009,0.963,0.028
436000,0.014,0.949,0.037
436500,0.009,0.972,0.018
437000,0.009,0.963,0.028
437500,0.018,0.935,0.046
438000,0.014,0.963,0.023
438500,0.014,0.949,0.037
439000,0.009,0.986,0.005
439500,0.009,0.977,0.014
440000,0.009,0.991,0.000
440500,0.009,0.977,0.014
441000,0.009,0.972,0.018
441500,0.009,0.977,0.014
442000,0.009,0.977,0.014
442500,0.009,0.959,0.032
443000,0.009,0.986,0.005
443500,0.009,0.986,0.005
444000,0.014,0.963,0.023
444500,0.009,0.935,0.055
445000,0.009,0.963,0.028
445500,0.009,0.982,0.009
446000,0.009,0.977,0.014
446500,0.009,0.986,0.005
447000,0.009,0.959,0.032
447500,0.009,0.977,0.014
448000,0.009,0.959,0.032
448500,0.009,0.968,0.023
449000,0.009,0.986,0.005
449500,0.009,0.977,0.014
450000,0.014,0.954,0.032
450500,0.009,0.991,0.000
451000,0.009,0.991,0.000
451500,0.009,0.972,0.018
452000,0.014,0.940,0.046
452500,0.009,0.982,0.009
453000,0.009,0.945,0.046
453500,0.009,0.972,0.018
454000,0.009,0.977,0.014
454500,0.009,0.968,0.023
455000,0.009,0.977,0.014
455500,0.009,0.977,0.014
456000,0.009,0.986,0.005
456500,0.009,0.963,0.028
457000,0.018,0.945,0.037
457500,0.018,0.959,0.023
458000,0.009,0.945,0.046
458500,0.009,0.972,0.018
459000,0.009,0.968,0.023
459500,0.009,0.968,0.023
460000,0.009,0.977,0.014
460500,0.009,0.982,0.009
461000,0.009,0.972,0.018
461500,0.009,0.945,0.046
462000,0.009,0.991,0.000
462500,0.009,0.982,0.009
463000,0.009,0.982,0.009
463500,0.009,0.949,0.041
464000,0.018,0.940,0.041
464500,0.009,0.982,0.009
465000,0.009,0.982,0.009
465500,0.009,0.982,0.009
466000,0.009,0.986,0.005
466500,0.009,0.977,0.014
467000,0.023,0.949,0.028
467500,0.009,0.954,0.037
468000,0.009,0.963,0.028
468500,0.009,0.977,0.014
469000,0.009,0.977,0.014
469500,0.009,0.982,0.009
470000,0.009,0.982,0.009
470500,0.009,0.977,0.014
471000,0.009,0.959,0.032
471500,0.009,0.954,0.037
472000,0.009,0.963,0.028
472500,0.009,0.982,0.009
473000,0.009,0.982,0.009
473500,0.009,0.982,0.009
474000,0.009,0.968,0.023
474500,0.009,0.963,0.028
475000,0.009,0.949,0.041
475500,0.009,0.982,0.009
476000,0.009,0.972,0.018
476500,0.009,0.972,0.018
477000,0.009,0.982,0.009
477500,0.009,0.935,0.055
478000,0.009,0.977,0.014
478500,0.009,0.991,0.000
479000,0.009,0.986,0.005
479500,0.009,0.982,0.009
480000,0.009,0.963,0.028
480500,0.009,0.982,0.009
481000,0.009,0.968,0.023
481500,0.009,0.972,0.018
482000,0.009,0.972,0.018
482500,0.009,0.926,0.065
483000,0.018,0.959,0.023
483500,0.009,0.963,0.028
484000,0.009,0.982,0.009
484500,0.009,0.968,0.023
485000,0.009,0.968,0.023
485500,0.009,0.977,0.014
486000,0.014,0.968,0.018
486500,0.009,0.968,0.023
487000,0.018,0.959,0.023
487500,0.009,0.949,0.041
488000,0.009,0.982,0.009
488500,0.009,0.982,0.009
489000,0.009,0.963,0.028
489500,0.009,0.972,0.018
490000,0.009,0.949,0.041
490500,0.014,0.922,0.065
491000,0.009,0.963,0.028
491500,0.009,0.982,0.009
492000,0.009,0.940,0.051
492500,0.009,0.954,0.037
493000,0.009,0.963,0.028
493500,0.009,0.959,0.032
494000,0.009,0.977,0.014
494500,0.009,0.977,0.014
495000,0.009,0.963,0.028
495500,0.009,0.963,0.028
496000,0.009,0.982,0.009
496500,0.009,0.977,0.014
497000,0.009,0.972,0.018
497500,0.009,0.977,0.014
498000,0.009,0.968,0.023
498500,0.009,0.982,0.009
499000,0.009,0.977,0.014
499500,0.014,0.945,0.041
500000,0.009,0.954,0.037
500500,0.009,0.991,0.000
501000,0.009,0.982,0.009
501500,0.009,0.931,0.060
502000,0.014,0.940,0.046
502500,0.009,0.945,0.046
503000,0.009,0.982,0.009
503500,0.009,0.977,0.014
504000,0.009,0.959,0.032
504500,0.009,0.977,0.014
505000,0.009,0.959,0.032
505500,0.009,0.991,0.000
506000,0.009,0.991,0.000
506500,0.009,0.986,0.005
507000,0.009,0.972,0.018
507500,0.009,0.963,0.028
508000,0.009,0.982,0.009
508500,0.009,0.968,0.023
509000,0.009,0.982,0.009
509500,0.009,0.959,0.032
510000,0.009,0.972,0.018
510500,0.009,0.977,0.014
511000,0.009,0.963,0.028
511500,0.009,0.982,0.009
512000,0.009,0.986,0.005
512500,0.009,0.963,0.028
513000,0.009,0.963,0.028
513500,0.009,0.977,0.014
514000,0.009,0.972,0.018
514500,0.009,0.959,0.032
515000,0.009,0.977,0.014
515500,0.009,0.982,0.009
516000,0.009,0.959,0.032
516500,0.018,0.954,0.028
517000,0.009,0.982,0.009
517500,0.009,0.977,0.014
518000,0.009,0.977,0.014
518500,0.009,0.977,0.014
519000,0.009,0.968,0.023
519500,0.009,0.959,0.032
520000,0.009,0.986,0.005
520500,0.014,0.954,0.032
521000,0.009,0.972,0.018
521500,0.009,0.972,0.018
522000,0.009,0.991,0.000
522500,0.009,0.954,0.037
523000,0.009,0.982,0.009
523500,0.009,0.977,0.014
524000,0.009,0.959,0.032
524500,0.009,0.968,0.023
525000,0.009,0.977,0.014
525500,0.009,0.977,0.014
526000,0.009,0.991,0.000
526500,0.009,0.963,0.028
527000,0.009,0.945,0.046
527500,0.009,0.968,0.023
528000,0.009,0.977,0.014
528500,0.009,0.959,0.032
529000,0.009,0.959,0.032
529500,0.009,0.968,0.023
530000,0.009,0.968,0.023
530500,0.009,0.963,0.028
531000,0.009,0.977,0.014
531500,0.009,0.982,0.009
532000,0.009,0.982,0.009
532500,0.009,0.972,0.018
533000,0.009,0.977,0.014
533500,0.009,0.986,0.005
534000,0.009,0.963,0.028
534500,0.009,0.972,0.018
535000,0.014,0.968,0.018
535500,0.009,0.963,0.028
536000,0.009,0.977,0.014
536500,0.018,0.931,0.051
537000,0.009,0.954,0.037
537500,0.009,0.949,0.041
538000,0.014,0.968,0.018
538500,0.009,0.954,0.037
539000,0.014,0.959,0.028
539500,0.009,0.986,0.005
540000,0.009,0.968,0.023
540500,0.009,0.963,0.028
541000,0.009,0.968,0.023
541500,0.009,0.986,0.005
542000,0.009,0.986,0.005
542500,0.009,0.977,0.014
543000,0.009,0.972,0.018
543500,0.009,0.977,0.014
544000,0.018,0.954,0.028
544500,0.014,0.949,0.037
545000,0.009,0.963,0.028
545500,0.009,0.935,0.055
546000,0.014,0.968,0.018
546500,0.009,0.982,0.009
547000,0.009,0.982,0.009
547500,0.009,0.968,0.023
548000,0.009,0.982,0.009
548500,0.009,0.991,0.000
549000,0.009,0.986,0.005
549500,0.009,0.982,0.009
550000,0.009,0.959,0.032
550500,0.018,0.912,0.069
551000,0.009,0.968,0.023
551500,0.014,0.949,0.037
552000,0.009,0.982,0.009
552500,0.009,0.972,0.018
553000,0.009,0.991,0.000
553500,0.009,0.982,0.009
554000,0.009,0.935,0.055
554500,0.009,0.972,0.018
555000,0.009,0.977,0.014
555500,0.009,0.977,0.014
556000,0.028,0.949,0.023
556500,0.009,0.982,0.009
557000,0.009,0.977,0.014
557500,0.009,0.968,0.023
558000,0.009,0.959,0.032
558500,0.009,0.972,0.018
559000,0.009,0.982,0.009
559500,0.009,0.972,0.018
560000,0.009,0.945,0.046
560500,0.009,0.977,0.014
561000,0.009,0.982,0.009
561500,0.009,0.968,0.023
562000,0.009,0.963,0.028
562500,0.009,0.968,0.023
563000,0.009,0.982,0.009
563500,0.014,0.959,0.028
564000,0.009,0.977,0.014
564500,0.009,0.954,0.037
565000,0.009,0.982,0.009
565500,0.009,0.972,0.018
566000,0.009,0.986,0.005
566500,0.009,0.977,0.014
567000,0.009,0.977,0.014
567500,0.014,0.968,0.018
568000,0.014,0.940,0.046
568500,0.009,0.972,0.018
569000,0.018,0.963,0.018
569500,0.009,0.986,0.005
570000,0.009,0.945,0.046
570500,0.009,0.963,0.028
571000,0.009,0.982,0.009
571500,0.014,0.977,0.009
572000,0.009,0.972,0.018
572500,0.009,0.991,0.000
573000,0.009,0.959,0.032
573500,0.009,0.982,0.009
574000,0.009,0.991,0.000
574500,0.009,0.986,0.005
575000,0.014,0.977,0.009
575500,0.009,0.986,0.005
576000,0.009,0.968,0.023
576500,0.009,0.963,0.028
577000,0.018,0.931,0.051
577500,0.014,0.949,0.037
578000,0.009,0.977,0.014
578500,0.018,0.959,0.023
579000,0.009,0.986,0.005
579500,0.014,0.972,0.014
580000,0.009,0.982,0.009
580500,0.009,0.977,0.014
581000,0.009,0.963,0.028
581500,0.009,0.977,0.014
582000,0.009,0.972,0.018
582500,0.009,0.982,0.009
583000,0.009,0.986,0.005
583500,0.009,0.991,0.000
584000,0.009,0.982,0.009
584500,0.009,0.972,0.018
585000,0.009,0.977,0.014
585500,0.009,0.977,0.014
586000,0.009,0.977,0.014
586500,0.014,0.972,0.014
587000,0.009,0.972,0.018
587500,0.009,0.963,0.028
588000,0.009,0.982,0.009
588500,0.009,0.968,0.023
589000,0.009,0.977,0.014
589500,0.009,0.945,0.046
590000,0.009,0.959,0.032
590500,0.018,0.963,0.018
591000,0.009,0.963,0.028
591500,0.014,0.968,0.018
592000,0.009,0.977,0.014
592500,0.014,0.963,0.023
593000,0.009,0.977,0.014
593500,0.009,0.954,0.037
594000,0.009,0.959,0.032
594500,0.009,0.986,0.005
595000,0.009,0.972,0.018
595500,0.009,0.931,0.060
596000,0.009,0.986,0.005
596500,0.009,0.963,0.028
597000,0.009,0.959,0.032
597500,0.009,0.982,0.009
598000,0.009,0.982,0.009
598500,0.014,0.963,0.023
599000,0.009,0.982,0.009
599500,0.009,0.982,0.009
600000,0.009,0.935,0.055
600500,0.009,0.968,0.023
601000,0.009,0.991,0.000
601500,0.009,0.963,0.028
602000,0.009,0.940,0.051
602500,0.009,0.959,0.032
603000,0.014,0.968,0.018
603500,0.014,0.972,0.014
604000,0.014,0.972,0.014
604500,0.009,0.963,0.028
605000,0.009,0.959,0.032
605500,0.009,0.972,0.018
606000,0.009,0.972,0.018
606500,0.009,0.982,0.009
607000,0.009,0.972,0.018
607500,0.009,0.949,0.041
608000,0.014,0.949,0.037
608500,0.009,0.954,0.037
609000,0.009,0.959,0.032
609500,0.009,0.977,0.014
610000,0.009,0.968,0.023
610500,0.009,0.986,0.005
611000,0.009,0.986,0.005
611500,0.014,0.986,0.000
612000,0.009,0.982,0.009
612500,0.009,0.982,0.009
613000,0.009,0.982,0.009
613500,0.009,0.954,0.037
614000,0.009,0.954,0.037
614500,0.009,0.986,0.005
615000,0.009,0.972,0.018
615500,0.009,0.977,0.014
616000,0.014,0.977,0.009
616500,0.018,0.963,0.018
617000,0.014,0.954,0.032
617500,0.009,0.963,0.028
618000,0.009,0.972,0.018
618500,0.009,0.972,0.018
619000,0.009,0.977,0.014
619500,0.014,0.968,0.018
620000,0.009,0.940,0.051
620500,0.014,0.949,0.037
621000,0.018,0.926,0.055
621500,0.014,0.968,0.018
622000,0.009,0.982,0.009
622500,0.009,0.977,0.014
623000,0.009,0.986,0.005
623500,0.009,0.991,0.000
624000,0.009,0.977,0.014
624500,0.009,0.972,0.018
625000,0.009,0.972,0.018
625500,0.014,0.986,0.000
626000,0.009,0.986,0.005
626500,0.009,0.972,0.018
627000,0.009,0.940,0.051
627500,0.009,0.959,0.032
628000,0.009,0.963,0.028
628500,0.009,0.963,0.028
629000,0.009,0.926,0.065
629500,0.009,0.972,0.018
630000,0.009,0.986,0.005
630500,0.009,0.986,0.005
631000,0.009,0.968,0.023
631500,0.009,0.959,0.032
632000,0.009,0.977,0.014
632500,0.009,0.972,0.018
633000,0.009,0.982,0.009
633500,0.009,0.972,0.018
634000,0.009,0.945,0.046
634500,0.014,0.968,0.018
635000,0.014,0.963,0.023
635500,0.009,0.986,0.005
636000,0.009,0.982,0.009
636500,0.009,0.972,0.018
637000,0.009,0.959,0.032
637500,0.014,0.945,0.041
638000,0.009,0.959,0.032
638500,0.009,0.963,0.028
639000,0.009,0.963,0.028
639500,0.014,0.945,0.041
640000,0.014,0.968,0.018
640500,0.009,0.977,0.014
641000,0.009,0.977,0.014
641500,0.014,0.972,0.014
642000,0.009,0.968,0.023
642500,0.023,0.917,0.060
643000,0.009,0.972,0.018
643500,0.009,0.991,0.000
644000,0.009,0.986,0.005
644500,0.009,0.954,0.037
645000,0.009,0.968,0.023
645500,0.009,0.991,0.000
646000,0.009,0.954,0.037
646500,0.009,0.986,0.005
647000,0.009,0.991,0.000
647500,0.009,0.977,0.014
648000,0.009,0.945,0.046
648500,0.009,0.968,0.023
649000,0.009,0.972,0.018
649500,0.009,0.977,0.014
650000,0.009,0.954,0.037
650500,0.009,0.986,0.005
651000,0.009,0.986,0.005
651500,0.009,0.972,0.018
652000,0.009,0.963,0.028
652500,0.009,0.945,0.046
653000,0.009,0.986,0.005
653500,0.009,0.982,0.009
654000,0.009,0.977,0.014
654500,0.009,0.982,0.009
655000,0.009,0.949,0.041
655500,0.009,0.972,0.018
656000,0.009,0.977,0.014
656500,0.014,0.940,0.046
657000,0.009,0.968,0.023
657500,0.009,0.972,0.018
658000,0.009,0.977,0.014
658500,0.009,0.977,0.014
659000,0.009,0.963,0.028
659500,0.009,0.968,0.023
660000,0.009,0.982,0.009
660500,0.009,0.982,0.009
661000,0.009,0.982,0.009
661500,0.009,0.977,0.014
662000,0.009,0.959,0.032
662500,0.009,0.963,0.028
663000,0.009,0.972,0.018
663500,0.014,0.972,0.014
664000,0.018,0.963,0.018
664500,0.009,0.931,0.060
665000,0.009,0.982,0.009
665500,0.009,0.982,0.009
666000,0.009,0.972,0.018
666500,0.009,0.968,0.023
667000,0.014,0.945,0.041
667500,0.009,0.959,0.032
668000,0.009,0.954,0.037
668500,0.009,0.945,0.046
669000,0.014,0.972,0.014
669500,0.009,0.968,0.023
670000,0.009,0.972,0.018
670500,0.014,0.982,0.005
671000,0.009,0.977,0.014
671500,0.009,0.959,0.032
672000,0.009,0.959,0.032
672500,0.014,0.949,0.037
673000,0.014,0.949,0.037
673500,0.014,0.959,0.028
674000,0.014,0.977,0.009
674500,0.014,0.959,0.028
675000,0.009,0.972,0.018
675500,0.009,0.935,0.055
676000,0.009,0.991,0.000
676500,0.009,0.986,0.005
677000,0.009,0.977,0.014
677500,0.009,0.986,0.005
678000,0.009,0.977,0.014
678500,0.009,0.986,0.005
679000,0.009,0.972,0.018
679500,0.009,0.935,0.055
680000,0.009,0.972,0.018
680500,0.009,0.963,0.028
681000,0.009,0.963,0.028
681500,0.009,0.977,0.014
682000,0.009,0.968,0.023
682500,0.014,0.968,0.018
683000,0.009,0.949,0.041
683500,0.009,0.977,0.014
684000,0.009,0.977,0.014
684500,0.009,0.986,0.005
685000,0.009,0.986,0.005
685500,0.009,0.982,0.009
686000,0.009,0.977,0.014
686500,0.009,0.982,0.009
687000,0.009,0.972,0.018
687500,0.009,0.972,0.018
688000,0.009,0.972,0.018
688500,0.009,0.963,0.028
689000,0.009,0.949,0.041
689500,0.009,0.940,0.051
690000,0.009,0.968,0.023
690500,0.009,0.977,0.014
691000,0.014,0.977,0.009
691500,0.009,0.954,0.037
692000,0.009,0.949,0.041
692500,0.009,0.963,0.028
693000,0.014,0.963,0.023
693500,0.009,0.968,0.023
694000,0.009,0.963,0.028
694500,0.009,0.982,0.009
695000,0.009,0.959,0.032
695500,0.009,0.982,0.009
696000,0.009,0.954,0.037
696500,0.009,0.972,0.018
697000,0.009,0.977,0.014
697500,0.014,0.949,0.037
698000,0.009,0.977,0.014
698500,0.009,0.986,0.005
699000,0.009,0.982,0.009
699500,0.009,0.991,0.000
700000,0.014,0.982,0.005
700500,0.009,0.977,0.014
701000,0.009,0.982,0.009
701500,0.014,0.982,0.005
702000,0.009,0.963,0.028
702500,0.014,0.968,0.018
703000,0.009,0.963,0.028
703500,0.009,0.982,0.009
704000,0.009,0.977,0.014
704500,0.009,0.986,0.005
705000,0.014,0.963,0.023
705500,0.009,0.968,0.023
706000,0.009,0.977,0.014
706500,0.009,0.982,0.009
707000,0.009,0.991,0.000
707500,0.009,0.991,0.000
708000,0.009,0.972,0.018
708500,0.014,0.968,0.018
709000,0.009,0.963,0.028
709500,0.009,0.949,0.041
710000,0.009,0.968,0.023
710500,0.009,0.977,0.014
711000,0.009,0.982,0.009
711500,0.014,0.940,0.046
712000,0.009,0.972,0.018
712500,0.009,0.963,0.028
713000,0.009,0.977,0.014
713500,0.009,0.954,0.037
714000,0.009,0.959,0.032
714500,0.009,0.963,0.028
715000,0.009,0.972,0.018
715500,0.014,0.959,0.028
716000,0.009,0.986,0.005
716500,0.009,0.986,0.005
717000,0.009,0.982,0.009
717500,0.009,0.972,0.018
718000,0.009,0.977,0.014
718500,0.009,0.986,0.005
719000,0.009,0.968,0.023
719500,0.009,0.982,0.009
720000,0.009,0.977,0.014
720500,0.009,0.977,0.014
721000,0.014,0.972,0.014
721500,0.014,0.945,0.041
722000,0.018,0.935,0.046
722500,0.009,0.986,0.005
723000,0.009,0.982,0.009
723500,0.009,0.972,0.018
724000,0.009,0.972,0.018
724500,0.009,0.972,0.018
725000,0.009,0.949,0.041
725500,0.009,0.982,0.009
726000,0.009,0.972,0.018
726500,0.009,0.977,0.014
727000,0.009,0.986,0.005
727500,0.018,0.959,0.023
728000,0.014,0.963,0.023
728500,0.009,0.972,0.018
729000,0.009,0.986,0.005
729500,0.009,0.972,0.018
730000,0.009,0.968,0.023
730500,0.009,0.982,0.009
731000,0.009,0.986,0.005
731500,0.009,0.982,0.009
732000,0.009,0.991,0.000
732500,0.009,0.968,0.023
733000,0.014,0.959,0.028
733500,0.009,0.972,0.018
734000,0.009,0.972,0.018
734500,0.009,0.977,0.014
735000,0.009,0.986,0.005
735500,0.009,0.963,0.028
736000,0.009,0.972,0.018
736500,0.009,0.982,0.009
737000,0.009,0.963,0.028
737500,0.009,0.982,0.009
738000,0.009,0.986,0.005
738500,0.009,0.935,0.055
739000,0.009,0.982,0.009
739500,0.009,0.986,0.005
740000,0.009,0.986,0.005
740500,0.009,0.977,0.014
741000,0.009,0.977,0.014
741500,0.009,0.972,0.018
742000,0.009,0.986,0.005
742500,0.009,0.977,0.014
743000,0.009,0.963,0.028
743500,0.009,0.963,0.028
744000,0.009,0.982,0.009
744500,0.009,0.982,0.009
745000,0.009,0.972,0.018
745500,0.009,0.972,0.018
746000,0.014,0.945,0.041
746500,0.023,0.940,0.037
747000,0.009,0.972,0.018
747500,0.009,0.954,0.037
748000,0.009,0.963,0.028
748500,0.009,0.954,0.037
749000,0.009,0.972,0.018
749500,0.009,0.963,0.028
750000,0.014,0.968,0.018
750500,0.009,0.977,0.014
751000,0.009,0.945,0.046
751500,0.014,0.954,0.032
752000,0.009,0.968,0.023
752500,0.009,0.982,0.009
753000,0.009,0.991,0.000
753500,0.009,0.982,0.009
754000,0.009,0.982,0.009
754500,0.009,0.982,0.009
755000,0.009,0.968,0.023
755500,0.009,0.986,0.005
756000,0.009,0.982,0.009
756500,0.009,0.968,0.023
757000,0.014,0.963,0.023
757500,0.014,0.963,0.023
758000,0.009,0.991,0.000
758500,0.009,0.972,0.018
759000,0.009,0.949,0.041
759500,0.009,0.968,0.023
760000,0.009,0.977,0.014
760500,0.009,0.982,0.009
761000,0.009,0.968,0.023
761500,0.009,0.982,0.009
762000,0.009,0.963,0.028
762500,0.009,0.977,0.014
763000,0.009,0.986,0.005
763500,0.009,0.982,0.009
764000,0.009,0.986,0.005
764500,0.009,0.991,0.000
765000,0.018,0.982,0.000
765500,0.009,0.977,0.014
766000,0.009,0.986,0.005
766500,0.009,0.991,0.000
767000,0.009,0.977,0.014
767500,0.009,0.977,0.014
768000,0.009,0.986,0.005
768500,0.014,0.968,0.018
769000,0.009,0.949,0.041
769500,0.009,0.986,0.005
770000,0.009,0.991,0.000
770500,0.009,0.986,0.005
771000,0.009,0.977,0.014
771500,0.009,0.968,0.023
772000,0.009,0.991,0.000
772500,0.009,0.977,0.014
773000,0.018,0.940,0.041
773500,0.014,0.977,0.009
774000,0.009,0.991,0.000
774500,0.018,0.949,0.032
775000,0.009,0.982,0.009
775500,0.009,0.968,0.023
776000,0.009,0.977,0.014
776500,0.009,0.977,0.014
777000,0.009,0.991,0.000
777500,0.009,0.972,0.018
778000,0.009,0.977,0.014
778500,0.009,0.982,0.009
779000,0.009,0.968,0.023
779500,0.009,0.977,0.014
780000,0.009,0.986,0.005
780500,0.009,0.986,0.005
781000,0.009,0.972,0.018
781500,0.023,0.963,0.014
782000,0.014,0.977,0.009
782500,0.009,0.963,0.028
783000,0.009,0.982,0.009
783500,0.009,0.972,0.018
784000,0.009,0.972,0.018
784500,0.009,0.968,0.023
785000,0.009,0.968,0.023
785500,0.009,0.935,0.055
786000,0.009,0.977,0.014
786500,0.009,0.968,0.023
787000,0.009,0.963,0.028
787500,0.009,0.949,0.041
788000,0.009,0.954,0.037
788500,0.009,0.968,0.023
789000,0.009,0.977,0.014
789500,0.009,0.986,0.005
790000,0.009,0.986,0.005
790500,0.009,0.963,0.028
791000,0.009,0.972,0.018
791500,0.014,0.959,0.028
792000,0.014,0.972,0.014
792500,0.014,0.968,0.018
793000,0.009,0.991,0.000
793500,0.009,0.977,0.014
794000,0.009,0.986,0.005
794500,0.009,0.986,0.005
795000,0.009,0.968,0.023
795500,0.009,0.982,0.009
796000,0.009,0.982,0.009
796500,0.009,0.959,0.032
797000,0.009,0.972,0.018
797500,0.009,0.982,0.009
798000,0.009,0.986,0.005
798500,0.009,0.986,0.005
799000,0.009,0.972,0.018
799500,0.009,0.959,0.032
800000,0.009,0.977,0.014
800500,0.014,0.945,0.041
801000,0.009,0.982,0.009
801500,0.009,0.968,0.023
802000,0.009,0.972,0.018
802500,0.009,0.977,0.014
803000,0.009,0.986,0.005
803500,0.009,0.977,0.014
804000,0.023,0.940,0.037
804500,0.009,0.954,0.037
805000,0.009,0.977,0.014
805500,0.009,0.986,0.005
806000,0.009,0.986,0.005
806500,0.009,0.968,0.023
807000,0.009,0.954,0.037
807500,0.009,0.986,0.005
808000,0.009,0.977,0.014
808500,0.009,0.963,0.028
809000,0.009,0.963,0.028
809500,0.009,0.991,0.000
810000,0.009,0.982,0.009
810500,0.009,0.991,0.000
811000,0.009,0.986,0.005
811500,0.018,0.940,0.041
812000,0.009,0.977,0.014
812500,0.009,0.949,0.041
813000,0.009,0.977,0.014
813500,0.009,0.963,0.028
814000,0.009,0.963,0.028
814500,0.009,0.977,0.014
815000,0.009,0.986,0.005
815500,0.009,0.986,0.005
816000,0.009,0.977,0.014
816500,0.009,0.945,0.046
817000,0.018,0.940,0.041
817500,0.009,0.972,0.018
818000,0.009,0.926,0.065
818500,0.009,0.931,0.060
819000,0.009,0.986,0.005
819500,0.009,0.982,0.009
820000,0.009,0.986,0.005
820500,0.009,0.986,0.005
821000,0.009,0.945,0.046
821500,0.009,0.986,0.005
822000,0.009,0.977,0.014
822500,0.009,0.968,0.023
823000,0.023,0.940,0.037
823500,0.009,0.986,0.005
824000,0.014,0.977,0.009
824500,0.009,0.982,0.009
825000,0.009,0.977,0.014
825500,0.009,0.982,0.009
826000,0.009,0.972,0.018
826500,0.009,0.986,0.005
827000,0.009,0.972,0.018
827500,0.009,0.949,0.041
828000,0.009,0.968,0.023
828500,0.009,0.982,0.009
829000,0.009,0.977,0.014
829500,0.009,0.982,0.009
830000,0.009,0.982,0.009
830500,0.009,0.963,0.028
831000,0.009,0.959,0.032
831500,0.009,0.954,0.037
832000,0.009,0.968,0.023
832500,0.014,0.959,0.028
833000,0.014,0.949,0.037
833500,0.014,0.935,0.051
834000,0.009,0.991,0.000
834500,0.009,0.972,0.018
835000,0.009,0.977,0.014
835500,0.009,0.991,0.000
836000,0.009,0.986,0.005
836500,0.009,0.972,0.018
837000,0.009,0.986,0.005
837500,0.009,0.968,0.023
838000,0.009,0.982,0.009
838500,0.009,0.991,0.000
839000,0.009,0.963,0.028
839500,0.009,0.968,0.023
840000,0.009,0.949,0.041
840500,0.009,0.959,0.032
841000,0.014,0.945,0.041
841500,0.014,0.954,0.032
842000,0.009,0.935,0.055
842500,0.009,0.963,0.028
843000,0.009,0.991,0.000
843500,0.009,0.991,0.000
844000,0.009,0.972,0.018
844500,0.009,0.982,0.009
845000,0.009,0.982,0.009
845500,0.009,0.968,0.023
846000,0.009,0.991,0.000
846500,0.009,0.977,0.014
847000,0.009,0.986,0.005
847500,0.009,0.986,0.005
848000,0.009,0.968,0.023
848500,0.009,0.954,0.037
849000,0.009,0.940,0.051
849500,0.009,0.972,0.018
850000,0.009,0.959,0.032
850500,0.009,0.963,0.028
851000,0.009,0.982,0.009
851500,0.009,0.991,0.000
852000,0.009,0.977,0.014
852500,0.009,0.972,0.018
853000,0.009,0.991,0.000
853500,0.009,0.954,0.037
854000,0.009,0.968,0.023
854500,0.009,0.986,0.005
855000,0.009,0.963,0.028
855500,0.009,0.982,0.009
856000,0.009,0.982,0.009
856500,0.014,0.963,0.023
857000,0.009,0.949,0.041
857500,0.009,0.972,0.018
858000,0.009,0.972,0.018
858500,0.009,0.982,0.009
859000,0.014,0.977,0.009
859500,0.009,0.982,0.009
860000,0.009,0.963,0.028
860500,0.014,0.977,0.009
861000,0.009,0.986,0.005
861500,0.009,0.977,0.014
862000,0.009,0.986,0.005
862500,0.009,0.991,0.000
863000,0.014,0.982,0.005
863500,0.009,0.977,0.014
864000,0.009,0.982,0.009
864500,0.009,0.991,0.000
865000,0.009,0.959,0.032
865500,0.009,0.972,0.018
866000,0.018,0.968,0.014
866500,0.009,0.963,0.028
867000,0.009,0.977,0.014
867500,0.009,0.963,0.028
868000,0.018,0.922,0.060
868500,0.009,0.935,0.055
869000,0.014,0.940,0.046
869500,0.009,0.968,0.023
870000,0.009,0.991,0.000
870500,0.009,0.977,0.014
871000,0.009,0.982,0.009
871500,0.009,0.986,0.005
872000,0.009,0.972,0.018
872500,0.018,0.959,0.023
873000,0.014,0.945,0.041
873500,0.009,0.963,0.028
874000,0.009,0.982,0.009
874500,0.009,0.982,0.009
875000,0.009,0.959,0.032
875500,0.009,0.986,0.005
876000,0.009,0.963,0.028
876500,0.009,0.963,0.028
877000,0.009,0.954,0.037
877500,0.009,0.986,0.005
878000,0.009,0.982,0.009
878500,0.009,0.968,0.023
879000,0.023,0.935,0.041
879500,0.009,0.977,0.014
880000,0.009,0.968,0.023
880500,0.009,0.982,0.009
881000,0.009,0.963,0.028
881500,0.009,0.977,0.014
882000,0.009,0.986,0.005
882500,0.009,0.982,0.009
883000,0.009,0.959,0.032
883500,0.009,0.972,0.018
884000,0.009,0.968,0.023
884500,0.009,0.972,0.018
885000,0.009,0.986,0.005
885500,0.009,0.977,0.014
886000,0.009,0.982,0.009
886500,0.009,0.986,0.005
887000,0.009,0.986,0.005
887500,0.009,0.982,0.009
888000,0.009,0.982,0.009
888500,0.009,0.972,0.018
889000,0.009,0.968,0.023
889500,0.009,0.963,0.028
890000,0.009,0.982,0.009
890500,0.009,0.977,0.014
891000,0.009,0.954,0.037
891500,0.009,0.982,0.009
892000,0.009,0.959,0.032
892500,0.009,0.986,0.005
893000,0.014,0.968,0.018
893500,0.009,0.972,0.018
894000,0.009,0.963,0.028
894500,0.009,0.982,0.009
895000,0.009,0.977,0.014
895500,0.009,0.963,0.028
896000,0.009,0.986,0.005
896500,0.009,0.986,0.005
897000,0.009,0.982,0.009
897500,0.009,0.986,0.005
898000,0.009,0.972,0.018
898500,0.009,0.972,0.018
899000,0.009,0.982,0.009
899500,0.009,0.991,0.000
900000,0.009,0.991,0.000
900500,0.009,0.945,0.046
901000,0.009,0.972,0.018
901500,0.009,0.982,0.009
902000,0.009,0.968,0.023
902500,0.009,0.986,0.005
903000,0.009,0.982,0.009
903500,0.009,0.968,0.023
904000,0.009,0.968,0.023
904500,0.009,0.982,0.009
905000,0.009,0.972,0.018
905500,0.009,0.982,0.009
906000,0.009,0.982,0.009
906500,0.014,0.972,0.014
907000,0.009,0.977,0.014
907500,0.014,0.963,0.023
908000,0.009,0.959,0.032
908500,0.009,0.982,0.009
909000,0.009,0.972,0.018
909500,0.014,0.972,0.014
910000,0.009,0.968,0.023
910500,0.014,0.968,0.018
911000,0.023,0.968,0.009
911500,0.009,0.977,0.014
912000,0.009,0.949,0.041
912500,0.009,0.972,0.018
913000,0.009,0.982,0.009
913500,0.009,0.982,0.009
914000,0.009,0.968,0.023
914500,0.009,0.977,0.014
915000,0.009,0.991,0.000
915500,0.009,0.982,0.009
916000,0.018,0.949,0.032
916500,0.009,0.986,0.005
917000,0.009,0.972,0.018
917500,0.009,0.982,0.009
918000,0.009,0.968,0.023
918500,0.009,0.972,0.018
919000,0.014,0.949,0.037
919500,0.018,0.940,0.041
920000,0.009,0.963,0.028
920500,0.014,0.968,0.018
921000,0.009,0.963,0.028
921500,0.009,0.968,0.023
922000,0.009,0.986,0.005
922500,0.018,0.977,0.005
923000,0.009,0.959,0.032
923500,0.009,0.972,0.018
924000,0.009,0.991,0.000
924500,0.009,0.986,0.005
925000,0.018,0.940,0.041
925500,0.009,0.963,0.028
926000,0.009,0.982,0.009
926500,0.009,0.977,0.014
927000,0.009,0.977,0.014
927500,0.009,0.968,0.023
928000,0.009,0.986,0.005
928500,0.009,0.959,0.032
929000,0.009,0.986,0.005
929500,0.009,0.986,0.005
930000,0.009,0.972,0.018
930500,0.009,0.986,0.005
931000,0.009,0.945,0.046
931500,0.009,0.963,0.028
932000,0.009,0.959,0.032
932500,0.009,0.959,0.032
933000,0.009,0.954,0.037
933500,0.009,0.963,0.028
934000,0.014,0.972,0.014
934500,0.009,0.977,0.014
935000,0.009,0.940,0.051
935500,0.009,0.977,0.014
936000,0.009,0.972,0.018
936500,0.009,0.949,0.041
937000,0.009,0.972,0.018
937500,0.009,0.977,0.014
938000,0.009,0.963,0.028
938500,0.009,0.977,0.014
939000,0.009,0.982,0.009
939500,0.014,0.977,0.009
940000,0.014,0.977,0.009
940500,0.009,0.945,0.046
941000,0.009,0.963,0.028
941500,0.009,0.972,0.018
942000,0.009,0.982,0.009
942500,0.009,0.972,0.018
943000,0.014,0.977,0.009
943500,0.009,0.977,0.014
944000,0.009,0.982,0.009
944500,0.009,0.968,0.023
945000,0.009,0.982,0.009
945500,0.009,0.982,0.009
946000,0.009,0.968,0.023
946500,0.009,0.968,0.023
947000,0.009,0.968,0.023
947500,0.009,0.986,0.005
948000,0.009,0.977,0.014
948500,0.009,0.968,0.023
949000,0.009,0.968,0.023
949500,0.009,0.968,0.023
950000,0.009,0.963,0.028
950500,0.009,0.954,0.037
951000,0.009,0.963,0.028
951500,0.009,0.959,0.032
952000,0.009,0.959,0.032
952500,0.009,0.977,0.014
953000,0.009,0.963,0.028
953500,0.009,0.977,0.014
954000,0.009,0.977,0.014
954500,0.009,0.972,0.018
955000,0.009,0.949,0.041
955500,0.009,0.963,0.028
956000,0.009,0.982,0.009
956500,0.009,0.972,0.018
957000,0.009,0.986,0.005
957500,0.009,0.991,0.000
958000,0.009,0.954,0.037
958500,0.009,0.963,0.028
959000,0.009,0.949,0.041
959500,0.009,0.945,0.046
960000,0.009,0.977,0.014
960500,0.014,0.954,0.032
961000,0.014,0.968,0.018
961500,0.009,0.959,0.032
962000,0.009,0.982,0.009
962500,0.009,0.977,0.014
963000,0.009,0.982,0.009
963500,0.009,0.968,0.023
964000,0.009,0.991,0.000
964500,0.009,0.982,0.009
965000,0.009,0.986,0.005
965500,0.014,0.972,0.014
966000,0.009,0.968,0.023
966500,0.009,0.968,0.023
967000,0.009,0.968,0.023
967500,0.009,0.982,0.009
968000,0.009,0.977,0.014
968500,0.009,0.935,0.055
969000,0.009,0.968,0.023
969500,0.009,0.972,0.018
970000,0.009,0.986,0.005
970500,0.009,0.982,0.009
971000,0.009,0.972,0.018
971500,0.009,0.991,0.000
972000,0.009,0.982,0.009
972500,0.009,0.968,0.023
973000,0.014,0.954,0.032
973500,0.009,0.954,0.037
974000,0.009,0.991,0.000
974500,0.009,0.977,0.014
975000,0.009,0.986,0.005
975500,0.009,0.968,0.023
976000,0.014,0.954,0.032
976500,0.009,0.977,0.014
977000,0.009,0.986,0.005
977500,0.009,0.968,0.023
978000,0.009,0.977,0.014
978500,0.014,0.977,0.009
979000,0.009,0.982,0.009
979500,0.009,0.982,0.009
980000,0.009,0.986,0.005
980500,0.009,0.986,0.005
981000,0.009,0.982,0.009
981500,0.009,0.991,0.000
982000,0.009,0.986,0.005
982500,0.009,0.972,0.018
983000,0.009,0.963,0.028
983500,0.009,0.949,0.041
984000,0.009,0.972,0.018
984500,0.009,0.977,0.014
985000,0.009,0.963,0.028
985500,0.009,0.963,0.028
986000,0.009,0.972,0.018
986500,0.009,0.977,0.014
987000,0.009,0.977,0.014
987500,0.009,0.982,0.009
988000,0.009,0.972,0.018
988500,0.009,0.982,0.009
989000,0.009,0.977,0.014
989500,0.009,0.972,0.018
990000,0.009,0.982,0.009
990500,0.009,0.972,0.018
991000,0.009,0.982,0.009
991500,0.018,0.949,0.032
992000,0.014,0.959,0.028
992500,0.009,0.972,0.018
993000,0.009,0.954,0.037
993500,0.009,0.986,0.005
994000,0.009,0.972,0.018
994500,0.009,0.954,0.037
995000,0.009,0.959,0.032
995500,0.009,0.954,0.037
996000,0.009,0.968,0.023
996500,0.009,0.968,0.023
997000,0.014,0.968,0.018
997500,0.014,0.949,0.037
998000,0.018,0.935,0.046
998500,0.009,0.959,0.032
999000,0.009,0.977,0.014
999500,0.009,0.949,0.041
1000000,0.009,0.972,0.018
