time,n_A+p,n_B,n_AB
500,0.080,0.693,0.227
1000,0.080,0.532,0.388
1500,0.080,0.328,0.592
2000,0.098,0.207,0.695
2500,0.106,0.136,0.758
3000,0.138,0.071,0.791
3500,0.179,0.057,0.764
4000,0.210,0.035,0.754
4500,0.251,0.018,0.732
5000,0.265,0.032,0.704
5500,0.286,0.025,0.690
6000,0.278,0.007,0.715
6500,0.304,0.004,0.693
7000,0.315,0.001,0.684
7500,0.302,0.004,0.694
8000,0.329,0.009,0.662
8500,0.317,0.006,0.677
9000,0.307,0.007,0.686
9500,0.341,0.004,0.656
10000,0.377,0.001,0.623
10500,0.382,0.004,0.614
11000,0.383,0.004,0.614
11500,0.344,0.009,0.648
12000,0.370,0.007,0.622
12500,0.373,0.002,0.626
13000,0.337,0.002,0.661
13500,0.312,0.001,0.687
14000,0.352,0.000,0.647
14500,0.353,0.000,0.647
15000,0.354,0.001,0.644
15500,0.368,0.006,0.625
16000,0.369,0.007,0.624
16500,0.370,0.002,0.629
17000,0.338,0.007,0.655
17500,0.356,0.002,0.643
18000,0.314,0.012,0.674
18500,0.337,0.003,0.661
19000,0.344,0.004,0.651
19500,0.339,0.002,0.660
20000,0.315,0.004,0.682
20500,0.297,0.011,0.692
21000,0.306,0.011,0.682
21500,0.325,0.002,0.673
22000,0.354,0.009,0.637
22500,0.364,0.001,0.635
23000,0.367,0.000,0.633
23500,0.359,0.004,0.637
24000,0.354,0.002,0.645
24500,0.363,0.006,0.631
25000,0.387,0.003,0.610
25500,0.374,0.001,0.626
26000,0.346,0.009,0.644
26500,0.333,0.005,0.662
27000,0.342,0.007,0.651
27500,0.360,0.002,0.637
28000,0.355,0.001,0.645
28500,0.353,0.003,0.644
29000,0.336,0.004,0.660
29500,0.372,0.004,0.625
30000,0.356,0.004,0.639
30500,0.367,0.005,0.628
31000,0.354,0.003,0.643
31500,0.329,0.005,0.666
32000,0.319,0.004,0.677
32500,0.325,0.004,0.672
33000,0.362,0.001,0.637
33500,0.377,0.005,0.618
34000,0.384,0.004,0.613
34500,0.375,0.002,0.624
35000,0.359,0.001,0.640
35500,0.348,0.006,0.646
36000,0.358,0.002,0.640
36500,0.381,0.003,0.616
37000,0.350,0.006,0.644
37500,0.372,0.005,0.623
38000,0.344,0.001,0.655
38500,0.321,0.006,0.673
39000,0.349,0.009,0.642
39500,0.340,0.002,0.658
40000,0.364,0.005,0.631
40500,0.365,0.002,0.634
41000,0.312,0.001,0.687
41500,0.353,0.001,0.646
42000,0.336,0.001,0.663
42500,0.326,0.001,0.673
43000,0.311,0.003,0.686
43500,0.346,0.001,0.653
44000,0.355,0.006,0.639
44500,0.358,0.001,0.641
45000,0.371,0.003,0.626
45500,0.379,0.002,0.619
46000,0.302,0.006,0.692
46500,0.314,0.005,0.680
47000,0.318,0.003,0.679
47500,0.353,0.001,0.646
48000,0.357,0.000,0.643
48500,0.370,0.003,0.628
49000,0.365,0.005,0.630
49500,0.362,0.001,0.636
50000,0.360,0.004,0.637
50500,0.348,0.002,0.650
51000,0.305,0.000,0.695
51500,0.350,0.000,0.650
52000,0.350,0.004,0.646
52500,0.332,0.003,0.665
53000,0.374,0.005,0.620
53500,0.383,0.001,0.617
54000,0.363,0.001,0.637
54500,0.323,0.001,0.676
55000,0.312,0.005,0.682
55500,0.314,0.005,0.681
56000,0.342,0.004,0.655
56500,0.362,0.011,0.628
57000,0.381,0.004,0.615
57500,0.396,0.004,0.600
58000,0.394,0.000,0.606
58500,0.390,0.000,0.610
59000,0.377,0.002,0.622
59500,0.344,0.000,0.655
60000,0.371,0.000,0.629
60500,0.358,0.004,0.637
61000,0.346,0.003,0.650
61500,0.339,0.001,0.660
62000,0.334,0.001,0.666
62500,0.369,0.001,0.631
63000,0.390,0.000,0.611
63500,0.371,0.000,0.629
64000,0.347,0.000,0.653
64500,0.379,0.007,0.614
65000,0.377,0.002,0.622
65500,0.393,0.002,0.606
66000,0.343,0.000,0.657
66500,0.339,0.000,0.661
67000,0.343,0.003,0.654
67500,0.298,0.002,0.700
68000,0.322,0.001,0.677
68500,0.291,0.004,0.705
69000,0.303,0.004,0.692
69500,0.348,0.005,0.647
70000,0.311,0.004,0.684
70500,0.319,0.004,0.678
71000,0.304,0.007,0.688
71500,0.298,0.006,0.696
72000,0.325,0.003,0.672
72500,0.309,0.004,0.687
73000,0.300,0.004,0.695
73500,0.340,0.004,0.657
74000,0.328,0.002,0.670
74500,0.358,0.004,0.638
75000,0.351,0.001,0.649
75500,0.322,0.002,0.676
76000,0.258,0.005,0.737
76500,0.309,0.008,0.682
77000,0.281,0.002,0.717
77500,0.304,0.002,0.694
78000,0.312,0.007,0.681
78500,0.317,0.010,0.673
79000,0.276,0.012,0.712
79500,0.295,0.017,0.688
80000,0.334,0.007,0.659
80500,0.342,0.004,0.654
81000,0.365,0.000,0.635
81500,0.395,0.000,0.605
82000,0.382,0.000,0.618
82500,0.417,0.000,0.583
83000,0.386,0.006,0.608
83500,0.334,0.004,0.662
84000,0.332,0.003,0.666
84500,0.336,0.005,0.659
85000,0.306,0.005,0.689
85500,0.335,0.004,0.661
86000,0.344,0.002,0.655
86500,0.382,0.000,0.618
87000,0.364,0.006,0.629
87500,0.373,0.002,0.625
88000,0.386,0.009,0.605
88500,0.384,0.004,0.613
89000,0.364,0.006,0.629
89500,0.409,0.004,0.586
90000,0.364,0.012,0.624
90500,0.338,0.003,0.659
91000,0.304,0.001,0.696
91500,0.310,0.015,0.675
92000,0.329,0.006,0.665
92500,0.321,0.006,0.673
93000,0.295,0.004,0.702
93500,0.335,0.000,0.665
94000,0.420,0.006,0.574
94500,0.418,0.001,0.582
95000,0.373,0.003,0.625
95500,0.366,0.010,0.623
96000,0.390,0.005,0.605
96500,0.406,0.001,0.593
97000,0.331,0.000,0.669
97500,0.304,0.008,0.688
98000,0.300,0.004,0.695
98500,0.279,0.001,0.721
99000,0.301,0.004,0.696
99500,0.326,0.004,0.671
100000,0.335,0.003,0.662
100500,0.340,0.003,0.657
101000,0.302,0.009,0.689
101500,0.276,0.013,0.711
102000,0.260,0.011,0.729
102500,0.272,0.013,0.715
103000,0.322,0.007,0.670
103500,0.320,0.006,0.674
104000,0.327,0.002,0.672
104500,0.339,0.004,0.657
105000,0.324,0.004,0.672
105500,0.360,0.001,0.640
106000,0.346,0.000,0.653
106500,0.302,0.006,0.691
107000,0.311,0.005,0.684
107500,0.300,0.001,0.699
108000,0.337,0.000,0.663
108500,0.374,0.000,0.626
109000,0.397,0.003,0.600
109500,0.377,0.001,0.623
110000,0.373,0.009,0.617
110500,0.365,0.002,0.634
111000,0.391,0.000,0.609
111500,0.397,0.000,0.603
112000,0.396,0.000,0.605
112500,0.329,0.004,0.667
113000,0.371,0.005,0.623
113500,0.359,0.005,0.636
114000,0.333,0.001,0.667
114500,0.321,0.002,0.677
115000,0.342,0.000,0.658
115500,0.340,0.006,0.654
116000,0.315,0.005,0.680
116500,0.294,0.008,0.698
117000,0.281,0.007,0.713
117500,0.281,0.003,0.717
118000,0.300,0.009,0.691
118500,0.332,0.003,0.665
119000,0.344,0.005,0.651
119500,0.336,0.002,0.662
120000,0.350,0.001,0.649
120500,0.409,0.001,0.590
121000,0.386,0.006,0.608
121500,0.389,0.001,0.610
122000,0.387,0.001,0.613
122500,0.381,0.005,0.614
123000,0.374,0.001,0.625
123500,0.371,0.001,0.629
124000,0.359,0.000,0.641
124500,0.356,0.000,0.644
125000,0.362,0.002,0.636
125500,0.352,0.000,0.647
126000,0.302,0.009,0.690
126500,0.303,0.010,0.687
127000,0.335,0.009,0.657
127500,0.313,0.013,0.674
128000,0.317,0.004,0.679
128500,0.331,0.003,0.666
129000,0.328,0.003,0.670
129500,0.367,0.005,0.628
130000,0.348,0.005,0.647
130500,0.320,0.011,0.669
131000,0.360,0.003,0.636
131500,0.315,0.003,0.682
132000,0.329,0.002,0.670
132500,0.336,0.005,0.658
133000,0.307,0.015,0.677
133500,0.325,0.018,0.657
134000,0.316,0.011,0.672
134500,0.301,0.013,0.686
135000,0.326,0.003,0.671
135500,0.347,0.007,0.646
136000,0.334,0.003,0.663
136500,0.363,0.004,0.633
137000,0.346,0.006,0.648
137500,0.379,0.001,0.620
138000,0.411,0.001,0.589
138500,0.344,0.000,0.655
139000,0.365,0.003,0.632
139500,0.389,0.010,0.601
140000,0.351,0.002,0.647
140500,0.388,0.004,0.608
141000,0.364,0.002,0.633
141500,0.357,0.002,0.641
142000,0.376,0.004,0.621
142500,0.423,0.001,0.576
143000,0.384,0.001,0.616
143500,0.380,0.001,0.620
144000,0.400,0.000,0.600
144500,0.371,0.004,0.625
145000,0.386,0.001,0.613
145500,0.372,0.004,0.625
146000,0.345,0.001,0.654
146500,0.346,0.000,0.654
147000,0.356,0.003,0.642
147500,0.396,0.003,0.602
148000,0.378,0.000,0.623
148500,0.332,0.005,0.663
149000,0.318,0.002,0.680
149500,0.319,0.001,0.680
150000,0.362,0.002,0.636
150500,0.371,0.005,0.624
151000,0.329,0.001,0.671
151500,0.331,0.002,0.667
152000,0.356,0.001,0.644
152500,0.370,0.000,0.629
153000,0.351,0.000,0.649
153500,0.316,0.005,0.679
154000,0.315,0.003,0.682
154500,0.337,0.008,0.655
155000,0.349,0.004,0.647
155500,0.367,0.002,0.631
156000,0.412,0.002,0.586
156500,0.361,0.004,0.635
157000,0.326,0.002,0.672
157500,0.314,0.007,0.679
158000,0.335,0.003,0.662
158500,0.328,0.001,0.671
159000,0.349,0.004,0.648
159500,0.338,0.002,0.660
160000,0.305,0.006,0.689
160500,0.322,0.005,0.673
161000,0.322,0.004,0.674
161500,0.330,0.001,0.669
162000,0.355,0.003,0.642
162500,0.366,0.000,0.634
163000,0.336,0.003,0.661
163500,0.355,0.004,0.642
164000,0.361,0.008,0.631
164500,0.380,0.003,0.618
165000,0.391,0.000,0.609
165500,0.364,0.004,0.632
166000,0.395,0.006,0.599
166500,0.411,0.002,0.587
167000,0.356,0.001,0.644
167500,0.329,0.004,0.667
168000,0.314,0.005,0.681
168500,0.293,0.007,0.700
169000,0.294,0.002,0.704
169500,0.309,0.006,0.684
170000,0.325,0.004,0.671
170500,0.333,0.001,0.667
171000,0.344,0.005,0.651
171500,0.373,0.003,0.624
172000,0.386,0.004,0.610
172500,0.366,0.004,0.631
173000,0.362,0.002,0.636
173500,0.364,0.004,0.632
174000,0.316,0.001,0.683
174500,0.348,0.001,0.652
175000,0.353,0.004,0.643
175500,0.350,0.001,0.649
176000,0.364,0.004,0.632
176500,0.327,0.005,0.668
177000,0.331,0.003,0.666
177500,0.339,0.007,0.654
178000,0.359,0.003,0.638
178500,0.365,0.001,0.634
179000,0.367,0.000,0.633
179500,0.350,0.000,0.649
180000,0.359,0.002,0.639
180500,0.340,0.005,0.655
181000,0.319,0.005,0.676
181500,0.304,0.002,0.695
182000,0.340,0.001,0.660
182500,0.318,0.007,0.675
183000,0.332,0.006,0.662
183500,0.348,0.002,0.650
184000,0.364,0.010,0.626
184500,0.346,0.011,0.642
185000,0.356,0.004,0.640
185500,0.350,0.002,0.648
186000,0.362,0.005,0.632
186500,0.320,0.002,0.679
187000,0.366,0.003,0.631
187500,0.324,0.005,0.670
188000,0.369,0.002,0.630
188500,0.370,0.001,0.629
189000,0.420,0.001,0.579
189500,0.393,0.002,0.605
190000,0.358,0.000,0.641
190500,0.378,0.000,0.622
191000,0.339,0.002,0.660
191500,0.329,0.013,0.658
192000,0.301,0.017,0.682
192500,0.294,0.005,0.701
193000,0.339,0.002,0.659
193500,0.359,0.000,0.641
194000,0.361,0.000,0.639
194500,0.393,0.002,0.605
195000,0.381,0.004,0.615
195500,0.382,0.001,0.618
196000,0.363,0.001,0.637
196500,0.374,0.000,0.625
197000,0.403,0.000,0.597
197500,0.336,0.000,0.664
198000,0.325,0.004,0.672
198500,0.343,0.002,0.656
199000,0.338,0.004,0.657
199500,0.291,0.011,0.698
200000,0.302,0.003,0.695
200500,0.315,0.001,0.684
201000,0.342,0.007,0.651
201500,0.322,0.005,0.672
202000,0.283,0.009,0.708
202500,0.293,0.006,0.701
203000,0.306,0.001,0.693
203500,0.294,0.004,0.702
204000,0.303,0.004,0.693
204500,0.310,0.006,0.683
205000,0.283,0.009,0.708
205500,0.264,0.009,0.727
206000,0.306,0.013,0.681
206500,0.326,0.009,0.664
207000,0.361,0.002,0.637
207500,0.315,0.005,0.680
208000,0.355,0.003,0.642
208500,0.338,0.001,0.662
209000,0.342,0.000,0.658
209500,0.337,0.009,0.655
210000,0.330,0.004,0.666
210500,0.324,0.002,0.675
211000,0.350,0.000,0.650
211500,0.380,0.003,0.618
212000,0.358,0.002,0.641
212500,0.313,0.004,0.683
213000,0.309,0.005,0.685
213500,0.297,0.009,0.694
214000,0.303,0.007,0.689
214500,0.291,0.005,0.704
215000,0.329,0.004,0.668
215500,0.304,0.015,0.680
216000,0.312,0.011,0.676
216500,0.297,0.011,0.691
217000,0.295,0.004,0.701
217500,0.319,0.010,0.671
218000,0.340,0.004,0.656
218500,0.337,0.003,0.661
219000,0.333,0.000,0.667
219500,0.307,0.000,0.693
220000,0.339,0.003,0.658
220500,0.355,0.003,0.643
221000,0.369,0.004,0.627
221500,0.375,0.006,0.619
222000,0.370,0.001,0.628
222500,0.380,0.000,0.621
223000,0.371,0.000,0.629
223500,0.349,0.004,0.647
224000,0.354,0.004,0.641
224500,0.335,0.001,0.664
225000,0.323,0.001,0.677
225500,0.325,0.000,0.675
226000,0.321,0.006,0.673
226500,0.351,0.001,0.648
227000,0.342,0.006,0.652
227500,0.360,0.004,0.635
228000,0.361,0.003,0.637
228500,0.393,0.000,0.607
229000,0.415,0.001,0.584
229500,0.350,0.004,0.645
230000,0.336,0.004,0.660
230500,0.330,0.001,0.670
231000,0.323,0.003,0.674
231500,0.343,0.004,0.653
232000,0.356,0.001,0.643
232500,0.340,0.006,0.653
233000,0.317,0.002,0.682
233500,0.311,0.004,0.684
234000,0.331,0.001,0.668
234500,0.344,0.004,0.652
235000,0.363,0.001,0.636
235500,0.384,0.007,0.609
236000,0.360,0.004,0.636
236500,0.386,0.009,0.606
237000,0.346,0.006,0.648
237500,0.354,0.006,0.639
238000,0.329,0.001,0.671
238500,0.323,0.011,0.666
239000,0.299,0.004,0.697
239500,0.317,0.001,0.683
240000,0.310,0.009,0.680
240500,0.344,0.003,0.653
241000,0.382,0.003,0.616
241500,0.332,0.005,0.663
242000,0.333,0.009,0.659
242500,0.290,0.007,0.703
243000,0.281,0.001,0.719
243500,0.286,0.009,0.705
244000,0.329,0.005,0.666
244500,0.339,0.004,0.657
245000,0.344,0.002,0.653
245500,0.339,0.006,0.655
246000,0.333,0.003,0.664
246500,0.332,0.007,0.660
247000,0.349,0.004,0.648
247500,0.312,0.002,0.686
248000,0.332,0.001,0.667
248500,0.341,0.007,0.652
249000,0.326,0.003,0.671
249500,0.340,0.005,0.655
250000,0.357,0.005,0.637
250500,0.381,0.002,0.618
251000,0.408,0.001,0.592
251500,0.372,0.000,0.627
252000,0.376,0.000,0.625
252500,0.388,0.000,0.612
253000,0.389,0.004,0.607
253500,0.374,0.007,0.618
254000,0.344,0.009,0.646
254500,0.288,0.002,0.710
255000,0.330,0.003,0.668
255500,0.333,0.002,0.666
256000,0.319,0.001,0.681
256500,0.328,0.002,0.670
257000,0.319,0.001,0.681
257500,0.344,0.004,0.652
258000,0.344,0.001,0.656
258500,0.343,0.001,0.657
259000,0.343,0.000,0.657
259500,0.318,0.009,0.672
260000,0.280,0.007,0.713
260500,0.315,0.005,0.680
261000,0.351,0.001,0.648
261500,0.360,0.000,0.639
262000,0.395,0.005,0.600
262500,0.406,0.000,0.594
263000,0.400,0.000,0.600
263500,0.356,0.000,0.643
264000,0.349,0.000,0.651
264500,0.350,0.003,0.646
265000,0.363,0.004,0.634
265500,0.326,0.005,0.668
266000,0.330,0.001,0.669
266500,0.339,0.001,0.661
267000,0.354,0.000,0.646
267500,0.389,0.004,0.607
268000,0.373,0.000,0.627
268500,0.331,0.002,0.668
269000,0.367,0.000,0.633
269500,0.376,0.000,0.624
270000,0.340,0.000,0.660
270500,0.338,0.006,0.656
271000,0.360,0.004,0.636
271500,0.372,0.001,0.628
272000,0.350,0.003,0.647
272500,0.364,0.002,0.635
273000,0.396,0.002,0.603
273500,0.362,0.000,0.638
274000,0.372,0.002,0.625
274500,0.325,0.007,0.668
275000,0.327,0.009,0.665
275500,0.284,0.004,0.712
276000,0.313,0.000,0.687
276500,0.289,0.002,0.709
277000,0.291,0.012,0.697
277500,0.337,0.015,0.648
278000,0.316,0.004,0.680
278500,0.328,0.003,0.669
279000,0.326,0.005,0.669
279500,0.372,0.009,0.619
280000,0.340,0.003,0.658
280500,0.366,0.004,0.631
281000,0.356,0.001,0.643
281500,0.347,0.003,0.650
282000,0.339,0.006,0.655
282500,0.361,0.008,0.631
283000,0.323,0.007,0.670
283500,0.311,0.004,0.685
284000,0.331,0.002,0.667
284500,0.353,0.000,0.647
285000,0.363,0.001,0.636
285500,0.340,0.005,0.654
286000,0.349,0.002,0.649
286500,0.348,0.001,0.651
287000,0.376,0.000,0.624
287500,0.361,0.003,0.637
288000,0.381,0.000,0.619
288500,0.379,0.000,0.621
289000,0.395,0.000,0.605
289500,0.370,0.000,0.629
290000,0.340,0.000,0.660
290500,0.308,0.001,0.691
291000,0.281,0.002,0.717
291500,0.286,0.011,0.703
292000,0.342,0.004,0.654
292500,0.312,0.008,0.680
293000,0.294,0.005,0.701
293500,0.333,0.009,0.658
294000,0.338,0.002,0.660
294500,0.322,0.004,0.674
295000,0.365,0.005,0.630
295500,0.339,0.001,0.660
296000,0.363,0.001,0.636
296500,0.332,0.003,0.665
297000,0.337,0.001,0.663
297500,0.327,0.000,0.673
298000,0.352,0.003,0.645
298500,0.326,0.014,0.660
299000,0.322,0.007,0.671
299500,0.352,0.001,0.648
300000,0.340,0.003,0.657
300500,0.322,0.003,0.675
301000,0.291,0.006,0.703
301500,0.315,0.013,0.672
302000,0.329,0.005,0.666
302500,0.363,0.001,0.636
303000,0.333,0.003,0.664
303500,0.339,0.001,0.660
304000,0.342,0.002,0.657
304500,0.333,0.002,0.665
305000,0.360,0.003,0.637
305500,0.363,0.002,0.635
306000,0.331,0.003,0.667
306500,0.333,0.002,0.665
307000,0.327,0.001,0.672
307500,0.333,0.001,0.666
308000,0.325,0.006,0.669
308500,0.308,0.003,0.689
309000,0.348,0.002,0.650
309500,0.327,0.000,0.673
310000,0.341,0.000,0.659
310500,0.331,0.004,0.665
311000,0.311,0.005,0.683
311500,0.299,0.004,0.697
312000,0.325,0.018,0.657
312500,0.358,0.015,0.627
313000,0.297,0.013,0.691
313500,0.312,0.004,0.684
314000,0.346,0.004,0.650
314500,0.342,0.001,0.657
315000,0.327,0.004,0.670
315500,0.347,0.004,0.648
316000,0.324,0.004,0.672
316500,0.337,0.006,0.657
317000,0.343,0.006,0.651
317500,0.359,0.004,0.637
318000,0.412,0.001,0.587
318500,0.379,0.007,0.614
319000,0.344,0.002,0.655
319500,0.305,0.002,0.693
320000,0.287,0.004,0.709
320500,0.296,0.015,0.689
321000,0.329,0.008,0.663
321500,0.284,0.003,0.713
322000,0.305,0.004,0.690
322500,0.286,0.007,0.706
323000,0.288,0.013,0.699
323500,0.293,0.009,0.697
324000,0.295,0.005,0.700
324500,0.301,0.007,0.692
325000,0.298,0.003,0.699
325500,0.318,0.000,0.682
326000,0.335,0.000,0.665
326500,0.345,0.000,0.655
327000,0.332,0.008,0.660
327500,0.332,0.003,0.665
328000,0.372,0.001,0.626
328500,0.363,0.003,0.634
329000,0.374,0.004,0.621
329500,0.349,0.002,0.649
330000,0.350,0.001,0.650
330500,0.372,0.004,0.624
331000,0.340,0.004,0.656
331500,0.302,0.005,0.692
332000,0.348,0.003,0.649
332500,0.350,0.001,0.648
333000,0.381,0.001,0.619
333500,0.359,0.002,0.639
334000,0.384,0.001,0.616
334500,0.370,0.002,0.628
335000,0.334,0.000,0.666
335500,0.353,0.000,0.647
336000,0.357,0.000,0.643
336500,0.367,0.003,0.631
337000,0.353,0.001,0.646
337500,0.380,0.004,0.616
338000,0.354,0.003,0.642
338500,0.342,0.001,0.658
339000,0.344,0.005,0.651
339500,0.327,0.007,0.666
340000,0.343,0.003,0.655
340500,0.351,0.001,0.648
341000,0.406,0.004,0.590
341500,0.354,0.000,0.646
342000,0.392,0.001,0.608
342500,0.355,0.009,0.636
343000,0.335,0.013,0.653
343500,0.299,0.007,0.693
344000,0.305,0.007,0.688
344500,0.340,0.002,0.659
345000,0.301,0.002,0.697
345500,0.350,0.003,0.647
346000,0.320,0.007,0.673
346500,0.273,0.011,0.716
347000,0.292,0.006,0.701
347500,0.316,0.009,0.676
348000,0.330,0.005,0.664
348500,0.361,0.001,0.638
349000,0.358,0.004,0.638
349500,0.335,0.002,0.664
350000,0.340,0.007,0.653
350500,0.343,0.002,0.655
351000,0.357,0.001,0.642
351500,0.336,0.003,0.662
352000,0.333,0.001,0.666
352500,0.343,0.004,0.653
353000,0.363,0.013,0.625
353500,0.316,0.005,0.679
354000,0.310,0.010,0.679
354500,0.325,0.009,0.666
355000,0.287,0.002,0.711
355500,0.306,0.003,0.691
356000,0.330,0.001,0.669
356500,0.360,0.003,0.638
357000,0.328,0.009,0.662
357500,0.366,0.004,0.629
358000,0.357,0.002,0.641
358500,0.355,0.004,0.641
359000,0.292,0.014,0.694
359500,0.326,0.004,0.671
360000,0.311,0.007,0.682
360500,0.304,0.002,0.694
361000,0.343,0.001,0.657
361500,0.334,0.004,0.663
362000,0.324,0.001,0.675
362500,0.325,0.004,0.671
363000,0.370,0.001,0.628
363500,0.359,0.004,0.637
364000,0.348,0.004,0.649
364500,0.328,0.004,0.669
365000,0.347,0.006,0.647
365500,0.316,0.004,0.680
366000,0.321,0.004,0.676
366500,0.339,0.003,0.659
367000,0.336,0.002,0.663
367500,0.365,0.001,0.634
368000,0.358,0.001,0.642
368500,0.336,0.003,0.662
369000,0.302,0.005,0.693
369500,0.319,0.004,0.677
370000,0.319,0.004,0.678
370500,0.352,0.001,0.647
371000,0.332,0.000,0.668
371500,0.364,0.006,0.629
372000,0.376,0.000,0.625
372500,0.360,0.002,0.638
373000,0.362,0.001,0.637
373500,0.368,0.002,0.629
374000,0.335,0.007,0.658
374500,0.353,0.006,0.640
375000,0.356,0.003,0.641
375500,0.344,0.009,0.647
376000,0.361,0.004,0.635
376500,0.363,0.003,0.634
377000,0.352,0.001,0.647
377500,0.342,0.004,0.653
378000,0.320,0.004,0.676
378500,0.342,0.004,0.654
379000,0.318,0.005,0.677
379500,0.349,0.005,0.646
380000,0.363,0.009,0.628
380500,0.311,0.011,0.679
381000,0.331,0.007,0.662
381500,0.316,0.009,0.675
382000,0.333,0.014,0.653
382500,0.288,0.004,0.708
383000,0.276,0.013,0.711
383500,0.309,0.006,0.684
384000,0.311,0.006,0.682
384500,0.321,0.009,0.671
385000,0.283,0.005,0.711
385500,0.298,0.002,0.700
386000,0.324,0.001,0.675
386500,0.337,0.008,0.655
387000,0.308,0.009,0.683
387500,0.351,0.011,0.638
388000,0.350,0.007,0.643
388500,0.354,0.001,0.644
389000,0.423,0.001,0.576
389500,0.396,0.002,0.602
390000,0.344,0.005,0.650
390500,0.311,0.003,0.686
391000,0.277,0.006,0.717
391500,0.306,0.003,0.692
392000,0.329,0.006,0.665
392500,0.372,0.005,0.623
393000,0.319,0.011,0.670
393500,0.294,0.009,0.697
394000,0.365,0.001,0.634
394500,0.356,0.001,0.643
395000,0.326,0.000,0.674
395500,0.369,0.000,0.631
396000,0.387,0.000,0.613
396500,0.408,0.000,0.592
397000,0.418,0.004,0.579
397500,0.418,0.001,0.581
398000,0.384,0.001,0.616
398500,0.314,0.003,0.684
399000,0.338,0.004,0.658
399500,0.345,0.001,0.654
400000,0.342,0.004,0.655
400500,0.330,0.004,0.665
401000,0.297,0.005,0.698
401500,0.323,0.005,0.672
402000,0.322,0.008,0.670
402500,0.311,0.004,0.684
403000,0.343,0.005,0.652
403500,0.283,0.003,0.714
404000,0.303,0.013,0.684
404500,0.276,0.004,0.720
405000,0.299,0.003,0.698
405500,0.301,0.009,0.691
406000,0.311,0.004,0.684
406500,0.356,0.004,0.640
407000,0.358,0.004,0.637
407500,0.352,0.003,0.646
408000,0.362,0.000,0.638
408500,0.363,0.000,0.637
409000,0.345,0.000,0.655
409500,0.344,0.003,0.654
410000,0.346,0.004,0.650
410500,0.350,0.001,0.650
411000,0.395,0.005,0.600
411500,0.392,0.001,0.608
412000,0.374,0.013,0.614
412500,0.357,0.006,0.636
413000,0.342,0.001,0.658
413500,0.330,0.003,0.667
414000,0.298,0.006,0.696
414500,0.310,0.011,0.678
415000,0.324,0.011,0.665
415500,0.300,0.006,0.694
416000,0.275,0.007,0.718
416500,0.304,0.005,0.691
417000,0.298,0.015,0.686
417500,0.329,0.011,0.660
418000,0.374,0.004,0.622
418500,0.392,0.003,0.605
419000,0.351,0.002,0.647
419500,0.343,0.000,0.657
420000,0.322,0.001,0.677
420500,0.330,0.011,0.659
421000,0.296,0.007,0.697
421500,0.256,0.006,0.738
422000,0.278,0.007,0.715
422500,0.288,0.003,0.709
423000,0.307,0.004,0.689
423500,0.318,0.004,0.679
424000,0.294,0.002,0.704
424500,0.339,0.009,0.652
425000,0.319,0.013,0.668
425500,0.311,0.011,0.677
426000,0.337,0.003,0.660
426500,0.314,0.011,0.675
427000,0.309,0.007,0.684
427500,0.314,0.007,0.679
428000,0.336,0.009,0.655
428500,0.347,0.005,0.648
429000,0.321,0.008,0.671
429500,0.342,0.004,0.654
430000,0.360,0.001,0.639
430500,0.370,0.000,0.630
431000,0.398,0.004,0.599
431500,0.349,0.000,0.651
432000,0.385,0.000,0.615
432500,0.347,0.003,0.650
433000,0.334,0.002,0.664
433500,0.320,0.004,0.676
434000,0.341,0.004,0.655
434500,0.377,0.002,0.621
435000,0.345,0.002,0.653
435500,0.356,0.003,0.641
436000,0.314,0.007,0.678
436500,0.357,0.005,0.638
437000,0.352,0.006,0.641
437500,0.363,0.008,0.629
438000,0.356,0.008,0.636
438500,0.343,0.002,0.655
439000,0.350,0.009,0.642
439500,0.311,0.005,0.684
440000,0.344,0.004,0.652
440500,0.377,0.003,0.621
441000,0.356,0.003,0.641
441500,0.363,0.004,0.633
442000,0.343,0.000,0.657
442500,0.364,0.004,0.632
443000,0.349,0.001,0.650
443500,0.343,0.002,0.655
444000,0.334,0.004,0.662
444500,0.340,0.000,0.660
445000,0.389,0.000,0.611
445500,0.384,0.002,0.614
446000,0.366,0.000,0.634
446500,0.333,0.003,0.664
447000,0.365,0.001,0.634
447500,0.379,0.000,0.621
448000,0.404,0.000,0.596
448500,0.399,0.004,0.597
449000,0.366,0.005,0.628
449500,0.317,0.005,0.678
450000,0.298,0.006,0.696
450500,0.278,0.009,0.714
451000,0.290,0.009,0.702
451500,0.331,0.002,0.667
452000,0.318,0.001,0.681
452500,0.315,0.000,0.685
453000,0.309,0.003,0.688
453500,0.348,0.001,0.652
454000,0.377,0.007,0.616
454500,0.369,0.005,0.625
455000,0.335,0.002,0.664
455500,0.329,0.004,0.667
456000,0.322,0.009,0.669
456500,0.357,0.007,0.635
457000,0.364,0.005,0.630
457500,0.395,0.001,0.605
458000,0.395,0.001,0.604
458500,0.376,0.000,0.624
459000,0.388,0.004,0.609
459500,0.361,0.003,0.636
460000,0.342,0.001,0.657
460500,0.357,0.000,0.643
461000,0.354,0.006,0.639
461500,0.379,0.001,0.621
462000,0.393,0.002,0.605
462500,0.410,0.001,0.589
463000,0.381,0.005,0.614
463500,0.377,0.004,0.619
464000,0.367,0.000,0.633
464500,0.332,0.004,0.664
465000,0.354,0.002,0.644
465500,0.365,0.002,0.633
466000,0.371,0.001,0.629
466500,0.337,0.000,0.663
467000,0.330,0.009,0.661
467500,0.323,0.006,0.671
468000,0.328,0.005,0.666
468500,0.335,0.009,0.657
469000,0.330,0.002,0.668
469500,0.333,0.003,0.665
470000,0.306,0.009,0.684
470500,0.324,0.007,0.669
471000,0.324,0.006,0.670
471500,0.379,0.004,0.618
472000,0.421,0.007,0.572
472500,0.390,0.006,0.605
473000,0.362,0.006,0.632
473500,0.324,0.001,0.675
474000,0.352,0.005,0.642
474500,0.345,0.002,0.654
475000,0.337,0.005,0.658
475500,0.298,0.011,0.690
476000,0.329,0.011,0.660
476500,0.326,0.011,0.662
477000,0.314,0.015,0.671
477500,0.333,0.009,0.659
478000,0.304,0.011,0.685
478500,0.319,0.004,0.678
479000,0.328,0.006,0.666
479500,0.352,0.004,0.644
480000,0.309,0.004,0.687
480500,0.316,0.009,0.674
481000,0.327,0.005,0.668
481500,0.311,0.004,0.685
482000,0.347,0.003,0.650
482500,0.350,0.001,0.650
483000,0.304,0.006,0.690
483500,0.308,0.009,0.683
484000,0.308,0.010,0.681
484500,0.327,0.007,0.666
485000,0.344,0.002,0.654
485500,0.326,0.005,0.669
486000,0.339,0.004,0.658
486500,0.322,0.002,0.676
487000,0.316,0.007,0.677
487500,0.331,0.005,0.664
488000,0.331,0.005,0.664
488500,0.340,0.011,0.649
489000,0.316,0.009,0.675
489500,0.336,0.003,0.661
490000,0.315,0.005,0.680
490500,0.334,0.003,0.664
491000,0.321,0.001,0.679
491500,0.353,0.000,0.647
492000,0.333,0.002,0.666
492500,0.334,0.004,0.662
493000,0.350,0.001,0.649
493500,0.352,0.000,0.648
494000,0.374,0.003,0.623
494500,0.389,0.003,0.609
495000,0.349,0.004,0.648
495500,0.361,0.000,0.639
496000,0.323,0.004,0.673
496500,0.324,0.011,0.665
497000,0.317,0.005,0.678
497500,0.317,0.007,0.676
498000,0.319,0.004,0.678
498500,0.309,0.003,0.688
499000,0.369,0.002,0.629
499500,0.383,0.004,0.614
500000,0.401,0.004,0.596
500500,0.316,0.004,0.679
501000,0.352,0.004,0.644
501500,0.350,0.007,0.642
502000,0.306,0.007,0.686
502500,0.318,0.013,0.669
503000,0.331,0.011,0.658
503500,0.311,0.012,0.676
504000,0.328,0.008,0.664
504500,0.345,0.006,0.649
505000,0.335,0.004,0.662
505500,0.321,0.008,0.671
506000,0.331,0.003,0.666
506500,0.312,0.003,0.685
507000,0.314,0.004,0.682
507500,0.318,0.006,0.676
508000,0.324,0.003,0.673
508500,0.309,0.009,0.682
509000,0.336,0.006,0.657
509500,0.287,0.003,0.710
510000,0.298,0.010,0.692
510500,0.315,0.018,0.668
511000,0.309,0.007,0.683
511500,0.311,0.008,0.681
512000,0.312,0.007,0.680
512500,0.301,0.000,0.699
513000,0.340,0.001,0.659
513500,0.386,0.001,0.614
514000,0.367,0.005,0.628
514500,0.387,0.003,0.611
515000,0.370,0.002,0.627
515500,0.387,0.001,0.613
516000,0.366,0.004,0.630
516500,0.356,0.003,0.640
517000,0.380,0.001,0.620
517500,0.391,0.000,0.609
518000,0.417,0.000,0.583
518500,0.415,0.000,0.585
519000,0.368,0.000,0.632
519500,0.364,0.000,0.636
520000,0.333,0.002,0.665
520500,0.334,0.001,0.665
521000,0.345,0.000,0.655
521500,0.354,0.000,0.645
522000,0.370,0.005,0.624
522500,0.393,0.002,0.605
523000,0.355,0.003,0.642
523500,0.367,0.001,0.632
524000,0.383,0.000,0.617
524500,0.395,0.000,0.605
525000,0.368,0.000,0.632
525500,0.331,0.013,0.656
526000,0.328,0.006,0.666
526500,0.341,0.002,0.657
527000,0.378,0.001,0.622
527500,0.352,0.000,0.647
528000,0.370,0.004,0.626
528500,0.373,0.007,0.620
529000,0.372,0.001,0.627
529500,0.365,0.000,0.635
530000,0.371,0.000,0.629
530500,0.318,0.007,0.675
531000,0.310,0.004,0.685
531500,0.325,0.004,0.671
532000,0.306,0.005,0.689
532500,0.291,0.009,0.700
533000,0.317,0.010,0.673
533500,0.268,0.007,0.725
534000,0.307,0.002,0.691
534500,0.356,0.005,0.638
535000,0.352,0.003,0.645
535500,0.371,0.004,0.625
536000,0.354,0.001,0.645
536500,0.340,0.001,0.659
537000,0.330,0.000,0.670
537500,0.304,0.006,0.690
538000,0.303,0.008,0.689
538500,0.302,0.004,0.694
539000,0.340,0.003,0.657
539500,0.370,0.001,0.629
540000,0.380,0.005,0.615
540500,0.376,0.007,0.617
541000,0.347,0.004,0.649
541500,0.328,0.011,0.661
542000,0.309,0.009,0.683
542500,0.295,0.011,0.694
543000,0.315,0.011,0.675
543500,0.289,0.004,0.707
544000,0.303,0.006,0.691
544500,0.308,0.002,0.691
545000,0.277,0.011,0.713
545500,0.316,0.005,0.678
546000,0.287,0.005,0.708
546500,0.338,0.008,0.654
547000,0.358,0.005,0.637
547500,0.394,0.000,0.606
548000,0.353,0.000,0.647
548500,0.333,0.000,0.667
549000,0.338,0.004,0.658
549500,0.333,0.009,0.658
550000,0.286,0.009,0.706
550500,0.299,0.004,0.696
551000,0.332,0.011,0.658
551500,0.330,0.005,0.665
552000,0.341,0.002,0.658
552500,0.369,0.001,0.630
553000,0.374,0.000,0.625
553500,0.343,0.002,0.656
554000,0.303,0.004,0.694
554500,0.331,0.004,0.666
555000,0.325,0.000,0.675
555500,0.301,0.010,0.689
556000,0.294,0.005,0.700
556500,0.298,0.009,0.693
557000,0.301,0.004,0.696
557500,0.356,0.001,0.643
558000,0.346,0.000,0.653
558500,0.371,0.003,0.626
559000,0.366,0.003,0.631
559500,0.370,0.001,0.628
560000,0.379,0.001,0.621
560500,0.398,0.004,0.598
561000,0.366,0.004,0.630
561500,0.345,0.007,0.648
562000,0.330,0.001,0.669
562500,0.283,0.005,0.712
563000,0.337,0.004,0.660
563500,0.334,0.007,0.659
564000,0.334,0.001,0.666
564500,0.359,0.003,0.638
565000,0.347,0.004,0.649
565500,0.382,0.002,0.617
566000,0.367,0.001,0.633
566500,0.357,0.003,0.640
567000,0.356,0.001,0.644
567500,0.344,0.001,0.656
568000,0.318,0.004,0.678
568500,0.329,0.007,0.664
569000,0.332,0.004,0.665
569500,0.357,0.002,0.641
570000,0.358,0.001,0.642
570500,0.342,0.005,0.653
571000,0.321,0.000,0.679
571500,0.356,0.001,0.643
572000,0.376,0.003,0.622
572500,0.361,0.005,0.634
573000,0.350,0.003,0.647
573500,0.382,0.001,0.618
574000,0.368,0.001,0.630
574500,0.365,0.000,0.635
575000,0.362,0.000,0.638
575500,0.388,0.000,0.613
576000,0.388,0.004,0.609
576500,0.353,0.000,0.647
577000,0.396,0.000,0.605
577500,0.422,0.003,0.575
578000,0.376,0.004,0.620
578500,0.318,0.002,0.680
579000,0.368,0.001,0.631
579500,0.380,0.000,0.621
580000,0.357,0.003,0.641
580500,0.390,0.004,0.606
581000,0.358,0.004,0.638
581500,0.336,0.002,0.663
582000,0.340,0.001,0.659
582500,0.339,0.004,0.657
583000,0.353,0.011,0.636
583500,0.344,0.004,0.652
584000,0.319,0.004,0.677
584500,0.309,0.004,0.687
585000,0.316,0.007,0.677
585500,0.373,0.006,0.620
586000,0.378,0.001,0.622
586500,0.365,0.001,0.634
587000,0.374,0.004,0.621
587500,0.310,0.006,0.683
588000,0.298,0.004,0.698
588500,0.303,0.006,0.690
589000,0.317,0.003,0.681
589500,0.335,0.001,0.664
590000,0.346,0.002,0.652
590500,0.322,0.003,0.675
591000,0.293,0.003,0.704
591500,0.304,0.012,0.684
592000,0.301,0.008,0.691
592500,0.325,0.008,0.667
593000,0.342,0.006,0.651
593500,0.327,0.004,0.669
594000,0.345,0.007,0.647
594500,0.328,0.004,0.669
595000,0.363,0.002,0.635
595500,0.333,0.000,0.667
596000,0.350,0.009,0.642
596500,0.324,0.005,0.671
597000,0.303,0.007,0.690
597500,0.284,0.025,0.691
598000,0.265,0.015,0.721
598500,0.269,0.006,0.725
599000,0.296,0.003,0.701
599500,0.317,0.005,0.678
600000,0.319,0.011,0.671
600500,0.284,0.004,0.712
601000,0.315,0.003,0.682
601500,0.334,0.001,0.666
602000,0.344,0.000,0.655
602500,0.363,0.003,0.634
603000,0.359,0.008,0.633
603500,0.343,0.004,0.654
604000,0.384,0.001,0.616
604500,0.376,0.000,0.625
605000,0.358,0.004,0.639
605500,0.329,0.003,0.668
606000,0.353,0.002,0.645
606500,0.349,0.004,0.647
607000,0.384,0.001,0.615
607500,0.373,0.004,0.623
608000,0.355,0.006,0.639
608500,0.334,0.004,0.662
609000,0.352,0.003,0.646
609500,0.347,0.001,0.652
610000,0.383,0.000,0.617
610500,0.419,0.000,0.581
611000,0.379,0.000,0.621
611500,0.369,0.000,0.631
612000,0.348,0.000,0.652
612500,0.377,0.000,0.623
613000,0.339,0.000,0.661
613500,0.327,0.000,0.673
614000,0.327,0.004,0.669
614500,0.328,0.010,0.662
615000,0.367,0.004,0.628
615500,0.347,0.001,0.652
616000,0.355,0.003,0.642
616500,0.371,0.006,0.623
617000,0.376,0.003,0.622
617500,0.360,0.006,0.634
618000,0.355,0.004,0.641
618500,0.337,0.002,0.661
619000,0.357,0.000,0.643
619500,0.372,0.000,0.628
620000,0.351,0.005,0.643
620500,0.291,0.008,0.701
621000,0.308,0.006,0.685
621500,0.332,0.009,0.659
622000,0.278,0.007,0.715
622500,0.298,0.013,0.689
623000,0.297,0.010,0.693
623500,0.299,0.009,0.692
624000,0.308,0.011,0.680
624500,0.345,0.004,0.650
625000,0.345,0.001,0.654
625500,0.345,0.004,0.650
626000,0.349,0.002,0.649
626500,0.314,0.005,0.681
627000,0.326,0.004,0.670
627500,0.329,0.003,0.668
628000,0.386,0.004,0.611
628500,0.397,0.002,0.601
629000,0.339,0.000,0.661
629500,0.333,0.003,0.664
630000,0.349,0.001,0.650
630500,0.337,0.004,0.660
631000,0.355,0.003,0.642
631500,0.366,0.009,0.624
632000,0.360,0.005,0.635
632500,0.347,0.007,0.645
633000,0.323,0.006,0.671
633500,0.322,0.006,0.672
634000,0.344,0.006,0.650
634500,0.338,0.004,0.657
635000,0.323,0.009,0.668
635500,0.356,0.004,0.639
636000,0.331,0.002,0.667
636500,0.356,0.001,0.644
637000,0.347,0.000,0.653
637500,0.337,0.004,0.659
638000,0.338,0.000,0.662
638500,0.330,0.006,0.664
639000,0.358,0.002,0.640
639500,0.369,0.004,0.627
640000,0.394,0.003,0.604
640500,0.373,0.001,0.627
641000,0.340,0.000,0.660
641500,0.353,0.001,0.646
642000,0.324,0.003,0.673
642500,0.350,0.002,0.648
643000,0.326,0.001,0.673
643500,0.343,0.004,0.653
644000,0.339,0.001,0.660
644500,0.362,0.001,0.637
645000,0.407,0.001,0.593
645500,0.389,0.000,0.611
646000,0.379,0.000,0.621
646500,0.359,0.002,0.639
647000,0.335,0.002,0.663
647500,0.332,0.001,0.667
648000,0.343,0.003,0.654
648500,0.332,0.006,0.662
649000,0.295,0.013,0.691
649500,0.325,0.004,0.671
650000,0.337,0.004,0.659
650500,0.321,0.008,0.671
651000,0.321,0.006,0.673
651500,0.346,0.009,0.645
652000,0.348,0.005,0.646
652500,0.354,0.004,0.643
653000,0.395,0.003,0.603
653500,0.366,0.004,0.629
654000,0.364,0.002,0.634
654500,0.357,0.000,0.643
655000,0.337,0.000,0.663
655500,0.337,0.002,0.661
656000,0.398,0.004,0.598
656500,0.373,0.009,0.618
657000,0.351,0.004,0.646
657500,0.338,0.001,0.661
658000,0.377,0.012,0.611
658500,0.376,0.004,0.620
659000,0.351,0.004,0.645
659500,0.349,0.004,0.648
660000,0.374,0.006,0.620
660500,0.333,0.005,0.662
661000,0.341,0.004,0.655
661500,0.326,0.004,0.670
662000,0.318,0.007,0.675
662500,0.339,0.007,0.654
663000,0.317,0.005,0.678
663500,0.312,0.005,0.682
664000,0.323,0.007,0.670
664500,0.336,0.011,0.653
665000,0.360,0.006,0.633
665500,0.355,0.006,0.639
666000,0.351,0.005,0.644
666500,0.357,0.005,0.637
667000,0.340,0.013,0.648
667500,0.341,0.009,0.651
668000,0.344,0.006,0.649
668500,0.357,0.004,0.640
669000,0.387,0.001,0.612
669500,0.370,0.006,0.623
670000,0.365,0.002,0.633
670500,0.360,0.003,0.637
671000,0.377,0.001,0.622
671500,0.380,0.001,0.620
672000,0.346,0.002,0.651
672500,0.375,0.001,0.625
673000,0.364,0.002,0.634
673500,0.383,0.001,0.617
674000,0.344,0.000,0.655
674500,0.396,0.002,0.602
675000,0.358,0.001,0.640
675500,0.350,0.003,0.647
676000,0.362,0.003,0.635
676500,0.380,0.001,0.620
677000,0.387,0.006,0.607
677500,0.382,0.007,0.611
678000,0.344,0.003,0.653
678500,0.375,0.001,0.625
679000,0.361,0.000,0.639
679500,0.391,0.009,0.601
680000,0.388,0.002,0.611
680500,0.391,0.001,0.608
681000,0.372,0.001,0.628
681500,0.390,0.004,0.607
682000,0.358,0.002,0.641
682500,0.349,0.001,0.650
683000,0.334,0.001,0.665
683500,0.301,0.000,0.699
684000,0.293,0.009,0.698
684500,0.327,0.007,0.666
685000,0.332,0.006,0.662
685500,0.314,0.003,0.684
686000,0.314,0.007,0.679
686500,0.352,0.002,0.647
687000,0.365,0.000,0.635
687500,0.368,0.000,0.632
688000,0.369,0.002,0.629
688500,0.381,0.001,0.619
689000,0.387,0.000,0.613
689500,0.362,0.007,0.631
690000,0.333,0.003,0.665
690500,0.361,0.002,0.638
691000,0.348,0.011,0.642
691500,0.360,0.001,0.639
692000,0.366,0.001,0.633
692500,0.352,0.003,0.645
693000,0.314,0.000,0.686
693500,0.338,0.003,0.659
694000,0.349,0.004,0.647
694500,0.337,0.006,0.657
695000,0.325,0.002,0.673
695500,0.344,0.002,0.655
696000,0.330,0.006,0.663
696500,0.336,0.005,0.659
697000,0.365,0.004,0.631
697500,0.344,0.007,0.649
698000,0.344,0.013,0.643
698500,0.351,0.005,0.643
699000,0.364,0.002,0.635
699500,0.330,0.004,0.666
700000,0.333,0.009,0.659
700500,0.344,0.003,0.654
701000,0.362,0.004,0.634
701500,0.345,0.002,0.653
702000,0.359,0.001,0.640
702500,0.321,0.000,0.679
703000,0.311,0.003,0.685
703500,0.303,0.013,0.684
704000,0.294,0.006,0.700
704500,0.299,0.004,0.697
705000,0.386,0.001,0.614
705500,0.383,0.002,0.616
706000,0.385,0.003,0.612
706500,0.371,0.004,0.624
707000,0.363,0.002,0.636
707500,0.324,0.003,0.673
708000,0.299,0.003,0.698
708500,0.306,0.007,0.687
709000,0.280,0.017,0.703
709500,0.315,0.011,0.674
710000,0.312,0.004,0.684
710500,0.277,0.012,0.711
711000,0.295,0.013,0.692
711500,0.317,0.007,0.676
712000,0.307,0.006,0.687
712500,0.310,0.009,0.681
713000,0.304,0.002,0.694
713500,0.311,0.002,0.686
714000,0.313,0.009,0.678
714500,0.319,0.004,0.678
715000,0.291,0.004,0.705
715500,0.285,0.004,0.711
716000,0.318,0.001,0.681
716500,0.324,0.006,0.669
717000,0.317,0.007,0.676
717500,0.307,0.003,0.690
718000,0.283,0.009,0.708
718500,0.263,0.007,0.731
719000,0.281,0.016,0.703
719500,0.347,0.004,0.649
720000,0.318,0.004,0.678
720500,0.337,0.004,0.659
721000,0.347,0.002,0.651
721500,0.329,0.002,0.669
722000,0.350,0.006,0.643
722500,0.367,0.001,0.632
723000,0.331,0.001,0.668
723500,0.370,0.001,0.630
724000,0.407,0.000,0.593
724500,0.363,0.004,0.633
725000,0.393,0.001,0.607
725500,0.406,0.000,0.595
726000,0.350,0.003,0.646
726500,0.390,0.001,0.610
727000,0.375,0.001,0.624
727500,0.359,0.000,0.641
728000,0.344,0.000,0.656
728500,0.332,0.002,0.666
729000,0.296,0.004,0.701
729500,0.280,0.003,0.718
730000,0.292,0.009,0.698
730500,0.339,0.008,0.653
731000,0.356,0.003,0.641
731500,0.366,0.003,0.632
732000,0.323,0.002,0.676
732500,0.330,0.000,0.670
733000,0.315,0.004,0.682
733500,0.340,0.000,0.660
734000,0.355,0.006,0.639
734500,0.359,0.002,0.640
735000,0.354,0.004,0.641
735500,0.317,0.009,0.674
736000,0.306,0.013,0.680
736500,0.304,0.011,0.684
737000,0.295,0.003,0.702
737500,0.339,0.001,0.660
738000,0.346,0.001,0.653
738500,0.364,0.003,0.633
739000,0.401,0.003,0.596
739500,0.440,0.004,0.556
740000,0.462,0.001,0.538
740500,0.389,0.004,0.608
741000,0.367,0.002,0.631
741500,0.388,0.004,0.608
742000,0.416,0.001,0.583
742500,0.364,0.004,0.632
743000,0.361,0.000,0.639
743500,0.350,0.000,0.649
744000,0.393,0.000,0.607
744500,0.337,0.000,0.663
745000,0.347,0.004,0.648
745500,0.347,0.006,0.647
746000,0.320,0.004,0.676
746500,0.350,0.002,0.648
747000,0.361,0.004,0.636
747500,0.359,0.001,0.640
748000,0.346,0.002,0.652
748500,0.348,0.005,0.646
749000,0.344,0.005,0.650
749500,0.334,0.009,0.658
750000,0.341,0.007,0.652
750500,0.336,0.003,0.661
751000,0.356,0.004,0.641
751500,0.336,0.001,0.664
752000,0.326,0.010,0.664
752500,0.297,0.013,0.691
753000,0.308,0.005,0.687
753500,0.314,0.001,0.685
754000,0.285,0.004,0.710
754500,0.304,0.009,0.688
755000,0.332,0.003,0.665
755500,0.318,0.001,0.682
756000,0.339,0.005,0.656
756500,0.308,0.004,0.687
757000,0.291,0.004,0.706
757500,0.320,0.005,0.675
758000,0.319,0.005,0.676
758500,0.331,0.008,0.661
759000,0.331,0.002,0.667
759500,0.345,0.001,0.654
760000,0.366,0.005,0.628
760500,0.345,0.002,0.654
761000,0.349,0.000,0.651
761500,0.350,0.000,0.649
762000,0.361,0.000,0.639
762500,0.376,0.001,0.624
763000,0.377,0.004,0.619
763500,0.386,0.002,0.613
764000,0.351,0.003,0.646
764500,0.346,0.001,0.653
765000,0.340,0.004,0.656
765500,0.345,0.006,0.649
766000,0.327,0.006,0.667
766500,0.342,0.005,0.653
767000,0.349,0.002,0.649
767500,0.340,0.007,0.653
768000,0.312,0.015,0.673
768500,0.366,0.005,0.628
769000,0.367,0.004,0.629
769500,0.345,0.004,0.651
770000,0.331,0.006,0.663
770500,0.320,0.006,0.674
771000,0.360,0.003,0.637
771500,0.322,0.002,0.677
772000,0.333,0.006,0.661
772500,0.344,0.005,0.651
773000,0.336,0.001,0.663
773500,0.312,0.001,0.688
774000,0.343,0.000,0.657
774500,0.388,0.000,0.612
775000,0.350,0.000,0.650
775500,0.344,0.009,0.647
776000,0.329,0.001,0.670
776500,0.309,0.007,0.684
777000,0.308,0.005,0.686
777500,0.314,0.002,0.684
778000,0.331,0.006,0.663
778500,0.323,0.006,0.671
779000,0.329,0.005,0.666
779500,0.364,0.004,0.632
780000,0.385,0.003,0.613
780500,0.360,0.004,0.636
781000,0.357,0.001,0.642
781500,0.369,0.003,0.629
782000,0.370,0.001,0.629
782500,0.329,0.005,0.666
783000,0.313,0.001,0.686
783500,0.309,0.009,0.682
784000,0.293,0.004,0.702
784500,0.317,0.004,0.679
785000,0.339,0.006,0.655
785500,0.336,0.004,0.661
786000,0.336,0.001,0.663
786500,0.358,0.004,0.637
787000,0.348,0.002,0.650
787500,0.353,0.001,0.646
788000,0.334,0.001,0.665
788500,0.319,0.001,0.681
789000,0.305,0.002,0.693
789500,0.330,0.009,0.661
790000,0.276,0.007,0.717
790500,0.296,0.007,0.697
791000,0.332,0.009,0.659
791500,0.318,0.006,0.676
792000,0.313,0.003,0.685
792500,0.342,0.015,0.643
793000,0.318,0.007,0.675
793500,0.332,0.008,0.660
794000,0.325,0.005,0.670
794500,0.361,0.001,0.638
795000,0.355,0.003,0.642
795500,0.336,0.005,0.659
796000,0.357,0.006,0.636
796500,0.347,0.004,0.649
797000,0.344,0.003,0.652
797500,0.333,0.001,0.667
798000,0.364,0.001,0.634
798500,0.388,0.001,0.612
799000,0.401,0.000,0.599
799500,0.367,0.006,0.627
800000,0.362,0.002,0.636
800500,0.371,0.000,0.629
801000,0.420,0.003,0.577
801500,0.377,0.001,0.623
802000,0.356,0.000,0.644
802500,0.347,0.004,0.649
803000,0.379,0.003,0.618
803500,0.371,0.003,0.626
804000,0.369,0.000,0.631
804500,0.376,0.002,0.622
805000,0.423,0.000,0.577
805500,0.401,0.004,0.596
806000,0.409,0.003,0.588
806500,0.417,0.002,0.582
807000,0.396,0.001,0.603
807500,0.388,0.000,0.612
808000,0.362,0.007,0.630
808500,0.336,0.004,0.660
809000,0.341,0.001,0.659
809500,0.344,0.001,0.656
810000,0.384,0.004,0.613
810500,0.388,0.001,0.612
811000,0.400,0.001,0.600
811500,0.406,0.003,0.592
812000,0.401,0.001,0.599
812500,0.401,0.000,0.599
813000,0.402,0.000,0.598
813500,0.406,0.005,0.590
814000,0.399,0.001,0.600
814500,0.394,0.003,0.603
815000,0.401,0.003,0.597
815500,0.416,0.004,0.580
816000,0.392,0.004,0.604
816500,0.344,0.009,0.648
817000,0.330,0.012,0.658
817500,0.334,0.004,0.662
818000,0.372,0.002,0.626
818500,0.310,0.001,0.689
819000,0.344,0.001,0.654
819500,0.308,0.005,0.686
820000,0.277,0.004,0.720
820500,0.291,0.006,0.703
821000,0.278,0.009,0.714
821500,0.336,0.004,0.660
822000,0.301,0.009,0.690
822500,0.312,0.003,0.685
823000,0.317,0.005,0.678
823500,0.353,0.002,0.646
824000,0.349,0.001,0.650
824500,0.329,0.004,0.668
825000,0.309,0.009,0.682
825500,0.299,0.007,0.694
826000,0.315,0.006,0.679
826500,0.356,0.002,0.642
827000,0.383,0.005,0.612
827500,0.338,0.003,0.659
828000,0.337,0.011,0.652
828500,0.318,0.006,0.676
829000,0.287,0.004,0.709
829500,0.300,0.001,0.699
830000,0.346,0.003,0.650
830500,0.314,0.009,0.677
831000,0.332,0.004,0.664
831500,0.303,0.004,0.693
832000,0.324,0.011,0.665
832500,0.339,0.004,0.658
833000,0.364,0.001,0.635
833500,0.352,0.004,0.643
834000,0.340,0.001,0.659
834500,0.333,0.000,0.667
835000,0.340,0.004,0.656
835500,0.320,0.004,0.675
836000,0.334,0.008,0.658
836500,0.320,0.006,0.674
837000,0.267,0.015,0.718
837500,0.315,0.014,0.671
838000,0.293,0.015,0.692
838500,0.322,0.004,0.674
839000,0.350,0.001,0.650
839500,0.323,0.002,0.676
840000,0.347,0.004,0.649
840500,0.335,0.004,0.661
841000,0.311,0.002,0.688
841500,0.343,0.003,0.655
842000,0.309,0.004,0.686
842500,0.334,0.005,0.661
843000,0.319,0.000,0.681
843500,0.326,0.003,0.672
844000,0.327,0.000,0.673
844500,0.402,0.002,0.597
845000,0.398,0.005,0.598
845500,0.376,0.002,0.623
846000,0.378,0.000,0.622
846500,0.363,0.002,0.635
847000,0.309,0.001,0.690
847500,0.326,0.002,0.672
848000,0.384,0.002,0.614
848500,0.369,0.001,0.630
849000,0.342,0.001,0.657
849500,0.362,0.000,0.637
850000,0.372,0.001,0.627
850500,0.365,0.001,0.635
851000,0.381,0.005,0.614
851500,0.359,0.001,0.640
852000,0.356,0.003,0.641
852500,0.364,0.001,0.636
853000,0.401,0.000,0.599
853500,0.369,0.002,0.629
854000,0.361,0.000,0.639
854500,0.350,0.000,0.649
855000,0.338,0.004,0.658
855500,0.324,0.003,0.673
856000,0.330,0.002,0.669
856500,0.323,0.009,0.668
857000,0.303,0.009,0.688
857500,0.327,0.007,0.666
858000,0.347,0.004,0.649
858500,0.371,0.001,0.628
859000,0.342,0.004,0.654
859500,0.327,0.004,0.669
860000,0.326,0.006,0.668
860500,0.366,0.006,0.628
861000,0.377,0.004,0.620
861500,0.420,0.001,0.579
862000,0.392,0.000,0.609
862500,0.369,0.000,0.631
863000,0.357,0.001,0.643
863500,0.355,0.009,0.636
864000,0.346,0.004,0.650
864500,0.362,0.005,0.633
865000,0.396,0.004,0.600
865500,0.352,0.001,0.646
866000,0.367,0.004,0.628
866500,0.391,0.003,0.606
867000,0.393,0.001,0.607
867500,0.386,0.001,0.614
868000,0.406,0.000,0.595
868500,0.406,0.000,0.595
869000,0.344,0.003,0.654
869500,0.329,0.010,0.661
870000,0.363,0.002,0.635
870500,0.339,0.002,0.660
871000,0.334,0.002,0.664
871500,0.368,0.004,0.629
872000,0.385,0.001,0.614
872500,0.352,0.004,0.644
873000,0.320,0.008,0.672
873500,0.357,0.004,0.639
874000,0.368,0.001,0.631
874500,0.380,0.000,0.621
875000,0.320,0.004,0.677
875500,0.320,0.003,0.677
876000,0.306,0.004,0.690
876500,0.329,0.002,0.669
877000,0.314,0.006,0.680
877500,0.330,0.004,0.666
878000,0.311,0.001,0.688
878500,0.317,0.000,0.683
879000,0.330,0.000,0.670
879500,0.332,0.003,0.665
880000,0.310,0.003,0.687
880500,0.349,0.011,0.641
881000,0.313,0.004,0.683
881500,0.307,0.002,0.691
882000,0.343,0.004,0.654
882500,0.345,0.004,0.650
883000,0.338,0.005,0.657
883500,0.382,0.003,0.615
884000,0.333,0.002,0.665
884500,0.337,0.006,0.657
885000,0.355,0.002,0.643
885500,0.364,0.003,0.634
886000,0.331,0.007,0.662
886500,0.321,0.003,0.677
887000,0.371,0.005,0.624
887500,0.385,0.003,0.613
888000,0.365,0.001,0.634
888500,0.386,0.001,0.614
889000,0.316,0.000,0.684
889500,0.301,0.000,0.699
890000,0.301,0.007,0.691
890500,0.315,0.005,0.680
891000,0.318,0.004,0.678
891500,0.322,0.006,0.672
892000,0.295,0.006,0.698
892500,0.328,0.005,0.666
893000,0.357,0.004,0.640
893500,0.348,0.009,0.644
894000,0.327,0.007,0.666
894500,0.340,0.009,0.651
895000,0.335,0.005,0.660
895500,0.329,0.013,0.659
896000,0.330,0.004,0.667
896500,0.371,0.003,0.626
897000,0.336,0.002,0.662
897500,0.351,0.001,0.649
898000,0.346,0.004,0.651
898500,0.352,0.006,0.641
899000,0.325,0.010,0.665
899500,0.344,0.009,0.648
900000,0.352,0.007,0.641
900500,0.355,0.002,0.643
901000,0.363,0.004,0.633
901500,0.367,0.004,0.629
902000,0.330,0.005,0.665
902500,0.344,0.005,0.651
903000,0.350,0.004,0.646
903500,0.323,0.001,0.676
904000,0.322,0.000,0.678
904500,0.319,0.004,0.677
905000,0.348,0.001,0.650
905500,0.361,0.001,0.638
906000,0.361,0.004,0.635
906500,0.357,0.002,0.641
907000,0.369,0.005,0.626
907500,0.390,0.001,0.609
908000,0.419,0.000,0.581
908500,0.435,0.000,0.565
909000,0.399,0.000,0.601
909500,0.385,0.000,0.615
910000,0.352,0.000,0.648
910500,0.344,0.004,0.652
911000,0.399,0.001,0.600
911500,0.363,0.001,0.636
912000,0.328,0.002,0.670
912500,0.336,0.001,0.663
913000,0.320,0.008,0.672
913500,0.308,0.006,0.686
914000,0.327,0.006,0.667
914500,0.368,0.004,0.628
915000,0.305,0.002,0.693
915500,0.314,0.007,0.679
916000,0.328,0.002,0.670
916500,0.354,0.005,0.641
917000,0.334,0.007,0.658
917500,0.294,0.004,0.703
918000,0.296,0.005,0.699
918500,0.305,0.001,0.694
919000,0.333,0.004,0.664
919500,0.355,0.003,0.642
920000,0.377,0.001,0.623
920500,0.357,0.000,0.643
921000,0.351,0.000,0.649
921500,0.368,0.000,0.632
922000,0.363,0.000,0.637
922500,0.402,0.000,0.599
923000,0.394,0.004,0.602
923500,0.368,0.005,0.627
924000,0.384,0.002,0.615
924500,0.367,0.004,0.630
925000,0.356,0.001,0.642
925500,0.368,0.000,0.631
926000,0.385,0.000,0.615
926500,0.399,0.000,0.601
927000,0.383,0.000,0.617
927500,0.365,0.000,0.635
928000,0.367,0.000,0.633
928500,0.354,0.004,0.641
929000,0.337,0.005,0.658
929500,0.329,0.004,0.667
930000,0.328,0.005,0.667
930500,0.340,0.004,0.656
931000,0.342,0.005,0.653
931500,0.332,0.003,0.665
932000,0.321,0.009,0.670
932500,0.326,0.004,0.670
933000,0.315,0.004,0.681
933500,0.298,0.005,0.697
934000,0.323,0.004,0.673
934500,0.338,0.007,0.654
935000,0.310,0.006,0.683
935500,0.323,0.006,0.671
936000,0.369,0.003,0.628
936500,0.369,0.004,0.627
937000,0.362,0.002,0.637
937500,0.351,0.005,0.644
938000,0.344,0.003,0.653
938500,0.367,0.000,0.633
939000,0.416,0.000,0.584
939500,0.400,0.000,0.601
940000,0.346,0.000,0.653
940500,0.317,0.000,0.683
941000,0.352,0.005,0.642
941500,0.306,0.000,0.694
942000,0.340,0.002,0.658
942500,0.376,0.000,0.625
943000,0.385,0.000,0.615
943500,0.372,0.005,0.623
944000,0.342,0.005,0.653
944500,0.359,0.001,0.640
945000,0.324,0.004,0.672
945500,0.283,0.007,0.710
946000,0.285,0.003,0.712
946500,0.325,0.005,0.670
947000,0.343,0.007,0.650
947500,0.363,0.006,0.631
948000,0.321,0.001,0.678
948500,0.325,0.004,0.672
949000,0.371,0.001,0.629
949500,0.374,0.004,0.622
950000,0.376,0.001,0.624
950500,0.377,0.003,0.621
951000,0.369,0.001,0.631
951500,0.370,0.004,0.625
952000,0.363,0.006,0.631
952500,0.339,0.002,0.659
953000,0.360,0.004,0.636
953500,0.350,0.001,0.649
954000,0.322,0.008,0.670
954500,0.312,0.005,0.682
955000,0.298,0.001,0.702
955500,0.311,0.005,0.683
956000,0.352,0.002,0.646
956500,0.382,0.007,0.612
957000,0.379,0.002,0.620
957500,0.345,0.001,0.654
958000,0.379,0.000,0.621
958500,0.393,0.005,0.602
959000,0.369,0.005,0.626
959500,0.378,0.005,0.618
960000,0.406,0.002,0.593
960500,0.374,0.000,0.626
961000,0.357,0.000,0.643
961500,0.366,0.000,0.633
962000,0.360,0.005,0.634
962500,0.343,0.001,0.657
963000,0.335,0.007,0.658
963500,0.339,0.004,0.657
964000,0.351,0.004,0.645
964500,0.356,0.001,0.644
965000,0.343,0.000,0.657
965500,0.314,0.004,0.683
966000,0.343,0.004,0.653
966500,0.330,0.002,0.668
967000,0.358,0.001,0.641
967500,0.358,0.001,0.640
968000,0.366,0.000,0.633
968500,0.402,0.009,0.590
969000,0.325,0.002,0.673
969500,0.329,0.006,0.665
970000,0.349,0.001,0.650
970500,0.354,0.000,0.646
971000,0.390,0.000,0.611
971500,0.376,0.000,0.625
972000,0.376,0.000,0.624
972500,0.386,0.004,0.610
973000,0.348,0.009,0.643
973500,0.333,0.002,0.666
974000,0.341,0.003,0.657
974500,0.320,0.004,0.676
975000,0.316,0.001,0.684
975500,0.301,0.005,0.694
976000,0.328,0.005,0.667
976500,0.326,0.005,0.669
977000,0.363,0.003,0.635
977500,0.368,0.002,0.631
978000,0.382,0.002,0.617
978500,0.358,0.001,0.641
979000,0.327,0.000,0.673
979500,0.345,0.004,0.651
980000,0.344,0.002,0.654
980500,0.334,0.004,0.662
981000,0.371,0.001,0.628
981500,0.333,0.001,0.666
982000,0.366,0.006,0.627
982500,0.370,0.005,0.625
983000,0.354,0.003,0.643
983500,0.373,0.001,0.626
984000,0.341,0.007,0.652
984500,0.350,0.005,0.644
985000,0.362,0.002,0.636
985500,0.386,0.004,0.611
986000,0.364,0.003,0.633
986500,0.365,0.001,0.635
987000,0.385,0.000,0.615
987500,0.336,0.005,0.658
988000,0.382,0.006,0.612
988500,0.422,0.002,0.576
989000,0.377,0.007,0.616
989500,0.380,0.002,0.619
990000,0.359,0.000,0.641
990500,0.351,0.000,0.649
991000,0.361,0.005,0.634
991500,0.314,0.001,0.686
992000,0.315,0.004,0.681
992500,0.315,0.002,0.684
993000,0.310,0.000,0.690
993500,0.286,0.000,0.714
994000,0.332,0.002,0.667
994500,0.342,0.003,0.655
995000,0.337,0.004,0.660
995500,0.334,0.003,0.663
996000,0.326,0.008,0.666
996500,0.298,0.006,0.695
997000,0.313,0.003,0.685
997500,0.351,0.003,0.646
998000,0.344,0.002,0.655
998500,0.350,0.004,0.646
999000,0.366,0.001,0.633
999500,0.358,0.003,0.638
1000000,0.335,0.004,0.661
