time,n_A+p,n_B,n_AB
500,0.030,0.664,0.306
1000,0.030,0.716,0.254
1500,0.030,0.608,0.362
2000,0.030,0.774,0.196
2500,0.030,0.881,0.089
3000,0.030,0.657,0.313
3500,0.030,0.575,0.395
4000,0.030,0.573,0.397
4500,0.030,0.768,0.202
5000,0.030,0.649,0.321
5500,0.030,0.553,0.417
6000,0.030,0.617,0.353
6500,0.030,0.575,0.395
7000,0.030,0.698,0.272
7500,0.030,0.809,0.161
8000,0.030,0.613,0.357
8500,0.030,0.705,0.265
9000,0.030,0.756,0.214
9500,0.030,0.584,0.386
10000,0.030,0.631,0.339
10500,0.030,0.651,0.319
11000,0.030,0.662,0.308
11500,0.030,0.742,0.228
12000,0.030,0.554,0.416
12500,0.030,0.566,0.404
13000,0.030,0.595,0.375
13500,0.030,0.660,0.310
14000,0.030,0.591,0.379
14500,0.030,0.479,0.491
15000,0.030,0.577,0.393
15500,0.030,0.439,0.531
16000,0.030,0.673,0.297
16500,0.030,0.603,0.367
17000,0.030,0.410,0.560
17500,0.030,0.777,0.193
18000,0.030,0.701,0.269
18500,0.030,0.665,0.305
19000,0.030,0.796,0.174
19500,0.030,0.668,0.302
20000,0.030,0.651,0.319
20500,0.030,0.624,0.346
21000,0.030,0.645,0.325
21500,0.030,0.574,0.396
22000,0.030,0.686,0.284
22500,0.030,0.718,0.252
23000,0.030,0.636,0.334
23500,0.030,0.713,0.257
24000,0.030,0.662,0.308
24500,0.030,0.525,0.445
25000,0.030,0.694,0.276
25500,0.030,0.662,0.308
26000,0.030,0.718,0.252
26500,0.030,0.680,0.290
27000,0.030,0.689,0.281
27500,0.030,0.712,0.258
28000,0.030,0.671,0.299
28500,0.030,0.609,0.361
29000,0.030,0.628,0.342
29500,0.030,0.770,0.200
30000,0.030,0.692,0.278
30500,0.030,0.649,0.321
31000,0.030,0.702,0.268
31500,0.030,0.746,0.224
32000,0.030,0.680,0.290
32500,0.030,0.605,0.365
33000,0.030,0.516,0.454
33500,0.030,0.669,0.301
34000,0.030,0.746,0.224
34500,0.030,0.691,0.279
35000,0.030,0.811,0.159
35500,0.030,0.737,0.233
36000,0.030,0.682,0.288
36500,0.030,0.770,0.200
37000,0.030,0.659,0.311
37500,0.030,0.564,0.406
38000,0.030,0.616,0.354
38500,0.030,0.607,0.363
39000,0.030,0.681,0.289
39500,0.030,0.516,0.454
40000,0.030,0.688,0.282
40500,0.030,0.653,0.317
41000,0.030,0.644,0.326
41500,0.030,0.715,0.255
42000,0.030,0.578,0.392
42500,0.030,0.588,0.382
43000,0.030,0.630,0.340
43500,0.030,0.720,0.250
44000,0.030,0.771,0.199
44500,0.030,0.601,0.369
45000,0.030,0.645,0.325
45500,0.030,0.605,0.365
46000,0.030,0.605,0.365
46500,0.030,0.521,0.449
47000,0.030,0.611,0.359
47500,0.030,0.619,0.351
48000,0.030,0.684,0.286
48500,0.030,0.691,0.279
49000,0.030,0.694,0.276
49500,0.030,0.637,0.333
50000,0.030,0.677,0.293
50500,0.030,0.671,0.299
51000,0.030,0.741,0.229
51500,0.030,0.761,0.209
52000,0.030,0.680,0.290
52500,0.030,0.867,0.103
53000,0.030,0.583,0.387
53500,0.030,0.599,0.371
54000,0.030,0.530,0.440
54500,0.030,0.632,0.338
55000,0.030,0.589,0.381
55500,0.030,0.720,0.250
56000,0.030,0.652,0.318
56500,0.030,0.818,0.152
57000,0.030,0.714,0.256
57500,0.030,0.724,0.246
58000,0.030,0.677,0.293
58500,0.030,0.704,0.266
59000,0.030,0.662,0.308
59500,0.030,0.686,0.284
60000,0.030,0.735,0.235
60500,0.030,0.584,0.386
61000,0.030,0.620,0.350
61500,0.030,0.752,0.218
62000,0.030,0.669,0.301
62500,0.030,0.660,0.310
63000,0.030,0.826,0.144
63500,0.030,0.595,0.375
64000,0.030,0.541,0.429
64500,0.030,0.690,0.280
65000,0.030,0.703,0.267
65500,0.030,0.596,0.374
66000,0.030,0.552,0.418
66500,0.030,0.681,0.289
67000,0.030,0.717,0.253
67500,0.030,0.688,0.282
68000,0.030,0.725,0.245
68500,0.030,0.542,0.428
69000,0.030,0.602,0.368
69500,0.030,0.632,0.338
70000,0.030,0.736,0.234
70500,0.030,0.622,0.348
71000,0.030,0.661,0.309
71500,0.030,0.716,0.254
72000,0.030,0.682,0.288
72500,0.030,0.617,0.353
73000,0.030,0.657,0.313
73500,0.030,0.761,0.209
74000,0.030,0.650,0.320
74500,0.030,0.669,0.301
75000,0.030,0.736,0.234
75500,0.030,0.811,0.159
76000,0.030,0.520,0.450
76500,0.030,0.530,0.440
77000,0.030,0.634,0.336
77500,0.030,0.551,0.419
78000,0.030,0.610,0.360
78500,0.030,0.606,0.364
79000,0.030,0.723,0.247
79500,0.030,0.728,0.242
80000,0.030,0.681,0.289
80500,0.030,0.628,0.342
81000,0.030,0.461,0.509
81500,0.030,0.689,0.281
82000,0.030,0.610,0.360
82500,0.030,0.604,0.366
83000,0.030,0.596,0.374
83500,0.030,0.559,0.411
84000,0.030,0.471,0.499
84500,0.030,0.706,0.264
85000,0.030,0.682,0.288
85500,0.030,0.714,0.256
86000,0.030,0.622,0.348
86500,0.030,0.719,0.251
87000,0.030,0.687,0.283
87500,0.030,0.655,0.315
88000,0.030,0.540,0.430
88500,0.030,0.605,0.365
89000,0.030,0.487,0.483
89500,0.030,0.625,0.345
90000,0.030,0.460,0.510
90500,0.030,0.678,0.292
91000,0.030,0.626,0.344
91500,0.030,0.674,0.296
92000,0.030,0.657,0.313
92500,0.030,0.760,0.210
93000,0.030,0.614,0.356
93500,0.030,0.642,0.328
94000,0.030,0.597,0.373
94500,0.030,0.576,0.394
95000,0.030,0.638,0.332
95500,0.030,0.521,0.449
96000,0.030,0.655,0.315
96500,0.030,0.723,0.247
97000,0.030,0.614,0.356
97500,0.030,0.741,0.229
98000,0.030,0.715,0.255
98500,0.030,0.670,0.300
99000,0.030,0.819,0.151
99500,0.030,0.589,0.381
100000,0.030,0.740,0.230
100500,0.030,0.668,0.302
101000,0.030,0.612,0.358
101500,0.030,0.813,0.157
102000,0.030,0.545,0.425
102500,0.030,0.820,0.150
103000,0.030,0.779,0.191
103500,0.030,0.659,0.311
104000,0.030,0.763,0.207
104500,0.030,0.701,0.269
105000,0.030,0.689,0.281
105500,0.030,0.768,0.202
106000,0.030,0.511,0.459
106500,0.030,0.610,0.360
107000,0.030,0.549,0.421
107500,0.030,0.688,0.282
108000,0.030,0.680,0.290
108500,0.030,0.671,0.299
109000,0.030,0.606,0.364
109500,0.030,0.608,0.362
110000,0.030,0.486,0.484
110500,0.030,0.702,0.268
111000,0.030,0.644,0.326
111500,0.030,0.679,0.291
112000,0.030,0.514,0.456
112500,0.030,0.774,0.196
113000,0.030,0.638,0.332
113500,0.030,0.676,0.294
114000,0.030,0.756,0.214
114500,0.030,0.762,0.208
115000,0.030,0.702,0.268
115500,0.030,0.813,0.157
116000,0.030,0.638,0.332
116500,0.030,0.576,0.394
117000,0.030,0.687,0.283
117500,0.030,0.534,0.436
118000,0.030,0.747,0.223
118500,0.030,0.735,0.235
119000,0.030,0.674,0.296
119500,0.030,0.706,0.264
120000,0.030,0.625,0.345
120500,0.030,0.581,0.389
121000,0.030,0.505,0.465
121500,0.030,0.668,0.302
122000,0.030,0.519,0.451
122500,0.030,0.714,0.256
123000,0.030,0.658,0.312
123500,0.030,0.793,0.177
124000,0.030,0.756,0.214
124500,0.030,0.662,0.308
125000,0.030,0.697,0.273
125500,0.030,0.626,0.344
126000,0.030,0.518,0.452
126500,0.030,0.560,0.410
127000,0.030,0.659,0.311
127500,0.030,0.642,0.328
128000,0.030,0.781,0.189
128500,0.030,0.740,0.230
129000,0.030,0.682,0.288
129500,0.030,0.695,0.275
130000,0.030,0.648,0.322
130500,0.030,0.557,0.413
131000,0.030,0.671,0.299
131500,0.030,0.638,0.332
132000,0.030,0.679,0.291
132500,0.030,0.676,0.294
133000,0.030,0.607,0.363
133500,0.030,0.628,0.342
134000,0.030,0.523,0.447
134500,0.030,0.685,0.285
135000,0.030,0.774,0.196
135500,0.030,0.745,0.225
136000,0.030,0.683,0.287
136500,0.030,0.724,0.246
137000,0.030,0.586,0.384
137500,0.030,0.639,0.331
138000,0.030,0.573,0.397
138500,0.030,0.681,0.289
139000,0.030,0.768,0.202
139500,0.030,0.610,0.360
140000,0.030,0.662,0.308
140500,0.030,0.761,0.209
141000,0.030,0.779,0.191
141500,0.030,0.827,0.143
142000,0.030,0.656,0.314
142500,0.030,0.651,0.319
143000,0.030,0.581,0.389
143500,0.030,0.658,0.312
144000,0.030,0.730,0.240
144500,0.030,0.532,0.438
145000,0.030,0.654,0.316
145500,0.030,0.655,0.315
146000,0.030,0.753,0.217
146500,0.030,0.778,0.192
147000,0.030,0.735,0.235
147500,0.030,0.508,0.462
148000,0.030,0.572,0.398
148500,0.030,0.676,0.294
149000,0.030,0.720,0.250
149500,0.030,0.539,0.431
150000,0.030,0.691,0.279
150500,0.030,0.704,0.266
151000,0.030,0.702,0.268
151500,0.030,0.812,0.158
152000,0.030,0.655,0.315
152500,0.030,0.722,0.248
153000,0.030,0.813,0.157
153500,0.030,0.598,0.372
154000,0.030,0.599,0.371
154500,0.030,0.876,0.094
155000,0.030,0.790,0.180
155500,0.030,0.616,0.354
156000,0.030,0.500,0.470
156500,0.030,0.619,0.351
157000,0.030,0.607,0.363
157500,0.030,0.695,0.275
158000,0.030,0.554,0.416
158500,0.030,0.694,0.276
159000,0.030,0.761,0.209
159500,0.030,0.843,0.127
160000,0.030,0.797,0.173
160500,0.030,0.804,0.166
161000,0.030,0.758,0.212
161500,0.030,0.761,0.209
162000,0.030,0.565,0.405
162500,0.030,0.642,0.328
163000,0.030,0.518,0.452
163500,0.030,0.636,0.334
164000,0.030,0.555,0.415
164500,0.030,0.597,0.373
165000,0.030,0.716,0.254
165500,0.030,0.750,0.220
166000,0.030,0.619,0.351
166500,0.030,0.596,0.374
167000,0.030,0.630,0.340
167500,0.030,0.763,0.207
168000,0.030,0.666,0.304
168500,0.030,0.583,0.387
169000,0.030,0.680,0.290
169500,0.030,0.660,0.310
170000,0.030,0.695,0.275
170500,0.030,0.748,0.222
171000,0.030,0.761,0.209
171500,0.030,0.653,0.317
172000,0.030,0.670,0.300
172500,0.030,0.557,0.413
173000,0.030,0.732,0.238
173500,0.030,0.706,0.264
174000,0.030,0.764,0.206
174500,0.030,0.728,0.242
175000,0.030,0.620,0.350
175500,0.030,0.676,0.294
176000,0.030,0.680,0.290
176500,0.030,0.598,0.372
177000,0.030,0.656,0.314
177500,0.030,0.675,0.295
178000,0.030,0.633,0.337
178500,0.030,0.636,0.334
179000,0.030,0.598,0.372
179500,0.030,0.568,0.402
180000,0.030,0.553,0.417
180500,0.030,0.777,0.193
181000,0.030,0.682,0.288
181500,0.030,0.726,0.244
182000,0.030,0.689,0.281
182500,0.030,0.649,0.321
183000,0.030,0.618,0.352
183500,0.030,0.623,0.347
184000,0.030,0.695,0.275
184500,0.030,0.584,0.386
185000,0.030,0.655,0.315
185500,0.030,0.683,0.287
186000,0.030,0.824,0.146
186500,0.030,0.688,0.282
187000,0.030,0.608,0.362
187500,0.030,0.686,0.284
188000,0.030,0.701,0.269
188500,0.030,0.631,0.339
189000,0.030,0.729,0.241
189500,0.030,0.772,0.198
190000,0.030,0.790,0.180
190500,0.030,0.617,0.353
191000,0.030,0.686,0.284
191500,0.030,0.606,0.364
192000,0.030,0.646,0.324
192500,0.030,0.673,0.297
193000,0.030,0.573,0.397
193500,0.030,0.700,0.270
194000,0.030,0.602,0.368
194500,0.030,0.545,0.425
195000,0.030,0.705,0.265
195500,0.030,0.701,0.269
196000,0.030,0.696,0.274
196500,0.030,0.592,0.378
197000,0.030,0.653,0.317
197500,0.030,0.711,0.259
198000,0.030,0.633,0.337
198500,0.030,0.720,0.250
199000,0.030,0.594,0.376
199500,0.030,0.571,0.399
200000,0.030,0.598,0.372
200500,0.030,0.734,0.236
201000,0.030,0.598,0.372
201500,0.030,0.721,0.249
202000,0.030,0.759,0.211
202500,0.030,0.663,0.307
203000,0.030,0.641,0.329
203500,0.030,0.641,0.329
204000,0.030,0.564,0.406
204500,0.030,0.596,0.374
205000,0.030,0.556,0.414
205500,0.030,0.456,0.514
206000,0.030,0.600,0.370
206500,0.030,0.631,0.339
207000,0.030,0.640,0.330
207500,0.030,0.698,0.272
208000,0.030,0.485,0.485
208500,0.030,0.539,0.431
209000,0.030,0.533,0.437
209500,0.030,0.681,0.289
210000,0.030,0.526,0.444
210500,0.030,0.576,0.394
211000,0.030,0.706,0.264
211500,0.030,0.617,0.353
212000,0.030,0.615,0.355
212500,0.030,0.548,0.422
213000,0.030,0.670,0.300
213500,0.030,0.748,0.222
214000,0.030,0.631,0.339
214500,0.030,0.576,0.394
215000,0.030,0.723,0.247
215500,0.030,0.665,0.305
216000,0.030,0.695,0.275
216500,0.030,0.717,0.253
217000,0.030,0.682,0.288
217500,0.030,0.683,0.287
218000,0.030,0.672,0.298
218500,0.030,0.585,0.385
219000,0.030,0.574,0.396
219500,0.030,0.628,0.342
220000,0.030,0.696,0.274
220500,0.030,0.546,0.424
221000,0.030,0.692,0.278
221500,0.030,0.753,0.217
222000,0.030,0.599,0.371
222500,0.030,0.716,0.254
223000,0.030,0.697,0.273
223500,0.030,0.622,0.348
224000,0.030,0.715,0.255
224500,0.030,0.762,0.208
225000,0.030,0.635,0.335
225500,0.030,0.642,0.328
226000,0.030,0.699,0.271
226500,0.030,0.571,0.399
227000,0.030,0.540,0.430
227500,0.030,0.587,0.383
228000,0.030,0.718,0.252
228500,0.030,0.752,0.218
229000,0.030,0.680,0.290
229500,0.030,0.586,0.384
230000,0.030,0.650,0.320
230500,0.030,0.536,0.434
231000,0.030,0.618,0.352
231500,0.030,0.799,0.171
232000,0.030,0.731,0.239
232500,0.030,0.606,0.364
233000,0.030,0.645,0.325
233500,0.030,0.550,0.420
234000,0.030,0.604,0.366
234500,0.030,0.745,0.225
235000,0.030,0.780,0.190
235500,0.030,0.674,0.296
236000,0.030,0.643,0.327
236500,0.030,0.780,0.190
237000,0.030,0.627,0.343
237500,0.030,0.630,0.340
238000,0.030,0.597,0.373
238500,0.030,0.704,0.266
239000,0.030,0.709,0.261
239500,0.030,0.762,0.208
240000,0.030,0.609,0.361
240500,0.030,0.697,0.273
241000,0.030,0.635,0.335
241500,0.030,0.774,0.196
242000,0.030,0.635,0.335
242500,0.030,0.692,0.278
243000,0.030,0.626,0.344
243500,0.030,0.622,0.348
244000,0.030,0.585,0.385
244500,0.030,0.651,0.319
245000,0.030,0.541,0.429
245500,0.030,0.705,0.265
246000,0.030,0.556,0.414
246500,0.030,0.705,0.265
247000,0.030,0.546,0.424
247500,0.030,0.704,0.266
248000,0.030,0.695,0.275
248500,0.030,0.649,0.321
249000,0.030,0.794,0.176
249500,0.030,0.771,0.199
250000,0.030,0.781,0.189
250500,0.030,0.645,0.325
251000,0.030,0.689,0.281
251500,0.030,0.512,0.458
252000,0.030,0.540,0.430
252500,0.030,0.618,0.352
253000,0.030,0.656,0.314
253500,0.030,0.650,0.320
254000,0.030,0.651,0.319
254500,0.030,0.565,0.405
255000,0.030,0.612,0.358
255500,0.030,0.568,0.402
256000,0.030,0.640,0.330
256500,0.030,0.762,0.208
257000,0.030,0.626,0.344
257500,0.030,0.669,0.301
258000,0.030,0.673,0.297
258500,0.030,0.794,0.176
259000,0.030,0.680,0.290
259500,0.030,0.656,0.314
260000,0.030,0.721,0.249
260500,0.030,0.689,0.281
261000,0.030,0.613,0.357
261500,0.030,0.561,0.409
262000,0.030,0.547,0.423
262500,0.030,0.671,0.299
263000,0.030,0.666,0.304
263500,0.030,0.663,0.307
264000,0.030,0.604,0.366
264500,0.030,0.677,0.293
265000,0.030,0.658,0.312
265500,0.030,0.633,0.337
266000,0.030,0.560,0.410
266500,0.030,0.706,0.264
267000,0.030,0.609,0.361
267500,0.030,0.733,0.237
268000,0.030,0.551,0.419
268500,0.030,0.652,0.318
269000,0.030,0.331,0.639
269500,0.030,0.518,0.452
270000,0.030,0.590,0.380
270500,0.030,0.543,0.427
271000,0.030,0.606,0.364
271500,0.030,0.734,0.236
272000,0.030,0.743,0.227
272500,0.030,0.660,0.310
273000,0.030,0.739,0.231
273500,0.030,0.694,0.276
274000,0.030,0.499,0.471
274500,0.030,0.692,0.278
275000,0.030,0.630,0.340
275500,0.030,0.686,0.284
276000,0.030,0.836,0.134
276500,0.030,0.731,0.239
277000,0.030,0.828,0.142
277500,0.030,0.625,0.345
278000,0.030,0.592,0.378
278500,0.030,0.763,0.207
279000,0.030,0.644,0.326
279500,0.030,0.819,0.151
280000,0.030,0.709,0.261
280500,0.030,0.675,0.295
281000,0.030,0.664,0.306
281500,0.030,0.524,0.446
282000,0.030,0.698,0.272
282500,0.030,0.546,0.424
283000,0.030,0.646,0.324
283500,0.030,0.604,0.366
284000,0.030,0.653,0.317
284500,0.030,0.645,0.325
285000,0.030,0.730,0.240
285500,0.030,0.778,0.192
286000,0.030,0.694,0.276
286500,0.030,0.678,0.292
287000,0.030,0.709,0.261
287500,0.030,0.677,0.293
288000,0.030,0.558,0.412
288500,0.030,0.688,0.282
289000,0.030,0.597,0.373
289500,0.030,0.681,0.289
290000,0.030,0.677,0.293
290500,0.030,0.755,0.215
291000,0.030,0.767,0.203
291500,0.030,0.561,0.409
292000,0.030,0.672,0.298
292500,0.030,0.625,0.345
293000,0.030,0.669,0.301
293500,0.030,0.635,0.335
294000,0.030,0.767,0.203
294500,0.030,0.625,0.345
295000,0.030,0.568,0.402
295500,0.030,0.614,0.356
296000,0.030,0.621,0.349
296500,0.030,0.667,0.303
297000,0.030,0.602,0.368
297500,0.030,0.526,0.444
298000,0.030,0.715,0.255
298500,0.030,0.564,0.406
299000,0.030,0.589,0.381
299500,0.030,0.671,0.299
300000,0.030,0.708,0.262
300500,0.030,0.714,0.256
301000,0.030,0.749,0.221
301500,0.030,0.652,0.318
302000,0.030,0.630,0.340
302500,0.030,0.515,0.455
303000,0.030,0.543,0.427
303500,0.030,0.656,0.314
304000,0.030,0.572,0.398
304500,0.030,0.583,0.387
305000,0.030,0.658,0.312
305500,0.030,0.698,0.272
306000,0.030,0.671,0.299
306500,0.030,0.673,0.297
307000,0.030,0.712,0.258
307500,0.030,0.482,0.488
308000,0.030,0.641,0.329
308500,0.030,0.743,0.227
309000,0.030,0.862,0.108
309500,0.030,0.677,0.293
310000,0.030,0.760,0.210
310500,0.030,0.661,0.309
311000,0.030,0.775,0.195
311500,0.030,0.545,0.425
312000,0.030,0.543,0.427
312500,0.030,0.587,0.383
313000,0.030,0.804,0.166
313500,0.030,0.702,0.268
314000,0.030,0.783,0.187
314500,0.030,0.668,0.302
315000,0.030,0.619,0.351
315500,0.030,0.600,0.370
316000,0.030,0.556,0.414
316500,0.030,0.613,0.357
317000,0.030,0.572,0.398
317500,0.030,0.602,0.368
318000,0.030,0.690,0.280
318500,0.030,0.750,0.220
319000,0.030,0.667,0.303
319500,0.030,0.738,0.232
320000,0.030,0.664,0.306
320500,0.030,0.700,0.270
321000,0.030,0.615,0.355
321500,0.030,0.544,0.426
322000,0.030,0.543,0.427
322500,0.030,0.642,0.328
323000,0.030,0.684,0.286
323500,0.030,0.675,0.295
324000,0.030,0.562,0.408
324500,0.030,0.536,0.434
325000,0.030,0.600,0.370
325500,0.030,0.661,0.309
326000,0.030,0.516,0.454
326500,0.030,0.698,0.272
327000,0.030,0.540,0.430
327500,0.030,0.632,0.338
328000,0.030,0.634,0.336
328500,0.030,0.719,0.251
329000,0.030,0.878,0.092
329500,0.030,0.900,0.070
330000,0.030,0.655,0.315
330500,0.030,0.589,0.381
331000,0.030,0.658,0.312
331500,0.030,0.580,0.390
332000,0.030,0.721,0.249
332500,0.030,0.617,0.353
333000,0.030,0.640,0.330
333500,0.030,0.642,0.328
334000,0.030,0.640,0.330
334500,0.030,0.498,0.472
335000,0.030,0.618,0.352
335500,0.030,0.634,0.336
336000,0.030,0.616,0.354
336500,0.030,0.560,0.410
337000,0.030,0.532,0.438
337500,0.030,0.622,0.348
338000,0.030,0.592,0.378
338500,0.030,0.813,0.157
339000,0.030,0.632,0.338
339500,0.030,0.543,0.427
340000,0.030,0.582,0.388
340500,0.030,0.524,0.446
341000,0.030,0.675,0.295
341500,0.030,0.858,0.112
342000,0.030,0.729,0.241
342500,0.030,0.573,0.397
343000,0.030,0.668,0.302
343500,0.030,0.807,0.163
344000,0.030,0.631,0.339
344500,0.030,0.685,0.285
345000,0.030,0.667,0.303
345500,0.030,0.549,0.421
346000,0.030,0.589,0.381
346500,0.030,0.746,0.224
347000,0.030,0.481,0.489
347500,0.030,0.751,0.219
348000,0.030,0.548,0.422
348500,0.030,0.724,0.246
349000,0.030,0.608,0.362
349500,0.030,0.650,0.320
350000,0.030,0.685,0.285
350500,0.030,0.807,0.163
351000,0.030,0.711,0.259
351500,0.030,0.827,0.143
352000,0.030,0.819,0.151
352500,0.030,0.761,0.209
353000,0.030,0.748,0.222
353500,0.030,0.700,0.270
354000,0.030,0.606,0.364
354500,0.030,0.592,0.378
355000,0.030,0.654,0.316
355500,0.030,0.575,0.395
356000,0.030,0.571,0.399
356500,0.030,0.575,0.395
357000,0.030,0.693,0.277
357500,0.030,0.578,0.392
358000,0.030,0.668,0.302
358500,0.030,0.678,0.292
359000,0.030,0.598,0.372
359500,0.030,0.677,0.293
360000,0.030,0.655,0.315
360500,0.030,0.646,0.324
361000,0.030,0.765,0.205
361500,0.030,0.827,0.143
362000,0.030,0.571,0.399
362500,0.030,0.576,0.394
363000,0.030,0.486,0.484
363500,0.030,0.659,0.311
364000,0.030,0.580,0.390
364500,0.030,0.809,0.161
365000,0.030,0.583,0.387
365500,0.030,0.608,0.362
366000,0.030,0.588,0.382
366500,0.030,0.599,0.371
367000,0.030,0.717,0.253
367500,0.030,0.741,0.229
368000,0.030,0.379,0.591
368500,0.030,0.659,0.311
369000,0.030,0.537,0.433
369500,0.030,0.606,0.364
370000,0.030,0.601,0.369
370500,0.030,0.620,0.350
371000,0.030,0.683,0.287
371500,0.030,0.806,0.164
372000,0.030,0.648,0.322
372500,0.030,0.540,0.430
373000,0.030,0.695,0.275
373500,0.030,0.731,0.239
374000,0.030,0.683,0.287
374500,0.030,0.754,0.216
375000,0.030,0.825,0.145
375500,0.030,0.696,0.274
376000,0.030,0.594,0.376
376500,0.030,0.796,0.174
377000,0.030,0.779,0.191
377500,0.030,0.711,0.259
378000,0.030,0.652,0.318
378500,0.030,0.660,0.310
379000,0.030,0.640,0.330
379500,0.030,0.732,0.238
380000,0.030,0.664,0.306
380500,0.030,0.738,0.232
381000,0.030,0.599,0.371
381500,0.030,0.761,0.209
382000,0.030,0.680,0.290
382500,0.030,0.601,0.369
383000,0.030,0.630,0.340
383500,0.030,0.538,0.432
384000,0.030,0.648,0.322
384500,0.030,0.788,0.182
385000,0.030,0.660,0.310
385500,0.030,0.643,0.327
386000,0.030,0.589,0.381
386500,0.030,0.736,0.234
387000,0.030,0.582,0.388
387500,0.030,0.600,0.370
388000,0.030,0.662,0.308
388500,0.030,0.643,0.327
389000,0.030,0.675,0.295
389500,0.030,0.631,0.339
390000,0.030,0.754,0.216
390500,0.030,0.608,0.362
391000,0.030,0.437,0.533
391500,0.030,0.697,0.273
392000,0.030,0.734,0.236
392500,0.030,0.696,0.274
393000,0.030,0.520,0.450
393500,0.030,0.676,0.294
394000,0.030,0.577,0.393
394500,0.030,0.798,0.172
395000,0.030,0.712,0.258
395500,0.030,0.705,0.265
396000,0.030,0.627,0.343
396500,0.030,0.662,0.308
397000,0.030,0.564,0.406
397500,0.030,0.685,0.285
398000,0.030,0.646,0.324
398500,0.030,0.700,0.270
399000,0.030,0.597,0.373
399500,0.030,0.578,0.392
400000,0.030,0.328,0.642
400500,0.030,0.573,0.397
401000,0.030,0.640,0.330
401500,0.030,0.719,0.251
402000,0.030,0.597,0.373
402500,0.030,0.704,0.266
403000,0.030,0.735,0.235
403500,0.030,0.616,0.354
404000,0.030,0.745,0.225
404500,0.030,0.685,0.285
405000,0.030,0.694,0.276
405500,0.030,0.665,0.305
406000,0.030,0.654,0.316
406500,0.030,0.560,0.410
407000,0.030,0.606,0.364
407500,0.030,0.520,0.450
408000,0.030,0.597,0.373
408500,0.030,0.750,0.220
409000,0.030,0.758,0.212
409500,0.030,0.688,0.282
410000,0.030,0.695,0.275
410500,0.030,0.666,0.304
411000,0.030,0.752,0.218
411500,0.030,0.690,0.280
412000,0.030,0.607,0.363
412500,0.030,0.719,0.251
413000,0.030,0.646,0.324
413500,0.030,0.823,0.147
414000,0.030,0.571,0.399
414500,0.030,0.502,0.468
415000,0.030,0.532,0.438
415500,0.030,0.687,0.283
416000,0.030,0.546,0.424
416500,0.030,0.708,0.262
417000,0.030,0.675,0.295
417500,0.030,0.721,0.249
418000,0.030,0.551,0.419
418500,0.030,0.648,0.322
419000,0.030,0.677,0.293
419500,0.030,0.653,0.317
420000,0.030,0.788,0.182
420500,0.030,0.724,0.246
421000,0.030,0.621,0.349
421500,0.030,0.631,0.339
422000,0.030,0.597,0.373
422500,0.030,0.721,0.249
423000,0.030,0.660,0.310
423500,0.030,0.763,0.207
424000,0.030,0.780,0.190
424500,0.030,0.515,0.455
425000,0.030,0.512,0.458
425500,0.030,0.467,0.503
426000,0.030,0.661,0.309
426500,0.030,0.612,0.358
427000,0.030,0.633,0.337
427500,0.030,0.623,0.347
428000,0.030,0.555,0.415
428500,0.030,0.697,0.273
429000,0.030,0.696,0.274
429500,0.030,0.701,0.269
430000,0.030,0.610,0.360
430500,0.030,0.680,0.290
431000,0.030,0.689,0.281
431500,0.030,0.793,0.177
432000,0.030,0.664,0.306
432500,0.030,0.520,0.450
433000,0.030,0.689,0.281
433500,0.030,0.722,0.248
434000,0.030,0.563,0.407
434500,0.030,0.694,0.276
435000,0.030,0.530,0.440
435500,0.030,0.606,0.364
436000,0.030,0.684,0.286
436500,0.030,0.633,0.337
437000,0.030,0.620,0.350
437500,0.030,0.683,0.287
438000,0.030,0.752,0.218
438500,0.030,0.698,0.272
439000,0.030,0.624,0.346
439500,0.030,0.707,0.263
440000,0.030,0.637,0.333
440500,0.030,0.719,0.251
441000,0.030,0.622,0.348
441500,0.030,0.631,0.339
442000,0.030,0.713,0.257
442500,0.030,0.674,0.296
443000,0.030,0.526,0.444
443500,0.030,0.560,0.410
444000,0.030,0.636,0.334
444500,0.030,0.658,0.312
445000,0.030,0.785,0.185
445500,0.030,0.718,0.252
446000,0.030,0.731,0.239
446500,0.030,0.624,0.346
447000,0.030,0.525,0.445
447500,0.030,0.749,0.221
448000,0.030,0.618,0.352
448500,0.030,0.688,0.282
449000,0.030,0.493,0.477
449500,0.030,0.584,0.386
450000,0.030,0.619,0.351
450500,0.030,0.557,0.413
451000,0.030,0.689,0.281
451500,0.030,0.632,0.338
452000,0.030,0.563,0.407
452500,0.030,0.609,0.361
453000,0.030,0.786,0.184
453500,0.030,0.694,0.276
454000,0.030,0.581,0.389
454500,0.030,0.703,0.267
455000,0.030,0.529,0.441
455500,0.030,0.665,0.305
456000,0.030,0.605,0.365
456500,0.030,0.737,0.233
457000,0.030,0.762,0.208
457500,0.030,0.578,0.392
458000,0.030,0.695,0.275
458500,0.030,0.685,0.285
459000,0.030,0.608,0.362
459500,0.030,0.713,0.257
460000,0.030,0.719,0.251
460500,0.030,0.608,0.362
461000,0.030,0.664,0.306
461500,0.030,0.666,0.304
462000,0.030,0.716,0.254
462500,0.030,0.444,0.526
463000,0.030,0.684,0.286
463500,0.030,0.596,0.374
464000,0.030,0.601,0.369
464500,0.030,0.687,0.283
465000,0.030,0.717,0.253
465500,0.030,0.561,0.409
466000,0.030,0.547,0.423
466500,0.030,0.593,0.377
467000,0.030,0.777,0.193
467500,0.030,0.701,0.269
468000,0.030,0.702,0.268
468500,0.030,0.575,0.395
469000,0.030,0.745,0.225
469500,0.030,0.581,0.389
470000,0.030,0.629,0.341
470500,0.030,0.698,0.272
471000,0.030,0.716,0.254
471500,0.030,0.714,0.256
472000,0.030,0.742,0.228
472500,0.030,0.795,0.175
473000,0.030,0.757,0.213
473500,0.030,0.753,0.217
474000,0.030,0.584,0.386
474500,0.030,0.665,0.305
475000,0.030,0.765,0.205
475500,0.030,0.700,0.270
476000,0.030,0.751,0.219
476500,0.030,0.613,0.357
477000,0.030,0.627,0.343
477500,0.030,0.551,0.419
478000,0.030,0.686,0.284
478500,0.030,0.587,0.383
479000,0.030,0.628,0.342
479500,0.030,0.622,0.348
480000,0.030,0.704,0.266
480500,0.030,0.649,0.321
481000,0.030,0.734,0.236
481500,0.030,0.609,0.361
482000,0.030,0.679,0.291
482500,0.030,0.645,0.325
483000,0.030,0.627,0.343
483500,0.030,0.634,0.336
484000,0.030,0.574,0.396
484500,0.030,0.749,0.221
485000,0.030,0.688,0.282
485500,0.030,0.642,0.328
486000,0.030,0.704,0.266
486500,0.030,0.665,0.305
487000,0.030,0.733,0.237
487500,0.030,0.650,0.320
488000,0.030,0.523,0.447
488500,0.030,0.578,0.392
489000,0.030,0.771,0.199
489500,0.030,0.678,0.292
490000,0.030,0.621,0.349
490500,0.030,0.625,0.345
491000,0.030,0.552,0.418
491500,0.030,0.621,0.349
492000,0.030,0.699,0.271
492500,0.030,0.717,0.253
493000,0.030,0.571,0.399
493500,0.030,0.550,0.420
494000,0.030,0.554,0.416
494500,0.030,0.665,0.305
495000,0.030,0.734,0.236
495500,0.030,0.805,0.165
496000,0.030,0.731,0.239
496500,0.030,0.673,0.297
497000,0.030,0.721,0.249
497500,0.030,0.580,0.390
498000,0.030,0.582,0.388
498500,0.030,0.496,0.474
499000,0.030,0.649,0.321
499500,0.030,0.674,0.296
500000,0.030,0.687,0.283
500500,0.030,0.656,0.314
501000,0.030,0.644,0.326
501500,0.030,0.726,0.244
502000,0.030,0.748,0.222
502500,0.030,0.750,0.220
503000,0.030,0.673,0.297
503500,0.030,0.650,0.320
504000,0.030,0.540,0.430
504500,0.030,0.503,0.467
505000,0.030,0.656,0.314
505500,0.030,0.685,0.285
506000,0.030,0.664,0.306
506500,0.030,0.652,0.318
507000,0.030,0.700,0.270
507500,0.030,0.629,0.341
508000,0.030,0.745,0.225
508500,0.030,0.744,0.226
509000,0.030,0.498,0.472
509500,0.030,0.588,0.382
510000,0.030,0.649,0.321
510500,0.030,0.585,0.385
511000,0.030,0.728,0.242
511500,0.030,0.712,0.258
512000,0.030,0.743,0.227
512500,0.030,0.632,0.338
513000,0.030,0.503,0.467
513500,0.030,0.618,0.352
514000,0.030,0.670,0.300
514500,0.030,0.721,0.249
515000,0.030,0.745,0.225
515500,0.030,0.851,0.119
516000,0.030,0.764,0.206
516500,0.030,0.653,0.317
517000,0.030,0.719,0.251
517500,0.030,0.694,0.276
518000,0.030,0.740,0.230
518500,0.030,0.804,0.166
519000,0.030,0.676,0.294
519500,0.030,0.771,0.199
520000,0.030,0.608,0.362
520500,0.030,0.626,0.344
521000,0.030,0.630,0.340
521500,0.030,0.715,0.255
522000,0.030,0.566,0.404
522500,0.030,0.658,0.312
523000,0.030,0.531,0.439
523500,0.030,0.671,0.299
524000,0.030,0.696,0.274
524500,0.030,0.585,0.385
525000,0.030,0.571,0.399
525500,0.030,0.537,0.433
526000,0.030,0.683,0.287
526500,0.030,0.608,0.362
527000,0.030,0.699,0.271
527500,0.030,0.687,0.283
528000,0.030,0.490,0.480
528500,0.030,0.686,0.284
529000,0.030,0.740,0.230
529500,0.030,0.798,0.172
530000,0.030,0.659,0.311
530500,0.030,0.673,0.297
531000,0.030,0.524,0.446
531500,0.030,0.605,0.365
532000,0.030,0.656,0.314
532500,0.030,0.683,0.287
533000,0.030,0.674,0.296
533500,0.030,0.527,0.443
534000,0.030,0.517,0.453
534500,0.030,0.578,0.392
535000,0.030,0.490,0.480
535500,0.030,0.587,0.383
536000,0.030,0.590,0.380
536500,0.030,0.723,0.247
537000,0.030,0.662,0.308
537500,0.030,0.658,0.312
538000,0.030,0.744,0.226
538500,0.030,0.681,0.289
539000,0.030,0.726,0.244
539500,0.030,0.536,0.434
540000,0.030,0.635,0.335
540500,0.030,0.747,0.223
541000,0.030,0.720,0.250
541500,0.030,0.649,0.321
542000,0.030,0.531,0.439
542500,0.030,0.707,0.263
543000,0.030,0.500,0.470
543500,0.030,0.554,0.416
544000,0.030,0.769,0.201
544500,0.030,0.743,0.227
545000,0.030,0.522,0.448
545500,0.030,0.667,0.303
546000,0.030,0.640,0.330
546500,0.030,0.657,0.313
547000,0.030,0.739,0.231
547500,0.030,0.706,0.264
548000,0.030,0.694,0.276
548500,0.030,0.668,0.302
549000,0.030,0.642,0.328
549500,0.030,0.694,0.276
550000,0.030,0.766,0.204
550500,0.030,0.717,0.253
551000,0.030,0.676,0.294
551500,0.030,0.805,0.165
552000,0.030,0.593,0.377
552500,0.030,0.615,0.355
553000,0.030,0.562,0.408
553500,0.030,0.550,0.420
554000,0.030,0.634,0.336
554500,0.030,0.640,0.330
555000,0.030,0.572,0.398
555500,0.030,0.601,0.369
556000,0.030,0.676,0.294
556500,0.030,0.521,0.449
557000,0.030,0.620,0.350
557500,0.030,0.667,0.303
558000,0.030,0.700,0.270
558500,0.030,0.597,0.373
559000,0.030,0.751,0.219
559500,0.030,0.697,0.273
560000,0.030,0.674,0.296
560500,0.030,0.685,0.285
561000,0.030,0.695,0.275
561500,0.030,0.757,0.213
562000,0.030,0.843,0.127
562500,0.030,0.799,0.171
563000,0.030,0.589,0.381
563500,0.030,0.682,0.288
564000,0.030,0.549,0.421
564500,0.030,0.597,0.373
565000,0.030,0.800,0.170
565500,0.030,0.710,0.260
566000,0.030,0.496,0.474
566500,0.030,0.488,0.482
567000,0.030,0.568,0.402
567500,0.030,0.737,0.233
568000,0.030,0.657,0.313
568500,0.030,0.707,0.263
569000,0.030,0.587,0.383
569500,0.030,0.654,0.316
570000,0.030,0.714,0.256
570500,0.030,0.629,0.341
571000,0.030,0.747,0.223
571500,0.030,0.678,0.292
572000,0.030,0.793,0.177
572500,0.030,0.617,0.353
573000,0.030,0.805,0.165
573500,0.030,0.632,0.338
574000,0.030,0.722,0.248
574500,0.030,0.665,0.305
575000,0.030,0.781,0.189
575500,0.030,0.710,0.260
576000,0.030,0.749,0.221
576500,0.030,0.541,0.429
577000,0.030,0.753,0.217
577500,0.030,0.637,0.333
578000,0.030,0.532,0.438
578500,0.030,0.652,0.318
579000,0.030,0.671,0.299
579500,0.030,0.688,0.282
580000,0.030,0.698,0.272
580500,0.030,0.627,0.343
581000,0.030,0.715,0.255
581500,0.030,0.542,0.428
582000,0.030,0.668,0.302
582500,0.030,0.508,0.462
583000,0.030,0.586,0.384
583500,0.030,0.646,0.324
584000,0.030,0.752,0.218
584500,0.030,0.769,0.201
585000,0.030,0.718,0.252
585500,0.030,0.730,0.240
586000,0.030,0.577,0.393
586500,0.030,0.589,0.381
587000,0.030,0.708,0.262
587500,0.030,0.669,0.301
588000,0.030,0.646,0.324
588500,0.030,0.568,0.402
589000,0.030,0.770,0.200
589500,0.030,0.654,0.316
590000,0.030,0.621,0.349
590500,0.030,0.613,0.357
591000,0.030,0.685,0.285
591500,0.030,0.665,0.305
592000,0.030,0.655,0.315
592500,0.030,0.736,0.234
593000,0.030,0.697,0.273
593500,0.030,0.680,0.290
594000,0.030,0.717,0.253
594500,0.030,0.641,0.329
595000,0.030,0.574,0.396
595500,0.030,0.636,0.334
596000,0.030,0.778,0.192
596500,0.030,0.605,0.365
597000,0.030,0.601,0.369
597500,0.030,0.673,0.297
598000,0.030,0.580,0.390
598500,0.030,0.736,0.234
599000,0.030,0.639,0.331
599500,0.030,0.653,0.317
600000,0.030,0.575,0.395
600500,0.030,0.588,0.382
601000,0.030,0.523,0.447
601500,0.030,0.715,0.255
602000,0.030,0.718,0.252
602500,0.030,0.688,0.282
603000,0.030,0.723,0.247
603500,0.030,0.748,0.222
604000,0.030,0.688,0.282
604500,0.030,0.629,0.341
605000,0.030,0.594,0.376
605500,0.030,0.663,0.307
606000,0.030,0.641,0.329
606500,0.030,0.684,0.286
607000,0.030,0.828,0.142
607500,0.030,0.765,0.205
608000,0.030,0.599,0.371
608500,0.030,0.592,0.378
609000,0.030,0.603,0.367
609500,0.030,0.629,0.341
610000,0.030,0.650,0.320
610500,0.030,0.635,0.335
611000,0.030,0.541,0.429
611500,0.030,0.702,0.268
612000,0.030,0.806,0.164
612500,0.030,0.680,0.290
613000,0.030,0.515,0.455
613500,0.030,0.647,0.323
614000,0.030,0.752,0.218
614500,0.030,0.817,0.153
615000,0.030,0.645,0.325
615500,0.030,0.607,0.363
616000,0.030,0.435,0.535
616500,0.030,0.647,0.323
617000,0.030,0.675,0.295
617500,0.030,0.775,0.195
618000,0.030,0.786,0.184
618500,0.030,0.596,0.374
619000,0.030,0.774,0.196
619500,0.030,0.622,0.348
620000,0.030,0.629,0.341
620500,0.030,0.745,0.225
621000,0.030,0.613,0.357
621500,0.030,0.586,0.384
622000,0.030,0.479,0.491
622500,0.030,0.740,0.230
623000,0.030,0.499,0.471
623500,0.030,0.470,0.500
624000,0.030,0.745,0.225
624500,0.030,0.775,0.195
625000,0.030,0.733,0.237
625500,0.030,0.625,0.345
626000,0.030,0.741,0.229
626500,0.030,0.516,0.454
627000,0.030,0.682,0.288
627500,0.030,0.680,0.290
628000,0.030,0.581,0.389
628500,0.030,0.725,0.245
629000,0.030,0.746,0.224
629500,0.030,0.719,0.251
630000,0.030,0.738,0.232
630500,0.030,0.539,0.431
631000,0.030,0.681,0.289
631500,0.030,0.741,0.229
632000,0.030,0.779,0.191
632500,0.030,0.808,0.162
633000,0.030,0.553,0.417
633500,0.030,0.634,0.336
634000,0.030,0.629,0.341
634500,0.030,0.610,0.360
635000,0.030,0.490,0.480
635500,0.030,0.614,0.356
636000,0.030,0.569,0.401
636500,0.030,0.629,0.341
637000,0.030,0.568,0.402
637500,0.030,0.883,0.087
638000,0.030,0.765,0.205
638500,0.030,0.746,0.224
639000,0.030,0.540,0.430
639500,0.030,0.657,0.313
640000,0.030,0.602,0.368
640500,0.030,0.580,0.390
641000,0.030,0.625,0.345
641500,0.030,0.615,0.355
642000,0.030,0.527,0.443
642500,0.030,0.573,0.397
643000,0.030,0.626,0.344
643500,0.030,0.538,0.432
644000,0.030,0.389,0.581
644500,0.030,0.679,0.291
645000,0.030,0.635,0.335
645500,0.030,0.656,0.314
646000,0.030,0.603,0.367
646500,0.030,0.596,0.374
647000,0.030,0.697,0.273
647500,0.030,0.577,0.393
648000,0.030,0.644,0.326
648500,0.030,0.729,0.241
649000,0.030,0.717,0.253
649500,0.030,0.604,0.366
650000,0.030,0.598,0.372
650500,0.030,0.717,0.253
651000,0.030,0.671,0.299
651500,0.030,0.556,0.414
652000,0.030,0.591,0.379
652500,0.030,0.726,0.244
653000,0.030,0.847,0.123
653500,0.030,0.650,0.320
654000,0.030,0.560,0.410
654500,0.030,0.629,0.341
655000,0.030,0.617,0.353
655500,0.030,0.790,0.180
656000,0.030,0.636,0.334
656500,0.030,0.711,0.259
657000,0.030,0.735,0.235
657500,0.030,0.690,0.280
658000,0.030,0.687,0.283
658500,0.030,0.703,0.267
659000,0.030,0.632,0.338
659500,0.030,0.581,0.389
660000,0.030,0.621,0.349
660500,0.030,0.758,0.212
661000,0.030,0.758,0.212
661500,0.030,0.695,0.275
662000,0.030,0.620,0.350
662500,0.030,0.607,0.363
663000,0.030,0.525,0.445
663500,0.030,0.688,0.282
664000,0.030,0.501,0.469
664500,0.030,0.653,0.317
665000,0.030,0.526,0.444
665500,0.030,0.617,0.353
666000,0.030,0.756,0.214
666500,0.030,0.573,0.397
667000,0.030,0.770,0.200
667500,0.030,0.642,0.328
668000,0.030,0.736,0.234
668500,0.030,0.621,0.349
669000,0.030,0.788,0.182
669500,0.030,0.556,0.414
670000,0.030,0.626,0.344
670500,0.030,0.541,0.429
671000,0.030,0.735,0.235
671500,0.030,0.831,0.139
672000,0.030,0.547,0.423
672500,0.030,0.490,0.480
673000,0.030,0.549,0.421
673500,0.030,0.660,0.310
674000,0.030,0.624,0.346
674500,0.030,0.530,0.440
675000,0.030,0.546,0.424
675500,0.030,0.706,0.264
676000,0.030,0.668,0.302
676500,0.030,0.660,0.310
677000,0.030,0.782,0.188
677500,0.030,0.671,0.299
678000,0.030,0.721,0.249
678500,0.030,0.522,0.448
679000,0.030,0.520,0.450
679500,0.030,0.613,0.357
680000,0.030,0.578,0.392
680500,0.030,0.736,0.234
681000,0.030,0.731,0.239
681500,0.030,0.661,0.309
682000,0.030,0.679,0.291
682500,0.030,0.606,0.364
683000,0.030,0.572,0.398
683500,0.030,0.653,0.317
684000,0.030,0.662,0.308
684500,0.030,0.802,0.168
685000,0.030,0.725,0.245
685500,0.030,0.742,0.228
686000,0.030,0.666,0.304
686500,0.030,0.722,0.248
687000,0.030,0.637,0.333
687500,0.030,0.740,0.230
688000,0.030,0.792,0.178
688500,0.030,0.628,0.342
689000,0.030,0.647,0.323
689500,0.030,0.774,0.196
690000,0.030,0.605,0.365
690500,0.030,0.590,0.380
691000,0.030,0.733,0.237
691500,0.030,0.628,0.342
692000,0.030,0.586,0.384
692500,0.030,0.584,0.386
693000,0.030,0.567,0.403
693500,0.030,0.674,0.296
694000,0.030,0.740,0.230
694500,0.030,0.769,0.201
695000,0.030,0.585,0.385
695500,0.030,0.663,0.307
696000,0.030,0.640,0.330
696500,0.030,0.727,0.243
697000,0.030,0.658,0.312
697500,0.030,0.620,0.350
698000,0.030,0.562,0.408
698500,0.030,0.628,0.342
699000,0.030,0.515,0.455
699500,0.030,0.638,0.332
700000,0.030,0.491,0.479
700500,0.030,0.725,0.245
701000,0.030,0.656,0.314
701500,0.030,0.765,0.205
702000,0.030,0.665,0.305
702500,0.030,0.643,0.327
703000,0.030,0.698,0.272
703500,0.030,0.752,0.218
704000,0.030,0.507,0.463
704500,0.030,0.533,0.437
705000,0.030,0.627,0.343
705500,0.030,0.652,0.318
706000,0.030,0.753,0.217
706500,0.030,0.602,0.368
707000,0.030,0.812,0.158
707500,0.030,0.695,0.275
708000,0.030,0.814,0.156
708500,0.030,0.654,0.316
709000,0.030,0.694,0.276
709500,0.030,0.815,0.155
710000,0.030,0.725,0.245
710500,0.030,0.824,0.146
711000,0.030,0.765,0.205
711500,0.030,0.713,0.257
712000,0.030,0.823,0.147
712500,0.030,0.704,0.266
713000,0.030,0.598,0.372
713500,0.030,0.693,0.277
714000,0.030,0.520,0.450
714500,0.030,0.694,0.276
715000,0.030,0.736,0.234
715500,0.030,0.723,0.247
716000,0.030,0.724,0.246
716500,0.030,0.687,0.283
717000,0.030,0.603,0.367
717500,0.030,0.499,0.471
718000,0.030,0.672,0.298
718500,0.030,0.562,0.408
719000,0.030,0.670,0.300
719500,0.030,0.617,0.353
720000,0.030,0.668,0.302
720500,0.030,0.594,0.376
721000,0.030,0.774,0.196
721500,0.030,0.520,0.450
722000,0.030,0.570,0.400
722500,0.030,0.608,0.362
723000,0.030,0.697,0.273
723500,0.030,0.697,0.273
724000,0.030,0.746,0.224
724500,0.030,0.735,0.235
725000,0.030,0.707,0.263
725500,0.030,0.544,0.426
726000,0.030,0.755,0.215
726500,0.030,0.699,0.271
727000,0.030,0.588,0.382
727500,0.030,0.714,0.256
728000,0.030,0.594,0.376
728500,0.030,0.567,0.403
729000,0.030,0.615,0.355
729500,0.030,0.748,0.222
730000,0.030,0.632,0.338
730500,0.030,0.672,0.298
731000,0.030,0.652,0.318
731500,0.030,0.720,0.250
732000,0.030,0.783,0.187
732500,0.030,0.801,0.169
733000,0.030,0.709,0.261
733500,0.030,0.549,0.421
734000,0.030,0.627,0.343
734500,0.030,0.507,0.463
735000,0.030,0.725,0.245
735500,0.030,0.604,0.366
736000,0.030,0.716,0.254
736500,0.030,0.716,0.254
737000,0.030,0.610,0.360
737500,0.030,0.652,0.318
738000,0.030,0.699,0.271
738500,0.030,0.666,0.304
739000,0.030,0.723,0.247
739500,0.030,0.649,0.321
740000,0.030,0.709,0.261
740500,0.030,0.581,0.389
741000,0.030,0.629,0.341
741500,0.030,0.668,0.302
742000,0.030,0.641,0.329
742500,0.030,0.696,0.274
743000,0.030,0.696,0.274
743500,0.030,0.731,0.239
744000,0.030,0.755,0.215
744500,0.030,0.690,0.280
745000,0.030,0.608,0.362
745500,0.030,0.565,0.405
746000,0.030,0.553,0.417
746500,0.030,0.767,0.203
747000,0.030,0.786,0.184
747500,0.030,0.861,0.109
748000,0.030,0.794,0.176
748500,0.030,0.571,0.399
749000,0.030,0.832,0.138
749500,0.030,0.676,0.294
750000,0.030,0.677,0.293
750500,0.030,0.620,0.350
751000,0.030,0.589,0.381
751500,0.030,0.657,0.313
752000,0.030,0.694,0.276
752500,0.030,0.747,0.223
753000,0.030,0.647,0.323
753500,0.030,0.586,0.384
754000,0.030,0.647,0.323
754500,0.030,0.595,0.375
755000,0.030,0.498,0.472
755500,0.030,0.683,0.287
756000,0.030,0.793,0.177
756500,0.030,0.607,0.363
757000,0.030,0.713,0.257
757500,0.030,0.573,0.397
758000,0.030,0.646,0.324
758500,0.030,0.646,0.324
759000,0.030,0.658,0.312
759500,0.030,0.588,0.382
760000,0.030,0.579,0.391
760500,0.030,0.734,0.236
761000,0.030,0.847,0.123
761500,0.030,0.720,0.250
762000,0.030,0.749,0.221
762500,0.030,0.558,0.412
763000,0.030,0.701,0.269
763500,0.030,0.791,0.179
764000,0.030,0.782,0.188
764500,0.030,0.746,0.224
765000,0.030,0.706,0.264
765500,0.030,0.660,0.310
766000,0.030,0.750,0.220
766500,0.030,0.540,0.430
767000,0.030,0.531,0.439
767500,0.030,0.609,0.361
768000,0.030,0.692,0.278
768500,0.030,0.448,0.522
769000,0.030,0.650,0.320
769500,0.030,0.612,0.358
770000,0.030,0.746,0.224
770500,0.030,0.761,0.209
771000,0.030,0.752,0.218
771500,0.030,0.670,0.300
772000,0.030,0.848,0.122
772500,0.030,0.791,0.179
773000,0.030,0.760,0.210
773500,0.030,0.767,0.203
774000,0.030,0.699,0.271
774500,0.030,0.662,0.308
775000,0.030,0.641,0.329
775500,0.030,0.728,0.242
776000,0.030,0.658,0.312
776500,0.030,0.719,0.251
777000,0.030,0.740,0.230
777500,0.030,0.560,0.410
778000,0.030,0.608,0.362
778500,0.030,0.693,0.277
779000,0.030,0.803,0.167
779500,0.030,0.809,0.161
780000,0.030,0.829,0.141
780500,0.030,0.696,0.274
781000,0.030,0.646,0.324
781500,0.030,0.649,0.321
782000,0.030,0.554,0.416
782500,0.030,0.583,0.387
783000,0.030,0.606,0.364
783500,0.030,0.642,0.328
784000,0.030,0.653,0.317
784500,0.030,0.649,0.321
785000,0.030,0.610,0.360
785500,0.030,0.661,0.309
786000,0.030,0.620,0.350
786500,0.030,0.783,0.187
787000,0.030,0.705,0.265
787500,0.030,0.651,0.319
788000,0.030,0.742,0.228
788500,0.030,0.618,0.352
789000,0.030,0.548,0.422
789500,0.030,0.500,0.470
790000,0.030,0.679,0.291
790500,0.030,0.535,0.435
791000,0.030,0.799,0.171
791500,0.030,0.648,0.322
792000,0.030,0.618,0.352
792500,0.030,0.710,0.260
793000,0.030,0.468,0.502
793500,0.030,0.707,0.263
794000,0.030,0.596,0.374
794500,0.030,0.759,0.211
795000,0.030,0.563,0.407
795500,0.030,0.551,0.419
796000,0.030,0.682,0.288
796500,0.030,0.617,0.353
797000,0.030,0.495,0.475
797500,0.030,0.664,0.306
798000,0.030,0.600,0.370
798500,0.030,0.621,0.349
799000,0.030,0.663,0.307
799500,0.030,0.615,0.355
800000,0.030,0.633,0.337
800500,0.030,0.578,0.392
801000,0.030,0.632,0.338
801500,0.030,0.711,0.259
802000,0.030,0.764,0.206
802500,0.030,0.721,0.249
803000,0.030,0.703,0.267
803500,0.030,0.681,0.289
804000,0.030,0.788,0.182
804500,0.030,0.686,0.284
805000,0.030,0.674,0.296
805500,0.030,0.707,0.263
806000,0.030,0.753,0.217
806500,0.030,0.733,0.237
807000,0.030,0.688,0.282
807500,0.030,0.651,0.319
808000,0.030,0.544,0.426
808500,0.030,0.543,0.427
809000,0.030,0.795,0.175
809500,0.030,0.682,0.288
810000,0.030,0.701,0.269
810500,0.030,0.835,0.135
811000,0.030,0.692,0.278
811500,0.030,0.728,0.242
812000,0.030,0.753,0.217
812500,0.030,0.767,0.203
813000,0.030,0.677,0.293
813500,0.030,0.602,0.368
814000,0.030,0.554,0.416
814500,0.030,0.689,0.281
815000,0.030,0.719,0.251
815500,0.030,0.692,0.278
816000,0.030,0.703,0.267
816500,0.030,0.526,0.444
817000,0.030,0.593,0.377
817500,0.030,0.582,0.388
818000,0.030,0.662,0.308
818500,0.030,0.611,0.359
819000,0.030,0.693,0.277
819500,0.030,0.591,0.379
820000,0.030,0.672,0.298
820500,0.030,0.648,0.322
821000,0.030,0.678,0.292
821500,0.030,0.617,0.353
822000,0.030,0.805,0.165
822500,0.030,0.625,0.345
823000,0.030,0.564,0.406
823500,0.030,0.616,0.354
824000,0.030,0.727,0.243
824500,0.030,0.725,0.245
825000,0.030,0.648,0.322
825500,0.030,0.545,0.425
826000,0.030,0.736,0.234
826500,0.030,0.788,0.182
827000,0.030,0.688,0.282
827500,0.030,0.665,0.305
828000,0.030,0.632,0.338
828500,0.030,0.688,0.282
829000,0.030,0.768,0.202
829500,0.030,0.647,0.323
830000,0.030,0.612,0.358
830500,0.030,0.595,0.375
831000,0.030,0.611,0.359
831500,0.030,0.653,0.317
832000,0.030,0.745,0.225
832500,0.030,0.608,0.362
833000,0.030,0.608,0.362
833500,0.030,0.498,0.472
834000,0.030,0.662,0.308
834500,0.030,0.708,0.262
835000,0.030,0.757,0.213
835500,0.030,0.818,0.152
836000,0.030,0.657,0.313
836500,0.030,0.611,0.359
837000,0.030,0.772,0.198
837500,0.030,0.702,0.268
838000,0.030,0.775,0.195
838500,0.030,0.754,0.216
839000,0.030,0.682,0.288
839500,0.030,0.684,0.286
840000,0.030,0.727,0.243
840500,0.030,0.764,0.206
841000,0.030,0.608,0.362
841500,0.030,0.792,0.178
842000,0.030,0.755,0.215
842500,0.030,0.554,0.416
843000,0.030,0.638,0.332
843500,0.030,0.616,0.354
844000,0.030,0.517,0.453
844500,0.030,0.641,0.329
845000,0.030,0.628,0.342
845500,0.030,0.468,0.502
846000,0.030,0.548,0.422
846500,0.030,0.548,0.422
847000,0.030,0.603,0.367
847500,0.030,0.722,0.248
848000,0.030,0.594,0.376
848500,0.030,0.492,0.478
849000,0.030,0.709,0.261
849500,0.030,0.643,0.327
850000,0.030,0.609,0.361
850500,0.030,0.681,0.289
851000,0.030,0.833,0.137
851500,0.030,0.620,0.350
852000,0.030,0.689,0.281
852500,0.030,0.672,0.298
853000,0.030,0.675,0.295
853500,0.030,0.616,0.354
854000,0.030,0.572,0.398
854500,0.030,0.667,0.303
855000,0.030,0.616,0.354
855500,0.030,0.553,0.417
856000,0.030,0.748,0.222
856500,0.030,0.624,0.346
857000,0.030,0.696,0.274
857500,0.030,0.588,0.382
858000,0.030,0.716,0.254
858500,0.030,0.738,0.232
859000,0.030,0.545,0.425
859500,0.030,0.574,0.396
860000,0.030,0.736,0.234
860500,0.030,0.753,0.217
861000,0.030,0.613,0.357
861500,0.030,0.538,0.432
862000,0.030,0.489,0.481
862500,0.030,0.642,0.328
863000,0.030,0.657,0.313
863500,0.030,0.759,0.211
864000,0.030,0.690,0.280
864500,0.030,0.499,0.471
865000,0.030,0.691,0.279
865500,0.030,0.828,0.142
866000,0.030,0.523,0.447
866500,0.030,0.649,0.321
867000,0.030,0.605,0.365
867500,0.030,0.630,0.340
868000,0.030,0.603,0.367
868500,0.030,0.630,0.340
869000,0.030,0.646,0.324
869500,0.030,0.852,0.118
870000,0.030,0.705,0.265
870500,0.030,0.627,0.343
871000,0.030,0.713,0.257
871500,0.030,0.731,0.239
872000,0.030,0.688,0.282
872500,0.030,0.772,0.198
873000,0.030,0.751,0.219
873500,0.030,0.689,0.281
874000,0.030,0.665,0.305
874500,0.030,0.634,0.336
875000,0.030,0.719,0.251
875500,0.030,0.682,0.288
876000,0.030,0.739,0.231
876500,0.030,0.659,0.311
877000,0.030,0.711,0.259
877500,0.030,0.649,0.321
878000,0.030,0.627,0.343
878500,0.030,0.665,0.305
879000,0.030,0.664,0.306
879500,0.030,0.551,0.419
880000,0.030,0.558,0.412
880500,0.030,0.631,0.339
881000,0.030,0.671,0.299
881500,0.030,0.641,0.329
882000,0.030,0.527,0.443
882500,0.030,0.575,0.395
883000,0.030,0.722,0.248
883500,0.030,0.612,0.358
884000,0.030,0.630,0.340
884500,0.030,0.726,0.244
885000,0.030,0.619,0.351
885500,0.030,0.665,0.305
886000,0.030,0.607,0.363
886500,0.030,0.684,0.286
887000,0.030,0.604,0.366
887500,0.030,0.613,0.357
888000,0.030,0.644,0.326
888500,0.030,0.679,0.291
889000,0.030,0.570,0.400
889500,0.030,0.637,0.333
890000,0.030,0.616,0.354
890500,0.030,0.539,0.431
891000,0.030,0.724,0.246
891500,0.030,0.700,0.270
892000,0.030,0.790,0.180
892500,0.030,0.750,0.220
893000,0.030,0.540,0.430
893500,0.030,0.681,0.289
894000,0.030,0.728,0.242
894500,0.030,0.571,0.399
895000,0.030,0.673,0.297
895500,0.030,0.645,0.325
896000,0.030,0.584,0.386
896500,0.030,0.778,0.192
897000,0.030,0.629,0.341
897500,0.030,0.750,0.220
898000,0.030,0.756,0.214
898500,0.030,0.763,0.207
899000,0.030,0.583,0.387
899500,0.030,0.620,0.350
900000,0.030,0.678,0.292
900500,0.030,0.674,0.296
901000,0.030,0.684,0.286
901500,0.030,0.549,0.421
902000,0.030,0.568,0.402
902500,0.030,0.560,0.410
903000,0.030,0.595,0.375
903500,0.030,0.710,0.260
904000,0.030,0.742,0.228
904500,0.030,0.650,0.320
905000,0.030,0.624,0.346
905500,0.030,0.667,0.303
906000,0.030,0.692,0.278
906500,0.030,0.867,0.103
907000,0.030,0.694,0.276
907500,0.030,0.748,0.222
908000,0.030,0.659,0.311
908500,0.030,0.543,0.427
909000,0.030,0.565,0.405
909500,0.030,0.705,0.265
910000,0.030,0.592,0.378
910500,0.030,0.762,0.208
911000,0.030,0.745,0.225
911500,0.030,0.621,0.349
912000,0.030,0.773,0.197
912500,0.030,0.619,0.351
913000,0.030,0.505,0.465
913500,0.030,0.723,0.247
914000,0.030,0.618,0.352
914500,0.030,0.578,0.392
915000,0.030,0.549,0.421
915500,0.030,0.674,0.296
916000,0.030,0.689,0.281
916500,0.030,0.672,0.298
917000,0.030,0.598,0.372
917500,0.030,0.745,0.225
918000,0.030,0.699,0.271
918500,0.030,0.634,0.336
919000,0.030,0.626,0.344
919500,0.030,0.591,0.379
920000,0.030,0.547,0.423
920500,0.030,0.468,0.502
921000,0.030,0.442,0.528
921500,0.030,0.641,0.329
922000,0.030,0.645,0.325
922500,0.030,0.600,0.370
923000,0.030,0.638,0.332
923500,0.030,0.711,0.259
924000,0.030,0.626,0.344
924500,0.030,0.760,0.210
925000,0.030,0.634,0.336
925500,0.030,0.617,0.353
926000,0.030,0.741,0.229
926500,0.030,0.808,0.162
927000,0.030,0.593,0.377
927500,0.030,0.623,0.347
928000,0.030,0.604,0.366
928500,0.030,0.689,0.281
929000,0.030,0.544,0.426
929500,0.030,0.668,0.302
930000,0.030,0.715,0.255
930500,0.030,0.483,0.487
931000,0.030,0.588,0.382
931500,0.030,0.708,0.262
932000,0.030,0.764,0.206
932500,0.030,0.668,0.302
933000,0.030,0.713,0.257
933500,0.030,0.663,0.307
934000,0.030,0.539,0.431
934500,0.030,0.432,0.538
935000,0.030,0.721,0.249
935500,0.030,0.614,0.356
936000,0.030,0.627,0.343
936500,0.030,0.592,0.378
937000,0.030,0.524,0.446
937500,0.030,0.720,0.250
938000,0.030,0.680,0.290
938500,0.030,0.568,0.402
939000,0.030,0.829,0.141
939500,0.030,0.653,0.317
940000,0.030,0.766,0.204
940500,0.030,0.496,0.474
941000,0.030,0.561,0.409
941500,0.030,0.606,0.364
942000,0.030,0.664,0.306
942500,0.030,0.650,0.320
943000,0.030,0.754,0.216
943500,0.030,0.632,0.338
944000,0.030,0.645,0.325
944500,0.030,0.761,0.209
945000,0.030,0.660,0.310
945500,0.030,0.626,0.344
946000,0.030,0.682,0.288
946500,0.030,0.820,0.150
947000,0.030,0.544,0.426
947500,0.030,0.409,0.561
948000,0.030,0.639,0.331
948500,0.030,0.724,0.246
949000,0.030,0.610,0.360
949500,0.030,0.557,0.413
950000,0.030,0.762,0.208
950500,0.030,0.642,0.328
951000,0.030,0.604,0.366
951500,0.030,0.702,0.268
952000,0.030,0.485,0.485
952500,0.030,0.638,0.332
953000,0.030,0.740,0.230
953500,0.030,0.535,0.435
954000,0.030,0.615,0.355
954500,0.030,0.587,0.383
955000,0.030,0.631,0.339
955500,0.030,0.684,0.286
956000,0.030,0.664,0.306
956500,0.030,0.600,0.370
957000,0.030,0.666,0.304
957500,0.030,0.769,0.201
958000,0.030,0.773,0.197
958500,0.030,0.849,0.121
959000,0.030,0.712,0.258
959500,0.030,0.682,0.288
960000,0.030,0.728,0.242
960500,0.030,0.831,0.139
961000,0.030,0.762,0.208
961500,0.030,0.742,0.228
962000,0.030,0.590,0.380
962500,0.030,0.666,0.304
963000,0.030,0.527,0.443
963500,0.030,0.594,0.376
964000,0.030,0.683,0.287
964500,0.030,0.729,0.241
965000,0.030,0.644,0.326
965500,0.030,0.650,0.320
966000,0.030,0.631,0.339
966500,0.030,0.663,0.307
967000,0.030,0.543,0.427
967500,0.030,0.647,0.323
968000,0.030,0.625,0.345
968500,0.030,0.598,0.372
969000,0.030,0.670,0.300
969500,0.030,0.624,0.346
970000,0.030,0.601,0.369
970500,0.030,0.684,0.286
971000,0.030,0.671,0.299
971500,0.030,0.508,0.462
972000,0.030,0.608,0.362
972500,0.030,0.708,0.262
973000,0.030,0.697,0.273
973500,0.030,0.659,0.311
974000,0.030,0.708,0.262
974500,0.030,0.681,0.289
975000,0.030,0.664,0.306
975500,0.030,0.655,0.315
976000,0.030,0.661,0.309
976500,0.030,0.731,0.239
977000,0.030,0.687,0.283
977500,0.030,0.677,0.293
978000,0.030,0.731,0.239
978500,0.030,0.593,0.377
979000,0.030,0.640,0.330
979500,0.030,0.659,0.311
980000,0.030,0.616,0.354
980500,0.030,0.658,0.312
981000,0.030,0.663,0.307
981500,0.030,0.781,0.189
982000,0.030,0.712,0.258
982500,0.030,0.725,0.245
983000,0.030,0.674,0.296
983500,0.030,0.650,0.320
984000,0.030,0.633,0.337
984500,0.030,0.785,0.185
985000,0.030,0.767,0.203
985500,0.030,0.626,0.344
986000,0.030,0.591,0.379
986500,0.030,0.541,0.429
987000,0.030,0.759,0.211
987500,0.030,0.656,0.314
988000,0.030,0.586,0.384
988500,0.030,0.685,0.285
989000,0.030,0.813,0.157
989500,0.030,0.647,0.323
990000,0.030,0.653,0.317
990500,0.030,0.670,0.300
991000,0.030,0.672,0.298
991500,0.030,0.683,0.287
992000,0.030,0.621,0.349
992500,0.030,0.663,0.307
993000,0.030,0.589,0.381
993500,0.030,0.703,0.267
994000,0.030,0.617,0.353
994500,0.030,0.682,0.288
995000,0.030,0.736,0.234
995500,0.030,0.760,0.210
996000,0.030,0.665,0.305
996500,0.030,0.490,0.480
997000,0.030,0.570,0.400
997500,0.030,0.730,0.240
998000,0.030,0.674,0.296
998500,0.030,0.790,0.180
999000,0.030,0.588,0.382
999500,0.030,0.580,0.390
1000000,0.030,0.693,0.277
