time,n_A+p,n_B,n_AB
500,0.010,0.986,0.004
1000,0.010,0.976,0.014
1500,0.010,0.966,0.024
2000,0.010,0.946,0.044
2500,0.010,0.934,0.055
3000,0.010,0.898,0.092
3500,0.010,0.874,0.116
4000,0.010,0.844,0.146
4500,0.010,0.800,0.190
5000,0.010,0.742,0.248
5500,0.010,0.682,0.307
6000,0.012,0.612,0.376
6500,0.012,0.544,0.444
7000,0.019,0.482,0.499
7500,0.018,0.416,0.566
8000,0.018,0.350,0.631
8500,0.021,0.309,0.669
9000,0.027,0.281,0.692
9500,0.039,0.222,0.739
10000,0.040,0.190,0.770
10500,0.048,0.169,0.784
11000,0.056,0.148,0.795
11500,0.062,0.134,0.804
12000,0.065,0.120,0.816
12500,0.064,0.095,0.841
13000,0.065,0.098,0.838
13500,0.069,0.105,0.827
14000,0.068,0.105,0.827
14500,0.068,0.106,0.825
15000,0.074,0.102,0.824
15500,0.086,0.099,0.816
16000,0.086,0.089,0.825
16500,0.084,0.068,0.849
17000,0.091,0.075,0.834
17500,0.090,0.070,0.840
18000,0.096,0.063,0.841
18500,0.099,0.061,0.840
19000,0.114,0.065,0.822
19500,0.114,0.062,0.824
20000,0.093,0.072,0.835
20500,0.092,0.071,0.837
21000,0.087,0.070,0.843
21500,0.096,0.080,0.824
22000,0.097,0.075,0.828
22500,0.103,0.057,0.839
23000,0.111,0.071,0.818
23500,0.102,0.074,0.824
24000,0.091,0.075,0.834
24500,0.091,0.071,0.837
25000,0.105,0.063,0.831
25500,0.105,0.059,0.836
26000,0.113,0.065,0.822
26500,0.096,0.075,0.829
27000,0.082,0.070,0.849
27500,0.091,0.068,0.842
28000,0.085,0.067,0.849
28500,0.086,0.067,0.847
29000,0.085,0.064,0.852
29500,0.087,0.058,0.854
30000,0.087,0.084,0.830
30500,0.085,0.085,0.831
31000,0.071,0.071,0.858
31500,0.075,0.077,0.848
32000,0.071,0.091,0.837
32500,0.096,0.083,0.822
33000,0.102,0.088,0.809
33500,0.100,0.077,0.823
34000,0.101,0.071,0.828
34500,0.108,0.063,0.829
35000,0.104,0.074,0.821
35500,0.104,0.066,0.829
36000,0.110,0.067,0.824
36500,0.111,0.066,0.824
37000,0.113,0.066,0.821
37500,0.101,0.058,0.841
38000,0.099,0.068,0.833
38500,0.086,0.074,0.841
39000,0.085,0.056,0.860
39500,0.088,0.060,0.851
40000,0.091,0.069,0.839
40500,0.093,0.065,0.841
41000,0.088,0.069,0.843
41500,0.090,0.069,0.842
42000,0.086,0.069,0.846
42500,0.084,0.066,0.851
43000,0.083,0.076,0.842
43500,0.071,0.077,0.851
44000,0.086,0.073,0.841
44500,0.080,0.065,0.855
45000,0.087,0.070,0.843
45500,0.085,0.055,0.860
46000,0.095,0.070,0.836
46500,0.096,0.074,0.830
47000,0.086,0.068,0.847
47500,0.082,0.056,0.863
48000,0.090,0.058,0.853
48500,0.104,0.064,0.833
49000,0.099,0.064,0.837
49500,0.109,0.062,0.829
50000,0.107,0.061,0.831
50500,0.109,0.059,0.832
51000,0.102,0.055,0.842
51500,0.115,0.066,0.820
52000,0.110,0.064,0.827
52500,0.128,0.067,0.805
53000,0.116,0.067,0.818
53500,0.119,0.068,0.813
54000,0.105,0.064,0.832
54500,0.091,0.072,0.837
55000,0.090,0.075,0.835
55500,0.079,0.082,0.840
56000,0.080,0.081,0.840
56500,0.083,0.081,0.837
57000,0.080,0.091,0.829
57500,0.105,0.093,0.801
58000,0.114,0.082,0.804
58500,0.110,0.075,0.815
59000,0.110,0.059,0.831
59500,0.109,0.069,0.823
60000,0.095,0.068,0.838
60500,0.099,0.084,0.818
61000,0.102,0.080,0.819
61500,0.086,0.075,0.838
62000,0.085,0.090,0.825
62500,0.079,0.096,0.826
63000,0.082,0.100,0.819
63500,0.083,0.082,0.835
64000,0.085,0.080,0.836
64500,0.087,0.073,0.840
65000,0.090,0.076,0.834
65500,0.086,0.065,0.849
66000,0.084,0.076,0.840
66500,0.086,0.069,0.845
67000,0.090,0.069,0.841
67500,0.091,0.072,0.836
68000,0.088,0.071,0.841
68500,0.077,0.079,0.844
69000,0.078,0.076,0.846
69500,0.084,0.070,0.847
70000,0.080,0.073,0.847
70500,0.077,0.083,0.841
71000,0.088,0.088,0.824
71500,0.084,0.085,0.832
72000,0.086,0.084,0.831
72500,0.095,0.084,0.822
73000,0.100,0.087,0.812
73500,0.099,0.083,0.819
74000,0.092,0.079,0.829
74500,0.082,0.084,0.834
75000,0.086,0.081,0.833
75500,0.087,0.076,0.837
76000,0.081,0.073,0.846
76500,0.101,0.075,0.824
77000,0.096,0.083,0.821
77500,0.093,0.082,0.825
78000,0.098,0.084,0.819
78500,0.098,0.084,0.818
79000,0.088,0.068,0.844
79500,0.082,0.056,0.863
80000,0.093,0.068,0.839
80500,0.093,0.067,0.840
81000,0.096,0.061,0.843
81500,0.095,0.061,0.845
82000,0.094,0.070,0.837
82500,0.098,0.069,0.834
83000,0.084,0.071,0.845
83500,0.093,0.073,0.833
84000,0.111,0.069,0.821
84500,0.092,0.064,0.843
85000,0.080,0.058,0.863
85500,0.084,0.052,0.864
86000,0.092,0.075,0.833
86500,0.080,0.065,0.856
87000,0.090,0.053,0.857
87500,0.092,0.054,0.853
88000,0.097,0.057,0.847
88500,0.104,0.061,0.834
89000,0.112,0.058,0.830
89500,0.107,0.077,0.816
90000,0.105,0.079,0.816
90500,0.098,0.067,0.835
91000,0.091,0.072,0.837
91500,0.095,0.078,0.828
92000,0.089,0.075,0.835
92500,0.079,0.083,0.838
93000,0.092,0.081,0.827
93500,0.098,0.087,0.816
94000,0.096,0.084,0.821
94500,0.097,0.072,0.832
95000,0.096,0.076,0.828
95500,0.090,0.064,0.846
96000,0.090,0.083,0.828
96500,0.090,0.084,0.826
97000,0.089,0.082,0.830
97500,0.086,0.070,0.845
98000,0.097,0.066,0.838
98500,0.088,0.069,0.844
99000,0.085,0.068,0.848
99500,0.095,0.066,0.840
100000,0.102,0.070,0.828
100500,0.093,0.067,0.840
101000,0.094,0.058,0.849
101500,0.105,0.064,0.831
102000,0.106,0.072,0.821
102500,0.106,0.090,0.803
103000,0.112,0.074,0.814
103500,0.118,0.071,0.810
104000,0.123,0.069,0.808
104500,0.112,0.081,0.807
105000,0.102,0.073,0.824
105500,0.090,0.077,0.833
106000,0.100,0.070,0.830
106500,0.106,0.075,0.819
107000,0.097,0.076,0.827
107500,0.101,0.081,0.819
108000,0.100,0.074,0.826
108500,0.108,0.071,0.820
109000,0.104,0.071,0.825
109500,0.104,0.092,0.803
110000,0.100,0.085,0.816
110500,0.101,0.089,0.809
111000,0.108,0.075,0.817
111500,0.102,0.073,0.825
112000,0.102,0.070,0.829
112500,0.094,0.073,0.833
113000,0.096,0.069,0.835
113500,0.094,0.073,0.833
114000,0.102,0.065,0.833
114500,0.102,0.063,0.835
115000,0.106,0.065,0.829
115500,0.118,0.061,0.821
116000,0.108,0.061,0.831
116500,0.107,0.069,0.824
117000,0.100,0.075,0.826
117500,0.100,0.067,0.834
118000,0.087,0.067,0.846
118500,0.101,0.071,0.828
119000,0.100,0.073,0.827
119500,0.093,0.086,0.821
120000,0.090,0.072,0.838
120500,0.099,0.064,0.838
121000,0.092,0.060,0.847
121500,0.092,0.067,0.841
122000,0.099,0.065,0.837
122500,0.096,0.057,0.847
123000,0.099,0.054,0.847
123500,0.099,0.045,0.856
124000,0.091,0.053,0.855
124500,0.100,0.070,0.831
125000,0.098,0.076,0.827
125500,0.097,0.069,0.835
126000,0.101,0.073,0.826
126500,0.095,0.070,0.835
127000,0.090,0.079,0.831
127500,0.096,0.075,0.829
128000,0.082,0.066,0.853
128500,0.094,0.080,0.827
129000,0.088,0.071,0.841
129500,0.100,0.068,0.833
130000,0.118,0.059,0.823
130500,0.116,0.052,0.832
131000,0.112,0.060,0.828
131500,0.103,0.069,0.829
132000,0.092,0.093,0.815
132500,0.088,0.085,0.827
133000,0.071,0.092,0.837
133500,0.072,0.093,0.835
134000,0.064,0.104,0.832
134500,0.089,0.105,0.805
135000,0.088,0.099,0.814
135500,0.084,0.092,0.824
136000,0.089,0.089,0.822
136500,0.087,0.092,0.821
137000,0.072,0.092,0.836
137500,0.071,0.085,0.844
138000,0.082,0.092,0.826
138500,0.077,0.099,0.825
139000,0.076,0.094,0.830
139500,0.074,0.105,0.821
140000,0.081,0.095,0.824
140500,0.077,0.106,0.817
141000,0.081,0.102,0.818
141500,0.090,0.105,0.804
142000,0.090,0.088,0.821
142500,0.080,0.087,0.833
143000,0.081,0.096,0.823
143500,0.083,0.088,0.829
144000,0.079,0.093,0.829
144500,0.081,0.099,0.821
145000,0.073,0.105,0.822
145500,0.072,0.100,0.828
146000,0.074,0.106,0.820
146500,0.078,0.087,0.835
147000,0.076,0.087,0.836
147500,0.065,0.100,0.835
148000,0.071,0.100,0.829
148500,0.067,0.103,0.830
149000,0.060,0.091,0.849
149500,0.062,0.100,0.838
150000,0.066,0.110,0.825
150500,0.068,0.111,0.821
151000,0.065,0.092,0.843
151500,0.064,0.085,0.851
152000,0.073,0.083,0.844
152500,0.074,0.083,0.843
153000,0.071,0.081,0.848
153500,0.071,0.092,0.836
154000,0.074,0.082,0.845
154500,0.087,0.074,0.839
155000,0.090,0.070,0.840
155500,0.095,0.057,0.849
156000,0.091,0.060,0.849
156500,0.103,0.076,0.820
157000,0.103,0.079,0.818
157500,0.083,0.070,0.847
158000,0.090,0.077,0.833
158500,0.081,0.087,0.832
159000,0.093,0.083,0.824
159500,0.108,0.074,0.818
160000,0.105,0.067,0.829
160500,0.111,0.077,0.812
161000,0.102,0.071,0.827
161500,0.105,0.073,0.822
162000,0.111,0.059,0.830
162500,0.105,0.069,0.827
163000,0.097,0.076,0.827
163500,0.089,0.081,0.830
164000,0.088,0.086,0.826
164500,0.082,0.091,0.827
165000,0.075,0.091,0.834
165500,0.079,0.080,0.842
166000,0.071,0.088,0.841
166500,0.072,0.083,0.845
167000,0.090,0.082,0.829
167500,0.077,0.084,0.839
168000,0.081,0.077,0.842
168500,0.101,0.069,0.831
169000,0.093,0.069,0.838
169500,0.090,0.075,0.835
170000,0.094,0.074,0.832
170500,0.096,0.077,0.828
171000,0.114,0.066,0.820
171500,0.103,0.054,0.842
172000,0.102,0.059,0.840
172500,0.105,0.069,0.826
173000,0.097,0.075,0.828
173500,0.085,0.083,0.833
174000,0.080,0.073,0.848
174500,0.089,0.070,0.840
175000,0.088,0.089,0.823
175500,0.090,0.084,0.826
176000,0.100,0.084,0.817
176500,0.099,0.081,0.821
177000,0.079,0.080,0.841
177500,0.086,0.074,0.840
178000,0.090,0.081,0.830
178500,0.089,0.086,0.825
179000,0.099,0.078,0.823
179500,0.107,0.062,0.830
180000,0.109,0.059,0.833
180500,0.095,0.074,0.831
181000,0.096,0.078,0.826
181500,0.096,0.087,0.818
182000,0.086,0.095,0.820
182500,0.081,0.092,0.827
183000,0.089,0.087,0.824
183500,0.096,0.088,0.816
184000,0.087,0.077,0.836
184500,0.098,0.081,0.822
185000,0.095,0.079,0.827
185500,0.096,0.070,0.834
186000,0.093,0.069,0.839
186500,0.097,0.073,0.830
187000,0.099,0.075,0.827
187500,0.094,0.075,0.831
188000,0.110,0.073,0.817
188500,0.102,0.057,0.840
189000,0.117,0.054,0.829
189500,0.116,0.057,0.828
190000,0.116,0.060,0.824
190500,0.117,0.057,0.826
191000,0.108,0.067,0.825
191500,0.104,0.067,0.830
192000,0.094,0.081,0.826
192500,0.095,0.073,0.833
193000,0.084,0.072,0.844
193500,0.103,0.066,0.831
194000,0.101,0.065,0.834
194500,0.091,0.069,0.840
195000,0.089,0.075,0.836
195500,0.095,0.064,0.841
196000,0.105,0.075,0.820
196500,0.102,0.073,0.825
197000,0.103,0.062,0.835
197500,0.103,0.068,0.830
198000,0.110,0.072,0.819
198500,0.096,0.076,0.828
199000,0.097,0.077,0.826
199500,0.093,0.074,0.833
200000,0.100,0.083,0.818
200500,0.100,0.079,0.822
201000,0.083,0.084,0.834
201500,0.076,0.096,0.828
202000,0.073,0.090,0.837
202500,0.076,0.104,0.820
203000,0.077,0.102,0.821
203500,0.077,0.093,0.829
204000,0.079,0.082,0.840
204500,0.083,0.092,0.825
205000,0.075,0.092,0.833
205500,0.077,0.089,0.834
206000,0.082,0.072,0.846
206500,0.078,0.085,0.837
207000,0.077,0.085,0.838
207500,0.075,0.097,0.828
208000,0.077,0.103,0.820
208500,0.080,0.106,0.815
209000,0.082,0.091,0.827
209500,0.086,0.081,0.833
210000,0.086,0.081,0.833
210500,0.079,0.080,0.841
211000,0.092,0.087,0.821
211500,0.094,0.084,0.823
212000,0.081,0.082,0.838
212500,0.077,0.090,0.833
213000,0.074,0.095,0.831
213500,0.079,0.078,0.844
214000,0.076,0.071,0.852
214500,0.088,0.072,0.840
215000,0.091,0.062,0.847
215500,0.110,0.057,0.834
216000,0.098,0.061,0.841
216500,0.091,0.070,0.839
217000,0.098,0.068,0.835
217500,0.093,0.072,0.835
218000,0.101,0.066,0.834
218500,0.102,0.075,0.823
219000,0.106,0.074,0.820
219500,0.097,0.084,0.820
220000,0.098,0.079,0.824
220500,0.080,0.089,0.831
221000,0.084,0.083,0.833
221500,0.077,0.070,0.852
222000,0.076,0.061,0.863
222500,0.076,0.070,0.854
223000,0.075,0.080,0.845
223500,0.081,0.074,0.845
224000,0.086,0.066,0.849
224500,0.091,0.071,0.838
225000,0.071,0.067,0.861
225500,0.071,0.079,0.850
226000,0.079,0.073,0.848
226500,0.085,0.067,0.849
227000,0.081,0.065,0.854
227500,0.081,0.067,0.853
228000,0.098,0.062,0.840
228500,0.084,0.070,0.846
229000,0.085,0.070,0.845
229500,0.076,0.081,0.843
230000,0.076,0.070,0.854
230500,0.082,0.075,0.843
231000,0.086,0.075,0.839
231500,0.081,0.079,0.841
232000,0.070,0.073,0.856
232500,0.067,0.065,0.868
233000,0.093,0.066,0.841
233500,0.099,0.065,0.837
234000,0.099,0.083,0.819
234500,0.105,0.071,0.823
235000,0.101,0.074,0.825
235500,0.077,0.086,0.838
236000,0.085,0.097,0.819
236500,0.080,0.088,0.833
237000,0.088,0.088,0.824
237500,0.091,0.073,0.836
238000,0.091,0.069,0.840
238500,0.090,0.066,0.844
239000,0.081,0.081,0.839
239500,0.079,0.073,0.848
240000,0.080,0.083,0.838
240500,0.085,0.074,0.841
241000,0.090,0.079,0.832
241500,0.102,0.079,0.819
242000,0.093,0.072,0.834
242500,0.089,0.074,0.836
243000,0.082,0.089,0.829
243500,0.085,0.097,0.819
244000,0.086,0.111,0.803
244500,0.088,0.100,0.812
245000,0.085,0.088,0.827
245500,0.091,0.093,0.816
246000,0.080,0.087,0.834
246500,0.079,0.095,0.826
247000,0.083,0.088,0.829
247500,0.091,0.083,0.827
248000,0.096,0.093,0.811
248500,0.082,0.087,0.831
249000,0.080,0.085,0.836
249500,0.081,0.091,0.828
250000,0.089,0.071,0.840
250500,0.080,0.070,0.850
251000,0.086,0.083,0.831
251500,0.085,0.086,0.830
252000,0.090,0.080,0.830
252500,0.082,0.084,0.834
253000,0.071,0.086,0.843
253500,0.089,0.077,0.834
254000,0.081,0.080,0.840
254500,0.089,0.084,0.827
255000,0.095,0.072,0.833
255500,0.088,0.082,0.830
256000,0.088,0.077,0.835
256500,0.087,0.075,0.837
257000,0.094,0.072,0.834
257500,0.093,0.070,0.837
258000,0.085,0.072,0.843
258500,0.077,0.078,0.845
259000,0.097,0.055,0.848
259500,0.102,0.053,0.845
260000,0.106,0.053,0.840
260500,0.099,0.048,0.853
261000,0.106,0.053,0.841
261500,0.117,0.060,0.823
262000,0.126,0.067,0.808
262500,0.127,0.062,0.810
263000,0.121,0.062,0.817
263500,0.110,0.064,0.827
264000,0.090,0.060,0.849
264500,0.083,0.067,0.851
265000,0.085,0.080,0.836
265500,0.070,0.085,0.845
266000,0.066,0.095,0.839
266500,0.067,0.103,0.831
267000,0.060,0.096,0.844
267500,0.062,0.089,0.848
268000,0.070,0.089,0.841
268500,0.066,0.091,0.843
269000,0.076,0.089,0.835
269500,0.093,0.082,0.825
270000,0.083,0.069,0.849
270500,0.083,0.073,0.844
271000,0.089,0.079,0.832
271500,0.088,0.074,0.838
272000,0.097,0.077,0.826
272500,0.099,0.088,0.814
273000,0.103,0.091,0.806
273500,0.084,0.083,0.834
274000,0.085,0.075,0.841
274500,0.092,0.079,0.829
275000,0.100,0.081,0.819
275500,0.107,0.079,0.814
276000,0.101,0.081,0.819
276500,0.089,0.064,0.847
277000,0.074,0.070,0.857
277500,0.086,0.082,0.832
278000,0.082,0.073,0.845
278500,0.088,0.088,0.824
279000,0.076,0.088,0.836
279500,0.076,0.102,0.822
280000,0.071,0.086,0.842
280500,0.066,0.090,0.845
281000,0.066,0.083,0.851
281500,0.077,0.086,0.836
282000,0.074,0.080,0.846
282500,0.111,0.076,0.812
283000,0.117,0.073,0.810
283500,0.126,0.063,0.812
284000,0.122,0.068,0.810
284500,0.121,0.057,0.822
285000,0.106,0.068,0.825
285500,0.108,0.067,0.825
286000,0.101,0.055,0.844
286500,0.100,0.061,0.839
287000,0.093,0.065,0.843
287500,0.098,0.062,0.841
288000,0.102,0.056,0.843
288500,0.103,0.068,0.829
289000,0.084,0.079,0.838
289500,0.076,0.079,0.845
290000,0.074,0.079,0.847
290500,0.077,0.085,0.838
291000,0.079,0.089,0.832
291500,0.077,0.094,0.829
292000,0.088,0.092,0.820
292500,0.089,0.077,0.834
293000,0.092,0.092,0.815
293500,0.108,0.090,0.802
294000,0.102,0.084,0.815
294500,0.093,0.079,0.828
295000,0.095,0.074,0.831
295500,0.096,0.070,0.834
296000,0.084,0.074,0.843
296500,0.106,0.072,0.822
297000,0.087,0.074,0.838
297500,0.101,0.073,0.826
298000,0.091,0.066,0.843
298500,0.115,0.062,0.823
299000,0.119,0.070,0.810
299500,0.117,0.066,0.817
300000,0.104,0.052,0.843
300500,0.114,0.061,0.825
301000,0.102,0.044,0.853
301500,0.104,0.059,0.837
302000,0.105,0.068,0.827
302500,0.095,0.061,0.844
303000,0.091,0.076,0.833
303500,0.086,0.062,0.852
304000,0.096,0.072,0.832
304500,0.093,0.071,0.836
305000,0.094,0.073,0.833
305500,0.086,0.078,0.836
306000,0.096,0.071,0.833
306500,0.098,0.068,0.834
307000,0.093,0.065,0.842
307500,0.102,0.065,0.833
308000,0.096,0.070,0.834
308500,0.097,0.058,0.845
309000,0.092,0.048,0.860
309500,0.094,0.067,0.839
310000,0.106,0.057,0.838
310500,0.100,0.053,0.847
311000,0.101,0.071,0.828
311500,0.096,0.068,0.836
312000,0.095,0.083,0.823
312500,0.085,0.073,0.843
313000,0.087,0.086,0.827
313500,0.085,0.073,0.842
314000,0.087,0.068,0.846
314500,0.094,0.066,0.841
315000,0.089,0.065,0.845
315500,0.086,0.082,0.832
316000,0.080,0.077,0.843
316500,0.084,0.106,0.810
317000,0.078,0.097,0.826
317500,0.072,0.090,0.838
318000,0.087,0.086,0.827
318500,0.086,0.078,0.836
319000,0.087,0.088,0.825
319500,0.079,0.085,0.837
320000,0.081,0.088,0.831
320500,0.090,0.082,0.828
321000,0.088,0.076,0.836
321500,0.095,0.084,0.822
322000,0.091,0.079,0.830
322500,0.104,0.072,0.824
323000,0.102,0.070,0.829
323500,0.108,0.066,0.825
324000,0.101,0.056,0.844
324500,0.100,0.072,0.828
325000,0.089,0.093,0.817
325500,0.089,0.082,0.829
326000,0.099,0.071,0.830
326500,0.094,0.066,0.840
327000,0.092,0.062,0.846
327500,0.102,0.059,0.839
328000,0.086,0.065,0.849
328500,0.097,0.075,0.828
329000,0.093,0.067,0.840
329500,0.094,0.077,0.829
330000,0.102,0.079,0.820
330500,0.095,0.070,0.835
331000,0.086,0.064,0.851
331500,0.082,0.060,0.858
332000,0.076,0.077,0.847
332500,0.085,0.070,0.845
333000,0.093,0.064,0.844
333500,0.107,0.056,0.837
334000,0.118,0.054,0.828
334500,0.108,0.055,0.837
335000,0.108,0.058,0.834
335500,0.108,0.066,0.825
336000,0.096,0.061,0.843
336500,0.086,0.073,0.841
337000,0.091,0.067,0.841
337500,0.087,0.080,0.833
338000,0.086,0.090,0.825
338500,0.075,0.086,0.839
339000,0.086,0.079,0.836
339500,0.082,0.070,0.849
340000,0.077,0.084,0.840
340500,0.072,0.074,0.854
341000,0.083,0.098,0.820
341500,0.068,0.097,0.835
342000,0.070,0.108,0.822
342500,0.069,0.101,0.830
343000,0.073,0.081,0.846
343500,0.070,0.096,0.834
344000,0.070,0.086,0.843
344500,0.075,0.084,0.841
345000,0.082,0.090,0.828
345500,0.089,0.092,0.819
346000,0.085,0.087,0.828
346500,0.099,0.079,0.822
347000,0.094,0.073,0.833
347500,0.110,0.073,0.817
348000,0.101,0.079,0.821
348500,0.092,0.082,0.826
349000,0.093,0.072,0.835
349500,0.083,0.082,0.836
350000,0.093,0.073,0.834
350500,0.099,0.070,0.831
351000,0.096,0.077,0.828
351500,0.096,0.070,0.835
352000,0.091,0.064,0.845
352500,0.101,0.070,0.830
353000,0.110,0.073,0.817
353500,0.111,0.065,0.824
354000,0.106,0.078,0.816
354500,0.097,0.070,0.834
355000,0.120,0.066,0.815
355500,0.108,0.063,0.829
356000,0.105,0.070,0.826
356500,0.090,0.077,0.833
357000,0.084,0.070,0.846
357500,0.074,0.093,0.833
358000,0.084,0.085,0.831
358500,0.084,0.087,0.829
359000,0.075,0.092,0.832
359500,0.081,0.088,0.831
360000,0.083,0.080,0.838
360500,0.093,0.080,0.827
361000,0.083,0.081,0.837
361500,0.092,0.073,0.835
362000,0.092,0.072,0.836
362500,0.097,0.070,0.833
363000,0.088,0.069,0.843
363500,0.092,0.059,0.849
364000,0.087,0.066,0.847
364500,0.084,0.071,0.845
365000,0.077,0.077,0.845
365500,0.096,0.085,0.820
366000,0.095,0.087,0.818
366500,0.092,0.074,0.834
367000,0.090,0.076,0.834
367500,0.090,0.074,0.836
368000,0.087,0.077,0.835
368500,0.086,0.082,0.833
369000,0.083,0.083,0.834
369500,0.088,0.084,0.828
370000,0.091,0.072,0.837
370500,0.096,0.064,0.841
371000,0.086,0.061,0.853
371500,0.083,0.072,0.845
372000,0.092,0.075,0.833
372500,0.085,0.072,0.843
373000,0.083,0.073,0.844
373500,0.093,0.069,0.839
374000,0.097,0.060,0.843
374500,0.091,0.073,0.835
375000,0.084,0.070,0.847
375500,0.072,0.082,0.846
376000,0.065,0.091,0.844
376500,0.074,0.097,0.829
377000,0.074,0.095,0.831
377500,0.086,0.097,0.818
378000,0.084,0.096,0.821
378500,0.087,0.090,0.823
379000,0.086,0.089,0.825
379500,0.083,0.095,0.823
380000,0.088,0.099,0.813
380500,0.084,0.089,0.827
381000,0.101,0.081,0.819
381500,0.103,0.089,0.807
382000,0.099,0.106,0.795
382500,0.087,0.087,0.825
383000,0.093,0.085,0.822
383500,0.092,0.074,0.834
384000,0.096,0.074,0.830
384500,0.093,0.080,0.827
385000,0.093,0.084,0.823
385500,0.092,0.083,0.826
386000,0.098,0.080,0.823
386500,0.090,0.074,0.836
387000,0.086,0.072,0.843
387500,0.087,0.092,0.821
388000,0.086,0.102,0.812
388500,0.083,0.099,0.819
389000,0.077,0.102,0.821
389500,0.081,0.093,0.826
390000,0.085,0.088,0.827
390500,0.089,0.079,0.832
391000,0.089,0.072,0.839
391500,0.086,0.075,0.839
392000,0.089,0.086,0.826
392500,0.101,0.089,0.810
393000,0.098,0.092,0.810
393500,0.092,0.091,0.817
394000,0.085,0.087,0.828
394500,0.092,0.093,0.814
395000,0.087,0.086,0.827
395500,0.098,0.089,0.813
396000,0.091,0.101,0.808
396500,0.086,0.086,0.828
397000,0.088,0.068,0.843
397500,0.106,0.070,0.825
398000,0.100,0.077,0.823
398500,0.101,0.082,0.818
399000,0.105,0.070,0.824
399500,0.101,0.071,0.828
400000,0.107,0.065,0.827
400500,0.089,0.069,0.842
401000,0.089,0.079,0.832
401500,0.080,0.092,0.829
402000,0.089,0.080,0.831
402500,0.083,0.082,0.836
403000,0.076,0.081,0.843
403500,0.086,0.081,0.834
404000,0.082,0.073,0.846
404500,0.079,0.071,0.850
405000,0.079,0.070,0.851
405500,0.090,0.064,0.845
406000,0.091,0.077,0.832
406500,0.111,0.072,0.817
407000,0.102,0.079,0.819
407500,0.108,0.066,0.826
408000,0.103,0.059,0.839
408500,0.098,0.071,0.832
409000,0.104,0.068,0.829
409500,0.103,0.069,0.829
410000,0.102,0.071,0.827
410500,0.125,0.067,0.808
411000,0.102,0.069,0.830
411500,0.102,0.059,0.838
412000,0.106,0.061,0.833
412500,0.116,0.069,0.815
413000,0.110,0.065,0.826
413500,0.092,0.073,0.835
414000,0.096,0.081,0.824
414500,0.088,0.075,0.837
415000,0.091,0.086,0.824
415500,0.084,0.087,0.829
416000,0.091,0.080,0.829
416500,0.095,0.068,0.838
417000,0.083,0.060,0.857
417500,0.072,0.072,0.856
418000,0.082,0.073,0.845
418500,0.084,0.079,0.838
419000,0.082,0.079,0.840
419500,0.088,0.075,0.836
420000,0.089,0.083,0.829
420500,0.089,0.078,0.833
421000,0.100,0.084,0.817
421500,0.081,0.083,0.837
422000,0.077,0.070,0.853
422500,0.089,0.068,0.843
423000,0.103,0.072,0.825
423500,0.106,0.068,0.826
424000,0.103,0.066,0.831
424500,0.096,0.077,0.827
425000,0.091,0.070,0.839
425500,0.092,0.070,0.838
426000,0.092,0.083,0.825
426500,0.096,0.081,0.824
427000,0.095,0.089,0.816
427500,0.092,0.089,0.818
428000,0.096,0.085,0.820
428500,0.095,0.090,0.816
429000,0.085,0.088,0.827
429500,0.082,0.085,0.834
430000,0.083,0.077,0.840
430500,0.076,0.077,0.846
431000,0.084,0.085,0.832
431500,0.088,0.086,0.826
432000,0.097,0.075,0.829
432500,0.102,0.074,0.824
433000,0.086,0.082,0.832
433500,0.089,0.079,0.833
434000,0.091,0.077,0.832
434500,0.084,0.089,0.827
435000,0.086,0.074,0.841
435500,0.093,0.082,0.826
436000,0.110,0.071,0.819
436500,0.101,0.070,0.829
437000,0.092,0.068,0.839
437500,0.082,0.075,0.844
438000,0.090,0.079,0.831
438500,0.079,0.085,0.836
439000,0.076,0.084,0.840
439500,0.078,0.089,0.833
440000,0.082,0.086,0.833
440500,0.076,0.082,0.842
441000,0.086,0.082,0.832
441500,0.097,0.085,0.819
442000,0.108,0.075,0.817
442500,0.098,0.085,0.818
443000,0.102,0.087,0.811
443500,0.098,0.076,0.827
444000,0.084,0.069,0.847
444500,0.089,0.064,0.847
445000,0.092,0.060,0.848
445500,0.083,0.072,0.845
446000,0.083,0.088,0.829
446500,0.089,0.077,0.834
447000,0.091,0.076,0.833
447500,0.090,0.075,0.834
448000,0.093,0.070,0.837
448500,0.094,0.065,0.842
449000,0.103,0.066,0.832
449500,0.112,0.070,0.818
450000,0.100,0.070,0.830
450500,0.092,0.081,0.827
451000,0.086,0.083,0.831
451500,0.080,0.076,0.845
452000,0.084,0.085,0.831
452500,0.075,0.081,0.844
453000,0.080,0.068,0.853
453500,0.083,0.068,0.849
454000,0.083,0.071,0.846
454500,0.075,0.064,0.862
455000,0.072,0.071,0.857
455500,0.074,0.082,0.845
456000,0.080,0.081,0.839
456500,0.082,0.085,0.833
457000,0.095,0.076,0.829
457500,0.091,0.066,0.844
458000,0.101,0.065,0.835
458500,0.091,0.068,0.841
459000,0.092,0.063,0.845
459500,0.106,0.057,0.837
460000,0.106,0.052,0.841
460500,0.108,0.065,0.827
461000,0.100,0.069,0.831
461500,0.082,0.064,0.855
462000,0.088,0.069,0.844
462500,0.077,0.081,0.842
463000,0.074,0.085,0.842
463500,0.075,0.083,0.842
464000,0.080,0.077,0.843
464500,0.073,0.081,0.846
465000,0.074,0.075,0.850
465500,0.085,0.078,0.837
466000,0.085,0.090,0.825
466500,0.091,0.094,0.815
467000,0.084,0.073,0.843
467500,0.086,0.077,0.838
468000,0.095,0.073,0.833
468500,0.098,0.067,0.836
469000,0.092,0.054,0.853
469500,0.087,0.065,0.848
470000,0.091,0.062,0.846
470500,0.110,0.059,0.832
471000,0.096,0.069,0.836
471500,0.113,0.057,0.831
472000,0.115,0.051,0.834
472500,0.099,0.071,0.830
473000,0.096,0.075,0.829
473500,0.100,0.077,0.823
474000,0.084,0.089,0.827
474500,0.086,0.085,0.829
475000,0.079,0.090,0.831
475500,0.081,0.079,0.841
476000,0.082,0.073,0.845
476500,0.072,0.073,0.855
477000,0.084,0.070,0.846
477500,0.082,0.073,0.845
478000,0.081,0.087,0.832
478500,0.078,0.091,0.831
479000,0.089,0.092,0.819
479500,0.083,0.092,0.826
480000,0.087,0.100,0.813
480500,0.092,0.099,0.809
481000,0.086,0.088,0.826
481500,0.090,0.070,0.840
482000,0.100,0.076,0.824
482500,0.106,0.069,0.825
483000,0.090,0.070,0.841
483500,0.088,0.071,0.841
484000,0.089,0.070,0.841
484500,0.082,0.069,0.850
485000,0.099,0.067,0.835
485500,0.090,0.059,0.852
486000,0.106,0.048,0.846
486500,0.101,0.064,0.835
487000,0.108,0.070,0.822
487500,0.114,0.074,0.811
488000,0.098,0.070,0.832
488500,0.104,0.071,0.825
489000,0.108,0.062,0.829
489500,0.105,0.060,0.835
490000,0.106,0.059,0.835
490500,0.104,0.071,0.824
491000,0.102,0.062,0.836
491500,0.099,0.063,0.839
492000,0.114,0.059,0.828
492500,0.105,0.068,0.827
493000,0.103,0.065,0.831
493500,0.103,0.077,0.820
494000,0.095,0.078,0.828
494500,0.093,0.076,0.831
495000,0.081,0.080,0.840
495500,0.072,0.086,0.842
496000,0.078,0.079,0.843
496500,0.084,0.073,0.843
497000,0.082,0.069,0.850
497500,0.091,0.077,0.832
498000,0.089,0.077,0.834
498500,0.084,0.076,0.840
499000,0.082,0.075,0.843
499500,0.084,0.093,0.823
500000,0.077,0.092,0.830
500500,0.069,0.089,0.842
501000,0.073,0.084,0.843
501500,0.076,0.085,0.839
502000,0.077,0.091,0.832
502500,0.080,0.105,0.815
503000,0.074,0.102,0.825
503500,0.087,0.079,0.834
504000,0.090,0.077,0.833
504500,0.088,0.073,0.839
505000,0.083,0.072,0.845
505500,0.086,0.080,0.834
506000,0.080,0.076,0.844
506500,0.066,0.079,0.856
507000,0.081,0.077,0.843
507500,0.073,0.082,0.846
508000,0.075,0.080,0.845
508500,0.077,0.084,0.839
509000,0.074,0.090,0.836
509500,0.065,0.097,0.839
510000,0.059,0.089,0.852
510500,0.074,0.083,0.843
511000,0.074,0.087,0.839
511500,0.064,0.089,0.846
512000,0.076,0.091,0.833
512500,0.077,0.086,0.838
513000,0.071,0.088,0.841
513500,0.072,0.094,0.834
514000,0.075,0.086,0.838
514500,0.077,0.080,0.843
515000,0.081,0.071,0.848
515500,0.081,0.073,0.846
516000,0.082,0.069,0.850
516500,0.077,0.073,0.849
517000,0.077,0.078,0.845
517500,0.083,0.077,0.840
518000,0.071,0.071,0.858
518500,0.069,0.087,0.844
519000,0.075,0.088,0.837
519500,0.079,0.086,0.836
520000,0.076,0.076,0.848
520500,0.081,0.085,0.834
521000,0.086,0.077,0.838
521500,0.089,0.081,0.830
522000,0.089,0.087,0.824
522500,0.089,0.092,0.819
523000,0.094,0.081,0.826
523500,0.092,0.068,0.839
524000,0.095,0.054,0.851
524500,0.090,0.061,0.849
525000,0.080,0.065,0.856
525500,0.081,0.071,0.848
526000,0.092,0.072,0.836
526500,0.089,0.063,0.848
527000,0.095,0.070,0.836
527500,0.101,0.066,0.833
528000,0.097,0.082,0.821
528500,0.089,0.075,0.836
529000,0.083,0.073,0.845
529500,0.091,0.084,0.826
530000,0.086,0.088,0.825
530500,0.074,0.085,0.841
531000,0.088,0.075,0.837
531500,0.086,0.077,0.838
532000,0.077,0.089,0.833
532500,0.084,0.092,0.825
533000,0.083,0.086,0.831
533500,0.084,0.077,0.839
534000,0.082,0.082,0.837
534500,0.089,0.075,0.836
535000,0.101,0.073,0.827
535500,0.091,0.077,0.831
536000,0.089,0.081,0.830
536500,0.100,0.072,0.828
537000,0.103,0.068,0.830
537500,0.117,0.072,0.811
538000,0.106,0.067,0.827
538500,0.097,0.066,0.838
539000,0.108,0.057,0.835
539500,0.108,0.059,0.834
540000,0.104,0.062,0.833
540500,0.086,0.061,0.852
541000,0.079,0.070,0.851
541500,0.082,0.079,0.839
542000,0.088,0.073,0.839
542500,0.086,0.079,0.836
543000,0.093,0.082,0.826
543500,0.088,0.084,0.828
544000,0.076,0.083,0.842
544500,0.081,0.072,0.848
545000,0.089,0.058,0.852
545500,0.105,0.064,0.831
546000,0.113,0.070,0.818
546500,0.100,0.062,0.838
547000,0.097,0.058,0.846
547500,0.104,0.059,0.837
548000,0.088,0.066,0.845
548500,0.096,0.080,0.825
549000,0.099,0.067,0.835
549500,0.110,0.068,0.823
550000,0.090,0.088,0.821
550500,0.090,0.077,0.832
551000,0.098,0.076,0.826
551500,0.087,0.067,0.846
552000,0.084,0.071,0.846
552500,0.100,0.055,0.845
553000,0.099,0.054,0.847
553500,0.114,0.057,0.829
554000,0.110,0.058,0.832
554500,0.103,0.048,0.848
555000,0.092,0.048,0.859
555500,0.084,0.058,0.858
556000,0.109,0.059,0.832
556500,0.118,0.070,0.812
557000,0.109,0.069,0.822
557500,0.100,0.062,0.838
558000,0.093,0.070,0.838
558500,0.094,0.063,0.843
559000,0.090,0.060,0.849
559500,0.086,0.058,0.856
560000,0.104,0.061,0.834
560500,0.106,0.059,0.836
561000,0.120,0.070,0.810
561500,0.104,0.061,0.834
562000,0.110,0.074,0.817
562500,0.105,0.063,0.832
563000,0.110,0.072,0.819
563500,0.090,0.069,0.841
564000,0.094,0.069,0.838
564500,0.092,0.066,0.842
565000,0.084,0.068,0.848
565500,0.090,0.069,0.841
566000,0.100,0.059,0.842
566500,0.096,0.051,0.853
567000,0.097,0.048,0.856
567500,0.097,0.058,0.846
568000,0.098,0.063,0.839
568500,0.084,0.070,0.847
569000,0.089,0.072,0.839
569500,0.088,0.074,0.838
570000,0.086,0.070,0.845
570500,0.069,0.070,0.862
571000,0.068,0.067,0.865
571500,0.074,0.077,0.849
572000,0.071,0.091,0.838
572500,0.070,0.105,0.824
573000,0.080,0.100,0.821
573500,0.072,0.085,0.843
574000,0.083,0.077,0.840
574500,0.080,0.071,0.849
575000,0.086,0.073,0.841
575500,0.085,0.065,0.851
576000,0.085,0.076,0.839
576500,0.099,0.059,0.843
577000,0.104,0.065,0.832
577500,0.103,0.065,0.833
578000,0.103,0.057,0.840
578500,0.097,0.072,0.831
579000,0.093,0.081,0.827
579500,0.080,0.086,0.834
580000,0.075,0.081,0.844
580500,0.067,0.086,0.847
581000,0.076,0.085,0.840
581500,0.071,0.086,0.843
582000,0.069,0.091,0.841
582500,0.086,0.078,0.836
583000,0.085,0.076,0.839
583500,0.104,0.080,0.817
584000,0.095,0.084,0.822
584500,0.099,0.081,0.820
585000,0.089,0.084,0.827
585500,0.090,0.090,0.820
586000,0.086,0.076,0.838
586500,0.089,0.069,0.842
587000,0.089,0.064,0.847
587500,0.085,0.059,0.856
588000,0.080,0.065,0.856
588500,0.079,0.072,0.849
589000,0.080,0.079,0.842
589500,0.089,0.080,0.831
590000,0.087,0.089,0.824
590500,0.089,0.088,0.823
591000,0.085,0.081,0.835
591500,0.098,0.082,0.821
592000,0.093,0.061,0.845
592500,0.104,0.073,0.823
593000,0.092,0.073,0.835
593500,0.082,0.081,0.838
594000,0.071,0.082,0.847
594500,0.086,0.083,0.832
595000,0.081,0.086,0.833
595500,0.082,0.088,0.830
596000,0.075,0.099,0.826
596500,0.073,0.085,0.842
597000,0.084,0.079,0.838
597500,0.091,0.086,0.822
598000,0.093,0.069,0.838
598500,0.097,0.086,0.818
599000,0.095,0.079,0.827
599500,0.103,0.071,0.826
600000,0.108,0.074,0.817
600500,0.106,0.074,0.820
601000,0.102,0.060,0.838
601500,0.100,0.059,0.841
602000,0.092,0.062,0.846
602500,0.103,0.081,0.816
603000,0.092,0.080,0.828
603500,0.092,0.092,0.816
604000,0.085,0.085,0.831
604500,0.079,0.081,0.841
605000,0.073,0.074,0.853
605500,0.072,0.072,0.856
606000,0.076,0.073,0.850
606500,0.082,0.066,0.853
607000,0.090,0.053,0.856
607500,0.085,0.063,0.853
608000,0.087,0.071,0.842
608500,0.092,0.055,0.853
609000,0.108,0.056,0.837
609500,0.112,0.057,0.832
610000,0.101,0.070,0.829
610500,0.098,0.065,0.837
611000,0.102,0.073,0.824
611500,0.104,0.075,0.821
612000,0.103,0.064,0.833
612500,0.120,0.076,0.803
613000,0.109,0.066,0.825
613500,0.103,0.090,0.806
614000,0.095,0.088,0.817
614500,0.095,0.081,0.824
615000,0.105,0.082,0.812
615500,0.110,0.095,0.795
616000,0.100,0.092,0.808
616500,0.087,0.090,0.822
617000,0.083,0.076,0.841
617500,0.081,0.073,0.846
618000,0.086,0.078,0.836
618500,0.093,0.073,0.834
619000,0.085,0.070,0.845
619500,0.085,0.086,0.830
620000,0.084,0.092,0.824
620500,0.086,0.098,0.816
621000,0.086,0.100,0.814
621500,0.088,0.085,0.827
622000,0.094,0.085,0.821
622500,0.090,0.090,0.819
623000,0.098,0.075,0.827
623500,0.120,0.064,0.816
624000,0.108,0.069,0.823
624500,0.102,0.068,0.831
625000,0.105,0.058,0.837
625500,0.106,0.069,0.825
626000,0.099,0.071,0.830
626500,0.097,0.076,0.827
627000,0.090,0.068,0.842
627500,0.097,0.059,0.844
628000,0.095,0.067,0.839
628500,0.100,0.060,0.841
629000,0.114,0.062,0.825
629500,0.129,0.072,0.799
630000,0.113,0.072,0.816
630500,0.104,0.063,0.833
631000,0.091,0.074,0.835
631500,0.078,0.065,0.857
632000,0.088,0.073,0.839
632500,0.082,0.067,0.852
633000,0.083,0.077,0.840
633500,0.100,0.088,0.812
634000,0.091,0.092,0.816
634500,0.081,0.080,0.839
635000,0.083,0.073,0.844
635500,0.078,0.081,0.841
636000,0.096,0.090,0.814
636500,0.099,0.079,0.823
637000,0.086,0.063,0.851
637500,0.082,0.073,0.845
638000,0.101,0.064,0.836
638500,0.100,0.062,0.838
639000,0.093,0.060,0.846
639500,0.093,0.073,0.833
640000,0.102,0.076,0.822
640500,0.111,0.064,0.825
641000,0.091,0.070,0.839
641500,0.088,0.064,0.848
642000,0.111,0.061,0.829
642500,0.106,0.069,0.825
643000,0.113,0.063,0.825
643500,0.117,0.060,0.822
644000,0.108,0.060,0.832
644500,0.108,0.071,0.821
645000,0.108,0.081,0.811
645500,0.103,0.069,0.828
646000,0.099,0.074,0.827
646500,0.092,0.068,0.840
647000,0.094,0.060,0.846
647500,0.090,0.074,0.836
648000,0.091,0.074,0.835
648500,0.084,0.076,0.840
649000,0.080,0.081,0.840
649500,0.084,0.086,0.831
650000,0.088,0.076,0.835
650500,0.102,0.068,0.830
651000,0.092,0.060,0.848
651500,0.097,0.069,0.835
652000,0.101,0.059,0.840
652500,0.097,0.075,0.828
653000,0.100,0.069,0.832
653500,0.090,0.083,0.827
654000,0.081,0.091,0.828
654500,0.086,0.082,0.833
655000,0.087,0.084,0.830
655500,0.077,0.095,0.829
656000,0.072,0.086,0.841
656500,0.081,0.082,0.838
657000,0.099,0.089,0.812
657500,0.089,0.091,0.820
658000,0.088,0.078,0.834
658500,0.089,0.082,0.829
659000,0.098,0.089,0.813
659500,0.091,0.080,0.829
660000,0.091,0.070,0.839
660500,0.085,0.060,0.855
661000,0.096,0.059,0.845
661500,0.093,0.064,0.844
662000,0.100,0.069,0.832
662500,0.106,0.079,0.816
663000,0.108,0.070,0.822
663500,0.095,0.073,0.833
664000,0.106,0.061,0.833
664500,0.119,0.059,0.822
665000,0.112,0.062,0.827
665500,0.114,0.066,0.821
666000,0.106,0.070,0.824
666500,0.104,0.061,0.835
667000,0.098,0.057,0.846
667500,0.097,0.062,0.841
668000,0.085,0.056,0.860
668500,0.090,0.068,0.842
669000,0.082,0.077,0.841
669500,0.097,0.070,0.833
670000,0.085,0.074,0.841
670500,0.080,0.070,0.850
671000,0.093,0.062,0.845
671500,0.085,0.057,0.859
672000,0.093,0.079,0.828
672500,0.085,0.078,0.837
673000,0.092,0.082,0.826
673500,0.090,0.065,0.845
674000,0.096,0.060,0.844
674500,0.098,0.056,0.846
675000,0.095,0.053,0.852
675500,0.093,0.054,0.853
676000,0.093,0.064,0.843
676500,0.090,0.064,0.846
677000,0.083,0.063,0.854
677500,0.081,0.066,0.854
678000,0.087,0.069,0.844
678500,0.081,0.067,0.853
679000,0.077,0.065,0.858
679500,0.086,0.060,0.854
680000,0.105,0.069,0.827
680500,0.108,0.057,0.835
681000,0.114,0.066,0.821
681500,0.109,0.073,0.818
682000,0.098,0.085,0.818
682500,0.098,0.094,0.808
683000,0.096,0.085,0.820
683500,0.095,0.081,0.825
684000,0.107,0.084,0.808
684500,0.109,0.083,0.808
685000,0.106,0.077,0.817
685500,0.086,0.073,0.840
686000,0.090,0.077,0.833
686500,0.089,0.080,0.831
687000,0.089,0.086,0.824
687500,0.086,0.086,0.829
688000,0.070,0.086,0.844
688500,0.080,0.084,0.836
689000,0.083,0.076,0.841
689500,0.085,0.068,0.848
690000,0.084,0.076,0.840
690500,0.094,0.077,0.829
691000,0.103,0.080,0.817
691500,0.121,0.075,0.804
692000,0.117,0.088,0.794
692500,0.113,0.070,0.817
693000,0.104,0.068,0.827
693500,0.106,0.070,0.825
694000,0.105,0.069,0.826
694500,0.116,0.070,0.814
695000,0.118,0.071,0.810
695500,0.102,0.069,0.829
696000,0.105,0.077,0.817
696500,0.108,0.081,0.811
697000,0.112,0.068,0.821
697500,0.117,0.066,0.818
698000,0.114,0.077,0.808
698500,0.096,0.066,0.839
699000,0.105,0.057,0.839
699500,0.098,0.067,0.836
700000,0.099,0.072,0.830
700500,0.100,0.058,0.842
701000,0.098,0.063,0.839
701500,0.091,0.070,0.839
702000,0.106,0.076,0.818
702500,0.106,0.069,0.825
703000,0.104,0.067,0.829
703500,0.106,0.068,0.825
704000,0.101,0.074,0.825
704500,0.090,0.065,0.845
705000,0.097,0.070,0.834
705500,0.090,0.059,0.851
706000,0.092,0.067,0.841
706500,0.089,0.060,0.851
707000,0.093,0.054,0.853
707500,0.110,0.058,0.832
708000,0.111,0.065,0.825
708500,0.104,0.062,0.833
709000,0.090,0.061,0.849
709500,0.079,0.069,0.853
710000,0.089,0.073,0.838
710500,0.089,0.072,0.838
711000,0.087,0.076,0.837
711500,0.093,0.079,0.828
712000,0.092,0.075,0.833
712500,0.104,0.072,0.823
713000,0.104,0.072,0.824
713500,0.090,0.086,0.825
714000,0.099,0.073,0.828
714500,0.087,0.084,0.829
715000,0.086,0.065,0.849
715500,0.086,0.072,0.842
716000,0.102,0.066,0.833
716500,0.097,0.061,0.842
717000,0.088,0.061,0.851
717500,0.098,0.069,0.833
718000,0.105,0.064,0.832
718500,0.097,0.073,0.831
719000,0.093,0.086,0.820
719500,0.083,0.075,0.842
720000,0.089,0.088,0.823
720500,0.092,0.079,0.829
721000,0.092,0.084,0.824
721500,0.098,0.080,0.823
722000,0.106,0.071,0.823
722500,0.123,0.069,0.808
723000,0.113,0.078,0.809
723500,0.109,0.071,0.820
724000,0.100,0.070,0.830
724500,0.096,0.065,0.839
725000,0.092,0.068,0.840
725500,0.102,0.075,0.823
726000,0.096,0.077,0.828
726500,0.102,0.079,0.819
727000,0.096,0.097,0.807
727500,0.083,0.095,0.823
728000,0.076,0.104,0.820
728500,0.078,0.094,0.828
729000,0.079,0.097,0.825
729500,0.079,0.097,0.824
730000,0.081,0.080,0.839
730500,0.080,0.087,0.833
731000,0.086,0.087,0.827
731500,0.083,0.088,0.830
732000,0.076,0.084,0.840
732500,0.087,0.083,0.831
733000,0.086,0.077,0.837
733500,0.090,0.074,0.836
734000,0.114,0.079,0.807
734500,0.111,0.061,0.828
735000,0.103,0.072,0.825
735500,0.102,0.075,0.823
736000,0.101,0.069,0.831
736500,0.099,0.067,0.835
737000,0.097,0.066,0.838
737500,0.088,0.064,0.848
738000,0.096,0.066,0.839
738500,0.085,0.065,0.850
739000,0.096,0.073,0.831
739500,0.100,0.070,0.830
740000,0.087,0.073,0.839
740500,0.077,0.080,0.843
741000,0.079,0.084,0.838
741500,0.081,0.087,0.832
742000,0.091,0.092,0.817
742500,0.105,0.088,0.806
743000,0.095,0.095,0.811
743500,0.091,0.085,0.825
744000,0.088,0.083,0.829
744500,0.090,0.079,0.832
745000,0.101,0.079,0.821
745500,0.101,0.064,0.835
746000,0.087,0.057,0.855
746500,0.086,0.063,0.851
747000,0.086,0.082,0.833
747500,0.082,0.083,0.836
748000,0.081,0.077,0.843
748500,0.085,0.078,0.837
749000,0.099,0.072,0.830
749500,0.099,0.082,0.819
750000,0.085,0.085,0.831
750500,0.085,0.072,0.843
751000,0.088,0.069,0.843
751500,0.096,0.068,0.837
752000,0.095,0.058,0.847
752500,0.111,0.057,0.832
753000,0.105,0.068,0.828
753500,0.103,0.059,0.837
754000,0.111,0.064,0.825
754500,0.110,0.057,0.834
755000,0.095,0.059,0.847
755500,0.087,0.074,0.839
756000,0.093,0.079,0.828
756500,0.082,0.070,0.848
757000,0.098,0.077,0.825
757500,0.099,0.067,0.835
758000,0.089,0.059,0.851
758500,0.092,0.080,0.828
759000,0.091,0.066,0.843
759500,0.098,0.061,0.841
760000,0.102,0.072,0.826
760500,0.107,0.074,0.819
761000,0.097,0.073,0.830
761500,0.107,0.070,0.823
762000,0.099,0.075,0.826
762500,0.085,0.072,0.843
763000,0.105,0.086,0.809
763500,0.098,0.083,0.820
764000,0.098,0.077,0.826
764500,0.093,0.076,0.830
765000,0.097,0.084,0.820
765500,0.083,0.079,0.839
766000,0.082,0.082,0.837
766500,0.086,0.074,0.840
767000,0.084,0.074,0.842
767500,0.085,0.060,0.855
768000,0.088,0.065,0.847
768500,0.100,0.065,0.836
769000,0.102,0.071,0.827
769500,0.089,0.070,0.840
770000,0.090,0.065,0.846
770500,0.101,0.074,0.825
771000,0.102,0.070,0.828
771500,0.098,0.081,0.821
772000,0.099,0.083,0.818
772500,0.101,0.086,0.814
773000,0.093,0.089,0.818
773500,0.093,0.088,0.819
774000,0.085,0.086,0.829
774500,0.086,0.091,0.824
775000,0.090,0.082,0.828
775500,0.093,0.070,0.837
776000,0.097,0.070,0.833
776500,0.101,0.073,0.826
777000,0.099,0.067,0.835
777500,0.105,0.065,0.829
778000,0.101,0.066,0.833
778500,0.093,0.054,0.853
779000,0.102,0.053,0.845
779500,0.097,0.067,0.836
780000,0.104,0.077,0.819
780500,0.107,0.081,0.812
781000,0.115,0.065,0.820
781500,0.101,0.068,0.832
782000,0.102,0.070,0.827
782500,0.090,0.073,0.837
783000,0.093,0.092,0.815
783500,0.097,0.081,0.823
784000,0.108,0.075,0.817
784500,0.088,0.079,0.833
785000,0.095,0.067,0.838
785500,0.096,0.061,0.843
786000,0.089,0.068,0.843
786500,0.085,0.076,0.839
787000,0.084,0.077,0.839
787500,0.082,0.074,0.844
788000,0.090,0.076,0.833
788500,0.097,0.072,0.831
789000,0.091,0.080,0.829
789500,0.086,0.074,0.840
790000,0.092,0.086,0.823
790500,0.087,0.090,0.823
791000,0.091,0.068,0.842
791500,0.096,0.064,0.840
792000,0.101,0.062,0.837
792500,0.116,0.061,0.823
793000,0.117,0.058,0.825
793500,0.110,0.067,0.824
794000,0.112,0.071,0.817
794500,0.093,0.058,0.849
795000,0.101,0.052,0.847
795500,0.102,0.069,0.829
796000,0.093,0.064,0.843
796500,0.108,0.057,0.834
797000,0.104,0.058,0.838
797500,0.097,0.071,0.832
798000,0.088,0.080,0.832
798500,0.098,0.079,0.823
799000,0.097,0.078,0.826
799500,0.091,0.077,0.832
800000,0.089,0.074,0.837
800500,0.095,0.077,0.828
801000,0.096,0.090,0.814
801500,0.087,0.064,0.849
802000,0.098,0.061,0.841
802500,0.088,0.070,0.842
803000,0.086,0.064,0.851
803500,0.092,0.086,0.823
804000,0.089,0.080,0.832
804500,0.087,0.081,0.832
805000,0.088,0.089,0.823
805500,0.084,0.090,0.827
806000,0.082,0.083,0.836
806500,0.076,0.079,0.846
807000,0.071,0.091,0.838
807500,0.070,0.103,0.827
808000,0.076,0.097,0.828
808500,0.081,0.092,0.827
809000,0.086,0.076,0.838
809500,0.081,0.075,0.844
810000,0.076,0.100,0.825
810500,0.069,0.085,0.847
811000,0.084,0.076,0.841
811500,0.083,0.074,0.844
812000,0.087,0.079,0.834
812500,0.091,0.081,0.828
813000,0.090,0.079,0.832
813500,0.088,0.080,0.833
814000,0.097,0.087,0.816
814500,0.092,0.060,0.848
815000,0.093,0.069,0.837
815500,0.087,0.069,0.844
816000,0.088,0.084,0.828
816500,0.086,0.070,0.844
817000,0.080,0.087,0.833
817500,0.092,0.094,0.814
818000,0.083,0.084,0.834
818500,0.089,0.069,0.842
819000,0.099,0.061,0.840
819500,0.097,0.075,0.829
820000,0.100,0.068,0.833
820500,0.104,0.074,0.822
821000,0.108,0.063,0.829
821500,0.094,0.069,0.837
822000,0.088,0.068,0.843
822500,0.079,0.066,0.856
823000,0.088,0.065,0.847
823500,0.096,0.068,0.837
824000,0.095,0.060,0.845
824500,0.094,0.070,0.836
825000,0.090,0.090,0.820
825500,0.089,0.102,0.809
826000,0.087,0.086,0.827
826500,0.081,0.067,0.853
827000,0.082,0.076,0.843
827500,0.086,0.077,0.837
828000,0.080,0.092,0.829
828500,0.079,0.090,0.831
829000,0.072,0.090,0.838
829500,0.077,0.075,0.847
830000,0.083,0.072,0.845
830500,0.085,0.076,0.839
831000,0.086,0.083,0.831
831500,0.086,0.090,0.824
832000,0.077,0.079,0.844
832500,0.076,0.083,0.841
833000,0.071,0.071,0.857
833500,0.075,0.070,0.855
834000,0.097,0.074,0.830
834500,0.099,0.070,0.831
835000,0.092,0.079,0.829
835500,0.093,0.066,0.841
836000,0.082,0.073,0.846
836500,0.086,0.064,0.851
837000,0.082,0.057,0.862
837500,0.087,0.056,0.857
838000,0.092,0.062,0.845
838500,0.097,0.057,0.846
839000,0.114,0.048,0.839
839500,0.116,0.055,0.829
840000,0.105,0.066,0.829
840500,0.110,0.075,0.815
841000,0.114,0.070,0.816
841500,0.107,0.070,0.823
842000,0.103,0.072,0.824
842500,0.100,0.090,0.810
843000,0.091,0.086,0.823
843500,0.090,0.092,0.818
844000,0.098,0.072,0.830
844500,0.099,0.074,0.828
845000,0.084,0.084,0.833
845500,0.087,0.082,0.832
846000,0.087,0.079,0.834
846500,0.084,0.074,0.843
847000,0.085,0.071,0.844
847500,0.098,0.059,0.843
848000,0.097,0.068,0.835
848500,0.099,0.066,0.836
849000,0.096,0.058,0.847
849500,0.095,0.050,0.855
850000,0.099,0.062,0.839
850500,0.104,0.055,0.841
851000,0.092,0.071,0.837
851500,0.089,0.067,0.843
852000,0.086,0.084,0.831
852500,0.086,0.089,0.825
853000,0.082,0.087,0.831
853500,0.086,0.076,0.838
854000,0.099,0.083,0.819
854500,0.102,0.067,0.831
855000,0.106,0.068,0.827
855500,0.110,0.073,0.817
856000,0.111,0.068,0.821
856500,0.107,0.071,0.822
857000,0.108,0.074,0.817
857500,0.106,0.066,0.828
858000,0.112,0.067,0.822
858500,0.096,0.060,0.844
859000,0.095,0.076,0.830
859500,0.094,0.074,0.832
860000,0.093,0.079,0.828
860500,0.107,0.068,0.826
861000,0.098,0.080,0.823
861500,0.105,0.089,0.806
862000,0.099,0.080,0.822
862500,0.086,0.084,0.830
863000,0.094,0.080,0.827
863500,0.085,0.095,0.821
864000,0.074,0.095,0.831
864500,0.072,0.093,0.835
865000,0.077,0.075,0.848
865500,0.088,0.071,0.841
866000,0.093,0.069,0.837
866500,0.105,0.068,0.827
867000,0.099,0.063,0.839
867500,0.097,0.070,0.833
868000,0.095,0.070,0.835
868500,0.098,0.067,0.835
869000,0.105,0.065,0.831
869500,0.111,0.069,0.821
870000,0.113,0.054,0.833
870500,0.120,0.046,0.834
871000,0.102,0.049,0.848
871500,0.105,0.055,0.840
872000,0.101,0.065,0.835
872500,0.104,0.067,0.829
873000,0.115,0.062,0.823
873500,0.120,0.059,0.821
874000,0.122,0.060,0.818
874500,0.131,0.048,0.822
875000,0.135,0.051,0.815
875500,0.120,0.057,0.824
876000,0.101,0.062,0.837
876500,0.105,0.046,0.849
877000,0.108,0.042,0.851
877500,0.104,0.037,0.859
878000,0.100,0.050,0.850
878500,0.099,0.054,0.847
879000,0.100,0.056,0.845
879500,0.098,0.062,0.840
880000,0.092,0.081,0.827
880500,0.100,0.073,0.827
881000,0.099,0.061,0.840
881500,0.089,0.062,0.849
882000,0.087,0.070,0.842
882500,0.089,0.076,0.835
883000,0.097,0.072,0.831
883500,0.092,0.076,0.832
884000,0.092,0.071,0.837
884500,0.101,0.074,0.825
885000,0.099,0.070,0.832
885500,0.098,0.066,0.837
886000,0.108,0.066,0.827
886500,0.104,0.063,0.833
887000,0.095,0.064,0.842
887500,0.090,0.067,0.843
888000,0.095,0.074,0.831
888500,0.095,0.091,0.814
889000,0.106,0.072,0.822
889500,0.095,0.070,0.835
890000,0.098,0.063,0.839
890500,0.101,0.070,0.829
891000,0.103,0.060,0.837
891500,0.103,0.066,0.832
892000,0.106,0.067,0.827
892500,0.107,0.072,0.820
893000,0.102,0.071,0.827
893500,0.095,0.077,0.829
894000,0.081,0.087,0.832
894500,0.088,0.089,0.823
895000,0.088,0.090,0.821
895500,0.088,0.084,0.828
896000,0.088,0.087,0.825
896500,0.079,0.071,0.850
897000,0.076,0.079,0.845
897500,0.077,0.071,0.852
898000,0.085,0.074,0.841
898500,0.092,0.081,0.827
899000,0.100,0.076,0.824
899500,0.107,0.085,0.807
900000,0.102,0.072,0.826
900500,0.089,0.066,0.845
901000,0.089,0.073,0.838
901500,0.090,0.074,0.836
902000,0.099,0.069,0.833
902500,0.101,0.059,0.840
903000,0.097,0.060,0.843
903500,0.106,0.060,0.834
904000,0.103,0.073,0.824
904500,0.096,0.092,0.812
905000,0.088,0.095,0.817
905500,0.090,0.084,0.826
906000,0.088,0.072,0.839
906500,0.099,0.071,0.830
907000,0.106,0.075,0.818
907500,0.110,0.074,0.816
908000,0.105,0.067,0.828
908500,0.095,0.073,0.833
909000,0.087,0.087,0.826
909500,0.086,0.092,0.822
910000,0.091,0.089,0.819
910500,0.100,0.093,0.807
911000,0.084,0.096,0.820
911500,0.091,0.099,0.810
912000,0.089,0.088,0.823
912500,0.089,0.086,0.825
913000,0.087,0.082,0.831
913500,0.096,0.074,0.830
914000,0.086,0.081,0.834
914500,0.087,0.086,0.827
915000,0.088,0.083,0.829
915500,0.105,0.073,0.822
916000,0.092,0.070,0.837
916500,0.082,0.070,0.849
917000,0.086,0.058,0.855
917500,0.087,0.059,0.854
918000,0.096,0.070,0.834
918500,0.097,0.064,0.839
919000,0.108,0.067,0.825
919500,0.115,0.068,0.817
920000,0.097,0.078,0.825
920500,0.086,0.082,0.833
921000,0.097,0.081,0.822
921500,0.095,0.078,0.827
922000,0.101,0.072,0.827
922500,0.101,0.060,0.839
923000,0.104,0.056,0.841
923500,0.104,0.058,0.838
924000,0.106,0.060,0.833
924500,0.096,0.060,0.844
925000,0.114,0.056,0.830
925500,0.114,0.065,0.821
926000,0.111,0.067,0.823
926500,0.113,0.059,0.829
927000,0.103,0.059,0.837
927500,0.108,0.051,0.840
928000,0.105,0.054,0.841
928500,0.104,0.065,0.831
929000,0.104,0.053,0.843
929500,0.105,0.070,0.825
930000,0.101,0.068,0.831
930500,0.100,0.074,0.826
931000,0.099,0.070,0.831
931500,0.092,0.074,0.833
932000,0.086,0.071,0.844
932500,0.089,0.072,0.839
933000,0.094,0.058,0.848
933500,0.100,0.059,0.841
934000,0.096,0.059,0.845
934500,0.102,0.053,0.845
935000,0.107,0.043,0.850
935500,0.115,0.049,0.836
936000,0.108,0.053,0.839
936500,0.101,0.051,0.848
937000,0.100,0.054,0.846
937500,0.099,0.058,0.844
938000,0.112,0.069,0.820
938500,0.101,0.074,0.826
939000,0.104,0.071,0.825
939500,0.091,0.056,0.854
940000,0.089,0.062,0.849
940500,0.109,0.063,0.828
941000,0.117,0.053,0.830
941500,0.095,0.053,0.852
942000,0.102,0.059,0.840
942500,0.102,0.074,0.824
943000,0.095,0.072,0.833
943500,0.090,0.069,0.842
944000,0.089,0.066,0.845
944500,0.099,0.073,0.828
945000,0.100,0.056,0.845
945500,0.109,0.057,0.835
946000,0.109,0.059,0.832
946500,0.100,0.067,0.833
947000,0.095,0.066,0.839
947500,0.107,0.081,0.812
948000,0.110,0.079,0.811
948500,0.110,0.070,0.821
949000,0.102,0.067,0.831
949500,0.096,0.063,0.841
950000,0.093,0.069,0.839
950500,0.088,0.061,0.850
951000,0.086,0.072,0.841
951500,0.074,0.085,0.841
952000,0.086,0.084,0.830
952500,0.077,0.087,0.836
953000,0.076,0.089,0.835
953500,0.085,0.092,0.824
954000,0.091,0.072,0.836
954500,0.093,0.071,0.836
955000,0.086,0.075,0.839
955500,0.084,0.079,0.837
956000,0.095,0.071,0.834
956500,0.113,0.080,0.808
957000,0.111,0.074,0.815
957500,0.100,0.074,0.826
958000,0.107,0.072,0.820
958500,0.099,0.071,0.831
959000,0.089,0.059,0.851
959500,0.087,0.053,0.860
960000,0.089,0.070,0.841
960500,0.093,0.070,0.836
961000,0.078,0.081,0.842
961500,0.083,0.092,0.825
962000,0.077,0.093,0.830
962500,0.084,0.087,0.829
963000,0.086,0.097,0.817
963500,0.076,0.102,0.822
964000,0.083,0.091,0.826
964500,0.081,0.082,0.837
965000,0.088,0.071,0.841
965500,0.083,0.077,0.840
966000,0.088,0.080,0.832
966500,0.093,0.083,0.824
967000,0.098,0.079,0.823
967500,0.101,0.068,0.832
968000,0.095,0.073,0.832
968500,0.087,0.078,0.835
969000,0.088,0.079,0.833
969500,0.097,0.088,0.815
970000,0.095,0.073,0.832
970500,0.089,0.082,0.830
971000,0.084,0.076,0.841
971500,0.080,0.077,0.843
972000,0.080,0.079,0.842
972500,0.084,0.064,0.853
973000,0.100,0.056,0.844
973500,0.086,0.064,0.851
974000,0.087,0.065,0.848
974500,0.071,0.058,0.872
975000,0.078,0.062,0.860
975500,0.077,0.077,0.846
976000,0.073,0.082,0.845
976500,0.078,0.081,0.841
977000,0.076,0.086,0.837
977500,0.086,0.081,0.833
978000,0.086,0.082,0.833
978500,0.080,0.084,0.837
979000,0.075,0.087,0.838
979500,0.075,0.093,0.832
980000,0.080,0.095,0.826
980500,0.075,0.096,0.829
981000,0.086,0.093,0.821
981500,0.079,0.089,0.833
982000,0.076,0.084,0.841
982500,0.076,0.071,0.853
983000,0.086,0.076,0.839
983500,0.083,0.081,0.836
984000,0.079,0.082,0.840
984500,0.087,0.066,0.847
985000,0.087,0.069,0.845
985500,0.086,0.069,0.846
986000,0.104,0.060,0.836
986500,0.092,0.072,0.836
987000,0.093,0.065,0.841
987500,0.088,0.071,0.841
988000,0.076,0.089,0.835
988500,0.074,0.086,0.840
989000,0.088,0.076,0.836
989500,0.084,0.070,0.847
990000,0.082,0.077,0.841
990500,0.099,0.073,0.828
991000,0.111,0.073,0.816
991500,0.111,0.069,0.821
992000,0.097,0.059,0.844
992500,0.108,0.064,0.829
993000,0.111,0.068,0.821
993500,0.097,0.075,0.828
994000,0.095,0.080,0.826
994500,0.092,0.086,0.821
995000,0.098,0.089,0.813
995500,0.100,0.073,0.827
996000,0.097,0.070,0.833
996500,0.099,0.080,0.822
997000,0.093,0.083,0.824
997500,0.102,0.080,0.818
998000,0.098,0.076,0.826
998500,0.087,0.066,0.847
999000,0.089,0.058,0.853
999500,0.103,0.059,0.837
1000000,0.109,0.063,0.828
