time,n_A+p,n_B,n_AB
500,0.080,0.724,0.196
1000,0.080,0.483,0.437
1500,0.080,0.249,0.671
2000,0.090,0.120,0.790
2500,0.117,0.046,0.837
3000,0.148,0.035,0.818
3500,0.181,0.015,0.803
4000,0.172,0.009,0.819
4500,0.172,0.008,0.820
5000,0.155,0.008,0.837
5500,0.173,0.005,0.822
6000,0.159,0.030,0.810
6500,0.165,0.023,0.812
7000,0.172,0.017,0.811
7500,0.167,0.017,0.817
8000,0.151,0.021,0.829
8500,0.167,0.007,0.827
9000,0.173,0.011,0.816
9500,0.179,0.023,0.798
10000,0.167,0.018,0.816
10500,0.189,0.011,0.800
11000,0.193,0.014,0.793
11500,0.171,0.009,0.821
12000,0.168,0.008,0.825
12500,0.185,0.007,0.807
13000,0.161,0.004,0.835
13500,0.186,0.009,0.805
14000,0.191,0.006,0.803
14500,0.170,0.015,0.816
15000,0.196,0.010,0.794
15500,0.198,0.009,0.794
16000,0.193,0.013,0.794
16500,0.201,0.011,0.788
17000,0.212,0.014,0.773
17500,0.202,0.015,0.783
18000,0.157,0.011,0.832
18500,0.183,0.009,0.808
19000,0.154,0.011,0.834
19500,0.171,0.008,0.821
20000,0.206,0.008,0.786
20500,0.196,0.013,0.791
21000,0.166,0.018,0.817
21500,0.167,0.013,0.820
22000,0.186,0.012,0.801
22500,0.196,0.011,0.793
23000,0.177,0.009,0.814
23500,0.141,0.013,0.846
24000,0.156,0.019,0.825
24500,0.173,0.009,0.819
25000,0.170,0.011,0.819
25500,0.190,0.005,0.805
26000,0.180,0.013,0.807
26500,0.190,0.009,0.801
27000,0.159,0.011,0.831
27500,0.204,0.013,0.783
28000,0.192,0.005,0.803
28500,0.205,0.008,0.786
29000,0.171,0.013,0.816
29500,0.167,0.029,0.804
30000,0.162,0.015,0.823
30500,0.153,0.011,0.837
31000,0.203,0.013,0.784
31500,0.213,0.009,0.779
32000,0.186,0.012,0.801
32500,0.172,0.018,0.810
33000,0.158,0.019,0.824
33500,0.165,0.047,0.788
34000,0.140,0.022,0.838
34500,0.164,0.014,0.823
35000,0.140,0.032,0.828
35500,0.150,0.024,0.826
36000,0.148,0.019,0.832
36500,0.146,0.027,0.827
37000,0.141,0.031,0.828
37500,0.178,0.026,0.796
38000,0.185,0.013,0.801
38500,0.189,0.009,0.802
39000,0.177,0.015,0.807
39500,0.180,0.011,0.810
40000,0.175,0.014,0.810
40500,0.159,0.006,0.835
41000,0.159,0.015,0.827
41500,0.177,0.024,0.799
42000,0.185,0.011,0.804
42500,0.203,0.011,0.786
43000,0.165,0.025,0.810
43500,0.187,0.025,0.787
44000,0.172,0.018,0.809
44500,0.165,0.011,0.824
45000,0.155,0.009,0.837
45500,0.167,0.012,0.822
46000,0.146,0.018,0.836
46500,0.146,0.022,0.831
47000,0.163,0.021,0.817
47500,0.161,0.006,0.833
48000,0.165,0.017,0.819
48500,0.162,0.013,0.825
49000,0.166,0.012,0.823
49500,0.153,0.007,0.840
50000,0.158,0.005,0.837
50500,0.136,0.021,0.843
51000,0.145,0.032,0.823
51500,0.168,0.030,0.801
52000,0.189,0.021,0.790
52500,0.162,0.018,0.820
53000,0.163,0.029,0.808
53500,0.140,0.036,0.824
54000,0.144,0.022,0.834
54500,0.135,0.018,0.847
55000,0.153,0.026,0.821
55500,0.171,0.044,0.785
56000,0.172,0.028,0.800
56500,0.170,0.017,0.813
57000,0.167,0.009,0.825
57500,0.153,0.018,0.828
58000,0.159,0.028,0.814
58500,0.165,0.014,0.821
59000,0.182,0.010,0.807
59500,0.185,0.007,0.808
60000,0.152,0.014,0.834
60500,0.185,0.010,0.804
61000,0.177,0.006,0.816
61500,0.177,0.019,0.803
62000,0.192,0.010,0.798
62500,0.188,0.015,0.797
63000,0.157,0.013,0.831
63500,0.182,0.009,0.810
64000,0.175,0.024,0.801
64500,0.158,0.015,0.828
65000,0.165,0.021,0.814
65500,0.162,0.013,0.825
66000,0.164,0.013,0.824
66500,0.173,0.011,0.817
67000,0.203,0.006,0.790
67500,0.188,0.013,0.799
68000,0.189,0.021,0.790
68500,0.164,0.021,0.816
69000,0.180,0.015,0.805
69500,0.171,0.018,0.811
70000,0.137,0.029,0.834
70500,0.165,0.017,0.819
71000,0.185,0.018,0.797
71500,0.189,0.014,0.797
72000,0.175,0.013,0.812
72500,0.161,0.006,0.834
73000,0.188,0.004,0.808
73500,0.180,0.002,0.819
74000,0.193,0.010,0.797
74500,0.168,0.018,0.814
75000,0.143,0.013,0.845
75500,0.179,0.007,0.814
76000,0.168,0.023,0.809
76500,0.172,0.014,0.815
77000,0.209,0.011,0.779
77500,0.185,0.008,0.806
78000,0.181,0.009,0.809
78500,0.185,0.009,0.806
79000,0.203,0.019,0.777
79500,0.232,0.009,0.759
80000,0.194,0.010,0.796
80500,0.173,0.011,0.816
81000,0.157,0.002,0.842
81500,0.147,0.013,0.840
82000,0.190,0.015,0.795
82500,0.184,0.014,0.801
83000,0.166,0.007,0.827
83500,0.174,0.012,0.814
84000,0.171,0.007,0.823
84500,0.190,0.007,0.803
85000,0.175,0.010,0.815
85500,0.158,0.013,0.829
86000,0.176,0.011,0.813
86500,0.172,0.009,0.820
87000,0.195,0.003,0.802
87500,0.183,0.015,0.801
88000,0.188,0.013,0.800
88500,0.175,0.004,0.820
89000,0.144,0.011,0.845
89500,0.161,0.017,0.823
90000,0.150,0.029,0.821
90500,0.165,0.018,0.818
91000,0.146,0.020,0.834
91500,0.160,0.013,0.828
92000,0.164,0.017,0.820
92500,0.145,0.021,0.834
93000,0.157,0.020,0.823
93500,0.142,0.021,0.837
94000,0.160,0.018,0.822
94500,0.184,0.015,0.802
95000,0.179,0.015,0.806
95500,0.174,0.013,0.813
96000,0.166,0.015,0.820
96500,0.178,0.017,0.805
97000,0.162,0.037,0.801
97500,0.190,0.021,0.790
98000,0.195,0.018,0.788
98500,0.198,0.019,0.783
99000,0.180,0.011,0.808
99500,0.177,0.013,0.810
100000,0.168,0.014,0.819
100500,0.160,0.017,0.823
101000,0.167,0.026,0.807
101500,0.165,0.024,0.811
102000,0.178,0.009,0.812
102500,0.176,0.019,0.804
103000,0.169,0.022,0.809
103500,0.170,0.009,0.822
104000,0.171,0.019,0.810
104500,0.156,0.010,0.834
105000,0.206,0.003,0.792
105500,0.194,0.012,0.794
106000,0.185,0.010,0.805
106500,0.186,0.011,0.803
107000,0.178,0.013,0.808
107500,0.180,0.026,0.794
108000,0.188,0.015,0.797
108500,0.190,0.013,0.797
109000,0.171,0.010,0.819
109500,0.172,0.004,0.824
110000,0.169,0.013,0.818
110500,0.191,0.015,0.794
111000,0.197,0.008,0.795
111500,0.178,0.007,0.814
112000,0.196,0.015,0.789
112500,0.165,0.013,0.823
113000,0.180,0.021,0.798
113500,0.178,0.021,0.800
114000,0.157,0.015,0.829
114500,0.182,0.011,0.807
115000,0.179,0.010,0.810
115500,0.178,0.018,0.804
116000,0.210,0.019,0.771
116500,0.192,0.018,0.791
117000,0.183,0.011,0.806
117500,0.206,0.008,0.786
118000,0.206,0.004,0.790
118500,0.174,0.001,0.825
119000,0.204,0.010,0.785
119500,0.157,0.012,0.832
120000,0.171,0.024,0.805
120500,0.131,0.017,0.852
121000,0.148,0.018,0.835
121500,0.141,0.019,0.840
122000,0.170,0.011,0.819
122500,0.178,0.017,0.804
123000,0.203,0.021,0.776
123500,0.188,0.010,0.802
124000,0.169,0.015,0.817
124500,0.161,0.019,0.820
125000,0.171,0.017,0.812
125500,0.165,0.028,0.807
126000,0.158,0.017,0.826
126500,0.170,0.017,0.813
127000,0.173,0.015,0.812
127500,0.170,0.013,0.817
128000,0.166,0.012,0.822
128500,0.177,0.009,0.814
129000,0.176,0.008,0.816
129500,0.162,0.011,0.827
130000,0.183,0.005,0.812
130500,0.192,0.013,0.796
131000,0.169,0.022,0.808
131500,0.164,0.022,0.814
132000,0.166,0.019,0.815
132500,0.154,0.015,0.831
133000,0.163,0.011,0.826
133500,0.166,0.011,0.823
134000,0.189,0.009,0.801
134500,0.222,0.003,0.775
135000,0.195,0.006,0.799
135500,0.186,0.013,0.800
136000,0.173,0.021,0.805
136500,0.177,0.019,0.803
137000,0.164,0.019,0.817
137500,0.165,0.021,0.814
138000,0.175,0.015,0.810
138500,0.164,0.016,0.820
139000,0.199,0.006,0.795
139500,0.211,0.017,0.771
140000,0.206,0.011,0.782
140500,0.198,0.007,0.795
141000,0.162,0.019,0.819
141500,0.155,0.029,0.817
142000,0.137,0.018,0.845
142500,0.150,0.018,0.831
143000,0.169,0.014,0.817
143500,0.151,0.019,0.830
144000,0.151,0.027,0.822
144500,0.156,0.021,0.823
145000,0.153,0.022,0.824
145500,0.163,0.019,0.818
146000,0.178,0.018,0.803
146500,0.159,0.013,0.829
147000,0.172,0.020,0.808
147500,0.159,0.034,0.807
148000,0.147,0.021,0.831
148500,0.166,0.009,0.825
149000,0.174,0.013,0.812
149500,0.203,0.014,0.782
150000,0.181,0.014,0.805
150500,0.189,0.007,0.803
151000,0.185,0.011,0.803
151500,0.196,0.011,0.794
152000,0.182,0.009,0.809
152500,0.177,0.011,0.811
153000,0.168,0.011,0.821
153500,0.182,0.008,0.809
154000,0.168,0.009,0.824
154500,0.175,0.019,0.805
155000,0.151,0.025,0.824
155500,0.169,0.025,0.806
156000,0.158,0.019,0.824
156500,0.144,0.026,0.830
157000,0.160,0.018,0.822
157500,0.154,0.021,0.826
158000,0.170,0.022,0.808
158500,0.169,0.016,0.816
159000,0.194,0.018,0.788
159500,0.190,0.011,0.800
160000,0.182,0.021,0.798
160500,0.179,0.018,0.802
161000,0.178,0.011,0.811
161500,0.193,0.008,0.799
162000,0.195,0.005,0.800
162500,0.186,0.007,0.807
163000,0.176,0.004,0.819
163500,0.193,0.002,0.805
164000,0.194,0.013,0.793
164500,0.170,0.015,0.815
165000,0.174,0.021,0.805
165500,0.170,0.009,0.821
166000,0.174,0.013,0.813
166500,0.189,0.006,0.805
167000,0.182,0.012,0.806
167500,0.179,0.018,0.802
168000,0.158,0.021,0.821
168500,0.151,0.030,0.818
169000,0.163,0.029,0.808
169500,0.172,0.028,0.800
170000,0.188,0.015,0.798
170500,0.168,0.020,0.812
171000,0.155,0.023,0.822
171500,0.175,0.019,0.805
172000,0.196,0.009,0.795
172500,0.189,0.022,0.788
173000,0.147,0.012,0.841
173500,0.152,0.014,0.834
174000,0.149,0.016,0.835
174500,0.168,0.011,0.822
175000,0.179,0.025,0.796
175500,0.181,0.013,0.806
176000,0.172,0.019,0.809
176500,0.182,0.021,0.797
177000,0.175,0.017,0.808
177500,0.166,0.022,0.812
178000,0.156,0.019,0.825
178500,0.170,0.018,0.812
179000,0.205,0.010,0.785
179500,0.183,0.011,0.806
180000,0.158,0.024,0.818
180500,0.142,0.017,0.841
181000,0.157,0.024,0.820
181500,0.173,0.024,0.802
182000,0.187,0.018,0.795
182500,0.169,0.017,0.815
183000,0.166,0.023,0.811
183500,0.145,0.019,0.835
184000,0.159,0.026,0.816
184500,0.196,0.011,0.793
185000,0.196,0.005,0.799
185500,0.193,0.008,0.799
186000,0.185,0.007,0.807
186500,0.157,0.011,0.833
187000,0.162,0.013,0.826
187500,0.167,0.008,0.825
188000,0.166,0.010,0.825
188500,0.179,0.018,0.803
189000,0.180,0.031,0.789
189500,0.149,0.030,0.820
190000,0.142,0.025,0.833
190500,0.149,0.022,0.829
191000,0.157,0.015,0.829
191500,0.178,0.009,0.814
192000,0.167,0.015,0.818
192500,0.194,0.015,0.792
193000,0.209,0.010,0.780
193500,0.166,0.021,0.813
194000,0.182,0.019,0.799
194500,0.198,0.011,0.791
195000,0.214,0.010,0.775
195500,0.200,0.007,0.793
196000,0.203,0.017,0.780
196500,0.191,0.011,0.798
197000,0.164,0.016,0.820
197500,0.170,0.012,0.819
198000,0.183,0.017,0.800
198500,0.176,0.021,0.803
199000,0.158,0.018,0.824
199500,0.162,0.023,0.816
200000,0.153,0.018,0.829
200500,0.182,0.009,0.809
201000,0.185,0.005,0.809
201500,0.173,0.013,0.814
202000,0.162,0.025,0.814
202500,0.163,0.025,0.811
203000,0.174,0.009,0.817
203500,0.153,0.008,0.839
204000,0.172,0.016,0.812
204500,0.163,0.026,0.811
205000,0.147,0.013,0.840
205500,0.169,0.015,0.816
206000,0.152,0.014,0.834
206500,0.171,0.015,0.814
207000,0.201,0.011,0.788
207500,0.180,0.019,0.801
208000,0.179,0.017,0.804
208500,0.172,0.013,0.816
209000,0.169,0.016,0.815
209500,0.164,0.022,0.814
210000,0.175,0.025,0.799
210500,0.188,0.009,0.804
211000,0.209,0.009,0.783
211500,0.205,0.011,0.784
212000,0.191,0.018,0.790
212500,0.162,0.018,0.820
213000,0.160,0.016,0.825
213500,0.150,0.029,0.821
214000,0.184,0.024,0.791
214500,0.202,0.009,0.789
215000,0.174,0.008,0.818
215500,0.157,0.005,0.838
216000,0.159,0.019,0.822
216500,0.154,0.014,0.832
217000,0.178,0.006,0.816
217500,0.190,0.004,0.806
218000,0.172,0.011,0.818
218500,0.159,0.013,0.829
219000,0.159,0.011,0.831
219500,0.162,0.015,0.824
220000,0.150,0.018,0.832
220500,0.139,0.044,0.817
221000,0.138,0.026,0.836
221500,0.159,0.034,0.807
222000,0.150,0.019,0.831
222500,0.169,0.013,0.819
223000,0.166,0.011,0.824
223500,0.151,0.030,0.818
224000,0.177,0.023,0.800
224500,0.154,0.025,0.822
225000,0.155,0.015,0.830
225500,0.170,0.015,0.816
226000,0.178,0.010,0.811
226500,0.193,0.014,0.793
227000,0.163,0.011,0.827
227500,0.172,0.018,0.809
228000,0.170,0.017,0.814
228500,0.158,0.030,0.811
229000,0.162,0.030,0.808
229500,0.179,0.034,0.787
230000,0.149,0.021,0.830
230500,0.157,0.021,0.823
231000,0.179,0.015,0.805
231500,0.197,0.011,0.792
232000,0.204,0.007,0.788
232500,0.206,0.009,0.785
233000,0.200,0.017,0.783
233500,0.169,0.025,0.806
234000,0.173,0.015,0.811
234500,0.169,0.011,0.820
235000,0.172,0.016,0.812
235500,0.169,0.021,0.809
236000,0.150,0.018,0.832
236500,0.180,0.017,0.803
237000,0.152,0.022,0.826
237500,0.161,0.019,0.820
238000,0.194,0.018,0.788
238500,0.168,0.010,0.822
239000,0.171,0.006,0.823
239500,0.151,0.012,0.837
240000,0.136,0.022,0.843
240500,0.168,0.021,0.812
241000,0.170,0.024,0.806
241500,0.180,0.021,0.798
242000,0.189,0.022,0.789
242500,0.194,0.017,0.789
243000,0.177,0.013,0.810
243500,0.185,0.012,0.802
244000,0.160,0.019,0.821
244500,0.167,0.013,0.821
245000,0.177,0.011,0.811
245500,0.183,0.014,0.802
246000,0.155,0.017,0.829
246500,0.144,0.034,0.822
247000,0.172,0.012,0.816
247500,0.169,0.005,0.827
248000,0.214,0.006,0.779
248500,0.201,0.004,0.794
249000,0.193,0.003,0.804
249500,0.193,0.006,0.801
250000,0.179,0.004,0.817
250500,0.179,0.009,0.811
251000,0.180,0.011,0.808
251500,0.176,0.023,0.801
252000,0.174,0.015,0.811
252500,0.176,0.011,0.813
253000,0.165,0.016,0.820
253500,0.188,0.015,0.798
254000,0.193,0.014,0.793
254500,0.169,0.009,0.823
255000,0.174,0.013,0.812
255500,0.192,0.011,0.797
256000,0.165,0.018,0.818
256500,0.170,0.032,0.798
257000,0.205,0.015,0.780
257500,0.176,0.015,0.809
258000,0.183,0.007,0.809
258500,0.173,0.006,0.821
259000,0.171,0.010,0.819
259500,0.199,0.015,0.785
260000,0.203,0.007,0.790
260500,0.204,0.009,0.786
261000,0.210,0.004,0.786
261500,0.194,0.011,0.795
262000,0.170,0.011,0.820
262500,0.169,0.006,0.825
263000,0.172,0.032,0.796
263500,0.154,0.030,0.816
264000,0.152,0.019,0.829
264500,0.182,0.029,0.789
265000,0.183,0.018,0.799
265500,0.164,0.011,0.825
266000,0.164,0.015,0.821
266500,0.142,0.015,0.843
267000,0.160,0.009,0.831
267500,0.165,0.009,0.827
268000,0.171,0.003,0.827
268500,0.187,0.008,0.805
269000,0.175,0.008,0.817
269500,0.153,0.019,0.828
270000,0.172,0.015,0.814
270500,0.158,0.011,0.831
271000,0.186,0.018,0.797
271500,0.166,0.015,0.819
272000,0.158,0.019,0.823
272500,0.177,0.007,0.815
273000,0.171,0.016,0.813
273500,0.174,0.017,0.810
274000,0.174,0.013,0.812
274500,0.169,0.006,0.825
275000,0.198,0.008,0.794
275500,0.175,0.011,0.814
276000,0.150,0.020,0.830
276500,0.148,0.022,0.830
277000,0.172,0.025,0.803
277500,0.164,0.027,0.809
278000,0.166,0.014,0.821
278500,0.172,0.009,0.819
279000,0.171,0.012,0.817
279500,0.182,0.011,0.806
280000,0.217,0.006,0.777
280500,0.190,0.006,0.804
281000,0.213,0.005,0.781
281500,0.189,0.005,0.805
282000,0.171,0.014,0.815
282500,0.166,0.009,0.825
283000,0.169,0.018,0.812
283500,0.164,0.014,0.822
284000,0.180,0.017,0.803
284500,0.168,0.013,0.819
285000,0.174,0.011,0.815
285500,0.165,0.009,0.827
286000,0.167,0.019,0.814
286500,0.177,0.009,0.814
287000,0.143,0.017,0.840
287500,0.163,0.006,0.831
288000,0.168,0.004,0.828
288500,0.183,0.011,0.805
289000,0.166,0.003,0.832
289500,0.153,0.007,0.840
290000,0.179,0.014,0.807
290500,0.173,0.013,0.814
291000,0.156,0.022,0.822
291500,0.184,0.015,0.801
292000,0.170,0.013,0.818
292500,0.142,0.021,0.837
293000,0.152,0.024,0.824
293500,0.159,0.019,0.822
294000,0.141,0.033,0.826
294500,0.148,0.026,0.826
295000,0.157,0.018,0.825
295500,0.170,0.012,0.818
296000,0.175,0.029,0.796
296500,0.175,0.018,0.806
297000,0.189,0.010,0.801
297500,0.171,0.009,0.820
298000,0.158,0.026,0.816
298500,0.191,0.011,0.799
299000,0.176,0.009,0.815
299500,0.162,0.003,0.836
300000,0.177,0.004,0.818
300500,0.188,0.004,0.809
301000,0.198,0.006,0.796
301500,0.194,0.005,0.801
302000,0.189,0.005,0.806
302500,0.163,0.011,0.827
303000,0.186,0.009,0.805
303500,0.192,0.011,0.797
304000,0.184,0.009,0.807
304500,0.202,0.006,0.792
305000,0.190,0.015,0.796
305500,0.175,0.010,0.815
306000,0.163,0.021,0.817
306500,0.144,0.021,0.835
307000,0.168,0.007,0.825
307500,0.178,0.015,0.806
308000,0.162,0.015,0.824
308500,0.154,0.009,0.837
309000,0.145,0.021,0.835
309500,0.166,0.021,0.813
310000,0.162,0.015,0.824
310500,0.176,0.015,0.808
311000,0.169,0.012,0.819
311500,0.146,0.018,0.835
312000,0.152,0.037,0.810
312500,0.149,0.018,0.834
313000,0.163,0.018,0.819
313500,0.147,0.025,0.828
314000,0.169,0.019,0.812
314500,0.182,0.021,0.798
315000,0.178,0.007,0.815
315500,0.147,0.012,0.841
316000,0.148,0.015,0.837
316500,0.139,0.018,0.844
317000,0.153,0.015,0.832
317500,0.159,0.019,0.822
318000,0.165,0.018,0.817
318500,0.164,0.014,0.822
319000,0.139,0.017,0.845
319500,0.155,0.022,0.822
320000,0.199,0.011,0.790
320500,0.211,0.003,0.785
321000,0.204,0.013,0.782
321500,0.185,0.015,0.799
322000,0.166,0.018,0.816
322500,0.173,0.010,0.817
323000,0.162,0.005,0.833
323500,0.188,0.007,0.805
324000,0.200,0.002,0.798
324500,0.210,0.003,0.787
325000,0.201,0.010,0.789
325500,0.178,0.015,0.806
326000,0.208,0.010,0.781
326500,0.186,0.008,0.805
327000,0.185,0.026,0.788
327500,0.180,0.015,0.805
328000,0.176,0.013,0.810
328500,0.179,0.004,0.817
329000,0.202,0.008,0.790
329500,0.196,0.005,0.799
330000,0.158,0.006,0.836
330500,0.158,0.010,0.833
331000,0.191,0.018,0.791
331500,0.168,0.018,0.815
332000,0.176,0.023,0.800
332500,0.188,0.022,0.790
333000,0.166,0.016,0.818
333500,0.179,0.011,0.809
334000,0.171,0.007,0.822
334500,0.190,0.006,0.804
335000,0.204,0.019,0.776
335500,0.178,0.018,0.803
336000,0.184,0.022,0.793
336500,0.171,0.018,0.810
337000,0.181,0.016,0.803
337500,0.170,0.018,0.812
338000,0.151,0.028,0.822
338500,0.190,0.013,0.797
339000,0.180,0.016,0.803
339500,0.215,0.007,0.777
340000,0.225,0.010,0.765
340500,0.195,0.011,0.794
341000,0.195,0.007,0.798
341500,0.228,0.018,0.755
342000,0.226,0.007,0.767
342500,0.200,0.007,0.793
343000,0.208,0.006,0.786
343500,0.176,0.009,0.816
344000,0.190,0.009,0.801
344500,0.178,0.005,0.816
345000,0.193,0.004,0.803
345500,0.192,0.003,0.805
346000,0.174,0.031,0.795
346500,0.159,0.019,0.822
347000,0.163,0.022,0.815
347500,0.146,0.009,0.845
348000,0.165,0.011,0.825
348500,0.169,0.020,0.811
349000,0.155,0.022,0.823
349500,0.169,0.015,0.816
350000,0.199,0.009,0.793
350500,0.189,0.010,0.801
351000,0.182,0.006,0.812
351500,0.200,0.014,0.786
352000,0.176,0.006,0.817
352500,0.193,0.012,0.795
353000,0.191,0.007,0.801
353500,0.180,0.016,0.804
354000,0.183,0.011,0.805
354500,0.155,0.009,0.836
355000,0.178,0.008,0.814
355500,0.204,0.026,0.770
356000,0.157,0.008,0.835
356500,0.162,0.013,0.826
357000,0.186,0.008,0.805
357500,0.182,0.011,0.807
358000,0.199,0.013,0.788
358500,0.192,0.013,0.796
359000,0.165,0.013,0.823
359500,0.182,0.013,0.804
360000,0.166,0.016,0.818
360500,0.179,0.015,0.806
361000,0.154,0.022,0.823
361500,0.138,0.026,0.836
362000,0.141,0.018,0.841
362500,0.149,0.014,0.837
363000,0.159,0.022,0.819
363500,0.140,0.020,0.841
364000,0.151,0.018,0.831
364500,0.154,0.028,0.818
365000,0.178,0.033,0.790
365500,0.176,0.021,0.802
366000,0.168,0.018,0.814
366500,0.154,0.024,0.823
367000,0.174,0.011,0.814
367500,0.191,0.006,0.803
368000,0.181,0.012,0.807
368500,0.175,0.013,0.812
369000,0.202,0.013,0.785
369500,0.199,0.011,0.790
370000,0.189,0.011,0.800
370500,0.189,0.012,0.799
371000,0.170,0.013,0.817
371500,0.146,0.015,0.838
372000,0.161,0.021,0.819
372500,0.155,0.024,0.821
373000,0.158,0.026,0.816
373500,0.182,0.011,0.806
374000,0.186,0.003,0.812
374500,0.170,0.013,0.817
375000,0.185,0.025,0.789
375500,0.167,0.018,0.816
376000,0.180,0.011,0.809
376500,0.181,0.011,0.807
377000,0.216,0.020,0.764
377500,0.207,0.008,0.784
378000,0.181,0.004,0.815
378500,0.159,0.009,0.833
379000,0.158,0.005,0.837
379500,0.184,0.023,0.792
380000,0.188,0.013,0.800
380500,0.188,0.015,0.798
381000,0.172,0.024,0.804
381500,0.190,0.011,0.800
382000,0.188,0.020,0.792
382500,0.195,0.012,0.793
383000,0.176,0.015,0.809
383500,0.174,0.019,0.806
384000,0.168,0.017,0.815
384500,0.183,0.018,0.798
385000,0.191,0.007,0.802
385500,0.184,0.012,0.804
386000,0.197,0.013,0.790
386500,0.210,0.021,0.770
387000,0.186,0.017,0.797
387500,0.172,0.008,0.820
388000,0.175,0.012,0.813
388500,0.178,0.025,0.797
389000,0.168,0.012,0.821
389500,0.166,0.009,0.826
390000,0.186,0.011,0.804
390500,0.168,0.015,0.817
391000,0.178,0.012,0.810
391500,0.192,0.009,0.799
392000,0.196,0.015,0.789
392500,0.169,0.005,0.826
393000,0.152,0.013,0.835
393500,0.181,0.018,0.801
394000,0.200,0.018,0.782
394500,0.206,0.006,0.787
395000,0.194,0.015,0.792
395500,0.182,0.007,0.810
396000,0.193,0.011,0.796
396500,0.199,0.007,0.793
397000,0.198,0.004,0.799
397500,0.165,0.001,0.835
398000,0.188,0.009,0.803
398500,0.175,0.034,0.791
399000,0.181,0.021,0.797
399500,0.178,0.017,0.805
400000,0.200,0.007,0.793
400500,0.179,0.009,0.811
401000,0.208,0.017,0.775
401500,0.172,0.018,0.810
402000,0.176,0.018,0.805
402500,0.196,0.013,0.792
403000,0.200,0.021,0.780
403500,0.184,0.016,0.799
404000,0.191,0.019,0.790
404500,0.198,0.013,0.790
405000,0.170,0.016,0.815
405500,0.167,0.009,0.825
406000,0.178,0.015,0.806
406500,0.174,0.006,0.820
407000,0.180,0.010,0.809
407500,0.188,0.006,0.806
408000,0.172,0.019,0.809
408500,0.153,0.015,0.832
409000,0.162,0.032,0.806
409500,0.168,0.018,0.815
410000,0.166,0.013,0.822
410500,0.192,0.015,0.793
411000,0.163,0.011,0.827
411500,0.178,0.012,0.810
412000,0.206,0.008,0.785
412500,0.172,0.002,0.826
413000,0.194,0.008,0.798
413500,0.209,0.002,0.790
414000,0.195,0.010,0.795
414500,0.169,0.005,0.826
415000,0.165,0.020,0.816
415500,0.163,0.015,0.822
416000,0.151,0.036,0.812
416500,0.173,0.026,0.801
417000,0.168,0.025,0.807
417500,0.171,0.017,0.812
418000,0.179,0.011,0.809
418500,0.199,0.006,0.795
419000,0.193,0.008,0.799
419500,0.221,0.009,0.770
420000,0.199,0.014,0.787
420500,0.185,0.013,0.801
421000,0.173,0.009,0.818
421500,0.174,0.007,0.819
422000,0.179,0.012,0.809
422500,0.180,0.009,0.812
423000,0.171,0.022,0.806
423500,0.160,0.018,0.823
424000,0.166,0.009,0.825
424500,0.204,0.005,0.790
425000,0.197,0.008,0.795
425500,0.187,0.018,0.794
426000,0.182,0.009,0.809
426500,0.171,0.018,0.811
427000,0.169,0.011,0.820
427500,0.181,0.009,0.810
428000,0.197,0.013,0.790
428500,0.182,0.023,0.795
429000,0.156,0.026,0.818
429500,0.167,0.011,0.822
430000,0.174,0.009,0.817
430500,0.172,0.017,0.810
431000,0.202,0.014,0.784
431500,0.190,0.013,0.797
432000,0.201,0.004,0.795
432500,0.212,0.012,0.775
433000,0.182,0.007,0.810
433500,0.185,0.006,0.808
434000,0.180,0.011,0.808
434500,0.180,0.014,0.806
435000,0.177,0.017,0.806
435500,0.175,0.018,0.807
436000,0.184,0.007,0.808
436500,0.184,0.006,0.810
437000,0.197,0.013,0.790
437500,0.172,0.010,0.818
438000,0.187,0.002,0.811
438500,0.171,0.013,0.816
439000,0.187,0.028,0.785
439500,0.171,0.018,0.811
440000,0.181,0.013,0.806
440500,0.166,0.021,0.814
441000,0.172,0.014,0.814
441500,0.184,0.006,0.810
442000,0.181,0.003,0.816
442500,0.174,0.006,0.820
443000,0.172,0.015,0.813
443500,0.164,0.022,0.814
444000,0.152,0.026,0.821
444500,0.156,0.028,0.816
445000,0.185,0.016,0.798
445500,0.194,0.018,0.788
446000,0.200,0.024,0.776
446500,0.200,0.024,0.777
447000,0.172,0.025,0.803
447500,0.175,0.018,0.806
448000,0.189,0.013,0.798
448500,0.164,0.031,0.805
449000,0.175,0.015,0.810
449500,0.169,0.014,0.818
450000,0.172,0.011,0.817
450500,0.165,0.019,0.816
451000,0.171,0.021,0.808
451500,0.185,0.026,0.789
452000,0.162,0.015,0.824
452500,0.180,0.007,0.813
453000,0.190,0.006,0.804
453500,0.162,0.018,0.821
454000,0.167,0.018,0.815
454500,0.169,0.009,0.822
455000,0.161,0.007,0.833
455500,0.150,0.032,0.818
456000,0.177,0.019,0.803
456500,0.176,0.027,0.797
457000,0.177,0.015,0.807
457500,0.185,0.011,0.804
458000,0.178,0.017,0.804
458500,0.178,0.016,0.806
459000,0.169,0.011,0.820
459500,0.163,0.011,0.826
460000,0.184,0.015,0.800
460500,0.178,0.025,0.796
461000,0.193,0.010,0.797
461500,0.203,0.015,0.781
462000,0.182,0.011,0.806
462500,0.190,0.009,0.802
463000,0.184,0.007,0.808
463500,0.179,0.018,0.802
464000,0.190,0.013,0.797
464500,0.172,0.011,0.817
465000,0.168,0.016,0.816
465500,0.191,0.010,0.799
466000,0.179,0.015,0.806
466500,0.177,0.013,0.809
467000,0.174,0.016,0.809
467500,0.191,0.013,0.796
468000,0.204,0.005,0.791
468500,0.202,0.002,0.796
469000,0.194,0.015,0.791
469500,0.187,0.008,0.805
470000,0.198,0.004,0.798
470500,0.189,0.005,0.806
471000,0.200,0.011,0.790
471500,0.185,0.007,0.807
472000,0.188,0.007,0.805
472500,0.149,0.002,0.849
473000,0.201,0.011,0.789
473500,0.179,0.010,0.811
474000,0.187,0.012,0.801
474500,0.189,0.005,0.805
475000,0.172,0.020,0.807
475500,0.165,0.019,0.816
476000,0.168,0.011,0.821
476500,0.161,0.013,0.827
477000,0.166,0.009,0.826
477500,0.154,0.022,0.823
478000,0.153,0.008,0.839
478500,0.171,0.006,0.824
479000,0.175,0.013,0.811
479500,0.178,0.019,0.803
480000,0.165,0.014,0.821
480500,0.166,0.024,0.810
481000,0.171,0.015,0.815
481500,0.167,0.013,0.820
482000,0.172,0.021,0.808
482500,0.177,0.013,0.809
483000,0.178,0.029,0.792
483500,0.203,0.018,0.778
484000,0.176,0.018,0.805
484500,0.190,0.021,0.790
485000,0.185,0.018,0.796
485500,0.183,0.010,0.806
486000,0.185,0.013,0.802
486500,0.176,0.021,0.802
487000,0.162,0.020,0.819
487500,0.177,0.015,0.807
488000,0.197,0.019,0.783
488500,0.193,0.019,0.788
489000,0.181,0.017,0.802
489500,0.199,0.007,0.794
490000,0.232,0.005,0.763
490500,0.215,0.010,0.774
491000,0.201,0.011,0.788
491500,0.217,0.010,0.772
492000,0.187,0.011,0.801
492500,0.180,0.013,0.806
493000,0.180,0.011,0.809
493500,0.174,0.010,0.816
494000,0.173,0.006,0.821
494500,0.159,0.005,0.836
495000,0.198,0.017,0.785
495500,0.209,0.006,0.785
496000,0.203,0.018,0.779
496500,0.186,0.012,0.801
497000,0.183,0.005,0.811
497500,0.181,0.017,0.802
498000,0.183,0.015,0.802
498500,0.164,0.018,0.818
499000,0.168,0.018,0.815
499500,0.188,0.011,0.801
500000,0.174,0.019,0.806
500500,0.172,0.019,0.809
501000,0.181,0.013,0.805
501500,0.167,0.013,0.820
502000,0.170,0.013,0.818
502500,0.179,0.011,0.809
503000,0.192,0.030,0.778
503500,0.169,0.016,0.815
504000,0.192,0.009,0.799
504500,0.160,0.017,0.824
505000,0.149,0.022,0.829
505500,0.173,0.025,0.802
506000,0.172,0.013,0.815
506500,0.169,0.019,0.812
507000,0.177,0.017,0.805
507500,0.169,0.015,0.816
508000,0.187,0.009,0.803
508500,0.196,0.004,0.800
509000,0.189,0.007,0.804
509500,0.180,0.014,0.806
510000,0.181,0.011,0.808
510500,0.172,0.022,0.805
511000,0.153,0.014,0.833
511500,0.176,0.023,0.801
512000,0.161,0.030,0.808
512500,0.169,0.018,0.814
513000,0.178,0.016,0.805
513500,0.189,0.016,0.795
514000,0.174,0.015,0.811
514500,0.171,0.010,0.820
515000,0.163,0.021,0.817
515500,0.167,0.018,0.816
516000,0.181,0.010,0.809
516500,0.212,0.018,0.770
517000,0.181,0.013,0.806
517500,0.191,0.015,0.794
518000,0.182,0.009,0.809
518500,0.160,0.019,0.822
519000,0.166,0.034,0.801
519500,0.172,0.024,0.803
520000,0.178,0.027,0.794
520500,0.192,0.017,0.791
521000,0.186,0.008,0.806
521500,0.171,0.011,0.818
522000,0.175,0.002,0.823
522500,0.199,0.010,0.791
523000,0.189,0.011,0.800
523500,0.170,0.005,0.825
524000,0.162,0.033,0.805
524500,0.171,0.018,0.811
525000,0.189,0.013,0.798
525500,0.181,0.016,0.803
526000,0.195,0.007,0.798
526500,0.198,0.005,0.797
527000,0.180,0.018,0.801
527500,0.159,0.021,0.820
528000,0.174,0.008,0.818
528500,0.175,0.019,0.805
529000,0.168,0.015,0.818
529500,0.176,0.022,0.801
530000,0.156,0.009,0.835
530500,0.201,0.013,0.787
531000,0.188,0.013,0.799
531500,0.171,0.019,0.810
532000,0.163,0.019,0.818
532500,0.154,0.016,0.830
533000,0.156,0.024,0.821
533500,0.168,0.022,0.810
534000,0.188,0.014,0.798
534500,0.181,0.008,0.811
535000,0.177,0.009,0.814
535500,0.184,0.018,0.797
536000,0.190,0.013,0.797
536500,0.185,0.022,0.792
537000,0.162,0.018,0.820
537500,0.150,0.012,0.838
538000,0.146,0.019,0.835
538500,0.160,0.032,0.808
539000,0.141,0.047,0.812
539500,0.139,0.035,0.826
540000,0.155,0.018,0.828
540500,0.171,0.017,0.813
541000,0.162,0.015,0.823
541500,0.160,0.021,0.820
542000,0.161,0.013,0.827
542500,0.188,0.011,0.801
543000,0.205,0.018,0.777
543500,0.169,0.023,0.808
544000,0.179,0.009,0.811
544500,0.193,0.013,0.795
545000,0.190,0.010,0.800
545500,0.167,0.009,0.824
546000,0.180,0.013,0.808
546500,0.192,0.016,0.792
547000,0.182,0.007,0.810
547500,0.174,0.006,0.820
548000,0.190,0.007,0.803
548500,0.172,0.004,0.824
549000,0.192,0.015,0.794
549500,0.192,0.017,0.792
550000,0.193,0.013,0.794
550500,0.215,0.009,0.777
551000,0.203,0.009,0.788
551500,0.179,0.016,0.804
552000,0.185,0.015,0.799
552500,0.163,0.006,0.831
553000,0.176,0.012,0.811
553500,0.188,0.013,0.799
554000,0.182,0.015,0.802
554500,0.189,0.007,0.803
555000,0.174,0.015,0.810
555500,0.181,0.015,0.804
556000,0.192,0.005,0.803
556500,0.168,0.018,0.814
557000,0.173,0.018,0.809
557500,0.166,0.025,0.809
558000,0.172,0.009,0.819
558500,0.182,0.007,0.810
559000,0.206,0.009,0.785
559500,0.185,0.018,0.797
560000,0.168,0.015,0.817
560500,0.162,0.013,0.826
561000,0.174,0.017,0.809
561500,0.183,0.009,0.807
562000,0.170,0.022,0.808
562500,0.186,0.015,0.799
563000,0.190,0.005,0.805
563500,0.178,0.013,0.809
564000,0.163,0.022,0.816
564500,0.154,0.019,0.827
565000,0.147,0.013,0.840
565500,0.189,0.010,0.801
566000,0.198,0.014,0.788
566500,0.188,0.019,0.793
567000,0.175,0.016,0.809
567500,0.188,0.009,0.804
568000,0.204,0.018,0.777
568500,0.172,0.015,0.813
569000,0.168,0.019,0.813
569500,0.153,0.025,0.821
570000,0.155,0.021,0.823
570500,0.165,0.020,0.816
571000,0.175,0.014,0.810
571500,0.194,0.009,0.798
572000,0.193,0.018,0.789
572500,0.169,0.011,0.820
573000,0.185,0.011,0.804
573500,0.166,0.018,0.816
574000,0.171,0.020,0.809
574500,0.162,0.021,0.818
575000,0.199,0.007,0.794
575500,0.197,0.011,0.793
576000,0.181,0.014,0.804
576500,0.186,0.009,0.805
577000,0.168,0.012,0.821
577500,0.167,0.010,0.823
578000,0.181,0.007,0.812
578500,0.169,0.018,0.814
579000,0.137,0.011,0.852
579500,0.194,0.010,0.796
580000,0.183,0.014,0.803
580500,0.172,0.018,0.809
581000,0.182,0.011,0.806
581500,0.193,0.014,0.793
582000,0.153,0.008,0.839
582500,0.149,0.013,0.838
583000,0.172,0.004,0.823
583500,0.169,0.011,0.821
584000,0.181,0.011,0.807
584500,0.173,0.007,0.820
585000,0.155,0.009,0.836
585500,0.158,0.015,0.828
586000,0.173,0.013,0.814
586500,0.181,0.021,0.798
587000,0.189,0.019,0.792
587500,0.184,0.011,0.805
588000,0.180,0.004,0.816
588500,0.197,0.005,0.797
589000,0.188,0.011,0.801
589500,0.183,0.007,0.809
590000,0.174,0.021,0.805
590500,0.172,0.015,0.813
591000,0.171,0.018,0.812
591500,0.174,0.013,0.813
592000,0.159,0.011,0.831
592500,0.190,0.005,0.805
593000,0.186,0.004,0.809
593500,0.198,0.005,0.797
594000,0.194,0.011,0.795
594500,0.223,0.006,0.771
595000,0.220,0.006,0.774
595500,0.199,0.009,0.792
596000,0.190,0.021,0.790
596500,0.177,0.018,0.804
597000,0.154,0.029,0.817
597500,0.148,0.013,0.839
598000,0.150,0.024,0.826
598500,0.188,0.015,0.797
599000,0.238,0.008,0.754
599500,0.193,0.014,0.793
600000,0.218,0.009,0.772
600500,0.195,0.011,0.795
601000,0.177,0.009,0.814
601500,0.188,0.009,0.803
602000,0.185,0.011,0.803
602500,0.207,0.016,0.777
603000,0.175,0.009,0.816
603500,0.209,0.004,0.788
604000,0.165,0.011,0.824
604500,0.178,0.013,0.809
605000,0.164,0.016,0.821
605500,0.167,0.011,0.822
606000,0.153,0.018,0.829
606500,0.176,0.015,0.808
607000,0.201,0.009,0.790
607500,0.231,0.002,0.768
608000,0.229,0.000,0.771
608500,0.203,0.007,0.790
609000,0.190,0.011,0.800
609500,0.220,0.009,0.772
610000,0.227,0.007,0.766
610500,0.173,0.008,0.819
611000,0.179,0.013,0.808
611500,0.205,0.012,0.782
612000,0.178,0.015,0.807
612500,0.167,0.011,0.822
613000,0.172,0.009,0.819
613500,0.182,0.018,0.801
614000,0.194,0.011,0.795
614500,0.194,0.017,0.789
615000,0.160,0.022,0.819
615500,0.151,0.026,0.823
616000,0.172,0.014,0.814
616500,0.171,0.022,0.807
617000,0.182,0.014,0.803
617500,0.191,0.012,0.797
618000,0.170,0.006,0.824
618500,0.188,0.007,0.805
619000,0.186,0.005,0.809
619500,0.191,0.015,0.795
620000,0.175,0.016,0.808
620500,0.169,0.008,0.823
621000,0.166,0.009,0.825
621500,0.181,0.010,0.809
622000,0.181,0.004,0.815
622500,0.154,0.009,0.838
623000,0.190,0.005,0.805
623500,0.184,0.006,0.810
624000,0.170,0.025,0.804
624500,0.177,0.019,0.804
625000,0.162,0.015,0.823
625500,0.150,0.025,0.824
626000,0.166,0.013,0.821
626500,0.148,0.015,0.837
627000,0.141,0.021,0.838
627500,0.154,0.018,0.828
628000,0.153,0.018,0.829
628500,0.149,0.015,0.835
629000,0.177,0.009,0.814
629500,0.203,0.006,0.791
630000,0.201,0.007,0.792
630500,0.189,0.005,0.805
631000,0.176,0.022,0.801
631500,0.142,0.021,0.837
632000,0.148,0.024,0.829
632500,0.136,0.021,0.844
633000,0.157,0.025,0.818
633500,0.179,0.011,0.809
634000,0.166,0.018,0.816
634500,0.178,0.012,0.809
635000,0.181,0.009,0.810
635500,0.182,0.007,0.811
636000,0.178,0.009,0.813
636500,0.176,0.011,0.812
637000,0.190,0.018,0.793
637500,0.188,0.023,0.789
638000,0.177,0.021,0.802
638500,0.166,0.015,0.819
639000,0.229,0.010,0.761
639500,0.202,0.009,0.790
640000,0.201,0.006,0.793
640500,0.184,0.009,0.806
641000,0.157,0.013,0.830
641500,0.174,0.011,0.815
642000,0.173,0.018,0.809
642500,0.175,0.020,0.805
643000,0.185,0.027,0.787
643500,0.173,0.018,0.809
644000,0.166,0.017,0.817
644500,0.166,0.010,0.824
645000,0.163,0.024,0.814
645500,0.171,0.009,0.821
646000,0.170,0.018,0.813
646500,0.179,0.014,0.807
647000,0.172,0.017,0.810
647500,0.147,0.017,0.837
648000,0.171,0.009,0.820
648500,0.163,0.030,0.807
649000,0.161,0.032,0.807
649500,0.157,0.020,0.823
650000,0.170,0.011,0.820
650500,0.198,0.005,0.797
651000,0.160,0.011,0.830
651500,0.162,0.015,0.824
652000,0.157,0.009,0.834
652500,0.180,0.011,0.809
653000,0.207,0.003,0.790
653500,0.209,0.009,0.782
654000,0.170,0.015,0.816
654500,0.200,0.011,0.789
655000,0.214,0.011,0.775
655500,0.184,0.008,0.807
656000,0.180,0.007,0.812
656500,0.192,0.013,0.796
657000,0.203,0.007,0.790
657500,0.196,0.009,0.795
658000,0.203,0.015,0.782
658500,0.226,0.012,0.762
659000,0.198,0.003,0.800
659500,0.221,0.002,0.778
660000,0.203,0.002,0.795
660500,0.199,0.008,0.793
661000,0.168,0.014,0.819
661500,0.166,0.012,0.823
662000,0.180,0.015,0.804
662500,0.158,0.011,0.832
663000,0.192,0.022,0.786
663500,0.170,0.015,0.815
664000,0.171,0.024,0.806
664500,0.185,0.017,0.798
665000,0.162,0.017,0.821
665500,0.174,0.026,0.800
666000,0.155,0.022,0.822
666500,0.159,0.019,0.822
667000,0.178,0.013,0.809
667500,0.167,0.012,0.822
668000,0.165,0.010,0.825
668500,0.162,0.015,0.823
669000,0.170,0.011,0.820
669500,0.169,0.007,0.824
670000,0.170,0.025,0.805
670500,0.168,0.029,0.804
671000,0.150,0.016,0.834
671500,0.160,0.017,0.823
672000,0.160,0.018,0.823
672500,0.192,0.020,0.788
673000,0.172,0.022,0.806
673500,0.182,0.013,0.805
674000,0.192,0.011,0.798
674500,0.198,0.019,0.783
675000,0.190,0.021,0.790
675500,0.175,0.021,0.804
676000,0.176,0.012,0.811
676500,0.177,0.015,0.807
677000,0.177,0.013,0.810
677500,0.181,0.011,0.807
678000,0.174,0.009,0.817
678500,0.164,0.015,0.821
679000,0.189,0.018,0.793
679500,0.161,0.013,0.826
680000,0.176,0.012,0.811
680500,0.165,0.016,0.819
681000,0.184,0.009,0.807
681500,0.189,0.009,0.802
682000,0.190,0.012,0.798
682500,0.177,0.015,0.808
683000,0.165,0.040,0.796
683500,0.151,0.021,0.829
684000,0.166,0.015,0.819
684500,0.168,0.015,0.817
685000,0.143,0.025,0.832
685500,0.136,0.020,0.844
686000,0.140,0.037,0.824
686500,0.180,0.022,0.798
687000,0.139,0.021,0.841
687500,0.157,0.021,0.823
688000,0.176,0.011,0.813
688500,0.176,0.013,0.811
689000,0.182,0.016,0.802
689500,0.207,0.011,0.782
690000,0.180,0.013,0.806
690500,0.156,0.014,0.830
691000,0.177,0.015,0.807
691500,0.154,0.029,0.816
692000,0.179,0.020,0.801
692500,0.172,0.018,0.811
693000,0.183,0.021,0.795
693500,0.163,0.029,0.808
694000,0.172,0.015,0.813
694500,0.169,0.018,0.813
695000,0.151,0.022,0.826
695500,0.170,0.024,0.806
696000,0.173,0.036,0.790
696500,0.150,0.017,0.833
697000,0.152,0.016,0.832
697500,0.193,0.009,0.799
698000,0.196,0.012,0.792
698500,0.218,0.011,0.771
699000,0.231,0.022,0.747
699500,0.207,0.009,0.784
700000,0.172,0.011,0.818
700500,0.195,0.011,0.794
701000,0.162,0.012,0.827
701500,0.176,0.007,0.817
702000,0.145,0.021,0.834
702500,0.151,0.019,0.830
703000,0.176,0.021,0.803
703500,0.168,0.005,0.828
704000,0.166,0.012,0.822
704500,0.170,0.012,0.819
705000,0.167,0.021,0.813
705500,0.161,0.025,0.814
706000,0.155,0.021,0.824
706500,0.156,0.034,0.810
707000,0.158,0.020,0.823
707500,0.167,0.013,0.820
708000,0.170,0.009,0.822
708500,0.163,0.018,0.820
709000,0.163,0.014,0.824
709500,0.181,0.011,0.807
710000,0.177,0.014,0.808
710500,0.177,0.013,0.809
711000,0.180,0.009,0.811
711500,0.196,0.011,0.793
712000,0.183,0.024,0.793
712500,0.168,0.018,0.815
713000,0.180,0.012,0.808
713500,0.173,0.019,0.807
714000,0.196,0.014,0.790
714500,0.188,0.009,0.803
715000,0.190,0.015,0.796
715500,0.164,0.009,0.827
716000,0.176,0.015,0.808
716500,0.202,0.011,0.788
717000,0.185,0.010,0.805
717500,0.203,0.013,0.785
718000,0.189,0.015,0.796
718500,0.173,0.025,0.802
719000,0.153,0.025,0.822
719500,0.142,0.028,0.830
720000,0.161,0.018,0.822
720500,0.168,0.011,0.821
721000,0.161,0.022,0.817
721500,0.159,0.023,0.818
722000,0.164,0.024,0.813
722500,0.177,0.018,0.804
723000,0.184,0.011,0.804
723500,0.189,0.010,0.801
724000,0.191,0.012,0.797
724500,0.191,0.011,0.799
725000,0.180,0.012,0.808
725500,0.174,0.009,0.817
726000,0.180,0.009,0.810
726500,0.193,0.007,0.800
727000,0.207,0.010,0.783
727500,0.186,0.009,0.805
728000,0.169,0.004,0.828
728500,0.182,0.009,0.810
729000,0.186,0.008,0.805
729500,0.193,0.012,0.795
730000,0.185,0.011,0.803
730500,0.170,0.012,0.819
731000,0.210,0.004,0.786
731500,0.183,0.013,0.804
732000,0.175,0.004,0.820
732500,0.188,0.006,0.806
733000,0.193,0.020,0.787
733500,0.186,0.009,0.805
734000,0.165,0.005,0.831
734500,0.153,0.022,0.825
735000,0.129,0.030,0.841
735500,0.167,0.037,0.796
736000,0.141,0.029,0.830
736500,0.157,0.018,0.825
737000,0.168,0.025,0.806
737500,0.176,0.029,0.794
738000,0.168,0.030,0.802
738500,0.142,0.030,0.828
739000,0.155,0.017,0.828
739500,0.159,0.014,0.828
740000,0.151,0.009,0.840
740500,0.154,0.019,0.826
741000,0.168,0.021,0.811
741500,0.171,0.012,0.817
742000,0.183,0.011,0.805
742500,0.170,0.008,0.823
743000,0.173,0.028,0.798
743500,0.164,0.011,0.826
744000,0.159,0.015,0.827
744500,0.168,0.007,0.825
745000,0.195,0.015,0.790
745500,0.168,0.013,0.820
746000,0.174,0.013,0.813
746500,0.188,0.015,0.798
747000,0.188,0.015,0.797
747500,0.193,0.008,0.799
748000,0.196,0.009,0.795
748500,0.174,0.012,0.814
749000,0.165,0.028,0.807
749500,0.144,0.025,0.830
750000,0.187,0.017,0.796
750500,0.183,0.011,0.805
751000,0.162,0.016,0.823
751500,0.171,0.021,0.807
752000,0.178,0.022,0.799
752500,0.161,0.015,0.825
753000,0.151,0.015,0.834
753500,0.141,0.026,0.833
754000,0.150,0.027,0.823
754500,0.159,0.022,0.820
755000,0.193,0.019,0.788
755500,0.144,0.011,0.846
756000,0.164,0.022,0.814
756500,0.178,0.013,0.809
757000,0.162,0.021,0.818
757500,0.185,0.007,0.807
758000,0.201,0.024,0.775
758500,0.188,0.007,0.805
759000,0.177,0.007,0.816
759500,0.176,0.009,0.814
760000,0.148,0.019,0.832
760500,0.160,0.009,0.832
761000,0.158,0.009,0.834
761500,0.157,0.016,0.827
762000,0.152,0.016,0.832
762500,0.155,0.013,0.832
763000,0.161,0.019,0.820
763500,0.193,0.025,0.782
764000,0.154,0.029,0.817
764500,0.149,0.021,0.830
765000,0.142,0.045,0.813
765500,0.151,0.037,0.811
766000,0.176,0.022,0.802
766500,0.174,0.006,0.820
767000,0.189,0.006,0.805
767500,0.226,0.004,0.770
768000,0.197,0.002,0.801
768500,0.194,0.004,0.802
769000,0.170,0.004,0.827
769500,0.161,0.011,0.829
770000,0.148,0.024,0.828
770500,0.164,0.018,0.819
771000,0.170,0.023,0.807
771500,0.161,0.016,0.824
772000,0.168,0.021,0.811
772500,0.147,0.017,0.836
773000,0.158,0.014,0.828
773500,0.166,0.018,0.817
774000,0.178,0.013,0.809
774500,0.160,0.008,0.833
775000,0.145,0.015,0.840
775500,0.170,0.011,0.820
776000,0.173,0.013,0.814
776500,0.178,0.014,0.808
777000,0.179,0.005,0.815
777500,0.187,0.005,0.807
778000,0.184,0.005,0.811
778500,0.173,0.016,0.811
779000,0.174,0.011,0.814
779500,0.152,0.015,0.834
780000,0.171,0.018,0.812
780500,0.147,0.024,0.829
781000,0.184,0.011,0.804
781500,0.186,0.015,0.798
782000,0.180,0.018,0.802
782500,0.169,0.022,0.808
783000,0.192,0.022,0.786
783500,0.150,0.014,0.836
784000,0.175,0.019,0.806
784500,0.166,0.015,0.820
785000,0.166,0.011,0.824
785500,0.154,0.013,0.834
786000,0.182,0.015,0.804
786500,0.176,0.012,0.812
787000,0.174,0.028,0.799
787500,0.199,0.015,0.786
788000,0.184,0.011,0.805
788500,0.176,0.011,0.813
789000,0.211,0.009,0.781
789500,0.193,0.012,0.795
790000,0.186,0.009,0.806
790500,0.163,0.013,0.824
791000,0.181,0.013,0.806
791500,0.183,0.013,0.803
792000,0.166,0.030,0.804
792500,0.153,0.024,0.823
793000,0.179,0.013,0.807
793500,0.172,0.022,0.805
794000,0.184,0.015,0.802
794500,0.189,0.006,0.805
795000,0.182,0.018,0.800
795500,0.160,0.007,0.833
796000,0.179,0.007,0.814
796500,0.184,0.009,0.807
797000,0.202,0.011,0.787
797500,0.192,0.004,0.805
798000,0.175,0.021,0.804
798500,0.201,0.015,0.784
799000,0.221,0.013,0.767
799500,0.218,0.006,0.776
800000,0.209,0.007,0.784
800500,0.185,0.009,0.805
801000,0.155,0.009,0.837
801500,0.145,0.013,0.842
802000,0.146,0.029,0.824
802500,0.136,0.030,0.834
803000,0.134,0.022,0.844
803500,0.137,0.035,0.829
804000,0.142,0.029,0.830
804500,0.166,0.024,0.811
805000,0.159,0.024,0.818
805500,0.160,0.009,0.832
806000,0.167,0.008,0.826
806500,0.173,0.005,0.822
807000,0.176,0.016,0.808
807500,0.158,0.018,0.824
808000,0.165,0.026,0.808
808500,0.171,0.017,0.812
809000,0.162,0.012,0.826
809500,0.185,0.025,0.789
810000,0.165,0.022,0.813
810500,0.163,0.017,0.820
811000,0.175,0.009,0.817
811500,0.166,0.007,0.827
812000,0.162,0.019,0.819
812500,0.164,0.017,0.820
813000,0.191,0.016,0.793
813500,0.191,0.008,0.801
814000,0.194,0.009,0.797
814500,0.212,0.006,0.781
815000,0.210,0.003,0.787
815500,0.204,0.003,0.794
816000,0.198,0.007,0.795
816500,0.188,0.006,0.806
817000,0.183,0.009,0.808
817500,0.175,0.027,0.798
818000,0.155,0.018,0.828
818500,0.145,0.017,0.838
819000,0.146,0.011,0.843
819500,0.169,0.015,0.817
820000,0.179,0.013,0.808
820500,0.165,0.013,0.823
821000,0.157,0.021,0.823
821500,0.160,0.026,0.814
822000,0.170,0.022,0.807
822500,0.174,0.021,0.805
823000,0.186,0.017,0.797
823500,0.192,0.013,0.795
824000,0.162,0.005,0.833
824500,0.186,0.013,0.801
825000,0.156,0.016,0.828
825500,0.186,0.012,0.802
826000,0.163,0.015,0.822
826500,0.153,0.006,0.841
827000,0.151,0.022,0.827
827500,0.141,0.015,0.844
828000,0.145,0.018,0.836
828500,0.154,0.015,0.831
829000,0.173,0.010,0.817
829500,0.183,0.010,0.806
830000,0.168,0.005,0.827
830500,0.176,0.017,0.808
831000,0.172,0.011,0.816
831500,0.163,0.018,0.820
832000,0.184,0.017,0.798
832500,0.201,0.009,0.789
833000,0.188,0.009,0.803
833500,0.174,0.022,0.803
834000,0.167,0.013,0.820
834500,0.160,0.032,0.808
835000,0.178,0.021,0.801
835500,0.165,0.012,0.823
836000,0.166,0.009,0.826
836500,0.155,0.029,0.816
837000,0.152,0.020,0.828
837500,0.143,0.016,0.841
838000,0.169,0.012,0.820
838500,0.172,0.025,0.802
839000,0.174,0.025,0.801
839500,0.197,0.013,0.790
840000,0.183,0.006,0.810
840500,0.177,0.010,0.812
841000,0.144,0.013,0.843
841500,0.159,0.018,0.824
842000,0.192,0.012,0.796
842500,0.155,0.018,0.828
843000,0.159,0.028,0.814
843500,0.153,0.046,0.800
844000,0.151,0.025,0.824
844500,0.149,0.018,0.833
845000,0.165,0.021,0.814
845500,0.172,0.017,0.811
846000,0.170,0.009,0.821
846500,0.150,0.010,0.840
847000,0.164,0.048,0.788
847500,0.154,0.030,0.815
848000,0.153,0.035,0.811
848500,0.155,0.021,0.824
849000,0.201,0.009,0.791
849500,0.193,0.009,0.798
850000,0.178,0.006,0.816
850500,0.170,0.018,0.812
851000,0.180,0.020,0.799
851500,0.173,0.009,0.818
852000,0.184,0.012,0.803
852500,0.190,0.011,0.800
853000,0.187,0.013,0.799
853500,0.194,0.007,0.799
854000,0.177,0.012,0.810
854500,0.179,0.009,0.811
855000,0.197,0.011,0.792
855500,0.193,0.018,0.789
856000,0.185,0.018,0.797
856500,0.174,0.015,0.811
857000,0.172,0.020,0.808
857500,0.176,0.011,0.813
858000,0.158,0.018,0.824
858500,0.150,0.018,0.832
859000,0.174,0.013,0.812
859500,0.174,0.012,0.814
860000,0.163,0.013,0.824
860500,0.172,0.009,0.819
861000,0.198,0.017,0.786
861500,0.195,0.016,0.789
862000,0.184,0.037,0.778
862500,0.168,0.016,0.816
863000,0.183,0.015,0.802
863500,0.177,0.013,0.809
864000,0.189,0.018,0.794
864500,0.219,0.028,0.753
865000,0.178,0.010,0.812
865500,0.144,0.007,0.848
866000,0.170,0.005,0.825
866500,0.175,0.011,0.814
867000,0.160,0.017,0.824
867500,0.169,0.013,0.818
868000,0.149,0.031,0.820
868500,0.162,0.016,0.822
869000,0.186,0.019,0.794
869500,0.172,0.007,0.821
870000,0.179,0.010,0.811
870500,0.200,0.007,0.793
871000,0.169,0.011,0.820
871500,0.170,0.012,0.818
872000,0.161,0.021,0.818
872500,0.161,0.011,0.829
873000,0.152,0.017,0.831
873500,0.165,0.022,0.812
874000,0.171,0.013,0.817
874500,0.148,0.019,0.832
875000,0.150,0.026,0.823
875500,0.174,0.014,0.811
876000,0.174,0.007,0.819
876500,0.195,0.010,0.795
877000,0.195,0.009,0.796
877500,0.171,0.015,0.814
878000,0.182,0.006,0.812
878500,0.176,0.014,0.809
879000,0.190,0.004,0.806
879500,0.168,0.015,0.818
880000,0.180,0.004,0.816
880500,0.195,0.004,0.801
881000,0.196,0.004,0.801
881500,0.199,0.013,0.788
882000,0.180,0.006,0.814
882500,0.213,0.007,0.780
883000,0.199,0.012,0.789
883500,0.160,0.011,0.829
884000,0.135,0.014,0.851
884500,0.153,0.017,0.830
885000,0.184,0.018,0.798
885500,0.172,0.013,0.815
886000,0.166,0.019,0.816
886500,0.179,0.011,0.810
887000,0.179,0.008,0.813
887500,0.178,0.023,0.799
888000,0.178,0.017,0.805
888500,0.181,0.018,0.801
889000,0.140,0.009,0.852
889500,0.168,0.016,0.816
890000,0.187,0.015,0.797
890500,0.178,0.004,0.818
891000,0.171,0.009,0.821
891500,0.172,0.030,0.798
892000,0.168,0.014,0.819
892500,0.163,0.010,0.827
893000,0.180,0.006,0.814
893500,0.181,0.013,0.806
894000,0.161,0.011,0.828
894500,0.161,0.003,0.837
895000,0.173,0.018,0.808
895500,0.152,0.011,0.838
896000,0.164,0.017,0.820
896500,0.163,0.013,0.825
897000,0.161,0.013,0.827
897500,0.148,0.021,0.831
898000,0.169,0.012,0.820
898500,0.183,0.028,0.789
899000,0.172,0.015,0.814
899500,0.169,0.014,0.818
900000,0.170,0.015,0.816
900500,0.165,0.018,0.818
901000,0.155,0.017,0.828
901500,0.167,0.030,0.803
902000,0.148,0.017,0.835
902500,0.140,0.037,0.823
903000,0.145,0.040,0.816
903500,0.169,0.021,0.810
904000,0.168,0.019,0.814
904500,0.175,0.017,0.808
905000,0.167,0.013,0.820
905500,0.182,0.017,0.801
906000,0.177,0.010,0.813
906500,0.172,0.010,0.819
907000,0.172,0.011,0.818
907500,0.138,0.022,0.840
908000,0.148,0.027,0.825
908500,0.163,0.021,0.817
909000,0.165,0.011,0.824
909500,0.194,0.015,0.792
910000,0.170,0.020,0.810
910500,0.147,0.016,0.837
911000,0.167,0.021,0.813
911500,0.164,0.019,0.818
912000,0.167,0.020,0.813
912500,0.157,0.011,0.833
913000,0.175,0.007,0.818
913500,0.154,0.017,0.829
914000,0.170,0.009,0.821
914500,0.155,0.022,0.823
915000,0.169,0.013,0.819
915500,0.180,0.017,0.804
916000,0.162,0.013,0.825
916500,0.167,0.006,0.827
917000,0.192,0.009,0.800
917500,0.172,0.007,0.821
918000,0.161,0.019,0.820
918500,0.169,0.012,0.820
919000,0.154,0.015,0.830
919500,0.174,0.009,0.817
920000,0.206,0.015,0.778
920500,0.160,0.020,0.821
921000,0.198,0.018,0.784
921500,0.192,0.008,0.800
922000,0.153,0.020,0.827
922500,0.155,0.032,0.813
923000,0.150,0.016,0.834
923500,0.154,0.015,0.831
924000,0.170,0.013,0.817
924500,0.201,0.008,0.791
925000,0.217,0.006,0.777
925500,0.188,0.008,0.804
926000,0.160,0.013,0.827
926500,0.181,0.015,0.804
927000,0.193,0.015,0.792
927500,0.202,0.006,0.792
928000,0.179,0.016,0.804
928500,0.199,0.019,0.782
929000,0.181,0.010,0.808
929500,0.182,0.011,0.807
930000,0.187,0.011,0.802
930500,0.186,0.007,0.807
931000,0.176,0.008,0.816
931500,0.189,0.010,0.801
932000,0.170,0.029,0.801
932500,0.173,0.013,0.814
933000,0.170,0.011,0.820
933500,0.162,0.029,0.808
934000,0.158,0.017,0.826
934500,0.151,0.019,0.830
935000,0.163,0.014,0.823
935500,0.167,0.012,0.822
936000,0.179,0.016,0.804
936500,0.179,0.024,0.797
937000,0.166,0.014,0.820
937500,0.163,0.015,0.822
938000,0.152,0.015,0.833
938500,0.157,0.012,0.832
939000,0.190,0.010,0.800
939500,0.173,0.011,0.816
940000,0.164,0.024,0.813
940500,0.197,0.009,0.794
941000,0.180,0.010,0.810
941500,0.176,0.011,0.813
942000,0.173,0.011,0.817
942500,0.179,0.015,0.805
943000,0.179,0.011,0.809
943500,0.180,0.012,0.807
944000,0.168,0.020,0.812
944500,0.188,0.019,0.793
945000,0.169,0.019,0.812
945500,0.171,0.026,0.803
946000,0.185,0.017,0.798
946500,0.177,0.012,0.811
947000,0.171,0.028,0.801
947500,0.162,0.035,0.803
948000,0.175,0.022,0.802
948500,0.187,0.011,0.802
949000,0.173,0.018,0.809
949500,0.179,0.013,0.807
950000,0.182,0.011,0.808
950500,0.169,0.019,0.811
951000,0.166,0.023,0.811
951500,0.169,0.034,0.797
952000,0.155,0.033,0.812
952500,0.135,0.036,0.829
953000,0.142,0.021,0.837
953500,0.169,0.013,0.818
954000,0.170,0.010,0.821
954500,0.207,0.009,0.785
955000,0.179,0.011,0.810
955500,0.186,0.015,0.798
956000,0.176,0.018,0.807
956500,0.173,0.009,0.818
957000,0.175,0.012,0.812
957500,0.150,0.013,0.837
958000,0.158,0.018,0.824
958500,0.183,0.021,0.795
959000,0.153,0.019,0.828
959500,0.174,0.026,0.800
960000,0.176,0.028,0.795
960500,0.166,0.025,0.809
961000,0.199,0.013,0.787
961500,0.201,0.012,0.787
962000,0.209,0.011,0.780
962500,0.189,0.008,0.803
963000,0.177,0.015,0.808
963500,0.178,0.023,0.799
964000,0.138,0.017,0.846
964500,0.160,0.009,0.832
965000,0.163,0.008,0.829
965500,0.171,0.015,0.815
966000,0.175,0.018,0.807
966500,0.165,0.025,0.810
967000,0.159,0.015,0.826
967500,0.165,0.013,0.822
968000,0.172,0.011,0.817
968500,0.171,0.009,0.821
969000,0.173,0.002,0.825
969500,0.184,0.001,0.815
970000,0.184,0.014,0.801
970500,0.188,0.013,0.799
971000,0.172,0.014,0.814
971500,0.163,0.028,0.810
972000,0.187,0.008,0.805
972500,0.190,0.002,0.808
973000,0.183,0.015,0.801
973500,0.181,0.007,0.811
974000,0.176,0.009,0.814
974500,0.172,0.006,0.822
975000,0.176,0.018,0.807
975500,0.159,0.017,0.825
976000,0.193,0.017,0.790
976500,0.192,0.019,0.789
977000,0.183,0.014,0.802
977500,0.201,0.002,0.797
978000,0.195,0.013,0.793
978500,0.179,0.010,0.810
979000,0.179,0.021,0.799
979500,0.190,0.017,0.793
980000,0.185,0.018,0.797
980500,0.187,0.015,0.798
981000,0.155,0.014,0.831
981500,0.178,0.009,0.814
982000,0.170,0.009,0.821
982500,0.220,0.006,0.774
983000,0.187,0.009,0.804
983500,0.205,0.014,0.780
984000,0.186,0.012,0.802
984500,0.190,0.017,0.794
985000,0.196,0.006,0.798
985500,0.200,0.001,0.800
986000,0.200,0.004,0.796
986500,0.188,0.007,0.805
987000,0.205,0.025,0.770
987500,0.179,0.010,0.811
988000,0.176,0.004,0.820
988500,0.188,0.017,0.795
989000,0.183,0.018,0.798
989500,0.191,0.009,0.800
990000,0.159,0.021,0.820
990500,0.177,0.015,0.808
991000,0.188,0.012,0.800
991500,0.168,0.013,0.819
992000,0.201,0.016,0.783
992500,0.180,0.017,0.803
993000,0.175,0.015,0.809
993500,0.147,0.017,0.836
994000,0.138,0.018,0.844
994500,0.153,0.021,0.826
995000,0.190,0.013,0.798
995500,0.200,0.006,0.794
996000,0.202,0.017,0.782
996500,0.180,0.006,0.813
997000,0.207,0.019,0.773
997500,0.206,0.010,0.784
998000,0.203,0.004,0.793
998500,0.185,0.003,0.812
999000,0.172,0.016,0.812
999500,0.186,0.015,0.799
1000000,0.183,0.009,0.807
