time,n_A+p,n_B,n_AB
500,0.050,0.654,0.295
1000,0.050,0.163,0.787
1500,0.074,0.033,0.893
2000,0.070,0.011,0.918
2500,0.087,0.018,0.895
3000,0.070,0.015,0.915
3500,0.079,0.029,0.892
4000,0.105,0.008,0.886
4500,0.087,0.001,0.912
5000,0.090,0.006,0.904
5500,0.089,0.019,0.891
6000,0.068,0.015,0.918
6500,0.074,0.004,0.922
7000,0.060,0.005,0.935
7500,0.077,0.003,0.919
8000,0.088,0.006,0.905
8500,0.062,0.020,0.917
9000,0.072,0.004,0.924
9500,0.072,0.009,0.919
10000,0.074,0.013,0.912
10500,0.070,0.025,0.905
11000,0.071,0.018,0.911
11500,0.076,0.008,0.916
12000,0.089,0.005,0.906
12500,0.089,0.004,0.907
13000,0.069,0.001,0.930
13500,0.072,0.000,0.927
14000,0.088,0.006,0.906
14500,0.077,0.018,0.904
15000,0.075,0.003,0.922
15500,0.102,0.018,0.881
16000,0.093,0.007,0.900
16500,0.108,0.006,0.886
17000,0.088,0.002,0.910
17500,0.080,0.003,0.917
18000,0.087,0.005,0.908
18500,0.087,0.007,0.905
19000,0.090,0.004,0.906
19500,0.083,0.000,0.917
20000,0.065,0.006,0.929
20500,0.061,0.007,0.931
21000,0.093,0.002,0.905
21500,0.064,0.009,0.927
22000,0.079,0.013,0.908
22500,0.077,0.013,0.909
23000,0.099,0.001,0.900
23500,0.099,0.000,0.901
24000,0.076,0.000,0.923
24500,0.087,0.003,0.910
25000,0.087,0.000,0.912
25500,0.090,0.007,0.902
26000,0.081,0.009,0.911
26500,0.082,0.001,0.917
27000,0.080,0.013,0.907
27500,0.090,0.007,0.902
28000,0.078,0.015,0.908
28500,0.068,0.005,0.927
29000,0.104,0.006,0.890
29500,0.102,0.003,0.896
30000,0.083,0.001,0.917
30500,0.088,0.005,0.906
31000,0.087,0.009,0.904
31500,0.119,0.009,0.873
32000,0.067,0.011,0.922
32500,0.054,0.029,0.917
33000,0.074,0.013,0.913
33500,0.066,0.007,0.927
34000,0.083,0.007,0.910
34500,0.077,0.006,0.916
35000,0.094,0.007,0.899
35500,0.086,0.005,0.909
36000,0.074,0.006,0.920
36500,0.061,0.001,0.938
37000,0.087,0.003,0.909
37500,0.090,0.003,0.906
38000,0.076,0.002,0.922
38500,0.086,0.007,0.906
39000,0.079,0.018,0.903
39500,0.079,0.006,0.915
40000,0.082,0.002,0.917
40500,0.070,0.024,0.905
41000,0.074,0.010,0.915
41500,0.062,0.018,0.919
42000,0.096,0.006,0.898
42500,0.106,0.004,0.889
43000,0.098,0.002,0.901
43500,0.103,0.004,0.893
44000,0.082,0.013,0.905
44500,0.090,0.013,0.897
45000,0.068,0.018,0.914
45500,0.087,0.015,0.898
46000,0.097,0.002,0.902
46500,0.091,0.004,0.904
47000,0.071,0.001,0.928
47500,0.082,0.013,0.905
48000,0.070,0.013,0.916
48500,0.058,0.026,0.915
49000,0.077,0.013,0.910
49500,0.075,0.018,0.908
50000,0.078,0.004,0.919
50500,0.070,0.009,0.921
51000,0.068,0.011,0.921
51500,0.070,0.003,0.927
52000,0.093,0.009,0.897
52500,0.098,0.003,0.899
53000,0.088,0.007,0.905
53500,0.074,0.004,0.922
54000,0.080,0.011,0.909
54500,0.091,0.009,0.901
55000,0.084,0.015,0.901
55500,0.084,0.004,0.913
56000,0.098,0.004,0.898
56500,0.071,0.014,0.915
57000,0.074,0.015,0.910
57500,0.082,0.011,0.907
58000,0.065,0.019,0.916
58500,0.061,0.017,0.923
59000,0.060,0.032,0.908
59500,0.070,0.017,0.913
60000,0.076,0.014,0.910
60500,0.087,0.013,0.900
61000,0.075,0.013,0.912
61500,0.068,0.009,0.923
62000,0.079,0.011,0.911
62500,0.073,0.013,0.915
63000,0.106,0.007,0.887
63500,0.085,0.011,0.904
64000,0.083,0.009,0.908
64500,0.088,0.007,0.905
65000,0.083,0.004,0.914
65500,0.093,0.009,0.898
66000,0.090,0.006,0.904
66500,0.082,0.007,0.911
67000,0.081,0.001,0.918
67500,0.070,0.003,0.928
68000,0.077,0.013,0.910
68500,0.077,0.004,0.919
69000,0.074,0.010,0.915
69500,0.077,0.003,0.920
70000,0.090,0.007,0.902
70500,0.074,0.013,0.913
71000,0.086,0.015,0.899
71500,0.080,0.014,0.906
72000,0.062,0.007,0.930
72500,0.067,0.037,0.896
73000,0.084,0.013,0.903
73500,0.086,0.003,0.911
74000,0.067,0.014,0.919
74500,0.072,0.029,0.898
75000,0.082,0.004,0.914
75500,0.095,0.010,0.895
76000,0.086,0.001,0.912
76500,0.102,0.006,0.892
77000,0.071,0.001,0.928
77500,0.079,0.017,0.905
78000,0.084,0.009,0.907
78500,0.077,0.007,0.916
79000,0.067,0.005,0.928
79500,0.070,0.011,0.919
80000,0.067,0.019,0.914
80500,0.071,0.002,0.927
81000,0.099,0.002,0.900
81500,0.093,0.001,0.905
82000,0.084,0.002,0.914
82500,0.083,0.013,0.904
83000,0.089,0.004,0.907
83500,0.086,0.001,0.914
84000,0.082,0.015,0.904
84500,0.077,0.018,0.905
85000,0.082,0.012,0.906
85500,0.074,0.023,0.902
86000,0.065,0.030,0.905
86500,0.098,0.013,0.890
87000,0.077,0.007,0.915
87500,0.086,0.009,0.906
88000,0.095,0.010,0.895
88500,0.095,0.008,0.897
89000,0.091,0.007,0.902
89500,0.084,0.021,0.895
90000,0.097,0.018,0.886
90500,0.084,0.011,0.905
91000,0.082,0.008,0.910
91500,0.084,0.011,0.905
92000,0.079,0.011,0.910
92500,0.088,0.004,0.908
93000,0.104,0.005,0.891
93500,0.075,0.005,0.919
94000,0.073,0.013,0.915
94500,0.070,0.011,0.919
95000,0.068,0.009,0.923
95500,0.086,0.011,0.903
96000,0.091,0.021,0.888
96500,0.077,0.011,0.911
97000,0.093,0.007,0.899
97500,0.076,0.005,0.918
98000,0.086,0.003,0.912
98500,0.099,0.001,0.900
99000,0.110,0.004,0.887
99500,0.098,0.001,0.902
100000,0.077,0.006,0.916
100500,0.075,0.011,0.914
101000,0.066,0.011,0.924
101500,0.089,0.020,0.891
102000,0.086,0.013,0.900
102500,0.086,0.009,0.905
103000,0.072,0.021,0.907
103500,0.065,0.006,0.929
104000,0.074,0.011,0.914
104500,0.076,0.009,0.915
105000,0.074,0.007,0.919
105500,0.094,0.010,0.896
106000,0.082,0.020,0.898
106500,0.104,0.003,0.892
107000,0.139,0.000,0.861
107500,0.088,0.008,0.904
108000,0.077,0.000,0.922
108500,0.095,0.000,0.905
109000,0.096,0.002,0.903
109500,0.091,0.005,0.903
110000,0.116,0.003,0.882
110500,0.092,0.011,0.897
111000,0.078,0.022,0.900
111500,0.064,0.021,0.915
112000,0.066,0.020,0.914
112500,0.086,0.006,0.908
113000,0.101,0.009,0.890
113500,0.092,0.011,0.896
114000,0.105,0.017,0.878
114500,0.083,0.006,0.911
115000,0.068,0.009,0.923
115500,0.096,0.001,0.903
116000,0.085,0.003,0.913
116500,0.073,0.002,0.925
117000,0.077,0.000,0.923
117500,0.080,0.002,0.919
118000,0.089,0.006,0.904
118500,0.083,0.011,0.907
119000,0.084,0.001,0.915
119500,0.086,0.005,0.908
120000,0.077,0.010,0.912
120500,0.083,0.006,0.911
121000,0.080,0.011,0.909
121500,0.070,0.028,0.903
122000,0.073,0.008,0.919
122500,0.086,0.001,0.913
123000,0.078,0.000,0.922
123500,0.126,0.000,0.874
124000,0.101,0.000,0.899
124500,0.071,0.013,0.916
125000,0.074,0.004,0.923
125500,0.074,0.006,0.919
126000,0.076,0.015,0.909
126500,0.087,0.008,0.904
127000,0.086,0.003,0.911
127500,0.062,0.012,0.925
128000,0.061,0.015,0.924
128500,0.080,0.008,0.912
129000,0.084,0.010,0.906
129500,0.091,0.018,0.890
130000,0.073,0.015,0.912
130500,0.097,0.013,0.891
131000,0.102,0.001,0.897
131500,0.096,0.011,0.894
132000,0.088,0.001,0.911
132500,0.064,0.004,0.931
133000,0.097,0.001,0.903
133500,0.087,0.003,0.911
134000,0.067,0.010,0.923
134500,0.065,0.013,0.922
135000,0.090,0.004,0.905
135500,0.057,0.009,0.933
136000,0.074,0.005,0.921
136500,0.075,0.001,0.925
137000,0.087,0.009,0.905
137500,0.090,0.009,0.900
138000,0.090,0.009,0.900
138500,0.076,0.014,0.910
139000,0.071,0.002,0.927
139500,0.115,0.004,0.882
140000,0.091,0.007,0.902
140500,0.090,0.005,0.904
141000,0.093,0.007,0.899
141500,0.083,0.001,0.916
142000,0.084,0.006,0.910
142500,0.084,0.003,0.913
143000,0.073,0.009,0.917
143500,0.081,0.013,0.907
144000,0.063,0.004,0.934
144500,0.079,0.001,0.921
145000,0.081,0.002,0.917
145500,0.094,0.002,0.904
146000,0.088,0.006,0.906
146500,0.075,0.011,0.915
147000,0.067,0.017,0.917
147500,0.087,0.020,0.892
148000,0.113,0.004,0.883
148500,0.104,0.009,0.888
149000,0.079,0.011,0.910
149500,0.110,0.013,0.877
150000,0.122,0.003,0.875
150500,0.106,0.003,0.891
151000,0.082,0.000,0.918
151500,0.084,0.004,0.912
152000,0.090,0.002,0.907
152500,0.069,0.006,0.925
153000,0.072,0.019,0.908
153500,0.073,0.026,0.901
154000,0.085,0.008,0.907
154500,0.103,0.004,0.894
155000,0.101,0.002,0.897
155500,0.116,0.003,0.882
156000,0.079,0.001,0.921
156500,0.073,0.010,0.917
157000,0.086,0.005,0.908
157500,0.073,0.001,0.927
158000,0.094,0.002,0.904
158500,0.072,0.006,0.921
159000,0.082,0.010,0.908
159500,0.062,0.011,0.926
160000,0.083,0.003,0.914
160500,0.070,0.004,0.926
161000,0.098,0.009,0.894
161500,0.089,0.005,0.906
162000,0.075,0.008,0.917
162500,0.090,0.004,0.906
163000,0.098,0.007,0.895
163500,0.075,0.006,0.918
164000,0.064,0.011,0.925
164500,0.076,0.013,0.911
165000,0.111,0.001,0.888
165500,0.101,0.000,0.899
166000,0.075,0.012,0.913
166500,0.093,0.001,0.906
167000,0.083,0.009,0.908
167500,0.097,0.004,0.899
168000,0.089,0.001,0.910
168500,0.076,0.004,0.919
169000,0.072,0.008,0.920
169500,0.068,0.026,0.906
170000,0.075,0.004,0.920
170500,0.090,0.007,0.902
171000,0.102,0.003,0.896
171500,0.106,0.001,0.892
172000,0.100,0.011,0.890
172500,0.084,0.001,0.915
173000,0.090,0.000,0.910
173500,0.080,0.011,0.909
174000,0.089,0.010,0.901
174500,0.088,0.002,0.910
175000,0.093,0.001,0.906
175500,0.068,0.013,0.918
176000,0.070,0.003,0.927
176500,0.082,0.011,0.907
177000,0.088,0.002,0.911
177500,0.067,0.002,0.932
178000,0.087,0.007,0.906
178500,0.069,0.004,0.928
179000,0.071,0.000,0.929
179500,0.060,0.023,0.916
180000,0.074,0.004,0.922
180500,0.079,0.001,0.921
181000,0.078,0.016,0.906
181500,0.072,0.006,0.921
182000,0.086,0.001,0.914
182500,0.088,0.004,0.909
183000,0.102,0.011,0.888
183500,0.075,0.007,0.918
184000,0.070,0.007,0.922
184500,0.079,0.004,0.917
185000,0.073,0.007,0.920
185500,0.094,0.006,0.900
186000,0.090,0.009,0.901
186500,0.074,0.017,0.908
187000,0.076,0.005,0.919
187500,0.105,0.004,0.891
188000,0.071,0.013,0.915
188500,0.087,0.007,0.906
189000,0.083,0.013,0.904
189500,0.084,0.013,0.903
190000,0.081,0.018,0.902
190500,0.084,0.009,0.907
191000,0.071,0.011,0.918
191500,0.075,0.021,0.904
192000,0.088,0.011,0.901
192500,0.092,0.007,0.901
193000,0.093,0.002,0.906
193500,0.102,0.007,0.890
194000,0.091,0.000,0.909
194500,0.086,0.007,0.907
195000,0.081,0.001,0.918
195500,0.066,0.008,0.926
196000,0.086,0.010,0.904
196500,0.062,0.002,0.935
197000,0.078,0.004,0.918
197500,0.089,0.013,0.899
198000,0.117,0.005,0.878
198500,0.072,0.012,0.916
199000,0.092,0.009,0.900
199500,0.105,0.002,0.893
200000,0.083,0.005,0.912
200500,0.081,0.018,0.901
201000,0.076,0.009,0.916
201500,0.073,0.002,0.926
202000,0.113,0.006,0.881
202500,0.090,0.011,0.898
203000,0.070,0.019,0.911
203500,0.095,0.015,0.890
204000,0.089,0.015,0.896
204500,0.065,0.005,0.930
205000,0.077,0.023,0.899
205500,0.086,0.004,0.911
206000,0.080,0.009,0.911
206500,0.096,0.006,0.898
207000,0.083,0.002,0.915
207500,0.084,0.005,0.911
208000,0.086,0.007,0.906
208500,0.081,0.009,0.910
209000,0.102,0.004,0.894
209500,0.107,0.001,0.892
210000,0.102,0.000,0.897
210500,0.089,0.000,0.910
211000,0.094,0.000,0.906
211500,0.109,0.003,0.889
212000,0.094,0.003,0.903
212500,0.085,0.007,0.908
213000,0.093,0.008,0.899
213500,0.082,0.015,0.903
214000,0.073,0.015,0.913
214500,0.077,0.007,0.915
215000,0.084,0.001,0.915
215500,0.089,0.013,0.897
216000,0.104,0.003,0.894
216500,0.085,0.004,0.911
217000,0.087,0.001,0.913
217500,0.074,0.000,0.926
218000,0.093,0.015,0.892
218500,0.095,0.020,0.885
219000,0.067,0.009,0.924
219500,0.080,0.011,0.910
220000,0.082,0.026,0.892
220500,0.087,0.015,0.898
221000,0.070,0.002,0.928
221500,0.075,0.001,0.923
222000,0.090,0.007,0.903
222500,0.071,0.011,0.919
223000,0.075,0.003,0.921
223500,0.097,0.001,0.903
224000,0.100,0.000,0.900
224500,0.114,0.020,0.866
225000,0.101,0.009,0.890
225500,0.087,0.009,0.903
226000,0.081,0.010,0.909
226500,0.060,0.006,0.933
227000,0.073,0.007,0.919
227500,0.068,0.013,0.919
228000,0.097,0.005,0.898
228500,0.081,0.011,0.909
229000,0.077,0.012,0.910
229500,0.083,0.011,0.907
230000,0.066,0.013,0.921
230500,0.057,0.024,0.919
231000,0.086,0.004,0.909
231500,0.098,0.005,0.897
232000,0.070,0.015,0.914
232500,0.095,0.009,0.896
233000,0.081,0.017,0.903
233500,0.100,0.004,0.897
234000,0.094,0.003,0.904
234500,0.093,0.002,0.905
235000,0.102,0.003,0.896
235500,0.080,0.001,0.920
236000,0.101,0.000,0.899
236500,0.071,0.006,0.923
237000,0.077,0.001,0.922
237500,0.112,0.000,0.888
238000,0.079,0.006,0.915
238500,0.076,0.007,0.916
239000,0.067,0.011,0.922
239500,0.088,0.023,0.888
240000,0.087,0.018,0.895
240500,0.074,0.003,0.924
241000,0.092,0.001,0.907
241500,0.121,0.000,0.879
242000,0.066,0.011,0.922
242500,0.090,0.001,0.909
243000,0.078,0.000,0.922
243500,0.109,0.000,0.891
244000,0.096,0.000,0.904
244500,0.097,0.000,0.903
245000,0.068,0.018,0.914
245500,0.064,0.015,0.920
246000,0.056,0.018,0.926
246500,0.064,0.007,0.929
247000,0.071,0.003,0.925
247500,0.091,0.002,0.907
248000,0.079,0.028,0.893
248500,0.073,0.002,0.925
249000,0.080,0.004,0.916
249500,0.094,0.013,0.893
250000,0.102,0.013,0.886
250500,0.090,0.007,0.902
251000,0.068,0.009,0.923
251500,0.071,0.002,0.926
252000,0.098,0.000,0.902
252500,0.120,0.000,0.880
253000,0.097,0.007,0.896
253500,0.089,0.002,0.910
254000,0.105,0.000,0.894
254500,0.112,0.002,0.886
255000,0.104,0.000,0.896
255500,0.089,0.009,0.903
256000,0.079,0.008,0.913
256500,0.113,0.015,0.872
257000,0.075,0.002,0.923
257500,0.113,0.009,0.878
258000,0.108,0.006,0.885
258500,0.092,0.015,0.893
259000,0.085,0.001,0.915
259500,0.061,0.010,0.929
260000,0.101,0.015,0.885
260500,0.080,0.009,0.912
261000,0.075,0.013,0.911
261500,0.086,0.002,0.911
262000,0.108,0.000,0.892
262500,0.079,0.007,0.914
263000,0.115,0.001,0.885
263500,0.076,0.017,0.907
264000,0.091,0.003,0.907
264500,0.081,0.005,0.914
265000,0.087,0.011,0.903
265500,0.068,0.009,0.923
266000,0.075,0.012,0.913
266500,0.073,0.001,0.925
267000,0.066,0.006,0.928
267500,0.075,0.002,0.922
268000,0.085,0.004,0.911
268500,0.091,0.001,0.908
269000,0.080,0.002,0.919
269500,0.080,0.016,0.904
270000,0.078,0.014,0.908
270500,0.091,0.004,0.904
271000,0.081,0.007,0.912
271500,0.082,0.015,0.903
272000,0.095,0.009,0.897
272500,0.084,0.001,0.915
273000,0.131,0.004,0.865
273500,0.109,0.000,0.891
274000,0.115,0.001,0.885
274500,0.108,0.006,0.886
275000,0.090,0.002,0.907
275500,0.083,0.003,0.915
276000,0.088,0.001,0.911
276500,0.090,0.005,0.905
277000,0.086,0.001,0.913
277500,0.090,0.001,0.909
278000,0.069,0.002,0.930
278500,0.076,0.002,0.922
279000,0.107,0.002,0.890
279500,0.100,0.004,0.896
280000,0.107,0.006,0.887
280500,0.092,0.001,0.908
281000,0.090,0.009,0.900
281500,0.083,0.004,0.914
282000,0.081,0.001,0.919
282500,0.082,0.009,0.910
283000,0.083,0.011,0.907
283500,0.067,0.002,0.931
284000,0.073,0.007,0.920
284500,0.076,0.008,0.916
285000,0.106,0.012,0.881
285500,0.116,0.004,0.880
286000,0.084,0.001,0.916
286500,0.084,0.000,0.916
287000,0.102,0.003,0.895
287500,0.093,0.001,0.906
288000,0.095,0.007,0.898
288500,0.077,0.024,0.900
289000,0.072,0.007,0.921
289500,0.086,0.009,0.906
290000,0.087,0.004,0.908
290500,0.075,0.022,0.903
291000,0.101,0.004,0.896
291500,0.104,0.013,0.883
292000,0.086,0.012,0.901
292500,0.099,0.004,0.897
293000,0.092,0.002,0.905
293500,0.112,0.011,0.878
294000,0.082,0.002,0.916
294500,0.105,0.002,0.894
295000,0.085,0.001,0.915
295500,0.086,0.005,0.909
296000,0.065,0.009,0.926
296500,0.104,0.009,0.888
297000,0.084,0.003,0.913
297500,0.079,0.009,0.913
298000,0.071,0.024,0.905
298500,0.087,0.008,0.905
299000,0.075,0.018,0.908
299500,0.095,0.003,0.902
300000,0.070,0.010,0.919
300500,0.089,0.022,0.888
301000,0.096,0.005,0.899
301500,0.095,0.002,0.904
302000,0.078,0.001,0.921
302500,0.077,0.001,0.922
303000,0.071,0.004,0.924
303500,0.096,0.008,0.896
304000,0.090,0.011,0.899
304500,0.073,0.004,0.922
305000,0.080,0.018,0.903
305500,0.067,0.013,0.920
306000,0.069,0.015,0.916
306500,0.092,0.005,0.902
307000,0.084,0.007,0.909
307500,0.096,0.017,0.888
308000,0.084,0.007,0.909
308500,0.084,0.007,0.909
309000,0.094,0.001,0.906
309500,0.087,0.003,0.910
310000,0.093,0.000,0.906
310500,0.101,0.004,0.896
311000,0.096,0.005,0.899
311500,0.072,0.005,0.922
312000,0.059,0.017,0.924
312500,0.092,0.024,0.884
313000,0.084,0.006,0.910
313500,0.070,0.003,0.927
314000,0.097,0.006,0.897
314500,0.085,0.013,0.903
315000,0.071,0.009,0.920
315500,0.098,0.010,0.892
316000,0.091,0.002,0.907
316500,0.098,0.021,0.881
317000,0.077,0.013,0.910
317500,0.104,0.001,0.895
318000,0.115,0.000,0.885
318500,0.076,0.011,0.912
319000,0.069,0.015,0.917
319500,0.082,0.007,0.911
320000,0.109,0.006,0.885
320500,0.095,0.000,0.905
321000,0.081,0.021,0.899
321500,0.070,0.009,0.921
322000,0.086,0.018,0.896
322500,0.092,0.017,0.891
323000,0.072,0.004,0.925
323500,0.082,0.009,0.910
324000,0.115,0.006,0.879
324500,0.084,0.009,0.907
325000,0.083,0.028,0.890
325500,0.064,0.009,0.927
326000,0.072,0.004,0.925
326500,0.084,0.004,0.912
327000,0.095,0.011,0.895
327500,0.089,0.035,0.876
328000,0.075,0.021,0.904
328500,0.086,0.004,0.909
329000,0.092,0.009,0.899
329500,0.105,0.007,0.887
330000,0.074,0.002,0.924
330500,0.089,0.015,0.896
331000,0.078,0.007,0.915
331500,0.077,0.011,0.912
332000,0.087,0.006,0.906
332500,0.088,0.006,0.905
333000,0.089,0.013,0.898
333500,0.077,0.002,0.922
334000,0.081,0.004,0.915
334500,0.067,0.018,0.916
335000,0.108,0.011,0.881
335500,0.091,0.013,0.896
336000,0.100,0.007,0.893
336500,0.101,0.001,0.898
337000,0.072,0.007,0.920
337500,0.074,0.009,0.917
338000,0.075,0.009,0.917
338500,0.059,0.030,0.911
339000,0.071,0.003,0.926
339500,0.088,0.003,0.909
340000,0.081,0.009,0.910
340500,0.077,0.011,0.912
341000,0.079,0.002,0.920
341500,0.070,0.003,0.927
342000,0.071,0.001,0.928
342500,0.070,0.001,0.929
343000,0.086,0.014,0.899
343500,0.084,0.004,0.912
344000,0.079,0.021,0.900
344500,0.114,0.007,0.879
345000,0.086,0.009,0.905
345500,0.065,0.007,0.928
346000,0.084,0.010,0.906
346500,0.087,0.000,0.912
347000,0.101,0.000,0.899
347500,0.099,0.015,0.887
348000,0.073,0.011,0.916
348500,0.083,0.022,0.895
349000,0.091,0.002,0.907
349500,0.084,0.002,0.915
350000,0.096,0.010,0.894
350500,0.092,0.001,0.907
351000,0.076,0.005,0.918
351500,0.068,0.008,0.924
352000,0.074,0.011,0.916
352500,0.083,0.001,0.916
353000,0.088,0.007,0.905
353500,0.091,0.001,0.907
354000,0.096,0.004,0.900
354500,0.090,0.003,0.906
355000,0.081,0.008,0.911
355500,0.076,0.009,0.914
356000,0.068,0.027,0.905
356500,0.079,0.012,0.909
357000,0.089,0.008,0.903
357500,0.075,0.000,0.925
358000,0.079,0.002,0.920
358500,0.101,0.012,0.887
359000,0.098,0.006,0.896
359500,0.110,0.001,0.890
360000,0.074,0.011,0.915
360500,0.079,0.003,0.919
361000,0.082,0.004,0.914
361500,0.074,0.001,0.924
362000,0.101,0.000,0.899
362500,0.090,0.000,0.909
363000,0.064,0.029,0.907
363500,0.081,0.004,0.915
364000,0.081,0.005,0.914
364500,0.070,0.011,0.919
365000,0.087,0.018,0.895
365500,0.074,0.006,0.919
366000,0.081,0.021,0.899
366500,0.075,0.006,0.918
367000,0.068,0.004,0.928
367500,0.074,0.002,0.923
368000,0.078,0.003,0.920
368500,0.076,0.004,0.920
369000,0.073,0.021,0.906
369500,0.087,0.004,0.909
370000,0.096,0.023,0.881
370500,0.090,0.005,0.905
371000,0.083,0.001,0.917
371500,0.093,0.000,0.907
372000,0.111,0.003,0.887
372500,0.085,0.001,0.915
373000,0.086,0.000,0.914
373500,0.092,0.009,0.898
374000,0.098,0.007,0.895
374500,0.116,0.002,0.882
375000,0.084,0.013,0.904
375500,0.098,0.009,0.894
376000,0.090,0.003,0.906
376500,0.103,0.001,0.895
377000,0.107,0.001,0.893
377500,0.075,0.010,0.914
378000,0.063,0.015,0.922
378500,0.082,0.003,0.916
379000,0.076,0.007,0.917
379500,0.083,0.011,0.907
380000,0.077,0.001,0.922
380500,0.082,0.001,0.918
381000,0.097,0.015,0.888
381500,0.069,0.003,0.929
382000,0.088,0.003,0.908
382500,0.075,0.007,0.918
383000,0.111,0.001,0.889
383500,0.102,0.000,0.898
384000,0.073,0.007,0.920
384500,0.068,0.015,0.917
385000,0.098,0.014,0.888
385500,0.085,0.016,0.899
386000,0.076,0.013,0.910
386500,0.087,0.007,0.905
387000,0.100,0.000,0.900
387500,0.115,0.001,0.885
388000,0.080,0.000,0.920
388500,0.084,0.003,0.914
389000,0.101,0.003,0.896
389500,0.075,0.008,0.916
390000,0.073,0.004,0.923
390500,0.089,0.010,0.901
391000,0.084,0.005,0.911
391500,0.086,0.004,0.911
392000,0.073,0.013,0.915
392500,0.088,0.009,0.903
393000,0.115,0.007,0.878
393500,0.084,0.001,0.915
394000,0.105,0.015,0.880
394500,0.077,0.004,0.920
395000,0.083,0.004,0.914
395500,0.101,0.005,0.894
396000,0.090,0.001,0.909
396500,0.138,0.000,0.862
397000,0.089,0.000,0.911
397500,0.080,0.004,0.916
398000,0.090,0.022,0.887
398500,0.097,0.012,0.891
399000,0.104,0.001,0.895
399500,0.080,0.006,0.914
400000,0.059,0.014,0.926
400500,0.093,0.011,0.895
401000,0.077,0.015,0.908
401500,0.106,0.004,0.890
402000,0.096,0.004,0.900
402500,0.091,0.000,0.908
403000,0.086,0.003,0.912
403500,0.080,0.006,0.914
404000,0.090,0.012,0.897
404500,0.065,0.007,0.928
405000,0.074,0.025,0.900
405500,0.090,0.004,0.906
406000,0.076,0.002,0.921
406500,0.117,0.000,0.883
407000,0.085,0.006,0.909
407500,0.092,0.013,0.896
408000,0.094,0.001,0.905
408500,0.075,0.013,0.911
409000,0.096,0.001,0.903
409500,0.078,0.005,0.917
410000,0.087,0.003,0.911
410500,0.076,0.005,0.919
411000,0.108,0.000,0.892
411500,0.079,0.025,0.896
412000,0.074,0.001,0.924
412500,0.077,0.005,0.918
413000,0.062,0.017,0.920
413500,0.116,0.009,0.875
414000,0.073,0.024,0.903
414500,0.083,0.014,0.903
415000,0.090,0.000,0.909
415500,0.079,0.008,0.913
416000,0.085,0.009,0.906
416500,0.103,0.012,0.884
417000,0.073,0.009,0.917
417500,0.059,0.006,0.935
418000,0.076,0.017,0.906
418500,0.069,0.020,0.911
419000,0.072,0.006,0.922
419500,0.095,0.007,0.898
420000,0.080,0.011,0.909
420500,0.089,0.008,0.903
421000,0.086,0.006,0.907
421500,0.082,0.011,0.908
422000,0.096,0.013,0.892
422500,0.090,0.004,0.905
423000,0.085,0.009,0.906
423500,0.068,0.004,0.928
424000,0.084,0.004,0.913
424500,0.081,0.004,0.916
425000,0.081,0.005,0.914
425500,0.092,0.002,0.907
426000,0.084,0.000,0.916
426500,0.095,0.009,0.896
427000,0.072,0.002,0.925
427500,0.093,0.004,0.903
428000,0.090,0.000,0.910
428500,0.085,0.001,0.914
429000,0.070,0.015,0.914
429500,0.069,0.011,0.920
430000,0.073,0.006,0.920
430500,0.080,0.016,0.904
431000,0.101,0.002,0.898
431500,0.095,0.002,0.904
432000,0.088,0.005,0.906
432500,0.088,0.006,0.905
433000,0.091,0.010,0.899
433500,0.075,0.017,0.908
434000,0.065,0.013,0.922
434500,0.098,0.006,0.896
435000,0.105,0.004,0.891
435500,0.086,0.012,0.901
436000,0.085,0.012,0.903
436500,0.072,0.019,0.908
437000,0.103,0.012,0.884
437500,0.087,0.004,0.910
438000,0.085,0.005,0.910
438500,0.102,0.008,0.890
439000,0.075,0.012,0.912
439500,0.066,0.004,0.930
440000,0.086,0.004,0.910
440500,0.087,0.008,0.905
441000,0.090,0.013,0.897
441500,0.071,0.001,0.928
442000,0.080,0.006,0.914
442500,0.077,0.004,0.920
443000,0.070,0.011,0.919
443500,0.060,0.012,0.928
444000,0.083,0.007,0.910
444500,0.077,0.004,0.918
445000,0.074,0.001,0.924
445500,0.101,0.000,0.899
446000,0.099,0.000,0.901
446500,0.100,0.002,0.899
447000,0.066,0.012,0.922
447500,0.072,0.009,0.919
448000,0.096,0.000,0.904
448500,0.092,0.000,0.908
449000,0.086,0.000,0.914
449500,0.088,0.022,0.890
450000,0.067,0.018,0.916
450500,0.081,0.015,0.905
451000,0.077,0.015,0.908
451500,0.113,0.005,0.882
452000,0.094,0.009,0.898
452500,0.098,0.004,0.898
453000,0.115,0.007,0.878
453500,0.070,0.005,0.924
454000,0.080,0.010,0.910
454500,0.075,0.004,0.921
455000,0.095,0.009,0.897
455500,0.070,0.000,0.929
456000,0.086,0.009,0.905
456500,0.089,0.004,0.906
457000,0.071,0.018,0.911
457500,0.121,0.004,0.875
458000,0.076,0.011,0.913
458500,0.082,0.010,0.908
459000,0.089,0.008,0.902
459500,0.092,0.009,0.898
460000,0.093,0.002,0.904
460500,0.103,0.021,0.875
461000,0.086,0.012,0.901
461500,0.079,0.004,0.918
462000,0.065,0.013,0.923
462500,0.069,0.005,0.926
463000,0.096,0.012,0.892
463500,0.090,0.008,0.902
464000,0.100,0.001,0.899
464500,0.082,0.005,0.913
465000,0.073,0.021,0.905
465500,0.087,0.006,0.907
466000,0.087,0.003,0.910
466500,0.110,0.008,0.882
467000,0.067,0.003,0.930
467500,0.073,0.013,0.914
468000,0.067,0.007,0.926
468500,0.076,0.004,0.919
469000,0.095,0.003,0.902
469500,0.092,0.010,0.898
470000,0.084,0.013,0.904
470500,0.091,0.003,0.905
471000,0.090,0.003,0.908
471500,0.099,0.008,0.893
472000,0.106,0.004,0.891
472500,0.080,0.000,0.920
473000,0.090,0.007,0.902
473500,0.087,0.005,0.908
474000,0.072,0.018,0.909
474500,0.054,0.005,0.941
475000,0.091,0.004,0.904
475500,0.091,0.015,0.893
476000,0.084,0.009,0.907
476500,0.099,0.007,0.894
477000,0.102,0.008,0.889
477500,0.091,0.002,0.906
478000,0.101,0.009,0.891
478500,0.109,0.007,0.884
479000,0.075,0.000,0.924
479500,0.082,0.003,0.915
480000,0.096,0.008,0.896
480500,0.079,0.019,0.902
481000,0.059,0.022,0.918
481500,0.066,0.015,0.920
482000,0.072,0.024,0.905
482500,0.073,0.029,0.898
483000,0.072,0.007,0.920
483500,0.089,0.012,0.899
484000,0.067,0.004,0.930
484500,0.103,0.005,0.891
485000,0.084,0.005,0.911
485500,0.090,0.003,0.907
486000,0.068,0.025,0.907
486500,0.068,0.015,0.916
487000,0.092,0.004,0.904
487500,0.115,0.003,0.882
488000,0.103,0.002,0.894
488500,0.081,0.008,0.911
489000,0.074,0.012,0.913
489500,0.074,0.019,0.906
490000,0.060,0.025,0.914
490500,0.086,0.013,0.900
491000,0.096,0.007,0.897
491500,0.097,0.001,0.903
492000,0.087,0.001,0.912
492500,0.086,0.008,0.905
493000,0.093,0.004,0.904
493500,0.089,0.018,0.892
494000,0.078,0.003,0.920
494500,0.104,0.011,0.886
495000,0.095,0.001,0.905
495500,0.085,0.011,0.904
496000,0.086,0.015,0.899
496500,0.077,0.011,0.911
497000,0.083,0.010,0.907
497500,0.066,0.015,0.919
498000,0.080,0.009,0.911
498500,0.091,0.001,0.908
499000,0.109,0.022,0.869
499500,0.088,0.010,0.902
500000,0.086,0.003,0.911
500500,0.077,0.022,0.901
501000,0.071,0.007,0.922
501500,0.094,0.004,0.902
502000,0.092,0.010,0.897
502500,0.082,0.009,0.909
503000,0.072,0.019,0.909
503500,0.085,0.006,0.909
504000,0.062,0.007,0.930
504500,0.082,0.010,0.908
505000,0.086,0.002,0.913
505500,0.099,0.003,0.898
506000,0.075,0.005,0.919
506500,0.088,0.002,0.910
507000,0.096,0.007,0.897
507500,0.086,0.011,0.902
508000,0.079,0.006,0.915
508500,0.126,0.013,0.862
509000,0.107,0.003,0.890
509500,0.087,0.015,0.897
510000,0.113,0.003,0.884
510500,0.091,0.011,0.897
511000,0.085,0.003,0.912
511500,0.102,0.000,0.898
512000,0.088,0.014,0.897
512500,0.102,0.002,0.897
513000,0.083,0.002,0.915
513500,0.101,0.013,0.886
514000,0.103,0.004,0.893
514500,0.088,0.005,0.906
515000,0.077,0.003,0.921
515500,0.081,0.021,0.898
516000,0.081,0.006,0.913
516500,0.072,0.004,0.924
517000,0.058,0.018,0.924
517500,0.093,0.012,0.894
518000,0.085,0.001,0.914
518500,0.087,0.008,0.904
519000,0.089,0.005,0.905
519500,0.077,0.018,0.904
520000,0.070,0.025,0.906
520500,0.096,0.004,0.900
521000,0.071,0.008,0.921
521500,0.073,0.014,0.912
522000,0.092,0.011,0.897
522500,0.081,0.006,0.913
523000,0.077,0.001,0.923
523500,0.095,0.015,0.890
524000,0.097,0.002,0.901
524500,0.092,0.002,0.906
525000,0.088,0.000,0.912
525500,0.083,0.004,0.913
526000,0.083,0.004,0.913
526500,0.071,0.011,0.918
527000,0.086,0.010,0.904
527500,0.075,0.017,0.909
528000,0.084,0.018,0.898
528500,0.086,0.004,0.910
529000,0.073,0.000,0.926
529500,0.060,0.007,0.932
530000,0.079,0.013,0.908
530500,0.068,0.002,0.930
531000,0.089,0.005,0.906
531500,0.086,0.004,0.911
532000,0.098,0.002,0.901
532500,0.082,0.007,0.911
533000,0.099,0.002,0.899
533500,0.092,0.025,0.882
534000,0.066,0.019,0.915
534500,0.072,0.006,0.922
535000,0.069,0.001,0.930
535500,0.065,0.004,0.932
536000,0.085,0.013,0.903
536500,0.091,0.015,0.895
537000,0.085,0.009,0.906
537500,0.091,0.011,0.899
538000,0.089,0.005,0.905
538500,0.079,0.025,0.896
539000,0.080,0.008,0.912
539500,0.074,0.004,0.922
540000,0.077,0.007,0.915
540500,0.086,0.005,0.909
541000,0.067,0.021,0.912
541500,0.074,0.011,0.914
542000,0.083,0.011,0.907
542500,0.082,0.017,0.901
543000,0.107,0.007,0.886
543500,0.091,0.007,0.902
544000,0.071,0.005,0.924
544500,0.070,0.008,0.922
545000,0.077,0.009,0.913
545500,0.076,0.010,0.913
546000,0.075,0.008,0.916
546500,0.066,0.006,0.928
547000,0.065,0.011,0.925
547500,0.112,0.007,0.881
548000,0.085,0.007,0.908
548500,0.108,0.009,0.883
549000,0.078,0.010,0.912
549500,0.086,0.011,0.903
550000,0.069,0.009,0.922
550500,0.060,0.014,0.925
551000,0.089,0.002,0.909
551500,0.101,0.010,0.889
552000,0.083,0.004,0.913
552500,0.085,0.005,0.910
553000,0.082,0.015,0.903
553500,0.080,0.002,0.918
554000,0.083,0.026,0.891
554500,0.070,0.012,0.917
555000,0.084,0.009,0.907
555500,0.068,0.017,0.916
556000,0.079,0.003,0.919
556500,0.071,0.005,0.924
557000,0.102,0.001,0.897
557500,0.091,0.004,0.905
558000,0.079,0.007,0.914
558500,0.084,0.016,0.900
559000,0.094,0.011,0.895
559500,0.085,0.005,0.910
560000,0.082,0.008,0.910
560500,0.073,0.019,0.908
561000,0.079,0.022,0.899
561500,0.066,0.006,0.928
562000,0.076,0.005,0.918
562500,0.086,0.000,0.913
563000,0.087,0.017,0.896
563500,0.092,0.012,0.896
564000,0.098,0.003,0.900
564500,0.092,0.003,0.905
565000,0.111,0.001,0.889
565500,0.070,0.010,0.920
566000,0.068,0.013,0.919
566500,0.061,0.003,0.936
567000,0.081,0.011,0.908
567500,0.090,0.008,0.902
568000,0.088,0.019,0.892
568500,0.086,0.004,0.911
569000,0.105,0.002,0.894
569500,0.080,0.000,0.920
570000,0.069,0.003,0.929
570500,0.067,0.010,0.923
571000,0.099,0.002,0.899
571500,0.103,0.005,0.892
572000,0.061,0.021,0.917
572500,0.080,0.018,0.903
573000,0.093,0.004,0.903
573500,0.077,0.004,0.918
574000,0.084,0.002,0.915
574500,0.110,0.007,0.883
575000,0.109,0.015,0.877
575500,0.087,0.006,0.907
576000,0.077,0.002,0.921
576500,0.087,0.004,0.909
577000,0.094,0.000,0.906
577500,0.103,0.000,0.896
578000,0.084,0.015,0.901
578500,0.072,0.009,0.920
579000,0.067,0.015,0.918
579500,0.084,0.010,0.906
580000,0.077,0.008,0.915
580500,0.075,0.017,0.909
581000,0.068,0.032,0.900
581500,0.081,0.013,0.906
582000,0.076,0.001,0.923
582500,0.058,0.000,0.942
583000,0.091,0.011,0.897
583500,0.091,0.009,0.899
584000,0.093,0.000,0.906
584500,0.069,0.003,0.929
585000,0.062,0.014,0.923
585500,0.067,0.007,0.926
586000,0.072,0.006,0.921
586500,0.074,0.004,0.921
587000,0.092,0.013,0.896
587500,0.080,0.002,0.919
588000,0.080,0.012,0.908
588500,0.070,0.005,0.924
589000,0.073,0.004,0.923
589500,0.073,0.008,0.918
590000,0.068,0.009,0.923
590500,0.103,0.019,0.877
591000,0.085,0.008,0.907
591500,0.080,0.006,0.914
592000,0.087,0.004,0.909
592500,0.091,0.001,0.908
593000,0.092,0.009,0.899
593500,0.081,0.007,0.912
594000,0.092,0.001,0.907
594500,0.074,0.009,0.916
595000,0.072,0.008,0.920
595500,0.086,0.001,0.913
596000,0.072,0.022,0.905
596500,0.071,0.011,0.918
597000,0.069,0.005,0.926
597500,0.086,0.013,0.900
598000,0.098,0.009,0.893
598500,0.092,0.001,0.907
599000,0.087,0.012,0.901
599500,0.112,0.015,0.873
600000,0.084,0.020,0.896
600500,0.093,0.004,0.902
601000,0.085,0.015,0.900
601500,0.066,0.017,0.918
602000,0.083,0.023,0.894
602500,0.075,0.009,0.915
603000,0.079,0.004,0.917
603500,0.088,0.007,0.905
604000,0.079,0.015,0.906
604500,0.103,0.004,0.892
605000,0.088,0.005,0.906
605500,0.104,0.006,0.889
606000,0.070,0.007,0.922
606500,0.088,0.005,0.906
607000,0.095,0.001,0.905
607500,0.069,0.000,0.931
608000,0.079,0.000,0.921
608500,0.082,0.002,0.917
609000,0.070,0.020,0.910
609500,0.061,0.019,0.920
610000,0.072,0.006,0.922
610500,0.073,0.011,0.916
611000,0.099,0.011,0.891
611500,0.082,0.009,0.910
612000,0.077,0.009,0.915
612500,0.086,0.022,0.891
613000,0.081,0.010,0.909
613500,0.085,0.004,0.912
614000,0.086,0.003,0.911
614500,0.083,0.009,0.908
615000,0.086,0.011,0.902
615500,0.069,0.006,0.925
616000,0.069,0.011,0.920
616500,0.097,0.009,0.894
617000,0.081,0.003,0.917
617500,0.084,0.022,0.894
618000,0.072,0.002,0.927
618500,0.074,0.002,0.923
619000,0.065,0.023,0.912
619500,0.066,0.013,0.921
620000,0.074,0.016,0.909
620500,0.096,0.003,0.902
621000,0.095,0.015,0.890
621500,0.085,0.005,0.910
622000,0.100,0.001,0.900
622500,0.111,0.000,0.889
623000,0.085,0.000,0.915
623500,0.073,0.003,0.924
624000,0.082,0.003,0.916
624500,0.084,0.009,0.908
625000,0.082,0.002,0.916
625500,0.071,0.020,0.908
626000,0.067,0.004,0.929
626500,0.091,0.009,0.900
627000,0.093,0.005,0.902
627500,0.089,0.013,0.898
628000,0.118,0.002,0.879
628500,0.062,0.006,0.931
629000,0.086,0.013,0.902
629500,0.107,0.001,0.892
630000,0.092,0.003,0.906
630500,0.081,0.000,0.919
631000,0.074,0.000,0.925
631500,0.075,0.011,0.914
632000,0.081,0.007,0.912
632500,0.066,0.017,0.917
633000,0.087,0.002,0.911
633500,0.066,0.017,0.917
634000,0.073,0.005,0.921
634500,0.115,0.004,0.881
635000,0.079,0.009,0.912
635500,0.069,0.028,0.904
636000,0.081,0.018,0.902
636500,0.078,0.008,0.914
637000,0.088,0.011,0.901
637500,0.066,0.021,0.913
638000,0.065,0.013,0.922
638500,0.087,0.001,0.911
639000,0.093,0.000,0.907
639500,0.097,0.004,0.899
640000,0.079,0.001,0.921
640500,0.090,0.009,0.902
641000,0.080,0.008,0.912
641500,0.077,0.001,0.922
642000,0.091,0.006,0.902
642500,0.080,0.007,0.913
643000,0.082,0.011,0.907
643500,0.076,0.008,0.916
644000,0.095,0.001,0.905
644500,0.070,0.001,0.928
645000,0.104,0.005,0.891
645500,0.094,0.007,0.899
646000,0.101,0.011,0.888
646500,0.066,0.018,0.916
647000,0.086,0.010,0.903
647500,0.073,0.005,0.921
648000,0.061,0.004,0.934
648500,0.081,0.001,0.918
649000,0.066,0.015,0.919
649500,0.073,0.011,0.916
650000,0.076,0.007,0.916
650500,0.090,0.015,0.895
651000,0.078,0.018,0.904
651500,0.109,0.009,0.882
652000,0.064,0.011,0.925
652500,0.054,0.011,0.935
653000,0.063,0.029,0.908
653500,0.095,0.007,0.898
654000,0.088,0.011,0.902
654500,0.070,0.005,0.924
655000,0.073,0.003,0.925
655500,0.137,0.006,0.857
656000,0.088,0.009,0.904
656500,0.079,0.009,0.912
657000,0.098,0.002,0.900
657500,0.068,0.011,0.921
658000,0.101,0.003,0.897
658500,0.090,0.001,0.910
659000,0.083,0.000,0.917
659500,0.098,0.000,0.902
660000,0.079,0.007,0.914
660500,0.089,0.015,0.896
661000,0.074,0.018,0.908
661500,0.093,0.003,0.904
662000,0.080,0.009,0.911
662500,0.070,0.024,0.907
663000,0.087,0.011,0.902
663500,0.071,0.009,0.919
664000,0.072,0.003,0.924
664500,0.090,0.004,0.907
665000,0.079,0.009,0.912
665500,0.083,0.012,0.905
666000,0.091,0.009,0.900
666500,0.093,0.004,0.903
667000,0.079,0.006,0.915
667500,0.079,0.009,0.912
668000,0.074,0.007,0.919
668500,0.062,0.005,0.932
669000,0.090,0.004,0.905
669500,0.096,0.001,0.904
670000,0.103,0.003,0.894
670500,0.085,0.006,0.909
671000,0.092,0.003,0.905
671500,0.099,0.011,0.890
672000,0.090,0.009,0.901
672500,0.085,0.002,0.913
673000,0.069,0.011,0.921
673500,0.073,0.016,0.911
674000,0.074,0.021,0.905
674500,0.064,0.010,0.926
675000,0.085,0.009,0.907
675500,0.074,0.021,0.905
676000,0.067,0.005,0.928
676500,0.091,0.010,0.899
677000,0.089,0.005,0.906
677500,0.091,0.002,0.908
678000,0.068,0.004,0.929
678500,0.071,0.007,0.922
679000,0.081,0.017,0.903
679500,0.070,0.017,0.913
680000,0.067,0.017,0.916
680500,0.066,0.005,0.929
681000,0.122,0.004,0.874
681500,0.106,0.013,0.881
682000,0.079,0.005,0.916
682500,0.086,0.011,0.902
683000,0.072,0.004,0.924
683500,0.083,0.009,0.908
684000,0.085,0.005,0.910
684500,0.073,0.017,0.911
685000,0.074,0.013,0.912
685500,0.074,0.014,0.912
686000,0.077,0.022,0.901
686500,0.096,0.003,0.901
687000,0.069,0.001,0.931
687500,0.053,0.004,0.943
688000,0.070,0.015,0.914
688500,0.089,0.007,0.903
689000,0.073,0.004,0.923
689500,0.085,0.003,0.913
690000,0.076,0.011,0.913
690500,0.095,0.009,0.896
691000,0.081,0.013,0.907
691500,0.101,0.003,0.896
692000,0.096,0.015,0.889
692500,0.091,0.009,0.900
693000,0.088,0.009,0.903
693500,0.078,0.006,0.916
694000,0.062,0.011,0.926
694500,0.079,0.007,0.914
695000,0.081,0.002,0.918
695500,0.092,0.011,0.896
696000,0.084,0.003,0.914
696500,0.099,0.013,0.889
697000,0.073,0.005,0.921
697500,0.086,0.007,0.907
698000,0.086,0.004,0.909
698500,0.091,0.006,0.902
699000,0.089,0.005,0.905
699500,0.089,0.001,0.911
700000,0.077,0.022,0.900
700500,0.093,0.019,0.888
701000,0.074,0.028,0.899
701500,0.058,0.031,0.911
702000,0.053,0.046,0.900
702500,0.072,0.024,0.904
703000,0.087,0.006,0.906
703500,0.101,0.003,0.896
704000,0.075,0.004,0.921
704500,0.071,0.004,0.925
705000,0.120,0.001,0.880
705500,0.089,0.013,0.898
706000,0.086,0.009,0.905
706500,0.086,0.012,0.902
707000,0.075,0.009,0.916
707500,0.070,0.011,0.919
708000,0.061,0.015,0.923
708500,0.076,0.005,0.918
709000,0.070,0.006,0.923
709500,0.083,0.028,0.889
710000,0.083,0.004,0.913
710500,0.092,0.011,0.897
711000,0.079,0.002,0.920
711500,0.078,0.018,0.904
712000,0.068,0.003,0.930
712500,0.096,0.013,0.891
713000,0.071,0.023,0.905
713500,0.111,0.004,0.885
714000,0.068,0.001,0.931
714500,0.091,0.009,0.900
715000,0.107,0.002,0.890
715500,0.089,0.000,0.910
716000,0.090,0.008,0.902
716500,0.075,0.007,0.918
717000,0.079,0.005,0.916
717500,0.070,0.019,0.910
718000,0.086,0.003,0.912
718500,0.081,0.003,0.916
719000,0.085,0.021,0.894
719500,0.097,0.006,0.897
720000,0.062,0.009,0.929
720500,0.085,0.006,0.909
721000,0.092,0.015,0.893
721500,0.083,0.007,0.910
722000,0.080,0.021,0.899
722500,0.080,0.019,0.901
723000,0.070,0.009,0.921
723500,0.076,0.006,0.917
724000,0.064,0.009,0.927
724500,0.102,0.004,0.894
725000,0.075,0.004,0.922
725500,0.089,0.003,0.907
726000,0.070,0.004,0.925
726500,0.086,0.002,0.911
727000,0.112,0.002,0.887
727500,0.091,0.002,0.908
728000,0.094,0.011,0.895
728500,0.095,0.011,0.894
729000,0.076,0.001,0.922
729500,0.075,0.005,0.920
730000,0.077,0.009,0.914
730500,0.079,0.004,0.917
731000,0.096,0.007,0.897
731500,0.081,0.012,0.907
732000,0.095,0.015,0.890
732500,0.090,0.013,0.896
733000,0.069,0.019,0.912
733500,0.072,0.004,0.923
734000,0.080,0.018,0.902
734500,0.080,0.013,0.908
735000,0.095,0.013,0.893
735500,0.075,0.006,0.919
736000,0.110,0.002,0.889
736500,0.093,0.001,0.906
737000,0.114,0.000,0.886
737500,0.082,0.000,0.918
738000,0.062,0.020,0.918
738500,0.070,0.004,0.926
739000,0.116,0.006,0.878
739500,0.065,0.010,0.925
740000,0.088,0.006,0.905
740500,0.081,0.012,0.907
741000,0.096,0.014,0.890
741500,0.070,0.018,0.911
742000,0.076,0.005,0.919
742500,0.107,0.002,0.892
743000,0.075,0.002,0.923
743500,0.078,0.004,0.919
744000,0.083,0.001,0.916
744500,0.090,0.015,0.895
745000,0.070,0.002,0.929
745500,0.064,0.004,0.931
746000,0.075,0.004,0.921
746500,0.100,0.001,0.899
747000,0.091,0.000,0.908
747500,0.108,0.005,0.887
748000,0.086,0.011,0.903
748500,0.098,0.003,0.899
749000,0.090,0.007,0.902
749500,0.088,0.001,0.911
750000,0.081,0.008,0.911
750500,0.098,0.013,0.889
751000,0.110,0.011,0.880
751500,0.091,0.001,0.909
752000,0.086,0.016,0.898
752500,0.069,0.007,0.924
753000,0.094,0.002,0.905
753500,0.097,0.012,0.891
754000,0.096,0.004,0.900
754500,0.085,0.007,0.908
755000,0.068,0.018,0.914
755500,0.068,0.009,0.923
756000,0.071,0.033,0.895
756500,0.078,0.012,0.910
757000,0.096,0.004,0.900
757500,0.089,0.000,0.911
758000,0.093,0.006,0.901
758500,0.065,0.013,0.922
759000,0.074,0.008,0.917
759500,0.083,0.009,0.909
760000,0.084,0.021,0.895
760500,0.075,0.011,0.914
761000,0.073,0.005,0.922
761500,0.076,0.005,0.918
762000,0.080,0.003,0.917
762500,0.084,0.004,0.913
763000,0.101,0.000,0.899
763500,0.088,0.005,0.907
764000,0.079,0.002,0.919
764500,0.065,0.003,0.932
765000,0.071,0.016,0.912
765500,0.110,0.009,0.881
766000,0.088,0.002,0.909
766500,0.077,0.009,0.915
767000,0.083,0.007,0.910
767500,0.093,0.004,0.902
768000,0.089,0.006,0.904
768500,0.083,0.012,0.905
769000,0.083,0.018,0.900
769500,0.058,0.018,0.924
770000,0.071,0.009,0.920
770500,0.073,0.010,0.916
771000,0.091,0.011,0.899
771500,0.094,0.005,0.901
772000,0.095,0.003,0.903
772500,0.090,0.008,0.902
773000,0.081,0.025,0.895
773500,0.083,0.018,0.899
774000,0.077,0.011,0.912
774500,0.073,0.018,0.909
775000,0.084,0.002,0.914
775500,0.085,0.003,0.913
776000,0.082,0.003,0.916
776500,0.079,0.002,0.919
777000,0.085,0.001,0.914
777500,0.061,0.009,0.931
778000,0.094,0.011,0.896
778500,0.082,0.028,0.891
779000,0.084,0.033,0.884
779500,0.090,0.015,0.894
780000,0.096,0.005,0.899
780500,0.080,0.009,0.911
781000,0.084,0.022,0.894
781500,0.071,0.011,0.919
782000,0.072,0.006,0.921
782500,0.079,0.003,0.918
783000,0.087,0.015,0.898
783500,0.099,0.004,0.897
784000,0.074,0.013,0.913
784500,0.070,0.018,0.913
785000,0.066,0.011,0.922
785500,0.073,0.005,0.921
786000,0.070,0.003,0.927
786500,0.073,0.003,0.924
787000,0.074,0.025,0.900
787500,0.091,0.015,0.893
788000,0.096,0.008,0.896
788500,0.075,0.010,0.915
789000,0.079,0.014,0.907
789500,0.076,0.002,0.923
790000,0.112,0.000,0.888
790500,0.075,0.015,0.910
791000,0.088,0.006,0.906
791500,0.089,0.004,0.907
792000,0.068,0.013,0.919
792500,0.086,0.008,0.905
793000,0.100,0.002,0.898
793500,0.118,0.009,0.874
794000,0.085,0.004,0.911
794500,0.078,0.009,0.914
795000,0.078,0.004,0.919
795500,0.072,0.009,0.918
796000,0.079,0.001,0.920
796500,0.101,0.005,0.894
797000,0.082,0.006,0.912
797500,0.069,0.006,0.925
798000,0.082,0.009,0.909
798500,0.068,0.017,0.915
799000,0.077,0.006,0.916
799500,0.088,0.003,0.908
800000,0.082,0.005,0.913
800500,0.068,0.008,0.924
801000,0.085,0.002,0.913
801500,0.102,0.007,0.890
802000,0.089,0.004,0.906
802500,0.081,0.013,0.906
803000,0.087,0.007,0.905
803500,0.096,0.011,0.893
804000,0.087,0.006,0.907
804500,0.096,0.009,0.895
805000,0.075,0.004,0.921
805500,0.106,0.003,0.891
806000,0.106,0.006,0.887
806500,0.075,0.007,0.918
807000,0.083,0.009,0.908
807500,0.089,0.009,0.902
808000,0.076,0.002,0.922
808500,0.068,0.011,0.921
809000,0.077,0.011,0.911
809500,0.085,0.017,0.899
810000,0.069,0.009,0.923
810500,0.059,0.002,0.940
811000,0.093,0.015,0.892
811500,0.099,0.012,0.889
812000,0.087,0.001,0.911
812500,0.086,0.006,0.908
813000,0.067,0.002,0.931
813500,0.072,0.018,0.909
814000,0.071,0.011,0.917
814500,0.077,0.021,0.901
815000,0.082,0.005,0.913
815500,0.070,0.025,0.905
816000,0.114,0.011,0.875
816500,0.082,0.001,0.917
817000,0.072,0.006,0.922
817500,0.084,0.001,0.916
818000,0.080,0.005,0.915
818500,0.090,0.007,0.903
819000,0.076,0.004,0.920
819500,0.101,0.013,0.887
820000,0.075,0.013,0.912
820500,0.059,0.005,0.935
821000,0.066,0.001,0.933
821500,0.083,0.000,0.917
822000,0.090,0.011,0.898
822500,0.084,0.004,0.912
823000,0.073,0.007,0.919
823500,0.076,0.002,0.923
824000,0.076,0.011,0.913
824500,0.095,0.011,0.894
825000,0.100,0.004,0.896
825500,0.072,0.018,0.910
826000,0.081,0.015,0.904
826500,0.092,0.002,0.906
827000,0.090,0.000,0.910
827500,0.097,0.007,0.896
828000,0.069,0.006,0.925
828500,0.072,0.018,0.909
829000,0.099,0.001,0.900
829500,0.113,0.007,0.880
830000,0.121,0.012,0.867
830500,0.084,0.014,0.902
831000,0.089,0.008,0.902
831500,0.067,0.009,0.925
832000,0.075,0.013,0.911
832500,0.074,0.005,0.920
833000,0.099,0.005,0.896
833500,0.097,0.007,0.896
834000,0.083,0.002,0.916
834500,0.106,0.000,0.894
835000,0.105,0.000,0.894
835500,0.115,0.007,0.878
836000,0.094,0.012,0.894
836500,0.081,0.000,0.919
837000,0.084,0.001,0.915
837500,0.087,0.011,0.901
838000,0.088,0.008,0.904
838500,0.077,0.000,0.922
839000,0.073,0.009,0.918
839500,0.083,0.013,0.904
840000,0.086,0.009,0.905
840500,0.080,0.013,0.907
841000,0.084,0.009,0.908
841500,0.077,0.009,0.915
842000,0.070,0.003,0.927
842500,0.083,0.005,0.912
843000,0.086,0.001,0.913
843500,0.084,0.009,0.907
844000,0.075,0.001,0.924
844500,0.096,0.009,0.895
845000,0.092,0.001,0.906
845500,0.084,0.000,0.916
846000,0.111,0.008,0.881
846500,0.077,0.013,0.910
847000,0.072,0.003,0.924
847500,0.086,0.008,0.906
848000,0.092,0.005,0.902
848500,0.086,0.011,0.903
849000,0.080,0.017,0.903
849500,0.086,0.004,0.910
850000,0.093,0.004,0.903
850500,0.102,0.001,0.898
851000,0.071,0.004,0.924
851500,0.077,0.013,0.910
852000,0.056,0.016,0.928
852500,0.084,0.007,0.909
853000,0.105,0.007,0.887
853500,0.099,0.003,0.898
854000,0.085,0.003,0.912
854500,0.081,0.006,0.913
855000,0.080,0.005,0.915
855500,0.075,0.009,0.917
856000,0.087,0.007,0.906
856500,0.073,0.007,0.920
857000,0.070,0.011,0.918
857500,0.075,0.005,0.919
858000,0.076,0.008,0.916
858500,0.096,0.006,0.898
859000,0.084,0.004,0.912
859500,0.070,0.009,0.921
860000,0.088,0.013,0.899
860500,0.101,0.016,0.883
861000,0.081,0.011,0.908
861500,0.101,0.004,0.895
862000,0.102,0.013,0.886
862500,0.073,0.002,0.924
863000,0.069,0.010,0.921
863500,0.074,0.003,0.923
864000,0.079,0.006,0.915
864500,0.083,0.004,0.913
865000,0.073,0.011,0.916
865500,0.059,0.008,0.933
866000,0.059,0.007,0.934
866500,0.091,0.009,0.901
867000,0.082,0.015,0.903
867500,0.104,0.008,0.888
868000,0.127,0.001,0.872
868500,0.091,0.000,0.908
869000,0.118,0.007,0.874
869500,0.087,0.011,0.902
870000,0.072,0.003,0.926
870500,0.090,0.007,0.903
871000,0.093,0.001,0.906
871500,0.110,0.002,0.888
872000,0.096,0.006,0.898
872500,0.079,0.000,0.921
873000,0.072,0.018,0.911
873500,0.082,0.007,0.911
874000,0.122,0.007,0.870
874500,0.108,0.010,0.882
875000,0.073,0.001,0.927
875500,0.081,0.009,0.911
876000,0.088,0.002,0.909
876500,0.088,0.020,0.892
877000,0.077,0.009,0.914
877500,0.078,0.003,0.919
878000,0.085,0.001,0.915
878500,0.083,0.004,0.913
879000,0.102,0.003,0.894
879500,0.073,0.000,0.927
880000,0.079,0.006,0.915
880500,0.074,0.008,0.918
881000,0.080,0.015,0.905
881500,0.069,0.003,0.928
882000,0.079,0.006,0.915
882500,0.098,0.003,0.899
883000,0.090,0.013,0.897
883500,0.090,0.013,0.897
884000,0.075,0.013,0.911
884500,0.067,0.001,0.933
885000,0.082,0.004,0.914
885500,0.075,0.011,0.913
886000,0.060,0.013,0.926
886500,0.069,0.007,0.924
887000,0.095,0.009,0.897
887500,0.111,0.002,0.888
888000,0.106,0.000,0.893
888500,0.088,0.000,0.912
889000,0.104,0.004,0.891
889500,0.071,0.005,0.923
890000,0.087,0.011,0.902
890500,0.070,0.011,0.918
891000,0.088,0.020,0.891
891500,0.076,0.004,0.920
892000,0.084,0.026,0.890
892500,0.075,0.008,0.917
893000,0.100,0.004,0.896
893500,0.104,0.017,0.879
894000,0.096,0.003,0.902
894500,0.087,0.001,0.912
895000,0.093,0.001,0.906
895500,0.090,0.000,0.910
896000,0.086,0.005,0.908
896500,0.060,0.014,0.926
897000,0.070,0.005,0.925
897500,0.090,0.011,0.899
898000,0.069,0.004,0.928
898500,0.092,0.001,0.907
899000,0.082,0.006,0.912
899500,0.074,0.003,0.922
900000,0.092,0.002,0.907
900500,0.079,0.011,0.910
901000,0.079,0.001,0.920
901500,0.076,0.004,0.920
902000,0.075,0.015,0.910
902500,0.091,0.013,0.897
903000,0.066,0.009,0.925
903500,0.075,0.013,0.912
904000,0.079,0.000,0.921
904500,0.095,0.009,0.897
905000,0.075,0.015,0.910
905500,0.075,0.003,0.922
906000,0.090,0.000,0.909
906500,0.077,0.005,0.917
907000,0.109,0.006,0.885
907500,0.101,0.002,0.898
908000,0.094,0.000,0.906
908500,0.114,0.009,0.878
909000,0.079,0.021,0.901
909500,0.106,0.004,0.890
910000,0.095,0.002,0.903
910500,0.083,0.015,0.902
911000,0.104,0.003,0.893
911500,0.098,0.007,0.895
912000,0.087,0.002,0.912
912500,0.087,0.017,0.895
913000,0.073,0.008,0.919
913500,0.095,0.001,0.904
914000,0.097,0.001,0.902
914500,0.083,0.001,0.917
915000,0.077,0.004,0.919
915500,0.074,0.009,0.917
916000,0.089,0.008,0.902
916500,0.065,0.009,0.926
917000,0.070,0.013,0.916
917500,0.072,0.001,0.926
918000,0.098,0.007,0.895
918500,0.095,0.001,0.904
919000,0.063,0.009,0.928
919500,0.070,0.013,0.916
920000,0.070,0.024,0.906
920500,0.070,0.010,0.919
921000,0.102,0.007,0.891
921500,0.108,0.003,0.889
922000,0.099,0.007,0.894
922500,0.096,0.003,0.901
923000,0.072,0.009,0.919
923500,0.086,0.006,0.907
924000,0.096,0.002,0.903
924500,0.089,0.001,0.910
925000,0.082,0.002,0.917
925500,0.079,0.006,0.915
926000,0.096,0.008,0.896
926500,0.091,0.011,0.898
927000,0.086,0.001,0.914
927500,0.090,0.011,0.900
928000,0.071,0.004,0.924
928500,0.076,0.010,0.914
929000,0.091,0.013,0.896
929500,0.067,0.001,0.933
930000,0.102,0.002,0.897
930500,0.084,0.010,0.906
931000,0.081,0.002,0.918
931500,0.092,0.002,0.906
932000,0.086,0.004,0.909
932500,0.090,0.012,0.897
933000,0.108,0.002,0.890
933500,0.096,0.006,0.898
934000,0.105,0.011,0.884
934500,0.081,0.009,0.910
935000,0.082,0.004,0.914
935500,0.080,0.017,0.903
936000,0.083,0.010,0.907
936500,0.073,0.007,0.919
937000,0.082,0.009,0.910
937500,0.107,0.003,0.891
938000,0.103,0.001,0.896
938500,0.083,0.007,0.910
939000,0.085,0.028,0.888
939500,0.079,0.007,0.914
940000,0.077,0.002,0.920
940500,0.086,0.011,0.904
941000,0.082,0.009,0.909
941500,0.074,0.009,0.917
942000,0.097,0.009,0.895
942500,0.080,0.005,0.915
943000,0.141,0.001,0.858
943500,0.111,0.006,0.883
944000,0.079,0.002,0.919
944500,0.097,0.002,0.902
945000,0.082,0.011,0.907
945500,0.086,0.000,0.914
946000,0.101,0.002,0.898
946500,0.086,0.004,0.910
947000,0.059,0.015,0.925
947500,0.071,0.011,0.917
948000,0.079,0.010,0.911
948500,0.117,0.004,0.879
949000,0.076,0.005,0.919
949500,0.075,0.004,0.920
950000,0.082,0.001,0.918
950500,0.065,0.003,0.933
951000,0.090,0.012,0.898
951500,0.098,0.013,0.889
952000,0.070,0.019,0.910
952500,0.060,0.005,0.934
953000,0.096,0.001,0.904
953500,0.108,0.007,0.884
954000,0.071,0.009,0.919
954500,0.089,0.005,0.906
955000,0.075,0.013,0.912
955500,0.079,0.009,0.913
956000,0.089,0.009,0.901
956500,0.075,0.004,0.922
957000,0.070,0.001,0.929
957500,0.072,0.006,0.922
958000,0.082,0.019,0.899
958500,0.088,0.010,0.902
959000,0.067,0.004,0.929
959500,0.066,0.002,0.932
960000,0.075,0.006,0.918
960500,0.071,0.001,0.929
961000,0.096,0.001,0.903
961500,0.096,0.018,0.886
962000,0.091,0.003,0.905
962500,0.072,0.004,0.923
963000,0.086,0.015,0.899
963500,0.074,0.007,0.918
964000,0.067,0.001,0.932
964500,0.077,0.009,0.915
965000,0.081,0.002,0.917
965500,0.109,0.001,0.890
966000,0.070,0.007,0.922
966500,0.074,0.007,0.918
967000,0.096,0.009,0.895
967500,0.101,0.007,0.892
968000,0.102,0.005,0.893
968500,0.074,0.005,0.921
969000,0.091,0.015,0.894
969500,0.106,0.005,0.888
970000,0.100,0.004,0.897
970500,0.065,0.000,0.935
971000,0.070,0.011,0.919
971500,0.084,0.012,0.904
972000,0.084,0.004,0.912
972500,0.077,0.008,0.915
973000,0.086,0.005,0.909
973500,0.072,0.022,0.905
974000,0.088,0.019,0.892
974500,0.071,0.005,0.924
975000,0.075,0.009,0.915
975500,0.082,0.002,0.916
976000,0.073,0.009,0.917
976500,0.070,0.011,0.919
977000,0.078,0.020,0.902
977500,0.087,0.011,0.902
978000,0.080,0.012,0.908
978500,0.061,0.024,0.914
979000,0.086,0.004,0.909
979500,0.095,0.001,0.905
980000,0.085,0.004,0.911
980500,0.071,0.011,0.919
981000,0.099,0.025,0.876
981500,0.084,0.017,0.900
982000,0.080,0.019,0.901
982500,0.074,0.011,0.915
983000,0.092,0.002,0.906
983500,0.091,0.001,0.908
984000,0.104,0.005,0.890
984500,0.087,0.021,0.892
985000,0.071,0.015,0.914
985500,0.074,0.004,0.923
986000,0.084,0.002,0.915
986500,0.119,0.006,0.875
987000,0.074,0.003,0.923
987500,0.085,0.005,0.910
988000,0.077,0.005,0.918
988500,0.071,0.012,0.916
989000,0.071,0.006,0.922
989500,0.090,0.012,0.897
990000,0.093,0.000,0.906
990500,0.097,0.000,0.903
991000,0.086,0.001,0.913
991500,0.106,0.000,0.894
992000,0.074,0.017,0.909
992500,0.087,0.006,0.906
993000,0.095,0.008,0.897
993500,0.071,0.005,0.924
994000,0.091,0.007,0.902
994500,0.089,0.007,0.903
995000,0.095,0.005,0.900
995500,0.088,0.000,0.911
996000,0.086,0.002,0.912
996500,0.117,0.008,0.875
997000,0.085,0.003,0.912
997500,0.073,0.002,0.925
998000,0.098,0.011,0.891
998500,0.076,0.006,0.917
999000,0.084,0.008,0.908
999500,0.091,0.017,0.892
1000000,0.081,0.002,0.918
