time,n_A+p,n_B,n_AB
500,0.058,0.001,0.941
1000,0.088,0.000,0.912
1500,0.070,0.001,0.929
2000,0.040,0.000,0.960
2500,0.037,0.000,0.963
3000,0.047,0.001,0.952
3500,0.093,0.000,0.907
4000,0.034,0.000,0.966
4500,0.147,0.000,0.853
5000,0.035,0.026,0.939
5500,0.034,0.001,0.965
6000,0.060,0.000,0.940
6500,0.069,0.000,0.931
7000,0.063,0.000,0.937
7500,0.084,0.000,0.916
8000,0.040,0.000,0.960
8500,0.033,0.000,0.967
9000,0.103,0.018,0.879
9500,0.119,0.000,0.881
10000,0.052,0.030,0.918
10500,0.044,0.000,0.956
11000,0.096,0.005,0.899
11500,0.055,0.000,0.945
12000,0.035,0.036,0.929
12500,0.045,0.000,0.955
13000,0.043,0.002,0.955
13500,0.051,0.000,0.949
14000,0.094,0.000,0.906
14500,0.159,0.000,0.841
15000,0.077,0.000,0.923
15500,0.030,0.000,0.970
16000,0.054,0.000,0.946
16500,0.032,0.035,0.933
17000,0.041,0.000,0.959
17500,0.055,0.000,0.945
18000,0.111,0.000,0.889
18500,0.063,0.000,0.937
19000,0.048,0.000,0.952
19500,0.052,0.000,0.948
20000,0.062,0.034,0.904
20500,0.081,0.003,0.916
21000,0.032,0.033,0.935
21500,0.084,0.003,0.913
22000,0.061,0.000,0.939
22500,0.102,0.000,0.898
23000,0.045,0.000,0.955
23500,0.031,0.033,0.936
24000,0.082,0.000,0.918
24500,0.054,0.000,0.946
25000,0.035,0.000,0.965
25500,0.035,0.017,0.948
26000,0.059,0.003,0.938
26500,0.098,0.000,0.902
27000,0.038,0.000,0.962
27500,0.088,0.000,0.912
28000,0.062,0.001,0.937
28500,0.092,0.000,0.908
29000,0.052,0.003,0.945
29500,0.108,0.000,0.892
30000,0.063,0.000,0.937
30500,0.074,0.000,0.926
31000,0.030,0.040,0.930
31500,0.050,0.000,0.950
32000,0.080,0.000,0.920
32500,0.043,0.001,0.956
33000,0.121,0.000,0.879
33500,0.034,0.005,0.961
34000,0.094,0.000,0.906
34500,0.035,0.003,0.962
35000,0.045,0.000,0.955
35500,0.095,0.000,0.905
36000,0.061,0.003,0.936
36500,0.075,0.000,0.925
37000,0.060,0.004,0.936
37500,0.030,0.007,0.963
38000,0.048,0.000,0.952
38500,0.072,0.001,0.927
39000,0.089,0.011,0.900
39500,0.085,0.000,0.915
40000,0.085,0.002,0.913
40500,0.074,0.002,0.924
41000,0.081,0.000,0.919
41500,0.094,0.003,0.903
42000,0.094,0.000,0.906
42500,0.043,0.018,0.939
43000,0.040,0.000,0.960
43500,0.050,0.035,0.915
44000,0.079,0.000,0.921
44500,0.083,0.001,0.916
45000,0.042,0.000,0.958
45500,0.040,0.000,0.960
46000,0.077,0.005,0.918
46500,0.056,0.000,0.944
47000,0.090,0.006,0.904
47500,0.060,0.000,0.940
48000,0.144,0.000,0.856
48500,0.086,0.000,0.914
49000,0.073,0.000,0.927
49500,0.075,0.009,0.916
50000,0.034,0.009,0.957
50500,0.086,0.000,0.914
51000,0.047,0.000,0.953
51500,0.038,0.028,0.934
52000,0.075,0.000,0.925
52500,0.099,0.000,0.901
53000,0.054,0.000,0.946
53500,0.055,0.000,0.945
54000,0.034,0.005,0.961
54500,0.065,0.000,0.935
55000,0.041,0.008,0.951
55500,0.041,0.002,0.957
56000,0.059,0.000,0.941
56500,0.041,0.000,0.959
57000,0.059,0.000,0.941
57500,0.032,0.002,0.966
58000,0.057,0.000,0.943
58500,0.061,0.000,0.939
59000,0.032,0.007,0.961
59500,0.057,0.000,0.943
60000,0.064,0.004,0.932
60500,0.062,0.009,0.929
61000,0.093,0.000,0.907
61500,0.070,0.002,0.928
62000,0.030,0.002,0.968
62500,0.081,0.000,0.919
63000,0.065,0.000,0.935
63500,0.045,0.000,0.955
64000,0.066,0.000,0.934
64500,0.078,0.000,0.922
65000,0.073,0.004,0.923
65500,0.034,0.000,0.966
66000,0.078,0.000,0.922
66500,0.044,0.001,0.955
67000,0.056,0.028,0.916
67500,0.055,0.000,0.945
68000,0.062,0.024,0.914
68500,0.082,0.000,0.918
69000,0.105,0.000,0.895
69500,0.087,0.000,0.913
70000,0.066,0.016,0.918
70500,0.030,0.009,0.961
71000,0.062,0.000,0.938
71500,0.080,0.000,0.920
72000,0.062,0.001,0.937
72500,0.092,0.000,0.908
73000,0.077,0.000,0.923
73500,0.093,0.000,0.907
74000,0.080,0.000,0.920
74500,0.030,0.000,0.970
75000,0.060,0.000,0.940
75500,0.052,0.000,0.948
76000,0.043,0.018,0.939
76500,0.046,0.000,0.954
77000,0.078,0.000,0.922
77500,0.078,0.000,0.922
78000,0.037,0.000,0.963
78500,0.078,0.000,0.922
79000,0.034,0.012,0.954
79500,0.035,0.000,0.965
80000,0.048,0.000,0.952
80500,0.041,0.000,0.959
81000,0.037,0.018,0.945
81500,0.157,0.000,0.843
82000,0.060,0.000,0.940
82500,0.044,0.000,0.956
83000,0.030,0.000,0.970
83500,0.098,0.000,0.902
84000,0.041,0.000,0.959
84500,0.035,0.010,0.955
85000,0.096,0.000,0.904
85500,0.047,0.000,0.953
86000,0.085,0.000,0.915
86500,0.108,0.026,0.866
87000,0.077,0.000,0.923
87500,0.073,0.000,0.927
88000,0.074,0.000,0.926
88500,0.097,0.000,0.903
89000,0.050,0.010,0.940
89500,0.077,0.000,0.923
90000,0.090,0.000,0.910
90500,0.079,0.000,0.921
91000,0.061,0.000,0.939
91500,0.080,0.000,0.920
92000,0.050,0.000,0.950
92500,0.048,0.003,0.949
93000,0.034,0.000,0.966
93500,0.070,0.000,0.930
94000,0.072,0.009,0.919
94500,0.042,0.018,0.940
95000,0.038,0.008,0.954
95500,0.031,0.042,0.927
96000,0.065,0.000,0.935
96500,0.055,0.000,0.945
97000,0.044,0.007,0.949
97500,0.052,0.028,0.920
98000,0.071,0.000,0.929
98500,0.047,0.025,0.928
99000,0.075,0.000,0.925
99500,0.086,0.000,0.914
100000,0.079,0.001,0.920
100500,0.059,0.000,0.941
101000,0.081,0.000,0.919
101500,0.051,0.001,0.948
102000,0.043,0.000,0.957
102500,0.097,0.000,0.903
103000,0.070,0.000,0.930
103500,0.095,0.005,0.900
104000,0.088,0.000,0.912
104500,0.084,0.000,0.916
105000,0.058,0.000,0.942
105500,0.099,0.000,0.901
106000,0.063,0.007,0.930
106500,0.065,0.000,0.935
107000,0.034,0.003,0.963
107500,0.040,0.001,0.959
108000,0.033,0.009,0.958
108500,0.049,0.000,0.951
109000,0.062,0.000,0.938
109500,0.083,0.000,0.917
110000,0.049,0.002,0.949
110500,0.061,0.000,0.939
111000,0.036,0.000,0.964
111500,0.099,0.006,0.895
112000,0.053,0.000,0.947
112500,0.094,0.000,0.906
113000,0.084,0.000,0.916
113500,0.044,0.027,0.929
114000,0.051,0.000,0.949
114500,0.079,0.000,0.921
115000,0.072,0.000,0.928
115500,0.070,0.000,0.930
116000,0.091,0.010,0.899
116500,0.096,0.000,0.904
117000,0.031,0.005,0.964
117500,0.051,0.000,0.949
118000,0.086,0.006,0.908
118500,0.030,0.031,0.939
119000,0.053,0.001,0.946
119500,0.088,0.000,0.912
120000,0.070,0.000,0.930
120500,0.082,0.000,0.918
121000,0.088,0.000,0.912
121500,0.053,0.003,0.944
122000,0.031,0.000,0.969
122500,0.036,0.000,0.964
123000,0.052,0.000,0.948
123500,0.038,0.000,0.962
124000,0.083,0.001,0.916
124500,0.050,0.000,0.950
125000,0.074,0.000,0.926
125500,0.039,0.005,0.956
126000,0.033,0.000,0.967
126500,0.049,0.000,0.951
127000,0.030,0.009,0.961
127500,0.051,0.003,0.946
128000,0.038,0.000,0.962
128500,0.031,0.018,0.951
129000,0.048,0.000,0.952
129500,0.067,0.000,0.933
130000,0.031,0.000,0.969
130500,0.091,0.000,0.909
131000,0.053,0.000,0.947
131500,0.085,0.000,0.915
132000,0.057,0.025,0.918
132500,0.071,0.000,0.929
133000,0.060,0.000,0.940
133500,0.052,0.064,0.884
134000,0.076,0.002,0.922
134500,0.046,0.000,0.954
135000,0.099,0.000,0.901
135500,0.044,0.000,0.956
136000,0.053,0.000,0.947
136500,0.133,0.001,0.866
137000,0.075,0.000,0.925
137500,0.078,0.000,0.922
138000,0.120,0.000,0.880
138500,0.059,0.000,0.941
139000,0.049,0.001,0.950
139500,0.034,0.000,0.966
140000,0.030,0.019,0.951
140500,0.054,0.001,0.945
141000,0.067,0.026,0.907
141500,0.102,0.000,0.898
142000,0.072,0.000,0.928
142500,0.097,0.000,0.903
143000,0.034,0.000,0.966
143500,0.063,0.000,0.937
144000,0.120,0.000,0.880
144500,0.035,0.000,0.965
145000,0.053,0.000,0.947
145500,0.070,0.000,0.930
146000,0.056,0.000,0.944
146500,0.049,0.006,0.945
147000,0.040,0.004,0.956
147500,0.035,0.000,0.965
148000,0.054,0.018,0.928
148500,0.090,0.000,0.910
149000,0.044,0.000,0.956
149500,0.065,0.000,0.935
150000,0.050,0.013,0.937
150500,0.095,0.000,0.905
151000,0.066,0.000,0.934
151500,0.031,0.029,0.940
152000,0.065,0.015,0.920
152500,0.038,0.060,0.902
153000,0.031,0.011,0.958
153500,0.106,0.000,0.894
154000,0.032,0.000,0.968
154500,0.051,0.000,0.949
155000,0.110,0.000,0.890
155500,0.133,0.000,0.867
156000,0.043,0.000,0.957
156500,0.067,0.009,0.924
157000,0.124,0.000,0.876
157500,0.051,0.000,0.949
158000,0.088,0.000,0.912
158500,0.040,0.000,0.960
159000,0.065,0.001,0.934
159500,0.061,0.000,0.939
160000,0.059,0.016,0.925
160500,0.064,0.000,0.936
161000,0.030,0.030,0.940
161500,0.040,0.013,0.947
162000,0.069,0.000,0.931
162500,0.044,0.000,0.956
163000,0.094,0.000,0.906
163500,0.033,0.006,0.961
164000,0.093,0.000,0.907
164500,0.032,0.006,0.962
165000,0.031,0.056,0.913
165500,0.034,0.005,0.961
166000,0.039,0.000,0.961
166500,0.033,0.029,0.938
167000,0.030,0.028,0.942
167500,0.077,0.000,0.923
168000,0.030,0.007,0.963
168500,0.141,0.000,0.859
169000,0.071,0.002,0.927
169500,0.066,0.000,0.934
170000,0.137,0.000,0.863
170500,0.058,0.000,0.942
171000,0.041,0.000,0.959
171500,0.075,0.000,0.925
172000,0.081,0.000,0.919
172500,0.065,0.000,0.935
173000,0.030,0.004,0.966
173500,0.032,0.015,0.953
174000,0.061,0.002,0.937
174500,0.030,0.048,0.922
175000,0.126,0.000,0.874
175500,0.032,0.000,0.968
176000,0.080,0.000,0.920
176500,0.111,0.000,0.889
177000,0.034,0.000,0.966
177500,0.063,0.000,0.937
178000,0.109,0.000,0.891
178500,0.116,0.002,0.882
179000,0.045,0.000,0.955
179500,0.044,0.000,0.956
180000,0.084,0.000,0.916
180500,0.035,0.000,0.965
181000,0.093,0.001,0.906
181500,0.083,0.000,0.917
182000,0.037,0.000,0.963
182500,0.033,0.009,0.958
183000,0.063,0.000,0.937
183500,0.042,0.004,0.954
184000,0.077,0.000,0.923
184500,0.043,0.000,0.957
185000,0.057,0.000,0.943
185500,0.068,0.000,0.932
186000,0.031,0.030,0.939
186500,0.148,0.000,0.852
187000,0.053,0.001,0.946
187500,0.093,0.000,0.907
188000,0.099,0.000,0.901
188500,0.039,0.000,0.961
189000,0.077,0.036,0.887
189500,0.045,0.000,0.955
190000,0.054,0.020,0.926
190500,0.042,0.000,0.958
191000,0.037,0.028,0.935
191500,0.035,0.002,0.963
192000,0.070,0.000,0.930
192500,0.115,0.000,0.885
193000,0.093,0.000,0.907
193500,0.037,0.024,0.939
194000,0.088,0.000,0.912
194500,0.049,0.000,0.951
195000,0.102,0.000,0.898
195500,0.046,0.000,0.954
196000,0.045,0.002,0.953
196500,0.058,0.000,0.942
197000,0.038,0.000,0.962
197500,0.036,0.003,0.961
198000,0.112,0.002,0.886
198500,0.036,0.026,0.938
199000,0.076,0.000,0.924
199500,0.048,0.000,0.952
200000,0.056,0.000,0.944
200500,0.095,0.000,0.905
201000,0.088,0.000,0.912
201500,0.049,0.000,0.951
202000,0.055,0.000,0.945
202500,0.102,0.000,0.898
203000,0.088,0.000,0.912
203500,0.040,0.014,0.946
204000,0.030,0.000,0.970
204500,0.063,0.000,0.937
205000,0.068,0.000,0.932
205500,0.030,0.009,0.961
206000,0.036,0.000,0.964
206500,0.044,0.000,0.956
207000,0.091,0.000,0.909
207500,0.030,0.023,0.947
208000,0.060,0.000,0.940
208500,0.083,0.000,0.917
209000,0.031,0.042,0.927
209500,0.030,0.003,0.967
210000,0.153,0.001,0.846
210500,0.045,0.015,0.940
211000,0.046,0.000,0.954
211500,0.095,0.009,0.896
212000,0.075,0.000,0.925
212500,0.067,0.018,0.915
213000,0.031,0.002,0.967
213500,0.045,0.018,0.937
214000,0.067,0.000,0.933
214500,0.053,0.023,0.924
215000,0.103,0.000,0.897
215500,0.045,0.000,0.955
216000,0.064,0.000,0.936
216500,0.041,0.000,0.959
217000,0.030,0.010,0.960
217500,0.077,0.001,0.922
218000,0.031,0.007,0.962
218500,0.043,0.003,0.954
219000,0.063,0.002,0.935
219500,0.063,0.000,0.937
220000,0.031,0.030,0.939
220500,0.110,0.000,0.890
221000,0.090,0.000,0.910
221500,0.069,0.000,0.931
222000,0.059,0.000,0.941
222500,0.067,0.000,0.933
223000,0.034,0.043,0.923
223500,0.031,0.016,0.953
224000,0.068,0.000,0.932
224500,0.052,0.000,0.948
225000,0.059,0.000,0.941
225500,0.036,0.004,0.960
226000,0.092,0.000,0.908
226500,0.044,0.000,0.956
227000,0.050,0.000,0.950
227500,0.062,0.000,0.938
228000,0.064,0.000,0.936
228500,0.038,0.000,0.962
229000,0.051,0.000,0.949
229500,0.047,0.001,0.952
230000,0.035,0.002,0.963
230500,0.050,0.000,0.950
231000,0.054,0.009,0.937
231500,0.081,0.000,0.919
232000,0.031,0.000,0.969
232500,0.070,0.000,0.930
233000,0.048,0.000,0.952
233500,0.033,0.009,0.958
234000,0.051,0.000,0.949
234500,0.080,0.001,0.919
235000,0.075,0.000,0.925
235500,0.047,0.002,0.951
236000,0.046,0.000,0.954
236500,0.080,0.000,0.920
237000,0.103,0.000,0.897
237500,0.034,0.008,0.958
238000,0.038,0.000,0.962
238500,0.088,0.000,0.912
239000,0.094,0.000,0.906
239500,0.124,0.000,0.876
240000,0.080,0.000,0.920
240500,0.036,0.022,0.942
241000,0.055,0.001,0.944
241500,0.075,0.000,0.925
242000,0.076,0.000,0.924
242500,0.043,0.000,0.957
243000,0.055,0.000,0.945
243500,0.075,0.000,0.925
244000,0.060,0.000,0.940
244500,0.036,0.007,0.957
245000,0.047,0.000,0.953
245500,0.046,0.000,0.954
246000,0.057,0.000,0.943
246500,0.054,0.000,0.946
247000,0.049,0.000,0.951
247500,0.113,0.000,0.887
248000,0.049,0.000,0.951
248500,0.037,0.000,0.963
249000,0.033,0.008,0.959
249500,0.087,0.024,0.889
250000,0.077,0.000,0.923
250500,0.103,0.000,0.897
251000,0.045,0.001,0.954
251500,0.031,0.018,0.951
252000,0.032,0.000,0.968
252500,0.066,0.000,0.934
253000,0.064,0.000,0.936
253500,0.081,0.032,0.887
254000,0.094,0.000,0.906
254500,0.050,0.020,0.930
255000,0.100,0.000,0.900
255500,0.062,0.000,0.938
256000,0.072,0.000,0.928
256500,0.063,0.000,0.937
257000,0.042,0.034,0.924
257500,0.044,0.001,0.955
258000,0.057,0.000,0.943
258500,0.053,0.000,0.947
259000,0.057,0.001,0.942
259500,0.034,0.000,0.966
260000,0.106,0.000,0.894
260500,0.067,0.000,0.933
261000,0.057,0.007,0.936
261500,0.046,0.000,0.954
262000,0.077,0.000,0.923
262500,0.072,0.000,0.928
263000,0.075,0.000,0.925
263500,0.043,0.006,0.951
264000,0.068,0.019,0.913
264500,0.089,0.000,0.911
265000,0.031,0.020,0.949
265500,0.071,0.003,0.926
266000,0.042,0.000,0.958
266500,0.034,0.001,0.965
267000,0.067,0.006,0.927
267500,0.031,0.008,0.961
268000,0.074,0.002,0.924
268500,0.092,0.000,0.908
269000,0.075,0.000,0.925
269500,0.052,0.026,0.922
270000,0.063,0.000,0.937
270500,0.047,0.000,0.953
271000,0.062,0.000,0.938
271500,0.034,0.000,0.966
272000,0.060,0.000,0.940
272500,0.045,0.028,0.927
273000,0.068,0.000,0.932
273500,0.032,0.052,0.916
274000,0.039,0.023,0.938
274500,0.042,0.000,0.958
275000,0.032,0.002,0.966
275500,0.036,0.000,0.964
276000,0.033,0.004,0.963
276500,0.039,0.012,0.949
277000,0.097,0.000,0.903
277500,0.060,0.000,0.940
278000,0.074,0.000,0.926
278500,0.075,0.001,0.924
279000,0.041,0.003,0.956
279500,0.053,0.000,0.947
280000,0.037,0.002,0.961
280500,0.049,0.000,0.951
281000,0.033,0.004,0.963
281500,0.090,0.000,0.910
282000,0.044,0.003,0.953
282500,0.120,0.001,0.879
283000,0.127,0.000,0.873
283500,0.048,0.009,0.943
284000,0.043,0.028,0.929
284500,0.058,0.030,0.912
285000,0.049,0.000,0.951
285500,0.061,0.000,0.939
286000,0.046,0.000,0.954
286500,0.106,0.000,0.894
287000,0.039,0.000,0.961
287500,0.036,0.010,0.954
288000,0.043,0.000,0.957
288500,0.067,0.000,0.933
289000,0.070,0.001,0.929
289500,0.052,0.000,0.948
290000,0.038,0.017,0.945
290500,0.037,0.000,0.963
291000,0.085,0.000,0.915
291500,0.058,0.000,0.942
292000,0.085,0.000,0.915
292500,0.087,0.000,0.913
293000,0.068,0.000,0.932
293500,0.109,0.000,0.891
294000,0.030,0.022,0.948
294500,0.045,0.008,0.947
295000,0.068,0.000,0.932
295500,0.061,0.000,0.939
296000,0.082,0.000,0.918
296500,0.055,0.000,0.945
297000,0.045,0.000,0.955
297500,0.063,0.000,0.937
298000,0.041,0.000,0.959
298500,0.041,0.000,0.959
299000,0.064,0.000,0.936
299500,0.074,0.000,0.926
300000,0.056,0.000,0.944
300500,0.088,0.000,0.912
301000,0.057,0.000,0.943
301500,0.065,0.000,0.935
302000,0.035,0.000,0.965
302500,0.089,0.003,0.908
303000,0.039,0.028,0.933
303500,0.040,0.002,0.958
304000,0.084,0.002,0.914
304500,0.033,0.041,0.926
305000,0.030,0.001,0.969
305500,0.056,0.000,0.944
306000,0.054,0.000,0.946
306500,0.033,0.000,0.967
307000,0.077,0.000,0.923
307500,0.046,0.000,0.954
308000,0.033,0.023,0.944
308500,0.050,0.006,0.944
309000,0.048,0.028,0.924
309500,0.035,0.001,0.964
310000,0.036,0.003,0.961
310500,0.034,0.000,0.966
311000,0.049,0.020,0.931
311500,0.052,0.000,0.948
312000,0.050,0.005,0.945
312500,0.041,0.000,0.959
313000,0.041,0.000,0.959
313500,0.100,0.000,0.900
314000,0.030,0.015,0.955
314500,0.091,0.013,0.896
315000,0.087,0.000,0.913
315500,0.030,0.011,0.959
316000,0.056,0.000,0.944
316500,0.038,0.015,0.947
317000,0.048,0.004,0.948
317500,0.032,0.002,0.966
318000,0.058,0.000,0.942
318500,0.049,0.000,0.951
319000,0.039,0.020,0.941
319500,0.035,0.033,0.932
320000,0.031,0.016,0.953
320500,0.044,0.047,0.909
321000,0.030,0.009,0.961
321500,0.058,0.000,0.942
322000,0.075,0.000,0.925
322500,0.104,0.000,0.896
323000,0.093,0.000,0.907
323500,0.100,0.000,0.900
324000,0.075,0.000,0.925
324500,0.068,0.000,0.932
325000,0.102,0.000,0.898
325500,0.073,0.000,0.927
326000,0.065,0.000,0.935
326500,0.031,0.027,0.942
327000,0.108,0.001,0.891
327500,0.085,0.000,0.915
328000,0.075,0.000,0.925
328500,0.036,0.000,0.964
329000,0.072,0.017,0.911
329500,0.085,0.000,0.915
330000,0.057,0.000,0.943
330500,0.089,0.000,0.911
331000,0.030,0.006,0.964
331500,0.073,0.000,0.927
332000,0.084,0.000,0.916
332500,0.052,0.000,0.948
333000,0.125,0.002,0.873
333500,0.070,0.000,0.930
334000,0.064,0.010,0.926
334500,0.054,0.000,0.946
335000,0.094,0.000,0.906
335500,0.069,0.000,0.931
336000,0.057,0.000,0.943
336500,0.058,0.053,0.889
337000,0.070,0.005,0.925
337500,0.046,0.000,0.954
338000,0.040,0.021,0.939
338500,0.073,0.000,0.927
339000,0.060,0.000,0.940
339500,0.051,0.000,0.949
340000,0.051,0.000,0.949
340500,0.040,0.024,0.936
341000,0.084,0.000,0.916
341500,0.043,0.000,0.957
342000,0.033,0.008,0.959
342500,0.055,0.000,0.945
343000,0.039,0.004,0.957
343500,0.040,0.000,0.960
344000,0.082,0.011,0.907
344500,0.126,0.000,0.874
345000,0.128,0.000,0.872
345500,0.061,0.005,0.934
346000,0.075,0.000,0.925
346500,0.074,0.001,0.925
347000,0.034,0.040,0.926
347500,0.053,0.000,0.947
348000,0.068,0.000,0.932
348500,0.034,0.035,0.931
349000,0.076,0.000,0.924
349500,0.157,0.000,0.843
350000,0.033,0.012,0.955
350500,0.064,0.008,0.928
351000,0.049,0.000,0.951
351500,0.058,0.007,0.935
352000,0.045,0.024,0.931
352500,0.031,0.033,0.936
353000,0.050,0.000,0.950
353500,0.066,0.000,0.934
354000,0.109,0.000,0.891
354500,0.049,0.000,0.951
355000,0.054,0.000,0.946
355500,0.046,0.000,0.954
356000,0.069,0.000,0.931
356500,0.068,0.000,0.932
357000,0.080,0.000,0.920
357500,0.032,0.003,0.965
358000,0.081,0.003,0.916
358500,0.065,0.000,0.935
359000,0.062,0.000,0.938
359500,0.058,0.000,0.942
360000,0.101,0.000,0.899
360500,0.109,0.000,0.891
361000,0.066,0.000,0.934
361500,0.069,0.001,0.930
362000,0.041,0.000,0.959
362500,0.033,0.000,0.967
363000,0.032,0.008,0.960
363500,0.059,0.000,0.941
364000,0.070,0.015,0.915
364500,0.033,0.000,0.967
365000,0.071,0.011,0.918
365500,0.113,0.001,0.886
366000,0.034,0.034,0.932
366500,0.046,0.000,0.954
367000,0.032,0.004,0.964
367500,0.062,0.001,0.937
368000,0.106,0.000,0.894
368500,0.062,0.000,0.938
369000,0.037,0.000,0.963
369500,0.063,0.000,0.937
370000,0.060,0.000,0.940
370500,0.063,0.000,0.937
371000,0.055,0.002,0.943
371500,0.044,0.000,0.956
372000,0.108,0.000,0.892
372500,0.031,0.025,0.944
373000,0.077,0.009,0.914
373500,0.041,0.000,0.959
374000,0.074,0.003,0.923
374500,0.062,0.005,0.933
375000,0.058,0.000,0.942
375500,0.030,0.000,0.970
376000,0.030,0.004,0.966
376500,0.037,0.005,0.958
377000,0.067,0.000,0.933
377500,0.043,0.000,0.957
378000,0.055,0.009,0.936
378500,0.086,0.000,0.914
379000,0.036,0.000,0.964
379500,0.056,0.005,0.939
380000,0.093,0.005,0.902
380500,0.076,0.000,0.924
381000,0.043,0.000,0.957
381500,0.059,0.018,0.923
382000,0.065,0.009,0.926
382500,0.047,0.005,0.948
383000,0.033,0.005,0.962
383500,0.030,0.040,0.930
384000,0.110,0.000,0.890
384500,0.087,0.019,0.894
385000,0.062,0.000,0.938
385500,0.105,0.001,0.894
386000,0.079,0.000,0.921
386500,0.099,0.000,0.901
387000,0.065,0.000,0.935
387500,0.069,0.000,0.931
388000,0.037,0.001,0.962
388500,0.041,0.004,0.955
389000,0.044,0.001,0.955
389500,0.114,0.000,0.886
390000,0.035,0.007,0.958
390500,0.036,0.000,0.964
391000,0.081,0.000,0.919
391500,0.048,0.001,0.951
392000,0.071,0.000,0.929
392500,0.067,0.012,0.921
393000,0.079,0.000,0.921
393500,0.069,0.000,0.931
394000,0.079,0.000,0.921
394500,0.053,0.000,0.947
395000,0.056,0.000,0.944
395500,0.097,0.000,0.903
396000,0.041,0.000,0.959
396500,0.064,0.000,0.936
397000,0.052,0.003,0.945
397500,0.056,0.000,0.944
398000,0.100,0.000,0.900
398500,0.065,0.000,0.935
399000,0.148,0.000,0.852
399500,0.033,0.004,0.963
400000,0.045,0.001,0.954
400500,0.057,0.000,0.943
401000,0.093,0.000,0.907
401500,0.047,0.000,0.953
402000,0.070,0.000,0.930
402500,0.038,0.028,0.934
403000,0.059,0.000,0.941
403500,0.030,0.000,0.970
404000,0.088,0.000,0.912
404500,0.035,0.000,0.965
405000,0.091,0.000,0.909
405500,0.050,0.000,0.950
406000,0.045,0.023,0.932
406500,0.111,0.001,0.888
407000,0.039,0.000,0.961
407500,0.065,0.000,0.935
408000,0.091,0.000,0.909
408500,0.068,0.000,0.932
409000,0.056,0.000,0.944
409500,0.063,0.014,0.923
410000,0.045,0.000,0.955
410500,0.032,0.010,0.958
411000,0.030,0.004,0.966
411500,0.053,0.000,0.947
412000,0.089,0.000,0.911
412500,0.064,0.000,0.936
413000,0.048,0.000,0.952
413500,0.036,0.000,0.964
414000,0.048,0.000,0.952
414500,0.062,0.004,0.934
415000,0.062,0.000,0.938
415500,0.049,0.000,0.951
416000,0.033,0.001,0.966
416500,0.054,0.000,0.946
417000,0.099,0.002,0.899
417500,0.057,0.008,0.935
418000,0.030,0.005,0.965
418500,0.042,0.000,0.958
419000,0.032,0.020,0.948
419500,0.110,0.000,0.890
420000,0.087,0.001,0.912
420500,0.074,0.030,0.896
421000,0.039,0.000,0.961
421500,0.066,0.000,0.934
422000,0.093,0.000,0.907
422500,0.043,0.000,0.957
423000,0.030,0.000,0.970
423500,0.035,0.022,0.943
424000,0.061,0.000,0.939
424500,0.037,0.028,0.935
425000,0.044,0.013,0.943
425500,0.032,0.029,0.939
426000,0.058,0.000,0.942
426500,0.030,0.001,0.969
427000,0.034,0.000,0.966
427500,0.052,0.027,0.921
428000,0.035,0.000,0.965
428500,0.036,0.000,0.964
429000,0.130,0.000,0.870
429500,0.090,0.000,0.910
430000,0.082,0.000,0.918
430500,0.030,0.040,0.930
431000,0.056,0.002,0.942
431500,0.056,0.000,0.944
432000,0.032,0.028,0.940
432500,0.033,0.000,0.967
433000,0.052,0.000,0.948
433500,0.035,0.014,0.951
434000,0.058,0.003,0.939
434500,0.038,0.018,0.944
435000,0.118,0.000,0.882
435500,0.108,0.000,0.892
436000,0.053,0.000,0.947
436500,0.063,0.000,0.937
437000,0.038,0.001,0.961
437500,0.070,0.000,0.930
438000,0.062,0.000,0.938
438500,0.067,0.000,0.933
439000,0.066,0.000,0.934
439500,0.045,0.000,0.955
440000,0.066,0.000,0.934
440500,0.100,0.004,0.896
441000,0.037,0.000,0.963
441500,0.030,0.022,0.948
442000,0.060,0.000,0.940
442500,0.070,0.000,0.930
443000,0.038,0.000,0.962
443500,0.033,0.045,0.922
444000,0.051,0.026,0.923
444500,0.077,0.000,0.923
445000,0.034,0.000,0.966
445500,0.032,0.023,0.945
446000,0.083,0.001,0.916
446500,0.074,0.000,0.926
447000,0.098,0.000,0.902
447500,0.033,0.005,0.962
448000,0.134,0.000,0.866
448500,0.043,0.000,0.957
449000,0.035,0.000,0.965
449500,0.048,0.000,0.952
450000,0.075,0.000,0.925
450500,0.094,0.000,0.906
451000,0.093,0.000,0.907
451500,0.111,0.000,0.889
452000,0.068,0.001,0.931
452500,0.089,0.000,0.911
453000,0.059,0.000,0.941
453500,0.056,0.005,0.939
454000,0.101,0.000,0.899
454500,0.085,0.002,0.913
455000,0.041,0.000,0.959
455500,0.087,0.000,0.913
456000,0.035,0.017,0.948
456500,0.071,0.000,0.929
457000,0.062,0.000,0.938
457500,0.030,0.012,0.958
458000,0.062,0.000,0.938
458500,0.041,0.000,0.959
459000,0.068,0.031,0.901
459500,0.057,0.003,0.940
460000,0.031,0.004,0.965
460500,0.059,0.004,0.937
461000,0.030,0.025,0.945
461500,0.068,0.000,0.932
462000,0.070,0.000,0.930
462500,0.031,0.002,0.967
463000,0.061,0.001,0.938
463500,0.101,0.002,0.897
464000,0.079,0.000,0.921
464500,0.037,0.004,0.959
465000,0.098,0.000,0.902
465500,0.052,0.013,0.935
466000,0.055,0.001,0.944
466500,0.050,0.004,0.946
467000,0.102,0.000,0.898
467500,0.117,0.021,0.862
468000,0.072,0.000,0.928
468500,0.050,0.000,0.950
469000,0.057,0.000,0.943
469500,0.077,0.000,0.923
470000,0.042,0.003,0.955
470500,0.096,0.000,0.904
471000,0.030,0.000,0.970
471500,0.081,0.000,0.919
472000,0.102,0.000,0.898
472500,0.067,0.000,0.933
473000,0.075,0.000,0.925
473500,0.050,0.000,0.950
474000,0.051,0.000,0.949
474500,0.038,0.000,0.962
475000,0.046,0.033,0.921
475500,0.059,0.000,0.941
476000,0.055,0.024,0.921
476500,0.030,0.000,0.970
477000,0.048,0.022,0.930
477500,0.053,0.006,0.941
478000,0.037,0.000,0.963
478500,0.076,0.000,0.924
479000,0.081,0.000,0.919
479500,0.030,0.023,0.947
480000,0.122,0.000,0.878
480500,0.057,0.000,0.943
481000,0.045,0.000,0.955
481500,0.108,0.000,0.892
482000,0.122,0.000,0.878
482500,0.035,0.015,0.950
483000,0.043,0.024,0.933
483500,0.075,0.000,0.925
484000,0.088,0.000,0.912
484500,0.052,0.000,0.948
485000,0.109,0.000,0.891
485500,0.055,0.002,0.943
486000,0.040,0.000,0.960
486500,0.047,0.000,0.953
487000,0.138,0.000,0.862
487500,0.045,0.000,0.955
488000,0.031,0.006,0.963
488500,0.117,0.000,0.883
489000,0.067,0.000,0.933
489500,0.088,0.000,0.912
490000,0.088,0.000,0.912
490500,0.080,0.000,0.920
491000,0.041,0.000,0.959
491500,0.082,0.000,0.918
492000,0.046,0.023,0.931
492500,0.089,0.000,0.911
493000,0.044,0.000,0.956
493500,0.054,0.000,0.946
494000,0.066,0.001,0.933
494500,0.100,0.000,0.900
495000,0.132,0.000,0.868
495500,0.105,0.000,0.895
496000,0.100,0.000,0.900
496500,0.039,0.000,0.961
497000,0.030,0.006,0.964
497500,0.099,0.000,0.901
498000,0.032,0.005,0.963
498500,0.032,0.025,0.943
499000,0.082,0.000,0.918
499500,0.045,0.012,0.943
500000,0.032,0.012,0.956
500500,0.055,0.000,0.945
501000,0.074,0.000,0.926
501500,0.069,0.001,0.930
502000,0.039,0.029,0.932
502500,0.070,0.000,0.930
503000,0.035,0.023,0.942
503500,0.035,0.000,0.965
504000,0.042,0.002,0.956
504500,0.087,0.001,0.912
505000,0.087,0.000,0.913
505500,0.051,0.000,0.949
506000,0.056,0.036,0.908
506500,0.056,0.000,0.944
507000,0.087,0.001,0.912
507500,0.113,0.000,0.887
508000,0.035,0.028,0.937
508500,0.068,0.000,0.932
509000,0.049,0.000,0.951
509500,0.095,0.000,0.905
510000,0.035,0.030,0.935
510500,0.035,0.000,0.965
511000,0.094,0.000,0.906
511500,0.031,0.000,0.969
512000,0.030,0.000,0.970
512500,0.063,0.000,0.937
513000,0.059,0.000,0.941
513500,0.032,0.026,0.942
514000,0.054,0.000,0.946
514500,0.032,0.025,0.943
515000,0.041,0.000,0.959
515500,0.044,0.000,0.956
516000,0.044,0.000,0.956
516500,0.057,0.000,0.943
517000,0.057,0.000,0.943
517500,0.089,0.000,0.911
518000,0.062,0.000,0.938
518500,0.073,0.003,0.924
519000,0.058,0.000,0.942
519500,0.030,0.044,0.926
520000,0.068,0.000,0.932
520500,0.031,0.014,0.955
521000,0.087,0.000,0.913
521500,0.115,0.000,0.885
522000,0.054,0.041,0.905
522500,0.063,0.000,0.937
523000,0.098,0.000,0.902
523500,0.048,0.000,0.952
524000,0.064,0.000,0.936
524500,0.109,0.000,0.891
525000,0.031,0.019,0.950
525500,0.072,0.000,0.928
526000,0.035,0.019,0.946
526500,0.069,0.001,0.930
527000,0.031,0.000,0.969
527500,0.082,0.000,0.918
528000,0.123,0.000,0.877
528500,0.066,0.002,0.932
529000,0.072,0.003,0.925
529500,0.059,0.023,0.918
530000,0.075,0.000,0.925
530500,0.066,0.004,0.930
531000,0.080,0.000,0.920
531500,0.060,0.000,0.940
532000,0.036,0.004,0.960
532500,0.109,0.002,0.889
533000,0.096,0.000,0.904
533500,0.049,0.000,0.951
534000,0.086,0.000,0.914
534500,0.050,0.000,0.950
535000,0.044,0.016,0.940
535500,0.061,0.001,0.938
536000,0.073,0.000,0.927
536500,0.095,0.000,0.905
537000,0.066,0.000,0.934
537500,0.082,0.000,0.918
538000,0.050,0.000,0.950
538500,0.034,0.029,0.937
539000,0.045,0.004,0.951
539500,0.032,0.048,0.920
540000,0.102,0.000,0.898
540500,0.133,0.000,0.867
541000,0.077,0.000,0.923
541500,0.074,0.000,0.926
542000,0.030,0.016,0.954
542500,0.040,0.032,0.928
543000,0.064,0.000,0.936
543500,0.048,0.015,0.937
544000,0.039,0.053,0.908
544500,0.031,0.003,0.966
545000,0.034,0.004,0.962
545500,0.059,0.000,0.941
546000,0.036,0.026,0.938
546500,0.106,0.004,0.890
547000,0.093,0.000,0.907
547500,0.087,0.000,0.913
548000,0.057,0.000,0.943
548500,0.032,0.002,0.966
549000,0.078,0.001,0.921
549500,0.035,0.000,0.965
550000,0.052,0.003,0.945
550500,0.064,0.000,0.936
551000,0.087,0.000,0.913
551500,0.030,0.038,0.932
552000,0.061,0.000,0.939
552500,0.053,0.000,0.947
553000,0.048,0.000,0.952
553500,0.030,0.000,0.970
554000,0.041,0.026,0.933
554500,0.034,0.017,0.949
555000,0.031,0.003,0.966
555500,0.045,0.000,0.955
556000,0.091,0.000,0.909
556500,0.038,0.000,0.962
557000,0.044,0.000,0.956
557500,0.037,0.015,0.948
558000,0.033,0.000,0.967
558500,0.093,0.000,0.907
559000,0.074,0.002,0.924
559500,0.114,0.001,0.885
560000,0.030,0.029,0.941
560500,0.034,0.002,0.964
561000,0.097,0.000,0.903
561500,0.045,0.027,0.928
562000,0.077,0.000,0.923
562500,0.123,0.000,0.877
563000,0.043,0.000,0.957
563500,0.056,0.000,0.944
564000,0.041,0.001,0.958
564500,0.042,0.047,0.911
565000,0.064,0.029,0.907
565500,0.072,0.000,0.928
566000,0.060,0.003,0.937
566500,0.089,0.000,0.911
567000,0.030,0.077,0.893
567500,0.048,0.000,0.952
568000,0.032,0.015,0.953
568500,0.048,0.000,0.952
569000,0.086,0.000,0.914
569500,0.056,0.000,0.944
570000,0.030,0.003,0.967
570500,0.048,0.014,0.938
571000,0.050,0.009,0.941
571500,0.030,0.011,0.959
572000,0.106,0.001,0.893
572500,0.030,0.000,0.970
573000,0.049,0.006,0.945
573500,0.060,0.003,0.937
574000,0.108,0.000,0.892
574500,0.034,0.020,0.946
575000,0.035,0.000,0.965
575500,0.046,0.001,0.953
576000,0.034,0.000,0.966
576500,0.078,0.000,0.922
577000,0.045,0.000,0.955
577500,0.070,0.000,0.930
578000,0.069,0.003,0.928
578500,0.125,0.000,0.875
579000,0.088,0.011,0.901
579500,0.061,0.000,0.939
580000,0.044,0.000,0.956
580500,0.093,0.001,0.906
581000,0.078,0.000,0.922
581500,0.104,0.000,0.896
582000,0.034,0.031,0.935
582500,0.078,0.000,0.922
583000,0.051,0.000,0.949
583500,0.065,0.000,0.935
584000,0.040,0.000,0.960
584500,0.051,0.002,0.947
585000,0.056,0.003,0.941
585500,0.058,0.000,0.942
586000,0.108,0.001,0.891
586500,0.079,0.000,0.921
587000,0.059,0.000,0.941
587500,0.037,0.019,0.944
588000,0.045,0.000,0.955
588500,0.105,0.000,0.895
589000,0.041,0.000,0.959
589500,0.048,0.000,0.952
590000,0.035,0.000,0.965
590500,0.036,0.016,0.948
591000,0.069,0.001,0.930
591500,0.036,0.012,0.952
592000,0.061,0.000,0.939
592500,0.084,0.000,0.916
593000,0.064,0.000,0.936
593500,0.043,0.000,0.957
594000,0.037,0.000,0.963
594500,0.041,0.002,0.957
595000,0.063,0.000,0.937
595500,0.080,0.000,0.920
596000,0.041,0.004,0.955
596500,0.034,0.015,0.951
597000,0.042,0.003,0.955
597500,0.058,0.019,0.923
598000,0.053,0.000,0.947
598500,0.049,0.000,0.951
599000,0.128,0.000,0.872
599500,0.086,0.000,0.914
600000,0.040,0.000,0.960
600500,0.094,0.000,0.906
601000,0.060,0.000,0.940
601500,0.068,0.000,0.932
602000,0.107,0.000,0.893
602500,0.069,0.000,0.931
603000,0.047,0.000,0.953
603500,0.036,0.031,0.933
604000,0.099,0.008,0.893
604500,0.065,0.000,0.935
605000,0.039,0.000,0.961
605500,0.067,0.008,0.925
606000,0.084,0.000,0.916
606500,0.107,0.000,0.893
607000,0.060,0.000,0.940
607500,0.076,0.000,0.924
608000,0.081,0.000,0.919
608500,0.030,0.005,0.965
609000,0.090,0.000,0.910
609500,0.061,0.000,0.939
610000,0.030,0.023,0.947
610500,0.036,0.000,0.964
611000,0.049,0.000,0.951
611500,0.071,0.008,0.921
612000,0.114,0.001,0.885
612500,0.104,0.000,0.896
613000,0.113,0.000,0.887
613500,0.079,0.000,0.921
614000,0.074,0.001,0.925
614500,0.066,0.000,0.934
615000,0.047,0.000,0.953
615500,0.092,0.000,0.908
616000,0.053,0.002,0.945
616500,0.078,0.010,0.912
617000,0.047,0.000,0.953
617500,0.038,0.036,0.926
618000,0.119,0.000,0.881
618500,0.068,0.000,0.932
619000,0.066,0.003,0.931
619500,0.053,0.000,0.947
620000,0.120,0.000,0.880
620500,0.057,0.002,0.941
621000,0.054,0.015,0.931
621500,0.101,0.001,0.898
622000,0.105,0.000,0.895
622500,0.051,0.019,0.930
623000,0.055,0.000,0.945
623500,0.087,0.001,0.912
624000,0.043,0.001,0.956
624500,0.040,0.000,0.960
625000,0.077,0.000,0.923
625500,0.030,0.001,0.969
626000,0.036,0.047,0.917
626500,0.060,0.000,0.940
627000,0.114,0.000,0.886
627500,0.041,0.011,0.948
628000,0.036,0.001,0.963
628500,0.069,0.000,0.931
629000,0.094,0.000,0.906
629500,0.035,0.000,0.965
630000,0.049,0.004,0.947
630500,0.054,0.000,0.946
631000,0.049,0.000,0.951
631500,0.095,0.009,0.896
632000,0.093,0.000,0.907
632500,0.089,0.000,0.911
633000,0.115,0.000,0.885
633500,0.062,0.009,0.929
634000,0.091,0.000,0.909
634500,0.115,0.000,0.885
635000,0.094,0.000,0.906
635500,0.092,0.000,0.908
636000,0.056,0.002,0.942
636500,0.055,0.000,0.945
637000,0.040,0.000,0.960
637500,0.070,0.002,0.928
638000,0.052,0.020,0.928
638500,0.103,0.000,0.897
639000,0.030,0.025,0.945
639500,0.040,0.004,0.956
640000,0.074,0.000,0.926
640500,0.104,0.000,0.896
641000,0.030,0.023,0.947
641500,0.031,0.035,0.934
642000,0.072,0.000,0.928
642500,0.051,0.000,0.949
643000,0.123,0.000,0.877
643500,0.041,0.000,0.959
644000,0.073,0.000,0.927
644500,0.076,0.003,0.921
645000,0.076,0.000,0.924
645500,0.052,0.016,0.932
646000,0.068,0.014,0.918
646500,0.062,0.000,0.938
647000,0.065,0.000,0.935
647500,0.074,0.000,0.926
648000,0.041,0.000,0.959
648500,0.057,0.002,0.941
649000,0.045,0.017,0.938
649500,0.030,0.037,0.933
650000,0.066,0.001,0.933
650500,0.031,0.000,0.969
651000,0.035,0.001,0.964
651500,0.110,0.000,0.890
652000,0.055,0.000,0.945
652500,0.063,0.002,0.935
653000,0.103,0.000,0.897
653500,0.050,0.004,0.946
654000,0.067,0.000,0.933
654500,0.051,0.001,0.948
655000,0.136,0.000,0.864
655500,0.048,0.001,0.951
656000,0.084,0.000,0.916
656500,0.107,0.000,0.893
657000,0.089,0.000,0.911
657500,0.051,0.000,0.949
658000,0.031,0.010,0.959
658500,0.070,0.027,0.903
659000,0.103,0.000,0.897
659500,0.117,0.000,0.883
660000,0.091,0.000,0.909
660500,0.077,0.000,0.923
661000,0.046,0.000,0.954
661500,0.043,0.000,0.957
662000,0.069,0.000,0.931
662500,0.066,0.001,0.933
663000,0.061,0.000,0.939
663500,0.114,0.000,0.886
664000,0.073,0.000,0.927
664500,0.080,0.002,0.918
665000,0.096,0.000,0.904
665500,0.062,0.002,0.936
666000,0.034,0.001,0.965
666500,0.080,0.000,0.920
667000,0.059,0.000,0.941
667500,0.040,0.065,0.895
668000,0.045,0.036,0.919
668500,0.037,0.004,0.959
669000,0.030,0.013,0.957
669500,0.040,0.000,0.960
670000,0.113,0.002,0.885
670500,0.121,0.000,0.879
671000,0.066,0.000,0.934
671500,0.036,0.002,0.962
672000,0.068,0.000,0.932
672500,0.115,0.000,0.885
673000,0.035,0.000,0.965
673500,0.094,0.012,0.894
674000,0.057,0.003,0.940
674500,0.073,0.000,0.927
675000,0.046,0.000,0.954
675500,0.046,0.018,0.936
676000,0.083,0.000,0.917
676500,0.046,0.000,0.954
677000,0.076,0.000,0.924
677500,0.061,0.016,0.923
678000,0.091,0.000,0.909
678500,0.068,0.001,0.931
679000,0.043,0.000,0.957
679500,0.080,0.001,0.919
680000,0.040,0.016,0.944
680500,0.097,0.000,0.903
681000,0.040,0.000,0.960
681500,0.085,0.000,0.915
682000,0.070,0.027,0.903
682500,0.051,0.000,0.949
683000,0.085,0.006,0.909
683500,0.049,0.025,0.926
684000,0.034,0.002,0.964
684500,0.030,0.010,0.960
685000,0.053,0.003,0.944
685500,0.039,0.000,0.961
686000,0.070,0.000,0.930
686500,0.059,0.026,0.915
687000,0.034,0.016,0.950
687500,0.032,0.005,0.963
688000,0.056,0.000,0.944
688500,0.059,0.032,0.909
689000,0.050,0.001,0.949
689500,0.076,0.000,0.924
690000,0.077,0.000,0.923
690500,0.063,0.032,0.905
691000,0.038,0.000,0.962
691500,0.063,0.001,0.936
692000,0.032,0.013,0.955
692500,0.139,0.000,0.861
693000,0.040,0.000,0.960
693500,0.077,0.000,0.923
694000,0.059,0.000,0.941
694500,0.033,0.036,0.931
695000,0.058,0.011,0.931
695500,0.150,0.000,0.850
696000,0.077,0.000,0.923
696500,0.060,0.000,0.940
697000,0.053,0.000,0.947
697500,0.058,0.000,0.942
698000,0.043,0.001,0.956
698500,0.062,0.010,0.928
699000,0.039,0.001,0.960
699500,0.050,0.004,0.946
700000,0.105,0.000,0.895
700500,0.081,0.000,0.919
701000,0.083,0.000,0.917
701500,0.114,0.000,0.886
702000,0.085,0.000,0.915
702500,0.075,0.000,0.925
703000,0.059,0.000,0.941
703500,0.053,0.000,0.947
704000,0.033,0.047,0.920
704500,0.034,0.060,0.906
705000,0.078,0.000,0.922
705500,0.040,0.000,0.960
706000,0.077,0.000,0.923
706500,0.062,0.027,0.911
707000,0.098,0.000,0.902
707500,0.055,0.004,0.941
708000,0.049,0.006,0.945
708500,0.033,0.016,0.951
709000,0.134,0.000,0.866
709500,0.051,0.000,0.949
710000,0.054,0.000,0.946
710500,0.043,0.000,0.957
711000,0.055,0.000,0.945
711500,0.037,0.018,0.945
712000,0.096,0.000,0.904
712500,0.064,0.001,0.935
713000,0.092,0.000,0.908
713500,0.070,0.000,0.930
714000,0.043,0.031,0.926
714500,0.043,0.000,0.957
715000,0.051,0.000,0.949
715500,0.034,0.015,0.951
716000,0.051,0.000,0.949
716500,0.069,0.000,0.931
717000,0.089,0.003,0.908
717500,0.032,0.000,0.968
718000,0.040,0.000,0.960
718500,0.051,0.001,0.948
719000,0.030,0.001,0.969
719500,0.092,0.000,0.908
720000,0.038,0.000,0.962
720500,0.070,0.000,0.930
721000,0.043,0.000,0.957
721500,0.050,0.000,0.950
722000,0.035,0.002,0.963
722500,0.036,0.002,0.962
723000,0.072,0.000,0.928
723500,0.097,0.000,0.903
724000,0.035,0.008,0.957
724500,0.041,0.000,0.959
725000,0.035,0.001,0.964
725500,0.044,0.000,0.956
726000,0.094,0.000,0.906
726500,0.062,0.000,0.938
727000,0.062,0.001,0.937
727500,0.061,0.007,0.932
728000,0.050,0.021,0.929
728500,0.111,0.000,0.889
729000,0.035,0.000,0.965
729500,0.043,0.000,0.957
730000,0.042,0.010,0.948
730500,0.030,0.055,0.915
731000,0.037,0.000,0.963
731500,0.090,0.000,0.910
732000,0.065,0.000,0.935
732500,0.049,0.021,0.930
733000,0.069,0.000,0.931
733500,0.208,0.000,0.792
734000,0.061,0.000,0.939
734500,0.059,0.000,0.941
735000,0.101,0.000,0.899
735500,0.063,0.000,0.937
736000,0.070,0.000,0.930
736500,0.047,0.000,0.953
737000,0.038,0.000,0.962
737500,0.073,0.000,0.927
738000,0.135,0.000,0.865
738500,0.030,0.004,0.966
739000,0.075,0.000,0.925
739500,0.083,0.000,0.917
740000,0.037,0.000,0.963
740500,0.068,0.000,0.932
741000,0.124,0.000,0.876
741500,0.046,0.019,0.935
742000,0.065,0.000,0.935
742500,0.103,0.000,0.897
743000,0.030,0.005,0.965
743500,0.045,0.000,0.955
744000,0.055,0.000,0.945
744500,0.066,0.000,0.934
745000,0.052,0.027,0.921
745500,0.043,0.000,0.957
746000,0.053,0.010,0.937
746500,0.082,0.000,0.918
747000,0.076,0.000,0.924
747500,0.042,0.011,0.947
748000,0.070,0.001,0.929
748500,0.043,0.001,0.956
749000,0.185,0.000,0.815
749500,0.138,0.000,0.862
750000,0.044,0.000,0.956
750500,0.038,0.000,0.962
751000,0.049,0.030,0.921
751500,0.088,0.000,0.912
752000,0.065,0.003,0.932
752500,0.031,0.021,0.948
753000,0.084,0.001,0.915
753500,0.034,0.036,0.930
754000,0.032,0.000,0.968
754500,0.082,0.000,0.918
755000,0.076,0.002,0.922
755500,0.036,0.000,0.964
756000,0.073,0.000,0.927
756500,0.046,0.003,0.951
757000,0.132,0.000,0.868
757500,0.091,0.002,0.907
758000,0.099,0.000,0.901
758500,0.056,0.000,0.944
759000,0.077,0.000,0.923
759500,0.037,0.021,0.942
760000,0.082,0.002,0.916
760500,0.062,0.000,0.938
761000,0.055,0.000,0.945
761500,0.115,0.000,0.885
762000,0.064,0.000,0.936
762500,0.036,0.000,0.964
763000,0.088,0.000,0.912
763500,0.030,0.035,0.935
764000,0.040,0.000,0.960
764500,0.036,0.000,0.964
765000,0.094,0.000,0.906
765500,0.031,0.026,0.943
766000,0.047,0.000,0.953
766500,0.056,0.001,0.943
767000,0.068,0.002,0.930
767500,0.096,0.000,0.904
768000,0.036,0.028,0.936
768500,0.041,0.000,0.959
769000,0.048,0.000,0.952
769500,0.042,0.006,0.952
770000,0.044,0.028,0.928
770500,0.100,0.000,0.900
771000,0.044,0.022,0.934
771500,0.064,0.000,0.936
772000,0.030,0.007,0.963
772500,0.077,0.020,0.903
773000,0.050,0.002,0.948
773500,0.066,0.007,0.927
774000,0.113,0.000,0.887
774500,0.064,0.000,0.936
775000,0.064,0.000,0.936
775500,0.032,0.026,0.942
776000,0.060,0.000,0.940
776500,0.100,0.000,0.900
777000,0.169,0.000,0.831
777500,0.070,0.000,0.930
778000,0.059,0.000,0.941
778500,0.033,0.000,0.967
779000,0.122,0.000,0.878
779500,0.071,0.000,0.929
780000,0.036,0.012,0.952
780500,0.055,0.000,0.945
781000,0.080,0.000,0.920
781500,0.042,0.003,0.955
782000,0.071,0.000,0.929
782500,0.077,0.000,0.923
783000,0.058,0.000,0.942
783500,0.087,0.000,0.913
784000,0.109,0.000,0.891
784500,0.035,0.000,0.965
785000,0.052,0.000,0.948
785500,0.048,0.014,0.938
786000,0.104,0.000,0.896
786500,0.107,0.000,0.893
787000,0.045,0.000,0.955
787500,0.088,0.000,0.912
788000,0.050,0.012,0.938
788500,0.042,0.000,0.958
789000,0.032,0.022,0.946
789500,0.041,0.000,0.959
790000,0.076,0.000,0.924
790500,0.049,0.000,0.951
791000,0.069,0.000,0.931
791500,0.035,0.000,0.965
792000,0.064,0.000,0.936
792500,0.039,0.074,0.887
793000,0.051,0.001,0.948
793500,0.052,0.005,0.943
794000,0.067,0.000,0.933
794500,0.034,0.000,0.966
795000,0.042,0.079,0.879
795500,0.043,0.000,0.957
796000,0.052,0.000,0.948
796500,0.031,0.048,0.921
797000,0.087,0.059,0.854
797500,0.030,0.015,0.955
798000,0.051,0.001,0.948
798500,0.030,0.006,0.964
799000,0.031,0.005,0.964
799500,0.049,0.030,0.921
800000,0.095,0.000,0.905
800500,0.064,0.000,0.936
801000,0.072,0.000,0.928
801500,0.032,0.011,0.957
802000,0.073,0.000,0.927
802500,0.082,0.000,0.918
803000,0.079,0.000,0.921
803500,0.119,0.006,0.875
804000,0.041,0.013,0.946
804500,0.075,0.000,0.925
805000,0.050,0.000,0.950
805500,0.088,0.000,0.912
806000,0.036,0.000,0.964
806500,0.049,0.000,0.951
807000,0.088,0.000,0.912
807500,0.088,0.000,0.912
808000,0.058,0.000,0.942
808500,0.096,0.000,0.904
809000,0.057,0.000,0.943
809500,0.061,0.021,0.918
810000,0.074,0.000,0.926
810500,0.077,0.000,0.923
811000,0.042,0.019,0.939
811500,0.048,0.000,0.952
812000,0.059,0.000,0.941
812500,0.032,0.008,0.960
813000,0.077,0.000,0.923
813500,0.104,0.002,0.894
814000,0.031,0.000,0.969
814500,0.056,0.000,0.944
815000,0.033,0.000,0.967
815500,0.031,0.000,0.969
816000,0.088,0.001,0.911
816500,0.040,0.012,0.948
817000,0.052,0.001,0.947
817500,0.031,0.000,0.969
818000,0.044,0.050,0.906
818500,0.078,0.001,0.921
819000,0.052,0.000,0.948
819500,0.107,0.031,0.862
820000,0.095,0.000,0.905
820500,0.048,0.000,0.952
821000,0.056,0.000,0.944
821500,0.045,0.000,0.955
822000,0.094,0.000,0.906
822500,0.047,0.000,0.953
823000,0.079,0.000,0.921
823500,0.060,0.000,0.940
824000,0.031,0.046,0.923
824500,0.063,0.004,0.933
825000,0.153,0.001,0.846
825500,0.061,0.034,0.905
826000,0.071,0.002,0.927
826500,0.041,0.000,0.959
827000,0.039,0.001,0.960
827500,0.034,0.000,0.966
828000,0.067,0.000,0.933
828500,0.045,0.000,0.955
829000,0.122,0.001,0.877
829500,0.043,0.000,0.957
830000,0.072,0.000,0.928
830500,0.070,0.000,0.930
831000,0.084,0.001,0.915
831500,0.063,0.000,0.937
832000,0.054,0.000,0.946
832500,0.032,0.000,0.968
833000,0.069,0.000,0.931
833500,0.031,0.028,0.941
834000,0.040,0.002,0.958
834500,0.086,0.000,0.914
835000,0.059,0.000,0.941
835500,0.075,0.000,0.925
836000,0.033,0.000,0.967
836500,0.095,0.000,0.905
837000,0.095,0.004,0.901
837500,0.063,0.000,0.937
838000,0.049,0.034,0.917
838500,0.030,0.003,0.967
839000,0.094,0.000,0.906
839500,0.068,0.000,0.932
840000,0.043,0.000,0.957
840500,0.093,0.021,0.886
841000,0.117,0.000,0.883
841500,0.064,0.051,0.885
842000,0.032,0.000,0.968
842500,0.052,0.000,0.948
843000,0.094,0.006,0.900
843500,0.034,0.000,0.966
844000,0.030,0.003,0.967
844500,0.067,0.000,0.933
845000,0.073,0.000,0.927
845500,0.084,0.000,0.916
846000,0.034,0.000,0.966
846500,0.078,0.000,0.922
847000,0.036,0.027,0.937
847500,0.056,0.005,0.939
848000,0.041,0.000,0.959
848500,0.067,0.001,0.932
849000,0.068,0.000,0.932
849500,0.030,0.007,0.963
850000,0.089,0.000,0.911
850500,0.092,0.000,0.908
851000,0.079,0.000,0.921
851500,0.068,0.003,0.929
852000,0.055,0.000,0.945
852500,0.129,0.000,0.871
853000,0.083,0.000,0.917
853500,0.072,0.000,0.928
854000,0.081,0.001,0.918
854500,0.066,0.000,0.934
855000,0.122,0.000,0.878
855500,0.036,0.002,0.962
856000,0.035,0.000,0.965
856500,0.034,0.000,0.966
857000,0.074,0.000,0.926
857500,0.046,0.000,0.954
858000,0.051,0.013,0.936
858500,0.045,0.012,0.943
859000,0.058,0.000,0.942
859500,0.065,0.000,0.935
860000,0.158,0.000,0.842
860500,0.030,0.011,0.959
861000,0.046,0.000,0.954
861500,0.094,0.000,0.906
862000,0.054,0.001,0.945
862500,0.082,0.000,0.918
863000,0.052,0.000,0.948
863500,0.095,0.000,0.905
864000,0.039,0.000,0.961
864500,0.059,0.012,0.929
865000,0.057,0.000,0.943
865500,0.033,0.013,0.954
866000,0.086,0.000,0.914
866500,0.082,0.000,0.918
867000,0.076,0.002,0.922
867500,0.077,0.000,0.923
868000,0.058,0.000,0.942
868500,0.061,0.014,0.925
869000,0.037,0.031,0.932
869500,0.071,0.000,0.929
870000,0.069,0.001,0.930
870500,0.084,0.000,0.916
871000,0.059,0.000,0.941
871500,0.099,0.000,0.901
872000,0.092,0.000,0.908
872500,0.066,0.000,0.934
873000,0.055,0.000,0.945
873500,0.077,0.000,0.923
874000,0.040,0.028,0.932
874500,0.034,0.019,0.947
875000,0.042,0.000,0.958
875500,0.033,0.016,0.951
876000,0.041,0.002,0.957
876500,0.030,0.000,0.970
877000,0.130,0.000,0.870
877500,0.039,0.000,0.961
878000,0.050,0.000,0.950
878500,0.088,0.000,0.912
879000,0.059,0.001,0.940
879500,0.076,0.000,0.924
880000,0.037,0.000,0.963
880500,0.063,0.001,0.936
881000,0.042,0.000,0.958
881500,0.031,0.016,0.953
882000,0.045,0.000,0.955
882500,0.094,0.000,0.906
883000,0.102,0.000,0.898
883500,0.057,0.000,0.943
884000,0.045,0.001,0.954
884500,0.059,0.000,0.941
885000,0.040,0.041,0.919
885500,0.076,0.000,0.924
886000,0.041,0.028,0.931
886500,0.039,0.010,0.951
887000,0.058,0.000,0.942
887500,0.084,0.000,0.916
888000,0.042,0.000,0.958
888500,0.031,0.060,0.909
889000,0.037,0.002,0.961
889500,0.070,0.003,0.927
890000,0.037,0.036,0.927
890500,0.086,0.000,0.914
891000,0.060,0.000,0.940
891500,0.086,0.000,0.914
892000,0.081,0.000,0.919
892500,0.076,0.000,0.924
893000,0.036,0.014,0.950
893500,0.053,0.000,0.947
894000,0.093,0.000,0.907
894500,0.051,0.020,0.929
895000,0.045,0.007,0.948
895500,0.057,0.000,0.943
896000,0.039,0.000,0.961
896500,0.044,0.000,0.956
897000,0.049,0.000,0.951
897500,0.041,0.001,0.958
898000,0.134,0.000,0.866
898500,0.075,0.000,0.925
899000,0.055,0.007,0.938
899500,0.062,0.003,0.935
900000,0.036,0.021,0.943
900500,0.043,0.000,0.957
901000,0.055,0.000,0.945
901500,0.032,0.015,0.953
902000,0.035,0.013,0.952
902500,0.058,0.000,0.942
903000,0.089,0.004,0.907
903500,0.059,0.004,0.937
904000,0.070,0.000,0.930
904500,0.092,0.000,0.908
905000,0.034,0.009,0.957
905500,0.050,0.002,0.948
906000,0.035,0.016,0.949
906500,0.070,0.000,0.930
907000,0.121,0.000,0.879
907500,0.066,0.000,0.934
908000,0.045,0.025,0.930
908500,0.073,0.000,0.927
909000,0.087,0.000,0.913
909500,0.068,0.000,0.932
910000,0.124,0.000,0.876
910500,0.056,0.010,0.934
911000,0.047,0.000,0.953
911500,0.039,0.000,0.961
912000,0.037,0.029,0.934
912500,0.057,0.000,0.943
913000,0.121,0.000,0.879
913500,0.074,0.000,0.926
914000,0.073,0.000,0.927
914500,0.072,0.000,0.928
915000,0.041,0.000,0.959
915500,0.030,0.001,0.969
916000,0.049,0.008,0.943
916500,0.033,0.000,0.967
917000,0.064,0.023,0.913
917500,0.035,0.000,0.965
918000,0.054,0.027,0.919
918500,0.070,0.005,0.925
919000,0.030,0.003,0.967
919500,0.075,0.000,0.925
920000,0.117,0.000,0.883
920500,0.048,0.000,0.952
921000,0.033,0.000,0.967
921500,0.083,0.000,0.917
922000,0.049,0.000,0.951
922500,0.054,0.001,0.945
923000,0.046,0.000,0.954
923500,0.060,0.000,0.940
924000,0.030,0.000,0.970
924500,0.077,0.001,0.922
925000,0.060,0.000,0.940
925500,0.079,0.000,0.921
926000,0.037,0.000,0.963
926500,0.036,0.037,0.927
927000,0.061,0.002,0.937
927500,0.058,0.036,0.906
928000,0.056,0.000,0.944
928500,0.094,0.006,0.900
929000,0.081,0.000,0.919
929500,0.074,0.000,0.926
930000,0.141,0.001,0.858
930500,0.061,0.008,0.931
931000,0.067,0.000,0.933
931500,0.093,0.000,0.907
932000,0.083,0.001,0.916
932500,0.040,0.000,0.960
933000,0.133,0.000,0.867
933500,0.072,0.000,0.928
934000,0.061,0.000,0.939
934500,0.111,0.000,0.889
935000,0.094,0.000,0.906
935500,0.050,0.000,0.950
936000,0.033,0.000,0.967
936500,0.060,0.044,0.896
937000,0.094,0.000,0.906
937500,0.094,0.000,0.906
938000,0.075,0.000,0.925
938500,0.077,0.000,0.923
939000,0.036,0.027,0.937
939500,0.070,0.000,0.930
940000,0.037,0.000,0.963
940500,0.049,0.000,0.951
941000,0.052,0.000,0.948
941500,0.036,0.024,0.940
942000,0.053,0.000,0.947
942500,0.073,0.000,0.927
943000,0.065,0.000,0.935
943500,0.102,0.000,0.898
944000,0.060,0.000,0.940
944500,0.034,0.000,0.966
945000,0.084,0.002,0.914
945500,0.053,0.000,0.947
946000,0.099,0.002,0.899
946500,0.071,0.000,0.929
947000,0.051,0.000,0.949
947500,0.032,0.002,0.966
948000,0.038,0.000,0.962
948500,0.069,0.000,0.931
949000,0.060,0.000,0.940
949500,0.067,0.000,0.933
950000,0.047,0.002,0.951
950500,0.043,0.000,0.957
951000,0.030,0.035,0.935
951500,0.078,0.000,0.922
952000,0.073,0.012,0.915
952500,0.060,0.000,0.940
953000,0.050,0.008,0.942
953500,0.064,0.000,0.936
954000,0.030,0.031,0.939
954500,0.039,0.000,0.961
955000,0.060,0.026,0.914
955500,0.071,0.000,0.929
956000,0.072,0.000,0.928
956500,0.044,0.000,0.956
957000,0.045,0.002,0.953
957500,0.134,0.000,0.866
958000,0.039,0.008,0.953
958500,0.116,0.000,0.884
959000,0.081,0.000,0.919
959500,0.057,0.001,0.942
960000,0.070,0.000,0.930
960500,0.045,0.002,0.953
961000,0.031,0.000,0.969
961500,0.056,0.000,0.944
962000,0.051,0.003,0.946
962500,0.033,0.024,0.943
963000,0.033,0.000,0.967
963500,0.030,0.001,0.969
964000,0.068,0.000,0.932
964500,0.079,0.003,0.918
965000,0.038,0.000,0.962
965500,0.050,0.000,0.950
966000,0.064,0.002,0.934
966500,0.081,0.000,0.919
967000,0.060,0.000,0.940
967500,0.032,0.000,0.968
968000,0.086,0.001,0.913
968500,0.066,0.013,0.921
969000,0.147,0.000,0.853
969500,0.093,0.000,0.907
970000,0.040,0.000,0.960
970500,0.058,0.000,0.942
971000,0.030,0.000,0.970
971500,0.112,0.000,0.888
972000,0.053,0.015,0.932
972500,0.031,0.001,0.968
973000,0.057,0.000,0.943
973500,0.061,0.000,0.939
974000,0.038,0.000,0.962
974500,0.041,0.001,0.958
975000,0.038,0.019,0.943
975500,0.039,0.013,0.948
976000,0.091,0.000,0.909
976500,0.045,0.001,0.954
977000,0.043,0.000,0.957
977500,0.036,0.035,0.929
978000,0.033,0.000,0.967
978500,0.068,0.000,0.932
979000,0.112,0.000,0.888
979500,0.032,0.013,0.955
980000,0.075,0.000,0.925
980500,0.062,0.002,0.936
981000,0.063,0.000,0.937
981500,0.030,0.013,0.957
982000,0.046,0.009,0.945
982500,0.073,0.001,0.926
983000,0.060,0.000,0.940
983500,0.030,0.001,0.969
984000,0.065,0.000,0.935
984500,0.085,0.000,0.915
985000,0.078,0.000,0.922
985500,0.031,0.001,0.968
986000,0.088,0.000,0.912
986500,0.041,0.001,0.958
987000,0.030,0.003,0.967
987500,0.100,0.000,0.900
988000,0.065,0.000,0.935
988500,0.038,0.000,0.962
989000,0.048,0.003,0.949
989500,0.033,0.036,0.931
990000,0.034,0.022,0.944
990500,0.068,0.000,0.932
991000,0.033,0.032,0.935
991500,0.035,0.000,0.965
992000,0.068,0.000,0.932
992500,0.035,0.001,0.964
993000,0.050,0.000,0.950
993500,0.159,0.000,0.841
994000,0.034,0.011,0.955
994500,0.098,0.000,0.902
995000,0.119,0.000,0.881
995500,0.043,0.016,0.941
996000,0.124,0.000,0.876
996500,0.030,0.060,0.910
997000,0.062,0.000,0.938
997500,0.092,0.003,0.905
998000,0.157,0.000,0.843
998500,0.068,0.000,0.932
999000,0.036,0.012,0.952
999500,0.069,0.007,0.924
1000000,0.069,0.000,0.931
