time,n_A+p,n_B,n_AB
0,0.449,0.551,0.000
500,0.420,0.487,0.093
1000,0.411,0.473,0.116
1500,0.362,0.522,0.116
2000,0.396,0.484,0.120
2500,0.380,0.482,0.138
3000,0.386,0.467,0.147
3500,0.358,0.474,0.169
4000,0.348,0.492,0.159
4500,0.330,0.498,0.172
5000,0.329,0.522,0.149
5500,0.321,0.519,0.160
6000,0.337,0.507,0.156
6500,0.327,0.508,0.165
7000,0.320,0.520,0.160
7500,0.346,0.483,0.171
8000,0.317,0.515,0.169
8500,0.317,0.512,0.172
9000,0.307,0.519,0.174
9500,0.317,0.521,0.162
10000,0.331,0.519,0.150
10500,0.346,0.466,0.188
11000,0.313,0.495,0.192
11500,0.302,0.507,0.191
12000,0.292,0.539,0.169
12500,0.327,0.511,0.162
13000,0.304,0.510,0.186
13500,0.324,0.504,0.173
14000,0.331,0.487,0.182
14500,0.346,0.473,0.181
15000,0.320,0.499,0.181
15500,0.351,0.480,0.169
16000,0.333,0.481,0.186
16500,0.340,0.466,0.194
17000,0.344,0.450,0.205
17500,0.350,0.458,0.192
18000,0.361,0.430,0.209
18500,0.354,0.420,0.226
19000,0.343,0.463,0.194
19500,0.338,0.486,0.176
20000,0.355,0.457,0.188
20500,0.372,0.434,0.194
21000,0.385,0.429,0.186
21500,0.403,0.404,0.192
22000,0.426,0.386,0.188
22500,0.419,0.401,0.180
23000,0.427,0.391,0.182
23500,0.437,0.360,0.203
24000,0.423,0.371,0.206
24500,0.433,0.375,0.192
25000,0.429,0.375,0.196
25500,0.439,0.360,0.201
26000,0.456,0.346,0.198
26500,0.435,0.359,0.206
27000,0.453,0.365,0.183
27500,0.464,0.342,0.194
28000,0.446,0.380,0.174
28500,0.409,0.401,0.190
29000,0.416,0.408,0.177
29500,0.393,0.415,0.192
30000,0.380,0.436,0.184
30500,0.386,0.428,0.186
31000,0.375,0.425,0.200
31500,0.396,0.404,0.199
32000,0.362,0.441,0.197
32500,0.352,0.446,0.201
33000,0.319,0.461,0.221
33500,0.332,0.467,0.201
34000,0.326,0.471,0.203
34500,0.321,0.479,0.200
35000,0.315,0.487,0.198
35500,0.301,0.515,0.184
36000,0.302,0.507,0.191
36500,0.314,0.489,0.197
37000,0.305,0.503,0.192
37500,0.288,0.499,0.212
38000,0.287,0.514,0.199
38500,0.281,0.533,0.186
39000,0.287,0.516,0.197
39500,0.242,0.592,0.165
40000,0.224,0.615,0.161
40500,0.217,0.618,0.165
41000,0.195,0.634,0.171
41500,0.220,0.628,0.152
42000,0.221,0.614,0.165
42500,0.222,0.594,0.184
43000,0.230,0.607,0.163
43500,0.226,0.603,0.172
44000,0.212,0.613,0.175
44500,0.224,0.616,0.160
45000,0.243,0.600,0.157
45500,0.225,0.605,0.171
46000,0.219,0.605,0.177
46500,0.213,0.619,0.168
47000,0.202,0.645,0.153
47500,0.180,0.687,0.133
48000,0.178,0.683,0.139
48500,0.177,0.677,0.146
49000,0.169,0.709,0.123
49500,0.163,0.715,0.122
50000,0.176,0.703,0.122
50500,0.158,0.712,0.130
51000,0.159,0.735,0.105
51500,0.155,0.728,0.116
52000,0.144,0.730,0.126
52500,0.138,0.713,0.149
53000,0.140,0.732,0.128
53500,0.143,0.740,0.117
54000,0.159,0.724,0.116
54500,0.163,0.730,0.106
55000,0.142,0.755,0.103
55500,0.130,0.749,0.122
56000,0.121,0.760,0.120
56500,0.135,0.739,0.127
57000,0.152,0.733,0.114
57500,0.139,0.740,0.122
58000,0.144,0.727,0.129
58500,0.144,0.744,0.112
59000,0.118,0.771,0.110
59500,0.125,0.768,0.107
60000,0.130,0.770,0.100
60500,0.134,0.758,0.108
61000,0.141,0.750,0.109
61500,0.161,0.725,0.113
62000,0.163,0.723,0.113
62500,0.158,0.728,0.113
63000,0.163,0.723,0.113
63500,0.137,0.739,0.125
64000,0.137,0.731,0.132
64500,0.145,0.739,0.116
65000,0.133,0.760,0.107
65500,0.109,0.782,0.108
66000,0.089,0.804,0.107
66500,0.084,0.817,0.099
67000,0.079,0.838,0.084
67500,0.080,0.851,0.069
68000,0.077,0.854,0.069
68500,0.076,0.850,0.075
69000,0.077,0.845,0.079
69500,0.077,0.834,0.090
70000,0.075,0.835,0.091
70500,0.070,0.849,0.081
71000,0.079,0.837,0.085
71500,0.079,0.836,0.086
72000,0.085,0.836,0.080
72500,0.080,0.841,0.080
73000,0.083,0.830,0.087
73500,0.076,0.832,0.092
74000,0.074,0.846,0.081
74500,0.068,0.851,0.081
75000,0.073,0.851,0.077
75500,0.070,0.861,0.068
76000,0.064,0.865,0.070
76500,0.063,0.869,0.067
77000,0.062,0.869,0.068
77500,0.062,0.877,0.060
78000,0.061,0.877,0.061
78500,0.060,0.877,0.062
79000,0.060,0.877,0.062
79500,0.060,0.880,0.059
80000,0.060,0.884,0.056
80500,0.060,0.889,0.051
81000,0.060,0.890,0.050
81500,0.061,0.891,0.048
82000,0.061,0.891,0.048
82500,0.061,0.891,0.048
83000,0.060,0.892,0.048
83500,0.060,0.892,0.048
84000,0.060,0.892,0.048
84500,0.060,0.893,0.047
85000,0.060,0.891,0.049
85500,0.059,0.892,0.049
86000,0.059,0.891,0.050
86500,0.058,0.893,0.049
87000,0.057,0.894,0.049
87500,0.057,0.894,0.049
88000,0.057,0.895,0.048
88500,0.057,0.896,0.047
89000,0.056,0.898,0.046
89500,0.055,0.898,0.047
90000,0.054,0.900,0.046
90500,0.054,0.901,0.045
91000,0.054,0.902,0.044
91500,0.054,0.902,0.044
92000,0.053,0.903,0.044
92500,0.052,0.904,0.044
93000,0.052,0.904,0.044
93500,0.052,0.908,0.040
94000,0.052,0.908,0.040
94500,0.052,0.909,0.039
95000,0.052,0.908,0.040
95500,0.052,0.911,0.037
96000,0.055,0.906,0.039
96500,0.056,0.907,0.037
97000,0.057,0.905,0.038
97500,0.057,0.901,0.042
98000,0.055,0.893,0.052
98500,0.051,0.905,0.044
99000,0.051,0.905,0.044
99500,0.049,0.909,0.042
100000,0.051,0.900,0.049
100500,0.052,0.903,0.045
101000,0.051,0.905,0.044
101500,0.050,0.905,0.045
102000,0.050,0.906,0.044
102500,0.050,0.907,0.043
103000,0.049,0.908,0.043
103500,0.049,0.908,0.043
104000,0.049,0.910,0.041
104500,0.049,0.910,0.041
105000,0.049,0.913,0.038
105500,0.049,0.913,0.038
106000,0.049,0.914,0.037
106500,0.049,0.915,0.036
107000,0.049,0.915,0.036
107500,0.049,0.916,0.035
108000,0.049,0.917,0.034
108500,0.049,0.918,0.033
109000,0.049,0.917,0.034
109500,0.049,0.914,0.037
110000,0.050,0.912,0.038
110500,0.049,0.913,0.038
111000,0.048,0.917,0.035
111500,0.048,0.918,0.034
112000,0.048,0.919,0.033
112500,0.047,0.919,0.034
113000,0.047,0.918,0.035
113500,0.047,0.919,0.034
114000,0.047,0.916,0.037
114500,0.047,0.920,0.033
115000,0.047,0.922,0.031
115500,0.047,0.922,0.031
116000,0.047,0.922,0.031
116500,0.046,0.922,0.032
117000,0.046,0.921,0.033
117500,0.046,0.921,0.033
118000,0.046,0.921,0.033
118500,0.046,0.921,0.033
119000,0.046,0.923,0.031
119500,0.046,0.923,0.031
120000,0.046,0.923,0.031
120500,0.046,0.921,0.033
121000,0.046,0.922,0.032
121500,0.046,0.921,0.033
122000,0.046,0.924,0.030
122500,0.046,0.924,0.030
123000,0.046,0.924,0.030
123500,0.046,0.923,0.031
124000,0.046,0.924,0.030
124500,0.046,0.925,0.029
125000,0.045,0.926,0.029
125500,0.044,0.926,0.030
126000,0.044,0.927,0.029
126500,0.043,0.926,0.031
127000,0.043,0.926,0.031
127500,0.043,0.927,0.030
128000,0.043,0.927,0.030
128500,0.042,0.928,0.030
129000,0.042,0.928,0.030
129500,0.042,0.928,0.030
130000,0.042,0.928,0.030
130500,0.042,0.928,0.030
131000,0.042,0.928,0.030
131500,0.042,0.928,0.030
132000,0.041,0.928,0.031
132500,0.041,0.928,0.031
133000,0.041,0.928,0.031
133500,0.041,0.928,0.031
134000,0.040,0.928,0.032
134500,0.040,0.927,0.033
135000,0.039,0.927,0.034
135500,0.039,0.928,0.033
136000,0.039,0.928,0.033
136500,0.039,0.930,0.032
137000,0.039,0.931,0.031
137500,0.038,0.931,0.032
138000,0.038,0.932,0.031
138500,0.037,0.933,0.031
139000,0.037,0.933,0.031
139500,0.037,0.933,0.031
140000,0.036,0.932,0.033
140500,0.036,0.933,0.032
141000,0.036,0.933,0.032
141500,0.036,0.933,0.032
142000,0.035,0.932,0.034
142500,0.035,0.933,0.033
143000,0.035,0.933,0.033
143500,0.035,0.933,0.033
144000,0.033,0.933,0.035
144500,0.033,0.933,0.035
145000,0.033,0.933,0.035
145500,0.033,0.933,0.035
146000,0.033,0.933,0.035
146500,0.033,0.933,0.035
147000,0.033,0.933,0.035
147500,0.033,0.933,0.035
148000,0.033,0.934,0.034
148500,0.033,0.934,0.034
149000,0.033,0.934,0.034
149500,0.033,0.934,0.034
150000,0.033,0.934,0.034
150500,0.033,0.934,0.034
151000,0.033,0.934,0.034
151500,0.033,0.934,0.034
152000,0.033,0.933,0.035
152500,0.033,0.934,0.034
153000,0.033,0.934,0.034
153500,0.033,0.934,0.034
154000,0.033,0.935,0.033
154500,0.033,0.935,0.033
155000,0.033,0.935,0.033
155500,0.033,0.935,0.033
156000,0.033,0.934,0.034
156500,0.033,0.934,0.034
157000,0.032,0.935,0.034
157500,0.032,0.935,0.034
158000,0.032,0.935,0.034
158500,0.032,0.934,0.035
159000,0.032,0.936,0.033
159500,0.031,0.936,0.034
160000,0.031,0.935,0.035
160500,0.030,0.936,0.035
161000,0.030,0.936,0.035
161500,0.030,0.939,0.032
162000,0.030,0.940,0.031
162500,0.030,0.940,0.031
163000,0.030,0.940,0.031
163500,0.030,0.940,0.031
164000,0.030,0.940,0.031
164500,0.029,0.942,0.030
165000,0.029,0.942,0.030
165500,0.029,0.942,0.030
166000,0.029,0.942,0.030
166500,0.029,0.943,0.029
167000,0.029,0.943,0.029
167500,0.029,0.943,0.029
168000,0.029,0.943,0.029
168500,0.029,0.943,0.029
169000,0.029,0.943,0.029
169500,0.029,0.945,0.027
170000,0.028,0.944,0.029
170500,0.028,0.944,0.029
171000,0.028,0.944,0.029
171500,0.027,0.944,0.030
172000,0.027,0.944,0.030
172500,0.027,0.944,0.030
173000,0.027,0.944,0.030
173500,0.027,0.944,0.030
174000,0.027,0.945,0.029
174500,0.027,0.945,0.029
175000,0.027,0.945,0.029
175500,0.027,0.945,0.029
176000,0.027,0.946,0.028
176500,0.027,0.946,0.028
177000,0.027,0.946,0.028
177500,0.027,0.946,0.028
178000,0.027,0.946,0.028
178500,0.027,0.946,0.028
179000,0.027,0.946,0.028
179500,0.027,0.946,0.028
180000,0.027,0.946,0.028
180500,0.027,0.946,0.028
181000,0.027,0.946,0.028
181500,0.026,0.946,0.029
182000,0.026,0.946,0.029
182500,0.026,0.946,0.029
183000,0.026,0.945,0.030
183500,0.026,0.945,0.030
184000,0.026,0.945,0.030
184500,0.026,0.946,0.029
185000,0.026,0.946,0.029
185500,0.026,0.946,0.029
186000,0.026,0.945,0.030
186500,0.026,0.940,0.035
187000,0.026,0.942,0.033
187500,0.026,0.944,0.031
188000,0.026,0.945,0.030
188500,0.023,0.946,0.031
189000,0.023,0.946,0.031
189500,0.023,0.946,0.031
190000,0.023,0.947,0.030
190500,0.023,0.948,0.029
191000,0.023,0.948,0.029
191500,0.023,0.948,0.029
192000,0.023,0.948,0.029
192500,0.023,0.948,0.029
193000,0.023,0.948,0.029
193500,0.023,0.948,0.029
194000,0.023,0.948,0.029
194500,0.023,0.948,0.029
195000,0.023,0.948,0.029
195500,0.023,0.948,0.029
196000,0.023,0.948,0.029
196500,0.022,0.948,0.030
197000,0.022,0.948,0.030
197500,0.022,0.948,0.030
198000,0.022,0.948,0.030
198500,0.022,0.948,0.030
199000,0.022,0.949,0.029
199500,0.021,0.949,0.030
200000,0.021,0.949,0.030
200500,0.021,0.949,0.030
201000,0.021,0.949,0.030
201500,0.021,0.949,0.030
202000,0.021,0.949,0.030
202500,0.021,0.949,0.030
203000,0.020,0.950,0.030
203500,0.020,0.950,0.030
204000,0.020,0.950,0.030
204500,0.020,0.950,0.030
205000,0.020,0.950,0.030
205500,0.020,0.950,0.030
206000,0.020,0.950,0.030
206500,0.020,0.949,0.031
207000,0.020,0.950,0.030
207500,0.020,0.950,0.030
208000,0.020,0.951,0.029
208500,0.020,0.952,0.028
209000,0.020,0.953,0.027
209500,0.020,0.953,0.027
210000,0.020,0.953,0.027
210500,0.020,0.953,0.027
211000,0.020,0.953,0.027
211500,0.020,0.952,0.028
212000,0.020,0.953,0.027
212500,0.019,0.951,0.030
213000,0.019,0.953,0.028
213500,0.019,0.954,0.027
214000,0.019,0.954,0.027
214500,0.019,0.955,0.026
215000,0.019,0.955,0.026
215500,0.018,0.955,0.027
216000,0.018,0.955,0.027
216500,0.018,0.955,0.027
217000,0.018,0.955,0.027
217500,0.018,0.955,0.027
218000,0.018,0.955,0.027
218500,0.018,0.955,0.027
219000,0.018,0.955,0.027
219500,0.018,0.955,0.027
220000,0.018,0.955,0.027
220500,0.018,0.955,0.027
221000,0.018,0.955,0.027
221500,0.018,0.955,0.027
222000,0.018,0.955,0.027
222500,0.018,0.955,0.027
223000,0.018,0.955,0.027
223500,0.018,0.955,0.027
224000,0.018,0.955,0.027
224500,0.018,0.955,0.027
225000,0.018,0.955,0.027
225500,0.018,0.955,0.027
226000,0.018,0.955,0.027
226500,0.018,0.955,0.027
227000,0.018,0.955,0.027
227500,0.018,0.955,0.027
228000,0.018,0.955,0.027
228500,0.018,0.955,0.027
229000,0.018,0.955,0.027
229500,0.018,0.954,0.028
230000,0.018,0.954,0.028
230500,0.018,0.954,0.028
231000,0.018,0.954,0.028
231500,0.018,0.954,0.028
232000,0.018,0.954,0.028
232500,0.018,0.954,0.028
233000,0.018,0.954,0.028
233500,0.018,0.954,0.028
234000,0.018,0.954,0.028
234500,0.018,0.954,0.028
235000,0.018,0.956,0.026
235500,0.018,0.956,0.026
236000,0.018,0.956,0.026
236500,0.018,0.956,0.026
237000,0.018,0.956,0.026
237500,0.018,0.957,0.025
238000,0.018,0.957,0.025
238500,0.017,0.955,0.028
239000,0.017,0.955,0.028
239500,0.017,0.957,0.026
240000,0.017,0.957,0.026
240500,0.017,0.957,0.026
241000,0.017,0.958,0.025
241500,0.017,0.958,0.025
242000,0.017,0.958,0.025
242500,0.016,0.958,0.026
243000,0.016,0.959,0.025
243500,0.016,0.959,0.025
244000,0.016,0.959,0.025
244500,0.016,0.959,0.025
245000,0.016,0.959,0.025
245500,0.016,0.959,0.025
246000,0.016,0.959,0.025
246500,0.016,0.959,0.025
247000,0.016,0.960,0.023
247500,0.016,0.959,0.025
248000,0.016,0.960,0.023
248500,0.016,0.960,0.023
249000,0.018,0.960,0.021
249500,0.018,0.960,0.021
250000,0.018,0.960,0.021
250500,0.018,0.960,0.021
251000,0.016,0.960,0.023
251500,0.016,0.960,0.023
252000,0.016,0.960,0.023
252500,0.016,0.959,0.025
253000,0.016,0.960,0.023
253500,0.016,0.960,0.023
254000,0.016,0.960,0.023
254500,0.016,0.958,0.026
255000,0.016,0.959,0.025
255500,0.016,0.960,0.023
256000,0.016,0.960,0.023
256500,0.016,0.960,0.023
257000,0.016,0.959,0.025
257500,0.015,0.959,0.026
258000,0.015,0.962,0.022
258500,0.015,0.962,0.022
259000,0.015,0.962,0.022
259500,0.014,0.962,0.023
260000,0.014,0.962,0.023
260500,0.014,0.962,0.023
261000,0.014,0.962,0.023
261500,0.014,0.962,0.023
262000,0.014,0.962,0.023
262500,0.014,0.962,0.023
263000,0.014,0.962,0.023
263500,0.014,0.962,0.023
264000,0.014,0.962,0.023
264500,0.014,0.962,0.023
265000,0.014,0.962,0.023
265500,0.014,0.962,0.023
266000,0.013,0.962,0.025
266500,0.013,0.963,0.023
267000,0.013,0.964,0.022
267500,0.013,0.964,0.022
268000,0.013,0.964,0.022
268500,0.013,0.964,0.022
269000,0.013,0.964,0.022
269500,0.013,0.964,0.022
270000,0.013,0.964,0.022
270500,0.013,0.963,0.023
271000,0.013,0.961,0.026
271500,0.013,0.962,0.025
272000,0.013,0.964,0.022
272500,0.013,0.964,0.022
273000,0.013,0.964,0.022
273500,0.013,0.964,0.022
274000,0.013,0.964,0.022
274500,0.013,0.964,0.022
275000,0.013,0.964,0.022
275500,0.013,0.964,0.022
276000,0.013,0.964,0.022
276500,0.013,0.964,0.022
277000,0.013,0.966,0.020
277500,0.013,0.966,0.020
278000,0.013,0.966,0.020
278500,0.013,0.966,0.020
279000,0.013,0.966,0.020
279500,0.013,0.966,0.020
280000,0.013,0.966,0.020
280500,0.013,0.966,0.020
281000,0.013,0.966,0.020
281500,0.013,0.966,0.020
282000,0.013,0.966,0.020
282500,0.013,0.967,0.019
283000,0.013,0.967,0.019
283500,0.013,0.967,0.019
284000,0.013,0.966,0.020
284500,0.013,0.967,0.019
285000,0.013,0.967,0.019
285500,0.013,0.967,0.019
286000,0.013,0.967,0.019
286500,0.013,0.967,0.019
287000,0.013,0.967,0.019
287500,0.013,0.967,0.019
288000,0.013,0.967,0.019
288500,0.013,0.967,0.019
289000,0.013,0.967,0.019
289500,0.013,0.967,0.019
290000,0.013,0.967,0.019
290500,0.013,0.967,0.019
291000,0.013,0.967,0.019
291500,0.013,0.967,0.019
292000,0.013,0.967,0.019
292500,0.013,0.967,0.019
293000,0.013,0.967,0.019
293500,0.013,0.967,0.019
294000,0.013,0.967,0.019
294500,0.013,0.965,0.021
295000,0.012,0.965,0.022
295500,0.012,0.965,0.022
296000,0.012,0.965,0.022
296500,0.012,0.965,0.022
297000,0.012,0.965,0.022
297500,0.012,0.965,0.022
298000,0.012,0.965,0.022
298500,0.012,0.965,0.022
299000,0.012,0.965,0.022
299500,0.012,0.965,0.022
300000,0.011,0.965,0.023
300500,0.011,0.966,0.022
301000,0.011,0.966,0.022
301500,0.011,0.966,0.022
302000,0.011,0.966,0.022
302500,0.011,0.966,0.022
303000,0.011,0.966,0.022
303500,0.013,0.966,0.020
304000,0.013,0.966,0.020
304500,0.013,0.966,0.020
305000,0.013,0.966,0.020
305500,0.013,0.966,0.020
306000,0.013,0.966,0.020
306500,0.013,0.966,0.020
307000,0.013,0.966,0.020
307500,0.013,0.966,0.020
308000,0.013,0.966,0.020
308500,0.013,0.966,0.020
309000,0.012,0.966,0.021
309500,0.012,0.966,0.021
310000,0.012,0.966,0.021
310500,0.012,0.966,0.021
311000,0.012,0.966,0.021
311500,0.012,0.966,0.021
312000,0.012,0.966,0.021
312500,0.012,0.966,0.021
313000,0.012,0.966,0.021
313500,0.012,0.966,0.021
314000,0.012,0.966,0.021
314500,0.012,0.966,0.021
315000,0.012,0.966,0.021
315500,0.012,0.966,0.021
316000,0.012,0.966,0.021
316500,0.012,0.966,0.021
317000,0.012,0.966,0.021
317500,0.012,0.966,0.021
318000,0.012,0.966,0.021
318500,0.012,0.966,0.021
319000,0.012,0.967,0.020
319500,0.012,0.967,0.020
320000,0.012,0.967,0.020
320500,0.012,0.968,0.019
321000,0.012,0.968,0.019
321500,0.012,0.968,0.019
322000,0.012,0.968,0.019
322500,0.012,0.968,0.019
323000,0.012,0.968,0.019
323500,0.012,0.968,0.019
324000,0.012,0.968,0.019
324500,0.012,0.968,0.019
325000,0.012,0.968,0.019
325500,0.012,0.968,0.019
326000,0.012,0.968,0.019
326500,0.012,0.968,0.019
327000,0.012,0.968,0.019
327500,0.012,0.968,0.019
328000,0.012,0.968,0.019
328500,0.012,0.968,0.019
329000,0.012,0.968,0.019
329500,0.012,0.968,0.019
330000,0.012,0.968,0.019
330500,0.012,0.968,0.019
331000,0.012,0.968,0.019
331500,0.012,0.968,0.019
332000,0.012,0.968,0.019
332500,0.012,0.968,0.019
333000,0.012,0.968,0.019
333500,0.012,0.968,0.019
334000,0.012,0.968,0.019
334500,0.012,0.968,0.019
335000,0.012,0.968,0.019
335500,0.012,0.968,0.019
336000,0.012,0.968,0.019
336500,0.012,0.968,0.019
337000,0.012,0.968,0.019
337500,0.012,0.968,0.019
338000,0.012,0.968,0.019
338500,0.012,0.968,0.019
339000,0.012,0.968,0.019
339500,0.012,0.968,0.019
340000,0.012,0.968,0.019
340500,0.012,0.967,0.020
341000,0.012,0.967,0.020
341500,0.012,0.967,0.020
342000,0.012,0.967,0.020
342500,0.012,0.967,0.020
343000,0.012,0.967,0.020
343500,0.012,0.967,0.020
344000,0.012,0.967,0.020
344500,0.012,0.967,0.020
345000,0.012,0.967,0.020
345500,0.012,0.967,0.020
346000,0.012,0.967,0.020
346500,0.011,0.967,0.021
347000,0.011,0.967,0.021
347500,0.011,0.967,0.021
348000,0.011,0.967,0.021
348500,0.011,0.967,0.021
349000,0.011,0.967,0.021
349500,0.011,0.967,0.021
350000,0.011,0.967,0.021
350500,0.011,0.967,0.021
351000,0.011,0.967,0.021
351500,0.011,0.967,0.021
352000,0.011,0.965,0.023
352500,0.011,0.965,0.023
353000,0.011,0.965,0.023
353500,0.011,0.965,0.023
354000,0.012,0.965,0.022
354500,0.011,0.966,0.022
355000,0.011,0.966,0.022
355500,0.011,0.967,0.021
356000,0.011,0.967,0.021
356500,0.011,0.967,0.021
357000,0.011,0.967,0.021
357500,0.011,0.967,0.021
358000,0.011,0.967,0.021
358500,0.011,0.967,0.021
359000,0.011,0.967,0.021
359500,0.011,0.967,0.021
360000,0.011,0.967,0.021
360500,0.011,0.967,0.021
361000,0.011,0.967,0.021
361500,0.011,0.968,0.020
362000,0.011,0.968,0.020
362500,0.011,0.969,0.019
363000,0.011,0.969,0.019
363500,0.011,0.969,0.019
364000,0.011,0.969,0.019
364500,0.011,0.969,0.019
365000,0.011,0.969,0.019
365500,0.011,0.969,0.019
366000,0.011,0.969,0.019
366500,0.011,0.969,0.019
367000,0.011,0.969,0.019
367500,0.011,0.969,0.019
368000,0.011,0.969,0.019
368500,0.011,0.969,0.019
369000,0.011,0.969,0.019
369500,0.011,0.969,0.019
370000,0.011,0.969,0.019
370500,0.011,0.969,0.019
371000,0.011,0.969,0.019
371500,0.011,0.969,0.019
372000,0.011,0.969,0.019
372500,0.011,0.969,0.019
373000,0.011,0.969,0.019
373500,0.011,0.969,0.019
374000,0.011,0.969,0.019
374500,0.011,0.969,0.019
375000,0.011,0.969,0.019
375500,0.011,0.969,0.019
376000,0.011,0.969,0.019
376500,0.011,0.969,0.019
377000,0.011,0.969,0.019
377500,0.011,0.969,0.019
378000,0.011,0.969,0.019
378500,0.011,0.969,0.019
379000,0.011,0.969,0.019
379500,0.011,0.969,0.019
380000,0.011,0.969,0.019
380500,0.011,0.969,0.019
381000,0.011,0.969,0.019
381500,0.011,0.969,0.019
382000,0.011,0.969,0.019
382500,0.011,0.969,0.019
383000,0.011,0.970,0.018
383500,0.011,0.970,0.018
384000,0.011,0.970,0.018
384500,0.011,0.970,0.018
385000,0.011,0.970,0.018
385500,0.011,0.970,0.018
386000,0.011,0.970,0.018
386500,0.011,0.970,0.018
387000,0.011,0.970,0.018
387500,0.011,0.970,0.018
388000,0.011,0.970,0.018
388500,0.011,0.970,0.018
389000,0.011,0.970,0.018
389500,0.011,0.970,0.018
390000,0.011,0.970,0.018
390500,0.011,0.970,0.018
391000,0.011,0.970,0.018
391500,0.011,0.971,0.017
392000,0.011,0.971,0.017
392500,0.011,0.971,0.017
393000,0.011,0.971,0.017
393500,0.011,0.970,0.018
394000,0.011,0.970,0.018
394500,0.011,0.970,0.018
395000,0.011,0.970,0.018
395500,0.011,0.970,0.018
396000,0.011,0.970,0.018
396500,0.011,0.971,0.017
397000,0.011,0.971,0.017
397500,0.011,0.971,0.017
398000,0.011,0.971,0.017
398500,0.011,0.971,0.017
399000,0.011,0.971,0.017
399500,0.011,0.971,0.017
400000,0.011,0.971,0.017
400500,0.011,0.971,0.017
401000,0.011,0.971,0.017
401500,0.011,0.971,0.017
402000,0.011,0.971,0.017
402500,0.011,0.971,0.017
403000,0.011,0.971,0.017
403500,0.011,0.971,0.017
404000,0.011,0.972,0.016
404500,0.011,0.972,0.016
405000,0.011,0.972,0.016
405500,0.011,0.972,0.016
406000,0.011,0.972,0.016
406500,0.011,0.972,0.016
407000,0.011,0.972,0.016
407500,0.011,0.972,0.016
408000,0.011,0.972,0.016
408500,0.011,0.972,0.016
409000,0.011,0.972,0.016
409500,0.011,0.972,0.016
410000,0.011,0.972,0.016
410500,0.011,0.972,0.016
411000,0.011,0.972,0.016
411500,0.011,0.972,0.016
412000,0.011,0.972,0.016
412500,0.011,0.972,0.016
413000,0.011,0.972,0.016
413500,0.011,0.972,0.016
414000,0.011,0.972,0.016
414500,0.011,0.972,0.016
415000,0.011,0.972,0.016
415500,0.011,0.972,0.016
416000,0.011,0.972,0.016
416500,0.011,0.972,0.016
417000,0.011,0.972,0.016
417500,0.011,0.972,0.016
418000,0.010,0.973,0.016
418500,0.010,0.973,0.016
419000,0.010,0.973,0.016
419500,0.010,0.973,0.016
420000,0.010,0.973,0.016
420500,0.010,0.973,0.016
421000,0.010,0.973,0.016
421500,0.010,0.973,0.016
422000,0.010,0.973,0.016
422500,0.010,0.973,0.016
423000,0.010,0.973,0.016
423500,0.010,0.973,0.016
424000,0.010,0.973,0.016
424500,0.010,0.973,0.016
425000,0.010,0.973,0.016
425500,0.010,0.973,0.016
426000,0.010,0.973,0.016
426500,0.010,0.973,0.016
427000,0.010,0.973,0.016
427500,0.010,0.973,0.016
428000,0.010,0.973,0.016
428500,0.010,0.973,0.016
429000,0.010,0.973,0.016
429500,0.010,0.973,0.016
430000,0.010,0.973,0.016
430500,0.010,0.973,0.016
431000,0.010,0.973,0.016
431500,0.010,0.973,0.016
432000,0.010,0.973,0.016
432500,0.010,0.973,0.016
433000,0.010,0.973,0.016
433500,0.010,0.973,0.016
434000,0.010,0.973,0.016
434500,0.010,0.973,0.016
435000,0.010,0.973,0.016
435500,0.010,0.973,0.016
436000,0.010,0.973,0.016
436500,0.010,0.973,0.016
437000,0.010,0.973,0.016
437500,0.010,0.973,0.016
438000,0.010,0.973,0.016
438500,0.010,0.973,0.016
439000,0.010,0.973,0.016
439500,0.010,0.973,0.016
440000,0.010,0.973,0.016
440500,0.010,0.973,0.016
441000,0.010,0.973,0.016
441500,0.010,0.973,0.016
442000,0.010,0.973,0.016
442500,0.010,0.973,0.016
443000,0.010,0.973,0.016
443500,0.010,0.973,0.016
444000,0.010,0.973,0.016
444500,0.010,0.973,0.016
445000,0.010,0.973,0.016
445500,0.010,0.973,0.016
446000,0.010,0.973,0.016
446500,0.010,0.973,0.016
447000,0.010,0.974,0.015
447500,0.010,0.974,0.015
448000,0.010,0.974,0.015
448500,0.010,0.975,0.014
449000,0.010,0.975,0.014
449500,0.010,0.975,0.014
450000,0.010,0.977,0.013
450500,0.010,0.978,0.012
451000,0.010,0.978,0.012
451500,0.010,0.978,0.012
452000,0.010,0.978,0.012
452500,0.010,0.977,0.013
453000,0.010,0.977,0.013
453500,0.010,0.977,0.013
454000,0.010,0.977,0.013
454500,0.010,0.974,0.015
455000,0.010,0.975,0.014
455500,0.010,0.974,0.015
456000,0.010,0.972,0.017
456500,0.010,0.973,0.016
457000,0.010,0.974,0.015
457500,0.010,0.975,0.014
458000,0.010,0.975,0.014
458500,0.010,0.975,0.014
459000,0.010,0.977,0.013
459500,0.010,0.977,0.013
460000,0.010,0.977,0.013
460500,0.010,0.977,0.013
461000,0.010,0.977,0.013
461500,0.010,0.977,0.013
462000,0.010,0.977,0.013
462500,0.010,0.977,0.013
463000,0.010,0.977,0.013
463500,0.010,0.977,0.013
464000,0.010,0.977,0.013
464500,0.010,0.977,0.013
465000,0.010,0.977,0.013
465500,0.010,0.977,0.013
466000,0.010,0.977,0.013
466500,0.009,0.977,0.014
467000,0.009,0.977,0.014
467500,0.009,0.977,0.014
468000,0.009,0.977,0.014
468500,0.009,0.977,0.014
469000,0.009,0.977,0.014
469500,0.009,0.977,0.014
470000,0.009,0.977,0.014
470500,0.009,0.977,0.014
471000,0.009,0.977,0.014
471500,0.009,0.977,0.014
472000,0.009,0.977,0.014
472500,0.009,0.977,0.014
473000,0.009,0.979,0.012
473500,0.009,0.979,0.012
474000,0.009,0.979,0.012
474500,0.009,0.979,0.012
475000,0.009,0.979,0.012
475500,0.009,0.979,0.012
476000,0.009,0.979,0.012
476500,0.009,0.979,0.012
477000,0.009,0.980,0.011
477500,0.009,0.980,0.011
478000,0.009,0.980,0.011
478500,0.009,0.980,0.011
479000,0.009,0.980,0.011
479500,0.009,0.980,0.011
480000,0.009,0.980,0.011
480500,0.009,0.980,0.011
481000,0.009,0.980,0.011
481500,0.009,0.980,0.011
482000,0.009,0.980,0.011
482500,0.009,0.980,0.011
483000,0.009,0.980,0.011
483500,0.009,0.980,0.011
484000,0.009,0.980,0.011
484500,0.009,0.980,0.011
485000,0.009,0.980,0.011
485500,0.009,0.980,0.011
486000,0.009,0.980,0.011
486500,0.009,0.980,0.011
487000,0.009,0.980,0.011
487500,0.009,0.980,0.011
488000,0.009,0.980,0.011
488500,0.009,0.980,0.011
489000,0.009,0.980,0.011
489500,0.009,0.980,0.011
490000,0.009,0.980,0.011
490500,0.009,0.980,0.011
491000,0.009,0.980,0.011
491500,0.009,0.980,0.011
492000,0.009,0.980,0.011
492500,0.009,0.980,0.011
493000,0.009,0.980,0.011
493500,0.009,0.980,0.011
494000,0.009,0.980,0.011
494500,0.009,0.980,0.011
495000,0.009,0.980,0.011
495500,0.009,0.980,0.011
496000,0.009,0.980,0.011
496500,0.009,0.980,0.011
497000,0.009,0.980,0.011
497500,0.009,0.981,0.010
498000,0.009,0.981,0.010
498500,0.009,0.981,0.010
499000,0.009,0.980,0.011
499500,0.009,0.981,0.010
500000,0.009,0.981,0.010
500500,0.009,0.981,0.010
501000,0.009,0.981,0.010
501500,0.009,0.981,0.010
502000,0.009,0.980,0.011
502500,0.009,0.981,0.010
503000,0.009,0.981,0.010
503500,0.009,0.980,0.011
504000,0.009,0.981,0.010
504500,0.008,0.982,0.010
505000,0.008,0.982,0.010
505500,0.008,0.982,0.010
506000,0.008,0.982,0.010
506500,0.008,0.982,0.010
507000,0.008,0.983,0.009
507500,0.008,0.983,0.009
508000,0.008,0.983,0.009
508500,0.008,0.983,0.009
509000,0.008,0.983,0.009
509500,0.008,0.983,0.009
510000,0.008,0.983,0.009
510500,0.008,0.983,0.009
511000,0.008,0.983,0.009
511500,0.008,0.983,0.009
512000,0.008,0.983,0.009
512500,0.008,0.983,0.009
513000,0.008,0.983,0.009
513500,0.008,0.983,0.009
514000,0.008,0.983,0.009
514500,0.008,0.983,0.009
515000,0.008,0.983,0.009
515500,0.008,0.983,0.009
516000,0.008,0.983,0.009
516500,0.008,0.983,0.009
517000,0.008,0.983,0.009
517500,0.008,0.983,0.009
518000,0.008,0.983,0.009
518500,0.008,0.983,0.009
519000,0.008,0.983,0.009
519500,0.008,0.983,0.009
520000,0.008,0.983,0.009
520500,0.008,0.983,0.009
521000,0.008,0.984,0.008
521500,0.008,0.984,0.008
522000,0.008,0.984,0.008
522500,0.008,0.984,0.008
523000,0.008,0.984,0.008
523500,0.008,0.984,0.008
524000,0.008,0.984,0.008
524500,0.008,0.984,0.008
525000,0.008,0.984,0.008
525500,0.008,0.984,0.008
526000,0.008,0.984,0.008
526500,0.008,0.984,0.008
527000,0.008,0.984,0.008
527500,0.008,0.984,0.008
528000,0.008,0.983,0.009
528500,0.008,0.984,0.008
529000,0.008,0.984,0.008
529500,0.008,0.984,0.008
530000,0.008,0.984,0.008
530500,0.008,0.984,0.008
531000,0.008,0.984,0.008
531500,0.008,0.984,0.008
532000,0.008,0.984,0.008
532500,0.008,0.984,0.008
533000,0.008,0.984,0.008
533500,0.008,0.984,0.008
534000,0.008,0.984,0.008
534500,0.008,0.984,0.008
535000,0.008,0.984,0.008
535500,0.008,0.984,0.008
536000,0.008,0.984,0.008
536500,0.008,0.984,0.008
537000,0.008,0.984,0.008
537500,0.008,0.983,0.009
538000,0.008,0.984,0.008
538500,0.008,0.984,0.008
539000,0.008,0.984,0.008
539500,0.008,0.984,0.008
540000,0.008,0.984,0.008
540500,0.008,0.984,0.008
541000,0.008,0.984,0.008
541500,0.008,0.984,0.008
542000,0.007,0.984,0.009
542500,0.007,0.984,0.009
543000,0.007,0.984,0.009
543500,0.007,0.984,0.009
544000,0.007,0.984,0.009
544500,0.007,0.984,0.009
545000,0.007,0.984,0.009
545500,0.007,0.984,0.009
546000,0.007,0.984,0.009
546500,0.007,0.984,0.009
547000,0.007,0.985,0.008
547500,0.007,0.985,0.008
548000,0.007,0.986,0.007
548500,0.007,0.986,0.007
549000,0.007,0.986,0.007
549500,0.007,0.986,0.007
550000,0.007,0.986,0.007
550500,0.007,0.986,0.007
551000,0.007,0.986,0.007
551500,0.007,0.986,0.007
552000,0.007,0.986,0.007
552500,0.007,0.986,0.007
553000,0.007,0.986,0.007
553500,0.007,0.986,0.007
554000,0.007,0.986,0.007
554500,0.007,0.986,0.007
555000,0.007,0.986,0.007
555500,0.007,0.986,0.007
556000,0.007,0.986,0.007
556500,0.007,0.986,0.007
557000,0.007,0.986,0.007
557500,0.007,0.986,0.007
558000,0.007,0.986,0.007
558500,0.007,0.986,0.007
559000,0.007,0.986,0.007
559500,0.007,0.986,0.007
560000,0.007,0.986,0.007
560500,0.007,0.986,0.007
561000,0.007,0.986,0.007
561500,0.007,0.986,0.007
562000,0.007,0.986,0.007
562500,0.007,0.986,0.007
563000,0.007,0.986,0.007
563500,0.007,0.986,0.007
564000,0.007,0.986,0.007
564500,0.007,0.986,0.007
565000,0.007,0.986,0.007
565500,0.007,0.986,0.007
566000,0.007,0.986,0.007
566500,0.007,0.986,0.007
567000,0.006,0.986,0.008
567500,0.006,0.986,0.008
568000,0.006,0.986,0.008
568500,0.006,0.986,0.008
569000,0.006,0.986,0.008
569500,0.006,0.986,0.008
570000,0.006,0.986,0.008
570500,0.005,0.987,0.008
571000,0.005,0.987,0.008
571500,0.005,0.987,0.008
572000,0.005,0.987,0.008
572500,0.005,0.987,0.008
573000,0.005,0.987,0.008
573500,0.005,0.987,0.008
574000,0.005,0.987,0.008
574500,0.005,0.987,0.008
575000,0.005,0.987,0.008
575500,0.005,0.987,0.008
576000,0.005,0.987,0.008
576500,0.005,0.987,0.008
577000,0.005,0.987,0.008
577500,0.005,0.987,0.008
578000,0.005,0.987,0.008
578500,0.005,0.987,0.008
579000,0.005,0.987,0.008
579500,0.005,0.987,0.008
580000,0.005,0.987,0.008
580500,0.005,0.987,0.008
581000,0.005,0.987,0.008
581500,0.005,0.987,0.008
582000,0.005,0.987,0.008
582500,0.005,0.987,0.008
583000,0.005,0.987,0.008
583500,0.005,0.987,0.008
584000,0.005,0.987,0.008
584500,0.005,0.987,0.008
585000,0.005,0.987,0.008
585500,0.005,0.987,0.008
586000,0.005,0.987,0.008
586500,0.005,0.987,0.008
587000,0.005,0.987,0.008
587500,0.005,0.987,0.008
588000,0.005,0.987,0.008
588500,0.005,0.987,0.008
589000,0.005,0.987,0.008
589500,0.005,0.987,0.008
590000,0.005,0.987,0.008
590500,0.005,0.987,0.008
591000,0.004,0.987,0.009
591500,0.004,0.987,0.009
592000,0.004,0.987,0.009
592500,0.004,0.987,0.009
593000,0.004,0.987,0.009
593500,0.004,0.987,0.009
594000,0.004,0.987,0.009
594500,0.004,0.987,0.009
595000,0.004,0.987,0.009
595500,0.004,0.987,0.009
596000,0.004,0.987,0.009
596500,0.004,0.987,0.009
597000,0.003,0.987,0.010
597500,0.003,0.987,0.010
598000,0.003,0.987,0.010
598500,0.003,0.987,0.010
599000,0.003,0.987,0.010
599500,0.003,0.987,0.010
600000,0.003,0.987,0.010
600500,0.003,0.987,0.010
601000,0.003,0.987,0.010
601500,0.003,0.987,0.010
602000,0.003,0.987,0.010
602500,0.003,0.987,0.010
603000,0.003,0.987,0.010
603500,0.003,0.987,0.010
604000,0.003,0.987,0.010
604500,0.003,0.987,0.010
605000,0.003,0.987,0.010
605500,0.003,0.987,0.010
606000,0.003,0.987,0.010
606500,0.003,0.987,0.010
607000,0.003,0.987,0.010
607500,0.003,0.987,0.010
608000,0.003,0.987,0.010
608500,0.003,0.987,0.010
609000,0.003,0.987,0.010
609500,0.003,0.987,0.010
610000,0.003,0.987,0.010
610500,0.003,0.987,0.010
611000,0.003,0.987,0.010
611500,0.003,0.987,0.010
612000,0.003,0.987,0.010
612500,0.003,0.987,0.010
613000,0.003,0.987,0.010
613500,0.003,0.987,0.010
614000,0.003,0.987,0.010
614500,0.003,0.987,0.010
615000,0.003,0.987,0.010
615500,0.003,0.987,0.010
616000,0.003,0.987,0.010
616500,0.003,0.987,0.010
617000,0.003,0.987,0.010
617500,0.003,0.987,0.010
618000,0.003,0.987,0.010
618500,0.003,0.987,0.010
619000,0.003,0.987,0.010
619500,0.003,0.987,0.010
620000,0.003,0.987,0.010
620500,0.003,0.987,0.010
621000,0.003,0.987,0.010
621500,0.003,0.987,0.010
622000,0.003,0.987,0.010
622500,0.003,0.987,0.010
623000,0.003,0.987,0.010
623500,0.003,0.987,0.010
624000,0.003,0.987,0.010
624500,0.003,0.987,0.010
625000,0.003,0.987,0.010
625500,0.003,0.987,0.010
626000,0.003,0.987,0.010
626500,0.003,0.987,0.010
627000,0.003,0.987,0.010
627500,0.003,0.987,0.010
628000,0.003,0.987,0.010
628500,0.003,0.987,0.010
629000,0.003,0.987,0.010
629500,0.003,0.987,0.010
630000,0.003,0.987,0.010
630500,0.003,0.987,0.010
631000,0.003,0.987,0.010
631500,0.003,0.987,0.010
632000,0.003,0.987,0.010
632500,0.003,0.987,0.010
633000,0.003,0.987,0.010
633500,0.003,0.987,0.010
634000,0.003,0.987,0.010
634500,0.003,0.987,0.010
635000,0.003,0.987,0.010
635500,0.003,0.987,0.010
636000,0.003,0.987,0.010
636500,0.003,0.987,0.010
637000,0.003,0.987,0.010
637500,0.003,0.987,0.010
638000,0.003,0.987,0.010
638500,0.003,0.987,0.010
639000,0.003,0.987,0.010
639500,0.003,0.987,0.010
640000,0.003,0.987,0.010
640500,0.003,0.987,0.010
641000,0.003,0.987,0.010
641500,0.003,0.987,0.010
642000,0.003,0.987,0.010
642500,0.003,0.987,0.010
643000,0.003,0.987,0.010
643500,0.003,0.987,0.010
644000,0.003,0.987,0.010
644500,0.003,0.987,0.010
645000,0.003,0.987,0.010
645500,0.003,0.987,0.010
646000,0.003,0.987,0.010
646500,0.003,0.987,0.010
647000,0.003,0.987,0.010
647500,0.003,0.987,0.010
648000,0.003,0.987,0.010
648500,0.003,0.987,0.010
649000,0.003,0.987,0.010
649500,0.003,0.987,0.010
650000,0.003,0.987,0.010
650500,0.003,0.987,0.010
651000,0.003,0.987,0.010
651500,0.003,0.987,0.010
652000,0.003,0.987,0.010
652500,0.003,0.987,0.010
653000,0.003,0.987,0.010
653500,0.003,0.987,0.010
654000,0.003,0.987,0.010
654500,0.003,0.987,0.010
655000,0.003,0.987,0.010
655500,0.003,0.987,0.010
656000,0.003,0.987,0.010
656500,0.003,0.987,0.010
657000,0.003,0.987,0.010
657500,0.003,0.987,0.010
658000,0.003,0.987,0.010
658500,0.002,0.987,0.011
659000,0.002,0.987,0.011
659500,0.002,0.987,0.011
660000,0.002,0.987,0.011
660500,0.002,0.987,0.011
661000,0.002,0.987,0.011
661500,0.002,0.988,0.010
662000,0.002,0.988,0.010
662500,0.002,0.988,0.010
663000,0.002,0.988,0.010
663500,0.002,0.988,0.010
664000,0.002,0.988,0.010
664500,0.002,0.988,0.010
665000,0.002,0.988,0.010
665500,0.002,0.988,0.010
666000,0.002,0.988,0.010
666500,0.002,0.988,0.010
667000,0.002,0.988,0.010
667500,0.002,0.988,0.010
668000,0.002,0.988,0.010
668500,0.002,0.988,0.010
669000,0.002,0.988,0.010
669500,0.002,0.987,0.011
670000,0.002,0.986,0.012
670500,0.002,0.988,0.010
671000,0.002,0.989,0.009
671500,0.002,0.989,0.009
672000,0.002,0.989,0.009
672500,0.002,0.989,0.009
673000,0.002,0.989,0.009
673500,0.002,0.989,0.009
674000,0.002,0.989,0.009
674500,0.002,0.989,0.009
675000,0.002,0.989,0.009
675500,0.002,0.989,0.009
676000,0.002,0.989,0.009
676500,0.002,0.989,0.009
677000,0.002,0.989,0.009
677500,0.002,0.989,0.009
678000,0.002,0.989,0.009
678500,0.002,0.989,0.009
679000,0.002,0.989,0.009
679500,0.002,0.989,0.009
680000,0.002,0.989,0.009
680500,0.002,0.989,0.009
681000,0.002,0.989,0.009
681500,0.002,0.989,0.009
682000,0.002,0.989,0.009
682500,0.002,0.989,0.009
683000,0.002,0.989,0.009
683500,0.002,0.989,0.009
684000,0.002,0.989,0.009
684500,0.002,0.989,0.009
685000,0.002,0.989,0.009
685500,0.002,0.989,0.009
686000,0.002,0.989,0.009
686500,0.002,0.989,0.009
687000,0.002,0.989,0.009
687500,0.002,0.989,0.009
688000,0.002,0.989,0.009
688500,0.002,0.989,0.009
689000,0.002,0.989,0.009
689500,0.002,0.989,0.009
690000,0.002,0.989,0.009
690500,0.002,0.989,0.009
691000,0.002,0.989,0.009
691500,0.002,0.989,0.009
692000,0.002,0.989,0.009
692500,0.002,0.989,0.009
693000,0.002,0.989,0.009
693500,0.002,0.989,0.009
694000,0.002,0.989,0.009
694500,0.002,0.989,0.009
695000,0.002,0.989,0.009
695500,0.002,0.989,0.009
696000,0.002,0.989,0.009
696500,0.002,0.989,0.009
697000,0.002,0.989,0.009
697500,0.002,0.989,0.009
698000,0.002,0.989,0.009
698500,0.002,0.989,0.009
699000,0.002,0.989,0.009
699500,0.002,0.989,0.009
700000,0.002,0.989,0.009
700500,0.002,0.989,0.009
701000,0.002,0.989,0.009
701500,0.002,0.989,0.009
702000,0.002,0.989,0.009
702500,0.002,0.989,0.009
703000,0.002,0.989,0.009
703500,0.002,0.989,0.009
704000,0.002,0.989,0.009
704500,0.002,0.989,0.009
705000,0.002,0.989,0.009
705500,0.002,0.989,0.009
706000,0.002,0.989,0.009
706500,0.002,0.988,0.010
707000,0.002,0.989,0.009
707500,0.002,0.989,0.009
708000,0.002,0.989,0.009
708500,0.002,0.989,0.009
709000,0.002,0.989,0.009
709500,0.002,0.989,0.009
710000,0.002,0.989,0.009
710500,0.002,0.989,0.009
711000,0.002,0.989,0.009
711500,0.002,0.989,0.009
712000,0.002,0.989,0.009
712500,0.001,0.989,0.010
713000,0.001,0.989,0.010
713500,0.001,0.989,0.010
714000,0.001,0.989,0.010
714500,0.001,0.989,0.010
715000,0.001,0.989,0.010
715500,0.001,0.989,0.010
716000,0.001,0.989,0.010
716500,0.001,0.989,0.010
717000,0.001,0.989,0.010
717500,0.001,0.989,0.010
718000,0.001,0.989,0.010
718500,0.001,0.989,0.010
719000,0.001,0.989,0.010
719500,0.001,0.989,0.010
720000,0.001,0.989,0.010
720500,0.001,0.989,0.010
721000,0.001,0.989,0.010
721500,0.001,0.989,0.010
722000,0.001,0.989,0.010
722500,0.001,0.989,0.010
723000,0.001,0.989,0.010
723500,0.001,0.989,0.010
724000,0.001,0.989,0.010
724500,0.001,0.989,0.010
725000,0.001,0.989,0.010
725500,0.001,0.989,0.010
726000,0.001,0.989,0.010
726500,0.001,0.989,0.010
727000,0.001,0.989,0.010
727500,0.001,0.989,0.010
728000,0.001,0.989,0.010
728500,0.001,0.989,0.010
729000,0.001,0.989,0.010
729500,0.001,0.989,0.010
730000,0.001,0.989,0.010
730500,0.001,0.989,0.010
731000,0.001,0.989,0.010
731500,0.001,0.989,0.010
732000,0.001,0.989,0.010
732500,0.001,0.989,0.010
733000,0.001,0.989,0.010
733500,0.001,0.989,0.010
734000,0.001,0.989,0.010
734500,0.001,0.989,0.010
735000,0.001,0.989,0.010
735500,0.001,0.989,0.010
736000,0.001,0.990,0.009
736500,0.001,0.990,0.009
737000,0.001,0.990,0.009
737500,0.001,0.990,0.009
738000,0.001,0.990,0.009
738500,0.001,0.990,0.009
739000,0.001,0.990,0.009
739500,0.001,0.990,0.009
740000,0.001,0.990,0.009
740500,0.001,0.990,0.009
741000,0.001,0.990,0.009
741500,0.001,0.990,0.009
742000,0.001,0.990,0.009
742500,0.001,0.990,0.009
743000,0.001,0.990,0.009
743500,0.000,0.990,0.010
744000,0.000,0.990,0.010
744500,0.000,0.990,0.010
745000,0.000,0.990,0.010
745500,0.000,0.990,0.010
746000,0.000,0.990,0.010
746500,0.000,0.990,0.010
747000,0.000,0.990,0.010
747500,0.000,0.990,0.010
748000,0.000,0.990,0.010
748500,0.000,0.990,0.010
749000,0.000,0.990,0.010
749500,0.000,0.990,0.010
750000,0.000,0.990,0.010
750500,0.000,0.990,0.010
751000,0.000,0.990,0.010
751500,0.000,0.990,0.010
752000,0.000,0.990,0.010
752500,0.000,0.990,0.010
753000,0.000,0.990,0.010
753500,0.000,0.990,0.010
754000,0.000,0.990,0.010
754500,0.000,0.990,0.010
755000,0.000,0.990,0.010
755500,0.000,0.990,0.010
756000,0.000,0.990,0.010
756500,0.000,0.990,0.010
757000,0.000,0.990,0.010
757500,0.000,0.990,0.010
758000,0.000,0.990,0.010
758500,0.000,0.990,0.010
759000,0.000,0.990,0.010
759500,0.000,0.990,0.010
760000,0.000,0.990,0.010
760500,0.000,0.990,0.010
761000,0.000,0.990,0.010
761500,0.000,0.990,0.010
762000,0.000,0.990,0.010
762500,0.000,0.990,0.010
763000,0.000,0.990,0.010
763500,0.000,0.990,0.010
764000,0.000,0.990,0.010
764500,0.000,0.990,0.010
765000,0.000,0.990,0.010
765500,0.000,0.990,0.010
766000,0.000,0.990,0.010
766500,0.000,0.990,0.010
767000,0.000,0.990,0.010
767500,0.000,0.990,0.010
768000,0.000,0.990,0.010
768500,0.000,0.990,0.010
769000,0.000,0.991,0.009
769500,0.000,0.991,0.009
770000,0.000,0.991,0.009
770500,0.000,0.991,0.009
771000,0.000,0.991,0.009
771500,0.000,0.992,0.008
772000,0.000,0.992,0.008
772500,0.000,0.992,0.008
773000,0.000,0.992,0.008
773500,0.000,0.992,0.008
774000,0.000,0.992,0.008
774500,0.000,0.992,0.008
775000,0.000,0.992,0.008
775500,0.000,0.992,0.008
776000,0.000,0.992,0.008
776500,0.000,0.992,0.008
777000,0.000,0.992,0.008
777500,0.000,0.992,0.008
778000,0.000,0.992,0.008
778500,0.000,0.992,0.008
779000,0.000,0.992,0.008
779500,0.000,0.992,0.008
780000,0.000,0.992,0.008
780500,0.000,0.992,0.008
781000,0.000,0.992,0.008
781500,0.000,0.992,0.008
782000,0.000,0.992,0.008
782500,0.000,0.992,0.008
783000,0.000,0.992,0.008
783500,0.000,0.992,0.008
784000,0.000,0.992,0.008
784500,0.000,0.992,0.008
785000,0.000,0.992,0.008
785500,0.000,0.992,0.008
786000,0.000,0.992,0.008
786500,0.000,0.992,0.008
787000,0.000,0.992,0.008
787500,0.000,0.992,0.008
788000,0.000,0.992,0.008
788500,0.000,0.992,0.008
789000,0.000,0.992,0.008
789500,0.000,0.992,0.008
790000,0.000,0.992,0.008
790500,0.000,0.992,0.008
791000,0.000,0.992,0.008
791500,0.000,0.992,0.008
792000,0.000,0.992,0.008
792500,0.000,0.992,0.008
793000,0.000,0.992,0.008
793500,0.000,0.992,0.008
794000,0.000,0.992,0.008
794500,0.000,0.992,0.008
795000,0.000,0.992,0.008
795500,0.000,0.992,0.008
796000,0.000,0.992,0.008
796500,0.000,0.992,0.008
797000,0.000,0.992,0.008
797500,0.000,0.992,0.008
798000,0.000,0.992,0.008
798500,0.000,0.992,0.008
799000,0.000,0.992,0.008
799500,0.000,0.992,0.008
800000,0.000,0.992,0.008
800500,0.000,0.992,0.008
801000,0.000,0.992,0.008
801500,0.000,0.993,0.007
802000,0.000,0.993,0.007
802500,0.000,0.993,0.007
803000,0.000,0.993,0.007
803500,0.000,0.993,0.007
804000,0.000,0.993,0.007
804500,0.000,0.993,0.007
805000,0.000,0.993,0.007
805500,0.000,0.993,0.007
806000,0.000,0.993,0.007
806500,0.000,0.993,0.007
807000,0.000,0.993,0.007
807500,0.000,0.993,0.007
808000,0.000,0.994,0.006
808500,0.000,0.994,0.006
809000,0.000,0.994,0.006
809500,0.000,0.994,0.006
810000,0.000,0.994,0.006
810500,0.000,0.994,0.006
811000,0.000,0.994,0.006
811500,0.000,0.994,0.006
812000,0.000,0.994,0.006
812500,0.000,0.994,0.006
813000,0.000,0.994,0.006
813500,0.000,0.994,0.006
814000,0.000,0.994,0.006
814500,0.000,0.994,0.006
815000,0.000,0.994,0.006
815500,0.000,0.994,0.006
816000,0.000,0.994,0.006
816500,0.000,0.994,0.006
817000,0.000,0.994,0.006
817500,0.000,0.994,0.006
818000,0.000,0.994,0.006
818500,0.000,0.993,0.007
819000,0.000,0.994,0.006
819500,0.000,0.994,0.006
820000,0.000,0.994,0.006
820500,0.000,0.994,0.006
821000,0.000,0.994,0.006
821500,0.000,0.994,0.006
822000,0.000,0.994,0.006
822500,0.000,0.994,0.006
823000,0.000,0.994,0.006
823500,0.000,0.994,0.006
824000,0.000,0.994,0.006
824500,0.000,0.994,0.006
825000,0.000,0.994,0.006
825500,0.000,0.994,0.006
826000,0.000,0.994,0.006
826500,0.000,0.994,0.006
827000,0.000,0.994,0.006
827500,0.000,0.994,0.006
828000,0.000,0.994,0.006
828500,0.000,0.994,0.006
829000,0.000,0.994,0.006
829500,0.000,0.994,0.006
830000,0.000,0.994,0.006
830500,0.000,0.994,0.006
831000,0.000,0.994,0.006
831500,0.000,0.994,0.006
832000,0.000,0.994,0.006
832500,0.000,0.994,0.006
833000,0.000,0.994,0.006
833500,0.000,0.994,0.006
834000,0.000,0.994,0.006
834500,0.000,0.994,0.006
835000,0.000,0.994,0.006
835500,0.000,0.994,0.006
836000,0.000,0.994,0.006
836500,0.000,0.994,0.006
837000,0.000,0.994,0.006
837500,0.000,0.994,0.006
838000,0.000,0.994,0.006
838500,0.000,0.994,0.006
839000,0.000,0.994,0.006
839500,0.000,0.994,0.006
840000,0.000,0.994,0.006
840500,0.000,0.994,0.006
841000,0.000,0.994,0.006
841500,0.000,0.994,0.006
842000,0.000,0.994,0.006
842500,0.000,0.994,0.006
843000,0.000,0.994,0.006
843500,0.000,0.994,0.006
844000,0.000,0.994,0.006
844500,0.000,0.994,0.006
845000,0.000,0.994,0.006
845500,0.000,0.994,0.006
846000,0.000,0.994,0.006
846500,0.000,0.994,0.006
847000,0.000,0.994,0.006
847500,0.000,0.994,0.006
848000,0.000,0.994,0.006
848500,0.000,0.994,0.006
849000,0.000,0.994,0.006
849500,0.000,0.994,0.006
850000,0.000,0.994,0.006
850500,0.000,0.994,0.006
851000,0.000,0.994,0.006
851500,0.000,0.994,0.006
852000,0.000,0.994,0.006
852500,0.000,0.994,0.006
853000,0.000,0.994,0.006
853500,0.000,0.994,0.006
854000,0.000,0.994,0.006
854500,0.000,0.994,0.006
855000,0.000,0.994,0.006
855500,0.000,0.994,0.006
856000,0.000,0.994,0.006
856500,0.000,0.994,0.006
857000,0.000,0.994,0.006
857500,0.000,0.994,0.006
858000,0.000,0.994,0.006
858500,0.000,0.994,0.006
859000,0.000,0.994,0.006
859500,0.000,0.994,0.006
860000,0.000,0.994,0.006
860500,0.000,0.994,0.006
861000,0.000,0.994,0.006
861500,0.000,0.994,0.006
862000,0.000,0.994,0.006
862500,0.000,0.994,0.006
863000,0.000,0.994,0.006
863500,0.000,0.994,0.006
864000,0.000,0.994,0.006
864500,0.000,0.994,0.006
865000,0.000,0.994,0.006
865500,0.000,0.994,0.006
866000,0.000,0.994,0.006
866500,0.000,0.994,0.006
867000,0.000,0.994,0.006
867500,0.000,0.994,0.006
868000,0.000,0.994,0.006
868500,0.000,0.994,0.006
869000,0.000,0.994,0.006
869500,0.000,0.994,0.006
870000,0.000,0.994,0.006
870500,0.000,0.994,0.006
871000,0.000,0.994,0.006
871500,0.000,0.994,0.006
872000,0.000,0.994,0.006
872500,0.000,0.994,0.006
873000,0.000,0.994,0.006
873500,0.000,0.994,0.006
874000,0.000,0.994,0.006
874500,0.000,0.994,0.006
875000,0.000,0.994,0.006
875500,0.000,0.994,0.006
876000,0.000,0.994,0.006
876500,0.000,0.994,0.006
877000,0.000,0.994,0.006
877500,0.000,0.994,0.006
878000,0.000,0.994,0.006
878500,0.000,0.994,0.006
879000,0.000,0.994,0.006
879500,0.000,0.994,0.006
880000,0.000,0.994,0.006
880500,0.000,0.994,0.006
881000,0.000,0.994,0.006
881500,0.000,0.994,0.006
882000,0.000,0.994,0.006
882500,0.000,0.994,0.006
883000,0.000,0.994,0.006
883500,0.000,0.994,0.006
884000,0.000,0.994,0.006
884500,0.000,0.994,0.006
885000,0.000,0.994,0.006
885500,0.000,0.994,0.006
886000,0.000,0.994,0.006
886500,0.000,0.994,0.006
887000,0.000,0.994,0.006
887500,0.000,0.994,0.006
888000,0.000,0.994,0.006
888500,0.000,0.994,0.006
889000,0.000,0.994,0.006
889500,0.000,0.994,0.006
890000,0.000,0.994,0.006
890500,0.000,0.994,0.006
891000,0.000,0.994,0.006
891500,0.000,0.994,0.006
892000,0.000,0.994,0.006
892500,0.000,0.994,0.006
893000,0.000,0.994,0.006
893500,0.000,0.994,0.006
894000,0.000,0.994,0.006
894500,0.000,0.994,0.006
895000,0.000,0.994,0.006
895500,0.000,0.994,0.006
896000,0.000,0.994,0.006
896500,0.000,0.994,0.006
897000,0.000,0.994,0.006
897500,0.000,0.994,0.006
898000,0.000,0.994,0.006
898500,0.000,0.994,0.006
899000,0.000,0.994,0.006
899500,0.000,0.994,0.006
900000,0.000,0.994,0.006
900500,0.000,0.994,0.006
901000,0.000,0.994,0.006
901500,0.000,0.994,0.006
902000,0.000,0.995,0.005
902500,0.000,0.995,0.005
903000,0.000,0.995,0.005
903500,0.000,0.995,0.005
904000,0.000,0.995,0.005
904500,0.000,0.995,0.005
905000,0.000,0.995,0.005
905500,0.000,0.995,0.005
906000,0.000,0.995,0.005
906500,0.000,0.995,0.005
907000,0.000,0.995,0.005
907500,0.000,0.995,0.005
908000,0.000,0.995,0.005
908500,0.000,0.995,0.005
909000,0.000,0.995,0.005
909500,0.000,0.995,0.005
910000,0.000,0.995,0.005
910500,0.000,0.995,0.005
911000,0.000,0.995,0.005
911500,0.000,0.995,0.005
912000,0.000,0.995,0.005
912500,0.000,0.995,0.005
913000,0.000,0.995,0.005
913500,0.000,0.995,0.005
914000,0.000,0.995,0.005
914500,0.000,0.995,0.005
915000,0.000,0.995,0.005
915500,0.000,0.995,0.005
916000,0.000,0.995,0.005
916500,0.000,0.995,0.005
917000,0.000,0.995,0.005
917500,0.000,0.995,0.005
918000,0.000,0.995,0.005
918500,0.000,0.995,0.005
919000,0.000,0.995,0.005
919500,0.000,0.995,0.005
920000,0.000,0.995,0.005
920500,0.000,0.995,0.005
921000,0.000,0.995,0.005
921500,0.000,0.995,0.005
922000,0.000,0.995,0.005
922500,0.000,0.995,0.005
923000,0.000,0.995,0.005
923500,0.000,0.995,0.005
924000,0.000,0.995,0.005
924500,0.000,0.995,0.005
925000,0.000,0.995,0.005
925500,0.000,0.995,0.005
926000,0.000,0.995,0.005
926500,0.000,0.995,0.005
927000,0.000,0.995,0.005
927500,0.000,0.995,0.005
928000,0.000,0.995,0.005
928500,0.000,0.995,0.005
929000,0.000,0.995,0.005
929500,0.000,0.995,0.005
930000,0.000,0.995,0.005
930500,0.000,0.995,0.005
931000,0.000,0.995,0.005
931500,0.000,0.995,0.005
932000,0.000,0.995,0.005
932500,0.000,0.995,0.005
933000,0.000,0.995,0.005
933500,0.000,0.995,0.005
934000,0.000,0.995,0.005
934500,0.000,0.995,0.005
935000,0.000,0.995,0.005
935500,0.000,0.995,0.005
936000,0.000,0.995,0.005
936500,0.000,0.995,0.005
937000,0.000,0.995,0.005
937500,0.000,0.995,0.005
938000,0.000,0.995,0.005
938500,0.000,0.995,0.005
939000,0.000,0.995,0.005
939500,0.000,0.995,0.005
940000,0.000,0.995,0.005
940500,0.000,0.995,0.005
941000,0.000,0.994,0.006
941500,0.000,0.994,0.006
942000,0.000,0.994,0.006
942500,0.000,0.994,0.006
943000,0.000,0.995,0.005
943500,0.000,0.995,0.005
944000,0.000,0.995,0.005
944500,0.000,0.995,0.005
945000,0.000,0.995,0.005
945500,0.000,0.995,0.005
946000,0.000,0.995,0.005
946500,0.000,0.995,0.005
947000,0.000,0.995,0.005
947500,0.000,0.995,0.005
948000,0.000,0.995,0.005
948500,0.000,0.995,0.005
949000,0.000,0.995,0.005
949500,0.000,0.995,0.005
950000,0.000,0.995,0.005
950500,0.000,0.995,0.005
951000,0.000,0.995,0.005
951500,0.000,0.995,0.005
952000,0.000,0.995,0.005
952500,0.000,0.995,0.005
953000,0.000,0.995,0.005
953500,0.000,0.995,0.005
954000,0.000,0.995,0.005
954500,0.000,0.995,0.005
955000,0.000,0.995,0.005
955500,0.000,0.995,0.005
956000,0.000,0.995,0.005
956500,0.000,0.995,0.005
957000,0.000,0.995,0.005
957500,0.000,0.995,0.005
958000,0.000,0.995,0.005
958500,0.000,0.995,0.005
959000,0.000,0.995,0.005
959500,0.000,0.995,0.005
960000,0.000,0.995,0.005
960500,0.000,0.995,0.005
961000,0.000,0.995,0.005
961500,0.000,0.995,0.005
962000,0.000,0.995,0.005
962500,0.000,0.995,0.005
963000,0.000,0.995,0.005
963500,0.000,0.995,0.005
964000,0.000,0.995,0.005
964500,0.000,0.995,0.005
965000,0.000,0.995,0.005
965500,0.000,0.995,0.005
966000,0.000,0.995,0.005
966500,0.000,0.995,0.005
967000,0.000,0.995,0.005
967500,0.000,0.995,0.005
968000,0.000,0.995,0.005
968500,0.000,0.995,0.005
969000,0.000,0.995,0.005
969500,0.000,0.995,0.005
970000,0.000,0.995,0.005
970500,0.000,0.995,0.005
971000,0.000,0.995,0.005
971500,0.000,0.995,0.005
972000,0.000,0.995,0.005
972500,0.000,0.995,0.005
973000,0.000,0.995,0.005
973500,0.000,0.995,0.005
974000,0.000,0.995,0.005
974500,0.000,0.995,0.005
975000,0.000,0.995,0.005
975500,0.000,0.995,0.005
976000,0.000,0.995,0.005
976500,0.000,0.995,0.005
977000,0.000,0.995,0.005
977500,0.000,0.995,0.005
978000,0.000,0.995,0.005
978500,0.000,0.995,0.005
979000,0.000,0.995,0.005
979500,0.000,0.995,0.005
980000,0.000,0.995,0.005
980500,0.000,0.995,0.005
981000,0.000,0.995,0.005
981500,0.000,0.995,0.005
982000,0.000,0.995,0.005
982500,0.000,0.995,0.005
983000,0.000,0.995,0.005
983500,0.000,0.995,0.005
984000,0.000,0.995,0.005
984500,0.000,0.995,0.005
985000,0.000,0.995,0.005
985500,0.000,0.995,0.005
986000,0.000,0.995,0.005
986500,0.000,0.995,0.005
987000,0.000,0.995,0.005
987500,0.000,0.995,0.005
988000,0.000,0.995,0.005
988500,0.000,0.995,0.005
989000,0.000,0.995,0.005
989500,0.000,0.995,0.005
990000,0.000,0.995,0.005
990500,0.000,0.995,0.005
991000,0.000,0.995,0.005
991500,0.000,0.995,0.005
992000,0.000,0.995,0.005
992500,0.000,0.995,0.005
993000,0.000,0.995,0.005
993500,0.000,0.995,0.005
994000,0.000,0.995,0.005
994500,0.000,0.995,0.005
995000,0.000,0.995,0.005
995500,0.000,0.995,0.005
996000,0.000,0.995,0.005
996500,0.000,0.995,0.005
997000,0.000,0.995,0.005
997500,0.000,0.995,0.005
998000,0.000,0.995,0.005
998500,0.000,0.995,0.005
999000,0.000,0.995,0.005
999500,0.000,0.995,0.005
1000000,0.000,0.995,0.005
