time,n_A+p,n_B,n_AB
100,0.293,0.326,0.380
200,0.261,0.207,0.533
300,0.293,0.152,0.554
400,0.283,0.141,0.576
500,0.207,0.207,0.587
600,0.152,0.109,0.739
700,0.207,0.152,0.641
800,0.217,0.141,0.641
900,0.250,0.098,0.652
1000,0.185,0.098,0.717
1100,0.163,0.120,0.717
1200,0.130,0.087,0.783
1300,0.120,0.076,0.804
1400,0.130,0.120,0.750
1500,0.163,0.185,0.652
1600,0.163,0.239,0.598
1700,0.185,0.272,0.543
1800,0.109,0.196,0.696
1900,0.130,0.152,0.717
2000,0.141,0.152,0.707
2100,0.152,0.174,0.674
2200,0.152,0.120,0.728
2300,0.174,0.098,0.728
2400,0.185,0.087,0.728
2500,0.163,0.130,0.707
2600,0.196,0.141,0.663
2700,0.141,0.152,0.707
2800,0.109,0.109,0.783
2900,0.087,0.130,0.783
3000,0.054,0.174,0.772
3100,0.130,0.120,0.750
3200,0.152,0.185,0.663
3300,0.130,0.207,0.663
3400,0.174,0.152,0.674
3500,0.120,0.152,0.728
3600,0.076,0.152,0.772
3700,0.152,0.130,0.717
3800,0.098,0.065,0.837
3900,0.163,0.109,0.728
4000,0.087,0.109,0.804
4100,0.141,0.152,0.707
4200,0.109,0.087,0.804
4300,0.087,0.239,0.674
4400,0.033,0.283,0.685
4500,0.043,0.185,0.772
4600,0.087,0.261,0.652
4700,0.054,0.217,0.728
4800,0.065,0.217,0.717
4900,0.098,0.250,0.652
5000,0.120,0.239,0.641
5100,0.141,0.141,0.717
5200,0.141,0.196,0.663
5300,0.120,0.217,0.663
5400,0.141,0.152,0.707
5500,0.152,0.152,0.696
5600,0.109,0.163,0.728
5700,0.109,0.228,0.663
5800,0.098,0.196,0.707
5900,0.109,0.196,0.696
6000,0.185,0.217,0.598
6100,0.217,0.141,0.641
6200,0.196,0.141,0.663
6300,0.228,0.109,0.663
6400,0.196,0.163,0.641
6500,0.130,0.163,0.707
6600,0.152,0.130,0.717
6700,0.098,0.174,0.728
6800,0.109,0.207,0.685
6900,0.120,0.250,0.630
7000,0.109,0.304,0.587
7100,0.130,0.304,0.565
7200,0.163,0.217,0.620
7300,0.185,0.207,0.609
7400,0.152,0.120,0.728
7500,0.217,0.174,0.609
7600,0.130,0.120,0.750
7700,0.120,0.130,0.750
7800,0.163,0.141,0.696
7900,0.163,0.098,0.739
8000,0.120,0.087,0.793
8100,0.163,0.141,0.696
8200,0.152,0.141,0.707
8300,0.152,0.141,0.707
8400,0.196,0.098,0.707
8500,0.283,0.141,0.576
8600,0.304,0.174,0.522
8700,0.228,0.141,0.630
8800,0.185,0.228,0.587
8900,0.152,0.207,0.641
9000,0.174,0.261,0.565
9100,0.130,0.228,0.641
9200,0.109,0.239,0.652
9300,0.152,0.228,0.620
9400,0.261,0.185,0.554
9500,0.217,0.152,0.630
9600,0.163,0.250,0.587
9700,0.109,0.228,0.663
9800,0.109,0.228,0.663
9900,0.076,0.207,0.717
10000,0.109,0.207,0.685
10100,0.130,0.120,0.750
10200,0.141,0.217,0.641
10300,0.174,0.152,0.674
10400,0.152,0.163,0.685
10500,0.174,0.109,0.717
10600,0.174,0.098,0.728
10700,0.141,0.185,0.674
10800,0.130,0.130,0.739
10900,0.120,0.109,0.772
11000,0.152,0.141,0.707
11100,0.141,0.152,0.707
11200,0.109,0.196,0.696
11300,0.152,0.120,0.728
11400,0.174,0.152,0.674
11500,0.087,0.228,0.685
11600,0.120,0.217,0.663
11700,0.087,0.304,0.609
11800,0.076,0.283,0.641
11900,0.098,0.250,0.652
12000,0.141,0.217,0.641
12100,0.120,0.207,0.674
12200,0.130,0.174,0.696
12300,0.152,0.174,0.674
12400,0.109,0.130,0.761
12500,0.109,0.163,0.728
12600,0.109,0.152,0.739
12700,0.163,0.120,0.717
12800,0.163,0.130,0.707
12900,0.207,0.141,0.652
13000,0.250,0.098,0.652
13100,0.283,0.152,0.565
13200,0.272,0.130,0.598
13300,0.207,0.163,0.630
13400,0.196,0.141,0.663
13500,0.130,0.130,0.739
13600,0.174,0.163,0.663
13700,0.261,0.163,0.576
13800,0.141,0.130,0.728
13900,0.196,0.098,0.707
14000,0.163,0.152,0.685
14100,0.196,0.163,0.641
14200,0.130,0.163,0.707
14300,0.054,0.163,0.783
14400,0.130,0.130,0.739
14500,0.076,0.130,0.793
14600,0.141,0.174,0.685
14700,0.152,0.163,0.685
14800,0.174,0.152,0.674
14900,0.109,0.207,0.685
15000,0.109,0.196,0.696
15100,0.087,0.272,0.641
15200,0.065,0.196,0.739
15300,0.043,0.217,0.739
15400,0.043,0.293,0.663
15500,0.087,0.272,0.641
15600,0.065,0.217,0.717
15700,0.065,0.239,0.696
15800,0.065,0.272,0.663
15900,0.054,0.239,0.707
16000,0.141,0.196,0.663
16100,0.098,0.217,0.685
16200,0.098,0.152,0.750
16300,0.120,0.239,0.641
16400,0.087,0.217,0.696
16500,0.185,0.152,0.663
16600,0.174,0.141,0.685
16700,0.174,0.120,0.707
16800,0.152,0.120,0.728
16900,0.196,0.120,0.685
17000,0.130,0.120,0.750
17100,0.076,0.087,0.837
17200,0.130,0.098,0.772
17300,0.152,0.054,0.793
17400,0.207,0.109,0.685
17500,0.130,0.163,0.707
17600,0.163,0.130,0.707
17700,0.141,0.163,0.696
17800,0.109,0.130,0.761
17900,0.141,0.152,0.707
18000,0.098,0.261,0.641
18100,0.043,0.272,0.685
18200,0.087,0.261,0.652
18300,0.098,0.228,0.674
18400,0.098,0.185,0.717
18500,0.120,0.217,0.663
18600,0.185,0.217,0.598
18700,0.196,0.130,0.674
18800,0.152,0.141,0.707
18900,0.196,0.098,0.707
19000,0.228,0.120,0.652
19100,0.185,0.130,0.685
19200,0.152,0.174,0.674
19300,0.174,0.185,0.641
19400,0.120,0.174,0.707
19500,0.130,0.174,0.696
19600,0.196,0.196,0.609
19700,0.174,0.152,0.674
19800,0.196,0.130,0.674
19900,0.174,0.141,0.685
20000,0.174,0.196,0.630
20100,0.207,0.250,0.543
20200,0.076,0.261,0.663
20300,0.141,0.272,0.587
20400,0.065,0.228,0.707
20500,0.098,0.304,0.598
20600,0.130,0.250,0.620
20700,0.130,0.283,0.587
20800,0.174,0.228,0.598
20900,0.130,0.250,0.620
21000,0.152,0.163,0.685
21100,0.163,0.152,0.685
21200,0.130,0.185,0.685
21300,0.163,0.130,0.707
21400,0.163,0.130,0.707
21500,0.120,0.217,0.663
21600,0.163,0.174,0.663
21700,0.087,0.217,0.696
21800,0.109,0.174,0.717
21900,0.130,0.130,0.739
22000,0.196,0.130,0.674
22100,0.174,0.130,0.696
22200,0.130,0.109,0.761
22300,0.174,0.152,0.674
22400,0.130,0.207,0.663
22500,0.152,0.152,0.696
22600,0.141,0.141,0.717
22700,0.141,0.152,0.707
22800,0.228,0.109,0.663
22900,0.217,0.109,0.674
23000,0.141,0.185,0.674
23100,0.174,0.130,0.696
23200,0.163,0.163,0.674
23300,0.163,0.196,0.641
23400,0.141,0.174,0.685
23500,0.076,0.163,0.761
23600,0.054,0.163,0.783
23700,0.152,0.228,0.620
23800,0.163,0.207,0.630
23900,0.120,0.239,0.641
24000,0.087,0.196,0.717
24100,0.065,0.283,0.652
24200,0.065,0.261,0.674
24300,0.174,0.261,0.565
24400,0.163,0.120,0.717
24500,0.228,0.152,0.620
24600,0.141,0.207,0.652
24700,0.217,0.239,0.543
24800,0.120,0.207,0.674
24900,0.098,0.207,0.696
25000,0.174,0.174,0.652
25100,0.152,0.163,0.685
25200,0.163,0.141,0.696
25300,0.076,0.087,0.837
25400,0.087,0.087,0.826
25500,0.196,0.098,0.707
25600,0.152,0.109,0.739
25700,0.152,0.120,0.728
25800,0.185,0.098,0.717
25900,0.217,0.076,0.707
26000,0.217,0.109,0.674
26100,0.228,0.087,0.685
26200,0.261,0.098,0.641
26300,0.174,0.109,0.717
26400,0.141,0.130,0.728
26500,0.109,0.076,0.815
26600,0.087,0.196,0.717
26700,0.141,0.207,0.652
26800,0.141,0.163,0.696
26900,0.141,0.130,0.728
27000,0.141,0.109,0.750
27100,0.109,0.098,0.793
27200,0.109,0.087,0.804
27300,0.109,0.065,0.826
27400,0.228,0.076,0.696
27500,0.272,0.120,0.609
27600,0.239,0.152,0.609
27700,0.141,0.185,0.674
27800,0.109,0.196,0.696
27900,0.130,0.228,0.641
28000,0.185,0.163,0.652
28100,0.185,0.141,0.674
28200,0.130,0.141,0.728
28300,0.163,0.130,0.707
28400,0.185,0.228,0.587
28500,0.130,0.152,0.717
28600,0.163,0.120,0.717
28700,0.185,0.120,0.696
28800,0.163,0.217,0.620
28900,0.163,0.228,0.609
29000,0.109,0.239,0.652
29100,0.130,0.217,0.652
29200,0.207,0.185,0.609
29300,0.163,0.141,0.696
29400,0.141,0.152,0.707
29500,0.163,0.130,0.707
29600,0.163,0.196,0.641
29700,0.185,0.250,0.565
29800,0.261,0.152,0.587
29900,0.293,0.130,0.576
30000,0.174,0.163,0.663
30100,0.163,0.152,0.685
30200,0.163,0.185,0.652
30300,0.141,0.196,0.663
30400,0.152,0.217,0.630
30500,0.174,0.141,0.685
30600,0.174,0.163,0.663
30700,0.217,0.098,0.685
30800,0.261,0.109,0.630
30900,0.152,0.141,0.707
31000,0.163,0.207,0.630
31100,0.250,0.163,0.587
31200,0.304,0.141,0.554
31300,0.185,0.163,0.652
31400,0.163,0.120,0.717
31500,0.120,0.207,0.674
31600,0.120,0.152,0.728
31700,0.109,0.207,0.685
31800,0.120,0.174,0.707
31900,0.109,0.174,0.717
32000,0.207,0.163,0.630
32100,0.185,0.196,0.620
32200,0.120,0.098,0.783
32300,0.207,0.152,0.641
32400,0.196,0.130,0.674
32500,0.163,0.163,0.674
32600,0.141,0.141,0.717
32700,0.120,0.130,0.750
32800,0.076,0.130,0.793
32900,0.065,0.196,0.739
33000,0.228,0.141,0.630
33100,0.163,0.120,0.717
33200,0.163,0.076,0.761
33300,0.141,0.087,0.772
33400,0.185,0.054,0.761
33500,0.239,0.076,0.685
33600,0.293,0.076,0.630
33700,0.239,0.054,0.707
33800,0.250,0.109,0.641
33900,0.207,0.098,0.696
34000,0.196,0.065,0.739
34100,0.163,0.120,0.717
34200,0.141,0.130,0.728
34300,0.130,0.185,0.685
34400,0.120,0.152,0.728
34500,0.130,0.196,0.674
34600,0.141,0.228,0.630
34700,0.152,0.185,0.663
34800,0.087,0.130,0.783
34900,0.163,0.120,0.717
35000,0.130,0.076,0.793
35100,0.196,0.098,0.707
35200,0.196,0.098,0.707
35300,0.283,0.076,0.641
35400,0.228,0.087,0.685
35500,0.207,0.196,0.598
35600,0.174,0.228,0.598
35700,0.109,0.152,0.739
35800,0.109,0.228,0.663
35900,0.130,0.196,0.674
36000,0.130,0.239,0.630
36100,0.163,0.207,0.630
36200,0.130,0.163,0.707
36300,0.174,0.207,0.620
36400,0.120,0.196,0.685
36500,0.141,0.228,0.630
36600,0.250,0.207,0.543
36700,0.196,0.130,0.674
36800,0.163,0.098,0.739
36900,0.120,0.174,0.707
37000,0.141,0.141,0.717
37100,0.141,0.120,0.739
37200,0.130,0.065,0.804
37300,0.174,0.065,0.761
37400,0.239,0.076,0.685
37500,0.207,0.120,0.674
37600,0.152,0.141,0.707
37700,0.185,0.163,0.652
37800,0.207,0.196,0.598
37900,0.152,0.174,0.674
38000,0.185,0.076,0.739
38100,0.174,0.109,0.717
38200,0.185,0.109,0.707
38300,0.196,0.130,0.674
38400,0.163,0.087,0.750
38500,0.109,0.152,0.739
38600,0.174,0.109,0.717
38700,0.152,0.098,0.750
38800,0.239,0.065,0.696
38900,0.293,0.065,0.641
39000,0.239,0.087,0.674
39100,0.239,0.130,0.630
39200,0.217,0.152,0.630
39300,0.217,0.098,0.685
39400,0.174,0.185,0.641
39500,0.174,0.174,0.652
39600,0.152,0.207,0.641
39700,0.087,0.174,0.739
39800,0.185,0.217,0.598
39900,0.185,0.196,0.620
40000,0.196,0.217,0.587
40100,0.163,0.217,0.620
40200,0.130,0.239,0.630
40300,0.152,0.217,0.630
40400,0.098,0.196,0.707
40500,0.087,0.152,0.761
40600,0.141,0.152,0.707
40700,0.087,0.163,0.750
40800,0.109,0.163,0.728
40900,0.098,0.120,0.783
41000,0.141,0.065,0.793
41100,0.163,0.174,0.663
41200,0.174,0.141,0.685
41300,0.098,0.152,0.750
41400,0.152,0.141,0.707
41500,0.130,0.196,0.674
41600,0.098,0.163,0.739
41700,0.120,0.163,0.717
41800,0.141,0.098,0.761
41900,0.109,0.174,0.717
42000,0.098,0.196,0.707
42100,0.163,0.207,0.630
42200,0.174,0.250,0.576
42300,0.109,0.217,0.674
42400,0.076,0.152,0.772
42500,0.109,0.185,0.707
42600,0.141,0.174,0.685
42700,0.109,0.217,0.674
42800,0.120,0.196,0.685
42900,0.196,0.185,0.620
43000,0.152,0.228,0.620
43100,0.217,0.185,0.598
43200,0.228,0.174,0.598
43300,0.228,0.109,0.663
43400,0.196,0.120,0.685
43500,0.174,0.130,0.696
43600,0.120,0.130,0.750
43700,0.065,0.130,0.804
43800,0.141,0.152,0.707
43900,0.141,0.130,0.728
44000,0.141,0.217,0.641
44100,0.196,0.141,0.663
44200,0.152,0.185,0.663
44300,0.174,0.130,0.696
44400,0.185,0.120,0.696
44500,0.163,0.130,0.707
44600,0.174,0.174,0.652
44700,0.109,0.152,0.739
44800,0.120,0.185,0.696
44900,0.043,0.207,0.750
45000,0.087,0.174,0.739
45100,0.087,0.174,0.739
45200,0.163,0.207,0.630
45300,0.087,0.120,0.793
45400,0.141,0.109,0.750
45500,0.120,0.109,0.772
45600,0.207,0.120,0.674
45700,0.261,0.087,0.652
45800,0.228,0.065,0.707
45900,0.304,0.120,0.576
46000,0.217,0.130,0.652
46100,0.152,0.217,0.630
46200,0.130,0.207,0.663
46300,0.130,0.196,0.674
46400,0.163,0.228,0.609
46500,0.120,0.217,0.663
46600,0.109,0.185,0.707
46700,0.098,0.196,0.707
46800,0.185,0.207,0.609
46900,0.250,0.185,0.565
47000,0.185,0.120,0.696
47100,0.141,0.130,0.728
47200,0.152,0.120,0.728
47300,0.174,0.076,0.750
47400,0.207,0.087,0.707
47500,0.163,0.109,0.728
47600,0.152,0.098,0.750
47700,0.130,0.087,0.783
47800,0.293,0.033,0.674
47900,0.337,0.043,0.620
48000,0.348,0.054,0.598
48100,0.348,0.043,0.609
48200,0.359,0.054,0.587
48300,0.326,0.076,0.598
48400,0.283,0.076,0.641
48500,0.304,0.163,0.533
48600,0.217,0.141,0.641
48700,0.228,0.185,0.587
48800,0.228,0.120,0.652
48900,0.196,0.109,0.696
49000,0.174,0.109,0.717
49100,0.174,0.076,0.750
49200,0.130,0.098,0.772
49300,0.141,0.065,0.793
49400,0.196,0.098,0.707
49500,0.207,0.120,0.674
49600,0.217,0.109,0.674
49700,0.239,0.130,0.630
49800,0.250,0.098,0.652
49900,0.261,0.076,0.663
50000,0.283,0.109,0.609
50100,0.261,0.087,0.652
50200,0.174,0.152,0.674
50300,0.163,0.217,0.620
50400,0.228,0.228,0.543
50500,0.163,0.261,0.576
50600,0.207,0.207,0.587
50700,0.109,0.185,0.707
50800,0.152,0.239,0.609
50900,0.174,0.163,0.663
51000,0.120,0.098,0.783
51100,0.098,0.152,0.750
51200,0.120,0.228,0.652
51300,0.217,0.228,0.554
51400,0.174,0.152,0.674
51500,0.163,0.130,0.707
51600,0.217,0.130,0.652
51700,0.185,0.141,0.674
51800,0.217,0.109,0.674
51900,0.239,0.098,0.663
52000,0.348,0.087,0.565
52100,0.283,0.109,0.609
52200,0.228,0.130,0.641
52300,0.228,0.130,0.641
52400,0.207,0.098,0.696
52500,0.141,0.120,0.739
52600,0.141,0.120,0.739
52700,0.120,0.163,0.717
52800,0.087,0.174,0.739
52900,0.120,0.196,0.685
53000,0.098,0.261,0.641
53100,0.130,0.261,0.609
53200,0.054,0.337,0.609
53300,0.076,0.239,0.685
53400,0.065,0.250,0.685
53500,0.065,0.185,0.750
53600,0.054,0.261,0.685
53700,0.065,0.272,0.663
53800,0.065,0.196,0.739
53900,0.120,0.196,0.685
54000,0.065,0.174,0.761
54100,0.098,0.163,0.739
54200,0.163,0.196,0.641
54300,0.120,0.098,0.783
54400,0.130,0.196,0.674
54500,0.120,0.174,0.707
54600,0.098,0.120,0.783
54700,0.152,0.141,0.707
54800,0.163,0.098,0.739
54900,0.217,0.109,0.674
55000,0.207,0.087,0.707
55100,0.141,0.076,0.783
55200,0.207,0.076,0.717
55300,0.174,0.054,0.772
55400,0.185,0.120,0.696
55500,0.228,0.087,0.685
55600,0.272,0.141,0.587
55700,0.239,0.185,0.576
55800,0.217,0.130,0.652
55900,0.239,0.087,0.674
56000,0.272,0.076,0.652
56100,0.207,0.141,0.652
56200,0.228,0.174,0.598
56300,0.163,0.152,0.685
56400,0.120,0.228,0.652
56500,0.120,0.163,0.717
56600,0.120,0.130,0.750
56700,0.120,0.130,0.750
56800,0.109,0.174,0.717
56900,0.228,0.098,0.674
57000,0.304,0.109,0.587
57100,0.337,0.130,0.533
57200,0.217,0.141,0.641
57300,0.163,0.163,0.674
57400,0.174,0.163,0.663
57500,0.174,0.196,0.630
57600,0.141,0.196,0.663
57700,0.239,0.141,0.620
57800,0.163,0.141,0.696
57900,0.120,0.196,0.685
58000,0.217,0.207,0.576
58100,0.196,0.120,0.685
58200,0.239,0.109,0.652
58300,0.163,0.054,0.783
58400,0.174,0.043,0.783
58500,0.228,0.065,0.707
58600,0.207,0.109,0.685
58700,0.174,0.196,0.630
58800,0.120,0.217,0.663
58900,0.098,0.217,0.685
59000,0.120,0.228,0.652
59100,0.120,0.250,0.630
59200,0.141,0.337,0.522
59300,0.174,0.152,0.674
59400,0.228,0.130,0.641
59500,0.250,0.130,0.620
59600,0.207,0.098,0.696
59700,0.250,0.109,0.641
59800,0.228,0.033,0.739
59900,0.217,0.022,0.761
60000,0.217,0.087,0.696
60100,0.315,0.076,0.609
60200,0.283,0.043,0.674
60300,0.272,0.076,0.652
60400,0.250,0.120,0.630
60500,0.228,0.196,0.576
60600,0.239,0.174,0.587
60700,0.217,0.174,0.609
60800,0.326,0.152,0.522
60900,0.228,0.163,0.609
61000,0.272,0.185,0.543
61100,0.196,0.130,0.674
61200,0.207,0.098,0.696
61300,0.196,0.065,0.739
61400,0.228,0.065,0.707
61500,0.272,0.087,0.641
61600,0.250,0.098,0.652
61700,0.174,0.120,0.707
61800,0.152,0.120,0.728
61900,0.109,0.196,0.696
62000,0.141,0.337,0.522
62100,0.065,0.359,0.576
62200,0.054,0.293,0.652
62300,0.109,0.228,0.663
62400,0.098,0.163,0.739
62500,0.152,0.120,0.728
62600,0.174,0.152,0.674
62700,0.130,0.163,0.707
62800,0.076,0.196,0.728
62900,0.065,0.196,0.739
63000,0.174,0.141,0.685
63100,0.163,0.130,0.707
63200,0.207,0.163,0.630
63300,0.185,0.207,0.609
63400,0.174,0.217,0.609
63500,0.250,0.185,0.565
63600,0.217,0.152,0.630
63700,0.207,0.152,0.641
63800,0.141,0.174,0.685
63900,0.120,0.152,0.728
64000,0.174,0.098,0.728
64100,0.196,0.087,0.717
64200,0.217,0.141,0.641
64300,0.272,0.054,0.674
64400,0.261,0.120,0.620
64500,0.196,0.152,0.652
64600,0.185,0.174,0.641
64700,0.141,0.196,0.663
64800,0.152,0.239,0.609
64900,0.163,0.326,0.511
65000,0.207,0.185,0.609
65100,0.207,0.120,0.674
65200,0.163,0.196,0.641
65300,0.174,0.076,0.750
65400,0.152,0.109,0.739
65500,0.130,0.163,0.707
65600,0.130,0.196,0.674
65700,0.098,0.163,0.739
65800,0.109,0.185,0.707
65900,0.109,0.120,0.772
66000,0.130,0.120,0.750
66100,0.196,0.120,0.685
66200,0.196,0.130,0.674
66300,0.228,0.109,0.663
66400,0.207,0.130,0.663
66500,0.185,0.130,0.685
66600,0.174,0.130,0.696
66700,0.196,0.120,0.685
66800,0.174,0.098,0.728
66900,0.141,0.152,0.707
67000,0.130,0.109,0.761
67100,0.152,0.109,0.739
67200,0.207,0.098,0.696
67300,0.217,0.087,0.696
67400,0.272,0.054,0.674
67500,0.250,0.065,0.685
67600,0.250,0.087,0.663
67700,0.217,0.065,0.717
67800,0.261,0.065,0.674
67900,0.239,0.141,0.620
68000,0.163,0.207,0.630
68100,0.163,0.239,0.598
68200,0.185,0.185,0.630
68300,0.250,0.217,0.533
68400,0.228,0.174,0.598
68500,0.152,0.152,0.696
68600,0.196,0.163,0.641
68700,0.130,0.174,0.696
68800,0.087,0.261,0.652
68900,0.065,0.293,0.641
69000,0.054,0.380,0.565
69100,0.098,0.380,0.522
69200,0.076,0.348,0.576
69300,0.098,0.272,0.630
69400,0.120,0.239,0.641
69500,0.130,0.293,0.576
69600,0.087,0.207,0.707
69700,0.141,0.217,0.641
69800,0.174,0.196,0.630
69900,0.163,0.174,0.663
70000,0.163,0.196,0.641
70100,0.130,0.185,0.685
70200,0.065,0.217,0.717
70300,0.109,0.228,0.663
70400,0.152,0.185,0.663
70500,0.098,0.098,0.804
70600,0.228,0.120,0.652
70700,0.228,0.163,0.609
70800,0.196,0.152,0.652
70900,0.141,0.174,0.685
71000,0.163,0.174,0.663
71100,0.174,0.185,0.641
71200,0.163,0.217,0.620
71300,0.130,0.196,0.674
71400,0.152,0.228,0.620
71500,0.120,0.217,0.663
71600,0.087,0.239,0.674
71700,0.098,0.304,0.598
71800,0.141,0.283,0.576
71900,0.217,0.217,0.565
72000,0.174,0.141,0.685
72100,0.196,0.163,0.641
72200,0.120,0.130,0.750
72300,0.185,0.130,0.685
72400,0.163,0.217,0.620
72500,0.087,0.207,0.707
72600,0.098,0.250,0.652
72700,0.120,0.196,0.685
72800,0.250,0.250,0.500
72900,0.250,0.196,0.554
73000,0.196,0.174,0.630
73100,0.315,0.174,0.511
73200,0.293,0.152,0.554
73300,0.250,0.120,0.630
73400,0.228,0.174,0.598
73500,0.228,0.152,0.620
73600,0.163,0.228,0.609
73700,0.120,0.261,0.620
73800,0.141,0.207,0.652
73900,0.120,0.196,0.685
74000,0.141,0.152,0.707
74100,0.109,0.207,0.685
74200,0.141,0.207,0.652
74300,0.120,0.152,0.728
74400,0.065,0.228,0.707
74500,0.065,0.207,0.728
74600,0.054,0.239,0.707
74700,0.098,0.283,0.620
74800,0.152,0.228,0.620
74900,0.141,0.185,0.674
75000,0.207,0.152,0.641
75100,0.272,0.087,0.641
75200,0.196,0.130,0.674
75300,0.217,0.098,0.685
75400,0.217,0.120,0.663
75500,0.304,0.130,0.565
75600,0.272,0.087,0.641
75700,0.293,0.087,0.620
75800,0.261,0.098,0.641
75900,0.250,0.098,0.652
76000,0.283,0.120,0.598
76100,0.315,0.087,0.598
76200,0.217,0.076,0.707
76300,0.207,0.065,0.728
76400,0.174,0.109,0.717
76500,0.185,0.087,0.728
76600,0.109,0.185,0.707
76700,0.109,0.163,0.728
76800,0.098,0.087,0.815
76900,0.174,0.141,0.685
77000,0.185,0.174,0.641
77100,0.141,0.228,0.630
77200,0.109,0.228,0.663
77300,0.152,0.304,0.543
77400,0.120,0.261,0.620
77500,0.098,0.185,0.717
77600,0.130,0.174,0.696
77700,0.109,0.207,0.685
77800,0.174,0.239,0.587
77900,0.098,0.228,0.674
78000,0.065,0.250,0.685
78100,0.098,0.174,0.728
78200,0.130,0.141,0.728
78300,0.163,0.109,0.728
78400,0.207,0.098,0.696
78500,0.250,0.054,0.696
78600,0.174,0.109,0.717
78700,0.196,0.163,0.641
78800,0.130,0.130,0.739
78900,0.141,0.120,0.739
79000,0.185,0.120,0.696
79100,0.293,0.065,0.641
79200,0.272,0.130,0.598
79300,0.337,0.120,0.543
79400,0.283,0.141,0.576
79500,0.293,0.130,0.576
79600,0.261,0.098,0.641
79700,0.239,0.054,0.707
79800,0.261,0.109,0.630
79900,0.250,0.098,0.652
80000,0.250,0.065,0.685
80100,0.185,0.141,0.674
80200,0.207,0.076,0.717
80300,0.163,0.109,0.728
80400,0.130,0.130,0.739
80500,0.185,0.185,0.630
80600,0.217,0.130,0.652
80700,0.185,0.130,0.685
80800,0.217,0.152,0.630
80900,0.163,0.120,0.717
81000,0.174,0.109,0.717
81100,0.152,0.141,0.707
81200,0.163,0.076,0.761
81300,0.217,0.130,0.652
81400,0.152,0.109,0.739
81500,0.163,0.174,0.663
81600,0.163,0.196,0.641
81700,0.174,0.163,0.663
81800,0.130,0.196,0.674
81900,0.152,0.196,0.652
82000,0.141,0.217,0.641
82100,0.196,0.185,0.620
82200,0.174,0.152,0.674
82300,0.141,0.152,0.707
82400,0.163,0.185,0.652
82500,0.076,0.315,0.609
82600,0.087,0.380,0.533
82700,0.043,0.250,0.707
82800,0.022,0.272,0.707
82900,0.054,0.196,0.750
83000,0.033,0.174,0.793
83100,0.087,0.185,0.728
83200,0.087,0.185,0.728
83300,0.120,0.185,0.696
83400,0.076,0.174,0.750
83500,0.141,0.185,0.674
83600,0.174,0.120,0.707
83700,0.076,0.098,0.826
83800,0.109,0.120,0.772
83900,0.098,0.174,0.728
84000,0.076,0.152,0.772
84100,0.120,0.185,0.696
84200,0.152,0.141,0.707
84300,0.098,0.174,0.728
84400,0.109,0.196,0.696
84500,0.054,0.293,0.652
84600,0.120,0.228,0.652
84700,0.087,0.228,0.685
84800,0.054,0.293,0.652
84900,0.098,0.337,0.565
85000,0.076,0.261,0.663
85100,0.065,0.207,0.728
85200,0.152,0.185,0.663
85300,0.098,0.174,0.728
85400,0.130,0.152,0.717
85500,0.087,0.098,0.815
85600,0.185,0.141,0.674
85700,0.163,0.196,0.641
85800,0.163,0.196,0.641
85900,0.163,0.174,0.663
86000,0.185,0.120,0.696
86100,0.120,0.130,0.750
86200,0.141,0.120,0.739
86300,0.163,0.163,0.674
86400,0.141,0.239,0.620
86500,0.163,0.174,0.663
86600,0.141,0.163,0.696
86700,0.141,0.174,0.685
86800,0.120,0.217,0.663
86900,0.196,0.272,0.533
87000,0.109,0.196,0.696
87100,0.141,0.228,0.630
87200,0.163,0.185,0.652
87300,0.163,0.109,0.728
87400,0.130,0.152,0.717
87500,0.076,0.207,0.717
87600,0.141,0.196,0.663
87700,0.109,0.261,0.630
87800,0.098,0.217,0.685
87900,0.163,0.196,0.641
88000,0.076,0.272,0.652
88100,0.141,0.239,0.620
88200,0.109,0.250,0.641
88300,0.120,0.207,0.674
88400,0.087,0.174,0.739
88500,0.163,0.207,0.630
88600,0.130,0.152,0.717
88700,0.185,0.120,0.696
88800,0.304,0.109,0.587
88900,0.315,0.163,0.522
89000,0.261,0.130,0.609
89100,0.337,0.065,0.598
89200,0.359,0.043,0.598
89300,0.370,0.022,0.609
89400,0.424,0.033,0.543
89500,0.467,0.043,0.489
89600,0.478,0.033,0.489
89700,0.391,0.065,0.543
89800,0.293,0.109,0.598
89900,0.239,0.120,0.641
90000,0.196,0.109,0.696
90100,0.239,0.098,0.663
90200,0.185,0.076,0.739
90300,0.174,0.152,0.674
90400,0.098,0.120,0.783
90500,0.152,0.141,0.707
90600,0.174,0.130,0.696
90700,0.174,0.141,0.685
90800,0.228,0.109,0.663
90900,0.163,0.120,0.717
91000,0.152,0.152,0.696
91100,0.109,0.185,0.707
91200,0.087,0.250,0.663
91300,0.076,0.228,0.696
91400,0.109,0.250,0.641
91500,0.174,0.217,0.609
91600,0.283,0.120,0.598
91700,0.217,0.196,0.587
91800,0.239,0.163,0.598
91900,0.130,0.141,0.728
92000,0.163,0.141,0.696
92100,0.250,0.152,0.598
92200,0.141,0.196,0.663
92300,0.141,0.130,0.728
92400,0.141,0.141,0.717
92500,0.163,0.141,0.696
92600,0.239,0.087,0.674
92700,0.185,0.087,0.728
92800,0.207,0.163,0.630
92900,0.174,0.152,0.674
93000,0.163,0.163,0.674
93100,0.228,0.239,0.533
93200,0.120,0.163,0.717
93300,0.130,0.228,0.641
93400,0.076,0.196,0.728
93500,0.109,0.185,0.707
93600,0.076,0.141,0.783
93700,0.120,0.283,0.598
93800,0.087,0.272,0.641
93900,0.054,0.250,0.696
94000,0.087,0.109,0.804
94100,0.163,0.141,0.696
94200,0.207,0.152,0.641
94300,0.163,0.098,0.739
94400,0.185,0.087,0.728
94500,0.207,0.130,0.663
94600,0.239,0.098,0.663
94700,0.185,0.130,0.685
94800,0.185,0.109,0.707
94900,0.261,0.130,0.609
95000,0.163,0.065,0.772
95100,0.152,0.087,0.761
95200,0.163,0.130,0.707
95300,0.261,0.076,0.663
95400,0.250,0.022,0.728
95500,0.174,0.065,0.761
95600,0.185,0.098,0.717
95700,0.163,0.152,0.685
95800,0.185,0.109,0.707
95900,0.130,0.109,0.761
96000,0.098,0.217,0.685
96100,0.152,0.141,0.707
96200,0.120,0.174,0.707
96300,0.141,0.174,0.685
96400,0.196,0.163,0.641
96500,0.185,0.087,0.728
96600,0.207,0.120,0.674
96700,0.141,0.196,0.663
96800,0.109,0.196,0.696
96900,0.076,0.130,0.793
97000,0.141,0.087,0.772
97100,0.120,0.098,0.783
97200,0.152,0.087,0.761
97300,0.174,0.174,0.652
97400,0.109,0.207,0.685
97500,0.120,0.185,0.696
97600,0.185,0.174,0.641
97700,0.207,0.152,0.641
97800,0.130,0.152,0.717
97900,0.141,0.130,0.728
98000,0.120,0.141,0.739
98100,0.076,0.120,0.804
98200,0.130,0.141,0.728
98300,0.087,0.141,0.772
98400,0.076,0.141,0.783
98500,0.109,0.109,0.783
98600,0.163,0.120,0.717
98700,0.174,0.217,0.609
98800,0.076,0.207,0.717
98900,0.130,0.130,0.739
99000,0.141,0.141,0.717
99100,0.120,0.130,0.750
99200,0.120,0.196,0.685
99300,0.174,0.130,0.696
99400,0.174,0.130,0.696
99500,0.130,0.120,0.750
99600,0.054,0.163,0.783
99700,0.087,0.109,0.804
99800,0.098,0.098,0.804
99900,0.217,0.130,0.652
100000,0.163,0.163,0.674
