time,n_A+p,n_B,n_AB
500,0.030,0.944,0.026
1000,0.030,0.914,0.056
1500,0.030,0.894,0.076
2000,0.030,0.873,0.097
2500,0.030,0.843,0.127
3000,0.030,0.816,0.154
3500,0.030,0.762,0.208
4000,0.030,0.741,0.229
4500,0.030,0.714,0.256
5000,0.031,0.696,0.273
5500,0.039,0.673,0.287
6000,0.040,0.626,0.334
6500,0.037,0.620,0.343
7000,0.037,0.584,0.379
7500,0.040,0.562,0.397
8000,0.041,0.542,0.417
8500,0.040,0.517,0.443
9000,0.040,0.519,0.441
9500,0.048,0.489,0.462
10000,0.045,0.489,0.465
10500,0.049,0.471,0.480
11000,0.051,0.498,0.450
11500,0.044,0.493,0.462
12000,0.044,0.485,0.471
12500,0.045,0.479,0.476
13000,0.046,0.484,0.470
13500,0.043,0.469,0.488
14000,0.043,0.470,0.486
14500,0.057,0.493,0.450
15000,0.057,0.486,0.457
15500,0.058,0.479,0.464
16000,0.050,0.458,0.492
16500,0.057,0.432,0.511
17000,0.057,0.440,0.504
17500,0.067,0.447,0.486
18000,0.061,0.438,0.500
18500,0.061,0.448,0.491
19000,0.052,0.464,0.483
19500,0.058,0.469,0.473
20000,0.055,0.472,0.473
20500,0.056,0.475,0.470
21000,0.046,0.478,0.476
21500,0.046,0.471,0.483
22000,0.043,0.460,0.497
22500,0.047,0.471,0.482
23000,0.046,0.450,0.504
23500,0.052,0.438,0.510
24000,0.046,0.453,0.501
24500,0.061,0.422,0.516
25000,0.057,0.410,0.533
25500,0.062,0.406,0.531
26000,0.070,0.404,0.527
26500,0.064,0.394,0.542
27000,0.067,0.381,0.552
27500,0.074,0.389,0.537
28000,0.072,0.389,0.539
28500,0.066,0.392,0.542
29000,0.077,0.399,0.524
29500,0.079,0.396,0.525
30000,0.083,0.395,0.522
30500,0.072,0.391,0.537
31000,0.082,0.382,0.537
31500,0.087,0.362,0.550
32000,0.086,0.360,0.554
32500,0.084,0.368,0.548
33000,0.082,0.353,0.565
33500,0.097,0.340,0.563
34000,0.084,0.362,0.554
34500,0.097,0.349,0.554
35000,0.093,0.378,0.530
35500,0.084,0.357,0.558
36000,0.085,0.346,0.570
36500,0.088,0.329,0.584
37000,0.090,0.323,0.587
37500,0.086,0.315,0.599
38000,0.102,0.327,0.572
38500,0.099,0.316,0.585
39000,0.103,0.317,0.581
39500,0.100,0.329,0.571
40000,0.093,0.343,0.564
40500,0.091,0.335,0.574
41000,0.089,0.315,0.596
41500,0.092,0.303,0.604
42000,0.102,0.306,0.592
42500,0.116,0.277,0.607
43000,0.119,0.275,0.606
43500,0.126,0.256,0.618
44000,0.142,0.235,0.623
44500,0.157,0.218,0.626
45000,0.155,0.221,0.624
45500,0.166,0.226,0.609
46000,0.163,0.203,0.634
46500,0.173,0.213,0.614
47000,0.176,0.199,0.625
47500,0.188,0.207,0.605
48000,0.188,0.203,0.610
48500,0.185,0.193,0.621
49000,0.178,0.198,0.623
49500,0.192,0.200,0.608
50000,0.184,0.203,0.612
50500,0.182,0.194,0.623
51000,0.197,0.197,0.607
51500,0.194,0.190,0.617
52000,0.214,0.193,0.593
52500,0.225,0.169,0.606
53000,0.209,0.173,0.618
53500,0.203,0.162,0.634
54000,0.202,0.148,0.650
54500,0.227,0.137,0.636
55000,0.236,0.150,0.614
55500,0.243,0.154,0.603
56000,0.248,0.142,0.609
56500,0.246,0.134,0.620
57000,0.259,0.122,0.619
57500,0.264,0.122,0.614
58000,0.257,0.109,0.635
58500,0.278,0.105,0.617
59000,0.286,0.103,0.610
59500,0.298,0.092,0.610
60000,0.293,0.095,0.613
60500,0.330,0.082,0.589
61000,0.349,0.071,0.580
61500,0.370,0.058,0.572
62000,0.395,0.048,0.557
62500,0.377,0.042,0.582
63000,0.422,0.042,0.537
63500,0.410,0.042,0.548
64000,0.435,0.034,0.531
64500,0.463,0.038,0.499
65000,0.465,0.031,0.504
65500,0.470,0.035,0.495
66000,0.476,0.028,0.496
66500,0.493,0.021,0.486
67000,0.486,0.025,0.489
67500,0.478,0.018,0.505
68000,0.490,0.015,0.495
68500,0.522,0.015,0.463
69000,0.536,0.013,0.450
69500,0.528,0.017,0.455
70000,0.547,0.017,0.436
70500,0.546,0.024,0.430
71000,0.546,0.019,0.435
71500,0.555,0.013,0.432
72000,0.561,0.006,0.433
72500,0.566,0.009,0.425
73000,0.580,0.011,0.410
73500,0.574,0.008,0.418
74000,0.594,0.007,0.399
74500,0.591,0.005,0.404
75000,0.602,0.005,0.393
75500,0.624,0.004,0.372
76000,0.648,0.004,0.348
76500,0.670,0.004,0.325
77000,0.677,0.002,0.321
77500,0.678,0.001,0.321
78000,0.682,0.004,0.314
78500,0.677,0.003,0.320
79000,0.688,0.002,0.310
79500,0.713,0.004,0.284
80000,0.708,0.003,0.289
80500,0.694,0.004,0.302
81000,0.690,0.003,0.307
81500,0.704,0.003,0.294
82000,0.707,0.003,0.290
82500,0.697,0.003,0.301
83000,0.691,0.003,0.306
83500,0.688,0.003,0.309
84000,0.694,0.002,0.305
84500,0.684,0.002,0.314
85000,0.658,0.003,0.339
85500,0.660,0.001,0.339
86000,0.634,0.002,0.364
86500,0.654,0.004,0.342
87000,0.669,0.005,0.326
87500,0.697,0.004,0.299
88000,0.692,0.001,0.307
88500,0.692,0.001,0.307
89000,0.696,0.001,0.303
89500,0.681,0.003,0.316
90000,0.695,0.002,0.304
90500,0.701,0.001,0.299
91000,0.704,0.000,0.296
91500,0.690,0.002,0.309
92000,0.704,0.001,0.295
92500,0.699,0.001,0.301
93000,0.706,0.001,0.294
93500,0.729,0.003,0.269
94000,0.702,0.002,0.296
94500,0.700,0.000,0.300
95000,0.712,0.000,0.288
95500,0.701,0.000,0.299
96000,0.681,0.004,0.315
96500,0.663,0.004,0.333
97000,0.669,0.009,0.321
97500,0.668,0.006,0.325
98000,0.671,0.003,0.326
98500,0.660,0.001,0.339
99000,0.671,0.001,0.328
99500,0.703,0.001,0.297
100000,0.702,0.001,0.298
100500,0.721,0.000,0.279
101000,0.718,0.002,0.281
101500,0.709,0.005,0.286
102000,0.720,0.002,0.278
102500,0.722,0.000,0.278
103000,0.734,0.000,0.266
103500,0.743,0.003,0.254
104000,0.730,0.001,0.269
104500,0.738,0.001,0.262
105000,0.721,0.002,0.277
105500,0.705,0.004,0.291
106000,0.694,0.002,0.305
106500,0.707,0.001,0.292
107000,0.701,0.002,0.297
107500,0.709,0.001,0.291
108000,0.718,0.000,0.282
108500,0.736,0.000,0.264
109000,0.735,0.000,0.265
109500,0.757,0.000,0.243
110000,0.758,0.000,0.242
110500,0.753,0.000,0.247
111000,0.757,0.001,0.242
111500,0.743,0.001,0.257
112000,0.748,0.002,0.251
112500,0.747,0.001,0.252
113000,0.730,0.002,0.268
113500,0.720,0.004,0.276
114000,0.725,0.004,0.272
114500,0.712,0.003,0.286
115000,0.709,0.004,0.288
115500,0.712,0.003,0.286
116000,0.726,0.004,0.270
116500,0.735,0.001,0.264
117000,0.743,0.003,0.254
117500,0.755,0.002,0.243
118000,0.764,0.001,0.235
118500,0.763,0.001,0.236
119000,0.771,0.001,0.228
119500,0.783,0.000,0.217
120000,0.775,0.000,0.225
120500,0.768,0.000,0.232
121000,0.762,0.000,0.238
121500,0.762,0.000,0.238
122000,0.750,0.000,0.250
122500,0.737,0.001,0.262
123000,0.720,0.001,0.280
123500,0.731,0.002,0.268
124000,0.743,0.001,0.256
124500,0.737,0.002,0.261
125000,0.727,0.002,0.272
125500,0.721,0.001,0.278
126000,0.705,0.003,0.292
126500,0.686,0.003,0.310
127000,0.689,0.005,0.306
127500,0.706,0.003,0.292
128000,0.714,0.006,0.280
128500,0.713,0.003,0.285
129000,0.718,0.001,0.281
129500,0.723,0.001,0.276
130000,0.723,0.004,0.273
130500,0.720,0.003,0.277
131000,0.709,0.002,0.289
131500,0.704,0.001,0.296
132000,0.698,0.002,0.300
132500,0.707,0.002,0.291
133000,0.709,0.002,0.290
133500,0.700,0.001,0.299
134000,0.690,0.000,0.310
134500,0.709,0.004,0.287
135000,0.727,0.002,0.271
135500,0.733,0.003,0.265
136000,0.733,0.003,0.264
136500,0.716,0.001,0.284
137000,0.702,0.003,0.296
137500,0.714,0.004,0.283
138000,0.724,0.003,0.274
138500,0.691,0.002,0.307
139000,0.683,0.002,0.315
139500,0.707,0.001,0.293
140000,0.728,0.004,0.268
140500,0.730,0.004,0.266
141000,0.721,0.002,0.277
141500,0.719,0.002,0.280
142000,0.705,0.001,0.294
142500,0.694,0.004,0.303
143000,0.708,0.002,0.291
143500,0.719,0.002,0.280
144000,0.715,0.000,0.285
144500,0.711,0.000,0.289
145000,0.705,0.000,0.295
145500,0.694,0.000,0.306
146000,0.691,0.002,0.308
146500,0.694,0.001,0.306
147000,0.709,0.000,0.291
147500,0.716,0.000,0.284
148000,0.729,0.000,0.271
148500,0.728,0.000,0.272
149000,0.729,0.002,0.269
149500,0.722,0.002,0.276
150000,0.710,0.002,0.289
150500,0.724,0.003,0.274
151000,0.730,0.004,0.267
151500,0.720,0.002,0.279
152000,0.711,0.003,0.286
152500,0.708,0.003,0.290
153000,0.696,0.002,0.302
153500,0.687,0.000,0.313
154000,0.693,0.002,0.305
154500,0.715,0.001,0.284
155000,0.703,0.000,0.297
155500,0.723,0.000,0.277
156000,0.744,0.001,0.255
156500,0.759,0.001,0.240
157000,0.743,0.001,0.257
157500,0.744,0.000,0.256
158000,0.742,0.001,0.257
158500,0.701,0.001,0.299
159000,0.701,0.000,0.299
159500,0.706,0.000,0.294
160000,0.702,0.001,0.297
160500,0.696,0.001,0.304
161000,0.691,0.005,0.304
161500,0.682,0.005,0.312
162000,0.688,0.004,0.309
162500,0.684,0.006,0.309
163000,0.708,0.003,0.290
163500,0.684,0.002,0.314
164000,0.679,0.005,0.316
164500,0.662,0.002,0.336
165000,0.666,0.001,0.333
165500,0.659,0.003,0.338
166000,0.639,0.002,0.359
166500,0.646,0.004,0.349
167000,0.631,0.005,0.364
167500,0.640,0.008,0.352
168000,0.631,0.004,0.364
168500,0.635,0.004,0.360
169000,0.648,0.004,0.347
169500,0.649,0.003,0.348
170000,0.682,0.002,0.316
170500,0.653,0.002,0.345
171000,0.661,0.001,0.338
171500,0.672,0.000,0.328
172000,0.674,0.002,0.324
172500,0.702,0.001,0.297
173000,0.697,0.002,0.302
173500,0.689,0.001,0.310
174000,0.665,0.006,0.329
174500,0.677,0.003,0.320
175000,0.682,0.003,0.315
175500,0.686,0.002,0.312
176000,0.679,0.004,0.317
176500,0.674,0.004,0.321
177000,0.673,0.001,0.326
177500,0.680,0.003,0.317
178000,0.670,0.001,0.329
178500,0.685,0.002,0.312
179000,0.696,0.001,0.303
179500,0.691,0.005,0.304
180000,0.687,0.002,0.311
180500,0.674,0.003,0.323
181000,0.678,0.006,0.316
181500,0.670,0.004,0.326
182000,0.671,0.009,0.319
182500,0.659,0.006,0.335
183000,0.679,0.004,0.317
183500,0.676,0.002,0.322
184000,0.680,0.002,0.318
184500,0.694,0.003,0.304
185000,0.706,0.001,0.293
185500,0.695,0.003,0.302
186000,0.715,0.003,0.283
186500,0.737,0.001,0.262
187000,0.752,0.001,0.247
187500,0.762,0.000,0.238
188000,0.776,0.000,0.224
188500,0.771,0.000,0.229
189000,0.761,0.002,0.237
189500,0.725,0.003,0.272
190000,0.709,0.004,0.288
190500,0.697,0.003,0.300
191000,0.694,0.005,0.301
191500,0.689,0.003,0.308
192000,0.705,0.006,0.289
192500,0.715,0.002,0.283
193000,0.697,0.005,0.298
193500,0.693,0.002,0.305
194000,0.730,0.004,0.266
194500,0.722,0.005,0.273
195000,0.741,0.003,0.257
195500,0.758,0.002,0.240
196000,0.754,0.001,0.245
196500,0.748,0.001,0.251
197000,0.745,0.002,0.254
197500,0.749,0.001,0.251
198000,0.734,0.000,0.266
198500,0.714,0.004,0.282
199000,0.746,0.004,0.250
199500,0.731,0.003,0.267
200000,0.743,0.001,0.257
200500,0.735,0.001,0.264
201000,0.728,0.001,0.272
201500,0.733,0.000,0.267
202000,0.743,0.000,0.257
202500,0.741,0.002,0.258
203000,0.750,0.001,0.249
203500,0.744,0.001,0.255
204000,0.747,0.002,0.252
204500,0.759,0.002,0.239
205000,0.757,0.004,0.239
205500,0.756,0.002,0.242
206000,0.756,0.003,0.241
206500,0.763,0.001,0.236
207000,0.777,0.004,0.219
207500,0.768,0.002,0.230
208000,0.741,0.001,0.259
208500,0.752,0.001,0.247
209000,0.765,0.001,0.234
209500,0.756,0.002,0.242
210000,0.761,0.002,0.237
210500,0.742,0.006,0.252
211000,0.727,0.006,0.267
211500,0.734,0.005,0.261
212000,0.733,0.003,0.265
212500,0.731,0.001,0.269
213000,0.744,0.000,0.256
213500,0.725,0.002,0.273
214000,0.716,0.001,0.284
214500,0.717,0.001,0.283
215000,0.720,0.001,0.280
215500,0.720,0.003,0.278
216000,0.716,0.002,0.282
216500,0.736,0.001,0.263
217000,0.724,0.001,0.275
217500,0.732,0.001,0.267
218000,0.734,0.001,0.265
218500,0.739,0.003,0.258
219000,0.753,0.001,0.246
219500,0.763,0.001,0.236
220000,0.757,0.000,0.243
220500,0.773,0.000,0.227
221000,0.762,0.001,0.237
221500,0.750,0.001,0.249
222000,0.756,0.001,0.243
222500,0.747,0.000,0.253
223000,0.747,0.000,0.253
223500,0.753,0.000,0.247
224000,0.753,0.000,0.247
224500,0.748,0.002,0.250
225000,0.752,0.002,0.246
225500,0.755,0.000,0.245
226000,0.760,0.000,0.240
226500,0.758,0.000,0.242
227000,0.768,0.001,0.231
227500,0.776,0.001,0.223
228000,0.756,0.001,0.243
228500,0.750,0.001,0.249
229000,0.744,0.001,0.256
229500,0.750,0.004,0.247
230000,0.740,0.001,0.260
230500,0.745,0.002,0.254
231000,0.749,0.001,0.251
231500,0.745,0.000,0.255
232000,0.748,0.002,0.250
232500,0.746,0.002,0.253
233000,0.741,0.001,0.259
233500,0.739,0.001,0.261
234000,0.723,0.000,0.277
234500,0.708,0.000,0.292
235000,0.689,0.002,0.310
235500,0.684,0.001,0.315
236000,0.701,0.000,0.299
236500,0.729,0.002,0.270
237000,0.728,0.002,0.270
237500,0.735,0.002,0.264
238000,0.729,0.003,0.268
238500,0.724,0.001,0.276
239000,0.734,0.002,0.264
239500,0.735,0.002,0.264
240000,0.735,0.004,0.262
240500,0.725,0.006,0.269
241000,0.726,0.004,0.270
241500,0.714,0.006,0.280
242000,0.717,0.003,0.280
242500,0.716,0.001,0.283
243000,0.709,0.003,0.288
243500,0.707,0.002,0.292
244000,0.685,0.001,0.314
244500,0.690,0.004,0.307
245000,0.700,0.003,0.297
245500,0.686,0.003,0.311
246000,0.682,0.001,0.317
246500,0.703,0.000,0.297
247000,0.695,0.000,0.305
247500,0.719,0.000,0.281
248000,0.720,0.000,0.280
248500,0.733,0.000,0.267
249000,0.717,0.000,0.283
249500,0.665,0.002,0.333
250000,0.677,0.005,0.317
250500,0.668,0.003,0.329
251000,0.670,0.004,0.326
251500,0.680,0.003,0.317
252000,0.683,0.004,0.312
252500,0.672,0.004,0.323
253000,0.663,0.003,0.334
253500,0.676,0.001,0.323
254000,0.692,0.004,0.304
254500,0.695,0.002,0.303
255000,0.704,0.003,0.294
255500,0.676,0.002,0.322
256000,0.705,0.001,0.294
256500,0.694,0.002,0.305
257000,0.700,0.004,0.296
257500,0.700,0.004,0.297
258000,0.705,0.006,0.289
258500,0.696,0.003,0.301
259000,0.685,0.003,0.311
259500,0.680,0.003,0.317
260000,0.683,0.002,0.315
260500,0.686,0.005,0.308
261000,0.660,0.003,0.337
261500,0.676,0.005,0.319
262000,0.703,0.004,0.293
262500,0.686,0.003,0.310
263000,0.675,0.002,0.323
263500,0.677,0.005,0.317
264000,0.677,0.003,0.320
264500,0.665,0.004,0.331
265000,0.676,0.004,0.320
265500,0.679,0.002,0.319
266000,0.682,0.002,0.316
266500,0.694,0.002,0.305
267000,0.718,0.002,0.280
267500,0.707,0.002,0.292
268000,0.724,0.001,0.275
268500,0.723,0.001,0.276
269000,0.733,0.001,0.267
269500,0.725,0.000,0.275
270000,0.729,0.003,0.268
270500,0.715,0.005,0.280
271000,0.710,0.003,0.288
271500,0.686,0.002,0.311
272000,0.688,0.001,0.311
272500,0.690,0.001,0.310
273000,0.690,0.003,0.308
273500,0.718,0.003,0.280
274000,0.708,0.003,0.289
274500,0.714,0.004,0.283
275000,0.725,0.001,0.275
275500,0.726,0.000,0.274
276000,0.742,0.000,0.258
276500,0.750,0.000,0.250
277000,0.757,0.000,0.243
277500,0.762,0.003,0.235
278000,0.757,0.002,0.241
278500,0.742,0.004,0.255
279000,0.731,0.005,0.264
279500,0.705,0.003,0.293
280000,0.699,0.003,0.299
280500,0.707,0.001,0.293
281000,0.686,0.002,0.312
281500,0.699,0.001,0.300
282000,0.712,0.004,0.284
282500,0.709,0.003,0.289
283000,0.699,0.004,0.297
283500,0.681,0.002,0.317
284000,0.688,0.003,0.310
284500,0.698,0.002,0.301
285000,0.709,0.001,0.291
285500,0.698,0.001,0.302
286000,0.713,0.002,0.285
286500,0.706,0.001,0.293
287000,0.701,0.004,0.296
287500,0.710,0.003,0.287
288000,0.717,0.003,0.281
288500,0.729,0.002,0.269
289000,0.732,0.004,0.265
289500,0.729,0.004,0.268
290000,0.719,0.004,0.277
290500,0.695,0.003,0.303
291000,0.677,0.004,0.319
291500,0.666,0.008,0.326
292000,0.651,0.004,0.345
292500,0.657,0.004,0.339
293000,0.655,0.003,0.342
293500,0.669,0.004,0.327
294000,0.670,0.008,0.322
294500,0.692,0.004,0.305
295000,0.713,0.002,0.286
295500,0.720,0.002,0.279
296000,0.730,0.001,0.269
296500,0.716,0.004,0.281
297000,0.705,0.002,0.293
297500,0.735,0.001,0.264
298000,0.741,0.001,0.259
298500,0.729,0.001,0.271
299000,0.715,0.001,0.285
299500,0.732,0.001,0.268
300000,0.726,0.003,0.272
300500,0.704,0.002,0.295
301000,0.720,0.001,0.279
301500,0.717,0.004,0.279
302000,0.727,0.003,0.270
302500,0.726,0.001,0.273
303000,0.736,0.001,0.264
303500,0.733,0.000,0.267
304000,0.741,0.000,0.259
304500,0.728,0.002,0.270
305000,0.720,0.003,0.278
305500,0.737,0.002,0.262
306000,0.732,0.001,0.268
306500,0.738,0.000,0.262
307000,0.746,0.002,0.252
307500,0.740,0.001,0.260
308000,0.750,0.002,0.249
308500,0.751,0.002,0.247
309000,0.728,0.003,0.269
309500,0.723,0.002,0.275
310000,0.715,0.001,0.284
310500,0.720,0.001,0.280
311000,0.715,0.003,0.282
311500,0.710,0.003,0.288
312000,0.744,0.004,0.253
312500,0.750,0.004,0.247
313000,0.740,0.005,0.255
313500,0.743,0.002,0.256
314000,0.750,0.001,0.249
314500,0.751,0.000,0.249
315000,0.758,0.000,0.242
315500,0.739,0.000,0.261
316000,0.722,0.000,0.278
316500,0.742,0.000,0.258
317000,0.752,0.000,0.248
317500,0.757,0.000,0.243
318000,0.744,0.000,0.256
318500,0.750,0.002,0.248
319000,0.725,0.001,0.274
319500,0.732,0.001,0.268
320000,0.740,0.000,0.260
320500,0.732,0.000,0.268
321000,0.733,0.000,0.267
321500,0.722,0.002,0.276
322000,0.750,0.003,0.247
322500,0.749,0.007,0.243
323000,0.758,0.005,0.237
323500,0.757,0.004,0.239
324000,0.753,0.002,0.245
324500,0.736,0.004,0.261
325000,0.719,0.002,0.279
325500,0.711,0.002,0.288
326000,0.695,0.001,0.304
326500,0.706,0.001,0.293
327000,0.701,0.004,0.295
327500,0.668,0.004,0.327
328000,0.682,0.003,0.315
328500,0.688,0.001,0.311
329000,0.677,0.001,0.322
329500,0.659,0.003,0.338
330000,0.675,0.001,0.324
330500,0.669,0.001,0.330
331000,0.679,0.003,0.318
331500,0.709,0.004,0.287
332000,0.695,0.005,0.300
332500,0.688,0.005,0.307
333000,0.677,0.003,0.320
333500,0.696,0.002,0.303
334000,0.726,0.004,0.270
334500,0.723,0.005,0.272
335000,0.685,0.002,0.312
335500,0.703,0.001,0.297
336000,0.706,0.001,0.294
336500,0.702,0.002,0.296
337000,0.709,0.004,0.287
337500,0.712,0.004,0.284
338000,0.725,0.002,0.273
338500,0.738,0.001,0.262
339000,0.758,0.001,0.241
339500,0.752,0.001,0.247
340000,0.769,0.000,0.231
340500,0.771,0.000,0.229
341000,0.780,0.000,0.220
341500,0.777,0.000,0.223
342000,0.787,0.002,0.211
342500,0.764,0.001,0.235
343000,0.760,0.001,0.239
343500,0.771,0.001,0.228
344000,0.729,0.002,0.270
344500,0.704,0.001,0.295
345000,0.686,0.001,0.313
345500,0.679,0.002,0.319
346000,0.699,0.002,0.299
346500,0.700,0.004,0.297
347000,0.698,0.003,0.300
347500,0.711,0.003,0.286
348000,0.708,0.003,0.290
348500,0.695,0.007,0.298
349000,0.660,0.005,0.335
349500,0.647,0.004,0.349
350000,0.644,0.004,0.352
350500,0.672,0.004,0.323
351000,0.675,0.003,0.322
351500,0.675,0.005,0.319
352000,0.655,0.004,0.340
352500,0.666,0.004,0.330
353000,0.670,0.004,0.326
353500,0.682,0.002,0.316
354000,0.667,0.004,0.329
354500,0.667,0.003,0.330
355000,0.666,0.004,0.330
355500,0.659,0.004,0.337
356000,0.658,0.004,0.338
356500,0.655,0.003,0.342
357000,0.662,0.003,0.335
357500,0.649,0.003,0.348
358000,0.643,0.005,0.351
358500,0.657,0.006,0.337
359000,0.649,0.004,0.346
359500,0.675,0.004,0.321
360000,0.673,0.004,0.323
360500,0.656,0.001,0.343
361000,0.672,0.001,0.327
361500,0.659,0.002,0.339
362000,0.682,0.003,0.315
362500,0.660,0.004,0.336
363000,0.676,0.007,0.317
363500,0.682,0.005,0.313
364000,0.674,0.003,0.323
364500,0.662,0.003,0.335
365000,0.658,0.002,0.340
365500,0.669,0.005,0.326
366000,0.684,0.002,0.314
366500,0.697,0.001,0.302
367000,0.686,0.003,0.311
367500,0.687,0.003,0.310
368000,0.695,0.002,0.303
368500,0.684,0.004,0.312
369000,0.686,0.003,0.311
369500,0.678,0.002,0.320
370000,0.684,0.003,0.313
370500,0.676,0.002,0.322
371000,0.675,0.001,0.324
371500,0.684,0.002,0.314
372000,0.677,0.001,0.322
372500,0.671,0.000,0.329
373000,0.671,0.000,0.329
373500,0.675,0.003,0.322
374000,0.667,0.004,0.329
374500,0.688,0.001,0.311
375000,0.684,0.001,0.315
375500,0.711,0.000,0.289
376000,0.730,0.000,0.270
376500,0.712,0.000,0.288
377000,0.710,0.004,0.286
377500,0.687,0.003,0.310
378000,0.692,0.003,0.306
378500,0.704,0.002,0.295
379000,0.704,0.004,0.293
379500,0.708,0.001,0.291
380000,0.714,0.001,0.285
380500,0.712,0.001,0.287
381000,0.710,0.001,0.289
381500,0.721,0.001,0.278
382000,0.706,0.001,0.294
382500,0.705,0.001,0.295
383000,0.719,0.007,0.274
383500,0.733,0.004,0.263
384000,0.739,0.003,0.258
384500,0.735,0.003,0.263
385000,0.740,0.003,0.258
385500,0.748,0.003,0.250
386000,0.760,0.001,0.239
386500,0.744,0.001,0.256
387000,0.760,0.001,0.239
387500,0.766,0.002,0.232
388000,0.765,0.004,0.231
388500,0.758,0.003,0.239
389000,0.748,0.001,0.251
389500,0.771,0.002,0.227
390000,0.774,0.001,0.225
390500,0.764,0.000,0.236
391000,0.760,0.000,0.240
391500,0.751,0.000,0.249
392000,0.730,0.000,0.270
392500,0.713,0.004,0.283
393000,0.701,0.003,0.296
393500,0.695,0.002,0.303
394000,0.699,0.001,0.300
394500,0.722,0.002,0.276
395000,0.735,0.002,0.264
395500,0.749,0.002,0.249
396000,0.742,0.003,0.256
396500,0.760,0.002,0.238
397000,0.772,0.002,0.226
397500,0.748,0.001,0.252
398000,0.739,0.000,0.261
398500,0.726,0.002,0.272
399000,0.721,0.002,0.278
399500,0.728,0.002,0.271
400000,0.736,0.002,0.263
400500,0.728,0.001,0.271
401000,0.729,0.000,0.271
401500,0.743,0.000,0.257
402000,0.744,0.000,0.256
402500,0.736,0.000,0.264
403000,0.735,0.000,0.265
403500,0.751,0.000,0.249
404000,0.752,0.000,0.248
404500,0.770,0.000,0.230
405000,0.770,0.000,0.230
405500,0.763,0.000,0.237
406000,0.773,0.000,0.227
406500,0.758,0.002,0.240
407000,0.757,0.001,0.242
407500,0.771,0.001,0.228
408000,0.764,0.004,0.232
408500,0.763,0.003,0.234
409000,0.752,0.000,0.248
409500,0.743,0.000,0.257
410000,0.747,0.000,0.253
410500,0.767,0.000,0.233
411000,0.760,0.000,0.240
411500,0.738,0.000,0.262
412000,0.729,0.000,0.271
412500,0.743,0.000,0.257
413000,0.754,0.000,0.246
413500,0.762,0.002,0.236
414000,0.756,0.002,0.242
414500,0.753,0.001,0.246
415000,0.762,0.001,0.237
415500,0.765,0.001,0.234
416000,0.745,0.001,0.255
416500,0.756,0.001,0.243
417000,0.739,0.001,0.261
417500,0.736,0.003,0.262
418000,0.751,0.001,0.248
418500,0.750,0.001,0.250
419000,0.753,0.000,0.247
419500,0.779,0.000,0.221
420000,0.773,0.001,0.226
420500,0.765,0.002,0.233
421000,0.779,0.004,0.217
421500,0.758,0.002,0.240
422000,0.771,0.001,0.228
422500,0.765,0.001,0.234
423000,0.779,0.003,0.218
423500,0.770,0.003,0.227
424000,0.769,0.002,0.229
424500,0.773,0.003,0.224
425000,0.766,0.002,0.232
425500,0.754,0.001,0.245
426000,0.753,0.001,0.246
426500,0.755,0.001,0.244
427000,0.756,0.001,0.243
427500,0.755,0.001,0.244
428000,0.751,0.000,0.249
428500,0.758,0.000,0.242
429000,0.746,0.000,0.254
429500,0.737,0.002,0.262
430000,0.741,0.002,0.258
430500,0.735,0.002,0.264
431000,0.746,0.002,0.253
431500,0.756,0.001,0.243
432000,0.762,0.000,0.238
432500,0.746,0.000,0.254
433000,0.733,0.002,0.266
433500,0.732,0.001,0.268
434000,0.730,0.000,0.270
434500,0.723,0.002,0.275
435000,0.718,0.001,0.282
435500,0.703,0.001,0.297
436000,0.712,0.001,0.288
436500,0.732,0.001,0.267
437000,0.721,0.001,0.278
437500,0.696,0.001,0.304
438000,0.703,0.000,0.297
438500,0.706,0.000,0.294
439000,0.731,0.000,0.269
439500,0.716,0.000,0.284
440000,0.698,0.000,0.302
440500,0.681,0.003,0.316
441000,0.680,0.002,0.318
441500,0.709,0.001,0.290
442000,0.699,0.002,0.299
442500,0.719,0.002,0.279
443000,0.700,0.004,0.296
443500,0.701,0.003,0.297
444000,0.696,0.004,0.301
444500,0.696,0.003,0.302
445000,0.686,0.002,0.312
445500,0.663,0.004,0.333
446000,0.660,0.002,0.338
446500,0.664,0.003,0.333
447000,0.678,0.003,0.319
447500,0.680,0.002,0.318
448000,0.687,0.001,0.312
448500,0.682,0.002,0.316
449000,0.679,0.001,0.320
449500,0.684,0.004,0.311
450000,0.682,0.005,0.312
450500,0.677,0.004,0.319
451000,0.694,0.003,0.303
451500,0.697,0.001,0.302
452000,0.732,0.003,0.266
452500,0.731,0.002,0.267
453000,0.725,0.001,0.275
453500,0.740,0.001,0.260
454000,0.743,0.002,0.255
454500,0.732,0.003,0.265
455000,0.719,0.002,0.280
455500,0.726,0.003,0.271
456000,0.729,0.008,0.263
456500,0.719,0.006,0.275
457000,0.720,0.002,0.279
457500,0.717,0.002,0.281
458000,0.708,0.003,0.290
458500,0.705,0.002,0.294
459000,0.695,0.001,0.304
459500,0.713,0.001,0.286
460000,0.724,0.001,0.276
460500,0.759,0.002,0.239
461000,0.750,0.001,0.249
461500,0.746,0.001,0.254
462000,0.745,0.002,0.254
462500,0.735,0.002,0.264
463000,0.739,0.003,0.258
463500,0.740,0.001,0.259
464000,0.763,0.001,0.236
464500,0.778,0.002,0.220
465000,0.777,0.002,0.221
465500,0.774,0.001,0.225
466000,0.759,0.001,0.240
466500,0.785,0.001,0.214
467000,0.773,0.001,0.226
467500,0.779,0.001,0.220
468000,0.760,0.003,0.237
468500,0.753,0.002,0.245
469000,0.763,0.001,0.236
469500,0.755,0.001,0.244
470000,0.765,0.001,0.234
470500,0.752,0.001,0.247
471000,0.756,0.001,0.243
471500,0.752,0.000,0.248
472000,0.758,0.000,0.242
472500,0.756,0.000,0.244
473000,0.768,0.000,0.232
473500,0.755,0.002,0.243
474000,0.741,0.003,0.256
474500,0.741,0.001,0.259
475000,0.750,0.003,0.248
475500,0.736,0.001,0.263
476000,0.733,0.001,0.266
476500,0.745,0.001,0.254
477000,0.742,0.003,0.255
477500,0.731,0.001,0.269
478000,0.727,0.001,0.272
478500,0.745,0.001,0.255
479000,0.738,0.003,0.260
479500,0.742,0.003,0.255
480000,0.741,0.001,0.258
480500,0.720,0.003,0.277
481000,0.721,0.004,0.276
481500,0.725,0.002,0.273
482000,0.720,0.004,0.276
482500,0.693,0.003,0.305
483000,0.705,0.001,0.294
483500,0.718,0.001,0.282
484000,0.715,0.001,0.285
484500,0.718,0.000,0.282
485000,0.721,0.001,0.278
485500,0.710,0.001,0.290
486000,0.721,0.000,0.279
486500,0.721,0.000,0.279
487000,0.709,0.000,0.291
487500,0.706,0.000,0.294
488000,0.697,0.000,0.303
488500,0.717,0.000,0.283
489000,0.731,0.002,0.268
489500,0.747,0.001,0.253
490000,0.733,0.000,0.267
490500,0.739,0.000,0.261
491000,0.754,0.000,0.246
491500,0.729,0.003,0.268
492000,0.716,0.002,0.282
492500,0.717,0.000,0.283
493000,0.717,0.000,0.283
493500,0.719,0.004,0.278
494000,0.723,0.003,0.275
494500,0.711,0.003,0.287
495000,0.724,0.003,0.273
495500,0.746,0.003,0.252
496000,0.758,0.002,0.240
496500,0.754,0.003,0.243
497000,0.742,0.004,0.254
497500,0.748,0.002,0.251
498000,0.746,0.004,0.250
498500,0.751,0.002,0.247
499000,0.746,0.001,0.253
499500,0.767,0.004,0.229
500000,0.757,0.002,0.241
500500,0.772,0.001,0.227
501000,0.786,0.000,0.214
501500,0.803,0.000,0.197
502000,0.808,0.000,0.192
502500,0.777,0.000,0.223
503000,0.767,0.001,0.232
503500,0.770,0.000,0.230
504000,0.759,0.000,0.241
504500,0.725,0.002,0.273
505000,0.734,0.001,0.265
505500,0.742,0.001,0.258
506000,0.745,0.002,0.254
506500,0.731,0.001,0.268
507000,0.738,0.003,0.259
507500,0.749,0.002,0.249
508000,0.769,0.001,0.230
508500,0.781,0.001,0.218
509000,0.761,0.001,0.238
509500,0.782,0.001,0.217
510000,0.780,0.001,0.219
510500,0.775,0.001,0.224
511000,0.748,0.000,0.252
511500,0.751,0.001,0.248
512000,0.736,0.000,0.264
512500,0.746,0.004,0.250
513000,0.749,0.004,0.247
513500,0.751,0.002,0.247
514000,0.765,0.002,0.233
514500,0.754,0.001,0.245
515000,0.753,0.001,0.246
515500,0.759,0.001,0.240
516000,0.748,0.001,0.252
516500,0.763,0.002,0.235
517000,0.769,0.001,0.230
517500,0.742,0.001,0.258
518000,0.756,0.003,0.241
518500,0.733,0.002,0.266
519000,0.726,0.002,0.273
519500,0.757,0.003,0.240
520000,0.755,0.001,0.244
520500,0.742,0.001,0.258
521000,0.735,0.000,0.265
521500,0.734,0.001,0.265
522000,0.746,0.001,0.253
522500,0.728,0.002,0.271
523000,0.732,0.001,0.267
523500,0.750,0.001,0.249
524000,0.745,0.004,0.252
524500,0.746,0.003,0.252
525000,0.746,0.003,0.252
525500,0.741,0.001,0.258
526000,0.724,0.002,0.275
526500,0.733,0.003,0.264
527000,0.718,0.001,0.282
527500,0.704,0.000,0.296
528000,0.686,0.004,0.310
528500,0.706,0.003,0.291
529000,0.695,0.002,0.303
529500,0.711,0.003,0.287
530000,0.689,0.003,0.309
530500,0.689,0.001,0.310
531000,0.706,0.001,0.294
531500,0.698,0.001,0.302
532000,0.689,0.002,0.309
532500,0.681,0.003,0.316
533000,0.678,0.002,0.320
533500,0.695,0.002,0.303
534000,0.689,0.004,0.308
534500,0.708,0.001,0.291
535000,0.712,0.001,0.288
535500,0.730,0.000,0.270
536000,0.752,0.000,0.248
536500,0.760,0.000,0.240
537000,0.769,0.001,0.230
537500,0.762,0.001,0.237
538000,0.742,0.002,0.256
538500,0.716,0.002,0.283
539000,0.702,0.000,0.298
539500,0.714,0.002,0.285
540000,0.726,0.000,0.274
540500,0.735,0.000,0.265
541000,0.731,0.002,0.267
541500,0.754,0.001,0.245
542000,0.756,0.001,0.243
542500,0.754,0.001,0.245
543000,0.762,0.001,0.237
543500,0.753,0.001,0.246
544000,0.754,0.000,0.246
544500,0.746,0.001,0.253
545000,0.746,0.000,0.254
545500,0.757,0.000,0.243
546000,0.765,0.002,0.233
546500,0.759,0.001,0.240
547000,0.751,0.001,0.248
547500,0.748,0.001,0.252
548000,0.747,0.000,0.253
548500,0.743,0.000,0.257
549000,0.730,0.000,0.270
549500,0.730,0.002,0.269
550000,0.710,0.002,0.289
550500,0.694,0.001,0.306
551000,0.674,0.000,0.326
551500,0.699,0.000,0.301
552000,0.699,0.003,0.299
552500,0.710,0.001,0.289
553000,0.715,0.001,0.285
553500,0.715,0.000,0.285
554000,0.707,0.000,0.293
554500,0.723,0.000,0.277
555000,0.737,0.000,0.263
555500,0.754,0.000,0.246
556000,0.760,0.000,0.240
556500,0.735,0.000,0.265
557000,0.734,0.000,0.266
557500,0.746,0.000,0.254
558000,0.729,0.000,0.271
558500,0.731,0.000,0.269
559000,0.728,0.002,0.270
559500,0.730,0.002,0.269
560000,0.695,0.002,0.304
560500,0.681,0.001,0.318
561000,0.665,0.001,0.334
561500,0.671,0.003,0.326
562000,0.693,0.003,0.304
562500,0.695,0.002,0.304
563000,0.696,0.001,0.304
563500,0.679,0.003,0.318
564000,0.692,0.001,0.307
564500,0.676,0.003,0.321
565000,0.695,0.002,0.304
565500,0.701,0.003,0.296
566000,0.682,0.001,0.317
566500,0.672,0.002,0.326
567000,0.665,0.003,0.332
567500,0.671,0.002,0.327
568000,0.659,0.006,0.334
568500,0.666,0.007,0.326
569000,0.659,0.010,0.331
569500,0.640,0.008,0.352
570000,0.649,0.007,0.344
570500,0.666,0.006,0.328
571000,0.648,0.004,0.348
571500,0.665,0.005,0.330
572000,0.673,0.004,0.323
572500,0.678,0.007,0.314
573000,0.665,0.003,0.332
573500,0.664,0.005,0.330
574000,0.658,0.004,0.338
574500,0.652,0.002,0.346
575000,0.664,0.004,0.332
575500,0.658,0.004,0.337
576000,0.663,0.003,0.334
576500,0.664,0.003,0.333
577000,0.664,0.001,0.335
577500,0.645,0.002,0.353
578000,0.664,0.002,0.334
578500,0.678,0.002,0.320
579000,0.674,0.004,0.322
579500,0.694,0.003,0.303
580000,0.692,0.002,0.306
580500,0.679,0.003,0.318
581000,0.677,0.003,0.320
581500,0.682,0.003,0.315
582000,0.693,0.002,0.305
582500,0.682,0.001,0.317
583000,0.673,0.003,0.324
583500,0.681,0.001,0.318
584000,0.692,0.001,0.307
584500,0.678,0.003,0.319
585000,0.672,0.005,0.322
585500,0.667,0.007,0.326
586000,0.674,0.002,0.324
586500,0.689,0.003,0.308
587000,0.663,0.002,0.335
587500,0.668,0.004,0.327
588000,0.657,0.004,0.339
588500,0.654,0.002,0.344
589000,0.628,0.003,0.369
589500,0.628,0.002,0.370
590000,0.621,0.002,0.378
590500,0.645,0.003,0.352
591000,0.630,0.004,0.365
591500,0.626,0.004,0.370
592000,0.620,0.007,0.373
592500,0.616,0.003,0.381
593000,0.619,0.002,0.380
593500,0.618,0.003,0.379
594000,0.616,0.002,0.383
594500,0.606,0.006,0.388
595000,0.594,0.006,0.400
595500,0.613,0.004,0.384
596000,0.592,0.004,0.404
596500,0.600,0.002,0.398
597000,0.608,0.002,0.390
597500,0.619,0.009,0.373
598000,0.631,0.008,0.361
598500,0.621,0.005,0.374
599000,0.632,0.003,0.365
599500,0.620,0.003,0.377
600000,0.624,0.007,0.369
600500,0.657,0.009,0.334
601000,0.672,0.009,0.318
601500,0.670,0.005,0.325
602000,0.679,0.003,0.318
602500,0.668,0.002,0.330
603000,0.654,0.003,0.343
603500,0.652,0.009,0.339
604000,0.640,0.004,0.355
604500,0.630,0.005,0.365
605000,0.630,0.002,0.368
605500,0.630,0.003,0.367
606000,0.638,0.005,0.357
606500,0.656,0.004,0.340
607000,0.665,0.004,0.331
607500,0.671,0.001,0.328
608000,0.677,0.002,0.321
608500,0.686,0.006,0.307
609000,0.691,0.004,0.305
609500,0.694,0.006,0.300
610000,0.710,0.004,0.286
610500,0.691,0.002,0.308
611000,0.674,0.003,0.323
611500,0.676,0.002,0.322
612000,0.681,0.003,0.316
612500,0.666,0.001,0.333
613000,0.691,0.001,0.309
613500,0.697,0.001,0.303
614000,0.703,0.004,0.294
614500,0.689,0.002,0.309
615000,0.682,0.004,0.314
615500,0.688,0.003,0.310
616000,0.678,0.002,0.320
616500,0.690,0.004,0.306
617000,0.707,0.005,0.288
617500,0.710,0.004,0.287
618000,0.708,0.001,0.291
618500,0.706,0.002,0.293
619000,0.716,0.001,0.284
619500,0.716,0.001,0.284
620000,0.726,0.002,0.272
620500,0.730,0.003,0.268
621000,0.730,0.002,0.269
621500,0.706,0.001,0.293
622000,0.709,0.001,0.290
622500,0.709,0.001,0.290
623000,0.689,0.000,0.311
623500,0.709,0.000,0.291
624000,0.679,0.003,0.318
624500,0.669,0.008,0.323
625000,0.646,0.004,0.349
625500,0.656,0.002,0.342
626000,0.637,0.002,0.361
626500,0.638,0.002,0.360
627000,0.647,0.004,0.349
627500,0.656,0.006,0.337
628000,0.645,0.006,0.348
628500,0.648,0.005,0.346
629000,0.640,0.006,0.354
629500,0.626,0.010,0.364
630000,0.598,0.009,0.393
630500,0.589,0.005,0.406
631000,0.602,0.009,0.390
631500,0.608,0.009,0.383
632000,0.633,0.005,0.361
632500,0.659,0.007,0.333
633000,0.666,0.008,0.326
633500,0.638,0.006,0.356
634000,0.652,0.005,0.343
634500,0.656,0.004,0.339
635000,0.662,0.002,0.336
635500,0.666,0.000,0.334
636000,0.645,0.004,0.351
636500,0.637,0.003,0.360
637000,0.637,0.007,0.356
637500,0.656,0.007,0.336
638000,0.653,0.008,0.339
638500,0.652,0.009,0.339
639000,0.654,0.009,0.337
639500,0.664,0.005,0.331
640000,0.669,0.004,0.327
640500,0.671,0.005,0.324
641000,0.659,0.004,0.336
641500,0.664,0.004,0.331
642000,0.678,0.003,0.319
642500,0.673,0.002,0.325
643000,0.667,0.004,0.329
643500,0.663,0.001,0.336
644000,0.659,0.003,0.338
644500,0.656,0.002,0.342
645000,0.667,0.001,0.332
645500,0.673,0.002,0.325
646000,0.671,0.004,0.324
646500,0.664,0.006,0.330
647000,0.677,0.005,0.318
647500,0.679,0.001,0.320
648000,0.702,0.000,0.298
648500,0.703,0.004,0.293
649000,0.706,0.004,0.291
649500,0.701,0.002,0.298
650000,0.707,0.001,0.292
650500,0.712,0.001,0.288
651000,0.707,0.000,0.293
651500,0.700,0.003,0.298
652000,0.711,0.001,0.288
652500,0.728,0.001,0.272
653000,0.734,0.003,0.264
653500,0.722,0.002,0.277
654000,0.740,0.001,0.260
654500,0.742,0.000,0.258
655000,0.769,0.000,0.231
655500,0.759,0.000,0.241
656000,0.769,0.000,0.231
656500,0.791,0.000,0.209
657000,0.790,0.000,0.210
657500,0.795,0.000,0.205
658000,0.781,0.000,0.219
658500,0.762,0.000,0.238
659000,0.759,0.000,0.241
659500,0.752,0.002,0.246
660000,0.743,0.001,0.256
660500,0.733,0.001,0.267
661000,0.747,0.000,0.253
661500,0.740,0.000,0.260
662000,0.724,0.002,0.275
662500,0.727,0.001,0.272
663000,0.705,0.001,0.295
663500,0.723,0.001,0.277
664000,0.729,0.002,0.270
664500,0.722,0.004,0.275
665000,0.733,0.001,0.266
665500,0.733,0.001,0.266
666000,0.744,0.001,0.255
666500,0.736,0.001,0.263
667000,0.737,0.002,0.261
667500,0.723,0.001,0.276
668000,0.701,0.001,0.299
668500,0.706,0.002,0.293
669000,0.690,0.001,0.310
669500,0.673,0.002,0.325
670000,0.680,0.002,0.318
670500,0.668,0.003,0.329
671000,0.658,0.003,0.339
671500,0.665,0.004,0.330
672000,0.658,0.004,0.338
672500,0.673,0.003,0.324
673000,0.700,0.002,0.299
673500,0.700,0.001,0.299
674000,0.716,0.004,0.281
674500,0.704,0.002,0.295
675000,0.677,0.000,0.323
675500,0.678,0.000,0.322
676000,0.678,0.002,0.320
676500,0.673,0.004,0.322
677000,0.678,0.004,0.318
677500,0.665,0.003,0.332
678000,0.679,0.002,0.319
678500,0.684,0.001,0.315
679000,0.689,0.002,0.310
679500,0.703,0.002,0.295
680000,0.704,0.001,0.295
680500,0.710,0.002,0.288
681000,0.729,0.004,0.268
681500,0.722,0.001,0.278
682000,0.724,0.001,0.276
682500,0.728,0.001,0.272
683000,0.715,0.001,0.285
683500,0.727,0.002,0.272
684000,0.715,0.004,0.281
684500,0.705,0.003,0.292
685000,0.702,0.002,0.296
685500,0.698,0.006,0.296
686000,0.704,0.004,0.292
686500,0.683,0.001,0.316
687000,0.706,0.000,0.294
687500,0.703,0.002,0.296
688000,0.716,0.003,0.282
688500,0.726,0.002,0.272
689000,0.726,0.003,0.271
689500,0.729,0.002,0.270
690000,0.723,0.003,0.275
690500,0.737,0.001,0.262
691000,0.735,0.003,0.263
691500,0.740,0.003,0.257
692000,0.732,0.002,0.267
692500,0.710,0.001,0.289
693000,0.717,0.001,0.282
693500,0.720,0.001,0.280
694000,0.711,0.002,0.287
694500,0.702,0.002,0.297
695000,0.707,0.001,0.292
695500,0.722,0.001,0.278
696000,0.743,0.001,0.257
696500,0.736,0.002,0.263
697000,0.736,0.002,0.263
697500,0.722,0.002,0.276
698000,0.713,0.001,0.286
698500,0.726,0.001,0.274
699000,0.729,0.000,0.271
699500,0.727,0.001,0.272
700000,0.746,0.001,0.254
700500,0.728,0.004,0.268
701000,0.734,0.003,0.264
701500,0.740,0.001,0.259
702000,0.737,0.002,0.262
702500,0.741,0.004,0.256
703000,0.733,0.002,0.266
703500,0.750,0.001,0.249
704000,0.744,0.003,0.253
704500,0.735,0.003,0.263
705000,0.747,0.002,0.252
705500,0.732,0.004,0.265
706000,0.756,0.003,0.241
706500,0.762,0.001,0.237
707000,0.746,0.000,0.254
707500,0.731,0.002,0.268
708000,0.725,0.004,0.272
708500,0.733,0.001,0.266
709000,0.730,0.003,0.267
709500,0.732,0.002,0.267
710000,0.733,0.002,0.265
710500,0.727,0.002,0.271
711000,0.716,0.002,0.283
711500,0.722,0.001,0.278
712000,0.725,0.001,0.274
712500,0.716,0.002,0.282
713000,0.699,0.002,0.300
713500,0.690,0.002,0.308
714000,0.684,0.001,0.315
714500,0.682,0.002,0.316
715000,0.697,0.002,0.302
715500,0.688,0.001,0.312
716000,0.695,0.002,0.303
716500,0.686,0.002,0.312
717000,0.694,0.001,0.305
717500,0.706,0.001,0.293
718000,0.704,0.001,0.295
718500,0.690,0.002,0.308
719000,0.674,0.004,0.322
719500,0.665,0.003,0.332
720000,0.675,0.002,0.323
720500,0.668,0.002,0.330
721000,0.673,0.004,0.323
721500,0.704,0.002,0.294
722000,0.701,0.003,0.296
722500,0.700,0.001,0.300
723000,0.702,0.001,0.297
723500,0.692,0.001,0.308
724000,0.683,0.003,0.314
724500,0.669,0.004,0.326
725000,0.649,0.007,0.343
725500,0.661,0.005,0.333
726000,0.661,0.004,0.334
726500,0.681,0.002,0.317
727000,0.704,0.002,0.294
727500,0.718,0.001,0.281
728000,0.723,0.001,0.276
728500,0.742,0.002,0.257
729000,0.752,0.002,0.246
729500,0.758,0.002,0.240
730000,0.758,0.002,0.240
730500,0.734,0.001,0.265
731000,0.730,0.003,0.268
731500,0.716,0.002,0.283
732000,0.721,0.004,0.276
732500,0.699,0.002,0.300
733000,0.707,0.003,0.291
733500,0.706,0.004,0.291
734000,0.734,0.002,0.264
734500,0.719,0.001,0.280
735000,0.725,0.001,0.275
735500,0.736,0.000,0.264
736000,0.748,0.000,0.252
736500,0.744,0.000,0.256
737000,0.760,0.000,0.240
737500,0.772,0.000,0.228
738000,0.773,0.000,0.227
738500,0.762,0.002,0.236
739000,0.762,0.001,0.237
739500,0.759,0.000,0.241
740000,0.758,0.000,0.242
740500,0.756,0.000,0.244
741000,0.782,0.002,0.216
741500,0.793,0.001,0.206
742000,0.763,0.002,0.235
742500,0.763,0.001,0.236
743000,0.758,0.001,0.241
743500,0.750,0.001,0.250
744000,0.720,0.000,0.280
744500,0.732,0.002,0.267
745000,0.728,0.000,0.272
745500,0.732,0.000,0.268
746000,0.740,0.002,0.258
746500,0.738,0.001,0.261
747000,0.741,0.001,0.258
747500,0.749,0.001,0.251
748000,0.755,0.003,0.242
748500,0.754,0.002,0.244
749000,0.757,0.002,0.241
749500,0.777,0.001,0.222
750000,0.778,0.001,0.221
750500,0.754,0.001,0.245
751000,0.771,0.000,0.229
751500,0.799,0.000,0.201
752000,0.803,0.000,0.197
752500,0.803,0.000,0.197
753000,0.796,0.000,0.204
753500,0.789,0.000,0.211
754000,0.779,0.002,0.219
754500,0.778,0.002,0.220
755000,0.759,0.001,0.240
755500,0.748,0.000,0.252
756000,0.759,0.000,0.241
756500,0.737,0.002,0.262
757000,0.723,0.003,0.274
757500,0.729,0.003,0.269
758000,0.725,0.003,0.273
758500,0.714,0.002,0.284
759000,0.711,0.004,0.286
759500,0.713,0.002,0.286
760000,0.709,0.001,0.290
760500,0.721,0.002,0.277
761000,0.724,0.002,0.274
761500,0.722,0.001,0.278
762000,0.698,0.003,0.300
762500,0.691,0.002,0.308
763000,0.675,0.003,0.322
763500,0.676,0.005,0.318
764000,0.651,0.007,0.342
764500,0.660,0.005,0.335
765000,0.649,0.003,0.348
765500,0.635,0.004,0.361
766000,0.633,0.004,0.363
766500,0.628,0.004,0.367
767000,0.636,0.006,0.358
767500,0.633,0.002,0.365
768000,0.650,0.003,0.347
768500,0.653,0.002,0.345
769000,0.650,0.001,0.349
769500,0.667,0.000,0.333
770000,0.661,0.001,0.338
770500,0.657,0.003,0.340
771000,0.673,0.003,0.324
771500,0.668,0.002,0.330
772000,0.683,0.000,0.317
772500,0.698,0.000,0.302
773000,0.676,0.000,0.324
773500,0.679,0.002,0.319
774000,0.695,0.004,0.301
774500,0.694,0.003,0.304
775000,0.676,0.003,0.321
775500,0.685,0.007,0.308
776000,0.694,0.006,0.300
776500,0.686,0.003,0.311
777000,0.691,0.000,0.309
777500,0.698,0.001,0.302
778000,0.688,0.000,0.312
778500,0.701,0.000,0.299
779000,0.709,0.000,0.291
779500,0.711,0.000,0.289
780000,0.712,0.002,0.287
780500,0.720,0.002,0.278
781000,0.730,0.001,0.269
781500,0.738,0.003,0.260
782000,0.729,0.002,0.269
782500,0.720,0.001,0.280
783000,0.742,0.001,0.257
783500,0.697,0.001,0.302
784000,0.700,0.001,0.300
784500,0.703,0.001,0.297
785000,0.717,0.000,0.283
785500,0.712,0.000,0.288
786000,0.735,0.000,0.265
786500,0.752,0.000,0.248
787000,0.755,0.001,0.244
787500,0.761,0.000,0.239
788000,0.759,0.000,0.241
788500,0.765,0.000,0.235
789000,0.741,0.000,0.259
789500,0.731,0.000,0.269
790000,0.743,0.000,0.257
790500,0.758,0.000,0.242
791000,0.749,0.002,0.249
791500,0.750,0.003,0.248
792000,0.755,0.002,0.243
792500,0.749,0.004,0.247
793000,0.724,0.004,0.272
793500,0.725,0.004,0.272
794000,0.731,0.003,0.267
794500,0.725,0.003,0.273
795000,0.739,0.004,0.257
795500,0.729,0.002,0.269
796000,0.725,0.002,0.273
796500,0.746,0.004,0.250
797000,0.747,0.004,0.250
797500,0.743,0.001,0.256
798000,0.753,0.002,0.245
798500,0.745,0.002,0.253
799000,0.753,0.002,0.245
799500,0.763,0.001,0.236
800000,0.778,0.001,0.221
800500,0.797,0.002,0.201
801000,0.807,0.003,0.190
801500,0.791,0.001,0.208
802000,0.788,0.000,0.212
802500,0.781,0.000,0.219
803000,0.790,0.000,0.210
803500,0.808,0.000,0.192
804000,0.817,0.000,0.183
804500,0.798,0.000,0.202
805000,0.785,0.000,0.215
805500,0.789,0.000,0.211
806000,0.785,0.000,0.215
806500,0.772,0.000,0.228
807000,0.764,0.000,0.236
807500,0.772,0.000,0.228
808000,0.769,0.000,0.231
808500,0.736,0.000,0.264
809000,0.715,0.002,0.283
809500,0.705,0.003,0.292
810000,0.691,0.002,0.307
810500,0.700,0.002,0.298
811000,0.699,0.003,0.298
811500,0.714,0.001,0.285
812000,0.736,0.001,0.264
812500,0.760,0.000,0.240
813000,0.775,0.002,0.223
813500,0.780,0.003,0.217
814000,0.771,0.001,0.228
814500,0.771,0.001,0.228
815000,0.780,0.001,0.219
815500,0.777,0.000,0.223
816000,0.788,0.000,0.212
816500,0.777,0.000,0.223
817000,0.764,0.000,0.236
817500,0.778,0.000,0.222
818000,0.772,0.000,0.228
818500,0.784,0.000,0.216
819000,0.786,0.002,0.212
819500,0.770,0.001,0.229
820000,0.767,0.000,0.233
820500,0.765,0.000,0.235
821000,0.751,0.000,0.249
821500,0.744,0.002,0.254
822000,0.722,0.002,0.277
822500,0.728,0.004,0.268
823000,0.733,0.003,0.264
823500,0.724,0.003,0.273
824000,0.734,0.002,0.265
824500,0.750,0.001,0.249
825000,0.750,0.001,0.249
825500,0.732,0.001,0.268
826000,0.740,0.001,0.260
826500,0.738,0.001,0.262
827000,0.737,0.001,0.263
827500,0.740,0.001,0.260
828000,0.721,0.000,0.279
828500,0.729,0.002,0.270
829000,0.732,0.001,0.267
829500,0.731,0.001,0.268
830000,0.727,0.001,0.273
830500,0.716,0.002,0.283
831000,0.719,0.003,0.279
831500,0.725,0.004,0.272
832000,0.705,0.002,0.293
832500,0.725,0.001,0.275
833000,0.737,0.002,0.261
833500,0.729,0.002,0.269
834000,0.720,0.002,0.278
834500,0.689,0.005,0.306
835000,0.686,0.003,0.310
835500,0.686,0.003,0.311
836000,0.689,0.002,0.310
836500,0.691,0.003,0.307
837000,0.711,0.005,0.284
837500,0.690,0.005,0.305
838000,0.683,0.006,0.310
838500,0.693,0.004,0.303
839000,0.697,0.006,0.297
839500,0.686,0.004,0.309
840000,0.693,0.003,0.305
840500,0.693,0.004,0.304
841000,0.686,0.003,0.311
841500,0.704,0.001,0.295
842000,0.669,0.002,0.329
842500,0.674,0.002,0.324
843000,0.686,0.002,0.311
843500,0.691,0.006,0.303
844000,0.688,0.005,0.307
844500,0.666,0.004,0.330
845000,0.677,0.002,0.321
845500,0.679,0.004,0.317
846000,0.661,0.001,0.338
846500,0.668,0.002,0.330
847000,0.680,0.002,0.318
847500,0.684,0.003,0.312
848000,0.723,0.002,0.275
848500,0.741,0.002,0.257
849000,0.742,0.001,0.257
849500,0.747,0.001,0.252
850000,0.760,0.000,0.240
850500,0.765,0.000,0.235
851000,0.740,0.000,0.260
851500,0.747,0.002,0.251
852000,0.749,0.000,0.251
852500,0.754,0.000,0.246
853000,0.781,0.002,0.217
853500,0.768,0.000,0.232
854000,0.758,0.002,0.240
854500,0.780,0.001,0.219
855000,0.777,0.001,0.222
855500,0.764,0.000,0.236
856000,0.771,0.000,0.229
856500,0.765,0.002,0.233
857000,0.776,0.001,0.223
857500,0.788,0.000,0.212
858000,0.793,0.000,0.207
858500,0.775,0.001,0.224
859000,0.781,0.001,0.218
859500,0.768,0.000,0.232
860000,0.788,0.000,0.212
860500,0.812,0.000,0.188
861000,0.827,0.000,0.173
861500,0.829,0.000,0.171
862000,0.836,0.000,0.164
862500,0.840,0.000,0.160
863000,0.840,0.000,0.160
863500,0.833,0.000,0.167
864000,0.817,0.002,0.182
864500,0.798,0.001,0.201
865000,0.806,0.000,0.194
865500,0.809,0.000,0.191
866000,0.799,0.000,0.201
866500,0.801,0.000,0.199
867000,0.804,0.000,0.196
867500,0.802,0.000,0.198
868000,0.787,0.000,0.213
868500,0.808,0.002,0.190
869000,0.817,0.001,0.182
869500,0.800,0.000,0.200
870000,0.800,0.000,0.200
870500,0.797,0.000,0.203
871000,0.792,0.002,0.206
871500,0.793,0.001,0.206
872000,0.773,0.001,0.226
872500,0.753,0.000,0.247
873000,0.747,0.000,0.253
873500,0.737,0.000,0.263
874000,0.737,0.000,0.263
874500,0.732,0.000,0.268
875000,0.731,0.001,0.268
875500,0.753,0.002,0.245
876000,0.750,0.003,0.247
876500,0.736,0.002,0.262
877000,0.731,0.002,0.267
877500,0.723,0.001,0.276
878000,0.722,0.001,0.277
878500,0.751,0.003,0.246
879000,0.759,0.002,0.239
879500,0.744,0.001,0.256
880000,0.754,0.001,0.245
880500,0.741,0.001,0.259
881000,0.758,0.001,0.241
881500,0.778,0.000,0.222
882000,0.776,0.000,0.224
882500,0.773,0.000,0.227
883000,0.769,0.000,0.231
883500,0.752,0.002,0.246
884000,0.753,0.001,0.246
884500,0.752,0.001,0.247
885000,0.752,0.000,0.248
885500,0.743,0.000,0.257
886000,0.747,0.000,0.253
886500,0.751,0.001,0.248
887000,0.731,0.002,0.267
887500,0.716,0.001,0.284
888000,0.722,0.001,0.278
888500,0.732,0.001,0.268
889000,0.723,0.002,0.275
889500,0.726,0.004,0.270
890000,0.730,0.002,0.268
890500,0.740,0.003,0.257
891000,0.736,0.002,0.263
891500,0.737,0.001,0.263
892000,0.765,0.000,0.235
892500,0.771,0.000,0.229
893000,0.779,0.000,0.221
893500,0.772,0.002,0.226
894000,0.778,0.002,0.220
894500,0.794,0.003,0.203
895000,0.784,0.001,0.215
895500,0.795,0.001,0.204
896000,0.802,0.002,0.196
896500,0.805,0.000,0.195
897000,0.806,0.000,0.194
897500,0.810,0.000,0.190
898000,0.808,0.000,0.192
898500,0.810,0.000,0.190
899000,0.825,0.000,0.175
899500,0.823,0.000,0.177
900000,0.812,0.000,0.188
900500,0.807,0.000,0.193
901000,0.789,0.000,0.211
901500,0.775,0.000,0.225
902000,0.782,0.000,0.218
902500,0.763,0.000,0.237
903000,0.761,0.000,0.239
903500,0.770,0.000,0.230
904000,0.760,0.000,0.240
904500,0.786,0.000,0.214
905000,0.782,0.000,0.218
905500,0.771,0.000,0.229
906000,0.775,0.000,0.225
906500,0.783,0.000,0.217
907000,0.757,0.005,0.237
907500,0.768,0.003,0.229
908000,0.758,0.003,0.239
908500,0.770,0.001,0.229
909000,0.774,0.001,0.225
909500,0.767,0.004,0.228
910000,0.771,0.003,0.226
910500,0.765,0.001,0.234
911000,0.748,0.001,0.252
911500,0.735,0.000,0.265
912000,0.743,0.000,0.257
912500,0.756,0.000,0.244
913000,0.762,0.000,0.238
913500,0.765,0.000,0.235
914000,0.751,0.002,0.247
914500,0.770,0.001,0.229
915000,0.759,0.001,0.240
915500,0.740,0.000,0.260
916000,0.730,0.001,0.269
916500,0.739,0.002,0.259
917000,0.747,0.001,0.253
917500,0.750,0.000,0.250
918000,0.748,0.000,0.252
918500,0.753,0.000,0.247
919000,0.746,0.000,0.254
919500,0.743,0.000,0.257
920000,0.737,0.000,0.263
920500,0.744,0.002,0.254
921000,0.748,0.002,0.251
921500,0.751,0.001,0.248
922000,0.733,0.001,0.266
922500,0.724,0.001,0.275
923000,0.740,0.002,0.258
923500,0.750,0.003,0.247
924000,0.774,0.001,0.225
924500,0.774,0.000,0.226
925000,0.773,0.000,0.227
925500,0.760,0.002,0.238
926000,0.767,0.001,0.232
926500,0.767,0.003,0.230
927000,0.773,0.003,0.224
927500,0.778,0.003,0.219
928000,0.795,0.002,0.203
928500,0.807,0.001,0.192
929000,0.808,0.001,0.191
929500,0.805,0.003,0.192
930000,0.793,0.001,0.206
930500,0.801,0.001,0.198
931000,0.783,0.002,0.215
931500,0.788,0.002,0.210
932000,0.802,0.001,0.197
932500,0.798,0.000,0.202
933000,0.791,0.000,0.209
933500,0.806,0.000,0.194
934000,0.806,0.000,0.194
934500,0.798,0.002,0.200
935000,0.793,0.001,0.206
935500,0.796,0.001,0.203
936000,0.794,0.000,0.206
936500,0.786,0.000,0.214
937000,0.776,0.000,0.224
937500,0.791,0.000,0.209
938000,0.775,0.000,0.225
938500,0.783,0.000,0.217
939000,0.782,0.001,0.217
939500,0.770,0.000,0.230
940000,0.770,0.000,0.230
940500,0.773,0.000,0.227
941000,0.769,0.000,0.231
941500,0.788,0.000,0.212
942000,0.791,0.001,0.208
942500,0.785,0.001,0.214
943000,0.792,0.000,0.208
943500,0.795,0.000,0.205
944000,0.785,0.000,0.215
944500,0.793,0.000,0.207
945000,0.795,0.000,0.205
945500,0.802,0.000,0.198
946000,0.806,0.000,0.194
946500,0.788,0.000,0.212
947000,0.781,0.000,0.219
947500,0.769,0.002,0.229
948000,0.775,0.002,0.223
948500,0.770,0.001,0.229
949000,0.770,0.000,0.230
949500,0.785,0.000,0.215
950000,0.762,0.000,0.238
950500,0.754,0.000,0.246
951000,0.752,0.000,0.248
951500,0.744,0.002,0.254
952000,0.744,0.001,0.255
952500,0.736,0.002,0.262
953000,0.750,0.001,0.249
953500,0.736,0.002,0.263
954000,0.737,0.003,0.260
954500,0.737,0.002,0.262
955000,0.724,0.001,0.276
955500,0.737,0.000,0.263
956000,0.745,0.000,0.255
956500,0.734,0.001,0.265
957000,0.740,0.001,0.259
957500,0.747,0.001,0.253
958000,0.758,0.000,0.242
958500,0.741,0.000,0.259
959000,0.746,0.000,0.254
959500,0.752,0.002,0.246
960000,0.735,0.001,0.265
960500,0.717,0.000,0.283
961000,0.728,0.002,0.270
961500,0.735,0.002,0.264
962000,0.730,0.003,0.268
962500,0.739,0.003,0.259
963000,0.730,0.004,0.267
963500,0.712,0.001,0.287
964000,0.734,0.001,0.266
964500,0.738,0.000,0.262
965000,0.722,0.000,0.278
965500,0.729,0.000,0.271
966000,0.734,0.001,0.265
966500,0.729,0.002,0.270
967000,0.737,0.001,0.263
967500,0.723,0.001,0.277
968000,0.717,0.001,0.283
968500,0.719,0.002,0.280
969000,0.715,0.001,0.284
969500,0.721,0.001,0.279
970000,0.737,0.001,0.263
970500,0.740,0.001,0.260
971000,0.730,0.000,0.270
971500,0.735,0.000,0.265
972000,0.744,0.000,0.256
972500,0.736,0.000,0.264
973000,0.733,0.000,0.267
973500,0.729,0.000,0.271
974000,0.744,0.002,0.254
974500,0.736,0.001,0.264
975000,0.725,0.000,0.275
975500,0.735,0.002,0.263
976000,0.739,0.001,0.261
976500,0.742,0.000,0.258
977000,0.726,0.000,0.274
977500,0.749,0.002,0.250
978000,0.764,0.001,0.235
978500,0.747,0.002,0.251
979000,0.752,0.001,0.247
979500,0.755,0.001,0.244
980000,0.742,0.001,0.257
980500,0.732,0.001,0.268
981000,0.756,0.001,0.243
981500,0.738,0.001,0.262
982000,0.745,0.001,0.255
982500,0.733,0.001,0.267
983000,0.744,0.001,0.256
983500,0.747,0.000,0.253
984000,0.742,0.002,0.256
984500,0.748,0.001,0.251
985000,0.735,0.001,0.264
985500,0.748,0.001,0.252
986000,0.735,0.000,0.265
986500,0.739,0.000,0.261
987000,0.726,0.000,0.274
987500,0.729,0.000,0.271
988000,0.734,0.000,0.266
988500,0.733,0.000,0.267
989000,0.745,0.000,0.255
989500,0.744,0.002,0.254
990000,0.713,0.001,0.287
990500,0.710,0.001,0.290
991000,0.683,0.001,0.316
991500,0.682,0.000,0.318
992000,0.693,0.007,0.300
992500,0.703,0.006,0.291
993000,0.707,0.005,0.288
993500,0.694,0.003,0.303
994000,0.720,0.001,0.280
994500,0.738,0.000,0.262
995000,0.737,0.000,0.263
995500,0.727,0.000,0.273
996000,0.744,0.001,0.256
996500,0.753,0.001,0.246
997000,0.758,0.000,0.242
997500,0.758,0.000,0.242
998000,0.765,0.000,0.235
998500,0.758,0.000,0.242
999000,0.750,0.000,0.250
999500,0.755,0.001,0.244
1000000,0.753,0.002,0.245
