time,n_A+p,n_B,n_AB
500,0.030,0.788,0.182
1000,0.030,0.668,0.302
1500,0.030,0.473,0.497
2000,0.030,0.515,0.455
2500,0.030,0.477,0.493
3000,0.030,0.475,0.495
3500,0.030,0.464,0.506
4000,0.030,0.517,0.453
4500,0.030,0.421,0.549
5000,0.030,0.413,0.557
5500,0.030,0.551,0.419
6000,0.030,0.515,0.455
6500,0.030,0.444,0.526
7000,0.030,0.639,0.331
7500,0.030,0.569,0.401
8000,0.030,0.356,0.614
8500,0.030,0.357,0.613
9000,0.030,0.398,0.572
9500,0.030,0.532,0.438
10000,0.030,0.341,0.629
10500,0.030,0.471,0.499
11000,0.030,0.462,0.508
11500,0.030,0.439,0.531
12000,0.030,0.348,0.622
12500,0.030,0.476,0.494
13000,0.030,0.508,0.462
13500,0.030,0.402,0.568
14000,0.030,0.383,0.587
14500,0.030,0.527,0.443
15000,0.030,0.467,0.503
15500,0.030,0.430,0.540
16000,0.030,0.476,0.494
16500,0.030,0.448,0.522
17000,0.030,0.385,0.585
17500,0.030,0.418,0.552
18000,0.030,0.464,0.506
18500,0.030,0.416,0.554
19000,0.030,0.499,0.471
19500,0.030,0.373,0.597
20000,0.030,0.512,0.458
20500,0.030,0.468,0.502
21000,0.030,0.316,0.654
21500,0.030,0.511,0.459
22000,0.030,0.528,0.442
22500,0.030,0.349,0.621
23000,0.030,0.345,0.625
23500,0.030,0.470,0.500
24000,0.030,0.329,0.641
24500,0.030,0.488,0.482
25000,0.030,0.412,0.558
25500,0.030,0.454,0.516
26000,0.030,0.444,0.526
26500,0.030,0.487,0.483
27000,0.030,0.518,0.452
27500,0.030,0.417,0.553
28000,0.030,0.471,0.499
28500,0.030,0.364,0.606
29000,0.030,0.432,0.538
29500,0.030,0.465,0.505
30000,0.030,0.406,0.564
30500,0.030,0.322,0.648
31000,0.030,0.429,0.541
31500,0.030,0.493,0.477
32000,0.030,0.548,0.422
32500,0.030,0.479,0.491
33000,0.030,0.408,0.562
33500,0.030,0.385,0.585
34000,0.030,0.367,0.603
34500,0.030,0.329,0.641
35000,0.030,0.538,0.432
35500,0.030,0.401,0.569
36000,0.030,0.397,0.573
36500,0.030,0.480,0.490
37000,0.030,0.468,0.502
37500,0.030,0.536,0.434
38000,0.030,0.384,0.586
38500,0.030,0.533,0.437
39000,0.030,0.416,0.554
39500,0.030,0.325,0.645
40000,0.030,0.386,0.584
40500,0.030,0.396,0.574
41000,0.030,0.277,0.693
41500,0.030,0.442,0.528
42000,0.030,0.356,0.614
42500,0.030,0.441,0.529
43000,0.030,0.361,0.609
43500,0.030,0.547,0.423
44000,0.030,0.487,0.483
44500,0.030,0.377,0.593
45000,0.030,0.326,0.644
45500,0.030,0.491,0.479
46000,0.030,0.416,0.554
46500,0.030,0.564,0.406
47000,0.030,0.458,0.512
47500,0.030,0.486,0.484
48000,0.030,0.503,0.467
48500,0.030,0.491,0.479
49000,0.030,0.459,0.511
49500,0.030,0.483,0.487
50000,0.030,0.253,0.717
50500,0.030,0.553,0.417
51000,0.030,0.452,0.518
51500,0.030,0.409,0.561
52000,0.030,0.402,0.568
52500,0.030,0.368,0.602
53000,0.030,0.409,0.561
53500,0.030,0.397,0.573
54000,0.030,0.371,0.599
54500,0.030,0.538,0.432
55000,0.030,0.447,0.523
55500,0.030,0.605,0.365
56000,0.030,0.403,0.567
56500,0.030,0.361,0.609
57000,0.030,0.536,0.434
57500,0.030,0.436,0.534
58000,0.030,0.414,0.556
58500,0.030,0.368,0.602
59000,0.030,0.531,0.439
59500,0.030,0.465,0.505
60000,0.030,0.475,0.495
60500,0.030,0.554,0.416
61000,0.030,0.337,0.633
61500,0.030,0.330,0.640
62000,0.030,0.518,0.452
62500,0.030,0.399,0.571
63000,0.030,0.395,0.575
63500,0.030,0.520,0.450
64000,0.030,0.376,0.594
64500,0.030,0.449,0.521
65000,0.030,0.487,0.483
65500,0.030,0.550,0.420
66000,0.030,0.554,0.416
66500,0.030,0.526,0.444
67000,0.030,0.450,0.520
67500,0.030,0.564,0.406
68000,0.030,0.503,0.467
68500,0.030,0.446,0.524
69000,0.030,0.455,0.515
69500,0.030,0.447,0.523
70000,0.030,0.366,0.604
70500,0.030,0.535,0.435
71000,0.030,0.377,0.593
71500,0.030,0.626,0.344
72000,0.030,0.527,0.443
72500,0.030,0.602,0.368
73000,0.030,0.322,0.648
73500,0.030,0.570,0.400
74000,0.030,0.627,0.343
74500,0.030,0.392,0.578
75000,0.030,0.353,0.617
75500,0.030,0.506,0.464
76000,0.030,0.384,0.586
76500,0.030,0.429,0.541
77000,0.030,0.490,0.480
77500,0.030,0.460,0.510
78000,0.030,0.480,0.490
78500,0.030,0.370,0.600
79000,0.030,0.637,0.333
79500,0.030,0.621,0.349
80000,0.030,0.488,0.482
80500,0.030,0.485,0.485
81000,0.030,0.508,0.462
81500,0.030,0.434,0.536
82000,0.030,0.462,0.508
82500,0.030,0.360,0.610
83000,0.030,0.463,0.507
83500,0.030,0.465,0.505
84000,0.030,0.493,0.477
84500,0.030,0.488,0.482
85000,0.030,0.326,0.644
85500,0.030,0.476,0.494
86000,0.030,0.421,0.549
86500,0.030,0.357,0.613
87000,0.030,0.455,0.515
87500,0.030,0.439,0.531
88000,0.030,0.519,0.451
88500,0.030,0.392,0.578
89000,0.030,0.478,0.492
89500,0.030,0.476,0.494
90000,0.030,0.567,0.403
90500,0.030,0.364,0.606
91000,0.030,0.485,0.485
91500,0.030,0.610,0.360
92000,0.030,0.410,0.560
92500,0.030,0.467,0.503
93000,0.030,0.397,0.573
93500,0.030,0.449,0.521
94000,0.030,0.389,0.581
94500,0.030,0.503,0.467
95000,0.030,0.334,0.636
95500,0.030,0.392,0.578
96000,0.030,0.539,0.431
96500,0.030,0.545,0.425
97000,0.030,0.359,0.611
97500,0.030,0.477,0.493
98000,0.030,0.343,0.627
98500,0.030,0.393,0.577
99000,0.030,0.337,0.633
99500,0.030,0.350,0.620
100000,0.030,0.385,0.585
100500,0.030,0.344,0.626
101000,0.030,0.434,0.536
101500,0.050,0.289,0.661
102000,0.030,0.458,0.512
102500,0.030,0.415,0.555
103000,0.030,0.478,0.492
103500,0.030,0.404,0.566
104000,0.030,0.330,0.640
104500,0.030,0.538,0.432
105000,0.030,0.422,0.548
105500,0.030,0.409,0.561
106000,0.030,0.465,0.505
106500,0.030,0.430,0.540
107000,0.030,0.502,0.468
107500,0.030,0.377,0.593
108000,0.030,0.531,0.439
108500,0.030,0.451,0.519
109000,0.030,0.361,0.609
109500,0.030,0.345,0.625
110000,0.030,0.389,0.581
110500,0.030,0.445,0.525
111000,0.030,0.537,0.433
111500,0.030,0.484,0.486
112000,0.030,0.560,0.410
112500,0.030,0.514,0.456
113000,0.030,0.352,0.618
113500,0.030,0.372,0.598
114000,0.030,0.441,0.529
114500,0.030,0.363,0.607
115000,0.030,0.470,0.500
115500,0.030,0.345,0.625
116000,0.030,0.334,0.636
116500,0.030,0.500,0.470
117000,0.030,0.589,0.381
117500,0.030,0.491,0.479
118000,0.030,0.502,0.468
118500,0.030,0.551,0.419
119000,0.030,0.582,0.388
119500,0.030,0.604,0.366
120000,0.030,0.550,0.420
120500,0.030,0.537,0.433
121000,0.030,0.419,0.551
121500,0.030,0.398,0.572
122000,0.030,0.514,0.456
122500,0.030,0.435,0.535
123000,0.030,0.493,0.477
123500,0.030,0.466,0.504
124000,0.030,0.417,0.553
124500,0.030,0.438,0.532
125000,0.030,0.500,0.470
125500,0.030,0.401,0.569
126000,0.030,0.412,0.558
126500,0.030,0.526,0.444
127000,0.030,0.424,0.546
127500,0.030,0.410,0.560
128000,0.030,0.441,0.529
128500,0.030,0.456,0.514
129000,0.030,0.481,0.489
129500,0.030,0.467,0.503
130000,0.030,0.380,0.590
130500,0.030,0.341,0.629
131000,0.030,0.456,0.514
131500,0.030,0.411,0.559
132000,0.030,0.382,0.588
132500,0.030,0.446,0.524
133000,0.030,0.475,0.495
133500,0.030,0.408,0.562
134000,0.030,0.595,0.375
134500,0.030,0.411,0.559
135000,0.030,0.516,0.454
135500,0.030,0.475,0.495
136000,0.030,0.541,0.429
136500,0.030,0.424,0.546
137000,0.030,0.621,0.349
137500,0.030,0.409,0.561
138000,0.030,0.409,0.561
138500,0.030,0.511,0.459
139000,0.030,0.397,0.573
139500,0.030,0.394,0.576
140000,0.030,0.409,0.561
140500,0.030,0.464,0.506
141000,0.030,0.446,0.524
141500,0.030,0.389,0.581
142000,0.030,0.529,0.441
142500,0.030,0.534,0.436
143000,0.030,0.451,0.519
143500,0.030,0.443,0.527
144000,0.030,0.593,0.377
144500,0.030,0.415,0.555
145000,0.030,0.475,0.495
145500,0.030,0.575,0.395
146000,0.030,0.598,0.372
146500,0.030,0.347,0.623
147000,0.030,0.351,0.619
147500,0.030,0.313,0.657
148000,0.030,0.514,0.456
148500,0.030,0.451,0.519
149000,0.030,0.445,0.525
149500,0.030,0.419,0.551
150000,0.030,0.337,0.633
150500,0.030,0.554,0.416
151000,0.030,0.347,0.623
151500,0.030,0.317,0.653
152000,0.030,0.386,0.584
152500,0.030,0.568,0.402
153000,0.030,0.648,0.322
153500,0.030,0.500,0.470
154000,0.030,0.423,0.547
154500,0.030,0.443,0.527
155000,0.030,0.318,0.652
155500,0.030,0.491,0.479
156000,0.030,0.473,0.497
156500,0.030,0.382,0.588
157000,0.030,0.529,0.441
157500,0.030,0.447,0.523
158000,0.030,0.366,0.604
158500,0.030,0.356,0.614
159000,0.030,0.655,0.315
159500,0.030,0.551,0.419
160000,0.030,0.614,0.356
160500,0.030,0.400,0.570
161000,0.030,0.373,0.597
161500,0.030,0.552,0.418
162000,0.030,0.420,0.550
162500,0.030,0.433,0.537
163000,0.030,0.553,0.417
163500,0.030,0.461,0.509
164000,0.030,0.401,0.569
164500,0.030,0.498,0.472
165000,0.030,0.429,0.541
165500,0.030,0.563,0.407
166000,0.030,0.409,0.561
166500,0.030,0.521,0.449
167000,0.030,0.437,0.533
167500,0.030,0.327,0.643
168000,0.030,0.408,0.562
168500,0.030,0.267,0.703
169000,0.030,0.543,0.427
169500,0.030,0.513,0.457
170000,0.030,0.383,0.587
170500,0.030,0.313,0.657
171000,0.030,0.409,0.561
171500,0.030,0.472,0.498
172000,0.030,0.382,0.588
172500,0.030,0.402,0.568
173000,0.030,0.420,0.550
173500,0.030,0.525,0.445
174000,0.030,0.408,0.562
174500,0.030,0.503,0.467
175000,0.030,0.462,0.508
175500,0.030,0.559,0.411
176000,0.030,0.568,0.402
176500,0.030,0.567,0.403
177000,0.030,0.389,0.581
177500,0.030,0.520,0.450
178000,0.030,0.526,0.444
178500,0.030,0.394,0.576
179000,0.030,0.525,0.445
179500,0.030,0.521,0.449
180000,0.030,0.507,0.463
180500,0.030,0.428,0.542
181000,0.030,0.459,0.511
181500,0.030,0.471,0.499
182000,0.030,0.530,0.440
182500,0.030,0.470,0.500
183000,0.030,0.641,0.329
183500,0.030,0.390,0.580
184000,0.030,0.392,0.578
184500,0.030,0.366,0.604
185000,0.030,0.236,0.734
185500,0.030,0.446,0.524
186000,0.030,0.594,0.376
186500,0.030,0.562,0.408
187000,0.030,0.553,0.417
187500,0.030,0.453,0.517
188000,0.030,0.388,0.582
188500,0.030,0.474,0.496
189000,0.030,0.552,0.418
189500,0.030,0.491,0.479
190000,0.030,0.496,0.474
190500,0.030,0.507,0.463
191000,0.030,0.507,0.463
191500,0.030,0.349,0.621
192000,0.030,0.505,0.465
192500,0.030,0.378,0.592
193000,0.030,0.446,0.524
193500,0.030,0.448,0.522
194000,0.030,0.663,0.307
194500,0.030,0.538,0.432
195000,0.030,0.425,0.545
195500,0.030,0.329,0.641
196000,0.030,0.498,0.472
196500,0.030,0.596,0.374
197000,0.030,0.563,0.407
197500,0.030,0.335,0.635
198000,0.030,0.324,0.646
198500,0.030,0.542,0.428
199000,0.030,0.429,0.541
199500,0.030,0.397,0.573
200000,0.030,0.425,0.545
200500,0.030,0.434,0.536
201000,0.030,0.367,0.603
201500,0.030,0.350,0.620
202000,0.030,0.423,0.547
202500,0.030,0.409,0.561
203000,0.030,0.413,0.557
203500,0.030,0.492,0.478
204000,0.030,0.461,0.509
204500,0.030,0.387,0.583
205000,0.030,0.532,0.438
205500,0.030,0.444,0.526
206000,0.030,0.376,0.594
206500,0.030,0.481,0.489
207000,0.030,0.487,0.483
207500,0.030,0.532,0.438
208000,0.030,0.563,0.407
208500,0.030,0.373,0.597
209000,0.030,0.364,0.606
209500,0.030,0.454,0.516
210000,0.030,0.368,0.602
210500,0.030,0.464,0.506
211000,0.030,0.485,0.485
211500,0.030,0.321,0.649
212000,0.030,0.287,0.683
212500,0.030,0.572,0.398
213000,0.030,0.441,0.529
213500,0.030,0.578,0.392
214000,0.030,0.412,0.558
214500,0.030,0.570,0.400
215000,0.030,0.475,0.495
215500,0.030,0.454,0.516
216000,0.030,0.378,0.592
216500,0.030,0.478,0.492
217000,0.030,0.422,0.548
217500,0.030,0.470,0.500
218000,0.030,0.525,0.445
218500,0.030,0.461,0.509
219000,0.030,0.320,0.650
219500,0.030,0.470,0.500
220000,0.030,0.538,0.432
220500,0.030,0.487,0.483
221000,0.030,0.519,0.451
221500,0.030,0.376,0.594
222000,0.030,0.469,0.501
222500,0.030,0.415,0.555
223000,0.030,0.316,0.654
223500,0.030,0.481,0.489
224000,0.030,0.490,0.480
224500,0.030,0.455,0.515
225000,0.030,0.521,0.449
225500,0.030,0.641,0.329
226000,0.030,0.532,0.438
226500,0.030,0.393,0.577
227000,0.030,0.450,0.520
227500,0.030,0.521,0.449
228000,0.030,0.483,0.487
228500,0.030,0.518,0.452
229000,0.030,0.348,0.622
229500,0.030,0.434,0.536
230000,0.030,0.388,0.582
230500,0.030,0.419,0.551
231000,0.030,0.479,0.491
231500,0.030,0.459,0.511
232000,0.030,0.469,0.501
232500,0.030,0.396,0.574
233000,0.030,0.427,0.543
233500,0.030,0.497,0.473
234000,0.030,0.336,0.634
234500,0.030,0.567,0.403
235000,0.030,0.553,0.417
235500,0.030,0.428,0.542
236000,0.030,0.520,0.450
236500,0.030,0.447,0.523
237000,0.030,0.537,0.433
237500,0.030,0.402,0.568
238000,0.030,0.591,0.379
238500,0.030,0.385,0.585
239000,0.030,0.509,0.461
239500,0.030,0.533,0.437
240000,0.030,0.436,0.534
240500,0.030,0.541,0.429
241000,0.030,0.570,0.400
241500,0.030,0.611,0.359
242000,0.030,0.451,0.519
242500,0.030,0.370,0.600
243000,0.030,0.365,0.605
243500,0.030,0.363,0.607
244000,0.030,0.394,0.576
244500,0.030,0.531,0.439
245000,0.030,0.523,0.447
245500,0.030,0.454,0.516
246000,0.030,0.429,0.541
246500,0.030,0.343,0.627
247000,0.030,0.494,0.476
247500,0.030,0.403,0.567
248000,0.030,0.464,0.506
248500,0.030,0.577,0.393
249000,0.030,0.360,0.610
249500,0.030,0.498,0.472
250000,0.030,0.479,0.491
250500,0.030,0.483,0.487
251000,0.030,0.426,0.544
251500,0.030,0.399,0.571
252000,0.030,0.418,0.552
252500,0.030,0.445,0.525
253000,0.030,0.511,0.459
253500,0.030,0.557,0.413
254000,0.030,0.538,0.432
254500,0.030,0.560,0.410
255000,0.030,0.559,0.411
255500,0.030,0.474,0.496
256000,0.030,0.447,0.523
256500,0.030,0.421,0.549
257000,0.030,0.467,0.503
257500,0.030,0.377,0.593
258000,0.030,0.383,0.587
258500,0.030,0.459,0.511
259000,0.030,0.387,0.583
259500,0.030,0.376,0.594
260000,0.030,0.390,0.580
260500,0.030,0.472,0.498
261000,0.030,0.520,0.450
261500,0.030,0.329,0.641
262000,0.030,0.394,0.576
262500,0.030,0.442,0.528
263000,0.030,0.499,0.471
263500,0.030,0.518,0.452
264000,0.030,0.431,0.539
264500,0.030,0.535,0.435
265000,0.030,0.447,0.523
265500,0.030,0.339,0.631
266000,0.030,0.415,0.555
266500,0.030,0.309,0.661
267000,0.030,0.459,0.511
267500,0.030,0.474,0.496
268000,0.030,0.466,0.504
268500,0.030,0.342,0.628
269000,0.030,0.589,0.381
269500,0.030,0.439,0.531
270000,0.030,0.600,0.370
270500,0.030,0.480,0.490
271000,0.030,0.533,0.437
271500,0.030,0.421,0.549
272000,0.030,0.384,0.586
272500,0.030,0.378,0.592
273000,0.030,0.351,0.619
273500,0.030,0.346,0.624
274000,0.030,0.403,0.567
274500,0.030,0.470,0.500
275000,0.030,0.315,0.655
275500,0.030,0.483,0.487
276000,0.030,0.395,0.575
276500,0.030,0.347,0.623
277000,0.030,0.483,0.487
277500,0.030,0.588,0.382
278000,0.030,0.348,0.622
278500,0.030,0.444,0.526
279000,0.030,0.606,0.364
279500,0.030,0.347,0.623
280000,0.030,0.326,0.644
280500,0.030,0.428,0.542
281000,0.030,0.407,0.563
281500,0.030,0.385,0.585
282000,0.030,0.421,0.549
282500,0.030,0.550,0.420
283000,0.030,0.534,0.436
283500,0.030,0.487,0.483
284000,0.030,0.528,0.442
284500,0.030,0.549,0.421
285000,0.030,0.382,0.588
285500,0.030,0.614,0.356
286000,0.030,0.402,0.568
286500,0.030,0.491,0.479
287000,0.030,0.351,0.619
287500,0.030,0.372,0.598
288000,0.030,0.443,0.527
288500,0.030,0.417,0.553
289000,0.030,0.510,0.460
289500,0.030,0.398,0.572
290000,0.030,0.397,0.573
290500,0.030,0.548,0.422
291000,0.030,0.466,0.504
291500,0.030,0.386,0.584
292000,0.030,0.541,0.429
292500,0.030,0.345,0.625
293000,0.030,0.443,0.527
293500,0.030,0.407,0.563
294000,0.030,0.318,0.652
294500,0.030,0.471,0.499
295000,0.030,0.422,0.548
295500,0.030,0.435,0.535
296000,0.030,0.281,0.689
296500,0.030,0.424,0.546
297000,0.030,0.356,0.614
297500,0.030,0.439,0.531
298000,0.030,0.596,0.374
298500,0.030,0.489,0.481
299000,0.030,0.385,0.585
299500,0.030,0.563,0.407
300000,0.030,0.533,0.437
300500,0.030,0.554,0.416
301000,0.030,0.305,0.665
301500,0.030,0.334,0.636
302000,0.030,0.459,0.511
302500,0.030,0.394,0.576
303000,0.030,0.406,0.564
303500,0.030,0.426,0.544
304000,0.030,0.478,0.492
304500,0.030,0.376,0.594
305000,0.030,0.397,0.573
305500,0.030,0.421,0.549
306000,0.030,0.516,0.454
306500,0.030,0.525,0.445
307000,0.030,0.429,0.541
307500,0.030,0.440,0.530
308000,0.030,0.332,0.638
308500,0.030,0.360,0.610
309000,0.030,0.433,0.537
309500,0.030,0.388,0.582
310000,0.030,0.475,0.495
310500,0.030,0.348,0.622
311000,0.030,0.452,0.518
311500,0.030,0.489,0.481
312000,0.030,0.603,0.367
312500,0.030,0.437,0.533
313000,0.030,0.542,0.428
313500,0.030,0.566,0.404
314000,0.030,0.518,0.452
314500,0.030,0.460,0.510
315000,0.030,0.425,0.545
315500,0.030,0.428,0.542
316000,0.030,0.339,0.631
316500,0.030,0.377,0.593
317000,0.030,0.407,0.563
317500,0.030,0.360,0.610
318000,0.030,0.548,0.422
318500,0.030,0.428,0.542
319000,0.030,0.435,0.535
319500,0.030,0.563,0.407
320000,0.030,0.438,0.532
320500,0.030,0.399,0.571
321000,0.030,0.431,0.539
321500,0.030,0.339,0.631
322000,0.030,0.456,0.514
322500,0.038,0.272,0.690
323000,0.030,0.374,0.596
323500,0.030,0.397,0.573
324000,0.031,0.375,0.594
324500,0.030,0.411,0.559
325000,0.030,0.457,0.513
325500,0.030,0.475,0.495
326000,0.030,0.520,0.450
326500,0.030,0.494,0.476
327000,0.030,0.393,0.577
327500,0.030,0.264,0.706
328000,0.030,0.471,0.499
328500,0.030,0.467,0.503
329000,0.030,0.445,0.525
329500,0.030,0.313,0.657
330000,0.030,0.539,0.431
330500,0.030,0.519,0.451
331000,0.030,0.544,0.426
331500,0.030,0.582,0.388
332000,0.030,0.347,0.623
332500,0.030,0.387,0.583
333000,0.030,0.367,0.603
333500,0.030,0.572,0.398
334000,0.030,0.469,0.501
334500,0.030,0.479,0.491
335000,0.030,0.421,0.549
335500,0.030,0.420,0.550
336000,0.030,0.336,0.634
336500,0.030,0.345,0.625
337000,0.030,0.425,0.545
337500,0.030,0.459,0.511
338000,0.030,0.306,0.664
338500,0.030,0.355,0.615
339000,0.030,0.395,0.575
339500,0.030,0.331,0.639
340000,0.030,0.381,0.589
340500,0.030,0.536,0.434
341000,0.030,0.425,0.545
341500,0.030,0.326,0.644
342000,0.030,0.426,0.544
342500,0.030,0.290,0.680
343000,0.030,0.372,0.598
343500,0.030,0.445,0.525
344000,0.030,0.443,0.527
344500,0.030,0.554,0.416
345000,0.030,0.452,0.518
345500,0.030,0.529,0.441
346000,0.030,0.476,0.494
346500,0.030,0.539,0.431
347000,0.030,0.451,0.519
347500,0.030,0.235,0.735
348000,0.030,0.453,0.517
348500,0.030,0.609,0.361
349000,0.030,0.433,0.537
349500,0.030,0.597,0.373
350000,0.030,0.447,0.523
350500,0.030,0.549,0.421
351000,0.030,0.422,0.548
351500,0.030,0.472,0.498
352000,0.030,0.503,0.467
352500,0.030,0.470,0.500
353000,0.030,0.445,0.525
353500,0.030,0.532,0.438
354000,0.030,0.611,0.359
354500,0.030,0.486,0.484
355000,0.030,0.419,0.551
355500,0.030,0.354,0.616
356000,0.030,0.326,0.644
356500,0.030,0.467,0.503
357000,0.030,0.695,0.275
357500,0.030,0.663,0.307
358000,0.030,0.491,0.479
358500,0.030,0.432,0.538
359000,0.030,0.420,0.550
359500,0.030,0.388,0.582
360000,0.030,0.451,0.519
360500,0.030,0.460,0.510
361000,0.030,0.474,0.496
361500,0.030,0.449,0.521
362000,0.030,0.392,0.578
362500,0.030,0.359,0.611
363000,0.030,0.458,0.512
363500,0.030,0.404,0.566
364000,0.030,0.530,0.440
364500,0.030,0.436,0.534
365000,0.030,0.459,0.511
365500,0.030,0.496,0.474
366000,0.030,0.495,0.475
366500,0.030,0.453,0.517
367000,0.030,0.465,0.505
367500,0.030,0.510,0.460
368000,0.030,0.546,0.424
368500,0.030,0.559,0.411
369000,0.030,0.520,0.450
369500,0.030,0.532,0.438
370000,0.030,0.501,0.469
370500,0.030,0.543,0.427
371000,0.030,0.439,0.531
371500,0.030,0.504,0.466
372000,0.030,0.392,0.578
372500,0.030,0.404,0.566
373000,0.030,0.375,0.595
373500,0.030,0.560,0.410
374000,0.030,0.531,0.439
374500,0.030,0.564,0.406
375000,0.030,0.446,0.524
375500,0.030,0.455,0.515
376000,0.030,0.414,0.556
376500,0.030,0.416,0.554
377000,0.030,0.443,0.527
377500,0.030,0.486,0.484
378000,0.030,0.339,0.631
378500,0.030,0.620,0.350
379000,0.030,0.582,0.388
379500,0.030,0.555,0.415
380000,0.030,0.500,0.470
380500,0.030,0.393,0.577
381000,0.030,0.441,0.529
381500,0.030,0.482,0.488
382000,0.030,0.356,0.614
382500,0.030,0.484,0.486
383000,0.030,0.378,0.592
383500,0.030,0.442,0.528
384000,0.030,0.562,0.408
384500,0.030,0.458,0.512
385000,0.030,0.424,0.546
385500,0.030,0.454,0.516
386000,0.030,0.478,0.492
386500,0.030,0.559,0.411
387000,0.030,0.432,0.538
387500,0.030,0.465,0.505
388000,0.030,0.459,0.511
388500,0.030,0.463,0.507
389000,0.030,0.575,0.395
389500,0.030,0.430,0.540
390000,0.030,0.477,0.493
390500,0.030,0.472,0.498
391000,0.030,0.505,0.465
391500,0.030,0.389,0.581
392000,0.030,0.439,0.531
392500,0.030,0.594,0.376
393000,0.030,0.524,0.446
393500,0.030,0.436,0.534
394000,0.030,0.547,0.423
394500,0.030,0.519,0.451
395000,0.030,0.427,0.543
395500,0.030,0.478,0.492
396000,0.030,0.522,0.448
396500,0.030,0.535,0.435
397000,0.030,0.499,0.471
397500,0.030,0.416,0.554
398000,0.030,0.390,0.580
398500,0.030,0.493,0.477
399000,0.030,0.622,0.348
399500,0.030,0.441,0.529
400000,0.030,0.358,0.612
400500,0.030,0.525,0.445
401000,0.030,0.621,0.349
401500,0.030,0.549,0.421
402000,0.030,0.380,0.590
402500,0.030,0.350,0.620
403000,0.030,0.428,0.542
403500,0.030,0.445,0.525
404000,0.030,0.608,0.362
404500,0.030,0.390,0.580
405000,0.030,0.366,0.604
405500,0.030,0.522,0.448
406000,0.030,0.336,0.634
406500,0.030,0.568,0.402
407000,0.030,0.370,0.600
407500,0.030,0.514,0.456
408000,0.030,0.457,0.513
408500,0.030,0.414,0.556
409000,0.030,0.509,0.461
409500,0.030,0.475,0.495
410000,0.030,0.334,0.636
410500,0.030,0.409,0.561
411000,0.030,0.559,0.411
411500,0.030,0.542,0.428
412000,0.030,0.400,0.570
412500,0.030,0.522,0.448
413000,0.030,0.418,0.552
413500,0.030,0.565,0.405
414000,0.030,0.546,0.424
414500,0.030,0.393,0.577
415000,0.030,0.352,0.618
415500,0.030,0.473,0.497
416000,0.030,0.552,0.418
416500,0.030,0.476,0.494
417000,0.030,0.473,0.497
417500,0.030,0.604,0.366
418000,0.030,0.538,0.432
418500,0.030,0.435,0.535
419000,0.030,0.287,0.683
419500,0.030,0.598,0.372
420000,0.030,0.481,0.489
420500,0.030,0.390,0.580
421000,0.030,0.326,0.644
421500,0.030,0.351,0.619
422000,0.030,0.469,0.501
422500,0.030,0.302,0.668
423000,0.030,0.423,0.547
423500,0.030,0.512,0.458
424000,0.030,0.512,0.458
424500,0.030,0.416,0.554
425000,0.030,0.281,0.689
425500,0.030,0.492,0.478
426000,0.030,0.611,0.359
426500,0.030,0.570,0.400
427000,0.030,0.504,0.466
427500,0.030,0.514,0.456
428000,0.030,0.346,0.624
428500,0.030,0.590,0.380
429000,0.030,0.454,0.516
429500,0.030,0.459,0.511
430000,0.030,0.568,0.402
430500,0.030,0.548,0.422
431000,0.030,0.539,0.431
431500,0.030,0.392,0.578
432000,0.030,0.505,0.465
432500,0.030,0.429,0.541
433000,0.030,0.530,0.440
433500,0.030,0.313,0.657
434000,0.041,0.170,0.789
434500,0.031,0.300,0.669
435000,0.030,0.495,0.475
435500,0.030,0.422,0.548
436000,0.030,0.452,0.518
436500,0.030,0.404,0.566
437000,0.030,0.410,0.560
437500,0.030,0.479,0.491
438000,0.030,0.306,0.664
438500,0.030,0.440,0.530
439000,0.030,0.422,0.548
439500,0.030,0.435,0.535
440000,0.030,0.417,0.553
440500,0.030,0.334,0.636
441000,0.030,0.425,0.545
441500,0.030,0.512,0.458
442000,0.030,0.452,0.518
442500,0.030,0.447,0.523
443000,0.030,0.477,0.493
443500,0.030,0.512,0.458
444000,0.030,0.425,0.545
444500,0.030,0.472,0.498
445000,0.030,0.403,0.567
445500,0.030,0.476,0.494
446000,0.030,0.464,0.506
446500,0.030,0.363,0.607
447000,0.030,0.454,0.516
447500,0.030,0.417,0.553
448000,0.030,0.434,0.536
448500,0.030,0.440,0.530
449000,0.030,0.550,0.420
449500,0.030,0.311,0.659
450000,0.030,0.402,0.568
450500,0.030,0.412,0.558
451000,0.030,0.408,0.562
451500,0.030,0.441,0.529
452000,0.030,0.383,0.587
452500,0.030,0.456,0.514
453000,0.030,0.512,0.458
453500,0.030,0.459,0.511
454000,0.030,0.544,0.426
454500,0.030,0.483,0.487
455000,0.030,0.359,0.611
455500,0.030,0.304,0.666
456000,0.030,0.638,0.332
456500,0.030,0.508,0.462
457000,0.030,0.436,0.534
457500,0.030,0.421,0.549
458000,0.030,0.568,0.402
458500,0.030,0.487,0.483
459000,0.030,0.442,0.528
459500,0.030,0.435,0.535
460000,0.030,0.469,0.501
460500,0.030,0.467,0.503
461000,0.030,0.384,0.586
461500,0.030,0.516,0.454
462000,0.030,0.536,0.434
462500,0.030,0.406,0.564
463000,0.030,0.441,0.529
463500,0.030,0.484,0.486
464000,0.030,0.347,0.623
464500,0.030,0.395,0.575
465000,0.030,0.436,0.534
465500,0.030,0.399,0.571
466000,0.030,0.450,0.520
466500,0.030,0.414,0.556
467000,0.030,0.394,0.576
467500,0.030,0.419,0.551
468000,0.030,0.392,0.578
468500,0.030,0.493,0.477
469000,0.030,0.559,0.411
469500,0.030,0.503,0.467
470000,0.030,0.428,0.542
470500,0.030,0.374,0.596
471000,0.030,0.391,0.579
471500,0.030,0.406,0.564
472000,0.034,0.389,0.577
472500,0.030,0.364,0.606
473000,0.030,0.457,0.513
473500,0.030,0.356,0.614
474000,0.030,0.404,0.566
474500,0.030,0.482,0.488
475000,0.030,0.331,0.639
475500,0.030,0.429,0.541
476000,0.030,0.495,0.475
476500,0.030,0.567,0.403
477000,0.030,0.548,0.422
477500,0.030,0.532,0.438
478000,0.030,0.387,0.583
478500,0.030,0.469,0.501
479000,0.030,0.379,0.591
479500,0.030,0.470,0.500
480000,0.030,0.622,0.348
480500,0.030,0.528,0.442
481000,0.030,0.407,0.563
481500,0.030,0.379,0.591
482000,0.030,0.343,0.627
482500,0.030,0.456,0.514
483000,0.030,0.414,0.556
483500,0.030,0.515,0.455
484000,0.030,0.521,0.449
484500,0.030,0.525,0.445
485000,0.030,0.374,0.596
485500,0.030,0.412,0.558
486000,0.030,0.346,0.624
486500,0.030,0.404,0.566
487000,0.030,0.345,0.625
487500,0.030,0.405,0.565
488000,0.030,0.486,0.484
488500,0.030,0.419,0.551
489000,0.030,0.456,0.514
489500,0.030,0.589,0.381
490000,0.030,0.522,0.448
490500,0.030,0.488,0.482
491000,0.030,0.327,0.643
491500,0.030,0.494,0.476
492000,0.030,0.366,0.604
492500,0.030,0.399,0.571
493000,0.030,0.478,0.492
493500,0.030,0.464,0.506
494000,0.030,0.378,0.592
494500,0.030,0.554,0.416
495000,0.030,0.338,0.632
495500,0.030,0.392,0.578
496000,0.030,0.410,0.560
496500,0.030,0.389,0.581
497000,0.030,0.518,0.452
497500,0.030,0.439,0.531
498000,0.030,0.447,0.523
498500,0.030,0.330,0.640
499000,0.030,0.373,0.597
499500,0.030,0.416,0.554
500000,0.030,0.682,0.288
500500,0.030,0.485,0.485
501000,0.030,0.421,0.549
501500,0.030,0.461,0.509
502000,0.030,0.356,0.614
502500,0.030,0.454,0.516
503000,0.030,0.407,0.563
503500,0.030,0.613,0.357
504000,0.030,0.545,0.425
504500,0.030,0.537,0.433
505000,0.030,0.389,0.581
505500,0.030,0.335,0.635
506000,0.030,0.352,0.618
506500,0.030,0.476,0.494
507000,0.030,0.422,0.548
507500,0.030,0.397,0.573
508000,0.030,0.526,0.444
508500,0.030,0.436,0.534
509000,0.030,0.471,0.499
509500,0.030,0.420,0.550
510000,0.030,0.407,0.563
510500,0.030,0.610,0.360
511000,0.030,0.432,0.538
511500,0.030,0.420,0.550
512000,0.030,0.495,0.475
512500,0.030,0.373,0.597
513000,0.030,0.431,0.539
513500,0.030,0.508,0.462
514000,0.030,0.497,0.473
514500,0.030,0.571,0.399
515000,0.030,0.385,0.585
515500,0.030,0.453,0.517
516000,0.030,0.449,0.521
516500,0.030,0.520,0.450
517000,0.030,0.546,0.424
517500,0.030,0.476,0.494
518000,0.030,0.442,0.528
518500,0.030,0.634,0.336
519000,0.030,0.613,0.357
519500,0.030,0.497,0.473
520000,0.030,0.672,0.298
520500,0.030,0.569,0.401
521000,0.030,0.493,0.477
521500,0.030,0.442,0.528
522000,0.030,0.508,0.462
522500,0.030,0.376,0.594
523000,0.030,0.555,0.415
523500,0.030,0.654,0.316
524000,0.030,0.534,0.436
524500,0.030,0.547,0.423
525000,0.030,0.366,0.604
525500,0.030,0.475,0.495
526000,0.030,0.468,0.502
526500,0.030,0.415,0.555
527000,0.030,0.495,0.475
527500,0.030,0.553,0.417
528000,0.030,0.485,0.485
528500,0.030,0.497,0.473
529000,0.030,0.410,0.560
529500,0.030,0.621,0.349
530000,0.030,0.554,0.416
530500,0.030,0.622,0.348
531000,0.030,0.588,0.382
531500,0.030,0.477,0.493
532000,0.030,0.553,0.417
532500,0.030,0.388,0.582
533000,0.030,0.431,0.539
533500,0.030,0.461,0.509
534000,0.030,0.491,0.479
534500,0.030,0.460,0.510
535000,0.030,0.511,0.459
535500,0.030,0.568,0.402
536000,0.030,0.386,0.584
536500,0.030,0.531,0.439
537000,0.030,0.540,0.430
537500,0.030,0.551,0.419
538000,0.030,0.440,0.530
538500,0.030,0.471,0.499
539000,0.030,0.390,0.580
539500,0.030,0.454,0.516
540000,0.030,0.402,0.568
540500,0.030,0.440,0.530
541000,0.030,0.431,0.539
541500,0.030,0.408,0.562
542000,0.030,0.261,0.709
542500,0.030,0.413,0.557
543000,0.030,0.408,0.562
543500,0.030,0.471,0.499
544000,0.030,0.401,0.569
544500,0.030,0.385,0.585
545000,0.030,0.350,0.620
545500,0.030,0.315,0.655
546000,0.030,0.454,0.516
546500,0.030,0.488,0.482
547000,0.030,0.325,0.645
547500,0.030,0.359,0.611
548000,0.030,0.570,0.400
548500,0.030,0.433,0.537
549000,0.030,0.483,0.487
549500,0.030,0.449,0.521
550000,0.030,0.397,0.573
550500,0.030,0.458,0.512
551000,0.030,0.456,0.514
551500,0.030,0.543,0.427
552000,0.030,0.423,0.547
552500,0.030,0.484,0.486
553000,0.030,0.399,0.571
553500,0.030,0.500,0.470
554000,0.030,0.428,0.542
554500,0.030,0.328,0.642
555000,0.030,0.527,0.443
555500,0.030,0.569,0.401
556000,0.030,0.445,0.525
556500,0.030,0.388,0.582
557000,0.030,0.463,0.507
557500,0.030,0.487,0.483
558000,0.030,0.406,0.564
558500,0.030,0.279,0.691
559000,0.030,0.355,0.615
559500,0.030,0.520,0.450
560000,0.030,0.441,0.529
560500,0.030,0.307,0.663
561000,0.030,0.476,0.494
561500,0.030,0.433,0.537
562000,0.030,0.311,0.659
562500,0.030,0.450,0.520
563000,0.030,0.406,0.564
563500,0.030,0.446,0.524
564000,0.030,0.382,0.588
564500,0.030,0.398,0.572
565000,0.030,0.364,0.606
565500,0.030,0.394,0.576
566000,0.030,0.414,0.556
566500,0.030,0.410,0.560
567000,0.030,0.400,0.570
567500,0.030,0.436,0.534
568000,0.030,0.478,0.492
568500,0.030,0.617,0.353
569000,0.030,0.630,0.340
569500,0.030,0.559,0.411
570000,0.030,0.515,0.455
570500,0.030,0.482,0.488
571000,0.030,0.464,0.506
571500,0.030,0.450,0.520
572000,0.030,0.502,0.468
572500,0.030,0.544,0.426
573000,0.030,0.414,0.556
573500,0.030,0.415,0.555
574000,0.030,0.477,0.493
574500,0.030,0.423,0.547
575000,0.030,0.332,0.638
575500,0.030,0.448,0.522
576000,0.030,0.686,0.284
576500,0.030,0.445,0.525
577000,0.030,0.447,0.523
577500,0.030,0.414,0.556
578000,0.030,0.508,0.462
578500,0.030,0.411,0.559
579000,0.030,0.575,0.395
579500,0.030,0.482,0.488
580000,0.030,0.459,0.511
580500,0.030,0.466,0.504
581000,0.030,0.382,0.588
581500,0.030,0.370,0.600
582000,0.030,0.562,0.408
582500,0.030,0.485,0.485
583000,0.030,0.361,0.609
583500,0.030,0.301,0.669
584000,0.030,0.401,0.569
584500,0.030,0.453,0.517
585000,0.030,0.442,0.528
585500,0.049,0.292,0.659
586000,0.030,0.424,0.546
586500,0.030,0.558,0.412
587000,0.030,0.573,0.397
587500,0.030,0.484,0.486
588000,0.030,0.455,0.515
588500,0.030,0.562,0.408
589000,0.030,0.452,0.518
589500,0.030,0.323,0.647
590000,0.030,0.505,0.465
590500,0.030,0.505,0.465
591000,0.030,0.389,0.581
591500,0.030,0.411,0.559
592000,0.030,0.363,0.607
592500,0.030,0.465,0.505
593000,0.030,0.423,0.547
593500,0.030,0.489,0.481
594000,0.030,0.409,0.561
594500,0.030,0.319,0.651
595000,0.030,0.415,0.555
595500,0.030,0.464,0.506
596000,0.030,0.499,0.471
596500,0.030,0.466,0.504
597000,0.030,0.408,0.562
597500,0.030,0.381,0.589
598000,0.030,0.451,0.519
598500,0.030,0.388,0.582
599000,0.030,0.424,0.546
599500,0.030,0.421,0.549
600000,0.030,0.423,0.547
600500,0.030,0.499,0.471
601000,0.030,0.418,0.552
601500,0.030,0.284,0.686
602000,0.030,0.375,0.595
602500,0.030,0.404,0.566
603000,0.030,0.451,0.519
603500,0.030,0.507,0.463
604000,0.030,0.521,0.449
604500,0.030,0.533,0.437
605000,0.030,0.501,0.469
605500,0.030,0.333,0.637
606000,0.030,0.428,0.542
606500,0.030,0.529,0.441
607000,0.030,0.477,0.493
607500,0.030,0.505,0.465
608000,0.030,0.494,0.476
608500,0.030,0.562,0.408
609000,0.030,0.482,0.488
609500,0.030,0.349,0.621
610000,0.030,0.486,0.484
610500,0.030,0.416,0.554
611000,0.030,0.486,0.484
611500,0.030,0.505,0.465
612000,0.030,0.452,0.518
612500,0.030,0.501,0.469
613000,0.030,0.635,0.335
613500,0.030,0.436,0.534
614000,0.030,0.506,0.464
614500,0.030,0.428,0.542
615000,0.030,0.495,0.475
615500,0.030,0.516,0.454
616000,0.030,0.381,0.589
616500,0.030,0.580,0.390
617000,0.030,0.686,0.284
617500,0.030,0.588,0.382
618000,0.030,0.418,0.552
618500,0.030,0.586,0.384
619000,0.030,0.398,0.572
619500,0.030,0.492,0.478
620000,0.030,0.592,0.378
620500,0.030,0.616,0.354
621000,0.030,0.570,0.400
621500,0.030,0.326,0.644
622000,0.030,0.423,0.547
622500,0.030,0.586,0.384
623000,0.030,0.503,0.467
623500,0.030,0.344,0.626
624000,0.030,0.533,0.437
624500,0.030,0.439,0.531
625000,0.030,0.543,0.427
625500,0.030,0.340,0.630
626000,0.030,0.516,0.454
626500,0.030,0.435,0.535
627000,0.030,0.508,0.462
627500,0.030,0.479,0.491
628000,0.030,0.406,0.564
628500,0.030,0.408,0.562
629000,0.030,0.399,0.571
629500,0.030,0.388,0.582
630000,0.030,0.418,0.552
630500,0.030,0.546,0.424
631000,0.030,0.609,0.361
631500,0.030,0.446,0.524
632000,0.030,0.408,0.562
632500,0.030,0.453,0.517
633000,0.030,0.409,0.561
633500,0.030,0.582,0.388
634000,0.030,0.554,0.416
634500,0.030,0.277,0.693
635000,0.030,0.247,0.723
635500,0.030,0.431,0.539
636000,0.030,0.410,0.560
636500,0.030,0.454,0.516
637000,0.030,0.314,0.656
637500,0.030,0.366,0.604
638000,0.030,0.594,0.376
638500,0.030,0.512,0.458
639000,0.030,0.447,0.523
639500,0.030,0.473,0.497
640000,0.030,0.465,0.505
640500,0.030,0.574,0.396
641000,0.030,0.418,0.552
641500,0.030,0.493,0.477
642000,0.030,0.486,0.484
642500,0.030,0.418,0.552
643000,0.030,0.461,0.509
643500,0.030,0.630,0.340
644000,0.030,0.481,0.489
644500,0.030,0.456,0.514
645000,0.030,0.350,0.620
645500,0.030,0.437,0.533
646000,0.040,0.312,0.648
646500,0.030,0.547,0.423
647000,0.030,0.532,0.438
647500,0.030,0.470,0.500
648000,0.030,0.527,0.443
648500,0.030,0.484,0.486
649000,0.030,0.318,0.652
649500,0.030,0.428,0.542
650000,0.030,0.457,0.513
650500,0.030,0.603,0.367
651000,0.030,0.508,0.462
651500,0.030,0.435,0.535
652000,0.030,0.519,0.451
652500,0.030,0.513,0.457
653000,0.030,0.412,0.558
653500,0.030,0.360,0.610
654000,0.030,0.493,0.477
654500,0.030,0.407,0.563
655000,0.030,0.598,0.372
655500,0.030,0.302,0.668
656000,0.030,0.424,0.546
656500,0.030,0.348,0.622
657000,0.033,0.267,0.700
657500,0.030,0.429,0.541
658000,0.030,0.489,0.481
658500,0.030,0.461,0.509
659000,0.030,0.536,0.434
659500,0.030,0.455,0.515
660000,0.030,0.384,0.586
660500,0.030,0.418,0.552
661000,0.030,0.329,0.641
661500,0.030,0.432,0.538
662000,0.030,0.431,0.539
662500,0.030,0.475,0.495
663000,0.030,0.463,0.507
663500,0.030,0.401,0.569
664000,0.030,0.411,0.559
664500,0.030,0.324,0.646
665000,0.030,0.561,0.409
665500,0.030,0.447,0.523
666000,0.030,0.487,0.483
666500,0.030,0.424,0.546
667000,0.030,0.556,0.414
667500,0.030,0.395,0.575
668000,0.030,0.342,0.628
668500,0.030,0.526,0.444
669000,0.030,0.329,0.641
669500,0.030,0.570,0.400
670000,0.030,0.398,0.572
670500,0.030,0.511,0.459
671000,0.030,0.426,0.544
671500,0.030,0.429,0.541
672000,0.030,0.491,0.479
672500,0.030,0.584,0.386
673000,0.030,0.542,0.428
673500,0.030,0.410,0.560
674000,0.030,0.500,0.470
674500,0.030,0.299,0.671
675000,0.030,0.310,0.660
675500,0.030,0.416,0.554
676000,0.030,0.382,0.588
676500,0.030,0.385,0.585
677000,0.030,0.538,0.432
677500,0.030,0.424,0.546
678000,0.030,0.519,0.451
678500,0.030,0.318,0.652
679000,0.030,0.462,0.508
679500,0.030,0.555,0.415
680000,0.030,0.536,0.434
680500,0.030,0.378,0.592
681000,0.030,0.386,0.584
681500,0.030,0.437,0.533
682000,0.030,0.480,0.490
682500,0.030,0.542,0.428
683000,0.030,0.487,0.483
683500,0.030,0.566,0.404
684000,0.030,0.374,0.596
684500,0.030,0.560,0.410
685000,0.030,0.393,0.577
685500,0.030,0.388,0.582
686000,0.030,0.466,0.504
686500,0.030,0.661,0.309
687000,0.030,0.483,0.487
687500,0.030,0.498,0.472
688000,0.030,0.420,0.550
688500,0.030,0.401,0.569
689000,0.030,0.450,0.520
689500,0.030,0.348,0.622
690000,0.030,0.399,0.571
690500,0.030,0.455,0.515
691000,0.030,0.519,0.451
691500,0.030,0.445,0.525
692000,0.030,0.491,0.479
692500,0.030,0.314,0.656
693000,0.030,0.406,0.564
693500,0.030,0.474,0.496
694000,0.030,0.443,0.527
694500,0.030,0.463,0.507
695000,0.030,0.498,0.472
695500,0.030,0.633,0.337
696000,0.030,0.493,0.477
696500,0.030,0.405,0.565
697000,0.030,0.457,0.513
697500,0.030,0.471,0.499
698000,0.030,0.482,0.488
698500,0.030,0.344,0.626
699000,0.030,0.464,0.506
699500,0.030,0.467,0.503
700000,0.030,0.447,0.523
700500,0.030,0.421,0.549
701000,0.030,0.362,0.608
701500,0.030,0.472,0.498
702000,0.030,0.499,0.471
702500,0.030,0.438,0.532
703000,0.030,0.306,0.664
703500,0.030,0.418,0.552
704000,0.030,0.394,0.576
704500,0.030,0.499,0.471
705000,0.030,0.384,0.586
705500,0.030,0.478,0.492
706000,0.030,0.348,0.622
706500,0.030,0.519,0.451
707000,0.030,0.470,0.500
707500,0.030,0.405,0.565
708000,0.030,0.541,0.429
708500,0.030,0.572,0.398
709000,0.030,0.511,0.459
709500,0.030,0.389,0.581
710000,0.030,0.616,0.354
710500,0.030,0.565,0.405
711000,0.030,0.552,0.418
711500,0.030,0.407,0.563
712000,0.030,0.534,0.436
712500,0.030,0.456,0.514
713000,0.030,0.442,0.528
713500,0.030,0.515,0.455
714000,0.030,0.424,0.546
714500,0.030,0.377,0.593
715000,0.030,0.450,0.520
715500,0.030,0.434,0.536
716000,0.030,0.356,0.614
716500,0.030,0.406,0.564
717000,0.030,0.508,0.462
717500,0.030,0.510,0.460
718000,0.030,0.402,0.568
718500,0.032,0.454,0.514
719000,0.030,0.380,0.590
719500,0.030,0.373,0.597
720000,0.030,0.382,0.588
720500,0.030,0.459,0.511
721000,0.030,0.569,0.401
721500,0.030,0.525,0.445
722000,0.030,0.436,0.534
722500,0.030,0.436,0.534
723000,0.030,0.499,0.471
723500,0.030,0.601,0.369
724000,0.030,0.542,0.428
724500,0.030,0.407,0.563
725000,0.030,0.401,0.569
725500,0.030,0.343,0.627
726000,0.030,0.491,0.479
726500,0.030,0.373,0.597
727000,0.030,0.427,0.543
727500,0.030,0.543,0.427
728000,0.030,0.449,0.521
728500,0.030,0.404,0.566
729000,0.030,0.506,0.464
729500,0.030,0.583,0.387
730000,0.030,0.654,0.316
730500,0.030,0.482,0.488
731000,0.030,0.521,0.449
731500,0.030,0.552,0.418
732000,0.030,0.378,0.592
732500,0.030,0.538,0.432
733000,0.030,0.473,0.497
733500,0.030,0.582,0.388
734000,0.030,0.608,0.362
734500,0.030,0.544,0.426
735000,0.030,0.531,0.439
735500,0.030,0.438,0.532
736000,0.030,0.492,0.478
736500,0.030,0.333,0.637
737000,0.030,0.415,0.555
737500,0.030,0.455,0.515
738000,0.030,0.568,0.402
738500,0.030,0.444,0.526
739000,0.030,0.495,0.475
739500,0.030,0.399,0.571
740000,0.030,0.521,0.449
740500,0.030,0.442,0.528
741000,0.030,0.353,0.617
741500,0.030,0.508,0.462
742000,0.030,0.444,0.526
742500,0.030,0.354,0.616
743000,0.030,0.391,0.579
743500,0.030,0.443,0.527
744000,0.030,0.586,0.384
744500,0.030,0.386,0.584
745000,0.030,0.412,0.558
745500,0.030,0.443,0.527
746000,0.030,0.393,0.577
746500,0.030,0.344,0.626
747000,0.030,0.370,0.600
747500,0.030,0.435,0.535
748000,0.030,0.571,0.399
748500,0.030,0.480,0.490
749000,0.030,0.433,0.537
749500,0.030,0.466,0.504
750000,0.030,0.501,0.469
750500,0.030,0.510,0.460
751000,0.030,0.328,0.642
751500,0.030,0.444,0.526
752000,0.030,0.325,0.645
752500,0.030,0.381,0.589
753000,0.030,0.427,0.543
753500,0.030,0.548,0.422
754000,0.030,0.419,0.551
754500,0.030,0.507,0.463
755000,0.030,0.547,0.423
755500,0.030,0.423,0.547
756000,0.030,0.605,0.365
756500,0.030,0.445,0.525
757000,0.030,0.511,0.459
757500,0.030,0.437,0.533
758000,0.030,0.462,0.508
758500,0.030,0.451,0.519
759000,0.030,0.406,0.564
759500,0.030,0.418,0.552
760000,0.030,0.521,0.449
760500,0.030,0.361,0.609
761000,0.030,0.422,0.548
761500,0.030,0.523,0.447
762000,0.030,0.476,0.494
762500,0.030,0.282,0.688
763000,0.030,0.357,0.613
763500,0.030,0.380,0.590
764000,0.030,0.327,0.643
764500,0.030,0.441,0.529
765000,0.030,0.440,0.530
765500,0.030,0.334,0.636
766000,0.030,0.322,0.648
766500,0.030,0.456,0.514
767000,0.030,0.463,0.507
767500,0.030,0.467,0.503
768000,0.030,0.417,0.553
768500,0.030,0.445,0.525
769000,0.030,0.453,0.517
769500,0.030,0.558,0.412
770000,0.030,0.513,0.457
770500,0.030,0.572,0.398
771000,0.030,0.546,0.424
771500,0.030,0.514,0.456
772000,0.030,0.546,0.424
772500,0.030,0.310,0.660
773000,0.030,0.369,0.601
773500,0.030,0.465,0.505
774000,0.030,0.471,0.499
774500,0.030,0.531,0.439
775000,0.030,0.450,0.520
775500,0.030,0.337,0.633
776000,0.030,0.423,0.547
776500,0.030,0.512,0.458
777000,0.030,0.470,0.500
777500,0.030,0.394,0.576
778000,0.030,0.406,0.564
778500,0.030,0.455,0.515
779000,0.030,0.344,0.626
779500,0.030,0.457,0.513
780000,0.030,0.512,0.458
780500,0.030,0.422,0.548
781000,0.030,0.493,0.477
781500,0.030,0.511,0.459
782000,0.030,0.421,0.549
782500,0.030,0.510,0.460
783000,0.030,0.424,0.546
783500,0.030,0.479,0.491
784000,0.030,0.425,0.545
784500,0.030,0.472,0.498
785000,0.030,0.356,0.614
785500,0.030,0.395,0.575
786000,0.030,0.462,0.508
786500,0.030,0.477,0.493
787000,0.030,0.494,0.476
787500,0.030,0.453,0.517
788000,0.030,0.438,0.532
788500,0.030,0.446,0.524
789000,0.030,0.449,0.521
789500,0.030,0.429,0.541
790000,0.030,0.565,0.405
790500,0.030,0.331,0.639
791000,0.030,0.463,0.507
791500,0.030,0.502,0.468
792000,0.030,0.597,0.373
792500,0.030,0.555,0.415
793000,0.030,0.438,0.532
793500,0.030,0.391,0.579
794000,0.030,0.496,0.474
794500,0.030,0.380,0.590
795000,0.030,0.376,0.594
795500,0.030,0.597,0.373
796000,0.030,0.324,0.646
796500,0.030,0.589,0.381
797000,0.030,0.487,0.483
797500,0.030,0.435,0.535
798000,0.030,0.540,0.430
798500,0.030,0.466,0.504
799000,0.030,0.558,0.412
799500,0.030,0.398,0.572
800000,0.030,0.564,0.406
800500,0.030,0.380,0.590
801000,0.030,0.527,0.443
801500,0.030,0.459,0.511
802000,0.030,0.394,0.576
802500,0.030,0.424,0.546
803000,0.030,0.499,0.471
803500,0.030,0.365,0.605
804000,0.030,0.407,0.563
804500,0.030,0.610,0.360
805000,0.030,0.515,0.455
805500,0.030,0.393,0.577
806000,0.030,0.468,0.502
806500,0.030,0.329,0.641
807000,0.030,0.405,0.565
807500,0.030,0.425,0.545
808000,0.030,0.362,0.608
808500,0.030,0.492,0.478
809000,0.030,0.478,0.492
809500,0.030,0.508,0.462
810000,0.030,0.437,0.533
810500,0.030,0.510,0.460
811000,0.030,0.472,0.498
811500,0.030,0.445,0.525
812000,0.030,0.383,0.587
812500,0.030,0.505,0.465
813000,0.030,0.518,0.452
813500,0.030,0.518,0.452
814000,0.030,0.336,0.634
814500,0.030,0.267,0.703
815000,0.030,0.339,0.631
815500,0.030,0.314,0.656
816000,0.030,0.472,0.498
816500,0.030,0.392,0.578
817000,0.030,0.552,0.418
817500,0.030,0.502,0.468
818000,0.030,0.418,0.552
818500,0.030,0.525,0.445
819000,0.030,0.442,0.528
819500,0.030,0.647,0.323
820000,0.030,0.351,0.619
820500,0.030,0.333,0.637
821000,0.030,0.432,0.538
821500,0.030,0.318,0.652
822000,0.030,0.573,0.397
822500,0.030,0.466,0.504
823000,0.030,0.437,0.533
823500,0.030,0.383,0.587
824000,0.030,0.386,0.584
824500,0.030,0.316,0.654
825000,0.030,0.358,0.612
825500,0.030,0.538,0.432
826000,0.030,0.510,0.460
826500,0.030,0.398,0.572
827000,0.030,0.429,0.541
827500,0.030,0.432,0.538
828000,0.030,0.430,0.540
828500,0.030,0.587,0.383
829000,0.030,0.508,0.462
829500,0.030,0.414,0.556
830000,0.030,0.512,0.458
830500,0.030,0.579,0.391
831000,0.030,0.610,0.360
831500,0.030,0.368,0.602
832000,0.030,0.595,0.375
832500,0.030,0.458,0.512
833000,0.030,0.549,0.421
833500,0.030,0.338,0.632
834000,0.030,0.357,0.613
834500,0.030,0.486,0.484
835000,0.030,0.542,0.428
835500,0.030,0.384,0.586
836000,0.030,0.434,0.536
836500,0.030,0.412,0.558
837000,0.030,0.527,0.443
837500,0.030,0.455,0.515
838000,0.030,0.372,0.598
838500,0.030,0.541,0.429
839000,0.030,0.551,0.419
839500,0.030,0.432,0.538
840000,0.030,0.447,0.523
840500,0.030,0.418,0.552
841000,0.030,0.460,0.510
841500,0.030,0.323,0.647
842000,0.030,0.449,0.521
842500,0.030,0.505,0.465
843000,0.030,0.395,0.575
843500,0.030,0.513,0.457
844000,0.030,0.359,0.611
844500,0.030,0.535,0.435
845000,0.030,0.449,0.521
845500,0.030,0.359,0.611
846000,0.030,0.517,0.453
846500,0.030,0.424,0.546
847000,0.030,0.543,0.427
847500,0.030,0.367,0.603
848000,0.030,0.512,0.458
848500,0.030,0.553,0.417
849000,0.030,0.378,0.592
849500,0.030,0.281,0.689
850000,0.030,0.557,0.413
850500,0.030,0.592,0.378
851000,0.030,0.467,0.503
851500,0.030,0.400,0.570
852000,0.030,0.484,0.486
852500,0.030,0.470,0.500
853000,0.030,0.459,0.511
853500,0.030,0.473,0.497
854000,0.030,0.472,0.498
854500,0.030,0.430,0.540
855000,0.030,0.364,0.606
855500,0.030,0.464,0.506
856000,0.030,0.572,0.398
856500,0.030,0.485,0.485
857000,0.030,0.452,0.518
857500,0.030,0.481,0.489
858000,0.030,0.443,0.527
858500,0.030,0.499,0.471
859000,0.030,0.519,0.451
859500,0.030,0.529,0.441
860000,0.030,0.451,0.519
860500,0.030,0.308,0.662
861000,0.030,0.343,0.627
861500,0.030,0.424,0.546
862000,0.030,0.400,0.570
862500,0.030,0.602,0.368
863000,0.030,0.537,0.433
863500,0.030,0.441,0.529
864000,0.030,0.447,0.523
864500,0.030,0.514,0.456
865000,0.030,0.490,0.480
865500,0.030,0.526,0.444
866000,0.030,0.345,0.625
866500,0.030,0.515,0.455
867000,0.030,0.395,0.575
867500,0.030,0.335,0.635
868000,0.030,0.482,0.488
868500,0.030,0.390,0.580
869000,0.030,0.424,0.546
869500,0.030,0.456,0.514
870000,0.030,0.379,0.591
870500,0.030,0.456,0.514
871000,0.030,0.597,0.373
871500,0.030,0.492,0.478
872000,0.030,0.512,0.458
872500,0.030,0.520,0.450
873000,0.030,0.443,0.527
873500,0.030,0.426,0.544
874000,0.030,0.353,0.617
874500,0.030,0.555,0.415
875000,0.030,0.509,0.461
875500,0.030,0.428,0.542
876000,0.030,0.350,0.620
876500,0.030,0.647,0.323
877000,0.030,0.487,0.483
877500,0.030,0.375,0.595
878000,0.030,0.342,0.628
878500,0.030,0.481,0.489
879000,0.030,0.524,0.446
879500,0.030,0.439,0.531
880000,0.030,0.425,0.545
880500,0.030,0.356,0.614
881000,0.030,0.536,0.434
881500,0.030,0.407,0.563
882000,0.030,0.553,0.417
882500,0.030,0.589,0.381
883000,0.030,0.585,0.385
883500,0.030,0.449,0.521
884000,0.030,0.680,0.290
884500,0.030,0.527,0.443
885000,0.030,0.304,0.666
885500,0.030,0.443,0.527
886000,0.030,0.433,0.537
886500,0.030,0.354,0.616
887000,0.030,0.375,0.595
887500,0.030,0.429,0.541
888000,0.030,0.335,0.635
888500,0.030,0.415,0.555
889000,0.030,0.509,0.461
889500,0.030,0.498,0.472
890000,0.030,0.456,0.514
890500,0.030,0.463,0.507
891000,0.030,0.414,0.556
891500,0.030,0.440,0.530
892000,0.030,0.394,0.576
892500,0.030,0.370,0.600
893000,0.030,0.475,0.495
893500,0.034,0.426,0.540
894000,0.030,0.518,0.452
894500,0.030,0.565,0.405
895000,0.030,0.480,0.490
895500,0.030,0.499,0.471
896000,0.030,0.541,0.429
896500,0.030,0.386,0.584
897000,0.030,0.412,0.558
897500,0.030,0.368,0.602
898000,0.030,0.482,0.488
898500,0.030,0.431,0.539
899000,0.030,0.323,0.647
899500,0.030,0.517,0.453
900000,0.030,0.417,0.553
900500,0.030,0.519,0.451
901000,0.030,0.420,0.550
901500,0.030,0.366,0.604
902000,0.030,0.425,0.545
902500,0.030,0.309,0.661
903000,0.030,0.492,0.478
903500,0.030,0.336,0.634
904000,0.030,0.394,0.576
904500,0.030,0.592,0.378
905000,0.030,0.539,0.431
905500,0.030,0.498,0.472
906000,0.030,0.464,0.506
906500,0.030,0.512,0.458
907000,0.030,0.411,0.559
907500,0.030,0.597,0.373
908000,0.030,0.569,0.401
908500,0.030,0.423,0.547
909000,0.030,0.508,0.462
909500,0.030,0.488,0.482
910000,0.030,0.546,0.424
910500,0.030,0.469,0.501
911000,0.030,0.392,0.578
911500,0.030,0.500,0.470
912000,0.030,0.513,0.457
912500,0.030,0.536,0.434
913000,0.030,0.476,0.494
913500,0.030,0.495,0.475
914000,0.030,0.421,0.549
914500,0.030,0.468,0.502
915000,0.030,0.575,0.395
915500,0.030,0.442,0.528
916000,0.030,0.582,0.388
916500,0.030,0.531,0.439
917000,0.030,0.460,0.510
917500,0.030,0.579,0.391
918000,0.030,0.513,0.457
918500,0.030,0.523,0.447
919000,0.030,0.451,0.519
919500,0.030,0.453,0.517
920000,0.030,0.532,0.438
920500,0.030,0.518,0.452
921000,0.030,0.324,0.646
921500,0.030,0.496,0.474
922000,0.030,0.430,0.540
922500,0.030,0.401,0.569
923000,0.030,0.485,0.485
923500,0.030,0.533,0.437
924000,0.030,0.372,0.598
924500,0.032,0.330,0.638
925000,0.030,0.458,0.512
925500,0.030,0.416,0.554
926000,0.030,0.497,0.473
926500,0.030,0.407,0.563
927000,0.030,0.516,0.454
927500,0.030,0.501,0.469
928000,0.030,0.368,0.602
928500,0.030,0.360,0.610
929000,0.030,0.485,0.485
929500,0.030,0.652,0.318
930000,0.030,0.413,0.557
930500,0.030,0.530,0.440
931000,0.030,0.444,0.526
931500,0.030,0.470,0.500
932000,0.030,0.481,0.489
932500,0.030,0.517,0.453
933000,0.030,0.483,0.487
933500,0.030,0.340,0.630
934000,0.030,0.459,0.511
934500,0.030,0.538,0.432
935000,0.030,0.466,0.504
935500,0.030,0.351,0.619
936000,0.030,0.473,0.497
936500,0.030,0.371,0.599
937000,0.030,0.617,0.353
937500,0.030,0.506,0.464
938000,0.030,0.431,0.539
938500,0.030,0.448,0.522
939000,0.030,0.561,0.409
939500,0.030,0.530,0.440
940000,0.030,0.398,0.572
940500,0.030,0.453,0.517
941000,0.030,0.412,0.558
941500,0.030,0.374,0.596
942000,0.030,0.609,0.361
942500,0.030,0.592,0.378
943000,0.030,0.369,0.601
943500,0.030,0.676,0.294
944000,0.030,0.499,0.471
944500,0.030,0.432,0.538
945000,0.030,0.432,0.538
945500,0.030,0.511,0.459
946000,0.030,0.521,0.449
946500,0.030,0.538,0.432
947000,0.030,0.496,0.474
947500,0.030,0.463,0.507
948000,0.030,0.359,0.611
948500,0.030,0.488,0.482
949000,0.030,0.398,0.572
949500,0.030,0.332,0.638
950000,0.030,0.546,0.424
950500,0.030,0.428,0.542
951000,0.030,0.471,0.499
951500,0.030,0.566,0.404
952000,0.030,0.611,0.359
952500,0.030,0.351,0.619
953000,0.030,0.367,0.603
953500,0.030,0.371,0.599
954000,0.030,0.565,0.405
954500,0.030,0.458,0.512
955000,0.030,0.645,0.325
955500,0.030,0.547,0.423
956000,0.030,0.543,0.427
956500,0.030,0.497,0.473
957000,0.030,0.511,0.459
957500,0.030,0.429,0.541
958000,0.030,0.497,0.473
958500,0.030,0.596,0.374
959000,0.030,0.623,0.347
959500,0.030,0.439,0.531
960000,0.030,0.360,0.610
960500,0.030,0.459,0.511
961000,0.030,0.416,0.554
961500,0.030,0.507,0.463
962000,0.030,0.454,0.516
962500,0.030,0.432,0.538
963000,0.030,0.522,0.448
963500,0.030,0.431,0.539
964000,0.030,0.573,0.397
964500,0.030,0.542,0.428
965000,0.030,0.331,0.639
965500,0.030,0.452,0.518
966000,0.030,0.398,0.572
966500,0.030,0.486,0.484
967000,0.030,0.576,0.394
967500,0.030,0.487,0.483
968000,0.030,0.380,0.590
968500,0.030,0.568,0.402
969000,0.030,0.499,0.471
969500,0.030,0.396,0.574
970000,0.030,0.341,0.629
970500,0.030,0.452,0.518
971000,0.030,0.447,0.523
971500,0.030,0.342,0.628
972000,0.030,0.368,0.602
972500,0.030,0.502,0.468
973000,0.030,0.425,0.545
973500,0.030,0.364,0.606
974000,0.030,0.447,0.523
974500,0.030,0.502,0.468
975000,0.030,0.476,0.494
975500,0.030,0.527,0.443
976000,0.030,0.385,0.585
976500,0.030,0.415,0.555
977000,0.030,0.448,0.522
977500,0.030,0.628,0.342
978000,0.030,0.488,0.482
978500,0.030,0.444,0.526
979000,0.030,0.441,0.529
979500,0.030,0.564,0.406
980000,0.030,0.401,0.569
980500,0.030,0.257,0.713
981000,0.030,0.495,0.475
981500,0.030,0.521,0.449
982000,0.030,0.474,0.496
982500,0.030,0.502,0.468
983000,0.030,0.338,0.632
983500,0.030,0.341,0.629
984000,0.030,0.465,0.505
984500,0.030,0.479,0.491
985000,0.030,0.392,0.578
985500,0.030,0.383,0.587
986000,0.030,0.437,0.533
986500,0.030,0.402,0.568
987000,0.030,0.270,0.700
987500,0.030,0.391,0.579
988000,0.030,0.440,0.530
988500,0.030,0.407,0.563
989000,0.030,0.390,0.580
989500,0.030,0.466,0.504
990000,0.030,0.339,0.631
990500,0.030,0.549,0.421
991000,0.030,0.420,0.550
991500,0.030,0.439,0.531
992000,0.030,0.472,0.498
992500,0.030,0.369,0.601
993000,0.030,0.516,0.454
993500,0.030,0.325,0.645
994000,0.030,0.516,0.454
994500,0.030,0.474,0.496
995000,0.030,0.283,0.687
995500,0.030,0.608,0.362
996000,0.030,0.447,0.523
996500,0.030,0.334,0.636
997000,0.030,0.543,0.427
997500,0.030,0.408,0.562
998000,0.030,0.494,0.476
998500,0.030,0.453,0.517
999000,0.030,0.400,0.570
999500,0.030,0.607,0.363
1000000,0.030,0.498,0.472
