time,n_A+p,n_B,n_AB
500,0.010,0.987,0.003
1000,0.010,0.927,0.063
1500,0.010,0.936,0.054
2000,0.010,0.942,0.048
2500,0.010,0.976,0.014
3000,0.010,0.970,0.020
3500,0.010,0.960,0.030
4000,0.010,0.937,0.053
4500,0.010,0.868,0.122
5000,0.010,0.966,0.024
5500,0.010,0.920,0.070
6000,0.010,0.896,0.094
6500,0.010,0.990,0.000
7000,0.010,0.823,0.167
7500,0.010,0.818,0.172
8000,0.010,0.740,0.250
8500,0.010,0.848,0.142
9000,0.010,0.927,0.063
9500,0.010,0.983,0.007
10000,0.010,0.990,0.000
10500,0.010,0.955,0.035
11000,0.010,0.986,0.004
11500,0.010,0.985,0.005
12000,0.010,0.921,0.069
12500,0.010,0.898,0.092
13000,0.010,0.846,0.144
13500,0.010,0.921,0.069
14000,0.010,0.894,0.096
14500,0.010,0.904,0.086
15000,0.010,0.891,0.099
15500,0.010,0.937,0.053
16000,0.010,0.883,0.107
16500,0.010,0.858,0.132
17000,0.010,0.834,0.156
17500,0.010,0.961,0.029
18000,0.010,0.883,0.107
18500,0.010,0.876,0.114
19000,0.010,0.869,0.121
19500,0.010,0.911,0.079
20000,0.010,0.861,0.129
20500,0.010,0.825,0.165
21000,0.010,0.856,0.134
21500,0.010,0.935,0.055
22000,0.010,0.832,0.158
22500,0.010,0.877,0.113
23000,0.010,0.919,0.071
23500,0.010,0.974,0.016
24000,0.010,0.864,0.126
24500,0.010,0.939,0.051
25000,0.010,0.755,0.235
25500,0.010,0.958,0.032
26000,0.010,0.840,0.150
26500,0.010,0.754,0.236
27000,0.010,0.960,0.030
27500,0.010,0.941,0.049
28000,0.010,0.896,0.094
28500,0.010,0.888,0.102
29000,0.010,0.788,0.202
29500,0.010,0.840,0.150
30000,0.010,0.838,0.152
30500,0.010,0.794,0.196
31000,0.010,0.916,0.074
31500,0.010,0.979,0.011
32000,0.010,0.859,0.131
32500,0.010,0.958,0.032
33000,0.010,0.797,0.193
33500,0.010,0.932,0.058
34000,0.010,0.934,0.056
34500,0.010,0.919,0.071
35000,0.010,0.872,0.118
35500,0.010,0.958,0.032
36000,0.010,0.920,0.070
36500,0.010,0.902,0.088
37000,0.010,0.912,0.078
37500,0.010,0.740,0.250
38000,0.010,0.959,0.031
38500,0.010,0.987,0.003
39000,0.010,0.919,0.071
39500,0.010,0.921,0.069
40000,0.010,0.867,0.123
40500,0.010,0.823,0.167
41000,0.010,0.887,0.103
41500,0.010,0.964,0.026
42000,0.010,0.972,0.018
42500,0.010,0.958,0.032
43000,0.010,0.988,0.002
43500,0.010,0.903,0.087
44000,0.010,0.898,0.092
44500,0.010,0.887,0.103
45000,0.010,0.981,0.009
45500,0.010,0.877,0.113
46000,0.010,0.949,0.041
46500,0.010,0.932,0.058
47000,0.010,0.953,0.037
47500,0.010,0.794,0.196
48000,0.010,0.744,0.246
48500,0.010,0.844,0.146
49000,0.010,0.876,0.114
49500,0.010,0.988,0.002
50000,0.010,0.910,0.080
50500,0.010,0.984,0.006
51000,0.010,0.963,0.027
51500,0.010,0.912,0.078
52000,0.010,0.960,0.030
52500,0.010,0.971,0.019
53000,0.010,0.943,0.047
53500,0.010,0.954,0.036
54000,0.010,0.906,0.084
54500,0.010,0.973,0.017
55000,0.010,0.967,0.023
55500,0.010,0.957,0.033
56000,0.010,0.981,0.009
56500,0.010,0.987,0.003
57000,0.010,0.915,0.075
57500,0.010,0.956,0.034
58000,0.010,0.961,0.029
58500,0.010,0.915,0.075
59000,0.010,0.803,0.187
59500,0.010,0.925,0.065
60000,0.010,0.952,0.038
60500,0.010,0.897,0.093
61000,0.010,0.905,0.085
61500,0.010,0.909,0.081
62000,0.010,0.928,0.062
62500,0.010,0.990,0.000
63000,0.010,0.976,0.014
63500,0.010,0.959,0.031
64000,0.010,0.868,0.122
64500,0.010,0.849,0.141
65000,0.010,0.958,0.032
65500,0.010,0.976,0.014
66000,0.010,0.871,0.119
66500,0.010,0.903,0.087
67000,0.010,0.915,0.075
67500,0.010,0.887,0.103
68000,0.010,0.971,0.019
68500,0.010,0.880,0.110
69000,0.010,0.879,0.111
69500,0.010,0.945,0.045
70000,0.010,0.927,0.063
70500,0.010,0.945,0.045
71000,0.010,0.946,0.044
71500,0.010,0.930,0.060
72000,0.010,0.861,0.129
72500,0.010,0.963,0.027
73000,0.010,0.990,0.000
73500,0.010,0.930,0.060
74000,0.010,0.989,0.001
74500,0.010,0.913,0.077
75000,0.010,0.915,0.075
75500,0.010,0.976,0.014
76000,0.010,0.855,0.135
76500,0.010,0.911,0.079
77000,0.010,0.959,0.031
77500,0.010,0.905,0.085
78000,0.010,0.989,0.001
78500,0.010,0.936,0.054
79000,0.010,0.960,0.030
79500,0.010,0.840,0.150
80000,0.010,0.938,0.052
80500,0.010,0.952,0.038
81000,0.010,0.971,0.019
81500,0.010,0.931,0.059
82000,0.010,0.989,0.001
82500,0.010,0.977,0.013
83000,0.010,0.764,0.226
83500,0.010,0.963,0.027
84000,0.010,0.967,0.023
84500,0.010,0.962,0.028
85000,0.010,0.982,0.008
85500,0.010,0.976,0.014
86000,0.010,0.943,0.047
86500,0.010,0.826,0.164
87000,0.010,0.962,0.028
87500,0.010,0.978,0.012
88000,0.010,0.907,0.083
88500,0.010,0.939,0.051
89000,0.010,0.943,0.047
89500,0.010,0.969,0.021
90000,0.010,0.939,0.051
90500,0.010,0.966,0.024
91000,0.010,0.905,0.085
91500,0.010,0.989,0.001
92000,0.010,0.729,0.261
92500,0.010,0.802,0.188
93000,0.010,0.768,0.222
93500,0.010,0.866,0.124
94000,0.010,0.930,0.060
94500,0.010,0.907,0.083
95000,0.010,0.898,0.092
95500,0.010,0.902,0.088
96000,0.010,0.978,0.012
96500,0.010,0.922,0.068
97000,0.010,0.971,0.019
97500,0.010,0.934,0.056
98000,0.010,0.921,0.069
98500,0.010,0.929,0.061
99000,0.010,0.887,0.103
99500,0.010,0.803,0.187
100000,0.010,0.903,0.087
100500,0.010,0.942,0.048
101000,0.010,0.919,0.071
101500,0.010,0.932,0.058
102000,0.010,0.936,0.054
102500,0.010,0.936,0.054
103000,0.010,0.880,0.110
103500,0.010,0.953,0.037
104000,0.010,0.850,0.140
104500,0.010,0.990,0.000
105000,0.010,0.985,0.005
105500,0.010,0.981,0.009
106000,0.010,0.885,0.105
106500,0.010,0.959,0.031
107000,0.010,0.969,0.021
107500,0.010,0.938,0.052
108000,0.010,0.942,0.048
108500,0.010,0.919,0.071
109000,0.010,0.939,0.051
109500,0.010,0.965,0.025
110000,0.010,0.895,0.095
110500,0.010,0.964,0.026
111000,0.010,0.902,0.088
111500,0.010,0.858,0.132
112000,0.010,0.858,0.132
112500,0.010,0.815,0.175
113000,0.010,0.804,0.186
113500,0.010,0.928,0.062
114000,0.010,0.953,0.037
114500,0.010,0.927,0.063
115000,0.010,0.961,0.029
115500,0.010,0.960,0.030
116000,0.010,0.943,0.047
116500,0.010,0.943,0.047
117000,0.010,0.969,0.021
117500,0.010,0.985,0.005
118000,0.010,0.966,0.024
118500,0.010,0.973,0.017
119000,0.010,0.916,0.074
119500,0.010,0.880,0.110
120000,0.010,0.895,0.095
120500,0.010,0.929,0.061
121000,0.010,0.917,0.073
121500,0.010,0.988,0.002
122000,0.010,0.971,0.019
122500,0.010,0.893,0.097
123000,0.010,0.916,0.074
123500,0.010,0.981,0.009
124000,0.010,0.958,0.032
124500,0.010,0.805,0.185
125000,0.010,0.919,0.071
125500,0.010,0.990,0.000
126000,0.010,0.923,0.067
126500,0.010,0.978,0.012
127000,0.010,0.908,0.082
127500,0.010,0.958,0.032
128000,0.010,0.990,0.000
128500,0.010,0.931,0.059
129000,0.010,0.959,0.031
129500,0.010,0.989,0.001
130000,0.010,0.937,0.053
130500,0.010,0.883,0.107
131000,0.010,0.921,0.069
131500,0.010,0.855,0.135
132000,0.010,0.959,0.031
132500,0.010,0.919,0.071
133000,0.010,0.951,0.039
133500,0.010,0.968,0.022
134000,0.010,0.983,0.007
134500,0.010,0.949,0.041
135000,0.010,0.937,0.053
135500,0.010,0.989,0.001
136000,0.010,0.901,0.089
136500,0.010,0.973,0.017
137000,0.010,0.877,0.113
137500,0.010,0.971,0.019
138000,0.010,0.962,0.028
138500,0.010,0.817,0.173
139000,0.010,0.926,0.064
139500,0.010,0.884,0.106
140000,0.010,0.985,0.005
140500,0.010,0.932,0.058
141000,0.010,0.954,0.036
141500,0.010,0.898,0.092
142000,0.010,0.920,0.070
142500,0.010,0.958,0.032
143000,0.010,0.863,0.127
143500,0.010,0.922,0.068
144000,0.010,0.984,0.006
144500,0.010,0.901,0.089
145000,0.010,0.977,0.013
145500,0.010,0.963,0.027
146000,0.010,0.933,0.057
146500,0.010,0.937,0.053
147000,0.010,0.941,0.049
147500,0.010,0.754,0.236
148000,0.010,0.899,0.091
148500,0.010,0.888,0.102
149000,0.010,0.697,0.293
149500,0.010,0.838,0.152
150000,0.010,0.964,0.026
150500,0.010,0.969,0.021
151000,0.010,0.975,0.015
151500,0.010,0.923,0.067
152000,0.010,0.915,0.075
152500,0.010,0.824,0.166
153000,0.010,0.966,0.024
153500,0.010,0.973,0.017
154000,0.010,0.912,0.078
154500,0.010,0.862,0.128
155000,0.010,0.896,0.094
155500,0.010,0.941,0.049
156000,0.010,0.952,0.038
156500,0.010,0.988,0.002
157000,0.010,0.880,0.110
157500,0.010,0.966,0.024
158000,0.010,0.911,0.079
158500,0.010,0.960,0.030
159000,0.010,0.976,0.014
159500,0.010,0.986,0.004
160000,0.010,0.933,0.057
160500,0.010,0.925,0.065
161000,0.010,0.850,0.140
161500,0.010,0.928,0.062
162000,0.010,0.865,0.125
162500,0.010,0.842,0.148
163000,0.010,0.921,0.069
163500,0.010,0.868,0.122
164000,0.010,0.884,0.106
164500,0.010,0.911,0.079
165000,0.010,0.915,0.075
165500,0.010,0.857,0.133
166000,0.010,0.978,0.012
166500,0.010,0.877,0.113
167000,0.010,0.937,0.053
167500,0.010,0.884,0.106
168000,0.010,0.816,0.174
168500,0.010,0.877,0.113
169000,0.010,0.957,0.033
169500,0.010,0.972,0.018
170000,0.010,0.903,0.087
170500,0.010,0.952,0.038
171000,0.010,0.923,0.067
171500,0.010,0.855,0.135
172000,0.010,0.974,0.016
172500,0.010,0.976,0.014
173000,0.010,0.987,0.003
173500,0.010,0.897,0.093
174000,0.010,0.904,0.086
174500,0.010,0.887,0.103
175000,0.010,0.915,0.075
175500,0.010,0.986,0.004
176000,0.010,0.846,0.144
176500,0.010,0.817,0.173
177000,0.010,0.879,0.111
177500,0.010,0.980,0.010
178000,0.010,0.990,0.000
178500,0.010,0.947,0.043
179000,0.010,0.947,0.043
179500,0.010,0.816,0.174
180000,0.010,0.909,0.081
180500,0.010,0.985,0.005
181000,0.010,0.962,0.028
181500,0.010,0.969,0.021
182000,0.010,0.698,0.292
182500,0.010,0.870,0.120
183000,0.010,0.978,0.012
183500,0.010,0.891,0.099
184000,0.010,0.989,0.001
184500,0.010,0.966,0.024
185000,0.010,0.950,0.040
185500,0.010,0.947,0.043
186000,0.010,0.978,0.012
186500,0.010,0.869,0.121
187000,0.010,0.926,0.064
187500,0.010,0.736,0.254
188000,0.010,0.899,0.091
188500,0.010,0.876,0.114
189000,0.010,0.921,0.069
189500,0.010,0.922,0.068
190000,0.010,0.888,0.102
190500,0.010,0.983,0.007
191000,0.010,0.967,0.023
191500,0.010,0.981,0.009
192000,0.010,0.949,0.041
192500,0.010,0.947,0.043
193000,0.010,0.960,0.030
193500,0.010,0.989,0.001
194000,0.010,0.875,0.115
194500,0.010,0.856,0.134
195000,0.010,0.979,0.011
195500,0.010,0.950,0.040
196000,0.010,0.950,0.040
196500,0.010,0.953,0.037
197000,0.010,0.910,0.080
197500,0.010,0.864,0.126
198000,0.010,0.928,0.062
198500,0.010,0.978,0.012
199000,0.010,0.841,0.149
199500,0.010,0.740,0.250
200000,0.010,0.902,0.088
200500,0.010,0.957,0.033
201000,0.010,0.990,0.000
201500,0.010,0.960,0.030
202000,0.010,0.989,0.001
202500,0.010,0.967,0.023
203000,0.010,0.960,0.030
203500,0.010,0.954,0.036
204000,0.010,0.988,0.002
204500,0.010,0.935,0.055
205000,0.010,0.821,0.169
205500,0.010,0.921,0.069
206000,0.010,0.990,0.000
206500,0.010,0.950,0.040
207000,0.010,0.814,0.176
207500,0.010,0.914,0.076
208000,0.010,0.844,0.146
208500,0.010,0.771,0.219
209000,0.010,0.936,0.054
209500,0.010,0.776,0.214
210000,0.010,0.938,0.052
210500,0.010,0.924,0.066
211000,0.010,0.983,0.007
211500,0.010,0.856,0.134
212000,0.010,0.841,0.149
212500,0.010,0.884,0.106
213000,0.010,0.989,0.001
213500,0.010,0.986,0.004
214000,0.010,0.890,0.100
214500,0.010,0.886,0.104
215000,0.010,0.892,0.098
215500,0.010,0.884,0.106
216000,0.010,0.892,0.098
216500,0.010,0.861,0.129
217000,0.010,0.796,0.194
217500,0.010,0.958,0.032
218000,0.010,0.953,0.037
218500,0.010,0.819,0.171
219000,0.010,0.842,0.148
219500,0.010,0.979,0.011
220000,0.010,0.886,0.104
220500,0.010,0.972,0.018
221000,0.010,0.915,0.075
221500,0.010,0.910,0.080
222000,0.010,0.895,0.095
222500,0.010,0.922,0.068
223000,0.010,0.959,0.031
223500,0.010,0.957,0.033
224000,0.010,0.874,0.116
224500,0.010,0.811,0.179
225000,0.010,0.963,0.027
225500,0.010,0.989,0.001
226000,0.010,0.964,0.026
226500,0.010,0.979,0.011
227000,0.010,0.934,0.056
227500,0.010,0.970,0.020
228000,0.010,0.946,0.044
228500,0.010,0.987,0.003
229000,0.010,0.983,0.007
229500,0.010,0.962,0.028
230000,0.010,0.827,0.163
230500,0.010,0.768,0.222
231000,0.010,0.874,0.116
231500,0.010,0.941,0.049
232000,0.010,0.986,0.004
232500,0.010,0.964,0.026
233000,0.010,0.951,0.039
233500,0.010,0.896,0.094
234000,0.010,0.872,0.118
234500,0.010,0.878,0.112
235000,0.010,0.961,0.029
235500,0.010,0.971,0.019
236000,0.010,0.933,0.057
236500,0.010,0.857,0.133
237000,0.010,0.908,0.082
237500,0.010,0.890,0.100
238000,0.010,0.913,0.077
238500,0.010,0.988,0.002
239000,0.010,0.969,0.021
239500,0.010,0.933,0.057
240000,0.010,0.927,0.063
240500,0.010,0.983,0.007
241000,0.010,0.940,0.050
241500,0.010,0.848,0.142
242000,0.010,0.868,0.122
242500,0.010,0.936,0.054
243000,0.010,0.844,0.146
243500,0.010,0.938,0.052
244000,0.010,0.924,0.066
244500,0.010,0.925,0.065
245000,0.010,0.820,0.170
245500,0.010,0.797,0.193
246000,0.010,0.764,0.226
246500,0.010,0.886,0.104
247000,0.010,0.867,0.123
247500,0.010,0.807,0.183
248000,0.010,0.943,0.047
248500,0.010,0.770,0.220
249000,0.010,0.954,0.036
249500,0.010,0.955,0.035
250000,0.010,0.956,0.034
250500,0.010,0.929,0.061
251000,0.010,0.975,0.015
251500,0.010,0.904,0.086
252000,0.010,0.932,0.058
252500,0.010,0.982,0.008
253000,0.010,0.863,0.127
253500,0.010,0.797,0.193
254000,0.010,0.805,0.185
254500,0.010,0.882,0.108
255000,0.010,0.779,0.211
255500,0.010,0.893,0.097
256000,0.010,0.924,0.066
256500,0.010,0.989,0.001
257000,0.010,0.930,0.060
257500,0.010,0.912,0.078
258000,0.010,0.958,0.032
258500,0.010,0.947,0.043
259000,0.010,0.972,0.018
259500,0.010,0.944,0.046
260000,0.010,0.963,0.027
260500,0.010,0.881,0.109
261000,0.010,0.906,0.084
261500,0.010,0.957,0.033
262000,0.010,0.967,0.023
262500,0.010,0.851,0.139
263000,0.010,0.970,0.020
263500,0.010,0.796,0.194
264000,0.010,0.843,0.147
264500,0.010,0.977,0.013
265000,0.010,0.967,0.023
265500,0.010,0.860,0.130
266000,0.010,0.970,0.020
266500,0.010,0.889,0.101
267000,0.010,0.973,0.017
267500,0.010,0.984,0.006
268000,0.010,0.964,0.026
268500,0.010,0.961,0.029
269000,0.010,0.878,0.112
269500,0.010,0.980,0.010
270000,0.010,0.791,0.199
270500,0.010,0.955,0.035
271000,0.010,0.973,0.017
271500,0.010,0.809,0.181
272000,0.010,0.785,0.205
272500,0.010,0.954,0.036
273000,0.010,0.952,0.038
273500,0.010,0.933,0.057
274000,0.010,0.807,0.183
274500,0.010,0.955,0.035
275000,0.010,0.984,0.006
275500,0.010,0.967,0.023
276000,0.010,0.963,0.027
276500,0.010,0.902,0.088
277000,0.010,0.883,0.107
277500,0.010,0.907,0.083
278000,0.010,0.958,0.032
278500,0.010,0.864,0.126
279000,0.010,0.779,0.211
279500,0.010,0.975,0.015
280000,0.010,0.965,0.025
280500,0.010,0.934,0.056
281000,0.010,0.957,0.033
281500,0.010,0.853,0.137
282000,0.010,0.971,0.019
282500,0.010,0.932,0.058
283000,0.010,0.971,0.019
283500,0.010,0.939,0.051
284000,0.010,0.978,0.012
284500,0.010,0.894,0.096
285000,0.010,0.966,0.024
285500,0.010,0.926,0.064
286000,0.010,0.911,0.079
286500,0.010,0.868,0.122
287000,0.010,0.902,0.088
287500,0.010,0.842,0.148
288000,0.010,0.889,0.101
288500,0.010,0.866,0.124
289000,0.010,0.975,0.015
289500,0.010,0.893,0.097
290000,0.010,0.918,0.072
290500,0.010,0.894,0.096
291000,0.010,0.939,0.051
291500,0.010,0.927,0.063
292000,0.010,0.892,0.098
292500,0.010,0.975,0.015
293000,0.010,0.937,0.053
293500,0.010,0.966,0.024
294000,0.010,0.982,0.008
294500,0.010,0.925,0.065
295000,0.010,0.743,0.247
295500,0.010,0.881,0.109
296000,0.010,0.976,0.014
296500,0.010,0.806,0.184
297000,0.010,0.883,0.107
297500,0.010,0.794,0.196
298000,0.010,0.897,0.093
298500,0.010,0.942,0.048
299000,0.010,0.824,0.166
299500,0.010,0.926,0.064
300000,0.010,0.780,0.210
300500,0.010,0.987,0.003
301000,0.010,0.882,0.108
301500,0.010,0.984,0.006
302000,0.010,0.836,0.154
302500,0.010,0.896,0.094
303000,0.010,0.932,0.058
303500,0.010,0.907,0.083
304000,0.010,0.932,0.058
304500,0.010,0.979,0.011
305000,0.010,0.943,0.047
305500,0.010,0.929,0.061
306000,0.010,0.917,0.073
306500,0.010,0.882,0.108
307000,0.010,0.732,0.258
307500,0.010,0.848,0.142
308000,0.010,0.950,0.040
308500,0.010,0.954,0.036
309000,0.010,0.868,0.122
309500,0.010,0.932,0.058
310000,0.010,0.863,0.127
310500,0.010,0.955,0.035
311000,0.010,0.987,0.003
311500,0.010,0.959,0.031
312000,0.010,0.913,0.077
312500,0.010,0.943,0.047
313000,0.010,0.990,0.000
313500,0.010,0.932,0.058
314000,0.010,0.918,0.072
314500,0.010,0.962,0.028
315000,0.010,0.920,0.070
315500,0.010,0.913,0.077
316000,0.010,0.965,0.025
316500,0.010,0.860,0.130
317000,0.010,0.926,0.064
317500,0.010,0.959,0.031
318000,0.010,0.912,0.078
318500,0.010,0.919,0.071
319000,0.010,0.808,0.182
319500,0.010,0.918,0.072
320000,0.010,0.922,0.068
320500,0.010,0.827,0.163
321000,0.010,0.949,0.041
321500,0.010,0.960,0.030
322000,0.010,0.971,0.019
322500,0.010,0.949,0.041
323000,0.010,0.882,0.108
323500,0.010,0.980,0.010
324000,0.010,0.969,0.021
324500,0.010,0.988,0.002
325000,0.010,0.799,0.191
325500,0.010,0.911,0.079
326000,0.010,0.907,0.083
326500,0.010,0.958,0.032
327000,0.010,0.854,0.136
327500,0.010,0.971,0.019
328000,0.010,0.895,0.095
328500,0.010,0.945,0.045
329000,0.010,0.987,0.003
329500,0.010,0.990,0.000
330000,0.010,0.984,0.006
330500,0.010,0.949,0.041
331000,0.010,0.877,0.113
331500,0.010,0.979,0.011
332000,0.010,0.974,0.016
332500,0.010,0.976,0.014
333000,0.010,0.916,0.074
333500,0.010,0.820,0.170
334000,0.010,0.978,0.012
334500,0.010,0.986,0.004
335000,0.010,0.987,0.003
335500,0.010,0.829,0.161
336000,0.010,0.963,0.027
336500,0.010,0.877,0.113
337000,0.010,0.956,0.034
337500,0.010,0.920,0.070
338000,0.010,0.977,0.013
338500,0.010,0.929,0.061
339000,0.010,0.976,0.014
339500,0.010,0.913,0.077
340000,0.010,0.975,0.015
340500,0.010,0.923,0.067
341000,0.010,0.817,0.173
341500,0.010,0.926,0.064
342000,0.010,0.923,0.067
342500,0.010,0.892,0.098
343000,0.010,0.990,0.000
343500,0.010,0.955,0.035
344000,0.010,0.933,0.057
344500,0.010,0.864,0.126
345000,0.010,0.950,0.040
345500,0.010,0.778,0.212
346000,0.010,0.915,0.075
346500,0.010,0.975,0.015
347000,0.010,0.845,0.145
347500,0.010,0.948,0.042
348000,0.010,0.954,0.036
348500,0.010,0.828,0.162
349000,0.010,0.839,0.151
349500,0.010,0.835,0.155
350000,0.010,0.970,0.020
350500,0.010,0.925,0.065
351000,0.010,0.921,0.069
351500,0.010,0.942,0.048
352000,0.010,0.910,0.080
352500,0.010,0.964,0.026
353000,0.010,0.911,0.079
353500,0.010,0.871,0.119
354000,0.010,0.938,0.052
354500,0.010,0.977,0.013
355000,0.010,0.871,0.119
355500,0.010,0.942,0.048
356000,0.010,0.934,0.056
356500,0.010,0.984,0.006
357000,0.010,0.982,0.008
357500,0.010,0.965,0.025
358000,0.010,0.885,0.105
358500,0.010,0.960,0.030
359000,0.010,0.982,0.008
359500,0.010,0.948,0.042
360000,0.010,0.957,0.033
360500,0.010,0.938,0.052
361000,0.010,0.990,0.000
361500,0.010,0.922,0.068
362000,0.010,0.853,0.137
362500,0.010,0.976,0.014
363000,0.010,0.989,0.001
363500,0.010,0.923,0.067
364000,0.010,0.954,0.036
364500,0.010,0.836,0.154
365000,0.010,0.869,0.121
365500,0.010,0.934,0.056
366000,0.010,0.938,0.052
366500,0.010,0.815,0.175
367000,0.010,0.904,0.086
367500,0.010,0.909,0.081
368000,0.010,0.925,0.065
368500,0.010,0.916,0.074
369000,0.010,0.960,0.030
369500,0.010,0.943,0.047
370000,0.010,0.850,0.140
370500,0.010,0.922,0.068
371000,0.010,0.979,0.011
371500,0.010,0.913,0.077
372000,0.010,0.952,0.038
372500,0.010,0.983,0.007
373000,0.010,0.906,0.084
373500,0.010,0.731,0.259
374000,0.010,0.983,0.007
374500,0.010,0.752,0.238
375000,0.010,0.878,0.112
375500,0.010,0.854,0.136
376000,0.010,0.964,0.026
376500,0.010,0.973,0.017
377000,0.010,0.910,0.080
377500,0.010,0.973,0.017
378000,0.010,0.913,0.077
378500,0.010,0.959,0.031
379000,0.010,0.928,0.062
379500,0.010,0.878,0.112
380000,0.010,0.878,0.112
380500,0.010,0.941,0.049
381000,0.010,0.736,0.254
381500,0.010,0.818,0.172
382000,0.010,0.755,0.235
382500,0.010,0.990,0.000
383000,0.010,0.946,0.044
383500,0.010,0.951,0.039
384000,0.010,0.947,0.043
384500,0.010,0.855,0.135
385000,0.010,0.772,0.218
385500,0.010,0.861,0.129
386000,0.010,0.897,0.093
386500,0.010,0.951,0.039
387000,0.010,0.928,0.062
387500,0.010,0.673,0.317
388000,0.010,0.964,0.026
388500,0.010,0.951,0.039
389000,0.010,0.932,0.058
389500,0.010,0.847,0.143
390000,0.010,0.883,0.107
390500,0.010,0.973,0.017
391000,0.010,0.882,0.108
391500,0.010,0.940,0.050
392000,0.010,0.857,0.133
392500,0.010,0.917,0.073
393000,0.010,0.987,0.003
393500,0.010,0.978,0.012
394000,0.010,0.988,0.002
394500,0.010,0.989,0.001
395000,0.010,0.957,0.033
395500,0.010,0.925,0.065
396000,0.010,0.965,0.025
396500,0.010,0.869,0.121
397000,0.010,0.973,0.017
397500,0.010,0.959,0.031
398000,0.010,0.950,0.040
398500,0.010,0.865,0.125
399000,0.010,0.811,0.179
399500,0.010,0.907,0.083
400000,0.010,0.989,0.001
400500,0.010,0.896,0.094
401000,0.010,0.968,0.022
401500,0.010,0.958,0.032
402000,0.010,0.963,0.027
402500,0.010,0.978,0.012
403000,0.010,0.984,0.006
403500,0.010,0.966,0.024
404000,0.010,0.715,0.275
404500,0.010,0.926,0.064
405000,0.010,0.958,0.032
405500,0.010,0.954,0.036
406000,0.010,0.956,0.034
406500,0.010,0.921,0.069
407000,0.010,0.890,0.100
407500,0.010,0.980,0.010
408000,0.010,0.910,0.080
408500,0.010,0.803,0.187
409000,0.010,0.988,0.002
409500,0.010,0.981,0.009
410000,0.010,0.972,0.018
410500,0.010,0.959,0.031
411000,0.010,0.898,0.092
411500,0.010,0.831,0.159
412000,0.010,0.979,0.011
412500,0.010,0.923,0.067
413000,0.010,0.907,0.083
413500,0.010,0.970,0.020
414000,0.010,0.910,0.080
414500,0.010,0.986,0.004
415000,0.010,0.965,0.025
415500,0.010,0.964,0.026
416000,0.010,0.955,0.035
416500,0.010,0.904,0.086
417000,0.010,0.892,0.098
417500,0.010,0.977,0.013
418000,0.010,0.977,0.013
418500,0.010,0.990,0.000
419000,0.010,0.973,0.017
419500,0.010,0.981,0.009
420000,0.010,0.976,0.014
420500,0.010,0.911,0.079
421000,0.010,0.748,0.242
421500,0.010,0.805,0.185
422000,0.010,0.926,0.064
422500,0.010,0.982,0.008
423000,0.010,0.915,0.075
423500,0.010,0.699,0.291
424000,0.010,0.816,0.174
424500,0.010,0.938,0.052
425000,0.010,0.982,0.008
425500,0.010,0.959,0.031
426000,0.010,0.981,0.009
426500,0.010,0.906,0.084
427000,0.010,0.963,0.027
427500,0.010,0.967,0.023
428000,0.010,0.970,0.020
428500,0.010,0.949,0.041
429000,0.010,0.984,0.006
429500,0.010,0.909,0.081
430000,0.010,0.930,0.060
430500,0.010,0.951,0.039
431000,0.010,0.929,0.061
431500,0.010,0.926,0.064
432000,0.010,0.814,0.176
432500,0.010,0.940,0.050
433000,0.010,0.934,0.056
433500,0.010,0.955,0.035
434000,0.010,0.976,0.014
434500,0.010,0.936,0.054
435000,0.010,0.968,0.022
435500,0.010,0.956,0.034
436000,0.010,0.866,0.124
436500,0.010,0.987,0.003
437000,0.010,0.986,0.004
437500,0.010,0.909,0.081
438000,0.010,0.754,0.236
438500,0.010,0.943,0.047
439000,0.010,0.942,0.048
439500,0.010,0.985,0.005
440000,0.010,0.855,0.135
440500,0.010,0.905,0.085
441000,0.010,0.952,0.038
441500,0.010,0.831,0.159
442000,0.010,0.954,0.036
442500,0.010,0.965,0.025
443000,0.010,0.914,0.076
443500,0.010,0.863,0.127
444000,0.010,0.958,0.032
444500,0.010,0.990,0.000
445000,0.010,0.978,0.012
445500,0.010,0.981,0.009
446000,0.010,0.895,0.095
446500,0.010,0.986,0.004
447000,0.010,0.925,0.065
447500,0.010,0.901,0.089
448000,0.010,0.967,0.023
448500,0.010,0.956,0.034
449000,0.010,0.885,0.105
449500,0.010,0.988,0.002
450000,0.010,0.986,0.004
450500,0.010,0.851,0.139
451000,0.010,0.895,0.095
451500,0.010,0.926,0.064
452000,0.010,0.954,0.036
452500,0.010,0.867,0.123
453000,0.010,0.957,0.033
453500,0.010,0.944,0.046
454000,0.010,0.891,0.099
454500,0.010,0.941,0.049
455000,0.010,0.963,0.027
455500,0.010,0.973,0.017
456000,0.010,0.990,0.000
456500,0.010,0.932,0.058
457000,0.010,0.976,0.014
457500,0.010,0.944,0.046
458000,0.010,0.983,0.007
458500,0.010,0.990,0.000
459000,0.010,0.936,0.054
459500,0.010,0.936,0.054
460000,0.010,0.924,0.066
460500,0.010,0.937,0.053
461000,0.010,0.974,0.016
461500,0.010,0.813,0.177
462000,0.010,0.851,0.139
462500,0.010,0.925,0.065
463000,0.010,0.958,0.032
463500,0.010,0.840,0.150
464000,0.010,0.903,0.087
464500,0.010,0.937,0.053
465000,0.010,0.923,0.067
465500,0.010,0.939,0.051
466000,0.010,0.935,0.055
466500,0.010,0.960,0.030
467000,0.010,0.978,0.012
467500,0.010,0.812,0.178
468000,0.010,0.853,0.137
468500,0.010,0.965,0.025
469000,0.010,0.985,0.005
469500,0.010,0.870,0.120
470000,0.010,0.989,0.001
470500,0.010,0.985,0.005
471000,0.010,0.988,0.002
471500,0.010,0.902,0.088
472000,0.010,0.885,0.105
472500,0.010,0.860,0.130
473000,0.010,0.898,0.092
473500,0.010,0.884,0.106
474000,0.010,0.876,0.114
474500,0.010,0.916,0.074
475000,0.010,0.983,0.007
475500,0.010,0.870,0.120
476000,0.010,0.877,0.113
476500,0.010,0.982,0.008
477000,0.010,0.908,0.082
477500,0.010,0.797,0.193
478000,0.010,0.936,0.054
478500,0.010,0.824,0.166
479000,0.010,0.953,0.037
479500,0.010,0.983,0.007
480000,0.010,0.909,0.081
480500,0.010,0.904,0.086
481000,0.010,0.828,0.162
481500,0.010,0.919,0.071
482000,0.010,0.860,0.130
482500,0.010,0.986,0.004
483000,0.010,0.826,0.164
483500,0.010,0.901,0.089
484000,0.010,0.957,0.033
484500,0.010,0.980,0.010
485000,0.010,0.983,0.007
485500,0.010,0.925,0.065
486000,0.010,0.891,0.099
486500,0.010,0.895,0.095
487000,0.010,0.915,0.075
487500,0.010,0.880,0.110
488000,0.010,0.729,0.261
488500,0.010,0.942,0.048
489000,0.010,0.870,0.120
489500,0.010,0.807,0.183
490000,0.010,0.961,0.029
490500,0.010,0.961,0.029
491000,0.010,0.944,0.046
491500,0.010,0.969,0.021
492000,0.010,0.915,0.075
492500,0.010,0.989,0.001
493000,0.010,0.951,0.039
493500,0.010,0.947,0.043
494000,0.010,0.781,0.209
494500,0.010,0.885,0.105
495000,0.010,0.884,0.106
495500,0.010,0.861,0.129
496000,0.010,0.963,0.027
496500,0.010,0.979,0.011
497000,0.010,0.980,0.010
497500,0.010,0.977,0.013
498000,0.010,0.925,0.065
498500,0.010,0.977,0.013
499000,0.010,0.895,0.095
499500,0.010,0.882,0.108
500000,0.010,0.912,0.078
500500,0.010,0.968,0.022
501000,0.010,0.959,0.031
501500,0.010,0.966,0.024
502000,0.010,0.864,0.126
502500,0.010,0.869,0.121
503000,0.010,0.988,0.002
503500,0.010,0.950,0.040
504000,0.010,0.957,0.033
504500,0.010,0.988,0.002
505000,0.010,0.966,0.024
505500,0.010,0.882,0.108
506000,0.010,0.959,0.031
506500,0.010,0.929,0.061
507000,0.010,0.793,0.197
507500,0.010,0.989,0.001
508000,0.010,0.945,0.045
508500,0.010,0.941,0.049
509000,0.010,0.902,0.088
509500,0.010,0.972,0.018
510000,0.010,0.925,0.065
510500,0.010,0.969,0.021
511000,0.010,0.938,0.052
511500,0.010,0.936,0.054
512000,0.010,0.945,0.045
512500,0.010,0.928,0.062
513000,0.010,0.852,0.138
513500,0.010,0.900,0.090
514000,0.010,0.845,0.145
514500,0.010,0.904,0.086
515000,0.010,0.960,0.030
515500,0.010,0.943,0.047
516000,0.010,0.930,0.060
516500,0.010,0.886,0.104
517000,0.010,0.804,0.186
517500,0.010,0.862,0.128
518000,0.010,0.817,0.173
518500,0.010,0.969,0.021
519000,0.010,0.931,0.059
519500,0.010,0.973,0.017
520000,0.010,0.974,0.016
520500,0.010,0.945,0.045
521000,0.010,0.938,0.052
521500,0.010,0.914,0.076
522000,0.010,0.894,0.096
522500,0.010,0.862,0.128
523000,0.010,0.947,0.043
523500,0.010,0.912,0.078
524000,0.010,0.962,0.028
524500,0.010,0.873,0.117
525000,0.010,0.970,0.020
525500,0.010,0.950,0.040
526000,0.010,0.932,0.058
526500,0.010,0.783,0.207
527000,0.010,0.986,0.004
527500,0.010,0.754,0.236
528000,0.010,0.941,0.049
528500,0.010,0.967,0.023
529000,0.010,0.745,0.245
529500,0.010,0.944,0.046
530000,0.010,0.836,0.154
530500,0.010,0.878,0.112
531000,0.010,0.974,0.016
531500,0.010,0.963,0.027
532000,0.010,0.944,0.046
532500,0.010,0.948,0.042
533000,0.010,0.923,0.067
533500,0.010,0.902,0.088
534000,0.010,0.936,0.054
534500,0.010,0.939,0.051
535000,0.010,0.930,0.060
535500,0.010,0.958,0.032
536000,0.010,0.897,0.093
536500,0.010,0.990,0.000
537000,0.010,0.898,0.092
537500,0.010,0.959,0.031
538000,0.010,0.846,0.144
538500,0.010,0.972,0.018
539000,0.010,0.986,0.004
539500,0.010,0.938,0.052
540000,0.010,0.974,0.016
540500,0.010,0.967,0.023
541000,0.010,0.925,0.065
541500,0.010,0.942,0.048
542000,0.010,0.976,0.014
542500,0.010,0.958,0.032
543000,0.010,0.929,0.061
543500,0.010,0.897,0.093
544000,0.010,0.910,0.080
544500,0.010,0.868,0.122
545000,0.010,0.871,0.119
545500,0.010,0.897,0.093
546000,0.010,0.942,0.048
546500,0.010,0.988,0.002
547000,0.010,0.957,0.033
547500,0.010,0.883,0.107
548000,0.010,0.939,0.051
548500,0.010,0.908,0.082
549000,0.010,0.906,0.084
549500,0.010,0.937,0.053
550000,0.010,0.959,0.031
550500,0.010,0.945,0.045
551000,0.010,0.990,0.000
551500,0.010,0.900,0.090
552000,0.010,0.884,0.106
552500,0.010,0.990,0.000
553000,0.010,0.924,0.066
553500,0.010,0.972,0.018
554000,0.010,0.963,0.027
554500,0.010,0.956,0.034
555000,0.010,0.970,0.020
555500,0.010,0.979,0.011
556000,0.010,0.911,0.079
556500,0.010,0.957,0.033
557000,0.010,0.987,0.003
557500,0.010,0.983,0.007
558000,0.010,0.877,0.113
558500,0.010,0.845,0.145
559000,0.010,0.909,0.081
559500,0.010,0.987,0.003
560000,0.010,0.975,0.015
560500,0.010,0.963,0.027
561000,0.010,0.982,0.008
561500,0.010,0.990,0.000
562000,0.010,0.983,0.007
562500,0.010,0.863,0.127
563000,0.010,0.990,0.000
563500,0.010,0.902,0.088
564000,0.010,0.913,0.077
564500,0.010,0.907,0.083
565000,0.010,0.953,0.037
565500,0.010,0.839,0.151
566000,0.010,0.929,0.061
566500,0.010,0.803,0.187
567000,0.010,0.887,0.103
567500,0.010,0.784,0.206
568000,0.010,0.972,0.018
568500,0.010,0.871,0.119
569000,0.010,0.930,0.060
569500,0.010,0.954,0.036
570000,0.010,0.986,0.004
570500,0.010,0.987,0.003
571000,0.010,0.901,0.089
571500,0.010,0.987,0.003
572000,0.010,0.955,0.035
572500,0.010,0.816,0.174
573000,0.010,0.887,0.103
573500,0.010,0.863,0.127
574000,0.010,0.972,0.018
574500,0.010,0.964,0.026
575000,0.010,0.927,0.063
575500,0.010,0.843,0.147
576000,0.010,0.806,0.184
576500,0.010,0.867,0.123
577000,0.010,0.888,0.102
577500,0.010,0.986,0.004
578000,0.010,0.876,0.114
578500,0.010,0.985,0.005
579000,0.010,0.936,0.054
579500,0.010,0.929,0.061
580000,0.010,0.836,0.154
580500,0.010,0.934,0.056
581000,0.010,0.968,0.022
581500,0.010,0.917,0.073
582000,0.010,0.896,0.094
582500,0.010,0.971,0.019
583000,0.010,0.904,0.086
583500,0.010,0.955,0.035
584000,0.010,0.980,0.010
584500,0.010,0.874,0.116
585000,0.010,0.987,0.003
585500,0.010,0.990,0.000
586000,0.010,0.939,0.051
586500,0.010,0.988,0.002
587000,0.010,0.905,0.085
587500,0.010,0.962,0.028
588000,0.010,0.917,0.073
588500,0.010,0.962,0.028
589000,0.010,0.990,0.000
589500,0.010,0.863,0.127
590000,0.010,0.889,0.101
590500,0.010,0.891,0.099
591000,0.010,0.973,0.017
591500,0.010,0.971,0.019
592000,0.010,0.969,0.021
592500,0.010,0.971,0.019
593000,0.010,0.972,0.018
593500,0.010,0.944,0.046
594000,0.010,0.907,0.083
594500,0.010,0.970,0.020
595000,0.010,0.967,0.023
595500,0.010,0.963,0.027
596000,0.010,0.767,0.223
596500,0.010,0.696,0.294
597000,0.010,0.853,0.137
597500,0.010,0.949,0.041
598000,0.010,0.847,0.143
598500,0.010,0.772,0.218
599000,0.010,0.933,0.057
599500,0.010,0.924,0.066
600000,0.010,0.939,0.051
600500,0.010,0.973,0.017
601000,0.010,0.955,0.035
601500,0.010,0.799,0.191
602000,0.010,0.989,0.001
602500,0.010,0.919,0.071
603000,0.010,0.936,0.054
603500,0.010,0.903,0.087
604000,0.010,0.825,0.165
604500,0.010,0.852,0.138
605000,0.010,0.854,0.136
605500,0.010,0.756,0.234
606000,0.010,0.843,0.147
606500,0.010,0.894,0.096
607000,0.010,0.852,0.138
607500,0.010,0.821,0.169
608000,0.010,0.919,0.071
608500,0.010,0.965,0.025
609000,0.010,0.884,0.106
609500,0.010,0.934,0.056
610000,0.010,0.975,0.015
610500,0.010,0.887,0.103
611000,0.010,0.955,0.035
611500,0.010,0.901,0.089
612000,0.010,0.947,0.043
612500,0.010,0.989,0.001
613000,0.010,0.928,0.062
613500,0.010,0.950,0.040
614000,0.010,0.872,0.118
614500,0.010,0.904,0.086
615000,0.010,0.787,0.203
615500,0.010,0.865,0.125
616000,0.010,0.978,0.012
616500,0.010,0.894,0.096
617000,0.010,0.947,0.043
617500,0.010,0.856,0.134
618000,0.010,0.948,0.042
618500,0.010,0.838,0.152
619000,0.010,0.970,0.020
619500,0.010,0.941,0.049
620000,0.010,0.934,0.056
620500,0.010,0.839,0.151
621000,0.010,0.972,0.018
621500,0.010,0.935,0.055
622000,0.010,0.954,0.036
622500,0.010,0.966,0.024
623000,0.010,0.856,0.134
623500,0.010,0.945,0.045
624000,0.010,0.846,0.144
624500,0.010,0.915,0.075
625000,0.010,0.940,0.050
625500,0.010,0.917,0.073
626000,0.010,0.915,0.075
626500,0.010,0.843,0.147
627000,0.010,0.968,0.022
627500,0.010,0.822,0.168
628000,0.010,0.864,0.126
628500,0.010,0.950,0.040
629000,0.010,0.988,0.002
629500,0.010,0.954,0.036
630000,0.010,0.928,0.062
630500,0.010,0.908,0.082
631000,0.010,0.843,0.147
631500,0.010,0.966,0.024
632000,0.010,0.989,0.001
632500,0.010,0.902,0.088
633000,0.010,0.872,0.118
633500,0.010,0.930,0.060
634000,0.010,0.959,0.031
634500,0.010,0.910,0.080
635000,0.010,0.956,0.034
635500,0.010,0.960,0.030
636000,0.010,0.943,0.047
636500,0.010,0.967,0.023
637000,0.010,0.931,0.059
637500,0.010,0.989,0.001
638000,0.010,0.975,0.015
638500,0.010,0.987,0.003
639000,0.010,0.937,0.053
639500,0.010,0.889,0.101
640000,0.010,0.872,0.118
640500,0.010,0.967,0.023
641000,0.010,0.900,0.090
641500,0.010,0.950,0.040
642000,0.010,0.873,0.117
642500,0.010,0.882,0.108
643000,0.010,0.973,0.017
643500,0.010,0.917,0.073
644000,0.010,0.892,0.098
644500,0.010,0.917,0.073
645000,0.010,0.913,0.077
645500,0.010,0.897,0.093
646000,0.010,0.953,0.037
646500,0.010,0.966,0.024
647000,0.010,0.944,0.046
647500,0.010,0.890,0.100
648000,0.010,0.939,0.051
648500,0.010,0.965,0.025
649000,0.010,0.918,0.072
649500,0.010,0.856,0.134
650000,0.010,0.787,0.203
650500,0.010,0.929,0.061
651000,0.010,0.960,0.030
651500,0.010,0.889,0.101
652000,0.010,0.946,0.044
652500,0.010,0.918,0.072
653000,0.010,0.939,0.051
653500,0.010,0.990,0.000
654000,0.010,0.799,0.191
654500,0.010,0.848,0.142
655000,0.010,0.970,0.020
655500,0.010,0.986,0.004
656000,0.010,0.965,0.025
656500,0.010,0.990,0.000
657000,0.010,0.972,0.018
657500,0.010,0.944,0.046
658000,0.010,0.922,0.068
658500,0.010,0.944,0.046
659000,0.010,0.948,0.042
659500,0.010,0.900,0.090
660000,0.010,0.935,0.055
660500,0.010,0.895,0.095
661000,0.010,0.929,0.061
661500,0.010,0.855,0.135
662000,0.010,0.970,0.020
662500,0.010,0.890,0.100
663000,0.010,0.915,0.075
663500,0.010,0.884,0.106
664000,0.010,0.830,0.160
664500,0.010,0.898,0.092
665000,0.010,0.950,0.040
665500,0.010,0.972,0.018
666000,0.010,0.889,0.101
666500,0.010,0.980,0.010
667000,0.010,0.979,0.011
667500,0.010,0.987,0.003
668000,0.010,0.973,0.017
668500,0.010,0.876,0.114
669000,0.010,0.945,0.045
669500,0.010,0.975,0.015
670000,0.010,0.947,0.043
670500,0.010,0.947,0.043
671000,0.010,0.887,0.103
671500,0.010,0.937,0.053
672000,0.010,0.958,0.032
672500,0.010,0.956,0.034
673000,0.010,0.968,0.022
673500,0.010,0.990,0.000
674000,0.010,0.965,0.025
674500,0.010,0.944,0.046
675000,0.010,0.924,0.066
675500,0.010,0.914,0.076
676000,0.010,0.936,0.054
676500,0.010,0.924,0.066
677000,0.010,0.916,0.074
677500,0.010,0.956,0.034
678000,0.010,0.978,0.012
678500,0.010,0.842,0.148
679000,0.010,0.979,0.011
679500,0.010,0.941,0.049
680000,0.010,0.747,0.243
680500,0.010,0.902,0.088
681000,0.010,0.948,0.042
681500,0.010,0.876,0.114
682000,0.010,0.984,0.006
682500,0.010,0.965,0.025
683000,0.010,0.895,0.095
683500,0.010,0.976,0.014
684000,0.010,0.879,0.111
684500,0.010,0.809,0.181
685000,0.010,0.895,0.095
685500,0.010,0.939,0.051
686000,0.010,0.951,0.039
686500,0.010,0.906,0.084
687000,0.010,0.968,0.022
687500,0.010,0.910,0.080
688000,0.010,0.938,0.052
688500,0.010,0.873,0.117
689000,0.010,0.849,0.141
689500,0.010,0.984,0.006
690000,0.010,0.914,0.076
690500,0.010,0.923,0.067
691000,0.010,0.820,0.170
691500,0.010,0.923,0.067
692000,0.010,0.881,0.109
692500,0.010,0.918,0.072
693000,0.010,0.855,0.135
693500,0.010,0.958,0.032
694000,0.010,0.948,0.042
694500,0.010,0.931,0.059
695000,0.010,0.896,0.094
695500,0.010,0.962,0.028
696000,0.010,0.869,0.121
696500,0.010,0.966,0.024
697000,0.010,0.858,0.132
697500,0.010,0.948,0.042
698000,0.010,0.989,0.001
698500,0.010,0.937,0.053
699000,0.010,0.962,0.028
699500,0.010,0.970,0.020
700000,0.010,0.983,0.007
700500,0.010,0.961,0.029
701000,0.010,0.990,0.000
701500,0.010,0.989,0.001
702000,0.010,0.955,0.035
702500,0.010,0.895,0.095
703000,0.010,0.982,0.008
703500,0.010,0.953,0.037
704000,0.010,0.975,0.015
704500,0.010,0.983,0.007
705000,0.010,0.951,0.039
705500,0.010,0.970,0.020
706000,0.010,0.964,0.026
706500,0.010,0.874,0.116
707000,0.010,0.967,0.023
707500,0.010,0.979,0.011
708000,0.010,0.963,0.027
708500,0.010,0.943,0.047
709000,0.010,0.833,0.157
709500,0.010,0.977,0.013
710000,0.010,0.877,0.113
710500,0.010,0.922,0.068
711000,0.010,0.921,0.069
711500,0.010,0.944,0.046
712000,0.010,0.889,0.101
712500,0.010,0.955,0.035
713000,0.010,0.830,0.160
713500,0.010,0.908,0.082
714000,0.010,0.837,0.153
714500,0.010,0.978,0.012
715000,0.010,0.990,0.000
715500,0.010,0.933,0.057
716000,0.010,0.924,0.066
716500,0.010,0.990,0.000
717000,0.010,0.964,0.026
717500,0.010,0.952,0.038
718000,0.010,0.916,0.074
718500,0.010,0.967,0.023
719000,0.010,0.866,0.124
719500,0.010,0.922,0.068
720000,0.010,0.886,0.104
720500,0.010,0.930,0.060
721000,0.010,0.899,0.091
721500,0.010,0.957,0.033
722000,0.010,0.859,0.131
722500,0.010,0.906,0.084
723000,0.010,0.962,0.028
723500,0.010,0.968,0.022
724000,0.010,0.893,0.097
724500,0.010,0.909,0.081
725000,0.010,0.975,0.015
725500,0.010,0.945,0.045
726000,0.010,0.903,0.087
726500,0.010,0.822,0.168
727000,0.010,0.930,0.060
727500,0.010,0.988,0.002
728000,0.010,0.977,0.013
728500,0.010,0.968,0.022
729000,0.010,0.977,0.013
729500,0.010,0.983,0.007
730000,0.010,0.811,0.179
730500,0.010,0.893,0.097
731000,0.010,0.952,0.038
731500,0.010,0.960,0.030
732000,0.010,0.921,0.069
732500,0.010,0.884,0.106
733000,0.010,0.731,0.259
733500,0.010,0.990,0.000
734000,0.010,0.931,0.059
734500,0.010,0.969,0.021
735000,0.010,0.929,0.061
735500,0.010,0.976,0.014
736000,0.010,0.973,0.017
736500,0.010,0.884,0.106
737000,0.010,0.859,0.131
737500,0.010,0.915,0.075
738000,0.010,0.920,0.070
738500,0.010,0.895,0.095
739000,0.010,0.962,0.028
739500,0.010,0.962,0.028
740000,0.010,0.897,0.093
740500,0.010,0.981,0.009
741000,0.010,0.947,0.043
741500,0.010,0.932,0.058
742000,0.010,0.990,0.000
742500,0.010,0.892,0.098
743000,0.010,0.802,0.188
743500,0.010,0.922,0.068
744000,0.010,0.972,0.018
744500,0.010,0.952,0.038
745000,0.010,0.718,0.272
745500,0.010,0.800,0.190
746000,0.010,0.911,0.079
746500,0.010,0.787,0.203
747000,0.010,0.964,0.026
747500,0.010,0.968,0.022
748000,0.010,0.990,0.000
748500,0.010,0.918,0.072
749000,0.010,0.950,0.040
749500,0.010,0.933,0.057
750000,0.010,0.887,0.103
750500,0.010,0.932,0.058
751000,0.010,0.923,0.067
751500,0.010,0.990,0.000
752000,0.010,0.962,0.028
752500,0.010,0.928,0.062
753000,0.010,0.923,0.067
753500,0.010,0.952,0.038
754000,0.010,0.980,0.010
754500,0.010,0.930,0.060
755000,0.010,0.953,0.037
755500,0.010,0.946,0.044
756000,0.010,0.944,0.046
756500,0.010,0.917,0.073
757000,0.010,0.933,0.057
757500,0.010,0.876,0.114
758000,0.010,0.961,0.029
758500,0.010,0.968,0.022
759000,0.010,0.878,0.112
759500,0.010,0.811,0.179
760000,0.010,0.961,0.029
760500,0.010,0.858,0.132
761000,0.010,0.983,0.007
761500,0.010,0.958,0.032
762000,0.010,0.893,0.097
762500,0.010,0.930,0.060
763000,0.010,0.956,0.034
763500,0.010,0.903,0.087
764000,0.010,0.984,0.006
764500,0.010,0.973,0.017
765000,0.010,0.980,0.010
765500,0.010,0.924,0.066
766000,0.010,0.918,0.072
766500,0.010,0.984,0.006
767000,0.010,0.962,0.028
767500,0.010,0.932,0.058
768000,0.010,0.852,0.138
768500,0.010,0.968,0.022
769000,0.010,0.923,0.067
769500,0.010,0.963,0.027
770000,0.010,0.837,0.153
770500,0.010,0.867,0.123
771000,0.010,0.971,0.019
771500,0.010,0.972,0.018
772000,0.010,0.990,0.000
772500,0.010,0.863,0.127
773000,0.010,0.896,0.094
773500,0.010,0.903,0.087
774000,0.010,0.932,0.058
774500,0.010,0.769,0.221
775000,0.010,0.922,0.068
775500,0.010,0.931,0.059
776000,0.010,0.975,0.015
776500,0.010,0.915,0.075
777000,0.010,0.972,0.018
777500,0.010,0.931,0.059
778000,0.010,0.874,0.116
778500,0.010,0.889,0.101
779000,0.010,0.970,0.020
779500,0.010,0.975,0.015
780000,0.010,0.965,0.025
780500,0.010,0.890,0.100
781000,0.010,0.943,0.047
781500,0.010,0.977,0.013
782000,0.010,0.938,0.052
782500,0.010,0.942,0.048
783000,0.010,0.973,0.017
783500,0.010,0.933,0.057
784000,0.010,0.961,0.029
784500,0.010,0.895,0.095
785000,0.010,0.927,0.063
785500,0.010,0.988,0.002
786000,0.010,0.890,0.100
786500,0.010,0.925,0.065
787000,0.010,0.946,0.044
787500,0.010,0.883,0.107
788000,0.010,0.919,0.071
788500,0.010,0.969,0.021
789000,0.010,0.851,0.139
789500,0.010,0.935,0.055
790000,0.010,0.838,0.152
790500,0.010,0.963,0.027
791000,0.010,0.911,0.079
791500,0.010,0.948,0.042
792000,0.010,0.977,0.013
792500,0.010,0.949,0.041
793000,0.010,0.969,0.021
793500,0.010,0.953,0.037
794000,0.010,0.864,0.126
794500,0.010,0.860,0.130
795000,0.010,0.938,0.052
795500,0.010,0.980,0.010
796000,0.010,0.971,0.019
796500,0.010,0.943,0.047
797000,0.010,0.895,0.095
797500,0.010,0.982,0.008
798000,0.010,0.944,0.046
798500,0.010,0.967,0.023
799000,0.010,0.986,0.004
799500,0.010,0.977,0.013
800000,0.010,0.864,0.126
800500,0.010,0.866,0.124
801000,0.010,0.802,0.188
801500,0.010,0.784,0.206
802000,0.010,0.927,0.063
802500,0.010,0.970,0.020
803000,0.010,0.869,0.121
803500,0.010,0.981,0.009
804000,0.010,0.801,0.189
804500,0.010,0.829,0.161
805000,0.010,0.954,0.036
805500,0.010,0.938,0.052
806000,0.010,0.988,0.002
806500,0.010,0.896,0.094
807000,0.010,0.875,0.115
807500,0.010,0.980,0.010
808000,0.010,0.808,0.182
808500,0.010,0.946,0.044
809000,0.010,0.981,0.009
809500,0.010,0.989,0.001
810000,0.010,0.881,0.109
810500,0.010,0.918,0.072
811000,0.010,0.896,0.094
811500,0.010,0.869,0.121
812000,0.010,0.774,0.216
812500,0.010,0.908,0.082
813000,0.010,0.972,0.018
813500,0.010,0.932,0.058
814000,0.010,0.917,0.073
814500,0.010,0.952,0.038
815000,0.010,0.969,0.021
815500,0.010,0.973,0.017
816000,0.010,0.923,0.067
816500,0.010,0.976,0.014
817000,0.010,0.988,0.002
817500,0.010,0.894,0.096
818000,0.010,0.966,0.024
818500,0.010,0.988,0.002
819000,0.010,0.888,0.102
819500,0.010,0.814,0.176
820000,0.010,0.972,0.018
820500,0.010,0.845,0.145
821000,0.010,0.890,0.100
821500,0.010,0.969,0.021
822000,0.010,0.904,0.086
822500,0.010,0.844,0.146
823000,0.010,0.983,0.007
823500,0.010,0.976,0.014
824000,0.010,0.988,0.002
824500,0.010,0.964,0.026
825000,0.010,0.880,0.110
825500,0.010,0.927,0.063
826000,0.010,0.830,0.160
826500,0.010,0.951,0.039
827000,0.010,0.948,0.042
827500,0.010,0.953,0.037
828000,0.010,0.915,0.075
828500,0.010,0.936,0.054
829000,0.010,0.882,0.108
829500,0.010,0.829,0.161
830000,0.010,0.888,0.102
830500,0.010,0.961,0.029
831000,0.010,0.855,0.135
831500,0.010,0.870,0.120
832000,0.010,0.958,0.032
832500,0.010,0.963,0.027
833000,0.010,0.990,0.000
833500,0.010,0.980,0.010
834000,0.010,0.935,0.055
834500,0.010,0.908,0.082
835000,0.010,0.948,0.042
835500,0.010,0.767,0.223
836000,0.010,0.746,0.244
836500,0.010,0.978,0.012
837000,0.010,0.971,0.019
837500,0.010,0.933,0.057
838000,0.010,0.910,0.080
838500,0.010,0.885,0.105
839000,0.010,0.874,0.116
839500,0.010,0.911,0.079
840000,0.010,0.843,0.147
840500,0.010,0.780,0.210
841000,0.010,0.941,0.049
841500,0.010,0.871,0.119
842000,0.010,0.915,0.075
842500,0.010,0.973,0.017
843000,0.010,0.973,0.017
843500,0.010,0.946,0.044
844000,0.010,0.909,0.081
844500,0.010,0.795,0.195
845000,0.010,0.927,0.063
845500,0.010,0.890,0.100
846000,0.010,0.860,0.130
846500,0.010,0.924,0.066
847000,0.010,0.950,0.040
847500,0.010,0.969,0.021
848000,0.010,0.990,0.000
848500,0.010,0.910,0.080
849000,0.010,0.943,0.047
849500,0.010,0.970,0.020
850000,0.010,0.919,0.071
850500,0.010,0.854,0.136
851000,0.010,0.883,0.107
851500,0.010,0.973,0.017
852000,0.010,0.905,0.085
852500,0.010,0.933,0.057
853000,0.010,0.921,0.069
853500,0.010,0.767,0.223
854000,0.010,0.779,0.211
854500,0.010,0.898,0.092
855000,0.010,0.912,0.078
855500,0.010,0.874,0.116
856000,0.010,0.899,0.091
856500,0.010,0.919,0.071
857000,0.010,0.963,0.027
857500,0.010,0.846,0.144
858000,0.010,0.832,0.158
858500,0.010,0.947,0.043
859000,0.010,0.989,0.001
859500,0.010,0.956,0.034
860000,0.010,0.978,0.012
860500,0.010,0.901,0.089
861000,0.010,0.978,0.012
861500,0.010,0.927,0.063
862000,0.010,0.925,0.065
862500,0.010,0.924,0.066
863000,0.010,0.962,0.028
863500,0.010,0.954,0.036
864000,0.010,0.955,0.035
864500,0.010,0.978,0.012
865000,0.010,0.930,0.060
865500,0.010,0.796,0.194
866000,0.010,0.809,0.181
866500,0.010,0.890,0.100
867000,0.010,0.958,0.032
867500,0.010,0.927,0.063
868000,0.010,0.907,0.083
868500,0.010,0.859,0.131
869000,0.010,0.891,0.099
869500,0.010,0.951,0.039
870000,0.010,0.974,0.016
870500,0.010,0.978,0.012
871000,0.010,0.937,0.053
871500,0.010,0.816,0.174
872000,0.010,0.884,0.106
872500,0.010,0.943,0.047
873000,0.010,0.982,0.008
873500,0.010,0.977,0.013
874000,0.010,0.961,0.029
874500,0.010,0.964,0.026
875000,0.010,0.821,0.169
875500,0.010,0.890,0.100
876000,0.010,0.855,0.135
876500,0.010,0.896,0.094
877000,0.010,0.835,0.155
877500,0.010,0.908,0.082
878000,0.010,0.774,0.216
878500,0.010,0.965,0.025
879000,0.010,0.954,0.036
879500,0.010,0.916,0.074
880000,0.010,0.921,0.069
880500,0.010,0.983,0.007
881000,0.010,0.892,0.098
881500,0.010,0.903,0.087
882000,0.010,0.899,0.091
882500,0.010,0.961,0.029
883000,0.010,0.943,0.047
883500,0.010,0.917,0.073
884000,0.010,0.884,0.106
884500,0.010,0.910,0.080
885000,0.010,0.930,0.060
885500,0.010,0.834,0.156
886000,0.010,0.980,0.010
886500,0.010,0.906,0.084
887000,0.010,0.813,0.177
887500,0.010,0.836,0.154
888000,0.010,0.929,0.061
888500,0.010,0.839,0.151
889000,0.010,0.950,0.040
889500,0.010,0.936,0.054
890000,0.010,0.938,0.052
890500,0.010,0.819,0.171
891000,0.010,0.843,0.147
891500,0.010,0.979,0.011
892000,0.010,0.971,0.019
892500,0.010,0.980,0.010
893000,0.010,0.917,0.073
893500,0.010,0.924,0.066
894000,0.010,0.824,0.166
894500,0.010,0.951,0.039
895000,0.010,0.939,0.051
895500,0.010,0.847,0.143
896000,0.010,0.940,0.050
896500,0.010,0.894,0.096
897000,0.010,0.964,0.026
897500,0.010,0.988,0.002
898000,0.010,0.989,0.001
898500,0.010,0.779,0.211
899000,0.010,0.974,0.016
899500,0.010,0.909,0.081
900000,0.010,0.872,0.118
900500,0.010,0.949,0.041
901000,0.010,0.951,0.039
901500,0.010,0.949,0.041
902000,0.010,0.939,0.051
902500,0.010,0.974,0.016
903000,0.010,0.981,0.009
903500,0.010,0.900,0.090
904000,0.010,0.978,0.012
904500,0.010,0.840,0.150
905000,0.010,0.866,0.124
905500,0.010,0.922,0.068
906000,0.010,0.960,0.030
906500,0.010,0.771,0.219
907000,0.010,0.872,0.118
907500,0.010,0.795,0.195
908000,0.010,0.970,0.020
908500,0.010,0.900,0.090
909000,0.010,0.844,0.146
909500,0.010,0.815,0.175
910000,0.010,0.957,0.033
910500,0.010,0.844,0.146
911000,0.010,0.952,0.038
911500,0.010,0.918,0.072
912000,0.010,0.906,0.084
912500,0.010,0.806,0.184
913000,0.010,0.812,0.178
913500,0.010,0.906,0.084
914000,0.010,0.989,0.001
914500,0.010,0.936,0.054
915000,0.010,0.855,0.135
915500,0.010,0.929,0.061
916000,0.010,0.914,0.076
916500,0.010,0.958,0.032
917000,0.010,0.937,0.053
917500,0.010,0.990,0.000
918000,0.010,0.889,0.101
918500,0.010,0.980,0.010
919000,0.010,0.940,0.050
919500,0.010,0.836,0.154
920000,0.010,0.868,0.122
920500,0.010,0.804,0.186
921000,0.010,0.847,0.143
921500,0.010,0.983,0.007
922000,0.010,0.946,0.044
922500,0.010,0.911,0.079
923000,0.010,0.968,0.022
923500,0.010,0.940,0.050
924000,0.010,0.898,0.092
924500,0.010,0.981,0.009
925000,0.010,0.986,0.004
925500,0.010,0.953,0.037
926000,0.010,0.796,0.194
926500,0.010,0.885,0.105
927000,0.010,0.734,0.256
927500,0.010,0.920,0.070
928000,0.010,0.896,0.094
928500,0.010,0.983,0.007
929000,0.010,0.988,0.002
929500,0.010,0.990,0.000
930000,0.010,0.869,0.121
930500,0.010,0.942,0.048
931000,0.010,0.824,0.166
931500,0.010,0.938,0.052
932000,0.010,0.921,0.069
932500,0.010,0.961,0.029
933000,0.010,0.923,0.067
933500,0.010,0.841,0.149
934000,0.010,0.821,0.169
934500,0.010,0.950,0.040
935000,0.010,0.936,0.054
935500,0.010,0.878,0.112
936000,0.010,0.967,0.023
936500,0.010,0.893,0.097
937000,0.010,0.929,0.061
937500,0.010,0.976,0.014
938000,0.010,0.988,0.002
938500,0.010,0.965,0.025
939000,0.010,0.937,0.053
939500,0.010,0.973,0.017
940000,0.010,0.875,0.115
940500,0.010,0.943,0.047
941000,0.010,0.925,0.065
941500,0.010,0.848,0.142
942000,0.010,0.962,0.028
942500,0.010,0.906,0.084
943000,0.010,0.987,0.003
943500,0.010,0.952,0.038
944000,0.010,0.896,0.094
944500,0.010,0.982,0.008
945000,0.010,0.949,0.041
945500,0.010,0.977,0.013
946000,0.010,0.978,0.012
946500,0.010,0.979,0.011
947000,0.010,0.970,0.020
947500,0.010,0.988,0.002
948000,0.010,0.988,0.002
948500,0.010,0.936,0.054
949000,0.010,0.946,0.044
949500,0.010,0.878,0.112
950000,0.010,0.761,0.229
950500,0.010,0.958,0.032
951000,0.010,0.789,0.201
951500,0.010,0.963,0.027
952000,0.010,0.947,0.043
952500,0.010,0.858,0.132
953000,0.010,0.872,0.118
953500,0.010,0.829,0.161
954000,0.010,0.772,0.218
954500,0.010,0.939,0.051
955000,0.010,0.987,0.003
955500,0.010,0.929,0.061
956000,0.010,0.970,0.020
956500,0.010,0.779,0.211
957000,0.010,0.862,0.128
957500,0.010,0.899,0.091
958000,0.010,0.964,0.026
958500,0.010,0.986,0.004
959000,0.010,0.873,0.117
959500,0.010,0.926,0.064
960000,0.010,0.915,0.075
960500,0.010,0.990,0.000
961000,0.010,0.927,0.063
961500,0.010,0.971,0.019
962000,0.010,0.976,0.014
962500,0.010,0.883,0.107
963000,0.010,0.842,0.148
963500,0.010,0.883,0.107
964000,0.010,0.980,0.010
964500,0.010,0.982,0.008
965000,0.010,0.848,0.142
965500,0.010,0.826,0.164
966000,0.010,0.958,0.032
966500,0.010,0.977,0.013
967000,0.010,0.982,0.008
967500,0.010,0.990,0.000
968000,0.010,0.984,0.006
968500,0.010,0.963,0.027
969000,0.010,0.920,0.070
969500,0.010,0.906,0.084
970000,0.010,0.945,0.045
970500,0.010,0.961,0.029
971000,0.010,0.955,0.035
971500,0.010,0.946,0.044
972000,0.010,0.980,0.010
972500,0.010,0.880,0.110
973000,0.010,0.826,0.164
973500,0.010,0.946,0.044
974000,0.010,0.854,0.136
974500,0.010,0.850,0.140
975000,0.010,0.923,0.067
975500,0.010,0.896,0.094
976000,0.010,0.863,0.127
976500,0.010,0.958,0.032
977000,0.010,0.966,0.024
977500,0.010,0.959,0.031
978000,0.010,0.946,0.044
978500,0.010,0.966,0.024
979000,0.010,0.977,0.013
979500,0.010,0.918,0.072
980000,0.010,0.986,0.004
980500,0.010,0.950,0.040
981000,0.010,0.901,0.089
981500,0.010,0.907,0.083
982000,0.010,0.879,0.111
982500,0.010,0.969,0.021
983000,0.010,0.973,0.017
983500,0.010,0.959,0.031
984000,0.010,0.807,0.183
984500,0.010,0.923,0.067
985000,0.010,0.823,0.167
985500,0.010,0.916,0.074
986000,0.010,0.959,0.031
986500,0.010,0.940,0.050
987000,0.010,0.893,0.097
987500,0.010,0.968,0.022
988000,0.010,0.972,0.018
988500,0.010,0.959,0.031
989000,0.010,0.848,0.142
989500,0.010,0.703,0.287
990000,0.010,0.806,0.184
990500,0.010,0.942,0.048
991000,0.010,0.866,0.124
991500,0.010,0.972,0.018
992000,0.010,0.974,0.016
992500,0.010,0.876,0.114
993000,0.010,0.778,0.212
993500,0.010,0.850,0.140
994000,0.010,0.919,0.071
994500,0.010,0.916,0.074
995000,0.010,0.974,0.016
995500,0.010,0.987,0.003
996000,0.010,0.969,0.021
996500,0.010,0.969,0.021
997000,0.010,0.812,0.178
997500,0.010,0.849,0.141
998000,0.010,0.861,0.129
998500,0.010,0.917,0.073
999000,0.010,0.724,0.266
999500,0.010,0.961,0.029
1000000,0.010,0.892,0.098
