time,n_A+p,n_B,n_AB
500,0.010,0.969,0.021
1000,0.010,0.914,0.076
1500,0.010,0.901,0.089
2000,0.010,0.888,0.102
2500,0.010,0.830,0.160
3000,0.010,0.751,0.239
3500,0.010,0.741,0.249
4000,0.010,0.671,0.319
4500,0.010,0.680,0.310
5000,0.010,0.643,0.347
5500,0.010,0.663,0.327
6000,0.010,0.596,0.394
6500,0.010,0.672,0.318
7000,0.010,0.741,0.249
7500,0.010,0.665,0.325
8000,0.010,0.716,0.274
8500,0.010,0.671,0.319
9000,0.010,0.654,0.336
9500,0.010,0.647,0.343
10000,0.010,0.738,0.252
10500,0.010,0.681,0.308
11000,0.010,0.740,0.250
11500,0.010,0.766,0.224
12000,0.010,0.798,0.192
12500,0.010,0.655,0.335
13000,0.010,0.759,0.231
13500,0.010,0.799,0.191
14000,0.010,0.814,0.176
14500,0.010,0.870,0.120
15000,0.010,0.848,0.142
15500,0.010,0.779,0.211
16000,0.010,0.699,0.291
16500,0.010,0.673,0.317
17000,0.010,0.645,0.345
17500,0.010,0.615,0.375
18000,0.010,0.625,0.365
18500,0.010,0.739,0.251
19000,0.010,0.764,0.226
19500,0.010,0.800,0.190
20000,0.010,0.786,0.204
20500,0.010,0.746,0.244
21000,0.010,0.806,0.183
21500,0.010,0.818,0.172
22000,0.010,0.784,0.206
22500,0.010,0.793,0.197
23000,0.010,0.761,0.229
23500,0.010,0.720,0.270
24000,0.010,0.702,0.288
24500,0.010,0.816,0.174
25000,0.010,0.805,0.184
25500,0.010,0.747,0.243
26000,0.010,0.708,0.282
26500,0.010,0.639,0.351
27000,0.010,0.689,0.301
27500,0.010,0.672,0.318
28000,0.010,0.673,0.317
28500,0.010,0.785,0.205
29000,0.010,0.799,0.191
29500,0.010,0.756,0.234
30000,0.010,0.662,0.328
30500,0.010,0.580,0.410
31000,0.010,0.659,0.331
31500,0.010,0.624,0.366
32000,0.010,0.696,0.294
32500,0.010,0.767,0.223
33000,0.010,0.693,0.297
33500,0.010,0.690,0.300
34000,0.010,0.690,0.300
34500,0.010,0.779,0.211
35000,0.010,0.725,0.265
35500,0.010,0.630,0.360
36000,0.010,0.686,0.303
36500,0.010,0.611,0.379
37000,0.010,0.564,0.426
37500,0.010,0.670,0.320
38000,0.010,0.677,0.312
38500,0.010,0.611,0.379
39000,0.010,0.628,0.362
39500,0.010,0.572,0.418
40000,0.010,0.647,0.343
40500,0.010,0.524,0.466
41000,0.010,0.597,0.393
41500,0.010,0.630,0.360
42000,0.010,0.629,0.361
42500,0.010,0.745,0.245
43000,0.010,0.765,0.225
43500,0.010,0.836,0.154
44000,0.010,0.857,0.133
44500,0.010,0.869,0.121
45000,0.010,0.920,0.070
45500,0.010,0.951,0.039
46000,0.010,0.882,0.108
46500,0.010,0.890,0.100
47000,0.010,0.793,0.197
47500,0.010,0.706,0.284
48000,0.010,0.672,0.318
48500,0.010,0.630,0.360
49000,0.010,0.599,0.391
49500,0.010,0.690,0.300
50000,0.010,0.706,0.284
50500,0.010,0.627,0.363
51000,0.010,0.579,0.411
51500,0.010,0.610,0.380
52000,0.010,0.760,0.230
52500,0.010,0.712,0.278
53000,0.010,0.725,0.265
53500,0.010,0.710,0.280
54000,0.010,0.717,0.273
54500,0.010,0.752,0.238
55000,0.010,0.741,0.249
55500,0.010,0.787,0.203
56000,0.010,0.729,0.261
56500,0.010,0.655,0.335
57000,0.010,0.790,0.200
57500,0.010,0.580,0.410
58000,0.010,0.607,0.383
58500,0.010,0.666,0.324
59000,0.010,0.656,0.334
59500,0.010,0.779,0.211
60000,0.010,0.787,0.203
60500,0.010,0.701,0.289
61000,0.010,0.760,0.230
61500,0.010,0.690,0.300
62000,0.010,0.667,0.323
62500,0.010,0.648,0.342
63000,0.010,0.722,0.268
63500,0.010,0.743,0.247
64000,0.010,0.648,0.342
64500,0.010,0.656,0.334
65000,0.010,0.671,0.319
65500,0.010,0.724,0.266
66000,0.010,0.711,0.279
66500,0.010,0.677,0.313
67000,0.010,0.679,0.310
67500,0.010,0.648,0.342
68000,0.010,0.725,0.265
68500,0.010,0.712,0.278
69000,0.010,0.685,0.305
69500,0.010,0.765,0.225
70000,0.010,0.675,0.315
70500,0.010,0.621,0.369
71000,0.010,0.720,0.270
71500,0.010,0.700,0.290
72000,0.010,0.742,0.248
72500,0.010,0.716,0.274
73000,0.010,0.636,0.354
73500,0.010,0.730,0.260
74000,0.010,0.662,0.328
74500,0.010,0.709,0.281
75000,0.010,0.730,0.260
75500,0.010,0.847,0.143
76000,0.010,0.873,0.117
76500,0.010,0.899,0.091
77000,0.010,0.864,0.126
77500,0.010,0.775,0.215
78000,0.010,0.777,0.213
78500,0.010,0.714,0.276
79000,0.010,0.635,0.355
79500,0.010,0.696,0.294
80000,0.010,0.640,0.350
80500,0.010,0.673,0.317
81000,0.010,0.625,0.365
81500,0.010,0.648,0.342
82000,0.010,0.626,0.364
82500,0.010,0.676,0.314
83000,0.010,0.750,0.240
83500,0.010,0.707,0.283
84000,0.010,0.671,0.319
84500,0.010,0.680,0.310
85000,0.010,0.741,0.249
85500,0.010,0.760,0.230
86000,0.010,0.743,0.247
86500,0.010,0.665,0.325
87000,0.010,0.675,0.315
87500,0.010,0.674,0.316
88000,0.010,0.705,0.285
88500,0.010,0.726,0.264
89000,0.010,0.727,0.263
89500,0.010,0.796,0.194
90000,0.010,0.806,0.184
90500,0.010,0.756,0.234
91000,0.010,0.720,0.270
91500,0.010,0.721,0.269
92000,0.010,0.654,0.336
92500,0.010,0.698,0.292
93000,0.010,0.696,0.294
93500,0.010,0.714,0.276
94000,0.010,0.636,0.354
94500,0.010,0.632,0.358
95000,0.010,0.681,0.309
95500,0.010,0.726,0.264
96000,0.010,0.716,0.274
96500,0.010,0.772,0.218
97000,0.010,0.733,0.257
97500,0.010,0.646,0.344
98000,0.010,0.667,0.323
98500,0.010,0.614,0.376
99000,0.010,0.638,0.352
99500,0.010,0.633,0.357
100000,0.010,0.711,0.279
100500,0.010,0.709,0.281
101000,0.010,0.707,0.283
101500,0.010,0.740,0.250
102000,0.010,0.701,0.289
102500,0.010,0.715,0.275
103000,0.010,0.725,0.265
103500,0.010,0.721,0.269
104000,0.010,0.668,0.322
104500,0.010,0.576,0.414
105000,0.010,0.625,0.365
105500,0.010,0.659,0.331
106000,0.010,0.671,0.319
106500,0.010,0.650,0.340
107000,0.010,0.731,0.259
107500,0.010,0.728,0.262
108000,0.010,0.727,0.263
108500,0.010,0.736,0.254
109000,0.010,0.730,0.260
109500,0.010,0.671,0.319
110000,0.010,0.717,0.273
110500,0.010,0.553,0.437
111000,0.010,0.645,0.345
111500,0.010,0.680,0.309
112000,0.010,0.634,0.356
112500,0.010,0.633,0.357
113000,0.010,0.593,0.397
113500,0.010,0.647,0.343
114000,0.010,0.620,0.370
114500,0.010,0.648,0.342
115000,0.010,0.699,0.291
115500,0.010,0.720,0.270
116000,0.010,0.761,0.229
116500,0.010,0.639,0.351
117000,0.010,0.731,0.259
117500,0.010,0.733,0.257
118000,0.010,0.735,0.255
118500,0.010,0.722,0.268
119000,0.010,0.680,0.309
119500,0.010,0.687,0.303
120000,0.010,0.790,0.200
120500,0.010,0.815,0.175
121000,0.010,0.840,0.150
121500,0.010,0.841,0.149
122000,0.010,0.793,0.197
122500,0.010,0.788,0.202
123000,0.010,0.734,0.256
123500,0.010,0.685,0.305
124000,0.010,0.618,0.372
124500,0.010,0.720,0.270
125000,0.010,0.653,0.337
125500,0.010,0.725,0.265
126000,0.010,0.759,0.231
126500,0.010,0.745,0.245
127000,0.010,0.752,0.238
127500,0.010,0.833,0.157
128000,0.010,0.847,0.143
128500,0.010,0.810,0.180
129000,0.010,0.728,0.262
129500,0.010,0.704,0.286
130000,0.010,0.676,0.314
130500,0.010,0.663,0.327
131000,0.010,0.678,0.311
131500,0.010,0.593,0.397
132000,0.010,0.749,0.241
132500,0.010,0.789,0.201
133000,0.010,0.700,0.290
133500,0.010,0.704,0.286
134000,0.010,0.674,0.316
134500,0.010,0.697,0.293
135000,0.010,0.653,0.337
135500,0.010,0.783,0.207
136000,0.010,0.758,0.232
136500,0.010,0.768,0.222
137000,0.010,0.705,0.285
137500,0.010,0.700,0.290
138000,0.010,0.642,0.348
138500,0.010,0.618,0.372
139000,0.010,0.627,0.363
139500,0.010,0.660,0.330
140000,0.010,0.654,0.336
140500,0.010,0.734,0.256
141000,0.010,0.632,0.358
141500,0.010,0.697,0.293
142000,0.010,0.767,0.223
142500,0.010,0.798,0.192
143000,0.010,0.766,0.224
143500,0.010,0.799,0.191
144000,0.010,0.828,0.162
144500,0.010,0.735,0.255
145000,0.010,0.689,0.301
145500,0.010,0.746,0.244
146000,0.010,0.695,0.295
146500,0.010,0.668,0.322
147000,0.010,0.717,0.273
147500,0.010,0.623,0.367
148000,0.010,0.661,0.329
148500,0.010,0.619,0.371
149000,0.010,0.663,0.327
149500,0.010,0.728,0.262
150000,0.010,0.689,0.301
150500,0.010,0.661,0.329
151000,0.010,0.750,0.240
151500,0.010,0.698,0.292
152000,0.010,0.718,0.272
152500,0.010,0.656,0.334
153000,0.010,0.657,0.333
153500,0.010,0.636,0.354
154000,0.010,0.712,0.278
154500,0.010,0.684,0.305
155000,0.010,0.703,0.287
155500,0.010,0.694,0.296
156000,0.010,0.732,0.258
156500,0.010,0.666,0.324
157000,0.010,0.664,0.326
157500,0.010,0.659,0.331
158000,0.010,0.643,0.347
158500,0.010,0.630,0.360
159000,0.010,0.657,0.333
159500,0.010,0.758,0.232
160000,0.010,0.763,0.227
160500,0.010,0.774,0.216
161000,0.010,0.807,0.183
161500,0.010,0.788,0.202
162000,0.010,0.777,0.213
162500,0.010,0.748,0.242
163000,0.010,0.751,0.239
163500,0.010,0.720,0.270
164000,0.010,0.738,0.252
164500,0.010,0.703,0.287
165000,0.010,0.676,0.314
165500,0.010,0.670,0.320
166000,0.010,0.721,0.269
166500,0.010,0.749,0.241
167000,0.010,0.813,0.177
167500,0.010,0.751,0.239
168000,0.010,0.755,0.235
168500,0.010,0.734,0.256
169000,0.010,0.755,0.235
169500,0.010,0.722,0.268
170000,0.010,0.694,0.296
170500,0.010,0.730,0.260
171000,0.010,0.682,0.307
171500,0.010,0.657,0.333
172000,0.010,0.680,0.309
172500,0.010,0.638,0.352
173000,0.010,0.669,0.321
173500,0.010,0.575,0.415
174000,0.010,0.655,0.335
174500,0.010,0.726,0.264
175000,0.010,0.733,0.257
175500,0.010,0.771,0.219
176000,0.010,0.645,0.345
176500,0.010,0.681,0.309
177000,0.010,0.794,0.196
177500,0.010,0.768,0.222
178000,0.010,0.781,0.209
178500,0.010,0.783,0.207
179000,0.010,0.741,0.249
179500,0.010,0.712,0.278
180000,0.010,0.685,0.304
180500,0.010,0.650,0.340
181000,0.010,0.618,0.372
181500,0.010,0.681,0.309
182000,0.010,0.659,0.331
182500,0.010,0.596,0.394
183000,0.010,0.662,0.328
183500,0.010,0.637,0.353
184000,0.010,0.704,0.286
184500,0.010,0.706,0.284
185000,0.010,0.736,0.254
185500,0.010,0.774,0.216
186000,0.010,0.707,0.283
186500,0.010,0.604,0.386
187000,0.010,0.644,0.346
187500,0.010,0.674,0.316
188000,0.010,0.656,0.334
188500,0.010,0.708,0.282
189000,0.010,0.696,0.294
189500,0.010,0.606,0.384
190000,0.010,0.596,0.394
190500,0.010,0.579,0.411
191000,0.010,0.697,0.293
191500,0.010,0.679,0.310
192000,0.010,0.679,0.311
192500,0.010,0.657,0.333
193000,0.010,0.660,0.330
193500,0.010,0.666,0.324
194000,0.010,0.629,0.361
194500,0.010,0.671,0.319
195000,0.010,0.743,0.247
195500,0.010,0.750,0.240
196000,0.010,0.715,0.275
196500,0.010,0.667,0.323
197000,0.010,0.680,0.309
197500,0.010,0.736,0.254
198000,0.010,0.676,0.314
198500,0.010,0.667,0.323
199000,0.010,0.693,0.297
199500,0.010,0.708,0.282
200000,0.010,0.623,0.367
200500,0.010,0.641,0.349
201000,0.010,0.677,0.313
201500,0.010,0.738,0.252
202000,0.010,0.767,0.223
202500,0.010,0.772,0.218
203000,0.010,0.675,0.315
203500,0.010,0.667,0.323
204000,0.010,0.717,0.273
204500,0.010,0.681,0.308
205000,0.010,0.732,0.258
205500,0.010,0.727,0.263
206000,0.010,0.698,0.292
206500,0.010,0.668,0.322
207000,0.010,0.716,0.274
207500,0.010,0.734,0.256
208000,0.010,0.780,0.210
208500,0.010,0.823,0.167
209000,0.010,0.784,0.206
209500,0.010,0.774,0.216
210000,0.010,0.772,0.218
210500,0.010,0.708,0.282
211000,0.010,0.600,0.390
211500,0.010,0.546,0.444
212000,0.010,0.582,0.408
212500,0.010,0.596,0.394
213000,0.010,0.624,0.366
213500,0.010,0.610,0.380
214000,0.010,0.609,0.381
214500,0.010,0.710,0.280
215000,0.010,0.731,0.259
215500,0.010,0.728,0.262
216000,0.010,0.713,0.277
216500,0.010,0.713,0.277
217000,0.010,0.707,0.283
217500,0.010,0.696,0.294
218000,0.010,0.682,0.307
218500,0.010,0.726,0.264
219000,0.010,0.728,0.262
219500,0.010,0.670,0.320
220000,0.010,0.679,0.311
220500,0.010,0.670,0.320
221000,0.010,0.627,0.363
221500,0.010,0.648,0.342
222000,0.010,0.650,0.340
222500,0.010,0.618,0.372
223000,0.010,0.568,0.422
223500,0.010,0.611,0.379
224000,0.010,0.630,0.360
224500,0.010,0.611,0.379
225000,0.010,0.699,0.291
225500,0.010,0.658,0.332
226000,0.010,0.652,0.338
226500,0.010,0.659,0.331
227000,0.010,0.677,0.312
227500,0.010,0.745,0.245
228000,0.010,0.759,0.231
228500,0.010,0.744,0.246
229000,0.010,0.790,0.200
229500,0.010,0.745,0.245
230000,0.010,0.681,0.309
230500,0.010,0.768,0.222
231000,0.010,0.746,0.244
231500,0.010,0.796,0.194
232000,0.010,0.753,0.237
232500,0.010,0.747,0.243
233000,0.010,0.768,0.222
233500,0.010,0.710,0.280
234000,0.010,0.664,0.326
234500,0.010,0.690,0.300
235000,0.010,0.607,0.383
235500,0.010,0.764,0.226
236000,0.010,0.758,0.232
236500,0.010,0.754,0.236
237000,0.010,0.700,0.290
237500,0.010,0.727,0.263
238000,0.010,0.705,0.285
238500,0.010,0.733,0.257
239000,0.010,0.759,0.231
239500,0.010,0.653,0.337
240000,0.010,0.691,0.299
240500,0.010,0.754,0.236
241000,0.010,0.734,0.256
241500,0.010,0.697,0.293
242000,0.010,0.716,0.274
242500,0.010,0.703,0.287
243000,0.010,0.703,0.287
243500,0.010,0.657,0.333
244000,0.010,0.636,0.354
244500,0.010,0.750,0.240
245000,0.010,0.827,0.163
245500,0.010,0.817,0.173
246000,0.010,0.767,0.223
246500,0.010,0.769,0.221
247000,0.010,0.792,0.198
247500,0.010,0.737,0.253
248000,0.010,0.699,0.291
248500,0.010,0.773,0.217
249000,0.010,0.843,0.147
249500,0.010,0.845,0.145
250000,0.010,0.796,0.194
250500,0.010,0.838,0.152
251000,0.010,0.855,0.135
251500,0.010,0.810,0.179
252000,0.010,0.733,0.257
252500,0.010,0.721,0.269
253000,0.010,0.685,0.304
253500,0.010,0.705,0.285
254000,0.010,0.733,0.257
254500,0.010,0.792,0.198
255000,0.010,0.793,0.197
255500,0.010,0.699,0.291
256000,0.010,0.648,0.342
256500,0.010,0.714,0.276
257000,0.010,0.663,0.327
257500,0.010,0.814,0.176
258000,0.010,0.754,0.236
258500,0.010,0.733,0.257
259000,0.010,0.732,0.258
259500,0.010,0.713,0.277
260000,0.010,0.643,0.347
260500,0.010,0.733,0.257
261000,0.010,0.705,0.285
261500,0.010,0.675,0.315
262000,0.010,0.614,0.376
262500,0.010,0.669,0.321
263000,0.010,0.718,0.272
263500,0.010,0.780,0.210
264000,0.010,0.769,0.221
264500,0.010,0.636,0.354
265000,0.010,0.667,0.323
265500,0.010,0.728,0.262
266000,0.010,0.764,0.226
266500,0.010,0.720,0.270
267000,0.010,0.793,0.197
267500,0.010,0.772,0.218
268000,0.010,0.824,0.166
268500,0.010,0.716,0.274
269000,0.010,0.722,0.268
269500,0.010,0.805,0.185
270000,0.010,0.684,0.305
270500,0.010,0.746,0.244
271000,0.010,0.697,0.293
271500,0.010,0.588,0.402
272000,0.010,0.633,0.357
272500,0.010,0.722,0.268
273000,0.010,0.697,0.293
273500,0.010,0.686,0.304
274000,0.010,0.676,0.314
274500,0.010,0.759,0.231
275000,0.010,0.784,0.206
275500,0.010,0.787,0.203
276000,0.010,0.753,0.237
276500,0.010,0.728,0.262
277000,0.010,0.745,0.245
277500,0.010,0.758,0.232
278000,0.010,0.680,0.310
278500,0.010,0.592,0.398
279000,0.010,0.620,0.370
279500,0.010,0.586,0.404
280000,0.010,0.633,0.357
280500,0.010,0.547,0.443
281000,0.010,0.645,0.345
281500,0.010,0.770,0.220
282000,0.010,0.712,0.278
282500,0.010,0.777,0.213
283000,0.010,0.721,0.269
283500,0.010,0.693,0.297
284000,0.010,0.723,0.267
284500,0.010,0.681,0.308
285000,0.010,0.713,0.277
285500,0.010,0.764,0.226
286000,0.010,0.771,0.219
286500,0.010,0.759,0.231
287000,0.010,0.659,0.331
287500,0.010,0.720,0.270
288000,0.010,0.722,0.268
288500,0.010,0.705,0.285
289000,0.010,0.750,0.240
289500,0.010,0.758,0.232
290000,0.010,0.731,0.259
290500,0.010,0.673,0.317
291000,0.010,0.583,0.407
291500,0.010,0.628,0.362
292000,0.010,0.695,0.295
292500,0.010,0.692,0.298
293000,0.010,0.759,0.231
293500,0.010,0.645,0.345
294000,0.010,0.707,0.283
294500,0.010,0.659,0.331
295000,0.010,0.721,0.269
295500,0.010,0.688,0.302
296000,0.010,0.722,0.268
296500,0.010,0.756,0.234
297000,0.010,0.646,0.344
297500,0.010,0.744,0.246
298000,0.010,0.731,0.259
298500,0.010,0.714,0.276
299000,0.010,0.710,0.280
299500,0.010,0.735,0.255
300000,0.010,0.780,0.210
300500,0.010,0.763,0.227
301000,0.010,0.804,0.185
301500,0.010,0.732,0.258
302000,0.010,0.803,0.186
302500,0.010,0.837,0.153
303000,0.010,0.735,0.255
303500,0.010,0.748,0.242
304000,0.010,0.747,0.243
304500,0.010,0.725,0.265
305000,0.010,0.728,0.262
305500,0.010,0.701,0.289
306000,0.010,0.763,0.227
306500,0.010,0.782,0.208
307000,0.010,0.788,0.202
307500,0.010,0.745,0.245
308000,0.010,0.733,0.257
308500,0.010,0.764,0.226
309000,0.010,0.810,0.179
309500,0.010,0.782,0.208
310000,0.010,0.693,0.297
310500,0.010,0.582,0.408
311000,0.010,0.655,0.335
311500,0.010,0.651,0.339
312000,0.010,0.729,0.261
312500,0.010,0.656,0.334
313000,0.010,0.715,0.275
313500,0.010,0.631,0.359
314000,0.010,0.725,0.265
314500,0.010,0.709,0.281
315000,0.010,0.706,0.284
315500,0.010,0.630,0.360
316000,0.010,0.632,0.358
316500,0.010,0.574,0.416
317000,0.010,0.636,0.354
317500,0.010,0.648,0.342
318000,0.010,0.655,0.335
318500,0.010,0.646,0.344
319000,0.010,0.705,0.285
319500,0.010,0.703,0.287
320000,0.010,0.689,0.301
320500,0.010,0.641,0.349
321000,0.010,0.667,0.323
321500,0.010,0.730,0.260
322000,0.010,0.650,0.340
322500,0.010,0.590,0.400
323000,0.010,0.619,0.371
323500,0.010,0.694,0.296
324000,0.010,0.828,0.162
324500,0.010,0.816,0.174
325000,0.010,0.744,0.246
325500,0.010,0.719,0.271
326000,0.010,0.770,0.220
326500,0.010,0.770,0.220
327000,0.010,0.751,0.239
327500,0.010,0.732,0.258
328000,0.010,0.672,0.318
328500,0.010,0.606,0.384
329000,0.010,0.711,0.279
329500,0.010,0.731,0.259
330000,0.010,0.724,0.266
330500,0.010,0.762,0.228
331000,0.010,0.683,0.307
331500,0.010,0.813,0.177
332000,0.010,0.764,0.226
332500,0.010,0.801,0.189
333000,0.010,0.796,0.194
333500,0.010,0.808,0.182
334000,0.010,0.814,0.176
334500,0.010,0.748,0.242
335000,0.010,0.649,0.341
335500,0.010,0.668,0.322
336000,0.010,0.648,0.342
336500,0.010,0.643,0.347
337000,0.010,0.741,0.249
337500,0.010,0.771,0.219
338000,0.010,0.625,0.365
338500,0.010,0.689,0.301
339000,0.010,0.757,0.233
339500,0.010,0.747,0.243
340000,0.010,0.715,0.275
340500,0.010,0.736,0.254
341000,0.010,0.708,0.282
341500,0.010,0.689,0.301
342000,0.010,0.788,0.202
342500,0.010,0.727,0.263
343000,0.010,0.700,0.290
343500,0.010,0.668,0.322
344000,0.010,0.688,0.302
344500,0.010,0.671,0.319
345000,0.010,0.682,0.307
345500,0.010,0.670,0.320
346000,0.010,0.679,0.311
346500,0.010,0.744,0.246
347000,0.010,0.666,0.324
347500,0.010,0.701,0.289
348000,0.010,0.615,0.375
348500,0.010,0.592,0.398
349000,0.010,0.716,0.274
349500,0.010,0.603,0.387
350000,0.010,0.693,0.297
350500,0.010,0.716,0.274
351000,0.010,0.664,0.326
351500,0.010,0.683,0.307
352000,0.010,0.712,0.278
352500,0.010,0.746,0.244
353000,0.010,0.796,0.194
353500,0.010,0.774,0.216
354000,0.010,0.733,0.257
354500,0.010,0.633,0.357
355000,0.010,0.655,0.335
355500,0.010,0.676,0.314
356000,0.010,0.787,0.203
356500,0.010,0.781,0.209
357000,0.010,0.776,0.214
357500,0.010,0.745,0.245
358000,0.010,0.654,0.336
358500,0.010,0.704,0.286
359000,0.010,0.744,0.246
359500,0.010,0.734,0.256
360000,0.010,0.681,0.308
360500,0.010,0.733,0.257
361000,0.010,0.775,0.215
361500,0.010,0.704,0.286
362000,0.010,0.646,0.344
362500,0.010,0.622,0.368
363000,0.010,0.671,0.319
363500,0.010,0.691,0.299
364000,0.010,0.714,0.276
364500,0.010,0.703,0.287
365000,0.010,0.751,0.239
365500,0.010,0.762,0.228
366000,0.010,0.705,0.285
366500,0.010,0.623,0.367
367000,0.010,0.637,0.353
367500,0.010,0.667,0.323
368000,0.010,0.730,0.260
368500,0.010,0.789,0.201
369000,0.010,0.832,0.158
369500,0.010,0.792,0.198
370000,0.010,0.714,0.276
370500,0.010,0.704,0.286
371000,0.010,0.793,0.197
371500,0.010,0.862,0.128
372000,0.010,0.808,0.182
372500,0.010,0.829,0.161
373000,0.010,0.768,0.222
373500,0.010,0.712,0.278
374000,0.010,0.722,0.268
374500,0.010,0.731,0.259
375000,0.010,0.760,0.230
375500,0.010,0.787,0.203
376000,0.010,0.689,0.301
376500,0.010,0.720,0.270
377000,0.010,0.694,0.296
377500,0.010,0.724,0.266
378000,0.010,0.690,0.300
378500,0.010,0.735,0.255
379000,0.010,0.755,0.235
379500,0.010,0.704,0.286
380000,0.010,0.731,0.259
380500,0.010,0.795,0.195
381000,0.010,0.822,0.168
381500,0.010,0.806,0.183
382000,0.010,0.759,0.231
382500,0.010,0.678,0.311
383000,0.010,0.726,0.264
383500,0.010,0.708,0.282
384000,0.010,0.651,0.339
384500,0.010,0.623,0.367
385000,0.010,0.661,0.329
385500,0.010,0.688,0.302
386000,0.010,0.693,0.297
386500,0.010,0.670,0.320
387000,0.010,0.711,0.279
387500,0.010,0.696,0.294
388000,0.010,0.688,0.302
388500,0.010,0.639,0.351
389000,0.010,0.617,0.373
389500,0.010,0.589,0.401
390000,0.010,0.621,0.369
390500,0.010,0.706,0.284
391000,0.010,0.724,0.266
391500,0.010,0.735,0.255
392000,0.010,0.746,0.244
392500,0.010,0.693,0.297
393000,0.010,0.739,0.251
393500,0.010,0.768,0.222
394000,0.010,0.790,0.200
394500,0.010,0.678,0.311
395000,0.010,0.637,0.353
395500,0.010,0.676,0.314
396000,0.010,0.711,0.279
396500,0.010,0.715,0.275
397000,0.010,0.690,0.300
397500,0.010,0.683,0.306
398000,0.010,0.724,0.266
398500,0.010,0.734,0.256
399000,0.010,0.686,0.304
399500,0.010,0.629,0.361
400000,0.010,0.607,0.383
400500,0.010,0.592,0.398
401000,0.010,0.668,0.322
401500,0.010,0.751,0.239
402000,0.010,0.716,0.274
402500,0.010,0.778,0.212
403000,0.010,0.725,0.265
403500,0.010,0.663,0.327
404000,0.010,0.666,0.324
404500,0.010,0.674,0.316
405000,0.010,0.720,0.270
405500,0.010,0.716,0.274
406000,0.010,0.717,0.273
406500,0.010,0.708,0.282
407000,0.010,0.646,0.344
407500,0.010,0.669,0.321
408000,0.010,0.597,0.393
408500,0.010,0.545,0.445
409000,0.010,0.625,0.365
409500,0.010,0.690,0.300
410000,0.010,0.633,0.357
410500,0.010,0.615,0.375
411000,0.010,0.616,0.374
411500,0.010,0.681,0.309
412000,0.010,0.666,0.324
412500,0.010,0.607,0.383
413000,0.010,0.706,0.284
413500,0.010,0.700,0.290
414000,0.010,0.716,0.274
414500,0.010,0.798,0.192
415000,0.010,0.810,0.180
415500,0.010,0.846,0.144
416000,0.010,0.785,0.205
416500,0.010,0.756,0.234
417000,0.010,0.743,0.247
417500,0.010,0.744,0.246
418000,0.010,0.749,0.241
418500,0.010,0.705,0.285
419000,0.010,0.731,0.259
419500,0.010,0.800,0.190
420000,0.010,0.756,0.234
420500,0.010,0.750,0.240
421000,0.010,0.854,0.136
421500,0.010,0.866,0.124
422000,0.010,0.776,0.214
422500,0.010,0.735,0.255
423000,0.010,0.706,0.284
423500,0.010,0.660,0.330
424000,0.010,0.598,0.392
424500,0.010,0.618,0.372
425000,0.010,0.674,0.316
425500,0.010,0.702,0.288
426000,0.010,0.716,0.274
426500,0.010,0.680,0.309
427000,0.010,0.666,0.324
427500,0.010,0.679,0.311
428000,0.010,0.733,0.257
428500,0.010,0.727,0.263
429000,0.010,0.675,0.315
429500,0.010,0.651,0.339
430000,0.010,0.661,0.329
430500,0.010,0.644,0.346
431000,0.010,0.658,0.332
431500,0.010,0.692,0.298
432000,0.010,0.702,0.288
432500,0.010,0.732,0.258
433000,0.010,0.634,0.356
433500,0.010,0.670,0.320
434000,0.010,0.716,0.274
434500,0.010,0.680,0.310
435000,0.010,0.701,0.289
435500,0.010,0.670,0.320
436000,0.010,0.670,0.320
436500,0.010,0.702,0.288
437000,0.010,0.666,0.324
437500,0.010,0.658,0.332
438000,0.010,0.642,0.348
438500,0.010,0.679,0.310
439000,0.010,0.708,0.282
439500,0.010,0.671,0.319
440000,0.010,0.720,0.270
440500,0.010,0.716,0.274
441000,0.010,0.685,0.305
441500,0.010,0.664,0.326
442000,0.010,0.762,0.228
442500,0.010,0.776,0.214
443000,0.010,0.735,0.255
443500,0.010,0.676,0.314
444000,0.010,0.651,0.339
444500,0.010,0.577,0.413
445000,0.010,0.625,0.365
445500,0.010,0.631,0.359
446000,0.010,0.682,0.307
446500,0.010,0.699,0.291
447000,0.010,0.682,0.307
447500,0.010,0.720,0.270
448000,0.010,0.650,0.340
448500,0.010,0.592,0.398
449000,0.010,0.669,0.321
449500,0.010,0.630,0.360
450000,0.010,0.673,0.317
450500,0.010,0.672,0.318
451000,0.010,0.641,0.349
451500,0.010,0.683,0.306
452000,0.010,0.679,0.311
452500,0.010,0.693,0.297
453000,0.010,0.740,0.250
453500,0.010,0.713,0.277
454000,0.010,0.694,0.296
454500,0.010,0.694,0.296
455000,0.010,0.690,0.300
455500,0.010,0.706,0.284
456000,0.010,0.683,0.307
456500,0.010,0.671,0.319
457000,0.010,0.703,0.287
457500,0.010,0.680,0.310
458000,0.010,0.670,0.320
458500,0.010,0.672,0.318
459000,0.010,0.645,0.345
459500,0.010,0.660,0.330
460000,0.010,0.666,0.324
460500,0.010,0.699,0.291
461000,0.010,0.631,0.359
461500,0.010,0.737,0.253
462000,0.010,0.672,0.318
462500,0.010,0.728,0.262
463000,0.010,0.768,0.222
463500,0.010,0.713,0.277
464000,0.010,0.662,0.328
464500,0.010,0.682,0.307
465000,0.010,0.675,0.315
465500,0.010,0.718,0.272
466000,0.010,0.800,0.190
466500,0.010,0.775,0.215
467000,0.010,0.774,0.216
467500,0.010,0.701,0.289
468000,0.010,0.748,0.242
468500,0.010,0.708,0.282
469000,0.010,0.671,0.319
469500,0.010,0.740,0.250
470000,0.010,0.618,0.372
470500,0.010,0.691,0.299
471000,0.010,0.627,0.363
471500,0.010,0.656,0.334
472000,0.010,0.719,0.271
472500,0.010,0.639,0.351
473000,0.010,0.693,0.297
473500,0.010,0.660,0.330
474000,0.010,0.615,0.375
474500,0.010,0.632,0.358
475000,0.010,0.646,0.344
475500,0.010,0.707,0.283
476000,0.010,0.658,0.332
476500,0.010,0.689,0.301
477000,0.010,0.718,0.272
477500,0.010,0.724,0.266
478000,0.010,0.743,0.247
478500,0.010,0.806,0.184
479000,0.010,0.736,0.254
479500,0.010,0.646,0.344
480000,0.010,0.706,0.284
480500,0.010,0.722,0.268
481000,0.010,0.701,0.289
481500,0.010,0.627,0.363
482000,0.010,0.695,0.295
482500,0.010,0.709,0.281
483000,0.010,0.758,0.232
483500,0.010,0.680,0.309
484000,0.010,0.743,0.247
484500,0.010,0.655,0.335
485000,0.010,0.648,0.342
485500,0.010,0.582,0.408
486000,0.010,0.642,0.348
486500,0.010,0.639,0.351
487000,0.010,0.661,0.329
487500,0.010,0.652,0.338
488000,0.010,0.630,0.360
488500,0.010,0.656,0.334
489000,0.010,0.705,0.285
489500,0.010,0.644,0.346
490000,0.010,0.748,0.242
490500,0.010,0.737,0.253
491000,0.010,0.728,0.262
491500,0.010,0.665,0.325
492000,0.010,0.649,0.341
492500,0.010,0.682,0.308
493000,0.010,0.719,0.271
493500,0.010,0.749,0.241
494000,0.010,0.661,0.329
494500,0.010,0.675,0.315
495000,0.010,0.691,0.299
495500,0.010,0.776,0.214
496000,0.010,0.807,0.182
496500,0.010,0.810,0.180
497000,0.010,0.783,0.207
497500,0.010,0.750,0.240
498000,0.010,0.737,0.253
498500,0.010,0.684,0.306
499000,0.010,0.705,0.285
499500,0.010,0.703,0.287
500000,0.010,0.627,0.363
500500,0.010,0.558,0.432
501000,0.010,0.655,0.335
501500,0.010,0.655,0.335
502000,0.010,0.616,0.374
502500,0.010,0.674,0.316
503000,0.010,0.802,0.188
503500,0.010,0.770,0.220
504000,0.010,0.640,0.350
504500,0.010,0.631,0.359
505000,0.010,0.709,0.281
505500,0.010,0.761,0.229
506000,0.010,0.638,0.352
506500,0.010,0.678,0.312
507000,0.010,0.725,0.265
507500,0.010,0.716,0.274
508000,0.010,0.729,0.261
508500,0.010,0.778,0.212
509000,0.010,0.750,0.240
509500,0.010,0.818,0.172
510000,0.010,0.769,0.221
510500,0.010,0.712,0.278
511000,0.010,0.772,0.218
511500,0.010,0.708,0.282
512000,0.010,0.800,0.190
512500,0.010,0.784,0.206
513000,0.010,0.761,0.229
513500,0.010,0.726,0.264
514000,0.010,0.762,0.228
514500,0.010,0.707,0.283
515000,0.010,0.697,0.293
515500,0.010,0.594,0.396
516000,0.010,0.611,0.379
516500,0.010,0.735,0.255
517000,0.010,0.707,0.283
517500,0.010,0.654,0.336
518000,0.010,0.748,0.242
518500,0.010,0.695,0.295
519000,0.010,0.736,0.254
519500,0.010,0.663,0.327
520000,0.010,0.719,0.271
520500,0.010,0.746,0.244
521000,0.010,0.668,0.322
521500,0.010,0.742,0.248
522000,0.010,0.678,0.311
522500,0.010,0.739,0.251
523000,0.010,0.756,0.234
523500,0.010,0.736,0.254
524000,0.010,0.714,0.276
524500,0.010,0.645,0.345
525000,0.010,0.628,0.362
525500,0.010,0.704,0.286
526000,0.010,0.679,0.311
526500,0.010,0.708,0.282
527000,0.010,0.642,0.348
527500,0.010,0.706,0.284
528000,0.010,0.621,0.369
528500,0.010,0.643,0.347
529000,0.010,0.621,0.369
529500,0.010,0.686,0.303
530000,0.010,0.629,0.361
530500,0.010,0.714,0.276
531000,0.010,0.686,0.304
531500,0.010,0.677,0.312
532000,0.010,0.670,0.320
532500,0.010,0.682,0.308
533000,0.010,0.638,0.352
533500,0.010,0.739,0.251
534000,0.010,0.781,0.209
534500,0.010,0.853,0.137
535000,0.010,0.823,0.167
535500,0.010,0.869,0.121
536000,0.010,0.893,0.097
536500,0.010,0.834,0.156
537000,0.010,0.816,0.174
537500,0.010,0.768,0.222
538000,0.010,0.601,0.389
538500,0.010,0.681,0.309
539000,0.010,0.607,0.383
539500,0.010,0.562,0.427
540000,0.010,0.634,0.356
540500,0.010,0.664,0.326
541000,0.010,0.659,0.331
541500,0.010,0.769,0.221
542000,0.010,0.775,0.215
542500,0.010,0.839,0.151
543000,0.010,0.842,0.148
543500,0.010,0.805,0.185
544000,0.010,0.826,0.164
544500,0.010,0.731,0.259
545000,0.010,0.749,0.241
545500,0.010,0.716,0.274
546000,0.010,0.733,0.257
546500,0.010,0.763,0.227
547000,0.010,0.768,0.222
547500,0.010,0.636,0.354
548000,0.010,0.612,0.378
548500,0.010,0.676,0.314
549000,0.010,0.665,0.325
549500,0.010,0.619,0.371
550000,0.010,0.698,0.292
550500,0.010,0.701,0.289
551000,0.010,0.717,0.273
551500,0.010,0.747,0.243
552000,0.010,0.760,0.230
552500,0.010,0.692,0.298
553000,0.010,0.685,0.304
553500,0.010,0.668,0.322
554000,0.010,0.718,0.272
554500,0.010,0.750,0.240
555000,0.010,0.744,0.246
555500,0.010,0.771,0.219
556000,0.010,0.763,0.227
556500,0.010,0.734,0.256
557000,0.010,0.662,0.328
557500,0.010,0.649,0.341
558000,0.010,0.676,0.314
558500,0.010,0.743,0.247
559000,0.010,0.723,0.267
559500,0.010,0.625,0.365
560000,0.010,0.674,0.316
560500,0.010,0.679,0.310
561000,0.010,0.739,0.251
561500,0.010,0.794,0.196
562000,0.010,0.750,0.240
562500,0.010,0.734,0.256
563000,0.010,0.666,0.324
563500,0.010,0.680,0.309
564000,0.010,0.630,0.360
564500,0.010,0.542,0.448
565000,0.010,0.607,0.383
565500,0.010,0.750,0.240
566000,0.010,0.727,0.263
566500,0.010,0.755,0.235
567000,0.010,0.740,0.250
567500,0.010,0.728,0.262
568000,0.010,0.701,0.289
568500,0.010,0.620,0.370
569000,0.010,0.572,0.418
569500,0.010,0.597,0.393
570000,0.010,0.580,0.410
570500,0.010,0.677,0.312
571000,0.010,0.750,0.240
571500,0.010,0.749,0.241
572000,0.010,0.777,0.213
572500,0.010,0.783,0.207
573000,0.010,0.775,0.215
573500,0.010,0.694,0.296
574000,0.010,0.677,0.312
574500,0.010,0.659,0.331
575000,0.010,0.652,0.338
575500,0.010,0.680,0.310
576000,0.010,0.684,0.305
576500,0.010,0.630,0.360
577000,0.010,0.729,0.261
577500,0.010,0.725,0.265
578000,0.010,0.664,0.326
578500,0.010,0.650,0.340
579000,0.010,0.744,0.246
579500,0.010,0.688,0.302
580000,0.010,0.760,0.230
580500,0.010,0.663,0.327
581000,0.010,0.715,0.275
581500,0.010,0.770,0.220
582000,0.010,0.747,0.243
582500,0.010,0.731,0.259
583000,0.010,0.804,0.186
583500,0.010,0.796,0.194
584000,0.010,0.813,0.177
584500,0.010,0.728,0.262
585000,0.010,0.783,0.207
585500,0.010,0.744,0.246
586000,0.010,0.696,0.294
586500,0.010,0.758,0.232
587000,0.010,0.831,0.159
587500,0.010,0.761,0.229
588000,0.010,0.707,0.283
588500,0.010,0.689,0.301
589000,0.010,0.784,0.206
589500,0.010,0.671,0.319
590000,0.010,0.750,0.240
590500,0.010,0.806,0.183
591000,0.010,0.691,0.299
591500,0.010,0.703,0.287
592000,0.010,0.719,0.271
592500,0.010,0.731,0.259
593000,0.010,0.690,0.300
593500,0.010,0.581,0.409
594000,0.010,0.570,0.420
594500,0.010,0.651,0.339
595000,0.010,0.647,0.343
595500,0.010,0.674,0.316
596000,0.010,0.773,0.217
596500,0.010,0.850,0.140
597000,0.010,0.778,0.212
597500,0.010,0.758,0.232
598000,0.010,0.705,0.285
598500,0.010,0.675,0.315
599000,0.010,0.706,0.284
599500,0.010,0.722,0.268
600000,0.010,0.625,0.365
600500,0.010,0.613,0.377
601000,0.010,0.703,0.287
601500,0.010,0.667,0.323
602000,0.010,0.633,0.357
602500,0.010,0.647,0.343
603000,0.010,0.701,0.289
603500,0.010,0.736,0.254
604000,0.010,0.697,0.293
604500,0.010,0.720,0.270
605000,0.010,0.719,0.271
605500,0.010,0.769,0.221
606000,0.010,0.719,0.271
606500,0.010,0.611,0.379
607000,0.010,0.640,0.350
607500,0.010,0.678,0.311
608000,0.010,0.697,0.293
608500,0.010,0.634,0.356
609000,0.010,0.645,0.345
609500,0.010,0.636,0.354
610000,0.010,0.635,0.355
610500,0.010,0.615,0.375
611000,0.010,0.641,0.349
611500,0.010,0.638,0.352
612000,0.010,0.661,0.329
612500,0.010,0.712,0.278
613000,0.010,0.708,0.282
613500,0.010,0.703,0.287
614000,0.010,0.719,0.271
614500,0.010,0.681,0.309
615000,0.010,0.610,0.380
615500,0.010,0.573,0.417
616000,0.010,0.594,0.396
616500,0.010,0.648,0.342
617000,0.010,0.730,0.260
617500,0.010,0.697,0.293
618000,0.010,0.668,0.322
618500,0.010,0.697,0.293
619000,0.010,0.633,0.357
619500,0.010,0.627,0.363
620000,0.010,0.641,0.349
620500,0.010,0.653,0.337
621000,0.010,0.613,0.377
621500,0.010,0.637,0.353
622000,0.010,0.691,0.299
622500,0.010,0.671,0.319
623000,0.010,0.631,0.359
623500,0.010,0.603,0.387
624000,0.010,0.700,0.290
624500,0.010,0.649,0.341
625000,0.010,0.714,0.276
625500,0.010,0.792,0.198
626000,0.010,0.808,0.182
626500,0.010,0.820,0.170
627000,0.010,0.740,0.250
627500,0.010,0.765,0.225
628000,0.010,0.678,0.312
628500,0.010,0.731,0.259
629000,0.010,0.750,0.240
629500,0.010,0.731,0.259
630000,0.010,0.701,0.289
630500,0.010,0.628,0.362
631000,0.010,0.738,0.252
631500,0.010,0.689,0.301
632000,0.010,0.721,0.269
632500,0.010,0.732,0.258
633000,0.010,0.621,0.369
633500,0.010,0.747,0.243
634000,0.010,0.731,0.259
634500,0.010,0.709,0.281
635000,0.010,0.772,0.218
635500,0.010,0.762,0.228
636000,0.010,0.733,0.257
636500,0.010,0.812,0.177
637000,0.010,0.766,0.224
637500,0.010,0.760,0.230
638000,0.010,0.717,0.273
638500,0.010,0.667,0.323
639000,0.010,0.719,0.271
639500,0.010,0.733,0.257
640000,0.010,0.759,0.231
640500,0.010,0.741,0.249
641000,0.010,0.683,0.306
641500,0.010,0.751,0.239
642000,0.010,0.685,0.304
642500,0.010,0.735,0.255
643000,0.010,0.717,0.273
643500,0.010,0.738,0.252
644000,0.010,0.688,0.302
644500,0.010,0.717,0.273
645000,0.010,0.727,0.263
645500,0.010,0.753,0.237
646000,0.010,0.720,0.270
646500,0.010,0.697,0.293
647000,0.010,0.729,0.261
647500,0.010,0.742,0.248
648000,0.010,0.700,0.290
648500,0.010,0.726,0.264
649000,0.010,0.774,0.216
649500,0.010,0.728,0.262
650000,0.010,0.763,0.227
650500,0.010,0.814,0.176
651000,0.010,0.749,0.241
651500,0.010,0.800,0.190
652000,0.010,0.648,0.342
652500,0.010,0.596,0.394
653000,0.010,0.594,0.396
653500,0.010,0.700,0.290
654000,0.010,0.699,0.291
654500,0.010,0.693,0.297
655000,0.010,0.744,0.246
655500,0.010,0.729,0.261
656000,0.010,0.772,0.218
656500,0.010,0.783,0.207
657000,0.010,0.796,0.194
657500,0.010,0.701,0.289
658000,0.010,0.624,0.366
658500,0.010,0.655,0.335
659000,0.010,0.628,0.362
659500,0.010,0.678,0.312
660000,0.010,0.671,0.319
660500,0.010,0.694,0.296
661000,0.010,0.717,0.273
661500,0.010,0.623,0.367
662000,0.010,0.666,0.324
662500,0.010,0.734,0.256
663000,0.010,0.722,0.268
663500,0.010,0.807,0.182
664000,0.010,0.765,0.225
664500,0.010,0.715,0.275
665000,0.010,0.740,0.250
665500,0.010,0.642,0.348
666000,0.010,0.700,0.290
666500,0.010,0.644,0.346
667000,0.010,0.655,0.335
667500,0.010,0.751,0.239
668000,0.010,0.716,0.274
668500,0.010,0.746,0.244
669000,0.010,0.752,0.238
669500,0.010,0.727,0.263
670000,0.010,0.759,0.231
670500,0.010,0.728,0.262
671000,0.010,0.740,0.250
671500,0.010,0.828,0.162
672000,0.010,0.678,0.311
672500,0.010,0.691,0.299
673000,0.010,0.707,0.283
673500,0.010,0.746,0.244
674000,0.010,0.740,0.250
674500,0.010,0.692,0.298
675000,0.010,0.743,0.247
675500,0.010,0.689,0.301
676000,0.010,0.672,0.318
676500,0.010,0.690,0.300
677000,0.010,0.673,0.317
677500,0.010,0.586,0.404
678000,0.010,0.670,0.320
678500,0.010,0.726,0.264
679000,0.010,0.719,0.271
679500,0.010,0.684,0.305
680000,0.010,0.643,0.347
680500,0.010,0.651,0.339
681000,0.010,0.689,0.301
681500,0.010,0.695,0.295
682000,0.010,0.674,0.316
682500,0.010,0.604,0.386
683000,0.010,0.675,0.315
683500,0.010,0.653,0.337
684000,0.010,0.631,0.359
684500,0.010,0.673,0.317
685000,0.010,0.656,0.334
685500,0.010,0.643,0.347
686000,0.010,0.651,0.339
686500,0.010,0.580,0.410
687000,0.010,0.689,0.301
687500,0.010,0.651,0.339
688000,0.010,0.580,0.410
688500,0.010,0.628,0.362
689000,0.010,0.703,0.287
689500,0.010,0.780,0.210
690000,0.010,0.713,0.277
690500,0.010,0.705,0.285
691000,0.010,0.708,0.282
691500,0.010,0.718,0.272
692000,0.010,0.821,0.169
692500,0.010,0.787,0.203
693000,0.010,0.739,0.251
693500,0.010,0.693,0.297
694000,0.010,0.693,0.297
694500,0.010,0.752,0.238
695000,0.010,0.774,0.216
695500,0.010,0.722,0.268
696000,0.010,0.793,0.197
696500,0.010,0.765,0.225
697000,0.010,0.730,0.260
697500,0.010,0.671,0.319
698000,0.010,0.602,0.388
698500,0.010,0.637,0.353
699000,0.010,0.660,0.330
699500,0.010,0.715,0.275
700000,0.010,0.746,0.244
700500,0.010,0.712,0.278
701000,0.010,0.810,0.179
701500,0.010,0.801,0.189
702000,0.010,0.812,0.177
702500,0.010,0.806,0.183
703000,0.010,0.782,0.208
703500,0.010,0.837,0.153
704000,0.010,0.774,0.216
704500,0.010,0.776,0.214
705000,0.010,0.729,0.261
705500,0.010,0.678,0.312
706000,0.010,0.684,0.306
706500,0.010,0.675,0.315
707000,0.010,0.675,0.315
707500,0.010,0.685,0.305
708000,0.010,0.679,0.311
708500,0.010,0.635,0.355
709000,0.010,0.629,0.361
709500,0.010,0.552,0.438
710000,0.010,0.602,0.388
710500,0.010,0.576,0.414
711000,0.010,0.668,0.322
711500,0.010,0.697,0.293
712000,0.010,0.649,0.341
712500,0.010,0.707,0.283
713000,0.010,0.725,0.265
713500,0.010,0.756,0.234
714000,0.010,0.763,0.227
714500,0.010,0.789,0.201
715000,0.010,0.822,0.168
715500,0.010,0.794,0.196
716000,0.010,0.697,0.293
716500,0.010,0.743,0.247
717000,0.010,0.742,0.248
717500,0.010,0.692,0.298
718000,0.010,0.823,0.167
718500,0.010,0.789,0.201
719000,0.010,0.755,0.235
719500,0.010,0.700,0.290
720000,0.010,0.759,0.231
720500,0.010,0.767,0.223
721000,0.010,0.778,0.212
721500,0.010,0.761,0.229
722000,0.010,0.719,0.271
722500,0.010,0.632,0.358
723000,0.010,0.604,0.386
723500,0.010,0.608,0.382
724000,0.010,0.670,0.320
724500,0.010,0.771,0.219
725000,0.010,0.859,0.131
725500,0.010,0.802,0.188
726000,0.010,0.736,0.254
726500,0.010,0.680,0.310
727000,0.010,0.587,0.403
727500,0.010,0.618,0.372
728000,0.010,0.728,0.262
728500,0.010,0.767,0.223
729000,0.010,0.712,0.278
729500,0.010,0.684,0.306
730000,0.010,0.734,0.256
730500,0.010,0.655,0.335
731000,0.010,0.653,0.337
731500,0.010,0.671,0.319
732000,0.010,0.708,0.282
732500,0.010,0.694,0.296
733000,0.010,0.693,0.297
733500,0.010,0.676,0.314
734000,0.010,0.666,0.324
734500,0.010,0.667,0.323
735000,0.010,0.677,0.312
735500,0.010,0.652,0.338
736000,0.010,0.716,0.274
736500,0.010,0.722,0.268
737000,0.010,0.698,0.292
737500,0.010,0.731,0.259
738000,0.010,0.704,0.286
738500,0.010,0.650,0.340
739000,0.010,0.702,0.288
739500,0.010,0.680,0.310
740000,0.010,0.725,0.265
740500,0.010,0.726,0.264
741000,0.010,0.732,0.258
741500,0.010,0.674,0.316
742000,0.010,0.599,0.391
742500,0.010,0.626,0.364
743000,0.010,0.669,0.321
743500,0.010,0.648,0.342
744000,0.010,0.564,0.426
744500,0.010,0.595,0.395
745000,0.010,0.644,0.346
745500,0.010,0.684,0.305
746000,0.010,0.713,0.277
746500,0.010,0.673,0.317
747000,0.010,0.670,0.320
747500,0.010,0.560,0.430
748000,0.010,0.632,0.358
748500,0.010,0.711,0.279
749000,0.010,0.658,0.332
749500,0.010,0.723,0.267
750000,0.010,0.732,0.258
750500,0.010,0.752,0.238
751000,0.010,0.733,0.257
751500,0.010,0.777,0.213
752000,0.010,0.872,0.118
752500,0.010,0.817,0.173
753000,0.010,0.750,0.240
753500,0.010,0.755,0.235
754000,0.010,0.836,0.154
754500,0.010,0.843,0.147
755000,0.010,0.823,0.167
755500,0.010,0.770,0.220
756000,0.010,0.745,0.245
756500,0.010,0.778,0.212
757000,0.010,0.773,0.217
757500,0.010,0.789,0.201
758000,0.010,0.800,0.190
758500,0.010,0.721,0.269
759000,0.010,0.758,0.232
759500,0.010,0.777,0.213
760000,0.010,0.816,0.174
760500,0.010,0.790,0.200
761000,0.010,0.712,0.278
761500,0.010,0.758,0.232
762000,0.010,0.751,0.239
762500,0.010,0.728,0.262
763000,0.010,0.721,0.269
763500,0.010,0.738,0.252
764000,0.010,0.750,0.240
764500,0.010,0.762,0.228
765000,0.010,0.794,0.196
765500,0.010,0.782,0.208
766000,0.010,0.651,0.339
766500,0.010,0.632,0.358
767000,0.010,0.663,0.327
767500,0.010,0.651,0.339
768000,0.010,0.681,0.309
768500,0.010,0.747,0.243
769000,0.010,0.711,0.279
769500,0.010,0.709,0.281
770000,0.010,0.780,0.210
770500,0.010,0.777,0.213
771000,0.010,0.765,0.225
771500,0.010,0.765,0.225
772000,0.010,0.741,0.249
772500,0.010,0.763,0.227
773000,0.010,0.774,0.216
773500,0.010,0.802,0.188
774000,0.010,0.842,0.148
774500,0.010,0.774,0.216
775000,0.010,0.781,0.209
775500,0.010,0.832,0.158
776000,0.010,0.738,0.252
776500,0.010,0.727,0.263
777000,0.010,0.773,0.217
777500,0.010,0.773,0.217
778000,0.010,0.774,0.216
778500,0.010,0.738,0.252
779000,0.010,0.646,0.344
779500,0.010,0.729,0.261
780000,0.010,0.689,0.301
780500,0.010,0.686,0.304
781000,0.010,0.693,0.297
781500,0.010,0.645,0.345
782000,0.010,0.602,0.388
782500,0.010,0.607,0.383
783000,0.010,0.673,0.317
783500,0.010,0.662,0.328
784000,0.010,0.670,0.320
784500,0.010,0.706,0.284
785000,0.010,0.712,0.278
785500,0.010,0.709,0.281
786000,0.010,0.713,0.277
786500,0.010,0.766,0.224
787000,0.010,0.743,0.247
787500,0.010,0.740,0.250
788000,0.010,0.694,0.296
788500,0.010,0.740,0.250
789000,0.010,0.567,0.423
789500,0.010,0.629,0.361
790000,0.010,0.641,0.349
790500,0.010,0.774,0.216
791000,0.010,0.669,0.321
791500,0.010,0.655,0.335
792000,0.010,0.685,0.305
792500,0.010,0.714,0.276
793000,0.010,0.754,0.236
793500,0.010,0.803,0.187
794000,0.010,0.810,0.179
794500,0.010,0.788,0.202
795000,0.010,0.869,0.121
795500,0.010,0.861,0.129
796000,0.010,0.745,0.245
796500,0.010,0.734,0.256
797000,0.010,0.764,0.226
797500,0.010,0.763,0.227
798000,0.010,0.774,0.216
798500,0.010,0.765,0.225
799000,0.010,0.788,0.202
799500,0.010,0.777,0.213
800000,0.010,0.766,0.224
800500,0.010,0.676,0.314
801000,0.010,0.718,0.272
801500,0.010,0.676,0.314
802000,0.010,0.724,0.266
802500,0.010,0.721,0.269
803000,0.010,0.729,0.261
803500,0.010,0.742,0.248
804000,0.010,0.755,0.235
804500,0.010,0.708,0.282
805000,0.010,0.686,0.303
805500,0.010,0.746,0.244
806000,0.010,0.701,0.289
806500,0.010,0.692,0.298
807000,0.010,0.645,0.345
807500,0.010,0.698,0.292
808000,0.010,0.603,0.387
808500,0.010,0.711,0.279
809000,0.010,0.570,0.420
809500,0.010,0.590,0.400
810000,0.010,0.601,0.389
810500,0.010,0.686,0.304
811000,0.010,0.655,0.335
811500,0.010,0.671,0.319
812000,0.010,0.592,0.398
812500,0.010,0.588,0.402
813000,0.010,0.569,0.421
813500,0.010,0.646,0.344
814000,0.010,0.621,0.369
814500,0.010,0.578,0.412
815000,0.010,0.686,0.304
815500,0.010,0.819,0.171
816000,0.010,0.732,0.258
816500,0.010,0.811,0.178
817000,0.010,0.834,0.156
817500,0.010,0.731,0.259
818000,0.010,0.714,0.276
818500,0.010,0.618,0.372
819000,0.010,0.608,0.382
819500,0.010,0.604,0.386
820000,0.010,0.684,0.306
820500,0.010,0.613,0.377
821000,0.010,0.582,0.408
821500,0.010,0.631,0.359
822000,0.010,0.662,0.328
822500,0.010,0.728,0.262
823000,0.010,0.780,0.210
823500,0.010,0.760,0.230
824000,0.010,0.751,0.239
824500,0.010,0.720,0.270
825000,0.010,0.665,0.325
825500,0.010,0.693,0.297
826000,0.010,0.659,0.331
826500,0.010,0.694,0.296
827000,0.010,0.651,0.339
827500,0.010,0.691,0.299
828000,0.010,0.691,0.299
828500,0.010,0.662,0.328
829000,0.010,0.615,0.375
829500,0.010,0.684,0.306
830000,0.010,0.643,0.347
830500,0.010,0.631,0.359
831000,0.010,0.604,0.386
831500,0.010,0.610,0.380
832000,0.010,0.692,0.298
832500,0.010,0.706,0.284
833000,0.010,0.610,0.380
833500,0.010,0.603,0.387
834000,0.010,0.560,0.430
834500,0.010,0.627,0.363
835000,0.010,0.702,0.288
835500,0.010,0.650,0.340
836000,0.010,0.649,0.341
836500,0.010,0.650,0.340
837000,0.010,0.621,0.369
837500,0.010,0.648,0.342
838000,0.010,0.667,0.323
838500,0.010,0.692,0.298
839000,0.010,0.722,0.268
839500,0.010,0.731,0.259
840000,0.010,0.679,0.311
840500,0.010,0.615,0.375
841000,0.010,0.703,0.287
841500,0.010,0.628,0.362
842000,0.010,0.643,0.347
842500,0.010,0.713,0.277
843000,0.010,0.737,0.253
843500,0.010,0.740,0.250
844000,0.010,0.748,0.242
844500,0.010,0.821,0.169
845000,0.010,0.772,0.218
845500,0.010,0.768,0.222
846000,0.010,0.779,0.211
846500,0.010,0.714,0.276
847000,0.010,0.754,0.236
847500,0.010,0.678,0.312
848000,0.010,0.721,0.269
848500,0.010,0.759,0.231
849000,0.010,0.808,0.181
849500,0.010,0.782,0.208
850000,0.010,0.759,0.231
850500,0.010,0.651,0.339
851000,0.010,0.693,0.297
851500,0.010,0.787,0.203
852000,0.010,0.688,0.302
852500,0.010,0.699,0.291
853000,0.010,0.761,0.229
853500,0.010,0.786,0.204
854000,0.010,0.689,0.301
854500,0.010,0.679,0.311
855000,0.010,0.662,0.328
855500,0.010,0.690,0.300
856000,0.010,0.686,0.304
856500,0.010,0.712,0.278
857000,0.010,0.717,0.273
857500,0.010,0.668,0.322
858000,0.010,0.632,0.358
858500,0.010,0.739,0.251
859000,0.010,0.737,0.253
859500,0.010,0.685,0.305
860000,0.010,0.764,0.226
860500,0.010,0.785,0.205
861000,0.010,0.736,0.254
861500,0.010,0.665,0.325
862000,0.010,0.688,0.302
862500,0.010,0.768,0.222
863000,0.010,0.671,0.319
863500,0.010,0.712,0.278
864000,0.010,0.760,0.230
864500,0.010,0.773,0.217
865000,0.010,0.757,0.233
865500,0.010,0.594,0.396
866000,0.010,0.623,0.367
866500,0.010,0.617,0.373
867000,0.010,0.673,0.317
867500,0.010,0.627,0.363
868000,0.010,0.636,0.354
868500,0.010,0.734,0.256
869000,0.010,0.716,0.274
869500,0.010,0.721,0.269
870000,0.010,0.709,0.281
870500,0.010,0.717,0.273
871000,0.010,0.758,0.232
871500,0.010,0.706,0.284
872000,0.010,0.625,0.365
872500,0.010,0.602,0.388
873000,0.010,0.624,0.366
873500,0.010,0.685,0.304
874000,0.010,0.645,0.345
874500,0.010,0.646,0.344
875000,0.010,0.732,0.258
875500,0.010,0.729,0.261
876000,0.010,0.713,0.277
876500,0.010,0.722,0.268
877000,0.010,0.600,0.390
877500,0.010,0.596,0.394
878000,0.010,0.654,0.336
878500,0.010,0.643,0.347
879000,0.010,0.699,0.291
879500,0.010,0.702,0.288
880000,0.010,0.688,0.302
880500,0.010,0.670,0.320
881000,0.010,0.737,0.253
881500,0.010,0.617,0.373
882000,0.010,0.610,0.380
882500,0.010,0.620,0.370
883000,0.010,0.667,0.323
883500,0.010,0.698,0.292
884000,0.010,0.587,0.403
884500,0.010,0.765,0.225
885000,0.010,0.730,0.260
885500,0.010,0.788,0.202
886000,0.010,0.705,0.285
886500,0.010,0.722,0.268
887000,0.010,0.679,0.311
887500,0.010,0.715,0.275
888000,0.010,0.714,0.276
888500,0.010,0.709,0.281
889000,0.010,0.624,0.366
889500,0.010,0.597,0.393
890000,0.010,0.665,0.325
890500,0.010,0.607,0.383
891000,0.010,0.696,0.294
891500,0.010,0.744,0.246
892000,0.010,0.729,0.261
892500,0.010,0.731,0.259
893000,0.010,0.689,0.301
893500,0.010,0.605,0.385
894000,0.010,0.593,0.397
894500,0.010,0.670,0.320
895000,0.010,0.715,0.275
895500,0.010,0.601,0.389
896000,0.010,0.719,0.271
896500,0.010,0.765,0.225
897000,0.010,0.796,0.194
897500,0.010,0.785,0.205
898000,0.010,0.666,0.324
898500,0.010,0.727,0.263
899000,0.010,0.659,0.331
899500,0.010,0.676,0.314
900000,0.010,0.712,0.278
900500,0.010,0.701,0.289
901000,0.010,0.736,0.254
901500,0.010,0.744,0.246
902000,0.010,0.766,0.224
902500,0.010,0.763,0.227
903000,0.010,0.731,0.259
903500,0.010,0.639,0.351
904000,0.010,0.674,0.316
904500,0.010,0.707,0.283
905000,0.010,0.710,0.280
905500,0.010,0.642,0.348
906000,0.010,0.647,0.343
906500,0.010,0.582,0.408
907000,0.010,0.632,0.358
907500,0.010,0.738,0.252
908000,0.010,0.722,0.268
908500,0.010,0.696,0.294
909000,0.010,0.698,0.292
909500,0.010,0.651,0.339
910000,0.010,0.643,0.347
910500,0.010,0.695,0.295
911000,0.010,0.688,0.302
911500,0.010,0.720,0.270
912000,0.010,0.724,0.266
912500,0.010,0.725,0.265
913000,0.010,0.624,0.366
913500,0.010,0.632,0.358
914000,0.010,0.705,0.285
914500,0.010,0.720,0.270
915000,0.010,0.716,0.274
915500,0.010,0.684,0.306
916000,0.010,0.717,0.273
916500,0.010,0.653,0.337
917000,0.010,0.607,0.383
917500,0.010,0.653,0.337
918000,0.010,0.729,0.261
918500,0.010,0.705,0.285
919000,0.010,0.683,0.306
919500,0.010,0.585,0.405
920000,0.010,0.641,0.349
920500,0.010,0.628,0.362
921000,0.010,0.632,0.358
921500,0.010,0.639,0.351
922000,0.010,0.705,0.285
922500,0.010,0.682,0.308
923000,0.010,0.689,0.301
923500,0.010,0.749,0.241
924000,0.010,0.666,0.324
924500,0.010,0.640,0.350
925000,0.010,0.631,0.359
925500,0.010,0.695,0.295
926000,0.010,0.721,0.269
926500,0.010,0.780,0.210
927000,0.010,0.830,0.160
927500,0.010,0.782,0.208
928000,0.010,0.741,0.249
928500,0.010,0.726,0.264
929000,0.010,0.654,0.336
929500,0.010,0.640,0.350
930000,0.010,0.625,0.365
930500,0.010,0.613,0.377
931000,0.010,0.601,0.389
931500,0.010,0.602,0.388
932000,0.010,0.658,0.332
932500,0.010,0.609,0.381
933000,0.010,0.600,0.390
933500,0.010,0.566,0.424
934000,0.010,0.561,0.429
934500,0.010,0.656,0.334
935000,0.010,0.623,0.367
935500,0.010,0.532,0.458
936000,0.010,0.553,0.436
936500,0.010,0.664,0.326
937000,0.010,0.669,0.321
937500,0.010,0.652,0.338
938000,0.010,0.658,0.332
938500,0.010,0.628,0.362
939000,0.010,0.737,0.253
939500,0.010,0.742,0.248
940000,0.010,0.734,0.256
940500,0.010,0.685,0.305
941000,0.010,0.723,0.267
941500,0.010,0.641,0.349
942000,0.010,0.722,0.268
942500,0.010,0.694,0.296
943000,0.010,0.694,0.296
943500,0.010,0.625,0.365
944000,0.010,0.635,0.355
944500,0.010,0.681,0.309
945000,0.010,0.598,0.392
945500,0.010,0.669,0.321
946000,0.010,0.612,0.378
946500,0.010,0.667,0.323
947000,0.010,0.707,0.283
947500,0.010,0.716,0.274
948000,0.010,0.765,0.225
948500,0.010,0.746,0.244
949000,0.010,0.708,0.282
949500,0.010,0.745,0.245
950000,0.010,0.803,0.187
950500,0.010,0.798,0.192
951000,0.010,0.726,0.264
951500,0.010,0.669,0.321
952000,0.010,0.683,0.307
952500,0.010,0.653,0.337
953000,0.010,0.661,0.329
953500,0.010,0.728,0.262
954000,0.010,0.795,0.195
954500,0.010,0.859,0.131
955000,0.010,0.816,0.174
955500,0.010,0.779,0.211
956000,0.010,0.792,0.198
956500,0.010,0.811,0.178
957000,0.010,0.790,0.200
957500,0.010,0.803,0.186
958000,0.010,0.757,0.233
958500,0.010,0.701,0.289
959000,0.010,0.658,0.332
959500,0.010,0.677,0.312
960000,0.010,0.628,0.362
960500,0.010,0.698,0.292
961000,0.010,0.751,0.239
961500,0.010,0.796,0.194
962000,0.010,0.734,0.256
962500,0.010,0.707,0.283
963000,0.010,0.777,0.213
963500,0.010,0.774,0.216
964000,0.010,0.691,0.299
964500,0.010,0.740,0.250
965000,0.010,0.693,0.297
965500,0.010,0.678,0.311
966000,0.010,0.627,0.363
966500,0.010,0.687,0.303
967000,0.010,0.681,0.309
967500,0.010,0.731,0.259
968000,0.010,0.617,0.373
968500,0.010,0.583,0.407
969000,0.010,0.569,0.421
969500,0.010,0.680,0.309
970000,0.010,0.651,0.339
970500,0.010,0.706,0.284
971000,0.010,0.685,0.305
971500,0.010,0.723,0.267
972000,0.010,0.719,0.271
972500,0.010,0.700,0.290
973000,0.010,0.767,0.223
973500,0.010,0.714,0.276
974000,0.010,0.698,0.292
974500,0.010,0.740,0.250
975000,0.010,0.729,0.261
975500,0.010,0.693,0.297
976000,0.010,0.659,0.331
976500,0.010,0.669,0.321
977000,0.010,0.742,0.248
977500,0.010,0.656,0.334
978000,0.010,0.604,0.386
978500,0.010,0.641,0.349
979000,0.010,0.701,0.289
979500,0.010,0.729,0.261
980000,0.010,0.735,0.255
980500,0.010,0.702,0.288
981000,0.010,0.673,0.317
981500,0.010,0.603,0.387
982000,0.010,0.630,0.360
982500,0.010,0.630,0.360
983000,0.010,0.682,0.307
983500,0.010,0.682,0.308
984000,0.010,0.725,0.265
984500,0.010,0.724,0.266
985000,0.010,0.699,0.291
985500,0.010,0.662,0.328
986000,0.010,0.690,0.300
986500,0.010,0.809,0.181
987000,0.010,0.764,0.226
987500,0.010,0.795,0.195
988000,0.010,0.775,0.215
988500,0.010,0.767,0.223
989000,0.010,0.793,0.197
989500,0.010,0.691,0.299
990000,0.010,0.733,0.257
990500,0.010,0.663,0.327
991000,0.010,0.674,0.316
991500,0.010,0.656,0.334
992000,0.010,0.602,0.388
992500,0.010,0.739,0.251
993000,0.010,0.738,0.252
993500,0.010,0.783,0.207
994000,0.010,0.756,0.234
994500,0.010,0.818,0.172
995000,0.010,0.898,0.092
995500,0.010,0.858,0.132
996000,0.010,0.837,0.153
996500,0.010,0.770,0.220
997000,0.010,0.758,0.232
997500,0.010,0.767,0.223
998000,0.010,0.626,0.364
998500,0.010,0.664,0.326
999000,0.010,0.598,0.392
999500,0.010,0.588,0.402
1000000,0.010,0.676,0.314
