time,n_A+p,n_B,n_AB
500,0.010,0.945,0.045
1000,0.010,0.933,0.057
1500,0.010,0.938,0.052
2000,0.010,0.990,0.000
2500,0.010,0.934,0.056
3000,0.010,0.933,0.057
3500,0.010,0.986,0.004
4000,0.010,0.977,0.013
4500,0.010,0.954,0.036
5000,0.010,0.969,0.021
5500,0.010,0.960,0.030
6000,0.010,0.973,0.017
6500,0.010,0.983,0.007
7000,0.010,0.965,0.025
7500,0.010,0.983,0.007
8000,0.010,0.987,0.003
8500,0.010,0.950,0.040
9000,0.010,0.965,0.025
9500,0.010,0.990,0.000
10000,0.010,0.946,0.044
10500,0.010,0.965,0.025
11000,0.010,0.988,0.002
11500,0.010,0.954,0.036
12000,0.010,0.990,0.000
12500,0.010,0.990,0.000
13000,0.010,0.915,0.075
13500,0.010,0.962,0.028
14000,0.010,0.979,0.011
14500,0.010,0.969,0.021
15000,0.010,0.956,0.034
15500,0.010,0.953,0.037
16000,0.010,0.857,0.133
16500,0.010,0.990,0.000
17000,0.010,0.987,0.003
17500,0.010,0.939,0.051
18000,0.010,0.952,0.038
18500,0.010,0.986,0.004
19000,0.010,0.960,0.030
19500,0.010,0.967,0.023
20000,0.010,0.960,0.030
20500,0.010,0.968,0.022
21000,0.010,0.915,0.075
21500,0.010,0.918,0.072
22000,0.010,0.989,0.001
22500,0.010,0.883,0.107
23000,0.010,0.961,0.029
23500,0.010,0.903,0.087
24000,0.010,0.988,0.002
24500,0.010,0.938,0.052
25000,0.010,0.933,0.057
25500,0.010,0.862,0.128
26000,0.010,0.976,0.014
26500,0.010,0.972,0.018
27000,0.010,0.965,0.025
27500,0.010,0.968,0.022
28000,0.010,0.879,0.111
28500,0.010,0.981,0.009
29000,0.010,0.986,0.004
29500,0.010,0.949,0.041
30000,0.010,0.887,0.103
30500,0.010,0.876,0.114
31000,0.010,0.877,0.113
31500,0.010,0.986,0.004
32000,0.010,0.990,0.000
32500,0.010,0.975,0.015
33000,0.010,0.990,0.000
33500,0.010,0.948,0.042
34000,0.010,0.990,0.000
34500,0.010,0.910,0.080
35000,0.010,0.969,0.021
35500,0.010,0.979,0.011
36000,0.010,0.937,0.053
36500,0.010,0.948,0.042
37000,0.010,0.890,0.100
37500,0.010,0.988,0.002
38000,0.010,0.938,0.052
38500,0.010,0.988,0.002
39000,0.010,0.975,0.015
39500,0.010,0.919,0.071
40000,0.010,0.972,0.018
40500,0.010,0.938,0.052
41000,0.010,0.971,0.019
41500,0.010,0.990,0.000
42000,0.010,0.963,0.027
42500,0.010,0.954,0.036
43000,0.010,0.947,0.043
43500,0.010,0.912,0.078
44000,0.010,0.964,0.026
44500,0.010,0.960,0.030
45000,0.010,0.990,0.000
45500,0.010,0.977,0.013
46000,0.010,0.984,0.006
46500,0.010,0.966,0.024
47000,0.010,0.921,0.069
47500,0.010,0.989,0.001
48000,0.010,0.971,0.019
48500,0.010,0.954,0.036
49000,0.010,0.902,0.088
49500,0.010,0.924,0.066
50000,0.010,0.837,0.153
50500,0.010,0.990,0.000
51000,0.010,0.966,0.024
51500,0.010,0.990,0.000
52000,0.010,0.990,0.000
52500,0.010,0.973,0.017
53000,0.010,0.977,0.013
53500,0.010,0.963,0.027
54000,0.010,0.990,0.000
54500,0.010,0.920,0.070
55000,0.010,0.966,0.024
55500,0.010,0.982,0.008
56000,0.010,0.985,0.005
56500,0.010,0.981,0.009
57000,0.010,0.985,0.005
57500,0.010,0.871,0.119
58000,0.010,0.905,0.085
58500,0.010,0.982,0.008
59000,0.010,0.942,0.048
59500,0.010,0.962,0.028
60000,0.010,0.975,0.015
60500,0.010,0.973,0.017
61000,0.010,0.969,0.021
61500,0.010,0.961,0.029
62000,0.010,0.979,0.011
62500,0.010,0.988,0.002
63000,0.010,0.960,0.030
63500,0.010,0.964,0.026
64000,0.010,0.959,0.031
64500,0.010,0.968,0.022
65000,0.010,0.923,0.067
65500,0.010,0.947,0.043
66000,0.010,0.974,0.016
66500,0.010,0.919,0.071
67000,0.010,0.981,0.009
67500,0.010,0.986,0.004
68000,0.010,0.990,0.000
68500,0.010,0.890,0.100
69000,0.010,0.975,0.015
69500,0.010,0.975,0.015
70000,0.010,0.952,0.038
70500,0.010,0.989,0.001
71000,0.010,0.926,0.064
71500,0.010,0.933,0.057
72000,0.010,0.989,0.001
72500,0.010,0.962,0.028
73000,0.010,0.966,0.024
73500,0.010,0.942,0.048
74000,0.010,0.943,0.047
74500,0.010,0.904,0.086
75000,0.010,0.961,0.029
75500,0.010,0.943,0.047
76000,0.010,0.961,0.029
76500,0.010,0.986,0.004
77000,0.010,0.951,0.039
77500,0.010,0.979,0.011
78000,0.010,0.988,0.002
78500,0.010,0.871,0.119
79000,0.010,0.981,0.009
79500,0.010,0.976,0.014
80000,0.010,0.916,0.074
80500,0.010,0.941,0.049
81000,0.010,0.965,0.025
81500,0.010,0.986,0.004
82000,0.010,0.962,0.028
82500,0.010,0.926,0.064
83000,0.010,0.899,0.091
83500,0.010,0.964,0.026
84000,0.010,0.935,0.055
84500,0.010,0.939,0.051
85000,0.010,0.918,0.072
85500,0.010,0.987,0.003
86000,0.010,0.989,0.001
86500,0.010,0.988,0.002
87000,0.010,0.953,0.037
87500,0.010,0.916,0.074
88000,0.010,0.870,0.120
88500,0.010,0.966,0.024
89000,0.010,0.989,0.001
89500,0.010,0.967,0.023
90000,0.010,0.913,0.077
90500,0.010,0.901,0.089
91000,0.010,0.906,0.084
91500,0.010,0.968,0.022
92000,0.010,0.943,0.047
92500,0.010,0.959,0.031
93000,0.010,0.917,0.073
93500,0.010,0.989,0.001
94000,0.010,0.988,0.002
94500,0.010,0.973,0.017
95000,0.010,0.990,0.000
95500,0.010,0.855,0.135
96000,0.010,0.925,0.065
96500,0.010,0.926,0.064
97000,0.010,0.984,0.006
97500,0.010,0.976,0.014
98000,0.010,0.936,0.054
98500,0.010,0.975,0.015
99000,0.010,0.869,0.121
99500,0.010,0.981,0.009
100000,0.010,0.976,0.014
100500,0.010,0.974,0.016
101000,0.010,0.948,0.042
101500,0.010,0.950,0.040
102000,0.010,0.990,0.000
102500,0.010,0.949,0.041
103000,0.010,0.977,0.013
103500,0.010,0.973,0.017
104000,0.010,0.937,0.053
104500,0.010,0.980,0.010
105000,0.010,0.876,0.114
105500,0.010,0.960,0.030
106000,0.010,0.961,0.029
106500,0.010,0.952,0.038
107000,0.010,0.989,0.001
107500,0.010,0.990,0.000
108000,0.010,0.954,0.036
108500,0.010,0.972,0.018
109000,0.010,0.982,0.008
109500,0.010,0.960,0.030
110000,0.010,0.975,0.015
110500,0.010,0.984,0.006
111000,0.010,0.965,0.025
111500,0.010,0.946,0.044
112000,0.010,0.921,0.069
112500,0.010,0.901,0.089
113000,0.010,0.970,0.020
113500,0.010,0.989,0.001
114000,0.010,0.897,0.093
114500,0.010,0.988,0.002
115000,0.010,0.919,0.071
115500,0.010,0.922,0.068
116000,0.010,0.981,0.009
116500,0.010,0.990,0.000
117000,0.010,0.989,0.001
117500,0.010,0.926,0.064
118000,0.010,0.823,0.167
118500,0.010,0.952,0.038
119000,0.010,0.932,0.058
119500,0.010,0.989,0.001
120000,0.010,0.958,0.032
120500,0.010,0.990,0.000
121000,0.010,0.990,0.000
121500,0.010,0.983,0.007
122000,0.010,0.973,0.017
122500,0.010,0.872,0.118
123000,0.010,0.942,0.048
123500,0.010,0.962,0.028
124000,0.010,0.947,0.043
124500,0.010,0.970,0.020
125000,0.010,0.989,0.001
125500,0.010,0.990,0.000
126000,0.010,0.990,0.000
126500,0.010,0.978,0.012
127000,0.010,0.955,0.035
127500,0.010,0.981,0.009
128000,0.010,0.975,0.015
128500,0.010,0.976,0.014
129000,0.010,0.927,0.063
129500,0.010,0.964,0.026
130000,0.010,0.978,0.012
130500,0.010,0.990,0.000
131000,0.010,0.864,0.126
131500,0.010,0.951,0.039
132000,0.010,0.968,0.022
132500,0.010,0.957,0.033
133000,0.010,0.990,0.000
133500,0.010,0.877,0.113
134000,0.010,0.967,0.023
134500,0.010,0.948,0.042
135000,0.010,0.953,0.037
135500,0.010,0.959,0.031
136000,0.010,0.990,0.000
136500,0.010,0.891,0.099
137000,0.010,0.986,0.004
137500,0.010,0.990,0.000
138000,0.010,0.976,0.014
138500,0.010,0.985,0.005
139000,0.010,0.949,0.041
139500,0.010,0.938,0.052
140000,0.010,0.987,0.003
140500,0.010,0.937,0.053
141000,0.010,0.989,0.001
141500,0.010,0.820,0.170
142000,0.010,0.935,0.055
142500,0.010,0.970,0.020
143000,0.010,0.976,0.014
143500,0.010,0.950,0.040
144000,0.010,0.979,0.011
144500,0.010,0.859,0.131
145000,0.010,0.966,0.024
145500,0.010,0.976,0.014
146000,0.010,0.949,0.041
146500,0.010,0.927,0.063
147000,0.010,0.989,0.001
147500,0.010,0.978,0.012
148000,0.010,0.959,0.031
148500,0.010,0.947,0.043
149000,0.010,0.904,0.086
149500,0.010,0.959,0.031
150000,0.010,0.989,0.001
150500,0.010,0.925,0.065
151000,0.010,0.938,0.052
151500,0.010,0.839,0.151
152000,0.010,0.811,0.179
152500,0.010,0.989,0.001
153000,0.010,0.984,0.006
153500,0.010,0.982,0.008
154000,0.010,0.972,0.018
154500,0.010,0.968,0.022
155000,0.010,0.967,0.023
155500,0.010,0.965,0.025
156000,0.010,0.970,0.020
156500,0.010,0.986,0.004
157000,0.010,0.988,0.002
157500,0.010,0.985,0.005
158000,0.010,0.966,0.024
158500,0.010,0.990,0.000
159000,0.010,0.957,0.033
159500,0.010,0.985,0.005
160000,0.010,0.955,0.035
160500,0.010,0.990,0.000
161000,0.010,0.978,0.012
161500,0.010,0.829,0.161
162000,0.010,0.901,0.089
162500,0.010,0.984,0.006
163000,0.010,0.990,0.000
163500,0.010,0.921,0.069
164000,0.010,0.988,0.002
164500,0.010,0.982,0.008
165000,0.010,0.886,0.104
165500,0.010,0.983,0.007
166000,0.010,0.982,0.008
166500,0.010,0.937,0.053
167000,0.010,0.949,0.041
167500,0.010,0.970,0.020
168000,0.010,0.868,0.122
168500,0.010,0.915,0.075
169000,0.010,0.933,0.057
169500,0.010,0.961,0.029
170000,0.010,0.968,0.022
170500,0.010,0.990,0.000
171000,0.010,0.957,0.033
171500,0.010,0.917,0.073
172000,0.010,0.979,0.011
172500,0.010,0.931,0.059
173000,0.010,0.986,0.004
173500,0.010,0.980,0.010
174000,0.010,0.972,0.018
174500,0.010,0.963,0.027
175000,0.010,0.985,0.005
175500,0.010,0.974,0.016
176000,0.010,0.988,0.002
176500,0.010,0.976,0.014
177000,0.010,0.989,0.001
177500,0.010,0.941,0.049
178000,0.010,0.954,0.036
178500,0.010,0.980,0.010
179000,0.010,0.976,0.014
179500,0.010,0.972,0.018
180000,0.010,0.909,0.081
180500,0.010,0.902,0.088
181000,0.010,0.964,0.026
181500,0.010,0.975,0.015
182000,0.010,0.989,0.001
182500,0.010,0.986,0.004
183000,0.010,0.902,0.088
183500,0.010,0.977,0.013
184000,0.010,0.990,0.000
184500,0.010,0.955,0.035
185000,0.010,0.983,0.007
185500,0.010,0.930,0.060
186000,0.010,0.831,0.159
186500,0.010,0.962,0.028
187000,0.010,0.990,0.000
187500,0.010,0.987,0.003
188000,0.010,0.969,0.021
188500,0.010,0.955,0.035
189000,0.010,0.984,0.006
189500,0.010,0.962,0.028
190000,0.010,0.955,0.035
190500,0.010,0.909,0.081
191000,0.010,0.988,0.002
191500,0.010,0.948,0.042
192000,0.010,0.971,0.019
192500,0.010,0.975,0.015
193000,0.010,0.982,0.008
193500,0.010,0.972,0.018
194000,0.010,0.954,0.036
194500,0.010,0.957,0.033
195000,0.010,0.879,0.111
195500,0.010,0.947,0.043
196000,0.010,0.986,0.004
196500,0.010,0.886,0.104
197000,0.010,0.954,0.036
197500,0.010,0.989,0.001
198000,0.010,0.966,0.024
198500,0.010,0.938,0.052
199000,0.010,0.961,0.029
199500,0.010,0.983,0.007
200000,0.010,0.927,0.063
200500,0.010,0.983,0.007
201000,0.010,0.989,0.001
201500,0.010,0.980,0.010
202000,0.010,0.987,0.003
202500,0.010,0.965,0.025
203000,0.010,0.990,0.000
203500,0.010,0.963,0.027
204000,0.010,0.969,0.021
204500,0.010,0.952,0.038
205000,0.010,0.988,0.002
205500,0.010,0.869,0.121
206000,0.010,0.954,0.036
206500,0.010,0.987,0.003
207000,0.010,0.960,0.030
207500,0.010,0.977,0.013
208000,0.010,0.898,0.092
208500,0.010,0.990,0.000
209000,0.010,0.960,0.030
209500,0.010,0.933,0.057
210000,0.010,0.953,0.037
210500,0.010,0.905,0.085
211000,0.010,0.944,0.046
211500,0.010,0.918,0.072
212000,0.010,0.910,0.080
212500,0.010,0.947,0.043
213000,0.010,0.972,0.018
213500,0.010,0.990,0.000
214000,0.010,0.953,0.037
214500,0.010,0.952,0.038
215000,0.010,0.987,0.003
215500,0.010,0.976,0.014
216000,0.010,0.990,0.000
216500,0.010,0.963,0.027
217000,0.010,0.990,0.000
217500,0.010,0.986,0.004
218000,0.010,0.990,0.000
218500,0.010,0.980,0.010
219000,0.010,0.960,0.030
219500,0.010,0.979,0.011
220000,0.010,0.988,0.002
220500,0.010,0.935,0.055
221000,0.010,0.931,0.059
221500,0.010,0.756,0.234
222000,0.010,0.953,0.037
222500,0.010,0.938,0.052
223000,0.010,0.980,0.010
223500,0.010,0.981,0.009
224000,0.010,0.958,0.032
224500,0.010,0.932,0.058
225000,0.010,0.959,0.031
225500,0.010,0.915,0.075
226000,0.010,0.951,0.039
226500,0.010,0.970,0.020
227000,0.010,0.987,0.003
227500,0.010,0.986,0.004
228000,0.010,0.957,0.033
228500,0.010,0.912,0.078
229000,0.010,0.939,0.051
229500,0.010,0.990,0.000
230000,0.010,0.990,0.000
230500,0.010,0.989,0.001
231000,0.010,0.980,0.010
231500,0.010,0.967,0.023
232000,0.010,0.882,0.108
232500,0.010,0.966,0.024
233000,0.010,0.989,0.001
233500,0.010,0.990,0.000
234000,0.010,0.911,0.079
234500,0.010,0.983,0.007
235000,0.010,0.964,0.026
235500,0.010,0.950,0.040
236000,0.010,0.979,0.011
236500,0.010,0.930,0.060
237000,0.010,0.941,0.049
237500,0.010,0.936,0.054
238000,0.010,0.921,0.069
238500,0.010,0.844,0.146
239000,0.010,0.983,0.007
239500,0.010,0.977,0.013
240000,0.010,0.987,0.003
240500,0.010,0.967,0.023
241000,0.010,0.980,0.010
241500,0.010,0.818,0.172
242000,0.010,0.930,0.060
242500,0.010,0.979,0.011
243000,0.010,0.915,0.075
243500,0.010,0.921,0.069
244000,0.010,0.955,0.035
244500,0.010,0.836,0.154
245000,0.010,0.975,0.015
245500,0.010,0.889,0.101
246000,0.010,0.985,0.005
246500,0.010,0.989,0.001
247000,0.010,0.983,0.007
247500,0.010,0.929,0.061
248000,0.010,0.867,0.123
248500,0.010,0.983,0.007
249000,0.010,0.935,0.055
249500,0.010,0.874,0.116
250000,0.010,0.943,0.047
250500,0.010,0.905,0.085
251000,0.010,0.964,0.026
251500,0.010,0.961,0.029
252000,0.010,0.962,0.028
252500,0.010,0.880,0.110
253000,0.010,0.989,0.001
253500,0.010,0.888,0.102
254000,0.010,0.970,0.020
254500,0.010,0.851,0.139
255000,0.010,0.979,0.011
255500,0.010,0.968,0.022
256000,0.010,0.990,0.000
256500,0.010,0.990,0.000
257000,0.010,0.917,0.073
257500,0.010,0.960,0.030
258000,0.010,0.976,0.014
258500,0.010,0.990,0.000
259000,0.010,0.954,0.036
259500,0.010,0.943,0.047
260000,0.010,0.932,0.058
260500,0.010,0.939,0.051
261000,0.010,0.971,0.019
261500,0.010,0.949,0.041
262000,0.010,0.781,0.209
262500,0.010,0.972,0.018
263000,0.010,0.989,0.001
263500,0.010,0.984,0.006
264000,0.010,0.985,0.005
264500,0.010,0.964,0.026
265000,0.010,0.933,0.057
265500,0.010,0.990,0.000
266000,0.010,0.990,0.000
266500,0.010,0.971,0.019
267000,0.010,0.956,0.034
267500,0.010,0.990,0.000
268000,0.010,0.938,0.052
268500,0.010,0.990,0.000
269000,0.010,0.949,0.041
269500,0.010,0.979,0.011
270000,0.010,0.980,0.010
270500,0.010,0.875,0.115
271000,0.010,0.946,0.044
271500,0.010,0.936,0.054
272000,0.010,0.986,0.004
272500,0.010,0.978,0.012
273000,0.010,0.984,0.006
273500,0.010,0.989,0.001
274000,0.010,0.934,0.056
274500,0.010,0.990,0.000
275000,0.010,0.962,0.028
275500,0.010,0.983,0.007
276000,0.010,0.977,0.013
276500,0.010,0.974,0.016
277000,0.010,0.955,0.035
277500,0.010,0.984,0.006
278000,0.010,0.912,0.078
278500,0.010,0.858,0.132
279000,0.010,0.926,0.064
279500,0.010,0.988,0.002
280000,0.010,0.978,0.012
280500,0.010,0.990,0.000
281000,0.010,0.893,0.097
281500,0.010,0.988,0.002
282000,0.010,0.990,0.000
282500,0.010,0.926,0.064
283000,0.010,0.970,0.020
283500,0.010,0.952,0.038
284000,0.010,0.829,0.161
284500,0.010,0.987,0.003
285000,0.010,0.990,0.000
285500,0.010,0.988,0.002
286000,0.010,0.934,0.056
286500,0.010,0.944,0.046
287000,0.010,0.988,0.002
287500,0.010,0.867,0.123
288000,0.010,0.945,0.045
288500,0.010,0.952,0.038
289000,0.010,0.971,0.019
289500,0.010,0.921,0.069
290000,0.010,0.865,0.125
290500,0.010,0.978,0.012
291000,0.010,0.830,0.160
291500,0.010,0.951,0.039
292000,0.010,0.990,0.000
292500,0.010,0.968,0.022
293000,0.010,0.930,0.060
293500,0.010,0.906,0.084
294000,0.010,0.982,0.008
294500,0.010,0.952,0.038
295000,0.010,0.974,0.016
295500,0.010,0.972,0.018
296000,0.010,0.854,0.136
296500,0.010,0.986,0.004
297000,0.010,0.963,0.027
297500,0.010,0.951,0.039
298000,0.010,0.976,0.014
298500,0.010,0.906,0.084
299000,0.010,0.965,0.025
299500,0.010,0.941,0.049
300000,0.010,0.939,0.051
300500,0.010,0.962,0.028
301000,0.010,0.941,0.049
301500,0.010,0.929,0.061
302000,0.010,0.988,0.002
302500,0.010,0.990,0.000
303000,0.010,0.981,0.009
303500,0.010,0.974,0.016
304000,0.010,0.977,0.013
304500,0.010,0.990,0.000
305000,0.010,0.854,0.136
305500,0.010,0.934,0.056
306000,0.010,0.963,0.027
306500,0.010,0.963,0.027
307000,0.010,0.975,0.015
307500,0.010,0.961,0.029
308000,0.010,0.990,0.000
308500,0.010,0.985,0.005
309000,0.010,0.985,0.005
309500,0.010,0.972,0.018
310000,0.010,0.969,0.021
310500,0.010,0.942,0.048
311000,0.010,0.931,0.059
311500,0.010,0.976,0.014
312000,0.010,0.990,0.000
312500,0.010,0.912,0.078
313000,0.010,0.881,0.109
313500,0.010,0.971,0.019
314000,0.010,0.988,0.002
314500,0.010,0.966,0.024
315000,0.010,0.969,0.021
315500,0.010,0.973,0.017
316000,0.010,0.874,0.116
316500,0.010,0.982,0.008
317000,0.010,0.953,0.037
317500,0.010,0.899,0.091
318000,0.010,0.954,0.036
318500,0.010,0.850,0.140
319000,0.010,0.961,0.029
319500,0.010,0.928,0.062
320000,0.010,0.942,0.048
320500,0.010,0.987,0.003
321000,0.010,0.969,0.021
321500,0.010,0.931,0.059
322000,0.010,0.985,0.005
322500,0.010,0.949,0.041
323000,0.010,0.814,0.176
323500,0.010,0.923,0.067
324000,0.010,0.953,0.037
324500,0.010,0.929,0.061
325000,0.010,0.935,0.055
325500,0.010,0.954,0.036
326000,0.010,0.982,0.008
326500,0.010,0.933,0.057
327000,0.010,0.990,0.000
327500,0.010,0.945,0.045
328000,0.010,0.973,0.017
328500,0.010,0.963,0.027
329000,0.010,0.981,0.009
329500,0.010,0.990,0.000
330000,0.010,0.950,0.040
330500,0.010,0.959,0.031
331000,0.010,0.964,0.026
331500,0.010,0.970,0.020
332000,0.010,0.911,0.079
332500,0.010,0.987,0.003
333000,0.010,0.965,0.025
333500,0.010,0.832,0.158
334000,0.010,0.975,0.015
334500,0.010,0.890,0.100
335000,0.010,0.915,0.075
335500,0.010,0.970,0.020
336000,0.010,0.972,0.018
336500,0.010,0.983,0.007
337000,0.010,0.823,0.167
337500,0.010,0.921,0.069
338000,0.010,0.970,0.020
338500,0.010,0.980,0.010
339000,0.010,0.980,0.010
339500,0.010,0.940,0.050
340000,0.010,0.990,0.000
340500,0.010,0.982,0.008
341000,0.010,0.899,0.091
341500,0.010,0.878,0.112
342000,0.010,0.983,0.007
342500,0.010,0.981,0.009
343000,0.010,0.917,0.073
343500,0.010,0.966,0.024
344000,0.010,0.937,0.053
344500,0.010,0.927,0.063
345000,0.010,0.990,0.000
345500,0.010,0.890,0.100
346000,0.010,0.958,0.032
346500,0.010,0.934,0.056
347000,0.010,0.990,0.000
347500,0.010,0.933,0.057
348000,0.010,0.911,0.079
348500,0.010,0.922,0.068
349000,0.010,0.986,0.004
349500,0.010,0.909,0.081
350000,0.010,0.959,0.031
350500,0.010,0.969,0.021
351000,0.010,0.975,0.015
351500,0.010,0.989,0.001
352000,0.010,0.962,0.028
352500,0.010,0.970,0.020
353000,0.010,0.972,0.018
353500,0.010,0.957,0.033
354000,0.010,0.935,0.055
354500,0.010,0.990,0.000
355000,0.010,0.870,0.120
355500,0.010,0.990,0.000
356000,0.010,0.916,0.074
356500,0.010,0.923,0.067
357000,0.010,0.989,0.001
357500,0.010,0.988,0.002
358000,0.010,0.953,0.037
358500,0.010,0.951,0.039
359000,0.010,0.981,0.009
359500,0.010,0.961,0.029
360000,0.010,0.894,0.096
360500,0.010,0.981,0.009
361000,0.010,0.968,0.022
361500,0.010,0.979,0.011
362000,0.010,0.988,0.002
362500,0.010,0.927,0.063
363000,0.010,0.954,0.036
363500,0.010,0.910,0.080
364000,0.010,0.962,0.028
364500,0.010,0.910,0.080
365000,0.010,0.933,0.057
365500,0.010,0.950,0.040
366000,0.010,0.943,0.047
366500,0.010,0.897,0.093
367000,0.010,0.978,0.012
367500,0.010,0.990,0.000
368000,0.010,0.960,0.030
368500,0.010,0.978,0.012
369000,0.010,0.990,0.000
369500,0.010,0.897,0.093
370000,0.010,0.990,0.000
370500,0.010,0.943,0.047
371000,0.010,0.824,0.166
371500,0.010,0.935,0.055
372000,0.010,0.951,0.039
372500,0.010,0.986,0.004
373000,0.010,0.990,0.000
373500,0.010,0.976,0.014
374000,0.010,0.990,0.000
374500,0.010,0.967,0.023
375000,0.010,0.946,0.044
375500,0.010,0.946,0.044
376000,0.010,0.989,0.001
376500,0.010,0.933,0.057
377000,0.010,0.955,0.035
377500,0.010,0.923,0.067
378000,0.010,0.977,0.013
378500,0.010,0.899,0.091
379000,0.010,0.990,0.000
379500,0.010,0.973,0.017
380000,0.010,0.982,0.008
380500,0.010,0.964,0.026
381000,0.010,0.961,0.029
381500,0.010,0.950,0.040
382000,0.010,0.986,0.004
382500,0.010,0.944,0.046
383000,0.010,0.979,0.011
383500,0.010,0.972,0.018
384000,0.010,0.983,0.007
384500,0.010,0.925,0.065
385000,0.010,0.974,0.016
385500,0.010,0.955,0.035
386000,0.010,0.973,0.017
386500,0.010,0.891,0.099
387000,0.010,0.973,0.017
387500,0.010,0.896,0.094
388000,0.010,0.959,0.031
388500,0.010,0.986,0.004
389000,0.010,0.872,0.118
389500,0.010,0.916,0.074
390000,0.010,0.990,0.000
390500,0.010,0.939,0.051
391000,0.010,0.982,0.008
391500,0.010,0.988,0.002
392000,0.010,0.973,0.017
392500,0.010,0.965,0.025
393000,0.010,0.988,0.002
393500,0.010,0.964,0.026
394000,0.010,0.959,0.031
394500,0.010,0.950,0.040
395000,0.010,0.920,0.070
395500,0.010,0.980,0.010
396000,0.010,0.966,0.024
396500,0.010,0.920,0.070
397000,0.010,0.954,0.036
397500,0.010,0.960,0.030
398000,0.010,0.990,0.000
398500,0.010,0.976,0.014
399000,0.010,0.971,0.019
399500,0.010,0.872,0.118
400000,0.010,0.942,0.048
400500,0.010,0.954,0.036
401000,0.010,0.949,0.041
401500,0.010,0.968,0.022
402000,0.010,0.967,0.023
402500,0.010,0.990,0.000
403000,0.010,0.941,0.049
403500,0.010,0.912,0.078
404000,0.010,0.888,0.102
404500,0.010,0.965,0.025
405000,0.010,0.934,0.056
405500,0.010,0.965,0.025
406000,0.010,0.982,0.008
406500,0.010,0.911,0.079
407000,0.010,0.967,0.023
407500,0.010,0.960,0.030
408000,0.010,0.987,0.003
408500,0.010,0.921,0.069
409000,0.010,0.936,0.054
409500,0.010,0.976,0.014
410000,0.010,0.967,0.023
410500,0.010,0.881,0.109
411000,0.010,0.989,0.001
411500,0.010,0.976,0.014
412000,0.010,0.967,0.023
412500,0.010,0.948,0.042
413000,0.010,0.976,0.014
413500,0.010,0.985,0.005
414000,0.010,0.988,0.002
414500,0.010,0.808,0.182
415000,0.010,0.957,0.033
415500,0.010,0.960,0.030
416000,0.010,0.919,0.071
416500,0.010,0.952,0.038
417000,0.010,0.908,0.082
417500,0.010,0.950,0.040
418000,0.010,0.923,0.067
418500,0.010,0.970,0.020
419000,0.010,0.972,0.018
419500,0.010,0.934,0.056
420000,0.010,0.988,0.002
420500,0.010,0.935,0.055
421000,0.010,0.878,0.112
421500,0.010,0.979,0.011
422000,0.010,0.944,0.046
422500,0.010,0.983,0.007
423000,0.010,0.949,0.041
423500,0.010,0.935,0.055
424000,0.010,0.988,0.002
424500,0.010,0.887,0.103
425000,0.010,0.955,0.035
425500,0.010,0.899,0.091
426000,0.010,0.870,0.120
426500,0.010,0.965,0.025
427000,0.010,0.918,0.072
427500,0.010,0.982,0.008
428000,0.010,0.986,0.004
428500,0.010,0.893,0.097
429000,0.010,0.948,0.042
429500,0.010,0.982,0.008
430000,0.010,0.769,0.221
430500,0.010,0.990,0.000
431000,0.010,0.970,0.020
431500,0.010,0.940,0.050
432000,0.010,0.990,0.000
432500,0.010,0.959,0.031
433000,0.010,0.938,0.052
433500,0.010,0.784,0.206
434000,0.010,0.855,0.135
434500,0.010,0.928,0.062
435000,0.010,0.962,0.028
435500,0.010,0.895,0.095
436000,0.010,0.973,0.017
436500,0.010,0.982,0.008
437000,0.010,0.964,0.026
437500,0.010,0.941,0.049
438000,0.010,0.990,0.000
438500,0.010,0.975,0.015
439000,0.010,0.946,0.044
439500,0.010,0.967,0.023
440000,0.010,0.989,0.001
440500,0.010,0.910,0.080
441000,0.010,0.990,0.000
441500,0.010,0.911,0.079
442000,0.010,0.861,0.129
442500,0.010,0.988,0.002
443000,0.010,0.949,0.041
443500,0.010,0.951,0.039
444000,0.010,0.942,0.048
444500,0.010,0.970,0.020
445000,0.010,0.910,0.080
445500,0.010,0.915,0.075
446000,0.010,0.989,0.001
446500,0.010,0.833,0.157
447000,0.010,0.944,0.046
447500,0.010,0.986,0.004
448000,0.010,0.924,0.066
448500,0.010,0.966,0.024
449000,0.010,0.970,0.020
449500,0.010,0.974,0.016
450000,0.010,0.968,0.022
450500,0.010,0.957,0.033
451000,0.010,0.984,0.006
451500,0.010,0.934,0.056
452000,0.010,0.972,0.018
452500,0.010,0.900,0.090
453000,0.010,0.967,0.023
453500,0.010,0.982,0.008
454000,0.010,0.984,0.006
454500,0.010,0.943,0.047
455000,0.010,0.855,0.135
455500,0.010,0.978,0.012
456000,0.010,0.986,0.004
456500,0.010,0.925,0.065
457000,0.010,0.956,0.034
457500,0.010,0.938,0.052
458000,0.010,0.974,0.016
458500,0.010,0.990,0.000
459000,0.010,0.927,0.063
459500,0.010,0.987,0.003
460000,0.010,0.987,0.003
460500,0.010,0.911,0.079
461000,0.010,0.929,0.061
461500,0.010,0.969,0.021
462000,0.010,0.972,0.018
462500,0.010,0.849,0.141
463000,0.010,0.956,0.034
463500,0.010,0.917,0.073
464000,0.010,0.965,0.025
464500,0.010,0.988,0.002
465000,0.010,0.952,0.038
465500,0.010,0.930,0.060
466000,0.010,0.974,0.016
466500,0.010,0.958,0.032
467000,0.010,0.961,0.029
467500,0.010,0.974,0.016
468000,0.010,0.990,0.000
468500,0.010,0.977,0.013
469000,0.010,0.988,0.002
469500,0.010,0.963,0.027
470000,0.010,0.990,0.000
470500,0.010,0.968,0.022
471000,0.010,0.990,0.000
471500,0.010,0.990,0.000
472000,0.010,0.954,0.036
472500,0.010,0.969,0.021
473000,0.010,0.986,0.004
473500,0.010,0.957,0.033
474000,0.010,0.954,0.036
474500,0.010,0.930,0.060
475000,0.010,0.982,0.008
475500,0.010,0.934,0.056
476000,0.010,0.989,0.001
476500,0.010,0.938,0.052
477000,0.010,0.941,0.049
477500,0.010,0.933,0.057
478000,0.010,0.964,0.026
478500,0.010,0.990,0.000
479000,0.010,0.932,0.058
479500,0.010,0.865,0.125
480000,0.010,0.927,0.063
480500,0.010,0.945,0.045
481000,0.010,0.988,0.002
481500,0.010,0.982,0.008
482000,0.010,0.985,0.005
482500,0.010,0.987,0.003
483000,0.010,0.953,0.037
483500,0.010,0.982,0.008
484000,0.010,0.963,0.027
484500,0.010,0.990,0.000
485000,0.010,0.982,0.008
485500,0.010,0.936,0.054
486000,0.010,0.969,0.021
486500,0.010,0.989,0.001
487000,0.010,0.976,0.014
487500,0.010,0.989,0.001
488000,0.010,0.972,0.018
488500,0.010,0.875,0.115
489000,0.010,0.988,0.002
489500,0.010,0.987,0.003
490000,0.010,0.990,0.000
490500,0.010,0.990,0.000
491000,0.010,0.990,0.000
491500,0.010,0.840,0.150
492000,0.010,0.954,0.036
492500,0.010,0.990,0.000
493000,0.010,0.989,0.001
493500,0.010,0.917,0.073
494000,0.010,0.982,0.008
494500,0.010,0.990,0.000
495000,0.010,0.985,0.005
495500,0.010,0.952,0.038
496000,0.010,0.969,0.021
496500,0.010,0.846,0.144
497000,0.010,0.989,0.001
497500,0.010,0.962,0.028
498000,0.010,0.989,0.001
498500,0.010,0.990,0.000
499000,0.010,0.960,0.030
499500,0.010,0.883,0.107
500000,0.010,0.813,0.177
500500,0.010,0.979,0.011
501000,0.010,0.867,0.123
501500,0.010,0.888,0.102
502000,0.010,0.897,0.093
502500,0.010,0.988,0.002
503000,0.010,0.988,0.002
503500,0.010,0.966,0.024
504000,0.010,0.953,0.037
504500,0.010,0.990,0.000
505000,0.010,0.980,0.010
505500,0.010,0.989,0.001
506000,0.010,0.966,0.024
506500,0.010,0.980,0.010
507000,0.010,0.988,0.002
507500,0.010,0.987,0.003
508000,0.010,0.876,0.114
508500,0.010,0.975,0.015
509000,0.010,0.990,0.000
509500,0.010,0.977,0.013
510000,0.010,0.972,0.018
510500,0.010,0.924,0.066
511000,0.010,0.989,0.001
511500,0.010,0.941,0.049
512000,0.010,0.890,0.100
512500,0.010,0.958,0.032
513000,0.010,0.981,0.009
513500,0.010,0.926,0.064
514000,0.010,0.950,0.040
514500,0.010,0.978,0.012
515000,0.010,0.977,0.013
515500,0.010,0.943,0.047
516000,0.010,0.985,0.005
516500,0.010,0.933,0.057
517000,0.010,0.980,0.010
517500,0.010,0.950,0.040
518000,0.010,0.936,0.054
518500,0.010,0.989,0.001
519000,0.010,0.937,0.053
519500,0.010,0.978,0.012
520000,0.010,0.945,0.045
520500,0.010,0.976,0.014
521000,0.010,0.946,0.044
521500,0.010,0.968,0.022
522000,0.010,0.987,0.003
522500,0.010,0.979,0.011
523000,0.010,0.939,0.051
523500,0.010,0.941,0.049
524000,0.010,0.926,0.064
524500,0.010,0.989,0.001
525000,0.010,0.986,0.004
525500,0.010,0.985,0.005
526000,0.010,0.990,0.000
526500,0.010,0.990,0.000
527000,0.010,0.962,0.028
527500,0.010,0.986,0.004
528000,0.010,0.990,0.000
528500,0.010,0.977,0.013
529000,0.010,0.983,0.007
529500,0.010,0.898,0.092
530000,0.010,0.953,0.037
530500,0.010,0.916,0.074
531000,0.010,0.924,0.066
531500,0.010,0.990,0.000
532000,0.010,0.990,0.000
532500,0.010,0.944,0.046
533000,0.010,0.933,0.057
533500,0.010,0.978,0.012
534000,0.010,0.855,0.135
534500,0.010,0.959,0.031
535000,0.010,0.988,0.002
535500,0.010,0.968,0.022
536000,0.010,0.989,0.001
536500,0.010,0.954,0.036
537000,0.010,0.983,0.007
537500,0.010,0.989,0.001
538000,0.010,0.963,0.027
538500,0.010,0.968,0.022
539000,0.010,0.974,0.016
539500,0.010,0.936,0.054
540000,0.010,0.974,0.016
540500,0.010,0.989,0.001
541000,0.010,0.984,0.006
541500,0.010,0.977,0.013
542000,0.010,0.977,0.013
542500,0.010,0.946,0.044
543000,0.010,0.861,0.129
543500,0.010,0.981,0.009
544000,0.010,0.987,0.003
544500,0.010,0.974,0.016
545000,0.010,0.984,0.006
545500,0.010,0.960,0.030
546000,0.010,0.922,0.068
546500,0.010,0.954,0.036
547000,0.010,0.960,0.030
547500,0.010,0.914,0.076
548000,0.010,0.908,0.082
548500,0.010,0.958,0.032
549000,0.010,0.917,0.073
549500,0.010,0.939,0.051
550000,0.010,0.974,0.016
550500,0.010,0.940,0.050
551000,0.010,0.953,0.037
551500,0.010,0.967,0.023
552000,0.010,0.948,0.042
552500,0.010,0.985,0.005
553000,0.010,0.990,0.000
553500,0.010,0.965,0.025
554000,0.010,0.963,0.027
554500,0.010,0.960,0.030
555000,0.010,0.922,0.068
555500,0.010,0.870,0.120
556000,0.010,0.976,0.014
556500,0.010,0.964,0.026
557000,0.010,0.983,0.007
557500,0.010,0.953,0.037
558000,0.010,0.982,0.008
558500,0.010,0.981,0.009
559000,0.010,0.901,0.089
559500,0.010,0.922,0.068
560000,0.010,0.989,0.001
560500,0.010,0.881,0.109
561000,0.010,0.960,0.030
561500,0.010,0.975,0.015
562000,0.010,0.952,0.038
562500,0.010,0.896,0.094
563000,0.010,0.959,0.031
563500,0.010,0.972,0.018
564000,0.010,0.990,0.000
564500,0.010,0.966,0.024
565000,0.010,0.985,0.005
565500,0.010,0.961,0.029
566000,0.010,0.962,0.028
566500,0.010,0.988,0.002
567000,0.010,0.955,0.035
567500,0.010,0.962,0.028
568000,0.010,0.987,0.003
568500,0.010,0.949,0.041
569000,0.010,0.987,0.003
569500,0.010,0.933,0.057
570000,0.010,0.959,0.031
570500,0.010,0.975,0.015
571000,0.010,0.838,0.152
571500,0.010,0.990,0.000
572000,0.010,0.915,0.075
572500,0.010,0.863,0.127
573000,0.010,0.964,0.026
573500,0.010,0.988,0.002
574000,0.010,0.977,0.013
574500,0.010,0.953,0.037
575000,0.010,0.965,0.025
575500,0.010,0.869,0.121
576000,0.010,0.990,0.000
576500,0.010,0.945,0.045
577000,0.010,0.844,0.146
577500,0.010,0.959,0.031
578000,0.010,0.951,0.039
578500,0.010,0.989,0.001
579000,0.010,0.926,0.064
579500,0.010,0.948,0.042
580000,0.010,0.990,0.000
580500,0.010,0.870,0.120
581000,0.010,0.987,0.003
581500,0.010,0.990,0.000
582000,0.010,0.944,0.046
582500,0.010,0.942,0.048
583000,0.010,0.926,0.064
583500,0.010,0.916,0.074
584000,0.010,0.950,0.040
584500,0.010,0.974,0.016
585000,0.010,0.931,0.059
585500,0.010,0.956,0.034
586000,0.010,0.990,0.000
586500,0.010,0.976,0.014
587000,0.010,0.943,0.047
587500,0.010,0.951,0.039
588000,0.010,0.915,0.075
588500,0.010,0.923,0.067
589000,0.010,0.981,0.009
589500,0.010,0.935,0.055
590000,0.010,0.884,0.106
590500,0.010,0.948,0.042
591000,0.010,0.912,0.078
591500,0.010,0.953,0.037
592000,0.010,0.987,0.003
592500,0.010,0.974,0.016
593000,0.010,0.943,0.047
593500,0.010,0.976,0.014
594000,0.010,0.990,0.000
594500,0.010,0.963,0.027
595000,0.010,0.905,0.085
595500,0.010,0.921,0.069
596000,0.010,0.990,0.000
596500,0.010,0.946,0.044
597000,0.010,0.990,0.000
597500,0.010,0.986,0.004
598000,0.010,0.957,0.033
598500,0.010,0.892,0.098
599000,0.010,0.959,0.031
599500,0.010,0.989,0.001
600000,0.010,0.956,0.034
600500,0.010,0.959,0.031
601000,0.010,0.983,0.007
601500,0.010,0.962,0.028
602000,0.010,0.989,0.001
602500,0.010,0.989,0.001
603000,0.010,0.918,0.072
603500,0.010,0.983,0.007
604000,0.010,0.918,0.072
604500,0.010,0.954,0.036
605000,0.010,0.930,0.060
605500,0.010,0.965,0.025
606000,0.010,0.980,0.010
606500,0.010,0.960,0.030
607000,0.010,0.961,0.029
607500,0.010,0.928,0.062
608000,0.010,0.926,0.064
608500,0.010,0.983,0.007
609000,0.010,0.969,0.021
609500,0.010,0.990,0.000
610000,0.010,0.962,0.028
610500,0.010,0.910,0.080
611000,0.010,0.971,0.019
611500,0.010,0.983,0.007
612000,0.010,0.990,0.000
612500,0.010,0.956,0.034
613000,0.010,0.990,0.000
613500,0.010,0.955,0.035
614000,0.010,0.951,0.039
614500,0.010,0.920,0.070
615000,0.010,0.893,0.097
615500,0.010,0.968,0.022
616000,0.010,0.957,0.033
616500,0.010,0.958,0.032
617000,0.010,0.910,0.080
617500,0.010,0.978,0.012
618000,0.010,0.985,0.005
618500,0.010,0.907,0.083
619000,0.010,0.989,0.001
619500,0.010,0.990,0.000
620000,0.010,0.947,0.043
620500,0.010,0.868,0.122
621000,0.010,0.957,0.033
621500,0.010,0.973,0.017
622000,0.010,0.942,0.048
622500,0.010,0.906,0.084
623000,0.010,0.967,0.023
623500,0.010,0.985,0.005
624000,0.010,0.886,0.104
624500,0.010,0.890,0.100
625000,0.010,0.962,0.028
625500,0.010,0.971,0.019
626000,0.010,0.980,0.010
626500,0.010,0.909,0.081
627000,0.010,0.973,0.017
627500,0.010,0.980,0.010
628000,0.010,0.969,0.021
628500,0.010,0.966,0.024
629000,0.010,0.940,0.050
629500,0.010,0.961,0.029
630000,0.010,0.850,0.140
630500,0.010,0.875,0.115
631000,0.010,0.835,0.155
631500,0.010,0.893,0.097
632000,0.010,0.889,0.101
632500,0.010,0.800,0.190
633000,0.010,0.990,0.000
633500,0.010,0.915,0.075
634000,0.010,0.940,0.050
634500,0.010,0.988,0.002
635000,0.010,0.930,0.060
635500,0.010,0.989,0.001
636000,0.010,0.989,0.001
636500,0.010,0.963,0.027
637000,0.010,0.982,0.008
637500,0.010,0.954,0.036
638000,0.010,0.879,0.111
638500,0.010,0.940,0.050
639000,0.010,0.868,0.122
639500,0.010,0.931,0.059
640000,0.010,0.882,0.108
640500,0.010,0.985,0.005
641000,0.010,0.967,0.023
641500,0.010,0.975,0.015
642000,0.010,0.944,0.046
642500,0.010,0.907,0.083
643000,0.010,0.963,0.027
643500,0.010,0.841,0.149
644000,0.010,0.970,0.020
644500,0.010,0.962,0.028
645000,0.010,0.987,0.003
645500,0.010,0.990,0.000
646000,0.010,0.930,0.060
646500,0.010,0.989,0.001
647000,0.010,0.990,0.000
647500,0.010,0.990,0.000
648000,0.010,0.914,0.076
648500,0.010,0.987,0.003
649000,0.010,0.977,0.013
649500,0.010,0.990,0.000
650000,0.010,0.963,0.027
650500,0.010,0.989,0.001
651000,0.010,0.987,0.003
651500,0.010,0.988,0.002
652000,0.010,0.956,0.034
652500,0.010,0.941,0.049
653000,0.010,0.988,0.002
653500,0.010,0.942,0.048
654000,0.010,0.961,0.029
654500,0.010,0.988,0.002
655000,0.010,0.982,0.008
655500,0.010,0.931,0.059
656000,0.010,0.952,0.038
656500,0.010,0.973,0.017
657000,0.010,0.928,0.062
657500,0.010,0.877,0.113
658000,0.010,0.973,0.017
658500,0.010,0.960,0.030
659000,0.010,0.983,0.007
659500,0.010,0.941,0.049
660000,0.010,0.942,0.048
660500,0.010,0.961,0.029
661000,0.010,0.935,0.055
661500,0.010,0.990,0.000
662000,0.010,0.924,0.066
662500,0.010,0.962,0.028
663000,0.010,0.960,0.030
663500,0.010,0.990,0.000
664000,0.010,0.990,0.000
664500,0.010,0.942,0.048
665000,0.010,0.989,0.001
665500,0.010,0.969,0.021
666000,0.010,0.938,0.052
666500,0.010,0.910,0.080
667000,0.010,0.943,0.047
667500,0.010,0.902,0.088
668000,0.010,0.976,0.014
668500,0.010,0.941,0.049
669000,0.010,0.930,0.060
669500,0.010,0.924,0.066
670000,0.010,0.945,0.045
670500,0.010,0.990,0.000
671000,0.010,0.880,0.110
671500,0.010,0.989,0.001
672000,0.010,0.917,0.073
672500,0.010,0.889,0.101
673000,0.010,0.923,0.067
673500,0.010,0.981,0.009
674000,0.010,0.958,0.032
674500,0.010,0.963,0.027
675000,0.010,0.948,0.042
675500,0.010,0.918,0.072
676000,0.010,0.988,0.002
676500,0.010,0.959,0.031
677000,0.010,0.962,0.028
677500,0.010,0.990,0.000
678000,0.010,0.977,0.013
678500,0.010,0.959,0.031
679000,0.010,0.948,0.042
679500,0.010,0.986,0.004
680000,0.010,0.936,0.054
680500,0.010,0.988,0.002
681000,0.010,0.962,0.028
681500,0.010,0.950,0.040
682000,0.010,0.918,0.072
682500,0.010,0.981,0.009
683000,0.010,0.985,0.005
683500,0.010,0.990,0.000
684000,0.010,0.961,0.029
684500,0.010,0.964,0.026
685000,0.010,0.962,0.028
685500,0.010,0.976,0.014
686000,0.010,0.990,0.000
686500,0.010,0.990,0.000
687000,0.010,0.971,0.019
687500,0.010,0.914,0.076
688000,0.010,0.957,0.033
688500,0.010,0.990,0.000
689000,0.010,0.990,0.000
689500,0.010,0.968,0.022
690000,0.010,0.978,0.012
690500,0.010,0.988,0.002
691000,0.010,0.990,0.000
691500,0.010,0.990,0.000
692000,0.010,0.915,0.075
692500,0.010,0.968,0.022
693000,0.010,0.961,0.029
693500,0.010,0.934,0.056
694000,0.010,0.988,0.002
694500,0.010,0.890,0.100
695000,0.010,0.990,0.000
695500,0.010,0.942,0.048
696000,0.010,0.962,0.028
696500,0.010,0.989,0.001
697000,0.010,0.961,0.029
697500,0.010,0.990,0.000
698000,0.010,0.955,0.035
698500,0.010,0.974,0.016
699000,0.010,0.990,0.000
699500,0.010,0.932,0.058
700000,0.010,0.973,0.017
700500,0.010,0.861,0.129
701000,0.010,0.973,0.017
701500,0.010,0.951,0.039
702000,0.010,0.965,0.025
702500,0.010,0.956,0.034
703000,0.010,0.952,0.038
703500,0.010,0.934,0.056
704000,0.010,0.987,0.003
704500,0.010,0.896,0.094
705000,0.010,0.932,0.058
705500,0.010,0.965,0.025
706000,0.010,0.974,0.016
706500,0.010,0.989,0.001
707000,0.010,0.925,0.065
707500,0.010,0.903,0.087
708000,0.010,0.987,0.003
708500,0.010,0.990,0.000
709000,0.010,0.988,0.002
709500,0.010,0.990,0.000
710000,0.010,0.989,0.001
710500,0.010,0.978,0.012
711000,0.010,0.970,0.020
711500,0.010,0.988,0.002
712000,0.010,0.933,0.057
712500,0.010,0.975,0.015
713000,0.010,0.968,0.022
713500,0.010,0.989,0.001
714000,0.010,0.988,0.002
714500,0.010,0.981,0.009
715000,0.010,0.905,0.085
715500,0.010,0.977,0.013
716000,0.010,0.941,0.049
716500,0.010,0.894,0.096
717000,0.010,0.935,0.055
717500,0.010,0.962,0.028
718000,0.010,0.953,0.037
718500,0.010,0.935,0.055
719000,0.010,0.990,0.000
719500,0.010,0.981,0.009
720000,0.010,0.969,0.021
720500,0.010,0.955,0.035
721000,0.010,0.981,0.009
721500,0.010,0.947,0.043
722000,0.010,0.989,0.001
722500,0.010,0.948,0.042
723000,0.010,0.990,0.000
723500,0.010,0.986,0.004
724000,0.010,0.988,0.002
724500,0.010,0.968,0.022
725000,0.010,0.951,0.039
725500,0.010,0.966,0.024
726000,0.010,0.966,0.024
726500,0.010,0.990,0.000
727000,0.010,0.990,0.000
727500,0.010,0.988,0.002
728000,0.010,0.990,0.000
728500,0.010,0.985,0.005
729000,0.010,0.976,0.014
729500,0.010,0.955,0.035
730000,0.010,0.916,0.074
730500,0.010,0.919,0.071
731000,0.010,0.976,0.014
731500,0.010,0.957,0.033
732000,0.010,0.978,0.012
732500,0.010,0.979,0.011
733000,0.010,0.971,0.019
733500,0.010,0.953,0.037
734000,0.010,0.981,0.009
734500,0.010,0.970,0.020
735000,0.010,0.935,0.055
735500,0.010,0.989,0.001
736000,0.010,0.913,0.077
736500,0.010,0.940,0.050
737000,0.010,0.986,0.004
737500,0.010,0.986,0.004
738000,0.010,0.966,0.024
738500,0.010,0.960,0.030
739000,0.010,0.968,0.022
739500,0.010,0.899,0.091
740000,0.010,0.904,0.086
740500,0.010,0.986,0.004
741000,0.010,0.977,0.013
741500,0.010,0.981,0.009
742000,0.010,0.962,0.028
742500,0.010,0.937,0.053
743000,0.010,0.880,0.110
743500,0.010,0.921,0.069
744000,0.010,0.957,0.033
744500,0.010,0.987,0.003
745000,0.010,0.911,0.079
745500,0.010,0.950,0.040
746000,0.010,0.955,0.035
746500,0.010,0.963,0.027
747000,0.010,0.989,0.001
747500,0.010,0.851,0.139
748000,0.010,0.919,0.071
748500,0.010,0.981,0.009
749000,0.010,0.845,0.145
749500,0.010,0.990,0.000
750000,0.010,0.986,0.004
750500,0.010,0.973,0.017
751000,0.010,0.990,0.000
751500,0.010,0.981,0.009
752000,0.010,0.990,0.000
752500,0.010,0.960,0.030
753000,0.010,0.989,0.001
753500,0.010,0.924,0.066
754000,0.010,0.979,0.011
754500,0.010,0.965,0.025
755000,0.010,0.988,0.002
755500,0.010,0.986,0.004
756000,0.010,0.966,0.024
756500,0.010,0.896,0.094
757000,0.010,0.975,0.015
757500,0.010,0.889,0.101
758000,0.010,0.985,0.005
758500,0.010,0.990,0.000
759000,0.010,0.924,0.066
759500,0.010,0.986,0.004
760000,0.010,0.966,0.024
760500,0.010,0.924,0.066
761000,0.010,0.990,0.000
761500,0.010,0.984,0.006
762000,0.010,0.861,0.129
762500,0.010,0.985,0.005
763000,0.010,0.979,0.011
763500,0.010,0.944,0.046
764000,0.010,0.949,0.041
764500,0.010,0.891,0.099
765000,0.010,0.976,0.014
765500,0.010,0.919,0.071
766000,0.010,0.890,0.100
766500,0.010,0.934,0.056
767000,0.010,0.943,0.047
767500,0.010,0.990,0.000
768000,0.010,0.983,0.007
768500,0.010,0.974,0.016
769000,0.010,0.939,0.051
769500,0.010,0.990,0.000
770000,0.010,0.980,0.010
770500,0.010,0.922,0.068
771000,0.010,0.936,0.054
771500,0.010,0.949,0.041
772000,0.010,0.927,0.063
772500,0.010,0.933,0.057
773000,0.010,0.943,0.047
773500,0.010,0.990,0.000
774000,0.010,0.977,0.013
774500,0.010,0.990,0.000
775000,0.010,0.956,0.034
775500,0.010,0.937,0.053
776000,0.010,0.924,0.066
776500,0.010,0.984,0.006
777000,0.010,0.988,0.002
777500,0.010,0.990,0.000
778000,0.010,0.938,0.052
778500,0.010,0.960,0.030
779000,0.010,0.988,0.002
779500,0.010,0.972,0.018
780000,0.010,0.950,0.040
780500,0.010,0.965,0.025
781000,0.010,0.967,0.023
781500,0.010,0.921,0.069
782000,0.010,0.978,0.012
782500,0.010,0.913,0.077
783000,0.010,0.935,0.055
783500,0.010,0.941,0.049
784000,0.010,0.877,0.113
784500,0.010,0.988,0.002
785000,0.010,0.924,0.066
785500,0.010,0.915,0.075
786000,0.010,0.900,0.090
786500,0.010,0.944,0.046
787000,0.010,0.950,0.040
787500,0.010,0.990,0.000
788000,0.010,0.970,0.020
788500,0.010,0.990,0.000
789000,0.010,0.982,0.008
789500,0.010,0.977,0.013
790000,0.010,0.953,0.037
790500,0.010,0.971,0.019
791000,0.010,0.986,0.004
791500,0.010,0.990,0.000
792000,0.010,0.987,0.003
792500,0.010,0.989,0.001
793000,0.010,0.950,0.040
793500,0.010,0.976,0.014
794000,0.010,0.877,0.113
794500,0.010,0.864,0.126
795000,0.010,0.946,0.044
795500,0.010,0.966,0.024
796000,0.010,0.890,0.100
796500,0.010,0.967,0.023
797000,0.010,0.901,0.089
797500,0.010,0.974,0.016
798000,0.010,0.944,0.046
798500,0.010,0.937,0.053
799000,0.010,0.983,0.007
799500,0.010,0.986,0.004
800000,0.010,0.968,0.022
800500,0.010,0.847,0.143
801000,0.010,0.904,0.086
801500,0.010,0.816,0.174
802000,0.010,0.971,0.019
802500,0.010,0.977,0.013
803000,0.010,0.845,0.145
803500,0.010,0.931,0.059
804000,0.010,0.945,0.045
804500,0.010,0.928,0.062
805000,0.010,0.965,0.025
805500,0.010,0.974,0.016
806000,0.010,0.990,0.000
806500,0.010,0.916,0.074
807000,0.010,0.816,0.174
807500,0.010,0.966,0.024
808000,0.010,0.938,0.052
808500,0.010,0.879,0.111
809000,0.010,0.921,0.069
809500,0.010,0.955,0.035
810000,0.010,0.975,0.015
810500,0.010,0.963,0.027
811000,0.010,0.949,0.041
811500,0.010,0.968,0.022
812000,0.010,0.940,0.050
812500,0.010,0.958,0.032
813000,0.010,0.954,0.036
813500,0.010,0.951,0.039
814000,0.010,0.943,0.047
814500,0.010,0.969,0.021
815000,0.010,0.952,0.038
815500,0.010,0.987,0.003
816000,0.010,0.873,0.117
816500,0.010,0.990,0.000
817000,0.010,0.968,0.022
817500,0.010,0.987,0.003
818000,0.010,0.840,0.150
818500,0.010,0.919,0.071
819000,0.010,0.989,0.001
819500,0.010,0.900,0.090
820000,0.010,0.960,0.030
820500,0.010,0.959,0.031
821000,0.010,0.787,0.203
821500,0.010,0.938,0.052
822000,0.010,0.982,0.008
822500,0.010,0.963,0.027
823000,0.010,0.981,0.009
823500,0.010,0.962,0.028
824000,0.010,0.973,0.017
824500,0.010,0.956,0.034
825000,0.010,0.979,0.011
825500,0.010,0.956,0.034
826000,0.010,0.869,0.121
826500,0.010,0.972,0.018
827000,0.010,0.940,0.050
827500,0.010,0.966,0.024
828000,0.010,0.880,0.110
828500,0.010,0.935,0.055
829000,0.010,0.966,0.024
829500,0.010,0.973,0.017
830000,0.010,0.880,0.110
830500,0.010,0.977,0.013
831000,0.010,0.986,0.004
831500,0.010,0.911,0.079
832000,0.010,0.971,0.019
832500,0.010,0.841,0.149
833000,0.010,0.946,0.044
833500,0.010,0.952,0.038
834000,0.010,0.934,0.056
834500,0.010,0.989,0.001
835000,0.010,0.865,0.125
835500,0.010,0.985,0.005
836000,0.010,0.989,0.001
836500,0.010,0.965,0.025
837000,0.010,0.951,0.039
837500,0.010,0.921,0.069
838000,0.010,0.981,0.009
838500,0.010,0.987,0.003
839000,0.010,0.916,0.074
839500,0.010,0.989,0.001
840000,0.010,0.929,0.061
840500,0.010,0.990,0.000
841000,0.010,0.963,0.027
841500,0.010,0.979,0.011
842000,0.010,0.969,0.021
842500,0.010,0.976,0.014
843000,0.010,0.989,0.001
843500,0.010,0.983,0.007
844000,0.010,0.972,0.018
844500,0.010,0.990,0.000
845000,0.010,0.989,0.001
845500,0.010,0.980,0.010
846000,0.010,0.985,0.005
846500,0.010,0.986,0.004
847000,0.010,0.947,0.043
847500,0.010,0.921,0.069
848000,0.010,0.896,0.094
848500,0.010,0.914,0.076
849000,0.010,0.988,0.002
849500,0.010,0.950,0.040
850000,0.010,0.948,0.042
850500,0.010,0.953,0.037
851000,0.010,0.988,0.002
851500,0.010,0.990,0.000
852000,0.010,0.919,0.071
852500,0.010,0.951,0.039
853000,0.010,0.919,0.071
853500,0.010,0.922,0.068
854000,0.010,0.919,0.071
854500,0.010,0.986,0.004
855000,0.010,0.965,0.025
855500,0.010,0.987,0.003
856000,0.010,0.884,0.106
856500,0.010,0.943,0.047
857000,0.010,0.964,0.026
857500,0.010,0.978,0.012
858000,0.010,0.980,0.010
858500,0.010,0.965,0.025
859000,0.010,0.913,0.077
859500,0.010,0.977,0.013
860000,0.010,0.987,0.003
860500,0.010,0.904,0.086
861000,0.010,0.986,0.004
861500,0.010,0.904,0.086
862000,0.010,0.942,0.048
862500,0.010,0.980,0.010
863000,0.010,0.974,0.016
863500,0.010,0.951,0.039
864000,0.010,0.989,0.001
864500,0.010,0.988,0.002
865000,0.010,0.950,0.040
865500,0.010,0.958,0.032
866000,0.010,0.981,0.009
866500,0.010,0.937,0.053
867000,0.010,0.981,0.009
867500,0.010,0.886,0.104
868000,0.010,0.932,0.058
868500,0.010,0.983,0.007
869000,0.010,0.982,0.008
869500,0.010,0.928,0.062
870000,0.010,0.988,0.002
870500,0.010,0.974,0.016
871000,0.010,0.958,0.032
871500,0.010,0.990,0.000
872000,0.010,0.979,0.011
872500,0.010,0.858,0.132
873000,0.010,0.934,0.056
873500,0.010,0.890,0.100
874000,0.010,0.937,0.053
874500,0.010,0.961,0.029
875000,0.010,0.968,0.022
875500,0.010,0.971,0.019
876000,0.010,0.927,0.063
876500,0.010,0.981,0.009
877000,0.010,0.990,0.000
877500,0.010,0.962,0.028
878000,0.010,0.950,0.040
878500,0.010,0.887,0.103
879000,0.010,0.962,0.028
879500,0.010,0.990,0.000
880000,0.010,0.973,0.017
880500,0.010,0.916,0.074
881000,0.010,0.900,0.090
881500,0.010,0.932,0.058
882000,0.010,0.905,0.085
882500,0.010,0.980,0.010
883000,0.010,0.990,0.000
883500,0.010,0.878,0.112
884000,0.010,0.962,0.028
884500,0.010,0.973,0.017
885000,0.010,0.966,0.024
885500,0.010,0.983,0.007
886000,0.010,0.972,0.018
886500,0.010,0.984,0.006
887000,0.010,0.983,0.007
887500,0.010,0.985,0.005
888000,0.010,0.975,0.015
888500,0.010,0.974,0.016
889000,0.010,0.905,0.085
889500,0.010,0.942,0.048
890000,0.010,0.982,0.008
890500,0.010,0.965,0.025
891000,0.010,0.990,0.000
891500,0.010,0.941,0.049
892000,0.010,0.911,0.079
892500,0.010,0.928,0.062
893000,0.010,0.971,0.019
893500,0.010,0.990,0.000
894000,0.010,0.894,0.096
894500,0.010,0.908,0.082
895000,0.010,0.904,0.086
895500,0.010,0.972,0.018
896000,0.010,0.990,0.000
896500,0.010,0.975,0.015
897000,0.010,0.901,0.089
897500,0.010,0.983,0.007
898000,0.010,0.981,0.009
898500,0.010,0.843,0.147
899000,0.010,0.923,0.067
899500,0.010,0.969,0.021
900000,0.010,0.965,0.025
900500,0.010,0.962,0.028
901000,0.010,0.951,0.039
901500,0.010,0.973,0.017
902000,0.010,0.945,0.045
902500,0.010,0.950,0.040
903000,0.010,0.964,0.026
903500,0.010,0.940,0.050
904000,0.010,0.976,0.014
904500,0.010,0.990,0.000
905000,0.010,0.988,0.002
905500,0.010,0.990,0.000
906000,0.010,0.923,0.067
906500,0.010,0.986,0.004
907000,0.010,0.966,0.024
907500,0.010,0.913,0.077
908000,0.010,0.990,0.000
908500,0.010,0.980,0.010
909000,0.010,0.900,0.090
909500,0.010,0.958,0.032
910000,0.010,0.970,0.020
910500,0.010,0.984,0.006
911000,0.010,0.930,0.060
911500,0.010,0.986,0.004
912000,0.010,0.975,0.015
912500,0.010,0.972,0.018
913000,0.010,0.979,0.011
913500,0.010,0.973,0.017
914000,0.010,0.972,0.018
914500,0.010,0.977,0.013
915000,0.010,0.972,0.018
915500,0.010,0.969,0.021
916000,0.010,0.964,0.026
916500,0.010,0.990,0.000
917000,0.010,0.947,0.043
917500,0.010,0.943,0.047
918000,0.010,0.990,0.000
918500,0.010,0.970,0.020
919000,0.010,0.961,0.029
919500,0.010,0.966,0.024
920000,0.010,0.985,0.005
920500,0.010,0.973,0.017
921000,0.010,0.984,0.006
921500,0.010,0.962,0.028
922000,0.010,0.949,0.041
922500,0.010,0.926,0.064
923000,0.010,0.961,0.029
923500,0.010,0.967,0.023
924000,0.010,0.989,0.001
924500,0.010,0.949,0.041
925000,0.010,0.934,0.056
925500,0.010,0.968,0.022
926000,0.010,0.888,0.102
926500,0.010,0.990,0.000
927000,0.010,0.990,0.000
927500,0.010,0.949,0.041
928000,0.010,0.990,0.000
928500,0.010,0.888,0.102
929000,0.010,0.980,0.010
929500,0.010,0.927,0.063
930000,0.010,0.990,0.000
930500,0.010,0.966,0.024
931000,0.010,0.979,0.011
931500,0.010,0.990,0.000
932000,0.010,0.914,0.076
932500,0.010,0.973,0.017
933000,0.010,0.990,0.000
933500,0.010,0.958,0.032
934000,0.010,0.959,0.031
934500,0.010,0.948,0.042
935000,0.010,0.912,0.078
935500,0.010,0.961,0.029
936000,0.010,0.957,0.033
936500,0.010,0.989,0.001
937000,0.010,0.988,0.002
937500,0.010,0.953,0.037
938000,0.010,0.915,0.075
938500,0.010,0.984,0.006
939000,0.010,0.846,0.144
939500,0.010,0.905,0.085
940000,0.010,0.989,0.001
940500,0.010,0.938,0.052
941000,0.010,0.908,0.082
941500,0.010,0.983,0.007
942000,0.010,0.956,0.034
942500,0.010,0.987,0.003
943000,0.010,0.967,0.023
943500,0.010,0.988,0.002
944000,0.010,0.966,0.024
944500,0.010,0.978,0.012
945000,0.010,0.957,0.033
945500,0.010,0.986,0.004
946000,0.010,0.990,0.000
946500,0.010,0.943,0.047
947000,0.010,0.979,0.011
947500,0.010,0.982,0.008
948000,0.010,0.935,0.055
948500,0.010,0.979,0.011
949000,0.010,0.918,0.072
949500,0.010,0.987,0.003
950000,0.010,0.946,0.044
950500,0.010,0.979,0.011
951000,0.010,0.960,0.030
951500,0.010,0.990,0.000
952000,0.010,0.950,0.040
952500,0.010,0.965,0.025
953000,0.010,0.973,0.017
953500,0.010,0.955,0.035
954000,0.010,0.977,0.013
954500,0.010,0.953,0.037
955000,0.010,0.855,0.135
955500,0.010,0.990,0.000
956000,0.010,0.971,0.019
956500,0.010,0.943,0.047
957000,0.010,0.990,0.000
957500,0.010,0.962,0.028
958000,0.010,0.987,0.003
958500,0.010,0.936,0.054
959000,0.010,0.922,0.068
959500,0.010,0.942,0.048
960000,0.010,0.950,0.040
960500,0.010,0.989,0.001
961000,0.010,0.942,0.048
961500,0.010,0.987,0.003
962000,0.010,0.906,0.084
962500,0.010,0.968,0.022
963000,0.010,0.950,0.040
963500,0.010,0.934,0.056
964000,0.010,0.927,0.063
964500,0.010,0.987,0.003
965000,0.010,0.916,0.074
965500,0.010,0.914,0.076
966000,0.010,0.904,0.086
966500,0.010,0.979,0.011
967000,0.010,0.839,0.151
967500,0.010,0.959,0.031
968000,0.010,0.859,0.131
968500,0.010,0.958,0.032
969000,0.010,0.924,0.066
969500,0.010,0.965,0.025
970000,0.010,0.972,0.018
970500,0.010,0.983,0.007
971000,0.010,0.959,0.031
971500,0.010,0.962,0.028
972000,0.010,0.990,0.000
972500,0.010,0.983,0.007
973000,0.010,0.985,0.005
973500,0.010,0.928,0.062
974000,0.010,0.987,0.003
974500,0.010,0.936,0.054
975000,0.010,0.936,0.054
975500,0.010,0.979,0.011
976000,0.010,0.889,0.101
976500,0.010,0.990,0.000
977000,0.010,0.917,0.073
977500,0.010,0.977,0.013
978000,0.010,0.978,0.012
978500,0.010,0.974,0.016
979000,0.010,0.983,0.007
979500,0.010,0.955,0.035
980000,0.010,0.984,0.006
980500,0.010,0.980,0.010
981000,0.010,0.990,0.000
981500,0.010,0.939,0.051
982000,0.010,0.858,0.132
982500,0.010,0.967,0.023
983000,0.010,0.970,0.020
983500,0.010,0.990,0.000
984000,0.010,0.986,0.004
984500,0.010,0.990,0.000
985000,0.010,0.990,0.000
985500,0.010,0.990,0.000
986000,0.010,0.990,0.000
986500,0.010,0.716,0.274
987000,0.010,0.986,0.004
987500,0.010,0.884,0.106
988000,0.010,0.988,0.002
988500,0.010,0.980,0.010
989000,0.010,0.825,0.165
989500,0.010,0.967,0.023
990000,0.010,0.949,0.041
990500,0.010,0.990,0.000
991000,0.010,0.976,0.014
991500,0.010,0.980,0.010
992000,0.010,0.978,0.012
992500,0.010,0.810,0.180
993000,0.010,0.975,0.015
993500,0.010,0.950,0.040
994000,0.010,0.963,0.027
994500,0.010,0.979,0.011
995000,0.010,0.944,0.046
995500,0.010,0.988,0.002
996000,0.010,0.952,0.038
996500,0.010,0.984,0.006
997000,0.010,0.973,0.017
997500,0.010,0.990,0.000
998000,0.010,0.966,0.024
998500,0.010,0.984,0.006
999000,0.010,0.987,0.003
999500,0.010,0.986,0.004
1000000,0.010,0.934,0.056
