time,n_A+p,n_B,n_AB
500,0.010,0.979,0.011
1000,0.010,0.827,0.163
1500,0.010,0.833,0.157
2000,0.010,0.574,0.416
2500,0.010,0.792,0.198
3000,0.010,0.789,0.201
3500,0.010,0.818,0.172
4000,0.010,0.898,0.092
4500,0.010,0.624,0.366
5000,0.010,0.921,0.069
5500,0.010,0.833,0.157
6000,0.010,0.985,0.005
6500,0.010,0.877,0.113
7000,0.010,0.615,0.375
7500,0.010,0.768,0.222
8000,0.010,0.924,0.066
8500,0.010,0.911,0.079
9000,0.010,0.870,0.120
9500,0.010,0.975,0.015
10000,0.010,0.964,0.026
10500,0.010,0.949,0.041
11000,0.010,0.846,0.144
11500,0.010,0.878,0.112
12000,0.010,0.985,0.005
12500,0.010,0.939,0.051
13000,0.010,0.823,0.167
13500,0.010,0.765,0.225
14000,0.010,0.739,0.251
14500,0.010,0.586,0.404
15000,0.010,0.874,0.116
15500,0.010,0.781,0.209
16000,0.010,0.917,0.073
16500,0.010,0.580,0.410
17000,0.010,0.886,0.104
17500,0.010,0.965,0.025
18000,0.010,0.951,0.039
18500,0.010,0.876,0.114
19000,0.010,0.972,0.018
19500,0.010,0.843,0.147
20000,0.010,0.871,0.119
20500,0.010,0.926,0.064
21000,0.010,0.898,0.092
21500,0.010,0.779,0.211
22000,0.010,0.822,0.168
22500,0.010,0.671,0.319
23000,0.010,0.816,0.174
23500,0.010,0.969,0.021
24000,0.010,0.654,0.336
24500,0.010,0.823,0.167
25000,0.010,0.533,0.457
25500,0.010,0.817,0.173
26000,0.010,0.886,0.104
26500,0.010,0.870,0.120
27000,0.010,0.974,0.016
27500,0.010,0.729,0.261
28000,0.010,0.811,0.179
28500,0.010,0.769,0.221
29000,0.010,0.933,0.057
29500,0.010,0.935,0.055
30000,0.010,0.861,0.129
30500,0.010,0.716,0.274
31000,0.010,0.615,0.375
31500,0.010,0.896,0.094
32000,0.010,0.585,0.405
32500,0.010,0.606,0.384
33000,0.010,0.610,0.380
33500,0.010,0.940,0.050
34000,0.010,0.831,0.159
34500,0.010,0.928,0.062
35000,0.010,0.830,0.160
35500,0.010,0.866,0.124
36000,0.010,0.891,0.099
36500,0.010,0.926,0.064
37000,0.010,0.694,0.296
37500,0.010,0.935,0.055
38000,0.010,0.760,0.230
38500,0.010,0.633,0.357
39000,0.010,0.886,0.104
39500,0.010,0.726,0.264
40000,0.010,0.859,0.131
40500,0.010,0.912,0.078
41000,0.010,0.810,0.180
41500,0.010,0.750,0.240
42000,0.010,0.534,0.456
42500,0.010,0.963,0.027
43000,0.010,0.917,0.073
43500,0.010,0.822,0.168
44000,0.010,0.773,0.217
44500,0.010,0.709,0.281
45000,0.010,0.748,0.242
45500,0.010,0.896,0.094
46000,0.010,0.679,0.311
46500,0.010,0.710,0.280
47000,0.010,0.619,0.371
47500,0.010,0.713,0.277
48000,0.010,0.719,0.271
48500,0.010,0.977,0.013
49000,0.010,0.972,0.018
49500,0.010,0.784,0.206
50000,0.010,0.971,0.019
50500,0.010,0.655,0.335
51000,0.010,0.562,0.428
51500,0.010,0.922,0.068
52000,0.010,0.747,0.243
52500,0.010,0.933,0.057
53000,0.010,0.970,0.020
53500,0.010,0.835,0.155
54000,0.010,0.932,0.058
54500,0.010,0.872,0.118
55000,0.010,0.944,0.046
55500,0.010,0.964,0.026
56000,0.010,0.946,0.044
56500,0.010,0.803,0.187
57000,0.010,0.919,0.071
57500,0.010,0.982,0.008
58000,0.010,0.932,0.058
58500,0.010,0.637,0.353
59000,0.010,0.720,0.270
59500,0.010,0.436,0.554
60000,0.010,0.806,0.184
60500,0.010,0.928,0.062
61000,0.010,0.754,0.236
61500,0.010,0.666,0.324
62000,0.010,0.930,0.060
62500,0.010,0.782,0.208
63000,0.010,0.945,0.045
63500,0.010,0.456,0.534
64000,0.010,0.602,0.388
64500,0.010,0.776,0.214
65000,0.010,0.958,0.032
65500,0.010,0.918,0.072
66000,0.010,0.708,0.282
66500,0.010,0.511,0.479
67000,0.010,0.902,0.088
67500,0.010,0.793,0.197
68000,0.010,0.815,0.175
68500,0.010,0.874,0.116
69000,0.010,0.984,0.006
69500,0.010,0.766,0.224
70000,0.010,0.815,0.175
70500,0.010,0.843,0.147
71000,0.010,0.779,0.211
71500,0.010,0.799,0.191
72000,0.010,0.937,0.053
72500,0.010,0.915,0.075
73000,0.010,0.937,0.053
73500,0.010,0.990,0.000
74000,0.010,0.989,0.001
74500,0.010,0.935,0.055
75000,0.010,0.968,0.022
75500,0.010,0.840,0.150
76000,0.010,0.952,0.038
76500,0.010,0.951,0.039
77000,0.010,0.808,0.182
77500,0.010,0.649,0.341
78000,0.010,0.694,0.296
78500,0.010,0.985,0.005
79000,0.010,0.868,0.122
79500,0.010,0.781,0.209
80000,0.010,0.987,0.003
80500,0.010,0.891,0.099
81000,0.010,0.916,0.074
81500,0.010,0.519,0.471
82000,0.010,0.804,0.186
82500,0.010,0.732,0.258
83000,0.010,0.466,0.524
83500,0.010,0.851,0.139
84000,0.010,0.814,0.176
84500,0.010,0.723,0.267
85000,0.010,0.792,0.198
85500,0.010,0.898,0.092
86000,0.010,0.603,0.387
86500,0.010,0.779,0.211
87000,0.010,0.625,0.365
87500,0.010,0.789,0.201
88000,0.010,0.830,0.160
88500,0.010,0.566,0.424
89000,0.010,0.714,0.276
89500,0.010,0.935,0.055
90000,0.010,0.990,0.000
90500,0.010,0.728,0.262
91000,0.010,0.807,0.183
91500,0.010,0.925,0.065
92000,0.010,0.931,0.059
92500,0.010,0.486,0.504
93000,0.010,0.735,0.255
93500,0.010,0.944,0.046
94000,0.010,0.783,0.207
94500,0.010,0.890,0.100
95000,0.010,0.904,0.086
95500,0.010,0.963,0.027
96000,0.010,0.916,0.074
96500,0.010,0.955,0.035
97000,0.010,0.980,0.010
97500,0.010,0.954,0.036
98000,0.010,0.643,0.347
98500,0.010,0.737,0.253
99000,0.010,0.877,0.113
99500,0.010,0.884,0.106
100000,0.010,0.879,0.111
100500,0.010,0.535,0.455
101000,0.010,0.894,0.096
101500,0.010,0.989,0.001
102000,0.010,0.817,0.173
102500,0.010,0.816,0.174
103000,0.010,0.922,0.068
103500,0.010,0.679,0.311
104000,0.010,0.749,0.241
104500,0.010,0.575,0.415
105000,0.010,0.727,0.263
105500,0.010,0.660,0.330
106000,0.010,0.662,0.328
106500,0.010,0.908,0.082
107000,0.010,0.747,0.243
107500,0.010,0.661,0.329
108000,0.010,0.911,0.079
108500,0.010,0.936,0.054
109000,0.010,0.835,0.155
109500,0.010,0.733,0.257
110000,0.010,0.792,0.198
110500,0.010,0.623,0.367
111000,0.010,0.851,0.139
111500,0.010,0.567,0.423
112000,0.010,0.533,0.457
112500,0.010,0.702,0.288
113000,0.010,0.717,0.273
113500,0.010,0.696,0.294
114000,0.010,0.774,0.216
114500,0.010,0.945,0.045
115000,0.010,0.930,0.060
115500,0.010,0.868,0.122
116000,0.010,0.868,0.122
116500,0.010,0.886,0.104
117000,0.010,0.914,0.076
117500,0.010,0.699,0.291
118000,0.010,0.833,0.157
118500,0.010,0.588,0.402
119000,0.010,0.561,0.429
119500,0.010,0.815,0.175
120000,0.010,0.638,0.352
120500,0.010,0.898,0.092
121000,0.010,0.860,0.130
121500,0.010,0.907,0.083
122000,0.010,0.721,0.269
122500,0.010,0.762,0.228
123000,0.010,0.842,0.148
123500,0.010,0.683,0.307
124000,0.010,0.591,0.399
124500,0.010,0.645,0.345
125000,0.010,0.584,0.406
125500,0.010,0.821,0.169
126000,0.010,0.958,0.032
126500,0.010,0.710,0.280
127000,0.010,0.958,0.032
127500,0.010,0.790,0.200
128000,0.010,0.787,0.203
128500,0.010,0.810,0.180
129000,0.010,0.866,0.124
129500,0.010,0.958,0.032
130000,0.010,0.977,0.013
130500,0.010,0.816,0.174
131000,0.010,0.841,0.149
131500,0.010,0.830,0.160
132000,0.010,0.884,0.106
132500,0.010,0.937,0.053
133000,0.010,0.989,0.001
133500,0.010,0.871,0.119
134000,0.010,0.910,0.080
134500,0.010,0.949,0.041
135000,0.010,0.901,0.089
135500,0.010,0.653,0.337
136000,0.010,0.584,0.406
136500,0.010,0.786,0.204
137000,0.010,0.872,0.118
137500,0.010,0.799,0.191
138000,0.010,0.626,0.364
138500,0.010,0.781,0.209
139000,0.010,0.654,0.336
139500,0.010,0.752,0.238
140000,0.010,0.968,0.022
140500,0.010,0.974,0.016
141000,0.010,0.958,0.032
141500,0.010,0.775,0.215
142000,0.010,0.612,0.378
142500,0.010,0.879,0.111
143000,0.010,0.871,0.119
143500,0.010,0.922,0.068
144000,0.010,0.970,0.020
144500,0.010,0.660,0.330
145000,0.010,0.960,0.030
145500,0.010,0.907,0.083
146000,0.010,0.848,0.142
146500,0.010,0.877,0.113
147000,0.010,0.802,0.188
147500,0.010,0.674,0.316
148000,0.010,0.824,0.166
148500,0.010,0.720,0.270
149000,0.010,0.689,0.301
149500,0.010,0.906,0.084
150000,0.010,0.874,0.116
150500,0.010,0.644,0.346
151000,0.010,0.970,0.020
151500,0.010,0.915,0.075
152000,0.010,0.772,0.218
152500,0.010,0.973,0.017
153000,0.010,0.671,0.319
153500,0.010,0.899,0.091
154000,0.010,0.888,0.102
154500,0.010,0.857,0.133
155000,0.010,0.958,0.032
155500,0.010,0.814,0.176
156000,0.010,0.805,0.185
156500,0.010,0.555,0.435
157000,0.010,0.835,0.155
157500,0.010,0.950,0.040
158000,0.010,0.696,0.294
158500,0.010,0.983,0.007
159000,0.010,0.958,0.032
159500,0.010,0.980,0.010
160000,0.010,0.966,0.024
160500,0.010,0.938,0.052
161000,0.010,0.743,0.247
161500,0.010,0.711,0.279
162000,0.010,0.656,0.334
162500,0.010,0.961,0.029
163000,0.010,0.893,0.097
163500,0.010,0.933,0.057
164000,0.010,0.975,0.015
164500,0.010,0.700,0.290
165000,0.010,0.637,0.353
165500,0.010,0.456,0.534
166000,0.010,0.813,0.177
166500,0.010,0.928,0.062
167000,0.010,0.929,0.061
167500,0.010,0.869,0.121
168000,0.010,0.706,0.284
168500,0.010,0.936,0.054
169000,0.010,0.724,0.266
169500,0.010,0.983,0.007
170000,0.010,0.899,0.091
170500,0.010,0.825,0.165
171000,0.010,0.976,0.014
171500,0.010,0.978,0.012
172000,0.010,0.435,0.555
172500,0.010,0.792,0.198
173000,0.010,0.718,0.272
173500,0.010,0.953,0.037
174000,0.010,0.721,0.269
174500,0.010,0.747,0.243
175000,0.010,0.885,0.105
175500,0.010,0.864,0.126
176000,0.010,0.801,0.189
176500,0.010,0.938,0.052
177000,0.010,0.787,0.203
177500,0.010,0.826,0.164
178000,0.010,0.746,0.244
178500,0.010,0.902,0.088
179000,0.010,0.785,0.205
179500,0.010,0.743,0.247
180000,0.010,0.738,0.252
180500,0.010,0.800,0.190
181000,0.010,0.790,0.200
181500,0.010,0.729,0.261
182000,0.010,0.851,0.139
182500,0.010,0.974,0.016
183000,0.010,0.988,0.002
183500,0.010,0.768,0.222
184000,0.010,0.833,0.157
184500,0.010,0.985,0.005
185000,0.010,0.800,0.190
185500,0.010,0.724,0.266
186000,0.010,0.518,0.472
186500,0.010,0.882,0.108
187000,0.010,0.895,0.095
187500,0.010,0.616,0.374
188000,0.010,0.719,0.271
188500,0.010,0.784,0.206
189000,0.010,0.618,0.372
189500,0.010,0.906,0.084
190000,0.010,0.707,0.283
190500,0.010,0.797,0.193
191000,0.010,0.680,0.310
191500,0.010,0.842,0.148
192000,0.010,0.978,0.012
192500,0.010,0.976,0.014
193000,0.010,0.931,0.059
193500,0.010,0.934,0.056
194000,0.010,0.974,0.016
194500,0.010,0.985,0.005
195000,0.010,0.943,0.047
195500,0.010,0.861,0.129
196000,0.010,0.898,0.092
196500,0.010,0.902,0.088
197000,0.010,0.762,0.228
197500,0.010,0.657,0.333
198000,0.010,0.670,0.320
198500,0.010,0.934,0.056
199000,0.010,0.960,0.030
199500,0.010,0.990,0.000
200000,0.010,0.956,0.034
200500,0.010,0.881,0.109
201000,0.010,0.747,0.243
201500,0.010,0.967,0.023
202000,0.010,0.844,0.146
202500,0.010,0.828,0.162
203000,0.010,0.985,0.005
203500,0.010,0.682,0.308
204000,0.010,0.866,0.124
204500,0.010,0.744,0.246
205000,0.010,0.564,0.426
205500,0.010,0.830,0.160
206000,0.010,0.704,0.286
206500,0.010,0.662,0.328
207000,0.010,0.854,0.136
207500,0.010,0.677,0.313
208000,0.010,0.805,0.185
208500,0.010,0.849,0.141
209000,0.010,0.740,0.250
209500,0.010,0.817,0.173
210000,0.010,0.618,0.372
210500,0.010,0.886,0.104
211000,0.010,0.939,0.051
211500,0.010,0.771,0.219
212000,0.010,0.863,0.127
212500,0.010,0.662,0.328
213000,0.010,0.788,0.202
213500,0.010,0.927,0.063
214000,0.010,0.908,0.082
214500,0.010,0.988,0.002
215000,0.010,0.911,0.079
215500,0.010,0.886,0.104
216000,0.010,0.880,0.110
216500,0.010,0.742,0.248
217000,0.010,0.710,0.280
217500,0.010,0.670,0.320
218000,0.010,0.806,0.184
218500,0.010,0.660,0.330
219000,0.010,0.763,0.227
219500,0.010,0.907,0.083
220000,0.010,0.829,0.161
220500,0.010,0.857,0.133
221000,0.010,0.936,0.054
221500,0.010,0.671,0.319
222000,0.010,0.632,0.358
222500,0.010,0.738,0.252
223000,0.010,0.984,0.006
223500,0.010,0.714,0.276
224000,0.010,0.886,0.104
224500,0.010,0.978,0.012
225000,0.010,0.898,0.092
225500,0.010,0.793,0.197
226000,0.010,0.709,0.281
226500,0.010,0.844,0.146
227000,0.010,0.918,0.072
227500,0.010,0.825,0.165
228000,0.010,0.844,0.146
228500,0.010,0.922,0.068
229000,0.010,0.985,0.005
229500,0.010,0.713,0.277
230000,0.010,0.762,0.228
230500,0.010,0.711,0.279
231000,0.010,0.703,0.287
231500,0.010,0.754,0.236
232000,0.010,0.706,0.284
232500,0.010,0.948,0.042
233000,0.010,0.976,0.014
233500,0.010,0.784,0.206
234000,0.010,0.758,0.232
234500,0.010,0.546,0.444
235000,0.010,0.625,0.365
235500,0.010,0.777,0.213
236000,0.010,0.736,0.254
236500,0.010,0.800,0.190
237000,0.010,0.929,0.061
237500,0.010,0.871,0.119
238000,0.010,0.937,0.053
238500,0.010,0.876,0.114
239000,0.010,0.816,0.174
239500,0.010,0.809,0.181
240000,0.010,0.927,0.063
240500,0.010,0.634,0.356
241000,0.010,0.738,0.252
241500,0.010,0.782,0.208
242000,0.010,0.917,0.073
242500,0.010,0.737,0.253
243000,0.010,0.840,0.150
243500,0.010,0.737,0.253
244000,0.010,0.649,0.341
244500,0.010,0.631,0.359
245000,0.010,0.684,0.306
245500,0.010,0.885,0.105
246000,0.010,0.767,0.223
246500,0.010,0.935,0.055
247000,0.010,0.862,0.128
247500,0.010,0.732,0.258
248000,0.010,0.719,0.271
248500,0.010,0.846,0.144
249000,0.010,0.742,0.248
249500,0.010,0.878,0.112
250000,0.010,0.583,0.407
250500,0.010,0.811,0.179
251000,0.010,0.924,0.066
251500,0.010,0.854,0.136
252000,0.010,0.829,0.161
252500,0.010,0.831,0.159
253000,0.010,0.742,0.248
253500,0.010,0.906,0.084
254000,0.010,0.906,0.084
254500,0.010,0.905,0.085
255000,0.010,0.678,0.312
255500,0.010,0.838,0.152
256000,0.010,0.938,0.052
256500,0.010,0.808,0.182
257000,0.010,0.960,0.030
257500,0.010,0.897,0.093
258000,0.010,0.484,0.506
258500,0.010,0.890,0.100
259000,0.010,0.546,0.444
259500,0.010,0.638,0.352
260000,0.010,0.642,0.348
260500,0.010,0.831,0.159
261000,0.010,0.955,0.035
261500,0.010,0.799,0.191
262000,0.010,0.721,0.269
262500,0.010,0.858,0.132
263000,0.010,0.784,0.206
263500,0.010,0.942,0.048
264000,0.010,0.770,0.220
264500,0.010,0.722,0.268
265000,0.010,0.990,0.000
265500,0.010,0.868,0.122
266000,0.010,0.771,0.219
266500,0.010,0.949,0.041
267000,0.010,0.983,0.007
267500,0.010,0.990,0.000
268000,0.010,0.954,0.036
268500,0.010,0.802,0.188
269000,0.010,0.898,0.092
269500,0.010,0.683,0.307
270000,0.010,0.712,0.278
270500,0.010,0.963,0.027
271000,0.010,0.754,0.236
271500,0.010,0.872,0.118
272000,0.010,0.809,0.181
272500,0.010,0.876,0.114
273000,0.010,0.839,0.151
273500,0.010,0.788,0.202
274000,0.010,0.797,0.193
274500,0.010,0.863,0.127
275000,0.010,0.535,0.455
275500,0.010,0.925,0.065
276000,0.010,0.752,0.238
276500,0.010,0.903,0.087
277000,0.010,0.865,0.125
277500,0.010,0.859,0.131
278000,0.010,0.889,0.101
278500,0.010,0.795,0.195
279000,0.010,0.706,0.284
279500,0.010,0.740,0.250
280000,0.010,0.732,0.258
280500,0.010,0.709,0.281
281000,0.010,0.878,0.112
281500,0.010,0.931,0.059
282000,0.010,0.941,0.049
282500,0.010,0.856,0.134
283000,0.010,0.989,0.001
283500,0.010,0.751,0.239
284000,0.010,0.853,0.137
284500,0.010,0.807,0.183
285000,0.010,0.927,0.063
285500,0.010,0.942,0.048
286000,0.010,0.898,0.092
286500,0.010,0.922,0.068
287000,0.010,0.878,0.112
287500,0.010,0.930,0.060
288000,0.010,0.782,0.208
288500,0.010,0.859,0.131
289000,0.010,0.651,0.339
289500,0.010,0.703,0.287
290000,0.010,0.923,0.067
290500,0.010,0.862,0.128
291000,0.010,0.734,0.256
291500,0.010,0.881,0.109
292000,0.010,0.774,0.216
292500,0.010,0.981,0.009
293000,0.010,0.804,0.186
293500,0.010,0.837,0.153
294000,0.010,0.777,0.213
294500,0.010,0.798,0.192
295000,0.010,0.889,0.101
295500,0.010,0.779,0.211
296000,0.010,0.781,0.209
296500,0.010,0.876,0.114
297000,0.010,0.899,0.091
297500,0.010,0.833,0.157
298000,0.010,0.526,0.464
298500,0.010,0.670,0.320
299000,0.010,0.850,0.140
299500,0.010,0.800,0.190
300000,0.010,0.901,0.089
300500,0.010,0.944,0.046
301000,0.010,0.981,0.009
301500,0.010,0.841,0.149
302000,0.010,0.919,0.071
302500,0.010,0.664,0.326
303000,0.010,0.646,0.344
303500,0.010,0.955,0.035
304000,0.010,0.790,0.200
304500,0.010,0.894,0.096
305000,0.010,0.727,0.263
305500,0.010,0.971,0.019
306000,0.010,0.880,0.110
306500,0.010,0.785,0.205
307000,0.010,0.883,0.107
307500,0.010,0.821,0.169
308000,0.010,0.826,0.164
308500,0.010,0.988,0.002
309000,0.010,0.867,0.123
309500,0.010,0.742,0.248
310000,0.010,0.748,0.242
310500,0.010,0.914,0.076
311000,0.010,0.779,0.211
311500,0.010,0.844,0.146
312000,0.010,0.880,0.110
312500,0.010,0.905,0.085
313000,0.010,0.660,0.330
313500,0.010,0.688,0.302
314000,0.010,0.795,0.195
314500,0.010,0.655,0.335
315000,0.010,0.955,0.035
315500,0.010,0.930,0.060
316000,0.010,0.974,0.016
316500,0.010,0.727,0.263
317000,0.010,0.761,0.229
317500,0.010,0.863,0.127
318000,0.010,0.931,0.059
318500,0.010,0.976,0.014
319000,0.010,0.768,0.222
319500,0.010,0.964,0.026
320000,0.010,0.912,0.078
320500,0.010,0.957,0.033
321000,0.010,0.924,0.066
321500,0.010,0.963,0.027
322000,0.010,0.979,0.011
322500,0.010,0.933,0.057
323000,0.010,0.907,0.083
323500,0.010,0.901,0.089
324000,0.010,0.989,0.001
324500,0.010,0.815,0.175
325000,0.010,0.648,0.342
325500,0.010,0.580,0.410
326000,0.010,0.805,0.185
326500,0.010,0.982,0.008
327000,0.010,0.807,0.183
327500,0.010,0.960,0.030
328000,0.010,0.696,0.294
328500,0.010,0.686,0.304
329000,0.010,0.657,0.333
329500,0.010,0.878,0.112
330000,0.010,0.692,0.298
330500,0.010,0.406,0.584
331000,0.010,0.820,0.170
331500,0.010,0.948,0.042
332000,0.010,0.459,0.531
332500,0.010,0.839,0.151
333000,0.010,0.865,0.125
333500,0.010,0.846,0.144
334000,0.010,0.981,0.009
334500,0.010,0.865,0.125
335000,0.010,0.986,0.004
335500,0.010,0.891,0.099
336000,0.010,0.691,0.299
336500,0.010,0.725,0.265
337000,0.010,0.426,0.564
337500,0.010,0.683,0.307
338000,0.010,0.580,0.410
338500,0.010,0.759,0.231
339000,0.010,0.885,0.105
339500,0.010,0.802,0.188
340000,0.010,0.789,0.201
340500,0.010,0.689,0.301
341000,0.010,0.972,0.018
341500,0.010,0.982,0.008
342000,0.010,0.766,0.224
342500,0.010,0.860,0.130
343000,0.010,0.755,0.235
343500,0.010,0.827,0.163
344000,0.010,0.984,0.006
344500,0.010,0.869,0.121
345000,0.010,0.772,0.218
345500,0.010,0.911,0.079
346000,0.010,0.659,0.331
346500,0.010,0.673,0.317
347000,0.010,0.823,0.167
347500,0.010,0.781,0.209
348000,0.010,0.939,0.051
348500,0.010,0.716,0.274
349000,0.010,0.813,0.177
349500,0.010,0.735,0.255
350000,0.010,0.935,0.055
350500,0.010,0.941,0.049
351000,0.010,0.899,0.091
351500,0.010,0.963,0.027
352000,0.010,0.972,0.018
352500,0.010,0.962,0.028
353000,0.010,0.983,0.007
353500,0.010,0.989,0.001
354000,0.010,0.956,0.034
354500,0.010,0.870,0.120
355000,0.010,0.745,0.245
355500,0.010,0.746,0.244
356000,0.010,0.843,0.147
356500,0.010,0.594,0.396
357000,0.010,0.549,0.441
357500,0.010,0.602,0.388
358000,0.010,0.735,0.255
358500,0.010,0.937,0.053
359000,0.010,0.734,0.256
359500,0.010,0.665,0.325
360000,0.010,0.779,0.211
360500,0.010,0.777,0.213
361000,0.010,0.598,0.392
361500,0.010,0.654,0.336
362000,0.010,0.935,0.055
362500,0.010,0.646,0.344
363000,0.010,0.652,0.338
363500,0.010,0.658,0.332
364000,0.010,0.740,0.250
364500,0.010,0.958,0.032
365000,0.010,0.626,0.364
365500,0.010,0.751,0.239
366000,0.010,0.808,0.182
366500,0.010,0.685,0.305
367000,0.010,0.735,0.255
367500,0.010,0.925,0.065
368000,0.010,0.908,0.082
368500,0.010,0.977,0.013
369000,0.010,0.926,0.064
369500,0.010,0.894,0.096
370000,0.010,0.709,0.281
370500,0.010,0.922,0.068
371000,0.010,0.654,0.336
371500,0.010,0.903,0.087
372000,0.010,0.887,0.103
372500,0.010,0.786,0.204
373000,0.010,0.872,0.118
373500,0.010,0.830,0.160
374000,0.010,0.669,0.321
374500,0.010,0.954,0.036
375000,0.010,0.735,0.255
375500,0.010,0.847,0.143
376000,0.010,0.721,0.269
376500,0.010,0.795,0.195
377000,0.010,0.896,0.094
377500,0.010,0.953,0.037
378000,0.010,0.915,0.075
378500,0.010,0.818,0.172
379000,0.010,0.832,0.158
379500,0.010,0.766,0.224
380000,0.010,0.618,0.372
380500,0.010,0.811,0.179
381000,0.010,0.859,0.131
381500,0.010,0.848,0.142
382000,0.010,0.983,0.007
382500,0.010,0.815,0.175
383000,0.010,0.834,0.156
383500,0.010,0.619,0.371
384000,0.010,0.870,0.120
384500,0.010,0.983,0.007
385000,0.010,0.857,0.133
385500,0.010,0.846,0.144
386000,0.010,0.886,0.104
386500,0.010,0.808,0.182
387000,0.010,0.645,0.345
387500,0.010,0.843,0.147
388000,0.010,0.972,0.018
388500,0.010,0.826,0.164
389000,0.010,0.914,0.076
389500,0.010,0.931,0.059
390000,0.010,0.988,0.002
390500,0.010,0.990,0.000
391000,0.010,0.705,0.285
391500,0.010,0.764,0.226
392000,0.010,0.694,0.296
392500,0.010,0.585,0.405
393000,0.010,0.721,0.269
393500,0.010,0.524,0.466
394000,0.010,0.557,0.433
394500,0.010,0.678,0.312
395000,0.010,0.889,0.101
395500,0.010,0.988,0.002
396000,0.010,0.955,0.035
396500,0.010,0.988,0.002
397000,0.010,0.683,0.307
397500,0.010,0.985,0.005
398000,0.010,0.969,0.021
398500,0.010,0.955,0.035
399000,0.010,0.829,0.161
399500,0.010,0.660,0.330
400000,0.010,0.821,0.169
400500,0.010,0.986,0.004
401000,0.010,0.699,0.291
401500,0.010,0.789,0.201
402000,0.010,0.812,0.178
402500,0.010,0.709,0.281
403000,0.010,0.614,0.376
403500,0.010,0.736,0.254
404000,0.010,0.731,0.259
404500,0.010,0.960,0.030
405000,0.010,0.990,0.000
405500,0.010,0.892,0.098
406000,0.010,0.917,0.073
406500,0.010,0.935,0.055
407000,0.010,0.717,0.273
407500,0.010,0.875,0.115
408000,0.010,0.515,0.475
408500,0.010,0.601,0.389
409000,0.010,0.712,0.278
409500,0.010,0.580,0.410
410000,0.010,0.715,0.275
410500,0.010,0.686,0.304
411000,0.010,0.879,0.111
411500,0.010,0.981,0.009
412000,0.010,0.931,0.059
412500,0.010,0.892,0.098
413000,0.010,0.963,0.027
413500,0.010,0.752,0.238
414000,0.010,0.828,0.162
414500,0.010,0.982,0.008
415000,0.010,0.795,0.195
415500,0.010,0.669,0.321
416000,0.010,0.888,0.102
416500,0.010,0.639,0.351
417000,0.010,0.983,0.007
417500,0.010,0.962,0.028
418000,0.010,0.964,0.026
418500,0.010,0.707,0.283
419000,0.010,0.706,0.284
419500,0.010,0.766,0.224
420000,0.010,0.757,0.233
420500,0.010,0.855,0.135
421000,0.010,0.766,0.224
421500,0.010,0.580,0.410
422000,0.010,0.711,0.279
422500,0.010,0.594,0.396
423000,0.010,0.908,0.082
423500,0.010,0.638,0.352
424000,0.010,0.868,0.122
424500,0.010,0.729,0.261
425000,0.010,0.800,0.190
425500,0.010,0.918,0.072
426000,0.010,0.875,0.115
426500,0.010,0.911,0.079
427000,0.010,0.734,0.256
427500,0.010,0.825,0.165
428000,0.010,0.736,0.254
428500,0.010,0.818,0.172
429000,0.010,0.914,0.076
429500,0.010,0.803,0.187
430000,0.010,0.873,0.117
430500,0.010,0.733,0.257
431000,0.010,0.836,0.154
431500,0.010,0.786,0.204
432000,0.010,0.827,0.163
432500,0.010,0.952,0.038
433000,0.010,0.902,0.088
433500,0.010,0.659,0.331
434000,0.010,0.838,0.152
434500,0.010,0.966,0.024
435000,0.010,0.849,0.141
435500,0.010,0.805,0.185
436000,0.010,0.837,0.153
436500,0.010,0.785,0.205
437000,0.010,0.671,0.319
437500,0.010,0.926,0.064
438000,0.010,0.989,0.001
438500,0.010,0.938,0.052
439000,0.010,0.884,0.106
439500,0.010,0.901,0.089
440000,0.010,0.538,0.452
440500,0.010,0.678,0.312
441000,0.010,0.768,0.222
441500,0.010,0.895,0.095
442000,0.010,0.846,0.144
442500,0.010,0.845,0.145
443000,0.010,0.957,0.033
443500,0.010,0.731,0.259
444000,0.010,0.776,0.214
444500,0.010,0.696,0.294
445000,0.010,0.703,0.287
445500,0.010,0.769,0.221
446000,0.010,0.795,0.195
446500,0.010,0.736,0.254
447000,0.010,0.720,0.270
447500,0.010,0.914,0.076
448000,0.010,0.812,0.178
448500,0.010,0.918,0.072
449000,0.010,0.797,0.193
449500,0.010,0.822,0.168
450000,0.010,0.989,0.001
450500,0.010,0.932,0.058
451000,0.010,0.983,0.007
451500,0.010,0.962,0.028
452000,0.010,0.944,0.046
452500,0.010,0.825,0.165
453000,0.010,0.674,0.316
453500,0.010,0.904,0.086
454000,0.010,0.715,0.275
454500,0.010,0.987,0.003
455000,0.010,0.823,0.167
455500,0.010,0.747,0.243
456000,0.010,0.976,0.014
456500,0.010,0.932,0.058
457000,0.010,0.979,0.011
457500,0.010,0.843,0.147
458000,0.010,0.882,0.108
458500,0.010,0.864,0.126
459000,0.010,0.845,0.145
459500,0.010,0.783,0.207
460000,0.010,0.675,0.315
460500,0.010,0.947,0.043
461000,0.010,0.807,0.183
461500,0.010,0.928,0.062
462000,0.010,0.867,0.123
462500,0.010,0.905,0.085
463000,0.010,0.860,0.130
463500,0.010,0.925,0.065
464000,0.010,0.979,0.011
464500,0.010,0.916,0.074
465000,0.010,0.938,0.052
465500,0.010,0.717,0.273
466000,0.010,0.861,0.129
466500,0.010,0.888,0.102
467000,0.010,0.676,0.314
467500,0.010,0.801,0.189
468000,0.010,0.683,0.307
468500,0.010,0.876,0.114
469000,0.010,0.947,0.043
469500,0.010,0.713,0.277
470000,0.010,0.731,0.259
470500,0.010,0.791,0.199
471000,0.010,0.976,0.014
471500,0.010,0.650,0.340
472000,0.010,0.816,0.174
472500,0.010,0.911,0.079
473000,0.010,0.894,0.096
473500,0.010,0.821,0.169
474000,0.010,0.782,0.208
474500,0.010,0.797,0.193
475000,0.010,0.825,0.165
475500,0.010,0.789,0.201
476000,0.010,0.884,0.106
476500,0.010,0.809,0.181
477000,0.010,0.566,0.424
477500,0.010,0.665,0.325
478000,0.010,0.686,0.304
478500,0.010,0.798,0.192
479000,0.010,0.810,0.180
479500,0.010,0.974,0.016
480000,0.010,0.751,0.239
480500,0.010,0.839,0.151
481000,0.010,0.698,0.292
481500,0.010,0.857,0.133
482000,0.010,0.680,0.310
482500,0.010,0.754,0.236
483000,0.010,0.883,0.107
483500,0.010,0.579,0.411
484000,0.010,0.911,0.079
484500,0.010,0.874,0.116
485000,0.010,0.959,0.031
485500,0.010,0.790,0.200
486000,0.010,0.750,0.240
486500,0.010,0.931,0.059
487000,0.010,0.921,0.069
487500,0.010,0.873,0.117
488000,0.010,0.896,0.094
488500,0.010,0.956,0.034
489000,0.010,0.905,0.085
489500,0.010,0.870,0.120
490000,0.010,0.761,0.229
490500,0.010,0.990,0.000
491000,0.010,0.913,0.077
491500,0.010,0.849,0.141
492000,0.010,0.880,0.110
492500,0.010,0.983,0.007
493000,0.010,0.975,0.015
493500,0.010,0.987,0.003
494000,0.010,0.854,0.136
494500,0.010,0.925,0.065
495000,0.010,0.803,0.187
495500,0.010,0.716,0.274
496000,0.010,0.753,0.237
496500,0.010,0.869,0.121
497000,0.010,0.663,0.327
497500,0.010,0.565,0.425
498000,0.010,0.744,0.246
498500,0.010,0.828,0.162
499000,0.010,0.917,0.073
499500,0.010,0.862,0.128
500000,0.010,0.878,0.112
500500,0.010,0.990,0.000
501000,0.010,0.856,0.134
501500,0.010,0.773,0.217
502000,0.010,0.841,0.149
502500,0.010,0.708,0.282
503000,0.010,0.810,0.180
503500,0.010,0.756,0.234
504000,0.010,0.971,0.019
504500,0.010,0.798,0.192
505000,0.010,0.933,0.057
505500,0.010,0.919,0.071
506000,0.010,0.633,0.357
506500,0.010,0.943,0.047
507000,0.010,0.934,0.056
507500,0.010,0.956,0.034
508000,0.010,0.524,0.466
508500,0.010,0.817,0.173
509000,0.010,0.706,0.284
509500,0.010,0.717,0.273
510000,0.010,0.744,0.246
510500,0.010,0.880,0.110
511000,0.010,0.821,0.169
511500,0.010,0.794,0.196
512000,0.010,0.977,0.013
512500,0.010,0.964,0.026
513000,0.010,0.862,0.128
513500,0.010,0.838,0.152
514000,0.010,0.847,0.143
514500,0.010,0.642,0.348
515000,0.010,0.725,0.265
515500,0.010,0.764,0.226
516000,0.010,0.705,0.285
516500,0.010,0.803,0.187
517000,0.010,0.892,0.098
517500,0.010,0.862,0.128
518000,0.010,0.795,0.195
518500,0.010,0.660,0.330
519000,0.010,0.825,0.165
519500,0.010,0.593,0.397
520000,0.010,0.887,0.103
520500,0.010,0.897,0.093
521000,0.010,0.851,0.139
521500,0.010,0.982,0.008
522000,0.010,0.723,0.267
522500,0.010,0.824,0.166
523000,0.010,0.841,0.149
523500,0.010,0.720,0.270
524000,0.010,0.922,0.068
524500,0.010,0.814,0.176
525000,0.010,0.687,0.303
525500,0.010,0.728,0.262
526000,0.010,0.773,0.217
526500,0.010,0.727,0.263
527000,0.010,0.822,0.168
527500,0.010,0.881,0.109
528000,0.010,0.912,0.078
528500,0.010,0.712,0.278
529000,0.010,0.819,0.171
529500,0.010,0.809,0.181
530000,0.010,0.903,0.087
530500,0.010,0.931,0.059
531000,0.010,0.773,0.217
531500,0.010,0.923,0.067
532000,0.010,0.829,0.161
532500,0.010,0.590,0.400
533000,0.010,0.809,0.181
533500,0.010,0.855,0.135
534000,0.010,0.660,0.330
534500,0.010,0.628,0.362
535000,0.010,0.683,0.307
535500,0.010,0.863,0.127
536000,0.010,0.860,0.130
536500,0.010,0.879,0.111
537000,0.010,0.900,0.090
537500,0.010,0.812,0.178
538000,0.010,0.959,0.031
538500,0.010,0.851,0.139
539000,0.010,0.919,0.071
539500,0.010,0.918,0.072
540000,0.010,0.762,0.228
540500,0.010,0.874,0.116
541000,0.010,0.764,0.226
541500,0.010,0.671,0.319
542000,0.010,0.628,0.362
542500,0.010,0.549,0.441
543000,0.010,0.918,0.072
543500,0.010,0.655,0.335
544000,0.010,0.774,0.216
544500,0.010,0.597,0.393
545000,0.010,0.938,0.052
545500,0.010,0.961,0.029
546000,0.010,0.791,0.199
546500,0.010,0.952,0.038
547000,0.010,0.899,0.091
547500,0.010,0.865,0.125
548000,0.010,0.917,0.073
548500,0.010,0.927,0.063
549000,0.010,0.871,0.119
549500,0.010,0.791,0.199
550000,0.010,0.732,0.258
550500,0.010,0.961,0.029
551000,0.010,0.884,0.106
551500,0.010,0.604,0.386
552000,0.010,0.729,0.261
552500,0.010,0.963,0.027
553000,0.010,0.982,0.008
553500,0.010,0.965,0.025
554000,0.010,0.717,0.273
554500,0.010,0.762,0.228
555000,0.010,0.828,0.162
555500,0.010,0.744,0.246
556000,0.010,0.760,0.230
556500,0.010,0.735,0.255
557000,0.010,0.837,0.153
557500,0.010,0.528,0.462
558000,0.010,0.701,0.289
558500,0.010,0.929,0.061
559000,0.010,0.915,0.075
559500,0.010,0.933,0.057
560000,0.010,0.972,0.018
560500,0.010,0.732,0.258
561000,0.010,0.732,0.258
561500,0.010,0.983,0.007
562000,0.010,0.832,0.158
562500,0.010,0.726,0.264
563000,0.010,0.882,0.108
563500,0.010,0.891,0.099
564000,0.010,0.765,0.225
564500,0.010,0.776,0.214
565000,0.010,0.890,0.100
565500,0.010,0.937,0.053
566000,0.010,0.963,0.027
566500,0.010,0.750,0.240
567000,0.010,0.927,0.063
567500,0.010,0.929,0.061
568000,0.010,0.666,0.324
568500,0.010,0.597,0.393
569000,0.010,0.691,0.299
569500,0.010,0.902,0.088
570000,0.010,0.887,0.103
570500,0.010,0.986,0.004
571000,0.010,0.633,0.357
571500,0.010,0.616,0.374
572000,0.010,0.818,0.172
572500,0.010,0.627,0.363
573000,0.010,0.822,0.168
573500,0.010,0.892,0.098
574000,0.010,0.907,0.083
574500,0.010,0.905,0.085
575000,0.010,0.707,0.283
575500,0.010,0.808,0.182
576000,0.010,0.695,0.295
576500,0.010,0.466,0.524
577000,0.010,0.721,0.269
577500,0.010,0.983,0.007
578000,0.010,0.954,0.036
578500,0.010,0.945,0.045
579000,0.010,0.978,0.012
579500,0.010,0.981,0.009
580000,0.010,0.973,0.017
580500,0.010,0.841,0.149
581000,0.010,0.986,0.004
581500,0.010,0.954,0.036
582000,0.010,0.632,0.358
582500,0.010,0.649,0.341
583000,0.010,0.795,0.195
583500,0.010,0.967,0.023
584000,0.010,0.969,0.021
584500,0.010,0.840,0.150
585000,0.010,0.800,0.190
585500,0.010,0.956,0.034
586000,0.010,0.765,0.225
586500,0.010,0.732,0.258
587000,0.010,0.808,0.182
587500,0.010,0.932,0.058
588000,0.010,0.841,0.149
588500,0.010,0.911,0.079
589000,0.010,0.686,0.304
589500,0.010,0.811,0.179
590000,0.010,0.867,0.123
590500,0.010,0.687,0.303
591000,0.010,0.618,0.372
591500,0.010,0.976,0.014
592000,0.010,0.753,0.237
592500,0.010,0.610,0.380
593000,0.010,0.825,0.165
593500,0.010,0.816,0.174
594000,0.010,0.827,0.163
594500,0.010,0.873,0.117
595000,0.010,0.724,0.266
595500,0.010,0.912,0.078
596000,0.010,0.610,0.380
596500,0.010,0.770,0.220
597000,0.010,0.865,0.125
597500,0.010,0.775,0.215
598000,0.010,0.863,0.127
598500,0.010,0.548,0.442
599000,0.010,0.689,0.301
599500,0.010,0.735,0.255
600000,0.010,0.779,0.211
600500,0.010,0.789,0.201
601000,0.010,0.701,0.289
601500,0.010,0.643,0.347
602000,0.010,0.626,0.364
602500,0.010,0.880,0.110
603000,0.010,0.990,0.000
603500,0.010,0.923,0.067
604000,0.010,0.884,0.106
604500,0.010,0.987,0.003
605000,0.010,0.927,0.063
605500,0.010,0.925,0.065
606000,0.010,0.947,0.043
606500,0.010,0.922,0.068
607000,0.010,0.774,0.216
607500,0.010,0.889,0.101
608000,0.010,0.435,0.555
608500,0.010,0.608,0.382
609000,0.010,0.848,0.142
609500,0.010,0.819,0.171
610000,0.010,0.727,0.263
610500,0.010,0.849,0.141
611000,0.010,0.639,0.351
611500,0.010,0.853,0.137
612000,0.010,0.817,0.173
612500,0.010,0.927,0.063
613000,0.010,0.725,0.265
613500,0.010,0.771,0.219
614000,0.010,0.946,0.044
614500,0.010,0.782,0.208
615000,0.010,0.783,0.207
615500,0.010,0.721,0.269
616000,0.010,0.793,0.197
616500,0.010,0.785,0.205
617000,0.010,0.923,0.067
617500,0.010,0.875,0.115
618000,0.010,0.817,0.173
618500,0.010,0.886,0.104
619000,0.010,0.990,0.000
619500,0.010,0.873,0.117
620000,0.010,0.983,0.007
620500,0.010,0.915,0.075
621000,0.010,0.903,0.087
621500,0.010,0.977,0.013
622000,0.010,0.978,0.012
622500,0.010,0.907,0.083
623000,0.010,0.990,0.000
623500,0.010,0.880,0.110
624000,0.010,0.967,0.023
624500,0.010,0.958,0.032
625000,0.010,0.934,0.056
625500,0.010,0.944,0.046
626000,0.010,0.938,0.052
626500,0.010,0.937,0.053
627000,0.010,0.555,0.435
627500,0.010,0.482,0.508
628000,0.010,0.803,0.187
628500,0.010,0.679,0.311
629000,0.010,0.968,0.022
629500,0.010,0.885,0.105
630000,0.010,0.781,0.209
630500,0.010,0.891,0.099
631000,0.010,0.819,0.171
631500,0.010,0.775,0.215
632000,0.010,0.638,0.352
632500,0.010,0.869,0.121
633000,0.010,0.757,0.233
633500,0.010,0.909,0.081
634000,0.010,0.873,0.117
634500,0.010,0.545,0.445
635000,0.010,0.850,0.140
635500,0.010,0.650,0.340
636000,0.010,0.925,0.065
636500,0.010,0.857,0.133
637000,0.010,0.667,0.323
637500,0.010,0.913,0.077
638000,0.010,0.896,0.094
638500,0.010,0.815,0.175
639000,0.010,0.937,0.053
639500,0.010,0.602,0.388
640000,0.010,0.607,0.383
640500,0.010,0.964,0.026
641000,0.010,0.586,0.404
641500,0.010,0.834,0.156
642000,0.010,0.899,0.091
642500,0.010,0.697,0.293
643000,0.010,0.858,0.132
643500,0.010,0.897,0.093
644000,0.010,0.890,0.100
644500,0.010,0.889,0.101
645000,0.010,0.745,0.245
645500,0.010,0.904,0.086
646000,0.010,0.703,0.287
646500,0.010,0.984,0.006
647000,0.010,0.801,0.189
647500,0.010,0.846,0.144
648000,0.010,0.933,0.057
648500,0.010,0.839,0.151
649000,0.010,0.891,0.099
649500,0.010,0.577,0.413
650000,0.010,0.765,0.225
650500,0.010,0.659,0.331
651000,0.010,0.739,0.251
651500,0.010,0.975,0.015
652000,0.010,0.782,0.208
652500,0.010,0.539,0.451
653000,0.010,0.696,0.294
653500,0.010,0.894,0.096
654000,0.010,0.633,0.357
654500,0.010,0.844,0.146
655000,0.010,0.906,0.084
655500,0.010,0.817,0.173
656000,0.010,0.877,0.113
656500,0.010,0.989,0.001
657000,0.010,0.953,0.037
657500,0.010,0.686,0.304
658000,0.010,0.951,0.039
658500,0.010,0.835,0.155
659000,0.010,0.978,0.012
659500,0.010,0.769,0.221
660000,0.010,0.725,0.265
660500,0.010,0.821,0.169
661000,0.010,0.881,0.109
661500,0.010,0.964,0.026
662000,0.010,0.693,0.297
662500,0.010,0.539,0.451
663000,0.010,0.931,0.059
663500,0.010,0.907,0.083
664000,0.010,0.814,0.176
664500,0.010,0.698,0.292
665000,0.010,0.907,0.083
665500,0.010,0.829,0.161
666000,0.010,0.957,0.033
666500,0.010,0.876,0.114
667000,0.010,0.803,0.187
667500,0.010,0.919,0.071
668000,0.010,0.735,0.255
668500,0.010,0.810,0.180
669000,0.010,0.711,0.279
669500,0.010,0.858,0.132
670000,0.010,0.550,0.440
670500,0.010,0.531,0.459
671000,0.010,0.905,0.085
671500,0.010,0.683,0.307
672000,0.010,0.757,0.233
672500,0.010,0.626,0.364
673000,0.010,0.680,0.310
673500,0.010,0.845,0.145
674000,0.010,0.916,0.074
674500,0.010,0.852,0.138
675000,0.010,0.953,0.037
675500,0.010,0.892,0.098
676000,0.010,0.563,0.427
676500,0.010,0.967,0.023
677000,0.010,0.900,0.090
677500,0.010,0.952,0.038
678000,0.010,0.895,0.095
678500,0.010,0.696,0.294
679000,0.010,0.988,0.002
679500,0.010,0.743,0.247
680000,0.010,0.772,0.218
680500,0.010,0.930,0.060
681000,0.010,0.924,0.066
681500,0.010,0.891,0.099
682000,0.010,0.588,0.402
682500,0.010,0.792,0.198
683000,0.010,0.826,0.164
683500,0.010,0.835,0.155
684000,0.010,0.864,0.126
684500,0.010,0.789,0.201
685000,0.010,0.735,0.255
685500,0.010,0.923,0.067
686000,0.010,0.971,0.019
686500,0.010,0.861,0.129
687000,0.010,0.823,0.167
687500,0.010,0.750,0.240
688000,0.010,0.761,0.229
688500,0.010,0.693,0.297
689000,0.010,0.625,0.365
689500,0.010,0.677,0.313
690000,0.010,0.670,0.320
690500,0.010,0.673,0.317
691000,0.010,0.770,0.220
691500,0.010,0.918,0.072
692000,0.010,0.942,0.048
692500,0.010,0.555,0.435
693000,0.010,0.768,0.222
693500,0.010,0.827,0.163
694000,0.010,0.879,0.111
694500,0.010,0.788,0.202
695000,0.010,0.987,0.003
695500,0.010,0.780,0.210
696000,0.010,0.761,0.229
696500,0.010,0.834,0.156
697000,0.010,0.918,0.072
697500,0.010,0.957,0.033
698000,0.010,0.857,0.133
698500,0.010,0.847,0.143
699000,0.010,0.725,0.265
699500,0.010,0.865,0.125
700000,0.010,0.848,0.142
700500,0.010,0.949,0.041
701000,0.010,0.873,0.117
701500,0.010,0.784,0.206
702000,0.010,0.875,0.115
702500,0.010,0.876,0.114
703000,0.010,0.959,0.031
703500,0.010,0.817,0.173
704000,0.010,0.852,0.138
704500,0.010,0.879,0.111
705000,0.010,0.651,0.339
705500,0.010,0.947,0.043
706000,0.010,0.730,0.260
706500,0.010,0.536,0.454
707000,0.010,0.639,0.351
707500,0.010,0.784,0.206
708000,0.010,0.872,0.118
708500,0.010,0.881,0.109
709000,0.010,0.967,0.023
709500,0.010,0.963,0.027
710000,0.010,0.701,0.289
710500,0.010,0.831,0.159
711000,0.010,0.647,0.343
711500,0.010,0.741,0.249
712000,0.010,0.964,0.026
712500,0.010,0.769,0.221
713000,0.010,0.984,0.006
713500,0.010,0.867,0.123
714000,0.010,0.668,0.322
714500,0.010,0.713,0.277
715000,0.010,0.934,0.056
715500,0.010,0.789,0.201
716000,0.010,0.902,0.088
716500,0.010,0.842,0.148
717000,0.010,0.836,0.154
717500,0.010,0.805,0.185
718000,0.010,0.816,0.174
718500,0.010,0.670,0.320
719000,0.010,0.910,0.080
719500,0.010,0.900,0.090
720000,0.010,0.888,0.102
720500,0.010,0.664,0.326
721000,0.010,0.841,0.149
721500,0.010,0.760,0.230
722000,0.010,0.954,0.036
722500,0.010,0.788,0.202
723000,0.010,0.529,0.461
723500,0.010,0.857,0.133
724000,0.010,0.763,0.227
724500,0.010,0.815,0.175
725000,0.010,0.793,0.197
725500,0.010,0.972,0.018
726000,0.010,0.874,0.116
726500,0.010,0.886,0.104
727000,0.010,0.939,0.051
727500,0.010,0.951,0.039
728000,0.010,0.754,0.236
728500,0.010,0.756,0.234
729000,0.010,0.791,0.199
729500,0.010,0.959,0.031
730000,0.010,0.669,0.321
730500,0.010,0.860,0.130
731000,0.010,0.811,0.179
731500,0.010,0.911,0.079
732000,0.010,0.973,0.017
732500,0.010,0.975,0.015
733000,0.010,0.693,0.297
733500,0.010,0.789,0.201
734000,0.010,0.895,0.095
734500,0.010,0.680,0.310
735000,0.010,0.741,0.249
735500,0.010,0.887,0.103
736000,0.010,0.945,0.045
736500,0.010,0.880,0.110
737000,0.010,0.984,0.006
737500,0.010,0.975,0.015
738000,0.010,0.829,0.161
738500,0.010,0.810,0.180
739000,0.010,0.902,0.088
739500,0.010,0.882,0.108
740000,0.010,0.920,0.070
740500,0.010,0.764,0.226
741000,0.010,0.921,0.069
741500,0.010,0.751,0.239
742000,0.010,0.905,0.085
742500,0.010,0.731,0.259
743000,0.010,0.783,0.207
743500,0.010,0.977,0.013
744000,0.010,0.977,0.013
744500,0.010,0.954,0.036
745000,0.010,0.692,0.298
745500,0.010,0.696,0.294
746000,0.010,0.951,0.039
746500,0.010,0.846,0.144
747000,0.010,0.905,0.085
747500,0.010,0.621,0.369
748000,0.010,0.879,0.111
748500,0.010,0.814,0.176
749000,0.010,0.858,0.132
749500,0.010,0.823,0.167
750000,0.010,0.754,0.236
750500,0.010,0.921,0.069
751000,0.010,0.884,0.106
751500,0.010,0.888,0.102
752000,0.010,0.832,0.158
752500,0.010,0.922,0.068
753000,0.010,0.834,0.156
753500,0.010,0.745,0.245
754000,0.010,0.760,0.230
754500,0.010,0.990,0.000
755000,0.010,0.990,0.000
755500,0.010,0.900,0.090
756000,0.010,0.820,0.170
756500,0.010,0.718,0.272
757000,0.010,0.744,0.246
757500,0.010,0.812,0.178
758000,0.010,0.772,0.218
758500,0.010,0.879,0.111
759000,0.010,0.938,0.052
759500,0.010,0.787,0.203
760000,0.010,0.880,0.110
760500,0.010,0.819,0.171
761000,0.010,0.877,0.113
761500,0.010,0.989,0.001
762000,0.010,0.796,0.194
762500,0.010,0.847,0.143
763000,0.010,0.675,0.315
763500,0.010,0.617,0.373
764000,0.010,0.815,0.175
764500,0.010,0.975,0.015
765000,0.010,0.979,0.011
765500,0.010,0.896,0.094
766000,0.010,0.785,0.205
766500,0.010,0.943,0.047
767000,0.010,0.978,0.012
767500,0.010,0.914,0.076
768000,0.010,0.745,0.245
768500,0.010,0.800,0.190
769000,0.010,0.849,0.141
769500,0.010,0.884,0.106
770000,0.010,0.865,0.125
770500,0.010,0.904,0.086
771000,0.010,0.989,0.001
771500,0.010,0.818,0.172
772000,0.010,0.862,0.128
772500,0.010,0.717,0.273
773000,0.010,0.910,0.080
773500,0.010,0.831,0.159
774000,0.010,0.810,0.180
774500,0.010,0.787,0.203
775000,0.010,0.789,0.201
775500,0.010,0.667,0.323
776000,0.010,0.711,0.279
776500,0.010,0.754,0.236
777000,0.010,0.810,0.180
777500,0.010,0.879,0.111
778000,0.010,0.720,0.270
778500,0.010,0.850,0.140
779000,0.010,0.920,0.070
779500,0.010,0.850,0.140
780000,0.010,0.977,0.013
780500,0.010,0.919,0.071
781000,0.010,0.645,0.345
781500,0.010,0.694,0.296
782000,0.010,0.787,0.203
782500,0.010,0.854,0.136
783000,0.010,0.870,0.120
783500,0.010,0.989,0.001
784000,0.010,0.895,0.095
784500,0.010,0.788,0.202
785000,0.010,0.570,0.420
785500,0.010,0.762,0.228
786000,0.010,0.902,0.088
786500,0.010,0.585,0.405
787000,0.010,0.811,0.179
787500,0.010,0.841,0.149
788000,0.010,0.757,0.233
788500,0.010,0.580,0.410
789000,0.010,0.683,0.307
789500,0.010,0.583,0.407
790000,0.010,0.827,0.163
790500,0.010,0.749,0.241
791000,0.010,0.697,0.293
791500,0.010,0.939,0.051
792000,0.010,0.878,0.112
792500,0.010,0.710,0.280
793000,0.010,0.643,0.347
793500,0.010,0.921,0.069
794000,0.010,0.615,0.375
794500,0.010,0.847,0.143
795000,0.010,0.945,0.045
795500,0.010,0.949,0.041
796000,0.010,0.735,0.255
796500,0.010,0.938,0.052
797000,0.010,0.807,0.183
797500,0.010,0.858,0.132
798000,0.010,0.835,0.155
798500,0.010,0.679,0.311
799000,0.010,0.820,0.170
799500,0.010,0.527,0.463
800000,0.010,0.723,0.267
800500,0.010,0.875,0.115
801000,0.010,0.971,0.019
801500,0.010,0.757,0.233
802000,0.010,0.781,0.209
802500,0.010,0.709,0.281
803000,0.010,0.841,0.149
803500,0.010,0.596,0.394
804000,0.010,0.616,0.374
804500,0.010,0.791,0.199
805000,0.010,0.869,0.121
805500,0.010,0.748,0.242
806000,0.010,0.865,0.125
806500,0.010,0.630,0.360
807000,0.010,0.677,0.313
807500,0.010,0.824,0.166
808000,0.010,0.487,0.503
808500,0.010,0.805,0.185
809000,0.010,0.833,0.157
809500,0.010,0.674,0.316
810000,0.010,0.961,0.029
810500,0.010,0.944,0.046
811000,0.010,0.826,0.164
811500,0.010,0.762,0.228
812000,0.010,0.770,0.220
812500,0.010,0.972,0.018
813000,0.010,0.857,0.133
813500,0.010,0.989,0.001
814000,0.010,0.989,0.001
814500,0.010,0.825,0.165
815000,0.010,0.728,0.262
815500,0.010,0.890,0.100
816000,0.010,0.712,0.278
816500,0.010,0.968,0.022
817000,0.010,0.884,0.106
817500,0.010,0.836,0.154
818000,0.010,0.747,0.243
818500,0.010,0.946,0.044
819000,0.010,0.857,0.133
819500,0.010,0.830,0.160
820000,0.010,0.834,0.156
820500,0.010,0.797,0.193
821000,0.010,0.977,0.013
821500,0.010,0.954,0.036
822000,0.010,0.870,0.120
822500,0.010,0.880,0.110
823000,0.010,0.691,0.299
823500,0.010,0.805,0.185
824000,0.010,0.878,0.112
824500,0.010,0.816,0.174
825000,0.010,0.631,0.359
825500,0.010,0.709,0.281
826000,0.010,0.741,0.249
826500,0.010,0.773,0.217
827000,0.010,0.845,0.145
827500,0.010,0.894,0.096
828000,0.010,0.840,0.150
828500,0.010,0.683,0.307
829000,0.010,0.750,0.240
829500,0.010,0.915,0.075
830000,0.010,0.909,0.081
830500,0.010,0.941,0.049
831000,0.010,0.835,0.155
831500,0.010,0.980,0.010
832000,0.010,0.935,0.055
832500,0.010,0.686,0.304
833000,0.010,0.760,0.230
833500,0.010,0.887,0.103
834000,0.010,0.876,0.114
834500,0.010,0.395,0.595
835000,0.010,0.672,0.318
835500,0.010,0.690,0.300
836000,0.010,0.763,0.227
836500,0.010,0.726,0.264
837000,0.010,0.725,0.265
837500,0.010,0.739,0.251
838000,0.010,0.731,0.259
838500,0.010,0.722,0.268
839000,0.010,0.775,0.215
839500,0.010,0.964,0.026
840000,0.010,0.955,0.035
840500,0.010,0.610,0.380
841000,0.010,0.888,0.102
841500,0.010,0.873,0.117
842000,0.010,0.859,0.131
842500,0.010,0.711,0.279
843000,0.010,0.635,0.355
843500,0.010,0.750,0.240
844000,0.010,0.687,0.303
844500,0.010,0.886,0.104
845000,0.010,0.967,0.023
845500,0.010,0.812,0.178
846000,0.010,0.951,0.039
846500,0.010,0.921,0.069
847000,0.010,0.983,0.007
847500,0.010,0.890,0.100
848000,0.010,0.584,0.406
848500,0.010,0.748,0.242
849000,0.010,0.811,0.179
849500,0.010,0.838,0.152
850000,0.010,0.880,0.110
850500,0.010,0.925,0.065
851000,0.010,0.988,0.002
851500,0.010,0.936,0.054
852000,0.010,0.952,0.038
852500,0.010,0.965,0.025
853000,0.010,0.957,0.033
853500,0.010,0.802,0.188
854000,0.010,0.901,0.089
854500,0.010,0.687,0.303
855000,0.010,0.917,0.073
855500,0.010,0.959,0.031
856000,0.010,0.919,0.071
856500,0.010,0.932,0.058
857000,0.010,0.969,0.021
857500,0.010,0.908,0.082
858000,0.010,0.652,0.338
858500,0.010,0.833,0.157
859000,0.010,0.982,0.008
859500,0.010,0.883,0.107
860000,0.010,0.901,0.089
860500,0.010,0.858,0.132
861000,0.010,0.924,0.066
861500,0.010,0.860,0.130
862000,0.010,0.920,0.070
862500,0.010,0.721,0.269
863000,0.010,0.787,0.203
863500,0.010,0.814,0.176
864000,0.010,0.862,0.128
864500,0.010,0.976,0.014
865000,0.010,0.948,0.042
865500,0.010,0.959,0.031
866000,0.010,0.609,0.381
866500,0.010,0.585,0.405
867000,0.010,0.766,0.224
867500,0.010,0.767,0.223
868000,0.010,0.890,0.100
868500,0.010,0.771,0.219
869000,0.010,0.624,0.366
869500,0.010,0.796,0.194
870000,0.010,0.770,0.220
870500,0.010,0.737,0.253
871000,0.010,0.822,0.168
871500,0.010,0.647,0.343
872000,0.010,0.747,0.243
872500,0.010,0.916,0.074
873000,0.010,0.659,0.331
873500,0.010,0.733,0.257
874000,0.010,0.778,0.212
874500,0.010,0.962,0.028
875000,0.010,0.833,0.157
875500,0.010,0.781,0.209
876000,0.010,0.740,0.250
876500,0.010,0.843,0.147
877000,0.010,0.939,0.051
877500,0.010,0.817,0.173
878000,0.010,0.773,0.217
878500,0.010,0.910,0.080
879000,0.010,0.775,0.215
879500,0.010,0.692,0.298
880000,0.010,0.881,0.109
880500,0.010,0.800,0.190
881000,0.010,0.665,0.325
881500,0.010,0.618,0.372
882000,0.010,0.631,0.359
882500,0.010,0.663,0.327
883000,0.010,0.887,0.103
883500,0.010,0.913,0.077
884000,0.010,0.854,0.136
884500,0.010,0.866,0.124
885000,0.010,0.975,0.015
885500,0.010,0.975,0.015
886000,0.010,0.777,0.213
886500,0.010,0.852,0.138
887000,0.010,0.989,0.001
887500,0.010,0.853,0.137
888000,0.010,0.921,0.069
888500,0.010,0.932,0.058
889000,0.010,0.753,0.237
889500,0.010,0.884,0.106
890000,0.010,0.830,0.160
890500,0.010,0.883,0.107
891000,0.010,0.509,0.481
891500,0.010,0.943,0.047
892000,0.010,0.965,0.025
892500,0.010,0.846,0.144
893000,0.010,0.963,0.027
893500,0.010,0.862,0.128
894000,0.010,0.721,0.269
894500,0.010,0.645,0.345
895000,0.010,0.869,0.121
895500,0.010,0.830,0.160
896000,0.010,0.910,0.080
896500,0.010,0.862,0.128
897000,0.010,0.857,0.133
897500,0.010,0.964,0.026
898000,0.010,0.905,0.085
898500,0.010,0.930,0.060
899000,0.010,0.927,0.063
899500,0.010,0.777,0.213
900000,0.010,0.765,0.225
900500,0.010,0.897,0.093
901000,0.010,0.800,0.190
901500,0.010,0.959,0.031
902000,0.010,0.913,0.077
902500,0.010,0.753,0.237
903000,0.010,0.634,0.356
903500,0.010,0.851,0.139
904000,0.010,0.711,0.279
904500,0.010,0.512,0.478
905000,0.010,0.692,0.298
905500,0.010,0.776,0.214
906000,0.010,0.765,0.225
906500,0.010,0.840,0.150
907000,0.010,0.725,0.265
907500,0.010,0.761,0.229
908000,0.010,0.855,0.135
908500,0.010,0.872,0.118
909000,0.010,0.990,0.000
909500,0.010,0.824,0.166
910000,0.010,0.933,0.057
910500,0.010,0.907,0.083
911000,0.010,0.698,0.292
911500,0.010,0.716,0.274
912000,0.010,0.863,0.127
912500,0.010,0.851,0.139
913000,0.010,0.684,0.306
913500,0.010,0.897,0.093
914000,0.010,0.981,0.009
914500,0.010,0.932,0.058
915000,0.010,0.964,0.026
915500,0.010,0.988,0.002
916000,0.010,0.946,0.044
916500,0.010,0.990,0.000
917000,0.010,0.868,0.122
917500,0.010,0.862,0.128
918000,0.010,0.903,0.087
918500,0.010,0.964,0.026
919000,0.010,0.933,0.057
919500,0.010,0.950,0.040
920000,0.010,0.953,0.037
920500,0.010,0.944,0.046
921000,0.010,0.990,0.000
921500,0.010,0.805,0.185
922000,0.010,0.579,0.411
922500,0.010,0.853,0.137
923000,0.010,0.962,0.028
923500,0.010,0.861,0.129
924000,0.010,0.923,0.067
924500,0.010,0.909,0.081
925000,0.010,0.704,0.286
925500,0.010,0.875,0.115
926000,0.010,0.736,0.254
926500,0.010,0.705,0.285
927000,0.010,0.780,0.210
927500,0.010,0.979,0.011
928000,0.010,0.967,0.023
928500,0.010,0.751,0.239
929000,0.010,0.799,0.191
929500,0.010,0.861,0.129
930000,0.010,0.919,0.071
930500,0.010,0.720,0.270
931000,0.010,0.739,0.251
931500,0.010,0.799,0.191
932000,0.010,0.811,0.179
932500,0.010,0.777,0.213
933000,0.010,0.892,0.098
933500,0.010,0.904,0.086
934000,0.010,0.938,0.052
934500,0.010,0.788,0.202
935000,0.010,0.889,0.101
935500,0.010,0.835,0.155
936000,0.010,0.856,0.134
936500,0.010,0.559,0.431
937000,0.010,0.840,0.150
937500,0.010,0.827,0.163
938000,0.010,0.951,0.039
938500,0.010,0.637,0.353
939000,0.010,0.789,0.201
939500,0.010,0.888,0.102
940000,0.010,0.882,0.108
940500,0.010,0.799,0.191
941000,0.010,0.762,0.228
941500,0.010,0.937,0.053
942000,0.010,0.886,0.104
942500,0.010,0.749,0.241
943000,0.010,0.700,0.290
943500,0.010,0.682,0.308
944000,0.010,0.693,0.297
944500,0.010,0.716,0.274
945000,0.010,0.873,0.117
945500,0.010,0.641,0.349
946000,0.010,0.924,0.066
946500,0.010,0.861,0.129
947000,0.010,0.788,0.202
947500,0.010,0.746,0.244
948000,0.010,0.673,0.317
948500,0.010,0.687,0.303
949000,0.010,0.753,0.237
949500,0.010,0.798,0.192
950000,0.010,0.770,0.220
950500,0.010,0.681,0.309
951000,0.010,0.914,0.076
951500,0.010,0.871,0.119
952000,0.010,0.887,0.103
952500,0.010,0.826,0.164
953000,0.010,0.717,0.273
953500,0.010,0.745,0.245
954000,0.010,0.724,0.266
954500,0.010,0.844,0.146
955000,0.010,0.556,0.434
955500,0.010,0.650,0.340
956000,0.010,0.883,0.107
956500,0.010,0.805,0.185
957000,0.010,0.661,0.329
957500,0.010,0.675,0.315
958000,0.010,0.758,0.232
958500,0.010,0.853,0.137
959000,0.010,0.944,0.046
959500,0.010,0.990,0.000
960000,0.010,0.984,0.006
960500,0.010,0.764,0.226
961000,0.010,0.784,0.206
961500,0.010,0.758,0.232
962000,0.010,0.941,0.049
962500,0.010,0.720,0.270
963000,0.010,0.900,0.090
963500,0.010,0.796,0.194
964000,0.010,0.885,0.105
964500,0.010,0.854,0.136
965000,0.010,0.914,0.076
965500,0.010,0.901,0.089
966000,0.010,0.745,0.245
966500,0.010,0.764,0.226
967000,0.010,0.852,0.138
967500,0.010,0.989,0.001
968000,0.010,0.801,0.189
968500,0.010,0.469,0.521
969000,0.010,0.817,0.173
969500,0.010,0.547,0.443
970000,0.010,0.742,0.248
970500,0.010,0.807,0.183
971000,0.010,0.924,0.066
971500,0.010,0.794,0.196
972000,0.010,0.854,0.136
972500,0.010,0.847,0.143
973000,0.010,0.811,0.179
973500,0.010,0.918,0.072
974000,0.010,0.603,0.387
974500,0.010,0.582,0.408
975000,0.010,0.751,0.239
975500,0.010,0.700,0.290
976000,0.010,0.815,0.175
976500,0.010,0.861,0.129
977000,0.010,0.899,0.091
977500,0.010,0.933,0.057
978000,0.010,0.798,0.192
978500,0.010,0.827,0.163
979000,0.010,0.743,0.247
979500,0.010,0.713,0.277
980000,0.010,0.835,0.155
980500,0.010,0.941,0.049
981000,0.010,0.956,0.034
981500,0.010,0.594,0.396
982000,0.010,0.874,0.116
982500,0.010,0.944,0.046
983000,0.010,0.620,0.370
983500,0.010,0.734,0.256
984000,0.010,0.765,0.225
984500,0.010,0.800,0.190
985000,0.010,0.960,0.030
985500,0.010,0.825,0.165
986000,0.010,0.757,0.233
986500,0.010,0.817,0.173
987000,0.010,0.946,0.044
987500,0.010,0.723,0.267
988000,0.010,0.542,0.448
988500,0.010,0.886,0.104
989000,0.010,0.838,0.152
989500,0.010,0.609,0.381
990000,0.010,0.617,0.373
990500,0.010,0.798,0.192
991000,0.010,0.974,0.016
991500,0.010,0.888,0.102
992000,0.010,0.752,0.238
992500,0.010,0.881,0.109
993000,0.010,0.856,0.134
993500,0.010,0.984,0.006
994000,0.010,0.572,0.418
994500,0.010,0.820,0.170
995000,0.010,0.648,0.342
995500,0.010,0.617,0.373
996000,0.010,0.642,0.348
996500,0.010,0.944,0.046
997000,0.010,0.603,0.387
997500,0.010,0.801,0.189
998000,0.010,0.897,0.093
998500,0.010,0.762,0.228
999000,0.010,0.593,0.397
999500,0.010,0.768,0.222
1000000,0.010,0.838,0.152
