time,n_A+p,n_B,n_AB
500,0.030,0.069,0.901
1000,0.181,0.001,0.818
1500,0.080,0.052,0.868
2000,0.127,0.000,0.873
2500,0.201,0.000,0.799
3000,0.160,0.000,0.840
3500,0.270,0.000,0.730
4000,0.162,0.000,0.838
4500,0.221,0.000,0.779
5000,0.082,0.000,0.918
5500,0.199,0.000,0.801
6000,0.183,0.000,0.817
6500,0.237,0.000,0.763
7000,0.170,0.000,0.830
7500,0.181,0.000,0.819
8000,0.190,0.000,0.810
8500,0.176,0.000,0.824
9000,0.119,0.000,0.881
9500,0.167,0.000,0.833
10000,0.214,0.000,0.786
10500,0.215,0.000,0.785
11000,0.244,0.000,0.756
11500,0.149,0.000,0.851
12000,0.178,0.000,0.822
12500,0.164,0.000,0.836
13000,0.166,0.000,0.834
13500,0.158,0.000,0.842
14000,0.202,0.000,0.798
14500,0.147,0.002,0.851
15000,0.103,0.000,0.897
15500,0.212,0.000,0.788
16000,0.082,0.000,0.918
16500,0.258,0.000,0.742
17000,0.159,0.000,0.841
17500,0.263,0.000,0.737
18000,0.130,0.000,0.870
18500,0.296,0.000,0.704
19000,0.154,0.000,0.846
19500,0.252,0.000,0.748
20000,0.221,0.000,0.779
20500,0.179,0.000,0.821
21000,0.188,0.000,0.812
21500,0.124,0.001,0.875
22000,0.291,0.000,0.709
22500,0.193,0.000,0.807
23000,0.191,0.000,0.809
23500,0.139,0.000,0.861
24000,0.173,0.000,0.827
24500,0.144,0.000,0.856
25000,0.262,0.000,0.738
25500,0.268,0.000,0.732
26000,0.179,0.000,0.821
26500,0.155,0.007,0.838
27000,0.168,0.000,0.832
27500,0.096,0.000,0.904
28000,0.235,0.012,0.753
28500,0.163,0.000,0.837
29000,0.061,0.010,0.929
29500,0.057,0.054,0.889
30000,0.142,0.000,0.858
30500,0.208,0.000,0.792
31000,0.233,0.000,0.767
31500,0.180,0.000,0.820
32000,0.255,0.000,0.745
32500,0.207,0.000,0.793
33000,0.276,0.000,0.724
33500,0.209,0.000,0.791
34000,0.183,0.000,0.817
34500,0.267,0.000,0.733
35000,0.059,0.026,0.915
35500,0.166,0.000,0.834
36000,0.130,0.000,0.870
36500,0.241,0.000,0.759
37000,0.098,0.000,0.902
37500,0.266,0.000,0.734
38000,0.217,0.000,0.783
38500,0.112,0.000,0.888
39000,0.111,0.000,0.889
39500,0.144,0.000,0.856
40000,0.283,0.000,0.717
40500,0.187,0.000,0.813
41000,0.096,0.000,0.904
41500,0.293,0.000,0.707
42000,0.213,0.000,0.787
42500,0.216,0.000,0.784
43000,0.144,0.000,0.856
43500,0.162,0.000,0.838
44000,0.135,0.000,0.865
44500,0.088,0.000,0.912
45000,0.144,0.000,0.856
45500,0.153,0.000,0.847
46000,0.207,0.000,0.793
46500,0.173,0.000,0.827
47000,0.112,0.003,0.885
47500,0.196,0.000,0.804
48000,0.232,0.000,0.768
48500,0.128,0.000,0.872
49000,0.296,0.000,0.704
49500,0.164,0.000,0.836
50000,0.216,0.000,0.784
50500,0.167,0.000,0.833
51000,0.092,0.000,0.908
51500,0.197,0.000,0.803
52000,0.113,0.000,0.887
52500,0.271,0.000,0.729
53000,0.214,0.000,0.786
53500,0.166,0.000,0.834
54000,0.114,0.000,0.886
54500,0.199,0.000,0.801
55000,0.170,0.000,0.830
55500,0.112,0.015,0.873
56000,0.168,0.000,0.832
56500,0.177,0.000,0.823
57000,0.162,0.000,0.838
57500,0.056,0.034,0.910
58000,0.077,0.002,0.921
58500,0.075,0.005,0.920
59000,0.172,0.000,0.828
59500,0.188,0.000,0.812
60000,0.174,0.000,0.826
60500,0.147,0.000,0.853
61000,0.165,0.000,0.835
61500,0.161,0.000,0.839
62000,0.154,0.000,0.846
62500,0.244,0.000,0.756
63000,0.191,0.000,0.809
63500,0.163,0.000,0.837
64000,0.070,0.000,0.930
64500,0.117,0.000,0.883
65000,0.131,0.010,0.859
65500,0.182,0.000,0.818
66000,0.152,0.000,0.848
66500,0.248,0.000,0.752
67000,0.128,0.000,0.872
67500,0.092,0.000,0.908
68000,0.197,0.002,0.801
68500,0.156,0.000,0.844
69000,0.210,0.000,0.790
69500,0.131,0.000,0.869
70000,0.209,0.000,0.791
70500,0.243,0.000,0.757
71000,0.198,0.000,0.802
71500,0.156,0.000,0.844
72000,0.142,0.000,0.858
72500,0.267,0.000,0.733
73000,0.198,0.000,0.802
73500,0.118,0.000,0.882
74000,0.084,0.000,0.916
74500,0.271,0.000,0.729
75000,0.169,0.000,0.831
75500,0.182,0.000,0.818
76000,0.130,0.000,0.870
76500,0.196,0.000,0.804
77000,0.227,0.000,0.773
77500,0.148,0.000,0.852
78000,0.259,0.000,0.741
78500,0.302,0.000,0.698
79000,0.202,0.000,0.798
79500,0.211,0.000,0.789
80000,0.252,0.000,0.748
80500,0.140,0.000,0.860
81000,0.140,0.000,0.860
81500,0.172,0.000,0.828
82000,0.232,0.000,0.768
82500,0.150,0.000,0.850
83000,0.159,0.000,0.841
83500,0.130,0.000,0.870
84000,0.155,0.000,0.845
84500,0.182,0.000,0.818
85000,0.196,0.000,0.804
85500,0.151,0.000,0.849
86000,0.139,0.000,0.861
86500,0.159,0.000,0.841
87000,0.192,0.001,0.807
87500,0.137,0.000,0.863
88000,0.319,0.000,0.681
88500,0.139,0.000,0.861
89000,0.156,0.005,0.839
89500,0.185,0.007,0.808
90000,0.135,0.000,0.865
90500,0.189,0.000,0.811
91000,0.227,0.000,0.773
91500,0.141,0.000,0.859
92000,0.145,0.000,0.855
92500,0.141,0.000,0.859
93000,0.205,0.000,0.795
93500,0.132,0.000,0.868
94000,0.212,0.000,0.788
94500,0.058,0.000,0.942
95000,0.181,0.000,0.819
95500,0.094,0.000,0.906
96000,0.212,0.000,0.788
96500,0.171,0.000,0.829
97000,0.232,0.000,0.768
97500,0.172,0.022,0.806
98000,0.162,0.000,0.838
98500,0.262,0.000,0.738
99000,0.150,0.000,0.850
99500,0.095,0.020,0.885
100000,0.144,0.000,0.856
100500,0.185,0.000,0.815
101000,0.190,0.000,0.810
101500,0.187,0.000,0.813
102000,0.095,0.000,0.905
102500,0.152,0.001,0.847
103000,0.148,0.000,0.852
103500,0.189,0.000,0.811
104000,0.051,0.015,0.934
104500,0.168,0.000,0.832
105000,0.193,0.000,0.807
105500,0.212,0.000,0.788
106000,0.153,0.000,0.847
106500,0.194,0.000,0.806
107000,0.219,0.000,0.781
107500,0.178,0.000,0.822
108000,0.171,0.000,0.829
108500,0.194,0.000,0.806
109000,0.143,0.000,0.857
109500,0.121,0.000,0.879
110000,0.133,0.000,0.867
110500,0.186,0.000,0.814
111000,0.143,0.004,0.853
111500,0.184,0.000,0.816
112000,0.106,0.000,0.894
112500,0.174,0.000,0.826
113000,0.127,0.000,0.873
113500,0.152,0.000,0.848
114000,0.132,0.000,0.868
114500,0.254,0.000,0.746
115000,0.221,0.000,0.779
115500,0.213,0.000,0.787
116000,0.115,0.000,0.885
116500,0.254,0.000,0.746
117000,0.126,0.000,0.874
117500,0.171,0.000,0.829
118000,0.133,0.004,0.863
118500,0.157,0.000,0.843
119000,0.106,0.006,0.888
119500,0.192,0.000,0.808
120000,0.125,0.000,0.875
120500,0.276,0.000,0.724
121000,0.202,0.000,0.798
121500,0.133,0.000,0.867
122000,0.056,0.039,0.905
122500,0.231,0.000,0.769
123000,0.160,0.000,0.840
123500,0.275,0.000,0.725
124000,0.263,0.000,0.737
124500,0.119,0.000,0.881
125000,0.164,0.000,0.836
125500,0.201,0.000,0.799
126000,0.177,0.000,0.823
126500,0.188,0.000,0.812
127000,0.196,0.000,0.804
127500,0.186,0.000,0.814
128000,0.167,0.000,0.833
128500,0.215,0.000,0.785
129000,0.145,0.000,0.855
129500,0.187,0.000,0.813
130000,0.193,0.000,0.807
130500,0.261,0.000,0.739
131000,0.187,0.000,0.813
131500,0.136,0.000,0.864
132000,0.131,0.000,0.869
132500,0.212,0.000,0.788
133000,0.212,0.000,0.788
133500,0.145,0.000,0.855
134000,0.124,0.000,0.876
134500,0.170,0.000,0.830
135000,0.278,0.000,0.722
135500,0.050,0.054,0.896
136000,0.107,0.000,0.893
136500,0.270,0.000,0.730
137000,0.152,0.000,0.848
137500,0.154,0.000,0.846
138000,0.234,0.000,0.766
138500,0.222,0.000,0.778
139000,0.113,0.015,0.872
139500,0.219,0.000,0.781
140000,0.073,0.000,0.927
140500,0.098,0.000,0.902
141000,0.116,0.000,0.884
141500,0.135,0.000,0.865
142000,0.152,0.000,0.848
142500,0.189,0.000,0.811
143000,0.267,0.000,0.733
143500,0.159,0.000,0.841
144000,0.097,0.002,0.901
144500,0.259,0.000,0.741
145000,0.152,0.000,0.848
145500,0.205,0.000,0.795
146000,0.207,0.000,0.793
146500,0.153,0.000,0.847
147000,0.269,0.000,0.731
147500,0.226,0.000,0.774
148000,0.286,0.000,0.714
148500,0.125,0.000,0.875
149000,0.221,0.000,0.779
149500,0.117,0.012,0.871
150000,0.303,0.000,0.697
150500,0.111,0.031,0.858
151000,0.230,0.000,0.770
151500,0.217,0.000,0.783
152000,0.149,0.000,0.851
152500,0.141,0.000,0.859
153000,0.227,0.000,0.773
153500,0.155,0.000,0.845
154000,0.169,0.000,0.831
154500,0.138,0.000,0.862
155000,0.197,0.000,0.803
155500,0.134,0.000,0.866
156000,0.197,0.000,0.803
156500,0.077,0.000,0.923
157000,0.178,0.000,0.822
157500,0.104,0.000,0.896
158000,0.152,0.002,0.846
158500,0.225,0.005,0.770
159000,0.215,0.000,0.785
159500,0.170,0.000,0.830
160000,0.287,0.000,0.713
160500,0.166,0.000,0.834
161000,0.068,0.027,0.905
161500,0.223,0.000,0.777
162000,0.138,0.000,0.862
162500,0.135,0.000,0.865
163000,0.130,0.023,0.847
163500,0.210,0.000,0.790
164000,0.157,0.000,0.843
164500,0.142,0.006,0.852
165000,0.105,0.000,0.895
165500,0.120,0.001,0.879
166000,0.172,0.000,0.828
166500,0.179,0.000,0.821
167000,0.272,0.000,0.728
167500,0.222,0.000,0.778
168000,0.139,0.000,0.861
168500,0.145,0.000,0.855
169000,0.131,0.000,0.869
169500,0.136,0.000,0.864
170000,0.157,0.003,0.840
170500,0.057,0.023,0.920
171000,0.219,0.002,0.779
171500,0.122,0.000,0.878
172000,0.148,0.000,0.852
172500,0.130,0.000,0.870
173000,0.173,0.000,0.827
173500,0.214,0.000,0.786
174000,0.145,0.000,0.855
174500,0.198,0.000,0.802
175000,0.155,0.000,0.845
175500,0.090,0.031,0.879
176000,0.120,0.001,0.879
176500,0.110,0.000,0.890
177000,0.110,0.000,0.890
177500,0.125,0.005,0.870
178000,0.225,0.000,0.775
178500,0.240,0.000,0.760
179000,0.110,0.000,0.890
179500,0.184,0.000,0.816
180000,0.216,0.000,0.784
180500,0.214,0.000,0.786
181000,0.233,0.000,0.767
181500,0.197,0.000,0.803
182000,0.162,0.000,0.838
182500,0.244,0.000,0.756
183000,0.204,0.000,0.796
183500,0.240,0.000,0.760
184000,0.220,0.000,0.780
184500,0.151,0.000,0.849
185000,0.242,0.000,0.758
185500,0.149,0.000,0.851
186000,0.206,0.000,0.794
186500,0.128,0.000,0.872
187000,0.179,0.000,0.821
187500,0.069,0.014,0.917
188000,0.236,0.001,0.763
188500,0.105,0.000,0.895
189000,0.162,0.000,0.838
189500,0.138,0.000,0.862
190000,0.219,0.000,0.781
190500,0.136,0.000,0.864
191000,0.120,0.000,0.880
191500,0.239,0.000,0.761
192000,0.269,0.000,0.731
192500,0.228,0.000,0.772
193000,0.150,0.000,0.850
193500,0.215,0.000,0.785
194000,0.192,0.000,0.808
194500,0.176,0.000,0.824
195000,0.252,0.000,0.748
195500,0.162,0.000,0.838
196000,0.209,0.000,0.791
196500,0.117,0.000,0.883
197000,0.159,0.000,0.841
197500,0.227,0.000,0.773
198000,0.154,0.000,0.846
198500,0.134,0.000,0.866
199000,0.083,0.023,0.894
199500,0.140,0.000,0.860
200000,0.187,0.000,0.813
200500,0.143,0.000,0.857
201000,0.099,0.000,0.901
201500,0.223,0.000,0.777
202000,0.097,0.000,0.903
202500,0.221,0.000,0.779
203000,0.164,0.000,0.836
203500,0.148,0.000,0.852
204000,0.204,0.000,0.796
204500,0.227,0.000,0.773
205000,0.147,0.000,0.853
205500,0.102,0.000,0.898
206000,0.226,0.000,0.774
206500,0.151,0.000,0.849
207000,0.129,0.030,0.841
207500,0.226,0.000,0.774
208000,0.174,0.000,0.826
208500,0.131,0.013,0.856
209000,0.156,0.000,0.844
209500,0.192,0.000,0.808
210000,0.176,0.000,0.824
210500,0.162,0.000,0.838
211000,0.193,0.000,0.807
211500,0.134,0.000,0.866
212000,0.228,0.000,0.772
212500,0.149,0.000,0.851
213000,0.205,0.000,0.795
213500,0.251,0.000,0.749
214000,0.161,0.000,0.839
214500,0.088,0.000,0.912
215000,0.115,0.000,0.885
215500,0.242,0.000,0.758
216000,0.237,0.000,0.763
216500,0.112,0.000,0.888
217000,0.286,0.000,0.714
217500,0.196,0.000,0.804
218000,0.126,0.028,0.846
218500,0.133,0.000,0.867
219000,0.163,0.000,0.837
219500,0.205,0.000,0.795
220000,0.109,0.001,0.890
220500,0.184,0.000,0.816
221000,0.212,0.000,0.788
221500,0.195,0.000,0.805
222000,0.136,0.000,0.864
222500,0.215,0.000,0.785
223000,0.192,0.000,0.808
223500,0.165,0.000,0.835
224000,0.191,0.000,0.809
224500,0.122,0.000,0.878
225000,0.088,0.002,0.910
225500,0.164,0.000,0.836
226000,0.144,0.000,0.856
226500,0.106,0.000,0.894
227000,0.114,0.019,0.867
227500,0.096,0.000,0.904
228000,0.176,0.000,0.824
228500,0.165,0.000,0.835
229000,0.146,0.000,0.854
229500,0.121,0.000,0.879
230000,0.156,0.000,0.844
230500,0.154,0.000,0.846
231000,0.201,0.000,0.799
231500,0.261,0.000,0.739
232000,0.083,0.000,0.917
232500,0.102,0.000,0.898
233000,0.169,0.000,0.831
233500,0.196,0.000,0.804
234000,0.128,0.000,0.872
234500,0.122,0.000,0.878
235000,0.183,0.000,0.817
235500,0.153,0.000,0.847
236000,0.232,0.000,0.768
236500,0.156,0.000,0.844
237000,0.140,0.000,0.860
237500,0.156,0.000,0.844
238000,0.037,0.052,0.911
238500,0.152,0.008,0.840
239000,0.247,0.000,0.753
239500,0.118,0.000,0.882
240000,0.198,0.000,0.802
240500,0.119,0.000,0.881
241000,0.130,0.002,0.868
241500,0.139,0.000,0.861
242000,0.188,0.000,0.812
242500,0.177,0.000,0.823
243000,0.088,0.000,0.912
243500,0.289,0.000,0.711
244000,0.237,0.000,0.763
244500,0.149,0.004,0.847
245000,0.163,0.000,0.837
245500,0.100,0.000,0.900
246000,0.233,0.000,0.767
246500,0.192,0.000,0.808
247000,0.221,0.000,0.779
247500,0.135,0.000,0.865
248000,0.298,0.000,0.702
248500,0.137,0.000,0.863
249000,0.180,0.000,0.820
249500,0.162,0.000,0.838
250000,0.128,0.000,0.872
250500,0.184,0.000,0.816
251000,0.201,0.000,0.799
251500,0.132,0.000,0.868
252000,0.103,0.000,0.897
252500,0.181,0.000,0.819
253000,0.140,0.000,0.860
253500,0.253,0.000,0.747
254000,0.180,0.000,0.820
254500,0.176,0.000,0.824
255000,0.146,0.000,0.854
255500,0.144,0.000,0.856
256000,0.136,0.000,0.864
256500,0.199,0.000,0.801
257000,0.139,0.000,0.861
257500,0.213,0.000,0.787
258000,0.201,0.000,0.799
258500,0.270,0.000,0.730
259000,0.133,0.000,0.867
259500,0.169,0.000,0.831
260000,0.164,0.000,0.836
260500,0.162,0.000,0.838
261000,0.207,0.000,0.793
261500,0.146,0.000,0.854
262000,0.139,0.000,0.861
262500,0.141,0.000,0.859
263000,0.149,0.000,0.851
263500,0.123,0.007,0.870
264000,0.206,0.001,0.793
264500,0.144,0.000,0.856
265000,0.154,0.000,0.846
265500,0.226,0.000,0.774
266000,0.160,0.000,0.840
266500,0.186,0.000,0.814
267000,0.186,0.000,0.814
267500,0.157,0.000,0.843
268000,0.204,0.000,0.796
268500,0.236,0.000,0.764
269000,0.143,0.000,0.857
269500,0.094,0.001,0.905
270000,0.186,0.000,0.814
270500,0.155,0.000,0.845
271000,0.158,0.000,0.842
271500,0.222,0.000,0.778
272000,0.257,0.000,0.743
272500,0.181,0.000,0.819
273000,0.200,0.000,0.800
273500,0.188,0.000,0.812
274000,0.131,0.000,0.869
274500,0.095,0.000,0.905
275000,0.088,0.000,0.912
275500,0.078,0.000,0.922
276000,0.132,0.000,0.868
276500,0.102,0.000,0.898
277000,0.253,0.000,0.747
277500,0.096,0.000,0.904
278000,0.126,0.000,0.874
278500,0.093,0.020,0.887
279000,0.190,0.000,0.810
279500,0.162,0.000,0.838
280000,0.130,0.000,0.870
280500,0.193,0.000,0.807
281000,0.177,0.000,0.823
281500,0.126,0.000,0.874
282000,0.124,0.000,0.876
282500,0.118,0.000,0.882
283000,0.186,0.000,0.814
283500,0.078,0.012,0.910
284000,0.118,0.001,0.881
284500,0.171,0.000,0.829
285000,0.185,0.000,0.815
285500,0.154,0.000,0.846
286000,0.171,0.000,0.829
286500,0.185,0.000,0.815
287000,0.097,0.000,0.903
287500,0.250,0.000,0.750
288000,0.135,0.000,0.865
288500,0.125,0.000,0.875
289000,0.162,0.000,0.838
289500,0.248,0.000,0.752
290000,0.082,0.000,0.918
290500,0.143,0.000,0.857
291000,0.132,0.000,0.868
291500,0.223,0.000,0.777
292000,0.208,0.000,0.792
292500,0.216,0.000,0.784
293000,0.246,0.000,0.754
293500,0.157,0.000,0.843
294000,0.147,0.003,0.850
294500,0.187,0.000,0.813
295000,0.234,0.000,0.766
295500,0.155,0.000,0.845
296000,0.231,0.000,0.769
296500,0.220,0.000,0.780
297000,0.261,0.000,0.739
297500,0.150,0.000,0.850
298000,0.187,0.000,0.813
298500,0.133,0.000,0.867
299000,0.088,0.002,0.910
299500,0.160,0.001,0.839
300000,0.165,0.000,0.835
300500,0.170,0.000,0.830
301000,0.170,0.001,0.829
301500,0.138,0.000,0.862
302000,0.230,0.000,0.770
302500,0.199,0.000,0.801
303000,0.103,0.000,0.897
303500,0.189,0.000,0.811
304000,0.161,0.000,0.839
304500,0.212,0.000,0.788
305000,0.143,0.000,0.857
305500,0.259,0.000,0.741
306000,0.161,0.000,0.839
306500,0.212,0.000,0.788
307000,0.136,0.000,0.864
307500,0.119,0.002,0.879
308000,0.229,0.000,0.771
308500,0.306,0.000,0.694
309000,0.209,0.000,0.791
309500,0.179,0.000,0.821
310000,0.235,0.000,0.765
310500,0.196,0.000,0.804
311000,0.144,0.000,0.856
311500,0.160,0.000,0.840
312000,0.162,0.000,0.838
312500,0.086,0.001,0.913
313000,0.153,0.000,0.847
313500,0.188,0.000,0.812
314000,0.164,0.000,0.836
314500,0.182,0.000,0.818
315000,0.185,0.000,0.815
315500,0.126,0.020,0.854
316000,0.093,0.000,0.907
316500,0.142,0.000,0.858
317000,0.154,0.000,0.846
317500,0.170,0.000,0.830
318000,0.167,0.007,0.826
318500,0.088,0.000,0.912
319000,0.189,0.000,0.811
319500,0.219,0.000,0.781
320000,0.075,0.005,0.920
320500,0.241,0.000,0.759
321000,0.195,0.000,0.805
321500,0.141,0.000,0.859
322000,0.220,0.000,0.780
322500,0.196,0.000,0.804
323000,0.175,0.000,0.825
323500,0.174,0.000,0.826
324000,0.277,0.000,0.723
324500,0.255,0.000,0.745
325000,0.074,0.036,0.890
325500,0.207,0.000,0.793
326000,0.239,0.000,0.761
326500,0.129,0.000,0.871
327000,0.148,0.000,0.852
327500,0.120,0.008,0.872
328000,0.286,0.004,0.710
328500,0.142,0.000,0.858
329000,0.306,0.001,0.693
329500,0.230,0.000,0.770
330000,0.179,0.000,0.821
330500,0.105,0.001,0.894
331000,0.107,0.000,0.893
331500,0.230,0.000,0.770
332000,0.146,0.000,0.854
332500,0.066,0.013,0.921
333000,0.126,0.000,0.874
333500,0.307,0.000,0.693
334000,0.264,0.000,0.736
334500,0.115,0.000,0.885
335000,0.169,0.000,0.831
335500,0.180,0.000,0.820
336000,0.192,0.000,0.808
336500,0.158,0.000,0.842
337000,0.181,0.000,0.819
337500,0.071,0.010,0.919
338000,0.203,0.000,0.797
338500,0.204,0.001,0.795
339000,0.234,0.000,0.766
339500,0.156,0.000,0.844
340000,0.206,0.000,0.794
340500,0.178,0.000,0.822
341000,0.208,0.000,0.792
341500,0.139,0.000,0.861
342000,0.139,0.000,0.861
342500,0.118,0.000,0.882
343000,0.135,0.000,0.865
343500,0.186,0.007,0.807
344000,0.217,0.000,0.783
344500,0.127,0.000,0.873
345000,0.245,0.000,0.755
345500,0.272,0.000,0.728
346000,0.267,0.000,0.733
346500,0.201,0.000,0.799
347000,0.118,0.000,0.882
347500,0.314,0.000,0.686
348000,0.146,0.000,0.854
348500,0.143,0.012,0.845
349000,0.172,0.000,0.828
349500,0.220,0.000,0.780
350000,0.122,0.001,0.877
350500,0.031,0.086,0.883
351000,0.050,0.001,0.949
351500,0.183,0.000,0.817
352000,0.117,0.000,0.883
352500,0.159,0.000,0.841
353000,0.103,0.000,0.897
353500,0.139,0.000,0.861
354000,0.078,0.000,0.922
354500,0.180,0.000,0.820
355000,0.186,0.000,0.814
355500,0.116,0.000,0.884
356000,0.046,0.031,0.923
356500,0.214,0.000,0.786
357000,0.226,0.000,0.774
357500,0.197,0.000,0.803
358000,0.321,0.000,0.679
358500,0.156,0.000,0.844
359000,0.107,0.000,0.893
359500,0.161,0.000,0.839
360000,0.227,0.000,0.773
360500,0.202,0.005,0.793
361000,0.091,0.000,0.909
361500,0.197,0.000,0.803
362000,0.058,0.012,0.930
362500,0.081,0.000,0.919
363000,0.173,0.000,0.827
363500,0.180,0.000,0.820
364000,0.181,0.000,0.819
364500,0.203,0.000,0.797
365000,0.198,0.000,0.802
365500,0.161,0.000,0.839
366000,0.204,0.000,0.796
366500,0.185,0.000,0.815
367000,0.194,0.000,0.806
367500,0.108,0.032,0.860
368000,0.209,0.002,0.789
368500,0.201,0.000,0.799
369000,0.113,0.000,0.887
369500,0.141,0.000,0.859
370000,0.107,0.000,0.893
370500,0.133,0.013,0.854
371000,0.199,0.000,0.801
371500,0.074,0.000,0.926
372000,0.145,0.000,0.855
372500,0.176,0.000,0.824
373000,0.062,0.006,0.932
373500,0.244,0.000,0.756
374000,0.198,0.000,0.802
374500,0.137,0.004,0.859
375000,0.167,0.008,0.825
375500,0.158,0.000,0.842
376000,0.184,0.000,0.816
376500,0.235,0.000,0.765
377000,0.076,0.031,0.893
377500,0.041,0.048,0.911
378000,0.168,0.000,0.832
378500,0.142,0.000,0.858
379000,0.124,0.000,0.876
379500,0.175,0.000,0.825
380000,0.266,0.000,0.734
380500,0.228,0.000,0.772
381000,0.205,0.000,0.795
381500,0.185,0.000,0.815
382000,0.169,0.000,0.831
382500,0.148,0.000,0.852
383000,0.237,0.000,0.763
383500,0.162,0.000,0.838
384000,0.209,0.000,0.791
384500,0.134,0.000,0.866
385000,0.121,0.023,0.856
385500,0.169,0.000,0.831
386000,0.144,0.000,0.856
386500,0.204,0.000,0.796
387000,0.105,0.000,0.895
387500,0.151,0.000,0.849
388000,0.110,0.001,0.889
388500,0.133,0.001,0.866
389000,0.219,0.000,0.781
389500,0.208,0.000,0.792
390000,0.219,0.000,0.781
390500,0.146,0.000,0.854
391000,0.209,0.000,0.791
391500,0.115,0.000,0.885
392000,0.284,0.000,0.716
392500,0.123,0.000,0.877
393000,0.193,0.000,0.807
393500,0.168,0.000,0.832
394000,0.255,0.000,0.745
394500,0.246,0.000,0.754
395000,0.172,0.003,0.825
395500,0.183,0.000,0.817
396000,0.190,0.000,0.810
396500,0.210,0.000,0.790
397000,0.177,0.000,0.823
397500,0.146,0.000,0.854
398000,0.172,0.000,0.828
398500,0.283,0.000,0.717
399000,0.205,0.000,0.795
399500,0.224,0.000,0.776
400000,0.148,0.000,0.852
400500,0.078,0.000,0.922
401000,0.208,0.000,0.792
401500,0.104,0.000,0.896
402000,0.147,0.000,0.853
402500,0.121,0.002,0.877
403000,0.144,0.000,0.856
403500,0.113,0.000,0.887
404000,0.181,0.000,0.819
404500,0.144,0.000,0.856
405000,0.190,0.000,0.810
405500,0.207,0.000,0.793
406000,0.103,0.002,0.895
406500,0.126,0.000,0.874
407000,0.211,0.000,0.789
407500,0.162,0.000,0.838
408000,0.172,0.001,0.827
408500,0.187,0.000,0.813
409000,0.295,0.000,0.705
409500,0.255,0.000,0.745
410000,0.120,0.000,0.880
410500,0.106,0.000,0.894
411000,0.157,0.000,0.843
411500,0.178,0.000,0.822
412000,0.301,0.000,0.699
412500,0.122,0.000,0.878
413000,0.043,0.031,0.926
413500,0.075,0.020,0.905
414000,0.159,0.000,0.841
414500,0.176,0.000,0.824
415000,0.205,0.000,0.795
415500,0.108,0.000,0.892
416000,0.139,0.000,0.861
416500,0.202,0.000,0.798
417000,0.177,0.000,0.823
417500,0.195,0.000,0.805
418000,0.186,0.000,0.814
418500,0.167,0.000,0.833
419000,0.191,0.000,0.809
419500,0.221,0.000,0.779
420000,0.156,0.000,0.844
420500,0.255,0.000,0.745
421000,0.225,0.000,0.775
421500,0.249,0.000,0.751
422000,0.243,0.000,0.757
422500,0.228,0.000,0.772
423000,0.154,0.000,0.846
423500,0.183,0.012,0.805
424000,0.232,0.000,0.768
424500,0.165,0.000,0.835
425000,0.178,0.000,0.822
425500,0.167,0.000,0.833
426000,0.080,0.022,0.898
426500,0.192,0.000,0.808
427000,0.107,0.000,0.893
427500,0.127,0.000,0.873
428000,0.161,0.000,0.839
428500,0.166,0.000,0.834
429000,0.190,0.000,0.810
429500,0.122,0.000,0.878
430000,0.132,0.000,0.868
430500,0.193,0.000,0.807
431000,0.133,0.000,0.867
431500,0.242,0.001,0.757
432000,0.134,0.000,0.866
432500,0.230,0.000,0.770
433000,0.137,0.000,0.863
433500,0.193,0.000,0.807
434000,0.160,0.000,0.840
434500,0.246,0.000,0.754
435000,0.098,0.000,0.902
435500,0.056,0.044,0.900
436000,0.211,0.000,0.789
436500,0.121,0.000,0.879
437000,0.215,0.000,0.785
437500,0.183,0.000,0.817
438000,0.167,0.000,0.833
438500,0.118,0.000,0.882
439000,0.162,0.000,0.838
439500,0.121,0.000,0.879
440000,0.161,0.000,0.839
440500,0.086,0.000,0.914
441000,0.255,0.000,0.745
441500,0.133,0.000,0.867
442000,0.208,0.000,0.792
442500,0.163,0.000,0.837
443000,0.116,0.000,0.884
443500,0.092,0.001,0.907
444000,0.183,0.000,0.817
444500,0.184,0.000,0.816
445000,0.198,0.000,0.802
445500,0.143,0.000,0.857
446000,0.037,0.114,0.849
446500,0.055,0.018,0.927
447000,0.228,0.000,0.772
447500,0.224,0.000,0.776
448000,0.147,0.000,0.853
448500,0.134,0.000,0.866
449000,0.130,0.002,0.868
449500,0.119,0.000,0.881
450000,0.184,0.000,0.816
450500,0.174,0.000,0.826
451000,0.196,0.000,0.804
451500,0.174,0.000,0.826
452000,0.231,0.000,0.769
452500,0.188,0.000,0.812
453000,0.205,0.000,0.795
453500,0.155,0.000,0.845
454000,0.207,0.000,0.793
454500,0.185,0.000,0.815
455000,0.133,0.000,0.867
455500,0.145,0.000,0.855
456000,0.173,0.000,0.827
456500,0.147,0.009,0.844
457000,0.142,0.000,0.858
457500,0.130,0.000,0.870
458000,0.154,0.000,0.846
458500,0.144,0.000,0.856
459000,0.065,0.013,0.922
459500,0.174,0.000,0.826
460000,0.187,0.000,0.813
460500,0.210,0.000,0.790
461000,0.276,0.000,0.724
461500,0.077,0.051,0.872
462000,0.100,0.002,0.898
462500,0.212,0.000,0.788
463000,0.189,0.000,0.811
463500,0.302,0.000,0.698
464000,0.203,0.000,0.797
464500,0.206,0.000,0.794
465000,0.060,0.023,0.917
465500,0.102,0.010,0.888
466000,0.185,0.000,0.815
466500,0.156,0.000,0.844
467000,0.103,0.000,0.897
467500,0.263,0.000,0.737
468000,0.167,0.000,0.833
468500,0.114,0.000,0.886
469000,0.195,0.000,0.805
469500,0.119,0.000,0.881
470000,0.176,0.000,0.824
470500,0.107,0.000,0.893
471000,0.160,0.000,0.840
471500,0.117,0.000,0.883
472000,0.266,0.000,0.734
472500,0.133,0.000,0.867
473000,0.142,0.001,0.857
473500,0.181,0.000,0.819
474000,0.230,0.000,0.770
474500,0.185,0.000,0.815
475000,0.160,0.000,0.840
475500,0.141,0.000,0.859
476000,0.184,0.000,0.816
476500,0.189,0.000,0.811
477000,0.230,0.000,0.770
477500,0.151,0.000,0.849
478000,0.143,0.000,0.857
478500,0.165,0.000,0.835
479000,0.129,0.002,0.869
479500,0.158,0.000,0.842
480000,0.136,0.000,0.864
480500,0.163,0.000,0.837
481000,0.187,0.000,0.813
481500,0.101,0.025,0.874
482000,0.140,0.000,0.860
482500,0.088,0.000,0.912
483000,0.113,0.009,0.878
483500,0.198,0.003,0.799
484000,0.230,0.000,0.770
484500,0.228,0.000,0.772
485000,0.083,0.018,0.899
485500,0.109,0.000,0.891
486000,0.053,0.002,0.945
486500,0.143,0.000,0.857
487000,0.193,0.000,0.807
487500,0.197,0.000,0.803
488000,0.193,0.000,0.807
488500,0.148,0.000,0.852
489000,0.197,0.000,0.803
489500,0.223,0.000,0.777
490000,0.105,0.000,0.895
490500,0.124,0.000,0.876
491000,0.147,0.000,0.853
491500,0.238,0.000,0.762
492000,0.162,0.000,0.838
492500,0.192,0.000,0.808
493000,0.142,0.000,0.858
493500,0.174,0.000,0.826
494000,0.169,0.000,0.831
494500,0.247,0.000,0.753
495000,0.212,0.000,0.788
495500,0.185,0.000,0.815
496000,0.198,0.000,0.802
496500,0.114,0.000,0.886
497000,0.163,0.000,0.837
497500,0.228,0.000,0.772
498000,0.149,0.000,0.851
498500,0.076,0.020,0.904
499000,0.093,0.000,0.907
499500,0.165,0.000,0.835
500000,0.189,0.000,0.811
500500,0.152,0.000,0.848
501000,0.173,0.000,0.827
501500,0.203,0.000,0.797
502000,0.218,0.000,0.782
502500,0.289,0.000,0.711
503000,0.131,0.003,0.866
503500,0.152,0.000,0.848
504000,0.094,0.000,0.906
504500,0.136,0.000,0.864
505000,0.168,0.000,0.832
505500,0.202,0.000,0.798
506000,0.166,0.000,0.834
506500,0.183,0.000,0.817
507000,0.189,0.000,0.811
507500,0.200,0.001,0.799
508000,0.122,0.000,0.878
508500,0.038,0.002,0.960
509000,0.072,0.002,0.926
509500,0.122,0.006,0.872
510000,0.140,0.000,0.860
510500,0.257,0.000,0.743
511000,0.221,0.000,0.779
511500,0.189,0.000,0.811
512000,0.199,0.000,0.801
512500,0.203,0.000,0.797
513000,0.193,0.000,0.807
513500,0.111,0.000,0.889
514000,0.118,0.000,0.882
514500,0.091,0.000,0.909
515000,0.224,0.000,0.776
515500,0.150,0.000,0.850
516000,0.158,0.000,0.842
516500,0.262,0.000,0.738
517000,0.143,0.000,0.857
517500,0.235,0.000,0.765
518000,0.149,0.000,0.851
518500,0.143,0.000,0.857
519000,0.193,0.000,0.807
519500,0.090,0.000,0.910
520000,0.120,0.000,0.880
520500,0.265,0.005,0.730
521000,0.213,0.000,0.787
521500,0.159,0.000,0.841
522000,0.055,0.000,0.945
522500,0.110,0.000,0.890
523000,0.132,0.000,0.868
523500,0.133,0.000,0.867
524000,0.189,0.000,0.811
524500,0.147,0.000,0.853
525000,0.110,0.000,0.890
525500,0.167,0.000,0.833
526000,0.141,0.000,0.859
526500,0.209,0.000,0.791
527000,0.179,0.000,0.821
527500,0.206,0.000,0.794
528000,0.198,0.000,0.802
528500,0.132,0.000,0.868
529000,0.196,0.000,0.804
529500,0.225,0.000,0.775
530000,0.119,0.014,0.867
530500,0.173,0.000,0.827
531000,0.080,0.000,0.920
531500,0.184,0.001,0.815
532000,0.107,0.000,0.893
532500,0.248,0.000,0.752
533000,0.148,0.000,0.852
533500,0.202,0.000,0.798
534000,0.160,0.000,0.840
534500,0.162,0.000,0.838
535000,0.193,0.000,0.807
535500,0.103,0.000,0.897
536000,0.122,0.000,0.878
536500,0.244,0.000,0.756
537000,0.216,0.000,0.784
537500,0.240,0.000,0.760
538000,0.121,0.007,0.872
538500,0.193,0.000,0.807
539000,0.123,0.000,0.877
539500,0.235,0.000,0.765
540000,0.199,0.000,0.801
540500,0.273,0.000,0.727
541000,0.190,0.000,0.810
541500,0.245,0.000,0.755
542000,0.194,0.000,0.806
542500,0.209,0.000,0.791
543000,0.174,0.000,0.826
543500,0.266,0.000,0.734
544000,0.127,0.000,0.873
544500,0.116,0.021,0.863
545000,0.196,0.000,0.804
545500,0.137,0.000,0.863
546000,0.094,0.000,0.906
546500,0.153,0.000,0.847
547000,0.213,0.000,0.787
547500,0.110,0.000,0.890
548000,0.169,0.000,0.831
548500,0.272,0.000,0.728
549000,0.238,0.000,0.762
549500,0.244,0.000,0.756
550000,0.122,0.000,0.878
550500,0.098,0.000,0.902
551000,0.158,0.000,0.842
551500,0.107,0.000,0.893
552000,0.101,0.001,0.898
552500,0.211,0.000,0.789
553000,0.181,0.000,0.819
553500,0.194,0.000,0.806
554000,0.185,0.002,0.813
554500,0.230,0.000,0.770
555000,0.146,0.000,0.854
555500,0.155,0.000,0.845
556000,0.096,0.000,0.904
556500,0.231,0.000,0.769
557000,0.146,0.000,0.854
557500,0.243,0.000,0.757
558000,0.199,0.000,0.801
558500,0.153,0.000,0.847
559000,0.231,0.000,0.769
559500,0.150,0.000,0.850
560000,0.149,0.000,0.851
560500,0.188,0.000,0.812
561000,0.171,0.000,0.829
561500,0.153,0.000,0.847
562000,0.165,0.002,0.833
562500,0.167,0.000,0.833
563000,0.118,0.043,0.839
563500,0.193,0.000,0.807
564000,0.175,0.000,0.825
564500,0.209,0.000,0.791
565000,0.152,0.000,0.848
565500,0.172,0.000,0.828
566000,0.200,0.000,0.800
566500,0.262,0.000,0.738
567000,0.171,0.000,0.829
567500,0.164,0.000,0.836
568000,0.071,0.000,0.929
568500,0.327,0.000,0.673
569000,0.098,0.000,0.902
569500,0.146,0.000,0.854
570000,0.249,0.000,0.751
570500,0.193,0.000,0.807
571000,0.186,0.000,0.814
571500,0.225,0.000,0.775
572000,0.167,0.004,0.829
572500,0.312,0.000,0.688
573000,0.104,0.000,0.896
573500,0.149,0.004,0.847
574000,0.073,0.003,0.924
574500,0.198,0.000,0.802
575000,0.193,0.000,0.807
575500,0.256,0.000,0.744
576000,0.177,0.000,0.823
576500,0.180,0.000,0.820
577000,0.209,0.000,0.791
577500,0.229,0.000,0.771
578000,0.200,0.000,0.800
578500,0.260,0.000,0.740
579000,0.163,0.000,0.837
579500,0.165,0.000,0.835
580000,0.158,0.000,0.842
580500,0.053,0.040,0.907
581000,0.119,0.000,0.881
581500,0.253,0.000,0.747
582000,0.176,0.000,0.824
582500,0.178,0.000,0.822
583000,0.173,0.000,0.827
583500,0.108,0.000,0.892
584000,0.197,0.000,0.803
584500,0.177,0.000,0.823
585000,0.188,0.000,0.812
585500,0.095,0.000,0.905
586000,0.230,0.000,0.770
586500,0.143,0.000,0.857
587000,0.217,0.000,0.783
587500,0.231,0.000,0.769
588000,0.212,0.000,0.788
588500,0.141,0.000,0.859
589000,0.184,0.000,0.816
589500,0.190,0.000,0.810
590000,0.133,0.000,0.867
590500,0.128,0.000,0.872
591000,0.112,0.008,0.880
591500,0.122,0.000,0.878
592000,0.119,0.000,0.881
592500,0.030,0.049,0.921
593000,0.078,0.021,0.901
593500,0.119,0.000,0.881
594000,0.135,0.000,0.865
594500,0.195,0.000,0.805
595000,0.152,0.000,0.848
595500,0.190,0.000,0.810
596000,0.110,0.000,0.890
596500,0.151,0.000,0.849
597000,0.205,0.000,0.795
597500,0.181,0.000,0.819
598000,0.274,0.000,0.726
598500,0.176,0.000,0.824
599000,0.167,0.000,0.833
599500,0.127,0.000,0.873
600000,0.182,0.000,0.818
600500,0.086,0.024,0.890
601000,0.145,0.000,0.855
601500,0.200,0.000,0.800
602000,0.143,0.000,0.857
602500,0.176,0.000,0.824
603000,0.135,0.000,0.865
603500,0.113,0.000,0.887
604000,0.203,0.000,0.797
604500,0.242,0.000,0.758
605000,0.183,0.000,0.817
605500,0.254,0.000,0.746
606000,0.217,0.000,0.783
606500,0.145,0.000,0.855
607000,0.098,0.009,0.893
607500,0.115,0.000,0.885
608000,0.147,0.000,0.853
608500,0.128,0.000,0.872
609000,0.141,0.000,0.859
609500,0.145,0.000,0.855
610000,0.163,0.000,0.837
610500,0.177,0.000,0.823
611000,0.153,0.000,0.847
611500,0.170,0.000,0.830
612000,0.139,0.000,0.861
612500,0.167,0.000,0.833
613000,0.218,0.000,0.782
613500,0.093,0.020,0.887
614000,0.212,0.001,0.787
614500,0.171,0.000,0.829
615000,0.209,0.000,0.791
615500,0.159,0.000,0.841
616000,0.195,0.000,0.805
616500,0.118,0.000,0.882
617000,0.295,0.000,0.705
617500,0.216,0.000,0.784
618000,0.173,0.000,0.827
618500,0.108,0.000,0.892
619000,0.130,0.000,0.870
619500,0.157,0.000,0.843
620000,0.124,0.000,0.876
620500,0.161,0.000,0.839
621000,0.059,0.002,0.939
621500,0.106,0.001,0.893
622000,0.202,0.000,0.798
622500,0.113,0.000,0.887
623000,0.162,0.000,0.838
623500,0.113,0.000,0.887
624000,0.162,0.000,0.838
624500,0.150,0.000,0.850
625000,0.148,0.000,0.852
625500,0.134,0.002,0.864
626000,0.103,0.000,0.897
626500,0.176,0.000,0.824
627000,0.138,0.000,0.862
627500,0.111,0.005,0.884
628000,0.258,0.000,0.742
628500,0.148,0.001,0.851
629000,0.170,0.000,0.830
629500,0.099,0.000,0.901
630000,0.033,0.007,0.960
630500,0.211,0.000,0.789
631000,0.117,0.000,0.883
631500,0.047,0.016,0.937
632000,0.160,0.000,0.840
632500,0.182,0.000,0.818
633000,0.199,0.000,0.801
633500,0.109,0.000,0.891
634000,0.277,0.000,0.723
634500,0.137,0.001,0.862
635000,0.152,0.000,0.848
635500,0.111,0.000,0.889
636000,0.183,0.000,0.817
636500,0.123,0.011,0.866
637000,0.140,0.002,0.858
637500,0.109,0.000,0.891
638000,0.231,0.000,0.769
638500,0.286,0.000,0.714
639000,0.072,0.004,0.924
639500,0.133,0.000,0.867
640000,0.101,0.000,0.899
640500,0.168,0.000,0.832
641000,0.320,0.000,0.680
641500,0.157,0.000,0.843
642000,0.222,0.000,0.778
642500,0.235,0.001,0.764
643000,0.111,0.000,0.889
643500,0.156,0.000,0.844
644000,0.284,0.000,0.716
644500,0.182,0.000,0.818
645000,0.159,0.000,0.841
645500,0.166,0.000,0.834
646000,0.156,0.000,0.844
646500,0.256,0.000,0.744
647000,0.162,0.000,0.838
647500,0.191,0.000,0.809
648000,0.188,0.000,0.812
648500,0.161,0.000,0.839
649000,0.221,0.000,0.779
649500,0.066,0.000,0.934
650000,0.083,0.012,0.905
650500,0.131,0.000,0.869
651000,0.213,0.000,0.787
651500,0.163,0.000,0.837
652000,0.220,0.000,0.780
652500,0.173,0.000,0.827
653000,0.075,0.029,0.896
653500,0.142,0.000,0.858
654000,0.089,0.025,0.886
654500,0.142,0.000,0.858
655000,0.126,0.002,0.872
655500,0.075,0.055,0.870
656000,0.182,0.000,0.818
656500,0.168,0.000,0.832
657000,0.234,0.000,0.766
657500,0.132,0.000,0.868
658000,0.139,0.000,0.861
658500,0.229,0.000,0.771
659000,0.180,0.000,0.820
659500,0.179,0.004,0.817
660000,0.128,0.000,0.872
660500,0.207,0.000,0.793
661000,0.199,0.000,0.801
661500,0.146,0.000,0.854
662000,0.159,0.000,0.841
662500,0.201,0.000,0.799
663000,0.136,0.000,0.864
663500,0.180,0.000,0.820
664000,0.217,0.000,0.783
664500,0.128,0.000,0.872
665000,0.111,0.004,0.885
665500,0.111,0.000,0.889
666000,0.155,0.000,0.845
666500,0.190,0.000,0.810
667000,0.145,0.000,0.855
667500,0.153,0.000,0.847
668000,0.123,0.000,0.877
668500,0.300,0.000,0.700
669000,0.213,0.000,0.787
669500,0.230,0.000,0.770
670000,0.226,0.000,0.774
670500,0.272,0.000,0.728
671000,0.173,0.000,0.827
671500,0.188,0.000,0.812
672000,0.198,0.000,0.802
672500,0.202,0.000,0.798
673000,0.202,0.000,0.798
673500,0.246,0.000,0.754
674000,0.254,0.000,0.746
674500,0.217,0.000,0.783
675000,0.229,0.000,0.771
675500,0.234,0.000,0.766
676000,0.216,0.000,0.784
676500,0.132,0.000,0.868
677000,0.215,0.000,0.785
677500,0.201,0.000,0.799
678000,0.103,0.000,0.897
678500,0.302,0.000,0.698
679000,0.214,0.000,0.786
679500,0.172,0.000,0.828
680000,0.172,0.000,0.828
680500,0.185,0.000,0.815
681000,0.170,0.000,0.830
681500,0.190,0.000,0.810
682000,0.263,0.000,0.737
682500,0.161,0.000,0.839
683000,0.153,0.000,0.847
683500,0.209,0.000,0.791
684000,0.194,0.000,0.806
684500,0.170,0.000,0.830
685000,0.211,0.000,0.789
685500,0.104,0.021,0.875
686000,0.263,0.000,0.737
686500,0.200,0.000,0.800
687000,0.206,0.000,0.794
687500,0.140,0.000,0.860
688000,0.134,0.000,0.866
688500,0.197,0.000,0.803
689000,0.134,0.000,0.866
689500,0.177,0.000,0.823
690000,0.082,0.005,0.913
690500,0.085,0.000,0.915
691000,0.162,0.000,0.838
691500,0.282,0.000,0.718
692000,0.316,0.000,0.684
692500,0.044,0.021,0.935
693000,0.130,0.002,0.868
693500,0.163,0.000,0.837
694000,0.233,0.000,0.767
694500,0.098,0.000,0.902
695000,0.169,0.000,0.831
695500,0.114,0.000,0.886
696000,0.098,0.003,0.899
696500,0.130,0.000,0.870
697000,0.079,0.015,0.906
697500,0.119,0.000,0.881
698000,0.234,0.000,0.766
698500,0.174,0.000,0.826
699000,0.141,0.000,0.859
699500,0.137,0.000,0.863
700000,0.218,0.000,0.782
700500,0.226,0.000,0.774
701000,0.197,0.000,0.803
701500,0.217,0.000,0.783
702000,0.179,0.000,0.821
702500,0.147,0.000,0.853
703000,0.313,0.000,0.687
703500,0.245,0.000,0.755
704000,0.117,0.007,0.876
704500,0.111,0.000,0.889
705000,0.213,0.000,0.787
705500,0.260,0.000,0.740
706000,0.193,0.000,0.807
706500,0.208,0.000,0.792
707000,0.206,0.000,0.794
707500,0.330,0.000,0.670
708000,0.165,0.000,0.835
708500,0.256,0.000,0.744
709000,0.130,0.000,0.870
709500,0.228,0.000,0.772
710000,0.116,0.000,0.884
710500,0.068,0.008,0.924
711000,0.107,0.000,0.893
711500,0.152,0.000,0.848
712000,0.086,0.000,0.914
712500,0.150,0.000,0.850
713000,0.129,0.000,0.871
713500,0.149,0.000,0.851
714000,0.192,0.000,0.808
714500,0.169,0.000,0.831
715000,0.167,0.000,0.833
715500,0.207,0.000,0.793
716000,0.183,0.000,0.817
716500,0.210,0.000,0.790
717000,0.244,0.000,0.756
717500,0.168,0.000,0.832
718000,0.179,0.000,0.821
718500,0.280,0.000,0.720
719000,0.145,0.000,0.855
719500,0.243,0.000,0.757
720000,0.079,0.014,0.907
720500,0.190,0.000,0.810
721000,0.146,0.000,0.854
721500,0.171,0.000,0.829
722000,0.214,0.000,0.786
722500,0.194,0.000,0.806
723000,0.155,0.000,0.845
723500,0.171,0.000,0.829
724000,0.266,0.000,0.734
724500,0.201,0.000,0.799
725000,0.160,0.000,0.840
725500,0.233,0.000,0.767
726000,0.240,0.000,0.760
726500,0.251,0.002,0.747
727000,0.248,0.000,0.752
727500,0.255,0.000,0.745
728000,0.125,0.000,0.875
728500,0.169,0.000,0.831
729000,0.147,0.000,0.853
729500,0.149,0.000,0.851
730000,0.171,0.000,0.829
730500,0.107,0.000,0.893
731000,0.120,0.000,0.880
731500,0.100,0.000,0.900
732000,0.147,0.000,0.853
732500,0.135,0.000,0.865
733000,0.106,0.000,0.894
733500,0.134,0.000,0.866
734000,0.180,0.000,0.820
734500,0.268,0.000,0.732
735000,0.100,0.018,0.882
735500,0.113,0.000,0.887
736000,0.192,0.000,0.808
736500,0.145,0.000,0.855
737000,0.229,0.000,0.771
737500,0.138,0.000,0.862
738000,0.110,0.000,0.890
738500,0.114,0.000,0.886
739000,0.197,0.000,0.803
739500,0.124,0.000,0.876
740000,0.054,0.028,0.918
740500,0.118,0.000,0.882
741000,0.112,0.000,0.888
741500,0.166,0.000,0.834
742000,0.056,0.015,0.929
742500,0.156,0.000,0.844
743000,0.111,0.000,0.889
743500,0.159,0.000,0.841
744000,0.166,0.000,0.834
744500,0.133,0.000,0.867
745000,0.165,0.000,0.835
745500,0.201,0.000,0.799
746000,0.288,0.000,0.712
746500,0.214,0.000,0.786
747000,0.258,0.000,0.742
747500,0.136,0.000,0.864
748000,0.071,0.000,0.929
748500,0.128,0.000,0.872
749000,0.157,0.000,0.843
749500,0.127,0.000,0.873
750000,0.117,0.000,0.883
750500,0.102,0.000,0.898
751000,0.172,0.000,0.828
751500,0.187,0.000,0.813
752000,0.158,0.000,0.842
752500,0.271,0.000,0.729
753000,0.316,0.000,0.684
753500,0.206,0.000,0.794
754000,0.203,0.000,0.797
754500,0.184,0.000,0.816
755000,0.208,0.000,0.792
755500,0.161,0.000,0.839
756000,0.190,0.000,0.810
756500,0.194,0.000,0.806
757000,0.182,0.000,0.818
757500,0.251,0.000,0.749
758000,0.193,0.000,0.807
758500,0.167,0.000,0.833
759000,0.176,0.000,0.824
759500,0.088,0.027,0.885
760000,0.224,0.000,0.776
760500,0.177,0.001,0.822
761000,0.146,0.000,0.854
761500,0.325,0.000,0.675
762000,0.117,0.000,0.883
762500,0.194,0.000,0.806
763000,0.152,0.000,0.848
763500,0.258,0.000,0.742
764000,0.082,0.000,0.918
764500,0.207,0.000,0.793
765000,0.164,0.000,0.836
765500,0.148,0.000,0.852
766000,0.221,0.000,0.779
766500,0.163,0.000,0.837
767000,0.122,0.000,0.878
767500,0.175,0.000,0.825
768000,0.185,0.005,0.810
768500,0.232,0.000,0.768
769000,0.075,0.000,0.925
769500,0.093,0.000,0.907
770000,0.196,0.000,0.804
770500,0.130,0.000,0.870
771000,0.191,0.000,0.809
771500,0.173,0.015,0.812
772000,0.081,0.001,0.918
772500,0.157,0.000,0.843
773000,0.255,0.000,0.745
773500,0.195,0.000,0.805
774000,0.186,0.000,0.814
774500,0.177,0.000,0.823
775000,0.082,0.000,0.918
775500,0.186,0.000,0.814
776000,0.219,0.000,0.781
776500,0.086,0.000,0.914
777000,0.122,0.000,0.878
777500,0.118,0.000,0.882
778000,0.161,0.000,0.839
778500,0.108,0.000,0.892
779000,0.111,0.000,0.889
779500,0.231,0.000,0.769
780000,0.122,0.000,0.878
780500,0.215,0.000,0.785
781000,0.160,0.000,0.840
781500,0.270,0.000,0.730
782000,0.176,0.000,0.824
782500,0.175,0.000,0.825
783000,0.117,0.002,0.881
783500,0.121,0.000,0.879
784000,0.182,0.003,0.815
784500,0.143,0.000,0.857
785000,0.157,0.000,0.843
785500,0.142,0.000,0.858
786000,0.155,0.000,0.845
786500,0.184,0.000,0.816
787000,0.097,0.005,0.898
787500,0.275,0.000,0.725
788000,0.095,0.000,0.905
788500,0.228,0.000,0.772
789000,0.288,0.000,0.712
789500,0.145,0.000,0.855
790000,0.118,0.000,0.882
790500,0.130,0.000,0.870
791000,0.210,0.000,0.790
791500,0.110,0.000,0.890
792000,0.033,0.060,0.907
792500,0.156,0.000,0.844
793000,0.235,0.000,0.765
793500,0.310,0.000,0.690
794000,0.155,0.000,0.845
794500,0.164,0.000,0.836
795000,0.147,0.000,0.853
795500,0.122,0.005,0.873
796000,0.122,0.000,0.878
796500,0.218,0.000,0.782
797000,0.230,0.004,0.766
797500,0.150,0.000,0.850
798000,0.113,0.000,0.887
798500,0.161,0.005,0.834
799000,0.207,0.000,0.793
799500,0.137,0.000,0.863
800000,0.173,0.000,0.827
800500,0.249,0.000,0.751
801000,0.225,0.000,0.775
801500,0.122,0.000,0.878
802000,0.219,0.000,0.781
802500,0.177,0.004,0.819
803000,0.172,0.000,0.828
803500,0.119,0.000,0.881
804000,0.217,0.000,0.783
804500,0.164,0.000,0.836
805000,0.161,0.000,0.839
805500,0.165,0.000,0.835
806000,0.093,0.000,0.907
806500,0.088,0.000,0.912
807000,0.077,0.003,0.920
807500,0.250,0.000,0.750
808000,0.137,0.000,0.863
808500,0.184,0.000,0.816
809000,0.103,0.000,0.897
809500,0.193,0.000,0.807
810000,0.168,0.000,0.832
810500,0.071,0.000,0.929
811000,0.087,0.000,0.913
811500,0.126,0.006,0.868
812000,0.232,0.000,0.768
812500,0.123,0.000,0.877
813000,0.144,0.000,0.856
813500,0.282,0.000,0.718
814000,0.180,0.000,0.820
814500,0.264,0.000,0.736
815000,0.285,0.000,0.715
815500,0.175,0.000,0.825
816000,0.182,0.000,0.818
816500,0.137,0.000,0.863
817000,0.197,0.000,0.803
817500,0.204,0.000,0.796
818000,0.174,0.000,0.826
818500,0.145,0.001,0.854
819000,0.146,0.013,0.841
819500,0.116,0.000,0.884
820000,0.227,0.000,0.773
820500,0.196,0.000,0.804
821000,0.133,0.000,0.867
821500,0.147,0.000,0.853
822000,0.160,0.000,0.840
822500,0.143,0.000,0.857
823000,0.196,0.001,0.803
823500,0.202,0.000,0.798
824000,0.124,0.000,0.876
824500,0.207,0.000,0.793
825000,0.244,0.000,0.756
825500,0.142,0.000,0.858
826000,0.226,0.000,0.774
826500,0.176,0.000,0.824
827000,0.219,0.000,0.781
827500,0.246,0.000,0.754
828000,0.212,0.000,0.788
828500,0.206,0.000,0.794
829000,0.118,0.032,0.850
829500,0.214,0.000,0.786
830000,0.132,0.000,0.868
830500,0.112,0.012,0.876
831000,0.178,0.000,0.822
831500,0.203,0.000,0.797
832000,0.129,0.000,0.871
832500,0.053,0.037,0.910
833000,0.123,0.004,0.873
833500,0.216,0.000,0.784
834000,0.147,0.000,0.853
834500,0.259,0.000,0.741
835000,0.114,0.000,0.886
835500,0.091,0.000,0.909
836000,0.177,0.000,0.823
836500,0.089,0.000,0.911
837000,0.153,0.000,0.847
837500,0.087,0.020,0.893
838000,0.118,0.017,0.865
838500,0.131,0.000,0.869
839000,0.172,0.011,0.817
839500,0.162,0.000,0.838
840000,0.188,0.000,0.812
840500,0.177,0.000,0.823
841000,0.150,0.000,0.850
841500,0.278,0.000,0.722
842000,0.070,0.012,0.918
842500,0.167,0.000,0.833
843000,0.254,0.000,0.746
843500,0.184,0.000,0.816
844000,0.107,0.000,0.893
844500,0.084,0.007,0.909
845000,0.147,0.000,0.853
845500,0.216,0.000,0.784
846000,0.128,0.000,0.872
846500,0.254,0.000,0.746
847000,0.158,0.000,0.842
847500,0.117,0.000,0.883
848000,0.118,0.000,0.882
848500,0.213,0.000,0.787
849000,0.191,0.000,0.809
849500,0.161,0.000,0.839
850000,0.124,0.000,0.876
850500,0.196,0.000,0.804
851000,0.214,0.000,0.786
851500,0.155,0.000,0.845
852000,0.244,0.000,0.756
852500,0.083,0.000,0.917
853000,0.087,0.006,0.907
853500,0.262,0.000,0.738
854000,0.231,0.000,0.769
854500,0.145,0.000,0.855
855000,0.083,0.010,0.907
855500,0.268,0.000,0.732
856000,0.213,0.000,0.787
856500,0.140,0.000,0.860
857000,0.134,0.000,0.866
857500,0.144,0.000,0.856
858000,0.118,0.000,0.882
858500,0.136,0.000,0.864
859000,0.135,0.000,0.865
859500,0.216,0.000,0.784
860000,0.197,0.000,0.803
860500,0.192,0.000,0.808
861000,0.184,0.000,0.816
861500,0.176,0.000,0.824
862000,0.156,0.000,0.844
862500,0.068,0.018,0.914
863000,0.184,0.000,0.816
863500,0.143,0.000,0.857
864000,0.145,0.000,0.855
864500,0.153,0.000,0.847
865000,0.292,0.000,0.708
865500,0.229,0.000,0.771
866000,0.191,0.000,0.809
866500,0.171,0.000,0.829
867000,0.195,0.000,0.805
867500,0.130,0.000,0.870
868000,0.122,0.000,0.878
868500,0.153,0.000,0.847
869000,0.210,0.000,0.790
869500,0.128,0.000,0.872
870000,0.184,0.000,0.816
870500,0.140,0.000,0.860
871000,0.172,0.000,0.828
871500,0.135,0.000,0.865
872000,0.260,0.000,0.740
872500,0.205,0.000,0.795
873000,0.144,0.032,0.824
873500,0.172,0.000,0.828
874000,0.166,0.000,0.834
874500,0.193,0.000,0.807
875000,0.145,0.000,0.855
875500,0.076,0.008,0.916
876000,0.170,0.000,0.830
876500,0.214,0.000,0.786
877000,0.097,0.032,0.871
877500,0.246,0.000,0.754
878000,0.063,0.000,0.937
878500,0.158,0.000,0.842
879000,0.207,0.000,0.793
879500,0.209,0.000,0.791
880000,0.174,0.000,0.826
880500,0.196,0.000,0.804
881000,0.232,0.000,0.768
881500,0.195,0.000,0.805
882000,0.117,0.000,0.883
882500,0.071,0.029,0.900
883000,0.220,0.000,0.780
883500,0.206,0.000,0.794
884000,0.160,0.000,0.840
884500,0.055,0.043,0.902
885000,0.206,0.000,0.794
885500,0.320,0.000,0.680
886000,0.300,0.000,0.700
886500,0.207,0.000,0.793
887000,0.178,0.000,0.822
887500,0.157,0.000,0.843
888000,0.243,0.000,0.757
888500,0.179,0.000,0.821
889000,0.172,0.000,0.828
889500,0.238,0.000,0.762
890000,0.222,0.000,0.778
890500,0.241,0.000,0.759
891000,0.159,0.000,0.841
891500,0.236,0.000,0.764
892000,0.292,0.000,0.708
892500,0.079,0.000,0.921
893000,0.139,0.000,0.861
893500,0.257,0.000,0.743
894000,0.216,0.000,0.784
894500,0.051,0.000,0.949
895000,0.175,0.001,0.824
895500,0.236,0.000,0.764
896000,0.225,0.000,0.775
896500,0.092,0.046,0.862
897000,0.236,0.000,0.764
897500,0.313,0.000,0.687
898000,0.138,0.000,0.862
898500,0.203,0.000,0.797
899000,0.161,0.000,0.839
899500,0.132,0.000,0.868
900000,0.198,0.000,0.802
900500,0.307,0.000,0.693
901000,0.234,0.000,0.766
901500,0.143,0.000,0.857
902000,0.159,0.000,0.841
902500,0.127,0.000,0.873
903000,0.153,0.000,0.847
903500,0.041,0.020,0.939
904000,0.166,0.000,0.834
904500,0.234,0.000,0.766
905000,0.202,0.000,0.798
905500,0.268,0.000,0.732
906000,0.252,0.000,0.748
906500,0.117,0.000,0.883
907000,0.208,0.000,0.792
907500,0.129,0.000,0.871
908000,0.199,0.000,0.801
908500,0.160,0.000,0.840
909000,0.137,0.000,0.863
909500,0.276,0.000,0.724
910000,0.183,0.000,0.817
910500,0.147,0.000,0.853
911000,0.254,0.000,0.746
911500,0.161,0.000,0.839
912000,0.183,0.000,0.817
912500,0.224,0.000,0.776
913000,0.084,0.000,0.916
913500,0.191,0.000,0.809
914000,0.138,0.000,0.862
914500,0.153,0.000,0.847
915000,0.154,0.000,0.846
915500,0.131,0.000,0.869
916000,0.143,0.000,0.857
916500,0.210,0.000,0.790
917000,0.147,0.000,0.853
917500,0.226,0.000,0.774
918000,0.121,0.000,0.879
918500,0.189,0.000,0.811
919000,0.150,0.000,0.850
919500,0.194,0.000,0.806
920000,0.179,0.000,0.821
920500,0.080,0.000,0.920
921000,0.153,0.000,0.847
921500,0.145,0.000,0.855
922000,0.234,0.000,0.766
922500,0.175,0.001,0.824
923000,0.074,0.003,0.923
923500,0.228,0.000,0.772
924000,0.170,0.000,0.830
924500,0.130,0.000,0.870
925000,0.255,0.000,0.745
925500,0.178,0.000,0.822
926000,0.191,0.000,0.809
926500,0.172,0.000,0.828
927000,0.138,0.000,0.862
927500,0.133,0.000,0.867
928000,0.219,0.000,0.781
928500,0.201,0.000,0.799
929000,0.209,0.000,0.791
929500,0.215,0.000,0.785
930000,0.157,0.000,0.843
930500,0.106,0.000,0.894
931000,0.165,0.000,0.835
931500,0.197,0.000,0.803
932000,0.162,0.000,0.838
932500,0.173,0.000,0.827
933000,0.198,0.000,0.802
933500,0.253,0.000,0.747
934000,0.156,0.000,0.844
934500,0.300,0.000,0.700
935000,0.191,0.000,0.809
935500,0.165,0.000,0.835
936000,0.213,0.000,0.787
936500,0.164,0.000,0.836
937000,0.139,0.000,0.861
937500,0.115,0.000,0.885
938000,0.155,0.000,0.845
938500,0.125,0.000,0.875
939000,0.209,0.000,0.791
939500,0.145,0.000,0.855
940000,0.143,0.000,0.857
940500,0.255,0.000,0.745
941000,0.161,0.000,0.839
941500,0.158,0.000,0.842
942000,0.066,0.033,0.901
942500,0.161,0.000,0.839
943000,0.192,0.000,0.808
943500,0.162,0.000,0.838
944000,0.233,0.000,0.767
944500,0.203,0.000,0.797
945000,0.215,0.000,0.785
945500,0.111,0.000,0.889
946000,0.106,0.000,0.894
946500,0.099,0.006,0.895
947000,0.305,0.000,0.695
947500,0.221,0.000,0.779
948000,0.211,0.000,0.789
948500,0.069,0.025,0.906
949000,0.132,0.000,0.868
949500,0.162,0.000,0.838
950000,0.178,0.000,0.822
950500,0.175,0.000,0.825
951000,0.205,0.000,0.795
951500,0.109,0.000,0.891
952000,0.267,0.000,0.733
952500,0.038,0.032,0.930
953000,0.076,0.027,0.897
953500,0.246,0.002,0.752
954000,0.288,0.000,0.712
954500,0.246,0.000,0.754
955000,0.343,0.000,0.657
955500,0.127,0.000,0.873
956000,0.158,0.000,0.842
956500,0.233,0.000,0.767
957000,0.189,0.000,0.811
957500,0.198,0.001,0.801
958000,0.276,0.000,0.724
958500,0.154,0.000,0.846
959000,0.235,0.000,0.765
959500,0.141,0.000,0.859
960000,0.091,0.000,0.909
960500,0.095,0.000,0.905
961000,0.152,0.000,0.848
961500,0.248,0.000,0.752
962000,0.140,0.000,0.860
962500,0.265,0.000,0.735
963000,0.178,0.000,0.822
963500,0.184,0.000,0.816
964000,0.108,0.000,0.892
964500,0.140,0.001,0.859
965000,0.133,0.000,0.867
965500,0.207,0.000,0.793
966000,0.099,0.000,0.901
966500,0.073,0.027,0.900
967000,0.217,0.000,0.783
967500,0.145,0.000,0.855
968000,0.243,0.000,0.757
968500,0.120,0.000,0.880
969000,0.108,0.015,0.877
969500,0.176,0.000,0.824
970000,0.243,0.000,0.757
970500,0.131,0.000,0.869
971000,0.122,0.000,0.878
971500,0.126,0.000,0.874
972000,0.269,0.000,0.731
972500,0.076,0.000,0.924
973000,0.046,0.071,0.883
973500,0.150,0.000,0.850
974000,0.133,0.003,0.864
974500,0.131,0.000,0.869
975000,0.149,0.000,0.851
975500,0.143,0.000,0.857
976000,0.229,0.000,0.771
976500,0.166,0.000,0.834
977000,0.210,0.000,0.790
977500,0.112,0.004,0.884
978000,0.156,0.000,0.844
978500,0.126,0.007,0.867
979000,0.126,0.000,0.874
979500,0.140,0.000,0.860
980000,0.206,0.000,0.794
980500,0.162,0.000,0.838
981000,0.159,0.000,0.841
981500,0.171,0.000,0.829
982000,0.212,0.000,0.788
982500,0.127,0.003,0.870
983000,0.326,0.000,0.674
983500,0.154,0.000,0.846
984000,0.235,0.000,0.765
984500,0.174,0.000,0.826
985000,0.110,0.000,0.890
985500,0.101,0.000,0.899
986000,0.215,0.000,0.785
986500,0.179,0.000,0.821
987000,0.131,0.000,0.869
987500,0.167,0.000,0.833
988000,0.114,0.000,0.886
988500,0.170,0.001,0.829
989000,0.239,0.000,0.761
989500,0.094,0.000,0.906
990000,0.175,0.000,0.825
990500,0.157,0.000,0.843
991000,0.139,0.000,0.861
991500,0.146,0.000,0.854
992000,0.132,0.000,0.868
992500,0.216,0.000,0.784
993000,0.168,0.000,0.832
993500,0.189,0.000,0.811
994000,0.153,0.000,0.847
994500,0.329,0.000,0.671
995000,0.138,0.000,0.862
995500,0.131,0.000,0.869
996000,0.171,0.000,0.829
996500,0.131,0.000,0.869
997000,0.035,0.064,0.901
997500,0.242,0.000,0.758
998000,0.185,0.000,0.815
998500,0.160,0.000,0.840
999000,0.122,0.000,0.878
999500,0.088,0.000,0.912
1000000,0.194,0.000,0.806
