time,n_A+p,n_B,n_AB
0,0.009,0.991,0.000
500,0.009,0.987,0.004
1000,0.009,0.983,0.008
1500,0.009,0.961,0.030
2000,0.009,0.923,0.067
2500,0.009,0.896,0.095
3000,0.016,0.868,0.115
3500,0.015,0.820,0.164
4000,0.025,0.766,0.209
4500,0.040,0.736,0.224
5000,0.035,0.742,0.224
5500,0.030,0.731,0.239
6000,0.032,0.683,0.285
6500,0.031,0.674,0.295
7000,0.042,0.672,0.286
7500,0.046,0.652,0.302
8000,0.058,0.653,0.289
8500,0.056,0.631,0.313
9000,0.055,0.589,0.355
9500,0.070,0.599,0.331
10000,0.072,0.567,0.362
10500,0.072,0.558,0.371
11000,0.076,0.518,0.407
11500,0.080,0.507,0.414
12000,0.088,0.488,0.424
12500,0.080,0.473,0.447
13000,0.081,0.470,0.449
13500,0.082,0.474,0.444
14000,0.083,0.466,0.451
14500,0.085,0.441,0.474
15000,0.076,0.445,0.479
15500,0.066,0.461,0.473
16000,0.084,0.438,0.478
16500,0.077,0.425,0.498
17000,0.080,0.395,0.525
17500,0.104,0.428,0.468
18000,0.098,0.427,0.475
18500,0.076,0.406,0.519
19000,0.081,0.420,0.499
19500,0.081,0.414,0.506
20000,0.086,0.412,0.503
20500,0.088,0.416,0.496
21000,0.083,0.433,0.484
21500,0.085,0.409,0.507
22000,0.084,0.412,0.505
22500,0.113,0.404,0.482
23000,0.124,0.402,0.474
23500,0.131,0.392,0.477
24000,0.131,0.375,0.494
24500,0.125,0.363,0.513
25000,0.102,0.373,0.525
25500,0.097,0.372,0.531
26000,0.091,0.368,0.541
26500,0.112,0.356,0.531
27000,0.122,0.360,0.519
27500,0.115,0.348,0.536
28000,0.129,0.340,0.531
28500,0.130,0.335,0.535
29000,0.139,0.342,0.519
29500,0.114,0.347,0.538
30000,0.126,0.343,0.531
30500,0.120,0.339,0.541
31000,0.115,0.340,0.544
31500,0.118,0.345,0.536
32000,0.111,0.318,0.571
32500,0.137,0.319,0.544
33000,0.140,0.319,0.541
33500,0.142,0.326,0.532
34000,0.142,0.348,0.510
34500,0.133,0.341,0.526
35000,0.133,0.366,0.502
35500,0.116,0.361,0.523
36000,0.117,0.349,0.533
36500,0.118,0.344,0.537
37000,0.127,0.346,0.527
37500,0.146,0.321,0.533
38000,0.145,0.321,0.534
38500,0.151,0.321,0.528
39000,0.149,0.316,0.535
39500,0.140,0.309,0.551
40000,0.136,0.306,0.558
40500,0.147,0.320,0.533
41000,0.171,0.320,0.510
41500,0.155,0.330,0.515
42000,0.139,0.333,0.528
42500,0.138,0.319,0.543
43000,0.115,0.328,0.557
43500,0.118,0.332,0.550
44000,0.159,0.324,0.517
44500,0.159,0.295,0.545
45000,0.144,0.308,0.547
45500,0.150,0.297,0.553
46000,0.158,0.290,0.552
46500,0.143,0.278,0.579
47000,0.159,0.302,0.538
47500,0.146,0.290,0.564
48000,0.152,0.284,0.564
48500,0.140,0.283,0.577
49000,0.117,0.288,0.594
49500,0.157,0.279,0.564
50000,0.141,0.258,0.601
50500,0.196,0.263,0.541
51000,0.179,0.261,0.560
51500,0.187,0.259,0.554
52000,0.186,0.272,0.542
52500,0.149,0.251,0.600
53000,0.147,0.269,0.584
53500,0.141,0.283,0.576
54000,0.159,0.276,0.565
54500,0.163,0.270,0.567
55000,0.164,0.288,0.547
55500,0.162,0.296,0.541
56000,0.157,0.280,0.563
56500,0.171,0.264,0.566
57000,0.187,0.272,0.541
57500,0.162,0.291,0.546
58000,0.136,0.283,0.581
58500,0.131,0.285,0.584
59000,0.135,0.289,0.576
59500,0.139,0.282,0.579
60000,0.142,0.301,0.557
60500,0.124,0.297,0.579
61000,0.122,0.312,0.567
61500,0.131,0.299,0.570
62000,0.141,0.288,0.571
62500,0.175,0.287,0.538
63000,0.178,0.273,0.550
63500,0.196,0.271,0.533
64000,0.192,0.280,0.528
64500,0.183,0.285,0.532
65000,0.173,0.276,0.552
65500,0.185,0.257,0.558
66000,0.187,0.258,0.555
66500,0.170,0.267,0.564
67000,0.154,0.281,0.565
67500,0.186,0.269,0.545
68000,0.178,0.269,0.554
68500,0.151,0.287,0.562
69000,0.164,0.271,0.565
69500,0.173,0.279,0.549
70000,0.162,0.284,0.554
70500,0.160,0.269,0.571
71000,0.178,0.265,0.558
71500,0.171,0.266,0.564
72000,0.159,0.275,0.566
72500,0.183,0.268,0.550
73000,0.173,0.275,0.553
73500,0.172,0.267,0.562
74000,0.153,0.259,0.587
74500,0.142,0.263,0.596
75000,0.155,0.266,0.579
75500,0.142,0.268,0.590
76000,0.162,0.256,0.581
76500,0.152,0.267,0.581
77000,0.164,0.276,0.560
77500,0.151,0.260,0.588
78000,0.137,0.270,0.593
78500,0.136,0.266,0.599
79000,0.150,0.269,0.581
79500,0.134,0.276,0.590
80000,0.125,0.277,0.599
80500,0.121,0.282,0.598
81000,0.117,0.291,0.591
81500,0.127,0.294,0.579
82000,0.124,0.255,0.621
82500,0.148,0.270,0.582
83000,0.158,0.270,0.572
83500,0.159,0.258,0.582
84000,0.166,0.268,0.566
84500,0.152,0.272,0.576
85000,0.134,0.266,0.601
85500,0.164,0.287,0.549
86000,0.155,0.296,0.549
86500,0.152,0.304,0.543
87000,0.151,0.277,0.572
87500,0.160,0.272,0.568
88000,0.136,0.274,0.590
88500,0.155,0.261,0.583
89000,0.166,0.258,0.575
89500,0.150,0.250,0.600
90000,0.161,0.245,0.593
90500,0.154,0.269,0.577
91000,0.135,0.275,0.590
91500,0.140,0.284,0.576
92000,0.127,0.286,0.587
92500,0.135,0.266,0.600
93000,0.142,0.263,0.596
93500,0.141,0.263,0.597
94000,0.133,0.283,0.584
94500,0.144,0.268,0.588
95000,0.151,0.260,0.588
95500,0.132,0.273,0.596
96000,0.131,0.267,0.603
96500,0.127,0.261,0.612
97000,0.123,0.278,0.600
97500,0.136,0.290,0.574
98000,0.128,0.294,0.578
98500,0.124,0.264,0.613
99000,0.133,0.254,0.613
99500,0.134,0.263,0.604
100000,0.159,0.235,0.606
100500,0.168,0.243,0.589
101000,0.155,0.238,0.607
101500,0.139,0.244,0.617
102000,0.165,0.229,0.606
102500,0.146,0.232,0.622
103000,0.146,0.244,0.610
103500,0.137,0.239,0.624
104000,0.138,0.254,0.608
104500,0.141,0.242,0.617
105000,0.156,0.246,0.598
105500,0.152,0.235,0.613
106000,0.163,0.232,0.605
106500,0.163,0.236,0.601
107000,0.149,0.246,0.605
107500,0.173,0.257,0.570
108000,0.168,0.258,0.574
108500,0.168,0.256,0.576
109000,0.181,0.231,0.588
109500,0.180,0.258,0.562
110000,0.177,0.251,0.572
110500,0.160,0.250,0.589
111000,0.163,0.261,0.575
111500,0.161,0.246,0.592
112000,0.158,0.231,0.611
112500,0.146,0.236,0.618
113000,0.166,0.238,0.596
113500,0.165,0.245,0.589
114000,0.164,0.261,0.574
114500,0.174,0.249,0.577
115000,0.176,0.241,0.583
115500,0.162,0.242,0.596
116000,0.140,0.245,0.615
116500,0.128,0.260,0.612
117000,0.141,0.260,0.599
117500,0.118,0.278,0.604
118000,0.134,0.274,0.592
118500,0.140,0.261,0.599
119000,0.127,0.226,0.648
119500,0.162,0.241,0.597
120000,0.163,0.237,0.600
120500,0.152,0.240,0.608
121000,0.145,0.238,0.617
121500,0.165,0.237,0.598
122000,0.181,0.229,0.590
122500,0.156,0.244,0.600
123000,0.169,0.247,0.584
123500,0.170,0.252,0.578
124000,0.152,0.254,0.593
124500,0.162,0.243,0.594
125000,0.142,0.245,0.613
125500,0.134,0.245,0.621
126000,0.161,0.237,0.602
126500,0.171,0.239,0.590
127000,0.203,0.226,0.571
127500,0.204,0.235,0.561
128000,0.186,0.232,0.582
128500,0.170,0.247,0.583
129000,0.169,0.240,0.591
129500,0.175,0.227,0.599
130000,0.164,0.223,0.613
130500,0.166,0.219,0.615
131000,0.147,0.240,0.613
131500,0.140,0.243,0.617
132000,0.148,0.249,0.603
132500,0.140,0.260,0.600
133000,0.141,0.256,0.603
133500,0.158,0.250,0.591
134000,0.162,0.257,0.580
134500,0.169,0.269,0.563
135000,0.173,0.275,0.553
135500,0.157,0.275,0.568
136000,0.171,0.269,0.561
136500,0.186,0.240,0.574
137000,0.163,0.245,0.591
137500,0.169,0.232,0.600
138000,0.146,0.224,0.630
138500,0.141,0.250,0.609
139000,0.157,0.222,0.621
139500,0.164,0.234,0.602
140000,0.148,0.212,0.639
140500,0.134,0.239,0.627
141000,0.136,0.220,0.645
141500,0.128,0.231,0.641
142000,0.140,0.234,0.626
142500,0.151,0.242,0.607
143000,0.172,0.218,0.611
143500,0.165,0.216,0.619
144000,0.149,0.229,0.622
144500,0.146,0.248,0.606
145000,0.140,0.242,0.618
145500,0.151,0.269,0.580
146000,0.152,0.258,0.589
146500,0.138,0.263,0.600
147000,0.150,0.260,0.589
147500,0.155,0.265,0.580
148000,0.156,0.242,0.602
148500,0.144,0.242,0.614
149000,0.153,0.255,0.591
149500,0.169,0.265,0.567
150000,0.157,0.251,0.591
150500,0.165,0.251,0.583
151000,0.168,0.246,0.586
151500,0.207,0.230,0.563
152000,0.199,0.232,0.569
152500,0.177,0.234,0.589
153000,0.190,0.239,0.571
153500,0.190,0.246,0.564
154000,0.156,0.239,0.605
154500,0.149,0.234,0.617
155000,0.148,0.234,0.618
155500,0.153,0.225,0.622
156000,0.153,0.217,0.630
156500,0.156,0.218,0.626
157000,0.169,0.226,0.606
157500,0.154,0.235,0.611
158000,0.155,0.235,0.610
158500,0.164,0.232,0.604
159000,0.171,0.251,0.578
159500,0.156,0.225,0.619
160000,0.145,0.229,0.626
160500,0.178,0.234,0.588
161000,0.170,0.236,0.594
161500,0.158,0.224,0.618
162000,0.173,0.217,0.611
162500,0.152,0.218,0.630
163000,0.169,0.228,0.604
163500,0.170,0.210,0.620
164000,0.166,0.226,0.608
164500,0.177,0.216,0.608
165000,0.190,0.216,0.594
165500,0.202,0.222,0.576
166000,0.215,0.207,0.578
166500,0.213,0.201,0.585
167000,0.187,0.216,0.598
167500,0.178,0.209,0.613
168000,0.188,0.206,0.606
168500,0.173,0.211,0.616
169000,0.177,0.209,0.614
169500,0.157,0.207,0.635
170000,0.162,0.234,0.604
170500,0.157,0.230,0.613
171000,0.168,0.231,0.602
171500,0.162,0.233,0.605
172000,0.162,0.225,0.613
172500,0.161,0.227,0.612
173000,0.173,0.201,0.626
173500,0.159,0.204,0.636
174000,0.173,0.207,0.620
174500,0.172,0.216,0.613
175000,0.159,0.200,0.640
175500,0.175,0.189,0.636
176000,0.175,0.178,0.648
176500,0.188,0.184,0.628
177000,0.199,0.184,0.617
177500,0.230,0.190,0.580
178000,0.216,0.192,0.592
178500,0.221,0.188,0.591
179000,0.197,0.204,0.599
179500,0.183,0.216,0.602
180000,0.203,0.202,0.594
180500,0.203,0.196,0.601
181000,0.204,0.189,0.607
181500,0.222,0.189,0.589
182000,0.241,0.188,0.571
182500,0.238,0.192,0.570
183000,0.221,0.198,0.581
183500,0.194,0.205,0.601
184000,0.191,0.216,0.593
184500,0.181,0.208,0.611
185000,0.208,0.203,0.588
185500,0.194,0.210,0.596
186000,0.208,0.193,0.599
186500,0.221,0.198,0.581
187000,0.220,0.199,0.581
187500,0.225,0.194,0.581
188000,0.217,0.204,0.579
188500,0.218,0.205,0.577
189000,0.209,0.201,0.589
189500,0.206,0.197,0.597
190000,0.180,0.205,0.615
190500,0.197,0.205,0.598
191000,0.187,0.216,0.598
191500,0.213,0.209,0.577
192000,0.198,0.192,0.610
192500,0.211,0.210,0.578
193000,0.185,0.197,0.618
193500,0.179,0.205,0.616
194000,0.197,0.212,0.590
194500,0.198,0.202,0.600
195000,0.192,0.200,0.608
195500,0.185,0.198,0.617
196000,0.178,0.203,0.619
196500,0.189,0.217,0.594
197000,0.182,0.220,0.599
197500,0.171,0.222,0.608
198000,0.172,0.204,0.624
198500,0.180,0.206,0.614
199000,0.180,0.193,0.627
199500,0.163,0.206,0.630
200000,0.155,0.212,0.632
200500,0.163,0.198,0.638
201000,0.147,0.219,0.634
201500,0.143,0.219,0.638
202000,0.138,0.244,0.618
202500,0.134,0.255,0.611
203000,0.150,0.256,0.593
203500,0.152,0.236,0.612
204000,0.171,0.215,0.615
204500,0.160,0.232,0.608
205000,0.164,0.211,0.624
205500,0.177,0.212,0.611
206000,0.188,0.211,0.601
206500,0.177,0.207,0.616
207000,0.161,0.206,0.632
207500,0.168,0.189,0.644
208000,0.162,0.202,0.635
208500,0.180,0.209,0.611
209000,0.171,0.218,0.612
209500,0.191,0.211,0.598
210000,0.185,0.222,0.593
210500,0.191,0.211,0.598
211000,0.177,0.212,0.611
211500,0.156,0.235,0.609
212000,0.157,0.209,0.633
212500,0.180,0.204,0.616
213000,0.186,0.176,0.638
213500,0.221,0.197,0.582
214000,0.203,0.176,0.621
214500,0.209,0.160,0.630
215000,0.215,0.166,0.619
215500,0.197,0.174,0.629
216000,0.185,0.178,0.637
216500,0.191,0.202,0.607
217000,0.179,0.193,0.628
217500,0.183,0.193,0.624
218000,0.186,0.208,0.606
218500,0.200,0.193,0.607
219000,0.207,0.201,0.591
219500,0.198,0.199,0.603
220000,0.200,0.200,0.600
220500,0.186,0.211,0.603
221000,0.190,0.192,0.618
221500,0.184,0.196,0.620
222000,0.181,0.197,0.622
222500,0.190,0.223,0.587
223000,0.188,0.207,0.605
223500,0.174,0.213,0.613
224000,0.166,0.220,0.614
224500,0.172,0.223,0.606
225000,0.166,0.222,0.612
225500,0.170,0.227,0.604
226000,0.147,0.207,0.646
226500,0.158,0.219,0.623
227000,0.156,0.217,0.627
227500,0.164,0.203,0.632
228000,0.173,0.195,0.632
228500,0.171,0.208,0.621
229000,0.184,0.184,0.632
229500,0.190,0.176,0.634
230000,0.187,0.178,0.635
230500,0.182,0.179,0.639
231000,0.173,0.190,0.637
231500,0.158,0.195,0.647
232000,0.149,0.201,0.650
232500,0.160,0.216,0.624
233000,0.161,0.230,0.609
233500,0.166,0.212,0.621
234000,0.205,0.201,0.593
234500,0.181,0.208,0.611
235000,0.194,0.211,0.594
235500,0.166,0.229,0.605
236000,0.162,0.221,0.617
236500,0.194,0.197,0.609
237000,0.198,0.184,0.618
237500,0.193,0.195,0.612
238000,0.196,0.197,0.607
238500,0.205,0.188,0.607
239000,0.194,0.180,0.626
239500,0.201,0.183,0.616
240000,0.197,0.175,0.628
240500,0.193,0.179,0.628
241000,0.194,0.171,0.635
241500,0.197,0.179,0.624
242000,0.192,0.187,0.621
242500,0.183,0.190,0.627
243000,0.177,0.183,0.640
243500,0.188,0.186,0.626
244000,0.180,0.194,0.626
244500,0.164,0.202,0.633
245000,0.178,0.188,0.634
245500,0.165,0.210,0.624
246000,0.176,0.198,0.626
246500,0.166,0.202,0.631
247000,0.171,0.204,0.625
247500,0.181,0.197,0.622
248000,0.179,0.195,0.626
248500,0.195,0.185,0.620
249000,0.182,0.193,0.625
249500,0.181,0.183,0.636
250000,0.171,0.199,0.630
250500,0.171,0.194,0.635
251000,0.159,0.194,0.647
251500,0.172,0.197,0.631
252000,0.160,0.182,0.658
252500,0.186,0.172,0.642
253000,0.188,0.160,0.652
253500,0.170,0.182,0.649
254000,0.178,0.184,0.638
254500,0.162,0.188,0.650
255000,0.171,0.199,0.630
255500,0.168,0.215,0.618
256000,0.161,0.209,0.629
256500,0.185,0.183,0.632
257000,0.187,0.186,0.627
257500,0.177,0.199,0.624
258000,0.180,0.184,0.636
258500,0.174,0.187,0.639
259000,0.175,0.189,0.636
259500,0.160,0.194,0.646
260000,0.178,0.199,0.623
260500,0.189,0.183,0.628
261000,0.187,0.198,0.615
261500,0.177,0.211,0.612
262000,0.184,0.181,0.635
262500,0.181,0.198,0.621
263000,0.162,0.193,0.645
263500,0.163,0.174,0.663
264000,0.175,0.173,0.653
264500,0.188,0.173,0.639
265000,0.178,0.180,0.642
265500,0.179,0.174,0.648
266000,0.180,0.191,0.629
266500,0.170,0.192,0.638
267000,0.162,0.192,0.646
267500,0.182,0.194,0.624
268000,0.169,0.179,0.653
268500,0.173,0.184,0.644
269000,0.180,0.189,0.631
269500,0.172,0.210,0.618
270000,0.146,0.216,0.638
270500,0.177,0.200,0.623
271000,0.161,0.194,0.645
271500,0.163,0.190,0.647
272000,0.155,0.205,0.639
272500,0.163,0.198,0.638
273000,0.161,0.209,0.629
273500,0.155,0.212,0.632
274000,0.168,0.215,0.618
274500,0.173,0.211,0.616
275000,0.197,0.187,0.616
275500,0.177,0.201,0.622
276000,0.211,0.189,0.600
276500,0.219,0.190,0.591
277000,0.206,0.189,0.605
277500,0.192,0.192,0.616
278000,0.174,0.180,0.647
278500,0.161,0.190,0.649
279000,0.174,0.171,0.656
279500,0.182,0.164,0.654
280000,0.191,0.178,0.631
280500,0.188,0.184,0.628
281000,0.198,0.178,0.624
281500,0.189,0.168,0.644
282000,0.210,0.169,0.621
282500,0.204,0.169,0.627
283000,0.197,0.183,0.620
283500,0.172,0.164,0.664
284000,0.193,0.176,0.631
284500,0.174,0.171,0.656
285000,0.182,0.190,0.628
285500,0.173,0.188,0.639
286000,0.171,0.239,0.590
286500,0.159,0.237,0.604
287000,0.170,0.229,0.602
287500,0.187,0.217,0.597
288000,0.174,0.229,0.598
288500,0.196,0.221,0.583
289000,0.195,0.220,0.585
289500,0.181,0.218,0.602
290000,0.181,0.208,0.611
290500,0.185,0.187,0.628
291000,0.176,0.192,0.632
291500,0.174,0.209,0.617
292000,0.175,0.205,0.620
292500,0.154,0.215,0.631
293000,0.152,0.227,0.621
293500,0.148,0.220,0.632
294000,0.143,0.217,0.640
294500,0.148,0.192,0.660
295000,0.173,0.192,0.635
295500,0.157,0.198,0.645
296000,0.188,0.207,0.605
296500,0.174,0.181,0.646
297000,0.190,0.181,0.629
297500,0.185,0.166,0.649
298000,0.201,0.179,0.620
298500,0.184,0.176,0.640
299000,0.180,0.180,0.640
299500,0.181,0.184,0.635
300000,0.171,0.207,0.622
300500,0.171,0.201,0.628
301000,0.182,0.181,0.637
301500,0.184,0.182,0.634
302000,0.176,0.178,0.647
302500,0.159,0.184,0.657
303000,0.165,0.199,0.635
303500,0.158,0.169,0.673
304000,0.153,0.191,0.656
304500,0.153,0.200,0.647
305000,0.128,0.225,0.648
305500,0.122,0.218,0.661
306000,0.112,0.249,0.638
306500,0.112,0.215,0.673
307000,0.147,0.208,0.645
307500,0.143,0.217,0.640
308000,0.147,0.202,0.651
308500,0.151,0.216,0.633
309000,0.159,0.216,0.625
309500,0.147,0.210,0.642
310000,0.150,0.211,0.638
310500,0.148,0.218,0.634
311000,0.138,0.205,0.657
311500,0.141,0.192,0.667
312000,0.137,0.193,0.670
312500,0.137,0.183,0.680
313000,0.138,0.191,0.671
313500,0.150,0.199,0.651
314000,0.191,0.174,0.635
314500,0.203,0.160,0.636
315000,0.205,0.156,0.638
315500,0.205,0.142,0.653
316000,0.210,0.145,0.645
316500,0.211,0.154,0.634
317000,0.207,0.155,0.637
317500,0.181,0.155,0.664
318000,0.195,0.148,0.657
318500,0.187,0.142,0.671
319000,0.173,0.152,0.675
319500,0.196,0.152,0.652
320000,0.182,0.143,0.675
320500,0.182,0.147,0.671
321000,0.191,0.155,0.654
321500,0.192,0.148,0.660
322000,0.187,0.159,0.654
322500,0.199,0.169,0.632
323000,0.186,0.178,0.636
323500,0.201,0.184,0.615
324000,0.191,0.182,0.627
324500,0.199,0.162,0.638
325000,0.192,0.158,0.650
325500,0.196,0.146,0.658
326000,0.199,0.145,0.656
326500,0.189,0.144,0.667
327000,0.186,0.147,0.667
327500,0.152,0.153,0.695
328000,0.159,0.157,0.683
328500,0.188,0.160,0.652
329000,0.189,0.150,0.661
329500,0.204,0.151,0.645
330000,0.177,0.158,0.665
330500,0.165,0.164,0.670
331000,0.159,0.163,0.677
331500,0.171,0.171,0.659
332000,0.160,0.161,0.678
332500,0.151,0.177,0.672
333000,0.153,0.168,0.679
333500,0.160,0.172,0.668
334000,0.160,0.203,0.636
334500,0.196,0.186,0.618
335000,0.192,0.177,0.631
335500,0.191,0.175,0.634
336000,0.175,0.170,0.656
336500,0.177,0.165,0.658
337000,0.183,0.163,0.654
337500,0.205,0.154,0.640
338000,0.208,0.170,0.622
338500,0.186,0.180,0.634
339000,0.190,0.176,0.634
339500,0.181,0.184,0.635
340000,0.156,0.174,0.670
340500,0.148,0.195,0.657
341000,0.140,0.185,0.675
341500,0.145,0.169,0.686
342000,0.128,0.183,0.689
342500,0.135,0.224,0.641
343000,0.144,0.211,0.645
343500,0.137,0.206,0.657
344000,0.151,0.193,0.656
344500,0.134,0.198,0.668
345000,0.141,0.199,0.660
345500,0.155,0.185,0.660
346000,0.156,0.197,0.647
346500,0.154,0.215,0.631
347000,0.141,0.199,0.660
347500,0.149,0.187,0.664
348000,0.158,0.199,0.642
348500,0.155,0.192,0.653
349000,0.153,0.205,0.641
349500,0.155,0.193,0.652
350000,0.158,0.184,0.658
350500,0.159,0.185,0.656
351000,0.178,0.181,0.641
351500,0.192,0.177,0.631
352000,0.177,0.162,0.661
352500,0.202,0.160,0.637
353000,0.191,0.169,0.640
353500,0.159,0.156,0.684
354000,0.171,0.194,0.635
354500,0.160,0.184,0.656
355000,0.165,0.183,0.652
355500,0.162,0.196,0.641
356000,0.149,0.190,0.661
356500,0.139,0.202,0.659
357000,0.146,0.206,0.648
357500,0.141,0.204,0.655
358000,0.138,0.186,0.676
358500,0.141,0.188,0.671
359000,0.168,0.189,0.644
359500,0.157,0.190,0.653
360000,0.158,0.201,0.640
360500,0.163,0.218,0.619
361000,0.144,0.191,0.665
361500,0.156,0.195,0.649
362000,0.158,0.179,0.663
362500,0.173,0.176,0.652
363000,0.196,0.185,0.619
363500,0.220,0.184,0.597
364000,0.194,0.170,0.636
364500,0.180,0.168,0.653
365000,0.175,0.181,0.645
365500,0.185,0.182,0.633
366000,0.210,0.170,0.620
366500,0.201,0.160,0.638
367000,0.189,0.181,0.630
367500,0.197,0.178,0.625
368000,0.196,0.182,0.622
368500,0.198,0.184,0.618
369000,0.168,0.203,0.629
369500,0.180,0.202,0.618
370000,0.184,0.190,0.626
370500,0.161,0.210,0.628
371000,0.161,0.198,0.640
371500,0.172,0.191,0.637
372000,0.160,0.207,0.632
372500,0.168,0.201,0.631
373000,0.177,0.186,0.637
373500,0.169,0.183,0.649
374000,0.188,0.189,0.623
374500,0.193,0.182,0.625
375000,0.186,0.171,0.644
375500,0.193,0.193,0.614
376000,0.203,0.179,0.618
376500,0.192,0.168,0.640
377000,0.192,0.177,0.631
377500,0.180,0.198,0.622
378000,0.205,0.172,0.623
378500,0.181,0.184,0.635
379000,0.181,0.186,0.633
379500,0.180,0.202,0.618
380000,0.171,0.199,0.630
380500,0.165,0.199,0.635
381000,0.176,0.219,0.606
381500,0.179,0.207,0.614
382000,0.164,0.203,0.632
382500,0.168,0.216,0.617
383000,0.169,0.215,0.617
383500,0.172,0.219,0.610
384000,0.188,0.216,0.597
384500,0.188,0.204,0.608
385000,0.190,0.201,0.609
385500,0.179,0.203,0.618
386000,0.164,0.209,0.626
386500,0.178,0.226,0.597
387000,0.183,0.208,0.609
387500,0.165,0.201,0.633
388000,0.169,0.188,0.644
388500,0.179,0.189,0.632
389000,0.204,0.184,0.612
389500,0.191,0.171,0.638
390000,0.177,0.180,0.644
390500,0.171,0.186,0.644
391000,0.189,0.173,0.638
391500,0.187,0.180,0.633
392000,0.180,0.177,0.644
392500,0.168,0.173,0.660
393000,0.165,0.180,0.655
393500,0.164,0.180,0.656
394000,0.183,0.184,0.633
394500,0.177,0.177,0.647
395000,0.164,0.185,0.651
395500,0.163,0.178,0.659
396000,0.161,0.174,0.665
396500,0.184,0.184,0.632
397000,0.207,0.176,0.617
397500,0.195,0.171,0.634
398000,0.182,0.164,0.654
398500,0.188,0.159,0.653
399000,0.205,0.156,0.638
399500,0.204,0.159,0.636
400000,0.199,0.158,0.642
400500,0.207,0.153,0.639
401000,0.178,0.168,0.655
401500,0.190,0.169,0.641
402000,0.177,0.151,0.672
402500,0.184,0.184,0.632
403000,0.187,0.184,0.629
403500,0.185,0.185,0.630
404000,0.197,0.175,0.628
404500,0.203,0.166,0.630
405000,0.199,0.156,0.645
405500,0.209,0.156,0.634
406000,0.207,0.146,0.647
406500,0.193,0.177,0.630
407000,0.188,0.189,0.623
407500,0.196,0.179,0.625
408000,0.188,0.165,0.647
408500,0.192,0.174,0.634
409000,0.210,0.170,0.620
409500,0.179,0.178,0.644
410000,0.181,0.204,0.615
410500,0.168,0.194,0.638
411000,0.170,0.201,0.629
411500,0.163,0.222,0.615
412000,0.159,0.226,0.615
412500,0.155,0.195,0.650
413000,0.164,0.186,0.650
413500,0.151,0.197,0.652
414000,0.148,0.203,0.649
414500,0.158,0.220,0.622
415000,0.144,0.209,0.647
415500,0.150,0.211,0.638
416000,0.146,0.217,0.637
416500,0.142,0.239,0.619
417000,0.169,0.207,0.624
417500,0.154,0.202,0.644
418000,0.159,0.208,0.632
418500,0.145,0.202,0.653
419000,0.152,0.215,0.633
419500,0.144,0.200,0.656
420000,0.139,0.208,0.653
420500,0.159,0.184,0.657
421000,0.178,0.203,0.619
421500,0.143,0.197,0.660
422000,0.140,0.195,0.665
422500,0.158,0.194,0.648
423000,0.158,0.194,0.648
423500,0.152,0.207,0.640
424000,0.158,0.199,0.642
424500,0.148,0.203,0.649
425000,0.139,0.202,0.659
425500,0.135,0.201,0.664
426000,0.136,0.223,0.641
426500,0.121,0.242,0.637
427000,0.121,0.231,0.649
427500,0.110,0.205,0.684
428000,0.130,0.192,0.678
428500,0.148,0.188,0.664
429000,0.178,0.184,0.638
429500,0.192,0.175,0.633
430000,0.170,0.187,0.644
430500,0.143,0.179,0.678
431000,0.140,0.193,0.667
431500,0.131,0.203,0.666
432000,0.146,0.190,0.664
432500,0.133,0.194,0.673
433000,0.139,0.193,0.668
433500,0.144,0.184,0.672
434000,0.153,0.185,0.662
434500,0.149,0.181,0.670
435000,0.152,0.165,0.682
435500,0.174,0.172,0.655
436000,0.171,0.169,0.661
436500,0.189,0.183,0.628
437000,0.187,0.178,0.635
437500,0.171,0.190,0.639
438000,0.168,0.188,0.645
438500,0.185,0.180,0.635
439000,0.191,0.192,0.617
439500,0.172,0.186,0.642
440000,0.174,0.172,0.655
440500,0.163,0.187,0.650
441000,0.174,0.202,0.624
441500,0.171,0.224,0.606
442000,0.177,0.228,0.596
442500,0.170,0.234,0.597
443000,0.163,0.220,0.617
443500,0.152,0.216,0.632
444000,0.155,0.209,0.635
444500,0.142,0.206,0.652
445000,0.153,0.204,0.642
445500,0.168,0.198,0.634
446000,0.155,0.206,0.638
446500,0.150,0.207,0.642
447000,0.125,0.210,0.665
447500,0.129,0.213,0.658
448000,0.142,0.211,0.647
448500,0.151,0.223,0.626
449000,0.149,0.206,0.645
449500,0.163,0.211,0.625
450000,0.170,0.191,0.639
450500,0.173,0.177,0.651
451000,0.165,0.166,0.668
451500,0.163,0.179,0.658
452000,0.166,0.174,0.660
452500,0.193,0.181,0.626
453000,0.177,0.185,0.638
453500,0.197,0.191,0.612
454000,0.185,0.183,0.632
454500,0.181,0.195,0.624
455000,0.160,0.192,0.648
455500,0.202,0.181,0.617
456000,0.194,0.170,0.636
456500,0.201,0.179,0.620
457000,0.198,0.184,0.618
457500,0.205,0.172,0.623
458000,0.197,0.175,0.628
458500,0.195,0.170,0.635
459000,0.177,0.199,0.624
459500,0.194,0.182,0.624
460000,0.213,0.181,0.606
460500,0.201,0.161,0.637
461000,0.196,0.164,0.639
461500,0.201,0.170,0.629
462000,0.221,0.163,0.616
462500,0.202,0.172,0.626
463000,0.180,0.173,0.648
463500,0.180,0.169,0.652
464000,0.181,0.151,0.668
464500,0.202,0.139,0.659
465000,0.217,0.145,0.638
465500,0.202,0.146,0.652
466000,0.208,0.161,0.630
466500,0.185,0.159,0.656
467000,0.178,0.162,0.660
467500,0.197,0.141,0.662
468000,0.193,0.139,0.668
468500,0.202,0.141,0.657
469000,0.213,0.138,0.649
469500,0.198,0.123,0.679
470000,0.208,0.140,0.652
470500,0.188,0.150,0.662
471000,0.183,0.158,0.659
471500,0.179,0.149,0.672
472000,0.190,0.154,0.656
472500,0.193,0.157,0.650
473000,0.176,0.144,0.680
473500,0.170,0.161,0.669
474000,0.197,0.165,0.637
474500,0.202,0.162,0.635
475000,0.183,0.158,0.659
475500,0.191,0.158,0.651
476000,0.177,0.144,0.679
476500,0.169,0.149,0.682
477000,0.160,0.179,0.661
477500,0.157,0.172,0.671
478000,0.166,0.173,0.661
478500,0.178,0.157,0.665
479000,0.180,0.168,0.653
479500,0.164,0.177,0.659
480000,0.171,0.179,0.651
480500,0.203,0.164,0.632
481000,0.188,0.168,0.645
481500,0.178,0.166,0.656
482000,0.183,0.158,0.659
482500,0.193,0.158,0.649
483000,0.175,0.152,0.673
483500,0.160,0.168,0.672
484000,0.154,0.149,0.697
484500,0.165,0.177,0.658
485000,0.146,0.175,0.679
485500,0.138,0.188,0.674
486000,0.156,0.187,0.657
486500,0.137,0.181,0.682
487000,0.161,0.192,0.647
487500,0.159,0.204,0.636
488000,0.154,0.186,0.660
488500,0.169,0.181,0.651
489000,0.160,0.162,0.677
489500,0.162,0.178,0.660
490000,0.181,0.168,0.652
490500,0.157,0.182,0.661
491000,0.152,0.183,0.665
491500,0.164,0.185,0.651
492000,0.180,0.176,0.645
492500,0.168,0.171,0.662
493000,0.201,0.166,0.632
493500,0.189,0.169,0.642
494000,0.179,0.170,0.652
494500,0.179,0.173,0.649
495000,0.185,0.185,0.630
495500,0.183,0.176,0.641
496000,0.171,0.157,0.672
496500,0.163,0.164,0.672
497000,0.158,0.160,0.681
497500,0.157,0.163,0.679
498000,0.154,0.166,0.679
498500,0.183,0.178,0.639
499000,0.172,0.172,0.657
499500,0.153,0.171,0.676
500000,0.157,0.184,0.659
500500,0.151,0.186,0.663
501000,0.161,0.178,0.661
501500,0.171,0.172,0.658
502000,0.163,0.173,0.664
502500,0.172,0.166,0.662
503000,0.177,0.159,0.664
503500,0.162,0.159,0.678
504000,0.161,0.162,0.676
504500,0.165,0.165,0.669
505000,0.186,0.166,0.648
505500,0.205,0.158,0.636
506000,0.204,0.157,0.638
506500,0.200,0.162,0.637
507000,0.204,0.150,0.646
507500,0.205,0.140,0.655
508000,0.203,0.157,0.639
508500,0.222,0.138,0.640
509000,0.215,0.155,0.630
509500,0.205,0.154,0.640
510000,0.183,0.185,0.632
510500,0.204,0.192,0.604
511000,0.215,0.180,0.606
511500,0.192,0.177,0.631
512000,0.206,0.172,0.622
512500,0.209,0.170,0.621
513000,0.204,0.176,0.620
513500,0.206,0.178,0.616
514000,0.206,0.169,0.625
514500,0.212,0.162,0.625
515000,0.202,0.153,0.645
515500,0.199,0.170,0.631
516000,0.182,0.164,0.654
516500,0.181,0.173,0.647
517000,0.209,0.151,0.639
517500,0.204,0.154,0.641
518000,0.195,0.166,0.638
518500,0.182,0.182,0.636
519000,0.184,0.198,0.618
519500,0.186,0.179,0.635
520000,0.190,0.186,0.624
520500,0.196,0.173,0.631
521000,0.204,0.164,0.631
521500,0.218,0.171,0.612
522000,0.223,0.179,0.599
522500,0.209,0.181,0.610
523000,0.193,0.183,0.624
523500,0.188,0.179,0.633
524000,0.152,0.178,0.670
524500,0.163,0.177,0.660
525000,0.186,0.179,0.635
525500,0.196,0.168,0.636
526000,0.179,0.156,0.665
526500,0.195,0.154,0.651
527000,0.178,0.163,0.659
527500,0.174,0.164,0.662
528000,0.172,0.175,0.654
528500,0.173,0.201,0.626
529000,0.195,0.172,0.633
529500,0.165,0.183,0.652
530000,0.191,0.174,0.635
530500,0.174,0.185,0.641
531000,0.184,0.188,0.628
531500,0.192,0.171,0.637
532000,0.196,0.157,0.647
532500,0.192,0.160,0.648
533000,0.190,0.165,0.645
533500,0.187,0.170,0.644
534000,0.173,0.179,0.649
534500,0.166,0.164,0.669
535000,0.190,0.171,0.639
535500,0.187,0.174,0.639
536000,0.191,0.178,0.631
536500,0.190,0.176,0.634
537000,0.200,0.172,0.628
537500,0.208,0.183,0.609
538000,0.198,0.173,0.629
538500,0.198,0.170,0.632
539000,0.180,0.187,0.633
539500,0.184,0.178,0.638
540000,0.174,0.192,0.634
540500,0.185,0.183,0.632
541000,0.199,0.179,0.622
541500,0.184,0.178,0.638
542000,0.186,0.190,0.624
542500,0.198,0.199,0.603
543000,0.199,0.183,0.618
543500,0.199,0.190,0.611
544000,0.210,0.181,0.609
544500,0.191,0.193,0.616
545000,0.158,0.179,0.663
545500,0.145,0.180,0.675
546000,0.143,0.195,0.662
546500,0.140,0.186,0.674
547000,0.142,0.194,0.664
547500,0.153,0.198,0.649
548000,0.175,0.183,0.642
548500,0.195,0.169,0.636
549000,0.190,0.163,0.647
549500,0.194,0.174,0.632
550000,0.201,0.179,0.620
550500,0.191,0.185,0.624
551000,0.176,0.205,0.619
551500,0.176,0.201,0.623
552000,0.177,0.205,0.618
552500,0.187,0.199,0.614
553000,0.182,0.185,0.633
553500,0.177,0.173,0.651
554000,0.170,0.171,0.660
554500,0.188,0.164,0.648
555000,0.175,0.176,0.650
555500,0.173,0.198,0.629
556000,0.162,0.213,0.624
556500,0.189,0.207,0.604
557000,0.183,0.189,0.628
557500,0.180,0.197,0.623
558000,0.193,0.169,0.638
558500,0.164,0.189,0.647
559000,0.160,0.181,0.659
559500,0.183,0.166,0.651
560000,0.170,0.175,0.656
560500,0.159,0.178,0.663
561000,0.181,0.171,0.649
561500,0.201,0.168,0.631
562000,0.179,0.185,0.636
562500,0.187,0.202,0.611
563000,0.172,0.191,0.637
563500,0.165,0.205,0.629
564000,0.184,0.196,0.620
564500,0.184,0.178,0.638
565000,0.200,0.179,0.621
565500,0.190,0.183,0.627
566000,0.187,0.179,0.634
566500,0.190,0.162,0.648
567000,0.181,0.179,0.640
567500,0.178,0.199,0.623
568000,0.188,0.200,0.612
568500,0.190,0.200,0.610
569000,0.192,0.178,0.630
569500,0.189,0.181,0.630
570000,0.190,0.184,0.626
570500,0.175,0.205,0.620
571000,0.160,0.218,0.622
571500,0.180,0.211,0.609
572000,0.175,0.188,0.637
572500,0.166,0.203,0.630
573000,0.168,0.217,0.616
573500,0.155,0.207,0.637
574000,0.175,0.195,0.630
574500,0.173,0.182,0.646
575000,0.176,0.195,0.629
575500,0.163,0.197,0.639
576000,0.176,0.191,0.633
576500,0.174,0.196,0.630
577000,0.180,0.184,0.636
577500,0.190,0.172,0.638
578000,0.203,0.177,0.620
578500,0.233,0.171,0.597
579000,0.220,0.180,0.601
579500,0.215,0.172,0.614
580000,0.190,0.183,0.627
580500,0.200,0.191,0.609
581000,0.184,0.205,0.611
581500,0.186,0.216,0.599
582000,0.200,0.203,0.597
582500,0.196,0.199,0.605
583000,0.201,0.197,0.602
583500,0.189,0.200,0.611
584000,0.178,0.223,0.600
584500,0.162,0.216,0.622
585000,0.173,0.221,0.607
585500,0.185,0.225,0.590
586000,0.175,0.213,0.612
586500,0.173,0.207,0.620
587000,0.170,0.225,0.606
587500,0.170,0.203,0.627
588000,0.151,0.226,0.623
588500,0.166,0.204,0.629
589000,0.161,0.192,0.647
589500,0.165,0.205,0.629
590000,0.148,0.208,0.644
590500,0.146,0.195,0.659
591000,0.145,0.203,0.652
591500,0.168,0.204,0.628
592000,0.193,0.189,0.618
592500,0.182,0.185,0.633
593000,0.173,0.178,0.650
593500,0.184,0.182,0.634
594000,0.175,0.177,0.649
594500,0.163,0.199,0.637
595000,0.161,0.203,0.635
595500,0.171,0.208,0.621
596000,0.172,0.192,0.636
596500,0.163,0.200,0.636
597000,0.165,0.187,0.648
597500,0.172,0.199,0.629
598000,0.170,0.198,0.632
598500,0.181,0.217,0.603
599000,0.221,0.205,0.574
599500,0.194,0.199,0.607
600000,0.194,0.191,0.615
600500,0.194,0.185,0.621
601000,0.187,0.183,0.630
601500,0.177,0.215,0.609
602000,0.174,0.206,0.620
602500,0.173,0.208,0.619
603000,0.172,0.202,0.626
603500,0.171,0.217,0.613
604000,0.179,0.211,0.610
604500,0.165,0.199,0.635
605000,0.206,0.190,0.604
605500,0.180,0.213,0.607
606000,0.166,0.205,0.628
606500,0.157,0.209,0.633
607000,0.168,0.219,0.614
607500,0.165,0.202,0.632
608000,0.188,0.182,0.630
608500,0.207,0.194,0.599
609000,0.226,0.184,0.590
609500,0.222,0.185,0.593
610000,0.229,0.198,0.573
610500,0.219,0.184,0.598
611000,0.210,0.169,0.621
611500,0.215,0.165,0.620
612000,0.218,0.171,0.612
612500,0.208,0.186,0.606
613000,0.192,0.189,0.619
613500,0.188,0.177,0.635
614000,0.189,0.182,0.629
614500,0.176,0.180,0.645
615000,0.187,0.190,0.623
615500,0.187,0.171,0.642
616000,0.191,0.182,0.627
616500,0.180,0.190,0.630
617000,0.187,0.192,0.621
617500,0.172,0.190,0.638
618000,0.169,0.193,0.638
618500,0.156,0.182,0.662
619000,0.162,0.186,0.652
619500,0.162,0.196,0.641
620000,0.164,0.215,0.621
620500,0.162,0.195,0.642
621000,0.175,0.187,0.638
621500,0.157,0.193,0.650
622000,0.158,0.187,0.655
622500,0.186,0.156,0.658
623000,0.175,0.146,0.679
623500,0.176,0.169,0.656
624000,0.194,0.176,0.630
624500,0.188,0.186,0.626
625000,0.168,0.195,0.637
625500,0.182,0.184,0.634
626000,0.179,0.172,0.650
626500,0.181,0.166,0.653
627000,0.190,0.178,0.632
627500,0.198,0.175,0.627
628000,0.184,0.187,0.629
628500,0.176,0.184,0.640
629000,0.157,0.184,0.659
629500,0.168,0.194,0.638
630000,0.161,0.208,0.630
630500,0.158,0.199,0.642
631000,0.151,0.196,0.653
631500,0.159,0.194,0.647
632000,0.168,0.191,0.641
632500,0.163,0.193,0.644
633000,0.179,0.198,0.623
633500,0.175,0.195,0.630
634000,0.171,0.188,0.641
634500,0.179,0.173,0.649
635000,0.177,0.180,0.644
635500,0.178,0.192,0.630
636000,0.201,0.178,0.621
636500,0.205,0.189,0.606
637000,0.201,0.178,0.621
637500,0.193,0.183,0.624
638000,0.195,0.189,0.616
638500,0.201,0.190,0.609
639000,0.193,0.175,0.632
639500,0.199,0.179,0.622
640000,0.200,0.190,0.610
640500,0.210,0.189,0.601
641000,0.208,0.206,0.585
641500,0.216,0.204,0.580
642000,0.202,0.201,0.597
642500,0.193,0.181,0.626
643000,0.193,0.184,0.623
643500,0.196,0.179,0.625
644000,0.188,0.169,0.644
644500,0.198,0.184,0.618
645000,0.195,0.182,0.623
645500,0.191,0.179,0.630
646000,0.201,0.182,0.617
646500,0.188,0.177,0.635
647000,0.183,0.164,0.653
647500,0.172,0.178,0.651
648000,0.207,0.173,0.620
648500,0.210,0.168,0.622
649000,0.197,0.172,0.631
649500,0.213,0.148,0.638
650000,0.201,0.179,0.620
650500,0.196,0.174,0.630
651000,0.178,0.173,0.650
651500,0.187,0.166,0.647
652000,0.193,0.183,0.624
652500,0.212,0.182,0.606
653000,0.206,0.174,0.620
653500,0.220,0.181,0.600
654000,0.201,0.185,0.614
654500,0.196,0.203,0.601
655000,0.186,0.196,0.618
655500,0.180,0.199,0.621
656000,0.166,0.194,0.639
656500,0.172,0.184,0.645
657000,0.172,0.200,0.628
657500,0.173,0.190,0.637
658000,0.184,0.189,0.627
658500,0.185,0.182,0.633
659000,0.181,0.177,0.642
659500,0.208,0.174,0.618
660000,0.202,0.171,0.627
660500,0.196,0.171,0.633
661000,0.194,0.188,0.618
661500,0.193,0.200,0.607
662000,0.185,0.192,0.623
662500,0.195,0.178,0.627
663000,0.184,0.187,0.629
663500,0.190,0.179,0.631
664000,0.184,0.174,0.642
664500,0.199,0.178,0.623
665000,0.199,0.190,0.611
665500,0.194,0.193,0.613
666000,0.189,0.187,0.624
666500,0.187,0.170,0.644
667000,0.200,0.177,0.623
667500,0.194,0.181,0.625
668000,0.178,0.193,0.629
668500,0.165,0.177,0.658
669000,0.165,0.180,0.655
669500,0.200,0.180,0.620
670000,0.198,0.182,0.620
670500,0.194,0.185,0.621
671000,0.204,0.194,0.602
671500,0.183,0.178,0.639
672000,0.178,0.163,0.659
672500,0.165,0.176,0.659
673000,0.162,0.183,0.655
673500,0.172,0.185,0.644
674000,0.187,0.173,0.640
674500,0.190,0.173,0.637
675000,0.188,0.154,0.658
675500,0.162,0.162,0.675
676000,0.139,0.165,0.696
676500,0.135,0.182,0.683
677000,0.159,0.174,0.667
677500,0.171,0.163,0.666
678000,0.181,0.163,0.656
678500,0.161,0.176,0.663
679000,0.154,0.177,0.669
679500,0.148,0.166,0.685
680000,0.155,0.163,0.681
680500,0.185,0.152,0.663
681000,0.175,0.156,0.669
681500,0.188,0.146,0.666
682000,0.187,0.158,0.655
682500,0.166,0.160,0.673
683000,0.166,0.170,0.664
683500,0.171,0.174,0.656
684000,0.182,0.164,0.654
684500,0.188,0.160,0.652
685000,0.178,0.187,0.635
685500,0.187,0.172,0.641
686000,0.189,0.165,0.646
686500,0.166,0.172,0.662
687000,0.163,0.193,0.644
687500,0.158,0.176,0.666
688000,0.144,0.187,0.669
688500,0.158,0.178,0.664
689000,0.180,0.177,0.644
689500,0.203,0.172,0.625
690000,0.197,0.166,0.636
690500,0.196,0.151,0.653
691000,0.191,0.159,0.650
691500,0.198,0.149,0.653
692000,0.204,0.156,0.639
692500,0.177,0.160,0.663
693000,0.197,0.176,0.627
693500,0.161,0.195,0.644
694000,0.187,0.191,0.622
694500,0.169,0.190,0.641
695000,0.147,0.213,0.639
695500,0.147,0.203,0.650
696000,0.164,0.182,0.654
696500,0.172,0.185,0.644
697000,0.156,0.176,0.668
697500,0.204,0.169,0.627
698000,0.192,0.184,0.624
698500,0.173,0.177,0.651
699000,0.173,0.157,0.670
699500,0.176,0.178,0.647
700000,0.165,0.207,0.627
700500,0.179,0.216,0.606
701000,0.181,0.207,0.612
701500,0.144,0.219,0.637
702000,0.159,0.194,0.647
702500,0.154,0.187,0.659
703000,0.138,0.211,0.651
703500,0.153,0.207,0.639
704000,0.159,0.201,0.639
704500,0.194,0.193,0.613
705000,0.172,0.193,0.635
705500,0.163,0.183,0.654
706000,0.186,0.179,0.635
706500,0.184,0.194,0.622
707000,0.189,0.191,0.620
707500,0.197,0.164,0.638
708000,0.190,0.171,0.639
708500,0.182,0.151,0.667
709000,0.177,0.134,0.689
709500,0.178,0.171,0.652
710000,0.171,0.161,0.668
710500,0.197,0.151,0.652
711000,0.196,0.168,0.636
711500,0.188,0.162,0.650
712000,0.181,0.171,0.649
712500,0.207,0.160,0.632
713000,0.205,0.148,0.647
713500,0.204,0.158,0.637
714000,0.205,0.153,0.641
714500,0.194,0.148,0.658
715000,0.179,0.151,0.670
715500,0.174,0.150,0.676
716000,0.168,0.162,0.670
716500,0.178,0.157,0.665
717000,0.184,0.145,0.671
717500,0.202,0.143,0.655
718000,0.220,0.153,0.627
718500,0.208,0.168,0.624
719000,0.191,0.163,0.646
719500,0.176,0.160,0.664
720000,0.183,0.169,0.649
720500,0.177,0.171,0.653
721000,0.190,0.144,0.666
721500,0.187,0.137,0.676
722000,0.182,0.141,0.677
722500,0.164,0.159,0.676
723000,0.171,0.181,0.649
723500,0.173,0.172,0.656
724000,0.185,0.168,0.648
724500,0.187,0.171,0.642
725000,0.183,0.177,0.640
725500,0.179,0.175,0.647
726000,0.173,0.186,0.641
726500,0.177,0.191,0.632
727000,0.176,0.204,0.620
727500,0.160,0.203,0.636
728000,0.174,0.189,0.637
728500,0.185,0.191,0.624
729000,0.157,0.200,0.642
729500,0.175,0.200,0.625
730000,0.191,0.195,0.614
730500,0.213,0.186,0.601
731000,0.227,0.168,0.606
731500,0.224,0.181,0.596
732000,0.234,0.172,0.594
732500,0.248,0.159,0.592
733000,0.224,0.164,0.612
733500,0.219,0.163,0.618
734000,0.216,0.162,0.622
734500,0.192,0.171,0.637
735000,0.203,0.168,0.629
735500,0.218,0.151,0.631
736000,0.200,0.185,0.615
736500,0.199,0.195,0.606
737000,0.190,0.186,0.624
737500,0.193,0.175,0.632
738000,0.206,0.173,0.621
738500,0.213,0.170,0.617
739000,0.218,0.157,0.625
739500,0.198,0.170,0.632
740000,0.209,0.153,0.637
740500,0.212,0.165,0.622
741000,0.216,0.147,0.637
741500,0.220,0.137,0.644
742000,0.218,0.141,0.641
742500,0.226,0.140,0.634
743000,0.190,0.146,0.664
743500,0.180,0.179,0.641
744000,0.184,0.153,0.663
744500,0.198,0.152,0.650
745000,0.189,0.179,0.632
745500,0.187,0.196,0.617
746000,0.182,0.168,0.651
746500,0.161,0.176,0.663
747000,0.174,0.172,0.655
747500,0.176,0.169,0.656
748000,0.170,0.185,0.646
748500,0.172,0.169,0.660
749000,0.178,0.186,0.636
749500,0.168,0.164,0.668
750000,0.175,0.175,0.651
750500,0.185,0.169,0.647
751000,0.196,0.165,0.638
751500,0.190,0.168,0.642
752000,0.176,0.175,0.650
752500,0.158,0.191,0.651
753000,0.146,0.197,0.657
753500,0.141,0.200,0.659
754000,0.156,0.211,0.632
754500,0.153,0.210,0.636
755000,0.169,0.197,0.634
755500,0.168,0.191,0.641
756000,0.156,0.197,0.647
756500,0.161,0.208,0.630
757000,0.162,0.206,0.631
757500,0.146,0.208,0.646
758000,0.165,0.204,0.630
758500,0.181,0.180,0.639
759000,0.184,0.166,0.650
759500,0.190,0.184,0.626
760000,0.181,0.183,0.636
760500,0.185,0.198,0.617
761000,0.159,0.198,0.642
761500,0.170,0.188,0.642
762000,0.169,0.200,0.631
762500,0.177,0.200,0.623
763000,0.177,0.202,0.621
763500,0.173,0.174,0.654
764000,0.165,0.200,0.634
764500,0.173,0.183,0.645
765000,0.175,0.198,0.627
765500,0.171,0.201,0.628
766000,0.176,0.200,0.624
766500,0.181,0.198,0.621
767000,0.179,0.174,0.648
767500,0.166,0.187,0.647
768000,0.154,0.186,0.660
768500,0.150,0.198,0.652
769000,0.168,0.182,0.651
769500,0.158,0.195,0.647
770000,0.147,0.193,0.660
770500,0.144,0.206,0.650
771000,0.155,0.200,0.645
771500,0.153,0.205,0.641
772000,0.172,0.183,0.646
772500,0.163,0.185,0.652
773000,0.169,0.177,0.655
773500,0.168,0.177,0.656
774000,0.166,0.179,0.655
774500,0.191,0.174,0.635
775000,0.169,0.166,0.665
775500,0.161,0.168,0.671
776000,0.169,0.166,0.665
776500,0.163,0.160,0.676
777000,0.170,0.165,0.665
777500,0.159,0.165,0.675
778000,0.182,0.169,0.650
778500,0.189,0.168,0.644
779000,0.175,0.180,0.646
779500,0.173,0.204,0.623
780000,0.164,0.205,0.630
780500,0.150,0.195,0.655
781000,0.154,0.190,0.656
781500,0.147,0.201,0.652
782000,0.156,0.194,0.650
782500,0.162,0.181,0.657
783000,0.153,0.172,0.675
783500,0.150,0.173,0.677
784000,0.174,0.160,0.666
784500,0.182,0.172,0.647
785000,0.187,0.161,0.652
785500,0.197,0.157,0.646
786000,0.191,0.174,0.635
786500,0.201,0.153,0.646
787000,0.195,0.133,0.672
787500,0.176,0.161,0.663
788000,0.170,0.168,0.663
788500,0.161,0.180,0.659
789000,0.157,0.169,0.674
789500,0.169,0.180,0.652
790000,0.180,0.198,0.622
790500,0.170,0.177,0.654
791000,0.177,0.165,0.658
791500,0.181,0.169,0.651
792000,0.190,0.149,0.661
792500,0.175,0.173,0.653
793000,0.184,0.188,0.628
793500,0.200,0.161,0.638
794000,0.227,0.153,0.620
794500,0.204,0.152,0.644
795000,0.201,0.160,0.638
795500,0.208,0.161,0.630
796000,0.228,0.140,0.632
796500,0.209,0.169,0.622
797000,0.216,0.181,0.604
797500,0.179,0.178,0.644
798000,0.188,0.166,0.646
798500,0.189,0.174,0.637
799000,0.184,0.175,0.641
799500,0.189,0.162,0.649
800000,0.190,0.157,0.653
800500,0.183,0.162,0.655
801000,0.205,0.144,0.651
801500,0.197,0.158,0.645
802000,0.179,0.160,0.661
802500,0.185,0.174,0.641
803000,0.201,0.175,0.624
803500,0.187,0.172,0.641
804000,0.177,0.147,0.676
804500,0.186,0.135,0.679
805000,0.179,0.154,0.667
805500,0.169,0.172,0.660
806000,0.199,0.155,0.646
806500,0.182,0.152,0.666
807000,0.170,0.150,0.680
807500,0.174,0.143,0.683
808000,0.155,0.166,0.678
808500,0.150,0.159,0.691
809000,0.156,0.153,0.691
809500,0.185,0.163,0.652
810000,0.170,0.170,0.661
810500,0.189,0.182,0.629
811000,0.187,0.175,0.638
811500,0.170,0.177,0.654
812000,0.159,0.198,0.642
812500,0.159,0.191,0.650
813000,0.172,0.187,0.641
813500,0.174,0.178,0.649
814000,0.187,0.168,0.646
814500,0.184,0.165,0.651
815000,0.188,0.166,0.646
815500,0.223,0.160,0.617
816000,0.198,0.152,0.650
816500,0.194,0.152,0.654
817000,0.201,0.153,0.646
817500,0.213,0.145,0.641
818000,0.202,0.157,0.640
818500,0.201,0.136,0.663
819000,0.209,0.132,0.659
819500,0.205,0.135,0.660
820000,0.197,0.148,0.655
820500,0.193,0.142,0.665
821000,0.209,0.146,0.645
821500,0.205,0.153,0.641
822000,0.208,0.161,0.630
822500,0.190,0.142,0.668
823000,0.193,0.152,0.655
823500,0.209,0.152,0.638
824000,0.206,0.150,0.644
824500,0.213,0.143,0.644
825000,0.206,0.155,0.638
825500,0.210,0.159,0.630
826000,0.211,0.155,0.633
826500,0.215,0.163,0.622
827000,0.186,0.184,0.630
827500,0.194,0.179,0.627
828000,0.193,0.161,0.646
828500,0.187,0.154,0.659
829000,0.195,0.163,0.641
829500,0.187,0.148,0.665
830000,0.204,0.166,0.629
830500,0.202,0.166,0.631
831000,0.190,0.147,0.663
831500,0.210,0.158,0.631
832000,0.194,0.145,0.661
832500,0.207,0.140,0.653
833000,0.193,0.146,0.661
833500,0.176,0.160,0.664
834000,0.178,0.178,0.645
834500,0.175,0.169,0.657
835000,0.193,0.189,0.618
835500,0.181,0.189,0.630
836000,0.169,0.189,0.642
836500,0.184,0.168,0.649
837000,0.192,0.165,0.642
837500,0.180,0.161,0.659
838000,0.180,0.163,0.657
838500,0.181,0.165,0.654
839000,0.177,0.178,0.646
839500,0.171,0.192,0.637
840000,0.174,0.199,0.627
840500,0.174,0.200,0.626
841000,0.158,0.183,0.659
841500,0.176,0.176,0.649
842000,0.170,0.179,0.652
842500,0.169,0.168,0.664
843000,0.178,0.176,0.647
843500,0.175,0.172,0.654
844000,0.180,0.173,0.648
844500,0.172,0.188,0.640
845000,0.169,0.166,0.665
845500,0.173,0.174,0.654
846000,0.200,0.157,0.642
846500,0.204,0.149,0.647
847000,0.211,0.140,0.649
847500,0.207,0.142,0.651
848000,0.207,0.174,0.619
848500,0.194,0.179,0.627
849000,0.186,0.172,0.642
849500,0.200,0.154,0.646
850000,0.203,0.148,0.649
850500,0.208,0.144,0.648
851000,0.193,0.133,0.674
851500,0.192,0.152,0.656
852000,0.197,0.156,0.647
852500,0.200,0.146,0.654
853000,0.216,0.151,0.633
853500,0.202,0.161,0.636
854000,0.185,0.175,0.640
854500,0.190,0.161,0.649
855000,0.190,0.151,0.659
855500,0.190,0.175,0.635
856000,0.186,0.179,0.635
856500,0.187,0.148,0.665
857000,0.202,0.133,0.665
857500,0.197,0.158,0.645
858000,0.200,0.158,0.641
858500,0.182,0.165,0.653
859000,0.192,0.160,0.648
859500,0.206,0.139,0.655
860000,0.202,0.140,0.658
860500,0.193,0.162,0.645
861000,0.184,0.170,0.647
861500,0.178,0.162,0.660
862000,0.194,0.153,0.653
862500,0.182,0.162,0.656
863000,0.182,0.151,0.667
863500,0.186,0.165,0.649
864000,0.188,0.159,0.653
864500,0.194,0.148,0.658
865000,0.195,0.152,0.653
865500,0.210,0.157,0.632
866000,0.206,0.148,0.646
866500,0.204,0.144,0.652
867000,0.202,0.164,0.633
867500,0.188,0.177,0.635
868000,0.201,0.168,0.631
868500,0.212,0.164,0.623
869000,0.202,0.163,0.634
869500,0.181,0.184,0.635
870000,0.189,0.186,0.625
870500,0.198,0.177,0.625
871000,0.185,0.176,0.639
871500,0.179,0.178,0.644
872000,0.187,0.176,0.637
872500,0.204,0.181,0.615
873000,0.192,0.187,0.621
873500,0.188,0.166,0.646
874000,0.172,0.176,0.653
874500,0.162,0.181,0.657
875000,0.163,0.181,0.656
875500,0.159,0.188,0.653
876000,0.147,0.211,0.641
876500,0.168,0.203,0.629
877000,0.173,0.184,0.644
877500,0.159,0.175,0.666
878000,0.161,0.172,0.667
878500,0.157,0.190,0.653
879000,0.168,0.182,0.651
879500,0.161,0.169,0.670
880000,0.169,0.176,0.656
880500,0.162,0.172,0.666
881000,0.201,0.176,0.623
881500,0.175,0.175,0.651
882000,0.166,0.175,0.659
882500,0.144,0.183,0.673
883000,0.174,0.168,0.659
883500,0.196,0.172,0.632
884000,0.199,0.159,0.641
884500,0.189,0.163,0.648
885000,0.216,0.160,0.624
885500,0.225,0.156,0.619
886000,0.208,0.151,0.640
886500,0.221,0.141,0.638
887000,0.218,0.140,0.642
887500,0.210,0.152,0.637
888000,0.208,0.152,0.639
888500,0.205,0.145,0.650
889000,0.227,0.147,0.626
889500,0.225,0.142,0.633
890000,0.216,0.137,0.648
890500,0.220,0.151,0.629
891000,0.228,0.149,0.623
891500,0.208,0.147,0.645
892000,0.197,0.152,0.651
892500,0.194,0.141,0.665
893000,0.211,0.144,0.645
893500,0.208,0.143,0.649
894000,0.181,0.151,0.668
894500,0.158,0.163,0.678
895000,0.146,0.170,0.684
895500,0.142,0.191,0.667
896000,0.153,0.169,0.678
896500,0.150,0.184,0.666
897000,0.145,0.184,0.671
897500,0.155,0.191,0.654
898000,0.172,0.196,0.632
898500,0.191,0.183,0.626
899000,0.177,0.182,0.641
899500,0.198,0.188,0.614
900000,0.201,0.179,0.620
900500,0.206,0.176,0.618
901000,0.195,0.168,0.637
901500,0.200,0.171,0.629
902000,0.181,0.157,0.662
902500,0.171,0.178,0.652
903000,0.153,0.200,0.647
903500,0.160,0.196,0.644
904000,0.165,0.199,0.635
904500,0.176,0.208,0.616
905000,0.172,0.201,0.627
905500,0.190,0.191,0.619
906000,0.174,0.205,0.621
906500,0.170,0.203,0.627
907000,0.161,0.205,0.633
907500,0.161,0.197,0.641
908000,0.170,0.213,0.617
908500,0.179,0.193,0.628
909000,0.171,0.187,0.642
909500,0.159,0.189,0.652
910000,0.166,0.176,0.658
910500,0.164,0.161,0.674
911000,0.183,0.165,0.652
911500,0.229,0.173,0.599
912000,0.191,0.185,0.624
912500,0.165,0.194,0.640
913000,0.173,0.194,0.633
913500,0.169,0.185,0.647
914000,0.169,0.180,0.652
914500,0.152,0.193,0.655
915000,0.177,0.189,0.634
915500,0.182,0.193,0.625
916000,0.194,0.194,0.612
916500,0.191,0.192,0.617
917000,0.192,0.183,0.625
917500,0.177,0.156,0.667
918000,0.155,0.180,0.665
918500,0.164,0.176,0.660
919000,0.165,0.168,0.667
919500,0.180,0.156,0.664
920000,0.175,0.162,0.663
920500,0.162,0.178,0.660
921000,0.177,0.176,0.648
921500,0.172,0.176,0.653
922000,0.185,0.181,0.634
922500,0.172,0.172,0.657
923000,0.150,0.173,0.677
923500,0.148,0.188,0.664
924000,0.168,0.171,0.662
924500,0.183,0.186,0.631
925000,0.172,0.170,0.659
925500,0.179,0.159,0.662
926000,0.184,0.163,0.653
926500,0.195,0.166,0.638
927000,0.171,0.153,0.676
927500,0.160,0.185,0.655
928000,0.153,0.189,0.658
928500,0.130,0.192,0.678
929000,0.139,0.191,0.670
929500,0.157,0.182,0.661
930000,0.170,0.188,0.642
930500,0.189,0.181,0.630
931000,0.175,0.172,0.654
931500,0.172,0.174,0.655
932000,0.181,0.188,0.631
932500,0.169,0.171,0.661
933000,0.185,0.173,0.642
933500,0.186,0.168,0.647
934000,0.182,0.173,0.646
934500,0.203,0.153,0.644
935000,0.206,0.160,0.633
935500,0.217,0.140,0.644
936000,0.241,0.138,0.621
936500,0.237,0.130,0.633
937000,0.238,0.146,0.616
937500,0.238,0.136,0.626
938000,0.223,0.152,0.625
938500,0.250,0.141,0.609
939000,0.240,0.132,0.628
939500,0.240,0.133,0.627
940000,0.254,0.143,0.603
940500,0.244,0.138,0.618
941000,0.231,0.131,0.638
941500,0.236,0.142,0.622
942000,0.235,0.134,0.631
942500,0.213,0.146,0.640
943000,0.208,0.143,0.649
943500,0.211,0.128,0.661
944000,0.203,0.137,0.660
944500,0.203,0.133,0.664
945000,0.211,0.139,0.650
945500,0.204,0.148,0.648
946000,0.206,0.163,0.630
946500,0.193,0.159,0.648
947000,0.208,0.174,0.618
947500,0.184,0.191,0.625
948000,0.194,0.190,0.616
948500,0.222,0.179,0.600
949000,0.205,0.181,0.614
949500,0.206,0.174,0.620
950000,0.181,0.185,0.634
950500,0.175,0.174,0.652
951000,0.189,0.173,0.638
951500,0.184,0.166,0.650
952000,0.194,0.154,0.652
952500,0.192,0.140,0.668
953000,0.196,0.165,0.638
953500,0.175,0.178,0.648
954000,0.174,0.164,0.662
954500,0.162,0.163,0.674
955000,0.162,0.162,0.675
955500,0.162,0.176,0.662
956000,0.169,0.171,0.661
956500,0.148,0.169,0.683
957000,0.148,0.191,0.661
957500,0.156,0.192,0.652
958000,0.148,0.183,0.669
958500,0.153,0.173,0.674
959000,0.154,0.182,0.664
959500,0.150,0.175,0.675
960000,0.169,0.159,0.672
960500,0.157,0.160,0.682
961000,0.151,0.166,0.682
961500,0.172,0.170,0.659
962000,0.168,0.156,0.676
962500,0.198,0.164,0.637
963000,0.222,0.164,0.614
963500,0.218,0.156,0.626
964000,0.195,0.163,0.641
964500,0.189,0.172,0.639
965000,0.169,0.161,0.670
965500,0.180,0.162,0.658
966000,0.178,0.147,0.675
966500,0.172,0.157,0.671
967000,0.165,0.168,0.667
967500,0.188,0.162,0.650
968000,0.182,0.174,0.645
968500,0.208,0.174,0.618
969000,0.188,0.171,0.641
969500,0.174,0.161,0.665
970000,0.176,0.170,0.655
970500,0.171,0.199,0.630
971000,0.173,0.178,0.650
971500,0.182,0.171,0.648
972000,0.175,0.169,0.657
972500,0.178,0.179,0.644
973000,0.180,0.174,0.647
973500,0.174,0.182,0.645
974000,0.160,0.179,0.661
974500,0.154,0.163,0.682
975000,0.157,0.173,0.670
975500,0.157,0.188,0.655
976000,0.163,0.162,0.674
976500,0.158,0.164,0.677
977000,0.144,0.177,0.679
977500,0.149,0.169,0.682
978000,0.156,0.166,0.677
978500,0.189,0.172,0.639
979000,0.179,0.168,0.654
979500,0.196,0.153,0.651
980000,0.183,0.171,0.647
980500,0.183,0.175,0.642
981000,0.178,0.178,0.645
981500,0.189,0.168,0.644
982000,0.172,0.169,0.660
982500,0.171,0.160,0.669
983000,0.198,0.155,0.647
983500,0.183,0.161,0.656
984000,0.210,0.157,0.632
984500,0.191,0.168,0.641
985000,0.191,0.155,0.654
985500,0.187,0.153,0.660
986000,0.175,0.175,0.651
986500,0.201,0.142,0.657
987000,0.201,0.138,0.661
987500,0.216,0.154,0.630
988000,0.207,0.162,0.630
988500,0.213,0.165,0.621
989000,0.223,0.160,0.617
989500,0.228,0.151,0.621
990000,0.230,0.144,0.626
990500,0.256,0.144,0.600
991000,0.241,0.138,0.621
991500,0.237,0.144,0.619
992000,0.241,0.132,0.627
992500,0.240,0.142,0.618
993000,0.220,0.146,0.634
993500,0.221,0.154,0.625
994000,0.225,0.153,0.622
994500,0.243,0.155,0.602
995000,0.216,0.158,0.626
995500,0.230,0.142,0.628
996000,0.224,0.133,0.644
996500,0.222,0.124,0.655
997000,0.212,0.145,0.642
997500,0.202,0.150,0.648
998000,0.205,0.152,0.642
998500,0.207,0.143,0.650
999000,0.210,0.152,0.637
999500,0.212,0.165,0.622
1000000,0.220,0.170,0.611
