time,n_A+p,n_B,n_AB
100,0.318,0.430,0.252
200,0.198,0.393,0.409
300,0.186,0.380,0.434
400,0.140,0.376,0.483
500,0.124,0.368,0.508
600,0.149,0.322,0.529
700,0.161,0.289,0.550
800,0.128,0.285,0.587
900,0.095,0.306,0.599
1000,0.103,0.269,0.628
1100,0.136,0.256,0.607
1200,0.145,0.260,0.595
1300,0.149,0.240,0.612
1400,0.145,0.256,0.599
1500,0.124,0.219,0.657
1600,0.095,0.252,0.653
1700,0.066,0.198,0.736
1800,0.091,0.231,0.678
1900,0.116,0.207,0.678
2000,0.157,0.186,0.657
2100,0.132,0.186,0.682
2200,0.174,0.190,0.636
2300,0.223,0.174,0.603
2400,0.231,0.157,0.612
2500,0.198,0.207,0.595
2600,0.202,0.190,0.607
2700,0.207,0.207,0.587
2800,0.186,0.186,0.628
2900,0.132,0.178,0.690
3000,0.132,0.165,0.702
3100,0.169,0.165,0.665
3200,0.165,0.169,0.665
3300,0.182,0.178,0.640
3400,0.140,0.198,0.661
3500,0.140,0.182,0.678
3600,0.157,0.202,0.640
3700,0.161,0.182,0.657
3800,0.157,0.190,0.653
3900,0.190,0.227,0.583
4000,0.165,0.227,0.607
4100,0.182,0.231,0.587
4200,0.161,0.211,0.628
4300,0.153,0.174,0.674
4400,0.194,0.140,0.665
4500,0.182,0.140,0.678
4600,0.182,0.161,0.657
4700,0.140,0.211,0.649
4800,0.157,0.211,0.632
4900,0.128,0.215,0.657
5000,0.116,0.211,0.674
5100,0.120,0.240,0.640
5200,0.095,0.198,0.707
5300,0.087,0.202,0.711
5400,0.140,0.174,0.686
5500,0.153,0.149,0.698
5600,0.161,0.107,0.731
5700,0.157,0.112,0.731
5800,0.124,0.124,0.752
5900,0.140,0.132,0.727
6000,0.136,0.169,0.694
6100,0.157,0.136,0.707
6200,0.153,0.128,0.719
6300,0.149,0.112,0.740
6400,0.140,0.132,0.727
6500,0.149,0.132,0.719
6600,0.161,0.153,0.686
6700,0.149,0.132,0.719
6800,0.107,0.174,0.719
6900,0.107,0.182,0.711
7000,0.112,0.182,0.707
7100,0.120,0.161,0.719
7200,0.145,0.182,0.674
7300,0.165,0.194,0.640
7400,0.182,0.169,0.649
7500,0.145,0.190,0.665
7600,0.128,0.190,0.682
7700,0.095,0.198,0.707
7800,0.136,0.194,0.669
7900,0.140,0.227,0.632
8000,0.165,0.219,0.616
8100,0.194,0.198,0.607
8200,0.182,0.215,0.603
8300,0.202,0.178,0.620
8400,0.215,0.157,0.628
8500,0.244,0.140,0.616
8600,0.248,0.145,0.607
8700,0.236,0.136,0.628
8800,0.256,0.153,0.591
8900,0.223,0.169,0.607
9000,0.211,0.145,0.645
9100,0.169,0.153,0.678
9200,0.161,0.165,0.674
9300,0.128,0.186,0.686
9400,0.103,0.198,0.698
9500,0.112,0.215,0.674
9600,0.107,0.198,0.694
9700,0.099,0.194,0.707
9800,0.124,0.169,0.707
9900,0.169,0.186,0.645
10000,0.116,0.252,0.632
10100,0.120,0.244,0.636
10200,0.107,0.260,0.632
10300,0.140,0.215,0.645
10400,0.140,0.207,0.653
10500,0.132,0.211,0.657
10600,0.153,0.231,0.616
10700,0.149,0.211,0.640
10800,0.165,0.198,0.636
10900,0.145,0.178,0.678
11000,0.124,0.178,0.698
11100,0.107,0.223,0.669
11200,0.128,0.219,0.653
11300,0.140,0.178,0.682
11400,0.153,0.182,0.665
11500,0.107,0.215,0.678
11600,0.149,0.182,0.669
11700,0.140,0.215,0.645
11800,0.153,0.190,0.657
11900,0.178,0.182,0.640
12000,0.165,0.182,0.653
12100,0.157,0.169,0.674
12200,0.132,0.202,0.665
12300,0.120,0.157,0.723
12400,0.153,0.174,0.674
12500,0.157,0.161,0.682
12600,0.140,0.136,0.723
12700,0.116,0.145,0.740
12800,0.169,0.161,0.669
12900,0.165,0.153,0.682
13000,0.178,0.112,0.711
13100,0.165,0.132,0.702
13200,0.186,0.136,0.678
13300,0.186,0.165,0.649
13400,0.231,0.145,0.624
13500,0.248,0.124,0.628
13600,0.260,0.132,0.607
13700,0.277,0.112,0.612
13800,0.314,0.095,0.591
13900,0.248,0.079,0.674
14000,0.244,0.095,0.661
14100,0.215,0.136,0.649
14200,0.202,0.132,0.665
14300,0.157,0.169,0.674
14400,0.145,0.186,0.669
14500,0.153,0.194,0.653
14600,0.124,0.215,0.661
14700,0.145,0.223,0.632
14800,0.157,0.231,0.612
14900,0.174,0.227,0.599
15000,0.198,0.223,0.579
15100,0.161,0.194,0.645
15200,0.145,0.264,0.591
15300,0.136,0.219,0.645
15400,0.145,0.215,0.640
15500,0.153,0.227,0.620
15600,0.157,0.231,0.612
15700,0.165,0.240,0.595
15800,0.149,0.211,0.640
15900,0.128,0.219,0.653
16000,0.120,0.207,0.674
16100,0.120,0.231,0.649
16200,0.140,0.211,0.649
16300,0.165,0.236,0.599
16400,0.165,0.202,0.632
16500,0.186,0.153,0.661
16600,0.198,0.120,0.682
16700,0.219,0.145,0.636
16800,0.236,0.136,0.628
16900,0.248,0.182,0.570
17000,0.273,0.149,0.579
17100,0.256,0.120,0.624
17200,0.264,0.103,0.632
17300,0.269,0.120,0.612
17400,0.236,0.116,0.649
17500,0.223,0.112,0.665
17600,0.252,0.103,0.645
17700,0.223,0.079,0.698
17800,0.194,0.095,0.711
17900,0.186,0.124,0.690
18000,0.202,0.132,0.665
18100,0.186,0.145,0.669
18200,0.215,0.161,0.624
18300,0.207,0.153,0.640
18400,0.198,0.153,0.649
18500,0.182,0.153,0.665
18600,0.161,0.165,0.674
18700,0.157,0.145,0.698
18800,0.112,0.161,0.727
18900,0.145,0.186,0.669
19000,0.157,0.182,0.661
19100,0.116,0.190,0.694
19200,0.116,0.219,0.665
19300,0.128,0.178,0.694
19400,0.174,0.190,0.636
19500,0.153,0.161,0.686
19600,0.178,0.165,0.657
19700,0.161,0.169,0.669
19800,0.153,0.145,0.702
19900,0.182,0.153,0.665
20000,0.169,0.140,0.690
20100,0.223,0.124,0.653
20200,0.215,0.107,0.678
20300,0.190,0.136,0.674
20400,0.174,0.157,0.669
20500,0.223,0.165,0.612
20600,0.223,0.161,0.616
20700,0.169,0.194,0.636
20800,0.182,0.186,0.632
20900,0.140,0.182,0.678
21000,0.140,0.182,0.678
21100,0.136,0.174,0.690
21200,0.128,0.227,0.645
21300,0.140,0.215,0.645
21400,0.186,0.202,0.612
21500,0.202,0.136,0.661
21600,0.198,0.116,0.686
21700,0.202,0.095,0.702
21800,0.198,0.132,0.669
21900,0.211,0.124,0.665
22000,0.186,0.136,0.678
22100,0.186,0.124,0.690
22200,0.186,0.145,0.669
22300,0.219,0.132,0.649
22400,0.264,0.169,0.566
22500,0.264,0.136,0.599
22600,0.219,0.120,0.661
22700,0.219,0.095,0.686
22800,0.244,0.091,0.665
22900,0.223,0.095,0.682
23000,0.178,0.091,0.731
23100,0.194,0.079,0.727
23200,0.145,0.136,0.719
23300,0.112,0.165,0.723
23400,0.145,0.145,0.711
23500,0.165,0.165,0.669
23600,0.186,0.145,0.669
23700,0.169,0.145,0.686
23800,0.120,0.153,0.727
23900,0.124,0.145,0.731
24000,0.178,0.157,0.665
24100,0.186,0.153,0.661
24200,0.157,0.145,0.698
24300,0.178,0.178,0.645
24400,0.174,0.157,0.669
24500,0.169,0.165,0.665
24600,0.149,0.182,0.669
24700,0.145,0.190,0.665
24800,0.161,0.202,0.636
24900,0.182,0.145,0.674
25000,0.198,0.136,0.665
25100,0.207,0.116,0.678
25200,0.194,0.124,0.682
25300,0.161,0.132,0.707
25400,0.157,0.140,0.702
25500,0.116,0.140,0.744
25600,0.116,0.219,0.665
25700,0.116,0.190,0.694
25800,0.091,0.194,0.715
25900,0.103,0.202,0.694
26000,0.140,0.240,0.620
26100,0.219,0.198,0.583
26200,0.186,0.178,0.636
26300,0.178,0.145,0.678
26400,0.161,0.136,0.702
26500,0.207,0.107,0.686
26600,0.244,0.095,0.661
26700,0.223,0.095,0.682
26800,0.178,0.107,0.715
26900,0.223,0.112,0.665
27000,0.252,0.112,0.636
27100,0.244,0.095,0.661
27200,0.277,0.107,0.616
27300,0.248,0.095,0.657
27400,0.236,0.112,0.653
27500,0.223,0.091,0.686
27600,0.161,0.153,0.686
27700,0.149,0.128,0.723
27800,0.157,0.136,0.707
27900,0.136,0.161,0.702
28000,0.186,0.174,0.640
28100,0.182,0.132,0.686
28200,0.157,0.128,0.715
28300,0.174,0.103,0.723
28400,0.174,0.124,0.702
28500,0.182,0.107,0.711
28600,0.178,0.103,0.719
28700,0.190,0.087,0.723
28800,0.178,0.128,0.694
28900,0.190,0.132,0.678
29000,0.178,0.140,0.682
29100,0.202,0.140,0.657
29200,0.194,0.128,0.678
29300,0.211,0.091,0.698
29400,0.194,0.079,0.727
29500,0.198,0.083,0.719
29600,0.219,0.107,0.674
29700,0.244,0.074,0.682
29800,0.236,0.099,0.665
29900,0.207,0.112,0.682
30000,0.194,0.112,0.694
30100,0.186,0.149,0.665
30200,0.202,0.112,0.686
30300,0.190,0.124,0.686
30400,0.202,0.124,0.674
30500,0.248,0.136,0.616
30600,0.219,0.157,0.624
30700,0.211,0.136,0.653
30800,0.161,0.153,0.686
30900,0.215,0.128,0.657
31000,0.244,0.124,0.632
31100,0.207,0.095,0.698
31200,0.248,0.095,0.657
31300,0.273,0.103,0.624
31400,0.236,0.128,0.636
31500,0.198,0.153,0.649
31600,0.223,0.120,0.657
31700,0.202,0.091,0.707
31800,0.240,0.103,0.657
31900,0.240,0.087,0.674
32000,0.227,0.107,0.665
32100,0.190,0.107,0.702
32200,0.223,0.128,0.649
32300,0.227,0.140,0.632
32400,0.194,0.186,0.620
32500,0.174,0.165,0.661
32600,0.202,0.149,0.649
32700,0.219,0.145,0.636
32800,0.153,0.132,0.715
32900,0.132,0.145,0.723
33000,0.161,0.145,0.694
33100,0.103,0.202,0.694
33200,0.120,0.182,0.698
33300,0.161,0.182,0.657
33400,0.174,0.186,0.640
33500,0.182,0.182,0.636
33600,0.198,0.186,0.616
33700,0.169,0.145,0.686
33800,0.161,0.128,0.711
33900,0.161,0.174,0.665
34000,0.157,0.182,0.661
34100,0.161,0.161,0.678
34200,0.153,0.186,0.661
34300,0.174,0.149,0.678
34400,0.174,0.169,0.657
34500,0.169,0.178,0.653
34600,0.153,0.153,0.694
34700,0.145,0.153,0.702
34800,0.161,0.178,0.661
34900,0.128,0.186,0.686
35000,0.132,0.178,0.690
35100,0.124,0.140,0.736
35200,0.132,0.157,0.711
35300,0.128,0.174,0.698
35400,0.140,0.236,0.624
35500,0.149,0.227,0.624
35600,0.149,0.244,0.607
35700,0.145,0.273,0.583
35800,0.140,0.285,0.574
35900,0.132,0.277,0.591
36000,0.091,0.281,0.628
36100,0.116,0.273,0.612
36200,0.107,0.252,0.640
36300,0.116,0.211,0.674
36400,0.140,0.174,0.686
36500,0.174,0.178,0.649
36600,0.174,0.165,0.661
36700,0.132,0.198,0.669
36800,0.136,0.223,0.640
36900,0.140,0.194,0.665
37000,0.145,0.186,0.669
37100,0.124,0.211,0.665
37200,0.140,0.223,0.636
37300,0.149,0.223,0.628
37400,0.124,0.248,0.628
37500,0.103,0.289,0.607
37600,0.095,0.289,0.616
37700,0.066,0.252,0.682
37800,0.083,0.219,0.698
37900,0.074,0.215,0.711
38000,0.116,0.194,0.690
38100,0.095,0.223,0.682
38200,0.103,0.236,0.661
38300,0.107,0.215,0.678
38400,0.091,0.240,0.669
38500,0.107,0.269,0.624
38600,0.095,0.252,0.653
38700,0.107,0.240,0.653
38800,0.132,0.281,0.587
38900,0.124,0.248,0.628
39000,0.120,0.223,0.657
39100,0.153,0.178,0.669
39200,0.149,0.165,0.686
39300,0.140,0.145,0.715
39400,0.169,0.140,0.690
39500,0.145,0.145,0.711
39600,0.165,0.132,0.702
39700,0.157,0.103,0.740
39800,0.174,0.124,0.702
39900,0.194,0.112,0.694
40000,0.186,0.128,0.686
40100,0.194,0.132,0.674
40200,0.169,0.099,0.731
40300,0.194,0.128,0.678
40400,0.169,0.112,0.719
40500,0.165,0.112,0.723
40600,0.149,0.112,0.740
40700,0.194,0.103,0.702
40800,0.182,0.091,0.727
40900,0.178,0.112,0.711
41000,0.174,0.149,0.678
41100,0.174,0.190,0.636
41200,0.120,0.227,0.653
41300,0.112,0.244,0.645
41400,0.083,0.219,0.698
41500,0.087,0.244,0.669
41600,0.095,0.264,0.640
41700,0.103,0.240,0.657
41800,0.099,0.223,0.678
41900,0.103,0.227,0.669
42000,0.079,0.207,0.715
42100,0.066,0.215,0.719
42200,0.087,0.219,0.694
42300,0.079,0.252,0.669
42400,0.091,0.256,0.653
42500,0.107,0.240,0.653
42600,0.095,0.211,0.694
42700,0.107,0.223,0.669
42800,0.124,0.190,0.686
42900,0.136,0.211,0.653
43000,0.153,0.194,0.653
43100,0.174,0.182,0.645
43200,0.174,0.174,0.653
43300,0.178,0.169,0.653
43400,0.157,0.161,0.682
43500,0.116,0.194,0.690
43600,0.128,0.190,0.682
43700,0.120,0.182,0.698
43800,0.120,0.190,0.690
43900,0.116,0.190,0.694
44000,0.165,0.178,0.657
44100,0.165,0.145,0.690
44200,0.215,0.145,0.640
44300,0.182,0.194,0.624
44400,0.145,0.169,0.686
44500,0.223,0.169,0.607
44600,0.207,0.132,0.661
44700,0.190,0.153,0.657
44800,0.207,0.186,0.607
44900,0.207,0.132,0.661
45000,0.211,0.153,0.636
45100,0.211,0.157,0.632
45200,0.186,0.136,0.678
45300,0.178,0.136,0.686
45400,0.149,0.140,0.711
45500,0.165,0.128,0.707
45600,0.231,0.136,0.632
45700,0.248,0.116,0.636
45800,0.227,0.112,0.661
45900,0.215,0.132,0.653
46000,0.252,0.128,0.620
46100,0.281,0.153,0.566
46200,0.240,0.149,0.612
46300,0.244,0.136,0.620
46400,0.198,0.107,0.694
46500,0.264,0.083,0.653
46600,0.248,0.091,0.661
46700,0.219,0.099,0.682
46800,0.252,0.087,0.661
46900,0.277,0.120,0.603
47000,0.240,0.091,0.669
47100,0.211,0.091,0.698
47200,0.178,0.136,0.686
47300,0.194,0.161,0.645
47400,0.244,0.099,0.657
47500,0.231,0.128,0.640
47600,0.219,0.161,0.620
47700,0.198,0.169,0.632
47800,0.207,0.120,0.674
47900,0.207,0.132,0.661
48000,0.207,0.153,0.640
48100,0.223,0.132,0.645
48200,0.219,0.128,0.653
48300,0.190,0.178,0.632
48400,0.174,0.157,0.669
48500,0.136,0.132,0.731
48600,0.132,0.140,0.727
48700,0.157,0.194,0.649
48800,0.149,0.182,0.669
48900,0.153,0.145,0.702
49000,0.202,0.132,0.665
49100,0.231,0.128,0.640
49200,0.240,0.132,0.628
49300,0.219,0.128,0.653
49400,0.186,0.120,0.694
49500,0.207,0.099,0.694
49600,0.211,0.120,0.669
49700,0.174,0.157,0.669
49800,0.169,0.194,0.636
49900,0.169,0.202,0.628
50000,0.186,0.165,0.649
50100,0.211,0.140,0.649
50200,0.178,0.112,0.711
50300,0.194,0.112,0.694
50400,0.194,0.140,0.665
50500,0.227,0.153,0.620
50600,0.186,0.190,0.624
50700,0.215,0.145,0.640
50800,0.186,0.169,0.645
50900,0.178,0.174,0.649
51000,0.202,0.165,0.632
51100,0.182,0.132,0.686
51200,0.227,0.157,0.616
51300,0.202,0.174,0.624
51400,0.219,0.128,0.653
51500,0.198,0.153,0.649
51600,0.190,0.169,0.640
51700,0.178,0.157,0.665
51800,0.178,0.174,0.649
51900,0.190,0.136,0.674
52000,0.219,0.132,0.649
52100,0.190,0.157,0.653
52200,0.165,0.157,0.678
52300,0.174,0.157,0.669
52400,0.227,0.165,0.607
52500,0.202,0.178,0.620
52600,0.244,0.186,0.570
52700,0.190,0.174,0.636
52800,0.227,0.169,0.603
52900,0.194,0.186,0.620
53000,0.132,0.194,0.674
53100,0.136,0.174,0.690
53200,0.198,0.165,0.636
53300,0.223,0.149,0.628
53400,0.169,0.198,0.632
53500,0.157,0.174,0.669
53600,0.178,0.161,0.661
53700,0.194,0.149,0.657
53800,0.215,0.161,0.624
53900,0.211,0.128,0.661
54000,0.231,0.149,0.620
54100,0.211,0.157,0.632
54200,0.207,0.190,0.603
54300,0.190,0.165,0.645
54400,0.207,0.112,0.682
54500,0.207,0.132,0.661
54600,0.190,0.124,0.686
54700,0.161,0.112,0.727
54800,0.198,0.103,0.698
54900,0.211,0.128,0.661
55000,0.223,0.091,0.686
55100,0.215,0.103,0.682
55200,0.198,0.120,0.682
55300,0.190,0.128,0.682
55400,0.190,0.107,0.702
55500,0.198,0.107,0.694
55600,0.219,0.087,0.694
55700,0.207,0.099,0.694
55800,0.236,0.107,0.657
55900,0.252,0.120,0.628
56000,0.244,0.120,0.636
56100,0.215,0.128,0.657
56200,0.198,0.128,0.674
56300,0.169,0.120,0.711
56400,0.178,0.128,0.694
56500,0.190,0.120,0.690
56600,0.194,0.157,0.649
56700,0.227,0.112,0.661
56800,0.223,0.091,0.686
56900,0.223,0.091,0.686
57000,0.207,0.091,0.702
57100,0.236,0.087,0.678
57200,0.260,0.087,0.653
57300,0.227,0.120,0.653
57400,0.248,0.112,0.640
57500,0.260,0.112,0.628
57600,0.236,0.103,0.661
57700,0.240,0.132,0.628
57800,0.186,0.128,0.686
57900,0.190,0.140,0.669
58000,0.198,0.140,0.661
58100,0.244,0.136,0.620
58200,0.231,0.128,0.640
58300,0.194,0.132,0.674
58400,0.215,0.136,0.649
58500,0.202,0.153,0.645
58600,0.194,0.132,0.674
58700,0.178,0.149,0.674
58800,0.161,0.120,0.719
58900,0.161,0.079,0.760
59000,0.161,0.099,0.740
59100,0.169,0.120,0.711
59200,0.198,0.157,0.645
59300,0.182,0.132,0.686
59400,0.174,0.128,0.698
59500,0.165,0.140,0.694
59600,0.186,0.132,0.682
59700,0.178,0.161,0.661
59800,0.240,0.128,0.632
59900,0.223,0.128,0.649
60000,0.194,0.165,0.640
60100,0.198,0.178,0.624
60200,0.194,0.186,0.620
60300,0.198,0.174,0.628
60400,0.194,0.182,0.624
60500,0.202,0.190,0.607
60600,0.219,0.178,0.603
60700,0.227,0.132,0.640
60800,0.215,0.120,0.665
60900,0.169,0.165,0.665
61000,0.174,0.165,0.661
61100,0.240,0.124,0.636
61200,0.165,0.128,0.707
61300,0.165,0.120,0.715
61400,0.194,0.120,0.686
61500,0.165,0.157,0.678
61600,0.198,0.157,0.645
61700,0.227,0.136,0.636
61800,0.227,0.116,0.657
61900,0.223,0.107,0.669
62000,0.260,0.128,0.612
62100,0.236,0.124,0.640
62200,0.182,0.194,0.624
62300,0.174,0.165,0.661
62400,0.207,0.149,0.645
62500,0.194,0.140,0.665
62600,0.165,0.116,0.719
62700,0.161,0.124,0.715
62800,0.157,0.161,0.682
62900,0.169,0.182,0.649
63000,0.132,0.198,0.669
63100,0.116,0.202,0.682
63200,0.161,0.182,0.657
63300,0.165,0.165,0.669
63400,0.153,0.145,0.702
63500,0.186,0.157,0.657
63600,0.194,0.182,0.624
63700,0.174,0.153,0.674
63800,0.165,0.198,0.636
63900,0.174,0.215,0.612
64000,0.202,0.236,0.562
64100,0.219,0.215,0.566
64200,0.215,0.190,0.595
64300,0.227,0.165,0.607
64400,0.207,0.140,0.653
64500,0.227,0.120,0.653
64600,0.211,0.132,0.657
64700,0.211,0.136,0.653
64800,0.219,0.107,0.674
64900,0.231,0.112,0.657
65000,0.178,0.136,0.686
65100,0.219,0.136,0.645
65200,0.211,0.182,0.607
65300,0.182,0.165,0.653
65400,0.190,0.161,0.649
65500,0.190,0.190,0.620
65600,0.174,0.149,0.678
65700,0.182,0.178,0.640
65800,0.157,0.198,0.645
65900,0.182,0.256,0.562
66000,0.198,0.165,0.636
66100,0.219,0.145,0.636
66200,0.174,0.140,0.686
66300,0.161,0.165,0.674
66400,0.132,0.198,0.669
66500,0.107,0.161,0.731
66600,0.112,0.178,0.711
66700,0.116,0.165,0.719
66800,0.116,0.165,0.719
66900,0.120,0.169,0.711
67000,0.112,0.182,0.707
67100,0.157,0.178,0.665
67200,0.136,0.178,0.686
67300,0.120,0.219,0.661
67400,0.070,0.207,0.723
67500,0.112,0.252,0.636
67600,0.157,0.202,0.640
67700,0.202,0.198,0.599
67800,0.186,0.198,0.616
67900,0.186,0.215,0.599
68000,0.207,0.215,0.579
68100,0.165,0.161,0.674
68200,0.136,0.186,0.678
68300,0.157,0.161,0.682
68400,0.161,0.120,0.719
68500,0.153,0.157,0.690
68600,0.157,0.182,0.661
68700,0.120,0.190,0.690
68800,0.124,0.174,0.702
68900,0.136,0.198,0.665
69000,0.157,0.231,0.612
69100,0.132,0.256,0.612
69200,0.103,0.256,0.640
69300,0.145,0.219,0.636
69400,0.132,0.236,0.632
69500,0.107,0.264,0.628
69600,0.099,0.240,0.661
69700,0.128,0.215,0.657
69800,0.136,0.198,0.665
69900,0.132,0.182,0.686
70000,0.186,0.153,0.661
70100,0.165,0.145,0.690
70200,0.165,0.140,0.694
70300,0.157,0.161,0.682
70400,0.165,0.120,0.715
70500,0.207,0.128,0.665
70600,0.240,0.116,0.645
70700,0.248,0.116,0.636
70800,0.227,0.128,0.645
70900,0.248,0.116,0.636
71000,0.236,0.095,0.669
71100,0.252,0.120,0.628
71200,0.248,0.132,0.620
71300,0.240,0.099,0.661
71400,0.236,0.120,0.645
71500,0.260,0.124,0.616
71600,0.231,0.157,0.612
71700,0.215,0.149,0.636
71800,0.186,0.145,0.669
71900,0.186,0.145,0.669
72000,0.165,0.149,0.686
72100,0.145,0.157,0.698
72200,0.165,0.157,0.678
72300,0.145,0.136,0.719
72400,0.169,0.124,0.707
72500,0.161,0.120,0.719
72600,0.169,0.116,0.715
72700,0.178,0.182,0.640
72800,0.120,0.165,0.715
72900,0.116,0.165,0.719
73000,0.107,0.174,0.719
73100,0.095,0.194,0.711
73200,0.099,0.231,0.669
73300,0.083,0.198,0.719
73400,0.087,0.207,0.707
73500,0.099,0.256,0.645
73600,0.103,0.264,0.632
73700,0.140,0.240,0.620
73800,0.140,0.207,0.653
73900,0.112,0.182,0.707
74000,0.107,0.198,0.694
74100,0.174,0.169,0.657
74200,0.149,0.165,0.686
74300,0.145,0.215,0.640
74400,0.124,0.219,0.657
74500,0.087,0.231,0.682
74600,0.103,0.215,0.682
74700,0.103,0.198,0.698
74800,0.103,0.186,0.711
74900,0.091,0.236,0.674
75000,0.107,0.227,0.665
75100,0.116,0.236,0.649
75200,0.103,0.219,0.678
75300,0.120,0.207,0.674
75400,0.120,0.202,0.678
75500,0.145,0.223,0.632
75600,0.140,0.223,0.636
75700,0.116,0.198,0.686
75800,0.149,0.182,0.669
75900,0.157,0.165,0.678
76000,0.140,0.194,0.665
76100,0.145,0.194,0.661
76200,0.128,0.211,0.661
76300,0.149,0.211,0.640
76400,0.120,0.190,0.690
76500,0.124,0.236,0.640
76600,0.103,0.256,0.640
76700,0.128,0.260,0.612
76800,0.124,0.211,0.665
76900,0.112,0.157,0.731
77000,0.145,0.157,0.698
77100,0.120,0.161,0.719
77200,0.124,0.169,0.707
77300,0.103,0.161,0.736
77400,0.120,0.190,0.690
77500,0.099,0.211,0.690
77600,0.091,0.198,0.711
77700,0.107,0.174,0.719
77800,0.103,0.149,0.748
77900,0.128,0.161,0.711
78000,0.132,0.165,0.702
78100,0.136,0.153,0.711
78200,0.132,0.182,0.686
78300,0.132,0.169,0.698
78400,0.153,0.165,0.682
78500,0.190,0.145,0.665
78600,0.194,0.116,0.690
78700,0.202,0.103,0.694
78800,0.215,0.116,0.669
78900,0.223,0.145,0.632
79000,0.240,0.112,0.649
79100,0.194,0.120,0.686
79200,0.231,0.107,0.661
79300,0.248,0.107,0.645
79400,0.236,0.124,0.640
79500,0.227,0.112,0.661
79600,0.223,0.120,0.657
79700,0.236,0.112,0.653
79800,0.260,0.103,0.636
79900,0.211,0.120,0.669
80000,0.231,0.132,0.636
80100,0.219,0.124,0.657
80200,0.207,0.149,0.645
80300,0.236,0.112,0.653
80400,0.223,0.124,0.653
80500,0.244,0.124,0.632
80600,0.285,0.120,0.595
80700,0.264,0.116,0.620
80800,0.277,0.099,0.624
80900,0.240,0.124,0.636
81000,0.269,0.112,0.620
81100,0.240,0.103,0.657
81200,0.215,0.103,0.682
81300,0.236,0.120,0.645
81400,0.289,0.091,0.620
81500,0.248,0.099,0.653
81600,0.256,0.116,0.628
81700,0.231,0.132,0.636
81800,0.256,0.182,0.562
81900,0.207,0.145,0.649
82000,0.182,0.140,0.678
82100,0.174,0.165,0.661
82200,0.198,0.190,0.612
82300,0.190,0.161,0.649
82400,0.174,0.165,0.661
82500,0.169,0.194,0.636
82600,0.190,0.194,0.616
82700,0.174,0.194,0.632
82800,0.165,0.169,0.665
82900,0.161,0.169,0.669
83000,0.182,0.190,0.628
83100,0.161,0.194,0.645
83200,0.174,0.186,0.640
83300,0.120,0.194,0.686
83400,0.120,0.211,0.669
83500,0.174,0.182,0.645
83600,0.149,0.223,0.628
83700,0.174,0.223,0.603
83800,0.182,0.207,0.612
83900,0.186,0.182,0.632
84000,0.182,0.165,0.653
84100,0.190,0.174,0.636
84200,0.174,0.149,0.678
84300,0.161,0.157,0.682
84400,0.202,0.157,0.640
84500,0.202,0.174,0.624
84600,0.194,0.178,0.628
84700,0.157,0.153,0.690
84800,0.178,0.161,0.661
84900,0.149,0.120,0.731
85000,0.136,0.140,0.723
85100,0.153,0.186,0.661
85200,0.165,0.145,0.690
85300,0.165,0.161,0.674
85400,0.140,0.178,0.682
85500,0.136,0.182,0.682
85600,0.190,0.161,0.649
85700,0.190,0.145,0.665
85800,0.219,0.136,0.645
85900,0.236,0.124,0.640
86000,0.248,0.124,0.628
86100,0.260,0.112,0.628
86200,0.236,0.145,0.620
86300,0.182,0.120,0.698
86400,0.211,0.116,0.674
86500,0.182,0.132,0.686
86600,0.182,0.116,0.702
86700,0.198,0.116,0.686
86800,0.186,0.103,0.711
86900,0.174,0.112,0.715
87000,0.211,0.124,0.665
87100,0.207,0.124,0.669
87200,0.211,0.083,0.707
87300,0.145,0.087,0.769
87400,0.149,0.095,0.756
87500,0.161,0.128,0.711
87600,0.157,0.116,0.727
87700,0.219,0.120,0.661
87800,0.174,0.107,0.719
87900,0.202,0.124,0.674
88000,0.202,0.124,0.674
88100,0.207,0.116,0.678
88200,0.202,0.107,0.690
88300,0.194,0.112,0.694
88400,0.198,0.103,0.698
88500,0.211,0.128,0.661
88600,0.186,0.140,0.674
88700,0.240,0.132,0.628
88800,0.289,0.116,0.595
88900,0.244,0.140,0.616
89000,0.240,0.112,0.649
89100,0.211,0.136,0.653
89200,0.215,0.145,0.640
89300,0.202,0.128,0.669
89400,0.202,0.116,0.682
89500,0.186,0.140,0.674
89600,0.153,0.161,0.686
89700,0.145,0.124,0.731
89800,0.140,0.153,0.707
89900,0.149,0.140,0.711
90000,0.120,0.145,0.736
90100,0.136,0.174,0.690
90200,0.145,0.136,0.719
90300,0.178,0.145,0.678
90400,0.149,0.120,0.731
90500,0.149,0.124,0.727
90600,0.145,0.153,0.702
90700,0.132,0.128,0.740
90800,0.161,0.153,0.686
90900,0.169,0.174,0.657
91000,0.153,0.202,0.645
91100,0.128,0.178,0.694
91200,0.128,0.182,0.690
91300,0.120,0.198,0.682
91400,0.116,0.240,0.645
91500,0.145,0.240,0.616
91600,0.095,0.227,0.678
91700,0.128,0.194,0.678
91800,0.132,0.145,0.723
91900,0.120,0.132,0.748
92000,0.149,0.124,0.727
92100,0.120,0.198,0.682
92200,0.149,0.157,0.694
92300,0.140,0.182,0.678
92400,0.145,0.190,0.665
92500,0.169,0.174,0.657
92600,0.178,0.198,0.624
92700,0.149,0.194,0.657
92800,0.178,0.211,0.612
92900,0.157,0.207,0.636
93000,0.124,0.215,0.661
93100,0.132,0.194,0.674
93200,0.132,0.215,0.653
93300,0.140,0.194,0.665
93400,0.186,0.190,0.624
93500,0.182,0.186,0.632
93600,0.120,0.149,0.731
93700,0.153,0.161,0.686
93800,0.174,0.136,0.690
93900,0.153,0.136,0.711
94000,0.165,0.145,0.690
94100,0.140,0.190,0.669
94200,0.107,0.227,0.665
94300,0.120,0.219,0.661
94400,0.136,0.223,0.640
94500,0.112,0.223,0.665
94600,0.124,0.248,0.628
94700,0.140,0.269,0.591
94800,0.153,0.207,0.640
94900,0.174,0.207,0.620
95000,0.198,0.198,0.603
95100,0.174,0.178,0.649
95200,0.186,0.161,0.653
95300,0.186,0.182,0.632
95400,0.145,0.186,0.669
95500,0.140,0.165,0.694
95600,0.157,0.165,0.678
95700,0.169,0.149,0.682
95800,0.132,0.165,0.702
95900,0.091,0.227,0.682
96000,0.083,0.314,0.603
96100,0.070,0.285,0.645
96200,0.079,0.269,0.653
96300,0.103,0.231,0.665
96400,0.099,0.174,0.727
96500,0.136,0.165,0.698
96600,0.153,0.153,0.694
96700,0.165,0.149,0.686
96800,0.140,0.194,0.665
96900,0.128,0.174,0.698
97000,0.095,0.198,0.707
97100,0.136,0.182,0.682
97200,0.128,0.211,0.661
97300,0.124,0.219,0.657
97400,0.136,0.178,0.686
97500,0.186,0.161,0.653
97600,0.219,0.132,0.649
97700,0.227,0.136,0.636
97800,0.211,0.116,0.674
97900,0.227,0.107,0.665
98000,0.260,0.128,0.612
98100,0.236,0.157,0.607
98200,0.211,0.136,0.653
98300,0.186,0.178,0.636
98400,0.165,0.161,0.674
98500,0.149,0.136,0.715
98600,0.136,0.165,0.698
98700,0.124,0.149,0.727
98800,0.161,0.124,0.715
98900,0.132,0.145,0.723
99000,0.161,0.099,0.740
99100,0.207,0.095,0.698
99200,0.194,0.079,0.727
99300,0.269,0.074,0.657
99400,0.240,0.066,0.694
99500,0.240,0.083,0.678
99600,0.248,0.099,0.653
99700,0.264,0.112,0.624
99800,0.240,0.083,0.678
99900,0.273,0.058,0.669
100000,0.260,0.062,0.678
