time,n_A+p,n_B,n_AB
500,0.010,0.990,0.000
1000,0.010,0.981,0.009
1500,0.010,0.990,0.000
2000,0.010,0.950,0.040
2500,0.010,0.944,0.046
3000,0.010,0.968,0.022
3500,0.010,0.950,0.040
4000,0.010,0.972,0.018
4500,0.010,0.927,0.063
5000,0.010,0.981,0.009
5500,0.010,0.990,0.000
6000,0.010,0.948,0.042
6500,0.010,0.988,0.002
7000,0.010,0.981,0.009
7500,0.010,0.948,0.042
8000,0.010,0.917,0.073
8500,0.010,0.986,0.004
9000,0.010,0.969,0.021
9500,0.010,0.932,0.058
10000,0.010,0.977,0.013
10500,0.010,0.954,0.036
11000,0.010,0.937,0.053
11500,0.010,0.983,0.007
12000,0.010,0.970,0.020
12500,0.010,0.986,0.004
13000,0.010,0.965,0.025
13500,0.010,0.953,0.037
14000,0.010,0.990,0.000
14500,0.010,0.956,0.034
15000,0.010,0.985,0.005
15500,0.010,0.967,0.023
16000,0.010,0.963,0.027
16500,0.010,0.984,0.006
17000,0.010,0.769,0.221
17500,0.010,0.973,0.017
18000,0.010,0.979,0.011
18500,0.010,0.902,0.088
19000,0.010,0.948,0.042
19500,0.010,0.967,0.023
20000,0.010,0.910,0.080
20500,0.010,0.958,0.032
21000,0.010,0.958,0.032
21500,0.010,0.970,0.020
22000,0.010,0.989,0.001
22500,0.010,0.987,0.003
23000,0.010,0.980,0.010
23500,0.010,0.989,0.001
24000,0.010,0.985,0.005
24500,0.010,0.967,0.023
25000,0.010,0.937,0.053
25500,0.010,0.901,0.089
26000,0.010,0.954,0.036
26500,0.010,0.982,0.008
27000,0.010,0.968,0.022
27500,0.010,0.975,0.015
28000,0.010,0.966,0.024
28500,0.010,0.964,0.026
29000,0.010,0.906,0.084
29500,0.010,0.982,0.008
30000,0.010,0.907,0.083
30500,0.010,0.955,0.035
31000,0.010,0.963,0.027
31500,0.010,0.979,0.011
32000,0.010,0.961,0.029
32500,0.010,0.949,0.041
33000,0.010,0.963,0.027
33500,0.010,0.950,0.040
34000,0.010,0.985,0.005
34500,0.010,0.893,0.097
35000,0.010,0.972,0.018
35500,0.010,0.976,0.014
36000,0.010,0.937,0.053
36500,0.010,0.940,0.050
37000,0.010,0.944,0.046
37500,0.010,0.928,0.062
38000,0.010,0.983,0.007
38500,0.010,0.952,0.038
39000,0.010,0.964,0.026
39500,0.010,0.985,0.005
40000,0.010,0.981,0.009
40500,0.010,0.958,0.032
41000,0.010,0.973,0.017
41500,0.010,0.945,0.045
42000,0.010,0.963,0.027
42500,0.010,0.985,0.005
43000,0.010,0.990,0.000
43500,0.010,0.973,0.017
44000,0.010,0.976,0.014
44500,0.010,0.986,0.004
45000,0.010,0.962,0.028
45500,0.010,0.961,0.029
46000,0.010,0.990,0.000
46500,0.010,0.970,0.020
47000,0.010,0.951,0.039
47500,0.010,0.958,0.032
48000,0.010,0.981,0.009
48500,0.010,0.949,0.041
49000,0.010,0.938,0.052
49500,0.010,0.944,0.046
50000,0.010,0.936,0.054
50500,0.010,0.990,0.000
51000,0.010,0.974,0.016
51500,0.010,0.985,0.005
52000,0.010,0.980,0.010
52500,0.010,0.936,0.054
53000,0.010,0.968,0.022
53500,0.010,0.901,0.089
54000,0.010,0.984,0.006
54500,0.010,0.951,0.039
55000,0.010,0.948,0.042
55500,0.010,0.924,0.066
56000,0.010,0.984,0.006
56500,0.010,0.894,0.096
57000,0.010,0.964,0.026
57500,0.010,0.982,0.008
58000,0.010,0.987,0.003
58500,0.010,0.966,0.024
59000,0.010,0.989,0.001
59500,0.010,0.967,0.023
60000,0.010,0.964,0.026
60500,0.010,0.940,0.050
61000,0.010,0.954,0.036
61500,0.010,0.957,0.033
62000,0.010,0.947,0.043
62500,0.010,0.953,0.037
63000,0.010,0.990,0.000
63500,0.010,0.933,0.057
64000,0.010,0.988,0.002
64500,0.010,0.951,0.039
65000,0.010,0.972,0.018
65500,0.010,0.969,0.021
66000,0.010,0.970,0.020
66500,0.010,0.963,0.027
67000,0.010,0.952,0.038
67500,0.010,0.956,0.034
68000,0.010,0.961,0.029
68500,0.010,0.952,0.038
69000,0.010,0.987,0.003
69500,0.010,0.990,0.000
70000,0.010,0.989,0.001
70500,0.010,0.989,0.001
71000,0.010,0.961,0.029
71500,0.010,0.987,0.003
72000,0.010,0.939,0.051
72500,0.010,0.960,0.030
73000,0.010,0.886,0.104
73500,0.010,0.984,0.006
74000,0.010,0.990,0.000
74500,0.010,0.957,0.033
75000,0.010,0.972,0.018
75500,0.010,0.979,0.011
76000,0.010,0.990,0.000
76500,0.010,0.980,0.010
77000,0.010,0.971,0.019
77500,0.010,0.976,0.014
78000,0.010,0.934,0.056
78500,0.010,0.950,0.040
79000,0.010,0.955,0.035
79500,0.010,0.951,0.039
80000,0.010,0.968,0.022
80500,0.010,0.961,0.029
81000,0.010,0.967,0.023
81500,0.010,0.965,0.025
82000,0.010,0.942,0.048
82500,0.010,0.936,0.054
83000,0.010,0.988,0.002
83500,0.010,0.922,0.068
84000,0.010,0.900,0.090
84500,0.010,0.972,0.018
85000,0.010,0.927,0.063
85500,0.010,0.940,0.050
86000,0.010,0.972,0.018
86500,0.010,0.937,0.053
87000,0.010,0.940,0.050
87500,0.010,0.955,0.035
88000,0.010,0.942,0.048
88500,0.010,0.985,0.005
89000,0.010,0.930,0.060
89500,0.010,0.967,0.023
90000,0.010,0.984,0.006
90500,0.010,0.933,0.057
91000,0.010,0.982,0.008
91500,0.010,0.985,0.005
92000,0.010,0.985,0.005
92500,0.010,0.970,0.020
93000,0.010,0.970,0.020
93500,0.010,0.988,0.002
94000,0.010,0.990,0.000
94500,0.010,0.952,0.038
95000,0.010,0.989,0.001
95500,0.010,0.967,0.023
96000,0.010,0.977,0.013
96500,0.010,0.965,0.025
97000,0.010,0.972,0.018
97500,0.010,0.907,0.083
98000,0.010,0.970,0.020
98500,0.010,0.972,0.018
99000,0.010,0.902,0.088
99500,0.010,0.985,0.005
100000,0.010,0.967,0.023
100500,0.010,0.980,0.010
101000,0.010,0.968,0.022
101500,0.010,0.990,0.000
102000,0.010,0.973,0.017
102500,0.010,0.843,0.147
103000,0.010,0.943,0.047
103500,0.010,0.975,0.015
104000,0.010,0.988,0.002
104500,0.010,0.980,0.010
105000,0.010,0.915,0.075
105500,0.010,0.974,0.016
106000,0.010,0.982,0.008
106500,0.010,0.944,0.046
107000,0.010,0.963,0.027
107500,0.010,0.982,0.008
108000,0.010,0.957,0.033
108500,0.010,0.937,0.053
109000,0.010,0.990,0.000
109500,0.010,0.982,0.008
110000,0.010,0.935,0.055
110500,0.010,0.959,0.031
111000,0.010,0.990,0.000
111500,0.010,0.988,0.002
112000,0.010,0.978,0.012
112500,0.010,0.953,0.037
113000,0.010,0.977,0.013
113500,0.010,0.921,0.069
114000,0.010,0.964,0.026
114500,0.010,0.990,0.000
115000,0.010,0.983,0.007
115500,0.010,0.989,0.001
116000,0.010,0.921,0.069
116500,0.010,0.979,0.011
117000,0.010,0.898,0.092
117500,0.010,0.985,0.005
118000,0.010,0.977,0.013
118500,0.010,0.891,0.099
119000,0.010,0.966,0.024
119500,0.010,0.980,0.010
120000,0.010,0.951,0.039
120500,0.010,0.968,0.022
121000,0.010,0.980,0.010
121500,0.010,0.990,0.000
122000,0.010,0.973,0.017
122500,0.010,0.907,0.083
123000,0.010,0.973,0.017
123500,0.010,0.963,0.027
124000,0.010,0.978,0.012
124500,0.010,0.938,0.052
125000,0.010,0.874,0.116
125500,0.010,0.970,0.020
126000,0.010,0.989,0.001
126500,0.010,0.929,0.061
127000,0.010,0.918,0.072
127500,0.010,0.973,0.017
128000,0.010,0.804,0.186
128500,0.010,0.906,0.084
129000,0.010,0.981,0.009
129500,0.010,0.983,0.007
130000,0.010,0.973,0.017
130500,0.010,0.946,0.044
131000,0.010,0.990,0.000
131500,0.010,0.971,0.019
132000,0.010,0.894,0.096
132500,0.010,0.977,0.013
133000,0.010,0.943,0.047
133500,0.010,0.989,0.001
134000,0.010,0.888,0.102
134500,0.010,0.950,0.040
135000,0.010,0.944,0.046
135500,0.010,0.965,0.025
136000,0.010,0.957,0.033
136500,0.010,0.950,0.040
137000,0.010,0.983,0.007
137500,0.010,0.982,0.008
138000,0.010,0.971,0.019
138500,0.010,0.929,0.061
139000,0.010,0.966,0.024
139500,0.010,0.973,0.017
140000,0.010,0.965,0.025
140500,0.010,0.949,0.041
141000,0.010,0.906,0.084
141500,0.010,0.969,0.021
142000,0.010,0.927,0.063
142500,0.010,0.972,0.018
143000,0.010,0.965,0.025
143500,0.010,0.989,0.001
144000,0.010,0.987,0.003
144500,0.010,0.929,0.061
145000,0.010,0.898,0.092
145500,0.010,0.927,0.063
146000,0.010,0.988,0.002
146500,0.010,0.982,0.008
147000,0.010,0.960,0.030
147500,0.010,0.895,0.095
148000,0.010,0.988,0.002
148500,0.010,0.900,0.090
149000,0.010,0.984,0.006
149500,0.010,0.973,0.017
150000,0.010,0.923,0.067
150500,0.010,0.973,0.017
151000,0.010,0.965,0.025
151500,0.010,0.944,0.046
152000,0.010,0.950,0.040
152500,0.010,0.946,0.044
153000,0.010,0.970,0.020
153500,0.010,0.937,0.053
154000,0.010,0.950,0.040
154500,0.010,0.982,0.008
155000,0.010,0.899,0.091
155500,0.010,0.983,0.007
156000,0.010,0.972,0.018
156500,0.010,0.972,0.018
157000,0.010,0.971,0.019
157500,0.010,0.975,0.015
158000,0.010,0.954,0.036
158500,0.010,0.958,0.032
159000,0.010,0.978,0.012
159500,0.010,0.961,0.029
160000,0.010,0.973,0.017
160500,0.010,0.940,0.050
161000,0.010,0.961,0.029
161500,0.010,0.962,0.028
162000,0.010,0.965,0.025
162500,0.010,0.979,0.011
163000,0.010,0.975,0.015
163500,0.010,0.989,0.001
164000,0.010,0.986,0.004
164500,0.010,0.978,0.012
165000,0.010,0.990,0.000
165500,0.010,0.987,0.003
166000,0.010,0.949,0.041
166500,0.010,0.990,0.000
167000,0.010,0.888,0.102
167500,0.010,0.876,0.114
168000,0.010,0.927,0.063
168500,0.010,0.986,0.004
169000,0.010,0.970,0.020
169500,0.010,0.954,0.036
170000,0.010,0.986,0.004
170500,0.010,0.934,0.056
171000,0.010,0.984,0.006
171500,0.010,0.925,0.065
172000,0.010,0.961,0.029
172500,0.010,0.897,0.093
173000,0.010,0.866,0.124
173500,0.010,0.958,0.032
174000,0.010,0.968,0.022
174500,0.010,0.974,0.016
175000,0.010,0.925,0.065
175500,0.010,0.956,0.034
176000,0.010,0.983,0.007
176500,0.010,0.990,0.000
177000,0.010,0.974,0.016
177500,0.010,0.972,0.018
178000,0.010,0.977,0.013
178500,0.010,0.966,0.024
179000,0.010,0.942,0.048
179500,0.010,0.957,0.033
180000,0.010,0.873,0.117
180500,0.010,0.985,0.005
181000,0.010,0.954,0.036
181500,0.010,0.900,0.090
182000,0.010,0.975,0.015
182500,0.010,0.939,0.051
183000,0.010,0.919,0.071
183500,0.010,0.903,0.087
184000,0.010,0.924,0.066
184500,0.010,0.976,0.014
185000,0.010,0.944,0.046
185500,0.010,0.913,0.077
186000,0.010,0.924,0.066
186500,0.010,0.967,0.023
187000,0.010,0.910,0.080
187500,0.010,0.987,0.003
188000,0.010,0.982,0.008
188500,0.010,0.969,0.021
189000,0.010,0.873,0.117
189500,0.010,0.921,0.069
190000,0.010,0.933,0.057
190500,0.010,0.970,0.020
191000,0.010,0.968,0.022
191500,0.010,0.990,0.000
192000,0.010,0.967,0.023
192500,0.010,0.911,0.079
193000,0.010,0.990,0.000
193500,0.010,0.982,0.008
194000,0.010,0.987,0.003
194500,0.010,0.919,0.071
195000,0.010,0.961,0.029
195500,0.010,0.875,0.115
196000,0.010,0.979,0.011
196500,0.010,0.931,0.059
197000,0.010,0.986,0.004
197500,0.010,0.974,0.016
198000,0.010,0.859,0.131
198500,0.010,0.979,0.011
199000,0.010,0.937,0.053
199500,0.010,0.969,0.021
200000,0.010,0.990,0.000
200500,0.010,0.900,0.090
201000,0.010,0.960,0.030
201500,0.010,0.952,0.038
202000,0.010,0.872,0.118
202500,0.010,0.980,0.010
203000,0.010,0.974,0.016
203500,0.010,0.915,0.075
204000,0.010,0.966,0.024
204500,0.010,0.966,0.024
205000,0.010,0.840,0.150
205500,0.010,0.977,0.013
206000,0.010,0.984,0.006
206500,0.010,0.990,0.000
207000,0.010,0.956,0.034
207500,0.010,0.969,0.021
208000,0.010,0.963,0.027
208500,0.010,0.934,0.056
209000,0.010,0.926,0.064
209500,0.010,0.916,0.074
210000,0.010,0.924,0.066
210500,0.010,0.927,0.063
211000,0.010,0.963,0.027
211500,0.010,0.964,0.026
212000,0.010,0.975,0.015
212500,0.010,0.975,0.015
213000,0.010,0.976,0.014
213500,0.010,0.912,0.078
214000,0.010,0.969,0.021
214500,0.010,0.943,0.047
215000,0.010,0.944,0.046
215500,0.010,0.949,0.041
216000,0.010,0.891,0.099
216500,0.010,0.950,0.040
217000,0.010,0.971,0.019
217500,0.010,0.944,0.046
218000,0.010,0.984,0.006
218500,0.010,0.926,0.064
219000,0.010,0.955,0.035
219500,0.010,0.954,0.036
220000,0.010,0.973,0.017
220500,0.010,0.982,0.008
221000,0.010,0.904,0.086
221500,0.010,0.895,0.095
222000,0.010,0.864,0.126
222500,0.010,0.942,0.048
223000,0.010,0.970,0.020
223500,0.010,0.954,0.036
224000,0.010,0.990,0.000
224500,0.010,0.902,0.088
225000,0.010,0.942,0.048
225500,0.010,0.990,0.000
226000,0.010,0.990,0.000
226500,0.010,0.986,0.004
227000,0.010,0.945,0.045
227500,0.010,0.946,0.044
228000,0.010,0.990,0.000
228500,0.010,0.976,0.014
229000,0.010,0.983,0.007
229500,0.010,0.955,0.035
230000,0.010,0.929,0.061
230500,0.010,0.970,0.020
231000,0.010,0.896,0.094
231500,0.010,0.976,0.014
232000,0.010,0.907,0.083
232500,0.010,0.980,0.010
233000,0.010,0.911,0.079
233500,0.010,0.889,0.101
234000,0.010,0.926,0.064
234500,0.010,0.975,0.015
235000,0.010,0.970,0.020
235500,0.010,0.928,0.062
236000,0.010,0.989,0.001
236500,0.010,0.983,0.007
237000,0.010,0.982,0.008
237500,0.010,0.941,0.049
238000,0.010,0.858,0.132
238500,0.010,0.978,0.012
239000,0.010,0.971,0.019
239500,0.010,0.989,0.001
240000,0.010,0.951,0.039
240500,0.010,0.963,0.027
241000,0.010,0.837,0.153
241500,0.010,0.988,0.002
242000,0.010,0.943,0.047
242500,0.010,0.955,0.035
243000,0.010,0.917,0.073
243500,0.010,0.924,0.066
244000,0.010,0.959,0.031
244500,0.010,0.982,0.008
245000,0.010,0.969,0.021
245500,0.010,0.987,0.003
246000,0.010,0.978,0.012
246500,0.010,0.989,0.001
247000,0.010,0.988,0.002
247500,0.010,0.969,0.021
248000,0.010,0.881,0.109
248500,0.010,0.935,0.055
249000,0.010,0.972,0.018
249500,0.010,0.951,0.039
250000,0.010,0.976,0.014
250500,0.010,0.943,0.047
251000,0.010,0.986,0.004
251500,0.010,0.985,0.005
252000,0.010,0.977,0.013
252500,0.010,0.990,0.000
253000,0.010,0.986,0.004
253500,0.010,0.989,0.001
254000,0.010,0.966,0.024
254500,0.010,0.990,0.000
255000,0.010,0.961,0.029
255500,0.010,0.954,0.036
256000,0.010,0.988,0.002
256500,0.010,0.937,0.053
257000,0.010,0.965,0.025
257500,0.010,0.933,0.057
258000,0.010,0.960,0.030
258500,0.010,0.988,0.002
259000,0.010,0.983,0.007
259500,0.010,0.990,0.000
260000,0.010,0.935,0.055
260500,0.010,0.960,0.030
261000,0.010,0.902,0.088
261500,0.010,0.940,0.050
262000,0.010,0.863,0.127
262500,0.010,0.897,0.093
263000,0.010,0.975,0.015
263500,0.010,0.973,0.017
264000,0.010,0.955,0.035
264500,0.010,0.894,0.096
265000,0.010,0.990,0.000
265500,0.010,0.949,0.041
266000,0.010,0.986,0.004
266500,0.010,0.989,0.001
267000,0.010,0.983,0.007
267500,0.010,0.938,0.052
268000,0.010,0.861,0.129
268500,0.010,0.973,0.017
269000,0.010,0.962,0.028
269500,0.010,0.988,0.002
270000,0.010,0.968,0.022
270500,0.010,0.921,0.069
271000,0.010,0.955,0.035
271500,0.010,0.965,0.025
272000,0.010,0.969,0.021
272500,0.010,0.981,0.009
273000,0.010,0.928,0.062
273500,0.010,0.981,0.009
274000,0.010,0.955,0.035
274500,0.010,0.985,0.005
275000,0.010,0.969,0.021
275500,0.010,0.989,0.001
276000,0.010,0.975,0.015
276500,0.010,0.935,0.055
277000,0.010,0.915,0.075
277500,0.010,0.990,0.000
278000,0.010,0.942,0.048
278500,0.010,0.911,0.079
279000,0.010,0.979,0.011
279500,0.010,0.987,0.003
280000,0.010,0.925,0.065
280500,0.010,0.919,0.071
281000,0.010,0.986,0.004
281500,0.010,0.928,0.062
282000,0.010,0.929,0.061
282500,0.010,0.875,0.115
283000,0.010,0.949,0.041
283500,0.010,0.979,0.011
284000,0.010,0.972,0.018
284500,0.010,0.977,0.013
285000,0.010,0.979,0.011
285500,0.010,0.930,0.060
286000,0.010,0.985,0.005
286500,0.010,0.961,0.029
287000,0.010,0.945,0.045
287500,0.010,0.981,0.009
288000,0.010,0.951,0.039
288500,0.010,0.935,0.055
289000,0.010,0.955,0.035
289500,0.010,0.973,0.017
290000,0.010,0.984,0.006
290500,0.010,0.975,0.015
291000,0.010,0.989,0.001
291500,0.010,0.921,0.069
292000,0.010,0.986,0.004
292500,0.010,0.866,0.124
293000,0.010,0.950,0.040
293500,0.010,0.990,0.000
294000,0.010,0.967,0.023
294500,0.010,0.969,0.021
295000,0.010,0.975,0.015
295500,0.010,0.974,0.016
296000,0.010,0.973,0.017
296500,0.010,0.984,0.006
297000,0.010,0.986,0.004
297500,0.010,0.963,0.027
298000,0.010,0.966,0.024
298500,0.010,0.984,0.006
299000,0.010,0.928,0.062
299500,0.010,0.966,0.024
300000,0.010,0.945,0.045
300500,0.010,0.990,0.000
301000,0.010,0.919,0.071
301500,0.010,0.941,0.049
302000,0.010,0.975,0.015
302500,0.010,0.949,0.041
303000,0.010,0.970,0.020
303500,0.010,0.866,0.124
304000,0.010,0.961,0.029
304500,0.010,0.984,0.006
305000,0.010,0.978,0.012
305500,0.010,0.957,0.033
306000,0.010,0.978,0.012
306500,0.010,0.977,0.013
307000,0.010,0.972,0.018
307500,0.010,0.985,0.005
308000,0.010,0.896,0.094
308500,0.010,0.952,0.038
309000,0.010,0.922,0.068
309500,0.010,0.974,0.016
310000,0.010,0.947,0.043
310500,0.010,0.881,0.109
311000,0.010,0.979,0.011
311500,0.010,0.977,0.013
312000,0.010,0.988,0.002
312500,0.010,0.933,0.057
313000,0.010,0.990,0.000
313500,0.010,0.987,0.003
314000,0.010,0.970,0.020
314500,0.010,0.990,0.000
315000,0.010,0.921,0.069
315500,0.010,0.985,0.005
316000,0.010,0.957,0.033
316500,0.010,0.897,0.093
317000,0.010,0.930,0.060
317500,0.010,0.956,0.034
318000,0.010,0.865,0.125
318500,0.010,0.989,0.001
319000,0.010,0.989,0.001
319500,0.010,0.972,0.018
320000,0.010,0.918,0.072
320500,0.010,0.918,0.072
321000,0.010,0.974,0.016
321500,0.010,0.934,0.056
322000,0.010,0.968,0.022
322500,0.010,0.888,0.102
323000,0.010,0.933,0.057
323500,0.010,0.961,0.029
324000,0.010,0.842,0.148
324500,0.010,0.985,0.005
325000,0.010,0.986,0.004
325500,0.010,0.963,0.027
326000,0.010,0.935,0.055
326500,0.010,0.862,0.128
327000,0.010,0.985,0.005
327500,0.010,0.956,0.034
328000,0.010,0.988,0.002
328500,0.010,0.929,0.061
329000,0.010,0.935,0.055
329500,0.010,0.990,0.000
330000,0.010,0.943,0.047
330500,0.010,0.869,0.121
331000,0.010,0.897,0.093
331500,0.010,0.989,0.001
332000,0.010,0.990,0.000
332500,0.010,0.973,0.017
333000,0.010,0.959,0.031
333500,0.010,0.846,0.144
334000,0.010,0.968,0.022
334500,0.010,0.947,0.043
335000,0.010,0.978,0.012
335500,0.010,0.944,0.046
336000,0.010,0.958,0.032
336500,0.010,0.950,0.040
337000,0.010,0.941,0.049
337500,0.010,0.990,0.000
338000,0.010,0.968,0.022
338500,0.010,0.977,0.013
339000,0.010,0.988,0.002
339500,0.010,0.990,0.000
340000,0.010,0.974,0.016
340500,0.010,0.977,0.013
341000,0.010,0.987,0.003
341500,0.010,0.983,0.007
342000,0.010,0.843,0.147
342500,0.010,0.964,0.026
343000,0.010,0.989,0.001
343500,0.010,0.893,0.097
344000,0.010,0.963,0.027
344500,0.010,0.966,0.024
345000,0.010,0.966,0.024
345500,0.010,0.924,0.066
346000,0.010,0.988,0.002
346500,0.010,0.958,0.032
347000,0.010,0.970,0.020
347500,0.010,0.969,0.021
348000,0.010,0.987,0.003
348500,0.010,0.967,0.023
349000,0.010,0.958,0.032
349500,0.010,0.973,0.017
350000,0.010,0.979,0.011
350500,0.010,0.964,0.026
351000,0.010,0.973,0.017
351500,0.010,0.990,0.000
352000,0.010,0.950,0.040
352500,0.010,0.976,0.014
353000,0.010,0.960,0.030
353500,0.010,0.984,0.006
354000,0.010,0.958,0.032
354500,0.010,0.987,0.003
355000,0.010,0.986,0.004
355500,0.010,0.990,0.000
356000,0.010,0.986,0.004
356500,0.010,0.929,0.061
357000,0.010,0.970,0.020
357500,0.010,0.962,0.028
358000,0.010,0.990,0.000
358500,0.010,0.899,0.091
359000,0.010,0.948,0.042
359500,0.010,0.990,0.000
360000,0.010,0.924,0.066
360500,0.010,0.984,0.006
361000,0.010,0.893,0.097
361500,0.010,0.986,0.004
362000,0.010,0.957,0.033
362500,0.010,0.988,0.002
363000,0.010,0.935,0.055
363500,0.010,0.963,0.027
364000,0.010,0.936,0.054
364500,0.010,0.971,0.019
365000,0.010,0.932,0.058
365500,0.010,0.971,0.019
366000,0.010,0.961,0.029
366500,0.010,0.976,0.014
367000,0.010,0.989,0.001
367500,0.010,0.952,0.038
368000,0.010,0.945,0.045
368500,0.010,0.968,0.022
369000,0.010,0.945,0.045
369500,0.010,0.896,0.094
370000,0.010,0.941,0.049
370500,0.010,0.918,0.072
371000,0.010,0.976,0.014
371500,0.010,0.975,0.015
372000,0.010,0.977,0.013
372500,0.010,0.989,0.001
373000,0.010,0.949,0.041
373500,0.010,0.982,0.008
374000,0.010,0.970,0.020
374500,0.010,0.927,0.063
375000,0.010,0.930,0.060
375500,0.010,0.948,0.042
376000,0.010,0.944,0.046
376500,0.010,0.960,0.030
377000,0.010,0.952,0.038
377500,0.010,0.925,0.065
378000,0.010,0.965,0.025
378500,0.010,0.989,0.001
379000,0.010,0.957,0.033
379500,0.010,0.989,0.001
380000,0.010,0.902,0.088
380500,0.010,0.974,0.016
381000,0.010,0.937,0.053
381500,0.010,0.985,0.005
382000,0.010,0.987,0.003
382500,0.010,0.983,0.007
383000,0.010,0.880,0.110
383500,0.010,0.955,0.035
384000,0.010,0.974,0.016
384500,0.010,0.957,0.033
385000,0.010,0.946,0.044
385500,0.010,0.989,0.001
386000,0.010,0.940,0.050
386500,0.010,0.987,0.003
387000,0.010,0.970,0.020
387500,0.010,0.949,0.041
388000,0.010,0.943,0.047
388500,0.010,0.987,0.003
389000,0.010,0.929,0.061
389500,0.010,0.983,0.007
390000,0.010,0.962,0.028
390500,0.010,0.937,0.053
391000,0.010,0.984,0.006
391500,0.010,0.972,0.018
392000,0.010,0.973,0.017
392500,0.010,0.950,0.040
393000,0.010,0.935,0.055
393500,0.010,0.942,0.048
394000,0.010,0.940,0.050
394500,0.010,0.953,0.037
395000,0.010,0.955,0.035
395500,0.010,0.989,0.001
396000,0.010,0.932,0.058
396500,0.010,0.975,0.015
397000,0.010,0.893,0.097
397500,0.010,0.944,0.046
398000,0.010,0.981,0.009
398500,0.010,0.989,0.001
399000,0.010,0.966,0.024
399500,0.010,0.869,0.121
400000,0.010,0.956,0.034
400500,0.010,0.962,0.028
401000,0.010,0.842,0.148
401500,0.010,0.920,0.070
402000,0.010,0.971,0.019
402500,0.010,0.975,0.015
403000,0.010,0.990,0.000
403500,0.010,0.961,0.029
404000,0.010,0.987,0.003
404500,0.010,0.983,0.007
405000,0.010,0.985,0.005
405500,0.010,0.988,0.002
406000,0.010,0.964,0.026
406500,0.010,0.954,0.036
407000,0.010,0.923,0.067
407500,0.010,0.922,0.068
408000,0.010,0.978,0.012
408500,0.010,0.952,0.038
409000,0.010,0.971,0.019
409500,0.010,0.943,0.047
410000,0.010,0.970,0.020
410500,0.010,0.947,0.043
411000,0.010,0.945,0.045
411500,0.010,0.934,0.056
412000,0.010,0.990,0.000
412500,0.010,0.990,0.000
413000,0.010,0.963,0.027
413500,0.010,0.939,0.051
414000,0.010,0.965,0.025
414500,0.010,0.948,0.042
415000,0.010,0.990,0.000
415500,0.010,0.956,0.034
416000,0.010,0.976,0.014
416500,0.010,0.987,0.003
417000,0.010,0.950,0.040
417500,0.010,0.971,0.019
418000,0.010,0.988,0.002
418500,0.010,0.972,0.018
419000,0.010,0.974,0.016
419500,0.010,0.975,0.015
420000,0.010,0.983,0.007
420500,0.010,0.989,0.001
421000,0.010,0.971,0.019
421500,0.010,0.964,0.026
422000,0.010,0.923,0.067
422500,0.010,0.935,0.055
423000,0.010,0.985,0.005
423500,0.010,0.965,0.025
424000,0.010,0.934,0.056
424500,0.010,0.955,0.035
425000,0.010,0.976,0.014
425500,0.010,0.982,0.008
426000,0.010,0.990,0.000
426500,0.010,0.981,0.009
427000,0.010,0.975,0.015
427500,0.010,0.989,0.001
428000,0.010,0.990,0.000
428500,0.010,0.942,0.048
429000,0.010,0.971,0.019
429500,0.010,0.950,0.040
430000,0.010,0.884,0.106
430500,0.010,0.987,0.003
431000,0.010,0.979,0.011
431500,0.010,0.934,0.056
432000,0.010,0.955,0.035
432500,0.010,0.989,0.001
433000,0.010,0.849,0.141
433500,0.010,0.971,0.019
434000,0.010,0.892,0.098
434500,0.010,0.952,0.038
435000,0.010,0.969,0.021
435500,0.010,0.969,0.021
436000,0.010,0.969,0.021
436500,0.010,0.968,0.022
437000,0.010,0.908,0.082
437500,0.010,0.939,0.051
438000,0.010,0.956,0.034
438500,0.010,0.944,0.046
439000,0.010,0.970,0.020
439500,0.010,0.940,0.050
440000,0.010,0.954,0.036
440500,0.010,0.971,0.019
441000,0.010,0.887,0.103
441500,0.010,0.987,0.003
442000,0.010,0.928,0.062
442500,0.010,0.962,0.028
443000,0.010,0.948,0.042
443500,0.010,0.972,0.018
444000,0.010,0.990,0.000
444500,0.010,0.912,0.078
445000,0.010,0.967,0.023
445500,0.010,0.988,0.002
446000,0.010,0.929,0.061
446500,0.010,0.977,0.013
447000,0.010,0.960,0.030
447500,0.010,0.972,0.018
448000,0.010,0.966,0.024
448500,0.010,0.943,0.047
449000,0.010,0.962,0.028
449500,0.010,0.866,0.124
450000,0.010,0.974,0.016
450500,0.010,0.979,0.011
451000,0.010,0.925,0.065
451500,0.010,0.968,0.022
452000,0.010,0.917,0.073
452500,0.010,0.983,0.007
453000,0.010,0.977,0.013
453500,0.010,0.899,0.091
454000,0.010,0.989,0.001
454500,0.010,0.987,0.003
455000,0.010,0.960,0.030
455500,0.010,0.947,0.043
456000,0.010,0.981,0.009
456500,0.010,0.975,0.015
457000,0.010,0.947,0.043
457500,0.010,0.954,0.036
458000,0.010,0.986,0.004
458500,0.010,0.914,0.076
459000,0.010,0.925,0.065
459500,0.010,0.985,0.005
460000,0.010,0.876,0.114
460500,0.010,0.979,0.011
461000,0.010,0.977,0.013
461500,0.010,0.938,0.052
462000,0.010,0.952,0.038
462500,0.010,0.965,0.025
463000,0.010,0.990,0.000
463500,0.010,0.990,0.000
464000,0.010,0.953,0.037
464500,0.010,0.986,0.004
465000,0.010,0.952,0.038
465500,0.010,0.964,0.026
466000,0.010,0.908,0.082
466500,0.010,0.937,0.053
467000,0.010,0.976,0.014
467500,0.010,0.947,0.043
468000,0.010,0.989,0.001
468500,0.010,0.976,0.014
469000,0.010,0.986,0.004
469500,0.010,0.990,0.000
470000,0.010,0.987,0.003
470500,0.010,0.905,0.085
471000,0.010,0.989,0.001
471500,0.010,0.919,0.071
472000,0.010,0.989,0.001
472500,0.010,0.982,0.008
473000,0.010,0.923,0.067
473500,0.010,0.974,0.016
474000,0.010,0.939,0.051
474500,0.010,0.943,0.047
475000,0.010,0.883,0.107
475500,0.010,0.949,0.041
476000,0.010,0.986,0.004
476500,0.010,0.973,0.017
477000,0.010,0.965,0.025
477500,0.010,0.931,0.059
478000,0.010,0.947,0.043
478500,0.010,0.967,0.023
479000,0.010,0.986,0.004
479500,0.010,0.988,0.002
480000,0.010,0.989,0.001
480500,0.010,0.915,0.075
481000,0.010,0.989,0.001
481500,0.010,0.964,0.026
482000,0.010,0.983,0.007
482500,0.010,0.973,0.017
483000,0.010,0.934,0.056
483500,0.010,0.913,0.077
484000,0.010,0.931,0.059
484500,0.010,0.913,0.077
485000,0.010,0.976,0.014
485500,0.010,0.977,0.013
486000,0.010,0.963,0.027
486500,0.010,0.948,0.042
487000,0.010,0.903,0.087
487500,0.010,0.951,0.039
488000,0.010,0.970,0.020
488500,0.010,0.972,0.018
489000,0.010,0.850,0.140
489500,0.010,0.989,0.001
490000,0.010,0.989,0.001
490500,0.010,0.959,0.031
491000,0.010,0.969,0.021
491500,0.010,0.888,0.102
492000,0.010,0.878,0.112
492500,0.010,0.923,0.067
493000,0.010,0.921,0.069
493500,0.010,0.982,0.008
494000,0.010,0.943,0.047
494500,0.010,0.935,0.055
495000,0.010,0.969,0.021
495500,0.010,0.962,0.028
496000,0.010,0.935,0.055
496500,0.010,0.988,0.002
497000,0.010,0.985,0.005
497500,0.010,0.865,0.125
498000,0.010,0.916,0.074
498500,0.010,0.989,0.001
499000,0.010,0.933,0.057
499500,0.010,0.978,0.012
500000,0.010,0.945,0.045
500500,0.010,0.966,0.024
501000,0.010,0.986,0.004
501500,0.010,0.971,0.019
502000,0.010,0.979,0.011
502500,0.010,0.967,0.023
503000,0.010,0.856,0.134
503500,0.010,0.989,0.001
504000,0.010,0.989,0.001
504500,0.010,0.977,0.013
505000,0.010,0.980,0.010
505500,0.010,0.928,0.062
506000,0.010,0.973,0.017
506500,0.010,0.968,0.022
507000,0.010,0.897,0.093
507500,0.010,0.940,0.050
508000,0.010,0.924,0.066
508500,0.010,0.973,0.017
509000,0.010,0.983,0.007
509500,0.010,0.990,0.000
510000,0.010,0.938,0.052
510500,0.010,0.989,0.001
511000,0.010,0.969,0.021
511500,0.010,0.973,0.017
512000,0.010,0.919,0.071
512500,0.010,0.982,0.008
513000,0.010,0.913,0.077
513500,0.010,0.973,0.017
514000,0.010,0.912,0.078
514500,0.010,0.961,0.029
515000,0.010,0.841,0.149
515500,0.010,0.939,0.051
516000,0.010,0.872,0.118
516500,0.010,0.915,0.075
517000,0.010,0.975,0.015
517500,0.010,0.845,0.145
518000,0.010,0.989,0.001
518500,0.010,0.918,0.072
519000,0.010,0.951,0.039
519500,0.010,0.947,0.043
520000,0.010,0.989,0.001
520500,0.010,0.937,0.053
521000,0.010,0.983,0.007
521500,0.010,0.980,0.010
522000,0.010,0.985,0.005
522500,0.010,0.983,0.007
523000,0.010,0.983,0.007
523500,0.010,0.935,0.055
524000,0.010,0.931,0.059
524500,0.010,0.988,0.002
525000,0.010,0.904,0.086
525500,0.010,0.976,0.014
526000,0.010,0.894,0.096
526500,0.010,0.983,0.007
527000,0.010,0.969,0.021
527500,0.010,0.962,0.028
528000,0.010,0.910,0.080
528500,0.010,0.943,0.047
529000,0.010,0.957,0.033
529500,0.010,0.965,0.025
530000,0.010,0.960,0.030
530500,0.010,0.983,0.007
531000,0.010,0.949,0.041
531500,0.010,0.953,0.037
532000,0.010,0.939,0.051
532500,0.010,0.956,0.034
533000,0.010,0.903,0.087
533500,0.010,0.990,0.000
534000,0.010,0.949,0.041
534500,0.010,0.984,0.006
535000,0.010,0.951,0.039
535500,0.010,0.944,0.046
536000,0.010,0.979,0.011
536500,0.010,0.919,0.071
537000,0.010,0.990,0.000
537500,0.010,0.905,0.085
538000,0.010,0.937,0.053
538500,0.010,0.983,0.007
539000,0.010,0.905,0.085
539500,0.010,0.981,0.009
540000,0.010,0.990,0.000
540500,0.010,0.943,0.047
541000,0.010,0.953,0.037
541500,0.010,0.981,0.009
542000,0.010,0.976,0.014
542500,0.010,0.926,0.064
543000,0.010,0.972,0.018
543500,0.010,0.970,0.020
544000,0.010,0.969,0.021
544500,0.010,0.906,0.084
545000,0.010,0.963,0.027
545500,0.010,0.934,0.056
546000,0.010,0.955,0.035
546500,0.010,0.981,0.009
547000,0.010,0.946,0.044
547500,0.010,0.987,0.003
548000,0.010,0.988,0.002
548500,0.010,0.837,0.153
549000,0.010,0.981,0.009
549500,0.010,0.972,0.018
550000,0.010,0.990,0.000
550500,0.010,0.979,0.011
551000,0.010,0.952,0.038
551500,0.010,0.951,0.039
552000,0.010,0.918,0.072
552500,0.010,0.879,0.111
553000,0.010,0.984,0.006
553500,0.010,0.976,0.014
554000,0.010,0.944,0.046
554500,0.010,0.982,0.008
555000,0.010,0.975,0.015
555500,0.010,0.906,0.084
556000,0.010,0.896,0.094
556500,0.010,0.968,0.022
557000,0.010,0.900,0.090
557500,0.010,0.949,0.041
558000,0.010,0.938,0.052
558500,0.010,0.978,0.012
559000,0.010,0.972,0.018
559500,0.010,0.980,0.010
560000,0.010,0.961,0.029
560500,0.010,0.945,0.045
561000,0.010,0.924,0.066
561500,0.010,0.956,0.034
562000,0.010,0.988,0.002
562500,0.010,0.990,0.000
563000,0.010,0.966,0.024
563500,0.010,0.969,0.021
564000,0.010,0.959,0.031
564500,0.010,0.939,0.051
565000,0.010,0.989,0.001
565500,0.010,0.964,0.026
566000,0.010,0.959,0.031
566500,0.010,0.967,0.023
567000,0.010,0.970,0.020
567500,0.010,0.989,0.001
568000,0.010,0.990,0.000
568500,0.010,0.985,0.005
569000,0.010,0.951,0.039
569500,0.010,0.938,0.052
570000,0.010,0.984,0.006
570500,0.010,0.982,0.008
571000,0.010,0.962,0.028
571500,0.010,0.989,0.001
572000,0.010,0.961,0.029
572500,0.010,0.968,0.022
573000,0.010,0.900,0.090
573500,0.010,0.952,0.038
574000,0.010,0.983,0.007
574500,0.010,0.929,0.061
575000,0.010,0.914,0.076
575500,0.010,0.990,0.000
576000,0.010,0.949,0.041
576500,0.010,0.938,0.052
577000,0.010,0.956,0.034
577500,0.010,0.921,0.069
578000,0.010,0.973,0.017
578500,0.010,0.990,0.000
579000,0.010,0.971,0.019
579500,0.010,0.956,0.034
580000,0.010,0.987,0.003
580500,0.010,0.967,0.023
581000,0.010,0.990,0.000
581500,0.010,0.990,0.000
582000,0.010,0.987,0.003
582500,0.010,0.962,0.028
583000,0.010,0.960,0.030
583500,0.010,0.932,0.058
584000,0.010,0.939,0.051
584500,0.010,0.893,0.097
585000,0.010,0.972,0.018
585500,0.010,0.957,0.033
586000,0.010,0.967,0.023
586500,0.010,0.973,0.017
587000,0.010,0.956,0.034
587500,0.010,0.990,0.000
588000,0.010,0.923,0.067
588500,0.010,0.985,0.005
589000,0.010,0.949,0.041
589500,0.010,0.918,0.072
590000,0.010,0.954,0.036
590500,0.010,0.965,0.025
591000,0.010,0.976,0.014
591500,0.010,0.988,0.002
592000,0.010,0.990,0.000
592500,0.010,0.940,0.050
593000,0.010,0.920,0.070
593500,0.010,0.964,0.026
594000,0.010,0.928,0.062
594500,0.010,0.969,0.021
595000,0.010,0.942,0.048
595500,0.010,0.926,0.064
596000,0.010,0.948,0.042
596500,0.010,0.915,0.075
597000,0.010,0.960,0.030
597500,0.010,0.987,0.003
598000,0.010,0.937,0.053
598500,0.010,0.957,0.033
599000,0.010,0.921,0.069
599500,0.010,0.957,0.033
600000,0.010,0.989,0.001
600500,0.010,0.906,0.084
601000,0.010,0.933,0.057
601500,0.010,0.976,0.014
602000,0.010,0.943,0.047
602500,0.010,0.973,0.017
603000,0.010,0.988,0.002
603500,0.010,0.948,0.042
604000,0.010,0.851,0.139
604500,0.010,0.980,0.010
605000,0.010,0.980,0.010
605500,0.010,0.982,0.008
606000,0.010,0.945,0.045
606500,0.010,0.940,0.050
607000,0.010,0.949,0.041
607500,0.010,0.985,0.005
608000,0.010,0.900,0.090
608500,0.010,0.990,0.000
609000,0.010,0.914,0.076
609500,0.010,0.953,0.037
610000,0.010,0.989,0.001
610500,0.010,0.932,0.058
611000,0.010,0.928,0.062
611500,0.010,0.980,0.010
612000,0.010,0.882,0.108
612500,0.010,0.982,0.008
613000,0.010,0.850,0.140
613500,0.010,0.883,0.107
614000,0.010,0.990,0.000
614500,0.010,0.953,0.037
615000,0.010,0.955,0.035
615500,0.010,0.917,0.073
616000,0.010,0.956,0.034
616500,0.010,0.959,0.031
617000,0.010,0.983,0.007
617500,0.010,0.919,0.071
618000,0.010,0.990,0.000
618500,0.010,0.971,0.019
619000,0.010,0.946,0.044
619500,0.010,0.959,0.031
620000,0.010,0.959,0.031
620500,0.010,0.952,0.038
621000,0.010,0.966,0.024
621500,0.010,0.977,0.013
622000,0.010,0.929,0.061
622500,0.010,0.902,0.088
623000,0.010,0.983,0.007
623500,0.010,0.970,0.020
624000,0.010,0.977,0.013
624500,0.010,0.951,0.039
625000,0.010,0.970,0.020
625500,0.010,0.968,0.022
626000,0.010,0.976,0.014
626500,0.010,0.953,0.037
627000,0.010,0.986,0.004
627500,0.010,0.990,0.000
628000,0.010,0.990,0.000
628500,0.010,0.989,0.001
629000,0.010,0.989,0.001
629500,0.010,0.987,0.003
630000,0.010,0.953,0.037
630500,0.010,0.989,0.001
631000,0.010,0.944,0.046
631500,0.010,0.971,0.019
632000,0.010,0.974,0.016
632500,0.010,0.944,0.046
633000,0.010,0.969,0.021
633500,0.010,0.990,0.000
634000,0.010,0.970,0.020
634500,0.010,0.972,0.018
635000,0.010,0.871,0.119
635500,0.010,0.945,0.045
636000,0.010,0.924,0.066
636500,0.010,0.970,0.020
637000,0.010,0.896,0.094
637500,0.010,0.961,0.029
638000,0.010,0.984,0.006
638500,0.010,0.970,0.020
639000,0.010,0.891,0.099
639500,0.010,0.970,0.020
640000,0.010,0.889,0.101
640500,0.010,0.982,0.008
641000,0.010,0.972,0.018
641500,0.010,0.974,0.016
642000,0.010,0.988,0.002
642500,0.010,0.938,0.052
643000,0.010,0.989,0.001
643500,0.010,0.976,0.014
644000,0.010,0.985,0.005
644500,0.010,0.945,0.045
645000,0.010,0.985,0.005
645500,0.010,0.985,0.005
646000,0.010,0.973,0.017
646500,0.010,0.970,0.020
647000,0.010,0.980,0.010
647500,0.010,0.966,0.024
648000,0.010,0.960,0.030
648500,0.010,0.901,0.089
649000,0.010,0.972,0.018
649500,0.010,0.966,0.024
650000,0.010,0.983,0.007
650500,0.010,0.933,0.057
651000,0.010,0.961,0.029
651500,0.010,0.989,0.001
652000,0.010,0.972,0.018
652500,0.010,0.971,0.019
653000,0.010,0.944,0.046
653500,0.010,0.971,0.019
654000,0.010,0.952,0.038
654500,0.010,0.969,0.021
655000,0.010,0.973,0.017
655500,0.010,0.955,0.035
656000,0.010,0.981,0.009
656500,0.010,0.971,0.019
657000,0.010,0.988,0.002
657500,0.010,0.989,0.001
658000,0.010,0.956,0.034
658500,0.010,0.905,0.085
659000,0.010,0.960,0.030
659500,0.010,0.987,0.003
660000,0.010,0.967,0.023
660500,0.010,0.962,0.028
661000,0.010,0.990,0.000
661500,0.010,0.969,0.021
662000,0.010,0.990,0.000
662500,0.010,0.989,0.001
663000,0.010,0.988,0.002
663500,0.010,0.984,0.006
664000,0.010,0.929,0.061
664500,0.010,0.952,0.038
665000,0.010,0.910,0.080
665500,0.010,0.984,0.006
666000,0.010,0.986,0.004
666500,0.010,0.947,0.043
667000,0.010,0.944,0.046
667500,0.010,0.770,0.220
668000,0.010,0.926,0.064
668500,0.010,0.919,0.071
669000,0.010,0.990,0.000
669500,0.010,0.974,0.016
670000,0.010,0.961,0.029
670500,0.010,0.950,0.040
671000,0.010,0.989,0.001
671500,0.010,0.895,0.095
672000,0.010,0.880,0.110
672500,0.010,0.942,0.048
673000,0.010,0.948,0.042
673500,0.010,0.888,0.102
674000,0.010,0.975,0.015
674500,0.010,0.912,0.078
675000,0.010,0.937,0.053
675500,0.010,0.892,0.098
676000,0.010,0.987,0.003
676500,0.010,0.971,0.019
677000,0.010,0.969,0.021
677500,0.010,0.868,0.122
678000,0.010,0.953,0.037
678500,0.010,0.974,0.016
679000,0.010,0.989,0.001
679500,0.010,0.987,0.003
680000,0.010,0.875,0.115
680500,0.010,0.929,0.061
681000,0.010,0.880,0.110
681500,0.010,0.958,0.032
682000,0.010,0.987,0.003
682500,0.010,0.984,0.006
683000,0.010,0.956,0.034
683500,0.010,0.981,0.009
684000,0.010,0.963,0.027
684500,0.010,0.972,0.018
685000,0.010,0.959,0.031
685500,0.010,0.969,0.021
686000,0.010,0.955,0.035
686500,0.010,0.970,0.020
687000,0.010,0.909,0.081
687500,0.010,0.941,0.049
688000,0.010,0.989,0.001
688500,0.010,0.990,0.000
689000,0.010,0.968,0.022
689500,0.010,0.968,0.022
690000,0.010,0.990,0.000
690500,0.010,0.984,0.006
691000,0.010,0.948,0.042
691500,0.010,0.979,0.011
692000,0.010,0.958,0.032
692500,0.010,0.983,0.007
693000,0.010,0.986,0.004
693500,0.010,0.990,0.000
694000,0.010,0.964,0.026
694500,0.010,0.985,0.005
695000,0.010,0.990,0.000
695500,0.010,0.985,0.005
696000,0.010,0.986,0.004
696500,0.010,0.929,0.061
697000,0.010,0.910,0.080
697500,0.010,0.990,0.000
698000,0.010,0.955,0.035
698500,0.010,0.899,0.091
699000,0.010,0.985,0.005
699500,0.010,0.965,0.025
700000,0.010,0.987,0.003
700500,0.010,0.983,0.007
701000,0.010,0.929,0.061
701500,0.010,0.979,0.011
702000,0.010,0.905,0.085
702500,0.010,0.971,0.019
703000,0.010,0.965,0.025
703500,0.010,0.957,0.033
704000,0.010,0.967,0.023
704500,0.010,0.957,0.033
705000,0.010,0.971,0.019
705500,0.010,0.931,0.059
706000,0.010,0.853,0.137
706500,0.010,0.920,0.070
707000,0.010,0.979,0.011
707500,0.010,0.962,0.028
708000,0.010,0.970,0.020
708500,0.010,0.976,0.014
709000,0.010,0.987,0.003
709500,0.010,0.939,0.051
710000,0.010,0.915,0.075
710500,0.010,0.984,0.006
711000,0.010,0.950,0.040
711500,0.010,0.909,0.081
712000,0.010,0.950,0.040
712500,0.010,0.966,0.024
713000,0.010,0.930,0.060
713500,0.010,0.989,0.001
714000,0.010,0.960,0.030
714500,0.010,0.959,0.031
715000,0.010,0.974,0.016
715500,0.010,0.990,0.000
716000,0.010,0.965,0.025
716500,0.010,0.957,0.033
717000,0.010,0.970,0.020
717500,0.010,0.933,0.057
718000,0.010,0.987,0.003
718500,0.010,0.989,0.001
719000,0.010,0.985,0.005
719500,0.010,0.981,0.009
720000,0.010,0.978,0.012
720500,0.010,0.978,0.012
721000,0.010,0.955,0.035
721500,0.010,0.920,0.070
722000,0.010,0.957,0.033
722500,0.010,0.978,0.012
723000,0.010,0.990,0.000
723500,0.010,0.939,0.051
724000,0.010,0.969,0.021
724500,0.010,0.926,0.064
725000,0.010,0.987,0.003
725500,0.010,0.928,0.062
726000,0.010,0.939,0.051
726500,0.010,0.988,0.002
727000,0.010,0.956,0.034
727500,0.010,0.982,0.008
728000,0.010,0.990,0.000
728500,0.010,0.970,0.020
729000,0.010,0.983,0.007
729500,0.010,0.934,0.056
730000,0.010,0.913,0.077
730500,0.010,0.944,0.046
731000,0.010,0.975,0.015
731500,0.010,0.901,0.089
732000,0.010,0.909,0.081
732500,0.010,0.966,0.024
733000,0.010,0.987,0.003
733500,0.010,0.983,0.007
734000,0.010,0.948,0.042
734500,0.010,0.988,0.002
735000,0.010,0.914,0.076
735500,0.010,0.936,0.054
736000,0.010,0.941,0.049
736500,0.010,0.988,0.002
737000,0.010,0.990,0.000
737500,0.010,0.936,0.054
738000,0.010,0.990,0.000
738500,0.010,0.989,0.001
739000,0.010,0.936,0.054
739500,0.010,0.915,0.075
740000,0.010,0.928,0.062
740500,0.010,0.964,0.026
741000,0.010,0.936,0.054
741500,0.010,0.963,0.027
742000,0.010,0.950,0.040
742500,0.010,0.988,0.002
743000,0.010,0.965,0.025
743500,0.010,0.884,0.106
744000,0.010,0.936,0.054
744500,0.010,0.978,0.012
745000,0.010,0.977,0.013
745500,0.010,0.899,0.091
746000,0.010,0.986,0.004
746500,0.010,0.892,0.098
747000,0.010,0.921,0.069
747500,0.010,0.955,0.035
748000,0.010,0.986,0.004
748500,0.010,0.924,0.066
749000,0.010,0.975,0.015
749500,0.010,0.975,0.015
750000,0.010,0.961,0.029
750500,0.010,0.989,0.001
751000,0.010,0.937,0.053
751500,0.010,0.990,0.000
752000,0.010,0.966,0.024
752500,0.010,0.962,0.028
753000,0.010,0.928,0.062
753500,0.010,0.954,0.036
754000,0.010,0.987,0.003
754500,0.010,0.989,0.001
755000,0.010,0.990,0.000
755500,0.010,0.976,0.014
756000,0.010,0.967,0.023
756500,0.010,0.986,0.004
757000,0.010,0.958,0.032
757500,0.010,0.931,0.059
758000,0.010,0.960,0.030
758500,0.010,0.919,0.071
759000,0.010,0.966,0.024
759500,0.010,0.972,0.018
760000,0.010,0.981,0.009
760500,0.010,0.932,0.058
761000,0.010,0.975,0.015
761500,0.010,0.968,0.022
762000,0.010,0.990,0.000
762500,0.010,0.965,0.025
763000,0.010,0.930,0.060
763500,0.010,0.932,0.058
764000,0.010,0.987,0.003
764500,0.010,0.903,0.087
765000,0.010,0.987,0.003
765500,0.010,0.973,0.017
766000,0.010,0.952,0.038
766500,0.010,0.920,0.070
767000,0.010,0.971,0.019
767500,0.010,0.990,0.000
768000,0.010,0.973,0.017
768500,0.010,0.868,0.122
769000,0.010,0.942,0.048
769500,0.010,0.969,0.021
770000,0.010,0.919,0.071
770500,0.010,0.895,0.095
771000,0.010,0.963,0.027
771500,0.010,0.955,0.035
772000,0.010,0.965,0.025
772500,0.010,0.973,0.017
773000,0.010,0.973,0.017
773500,0.010,0.985,0.005
774000,0.010,0.944,0.046
774500,0.010,0.958,0.032
775000,0.010,0.959,0.031
775500,0.010,0.974,0.016
776000,0.010,0.956,0.034
776500,0.010,0.954,0.036
777000,0.010,0.947,0.043
777500,0.010,0.985,0.005
778000,0.010,0.988,0.002
778500,0.010,0.978,0.012
779000,0.010,0.971,0.019
779500,0.010,0.955,0.035
780000,0.010,0.961,0.029
780500,0.010,0.984,0.006
781000,0.010,0.936,0.054
781500,0.010,0.966,0.024
782000,0.010,0.968,0.022
782500,0.010,0.926,0.064
783000,0.010,0.968,0.022
783500,0.010,0.961,0.029
784000,0.010,0.977,0.013
784500,0.010,0.990,0.000
785000,0.010,0.961,0.029
785500,0.010,0.943,0.047
786000,0.010,0.990,0.000
786500,0.010,0.986,0.004
787000,0.010,0.841,0.149
787500,0.010,0.957,0.033
788000,0.010,0.983,0.007
788500,0.010,0.966,0.024
789000,0.010,0.976,0.014
789500,0.010,0.959,0.031
790000,0.010,0.980,0.010
790500,0.010,0.938,0.052
791000,0.010,0.978,0.012
791500,0.010,0.906,0.084
792000,0.010,0.942,0.048
792500,0.010,0.977,0.013
793000,0.010,0.936,0.054
793500,0.010,0.968,0.022
794000,0.010,0.989,0.001
794500,0.010,0.956,0.034
795000,0.010,0.989,0.001
795500,0.010,0.990,0.000
796000,0.010,0.943,0.047
796500,0.010,0.934,0.056
797000,0.010,0.975,0.015
797500,0.010,0.982,0.008
798000,0.010,0.949,0.041
798500,0.010,0.975,0.015
799000,0.010,0.927,0.063
799500,0.010,0.954,0.036
800000,0.010,0.879,0.111
800500,0.010,0.908,0.082
801000,0.010,0.968,0.022
801500,0.010,0.900,0.090
802000,0.010,0.934,0.056
802500,0.010,0.979,0.011
803000,0.010,0.959,0.031
803500,0.010,0.948,0.042
804000,0.010,0.983,0.007
804500,0.010,0.970,0.020
805000,0.010,0.925,0.065
805500,0.010,0.927,0.063
806000,0.010,0.974,0.016
806500,0.010,0.908,0.082
807000,0.010,0.938,0.052
807500,0.010,0.981,0.009
808000,0.010,0.990,0.000
808500,0.010,0.990,0.000
809000,0.010,0.918,0.072
809500,0.010,0.951,0.039
810000,0.010,0.943,0.047
810500,0.010,0.946,0.044
811000,0.010,0.971,0.019
811500,0.010,0.910,0.080
812000,0.010,0.978,0.012
812500,0.010,0.888,0.102
813000,0.010,0.873,0.117
813500,0.010,0.953,0.037
814000,0.010,0.950,0.040
814500,0.010,0.946,0.044
815000,0.010,0.961,0.029
815500,0.010,0.969,0.021
816000,0.010,0.954,0.036
816500,0.010,0.958,0.032
817000,0.010,0.965,0.025
817500,0.010,0.987,0.003
818000,0.010,0.962,0.028
818500,0.010,0.969,0.021
819000,0.010,0.983,0.007
819500,0.010,0.972,0.018
820000,0.010,0.968,0.022
820500,0.010,0.983,0.007
821000,0.010,0.818,0.172
821500,0.010,0.926,0.064
822000,0.010,0.961,0.029
822500,0.010,0.915,0.075
823000,0.010,0.941,0.049
823500,0.010,0.945,0.045
824000,0.010,0.961,0.029
824500,0.010,0.953,0.037
825000,0.010,0.923,0.067
825500,0.010,0.906,0.084
826000,0.010,0.971,0.019
826500,0.010,0.945,0.045
827000,0.010,0.932,0.058
827500,0.010,0.947,0.043
828000,0.010,0.975,0.015
828500,0.010,0.990,0.000
829000,0.010,0.970,0.020
829500,0.010,0.919,0.071
830000,0.010,0.894,0.096
830500,0.010,0.969,0.021
831000,0.010,0.947,0.043
831500,0.010,0.959,0.031
832000,0.010,0.935,0.055
832500,0.010,0.964,0.026
833000,0.010,0.986,0.004
833500,0.010,0.978,0.012
834000,0.010,0.978,0.012
834500,0.010,0.983,0.007
835000,0.010,0.981,0.009
835500,0.010,0.976,0.014
836000,0.010,0.962,0.028
836500,0.010,0.980,0.010
837000,0.010,0.979,0.011
837500,0.010,0.979,0.011
838000,0.010,0.902,0.088
838500,0.010,0.989,0.001
839000,0.010,0.985,0.005
839500,0.010,0.895,0.095
840000,0.010,0.947,0.043
840500,0.010,0.984,0.006
841000,0.010,0.979,0.011
841500,0.010,0.981,0.009
842000,0.010,0.985,0.005
842500,0.010,0.954,0.036
843000,0.010,0.948,0.042
843500,0.010,0.948,0.042
844000,0.010,0.961,0.029
844500,0.010,0.937,0.053
845000,0.010,0.976,0.014
845500,0.010,0.964,0.026
846000,0.010,0.986,0.004
846500,0.010,0.972,0.018
847000,0.010,0.956,0.034
847500,0.010,0.906,0.084
848000,0.010,0.984,0.006
848500,0.010,0.962,0.028
849000,0.010,0.984,0.006
849500,0.010,0.968,0.022
850000,0.010,0.948,0.042
850500,0.010,0.960,0.030
851000,0.010,0.990,0.000
851500,0.010,0.977,0.013
852000,0.010,0.983,0.007
852500,0.010,0.969,0.021
853000,0.010,0.914,0.076
853500,0.010,0.971,0.019
854000,0.010,0.981,0.009
854500,0.010,0.950,0.040
855000,0.010,0.988,0.002
855500,0.010,0.930,0.060
856000,0.010,0.977,0.013
856500,0.010,0.951,0.039
857000,0.010,0.904,0.086
857500,0.010,0.983,0.007
858000,0.010,0.974,0.016
858500,0.010,0.986,0.004
859000,0.010,0.934,0.056
859500,0.010,0.929,0.061
860000,0.010,0.949,0.041
860500,0.010,0.932,0.058
861000,0.010,0.971,0.019
861500,0.010,0.990,0.000
862000,0.010,0.928,0.062
862500,0.010,0.940,0.050
863000,0.010,0.988,0.002
863500,0.010,0.924,0.066
864000,0.010,0.967,0.023
864500,0.010,0.966,0.024
865000,0.010,0.987,0.003
865500,0.010,0.980,0.010
866000,0.010,0.990,0.000
866500,0.010,0.979,0.011
867000,0.010,0.943,0.047
867500,0.010,0.961,0.029
868000,0.010,0.806,0.184
868500,0.010,0.986,0.004
869000,0.010,0.976,0.014
869500,0.010,0.978,0.012
870000,0.010,0.972,0.018
870500,0.010,0.849,0.141
871000,0.010,0.970,0.020
871500,0.010,0.911,0.079
872000,0.010,0.961,0.029
872500,0.010,0.989,0.001
873000,0.010,0.958,0.032
873500,0.010,0.917,0.073
874000,0.010,0.942,0.048
874500,0.010,0.983,0.007
875000,0.010,0.960,0.030
875500,0.010,0.986,0.004
876000,0.010,0.985,0.005
876500,0.010,0.988,0.002
877000,0.010,0.968,0.022
877500,0.010,0.928,0.062
878000,0.010,0.917,0.073
878500,0.010,0.982,0.008
879000,0.010,0.988,0.002
879500,0.010,0.961,0.029
880000,0.010,0.943,0.047
880500,0.010,0.960,0.030
881000,0.010,0.907,0.083
881500,0.010,0.989,0.001
882000,0.010,0.966,0.024
882500,0.010,0.972,0.018
883000,0.010,0.982,0.008
883500,0.010,0.974,0.016
884000,0.010,0.987,0.003
884500,0.010,0.923,0.067
885000,0.010,0.985,0.005
885500,0.010,0.913,0.077
886000,0.010,0.968,0.022
886500,0.010,0.974,0.016
887000,0.010,0.957,0.033
887500,0.010,0.950,0.040
888000,0.010,0.977,0.013
888500,0.010,0.972,0.018
889000,0.010,0.966,0.024
889500,0.010,0.962,0.028
890000,0.010,0.984,0.006
890500,0.010,0.974,0.016
891000,0.010,0.990,0.000
891500,0.010,0.973,0.017
892000,0.010,0.986,0.004
892500,0.010,0.990,0.000
893000,0.010,0.963,0.027
893500,0.010,0.978,0.012
894000,0.010,0.990,0.000
894500,0.010,0.952,0.038
895000,0.010,0.977,0.013
895500,0.010,0.941,0.049
896000,0.010,0.980,0.010
896500,0.010,0.877,0.113
897000,0.010,0.882,0.108
897500,0.010,0.974,0.016
898000,0.010,0.908,0.082
898500,0.010,0.921,0.069
899000,0.010,0.978,0.012
899500,0.010,0.907,0.083
900000,0.010,0.987,0.003
900500,0.010,0.927,0.063
901000,0.010,0.962,0.028
901500,0.010,0.927,0.063
902000,0.010,0.967,0.023
902500,0.010,0.882,0.108
903000,0.010,0.988,0.002
903500,0.010,0.960,0.030
904000,0.010,0.980,0.010
904500,0.010,0.983,0.007
905000,0.010,0.961,0.029
905500,0.010,0.947,0.043
906000,0.010,0.975,0.015
906500,0.010,0.930,0.060
907000,0.010,0.943,0.047
907500,0.010,0.984,0.006
908000,0.010,0.946,0.044
908500,0.010,0.988,0.002
909000,0.010,0.962,0.028
909500,0.010,0.970,0.020
910000,0.010,0.924,0.066
910500,0.010,0.982,0.008
911000,0.010,0.968,0.022
911500,0.010,0.912,0.078
912000,0.010,0.893,0.097
912500,0.010,0.954,0.036
913000,0.010,0.910,0.080
913500,0.010,0.918,0.072
914000,0.010,0.982,0.008
914500,0.010,0.941,0.049
915000,0.010,0.960,0.030
915500,0.010,0.980,0.010
916000,0.010,0.950,0.040
916500,0.010,0.916,0.074
917000,0.010,0.987,0.003
917500,0.010,0.989,0.001
918000,0.010,0.956,0.034
918500,0.010,0.989,0.001
919000,0.010,0.926,0.064
919500,0.010,0.975,0.015
920000,0.010,0.953,0.037
920500,0.010,0.990,0.000
921000,0.010,0.981,0.009
921500,0.010,0.978,0.012
922000,0.010,0.975,0.015
922500,0.010,0.968,0.022
923000,0.010,0.958,0.032
923500,0.010,0.923,0.067
924000,0.010,0.950,0.040
924500,0.010,0.962,0.028
925000,0.010,0.990,0.000
925500,0.010,0.931,0.059
926000,0.010,0.987,0.003
926500,0.010,0.970,0.020
927000,0.010,0.988,0.002
927500,0.010,0.986,0.004
928000,0.010,0.988,0.002
928500,0.010,0.967,0.023
929000,0.010,0.849,0.141
929500,0.010,0.934,0.056
930000,0.010,0.852,0.138
930500,0.010,0.983,0.007
931000,0.010,0.871,0.119
931500,0.010,0.947,0.043
932000,0.010,0.969,0.021
932500,0.010,0.922,0.068
933000,0.010,0.979,0.011
933500,0.010,0.865,0.125
934000,0.010,0.976,0.014
934500,0.010,0.947,0.043
935000,0.010,0.965,0.025
935500,0.010,0.990,0.000
936000,0.010,0.894,0.096
936500,0.010,0.885,0.105
937000,0.010,0.984,0.006
937500,0.010,0.898,0.092
938000,0.010,0.959,0.031
938500,0.010,0.983,0.007
939000,0.010,0.978,0.012
939500,0.010,0.936,0.054
940000,0.010,0.977,0.013
940500,0.010,0.955,0.035
941000,0.010,0.917,0.073
941500,0.010,0.988,0.002
942000,0.010,0.990,0.000
942500,0.010,0.958,0.032
943000,0.010,0.949,0.041
943500,0.010,0.963,0.027
944000,0.010,0.940,0.050
944500,0.010,0.975,0.015
945000,0.010,0.965,0.025
945500,0.010,0.959,0.031
946000,0.010,0.834,0.156
946500,0.010,0.983,0.007
947000,0.010,0.983,0.007
947500,0.010,0.932,0.058
948000,0.010,0.970,0.020
948500,0.010,0.873,0.117
949000,0.010,0.964,0.026
949500,0.010,0.985,0.005
950000,0.010,0.931,0.059
950500,0.010,0.960,0.030
951000,0.010,0.975,0.015
951500,0.010,0.967,0.023
952000,0.010,0.962,0.028
952500,0.010,0.928,0.062
953000,0.010,0.956,0.034
953500,0.010,0.962,0.028
954000,0.010,0.861,0.129
954500,0.010,0.889,0.101
955000,0.010,0.919,0.071
955500,0.010,0.954,0.036
956000,0.010,0.960,0.030
956500,0.010,0.967,0.023
957000,0.010,0.964,0.026
957500,0.010,0.966,0.024
958000,0.010,0.957,0.033
958500,0.010,0.985,0.005
959000,0.010,0.961,0.029
959500,0.010,0.984,0.006
960000,0.010,0.973,0.017
960500,0.010,0.984,0.006
961000,0.010,0.986,0.004
961500,0.010,0.977,0.013
962000,0.010,0.929,0.061
962500,0.010,0.952,0.038
963000,0.010,0.981,0.009
963500,0.010,0.982,0.008
964000,0.010,0.951,0.039
964500,0.010,0.943,0.047
965000,0.010,0.938,0.052
965500,0.010,0.870,0.120
966000,0.010,0.918,0.072
966500,0.010,0.982,0.008
967000,0.010,0.960,0.030
967500,0.010,0.970,0.020
968000,0.010,0.984,0.006
968500,0.010,0.989,0.001
969000,0.010,0.985,0.005
969500,0.010,0.990,0.000
970000,0.010,0.945,0.045
970500,0.010,0.962,0.028
971000,0.010,0.959,0.031
971500,0.010,0.961,0.029
972000,0.010,0.945,0.045
972500,0.010,0.952,0.038
973000,0.010,0.921,0.069
973500,0.010,0.937,0.053
974000,0.010,0.978,0.012
974500,0.010,0.980,0.010
975000,0.010,0.953,0.037
975500,0.010,0.973,0.017
976000,0.010,0.990,0.000
976500,0.010,0.950,0.040
977000,0.010,0.965,0.025
977500,0.010,0.946,0.044
978000,0.010,0.990,0.000
978500,0.010,0.989,0.001
979000,0.010,0.970,0.020
979500,0.010,0.919,0.071
980000,0.010,0.935,0.055
980500,0.010,0.928,0.062
981000,0.010,0.976,0.014
981500,0.010,0.969,0.021
982000,0.010,0.855,0.135
982500,0.010,0.929,0.061
983000,0.010,0.878,0.112
983500,0.010,0.969,0.021
984000,0.010,0.985,0.005
984500,0.010,0.964,0.026
985000,0.010,0.920,0.070
985500,0.010,0.963,0.027
986000,0.010,0.990,0.000
986500,0.010,0.937,0.053
987000,0.010,0.970,0.020
987500,0.010,0.972,0.018
988000,0.010,0.971,0.019
988500,0.010,0.940,0.050
989000,0.010,0.990,0.000
989500,0.010,0.885,0.105
990000,0.010,0.937,0.053
990500,0.010,0.950,0.040
991000,0.010,0.986,0.004
991500,0.010,0.957,0.033
992000,0.010,0.854,0.136
992500,0.010,0.942,0.048
993000,0.010,0.913,0.077
993500,0.010,0.966,0.024
994000,0.010,0.990,0.000
994500,0.010,0.962,0.028
995000,0.010,0.989,0.001
995500,0.010,0.968,0.022
996000,0.010,0.970,0.020
996500,0.010,0.914,0.076
997000,0.010,0.950,0.040
997500,0.010,0.987,0.003
998000,0.010,0.949,0.041
998500,0.010,0.972,0.018
999000,0.010,0.982,0.008
999500,0.010,0.990,0.000
1000000,0.010,0.920,0.070
