time,n_A+p,n_B,n_AB
500,0.010,0.699,0.291
1000,0.010,0.782,0.208
1500,0.010,0.642,0.348
2000,0.010,0.757,0.233
2500,0.010,0.524,0.466
3000,0.010,0.666,0.324
3500,0.010,0.598,0.392
4000,0.010,0.587,0.403
4500,0.010,0.757,0.233
5000,0.010,0.870,0.120
5500,0.010,0.662,0.328
6000,0.010,0.593,0.397
6500,0.010,0.766,0.224
7000,0.010,0.813,0.177
7500,0.010,0.689,0.301
8000,0.010,0.716,0.274
8500,0.010,0.725,0.265
9000,0.010,0.578,0.412
9500,0.010,0.579,0.411
10000,0.010,0.794,0.196
10500,0.010,0.690,0.300
11000,0.010,0.856,0.134
11500,0.010,0.816,0.174
12000,0.010,0.709,0.281
12500,0.010,0.678,0.312
13000,0.010,0.561,0.429
13500,0.010,0.617,0.373
14000,0.010,0.638,0.352
14500,0.010,0.688,0.302
15000,0.010,0.707,0.283
15500,0.010,0.520,0.470
16000,0.010,0.726,0.264
16500,0.010,0.824,0.166
17000,0.010,0.902,0.088
17500,0.010,0.665,0.325
18000,0.010,0.543,0.447
18500,0.010,0.506,0.484
19000,0.010,0.801,0.189
19500,0.010,0.761,0.229
20000,0.010,0.678,0.312
20500,0.010,0.847,0.143
21000,0.010,0.869,0.121
21500,0.010,0.797,0.193
22000,0.010,0.769,0.221
22500,0.010,0.816,0.174
23000,0.010,0.650,0.340
23500,0.010,0.640,0.350
24000,0.010,0.742,0.248
24500,0.010,0.804,0.186
25000,0.010,0.619,0.371
25500,0.010,0.460,0.530
26000,0.010,0.725,0.265
26500,0.010,0.787,0.203
27000,0.010,0.809,0.181
27500,0.010,0.807,0.183
28000,0.010,0.569,0.421
28500,0.010,0.504,0.486
29000,0.010,0.592,0.398
29500,0.010,0.640,0.350
30000,0.010,0.677,0.313
30500,0.010,0.677,0.313
31000,0.010,0.617,0.373
31500,0.010,0.855,0.135
32000,0.010,0.948,0.042
32500,0.010,0.955,0.035
33000,0.010,0.776,0.214
33500,0.010,0.823,0.167
34000,0.010,0.489,0.501
34500,0.010,0.583,0.407
35000,0.010,0.423,0.567
35500,0.010,0.645,0.345
36000,0.010,0.632,0.358
36500,0.010,0.659,0.331
37000,0.010,0.601,0.389
37500,0.010,0.554,0.436
38000,0.010,0.601,0.389
38500,0.010,0.675,0.315
39000,0.010,0.739,0.251
39500,0.010,0.776,0.214
40000,0.010,0.622,0.368
40500,0.010,0.691,0.299
41000,0.010,0.768,0.222
41500,0.010,0.482,0.508
42000,0.010,0.656,0.334
42500,0.010,0.741,0.249
43000,0.010,0.810,0.180
43500,0.010,0.800,0.190
44000,0.010,0.603,0.387
44500,0.010,0.739,0.251
45000,0.010,0.573,0.417
45500,0.010,0.718,0.272
46000,0.010,0.739,0.251
46500,0.010,0.764,0.226
47000,0.010,0.759,0.231
47500,0.010,0.374,0.616
48000,0.010,0.691,0.299
48500,0.010,0.613,0.377
49000,0.010,0.773,0.217
49500,0.010,0.735,0.255
50000,0.010,0.551,0.439
50500,0.010,0.526,0.464
51000,0.010,0.590,0.400
51500,0.010,0.608,0.382
52000,0.010,0.603,0.387
52500,0.010,0.777,0.213
53000,0.010,0.867,0.123
53500,0.010,0.948,0.042
54000,0.010,0.875,0.115
54500,0.010,0.649,0.341
55000,0.010,0.737,0.253
55500,0.010,0.731,0.259
56000,0.010,0.660,0.330
56500,0.010,0.593,0.397
57000,0.010,0.703,0.287
57500,0.010,0.582,0.408
58000,0.010,0.579,0.411
58500,0.010,0.686,0.304
59000,0.010,0.640,0.350
59500,0.010,0.565,0.425
60000,0.010,0.647,0.343
60500,0.010,0.467,0.523
61000,0.010,0.543,0.447
61500,0.010,0.784,0.206
62000,0.010,0.786,0.204
62500,0.010,0.836,0.154
63000,0.010,0.918,0.072
63500,0.010,0.920,0.070
64000,0.010,0.819,0.171
64500,0.010,0.822,0.168
65000,0.010,0.776,0.214
65500,0.010,0.654,0.336
66000,0.010,0.584,0.406
66500,0.010,0.648,0.342
67000,0.010,0.781,0.209
67500,0.010,0.540,0.450
68000,0.010,0.673,0.317
68500,0.010,0.753,0.237
69000,0.010,0.898,0.092
69500,0.010,0.648,0.342
70000,0.010,0.785,0.205
70500,0.010,0.862,0.128
71000,0.010,0.677,0.313
71500,0.010,0.808,0.182
72000,0.010,0.739,0.251
72500,0.010,0.788,0.202
73000,0.010,0.694,0.296
73500,0.010,0.653,0.337
74000,0.010,0.676,0.314
74500,0.010,0.685,0.305
75000,0.010,0.582,0.408
75500,0.010,0.813,0.177
76000,0.010,0.639,0.351
76500,0.010,0.531,0.459
77000,0.010,0.776,0.214
77500,0.010,0.848,0.142
78000,0.010,0.731,0.259
78500,0.010,0.785,0.205
79000,0.010,0.781,0.209
79500,0.010,0.522,0.468
80000,0.010,0.536,0.454
80500,0.010,0.617,0.373
81000,0.010,0.530,0.460
81500,0.010,0.655,0.335
82000,0.010,0.702,0.288
82500,0.010,0.656,0.334
83000,0.010,0.516,0.474
83500,0.010,0.740,0.250
84000,0.010,0.719,0.271
84500,0.010,0.832,0.158
85000,0.010,0.666,0.324
85500,0.010,0.824,0.166
86000,0.010,0.890,0.100
86500,0.010,0.764,0.226
87000,0.010,0.628,0.362
87500,0.010,0.693,0.297
88000,0.010,0.681,0.309
88500,0.010,0.869,0.121
89000,0.010,0.647,0.343
89500,0.010,0.737,0.253
90000,0.010,0.682,0.308
90500,0.010,0.667,0.323
91000,0.010,0.734,0.256
91500,0.010,0.744,0.246
92000,0.010,0.686,0.304
92500,0.010,0.700,0.290
93000,0.010,0.661,0.329
93500,0.010,0.762,0.228
94000,0.010,0.709,0.281
94500,0.010,0.788,0.202
95000,0.010,0.664,0.326
95500,0.010,0.687,0.303
96000,0.010,0.486,0.504
96500,0.010,0.544,0.446
97000,0.010,0.711,0.279
97500,0.010,0.661,0.329
98000,0.010,0.867,0.123
98500,0.010,0.857,0.133
99000,0.010,0.935,0.055
99500,0.010,0.600,0.390
100000,0.010,0.821,0.169
100500,0.010,0.519,0.471
101000,0.010,0.926,0.064
101500,0.010,0.807,0.183
102000,0.010,0.857,0.133
102500,0.010,0.602,0.388
103000,0.010,0.732,0.258
103500,0.010,0.438,0.552
104000,0.010,0.631,0.359
104500,0.010,0.729,0.261
105000,0.010,0.810,0.180
105500,0.010,0.658,0.332
106000,0.010,0.569,0.421
106500,0.010,0.785,0.205
107000,0.010,0.668,0.322
107500,0.010,0.659,0.331
108000,0.010,0.854,0.136
108500,0.010,0.727,0.263
109000,0.010,0.850,0.140
109500,0.010,0.681,0.309
110000,0.010,0.599,0.391
110500,0.010,0.704,0.286
111000,0.010,0.679,0.311
111500,0.010,0.577,0.413
112000,0.010,0.798,0.192
112500,0.010,0.886,0.104
113000,0.010,0.763,0.227
113500,0.010,0.884,0.106
114000,0.010,0.861,0.129
114500,0.010,0.871,0.119
115000,0.010,0.877,0.113
115500,0.010,0.753,0.237
116000,0.010,0.615,0.375
116500,0.010,0.797,0.193
117000,0.010,0.774,0.216
117500,0.010,0.570,0.420
118000,0.010,0.921,0.069
118500,0.010,0.895,0.095
119000,0.010,0.814,0.176
119500,0.010,0.646,0.344
120000,0.010,0.841,0.149
120500,0.010,0.879,0.111
121000,0.010,0.854,0.136
121500,0.010,0.914,0.076
122000,0.010,0.716,0.274
122500,0.010,0.872,0.118
123000,0.010,0.897,0.093
123500,0.010,0.959,0.031
124000,0.010,0.723,0.267
124500,0.010,0.771,0.219
125000,0.010,0.641,0.349
125500,0.010,0.784,0.206
126000,0.010,0.735,0.255
126500,0.010,0.627,0.363
127000,0.010,0.649,0.341
127500,0.010,0.678,0.312
128000,0.010,0.492,0.498
128500,0.010,0.528,0.462
129000,0.010,0.671,0.319
129500,0.010,0.540,0.450
130000,0.010,0.700,0.290
130500,0.010,0.793,0.197
131000,0.010,0.924,0.066
131500,0.010,0.905,0.085
132000,0.010,0.640,0.350
132500,0.010,0.720,0.270
133000,0.010,0.606,0.384
133500,0.010,0.461,0.529
134000,0.010,0.702,0.288
134500,0.010,0.724,0.266
135000,0.010,0.574,0.416
135500,0.010,0.873,0.117
136000,0.010,0.765,0.225
136500,0.010,0.600,0.390
137000,0.010,0.680,0.310
137500,0.010,0.768,0.222
138000,0.010,0.456,0.534
138500,0.010,0.725,0.265
139000,0.010,0.765,0.225
139500,0.010,0.604,0.386
140000,0.010,0.739,0.251
140500,0.010,0.683,0.307
141000,0.010,0.811,0.179
141500,0.010,0.687,0.303
142000,0.010,0.617,0.373
142500,0.010,0.706,0.284
143000,0.010,0.890,0.100
143500,0.010,0.687,0.303
144000,0.010,0.791,0.199
144500,0.010,0.733,0.257
145000,0.010,0.697,0.293
145500,0.010,0.727,0.263
146000,0.010,0.604,0.386
146500,0.010,0.750,0.240
147000,0.010,0.658,0.332
147500,0.010,0.747,0.243
148000,0.010,0.702,0.288
148500,0.010,0.695,0.295
149000,0.010,0.725,0.265
149500,0.010,0.584,0.406
150000,0.010,0.739,0.251
150500,0.010,0.968,0.022
151000,0.010,0.721,0.269
151500,0.010,0.753,0.237
152000,0.010,0.755,0.235
152500,0.010,0.771,0.219
153000,0.010,0.737,0.253
153500,0.010,0.828,0.162
154000,0.010,0.739,0.251
154500,0.010,0.730,0.260
155000,0.010,0.775,0.215
155500,0.010,0.790,0.200
156000,0.010,0.590,0.400
156500,0.010,0.686,0.304
157000,0.010,0.734,0.256
157500,0.010,0.753,0.237
158000,0.010,0.742,0.248
158500,0.010,0.522,0.468
159000,0.010,0.788,0.202
159500,0.010,0.591,0.399
160000,0.010,0.649,0.341
160500,0.010,0.550,0.440
161000,0.010,0.540,0.450
161500,0.010,0.636,0.354
162000,0.010,0.815,0.175
162500,0.010,0.542,0.448
163000,0.010,0.527,0.463
163500,0.010,0.675,0.315
164000,0.010,0.842,0.148
164500,0.010,0.765,0.225
165000,0.010,0.544,0.446
165500,0.010,0.755,0.235
166000,0.010,0.742,0.248
166500,0.010,0.479,0.511
167000,0.010,0.705,0.285
167500,0.010,0.685,0.305
168000,0.010,0.667,0.323
168500,0.010,0.761,0.229
169000,0.010,0.845,0.145
169500,0.010,0.611,0.379
170000,0.010,0.470,0.520
170500,0.010,0.603,0.387
171000,0.010,0.986,0.004
171500,0.010,0.877,0.113
172000,0.010,0.788,0.202
172500,0.010,0.766,0.224
173000,0.010,0.538,0.452
173500,0.010,0.790,0.200
174000,0.010,0.701,0.289
174500,0.010,0.656,0.334
175000,0.010,0.969,0.021
175500,0.010,0.909,0.081
176000,0.010,0.900,0.090
176500,0.010,0.772,0.218
177000,0.010,0.676,0.314
177500,0.010,0.734,0.256
178000,0.010,0.735,0.255
178500,0.010,0.862,0.128
179000,0.010,0.660,0.330
179500,0.010,0.586,0.404
180000,0.010,0.697,0.293
180500,0.010,0.787,0.203
181000,0.010,0.895,0.095
181500,0.010,0.759,0.231
182000,0.010,0.778,0.212
182500,0.010,0.665,0.325
183000,0.010,0.744,0.246
183500,0.010,0.927,0.063
184000,0.010,0.683,0.307
184500,0.010,0.591,0.399
185000,0.010,0.706,0.284
185500,0.010,0.706,0.284
186000,0.010,0.888,0.102
186500,0.010,0.856,0.134
187000,0.010,0.818,0.172
187500,0.010,0.640,0.350
188000,0.010,0.851,0.139
188500,0.010,0.688,0.302
189000,0.010,0.791,0.199
189500,0.010,0.663,0.327
190000,0.010,0.869,0.121
190500,0.010,0.918,0.072
191000,0.010,0.896,0.094
191500,0.010,0.855,0.135
192000,0.010,0.775,0.215
192500,0.010,0.850,0.140
193000,0.010,0.643,0.347
193500,0.010,0.407,0.583
194000,0.010,0.752,0.238
194500,0.010,0.731,0.259
195000,0.010,0.643,0.347
195500,0.010,0.698,0.292
196000,0.010,0.737,0.253
196500,0.010,0.791,0.199
197000,0.010,0.692,0.298
197500,0.010,0.844,0.146
198000,0.010,0.565,0.425
198500,0.010,0.767,0.223
199000,0.010,0.588,0.402
199500,0.010,0.543,0.447
200000,0.010,0.830,0.160
200500,0.010,0.719,0.271
201000,0.010,0.669,0.321
201500,0.010,0.620,0.370
202000,0.010,0.709,0.281
202500,0.010,0.696,0.294
203000,0.010,0.769,0.221
203500,0.010,0.833,0.157
204000,0.010,0.486,0.504
204500,0.010,0.769,0.221
205000,0.010,0.632,0.358
205500,0.010,0.765,0.225
206000,0.010,0.833,0.157
206500,0.010,0.709,0.281
207000,0.010,0.726,0.264
207500,0.010,0.534,0.456
208000,0.010,0.503,0.487
208500,0.010,0.747,0.243
209000,0.010,0.603,0.387
209500,0.010,0.614,0.376
210000,0.010,0.686,0.304
210500,0.010,0.781,0.209
211000,0.010,0.789,0.201
211500,0.010,0.719,0.271
212000,0.010,0.883,0.107
212500,0.010,0.628,0.362
213000,0.010,0.519,0.471
213500,0.010,0.783,0.207
214000,0.010,0.524,0.466
214500,0.010,0.530,0.460
215000,0.010,0.503,0.487
215500,0.010,0.726,0.264
216000,0.010,0.776,0.214
216500,0.010,0.641,0.349
217000,0.010,0.752,0.238
217500,0.010,0.886,0.104
218000,0.010,0.954,0.036
218500,0.010,0.681,0.309
219000,0.010,0.696,0.294
219500,0.010,0.792,0.198
220000,0.010,0.645,0.345
220500,0.010,0.558,0.432
221000,0.010,0.735,0.255
221500,0.010,0.627,0.363
222000,0.010,0.869,0.121
222500,0.010,0.802,0.188
223000,0.010,0.540,0.450
223500,0.010,0.790,0.200
224000,0.010,0.882,0.108
224500,0.010,0.732,0.258
225000,0.010,0.897,0.093
225500,0.010,0.732,0.258
226000,0.010,0.744,0.246
226500,0.010,0.910,0.080
227000,0.010,0.819,0.171
227500,0.010,0.683,0.307
228000,0.010,0.497,0.493
228500,0.010,0.738,0.252
229000,0.010,0.710,0.280
229500,0.010,0.837,0.153
230000,0.010,0.887,0.103
230500,0.010,0.879,0.111
231000,0.010,0.688,0.302
231500,0.010,0.623,0.367
232000,0.010,0.637,0.353
232500,0.010,0.688,0.302
233000,0.010,0.796,0.194
233500,0.010,0.721,0.269
234000,0.010,0.745,0.245
234500,0.010,0.774,0.216
235000,0.010,0.628,0.362
235500,0.010,0.808,0.182
236000,0.010,0.848,0.142
236500,0.010,0.771,0.219
237000,0.010,0.843,0.147
237500,0.010,0.984,0.006
238000,0.010,0.954,0.036
238500,0.010,0.923,0.067
239000,0.010,0.860,0.130
239500,0.010,0.648,0.342
240000,0.010,0.757,0.233
240500,0.010,0.905,0.085
241000,0.010,0.634,0.356
241500,0.010,0.618,0.372
242000,0.010,0.607,0.383
242500,0.010,0.813,0.177
243000,0.010,0.640,0.350
243500,0.010,0.581,0.409
244000,0.010,0.632,0.358
244500,0.010,0.645,0.345
245000,0.010,0.765,0.225
245500,0.010,0.618,0.372
246000,0.010,0.857,0.133
246500,0.010,0.704,0.286
247000,0.010,0.896,0.094
247500,0.010,0.872,0.118
248000,0.010,0.720,0.270
248500,0.010,0.931,0.059
249000,0.010,0.796,0.194
249500,0.010,0.865,0.125
250000,0.010,0.833,0.157
250500,0.010,0.715,0.275
251000,0.010,0.847,0.143
251500,0.010,0.571,0.419
252000,0.010,0.596,0.394
252500,0.010,0.769,0.221
253000,0.010,0.770,0.220
253500,0.010,0.751,0.239
254000,0.010,0.769,0.221
254500,0.010,0.795,0.195
255000,0.010,0.644,0.346
255500,0.010,0.765,0.225
256000,0.010,0.338,0.652
256500,0.010,0.613,0.377
257000,0.010,0.793,0.197
257500,0.010,0.753,0.237
258000,0.010,0.774,0.216
258500,0.010,0.782,0.208
259000,0.010,0.832,0.158
259500,0.010,0.716,0.274
260000,0.010,0.525,0.465
260500,0.010,0.693,0.297
261000,0.010,0.862,0.128
261500,0.010,0.772,0.218
262000,0.010,0.794,0.196
262500,0.010,0.643,0.347
263000,0.010,0.691,0.299
263500,0.010,0.778,0.212
264000,0.010,0.721,0.269
264500,0.010,0.900,0.090
265000,0.010,0.910,0.080
265500,0.010,0.921,0.069
266000,0.010,0.807,0.183
266500,0.010,0.657,0.333
267000,0.010,0.725,0.265
267500,0.010,0.529,0.461
268000,0.010,0.602,0.388
268500,0.010,0.730,0.260
269000,0.010,0.547,0.443
269500,0.010,0.787,0.203
270000,0.010,0.635,0.355
270500,0.010,0.787,0.203
271000,0.010,0.811,0.179
271500,0.010,0.870,0.120
272000,0.010,0.954,0.036
272500,0.010,0.960,0.030
273000,0.010,0.877,0.113
273500,0.010,0.640,0.350
274000,0.010,0.614,0.376
274500,0.010,0.808,0.182
275000,0.010,0.602,0.388
275500,0.010,0.633,0.357
276000,0.010,0.783,0.207
276500,0.010,0.775,0.215
277000,0.010,0.673,0.317
277500,0.010,0.666,0.324
278000,0.010,0.750,0.240
278500,0.010,0.825,0.165
279000,0.010,0.733,0.257
279500,0.010,0.746,0.244
280000,0.010,0.830,0.160
280500,0.010,0.792,0.198
281000,0.010,0.782,0.208
281500,0.010,0.703,0.287
282000,0.010,0.823,0.167
282500,0.010,0.686,0.304
283000,0.010,0.622,0.368
283500,0.010,0.782,0.208
284000,0.010,0.872,0.118
284500,0.010,0.846,0.144
285000,0.010,0.696,0.294
285500,0.010,0.732,0.258
286000,0.010,0.740,0.250
286500,0.010,0.681,0.309
287000,0.010,0.800,0.190
287500,0.010,0.854,0.136
288000,0.010,0.619,0.371
288500,0.010,0.550,0.440
289000,0.010,0.513,0.477
289500,0.010,0.713,0.277
290000,0.010,0.867,0.123
290500,0.010,0.791,0.199
291000,0.010,0.704,0.286
291500,0.010,0.799,0.191
292000,0.010,0.679,0.311
292500,0.010,0.659,0.331
293000,0.010,0.842,0.148
293500,0.010,0.533,0.457
294000,0.010,0.845,0.145
294500,0.010,0.870,0.120
295000,0.010,0.882,0.108
295500,0.010,0.629,0.361
296000,0.010,0.720,0.270
296500,0.010,0.886,0.104
297000,0.010,0.838,0.152
297500,0.010,0.667,0.323
298000,0.010,0.560,0.430
298500,0.010,0.822,0.168
299000,0.010,0.735,0.255
299500,0.010,0.643,0.347
300000,0.010,0.689,0.301
300500,0.010,0.632,0.358
301000,0.010,0.753,0.237
301500,0.010,0.784,0.206
302000,0.010,0.618,0.372
302500,0.010,0.845,0.145
303000,0.010,0.693,0.297
303500,0.010,0.638,0.352
304000,0.010,0.722,0.268
304500,0.010,0.790,0.200
305000,0.010,0.820,0.170
305500,0.010,0.927,0.063
306000,0.010,0.982,0.008
306500,0.010,0.962,0.028
307000,0.010,0.755,0.235
307500,0.010,0.584,0.406
308000,0.010,0.672,0.318
308500,0.010,0.909,0.081
309000,0.010,0.642,0.348
309500,0.010,0.842,0.148
310000,0.010,0.923,0.067
310500,0.010,0.687,0.303
311000,0.010,0.754,0.236
311500,0.010,0.641,0.349
312000,0.010,0.883,0.107
312500,0.010,0.956,0.034
313000,0.010,0.771,0.219
313500,0.010,0.794,0.196
314000,0.010,0.699,0.291
314500,0.010,0.657,0.333
315000,0.010,0.736,0.254
315500,0.010,0.465,0.525
316000,0.010,0.807,0.183
316500,0.010,0.731,0.259
317000,0.010,0.633,0.357
317500,0.010,0.625,0.365
318000,0.010,0.570,0.420
318500,0.010,0.715,0.275
319000,0.010,0.739,0.251
319500,0.010,0.731,0.259
320000,0.010,0.662,0.328
320500,0.010,0.804,0.186
321000,0.010,0.685,0.305
321500,0.010,0.663,0.327
322000,0.010,0.826,0.164
322500,0.010,0.796,0.194
323000,0.010,0.688,0.302
323500,0.010,0.849,0.141
324000,0.010,0.812,0.178
324500,0.010,0.820,0.170
325000,0.010,0.883,0.107
325500,0.010,0.650,0.340
326000,0.010,0.741,0.249
326500,0.010,0.850,0.140
327000,0.010,0.786,0.204
327500,0.010,0.663,0.327
328000,0.010,0.642,0.348
328500,0.010,0.825,0.165
329000,0.010,0.710,0.280
329500,0.010,0.840,0.150
330000,0.010,0.659,0.331
330500,0.010,0.681,0.309
331000,0.010,0.674,0.316
331500,0.010,0.648,0.342
332000,0.010,0.553,0.437
332500,0.010,0.796,0.194
333000,0.010,0.466,0.524
333500,0.010,0.691,0.299
334000,0.010,0.662,0.328
334500,0.010,0.568,0.422
335000,0.010,0.711,0.279
335500,0.010,0.776,0.214
336000,0.010,0.723,0.267
336500,0.010,0.941,0.049
337000,0.010,0.932,0.058
337500,0.010,0.939,0.051
338000,0.010,0.641,0.349
338500,0.010,0.675,0.315
339000,0.010,0.811,0.179
339500,0.010,0.736,0.254
340000,0.010,0.825,0.165
340500,0.010,0.616,0.374
341000,0.010,0.509,0.481
341500,0.010,0.705,0.285
342000,0.010,0.732,0.258
342500,0.010,0.824,0.166
343000,0.010,0.730,0.260
343500,0.010,0.695,0.295
344000,0.010,0.696,0.294
344500,0.010,0.823,0.167
345000,0.010,0.730,0.260
345500,0.010,0.703,0.287
346000,0.010,0.541,0.449
346500,0.010,0.520,0.470
347000,0.010,0.645,0.345
347500,0.010,0.884,0.106
348000,0.010,0.826,0.164
348500,0.010,0.696,0.294
349000,0.010,0.612,0.378
349500,0.010,0.561,0.429
350000,0.010,0.647,0.343
350500,0.010,0.627,0.363
351000,0.010,0.713,0.277
351500,0.010,0.521,0.469
352000,0.010,0.606,0.384
352500,0.010,0.621,0.369
353000,0.010,0.550,0.440
353500,0.010,0.806,0.184
354000,0.010,0.725,0.265
354500,0.010,0.777,0.213
355000,0.010,0.615,0.375
355500,0.010,0.728,0.262
356000,0.010,0.605,0.385
356500,0.010,0.919,0.071
357000,0.010,0.823,0.167
357500,0.010,0.865,0.125
358000,0.010,0.798,0.192
358500,0.010,0.726,0.264
359000,0.010,0.780,0.210
359500,0.010,0.652,0.338
360000,0.010,0.583,0.407
360500,0.010,0.558,0.432
361000,0.010,0.741,0.249
361500,0.010,0.644,0.346
362000,0.010,0.603,0.387
362500,0.010,0.807,0.183
363000,0.010,0.838,0.152
363500,0.010,0.925,0.065
364000,0.010,0.870,0.120
364500,0.010,0.800,0.190
365000,0.010,0.740,0.250
365500,0.010,0.707,0.283
366000,0.010,0.738,0.252
366500,0.010,0.776,0.214
367000,0.010,0.733,0.257
367500,0.010,0.707,0.283
368000,0.010,0.582,0.408
368500,0.010,0.877,0.113
369000,0.010,0.878,0.112
369500,0.010,0.986,0.004
370000,0.010,0.646,0.344
370500,0.010,0.818,0.172
371000,0.010,0.756,0.234
371500,0.010,0.660,0.330
372000,0.010,0.491,0.499
372500,0.010,0.810,0.180
373000,0.010,0.411,0.579
373500,0.010,0.553,0.437
374000,0.010,0.810,0.180
374500,0.010,0.609,0.381
375000,0.010,0.835,0.155
375500,0.010,0.470,0.520
376000,0.010,0.739,0.251
376500,0.010,0.763,0.227
377000,0.010,0.739,0.251
377500,0.010,0.821,0.169
378000,0.010,0.905,0.085
378500,0.010,0.818,0.172
379000,0.010,0.840,0.150
379500,0.010,0.827,0.163
380000,0.010,0.734,0.256
380500,0.010,0.753,0.237
381000,0.010,0.557,0.433
381500,0.010,0.791,0.199
382000,0.010,0.661,0.329
382500,0.010,0.546,0.444
383000,0.010,0.676,0.314
383500,0.010,0.641,0.349
384000,0.010,0.738,0.252
384500,0.010,0.632,0.358
385000,0.010,0.539,0.451
385500,0.010,0.710,0.280
386000,0.010,0.616,0.374
386500,0.010,0.813,0.177
387000,0.010,0.735,0.255
387500,0.010,0.668,0.322
388000,0.010,0.723,0.267
388500,0.010,0.784,0.206
389000,0.010,0.727,0.263
389500,0.010,0.714,0.276
390000,0.010,0.649,0.341
390500,0.010,0.654,0.336
391000,0.010,0.735,0.255
391500,0.010,0.585,0.405
392000,0.010,0.628,0.362
392500,0.010,0.600,0.390
393000,0.010,0.666,0.324
393500,0.010,0.764,0.226
394000,0.010,0.697,0.293
394500,0.010,0.676,0.314
395000,0.010,0.596,0.394
395500,0.010,0.740,0.250
396000,0.010,0.596,0.394
396500,0.010,0.684,0.306
397000,0.010,0.751,0.239
397500,0.010,0.883,0.107
398000,0.010,0.530,0.460
398500,0.010,0.654,0.336
399000,0.010,0.521,0.469
399500,0.010,0.863,0.127
400000,0.010,0.567,0.423
400500,0.010,0.677,0.313
401000,0.010,0.670,0.320
401500,0.010,0.683,0.307
402000,0.010,0.770,0.220
402500,0.010,0.868,0.122
403000,0.010,0.709,0.281
403500,0.010,0.866,0.124
404000,0.010,0.723,0.267
404500,0.010,0.680,0.310
405000,0.010,0.663,0.327
405500,0.010,0.748,0.242
406000,0.010,0.514,0.476
406500,0.010,0.632,0.358
407000,0.010,0.580,0.410
407500,0.010,0.796,0.194
408000,0.010,0.671,0.319
408500,0.010,0.688,0.302
409000,0.010,0.686,0.304
409500,0.010,0.832,0.158
410000,0.010,0.644,0.346
410500,0.010,0.567,0.423
411000,0.010,0.697,0.293
411500,0.010,0.672,0.318
412000,0.010,0.739,0.251
412500,0.010,0.692,0.298
413000,0.010,0.730,0.260
413500,0.010,0.596,0.394
414000,0.010,0.808,0.182
414500,0.010,0.670,0.320
415000,0.010,0.653,0.337
415500,0.010,0.731,0.259
416000,0.010,0.685,0.305
416500,0.010,0.789,0.201
417000,0.010,0.743,0.247
417500,0.010,0.651,0.339
418000,0.010,0.705,0.285
418500,0.010,0.736,0.254
419000,0.010,0.761,0.229
419500,0.010,0.583,0.407
420000,0.010,0.441,0.549
420500,0.010,0.601,0.389
421000,0.010,0.782,0.208
421500,0.010,0.583,0.407
422000,0.010,0.721,0.269
422500,0.010,0.628,0.362
423000,0.010,0.759,0.231
423500,0.010,0.702,0.288
424000,0.010,0.683,0.307
424500,0.010,0.764,0.226
425000,0.010,0.811,0.179
425500,0.010,0.857,0.133
426000,0.010,0.904,0.086
426500,0.010,0.841,0.149
427000,0.010,0.915,0.075
427500,0.010,0.762,0.228
428000,0.010,0.724,0.266
428500,0.010,0.843,0.147
429000,0.010,0.641,0.349
429500,0.010,0.661,0.329
430000,0.010,0.632,0.358
430500,0.010,0.703,0.287
431000,0.010,0.704,0.286
431500,0.010,0.827,0.163
432000,0.010,0.832,0.158
432500,0.010,0.989,0.001
433000,0.010,0.920,0.070
433500,0.010,0.858,0.132
434000,0.010,0.769,0.221
434500,0.010,0.896,0.094
435000,0.010,0.920,0.070
435500,0.010,0.965,0.025
436000,0.010,0.814,0.176
436500,0.010,0.718,0.272
437000,0.010,0.752,0.238
437500,0.010,0.810,0.180
438000,0.010,0.511,0.479
438500,0.010,0.641,0.349
439000,0.010,0.714,0.276
439500,0.010,0.654,0.336
440000,0.010,0.621,0.369
440500,0.010,0.698,0.292
441000,0.010,0.812,0.178
441500,0.010,0.764,0.226
442000,0.010,0.660,0.330
442500,0.010,0.604,0.386
443000,0.010,0.707,0.283
443500,0.010,0.620,0.370
444000,0.010,0.538,0.452
444500,0.010,0.918,0.072
445000,0.010,0.926,0.064
445500,0.010,0.787,0.203
446000,0.010,0.751,0.239
446500,0.010,0.790,0.200
447000,0.010,0.737,0.253
447500,0.010,0.813,0.177
448000,0.010,0.767,0.223
448500,0.010,0.725,0.265
449000,0.010,0.708,0.282
449500,0.010,0.738,0.252
450000,0.010,0.864,0.126
450500,0.010,0.774,0.216
451000,0.010,0.535,0.455
451500,0.010,0.764,0.226
452000,0.010,0.794,0.196
452500,0.010,0.520,0.470
453000,0.010,0.569,0.421
453500,0.010,0.655,0.335
454000,0.010,0.624,0.366
454500,0.010,0.565,0.425
455000,0.010,0.713,0.277
455500,0.010,0.716,0.274
456000,0.010,0.771,0.219
456500,0.010,0.514,0.476
457000,0.010,0.757,0.233
457500,0.010,0.767,0.223
458000,0.010,0.811,0.179
458500,0.010,0.774,0.216
459000,0.010,0.667,0.323
459500,0.010,0.534,0.456
460000,0.010,0.752,0.238
460500,0.010,0.571,0.419
461000,0.010,0.807,0.183
461500,0.010,0.843,0.147
462000,0.010,0.704,0.286
462500,0.010,0.533,0.457
463000,0.010,0.675,0.315
463500,0.010,0.826,0.164
464000,0.010,0.762,0.228
464500,0.010,0.666,0.324
465000,0.010,0.788,0.202
465500,0.010,0.615,0.375
466000,0.010,0.789,0.201
466500,0.010,0.902,0.088
467000,0.010,0.820,0.170
467500,0.010,0.844,0.146
468000,0.010,0.545,0.445
468500,0.010,0.644,0.346
469000,0.010,0.515,0.475
469500,0.010,0.616,0.374
470000,0.010,0.464,0.526
470500,0.010,0.797,0.193
471000,0.010,0.733,0.257
471500,0.010,0.767,0.223
472000,0.010,0.824,0.166
472500,0.010,0.783,0.207
473000,0.010,0.775,0.215
473500,0.010,0.536,0.454
474000,0.010,0.467,0.523
474500,0.010,0.640,0.350
475000,0.010,0.667,0.323
475500,0.010,0.775,0.215
476000,0.010,0.951,0.039
476500,0.010,0.963,0.027
477000,0.010,0.869,0.121
477500,0.010,0.916,0.074
478000,0.010,0.721,0.269
478500,0.010,0.789,0.201
479000,0.010,0.858,0.132
479500,0.010,0.868,0.122
480000,0.010,0.702,0.288
480500,0.010,0.905,0.085
481000,0.010,0.960,0.030
481500,0.010,0.735,0.255
482000,0.010,0.812,0.178
482500,0.010,0.611,0.379
483000,0.010,0.716,0.274
483500,0.010,0.758,0.232
484000,0.010,0.887,0.103
484500,0.010,0.770,0.220
485000,0.010,0.768,0.222
485500,0.010,0.692,0.298
486000,0.010,0.565,0.425
486500,0.010,0.579,0.411
487000,0.010,0.960,0.030
487500,0.010,0.782,0.208
488000,0.010,0.654,0.336
488500,0.010,0.777,0.213
489000,0.010,0.792,0.198
489500,0.010,0.814,0.176
490000,0.010,0.975,0.015
490500,0.010,0.809,0.181
491000,0.010,0.662,0.328
491500,0.010,0.841,0.149
492000,0.010,0.851,0.139
492500,0.010,0.697,0.293
493000,0.010,0.719,0.271
493500,0.010,0.881,0.109
494000,0.010,0.625,0.365
494500,0.010,0.578,0.412
495000,0.010,0.693,0.297
495500,0.010,0.725,0.265
496000,0.010,0.612,0.378
496500,0.010,0.663,0.327
497000,0.010,0.657,0.333
497500,0.010,0.734,0.256
498000,0.010,0.568,0.422
498500,0.010,0.654,0.336
499000,0.010,0.679,0.311
499500,0.010,0.870,0.120
500000,0.010,0.756,0.234
500500,0.010,0.734,0.256
501000,0.010,0.680,0.310
501500,0.010,0.560,0.430
502000,0.010,0.499,0.491
502500,0.010,0.787,0.203
503000,0.010,0.804,0.186
503500,0.010,0.640,0.350
504000,0.010,0.800,0.190
504500,0.010,0.808,0.182
505000,0.010,0.827,0.163
505500,0.010,0.714,0.276
506000,0.010,0.698,0.292
506500,0.010,0.917,0.073
507000,0.010,0.696,0.294
507500,0.010,0.610,0.380
508000,0.010,0.719,0.271
508500,0.010,0.664,0.326
509000,0.010,0.525,0.465
509500,0.010,0.609,0.381
510000,0.010,0.633,0.357
510500,0.010,0.864,0.126
511000,0.010,0.750,0.240
511500,0.010,0.685,0.305
512000,0.010,0.591,0.399
512500,0.010,0.715,0.275
513000,0.010,0.769,0.221
513500,0.010,0.758,0.232
514000,0.010,0.832,0.158
514500,0.010,0.676,0.314
515000,0.010,0.578,0.412
515500,0.010,0.762,0.228
516000,0.010,0.836,0.154
516500,0.010,0.652,0.338
517000,0.010,0.759,0.231
517500,0.010,0.830,0.160
518000,0.010,0.863,0.127
518500,0.010,0.872,0.118
519000,0.010,0.588,0.402
519500,0.010,0.704,0.286
520000,0.010,0.785,0.205
520500,0.010,0.680,0.310
521000,0.010,0.724,0.266
521500,0.010,0.782,0.208
522000,0.010,0.505,0.485
522500,0.010,0.438,0.552
523000,0.010,0.594,0.396
523500,0.010,0.700,0.290
524000,0.010,0.544,0.446
524500,0.010,0.531,0.459
525000,0.010,0.567,0.423
525500,0.010,0.893,0.097
526000,0.010,0.971,0.019
526500,0.010,0.830,0.160
527000,0.010,0.667,0.323
527500,0.010,0.853,0.137
528000,0.010,0.749,0.241
528500,0.010,0.791,0.199
529000,0.010,0.853,0.137
529500,0.010,0.689,0.301
530000,0.010,0.387,0.603
530500,0.010,0.610,0.380
531000,0.010,0.708,0.282
531500,0.010,0.838,0.152
532000,0.010,0.832,0.158
532500,0.010,0.859,0.131
533000,0.010,0.880,0.110
533500,0.010,0.966,0.024
534000,0.010,0.854,0.136
534500,0.010,0.514,0.476
535000,0.010,0.655,0.335
535500,0.010,0.559,0.431
536000,0.010,0.627,0.363
536500,0.010,0.783,0.207
537000,0.010,0.845,0.145
537500,0.010,0.640,0.350
538000,0.010,0.480,0.510
538500,0.010,0.839,0.151
539000,0.010,0.733,0.257
539500,0.010,0.670,0.320
540000,0.010,0.467,0.523
540500,0.010,0.548,0.442
541000,0.010,0.699,0.291
541500,0.010,0.858,0.132
542000,0.010,0.868,0.122
542500,0.010,0.855,0.135
543000,0.010,0.817,0.173
543500,0.010,0.623,0.367
544000,0.010,0.670,0.320
544500,0.010,0.787,0.203
545000,0.010,0.528,0.462
545500,0.010,0.892,0.098
546000,0.010,0.901,0.089
546500,0.010,0.782,0.208
547000,0.010,0.745,0.245
547500,0.010,0.666,0.324
548000,0.010,0.604,0.386
548500,0.010,0.640,0.350
549000,0.010,0.747,0.243
549500,0.010,0.853,0.137
550000,0.010,0.878,0.112
550500,0.010,0.898,0.092
551000,0.010,0.583,0.407
551500,0.010,0.710,0.280
552000,0.010,0.703,0.287
552500,0.010,0.821,0.169
553000,0.010,0.861,0.129
553500,0.010,0.827,0.163
554000,0.010,0.670,0.320
554500,0.010,0.745,0.245
555000,0.010,0.438,0.552
555500,0.010,0.750,0.240
556000,0.010,0.720,0.270
556500,0.010,0.621,0.369
557000,0.010,0.479,0.511
557500,0.010,0.544,0.446
558000,0.010,0.443,0.547
558500,0.010,0.620,0.370
559000,0.010,0.715,0.275
559500,0.010,0.692,0.298
560000,0.010,0.896,0.094
560500,0.010,0.708,0.282
561000,0.010,0.815,0.175
561500,0.010,0.620,0.370
562000,0.010,0.906,0.084
562500,0.010,0.916,0.074
563000,0.010,0.770,0.220
563500,0.010,0.830,0.160
564000,0.010,0.540,0.450
564500,0.010,0.564,0.426
565000,0.010,0.572,0.418
565500,0.010,0.734,0.256
566000,0.010,0.630,0.360
566500,0.010,0.794,0.196
567000,0.010,0.815,0.175
567500,0.010,0.970,0.020
568000,0.010,0.897,0.093
568500,0.010,0.935,0.055
569000,0.010,0.638,0.352
569500,0.010,0.625,0.365
570000,0.010,0.737,0.253
570500,0.010,0.703,0.287
571000,0.010,0.676,0.314
571500,0.010,0.869,0.121
572000,0.010,0.689,0.301
572500,0.010,0.573,0.417
573000,0.010,0.660,0.330
573500,0.010,0.669,0.321
574000,0.010,0.833,0.157
574500,0.010,0.803,0.187
575000,0.010,0.598,0.392
575500,0.010,0.595,0.395
576000,0.010,0.635,0.355
576500,0.010,0.720,0.270
577000,0.010,0.771,0.219
577500,0.010,0.629,0.361
578000,0.010,0.668,0.322
578500,0.010,0.528,0.462
579000,0.010,0.827,0.163
579500,0.010,0.855,0.135
580000,0.010,0.849,0.141
580500,0.010,0.647,0.343
581000,0.010,0.674,0.316
581500,0.010,0.601,0.389
582000,0.010,0.881,0.109
582500,0.010,0.760,0.230
583000,0.010,0.786,0.204
583500,0.010,0.688,0.302
584000,0.010,0.630,0.360
584500,0.010,0.597,0.393
585000,0.010,0.795,0.195
585500,0.010,0.578,0.412
586000,0.010,0.556,0.434
586500,0.010,0.576,0.414
587000,0.010,0.710,0.280
587500,0.010,0.706,0.284
588000,0.010,0.760,0.230
588500,0.010,0.874,0.116
589000,0.010,0.793,0.197
589500,0.010,0.841,0.149
590000,0.010,0.690,0.300
590500,0.010,0.462,0.528
591000,0.010,0.737,0.253
591500,0.010,0.847,0.143
592000,0.010,0.794,0.196
592500,0.010,0.750,0.240
593000,0.010,0.738,0.252
593500,0.010,0.704,0.286
594000,0.010,0.933,0.057
594500,0.010,0.938,0.052
595000,0.010,0.669,0.321
595500,0.010,0.682,0.308
596000,0.010,0.723,0.267
596500,0.010,0.535,0.455
597000,0.010,0.621,0.369
597500,0.010,0.653,0.337
598000,0.010,0.560,0.430
598500,0.010,0.800,0.190
599000,0.010,0.616,0.374
599500,0.010,0.715,0.275
600000,0.010,0.839,0.151
600500,0.010,0.590,0.400
601000,0.010,0.719,0.271
601500,0.010,0.579,0.411
602000,0.010,0.611,0.379
602500,0.010,0.608,0.382
603000,0.010,0.695,0.295
603500,0.010,0.671,0.319
604000,0.010,0.863,0.127
604500,0.010,0.747,0.243
605000,0.010,0.631,0.359
605500,0.010,0.796,0.194
606000,0.010,0.752,0.238
606500,0.010,0.732,0.258
607000,0.010,0.919,0.071
607500,0.010,0.668,0.322
608000,0.010,0.640,0.350
608500,0.010,0.757,0.233
609000,0.010,0.770,0.220
609500,0.010,0.848,0.142
610000,0.010,0.748,0.242
610500,0.010,0.854,0.136
611000,0.010,0.680,0.310
611500,0.010,0.682,0.308
612000,0.010,0.568,0.422
612500,0.010,0.803,0.187
613000,0.010,0.722,0.268
613500,0.010,0.847,0.143
614000,0.010,0.929,0.061
614500,0.010,0.661,0.329
615000,0.010,0.787,0.203
615500,0.010,0.773,0.217
616000,0.010,0.651,0.339
616500,0.010,0.687,0.303
617000,0.010,0.528,0.462
617500,0.010,0.524,0.466
618000,0.010,0.705,0.285
618500,0.010,0.858,0.132
619000,0.010,0.728,0.262
619500,0.010,0.742,0.248
620000,0.010,0.679,0.311
620500,0.010,0.552,0.438
621000,0.010,0.834,0.156
621500,0.010,0.701,0.289
622000,0.010,0.749,0.241
622500,0.010,0.779,0.211
623000,0.010,0.869,0.121
623500,0.010,0.831,0.159
624000,0.010,0.608,0.382
624500,0.010,0.689,0.301
625000,0.010,0.723,0.267
625500,0.010,0.881,0.109
626000,0.010,0.965,0.025
626500,0.010,0.760,0.230
627000,0.010,0.772,0.218
627500,0.010,0.854,0.136
628000,0.010,0.883,0.107
628500,0.010,0.640,0.350
629000,0.010,0.909,0.081
629500,0.010,0.741,0.249
630000,0.010,0.830,0.160
630500,0.010,0.671,0.319
631000,0.010,0.782,0.208
631500,0.010,0.680,0.310
632000,0.010,0.730,0.260
632500,0.010,0.717,0.273
633000,0.010,0.797,0.193
633500,0.010,0.634,0.356
634000,0.010,0.735,0.255
634500,0.010,0.652,0.338
635000,0.010,0.488,0.502
635500,0.010,0.727,0.263
636000,0.010,0.946,0.044
636500,0.010,0.741,0.249
637000,0.010,0.795,0.195
637500,0.010,0.583,0.407
638000,0.010,0.744,0.246
638500,0.010,0.823,0.167
639000,0.010,0.646,0.344
639500,0.010,0.585,0.405
640000,0.010,0.698,0.292
640500,0.010,0.790,0.200
641000,0.010,0.629,0.361
641500,0.010,0.917,0.073
642000,0.010,0.820,0.170
642500,0.010,0.657,0.333
643000,0.010,0.591,0.399
643500,0.010,0.825,0.165
644000,0.010,0.780,0.210
644500,0.010,0.797,0.193
645000,0.010,0.593,0.397
645500,0.010,0.638,0.352
646000,0.010,0.689,0.301
646500,0.010,0.644,0.346
647000,0.010,0.579,0.411
647500,0.010,0.555,0.435
648000,0.010,0.616,0.374
648500,0.010,0.666,0.324
649000,0.010,0.735,0.255
649500,0.010,0.811,0.179
650000,0.010,0.571,0.419
650500,0.010,0.763,0.227
651000,0.010,0.615,0.375
651500,0.010,0.877,0.113
652000,0.010,0.866,0.124
652500,0.010,0.673,0.317
653000,0.010,0.620,0.370
653500,0.010,0.643,0.347
654000,0.010,0.531,0.459
654500,0.010,0.821,0.169
655000,0.010,0.766,0.224
655500,0.010,0.790,0.200
656000,0.010,0.626,0.364
656500,0.010,0.666,0.324
657000,0.010,0.910,0.080
657500,0.010,0.799,0.191
658000,0.010,0.879,0.111
658500,0.010,0.664,0.326
659000,0.010,0.599,0.391
659500,0.010,0.636,0.354
660000,0.010,0.584,0.406
660500,0.010,0.835,0.155
661000,0.010,0.888,0.102
661500,0.010,0.926,0.064
662000,0.010,0.977,0.013
662500,0.010,0.943,0.047
663000,0.010,0.845,0.145
663500,0.010,0.699,0.291
664000,0.010,0.733,0.257
664500,0.010,0.836,0.154
665000,0.010,0.511,0.479
665500,0.010,0.854,0.136
666000,0.010,0.842,0.148
666500,0.010,0.834,0.156
667000,0.010,0.891,0.099
667500,0.010,0.981,0.009
668000,0.010,0.967,0.023
668500,0.010,0.890,0.100
669000,0.010,0.806,0.184
669500,0.010,0.918,0.072
670000,0.010,0.830,0.160
670500,0.010,0.563,0.427
671000,0.010,0.806,0.184
671500,0.010,0.855,0.135
672000,0.010,0.816,0.174
672500,0.010,0.892,0.098
673000,0.010,0.555,0.435
673500,0.010,0.578,0.412
674000,0.010,0.727,0.263
674500,0.010,0.691,0.299
675000,0.010,0.534,0.456
675500,0.010,0.740,0.250
676000,0.010,0.785,0.205
676500,0.010,0.736,0.254
677000,0.010,0.875,0.115
677500,0.010,0.952,0.038
678000,0.010,0.884,0.106
678500,0.010,0.928,0.062
679000,0.010,0.969,0.021
679500,0.010,0.710,0.280
680000,0.010,0.694,0.296
680500,0.010,0.621,0.369
681000,0.010,0.742,0.248
681500,0.010,0.756,0.234
682000,0.010,0.723,0.267
682500,0.010,0.746,0.244
683000,0.010,0.708,0.282
683500,0.010,0.686,0.304
684000,0.010,0.755,0.235
684500,0.010,0.716,0.274
685000,0.010,0.559,0.431
685500,0.010,0.619,0.371
686000,0.010,0.549,0.441
686500,0.010,0.520,0.470
687000,0.010,0.669,0.321
687500,0.010,0.626,0.364
688000,0.010,0.958,0.032
688500,0.010,0.723,0.267
689000,0.010,0.531,0.459
689500,0.010,0.725,0.265
690000,0.010,0.749,0.241
690500,0.010,0.609,0.381
691000,0.010,0.696,0.294
691500,0.010,0.724,0.266
692000,0.010,0.547,0.443
692500,0.010,0.764,0.226
693000,0.010,0.722,0.268
693500,0.010,0.673,0.317
694000,0.010,0.828,0.162
694500,0.010,0.564,0.426
695000,0.010,0.591,0.399
695500,0.010,0.638,0.352
696000,0.010,0.706,0.284
696500,0.010,0.856,0.134
697000,0.010,0.957,0.033
697500,0.010,0.983,0.007
698000,0.010,0.747,0.243
698500,0.010,0.680,0.310
699000,0.010,0.688,0.302
699500,0.010,0.691,0.299
700000,0.010,0.680,0.310
700500,0.010,0.775,0.215
701000,0.010,0.751,0.239
701500,0.010,0.649,0.341
702000,0.010,0.924,0.066
702500,0.010,0.774,0.216
703000,0.010,0.667,0.323
703500,0.010,0.583,0.407
704000,0.010,0.677,0.313
704500,0.010,0.611,0.379
705000,0.010,0.622,0.368
705500,0.010,0.528,0.462
706000,0.010,0.793,0.197
706500,0.010,0.799,0.191
707000,0.010,0.760,0.230
707500,0.010,0.604,0.386
708000,0.010,0.644,0.346
708500,0.010,0.644,0.346
709000,0.010,0.625,0.365
709500,0.010,0.661,0.329
710000,0.010,0.710,0.280
710500,0.010,0.619,0.371
711000,0.010,0.667,0.323
711500,0.010,0.565,0.425
712000,0.010,0.672,0.318
712500,0.010,0.641,0.349
713000,0.010,0.780,0.210
713500,0.010,0.787,0.203
714000,0.010,0.813,0.177
714500,0.010,0.629,0.361
715000,0.010,0.773,0.217
715500,0.010,0.801,0.189
716000,0.010,0.823,0.167
716500,0.010,0.596,0.394
717000,0.010,0.656,0.334
717500,0.010,0.828,0.162
718000,0.010,0.652,0.338
718500,0.010,0.769,0.221
719000,0.010,0.776,0.214
719500,0.010,0.678,0.312
720000,0.010,0.854,0.136
720500,0.010,0.554,0.436
721000,0.010,0.664,0.326
721500,0.010,0.799,0.191
722000,0.010,0.754,0.236
722500,0.010,0.861,0.129
723000,0.010,0.865,0.125
723500,0.010,0.812,0.178
724000,0.010,0.700,0.290
724500,0.010,0.575,0.415
725000,0.010,0.644,0.346
725500,0.010,0.576,0.414
726000,0.010,0.702,0.288
726500,0.010,0.915,0.075
727000,0.010,0.669,0.321
727500,0.010,0.698,0.292
728000,0.010,0.725,0.265
728500,0.010,0.904,0.086
729000,0.010,0.804,0.186
729500,0.010,0.681,0.309
730000,0.010,0.631,0.359
730500,0.010,0.739,0.251
731000,0.010,0.802,0.188
731500,0.010,0.383,0.607
732000,0.010,0.599,0.391
732500,0.010,0.558,0.432
733000,0.010,0.588,0.402
733500,0.010,0.688,0.302
734000,0.010,0.654,0.336
734500,0.010,0.849,0.141
735000,0.010,0.756,0.234
735500,0.010,0.589,0.401
736000,0.010,0.696,0.294
736500,0.010,0.684,0.306
737000,0.010,0.643,0.347
737500,0.010,0.864,0.126
738000,0.010,0.720,0.270
738500,0.010,0.552,0.438
739000,0.010,0.675,0.315
739500,0.010,0.653,0.337
740000,0.010,0.786,0.204
740500,0.010,0.721,0.269
741000,0.010,0.656,0.334
741500,0.010,0.727,0.263
742000,0.010,0.541,0.449
742500,0.010,0.746,0.244
743000,0.010,0.777,0.213
743500,0.010,0.639,0.351
744000,0.010,0.680,0.310
744500,0.010,0.601,0.389
745000,0.010,0.722,0.268
745500,0.010,0.731,0.259
746000,0.010,0.885,0.105
746500,0.010,0.835,0.155
747000,0.010,0.720,0.270
747500,0.010,0.832,0.158
748000,0.010,0.613,0.377
748500,0.010,0.806,0.184
749000,0.010,0.546,0.444
749500,0.010,0.484,0.506
750000,0.010,0.776,0.214
750500,0.010,0.620,0.370
751000,0.010,0.713,0.277
751500,0.010,0.760,0.230
752000,0.010,0.786,0.204
752500,0.010,0.782,0.208
753000,0.010,0.624,0.366
753500,0.010,0.438,0.552
754000,0.010,0.700,0.290
754500,0.010,0.646,0.344
755000,0.010,0.751,0.239
755500,0.010,0.902,0.088
756000,0.010,0.817,0.173
756500,0.010,0.644,0.346
757000,0.010,0.675,0.315
757500,0.010,0.700,0.290
758000,0.010,0.533,0.457
758500,0.010,0.599,0.391
759000,0.010,0.507,0.483
759500,0.010,0.760,0.230
760000,0.010,0.573,0.417
760500,0.010,0.646,0.344
761000,0.010,0.744,0.246
761500,0.010,0.880,0.110
762000,0.010,0.987,0.003
762500,0.010,0.709,0.281
763000,0.010,0.548,0.442
763500,0.010,0.761,0.229
764000,0.010,0.750,0.240
764500,0.010,0.785,0.205
765000,0.010,0.711,0.279
765500,0.010,0.789,0.201
766000,0.010,0.923,0.067
766500,0.010,0.807,0.183
767000,0.010,0.561,0.429
767500,0.010,0.726,0.264
768000,0.010,0.517,0.473
768500,0.010,0.578,0.412
769000,0.010,0.670,0.320
769500,0.010,0.554,0.436
770000,0.010,0.586,0.404
770500,0.010,0.837,0.153
771000,0.010,0.720,0.270
771500,0.010,0.825,0.165
772000,0.010,0.651,0.339
772500,0.010,0.701,0.289
773000,0.010,0.692,0.298
773500,0.010,0.786,0.204
774000,0.010,0.879,0.111
774500,0.010,0.577,0.413
775000,0.010,0.836,0.154
775500,0.010,0.843,0.147
776000,0.010,0.935,0.055
776500,0.010,0.663,0.327
777000,0.010,0.578,0.412
777500,0.010,0.565,0.425
778000,0.010,0.768,0.222
778500,0.010,0.595,0.395
779000,0.010,0.561,0.429
779500,0.010,0.671,0.319
780000,0.010,0.587,0.403
780500,0.010,0.685,0.305
781000,0.010,0.753,0.237
781500,0.010,0.612,0.378
782000,0.010,0.763,0.227
782500,0.010,0.641,0.349
783000,0.010,0.834,0.156
783500,0.010,0.880,0.110
784000,0.010,0.762,0.228
784500,0.010,0.801,0.189
785000,0.010,0.778,0.212
785500,0.010,0.896,0.094
786000,0.010,0.768,0.222
786500,0.010,0.682,0.308
787000,0.010,0.795,0.195
787500,0.010,0.309,0.681
788000,0.010,0.736,0.254
788500,0.010,0.753,0.237
789000,0.010,0.677,0.313
789500,0.010,0.784,0.206
790000,0.010,0.835,0.155
790500,0.010,0.815,0.175
791000,0.010,0.661,0.329
791500,0.010,0.687,0.303
792000,0.010,0.806,0.184
792500,0.010,0.807,0.183
793000,0.010,0.585,0.405
793500,0.010,0.574,0.416
794000,0.010,0.768,0.222
794500,0.010,0.589,0.401
795000,0.010,0.492,0.498
795500,0.010,0.580,0.410
796000,0.010,0.725,0.265
796500,0.010,0.945,0.045
797000,0.010,0.765,0.225
797500,0.010,0.699,0.291
798000,0.010,0.639,0.351
798500,0.010,0.751,0.239
799000,0.010,0.667,0.323
799500,0.010,0.661,0.329
800000,0.010,0.677,0.313
800500,0.010,0.860,0.130
801000,0.010,0.881,0.109
801500,0.010,0.848,0.142
802000,0.010,0.749,0.241
802500,0.010,0.761,0.229
803000,0.010,0.642,0.348
803500,0.010,0.654,0.336
804000,0.010,0.649,0.341
804500,0.010,0.684,0.306
805000,0.010,0.662,0.328
805500,0.010,0.828,0.162
806000,0.010,0.716,0.274
806500,0.010,0.431,0.559
807000,0.010,0.715,0.275
807500,0.010,0.656,0.334
808000,0.010,0.633,0.357
808500,0.010,0.762,0.228
809000,0.010,0.736,0.254
809500,0.010,0.735,0.255
810000,0.010,0.846,0.144
810500,0.010,0.816,0.174
811000,0.010,0.708,0.282
811500,0.010,0.745,0.245
812000,0.010,0.540,0.450
812500,0.010,0.793,0.197
813000,0.010,0.706,0.284
813500,0.010,0.702,0.288
814000,0.010,0.753,0.237
814500,0.010,0.892,0.098
815000,0.010,0.830,0.160
815500,0.010,0.856,0.134
816000,0.010,0.681,0.309
816500,0.010,0.770,0.220
817000,0.010,0.800,0.190
817500,0.010,0.699,0.291
818000,0.010,0.650,0.340
818500,0.010,0.603,0.387
819000,0.010,0.796,0.194
819500,0.010,0.588,0.402
820000,0.010,0.624,0.366
820500,0.010,0.774,0.216
821000,0.010,0.669,0.321
821500,0.010,0.818,0.172
822000,0.010,0.577,0.413
822500,0.010,0.707,0.283
823000,0.010,0.712,0.278
823500,0.010,0.521,0.469
824000,0.010,0.845,0.145
824500,0.010,0.853,0.137
825000,0.010,0.668,0.322
825500,0.010,0.700,0.290
826000,0.010,0.664,0.326
826500,0.010,0.629,0.361
827000,0.010,0.557,0.433
827500,0.010,0.552,0.438
828000,0.010,0.648,0.342
828500,0.010,0.733,0.257
829000,0.010,0.627,0.363
829500,0.010,0.850,0.140
830000,0.010,0.610,0.380
830500,0.010,0.601,0.389
831000,0.010,0.702,0.288
831500,0.010,0.711,0.279
832000,0.010,0.826,0.164
832500,0.010,0.526,0.464
833000,0.010,0.592,0.398
833500,0.010,0.780,0.210
834000,0.010,0.824,0.166
834500,0.010,0.707,0.283
835000,0.010,0.584,0.406
835500,0.010,0.823,0.167
836000,0.010,0.895,0.095
836500,0.010,0.785,0.205
837000,0.010,0.683,0.307
837500,0.010,0.597,0.393
838000,0.010,0.659,0.331
838500,0.010,0.748,0.242
839000,0.010,0.802,0.188
839500,0.010,0.774,0.216
840000,0.010,0.583,0.407
840500,0.010,0.884,0.106
841000,0.010,0.718,0.272
841500,0.010,0.683,0.307
842000,0.010,0.667,0.323
842500,0.010,0.521,0.469
843000,0.010,0.651,0.339
843500,0.010,0.761,0.229
844000,0.010,0.689,0.301
844500,0.010,0.984,0.006
845000,0.010,0.585,0.405
845500,0.010,0.546,0.444
846000,0.010,0.746,0.244
846500,0.010,0.858,0.132
847000,0.010,0.918,0.072
847500,0.010,0.866,0.124
848000,0.010,0.677,0.313
848500,0.010,0.683,0.307
849000,0.010,0.972,0.018
849500,0.010,0.937,0.053
850000,0.010,0.880,0.110
850500,0.010,0.615,0.375
851000,0.010,0.701,0.289
851500,0.010,0.806,0.184
852000,0.010,0.747,0.243
852500,0.010,0.774,0.216
853000,0.010,0.644,0.346
853500,0.010,0.685,0.305
854000,0.010,0.544,0.446
854500,0.010,0.722,0.268
855000,0.010,0.700,0.290
855500,0.010,0.816,0.174
856000,0.010,0.681,0.309
856500,0.010,0.501,0.489
857000,0.010,0.590,0.400
857500,0.010,0.720,0.270
858000,0.010,0.717,0.273
858500,0.010,0.732,0.258
859000,0.010,0.625,0.365
859500,0.010,0.580,0.410
860000,0.010,0.666,0.324
860500,0.010,0.532,0.458
861000,0.010,0.622,0.368
861500,0.010,0.573,0.417
862000,0.010,0.876,0.114
862500,0.010,0.707,0.283
863000,0.010,0.711,0.279
863500,0.010,0.598,0.392
864000,0.010,0.654,0.336
864500,0.010,0.857,0.133
865000,0.010,0.740,0.250
865500,0.010,0.654,0.336
866000,0.010,0.881,0.109
866500,0.010,0.657,0.333
867000,0.010,0.782,0.208
867500,0.010,0.655,0.335
868000,0.010,0.917,0.073
868500,0.010,0.739,0.251
869000,0.010,0.870,0.120
869500,0.010,0.785,0.205
870000,0.010,0.512,0.478
870500,0.010,0.477,0.513
871000,0.010,0.760,0.230
871500,0.010,0.669,0.321
872000,0.010,0.731,0.259
872500,0.010,0.697,0.293
873000,0.010,0.871,0.119
873500,0.010,0.880,0.110
874000,0.010,0.837,0.153
874500,0.010,0.638,0.352
875000,0.010,0.723,0.267
875500,0.010,0.590,0.400
876000,0.010,0.634,0.356
876500,0.010,0.761,0.229
877000,0.010,0.688,0.302
877500,0.010,0.862,0.128
878000,0.010,0.564,0.426
878500,0.010,0.959,0.031
879000,0.010,0.685,0.305
879500,0.010,0.576,0.414
880000,0.010,0.600,0.390
880500,0.010,0.872,0.118
881000,0.010,0.748,0.242
881500,0.010,0.677,0.313
882000,0.010,0.732,0.258
882500,0.010,0.863,0.127
883000,0.010,0.758,0.232
883500,0.010,0.760,0.230
884000,0.010,0.510,0.480
884500,0.010,0.585,0.405
885000,0.010,0.802,0.188
885500,0.010,0.653,0.337
886000,0.010,0.741,0.249
886500,0.010,0.641,0.349
887000,0.010,0.804,0.186
887500,0.010,0.746,0.244
888000,0.010,0.650,0.340
888500,0.010,0.541,0.449
889000,0.010,0.752,0.238
889500,0.010,0.797,0.193
890000,0.010,0.864,0.126
890500,0.010,0.973,0.017
891000,0.010,0.601,0.389
891500,0.010,0.729,0.261
892000,0.010,0.683,0.307
892500,0.010,0.682,0.308
893000,0.010,0.403,0.587
893500,0.010,0.679,0.311
894000,0.010,0.579,0.411
894500,0.010,0.767,0.223
895000,0.010,0.746,0.244
895500,0.010,0.577,0.413
896000,0.010,0.530,0.460
896500,0.010,0.653,0.337
897000,0.010,0.767,0.223
897500,0.010,0.675,0.315
898000,0.010,0.503,0.487
898500,0.010,0.629,0.361
899000,0.010,0.826,0.164
899500,0.010,0.893,0.097
900000,0.010,0.417,0.573
900500,0.010,0.696,0.294
901000,0.010,0.771,0.219
901500,0.010,0.743,0.247
902000,0.010,0.804,0.186
902500,0.010,0.609,0.381
903000,0.010,0.768,0.222
903500,0.010,0.722,0.268
904000,0.010,0.806,0.184
904500,0.010,0.673,0.317
905000,0.010,0.873,0.117
905500,0.010,0.757,0.233
906000,0.010,0.681,0.309
906500,0.010,0.551,0.439
907000,0.010,0.542,0.448
907500,0.010,0.738,0.252
908000,0.010,0.623,0.367
908500,0.010,0.741,0.249
909000,0.010,0.668,0.322
909500,0.010,0.600,0.390
910000,0.010,0.607,0.383
910500,0.010,0.666,0.324
911000,0.010,0.638,0.352
911500,0.010,0.694,0.296
912000,0.010,0.593,0.397
912500,0.010,0.823,0.167
913000,0.010,0.605,0.385
913500,0.010,0.669,0.321
914000,0.010,0.639,0.351
914500,0.010,0.557,0.433
915000,0.010,0.651,0.339
915500,0.010,0.704,0.286
916000,0.010,0.594,0.396
916500,0.010,0.700,0.290
917000,0.010,0.464,0.526
917500,0.010,0.678,0.312
918000,0.010,0.733,0.257
918500,0.010,0.786,0.204
919000,0.010,0.673,0.317
919500,0.010,0.776,0.214
920000,0.010,0.634,0.356
920500,0.010,0.798,0.192
921000,0.010,0.779,0.211
921500,0.010,0.846,0.144
922000,0.010,0.747,0.243
922500,0.010,0.657,0.333
923000,0.010,0.597,0.393
923500,0.010,0.741,0.249
924000,0.010,0.652,0.338
924500,0.010,0.816,0.174
925000,0.010,0.872,0.118
925500,0.010,0.629,0.361
926000,0.010,0.801,0.189
926500,0.010,0.767,0.223
927000,0.010,0.947,0.043
927500,0.010,0.966,0.024
928000,0.010,0.827,0.163
928500,0.010,0.679,0.311
929000,0.010,0.914,0.076
929500,0.010,0.909,0.081
930000,0.010,0.710,0.280
930500,0.010,0.765,0.225
931000,0.010,0.771,0.219
931500,0.010,0.704,0.286
932000,0.010,0.860,0.130
932500,0.010,0.859,0.131
933000,0.010,0.880,0.110
933500,0.010,0.740,0.250
934000,0.010,0.746,0.244
934500,0.010,0.696,0.294
935000,0.010,0.826,0.164
935500,0.010,0.637,0.353
936000,0.010,0.521,0.469
936500,0.010,0.558,0.432
937000,0.010,0.517,0.473
937500,0.010,0.776,0.214
938000,0.010,0.517,0.473
938500,0.010,0.749,0.241
939000,0.010,0.535,0.455
939500,0.010,0.847,0.143
940000,0.010,0.842,0.148
940500,0.010,0.630,0.360
941000,0.010,0.845,0.145
941500,0.010,0.582,0.408
942000,0.010,0.515,0.475
942500,0.010,0.611,0.379
943000,0.010,0.624,0.366
943500,0.010,0.860,0.130
944000,0.010,0.821,0.169
944500,0.010,0.867,0.123
945000,0.010,0.867,0.123
945500,0.010,0.732,0.258
946000,0.010,0.708,0.282
946500,0.010,0.595,0.395
947000,0.010,0.691,0.299
947500,0.010,0.811,0.179
948000,0.010,0.660,0.330
948500,0.010,0.544,0.446
949000,0.010,0.946,0.044
949500,0.010,0.639,0.351
950000,0.010,0.796,0.194
950500,0.010,0.821,0.169
951000,0.010,0.753,0.237
951500,0.010,0.593,0.397
952000,0.010,0.831,0.159
952500,0.010,0.918,0.072
953000,0.010,0.835,0.155
953500,0.010,0.509,0.481
954000,0.010,0.608,0.382
954500,0.010,0.348,0.642
955000,0.010,0.627,0.363
955500,0.010,0.740,0.250
956000,0.010,0.783,0.207
956500,0.010,0.648,0.342
957000,0.010,0.698,0.292
957500,0.010,0.745,0.245
958000,0.010,0.650,0.340
958500,0.010,0.898,0.092
959000,0.010,0.867,0.123
959500,0.010,0.783,0.207
960000,0.010,0.632,0.358
960500,0.010,0.693,0.297
961000,0.010,0.816,0.174
961500,0.010,0.771,0.219
962000,0.010,0.685,0.305
962500,0.010,0.602,0.388
963000,0.010,0.789,0.201
963500,0.010,0.742,0.248
964000,0.010,0.879,0.111
964500,0.010,0.977,0.013
965000,0.010,0.942,0.048
965500,0.010,0.903,0.087
966000,0.010,0.924,0.066
966500,0.010,0.743,0.247
967000,0.010,0.613,0.377
967500,0.010,0.691,0.299
968000,0.010,0.547,0.443
968500,0.010,0.623,0.367
969000,0.010,0.764,0.226
969500,0.010,0.932,0.058
970000,0.010,0.770,0.220
970500,0.010,0.563,0.427
971000,0.010,0.782,0.208
971500,0.010,0.675,0.315
972000,0.010,0.808,0.182
972500,0.010,0.663,0.327
973000,0.010,0.804,0.186
973500,0.010,0.759,0.231
974000,0.010,0.884,0.106
974500,0.010,0.947,0.043
975000,0.010,0.607,0.383
975500,0.010,0.776,0.214
976000,0.010,0.867,0.123
976500,0.010,0.652,0.338
977000,0.010,0.703,0.287
977500,0.010,0.767,0.223
978000,0.010,0.850,0.140
978500,0.010,0.744,0.246
979000,0.010,0.686,0.304
979500,0.010,0.798,0.192
980000,0.010,0.708,0.282
980500,0.010,0.775,0.215
981000,0.010,0.826,0.164
981500,0.010,0.687,0.303
982000,0.010,0.865,0.125
982500,0.010,0.817,0.173
983000,0.010,0.667,0.323
983500,0.010,0.703,0.287
984000,0.010,0.690,0.300
984500,0.010,0.635,0.355
985000,0.010,0.898,0.092
985500,0.010,0.848,0.142
986000,0.010,0.890,0.100
986500,0.010,0.837,0.153
987000,0.010,0.588,0.402
987500,0.010,0.814,0.176
988000,0.010,0.790,0.200
988500,0.010,0.972,0.018
989000,0.010,0.973,0.017
989500,0.010,0.534,0.456
990000,0.010,0.654,0.336
990500,0.010,0.818,0.172
991000,0.010,0.710,0.280
991500,0.010,0.734,0.256
992000,0.010,0.733,0.257
992500,0.010,0.564,0.426
993000,0.010,0.720,0.270
993500,0.010,0.773,0.217
994000,0.010,0.626,0.364
994500,0.010,0.689,0.301
995000,0.010,0.623,0.367
995500,0.010,0.660,0.330
996000,0.010,0.553,0.437
996500,0.010,0.661,0.329
997000,0.010,0.428,0.562
997500,0.010,0.510,0.480
998000,0.010,0.430,0.560
998500,0.010,0.548,0.442
999000,0.010,0.721,0.269
999500,0.010,0.813,0.177
1000000,0.010,0.663,0.327
