time,n_A+p,n_B,n_AB
500,0.050,0.801,0.148
1000,0.050,0.642,0.308
1500,0.050,0.499,0.451
2000,0.050,0.383,0.567
2500,0.054,0.308,0.637
3000,0.064,0.231,0.705
3500,0.096,0.178,0.726
4000,0.084,0.153,0.763
4500,0.090,0.114,0.795
5000,0.119,0.103,0.777
5500,0.232,0.053,0.715
6000,0.307,0.033,0.660
6500,0.382,0.007,0.611
7000,0.468,0.001,0.531
7500,0.511,0.000,0.489
8000,0.597,0.000,0.403
8500,0.590,0.000,0.410
9000,0.646,0.000,0.354
9500,0.665,0.000,0.335
10000,0.662,0.000,0.338
10500,0.655,0.000,0.345
11000,0.683,0.000,0.317
11500,0.665,0.000,0.335
12000,0.750,0.000,0.250
12500,0.706,0.000,0.294
13000,0.697,0.000,0.303
13500,0.698,0.000,0.302
14000,0.669,0.000,0.331
14500,0.642,0.000,0.358
15000,0.640,0.000,0.360
15500,0.641,0.000,0.359
16000,0.656,0.000,0.344
16500,0.630,0.000,0.370
17000,0.611,0.000,0.389
17500,0.641,0.000,0.359
18000,0.704,0.000,0.296
18500,0.713,0.000,0.287
19000,0.774,0.000,0.226
19500,0.768,0.000,0.232
20000,0.752,0.000,0.248
20500,0.727,0.000,0.273
21000,0.667,0.000,0.333
21500,0.711,0.000,0.289
22000,0.701,0.000,0.299
22500,0.708,0.000,0.292
23000,0.701,0.000,0.299
23500,0.727,0.000,0.273
24000,0.722,0.000,0.278
24500,0.757,0.000,0.243
25000,0.773,0.000,0.227
25500,0.790,0.000,0.210
26000,0.778,0.000,0.222
26500,0.801,0.000,0.199
27000,0.850,0.000,0.150
27500,0.820,0.000,0.180
28000,0.740,0.000,0.260
28500,0.740,0.000,0.260
29000,0.773,0.000,0.227
29500,0.775,0.000,0.225
30000,0.780,0.000,0.220
30500,0.810,0.000,0.190
31000,0.809,0.000,0.191
31500,0.849,0.000,0.151
32000,0.846,0.000,0.154
32500,0.862,0.000,0.138
33000,0.846,0.000,0.154
33500,0.843,0.000,0.157
34000,0.858,0.000,0.142
34500,0.877,0.000,0.123
35000,0.895,0.000,0.105
35500,0.852,0.000,0.148
36000,0.774,0.000,0.226
36500,0.746,0.000,0.254
37000,0.757,0.000,0.243
37500,0.722,0.000,0.278
38000,0.698,0.000,0.302
38500,0.623,0.000,0.377
39000,0.674,0.000,0.326
39500,0.673,0.000,0.327
40000,0.711,0.000,0.289
40500,0.732,0.000,0.268
41000,0.698,0.000,0.302
41500,0.717,0.000,0.283
42000,0.725,0.000,0.275
42500,0.695,0.000,0.305
43000,0.628,0.000,0.372
43500,0.606,0.000,0.394
44000,0.657,0.000,0.343
44500,0.659,0.000,0.341
45000,0.639,0.000,0.361
45500,0.672,0.000,0.328
46000,0.626,0.000,0.374
46500,0.632,0.000,0.368
47000,0.663,0.000,0.337
47500,0.752,0.000,0.248
48000,0.740,0.000,0.260
48500,0.683,0.000,0.317
49000,0.663,0.000,0.337
49500,0.714,0.000,0.286
50000,0.701,0.000,0.299
50500,0.705,0.000,0.295
51000,0.698,0.000,0.302
51500,0.676,0.000,0.324
52000,0.697,0.000,0.303
52500,0.728,0.000,0.272
53000,0.760,0.000,0.240
53500,0.760,0.000,0.240
54000,0.746,0.000,0.254
54500,0.728,0.000,0.272
55000,0.746,0.000,0.254
55500,0.756,0.000,0.244
56000,0.711,0.000,0.289
56500,0.716,0.000,0.284
57000,0.703,0.000,0.297
57500,0.642,0.000,0.358
58000,0.691,0.000,0.309
58500,0.619,0.000,0.381
59000,0.627,0.000,0.373
59500,0.677,0.000,0.323
60000,0.589,0.000,0.411
60500,0.600,0.000,0.400
61000,0.605,0.000,0.395
61500,0.614,0.000,0.386
62000,0.574,0.000,0.426
62500,0.539,0.000,0.461
63000,0.524,0.000,0.476
63500,0.618,0.000,0.382
64000,0.610,0.000,0.390
64500,0.642,0.000,0.358
65000,0.632,0.000,0.368
65500,0.715,0.000,0.285
66000,0.712,0.000,0.288
66500,0.659,0.000,0.341
67000,0.649,0.000,0.351
67500,0.637,0.000,0.363
68000,0.632,0.000,0.368
68500,0.599,0.000,0.401
69000,0.632,0.000,0.368
69500,0.666,0.000,0.334
70000,0.605,0.000,0.395
70500,0.555,0.000,0.445
71000,0.627,0.000,0.373
71500,0.620,0.000,0.380
72000,0.610,0.000,0.390
72500,0.612,0.000,0.388
73000,0.571,0.000,0.429
73500,0.638,0.000,0.362
74000,0.698,0.000,0.302
74500,0.692,0.000,0.308
75000,0.623,0.000,0.377
75500,0.643,0.000,0.357
76000,0.626,0.000,0.374
76500,0.654,0.000,0.346
77000,0.596,0.000,0.404
77500,0.646,0.000,0.354
78000,0.640,0.000,0.360
78500,0.623,0.000,0.377
79000,0.650,0.000,0.350
79500,0.667,0.000,0.333
80000,0.679,0.000,0.321
80500,0.729,0.000,0.271
81000,0.696,0.000,0.304
81500,0.706,0.000,0.294
82000,0.652,0.000,0.348
82500,0.614,0.000,0.386
83000,0.594,0.000,0.406
83500,0.622,0.000,0.378
84000,0.695,0.000,0.305
84500,0.713,0.000,0.287
85000,0.653,0.000,0.347
85500,0.666,0.000,0.334
86000,0.639,0.000,0.361
86500,0.631,0.000,0.369
87000,0.628,0.000,0.372
87500,0.622,0.000,0.378
88000,0.596,0.000,0.404
88500,0.673,0.000,0.327
89000,0.739,0.000,0.261
89500,0.679,0.000,0.321
90000,0.636,0.000,0.364
90500,0.665,0.000,0.335
91000,0.631,0.000,0.369
91500,0.683,0.000,0.317
92000,0.682,0.000,0.318
92500,0.660,0.000,0.340
93000,0.664,0.000,0.336
93500,0.618,0.000,0.382
94000,0.660,0.000,0.340
94500,0.663,0.000,0.337
95000,0.659,0.000,0.341
95500,0.666,0.000,0.334
96000,0.664,0.000,0.336
96500,0.674,0.000,0.326
97000,0.669,0.000,0.331
97500,0.633,0.000,0.367
98000,0.626,0.000,0.374
98500,0.571,0.000,0.429
99000,0.580,0.000,0.420
99500,0.600,0.000,0.400
100000,0.616,0.000,0.384
100500,0.646,0.000,0.354
101000,0.739,0.000,0.261
101500,0.726,0.000,0.274
102000,0.759,0.000,0.241
102500,0.721,0.000,0.279
103000,0.699,0.000,0.301
103500,0.728,0.000,0.272
104000,0.703,0.000,0.297
104500,0.729,0.000,0.271
105000,0.771,0.000,0.229
105500,0.729,0.000,0.271
106000,0.673,0.000,0.327
106500,0.654,0.000,0.346
107000,0.665,0.000,0.335
107500,0.662,0.000,0.338
108000,0.701,0.000,0.299
108500,0.702,0.000,0.298
109000,0.711,0.000,0.289
109500,0.761,0.000,0.239
110000,0.722,0.000,0.278
110500,0.741,0.000,0.259
111000,0.735,0.000,0.265
111500,0.756,0.000,0.244
112000,0.772,0.000,0.228
112500,0.758,0.000,0.242
113000,0.797,0.000,0.203
113500,0.867,0.000,0.133
114000,0.828,0.000,0.172
114500,0.743,0.000,0.257
115000,0.767,0.000,0.233
115500,0.821,0.000,0.179
116000,0.837,0.000,0.163
116500,0.802,0.000,0.198
117000,0.807,0.000,0.193
117500,0.797,0.000,0.203
118000,0.763,0.000,0.237
118500,0.774,0.000,0.226
119000,0.760,0.000,0.240
119500,0.736,0.000,0.264
120000,0.741,0.000,0.259
120500,0.747,0.000,0.253
121000,0.730,0.000,0.270
121500,0.744,0.000,0.256
122000,0.723,0.000,0.277
122500,0.671,0.000,0.329
123000,0.710,0.000,0.290
123500,0.732,0.000,0.268
124000,0.731,0.000,0.269
124500,0.756,0.000,0.244
125000,0.734,0.000,0.266
125500,0.699,0.000,0.301
126000,0.720,0.000,0.280
126500,0.684,0.000,0.316
127000,0.669,0.000,0.331
127500,0.646,0.000,0.354
128000,0.704,0.000,0.296
128500,0.717,0.000,0.283
129000,0.712,0.000,0.288
129500,0.681,0.000,0.319
130000,0.713,0.000,0.287
130500,0.725,0.000,0.275
131000,0.709,0.000,0.291
131500,0.707,0.000,0.293
132000,0.669,0.000,0.331
132500,0.683,0.000,0.317
133000,0.722,0.000,0.278
133500,0.745,0.000,0.255
134000,0.733,0.000,0.267
134500,0.770,0.000,0.230
135000,0.787,0.000,0.213
135500,0.780,0.000,0.220
136000,0.777,0.000,0.223
136500,0.748,0.000,0.252
137000,0.751,0.000,0.249
137500,0.760,0.000,0.240
138000,0.745,0.000,0.255
138500,0.744,0.000,0.256
139000,0.752,0.000,0.248
139500,0.735,0.000,0.265
140000,0.757,0.000,0.243
140500,0.824,0.000,0.176
141000,0.795,0.000,0.205
141500,0.788,0.000,0.212
142000,0.767,0.000,0.233
142500,0.772,0.000,0.228
143000,0.761,0.000,0.239
143500,0.771,0.000,0.229
144000,0.781,0.000,0.219
144500,0.772,0.000,0.228
145000,0.772,0.000,0.228
145500,0.773,0.000,0.227
146000,0.766,0.000,0.234
146500,0.731,0.000,0.269
147000,0.713,0.000,0.287
147500,0.714,0.000,0.286
148000,0.753,0.000,0.247
148500,0.770,0.000,0.230
149000,0.712,0.000,0.288
149500,0.686,0.000,0.314
150000,0.684,0.000,0.316
150500,0.689,0.000,0.311
151000,0.760,0.000,0.240
151500,0.743,0.000,0.257
152000,0.761,0.000,0.239
152500,0.731,0.000,0.269
153000,0.763,0.000,0.237
153500,0.764,0.000,0.236
154000,0.754,0.000,0.246
154500,0.789,0.000,0.211
155000,0.781,0.000,0.219
155500,0.725,0.000,0.275
156000,0.709,0.000,0.291
156500,0.700,0.000,0.300
157000,0.665,0.000,0.335
157500,0.654,0.000,0.346
158000,0.676,0.000,0.324
158500,0.624,0.000,0.376
159000,0.637,0.000,0.363
159500,0.739,0.000,0.261
160000,0.651,0.000,0.349
160500,0.741,0.000,0.259
161000,0.788,0.000,0.212
161500,0.744,0.000,0.256
162000,0.762,0.000,0.238
162500,0.734,0.000,0.266
163000,0.733,0.000,0.267
163500,0.655,0.000,0.345
164000,0.664,0.000,0.336
164500,0.606,0.000,0.394
165000,0.614,0.000,0.386
165500,0.663,0.000,0.337
166000,0.709,0.000,0.291
166500,0.683,0.000,0.317
167000,0.699,0.000,0.301
167500,0.688,0.000,0.312
168000,0.679,0.000,0.321
168500,0.696,0.000,0.304
169000,0.646,0.000,0.354
169500,0.618,0.000,0.382
170000,0.548,0.000,0.452
170500,0.592,0.000,0.408
171000,0.631,0.000,0.369
171500,0.659,0.000,0.341
172000,0.690,0.000,0.310
172500,0.704,0.000,0.296
173000,0.738,0.000,0.262
173500,0.757,0.000,0.243
174000,0.769,0.000,0.231
174500,0.732,0.000,0.268
175000,0.759,0.000,0.241
175500,0.818,0.000,0.182
176000,0.776,0.000,0.224
176500,0.766,0.000,0.234
177000,0.805,0.000,0.195
177500,0.725,0.000,0.275
178000,0.661,0.000,0.339
178500,0.696,0.000,0.304
179000,0.676,0.000,0.324
179500,0.666,0.000,0.334
180000,0.631,0.000,0.369
180500,0.628,0.000,0.372
181000,0.559,0.000,0.441
181500,0.559,0.000,0.441
182000,0.567,0.000,0.433
182500,0.619,0.000,0.381
183000,0.637,0.000,0.363
183500,0.686,0.000,0.314
184000,0.664,0.000,0.336
184500,0.705,0.000,0.295
185000,0.711,0.000,0.289
185500,0.694,0.000,0.306
186000,0.755,0.000,0.245
186500,0.732,0.000,0.268
187000,0.728,0.000,0.272
187500,0.692,0.000,0.308
188000,0.666,0.000,0.334
188500,0.707,0.000,0.293
189000,0.733,0.000,0.267
189500,0.769,0.000,0.231
190000,0.732,0.000,0.268
190500,0.753,0.000,0.247
191000,0.767,0.000,0.233
191500,0.725,0.000,0.275
192000,0.749,0.000,0.251
192500,0.705,0.000,0.295
193000,0.672,0.000,0.328
193500,0.690,0.000,0.310
194000,0.682,0.000,0.318
194500,0.694,0.000,0.306
195000,0.742,0.000,0.258
195500,0.773,0.000,0.227
196000,0.733,0.000,0.267
196500,0.735,0.000,0.265
197000,0.660,0.000,0.340
197500,0.647,0.000,0.353
198000,0.639,0.000,0.361
198500,0.683,0.000,0.317
199000,0.669,0.000,0.331
199500,0.669,0.000,0.331
200000,0.664,0.000,0.336
200500,0.649,0.000,0.351
201000,0.676,0.000,0.324
201500,0.616,0.000,0.384
202000,0.614,0.000,0.386
202500,0.656,0.000,0.344
203000,0.639,0.000,0.361
203500,0.674,0.000,0.326
204000,0.705,0.000,0.295
204500,0.674,0.000,0.326
205000,0.664,0.000,0.336
205500,0.668,0.000,0.332
206000,0.621,0.000,0.379
206500,0.657,0.000,0.343
207000,0.604,0.000,0.396
207500,0.623,0.000,0.377
208000,0.615,0.000,0.385
208500,0.636,0.000,0.364
209000,0.622,0.000,0.378
209500,0.643,0.000,0.357
210000,0.651,0.000,0.349
210500,0.686,0.000,0.314
211000,0.655,0.000,0.345
211500,0.683,0.000,0.317
212000,0.664,0.000,0.336
212500,0.670,0.000,0.330
213000,0.696,0.000,0.304
213500,0.696,0.000,0.304
214000,0.674,0.000,0.326
214500,0.646,0.000,0.354
215000,0.672,0.000,0.328
215500,0.646,0.000,0.354
216000,0.631,0.000,0.369
216500,0.659,0.000,0.341
217000,0.669,0.000,0.331
217500,0.698,0.000,0.302
218000,0.673,0.000,0.327
218500,0.663,0.000,0.337
219000,0.650,0.000,0.350
219500,0.636,0.000,0.364
220000,0.631,0.000,0.369
220500,0.641,0.000,0.359
221000,0.670,0.000,0.330
221500,0.677,0.000,0.323
222000,0.714,0.000,0.286
222500,0.681,0.000,0.319
223000,0.704,0.000,0.296
223500,0.698,0.000,0.302
224000,0.710,0.000,0.290
224500,0.700,0.000,0.300
225000,0.681,0.000,0.319
225500,0.651,0.000,0.349
226000,0.696,0.000,0.304
226500,0.648,0.000,0.352
227000,0.612,0.000,0.388
227500,0.609,0.000,0.391
228000,0.643,0.000,0.357
228500,0.689,0.000,0.311
229000,0.711,0.000,0.289
229500,0.716,0.000,0.284
230000,0.661,0.000,0.339
230500,0.679,0.000,0.321
231000,0.679,0.000,0.321
231500,0.680,0.000,0.320
232000,0.670,0.000,0.330
232500,0.685,0.000,0.315
233000,0.685,0.000,0.315
233500,0.706,0.000,0.294
234000,0.685,0.000,0.315
234500,0.674,0.000,0.326
235000,0.685,0.000,0.315
235500,0.708,0.000,0.292
236000,0.710,0.000,0.290
236500,0.759,0.000,0.241
237000,0.800,0.000,0.200
237500,0.806,0.000,0.194
238000,0.817,0.000,0.183
238500,0.839,0.000,0.161
239000,0.787,0.000,0.213
239500,0.747,0.000,0.253
240000,0.745,0.000,0.255
240500,0.719,0.000,0.281
241000,0.753,0.000,0.247
241500,0.749,0.000,0.251
242000,0.767,0.000,0.233
242500,0.739,0.000,0.261
243000,0.754,0.000,0.246
243500,0.712,0.000,0.288
244000,0.728,0.000,0.272
244500,0.732,0.000,0.268
245000,0.735,0.000,0.265
245500,0.738,0.000,0.262
246000,0.671,0.000,0.329
246500,0.692,0.000,0.308
247000,0.666,0.000,0.334
247500,0.559,0.000,0.441
248000,0.579,0.000,0.421
248500,0.646,0.000,0.354
249000,0.654,0.000,0.346
249500,0.662,0.000,0.338
250000,0.641,0.000,0.359
250500,0.693,0.000,0.307
251000,0.681,0.000,0.319
251500,0.705,0.000,0.295
252000,0.703,0.000,0.297
252500,0.686,0.000,0.314
253000,0.658,0.000,0.342
253500,0.648,0.000,0.352
254000,0.591,0.000,0.409
254500,0.606,0.000,0.394
255000,0.593,0.000,0.407
255500,0.675,0.000,0.325
256000,0.686,0.000,0.314
256500,0.632,0.000,0.368
257000,0.593,0.000,0.407
257500,0.636,0.000,0.364
258000,0.632,0.000,0.368
258500,0.601,0.000,0.399
259000,0.664,0.000,0.336
259500,0.671,0.000,0.329
260000,0.634,0.000,0.366
260500,0.688,0.000,0.312
261000,0.703,0.000,0.297
261500,0.717,0.000,0.283
262000,0.699,0.000,0.301
262500,0.700,0.000,0.300
263000,0.662,0.000,0.338
263500,0.638,0.000,0.362
264000,0.672,0.000,0.328
264500,0.573,0.000,0.427
265000,0.609,0.000,0.391
265500,0.641,0.000,0.359
266000,0.607,0.000,0.393
266500,0.636,0.000,0.364
267000,0.701,0.000,0.299
267500,0.701,0.000,0.299
268000,0.681,0.000,0.319
268500,0.674,0.000,0.326
269000,0.667,0.000,0.333
269500,0.714,0.000,0.286
270000,0.770,0.000,0.230
270500,0.781,0.000,0.219
271000,0.757,0.000,0.243
271500,0.702,0.000,0.298
272000,0.681,0.000,0.319
272500,0.637,0.000,0.363
273000,0.646,0.000,0.354
273500,0.665,0.000,0.335
274000,0.711,0.000,0.289
274500,0.723,0.000,0.277
275000,0.681,0.000,0.319
275500,0.692,0.000,0.308
276000,0.660,0.000,0.340
276500,0.680,0.000,0.320
277000,0.661,0.000,0.339
277500,0.673,0.000,0.327
278000,0.720,0.000,0.280
278500,0.739,0.000,0.261
279000,0.755,0.000,0.245
279500,0.771,0.000,0.229
280000,0.778,0.000,0.222
280500,0.769,0.000,0.231
281000,0.720,0.000,0.280
281500,0.712,0.000,0.288
282000,0.631,0.000,0.369
282500,0.617,0.000,0.383
283000,0.682,0.000,0.318
283500,0.664,0.000,0.336
284000,0.662,0.000,0.338
284500,0.625,0.000,0.375
285000,0.662,0.000,0.338
285500,0.654,0.000,0.346
286000,0.662,0.000,0.338
286500,0.664,0.000,0.336
287000,0.738,0.000,0.262
287500,0.750,0.000,0.250
288000,0.728,0.000,0.272
288500,0.751,0.000,0.249
289000,0.718,0.000,0.282
289500,0.759,0.000,0.241
290000,0.693,0.000,0.307
290500,0.718,0.000,0.282
291000,0.709,0.000,0.291
291500,0.702,0.000,0.298
292000,0.723,0.000,0.277
292500,0.750,0.000,0.250
293000,0.679,0.000,0.321
293500,0.643,0.000,0.357
294000,0.666,0.000,0.334
294500,0.661,0.000,0.339
295000,0.634,0.000,0.366
295500,0.640,0.000,0.360
296000,0.604,0.000,0.396
296500,0.653,0.000,0.347
297000,0.681,0.000,0.319
297500,0.659,0.000,0.341
298000,0.710,0.000,0.290
298500,0.733,0.000,0.267
299000,0.684,0.000,0.316
299500,0.737,0.000,0.263
300000,0.693,0.000,0.307
300500,0.712,0.000,0.288
301000,0.628,0.000,0.372
301500,0.637,0.000,0.363
302000,0.614,0.000,0.386
302500,0.684,0.000,0.316
303000,0.698,0.000,0.302
303500,0.735,0.000,0.265
304000,0.750,0.000,0.250
304500,0.770,0.000,0.230
305000,0.752,0.000,0.248
305500,0.730,0.000,0.270
306000,0.692,0.000,0.308
306500,0.727,0.000,0.273
307000,0.661,0.000,0.339
307500,0.675,0.000,0.325
308000,0.669,0.000,0.331
308500,0.705,0.000,0.295
309000,0.749,0.000,0.251
309500,0.747,0.000,0.253
310000,0.726,0.000,0.274
310500,0.752,0.000,0.248
311000,0.735,0.000,0.265
311500,0.757,0.000,0.243
312000,0.773,0.000,0.227
312500,0.702,0.000,0.298
313000,0.720,0.000,0.280
313500,0.713,0.000,0.287
314000,0.704,0.000,0.296
314500,0.640,0.000,0.360
315000,0.672,0.000,0.328
315500,0.643,0.000,0.357
316000,0.619,0.000,0.381
316500,0.641,0.000,0.359
317000,0.581,0.000,0.419
317500,0.577,0.000,0.423
318000,0.624,0.000,0.376
318500,0.655,0.000,0.345
319000,0.738,0.000,0.262
319500,0.754,0.000,0.246
320000,0.720,0.000,0.280
320500,0.728,0.000,0.272
321000,0.761,0.000,0.239
321500,0.762,0.000,0.238
322000,0.759,0.000,0.241
322500,0.780,0.000,0.220
323000,0.790,0.000,0.210
323500,0.766,0.000,0.234
324000,0.743,0.000,0.257
324500,0.750,0.000,0.250
325000,0.690,0.000,0.310
325500,0.637,0.000,0.363
326000,0.609,0.000,0.391
326500,0.603,0.003,0.395
327000,0.650,0.001,0.349
327500,0.720,0.000,0.280
328000,0.683,0.000,0.317
328500,0.680,0.000,0.320
329000,0.648,0.000,0.352
329500,0.618,0.000,0.382
330000,0.558,0.000,0.442
330500,0.624,0.000,0.376
331000,0.642,0.000,0.358
331500,0.640,0.000,0.360
332000,0.629,0.000,0.371
332500,0.697,0.000,0.303
333000,0.669,0.000,0.331
333500,0.657,0.000,0.343
334000,0.676,0.000,0.324
334500,0.700,0.000,0.300
335000,0.683,0.000,0.317
335500,0.714,0.000,0.286
336000,0.721,0.000,0.279
336500,0.749,0.000,0.251
337000,0.727,0.000,0.273
337500,0.663,0.000,0.337
338000,0.670,0.000,0.330
338500,0.612,0.000,0.388
339000,0.603,0.000,0.397
339500,0.666,0.000,0.334
340000,0.669,0.000,0.331
340500,0.671,0.000,0.329
341000,0.695,0.000,0.305
341500,0.669,0.000,0.331
342000,0.708,0.000,0.292
342500,0.667,0.000,0.333
343000,0.658,0.000,0.342
343500,0.669,0.000,0.331
344000,0.647,0.000,0.353
344500,0.668,0.000,0.332
345000,0.652,0.000,0.348
345500,0.639,0.000,0.361
346000,0.643,0.000,0.357
346500,0.698,0.000,0.302
347000,0.733,0.000,0.267
347500,0.731,0.000,0.269
348000,0.730,0.000,0.270
348500,0.719,0.000,0.281
349000,0.761,0.000,0.239
349500,0.757,0.000,0.243
350000,0.759,0.000,0.241
350500,0.748,0.000,0.252
351000,0.719,0.000,0.281
351500,0.731,0.000,0.269
352000,0.737,0.000,0.263
352500,0.698,0.000,0.302
353000,0.680,0.000,0.320
353500,0.657,0.000,0.343
354000,0.660,0.000,0.340
354500,0.691,0.000,0.309
355000,0.693,0.000,0.307
355500,0.635,0.000,0.365
356000,0.641,0.000,0.359
356500,0.740,0.000,0.260
357000,0.689,0.000,0.311
357500,0.655,0.000,0.345
358000,0.629,0.000,0.371
358500,0.541,0.000,0.459
359000,0.531,0.000,0.469
359500,0.558,0.000,0.442
360000,0.577,0.000,0.423
360500,0.594,0.000,0.406
361000,0.547,0.000,0.453
361500,0.601,0.000,0.399
362000,0.658,0.000,0.342
362500,0.696,0.000,0.304
363000,0.700,0.000,0.300
363500,0.722,0.000,0.278
364000,0.713,0.000,0.287
364500,0.696,0.000,0.304
365000,0.707,0.000,0.293
365500,0.736,0.000,0.264
366000,0.786,0.000,0.214
366500,0.741,0.000,0.259
367000,0.779,0.000,0.221
367500,0.745,0.000,0.255
368000,0.709,0.000,0.291
368500,0.696,0.000,0.304
369000,0.707,0.000,0.293
369500,0.705,0.000,0.295
370000,0.693,0.000,0.307
370500,0.701,0.000,0.299
371000,0.686,0.000,0.314
371500,0.761,0.000,0.239
372000,0.772,0.000,0.228
372500,0.766,0.000,0.234
373000,0.796,0.000,0.204
373500,0.797,0.000,0.203
374000,0.753,0.000,0.247
374500,0.751,0.000,0.249
375000,0.763,0.000,0.237
375500,0.736,0.000,0.264
376000,0.679,0.000,0.321
376500,0.722,0.000,0.278
377000,0.710,0.000,0.290
377500,0.693,0.000,0.307
378000,0.693,0.000,0.307
378500,0.681,0.000,0.319
379000,0.688,0.000,0.312
379500,0.681,0.000,0.319
380000,0.688,0.000,0.312
380500,0.665,0.000,0.335
381000,0.659,0.000,0.341
381500,0.716,0.000,0.284
382000,0.686,0.000,0.314
382500,0.733,0.000,0.267
383000,0.715,0.000,0.285
383500,0.730,0.000,0.270
384000,0.755,0.000,0.245
384500,0.755,0.000,0.245
385000,0.761,0.000,0.239
385500,0.758,0.000,0.242
386000,0.718,0.000,0.282
386500,0.716,0.000,0.284
387000,0.711,0.000,0.289
387500,0.706,0.000,0.294
388000,0.707,0.000,0.293
388500,0.701,0.000,0.299
389000,0.665,0.000,0.335
389500,0.682,0.000,0.318
390000,0.715,0.000,0.285
390500,0.715,0.000,0.285
391000,0.699,0.000,0.301
391500,0.642,0.000,0.358
392000,0.709,0.000,0.291
392500,0.741,0.000,0.259
393000,0.749,0.000,0.251
393500,0.730,0.000,0.270
394000,0.711,0.000,0.289
394500,0.692,0.000,0.308
395000,0.697,0.000,0.303
395500,0.660,0.000,0.340
396000,0.693,0.000,0.307
396500,0.716,0.000,0.284
397000,0.716,0.000,0.284
397500,0.696,0.000,0.304
398000,0.659,0.000,0.341
398500,0.632,0.000,0.368
399000,0.593,0.000,0.407
399500,0.603,0.000,0.397
400000,0.584,0.000,0.416
400500,0.567,0.000,0.433
401000,0.585,0.000,0.415
401500,0.665,0.000,0.335
402000,0.659,0.000,0.341
402500,0.690,0.000,0.310
403000,0.707,0.000,0.293
403500,0.671,0.000,0.329
404000,0.658,0.000,0.342
404500,0.714,0.000,0.286
405000,0.697,0.000,0.303
405500,0.718,0.000,0.282
406000,0.751,0.000,0.249
406500,0.726,0.000,0.274
407000,0.677,0.000,0.323
407500,0.699,0.000,0.301
408000,0.714,0.000,0.286
408500,0.737,0.000,0.263
409000,0.697,0.000,0.303
409500,0.697,0.000,0.303
410000,0.733,0.000,0.267
410500,0.712,0.000,0.288
411000,0.726,0.000,0.274
411500,0.707,0.000,0.293
412000,0.742,0.000,0.258
412500,0.676,0.000,0.324
413000,0.724,0.000,0.276
413500,0.696,0.000,0.304
414000,0.660,0.000,0.340
414500,0.712,0.000,0.288
415000,0.750,0.000,0.250
415500,0.703,0.000,0.297
416000,0.644,0.000,0.356
416500,0.649,0.000,0.351
417000,0.634,0.000,0.366
417500,0.719,0.000,0.281
418000,0.681,0.000,0.319
418500,0.695,0.000,0.305
419000,0.741,0.000,0.259
419500,0.747,0.000,0.253
420000,0.763,0.000,0.237
420500,0.720,0.000,0.280
421000,0.690,0.000,0.310
421500,0.645,0.000,0.355
422000,0.629,0.000,0.371
422500,0.665,0.000,0.335
423000,0.674,0.000,0.326
423500,0.666,0.000,0.334
424000,0.738,0.000,0.262
424500,0.733,0.000,0.267
425000,0.748,0.000,0.252
425500,0.758,0.000,0.242
426000,0.724,0.000,0.276
426500,0.741,0.000,0.259
427000,0.722,0.000,0.278
427500,0.672,0.000,0.328
428000,0.710,0.000,0.290
428500,0.674,0.000,0.326
429000,0.684,0.000,0.316
429500,0.666,0.000,0.334
430000,0.740,0.000,0.260
430500,0.753,0.000,0.247
431000,0.796,0.000,0.204
431500,0.830,0.000,0.170
432000,0.820,0.000,0.180
432500,0.763,0.000,0.237
433000,0.732,0.000,0.268
433500,0.766,0.000,0.234
434000,0.703,0.000,0.297
434500,0.727,0.000,0.273
435000,0.718,0.000,0.282
435500,0.712,0.000,0.288
436000,0.812,0.000,0.188
436500,0.807,0.000,0.193
437000,0.818,0.000,0.182
437500,0.783,0.000,0.217
438000,0.814,0.000,0.186
438500,0.825,0.000,0.175
439000,0.791,0.000,0.209
439500,0.771,0.000,0.229
440000,0.753,0.000,0.247
440500,0.748,0.000,0.252
441000,0.781,0.000,0.219
441500,0.762,0.000,0.238
442000,0.689,0.000,0.311
442500,0.670,0.000,0.330
443000,0.667,0.000,0.333
443500,0.681,0.000,0.319
444000,0.660,0.000,0.340
444500,0.679,0.000,0.321
445000,0.675,0.000,0.325
445500,0.644,0.000,0.356
446000,0.652,0.000,0.348
446500,0.663,0.000,0.337
447000,0.691,0.000,0.309
447500,0.682,0.000,0.318
448000,0.695,0.000,0.305
448500,0.703,0.000,0.297
449000,0.686,0.000,0.314
449500,0.688,0.000,0.312
450000,0.705,0.000,0.295
450500,0.704,0.000,0.296
451000,0.737,0.000,0.263
451500,0.759,0.000,0.241
452000,0.737,0.000,0.263
452500,0.678,0.000,0.322
453000,0.749,0.000,0.251
453500,0.737,0.000,0.263
454000,0.737,0.000,0.263
454500,0.650,0.000,0.350
455000,0.632,0.000,0.368
455500,0.632,0.000,0.368
456000,0.645,0.000,0.355
456500,0.644,0.000,0.356
457000,0.666,0.000,0.334
457500,0.683,0.000,0.317
458000,0.685,0.000,0.315
458500,0.707,0.000,0.293
459000,0.658,0.000,0.342
459500,0.621,0.000,0.379
460000,0.642,0.000,0.358
460500,0.665,0.000,0.335
461000,0.683,0.000,0.317
461500,0.644,0.000,0.356
462000,0.633,0.000,0.367
462500,0.674,0.000,0.326
463000,0.628,0.000,0.372
463500,0.641,0.000,0.359
464000,0.650,0.000,0.350
464500,0.649,0.000,0.351
465000,0.672,0.000,0.328
465500,0.721,0.000,0.279
466000,0.743,0.000,0.257
466500,0.744,0.000,0.256
467000,0.700,0.000,0.300
467500,0.659,0.000,0.341
468000,0.691,0.000,0.309
468500,0.688,0.000,0.312
469000,0.698,0.000,0.302
469500,0.725,0.000,0.275
470000,0.705,0.000,0.295
470500,0.695,0.000,0.305
471000,0.718,0.000,0.282
471500,0.744,0.000,0.256
472000,0.750,0.000,0.250
472500,0.775,0.000,0.225
473000,0.771,0.000,0.229
473500,0.765,0.000,0.235
474000,0.817,0.000,0.183
474500,0.774,0.000,0.226
475000,0.776,0.000,0.224
475500,0.733,0.000,0.267
476000,0.764,0.000,0.236
476500,0.759,0.000,0.241
477000,0.772,0.000,0.228
477500,0.803,0.000,0.197
478000,0.754,0.000,0.246
478500,0.700,0.000,0.300
479000,0.635,0.000,0.365
479500,0.636,0.000,0.364
480000,0.708,0.000,0.292
480500,0.714,0.000,0.286
481000,0.700,0.000,0.300
481500,0.717,0.000,0.283
482000,0.741,0.000,0.259
482500,0.701,0.000,0.299
483000,0.665,0.000,0.335
483500,0.634,0.000,0.366
484000,0.659,0.000,0.341
484500,0.672,0.000,0.328
485000,0.659,0.000,0.341
485500,0.633,0.000,0.367
486000,0.704,0.000,0.296
486500,0.677,0.000,0.323
487000,0.730,0.000,0.270
487500,0.722,0.000,0.278
488000,0.731,0.000,0.269
488500,0.736,0.000,0.264
489000,0.743,0.000,0.257
489500,0.672,0.000,0.328
490000,0.762,0.000,0.238
490500,0.749,0.000,0.251
491000,0.719,0.000,0.281
491500,0.732,0.000,0.268
492000,0.732,0.000,0.268
492500,0.733,0.000,0.267
493000,0.684,0.000,0.316
493500,0.615,0.000,0.385
494000,0.612,0.000,0.388
494500,0.657,0.000,0.343
495000,0.689,0.000,0.311
495500,0.710,0.000,0.290
496000,0.729,0.000,0.271
496500,0.689,0.000,0.311
497000,0.721,0.000,0.279
497500,0.747,0.000,0.253
498000,0.743,0.000,0.257
498500,0.735,0.000,0.265
499000,0.709,0.000,0.291
499500,0.701,0.000,0.299
500000,0.703,0.000,0.297
500500,0.698,0.000,0.302
501000,0.714,0.000,0.286
501500,0.758,0.000,0.242
502000,0.743,0.000,0.257
502500,0.732,0.000,0.268
503000,0.707,0.000,0.293
503500,0.710,0.000,0.290
504000,0.750,0.000,0.250
504500,0.711,0.000,0.289
505000,0.684,0.000,0.316
505500,0.721,0.000,0.279
506000,0.676,0.000,0.324
506500,0.690,0.000,0.310
507000,0.699,0.000,0.301
507500,0.677,0.000,0.323
508000,0.691,0.000,0.309
508500,0.654,0.000,0.346
509000,0.652,0.000,0.348
509500,0.696,0.000,0.304
510000,0.742,0.000,0.258
510500,0.716,0.000,0.284
511000,0.673,0.000,0.327
511500,0.660,0.000,0.340
512000,0.644,0.000,0.356
512500,0.628,0.000,0.372
513000,0.630,0.000,0.370
513500,0.643,0.000,0.357
514000,0.601,0.000,0.399
514500,0.600,0.000,0.400
515000,0.691,0.000,0.309
515500,0.718,0.000,0.282
516000,0.690,0.000,0.310
516500,0.701,0.000,0.299
517000,0.734,0.000,0.266
517500,0.697,0.000,0.303
518000,0.671,0.000,0.329
518500,0.680,0.000,0.320
519000,0.689,0.000,0.311
519500,0.707,0.000,0.293
520000,0.722,0.000,0.278
520500,0.729,0.000,0.271
521000,0.681,0.000,0.319
521500,0.656,0.000,0.344
522000,0.633,0.000,0.367
522500,0.664,0.000,0.336
523000,0.695,0.000,0.305
523500,0.674,0.000,0.326
524000,0.692,0.000,0.308
524500,0.667,0.000,0.333
525000,0.666,0.000,0.334
525500,0.673,0.000,0.327
526000,0.719,0.000,0.281
526500,0.749,0.000,0.251
527000,0.772,0.000,0.228
527500,0.740,0.000,0.260
528000,0.749,0.000,0.251
528500,0.739,0.000,0.261
529000,0.695,0.000,0.305
529500,0.681,0.000,0.319
530000,0.716,0.000,0.284
530500,0.762,0.000,0.238
531000,0.707,0.000,0.293
531500,0.635,0.000,0.365
532000,0.683,0.000,0.317
532500,0.647,0.000,0.353
533000,0.654,0.000,0.346
533500,0.644,0.000,0.356
534000,0.698,0.000,0.302
534500,0.710,0.000,0.290
535000,0.686,0.000,0.314
535500,0.638,0.000,0.362
536000,0.633,0.000,0.367
536500,0.653,0.000,0.347
537000,0.623,0.000,0.377
537500,0.597,0.000,0.403
538000,0.576,0.000,0.424
538500,0.586,0.000,0.414
539000,0.600,0.000,0.400
539500,0.615,0.000,0.385
540000,0.680,0.000,0.320
540500,0.718,0.000,0.282
541000,0.707,0.000,0.293
541500,0.696,0.000,0.304
542000,0.694,0.000,0.306
542500,0.683,0.000,0.317
543000,0.677,0.000,0.323
543500,0.715,0.000,0.285
544000,0.678,0.000,0.322
544500,0.673,0.000,0.327
545000,0.683,0.000,0.317
545500,0.678,0.000,0.322
546000,0.643,0.000,0.357
546500,0.696,0.000,0.304
547000,0.672,0.000,0.328
547500,0.695,0.000,0.305
548000,0.717,0.000,0.283
548500,0.708,0.000,0.292
549000,0.663,0.000,0.337
549500,0.625,0.000,0.375
550000,0.684,0.000,0.316
550500,0.723,0.000,0.277
551000,0.732,0.000,0.268
551500,0.760,0.000,0.240
552000,0.750,0.000,0.250
552500,0.742,0.000,0.258
553000,0.731,0.000,0.269
553500,0.725,0.000,0.275
554000,0.692,0.000,0.308
554500,0.745,0.000,0.255
555000,0.699,0.000,0.301
555500,0.690,0.000,0.310
556000,0.625,0.000,0.375
556500,0.648,0.000,0.352
557000,0.655,0.000,0.345
557500,0.659,0.000,0.341
558000,0.648,0.000,0.352
558500,0.659,0.000,0.341
559000,0.699,0.000,0.301
559500,0.740,0.000,0.260
560000,0.676,0.000,0.324
560500,0.649,0.000,0.351
561000,0.640,0.000,0.360
561500,0.678,0.000,0.322
562000,0.687,0.000,0.313
562500,0.709,0.000,0.291
563000,0.725,0.000,0.275
563500,0.645,0.000,0.355
564000,0.696,0.000,0.304
564500,0.722,0.000,0.278
565000,0.748,0.000,0.252
565500,0.714,0.000,0.286
566000,0.741,0.000,0.259
566500,0.660,0.000,0.340
567000,0.653,0.000,0.347
567500,0.633,0.000,0.367
568000,0.650,0.000,0.350
568500,0.655,0.000,0.345
569000,0.689,0.000,0.311
569500,0.733,0.000,0.267
570000,0.698,0.000,0.302
570500,0.735,0.000,0.265
571000,0.708,0.000,0.292
571500,0.741,0.000,0.259
572000,0.748,0.000,0.252
572500,0.701,0.000,0.299
573000,0.693,0.000,0.307
573500,0.686,0.000,0.314
574000,0.699,0.000,0.301
574500,0.661,0.000,0.339
575000,0.596,0.000,0.404
575500,0.610,0.000,0.390
576000,0.615,0.000,0.385
576500,0.643,0.000,0.357
577000,0.705,0.000,0.295
577500,0.705,0.000,0.295
578000,0.675,0.000,0.325
578500,0.671,0.000,0.329
579000,0.682,0.000,0.318
579500,0.696,0.000,0.304
580000,0.647,0.000,0.353
580500,0.670,0.000,0.330
581000,0.621,0.000,0.379
581500,0.631,0.000,0.369
582000,0.677,0.000,0.323
582500,0.713,0.000,0.287
583000,0.716,0.000,0.284
583500,0.735,0.000,0.265
584000,0.689,0.000,0.311
584500,0.700,0.000,0.300
585000,0.701,0.000,0.299
585500,0.700,0.000,0.300
586000,0.693,0.000,0.307
586500,0.646,0.000,0.354
587000,0.734,0.000,0.266
587500,0.800,0.000,0.200
588000,0.785,0.000,0.215
588500,0.782,0.000,0.218
589000,0.813,0.000,0.187
589500,0.760,0.000,0.240
590000,0.763,0.000,0.237
590500,0.704,0.000,0.296
591000,0.717,0.000,0.283
591500,0.690,0.000,0.310
592000,0.716,0.000,0.284
592500,0.713,0.000,0.287
593000,0.689,0.000,0.311
593500,0.666,0.000,0.334
594000,0.691,0.000,0.309
594500,0.716,0.000,0.284
595000,0.696,0.000,0.304
595500,0.659,0.000,0.341
596000,0.687,0.000,0.313
596500,0.703,0.000,0.297
597000,0.692,0.000,0.308
597500,0.724,0.000,0.276
598000,0.703,0.000,0.297
598500,0.698,0.000,0.302
599000,0.705,0.000,0.295
599500,0.673,0.000,0.327
600000,0.715,0.000,0.285
600500,0.732,0.000,0.268
601000,0.741,0.000,0.259
601500,0.723,0.000,0.277
602000,0.737,0.000,0.263
602500,0.723,0.000,0.277
603000,0.720,0.000,0.280
603500,0.690,0.000,0.310
604000,0.705,0.000,0.295
604500,0.783,0.000,0.217
605000,0.802,0.000,0.198
605500,0.809,0.000,0.191
606000,0.806,0.000,0.194
606500,0.859,0.000,0.141
607000,0.836,0.000,0.164
607500,0.844,0.000,0.156
608000,0.806,0.000,0.194
608500,0.820,0.000,0.180
609000,0.801,0.000,0.199
609500,0.801,0.000,0.199
610000,0.791,0.000,0.209
610500,0.798,0.000,0.202
611000,0.799,0.000,0.201
611500,0.787,0.000,0.213
612000,0.815,0.000,0.185
612500,0.782,0.000,0.218
613000,0.709,0.000,0.291
613500,0.687,0.000,0.313
614000,0.651,0.000,0.349
614500,0.757,0.000,0.243
615000,0.767,0.000,0.233
615500,0.774,0.000,0.226
616000,0.824,0.000,0.176
616500,0.830,0.000,0.170
617000,0.874,0.000,0.126
617500,0.889,0.000,0.111
618000,0.877,0.000,0.123
618500,0.858,0.000,0.142
619000,0.873,0.000,0.127
619500,0.844,0.000,0.156
620000,0.816,0.000,0.184
620500,0.824,0.000,0.176
621000,0.806,0.000,0.194
621500,0.776,0.000,0.224
622000,0.780,0.000,0.220
622500,0.730,0.000,0.270
623000,0.689,0.000,0.311
623500,0.724,0.000,0.276
624000,0.660,0.000,0.340
624500,0.665,0.000,0.335
625000,0.676,0.000,0.324
625500,0.635,0.000,0.365
626000,0.646,0.000,0.354
626500,0.712,0.000,0.288
627000,0.717,0.000,0.283
627500,0.709,0.000,0.291
628000,0.697,0.000,0.303
628500,0.690,0.000,0.310
629000,0.666,0.000,0.334
629500,0.668,0.000,0.332
630000,0.692,0.000,0.308
630500,0.669,0.000,0.331
631000,0.709,0.000,0.291
631500,0.746,0.000,0.254
632000,0.766,0.000,0.234
632500,0.767,0.000,0.233
633000,0.737,0.000,0.263
633500,0.692,0.000,0.308
634000,0.657,0.000,0.343
634500,0.634,0.000,0.366
635000,0.653,0.000,0.347
635500,0.640,0.000,0.360
636000,0.715,0.000,0.285
636500,0.721,0.000,0.279
637000,0.669,0.000,0.331
637500,0.677,0.000,0.323
638000,0.666,0.000,0.334
638500,0.707,0.000,0.293
639000,0.753,0.000,0.247
639500,0.729,0.000,0.271
640000,0.697,0.000,0.303
640500,0.692,0.000,0.308
641000,0.710,0.000,0.290
641500,0.699,0.000,0.301
642000,0.698,0.000,0.302
642500,0.674,0.000,0.326
643000,0.679,0.000,0.321
643500,0.692,0.000,0.308
644000,0.720,0.000,0.280
644500,0.732,0.000,0.268
645000,0.680,0.000,0.320
645500,0.721,0.000,0.279
646000,0.767,0.000,0.233
646500,0.746,0.000,0.254
647000,0.728,0.000,0.272
647500,0.736,0.000,0.264
648000,0.767,0.000,0.233
648500,0.777,0.000,0.223
649000,0.754,0.000,0.246
649500,0.771,0.000,0.229
650000,0.777,0.000,0.223
650500,0.761,0.000,0.239
651000,0.731,0.000,0.269
651500,0.751,0.000,0.249
652000,0.731,0.000,0.269
652500,0.772,0.000,0.228
653000,0.739,0.000,0.261
653500,0.713,0.000,0.287
654000,0.703,0.000,0.297
654500,0.726,0.000,0.274
655000,0.690,0.000,0.310
655500,0.672,0.000,0.328
656000,0.699,0.000,0.301
656500,0.716,0.000,0.284
657000,0.652,0.000,0.348
657500,0.677,0.000,0.323
658000,0.743,0.000,0.257
658500,0.755,0.000,0.245
659000,0.713,0.000,0.287
659500,0.676,0.000,0.324
660000,0.699,0.000,0.301
660500,0.735,0.000,0.265
661000,0.722,0.000,0.278
661500,0.718,0.000,0.282
662000,0.712,0.000,0.288
662500,0.746,0.000,0.254
663000,0.695,0.000,0.305
663500,0.697,0.000,0.303
664000,0.765,0.000,0.235
664500,0.744,0.000,0.256
665000,0.764,0.000,0.236
665500,0.694,0.000,0.306
666000,0.702,0.000,0.298
666500,0.686,0.000,0.314
667000,0.666,0.000,0.334
667500,0.647,0.000,0.353
668000,0.690,0.000,0.310
668500,0.640,0.000,0.360
669000,0.683,0.000,0.317
669500,0.697,0.000,0.303
670000,0.735,0.000,0.265
670500,0.741,0.000,0.259
671000,0.699,0.000,0.301
671500,0.696,0.000,0.304
672000,0.723,0.000,0.277
672500,0.715,0.000,0.285
673000,0.702,0.000,0.298
673500,0.694,0.000,0.306
674000,0.674,0.000,0.326
674500,0.605,0.000,0.395
675000,0.673,0.000,0.327
675500,0.700,0.000,0.300
676000,0.744,0.000,0.256
676500,0.767,0.000,0.233
677000,0.757,0.000,0.243
677500,0.688,0.000,0.312
678000,0.738,0.000,0.262
678500,0.743,0.000,0.257
679000,0.772,0.000,0.228
679500,0.737,0.000,0.263
680000,0.741,0.000,0.259
680500,0.719,0.000,0.281
681000,0.702,0.000,0.298
681500,0.749,0.000,0.251
682000,0.803,0.000,0.197
682500,0.809,0.000,0.191
683000,0.774,0.000,0.226
683500,0.780,0.000,0.220
684000,0.782,0.000,0.218
684500,0.797,0.000,0.203
685000,0.771,0.000,0.229
685500,0.758,0.000,0.242
686000,0.722,0.000,0.278
686500,0.738,0.000,0.262
687000,0.764,0.000,0.236
687500,0.707,0.000,0.293
688000,0.713,0.000,0.287
688500,0.669,0.000,0.331
689000,0.692,0.000,0.308
689500,0.632,0.000,0.368
690000,0.680,0.000,0.320
690500,0.729,0.000,0.271
691000,0.747,0.000,0.253
691500,0.735,0.000,0.265
692000,0.752,0.000,0.248
692500,0.763,0.000,0.237
693000,0.723,0.000,0.277
693500,0.717,0.000,0.283
694000,0.716,0.000,0.284
694500,0.695,0.000,0.305
695000,0.708,0.000,0.292
695500,0.719,0.000,0.281
696000,0.676,0.000,0.324
696500,0.660,0.000,0.340
697000,0.743,0.000,0.257
697500,0.783,0.000,0.217
698000,0.774,0.000,0.226
698500,0.772,0.000,0.228
699000,0.723,0.000,0.277
699500,0.767,0.000,0.233
700000,0.777,0.000,0.223
700500,0.806,0.000,0.194
701000,0.750,0.000,0.250
701500,0.764,0.000,0.236
702000,0.729,0.000,0.271
702500,0.728,0.000,0.272
703000,0.767,0.000,0.233
703500,0.741,0.000,0.259
704000,0.671,0.000,0.329
704500,0.652,0.000,0.348
705000,0.697,0.000,0.303
705500,0.682,0.000,0.318
706000,0.705,0.000,0.295
706500,0.695,0.000,0.305
707000,0.707,0.000,0.293
707500,0.691,0.000,0.309
708000,0.698,0.000,0.302
708500,0.700,0.000,0.300
709000,0.738,0.000,0.262
709500,0.675,0.000,0.325
710000,0.679,0.000,0.321
710500,0.636,0.000,0.364
711000,0.649,0.000,0.351
711500,0.683,0.000,0.317
712000,0.684,0.000,0.316
712500,0.725,0.000,0.275
713000,0.707,0.000,0.293
713500,0.684,0.000,0.316
714000,0.656,0.000,0.344
714500,0.685,0.000,0.315
715000,0.690,0.000,0.310
715500,0.709,0.000,0.291
716000,0.678,0.000,0.322
716500,0.707,0.000,0.293
717000,0.678,0.000,0.322
717500,0.662,0.000,0.338
718000,0.702,0.000,0.298
718500,0.694,0.000,0.306
719000,0.715,0.000,0.285
719500,0.722,0.000,0.278
720000,0.771,0.000,0.229
720500,0.753,0.000,0.247
721000,0.777,0.000,0.223
721500,0.700,0.000,0.300
722000,0.676,0.000,0.324
722500,0.683,0.000,0.317
723000,0.694,0.000,0.306
723500,0.733,0.000,0.267
724000,0.783,0.000,0.217
724500,0.790,0.000,0.210
725000,0.771,0.000,0.229
725500,0.753,0.000,0.247
726000,0.752,0.000,0.248
726500,0.742,0.000,0.258
727000,0.729,0.000,0.271
727500,0.764,0.000,0.236
728000,0.721,0.000,0.279
728500,0.726,0.000,0.274
729000,0.725,0.000,0.275
729500,0.697,0.000,0.303
730000,0.739,0.000,0.261
730500,0.765,0.000,0.235
731000,0.726,0.000,0.274
731500,0.721,0.000,0.279
732000,0.692,0.000,0.308
732500,0.685,0.000,0.315
733000,0.750,0.000,0.250
733500,0.740,0.000,0.260
734000,0.746,0.000,0.254
734500,0.709,0.000,0.291
735000,0.678,0.000,0.322
735500,0.729,0.000,0.271
736000,0.748,0.000,0.252
736500,0.746,0.000,0.254
737000,0.706,0.000,0.294
737500,0.706,0.000,0.294
738000,0.763,0.000,0.237
738500,0.645,0.000,0.355
739000,0.620,0.000,0.380
739500,0.625,0.000,0.375
740000,0.690,0.000,0.310
740500,0.689,0.000,0.311
741000,0.717,0.000,0.283
741500,0.655,0.000,0.345
742000,0.645,0.000,0.355
742500,0.717,0.000,0.283
743000,0.698,0.000,0.302
743500,0.641,0.000,0.359
744000,0.684,0.000,0.316
744500,0.701,0.000,0.299
745000,0.703,0.000,0.297
745500,0.711,0.000,0.289
746000,0.727,0.000,0.273
746500,0.741,0.000,0.259
747000,0.761,0.000,0.239
747500,0.770,0.000,0.230
748000,0.805,0.000,0.195
748500,0.841,0.000,0.159
749000,0.891,0.000,0.109
749500,0.852,0.000,0.148
750000,0.806,0.000,0.194
750500,0.769,0.000,0.231
751000,0.798,0.000,0.202
751500,0.798,0.000,0.202
752000,0.735,0.000,0.265
752500,0.696,0.000,0.304
753000,0.705,0.000,0.295
753500,0.687,0.000,0.313
754000,0.668,0.000,0.332
754500,0.631,0.000,0.369
755000,0.640,0.000,0.360
755500,0.591,0.000,0.409
756000,0.680,0.000,0.320
756500,0.693,0.000,0.307
757000,0.701,0.000,0.299
757500,0.708,0.000,0.292
758000,0.705,0.000,0.295
758500,0.685,0.000,0.315
759000,0.641,0.000,0.359
759500,0.609,0.000,0.391
760000,0.599,0.000,0.401
760500,0.638,0.000,0.362
761000,0.601,0.000,0.399
761500,0.629,0.000,0.371
762000,0.654,0.000,0.346
762500,0.693,0.000,0.307
763000,0.728,0.000,0.272
763500,0.728,0.000,0.272
764000,0.733,0.000,0.267
764500,0.704,0.000,0.296
765000,0.678,0.000,0.322
765500,0.657,0.000,0.343
766000,0.717,0.000,0.283
766500,0.755,0.000,0.245
767000,0.726,0.000,0.274
767500,0.681,0.000,0.319
768000,0.742,0.000,0.258
768500,0.702,0.000,0.298
769000,0.676,0.000,0.324
769500,0.690,0.000,0.310
770000,0.736,0.000,0.264
770500,0.744,0.000,0.256
771000,0.795,0.000,0.205
771500,0.793,0.000,0.207
772000,0.809,0.000,0.191
772500,0.762,0.000,0.238
773000,0.729,0.000,0.271
773500,0.700,0.000,0.300
774000,0.681,0.000,0.319
774500,0.680,0.000,0.320
775000,0.732,0.000,0.268
775500,0.685,0.000,0.315
776000,0.643,0.000,0.357
776500,0.609,0.000,0.391
777000,0.600,0.000,0.400
777500,0.652,0.000,0.348
778000,0.676,0.000,0.324
778500,0.664,0.000,0.336
779000,0.681,0.000,0.319
779500,0.625,0.000,0.375
780000,0.611,0.000,0.389
780500,0.666,0.000,0.334
781000,0.704,0.000,0.296
781500,0.732,0.000,0.268
782000,0.722,0.000,0.278
782500,0.741,0.000,0.259
783000,0.728,0.000,0.272
783500,0.798,0.000,0.202
784000,0.813,0.000,0.187
784500,0.764,0.000,0.236
785000,0.704,0.000,0.296
785500,0.729,0.000,0.271
786000,0.681,0.000,0.319
786500,0.643,0.000,0.357
787000,0.626,0.000,0.374
787500,0.647,0.000,0.353
788000,0.680,0.000,0.320
788500,0.751,0.000,0.249
789000,0.736,0.000,0.264
789500,0.728,0.000,0.272
790000,0.721,0.000,0.279
790500,0.716,0.000,0.284
791000,0.705,0.000,0.295
791500,0.638,0.000,0.362
792000,0.666,0.000,0.334
792500,0.662,0.000,0.338
793000,0.697,0.000,0.303
793500,0.658,0.000,0.342
794000,0.685,0.000,0.315
794500,0.659,0.000,0.341
795000,0.669,0.000,0.331
795500,0.652,0.000,0.348
796000,0.597,0.000,0.403
796500,0.664,0.000,0.336
797000,0.705,0.000,0.295
797500,0.756,0.000,0.244
798000,0.715,0.000,0.285
798500,0.693,0.000,0.307
799000,0.663,0.000,0.337
799500,0.674,0.000,0.326
800000,0.715,0.000,0.285
800500,0.746,0.000,0.254
801000,0.673,0.000,0.327
801500,0.642,0.000,0.358
802000,0.661,0.000,0.339
802500,0.669,0.000,0.331
803000,0.635,0.000,0.365
803500,0.650,0.000,0.350
804000,0.673,0.000,0.327
804500,0.710,0.000,0.290
805000,0.674,0.000,0.326
805500,0.711,0.000,0.289
806000,0.658,0.000,0.342
806500,0.588,0.000,0.412
807000,0.616,0.000,0.384
807500,0.633,0.000,0.367
808000,0.625,0.000,0.375
808500,0.579,0.000,0.421
809000,0.644,0.000,0.356
809500,0.647,0.000,0.353
810000,0.617,0.000,0.383
810500,0.657,0.000,0.343
811000,0.640,0.000,0.360
811500,0.651,0.000,0.349
812000,0.640,0.000,0.360
812500,0.584,0.000,0.416
813000,0.600,0.000,0.400
813500,0.690,0.000,0.310
814000,0.628,0.000,0.372
814500,0.654,0.000,0.346
815000,0.622,0.000,0.378
815500,0.658,0.000,0.342
816000,0.680,0.000,0.320
816500,0.700,0.000,0.300
817000,0.713,0.000,0.287
817500,0.728,0.000,0.272
818000,0.774,0.000,0.226
818500,0.737,0.000,0.263
819000,0.692,0.000,0.308
819500,0.753,0.000,0.247
820000,0.719,0.000,0.281
820500,0.747,0.000,0.253
821000,0.738,0.000,0.262
821500,0.680,0.000,0.320
822000,0.659,0.000,0.341
822500,0.695,0.000,0.305
823000,0.682,0.000,0.318
823500,0.633,0.000,0.367
824000,0.610,0.000,0.390
824500,0.600,0.000,0.400
825000,0.646,0.000,0.354
825500,0.676,0.000,0.324
826000,0.725,0.000,0.275
826500,0.706,0.000,0.294
827000,0.728,0.000,0.272
827500,0.709,0.000,0.291
828000,0.712,0.000,0.288
828500,0.678,0.000,0.322
829000,0.718,0.000,0.282
829500,0.667,0.000,0.333
830000,0.650,0.000,0.350
830500,0.667,0.000,0.333
831000,0.676,0.000,0.324
831500,0.672,0.000,0.328
832000,0.694,0.000,0.306
832500,0.633,0.000,0.367
833000,0.631,0.000,0.369
833500,0.653,0.000,0.347
834000,0.694,0.000,0.306
834500,0.713,0.000,0.287
835000,0.730,0.000,0.270
835500,0.722,0.000,0.278
836000,0.763,0.000,0.237
836500,0.795,0.000,0.205
837000,0.792,0.000,0.208
837500,0.801,0.000,0.199
838000,0.747,0.000,0.253
838500,0.742,0.000,0.258
839000,0.748,0.000,0.252
839500,0.718,0.000,0.282
840000,0.716,0.000,0.284
840500,0.724,0.000,0.276
841000,0.741,0.000,0.259
841500,0.748,0.000,0.252
842000,0.759,0.000,0.241
842500,0.704,0.000,0.296
843000,0.669,0.000,0.331
843500,0.687,0.000,0.313
844000,0.730,0.000,0.270
844500,0.755,0.000,0.245
845000,0.761,0.000,0.239
845500,0.749,0.000,0.251
846000,0.764,0.000,0.236
846500,0.763,0.000,0.237
847000,0.740,0.000,0.260
847500,0.778,0.000,0.222
848000,0.777,0.000,0.223
848500,0.758,0.000,0.242
849000,0.787,0.000,0.213
849500,0.727,0.000,0.273
850000,0.740,0.000,0.260
850500,0.795,0.000,0.205
851000,0.751,0.000,0.249
851500,0.712,0.000,0.288
852000,0.686,0.000,0.314
852500,0.735,0.000,0.265
853000,0.772,0.000,0.228
853500,0.744,0.000,0.256
854000,0.745,0.000,0.255
854500,0.679,0.000,0.321
855000,0.691,0.000,0.309
855500,0.682,0.000,0.318
856000,0.643,0.000,0.357
856500,0.642,0.000,0.358
857000,0.596,0.000,0.404
857500,0.605,0.000,0.395
858000,0.665,0.000,0.335
858500,0.674,0.000,0.326
859000,0.680,0.000,0.320
859500,0.686,0.000,0.314
860000,0.676,0.000,0.324
860500,0.680,0.000,0.320
861000,0.653,0.000,0.347
861500,0.700,0.000,0.300
862000,0.693,0.000,0.307
862500,0.692,0.000,0.308
863000,0.742,0.000,0.258
863500,0.697,0.000,0.303
864000,0.644,0.000,0.356
864500,0.637,0.000,0.363
865000,0.670,0.000,0.330
865500,0.654,0.000,0.346
866000,0.597,0.000,0.403
866500,0.636,0.000,0.364
867000,0.610,0.000,0.390
867500,0.664,0.000,0.336
868000,0.636,0.000,0.364
868500,0.652,0.000,0.348
869000,0.706,0.000,0.294
869500,0.733,0.000,0.267
870000,0.733,0.000,0.267
870500,0.717,0.000,0.283
871000,0.693,0.000,0.307
871500,0.684,0.000,0.316
872000,0.729,0.000,0.271
872500,0.724,0.000,0.276
873000,0.760,0.000,0.240
873500,0.692,0.000,0.308
874000,0.732,0.000,0.268
874500,0.756,0.000,0.244
875000,0.721,0.000,0.279
875500,0.691,0.000,0.309
876000,0.694,0.000,0.306
876500,0.658,0.000,0.342
877000,0.703,0.000,0.297
877500,0.768,0.000,0.232
878000,0.763,0.000,0.237
878500,0.754,0.000,0.246
879000,0.750,0.000,0.250
879500,0.793,0.000,0.207
880000,0.754,0.000,0.246
880500,0.764,0.000,0.236
881000,0.737,0.000,0.263
881500,0.720,0.000,0.280
882000,0.702,0.000,0.298
882500,0.659,0.000,0.341
883000,0.675,0.000,0.325
883500,0.658,0.000,0.342
884000,0.675,0.000,0.325
884500,0.672,0.000,0.328
885000,0.694,0.000,0.306
885500,0.713,0.000,0.287
886000,0.696,0.000,0.304
886500,0.666,0.000,0.334
887000,0.690,0.000,0.310
887500,0.726,0.000,0.274
888000,0.746,0.000,0.254
888500,0.725,0.000,0.275
889000,0.734,0.000,0.266
889500,0.772,0.000,0.228
890000,0.733,0.000,0.267
890500,0.728,0.000,0.272
891000,0.745,0.000,0.255
891500,0.741,0.000,0.259
892000,0.729,0.000,0.271
892500,0.729,0.000,0.271
893000,0.759,0.000,0.241
893500,0.751,0.000,0.249
894000,0.791,0.000,0.209
894500,0.806,0.000,0.194
895000,0.797,0.000,0.203
895500,0.726,0.000,0.274
896000,0.706,0.000,0.294
896500,0.678,0.000,0.322
897000,0.735,0.000,0.265
897500,0.762,0.000,0.238
898000,0.759,0.000,0.241
898500,0.759,0.000,0.241
899000,0.764,0.000,0.236
899500,0.772,0.000,0.228
900000,0.731,0.000,0.269
900500,0.767,0.000,0.233
901000,0.767,0.000,0.233
901500,0.772,0.000,0.228
902000,0.751,0.000,0.249
902500,0.755,0.000,0.245
903000,0.729,0.000,0.271
903500,0.668,0.000,0.332
904000,0.703,0.000,0.297
904500,0.676,0.000,0.324
905000,0.712,0.000,0.288
905500,0.730,0.000,0.270
906000,0.694,0.000,0.306
906500,0.631,0.000,0.369
907000,0.664,0.000,0.336
907500,0.717,0.000,0.283
908000,0.661,0.000,0.339
908500,0.682,0.000,0.318
909000,0.696,0.000,0.304
909500,0.741,0.000,0.259
910000,0.774,0.000,0.226
910500,0.757,0.000,0.243
911000,0.760,0.000,0.240
911500,0.765,0.000,0.235
912000,0.756,0.000,0.244
912500,0.714,0.000,0.286
913000,0.740,0.000,0.260
913500,0.717,0.000,0.283
914000,0.680,0.000,0.320
914500,0.717,0.000,0.283
915000,0.718,0.000,0.282
915500,0.727,0.000,0.273
916000,0.715,0.000,0.285
916500,0.708,0.000,0.292
917000,0.730,0.000,0.270
917500,0.723,0.000,0.277
918000,0.718,0.000,0.282
918500,0.722,0.000,0.278
919000,0.731,0.000,0.269
919500,0.766,0.000,0.234
920000,0.707,0.000,0.293
920500,0.731,0.000,0.269
921000,0.745,0.000,0.255
921500,0.745,0.000,0.255
922000,0.715,0.000,0.285
922500,0.710,0.000,0.290
923000,0.692,0.000,0.308
923500,0.725,0.000,0.275
924000,0.721,0.000,0.279
924500,0.686,0.000,0.314
925000,0.763,0.000,0.237
925500,0.704,0.000,0.296
926000,0.662,0.000,0.338
926500,0.665,0.000,0.335
927000,0.635,0.000,0.365
927500,0.649,0.000,0.351
928000,0.708,0.000,0.292
928500,0.659,0.000,0.341
929000,0.679,0.000,0.321
929500,0.674,0.000,0.326
930000,0.669,0.000,0.331
930500,0.704,0.000,0.296
931000,0.693,0.000,0.307
931500,0.682,0.000,0.318
932000,0.673,0.000,0.327
932500,0.663,0.000,0.337
933000,0.725,0.000,0.275
933500,0.729,0.000,0.271
934000,0.675,0.000,0.325
934500,0.645,0.000,0.355
935000,0.666,0.000,0.334
935500,0.670,0.000,0.330
936000,0.691,0.000,0.309
936500,0.741,0.000,0.259
937000,0.749,0.000,0.251
937500,0.796,0.000,0.204
938000,0.805,0.000,0.195
938500,0.771,0.000,0.229
939000,0.758,0.000,0.242
939500,0.760,0.000,0.240
940000,0.788,0.000,0.212
940500,0.758,0.000,0.242
941000,0.697,0.000,0.303
941500,0.699,0.000,0.301
942000,0.710,0.000,0.290
942500,0.683,0.000,0.317
943000,0.675,0.000,0.325
943500,0.659,0.000,0.341
944000,0.679,0.000,0.321
944500,0.713,0.000,0.287
945000,0.723,0.000,0.277
945500,0.735,0.000,0.265
946000,0.709,0.000,0.291
946500,0.744,0.000,0.256
947000,0.663,0.000,0.337
947500,0.627,0.000,0.373
948000,0.710,0.000,0.290
948500,0.697,0.000,0.303
949000,0.705,0.000,0.295
949500,0.691,0.000,0.309
950000,0.726,0.000,0.274
950500,0.724,0.000,0.276
951000,0.730,0.000,0.270
951500,0.680,0.000,0.320
952000,0.666,0.000,0.334
952500,0.644,0.000,0.356
953000,0.692,0.000,0.308
953500,0.624,0.000,0.376
954000,0.633,0.000,0.367
954500,0.671,0.000,0.329
955000,0.725,0.000,0.275
955500,0.710,0.000,0.290
956000,0.708,0.000,0.292
956500,0.705,0.000,0.295
957000,0.659,0.000,0.341
957500,0.670,0.000,0.330
958000,0.676,0.000,0.324
958500,0.666,0.000,0.334
959000,0.715,0.000,0.285
959500,0.716,0.000,0.284
960000,0.735,0.000,0.265
960500,0.696,0.000,0.304
961000,0.706,0.000,0.294
961500,0.633,0.000,0.367
962000,0.634,0.000,0.366
962500,0.612,0.000,0.388
963000,0.622,0.000,0.378
963500,0.646,0.000,0.354
964000,0.660,0.000,0.340
964500,0.651,0.000,0.349
965000,0.608,0.000,0.392
965500,0.648,0.000,0.352
966000,0.661,0.000,0.339
966500,0.682,0.000,0.318
967000,0.708,0.000,0.292
967500,0.735,0.000,0.265
968000,0.740,0.000,0.260
968500,0.705,0.000,0.295
969000,0.664,0.000,0.336
969500,0.676,0.000,0.324
970000,0.743,0.000,0.257
970500,0.759,0.000,0.241
971000,0.743,0.000,0.257
971500,0.717,0.000,0.283
972000,0.623,0.000,0.377
972500,0.626,0.000,0.374
973000,0.660,0.000,0.340
973500,0.650,0.000,0.350
974000,0.674,0.000,0.326
974500,0.647,0.000,0.353
975000,0.670,0.000,0.330
975500,0.603,0.000,0.397
976000,0.654,0.000,0.346
976500,0.679,0.000,0.321
977000,0.693,0.000,0.307
977500,0.694,0.000,0.306
978000,0.692,0.000,0.308
978500,0.668,0.000,0.332
979000,0.685,0.000,0.315
979500,0.719,0.000,0.281
980000,0.714,0.000,0.286
980500,0.688,0.000,0.312
981000,0.688,0.000,0.312
981500,0.687,0.000,0.313
982000,0.691,0.000,0.309
982500,0.708,0.000,0.292
983000,0.631,0.000,0.369
983500,0.645,0.000,0.355
984000,0.680,0.000,0.320
984500,0.672,0.000,0.328
985000,0.601,0.000,0.399
985500,0.668,0.000,0.332
986000,0.652,0.000,0.348
986500,0.644,0.000,0.356
987000,0.623,0.000,0.377
987500,0.694,0.000,0.306
988000,0.660,0.000,0.340
988500,0.611,0.000,0.389
989000,0.663,0.000,0.337
989500,0.698,0.000,0.302
990000,0.671,0.000,0.329
990500,0.649,0.000,0.351
991000,0.695,0.000,0.305
991500,0.706,0.000,0.294
992000,0.673,0.000,0.327
992500,0.670,0.000,0.330
993000,0.669,0.000,0.331
993500,0.648,0.000,0.352
994000,0.644,0.000,0.356
994500,0.656,0.000,0.344
995000,0.648,0.000,0.352
995500,0.654,0.000,0.346
996000,0.631,0.000,0.369
996500,0.609,0.000,0.391
997000,0.612,0.000,0.388
997500,0.655,0.000,0.345
998000,0.704,0.000,0.296
998500,0.690,0.000,0.310
999000,0.657,0.000,0.343
999500,0.715,0.000,0.285
1000000,0.712,0.000,0.288
