time,n_A+p,n_B,n_AB
500,0.050,0.776,0.174
1000,0.050,0.544,0.406
1500,0.050,0.377,0.573
2000,0.050,0.286,0.663
2500,0.052,0.243,0.705
3000,0.051,0.171,0.778
3500,0.059,0.214,0.727
4000,0.065,0.169,0.766
4500,0.068,0.186,0.745
5000,0.075,0.153,0.772
5500,0.141,0.083,0.776
6000,0.224,0.036,0.740
6500,0.333,0.015,0.652
7000,0.476,0.003,0.521
7500,0.514,0.000,0.486
8000,0.504,0.000,0.496
8500,0.556,0.000,0.444
9000,0.553,0.000,0.447
9500,0.576,0.000,0.424
10000,0.571,0.000,0.429
10500,0.542,0.000,0.458
11000,0.545,0.000,0.455
11500,0.577,0.000,0.423
12000,0.558,0.000,0.442
12500,0.523,0.000,0.477
13000,0.554,0.000,0.446
13500,0.544,0.000,0.456
14000,0.592,0.000,0.408
14500,0.613,0.000,0.387
15000,0.577,0.000,0.423
15500,0.580,0.000,0.420
16000,0.613,0.000,0.387
16500,0.663,0.000,0.337
17000,0.698,0.000,0.302
17500,0.669,0.000,0.331
18000,0.703,0.000,0.297
18500,0.698,0.000,0.302
19000,0.770,0.000,0.230
19500,0.681,0.000,0.319
20000,0.640,0.000,0.360
20500,0.657,0.000,0.343
21000,0.633,0.000,0.367
21500,0.603,0.000,0.397
22000,0.612,0.000,0.388
22500,0.633,0.000,0.367
23000,0.690,0.000,0.310
23500,0.680,0.000,0.320
24000,0.664,0.000,0.336
24500,0.625,0.000,0.375
25000,0.642,0.000,0.358
25500,0.634,0.000,0.366
26000,0.690,0.000,0.310
26500,0.659,0.000,0.341
27000,0.642,0.000,0.358
27500,0.636,0.000,0.364
28000,0.679,0.000,0.321
28500,0.716,0.000,0.284
29000,0.747,0.000,0.253
29500,0.755,0.000,0.245
30000,0.772,0.000,0.228
30500,0.799,0.000,0.201
31000,0.718,0.000,0.282
31500,0.686,0.000,0.314
32000,0.603,0.000,0.397
32500,0.641,0.000,0.359
33000,0.663,0.000,0.337
33500,0.649,0.000,0.351
34000,0.667,0.000,0.333
34500,0.621,0.000,0.379
35000,0.610,0.000,0.390
35500,0.607,0.000,0.393
36000,0.637,0.000,0.363
36500,0.636,0.000,0.364
37000,0.663,0.000,0.337
37500,0.646,0.000,0.354
38000,0.696,0.000,0.304
38500,0.686,0.000,0.314
39000,0.696,0.000,0.304
39500,0.621,0.000,0.379
40000,0.587,0.000,0.413
40500,0.625,0.000,0.375
41000,0.625,0.000,0.375
41500,0.604,0.000,0.396
42000,0.573,0.000,0.427
42500,0.605,0.000,0.395
43000,0.603,0.000,0.397
43500,0.575,0.000,0.425
44000,0.553,0.000,0.447
44500,0.538,0.000,0.462
45000,0.549,0.000,0.451
45500,0.564,0.000,0.436
46000,0.520,0.000,0.480
46500,0.584,0.000,0.416
47000,0.509,0.000,0.491
47500,0.581,0.000,0.419
48000,0.625,0.000,0.375
48500,0.615,0.000,0.385
49000,0.631,0.000,0.369
49500,0.597,0.000,0.403
50000,0.580,0.000,0.420
50500,0.596,0.000,0.404
51000,0.572,0.000,0.428
51500,0.508,0.000,0.492
52000,0.564,0.000,0.436
52500,0.570,0.000,0.430
53000,0.660,0.000,0.340
53500,0.649,0.000,0.351
54000,0.598,0.000,0.402
54500,0.622,0.000,0.378
55000,0.653,0.000,0.347
55500,0.592,0.000,0.408
56000,0.584,0.006,0.410
56500,0.586,0.001,0.413
57000,0.670,0.000,0.330
57500,0.681,0.000,0.319
58000,0.690,0.000,0.310
58500,0.683,0.000,0.317
59000,0.627,0.000,0.373
59500,0.537,0.000,0.463
60000,0.583,0.000,0.417
60500,0.587,0.000,0.413
61000,0.592,0.000,0.408
61500,0.602,0.000,0.398
62000,0.686,0.000,0.314
62500,0.678,0.000,0.322
63000,0.707,0.000,0.293
63500,0.689,0.000,0.311
64000,0.654,0.000,0.346
64500,0.672,0.000,0.328
65000,0.672,0.000,0.328
65500,0.633,0.000,0.367
66000,0.653,0.000,0.347
66500,0.582,0.000,0.418
67000,0.613,0.000,0.387
67500,0.633,0.000,0.367
68000,0.564,0.000,0.436
68500,0.605,0.000,0.395
69000,0.674,0.000,0.326
69500,0.704,0.000,0.296
70000,0.698,0.000,0.302
70500,0.667,0.000,0.333
71000,0.615,0.000,0.385
71500,0.640,0.000,0.360
72000,0.578,0.000,0.422
72500,0.600,0.000,0.400
73000,0.594,0.000,0.406
73500,0.638,0.000,0.362
74000,0.603,0.000,0.397
74500,0.644,0.000,0.356
75000,0.633,0.000,0.367
75500,0.623,0.000,0.377
76000,0.625,0.000,0.375
76500,0.646,0.000,0.354
77000,0.625,0.000,0.375
77500,0.633,0.000,0.367
78000,0.698,0.000,0.302
78500,0.649,0.000,0.351
79000,0.630,0.000,0.370
79500,0.679,0.000,0.321
80000,0.638,0.000,0.362
80500,0.600,0.000,0.400
81000,0.570,0.000,0.430
81500,0.570,0.000,0.430
82000,0.636,0.000,0.364
82500,0.626,0.000,0.374
83000,0.619,0.000,0.381
83500,0.632,0.000,0.368
84000,0.607,0.000,0.393
84500,0.593,0.000,0.407
85000,0.571,0.000,0.429
85500,0.569,0.000,0.431
86000,0.600,0.000,0.400
86500,0.620,0.000,0.380
87000,0.610,0.000,0.390
87500,0.628,0.000,0.372
88000,0.649,0.000,0.351
88500,0.656,0.000,0.344
89000,0.609,0.000,0.391
89500,0.611,0.000,0.389
90000,0.556,0.000,0.444
90500,0.536,0.000,0.464
91000,0.571,0.000,0.429
91500,0.628,0.000,0.372
92000,0.610,0.000,0.390
92500,0.576,0.000,0.424
93000,0.539,0.000,0.461
93500,0.582,0.000,0.418
94000,0.612,0.000,0.388
94500,0.632,0.000,0.368
95000,0.612,0.000,0.388
95500,0.625,0.000,0.375
96000,0.629,0.000,0.371
96500,0.672,0.000,0.328
97000,0.621,0.000,0.379
97500,0.645,0.000,0.355
98000,0.614,0.000,0.386
98500,0.586,0.000,0.414
99000,0.474,0.000,0.526
99500,0.542,0.000,0.458
100000,0.609,0.000,0.391
100500,0.682,0.000,0.318
101000,0.690,0.000,0.310
101500,0.640,0.000,0.360
102000,0.617,0.000,0.383
102500,0.686,0.000,0.314
103000,0.726,0.000,0.274
103500,0.695,0.000,0.305
104000,0.541,0.000,0.459
104500,0.569,0.000,0.431
105000,0.642,0.000,0.358
105500,0.657,0.000,0.343
106000,0.632,0.000,0.368
106500,0.700,0.000,0.300
107000,0.665,0.000,0.335
107500,0.636,0.000,0.364
108000,0.597,0.000,0.403
108500,0.607,0.000,0.393
109000,0.634,0.000,0.366
109500,0.629,0.000,0.371
110000,0.591,0.000,0.409
110500,0.589,0.000,0.411
111000,0.573,0.000,0.427
111500,0.572,0.000,0.428
112000,0.571,0.000,0.429
112500,0.673,0.000,0.327
113000,0.705,0.000,0.295
113500,0.654,0.000,0.346
114000,0.684,0.000,0.316
114500,0.722,0.000,0.278
115000,0.722,0.000,0.278
115500,0.721,0.000,0.279
116000,0.673,0.000,0.327
116500,0.633,0.000,0.367
117000,0.614,0.000,0.386
117500,0.597,0.000,0.403
118000,0.656,0.000,0.344
118500,0.605,0.000,0.395
119000,0.581,0.000,0.419
119500,0.614,0.000,0.386
120000,0.606,0.000,0.394
120500,0.633,0.000,0.367
121000,0.635,0.000,0.365
121500,0.670,0.000,0.330
122000,0.652,0.000,0.348
122500,0.683,0.000,0.317
123000,0.680,0.000,0.320
123500,0.680,0.000,0.320
124000,0.641,0.000,0.359
124500,0.676,0.000,0.324
125000,0.640,0.000,0.360
125500,0.616,0.000,0.384
126000,0.651,0.000,0.349
126500,0.690,0.000,0.310
127000,0.647,0.000,0.353
127500,0.612,0.000,0.388
128000,0.532,0.000,0.468
128500,0.599,0.000,0.401
129000,0.555,0.000,0.445
129500,0.646,0.000,0.354
130000,0.612,0.000,0.388
130500,0.619,0.000,0.381
131000,0.626,0.000,0.374
131500,0.656,0.000,0.344
132000,0.651,0.000,0.349
132500,0.673,0.000,0.327
133000,0.690,0.000,0.310
133500,0.665,0.000,0.335
134000,0.621,0.000,0.379
134500,0.598,0.000,0.402
135000,0.644,0.000,0.356
135500,0.654,0.000,0.346
136000,0.634,0.000,0.366
136500,0.593,0.000,0.407
137000,0.606,0.000,0.394
137500,0.626,0.000,0.374
138000,0.610,0.000,0.390
138500,0.589,0.000,0.411
139000,0.592,0.000,0.408
139500,0.644,0.000,0.356
140000,0.626,0.000,0.374
140500,0.667,0.000,0.333
141000,0.634,0.000,0.366
141500,0.680,0.000,0.320
142000,0.671,0.000,0.329
142500,0.765,0.000,0.235
143000,0.715,0.000,0.285
143500,0.770,0.000,0.230
144000,0.709,0.000,0.291
144500,0.680,0.000,0.320
145000,0.697,0.000,0.303
145500,0.655,0.000,0.345
146000,0.653,0.000,0.347
146500,0.671,0.000,0.329
147000,0.697,0.000,0.303
147500,0.674,0.000,0.326
148000,0.636,0.000,0.364
148500,0.615,0.000,0.385
149000,0.633,0.000,0.367
149500,0.626,0.000,0.374
150000,0.650,0.000,0.350
150500,0.582,0.000,0.418
151000,0.575,0.000,0.425
151500,0.564,0.000,0.436
152000,0.564,0.000,0.436
152500,0.606,0.000,0.394
153000,0.551,0.000,0.449
153500,0.572,0.000,0.428
154000,0.560,0.000,0.440
154500,0.579,0.000,0.421
155000,0.528,0.000,0.472
155500,0.610,0.000,0.390
156000,0.611,0.000,0.389
156500,0.684,0.000,0.316
157000,0.657,0.000,0.343
157500,0.657,0.000,0.343
158000,0.688,0.000,0.312
158500,0.690,0.000,0.310
159000,0.692,0.000,0.308
159500,0.703,0.000,0.297
160000,0.642,0.000,0.358
160500,0.635,0.000,0.365
161000,0.688,0.000,0.312
161500,0.713,0.000,0.287
162000,0.658,0.000,0.342
162500,0.633,0.000,0.367
163000,0.586,0.000,0.414
163500,0.500,0.000,0.500
164000,0.429,0.000,0.571
164500,0.504,0.000,0.496
165000,0.553,0.000,0.447
165500,0.563,0.000,0.437
166000,0.590,0.000,0.410
166500,0.597,0.000,0.403
167000,0.644,0.000,0.356
167500,0.700,0.000,0.300
168000,0.591,0.000,0.409
168500,0.627,0.000,0.373
169000,0.664,0.000,0.336
169500,0.610,0.000,0.390
170000,0.581,0.000,0.419
170500,0.608,0.000,0.392
171000,0.558,0.000,0.442
171500,0.557,0.000,0.443
172000,0.557,0.000,0.443
172500,0.540,0.000,0.460
173000,0.584,0.000,0.416
173500,0.583,0.000,0.417
174000,0.637,0.000,0.363
174500,0.534,0.000,0.466
175000,0.632,0.000,0.368
175500,0.640,0.000,0.360
176000,0.641,0.000,0.359
176500,0.617,0.000,0.383
177000,0.622,0.000,0.378
177500,0.556,0.000,0.444
178000,0.503,0.001,0.496
178500,0.511,0.000,0.489
179000,0.568,0.000,0.432
179500,0.609,0.000,0.391
180000,0.577,0.000,0.423
180500,0.651,0.000,0.349
181000,0.648,0.000,0.352
181500,0.526,0.000,0.474
182000,0.571,0.000,0.429
182500,0.617,0.000,0.383
183000,0.629,0.000,0.371
183500,0.594,0.000,0.406
184000,0.649,0.000,0.351
184500,0.694,0.000,0.306
185000,0.727,0.000,0.273
185500,0.742,0.000,0.258
186000,0.769,0.000,0.231
186500,0.807,0.000,0.193
187000,0.781,0.000,0.219
187500,0.708,0.000,0.292
188000,0.696,0.000,0.304
188500,0.703,0.000,0.297
189000,0.746,0.000,0.254
189500,0.702,0.000,0.298
190000,0.689,0.000,0.311
190500,0.704,0.000,0.296
191000,0.678,0.000,0.322
191500,0.670,0.000,0.330
192000,0.631,0.000,0.369
192500,0.625,0.000,0.375
193000,0.605,0.000,0.395
193500,0.642,0.000,0.358
194000,0.556,0.000,0.444
194500,0.665,0.000,0.335
195000,0.629,0.000,0.371
195500,0.650,0.000,0.350
196000,0.639,0.000,0.361
196500,0.662,0.000,0.338
197000,0.657,0.000,0.343
197500,0.652,0.000,0.348
198000,0.616,0.000,0.384
198500,0.638,0.000,0.362
199000,0.644,0.000,0.356
199500,0.657,0.000,0.343
200000,0.725,0.000,0.275
200500,0.651,0.000,0.349
201000,0.649,0.000,0.351
201500,0.692,0.000,0.308
202000,0.617,0.000,0.383
202500,0.597,0.000,0.403
203000,0.644,0.000,0.356
203500,0.669,0.000,0.331
204000,0.662,0.000,0.338
204500,0.698,0.000,0.302
205000,0.729,0.000,0.271
205500,0.663,0.000,0.337
206000,0.658,0.000,0.342
206500,0.665,0.000,0.335
207000,0.647,0.000,0.353
207500,0.560,0.000,0.440
208000,0.561,0.000,0.439
208500,0.607,0.000,0.393
209000,0.647,0.000,0.353
209500,0.647,0.000,0.353
210000,0.604,0.000,0.396
210500,0.588,0.000,0.412
211000,0.595,0.000,0.405
211500,0.621,0.000,0.379
212000,0.627,0.000,0.373
212500,0.628,0.000,0.372
213000,0.640,0.000,0.360
213500,0.642,0.000,0.358
214000,0.724,0.000,0.276
214500,0.672,0.000,0.328
215000,0.618,0.000,0.382
215500,0.603,0.000,0.397
216000,0.559,0.000,0.441
216500,0.622,0.000,0.378
217000,0.627,0.000,0.373
217500,0.597,0.000,0.403
218000,0.625,0.000,0.375
218500,0.561,0.000,0.439
219000,0.537,0.000,0.463
219500,0.534,0.000,0.466
220000,0.546,0.000,0.454
220500,0.565,0.000,0.435
221000,0.658,0.000,0.342
221500,0.646,0.000,0.354
222000,0.629,0.000,0.371
222500,0.625,0.000,0.375
223000,0.627,0.000,0.373
223500,0.565,0.000,0.435
224000,0.599,0.000,0.401
224500,0.635,0.000,0.365
225000,0.643,0.000,0.357
225500,0.641,0.000,0.359
226000,0.613,0.000,0.387
226500,0.651,0.000,0.349
227000,0.692,0.000,0.308
227500,0.704,0.000,0.296
228000,0.658,0.000,0.342
228500,0.711,0.000,0.289
229000,0.680,0.000,0.320
229500,0.684,0.000,0.316
230000,0.637,0.000,0.363
230500,0.666,0.000,0.334
231000,0.649,0.000,0.351
231500,0.644,0.000,0.356
232000,0.588,0.000,0.412
232500,0.587,0.000,0.413
233000,0.618,0.000,0.382
233500,0.618,0.000,0.382
234000,0.579,0.000,0.421
234500,0.668,0.000,0.332
235000,0.657,0.000,0.343
235500,0.624,0.000,0.376
236000,0.607,0.000,0.393
236500,0.614,0.000,0.386
237000,0.642,0.000,0.358
237500,0.572,0.000,0.428
238000,0.539,0.000,0.461
238500,0.592,0.000,0.408
239000,0.654,0.000,0.346
239500,0.646,0.000,0.354
240000,0.683,0.000,0.317
240500,0.640,0.000,0.360
241000,0.588,0.000,0.412
241500,0.575,0.000,0.425
242000,0.658,0.000,0.342
242500,0.647,0.000,0.353
243000,0.636,0.000,0.364
243500,0.644,0.000,0.356
244000,0.531,0.000,0.469
244500,0.556,0.000,0.444
245000,0.536,0.000,0.464
245500,0.554,0.000,0.446
246000,0.550,0.000,0.450
246500,0.595,0.000,0.405
247000,0.565,0.000,0.435
247500,0.554,0.000,0.446
248000,0.561,0.000,0.439
248500,0.557,0.000,0.443
249000,0.580,0.000,0.420
249500,0.640,0.000,0.360
250000,0.635,0.000,0.365
250500,0.692,0.000,0.308
251000,0.713,0.000,0.287
251500,0.697,0.000,0.303
252000,0.615,0.000,0.385
252500,0.566,0.000,0.434
253000,0.585,0.000,0.415
253500,0.628,0.000,0.372
254000,0.648,0.000,0.352
254500,0.585,0.000,0.415
255000,0.604,0.000,0.396
255500,0.682,0.000,0.318
256000,0.652,0.000,0.348
256500,0.568,0.000,0.432
257000,0.574,0.000,0.426
257500,0.633,0.000,0.367
258000,0.536,0.000,0.464
258500,0.598,0.000,0.402
259000,0.556,0.000,0.444
259500,0.580,0.000,0.420
260000,0.579,0.000,0.421
260500,0.588,0.000,0.412
261000,0.609,0.000,0.391
261500,0.617,0.000,0.383
262000,0.703,0.000,0.297
262500,0.708,0.000,0.292
263000,0.649,0.000,0.351
263500,0.650,0.000,0.350
264000,0.629,0.000,0.371
264500,0.623,0.000,0.377
265000,0.673,0.000,0.327
265500,0.648,0.000,0.352
266000,0.641,0.000,0.359
266500,0.632,0.000,0.368
267000,0.719,0.000,0.281
267500,0.746,0.000,0.254
268000,0.673,0.000,0.327
268500,0.675,0.000,0.325
269000,0.634,0.000,0.366
269500,0.568,0.000,0.432
270000,0.622,0.000,0.378
270500,0.645,0.000,0.355
271000,0.629,0.000,0.371
271500,0.592,0.000,0.408
272000,0.602,0.000,0.398
272500,0.591,0.000,0.409
273000,0.607,0.000,0.393
273500,0.616,0.000,0.384
274000,0.680,0.000,0.320
274500,0.669,0.000,0.331
275000,0.743,0.000,0.257
275500,0.752,0.000,0.248
276000,0.744,0.000,0.256
276500,0.699,0.000,0.301
277000,0.712,0.000,0.288
277500,0.700,0.000,0.300
278000,0.721,0.000,0.279
278500,0.701,0.000,0.299
279000,0.686,0.000,0.314
279500,0.589,0.000,0.411
280000,0.596,0.000,0.404
280500,0.656,0.000,0.344
281000,0.607,0.000,0.393
281500,0.625,0.000,0.375
282000,0.634,0.000,0.366
282500,0.661,0.000,0.339
283000,0.656,0.000,0.344
283500,0.672,0.000,0.328
284000,0.620,0.000,0.380
284500,0.605,0.000,0.395
285000,0.640,0.000,0.360
285500,0.694,0.000,0.306
286000,0.666,0.000,0.334
286500,0.674,0.000,0.326
287000,0.662,0.000,0.338
287500,0.616,0.000,0.384
288000,0.593,0.000,0.407
288500,0.658,0.000,0.342
289000,0.581,0.000,0.419
289500,0.584,0.000,0.416
290000,0.624,0.000,0.376
290500,0.643,0.000,0.357
291000,0.609,0.000,0.391
291500,0.614,0.000,0.386
292000,0.649,0.000,0.351
292500,0.601,0.000,0.399
293000,0.589,0.000,0.411
293500,0.671,0.000,0.329
294000,0.691,0.000,0.309
294500,0.670,0.000,0.330
295000,0.680,0.000,0.320
295500,0.679,0.000,0.321
296000,0.670,0.000,0.330
296500,0.680,0.000,0.320
297000,0.599,0.000,0.401
297500,0.564,0.000,0.436
298000,0.579,0.000,0.421
298500,0.587,0.000,0.413
299000,0.615,0.000,0.385
299500,0.666,0.000,0.334
300000,0.624,0.000,0.376
300500,0.545,0.000,0.455
301000,0.582,0.000,0.418
301500,0.659,0.000,0.341
302000,0.614,0.000,0.386
302500,0.628,0.000,0.372
303000,0.643,0.000,0.357
303500,0.638,0.000,0.362
304000,0.608,0.000,0.392
304500,0.582,0.000,0.418
305000,0.648,0.000,0.352
305500,0.621,0.000,0.379
306000,0.667,0.000,0.333
306500,0.704,0.000,0.296
307000,0.677,0.000,0.323
307500,0.689,0.000,0.311
308000,0.653,0.000,0.347
308500,0.620,0.000,0.380
309000,0.604,0.000,0.396
309500,0.578,0.000,0.422
310000,0.568,0.000,0.432
310500,0.506,0.000,0.494
311000,0.547,0.000,0.453
311500,0.605,0.000,0.395
312000,0.624,0.000,0.376
312500,0.624,0.000,0.376
313000,0.582,0.000,0.418
313500,0.587,0.000,0.413
314000,0.661,0.000,0.339
314500,0.645,0.000,0.355
315000,0.655,0.000,0.345
315500,0.606,0.000,0.394
316000,0.630,0.000,0.370
316500,0.590,0.000,0.410
317000,0.594,0.000,0.406
317500,0.582,0.000,0.418
318000,0.568,0.000,0.432
318500,0.569,0.000,0.431
319000,0.552,0.000,0.448
319500,0.533,0.000,0.467
320000,0.548,0.000,0.452
320500,0.619,0.000,0.381
321000,0.615,0.000,0.385
321500,0.617,0.000,0.383
322000,0.646,0.000,0.354
322500,0.625,0.000,0.375
323000,0.668,0.000,0.332
323500,0.654,0.000,0.346
324000,0.674,0.000,0.326
324500,0.714,0.000,0.286
325000,0.665,0.000,0.335
325500,0.678,0.000,0.322
326000,0.616,0.000,0.384
326500,0.557,0.000,0.443
327000,0.598,0.000,0.402
327500,0.615,0.000,0.385
328000,0.711,0.000,0.289
328500,0.746,0.000,0.254
329000,0.696,0.000,0.304
329500,0.700,0.000,0.300
330000,0.708,0.000,0.292
330500,0.675,0.000,0.325
331000,0.715,0.000,0.285
331500,0.727,0.000,0.273
332000,0.635,0.000,0.365
332500,0.627,0.000,0.373
333000,0.613,0.000,0.387
333500,0.595,0.000,0.405
334000,0.576,0.000,0.424
334500,0.589,0.000,0.411
335000,0.609,0.000,0.391
335500,0.677,0.000,0.323
336000,0.685,0.000,0.315
336500,0.613,0.000,0.387
337000,0.633,0.000,0.367
337500,0.604,0.000,0.396
338000,0.573,0.000,0.427
338500,0.564,0.000,0.436
339000,0.574,0.000,0.426
339500,0.592,0.000,0.408
340000,0.627,0.000,0.373
340500,0.654,0.000,0.346
341000,0.649,0.000,0.351
341500,0.628,0.000,0.372
342000,0.656,0.000,0.344
342500,0.647,0.000,0.353
343000,0.686,0.000,0.314
343500,0.543,0.000,0.457
344000,0.561,0.000,0.439
344500,0.549,0.000,0.451
345000,0.605,0.000,0.395
345500,0.635,0.000,0.365
346000,0.605,0.000,0.395
346500,0.631,0.000,0.369
347000,0.646,0.000,0.354
347500,0.642,0.000,0.358
348000,0.614,0.000,0.386
348500,0.582,0.000,0.418
349000,0.642,0.000,0.358
349500,0.670,0.000,0.330
350000,0.662,0.000,0.338
350500,0.679,0.000,0.321
351000,0.744,0.000,0.256
351500,0.730,0.000,0.270
352000,0.671,0.000,0.329
352500,0.685,0.000,0.315
353000,0.636,0.000,0.364
353500,0.566,0.000,0.434
354000,0.605,0.000,0.395
354500,0.654,0.000,0.346
355000,0.699,0.000,0.301
355500,0.711,0.000,0.289
356000,0.736,0.000,0.264
356500,0.598,0.000,0.402
357000,0.626,0.000,0.374
357500,0.559,0.000,0.441
358000,0.604,0.000,0.396
358500,0.626,0.000,0.374
359000,0.565,0.000,0.435
359500,0.624,0.000,0.376
360000,0.622,0.000,0.378
360500,0.573,0.000,0.427
361000,0.546,0.000,0.454
361500,0.637,0.000,0.363
362000,0.649,0.000,0.351
362500,0.671,0.000,0.329
363000,0.647,0.000,0.353
363500,0.645,0.000,0.355
364000,0.667,0.000,0.333
364500,0.652,0.000,0.348
365000,0.675,0.000,0.325
365500,0.663,0.000,0.337
366000,0.625,0.000,0.375
366500,0.645,0.000,0.355
367000,0.646,0.000,0.354
367500,0.673,0.000,0.327
368000,0.665,0.000,0.335
368500,0.586,0.000,0.414
369000,0.627,0.000,0.373
369500,0.581,0.000,0.419
370000,0.606,0.000,0.394
370500,0.575,0.000,0.425
371000,0.538,0.000,0.462
371500,0.540,0.000,0.460
372000,0.556,0.000,0.444
372500,0.530,0.000,0.470
373000,0.550,0.000,0.450
373500,0.561,0.000,0.439
374000,0.597,0.000,0.403
374500,0.623,0.000,0.377
375000,0.571,0.000,0.429
375500,0.596,0.000,0.404
376000,0.596,0.000,0.404
376500,0.647,0.000,0.353
377000,0.602,0.000,0.398
377500,0.591,0.000,0.409
378000,0.576,0.000,0.424
378500,0.533,0.000,0.467
379000,0.658,0.000,0.342
379500,0.672,0.000,0.328
380000,0.678,0.000,0.322
380500,0.625,0.000,0.375
381000,0.610,0.000,0.390
381500,0.535,0.000,0.465
382000,0.576,0.000,0.424
382500,0.645,0.000,0.355
383000,0.597,0.000,0.403
383500,0.631,0.000,0.369
384000,0.685,0.000,0.315
384500,0.697,0.000,0.303
385000,0.703,0.000,0.297
385500,0.685,0.000,0.315
386000,0.618,0.000,0.382
386500,0.667,0.000,0.333
387000,0.665,0.000,0.335
387500,0.669,0.000,0.331
388000,0.605,0.000,0.395
388500,0.627,0.000,0.373
389000,0.651,0.000,0.349
389500,0.627,0.000,0.373
390000,0.612,0.000,0.388
390500,0.634,0.000,0.366
391000,0.639,0.000,0.361
391500,0.665,0.000,0.335
392000,0.533,0.000,0.467
392500,0.551,0.000,0.449
393000,0.624,0.000,0.376
393500,0.604,0.000,0.396
394000,0.645,0.000,0.355
394500,0.630,0.000,0.370
395000,0.658,0.000,0.342
395500,0.628,0.000,0.372
396000,0.610,0.000,0.390
396500,0.611,0.000,0.389
397000,0.606,0.000,0.394
397500,0.562,0.000,0.438
398000,0.618,0.000,0.382
398500,0.617,0.000,0.383
399000,0.629,0.000,0.371
399500,0.649,0.000,0.351
400000,0.693,0.000,0.307
400500,0.670,0.000,0.330
401000,0.587,0.000,0.413
401500,0.646,0.000,0.354
402000,0.622,0.000,0.378
402500,0.626,0.000,0.374
403000,0.582,0.000,0.418
403500,0.620,0.000,0.380
404000,0.644,0.000,0.356
404500,0.669,0.000,0.331
405000,0.718,0.000,0.282
405500,0.652,0.000,0.348
406000,0.580,0.000,0.420
406500,0.649,0.000,0.351
407000,0.642,0.000,0.358
407500,0.632,0.000,0.368
408000,0.580,0.000,0.420
408500,0.587,0.000,0.413
409000,0.693,0.000,0.307
409500,0.665,0.000,0.335
410000,0.664,0.000,0.336
410500,0.671,0.000,0.329
411000,0.586,0.000,0.414
411500,0.501,0.000,0.499
412000,0.572,0.000,0.428
412500,0.583,0.000,0.417
413000,0.647,0.000,0.353
413500,0.621,0.000,0.379
414000,0.570,0.000,0.430
414500,0.642,0.000,0.358
415000,0.621,0.000,0.379
415500,0.651,0.000,0.349
416000,0.701,0.000,0.299
416500,0.649,0.000,0.351
417000,0.636,0.000,0.364
417500,0.665,0.000,0.335
418000,0.712,0.000,0.288
418500,0.685,0.000,0.315
419000,0.634,0.000,0.366
419500,0.656,0.000,0.344
420000,0.725,0.000,0.275
420500,0.684,0.000,0.316
421000,0.690,0.000,0.310
421500,0.719,0.000,0.281
422000,0.736,0.000,0.264
422500,0.704,0.000,0.296
423000,0.703,0.000,0.297
423500,0.723,0.000,0.277
424000,0.703,0.000,0.297
424500,0.625,0.000,0.375
425000,0.617,0.000,0.383
425500,0.583,0.000,0.417
426000,0.536,0.000,0.464
426500,0.440,0.000,0.560
427000,0.533,0.000,0.467
427500,0.533,0.000,0.467
428000,0.563,0.000,0.437
428500,0.556,0.000,0.444
429000,0.630,0.000,0.370
429500,0.628,0.000,0.372
430000,0.582,0.000,0.418
430500,0.640,0.000,0.360
431000,0.612,0.000,0.388
431500,0.592,0.000,0.408
432000,0.506,0.000,0.494
432500,0.563,0.000,0.437
433000,0.644,0.000,0.356
433500,0.636,0.000,0.364
434000,0.602,0.000,0.398
434500,0.671,0.000,0.329
435000,0.642,0.000,0.358
435500,0.652,0.000,0.348
436000,0.646,0.000,0.354
436500,0.588,0.000,0.412
437000,0.597,0.000,0.403
437500,0.644,0.000,0.356
438000,0.674,0.000,0.326
438500,0.648,0.000,0.352
439000,0.587,0.000,0.413
439500,0.590,0.000,0.410
440000,0.640,0.000,0.360
440500,0.669,0.000,0.331
441000,0.704,0.000,0.296
441500,0.664,0.000,0.336
442000,0.596,0.000,0.404
442500,0.566,0.000,0.434
443000,0.600,0.000,0.400
443500,0.630,0.000,0.370
444000,0.661,0.000,0.339
444500,0.768,0.000,0.232
445000,0.687,0.000,0.313
445500,0.702,0.000,0.298
446000,0.670,0.000,0.330
446500,0.624,0.000,0.376
447000,0.575,0.000,0.425
447500,0.554,0.000,0.446
448000,0.603,0.000,0.397
448500,0.625,0.000,0.375
449000,0.626,0.000,0.374
449500,0.655,0.000,0.345
450000,0.631,0.000,0.369
450500,0.551,0.000,0.449
451000,0.606,0.000,0.394
451500,0.612,0.000,0.388
452000,0.633,0.000,0.367
452500,0.629,0.000,0.371
453000,0.632,0.000,0.368
453500,0.578,0.000,0.422
454000,0.557,0.000,0.443
454500,0.582,0.000,0.418
455000,0.613,0.000,0.387
455500,0.649,0.000,0.351
456000,0.619,0.000,0.381
456500,0.700,0.000,0.300
457000,0.620,0.000,0.380
457500,0.603,0.000,0.397
458000,0.545,0.000,0.455
458500,0.534,0.000,0.466
459000,0.545,0.000,0.455
459500,0.588,0.000,0.412
460000,0.614,0.000,0.386
460500,0.601,0.000,0.399
461000,0.611,0.000,0.389
461500,0.624,0.000,0.376
462000,0.579,0.000,0.421
462500,0.575,0.000,0.425
463000,0.573,0.000,0.427
463500,0.532,0.000,0.468
464000,0.544,0.000,0.456
464500,0.591,0.000,0.409
465000,0.620,0.000,0.380
465500,0.601,0.000,0.399
466000,0.559,0.000,0.441
466500,0.629,0.000,0.371
467000,0.629,0.000,0.371
467500,0.674,0.000,0.326
468000,0.573,0.000,0.427
468500,0.615,0.000,0.385
469000,0.652,0.000,0.348
469500,0.697,0.000,0.303
470000,0.657,0.000,0.343
470500,0.636,0.000,0.364
471000,0.577,0.000,0.423
471500,0.624,0.000,0.376
472000,0.572,0.000,0.428
472500,0.609,0.000,0.391
473000,0.576,0.000,0.424
473500,0.671,0.000,0.329
474000,0.610,0.000,0.390
474500,0.612,0.000,0.388
475000,0.594,0.000,0.406
475500,0.585,0.000,0.415
476000,0.559,0.000,0.441
476500,0.604,0.000,0.396
477000,0.631,0.000,0.369
477500,0.621,0.000,0.379
478000,0.556,0.000,0.444
478500,0.602,0.000,0.398
479000,0.571,0.000,0.429
479500,0.636,0.000,0.364
480000,0.631,0.000,0.369
480500,0.682,0.000,0.318
481000,0.645,0.000,0.355
481500,0.630,0.000,0.370
482000,0.660,0.000,0.340
482500,0.685,0.000,0.315
483000,0.682,0.000,0.318
483500,0.666,0.000,0.334
484000,0.662,0.000,0.338
484500,0.686,0.000,0.314
485000,0.658,0.000,0.342
485500,0.651,0.000,0.349
486000,0.631,0.000,0.369
486500,0.637,0.000,0.363
487000,0.595,0.000,0.405
487500,0.639,0.000,0.361
488000,0.570,0.000,0.430
488500,0.506,0.000,0.494
489000,0.576,0.000,0.424
489500,0.585,0.000,0.415
490000,0.585,0.000,0.415
490500,0.555,0.000,0.445
491000,0.559,0.000,0.441
491500,0.533,0.000,0.467
492000,0.539,0.000,0.461
492500,0.581,0.001,0.418
493000,0.555,0.000,0.445
493500,0.580,0.000,0.420
494000,0.582,0.000,0.418
494500,0.589,0.000,0.411
495000,0.629,0.000,0.371
495500,0.597,0.000,0.403
496000,0.601,0.000,0.399
496500,0.575,0.000,0.425
497000,0.623,0.000,0.377
497500,0.621,0.000,0.379
498000,0.596,0.000,0.404
498500,0.654,0.000,0.346
499000,0.633,0.000,0.367
499500,0.649,0.000,0.351
500000,0.624,0.000,0.376
500500,0.634,0.000,0.366
501000,0.651,0.000,0.349
501500,0.678,0.000,0.322
502000,0.708,0.000,0.292
502500,0.690,0.000,0.310
503000,0.662,0.000,0.338
503500,0.630,0.000,0.370
504000,0.640,0.000,0.360
504500,0.651,0.000,0.349
505000,0.652,0.000,0.348
505500,0.675,0.000,0.325
506000,0.730,0.000,0.270
506500,0.750,0.000,0.250
507000,0.709,0.000,0.291
507500,0.670,0.000,0.330
508000,0.646,0.000,0.354
508500,0.695,0.000,0.305
509000,0.645,0.000,0.355
509500,0.634,0.000,0.366
510000,0.649,0.000,0.351
510500,0.617,0.000,0.383
511000,0.662,0.000,0.338
511500,0.688,0.000,0.312
512000,0.748,0.000,0.252
512500,0.656,0.000,0.344
513000,0.631,0.000,0.369
513500,0.667,0.000,0.333
514000,0.663,0.000,0.337
514500,0.610,0.000,0.390
515000,0.586,0.000,0.414
515500,0.617,0.000,0.383
516000,0.626,0.000,0.374
516500,0.657,0.000,0.343
517000,0.658,0.000,0.342
517500,0.680,0.000,0.320
518000,0.625,0.000,0.375
518500,0.713,0.000,0.287
519000,0.711,0.000,0.289
519500,0.678,0.000,0.322
520000,0.724,0.000,0.276
520500,0.668,0.000,0.332
521000,0.637,0.000,0.363
521500,0.619,0.000,0.381
522000,0.618,0.000,0.382
522500,0.684,0.000,0.316
523000,0.675,0.000,0.325
523500,0.676,0.000,0.324
524000,0.667,0.000,0.333
524500,0.595,0.000,0.405
525000,0.536,0.000,0.464
525500,0.518,0.000,0.482
526000,0.554,0.000,0.446
526500,0.601,0.000,0.399
527000,0.557,0.000,0.443
527500,0.596,0.000,0.404
528000,0.610,0.000,0.390
528500,0.605,0.000,0.395
529000,0.611,0.000,0.389
529500,0.605,0.000,0.395
530000,0.673,0.000,0.327
530500,0.683,0.000,0.317
531000,0.585,0.000,0.415
531500,0.530,0.000,0.470
532000,0.589,0.000,0.411
532500,0.641,0.000,0.359
533000,0.561,0.000,0.439
533500,0.652,0.000,0.348
534000,0.632,0.000,0.368
534500,0.559,0.000,0.441
535000,0.570,0.000,0.430
535500,0.606,0.000,0.394
536000,0.517,0.000,0.483
536500,0.614,0.000,0.386
537000,0.640,0.000,0.360
537500,0.605,0.000,0.395
538000,0.563,0.000,0.437
538500,0.643,0.000,0.357
539000,0.611,0.000,0.389
539500,0.570,0.000,0.430
540000,0.571,0.000,0.429
540500,0.624,0.000,0.376
541000,0.605,0.000,0.395
541500,0.646,0.000,0.354
542000,0.688,0.000,0.312
542500,0.695,0.000,0.305
543000,0.695,0.000,0.305
543500,0.751,0.000,0.249
544000,0.731,0.000,0.269
544500,0.622,0.000,0.378
545000,0.627,0.000,0.373
545500,0.668,0.000,0.332
546000,0.641,0.000,0.359
546500,0.619,0.000,0.381
547000,0.551,0.000,0.449
547500,0.590,0.000,0.410
548000,0.499,0.000,0.500
548500,0.580,0.000,0.420
549000,0.533,0.000,0.467
549500,0.522,0.000,0.478
550000,0.574,0.000,0.426
550500,0.612,0.000,0.388
551000,0.611,0.000,0.389
551500,0.639,0.000,0.361
552000,0.671,0.000,0.329
552500,0.654,0.000,0.346
553000,0.706,0.000,0.294
553500,0.631,0.000,0.369
554000,0.628,0.000,0.372
554500,0.686,0.000,0.314
555000,0.676,0.000,0.324
555500,0.639,0.000,0.361
556000,0.724,0.000,0.276
556500,0.688,0.000,0.312
557000,0.673,0.000,0.327
557500,0.714,0.000,0.286
558000,0.777,0.000,0.223
558500,0.780,0.000,0.220
559000,0.718,0.000,0.282
559500,0.715,0.000,0.285
560000,0.734,0.000,0.266
560500,0.743,0.000,0.257
561000,0.710,0.000,0.290
561500,0.629,0.000,0.371
562000,0.667,0.000,0.333
562500,0.632,0.000,0.368
563000,0.635,0.000,0.365
563500,0.633,0.000,0.367
564000,0.625,0.000,0.375
564500,0.648,0.000,0.352
565000,0.637,0.000,0.363
565500,0.638,0.000,0.362
566000,0.696,0.000,0.304
566500,0.683,0.000,0.317
567000,0.634,0.000,0.366
567500,0.595,0.000,0.405
568000,0.642,0.000,0.358
568500,0.676,0.000,0.324
569000,0.665,0.000,0.335
569500,0.605,0.000,0.395
570000,0.662,0.000,0.338
570500,0.672,0.000,0.328
571000,0.590,0.000,0.410
571500,0.625,0.000,0.375
572000,0.600,0.000,0.400
572500,0.554,0.000,0.446
573000,0.564,0.000,0.436
573500,0.528,0.000,0.472
574000,0.536,0.000,0.464
574500,0.542,0.000,0.458
575000,0.500,0.000,0.500
575500,0.562,0.000,0.438
576000,0.614,0.000,0.386
576500,0.568,0.000,0.432
577000,0.572,0.000,0.428
577500,0.609,0.000,0.391
578000,0.586,0.000,0.414
578500,0.572,0.000,0.428
579000,0.582,0.000,0.418
579500,0.610,0.000,0.390
580000,0.612,0.000,0.388
580500,0.642,0.000,0.358
581000,0.636,0.000,0.364
581500,0.653,0.000,0.347
582000,0.654,0.000,0.346
582500,0.619,0.000,0.381
583000,0.604,0.000,0.396
583500,0.642,0.000,0.358
584000,0.655,0.000,0.345
584500,0.701,0.000,0.299
585000,0.725,0.000,0.275
585500,0.747,0.000,0.253
586000,0.732,0.000,0.268
586500,0.779,0.000,0.221
587000,0.736,0.000,0.264
587500,0.662,0.000,0.338
588000,0.605,0.000,0.395
588500,0.630,0.000,0.370
589000,0.655,0.000,0.345
589500,0.679,0.000,0.321
590000,0.722,0.000,0.278
590500,0.721,0.000,0.279
591000,0.709,0.000,0.291
591500,0.648,0.000,0.352
592000,0.627,0.000,0.373
592500,0.676,0.000,0.324
593000,0.674,0.000,0.326
593500,0.693,0.000,0.307
594000,0.680,0.000,0.320
594500,0.627,0.000,0.373
595000,0.629,0.000,0.371
595500,0.648,0.000,0.352
596000,0.690,0.000,0.310
596500,0.691,0.000,0.309
597000,0.718,0.000,0.282
597500,0.687,0.000,0.313
598000,0.649,0.000,0.351
598500,0.584,0.000,0.416
599000,0.536,0.000,0.464
599500,0.554,0.000,0.446
600000,0.629,0.000,0.371
600500,0.609,0.000,0.391
601000,0.606,0.000,0.394
601500,0.654,0.000,0.346
602000,0.672,0.000,0.328
602500,0.693,0.000,0.307
603000,0.696,0.000,0.304
603500,0.670,0.000,0.330
604000,0.695,0.000,0.305
604500,0.678,0.000,0.322
605000,0.747,0.000,0.253
605500,0.660,0.000,0.340
606000,0.673,0.000,0.327
606500,0.637,0.000,0.363
607000,0.650,0.000,0.350
607500,0.595,0.000,0.405
608000,0.587,0.000,0.413
608500,0.592,0.000,0.408
609000,0.566,0.000,0.434
609500,0.540,0.000,0.460
610000,0.574,0.000,0.426
610500,0.653,0.000,0.347
611000,0.642,0.000,0.358
611500,0.645,0.000,0.355
612000,0.608,0.000,0.392
612500,0.648,0.000,0.352
613000,0.663,0.000,0.337
613500,0.655,0.000,0.345
614000,0.709,0.000,0.291
614500,0.693,0.000,0.307
615000,0.719,0.000,0.281
615500,0.695,0.000,0.305
616000,0.692,0.000,0.308
616500,0.619,0.000,0.381
617000,0.597,0.000,0.403
617500,0.625,0.000,0.375
618000,0.661,0.000,0.339
618500,0.666,0.000,0.334
619000,0.662,0.000,0.338
619500,0.644,0.000,0.356
620000,0.605,0.000,0.395
620500,0.549,0.000,0.451
621000,0.571,0.000,0.429
621500,0.526,0.000,0.474
622000,0.532,0.000,0.468
622500,0.604,0.000,0.396
623000,0.687,0.000,0.313
623500,0.656,0.000,0.344
624000,0.572,0.000,0.428
624500,0.579,0.000,0.421
625000,0.618,0.000,0.382
625500,0.677,0.000,0.323
626000,0.701,0.000,0.299
626500,0.715,0.000,0.285
627000,0.679,0.000,0.321
627500,0.700,0.000,0.300
628000,0.659,0.000,0.341
628500,0.603,0.000,0.397
629000,0.611,0.000,0.389
629500,0.579,0.000,0.421
630000,0.629,0.000,0.371
630500,0.672,0.000,0.328
631000,0.663,0.000,0.337
631500,0.630,0.000,0.370
632000,0.651,0.000,0.349
632500,0.603,0.000,0.397
633000,0.650,0.000,0.350
633500,0.687,0.000,0.313
634000,0.685,0.000,0.315
634500,0.621,0.000,0.379
635000,0.617,0.000,0.383
635500,0.607,0.000,0.393
636000,0.537,0.000,0.463
636500,0.581,0.000,0.419
637000,0.567,0.000,0.433
637500,0.587,0.000,0.413
638000,0.569,0.000,0.431
638500,0.605,0.000,0.395
639000,0.643,0.000,0.357
639500,0.702,0.000,0.298
640000,0.632,0.000,0.368
640500,0.668,0.000,0.332
641000,0.684,0.000,0.316
641500,0.627,0.000,0.373
642000,0.620,0.000,0.380
642500,0.666,0.000,0.334
643000,0.635,0.000,0.365
643500,0.698,0.000,0.302
644000,0.652,0.000,0.348
644500,0.658,0.000,0.342
645000,0.693,0.000,0.307
645500,0.677,0.000,0.323
646000,0.715,0.000,0.285
646500,0.671,0.000,0.329
647000,0.619,0.000,0.381
647500,0.610,0.000,0.390
648000,0.627,0.000,0.373
648500,0.592,0.000,0.408
649000,0.603,0.000,0.397
649500,0.686,0.000,0.314
650000,0.668,0.000,0.332
650500,0.735,0.000,0.265
651000,0.711,0.000,0.289
651500,0.828,0.000,0.172
652000,0.882,0.000,0.118
652500,0.859,0.000,0.141
653000,0.859,0.000,0.141
653500,0.809,0.000,0.191
654000,0.784,0.000,0.216
654500,0.694,0.000,0.306
655000,0.646,0.000,0.354
655500,0.684,0.000,0.316
656000,0.726,0.000,0.274
656500,0.760,0.000,0.240
657000,0.681,0.000,0.319
657500,0.691,0.000,0.309
658000,0.666,0.000,0.334
658500,0.625,0.000,0.375
659000,0.618,0.000,0.382
659500,0.696,0.000,0.304
660000,0.685,0.000,0.315
660500,0.655,0.000,0.345
661000,0.681,0.000,0.319
661500,0.627,0.000,0.373
662000,0.717,0.000,0.283
662500,0.657,0.000,0.343
663000,0.680,0.000,0.320
663500,0.649,0.000,0.351
664000,0.656,0.000,0.344
664500,0.669,0.000,0.331
665000,0.677,0.000,0.323
665500,0.681,0.000,0.319
666000,0.745,0.000,0.255
666500,0.713,0.000,0.287
667000,0.693,0.000,0.307
667500,0.618,0.000,0.382
668000,0.584,0.000,0.416
668500,0.588,0.000,0.412
669000,0.614,0.000,0.386
669500,0.603,0.000,0.397
670000,0.583,0.000,0.417
670500,0.662,0.000,0.338
671000,0.603,0.000,0.397
671500,0.639,0.000,0.361
672000,0.694,0.000,0.306
672500,0.663,0.000,0.337
673000,0.648,0.000,0.352
673500,0.613,0.000,0.387
674000,0.589,0.000,0.411
674500,0.560,0.000,0.440
675000,0.530,0.000,0.470
675500,0.613,0.000,0.387
676000,0.613,0.000,0.387
676500,0.588,0.000,0.412
677000,0.626,0.000,0.374
677500,0.659,0.000,0.341
678000,0.641,0.000,0.359
678500,0.651,0.000,0.349
679000,0.679,0.000,0.321
679500,0.707,0.000,0.293
680000,0.606,0.000,0.394
680500,0.624,0.000,0.376
681000,0.600,0.000,0.400
681500,0.579,0.000,0.421
682000,0.588,0.000,0.412
682500,0.593,0.000,0.407
683000,0.627,0.000,0.373
683500,0.636,0.000,0.364
684000,0.696,0.000,0.304
684500,0.685,0.000,0.315
685000,0.706,0.000,0.294
685500,0.705,0.000,0.295
686000,0.676,0.000,0.324
686500,0.645,0.000,0.355
687000,0.644,0.000,0.356
687500,0.700,0.000,0.300
688000,0.629,0.000,0.371
688500,0.689,0.000,0.311
689000,0.730,0.000,0.270
689500,0.750,0.000,0.250
690000,0.757,0.000,0.243
690500,0.752,0.000,0.248
691000,0.766,0.000,0.234
691500,0.668,0.000,0.332
692000,0.639,0.000,0.361
692500,0.648,0.000,0.352
693000,0.669,0.000,0.331
693500,0.645,0.000,0.355
694000,0.640,0.000,0.360
694500,0.632,0.000,0.368
695000,0.642,0.000,0.358
695500,0.701,0.000,0.299
696000,0.621,0.000,0.379
696500,0.692,0.000,0.308
697000,0.631,0.000,0.369
697500,0.574,0.000,0.426
698000,0.550,0.000,0.450
698500,0.601,0.000,0.399
699000,0.620,0.000,0.380
699500,0.602,0.000,0.398
700000,0.672,0.000,0.328
700500,0.725,0.000,0.275
701000,0.708,0.000,0.292
701500,0.735,0.000,0.265
702000,0.662,0.000,0.338
702500,0.696,0.000,0.304
703000,0.672,0.000,0.328
703500,0.666,0.000,0.334
704000,0.583,0.000,0.417
704500,0.594,0.000,0.406
705000,0.577,0.000,0.423
705500,0.589,0.000,0.411
706000,0.539,0.000,0.461
706500,0.552,0.000,0.448
707000,0.650,0.000,0.350
707500,0.593,0.000,0.407
708000,0.689,0.000,0.311
708500,0.619,0.000,0.381
709000,0.625,0.000,0.375
709500,0.627,0.000,0.373
710000,0.660,0.000,0.340
710500,0.633,0.000,0.367
711000,0.605,0.000,0.395
711500,0.571,0.000,0.429
712000,0.544,0.000,0.456
712500,0.580,0.000,0.420
713000,0.625,0.000,0.375
713500,0.606,0.000,0.394
714000,0.654,0.000,0.346
714500,0.680,0.000,0.320
715000,0.674,0.000,0.326
715500,0.653,0.000,0.347
716000,0.718,0.000,0.282
716500,0.662,0.000,0.338
717000,0.692,0.000,0.308
717500,0.658,0.000,0.342
718000,0.688,0.000,0.312
718500,0.688,0.000,0.312
719000,0.765,0.000,0.235
719500,0.649,0.000,0.351
720000,0.639,0.000,0.361
720500,0.634,0.000,0.366
721000,0.626,0.000,0.374
721500,0.594,0.000,0.406
722000,0.546,0.000,0.454
722500,0.589,0.000,0.411
723000,0.621,0.000,0.379
723500,0.557,0.000,0.443
724000,0.559,0.000,0.441
724500,0.675,0.000,0.325
725000,0.682,0.000,0.318
725500,0.636,0.000,0.364
726000,0.593,0.000,0.407
726500,0.613,0.000,0.387
727000,0.583,0.000,0.417
727500,0.617,0.000,0.383
728000,0.671,0.000,0.329
728500,0.667,0.000,0.333
729000,0.696,0.000,0.304
729500,0.669,0.000,0.331
730000,0.672,0.000,0.328
730500,0.697,0.000,0.303
731000,0.599,0.000,0.401
731500,0.540,0.000,0.460
732000,0.499,0.000,0.501
732500,0.544,0.000,0.456
733000,0.555,0.000,0.445
733500,0.571,0.000,0.429
734000,0.576,0.000,0.424
734500,0.589,0.000,0.411
735000,0.519,0.000,0.481
735500,0.590,0.000,0.410
736000,0.609,0.000,0.391
736500,0.688,0.000,0.312
737000,0.666,0.000,0.334
737500,0.690,0.000,0.310
738000,0.698,0.000,0.302
738500,0.725,0.000,0.275
739000,0.743,0.000,0.257
739500,0.755,0.000,0.245
740000,0.662,0.000,0.338
740500,0.697,0.000,0.303
741000,0.671,0.000,0.329
741500,0.598,0.000,0.402
742000,0.597,0.000,0.403
742500,0.556,0.000,0.444
743000,0.567,0.000,0.433
743500,0.504,0.000,0.496
744000,0.598,0.000,0.402
744500,0.602,0.000,0.398
745000,0.501,0.000,0.499
745500,0.540,0.000,0.460
746000,0.564,0.000,0.436
746500,0.590,0.000,0.410
747000,0.633,0.000,0.367
747500,0.656,0.000,0.344
748000,0.658,0.000,0.342
748500,0.709,0.000,0.291
749000,0.708,0.000,0.292
749500,0.681,0.000,0.319
750000,0.678,0.000,0.322
750500,0.623,0.000,0.377
751000,0.651,0.000,0.349
751500,0.741,0.000,0.259
752000,0.642,0.000,0.358
752500,0.608,0.000,0.392
753000,0.644,0.000,0.356
753500,0.631,0.000,0.369
754000,0.661,0.000,0.339
754500,0.656,0.000,0.344
755000,0.642,0.000,0.358
755500,0.617,0.000,0.383
756000,0.607,0.000,0.393
756500,0.639,0.000,0.361
757000,0.639,0.000,0.361
757500,0.628,0.000,0.372
758000,0.725,0.000,0.275
758500,0.673,0.000,0.327
759000,0.632,0.000,0.368
759500,0.598,0.000,0.402
760000,0.633,0.000,0.367
760500,0.667,0.000,0.333
761000,0.609,0.000,0.391
761500,0.637,0.000,0.363
762000,0.670,0.000,0.330
762500,0.615,0.000,0.385
763000,0.656,0.000,0.344
763500,0.674,0.000,0.326
764000,0.581,0.000,0.419
764500,0.575,0.000,0.425
765000,0.604,0.000,0.396
765500,0.660,0.000,0.340
766000,0.715,0.000,0.285
766500,0.712,0.000,0.288
767000,0.645,0.000,0.355
767500,0.708,0.000,0.292
768000,0.660,0.000,0.340
768500,0.612,0.000,0.388
769000,0.595,0.000,0.405
769500,0.659,0.000,0.341
770000,0.688,0.000,0.312
770500,0.698,0.000,0.302
771000,0.656,0.000,0.344
771500,0.656,0.000,0.344
772000,0.567,0.000,0.433
772500,0.668,0.000,0.332
773000,0.608,0.000,0.392
773500,0.631,0.000,0.369
774000,0.646,0.000,0.354
774500,0.633,0.000,0.367
775000,0.726,0.000,0.274
775500,0.726,0.000,0.274
776000,0.682,0.000,0.318
776500,0.742,0.000,0.258
777000,0.630,0.000,0.370
777500,0.653,0.000,0.347
778000,0.630,0.000,0.370
778500,0.618,0.000,0.382
779000,0.588,0.000,0.412
779500,0.535,0.000,0.465
780000,0.572,0.000,0.428
780500,0.653,0.000,0.347
781000,0.636,0.000,0.364
781500,0.653,0.000,0.347
782000,0.655,0.000,0.345
782500,0.631,0.000,0.369
783000,0.590,0.000,0.410
783500,0.653,0.000,0.347
784000,0.676,0.000,0.324
784500,0.609,0.000,0.391
785000,0.594,0.000,0.406
785500,0.590,0.000,0.410
786000,0.589,0.000,0.411
786500,0.543,0.000,0.457
787000,0.590,0.000,0.410
787500,0.612,0.000,0.388
788000,0.624,0.000,0.376
788500,0.659,0.000,0.341
789000,0.635,0.000,0.365
789500,0.682,0.000,0.318
790000,0.662,0.000,0.338
790500,0.656,0.000,0.344
791000,0.692,0.000,0.308
791500,0.621,0.000,0.379
792000,0.682,0.000,0.318
792500,0.692,0.000,0.308
793000,0.654,0.000,0.346
793500,0.656,0.000,0.344
794000,0.645,0.000,0.355
794500,0.620,0.000,0.380
795000,0.672,0.000,0.328
795500,0.668,0.000,0.332
796000,0.658,0.000,0.342
796500,0.685,0.000,0.315
797000,0.694,0.000,0.306
797500,0.712,0.000,0.288
798000,0.760,0.000,0.240
798500,0.713,0.000,0.287
799000,0.686,0.000,0.314
799500,0.640,0.000,0.360
800000,0.590,0.000,0.410
800500,0.632,0.000,0.368
801000,0.651,0.000,0.349
801500,0.631,0.000,0.369
802000,0.648,0.000,0.352
802500,0.658,0.000,0.342
803000,0.649,0.000,0.351
803500,0.673,0.000,0.327
804000,0.697,0.000,0.303
804500,0.644,0.000,0.356
805000,0.652,0.000,0.348
805500,0.584,0.000,0.416
806000,0.692,0.000,0.308
806500,0.655,0.000,0.345
807000,0.602,0.000,0.398
807500,0.654,0.000,0.346
808000,0.670,0.000,0.330
808500,0.711,0.000,0.289
809000,0.667,0.000,0.333
809500,0.665,0.000,0.335
810000,0.641,0.000,0.359
810500,0.653,0.000,0.347
811000,0.642,0.000,0.358
811500,0.653,0.000,0.347
812000,0.674,0.000,0.326
812500,0.637,0.000,0.363
813000,0.612,0.000,0.388
813500,0.617,0.000,0.383
814000,0.644,0.000,0.356
814500,0.635,0.000,0.365
815000,0.657,0.000,0.343
815500,0.594,0.000,0.406
816000,0.551,0.000,0.449
816500,0.543,0.000,0.457
817000,0.651,0.000,0.349
817500,0.543,0.000,0.457
818000,0.624,0.000,0.376
818500,0.635,0.000,0.365
819000,0.610,0.000,0.390
819500,0.663,0.000,0.337
820000,0.629,0.000,0.371
820500,0.614,0.000,0.386
821000,0.664,0.000,0.336
821500,0.713,0.000,0.287
822000,0.703,0.000,0.297
822500,0.629,0.000,0.371
823000,0.622,0.000,0.378
823500,0.635,0.000,0.365
824000,0.610,0.000,0.390
824500,0.608,0.000,0.392
825000,0.631,0.000,0.369
825500,0.611,0.000,0.389
826000,0.587,0.000,0.413
826500,0.521,0.000,0.479
827000,0.573,0.000,0.427
827500,0.589,0.000,0.411
828000,0.650,0.000,0.350
828500,0.633,0.000,0.367
829000,0.686,0.000,0.314
829500,0.678,0.000,0.322
830000,0.669,0.000,0.331
830500,0.686,0.000,0.314
831000,0.750,0.000,0.250
831500,0.748,0.000,0.252
832000,0.707,0.000,0.293
832500,0.594,0.000,0.406
833000,0.603,0.000,0.397
833500,0.602,0.000,0.398
834000,0.689,0.000,0.311
834500,0.655,0.000,0.345
835000,0.714,0.000,0.286
835500,0.660,0.000,0.340
836000,0.628,0.000,0.372
836500,0.618,0.000,0.382
837000,0.623,0.000,0.377
837500,0.560,0.000,0.440
838000,0.562,0.000,0.438
838500,0.609,0.000,0.391
839000,0.608,0.000,0.392
839500,0.625,0.000,0.375
840000,0.640,0.000,0.360
840500,0.701,0.000,0.299
841000,0.618,0.000,0.382
841500,0.594,0.000,0.406
842000,0.625,0.000,0.375
842500,0.582,0.000,0.418
843000,0.635,0.000,0.365
843500,0.629,0.000,0.371
844000,0.625,0.000,0.375
844500,0.647,0.000,0.353
845000,0.610,0.000,0.390
845500,0.621,0.000,0.379
846000,0.619,0.000,0.381
846500,0.608,0.000,0.392
847000,0.592,0.000,0.408
847500,0.612,0.000,0.388
848000,0.585,0.000,0.415
848500,0.578,0.000,0.422
849000,0.609,0.000,0.391
849500,0.626,0.000,0.374
850000,0.669,0.000,0.331
850500,0.662,0.000,0.338
851000,0.649,0.000,0.351
851500,0.708,0.000,0.292
852000,0.734,0.000,0.266
852500,0.660,0.000,0.340
853000,0.664,0.000,0.336
853500,0.643,0.000,0.357
854000,0.594,0.000,0.406
854500,0.591,0.000,0.409
855000,0.576,0.000,0.424
855500,0.623,0.000,0.377
856000,0.641,0.000,0.359
856500,0.626,0.000,0.374
857000,0.621,0.000,0.379
857500,0.625,0.000,0.375
858000,0.504,0.000,0.496
858500,0.640,0.000,0.360
859000,0.685,0.000,0.315
859500,0.713,0.000,0.287
860000,0.656,0.000,0.344
860500,0.658,0.000,0.342
861000,0.676,0.000,0.324
861500,0.635,0.000,0.365
862000,0.655,0.000,0.345
862500,0.697,0.000,0.303
863000,0.762,0.000,0.238
863500,0.758,0.000,0.242
864000,0.799,0.000,0.201
864500,0.770,0.000,0.230
865000,0.695,0.000,0.305
865500,0.719,0.000,0.281
866000,0.703,0.000,0.297
866500,0.698,0.000,0.302
867000,0.694,0.000,0.306
867500,0.701,0.000,0.299
868000,0.631,0.000,0.369
868500,0.624,0.000,0.376
869000,0.617,0.000,0.383
869500,0.636,0.000,0.364
870000,0.590,0.000,0.410
870500,0.605,0.000,0.395
871000,0.611,0.000,0.389
871500,0.598,0.000,0.402
872000,0.594,0.000,0.406
872500,0.653,0.000,0.347
873000,0.653,0.000,0.347
873500,0.610,0.000,0.390
874000,0.606,0.000,0.394
874500,0.617,0.000,0.383
875000,0.592,0.000,0.408
875500,0.659,0.000,0.341
876000,0.634,0.000,0.366
876500,0.625,0.000,0.375
877000,0.602,0.000,0.398
877500,0.624,0.000,0.376
878000,0.606,0.000,0.394
878500,0.594,0.000,0.406
879000,0.618,0.000,0.382
879500,0.670,0.000,0.330
880000,0.728,0.000,0.272
880500,0.736,0.000,0.264
881000,0.709,0.000,0.291
881500,0.737,0.000,0.263
882000,0.717,0.000,0.283
882500,0.613,0.000,0.387
883000,0.692,0.000,0.308
883500,0.645,0.000,0.355
884000,0.661,0.000,0.339
884500,0.680,0.000,0.320
885000,0.654,0.000,0.346
885500,0.702,0.000,0.298
886000,0.752,0.000,0.248
886500,0.757,0.000,0.243
887000,0.798,0.000,0.202
887500,0.688,0.000,0.312
888000,0.634,0.000,0.366
888500,0.669,0.000,0.331
889000,0.647,0.000,0.353
889500,0.679,0.000,0.321
890000,0.696,0.000,0.304
890500,0.622,0.000,0.378
891000,0.582,0.000,0.418
891500,0.577,0.000,0.423
892000,0.680,0.000,0.320
892500,0.653,0.000,0.347
893000,0.619,0.000,0.381
893500,0.650,0.000,0.350
894000,0.613,0.000,0.387
894500,0.677,0.000,0.323
895000,0.594,0.000,0.406
895500,0.636,0.000,0.364
896000,0.642,0.000,0.358
896500,0.607,0.000,0.393
897000,0.536,0.000,0.464
897500,0.556,0.000,0.444
898000,0.546,0.000,0.454
898500,0.591,0.000,0.409
899000,0.603,0.000,0.397
899500,0.611,0.000,0.389
900000,0.598,0.000,0.402
900500,0.551,0.000,0.449
901000,0.627,0.000,0.373
901500,0.597,0.000,0.403
902000,0.701,0.000,0.299
902500,0.712,0.000,0.288
903000,0.665,0.000,0.335
903500,0.650,0.000,0.350
904000,0.641,0.000,0.359
904500,0.604,0.000,0.396
905000,0.582,0.000,0.418
905500,0.631,0.000,0.369
906000,0.657,0.000,0.343
906500,0.609,0.000,0.391
907000,0.612,0.000,0.388
907500,0.601,0.000,0.399
908000,0.639,0.000,0.361
908500,0.641,0.000,0.359
909000,0.575,0.000,0.425
909500,0.581,0.000,0.419
910000,0.552,0.000,0.448
910500,0.693,0.000,0.307
911000,0.626,0.000,0.374
911500,0.577,0.000,0.423
912000,0.589,0.000,0.411
912500,0.570,0.000,0.430
913000,0.576,0.000,0.424
913500,0.610,0.000,0.390
914000,0.646,0.000,0.354
914500,0.683,0.000,0.317
915000,0.671,0.000,0.329
915500,0.701,0.000,0.299
916000,0.681,0.000,0.319
916500,0.625,0.000,0.375
917000,0.717,0.000,0.283
917500,0.674,0.000,0.326
918000,0.649,0.000,0.351
918500,0.683,0.000,0.317
919000,0.622,0.000,0.378
919500,0.730,0.000,0.270
920000,0.716,0.000,0.284
920500,0.595,0.000,0.405
921000,0.629,0.000,0.371
921500,0.597,0.000,0.403
922000,0.620,0.000,0.380
922500,0.587,0.000,0.413
923000,0.599,0.000,0.401
923500,0.669,0.000,0.331
924000,0.690,0.000,0.310
924500,0.677,0.000,0.323
925000,0.631,0.000,0.369
925500,0.687,0.000,0.313
926000,0.725,0.000,0.275
926500,0.745,0.000,0.255
927000,0.726,0.000,0.274
927500,0.694,0.000,0.306
928000,0.633,0.000,0.367
928500,0.637,0.000,0.363
929000,0.655,0.000,0.345
929500,0.608,0.000,0.392
930000,0.598,0.000,0.402
930500,0.617,0.000,0.383
931000,0.635,0.000,0.365
931500,0.597,0.000,0.403
932000,0.615,0.000,0.385
932500,0.635,0.000,0.365
933000,0.555,0.000,0.445
933500,0.588,0.000,0.412
934000,0.583,0.000,0.417
934500,0.648,0.000,0.352
935000,0.677,0.000,0.323
935500,0.616,0.000,0.384
936000,0.626,0.000,0.374
936500,0.687,0.000,0.313
937000,0.668,0.000,0.332
937500,0.696,0.000,0.304
938000,0.689,0.000,0.311
938500,0.662,0.000,0.338
939000,0.645,0.000,0.355
939500,0.573,0.000,0.427
940000,0.662,0.000,0.338
940500,0.676,0.000,0.324
941000,0.648,0.000,0.352
941500,0.603,0.000,0.397
942000,0.648,0.000,0.352
942500,0.647,0.000,0.353
943000,0.612,0.000,0.388
943500,0.615,0.000,0.385
944000,0.673,0.000,0.327
944500,0.738,0.000,0.262
945000,0.735,0.000,0.265
945500,0.670,0.000,0.330
946000,0.700,0.000,0.300
946500,0.593,0.000,0.407
947000,0.620,0.000,0.380
947500,0.641,0.000,0.359
948000,0.589,0.000,0.411
948500,0.543,0.000,0.457
949000,0.562,0.000,0.438
949500,0.617,0.000,0.383
950000,0.654,0.000,0.346
950500,0.659,0.000,0.341
951000,0.680,0.000,0.320
951500,0.662,0.000,0.338
952000,0.728,0.000,0.272
952500,0.742,0.000,0.258
953000,0.682,0.000,0.318
953500,0.705,0.000,0.295
954000,0.721,0.000,0.279
954500,0.698,0.000,0.302
955000,0.724,0.000,0.276
955500,0.653,0.000,0.347
956000,0.674,0.000,0.326
956500,0.654,0.000,0.346
957000,0.588,0.000,0.412
957500,0.615,0.000,0.385
958000,0.587,0.000,0.413
958500,0.629,0.000,0.371
959000,0.624,0.000,0.376
959500,0.664,0.000,0.336
960000,0.639,0.000,0.361
960500,0.660,0.000,0.340
961000,0.621,0.000,0.379
961500,0.608,0.000,0.392
962000,0.604,0.000,0.396
962500,0.609,0.000,0.391
963000,0.613,0.000,0.387
963500,0.654,0.000,0.346
964000,0.657,0.000,0.343
964500,0.592,0.000,0.408
965000,0.684,0.000,0.316
965500,0.696,0.000,0.304
966000,0.647,0.000,0.353
966500,0.637,0.000,0.363
967000,0.633,0.000,0.367
967500,0.629,0.000,0.371
968000,0.636,0.000,0.364
968500,0.641,0.000,0.359
969000,0.662,0.000,0.338
969500,0.702,0.000,0.298
970000,0.714,0.000,0.286
970500,0.686,0.000,0.314
971000,0.722,0.000,0.278
971500,0.732,0.000,0.268
972000,0.628,0.000,0.372
972500,0.641,0.000,0.359
973000,0.689,0.000,0.311
973500,0.686,0.000,0.314
974000,0.710,0.000,0.290
974500,0.725,0.000,0.275
975000,0.718,0.000,0.282
975500,0.705,0.000,0.295
976000,0.716,0.000,0.284
976500,0.682,0.000,0.318
977000,0.661,0.000,0.339
977500,0.681,0.000,0.319
978000,0.674,0.000,0.326
978500,0.646,0.000,0.354
979000,0.589,0.000,0.411
979500,0.502,0.000,0.498
980000,0.597,0.000,0.403
980500,0.641,0.000,0.359
981000,0.555,0.000,0.445
981500,0.597,0.000,0.403
982000,0.643,0.000,0.357
982500,0.638,0.000,0.362
983000,0.649,0.000,0.351
983500,0.613,0.000,0.387
984000,0.626,0.000,0.374
984500,0.686,0.000,0.314
985000,0.615,0.000,0.385
985500,0.613,0.000,0.387
986000,0.600,0.000,0.400
986500,0.623,0.000,0.377
987000,0.646,0.000,0.354
987500,0.631,0.000,0.369
988000,0.570,0.000,0.430
988500,0.587,0.000,0.413
989000,0.594,0.000,0.406
989500,0.619,0.000,0.381
990000,0.625,0.000,0.375
990500,0.613,0.000,0.387
991000,0.643,0.000,0.357
991500,0.651,0.000,0.349
992000,0.684,0.000,0.316
992500,0.708,0.000,0.292
993000,0.689,0.000,0.311
993500,0.712,0.000,0.288
994000,0.690,0.000,0.310
994500,0.629,0.000,0.371
995000,0.632,0.000,0.368
995500,0.616,0.000,0.384
996000,0.589,0.000,0.411
996500,0.569,0.000,0.431
997000,0.608,0.000,0.392
997500,0.564,0.000,0.436
998000,0.614,0.000,0.386
998500,0.633,0.000,0.367
999000,0.663,0.000,0.337
999500,0.683,0.000,0.317
1000000,0.697,0.000,0.303
