time,n_A+p,n_B,n_AB
500,0.030,0.743,0.227
1000,0.030,0.629,0.341
1500,0.030,0.662,0.308
2000,0.030,0.559,0.411
2500,0.030,0.654,0.316
3000,0.030,0.782,0.188
3500,0.030,0.775,0.195
4000,0.030,0.683,0.287
4500,0.030,0.651,0.319
5000,0.030,0.720,0.250
5500,0.030,0.742,0.228
6000,0.030,0.678,0.292
6500,0.030,0.767,0.203
7000,0.030,0.682,0.288
7500,0.030,0.718,0.252
8000,0.030,0.659,0.311
8500,0.030,0.787,0.183
9000,0.030,0.819,0.151
9500,0.030,0.675,0.295
10000,0.030,0.753,0.217
10500,0.030,0.637,0.333
11000,0.030,0.702,0.268
11500,0.030,0.570,0.400
12000,0.030,0.729,0.241
12500,0.030,0.697,0.273
13000,0.030,0.640,0.330
13500,0.030,0.771,0.199
14000,0.030,0.742,0.228
14500,0.030,0.673,0.297
15000,0.030,0.655,0.315
15500,0.030,0.642,0.328
16000,0.030,0.661,0.309
16500,0.030,0.693,0.277
17000,0.030,0.671,0.299
17500,0.030,0.610,0.360
18000,0.030,0.578,0.392
18500,0.030,0.745,0.225
19000,0.030,0.703,0.267
19500,0.030,0.768,0.202
20000,0.030,0.697,0.273
20500,0.030,0.620,0.350
21000,0.030,0.672,0.298
21500,0.030,0.685,0.285
22000,0.030,0.640,0.330
22500,0.030,0.678,0.292
23000,0.030,0.701,0.269
23500,0.030,0.703,0.267
24000,0.030,0.650,0.320
24500,0.030,0.781,0.189
25000,0.030,0.762,0.208
25500,0.030,0.770,0.200
26000,0.030,0.719,0.251
26500,0.030,0.721,0.249
27000,0.030,0.602,0.368
27500,0.030,0.782,0.188
28000,0.030,0.742,0.228
28500,0.030,0.690,0.280
29000,0.030,0.806,0.164
29500,0.030,0.775,0.195
30000,0.030,0.762,0.208
30500,0.030,0.726,0.244
31000,0.030,0.660,0.310
31500,0.030,0.794,0.176
32000,0.030,0.644,0.326
32500,0.030,0.720,0.250
33000,0.030,0.733,0.237
33500,0.030,0.609,0.361
34000,0.030,0.728,0.242
34500,0.030,0.666,0.304
35000,0.030,0.710,0.260
35500,0.030,0.834,0.136
36000,0.030,0.843,0.127
36500,0.030,0.787,0.183
37000,0.030,0.711,0.259
37500,0.030,0.840,0.130
38000,0.030,0.607,0.363
38500,0.030,0.622,0.348
39000,0.030,0.778,0.192
39500,0.030,0.793,0.177
40000,0.030,0.711,0.259
40500,0.030,0.766,0.204
41000,0.030,0.707,0.263
41500,0.030,0.692,0.278
42000,0.030,0.664,0.306
42500,0.030,0.710,0.260
43000,0.030,0.716,0.254
43500,0.030,0.664,0.306
44000,0.030,0.685,0.285
44500,0.030,0.678,0.292
45000,0.030,0.813,0.157
45500,0.030,0.727,0.243
46000,0.030,0.636,0.334
46500,0.030,0.644,0.326
47000,0.030,0.691,0.279
47500,0.030,0.628,0.342
48000,0.030,0.683,0.287
48500,0.030,0.625,0.345
49000,0.030,0.614,0.356
49500,0.030,0.700,0.270
50000,0.030,0.777,0.193
50500,0.030,0.660,0.310
51000,0.030,0.613,0.357
51500,0.030,0.773,0.197
52000,0.030,0.842,0.128
52500,0.030,0.789,0.181
53000,0.030,0.696,0.274
53500,0.030,0.574,0.396
54000,0.030,0.559,0.411
54500,0.030,0.718,0.252
55000,0.030,0.629,0.341
55500,0.030,0.735,0.235
56000,0.030,0.784,0.186
56500,0.030,0.799,0.171
57000,0.030,0.723,0.247
57500,0.030,0.720,0.250
58000,0.030,0.673,0.297
58500,0.030,0.774,0.196
59000,0.030,0.627,0.343
59500,0.030,0.692,0.278
60000,0.030,0.647,0.323
60500,0.030,0.679,0.291
61000,0.030,0.761,0.209
61500,0.030,0.846,0.124
62000,0.030,0.770,0.200
62500,0.030,0.750,0.220
63000,0.030,0.627,0.343
63500,0.030,0.719,0.251
64000,0.030,0.790,0.180
64500,0.030,0.794,0.176
65000,0.030,0.738,0.232
65500,0.030,0.756,0.214
66000,0.030,0.732,0.238
66500,0.030,0.809,0.161
67000,0.030,0.760,0.210
67500,0.030,0.681,0.289
68000,0.030,0.772,0.198
68500,0.030,0.729,0.241
69000,0.030,0.756,0.214
69500,0.030,0.707,0.263
70000,0.030,0.703,0.267
70500,0.030,0.679,0.291
71000,0.030,0.710,0.260
71500,0.030,0.698,0.272
72000,0.030,0.740,0.230
72500,0.030,0.662,0.308
73000,0.030,0.661,0.309
73500,0.030,0.659,0.311
74000,0.030,0.712,0.258
74500,0.030,0.766,0.204
75000,0.030,0.746,0.224
75500,0.030,0.741,0.229
76000,0.030,0.727,0.243
76500,0.030,0.804,0.166
77000,0.030,0.759,0.211
77500,0.030,0.694,0.276
78000,0.030,0.755,0.215
78500,0.030,0.791,0.179
79000,0.030,0.717,0.253
79500,0.030,0.750,0.220
80000,0.030,0.824,0.146
80500,0.030,0.743,0.227
81000,0.030,0.690,0.280
81500,0.030,0.749,0.221
82000,0.030,0.763,0.207
82500,0.030,0.676,0.294
83000,0.030,0.737,0.233
83500,0.030,0.816,0.154
84000,0.030,0.608,0.362
84500,0.030,0.659,0.311
85000,0.030,0.801,0.169
85500,0.030,0.807,0.163
86000,0.030,0.641,0.329
86500,0.030,0.719,0.251
87000,0.030,0.722,0.248
87500,0.030,0.696,0.274
88000,0.030,0.665,0.305
88500,0.030,0.655,0.315
89000,0.030,0.585,0.385
89500,0.030,0.733,0.237
90000,0.030,0.734,0.236
90500,0.030,0.792,0.178
91000,0.030,0.804,0.166
91500,0.030,0.723,0.247
92000,0.030,0.629,0.341
92500,0.030,0.608,0.362
93000,0.030,0.727,0.243
93500,0.030,0.532,0.438
94000,0.030,0.593,0.377
94500,0.030,0.598,0.372
95000,0.030,0.791,0.179
95500,0.030,0.742,0.228
96000,0.030,0.877,0.093
96500,0.030,0.781,0.189
97000,0.030,0.682,0.288
97500,0.030,0.717,0.253
98000,0.030,0.697,0.273
98500,0.030,0.729,0.241
99000,0.030,0.723,0.247
99500,0.030,0.638,0.332
100000,0.030,0.804,0.166
100500,0.030,0.760,0.210
101000,0.030,0.686,0.284
101500,0.030,0.810,0.160
102000,0.030,0.776,0.194
102500,0.030,0.765,0.205
103000,0.030,0.714,0.256
103500,0.030,0.779,0.191
104000,0.030,0.659,0.311
104500,0.030,0.706,0.264
105000,0.030,0.691,0.279
105500,0.030,0.522,0.448
106000,0.030,0.669,0.301
106500,0.030,0.684,0.286
107000,0.030,0.666,0.304
107500,0.030,0.745,0.225
108000,0.030,0.660,0.310
108500,0.030,0.559,0.411
109000,0.030,0.904,0.066
109500,0.030,0.583,0.387
110000,0.030,0.728,0.242
110500,0.030,0.792,0.178
111000,0.030,0.760,0.210
111500,0.030,0.689,0.281
112000,0.030,0.635,0.335
112500,0.030,0.521,0.449
113000,0.030,0.630,0.340
113500,0.030,0.750,0.220
114000,0.030,0.776,0.194
114500,0.030,0.747,0.223
115000,0.030,0.662,0.308
115500,0.030,0.788,0.182
116000,0.030,0.715,0.255
116500,0.030,0.706,0.264
117000,0.030,0.703,0.267
117500,0.030,0.761,0.209
118000,0.030,0.696,0.274
118500,0.030,0.799,0.171
119000,0.030,0.783,0.187
119500,0.030,0.728,0.242
120000,0.030,0.718,0.252
120500,0.030,0.623,0.347
121000,0.030,0.659,0.311
121500,0.030,0.757,0.213
122000,0.030,0.825,0.145
122500,0.030,0.774,0.196
123000,0.030,0.689,0.281
123500,0.030,0.830,0.140
124000,0.030,0.819,0.151
124500,0.030,0.665,0.305
125000,0.030,0.859,0.111
125500,0.030,0.740,0.230
126000,0.030,0.542,0.428
126500,0.030,0.693,0.277
127000,0.030,0.695,0.275
127500,0.030,0.801,0.169
128000,0.030,0.780,0.190
128500,0.030,0.721,0.249
129000,0.030,0.662,0.308
129500,0.030,0.798,0.172
130000,0.030,0.701,0.269
130500,0.030,0.692,0.278
131000,0.030,0.592,0.378
131500,0.030,0.642,0.328
132000,0.030,0.724,0.246
132500,0.030,0.657,0.313
133000,0.030,0.726,0.244
133500,0.030,0.763,0.207
134000,0.030,0.588,0.382
134500,0.030,0.734,0.236
135000,0.030,0.831,0.139
135500,0.030,0.843,0.127
136000,0.030,0.719,0.251
136500,0.030,0.662,0.308
137000,0.030,0.774,0.196
137500,0.030,0.676,0.294
138000,0.030,0.668,0.302
138500,0.030,0.448,0.522
139000,0.030,0.566,0.404
139500,0.030,0.775,0.195
140000,0.030,0.737,0.233
140500,0.030,0.690,0.280
141000,0.030,0.735,0.235
141500,0.030,0.636,0.334
142000,0.030,0.653,0.317
142500,0.030,0.749,0.221
143000,0.030,0.625,0.345
143500,0.030,0.829,0.141
144000,0.030,0.736,0.234
144500,0.030,0.604,0.366
145000,0.030,0.637,0.333
145500,0.030,0.620,0.350
146000,0.030,0.568,0.402
146500,0.030,0.707,0.263
147000,0.030,0.698,0.272
147500,0.030,0.805,0.165
148000,0.030,0.741,0.229
148500,0.030,0.634,0.336
149000,0.030,0.629,0.341
149500,0.030,0.688,0.282
150000,0.030,0.795,0.175
150500,0.030,0.669,0.301
151000,0.030,0.571,0.399
151500,0.030,0.745,0.225
152000,0.030,0.719,0.251
152500,0.030,0.803,0.167
153000,0.030,0.841,0.129
153500,0.030,0.845,0.125
154000,0.030,0.759,0.211
154500,0.030,0.745,0.225
155000,0.030,0.713,0.257
155500,0.030,0.697,0.273
156000,0.030,0.834,0.136
156500,0.030,0.809,0.161
157000,0.030,0.808,0.162
157500,0.030,0.662,0.308
158000,0.030,0.727,0.243
158500,0.030,0.799,0.171
159000,0.030,0.842,0.128
159500,0.030,0.670,0.300
160000,0.030,0.689,0.281
160500,0.030,0.682,0.288
161000,0.030,0.740,0.230
161500,0.030,0.772,0.198
162000,0.030,0.701,0.269
162500,0.030,0.717,0.253
163000,0.030,0.654,0.316
163500,0.030,0.771,0.199
164000,0.030,0.771,0.199
164500,0.030,0.656,0.314
165000,0.030,0.676,0.294
165500,0.030,0.623,0.347
166000,0.030,0.704,0.266
166500,0.030,0.613,0.357
167000,0.030,0.650,0.320
167500,0.030,0.688,0.282
168000,0.030,0.725,0.245
168500,0.030,0.650,0.320
169000,0.030,0.638,0.332
169500,0.030,0.654,0.316
170000,0.030,0.717,0.253
170500,0.030,0.656,0.314
171000,0.030,0.702,0.268
171500,0.030,0.637,0.333
172000,0.030,0.613,0.357
172500,0.030,0.583,0.387
173000,0.030,0.726,0.244
173500,0.030,0.592,0.378
174000,0.030,0.587,0.383
174500,0.030,0.671,0.299
175000,0.030,0.655,0.315
175500,0.030,0.684,0.286
176000,0.030,0.636,0.334
176500,0.030,0.721,0.249
177000,0.030,0.612,0.358
177500,0.030,0.719,0.251
178000,0.030,0.742,0.228
178500,0.030,0.736,0.234
179000,0.030,0.675,0.295
179500,0.030,0.775,0.195
180000,0.030,0.536,0.434
180500,0.030,0.636,0.334
181000,0.030,0.680,0.290
181500,0.030,0.649,0.321
182000,0.030,0.688,0.282
182500,0.030,0.641,0.329
183000,0.030,0.714,0.256
183500,0.030,0.651,0.319
184000,0.030,0.711,0.259
184500,0.030,0.690,0.280
185000,0.030,0.776,0.194
185500,0.030,0.791,0.179
186000,0.030,0.758,0.212
186500,0.030,0.664,0.306
187000,0.030,0.659,0.311
187500,0.030,0.748,0.222
188000,0.030,0.753,0.217
188500,0.030,0.676,0.294
189000,0.030,0.777,0.193
189500,0.030,0.664,0.306
190000,0.030,0.795,0.175
190500,0.030,0.785,0.185
191000,0.030,0.834,0.136
191500,0.030,0.627,0.343
192000,0.030,0.685,0.285
192500,0.030,0.655,0.315
193000,0.030,0.844,0.126
193500,0.030,0.722,0.248
194000,0.030,0.734,0.236
194500,0.030,0.816,0.154
195000,0.030,0.707,0.263
195500,0.030,0.687,0.283
196000,0.030,0.493,0.477
196500,0.030,0.582,0.388
197000,0.030,0.766,0.204
197500,0.030,0.686,0.284
198000,0.030,0.670,0.300
198500,0.030,0.683,0.287
199000,0.030,0.644,0.326
199500,0.030,0.727,0.243
200000,0.030,0.668,0.302
200500,0.030,0.691,0.279
201000,0.030,0.594,0.376
201500,0.030,0.776,0.194
202000,0.030,0.723,0.247
202500,0.030,0.805,0.165
203000,0.030,0.550,0.420
203500,0.030,0.713,0.257
204000,0.030,0.738,0.232
204500,0.030,0.604,0.366
205000,0.030,0.723,0.247
205500,0.030,0.719,0.251
206000,0.030,0.621,0.349
206500,0.030,0.782,0.188
207000,0.030,0.810,0.160
207500,0.030,0.652,0.318
208000,0.030,0.726,0.244
208500,0.030,0.744,0.226
209000,0.030,0.723,0.247
209500,0.030,0.692,0.278
210000,0.030,0.759,0.211
210500,0.030,0.808,0.162
211000,0.030,0.724,0.246
211500,0.030,0.679,0.291
212000,0.030,0.752,0.218
212500,0.030,0.659,0.311
213000,0.030,0.692,0.278
213500,0.030,0.857,0.113
214000,0.030,0.753,0.217
214500,0.030,0.717,0.253
215000,0.030,0.820,0.150
215500,0.030,0.772,0.198
216000,0.030,0.718,0.252
216500,0.030,0.774,0.196
217000,0.030,0.767,0.203
217500,0.030,0.728,0.242
218000,0.030,0.614,0.356
218500,0.030,0.682,0.288
219000,0.030,0.762,0.208
219500,0.030,0.796,0.174
220000,0.030,0.630,0.340
220500,0.030,0.745,0.225
221000,0.030,0.808,0.162
221500,0.030,0.761,0.209
222000,0.030,0.794,0.176
222500,0.030,0.747,0.223
223000,0.030,0.842,0.128
223500,0.030,0.699,0.271
224000,0.030,0.679,0.291
224500,0.030,0.642,0.328
225000,0.030,0.669,0.301
225500,0.030,0.709,0.261
226000,0.030,0.785,0.185
226500,0.030,0.738,0.232
227000,0.030,0.645,0.325
227500,0.030,0.753,0.217
228000,0.030,0.777,0.193
228500,0.030,0.767,0.203
229000,0.030,0.753,0.217
229500,0.030,0.673,0.297
230000,0.030,0.726,0.244
230500,0.030,0.649,0.321
231000,0.030,0.662,0.308
231500,0.030,0.598,0.372
232000,0.030,0.587,0.383
232500,0.030,0.709,0.261
233000,0.030,0.789,0.181
233500,0.030,0.726,0.244
234000,0.030,0.681,0.289
234500,0.030,0.566,0.404
235000,0.030,0.736,0.234
235500,0.030,0.821,0.149
236000,0.030,0.823,0.147
236500,0.030,0.645,0.325
237000,0.030,0.583,0.387
237500,0.030,0.784,0.186
238000,0.030,0.576,0.394
238500,0.030,0.724,0.246
239000,0.030,0.777,0.193
239500,0.030,0.788,0.182
240000,0.030,0.805,0.165
240500,0.030,0.723,0.247
241000,0.030,0.803,0.167
241500,0.030,0.764,0.206
242000,0.030,0.600,0.370
242500,0.030,0.636,0.334
243000,0.030,0.728,0.242
243500,0.030,0.635,0.335
244000,0.030,0.659,0.311
244500,0.030,0.676,0.294
245000,0.030,0.698,0.272
245500,0.030,0.777,0.193
246000,0.030,0.765,0.205
246500,0.030,0.789,0.181
247000,0.030,0.680,0.290
247500,0.030,0.682,0.288
248000,0.030,0.708,0.262
248500,0.030,0.691,0.279
249000,0.030,0.578,0.392
249500,0.030,0.581,0.389
250000,0.030,0.624,0.346
250500,0.030,0.637,0.333
251000,0.030,0.655,0.315
251500,0.030,0.627,0.343
252000,0.030,0.683,0.287
252500,0.030,0.637,0.333
253000,0.030,0.831,0.139
253500,0.030,0.588,0.382
254000,0.030,0.639,0.331
254500,0.030,0.690,0.280
255000,0.030,0.714,0.256
255500,0.030,0.612,0.358
256000,0.030,0.748,0.222
256500,0.030,0.722,0.248
257000,0.030,0.640,0.330
257500,0.030,0.807,0.163
258000,0.030,0.656,0.314
258500,0.030,0.757,0.213
259000,0.030,0.677,0.293
259500,0.030,0.633,0.337
260000,0.030,0.679,0.291
260500,0.030,0.561,0.409
261000,0.030,0.756,0.214
261500,0.030,0.711,0.259
262000,0.030,0.672,0.298
262500,0.030,0.741,0.229
263000,0.030,0.766,0.204
263500,0.030,0.760,0.210
264000,0.030,0.736,0.234
264500,0.030,0.611,0.359
265000,0.030,0.726,0.244
265500,0.030,0.633,0.337
266000,0.030,0.806,0.164
266500,0.030,0.741,0.229
267000,0.030,0.684,0.286
267500,0.030,0.670,0.300
268000,0.030,0.683,0.287
268500,0.030,0.754,0.216
269000,0.030,0.788,0.182
269500,0.030,0.607,0.363
270000,0.030,0.660,0.310
270500,0.030,0.710,0.260
271000,0.030,0.663,0.307
271500,0.030,0.797,0.173
272000,0.030,0.729,0.241
272500,0.030,0.786,0.184
273000,0.030,0.696,0.274
273500,0.030,0.748,0.222
274000,0.030,0.721,0.249
274500,0.030,0.765,0.205
275000,0.030,0.762,0.208
275500,0.030,0.743,0.227
276000,0.030,0.545,0.425
276500,0.030,0.758,0.212
277000,0.030,0.726,0.244
277500,0.030,0.658,0.312
278000,0.030,0.636,0.334
278500,0.030,0.687,0.283
279000,0.030,0.646,0.324
279500,0.030,0.584,0.386
280000,0.030,0.727,0.243
280500,0.030,0.716,0.254
281000,0.030,0.628,0.342
281500,0.030,0.649,0.321
282000,0.030,0.686,0.284
282500,0.030,0.684,0.286
283000,0.030,0.626,0.344
283500,0.030,0.802,0.168
284000,0.030,0.589,0.381
284500,0.030,0.708,0.262
285000,0.030,0.774,0.196
285500,0.030,0.700,0.270
286000,0.030,0.691,0.279
286500,0.030,0.674,0.296
287000,0.030,0.737,0.233
287500,0.030,0.807,0.163
288000,0.030,0.749,0.221
288500,0.030,0.704,0.266
289000,0.030,0.769,0.201
289500,0.030,0.779,0.191
290000,0.030,0.671,0.299
290500,0.030,0.747,0.223
291000,0.030,0.654,0.316
291500,0.030,0.607,0.363
292000,0.030,0.640,0.330
292500,0.030,0.650,0.320
293000,0.030,0.575,0.395
293500,0.030,0.714,0.256
294000,0.030,0.703,0.267
294500,0.030,0.800,0.170
295000,0.030,0.672,0.298
295500,0.030,0.774,0.196
296000,0.030,0.685,0.285
296500,0.030,0.656,0.314
297000,0.030,0.731,0.239
297500,0.030,0.632,0.338
298000,0.030,0.737,0.233
298500,0.030,0.820,0.150
299000,0.030,0.724,0.246
299500,0.030,0.700,0.270
300000,0.030,0.647,0.323
300500,0.030,0.651,0.319
301000,0.030,0.704,0.266
301500,0.030,0.685,0.285
302000,0.030,0.701,0.269
302500,0.030,0.757,0.213
303000,0.030,0.726,0.244
303500,0.030,0.666,0.304
304000,0.030,0.703,0.267
304500,0.030,0.639,0.331
305000,0.030,0.691,0.279
305500,0.030,0.745,0.225
306000,0.030,0.653,0.317
306500,0.030,0.689,0.281
307000,0.030,0.554,0.416
307500,0.030,0.493,0.477
308000,0.030,0.710,0.260
308500,0.030,0.736,0.234
309000,0.030,0.711,0.259
309500,0.030,0.692,0.278
310000,0.030,0.710,0.260
310500,0.030,0.763,0.207
311000,0.030,0.612,0.358
311500,0.030,0.599,0.371
312000,0.030,0.710,0.260
312500,0.030,0.536,0.434
313000,0.030,0.684,0.286
313500,0.030,0.717,0.253
314000,0.030,0.714,0.256
314500,0.030,0.813,0.157
315000,0.030,0.724,0.246
315500,0.030,0.760,0.210
316000,0.030,0.756,0.214
316500,0.030,0.659,0.311
317000,0.030,0.707,0.263
317500,0.030,0.706,0.264
318000,0.030,0.762,0.208
318500,0.030,0.717,0.253
319000,0.030,0.640,0.330
319500,0.030,0.784,0.186
320000,0.030,0.751,0.219
320500,0.030,0.801,0.169
321000,0.030,0.754,0.216
321500,0.030,0.676,0.294
322000,0.030,0.718,0.252
322500,0.030,0.793,0.177
323000,0.030,0.739,0.231
323500,0.030,0.606,0.364
324000,0.030,0.775,0.195
324500,0.030,0.741,0.229
325000,0.030,0.595,0.375
325500,0.030,0.549,0.421
326000,0.030,0.620,0.350
326500,0.030,0.661,0.309
327000,0.030,0.756,0.214
327500,0.030,0.699,0.271
328000,0.030,0.697,0.273
328500,0.030,0.732,0.238
329000,0.030,0.835,0.135
329500,0.030,0.706,0.264
330000,0.030,0.638,0.332
330500,0.030,0.796,0.174
331000,0.030,0.598,0.372
331500,0.030,0.620,0.350
332000,0.030,0.613,0.357
332500,0.030,0.644,0.326
333000,0.030,0.823,0.147
333500,0.030,0.774,0.196
334000,0.030,0.676,0.294
334500,0.030,0.613,0.357
335000,0.030,0.681,0.289
335500,0.030,0.728,0.242
336000,0.030,0.698,0.272
336500,0.030,0.609,0.361
337000,0.030,0.777,0.193
337500,0.030,0.706,0.264
338000,0.030,0.840,0.130
338500,0.030,0.726,0.244
339000,0.030,0.719,0.251
339500,0.030,0.734,0.236
340000,0.030,0.535,0.435
340500,0.030,0.731,0.239
341000,0.030,0.667,0.303
341500,0.030,0.733,0.237
342000,0.030,0.740,0.230
342500,0.030,0.723,0.247
343000,0.030,0.781,0.189
343500,0.030,0.718,0.252
344000,0.030,0.767,0.203
344500,0.030,0.699,0.271
345000,0.030,0.854,0.116
345500,0.030,0.744,0.226
346000,0.030,0.821,0.149
346500,0.030,0.751,0.219
347000,0.030,0.648,0.322
347500,0.030,0.815,0.155
348000,0.030,0.750,0.220
348500,0.030,0.629,0.341
349000,0.030,0.649,0.321
349500,0.030,0.720,0.250
350000,0.030,0.631,0.339
350500,0.030,0.597,0.373
351000,0.030,0.664,0.306
351500,0.030,0.757,0.213
352000,0.030,0.640,0.330
352500,0.030,0.650,0.320
353000,0.030,0.694,0.276
353500,0.030,0.748,0.222
354000,0.030,0.767,0.203
354500,0.030,0.681,0.289
355000,0.030,0.784,0.186
355500,0.030,0.707,0.263
356000,0.030,0.707,0.263
356500,0.030,0.705,0.265
357000,0.030,0.619,0.351
357500,0.030,0.565,0.405
358000,0.030,0.613,0.357
358500,0.030,0.654,0.316
359000,0.030,0.658,0.312
359500,0.030,0.688,0.282
360000,0.030,0.668,0.302
360500,0.030,0.710,0.260
361000,0.030,0.654,0.316
361500,0.030,0.611,0.359
362000,0.030,0.642,0.328
362500,0.030,0.829,0.141
363000,0.030,0.790,0.180
363500,0.030,0.788,0.182
364000,0.030,0.700,0.270
364500,0.030,0.706,0.264
365000,0.030,0.597,0.373
365500,0.030,0.746,0.224
366000,0.030,0.777,0.193
366500,0.030,0.696,0.274
367000,0.030,0.656,0.314
367500,0.030,0.746,0.224
368000,0.030,0.829,0.141
368500,0.030,0.772,0.198
369000,0.030,0.678,0.292
369500,0.030,0.674,0.296
370000,0.030,0.778,0.192
370500,0.030,0.688,0.282
371000,0.030,0.790,0.180
371500,0.030,0.756,0.214
372000,0.030,0.654,0.316
372500,0.030,0.585,0.385
373000,0.030,0.636,0.334
373500,0.030,0.662,0.308
374000,0.030,0.756,0.214
374500,0.030,0.667,0.303
375000,0.030,0.676,0.294
375500,0.030,0.808,0.162
376000,0.030,0.730,0.240
376500,0.030,0.663,0.307
377000,0.030,0.652,0.318
377500,0.030,0.663,0.307
378000,0.030,0.825,0.145
378500,0.030,0.784,0.186
379000,0.030,0.663,0.307
379500,0.030,0.705,0.265
380000,0.030,0.788,0.182
380500,0.030,0.631,0.339
381000,0.030,0.671,0.299
381500,0.030,0.786,0.184
382000,0.030,0.914,0.056
382500,0.030,0.792,0.178
383000,0.030,0.737,0.233
383500,0.030,0.694,0.276
384000,0.030,0.701,0.269
384500,0.030,0.678,0.292
385000,0.030,0.588,0.382
385500,0.030,0.541,0.429
386000,0.030,0.556,0.414
386500,0.030,0.814,0.156
387000,0.030,0.796,0.174
387500,0.030,0.849,0.121
388000,0.030,0.837,0.133
388500,0.030,0.577,0.393
389000,0.030,0.710,0.260
389500,0.030,0.629,0.341
390000,0.030,0.598,0.372
390500,0.030,0.748,0.222
391000,0.030,0.734,0.236
391500,0.030,0.727,0.243
392000,0.030,0.721,0.249
392500,0.030,0.798,0.172
393000,0.030,0.768,0.202
393500,0.030,0.767,0.203
394000,0.030,0.767,0.203
394500,0.030,0.729,0.241
395000,0.030,0.600,0.370
395500,0.030,0.673,0.297
396000,0.030,0.756,0.214
396500,0.030,0.782,0.188
397000,0.030,0.613,0.357
397500,0.030,0.546,0.424
398000,0.030,0.758,0.212
398500,0.030,0.562,0.408
399000,0.030,0.728,0.242
399500,0.030,0.797,0.173
400000,0.030,0.764,0.206
400500,0.030,0.637,0.333
401000,0.030,0.662,0.308
401500,0.030,0.697,0.273
402000,0.030,0.815,0.155
402500,0.030,0.754,0.216
403000,0.030,0.638,0.332
403500,0.030,0.745,0.225
404000,0.030,0.647,0.323
404500,0.030,0.744,0.226
405000,0.030,0.643,0.327
405500,0.030,0.573,0.397
406000,0.030,0.600,0.370
406500,0.030,0.658,0.312
407000,0.030,0.619,0.351
407500,0.030,0.633,0.337
408000,0.030,0.772,0.198
408500,0.030,0.807,0.163
409000,0.030,0.625,0.345
409500,0.030,0.782,0.188
410000,0.030,0.757,0.213
410500,0.030,0.674,0.296
411000,0.030,0.638,0.332
411500,0.030,0.703,0.267
412000,0.030,0.573,0.397
412500,0.030,0.665,0.305
413000,0.030,0.682,0.288
413500,0.030,0.604,0.366
414000,0.030,0.718,0.252
414500,0.030,0.746,0.224
415000,0.030,0.603,0.367
415500,0.030,0.715,0.255
416000,0.030,0.569,0.401
416500,0.030,0.640,0.330
417000,0.030,0.753,0.217
417500,0.030,0.695,0.275
418000,0.030,0.782,0.188
418500,0.030,0.803,0.167
419000,0.030,0.648,0.322
419500,0.030,0.543,0.427
420000,0.030,0.703,0.267
420500,0.030,0.674,0.296
421000,0.030,0.677,0.293
421500,0.030,0.651,0.319
422000,0.030,0.748,0.222
422500,0.030,0.612,0.358
423000,0.030,0.716,0.254
423500,0.030,0.792,0.178
424000,0.030,0.854,0.116
424500,0.030,0.854,0.116
425000,0.030,0.777,0.193
425500,0.030,0.667,0.303
426000,0.030,0.735,0.235
426500,0.030,0.720,0.250
427000,0.030,0.703,0.267
427500,0.030,0.667,0.303
428000,0.030,0.592,0.378
428500,0.030,0.670,0.300
429000,0.030,0.696,0.274
429500,0.030,0.621,0.349
430000,0.030,0.668,0.302
430500,0.030,0.753,0.217
431000,0.030,0.689,0.281
431500,0.030,0.683,0.287
432000,0.030,0.674,0.296
432500,0.030,0.706,0.264
433000,0.030,0.806,0.164
433500,0.030,0.814,0.156
434000,0.030,0.727,0.243
434500,0.030,0.660,0.310
435000,0.030,0.685,0.285
435500,0.030,0.709,0.261
436000,0.030,0.639,0.331
436500,0.030,0.598,0.372
437000,0.030,0.728,0.242
437500,0.030,0.656,0.314
438000,0.030,0.768,0.202
438500,0.030,0.816,0.154
439000,0.030,0.777,0.193
439500,0.030,0.634,0.336
440000,0.030,0.699,0.271
440500,0.030,0.626,0.344
441000,0.030,0.666,0.304
441500,0.030,0.817,0.153
442000,0.030,0.745,0.225
442500,0.030,0.710,0.260
443000,0.030,0.649,0.321
443500,0.030,0.645,0.325
444000,0.030,0.722,0.248
444500,0.030,0.597,0.373
445000,0.030,0.730,0.240
445500,0.030,0.623,0.347
446000,0.030,0.620,0.350
446500,0.030,0.797,0.173
447000,0.030,0.667,0.303
447500,0.030,0.765,0.205
448000,0.030,0.700,0.270
448500,0.030,0.749,0.221
449000,0.030,0.707,0.263
449500,0.030,0.794,0.176
450000,0.030,0.618,0.352
450500,0.030,0.718,0.252
451000,0.030,0.690,0.280
451500,0.030,0.683,0.287
452000,0.030,0.780,0.190
452500,0.030,0.790,0.180
453000,0.030,0.716,0.254
453500,0.030,0.678,0.292
454000,0.030,0.717,0.253
454500,0.030,0.681,0.289
455000,0.030,0.693,0.277
455500,0.030,0.818,0.152
456000,0.030,0.655,0.315
456500,0.030,0.652,0.318
457000,0.030,0.684,0.286
457500,0.030,0.694,0.276
458000,0.030,0.743,0.227
458500,0.030,0.731,0.239
459000,0.030,0.672,0.298
459500,0.030,0.663,0.307
460000,0.030,0.685,0.285
460500,0.030,0.700,0.270
461000,0.030,0.759,0.211
461500,0.030,0.745,0.225
462000,0.030,0.775,0.195
462500,0.030,0.674,0.296
463000,0.030,0.733,0.237
463500,0.030,0.846,0.124
464000,0.030,0.719,0.251
464500,0.030,0.670,0.300
465000,0.030,0.735,0.235
465500,0.030,0.767,0.203
466000,0.030,0.788,0.182
466500,0.030,0.655,0.315
467000,0.030,0.578,0.392
467500,0.030,0.780,0.190
468000,0.030,0.785,0.185
468500,0.030,0.733,0.237
469000,0.030,0.789,0.181
469500,0.030,0.754,0.216
470000,0.030,0.678,0.292
470500,0.030,0.581,0.389
471000,0.030,0.563,0.407
471500,0.030,0.568,0.402
472000,0.030,0.609,0.361
472500,0.030,0.714,0.256
473000,0.030,0.760,0.210
473500,0.030,0.793,0.177
474000,0.030,0.878,0.092
474500,0.030,0.781,0.189
475000,0.030,0.759,0.211
475500,0.030,0.703,0.267
476000,0.030,0.720,0.250
476500,0.030,0.742,0.228
477000,0.030,0.779,0.191
477500,0.030,0.576,0.394
478000,0.030,0.623,0.347
478500,0.030,0.758,0.212
479000,0.030,0.667,0.303
479500,0.030,0.785,0.185
480000,0.030,0.576,0.394
480500,0.030,0.651,0.319
481000,0.030,0.637,0.333
481500,0.030,0.687,0.283
482000,0.030,0.579,0.391
482500,0.030,0.665,0.305
483000,0.030,0.675,0.295
483500,0.030,0.707,0.263
484000,0.030,0.669,0.301
484500,0.030,0.656,0.314
485000,0.030,0.698,0.272
485500,0.030,0.699,0.271
486000,0.030,0.665,0.305
486500,0.030,0.604,0.366
487000,0.030,0.668,0.302
487500,0.030,0.646,0.324
488000,0.030,0.642,0.328
488500,0.030,0.576,0.394
489000,0.030,0.532,0.438
489500,0.030,0.722,0.248
490000,0.030,0.746,0.224
490500,0.030,0.825,0.145
491000,0.030,0.711,0.259
491500,0.030,0.695,0.275
492000,0.030,0.766,0.204
492500,0.030,0.751,0.219
493000,0.030,0.587,0.383
493500,0.030,0.667,0.303
494000,0.030,0.752,0.218
494500,0.030,0.672,0.298
495000,0.030,0.782,0.188
495500,0.030,0.734,0.236
496000,0.030,0.649,0.321
496500,0.030,0.747,0.223
497000,0.030,0.751,0.219
497500,0.030,0.705,0.265
498000,0.030,0.709,0.261
498500,0.030,0.734,0.236
499000,0.030,0.649,0.321
499500,0.030,0.713,0.257
500000,0.030,0.764,0.206
500500,0.030,0.721,0.249
501000,0.030,0.711,0.259
501500,0.030,0.650,0.320
502000,0.030,0.735,0.235
502500,0.030,0.783,0.187
503000,0.030,0.760,0.210
503500,0.030,0.770,0.200
504000,0.030,0.663,0.307
504500,0.030,0.826,0.144
505000,0.030,0.705,0.265
505500,0.030,0.656,0.314
506000,0.030,0.842,0.128
506500,0.030,0.664,0.306
507000,0.030,0.622,0.348
507500,0.030,0.655,0.315
508000,0.030,0.630,0.340
508500,0.030,0.699,0.271
509000,0.030,0.748,0.222
509500,0.030,0.803,0.167
510000,0.030,0.736,0.234
510500,0.030,0.733,0.237
511000,0.030,0.669,0.301
511500,0.030,0.744,0.226
512000,0.030,0.749,0.221
512500,0.030,0.627,0.343
513000,0.030,0.778,0.192
513500,0.030,0.709,0.261
514000,0.030,0.710,0.260
514500,0.030,0.721,0.249
515000,0.030,0.671,0.299
515500,0.030,0.741,0.229
516000,0.030,0.712,0.258
516500,0.030,0.777,0.193
517000,0.030,0.705,0.265
517500,0.030,0.644,0.326
518000,0.030,0.827,0.143
518500,0.030,0.750,0.220
519000,0.030,0.751,0.219
519500,0.030,0.825,0.145
520000,0.030,0.789,0.181
520500,0.030,0.713,0.257
521000,0.030,0.622,0.348
521500,0.030,0.634,0.336
522000,0.030,0.700,0.270
522500,0.030,0.709,0.261
523000,0.030,0.799,0.171
523500,0.030,0.761,0.209
524000,0.030,0.670,0.300
524500,0.030,0.661,0.309
525000,0.030,0.755,0.215
525500,0.030,0.666,0.304
526000,0.030,0.707,0.263
526500,0.030,0.794,0.176
527000,0.030,0.721,0.249
527500,0.030,0.636,0.334
528000,0.030,0.629,0.341
528500,0.030,0.616,0.354
529000,0.030,0.569,0.401
529500,0.030,0.705,0.265
530000,0.030,0.763,0.207
530500,0.030,0.705,0.265
531000,0.030,0.697,0.273
531500,0.030,0.797,0.173
532000,0.030,0.525,0.445
532500,0.030,0.622,0.348
533000,0.030,0.794,0.176
533500,0.030,0.664,0.306
534000,0.030,0.675,0.295
534500,0.030,0.587,0.383
535000,0.030,0.621,0.349
535500,0.030,0.687,0.283
536000,0.030,0.481,0.489
536500,0.030,0.615,0.355
537000,0.030,0.734,0.236
537500,0.030,0.630,0.340
538000,0.030,0.639,0.331
538500,0.030,0.655,0.315
539000,0.030,0.688,0.282
539500,0.030,0.765,0.205
540000,0.030,0.701,0.269
540500,0.030,0.772,0.198
541000,0.030,0.699,0.271
541500,0.030,0.719,0.251
542000,0.030,0.668,0.302
542500,0.030,0.844,0.126
543000,0.030,0.809,0.161
543500,0.030,0.823,0.147
544000,0.030,0.752,0.218
544500,0.030,0.738,0.232
545000,0.030,0.605,0.365
545500,0.030,0.858,0.112
546000,0.030,0.750,0.220
546500,0.030,0.779,0.191
547000,0.030,0.774,0.196
547500,0.030,0.670,0.300
548000,0.030,0.721,0.249
548500,0.030,0.656,0.314
549000,0.030,0.704,0.266
549500,0.030,0.784,0.186
550000,0.030,0.776,0.194
550500,0.030,0.686,0.284
551000,0.030,0.643,0.327
551500,0.030,0.688,0.282
552000,0.030,0.699,0.271
552500,0.030,0.684,0.286
553000,0.030,0.786,0.184
553500,0.030,0.812,0.158
554000,0.030,0.701,0.269
554500,0.030,0.779,0.191
555000,0.030,0.756,0.214
555500,0.030,0.721,0.249
556000,0.030,0.645,0.325
556500,0.030,0.815,0.155
557000,0.030,0.801,0.169
557500,0.030,0.642,0.328
558000,0.030,0.680,0.290
558500,0.030,0.618,0.352
559000,0.030,0.630,0.340
559500,0.030,0.748,0.222
560000,0.030,0.637,0.333
560500,0.030,0.698,0.272
561000,0.030,0.683,0.287
561500,0.030,0.740,0.230
562000,0.030,0.768,0.202
562500,0.030,0.808,0.162
563000,0.030,0.786,0.184
563500,0.030,0.780,0.190
564000,0.030,0.600,0.370
564500,0.030,0.659,0.311
565000,0.030,0.593,0.377
565500,0.030,0.573,0.397
566000,0.030,0.708,0.262
566500,0.030,0.781,0.189
567000,0.030,0.703,0.267
567500,0.030,0.778,0.192
568000,0.030,0.685,0.285
568500,0.030,0.667,0.303
569000,0.030,0.656,0.314
569500,0.030,0.643,0.327
570000,0.030,0.730,0.240
570500,0.030,0.763,0.207
571000,0.030,0.705,0.265
571500,0.030,0.711,0.259
572000,0.030,0.709,0.261
572500,0.030,0.757,0.213
573000,0.030,0.721,0.249
573500,0.030,0.648,0.322
574000,0.030,0.638,0.332
574500,0.030,0.733,0.237
575000,0.030,0.789,0.181
575500,0.030,0.716,0.254
576000,0.030,0.642,0.328
576500,0.030,0.705,0.265
577000,0.030,0.703,0.267
577500,0.030,0.678,0.292
578000,0.030,0.788,0.182
578500,0.030,0.742,0.228
579000,0.030,0.684,0.286
579500,0.030,0.723,0.247
580000,0.030,0.713,0.257
580500,0.030,0.707,0.263
581000,0.030,0.595,0.375
581500,0.030,0.658,0.312
582000,0.030,0.701,0.269
582500,0.030,0.752,0.218
583000,0.030,0.806,0.164
583500,0.030,0.700,0.270
584000,0.030,0.701,0.269
584500,0.030,0.590,0.380
585000,0.030,0.727,0.243
585500,0.030,0.658,0.312
586000,0.030,0.729,0.241
586500,0.030,0.886,0.084
587000,0.030,0.789,0.181
587500,0.030,0.767,0.203
588000,0.030,0.660,0.310
588500,0.030,0.713,0.257
589000,0.030,0.663,0.307
589500,0.030,0.791,0.179
590000,0.030,0.653,0.317
590500,0.030,0.643,0.327
591000,0.030,0.553,0.417
591500,0.030,0.583,0.387
592000,0.030,0.649,0.321
592500,0.030,0.716,0.254
593000,0.030,0.670,0.300
593500,0.030,0.767,0.203
594000,0.030,0.677,0.293
594500,0.030,0.582,0.388
595000,0.030,0.713,0.257
595500,0.030,0.638,0.332
596000,0.030,0.698,0.272
596500,0.030,0.660,0.310
597000,0.030,0.737,0.233
597500,0.030,0.812,0.158
598000,0.030,0.580,0.390
598500,0.030,0.549,0.421
599000,0.030,0.685,0.285
599500,0.030,0.596,0.374
600000,0.030,0.671,0.299
600500,0.030,0.677,0.293
601000,0.030,0.776,0.194
601500,0.030,0.763,0.207
602000,0.030,0.844,0.126
602500,0.030,0.789,0.181
603000,0.030,0.759,0.211
603500,0.030,0.642,0.328
604000,0.030,0.680,0.290
604500,0.030,0.734,0.236
605000,0.030,0.647,0.323
605500,0.030,0.717,0.253
606000,0.030,0.677,0.293
606500,0.030,0.754,0.216
607000,0.030,0.771,0.199
607500,0.030,0.777,0.193
608000,0.030,0.640,0.330
608500,0.030,0.618,0.352
609000,0.030,0.671,0.299
609500,0.030,0.744,0.226
610000,0.030,0.744,0.226
610500,0.030,0.653,0.317
611000,0.030,0.648,0.322
611500,0.030,0.724,0.246
612000,0.030,0.737,0.233
612500,0.030,0.700,0.270
613000,0.030,0.629,0.341
613500,0.030,0.658,0.312
614000,0.030,0.681,0.289
614500,0.030,0.622,0.348
615000,0.030,0.716,0.254
615500,0.030,0.866,0.104
616000,0.030,0.719,0.251
616500,0.030,0.639,0.331
617000,0.030,0.519,0.451
617500,0.030,0.653,0.317
618000,0.030,0.813,0.157
618500,0.030,0.745,0.225
619000,0.030,0.641,0.329
619500,0.030,0.688,0.282
620000,0.030,0.683,0.287
620500,0.030,0.768,0.202
621000,0.030,0.729,0.241
621500,0.030,0.593,0.377
622000,0.030,0.647,0.323
622500,0.030,0.670,0.300
623000,0.030,0.615,0.355
623500,0.030,0.729,0.241
624000,0.030,0.809,0.161
624500,0.030,0.686,0.284
625000,0.030,0.799,0.171
625500,0.030,0.626,0.344
626000,0.030,0.827,0.143
626500,0.030,0.726,0.244
627000,0.030,0.741,0.229
627500,0.030,0.601,0.369
628000,0.030,0.546,0.424
628500,0.030,0.561,0.409
629000,0.030,0.721,0.249
629500,0.030,0.694,0.276
630000,0.030,0.728,0.242
630500,0.030,0.673,0.297
631000,0.030,0.749,0.221
631500,0.030,0.605,0.365
632000,0.030,0.656,0.314
632500,0.030,0.679,0.291
633000,0.030,0.730,0.240
633500,0.030,0.722,0.248
634000,0.030,0.705,0.265
634500,0.030,0.743,0.227
635000,0.030,0.662,0.308
635500,0.030,0.650,0.320
636000,0.030,0.672,0.298
636500,0.030,0.652,0.318
637000,0.030,0.783,0.187
637500,0.030,0.791,0.179
638000,0.030,0.819,0.151
638500,0.030,0.894,0.076
639000,0.030,0.796,0.174
639500,0.030,0.673,0.297
640000,0.030,0.606,0.364
640500,0.030,0.645,0.325
641000,0.030,0.740,0.230
641500,0.030,0.658,0.312
642000,0.030,0.617,0.353
642500,0.030,0.741,0.229
643000,0.030,0.838,0.132
643500,0.030,0.704,0.266
644000,0.030,0.670,0.300
644500,0.030,0.533,0.437
645000,0.030,0.689,0.281
645500,0.030,0.772,0.198
646000,0.030,0.725,0.245
646500,0.030,0.803,0.167
647000,0.030,0.699,0.271
647500,0.030,0.684,0.286
648000,0.030,0.801,0.169
648500,0.030,0.653,0.317
649000,0.030,0.619,0.351
649500,0.030,0.567,0.403
650000,0.030,0.669,0.301
650500,0.030,0.675,0.295
651000,0.030,0.747,0.223
651500,0.030,0.657,0.313
652000,0.030,0.618,0.352
652500,0.030,0.619,0.351
653000,0.030,0.552,0.418
653500,0.030,0.683,0.287
654000,0.030,0.714,0.256
654500,0.030,0.578,0.392
655000,0.030,0.722,0.248
655500,0.030,0.687,0.283
656000,0.030,0.773,0.197
656500,0.030,0.686,0.284
657000,0.030,0.626,0.344
657500,0.030,0.611,0.359
658000,0.030,0.832,0.138
658500,0.030,0.856,0.114
659000,0.030,0.682,0.288
659500,0.030,0.690,0.280
660000,0.030,0.722,0.248
660500,0.030,0.757,0.213
661000,0.030,0.709,0.261
661500,0.030,0.726,0.244
662000,0.030,0.742,0.228
662500,0.030,0.747,0.223
663000,0.030,0.781,0.189
663500,0.030,0.710,0.260
664000,0.030,0.642,0.328
664500,0.030,0.606,0.364
665000,0.030,0.561,0.409
665500,0.030,0.676,0.294
666000,0.030,0.641,0.329
666500,0.030,0.671,0.299
667000,0.030,0.626,0.344
667500,0.030,0.617,0.353
668000,0.030,0.622,0.348
668500,0.030,0.553,0.417
669000,0.030,0.582,0.388
669500,0.030,0.711,0.259
670000,0.030,0.618,0.352
670500,0.030,0.619,0.351
671000,0.030,0.610,0.360
671500,0.030,0.754,0.216
672000,0.030,0.643,0.327
672500,0.030,0.691,0.279
673000,0.030,0.553,0.417
673500,0.030,0.604,0.366
674000,0.030,0.691,0.279
674500,0.030,0.729,0.241
675000,0.030,0.768,0.202
675500,0.030,0.678,0.292
676000,0.030,0.714,0.256
676500,0.030,0.728,0.242
677000,0.030,0.571,0.399
677500,0.030,0.796,0.174
678000,0.030,0.747,0.223
678500,0.030,0.672,0.298
679000,0.030,0.638,0.332
679500,0.030,0.640,0.330
680000,0.030,0.808,0.162
680500,0.030,0.805,0.165
681000,0.030,0.783,0.187
681500,0.030,0.755,0.215
682000,0.030,0.716,0.254
682500,0.030,0.673,0.297
683000,0.030,0.723,0.247
683500,0.030,0.826,0.144
684000,0.030,0.744,0.226
684500,0.030,0.724,0.246
685000,0.030,0.726,0.244
685500,0.030,0.578,0.392
686000,0.030,0.685,0.285
686500,0.030,0.670,0.300
687000,0.030,0.686,0.284
687500,0.030,0.620,0.350
688000,0.030,0.696,0.274
688500,0.030,0.741,0.229
689000,0.030,0.624,0.346
689500,0.030,0.604,0.366
690000,0.030,0.623,0.347
690500,0.030,0.768,0.202
691000,0.030,0.658,0.312
691500,0.030,0.788,0.182
692000,0.030,0.730,0.240
692500,0.030,0.644,0.326
693000,0.030,0.779,0.191
693500,0.030,0.746,0.224
694000,0.030,0.802,0.168
694500,0.030,0.689,0.281
695000,0.030,0.602,0.368
695500,0.030,0.651,0.319
696000,0.030,0.758,0.212
696500,0.030,0.763,0.207
697000,0.030,0.766,0.204
697500,0.030,0.752,0.218
698000,0.030,0.694,0.276
698500,0.030,0.674,0.296
699000,0.030,0.742,0.228
699500,0.030,0.706,0.264
700000,0.030,0.789,0.181
700500,0.030,0.655,0.315
701000,0.030,0.715,0.255
701500,0.030,0.824,0.146
702000,0.030,0.702,0.268
702500,0.030,0.735,0.235
703000,0.030,0.752,0.218
703500,0.030,0.716,0.254
704000,0.030,0.590,0.380
704500,0.030,0.680,0.290
705000,0.030,0.621,0.349
705500,0.030,0.656,0.314
706000,0.030,0.715,0.255
706500,0.030,0.782,0.188
707000,0.030,0.652,0.318
707500,0.030,0.733,0.237
708000,0.030,0.752,0.218
708500,0.030,0.789,0.181
709000,0.030,0.603,0.367
709500,0.030,0.724,0.246
710000,0.030,0.724,0.246
710500,0.030,0.733,0.237
711000,0.030,0.686,0.284
711500,0.030,0.776,0.194
712000,0.030,0.681,0.289
712500,0.030,0.745,0.225
713000,0.030,0.789,0.181
713500,0.030,0.796,0.174
714000,0.030,0.730,0.240
714500,0.030,0.671,0.299
715000,0.030,0.650,0.320
715500,0.030,0.694,0.276
716000,0.030,0.571,0.399
716500,0.030,0.612,0.358
717000,0.030,0.671,0.299
717500,0.030,0.751,0.219
718000,0.030,0.699,0.271
718500,0.030,0.778,0.192
719000,0.030,0.658,0.312
719500,0.030,0.768,0.202
720000,0.030,0.832,0.138
720500,0.030,0.776,0.194
721000,0.030,0.760,0.210
721500,0.030,0.680,0.290
722000,0.030,0.757,0.213
722500,0.030,0.740,0.230
723000,0.030,0.748,0.222
723500,0.030,0.706,0.264
724000,0.030,0.739,0.231
724500,0.030,0.777,0.193
725000,0.030,0.754,0.216
725500,0.030,0.645,0.325
726000,0.030,0.686,0.284
726500,0.030,0.597,0.373
727000,0.030,0.766,0.204
727500,0.030,0.685,0.285
728000,0.030,0.738,0.232
728500,0.030,0.695,0.275
729000,0.030,0.574,0.396
729500,0.030,0.653,0.317
730000,0.030,0.733,0.237
730500,0.030,0.696,0.274
731000,0.030,0.675,0.295
731500,0.030,0.703,0.267
732000,0.030,0.677,0.293
732500,0.030,0.748,0.222
733000,0.030,0.762,0.208
733500,0.030,0.678,0.292
734000,0.030,0.806,0.164
734500,0.030,0.778,0.192
735000,0.030,0.664,0.306
735500,0.030,0.503,0.467
736000,0.030,0.733,0.237
736500,0.030,0.725,0.245
737000,0.030,0.755,0.215
737500,0.030,0.839,0.131
738000,0.030,0.785,0.185
738500,0.030,0.681,0.289
739000,0.030,0.704,0.266
739500,0.030,0.658,0.312
740000,0.030,0.853,0.117
740500,0.030,0.811,0.159
741000,0.030,0.763,0.207
741500,0.030,0.717,0.253
742000,0.030,0.734,0.236
742500,0.030,0.752,0.218
743000,0.030,0.732,0.238
743500,0.030,0.771,0.199
744000,0.030,0.715,0.255
744500,0.030,0.832,0.138
745000,0.030,0.758,0.212
745500,0.030,0.729,0.241
746000,0.030,0.741,0.229
746500,0.030,0.809,0.161
747000,0.030,0.626,0.344
747500,0.030,0.728,0.242
748000,0.030,0.698,0.272
748500,0.030,0.693,0.277
749000,0.030,0.730,0.240
749500,0.030,0.805,0.165
750000,0.030,0.771,0.199
750500,0.030,0.649,0.321
751000,0.030,0.669,0.301
751500,0.030,0.763,0.207
752000,0.030,0.702,0.268
752500,0.030,0.703,0.267
753000,0.030,0.619,0.351
753500,0.030,0.734,0.236
754000,0.030,0.645,0.325
754500,0.030,0.663,0.307
755000,0.030,0.722,0.248
755500,0.030,0.782,0.188
756000,0.030,0.729,0.241
756500,0.030,0.707,0.263
757000,0.030,0.630,0.340
757500,0.030,0.778,0.192
758000,0.030,0.699,0.271
758500,0.030,0.592,0.378
759000,0.030,0.640,0.330
759500,0.030,0.798,0.172
760000,0.030,0.863,0.107
760500,0.030,0.647,0.323
761000,0.030,0.708,0.262
761500,0.030,0.706,0.264
762000,0.030,0.790,0.180
762500,0.030,0.778,0.192
763000,0.030,0.630,0.340
763500,0.030,0.771,0.199
764000,0.030,0.755,0.215
764500,0.030,0.746,0.224
765000,0.030,0.532,0.438
765500,0.030,0.635,0.335
766000,0.030,0.708,0.262
766500,0.030,0.713,0.257
767000,0.030,0.648,0.322
767500,0.030,0.606,0.364
768000,0.030,0.661,0.309
768500,0.030,0.733,0.237
769000,0.030,0.671,0.299
769500,0.030,0.693,0.277
770000,0.030,0.724,0.246
770500,0.030,0.799,0.171
771000,0.030,0.576,0.394
771500,0.030,0.768,0.202
772000,0.030,0.689,0.281
772500,0.030,0.671,0.299
773000,0.030,0.594,0.376
773500,0.030,0.646,0.324
774000,0.030,0.599,0.371
774500,0.030,0.808,0.162
775000,0.030,0.807,0.163
775500,0.030,0.688,0.282
776000,0.030,0.662,0.308
776500,0.030,0.629,0.341
777000,0.030,0.783,0.187
777500,0.030,0.663,0.307
778000,0.030,0.743,0.227
778500,0.030,0.744,0.226
779000,0.030,0.601,0.369
779500,0.030,0.715,0.255
780000,0.030,0.703,0.267
780500,0.030,0.735,0.235
781000,0.030,0.698,0.272
781500,0.030,0.544,0.426
782000,0.030,0.761,0.209
782500,0.030,0.709,0.261
783000,0.030,0.719,0.251
783500,0.030,0.716,0.254
784000,0.030,0.761,0.209
784500,0.030,0.773,0.197
785000,0.030,0.641,0.329
785500,0.030,0.575,0.395
786000,0.030,0.621,0.349
786500,0.030,0.712,0.258
787000,0.030,0.728,0.242
787500,0.030,0.622,0.348
788000,0.030,0.687,0.283
788500,0.030,0.731,0.239
789000,0.030,0.592,0.378
789500,0.030,0.632,0.338
790000,0.030,0.690,0.280
790500,0.030,0.669,0.301
791000,0.030,0.675,0.295
791500,0.030,0.602,0.368
792000,0.030,0.736,0.234
792500,0.030,0.683,0.287
793000,0.030,0.732,0.238
793500,0.030,0.588,0.382
794000,0.030,0.663,0.307
794500,0.030,0.796,0.174
795000,0.030,0.697,0.273
795500,0.030,0.734,0.236
796000,0.030,0.669,0.301
796500,0.030,0.696,0.274
797000,0.030,0.674,0.296
797500,0.030,0.699,0.271
798000,0.030,0.808,0.162
798500,0.030,0.726,0.244
799000,0.030,0.699,0.271
799500,0.030,0.829,0.141
800000,0.030,0.777,0.193
800500,0.030,0.790,0.180
801000,0.030,0.747,0.223
801500,0.030,0.646,0.324
802000,0.030,0.655,0.315
802500,0.030,0.742,0.228
803000,0.030,0.723,0.247
803500,0.030,0.741,0.229
804000,0.030,0.805,0.165
804500,0.030,0.660,0.310
805000,0.030,0.695,0.275
805500,0.030,0.694,0.276
806000,0.030,0.750,0.220
806500,0.030,0.672,0.298
807000,0.030,0.737,0.233
807500,0.030,0.657,0.313
808000,0.030,0.722,0.248
808500,0.030,0.666,0.304
809000,0.030,0.729,0.241
809500,0.030,0.646,0.324
810000,0.030,0.778,0.192
810500,0.030,0.591,0.379
811000,0.030,0.782,0.188
811500,0.030,0.722,0.248
812000,0.030,0.585,0.385
812500,0.030,0.627,0.343
813000,0.030,0.609,0.361
813500,0.030,0.766,0.204
814000,0.030,0.795,0.175
814500,0.030,0.681,0.289
815000,0.030,0.610,0.360
815500,0.030,0.679,0.291
816000,0.030,0.653,0.317
816500,0.030,0.773,0.197
817000,0.030,0.707,0.263
817500,0.030,0.771,0.199
818000,0.030,0.719,0.251
818500,0.030,0.621,0.349
819000,0.030,0.687,0.283
819500,0.030,0.740,0.230
820000,0.030,0.634,0.336
820500,0.030,0.739,0.231
821000,0.030,0.691,0.279
821500,0.030,0.533,0.437
822000,0.030,0.709,0.261
822500,0.030,0.702,0.268
823000,0.030,0.663,0.307
823500,0.030,0.626,0.344
824000,0.030,0.774,0.196
824500,0.030,0.618,0.352
825000,0.030,0.708,0.262
825500,0.030,0.794,0.176
826000,0.030,0.710,0.260
826500,0.030,0.640,0.330
827000,0.030,0.840,0.130
827500,0.030,0.816,0.154
828000,0.030,0.778,0.192
828500,0.030,0.664,0.306
829000,0.030,0.743,0.227
829500,0.030,0.644,0.326
830000,0.030,0.634,0.336
830500,0.030,0.790,0.180
831000,0.030,0.636,0.334
831500,0.030,0.632,0.338
832000,0.030,0.718,0.252
832500,0.030,0.717,0.253
833000,0.030,0.637,0.333
833500,0.030,0.663,0.307
834000,0.030,0.675,0.295
834500,0.030,0.746,0.224
835000,0.030,0.711,0.259
835500,0.030,0.616,0.354
836000,0.030,0.699,0.271
836500,0.030,0.727,0.243
837000,0.030,0.584,0.386
837500,0.030,0.690,0.280
838000,0.030,0.840,0.130
838500,0.030,0.850,0.120
839000,0.030,0.705,0.265
839500,0.030,0.657,0.313
840000,0.030,0.738,0.232
840500,0.030,0.571,0.399
841000,0.030,0.540,0.430
841500,0.030,0.691,0.279
842000,0.030,0.690,0.280
842500,0.030,0.664,0.306
843000,0.030,0.642,0.328
843500,0.030,0.665,0.305
844000,0.030,0.592,0.378
844500,0.030,0.672,0.298
845000,0.030,0.660,0.310
845500,0.030,0.673,0.297
846000,0.030,0.752,0.218
846500,0.030,0.845,0.125
847000,0.030,0.666,0.304
847500,0.030,0.756,0.214
848000,0.030,0.751,0.219
848500,0.030,0.670,0.300
849000,0.030,0.762,0.208
849500,0.030,0.813,0.157
850000,0.030,0.758,0.212
850500,0.030,0.628,0.342
851000,0.030,0.668,0.302
851500,0.030,0.751,0.219
852000,0.030,0.671,0.299
852500,0.030,0.741,0.229
853000,0.030,0.713,0.257
853500,0.030,0.691,0.279
854000,0.030,0.748,0.222
854500,0.030,0.686,0.284
855000,0.030,0.630,0.340
855500,0.030,0.733,0.237
856000,0.030,0.716,0.254
856500,0.030,0.691,0.279
857000,0.030,0.753,0.217
857500,0.030,0.747,0.223
858000,0.030,0.687,0.283
858500,0.030,0.686,0.284
859000,0.030,0.696,0.274
859500,0.030,0.736,0.234
860000,0.030,0.742,0.228
860500,0.030,0.574,0.396
861000,0.030,0.703,0.267
861500,0.030,0.605,0.365
862000,0.030,0.675,0.295
862500,0.030,0.622,0.348
863000,0.030,0.708,0.262
863500,0.030,0.695,0.275
864000,0.030,0.738,0.232
864500,0.030,0.669,0.301
865000,0.030,0.700,0.270
865500,0.030,0.698,0.272
866000,0.030,0.726,0.244
866500,0.030,0.763,0.207
867000,0.030,0.654,0.316
867500,0.030,0.602,0.368
868000,0.030,0.647,0.323
868500,0.030,0.751,0.219
869000,0.030,0.729,0.241
869500,0.030,0.773,0.197
870000,0.030,0.774,0.196
870500,0.030,0.684,0.286
871000,0.030,0.756,0.214
871500,0.030,0.725,0.245
872000,0.030,0.697,0.273
872500,0.030,0.741,0.229
873000,0.030,0.799,0.171
873500,0.030,0.727,0.243
874000,0.030,0.629,0.341
874500,0.030,0.655,0.315
875000,0.030,0.770,0.200
875500,0.030,0.780,0.190
876000,0.030,0.725,0.245
876500,0.030,0.702,0.268
877000,0.030,0.628,0.342
877500,0.030,0.705,0.265
878000,0.030,0.800,0.170
878500,0.030,0.653,0.317
879000,0.030,0.623,0.347
879500,0.030,0.707,0.263
880000,0.030,0.709,0.261
880500,0.030,0.660,0.310
881000,0.030,0.692,0.278
881500,0.030,0.701,0.269
882000,0.030,0.827,0.143
882500,0.030,0.760,0.210
883000,0.030,0.671,0.299
883500,0.030,0.659,0.311
884000,0.030,0.841,0.129
884500,0.030,0.737,0.233
885000,0.030,0.796,0.174
885500,0.030,0.744,0.226
886000,0.030,0.758,0.212
886500,0.030,0.736,0.234
887000,0.030,0.679,0.291
887500,0.030,0.752,0.218
888000,0.030,0.678,0.292
888500,0.030,0.702,0.268
889000,0.030,0.826,0.144
889500,0.030,0.825,0.145
890000,0.030,0.691,0.279
890500,0.030,0.794,0.176
891000,0.030,0.845,0.125
891500,0.030,0.780,0.190
892000,0.030,0.732,0.238
892500,0.030,0.761,0.209
893000,0.030,0.656,0.314
893500,0.030,0.677,0.293
894000,0.030,0.726,0.244
894500,0.030,0.596,0.374
895000,0.030,0.750,0.220
895500,0.030,0.775,0.195
896000,0.030,0.688,0.282
896500,0.030,0.750,0.220
897000,0.030,0.711,0.259
897500,0.030,0.701,0.269
898000,0.030,0.675,0.295
898500,0.030,0.713,0.257
899000,0.030,0.623,0.347
899500,0.030,0.741,0.229
900000,0.030,0.639,0.331
900500,0.030,0.529,0.441
901000,0.030,0.741,0.229
901500,0.030,0.665,0.305
902000,0.030,0.741,0.229
902500,0.030,0.784,0.186
903000,0.030,0.812,0.158
903500,0.030,0.684,0.286
904000,0.030,0.684,0.286
904500,0.030,0.794,0.176
905000,0.030,0.810,0.160
905500,0.030,0.748,0.222
906000,0.030,0.695,0.275
906500,0.030,0.756,0.214
907000,0.030,0.730,0.240
907500,0.030,0.670,0.300
908000,0.030,0.635,0.335
908500,0.030,0.863,0.107
909000,0.030,0.708,0.262
909500,0.030,0.648,0.322
910000,0.030,0.684,0.286
910500,0.030,0.655,0.315
911000,0.030,0.711,0.259
911500,0.030,0.805,0.165
912000,0.030,0.688,0.282
912500,0.030,0.772,0.198
913000,0.030,0.615,0.355
913500,0.030,0.747,0.223
914000,0.030,0.850,0.120
914500,0.030,0.772,0.198
915000,0.030,0.706,0.264
915500,0.030,0.647,0.323
916000,0.030,0.817,0.153
916500,0.030,0.607,0.363
917000,0.030,0.794,0.176
917500,0.030,0.595,0.375
918000,0.030,0.640,0.330
918500,0.030,0.693,0.277
919000,0.030,0.599,0.371
919500,0.030,0.692,0.278
920000,0.030,0.694,0.276
920500,0.030,0.757,0.213
921000,0.030,0.668,0.302
921500,0.030,0.634,0.336
922000,0.030,0.510,0.460
922500,0.030,0.600,0.370
923000,0.030,0.747,0.223
923500,0.030,0.825,0.145
924000,0.030,0.719,0.251
924500,0.030,0.819,0.151
925000,0.030,0.766,0.204
925500,0.030,0.634,0.336
926000,0.030,0.514,0.456
926500,0.030,0.668,0.302
927000,0.030,0.768,0.202
927500,0.030,0.647,0.323
928000,0.030,0.733,0.237
928500,0.030,0.777,0.193
929000,0.030,0.662,0.308
929500,0.030,0.680,0.290
930000,0.030,0.735,0.235
930500,0.030,0.749,0.221
931000,0.030,0.677,0.293
931500,0.030,0.700,0.270
932000,0.030,0.659,0.311
932500,0.030,0.759,0.211
933000,0.030,0.694,0.276
933500,0.030,0.681,0.289
934000,0.030,0.716,0.254
934500,0.030,0.776,0.194
935000,0.030,0.703,0.267
935500,0.030,0.712,0.258
936000,0.030,0.578,0.392
936500,0.030,0.588,0.382
937000,0.030,0.783,0.187
937500,0.030,0.718,0.252
938000,0.030,0.580,0.390
938500,0.030,0.742,0.228
939000,0.030,0.666,0.304
939500,0.030,0.797,0.173
940000,0.030,0.605,0.365
940500,0.030,0.638,0.332
941000,0.030,0.724,0.246
941500,0.030,0.555,0.415
942000,0.030,0.614,0.356
942500,0.030,0.808,0.162
943000,0.030,0.757,0.213
943500,0.030,0.767,0.203
944000,0.030,0.821,0.149
944500,0.030,0.879,0.091
945000,0.030,0.655,0.315
945500,0.030,0.683,0.287
946000,0.030,0.660,0.310
946500,0.030,0.589,0.381
947000,0.030,0.680,0.290
947500,0.030,0.697,0.273
948000,0.030,0.692,0.278
948500,0.030,0.643,0.327
949000,0.030,0.692,0.278
949500,0.030,0.654,0.316
950000,0.030,0.600,0.370
950500,0.030,0.545,0.425
951000,0.030,0.779,0.191
951500,0.030,0.828,0.142
952000,0.030,0.759,0.211
952500,0.030,0.634,0.336
953000,0.030,0.744,0.226
953500,0.030,0.725,0.245
954000,0.030,0.636,0.334
954500,0.030,0.593,0.377
955000,0.030,0.735,0.235
955500,0.030,0.752,0.218
956000,0.030,0.776,0.194
956500,0.030,0.736,0.234
957000,0.030,0.623,0.347
957500,0.030,0.683,0.287
958000,0.030,0.493,0.477
958500,0.030,0.706,0.264
959000,0.030,0.736,0.234
959500,0.030,0.763,0.207
960000,0.030,0.736,0.234
960500,0.030,0.624,0.346
961000,0.030,0.559,0.411
961500,0.030,0.653,0.317
962000,0.030,0.664,0.306
962500,0.030,0.668,0.302
963000,0.030,0.693,0.277
963500,0.030,0.534,0.436
964000,0.030,0.558,0.412
964500,0.030,0.637,0.333
965000,0.030,0.719,0.251
965500,0.030,0.610,0.360
966000,0.030,0.677,0.293
966500,0.030,0.722,0.248
967000,0.030,0.775,0.195
967500,0.030,0.681,0.289
968000,0.030,0.677,0.293
968500,0.030,0.623,0.347
969000,0.030,0.764,0.206
969500,0.030,0.720,0.250
970000,0.030,0.764,0.206
970500,0.030,0.616,0.354
971000,0.030,0.617,0.353
971500,0.030,0.737,0.233
972000,0.030,0.712,0.258
972500,0.030,0.738,0.232
973000,0.030,0.761,0.209
973500,0.030,0.721,0.249
974000,0.030,0.730,0.240
974500,0.030,0.667,0.303
975000,0.030,0.768,0.202
975500,0.030,0.638,0.332
976000,0.030,0.661,0.309
976500,0.030,0.702,0.268
977000,0.030,0.686,0.284
977500,0.030,0.556,0.414
978000,0.030,0.597,0.373
978500,0.030,0.681,0.289
979000,0.030,0.690,0.280
979500,0.030,0.614,0.356
980000,0.030,0.688,0.282
980500,0.030,0.762,0.208
981000,0.030,0.625,0.345
981500,0.030,0.684,0.286
982000,0.030,0.629,0.341
982500,0.030,0.778,0.192
983000,0.030,0.654,0.316
983500,0.030,0.620,0.350
984000,0.030,0.609,0.361
984500,0.030,0.767,0.203
985000,0.030,0.730,0.240
985500,0.030,0.695,0.275
986000,0.030,0.674,0.296
986500,0.030,0.682,0.288
987000,0.030,0.716,0.254
987500,0.030,0.690,0.280
988000,0.030,0.739,0.231
988500,0.030,0.752,0.218
989000,0.030,0.713,0.257
989500,0.030,0.703,0.267
990000,0.030,0.702,0.268
990500,0.030,0.621,0.349
991000,0.030,0.679,0.291
991500,0.030,0.791,0.179
992000,0.030,0.670,0.300
992500,0.030,0.724,0.246
993000,0.030,0.668,0.302
993500,0.030,0.596,0.374
994000,0.030,0.674,0.296
994500,0.030,0.614,0.356
995000,0.030,0.564,0.406
995500,0.030,0.576,0.394
996000,0.030,0.696,0.274
996500,0.030,0.697,0.273
997000,0.030,0.743,0.227
997500,0.030,0.572,0.398
998000,0.030,0.782,0.188
998500,0.030,0.832,0.138
999000,0.030,0.770,0.200
999500,0.030,0.786,0.184
1000000,0.030,0.664,0.306
