time,n_A+p,n_B,n_AB
500,0.010,0.911,0.079
1000,0.010,0.874,0.116
1500,0.010,0.985,0.005
2000,0.010,0.716,0.274
2500,0.010,0.973,0.017
3000,0.010,0.987,0.003
3500,0.010,0.952,0.038
4000,0.010,0.990,0.000
4500,0.010,0.739,0.251
5000,0.010,0.980,0.010
5500,0.010,0.952,0.038
6000,0.010,0.990,0.000
6500,0.010,0.903,0.087
7000,0.010,0.981,0.009
7500,0.010,0.924,0.066
8000,0.010,0.985,0.005
8500,0.010,0.930,0.060
9000,0.010,0.942,0.048
9500,0.010,0.900,0.090
10000,0.010,0.984,0.006
10500,0.010,0.990,0.000
11000,0.010,0.871,0.119
11500,0.010,0.905,0.085
12000,0.010,0.973,0.017
12500,0.010,0.915,0.075
13000,0.010,0.959,0.031
13500,0.010,0.989,0.001
14000,0.010,0.983,0.007
14500,0.010,0.955,0.035
15000,0.010,0.982,0.008
15500,0.010,0.856,0.134
16000,0.010,0.965,0.025
16500,0.010,0.941,0.049
17000,0.010,0.947,0.043
17500,0.010,0.981,0.009
18000,0.010,0.990,0.000
18500,0.010,0.851,0.139
19000,0.010,0.878,0.112
19500,0.010,0.934,0.056
20000,0.010,0.964,0.026
20500,0.010,0.990,0.000
21000,0.010,0.989,0.001
21500,0.010,0.942,0.048
22000,0.010,0.983,0.007
22500,0.010,0.940,0.050
23000,0.010,0.965,0.025
23500,0.010,0.864,0.126
24000,0.010,0.982,0.008
24500,0.010,0.972,0.018
25000,0.010,0.990,0.000
25500,0.010,0.909,0.081
26000,0.010,0.935,0.055
26500,0.010,0.990,0.000
27000,0.010,0.990,0.000
27500,0.010,0.952,0.038
28000,0.010,0.915,0.075
28500,0.010,0.944,0.046
29000,0.010,0.926,0.064
29500,0.010,0.878,0.112
30000,0.010,0.945,0.045
30500,0.010,0.965,0.025
31000,0.010,0.987,0.003
31500,0.010,0.970,0.020
32000,0.010,0.805,0.185
32500,0.010,0.938,0.052
33000,0.010,0.988,0.002
33500,0.010,0.853,0.137
34000,0.010,0.965,0.025
34500,0.010,0.926,0.064
35000,0.010,0.985,0.005
35500,0.010,0.946,0.044
36000,0.010,0.938,0.052
36500,0.010,0.865,0.125
37000,0.010,0.906,0.084
37500,0.010,0.974,0.016
38000,0.010,0.829,0.161
38500,0.010,0.987,0.003
39000,0.010,0.945,0.045
39500,0.010,0.973,0.017
40000,0.010,0.983,0.007
40500,0.010,0.989,0.001
41000,0.010,0.950,0.040
41500,0.010,0.896,0.094
42000,0.010,0.897,0.093
42500,0.010,0.954,0.036
43000,0.010,0.914,0.076
43500,0.010,0.976,0.014
44000,0.010,0.941,0.049
44500,0.010,0.952,0.038
45000,0.010,0.958,0.032
45500,0.010,0.988,0.002
46000,0.010,0.990,0.000
46500,0.010,0.983,0.007
47000,0.010,0.955,0.035
47500,0.010,0.961,0.029
48000,0.010,0.869,0.121
48500,0.010,0.933,0.057
49000,0.010,0.908,0.082
49500,0.010,0.805,0.185
50000,0.010,0.952,0.038
50500,0.010,0.969,0.021
51000,0.010,0.979,0.011
51500,0.010,0.921,0.069
52000,0.010,0.914,0.076
52500,0.010,0.872,0.118
53000,0.010,0.853,0.137
53500,0.010,0.831,0.159
54000,0.010,0.987,0.003
54500,0.010,0.921,0.069
55000,0.010,0.889,0.101
55500,0.010,0.921,0.069
56000,0.010,0.990,0.000
56500,0.010,0.978,0.012
57000,0.010,0.967,0.023
57500,0.010,0.850,0.140
58000,0.010,0.944,0.046
58500,0.010,0.954,0.036
59000,0.010,0.838,0.152
59500,0.010,0.977,0.013
60000,0.010,0.838,0.152
60500,0.010,0.872,0.118
61000,0.010,0.907,0.083
61500,0.010,0.946,0.044
62000,0.010,0.881,0.109
62500,0.010,0.989,0.001
63000,0.010,0.990,0.000
63500,0.010,0.920,0.070
64000,0.010,0.933,0.057
64500,0.010,0.983,0.007
65000,0.010,0.932,0.058
65500,0.010,0.915,0.075
66000,0.010,0.951,0.039
66500,0.010,0.987,0.003
67000,0.010,0.944,0.046
67500,0.010,0.910,0.080
68000,0.010,0.925,0.065
68500,0.010,0.818,0.172
69000,0.010,0.956,0.034
69500,0.010,0.988,0.002
70000,0.010,0.905,0.085
70500,0.010,0.898,0.092
71000,0.010,0.960,0.030
71500,0.010,0.968,0.022
72000,0.010,0.856,0.134
72500,0.010,0.854,0.136
73000,0.010,0.944,0.046
73500,0.010,0.966,0.024
74000,0.010,0.982,0.008
74500,0.010,0.935,0.055
75000,0.010,0.885,0.105
75500,0.010,0.962,0.028
76000,0.010,0.832,0.158
76500,0.010,0.959,0.031
77000,0.010,0.929,0.061
77500,0.010,0.941,0.049
78000,0.010,0.943,0.047
78500,0.010,0.929,0.061
79000,0.010,0.866,0.124
79500,0.010,0.988,0.002
80000,0.010,0.975,0.015
80500,0.010,0.955,0.035
81000,0.010,0.980,0.010
81500,0.010,0.901,0.089
82000,0.010,0.984,0.006
82500,0.010,0.988,0.002
83000,0.010,0.946,0.044
83500,0.010,0.990,0.000
84000,0.010,0.798,0.192
84500,0.010,0.865,0.125
85000,0.010,0.960,0.030
85500,0.010,0.957,0.033
86000,0.010,0.895,0.095
86500,0.010,0.946,0.044
87000,0.010,0.954,0.036
87500,0.010,0.989,0.001
88000,0.010,0.836,0.154
88500,0.010,0.985,0.005
89000,0.010,0.977,0.013
89500,0.010,0.979,0.011
90000,0.010,0.906,0.084
90500,0.010,0.975,0.015
91000,0.010,0.945,0.045
91500,0.010,0.958,0.032
92000,0.010,0.989,0.001
92500,0.010,0.969,0.021
93000,0.010,0.962,0.028
93500,0.010,0.736,0.254
94000,0.010,0.907,0.083
94500,0.010,0.954,0.036
95000,0.010,0.969,0.021
95500,0.010,0.965,0.025
96000,0.010,0.974,0.016
96500,0.010,0.941,0.049
97000,0.010,0.977,0.013
97500,0.010,0.988,0.002
98000,0.010,0.938,0.052
98500,0.010,0.898,0.092
99000,0.010,0.885,0.105
99500,0.010,0.961,0.029
100000,0.010,0.968,0.022
100500,0.010,0.954,0.036
101000,0.010,0.905,0.085
101500,0.010,0.918,0.072
102000,0.010,0.936,0.054
102500,0.010,0.989,0.001
103000,0.010,0.802,0.188
103500,0.010,0.950,0.040
104000,0.010,0.896,0.094
104500,0.010,0.917,0.073
105000,0.010,0.963,0.027
105500,0.010,0.966,0.024
106000,0.010,0.704,0.286
106500,0.010,0.832,0.158
107000,0.010,0.968,0.022
107500,0.010,0.990,0.000
108000,0.010,0.906,0.084
108500,0.010,0.868,0.122
109000,0.010,0.989,0.001
109500,0.010,0.902,0.088
110000,0.010,0.943,0.047
110500,0.010,0.988,0.002
111000,0.010,0.947,0.043
111500,0.010,0.973,0.017
112000,0.010,0.981,0.009
112500,0.010,0.987,0.003
113000,0.010,0.821,0.169
113500,0.010,0.956,0.034
114000,0.010,0.938,0.052
114500,0.010,0.931,0.059
115000,0.010,0.973,0.017
115500,0.010,0.906,0.084
116000,0.010,0.877,0.113
116500,0.010,0.961,0.029
117000,0.010,0.877,0.113
117500,0.010,0.806,0.184
118000,0.010,0.868,0.122
118500,0.010,0.982,0.008
119000,0.010,0.854,0.136
119500,0.010,0.979,0.011
120000,0.010,0.832,0.158
120500,0.010,0.872,0.118
121000,0.010,0.983,0.007
121500,0.010,0.949,0.041
122000,0.010,0.947,0.043
122500,0.010,0.892,0.098
123000,0.010,0.921,0.069
123500,0.010,0.986,0.004
124000,0.010,0.975,0.015
124500,0.010,0.925,0.065
125000,0.010,0.935,0.055
125500,0.010,0.891,0.099
126000,0.010,0.990,0.000
126500,0.010,0.938,0.052
127000,0.010,0.908,0.082
127500,0.010,0.947,0.043
128000,0.010,0.980,0.010
128500,0.010,0.990,0.000
129000,0.010,0.915,0.075
129500,0.010,0.925,0.065
130000,0.010,0.988,0.002
130500,0.010,0.951,0.039
131000,0.010,0.973,0.017
131500,0.010,0.989,0.001
132000,0.010,0.958,0.032
132500,0.010,0.889,0.101
133000,0.010,0.821,0.169
133500,0.010,0.883,0.107
134000,0.010,0.977,0.013
134500,0.010,0.931,0.059
135000,0.010,0.780,0.210
135500,0.010,0.974,0.016
136000,0.010,0.922,0.068
136500,0.010,0.950,0.040
137000,0.010,0.892,0.098
137500,0.010,0.990,0.000
138000,0.010,0.721,0.269
138500,0.010,0.959,0.031
139000,0.010,0.942,0.048
139500,0.010,0.879,0.111
140000,0.010,0.856,0.134
140500,0.010,0.976,0.014
141000,0.010,0.951,0.039
141500,0.010,0.938,0.052
142000,0.010,0.757,0.233
142500,0.010,0.975,0.015
143000,0.010,0.960,0.030
143500,0.010,0.990,0.000
144000,0.010,0.918,0.072
144500,0.010,0.942,0.048
145000,0.010,0.964,0.026
145500,0.010,0.970,0.020
146000,0.010,0.986,0.004
146500,0.010,0.977,0.013
147000,0.010,0.919,0.071
147500,0.010,0.933,0.057
148000,0.010,0.987,0.003
148500,0.010,0.892,0.098
149000,0.010,0.912,0.078
149500,0.010,0.985,0.005
150000,0.010,0.961,0.029
150500,0.010,0.988,0.002
151000,0.010,0.876,0.114
151500,0.010,0.833,0.157
152000,0.010,0.979,0.011
152500,0.010,0.893,0.097
153000,0.010,0.989,0.001
153500,0.010,0.878,0.112
154000,0.010,0.908,0.082
154500,0.010,0.895,0.095
155000,0.010,0.821,0.169
155500,0.010,0.770,0.220
156000,0.010,0.940,0.050
156500,0.010,0.905,0.085
157000,0.010,0.782,0.208
157500,0.010,0.952,0.038
158000,0.010,0.925,0.065
158500,0.010,0.975,0.015
159000,0.010,0.982,0.008
159500,0.010,0.989,0.001
160000,0.010,0.924,0.066
160500,0.010,0.870,0.120
161000,0.010,0.938,0.052
161500,0.010,0.893,0.097
162000,0.010,0.956,0.034
162500,0.010,0.924,0.066
163000,0.010,0.949,0.041
163500,0.010,0.897,0.093
164000,0.010,0.861,0.129
164500,0.010,0.843,0.147
165000,0.010,0.987,0.003
165500,0.010,0.881,0.109
166000,0.010,0.899,0.091
166500,0.010,0.967,0.023
167000,0.010,0.866,0.124
167500,0.010,0.865,0.125
168000,0.010,0.954,0.036
168500,0.010,0.932,0.058
169000,0.010,0.933,0.057
169500,0.010,0.987,0.003
170000,0.010,0.969,0.021
170500,0.010,0.904,0.086
171000,0.010,0.980,0.010
171500,0.010,0.955,0.035
172000,0.010,0.924,0.066
172500,0.010,0.980,0.010
173000,0.010,0.971,0.019
173500,0.010,0.976,0.014
174000,0.010,0.980,0.010
174500,0.010,0.988,0.002
175000,0.010,0.968,0.022
175500,0.010,0.967,0.023
176000,0.010,0.978,0.012
176500,0.010,0.970,0.020
177000,0.010,0.896,0.094
177500,0.010,0.927,0.063
178000,0.010,0.958,0.032
178500,0.010,0.983,0.007
179000,0.010,0.946,0.044
179500,0.010,0.990,0.000
180000,0.010,0.953,0.037
180500,0.010,0.976,0.014
181000,0.010,0.968,0.022
181500,0.010,0.956,0.034
182000,0.010,0.926,0.064
182500,0.010,0.945,0.045
183000,0.010,0.987,0.003
183500,0.010,0.952,0.038
184000,0.010,0.900,0.090
184500,0.010,0.990,0.000
185000,0.010,0.874,0.116
185500,0.010,0.811,0.179
186000,0.010,0.940,0.050
186500,0.010,0.896,0.094
187000,0.010,0.984,0.006
187500,0.010,0.918,0.072
188000,0.010,0.966,0.024
188500,0.010,0.936,0.054
189000,0.010,0.918,0.072
189500,0.010,0.960,0.030
190000,0.010,0.932,0.058
190500,0.010,0.928,0.062
191000,0.010,0.980,0.010
191500,0.010,0.967,0.023
192000,0.010,0.877,0.113
192500,0.010,0.903,0.087
193000,0.010,0.967,0.023
193500,0.010,0.833,0.157
194000,0.010,0.937,0.053
194500,0.010,0.970,0.020
195000,0.010,0.925,0.065
195500,0.010,0.965,0.025
196000,0.010,0.984,0.006
196500,0.010,0.916,0.074
197000,0.010,0.732,0.258
197500,0.010,0.880,0.110
198000,0.010,0.982,0.008
198500,0.010,0.964,0.026
199000,0.010,0.975,0.015
199500,0.010,0.946,0.044
200000,0.010,0.857,0.133
200500,0.010,0.887,0.103
201000,0.010,0.971,0.019
201500,0.010,0.990,0.000
202000,0.010,0.945,0.045
202500,0.010,0.892,0.098
203000,0.010,0.933,0.057
203500,0.010,0.957,0.033
204000,0.010,0.871,0.119
204500,0.010,0.965,0.025
205000,0.010,0.895,0.095
205500,0.010,0.938,0.052
206000,0.010,0.972,0.018
206500,0.010,0.865,0.125
207000,0.010,0.968,0.022
207500,0.010,0.858,0.132
208000,0.010,0.990,0.000
208500,0.010,0.985,0.005
209000,0.010,0.938,0.052
209500,0.010,0.933,0.057
210000,0.010,0.909,0.081
210500,0.010,0.949,0.041
211000,0.010,0.803,0.187
211500,0.010,0.986,0.004
212000,0.010,0.961,0.029
212500,0.010,0.934,0.056
213000,0.010,0.938,0.052
213500,0.010,0.910,0.080
214000,0.010,0.962,0.028
214500,0.010,0.927,0.063
215000,0.010,0.968,0.022
215500,0.010,0.946,0.044
216000,0.010,0.988,0.002
216500,0.010,0.855,0.135
217000,0.010,0.974,0.016
217500,0.010,0.986,0.004
218000,0.010,0.963,0.027
218500,0.010,0.956,0.034
219000,0.010,0.949,0.041
219500,0.010,0.969,0.021
220000,0.010,0.822,0.168
220500,0.010,0.969,0.021
221000,0.010,0.912,0.078
221500,0.010,0.914,0.076
222000,0.010,0.981,0.009
222500,0.010,0.970,0.020
223000,0.010,0.950,0.040
223500,0.010,0.932,0.058
224000,0.010,0.928,0.062
224500,0.010,0.948,0.042
225000,0.010,0.925,0.065
225500,0.010,0.920,0.070
226000,0.010,0.881,0.109
226500,0.010,0.986,0.004
227000,0.010,0.919,0.071
227500,0.010,0.897,0.093
228000,0.010,0.887,0.103
228500,0.010,0.952,0.038
229000,0.010,0.990,0.000
229500,0.010,0.977,0.013
230000,0.010,0.968,0.022
230500,0.010,0.944,0.046
231000,0.010,0.990,0.000
231500,0.010,0.967,0.023
232000,0.010,0.873,0.117
232500,0.010,0.990,0.000
233000,0.010,0.967,0.023
233500,0.010,0.919,0.071
234000,0.010,0.961,0.029
234500,0.010,0.887,0.103
235000,0.010,0.963,0.027
235500,0.010,0.959,0.031
236000,0.010,0.930,0.060
236500,0.010,0.958,0.032
237000,0.010,0.954,0.036
237500,0.010,0.910,0.080
238000,0.010,0.840,0.150
238500,0.010,0.959,0.031
239000,0.010,0.979,0.011
239500,0.010,0.982,0.008
240000,0.010,0.928,0.062
240500,0.010,0.901,0.089
241000,0.010,0.908,0.082
241500,0.010,0.990,0.000
242000,0.010,0.971,0.019
242500,0.010,0.787,0.203
243000,0.010,0.938,0.052
243500,0.010,0.966,0.024
244000,0.010,0.795,0.195
244500,0.010,0.901,0.089
245000,0.010,0.967,0.023
245500,0.010,0.988,0.002
246000,0.010,0.990,0.000
246500,0.010,0.931,0.059
247000,0.010,0.963,0.027
247500,0.010,0.938,0.052
248000,0.010,0.954,0.036
248500,0.010,0.917,0.073
249000,0.010,0.948,0.042
249500,0.010,0.979,0.011
250000,0.010,0.910,0.080
250500,0.010,0.924,0.066
251000,0.010,0.941,0.049
251500,0.010,0.989,0.001
252000,0.010,0.945,0.045
252500,0.010,0.867,0.123
253000,0.010,0.898,0.092
253500,0.010,0.974,0.016
254000,0.010,0.961,0.029
254500,0.010,0.895,0.095
255000,0.010,0.911,0.079
255500,0.010,0.986,0.004
256000,0.010,0.920,0.070
256500,0.010,0.938,0.052
257000,0.010,0.930,0.060
257500,0.010,0.850,0.140
258000,0.010,0.943,0.047
258500,0.010,0.908,0.082
259000,0.010,0.857,0.133
259500,0.010,0.990,0.000
260000,0.010,0.943,0.047
260500,0.010,0.900,0.090
261000,0.010,0.936,0.054
261500,0.010,0.989,0.001
262000,0.010,0.879,0.111
262500,0.010,0.856,0.134
263000,0.010,0.860,0.130
263500,0.010,0.933,0.057
264000,0.010,0.949,0.041
264500,0.010,0.988,0.002
265000,0.010,0.881,0.109
265500,0.010,0.893,0.097
266000,0.010,0.944,0.046
266500,0.010,0.863,0.127
267000,0.010,0.860,0.130
267500,0.010,0.891,0.099
268000,0.010,0.925,0.065
268500,0.010,0.977,0.013
269000,0.010,0.901,0.089
269500,0.010,0.967,0.023
270000,0.010,0.988,0.002
270500,0.010,0.951,0.039
271000,0.010,0.886,0.104
271500,0.010,0.971,0.019
272000,0.010,0.944,0.046
272500,0.010,0.969,0.021
273000,0.010,0.915,0.075
273500,0.010,0.981,0.009
274000,0.010,0.883,0.107
274500,0.010,0.937,0.053
275000,0.010,0.933,0.057
275500,0.010,0.878,0.112
276000,0.010,0.928,0.062
276500,0.010,0.872,0.118
277000,0.010,0.986,0.004
277500,0.010,0.879,0.111
278000,0.010,0.938,0.052
278500,0.010,0.932,0.058
279000,0.010,0.957,0.033
279500,0.010,0.875,0.115
280000,0.010,0.988,0.002
280500,0.010,0.774,0.216
281000,0.010,0.927,0.063
281500,0.010,0.984,0.006
282000,0.010,0.962,0.028
282500,0.010,0.989,0.001
283000,0.010,0.934,0.056
283500,0.010,0.919,0.071
284000,0.010,0.951,0.039
284500,0.010,0.973,0.017
285000,0.010,0.956,0.034
285500,0.010,0.977,0.013
286000,0.010,0.869,0.121
286500,0.010,0.924,0.066
287000,0.010,0.846,0.144
287500,0.010,0.950,0.040
288000,0.010,0.928,0.062
288500,0.010,0.886,0.104
289000,0.010,0.863,0.127
289500,0.010,0.990,0.000
290000,0.010,0.970,0.020
290500,0.010,0.924,0.066
291000,0.010,0.937,0.053
291500,0.010,0.990,0.000
292000,0.010,0.990,0.000
292500,0.010,0.906,0.084
293000,0.010,0.916,0.074
293500,0.010,0.970,0.020
294000,0.010,0.891,0.099
294500,0.010,0.897,0.093
295000,0.010,0.934,0.056
295500,0.010,0.989,0.001
296000,0.010,0.889,0.101
296500,0.010,0.918,0.072
297000,0.010,0.905,0.085
297500,0.010,0.983,0.007
298000,0.010,0.962,0.028
298500,0.010,0.844,0.146
299000,0.010,0.965,0.025
299500,0.010,0.954,0.036
300000,0.010,0.767,0.223
300500,0.010,0.916,0.074
301000,0.010,0.944,0.046
301500,0.010,0.989,0.001
302000,0.010,0.978,0.012
302500,0.010,0.963,0.027
303000,0.010,0.969,0.021
303500,0.010,0.955,0.035
304000,0.010,0.900,0.090
304500,0.010,0.949,0.041
305000,0.010,0.968,0.022
305500,0.010,0.957,0.033
306000,0.010,0.900,0.090
306500,0.010,0.988,0.002
307000,0.010,0.939,0.051
307500,0.010,0.891,0.099
308000,0.010,0.861,0.129
308500,0.010,0.923,0.067
309000,0.010,0.988,0.002
309500,0.010,0.934,0.056
310000,0.010,0.986,0.004
310500,0.010,0.988,0.002
311000,0.010,0.967,0.023
311500,0.010,0.990,0.000
312000,0.010,0.960,0.030
312500,0.010,0.987,0.003
313000,0.010,0.968,0.022
313500,0.010,0.990,0.000
314000,0.010,0.978,0.012
314500,0.010,0.895,0.095
315000,0.010,0.986,0.004
315500,0.010,0.969,0.021
316000,0.010,0.954,0.036
316500,0.010,0.968,0.022
317000,0.010,0.920,0.070
317500,0.010,0.940,0.050
318000,0.010,0.968,0.022
318500,0.010,0.989,0.001
319000,0.010,0.908,0.082
319500,0.010,0.787,0.203
320000,0.010,0.951,0.039
320500,0.010,0.939,0.051
321000,0.010,0.985,0.005
321500,0.010,0.984,0.006
322000,0.010,0.983,0.007
322500,0.010,0.966,0.024
323000,0.010,0.968,0.022
323500,0.010,0.981,0.009
324000,0.010,0.952,0.038
324500,0.010,0.947,0.043
325000,0.010,0.961,0.029
325500,0.010,0.815,0.175
326000,0.010,0.982,0.008
326500,0.010,0.974,0.016
327000,0.010,0.898,0.092
327500,0.010,0.942,0.048
328000,0.010,0.954,0.036
328500,0.010,0.990,0.000
329000,0.010,0.929,0.061
329500,0.010,0.893,0.097
330000,0.010,0.966,0.024
330500,0.010,0.986,0.004
331000,0.010,0.965,0.025
331500,0.010,0.820,0.170
332000,0.010,0.945,0.045
332500,0.010,0.958,0.032
333000,0.010,0.987,0.003
333500,0.010,0.989,0.001
334000,0.010,0.955,0.035
334500,0.010,0.924,0.066
335000,0.010,0.965,0.025
335500,0.010,0.971,0.019
336000,0.010,0.896,0.094
336500,0.010,0.983,0.007
337000,0.010,0.873,0.117
337500,0.010,0.962,0.028
338000,0.010,0.985,0.005
338500,0.010,0.941,0.049
339000,0.010,0.972,0.018
339500,0.010,0.943,0.047
340000,0.010,0.945,0.045
340500,0.010,0.886,0.104
341000,0.010,0.985,0.005
341500,0.010,0.950,0.040
342000,0.010,0.967,0.023
342500,0.010,0.866,0.124
343000,0.010,0.969,0.021
343500,0.010,0.830,0.160
344000,0.010,0.924,0.066
344500,0.010,0.921,0.069
345000,0.010,0.935,0.055
345500,0.010,0.834,0.156
346000,0.010,0.975,0.015
346500,0.010,0.980,0.010
347000,0.010,0.905,0.085
347500,0.010,0.964,0.026
348000,0.010,0.990,0.000
348500,0.010,0.760,0.230
349000,0.010,0.939,0.051
349500,0.010,0.888,0.102
350000,0.010,0.987,0.003
350500,0.010,0.949,0.041
351000,0.010,0.987,0.003
351500,0.010,0.981,0.009
352000,0.010,0.977,0.013
352500,0.010,0.965,0.025
353000,0.010,0.958,0.032
353500,0.010,0.871,0.119
354000,0.010,0.937,0.053
354500,0.010,0.977,0.013
355000,0.010,0.990,0.000
355500,0.010,0.903,0.087
356000,0.010,0.982,0.008
356500,0.010,0.841,0.149
357000,0.010,0.880,0.110
357500,0.010,0.909,0.081
358000,0.010,0.955,0.035
358500,0.010,0.986,0.004
359000,0.010,0.969,0.021
359500,0.010,0.983,0.007
360000,0.010,0.963,0.027
360500,0.010,0.953,0.037
361000,0.010,0.915,0.075
361500,0.010,0.946,0.044
362000,0.010,0.838,0.152
362500,0.010,0.935,0.055
363000,0.010,0.937,0.053
363500,0.010,0.990,0.000
364000,0.010,0.906,0.084
364500,0.010,0.990,0.000
365000,0.010,0.924,0.066
365500,0.010,0.855,0.135
366000,0.010,0.861,0.129
366500,0.010,0.866,0.124
367000,0.010,0.952,0.038
367500,0.010,0.879,0.111
368000,0.010,0.915,0.075
368500,0.010,0.950,0.040
369000,0.010,0.940,0.050
369500,0.010,0.964,0.026
370000,0.010,0.978,0.012
370500,0.010,0.981,0.009
371000,0.010,0.980,0.010
371500,0.010,0.917,0.073
372000,0.010,0.979,0.011
372500,0.010,0.970,0.020
373000,0.010,0.917,0.073
373500,0.010,0.951,0.039
374000,0.010,0.984,0.006
374500,0.010,0.934,0.056
375000,0.010,0.973,0.017
375500,0.010,0.978,0.012
376000,0.010,0.920,0.070
376500,0.010,0.958,0.032
377000,0.010,0.870,0.120
377500,0.010,0.790,0.200
378000,0.010,0.679,0.311
378500,0.010,0.935,0.055
379000,0.010,0.900,0.090
379500,0.010,0.909,0.081
380000,0.010,0.973,0.017
380500,0.010,0.945,0.045
381000,0.010,0.887,0.103
381500,0.010,0.920,0.070
382000,0.010,0.978,0.012
382500,0.010,0.990,0.000
383000,0.010,0.989,0.001
383500,0.010,0.769,0.221
384000,0.010,0.921,0.069
384500,0.010,0.969,0.021
385000,0.010,0.977,0.013
385500,0.010,0.964,0.026
386000,0.010,0.988,0.002
386500,0.010,0.886,0.104
387000,0.010,0.977,0.013
387500,0.010,0.969,0.021
388000,0.010,0.924,0.066
388500,0.010,0.955,0.035
389000,0.010,0.877,0.113
389500,0.010,0.973,0.017
390000,0.010,0.953,0.037
390500,0.010,0.917,0.073
391000,0.010,0.978,0.012
391500,0.010,0.989,0.001
392000,0.010,0.914,0.076
392500,0.010,0.980,0.010
393000,0.010,0.984,0.006
393500,0.010,0.958,0.032
394000,0.010,0.876,0.114
394500,0.010,0.746,0.244
395000,0.010,0.870,0.120
395500,0.010,0.976,0.014
396000,0.010,0.950,0.040
396500,0.010,0.935,0.055
397000,0.010,0.977,0.013
397500,0.010,0.954,0.036
398000,0.010,0.931,0.059
398500,0.010,0.986,0.004
399000,0.010,0.935,0.055
399500,0.010,0.974,0.016
400000,0.010,0.937,0.053
400500,0.010,0.919,0.071
401000,0.010,0.935,0.055
401500,0.010,0.989,0.001
402000,0.010,0.966,0.024
402500,0.010,0.726,0.264
403000,0.010,0.987,0.003
403500,0.010,0.988,0.002
404000,0.010,0.911,0.079
404500,0.010,0.984,0.006
405000,0.010,0.929,0.061
405500,0.010,0.974,0.016
406000,0.010,0.929,0.061
406500,0.010,0.924,0.066
407000,0.010,0.909,0.081
407500,0.010,0.815,0.175
408000,0.010,0.926,0.064
408500,0.010,0.893,0.097
409000,0.010,0.929,0.061
409500,0.010,0.865,0.125
410000,0.010,0.930,0.060
410500,0.010,0.954,0.036
411000,0.010,0.990,0.000
411500,0.010,0.962,0.028
412000,0.010,0.903,0.087
412500,0.010,0.968,0.022
413000,0.010,0.847,0.143
413500,0.010,0.956,0.034
414000,0.010,0.924,0.066
414500,0.010,0.990,0.000
415000,0.010,0.990,0.000
415500,0.010,0.962,0.028
416000,0.010,0.955,0.035
416500,0.010,0.960,0.030
417000,0.010,0.945,0.045
417500,0.010,0.977,0.013
418000,0.010,0.946,0.044
418500,0.010,0.951,0.039
419000,0.010,0.968,0.022
419500,0.010,0.950,0.040
420000,0.010,0.953,0.037
420500,0.010,0.959,0.031
421000,0.010,0.864,0.126
421500,0.010,0.969,0.021
422000,0.010,0.918,0.072
422500,0.010,0.877,0.113
423000,0.010,0.859,0.131
423500,0.010,0.954,0.036
424000,0.010,0.925,0.065
424500,0.010,0.918,0.072
425000,0.010,0.990,0.000
425500,0.010,0.938,0.052
426000,0.010,0.963,0.027
426500,0.010,0.831,0.159
427000,0.010,0.923,0.067
427500,0.010,0.985,0.005
428000,0.010,0.982,0.008
428500,0.010,0.936,0.054
429000,0.010,0.960,0.030
429500,0.010,0.970,0.020
430000,0.010,0.945,0.045
430500,0.010,0.873,0.117
431000,0.010,0.933,0.057
431500,0.010,0.942,0.048
432000,0.010,0.875,0.115
432500,0.010,0.986,0.004
433000,0.010,0.930,0.060
433500,0.010,0.874,0.116
434000,0.010,0.962,0.028
434500,0.010,0.876,0.114
435000,0.010,0.877,0.113
435500,0.010,0.987,0.003
436000,0.010,0.972,0.018
436500,0.010,0.838,0.152
437000,0.010,0.942,0.048
437500,0.010,0.911,0.079
438000,0.010,0.816,0.174
438500,0.010,0.985,0.005
439000,0.010,0.899,0.091
439500,0.010,0.908,0.082
440000,0.010,0.899,0.091
440500,0.010,0.931,0.059
441000,0.010,0.908,0.082
441500,0.010,0.839,0.151
442000,0.010,0.988,0.002
442500,0.010,0.984,0.006
443000,0.010,0.989,0.001
443500,0.010,0.968,0.022
444000,0.010,0.981,0.009
444500,0.010,0.977,0.013
445000,0.010,0.966,0.024
445500,0.010,0.984,0.006
446000,0.010,0.908,0.082
446500,0.010,0.981,0.009
447000,0.010,0.910,0.080
447500,0.010,0.911,0.079
448000,0.010,0.805,0.185
448500,0.010,0.986,0.004
449000,0.010,0.948,0.042
449500,0.010,0.944,0.046
450000,0.010,0.978,0.012
450500,0.010,0.887,0.103
451000,0.010,0.968,0.022
451500,0.010,0.911,0.079
452000,0.010,0.941,0.049
452500,0.010,0.962,0.028
453000,0.010,0.924,0.066
453500,0.010,0.985,0.005
454000,0.010,0.931,0.059
454500,0.010,0.947,0.043
455000,0.010,0.962,0.028
455500,0.010,0.946,0.044
456000,0.010,0.934,0.056
456500,0.010,0.990,0.000
457000,0.010,0.961,0.029
457500,0.010,0.932,0.058
458000,0.010,0.930,0.060
458500,0.010,0.953,0.037
459000,0.010,0.905,0.085
459500,0.010,0.893,0.097
460000,0.010,0.970,0.020
460500,0.010,0.874,0.116
461000,0.010,0.987,0.003
461500,0.010,0.978,0.012
462000,0.010,0.988,0.002
462500,0.010,0.980,0.010
463000,0.010,0.932,0.058
463500,0.010,0.956,0.034
464000,0.010,0.962,0.028
464500,0.010,0.985,0.005
465000,0.010,0.990,0.000
465500,0.010,0.945,0.045
466000,0.010,0.921,0.069
466500,0.010,0.842,0.148
467000,0.010,0.990,0.000
467500,0.010,0.883,0.107
468000,0.010,0.951,0.039
468500,0.010,0.935,0.055
469000,0.010,0.967,0.023
469500,0.010,0.980,0.010
470000,0.010,0.901,0.089
470500,0.010,0.908,0.082
471000,0.010,0.980,0.010
471500,0.010,0.863,0.127
472000,0.010,0.944,0.046
472500,0.010,0.978,0.012
473000,0.010,0.989,0.001
473500,0.010,0.989,0.001
474000,0.010,0.984,0.006
474500,0.010,0.990,0.000
475000,0.010,0.930,0.060
475500,0.010,0.990,0.000
476000,0.010,0.901,0.089
476500,0.010,0.816,0.174
477000,0.010,0.864,0.126
477500,0.010,0.973,0.017
478000,0.010,0.927,0.063
478500,0.010,0.947,0.043
479000,0.010,0.962,0.028
479500,0.010,0.871,0.119
480000,0.010,0.958,0.032
480500,0.010,0.958,0.032
481000,0.010,0.987,0.003
481500,0.010,0.879,0.111
482000,0.010,0.820,0.170
482500,0.010,0.875,0.115
483000,0.010,0.927,0.063
483500,0.010,0.929,0.061
484000,0.010,0.977,0.013
484500,0.010,0.940,0.050
485000,0.010,0.953,0.037
485500,0.010,0.957,0.033
486000,0.010,0.989,0.001
486500,0.010,0.990,0.000
487000,0.010,0.968,0.022
487500,0.010,0.950,0.040
488000,0.010,0.862,0.128
488500,0.010,0.877,0.113
489000,0.010,0.984,0.006
489500,0.010,0.967,0.023
490000,0.010,0.886,0.104
490500,0.010,0.963,0.027
491000,0.010,0.884,0.106
491500,0.010,0.980,0.010
492000,0.010,0.989,0.001
492500,0.010,0.898,0.092
493000,0.010,0.953,0.037
493500,0.010,0.947,0.043
494000,0.010,0.805,0.185
494500,0.010,0.935,0.055
495000,0.010,0.988,0.002
495500,0.010,0.983,0.007
496000,0.010,0.988,0.002
496500,0.010,0.982,0.008
497000,0.010,0.957,0.033
497500,0.010,0.933,0.057
498000,0.010,0.937,0.053
498500,0.010,0.990,0.000
499000,0.010,0.979,0.011
499500,0.010,0.957,0.033
500000,0.010,0.970,0.020
500500,0.010,0.962,0.028
501000,0.010,0.987,0.003
501500,0.010,0.907,0.083
502000,0.010,0.948,0.042
502500,0.010,0.953,0.037
503000,0.010,0.939,0.051
503500,0.010,0.954,0.036
504000,0.010,0.941,0.049
504500,0.010,0.909,0.081
505000,0.010,0.889,0.101
505500,0.010,0.990,0.000
506000,0.010,0.919,0.071
506500,0.010,0.872,0.118
507000,0.010,0.911,0.079
507500,0.010,0.940,0.050
508000,0.010,0.988,0.002
508500,0.010,0.886,0.104
509000,0.010,0.711,0.279
509500,0.010,0.933,0.057
510000,0.010,0.927,0.063
510500,0.010,0.984,0.006
511000,0.010,0.990,0.000
511500,0.010,0.763,0.227
512000,0.010,0.959,0.031
512500,0.010,0.930,0.060
513000,0.010,0.826,0.164
513500,0.010,0.856,0.134
514000,0.010,0.871,0.119
514500,0.010,0.977,0.013
515000,0.010,0.938,0.052
515500,0.010,0.815,0.175
516000,0.010,0.942,0.048
516500,0.010,0.945,0.045
517000,0.010,0.938,0.052
517500,0.010,0.977,0.013
518000,0.010,0.960,0.030
518500,0.010,0.984,0.006
519000,0.010,0.957,0.033
519500,0.010,0.925,0.065
520000,0.010,0.804,0.186
520500,0.010,0.861,0.129
521000,0.010,0.990,0.000
521500,0.010,0.972,0.018
522000,0.010,0.961,0.029
522500,0.010,0.974,0.016
523000,0.010,0.887,0.103
523500,0.010,0.979,0.011
524000,0.010,0.987,0.003
524500,0.010,0.965,0.025
525000,0.010,0.959,0.031
525500,0.010,0.932,0.058
526000,0.010,0.942,0.048
526500,0.010,0.957,0.033
527000,0.010,0.965,0.025
527500,0.010,0.990,0.000
528000,0.010,0.972,0.018
528500,0.010,0.962,0.028
529000,0.010,0.962,0.028
529500,0.010,0.914,0.076
530000,0.010,0.971,0.019
530500,0.010,0.824,0.166
531000,0.010,0.824,0.166
531500,0.010,0.911,0.079
532000,0.010,0.982,0.008
532500,0.010,0.968,0.022
533000,0.010,0.978,0.012
533500,0.010,0.988,0.002
534000,0.010,0.913,0.077
534500,0.010,0.854,0.136
535000,0.010,0.911,0.079
535500,0.010,0.990,0.000
536000,0.010,0.966,0.024
536500,0.010,0.985,0.005
537000,0.010,0.916,0.074
537500,0.010,0.930,0.060
538000,0.010,0.945,0.045
538500,0.010,0.935,0.055
539000,0.010,0.990,0.000
539500,0.010,0.947,0.043
540000,0.010,0.990,0.000
540500,0.010,0.972,0.018
541000,0.010,0.945,0.045
541500,0.010,0.943,0.047
542000,0.010,0.905,0.085
542500,0.010,0.723,0.267
543000,0.010,0.846,0.144
543500,0.010,0.849,0.141
544000,0.010,0.978,0.012
544500,0.010,0.932,0.058
545000,0.010,0.853,0.137
545500,0.010,0.910,0.080
546000,0.010,0.973,0.017
546500,0.010,0.985,0.005
547000,0.010,0.977,0.013
547500,0.010,0.938,0.052
548000,0.010,0.936,0.054
548500,0.010,0.944,0.046
549000,0.010,0.918,0.072
549500,0.010,0.969,0.021
550000,0.010,0.929,0.061
550500,0.010,0.912,0.078
551000,0.010,0.915,0.075
551500,0.010,0.936,0.054
552000,0.010,0.947,0.043
552500,0.010,0.962,0.028
553000,0.010,0.977,0.013
553500,0.010,0.979,0.011
554000,0.010,0.934,0.056
554500,0.010,0.974,0.016
555000,0.010,0.951,0.039
555500,0.010,0.939,0.051
556000,0.010,0.977,0.013
556500,0.010,0.918,0.072
557000,0.010,0.935,0.055
557500,0.010,0.969,0.021
558000,0.010,0.983,0.007
558500,0.010,0.949,0.041
559000,0.010,0.931,0.059
559500,0.010,0.961,0.029
560000,0.010,0.899,0.091
560500,0.010,0.932,0.058
561000,0.010,0.769,0.221
561500,0.010,0.919,0.071
562000,0.010,0.971,0.019
562500,0.010,0.967,0.023
563000,0.010,0.963,0.027
563500,0.010,0.856,0.134
564000,0.010,0.765,0.225
564500,0.010,0.860,0.130
565000,0.010,0.950,0.040
565500,0.010,0.940,0.050
566000,0.010,0.970,0.020
566500,0.010,0.942,0.048
567000,0.010,0.982,0.008
567500,0.010,0.848,0.142
568000,0.010,0.898,0.092
568500,0.010,0.960,0.030
569000,0.010,0.916,0.074
569500,0.010,0.828,0.162
570000,0.010,0.876,0.114
570500,0.010,0.990,0.000
571000,0.010,0.989,0.001
571500,0.010,0.963,0.027
572000,0.010,0.946,0.044
572500,0.010,0.910,0.080
573000,0.010,0.958,0.032
573500,0.010,0.958,0.032
574000,0.010,0.886,0.104
574500,0.010,0.935,0.055
575000,0.010,0.884,0.106
575500,0.010,0.870,0.120
576000,0.010,0.963,0.027
576500,0.010,0.982,0.008
577000,0.010,0.913,0.077
577500,0.010,0.893,0.097
578000,0.010,0.944,0.046
578500,0.010,0.960,0.030
579000,0.010,0.941,0.049
579500,0.010,0.929,0.061
580000,0.010,0.911,0.079
580500,0.010,0.941,0.049
581000,0.010,0.943,0.047
581500,0.010,0.905,0.085
582000,0.010,0.886,0.104
582500,0.010,0.925,0.065
583000,0.010,0.824,0.166
583500,0.010,0.820,0.170
584000,0.010,0.925,0.065
584500,0.010,0.872,0.118
585000,0.010,0.930,0.060
585500,0.010,0.950,0.040
586000,0.010,0.771,0.219
586500,0.010,0.962,0.028
587000,0.010,0.968,0.022
587500,0.010,0.988,0.002
588000,0.010,0.867,0.123
588500,0.010,0.839,0.151
589000,0.010,0.896,0.094
589500,0.010,0.850,0.140
590000,0.010,0.787,0.203
590500,0.010,0.969,0.021
591000,0.010,0.839,0.151
591500,0.010,0.928,0.062
592000,0.010,0.971,0.019
592500,0.010,0.962,0.028
593000,0.010,0.977,0.013
593500,0.010,0.896,0.094
594000,0.010,0.951,0.039
594500,0.010,0.952,0.038
595000,0.010,0.940,0.050
595500,0.010,0.948,0.042
596000,0.010,0.981,0.009
596500,0.010,0.955,0.035
597000,0.010,0.947,0.043
597500,0.010,0.883,0.107
598000,0.010,0.942,0.048
598500,0.010,0.944,0.046
599000,0.010,0.978,0.012
599500,0.010,0.905,0.085
600000,0.010,0.818,0.172
600500,0.010,0.971,0.019
601000,0.010,0.954,0.036
601500,0.010,0.885,0.105
602000,0.010,0.947,0.043
602500,0.010,0.990,0.000
603000,0.010,0.957,0.033
603500,0.010,0.974,0.016
604000,0.010,0.944,0.046
604500,0.010,0.983,0.007
605000,0.010,0.930,0.060
605500,0.010,0.987,0.003
606000,0.010,0.936,0.054
606500,0.010,0.934,0.056
607000,0.010,0.987,0.003
607500,0.010,0.915,0.075
608000,0.010,0.876,0.114
608500,0.010,0.968,0.022
609000,0.010,0.955,0.035
609500,0.010,0.935,0.055
610000,0.010,0.903,0.087
610500,0.010,0.938,0.052
611000,0.010,0.960,0.030
611500,0.010,0.936,0.054
612000,0.010,0.931,0.059
612500,0.010,0.981,0.009
613000,0.010,0.928,0.062
613500,0.010,0.958,0.032
614000,0.010,0.922,0.068
614500,0.010,0.956,0.034
615000,0.010,0.987,0.003
615500,0.010,0.967,0.023
616000,0.010,0.985,0.005
616500,0.010,0.903,0.087
617000,0.010,0.921,0.069
617500,0.010,0.989,0.001
618000,0.010,0.985,0.005
618500,0.010,0.900,0.090
619000,0.010,0.967,0.023
619500,0.010,0.933,0.057
620000,0.010,0.954,0.036
620500,0.010,0.958,0.032
621000,0.010,0.959,0.031
621500,0.010,0.902,0.088
622000,0.010,0.963,0.027
622500,0.010,0.953,0.037
623000,0.010,0.901,0.089
623500,0.010,0.990,0.000
624000,0.010,0.954,0.036
624500,0.010,0.867,0.123
625000,0.010,0.960,0.030
625500,0.010,0.942,0.048
626000,0.010,0.955,0.035
626500,0.010,0.935,0.055
627000,0.010,0.981,0.009
627500,0.010,0.835,0.155
628000,0.010,0.949,0.041
628500,0.010,0.957,0.033
629000,0.010,0.956,0.034
629500,0.010,0.990,0.000
630000,0.010,0.989,0.001
630500,0.010,0.982,0.008
631000,0.010,0.857,0.133
631500,0.010,0.921,0.069
632000,0.010,0.978,0.012
632500,0.010,0.969,0.021
633000,0.010,0.990,0.000
633500,0.010,0.972,0.018
634000,0.010,0.953,0.037
634500,0.010,0.969,0.021
635000,0.010,0.890,0.100
635500,0.010,0.960,0.030
636000,0.010,0.928,0.062
636500,0.010,0.980,0.010
637000,0.010,0.990,0.000
637500,0.010,0.948,0.042
638000,0.010,0.990,0.000
638500,0.010,0.881,0.109
639000,0.010,0.907,0.083
639500,0.010,0.985,0.005
640000,0.010,0.956,0.034
640500,0.010,0.990,0.000
641000,0.010,0.935,0.055
641500,0.010,0.990,0.000
642000,0.010,0.969,0.021
642500,0.010,0.978,0.012
643000,0.010,0.905,0.085
643500,0.010,0.986,0.004
644000,0.010,0.851,0.139
644500,0.010,0.989,0.001
645000,0.010,0.917,0.073
645500,0.010,0.821,0.169
646000,0.010,0.919,0.071
646500,0.010,0.834,0.156
647000,0.010,0.981,0.009
647500,0.010,0.883,0.107
648000,0.010,0.988,0.002
648500,0.010,0.954,0.036
649000,0.010,0.955,0.035
649500,0.010,0.926,0.064
650000,0.010,0.938,0.052
650500,0.010,0.848,0.142
651000,0.010,0.982,0.008
651500,0.010,0.894,0.096
652000,0.010,0.925,0.065
652500,0.010,0.867,0.123
653000,0.010,0.919,0.071
653500,0.010,0.986,0.004
654000,0.010,0.979,0.011
654500,0.010,0.939,0.051
655000,0.010,0.978,0.012
655500,0.010,0.986,0.004
656000,0.010,0.983,0.007
656500,0.010,0.989,0.001
657000,0.010,0.977,0.013
657500,0.010,0.968,0.022
658000,0.010,0.945,0.045
658500,0.010,0.889,0.101
659000,0.010,0.976,0.014
659500,0.010,0.990,0.000
660000,0.010,0.973,0.017
660500,0.010,0.855,0.135
661000,0.010,0.955,0.035
661500,0.010,0.964,0.026
662000,0.010,0.969,0.021
662500,0.010,0.972,0.018
663000,0.010,0.984,0.006
663500,0.010,0.872,0.118
664000,0.010,0.945,0.045
664500,0.010,0.897,0.093
665000,0.010,0.987,0.003
665500,0.010,0.879,0.111
666000,0.010,0.933,0.057
666500,0.010,0.901,0.089
667000,0.010,0.932,0.058
667500,0.010,0.978,0.012
668000,0.010,0.948,0.042
668500,0.010,0.980,0.010
669000,0.010,0.990,0.000
669500,0.010,0.990,0.000
670000,0.010,0.983,0.007
670500,0.010,0.974,0.016
671000,0.010,0.984,0.006
671500,0.010,0.932,0.058
672000,0.010,0.975,0.015
672500,0.010,0.912,0.078
673000,0.010,0.951,0.039
673500,0.010,0.972,0.018
674000,0.010,0.830,0.160
674500,0.010,0.956,0.034
675000,0.010,0.852,0.138
675500,0.010,0.965,0.025
676000,0.010,0.924,0.066
676500,0.010,0.976,0.014
677000,0.010,0.934,0.056
677500,0.010,0.930,0.060
678000,0.010,0.960,0.030
678500,0.010,0.974,0.016
679000,0.010,0.989,0.001
679500,0.010,0.987,0.003
680000,0.010,0.990,0.000
680500,0.010,0.951,0.039
681000,0.010,0.988,0.002
681500,0.010,0.989,0.001
682000,0.010,0.942,0.048
682500,0.010,0.957,0.033
683000,0.010,0.990,0.000
683500,0.010,0.949,0.041
684000,0.010,0.895,0.095
684500,0.010,0.975,0.015
685000,0.010,0.866,0.124
685500,0.010,0.948,0.042
686000,0.010,0.972,0.018
686500,0.010,0.878,0.112
687000,0.010,0.953,0.037
687500,0.010,0.957,0.033
688000,0.010,0.967,0.023
688500,0.010,0.884,0.106
689000,0.010,0.955,0.035
689500,0.010,0.924,0.066
690000,0.010,0.956,0.034
690500,0.010,0.959,0.031
691000,0.010,0.905,0.085
691500,0.010,0.985,0.005
692000,0.010,0.868,0.122
692500,0.010,0.921,0.069
693000,0.010,0.972,0.018
693500,0.010,0.988,0.002
694000,0.010,0.924,0.066
694500,0.010,0.917,0.073
695000,0.010,0.947,0.043
695500,0.010,0.939,0.051
696000,0.010,0.967,0.023
696500,0.010,0.950,0.040
697000,0.010,0.960,0.030
697500,0.010,0.961,0.029
698000,0.010,0.989,0.001
698500,0.010,0.964,0.026
699000,0.010,0.926,0.064
699500,0.010,0.972,0.018
700000,0.010,0.976,0.014
700500,0.010,0.944,0.046
701000,0.010,0.879,0.111
701500,0.010,0.976,0.014
702000,0.010,0.987,0.003
702500,0.010,0.928,0.062
703000,0.010,0.989,0.001
703500,0.010,0.936,0.054
704000,0.010,0.985,0.005
704500,0.010,0.920,0.070
705000,0.010,0.905,0.085
705500,0.010,0.958,0.032
706000,0.010,0.986,0.004
706500,0.010,0.889,0.101
707000,0.010,0.990,0.000
707500,0.010,0.985,0.005
708000,0.010,0.898,0.092
708500,0.010,0.912,0.078
709000,0.010,0.879,0.111
709500,0.010,0.928,0.062
710000,0.010,0.897,0.093
710500,0.010,0.963,0.027
711000,0.010,0.946,0.044
711500,0.010,0.977,0.013
712000,0.010,0.971,0.019
712500,0.010,0.875,0.115
713000,0.010,0.922,0.068
713500,0.010,0.889,0.101
714000,0.010,0.813,0.177
714500,0.010,0.848,0.142
715000,0.010,0.902,0.088
715500,0.010,0.984,0.006
716000,0.010,0.962,0.028
716500,0.010,0.955,0.035
717000,0.010,0.990,0.000
717500,0.010,0.958,0.032
718000,0.010,0.944,0.046
718500,0.010,0.781,0.209
719000,0.010,0.988,0.002
719500,0.010,0.990,0.000
720000,0.010,0.960,0.030
720500,0.010,0.988,0.002
721000,0.010,0.972,0.018
721500,0.010,0.913,0.077
722000,0.010,0.940,0.050
722500,0.010,0.936,0.054
723000,0.010,0.877,0.113
723500,0.010,0.894,0.096
724000,0.010,0.902,0.088
724500,0.010,0.983,0.007
725000,0.010,0.953,0.037
725500,0.010,0.932,0.058
726000,0.010,0.968,0.022
726500,0.010,0.964,0.026
727000,0.010,0.980,0.010
727500,0.010,0.986,0.004
728000,0.010,0.947,0.043
728500,0.010,0.955,0.035
729000,0.010,0.979,0.011
729500,0.010,0.932,0.058
730000,0.010,0.977,0.013
730500,0.010,0.927,0.063
731000,0.010,0.944,0.046
731500,0.010,0.965,0.025
732000,0.010,0.966,0.024
732500,0.010,0.788,0.202
733000,0.010,0.974,0.016
733500,0.010,0.803,0.187
734000,0.010,0.870,0.120
734500,0.010,0.850,0.140
735000,0.010,0.880,0.110
735500,0.010,0.937,0.053
736000,0.010,0.879,0.111
736500,0.010,0.888,0.102
737000,0.010,0.889,0.101
737500,0.010,0.880,0.110
738000,0.010,0.985,0.005
738500,0.010,0.890,0.100
739000,0.010,0.894,0.096
739500,0.010,0.815,0.175
740000,0.010,0.902,0.088
740500,0.010,0.987,0.003
741000,0.010,0.976,0.014
741500,0.010,0.952,0.038
742000,0.010,0.932,0.058
742500,0.010,0.909,0.081
743000,0.010,0.972,0.018
743500,0.010,0.881,0.109
744000,0.010,0.803,0.187
744500,0.010,0.872,0.118
745000,0.010,0.916,0.074
745500,0.010,0.854,0.136
746000,0.010,0.871,0.119
746500,0.010,0.976,0.014
747000,0.010,0.969,0.021
747500,0.010,0.959,0.031
748000,0.010,0.981,0.009
748500,0.010,0.990,0.000
749000,0.010,0.974,0.016
749500,0.010,0.859,0.131
750000,0.010,0.978,0.012
750500,0.010,0.817,0.173
751000,0.010,0.923,0.067
751500,0.010,0.924,0.066
752000,0.010,0.963,0.027
752500,0.010,0.950,0.040
753000,0.010,0.972,0.018
753500,0.010,0.900,0.090
754000,0.010,0.946,0.044
754500,0.010,0.949,0.041
755000,0.010,0.989,0.001
755500,0.010,0.901,0.089
756000,0.010,0.942,0.048
756500,0.010,0.990,0.000
757000,0.010,0.922,0.068
757500,0.010,0.895,0.095
758000,0.010,0.890,0.100
758500,0.010,0.939,0.051
759000,0.010,0.887,0.103
759500,0.010,0.856,0.134
760000,0.010,0.954,0.036
760500,0.010,0.988,0.002
761000,0.010,0.961,0.029
761500,0.010,0.982,0.008
762000,0.010,0.946,0.044
762500,0.010,0.940,0.050
763000,0.010,0.918,0.072
763500,0.010,0.824,0.166
764000,0.010,0.940,0.050
764500,0.010,0.989,0.001
765000,0.010,0.955,0.035
765500,0.010,0.948,0.042
766000,0.010,0.924,0.066
766500,0.010,0.981,0.009
767000,0.010,0.901,0.089
767500,0.010,0.962,0.028
768000,0.010,0.943,0.047
768500,0.010,0.868,0.122
769000,0.010,0.974,0.016
769500,0.010,0.990,0.000
770000,0.010,0.987,0.003
770500,0.010,0.913,0.077
771000,0.010,0.872,0.118
771500,0.010,0.900,0.090
772000,0.010,0.942,0.048
772500,0.010,0.951,0.039
773000,0.010,0.942,0.048
773500,0.010,0.962,0.028
774000,0.010,0.990,0.000
774500,0.010,0.920,0.070
775000,0.010,0.908,0.082
775500,0.010,0.972,0.018
776000,0.010,0.967,0.023
776500,0.010,0.823,0.167
777000,0.010,0.912,0.078
777500,0.010,0.952,0.038
778000,0.010,0.922,0.068
778500,0.010,0.932,0.058
779000,0.010,0.978,0.012
779500,0.010,0.989,0.001
780000,0.010,0.814,0.176
780500,0.010,0.989,0.001
781000,0.010,0.990,0.000
781500,0.010,0.986,0.004
782000,0.010,0.897,0.093
782500,0.010,0.841,0.149
783000,0.010,0.979,0.011
783500,0.010,0.883,0.107
784000,0.010,0.961,0.029
784500,0.010,0.902,0.088
785000,0.010,0.955,0.035
785500,0.010,0.961,0.029
786000,0.010,0.842,0.148
786500,0.010,0.954,0.036
787000,0.010,0.979,0.011
787500,0.010,0.804,0.186
788000,0.010,0.950,0.040
788500,0.010,0.981,0.009
789000,0.010,0.960,0.030
789500,0.010,0.841,0.149
790000,0.010,0.975,0.015
790500,0.010,0.922,0.068
791000,0.010,0.927,0.063
791500,0.010,0.975,0.015
792000,0.010,0.905,0.085
792500,0.010,0.963,0.027
793000,0.010,0.945,0.045
793500,0.010,0.829,0.161
794000,0.010,0.931,0.059
794500,0.010,0.859,0.131
795000,0.010,0.976,0.014
795500,0.010,0.967,0.023
796000,0.010,0.895,0.095
796500,0.010,0.990,0.000
797000,0.010,0.913,0.077
797500,0.010,0.977,0.013
798000,0.010,0.930,0.060
798500,0.010,0.903,0.087
799000,0.010,0.986,0.004
799500,0.010,0.786,0.204
800000,0.010,0.920,0.070
800500,0.010,0.989,0.001
801000,0.010,0.898,0.092
801500,0.010,0.914,0.076
802000,0.010,0.913,0.077
802500,0.010,0.975,0.015
803000,0.010,0.968,0.022
803500,0.010,0.826,0.164
804000,0.010,0.843,0.147
804500,0.010,0.973,0.017
805000,0.010,0.970,0.020
805500,0.010,0.965,0.025
806000,0.010,0.978,0.012
806500,0.010,0.925,0.065
807000,0.010,0.980,0.010
807500,0.010,0.936,0.054
808000,0.010,0.896,0.094
808500,0.010,0.930,0.060
809000,0.010,0.974,0.016
809500,0.010,0.937,0.053
810000,0.010,0.952,0.038
810500,0.010,0.980,0.010
811000,0.010,0.989,0.001
811500,0.010,0.982,0.008
812000,0.010,0.989,0.001
812500,0.010,0.963,0.027
813000,0.010,0.959,0.031
813500,0.010,0.925,0.065
814000,0.010,0.989,0.001
814500,0.010,0.968,0.022
815000,0.010,0.934,0.056
815500,0.010,0.983,0.007
816000,0.010,0.809,0.181
816500,0.010,0.954,0.036
817000,0.010,0.896,0.094
817500,0.010,0.929,0.061
818000,0.010,0.775,0.215
818500,0.010,0.981,0.009
819000,0.010,0.937,0.053
819500,0.010,0.939,0.051
820000,0.010,0.834,0.156
820500,0.010,0.985,0.005
821000,0.010,0.952,0.038
821500,0.010,0.990,0.000
822000,0.010,0.982,0.008
822500,0.010,0.965,0.025
823000,0.010,0.888,0.102
823500,0.010,0.975,0.015
824000,0.010,0.988,0.002
824500,0.010,0.945,0.045
825000,0.010,0.943,0.047
825500,0.010,0.872,0.118
826000,0.010,0.955,0.035
826500,0.010,0.972,0.018
827000,0.010,0.986,0.004
827500,0.010,0.984,0.006
828000,0.010,0.987,0.003
828500,0.010,0.883,0.107
829000,0.010,0.959,0.031
829500,0.010,0.922,0.068
830000,0.010,0.878,0.112
830500,0.010,0.871,0.119
831000,0.010,0.956,0.034
831500,0.010,0.990,0.000
832000,0.010,0.952,0.038
832500,0.010,0.954,0.036
833000,0.010,0.943,0.047
833500,0.010,0.938,0.052
834000,0.010,0.938,0.052
834500,0.010,0.948,0.042
835000,0.010,0.984,0.006
835500,0.010,0.934,0.056
836000,0.010,0.925,0.065
836500,0.010,0.869,0.121
837000,0.010,0.917,0.073
837500,0.010,0.934,0.056
838000,0.010,0.933,0.057
838500,0.010,0.976,0.014
839000,0.010,0.937,0.053
839500,0.010,0.951,0.039
840000,0.010,0.942,0.048
840500,0.010,0.974,0.016
841000,0.010,0.852,0.138
841500,0.010,0.932,0.058
842000,0.010,0.990,0.000
842500,0.010,0.974,0.016
843000,0.010,0.973,0.017
843500,0.010,0.948,0.042
844000,0.010,0.970,0.020
844500,0.010,0.938,0.052
845000,0.010,0.874,0.116
845500,0.010,0.929,0.061
846000,0.010,0.962,0.028
846500,0.010,0.960,0.030
847000,0.010,0.990,0.000
847500,0.010,0.975,0.015
848000,0.010,0.969,0.021
848500,0.010,0.962,0.028
849000,0.010,0.943,0.047
849500,0.010,0.990,0.000
850000,0.010,0.985,0.005
850500,0.010,0.939,0.051
851000,0.010,0.907,0.083
851500,0.010,0.876,0.114
852000,0.010,0.943,0.047
852500,0.010,0.966,0.024
853000,0.010,0.983,0.007
853500,0.010,0.853,0.137
854000,0.010,0.884,0.106
854500,0.010,0.905,0.085
855000,0.010,0.980,0.010
855500,0.010,0.932,0.058
856000,0.010,0.981,0.009
856500,0.010,0.877,0.113
857000,0.010,0.842,0.148
857500,0.010,0.943,0.047
858000,0.010,0.883,0.107
858500,0.010,0.937,0.053
859000,0.010,0.967,0.023
859500,0.010,0.975,0.015
860000,0.010,0.944,0.046
860500,0.010,0.927,0.063
861000,0.010,0.948,0.042
861500,0.010,0.923,0.067
862000,0.010,0.938,0.052
862500,0.010,0.984,0.006
863000,0.010,0.930,0.060
863500,0.010,0.966,0.024
864000,0.010,0.957,0.033
864500,0.010,0.908,0.082
865000,0.010,0.874,0.116
865500,0.010,0.828,0.162
866000,0.010,0.957,0.033
866500,0.010,0.928,0.062
867000,0.010,0.918,0.072
867500,0.010,0.990,0.000
868000,0.010,0.957,0.033
868500,0.010,0.970,0.020
869000,0.010,0.984,0.006
869500,0.010,0.886,0.104
870000,0.010,0.875,0.115
870500,0.010,0.955,0.035
871000,0.010,0.831,0.159
871500,0.010,0.989,0.001
872000,0.010,0.888,0.102
872500,0.010,0.972,0.018
873000,0.010,0.989,0.001
873500,0.010,0.955,0.035
874000,0.010,0.978,0.012
874500,0.010,0.948,0.042
875000,0.010,0.919,0.071
875500,0.010,0.937,0.053
876000,0.010,0.874,0.116
876500,0.010,0.980,0.010
877000,0.010,0.953,0.037
877500,0.010,0.935,0.055
878000,0.010,0.944,0.046
878500,0.010,0.941,0.049
879000,0.010,0.931,0.059
879500,0.010,0.924,0.066
880000,0.010,0.929,0.061
880500,0.010,0.964,0.026
881000,0.010,0.976,0.014
881500,0.010,0.870,0.120
882000,0.010,0.947,0.043
882500,0.010,0.988,0.002
883000,0.010,0.909,0.081
883500,0.010,0.850,0.140
884000,0.010,0.979,0.011
884500,0.010,0.948,0.042
885000,0.010,0.980,0.010
885500,0.010,0.870,0.120
886000,0.010,0.984,0.006
886500,0.010,0.990,0.000
887000,0.010,0.959,0.031
887500,0.010,0.934,0.056
888000,0.010,0.922,0.068
888500,0.010,0.888,0.102
889000,0.010,0.984,0.006
889500,0.010,0.943,0.047
890000,0.010,0.930,0.060
890500,0.010,0.920,0.070
891000,0.010,0.984,0.006
891500,0.010,0.882,0.108
892000,0.010,0.961,0.029
892500,0.010,0.894,0.096
893000,0.010,0.909,0.081
893500,0.010,0.968,0.022
894000,0.010,0.979,0.011
894500,0.010,0.973,0.017
895000,0.010,0.950,0.040
895500,0.010,0.969,0.021
896000,0.010,0.973,0.017
896500,0.010,0.952,0.038
897000,0.010,0.881,0.109
897500,0.010,0.924,0.066
898000,0.010,0.871,0.119
898500,0.010,0.959,0.031
899000,0.010,0.938,0.052
899500,0.010,0.947,0.043
900000,0.010,0.972,0.018
900500,0.010,0.907,0.083
901000,0.010,0.976,0.014
901500,0.010,0.925,0.065
902000,0.010,0.986,0.004
902500,0.010,0.962,0.028
903000,0.010,0.865,0.125
903500,0.010,0.922,0.068
904000,0.010,0.831,0.159
904500,0.010,0.937,0.053
905000,0.010,0.913,0.077
905500,0.010,0.947,0.043
906000,0.010,0.883,0.107
906500,0.010,0.964,0.026
907000,0.010,0.984,0.006
907500,0.010,0.932,0.058
908000,0.010,0.957,0.033
908500,0.010,0.906,0.084
909000,0.010,0.908,0.082
909500,0.010,0.986,0.004
910000,0.010,0.951,0.039
910500,0.010,0.976,0.014
911000,0.010,0.919,0.071
911500,0.010,0.963,0.027
912000,0.010,0.816,0.174
912500,0.010,0.902,0.088
913000,0.010,0.986,0.004
913500,0.010,0.843,0.147
914000,0.010,0.915,0.075
914500,0.010,0.990,0.000
915000,0.010,0.982,0.008
915500,0.010,0.962,0.028
916000,0.010,0.965,0.025
916500,0.010,0.907,0.083
917000,0.010,0.962,0.028
917500,0.010,0.848,0.142
918000,0.010,0.850,0.140
918500,0.010,0.894,0.096
919000,0.010,0.984,0.006
919500,0.010,0.886,0.104
920000,0.010,0.964,0.026
920500,0.010,0.937,0.053
921000,0.010,0.878,0.112
921500,0.010,0.990,0.000
922000,0.010,0.955,0.035
922500,0.010,0.915,0.075
923000,0.010,0.984,0.006
923500,0.010,0.919,0.071
924000,0.010,0.976,0.014
924500,0.010,0.971,0.019
925000,0.010,0.939,0.051
925500,0.010,0.966,0.024
926000,0.010,0.782,0.208
926500,0.010,0.928,0.062
927000,0.010,0.955,0.035
927500,0.010,0.990,0.000
928000,0.010,0.912,0.078
928500,0.010,0.906,0.084
929000,0.010,0.965,0.025
929500,0.010,0.962,0.028
930000,0.010,0.989,0.001
930500,0.010,0.982,0.008
931000,0.010,0.990,0.000
931500,0.010,0.987,0.003
932000,0.010,0.964,0.026
932500,0.010,0.979,0.011
933000,0.010,0.888,0.102
933500,0.010,0.941,0.049
934000,0.010,0.955,0.035
934500,0.010,0.964,0.026
935000,0.010,0.940,0.050
935500,0.010,0.903,0.087
936000,0.010,0.968,0.022
936500,0.010,0.791,0.199
937000,0.010,0.792,0.198
937500,0.010,0.967,0.023
938000,0.010,0.881,0.109
938500,0.010,0.896,0.094
939000,0.010,0.970,0.020
939500,0.010,0.964,0.026
940000,0.010,0.921,0.069
940500,0.010,0.848,0.142
941000,0.010,0.915,0.075
941500,0.010,0.828,0.162
942000,0.010,0.962,0.028
942500,0.010,0.873,0.117
943000,0.010,0.919,0.071
943500,0.010,0.987,0.003
944000,0.010,0.872,0.118
944500,0.010,0.988,0.002
945000,0.010,0.947,0.043
945500,0.010,0.971,0.019
946000,0.010,0.933,0.057
946500,0.010,0.932,0.058
947000,0.010,0.951,0.039
947500,0.010,0.964,0.026
948000,0.010,0.956,0.034
948500,0.010,0.968,0.022
949000,0.010,0.970,0.020
949500,0.010,0.873,0.117
950000,0.010,0.946,0.044
950500,0.010,0.942,0.048
951000,0.010,0.957,0.033
951500,0.010,0.935,0.055
952000,0.010,0.986,0.004
952500,0.010,0.937,0.053
953000,0.010,0.985,0.005
953500,0.010,0.927,0.063
954000,0.010,0.921,0.069
954500,0.010,0.964,0.026
955000,0.010,0.963,0.027
955500,0.010,0.937,0.053
956000,0.010,0.956,0.034
956500,0.010,0.891,0.099
957000,0.010,0.868,0.122
957500,0.010,0.952,0.038
958000,0.010,0.908,0.082
958500,0.010,0.986,0.004
959000,0.010,0.977,0.013
959500,0.010,0.939,0.051
960000,0.010,0.944,0.046
960500,0.010,0.937,0.053
961000,0.010,0.953,0.037
961500,0.010,0.966,0.024
962000,0.010,0.633,0.357
962500,0.010,0.788,0.202
963000,0.010,0.937,0.053
963500,0.010,0.979,0.011
964000,0.010,0.898,0.092
964500,0.010,0.824,0.166
965000,0.010,0.899,0.091
965500,0.010,0.739,0.251
966000,0.010,0.777,0.213
966500,0.010,0.979,0.011
967000,0.010,0.945,0.045
967500,0.010,0.952,0.038
968000,0.010,0.989,0.001
968500,0.010,0.959,0.031
969000,0.010,0.973,0.017
969500,0.010,0.987,0.003
970000,0.010,0.939,0.051
970500,0.010,0.883,0.107
971000,0.010,0.973,0.017
971500,0.010,0.885,0.105
972000,0.010,0.989,0.001
972500,0.010,0.938,0.052
973000,0.010,0.888,0.102
973500,0.010,0.951,0.039
974000,0.010,0.912,0.078
974500,0.010,0.951,0.039
975000,0.010,0.924,0.066
975500,0.010,0.982,0.008
976000,0.010,0.901,0.089
976500,0.010,0.916,0.074
977000,0.010,0.978,0.012
977500,0.010,0.986,0.004
978000,0.010,0.981,0.009
978500,0.010,0.902,0.088
979000,0.010,0.945,0.045
979500,0.010,0.967,0.023
980000,0.010,0.921,0.069
980500,0.010,0.988,0.002
981000,0.010,0.910,0.080
981500,0.010,0.955,0.035
982000,0.010,0.988,0.002
982500,0.010,0.925,0.065
983000,0.010,0.956,0.034
983500,0.010,0.989,0.001
984000,0.010,0.923,0.067
984500,0.010,0.768,0.222
985000,0.010,0.861,0.129
985500,0.010,0.960,0.030
986000,0.010,0.785,0.205
986500,0.010,0.921,0.069
987000,0.010,0.946,0.044
987500,0.010,0.924,0.066
988000,0.010,0.945,0.045
988500,0.010,0.985,0.005
989000,0.010,0.913,0.077
989500,0.010,0.976,0.014
990000,0.010,0.945,0.045
990500,0.010,0.978,0.012
991000,0.010,0.945,0.045
991500,0.010,0.924,0.066
992000,0.010,0.972,0.018
992500,0.010,0.990,0.000
993000,0.010,0.897,0.093
993500,0.010,0.990,0.000
994000,0.010,0.988,0.002
994500,0.010,0.801,0.189
995000,0.010,0.928,0.062
995500,0.010,0.977,0.013
996000,0.010,0.957,0.033
996500,0.010,0.961,0.029
997000,0.010,0.905,0.085
997500,0.010,0.895,0.095
998000,0.010,0.885,0.105
998500,0.010,0.919,0.071
999000,0.010,0.969,0.021
999500,0.010,0.958,0.032
1000000,0.010,0.988,0.002
