time,n_A+p,n_B,n_AB
500,0.080,0.735,0.185
1000,0.080,0.534,0.386
1500,0.086,0.315,0.599
2000,0.089,0.191,0.720
2500,0.101,0.104,0.794
3000,0.137,0.062,0.801
3500,0.132,0.044,0.825
4000,0.140,0.041,0.820
4500,0.154,0.026,0.820
5000,0.146,0.041,0.813
5500,0.164,0.028,0.808
6000,0.161,0.035,0.804
6500,0.149,0.029,0.822
7000,0.162,0.019,0.819
7500,0.146,0.018,0.835
8000,0.155,0.012,0.833
8500,0.143,0.016,0.841
9000,0.162,0.016,0.822
9500,0.167,0.029,0.803
10000,0.162,0.028,0.810
10500,0.162,0.026,0.812
11000,0.172,0.013,0.815
11500,0.183,0.017,0.800
12000,0.191,0.021,0.788
12500,0.191,0.007,0.801
13000,0.190,0.014,0.796
13500,0.195,0.015,0.790
14000,0.184,0.025,0.792
14500,0.172,0.021,0.808
15000,0.164,0.021,0.815
15500,0.166,0.026,0.808
16000,0.166,0.019,0.815
16500,0.169,0.031,0.800
17000,0.167,0.030,0.803
17500,0.160,0.033,0.807
18000,0.170,0.027,0.803
18500,0.220,0.019,0.761
19000,0.193,0.015,0.792
19500,0.188,0.016,0.796
20000,0.190,0.005,0.805
20500,0.172,0.011,0.817
21000,0.159,0.018,0.823
21500,0.150,0.025,0.825
22000,0.168,0.026,0.806
22500,0.151,0.021,0.828
23000,0.161,0.021,0.818
23500,0.176,0.013,0.812
24000,0.171,0.011,0.818
24500,0.188,0.025,0.787
25000,0.200,0.015,0.785
25500,0.178,0.018,0.803
26000,0.180,0.013,0.806
26500,0.192,0.013,0.795
27000,0.191,0.013,0.795
27500,0.191,0.011,0.798
28000,0.201,0.015,0.784
28500,0.201,0.021,0.779
29000,0.185,0.008,0.807
29500,0.183,0.011,0.805
30000,0.177,0.004,0.818
30500,0.184,0.017,0.799
31000,0.174,0.007,0.819
31500,0.176,0.011,0.813
32000,0.175,0.022,0.802
32500,0.153,0.027,0.820
33000,0.172,0.018,0.810
33500,0.169,0.018,0.814
34000,0.167,0.029,0.804
34500,0.157,0.035,0.808
35000,0.154,0.019,0.827
35500,0.168,0.015,0.818
36000,0.170,0.013,0.817
36500,0.181,0.022,0.796
37000,0.188,0.015,0.797
37500,0.155,0.021,0.824
38000,0.167,0.019,0.814
38500,0.162,0.012,0.826
39000,0.177,0.026,0.796
39500,0.179,0.023,0.798
40000,0.175,0.019,0.805
40500,0.174,0.011,0.814
41000,0.169,0.016,0.816
41500,0.166,0.021,0.813
42000,0.187,0.025,0.787
42500,0.184,0.013,0.803
43000,0.185,0.018,0.796
43500,0.197,0.029,0.775
44000,0.166,0.025,0.810
44500,0.175,0.030,0.794
45000,0.161,0.023,0.817
45500,0.158,0.021,0.821
46000,0.153,0.029,0.818
46500,0.160,0.034,0.806
47000,0.166,0.017,0.817
47500,0.164,0.011,0.825
48000,0.175,0.011,0.814
48500,0.167,0.011,0.823
49000,0.154,0.015,0.831
49500,0.145,0.034,0.821
50000,0.141,0.034,0.826
50500,0.163,0.025,0.812
51000,0.166,0.021,0.813
51500,0.150,0.023,0.827
52000,0.156,0.014,0.830
52500,0.165,0.022,0.813
53000,0.164,0.015,0.821
53500,0.151,0.037,0.811
54000,0.154,0.026,0.820
54500,0.180,0.015,0.805
55000,0.177,0.024,0.799
55500,0.196,0.016,0.788
56000,0.199,0.009,0.792
56500,0.171,0.010,0.820
57000,0.166,0.017,0.817
57500,0.171,0.019,0.810
58000,0.150,0.025,0.826
58500,0.193,0.018,0.789
59000,0.198,0.011,0.792
59500,0.202,0.009,0.789
60000,0.182,0.011,0.806
60500,0.180,0.019,0.801
61000,0.159,0.022,0.819
61500,0.182,0.021,0.797
62000,0.181,0.017,0.801
62500,0.174,0.017,0.809
63000,0.157,0.022,0.821
63500,0.156,0.018,0.826
64000,0.179,0.009,0.811
64500,0.189,0.011,0.800
65000,0.173,0.021,0.805
65500,0.163,0.025,0.812
66000,0.177,0.012,0.811
66500,0.184,0.015,0.802
67000,0.187,0.015,0.798
67500,0.194,0.005,0.801
68000,0.171,0.015,0.814
68500,0.163,0.021,0.817
69000,0.161,0.019,0.820
69500,0.185,0.009,0.806
70000,0.202,0.011,0.788
70500,0.206,0.013,0.780
71000,0.189,0.011,0.799
71500,0.176,0.017,0.807
72000,0.180,0.017,0.803
72500,0.185,0.015,0.799
73000,0.192,0.027,0.781
73500,0.168,0.021,0.811
74000,0.176,0.018,0.805
74500,0.167,0.025,0.808
75000,0.161,0.018,0.822
75500,0.181,0.025,0.794
76000,0.189,0.013,0.798
76500,0.195,0.007,0.797
77000,0.198,0.012,0.790
77500,0.197,0.013,0.790
78000,0.194,0.009,0.797
78500,0.207,0.013,0.780
79000,0.189,0.008,0.803
79500,0.184,0.012,0.804
80000,0.182,0.005,0.812
80500,0.187,0.006,0.807
81000,0.192,0.017,0.791
81500,0.173,0.016,0.811
82000,0.185,0.019,0.795
82500,0.163,0.025,0.811
83000,0.166,0.011,0.824
83500,0.192,0.013,0.795
84000,0.180,0.017,0.804
84500,0.183,0.021,0.795
85000,0.189,0.015,0.797
85500,0.172,0.021,0.807
86000,0.180,0.018,0.803
86500,0.183,0.013,0.803
87000,0.175,0.013,0.812
87500,0.185,0.025,0.789
88000,0.172,0.017,0.811
88500,0.180,0.018,0.802
89000,0.183,0.015,0.802
89500,0.180,0.013,0.807
90000,0.178,0.021,0.802
90500,0.166,0.021,0.813
91000,0.170,0.021,0.810
91500,0.150,0.030,0.820
92000,0.166,0.017,0.818
92500,0.165,0.021,0.815
93000,0.164,0.009,0.828
93500,0.176,0.011,0.812
94000,0.176,0.010,0.814
94500,0.179,0.016,0.805
95000,0.177,0.026,0.797
95500,0.172,0.013,0.815
96000,0.163,0.009,0.829
96500,0.178,0.014,0.808
97000,0.145,0.024,0.832
97500,0.173,0.025,0.801
98000,0.177,0.011,0.812
98500,0.156,0.021,0.824
99000,0.168,0.030,0.802
99500,0.181,0.017,0.802
100000,0.203,0.020,0.776
100500,0.204,0.021,0.775
101000,0.189,0.021,0.791
101500,0.194,0.015,0.791
102000,0.188,0.029,0.783
102500,0.178,0.020,0.802
103000,0.158,0.017,0.826
103500,0.168,0.028,0.804
104000,0.159,0.028,0.813
104500,0.176,0.017,0.807
105000,0.164,0.030,0.805
105500,0.161,0.023,0.816
106000,0.163,0.025,0.812
106500,0.159,0.023,0.819
107000,0.175,0.032,0.793
107500,0.167,0.035,0.798
108000,0.174,0.025,0.800
108500,0.167,0.018,0.815
109000,0.163,0.023,0.814
109500,0.154,0.026,0.820
110000,0.159,0.015,0.827
110500,0.176,0.017,0.808
111000,0.172,0.025,0.804
111500,0.159,0.022,0.819
112000,0.159,0.019,0.823
112500,0.155,0.014,0.831
113000,0.147,0.015,0.837
113500,0.166,0.032,0.803
114000,0.160,0.026,0.815
114500,0.165,0.022,0.814
115000,0.157,0.025,0.819
115500,0.167,0.015,0.818
116000,0.175,0.015,0.809
116500,0.202,0.013,0.785
117000,0.177,0.010,0.813
117500,0.181,0.024,0.795
118000,0.154,0.043,0.802
118500,0.148,0.030,0.822
119000,0.165,0.033,0.802
119500,0.148,0.028,0.824
120000,0.190,0.014,0.796
120500,0.205,0.003,0.792
121000,0.208,0.001,0.791
121500,0.169,0.013,0.818
122000,0.178,0.023,0.799
122500,0.169,0.025,0.806
123000,0.189,0.018,0.793
123500,0.186,0.021,0.793
124000,0.174,0.011,0.815
124500,0.179,0.004,0.816
125000,0.192,0.007,0.801
125500,0.195,0.009,0.796
126000,0.200,0.008,0.792
126500,0.216,0.011,0.773
127000,0.188,0.013,0.800
127500,0.159,0.013,0.828
128000,0.160,0.021,0.819
128500,0.158,0.030,0.812
129000,0.158,0.024,0.818
129500,0.165,0.022,0.812
130000,0.182,0.013,0.806
130500,0.166,0.017,0.818
131000,0.162,0.013,0.826
131500,0.183,0.015,0.802
132000,0.164,0.011,0.825
132500,0.166,0.009,0.826
133000,0.185,0.009,0.805
133500,0.167,0.017,0.817
134000,0.151,0.031,0.818
134500,0.164,0.026,0.810
135000,0.173,0.033,0.794
135500,0.163,0.029,0.807
136000,0.165,0.027,0.808
136500,0.152,0.034,0.814
137000,0.165,0.022,0.812
137500,0.172,0.024,0.805
138000,0.175,0.017,0.808
138500,0.190,0.017,0.793
139000,0.169,0.026,0.804
139500,0.178,0.018,0.803
140000,0.179,0.021,0.799
140500,0.171,0.023,0.806
141000,0.171,0.011,0.819
141500,0.175,0.021,0.803
142000,0.174,0.025,0.801
142500,0.144,0.026,0.829
143000,0.165,0.015,0.820
143500,0.155,0.011,0.834
144000,0.168,0.009,0.824
144500,0.169,0.011,0.820
145000,0.162,0.011,0.828
145500,0.194,0.009,0.798
146000,0.205,0.028,0.767
146500,0.171,0.012,0.818
147000,0.203,0.011,0.786
147500,0.216,0.004,0.779
148000,0.200,0.011,0.790
148500,0.197,0.007,0.795
149000,0.198,0.011,0.792
149500,0.204,0.014,0.782
150000,0.168,0.015,0.817
150500,0.161,0.029,0.810
151000,0.147,0.035,0.818
151500,0.147,0.018,0.834
152000,0.164,0.019,0.817
152500,0.198,0.022,0.780
153000,0.165,0.026,0.808
153500,0.172,0.043,0.786
154000,0.168,0.033,0.799
154500,0.166,0.026,0.808
155000,0.171,0.025,0.804
155500,0.175,0.026,0.799
156000,0.197,0.015,0.789
156500,0.207,0.015,0.778
157000,0.182,0.016,0.801
157500,0.198,0.011,0.791
158000,0.188,0.013,0.800
158500,0.183,0.013,0.803
159000,0.177,0.013,0.810
159500,0.175,0.025,0.799
160000,0.203,0.021,0.776
160500,0.197,0.015,0.788
161000,0.174,0.015,0.811
161500,0.193,0.011,0.796
162000,0.163,0.009,0.828
162500,0.172,0.015,0.814
163000,0.154,0.024,0.822
163500,0.162,0.020,0.819
164000,0.167,0.015,0.818
164500,0.170,0.024,0.807
165000,0.156,0.023,0.821
165500,0.155,0.014,0.831
166000,0.175,0.010,0.815
166500,0.178,0.007,0.815
167000,0.175,0.030,0.795
167500,0.188,0.023,0.789
168000,0.208,0.009,0.783
168500,0.177,0.018,0.805
169000,0.163,0.018,0.820
169500,0.168,0.017,0.815
170000,0.187,0.014,0.799
170500,0.191,0.015,0.794
171000,0.187,0.011,0.802
171500,0.179,0.016,0.805
172000,0.179,0.008,0.813
172500,0.204,0.009,0.787
173000,0.190,0.011,0.799
173500,0.192,0.015,0.794
174000,0.186,0.010,0.804
174500,0.184,0.024,0.791
175000,0.181,0.018,0.800
175500,0.163,0.018,0.820
176000,0.162,0.013,0.825
176500,0.168,0.015,0.818
177000,0.176,0.014,0.809
177500,0.168,0.021,0.811
178000,0.165,0.026,0.809
178500,0.168,0.020,0.812
179000,0.162,0.015,0.824
179500,0.196,0.006,0.798
180000,0.205,0.010,0.784
180500,0.196,0.009,0.796
181000,0.181,0.022,0.797
181500,0.178,0.031,0.791
182000,0.191,0.011,0.798
182500,0.180,0.009,0.811
183000,0.194,0.022,0.784
183500,0.183,0.026,0.790
184000,0.174,0.021,0.804
184500,0.165,0.018,0.817
185000,0.159,0.013,0.829
185500,0.197,0.021,0.783
186000,0.179,0.015,0.805
186500,0.164,0.017,0.820
187000,0.159,0.032,0.809
187500,0.141,0.047,0.812
188000,0.134,0.043,0.823
188500,0.144,0.028,0.828
189000,0.141,0.046,0.813
189500,0.143,0.033,0.824
190000,0.144,0.044,0.811
190500,0.160,0.038,0.802
191000,0.169,0.024,0.807
191500,0.196,0.013,0.791
192000,0.193,0.013,0.795
192500,0.193,0.010,0.797
193000,0.191,0.015,0.794
193500,0.194,0.017,0.790
194000,0.199,0.021,0.780
194500,0.203,0.027,0.770
195000,0.173,0.016,0.811
195500,0.191,0.013,0.796
196000,0.183,0.018,0.798
196500,0.177,0.016,0.807
197000,0.205,0.012,0.783
197500,0.206,0.016,0.778
198000,0.194,0.018,0.788
198500,0.190,0.006,0.804
199000,0.181,0.013,0.806
199500,0.191,0.009,0.799
200000,0.181,0.021,0.797
200500,0.182,0.021,0.797
201000,0.206,0.015,0.780
201500,0.192,0.018,0.790
202000,0.178,0.021,0.801
202500,0.161,0.026,0.812
203000,0.159,0.025,0.816
203500,0.153,0.033,0.814
204000,0.149,0.035,0.816
204500,0.151,0.021,0.828
205000,0.181,0.017,0.802
205500,0.163,0.028,0.809
206000,0.177,0.018,0.805
206500,0.159,0.017,0.825
207000,0.155,0.011,0.834
207500,0.153,0.013,0.834
208000,0.161,0.021,0.819
208500,0.168,0.012,0.821
209000,0.188,0.019,0.793
209500,0.176,0.019,0.805
210000,0.188,0.005,0.807
210500,0.185,0.017,0.798
211000,0.183,0.014,0.803
211500,0.170,0.024,0.806
212000,0.165,0.023,0.812
212500,0.163,0.026,0.811
213000,0.170,0.020,0.810
213500,0.167,0.017,0.817
214000,0.176,0.024,0.800
214500,0.217,0.015,0.767
215000,0.203,0.013,0.783
215500,0.174,0.013,0.812
216000,0.159,0.018,0.823
216500,0.160,0.025,0.816
217000,0.170,0.015,0.816
217500,0.180,0.013,0.808
218000,0.186,0.009,0.805
218500,0.207,0.003,0.791
219000,0.212,0.007,0.780
219500,0.205,0.004,0.791
220000,0.200,0.012,0.788
220500,0.189,0.013,0.798
221000,0.178,0.014,0.808
221500,0.192,0.015,0.793
222000,0.160,0.013,0.828
222500,0.191,0.013,0.796
223000,0.217,0.009,0.774
223500,0.206,0.011,0.783
224000,0.182,0.011,0.807
224500,0.178,0.009,0.813
225000,0.166,0.013,0.821
225500,0.149,0.013,0.838
226000,0.150,0.017,0.834
226500,0.148,0.034,0.818
227000,0.165,0.018,0.818
227500,0.161,0.024,0.816
228000,0.164,0.017,0.820
228500,0.171,0.016,0.813
229000,0.170,0.021,0.809
229500,0.174,0.017,0.808
230000,0.179,0.015,0.805
230500,0.199,0.017,0.785
231000,0.204,0.025,0.771
231500,0.176,0.024,0.799
232000,0.167,0.012,0.821
232500,0.172,0.024,0.804
233000,0.173,0.025,0.801
233500,0.160,0.018,0.822
234000,0.164,0.025,0.811
234500,0.171,0.032,0.798
235000,0.167,0.021,0.812
235500,0.159,0.011,0.830
236000,0.168,0.014,0.819
236500,0.170,0.012,0.818
237000,0.182,0.004,0.814
237500,0.172,0.015,0.814
238000,0.184,0.022,0.793
238500,0.172,0.026,0.802
239000,0.189,0.016,0.795
239500,0.171,0.017,0.813
240000,0.166,0.028,0.806
240500,0.155,0.019,0.826
241000,0.152,0.021,0.826
241500,0.179,0.015,0.806
242000,0.160,0.022,0.818
242500,0.174,0.026,0.799
243000,0.188,0.020,0.792
243500,0.173,0.026,0.800
244000,0.162,0.021,0.818
244500,0.169,0.018,0.814
245000,0.147,0.032,0.822
245500,0.141,0.021,0.838
246000,0.169,0.013,0.818
246500,0.151,0.017,0.832
247000,0.164,0.016,0.821
247500,0.182,0.007,0.811
248000,0.183,0.008,0.808
248500,0.167,0.011,0.822
249000,0.185,0.005,0.809
249500,0.177,0.008,0.815
250000,0.176,0.024,0.801
250500,0.172,0.033,0.795
251000,0.167,0.014,0.820
251500,0.168,0.021,0.811
252000,0.160,0.024,0.817
252500,0.161,0.018,0.822
253000,0.163,0.022,0.815
253500,0.171,0.009,0.821
254000,0.173,0.032,0.795
254500,0.154,0.046,0.799
255000,0.166,0.043,0.790
255500,0.150,0.026,0.824
256000,0.164,0.027,0.809
256500,0.169,0.029,0.803
257000,0.164,0.035,0.801
257500,0.159,0.013,0.828
258000,0.192,0.017,0.791
258500,0.184,0.012,0.803
259000,0.177,0.011,0.811
259500,0.169,0.008,0.824
260000,0.177,0.010,0.813
260500,0.203,0.011,0.786
261000,0.177,0.012,0.810
261500,0.183,0.007,0.809
262000,0.222,0.013,0.765
262500,0.205,0.024,0.771
263000,0.184,0.017,0.799
263500,0.176,0.013,0.810
264000,0.175,0.011,0.814
264500,0.174,0.015,0.810
265000,0.183,0.007,0.809
265500,0.188,0.007,0.805
266000,0.192,0.015,0.793
266500,0.231,0.005,0.764
267000,0.203,0.007,0.790
267500,0.188,0.028,0.785
268000,0.195,0.021,0.784
268500,0.192,0.012,0.796
269000,0.198,0.021,0.782
269500,0.181,0.009,0.809
270000,0.170,0.007,0.824
270500,0.171,0.015,0.815
271000,0.202,0.017,0.781
271500,0.211,0.013,0.775
272000,0.222,0.015,0.764
272500,0.189,0.021,0.790
273000,0.181,0.018,0.801
273500,0.172,0.029,0.799
274000,0.154,0.017,0.830
274500,0.141,0.035,0.824
275000,0.170,0.032,0.799
275500,0.141,0.034,0.825
276000,0.149,0.028,0.823
276500,0.160,0.019,0.821
277000,0.158,0.013,0.830
277500,0.154,0.027,0.819
278000,0.178,0.013,0.809
278500,0.158,0.017,0.826
279000,0.159,0.021,0.821
279500,0.143,0.026,0.831
280000,0.142,0.011,0.847
280500,0.165,0.019,0.816
281000,0.157,0.015,0.828
281500,0.174,0.009,0.817
282000,0.205,0.014,0.781
282500,0.192,0.018,0.791
283000,0.177,0.013,0.810
283500,0.166,0.018,0.816
284000,0.182,0.025,0.792
284500,0.205,0.011,0.785
285000,0.167,0.009,0.825
285500,0.161,0.026,0.813
286000,0.170,0.021,0.808
286500,0.184,0.021,0.795
287000,0.182,0.023,0.794
287500,0.181,0.019,0.799
288000,0.191,0.015,0.793
288500,0.175,0.017,0.808
289000,0.175,0.007,0.818
289500,0.222,0.013,0.765
290000,0.193,0.007,0.799
290500,0.203,0.015,0.782
291000,0.199,0.019,0.782
291500,0.196,0.015,0.790
292000,0.191,0.015,0.794
292500,0.183,0.021,0.796
293000,0.173,0.030,0.796
293500,0.195,0.018,0.786
294000,0.186,0.013,0.801
294500,0.171,0.016,0.814
295000,0.183,0.019,0.797
295500,0.180,0.015,0.806
296000,0.211,0.020,0.768
296500,0.171,0.022,0.807
297000,0.172,0.023,0.805
297500,0.188,0.010,0.802
298000,0.172,0.009,0.820
298500,0.180,0.008,0.811
299000,0.169,0.012,0.820
299500,0.169,0.011,0.820
300000,0.180,0.021,0.799
300500,0.180,0.033,0.787
301000,0.184,0.022,0.793
301500,0.171,0.021,0.809
302000,0.174,0.025,0.801
302500,0.172,0.026,0.802
303000,0.182,0.021,0.797
303500,0.171,0.019,0.810
304000,0.169,0.019,0.812
304500,0.169,0.013,0.819
305000,0.190,0.009,0.801
305500,0.190,0.010,0.800
306000,0.180,0.018,0.801
306500,0.162,0.025,0.812
307000,0.163,0.028,0.809
307500,0.179,0.013,0.808
308000,0.202,0.012,0.786
308500,0.192,0.013,0.795
309000,0.193,0.021,0.786
309500,0.207,0.013,0.780
310000,0.205,0.007,0.788
310500,0.188,0.011,0.802
311000,0.192,0.005,0.803
311500,0.174,0.009,0.817
312000,0.151,0.021,0.828
312500,0.157,0.019,0.824
313000,0.177,0.027,0.795
313500,0.168,0.011,0.821
314000,0.164,0.019,0.818
314500,0.184,0.017,0.799
315000,0.204,0.012,0.784
315500,0.202,0.015,0.783
316000,0.213,0.017,0.769
316500,0.171,0.008,0.822
317000,0.180,0.012,0.808
317500,0.178,0.015,0.807
318000,0.209,0.009,0.781
318500,0.182,0.021,0.796
319000,0.191,0.018,0.791
319500,0.178,0.013,0.809
320000,0.159,0.023,0.818
320500,0.163,0.025,0.813
321000,0.156,0.029,0.815
321500,0.152,0.015,0.833
322000,0.169,0.016,0.816
322500,0.164,0.025,0.811
323000,0.161,0.021,0.818
323500,0.173,0.008,0.819
324000,0.170,0.011,0.820
324500,0.161,0.027,0.812
325000,0.161,0.021,0.819
325500,0.149,0.029,0.822
326000,0.146,0.035,0.820
326500,0.153,0.048,0.798
327000,0.154,0.029,0.817
327500,0.172,0.032,0.795
328000,0.153,0.022,0.825
328500,0.152,0.024,0.824
329000,0.152,0.012,0.836
329500,0.169,0.032,0.799
330000,0.162,0.020,0.819
330500,0.170,0.015,0.815
331000,0.194,0.024,0.782
331500,0.173,0.016,0.810
332000,0.165,0.006,0.829
332500,0.188,0.009,0.804
333000,0.199,0.013,0.788
333500,0.165,0.013,0.822
334000,0.194,0.012,0.794
334500,0.174,0.011,0.816
335000,0.151,0.015,0.834
335500,0.174,0.017,0.809
336000,0.189,0.015,0.796
336500,0.180,0.015,0.804
337000,0.192,0.013,0.795
337500,0.190,0.016,0.794
338000,0.185,0.011,0.803
338500,0.170,0.017,0.814
339000,0.193,0.018,0.790
339500,0.163,0.034,0.804
340000,0.155,0.013,0.832
340500,0.147,0.009,0.844
341000,0.177,0.015,0.808
341500,0.189,0.015,0.796
342000,0.195,0.017,0.788
342500,0.180,0.007,0.813
343000,0.177,0.011,0.812
343500,0.174,0.013,0.813
344000,0.175,0.018,0.807
344500,0.180,0.011,0.808
345000,0.172,0.013,0.816
345500,0.172,0.025,0.804
346000,0.175,0.013,0.811
346500,0.174,0.011,0.815
347000,0.184,0.011,0.805
347500,0.179,0.015,0.805
348000,0.186,0.018,0.796
348500,0.177,0.011,0.812
349000,0.176,0.013,0.811
349500,0.185,0.013,0.801
350000,0.178,0.021,0.801
350500,0.201,0.021,0.778
351000,0.205,0.015,0.779
351500,0.227,0.009,0.764
352000,0.215,0.011,0.774
352500,0.205,0.013,0.781
353000,0.205,0.009,0.785
353500,0.203,0.011,0.786
354000,0.188,0.006,0.806
354500,0.225,0.005,0.770
355000,0.209,0.006,0.784
355500,0.199,0.013,0.788
356000,0.192,0.011,0.797
356500,0.200,0.025,0.775
357000,0.165,0.015,0.821
357500,0.191,0.015,0.794
358000,0.175,0.009,0.816
358500,0.164,0.017,0.819
359000,0.186,0.026,0.788
359500,0.195,0.011,0.795
360000,0.190,0.015,0.796
360500,0.170,0.019,0.811
361000,0.159,0.019,0.823
361500,0.161,0.012,0.827
362000,0.193,0.016,0.791
362500,0.180,0.024,0.796
363000,0.185,0.020,0.794
363500,0.175,0.019,0.805
364000,0.186,0.022,0.792
364500,0.170,0.015,0.816
365000,0.165,0.018,0.817
365500,0.177,0.031,0.791
366000,0.172,0.030,0.798
366500,0.172,0.028,0.799
367000,0.164,0.029,0.807
367500,0.154,0.025,0.821
368000,0.160,0.030,0.810
368500,0.143,0.017,0.840
369000,0.163,0.025,0.812
369500,0.186,0.019,0.795
370000,0.182,0.018,0.801
370500,0.177,0.021,0.802
371000,0.162,0.032,0.807
371500,0.165,0.025,0.810
372000,0.165,0.015,0.821
372500,0.169,0.027,0.804
373000,0.160,0.025,0.815
373500,0.159,0.018,0.823
374000,0.196,0.018,0.787
374500,0.186,0.015,0.799
375000,0.175,0.018,0.806
375500,0.197,0.010,0.793
376000,0.185,0.012,0.803
376500,0.198,0.017,0.786
377000,0.193,0.015,0.792
377500,0.195,0.011,0.795
378000,0.183,0.013,0.804
378500,0.174,0.012,0.814
379000,0.154,0.011,0.835
379500,0.172,0.021,0.808
380000,0.175,0.011,0.814
380500,0.163,0.009,0.828
381000,0.167,0.022,0.811
381500,0.167,0.018,0.816
382000,0.169,0.026,0.804
382500,0.187,0.030,0.782
383000,0.168,0.028,0.804
383500,0.181,0.019,0.799
384000,0.180,0.016,0.804
384500,0.190,0.010,0.800
385000,0.193,0.011,0.796
385500,0.202,0.003,0.795
386000,0.186,0.007,0.806
386500,0.191,0.013,0.796
387000,0.205,0.006,0.788
387500,0.175,0.009,0.816
388000,0.189,0.011,0.801
388500,0.172,0.028,0.801
389000,0.171,0.026,0.802
389500,0.165,0.010,0.825
390000,0.177,0.023,0.799
390500,0.176,0.028,0.796
391000,0.195,0.019,0.786
391500,0.190,0.011,0.799
392000,0.188,0.011,0.802
392500,0.186,0.022,0.792
393000,0.190,0.011,0.799
393500,0.192,0.011,0.797
394000,0.206,0.009,0.786
394500,0.201,0.022,0.777
395000,0.193,0.015,0.792
395500,0.202,0.015,0.784
396000,0.160,0.021,0.820
396500,0.177,0.018,0.804
397000,0.164,0.015,0.822
397500,0.166,0.010,0.825
398000,0.168,0.013,0.820
398500,0.181,0.024,0.795
399000,0.165,0.024,0.811
399500,0.180,0.020,0.800
400000,0.192,0.015,0.793
400500,0.171,0.022,0.807
401000,0.168,0.017,0.815
401500,0.182,0.018,0.799
402000,0.196,0.009,0.795
402500,0.176,0.020,0.803
403000,0.194,0.015,0.791
403500,0.197,0.024,0.779
404000,0.199,0.021,0.781
404500,0.170,0.018,0.812
405000,0.174,0.016,0.810
405500,0.172,0.016,0.812
406000,0.151,0.041,0.808
406500,0.173,0.032,0.795
407000,0.162,0.021,0.818
407500,0.166,0.019,0.815
408000,0.182,0.019,0.799
408500,0.172,0.019,0.808
409000,0.183,0.018,0.799
409500,0.175,0.022,0.802
410000,0.190,0.018,0.793
410500,0.197,0.014,0.789
411000,0.193,0.013,0.794
411500,0.184,0.004,0.812
412000,0.182,0.006,0.812
412500,0.170,0.018,0.812
413000,0.197,0.011,0.792
413500,0.188,0.021,0.791
414000,0.212,0.014,0.773
414500,0.194,0.017,0.789
415000,0.162,0.021,0.817
415500,0.199,0.013,0.788
416000,0.213,0.006,0.781
416500,0.230,0.009,0.761
417000,0.198,0.007,0.795
417500,0.173,0.020,0.807
418000,0.180,0.018,0.802
418500,0.169,0.017,0.814
419000,0.171,0.019,0.810
419500,0.170,0.024,0.807
420000,0.172,0.011,0.818
420500,0.183,0.009,0.807
421000,0.174,0.017,0.809
421500,0.171,0.021,0.808
422000,0.175,0.012,0.813
422500,0.177,0.013,0.810
423000,0.154,0.021,0.825
423500,0.177,0.020,0.802
424000,0.171,0.036,0.793
424500,0.174,0.028,0.799
425000,0.168,0.015,0.817
425500,0.164,0.021,0.815
426000,0.159,0.028,0.814
426500,0.157,0.031,0.812
427000,0.163,0.020,0.818
427500,0.172,0.018,0.810
428000,0.185,0.016,0.798
428500,0.172,0.017,0.812
429000,0.160,0.013,0.827
429500,0.155,0.024,0.821
430000,0.167,0.022,0.811
430500,0.162,0.021,0.817
431000,0.165,0.031,0.804
431500,0.153,0.025,0.822
432000,0.169,0.019,0.811
432500,0.159,0.019,0.822
433000,0.152,0.020,0.828
433500,0.201,0.017,0.783
434000,0.188,0.015,0.798
434500,0.191,0.020,0.789
435000,0.185,0.011,0.803
435500,0.189,0.015,0.796
436000,0.196,0.018,0.786
436500,0.215,0.013,0.772
437000,0.172,0.007,0.821
437500,0.153,0.016,0.831
438000,0.165,0.027,0.808
438500,0.176,0.013,0.811
439000,0.154,0.019,0.826
439500,0.144,0.011,0.845
440000,0.158,0.019,0.824
440500,0.165,0.025,0.809
441000,0.165,0.017,0.818
441500,0.176,0.029,0.794
442000,0.180,0.030,0.789
442500,0.166,0.019,0.815
443000,0.171,0.015,0.814
443500,0.161,0.033,0.806
444000,0.150,0.023,0.827
444500,0.145,0.026,0.829
445000,0.165,0.021,0.815
445500,0.169,0.019,0.812
446000,0.173,0.024,0.803
446500,0.186,0.022,0.791
447000,0.190,0.017,0.793
447500,0.177,0.023,0.800
448000,0.194,0.017,0.789
448500,0.180,0.014,0.806
449000,0.170,0.009,0.822
449500,0.166,0.020,0.814
450000,0.172,0.013,0.815
450500,0.171,0.015,0.815
451000,0.150,0.022,0.827
451500,0.181,0.022,0.796
452000,0.187,0.015,0.797
452500,0.196,0.009,0.795
453000,0.191,0.005,0.803
453500,0.179,0.014,0.806
454000,0.176,0.029,0.795
454500,0.171,0.031,0.798
455000,0.173,0.027,0.800
455500,0.166,0.018,0.816
456000,0.165,0.013,0.823
456500,0.152,0.020,0.828
457000,0.188,0.014,0.798
457500,0.162,0.011,0.828
458000,0.153,0.016,0.831
458500,0.168,0.015,0.818
459000,0.187,0.015,0.798
459500,0.201,0.008,0.791
460000,0.181,0.019,0.799
460500,0.170,0.015,0.816
461000,0.162,0.019,0.819
461500,0.171,0.018,0.810
462000,0.195,0.006,0.799
462500,0.181,0.018,0.801
463000,0.161,0.014,0.825
463500,0.172,0.005,0.823
464000,0.177,0.035,0.787
464500,0.171,0.022,0.806
465000,0.174,0.017,0.810
465500,0.202,0.007,0.791
466000,0.209,0.009,0.783
466500,0.204,0.003,0.792
467000,0.181,0.019,0.799
467500,0.161,0.028,0.811
468000,0.164,0.021,0.815
468500,0.170,0.017,0.814
469000,0.189,0.011,0.800
469500,0.205,0.009,0.786
470000,0.176,0.003,0.821
470500,0.178,0.020,0.802
471000,0.189,0.022,0.789
471500,0.193,0.016,0.791
472000,0.200,0.009,0.791
472500,0.203,0.013,0.784
473000,0.205,0.011,0.784
473500,0.198,0.007,0.795
474000,0.166,0.011,0.824
474500,0.171,0.013,0.816
475000,0.178,0.021,0.801
475500,0.190,0.009,0.801
476000,0.203,0.011,0.787
476500,0.190,0.005,0.805
477000,0.201,0.005,0.794
477500,0.185,0.017,0.797
478000,0.188,0.011,0.801
478500,0.193,0.013,0.795
479000,0.193,0.008,0.799
479500,0.203,0.018,0.778
480000,0.177,0.017,0.806
480500,0.180,0.017,0.802
481000,0.172,0.013,0.816
481500,0.185,0.019,0.795
482000,0.163,0.024,0.814
482500,0.177,0.030,0.793
483000,0.161,0.022,0.818
483500,0.165,0.020,0.816
484000,0.169,0.022,0.809
484500,0.166,0.013,0.821
485000,0.188,0.004,0.808
485500,0.196,0.008,0.796
486000,0.196,0.009,0.796
486500,0.191,0.009,0.799
487000,0.163,0.019,0.819
487500,0.172,0.021,0.807
488000,0.159,0.025,0.816
488500,0.163,0.018,0.819
489000,0.158,0.009,0.833
489500,0.158,0.019,0.823
490000,0.176,0.021,0.803
490500,0.168,0.016,0.817
491000,0.161,0.017,0.823
491500,0.172,0.019,0.809
492000,0.174,0.013,0.813
492500,0.162,0.021,0.817
493000,0.170,0.012,0.819
493500,0.175,0.022,0.802
494000,0.179,0.017,0.804
494500,0.184,0.021,0.795
495000,0.182,0.033,0.786
495500,0.177,0.019,0.803
496000,0.166,0.025,0.809
496500,0.162,0.022,0.816
497000,0.168,0.022,0.810
497500,0.169,0.017,0.814
498000,0.156,0.022,0.822
498500,0.146,0.016,0.838
499000,0.151,0.024,0.825
499500,0.166,0.015,0.819
500000,0.150,0.015,0.834
500500,0.154,0.015,0.831
501000,0.158,0.014,0.829
501500,0.167,0.018,0.816
502000,0.166,0.028,0.806
502500,0.177,0.021,0.802
503000,0.155,0.019,0.825
503500,0.150,0.009,0.841
504000,0.166,0.013,0.821
504500,0.172,0.018,0.810
505000,0.193,0.013,0.794
505500,0.196,0.013,0.791
506000,0.168,0.021,0.810
506500,0.168,0.020,0.812
507000,0.170,0.024,0.806
507500,0.182,0.021,0.797
508000,0.179,0.018,0.803
508500,0.151,0.015,0.834
509000,0.141,0.018,0.841
509500,0.153,0.017,0.830
510000,0.159,0.015,0.826
510500,0.158,0.033,0.809
511000,0.178,0.022,0.800
511500,0.178,0.017,0.805
512000,0.186,0.009,0.806
512500,0.188,0.017,0.796
513000,0.168,0.024,0.808
513500,0.159,0.029,0.813
514000,0.165,0.023,0.812
514500,0.177,0.017,0.806
515000,0.181,0.028,0.791
515500,0.176,0.015,0.808
516000,0.172,0.015,0.813
516500,0.168,0.015,0.818
517000,0.142,0.022,0.835
517500,0.169,0.025,0.806
518000,0.152,0.019,0.829
518500,0.174,0.009,0.817
519000,0.198,0.009,0.793
519500,0.181,0.011,0.807
520000,0.186,0.016,0.798
520500,0.184,0.025,0.792
521000,0.186,0.021,0.792
521500,0.167,0.023,0.810
522000,0.168,0.023,0.809
522500,0.158,0.021,0.821
523000,0.178,0.011,0.811
523500,0.202,0.011,0.787
524000,0.190,0.018,0.792
524500,0.196,0.017,0.788
525000,0.185,0.014,0.801
525500,0.175,0.022,0.802
526000,0.180,0.021,0.798
526500,0.192,0.016,0.792
527000,0.175,0.023,0.801
527500,0.185,0.020,0.794
528000,0.186,0.012,0.802
528500,0.203,0.006,0.791
529000,0.178,0.020,0.801
529500,0.184,0.011,0.805
530000,0.173,0.013,0.814
530500,0.161,0.028,0.811
531000,0.152,0.018,0.830
531500,0.162,0.019,0.819
532000,0.159,0.015,0.826
532500,0.163,0.022,0.816
533000,0.180,0.021,0.799
533500,0.175,0.029,0.795
534000,0.184,0.021,0.794
534500,0.180,0.030,0.789
535000,0.173,0.021,0.805
535500,0.170,0.011,0.819
536000,0.172,0.013,0.814
536500,0.177,0.008,0.815
537000,0.166,0.015,0.819
537500,0.186,0.009,0.805
538000,0.194,0.011,0.796
538500,0.170,0.011,0.819
539000,0.201,0.022,0.777
539500,0.191,0.015,0.794
540000,0.201,0.013,0.785
540500,0.181,0.010,0.808
541000,0.165,0.018,0.818
541500,0.178,0.007,0.815
542000,0.189,0.017,0.794
542500,0.196,0.006,0.798
543000,0.209,0.005,0.786
543500,0.190,0.011,0.799
544000,0.175,0.011,0.814
544500,0.181,0.015,0.803
545000,0.160,0.016,0.825
545500,0.170,0.022,0.808
546000,0.172,0.015,0.813
546500,0.184,0.019,0.796
547000,0.170,0.019,0.810
547500,0.181,0.013,0.806
548000,0.172,0.037,0.791
548500,0.155,0.035,0.810
549000,0.144,0.037,0.819
549500,0.155,0.024,0.821
550000,0.167,0.015,0.819
550500,0.170,0.017,0.814
551000,0.177,0.007,0.816
551500,0.171,0.012,0.818
552000,0.191,0.011,0.798
552500,0.174,0.013,0.813
553000,0.171,0.009,0.820
553500,0.170,0.012,0.819
554000,0.167,0.011,0.822
554500,0.165,0.019,0.816
555000,0.159,0.019,0.822
555500,0.175,0.011,0.814
556000,0.188,0.018,0.794
556500,0.171,0.017,0.812
557000,0.183,0.012,0.805
557500,0.178,0.011,0.810
558000,0.189,0.009,0.802
558500,0.186,0.011,0.803
559000,0.176,0.010,0.814
559500,0.161,0.021,0.818
560000,0.145,0.017,0.838
560500,0.161,0.011,0.829
561000,0.160,0.024,0.817
561500,0.165,0.021,0.814
562000,0.188,0.016,0.796
562500,0.188,0.009,0.803
563000,0.184,0.023,0.793
563500,0.174,0.009,0.816
564000,0.182,0.011,0.808
564500,0.174,0.021,0.805
565000,0.179,0.018,0.803
565500,0.182,0.013,0.805
566000,0.173,0.019,0.807
566500,0.150,0.021,0.828
567000,0.151,0.024,0.825
567500,0.145,0.015,0.839
568000,0.175,0.019,0.806
568500,0.176,0.011,0.812
569000,0.159,0.013,0.828
569500,0.180,0.024,0.796
570000,0.182,0.017,0.800
570500,0.160,0.024,0.817
571000,0.160,0.029,0.812
571500,0.188,0.025,0.788
572000,0.181,0.016,0.803
572500,0.198,0.013,0.789
573000,0.201,0.021,0.779
573500,0.181,0.013,0.806
574000,0.160,0.018,0.822
574500,0.178,0.015,0.808
575000,0.185,0.010,0.805
575500,0.181,0.017,0.802
576000,0.169,0.012,0.820
576500,0.164,0.015,0.821
577000,0.169,0.013,0.819
577500,0.157,0.024,0.819
578000,0.143,0.039,0.818
578500,0.157,0.031,0.812
579000,0.159,0.029,0.812
579500,0.160,0.035,0.804
580000,0.166,0.021,0.813
580500,0.174,0.019,0.807
581000,0.172,0.020,0.808
581500,0.158,0.028,0.815
582000,0.153,0.025,0.822
582500,0.171,0.021,0.808
583000,0.169,0.011,0.820
583500,0.176,0.025,0.798
584000,0.178,0.032,0.790
584500,0.151,0.028,0.821
585000,0.165,0.034,0.801
585500,0.170,0.020,0.810
586000,0.184,0.011,0.804
586500,0.185,0.014,0.801
587000,0.173,0.007,0.819
587500,0.174,0.013,0.813
588000,0.172,0.013,0.814
588500,0.167,0.032,0.801
589000,0.179,0.018,0.802
589500,0.182,0.015,0.803
590000,0.170,0.017,0.814
590500,0.175,0.011,0.814
591000,0.173,0.013,0.814
591500,0.196,0.019,0.785
592000,0.196,0.017,0.787
592500,0.219,0.015,0.766
593000,0.204,0.009,0.787
593500,0.184,0.004,0.812
594000,0.203,0.013,0.784
594500,0.198,0.005,0.797
595000,0.174,0.005,0.821
595500,0.175,0.004,0.821
596000,0.153,0.019,0.828
596500,0.164,0.019,0.817
597000,0.165,0.011,0.824
597500,0.181,0.007,0.812
598000,0.166,0.022,0.812
598500,0.168,0.023,0.809
599000,0.164,0.019,0.817
599500,0.164,0.021,0.815
600000,0.183,0.018,0.799
600500,0.189,0.024,0.788
601000,0.194,0.015,0.791
601500,0.194,0.013,0.793
602000,0.152,0.020,0.828
602500,0.165,0.019,0.817
603000,0.157,0.027,0.816
603500,0.178,0.024,0.798
604000,0.175,0.011,0.814
604500,0.209,0.007,0.784
605000,0.191,0.007,0.802
605500,0.173,0.009,0.819
606000,0.179,0.014,0.806
606500,0.169,0.009,0.823
607000,0.203,0.006,0.791
607500,0.181,0.013,0.805
608000,0.196,0.006,0.798
608500,0.206,0.002,0.791
609000,0.194,0.009,0.797
609500,0.206,0.017,0.776
610000,0.222,0.015,0.764
610500,0.198,0.006,0.796
611000,0.178,0.012,0.810
611500,0.179,0.023,0.797
612000,0.161,0.025,0.815
612500,0.161,0.024,0.816
613000,0.189,0.014,0.797
613500,0.182,0.019,0.799
614000,0.185,0.016,0.798
614500,0.189,0.025,0.787
615000,0.186,0.014,0.799
615500,0.168,0.023,0.809
616000,0.178,0.016,0.806
616500,0.189,0.014,0.797
617000,0.182,0.010,0.808
617500,0.160,0.011,0.830
618000,0.165,0.033,0.802
618500,0.175,0.019,0.806
619000,0.158,0.035,0.807
619500,0.165,0.024,0.812
620000,0.145,0.034,0.822
620500,0.160,0.018,0.822
621000,0.158,0.015,0.828
621500,0.172,0.015,0.812
622000,0.197,0.018,0.785
622500,0.163,0.028,0.809
623000,0.188,0.028,0.785
623500,0.214,0.014,0.772
624000,0.216,0.013,0.770
624500,0.192,0.016,0.792
625000,0.180,0.016,0.803
625500,0.192,0.032,0.777
626000,0.192,0.018,0.790
626500,0.206,0.015,0.779
627000,0.210,0.013,0.778
627500,0.192,0.011,0.798
628000,0.181,0.006,0.812
628500,0.168,0.018,0.815
629000,0.173,0.013,0.814
629500,0.157,0.010,0.834
630000,0.172,0.007,0.820
630500,0.203,0.015,0.782
631000,0.190,0.021,0.789
631500,0.191,0.018,0.791
632000,0.188,0.016,0.796
632500,0.193,0.027,0.780
633000,0.145,0.028,0.827
633500,0.160,0.018,0.823
634000,0.169,0.011,0.820
634500,0.150,0.023,0.827
635000,0.158,0.012,0.831
635500,0.178,0.020,0.801
636000,0.195,0.021,0.784
636500,0.172,0.015,0.813
637000,0.174,0.027,0.798
637500,0.176,0.015,0.809
638000,0.161,0.013,0.827
638500,0.180,0.021,0.799
639000,0.173,0.018,0.808
639500,0.165,0.018,0.818
640000,0.168,0.015,0.818
640500,0.160,0.022,0.818
641000,0.153,0.018,0.829
641500,0.167,0.017,0.817
642000,0.191,0.013,0.796
642500,0.197,0.005,0.798
643000,0.201,0.005,0.794
643500,0.188,0.012,0.800
644000,0.178,0.022,0.799
644500,0.165,0.023,0.812
645000,0.165,0.021,0.814
645500,0.167,0.015,0.819
646000,0.184,0.015,0.801
646500,0.169,0.011,0.820
647000,0.161,0.023,0.817
647500,0.149,0.024,0.827
648000,0.151,0.018,0.832
648500,0.160,0.018,0.822
649000,0.167,0.013,0.820
649500,0.174,0.020,0.806
650000,0.186,0.029,0.784
650500,0.161,0.026,0.813
651000,0.170,0.016,0.814
651500,0.192,0.018,0.790
652000,0.183,0.011,0.805
652500,0.192,0.020,0.788
653000,0.169,0.025,0.805
653500,0.159,0.026,0.815
654000,0.157,0.022,0.821
654500,0.171,0.021,0.807
655000,0.174,0.020,0.805
655500,0.172,0.021,0.808
656000,0.175,0.013,0.812
656500,0.184,0.017,0.799
657000,0.192,0.008,0.800
657500,0.194,0.013,0.793
658000,0.171,0.015,0.814
658500,0.161,0.015,0.825
659000,0.182,0.018,0.799
659500,0.174,0.017,0.810
660000,0.161,0.035,0.804
660500,0.153,0.021,0.826
661000,0.165,0.015,0.820
661500,0.168,0.035,0.797
662000,0.157,0.028,0.815
662500,0.165,0.026,0.808
663000,0.161,0.021,0.819
663500,0.176,0.021,0.802
664000,0.199,0.019,0.782
664500,0.191,0.016,0.793
665000,0.183,0.009,0.807
665500,0.177,0.010,0.812
666000,0.163,0.021,0.816
666500,0.179,0.022,0.798
667000,0.192,0.022,0.786
667500,0.174,0.018,0.807
668000,0.174,0.024,0.803
668500,0.165,0.020,0.816
669000,0.196,0.009,0.795
669500,0.177,0.011,0.812
670000,0.161,0.021,0.819
670500,0.172,0.025,0.802
671000,0.155,0.019,0.825
671500,0.165,0.022,0.814
672000,0.166,0.021,0.813
672500,0.157,0.035,0.807
673000,0.168,0.029,0.803
673500,0.164,0.013,0.823
674000,0.160,0.012,0.829
674500,0.152,0.033,0.816
675000,0.165,0.029,0.806
675500,0.176,0.016,0.807
676000,0.142,0.024,0.834
676500,0.142,0.014,0.844
677000,0.149,0.027,0.824
677500,0.144,0.025,0.830
678000,0.170,0.023,0.807
678500,0.171,0.015,0.814
679000,0.179,0.011,0.810
679500,0.177,0.010,0.812
680000,0.176,0.006,0.818
680500,0.191,0.014,0.795
681000,0.185,0.019,0.796
681500,0.177,0.019,0.803
682000,0.185,0.017,0.798
682500,0.161,0.025,0.815
683000,0.159,0.023,0.818
683500,0.163,0.026,0.811
684000,0.166,0.019,0.815
684500,0.165,0.014,0.822
685000,0.203,0.007,0.789
685500,0.193,0.016,0.791
686000,0.204,0.011,0.784
686500,0.193,0.013,0.795
687000,0.175,0.010,0.815
687500,0.171,0.017,0.812
688000,0.162,0.021,0.818
688500,0.169,0.021,0.810
689000,0.161,0.030,0.808
689500,0.172,0.022,0.806
690000,0.155,0.032,0.813
690500,0.170,0.037,0.793
691000,0.171,0.029,0.799
691500,0.171,0.028,0.801
692000,0.181,0.018,0.800
692500,0.176,0.018,0.805
693000,0.175,0.021,0.804
693500,0.170,0.007,0.824
694000,0.194,0.004,0.802
694500,0.181,0.005,0.814
695000,0.184,0.013,0.804
695500,0.164,0.021,0.815
696000,0.179,0.033,0.788
696500,0.157,0.029,0.814
697000,0.181,0.018,0.800
697500,0.190,0.007,0.803
698000,0.183,0.015,0.802
698500,0.165,0.013,0.823
699000,0.165,0.018,0.817
699500,0.167,0.015,0.819
700000,0.170,0.016,0.815
700500,0.165,0.024,0.811
701000,0.171,0.022,0.807
701500,0.193,0.011,0.796
702000,0.180,0.013,0.807
702500,0.199,0.007,0.794
703000,0.184,0.003,0.813
703500,0.183,0.006,0.810
704000,0.162,0.014,0.824
704500,0.169,0.022,0.809
705000,0.189,0.017,0.794
705500,0.196,0.017,0.788
706000,0.182,0.020,0.797
706500,0.181,0.030,0.788
707000,0.172,0.032,0.796
707500,0.180,0.019,0.801
708000,0.189,0.013,0.799
708500,0.175,0.028,0.797
709000,0.189,0.025,0.787
709500,0.170,0.022,0.808
710000,0.159,0.029,0.813
710500,0.178,0.015,0.806
711000,0.181,0.007,0.811
711500,0.164,0.006,0.830
712000,0.192,0.015,0.794
712500,0.204,0.011,0.784
713000,0.200,0.013,0.787
713500,0.175,0.011,0.814
714000,0.171,0.025,0.805
714500,0.146,0.020,0.834
715000,0.197,0.019,0.784
715500,0.215,0.018,0.767
716000,0.186,0.017,0.798
716500,0.194,0.009,0.797
717000,0.194,0.026,0.780
717500,0.192,0.021,0.787
718000,0.175,0.018,0.807
718500,0.188,0.011,0.801
719000,0.167,0.011,0.823
719500,0.179,0.014,0.807
720000,0.199,0.014,0.787
720500,0.183,0.018,0.799
721000,0.166,0.021,0.814
721500,0.165,0.025,0.811
722000,0.158,0.022,0.821
722500,0.158,0.024,0.819
723000,0.175,0.015,0.810
723500,0.150,0.026,0.824
724000,0.162,0.018,0.820
724500,0.182,0.009,0.809
725000,0.183,0.015,0.801
725500,0.172,0.025,0.804
726000,0.161,0.025,0.815
726500,0.179,0.029,0.791
727000,0.181,0.014,0.805
727500,0.183,0.006,0.810
728000,0.175,0.009,0.816
728500,0.168,0.011,0.822
729000,0.158,0.018,0.824
729500,0.160,0.017,0.824
730000,0.167,0.007,0.826
730500,0.160,0.028,0.812
731000,0.162,0.026,0.811
731500,0.167,0.023,0.810
732000,0.183,0.014,0.803
732500,0.192,0.017,0.792
733000,0.172,0.011,0.818
733500,0.194,0.010,0.796
734000,0.198,0.005,0.797
734500,0.192,0.009,0.799
735000,0.178,0.011,0.810
735500,0.164,0.021,0.815
736000,0.174,0.024,0.802
736500,0.171,0.026,0.802
737000,0.181,0.026,0.792
737500,0.175,0.023,0.802
738000,0.172,0.009,0.819
738500,0.165,0.012,0.824
739000,0.153,0.030,0.816
739500,0.195,0.021,0.784
740000,0.229,0.024,0.748
740500,0.170,0.020,0.810
741000,0.178,0.017,0.804
741500,0.171,0.009,0.820
742000,0.161,0.019,0.820
742500,0.149,0.019,0.832
743000,0.161,0.026,0.813
743500,0.159,0.015,0.826
744000,0.169,0.033,0.799
744500,0.172,0.025,0.803
745000,0.164,0.011,0.825
745500,0.150,0.028,0.823
746000,0.161,0.022,0.817
746500,0.165,0.010,0.826
747000,0.178,0.007,0.815
747500,0.186,0.009,0.804
748000,0.186,0.010,0.803
748500,0.175,0.026,0.798
749000,0.171,0.021,0.809
749500,0.154,0.015,0.831
750000,0.165,0.022,0.813
750500,0.168,0.022,0.810
751000,0.165,0.013,0.823
751500,0.177,0.021,0.801
752000,0.170,0.032,0.799
752500,0.166,0.025,0.809
753000,0.152,0.025,0.823
753500,0.137,0.022,0.841
754000,0.143,0.017,0.841
754500,0.165,0.004,0.832
755000,0.183,0.009,0.808
755500,0.185,0.009,0.805
756000,0.178,0.009,0.812
756500,0.179,0.010,0.810
757000,0.201,0.007,0.792
757500,0.189,0.011,0.801
758000,0.180,0.022,0.798
758500,0.190,0.015,0.796
759000,0.174,0.019,0.806
759500,0.175,0.022,0.802
760000,0.164,0.007,0.829
760500,0.182,0.020,0.797
761000,0.193,0.022,0.784
761500,0.193,0.015,0.791
762000,0.171,0.017,0.812
762500,0.166,0.011,0.823
763000,0.151,0.018,0.831
763500,0.165,0.040,0.795
764000,0.159,0.025,0.817
764500,0.141,0.024,0.835
765000,0.132,0.030,0.838
765500,0.140,0.032,0.829
766000,0.145,0.025,0.830
766500,0.153,0.017,0.831
767000,0.162,0.025,0.814
767500,0.186,0.011,0.804
768000,0.189,0.013,0.798
768500,0.172,0.010,0.818
769000,0.162,0.020,0.819
769500,0.157,0.015,0.828
770000,0.181,0.021,0.798
770500,0.189,0.013,0.798
771000,0.196,0.018,0.787
771500,0.188,0.014,0.798
772000,0.157,0.026,0.817
772500,0.153,0.025,0.822
773000,0.163,0.023,0.815
773500,0.161,0.021,0.819
774000,0.168,0.021,0.810
774500,0.166,0.015,0.819
775000,0.188,0.009,0.803
775500,0.210,0.014,0.776
776000,0.193,0.022,0.784
776500,0.190,0.026,0.784
777000,0.190,0.032,0.778
777500,0.162,0.027,0.811
778000,0.170,0.025,0.806
778500,0.171,0.016,0.813
779000,0.181,0.020,0.799
779500,0.170,0.019,0.810
780000,0.168,0.018,0.815
780500,0.160,0.027,0.813
781000,0.152,0.015,0.833
781500,0.149,0.025,0.826
782000,0.164,0.017,0.819
782500,0.164,0.015,0.821
783000,0.164,0.025,0.810
783500,0.154,0.029,0.818
784000,0.149,0.026,0.824
784500,0.170,0.019,0.811
785000,0.157,0.009,0.834
785500,0.142,0.019,0.839
786000,0.148,0.023,0.829
786500,0.142,0.014,0.844
787000,0.170,0.012,0.819
787500,0.165,0.015,0.820
788000,0.162,0.024,0.815
788500,0.170,0.021,0.809
789000,0.152,0.019,0.828
789500,0.153,0.028,0.819
790000,0.159,0.027,0.815
790500,0.147,0.018,0.835
791000,0.155,0.026,0.818
791500,0.165,0.018,0.817
792000,0.168,0.022,0.810
792500,0.189,0.015,0.796
793000,0.182,0.015,0.803
793500,0.172,0.011,0.818
794000,0.184,0.009,0.807
794500,0.188,0.026,0.786
795000,0.166,0.028,0.807
795500,0.176,0.023,0.801
796000,0.171,0.018,0.811
796500,0.169,0.022,0.809
797000,0.168,0.029,0.802
797500,0.157,0.028,0.816
798000,0.168,0.031,0.801
798500,0.161,0.026,0.812
799000,0.177,0.021,0.801
799500,0.171,0.025,0.804
800000,0.209,0.013,0.777
800500,0.193,0.018,0.789
801000,0.184,0.019,0.797
801500,0.185,0.007,0.808
802000,0.189,0.019,0.792
802500,0.198,0.011,0.791
803000,0.184,0.018,0.797
803500,0.171,0.021,0.808
804000,0.186,0.006,0.807
804500,0.184,0.017,0.799
805000,0.192,0.016,0.792
805500,0.186,0.022,0.791
806000,0.183,0.017,0.799
806500,0.183,0.009,0.807
807000,0.193,0.007,0.800
807500,0.211,0.015,0.775
808000,0.213,0.025,0.762
808500,0.205,0.009,0.787
809000,0.202,0.018,0.780
809500,0.183,0.013,0.804
810000,0.175,0.005,0.820
810500,0.190,0.016,0.794
811000,0.202,0.013,0.785
811500,0.191,0.013,0.796
812000,0.192,0.006,0.802
812500,0.175,0.011,0.814
813000,0.184,0.018,0.798
813500,0.168,0.017,0.816
814000,0.167,0.009,0.824
814500,0.170,0.015,0.815
815000,0.172,0.013,0.816
815500,0.186,0.018,0.796
816000,0.163,0.031,0.806
816500,0.152,0.013,0.834
817000,0.155,0.018,0.827
817500,0.164,0.023,0.814
818000,0.170,0.021,0.809
818500,0.181,0.017,0.802
819000,0.186,0.012,0.802
819500,0.194,0.013,0.794
820000,0.201,0.026,0.773
820500,0.200,0.021,0.780
821000,0.206,0.011,0.783
821500,0.181,0.007,0.811
822000,0.166,0.017,0.818
822500,0.191,0.009,0.800
823000,0.222,0.007,0.771
823500,0.202,0.003,0.795
824000,0.206,0.002,0.793
824500,0.206,0.008,0.786
825000,0.169,0.010,0.821
825500,0.180,0.011,0.809
826000,0.178,0.020,0.802
826500,0.165,0.015,0.820
827000,0.179,0.023,0.797
827500,0.166,0.029,0.805
828000,0.165,0.025,0.810
828500,0.191,0.016,0.793
829000,0.161,0.025,0.814
829500,0.142,0.020,0.838
830000,0.150,0.025,0.825
830500,0.158,0.027,0.815
831000,0.162,0.043,0.794
831500,0.160,0.028,0.812
832000,0.193,0.022,0.785
832500,0.178,0.018,0.804
833000,0.174,0.024,0.803
833500,0.181,0.011,0.808
834000,0.163,0.003,0.834
834500,0.188,0.006,0.806
835000,0.160,0.028,0.812
835500,0.159,0.018,0.823
836000,0.172,0.013,0.815
836500,0.183,0.021,0.796
837000,0.177,0.021,0.801
837500,0.159,0.018,0.823
838000,0.159,0.037,0.804
838500,0.156,0.017,0.827
839000,0.176,0.012,0.812
839500,0.160,0.015,0.825
840000,0.147,0.009,0.843
840500,0.157,0.019,0.825
841000,0.192,0.010,0.798
841500,0.192,0.018,0.790
842000,0.169,0.024,0.808
842500,0.163,0.028,0.809
843000,0.161,0.028,0.811
843500,0.172,0.033,0.794
844000,0.185,0.021,0.794
844500,0.195,0.022,0.783
845000,0.216,0.024,0.760
845500,0.185,0.023,0.791
846000,0.183,0.009,0.807
846500,0.187,0.009,0.803
847000,0.191,0.004,0.805
847500,0.194,0.011,0.796
848000,0.204,0.007,0.789
848500,0.174,0.012,0.814
849000,0.197,0.002,0.801
849500,0.191,0.005,0.804
850000,0.180,0.010,0.809
850500,0.166,0.007,0.827
851000,0.194,0.009,0.797
851500,0.173,0.005,0.821
852000,0.191,0.007,0.802
852500,0.194,0.019,0.787
853000,0.205,0.013,0.781
853500,0.183,0.012,0.805
854000,0.180,0.007,0.812
854500,0.205,0.007,0.787
855000,0.180,0.018,0.802
855500,0.177,0.021,0.801
856000,0.176,0.017,0.807
856500,0.180,0.013,0.806
857000,0.176,0.013,0.811
857500,0.174,0.018,0.807
858000,0.164,0.024,0.812
858500,0.153,0.032,0.815
859000,0.158,0.029,0.814
859500,0.150,0.023,0.827
860000,0.148,0.028,0.824
860500,0.153,0.015,0.832
861000,0.157,0.035,0.808
861500,0.146,0.031,0.823
862000,0.163,0.037,0.799
862500,0.148,0.020,0.832
863000,0.152,0.017,0.831
863500,0.194,0.018,0.788
864000,0.170,0.015,0.815
864500,0.180,0.011,0.808
865000,0.185,0.009,0.806
865500,0.204,0.008,0.787
866000,0.199,0.015,0.786
866500,0.191,0.017,0.792
867000,0.178,0.016,0.805
867500,0.194,0.011,0.795
868000,0.183,0.017,0.800
868500,0.174,0.019,0.806
869000,0.154,0.020,0.826
869500,0.162,0.033,0.805
870000,0.194,0.016,0.790
870500,0.194,0.018,0.789
871000,0.185,0.017,0.798
871500,0.165,0.017,0.819
872000,0.176,0.022,0.802
872500,0.180,0.023,0.797
873000,0.187,0.020,0.793
873500,0.158,0.015,0.827
874000,0.164,0.017,0.820
874500,0.176,0.015,0.808
875000,0.179,0.028,0.793
875500,0.167,0.011,0.822
876000,0.173,0.013,0.815
876500,0.172,0.015,0.812
877000,0.168,0.009,0.824
877500,0.194,0.015,0.791
878000,0.180,0.023,0.797
878500,0.175,0.021,0.803
879000,0.156,0.020,0.824
879500,0.147,0.033,0.820
880000,0.172,0.024,0.804
880500,0.155,0.029,0.816
881000,0.140,0.032,0.829
881500,0.165,0.022,0.814
882000,0.149,0.014,0.837
882500,0.172,0.011,0.817
883000,0.185,0.013,0.802
883500,0.191,0.015,0.795
884000,0.173,0.018,0.809
884500,0.188,0.027,0.785
885000,0.185,0.011,0.803
885500,0.195,0.007,0.798
886000,0.178,0.015,0.808
886500,0.195,0.020,0.785
887000,0.183,0.027,0.789
887500,0.153,0.015,0.832
888000,0.159,0.029,0.811
888500,0.164,0.034,0.803
889000,0.165,0.022,0.812
889500,0.177,0.015,0.808
890000,0.175,0.017,0.808
890500,0.165,0.019,0.817
891000,0.147,0.018,0.835
891500,0.159,0.021,0.821
892000,0.174,0.027,0.798
892500,0.172,0.021,0.807
893000,0.159,0.017,0.825
893500,0.175,0.009,0.816
894000,0.162,0.013,0.826
894500,0.167,0.019,0.814
895000,0.180,0.022,0.797
895500,0.166,0.021,0.814
896000,0.170,0.017,0.814
896500,0.182,0.015,0.804
897000,0.190,0.022,0.788
897500,0.156,0.025,0.819
898000,0.162,0.018,0.821
898500,0.173,0.014,0.812
899000,0.167,0.016,0.817
899500,0.162,0.011,0.828
900000,0.160,0.011,0.830
900500,0.173,0.012,0.815
901000,0.170,0.037,0.793
901500,0.142,0.030,0.828
902000,0.162,0.032,0.807
902500,0.177,0.019,0.803
903000,0.186,0.013,0.800
903500,0.181,0.022,0.796
904000,0.180,0.009,0.810
904500,0.209,0.004,0.788
905000,0.176,0.004,0.820
905500,0.186,0.014,0.800
906000,0.180,0.019,0.800
906500,0.172,0.017,0.811
907000,0.162,0.033,0.806
907500,0.163,0.025,0.812
908000,0.158,0.025,0.817
908500,0.155,0.024,0.821
909000,0.169,0.018,0.814
909500,0.184,0.013,0.803
910000,0.157,0.022,0.821
910500,0.161,0.019,0.820
911000,0.183,0.018,0.799
911500,0.200,0.012,0.788
912000,0.182,0.012,0.805
912500,0.182,0.015,0.803
913000,0.192,0.023,0.785
913500,0.188,0.017,0.795
914000,0.195,0.016,0.789
914500,0.195,0.021,0.784
915000,0.153,0.022,0.825
915500,0.164,0.021,0.816
916000,0.161,0.029,0.810
916500,0.161,0.033,0.807
917000,0.154,0.024,0.823
917500,0.168,0.021,0.811
918000,0.200,0.016,0.784
918500,0.176,0.028,0.795
919000,0.199,0.025,0.776
919500,0.170,0.017,0.814
920000,0.163,0.018,0.819
920500,0.182,0.016,0.802
921000,0.170,0.031,0.799
921500,0.184,0.025,0.791
922000,0.205,0.018,0.776
922500,0.212,0.011,0.777
923000,0.215,0.004,0.780
923500,0.196,0.011,0.794
924000,0.188,0.015,0.798
924500,0.193,0.008,0.799
925000,0.199,0.015,0.786
925500,0.176,0.013,0.810
926000,0.176,0.024,0.801
926500,0.172,0.022,0.806
927000,0.156,0.015,0.829
927500,0.150,0.029,0.821
928000,0.162,0.030,0.808
928500,0.168,0.017,0.816
929000,0.155,0.020,0.825
929500,0.174,0.009,0.817
930000,0.177,0.013,0.810
930500,0.187,0.017,0.796
931000,0.205,0.022,0.773
931500,0.175,0.035,0.790
932000,0.159,0.029,0.812
932500,0.158,0.024,0.819
933000,0.145,0.021,0.834
933500,0.165,0.021,0.815
934000,0.163,0.022,0.815
934500,0.157,0.032,0.811
935000,0.163,0.021,0.816
935500,0.160,0.033,0.808
936000,0.158,0.018,0.825
936500,0.161,0.021,0.819
937000,0.159,0.028,0.814
937500,0.175,0.029,0.796
938000,0.165,0.035,0.800
938500,0.156,0.016,0.828
939000,0.189,0.014,0.797
939500,0.180,0.020,0.799
940000,0.183,0.018,0.799
940500,0.165,0.015,0.820
941000,0.188,0.015,0.797
941500,0.171,0.009,0.820
942000,0.161,0.016,0.823
942500,0.158,0.024,0.819
943000,0.144,0.024,0.832
943500,0.168,0.029,0.803
944000,0.162,0.021,0.818
944500,0.153,0.022,0.825
945000,0.160,0.025,0.815
945500,0.167,0.038,0.795
946000,0.161,0.039,0.800
946500,0.139,0.033,0.828
947000,0.141,0.019,0.840
947500,0.158,0.025,0.818
948000,0.179,0.014,0.806
948500,0.194,0.015,0.792
949000,0.184,0.011,0.804
949500,0.169,0.011,0.821
950000,0.164,0.017,0.819
950500,0.168,0.015,0.818
951000,0.164,0.021,0.816
951500,0.154,0.024,0.822
952000,0.181,0.015,0.803
952500,0.180,0.011,0.808
953000,0.155,0.020,0.825
953500,0.163,0.017,0.821
954000,0.163,0.013,0.825
954500,0.159,0.015,0.827
955000,0.176,0.013,0.812
955500,0.179,0.015,0.806
956000,0.172,0.019,0.809
956500,0.172,0.022,0.805
957000,0.175,0.032,0.793
957500,0.191,0.024,0.785
958000,0.178,0.015,0.806
958500,0.151,0.033,0.817
959000,0.148,0.031,0.821
959500,0.176,0.028,0.796
960000,0.161,0.020,0.819
960500,0.144,0.023,0.833
961000,0.148,0.029,0.823
961500,0.163,0.025,0.812
962000,0.167,0.020,0.814
962500,0.197,0.011,0.792
963000,0.188,0.011,0.801
963500,0.199,0.022,0.779
964000,0.189,0.015,0.796
964500,0.183,0.015,0.802
965000,0.184,0.025,0.790
965500,0.184,0.035,0.781
966000,0.190,0.025,0.786
966500,0.161,0.021,0.818
967000,0.141,0.024,0.835
967500,0.149,0.022,0.829
968000,0.149,0.021,0.830
968500,0.157,0.015,0.828
969000,0.178,0.015,0.806
969500,0.171,0.029,0.800
970000,0.167,0.024,0.810
970500,0.153,0.026,0.821
971000,0.176,0.029,0.795
971500,0.188,0.021,0.791
972000,0.171,0.026,0.802
972500,0.183,0.018,0.799
973000,0.212,0.012,0.776
973500,0.184,0.007,0.808
974000,0.212,0.013,0.774
974500,0.180,0.029,0.791
975000,0.184,0.025,0.790
975500,0.178,0.029,0.794
976000,0.176,0.023,0.801
976500,0.179,0.012,0.808
977000,0.167,0.018,0.816
977500,0.163,0.019,0.818
978000,0.168,0.020,0.812
978500,0.180,0.013,0.806
979000,0.182,0.020,0.798
979500,0.174,0.019,0.807
980000,0.164,0.024,0.813
980500,0.177,0.015,0.808
981000,0.194,0.015,0.791
981500,0.192,0.018,0.790
982000,0.158,0.023,0.819
982500,0.172,0.015,0.814
983000,0.198,0.015,0.788
983500,0.177,0.013,0.810
984000,0.183,0.009,0.808
984500,0.165,0.016,0.819
985000,0.171,0.019,0.810
985500,0.175,0.011,0.815
986000,0.155,0.012,0.833
986500,0.145,0.011,0.844
987000,0.159,0.028,0.814
987500,0.152,0.018,0.830
988000,0.137,0.028,0.836
988500,0.154,0.029,0.817
989000,0.155,0.033,0.812
989500,0.153,0.018,0.828
990000,0.171,0.009,0.820
990500,0.175,0.022,0.802
991000,0.190,0.021,0.789
991500,0.184,0.022,0.793
992000,0.193,0.018,0.790
992500,0.177,0.019,0.803
993000,0.164,0.017,0.820
993500,0.151,0.011,0.838
994000,0.147,0.023,0.830
994500,0.144,0.012,0.844
995000,0.170,0.027,0.803
995500,0.175,0.024,0.801
996000,0.164,0.027,0.809
996500,0.187,0.015,0.798
997000,0.165,0.015,0.821
997500,0.166,0.024,0.810
998000,0.167,0.026,0.806
998500,0.173,0.015,0.811
999000,0.171,0.018,0.811
999500,0.157,0.022,0.821
1000000,0.170,0.028,0.803
