time,n_A+p,n_B,n_AB
500,0.080,0.768,0.152
1000,0.080,0.698,0.222
1500,0.080,0.604,0.317
2000,0.080,0.548,0.372
2500,0.080,0.600,0.320
3000,0.080,0.604,0.316
3500,0.080,0.627,0.293
4000,0.080,0.593,0.328
4500,0.084,0.595,0.321
5000,0.082,0.580,0.339
5500,0.083,0.595,0.322
6000,0.083,0.549,0.368
6500,0.082,0.515,0.403
7000,0.081,0.548,0.371
7500,0.080,0.559,0.361
8000,0.080,0.555,0.365
8500,0.080,0.554,0.366
9000,0.080,0.566,0.354
9500,0.080,0.503,0.417
10000,0.084,0.519,0.397
10500,0.081,0.547,0.372
11000,0.082,0.561,0.357
11500,0.081,0.564,0.355
12000,0.081,0.566,0.354
12500,0.080,0.579,0.342
13000,0.080,0.557,0.363
13500,0.084,0.558,0.358
14000,0.082,0.547,0.371
14500,0.080,0.589,0.331
15000,0.083,0.557,0.360
15500,0.081,0.553,0.366
16000,0.080,0.595,0.325
16500,0.080,0.580,0.341
17000,0.082,0.568,0.351
17500,0.081,0.578,0.342
18000,0.081,0.550,0.369
18500,0.080,0.580,0.340
19000,0.084,0.556,0.360
19500,0.084,0.552,0.364
20000,0.082,0.532,0.386
20500,0.081,0.568,0.352
21000,0.081,0.595,0.325
21500,0.081,0.542,0.377
22000,0.081,0.547,0.372
22500,0.081,0.597,0.323
23000,0.081,0.629,0.290
23500,0.080,0.648,0.272
24000,0.080,0.614,0.306
24500,0.080,0.587,0.334
25000,0.080,0.574,0.347
25500,0.080,0.589,0.331
26000,0.080,0.580,0.341
26500,0.080,0.571,0.350
27000,0.080,0.536,0.384
27500,0.083,0.558,0.359
28000,0.085,0.573,0.343
28500,0.084,0.558,0.358
29000,0.080,0.572,0.348
29500,0.080,0.582,0.338
30000,0.080,0.600,0.321
30500,0.080,0.581,0.339
31000,0.080,0.602,0.318
31500,0.080,0.577,0.343
32000,0.080,0.561,0.359
32500,0.080,0.562,0.358
33000,0.080,0.594,0.327
33500,0.080,0.592,0.328
34000,0.080,0.618,0.302
34500,0.081,0.579,0.340
35000,0.080,0.569,0.352
35500,0.080,0.583,0.338
36000,0.080,0.577,0.343
36500,0.084,0.527,0.389
37000,0.081,0.532,0.387
37500,0.084,0.532,0.384
38000,0.084,0.519,0.397
38500,0.085,0.498,0.417
39000,0.082,0.538,0.380
39500,0.081,0.595,0.325
40000,0.080,0.577,0.344
40500,0.080,0.586,0.334
41000,0.080,0.570,0.350
41500,0.082,0.542,0.376
42000,0.081,0.559,0.360
42500,0.080,0.607,0.313
43000,0.080,0.609,0.311
43500,0.080,0.592,0.328
44000,0.081,0.603,0.316
44500,0.084,0.549,0.367
45000,0.081,0.593,0.326
45500,0.080,0.549,0.371
46000,0.080,0.541,0.379
46500,0.081,0.559,0.360
47000,0.081,0.558,0.361
47500,0.081,0.595,0.325
48000,0.080,0.622,0.298
48500,0.080,0.581,0.340
49000,0.080,0.569,0.352
49500,0.080,0.574,0.347
50000,0.080,0.592,0.328
50500,0.082,0.633,0.285
51000,0.080,0.606,0.314
51500,0.080,0.622,0.298
52000,0.080,0.580,0.340
52500,0.080,0.592,0.329
53000,0.080,0.539,0.381
53500,0.080,0.532,0.388
54000,0.080,0.595,0.325
54500,0.080,0.596,0.324
55000,0.083,0.626,0.291
55500,0.081,0.601,0.319
56000,0.080,0.598,0.322
56500,0.080,0.597,0.324
57000,0.080,0.579,0.341
57500,0.081,0.598,0.321
58000,0.081,0.588,0.332
58500,0.082,0.537,0.381
59000,0.081,0.519,0.400
59500,0.084,0.506,0.410
60000,0.084,0.550,0.366
60500,0.082,0.537,0.381
61000,0.081,0.514,0.405
61500,0.084,0.546,0.370
62000,0.081,0.580,0.339
62500,0.081,0.558,0.361
63000,0.082,0.541,0.377
63500,0.085,0.551,0.364
64000,0.081,0.530,0.389
64500,0.083,0.532,0.385
65000,0.080,0.504,0.416
65500,0.087,0.507,0.406
66000,0.084,0.569,0.348
66500,0.081,0.589,0.331
67000,0.081,0.588,0.332
67500,0.082,0.546,0.372
68000,0.081,0.560,0.359
68500,0.081,0.587,0.333
69000,0.081,0.599,0.321
69500,0.081,0.593,0.327
70000,0.081,0.584,0.336
70500,0.080,0.602,0.318
71000,0.080,0.623,0.297
71500,0.080,0.660,0.260
72000,0.080,0.627,0.293
72500,0.080,0.606,0.315
73000,0.080,0.587,0.333
73500,0.082,0.570,0.349
74000,0.080,0.591,0.330
74500,0.081,0.585,0.335
75000,0.080,0.566,0.355
75500,0.083,0.564,0.354
76000,0.083,0.550,0.367
76500,0.084,0.567,0.350
77000,0.081,0.576,0.344
77500,0.082,0.588,0.331
78000,0.081,0.584,0.335
78500,0.081,0.580,0.340
79000,0.080,0.594,0.327
79500,0.080,0.579,0.342
80000,0.080,0.585,0.336
80500,0.080,0.600,0.321
81000,0.080,0.587,0.334
81500,0.080,0.558,0.362
82000,0.080,0.592,0.329
82500,0.080,0.626,0.294
83000,0.080,0.588,0.332
83500,0.080,0.610,0.310
84000,0.080,0.592,0.329
84500,0.080,0.577,0.344
85000,0.080,0.579,0.341
85500,0.081,0.563,0.356
86000,0.082,0.583,0.336
86500,0.081,0.597,0.323
87000,0.080,0.609,0.311
87500,0.080,0.598,0.322
88000,0.080,0.522,0.398
88500,0.082,0.493,0.425
89000,0.081,0.534,0.385
89500,0.081,0.593,0.327
90000,0.080,0.624,0.296
90500,0.080,0.580,0.340
91000,0.080,0.594,0.327
91500,0.082,0.630,0.288
92000,0.081,0.591,0.329
92500,0.083,0.530,0.387
93000,0.081,0.567,0.353
93500,0.081,0.569,0.351
94000,0.080,0.545,0.375
94500,0.081,0.544,0.375
95000,0.080,0.560,0.360
95500,0.080,0.548,0.372
96000,0.080,0.528,0.392
96500,0.086,0.557,0.356
97000,0.082,0.601,0.318
97500,0.080,0.582,0.339
98000,0.080,0.564,0.357
98500,0.080,0.545,0.375
99000,0.080,0.532,0.388
99500,0.080,0.570,0.351
100000,0.080,0.583,0.338
100500,0.080,0.572,0.349
101000,0.083,0.603,0.315
101500,0.080,0.575,0.346
102000,0.080,0.527,0.393
102500,0.080,0.556,0.364
103000,0.083,0.545,0.372
103500,0.083,0.530,0.387
104000,0.082,0.504,0.414
104500,0.080,0.611,0.309
105000,0.080,0.578,0.343
105500,0.084,0.617,0.300
106000,0.082,0.626,0.292
106500,0.080,0.609,0.311
107000,0.080,0.589,0.332
107500,0.080,0.595,0.325
108000,0.080,0.577,0.343
108500,0.082,0.536,0.382
109000,0.080,0.573,0.348
109500,0.080,0.567,0.353
110000,0.080,0.568,0.353
110500,0.080,0.548,0.372
111000,0.080,0.543,0.377
111500,0.080,0.542,0.378
112000,0.080,0.578,0.343
112500,0.089,0.557,0.354
113000,0.082,0.590,0.329
113500,0.081,0.562,0.357
114000,0.081,0.567,0.352
114500,0.080,0.609,0.311
115000,0.080,0.582,0.339
115500,0.080,0.583,0.337
116000,0.085,0.582,0.333
116500,0.082,0.602,0.317
117000,0.080,0.587,0.334
117500,0.080,0.543,0.377
118000,0.080,0.535,0.385
118500,0.083,0.521,0.396
119000,0.082,0.528,0.390
119500,0.081,0.541,0.378
120000,0.082,0.566,0.353
120500,0.082,0.529,0.389
121000,0.081,0.509,0.410
121500,0.081,0.555,0.364
122000,0.080,0.595,0.325
122500,0.080,0.530,0.390
123000,0.080,0.527,0.393
123500,0.080,0.527,0.393
124000,0.080,0.546,0.374
124500,0.080,0.598,0.322
125000,0.080,0.650,0.270
125500,0.080,0.636,0.284
126000,0.080,0.637,0.283
126500,0.080,0.593,0.327
127000,0.083,0.561,0.356
127500,0.081,0.575,0.344
128000,0.083,0.592,0.325
128500,0.083,0.561,0.356
129000,0.081,0.534,0.385
129500,0.083,0.502,0.415
130000,0.081,0.547,0.372
130500,0.081,0.579,0.341
131000,0.083,0.588,0.330
131500,0.081,0.615,0.304
132000,0.080,0.621,0.299
132500,0.081,0.573,0.347
133000,0.080,0.572,0.348
133500,0.081,0.561,0.358
134000,0.081,0.584,0.336
134500,0.084,0.558,0.358
135000,0.081,0.541,0.378
135500,0.080,0.563,0.357
136000,0.080,0.588,0.333
136500,0.080,0.582,0.338
137000,0.080,0.594,0.327
137500,0.080,0.586,0.334
138000,0.080,0.595,0.325
138500,0.082,0.570,0.349
139000,0.080,0.593,0.328
139500,0.080,0.541,0.379
140000,0.080,0.557,0.363
140500,0.080,0.559,0.361
141000,0.080,0.577,0.343
141500,0.080,0.614,0.306
142000,0.081,0.574,0.345
142500,0.084,0.577,0.340
143000,0.080,0.606,0.315
143500,0.080,0.596,0.324
144000,0.080,0.586,0.335
144500,0.080,0.583,0.338
145000,0.080,0.571,0.349
145500,0.080,0.595,0.325
146000,0.083,0.557,0.360
146500,0.081,0.561,0.358
147000,0.081,0.607,0.313
147500,0.081,0.603,0.317
148000,0.081,0.561,0.358
148500,0.084,0.554,0.362
149000,0.081,0.578,0.342
149500,0.081,0.579,0.341
150000,0.080,0.571,0.349
150500,0.080,0.629,0.291
151000,0.080,0.564,0.356
151500,0.080,0.596,0.324
152000,0.082,0.626,0.292
152500,0.080,0.560,0.360
153000,0.080,0.593,0.327
153500,0.080,0.585,0.336
154000,0.080,0.590,0.331
154500,0.080,0.579,0.342
155000,0.080,0.587,0.334
155500,0.080,0.590,0.330
156000,0.084,0.612,0.305
156500,0.081,0.606,0.314
157000,0.080,0.562,0.358
157500,0.080,0.533,0.387
158000,0.080,0.547,0.373
158500,0.080,0.508,0.412
159000,0.080,0.522,0.398
159500,0.080,0.551,0.369
160000,0.080,0.555,0.365
160500,0.080,0.540,0.380
161000,0.085,0.559,0.356
161500,0.085,0.553,0.362
162000,0.083,0.511,0.406
162500,0.081,0.525,0.394
163000,0.081,0.530,0.389
163500,0.081,0.561,0.358
164000,0.080,0.583,0.337
164500,0.080,0.579,0.342
165000,0.083,0.579,0.339
165500,0.081,0.594,0.326
166000,0.081,0.604,0.316
166500,0.080,0.584,0.336
167000,0.080,0.586,0.334
167500,0.080,0.587,0.333
168000,0.080,0.550,0.370
168500,0.080,0.582,0.339
169000,0.080,0.573,0.347
169500,0.082,0.562,0.356
170000,0.080,0.538,0.382
170500,0.080,0.538,0.382
171000,0.080,0.532,0.388
171500,0.080,0.592,0.329
172000,0.080,0.568,0.353
172500,0.083,0.531,0.386
173000,0.081,0.579,0.341
173500,0.081,0.586,0.334
174000,0.081,0.596,0.324
174500,0.081,0.628,0.291
175000,0.080,0.584,0.337
175500,0.080,0.582,0.338
176000,0.080,0.604,0.316
176500,0.080,0.611,0.309
177000,0.080,0.553,0.367
177500,0.083,0.533,0.384
178000,0.082,0.516,0.402
178500,0.082,0.532,0.386
179000,0.081,0.525,0.394
179500,0.081,0.576,0.344
180000,0.080,0.556,0.364
180500,0.083,0.538,0.379
181000,0.083,0.531,0.386
181500,0.081,0.581,0.338
182000,0.080,0.549,0.371
182500,0.082,0.611,0.308
183000,0.081,0.525,0.394
183500,0.080,0.557,0.363
184000,0.080,0.567,0.354
184500,0.080,0.564,0.356
185000,0.084,0.536,0.380
185500,0.082,0.541,0.377
186000,0.080,0.540,0.380
186500,0.080,0.553,0.367
187000,0.080,0.587,0.334
187500,0.080,0.548,0.372
188000,0.081,0.576,0.344
188500,0.086,0.562,0.352
189000,0.082,0.534,0.384
189500,0.081,0.582,0.338
190000,0.080,0.591,0.330
190500,0.080,0.575,0.346
191000,0.080,0.590,0.331
191500,0.080,0.587,0.334
192000,0.080,0.595,0.325
192500,0.080,0.577,0.344
193000,0.080,0.541,0.379
193500,0.080,0.524,0.396
194000,0.083,0.509,0.408
194500,0.081,0.580,0.339
195000,0.080,0.627,0.293
195500,0.080,0.652,0.268
196000,0.080,0.596,0.325
196500,0.080,0.564,0.356
197000,0.081,0.580,0.340
197500,0.080,0.599,0.322
198000,0.080,0.601,0.319
198500,0.082,0.617,0.301
199000,0.081,0.618,0.302
199500,0.081,0.598,0.322
200000,0.083,0.572,0.346
200500,0.081,0.571,0.348
201000,0.081,0.584,0.336
201500,0.080,0.518,0.402
202000,0.083,0.523,0.394
202500,0.080,0.560,0.360
203000,0.080,0.595,0.325
203500,0.084,0.595,0.322
204000,0.082,0.629,0.289
204500,0.082,0.651,0.267
205000,0.083,0.630,0.287
205500,0.081,0.633,0.286
206000,0.080,0.568,0.353
206500,0.080,0.552,0.368
207000,0.080,0.593,0.328
207500,0.080,0.587,0.334
208000,0.080,0.581,0.340
208500,0.080,0.618,0.302
209000,0.080,0.601,0.319
209500,0.080,0.542,0.378
210000,0.080,0.591,0.329
210500,0.080,0.548,0.372
211000,0.086,0.520,0.394
211500,0.086,0.513,0.401
212000,0.082,0.526,0.392
212500,0.083,0.574,0.344
213000,0.081,0.575,0.345
213500,0.081,0.571,0.349
214000,0.080,0.592,0.328
214500,0.081,0.571,0.348
215000,0.080,0.591,0.329
215500,0.080,0.623,0.297
216000,0.080,0.630,0.290
216500,0.080,0.558,0.362
217000,0.080,0.572,0.348
217500,0.080,0.648,0.272
218000,0.080,0.638,0.282
218500,0.080,0.661,0.259
219000,0.080,0.662,0.258
219500,0.080,0.636,0.284
220000,0.080,0.611,0.309
220500,0.080,0.616,0.304
221000,0.080,0.601,0.320
221500,0.080,0.622,0.298
222000,0.080,0.625,0.295
222500,0.080,0.613,0.307
223000,0.080,0.596,0.325
223500,0.080,0.637,0.283
224000,0.080,0.603,0.318
224500,0.080,0.624,0.296
225000,0.080,0.600,0.320
225500,0.080,0.608,0.312
226000,0.084,0.574,0.343
226500,0.082,0.602,0.317
227000,0.080,0.636,0.284
227500,0.080,0.627,0.293
228000,0.080,0.590,0.331
228500,0.080,0.547,0.373
229000,0.080,0.563,0.357
229500,0.080,0.570,0.351
230000,0.080,0.608,0.312
230500,0.080,0.599,0.322
231000,0.080,0.590,0.330
231500,0.080,0.604,0.317
232000,0.080,0.613,0.307
232500,0.080,0.579,0.342
233000,0.080,0.573,0.348
233500,0.082,0.562,0.356
234000,0.083,0.554,0.363
234500,0.084,0.535,0.381
235000,0.080,0.552,0.368
235500,0.081,0.582,0.337
236000,0.080,0.591,0.330
236500,0.080,0.608,0.312
237000,0.080,0.585,0.335
237500,0.080,0.574,0.346
238000,0.086,0.539,0.375
238500,0.084,0.552,0.364
239000,0.081,0.545,0.374
239500,0.083,0.611,0.306
240000,0.081,0.601,0.319
240500,0.080,0.631,0.289
241000,0.080,0.610,0.310
241500,0.080,0.575,0.345
242000,0.080,0.586,0.334
242500,0.080,0.574,0.346
243000,0.082,0.602,0.317
243500,0.081,0.548,0.371
244000,0.083,0.548,0.369
244500,0.081,0.580,0.340
245000,0.080,0.564,0.356
245500,0.085,0.571,0.344
246000,0.085,0.584,0.332
246500,0.082,0.561,0.357
247000,0.082,0.549,0.369
247500,0.080,0.523,0.397
248000,0.082,0.497,0.421
248500,0.082,0.605,0.314
249000,0.085,0.538,0.377
249500,0.081,0.540,0.379
250000,0.080,0.567,0.353
250500,0.089,0.565,0.346
251000,0.084,0.538,0.378
251500,0.081,0.598,0.321
252000,0.081,0.581,0.339
252500,0.081,0.604,0.316
253000,0.080,0.627,0.293
253500,0.080,0.583,0.337
254000,0.080,0.577,0.344
254500,0.081,0.598,0.322
255000,0.080,0.574,0.347
255500,0.080,0.597,0.323
256000,0.080,0.606,0.314
256500,0.082,0.625,0.293
257000,0.080,0.645,0.275
257500,0.080,0.615,0.305
258000,0.080,0.598,0.322
258500,0.080,0.573,0.347
259000,0.082,0.533,0.385
259500,0.081,0.558,0.361
260000,0.080,0.561,0.359
260500,0.080,0.558,0.362
261000,0.085,0.552,0.363
261500,0.081,0.600,0.320
262000,0.081,0.612,0.308
262500,0.081,0.582,0.338
263000,0.081,0.564,0.356
263500,0.081,0.588,0.332
264000,0.081,0.598,0.322
264500,0.081,0.594,0.326
265000,0.082,0.582,0.336
265500,0.080,0.614,0.306
266000,0.080,0.610,0.310
266500,0.080,0.611,0.309
267000,0.080,0.628,0.292
267500,0.080,0.625,0.295
268000,0.080,0.604,0.316
268500,0.082,0.571,0.348
269000,0.081,0.541,0.378
269500,0.081,0.518,0.401
270000,0.084,0.534,0.382
270500,0.082,0.553,0.365
271000,0.081,0.560,0.359
271500,0.081,0.553,0.366
272000,0.080,0.592,0.328
272500,0.080,0.593,0.328
273000,0.080,0.573,0.347
273500,0.080,0.584,0.336
274000,0.080,0.595,0.325
274500,0.084,0.543,0.373
275000,0.085,0.513,0.402
275500,0.082,0.538,0.380
276000,0.081,0.562,0.357
276500,0.080,0.564,0.357
277000,0.083,0.561,0.356
277500,0.080,0.611,0.309
278000,0.080,0.610,0.310
278500,0.083,0.606,0.312
279000,0.083,0.564,0.354
279500,0.080,0.595,0.325
280000,0.080,0.606,0.315
280500,0.080,0.627,0.293
281000,0.080,0.583,0.337
281500,0.080,0.625,0.295
282000,0.080,0.594,0.326
282500,0.080,0.604,0.317
283000,0.080,0.580,0.341
283500,0.080,0.590,0.331
284000,0.080,0.540,0.380
284500,0.082,0.570,0.348
285000,0.081,0.592,0.328
285500,0.082,0.579,0.339
286000,0.081,0.549,0.370
286500,0.085,0.521,0.394
287000,0.081,0.560,0.359
287500,0.080,0.561,0.359
288000,0.080,0.602,0.318
288500,0.080,0.639,0.281
289000,0.080,0.634,0.286
289500,0.080,0.623,0.297
290000,0.081,0.593,0.327
290500,0.080,0.618,0.302
291000,0.080,0.599,0.321
291500,0.083,0.596,0.322
292000,0.080,0.543,0.377
292500,0.081,0.569,0.351
293000,0.080,0.567,0.354
293500,0.080,0.580,0.340
294000,0.080,0.592,0.328
294500,0.083,0.594,0.324
295000,0.082,0.535,0.383
295500,0.081,0.596,0.324
296000,0.080,0.578,0.342
296500,0.080,0.594,0.327
297000,0.084,0.628,0.288
297500,0.081,0.627,0.292
298000,0.080,0.574,0.347
298500,0.080,0.552,0.368
299000,0.083,0.545,0.372
299500,0.082,0.542,0.376
300000,0.080,0.574,0.346
300500,0.080,0.586,0.334
301000,0.080,0.600,0.321
301500,0.083,0.545,0.372
302000,0.081,0.555,0.364
302500,0.080,0.551,0.369
303000,0.083,0.563,0.354
303500,0.081,0.583,0.337
304000,0.081,0.569,0.350
304500,0.081,0.564,0.356
305000,0.080,0.527,0.393
305500,0.082,0.535,0.383
306000,0.081,0.533,0.386
306500,0.081,0.543,0.376
307000,0.080,0.560,0.360
307500,0.082,0.571,0.348
308000,0.081,0.551,0.368
308500,0.084,0.574,0.342
309000,0.081,0.598,0.322
309500,0.081,0.629,0.290
310000,0.080,0.630,0.290
310500,0.080,0.627,0.293
311000,0.080,0.630,0.290
311500,0.080,0.588,0.333
312000,0.080,0.586,0.335
312500,0.080,0.577,0.344
313000,0.080,0.595,0.326
313500,0.080,0.603,0.318
314000,0.085,0.614,0.301
314500,0.082,0.625,0.293
315000,0.084,0.576,0.340
315500,0.081,0.551,0.368
316000,0.080,0.613,0.307
316500,0.080,0.627,0.293
317000,0.080,0.603,0.317
317500,0.080,0.597,0.323
318000,0.080,0.569,0.351
318500,0.080,0.536,0.384
319000,0.080,0.601,0.320
319500,0.083,0.566,0.352
320000,0.081,0.554,0.365
320500,0.083,0.534,0.383
321000,0.080,0.565,0.356
321500,0.080,0.572,0.348
322000,0.080,0.592,0.329
322500,0.080,0.591,0.330
323000,0.080,0.581,0.339
323500,0.080,0.598,0.322
324000,0.080,0.632,0.288
324500,0.080,0.593,0.327
325000,0.082,0.610,0.308
325500,0.080,0.595,0.325
326000,0.081,0.587,0.333
326500,0.081,0.568,0.352
327000,0.080,0.582,0.339
327500,0.080,0.582,0.339
328000,0.080,0.600,0.320
328500,0.080,0.585,0.335
329000,0.080,0.596,0.324
329500,0.080,0.530,0.390
330000,0.080,0.568,0.352
330500,0.083,0.549,0.368
331000,0.081,0.566,0.354
331500,0.080,0.585,0.335
332000,0.080,0.588,0.333
332500,0.080,0.555,0.365
333000,0.080,0.571,0.350
333500,0.080,0.584,0.336
334000,0.080,0.586,0.335
334500,0.080,0.576,0.345
335000,0.080,0.564,0.357
335500,0.081,0.551,0.368
336000,0.083,0.537,0.380
336500,0.081,0.536,0.383
337000,0.080,0.570,0.350
337500,0.080,0.577,0.344
338000,0.081,0.569,0.351
338500,0.082,0.546,0.372
339000,0.081,0.547,0.372
339500,0.080,0.600,0.321
340000,0.080,0.646,0.274
340500,0.080,0.623,0.297
341000,0.080,0.608,0.312
341500,0.080,0.605,0.315
342000,0.080,0.578,0.342
342500,0.080,0.543,0.377
343000,0.080,0.595,0.326
343500,0.080,0.564,0.356
344000,0.081,0.584,0.336
344500,0.080,0.555,0.365
345000,0.080,0.577,0.344
345500,0.080,0.553,0.367
346000,0.081,0.513,0.406
346500,0.080,0.548,0.372
347000,0.080,0.582,0.338
347500,0.080,0.574,0.347
348000,0.081,0.523,0.396
348500,0.081,0.556,0.363
349000,0.080,0.567,0.354
349500,0.082,0.577,0.342
350000,0.084,0.580,0.337
350500,0.082,0.559,0.359
351000,0.081,0.601,0.318
351500,0.086,0.598,0.316
352000,0.084,0.551,0.365
352500,0.080,0.502,0.418
353000,0.082,0.525,0.393
353500,0.080,0.524,0.396
354000,0.080,0.574,0.346
354500,0.081,0.597,0.323
355000,0.080,0.556,0.364
355500,0.083,0.581,0.337
356000,0.082,0.607,0.311
356500,0.081,0.568,0.352
357000,0.081,0.568,0.352
357500,0.080,0.613,0.307
358000,0.080,0.613,0.307
358500,0.080,0.606,0.314
359000,0.080,0.610,0.310
359500,0.080,0.583,0.338
360000,0.080,0.610,0.310
360500,0.080,0.554,0.366
361000,0.080,0.557,0.363
361500,0.080,0.545,0.375
362000,0.080,0.604,0.316
362500,0.080,0.581,0.340
363000,0.080,0.610,0.310
363500,0.080,0.605,0.316
364000,0.080,0.556,0.364
364500,0.080,0.586,0.334
365000,0.080,0.578,0.343
365500,0.080,0.577,0.344
366000,0.080,0.570,0.350
366500,0.080,0.581,0.339
367000,0.080,0.568,0.352
367500,0.080,0.561,0.359
368000,0.083,0.604,0.314
368500,0.081,0.609,0.310
369000,0.080,0.601,0.319
369500,0.080,0.632,0.288
370000,0.080,0.634,0.286
370500,0.080,0.633,0.287
371000,0.080,0.580,0.341
371500,0.080,0.587,0.333
372000,0.080,0.597,0.323
372500,0.080,0.553,0.367
373000,0.080,0.567,0.354
373500,0.080,0.602,0.319
374000,0.080,0.632,0.288
374500,0.083,0.606,0.311
375000,0.081,0.606,0.314
375500,0.084,0.596,0.321
376000,0.083,0.570,0.348
376500,0.081,0.600,0.319
377000,0.080,0.616,0.304
377500,0.080,0.546,0.374
378000,0.084,0.555,0.361
378500,0.083,0.531,0.386
379000,0.082,0.496,0.422
379500,0.081,0.505,0.414
380000,0.080,0.540,0.380
380500,0.080,0.575,0.345
381000,0.080,0.560,0.360
381500,0.080,0.564,0.356
382000,0.081,0.514,0.405
382500,0.080,0.538,0.382
383000,0.080,0.592,0.328
383500,0.084,0.593,0.324
384000,0.081,0.614,0.305
384500,0.081,0.598,0.322
385000,0.080,0.622,0.298
385500,0.082,0.579,0.340
386000,0.081,0.584,0.335
386500,0.081,0.572,0.347
387000,0.080,0.633,0.287
387500,0.080,0.598,0.323
388000,0.080,0.574,0.347
388500,0.080,0.573,0.348
389000,0.080,0.580,0.341
389500,0.082,0.572,0.347
390000,0.081,0.566,0.354
390500,0.081,0.582,0.338
391000,0.081,0.601,0.319
391500,0.080,0.632,0.288
392000,0.083,0.626,0.291
392500,0.081,0.631,0.288
393000,0.081,0.600,0.320
393500,0.081,0.605,0.315
394000,0.080,0.611,0.309
394500,0.081,0.585,0.335
395000,0.080,0.574,0.347
395500,0.080,0.565,0.356
396000,0.081,0.540,0.379
396500,0.081,0.555,0.364
397000,0.081,0.580,0.340
397500,0.083,0.597,0.321
398000,0.084,0.568,0.349
398500,0.081,0.526,0.393
399000,0.080,0.539,0.381
399500,0.084,0.566,0.351
400000,0.083,0.618,0.299
400500,0.081,0.629,0.290
401000,0.080,0.628,0.292
401500,0.080,0.606,0.315
402000,0.080,0.592,0.328
402500,0.082,0.587,0.332
403000,0.080,0.579,0.342
403500,0.084,0.572,0.344
404000,0.082,0.573,0.346
404500,0.081,0.598,0.322
405000,0.083,0.597,0.320
405500,0.081,0.618,0.301
406000,0.080,0.616,0.304
406500,0.080,0.631,0.289
407000,0.080,0.576,0.345
407500,0.080,0.567,0.353
408000,0.080,0.591,0.330
408500,0.080,0.590,0.331
409000,0.080,0.610,0.310
409500,0.080,0.596,0.325
410000,0.081,0.589,0.330
410500,0.081,0.541,0.378
411000,0.080,0.546,0.374
411500,0.080,0.538,0.382
412000,0.082,0.518,0.400
412500,0.080,0.540,0.380
413000,0.080,0.592,0.329
413500,0.082,0.580,0.338
414000,0.081,0.616,0.304
414500,0.081,0.653,0.266
415000,0.080,0.640,0.280
415500,0.080,0.639,0.281
416000,0.080,0.649,0.271
416500,0.080,0.637,0.283
417000,0.080,0.637,0.283
417500,0.080,0.615,0.305
418000,0.080,0.612,0.308
418500,0.081,0.606,0.314
419000,0.080,0.555,0.365
419500,0.081,0.578,0.342
420000,0.081,0.564,0.356
420500,0.080,0.545,0.375
421000,0.080,0.561,0.359
421500,0.080,0.545,0.375
422000,0.080,0.577,0.344
422500,0.080,0.537,0.383
423000,0.080,0.557,0.363
423500,0.080,0.578,0.342
424000,0.083,0.597,0.321
424500,0.084,0.600,0.317
425000,0.082,0.598,0.321
425500,0.085,0.529,0.386
426000,0.082,0.550,0.368
426500,0.080,0.588,0.333
427000,0.083,0.528,0.389
427500,0.085,0.539,0.376
428000,0.085,0.553,0.362
428500,0.083,0.549,0.368
429000,0.081,0.614,0.305
429500,0.080,0.605,0.315
430000,0.080,0.537,0.383
430500,0.080,0.545,0.375
431000,0.080,0.546,0.374
431500,0.080,0.539,0.381
432000,0.080,0.547,0.373
432500,0.080,0.545,0.375
433000,0.082,0.564,0.354
433500,0.082,0.591,0.328
434000,0.081,0.597,0.322
434500,0.081,0.604,0.316
435000,0.080,0.579,0.341
435500,0.080,0.537,0.383
436000,0.081,0.517,0.402
436500,0.081,0.513,0.406
437000,0.082,0.554,0.364
437500,0.081,0.566,0.354
438000,0.081,0.580,0.340
438500,0.080,0.572,0.349
439000,0.081,0.589,0.331
439500,0.080,0.565,0.356
440000,0.080,0.603,0.318
440500,0.080,0.572,0.349
441000,0.082,0.566,0.353
441500,0.084,0.519,0.397
442000,0.087,0.500,0.413
442500,0.084,0.540,0.376
443000,0.080,0.590,0.330
443500,0.080,0.524,0.396
444000,0.081,0.581,0.339
444500,0.080,0.565,0.355
445000,0.080,0.579,0.341
445500,0.080,0.555,0.365
446000,0.080,0.601,0.320
446500,0.080,0.618,0.302
447000,0.080,0.629,0.291
447500,0.080,0.620,0.300
448000,0.080,0.622,0.298
448500,0.080,0.630,0.290
449000,0.080,0.609,0.311
449500,0.080,0.595,0.325
450000,0.080,0.616,0.304
450500,0.080,0.591,0.330
451000,0.080,0.596,0.324
451500,0.080,0.530,0.390
452000,0.083,0.530,0.387
452500,0.081,0.567,0.352
453000,0.081,0.591,0.329
453500,0.081,0.601,0.319
454000,0.081,0.626,0.293
454500,0.080,0.602,0.319
455000,0.080,0.607,0.314
455500,0.080,0.591,0.329
456000,0.080,0.567,0.354
456500,0.080,0.548,0.372
457000,0.080,0.574,0.347
457500,0.083,0.600,0.318
458000,0.081,0.625,0.294
458500,0.080,0.594,0.326
459000,0.080,0.595,0.325
459500,0.080,0.625,0.295
460000,0.080,0.586,0.334
460500,0.080,0.545,0.375
461000,0.080,0.535,0.385
461500,0.083,0.493,0.424
462000,0.082,0.539,0.379
462500,0.084,0.541,0.375
463000,0.082,0.519,0.399
463500,0.084,0.529,0.387
464000,0.086,0.519,0.395
464500,0.082,0.472,0.446
465000,0.084,0.524,0.392
465500,0.082,0.534,0.384
466000,0.082,0.554,0.364
466500,0.081,0.552,0.367
467000,0.080,0.583,0.338
467500,0.080,0.625,0.295
468000,0.080,0.599,0.322
468500,0.083,0.588,0.330
469000,0.081,0.633,0.286
469500,0.080,0.605,0.316
470000,0.084,0.589,0.328
470500,0.082,0.574,0.345
471000,0.085,0.593,0.323
471500,0.083,0.629,0.288
472000,0.081,0.626,0.293
472500,0.081,0.532,0.387
473000,0.080,0.555,0.365
473500,0.080,0.570,0.350
474000,0.080,0.581,0.339
474500,0.080,0.567,0.354
475000,0.080,0.576,0.345
475500,0.080,0.576,0.344
476000,0.080,0.604,0.317
476500,0.080,0.590,0.330
477000,0.080,0.613,0.307
477500,0.080,0.585,0.336
478000,0.080,0.597,0.323
478500,0.080,0.545,0.375
479000,0.082,0.550,0.368
479500,0.083,0.525,0.392
480000,0.083,0.494,0.423
480500,0.085,0.511,0.404
481000,0.082,0.539,0.379
481500,0.083,0.580,0.338
482000,0.081,0.613,0.307
482500,0.080,0.557,0.363
483000,0.081,0.568,0.351
483500,0.080,0.588,0.332
484000,0.080,0.603,0.318
484500,0.080,0.585,0.336
485000,0.080,0.620,0.300
485500,0.080,0.662,0.258
486000,0.080,0.586,0.334
486500,0.080,0.554,0.366
487000,0.082,0.555,0.363
487500,0.081,0.567,0.353
488000,0.081,0.576,0.344
488500,0.081,0.575,0.345
489000,0.080,0.598,0.322
489500,0.080,0.579,0.342
490000,0.084,0.604,0.312
490500,0.082,0.601,0.318
491000,0.082,0.603,0.316
491500,0.082,0.586,0.332
492000,0.081,0.578,0.342
492500,0.080,0.566,0.355
493000,0.080,0.522,0.398
493500,0.080,0.545,0.375
494000,0.081,0.568,0.351
494500,0.080,0.574,0.346
495000,0.080,0.577,0.344
495500,0.080,0.557,0.363
496000,0.080,0.594,0.326
496500,0.082,0.565,0.354
497000,0.080,0.583,0.338
497500,0.080,0.618,0.302
498000,0.080,0.598,0.322
498500,0.080,0.625,0.295
499000,0.080,0.550,0.370
499500,0.080,0.581,0.340
500000,0.080,0.607,0.313
500500,0.080,0.628,0.292
501000,0.080,0.604,0.316
501500,0.080,0.591,0.329
502000,0.080,0.545,0.375
502500,0.083,0.543,0.374
503000,0.080,0.520,0.400
503500,0.084,0.586,0.331
504000,0.082,0.574,0.345
504500,0.081,0.576,0.344
505000,0.081,0.578,0.342
505500,0.081,0.573,0.347
506000,0.080,0.590,0.330
506500,0.081,0.591,0.329
507000,0.082,0.598,0.321
507500,0.080,0.577,0.344
508000,0.082,0.523,0.395
508500,0.080,0.573,0.348
509000,0.080,0.583,0.338
509500,0.080,0.594,0.326
510000,0.080,0.623,0.297
510500,0.080,0.588,0.332
511000,0.080,0.603,0.317
511500,0.080,0.579,0.342
512000,0.080,0.598,0.323
512500,0.080,0.592,0.329
513000,0.080,0.592,0.329
513500,0.083,0.566,0.352
514000,0.081,0.607,0.313
514500,0.080,0.596,0.325
515000,0.080,0.615,0.305
515500,0.080,0.634,0.286
516000,0.082,0.565,0.353
516500,0.081,0.576,0.344
517000,0.081,0.600,0.320
517500,0.080,0.578,0.343
518000,0.080,0.575,0.345
518500,0.080,0.595,0.325
519000,0.080,0.602,0.318
519500,0.083,0.608,0.309
520000,0.081,0.596,0.324
520500,0.080,0.615,0.305
521000,0.080,0.605,0.315
521500,0.080,0.605,0.315
522000,0.082,0.578,0.341
522500,0.081,0.520,0.399
523000,0.080,0.583,0.338
523500,0.080,0.590,0.331
524000,0.081,0.600,0.320
524500,0.080,0.629,0.291
525000,0.080,0.629,0.291
525500,0.080,0.570,0.351
526000,0.080,0.566,0.355
526500,0.080,0.585,0.336
527000,0.080,0.591,0.329
527500,0.080,0.622,0.298
528000,0.080,0.552,0.368
528500,0.080,0.575,0.346
529000,0.080,0.544,0.376
529500,0.080,0.561,0.359
530000,0.080,0.594,0.326
530500,0.080,0.593,0.327
531000,0.080,0.573,0.348
531500,0.080,0.600,0.321
532000,0.080,0.577,0.343
532500,0.080,0.541,0.379
533000,0.080,0.583,0.337
533500,0.080,0.582,0.339
534000,0.080,0.590,0.330
534500,0.080,0.612,0.308
535000,0.080,0.623,0.297
535500,0.080,0.616,0.304
536000,0.080,0.562,0.358
536500,0.083,0.527,0.390
537000,0.081,0.532,0.387
537500,0.080,0.536,0.384
538000,0.080,0.582,0.338
538500,0.080,0.610,0.310
539000,0.080,0.639,0.281
539500,0.080,0.598,0.322
540000,0.080,0.555,0.365
540500,0.083,0.542,0.375
541000,0.081,0.552,0.367
541500,0.081,0.557,0.362
542000,0.081,0.579,0.341
542500,0.080,0.573,0.347
543000,0.080,0.581,0.339
543500,0.080,0.587,0.333
544000,0.080,0.555,0.365
544500,0.080,0.575,0.345
545000,0.080,0.583,0.337
545500,0.080,0.543,0.377
546000,0.080,0.545,0.375
546500,0.080,0.567,0.353
547000,0.082,0.553,0.365
547500,0.083,0.556,0.361
548000,0.085,0.551,0.364
548500,0.082,0.556,0.362
549000,0.080,0.603,0.317
549500,0.080,0.636,0.284
550000,0.080,0.612,0.308
550500,0.080,0.626,0.294
551000,0.080,0.631,0.289
551500,0.080,0.608,0.312
552000,0.080,0.590,0.330
552500,0.080,0.591,0.329
553000,0.080,0.546,0.374
553500,0.080,0.581,0.340
554000,0.080,0.557,0.363
554500,0.080,0.595,0.326
555000,0.082,0.613,0.305
555500,0.081,0.575,0.344
556000,0.080,0.576,0.345
556500,0.080,0.583,0.337
557000,0.083,0.608,0.309
557500,0.081,0.598,0.322
558000,0.080,0.606,0.315
558500,0.080,0.594,0.327
559000,0.080,0.573,0.347
559500,0.080,0.613,0.307
560000,0.080,0.583,0.337
560500,0.080,0.560,0.360
561000,0.080,0.557,0.363
561500,0.080,0.525,0.395
562000,0.085,0.525,0.390
562500,0.083,0.567,0.351
563000,0.081,0.572,0.348
563500,0.081,0.548,0.371
564000,0.080,0.572,0.349
564500,0.080,0.560,0.360
565000,0.080,0.568,0.352
565500,0.080,0.586,0.335
566000,0.080,0.582,0.338
566500,0.080,0.602,0.319
567000,0.080,0.583,0.337
567500,0.082,0.576,0.343
568000,0.081,0.572,0.348
568500,0.084,0.560,0.356
569000,0.082,0.583,0.336
569500,0.080,0.603,0.318
570000,0.080,0.627,0.293
570500,0.080,0.571,0.349
571000,0.080,0.593,0.327
571500,0.083,0.526,0.391
572000,0.084,0.548,0.368
572500,0.082,0.569,0.350
573000,0.081,0.566,0.354
573500,0.081,0.605,0.315
574000,0.080,0.613,0.307
574500,0.080,0.634,0.286
575000,0.080,0.616,0.304
575500,0.081,0.609,0.310
576000,0.081,0.579,0.341
576500,0.080,0.564,0.357
577000,0.083,0.615,0.302
577500,0.081,0.590,0.329
578000,0.082,0.556,0.362
578500,0.081,0.526,0.393
579000,0.080,0.552,0.368
579500,0.080,0.557,0.363
580000,0.080,0.549,0.371
580500,0.080,0.537,0.383
581000,0.080,0.555,0.365
581500,0.080,0.544,0.376
582000,0.080,0.542,0.378
582500,0.080,0.535,0.385
583000,0.080,0.566,0.354
583500,0.080,0.582,0.338
584000,0.082,0.574,0.344
584500,0.082,0.560,0.358
585000,0.085,0.555,0.360
585500,0.082,0.542,0.376
586000,0.081,0.526,0.393
586500,0.080,0.577,0.343
587000,0.080,0.552,0.368
587500,0.082,0.544,0.374
588000,0.080,0.563,0.357
588500,0.083,0.572,0.346
589000,0.081,0.612,0.307
589500,0.081,0.622,0.298
590000,0.080,0.589,0.332
590500,0.080,0.605,0.316
591000,0.080,0.601,0.320
591500,0.080,0.612,0.308
592000,0.080,0.571,0.350
592500,0.080,0.544,0.376
593000,0.084,0.545,0.371
593500,0.083,0.556,0.361
594000,0.082,0.552,0.366
594500,0.082,0.558,0.360
595000,0.082,0.541,0.377
595500,0.081,0.539,0.380
596000,0.084,0.567,0.349
596500,0.081,0.524,0.395
597000,0.082,0.578,0.341
597500,0.081,0.588,0.332
598000,0.080,0.618,0.302
598500,0.080,0.575,0.346
599000,0.080,0.578,0.342
599500,0.080,0.590,0.331
600000,0.080,0.582,0.339
600500,0.080,0.577,0.343
601000,0.083,0.578,0.340
601500,0.081,0.578,0.342
602000,0.083,0.597,0.321
602500,0.083,0.596,0.321
603000,0.081,0.598,0.322
603500,0.081,0.625,0.294
604000,0.081,0.568,0.352
604500,0.081,0.613,0.307
605000,0.080,0.598,0.322
605500,0.080,0.610,0.310
606000,0.080,0.570,0.350
606500,0.083,0.524,0.393
607000,0.088,0.506,0.406
607500,0.086,0.521,0.393
608000,0.081,0.523,0.396
608500,0.085,0.523,0.392
609000,0.081,0.560,0.359
609500,0.080,0.573,0.348
610000,0.083,0.602,0.316
610500,0.081,0.591,0.329
611000,0.080,0.609,0.311
611500,0.081,0.644,0.275
612000,0.080,0.606,0.315
612500,0.080,0.620,0.300
613000,0.080,0.604,0.317
613500,0.080,0.575,0.346
614000,0.080,0.597,0.323
614500,0.080,0.592,0.328
615000,0.080,0.594,0.327
615500,0.080,0.609,0.311
616000,0.080,0.621,0.299
616500,0.080,0.584,0.337
617000,0.080,0.555,0.365
617500,0.080,0.543,0.377
618000,0.080,0.555,0.365
618500,0.080,0.536,0.384
619000,0.080,0.531,0.389
619500,0.080,0.525,0.395
620000,0.080,0.510,0.410
620500,0.080,0.578,0.343
621000,0.080,0.574,0.347
621500,0.080,0.570,0.350
622000,0.080,0.528,0.392
622500,0.084,0.525,0.391
623000,0.084,0.560,0.356
623500,0.081,0.563,0.357
624000,0.083,0.545,0.372
624500,0.080,0.555,0.365
625000,0.080,0.540,0.380
625500,0.080,0.504,0.416
626000,0.080,0.521,0.399
626500,0.083,0.558,0.359
627000,0.081,0.530,0.389
627500,0.082,0.536,0.382
628000,0.081,0.618,0.301
628500,0.080,0.583,0.337
629000,0.080,0.550,0.370
629500,0.080,0.575,0.345
630000,0.080,0.573,0.347
630500,0.080,0.572,0.349
631000,0.080,0.580,0.340
631500,0.080,0.567,0.353
632000,0.080,0.571,0.350
632500,0.083,0.550,0.367
633000,0.081,0.565,0.355
633500,0.085,0.584,0.332
634000,0.081,0.589,0.331
634500,0.080,0.642,0.278
635000,0.080,0.583,0.338
635500,0.080,0.558,0.362
636000,0.080,0.575,0.346
636500,0.080,0.577,0.343
637000,0.080,0.588,0.332
637500,0.080,0.585,0.336
638000,0.080,0.603,0.318
638500,0.080,0.622,0.298
639000,0.080,0.658,0.262
639500,0.080,0.592,0.328
640000,0.080,0.626,0.294
640500,0.080,0.647,0.273
641000,0.080,0.615,0.305
641500,0.080,0.633,0.287
642000,0.080,0.590,0.331
642500,0.080,0.633,0.287
643000,0.080,0.624,0.296
643500,0.080,0.581,0.339
644000,0.080,0.537,0.383
644500,0.080,0.570,0.350
645000,0.080,0.584,0.337
645500,0.080,0.587,0.333
646000,0.080,0.580,0.340
646500,0.082,0.583,0.336
647000,0.081,0.597,0.323
647500,0.080,0.583,0.337
648000,0.082,0.532,0.386
648500,0.080,0.570,0.350
649000,0.080,0.554,0.366
649500,0.082,0.616,0.302
650000,0.081,0.611,0.308
650500,0.081,0.585,0.335
651000,0.080,0.579,0.341
651500,0.080,0.597,0.324
652000,0.080,0.608,0.312
652500,0.080,0.636,0.284
653000,0.080,0.629,0.291
653500,0.080,0.597,0.324
654000,0.080,0.552,0.368
654500,0.081,0.579,0.341
655000,0.081,0.565,0.355
655500,0.080,0.579,0.341
656000,0.080,0.624,0.296
656500,0.080,0.571,0.350
657000,0.081,0.598,0.322
657500,0.081,0.582,0.338
658000,0.083,0.588,0.329
658500,0.082,0.635,0.283
659000,0.081,0.619,0.300
659500,0.083,0.584,0.333
660000,0.080,0.564,0.357
660500,0.080,0.579,0.341
661000,0.080,0.627,0.293
661500,0.080,0.639,0.281
662000,0.080,0.592,0.329
662500,0.080,0.622,0.298
663000,0.080,0.603,0.318
663500,0.080,0.564,0.356
664000,0.080,0.565,0.356
664500,0.080,0.574,0.346
665000,0.080,0.595,0.325
665500,0.080,0.580,0.340
666000,0.080,0.587,0.334
666500,0.080,0.574,0.346
667000,0.080,0.592,0.329
667500,0.080,0.585,0.336
668000,0.080,0.567,0.353
668500,0.080,0.542,0.378
669000,0.080,0.539,0.381
669500,0.080,0.568,0.353
670000,0.080,0.577,0.344
670500,0.080,0.585,0.335
671000,0.080,0.573,0.347
671500,0.080,0.566,0.355
672000,0.083,0.523,0.394
672500,0.082,0.521,0.397
673000,0.081,0.491,0.428
673500,0.080,0.523,0.397
674000,0.080,0.545,0.375
674500,0.080,0.558,0.362
675000,0.088,0.575,0.337
675500,0.083,0.565,0.353
676000,0.081,0.562,0.357
676500,0.081,0.563,0.357
677000,0.080,0.537,0.383
677500,0.080,0.538,0.382
678000,0.080,0.560,0.360
678500,0.080,0.555,0.365
679000,0.081,0.585,0.334
679500,0.080,0.635,0.285
680000,0.082,0.605,0.314
680500,0.080,0.618,0.302
681000,0.080,0.584,0.336
681500,0.080,0.583,0.337
682000,0.080,0.583,0.338
682500,0.080,0.581,0.340
683000,0.080,0.568,0.352
683500,0.081,0.533,0.386
684000,0.081,0.547,0.372
684500,0.084,0.555,0.361
685000,0.084,0.541,0.375
685500,0.083,0.516,0.401
686000,0.082,0.556,0.362
686500,0.080,0.602,0.319
687000,0.080,0.573,0.347
687500,0.080,0.614,0.306
688000,0.080,0.627,0.293
688500,0.080,0.657,0.263
689000,0.080,0.615,0.305
689500,0.080,0.606,0.315
690000,0.080,0.582,0.339
690500,0.080,0.584,0.337
691000,0.080,0.604,0.316
691500,0.080,0.544,0.376
692000,0.080,0.571,0.349
692500,0.080,0.567,0.354
693000,0.080,0.598,0.322
693500,0.080,0.592,0.329
694000,0.080,0.589,0.331
694500,0.080,0.584,0.337
695000,0.080,0.612,0.308
695500,0.080,0.567,0.353
696000,0.080,0.580,0.340
696500,0.080,0.589,0.332
697000,0.080,0.557,0.363
697500,0.080,0.582,0.339
698000,0.080,0.599,0.321
698500,0.080,0.544,0.376
699000,0.080,0.534,0.386
699500,0.080,0.544,0.376
700000,0.084,0.583,0.333
700500,0.081,0.592,0.328
701000,0.081,0.590,0.330
701500,0.080,0.587,0.333
702000,0.080,0.569,0.351
702500,0.082,0.575,0.344
703000,0.080,0.625,0.295
703500,0.080,0.564,0.356
704000,0.080,0.562,0.358
704500,0.083,0.563,0.355
705000,0.084,0.549,0.367
705500,0.081,0.528,0.391
706000,0.081,0.543,0.376
706500,0.082,0.543,0.375
707000,0.081,0.567,0.353
707500,0.080,0.601,0.319
708000,0.080,0.620,0.300
708500,0.080,0.600,0.321
709000,0.080,0.627,0.293
709500,0.080,0.621,0.299
710000,0.080,0.605,0.316
710500,0.080,0.617,0.303
711000,0.080,0.613,0.307
711500,0.080,0.561,0.359
712000,0.080,0.524,0.396
712500,0.082,0.470,0.448
713000,0.086,0.510,0.403
713500,0.085,0.525,0.390
714000,0.081,0.549,0.370
714500,0.080,0.587,0.334
715000,0.080,0.586,0.334
715500,0.080,0.629,0.291
716000,0.080,0.594,0.326
716500,0.080,0.585,0.335
717000,0.080,0.603,0.318
717500,0.080,0.612,0.308
718000,0.080,0.614,0.306
718500,0.080,0.560,0.360
719000,0.080,0.568,0.353
719500,0.080,0.568,0.353
720000,0.080,0.610,0.310
720500,0.080,0.565,0.356
721000,0.083,0.543,0.374
721500,0.081,0.548,0.371
722000,0.080,0.604,0.317
722500,0.083,0.603,0.314
723000,0.080,0.539,0.381
723500,0.080,0.568,0.353
724000,0.080,0.570,0.350
724500,0.080,0.554,0.366
725000,0.080,0.586,0.335
725500,0.080,0.597,0.323
726000,0.080,0.625,0.295
726500,0.080,0.574,0.346
727000,0.082,0.534,0.384
727500,0.082,0.524,0.394
728000,0.083,0.559,0.358
728500,0.082,0.552,0.366
729000,0.083,0.554,0.363
729500,0.082,0.610,0.309
730000,0.081,0.626,0.293
730500,0.080,0.641,0.279
731000,0.080,0.619,0.301
731500,0.080,0.611,0.309
732000,0.080,0.606,0.314
732500,0.080,0.594,0.326
733000,0.080,0.603,0.318
733500,0.080,0.594,0.327
734000,0.080,0.632,0.288
734500,0.080,0.608,0.312
735000,0.080,0.627,0.293
735500,0.080,0.586,0.335
736000,0.080,0.627,0.293
736500,0.080,0.655,0.265
737000,0.082,0.622,0.297
737500,0.080,0.609,0.311
738000,0.080,0.624,0.296
738500,0.080,0.552,0.368
739000,0.083,0.556,0.361
739500,0.080,0.553,0.367
740000,0.085,0.535,0.380
740500,0.082,0.538,0.380
741000,0.080,0.588,0.332
741500,0.082,0.590,0.328
742000,0.081,0.553,0.366
742500,0.081,0.589,0.331
743000,0.080,0.595,0.326
743500,0.080,0.596,0.325
744000,0.080,0.560,0.360
744500,0.080,0.559,0.361
745000,0.083,0.539,0.378
745500,0.081,0.559,0.360
746000,0.085,0.571,0.344
746500,0.081,0.545,0.374
747000,0.081,0.565,0.355
747500,0.080,0.600,0.320
748000,0.080,0.625,0.295
748500,0.080,0.642,0.278
749000,0.080,0.640,0.280
749500,0.080,0.606,0.314
750000,0.080,0.562,0.358
750500,0.080,0.572,0.348
751000,0.080,0.628,0.292
751500,0.080,0.552,0.368
752000,0.080,0.540,0.380
752500,0.080,0.583,0.337
753000,0.080,0.579,0.341
753500,0.084,0.590,0.327
754000,0.082,0.586,0.333
754500,0.080,0.559,0.361
755000,0.080,0.558,0.362
755500,0.080,0.535,0.385
756000,0.080,0.604,0.317
756500,0.080,0.605,0.316
757000,0.080,0.561,0.359
757500,0.080,0.582,0.339
758000,0.080,0.537,0.383
758500,0.080,0.532,0.388
759000,0.080,0.556,0.364
759500,0.082,0.574,0.345
760000,0.083,0.544,0.373
760500,0.082,0.539,0.379
761000,0.081,0.521,0.398
761500,0.084,0.566,0.351
762000,0.087,0.551,0.362
762500,0.082,0.594,0.325
763000,0.081,0.560,0.359
763500,0.081,0.556,0.363
764000,0.081,0.538,0.381
764500,0.080,0.554,0.366
765000,0.080,0.580,0.341
765500,0.080,0.523,0.397
766000,0.080,0.564,0.356
766500,0.080,0.559,0.361
767000,0.080,0.593,0.328
767500,0.080,0.588,0.332
768000,0.080,0.589,0.332
768500,0.082,0.569,0.350
769000,0.080,0.548,0.372
769500,0.080,0.574,0.347
770000,0.080,0.566,0.354
770500,0.080,0.612,0.308
771000,0.080,0.621,0.299
771500,0.083,0.623,0.295
772000,0.081,0.610,0.309
772500,0.083,0.559,0.358
773000,0.081,0.568,0.352
773500,0.081,0.579,0.341
774000,0.080,0.611,0.309
774500,0.080,0.590,0.331
775000,0.080,0.582,0.338
775500,0.080,0.585,0.336
776000,0.080,0.609,0.311
776500,0.080,0.560,0.360
777000,0.080,0.577,0.343
777500,0.080,0.569,0.351
778000,0.080,0.562,0.358
778500,0.081,0.579,0.341
779000,0.080,0.601,0.319
779500,0.080,0.602,0.318
780000,0.080,0.620,0.300
780500,0.080,0.624,0.296
781000,0.080,0.605,0.316
781500,0.080,0.592,0.329
782000,0.080,0.614,0.306
782500,0.080,0.611,0.309
783000,0.080,0.589,0.332
783500,0.080,0.600,0.321
784000,0.080,0.569,0.352
784500,0.080,0.587,0.334
785000,0.080,0.604,0.316
785500,0.080,0.614,0.306
786000,0.081,0.622,0.297
786500,0.081,0.598,0.322
787000,0.081,0.593,0.327
787500,0.080,0.607,0.314
788000,0.080,0.623,0.297
788500,0.080,0.592,0.329
789000,0.080,0.586,0.335
789500,0.080,0.617,0.303
790000,0.080,0.604,0.316
790500,0.080,0.572,0.349
791000,0.080,0.538,0.382
791500,0.080,0.554,0.366
792000,0.081,0.572,0.347
792500,0.080,0.589,0.332
793000,0.083,0.579,0.339
793500,0.081,0.598,0.322
794000,0.081,0.575,0.345
794500,0.080,0.570,0.351
795000,0.080,0.586,0.335
795500,0.080,0.611,0.309
796000,0.080,0.577,0.344
796500,0.080,0.566,0.355
797000,0.080,0.582,0.338
797500,0.085,0.553,0.362
798000,0.081,0.589,0.331
798500,0.081,0.561,0.358
799000,0.080,0.560,0.360
799500,0.080,0.567,0.354
800000,0.080,0.605,0.315
800500,0.080,0.616,0.304
801000,0.080,0.616,0.304
801500,0.080,0.615,0.305
802000,0.080,0.616,0.304
802500,0.080,0.611,0.309
803000,0.080,0.584,0.336
803500,0.080,0.582,0.339
804000,0.080,0.559,0.361
804500,0.080,0.572,0.348
805000,0.080,0.542,0.378
805500,0.080,0.560,0.360
806000,0.080,0.543,0.377
806500,0.083,0.537,0.380
807000,0.081,0.577,0.343
807500,0.081,0.595,0.325
808000,0.080,0.602,0.319
808500,0.080,0.561,0.359
809000,0.081,0.564,0.355
809500,0.080,0.562,0.358
810000,0.081,0.590,0.330
810500,0.080,0.594,0.327
811000,0.080,0.551,0.369
811500,0.080,0.573,0.347
812000,0.080,0.596,0.325
812500,0.081,0.564,0.356
813000,0.081,0.565,0.355
813500,0.080,0.551,0.369
814000,0.083,0.542,0.375
814500,0.081,0.563,0.356
815000,0.080,0.568,0.352
815500,0.080,0.538,0.382
816000,0.080,0.554,0.366
816500,0.080,0.536,0.384
817000,0.081,0.511,0.408
817500,0.080,0.484,0.436
818000,0.081,0.527,0.392
818500,0.084,0.545,0.371
819000,0.084,0.577,0.340
819500,0.081,0.561,0.358
820000,0.082,0.581,0.338
820500,0.081,0.608,0.312
821000,0.080,0.606,0.314
821500,0.081,0.519,0.400
822000,0.080,0.517,0.403
822500,0.080,0.583,0.337
823000,0.080,0.597,0.324
823500,0.080,0.629,0.291
824000,0.080,0.595,0.326
824500,0.083,0.582,0.336
825000,0.081,0.550,0.369
825500,0.083,0.574,0.344
826000,0.081,0.548,0.371
826500,0.080,0.562,0.358
827000,0.082,0.594,0.325
827500,0.080,0.626,0.294
828000,0.080,0.638,0.282
828500,0.080,0.590,0.331
829000,0.080,0.543,0.377
829500,0.080,0.588,0.332
830000,0.080,0.561,0.359
830500,0.080,0.603,0.317
831000,0.080,0.579,0.341
831500,0.080,0.614,0.306
832000,0.080,0.599,0.322
832500,0.080,0.654,0.266
833000,0.080,0.623,0.297
833500,0.080,0.617,0.303
834000,0.080,0.611,0.309
834500,0.080,0.613,0.307
835000,0.080,0.624,0.296
835500,0.080,0.611,0.309
836000,0.080,0.616,0.304
836500,0.080,0.587,0.333
837000,0.080,0.583,0.338
837500,0.082,0.572,0.347
838000,0.080,0.581,0.340
838500,0.080,0.594,0.326
839000,0.080,0.596,0.324
839500,0.080,0.600,0.321
840000,0.080,0.614,0.306
840500,0.080,0.579,0.342
841000,0.080,0.542,0.378
841500,0.080,0.577,0.344
842000,0.080,0.615,0.305
842500,0.080,0.620,0.300
843000,0.080,0.595,0.325
843500,0.080,0.571,0.350
844000,0.080,0.591,0.330
844500,0.080,0.588,0.332
845000,0.080,0.611,0.309
845500,0.080,0.627,0.293
846000,0.080,0.627,0.293
846500,0.080,0.611,0.309
847000,0.080,0.575,0.346
847500,0.080,0.577,0.343
848000,0.082,0.583,0.336
848500,0.081,0.620,0.299
849000,0.081,0.567,0.353
849500,0.082,0.547,0.371
850000,0.082,0.569,0.350
850500,0.080,0.573,0.348
851000,0.080,0.608,0.312
851500,0.081,0.598,0.322
852000,0.081,0.625,0.294
852500,0.080,0.560,0.360
853000,0.080,0.579,0.342
853500,0.086,0.578,0.337
854000,0.085,0.566,0.350
854500,0.082,0.512,0.406
855000,0.082,0.529,0.389
855500,0.084,0.510,0.406
856000,0.082,0.543,0.375
856500,0.085,0.524,0.391
857000,0.082,0.571,0.347
857500,0.081,0.585,0.335
858000,0.080,0.572,0.349
858500,0.080,0.543,0.377
859000,0.080,0.542,0.378
859500,0.080,0.602,0.319
860000,0.080,0.602,0.318
860500,0.080,0.636,0.284
861000,0.080,0.558,0.362
861500,0.080,0.561,0.359
862000,0.080,0.595,0.326
862500,0.080,0.594,0.327
863000,0.080,0.593,0.327
863500,0.080,0.611,0.309
864000,0.080,0.606,0.315
864500,0.080,0.601,0.319
865000,0.080,0.610,0.310
865500,0.080,0.571,0.349
866000,0.080,0.593,0.327
866500,0.080,0.548,0.372
867000,0.080,0.543,0.377
867500,0.082,0.590,0.329
868000,0.081,0.601,0.319
868500,0.081,0.598,0.322
869000,0.080,0.575,0.346
869500,0.081,0.597,0.323
870000,0.081,0.583,0.337
870500,0.080,0.583,0.338
871000,0.081,0.613,0.306
871500,0.080,0.636,0.284
872000,0.080,0.601,0.320
872500,0.080,0.568,0.352
873000,0.083,0.595,0.323
873500,0.086,0.590,0.325
874000,0.082,0.597,0.321
874500,0.081,0.555,0.364
875000,0.082,0.543,0.375
875500,0.081,0.554,0.365
876000,0.083,0.510,0.407
876500,0.081,0.530,0.389
877000,0.081,0.555,0.364
877500,0.081,0.559,0.360
878000,0.080,0.581,0.340
878500,0.080,0.596,0.325
879000,0.080,0.530,0.390
879500,0.083,0.592,0.326
880000,0.081,0.593,0.327
880500,0.080,0.590,0.331
881000,0.080,0.622,0.298
881500,0.080,0.633,0.287
882000,0.080,0.618,0.302
882500,0.080,0.593,0.328
883000,0.080,0.590,0.330
883500,0.080,0.561,0.359
884000,0.082,0.550,0.368
884500,0.081,0.565,0.355
885000,0.081,0.560,0.359
885500,0.084,0.547,0.369
886000,0.081,0.569,0.351
886500,0.081,0.557,0.362
887000,0.081,0.575,0.345
887500,0.080,0.541,0.379
888000,0.080,0.573,0.348
888500,0.080,0.570,0.351
889000,0.082,0.610,0.308
889500,0.082,0.575,0.344
890000,0.080,0.568,0.353
890500,0.080,0.545,0.375
891000,0.080,0.592,0.328
891500,0.083,0.571,0.346
892000,0.081,0.614,0.306
892500,0.080,0.610,0.310
893000,0.080,0.625,0.295
893500,0.080,0.631,0.289
894000,0.080,0.589,0.331
894500,0.080,0.595,0.325
895000,0.080,0.573,0.348
895500,0.083,0.581,0.336
896000,0.081,0.572,0.348
896500,0.080,0.576,0.345
897000,0.081,0.589,0.331
897500,0.083,0.564,0.353
898000,0.082,0.560,0.358
898500,0.081,0.575,0.345
899000,0.081,0.625,0.294
899500,0.082,0.581,0.338
900000,0.081,0.633,0.286
900500,0.081,0.574,0.346
901000,0.080,0.568,0.352
901500,0.083,0.541,0.376
902000,0.080,0.557,0.363
902500,0.080,0.539,0.381
903000,0.080,0.508,0.412
903500,0.080,0.565,0.356
904000,0.080,0.553,0.367
904500,0.080,0.594,0.326
905000,0.080,0.605,0.316
905500,0.080,0.602,0.319
906000,0.080,0.546,0.374
906500,0.080,0.555,0.365
907000,0.080,0.602,0.319
907500,0.080,0.625,0.295
908000,0.080,0.608,0.312
908500,0.080,0.668,0.252
909000,0.080,0.649,0.271
909500,0.080,0.638,0.282
910000,0.080,0.654,0.266
910500,0.080,0.618,0.302
911000,0.080,0.592,0.328
911500,0.080,0.616,0.304
912000,0.080,0.657,0.263
912500,0.080,0.590,0.330
913000,0.080,0.618,0.302
913500,0.080,0.630,0.290
914000,0.082,0.627,0.291
914500,0.081,0.614,0.306
915000,0.081,0.628,0.291
915500,0.080,0.624,0.296
916000,0.080,0.636,0.284
916500,0.080,0.567,0.354
917000,0.080,0.578,0.343
917500,0.080,0.543,0.377
918000,0.080,0.558,0.362
918500,0.080,0.595,0.326
919000,0.080,0.555,0.365
919500,0.080,0.555,0.365
920000,0.080,0.541,0.379
920500,0.080,0.549,0.371
921000,0.080,0.549,0.371
921500,0.080,0.556,0.364
922000,0.085,0.564,0.352
922500,0.081,0.600,0.320
923000,0.081,0.623,0.296
923500,0.081,0.618,0.301
924000,0.081,0.583,0.337
924500,0.080,0.593,0.327
925000,0.080,0.623,0.297
925500,0.080,0.566,0.355
926000,0.080,0.514,0.406
926500,0.080,0.567,0.354
927000,0.080,0.588,0.333
927500,0.080,0.557,0.363
928000,0.080,0.588,0.333
928500,0.080,0.607,0.313
929000,0.080,0.625,0.295
929500,0.080,0.600,0.321
930000,0.080,0.573,0.348
930500,0.080,0.600,0.320
931000,0.080,0.597,0.323
931500,0.080,0.565,0.356
932000,0.080,0.586,0.334
932500,0.080,0.560,0.360
933000,0.083,0.572,0.346
933500,0.081,0.572,0.348
934000,0.080,0.596,0.325
934500,0.080,0.584,0.336
935000,0.080,0.595,0.325
935500,0.080,0.568,0.353
936000,0.080,0.569,0.352
936500,0.083,0.516,0.401
937000,0.083,0.562,0.355
937500,0.082,0.589,0.330
938000,0.080,0.562,0.358
938500,0.080,0.558,0.362
939000,0.080,0.568,0.352
939500,0.080,0.572,0.349
940000,0.080,0.561,0.359
940500,0.080,0.604,0.316
941000,0.082,0.610,0.309
941500,0.080,0.573,0.347
942000,0.080,0.566,0.355
942500,0.081,0.547,0.372
943000,0.081,0.600,0.320
943500,0.080,0.634,0.286
944000,0.080,0.621,0.299
944500,0.080,0.605,0.315
945000,0.080,0.591,0.329
945500,0.080,0.571,0.350
946000,0.080,0.585,0.336
946500,0.080,0.574,0.347
947000,0.080,0.587,0.334
947500,0.081,0.598,0.322
948000,0.082,0.610,0.308
948500,0.080,0.574,0.346
949000,0.080,0.572,0.348
949500,0.080,0.528,0.392
950000,0.083,0.568,0.350
950500,0.081,0.581,0.339
951000,0.080,0.577,0.344
951500,0.080,0.566,0.355
952000,0.080,0.600,0.321
952500,0.080,0.584,0.336
953000,0.081,0.591,0.328
953500,0.081,0.618,0.302
954000,0.081,0.604,0.316
954500,0.081,0.635,0.284
955000,0.080,0.633,0.287
955500,0.080,0.588,0.333
956000,0.080,0.652,0.268
956500,0.080,0.585,0.335
957000,0.081,0.574,0.345
957500,0.080,0.606,0.314
958000,0.080,0.610,0.310
958500,0.080,0.603,0.318
959000,0.080,0.616,0.304
959500,0.080,0.564,0.356
960000,0.080,0.532,0.388
960500,0.080,0.538,0.382
961000,0.081,0.602,0.318
961500,0.080,0.574,0.347
962000,0.080,0.587,0.333
962500,0.083,0.607,0.311
963000,0.082,0.581,0.338
963500,0.084,0.584,0.333
964000,0.080,0.589,0.332
964500,0.080,0.555,0.365
965000,0.080,0.577,0.343
965500,0.080,0.536,0.384
966000,0.081,0.511,0.408
966500,0.084,0.521,0.395
967000,0.081,0.498,0.421
967500,0.080,0.521,0.399
968000,0.080,0.568,0.352
968500,0.080,0.574,0.346
969000,0.080,0.556,0.364
969500,0.080,0.549,0.371
970000,0.080,0.536,0.384
970500,0.080,0.547,0.373
971000,0.080,0.579,0.342
971500,0.080,0.590,0.331
972000,0.080,0.561,0.359
972500,0.080,0.610,0.310
973000,0.083,0.590,0.328
973500,0.081,0.573,0.347
974000,0.081,0.562,0.357
974500,0.080,0.558,0.362
975000,0.080,0.563,0.357
975500,0.080,0.492,0.428
976000,0.080,0.504,0.416
976500,0.081,0.563,0.357
977000,0.081,0.568,0.351
977500,0.080,0.578,0.343
978000,0.083,0.557,0.360
978500,0.081,0.545,0.374
979000,0.081,0.589,0.330
979500,0.080,0.540,0.380
980000,0.082,0.516,0.402
980500,0.081,0.558,0.361
981000,0.081,0.566,0.354
981500,0.080,0.543,0.377
982000,0.082,0.557,0.361
982500,0.081,0.539,0.380
983000,0.081,0.551,0.368
983500,0.081,0.539,0.380
984000,0.084,0.561,0.355
984500,0.081,0.577,0.343
985000,0.080,0.529,0.391
985500,0.080,0.556,0.364
986000,0.080,0.566,0.355
986500,0.081,0.573,0.346
987000,0.081,0.628,0.291
987500,0.081,0.618,0.301
988000,0.080,0.574,0.346
988500,0.080,0.586,0.335
989000,0.080,0.589,0.331
989500,0.080,0.594,0.327
990000,0.081,0.593,0.327
990500,0.080,0.576,0.345
991000,0.084,0.601,0.316
991500,0.081,0.600,0.320
992000,0.080,0.612,0.308
992500,0.080,0.565,0.355
993000,0.080,0.589,0.331
993500,0.080,0.587,0.334
994000,0.080,0.565,0.355
994500,0.080,0.607,0.314
995000,0.080,0.616,0.304
995500,0.080,0.651,0.269
996000,0.081,0.644,0.275
996500,0.081,0.659,0.260
997000,0.080,0.625,0.295
997500,0.080,0.661,0.259
998000,0.080,0.617,0.303
998500,0.083,0.629,0.288
999000,0.082,0.611,0.307
999500,0.081,0.622,0.297
1000000,0.081,0.627,0.292
