time,n_A+p,n_B,n_AB
500,0.080,0.426,0.494
1000,0.085,0.088,0.827
1500,0.133,0.011,0.857
2000,0.205,0.001,0.795
2500,0.247,0.006,0.747
3000,0.229,0.001,0.771
3500,0.232,0.000,0.768
4000,0.231,0.004,0.765
4500,0.209,0.000,0.790
5000,0.224,0.000,0.776
5500,0.230,0.010,0.760
6000,0.227,0.000,0.773
6500,0.207,0.000,0.792
7000,0.224,0.000,0.776
7500,0.200,0.000,0.800
8000,0.207,0.009,0.785
8500,0.265,0.005,0.731
9000,0.221,0.003,0.776
9500,0.224,0.000,0.776
10000,0.226,0.000,0.774
10500,0.238,0.000,0.762
11000,0.212,0.000,0.787
11500,0.234,0.000,0.766
12000,0.214,0.000,0.786
12500,0.236,0.000,0.764
13000,0.199,0.000,0.801
13500,0.239,0.000,0.761
14000,0.250,0.000,0.750
14500,0.235,0.000,0.764
15000,0.265,0.000,0.736
15500,0.231,0.000,0.769
16000,0.239,0.000,0.760
16500,0.224,0.002,0.775
17000,0.309,0.001,0.690
17500,0.229,0.000,0.771
18000,0.221,0.000,0.779
18500,0.257,0.000,0.744
19000,0.258,0.002,0.740
19500,0.261,0.000,0.740
20000,0.231,0.000,0.769
20500,0.227,0.000,0.773
21000,0.213,0.000,0.787
21500,0.228,0.000,0.772
22000,0.279,0.000,0.721
22500,0.230,0.000,0.770
23000,0.254,0.000,0.746
23500,0.220,0.000,0.780
24000,0.248,0.001,0.752
24500,0.205,0.005,0.790
25000,0.227,0.004,0.769
25500,0.209,0.004,0.788
26000,0.218,0.001,0.782
26500,0.224,0.000,0.776
27000,0.224,0.000,0.776
27500,0.235,0.000,0.764
28000,0.264,0.000,0.736
28500,0.231,0.001,0.769
29000,0.231,0.001,0.769
29500,0.232,0.002,0.766
30000,0.210,0.000,0.790
30500,0.266,0.000,0.734
31000,0.296,0.000,0.704
31500,0.286,0.000,0.714
32000,0.218,0.000,0.782
32500,0.193,0.000,0.807
33000,0.211,0.003,0.787
33500,0.232,0.001,0.767
34000,0.240,0.002,0.758
34500,0.263,0.000,0.737
35000,0.172,0.003,0.826
35500,0.185,0.006,0.808
36000,0.188,0.011,0.801
36500,0.237,0.003,0.759
37000,0.242,0.000,0.758
37500,0.225,0.005,0.770
38000,0.213,0.001,0.787
38500,0.235,0.000,0.765
39000,0.224,0.000,0.776
39500,0.260,0.000,0.740
40000,0.279,0.000,0.721
40500,0.273,0.000,0.728
41000,0.269,0.000,0.732
41500,0.206,0.000,0.794
42000,0.239,0.000,0.761
42500,0.237,0.001,0.761
43000,0.245,0.001,0.755
43500,0.254,0.000,0.746
44000,0.306,0.000,0.694
44500,0.281,0.000,0.719
45000,0.299,0.000,0.701
45500,0.291,0.000,0.709
46000,0.275,0.000,0.725
46500,0.270,0.001,0.729
47000,0.267,0.000,0.734
47500,0.199,0.000,0.801
48000,0.199,0.003,0.798
48500,0.217,0.000,0.783
49000,0.216,0.013,0.771
49500,0.189,0.001,0.810
50000,0.224,0.001,0.775
50500,0.234,0.000,0.766
51000,0.249,0.000,0.750
51500,0.236,0.004,0.760
52000,0.232,0.001,0.768
52500,0.172,0.007,0.820
53000,0.185,0.005,0.809
53500,0.209,0.001,0.791
54000,0.266,0.000,0.734
54500,0.204,0.000,0.795
55000,0.238,0.005,0.757
55500,0.245,0.001,0.754
56000,0.217,0.009,0.774
56500,0.196,0.008,0.796
57000,0.245,0.006,0.749
57500,0.291,0.000,0.709
58000,0.304,0.000,0.696
58500,0.215,0.005,0.779
59000,0.206,0.009,0.785
59500,0.199,0.003,0.798
60000,0.204,0.001,0.795
60500,0.218,0.001,0.781
61000,0.211,0.000,0.788
61500,0.205,0.004,0.790
62000,0.202,0.000,0.798
62500,0.217,0.006,0.776
63000,0.223,0.000,0.777
63500,0.234,0.000,0.766
64000,0.219,0.000,0.781
64500,0.231,0.000,0.769
65000,0.252,0.000,0.748
65500,0.216,0.004,0.779
66000,0.199,0.000,0.801
66500,0.219,0.000,0.781
67000,0.213,0.000,0.786
67500,0.209,0.000,0.791
68000,0.241,0.000,0.759
68500,0.229,0.000,0.771
69000,0.226,0.000,0.774
69500,0.264,0.000,0.736
70000,0.201,0.003,0.796
70500,0.224,0.000,0.776
71000,0.218,0.000,0.782
71500,0.253,0.000,0.748
72000,0.272,0.000,0.728
72500,0.284,0.000,0.716
73000,0.236,0.005,0.759
73500,0.215,0.004,0.781
74000,0.229,0.001,0.771
74500,0.226,0.004,0.770
75000,0.203,0.001,0.797
75500,0.205,0.000,0.795
76000,0.202,0.000,0.798
76500,0.206,0.008,0.785
77000,0.232,0.003,0.765
77500,0.227,0.000,0.773
78000,0.272,0.000,0.728
78500,0.206,0.006,0.788
79000,0.203,0.005,0.792
79500,0.212,0.002,0.787
80000,0.263,0.001,0.737
80500,0.239,0.000,0.761
81000,0.224,0.000,0.776
81500,0.238,0.000,0.762
82000,0.229,0.000,0.771
82500,0.206,0.000,0.793
83000,0.205,0.000,0.794
83500,0.268,0.000,0.732
84000,0.263,0.000,0.738
84500,0.249,0.000,0.750
85000,0.252,0.000,0.748
85500,0.246,0.009,0.745
86000,0.242,0.001,0.757
86500,0.267,0.000,0.733
87000,0.225,0.008,0.767
87500,0.235,0.001,0.764
88000,0.222,0.009,0.770
88500,0.247,0.001,0.752
89000,0.203,0.003,0.794
89500,0.185,0.001,0.814
90000,0.242,0.006,0.752
90500,0.265,0.000,0.735
91000,0.235,0.001,0.765
91500,0.193,0.000,0.807
92000,0.254,0.003,0.744
92500,0.251,0.004,0.746
93000,0.246,0.001,0.754
93500,0.236,0.000,0.764
94000,0.205,0.000,0.794
94500,0.173,0.000,0.827
95000,0.238,0.000,0.762
95500,0.225,0.005,0.770
96000,0.211,0.003,0.785
96500,0.238,0.001,0.762
97000,0.227,0.000,0.773
97500,0.237,0.000,0.763
98000,0.222,0.000,0.778
98500,0.248,0.000,0.752
99000,0.240,0.000,0.760
99500,0.192,0.000,0.808
100000,0.268,0.000,0.732
100500,0.256,0.000,0.744
101000,0.278,0.000,0.722
101500,0.223,0.002,0.776
102000,0.220,0.011,0.769
102500,0.209,0.002,0.789
103000,0.222,0.000,0.778
103500,0.190,0.000,0.810
104000,0.207,0.004,0.790
104500,0.213,0.000,0.787
105000,0.231,0.000,0.769
105500,0.217,0.016,0.766
106000,0.182,0.002,0.817
106500,0.211,0.000,0.789
107000,0.234,0.009,0.757
107500,0.181,0.006,0.812
108000,0.216,0.001,0.784
108500,0.244,0.001,0.755
109000,0.260,0.000,0.740
109500,0.226,0.003,0.772
110000,0.270,0.000,0.730
110500,0.241,0.000,0.758
111000,0.235,0.000,0.765
111500,0.286,0.000,0.714
112000,0.302,0.000,0.698
112500,0.212,0.000,0.787
113000,0.224,0.000,0.776
113500,0.234,0.000,0.766
114000,0.274,0.000,0.726
114500,0.259,0.000,0.742
115000,0.258,0.000,0.742
115500,0.233,0.003,0.764
116000,0.210,0.008,0.781
116500,0.261,0.001,0.738
117000,0.232,0.000,0.768
117500,0.230,0.000,0.770
118000,0.236,0.000,0.764
118500,0.279,0.000,0.721
119000,0.260,0.000,0.740
119500,0.216,0.001,0.784
120000,0.234,0.000,0.766
120500,0.193,0.000,0.807
121000,0.211,0.000,0.789
121500,0.260,0.000,0.740
122000,0.218,0.000,0.782
122500,0.211,0.003,0.786
123000,0.202,0.000,0.798
123500,0.208,0.002,0.791
124000,0.179,0.000,0.821
124500,0.208,0.003,0.789
125000,0.230,0.002,0.768
125500,0.222,0.000,0.778
126000,0.185,0.000,0.815
126500,0.204,0.010,0.786
127000,0.251,0.001,0.749
127500,0.228,0.001,0.772
128000,0.261,0.001,0.739
128500,0.243,0.000,0.757
129000,0.273,0.003,0.725
129500,0.242,0.000,0.758
130000,0.260,0.000,0.740
130500,0.179,0.000,0.821
131000,0.177,0.002,0.821
131500,0.220,0.001,0.780
132000,0.232,0.000,0.768
132500,0.256,0.000,0.744
133000,0.210,0.005,0.785
133500,0.178,0.005,0.817
134000,0.212,0.005,0.782
134500,0.224,0.005,0.771
135000,0.216,0.001,0.783
135500,0.264,0.001,0.736
136000,0.240,0.000,0.760
136500,0.221,0.000,0.779
137000,0.207,0.000,0.792
137500,0.211,0.004,0.785
138000,0.233,0.000,0.767
138500,0.259,0.004,0.738
139000,0.193,0.000,0.807
139500,0.205,0.001,0.795
140000,0.233,0.000,0.767
140500,0.291,0.000,0.709
141000,0.248,0.000,0.752
141500,0.272,0.000,0.728
142000,0.255,0.000,0.745
142500,0.222,0.000,0.778
143000,0.257,0.000,0.744
143500,0.232,0.004,0.765
144000,0.247,0.000,0.753
144500,0.237,0.000,0.763
145000,0.236,0.000,0.764
145500,0.235,0.000,0.765
146000,0.206,0.000,0.793
146500,0.209,0.001,0.789
147000,0.245,0.002,0.753
147500,0.249,0.000,0.750
148000,0.246,0.000,0.754
148500,0.222,0.010,0.768
149000,0.237,0.002,0.761
149500,0.247,0.005,0.748
150000,0.251,0.002,0.747
150500,0.271,0.000,0.730
151000,0.269,0.000,0.731
151500,0.224,0.005,0.771
152000,0.277,0.001,0.723
152500,0.238,0.000,0.762
153000,0.235,0.000,0.764
153500,0.261,0.000,0.740
154000,0.247,0.000,0.753
154500,0.227,0.003,0.770
155000,0.244,0.000,0.756
155500,0.268,0.000,0.732
156000,0.273,0.000,0.727
156500,0.245,0.000,0.755
157000,0.253,0.004,0.743
157500,0.200,0.000,0.800
158000,0.216,0.005,0.778
158500,0.220,0.001,0.780
159000,0.256,0.000,0.744
159500,0.266,0.000,0.734
160000,0.265,0.000,0.735
160500,0.229,0.000,0.771
161000,0.245,0.000,0.755
161500,0.209,0.000,0.791
162000,0.224,0.007,0.769
162500,0.275,0.006,0.720
163000,0.304,0.000,0.696
163500,0.265,0.000,0.735
164000,0.217,0.001,0.781
164500,0.222,0.000,0.778
165000,0.237,0.002,0.761
165500,0.258,0.000,0.742
166000,0.223,0.000,0.777
166500,0.200,0.002,0.798
167000,0.216,0.003,0.781
167500,0.226,0.001,0.773
168000,0.209,0.005,0.785
168500,0.273,0.000,0.727
169000,0.227,0.006,0.767
169500,0.237,0.002,0.760
170000,0.247,0.004,0.748
170500,0.179,0.003,0.818
171000,0.224,0.002,0.775
171500,0.274,0.000,0.726
172000,0.238,0.000,0.762
172500,0.304,0.000,0.696
173000,0.287,0.006,0.707
173500,0.209,0.001,0.790
174000,0.231,0.007,0.762
174500,0.250,0.000,0.750
175000,0.252,0.000,0.748
175500,0.201,0.000,0.799
176000,0.221,0.000,0.779
176500,0.247,0.000,0.752
177000,0.231,0.000,0.769
177500,0.230,0.000,0.770
178000,0.227,0.000,0.773
178500,0.238,0.000,0.762
179000,0.197,0.002,0.802
179500,0.267,0.000,0.734
180000,0.270,0.000,0.730
180500,0.251,0.000,0.749
181000,0.221,0.000,0.779
181500,0.239,0.000,0.761
182000,0.233,0.000,0.767
182500,0.279,0.000,0.722
183000,0.261,0.000,0.739
183500,0.196,0.000,0.804
184000,0.234,0.000,0.766
184500,0.232,0.000,0.768
185000,0.206,0.006,0.788
185500,0.218,0.001,0.781
186000,0.181,0.015,0.803
186500,0.177,0.002,0.822
187000,0.188,0.007,0.805
187500,0.207,0.007,0.785
188000,0.234,0.001,0.765
188500,0.213,0.000,0.786
189000,0.234,0.007,0.758
189500,0.236,0.001,0.763
190000,0.202,0.002,0.797
190500,0.174,0.002,0.825
191000,0.226,0.000,0.774
191500,0.196,0.003,0.802
192000,0.226,0.005,0.769
192500,0.210,0.000,0.790
193000,0.248,0.000,0.752
193500,0.251,0.000,0.749
194000,0.210,0.000,0.789
194500,0.262,0.000,0.738
195000,0.276,0.000,0.724
195500,0.270,0.000,0.730
196000,0.238,0.000,0.762
196500,0.226,0.000,0.774
197000,0.205,0.001,0.795
197500,0.191,0.000,0.809
198000,0.223,0.000,0.777
198500,0.231,0.000,0.769
199000,0.216,0.001,0.783
199500,0.235,0.003,0.762
200000,0.251,0.001,0.749
200500,0.230,0.000,0.770
201000,0.239,0.000,0.761
201500,0.185,0.002,0.814
202000,0.217,0.000,0.783
202500,0.218,0.003,0.779
203000,0.241,0.000,0.759
203500,0.250,0.005,0.745
204000,0.271,0.000,0.729
204500,0.255,0.000,0.746
205000,0.251,0.000,0.749
205500,0.219,0.000,0.781
206000,0.253,0.000,0.747
206500,0.212,0.000,0.788
207000,0.238,0.000,0.762
207500,0.271,0.000,0.730
208000,0.223,0.000,0.777
208500,0.217,0.000,0.783
209000,0.266,0.000,0.734
209500,0.242,0.000,0.758
210000,0.267,0.000,0.734
210500,0.262,0.000,0.738
211000,0.217,0.000,0.783
211500,0.241,0.006,0.752
212000,0.272,0.001,0.728
212500,0.242,0.000,0.758
213000,0.227,0.000,0.773
213500,0.205,0.006,0.789
214000,0.248,0.004,0.748
214500,0.279,0.000,0.721
215000,0.239,0.000,0.761
215500,0.218,0.000,0.781
216000,0.204,0.000,0.796
216500,0.263,0.000,0.737
217000,0.202,0.000,0.798
217500,0.225,0.006,0.769
218000,0.248,0.001,0.752
218500,0.245,0.000,0.754
219000,0.200,0.000,0.800
219500,0.253,0.000,0.747
220000,0.248,0.004,0.748
220500,0.262,0.000,0.738
221000,0.229,0.000,0.771
221500,0.214,0.000,0.786
222000,0.212,0.002,0.787
222500,0.229,0.000,0.771
223000,0.239,0.000,0.760
223500,0.218,0.000,0.782
224000,0.237,0.000,0.763
224500,0.207,0.004,0.789
225000,0.249,0.000,0.750
225500,0.218,0.000,0.781
226000,0.227,0.003,0.771
226500,0.223,0.002,0.776
227000,0.206,0.002,0.792
227500,0.227,0.000,0.773
228000,0.240,0.009,0.752
228500,0.211,0.003,0.786
229000,0.262,0.001,0.738
229500,0.214,0.001,0.786
230000,0.234,0.000,0.766
230500,0.230,0.000,0.770
231000,0.241,0.000,0.758
231500,0.234,0.000,0.766
232000,0.232,0.005,0.763
232500,0.233,0.000,0.767
233000,0.265,0.000,0.736
233500,0.281,0.000,0.719
234000,0.280,0.000,0.720
234500,0.259,0.000,0.742
235000,0.262,0.000,0.738
235500,0.273,0.000,0.728
236000,0.247,0.004,0.749
236500,0.228,0.000,0.772
237000,0.205,0.007,0.788
237500,0.206,0.009,0.785
238000,0.212,0.002,0.787
238500,0.224,0.000,0.776
239000,0.256,0.002,0.742
239500,0.226,0.000,0.774
240000,0.235,0.000,0.764
240500,0.239,0.000,0.760
241000,0.209,0.001,0.790
241500,0.221,0.002,0.777
242000,0.250,0.000,0.750
242500,0.229,0.006,0.765
243000,0.223,0.000,0.777
243500,0.210,0.006,0.784
244000,0.218,0.001,0.781
244500,0.237,0.000,0.763
245000,0.264,0.001,0.735
245500,0.260,0.000,0.740
246000,0.203,0.000,0.797
246500,0.244,0.000,0.756
247000,0.225,0.000,0.775
247500,0.280,0.000,0.720
248000,0.265,0.000,0.736
248500,0.268,0.000,0.732
249000,0.228,0.000,0.772
249500,0.279,0.000,0.721
250000,0.218,0.006,0.776
250500,0.196,0.003,0.802
251000,0.192,0.004,0.804
251500,0.224,0.011,0.766
252000,0.186,0.002,0.812
252500,0.204,0.007,0.789
253000,0.216,0.001,0.784
253500,0.235,0.000,0.764
254000,0.209,0.000,0.790
254500,0.201,0.002,0.798
255000,0.249,0.004,0.747
255500,0.223,0.001,0.776
256000,0.205,0.000,0.794
256500,0.235,0.000,0.765
257000,0.238,0.002,0.760
257500,0.202,0.000,0.798
258000,0.214,0.003,0.784
258500,0.207,0.002,0.790
259000,0.263,0.000,0.737
259500,0.264,0.000,0.736
260000,0.247,0.000,0.752
260500,0.233,0.000,0.767
261000,0.274,0.000,0.726
261500,0.232,0.001,0.767
262000,0.304,0.001,0.695
262500,0.238,0.000,0.762
263000,0.184,0.002,0.814
263500,0.218,0.001,0.780
264000,0.243,0.001,0.756
264500,0.240,0.001,0.759
265000,0.233,0.000,0.767
265500,0.225,0.001,0.775
266000,0.256,0.005,0.739
266500,0.237,0.000,0.762
267000,0.248,0.002,0.751
267500,0.224,0.001,0.776
268000,0.238,0.000,0.762
268500,0.212,0.000,0.787
269000,0.239,0.000,0.761
269500,0.251,0.000,0.750
270000,0.253,0.000,0.748
270500,0.221,0.000,0.779
271000,0.216,0.000,0.783
271500,0.252,0.000,0.748
272000,0.272,0.000,0.728
272500,0.232,0.000,0.768
273000,0.222,0.000,0.778
273500,0.250,0.000,0.750
274000,0.230,0.000,0.770
274500,0.242,0.000,0.758
275000,0.261,0.009,0.731
275500,0.258,0.000,0.742
276000,0.259,0.000,0.741
276500,0.238,0.005,0.757
277000,0.209,0.001,0.791
277500,0.218,0.000,0.782
278000,0.234,0.004,0.763
278500,0.223,0.001,0.777
279000,0.190,0.007,0.803
279500,0.199,0.007,0.793
280000,0.205,0.001,0.793
280500,0.204,0.004,0.791
281000,0.203,0.002,0.794
281500,0.223,0.000,0.777
282000,0.265,0.000,0.735
282500,0.268,0.000,0.732
283000,0.242,0.000,0.758
283500,0.236,0.006,0.758
284000,0.234,0.001,0.765
284500,0.240,0.000,0.760
285000,0.192,0.000,0.808
285500,0.224,0.000,0.776
286000,0.190,0.013,0.797
286500,0.208,0.004,0.787
287000,0.262,0.001,0.737
287500,0.236,0.000,0.764
288000,0.248,0.000,0.752
288500,0.223,0.002,0.775
289000,0.217,0.002,0.781
289500,0.231,0.000,0.769
290000,0.199,0.000,0.801
290500,0.207,0.000,0.793
291000,0.201,0.000,0.799
291500,0.210,0.009,0.781
292000,0.202,0.002,0.797
292500,0.195,0.000,0.805
293000,0.232,0.000,0.768
293500,0.250,0.000,0.750
294000,0.284,0.000,0.716
294500,0.268,0.000,0.732
295000,0.273,0.000,0.728
295500,0.249,0.000,0.751
296000,0.230,0.000,0.770
296500,0.249,0.000,0.750
297000,0.216,0.000,0.784
297500,0.227,0.000,0.773
298000,0.228,0.000,0.772
298500,0.209,0.000,0.791
299000,0.212,0.000,0.787
299500,0.195,0.000,0.805
300000,0.204,0.002,0.794
300500,0.217,0.000,0.783
301000,0.265,0.000,0.735
301500,0.224,0.000,0.776
302000,0.282,0.000,0.718
302500,0.266,0.000,0.734
303000,0.215,0.002,0.784
303500,0.181,0.001,0.819
304000,0.204,0.000,0.796
304500,0.220,0.001,0.779
305000,0.208,0.000,0.791
305500,0.182,0.000,0.818
306000,0.209,0.001,0.790
306500,0.181,0.002,0.817
307000,0.182,0.000,0.818
307500,0.226,0.001,0.773
308000,0.261,0.000,0.740
308500,0.233,0.000,0.767
309000,0.237,0.000,0.762
309500,0.232,0.000,0.768
310000,0.244,0.000,0.756
310500,0.198,0.001,0.802
311000,0.204,0.007,0.788
311500,0.169,0.001,0.831
312000,0.179,0.006,0.815
312500,0.217,0.001,0.783
313000,0.216,0.000,0.783
313500,0.219,0.005,0.776
314000,0.237,0.005,0.757
314500,0.290,0.002,0.708
315000,0.283,0.000,0.717
315500,0.269,0.000,0.732
316000,0.224,0.007,0.769
316500,0.233,0.004,0.763
317000,0.202,0.011,0.787
317500,0.207,0.004,0.789
318000,0.247,0.001,0.752
318500,0.240,0.000,0.760
319000,0.258,0.000,0.742
319500,0.210,0.000,0.790
320000,0.216,0.003,0.782
320500,0.268,0.000,0.732
321000,0.234,0.000,0.766
321500,0.214,0.000,0.785
322000,0.211,0.000,0.789
322500,0.265,0.001,0.734
323000,0.212,0.002,0.786
323500,0.205,0.003,0.793
324000,0.196,0.001,0.804
324500,0.256,0.000,0.744
325000,0.221,0.004,0.775
325500,0.218,0.004,0.778
326000,0.189,0.000,0.811
326500,0.209,0.000,0.791
327000,0.225,0.000,0.775
327500,0.248,0.000,0.752
328000,0.243,0.000,0.757
328500,0.214,0.000,0.785
329000,0.226,0.000,0.774
329500,0.261,0.002,0.738
330000,0.251,0.000,0.749
330500,0.223,0.000,0.777
331000,0.203,0.000,0.797
331500,0.228,0.000,0.772
332000,0.183,0.004,0.813
332500,0.221,0.001,0.778
333000,0.221,0.001,0.778
333500,0.237,0.001,0.763
334000,0.228,0.000,0.772
334500,0.198,0.000,0.802
335000,0.267,0.000,0.733
335500,0.244,0.000,0.756
336000,0.176,0.009,0.815
336500,0.190,0.001,0.810
337000,0.221,0.003,0.777
337500,0.234,0.002,0.765
338000,0.239,0.000,0.761
338500,0.226,0.000,0.774
339000,0.221,0.000,0.779
339500,0.225,0.001,0.775
340000,0.187,0.001,0.812
340500,0.211,0.000,0.789
341000,0.264,0.000,0.736
341500,0.220,0.000,0.780
342000,0.202,0.000,0.798
342500,0.209,0.000,0.790
343000,0.234,0.000,0.766
343500,0.213,0.000,0.787
344000,0.234,0.000,0.766
344500,0.253,0.000,0.748
345000,0.219,0.001,0.780
345500,0.207,0.001,0.793
346000,0.216,0.001,0.782
346500,0.199,0.000,0.801
347000,0.264,0.000,0.736
347500,0.227,0.000,0.773
348000,0.265,0.000,0.735
348500,0.230,0.000,0.770
349000,0.210,0.000,0.789
349500,0.204,0.000,0.795
350000,0.229,0.000,0.771
350500,0.233,0.000,0.767
351000,0.224,0.000,0.776
351500,0.184,0.004,0.812
352000,0.242,0.005,0.753
352500,0.230,0.001,0.770
353000,0.238,0.002,0.760
353500,0.203,0.005,0.792
354000,0.210,0.001,0.790
354500,0.193,0.005,0.801
355000,0.203,0.001,0.795
355500,0.264,0.000,0.736
356000,0.222,0.000,0.778
356500,0.285,0.000,0.715
357000,0.237,0.000,0.762
357500,0.229,0.007,0.764
358000,0.237,0.001,0.762
358500,0.209,0.000,0.790
359000,0.221,0.000,0.779
359500,0.280,0.002,0.718
360000,0.199,0.000,0.801
360500,0.216,0.000,0.784
361000,0.243,0.000,0.756
361500,0.217,0.000,0.783
362000,0.190,0.000,0.810
362500,0.253,0.001,0.747
363000,0.265,0.000,0.735
363500,0.246,0.000,0.754
364000,0.282,0.000,0.718
364500,0.245,0.000,0.755
365000,0.250,0.000,0.750
365500,0.243,0.003,0.755
366000,0.231,0.000,0.769
366500,0.255,0.000,0.746
367000,0.214,0.009,0.778
367500,0.172,0.007,0.822
368000,0.226,0.001,0.774
368500,0.196,0.000,0.804
369000,0.267,0.000,0.733
369500,0.218,0.001,0.782
370000,0.269,0.003,0.729
370500,0.237,0.007,0.755
371000,0.210,0.003,0.787
371500,0.203,0.001,0.796
372000,0.220,0.000,0.780
372500,0.209,0.000,0.790
373000,0.234,0.000,0.766
373500,0.278,0.000,0.722
374000,0.235,0.000,0.765
374500,0.214,0.002,0.784
375000,0.244,0.000,0.756
375500,0.194,0.000,0.806
376000,0.216,0.004,0.780
376500,0.285,0.000,0.715
377000,0.203,0.000,0.797
377500,0.234,0.000,0.766
378000,0.231,0.000,0.769
378500,0.224,0.000,0.776
379000,0.252,0.000,0.748
379500,0.251,0.002,0.748
380000,0.255,0.001,0.745
380500,0.282,0.000,0.718
381000,0.213,0.006,0.780
381500,0.182,0.004,0.814
382000,0.182,0.004,0.814
382500,0.234,0.000,0.766
383000,0.209,0.000,0.791
383500,0.223,0.000,0.777
384000,0.228,0.000,0.772
384500,0.242,0.000,0.758
385000,0.209,0.000,0.791
385500,0.218,0.002,0.779
386000,0.231,0.001,0.769
386500,0.232,0.000,0.768
387000,0.242,0.000,0.758
387500,0.235,0.008,0.756
388000,0.258,0.001,0.742
388500,0.259,0.000,0.741
389000,0.238,0.000,0.762
389500,0.228,0.000,0.772
390000,0.240,0.000,0.760
390500,0.250,0.000,0.750
391000,0.242,0.000,0.758
391500,0.253,0.000,0.748
392000,0.243,0.005,0.751
392500,0.203,0.004,0.792
393000,0.262,0.000,0.738
393500,0.253,0.001,0.747
394000,0.246,0.002,0.753
394500,0.262,0.000,0.738
395000,0.272,0.004,0.725
395500,0.257,0.000,0.743
396000,0.216,0.000,0.784
396500,0.205,0.001,0.793
397000,0.216,0.003,0.781
397500,0.215,0.004,0.781
398000,0.233,0.000,0.767
398500,0.244,0.000,0.756
399000,0.210,0.000,0.789
399500,0.197,0.000,0.803
400000,0.194,0.000,0.806
400500,0.268,0.003,0.729
401000,0.285,0.001,0.714
401500,0.307,0.000,0.693
402000,0.205,0.000,0.795
402500,0.220,0.000,0.780
403000,0.262,0.000,0.738
403500,0.282,0.000,0.718
404000,0.242,0.000,0.758
404500,0.247,0.000,0.752
405000,0.240,0.000,0.760
405500,0.246,0.004,0.750
406000,0.185,0.004,0.810
406500,0.218,0.002,0.780
407000,0.253,0.000,0.748
407500,0.193,0.000,0.807
408000,0.222,0.003,0.776
408500,0.206,0.001,0.793
409000,0.290,0.000,0.710
409500,0.255,0.000,0.746
410000,0.234,0.006,0.760
410500,0.214,0.001,0.785
411000,0.221,0.001,0.779
411500,0.213,0.000,0.786
412000,0.225,0.001,0.775
412500,0.242,0.000,0.758
413000,0.233,0.000,0.767
413500,0.280,0.000,0.720
414000,0.244,0.001,0.755
414500,0.260,0.000,0.740
415000,0.218,0.001,0.782
415500,0.196,0.002,0.802
416000,0.218,0.001,0.782
416500,0.196,0.000,0.804
417000,0.214,0.000,0.786
417500,0.218,0.000,0.782
418000,0.171,0.000,0.830
418500,0.209,0.000,0.791
419000,0.207,0.000,0.793
419500,0.239,0.000,0.760
420000,0.252,0.000,0.748
420500,0.211,0.000,0.788
421000,0.255,0.000,0.746
421500,0.195,0.000,0.805
422000,0.234,0.000,0.766
422500,0.251,0.000,0.749
423000,0.234,0.000,0.766
423500,0.175,0.011,0.814
424000,0.203,0.006,0.791
424500,0.257,0.000,0.744
425000,0.237,0.000,0.762
425500,0.304,0.000,0.696
426000,0.258,0.000,0.742
426500,0.294,0.000,0.706
427000,0.260,0.004,0.736
427500,0.239,0.000,0.761
428000,0.235,0.000,0.764
428500,0.242,0.003,0.755
429000,0.248,0.001,0.751
429500,0.243,0.000,0.756
430000,0.227,0.000,0.773
430500,0.218,0.000,0.782
431000,0.270,0.000,0.730
431500,0.222,0.000,0.778
432000,0.245,0.000,0.755
432500,0.276,0.000,0.724
433000,0.242,0.000,0.758
433500,0.281,0.000,0.719
434000,0.247,0.001,0.752
434500,0.196,0.000,0.804
435000,0.238,0.000,0.762
435500,0.229,0.000,0.771
436000,0.251,0.000,0.749
436500,0.234,0.000,0.766
437000,0.258,0.000,0.742
437500,0.276,0.000,0.724
438000,0.262,0.000,0.738
438500,0.209,0.000,0.790
439000,0.249,0.000,0.750
439500,0.283,0.000,0.717
440000,0.217,0.000,0.783
440500,0.222,0.000,0.778
441000,0.269,0.000,0.731
441500,0.236,0.000,0.764
442000,0.244,0.000,0.756
442500,0.243,0.000,0.757
443000,0.264,0.000,0.736
443500,0.229,0.000,0.771
444000,0.264,0.000,0.736
444500,0.229,0.004,0.768
445000,0.217,0.002,0.781
445500,0.224,0.002,0.774
446000,0.193,0.000,0.807
446500,0.228,0.002,0.770
447000,0.220,0.004,0.776
447500,0.208,0.001,0.791
448000,0.246,0.000,0.754
448500,0.226,0.000,0.774
449000,0.181,0.004,0.815
449500,0.210,0.001,0.788
450000,0.213,0.007,0.780
450500,0.234,0.000,0.766
451000,0.234,0.000,0.766
451500,0.249,0.001,0.751
452000,0.268,0.000,0.732
452500,0.255,0.000,0.746
453000,0.238,0.003,0.759
453500,0.189,0.000,0.811
454000,0.193,0.000,0.807
454500,0.204,0.004,0.792
455000,0.266,0.001,0.734
455500,0.227,0.001,0.772
456000,0.224,0.001,0.776
456500,0.186,0.007,0.806
457000,0.198,0.002,0.801
457500,0.262,0.003,0.736
458000,0.263,0.001,0.737
458500,0.195,0.000,0.805
459000,0.184,0.000,0.816
459500,0.251,0.000,0.749
460000,0.255,0.001,0.745
460500,0.251,0.000,0.750
461000,0.272,0.000,0.728
461500,0.328,0.000,0.672
462000,0.239,0.002,0.760
462500,0.256,0.001,0.744
463000,0.217,0.002,0.780
463500,0.278,0.000,0.722
464000,0.248,0.000,0.752
464500,0.235,0.000,0.764
465000,0.234,0.003,0.764
465500,0.243,0.000,0.756
466000,0.234,0.004,0.763
466500,0.231,0.001,0.769
467000,0.212,0.001,0.787
467500,0.217,0.000,0.782
468000,0.226,0.000,0.774
468500,0.224,0.000,0.776
469000,0.203,0.000,0.797
469500,0.211,0.004,0.785
470000,0.230,0.001,0.770
470500,0.209,0.000,0.790
471000,0.210,0.000,0.790
471500,0.229,0.000,0.771
472000,0.225,0.000,0.775
472500,0.257,0.000,0.744
473000,0.234,0.000,0.766
473500,0.201,0.000,0.799
474000,0.237,0.000,0.762
474500,0.255,0.000,0.745
475000,0.236,0.000,0.764
475500,0.203,0.000,0.797
476000,0.257,0.000,0.743
476500,0.219,0.000,0.781
477000,0.172,0.000,0.829
477500,0.218,0.002,0.779
478000,0.223,0.002,0.776
478500,0.194,0.009,0.798
479000,0.196,0.004,0.801
479500,0.261,0.001,0.739
480000,0.261,0.000,0.739
480500,0.247,0.000,0.752
481000,0.233,0.000,0.767
481500,0.197,0.000,0.803
482000,0.231,0.000,0.769
482500,0.214,0.006,0.779
483000,0.229,0.000,0.771
483500,0.210,0.001,0.789
484000,0.207,0.000,0.793
484500,0.200,0.000,0.800
485000,0.226,0.002,0.772
485500,0.271,0.005,0.725
486000,0.254,0.000,0.746
486500,0.253,0.000,0.748
487000,0.260,0.000,0.740
487500,0.247,0.001,0.753
488000,0.226,0.000,0.774
488500,0.231,0.000,0.769
489000,0.222,0.000,0.778
489500,0.248,0.000,0.752
490000,0.208,0.000,0.791
490500,0.223,0.003,0.774
491000,0.255,0.000,0.745
491500,0.273,0.000,0.727
492000,0.235,0.008,0.757
492500,0.204,0.007,0.789
493000,0.243,0.001,0.756
493500,0.223,0.000,0.777
494000,0.277,0.000,0.723
494500,0.234,0.000,0.766
495000,0.277,0.000,0.724
495500,0.184,0.001,0.815
496000,0.195,0.001,0.804
496500,0.194,0.001,0.805
497000,0.186,0.013,0.800
497500,0.249,0.001,0.749
498000,0.234,0.002,0.764
498500,0.216,0.007,0.777
499000,0.241,0.001,0.757
499500,0.216,0.001,0.783
500000,0.275,0.000,0.725
500500,0.248,0.000,0.752
501000,0.237,0.000,0.762
501500,0.205,0.000,0.795
502000,0.237,0.000,0.762
502500,0.230,0.000,0.770
503000,0.190,0.002,0.808
503500,0.194,0.004,0.802
504000,0.196,0.001,0.803
504500,0.277,0.000,0.724
505000,0.303,0.008,0.689
505500,0.245,0.001,0.754
506000,0.188,0.003,0.810
506500,0.188,0.001,0.811
507000,0.241,0.000,0.758
507500,0.235,0.000,0.764
508000,0.280,0.000,0.720
508500,0.208,0.004,0.789
509000,0.200,0.003,0.798
509500,0.179,0.007,0.814
510000,0.199,0.009,0.791
510500,0.210,0.001,0.790
511000,0.234,0.000,0.766
511500,0.252,0.004,0.744
512000,0.270,0.001,0.730
512500,0.240,0.000,0.760
513000,0.251,0.000,0.750
513500,0.215,0.000,0.784
514000,0.184,0.000,0.816
514500,0.206,0.000,0.794
515000,0.279,0.002,0.720
515500,0.232,0.000,0.768
516000,0.232,0.000,0.768
516500,0.211,0.000,0.788
517000,0.201,0.000,0.799
517500,0.237,0.001,0.763
518000,0.191,0.000,0.809
518500,0.254,0.004,0.743
519000,0.234,0.002,0.764
519500,0.292,0.000,0.708
520000,0.209,0.000,0.791
520500,0.200,0.000,0.800
521000,0.214,0.000,0.786
521500,0.249,0.000,0.750
522000,0.213,0.005,0.782
522500,0.264,0.001,0.735
523000,0.241,0.000,0.758
523500,0.262,0.000,0.738
524000,0.274,0.000,0.726
524500,0.259,0.000,0.741
525000,0.231,0.004,0.765
525500,0.195,0.004,0.801
526000,0.249,0.004,0.747
526500,0.286,0.000,0.714
527000,0.240,0.000,0.760
527500,0.232,0.000,0.768
528000,0.236,0.000,0.764
528500,0.218,0.002,0.781
529000,0.236,0.001,0.763
529500,0.225,0.000,0.775
530000,0.214,0.000,0.786
530500,0.212,0.000,0.788
531000,0.206,0.000,0.793
531500,0.210,0.002,0.788
532000,0.191,0.001,0.808
532500,0.212,0.000,0.787
533000,0.174,0.000,0.826
533500,0.257,0.000,0.743
534000,0.247,0.000,0.753
534500,0.201,0.000,0.799
535000,0.218,0.001,0.781
535500,0.188,0.001,0.812
536000,0.245,0.004,0.751
536500,0.230,0.001,0.769
537000,0.231,0.003,0.766
537500,0.214,0.001,0.785
538000,0.225,0.002,0.774
538500,0.247,0.002,0.750
539000,0.190,0.000,0.810
539500,0.227,0.001,0.772
540000,0.195,0.003,0.802
540500,0.221,0.001,0.779
541000,0.212,0.000,0.787
541500,0.230,0.000,0.770
542000,0.227,0.000,0.773
542500,0.296,0.000,0.704
543000,0.267,0.000,0.734
543500,0.202,0.009,0.789
544000,0.169,0.010,0.822
544500,0.185,0.005,0.809
545000,0.229,0.002,0.770
545500,0.255,0.001,0.744
546000,0.208,0.008,0.784
546500,0.254,0.002,0.745
547000,0.217,0.000,0.782
547500,0.225,0.002,0.774
548000,0.192,0.003,0.806
548500,0.214,0.000,0.785
549000,0.204,0.000,0.795
549500,0.245,0.001,0.753
550000,0.231,0.000,0.769
550500,0.269,0.000,0.732
551000,0.256,0.000,0.744
551500,0.243,0.000,0.757
552000,0.230,0.000,0.770
552500,0.248,0.000,0.752
553000,0.217,0.002,0.782
553500,0.219,0.000,0.781
554000,0.140,0.012,0.848
554500,0.229,0.002,0.770
555000,0.259,0.000,0.742
555500,0.247,0.000,0.753
556000,0.233,0.000,0.767
556500,0.175,0.000,0.825
557000,0.204,0.009,0.788
557500,0.218,0.005,0.777
558000,0.253,0.001,0.747
558500,0.229,0.007,0.764
559000,0.220,0.000,0.780
559500,0.220,0.000,0.780
560000,0.191,0.002,0.807
560500,0.231,0.001,0.769
561000,0.190,0.006,0.804
561500,0.256,0.001,0.744
562000,0.244,0.000,0.756
562500,0.192,0.000,0.808
563000,0.217,0.000,0.782
563500,0.218,0.000,0.781
564000,0.198,0.003,0.800
564500,0.242,0.002,0.757
565000,0.218,0.000,0.781
565500,0.228,0.000,0.772
566000,0.261,0.001,0.739
566500,0.242,0.000,0.758
567000,0.208,0.001,0.791
567500,0.223,0.000,0.777
568000,0.192,0.006,0.802
568500,0.188,0.001,0.811
569000,0.258,0.000,0.742
569500,0.244,0.000,0.756
570000,0.229,0.003,0.769
570500,0.292,0.000,0.708
571000,0.244,0.000,0.756
571500,0.278,0.000,0.722
572000,0.229,0.000,0.771
572500,0.206,0.000,0.793
573000,0.247,0.000,0.752
573500,0.210,0.000,0.789
574000,0.239,0.009,0.753
574500,0.200,0.002,0.799
575000,0.200,0.004,0.796
575500,0.203,0.001,0.796
576000,0.209,0.000,0.790
576500,0.223,0.000,0.777
577000,0.244,0.004,0.752
577500,0.219,0.000,0.781
578000,0.255,0.000,0.745
578500,0.248,0.000,0.752
579000,0.231,0.000,0.769
579500,0.216,0.000,0.784
580000,0.240,0.000,0.760
580500,0.234,0.000,0.766
581000,0.265,0.000,0.736
581500,0.215,0.000,0.784
582000,0.245,0.000,0.754
582500,0.234,0.000,0.766
583000,0.260,0.000,0.740
583500,0.217,0.002,0.781
584000,0.183,0.004,0.813
584500,0.194,0.011,0.795
585000,0.203,0.004,0.793
585500,0.193,0.005,0.801
586000,0.229,0.000,0.771
586500,0.248,0.000,0.752
587000,0.228,0.000,0.772
587500,0.228,0.000,0.772
588000,0.230,0.000,0.770
588500,0.258,0.000,0.742
589000,0.226,0.000,0.774
589500,0.216,0.000,0.783
590000,0.227,0.000,0.773
590500,0.265,0.000,0.736
591000,0.274,0.000,0.726
591500,0.235,0.000,0.764
592000,0.239,0.000,0.761
592500,0.235,0.000,0.765
593000,0.211,0.000,0.788
593500,0.206,0.001,0.792
594000,0.212,0.002,0.787
594500,0.233,0.003,0.765
595000,0.230,0.002,0.768
595500,0.259,0.000,0.742
596000,0.217,0.000,0.782
596500,0.241,0.000,0.759
597000,0.237,0.000,0.762
597500,0.275,0.000,0.726
598000,0.224,0.000,0.776
598500,0.167,0.003,0.830
599000,0.252,0.000,0.748
599500,0.214,0.003,0.783
600000,0.204,0.000,0.796
600500,0.234,0.007,0.759
601000,0.203,0.002,0.795
601500,0.249,0.000,0.750
602000,0.236,0.003,0.761
602500,0.194,0.006,0.800
603000,0.228,0.002,0.771
603500,0.175,0.005,0.820
604000,0.235,0.001,0.764
604500,0.226,0.001,0.774
605000,0.230,0.000,0.770
605500,0.265,0.000,0.735
606000,0.238,0.000,0.762
606500,0.256,0.000,0.744
607000,0.225,0.000,0.775
607500,0.189,0.001,0.810
608000,0.203,0.000,0.797
608500,0.217,0.000,0.782
609000,0.225,0.000,0.775
609500,0.197,0.000,0.803
610000,0.207,0.000,0.792
610500,0.211,0.000,0.789
611000,0.269,0.000,0.731
611500,0.199,0.012,0.789
612000,0.227,0.001,0.773
612500,0.267,0.004,0.730
613000,0.214,0.000,0.785
613500,0.217,0.003,0.780
614000,0.211,0.002,0.787
614500,0.283,0.001,0.716
615000,0.195,0.002,0.803
615500,0.227,0.000,0.773
616000,0.227,0.000,0.773
616500,0.280,0.000,0.720
617000,0.239,0.000,0.760
617500,0.223,0.000,0.777
618000,0.219,0.003,0.778
618500,0.254,0.001,0.746
619000,0.206,0.001,0.793
619500,0.184,0.000,0.816
620000,0.180,0.005,0.815
620500,0.218,0.001,0.781
621000,0.213,0.000,0.786
621500,0.197,0.000,0.803
622000,0.243,0.002,0.755
622500,0.228,0.000,0.772
623000,0.244,0.003,0.753
623500,0.266,0.000,0.734
624000,0.261,0.000,0.740
624500,0.205,0.000,0.795
625000,0.227,0.002,0.772
625500,0.200,0.001,0.800
626000,0.167,0.009,0.825
626500,0.199,0.001,0.801
627000,0.203,0.001,0.795
627500,0.202,0.004,0.794
628000,0.194,0.007,0.799
628500,0.213,0.007,0.779
629000,0.196,0.004,0.801
629500,0.238,0.000,0.762
630000,0.224,0.000,0.776
630500,0.203,0.005,0.791
631000,0.281,0.001,0.718
631500,0.233,0.000,0.767
632000,0.274,0.007,0.719
632500,0.201,0.004,0.795
633000,0.234,0.002,0.764
633500,0.226,0.000,0.774
634000,0.213,0.000,0.787
634500,0.272,0.004,0.724
635000,0.235,0.001,0.765
635500,0.222,0.000,0.778
636000,0.221,0.011,0.768
636500,0.288,0.001,0.712
637000,0.300,0.000,0.700
637500,0.239,0.000,0.761
638000,0.236,0.005,0.759
638500,0.228,0.006,0.766
639000,0.208,0.005,0.786
639500,0.267,0.000,0.734
640000,0.203,0.009,0.789
640500,0.237,0.012,0.751
641000,0.220,0.001,0.780
641500,0.215,0.000,0.784
642000,0.242,0.000,0.758
642500,0.266,0.000,0.734
643000,0.270,0.000,0.730
643500,0.217,0.002,0.780
644000,0.214,0.000,0.786
644500,0.207,0.002,0.791
645000,0.255,0.003,0.743
645500,0.235,0.000,0.764
646000,0.242,0.000,0.758
646500,0.161,0.011,0.829
647000,0.139,0.004,0.858
647500,0.184,0.004,0.812
648000,0.202,0.003,0.795
648500,0.227,0.000,0.773
649000,0.234,0.000,0.766
649500,0.271,0.004,0.726
650000,0.243,0.000,0.757
650500,0.245,0.000,0.754
651000,0.255,0.000,0.746
651500,0.268,0.000,0.732
652000,0.252,0.000,0.748
652500,0.191,0.000,0.809
653000,0.288,0.000,0.712
653500,0.237,0.000,0.762
654000,0.244,0.000,0.756
654500,0.247,0.000,0.753
655000,0.190,0.000,0.810
655500,0.234,0.004,0.762
656000,0.232,0.001,0.767
656500,0.242,0.000,0.758
657000,0.225,0.000,0.775
657500,0.254,0.000,0.746
658000,0.291,0.000,0.709
658500,0.258,0.000,0.742
659000,0.242,0.000,0.758
659500,0.234,0.000,0.766
660000,0.232,0.003,0.766
660500,0.223,0.003,0.774
661000,0.225,0.001,0.775
661500,0.217,0.009,0.774
662000,0.234,0.002,0.765
662500,0.276,0.000,0.724
663000,0.213,0.006,0.780
663500,0.238,0.001,0.761
664000,0.249,0.000,0.750
664500,0.250,0.000,0.750
665000,0.202,0.000,0.798
665500,0.225,0.000,0.775
666000,0.248,0.000,0.752
666500,0.230,0.000,0.770
667000,0.244,0.000,0.756
667500,0.216,0.000,0.783
668000,0.229,0.005,0.766
668500,0.233,0.001,0.767
669000,0.236,0.002,0.762
669500,0.207,0.000,0.792
670000,0.196,0.001,0.804
670500,0.234,0.000,0.766
671000,0.242,0.000,0.758
671500,0.252,0.000,0.748
672000,0.191,0.002,0.807
672500,0.235,0.001,0.765
673000,0.267,0.000,0.734
673500,0.268,0.000,0.732
674000,0.254,0.000,0.746
674500,0.260,0.000,0.740
675000,0.216,0.000,0.784
675500,0.228,0.015,0.757
676000,0.220,0.002,0.778
676500,0.207,0.001,0.792
677000,0.183,0.000,0.817
677500,0.225,0.005,0.770
678000,0.218,0.001,0.781
678500,0.263,0.002,0.736
679000,0.232,0.000,0.768
679500,0.224,0.000,0.776
680000,0.206,0.000,0.794
680500,0.254,0.000,0.746
681000,0.261,0.000,0.740
681500,0.224,0.006,0.770
682000,0.211,0.002,0.786
682500,0.254,0.001,0.746
683000,0.294,0.000,0.706
683500,0.279,0.000,0.722
684000,0.228,0.000,0.772
684500,0.238,0.000,0.762
685000,0.220,0.012,0.768
685500,0.214,0.004,0.781
686000,0.233,0.005,0.762
686500,0.248,0.000,0.752
687000,0.203,0.000,0.797
687500,0.203,0.000,0.796
688000,0.208,0.004,0.787
688500,0.195,0.002,0.803
689000,0.227,0.000,0.773
689500,0.243,0.000,0.757
690000,0.261,0.000,0.739
690500,0.204,0.000,0.795
691000,0.220,0.000,0.780
691500,0.218,0.000,0.782
692000,0.230,0.000,0.770
692500,0.222,0.000,0.778
693000,0.236,0.000,0.764
693500,0.188,0.000,0.812
694000,0.199,0.002,0.799
694500,0.207,0.000,0.792
695000,0.208,0.000,0.791
695500,0.227,0.000,0.773
696000,0.228,0.001,0.772
696500,0.259,0.000,0.741
697000,0.251,0.000,0.749
697500,0.248,0.000,0.752
698000,0.213,0.000,0.787
698500,0.261,0.000,0.739
699000,0.233,0.000,0.767
699500,0.263,0.000,0.738
700000,0.248,0.000,0.752
700500,0.281,0.000,0.719
701000,0.266,0.000,0.734
701500,0.228,0.000,0.772
702000,0.251,0.000,0.749
702500,0.289,0.000,0.711
703000,0.234,0.000,0.766
703500,0.227,0.000,0.773
704000,0.196,0.000,0.804
704500,0.222,0.009,0.770
705000,0.203,0.004,0.793
705500,0.205,0.001,0.795
706000,0.211,0.004,0.785
706500,0.216,0.001,0.784
707000,0.235,0.000,0.764
707500,0.262,0.003,0.735
708000,0.291,0.001,0.708
708500,0.230,0.001,0.770
709000,0.211,0.000,0.789
709500,0.195,0.004,0.800
710000,0.236,0.000,0.764
710500,0.234,0.001,0.765
711000,0.227,0.000,0.773
711500,0.267,0.000,0.733
712000,0.216,0.000,0.783
712500,0.230,0.000,0.770
713000,0.195,0.006,0.799
713500,0.221,0.006,0.773
714000,0.271,0.001,0.729
714500,0.290,0.000,0.710
715000,0.249,0.000,0.750
715500,0.276,0.000,0.724
716000,0.227,0.000,0.773
716500,0.212,0.000,0.787
717000,0.217,0.008,0.774
717500,0.193,0.002,0.805
718000,0.211,0.004,0.785
718500,0.239,0.000,0.761
719000,0.231,0.000,0.769
719500,0.218,0.003,0.779
720000,0.217,0.001,0.781
720500,0.203,0.000,0.797
721000,0.205,0.001,0.795
721500,0.237,0.000,0.763
722000,0.231,0.000,0.769
722500,0.254,0.000,0.746
723000,0.244,0.004,0.752
723500,0.222,0.002,0.777
724000,0.251,0.000,0.749
724500,0.262,0.000,0.738
725000,0.252,0.000,0.748
725500,0.203,0.001,0.796
726000,0.251,0.000,0.750
726500,0.219,0.000,0.781
727000,0.272,0.000,0.728
727500,0.227,0.000,0.773
728000,0.249,0.000,0.751
728500,0.218,0.000,0.781
729000,0.269,0.000,0.731
729500,0.239,0.000,0.760
730000,0.205,0.000,0.794
730500,0.247,0.000,0.753
731000,0.226,0.000,0.774
731500,0.223,0.000,0.777
732000,0.220,0.000,0.780
732500,0.209,0.000,0.790
733000,0.226,0.000,0.774
733500,0.270,0.000,0.730
734000,0.272,0.000,0.728
734500,0.223,0.000,0.777
735000,0.218,0.000,0.782
735500,0.241,0.000,0.759
736000,0.207,0.008,0.785
736500,0.222,0.000,0.778
737000,0.207,0.000,0.792
737500,0.199,0.003,0.798
738000,0.268,0.001,0.732
738500,0.319,0.000,0.681
739000,0.264,0.000,0.736
739500,0.221,0.000,0.779
740000,0.237,0.000,0.762
740500,0.252,0.000,0.748
741000,0.241,0.000,0.759
741500,0.246,0.000,0.754
742000,0.266,0.001,0.733
742500,0.213,0.004,0.783
743000,0.266,0.001,0.733
743500,0.203,0.006,0.790
744000,0.237,0.002,0.762
744500,0.217,0.001,0.782
745000,0.308,0.000,0.692
745500,0.320,0.000,0.680
746000,0.256,0.003,0.742
746500,0.208,0.004,0.788
747000,0.200,0.001,0.800
747500,0.183,0.007,0.809
748000,0.213,0.003,0.784
748500,0.199,0.000,0.801
749000,0.265,0.000,0.735
749500,0.265,0.000,0.735
750000,0.240,0.004,0.756
750500,0.194,0.001,0.805
751000,0.252,0.001,0.748
751500,0.253,0.003,0.745
752000,0.241,0.001,0.758
752500,0.256,0.000,0.744
753000,0.242,0.000,0.758
753500,0.209,0.000,0.791
754000,0.245,0.004,0.750
754500,0.183,0.001,0.816
755000,0.215,0.000,0.785
755500,0.247,0.000,0.753
756000,0.259,0.000,0.741
756500,0.213,0.000,0.787
757000,0.234,0.000,0.766
757500,0.279,0.000,0.722
758000,0.217,0.000,0.783
758500,0.226,0.001,0.774
759000,0.232,0.006,0.762
759500,0.252,0.001,0.747
760000,0.212,0.010,0.777
760500,0.231,0.003,0.767
761000,0.243,0.000,0.757
761500,0.271,0.000,0.729
762000,0.207,0.005,0.788
762500,0.225,0.001,0.775
763000,0.229,0.000,0.771
763500,0.195,0.001,0.804
764000,0.240,0.000,0.760
764500,0.231,0.004,0.766
765000,0.306,0.001,0.694
765500,0.200,0.000,0.800
766000,0.190,0.007,0.803
766500,0.190,0.003,0.807
767000,0.205,0.005,0.790
767500,0.251,0.000,0.749
768000,0.272,0.000,0.728
768500,0.217,0.000,0.783
769000,0.286,0.001,0.713
769500,0.232,0.001,0.768
770000,0.248,0.000,0.752
770500,0.238,0.000,0.762
771000,0.203,0.000,0.797
771500,0.196,0.000,0.804
772000,0.240,0.000,0.760
772500,0.222,0.000,0.778
773000,0.201,0.003,0.796
773500,0.221,0.002,0.777
774000,0.229,0.000,0.771
774500,0.205,0.000,0.794
775000,0.275,0.000,0.725
775500,0.274,0.000,0.726
776000,0.228,0.000,0.772
776500,0.231,0.001,0.768
777000,0.229,0.004,0.768
777500,0.224,0.007,0.769
778000,0.229,0.001,0.771
778500,0.199,0.005,0.796
779000,0.229,0.000,0.771
779500,0.227,0.000,0.773
780000,0.271,0.000,0.729
780500,0.224,0.000,0.776
781000,0.234,0.000,0.766
781500,0.231,0.003,0.767
782000,0.241,0.000,0.758
782500,0.213,0.000,0.786
783000,0.225,0.005,0.770
783500,0.217,0.004,0.779
784000,0.226,0.000,0.774
784500,0.249,0.000,0.751
785000,0.248,0.000,0.752
785500,0.242,0.000,0.758
786000,0.225,0.003,0.773
786500,0.248,0.000,0.752
787000,0.247,0.000,0.753
787500,0.233,0.000,0.767
788000,0.229,0.000,0.771
788500,0.216,0.000,0.784
789000,0.218,0.003,0.778
789500,0.226,0.000,0.774
790000,0.298,0.000,0.702
790500,0.245,0.000,0.754
791000,0.217,0.000,0.782
791500,0.216,0.007,0.777
792000,0.246,0.000,0.754
792500,0.237,0.001,0.763
793000,0.262,0.001,0.738
793500,0.224,0.006,0.770
794000,0.283,0.002,0.715
794500,0.247,0.001,0.752
795000,0.260,0.000,0.740
795500,0.228,0.000,0.772
796000,0.212,0.000,0.788
796500,0.234,0.001,0.766
797000,0.249,0.002,0.750
797500,0.198,0.003,0.800
798000,0.184,0.001,0.815
798500,0.208,0.000,0.792
799000,0.223,0.000,0.777
799500,0.230,0.001,0.770
800000,0.227,0.000,0.773
800500,0.228,0.003,0.770
801000,0.229,0.000,0.771
801500,0.209,0.000,0.790
802000,0.203,0.000,0.797
802500,0.245,0.001,0.753
803000,0.205,0.000,0.794
803500,0.282,0.001,0.718
804000,0.239,0.000,0.760
804500,0.225,0.009,0.767
805000,0.249,0.001,0.750
805500,0.241,0.000,0.759
806000,0.264,0.001,0.736
806500,0.247,0.000,0.753
807000,0.231,0.005,0.764
807500,0.231,0.009,0.760
808000,0.208,0.000,0.792
808500,0.248,0.000,0.752
809000,0.222,0.000,0.778
809500,0.199,0.005,0.796
810000,0.270,0.000,0.730
810500,0.279,0.000,0.721
811000,0.215,0.000,0.785
811500,0.252,0.003,0.745
812000,0.212,0.002,0.785
812500,0.198,0.000,0.802
813000,0.237,0.003,0.761
813500,0.279,0.000,0.722
814000,0.251,0.000,0.749
814500,0.200,0.000,0.800
815000,0.244,0.001,0.755
815500,0.195,0.000,0.805
816000,0.211,0.000,0.788
816500,0.200,0.002,0.799
817000,0.240,0.000,0.760
817500,0.216,0.000,0.784
818000,0.210,0.001,0.788
818500,0.218,0.000,0.782
819000,0.228,0.000,0.772
819500,0.214,0.002,0.783
820000,0.212,0.005,0.782
820500,0.254,0.002,0.744
821000,0.239,0.001,0.759
821500,0.251,0.000,0.750
822000,0.220,0.000,0.780
822500,0.215,0.003,0.783
823000,0.177,0.006,0.817
823500,0.191,0.004,0.805
824000,0.205,0.002,0.792
824500,0.220,0.000,0.780
825000,0.218,0.007,0.774
825500,0.248,0.001,0.751
826000,0.203,0.000,0.797
826500,0.227,0.000,0.773
827000,0.226,0.010,0.764
827500,0.207,0.004,0.788
828000,0.202,0.000,0.798
828500,0.245,0.000,0.754
829000,0.220,0.000,0.780
829500,0.233,0.000,0.767
830000,0.224,0.005,0.771
830500,0.252,0.001,0.748
831000,0.192,0.001,0.808
831500,0.207,0.000,0.792
832000,0.234,0.000,0.766
832500,0.239,0.000,0.760
833000,0.248,0.007,0.745
833500,0.215,0.001,0.783
834000,0.236,0.001,0.764
834500,0.243,0.000,0.757
835000,0.251,0.000,0.749
835500,0.238,0.000,0.762
836000,0.222,0.000,0.778
836500,0.191,0.004,0.804
837000,0.185,0.001,0.815
837500,0.275,0.001,0.725
838000,0.284,0.000,0.716
838500,0.227,0.000,0.773
839000,0.244,0.000,0.756
839500,0.291,0.000,0.709
840000,0.249,0.005,0.745
840500,0.231,0.001,0.769
841000,0.209,0.000,0.790
841500,0.199,0.005,0.796
842000,0.193,0.001,0.806
842500,0.230,0.000,0.770
843000,0.305,0.000,0.695
843500,0.199,0.000,0.801
844000,0.188,0.000,0.812
844500,0.175,0.000,0.825
845000,0.238,0.003,0.759
845500,0.246,0.000,0.754
846000,0.214,0.000,0.786
846500,0.236,0.009,0.756
847000,0.211,0.004,0.785
847500,0.229,0.001,0.770
848000,0.272,0.000,0.728
848500,0.267,0.000,0.734
849000,0.236,0.008,0.756
849500,0.310,0.003,0.687
850000,0.253,0.001,0.747
850500,0.261,0.000,0.740
851000,0.268,0.000,0.732
851500,0.211,0.004,0.785
852000,0.247,0.001,0.752
852500,0.248,0.000,0.752
853000,0.272,0.000,0.728
853500,0.226,0.000,0.774
854000,0.244,0.000,0.756
854500,0.238,0.000,0.762
855000,0.199,0.002,0.800
855500,0.231,0.000,0.769
856000,0.246,0.003,0.751
856500,0.249,0.000,0.751
857000,0.256,0.000,0.744
857500,0.258,0.000,0.742
858000,0.291,0.004,0.706
858500,0.278,0.000,0.722
859000,0.260,0.005,0.735
859500,0.215,0.002,0.783
860000,0.192,0.000,0.808
860500,0.198,0.001,0.801
861000,0.266,0.000,0.734
861500,0.187,0.000,0.813
862000,0.202,0.005,0.793
862500,0.175,0.006,0.819
863000,0.191,0.006,0.803
863500,0.208,0.000,0.791
864000,0.242,0.000,0.758
864500,0.239,0.000,0.761
865000,0.204,0.000,0.795
865500,0.181,0.000,0.819
866000,0.191,0.002,0.808
866500,0.233,0.001,0.767
867000,0.203,0.003,0.794
867500,0.238,0.001,0.761
868000,0.212,0.000,0.788
868500,0.195,0.000,0.805
869000,0.201,0.009,0.791
869500,0.209,0.004,0.787
870000,0.227,0.001,0.773
870500,0.278,0.000,0.722
871000,0.228,0.000,0.772
871500,0.228,0.000,0.772
872000,0.192,0.006,0.802
872500,0.262,0.001,0.737
873000,0.232,0.000,0.768
873500,0.215,0.000,0.784
874000,0.281,0.000,0.719
874500,0.266,0.003,0.732
875000,0.230,0.000,0.770
875500,0.209,0.000,0.791
876000,0.213,0.004,0.783
876500,0.200,0.009,0.791
877000,0.263,0.001,0.737
877500,0.246,0.000,0.754
878000,0.254,0.000,0.746
878500,0.263,0.000,0.737
879000,0.214,0.000,0.785
879500,0.230,0.001,0.769
880000,0.220,0.005,0.775
880500,0.250,0.006,0.744
881000,0.199,0.001,0.800
881500,0.225,0.000,0.775
882000,0.276,0.000,0.724
882500,0.223,0.000,0.777
883000,0.190,0.000,0.810
883500,0.207,0.000,0.793
884000,0.195,0.000,0.805
884500,0.190,0.002,0.809
885000,0.217,0.003,0.779
885500,0.200,0.000,0.800
886000,0.264,0.001,0.736
886500,0.190,0.000,0.810
887000,0.215,0.006,0.778
887500,0.201,0.011,0.789
888000,0.254,0.001,0.746
888500,0.257,0.000,0.744
889000,0.229,0.000,0.771
889500,0.200,0.000,0.800
890000,0.223,0.000,0.777
890500,0.242,0.002,0.756
891000,0.292,0.001,0.707
891500,0.213,0.000,0.787
892000,0.220,0.000,0.780
892500,0.234,0.000,0.766
893000,0.243,0.000,0.757
893500,0.253,0.003,0.745
894000,0.221,0.000,0.779
894500,0.195,0.006,0.799
895000,0.202,0.001,0.797
895500,0.224,0.000,0.776
896000,0.216,0.000,0.783
896500,0.209,0.000,0.790
897000,0.180,0.007,0.812
897500,0.236,0.004,0.760
898000,0.258,0.001,0.742
898500,0.241,0.000,0.759
899000,0.260,0.000,0.740
899500,0.198,0.000,0.802
900000,0.212,0.000,0.788
900500,0.214,0.003,0.782
901000,0.213,0.009,0.777
901500,0.245,0.003,0.752
902000,0.240,0.000,0.760
902500,0.260,0.000,0.740
903000,0.237,0.002,0.762
903500,0.276,0.000,0.724
904000,0.225,0.000,0.775
904500,0.234,0.000,0.766
905000,0.259,0.000,0.742
905500,0.221,0.000,0.779
906000,0.246,0.005,0.749
906500,0.269,0.002,0.730
907000,0.240,0.000,0.760
907500,0.184,0.005,0.811
908000,0.182,0.001,0.817
908500,0.213,0.000,0.786
909000,0.203,0.000,0.797
909500,0.218,0.003,0.778
910000,0.195,0.002,0.803
910500,0.258,0.000,0.742
911000,0.227,0.000,0.773
911500,0.202,0.001,0.798
912000,0.247,0.000,0.753
912500,0.225,0.000,0.775
913000,0.221,0.000,0.779
913500,0.171,0.000,0.830
914000,0.255,0.000,0.746
914500,0.219,0.000,0.781
915000,0.197,0.011,0.791
915500,0.232,0.000,0.768
916000,0.223,0.000,0.777
916500,0.207,0.000,0.793
917000,0.270,0.000,0.730
917500,0.219,0.000,0.781
918000,0.233,0.000,0.767
918500,0.229,0.000,0.771
919000,0.259,0.000,0.741
919500,0.216,0.000,0.784
920000,0.228,0.011,0.761
920500,0.188,0.004,0.808
921000,0.215,0.001,0.784
921500,0.234,0.001,0.765
922000,0.242,0.000,0.758
922500,0.267,0.001,0.732
923000,0.331,0.000,0.669
923500,0.254,0.000,0.746
924000,0.272,0.000,0.728
924500,0.232,0.000,0.768
925000,0.254,0.000,0.746
925500,0.218,0.015,0.766
926000,0.198,0.001,0.802
926500,0.222,0.000,0.778
927000,0.221,0.005,0.774
927500,0.276,0.001,0.724
928000,0.219,0.001,0.781
928500,0.271,0.001,0.729
929000,0.211,0.000,0.789
929500,0.226,0.000,0.774
930000,0.217,0.000,0.783
930500,0.234,0.005,0.761
931000,0.248,0.000,0.752
931500,0.231,0.000,0.769
932000,0.213,0.003,0.785
932500,0.237,0.007,0.755
933000,0.215,0.002,0.784
933500,0.227,0.000,0.773
934000,0.226,0.000,0.774
934500,0.216,0.000,0.783
935000,0.200,0.007,0.793
935500,0.223,0.000,0.777
936000,0.195,0.000,0.805
936500,0.195,0.002,0.803
937000,0.236,0.000,0.764
937500,0.267,0.000,0.734
938000,0.228,0.000,0.772
938500,0.218,0.000,0.781
939000,0.243,0.000,0.757
939500,0.215,0.000,0.785
940000,0.234,0.000,0.766
940500,0.219,0.000,0.781
941000,0.213,0.000,0.787
941500,0.218,0.000,0.782
942000,0.255,0.000,0.745
942500,0.277,0.000,0.723
943000,0.299,0.000,0.701
943500,0.253,0.000,0.748
944000,0.248,0.000,0.752
944500,0.265,0.000,0.735
945000,0.207,0.000,0.792
945500,0.283,0.000,0.717
946000,0.277,0.000,0.723
946500,0.208,0.000,0.792
947000,0.242,0.000,0.758
947500,0.241,0.000,0.758
948000,0.259,0.000,0.742
948500,0.229,0.000,0.771
949000,0.245,0.000,0.754
949500,0.258,0.000,0.742
950000,0.214,0.000,0.785
950500,0.239,0.001,0.759
951000,0.213,0.000,0.786
951500,0.208,0.003,0.788
952000,0.196,0.000,0.804
952500,0.248,0.000,0.752
953000,0.225,0.000,0.775
953500,0.267,0.000,0.734
954000,0.244,0.000,0.756
954500,0.237,0.000,0.763
955000,0.259,0.000,0.742
955500,0.240,0.000,0.760
956000,0.222,0.000,0.778
956500,0.221,0.000,0.779
957000,0.237,0.000,0.762
957500,0.242,0.000,0.758
958000,0.197,0.000,0.803
958500,0.209,0.000,0.791
959000,0.231,0.000,0.769
959500,0.241,0.000,0.758
960000,0.176,0.005,0.818
960500,0.199,0.007,0.794
961000,0.214,0.003,0.783
961500,0.197,0.004,0.799
962000,0.206,0.000,0.794
962500,0.202,0.005,0.793
963000,0.234,0.000,0.766
963500,0.210,0.000,0.790
964000,0.188,0.000,0.812
964500,0.257,0.005,0.738
965000,0.251,0.002,0.748
965500,0.202,0.002,0.797
966000,0.224,0.001,0.775
966500,0.234,0.005,0.761
967000,0.245,0.001,0.755
967500,0.229,0.000,0.771
968000,0.198,0.000,0.802
968500,0.252,0.000,0.748
969000,0.251,0.000,0.749
969500,0.240,0.000,0.760
970000,0.203,0.000,0.797
970500,0.206,0.006,0.788
971000,0.200,0.000,0.800
971500,0.244,0.000,0.756
972000,0.258,0.000,0.742
972500,0.222,0.009,0.770
973000,0.216,0.002,0.782
973500,0.207,0.015,0.777
974000,0.229,0.003,0.768
974500,0.218,0.001,0.781
975000,0.243,0.000,0.756
975500,0.240,0.000,0.760
976000,0.254,0.000,0.746
976500,0.221,0.004,0.776
977000,0.198,0.001,0.802
977500,0.215,0.000,0.785
978000,0.259,0.000,0.741
978500,0.218,0.003,0.778
979000,0.188,0.001,0.811
979500,0.227,0.001,0.773
980000,0.246,0.009,0.745
980500,0.217,0.001,0.783
981000,0.224,0.001,0.776
981500,0.231,0.001,0.769
982000,0.264,0.000,0.736
982500,0.221,0.000,0.779
983000,0.185,0.002,0.813
983500,0.204,0.000,0.796
984000,0.254,0.000,0.746
984500,0.277,0.000,0.723
985000,0.211,0.000,0.789
985500,0.281,0.000,0.719
986000,0.271,0.003,0.727
986500,0.249,0.000,0.750
987000,0.224,0.002,0.775
987500,0.240,0.000,0.760
988000,0.253,0.001,0.747
988500,0.227,0.000,0.773
989000,0.274,0.000,0.726
989500,0.272,0.000,0.728
990000,0.236,0.000,0.764
990500,0.218,0.000,0.782
991000,0.206,0.000,0.793
991500,0.235,0.006,0.759
992000,0.203,0.006,0.791
992500,0.205,0.002,0.793
993000,0.191,0.000,0.809
993500,0.205,0.001,0.794
994000,0.223,0.000,0.777
994500,0.219,0.000,0.781
995000,0.205,0.000,0.794
995500,0.191,0.005,0.804
996000,0.205,0.001,0.794
996500,0.189,0.000,0.811
997000,0.199,0.000,0.801
997500,0.252,0.000,0.748
998000,0.259,0.000,0.742
998500,0.242,0.000,0.758
999000,0.192,0.004,0.805
999500,0.206,0.001,0.794
1000000,0.281,0.000,0.720
