time,n_A+p,n_B,n_AB
0,0.449,0.551,0.000
500,0.353,0.511,0.136
1000,0.301,0.518,0.181
1500,0.294,0.510,0.196
2000,0.286,0.525,0.189
2500,0.274,0.514,0.212
3000,0.268,0.513,0.220
3500,0.270,0.506,0.225
4000,0.309,0.474,0.217
4500,0.301,0.474,0.225
5000,0.281,0.485,0.234
5500,0.261,0.520,0.219
6000,0.249,0.531,0.220
6500,0.239,0.523,0.238
7000,0.251,0.539,0.209
7500,0.246,0.515,0.239
8000,0.247,0.523,0.230
8500,0.249,0.499,0.251
9000,0.247,0.495,0.257
9500,0.245,0.511,0.244
10000,0.258,0.499,0.242
10500,0.237,0.521,0.242
11000,0.221,0.539,0.240
11500,0.234,0.516,0.250
12000,0.219,0.546,0.235
12500,0.206,0.554,0.240
13000,0.212,0.526,0.261
13500,0.217,0.556,0.228
14000,0.236,0.549,0.216
14500,0.255,0.517,0.228
15000,0.264,0.502,0.235
15500,0.251,0.471,0.278
16000,0.255,0.484,0.260
16500,0.258,0.482,0.259
17000,0.269,0.492,0.239
17500,0.263,0.482,0.255
18000,0.304,0.463,0.233
18500,0.289,0.435,0.276
19000,0.281,0.453,0.267
19500,0.245,0.492,0.263
20000,0.222,0.491,0.287
20500,0.245,0.468,0.287
21000,0.246,0.489,0.265
21500,0.237,0.481,0.282
22000,0.247,0.491,0.261
22500,0.258,0.467,0.275
23000,0.243,0.458,0.299
23500,0.268,0.449,0.283
24000,0.273,0.443,0.284
24500,0.256,0.472,0.272
25000,0.270,0.473,0.257
25500,0.247,0.485,0.268
26000,0.241,0.491,0.268
26500,0.242,0.497,0.260
27000,0.218,0.532,0.250
27500,0.236,0.496,0.268
28000,0.222,0.503,0.276
28500,0.216,0.490,0.294
29000,0.223,0.455,0.323
29500,0.239,0.455,0.306
30000,0.232,0.484,0.284
30500,0.217,0.495,0.288
31000,0.195,0.509,0.296
31500,0.184,0.523,0.293
32000,0.161,0.547,0.291
32500,0.162,0.550,0.288
33000,0.162,0.539,0.298
33500,0.183,0.549,0.269
34000,0.185,0.550,0.266
34500,0.231,0.495,0.274
35000,0.220,0.487,0.293
35500,0.199,0.509,0.292
36000,0.198,0.527,0.275
36500,0.207,0.508,0.285
37000,0.201,0.498,0.300
37500,0.213,0.479,0.307
38000,0.213,0.501,0.286
38500,0.199,0.531,0.270
39000,0.189,0.525,0.286
39500,0.175,0.551,0.275
40000,0.170,0.526,0.304
40500,0.161,0.526,0.313
41000,0.147,0.533,0.320
41500,0.153,0.531,0.316
42000,0.164,0.523,0.313
42500,0.182,0.513,0.305
43000,0.192,0.511,0.297
43500,0.192,0.519,0.289
44000,0.201,0.484,0.315
44500,0.191,0.504,0.305
45000,0.197,0.509,0.294
45500,0.184,0.526,0.290
46000,0.185,0.523,0.292
46500,0.201,0.514,0.285
47000,0.202,0.508,0.290
47500,0.194,0.511,0.295
48000,0.189,0.531,0.280
48500,0.171,0.537,0.292
49000,0.156,0.554,0.290
49500,0.176,0.533,0.291
50000,0.162,0.569,0.269
50500,0.186,0.553,0.261
51000,0.164,0.545,0.290
51500,0.162,0.557,0.281
52000,0.155,0.561,0.284
52500,0.171,0.547,0.282
53000,0.164,0.577,0.258
53500,0.191,0.573,0.236
54000,0.195,0.553,0.252
54500,0.194,0.515,0.291
55000,0.218,0.517,0.266
55500,0.215,0.524,0.261
56000,0.198,0.525,0.277
56500,0.184,0.535,0.281
57000,0.192,0.525,0.283
57500,0.183,0.523,0.294
58000,0.187,0.518,0.295
58500,0.192,0.541,0.267
59000,0.182,0.565,0.253
59500,0.169,0.554,0.278
60000,0.160,0.554,0.286
60500,0.156,0.566,0.278
61000,0.158,0.554,0.288
61500,0.163,0.557,0.280
62000,0.159,0.545,0.295
62500,0.144,0.594,0.261
63000,0.144,0.594,0.261
63500,0.133,0.616,0.251
64000,0.147,0.618,0.235
64500,0.153,0.607,0.240
65000,0.144,0.632,0.224
65500,0.130,0.642,0.228
66000,0.116,0.655,0.229
66500,0.128,0.636,0.236
67000,0.123,0.647,0.231
67500,0.127,0.625,0.248
68000,0.125,0.631,0.244
68500,0.127,0.651,0.223
69000,0.109,0.665,0.226
69500,0.102,0.676,0.222
70000,0.109,0.658,0.233
70500,0.114,0.654,0.232
71000,0.135,0.639,0.226
71500,0.146,0.642,0.211
72000,0.144,0.636,0.220
72500,0.148,0.611,0.241
73000,0.162,0.606,0.232
73500,0.138,0.639,0.223
74000,0.140,0.630,0.230
74500,0.126,0.652,0.223
75000,0.131,0.641,0.228
75500,0.137,0.624,0.239
76000,0.165,0.597,0.238
76500,0.159,0.602,0.239
77000,0.171,0.589,0.240
77500,0.172,0.559,0.270
78000,0.168,0.558,0.275
78500,0.182,0.530,0.288
79000,0.213,0.513,0.274
79500,0.190,0.523,0.287
80000,0.164,0.563,0.273
80500,0.161,0.555,0.284
81000,0.187,0.522,0.291
81500,0.189,0.533,0.278
82000,0.165,0.539,0.295
82500,0.185,0.525,0.290
83000,0.194,0.521,0.285
83500,0.202,0.532,0.266
84000,0.192,0.534,0.274
84500,0.174,0.533,0.293
85000,0.193,0.534,0.273
85500,0.178,0.540,0.282
86000,0.160,0.545,0.294
86500,0.180,0.558,0.263
87000,0.194,0.541,0.265
87500,0.218,0.526,0.256
88000,0.191,0.554,0.255
88500,0.186,0.568,0.246
89000,0.184,0.543,0.273
89500,0.194,0.522,0.284
90000,0.190,0.494,0.316
90500,0.193,0.494,0.313
91000,0.225,0.482,0.293
91500,0.205,0.497,0.297
92000,0.204,0.505,0.291
92500,0.194,0.497,0.308
93000,0.209,0.494,0.296
93500,0.208,0.498,0.293
94000,0.189,0.525,0.286
94500,0.202,0.498,0.299
95000,0.209,0.487,0.303
95500,0.213,0.490,0.296
96000,0.256,0.469,0.275
96500,0.231,0.456,0.314
97000,0.236,0.442,0.322
97500,0.230,0.454,0.317
98000,0.244,0.466,0.290
98500,0.240,0.444,0.316
99000,0.261,0.434,0.304
99500,0.239,0.448,0.313
100000,0.253,0.444,0.302
100500,0.257,0.420,0.323
101000,0.252,0.433,0.315
101500,0.232,0.457,0.312
102000,0.242,0.451,0.306
102500,0.227,0.469,0.304
103000,0.228,0.449,0.323
103500,0.234,0.454,0.313
104000,0.225,0.446,0.329
104500,0.230,0.423,0.347
105000,0.227,0.456,0.318
105500,0.256,0.434,0.309
106000,0.246,0.422,0.332
106500,0.224,0.471,0.305
107000,0.248,0.450,0.301
107500,0.231,0.431,0.338
108000,0.202,0.469,0.329
108500,0.228,0.473,0.299
109000,0.221,0.474,0.305
109500,0.239,0.450,0.311
110000,0.248,0.451,0.300
110500,0.259,0.467,0.274
111000,0.257,0.422,0.321
111500,0.250,0.413,0.337
112000,0.254,0.416,0.330
112500,0.278,0.411,0.312
113000,0.244,0.423,0.333
113500,0.263,0.409,0.329
114000,0.255,0.385,0.360
114500,0.234,0.409,0.358
115000,0.263,0.383,0.354
115500,0.251,0.422,0.327
116000,0.298,0.386,0.316
116500,0.333,0.370,0.297
117000,0.366,0.309,0.325
117500,0.355,0.303,0.341
118000,0.402,0.282,0.316
118500,0.388,0.288,0.324
119000,0.384,0.328,0.288
119500,0.372,0.326,0.302
120000,0.373,0.325,0.302
120500,0.353,0.347,0.299
121000,0.323,0.370,0.307
121500,0.341,0.331,0.328
122000,0.338,0.334,0.328
122500,0.325,0.324,0.351
123000,0.324,0.344,0.332
123500,0.314,0.330,0.356
124000,0.303,0.307,0.389
124500,0.335,0.321,0.344
125000,0.364,0.303,0.333
125500,0.392,0.275,0.333
126000,0.392,0.283,0.325
126500,0.426,0.261,0.313
127000,0.434,0.276,0.290
127500,0.426,0.261,0.313
128000,0.423,0.253,0.324
128500,0.409,0.256,0.335
129000,0.414,0.252,0.334
129500,0.420,0.264,0.317
130000,0.398,0.279,0.323
130500,0.369,0.305,0.326
131000,0.338,0.321,0.341
131500,0.306,0.366,0.328
132000,0.335,0.325,0.340
132500,0.316,0.356,0.328
133000,0.322,0.342,0.336
133500,0.308,0.354,0.337
134000,0.307,0.353,0.339
134500,0.296,0.376,0.328
135000,0.334,0.339,0.327
135500,0.368,0.327,0.305
136000,0.380,0.318,0.302
136500,0.363,0.316,0.322
137000,0.352,0.327,0.321
137500,0.340,0.337,0.323
138000,0.339,0.335,0.326
138500,0.332,0.349,0.319
139000,0.311,0.372,0.318
139500,0.307,0.369,0.324
140000,0.282,0.410,0.308
140500,0.282,0.419,0.299
141000,0.292,0.392,0.316
141500,0.286,0.390,0.324
142000,0.287,0.400,0.313
142500,0.278,0.406,0.317
143000,0.274,0.406,0.321
143500,0.231,0.445,0.324
144000,0.220,0.445,0.335
144500,0.204,0.463,0.333
145000,0.216,0.473,0.312
145500,0.201,0.493,0.305
146000,0.212,0.486,0.301
146500,0.200,0.469,0.331
147000,0.185,0.484,0.331
147500,0.182,0.489,0.329
148000,0.180,0.505,0.316
148500,0.165,0.506,0.329
149000,0.171,0.515,0.315
149500,0.161,0.519,0.320
150000,0.157,0.531,0.312
150500,0.174,0.511,0.316
151000,0.148,0.539,0.313
151500,0.154,0.569,0.277
152000,0.159,0.539,0.301
152500,0.168,0.523,0.309
153000,0.188,0.489,0.323
153500,0.171,0.492,0.337
154000,0.183,0.488,0.329
154500,0.188,0.516,0.296
155000,0.215,0.467,0.319
155500,0.211,0.467,0.322
156000,0.207,0.488,0.304
156500,0.191,0.477,0.332
157000,0.182,0.510,0.308
157500,0.156,0.557,0.287
158000,0.158,0.551,0.291
158500,0.176,0.523,0.301
159000,0.159,0.538,0.302
159500,0.133,0.566,0.301
160000,0.144,0.550,0.306
160500,0.143,0.563,0.294
161000,0.165,0.515,0.320
161500,0.163,0.563,0.274
162000,0.153,0.568,0.279
162500,0.152,0.566,0.282
163000,0.141,0.560,0.299
163500,0.128,0.567,0.305
164000,0.134,0.578,0.288
164500,0.132,0.594,0.274
165000,0.125,0.589,0.286
165500,0.134,0.590,0.276
166000,0.136,0.599,0.266
166500,0.147,0.591,0.261
167000,0.117,0.592,0.290
167500,0.111,0.611,0.278
168000,0.126,0.625,0.249
168500,0.121,0.605,0.275
169000,0.113,0.623,0.264
169500,0.128,0.628,0.244
170000,0.142,0.625,0.233
170500,0.125,0.641,0.234
171000,0.136,0.619,0.245
171500,0.139,0.615,0.246
172000,0.123,0.624,0.253
172500,0.131,0.619,0.250
173000,0.125,0.624,0.251
173500,0.141,0.606,0.253
174000,0.139,0.606,0.255
174500,0.146,0.601,0.253
175000,0.160,0.582,0.257
175500,0.178,0.578,0.244
176000,0.160,0.592,0.247
176500,0.154,0.604,0.242
177000,0.140,0.639,0.221
177500,0.135,0.638,0.227
178000,0.148,0.621,0.231
178500,0.135,0.634,0.231
179000,0.115,0.637,0.247
179500,0.107,0.637,0.255
180000,0.118,0.626,0.255
180500,0.117,0.623,0.259
181000,0.107,0.636,0.256
181500,0.113,0.623,0.264
182000,0.123,0.631,0.246
182500,0.136,0.612,0.252
183000,0.138,0.616,0.246
183500,0.141,0.612,0.247
184000,0.171,0.610,0.220
184500,0.161,0.609,0.230
185000,0.154,0.582,0.264
185500,0.176,0.564,0.260
186000,0.176,0.550,0.275
186500,0.170,0.560,0.271
187000,0.143,0.602,0.255
187500,0.138,0.607,0.255
188000,0.132,0.586,0.282
188500,0.118,0.594,0.287
189000,0.122,0.598,0.281
189500,0.116,0.623,0.260
190000,0.109,0.636,0.254
190500,0.104,0.645,0.251
191000,0.110,0.645,0.245
191500,0.116,0.636,0.247
192000,0.107,0.660,0.233
192500,0.096,0.680,0.224
193000,0.083,0.697,0.221
193500,0.105,0.674,0.221
194000,0.096,0.710,0.194
194500,0.088,0.707,0.205
195000,0.089,0.703,0.208
195500,0.118,0.674,0.207
196000,0.117,0.652,0.231
196500,0.124,0.646,0.231
197000,0.120,0.646,0.235
197500,0.113,0.657,0.230
198000,0.129,0.642,0.229
198500,0.105,0.652,0.243
199000,0.092,0.677,0.231
199500,0.097,0.686,0.217
200000,0.097,0.697,0.206
200500,0.088,0.679,0.233
201000,0.103,0.663,0.234
201500,0.111,0.637,0.251
202000,0.130,0.622,0.248
202500,0.155,0.603,0.242
203000,0.170,0.588,0.242
203500,0.166,0.585,0.248
204000,0.154,0.592,0.253
204500,0.145,0.587,0.268
205000,0.134,0.585,0.281
205500,0.140,0.577,0.283
206000,0.137,0.575,0.288
206500,0.122,0.612,0.267
207000,0.116,0.629,0.254
207500,0.160,0.586,0.253
208000,0.162,0.565,0.273
208500,0.158,0.571,0.271
209000,0.139,0.610,0.251
209500,0.129,0.629,0.242
210000,0.118,0.649,0.233
210500,0.126,0.634,0.240
211000,0.122,0.617,0.261
211500,0.106,0.608,0.286
212000,0.120,0.626,0.254
212500,0.108,0.612,0.280
213000,0.118,0.626,0.255
213500,0.113,0.649,0.238
214000,0.107,0.665,0.228
214500,0.091,0.674,0.235
215000,0.093,0.695,0.212
215500,0.100,0.680,0.220
216000,0.087,0.698,0.216
216500,0.084,0.704,0.212
217000,0.082,0.723,0.195
217500,0.099,0.699,0.202
218000,0.091,0.670,0.239
218500,0.096,0.664,0.240
219000,0.099,0.678,0.223
219500,0.104,0.650,0.246
220000,0.097,0.684,0.219
220500,0.105,0.677,0.218
221000,0.121,0.673,0.206
221500,0.103,0.675,0.222
222000,0.094,0.652,0.254
222500,0.097,0.648,0.255
223000,0.113,0.622,0.265
223500,0.096,0.655,0.249
224000,0.091,0.671,0.238
224500,0.115,0.654,0.231
225000,0.107,0.638,0.254
225500,0.109,0.634,0.256
226000,0.111,0.632,0.256
226500,0.112,0.615,0.273
227000,0.102,0.666,0.232
227500,0.094,0.686,0.220
228000,0.111,0.662,0.227
228500,0.103,0.676,0.221
229000,0.096,0.689,0.215
229500,0.097,0.677,0.226
230000,0.108,0.654,0.238
230500,0.117,0.650,0.233
231000,0.107,0.665,0.228
231500,0.116,0.663,0.221
232000,0.097,0.670,0.233
232500,0.107,0.667,0.226
233000,0.089,0.682,0.229
233500,0.097,0.682,0.221
234000,0.089,0.698,0.213
234500,0.091,0.704,0.205
235000,0.081,0.713,0.206
235500,0.091,0.701,0.208
236000,0.100,0.675,0.225
236500,0.101,0.671,0.228
237000,0.107,0.650,0.243
237500,0.135,0.612,0.253
238000,0.132,0.631,0.237
238500,0.104,0.623,0.273
239000,0.124,0.620,0.256
239500,0.113,0.671,0.216
240000,0.101,0.656,0.243
240500,0.107,0.668,0.225
241000,0.139,0.640,0.221
241500,0.130,0.635,0.235
242000,0.138,0.628,0.234
242500,0.114,0.614,0.272
243000,0.145,0.590,0.265
243500,0.121,0.597,0.283
244000,0.115,0.633,0.251
244500,0.129,0.624,0.247
245000,0.146,0.594,0.259
245500,0.173,0.545,0.282
246000,0.160,0.546,0.293
246500,0.174,0.526,0.300
247000,0.166,0.546,0.287
247500,0.176,0.553,0.272
248000,0.168,0.539,0.293
248500,0.161,0.526,0.313
249000,0.159,0.535,0.305
249500,0.150,0.558,0.292
250000,0.145,0.564,0.291
250500,0.131,0.580,0.289
251000,0.153,0.576,0.271
251500,0.130,0.568,0.302
252000,0.112,0.582,0.305
252500,0.134,0.589,0.277
253000,0.156,0.561,0.283
253500,0.171,0.537,0.292
254000,0.191,0.481,0.328
254500,0.220,0.459,0.322
255000,0.275,0.429,0.296
255500,0.246,0.430,0.324
256000,0.254,0.419,0.327
256500,0.275,0.408,0.318
257000,0.282,0.375,0.343
257500,0.293,0.377,0.330
258000,0.277,0.378,0.345
258500,0.307,0.353,0.339
259000,0.293,0.377,0.330
259500,0.269,0.397,0.334
260000,0.224,0.427,0.349
260500,0.212,0.465,0.323
261000,0.217,0.465,0.319
261500,0.218,0.436,0.346
262000,0.199,0.477,0.324
262500,0.226,0.430,0.344
263000,0.233,0.432,0.335
263500,0.250,0.427,0.323
264000,0.247,0.422,0.331
264500,0.271,0.389,0.340
265000,0.276,0.376,0.348
265500,0.253,0.389,0.358
266000,0.264,0.385,0.351
266500,0.263,0.401,0.336
267000,0.272,0.372,0.356
267500,0.271,0.371,0.359
268000,0.286,0.370,0.344
268500,0.276,0.352,0.372
269000,0.298,0.359,0.343
269500,0.309,0.341,0.349
270000,0.312,0.345,0.343
270500,0.301,0.323,0.376
271000,0.298,0.343,0.359
271500,0.322,0.326,0.352
272000,0.332,0.326,0.342
272500,0.292,0.327,0.381
273000,0.289,0.341,0.370
273500,0.319,0.327,0.354
274000,0.344,0.326,0.330
274500,0.347,0.328,0.325
275000,0.338,0.322,0.340
275500,0.326,0.322,0.352
276000,0.317,0.339,0.344
276500,0.278,0.339,0.383
277000,0.279,0.367,0.354
277500,0.238,0.392,0.370
278000,0.211,0.429,0.360
278500,0.200,0.439,0.361
279000,0.172,0.466,0.363
279500,0.179,0.488,0.333
280000,0.169,0.497,0.334
280500,0.204,0.461,0.335
281000,0.187,0.437,0.376
281500,0.169,0.432,0.399
282000,0.161,0.466,0.373
282500,0.188,0.415,0.397
283000,0.211,0.391,0.397
283500,0.231,0.366,0.403
284000,0.218,0.388,0.394
284500,0.233,0.381,0.386
285000,0.234,0.381,0.385
285500,0.218,0.385,0.397
286000,0.229,0.410,0.362
286500,0.218,0.456,0.327
287000,0.224,0.457,0.320
287500,0.223,0.439,0.338
288000,0.247,0.421,0.332
288500,0.244,0.411,0.345
289000,0.287,0.385,0.328
289500,0.271,0.418,0.312
290000,0.263,0.388,0.349
290500,0.240,0.422,0.338
291000,0.257,0.392,0.350
291500,0.254,0.399,0.346
292000,0.248,0.415,0.337
292500,0.274,0.393,0.333
293000,0.278,0.383,0.339
293500,0.293,0.363,0.344
294000,0.293,0.368,0.339
294500,0.303,0.339,0.358
295000,0.335,0.321,0.344
295500,0.328,0.315,0.358
296000,0.337,0.317,0.346
296500,0.373,0.311,0.317
297000,0.350,0.308,0.341
297500,0.370,0.320,0.311
298000,0.339,0.336,0.325
298500,0.311,0.355,0.334
299000,0.334,0.356,0.309
299500,0.290,0.378,0.332
300000,0.284,0.380,0.336
300500,0.280,0.371,0.349
301000,0.295,0.375,0.330
301500,0.304,0.381,0.315
302000,0.292,0.390,0.318
302500,0.297,0.369,0.334
303000,0.290,0.352,0.358
303500,0.292,0.377,0.331
304000,0.312,0.369,0.320
304500,0.283,0.376,0.341
305000,0.275,0.404,0.321
305500,0.308,0.372,0.320
306000,0.319,0.367,0.315
306500,0.311,0.353,0.336
307000,0.312,0.351,0.337
307500,0.325,0.339,0.336
308000,0.296,0.392,0.312
308500,0.269,0.384,0.347
309000,0.279,0.399,0.322
309500,0.282,0.413,0.305
310000,0.251,0.429,0.320
310500,0.269,0.427,0.304
311000,0.259,0.394,0.346
311500,0.242,0.406,0.352
312000,0.269,0.406,0.326
312500,0.269,0.399,0.332
313000,0.236,0.403,0.361
313500,0.272,0.402,0.326
314000,0.274,0.392,0.334
314500,0.304,0.363,0.333
315000,0.298,0.383,0.319
315500,0.295,0.372,0.333
316000,0.244,0.439,0.317
316500,0.227,0.463,0.311
317000,0.228,0.440,0.332
317500,0.211,0.448,0.340
318000,0.230,0.428,0.342
318500,0.223,0.446,0.331
319000,0.243,0.429,0.328
319500,0.255,0.445,0.299
320000,0.225,0.450,0.325
320500,0.246,0.418,0.336
321000,0.240,0.440,0.320
321500,0.255,0.424,0.321
322000,0.211,0.453,0.336
322500,0.215,0.459,0.327
323000,0.236,0.437,0.327
323500,0.246,0.406,0.348
324000,0.256,0.404,0.339
324500,0.238,0.422,0.340
325000,0.255,0.403,0.341
325500,0.283,0.373,0.344
326000,0.288,0.377,0.335
326500,0.298,0.376,0.326
327000,0.319,0.334,0.347
327500,0.309,0.369,0.322
328000,0.326,0.333,0.341
328500,0.336,0.325,0.339
329000,0.328,0.321,0.351
329500,0.301,0.335,0.364
330000,0.326,0.321,0.353
330500,0.326,0.320,0.354
331000,0.331,0.305,0.364
331500,0.279,0.369,0.352
332000,0.290,0.370,0.340
332500,0.295,0.349,0.355
333000,0.316,0.344,0.340
333500,0.344,0.330,0.326
334000,0.369,0.316,0.316
334500,0.397,0.289,0.314
335000,0.331,0.325,0.344
335500,0.343,0.303,0.353
336000,0.330,0.346,0.324
336500,0.349,0.314,0.337
337000,0.324,0.327,0.349
337500,0.297,0.353,0.349
338000,0.344,0.321,0.335
338500,0.347,0.321,0.332
339000,0.329,0.343,0.328
339500,0.336,0.339,0.325
340000,0.330,0.346,0.324
340500,0.365,0.329,0.306
341000,0.347,0.306,0.346
341500,0.375,0.296,0.329
342000,0.396,0.285,0.319
342500,0.393,0.276,0.331
343000,0.394,0.258,0.347
343500,0.359,0.306,0.335
344000,0.344,0.305,0.350
344500,0.329,0.299,0.372
345000,0.328,0.303,0.369
345500,0.336,0.303,0.361
346000,0.320,0.324,0.356
346500,0.351,0.321,0.328
347000,0.319,0.334,0.347
347500,0.301,0.360,0.339
348000,0.292,0.372,0.336
348500,0.279,0.383,0.338
349000,0.274,0.377,0.349
349500,0.267,0.402,0.331
350000,0.261,0.421,0.318
350500,0.255,0.427,0.318
351000,0.239,0.454,0.307
351500,0.246,0.457,0.297
352000,0.242,0.453,0.305
352500,0.259,0.426,0.315
353000,0.252,0.443,0.304
353500,0.246,0.447,0.306
354000,0.236,0.442,0.322
354500,0.234,0.398,0.368
355000,0.256,0.448,0.295
355500,0.247,0.418,0.335
356000,0.276,0.408,0.317
356500,0.257,0.420,0.323
357000,0.248,0.401,0.350
357500,0.246,0.447,0.306
358000,0.270,0.437,0.293
358500,0.255,0.419,0.326
359000,0.264,0.406,0.331
359500,0.250,0.430,0.320
360000,0.251,0.439,0.309
360500,0.255,0.445,0.299
361000,0.273,0.429,0.298
361500,0.283,0.408,0.309
362000,0.268,0.402,0.330
362500,0.281,0.380,0.339
363000,0.267,0.413,0.321
363500,0.258,0.404,0.337
364000,0.248,0.397,0.354
364500,0.224,0.426,0.350
365000,0.205,0.440,0.354
365500,0.224,0.412,0.365
366000,0.219,0.432,0.349
366500,0.207,0.454,0.339
367000,0.198,0.460,0.342
367500,0.191,0.491,0.318
368000,0.176,0.527,0.297
368500,0.193,0.522,0.285
369000,0.180,0.530,0.290
369500,0.177,0.532,0.291
370000,0.165,0.530,0.304
370500,0.177,0.501,0.323
371000,0.188,0.496,0.316
371500,0.197,0.498,0.304
372000,0.184,0.526,0.290
372500,0.151,0.566,0.283
373000,0.144,0.569,0.287
373500,0.157,0.560,0.283
374000,0.157,0.546,0.296
374500,0.139,0.563,0.298
375000,0.149,0.570,0.281
375500,0.136,0.594,0.270
376000,0.132,0.608,0.260
376500,0.139,0.610,0.251
377000,0.128,0.618,0.254
377500,0.137,0.610,0.253
378000,0.130,0.631,0.239
378500,0.127,0.635,0.238
379000,0.129,0.641,0.230
379500,0.129,0.638,0.233
380000,0.131,0.612,0.257
380500,0.157,0.579,0.264
381000,0.135,0.599,0.267
381500,0.126,0.629,0.245
382000,0.126,0.625,0.249
382500,0.138,0.601,0.261
383000,0.138,0.597,0.266
383500,0.139,0.603,0.258
384000,0.157,0.598,0.245
384500,0.170,0.582,0.248
385000,0.163,0.587,0.249
385500,0.175,0.557,0.269
386000,0.179,0.537,0.284
386500,0.181,0.532,0.287
387000,0.170,0.545,0.285
387500,0.160,0.565,0.275
388000,0.163,0.569,0.268
388500,0.162,0.564,0.274
389000,0.164,0.554,0.282
389500,0.166,0.539,0.294
390000,0.181,0.554,0.266
390500,0.187,0.536,0.277
391000,0.175,0.515,0.311
391500,0.196,0.501,0.303
392000,0.209,0.487,0.303
392500,0.227,0.464,0.309
393000,0.241,0.446,0.313
393500,0.224,0.479,0.297
394000,0.207,0.462,0.331
394500,0.223,0.456,0.322
395000,0.228,0.444,0.328
395500,0.232,0.435,0.333
396000,0.264,0.426,0.311
396500,0.235,0.448,0.317
397000,0.252,0.436,0.312
397500,0.260,0.411,0.329
398000,0.266,0.401,0.333
398500,0.278,0.392,0.330
399000,0.265,0.418,0.318
399500,0.260,0.419,0.321
400000,0.237,0.456,0.307
400500,0.247,0.444,0.308
401000,0.235,0.431,0.334
401500,0.252,0.430,0.318
402000,0.234,0.447,0.319
402500,0.242,0.425,0.333
403000,0.255,0.438,0.306
403500,0.234,0.449,0.317
404000,0.228,0.450,0.322
404500,0.236,0.455,0.309
405000,0.239,0.458,0.303
405500,0.242,0.443,0.315
406000,0.232,0.430,0.338
406500,0.256,0.416,0.328
407000,0.257,0.429,0.314
407500,0.250,0.421,0.329
408000,0.257,0.416,0.327
408500,0.277,0.381,0.342
409000,0.270,0.364,0.367
409500,0.281,0.369,0.350
410000,0.260,0.379,0.361
410500,0.313,0.365,0.323
411000,0.301,0.360,0.339
411500,0.276,0.387,0.337
412000,0.252,0.407,0.341
412500,0.259,0.411,0.330
413000,0.239,0.411,0.350
413500,0.258,0.433,0.308
414000,0.236,0.453,0.312
414500,0.230,0.441,0.329
415000,0.208,0.463,0.329
415500,0.207,0.460,0.333
416000,0.196,0.463,0.341
416500,0.223,0.460,0.318
417000,0.218,0.477,0.305
417500,0.224,0.436,0.340
418000,0.215,0.453,0.333
418500,0.188,0.496,0.316
419000,0.186,0.502,0.313
419500,0.195,0.448,0.356
420000,0.220,0.466,0.315
420500,0.231,0.458,0.312
421000,0.222,0.451,0.327
421500,0.235,0.478,0.287
422000,0.207,0.482,0.311
422500,0.208,0.475,0.317
423000,0.215,0.470,0.316
423500,0.194,0.494,0.312
424000,0.230,0.460,0.311
424500,0.215,0.460,0.326
425000,0.232,0.441,0.327
425500,0.261,0.411,0.328
426000,0.301,0.385,0.314
426500,0.312,0.364,0.325
427000,0.315,0.360,0.326
427500,0.335,0.339,0.326
428000,0.340,0.358,0.302
428500,0.359,0.342,0.299
429000,0.370,0.314,0.317
429500,0.372,0.298,0.330
430000,0.378,0.300,0.322
430500,0.368,0.313,0.320
431000,0.362,0.309,0.329
431500,0.345,0.341,0.314
432000,0.358,0.343,0.299
432500,0.365,0.317,0.319
433000,0.356,0.324,0.320
433500,0.337,0.343,0.320
434000,0.335,0.347,0.318
434500,0.340,0.337,0.323
435000,0.321,0.338,0.341
435500,0.314,0.304,0.382
436000,0.314,0.323,0.364
436500,0.292,0.346,0.362
437000,0.271,0.341,0.388
437500,0.238,0.400,0.362
438000,0.233,0.411,0.356
438500,0.233,0.419,0.348
439000,0.207,0.423,0.370
439500,0.237,0.421,0.342
440000,0.241,0.431,0.328
440500,0.253,0.415,0.332
441000,0.258,0.398,0.343
441500,0.267,0.373,0.361
442000,0.278,0.376,0.346
442500,0.254,0.392,0.353
443000,0.260,0.379,0.361
443500,0.267,0.382,0.351
444000,0.271,0.362,0.368
444500,0.266,0.377,0.358
445000,0.261,0.375,0.364
445500,0.307,0.351,0.341
446000,0.347,0.341,0.312
446500,0.340,0.327,0.333
447000,0.356,0.305,0.338
447500,0.343,0.319,0.338
448000,0.344,0.322,0.334
448500,0.343,0.337,0.320
449000,0.335,0.312,0.353
449500,0.304,0.323,0.373
450000,0.288,0.355,0.356
450500,0.318,0.332,0.350
451000,0.348,0.312,0.340
451500,0.334,0.305,0.361
452000,0.339,0.291,0.370
452500,0.355,0.284,0.361
453000,0.354,0.287,0.359
453500,0.362,0.274,0.365
454000,0.392,0.281,0.327
454500,0.403,0.285,0.312
455000,0.373,0.291,0.336
455500,0.390,0.292,0.318
456000,0.359,0.284,0.358
456500,0.403,0.270,0.327
457000,0.418,0.248,0.334
457500,0.403,0.235,0.362
458000,0.369,0.253,0.378
458500,0.376,0.264,0.361
459000,0.354,0.272,0.374
459500,0.362,0.274,0.365
460000,0.330,0.314,0.356
460500,0.330,0.302,0.368
461000,0.320,0.325,0.355
461500,0.312,0.359,0.330
462000,0.285,0.364,0.351
462500,0.307,0.355,0.337
463000,0.300,0.346,0.353
463500,0.318,0.332,0.350
464000,0.306,0.342,0.351
464500,0.298,0.336,0.366
465000,0.286,0.347,0.367
465500,0.286,0.368,0.346
466000,0.314,0.351,0.335
466500,0.307,0.322,0.371
467000,0.295,0.371,0.334
467500,0.288,0.369,0.343
468000,0.277,0.386,0.337
468500,0.264,0.393,0.343
469000,0.259,0.402,0.338
469500,0.236,0.434,0.330
470000,0.218,0.446,0.336
470500,0.226,0.483,0.291
471000,0.208,0.466,0.326
471500,0.213,0.460,0.327
472000,0.217,0.459,0.325
472500,0.211,0.440,0.348
473000,0.198,0.448,0.353
473500,0.205,0.464,0.331
474000,0.188,0.482,0.330
474500,0.197,0.481,0.322
475000,0.211,0.440,0.348
475500,0.207,0.434,0.359
476000,0.211,0.433,0.355
476500,0.241,0.422,0.337
477000,0.253,0.394,0.352
477500,0.236,0.390,0.374
478000,0.227,0.425,0.348
478500,0.224,0.386,0.390
479000,0.248,0.421,0.331
479500,0.241,0.393,0.366
480000,0.288,0.370,0.342
480500,0.274,0.364,0.363
481000,0.290,0.369,0.341
481500,0.301,0.346,0.352
482000,0.308,0.322,0.370
482500,0.301,0.340,0.359
483000,0.307,0.340,0.352
483500,0.318,0.314,0.369
484000,0.317,0.319,0.365
484500,0.312,0.335,0.353
485000,0.276,0.346,0.378
485500,0.256,0.347,0.396
486000,0.264,0.362,0.375
486500,0.254,0.358,0.388
487000,0.276,0.349,0.375
487500,0.265,0.341,0.394
488000,0.295,0.343,0.362
488500,0.294,0.339,0.367
489000,0.305,0.330,0.365
489500,0.276,0.364,0.361
490000,0.271,0.379,0.350
490500,0.254,0.380,0.366
491000,0.260,0.368,0.372
491500,0.306,0.356,0.337
492000,0.286,0.372,0.342
492500,0.295,0.364,0.341
493000,0.303,0.360,0.337
493500,0.322,0.338,0.340
494000,0.317,0.345,0.338
494500,0.300,0.355,0.344
495000,0.287,0.365,0.348
495500,0.324,0.343,0.333
496000,0.317,0.338,0.345
496500,0.297,0.353,0.349
497000,0.324,0.330,0.346
497500,0.337,0.327,0.336
498000,0.304,0.375,0.321
498500,0.298,0.370,0.332
499000,0.284,0.381,0.335
499500,0.229,0.425,0.346
500000,0.223,0.428,0.349
500500,0.229,0.441,0.330
501000,0.233,0.444,0.323
501500,0.225,0.472,0.303
502000,0.196,0.487,0.317
502500,0.218,0.480,0.302
503000,0.215,0.494,0.291
503500,0.237,0.478,0.285
504000,0.217,0.492,0.291
504500,0.211,0.478,0.311
505000,0.186,0.484,0.330
505500,0.224,0.455,0.322
506000,0.212,0.450,0.337
506500,0.227,0.439,0.334
507000,0.223,0.451,0.326
507500,0.218,0.440,0.342
508000,0.224,0.442,0.334
508500,0.237,0.395,0.368
509000,0.238,0.428,0.334
509500,0.220,0.414,0.367
510000,0.222,0.402,0.376
510500,0.220,0.402,0.378
511000,0.254,0.383,0.363
511500,0.276,0.352,0.372
512000,0.233,0.377,0.390
512500,0.240,0.348,0.412
513000,0.286,0.322,0.392
513500,0.261,0.366,0.373
514000,0.250,0.385,0.365
514500,0.282,0.377,0.341
515000,0.255,0.381,0.364
515500,0.257,0.390,0.352
516000,0.239,0.377,0.384
516500,0.245,0.412,0.343
517000,0.228,0.432,0.340
517500,0.225,0.435,0.340
518000,0.241,0.411,0.348
518500,0.217,0.418,0.366
519000,0.218,0.447,0.335
519500,0.199,0.477,0.324
520000,0.207,0.475,0.318
520500,0.213,0.439,0.347
521000,0.204,0.419,0.377
521500,0.202,0.421,0.377
522000,0.185,0.432,0.383
522500,0.215,0.395,0.390
523000,0.223,0.407,0.371
523500,0.244,0.416,0.340
524000,0.248,0.413,0.339
524500,0.242,0.393,0.365
525000,0.240,0.370,0.390
525500,0.256,0.362,0.382
526000,0.271,0.354,0.375
526500,0.288,0.347,0.365
527000,0.313,0.347,0.340
527500,0.306,0.336,0.358
528000,0.314,0.326,0.361
528500,0.296,0.316,0.388
529000,0.304,0.328,0.368
529500,0.322,0.336,0.342
530000,0.328,0.301,0.371
530500,0.347,0.300,0.352
531000,0.334,0.290,0.376
531500,0.325,0.301,0.374
532000,0.314,0.305,0.381
532500,0.289,0.337,0.374
533000,0.303,0.324,0.373
533500,0.311,0.311,0.379
534000,0.326,0.317,0.358
534500,0.320,0.314,0.367
535000,0.345,0.296,0.359
535500,0.346,0.294,0.360
536000,0.284,0.371,0.345
536500,0.315,0.361,0.325
537000,0.331,0.341,0.328
537500,0.338,0.341,0.321
538000,0.341,0.342,0.317
538500,0.323,0.362,0.316
539000,0.314,0.373,0.314
539500,0.319,0.351,0.330
540000,0.327,0.340,0.333
540500,0.330,0.332,0.338
541000,0.333,0.319,0.348
541500,0.347,0.302,0.350
542000,0.343,0.299,0.358
542500,0.333,0.333,0.334
543000,0.411,0.273,0.317
543500,0.424,0.257,0.319
544000,0.445,0.239,0.316
544500,0.493,0.205,0.301
545000,0.497,0.190,0.313
545500,0.484,0.207,0.308
546000,0.523,0.199,0.278
546500,0.468,0.208,0.324
547000,0.437,0.226,0.337
547500,0.460,0.215,0.326
548000,0.492,0.183,0.325
548500,0.490,0.191,0.319
549000,0.467,0.210,0.323
549500,0.461,0.205,0.334
550000,0.453,0.231,0.317
550500,0.425,0.232,0.343
551000,0.420,0.220,0.361
551500,0.434,0.211,0.354
552000,0.447,0.219,0.334
552500,0.451,0.215,0.334
553000,0.468,0.223,0.309
553500,0.501,0.204,0.295
554000,0.475,0.209,0.316
554500,0.456,0.228,0.317
555000,0.462,0.211,0.327
555500,0.472,0.218,0.311
556000,0.453,0.218,0.330
556500,0.426,0.221,0.353
557000,0.420,0.250,0.330
557500,0.421,0.249,0.330
558000,0.399,0.268,0.333
558500,0.359,0.300,0.341
559000,0.367,0.286,0.347
559500,0.339,0.305,0.355
560000,0.345,0.288,0.367
560500,0.301,0.335,0.364
561000,0.315,0.335,0.350
561500,0.304,0.362,0.334
562000,0.306,0.342,0.351
562500,0.322,0.314,0.365
563000,0.324,0.279,0.397
563500,0.343,0.284,0.373
564000,0.321,0.297,0.382
564500,0.376,0.258,0.366
565000,0.371,0.249,0.380
565500,0.340,0.272,0.388
566000,0.363,0.257,0.380
566500,0.396,0.221,0.383
567000,0.379,0.240,0.381
567500,0.363,0.277,0.361
568000,0.341,0.261,0.397
568500,0.346,0.263,0.391
569000,0.340,0.278,0.382
569500,0.340,0.291,0.369
570000,0.342,0.272,0.386
570500,0.375,0.264,0.362
571000,0.388,0.258,0.353
571500,0.378,0.254,0.368
572000,0.377,0.249,0.374
572500,0.375,0.258,0.367
573000,0.376,0.273,0.351
573500,0.364,0.252,0.384
574000,0.343,0.294,0.363
574500,0.299,0.329,0.372
575000,0.306,0.329,0.365
575500,0.305,0.334,0.361
576000,0.299,0.339,0.362
576500,0.298,0.332,0.370
577000,0.316,0.311,0.374
577500,0.312,0.296,0.392
578000,0.288,0.301,0.411
578500,0.322,0.318,0.361
579000,0.295,0.352,0.352
579500,0.292,0.352,0.355
580000,0.272,0.359,0.370
580500,0.245,0.397,0.358
581000,0.235,0.412,0.353
581500,0.263,0.384,0.353
582000,0.260,0.368,0.372
582500,0.246,0.401,0.352
583000,0.249,0.392,0.359
583500,0.233,0.421,0.346
584000,0.204,0.450,0.345
584500,0.212,0.457,0.331
585000,0.225,0.432,0.343
585500,0.237,0.425,0.338
586000,0.243,0.406,0.351
586500,0.263,0.409,0.329
587000,0.292,0.364,0.344
587500,0.274,0.338,0.388
588000,0.268,0.338,0.394
588500,0.302,0.330,0.368
589000,0.287,0.314,0.399
589500,0.323,0.306,0.371
590000,0.318,0.295,0.387
590500,0.337,0.297,0.366
591000,0.337,0.270,0.393
591500,0.343,0.266,0.391
592000,0.336,0.268,0.396
592500,0.312,0.290,0.398
593000,0.304,0.305,0.390
593500,0.321,0.297,0.382
594000,0.317,0.313,0.371
594500,0.297,0.331,0.372
595000,0.305,0.313,0.382
595500,0.299,0.315,0.386
596000,0.283,0.333,0.384
596500,0.295,0.322,0.383
597000,0.292,0.351,0.356
597500,0.282,0.348,0.370
598000,0.277,0.337,0.386
598500,0.269,0.326,0.406
599000,0.314,0.306,0.380
599500,0.298,0.324,0.378
600000,0.306,0.313,0.381
600500,0.298,0.327,0.375
601000,0.271,0.303,0.426
601500,0.314,0.313,0.374
602000,0.333,0.324,0.343
602500,0.341,0.299,0.360
603000,0.346,0.285,0.369
603500,0.341,0.294,0.365
604000,0.306,0.321,0.373
604500,0.304,0.323,0.373
605000,0.283,0.323,0.394
605500,0.283,0.336,0.381
606000,0.244,0.395,0.361
606500,0.236,0.418,0.346
607000,0.205,0.434,0.361
607500,0.184,0.470,0.346
608000,0.184,0.471,0.345
608500,0.184,0.459,0.358
609000,0.196,0.471,0.333
609500,0.179,0.477,0.344
610000,0.204,0.463,0.333
610500,0.197,0.468,0.335
611000,0.186,0.476,0.338
611500,0.182,0.473,0.345
612000,0.187,0.451,0.362
612500,0.182,0.441,0.377
613000,0.200,0.434,0.366
613500,0.201,0.460,0.339
614000,0.197,0.483,0.320
614500,0.239,0.420,0.341
615000,0.218,0.402,0.380
615500,0.217,0.411,0.373
616000,0.220,0.426,0.354
616500,0.211,0.426,0.363
617000,0.203,0.445,0.351
617500,0.200,0.456,0.344
618000,0.205,0.450,0.344
618500,0.185,0.473,0.342
619000,0.174,0.485,0.341
619500,0.194,0.458,0.348
620000,0.199,0.456,0.345
620500,0.206,0.431,0.363
621000,0.220,0.415,0.366
621500,0.219,0.447,0.334
622000,0.207,0.448,0.344
622500,0.232,0.427,0.341
623000,0.237,0.415,0.348
623500,0.217,0.420,0.364
624000,0.211,0.445,0.343
624500,0.191,0.445,0.364
625000,0.194,0.455,0.351
625500,0.200,0.464,0.336
626000,0.194,0.470,0.336
626500,0.238,0.427,0.335
627000,0.251,0.403,0.345
627500,0.243,0.399,0.358
628000,0.241,0.399,0.360
628500,0.257,0.368,0.375
629000,0.280,0.349,0.371
629500,0.290,0.347,0.363
630000,0.253,0.388,0.359
630500,0.248,0.387,0.365
631000,0.234,0.391,0.375
631500,0.226,0.399,0.375
632000,0.198,0.408,0.394
632500,0.211,0.409,0.380
633000,0.210,0.403,0.386
633500,0.224,0.412,0.365
634000,0.230,0.392,0.378
634500,0.259,0.359,0.382
635000,0.293,0.318,0.389
635500,0.309,0.311,0.380
636000,0.301,0.304,0.394
636500,0.328,0.294,0.378
637000,0.328,0.304,0.368
637500,0.364,0.254,0.382
638000,0.366,0.276,0.359
638500,0.353,0.272,0.375
639000,0.352,0.268,0.380
639500,0.359,0.264,0.378
640000,0.356,0.254,0.389
640500,0.361,0.283,0.356
641000,0.358,0.296,0.346
641500,0.349,0.280,0.371
642000,0.354,0.290,0.355
642500,0.320,0.312,0.369
643000,0.327,0.299,0.374
643500,0.342,0.313,0.345
644000,0.343,0.307,0.349
644500,0.327,0.309,0.364
645000,0.322,0.320,0.359
645500,0.322,0.301,0.377
646000,0.327,0.298,0.375
646500,0.332,0.303,0.365
647000,0.338,0.318,0.344
647500,0.323,0.312,0.366
648000,0.303,0.316,0.381
648500,0.272,0.333,0.395
649000,0.276,0.351,0.373
649500,0.293,0.345,0.362
650000,0.303,0.342,0.354
650500,0.277,0.345,0.378
651000,0.245,0.390,0.365
651500,0.237,0.375,0.388
652000,0.231,0.403,0.366
652500,0.228,0.410,0.363
653000,0.241,0.413,0.346
653500,0.233,0.389,0.378
654000,0.237,0.362,0.401
654500,0.255,0.376,0.369
655000,0.266,0.354,0.380
655500,0.291,0.313,0.396
656000,0.276,0.356,0.368
656500,0.273,0.365,0.363
657000,0.273,0.345,0.382
657500,0.283,0.353,0.364
658000,0.279,0.351,0.370
658500,0.286,0.339,0.375
659000,0.275,0.345,0.380
659500,0.272,0.377,0.351
660000,0.243,0.398,0.359
660500,0.276,0.386,0.338
661000,0.300,0.341,0.359
661500,0.282,0.343,0.375
662000,0.287,0.375,0.338
662500,0.265,0.387,0.348
663000,0.286,0.377,0.337
663500,0.300,0.372,0.328
664000,0.295,0.359,0.346
664500,0.317,0.335,0.348
665000,0.304,0.353,0.342
665500,0.289,0.351,0.360
666000,0.302,0.333,0.365
666500,0.302,0.341,0.356
667000,0.302,0.333,0.365
667500,0.311,0.321,0.369
668000,0.305,0.326,0.369
668500,0.293,0.328,0.379
669000,0.296,0.336,0.368
669500,0.286,0.351,0.363
670000,0.285,0.370,0.345
670500,0.290,0.356,0.353
671000,0.308,0.326,0.366
671500,0.327,0.322,0.351
672000,0.364,0.312,0.325
672500,0.370,0.302,0.328
673000,0.358,0.316,0.327
673500,0.338,0.314,0.348
674000,0.346,0.312,0.342
674500,0.379,0.292,0.329
675000,0.402,0.273,0.325
675500,0.394,0.285,0.321
676000,0.383,0.264,0.353
676500,0.400,0.279,0.321
677000,0.409,0.277,0.315
677500,0.413,0.270,0.318
678000,0.394,0.263,0.343
678500,0.423,0.259,0.318
679000,0.401,0.279,0.320
679500,0.353,0.290,0.356
680000,0.354,0.278,0.368
680500,0.360,0.292,0.348
681000,0.351,0.298,0.350
681500,0.361,0.316,0.324
682000,0.349,0.309,0.341
682500,0.388,0.296,0.316
683000,0.400,0.284,0.316
683500,0.368,0.302,0.330
684000,0.373,0.289,0.338
684500,0.417,0.266,0.318
685000,0.412,0.265,0.324
685500,0.436,0.261,0.302
686000,0.476,0.235,0.289
686500,0.476,0.237,0.287
687000,0.465,0.234,0.301
687500,0.451,0.226,0.323
688000,0.447,0.238,0.315
688500,0.480,0.222,0.298
689000,0.475,0.222,0.303
689500,0.458,0.245,0.297
690000,0.460,0.240,0.300
690500,0.475,0.242,0.283
691000,0.472,0.243,0.285
691500,0.454,0.263,0.284
692000,0.433,0.272,0.295
692500,0.436,0.268,0.296
693000,0.438,0.261,0.300
693500,0.439,0.273,0.288
694000,0.425,0.264,0.312
694500,0.430,0.267,0.303
695000,0.442,0.253,0.304
695500,0.451,0.224,0.325
696000,0.499,0.215,0.286
696500,0.492,0.220,0.288
697000,0.488,0.205,0.306
697500,0.486,0.220,0.294
698000,0.476,0.211,0.313
698500,0.461,0.218,0.322
699000,0.447,0.216,0.337
699500,0.462,0.206,0.332
700000,0.468,0.220,0.313
700500,0.451,0.203,0.345
701000,0.467,0.199,0.334
701500,0.454,0.236,0.311
702000,0.437,0.211,0.351
702500,0.428,0.220,0.352
703000,0.461,0.224,0.316
703500,0.459,0.215,0.327
704000,0.453,0.224,0.324
704500,0.474,0.201,0.325
705000,0.478,0.210,0.312
705500,0.484,0.195,0.321
706000,0.497,0.184,0.319
706500,0.472,0.210,0.318
707000,0.520,0.189,0.291
707500,0.519,0.186,0.295
708000,0.502,0.197,0.301
708500,0.511,0.178,0.312
709000,0.521,0.176,0.303
709500,0.531,0.196,0.273
710000,0.547,0.193,0.259
710500,0.572,0.161,0.267
711000,0.568,0.169,0.264
711500,0.554,0.176,0.271
712000,0.539,0.169,0.292
712500,0.526,0.175,0.299
713000,0.509,0.187,0.304
713500,0.496,0.191,0.313
714000,0.478,0.213,0.308
714500,0.501,0.196,0.303
715000,0.474,0.200,0.326
715500,0.451,0.227,0.322
716000,0.414,0.256,0.330
716500,0.394,0.273,0.333
717000,0.407,0.264,0.330
717500,0.386,0.274,0.340
718000,0.374,0.303,0.323
718500,0.349,0.309,0.341
719000,0.367,0.276,0.358
719500,0.381,0.289,0.330
720000,0.370,0.289,0.341
720500,0.382,0.274,0.344
721000,0.361,0.267,0.373
721500,0.380,0.253,0.367
722000,0.386,0.268,0.346
722500,0.395,0.265,0.340
723000,0.371,0.268,0.362
723500,0.386,0.265,0.349
724000,0.356,0.292,0.351
724500,0.368,0.302,0.330
725000,0.373,0.290,0.337
725500,0.393,0.266,0.341
726000,0.409,0.232,0.360
726500,0.431,0.229,0.340
727000,0.392,0.231,0.377
727500,0.369,0.255,0.376
728000,0.332,0.245,0.423
728500,0.349,0.252,0.398
729000,0.318,0.305,0.377
729500,0.337,0.275,0.388
730000,0.356,0.297,0.346
730500,0.386,0.272,0.342
731000,0.393,0.269,0.338
731500,0.397,0.266,0.337
732000,0.394,0.269,0.337
732500,0.394,0.251,0.354
733000,0.416,0.250,0.334
733500,0.417,0.237,0.346
734000,0.419,0.232,0.349
734500,0.403,0.244,0.352
735000,0.373,0.285,0.342
735500,0.377,0.278,0.345
736000,0.376,0.297,0.327
736500,0.343,0.271,0.386
737000,0.348,0.294,0.358
737500,0.315,0.318,0.368
738000,0.296,0.305,0.398
738500,0.300,0.294,0.406
739000,0.314,0.301,0.385
739500,0.328,0.302,0.370
740000,0.341,0.306,0.352
740500,0.356,0.298,0.345
741000,0.355,0.288,0.356
741500,0.348,0.316,0.336
742000,0.336,0.291,0.373
742500,0.338,0.273,0.389
743000,0.335,0.274,0.391
743500,0.331,0.289,0.380
744000,0.330,0.304,0.366
744500,0.337,0.319,0.344
745000,0.341,0.296,0.363
745500,0.335,0.297,0.368
746000,0.337,0.266,0.397
746500,0.339,0.282,0.379
747000,0.339,0.285,0.376
747500,0.322,0.306,0.372
748000,0.303,0.339,0.358
748500,0.268,0.359,0.374
749000,0.246,0.386,0.368
749500,0.292,0.342,0.366
750000,0.287,0.345,0.368
750500,0.290,0.358,0.352
751000,0.284,0.353,0.363
751500,0.285,0.374,0.341
752000,0.290,0.364,0.346
752500,0.260,0.367,0.373
753000,0.246,0.385,0.369
753500,0.255,0.400,0.344
754000,0.263,0.386,0.351
754500,0.238,0.400,0.362
755000,0.258,0.388,0.353
755500,0.227,0.423,0.350
756000,0.221,0.442,0.337
756500,0.241,0.410,0.349
757000,0.230,0.427,0.343
757500,0.237,0.440,0.323
758000,0.218,0.458,0.325
758500,0.224,0.430,0.346
759000,0.203,0.464,0.333
759500,0.205,0.473,0.322
760000,0.209,0.467,0.324
760500,0.224,0.443,0.333
761000,0.219,0.443,0.338
761500,0.233,0.441,0.326
762000,0.225,0.450,0.325
762500,0.241,0.403,0.355
763000,0.239,0.375,0.386
763500,0.271,0.349,0.380
764000,0.257,0.343,0.399
764500,0.273,0.369,0.359
765000,0.242,0.369,0.389
765500,0.289,0.339,0.372
766000,0.293,0.366,0.341
766500,0.276,0.383,0.341
767000,0.269,0.397,0.334
767500,0.249,0.415,0.336
768000,0.222,0.436,0.342
768500,0.210,0.445,0.344
769000,0.203,0.458,0.339
769500,0.207,0.459,0.334
770000,0.238,0.434,0.328
770500,0.265,0.401,0.334
771000,0.283,0.378,0.339
771500,0.295,0.369,0.336
772000,0.355,0.336,0.308
772500,0.375,0.305,0.320
773000,0.378,0.292,0.330
773500,0.342,0.318,0.340
774000,0.326,0.335,0.339
774500,0.332,0.324,0.344
775000,0.353,0.317,0.330
775500,0.356,0.292,0.351
776000,0.335,0.275,0.390
776500,0.337,0.305,0.358
777000,0.304,0.345,0.350
777500,0.332,0.348,0.320
778000,0.334,0.318,0.348
778500,0.343,0.306,0.350
779000,0.321,0.316,0.364
779500,0.302,0.338,0.360
780000,0.299,0.330,0.371
780500,0.293,0.344,0.363
781000,0.311,0.314,0.376
781500,0.299,0.325,0.376
782000,0.258,0.367,0.375
782500,0.255,0.383,0.362
783000,0.274,0.361,0.366
783500,0.253,0.381,0.366
784000,0.244,0.414,0.342
784500,0.247,0.410,0.343
785000,0.251,0.408,0.341
785500,0.267,0.391,0.342
786000,0.240,0.384,0.376
786500,0.244,0.400,0.355
787000,0.240,0.393,0.367
787500,0.241,0.391,0.368
788000,0.268,0.398,0.334
788500,0.249,0.415,0.336
789000,0.237,0.407,0.356
789500,0.243,0.420,0.337
790000,0.247,0.407,0.346
790500,0.233,0.421,0.346
791000,0.244,0.407,0.349
791500,0.278,0.372,0.350
792000,0.256,0.397,0.346
792500,0.245,0.422,0.333
793000,0.237,0.425,0.338
793500,0.231,0.419,0.350
794000,0.230,0.404,0.366
794500,0.204,0.439,0.356
795000,0.200,0.448,0.351
795500,0.204,0.437,0.359
796000,0.216,0.453,0.332
796500,0.226,0.431,0.343
797000,0.243,0.440,0.317
797500,0.237,0.450,0.313
798000,0.223,0.446,0.331
798500,0.226,0.420,0.354
799000,0.237,0.437,0.326
799500,0.225,0.441,0.334
800000,0.228,0.429,0.343
800500,0.235,0.429,0.336
801000,0.224,0.447,0.329
801500,0.224,0.419,0.358
802000,0.243,0.403,0.353
802500,0.256,0.394,0.349
803000,0.242,0.415,0.343
803500,0.235,0.403,0.362
804000,0.221,0.394,0.385
804500,0.252,0.385,0.363
805000,0.257,0.376,0.367
805500,0.235,0.406,0.360
806000,0.264,0.374,0.363
806500,0.247,0.383,0.370
807000,0.221,0.420,0.360
807500,0.224,0.451,0.325
808000,0.223,0.468,0.309
808500,0.212,0.470,0.318
809000,0.210,0.465,0.325
809500,0.223,0.484,0.293
810000,0.221,0.458,0.322
810500,0.212,0.477,0.311
811000,0.227,0.436,0.337
811500,0.233,0.453,0.315
812000,0.266,0.404,0.330
812500,0.230,0.413,0.358
813000,0.265,0.373,0.363
813500,0.248,0.359,0.393
814000,0.276,0.398,0.326
814500,0.288,0.378,0.334
815000,0.288,0.391,0.321
815500,0.259,0.430,0.311
816000,0.290,0.412,0.298
816500,0.275,0.411,0.315
817000,0.291,0.403,0.305
817500,0.273,0.385,0.342
818000,0.302,0.368,0.330
818500,0.294,0.354,0.351
819000,0.300,0.358,0.342
819500,0.313,0.327,0.361
820000,0.307,0.337,0.355
820500,0.318,0.328,0.354
821000,0.317,0.327,0.356
821500,0.301,0.325,0.374
822000,0.291,0.334,0.375
822500,0.304,0.346,0.349
823000,0.286,0.356,0.358
823500,0.284,0.338,0.378
824000,0.298,0.346,0.355
824500,0.294,0.344,0.362
825000,0.305,0.345,0.349
825500,0.292,0.358,0.350
826000,0.342,0.333,0.325
826500,0.316,0.337,0.347
827000,0.290,0.353,0.356
827500,0.304,0.329,0.367
828000,0.285,0.352,0.363
828500,0.247,0.393,0.360
829000,0.264,0.390,0.346
829500,0.261,0.378,0.361
830000,0.285,0.384,0.331
830500,0.252,0.380,0.368
831000,0.264,0.380,0.356
831500,0.283,0.359,0.359
832000,0.292,0.349,0.359
832500,0.306,0.319,0.375
833000,0.275,0.363,0.363
833500,0.270,0.387,0.343
834000,0.289,0.353,0.358
834500,0.266,0.394,0.340
835000,0.275,0.370,0.355
835500,0.268,0.355,0.377
836000,0.292,0.381,0.327
836500,0.269,0.378,0.353
837000,0.232,0.421,0.347
837500,0.236,0.419,0.345
838000,0.255,0.412,0.333
838500,0.253,0.430,0.317
839000,0.239,0.415,0.346
839500,0.251,0.412,0.337
840000,0.268,0.403,0.329
840500,0.265,0.374,0.362
841000,0.271,0.374,0.355
841500,0.282,0.368,0.350
842000,0.287,0.356,0.356
842500,0.257,0.380,0.363
843000,0.266,0.393,0.341
843500,0.265,0.377,0.359
844000,0.305,0.353,0.341
844500,0.322,0.333,0.345
845000,0.295,0.367,0.338
845500,0.296,0.355,0.348
846000,0.272,0.372,0.356
846500,0.290,0.382,0.328
847000,0.266,0.385,0.349
847500,0.242,0.409,0.349
848000,0.230,0.428,0.342
848500,0.274,0.392,0.334
849000,0.274,0.406,0.321
849500,0.293,0.395,0.312
850000,0.286,0.377,0.337
850500,0.269,0.412,0.320
851000,0.263,0.411,0.327
851500,0.265,0.370,0.366
852000,0.247,0.374,0.379
852500,0.253,0.384,0.363
853000,0.253,0.390,0.356
853500,0.255,0.382,0.363
854000,0.254,0.360,0.386
854500,0.257,0.344,0.398
855000,0.279,0.349,0.372
855500,0.264,0.352,0.384
856000,0.283,0.335,0.382
856500,0.282,0.356,0.362
857000,0.249,0.387,0.364
857500,0.282,0.342,0.376
858000,0.266,0.346,0.388
858500,0.255,0.341,0.403
859000,0.268,0.351,0.381
859500,0.318,0.300,0.382
860000,0.327,0.295,0.378
860500,0.304,0.322,0.374
861000,0.329,0.297,0.374
861500,0.319,0.294,0.387
862000,0.321,0.298,0.381
862500,0.342,0.278,0.380
863000,0.332,0.317,0.351
863500,0.317,0.303,0.380
864000,0.292,0.346,0.362
864500,0.307,0.341,0.351
865000,0.292,0.342,0.366
865500,0.264,0.376,0.361
866000,0.270,0.362,0.369
866500,0.239,0.394,0.367
867000,0.247,0.415,0.338
867500,0.255,0.416,0.329
868000,0.260,0.407,0.333
868500,0.253,0.396,0.350
869000,0.285,0.371,0.344
869500,0.289,0.362,0.349
870000,0.298,0.349,0.352
870500,0.275,0.367,0.359
871000,0.281,0.339,0.380
871500,0.289,0.327,0.384
872000,0.323,0.325,0.352
872500,0.326,0.327,0.347
873000,0.339,0.313,0.348
873500,0.327,0.302,0.371
874000,0.328,0.306,0.366
874500,0.304,0.336,0.360
875000,0.284,0.354,0.362
875500,0.311,0.342,0.347
876000,0.330,0.347,0.323
876500,0.298,0.352,0.349
877000,0.285,0.351,0.364
877500,0.311,0.340,0.349
878000,0.301,0.315,0.384
878500,0.320,0.314,0.367
879000,0.323,0.328,0.349
879500,0.295,0.339,0.366
880000,0.297,0.349,0.353
880500,0.322,0.326,0.352
881000,0.284,0.346,0.370
881500,0.280,0.333,0.387
882000,0.268,0.320,0.413
882500,0.274,0.353,0.373
883000,0.267,0.360,0.374
883500,0.276,0.331,0.393
884000,0.292,0.326,0.382
884500,0.271,0.342,0.387
885000,0.269,0.369,0.363
885500,0.263,0.368,0.370
886000,0.256,0.388,0.355
886500,0.264,0.401,0.335
887000,0.239,0.433,0.328
887500,0.199,0.453,0.348
888000,0.208,0.466,0.326
888500,0.191,0.479,0.330
889000,0.187,0.494,0.319
889500,0.222,0.477,0.301
890000,0.223,0.479,0.298
890500,0.217,0.470,0.314
891000,0.207,0.474,0.319
891500,0.198,0.503,0.299
892000,0.160,0.542,0.297
892500,0.145,0.550,0.305
893000,0.156,0.530,0.314
893500,0.178,0.527,0.295
894000,0.170,0.547,0.283
894500,0.145,0.559,0.296
895000,0.143,0.558,0.299
895500,0.146,0.558,0.296
896000,0.128,0.576,0.296
896500,0.137,0.596,0.268
897000,0.129,0.602,0.270
897500,0.132,0.597,0.272
898000,0.146,0.579,0.275
898500,0.144,0.588,0.268
899000,0.129,0.572,0.299
899500,0.124,0.609,0.268
900000,0.122,0.626,0.252
900500,0.145,0.574,0.281
901000,0.141,0.557,0.302
901500,0.139,0.568,0.293
902000,0.144,0.562,0.294
902500,0.164,0.518,0.318
903000,0.137,0.534,0.329
903500,0.128,0.527,0.345
904000,0.173,0.514,0.314
904500,0.175,0.489,0.336
905000,0.150,0.502,0.348
905500,0.142,0.536,0.322
906000,0.143,0.532,0.325
906500,0.146,0.540,0.314
907000,0.133,0.556,0.312
907500,0.147,0.543,0.309
908000,0.144,0.549,0.307
908500,0.177,0.519,0.304
909000,0.197,0.469,0.334
909500,0.216,0.458,0.327
910000,0.208,0.455,0.337
910500,0.241,0.413,0.346
911000,0.242,0.409,0.349
911500,0.275,0.374,0.351
912000,0.299,0.374,0.327
912500,0.280,0.377,0.343
913000,0.305,0.373,0.322
913500,0.329,0.361,0.311
914000,0.302,0.384,0.314
914500,0.284,0.378,0.338
915000,0.235,0.424,0.341
915500,0.233,0.427,0.340
916000,0.223,0.408,0.370
916500,0.248,0.388,0.364
917000,0.251,0.408,0.341
917500,0.266,0.393,0.341
918000,0.250,0.400,0.349
918500,0.295,0.378,0.327
919000,0.287,0.374,0.339
919500,0.279,0.392,0.329
920000,0.292,0.378,0.330
920500,0.308,0.369,0.323
921000,0.307,0.348,0.344
921500,0.303,0.333,0.364
922000,0.288,0.356,0.355
922500,0.294,0.366,0.340
923000,0.295,0.372,0.333
923500,0.259,0.384,0.356
924000,0.285,0.380,0.335
924500,0.315,0.345,0.340
925000,0.325,0.342,0.333
925500,0.296,0.369,0.335
926000,0.314,0.362,0.325
926500,0.309,0.354,0.336
927000,0.303,0.350,0.346
927500,0.294,0.360,0.346
928000,0.335,0.343,0.322
928500,0.344,0.301,0.354
929000,0.374,0.281,0.345
929500,0.372,0.280,0.348
930000,0.331,0.305,0.364
930500,0.348,0.290,0.362
931000,0.339,0.270,0.391
931500,0.342,0.279,0.379
932000,0.331,0.300,0.369
932500,0.314,0.295,0.391
933000,0.335,0.289,0.376
933500,0.325,0.274,0.401
934000,0.350,0.259,0.390
934500,0.369,0.247,0.384
935000,0.373,0.248,0.379
935500,0.377,0.267,0.356
936000,0.407,0.259,0.334
936500,0.385,0.269,0.346
937000,0.406,0.265,0.330
937500,0.408,0.271,0.322
938000,0.418,0.254,0.328
938500,0.430,0.254,0.316
939000,0.413,0.269,0.319
939500,0.421,0.258,0.321
940000,0.428,0.275,0.297
940500,0.429,0.261,0.309
941000,0.451,0.255,0.293
941500,0.439,0.229,0.332
942000,0.466,0.222,0.313
942500,0.448,0.223,0.329
943000,0.429,0.259,0.312
943500,0.408,0.267,0.326
944000,0.399,0.252,0.348
944500,0.380,0.267,0.353
945000,0.396,0.272,0.332
945500,0.398,0.250,0.351
946000,0.400,0.244,0.355
946500,0.430,0.230,0.340
947000,0.418,0.255,0.327
947500,0.414,0.264,0.323
948000,0.399,0.258,0.342
948500,0.423,0.257,0.320
949000,0.416,0.243,0.341
949500,0.464,0.223,0.314
950000,0.489,0.202,0.308
950500,0.467,0.204,0.329
951000,0.481,0.211,0.307
951500,0.496,0.212,0.291
952000,0.473,0.202,0.325
952500,0.513,0.189,0.298
953000,0.544,0.177,0.279
953500,0.544,0.165,0.290
954000,0.531,0.166,0.302
954500,0.521,0.176,0.303
955000,0.488,0.209,0.302
955500,0.492,0.195,0.313
956000,0.481,0.204,0.315
956500,0.479,0.190,0.331
957000,0.506,0.181,0.314
957500,0.528,0.163,0.308
958000,0.529,0.158,0.313
958500,0.553,0.164,0.283
959000,0.562,0.161,0.277
959500,0.592,0.147,0.260
960000,0.589,0.146,0.265
960500,0.589,0.164,0.246
961000,0.608,0.154,0.238
961500,0.610,0.141,0.249
962000,0.608,0.138,0.254
962500,0.623,0.138,0.239
963000,0.635,0.129,0.236
963500,0.641,0.127,0.232
964000,0.642,0.124,0.234
964500,0.638,0.142,0.220
965000,0.634,0.136,0.230
965500,0.603,0.148,0.249
966000,0.618,0.154,0.228
966500,0.609,0.137,0.254
967000,0.612,0.142,0.246
967500,0.622,0.129,0.249
968000,0.608,0.126,0.267
968500,0.621,0.131,0.248
969000,0.637,0.122,0.241
969500,0.650,0.109,0.241
970000,0.646,0.107,0.247
970500,0.626,0.114,0.259
971000,0.633,0.104,0.263
971500,0.630,0.109,0.260
972000,0.632,0.111,0.256
972500,0.645,0.096,0.259
973000,0.645,0.099,0.256
973500,0.654,0.103,0.243
974000,0.642,0.109,0.248
974500,0.648,0.124,0.229
975000,0.638,0.113,0.248
975500,0.654,0.113,0.233
976000,0.641,0.113,0.245
976500,0.628,0.107,0.265
977000,0.630,0.118,0.251
977500,0.605,0.155,0.240
978000,0.608,0.131,0.261
978500,0.580,0.152,0.268
979000,0.540,0.150,0.309
979500,0.541,0.174,0.285
980000,0.501,0.182,0.318
980500,0.490,0.175,0.335
981000,0.494,0.173,0.333
981500,0.487,0.194,0.319
982000,0.475,0.210,0.315
982500,0.482,0.191,0.327
983000,0.462,0.220,0.319
983500,0.456,0.223,0.322
984000,0.467,0.210,0.323
984500,0.462,0.206,0.332
985000,0.458,0.209,0.333
985500,0.480,0.196,0.324
986000,0.488,0.183,0.329
986500,0.474,0.206,0.320
987000,0.483,0.195,0.322
987500,0.481,0.207,0.312
988000,0.455,0.191,0.354
988500,0.495,0.175,0.330
989000,0.477,0.183,0.340
989500,0.470,0.212,0.318
990000,0.434,0.249,0.317
990500,0.390,0.263,0.347
991000,0.363,0.282,0.355
991500,0.365,0.280,0.355
992000,0.366,0.283,0.351
992500,0.383,0.286,0.331
993000,0.390,0.270,0.340
993500,0.377,0.301,0.322
994000,0.387,0.285,0.328
994500,0.397,0.264,0.339
995000,0.398,0.255,0.346
995500,0.403,0.258,0.338
996000,0.402,0.280,0.318
996500,0.402,0.237,0.361
997000,0.457,0.225,0.319
997500,0.470,0.203,0.327
998000,0.451,0.212,0.336
998500,0.454,0.210,0.336
999000,0.459,0.184,0.358
999500,0.475,0.188,0.337
1000000,0.474,0.186,0.340
