time,n_A+p,n_B,n_AB
500,0.010,0.839,0.151
1000,0.010,0.902,0.088
1500,0.010,0.701,0.289
2000,0.010,0.770,0.220
2500,0.010,0.826,0.164
3000,0.010,0.898,0.092
3500,0.010,0.837,0.153
4000,0.010,0.694,0.296
4500,0.010,0.710,0.280
5000,0.010,0.865,0.125
5500,0.010,0.928,0.062
6000,0.010,0.936,0.054
6500,0.010,0.955,0.035
7000,0.010,0.988,0.002
7500,0.010,0.960,0.030
8000,0.010,0.832,0.158
8500,0.010,0.668,0.322
9000,0.010,0.732,0.258
9500,0.010,0.900,0.090
10000,0.010,0.846,0.144
10500,0.010,0.922,0.068
11000,0.010,0.852,0.138
11500,0.010,0.689,0.301
12000,0.010,0.707,0.283
12500,0.010,0.825,0.165
13000,0.010,0.927,0.063
13500,0.010,0.969,0.021
14000,0.010,0.879,0.111
14500,0.010,0.851,0.139
15000,0.010,0.872,0.118
15500,0.010,0.839,0.151
16000,0.010,0.934,0.056
16500,0.010,0.926,0.064
17000,0.010,0.875,0.115
17500,0.010,0.890,0.100
18000,0.010,0.656,0.334
18500,0.010,0.718,0.272
19000,0.010,0.896,0.094
19500,0.010,0.935,0.055
20000,0.010,0.751,0.239
20500,0.010,0.829,0.161
21000,0.010,0.921,0.069
21500,0.010,0.834,0.156
22000,0.010,0.861,0.129
22500,0.010,0.907,0.083
23000,0.010,0.752,0.238
23500,0.010,0.820,0.170
24000,0.010,0.735,0.255
24500,0.010,0.720,0.270
25000,0.010,0.813,0.177
25500,0.010,0.905,0.085
26000,0.010,0.849,0.141
26500,0.010,0.959,0.031
27000,0.010,0.886,0.104
27500,0.010,0.926,0.064
28000,0.010,0.757,0.233
28500,0.010,0.899,0.091
29000,0.010,0.840,0.150
29500,0.010,0.749,0.241
30000,0.010,0.881,0.109
30500,0.010,0.872,0.118
31000,0.010,0.815,0.175
31500,0.010,0.778,0.212
32000,0.010,0.774,0.216
32500,0.010,0.702,0.288
33000,0.010,0.855,0.135
33500,0.010,0.836,0.154
34000,0.010,0.943,0.047
34500,0.010,0.810,0.180
35000,0.010,0.721,0.269
35500,0.010,0.906,0.084
36000,0.010,0.986,0.004
36500,0.010,0.942,0.048
37000,0.010,0.837,0.153
37500,0.010,0.884,0.106
38000,0.010,0.957,0.033
38500,0.010,0.958,0.032
39000,0.010,0.909,0.081
39500,0.010,0.875,0.115
40000,0.010,0.850,0.140
40500,0.010,0.918,0.072
41000,0.010,0.827,0.163
41500,0.010,0.774,0.216
42000,0.010,0.845,0.145
42500,0.010,0.890,0.100
43000,0.010,0.806,0.184
43500,0.010,0.766,0.224
44000,0.010,0.794,0.196
44500,0.010,0.895,0.095
45000,0.010,0.838,0.152
45500,0.010,0.723,0.267
46000,0.010,0.848,0.142
46500,0.010,0.705,0.285
47000,0.010,0.836,0.154
47500,0.010,0.872,0.118
48000,0.010,0.792,0.198
48500,0.010,0.849,0.141
49000,0.010,0.854,0.136
49500,0.010,0.917,0.073
50000,0.010,0.943,0.047
50500,0.010,0.922,0.068
51000,0.010,0.975,0.015
51500,0.010,0.792,0.198
52000,0.010,0.846,0.144
52500,0.010,0.923,0.067
53000,0.010,0.865,0.125
53500,0.010,0.856,0.134
54000,0.010,0.837,0.153
54500,0.010,0.823,0.167
55000,0.010,0.896,0.094
55500,0.010,0.906,0.084
56000,0.010,0.857,0.133
56500,0.010,0.793,0.197
57000,0.010,0.857,0.133
57500,0.010,0.680,0.310
58000,0.010,0.714,0.276
58500,0.010,0.769,0.221
59000,0.010,0.876,0.114
59500,0.010,0.917,0.073
60000,0.010,0.916,0.074
60500,0.010,0.898,0.092
61000,0.010,0.969,0.021
61500,0.010,0.935,0.055
62000,0.010,0.907,0.083
62500,0.010,0.932,0.058
63000,0.010,0.937,0.053
63500,0.010,0.920,0.070
64000,0.010,0.818,0.172
64500,0.010,0.826,0.164
65000,0.010,0.948,0.042
65500,0.010,0.987,0.003
66000,0.010,0.904,0.086
66500,0.010,0.927,0.063
67000,0.010,0.974,0.016
67500,0.010,0.732,0.258
68000,0.010,0.903,0.087
68500,0.010,0.929,0.061
69000,0.010,0.841,0.149
69500,0.010,0.814,0.176
70000,0.010,0.842,0.148
70500,0.010,0.908,0.082
71000,0.010,0.674,0.316
71500,0.010,0.817,0.173
72000,0.010,0.699,0.291
72500,0.010,0.849,0.141
73000,0.010,0.984,0.006
73500,0.010,0.934,0.056
74000,0.010,0.812,0.178
74500,0.010,0.670,0.320
75000,0.010,0.803,0.187
75500,0.010,0.956,0.034
76000,0.010,0.791,0.199
76500,0.010,0.730,0.260
77000,0.010,0.869,0.121
77500,0.010,0.815,0.175
78000,0.010,0.815,0.175
78500,0.010,0.894,0.096
79000,0.010,0.929,0.061
79500,0.010,0.912,0.078
80000,0.010,0.973,0.017
80500,0.010,0.812,0.178
81000,0.010,0.839,0.151
81500,0.010,0.699,0.291
82000,0.010,0.784,0.206
82500,0.010,0.879,0.111
83000,0.010,0.888,0.102
83500,0.010,0.864,0.126
84000,0.010,0.751,0.239
84500,0.010,0.686,0.304
85000,0.010,0.893,0.097
85500,0.010,0.658,0.332
86000,0.010,0.803,0.187
86500,0.010,0.881,0.109
87000,0.010,0.939,0.051
87500,0.010,0.844,0.146
88000,0.010,0.527,0.463
88500,0.010,0.709,0.281
89000,0.010,0.781,0.209
89500,0.010,0.824,0.166
90000,0.010,0.747,0.243
90500,0.010,0.768,0.222
91000,0.010,0.706,0.284
91500,0.010,0.774,0.216
92000,0.010,0.844,0.146
92500,0.010,0.775,0.215
93000,0.010,0.844,0.146
93500,0.010,0.674,0.316
94000,0.010,0.777,0.213
94500,0.010,0.757,0.233
95000,0.010,0.950,0.040
95500,0.010,0.896,0.094
96000,0.010,0.815,0.175
96500,0.010,0.761,0.229
97000,0.010,0.871,0.119
97500,0.010,0.976,0.014
98000,0.010,0.962,0.028
98500,0.010,0.905,0.085
99000,0.010,0.846,0.144
99500,0.010,0.822,0.168
100000,0.010,0.745,0.245
100500,0.010,0.855,0.135
101000,0.010,0.772,0.218
101500,0.010,0.914,0.076
102000,0.010,0.975,0.015
102500,0.010,0.881,0.109
103000,0.010,0.760,0.230
103500,0.010,0.943,0.047
104000,0.010,0.921,0.069
104500,0.010,0.897,0.093
105000,0.010,0.852,0.138
105500,0.010,0.824,0.166
106000,0.010,0.877,0.113
106500,0.010,0.821,0.169
107000,0.010,0.850,0.140
107500,0.010,0.930,0.060
108000,0.010,0.734,0.256
108500,0.010,0.924,0.066
109000,0.010,0.894,0.096
109500,0.010,0.841,0.149
110000,0.010,0.739,0.251
110500,0.010,0.904,0.086
111000,0.010,0.846,0.144
111500,0.010,0.960,0.030
112000,0.010,0.914,0.076
112500,0.010,0.879,0.111
113000,0.010,0.849,0.141
113500,0.010,0.872,0.118
114000,0.010,0.892,0.098
114500,0.010,0.917,0.073
115000,0.010,0.963,0.027
115500,0.010,0.875,0.115
116000,0.010,0.909,0.081
116500,0.010,0.890,0.100
117000,0.010,0.812,0.178
117500,0.010,0.899,0.091
118000,0.010,0.847,0.143
118500,0.010,0.936,0.054
119000,0.010,0.723,0.267
119500,0.010,0.697,0.293
120000,0.010,0.551,0.439
120500,0.010,0.760,0.230
121000,0.010,0.730,0.260
121500,0.010,0.879,0.111
122000,0.010,0.737,0.253
122500,0.010,0.766,0.224
123000,0.010,0.816,0.174
123500,0.010,0.875,0.115
124000,0.010,0.781,0.209
124500,0.010,0.831,0.159
125000,0.010,0.646,0.344
125500,0.010,0.823,0.167
126000,0.010,0.758,0.232
126500,0.010,0.906,0.084
127000,0.010,0.694,0.296
127500,0.010,0.862,0.128
128000,0.010,0.883,0.107
128500,0.010,0.883,0.107
129000,0.010,0.892,0.098
129500,0.010,0.766,0.224
130000,0.010,0.862,0.128
130500,0.010,0.698,0.292
131000,0.010,0.702,0.288
131500,0.010,0.873,0.117
132000,0.010,0.966,0.024
132500,0.010,0.987,0.003
133000,0.010,0.904,0.086
133500,0.010,0.862,0.128
134000,0.010,0.686,0.304
134500,0.010,0.841,0.149
135000,0.010,0.899,0.091
135500,0.010,0.837,0.153
136000,0.010,0.682,0.308
136500,0.010,0.745,0.245
137000,0.010,0.838,0.152
137500,0.010,0.841,0.149
138000,0.010,0.670,0.320
138500,0.010,0.870,0.120
139000,0.010,0.837,0.153
139500,0.010,0.838,0.152
140000,0.010,0.874,0.116
140500,0.010,0.689,0.301
141000,0.010,0.793,0.197
141500,0.010,0.728,0.262
142000,0.010,0.773,0.217
142500,0.010,0.702,0.288
143000,0.010,0.777,0.213
143500,0.010,0.580,0.410
144000,0.010,0.835,0.155
144500,0.010,0.722,0.268
145000,0.010,0.895,0.095
145500,0.010,0.882,0.108
146000,0.010,0.876,0.114
146500,0.010,0.870,0.120
147000,0.010,0.783,0.207
147500,0.010,0.819,0.171
148000,0.010,0.739,0.251
148500,0.010,0.761,0.229
149000,0.010,0.598,0.392
149500,0.010,0.733,0.257
150000,0.010,0.855,0.135
150500,0.010,0.766,0.224
151000,0.010,0.716,0.274
151500,0.010,0.825,0.165
152000,0.010,0.931,0.059
152500,0.010,0.897,0.093
153000,0.010,0.721,0.269
153500,0.010,0.791,0.199
154000,0.010,0.692,0.298
154500,0.010,0.723,0.267
155000,0.010,0.937,0.053
155500,0.010,0.956,0.034
156000,0.010,0.880,0.110
156500,0.010,0.880,0.110
157000,0.010,0.874,0.116
157500,0.010,0.759,0.231
158000,0.010,0.756,0.234
158500,0.010,0.774,0.216
159000,0.010,0.699,0.291
159500,0.010,0.661,0.329
160000,0.010,0.764,0.226
160500,0.010,0.888,0.102
161000,0.010,0.614,0.376
161500,0.010,0.727,0.263
162000,0.010,0.900,0.090
162500,0.010,0.929,0.061
163000,0.010,0.904,0.086
163500,0.010,0.907,0.083
164000,0.010,0.919,0.071
164500,0.010,0.796,0.194
165000,0.010,0.743,0.247
165500,0.010,0.945,0.045
166000,0.010,0.820,0.170
166500,0.010,0.963,0.027
167000,0.010,0.889,0.101
167500,0.010,0.875,0.115
168000,0.010,0.831,0.159
168500,0.010,0.736,0.254
169000,0.010,0.712,0.278
169500,0.010,0.731,0.259
170000,0.010,0.904,0.086
170500,0.010,0.860,0.130
171000,0.010,0.862,0.128
171500,0.010,0.829,0.161
172000,0.010,0.710,0.280
172500,0.010,0.706,0.284
173000,0.010,0.839,0.151
173500,0.010,0.741,0.249
174000,0.010,0.801,0.189
174500,0.010,0.893,0.097
175000,0.010,0.889,0.101
175500,0.010,0.926,0.064
176000,0.010,0.912,0.078
176500,0.010,0.868,0.122
177000,0.010,0.844,0.146
177500,0.010,0.931,0.059
178000,0.010,0.914,0.076
178500,0.010,0.878,0.112
179000,0.010,0.812,0.178
179500,0.010,0.868,0.122
180000,0.010,0.981,0.009
180500,0.010,0.864,0.126
181000,0.010,0.865,0.125
181500,0.010,0.839,0.151
182000,0.010,0.836,0.154
182500,0.010,0.858,0.132
183000,0.010,0.917,0.073
183500,0.010,0.773,0.217
184000,0.010,0.855,0.135
184500,0.010,0.775,0.215
185000,0.010,0.859,0.131
185500,0.010,0.829,0.161
186000,0.010,0.759,0.231
186500,0.010,0.755,0.235
187000,0.010,0.777,0.213
187500,0.010,0.887,0.103
188000,0.010,0.806,0.184
188500,0.010,0.801,0.189
189000,0.010,0.925,0.065
189500,0.010,0.835,0.155
190000,0.010,0.690,0.300
190500,0.010,0.688,0.302
191000,0.010,0.674,0.316
191500,0.010,0.745,0.245
192000,0.010,0.793,0.197
192500,0.010,0.884,0.106
193000,0.010,0.962,0.028
193500,0.010,0.929,0.061
194000,0.010,0.857,0.133
194500,0.010,0.879,0.111
195000,0.010,0.864,0.126
195500,0.010,0.734,0.256
196000,0.010,0.748,0.242
196500,0.010,0.732,0.258
197000,0.010,0.851,0.139
197500,0.010,0.952,0.038
198000,0.010,0.787,0.203
198500,0.010,0.845,0.145
199000,0.010,0.754,0.236
199500,0.010,0.697,0.293
200000,0.010,0.871,0.119
200500,0.010,0.906,0.084
201000,0.010,0.825,0.165
201500,0.010,0.918,0.072
202000,0.010,0.911,0.079
202500,0.010,0.968,0.022
203000,0.010,0.927,0.063
203500,0.010,0.917,0.073
204000,0.010,0.798,0.192
204500,0.010,0.906,0.084
205000,0.010,0.950,0.040
205500,0.010,0.956,0.034
206000,0.010,0.971,0.019
206500,0.010,0.742,0.248
207000,0.010,0.746,0.244
207500,0.010,0.904,0.086
208000,0.010,0.940,0.050
208500,0.010,0.877,0.113
209000,0.010,0.929,0.061
209500,0.010,0.799,0.191
210000,0.010,0.764,0.226
210500,0.010,0.755,0.235
211000,0.010,0.708,0.282
211500,0.010,0.804,0.186
212000,0.010,0.752,0.238
212500,0.010,0.741,0.249
213000,0.010,0.619,0.371
213500,0.010,0.874,0.116
214000,0.010,0.808,0.182
214500,0.010,0.910,0.080
215000,0.010,0.905,0.085
215500,0.010,0.828,0.162
216000,0.010,0.873,0.117
216500,0.010,0.879,0.111
217000,0.010,0.692,0.298
217500,0.010,0.745,0.245
218000,0.010,0.655,0.335
218500,0.010,0.812,0.178
219000,0.010,0.887,0.103
219500,0.010,0.800,0.190
220000,0.010,0.777,0.213
220500,0.010,0.900,0.090
221000,0.010,0.913,0.077
221500,0.010,0.710,0.280
222000,0.010,0.808,0.182
222500,0.010,0.740,0.250
223000,0.010,0.681,0.309
223500,0.010,0.780,0.210
224000,0.010,0.801,0.189
224500,0.010,0.723,0.267
225000,0.010,0.796,0.194
225500,0.010,0.790,0.200
226000,0.010,0.806,0.184
226500,0.010,0.796,0.194
227000,0.010,0.675,0.315
227500,0.010,0.726,0.264
228000,0.010,0.781,0.209
228500,0.010,0.879,0.111
229000,0.010,0.738,0.252
229500,0.010,0.681,0.309
230000,0.010,0.746,0.244
230500,0.010,0.778,0.212
231000,0.010,0.759,0.231
231500,0.010,0.855,0.135
232000,0.010,0.883,0.107
232500,0.010,0.871,0.119
233000,0.010,0.710,0.280
233500,0.010,0.727,0.263
234000,0.010,0.714,0.276
234500,0.010,0.862,0.128
235000,0.010,0.810,0.180
235500,0.010,0.812,0.178
236000,0.010,0.883,0.107
236500,0.010,0.896,0.094
237000,0.010,0.972,0.018
237500,0.010,0.982,0.008
238000,0.010,0.961,0.029
238500,0.010,0.896,0.094
239000,0.010,0.733,0.257
239500,0.010,0.950,0.040
240000,0.010,0.901,0.089
240500,0.010,0.864,0.126
241000,0.010,0.851,0.139
241500,0.010,0.952,0.038
242000,0.010,0.887,0.103
242500,0.010,0.891,0.099
243000,0.010,0.858,0.132
243500,0.010,0.815,0.175
244000,0.010,0.909,0.081
244500,0.010,0.822,0.168
245000,0.010,0.831,0.159
245500,0.010,0.865,0.125
246000,0.010,0.801,0.189
246500,0.010,0.891,0.099
247000,0.010,0.863,0.127
247500,0.010,0.893,0.097
248000,0.010,0.794,0.196
248500,0.010,0.827,0.163
249000,0.010,0.949,0.041
249500,0.010,0.860,0.130
250000,0.010,0.799,0.191
250500,0.010,0.758,0.232
251000,0.010,0.841,0.149
251500,0.010,0.832,0.158
252000,0.010,0.759,0.231
252500,0.010,0.702,0.288
253000,0.010,0.692,0.298
253500,0.010,0.914,0.076
254000,0.010,0.842,0.148
254500,0.010,0.763,0.227
255000,0.010,0.829,0.161
255500,0.010,0.827,0.163
256000,0.010,0.692,0.298
256500,0.010,0.890,0.100
257000,0.010,0.898,0.092
257500,0.010,0.968,0.022
258000,0.010,0.921,0.069
258500,0.010,0.930,0.060
259000,0.010,0.932,0.058
259500,0.010,0.924,0.066
260000,0.010,0.922,0.068
260500,0.010,0.809,0.181
261000,0.010,0.756,0.234
261500,0.010,0.916,0.074
262000,0.010,0.961,0.029
262500,0.010,0.880,0.110
263000,0.010,0.810,0.180
263500,0.010,0.915,0.075
264000,0.010,0.779,0.211
264500,0.010,0.890,0.100
265000,0.010,0.888,0.102
265500,0.010,0.784,0.206
266000,0.010,0.816,0.174
266500,0.010,0.757,0.233
267000,0.010,0.945,0.045
267500,0.010,0.898,0.092
268000,0.010,0.955,0.035
268500,0.010,0.805,0.185
269000,0.010,0.839,0.151
269500,0.010,0.925,0.065
270000,0.010,0.935,0.055
270500,0.010,0.836,0.154
271000,0.010,0.740,0.250
271500,0.010,0.762,0.228
272000,0.010,0.788,0.202
272500,0.010,0.893,0.097
273000,0.010,0.924,0.066
273500,0.010,0.803,0.187
274000,0.010,0.782,0.208
274500,0.010,0.707,0.283
275000,0.010,0.591,0.399
275500,0.010,0.764,0.226
276000,0.010,0.767,0.223
276500,0.010,0.848,0.142
277000,0.010,0.853,0.137
277500,0.010,0.946,0.044
278000,0.010,0.917,0.073
278500,0.010,0.841,0.149
279000,0.010,0.817,0.173
279500,0.010,0.744,0.246
280000,0.010,0.948,0.042
280500,0.010,0.872,0.118
281000,0.010,0.916,0.074
281500,0.010,0.874,0.116
282000,0.010,0.797,0.193
282500,0.010,0.788,0.202
283000,0.010,0.907,0.083
283500,0.010,0.836,0.154
284000,0.010,0.895,0.095
284500,0.010,0.946,0.044
285000,0.010,0.919,0.071
285500,0.010,0.872,0.118
286000,0.010,0.773,0.217
286500,0.010,0.824,0.166
287000,0.010,0.933,0.057
287500,0.010,0.878,0.112
288000,0.010,0.959,0.031
288500,0.010,0.895,0.095
289000,0.010,0.798,0.192
289500,0.010,0.823,0.167
290000,0.010,0.952,0.038
290500,0.010,0.959,0.031
291000,0.010,0.969,0.021
291500,0.010,0.955,0.035
292000,0.010,0.806,0.184
292500,0.010,0.939,0.051
293000,0.010,0.876,0.114
293500,0.010,0.864,0.126
294000,0.010,0.874,0.116
294500,0.010,0.927,0.063
295000,0.010,0.784,0.206
295500,0.010,0.808,0.182
296000,0.010,0.939,0.051
296500,0.010,0.913,0.077
297000,0.010,0.810,0.180
297500,0.010,0.703,0.287
298000,0.010,0.727,0.263
298500,0.010,0.788,0.202
299000,0.010,0.939,0.051
299500,0.010,0.897,0.093
300000,0.010,0.947,0.043
300500,0.010,0.942,0.048
301000,0.010,0.933,0.057
301500,0.010,0.868,0.122
302000,0.010,0.867,0.123
302500,0.010,0.870,0.120
303000,0.010,0.918,0.072
303500,0.010,0.844,0.146
304000,0.010,0.851,0.139
304500,0.010,0.806,0.184
305000,0.010,0.655,0.335
305500,0.010,0.811,0.179
306000,0.010,0.783,0.207
306500,0.010,0.747,0.243
307000,0.010,0.736,0.254
307500,0.010,0.825,0.165
308000,0.010,0.773,0.217
308500,0.010,0.905,0.085
309000,0.010,0.885,0.105
309500,0.010,0.957,0.033
310000,0.010,0.927,0.063
310500,0.010,0.931,0.059
311000,0.010,0.907,0.083
311500,0.010,0.932,0.058
312000,0.010,0.849,0.141
312500,0.010,0.942,0.048
313000,0.010,0.770,0.220
313500,0.010,0.903,0.087
314000,0.010,0.908,0.082
314500,0.010,0.837,0.153
315000,0.010,0.736,0.254
315500,0.010,0.612,0.378
316000,0.010,0.879,0.111
316500,0.010,0.853,0.137
317000,0.010,0.709,0.281
317500,0.010,0.715,0.275
318000,0.010,0.855,0.135
318500,0.010,0.817,0.173
319000,0.010,0.870,0.120
319500,0.010,0.762,0.228
320000,0.010,0.753,0.237
320500,0.010,0.884,0.106
321000,0.010,0.937,0.053
321500,0.010,0.927,0.063
322000,0.010,0.862,0.128
322500,0.010,0.895,0.095
323000,0.010,0.841,0.149
323500,0.010,0.767,0.223
324000,0.010,0.708,0.282
324500,0.010,0.757,0.233
325000,0.010,0.853,0.137
325500,0.010,0.660,0.330
326000,0.010,0.660,0.330
326500,0.010,0.834,0.156
327000,0.010,0.892,0.098
327500,0.010,0.835,0.155
328000,0.010,0.789,0.201
328500,0.010,0.919,0.071
329000,0.010,0.910,0.080
329500,0.010,0.865,0.125
330000,0.010,0.834,0.156
330500,0.010,0.704,0.286
331000,0.010,0.739,0.251
331500,0.010,0.796,0.194
332000,0.010,0.876,0.114
332500,0.010,0.875,0.115
333000,0.010,0.933,0.057
333500,0.010,0.863,0.127
334000,0.010,0.706,0.284
334500,0.010,0.729,0.261
335000,0.010,0.740,0.250
335500,0.010,0.816,0.174
336000,0.010,0.897,0.093
336500,0.010,0.826,0.164
337000,0.010,0.808,0.182
337500,0.010,0.895,0.095
338000,0.010,0.654,0.336
338500,0.010,0.754,0.236
339000,0.010,0.795,0.195
339500,0.010,0.816,0.174
340000,0.010,0.814,0.176
340500,0.010,0.457,0.533
341000,0.010,0.706,0.284
341500,0.010,0.788,0.202
342000,0.010,0.855,0.135
342500,0.010,0.770,0.220
343000,0.010,0.730,0.260
343500,0.010,0.691,0.299
344000,0.010,0.665,0.325
344500,0.010,0.818,0.172
345000,0.010,0.786,0.204
345500,0.010,0.848,0.142
346000,0.010,0.731,0.259
346500,0.010,0.739,0.251
347000,0.010,0.795,0.195
347500,0.010,0.869,0.121
348000,0.010,0.888,0.102
348500,0.010,0.902,0.088
349000,0.010,0.754,0.236
349500,0.010,0.744,0.246
350000,0.010,0.875,0.115
350500,0.010,0.890,0.100
351000,0.010,0.763,0.227
351500,0.010,0.805,0.185
352000,0.010,0.916,0.074
352500,0.010,0.746,0.244
353000,0.010,0.909,0.081
353500,0.010,0.793,0.197
354000,0.010,0.761,0.229
354500,0.010,0.522,0.468
355000,0.010,0.727,0.263
355500,0.010,0.850,0.140
356000,0.010,0.952,0.038
356500,0.010,0.889,0.101
357000,0.010,0.873,0.117
357500,0.010,0.870,0.120
358000,0.010,0.853,0.137
358500,0.010,0.880,0.110
359000,0.010,0.854,0.136
359500,0.010,0.805,0.185
360000,0.010,0.890,0.100
360500,0.010,0.766,0.224
361000,0.010,0.885,0.105
361500,0.010,0.958,0.032
362000,0.010,0.935,0.055
362500,0.010,0.930,0.060
363000,0.010,0.846,0.144
363500,0.010,0.825,0.165
364000,0.010,0.709,0.281
364500,0.010,0.814,0.176
365000,0.010,0.816,0.174
365500,0.010,0.669,0.321
366000,0.010,0.848,0.142
366500,0.010,0.663,0.327
367000,0.010,0.730,0.260
367500,0.010,0.799,0.191
368000,0.010,0.739,0.251
368500,0.010,0.908,0.082
369000,0.010,0.830,0.160
369500,0.010,0.922,0.068
370000,0.010,0.818,0.172
370500,0.010,0.776,0.214
371000,0.010,0.794,0.196
371500,0.010,0.911,0.079
372000,0.010,0.973,0.017
372500,0.010,0.961,0.029
373000,0.010,0.888,0.102
373500,0.010,0.837,0.153
374000,0.010,0.733,0.257
374500,0.010,0.696,0.294
375000,0.010,0.846,0.144
375500,0.010,0.842,0.148
376000,0.010,0.784,0.206
376500,0.010,0.773,0.217
377000,0.010,0.773,0.217
377500,0.010,0.779,0.211
378000,0.010,0.816,0.174
378500,0.010,0.870,0.120
379000,0.010,0.940,0.050
379500,0.010,0.827,0.163
380000,0.010,0.882,0.108
380500,0.010,0.928,0.062
381000,0.010,0.847,0.143
381500,0.010,0.881,0.109
382000,0.010,0.841,0.149
382500,0.010,0.716,0.274
383000,0.010,0.793,0.197
383500,0.010,0.863,0.127
384000,0.010,0.919,0.071
384500,0.010,0.942,0.048
385000,0.010,0.844,0.146
385500,0.010,0.705,0.285
386000,0.010,0.778,0.212
386500,0.010,0.895,0.095
387000,0.010,0.907,0.083
387500,0.010,0.894,0.096
388000,0.010,0.700,0.290
388500,0.010,0.874,0.116
389000,0.010,0.777,0.213
389500,0.010,0.722,0.268
390000,0.010,0.666,0.324
390500,0.010,0.887,0.103
391000,0.010,0.854,0.136
391500,0.010,0.852,0.138
392000,0.010,0.865,0.125
392500,0.010,0.683,0.307
393000,0.010,0.913,0.077
393500,0.010,0.826,0.164
394000,0.010,0.773,0.217
394500,0.010,0.754,0.236
395000,0.010,0.737,0.253
395500,0.010,0.884,0.106
396000,0.010,0.938,0.052
396500,0.010,0.986,0.004
397000,0.010,0.967,0.023
397500,0.010,0.900,0.090
398000,0.010,0.877,0.113
398500,0.010,0.860,0.130
399000,0.010,0.914,0.076
399500,0.010,0.897,0.093
400000,0.010,0.859,0.131
400500,0.010,0.947,0.043
401000,0.010,0.926,0.064
401500,0.010,0.813,0.177
402000,0.010,0.683,0.307
402500,0.010,0.785,0.205
403000,0.010,0.848,0.142
403500,0.010,0.924,0.066
404000,0.010,0.867,0.123
404500,0.010,0.681,0.309
405000,0.010,0.770,0.220
405500,0.010,0.659,0.331
406000,0.010,0.562,0.428
406500,0.010,0.721,0.269
407000,0.010,0.708,0.282
407500,0.010,0.665,0.325
408000,0.010,0.889,0.101
408500,0.010,0.878,0.112
409000,0.010,0.817,0.173
409500,0.010,0.714,0.276
410000,0.010,0.775,0.215
410500,0.010,0.874,0.116
411000,0.010,0.852,0.138
411500,0.010,0.928,0.062
412000,0.010,0.927,0.063
412500,0.010,0.838,0.152
413000,0.010,0.825,0.165
413500,0.010,0.803,0.187
414000,0.010,0.819,0.171
414500,0.010,0.786,0.204
415000,0.010,0.796,0.194
415500,0.010,0.899,0.091
416000,0.010,0.884,0.106
416500,0.010,0.855,0.135
417000,0.010,0.835,0.155
417500,0.010,0.919,0.071
418000,0.010,0.885,0.105
418500,0.010,0.809,0.181
419000,0.010,0.872,0.118
419500,0.010,0.913,0.077
420000,0.010,0.924,0.066
420500,0.010,0.963,0.027
421000,0.010,0.919,0.071
421500,0.010,0.882,0.108
422000,0.010,0.908,0.082
422500,0.010,0.852,0.138
423000,0.010,0.898,0.092
423500,0.010,0.735,0.255
424000,0.010,0.734,0.256
424500,0.010,0.444,0.546
425000,0.010,0.621,0.369
425500,0.010,0.707,0.283
426000,0.010,0.883,0.107
426500,0.010,0.834,0.156
427000,0.010,0.692,0.298
427500,0.010,0.898,0.092
428000,0.010,0.664,0.326
428500,0.010,0.816,0.174
429000,0.010,0.828,0.162
429500,0.010,0.753,0.237
430000,0.010,0.926,0.064
430500,0.010,0.935,0.055
431000,0.010,0.922,0.068
431500,0.010,0.846,0.144
432000,0.010,0.832,0.158
432500,0.010,0.908,0.082
433000,0.010,0.926,0.064
433500,0.010,0.936,0.054
434000,0.010,0.925,0.065
434500,0.010,0.920,0.070
435000,0.010,0.812,0.178
435500,0.010,0.791,0.199
436000,0.010,0.868,0.122
436500,0.010,0.860,0.130
437000,0.010,0.824,0.166
437500,0.010,0.911,0.079
438000,0.010,0.942,0.048
438500,0.010,0.917,0.073
439000,0.010,0.864,0.126
439500,0.010,0.735,0.255
440000,0.010,0.884,0.106
440500,0.010,0.853,0.137
441000,0.010,0.834,0.156
441500,0.010,0.876,0.114
442000,0.010,0.949,0.041
442500,0.010,0.941,0.049
443000,0.010,0.953,0.037
443500,0.010,0.828,0.162
444000,0.010,0.874,0.116
444500,0.010,0.952,0.038
445000,0.010,0.918,0.072
445500,0.010,0.819,0.171
446000,0.010,0.854,0.136
446500,0.010,0.799,0.191
447000,0.010,0.877,0.113
447500,0.010,0.890,0.100
448000,0.010,0.990,0.000
448500,0.010,0.941,0.049
449000,0.010,0.894,0.096
449500,0.010,0.971,0.019
450000,0.010,0.924,0.066
450500,0.010,0.975,0.015
451000,0.010,0.980,0.010
451500,0.010,0.968,0.022
452000,0.010,0.787,0.203
452500,0.010,0.959,0.031
453000,0.010,0.876,0.114
453500,0.010,0.935,0.055
454000,0.010,0.899,0.091
454500,0.010,0.839,0.151
455000,0.010,0.909,0.081
455500,0.010,0.913,0.077
456000,0.010,0.780,0.210
456500,0.010,0.859,0.131
457000,0.010,0.873,0.117
457500,0.010,0.908,0.082
458000,0.010,0.758,0.232
458500,0.010,0.742,0.248
459000,0.010,0.864,0.126
459500,0.010,0.836,0.154
460000,0.010,0.686,0.304
460500,0.010,0.918,0.072
461000,0.010,0.893,0.097
461500,0.010,0.837,0.153
462000,0.010,0.855,0.135
462500,0.010,0.741,0.249
463000,0.010,0.906,0.084
463500,0.010,0.912,0.078
464000,0.010,0.734,0.256
464500,0.010,0.759,0.231
465000,0.010,0.645,0.345
465500,0.010,0.794,0.196
466000,0.010,0.783,0.207
466500,0.010,0.937,0.053
467000,0.010,0.905,0.085
467500,0.010,0.894,0.096
468000,0.010,0.691,0.299
468500,0.010,0.638,0.352
469000,0.010,0.711,0.279
469500,0.010,0.744,0.246
470000,0.010,0.809,0.181
470500,0.010,0.818,0.172
471000,0.010,0.753,0.237
471500,0.010,0.803,0.187
472000,0.010,0.747,0.243
472500,0.010,0.867,0.123
473000,0.010,0.974,0.016
473500,0.010,0.924,0.066
474000,0.010,0.911,0.079
474500,0.010,0.734,0.256
475000,0.010,0.930,0.060
475500,0.010,0.803,0.187
476000,0.010,0.728,0.262
476500,0.010,0.702,0.288
477000,0.010,0.951,0.039
477500,0.010,0.790,0.200
478000,0.010,0.773,0.217
478500,0.010,0.748,0.242
479000,0.010,0.830,0.160
479500,0.010,0.836,0.154
480000,0.010,0.748,0.242
480500,0.010,0.796,0.194
481000,0.010,0.834,0.156
481500,0.010,0.874,0.116
482000,0.010,0.798,0.192
482500,0.010,0.730,0.260
483000,0.010,0.867,0.123
483500,0.010,0.777,0.213
484000,0.010,0.803,0.187
484500,0.010,0.917,0.073
485000,0.010,0.842,0.148
485500,0.010,0.821,0.169
486000,0.010,0.859,0.131
486500,0.010,0.918,0.072
487000,0.010,0.866,0.124
487500,0.010,0.684,0.306
488000,0.010,0.722,0.268
488500,0.010,0.772,0.218
489000,0.010,0.737,0.253
489500,0.010,0.849,0.141
490000,0.010,0.792,0.198
490500,0.010,0.914,0.076
491000,0.010,0.936,0.054
491500,0.010,0.801,0.189
492000,0.010,0.837,0.153
492500,0.010,0.808,0.182
493000,0.010,0.819,0.171
493500,0.010,0.842,0.148
494000,0.010,0.799,0.191
494500,0.010,0.885,0.105
495000,0.010,0.817,0.173
495500,0.010,0.733,0.257
496000,0.010,0.795,0.195
496500,0.010,0.792,0.198
497000,0.010,0.734,0.256
497500,0.010,0.875,0.115
498000,0.010,0.904,0.086
498500,0.010,0.666,0.324
499000,0.010,0.840,0.150
499500,0.010,0.806,0.184
500000,0.010,0.608,0.382
500500,0.010,0.618,0.372
501000,0.010,0.639,0.351
501500,0.010,0.765,0.225
502000,0.010,0.890,0.100
502500,0.010,0.915,0.075
503000,0.010,0.967,0.023
503500,0.010,0.799,0.191
504000,0.010,0.786,0.204
504500,0.010,0.746,0.244
505000,0.010,0.813,0.177
505500,0.010,0.869,0.121
506000,0.010,0.602,0.388
506500,0.010,0.830,0.160
507000,0.010,0.901,0.089
507500,0.010,0.916,0.074
508000,0.010,0.729,0.261
508500,0.010,0.873,0.117
509000,0.010,0.849,0.141
509500,0.010,0.887,0.103
510000,0.010,0.890,0.100
510500,0.010,0.943,0.047
511000,0.010,0.916,0.074
511500,0.010,0.875,0.115
512000,0.010,0.821,0.169
512500,0.010,0.854,0.136
513000,0.010,0.854,0.136
513500,0.010,0.875,0.115
514000,0.010,0.856,0.134
514500,0.010,0.959,0.031
515000,0.010,0.941,0.049
515500,0.010,0.973,0.017
516000,0.010,0.973,0.017
516500,0.010,0.911,0.079
517000,0.010,0.902,0.088
517500,0.010,0.857,0.133
518000,0.010,0.946,0.044
518500,0.010,0.862,0.128
519000,0.010,0.906,0.084
519500,0.010,0.960,0.030
520000,0.010,0.965,0.025
520500,0.010,0.943,0.047
521000,0.010,0.857,0.133
521500,0.010,0.866,0.124
522000,0.010,0.803,0.187
522500,0.010,0.808,0.182
523000,0.010,0.880,0.110
523500,0.010,0.947,0.043
524000,0.010,0.916,0.074
524500,0.010,0.769,0.221
525000,0.010,0.785,0.205
525500,0.010,0.868,0.122
526000,0.010,0.893,0.097
526500,0.010,0.832,0.158
527000,0.010,0.828,0.162
527500,0.010,0.750,0.240
528000,0.010,0.763,0.227
528500,0.010,0.899,0.091
529000,0.010,0.943,0.047
529500,0.010,0.927,0.063
530000,0.010,0.755,0.235
530500,0.010,0.777,0.213
531000,0.010,0.736,0.254
531500,0.010,0.793,0.197
532000,0.010,0.767,0.223
532500,0.010,0.875,0.115
533000,0.010,0.927,0.063
533500,0.010,0.983,0.007
534000,0.010,0.899,0.091
534500,0.010,0.847,0.143
535000,0.010,0.907,0.083
535500,0.010,0.705,0.285
536000,0.010,0.838,0.152
536500,0.010,0.693,0.297
537000,0.010,0.736,0.254
537500,0.010,0.899,0.091
538000,0.010,0.844,0.146
538500,0.010,0.806,0.184
539000,0.010,0.778,0.212
539500,0.010,0.827,0.163
540000,0.010,0.760,0.230
540500,0.010,0.831,0.159
541000,0.010,0.791,0.199
541500,0.010,0.899,0.091
542000,0.010,0.964,0.026
542500,0.010,0.926,0.064
543000,0.010,0.801,0.189
543500,0.010,0.704,0.286
544000,0.010,0.671,0.319
544500,0.010,0.787,0.203
545000,0.010,0.925,0.065
545500,0.010,0.754,0.236
546000,0.010,0.818,0.172
546500,0.010,0.616,0.374
547000,0.010,0.766,0.224
547500,0.010,0.824,0.166
548000,0.010,0.863,0.127
548500,0.010,0.768,0.222
549000,0.010,0.924,0.066
549500,0.010,0.642,0.348
550000,0.010,0.791,0.199
550500,0.010,0.832,0.158
551000,0.010,0.742,0.248
551500,0.010,0.777,0.213
552000,0.010,0.828,0.162
552500,0.010,0.894,0.096
553000,0.010,0.908,0.082
553500,0.010,0.792,0.198
554000,0.010,0.852,0.138
554500,0.010,0.905,0.085
555000,0.010,0.872,0.118
555500,0.010,0.741,0.249
556000,0.010,0.820,0.170
556500,0.010,0.762,0.228
557000,0.010,0.864,0.126
557500,0.010,0.808,0.182
558000,0.010,0.911,0.079
558500,0.010,0.773,0.217
559000,0.010,0.745,0.245
559500,0.010,0.819,0.171
560000,0.010,0.858,0.132
560500,0.010,0.765,0.225
561000,0.010,0.835,0.155
561500,0.010,0.878,0.112
562000,0.010,0.718,0.272
562500,0.010,0.637,0.353
563000,0.010,0.804,0.186
563500,0.010,0.777,0.213
564000,0.010,0.893,0.097
564500,0.010,0.884,0.106
565000,0.010,0.861,0.129
565500,0.010,0.754,0.236
566000,0.010,0.865,0.125
566500,0.010,0.831,0.159
567000,0.010,0.701,0.289
567500,0.010,0.831,0.159
568000,0.010,0.831,0.159
568500,0.010,0.826,0.164
569000,0.010,0.882,0.108
569500,0.010,0.817,0.173
570000,0.010,0.908,0.082
570500,0.010,0.764,0.226
571000,0.010,0.879,0.111
571500,0.010,0.805,0.185
572000,0.010,0.890,0.100
572500,0.010,0.970,0.020
573000,0.010,0.952,0.038
573500,0.010,0.889,0.101
574000,0.010,0.843,0.147
574500,0.010,0.959,0.031
575000,0.010,0.962,0.028
575500,0.010,0.949,0.041
576000,0.010,0.874,0.116
576500,0.010,0.928,0.062
577000,0.010,0.817,0.173
577500,0.010,0.818,0.172
578000,0.010,0.953,0.037
578500,0.010,0.863,0.127
579000,0.010,0.723,0.267
579500,0.010,0.770,0.220
580000,0.010,0.772,0.218
580500,0.010,0.754,0.236
581000,0.010,0.872,0.118
581500,0.010,0.770,0.220
582000,0.010,0.761,0.229
582500,0.010,0.841,0.149
583000,0.010,0.863,0.127
583500,0.010,0.931,0.059
584000,0.010,0.893,0.097
584500,0.010,0.923,0.067
585000,0.010,0.884,0.106
585500,0.010,0.889,0.101
586000,0.010,0.947,0.043
586500,0.010,0.806,0.184
587000,0.010,0.815,0.175
587500,0.010,0.672,0.318
588000,0.010,0.829,0.161
588500,0.010,0.819,0.171
589000,0.010,0.841,0.149
589500,0.010,0.571,0.419
590000,0.010,0.808,0.182
590500,0.010,0.876,0.114
591000,0.010,0.840,0.150
591500,0.010,0.761,0.229
592000,0.010,0.792,0.198
592500,0.010,0.933,0.057
593000,0.010,0.855,0.135
593500,0.010,0.778,0.212
594000,0.010,0.772,0.218
594500,0.010,0.782,0.208
595000,0.010,0.868,0.122
595500,0.010,0.968,0.022
596000,0.010,0.863,0.127
596500,0.010,0.871,0.119
597000,0.010,0.795,0.195
597500,0.010,0.794,0.196
598000,0.010,0.738,0.252
598500,0.010,0.860,0.130
599000,0.010,0.778,0.212
599500,0.010,0.808,0.182
600000,0.010,0.813,0.177
600500,0.010,0.722,0.268
601000,0.010,0.662,0.328
601500,0.010,0.831,0.159
602000,0.010,0.766,0.224
602500,0.010,0.860,0.130
603000,0.010,0.829,0.161
603500,0.010,0.813,0.177
604000,0.010,0.642,0.348
604500,0.010,0.819,0.171
605000,0.010,0.760,0.230
605500,0.010,0.763,0.227
606000,0.010,0.738,0.252
606500,0.010,0.768,0.222
607000,0.010,0.833,0.157
607500,0.010,0.944,0.046
608000,0.010,0.852,0.138
608500,0.010,0.830,0.160
609000,0.010,0.923,0.067
609500,0.010,0.774,0.216
610000,0.010,0.871,0.119
610500,0.010,0.833,0.157
611000,0.010,0.896,0.094
611500,0.010,0.819,0.171
612000,0.010,0.888,0.102
612500,0.010,0.853,0.137
613000,0.010,0.669,0.321
613500,0.010,0.644,0.346
614000,0.010,0.707,0.283
614500,0.010,0.874,0.116
615000,0.010,0.813,0.177
615500,0.010,0.930,0.060
616000,0.010,0.905,0.085
616500,0.010,0.899,0.091
617000,0.010,0.906,0.084
617500,0.010,0.723,0.267
618000,0.010,0.708,0.282
618500,0.010,0.795,0.195
619000,0.010,0.731,0.259
619500,0.010,0.726,0.264
620000,0.010,0.832,0.158
620500,0.010,0.823,0.167
621000,0.010,0.826,0.164
621500,0.010,0.840,0.150
622000,0.010,0.824,0.166
622500,0.010,0.815,0.175
623000,0.010,0.793,0.197
623500,0.010,0.909,0.081
624000,0.010,0.762,0.228
624500,0.010,0.878,0.112
625000,0.010,0.857,0.133
625500,0.010,0.902,0.088
626000,0.010,0.846,0.144
626500,0.010,0.819,0.171
627000,0.010,0.811,0.179
627500,0.010,0.877,0.113
628000,0.010,0.870,0.120
628500,0.010,0.759,0.231
629000,0.010,0.748,0.242
629500,0.010,0.809,0.181
630000,0.010,0.843,0.147
630500,0.010,0.923,0.067
631000,0.010,0.821,0.169
631500,0.010,0.718,0.272
632000,0.010,0.862,0.128
632500,0.010,0.922,0.068
633000,0.010,0.775,0.215
633500,0.010,0.780,0.210
634000,0.010,0.834,0.156
634500,0.010,0.684,0.306
635000,0.010,0.723,0.267
635500,0.010,0.806,0.184
636000,0.010,0.802,0.188
636500,0.010,0.781,0.209
637000,0.010,0.823,0.167
637500,0.010,0.859,0.131
638000,0.010,0.919,0.071
638500,0.010,0.758,0.232
639000,0.010,0.677,0.313
639500,0.010,0.663,0.327
640000,0.010,0.898,0.092
640500,0.010,0.925,0.065
641000,0.010,0.924,0.066
641500,0.010,0.935,0.055
642000,0.010,0.779,0.211
642500,0.010,0.872,0.118
643000,0.010,0.902,0.088
643500,0.010,0.860,0.130
644000,0.010,0.857,0.133
644500,0.010,0.893,0.097
645000,0.010,0.960,0.030
645500,0.010,0.878,0.112
646000,0.010,0.901,0.089
646500,0.010,0.822,0.168
647000,0.010,0.886,0.104
647500,0.010,0.815,0.175
648000,0.010,0.914,0.076
648500,0.010,0.866,0.124
649000,0.010,0.873,0.117
649500,0.010,0.867,0.123
650000,0.010,0.746,0.244
650500,0.010,0.899,0.091
651000,0.010,0.827,0.163
651500,0.010,0.835,0.155
652000,0.010,0.905,0.085
652500,0.010,0.943,0.047
653000,0.010,0.863,0.127
653500,0.010,0.663,0.327
654000,0.010,0.659,0.331
654500,0.010,0.798,0.192
655000,0.010,0.718,0.272
655500,0.010,0.743,0.247
656000,0.010,0.767,0.223
656500,0.010,0.734,0.256
657000,0.010,0.825,0.165
657500,0.010,0.728,0.262
658000,0.010,0.810,0.180
658500,0.010,0.781,0.209
659000,0.010,0.745,0.245
659500,0.010,0.785,0.205
660000,0.010,0.733,0.257
660500,0.010,0.779,0.211
661000,0.010,0.755,0.235
661500,0.010,0.741,0.249
662000,0.010,0.886,0.104
662500,0.010,0.779,0.211
663000,0.010,0.946,0.044
663500,0.010,0.905,0.085
664000,0.010,0.873,0.117
664500,0.010,0.787,0.203
665000,0.010,0.727,0.263
665500,0.010,0.687,0.303
666000,0.010,0.773,0.217
666500,0.010,0.817,0.173
667000,0.010,0.674,0.316
667500,0.010,0.784,0.206
668000,0.010,0.852,0.138
668500,0.010,0.906,0.084
669000,0.010,0.956,0.034
669500,0.010,0.949,0.041
670000,0.010,0.953,0.037
670500,0.010,0.862,0.128
671000,0.010,0.677,0.313
671500,0.010,0.809,0.181
672000,0.010,0.676,0.314
672500,0.010,0.842,0.148
673000,0.010,0.810,0.180
673500,0.010,0.819,0.171
674000,0.010,0.877,0.113
674500,0.010,0.853,0.137
675000,0.010,0.911,0.079
675500,0.010,0.942,0.048
676000,0.010,0.871,0.119
676500,0.010,0.916,0.074
677000,0.010,0.907,0.083
677500,0.010,0.913,0.077
678000,0.010,0.917,0.073
678500,0.010,0.846,0.144
679000,0.010,0.916,0.074
679500,0.010,0.959,0.031
680000,0.010,0.879,0.111
680500,0.010,0.867,0.123
681000,0.010,0.916,0.074
681500,0.010,0.765,0.225
682000,0.010,0.836,0.154
682500,0.010,0.903,0.087
683000,0.010,0.928,0.062
683500,0.010,0.845,0.145
684000,0.010,0.783,0.207
684500,0.010,0.815,0.175
685000,0.010,0.728,0.262
685500,0.010,0.675,0.315
686000,0.010,0.799,0.191
686500,0.010,0.724,0.266
687000,0.010,0.896,0.094
687500,0.010,0.951,0.039
688000,0.010,0.786,0.204
688500,0.010,0.819,0.171
689000,0.010,0.815,0.175
689500,0.010,0.816,0.174
690000,0.010,0.746,0.244
690500,0.010,0.895,0.095
691000,0.010,0.937,0.053
691500,0.010,0.809,0.181
692000,0.010,0.812,0.178
692500,0.010,0.853,0.137
693000,0.010,0.764,0.226
693500,0.010,0.885,0.105
694000,0.010,0.911,0.079
694500,0.010,0.836,0.154
695000,0.010,0.811,0.179
695500,0.010,0.820,0.170
696000,0.010,0.691,0.299
696500,0.010,0.760,0.230
697000,0.010,0.931,0.059
697500,0.010,0.950,0.040
698000,0.010,0.853,0.137
698500,0.010,0.668,0.322
699000,0.010,0.888,0.102
699500,0.010,0.777,0.213
700000,0.010,0.788,0.202
700500,0.010,0.871,0.119
701000,0.010,0.781,0.209
701500,0.010,0.789,0.201
702000,0.010,0.778,0.212
702500,0.010,0.730,0.260
703000,0.010,0.792,0.198
703500,0.010,0.767,0.223
704000,0.010,0.890,0.100
704500,0.010,0.708,0.282
705000,0.010,0.699,0.291
705500,0.010,0.770,0.220
706000,0.010,0.786,0.204
706500,0.010,0.854,0.136
707000,0.010,0.784,0.206
707500,0.010,0.842,0.148
708000,0.010,0.766,0.224
708500,0.010,0.763,0.227
709000,0.010,0.828,0.162
709500,0.010,0.797,0.193
710000,0.010,0.902,0.088
710500,0.010,0.700,0.290
711000,0.010,0.671,0.319
711500,0.010,0.888,0.102
712000,0.010,0.778,0.212
712500,0.010,0.879,0.111
713000,0.010,0.909,0.081
713500,0.010,0.990,0.000
714000,0.010,0.796,0.194
714500,0.010,0.613,0.377
715000,0.010,0.590,0.400
715500,0.010,0.770,0.220
716000,0.010,0.850,0.140
716500,0.010,0.835,0.155
717000,0.010,0.911,0.079
717500,0.010,0.861,0.129
718000,0.010,0.906,0.084
718500,0.010,0.798,0.192
719000,0.010,0.837,0.153
719500,0.010,0.760,0.230
720000,0.010,0.869,0.121
720500,0.010,0.832,0.158
721000,0.010,0.942,0.048
721500,0.010,0.917,0.073
722000,0.010,0.839,0.151
722500,0.010,0.789,0.201
723000,0.010,0.750,0.240
723500,0.010,0.828,0.162
724000,0.010,0.811,0.179
724500,0.010,0.925,0.065
725000,0.010,0.723,0.267
725500,0.010,0.853,0.137
726000,0.010,0.929,0.061
726500,0.010,0.913,0.077
727000,0.010,0.862,0.128
727500,0.010,0.878,0.112
728000,0.010,0.830,0.160
728500,0.010,0.769,0.221
729000,0.010,0.953,0.037
729500,0.010,0.848,0.142
730000,0.010,0.726,0.264
730500,0.010,0.905,0.085
731000,0.010,0.961,0.029
731500,0.010,0.850,0.140
732000,0.010,0.822,0.168
732500,0.010,0.706,0.284
733000,0.010,0.751,0.239
733500,0.010,0.775,0.215
734000,0.010,0.875,0.115
734500,0.010,0.801,0.189
735000,0.010,0.650,0.340
735500,0.010,0.869,0.121
736000,0.010,0.800,0.190
736500,0.010,0.890,0.100
737000,0.010,0.796,0.194
737500,0.010,0.790,0.200
738000,0.010,0.809,0.181
738500,0.010,0.813,0.177
739000,0.010,0.889,0.101
739500,0.010,0.873,0.117
740000,0.010,0.891,0.099
740500,0.010,0.841,0.149
741000,0.010,0.926,0.064
741500,0.010,0.795,0.195
742000,0.010,0.782,0.208
742500,0.010,0.872,0.118
743000,0.010,0.897,0.093
743500,0.010,0.963,0.027
744000,0.010,0.956,0.034
744500,0.010,0.901,0.089
745000,0.010,0.666,0.324
745500,0.010,0.802,0.188
746000,0.010,0.675,0.315
746500,0.010,0.715,0.275
747000,0.010,0.802,0.188
747500,0.010,0.881,0.109
748000,0.010,0.956,0.034
748500,0.010,0.835,0.155
749000,0.010,0.825,0.165
749500,0.010,0.927,0.063
750000,0.010,0.911,0.079
750500,0.010,0.777,0.213
751000,0.010,0.862,0.128
751500,0.010,0.878,0.112
752000,0.010,0.906,0.084
752500,0.010,0.870,0.120
753000,0.010,0.986,0.004
753500,0.010,0.975,0.015
754000,0.010,0.888,0.102
754500,0.010,0.848,0.142
755000,0.010,0.957,0.033
755500,0.010,0.915,0.075
756000,0.010,0.837,0.153
756500,0.010,0.855,0.135
757000,0.010,0.885,0.105
757500,0.010,0.950,0.040
758000,0.010,0.706,0.284
758500,0.010,0.873,0.117
759000,0.010,0.811,0.179
759500,0.010,0.697,0.293
760000,0.010,0.624,0.366
760500,0.010,0.868,0.122
761000,0.010,0.813,0.177
761500,0.010,0.697,0.293
762000,0.010,0.715,0.275
762500,0.010,0.844,0.146
763000,0.010,0.873,0.117
763500,0.010,0.859,0.131
764000,0.010,0.819,0.171
764500,0.010,0.891,0.099
765000,0.010,0.882,0.108
765500,0.010,0.712,0.278
766000,0.010,0.807,0.183
766500,0.010,0.918,0.072
767000,0.010,0.904,0.086
767500,0.010,0.846,0.144
768000,0.010,0.761,0.229
768500,0.010,0.917,0.073
769000,0.010,0.891,0.099
769500,0.010,0.959,0.031
770000,0.010,0.943,0.047
770500,0.010,0.803,0.187
771000,0.010,0.592,0.398
771500,0.010,0.873,0.117
772000,0.010,0.619,0.371
772500,0.010,0.833,0.157
773000,0.010,0.945,0.045
773500,0.010,0.929,0.061
774000,0.010,0.970,0.020
774500,0.010,0.950,0.040
775000,0.010,0.946,0.044
775500,0.010,0.823,0.167
776000,0.010,0.708,0.282
776500,0.010,0.757,0.233
777000,0.010,0.794,0.196
777500,0.010,0.825,0.165
778000,0.010,0.800,0.190
778500,0.010,0.714,0.276
779000,0.010,0.648,0.342
779500,0.010,0.824,0.166
780000,0.010,0.829,0.161
780500,0.010,0.855,0.135
781000,0.010,0.921,0.069
781500,0.010,0.791,0.199
782000,0.010,0.949,0.041
782500,0.010,0.875,0.115
783000,0.010,0.917,0.073
783500,0.010,0.952,0.038
784000,0.010,0.846,0.144
784500,0.010,0.798,0.192
785000,0.010,0.622,0.368
785500,0.010,0.773,0.217
786000,0.010,0.771,0.219
786500,0.010,0.805,0.185
787000,0.010,0.821,0.169
787500,0.010,0.875,0.115
788000,0.010,0.952,0.038
788500,0.010,0.904,0.086
789000,0.010,0.877,0.113
789500,0.010,0.813,0.177
790000,0.010,0.591,0.399
790500,0.010,0.838,0.152
791000,0.010,0.812,0.178
791500,0.010,0.804,0.186
792000,0.010,0.735,0.255
792500,0.010,0.851,0.139
793000,0.010,0.691,0.299
793500,0.010,0.882,0.108
794000,0.010,0.669,0.321
794500,0.010,0.907,0.083
795000,0.010,0.968,0.022
795500,0.010,0.926,0.064
796000,0.010,0.894,0.096
796500,0.010,0.877,0.113
797000,0.010,0.731,0.259
797500,0.010,0.702,0.288
798000,0.010,0.897,0.093
798500,0.010,0.815,0.175
799000,0.010,0.808,0.182
799500,0.010,0.812,0.178
800000,0.010,0.797,0.193
800500,0.010,0.807,0.183
801000,0.010,0.679,0.311
801500,0.010,0.785,0.205
802000,0.010,0.785,0.205
802500,0.010,0.740,0.250
803000,0.010,0.893,0.097
803500,0.010,0.888,0.102
804000,0.010,0.959,0.031
804500,0.010,0.969,0.021
805000,0.010,0.883,0.107
805500,0.010,0.926,0.064
806000,0.010,0.783,0.207
806500,0.010,0.664,0.326
807000,0.010,0.887,0.103
807500,0.010,0.882,0.108
808000,0.010,0.891,0.099
808500,0.010,0.835,0.155
809000,0.010,0.827,0.163
809500,0.010,0.847,0.143
810000,0.010,0.804,0.186
810500,0.010,0.893,0.097
811000,0.010,0.896,0.094
811500,0.010,0.801,0.189
812000,0.010,0.785,0.205
812500,0.010,0.860,0.130
813000,0.010,0.709,0.281
813500,0.010,0.827,0.163
814000,0.010,0.763,0.227
814500,0.010,0.809,0.181
815000,0.010,0.725,0.265
815500,0.010,0.793,0.197
816000,0.010,0.760,0.230
816500,0.010,0.761,0.229
817000,0.010,0.899,0.091
817500,0.010,0.901,0.089
818000,0.010,0.971,0.019
818500,0.010,0.965,0.025
819000,0.010,0.886,0.104
819500,0.010,0.841,0.149
820000,0.010,0.910,0.080
820500,0.010,0.938,0.052
821000,0.010,0.891,0.099
821500,0.010,0.932,0.058
822000,0.010,0.912,0.078
822500,0.010,0.886,0.104
823000,0.010,0.858,0.132
823500,0.010,0.864,0.126
824000,0.010,0.965,0.025
824500,0.010,0.929,0.061
825000,0.010,0.983,0.007
825500,0.010,0.920,0.070
826000,0.010,0.942,0.048
826500,0.010,0.955,0.035
827000,0.010,0.944,0.046
827500,0.010,0.804,0.186
828000,0.010,0.860,0.130
828500,0.010,0.905,0.085
829000,0.010,0.817,0.173
829500,0.010,0.675,0.315
830000,0.010,0.725,0.265
830500,0.010,0.870,0.120
831000,0.010,0.905,0.085
831500,0.010,0.884,0.106
832000,0.010,0.834,0.156
832500,0.010,0.872,0.118
833000,0.010,0.846,0.144
833500,0.010,0.763,0.227
834000,0.010,0.788,0.202
834500,0.010,0.821,0.169
835000,0.010,0.879,0.111
835500,0.010,0.873,0.117
836000,0.010,0.828,0.162
836500,0.010,0.956,0.034
837000,0.010,0.779,0.211
837500,0.010,0.775,0.215
838000,0.010,0.888,0.102
838500,0.010,0.818,0.172
839000,0.010,0.771,0.219
839500,0.010,0.705,0.285
840000,0.010,0.767,0.223
840500,0.010,0.798,0.192
841000,0.010,0.941,0.049
841500,0.010,0.819,0.171
842000,0.010,0.765,0.225
842500,0.010,0.764,0.226
843000,0.010,0.875,0.115
843500,0.010,0.731,0.259
844000,0.010,0.961,0.029
844500,0.010,0.904,0.086
845000,0.010,0.808,0.182
845500,0.010,0.816,0.174
846000,0.010,0.911,0.079
846500,0.010,0.836,0.154
847000,0.010,0.790,0.200
847500,0.010,0.853,0.137
848000,0.010,0.591,0.399
848500,0.010,0.629,0.361
849000,0.010,0.836,0.154
849500,0.010,0.776,0.214
850000,0.010,0.856,0.134
850500,0.010,0.886,0.104
851000,0.010,0.909,0.081
851500,0.010,0.943,0.047
852000,0.010,0.965,0.025
852500,0.010,0.798,0.192
853000,0.010,0.940,0.050
853500,0.010,0.963,0.027
854000,0.010,0.771,0.219
854500,0.010,0.813,0.177
855000,0.010,0.883,0.107
855500,0.010,0.817,0.173
856000,0.010,0.949,0.041
856500,0.010,0.857,0.133
857000,0.010,0.752,0.238
857500,0.010,0.921,0.069
858000,0.010,0.860,0.130
858500,0.010,0.719,0.271
859000,0.010,0.688,0.302
859500,0.010,0.862,0.128
860000,0.010,0.824,0.166
860500,0.010,0.897,0.093
861000,0.010,0.969,0.021
861500,0.010,0.931,0.059
862000,0.010,0.940,0.050
862500,0.010,0.962,0.028
863000,0.010,0.820,0.170
863500,0.010,0.676,0.314
864000,0.010,0.716,0.274
864500,0.010,0.688,0.302
865000,0.010,0.914,0.076
865500,0.010,0.967,0.023
866000,0.010,0.935,0.055
866500,0.010,0.962,0.028
867000,0.010,0.933,0.057
867500,0.010,0.962,0.028
868000,0.010,0.903,0.087
868500,0.010,0.939,0.051
869000,0.010,0.945,0.045
869500,0.010,0.915,0.075
870000,0.010,0.937,0.053
870500,0.010,0.893,0.097
871000,0.010,0.903,0.087
871500,0.010,0.808,0.182
872000,0.010,0.799,0.191
872500,0.010,0.844,0.146
873000,0.010,0.843,0.147
873500,0.010,0.904,0.086
874000,0.010,0.877,0.113
874500,0.010,0.867,0.123
875000,0.010,0.744,0.246
875500,0.010,0.744,0.246
876000,0.010,0.755,0.235
876500,0.010,0.879,0.111
877000,0.010,0.947,0.043
877500,0.010,0.908,0.082
878000,0.010,0.780,0.210
878500,0.010,0.899,0.091
879000,0.010,0.952,0.038
879500,0.010,0.869,0.121
880000,0.010,0.808,0.182
880500,0.010,0.856,0.134
881000,0.010,0.778,0.212
881500,0.010,0.892,0.098
882000,0.010,0.942,0.048
882500,0.010,0.723,0.267
883000,0.010,0.924,0.066
883500,0.010,0.826,0.164
884000,0.010,0.829,0.161
884500,0.010,0.757,0.233
885000,0.010,0.852,0.138
885500,0.010,0.885,0.105
886000,0.010,0.929,0.061
886500,0.010,0.910,0.080
887000,0.010,0.826,0.164
887500,0.010,0.845,0.145
888000,0.010,0.644,0.346
888500,0.010,0.884,0.106
889000,0.010,0.813,0.177
889500,0.010,0.690,0.300
890000,0.010,0.949,0.041
890500,0.010,0.965,0.025
891000,0.010,0.928,0.062
891500,0.010,0.818,0.172
892000,0.010,0.827,0.163
892500,0.010,0.813,0.177
893000,0.010,0.639,0.351
893500,0.010,0.766,0.224
894000,0.010,0.489,0.501
894500,0.010,0.801,0.189
895000,0.010,0.913,0.077
895500,0.010,0.968,0.022
896000,0.010,0.976,0.014
896500,0.010,0.974,0.016
897000,0.010,0.990,0.000
897500,0.010,0.897,0.093
898000,0.010,0.788,0.202
898500,0.010,0.813,0.177
899000,0.010,0.798,0.192
899500,0.010,0.651,0.339
900000,0.010,0.810,0.180
900500,0.010,0.914,0.076
901000,0.010,0.946,0.044
901500,0.010,0.884,0.106
902000,0.010,0.831,0.159
902500,0.010,0.809,0.181
903000,0.010,0.735,0.255
903500,0.010,0.823,0.167
904000,0.010,0.960,0.030
904500,0.010,0.866,0.124
905000,0.010,0.753,0.237
905500,0.010,0.628,0.362
906000,0.010,0.836,0.154
906500,0.010,0.805,0.185
907000,0.010,0.820,0.170
907500,0.010,0.924,0.066
908000,0.010,0.854,0.136
908500,0.010,0.712,0.278
909000,0.010,0.792,0.198
909500,0.010,0.803,0.187
910000,0.010,0.880,0.110
910500,0.010,0.875,0.115
911000,0.010,0.979,0.011
911500,0.010,0.894,0.096
912000,0.010,0.831,0.159
912500,0.010,0.800,0.190
913000,0.010,0.955,0.035
913500,0.010,0.904,0.086
914000,0.010,0.983,0.007
914500,0.010,0.947,0.043
915000,0.010,0.902,0.088
915500,0.010,0.881,0.109
916000,0.010,0.814,0.176
916500,0.010,0.975,0.015
917000,0.010,0.834,0.156
917500,0.010,0.760,0.230
918000,0.010,0.821,0.169
918500,0.010,0.721,0.269
919000,0.010,0.777,0.213
919500,0.010,0.820,0.170
920000,0.010,0.824,0.166
920500,0.010,0.809,0.181
921000,0.010,0.905,0.085
921500,0.010,0.680,0.310
922000,0.010,0.868,0.122
922500,0.010,0.811,0.179
923000,0.010,0.762,0.228
923500,0.010,0.739,0.251
924000,0.010,0.766,0.224
924500,0.010,0.860,0.130
925000,0.010,0.779,0.211
925500,0.010,0.872,0.118
926000,0.010,0.699,0.291
926500,0.010,0.875,0.115
927000,0.010,0.649,0.341
927500,0.010,0.904,0.086
928000,0.010,0.831,0.159
928500,0.010,0.942,0.048
929000,0.010,0.945,0.045
929500,0.010,0.719,0.271
930000,0.010,0.839,0.151
930500,0.010,0.813,0.177
931000,0.010,0.901,0.089
931500,0.010,0.851,0.139
932000,0.010,0.910,0.080
932500,0.010,0.890,0.100
933000,0.010,0.775,0.215
933500,0.010,0.670,0.320
934000,0.010,0.729,0.261
934500,0.010,0.905,0.085
935000,0.010,0.800,0.190
935500,0.010,0.865,0.125
936000,0.010,0.801,0.189
936500,0.010,0.781,0.209
937000,0.010,0.781,0.209
937500,0.010,0.914,0.076
938000,0.010,0.755,0.235
938500,0.010,0.895,0.095
939000,0.010,0.685,0.305
939500,0.010,0.827,0.163
940000,0.010,0.920,0.070
940500,0.010,0.826,0.164
941000,0.010,0.752,0.238
941500,0.010,0.792,0.198
942000,0.010,0.920,0.070
942500,0.010,0.955,0.035
943000,0.010,0.947,0.043
943500,0.010,0.949,0.041
944000,0.010,0.770,0.220
944500,0.010,0.781,0.209
945000,0.010,0.793,0.197
945500,0.010,0.644,0.346
946000,0.010,0.749,0.241
946500,0.010,0.731,0.259
947000,0.010,0.722,0.268
947500,0.010,0.764,0.226
948000,0.010,0.689,0.301
948500,0.010,0.828,0.162
949000,0.010,0.860,0.130
949500,0.010,0.729,0.261
950000,0.010,0.652,0.338
950500,0.010,0.773,0.217
951000,0.010,0.941,0.049
951500,0.010,0.923,0.067
952000,0.010,0.979,0.011
952500,0.010,0.934,0.056
953000,0.010,0.849,0.141
953500,0.010,0.777,0.213
954000,0.010,0.942,0.048
954500,0.010,0.952,0.038
955000,0.010,0.909,0.081
955500,0.010,0.971,0.019
956000,0.010,0.776,0.214
956500,0.010,0.881,0.109
957000,0.010,0.969,0.021
957500,0.010,0.981,0.009
958000,0.010,0.960,0.030
958500,0.010,0.797,0.193
959000,0.010,0.838,0.152
959500,0.010,0.896,0.094
960000,0.010,0.858,0.132
960500,0.010,0.765,0.225
961000,0.010,0.753,0.237
961500,0.010,0.954,0.036
962000,0.010,0.780,0.210
962500,0.010,0.756,0.234
963000,0.010,0.790,0.200
963500,0.010,0.852,0.138
964000,0.010,0.685,0.305
964500,0.010,0.758,0.232
965000,0.010,0.723,0.267
965500,0.010,0.926,0.064
966000,0.010,0.926,0.064
966500,0.010,0.957,0.033
967000,0.010,0.801,0.189
967500,0.010,0.763,0.227
968000,0.010,0.829,0.161
968500,0.010,0.862,0.128
969000,0.010,0.872,0.118
969500,0.010,0.793,0.197
970000,0.010,0.941,0.049
970500,0.010,0.989,0.001
971000,0.010,0.869,0.121
971500,0.010,0.892,0.098
972000,0.010,0.942,0.048
972500,0.010,0.912,0.078
973000,0.010,0.874,0.116
973500,0.010,0.910,0.080
974000,0.010,0.847,0.143
974500,0.010,0.764,0.226
975000,0.010,0.873,0.117
975500,0.010,0.798,0.192
976000,0.010,0.764,0.226
976500,0.010,0.862,0.128
977000,0.010,0.820,0.170
977500,0.010,0.954,0.036
978000,0.010,0.972,0.018
978500,0.010,0.827,0.163
979000,0.010,0.828,0.162
979500,0.010,0.849,0.141
980000,0.010,0.775,0.215
980500,0.010,0.759,0.231
981000,0.010,0.778,0.212
981500,0.010,0.722,0.268
982000,0.010,0.899,0.091
982500,0.010,0.879,0.111
983000,0.010,0.904,0.086
983500,0.010,0.813,0.177
984000,0.010,0.800,0.190
984500,0.010,0.729,0.261
985000,0.010,0.754,0.236
985500,0.010,0.805,0.185
986000,0.010,0.786,0.204
986500,0.010,0.709,0.281
987000,0.010,0.876,0.114
987500,0.010,0.819,0.171
988000,0.010,0.751,0.239
988500,0.010,0.829,0.161
989000,0.010,0.739,0.251
989500,0.010,0.846,0.144
990000,0.010,0.931,0.059
990500,0.010,0.753,0.237
991000,0.010,0.805,0.185
991500,0.010,0.813,0.177
992000,0.010,0.944,0.046
992500,0.010,0.874,0.116
993000,0.010,0.809,0.181
993500,0.010,0.843,0.147
994000,0.010,0.830,0.160
994500,0.010,0.761,0.229
995000,0.010,0.923,0.067
995500,0.010,0.835,0.155
996000,0.010,0.908,0.082
996500,0.010,0.868,0.122
997000,0.010,0.845,0.145
997500,0.010,0.731,0.259
998000,0.010,0.706,0.284
998500,0.010,0.753,0.237
999000,0.010,0.702,0.288
999500,0.010,0.650,0.340
1000000,0.010,0.582,0.408
