time,n_A+p,n_B,n_AB
500,0.050,0.090,0.860
1000,0.187,0.000,0.813
1500,0.250,0.000,0.750
2000,0.352,0.000,0.648
2500,0.255,0.000,0.745
3000,0.432,0.000,0.568
3500,0.358,0.000,0.642
4000,0.227,0.000,0.773
4500,0.256,0.000,0.744
5000,0.335,0.000,0.665
5500,0.373,0.000,0.627
6000,0.235,0.000,0.765
6500,0.193,0.000,0.807
7000,0.300,0.000,0.700
7500,0.488,0.000,0.512
8000,0.339,0.000,0.661
8500,0.304,0.000,0.696
9000,0.218,0.000,0.782
9500,0.192,0.000,0.808
10000,0.301,0.000,0.699
10500,0.341,0.000,0.659
11000,0.261,0.000,0.739
11500,0.290,0.000,0.710
12000,0.317,0.000,0.683
12500,0.375,0.000,0.625
13000,0.311,0.000,0.689
13500,0.419,0.000,0.581
14000,0.467,0.000,0.533
14500,0.363,0.000,0.637
15000,0.291,0.000,0.709
15500,0.373,0.000,0.627
16000,0.332,0.000,0.668
16500,0.291,0.000,0.709
17000,0.225,0.000,0.775
17500,0.262,0.000,0.738
18000,0.267,0.000,0.733
18500,0.437,0.000,0.563
19000,0.315,0.000,0.685
19500,0.318,0.000,0.682
20000,0.449,0.000,0.551
20500,0.435,0.000,0.565
21000,0.390,0.000,0.610
21500,0.390,0.000,0.610
22000,0.424,0.000,0.576
22500,0.359,0.000,0.641
23000,0.335,0.000,0.665
23500,0.346,0.000,0.654
24000,0.360,0.000,0.640
24500,0.323,0.000,0.677
25000,0.434,0.000,0.566
25500,0.334,0.000,0.666
26000,0.365,0.000,0.635
26500,0.455,0.000,0.545
27000,0.377,0.000,0.623
27500,0.307,0.000,0.693
28000,0.347,0.000,0.653
28500,0.449,0.000,0.551
29000,0.241,0.000,0.759
29500,0.306,0.000,0.694
30000,0.257,0.000,0.743
30500,0.302,0.000,0.698
31000,0.383,0.000,0.617
31500,0.412,0.000,0.588
32000,0.391,0.000,0.609
32500,0.500,0.000,0.500
33000,0.367,0.000,0.633
33500,0.339,0.000,0.661
34000,0.308,0.000,0.692
34500,0.258,0.000,0.742
35000,0.309,0.000,0.691
35500,0.330,0.000,0.670
36000,0.347,0.000,0.653
36500,0.380,0.000,0.620
37000,0.296,0.000,0.704
37500,0.315,0.000,0.685
38000,0.308,0.000,0.692
38500,0.369,0.000,0.631
39000,0.268,0.000,0.732
39500,0.375,0.000,0.625
40000,0.305,0.000,0.695
40500,0.278,0.000,0.722
41000,0.384,0.000,0.616
41500,0.359,0.000,0.641
42000,0.247,0.000,0.753
42500,0.272,0.000,0.728
43000,0.409,0.000,0.591
43500,0.385,0.000,0.615
44000,0.449,0.000,0.551
44500,0.305,0.000,0.695
45000,0.241,0.000,0.759
45500,0.291,0.000,0.709
46000,0.426,0.000,0.574
46500,0.277,0.000,0.723
47000,0.351,0.000,0.649
47500,0.453,0.000,0.547
48000,0.373,0.000,0.627
48500,0.386,0.000,0.614
49000,0.261,0.000,0.739
49500,0.222,0.000,0.778
50000,0.347,0.000,0.653
50500,0.439,0.000,0.561
51000,0.254,0.000,0.746
51500,0.304,0.000,0.696
52000,0.403,0.000,0.597
52500,0.415,0.000,0.585
53000,0.362,0.000,0.638
53500,0.589,0.000,0.411
54000,0.252,0.000,0.748
54500,0.269,0.000,0.731
55000,0.291,0.000,0.709
55500,0.409,0.000,0.591
56000,0.267,0.000,0.733
56500,0.332,0.000,0.668
57000,0.370,0.000,0.630
57500,0.255,0.000,0.745
58000,0.232,0.000,0.768
58500,0.217,0.000,0.783
59000,0.358,0.000,0.642
59500,0.167,0.000,0.833
60000,0.272,0.000,0.728
60500,0.359,0.000,0.641
61000,0.425,0.000,0.575
61500,0.331,0.000,0.669
62000,0.316,0.000,0.684
62500,0.398,0.000,0.602
63000,0.207,0.000,0.793
63500,0.430,0.000,0.570
64000,0.357,0.000,0.643
64500,0.402,0.000,0.598
65000,0.263,0.000,0.737
65500,0.372,0.000,0.628
66000,0.565,0.000,0.435
66500,0.326,0.000,0.674
67000,0.336,0.000,0.664
67500,0.253,0.000,0.747
68000,0.362,0.000,0.638
68500,0.302,0.000,0.698
69000,0.298,0.000,0.702
69500,0.261,0.000,0.739
70000,0.294,0.000,0.706
70500,0.359,0.000,0.641
71000,0.277,0.000,0.723
71500,0.213,0.000,0.787
72000,0.398,0.000,0.602
72500,0.477,0.000,0.523
73000,0.315,0.000,0.685
73500,0.379,0.000,0.621
74000,0.387,0.000,0.613
74500,0.381,0.000,0.619
75000,0.270,0.000,0.730
75500,0.305,0.000,0.695
76000,0.244,0.000,0.756
76500,0.320,0.000,0.680
77000,0.364,0.000,0.636
77500,0.355,0.000,0.645
78000,0.297,0.000,0.703
78500,0.305,0.000,0.695
79000,0.385,0.000,0.615
79500,0.379,0.000,0.621
80000,0.336,0.000,0.664
80500,0.290,0.000,0.710
81000,0.284,0.000,0.716
81500,0.316,0.000,0.684
82000,0.401,0.000,0.599
82500,0.378,0.000,0.622
83000,0.408,0.000,0.592
83500,0.343,0.000,0.657
84000,0.341,0.000,0.659
84500,0.340,0.000,0.660
85000,0.469,0.000,0.531
85500,0.365,0.000,0.635
86000,0.270,0.000,0.730
86500,0.469,0.000,0.531
87000,0.389,0.000,0.611
87500,0.448,0.000,0.552
88000,0.286,0.000,0.714
88500,0.402,0.000,0.598
89000,0.479,0.000,0.521
89500,0.284,0.000,0.716
90000,0.458,0.000,0.542
90500,0.415,0.000,0.585
91000,0.406,0.000,0.594
91500,0.531,0.000,0.469
92000,0.425,0.000,0.575
92500,0.330,0.000,0.670
93000,0.255,0.000,0.745
93500,0.297,0.000,0.703
94000,0.358,0.000,0.642
94500,0.260,0.000,0.740
95000,0.350,0.000,0.650
95500,0.395,0.000,0.605
96000,0.353,0.000,0.647
96500,0.315,0.000,0.685
97000,0.243,0.000,0.757
97500,0.340,0.000,0.660
98000,0.400,0.000,0.600
98500,0.531,0.000,0.469
99000,0.223,0.000,0.777
99500,0.413,0.000,0.587
100000,0.437,0.000,0.563
100500,0.376,0.000,0.624
101000,0.311,0.000,0.689
101500,0.219,0.000,0.781
102000,0.396,0.000,0.604
102500,0.418,0.000,0.582
103000,0.332,0.000,0.668
103500,0.506,0.000,0.494
104000,0.478,0.000,0.522
104500,0.234,0.000,0.766
105000,0.293,0.000,0.707
105500,0.296,0.000,0.704
106000,0.398,0.000,0.602
106500,0.333,0.000,0.667
107000,0.303,0.000,0.697
107500,0.406,0.000,0.594
108000,0.356,0.000,0.644
108500,0.208,0.000,0.792
109000,0.235,0.000,0.765
109500,0.389,0.000,0.611
110000,0.425,0.000,0.575
110500,0.479,0.000,0.521
111000,0.346,0.000,0.654
111500,0.323,0.000,0.677
112000,0.297,0.000,0.703
112500,0.277,0.000,0.723
113000,0.329,0.000,0.671
113500,0.402,0.000,0.598
114000,0.246,0.000,0.754
114500,0.312,0.000,0.688
115000,0.290,0.000,0.710
115500,0.375,0.000,0.625
116000,0.446,0.000,0.554
116500,0.272,0.000,0.728
117000,0.444,0.000,0.556
117500,0.290,0.000,0.710
118000,0.372,0.000,0.628
118500,0.319,0.000,0.681
119000,0.358,0.000,0.642
119500,0.301,0.000,0.699
120000,0.306,0.000,0.694
120500,0.291,0.000,0.709
121000,0.373,0.000,0.627
121500,0.335,0.000,0.665
122000,0.289,0.000,0.711
122500,0.255,0.000,0.745
123000,0.368,0.000,0.632
123500,0.316,0.000,0.684
124000,0.421,0.000,0.579
124500,0.410,0.000,0.590
125000,0.315,0.000,0.685
125500,0.339,0.000,0.661
126000,0.399,0.000,0.601
126500,0.387,0.000,0.613
127000,0.327,0.000,0.673
127500,0.412,0.000,0.588
128000,0.254,0.000,0.746
128500,0.283,0.000,0.717
129000,0.459,0.000,0.541
129500,0.331,0.000,0.669
130000,0.234,0.000,0.766
130500,0.378,0.000,0.622
131000,0.368,0.000,0.632
131500,0.202,0.000,0.798
132000,0.425,0.000,0.575
132500,0.393,0.000,0.607
133000,0.284,0.000,0.716
133500,0.327,0.000,0.673
134000,0.361,0.000,0.639
134500,0.249,0.000,0.751
135000,0.305,0.000,0.695
135500,0.342,0.000,0.658
136000,0.305,0.000,0.695
136500,0.412,0.000,0.588
137000,0.421,0.000,0.579
137500,0.318,0.000,0.682
138000,0.269,0.000,0.731
138500,0.333,0.000,0.667
139000,0.391,0.000,0.609
139500,0.405,0.000,0.595
140000,0.385,0.000,0.615
140500,0.300,0.000,0.700
141000,0.301,0.000,0.699
141500,0.302,0.000,0.698
142000,0.462,0.000,0.538
142500,0.265,0.000,0.735
143000,0.433,0.000,0.567
143500,0.252,0.000,0.748
144000,0.416,0.000,0.584
144500,0.193,0.000,0.807
145000,0.311,0.000,0.689
145500,0.303,0.000,0.697
146000,0.168,0.000,0.832
146500,0.494,0.000,0.506
147000,0.369,0.000,0.631
147500,0.359,0.000,0.641
148000,0.277,0.000,0.723
148500,0.443,0.000,0.557
149000,0.249,0.000,0.751
149500,0.280,0.000,0.720
150000,0.330,0.000,0.670
150500,0.280,0.000,0.720
151000,0.257,0.000,0.743
151500,0.263,0.000,0.737
152000,0.513,0.000,0.487
152500,0.367,0.000,0.633
153000,0.402,0.000,0.598
153500,0.405,0.000,0.595
154000,0.344,0.000,0.656
154500,0.425,0.000,0.575
155000,0.398,0.000,0.602
155500,0.401,0.000,0.599
156000,0.316,0.000,0.684
156500,0.288,0.000,0.712
157000,0.276,0.000,0.724
157500,0.379,0.000,0.621
158000,0.377,0.000,0.623
158500,0.324,0.000,0.676
159000,0.286,0.000,0.714
159500,0.279,0.000,0.721
160000,0.257,0.000,0.743
160500,0.289,0.000,0.711
161000,0.375,0.000,0.625
161500,0.417,0.000,0.583
162000,0.409,0.000,0.591
162500,0.388,0.000,0.612
163000,0.296,0.000,0.704
163500,0.396,0.000,0.604
164000,0.401,0.000,0.599
164500,0.504,0.000,0.496
165000,0.266,0.000,0.734
165500,0.360,0.000,0.640
166000,0.342,0.000,0.658
166500,0.325,0.000,0.675
167000,0.336,0.000,0.664
167500,0.275,0.000,0.725
168000,0.295,0.000,0.705
168500,0.504,0.000,0.496
169000,0.315,0.000,0.685
169500,0.316,0.000,0.684
170000,0.453,0.000,0.547
170500,0.271,0.000,0.729
171000,0.361,0.000,0.639
171500,0.366,0.000,0.634
172000,0.302,0.000,0.698
172500,0.345,0.000,0.655
173000,0.378,0.000,0.622
173500,0.332,0.000,0.668
174000,0.215,0.000,0.785
174500,0.292,0.000,0.708
175000,0.321,0.000,0.679
175500,0.392,0.000,0.608
176000,0.372,0.000,0.628
176500,0.286,0.000,0.714
177000,0.387,0.000,0.613
177500,0.469,0.000,0.531
178000,0.320,0.000,0.680
178500,0.225,0.000,0.775
179000,0.331,0.000,0.669
179500,0.327,0.000,0.673
180000,0.315,0.000,0.685
180500,0.231,0.000,0.769
181000,0.411,0.000,0.589
181500,0.349,0.000,0.651
182000,0.412,0.000,0.588
182500,0.309,0.000,0.691
183000,0.382,0.000,0.618
183500,0.426,0.000,0.574
184000,0.447,0.000,0.553
184500,0.371,0.000,0.629
185000,0.370,0.000,0.630
185500,0.380,0.000,0.620
186000,0.286,0.000,0.714
186500,0.236,0.000,0.764
187000,0.211,0.000,0.789
187500,0.251,0.000,0.749
188000,0.366,0.000,0.634
188500,0.291,0.000,0.709
189000,0.421,0.000,0.579
189500,0.307,0.000,0.693
190000,0.281,0.000,0.719
190500,0.404,0.000,0.596
191000,0.287,0.000,0.713
191500,0.326,0.000,0.674
192000,0.315,0.000,0.685
192500,0.366,0.000,0.634
193000,0.352,0.000,0.648
193500,0.408,0.000,0.592
194000,0.297,0.000,0.703
194500,0.340,0.000,0.660
195000,0.377,0.000,0.623
195500,0.349,0.000,0.651
196000,0.359,0.000,0.641
196500,0.342,0.000,0.658
197000,0.295,0.000,0.705
197500,0.264,0.000,0.736
198000,0.380,0.000,0.620
198500,0.256,0.000,0.744
199000,0.369,0.000,0.631
199500,0.281,0.000,0.719
200000,0.409,0.000,0.591
200500,0.330,0.000,0.670
201000,0.292,0.000,0.708
201500,0.334,0.000,0.666
202000,0.258,0.000,0.742
202500,0.379,0.000,0.621
203000,0.299,0.000,0.701
203500,0.471,0.000,0.529
204000,0.333,0.000,0.667
204500,0.284,0.000,0.716
205000,0.327,0.000,0.673
205500,0.315,0.000,0.685
206000,0.262,0.000,0.738
206500,0.453,0.000,0.547
207000,0.393,0.000,0.607
207500,0.397,0.000,0.603
208000,0.396,0.000,0.604
208500,0.373,0.000,0.627
209000,0.413,0.000,0.587
209500,0.491,0.000,0.509
210000,0.318,0.000,0.682
210500,0.342,0.000,0.658
211000,0.373,0.000,0.627
211500,0.313,0.000,0.687
212000,0.439,0.000,0.561
212500,0.277,0.000,0.723
213000,0.445,0.000,0.555
213500,0.397,0.000,0.603
214000,0.334,0.000,0.666
214500,0.292,0.000,0.708
215000,0.425,0.000,0.575
215500,0.315,0.000,0.685
216000,0.297,0.000,0.703
216500,0.239,0.000,0.761
217000,0.340,0.000,0.660
217500,0.344,0.000,0.656
218000,0.430,0.000,0.570
218500,0.351,0.000,0.649
219000,0.287,0.000,0.713
219500,0.478,0.000,0.522
220000,0.446,0.000,0.554
220500,0.348,0.000,0.652
221000,0.285,0.000,0.715
221500,0.303,0.000,0.697
222000,0.270,0.000,0.730
222500,0.322,0.000,0.678
223000,0.286,0.000,0.714
223500,0.310,0.000,0.690
224000,0.177,0.000,0.823
224500,0.365,0.000,0.635
225000,0.351,0.000,0.649
225500,0.341,0.000,0.659
226000,0.298,0.000,0.702
226500,0.341,0.000,0.659
227000,0.396,0.000,0.604
227500,0.350,0.000,0.650
228000,0.323,0.000,0.677
228500,0.409,0.000,0.591
229000,0.228,0.000,0.772
229500,0.483,0.000,0.517
230000,0.292,0.000,0.708
230500,0.424,0.000,0.576
231000,0.292,0.000,0.708
231500,0.297,0.000,0.703
232000,0.429,0.000,0.571
232500,0.367,0.000,0.633
233000,0.351,0.000,0.649
233500,0.590,0.000,0.410
234000,0.358,0.000,0.642
234500,0.362,0.000,0.638
235000,0.270,0.000,0.730
235500,0.256,0.000,0.744
236000,0.313,0.000,0.687
236500,0.284,0.000,0.716
237000,0.249,0.000,0.751
237500,0.267,0.000,0.733
238000,0.311,0.000,0.689
238500,0.402,0.000,0.598
239000,0.319,0.000,0.681
239500,0.299,0.000,0.701
240000,0.302,0.000,0.698
240500,0.379,0.000,0.621
241000,0.409,0.000,0.591
241500,0.434,0.000,0.566
242000,0.338,0.000,0.662
242500,0.193,0.000,0.807
243000,0.435,0.000,0.565
243500,0.346,0.000,0.654
244000,0.277,0.000,0.723
244500,0.397,0.000,0.603
245000,0.361,0.000,0.639
245500,0.392,0.000,0.608
246000,0.317,0.000,0.683
246500,0.272,0.000,0.728
247000,0.300,0.000,0.700
247500,0.295,0.000,0.705
248000,0.409,0.000,0.591
248500,0.428,0.000,0.572
249000,0.414,0.000,0.586
249500,0.563,0.000,0.437
250000,0.359,0.000,0.641
250500,0.390,0.000,0.610
251000,0.322,0.000,0.678
251500,0.381,0.000,0.619
252000,0.390,0.000,0.610
252500,0.285,0.000,0.715
253000,0.381,0.000,0.619
253500,0.357,0.000,0.643
254000,0.279,0.000,0.721
254500,0.309,0.000,0.691
255000,0.259,0.000,0.741
255500,0.331,0.000,0.669
256000,0.367,0.000,0.633
256500,0.361,0.000,0.639
257000,0.328,0.000,0.672
257500,0.276,0.000,0.724
258000,0.265,0.000,0.735
258500,0.186,0.000,0.814
259000,0.301,0.000,0.699
259500,0.443,0.000,0.557
260000,0.348,0.000,0.652
260500,0.344,0.000,0.656
261000,0.220,0.000,0.780
261500,0.231,0.000,0.769
262000,0.321,0.000,0.679
262500,0.250,0.000,0.750
263000,0.272,0.000,0.728
263500,0.301,0.000,0.699
264000,0.417,0.000,0.583
264500,0.337,0.000,0.663
265000,0.389,0.000,0.611
265500,0.392,0.000,0.608
266000,0.420,0.000,0.580
266500,0.415,0.000,0.585
267000,0.368,0.000,0.632
267500,0.287,0.000,0.713
268000,0.333,0.000,0.667
268500,0.388,0.000,0.612
269000,0.433,0.000,0.567
269500,0.293,0.000,0.707
270000,0.215,0.000,0.785
270500,0.412,0.000,0.588
271000,0.409,0.000,0.591
271500,0.230,0.000,0.770
272000,0.266,0.000,0.734
272500,0.220,0.000,0.780
273000,0.495,0.000,0.505
273500,0.494,0.000,0.506
274000,0.355,0.000,0.645
274500,0.240,0.000,0.760
275000,0.281,0.000,0.719
275500,0.356,0.000,0.644
276000,0.269,0.000,0.731
276500,0.332,0.000,0.668
277000,0.348,0.000,0.652
277500,0.230,0.000,0.770
278000,0.267,0.000,0.733
278500,0.307,0.000,0.693
279000,0.322,0.000,0.678
279500,0.320,0.000,0.680
280000,0.372,0.000,0.628
280500,0.385,0.000,0.615
281000,0.471,0.000,0.529
281500,0.380,0.000,0.620
282000,0.433,0.000,0.567
282500,0.372,0.000,0.628
283000,0.444,0.000,0.556
283500,0.309,0.000,0.691
284000,0.326,0.000,0.674
284500,0.344,0.000,0.656
285000,0.319,0.000,0.681
285500,0.239,0.000,0.761
286000,0.287,0.000,0.713
286500,0.298,0.000,0.702
287000,0.234,0.000,0.766
287500,0.366,0.000,0.634
288000,0.297,0.000,0.703
288500,0.337,0.000,0.663
289000,0.328,0.000,0.672
289500,0.379,0.000,0.621
290000,0.335,0.000,0.665
290500,0.413,0.000,0.587
291000,0.497,0.000,0.503
291500,0.329,0.000,0.671
292000,0.317,0.000,0.683
292500,0.400,0.000,0.600
293000,0.387,0.000,0.613
293500,0.252,0.000,0.748
294000,0.372,0.000,0.628
294500,0.376,0.000,0.624
295000,0.380,0.000,0.620
295500,0.313,0.000,0.687
296000,0.344,0.000,0.656
296500,0.417,0.000,0.583
297000,0.279,0.000,0.721
297500,0.447,0.000,0.553
298000,0.276,0.000,0.724
298500,0.362,0.000,0.638
299000,0.261,0.000,0.739
299500,0.277,0.000,0.723
300000,0.362,0.000,0.638
300500,0.340,0.000,0.660
301000,0.371,0.000,0.629
301500,0.206,0.000,0.794
302000,0.275,0.000,0.725
302500,0.398,0.000,0.602
303000,0.399,0.000,0.601
303500,0.373,0.000,0.627
304000,0.256,0.000,0.744
304500,0.282,0.000,0.718
305000,0.309,0.000,0.691
305500,0.366,0.000,0.634
306000,0.476,0.000,0.524
306500,0.224,0.000,0.776
307000,0.202,0.000,0.798
307500,0.304,0.000,0.696
308000,0.250,0.000,0.750
308500,0.345,0.000,0.655
309000,0.363,0.000,0.637
309500,0.374,0.000,0.626
310000,0.226,0.000,0.774
310500,0.334,0.000,0.666
311000,0.242,0.000,0.758
311500,0.246,0.000,0.754
312000,0.241,0.000,0.759
312500,0.249,0.000,0.751
313000,0.281,0.000,0.719
313500,0.336,0.000,0.664
314000,0.294,0.000,0.706
314500,0.387,0.000,0.613
315000,0.520,0.000,0.480
315500,0.386,0.000,0.614
316000,0.283,0.000,0.717
316500,0.303,0.000,0.697
317000,0.509,0.000,0.491
317500,0.297,0.000,0.703
318000,0.337,0.000,0.663
318500,0.456,0.000,0.544
319000,0.390,0.000,0.610
319500,0.360,0.000,0.640
320000,0.325,0.000,0.675
320500,0.402,0.000,0.598
321000,0.356,0.000,0.644
321500,0.271,0.000,0.729
322000,0.297,0.000,0.703
322500,0.389,0.000,0.611
323000,0.398,0.000,0.602
323500,0.325,0.000,0.675
324000,0.264,0.000,0.736
324500,0.249,0.000,0.751
325000,0.358,0.000,0.642
325500,0.158,0.000,0.842
326000,0.415,0.000,0.585
326500,0.316,0.000,0.684
327000,0.245,0.000,0.755
327500,0.317,0.000,0.683
328000,0.357,0.000,0.643
328500,0.499,0.000,0.501
329000,0.434,0.000,0.566
329500,0.385,0.000,0.615
330000,0.381,0.000,0.619
330500,0.372,0.000,0.628
331000,0.450,0.000,0.550
331500,0.394,0.000,0.606
332000,0.324,0.000,0.676
332500,0.265,0.000,0.735
333000,0.266,0.000,0.734
333500,0.327,0.000,0.673
334000,0.360,0.000,0.640
334500,0.353,0.000,0.647
335000,0.327,0.000,0.673
335500,0.264,0.000,0.736
336000,0.335,0.000,0.665
336500,0.316,0.000,0.684
337000,0.384,0.000,0.616
337500,0.426,0.000,0.574
338000,0.408,0.000,0.592
338500,0.294,0.000,0.706
339000,0.270,0.000,0.730
339500,0.273,0.000,0.727
340000,0.440,0.000,0.560
340500,0.340,0.000,0.660
341000,0.302,0.000,0.698
341500,0.271,0.000,0.729
342000,0.349,0.000,0.651
342500,0.293,0.000,0.707
343000,0.213,0.000,0.787
343500,0.276,0.000,0.724
344000,0.413,0.000,0.587
344500,0.401,0.000,0.599
345000,0.278,0.000,0.722
345500,0.366,0.000,0.634
346000,0.370,0.000,0.630
346500,0.463,0.000,0.537
347000,0.250,0.000,0.750
347500,0.397,0.000,0.603
348000,0.336,0.000,0.664
348500,0.284,0.000,0.716
349000,0.437,0.000,0.563
349500,0.330,0.000,0.670
350000,0.429,0.000,0.571
350500,0.448,0.000,0.552
351000,0.363,0.000,0.637
351500,0.317,0.000,0.683
352000,0.413,0.000,0.587
352500,0.378,0.000,0.622
353000,0.349,0.000,0.651
353500,0.312,0.000,0.688
354000,0.271,0.000,0.729
354500,0.410,0.000,0.590
355000,0.173,0.000,0.827
355500,0.428,0.000,0.572
356000,0.314,0.000,0.686
356500,0.396,0.000,0.604
357000,0.389,0.000,0.611
357500,0.310,0.000,0.690
358000,0.303,0.000,0.697
358500,0.314,0.000,0.686
359000,0.369,0.000,0.631
359500,0.457,0.000,0.543
360000,0.374,0.000,0.626
360500,0.259,0.000,0.741
361000,0.311,0.000,0.689
361500,0.355,0.000,0.645
362000,0.343,0.000,0.657
362500,0.260,0.000,0.740
363000,0.238,0.000,0.762
363500,0.481,0.000,0.519
364000,0.451,0.000,0.549
364500,0.347,0.000,0.653
365000,0.266,0.000,0.734
365500,0.304,0.000,0.696
366000,0.264,0.000,0.736
366500,0.361,0.000,0.639
367000,0.214,0.000,0.786
367500,0.287,0.000,0.713
368000,0.350,0.000,0.650
368500,0.373,0.000,0.627
369000,0.233,0.000,0.767
369500,0.339,0.000,0.661
370000,0.255,0.000,0.745
370500,0.374,0.000,0.626
371000,0.352,0.000,0.648
371500,0.269,0.000,0.731
372000,0.377,0.000,0.623
372500,0.339,0.000,0.661
373000,0.331,0.000,0.669
373500,0.381,0.000,0.619
374000,0.289,0.000,0.711
374500,0.381,0.000,0.619
375000,0.231,0.000,0.769
375500,0.443,0.000,0.557
376000,0.354,0.000,0.646
376500,0.288,0.000,0.712
377000,0.248,0.000,0.752
377500,0.348,0.000,0.652
378000,0.253,0.000,0.747
378500,0.394,0.000,0.606
379000,0.310,0.000,0.690
379500,0.372,0.000,0.628
380000,0.272,0.000,0.728
380500,0.286,0.000,0.714
381000,0.199,0.000,0.801
381500,0.351,0.000,0.649
382000,0.417,0.000,0.583
382500,0.280,0.000,0.720
383000,0.240,0.000,0.760
383500,0.324,0.000,0.676
384000,0.388,0.000,0.612
384500,0.440,0.000,0.560
385000,0.396,0.000,0.604
385500,0.377,0.000,0.623
386000,0.230,0.000,0.770
386500,0.346,0.000,0.654
387000,0.346,0.000,0.654
387500,0.361,0.000,0.639
388000,0.257,0.000,0.743
388500,0.313,0.000,0.687
389000,0.390,0.000,0.610
389500,0.338,0.000,0.662
390000,0.365,0.000,0.635
390500,0.542,0.000,0.458
391000,0.258,0.000,0.742
391500,0.459,0.000,0.541
392000,0.365,0.000,0.635
392500,0.372,0.000,0.628
393000,0.307,0.000,0.693
393500,0.236,0.000,0.764
394000,0.398,0.000,0.602
394500,0.423,0.000,0.577
395000,0.404,0.000,0.596
395500,0.362,0.000,0.638
396000,0.383,0.000,0.617
396500,0.296,0.000,0.704
397000,0.303,0.000,0.697
397500,0.245,0.000,0.755
398000,0.214,0.000,0.786
398500,0.278,0.000,0.722
399000,0.498,0.000,0.502
399500,0.338,0.000,0.662
400000,0.262,0.000,0.738
400500,0.520,0.000,0.480
401000,0.356,0.000,0.644
401500,0.392,0.000,0.608
402000,0.266,0.000,0.734
402500,0.415,0.000,0.585
403000,0.348,0.000,0.652
403500,0.430,0.000,0.570
404000,0.318,0.000,0.682
404500,0.384,0.000,0.616
405000,0.465,0.000,0.535
405500,0.458,0.000,0.542
406000,0.292,0.000,0.708
406500,0.317,0.000,0.683
407000,0.305,0.000,0.695
407500,0.430,0.000,0.570
408000,0.271,0.000,0.729
408500,0.214,0.000,0.786
409000,0.389,0.000,0.611
409500,0.327,0.000,0.673
410000,0.284,0.000,0.716
410500,0.302,0.000,0.698
411000,0.413,0.000,0.587
411500,0.278,0.000,0.722
412000,0.315,0.000,0.685
412500,0.394,0.000,0.606
413000,0.431,0.000,0.569
413500,0.301,0.000,0.699
414000,0.356,0.000,0.644
414500,0.360,0.000,0.640
415000,0.244,0.000,0.756
415500,0.336,0.000,0.664
416000,0.236,0.000,0.764
416500,0.432,0.000,0.568
417000,0.278,0.000,0.722
417500,0.452,0.000,0.548
418000,0.282,0.000,0.718
418500,0.262,0.000,0.738
419000,0.372,0.000,0.628
419500,0.405,0.000,0.595
420000,0.369,0.000,0.631
420500,0.377,0.000,0.623
421000,0.365,0.000,0.635
421500,0.342,0.000,0.658
422000,0.277,0.000,0.723
422500,0.379,0.000,0.621
423000,0.239,0.000,0.761
423500,0.281,0.000,0.719
424000,0.234,0.001,0.765
424500,0.337,0.000,0.663
425000,0.238,0.000,0.762
425500,0.408,0.000,0.592
426000,0.298,0.000,0.702
426500,0.291,0.000,0.709
427000,0.307,0.000,0.693
427500,0.396,0.000,0.604
428000,0.447,0.000,0.553
428500,0.381,0.000,0.619
429000,0.362,0.000,0.638
429500,0.259,0.000,0.741
430000,0.399,0.000,0.601
430500,0.413,0.000,0.587
431000,0.278,0.000,0.722
431500,0.442,0.000,0.558
432000,0.361,0.000,0.639
432500,0.268,0.000,0.732
433000,0.278,0.000,0.722
433500,0.426,0.000,0.574
434000,0.262,0.000,0.738
434500,0.338,0.000,0.662
435000,0.274,0.000,0.726
435500,0.371,0.000,0.629
436000,0.431,0.000,0.569
436500,0.271,0.000,0.729
437000,0.182,0.000,0.818
437500,0.222,0.000,0.778
438000,0.342,0.000,0.658
438500,0.407,0.000,0.593
439000,0.380,0.000,0.620
439500,0.403,0.000,0.597
440000,0.259,0.000,0.741
440500,0.304,0.000,0.696
441000,0.397,0.000,0.603
441500,0.349,0.000,0.651
442000,0.350,0.000,0.650
442500,0.337,0.000,0.663
443000,0.305,0.000,0.695
443500,0.388,0.000,0.612
444000,0.456,0.000,0.544
444500,0.309,0.000,0.691
445000,0.404,0.000,0.596
445500,0.415,0.000,0.585
446000,0.379,0.000,0.621
446500,0.434,0.000,0.566
447000,0.390,0.000,0.610
447500,0.346,0.000,0.654
448000,0.393,0.000,0.607
448500,0.334,0.000,0.666
449000,0.219,0.000,0.781
449500,0.283,0.000,0.717
450000,0.322,0.000,0.678
450500,0.318,0.000,0.682
451000,0.269,0.000,0.731
451500,0.374,0.000,0.626
452000,0.301,0.000,0.699
452500,0.327,0.000,0.673
453000,0.413,0.000,0.587
453500,0.367,0.000,0.633
454000,0.429,0.000,0.571
454500,0.342,0.000,0.658
455000,0.400,0.000,0.600
455500,0.497,0.000,0.503
456000,0.277,0.000,0.723
456500,0.272,0.000,0.728
457000,0.455,0.000,0.545
457500,0.342,0.000,0.658
458000,0.358,0.000,0.642
458500,0.502,0.000,0.498
459000,0.365,0.000,0.635
459500,0.439,0.000,0.561
460000,0.296,0.000,0.704
460500,0.295,0.000,0.705
461000,0.428,0.000,0.572
461500,0.520,0.000,0.480
462000,0.286,0.000,0.714
462500,0.395,0.000,0.605
463000,0.364,0.000,0.636
463500,0.468,0.000,0.532
464000,0.367,0.000,0.633
464500,0.322,0.000,0.678
465000,0.385,0.000,0.615
465500,0.249,0.000,0.751
466000,0.373,0.000,0.627
466500,0.162,0.000,0.838
467000,0.294,0.000,0.706
467500,0.442,0.000,0.558
468000,0.318,0.000,0.682
468500,0.341,0.000,0.659
469000,0.408,0.000,0.592
469500,0.268,0.000,0.732
470000,0.302,0.000,0.698
470500,0.379,0.000,0.621
471000,0.456,0.000,0.544
471500,0.291,0.000,0.709
472000,0.465,0.000,0.535
472500,0.376,0.000,0.624
473000,0.402,0.000,0.598
473500,0.222,0.000,0.778
474000,0.386,0.000,0.614
474500,0.283,0.000,0.717
475000,0.331,0.000,0.669
475500,0.289,0.000,0.711
476000,0.226,0.000,0.774
476500,0.375,0.000,0.625
477000,0.293,0.000,0.707
477500,0.396,0.000,0.604
478000,0.450,0.000,0.550
478500,0.380,0.000,0.620
479000,0.382,0.000,0.618
479500,0.380,0.000,0.620
480000,0.372,0.000,0.628
480500,0.290,0.000,0.710
481000,0.299,0.000,0.701
481500,0.423,0.000,0.577
482000,0.297,0.000,0.703
482500,0.200,0.000,0.800
483000,0.375,0.000,0.625
483500,0.338,0.000,0.662
484000,0.395,0.000,0.605
484500,0.180,0.000,0.820
485000,0.372,0.000,0.628
485500,0.388,0.000,0.612
486000,0.435,0.000,0.565
486500,0.513,0.000,0.487
487000,0.327,0.000,0.673
487500,0.236,0.000,0.764
488000,0.297,0.000,0.703
488500,0.216,0.000,0.784
489000,0.387,0.000,0.613
489500,0.297,0.000,0.703
490000,0.344,0.000,0.656
490500,0.263,0.000,0.737
491000,0.317,0.000,0.683
491500,0.401,0.000,0.599
492000,0.478,0.000,0.522
492500,0.345,0.000,0.655
493000,0.349,0.000,0.651
493500,0.255,0.000,0.745
494000,0.412,0.000,0.588
494500,0.392,0.000,0.608
495000,0.318,0.000,0.682
495500,0.386,0.000,0.614
496000,0.407,0.000,0.593
496500,0.411,0.000,0.589
497000,0.340,0.000,0.660
497500,0.229,0.000,0.771
498000,0.336,0.000,0.664
498500,0.267,0.000,0.733
499000,0.412,0.000,0.588
499500,0.344,0.000,0.656
500000,0.371,0.000,0.629
500500,0.512,0.000,0.488
501000,0.356,0.000,0.644
501500,0.296,0.000,0.704
502000,0.404,0.000,0.596
502500,0.363,0.000,0.637
503000,0.280,0.000,0.720
503500,0.218,0.000,0.782
504000,0.293,0.000,0.707
504500,0.316,0.000,0.684
505000,0.263,0.000,0.737
505500,0.260,0.000,0.740
506000,0.395,0.000,0.605
506500,0.314,0.000,0.686
507000,0.363,0.000,0.637
507500,0.263,0.000,0.737
508000,0.304,0.000,0.696
508500,0.314,0.000,0.686
509000,0.272,0.000,0.728
509500,0.327,0.000,0.673
510000,0.373,0.000,0.627
510500,0.289,0.000,0.711
511000,0.313,0.000,0.687
511500,0.349,0.000,0.651
512000,0.274,0.000,0.726
512500,0.384,0.000,0.616
513000,0.304,0.000,0.696
513500,0.458,0.000,0.542
514000,0.417,0.000,0.583
514500,0.366,0.000,0.634
515000,0.356,0.000,0.644
515500,0.376,0.000,0.624
516000,0.240,0.000,0.760
516500,0.280,0.000,0.720
517000,0.190,0.000,0.810
517500,0.278,0.000,0.722
518000,0.238,0.000,0.762
518500,0.304,0.000,0.696
519000,0.442,0.000,0.558
519500,0.274,0.000,0.726
520000,0.262,0.000,0.738
520500,0.342,0.000,0.658
521000,0.329,0.000,0.671
521500,0.483,0.000,0.517
522000,0.250,0.000,0.750
522500,0.382,0.000,0.618
523000,0.267,0.000,0.733
523500,0.290,0.000,0.710
524000,0.203,0.000,0.797
524500,0.276,0.000,0.724
525000,0.415,0.000,0.585
525500,0.328,0.000,0.672
526000,0.450,0.000,0.550
526500,0.305,0.000,0.695
527000,0.332,0.000,0.668
527500,0.365,0.000,0.635
528000,0.169,0.000,0.831
528500,0.388,0.000,0.612
529000,0.418,0.000,0.582
529500,0.467,0.000,0.533
530000,0.329,0.000,0.671
530500,0.300,0.000,0.700
531000,0.353,0.000,0.647
531500,0.288,0.000,0.712
532000,0.302,0.000,0.698
532500,0.388,0.000,0.612
533000,0.374,0.000,0.626
533500,0.431,0.000,0.569
534000,0.314,0.000,0.686
534500,0.391,0.000,0.609
535000,0.269,0.000,0.731
535500,0.235,0.000,0.765
536000,0.447,0.000,0.553
536500,0.321,0.000,0.679
537000,0.257,0.000,0.743
537500,0.413,0.000,0.587
538000,0.386,0.000,0.614
538500,0.359,0.000,0.641
539000,0.373,0.000,0.627
539500,0.284,0.000,0.716
540000,0.287,0.000,0.713
540500,0.301,0.000,0.699
541000,0.330,0.000,0.670
541500,0.256,0.001,0.743
542000,0.377,0.000,0.623
542500,0.310,0.000,0.690
543000,0.492,0.000,0.508
543500,0.256,0.000,0.744
544000,0.384,0.000,0.616
544500,0.325,0.000,0.675
545000,0.278,0.000,0.722
545500,0.381,0.000,0.619
546000,0.291,0.000,0.709
546500,0.350,0.000,0.650
547000,0.409,0.000,0.591
547500,0.439,0.000,0.561
548000,0.278,0.000,0.722
548500,0.360,0.000,0.640
549000,0.402,0.000,0.598
549500,0.411,0.000,0.589
550000,0.323,0.000,0.677
550500,0.514,0.000,0.486
551000,0.280,0.000,0.720
551500,0.275,0.000,0.725
552000,0.421,0.000,0.579
552500,0.371,0.000,0.629
553000,0.353,0.000,0.647
553500,0.349,0.000,0.651
554000,0.336,0.000,0.664
554500,0.242,0.000,0.758
555000,0.310,0.000,0.690
555500,0.465,0.000,0.535
556000,0.324,0.000,0.676
556500,0.435,0.000,0.565
557000,0.448,0.000,0.552
557500,0.443,0.000,0.557
558000,0.403,0.000,0.597
558500,0.213,0.000,0.787
559000,0.232,0.000,0.768
559500,0.478,0.000,0.522
560000,0.439,0.000,0.561
560500,0.359,0.000,0.641
561000,0.368,0.000,0.632
561500,0.347,0.000,0.653
562000,0.341,0.000,0.659
562500,0.331,0.000,0.669
563000,0.309,0.000,0.691
563500,0.388,0.000,0.612
564000,0.332,0.000,0.668
564500,0.315,0.000,0.685
565000,0.365,0.000,0.635
565500,0.288,0.000,0.712
566000,0.276,0.000,0.724
566500,0.254,0.000,0.746
567000,0.282,0.000,0.718
567500,0.388,0.000,0.612
568000,0.303,0.000,0.697
568500,0.298,0.000,0.702
569000,0.299,0.000,0.701
569500,0.317,0.000,0.683
570000,0.341,0.000,0.659
570500,0.272,0.000,0.728
571000,0.293,0.000,0.707
571500,0.173,0.000,0.827
572000,0.259,0.000,0.741
572500,0.302,0.000,0.698
573000,0.303,0.000,0.697
573500,0.447,0.000,0.553
574000,0.262,0.000,0.738
574500,0.303,0.000,0.697
575000,0.248,0.000,0.752
575500,0.216,0.000,0.784
576000,0.322,0.000,0.678
576500,0.184,0.000,0.816
577000,0.397,0.000,0.603
577500,0.495,0.000,0.505
578000,0.271,0.000,0.729
578500,0.239,0.000,0.761
579000,0.473,0.000,0.527
579500,0.356,0.000,0.644
580000,0.501,0.000,0.499
580500,0.508,0.000,0.492
581000,0.423,0.000,0.577
581500,0.373,0.000,0.627
582000,0.326,0.000,0.674
582500,0.314,0.000,0.686
583000,0.356,0.000,0.644
583500,0.452,0.000,0.548
584000,0.380,0.000,0.620
584500,0.387,0.000,0.613
585000,0.315,0.000,0.685
585500,0.354,0.000,0.646
586000,0.330,0.000,0.670
586500,0.224,0.000,0.776
587000,0.403,0.000,0.597
587500,0.411,0.000,0.589
588000,0.317,0.000,0.683
588500,0.385,0.000,0.615
589000,0.333,0.000,0.667
589500,0.296,0.000,0.704
590000,0.222,0.000,0.778
590500,0.391,0.000,0.609
591000,0.364,0.000,0.636
591500,0.311,0.000,0.689
592000,0.298,0.000,0.702
592500,0.301,0.000,0.699
593000,0.257,0.000,0.743
593500,0.340,0.000,0.660
594000,0.343,0.000,0.657
594500,0.260,0.000,0.740
595000,0.336,0.000,0.664
595500,0.373,0.000,0.627
596000,0.405,0.000,0.595
596500,0.336,0.000,0.664
597000,0.245,0.000,0.755
597500,0.389,0.000,0.611
598000,0.404,0.000,0.596
598500,0.249,0.000,0.751
599000,0.399,0.000,0.601
599500,0.235,0.000,0.765
600000,0.439,0.000,0.561
600500,0.420,0.000,0.580
601000,0.346,0.000,0.654
601500,0.220,0.000,0.780
602000,0.249,0.000,0.751
602500,0.346,0.000,0.654
603000,0.362,0.000,0.638
603500,0.332,0.000,0.668
604000,0.290,0.000,0.710
604500,0.359,0.000,0.641
605000,0.407,0.000,0.593
605500,0.370,0.000,0.630
606000,0.421,0.000,0.579
606500,0.457,0.000,0.543
607000,0.337,0.000,0.663
607500,0.356,0.000,0.644
608000,0.390,0.000,0.610
608500,0.388,0.000,0.612
609000,0.374,0.000,0.626
609500,0.416,0.000,0.584
610000,0.289,0.000,0.711
610500,0.339,0.000,0.661
611000,0.263,0.000,0.737
611500,0.241,0.000,0.759
612000,0.356,0.000,0.644
612500,0.358,0.000,0.642
613000,0.321,0.000,0.679
613500,0.302,0.000,0.698
614000,0.346,0.000,0.654
614500,0.305,0.000,0.695
615000,0.289,0.000,0.711
615500,0.373,0.000,0.627
616000,0.246,0.000,0.754
616500,0.378,0.000,0.622
617000,0.157,0.000,0.843
617500,0.307,0.000,0.693
618000,0.329,0.000,0.671
618500,0.266,0.000,0.734
619000,0.218,0.000,0.782
619500,0.287,0.000,0.713
620000,0.275,0.000,0.725
620500,0.215,0.000,0.785
621000,0.200,0.000,0.800
621500,0.234,0.000,0.766
622000,0.345,0.000,0.655
622500,0.278,0.000,0.722
623000,0.353,0.000,0.647
623500,0.372,0.000,0.628
624000,0.240,0.000,0.760
624500,0.273,0.000,0.727
625000,0.397,0.000,0.603
625500,0.351,0.000,0.649
626000,0.459,0.000,0.541
626500,0.322,0.000,0.678
627000,0.316,0.000,0.684
627500,0.274,0.000,0.726
628000,0.269,0.000,0.731
628500,0.354,0.000,0.646
629000,0.282,0.000,0.718
629500,0.352,0.000,0.648
630000,0.321,0.000,0.679
630500,0.287,0.000,0.713
631000,0.276,0.000,0.724
631500,0.391,0.000,0.609
632000,0.444,0.000,0.556
632500,0.364,0.000,0.636
633000,0.282,0.000,0.718
633500,0.284,0.000,0.716
634000,0.374,0.000,0.626
634500,0.427,0.000,0.573
635000,0.348,0.000,0.652
635500,0.293,0.000,0.707
636000,0.382,0.000,0.618
636500,0.275,0.000,0.725
637000,0.207,0.000,0.793
637500,0.343,0.000,0.657
638000,0.327,0.000,0.673
638500,0.317,0.000,0.683
639000,0.241,0.000,0.759
639500,0.233,0.000,0.767
640000,0.369,0.000,0.631
640500,0.290,0.000,0.710
641000,0.329,0.000,0.671
641500,0.407,0.000,0.593
642000,0.314,0.000,0.686
642500,0.338,0.000,0.662
643000,0.319,0.000,0.681
643500,0.293,0.000,0.707
644000,0.389,0.000,0.611
644500,0.327,0.000,0.673
645000,0.281,0.000,0.719
645500,0.445,0.000,0.555
646000,0.237,0.000,0.763
646500,0.267,0.000,0.733
647000,0.326,0.000,0.674
647500,0.357,0.000,0.643
648000,0.354,0.000,0.646
648500,0.304,0.000,0.696
649000,0.329,0.000,0.671
649500,0.338,0.000,0.662
650000,0.231,0.000,0.769
650500,0.315,0.000,0.685
651000,0.304,0.000,0.696
651500,0.344,0.000,0.656
652000,0.224,0.000,0.776
652500,0.272,0.000,0.728
653000,0.188,0.000,0.812
653500,0.370,0.000,0.630
654000,0.393,0.000,0.607
654500,0.344,0.000,0.656
655000,0.479,0.000,0.521
655500,0.370,0.000,0.630
656000,0.371,0.000,0.629
656500,0.335,0.000,0.665
657000,0.396,0.000,0.604
657500,0.264,0.000,0.736
658000,0.281,0.000,0.719
658500,0.308,0.000,0.692
659000,0.325,0.000,0.675
659500,0.275,0.000,0.725
660000,0.353,0.000,0.647
660500,0.375,0.000,0.625
661000,0.157,0.000,0.843
661500,0.319,0.000,0.681
662000,0.232,0.000,0.768
662500,0.296,0.000,0.704
663000,0.331,0.000,0.669
663500,0.458,0.000,0.542
664000,0.330,0.000,0.670
664500,0.145,0.000,0.855
665000,0.323,0.000,0.677
665500,0.361,0.000,0.639
666000,0.292,0.000,0.708
666500,0.285,0.000,0.715
667000,0.358,0.000,0.642
667500,0.177,0.000,0.823
668000,0.238,0.000,0.762
668500,0.449,0.000,0.551
669000,0.309,0.000,0.691
669500,0.479,0.000,0.521
670000,0.332,0.000,0.668
670500,0.276,0.000,0.724
671000,0.348,0.000,0.652
671500,0.291,0.000,0.709
672000,0.390,0.000,0.610
672500,0.318,0.000,0.682
673000,0.301,0.000,0.699
673500,0.299,0.000,0.701
674000,0.350,0.000,0.650
674500,0.371,0.000,0.629
675000,0.408,0.000,0.592
675500,0.198,0.000,0.802
676000,0.296,0.000,0.704
676500,0.459,0.000,0.541
677000,0.277,0.000,0.723
677500,0.359,0.000,0.641
678000,0.235,0.000,0.765
678500,0.390,0.000,0.610
679000,0.400,0.000,0.600
679500,0.459,0.000,0.541
680000,0.280,0.000,0.720
680500,0.282,0.000,0.718
681000,0.368,0.000,0.632
681500,0.302,0.000,0.698
682000,0.249,0.000,0.751
682500,0.427,0.000,0.573
683000,0.322,0.000,0.678
683500,0.272,0.000,0.728
684000,0.404,0.000,0.596
684500,0.314,0.000,0.686
685000,0.283,0.000,0.717
685500,0.370,0.000,0.630
686000,0.337,0.000,0.663
686500,0.254,0.000,0.746
687000,0.209,0.000,0.791
687500,0.244,0.000,0.756
688000,0.472,0.000,0.528
688500,0.365,0.000,0.635
689000,0.267,0.000,0.733
689500,0.489,0.000,0.511
690000,0.267,0.000,0.733
690500,0.392,0.000,0.608
691000,0.318,0.000,0.682
691500,0.241,0.000,0.759
692000,0.331,0.000,0.669
692500,0.188,0.000,0.812
693000,0.298,0.000,0.702
693500,0.308,0.000,0.692
694000,0.418,0.000,0.582
694500,0.286,0.000,0.714
695000,0.535,0.000,0.465
695500,0.191,0.000,0.809
696000,0.293,0.000,0.707
696500,0.342,0.000,0.658
697000,0.275,0.000,0.725
697500,0.353,0.000,0.647
698000,0.325,0.000,0.675
698500,0.276,0.000,0.724
699000,0.327,0.000,0.673
699500,0.255,0.000,0.745
700000,0.276,0.000,0.724
700500,0.348,0.000,0.652
701000,0.438,0.000,0.562
701500,0.285,0.000,0.715
702000,0.442,0.000,0.558
702500,0.288,0.000,0.712
703000,0.265,0.000,0.735
703500,0.254,0.000,0.746
704000,0.221,0.000,0.779
704500,0.336,0.000,0.664
705000,0.411,0.000,0.589
705500,0.290,0.000,0.710
706000,0.398,0.000,0.602
706500,0.348,0.000,0.652
707000,0.388,0.000,0.612
707500,0.261,0.000,0.739
708000,0.407,0.000,0.593
708500,0.268,0.000,0.732
709000,0.324,0.000,0.676
709500,0.321,0.000,0.679
710000,0.371,0.000,0.629
710500,0.369,0.000,0.631
711000,0.354,0.000,0.646
711500,0.119,0.000,0.881
712000,0.260,0.000,0.740
712500,0.277,0.000,0.723
713000,0.385,0.000,0.615
713500,0.679,0.000,0.321
714000,0.410,0.000,0.590
714500,0.438,0.000,0.562
715000,0.327,0.000,0.673
715500,0.491,0.000,0.509
716000,0.340,0.000,0.660
716500,0.297,0.000,0.703
717000,0.429,0.000,0.571
717500,0.164,0.000,0.836
718000,0.326,0.000,0.674
718500,0.264,0.000,0.736
719000,0.175,0.000,0.825
719500,0.330,0.000,0.670
720000,0.347,0.000,0.653
720500,0.258,0.000,0.742
721000,0.201,0.000,0.799
721500,0.453,0.000,0.547
722000,0.270,0.000,0.730
722500,0.394,0.000,0.606
723000,0.347,0.000,0.653
723500,0.267,0.000,0.733
724000,0.280,0.000,0.720
724500,0.426,0.000,0.574
725000,0.414,0.000,0.586
725500,0.255,0.000,0.745
726000,0.333,0.000,0.667
726500,0.194,0.000,0.806
727000,0.285,0.000,0.715
727500,0.258,0.000,0.742
728000,0.398,0.000,0.602
728500,0.269,0.000,0.731
729000,0.390,0.000,0.610
729500,0.354,0.000,0.646
730000,0.247,0.000,0.753
730500,0.308,0.000,0.692
731000,0.365,0.000,0.635
731500,0.390,0.000,0.610
732000,0.200,0.000,0.800
732500,0.291,0.000,0.709
733000,0.370,0.000,0.630
733500,0.253,0.000,0.747
734000,0.413,0.000,0.587
734500,0.339,0.000,0.661
735000,0.358,0.000,0.642
735500,0.370,0.000,0.630
736000,0.276,0.000,0.724
736500,0.368,0.000,0.632
737000,0.369,0.000,0.631
737500,0.313,0.000,0.687
738000,0.297,0.000,0.703
738500,0.338,0.000,0.662
739000,0.302,0.000,0.698
739500,0.232,0.000,0.768
740000,0.408,0.000,0.592
740500,0.298,0.000,0.702
741000,0.342,0.000,0.658
741500,0.335,0.000,0.665
742000,0.355,0.000,0.645
742500,0.426,0.000,0.574
743000,0.384,0.000,0.616
743500,0.281,0.000,0.719
744000,0.349,0.000,0.651
744500,0.376,0.000,0.624
745000,0.277,0.000,0.723
745500,0.254,0.000,0.746
746000,0.290,0.000,0.710
746500,0.330,0.000,0.670
747000,0.288,0.000,0.712
747500,0.203,0.000,0.797
748000,0.339,0.000,0.661
748500,0.305,0.000,0.695
749000,0.373,0.000,0.627
749500,0.404,0.000,0.596
750000,0.315,0.000,0.685
750500,0.355,0.000,0.645
751000,0.217,0.017,0.766
751500,0.308,0.000,0.692
752000,0.359,0.000,0.641
752500,0.322,0.000,0.678
753000,0.419,0.000,0.581
753500,0.246,0.000,0.754
754000,0.433,0.000,0.567
754500,0.310,0.000,0.690
755000,0.313,0.000,0.687
755500,0.212,0.000,0.788
756000,0.341,0.000,0.659
756500,0.424,0.000,0.576
757000,0.309,0.000,0.691
757500,0.369,0.000,0.631
758000,0.490,0.000,0.510
758500,0.278,0.000,0.722
759000,0.299,0.000,0.701
759500,0.460,0.000,0.540
760000,0.309,0.000,0.691
760500,0.342,0.000,0.658
761000,0.344,0.000,0.656
761500,0.322,0.000,0.678
762000,0.364,0.000,0.636
762500,0.355,0.000,0.645
763000,0.419,0.000,0.581
763500,0.336,0.000,0.664
764000,0.360,0.000,0.640
764500,0.409,0.000,0.591
765000,0.361,0.000,0.639
765500,0.294,0.000,0.706
766000,0.409,0.000,0.591
766500,0.236,0.000,0.764
767000,0.328,0.000,0.672
767500,0.406,0.000,0.594
768000,0.378,0.000,0.622
768500,0.275,0.000,0.725
769000,0.338,0.000,0.662
769500,0.239,0.000,0.761
770000,0.289,0.000,0.711
770500,0.304,0.000,0.696
771000,0.329,0.000,0.671
771500,0.473,0.000,0.527
772000,0.361,0.000,0.639
772500,0.332,0.000,0.668
773000,0.278,0.000,0.722
773500,0.391,0.000,0.609
774000,0.286,0.000,0.714
774500,0.411,0.000,0.589
775000,0.311,0.000,0.689
775500,0.413,0.000,0.587
776000,0.310,0.000,0.690
776500,0.367,0.000,0.633
777000,0.351,0.000,0.649
777500,0.296,0.000,0.704
778000,0.303,0.000,0.697
778500,0.341,0.000,0.659
779000,0.333,0.000,0.667
779500,0.352,0.000,0.648
780000,0.356,0.000,0.644
780500,0.383,0.000,0.617
781000,0.282,0.000,0.718
781500,0.339,0.000,0.661
782000,0.379,0.000,0.621
782500,0.351,0.000,0.649
783000,0.405,0.000,0.595
783500,0.419,0.000,0.581
784000,0.432,0.000,0.568
784500,0.407,0.000,0.593
785000,0.370,0.000,0.630
785500,0.349,0.000,0.651
786000,0.210,0.000,0.790
786500,0.243,0.000,0.757
787000,0.263,0.000,0.737
787500,0.311,0.000,0.689
788000,0.403,0.000,0.597
788500,0.500,0.000,0.500
789000,0.209,0.000,0.791
789500,0.382,0.000,0.618
790000,0.285,0.000,0.715
790500,0.320,0.000,0.680
791000,0.329,0.000,0.671
791500,0.398,0.000,0.602
792000,0.354,0.000,0.646
792500,0.357,0.000,0.643
793000,0.356,0.000,0.644
793500,0.491,0.000,0.509
794000,0.479,0.000,0.521
794500,0.428,0.000,0.572
795000,0.411,0.000,0.589
795500,0.367,0.000,0.633
796000,0.403,0.000,0.597
796500,0.336,0.000,0.664
797000,0.431,0.000,0.569
797500,0.369,0.000,0.631
798000,0.324,0.000,0.676
798500,0.316,0.000,0.684
799000,0.462,0.000,0.538
799500,0.312,0.000,0.688
800000,0.376,0.000,0.624
800500,0.365,0.000,0.635
801000,0.327,0.000,0.673
801500,0.313,0.000,0.687
802000,0.292,0.000,0.708
802500,0.456,0.000,0.544
803000,0.421,0.000,0.579
803500,0.423,0.000,0.577
804000,0.381,0.000,0.619
804500,0.428,0.000,0.572
805000,0.442,0.000,0.558
805500,0.427,0.000,0.573
806000,0.298,0.000,0.702
806500,0.389,0.000,0.611
807000,0.547,0.000,0.453
807500,0.593,0.000,0.407
808000,0.315,0.000,0.685
808500,0.292,0.000,0.708
809000,0.540,0.000,0.460
809500,0.523,0.000,0.477
810000,0.479,0.000,0.521
810500,0.248,0.000,0.752
811000,0.289,0.000,0.711
811500,0.340,0.000,0.660
812000,0.405,0.000,0.595
812500,0.385,0.000,0.615
813000,0.342,0.000,0.658
813500,0.302,0.000,0.698
814000,0.381,0.000,0.619
814500,0.341,0.000,0.659
815000,0.293,0.000,0.707
815500,0.294,0.000,0.706
816000,0.284,0.000,0.716
816500,0.239,0.000,0.761
817000,0.254,0.000,0.746
817500,0.232,0.000,0.768
818000,0.253,0.000,0.747
818500,0.268,0.000,0.732
819000,0.295,0.000,0.705
819500,0.263,0.000,0.737
820000,0.346,0.000,0.654
820500,0.390,0.000,0.610
821000,0.366,0.000,0.634
821500,0.373,0.000,0.627
822000,0.478,0.000,0.522
822500,0.386,0.000,0.614
823000,0.457,0.000,0.543
823500,0.384,0.000,0.616
824000,0.384,0.000,0.616
824500,0.334,0.000,0.666
825000,0.304,0.000,0.696
825500,0.388,0.000,0.612
826000,0.258,0.000,0.742
826500,0.437,0.000,0.563
827000,0.321,0.000,0.679
827500,0.441,0.000,0.559
828000,0.285,0.000,0.715
828500,0.331,0.000,0.669
829000,0.270,0.000,0.730
829500,0.283,0.000,0.717
830000,0.287,0.000,0.713
830500,0.369,0.000,0.631
831000,0.429,0.000,0.571
831500,0.470,0.000,0.530
832000,0.396,0.000,0.604
832500,0.284,0.000,0.716
833000,0.358,0.000,0.642
833500,0.359,0.000,0.641
834000,0.248,0.000,0.752
834500,0.347,0.000,0.653
835000,0.329,0.000,0.671
835500,0.297,0.000,0.703
836000,0.375,0.000,0.625
836500,0.281,0.000,0.719
837000,0.322,0.000,0.678
837500,0.253,0.000,0.747
838000,0.320,0.000,0.680
838500,0.323,0.000,0.677
839000,0.347,0.000,0.653
839500,0.246,0.000,0.754
840000,0.272,0.000,0.728
840500,0.284,0.000,0.716
841000,0.252,0.000,0.748
841500,0.528,0.000,0.472
842000,0.455,0.000,0.545
842500,0.351,0.000,0.649
843000,0.326,0.000,0.674
843500,0.314,0.000,0.686
844000,0.268,0.000,0.732
844500,0.311,0.000,0.689
845000,0.253,0.000,0.747
845500,0.493,0.000,0.507
846000,0.309,0.000,0.691
846500,0.352,0.000,0.648
847000,0.231,0.000,0.769
847500,0.278,0.000,0.722
848000,0.372,0.000,0.628
848500,0.378,0.000,0.622
849000,0.388,0.000,0.612
849500,0.329,0.000,0.671
850000,0.340,0.000,0.660
850500,0.253,0.000,0.747
851000,0.299,0.000,0.701
851500,0.309,0.000,0.691
852000,0.283,0.000,0.717
852500,0.303,0.000,0.697
853000,0.370,0.000,0.630
853500,0.310,0.000,0.690
854000,0.229,0.000,0.771
854500,0.369,0.000,0.631
855000,0.324,0.000,0.676
855500,0.334,0.000,0.666
856000,0.315,0.000,0.685
856500,0.344,0.000,0.656
857000,0.368,0.000,0.632
857500,0.363,0.000,0.637
858000,0.429,0.000,0.571
858500,0.353,0.000,0.647
859000,0.215,0.000,0.785
859500,0.495,0.000,0.505
860000,0.340,0.000,0.660
860500,0.303,0.000,0.697
861000,0.344,0.000,0.656
861500,0.226,0.000,0.774
862000,0.442,0.000,0.558
862500,0.402,0.000,0.598
863000,0.384,0.000,0.616
863500,0.256,0.000,0.744
864000,0.314,0.000,0.686
864500,0.309,0.000,0.691
865000,0.360,0.000,0.640
865500,0.359,0.000,0.641
866000,0.443,0.000,0.557
866500,0.349,0.000,0.651
867000,0.314,0.000,0.686
867500,0.300,0.000,0.700
868000,0.266,0.000,0.734
868500,0.294,0.000,0.706
869000,0.321,0.000,0.679
869500,0.409,0.000,0.591
870000,0.320,0.000,0.680
870500,0.380,0.000,0.620
871000,0.283,0.000,0.717
871500,0.350,0.000,0.650
872000,0.334,0.000,0.666
872500,0.310,0.000,0.690
873000,0.458,0.000,0.542
873500,0.400,0.000,0.600
874000,0.274,0.000,0.726
874500,0.126,0.000,0.874
875000,0.316,0.000,0.684
875500,0.361,0.000,0.639
876000,0.348,0.000,0.652
876500,0.374,0.000,0.626
877000,0.336,0.000,0.664
877500,0.294,0.000,0.706
878000,0.302,0.000,0.698
878500,0.264,0.000,0.736
879000,0.251,0.000,0.749
879500,0.271,0.000,0.729
880000,0.446,0.000,0.554
880500,0.285,0.000,0.715
881000,0.324,0.000,0.676
881500,0.232,0.000,0.768
882000,0.260,0.000,0.740
882500,0.482,0.000,0.518
883000,0.363,0.000,0.637
883500,0.347,0.000,0.653
884000,0.275,0.000,0.725
884500,0.333,0.000,0.667
885000,0.310,0.000,0.690
885500,0.261,0.000,0.739
886000,0.246,0.000,0.754
886500,0.403,0.000,0.597
887000,0.247,0.000,0.753
887500,0.416,0.000,0.584
888000,0.286,0.000,0.714
888500,0.323,0.000,0.677
889000,0.333,0.000,0.667
889500,0.377,0.000,0.623
890000,0.261,0.000,0.739
890500,0.299,0.000,0.701
891000,0.421,0.000,0.579
891500,0.272,0.000,0.728
892000,0.218,0.000,0.782
892500,0.328,0.000,0.672
893000,0.299,0.000,0.701
893500,0.291,0.005,0.704
894000,0.306,0.000,0.694
894500,0.269,0.000,0.731
895000,0.307,0.000,0.693
895500,0.364,0.000,0.636
896000,0.415,0.000,0.585
896500,0.276,0.000,0.724
897000,0.352,0.000,0.648
897500,0.307,0.000,0.693
898000,0.507,0.000,0.493
898500,0.219,0.000,0.781
899000,0.354,0.000,0.646
899500,0.241,0.000,0.759
900000,0.232,0.000,0.768
900500,0.318,0.000,0.682
901000,0.422,0.000,0.578
901500,0.286,0.000,0.714
902000,0.288,0.000,0.712
902500,0.387,0.000,0.613
903000,0.419,0.000,0.581
903500,0.336,0.000,0.664
904000,0.313,0.000,0.687
904500,0.364,0.000,0.636
905000,0.274,0.000,0.726
905500,0.231,0.000,0.769
906000,0.460,0.000,0.540
906500,0.274,0.000,0.726
907000,0.303,0.000,0.697
907500,0.286,0.000,0.714
908000,0.280,0.000,0.720
908500,0.380,0.000,0.620
909000,0.199,0.000,0.801
909500,0.350,0.000,0.650
910000,0.317,0.000,0.683
910500,0.367,0.000,0.633
911000,0.539,0.000,0.461
911500,0.429,0.000,0.571
912000,0.277,0.000,0.723
912500,0.344,0.000,0.656
913000,0.302,0.000,0.698
913500,0.338,0.000,0.662
914000,0.439,0.000,0.561
914500,0.339,0.000,0.661
915000,0.405,0.000,0.595
915500,0.308,0.000,0.692
916000,0.325,0.000,0.675
916500,0.348,0.000,0.652
917000,0.307,0.000,0.693
917500,0.315,0.000,0.685
918000,0.522,0.000,0.478
918500,0.573,0.000,0.427
919000,0.347,0.000,0.653
919500,0.380,0.000,0.620
920000,0.258,0.000,0.742
920500,0.437,0.000,0.563
921000,0.329,0.000,0.671
921500,0.308,0.000,0.692
922000,0.264,0.000,0.736
922500,0.411,0.000,0.589
923000,0.278,0.000,0.722
923500,0.420,0.000,0.580
924000,0.573,0.000,0.427
924500,0.379,0.000,0.621
925000,0.360,0.000,0.640
925500,0.323,0.000,0.677
926000,0.289,0.000,0.711
926500,0.336,0.000,0.664
927000,0.352,0.000,0.648
927500,0.414,0.000,0.586
928000,0.219,0.000,0.781
928500,0.225,0.000,0.775
929000,0.348,0.000,0.652
929500,0.411,0.000,0.589
930000,0.420,0.000,0.580
930500,0.274,0.000,0.726
931000,0.334,0.000,0.666
931500,0.321,0.000,0.679
932000,0.310,0.000,0.690
932500,0.279,0.000,0.721
933000,0.323,0.000,0.677
933500,0.391,0.000,0.609
934000,0.271,0.000,0.729
934500,0.348,0.000,0.652
935000,0.380,0.000,0.620
935500,0.265,0.000,0.735
936000,0.333,0.000,0.667
936500,0.357,0.000,0.643
937000,0.177,0.000,0.823
937500,0.282,0.000,0.718
938000,0.318,0.000,0.682
938500,0.247,0.000,0.753
939000,0.254,0.000,0.746
939500,0.391,0.000,0.609
940000,0.330,0.000,0.670
940500,0.298,0.000,0.702
941000,0.354,0.000,0.646
941500,0.288,0.000,0.712
942000,0.349,0.000,0.651
942500,0.252,0.000,0.748
943000,0.280,0.000,0.720
943500,0.491,0.000,0.509
944000,0.262,0.000,0.738
944500,0.350,0.000,0.650
945000,0.353,0.000,0.647
945500,0.503,0.000,0.497
946000,0.160,0.000,0.840
946500,0.242,0.000,0.758
947000,0.367,0.000,0.633
947500,0.374,0.000,0.626
948000,0.342,0.000,0.658
948500,0.551,0.000,0.449
949000,0.390,0.000,0.610
949500,0.187,0.000,0.813
950000,0.413,0.000,0.587
950500,0.364,0.000,0.636
951000,0.312,0.000,0.688
951500,0.509,0.000,0.491
952000,0.225,0.000,0.775
952500,0.326,0.000,0.674
953000,0.335,0.000,0.665
953500,0.235,0.000,0.765
954000,0.316,0.000,0.684
954500,0.332,0.000,0.668
955000,0.381,0.000,0.619
955500,0.250,0.000,0.750
956000,0.360,0.000,0.640
956500,0.431,0.000,0.569
957000,0.251,0.000,0.749
957500,0.464,0.000,0.536
958000,0.273,0.000,0.727
958500,0.248,0.000,0.752
959000,0.255,0.000,0.745
959500,0.339,0.000,0.661
960000,0.249,0.000,0.751
960500,0.307,0.000,0.693
961000,0.399,0.000,0.601
961500,0.440,0.000,0.560
962000,0.373,0.000,0.627
962500,0.293,0.000,0.707
963000,0.223,0.000,0.777
963500,0.383,0.000,0.617
964000,0.297,0.000,0.703
964500,0.348,0.000,0.652
965000,0.360,0.000,0.640
965500,0.336,0.000,0.664
966000,0.303,0.000,0.697
966500,0.418,0.000,0.582
967000,0.394,0.000,0.606
967500,0.401,0.000,0.599
968000,0.339,0.000,0.661
968500,0.243,0.000,0.757
969000,0.324,0.000,0.676
969500,0.472,0.000,0.528
970000,0.394,0.000,0.606
970500,0.360,0.000,0.640
971000,0.271,0.000,0.729
971500,0.262,0.000,0.738
972000,0.282,0.000,0.718
972500,0.216,0.000,0.784
973000,0.352,0.000,0.648
973500,0.306,0.000,0.694
974000,0.355,0.000,0.645
974500,0.275,0.000,0.725
975000,0.358,0.000,0.642
975500,0.353,0.000,0.647
976000,0.249,0.000,0.751
976500,0.311,0.000,0.689
977000,0.443,0.000,0.557
977500,0.371,0.000,0.629
978000,0.254,0.003,0.743
978500,0.382,0.000,0.618
979000,0.326,0.000,0.674
979500,0.437,0.000,0.563
980000,0.259,0.000,0.741
980500,0.240,0.000,0.760
981000,0.365,0.000,0.635
981500,0.341,0.000,0.659
982000,0.308,0.000,0.692
982500,0.432,0.000,0.568
983000,0.301,0.000,0.699
983500,0.398,0.000,0.602
984000,0.369,0.000,0.631
984500,0.340,0.000,0.660
985000,0.306,0.000,0.694
985500,0.293,0.000,0.707
986000,0.505,0.000,0.495
986500,0.270,0.000,0.730
987000,0.253,0.000,0.747
987500,0.410,0.000,0.590
988000,0.332,0.000,0.668
988500,0.284,0.000,0.716
989000,0.378,0.000,0.622
989500,0.460,0.000,0.540
990000,0.386,0.000,0.614
990500,0.229,0.000,0.771
991000,0.309,0.000,0.691
991500,0.323,0.000,0.677
992000,0.383,0.000,0.617
992500,0.330,0.000,0.670
993000,0.388,0.000,0.612
993500,0.435,0.000,0.565
994000,0.418,0.000,0.582
994500,0.316,0.000,0.684
995000,0.390,0.000,0.610
995500,0.275,0.000,0.725
996000,0.507,0.000,0.493
996500,0.304,0.000,0.696
997000,0.304,0.000,0.696
997500,0.346,0.000,0.654
998000,0.245,0.000,0.755
998500,0.310,0.000,0.690
999000,0.477,0.000,0.523
999500,0.296,0.000,0.704
1000000,0.491,0.000,0.509
