time,n_A+p,n_B,n_AB
500,0.010,0.023,0.967
1000,0.053,0.005,0.942
1500,0.026,0.007,0.967
2000,0.094,0.008,0.898
2500,0.022,0.003,0.975
3000,0.030,0.003,0.967
3500,0.047,0.001,0.952
4000,0.022,0.000,0.978
4500,0.071,0.000,0.929
5000,0.011,0.041,0.948
5500,0.017,0.001,0.982
6000,0.026,0.015,0.959
6500,0.011,0.001,0.988
7000,0.013,0.034,0.953
7500,0.024,0.044,0.932
8000,0.056,0.001,0.943
8500,0.027,0.011,0.962
9000,0.069,0.001,0.930
9500,0.029,0.002,0.969
10000,0.033,0.034,0.933
10500,0.021,0.012,0.967
11000,0.030,0.015,0.955
11500,0.030,0.034,0.936
12000,0.017,0.010,0.973
12500,0.017,0.006,0.977
13000,0.010,0.050,0.940
13500,0.010,0.067,0.923
14000,0.066,0.000,0.934
14500,0.014,0.026,0.960
15000,0.013,0.028,0.959
15500,0.018,0.000,0.982
16000,0.021,0.011,0.968
16500,0.010,0.010,0.980
17000,0.010,0.083,0.907
17500,0.036,0.022,0.942
18000,0.037,0.000,0.963
18500,0.013,0.000,0.987
19000,0.077,0.000,0.923
19500,0.031,0.000,0.969
20000,0.018,0.000,0.982
20500,0.022,0.000,0.978
21000,0.014,0.013,0.973
21500,0.034,0.032,0.934
22000,0.037,0.000,0.963
22500,0.021,0.035,0.944
23000,0.020,0.007,0.973
23500,0.023,0.023,0.954
24000,0.022,0.000,0.978
24500,0.040,0.000,0.960
25000,0.035,0.021,0.944
25500,0.017,0.032,0.951
26000,0.050,0.022,0.928
26500,0.015,0.060,0.925
27000,0.019,0.033,0.948
27500,0.053,0.004,0.943
28000,0.044,0.000,0.956
28500,0.013,0.018,0.969
29000,0.024,0.011,0.965
29500,0.032,0.024,0.944
30000,0.059,0.001,0.940
30500,0.069,0.008,0.923
31000,0.049,0.000,0.951
31500,0.010,0.006,0.984
32000,0.023,0.040,0.937
32500,0.038,0.002,0.960
33000,0.082,0.009,0.909
33500,0.040,0.000,0.960
34000,0.024,0.000,0.976
34500,0.021,0.030,0.949
35000,0.036,0.000,0.964
35500,0.010,0.023,0.967
36000,0.020,0.041,0.939
36500,0.061,0.000,0.939
37000,0.010,0.045,0.945
37500,0.010,0.019,0.971
38000,0.010,0.038,0.952
38500,0.014,0.006,0.980
39000,0.011,0.003,0.986
39500,0.057,0.000,0.943
40000,0.020,0.000,0.980
40500,0.018,0.001,0.981
41000,0.012,0.039,0.949
41500,0.014,0.024,0.962
42000,0.012,0.004,0.984
42500,0.046,0.000,0.954
43000,0.010,0.008,0.982
43500,0.014,0.047,0.939
44000,0.010,0.030,0.960
44500,0.045,0.002,0.953
45000,0.013,0.012,0.975
45500,0.054,0.000,0.946
46000,0.064,0.000,0.936
46500,0.118,0.000,0.882
47000,0.085,0.000,0.915
47500,0.034,0.005,0.961
48000,0.055,0.000,0.945
48500,0.075,0.007,0.918
49000,0.015,0.031,0.954
49500,0.011,0.055,0.934
50000,0.010,0.024,0.966
50500,0.027,0.009,0.964
51000,0.037,0.001,0.962
51500,0.019,0.004,0.977
52000,0.043,0.029,0.928
52500,0.034,0.001,0.965
53000,0.035,0.000,0.965
53500,0.014,0.003,0.983
54000,0.121,0.000,0.879
54500,0.011,0.019,0.970
55000,0.043,0.000,0.957
55500,0.017,0.032,0.951
56000,0.021,0.000,0.979
56500,0.016,0.001,0.983
57000,0.022,0.000,0.978
57500,0.013,0.020,0.967
58000,0.024,0.005,0.971
58500,0.086,0.000,0.914
59000,0.028,0.025,0.947
59500,0.021,0.002,0.977
60000,0.042,0.005,0.953
60500,0.081,0.014,0.905
61000,0.077,0.000,0.923
61500,0.010,0.008,0.982
62000,0.067,0.000,0.933
62500,0.083,0.000,0.917
63000,0.082,0.000,0.918
63500,0.011,0.012,0.977
64000,0.020,0.026,0.954
64500,0.030,0.004,0.966
65000,0.017,0.029,0.954
65500,0.054,0.003,0.943
66000,0.051,0.000,0.949
66500,0.021,0.026,0.953
67000,0.011,0.024,0.965
67500,0.012,0.025,0.963
68000,0.024,0.000,0.976
68500,0.030,0.017,0.953
69000,0.077,0.000,0.923
69500,0.030,0.003,0.967
70000,0.122,0.000,0.878
70500,0.043,0.003,0.954
71000,0.011,0.005,0.984
71500,0.014,0.026,0.960
72000,0.018,0.014,0.968
72500,0.070,0.000,0.930
73000,0.047,0.000,0.953
73500,0.086,0.014,0.900
74000,0.061,0.000,0.939
74500,0.013,0.021,0.966
75000,0.032,0.000,0.968
75500,0.028,0.052,0.920
76000,0.016,0.037,0.947
76500,0.082,0.013,0.905
77000,0.047,0.023,0.930
77500,0.016,0.000,0.984
78000,0.010,0.000,0.990
78500,0.065,0.006,0.929
79000,0.028,0.010,0.962
79500,0.023,0.000,0.977
80000,0.071,0.005,0.924
80500,0.010,0.055,0.935
81000,0.081,0.000,0.919
81500,0.060,0.000,0.940
82000,0.090,0.000,0.910
82500,0.063,0.001,0.936
83000,0.023,0.022,0.955
83500,0.033,0.000,0.967
84000,0.032,0.007,0.961
84500,0.058,0.000,0.942
85000,0.011,0.007,0.982
85500,0.022,0.016,0.962
86000,0.090,0.000,0.910
86500,0.012,0.031,0.957
87000,0.077,0.001,0.922
87500,0.052,0.004,0.944
88000,0.074,0.000,0.926
88500,0.018,0.075,0.907
89000,0.034,0.013,0.953
89500,0.034,0.000,0.966
90000,0.039,0.000,0.961
90500,0.013,0.019,0.968
91000,0.067,0.005,0.928
91500,0.014,0.032,0.954
92000,0.030,0.000,0.970
92500,0.015,0.032,0.953
93000,0.021,0.043,0.936
93500,0.042,0.000,0.958
94000,0.044,0.014,0.942
94500,0.010,0.015,0.975
95000,0.028,0.000,0.972
95500,0.013,0.012,0.975
96000,0.044,0.000,0.956
96500,0.094,0.000,0.906
97000,0.014,0.019,0.967
97500,0.036,0.037,0.927
98000,0.076,0.000,0.924
98500,0.085,0.000,0.915
99000,0.033,0.000,0.967
99500,0.069,0.000,0.931
100000,0.069,0.000,0.931
100500,0.036,0.000,0.964
101000,0.048,0.000,0.952
101500,0.032,0.025,0.943
102000,0.015,0.012,0.973
102500,0.035,0.000,0.965
103000,0.010,0.010,0.980
103500,0.032,0.000,0.968
104000,0.029,0.008,0.963
104500,0.034,0.028,0.938
105000,0.032,0.021,0.947
105500,0.046,0.000,0.954
106000,0.022,0.001,0.977
106500,0.038,0.002,0.960
107000,0.069,0.000,0.931
107500,0.022,0.019,0.959
108000,0.013,0.060,0.927
108500,0.019,0.000,0.981
109000,0.084,0.000,0.916
109500,0.055,0.000,0.945
110000,0.021,0.036,0.943
110500,0.076,0.000,0.924
111000,0.016,0.025,0.959
111500,0.058,0.000,0.942
112000,0.026,0.000,0.974
112500,0.095,0.002,0.903
113000,0.017,0.011,0.972
113500,0.068,0.001,0.931
114000,0.035,0.020,0.945
114500,0.013,0.001,0.986
115000,0.054,0.001,0.945
115500,0.010,0.039,0.951
116000,0.055,0.000,0.945
116500,0.016,0.005,0.979
117000,0.018,0.029,0.953
117500,0.029,0.000,0.971
118000,0.010,0.000,0.990
118500,0.011,0.070,0.919
119000,0.027,0.024,0.949
119500,0.071,0.000,0.929
120000,0.010,0.015,0.975
120500,0.019,0.031,0.950
121000,0.033,0.002,0.965
121500,0.061,0.000,0.939
122000,0.016,0.058,0.926
122500,0.020,0.002,0.978
123000,0.035,0.015,0.950
123500,0.025,0.034,0.941
124000,0.027,0.012,0.961
124500,0.026,0.000,0.974
125000,0.028,0.000,0.972
125500,0.090,0.002,0.908
126000,0.091,0.000,0.909
126500,0.010,0.016,0.974
127000,0.015,0.003,0.982
127500,0.016,0.018,0.966
128000,0.013,0.030,0.957
128500,0.090,0.000,0.910
129000,0.091,0.003,0.906
129500,0.048,0.000,0.952
130000,0.022,0.002,0.976
130500,0.064,0.000,0.936
131000,0.025,0.000,0.975
131500,0.018,0.041,0.941
132000,0.047,0.001,0.952
132500,0.053,0.000,0.947
133000,0.054,0.008,0.938
133500,0.061,0.000,0.939
134000,0.016,0.027,0.957
134500,0.046,0.000,0.954
135000,0.025,0.004,0.971
135500,0.015,0.027,0.958
136000,0.070,0.000,0.930
136500,0.042,0.019,0.939
137000,0.015,0.020,0.965
137500,0.048,0.000,0.952
138000,0.016,0.000,0.984
138500,0.010,0.034,0.956
139000,0.034,0.000,0.966
139500,0.075,0.015,0.910
140000,0.079,0.000,0.921
140500,0.044,0.000,0.956
141000,0.026,0.002,0.972
141500,0.012,0.014,0.974
142000,0.026,0.040,0.934
142500,0.069,0.014,0.917
143000,0.029,0.017,0.954
143500,0.035,0.005,0.960
144000,0.013,0.002,0.985
144500,0.047,0.000,0.953
145000,0.013,0.012,0.975
145500,0.034,0.012,0.954
146000,0.042,0.000,0.958
146500,0.011,0.007,0.982
147000,0.042,0.006,0.952
147500,0.050,0.000,0.950
148000,0.081,0.002,0.917
148500,0.050,0.006,0.944
149000,0.085,0.004,0.911
149500,0.010,0.023,0.967
150000,0.021,0.001,0.978
150500,0.018,0.035,0.947
151000,0.030,0.002,0.968
151500,0.067,0.000,0.933
152000,0.041,0.013,0.946
152500,0.039,0.001,0.960
153000,0.022,0.003,0.975
153500,0.010,0.017,0.973
154000,0.036,0.008,0.956
154500,0.071,0.002,0.927
155000,0.011,0.033,0.956
155500,0.014,0.014,0.972
156000,0.028,0.017,0.955
156500,0.014,0.030,0.956
157000,0.025,0.001,0.974
157500,0.041,0.000,0.959
158000,0.045,0.000,0.955
158500,0.041,0.002,0.957
159000,0.070,0.028,0.902
159500,0.045,0.010,0.945
160000,0.011,0.041,0.948
160500,0.042,0.001,0.957
161000,0.021,0.001,0.978
161500,0.076,0.003,0.921
162000,0.012,0.022,0.966
162500,0.026,0.001,0.973
163000,0.011,0.021,0.968
163500,0.042,0.015,0.943
164000,0.043,0.043,0.914
164500,0.035,0.002,0.963
165000,0.032,0.000,0.968
165500,0.010,0.054,0.936
166000,0.031,0.001,0.968
166500,0.011,0.001,0.988
167000,0.012,0.013,0.975
167500,0.045,0.003,0.952
168000,0.032,0.000,0.968
168500,0.030,0.000,0.970
169000,0.064,0.000,0.936
169500,0.081,0.000,0.919
170000,0.026,0.008,0.966
170500,0.012,0.069,0.919
171000,0.050,0.013,0.937
171500,0.023,0.000,0.977
172000,0.045,0.004,0.951
172500,0.012,0.000,0.988
173000,0.016,0.013,0.971
173500,0.018,0.010,0.972
174000,0.070,0.001,0.929
174500,0.017,0.027,0.956
175000,0.010,0.000,0.990
175500,0.010,0.044,0.946
176000,0.064,0.005,0.931
176500,0.012,0.043,0.945
177000,0.037,0.003,0.960
177500,0.045,0.000,0.955
178000,0.022,0.000,0.978
178500,0.011,0.064,0.925
179000,0.053,0.000,0.947
179500,0.011,0.073,0.916
180000,0.010,0.037,0.953
180500,0.071,0.008,0.921
181000,0.046,0.029,0.925
181500,0.041,0.001,0.958
182000,0.074,0.000,0.926
182500,0.048,0.028,0.924
183000,0.028,0.012,0.960
183500,0.035,0.031,0.934
184000,0.039,0.024,0.937
184500,0.072,0.000,0.928
185000,0.031,0.010,0.959
185500,0.010,0.017,0.973
186000,0.034,0.004,0.962
186500,0.041,0.002,0.957
187000,0.013,0.033,0.954
187500,0.058,0.013,0.929
188000,0.127,0.000,0.873
188500,0.032,0.025,0.943
189000,0.011,0.076,0.913
189500,0.020,0.003,0.977
190000,0.059,0.002,0.939
190500,0.087,0.000,0.913
191000,0.034,0.000,0.966
191500,0.018,0.022,0.960
192000,0.035,0.011,0.954
192500,0.032,0.032,0.936
193000,0.061,0.001,0.938
193500,0.011,0.000,0.989
194000,0.011,0.015,0.974
194500,0.016,0.032,0.952
195000,0.045,0.000,0.955
195500,0.015,0.023,0.962
196000,0.021,0.026,0.953
196500,0.062,0.003,0.935
197000,0.015,0.042,0.943
197500,0.092,0.000,0.908
198000,0.010,0.058,0.932
198500,0.046,0.002,0.952
199000,0.041,0.002,0.957
199500,0.022,0.009,0.969
200000,0.016,0.016,0.968
200500,0.021,0.022,0.957
201000,0.021,0.004,0.975
201500,0.010,0.019,0.971
202000,0.021,0.021,0.958
202500,0.012,0.032,0.956
203000,0.017,0.047,0.936
203500,0.039,0.000,0.961
204000,0.029,0.006,0.965
204500,0.050,0.000,0.950
205000,0.085,0.000,0.915
205500,0.031,0.008,0.961
206000,0.087,0.010,0.903
206500,0.049,0.000,0.951
207000,0.070,0.000,0.930
207500,0.066,0.008,0.926
208000,0.030,0.000,0.970
208500,0.047,0.022,0.931
209000,0.088,0.000,0.912
209500,0.027,0.007,0.966
210000,0.098,0.001,0.901
210500,0.010,0.019,0.971
211000,0.030,0.023,0.947
211500,0.053,0.042,0.905
212000,0.041,0.000,0.959
212500,0.014,0.009,0.977
213000,0.022,0.005,0.973
213500,0.075,0.001,0.924
214000,0.015,0.020,0.965
214500,0.028,0.029,0.943
215000,0.031,0.000,0.969
215500,0.020,0.000,0.980
216000,0.010,0.025,0.965
216500,0.010,0.022,0.968
217000,0.026,0.000,0.974
217500,0.065,0.005,0.930
218000,0.043,0.000,0.957
218500,0.052,0.000,0.948
219000,0.015,0.012,0.973
219500,0.016,0.000,0.984
220000,0.017,0.021,0.962
220500,0.013,0.007,0.980
221000,0.054,0.015,0.931
221500,0.065,0.001,0.934
222000,0.060,0.000,0.940
222500,0.045,0.000,0.955
223000,0.055,0.000,0.945
223500,0.012,0.036,0.952
224000,0.016,0.028,0.956
224500,0.010,0.048,0.942
225000,0.010,0.035,0.955
225500,0.057,0.027,0.916
226000,0.033,0.020,0.947
226500,0.015,0.026,0.959
227000,0.042,0.027,0.931
227500,0.026,0.007,0.967
228000,0.010,0.026,0.964
228500,0.031,0.001,0.968
229000,0.063,0.000,0.937
229500,0.010,0.082,0.908
230000,0.042,0.000,0.958
230500,0.050,0.013,0.937
231000,0.036,0.022,0.942
231500,0.053,0.000,0.947
232000,0.018,0.026,0.956
232500,0.017,0.030,0.953
233000,0.064,0.000,0.936
233500,0.049,0.000,0.951
234000,0.012,0.028,0.960
234500,0.109,0.001,0.890
235000,0.030,0.000,0.970
235500,0.096,0.000,0.904
236000,0.066,0.019,0.915
236500,0.051,0.008,0.941
237000,0.020,0.000,0.980
237500,0.010,0.032,0.958
238000,0.118,0.000,0.882
238500,0.016,0.038,0.946
239000,0.010,0.044,0.946
239500,0.016,0.041,0.943
240000,0.081,0.000,0.919
240500,0.025,0.000,0.975
241000,0.030,0.029,0.941
241500,0.044,0.042,0.914
242000,0.026,0.014,0.960
242500,0.010,0.011,0.979
243000,0.010,0.005,0.985
243500,0.015,0.043,0.942
244000,0.139,0.000,0.861
244500,0.024,0.000,0.976
245000,0.012,0.011,0.977
245500,0.098,0.000,0.902
246000,0.019,0.038,0.943
246500,0.048,0.001,0.951
247000,0.014,0.008,0.978
247500,0.021,0.003,0.976
248000,0.059,0.005,0.936
248500,0.011,0.004,0.985
249000,0.022,0.030,0.948
249500,0.050,0.000,0.950
250000,0.049,0.017,0.934
250500,0.096,0.009,0.895
251000,0.030,0.000,0.970
251500,0.039,0.030,0.931
252000,0.013,0.013,0.974
252500,0.058,0.010,0.932
253000,0.035,0.034,0.931
253500,0.037,0.022,0.941
254000,0.012,0.035,0.953
254500,0.019,0.020,0.961
255000,0.030,0.000,0.970
255500,0.024,0.013,0.963
256000,0.021,0.028,0.951
256500,0.096,0.000,0.904
257000,0.033,0.003,0.964
257500,0.014,0.000,0.986
258000,0.036,0.000,0.964
258500,0.032,0.013,0.955
259000,0.010,0.005,0.985
259500,0.040,0.016,0.944
260000,0.017,0.003,0.980
260500,0.056,0.000,0.944
261000,0.052,0.000,0.948
261500,0.056,0.000,0.944
262000,0.043,0.037,0.920
262500,0.038,0.021,0.941
263000,0.010,0.043,0.947
263500,0.024,0.000,0.976
264000,0.059,0.000,0.941
264500,0.079,0.004,0.917
265000,0.061,0.000,0.939
265500,0.019,0.011,0.970
266000,0.034,0.002,0.964
266500,0.043,0.000,0.957
267000,0.056,0.000,0.944
267500,0.041,0.000,0.959
268000,0.096,0.000,0.904
268500,0.095,0.000,0.905
269000,0.060,0.002,0.938
269500,0.013,0.075,0.912
270000,0.010,0.034,0.956
270500,0.022,0.011,0.967
271000,0.017,0.001,0.982
271500,0.014,0.037,0.949
272000,0.043,0.000,0.957
272500,0.039,0.020,0.941
273000,0.046,0.001,0.953
273500,0.017,0.010,0.973
274000,0.054,0.037,0.909
274500,0.014,0.004,0.982
275000,0.022,0.005,0.973
275500,0.028,0.000,0.972
276000,0.032,0.039,0.929
276500,0.055,0.007,0.938
277000,0.015,0.017,0.968
277500,0.042,0.007,0.951
278000,0.085,0.000,0.915
278500,0.080,0.000,0.920
279000,0.040,0.012,0.948
279500,0.025,0.032,0.943
280000,0.034,0.011,0.955
280500,0.036,0.008,0.956
281000,0.017,0.040,0.943
281500,0.059,0.001,0.940
282000,0.049,0.000,0.951
282500,0.070,0.009,0.921
283000,0.034,0.000,0.966
283500,0.045,0.026,0.929
284000,0.011,0.035,0.954
284500,0.036,0.002,0.962
285000,0.067,0.001,0.932
285500,0.019,0.012,0.969
286000,0.042,0.023,0.935
286500,0.060,0.000,0.940
287000,0.010,0.028,0.962
287500,0.084,0.000,0.916
288000,0.040,0.028,0.932
288500,0.032,0.047,0.921
289000,0.102,0.000,0.898
289500,0.030,0.008,0.962
290000,0.016,0.047,0.937
290500,0.042,0.001,0.957
291000,0.027,0.004,0.969
291500,0.028,0.016,0.956
292000,0.030,0.013,0.957
292500,0.013,0.007,0.980
293000,0.043,0.000,0.957
293500,0.038,0.012,0.950
294000,0.057,0.000,0.943
294500,0.043,0.019,0.938
295000,0.081,0.000,0.919
295500,0.012,0.027,0.961
296000,0.034,0.009,0.957
296500,0.030,0.025,0.945
297000,0.046,0.000,0.954
297500,0.031,0.000,0.969
298000,0.078,0.008,0.914
298500,0.021,0.044,0.935
299000,0.010,0.017,0.973
299500,0.011,0.058,0.931
300000,0.022,0.021,0.957
300500,0.075,0.003,0.922
301000,0.031,0.000,0.969
301500,0.100,0.006,0.894
302000,0.029,0.000,0.971
302500,0.021,0.018,0.961
303000,0.010,0.041,0.949
303500,0.017,0.009,0.974
304000,0.017,0.031,0.952
304500,0.051,0.005,0.944
305000,0.012,0.033,0.955
305500,0.037,0.021,0.942
306000,0.038,0.015,0.947
306500,0.010,0.001,0.989
307000,0.022,0.012,0.966
307500,0.020,0.025,0.955
308000,0.120,0.001,0.879
308500,0.102,0.004,0.894
309000,0.029,0.000,0.971
309500,0.032,0.001,0.967
310000,0.071,0.000,0.929
310500,0.075,0.000,0.925
311000,0.089,0.000,0.911
311500,0.058,0.017,0.925
312000,0.021,0.001,0.978
312500,0.040,0.008,0.952
313000,0.028,0.016,0.956
313500,0.016,0.016,0.968
314000,0.057,0.001,0.942
314500,0.035,0.021,0.944
315000,0.032,0.000,0.968
315500,0.051,0.002,0.947
316000,0.063,0.002,0.935
316500,0.055,0.002,0.943
317000,0.021,0.000,0.979
317500,0.075,0.000,0.925
318000,0.036,0.027,0.937
318500,0.036,0.000,0.964
319000,0.028,0.025,0.947
319500,0.011,0.000,0.989
320000,0.013,0.033,0.954
320500,0.046,0.004,0.950
321000,0.032,0.023,0.945
321500,0.010,0.016,0.974
322000,0.010,0.015,0.975
322500,0.011,0.003,0.986
323000,0.045,0.019,0.936
323500,0.015,0.001,0.984
324000,0.064,0.001,0.935
324500,0.044,0.007,0.949
325000,0.010,0.023,0.967
325500,0.043,0.000,0.957
326000,0.041,0.000,0.959
326500,0.037,0.051,0.912
327000,0.014,0.026,0.960
327500,0.096,0.006,0.898
328000,0.017,0.051,0.932
328500,0.056,0.001,0.943
329000,0.027,0.000,0.973
329500,0.050,0.000,0.950
330000,0.030,0.029,0.941
330500,0.029,0.014,0.957
331000,0.029,0.013,0.958
331500,0.023,0.000,0.977
332000,0.032,0.003,0.965
332500,0.070,0.023,0.907
333000,0.012,0.045,0.943
333500,0.019,0.013,0.968
334000,0.030,0.004,0.966
334500,0.024,0.017,0.959
335000,0.044,0.000,0.956
335500,0.032,0.000,0.968
336000,0.017,0.035,0.948
336500,0.071,0.013,0.916
337000,0.012,0.028,0.960
337500,0.072,0.002,0.926
338000,0.011,0.009,0.980
338500,0.036,0.009,0.955
339000,0.014,0.015,0.971
339500,0.015,0.058,0.927
340000,0.031,0.019,0.950
340500,0.049,0.026,0.925
341000,0.030,0.020,0.950
341500,0.013,0.001,0.986
342000,0.037,0.014,0.949
342500,0.022,0.008,0.970
343000,0.153,0.000,0.847
343500,0.015,0.014,0.971
344000,0.059,0.001,0.940
344500,0.021,0.016,0.963
345000,0.010,0.031,0.959
345500,0.017,0.000,0.983
346000,0.055,0.017,0.928
346500,0.031,0.003,0.966
347000,0.011,0.000,0.989
347500,0.030,0.000,0.970
348000,0.010,0.043,0.947
348500,0.047,0.000,0.953
349000,0.010,0.052,0.938
349500,0.010,0.009,0.981
350000,0.031,0.000,0.969
350500,0.012,0.000,0.988
351000,0.024,0.012,0.964
351500,0.086,0.000,0.914
352000,0.016,0.000,0.984
352500,0.054,0.000,0.946
353000,0.026,0.000,0.974
353500,0.015,0.010,0.975
354000,0.017,0.002,0.981
354500,0.054,0.027,0.919
355000,0.045,0.002,0.953
355500,0.026,0.004,0.970
356000,0.033,0.000,0.967
356500,0.064,0.002,0.934
357000,0.024,0.016,0.960
357500,0.044,0.033,0.923
358000,0.079,0.000,0.921
358500,0.053,0.007,0.940
359000,0.010,0.012,0.978
359500,0.010,0.006,0.984
360000,0.032,0.006,0.962
360500,0.022,0.006,0.972
361000,0.026,0.003,0.971
361500,0.051,0.000,0.949
362000,0.013,0.000,0.987
362500,0.048,0.000,0.952
363000,0.020,0.002,0.978
363500,0.011,0.040,0.949
364000,0.031,0.001,0.968
364500,0.037,0.030,0.933
365000,0.033,0.000,0.967
365500,0.022,0.002,0.976
366000,0.030,0.034,0.936
366500,0.018,0.004,0.978
367000,0.026,0.025,0.949
367500,0.015,0.033,0.952
368000,0.018,0.013,0.969
368500,0.016,0.046,0.938
369000,0.024,0.007,0.969
369500,0.022,0.001,0.977
370000,0.033,0.000,0.967
370500,0.040,0.000,0.960
371000,0.028,0.000,0.972
371500,0.054,0.000,0.946
372000,0.020,0.001,0.979
372500,0.010,0.088,0.902
373000,0.033,0.016,0.951
373500,0.013,0.019,0.968
374000,0.010,0.021,0.969
374500,0.042,0.004,0.954
375000,0.041,0.029,0.930
375500,0.010,0.007,0.983
376000,0.010,0.012,0.978
376500,0.013,0.026,0.961
377000,0.036,0.000,0.964
377500,0.011,0.025,0.964
378000,0.010,0.038,0.952
378500,0.016,0.006,0.978
379000,0.034,0.001,0.965
379500,0.024,0.000,0.976
380000,0.028,0.025,0.947
380500,0.010,0.024,0.966
381000,0.012,0.005,0.983
381500,0.054,0.000,0.946
382000,0.037,0.002,0.961
382500,0.027,0.018,0.955
383000,0.027,0.006,0.967
383500,0.032,0.022,0.946
384000,0.088,0.001,0.911
384500,0.035,0.000,0.965
385000,0.021,0.003,0.976
385500,0.016,0.002,0.982
386000,0.052,0.000,0.948
386500,0.041,0.000,0.959
387000,0.062,0.000,0.938
387500,0.034,0.034,0.932
388000,0.031,0.002,0.967
388500,0.042,0.003,0.955
389000,0.010,0.025,0.965
389500,0.041,0.037,0.922
390000,0.032,0.012,0.956
390500,0.056,0.000,0.944
391000,0.055,0.000,0.945
391500,0.063,0.000,0.937
392000,0.053,0.006,0.941
392500,0.045,0.000,0.955
393000,0.030,0.000,0.970
393500,0.073,0.009,0.918
394000,0.035,0.002,0.963
394500,0.033,0.000,0.967
395000,0.026,0.028,0.946
395500,0.052,0.007,0.941
396000,0.029,0.001,0.970
396500,0.013,0.000,0.987
397000,0.034,0.054,0.912
397500,0.052,0.000,0.948
398000,0.025,0.000,0.975
398500,0.010,0.053,0.937
399000,0.011,0.032,0.957
399500,0.094,0.000,0.906
400000,0.012,0.001,0.987
400500,0.064,0.000,0.936
401000,0.014,0.013,0.973
401500,0.030,0.008,0.962
402000,0.013,0.007,0.980
402500,0.010,0.001,0.989
403000,0.057,0.002,0.941
403500,0.018,0.047,0.935
404000,0.062,0.010,0.928
404500,0.022,0.000,0.978
405000,0.052,0.007,0.941
405500,0.049,0.014,0.937
406000,0.067,0.003,0.930
406500,0.029,0.000,0.971
407000,0.032,0.000,0.968
407500,0.011,0.013,0.976
408000,0.032,0.009,0.959
408500,0.010,0.029,0.961
409000,0.062,0.033,0.905
409500,0.011,0.000,0.989
410000,0.080,0.000,0.920
410500,0.075,0.000,0.925
411000,0.044,0.024,0.932
411500,0.030,0.000,0.970
412000,0.093,0.000,0.907
412500,0.014,0.000,0.986
413000,0.012,0.023,0.965
413500,0.044,0.000,0.956
414000,0.010,0.016,0.974
414500,0.020,0.000,0.980
415000,0.017,0.040,0.943
415500,0.031,0.000,0.969
416000,0.047,0.004,0.949
416500,0.037,0.002,0.961
417000,0.021,0.008,0.971
417500,0.056,0.013,0.931
418000,0.033,0.000,0.967
418500,0.011,0.050,0.939
419000,0.023,0.005,0.972
419500,0.027,0.000,0.973
420000,0.013,0.011,0.976
420500,0.013,0.006,0.981
421000,0.042,0.039,0.919
421500,0.068,0.005,0.927
422000,0.038,0.000,0.962
422500,0.013,0.000,0.987
423000,0.067,0.002,0.931
423500,0.014,0.020,0.966
424000,0.056,0.001,0.943
424500,0.079,0.001,0.920
425000,0.052,0.002,0.946
425500,0.038,0.025,0.937
426000,0.011,0.000,0.989
426500,0.031,0.000,0.969
427000,0.010,0.009,0.981
427500,0.014,0.000,0.986
428000,0.025,0.015,0.960
428500,0.026,0.020,0.954
429000,0.101,0.000,0.899
429500,0.019,0.003,0.978
430000,0.069,0.001,0.930
430500,0.029,0.033,0.938
431000,0.023,0.000,0.977
431500,0.016,0.015,0.969
432000,0.043,0.000,0.957
432500,0.020,0.006,0.974
433000,0.044,0.000,0.956
433500,0.013,0.000,0.987
434000,0.059,0.000,0.941
434500,0.054,0.000,0.946
435000,0.071,0.000,0.929
435500,0.111,0.028,0.861
436000,0.020,0.029,0.951
436500,0.042,0.013,0.945
437000,0.012,0.052,0.936
437500,0.053,0.000,0.947
438000,0.020,0.000,0.980
438500,0.025,0.035,0.940
439000,0.027,0.000,0.973
439500,0.022,0.020,0.958
440000,0.035,0.001,0.964
440500,0.030,0.062,0.908
441000,0.016,0.034,0.950
441500,0.054,0.000,0.946
442000,0.056,0.000,0.944
442500,0.040,0.001,0.959
443000,0.078,0.006,0.916
443500,0.048,0.001,0.951
444000,0.050,0.000,0.950
444500,0.031,0.014,0.955
445000,0.047,0.010,0.943
445500,0.012,0.013,0.975
446000,0.048,0.013,0.939
446500,0.073,0.008,0.919
447000,0.010,0.030,0.960
447500,0.010,0.053,0.937
448000,0.014,0.001,0.985
448500,0.022,0.051,0.927
449000,0.028,0.025,0.947
449500,0.042,0.001,0.957
450000,0.010,0.012,0.978
450500,0.010,0.021,0.969
451000,0.061,0.000,0.939
451500,0.080,0.015,0.905
452000,0.147,0.000,0.853
452500,0.049,0.000,0.951
453000,0.036,0.000,0.964
453500,0.115,0.000,0.885
454000,0.043,0.003,0.954
454500,0.016,0.000,0.984
455000,0.058,0.000,0.942
455500,0.071,0.003,0.926
456000,0.018,0.024,0.958
456500,0.064,0.000,0.936
457000,0.014,0.027,0.959
457500,0.040,0.001,0.959
458000,0.094,0.001,0.905
458500,0.034,0.000,0.966
459000,0.065,0.000,0.935
459500,0.042,0.039,0.919
460000,0.030,0.000,0.970
460500,0.010,0.011,0.979
461000,0.071,0.000,0.929
461500,0.031,0.016,0.953
462000,0.025,0.001,0.974
462500,0.064,0.000,0.936
463000,0.012,0.004,0.984
463500,0.025,0.021,0.954
464000,0.012,0.009,0.979
464500,0.130,0.000,0.870
465000,0.041,0.007,0.952
465500,0.027,0.017,0.956
466000,0.020,0.000,0.980
466500,0.010,0.026,0.964
467000,0.021,0.018,0.961
467500,0.026,0.005,0.969
468000,0.041,0.000,0.959
468500,0.074,0.025,0.901
469000,0.029,0.000,0.971
469500,0.031,0.001,0.968
470000,0.019,0.001,0.980
470500,0.074,0.000,0.926
471000,0.067,0.000,0.933
471500,0.011,0.015,0.974
472000,0.023,0.025,0.952
472500,0.040,0.000,0.960
473000,0.059,0.001,0.940
473500,0.047,0.000,0.953
474000,0.103,0.002,0.895
474500,0.026,0.002,0.972
475000,0.026,0.000,0.974
475500,0.010,0.022,0.968
476000,0.010,0.025,0.965
476500,0.010,0.022,0.968
477000,0.029,0.013,0.958
477500,0.016,0.000,0.984
478000,0.044,0.015,0.941
478500,0.041,0.001,0.958
479000,0.058,0.001,0.941
479500,0.093,0.000,0.907
480000,0.027,0.000,0.973
480500,0.045,0.001,0.954
481000,0.082,0.000,0.918
481500,0.012,0.010,0.978
482000,0.023,0.028,0.949
482500,0.011,0.009,0.980
483000,0.098,0.000,0.902
483500,0.010,0.041,0.949
484000,0.011,0.021,0.968
484500,0.012,0.005,0.983
485000,0.089,0.001,0.910
485500,0.025,0.006,0.969
486000,0.022,0.035,0.943
486500,0.039,0.000,0.961
487000,0.144,0.000,0.856
487500,0.010,0.004,0.986
488000,0.023,0.007,0.970
488500,0.044,0.035,0.921
489000,0.075,0.000,0.925
489500,0.084,0.000,0.916
490000,0.019,0.024,0.957
490500,0.053,0.000,0.947
491000,0.010,0.015,0.975
491500,0.011,0.008,0.981
492000,0.026,0.000,0.974
492500,0.016,0.000,0.984
493000,0.078,0.000,0.922
493500,0.017,0.006,0.977
494000,0.011,0.009,0.980
494500,0.021,0.000,0.979
495000,0.047,0.000,0.953
495500,0.018,0.053,0.929
496000,0.095,0.000,0.905
496500,0.070,0.031,0.899
497000,0.061,0.010,0.929
497500,0.101,0.000,0.899
498000,0.050,0.011,0.939
498500,0.041,0.002,0.957
499000,0.037,0.000,0.963
499500,0.082,0.000,0.918
500000,0.030,0.000,0.970
500500,0.038,0.000,0.962
501000,0.012,0.054,0.934
501500,0.035,0.007,0.958
502000,0.059,0.000,0.941
502500,0.058,0.000,0.942
503000,0.010,0.035,0.955
503500,0.010,0.004,0.986
504000,0.010,0.017,0.973
504500,0.060,0.002,0.938
505000,0.011,0.038,0.951
505500,0.063,0.000,0.937
506000,0.042,0.000,0.958
506500,0.084,0.002,0.914
507000,0.082,0.000,0.918
507500,0.063,0.000,0.937
508000,0.073,0.003,0.924
508500,0.055,0.000,0.945
509000,0.010,0.037,0.953
509500,0.062,0.000,0.938
510000,0.018,0.019,0.963
510500,0.067,0.021,0.912
511000,0.010,0.051,0.939
511500,0.020,0.005,0.975
512000,0.016,0.014,0.970
512500,0.064,0.004,0.932
513000,0.010,0.008,0.982
513500,0.037,0.001,0.962
514000,0.045,0.000,0.955
514500,0.026,0.033,0.941
515000,0.033,0.011,0.956
515500,0.066,0.000,0.934
516000,0.062,0.000,0.938
516500,0.035,0.000,0.965
517000,0.057,0.000,0.943
517500,0.055,0.000,0.945
518000,0.017,0.013,0.970
518500,0.023,0.000,0.977
519000,0.094,0.006,0.900
519500,0.029,0.040,0.931
520000,0.033,0.012,0.955
520500,0.028,0.014,0.958
521000,0.015,0.000,0.985
521500,0.023,0.000,0.977
522000,0.035,0.009,0.956
522500,0.011,0.021,0.968
523000,0.015,0.001,0.984
523500,0.058,0.000,0.942
524000,0.075,0.000,0.925
524500,0.020,0.000,0.980
525000,0.052,0.001,0.947
525500,0.011,0.023,0.966
526000,0.057,0.001,0.942
526500,0.070,0.000,0.930
527000,0.078,0.000,0.922
527500,0.014,0.000,0.986
528000,0.013,0.011,0.976
528500,0.010,0.002,0.988
529000,0.054,0.025,0.921
529500,0.152,0.000,0.848
530000,0.036,0.037,0.927
530500,0.055,0.001,0.944
531000,0.019,0.033,0.948
531500,0.029,0.036,0.935
532000,0.045,0.003,0.952
532500,0.067,0.000,0.933
533000,0.014,0.006,0.980
533500,0.064,0.006,0.930
534000,0.056,0.000,0.944
534500,0.010,0.038,0.952
535000,0.071,0.003,0.926
535500,0.063,0.000,0.937
536000,0.086,0.000,0.914
536500,0.040,0.000,0.960
537000,0.041,0.000,0.959
537500,0.038,0.000,0.962
538000,0.066,0.005,0.929
538500,0.032,0.001,0.967
539000,0.010,0.018,0.972
539500,0.025,0.010,0.965
540000,0.028,0.000,0.972
540500,0.035,0.001,0.964
541000,0.014,0.055,0.931
541500,0.014,0.022,0.964
542000,0.013,0.051,0.936
542500,0.091,0.001,0.908
543000,0.021,0.000,0.979
543500,0.029,0.000,0.971
544000,0.015,0.017,0.968
544500,0.017,0.066,0.917
545000,0.011,0.017,0.972
545500,0.108,0.003,0.889
546000,0.024,0.019,0.957
546500,0.089,0.000,0.911
547000,0.096,0.006,0.898
547500,0.011,0.043,0.946
548000,0.064,0.000,0.936
548500,0.012,0.105,0.883
549000,0.034,0.008,0.958
549500,0.042,0.045,0.913
550000,0.068,0.000,0.932
550500,0.072,0.001,0.927
551000,0.018,0.008,0.974
551500,0.015,0.017,0.968
552000,0.014,0.002,0.984
552500,0.020,0.000,0.980
553000,0.011,0.018,0.971
553500,0.044,0.001,0.955
554000,0.040,0.012,0.948
554500,0.061,0.000,0.939
555000,0.039,0.001,0.960
555500,0.010,0.037,0.953
556000,0.035,0.013,0.952
556500,0.060,0.007,0.933
557000,0.030,0.000,0.970
557500,0.047,0.005,0.948
558000,0.011,0.022,0.967
558500,0.024,0.024,0.952
559000,0.043,0.007,0.950
559500,0.034,0.021,0.945
560000,0.015,0.005,0.980
560500,0.016,0.023,0.961
561000,0.026,0.000,0.974
561500,0.042,0.001,0.957
562000,0.063,0.010,0.927
562500,0.039,0.013,0.948
563000,0.018,0.043,0.939
563500,0.020,0.000,0.980
564000,0.039,0.000,0.961
564500,0.074,0.004,0.922
565000,0.048,0.015,0.937
565500,0.064,0.000,0.936
566000,0.030,0.015,0.955
566500,0.051,0.000,0.949
567000,0.025,0.012,0.963
567500,0.043,0.013,0.944
568000,0.030,0.000,0.970
568500,0.025,0.003,0.972
569000,0.010,0.042,0.948
569500,0.018,0.028,0.954
570000,0.029,0.004,0.967
570500,0.015,0.053,0.932
571000,0.016,0.007,0.977
571500,0.048,0.000,0.952
572000,0.011,0.010,0.979
572500,0.015,0.015,0.970
573000,0.044,0.000,0.956
573500,0.053,0.002,0.945
574000,0.054,0.019,0.927
574500,0.125,0.001,0.874
575000,0.025,0.020,0.955
575500,0.066,0.000,0.934
576000,0.018,0.012,0.970
576500,0.051,0.000,0.949
577000,0.030,0.013,0.957
577500,0.015,0.059,0.926
578000,0.034,0.000,0.966
578500,0.027,0.003,0.970
579000,0.024,0.034,0.942
579500,0.010,0.032,0.958
580000,0.031,0.000,0.969
580500,0.028,0.047,0.925
581000,0.046,0.005,0.949
581500,0.038,0.000,0.962
582000,0.011,0.066,0.923
582500,0.061,0.000,0.939
583000,0.022,0.064,0.914
583500,0.010,0.005,0.985
584000,0.010,0.107,0.883
584500,0.015,0.048,0.937
585000,0.060,0.004,0.936
585500,0.084,0.000,0.916
586000,0.011,0.055,0.934
586500,0.024,0.007,0.969
587000,0.010,0.035,0.955
587500,0.043,0.000,0.957
588000,0.051,0.000,0.949
588500,0.011,0.029,0.960
589000,0.019,0.018,0.963
589500,0.048,0.010,0.942
590000,0.072,0.009,0.919
590500,0.017,0.004,0.979
591000,0.032,0.007,0.961
591500,0.010,0.015,0.975
592000,0.037,0.001,0.962
592500,0.088,0.000,0.912
593000,0.043,0.000,0.957
593500,0.031,0.004,0.965
594000,0.075,0.000,0.925
594500,0.030,0.021,0.949
595000,0.012,0.011,0.977
595500,0.059,0.008,0.933
596000,0.012,0.004,0.984
596500,0.028,0.000,0.972
597000,0.011,0.010,0.979
597500,0.047,0.001,0.952
598000,0.011,0.024,0.965
598500,0.066,0.000,0.934
599000,0.010,0.017,0.973
599500,0.011,0.014,0.975
600000,0.052,0.000,0.948
600500,0.011,0.041,0.948
601000,0.036,0.001,0.963
601500,0.010,0.066,0.924
602000,0.018,0.023,0.959
602500,0.071,0.000,0.929
603000,0.018,0.024,0.958
603500,0.050,0.000,0.950
604000,0.015,0.021,0.964
604500,0.030,0.001,0.969
605000,0.067,0.000,0.933
605500,0.045,0.015,0.940
606000,0.017,0.010,0.973
606500,0.017,0.012,0.971
607000,0.012,0.052,0.936
607500,0.012,0.036,0.952
608000,0.039,0.006,0.955
608500,0.088,0.000,0.912
609000,0.039,0.011,0.950
609500,0.030,0.000,0.970
610000,0.011,0.023,0.966
610500,0.015,0.017,0.968
611000,0.033,0.000,0.967
611500,0.010,0.007,0.983
612000,0.013,0.009,0.978
612500,0.062,0.000,0.938
613000,0.057,0.000,0.943
613500,0.023,0.002,0.975
614000,0.039,0.022,0.939
614500,0.069,0.000,0.931
615000,0.078,0.000,0.922
615500,0.014,0.076,0.910
616000,0.010,0.067,0.923
616500,0.082,0.000,0.918
617000,0.050,0.030,0.920
617500,0.049,0.008,0.943
618000,0.018,0.000,0.982
618500,0.017,0.030,0.953
619000,0.026,0.003,0.971
619500,0.012,0.022,0.966
620000,0.015,0.032,0.953
620500,0.072,0.000,0.928
621000,0.029,0.025,0.946
621500,0.071,0.006,0.923
622000,0.030,0.000,0.970
622500,0.036,0.001,0.963
623000,0.045,0.002,0.953
623500,0.010,0.042,0.948
624000,0.034,0.026,0.940
624500,0.013,0.038,0.949
625000,0.071,0.000,0.929
625500,0.022,0.010,0.968
626000,0.068,0.017,0.915
626500,0.069,0.000,0.931
627000,0.022,0.001,0.977
627500,0.096,0.000,0.904
628000,0.065,0.000,0.935
628500,0.012,0.003,0.985
629000,0.034,0.003,0.963
629500,0.039,0.004,0.957
630000,0.013,0.055,0.932
630500,0.026,0.001,0.973
631000,0.020,0.053,0.927
631500,0.104,0.000,0.896
632000,0.047,0.004,0.949
632500,0.036,0.005,0.959
633000,0.028,0.008,0.964
633500,0.046,0.001,0.953
634000,0.026,0.000,0.974
634500,0.067,0.000,0.933
635000,0.035,0.017,0.948
635500,0.051,0.000,0.949
636000,0.013,0.042,0.945
636500,0.073,0.000,0.927
637000,0.014,0.036,0.950
637500,0.046,0.002,0.952
638000,0.055,0.003,0.942
638500,0.032,0.000,0.968
639000,0.024,0.003,0.973
639500,0.013,0.000,0.987
640000,0.025,0.016,0.959
640500,0.053,0.000,0.947
641000,0.016,0.084,0.900
641500,0.082,0.000,0.918
642000,0.013,0.041,0.946
642500,0.028,0.000,0.972
643000,0.011,0.045,0.944
643500,0.020,0.000,0.980
644000,0.032,0.007,0.961
644500,0.014,0.017,0.969
645000,0.024,0.000,0.976
645500,0.011,0.049,0.940
646000,0.075,0.000,0.925
646500,0.059,0.001,0.940
647000,0.018,0.017,0.965
647500,0.037,0.001,0.962
648000,0.016,0.033,0.951
648500,0.010,0.012,0.978
649000,0.011,0.000,0.989
649500,0.051,0.030,0.919
650000,0.036,0.000,0.964
650500,0.087,0.000,0.913
651000,0.123,0.000,0.877
651500,0.029,0.000,0.971
652000,0.069,0.002,0.929
652500,0.053,0.000,0.947
653000,0.038,0.003,0.959
653500,0.017,0.004,0.979
654000,0.065,0.000,0.935
654500,0.056,0.000,0.944
655000,0.018,0.010,0.972
655500,0.063,0.013,0.924
656000,0.029,0.045,0.926
656500,0.013,0.057,0.930
657000,0.030,0.004,0.966
657500,0.010,0.006,0.984
658000,0.028,0.049,0.923
658500,0.087,0.000,0.913
659000,0.068,0.007,0.925
659500,0.080,0.000,0.920
660000,0.052,0.029,0.919
660500,0.012,0.009,0.979
661000,0.076,0.005,0.919
661500,0.063,0.003,0.934
662000,0.068,0.000,0.932
662500,0.029,0.014,0.957
663000,0.038,0.002,0.960
663500,0.013,0.005,0.982
664000,0.040,0.014,0.946
664500,0.010,0.016,0.974
665000,0.025,0.002,0.973
665500,0.049,0.022,0.929
666000,0.030,0.020,0.950
666500,0.014,0.006,0.980
667000,0.055,0.005,0.940
667500,0.072,0.000,0.928
668000,0.014,0.023,0.963
668500,0.036,0.005,0.959
669000,0.040,0.000,0.960
669500,0.079,0.001,0.920
670000,0.014,0.011,0.975
670500,0.059,0.001,0.940
671000,0.054,0.012,0.934
671500,0.010,0.014,0.976
672000,0.032,0.032,0.936
672500,0.035,0.000,0.965
673000,0.061,0.006,0.933
673500,0.036,0.008,0.956
674000,0.012,0.041,0.947
674500,0.010,0.047,0.943
675000,0.038,0.011,0.951
675500,0.026,0.016,0.958
676000,0.034,0.004,0.962
676500,0.029,0.001,0.970
677000,0.065,0.001,0.934
677500,0.017,0.016,0.967
678000,0.010,0.037,0.953
678500,0.034,0.010,0.956
679000,0.036,0.004,0.960
679500,0.012,0.013,0.975
680000,0.012,0.031,0.957
680500,0.031,0.012,0.957
681000,0.103,0.001,0.896
681500,0.022,0.015,0.963
682000,0.082,0.000,0.918
682500,0.013,0.002,0.985
683000,0.031,0.006,0.963
683500,0.055,0.012,0.933
684000,0.047,0.000,0.953
684500,0.048,0.000,0.952
685000,0.010,0.018,0.972
685500,0.041,0.000,0.959
686000,0.011,0.063,0.926
686500,0.045,0.035,0.920
687000,0.110,0.006,0.884
687500,0.069,0.000,0.931
688000,0.079,0.019,0.902
688500,0.111,0.002,0.887
689000,0.011,0.011,0.978
689500,0.018,0.037,0.945
690000,0.010,0.004,0.986
690500,0.010,0.028,0.962
691000,0.016,0.016,0.968
691500,0.021,0.012,0.967
692000,0.015,0.000,0.985
692500,0.031,0.001,0.968
693000,0.045,0.000,0.955
693500,0.043,0.033,0.924
694000,0.026,0.000,0.974
694500,0.042,0.000,0.958
695000,0.011,0.017,0.972
695500,0.015,0.000,0.985
696000,0.016,0.017,0.967
696500,0.058,0.000,0.942
697000,0.012,0.003,0.985
697500,0.043,0.049,0.908
698000,0.011,0.024,0.965
698500,0.011,0.023,0.966
699000,0.010,0.034,0.956
699500,0.095,0.000,0.905
700000,0.015,0.021,0.964
700500,0.044,0.000,0.956
701000,0.052,0.000,0.948
701500,0.043,0.009,0.948
702000,0.012,0.039,0.949
702500,0.016,0.044,0.940
703000,0.060,0.006,0.934
703500,0.022,0.033,0.945
704000,0.065,0.000,0.935
704500,0.020,0.025,0.955
705000,0.026,0.002,0.972
705500,0.031,0.012,0.957
706000,0.108,0.000,0.892
706500,0.013,0.011,0.976
707000,0.089,0.002,0.909
707500,0.089,0.004,0.907
708000,0.067,0.011,0.922
708500,0.044,0.000,0.956
709000,0.040,0.000,0.960
709500,0.048,0.026,0.926
710000,0.054,0.026,0.920
710500,0.021,0.000,0.979
711000,0.017,0.006,0.977
711500,0.055,0.021,0.924
712000,0.027,0.000,0.973
712500,0.028,0.009,0.963
713000,0.129,0.000,0.871
713500,0.065,0.000,0.935
714000,0.066,0.009,0.925
714500,0.010,0.023,0.967
715000,0.027,0.006,0.967
715500,0.121,0.000,0.879
716000,0.020,0.037,0.943
716500,0.059,0.000,0.941
717000,0.054,0.000,0.946
717500,0.011,0.005,0.984
718000,0.016,0.010,0.974
718500,0.050,0.000,0.950
719000,0.028,0.012,0.960
719500,0.029,0.001,0.970
720000,0.045,0.000,0.955
720500,0.012,0.003,0.985
721000,0.018,0.017,0.965
721500,0.010,0.025,0.965
722000,0.029,0.001,0.970
722500,0.042,0.019,0.939
723000,0.087,0.000,0.913
723500,0.073,0.000,0.927
724000,0.028,0.003,0.969
724500,0.045,0.008,0.947
725000,0.043,0.002,0.955
725500,0.010,0.015,0.975
726000,0.047,0.000,0.953
726500,0.032,0.018,0.950
727000,0.051,0.006,0.943
727500,0.038,0.010,0.952
728000,0.027,0.000,0.973
728500,0.042,0.004,0.954
729000,0.018,0.003,0.979
729500,0.033,0.000,0.967
730000,0.014,0.000,0.986
730500,0.043,0.000,0.957
731000,0.045,0.000,0.955
731500,0.054,0.001,0.945
732000,0.079,0.000,0.921
732500,0.029,0.000,0.971
733000,0.045,0.000,0.955
733500,0.076,0.012,0.912
734000,0.032,0.012,0.956
734500,0.060,0.000,0.940
735000,0.029,0.015,0.956
735500,0.010,0.033,0.957
736000,0.013,0.036,0.951
736500,0.010,0.014,0.976
737000,0.033,0.000,0.967
737500,0.021,0.003,0.976
738000,0.027,0.002,0.971
738500,0.010,0.012,0.978
739000,0.017,0.025,0.958
739500,0.040,0.003,0.957
740000,0.028,0.000,0.972
740500,0.076,0.000,0.924
741000,0.017,0.034,0.949
741500,0.037,0.008,0.955
742000,0.040,0.006,0.954
742500,0.022,0.002,0.976
743000,0.010,0.032,0.958
743500,0.028,0.011,0.961
744000,0.033,0.025,0.942
744500,0.018,0.009,0.973
745000,0.016,0.000,0.984
745500,0.011,0.053,0.936
746000,0.038,0.000,0.962
746500,0.046,0.000,0.954
747000,0.026,0.000,0.974
747500,0.047,0.000,0.953
748000,0.010,0.075,0.915
748500,0.014,0.001,0.985
749000,0.020,0.001,0.979
749500,0.043,0.000,0.957
750000,0.087,0.000,0.913
750500,0.023,0.000,0.977
751000,0.033,0.031,0.936
751500,0.043,0.054,0.903
752000,0.012,0.023,0.965
752500,0.016,0.000,0.984
753000,0.035,0.000,0.965
753500,0.020,0.021,0.959
754000,0.027,0.002,0.971
754500,0.017,0.015,0.968
755000,0.020,0.000,0.980
755500,0.017,0.003,0.980
756000,0.035,0.000,0.965
756500,0.036,0.000,0.964
757000,0.049,0.004,0.947
757500,0.013,0.016,0.971
758000,0.034,0.038,0.928
758500,0.077,0.001,0.922
759000,0.031,0.006,0.963
759500,0.025,0.000,0.975
760000,0.035,0.003,0.962
760500,0.031,0.002,0.967
761000,0.032,0.000,0.968
761500,0.014,0.004,0.982
762000,0.045,0.000,0.955
762500,0.012,0.044,0.944
763000,0.040,0.000,0.960
763500,0.066,0.000,0.934
764000,0.052,0.011,0.937
764500,0.067,0.019,0.914
765000,0.040,0.005,0.955
765500,0.093,0.000,0.907
766000,0.033,0.000,0.967
766500,0.050,0.002,0.948
767000,0.025,0.000,0.975
767500,0.053,0.000,0.947
768000,0.016,0.000,0.984
768500,0.069,0.007,0.924
769000,0.037,0.000,0.963
769500,0.056,0.000,0.944
770000,0.013,0.021,0.966
770500,0.049,0.004,0.947
771000,0.094,0.000,0.906
771500,0.015,0.004,0.981
772000,0.011,0.000,0.989
772500,0.023,0.006,0.971
773000,0.040,0.023,0.937
773500,0.123,0.002,0.875
774000,0.052,0.003,0.945
774500,0.029,0.036,0.935
775000,0.029,0.000,0.971
775500,0.032,0.016,0.952
776000,0.036,0.000,0.964
776500,0.028,0.000,0.972
777000,0.010,0.045,0.945
777500,0.038,0.004,0.958
778000,0.017,0.005,0.978
778500,0.092,0.000,0.908
779000,0.010,0.008,0.982
779500,0.010,0.063,0.927
780000,0.016,0.039,0.945
780500,0.026,0.003,0.971
781000,0.104,0.000,0.896
781500,0.031,0.000,0.969
782000,0.011,0.016,0.973
782500,0.058,0.000,0.942
783000,0.010,0.021,0.969
783500,0.028,0.000,0.972
784000,0.016,0.019,0.965
784500,0.024,0.000,0.976
785000,0.021,0.030,0.949
785500,0.027,0.000,0.973
786000,0.010,0.020,0.970
786500,0.010,0.018,0.972
787000,0.069,0.002,0.929
787500,0.019,0.000,0.981
788000,0.064,0.033,0.903
788500,0.010,0.007,0.983
789000,0.070,0.006,0.924
789500,0.016,0.018,0.966
790000,0.033,0.000,0.967
790500,0.117,0.001,0.882
791000,0.010,0.053,0.937
791500,0.074,0.000,0.926
792000,0.048,0.001,0.951
792500,0.027,0.000,0.973
793000,0.014,0.025,0.961
793500,0.010,0.069,0.921
794000,0.029,0.000,0.971
794500,0.033,0.000,0.967
795000,0.050,0.004,0.946
795500,0.030,0.028,0.942
796000,0.068,0.007,0.925
796500,0.073,0.007,0.920
797000,0.046,0.070,0.884
797500,0.015,0.001,0.984
798000,0.013,0.041,0.946
798500,0.026,0.006,0.968
799000,0.036,0.000,0.964
799500,0.072,0.004,0.924
800000,0.086,0.005,0.909
800500,0.022,0.000,0.978
801000,0.059,0.013,0.928
801500,0.079,0.015,0.906
802000,0.030,0.011,0.959
802500,0.034,0.004,0.962
803000,0.029,0.001,0.970
803500,0.030,0.001,0.969
804000,0.033,0.000,0.967
804500,0.010,0.008,0.982
805000,0.038,0.001,0.961
805500,0.092,0.001,0.907
806000,0.026,0.001,0.973
806500,0.049,0.000,0.951
807000,0.100,0.000,0.900
807500,0.020,0.037,0.943
808000,0.039,0.000,0.961
808500,0.052,0.003,0.945
809000,0.052,0.001,0.947
809500,0.010,0.053,0.937
810000,0.064,0.010,0.926
810500,0.048,0.013,0.939
811000,0.084,0.000,0.916
811500,0.011,0.000,0.989
812000,0.010,0.017,0.973
812500,0.026,0.049,0.925
813000,0.011,0.037,0.952
813500,0.065,0.021,0.914
814000,0.034,0.020,0.946
814500,0.081,0.001,0.918
815000,0.027,0.000,0.973
815500,0.017,0.012,0.971
816000,0.046,0.001,0.953
816500,0.015,0.083,0.902
817000,0.015,0.000,0.985
817500,0.019,0.034,0.947
818000,0.023,0.027,0.950
818500,0.031,0.000,0.969
819000,0.058,0.000,0.942
819500,0.033,0.002,0.965
820000,0.055,0.000,0.945
820500,0.012,0.016,0.972
821000,0.050,0.000,0.950
821500,0.024,0.015,0.961
822000,0.029,0.000,0.971
822500,0.050,0.000,0.950
823000,0.047,0.000,0.953
823500,0.010,0.009,0.981
824000,0.058,0.008,0.934
824500,0.010,0.041,0.949
825000,0.023,0.005,0.972
825500,0.017,0.031,0.952
826000,0.027,0.000,0.973
826500,0.010,0.061,0.929
827000,0.030,0.001,0.969
827500,0.065,0.000,0.935
828000,0.011,0.011,0.978
828500,0.115,0.000,0.885
829000,0.062,0.026,0.912
829500,0.031,0.000,0.969
830000,0.035,0.001,0.964
830500,0.057,0.000,0.943
831000,0.037,0.000,0.963
831500,0.089,0.000,0.911
832000,0.095,0.001,0.904
832500,0.014,0.054,0.932
833000,0.019,0.007,0.974
833500,0.077,0.000,0.923
834000,0.034,0.000,0.966
834500,0.039,0.007,0.954
835000,0.036,0.009,0.955
835500,0.014,0.009,0.977
836000,0.015,0.006,0.979
836500,0.036,0.005,0.959
837000,0.021,0.001,0.978
837500,0.043,0.014,0.943
838000,0.065,0.016,0.919
838500,0.011,0.012,0.977
839000,0.061,0.015,0.924
839500,0.021,0.006,0.973
840000,0.015,0.034,0.951
840500,0.066,0.006,0.928
841000,0.071,0.005,0.924
841500,0.017,0.067,0.916
842000,0.023,0.027,0.950
842500,0.030,0.003,0.967
843000,0.057,0.051,0.892
843500,0.041,0.000,0.959
844000,0.011,0.047,0.942
844500,0.022,0.007,0.971
845000,0.036,0.002,0.962
845500,0.022,0.000,0.978
846000,0.042,0.001,0.957
846500,0.032,0.000,0.968
847000,0.121,0.000,0.879
847500,0.100,0.000,0.900
848000,0.010,0.007,0.983
848500,0.012,0.038,0.950
849000,0.038,0.005,0.957
849500,0.010,0.025,0.965
850000,0.043,0.000,0.957
850500,0.020,0.027,0.953
851000,0.025,0.000,0.975
851500,0.026,0.003,0.971
852000,0.010,0.046,0.944
852500,0.053,0.007,0.940
853000,0.025,0.053,0.922
853500,0.061,0.000,0.939
854000,0.010,0.001,0.989
854500,0.040,0.001,0.959
855000,0.029,0.001,0.970
855500,0.010,0.037,0.953
856000,0.032,0.019,0.949
856500,0.042,0.038,0.920
857000,0.011,0.073,0.916
857500,0.033,0.000,0.967
858000,0.010,0.012,0.978
858500,0.053,0.005,0.942
859000,0.038,0.000,0.962
859500,0.066,0.000,0.934
860000,0.012,0.022,0.966
860500,0.047,0.000,0.953
861000,0.041,0.001,0.958
861500,0.021,0.043,0.936
862000,0.086,0.002,0.912
862500,0.034,0.000,0.966
863000,0.067,0.000,0.933
863500,0.051,0.002,0.947
864000,0.012,0.017,0.971
864500,0.011,0.047,0.942
865000,0.050,0.022,0.928
865500,0.014,0.002,0.984
866000,0.021,0.039,0.940
866500,0.010,0.043,0.947
867000,0.052,0.027,0.921
867500,0.033,0.000,0.967
868000,0.034,0.000,0.966
868500,0.081,0.000,0.919
869000,0.053,0.000,0.947
869500,0.010,0.032,0.958
870000,0.015,0.003,0.982
870500,0.018,0.022,0.960
871000,0.018,0.002,0.980
871500,0.034,0.012,0.954
872000,0.090,0.000,0.910
872500,0.026,0.000,0.974
873000,0.024,0.000,0.976
873500,0.010,0.016,0.974
874000,0.027,0.000,0.973
874500,0.032,0.000,0.968
875000,0.017,0.018,0.965
875500,0.090,0.000,0.910
876000,0.027,0.008,0.965
876500,0.022,0.004,0.974
877000,0.011,0.031,0.958
877500,0.014,0.000,0.986
878000,0.034,0.027,0.939
878500,0.055,0.000,0.945
879000,0.011,0.000,0.989
879500,0.042,0.000,0.958
880000,0.025,0.010,0.965
880500,0.012,0.005,0.983
881000,0.110,0.000,0.890
881500,0.047,0.001,0.952
882000,0.020,0.020,0.960
882500,0.079,0.001,0.920
883000,0.073,0.001,0.926
883500,0.012,0.000,0.988
884000,0.039,0.027,0.934
884500,0.052,0.000,0.948
885000,0.028,0.014,0.958
885500,0.055,0.008,0.937
886000,0.010,0.059,0.931
886500,0.020,0.000,0.980
887000,0.098,0.000,0.902
887500,0.026,0.004,0.970
888000,0.011,0.000,0.989
888500,0.046,0.027,0.927
889000,0.033,0.006,0.961
889500,0.010,0.022,0.968
890000,0.076,0.000,0.924
890500,0.010,0.015,0.975
891000,0.047,0.000,0.953
891500,0.039,0.007,0.954
892000,0.016,0.002,0.982
892500,0.056,0.003,0.941
893000,0.015,0.007,0.978
893500,0.017,0.003,0.980
894000,0.081,0.000,0.919
894500,0.013,0.015,0.972
895000,0.043,0.018,0.939
895500,0.018,0.003,0.979
896000,0.040,0.050,0.910
896500,0.090,0.005,0.905
897000,0.012,0.022,0.966
897500,0.058,0.000,0.942
898000,0.021,0.007,0.972
898500,0.018,0.000,0.982
899000,0.017,0.026,0.957
899500,0.116,0.000,0.884
900000,0.088,0.000,0.912
900500,0.087,0.008,0.905
901000,0.032,0.000,0.968
901500,0.022,0.002,0.976
902000,0.026,0.023,0.951
902500,0.010,0.008,0.982
903000,0.010,0.016,0.974
903500,0.041,0.000,0.959
904000,0.030,0.000,0.970
904500,0.036,0.009,0.955
905000,0.057,0.000,0.943
905500,0.048,0.000,0.952
906000,0.068,0.002,0.930
906500,0.011,0.006,0.983
907000,0.057,0.000,0.943
907500,0.013,0.057,0.930
908000,0.048,0.033,0.919
908500,0.082,0.000,0.918
909000,0.014,0.017,0.969
909500,0.158,0.000,0.842
910000,0.053,0.001,0.946
910500,0.022,0.005,0.973
911000,0.015,0.006,0.979
911500,0.044,0.000,0.956
912000,0.012,0.019,0.969
912500,0.045,0.001,0.954
913000,0.021,0.001,0.978
913500,0.024,0.019,0.957
914000,0.031,0.003,0.966
914500,0.012,0.045,0.943
915000,0.029,0.024,0.947
915500,0.040,0.005,0.955
916000,0.010,0.001,0.989
916500,0.010,0.008,0.982
917000,0.028,0.006,0.966
917500,0.010,0.011,0.979
918000,0.087,0.009,0.904
918500,0.024,0.017,0.959
919000,0.020,0.000,0.980
919500,0.070,0.000,0.930
920000,0.033,0.019,0.948
920500,0.012,0.007,0.981
921000,0.029,0.000,0.971
921500,0.013,0.021,0.966
922000,0.054,0.000,0.946
922500,0.077,0.000,0.923
923000,0.042,0.000,0.958
923500,0.034,0.002,0.964
924000,0.010,0.025,0.965
924500,0.032,0.020,0.948
925000,0.010,0.022,0.968
925500,0.038,0.002,0.960
926000,0.032,0.000,0.968
926500,0.069,0.000,0.931
927000,0.027,0.016,0.957
927500,0.034,0.011,0.955
928000,0.069,0.000,0.931
928500,0.014,0.021,0.965
929000,0.032,0.000,0.968
929500,0.035,0.000,0.965
930000,0.025,0.018,0.957
930500,0.025,0.021,0.954
931000,0.059,0.013,0.928
931500,0.028,0.016,0.956
932000,0.026,0.025,0.949
932500,0.031,0.043,0.926
933000,0.011,0.085,0.904
933500,0.017,0.046,0.937
934000,0.079,0.000,0.921
934500,0.016,0.000,0.984
935000,0.041,0.000,0.959
935500,0.013,0.003,0.984
936000,0.032,0.002,0.966
936500,0.037,0.007,0.956
937000,0.108,0.000,0.892
937500,0.026,0.013,0.961
938000,0.034,0.012,0.954
938500,0.011,0.017,0.972
939000,0.101,0.000,0.899
939500,0.044,0.020,0.936
940000,0.091,0.000,0.909
940500,0.119,0.000,0.881
941000,0.067,0.016,0.917
941500,0.033,0.000,0.967
942000,0.032,0.012,0.956
942500,0.014,0.014,0.972
943000,0.014,0.019,0.967
943500,0.044,0.003,0.953
944000,0.011,0.049,0.940
944500,0.074,0.002,0.924
945000,0.016,0.007,0.977
945500,0.013,0.020,0.967
946000,0.036,0.000,0.964
946500,0.049,0.020,0.931
947000,0.014,0.012,0.974
947500,0.057,0.034,0.909
948000,0.026,0.000,0.974
948500,0.020,0.032,0.948
949000,0.010,0.032,0.958
949500,0.015,0.039,0.946
950000,0.012,0.000,0.988
950500,0.036,0.024,0.940
951000,0.064,0.001,0.935
951500,0.010,0.017,0.973
952000,0.059,0.021,0.920
952500,0.038,0.000,0.962
953000,0.030,0.000,0.970
953500,0.010,0.022,0.968
954000,0.029,0.000,0.971
954500,0.041,0.000,0.959
955000,0.018,0.002,0.980
955500,0.018,0.068,0.914
956000,0.010,0.036,0.954
956500,0.010,0.059,0.931
957000,0.032,0.034,0.934
957500,0.081,0.001,0.918
958000,0.037,0.013,0.950
958500,0.032,0.000,0.968
959000,0.010,0.042,0.948
959500,0.014,0.008,0.978
960000,0.016,0.002,0.982
960500,0.110,0.000,0.890
961000,0.049,0.000,0.951
961500,0.038,0.002,0.960
962000,0.088,0.001,0.911
962500,0.107,0.002,0.891
963000,0.066,0.014,0.920
963500,0.059,0.000,0.941
964000,0.043,0.008,0.949
964500,0.024,0.000,0.976
965000,0.010,0.048,0.942
965500,0.022,0.026,0.952
966000,0.012,0.021,0.967
966500,0.039,0.001,0.960
967000,0.057,0.000,0.943
967500,0.063,0.023,0.914
968000,0.031,0.003,0.966
968500,0.011,0.054,0.935
969000,0.015,0.072,0.913
969500,0.011,0.023,0.966
970000,0.079,0.000,0.921
970500,0.021,0.021,0.958
971000,0.049,0.000,0.951
971500,0.044,0.000,0.956
972000,0.034,0.000,0.966
972500,0.054,0.027,0.919
973000,0.030,0.028,0.942
973500,0.040,0.007,0.953
974000,0.052,0.000,0.948
974500,0.085,0.001,0.914
975000,0.025,0.000,0.975
975500,0.113,0.003,0.884
976000,0.039,0.000,0.961
976500,0.011,0.034,0.955
977000,0.052,0.000,0.948
977500,0.057,0.000,0.943
978000,0.111,0.000,0.889
978500,0.030,0.012,0.958
979000,0.015,0.002,0.983
979500,0.041,0.013,0.946
980000,0.017,0.006,0.977
980500,0.045,0.013,0.942
981000,0.122,0.000,0.878
981500,0.012,0.032,0.956
982000,0.053,0.001,0.946
982500,0.050,0.000,0.950
983000,0.024,0.000,0.976
983500,0.068,0.000,0.932
984000,0.017,0.015,0.968
984500,0.053,0.002,0.945
985000,0.023,0.001,0.976
985500,0.028,0.025,0.947
986000,0.060,0.006,0.934
986500,0.071,0.000,0.929
987000,0.010,0.008,0.982
987500,0.074,0.000,0.926
988000,0.063,0.001,0.936
988500,0.014,0.039,0.947
989000,0.027,0.039,0.934
989500,0.021,0.014,0.965
990000,0.119,0.008,0.873
990500,0.020,0.000,0.980
991000,0.054,0.002,0.944
991500,0.027,0.006,0.967
992000,0.082,0.012,0.906
992500,0.097,0.000,0.903
993000,0.063,0.015,0.922
993500,0.031,0.005,0.964
994000,0.038,0.037,0.925
994500,0.040,0.018,0.942
995000,0.070,0.000,0.930
995500,0.014,0.035,0.951
996000,0.012,0.052,0.936
996500,0.025,0.020,0.955
997000,0.082,0.000,0.918
997500,0.058,0.021,0.921
998000,0.015,0.000,0.985
998500,0.072,0.000,0.928
999000,0.035,0.010,0.955
999500,0.015,0.000,0.985
1000000,0.080,0.014,0.906
