time,n_A+p,n_B,n_AB
100,0.022,0.946,0.033
200,0.022,0.946,0.033
300,0.022,0.935,0.043
400,0.022,0.935,0.043
500,0.022,0.946,0.033
600,0.022,0.957,0.022
700,0.043,0.913,0.043
800,0.033,0.891,0.076
900,0.043,0.891,0.065
1000,0.043,0.902,0.054
1100,0.033,0.924,0.043
1200,0.033,0.946,0.022
1300,0.022,0.935,0.043
1400,0.022,0.924,0.054
1500,0.022,0.913,0.065
1600,0.022,0.935,0.043
1700,0.022,0.967,0.011
1800,0.022,0.957,0.022
1900,0.022,0.957,0.022
2000,0.022,0.924,0.054
2100,0.022,0.967,0.011
2200,0.022,0.967,0.011
2300,0.022,0.967,0.011
2400,0.022,0.957,0.022
2500,0.022,0.957,0.022
2600,0.022,0.957,0.022
2700,0.022,0.978,0.000
2800,0.022,0.978,0.000
2900,0.022,0.967,0.011
3000,0.022,0.946,0.033
3100,0.033,0.935,0.033
3200,0.054,0.935,0.011
3300,0.033,0.880,0.087
3400,0.022,0.880,0.098
3500,0.022,0.880,0.098
3600,0.022,0.924,0.054
3700,0.022,0.946,0.033
3800,0.033,0.935,0.033
3900,0.022,0.967,0.011
4000,0.022,0.946,0.033
4100,0.022,0.957,0.022
4200,0.022,0.946,0.033
4300,0.022,0.902,0.076
4400,0.022,0.935,0.043
4500,0.022,0.913,0.065
4600,0.022,0.924,0.054
4700,0.022,0.957,0.022
4800,0.022,0.957,0.022
4900,0.022,0.957,0.022
5000,0.022,0.967,0.011
5100,0.022,0.978,0.000
5200,0.022,0.967,0.011
5300,0.022,0.978,0.000
5400,0.022,0.967,0.011
5500,0.022,0.957,0.022
5600,0.022,0.935,0.043
5700,0.022,0.978,0.000
5800,0.022,0.967,0.011
5900,0.022,0.946,0.033
6000,0.022,0.946,0.033
6100,0.022,0.967,0.011
6200,0.022,0.978,0.000
6300,0.022,0.978,0.000
6400,0.022,0.967,0.011
6500,0.022,0.978,0.000
6600,0.022,0.967,0.011
6700,0.022,0.957,0.022
6800,0.022,0.957,0.022
6900,0.022,0.946,0.033
7000,0.022,0.957,0.022
7100,0.022,0.967,0.011
7200,0.022,0.967,0.011
7300,0.022,0.967,0.011
7400,0.022,0.967,0.011
7500,0.022,0.957,0.022
7600,0.022,0.978,0.000
7700,0.022,0.946,0.033
7800,0.022,0.957,0.022
7900,0.022,0.978,0.000
8000,0.022,0.978,0.000
8100,0.022,0.946,0.033
8200,0.043,0.891,0.065
8300,0.033,0.891,0.076
8400,0.033,0.935,0.033
8500,0.043,0.913,0.043
8600,0.033,0.913,0.054
8700,0.033,0.924,0.043
8800,0.043,0.902,0.054
8900,0.065,0.913,0.022
9000,0.054,0.924,0.022
9100,0.033,0.935,0.033
9200,0.033,0.913,0.054
9300,0.033,0.891,0.076
9400,0.033,0.935,0.033
9500,0.043,0.924,0.033
9600,0.022,0.924,0.054
9700,0.022,0.967,0.011
9800,0.022,0.957,0.022
9900,0.022,0.967,0.011
10000,0.022,0.946,0.033
10100,0.022,0.967,0.011
10200,0.043,0.913,0.043
10300,0.033,0.946,0.022
10400,0.033,0.902,0.065
10500,0.033,0.946,0.022
10600,0.033,0.924,0.043
10700,0.022,0.924,0.054
10800,0.022,0.924,0.054
10900,0.022,0.935,0.043
11000,0.022,0.891,0.087
11100,0.022,0.924,0.054
11200,0.022,0.935,0.043
11300,0.043,0.859,0.098
11400,0.065,0.826,0.109
11500,0.033,0.859,0.109
11600,0.022,0.870,0.109
11700,0.022,0.891,0.087
11800,0.022,0.870,0.109
11900,0.054,0.815,0.130
12000,0.076,0.772,0.152
12100,0.043,0.837,0.120
12200,0.043,0.913,0.043
12300,0.033,0.924,0.043
12400,0.022,0.913,0.065
12500,0.022,0.902,0.076
12600,0.022,0.967,0.011
12700,0.022,0.967,0.011
12800,0.022,0.978,0.000
12900,0.022,0.967,0.011
13000,0.022,0.967,0.011
13100,0.022,0.957,0.022
13200,0.022,0.978,0.000
13300,0.022,0.967,0.011
13400,0.033,0.946,0.022
13500,0.022,0.935,0.043
13600,0.022,0.957,0.022
13700,0.022,0.967,0.011
13800,0.033,0.957,0.011
13900,0.022,0.957,0.022
14000,0.022,0.967,0.011
14100,0.022,0.967,0.011
14200,0.022,0.967,0.011
14300,0.022,0.967,0.011
14400,0.022,0.902,0.076
14500,0.022,0.913,0.065
14600,0.022,0.957,0.022
14700,0.022,0.946,0.033
14800,0.022,0.957,0.022
14900,0.022,0.880,0.098
15000,0.022,0.902,0.076
15100,0.022,0.935,0.043
15200,0.022,0.978,0.000
15300,0.022,0.978,0.000
15400,0.022,0.967,0.011
15500,0.022,0.978,0.000
15600,0.033,0.957,0.011
15700,0.033,0.913,0.054
15800,0.022,0.891,0.087
15900,0.022,0.913,0.065
16000,0.022,0.935,0.043
16100,0.022,0.913,0.065
16200,0.022,0.935,0.043
16300,0.022,0.978,0.000
16400,0.022,0.935,0.043
16500,0.022,0.902,0.076
16600,0.022,0.946,0.033
16700,0.022,0.967,0.011
16800,0.022,0.946,0.033
16900,0.022,0.967,0.011
17000,0.022,0.967,0.011
17100,0.022,0.978,0.000
17200,0.022,0.957,0.022
17300,0.022,0.957,0.022
17400,0.022,0.967,0.011
17500,0.043,0.924,0.033
17600,0.022,0.967,0.011
17700,0.022,0.967,0.011
17800,0.022,0.978,0.000
17900,0.022,0.978,0.000
18000,0.022,0.978,0.000
18100,0.022,0.978,0.000
18200,0.022,0.967,0.011
18300,0.022,0.957,0.022
18400,0.022,0.957,0.022
18500,0.022,0.978,0.000
18600,0.022,0.978,0.000
18700,0.022,0.978,0.000
18800,0.022,0.967,0.011
18900,0.022,0.978,0.000
19000,0.022,0.978,0.000
19100,0.022,0.957,0.022
19200,0.022,0.957,0.022
19300,0.022,0.957,0.022
19400,0.022,0.957,0.022
19500,0.022,0.946,0.033
19600,0.022,0.880,0.098
19700,0.033,0.837,0.130
19800,0.022,0.859,0.120
19900,0.022,0.902,0.076
20000,0.022,0.946,0.033
20100,0.022,0.935,0.043
20200,0.022,0.935,0.043
20300,0.022,0.957,0.022
20400,0.022,0.946,0.033
20500,0.022,0.946,0.033
20600,0.022,0.957,0.022
20700,0.022,0.935,0.043
20800,0.033,0.924,0.043
20900,0.022,0.913,0.065
21000,0.022,0.913,0.065
21100,0.054,0.913,0.033
21200,0.033,0.913,0.054
21300,0.033,0.924,0.043
21400,0.033,0.946,0.022
21500,0.033,0.957,0.011
21600,0.022,0.978,0.000
21700,0.022,0.967,0.011
21800,0.033,0.957,0.011
21900,0.033,0.946,0.022
22000,0.022,0.967,0.011
22100,0.022,0.978,0.000
22200,0.022,0.967,0.011
22300,0.022,0.967,0.011
22400,0.022,0.957,0.022
22500,0.022,0.978,0.000
22600,0.022,0.978,0.000
22700,0.022,0.978,0.000
22800,0.022,0.978,0.000
22900,0.022,0.978,0.000
23000,0.022,0.978,0.000
23100,0.022,0.957,0.022
23200,0.022,0.935,0.043
23300,0.022,0.935,0.043
23400,0.022,0.880,0.098
23500,0.022,0.946,0.033
23600,0.022,0.978,0.000
23700,0.022,0.967,0.011
23800,0.022,0.957,0.022
23900,0.022,0.935,0.043
24000,0.022,0.957,0.022
24100,0.022,0.935,0.043
24200,0.033,0.957,0.011
24300,0.033,0.946,0.022
24400,0.022,0.978,0.000
24500,0.022,0.957,0.022
24600,0.022,0.978,0.000
24700,0.022,0.978,0.000
24800,0.022,0.978,0.000
24900,0.022,0.978,0.000
25000,0.022,0.978,0.000
25100,0.022,0.978,0.000
25200,0.022,0.967,0.011
25300,0.022,0.978,0.000
25400,0.022,0.967,0.011
25500,0.022,0.978,0.000
25600,0.022,0.967,0.011
25700,0.022,0.957,0.022
25800,0.022,0.913,0.065
25900,0.022,0.957,0.022
26000,0.022,0.935,0.043
26100,0.022,0.978,0.000
26200,0.022,0.978,0.000
26300,0.022,0.967,0.011
26400,0.022,0.967,0.011
26500,0.022,0.978,0.000
26600,0.022,0.978,0.000
26700,0.022,0.957,0.022
26800,0.022,0.946,0.033
26900,0.022,0.935,0.043
27000,0.022,0.967,0.011
27100,0.022,0.978,0.000
27200,0.022,0.957,0.022
27300,0.022,0.967,0.011
27400,0.022,0.957,0.022
27500,0.022,0.967,0.011
27600,0.022,0.967,0.011
27700,0.022,0.978,0.000
27800,0.022,0.978,0.000
27900,0.022,0.967,0.011
28000,0.022,0.978,0.000
28100,0.022,0.978,0.000
28200,0.033,0.946,0.022
28300,0.033,0.935,0.033
28400,0.033,0.913,0.054
28500,0.022,0.957,0.022
28600,0.022,0.935,0.043
28700,0.022,0.902,0.076
28800,0.022,0.946,0.033
28900,0.022,0.957,0.022
29000,0.022,0.978,0.000
29100,0.022,0.967,0.011
29200,0.022,0.967,0.011
29300,0.022,0.978,0.000
29400,0.022,0.978,0.000
29500,0.022,0.978,0.000
29600,0.022,0.978,0.000
29700,0.022,0.978,0.000
29800,0.022,0.967,0.011
29900,0.022,0.978,0.000
30000,0.022,0.967,0.011
30100,0.022,0.957,0.022
30200,0.022,0.957,0.022
30300,0.022,0.935,0.043
30400,0.022,0.913,0.065
30500,0.033,0.913,0.054
30600,0.022,0.913,0.065
30700,0.022,0.957,0.022
30800,0.022,0.967,0.011
30900,0.022,0.924,0.054
31000,0.033,0.924,0.043
31100,0.022,0.935,0.043
31200,0.022,0.946,0.033
31300,0.022,0.957,0.022
31400,0.022,0.946,0.033
31500,0.022,0.946,0.033
31600,0.022,0.957,0.022
31700,0.022,0.935,0.043
31800,0.022,0.913,0.065
31900,0.022,0.957,0.022
32000,0.022,0.957,0.022
32100,0.022,0.967,0.011
32200,0.022,0.978,0.000
32300,0.022,0.978,0.000
32400,0.022,0.946,0.033
32500,0.043,0.924,0.033
32600,0.033,0.935,0.033
32700,0.033,0.946,0.022
32800,0.022,0.957,0.022
32900,0.022,0.946,0.033
33000,0.043,0.935,0.022
33100,0.022,0.924,0.054
33200,0.022,0.967,0.011
33300,0.022,0.957,0.022
33400,0.022,0.957,0.022
33500,0.022,0.967,0.011
33600,0.022,0.946,0.033
33700,0.022,0.957,0.022
33800,0.022,0.957,0.022
33900,0.022,0.967,0.011
34000,0.022,0.957,0.022
34100,0.022,0.913,0.065
34200,0.043,0.891,0.065
34300,0.022,0.957,0.022
34400,0.022,0.957,0.022
34500,0.033,0.946,0.022
34600,0.022,0.978,0.000
34700,0.022,0.978,0.000
34800,0.022,0.978,0.000
34900,0.022,0.946,0.033
35000,0.033,0.957,0.011
35100,0.022,0.935,0.043
35200,0.022,0.946,0.033
35300,0.022,0.946,0.033
35400,0.022,0.946,0.033
35500,0.022,0.935,0.043
35600,0.022,0.946,0.033
35700,0.022,0.924,0.054
35800,0.022,0.935,0.043
35900,0.022,0.957,0.022
36000,0.022,0.957,0.022
36100,0.022,0.978,0.000
36200,0.022,0.967,0.011
36300,0.022,0.967,0.011
36400,0.022,0.967,0.011
36500,0.022,0.978,0.000
36600,0.022,0.978,0.000
36700,0.022,0.978,0.000
36800,0.022,0.978,0.000
36900,0.022,0.978,0.000
37000,0.022,0.967,0.011
37100,0.022,0.978,0.000
37200,0.022,0.978,0.000
37300,0.022,0.978,0.000
37400,0.022,0.967,0.011
37500,0.022,0.978,0.000
37600,0.022,0.978,0.000
37700,0.022,0.978,0.000
37800,0.022,0.957,0.022
37900,0.022,0.967,0.011
38000,0.022,0.978,0.000
38100,0.022,0.978,0.000
38200,0.022,0.957,0.022
38300,0.022,0.978,0.000
38400,0.022,0.978,0.000
38500,0.022,0.978,0.000
38600,0.022,0.957,0.022
38700,0.022,0.935,0.043
38800,0.022,0.957,0.022
38900,0.022,0.957,0.022
39000,0.022,0.913,0.065
39100,0.022,0.924,0.054
39200,0.022,0.946,0.033
39300,0.022,0.978,0.000
39400,0.022,0.978,0.000
39500,0.022,0.967,0.011
39600,0.022,0.946,0.033
39700,0.022,0.957,0.022
39800,0.022,0.978,0.000
39900,0.022,0.957,0.022
40000,0.022,0.978,0.000
40100,0.022,0.978,0.000
40200,0.022,0.978,0.000
40300,0.022,0.978,0.000
40400,0.022,0.978,0.000
40500,0.022,0.957,0.022
40600,0.022,0.957,0.022
40700,0.022,0.957,0.022
40800,0.022,0.978,0.000
40900,0.022,0.978,0.000
41000,0.022,0.978,0.000
41100,0.022,0.978,0.000
41200,0.022,0.978,0.000
41300,0.022,0.978,0.000
41400,0.022,0.978,0.000
41500,0.022,0.967,0.011
41600,0.022,0.957,0.022
41700,0.022,0.924,0.054
41800,0.022,0.946,0.033
41900,0.022,0.924,0.054
42000,0.022,0.935,0.043
42100,0.054,0.880,0.065
42200,0.033,0.913,0.054
42300,0.033,0.935,0.033
42400,0.022,0.946,0.033
42500,0.022,0.957,0.022
42600,0.022,0.967,0.011
42700,0.022,0.946,0.033
42800,0.022,0.946,0.033
42900,0.022,0.957,0.022
43000,0.022,0.957,0.022
43100,0.022,0.978,0.000
43200,0.022,0.967,0.011
43300,0.033,0.967,0.000
43400,0.033,0.957,0.011
43500,0.043,0.946,0.011
43600,0.033,0.946,0.022
43700,0.022,0.957,0.022
43800,0.022,0.946,0.033
43900,0.022,0.957,0.022
44000,0.033,0.967,0.000
44100,0.022,0.946,0.033
44200,0.022,0.978,0.000
44300,0.022,0.978,0.000
44400,0.022,0.978,0.000
44500,0.022,0.978,0.000
44600,0.022,0.978,0.000
44700,0.022,0.967,0.011
44800,0.033,0.935,0.033
44900,0.022,0.957,0.022
45000,0.022,0.946,0.033
45100,0.022,0.935,0.043
45200,0.022,0.946,0.033
45300,0.022,0.913,0.065
45400,0.033,0.859,0.109
45500,0.033,0.891,0.076
45600,0.033,0.902,0.065
45700,0.033,0.891,0.076
45800,0.022,0.880,0.098
45900,0.043,0.902,0.054
46000,0.022,0.935,0.043
46100,0.022,0.967,0.011
46200,0.022,0.967,0.011
46300,0.022,0.978,0.000
46400,0.033,0.957,0.011
46500,0.022,0.967,0.011
46600,0.022,0.946,0.033
46700,0.054,0.924,0.022
46800,0.043,0.935,0.022
46900,0.043,0.902,0.054
47000,0.033,0.913,0.054
47100,0.054,0.870,0.076
47200,0.033,0.880,0.087
47300,0.043,0.880,0.076
47400,0.033,0.815,0.152
47500,0.033,0.837,0.130
47600,0.054,0.837,0.109
47700,0.033,0.848,0.120
47800,0.033,0.859,0.109
47900,0.022,0.902,0.076
48000,0.022,0.902,0.076
48100,0.043,0.902,0.054
48200,0.022,0.957,0.022
48300,0.022,0.946,0.033
48400,0.022,0.967,0.011
48500,0.022,0.978,0.000
48600,0.022,0.978,0.000
48700,0.022,0.978,0.000
48800,0.022,0.967,0.011
48900,0.022,0.957,0.022
49000,0.022,0.978,0.000
49100,0.022,0.924,0.054
49200,0.022,0.946,0.033
49300,0.022,0.957,0.022
49400,0.022,0.978,0.000
49500,0.022,0.978,0.000
49600,0.022,0.957,0.022
49700,0.022,0.957,0.022
49800,0.022,0.967,0.011
49900,0.022,0.946,0.033
50000,0.022,0.957,0.022
50100,0.022,0.957,0.022
50200,0.022,0.957,0.022
50300,0.022,0.957,0.022
50400,0.022,0.957,0.022
50500,0.022,0.924,0.054
50600,0.022,0.957,0.022
50700,0.043,0.924,0.033
50800,0.033,0.957,0.011
50900,0.033,0.935,0.033
51000,0.022,0.967,0.011
51100,0.022,0.967,0.011
51200,0.022,0.967,0.011
51300,0.022,0.967,0.011
51400,0.022,0.967,0.011
51500,0.022,0.967,0.011
51600,0.022,0.946,0.033
51700,0.022,0.967,0.011
51800,0.022,0.957,0.022
51900,0.022,0.967,0.011
52000,0.022,0.978,0.000
52100,0.022,0.978,0.000
52200,0.022,0.978,0.000
52300,0.022,0.978,0.000
52400,0.022,0.978,0.000
52500,0.022,0.946,0.033
52600,0.022,0.978,0.000
52700,0.022,0.978,0.000
52800,0.022,0.978,0.000
52900,0.022,0.957,0.022
53000,0.022,0.913,0.065
53100,0.022,0.946,0.033
53200,0.022,0.967,0.011
53300,0.022,0.967,0.011
53400,0.022,0.957,0.022
53500,0.033,0.935,0.033
53600,0.022,0.946,0.033
53700,0.022,0.967,0.011
53800,0.022,0.957,0.022
53900,0.022,0.946,0.033
54000,0.022,0.935,0.043
54100,0.043,0.913,0.043
54200,0.043,0.880,0.076
54300,0.043,0.891,0.065
54400,0.033,0.880,0.087
54500,0.022,0.880,0.098
54600,0.033,0.870,0.098
54700,0.022,0.891,0.087
54800,0.022,0.891,0.087
54900,0.033,0.924,0.043
55000,0.033,0.913,0.054
55100,0.043,0.935,0.022
55200,0.043,0.935,0.022
55300,0.033,0.935,0.033
55400,0.033,0.935,0.033
55500,0.033,0.967,0.000
55600,0.022,0.967,0.011
55700,0.022,0.946,0.033
55800,0.022,0.967,0.011
55900,0.022,0.978,0.000
56000,0.022,0.967,0.011
56100,0.022,0.978,0.000
56200,0.022,0.967,0.011
56300,0.022,0.978,0.000
56400,0.022,0.978,0.000
56500,0.022,0.978,0.000
56600,0.022,0.967,0.011
56700,0.022,0.978,0.000
56800,0.022,0.967,0.011
56900,0.033,0.946,0.022
57000,0.033,0.913,0.054
57100,0.033,0.913,0.054
57200,0.033,0.935,0.033
57300,0.033,0.957,0.011
57400,0.033,0.967,0.000
57500,0.022,0.957,0.022
57600,0.033,0.935,0.033
57700,0.022,0.913,0.065
57800,0.022,0.946,0.033
57900,0.022,0.924,0.054
58000,0.022,0.946,0.033
58100,0.022,0.946,0.033
58200,0.022,0.946,0.033
58300,0.022,0.957,0.022
58400,0.022,0.957,0.022
58500,0.022,0.967,0.011
58600,0.022,0.978,0.000
58700,0.022,0.978,0.000
58800,0.022,0.978,0.000
58900,0.022,0.957,0.022
59000,0.022,0.967,0.011
59100,0.022,0.967,0.011
59200,0.022,0.902,0.076
59300,0.022,0.902,0.076
59400,0.022,0.913,0.065
59500,0.022,0.924,0.054
59600,0.022,0.935,0.043
59700,0.043,0.935,0.022
59800,0.033,0.924,0.043
59900,0.033,0.924,0.043
60000,0.033,0.924,0.043
60100,0.022,0.946,0.033
60200,0.022,0.967,0.011
60300,0.022,0.967,0.011
60400,0.022,0.957,0.022
60500,0.022,0.967,0.011
60600,0.022,0.957,0.022
60700,0.033,0.935,0.033
60800,0.022,0.967,0.011
60900,0.022,0.946,0.033
61000,0.022,0.924,0.054
61100,0.022,0.935,0.043
61200,0.022,0.924,0.054
61300,0.022,0.913,0.065
61400,0.033,0.826,0.141
61500,0.033,0.848,0.120
61600,0.022,0.870,0.109
61700,0.022,0.859,0.120
61800,0.033,0.935,0.033
61900,0.033,0.967,0.000
62000,0.033,0.967,0.000
62100,0.022,0.957,0.022
62200,0.022,0.967,0.011
62300,0.022,0.924,0.054
62400,0.022,0.978,0.000
62500,0.022,0.946,0.033
62600,0.022,0.967,0.011
62700,0.022,0.978,0.000
62800,0.022,0.978,0.000
62900,0.022,0.978,0.000
63000,0.022,0.967,0.011
63100,0.022,0.957,0.022
63200,0.022,0.978,0.000
63300,0.022,0.978,0.000
63400,0.022,0.967,0.011
63500,0.022,0.978,0.000
63600,0.022,0.967,0.011
63700,0.022,0.957,0.022
63800,0.022,0.957,0.022
63900,0.022,0.957,0.022
64000,0.022,0.967,0.011
64100,0.022,0.978,0.000
64200,0.022,0.967,0.011
64300,0.022,0.967,0.011
64400,0.022,0.978,0.000
64500,0.022,0.957,0.022
64600,0.022,0.946,0.033
64700,0.022,0.935,0.043
64800,0.043,0.826,0.130
64900,0.076,0.804,0.120
65000,0.054,0.793,0.152
65100,0.054,0.880,0.065
65200,0.087,0.859,0.054
65300,0.087,0.772,0.141
65400,0.109,0.793,0.098
65500,0.109,0.815,0.076
65600,0.043,0.674,0.283
65700,0.130,0.674,0.196
65800,0.185,0.685,0.130
65900,0.163,0.685,0.152
66000,0.098,0.750,0.152
66100,0.054,0.815,0.130
66200,0.065,0.859,0.076
66300,0.065,0.859,0.076
66400,0.054,0.870,0.076
66500,0.065,0.772,0.163
66600,0.054,0.848,0.098
66700,0.087,0.815,0.098
66800,0.043,0.761,0.196
66900,0.043,0.815,0.141
67000,0.022,0.880,0.098
67100,0.043,0.924,0.033
67200,0.043,0.902,0.054
67300,0.033,0.837,0.130
67400,0.033,0.848,0.120
67500,0.033,0.924,0.043
67600,0.043,0.880,0.076
67700,0.022,0.913,0.065
67800,0.022,0.913,0.065
67900,0.022,0.946,0.033
68000,0.022,0.957,0.022
68100,0.022,0.978,0.000
68200,0.022,0.967,0.011
68300,0.022,0.967,0.011
68400,0.033,0.967,0.000
68500,0.033,0.946,0.022
68600,0.022,0.967,0.011
68700,0.022,0.946,0.033
68800,0.022,0.967,0.011
68900,0.022,0.957,0.022
69000,0.022,0.957,0.022
69100,0.033,0.957,0.011
69200,0.043,0.935,0.022
69300,0.054,0.935,0.011
69400,0.043,0.902,0.054
69500,0.033,0.891,0.076
69600,0.022,0.902,0.076
69700,0.022,0.870,0.109
69800,0.022,0.935,0.043
69900,0.022,0.946,0.033
70000,0.022,0.946,0.033
70100,0.022,0.935,0.043
70200,0.022,0.902,0.076
70300,0.022,0.913,0.065
70400,0.022,0.946,0.033
70500,0.022,0.957,0.022
70600,0.022,0.967,0.011
70700,0.022,0.946,0.033
70800,0.022,0.967,0.011
70900,0.022,0.902,0.076
71000,0.033,0.891,0.076
71100,0.033,0.902,0.065
71200,0.022,0.913,0.065
71300,0.022,0.935,0.043
71400,0.022,0.957,0.022
71500,0.022,0.967,0.011
71600,0.022,0.967,0.011
71700,0.022,0.935,0.043
71800,0.022,0.935,0.043
71900,0.022,0.946,0.033
72000,0.022,0.957,0.022
72100,0.022,0.978,0.000
72200,0.022,0.946,0.033
72300,0.033,0.935,0.033
72400,0.022,0.891,0.087
72500,0.033,0.891,0.076
72600,0.043,0.913,0.043
72700,0.033,0.913,0.054
72800,0.022,0.967,0.011
72900,0.022,0.967,0.011
73000,0.022,0.957,0.022
73100,0.022,0.967,0.011
73200,0.022,0.967,0.011
73300,0.022,0.978,0.000
73400,0.022,0.978,0.000
73500,0.022,0.957,0.022
73600,0.022,0.978,0.000
73700,0.022,0.967,0.011
73800,0.022,0.957,0.022
73900,0.022,0.967,0.011
74000,0.022,0.946,0.033
74100,0.022,0.967,0.011
74200,0.022,0.978,0.000
74300,0.022,0.967,0.011
74400,0.022,0.978,0.000
74500,0.022,0.978,0.000
74600,0.022,0.967,0.011
74700,0.022,0.978,0.000
74800,0.022,0.957,0.022
74900,0.022,0.967,0.011
75000,0.022,0.935,0.043
75100,0.022,0.946,0.033
75200,0.022,0.967,0.011
75300,0.022,0.957,0.022
75400,0.022,0.946,0.033
75500,0.022,0.946,0.033
75600,0.022,0.913,0.065
75700,0.033,0.880,0.087
75800,0.043,0.870,0.087
75900,0.022,0.924,0.054
76000,0.022,0.924,0.054
76100,0.043,0.924,0.033
76200,0.022,0.924,0.054
76300,0.043,0.946,0.011
76400,0.043,0.935,0.022
76500,0.033,0.935,0.033
76600,0.022,0.946,0.033
76700,0.022,0.946,0.033
76800,0.022,0.957,0.022
76900,0.022,0.957,0.022
77000,0.022,0.946,0.033
77100,0.022,0.967,0.011
77200,0.022,0.946,0.033
77300,0.022,0.946,0.033
77400,0.022,0.957,0.022
77500,0.022,0.957,0.022
77600,0.022,0.957,0.022
77700,0.022,0.957,0.022
77800,0.022,0.967,0.011
77900,0.022,0.935,0.043
78000,0.022,0.967,0.011
78100,0.022,0.957,0.022
78200,0.033,0.957,0.011
78300,0.022,0.978,0.000
78400,0.022,0.978,0.000
78500,0.022,0.967,0.011
78600,0.022,0.935,0.043
78700,0.033,0.946,0.022
78800,0.022,0.946,0.033
78900,0.022,0.957,0.022
79000,0.022,0.967,0.011
79100,0.022,0.967,0.011
79200,0.022,0.946,0.033
79300,0.022,0.967,0.011
79400,0.022,0.978,0.000
79500,0.022,0.978,0.000
79600,0.022,0.967,0.011
79700,0.033,0.957,0.011
79800,0.022,0.957,0.022
79900,0.022,0.957,0.022
80000,0.022,0.946,0.033
80100,0.022,0.946,0.033
80200,0.022,0.957,0.022
80300,0.022,0.978,0.000
80400,0.022,0.978,0.000
80500,0.022,0.967,0.011
80600,0.022,0.967,0.011
80700,0.022,0.978,0.000
80800,0.022,0.978,0.000
80900,0.022,0.978,0.000
81000,0.022,0.978,0.000
81100,0.022,0.967,0.011
81200,0.022,0.967,0.011
81300,0.022,0.935,0.043
81400,0.022,0.978,0.000
81500,0.022,0.967,0.011
81600,0.022,0.978,0.000
81700,0.022,0.978,0.000
81800,0.022,0.946,0.033
81900,0.022,0.946,0.033
82000,0.022,0.967,0.011
82100,0.022,0.978,0.000
82200,0.022,0.978,0.000
82300,0.022,0.967,0.011
82400,0.022,0.978,0.000
82500,0.022,0.978,0.000
82600,0.022,0.978,0.000
82700,0.022,0.967,0.011
82800,0.022,0.967,0.011
82900,0.022,0.957,0.022
83000,0.022,0.967,0.011
83100,0.022,0.978,0.000
83200,0.022,0.978,0.000
83300,0.022,0.978,0.000
83400,0.022,0.978,0.000
83500,0.022,0.978,0.000
83600,0.022,0.957,0.022
83700,0.022,0.967,0.011
83800,0.022,0.946,0.033
83900,0.022,0.957,0.022
84000,0.033,0.946,0.022
84100,0.022,0.935,0.043
84200,0.033,0.913,0.054
84300,0.043,0.870,0.087
84400,0.065,0.815,0.120
84500,0.065,0.772,0.163
84600,0.098,0.783,0.120
84700,0.087,0.804,0.109
84800,0.076,0.793,0.130
84900,0.065,0.815,0.120
85000,0.033,0.826,0.141
85100,0.033,0.848,0.120
85200,0.033,0.913,0.054
85300,0.033,0.935,0.033
85400,0.022,0.891,0.087
85500,0.022,0.902,0.076
85600,0.022,0.946,0.033
85700,0.022,0.957,0.022
85800,0.022,0.946,0.033
85900,0.022,0.924,0.054
86000,0.022,0.957,0.022
86100,0.022,0.946,0.033
86200,0.022,0.946,0.033
86300,0.022,0.957,0.022
86400,0.022,0.957,0.022
86500,0.033,0.946,0.022
86600,0.043,0.913,0.043
86700,0.043,0.902,0.054
86800,0.043,0.935,0.022
86900,0.065,0.815,0.120
87000,0.098,0.837,0.065
87100,0.054,0.859,0.087
87200,0.043,0.902,0.054
87300,0.033,0.891,0.076
87400,0.033,0.913,0.054
87500,0.022,0.935,0.043
87600,0.022,0.946,0.033
87700,0.022,0.891,0.087
87800,0.033,0.924,0.043
87900,0.043,0.935,0.022
88000,0.022,0.935,0.043
88100,0.022,0.913,0.065
88200,0.022,0.946,0.033
88300,0.022,0.924,0.054
88400,0.022,0.957,0.022
88500,0.043,0.935,0.022
88600,0.043,0.891,0.065
88700,0.022,0.935,0.043
88800,0.043,0.924,0.033
88900,0.054,0.870,0.076
89000,0.043,0.913,0.043
89100,0.033,0.924,0.043
89200,0.033,0.957,0.011
89300,0.022,0.935,0.043
89400,0.022,0.978,0.000
89500,0.022,0.978,0.000
89600,0.022,0.967,0.011
89700,0.022,0.957,0.022
89800,0.022,0.957,0.022
89900,0.022,0.978,0.000
90000,0.022,0.957,0.022
90100,0.022,0.967,0.011
90200,0.043,0.946,0.011
90300,0.022,0.967,0.011
90400,0.022,0.967,0.011
90500,0.022,0.967,0.011
90600,0.022,0.967,0.011
90700,0.033,0.946,0.022
90800,0.022,0.902,0.076
90900,0.022,0.902,0.076
91000,0.022,0.935,0.043
91100,0.022,0.935,0.043
91200,0.022,0.957,0.022
91300,0.022,0.957,0.022
91400,0.022,0.957,0.022
91500,0.043,0.891,0.065
91600,0.043,0.880,0.076
91700,0.022,0.913,0.065
91800,0.043,0.924,0.033
91900,0.033,0.935,0.033
92000,0.022,0.935,0.043
92100,0.022,0.967,0.011
92200,0.022,0.967,0.011
92300,0.022,0.978,0.000
92400,0.022,0.967,0.011
92500,0.022,0.967,0.011
92600,0.022,0.978,0.000
92700,0.022,0.978,0.000
92800,0.022,0.978,0.000
92900,0.022,0.978,0.000
93000,0.022,0.967,0.011
93100,0.022,0.957,0.022
93200,0.022,0.978,0.000
93300,0.022,0.967,0.011
93400,0.022,0.967,0.011
93500,0.022,0.967,0.011
93600,0.022,0.935,0.043
93700,0.022,0.967,0.011
93800,0.022,0.967,0.011
93900,0.022,0.902,0.076
94000,0.022,0.967,0.011
94100,0.022,0.978,0.000
94200,0.022,0.967,0.011
94300,0.022,0.967,0.011
94400,0.022,0.978,0.000
94500,0.022,0.967,0.011
94600,0.022,0.967,0.011
94700,0.022,0.946,0.033
94800,0.043,0.924,0.033
94900,0.033,0.935,0.033
95000,0.033,0.913,0.054
95100,0.022,0.891,0.087
95200,0.022,0.978,0.000
95300,0.022,0.978,0.000
95400,0.022,0.978,0.000
95500,0.022,0.978,0.000
95600,0.022,0.967,0.011
95700,0.022,0.967,0.011
95800,0.022,0.946,0.033
95900,0.022,0.924,0.054
96000,0.065,0.859,0.076
96100,0.065,0.859,0.076
96200,0.043,0.815,0.141
96300,0.043,0.837,0.120
96400,0.022,0.891,0.087
96500,0.022,0.935,0.043
96600,0.022,0.946,0.033
96700,0.022,0.978,0.000
96800,0.022,0.978,0.000
96900,0.022,0.978,0.000
97000,0.022,0.978,0.000
97100,0.022,0.978,0.000
97200,0.022,0.946,0.033
97300,0.022,0.946,0.033
97400,0.022,0.913,0.065
97500,0.033,0.935,0.033
97600,0.022,0.935,0.043
97700,0.022,0.946,0.033
97800,0.022,0.978,0.000
97900,0.022,0.978,0.000
98000,0.022,0.967,0.011
98100,0.022,0.978,0.000
98200,0.022,0.957,0.022
98300,0.022,0.946,0.033
98400,0.022,0.967,0.011
98500,0.022,0.967,0.011
98600,0.022,0.967,0.011
98700,0.022,0.967,0.011
98800,0.022,0.978,0.000
98900,0.033,0.946,0.022
99000,0.033,0.902,0.065
99100,0.022,0.957,0.022
99200,0.022,0.967,0.011
99300,0.022,0.978,0.000
99400,0.022,0.978,0.000
99500,0.022,0.978,0.000
99600,0.022,0.967,0.011
99700,0.022,0.967,0.011
99800,0.022,0.978,0.000
99900,0.022,0.967,0.011
100000,0.022,0.967,0.011
