time,n_A+p,n_B,n_AB
0,0.449,0.551,0.000
500,0.395,0.492,0.112
1000,0.379,0.485,0.136
1500,0.351,0.484,0.164
2000,0.348,0.487,0.164
2500,0.334,0.476,0.190
3000,0.324,0.491,0.185
3500,0.319,0.474,0.207
4000,0.323,0.444,0.233
4500,0.341,0.437,0.222
5000,0.356,0.423,0.221
5500,0.373,0.397,0.230
6000,0.372,0.408,0.221
6500,0.372,0.422,0.206
7000,0.347,0.444,0.208
7500,0.356,0.423,0.221
8000,0.362,0.433,0.205
8500,0.368,0.429,0.203
9000,0.359,0.418,0.224
9500,0.350,0.425,0.225
10000,0.334,0.430,0.236
10500,0.315,0.454,0.232
11000,0.319,0.426,0.255
11500,0.278,0.474,0.248
12000,0.269,0.479,0.252
12500,0.259,0.517,0.224
13000,0.241,0.528,0.231
13500,0.260,0.510,0.230
14000,0.254,0.503,0.243
14500,0.290,0.493,0.217
15000,0.260,0.507,0.233
15500,0.275,0.473,0.252
16000,0.322,0.435,0.243
16500,0.318,0.418,0.265
17000,0.322,0.410,0.269
17500,0.345,0.404,0.250
18000,0.343,0.397,0.259
18500,0.331,0.404,0.265
19000,0.309,0.454,0.237
19500,0.325,0.439,0.236
20000,0.297,0.462,0.241
20500,0.299,0.472,0.229
21000,0.286,0.499,0.215
21500,0.305,0.491,0.203
22000,0.289,0.502,0.209
22500,0.273,0.498,0.229
23000,0.284,0.477,0.239
23500,0.303,0.436,0.260
24000,0.311,0.429,0.260
24500,0.320,0.414,0.267
25000,0.284,0.445,0.271
25500,0.302,0.470,0.228
26000,0.287,0.468,0.245
26500,0.291,0.474,0.235
27000,0.301,0.458,0.241
27500,0.293,0.441,0.266
28000,0.271,0.483,0.246
28500,0.266,0.486,0.248
29000,0.251,0.499,0.249
29500,0.267,0.496,0.237
30000,0.261,0.496,0.242
30500,0.263,0.490,0.247
31000,0.265,0.476,0.259
31500,0.260,0.482,0.257
32000,0.258,0.483,0.258
32500,0.253,0.498,0.248
33000,0.247,0.484,0.269
33500,0.244,0.495,0.260
34000,0.272,0.474,0.254
34500,0.320,0.416,0.265
35000,0.321,0.425,0.254
35500,0.322,0.417,0.261
36000,0.309,0.454,0.237
36500,0.287,0.461,0.252
37000,0.327,0.422,0.251
37500,0.301,0.438,0.260
38000,0.297,0.423,0.280
38500,0.313,0.409,0.279
39000,0.325,0.396,0.279
39500,0.373,0.358,0.270
40000,0.375,0.363,0.263
40500,0.346,0.393,0.260
41000,0.360,0.383,0.257
41500,0.350,0.388,0.261
42000,0.364,0.380,0.256
42500,0.372,0.366,0.263
43000,0.379,0.387,0.234
43500,0.366,0.358,0.277
44000,0.349,0.361,0.290
44500,0.359,0.346,0.295
45000,0.371,0.368,0.261
45500,0.383,0.302,0.315
46000,0.396,0.302,0.301
46500,0.409,0.313,0.279
47000,0.394,0.338,0.268
47500,0.407,0.308,0.285
48000,0.420,0.313,0.268
48500,0.441,0.289,0.270
49000,0.465,0.278,0.257
49500,0.434,0.296,0.270
50000,0.438,0.328,0.234
50500,0.451,0.317,0.232
51000,0.399,0.343,0.257
51500,0.393,0.345,0.261
52000,0.383,0.370,0.247
52500,0.350,0.374,0.276
53000,0.355,0.384,0.260
53500,0.331,0.382,0.287
54000,0.334,0.381,0.285
54500,0.331,0.356,0.313
55000,0.349,0.350,0.300
55500,0.321,0.403,0.276
56000,0.317,0.396,0.287
56500,0.307,0.421,0.272
57000,0.302,0.420,0.278
57500,0.282,0.441,0.277
58000,0.302,0.439,0.258
58500,0.335,0.379,0.286
59000,0.334,0.386,0.280
59500,0.322,0.432,0.246
60000,0.306,0.444,0.249
60500,0.312,0.440,0.248
61000,0.308,0.432,0.259
61500,0.285,0.451,0.264
62000,0.270,0.485,0.245
62500,0.242,0.491,0.267
63000,0.241,0.498,0.260
63500,0.236,0.509,0.255
64000,0.248,0.520,0.232
64500,0.224,0.510,0.267
65000,0.243,0.494,0.263
65500,0.229,0.527,0.244
66000,0.217,0.529,0.254
66500,0.234,0.524,0.242
67000,0.226,0.526,0.248
67500,0.255,0.501,0.244
68000,0.239,0.508,0.253
68500,0.249,0.510,0.241
69000,0.248,0.525,0.227
69500,0.255,0.534,0.210
70000,0.241,0.517,0.242
70500,0.216,0.541,0.243
71000,0.210,0.563,0.227
71500,0.255,0.529,0.216
72000,0.235,0.517,0.248
72500,0.236,0.539,0.225
73000,0.228,0.546,0.226
73500,0.221,0.565,0.215
74000,0.191,0.600,0.209
74500,0.199,0.600,0.201
75000,0.202,0.615,0.183
75500,0.177,0.658,0.165
76000,0.172,0.666,0.162
76500,0.165,0.642,0.192
77000,0.166,0.649,0.185
77500,0.178,0.634,0.188
78000,0.188,0.625,0.187
78500,0.213,0.594,0.192
79000,0.181,0.618,0.201
79500,0.189,0.602,0.209
80000,0.195,0.625,0.180
80500,0.181,0.629,0.190
81000,0.168,0.652,0.181
81500,0.149,0.681,0.170
82000,0.141,0.701,0.158
82500,0.131,0.711,0.158
83000,0.131,0.707,0.162
83500,0.139,0.688,0.173
84000,0.131,0.704,0.165
84500,0.135,0.694,0.172
85000,0.129,0.708,0.163
85500,0.132,0.709,0.159
86000,0.120,0.724,0.156
86500,0.126,0.710,0.164
87000,0.125,0.724,0.151
87500,0.112,0.728,0.159
88000,0.123,0.720,0.157
88500,0.124,0.725,0.151
89000,0.117,0.729,0.153
89500,0.110,0.736,0.153
90000,0.115,0.702,0.183
90500,0.108,0.722,0.170
91000,0.098,0.743,0.159
91500,0.130,0.713,0.157
92000,0.132,0.708,0.160
92500,0.128,0.702,0.171
93000,0.117,0.726,0.156
93500,0.117,0.730,0.152
94000,0.110,0.743,0.147
94500,0.114,0.736,0.149
95000,0.111,0.706,0.183
95500,0.111,0.728,0.160
96000,0.107,0.745,0.148
96500,0.099,0.765,0.136
97000,0.092,0.752,0.156
97500,0.093,0.781,0.126
98000,0.092,0.787,0.122
98500,0.094,0.782,0.124
99000,0.091,0.785,0.124
99500,0.087,0.789,0.125
100000,0.080,0.798,0.123
100500,0.077,0.809,0.114
101000,0.079,0.801,0.121
101500,0.079,0.816,0.105
102000,0.076,0.819,0.105
102500,0.075,0.823,0.102
103000,0.082,0.812,0.106
103500,0.076,0.813,0.111
104000,0.073,0.831,0.096
104500,0.072,0.838,0.091
105000,0.072,0.844,0.085
105500,0.068,0.836,0.096
106000,0.070,0.835,0.095
106500,0.069,0.844,0.087
107000,0.068,0.847,0.085
107500,0.070,0.847,0.083
108000,0.070,0.854,0.076
108500,0.067,0.859,0.074
109000,0.067,0.858,0.075
109500,0.065,0.859,0.076
110000,0.065,0.861,0.074
110500,0.064,0.863,0.073
111000,0.063,0.868,0.068
111500,0.063,0.868,0.068
112000,0.063,0.868,0.068
112500,0.063,0.874,0.062
113000,0.063,0.875,0.061
113500,0.063,0.880,0.056
114000,0.062,0.884,0.054
114500,0.060,0.887,0.053
115000,0.060,0.889,0.051
115500,0.060,0.890,0.050
116000,0.058,0.892,0.050
116500,0.057,0.889,0.054
117000,0.057,0.891,0.052
117500,0.057,0.893,0.050
118000,0.055,0.893,0.052
118500,0.055,0.894,0.051
119000,0.054,0.893,0.053
119500,0.054,0.895,0.051
120000,0.054,0.894,0.052
120500,0.053,0.897,0.050
121000,0.053,0.900,0.047
121500,0.053,0.900,0.047
122000,0.053,0.900,0.047
122500,0.051,0.899,0.050
123000,0.051,0.901,0.048
123500,0.051,0.901,0.048
124000,0.051,0.898,0.051
124500,0.050,0.900,0.050
125000,0.050,0.902,0.048
125500,0.051,0.904,0.045
126000,0.051,0.904,0.045
126500,0.051,0.904,0.045
127000,0.051,0.905,0.044
127500,0.051,0.906,0.043
128000,0.051,0.908,0.041
128500,0.051,0.908,0.041
129000,0.051,0.908,0.041
129500,0.051,0.909,0.040
130000,0.051,0.909,0.040
130500,0.051,0.909,0.040
131000,0.051,0.910,0.039
131500,0.051,0.910,0.039
132000,0.051,0.909,0.040
132500,0.050,0.908,0.042
133000,0.049,0.906,0.045
133500,0.049,0.908,0.043
134000,0.049,0.908,0.043
134500,0.049,0.910,0.041
135000,0.049,0.910,0.041
135500,0.049,0.910,0.041
136000,0.048,0.908,0.044
136500,0.047,0.909,0.044
137000,0.047,0.909,0.044
137500,0.047,0.907,0.046
138000,0.047,0.904,0.049
138500,0.047,0.907,0.046
139000,0.047,0.899,0.054
139500,0.047,0.903,0.050
140000,0.047,0.906,0.047
140500,0.047,0.907,0.046
141000,0.047,0.905,0.048
141500,0.047,0.906,0.047
142000,0.047,0.911,0.042
142500,0.047,0.912,0.041
143000,0.047,0.912,0.041
143500,0.047,0.914,0.039
144000,0.046,0.915,0.039
144500,0.046,0.915,0.039
145000,0.045,0.916,0.039
145500,0.045,0.915,0.040
146000,0.045,0.915,0.040
146500,0.045,0.915,0.040
147000,0.043,0.916,0.041
147500,0.043,0.916,0.041
148000,0.042,0.916,0.042
148500,0.042,0.917,0.041
149000,0.042,0.918,0.040
149500,0.042,0.918,0.040
150000,0.042,0.918,0.040
150500,0.042,0.918,0.040
151000,0.042,0.920,0.038
151500,0.042,0.920,0.038
152000,0.042,0.920,0.038
152500,0.042,0.919,0.039
153000,0.042,0.919,0.039
153500,0.042,0.918,0.040
154000,0.041,0.919,0.040
154500,0.041,0.919,0.040
155000,0.041,0.919,0.040
155500,0.041,0.921,0.038
156000,0.041,0.921,0.038
156500,0.041,0.922,0.037
157000,0.041,0.922,0.037
157500,0.041,0.921,0.038
158000,0.041,0.922,0.037
158500,0.041,0.922,0.037
159000,0.041,0.922,0.037
159500,0.041,0.921,0.038
160000,0.041,0.921,0.038
160500,0.041,0.922,0.037
161000,0.041,0.923,0.036
161500,0.041,0.924,0.035
162000,0.041,0.924,0.035
162500,0.041,0.922,0.037
163000,0.041,0.923,0.036
163500,0.040,0.924,0.036
164000,0.039,0.924,0.037
164500,0.039,0.924,0.037
165000,0.039,0.924,0.037
165500,0.038,0.913,0.049
166000,0.040,0.911,0.049
166500,0.040,0.915,0.045
167000,0.038,0.902,0.060
167500,0.038,0.902,0.060
168000,0.040,0.909,0.051
168500,0.040,0.907,0.053
169000,0.040,0.905,0.055
169500,0.040,0.905,0.055
170000,0.040,0.902,0.058
170500,0.038,0.905,0.057
171000,0.036,0.907,0.057
171500,0.036,0.908,0.056
172000,0.036,0.905,0.059
172500,0.036,0.907,0.057
173000,0.039,0.909,0.052
173500,0.040,0.914,0.046
174000,0.038,0.912,0.050
174500,0.036,0.913,0.051
175000,0.036,0.917,0.047
175500,0.036,0.918,0.046
176000,0.036,0.921,0.043
176500,0.036,0.920,0.044
177000,0.036,0.924,0.040
177500,0.036,0.924,0.040
178000,0.036,0.926,0.038
178500,0.036,0.926,0.038
179000,0.036,0.926,0.038
179500,0.036,0.926,0.038
180000,0.036,0.927,0.037
180500,0.036,0.927,0.037
181000,0.036,0.927,0.037
181500,0.036,0.927,0.037
182000,0.036,0.927,0.037
182500,0.036,0.928,0.036
183000,0.035,0.927,0.038
183500,0.035,0.926,0.039
184000,0.035,0.928,0.037
184500,0.035,0.928,0.037
185000,0.035,0.928,0.037
185500,0.035,0.928,0.037
186000,0.034,0.928,0.038
186500,0.033,0.924,0.043
187000,0.033,0.926,0.041
187500,0.032,0.928,0.040
188000,0.031,0.928,0.041
188500,0.031,0.928,0.041
189000,0.030,0.930,0.041
189500,0.030,0.928,0.042
190000,0.030,0.930,0.041
190500,0.030,0.930,0.041
191000,0.030,0.930,0.041
191500,0.030,0.930,0.041
192000,0.030,0.931,0.040
192500,0.030,0.931,0.040
193000,0.030,0.931,0.040
193500,0.030,0.931,0.040
194000,0.030,0.931,0.040
194500,0.029,0.931,0.041
195000,0.029,0.931,0.041
195500,0.029,0.931,0.041
196000,0.029,0.932,0.040
196500,0.029,0.932,0.040
197000,0.029,0.932,0.040
197500,0.029,0.932,0.040
198000,0.029,0.933,0.039
198500,0.029,0.933,0.039
199000,0.029,0.931,0.041
199500,0.029,0.931,0.041
200000,0.029,0.931,0.041
200500,0.029,0.927,0.044
201000,0.028,0.930,0.043
201500,0.028,0.930,0.043
202000,0.028,0.927,0.045
202500,0.028,0.927,0.045
203000,0.028,0.926,0.046
203500,0.028,0.926,0.046
204000,0.028,0.927,0.045
204500,0.028,0.927,0.045
205000,0.028,0.925,0.047
205500,0.028,0.927,0.045
206000,0.027,0.927,0.046
206500,0.027,0.927,0.046
207000,0.027,0.926,0.047
207500,0.027,0.927,0.046
208000,0.027,0.927,0.046
208500,0.027,0.927,0.046
209000,0.027,0.921,0.052
209500,0.027,0.922,0.051
210000,0.025,0.927,0.048
210500,0.025,0.928,0.047
211000,0.025,0.927,0.048
211500,0.025,0.923,0.052
212000,0.025,0.930,0.046
212500,0.023,0.931,0.046
213000,0.023,0.931,0.046
213500,0.023,0.931,0.046
214000,0.023,0.932,0.045
214500,0.023,0.933,0.044
215000,0.023,0.934,0.043
215500,0.022,0.934,0.044
216000,0.022,0.934,0.044
216500,0.022,0.934,0.044
217000,0.022,0.934,0.044
217500,0.022,0.931,0.047
218000,0.022,0.932,0.046
218500,0.022,0.935,0.043
219000,0.022,0.935,0.043
219500,0.022,0.935,0.043
220000,0.022,0.936,0.042
220500,0.022,0.937,0.041
221000,0.022,0.937,0.041
221500,0.022,0.937,0.041
222000,0.022,0.937,0.041
222500,0.022,0.937,0.041
223000,0.022,0.937,0.041
223500,0.022,0.936,0.042
224000,0.022,0.935,0.043
224500,0.022,0.935,0.043
225000,0.022,0.938,0.040
225500,0.022,0.938,0.040
226000,0.021,0.939,0.040
226500,0.021,0.939,0.040
227000,0.021,0.940,0.039
227500,0.020,0.940,0.040
228000,0.020,0.940,0.040
228500,0.020,0.940,0.040
229000,0.020,0.941,0.039
229500,0.020,0.941,0.039
230000,0.020,0.941,0.039
230500,0.020,0.940,0.040
231000,0.020,0.941,0.039
231500,0.020,0.941,0.039
232000,0.020,0.942,0.038
232500,0.020,0.942,0.038
233000,0.020,0.942,0.038
233500,0.020,0.942,0.038
234000,0.020,0.942,0.038
234500,0.020,0.942,0.038
235000,0.020,0.942,0.038
235500,0.020,0.942,0.038
236000,0.020,0.942,0.038
236500,0.020,0.943,0.037
237000,0.020,0.943,0.037
237500,0.020,0.943,0.037
238000,0.020,0.943,0.037
238500,0.020,0.942,0.038
239000,0.020,0.943,0.037
239500,0.020,0.943,0.037
240000,0.020,0.943,0.037
240500,0.020,0.943,0.037
241000,0.020,0.943,0.037
241500,0.020,0.943,0.037
242000,0.020,0.944,0.036
242500,0.020,0.944,0.036
243000,0.020,0.944,0.036
243500,0.020,0.944,0.036
244000,0.020,0.945,0.035
244500,0.020,0.945,0.035
245000,0.019,0.945,0.036
245500,0.019,0.945,0.036
246000,0.019,0.944,0.037
246500,0.019,0.944,0.037
247000,0.019,0.945,0.036
247500,0.019,0.945,0.036
248000,0.019,0.945,0.036
248500,0.018,0.945,0.037
249000,0.018,0.945,0.037
249500,0.018,0.945,0.037
250000,0.018,0.945,0.037
250500,0.018,0.945,0.037
251000,0.018,0.945,0.037
251500,0.018,0.945,0.037
252000,0.018,0.945,0.037
252500,0.018,0.945,0.037
253000,0.018,0.944,0.038
253500,0.018,0.945,0.037
254000,0.018,0.945,0.037
254500,0.018,0.945,0.037
255000,0.018,0.945,0.037
255500,0.018,0.944,0.038
256000,0.018,0.945,0.037
256500,0.018,0.945,0.037
257000,0.017,0.945,0.038
257500,0.017,0.944,0.039
258000,0.017,0.945,0.038
258500,0.017,0.945,0.038
259000,0.017,0.945,0.038
259500,0.017,0.943,0.040
260000,0.017,0.944,0.039
260500,0.017,0.945,0.038
261000,0.017,0.945,0.038
261500,0.017,0.945,0.038
262000,0.017,0.944,0.039
262500,0.017,0.945,0.038
263000,0.017,0.946,0.037
263500,0.017,0.946,0.037
264000,0.017,0.946,0.037
264500,0.017,0.946,0.037
265000,0.017,0.946,0.037
265500,0.017,0.946,0.037
266000,0.017,0.946,0.037
266500,0.017,0.946,0.037
267000,0.017,0.946,0.037
267500,0.017,0.946,0.037
268000,0.017,0.946,0.037
268500,0.017,0.946,0.037
269000,0.017,0.946,0.037
269500,0.017,0.947,0.036
270000,0.017,0.947,0.036
270500,0.017,0.947,0.036
271000,0.017,0.946,0.037
271500,0.017,0.948,0.035
272000,0.017,0.949,0.034
272500,0.017,0.949,0.034
273000,0.017,0.950,0.033
273500,0.017,0.952,0.031
274000,0.017,0.952,0.031
274500,0.016,0.952,0.032
275000,0.016,0.952,0.032
275500,0.016,0.952,0.032
276000,0.016,0.952,0.032
276500,0.016,0.952,0.032
277000,0.015,0.952,0.033
277500,0.015,0.952,0.033
278000,0.015,0.952,0.033
278500,0.015,0.952,0.033
279000,0.015,0.952,0.033
279500,0.015,0.952,0.033
280000,0.015,0.952,0.033
280500,0.015,0.952,0.033
281000,0.015,0.952,0.033
281500,0.015,0.952,0.033
282000,0.015,0.952,0.033
282500,0.015,0.952,0.033
283000,0.015,0.952,0.033
283500,0.015,0.953,0.032
284000,0.015,0.953,0.032
284500,0.015,0.953,0.032
285000,0.015,0.953,0.032
285500,0.015,0.953,0.032
286000,0.015,0.953,0.032
286500,0.015,0.953,0.032
287000,0.015,0.954,0.031
287500,0.015,0.954,0.031
288000,0.015,0.954,0.031
288500,0.015,0.954,0.031
289000,0.015,0.954,0.031
289500,0.015,0.954,0.031
290000,0.015,0.954,0.031
290500,0.015,0.954,0.031
291000,0.015,0.954,0.031
291500,0.015,0.954,0.031
292000,0.015,0.954,0.031
292500,0.015,0.954,0.031
293000,0.015,0.954,0.031
293500,0.015,0.954,0.031
294000,0.015,0.954,0.031
294500,0.015,0.953,0.032
295000,0.015,0.954,0.031
295500,0.015,0.954,0.031
296000,0.015,0.954,0.031
296500,0.015,0.954,0.031
297000,0.015,0.954,0.031
297500,0.015,0.954,0.031
298000,0.015,0.954,0.031
298500,0.015,0.954,0.031
299000,0.015,0.954,0.031
299500,0.015,0.954,0.031
300000,0.015,0.954,0.031
300500,0.015,0.954,0.031
301000,0.015,0.953,0.032
301500,0.014,0.954,0.032
302000,0.014,0.954,0.032
302500,0.014,0.954,0.032
303000,0.014,0.954,0.032
303500,0.014,0.954,0.032
304000,0.014,0.955,0.031
304500,0.014,0.955,0.031
305000,0.014,0.955,0.031
305500,0.014,0.955,0.031
306000,0.014,0.955,0.031
306500,0.014,0.955,0.031
307000,0.014,0.955,0.031
307500,0.014,0.955,0.031
308000,0.014,0.955,0.031
308500,0.014,0.955,0.031
309000,0.014,0.955,0.031
309500,0.014,0.955,0.031
310000,0.014,0.954,0.032
310500,0.014,0.954,0.032
311000,0.014,0.952,0.034
311500,0.014,0.956,0.030
312000,0.014,0.956,0.030
312500,0.014,0.956,0.030
313000,0.014,0.956,0.030
313500,0.014,0.956,0.030
314000,0.014,0.956,0.030
314500,0.014,0.956,0.030
315000,0.014,0.956,0.030
315500,0.014,0.957,0.029
316000,0.014,0.958,0.028
316500,0.013,0.958,0.029
317000,0.013,0.958,0.029
317500,0.013,0.958,0.029
318000,0.013,0.958,0.029
318500,0.013,0.958,0.029
319000,0.013,0.958,0.029
319500,0.013,0.958,0.029
320000,0.013,0.958,0.029
320500,0.013,0.958,0.029
321000,0.013,0.958,0.029
321500,0.013,0.958,0.029
322000,0.013,0.958,0.029
322500,0.013,0.958,0.029
323000,0.013,0.958,0.029
323500,0.013,0.959,0.028
324000,0.013,0.959,0.028
324500,0.013,0.959,0.028
325000,0.013,0.959,0.028
325500,0.012,0.960,0.028
326000,0.012,0.960,0.028
326500,0.012,0.960,0.028
327000,0.012,0.960,0.028
327500,0.012,0.960,0.028
328000,0.012,0.960,0.028
328500,0.012,0.960,0.028
329000,0.012,0.960,0.028
329500,0.012,0.960,0.028
330000,0.012,0.960,0.028
330500,0.012,0.960,0.028
331000,0.012,0.960,0.028
331500,0.011,0.960,0.029
332000,0.011,0.960,0.029
332500,0.011,0.960,0.029
333000,0.011,0.960,0.029
333500,0.010,0.960,0.030
334000,0.010,0.960,0.030
334500,0.010,0.960,0.030
335000,0.010,0.962,0.028
335500,0.009,0.962,0.029
336000,0.009,0.962,0.029
336500,0.009,0.962,0.029
337000,0.009,0.962,0.029
337500,0.009,0.962,0.029
338000,0.009,0.962,0.029
338500,0.009,0.962,0.029
339000,0.009,0.962,0.029
339500,0.009,0.962,0.029
340000,0.009,0.962,0.029
340500,0.009,0.961,0.030
341000,0.009,0.961,0.030
341500,0.009,0.961,0.030
342000,0.009,0.961,0.030
342500,0.009,0.961,0.030
343000,0.009,0.960,0.031
343500,0.009,0.962,0.029
344000,0.009,0.962,0.029
344500,0.009,0.962,0.029
345000,0.009,0.963,0.028
345500,0.009,0.963,0.028
346000,0.009,0.963,0.028
346500,0.009,0.963,0.028
347000,0.009,0.963,0.028
347500,0.009,0.963,0.028
348000,0.008,0.963,0.029
348500,0.008,0.963,0.029
349000,0.008,0.963,0.029
349500,0.008,0.963,0.029
350000,0.008,0.963,0.029
350500,0.008,0.963,0.029
351000,0.008,0.963,0.029
351500,0.008,0.963,0.029
352000,0.008,0.963,0.029
352500,0.008,0.963,0.029
353000,0.008,0.963,0.029
353500,0.008,0.963,0.029
354000,0.008,0.963,0.029
354500,0.008,0.961,0.031
355000,0.008,0.961,0.031
355500,0.008,0.962,0.030
356000,0.008,0.962,0.030
356500,0.008,0.963,0.029
357000,0.008,0.962,0.030
357500,0.008,0.960,0.032
358000,0.010,0.954,0.036
358500,0.010,0.957,0.033
359000,0.011,0.959,0.030
359500,0.010,0.956,0.034
360000,0.008,0.959,0.033
360500,0.008,0.960,0.032
361000,0.008,0.960,0.032
361500,0.008,0.957,0.035
362000,0.011,0.950,0.039
362500,0.011,0.945,0.044
363000,0.011,0.949,0.040
363500,0.012,0.938,0.050
364000,0.009,0.945,0.046
364500,0.011,0.946,0.043
365000,0.011,0.946,0.043
365500,0.009,0.948,0.043
366000,0.009,0.952,0.039
366500,0.009,0.952,0.039
367000,0.009,0.953,0.038
367500,0.008,0.954,0.038
368000,0.008,0.956,0.036
368500,0.008,0.955,0.037
369000,0.008,0.954,0.038
369500,0.008,0.954,0.038
370000,0.008,0.955,0.037
370500,0.008,0.955,0.037
371000,0.008,0.958,0.034
371500,0.008,0.959,0.033
372000,0.008,0.959,0.033
372500,0.008,0.960,0.032
373000,0.008,0.961,0.031
373500,0.008,0.961,0.031
374000,0.008,0.961,0.031
374500,0.008,0.961,0.031
375000,0.008,0.961,0.031
375500,0.008,0.961,0.031
376000,0.008,0.961,0.031
376500,0.008,0.961,0.031
377000,0.008,0.961,0.031
377500,0.008,0.962,0.030
378000,0.008,0.962,0.030
378500,0.008,0.962,0.030
379000,0.008,0.962,0.030
379500,0.008,0.962,0.030
380000,0.008,0.962,0.030
380500,0.008,0.963,0.029
381000,0.008,0.964,0.028
381500,0.008,0.964,0.028
382000,0.008,0.964,0.028
382500,0.008,0.964,0.028
383000,0.008,0.964,0.028
383500,0.008,0.964,0.028
384000,0.008,0.964,0.028
384500,0.008,0.964,0.028
385000,0.008,0.964,0.028
385500,0.008,0.964,0.028
386000,0.008,0.965,0.027
386500,0.008,0.965,0.027
387000,0.008,0.965,0.027
387500,0.008,0.965,0.027
388000,0.008,0.965,0.027
388500,0.008,0.965,0.027
389000,0.008,0.965,0.027
389500,0.007,0.965,0.028
390000,0.007,0.966,0.027
390500,0.007,0.966,0.027
391000,0.007,0.966,0.027
391500,0.007,0.966,0.027
392000,0.007,0.965,0.028
392500,0.007,0.965,0.028
393000,0.007,0.965,0.028
393500,0.007,0.965,0.028
394000,0.007,0.965,0.028
394500,0.007,0.965,0.028
395000,0.007,0.965,0.028
395500,0.007,0.965,0.028
396000,0.007,0.965,0.028
396500,0.007,0.966,0.027
397000,0.007,0.966,0.027
397500,0.007,0.966,0.027
398000,0.007,0.966,0.027
398500,0.007,0.966,0.027
399000,0.007,0.966,0.027
399500,0.007,0.966,0.027
400000,0.007,0.965,0.028
400500,0.007,0.965,0.028
401000,0.007,0.964,0.029
401500,0.007,0.964,0.029
402000,0.007,0.965,0.028
402500,0.007,0.965,0.028
403000,0.007,0.960,0.033
403500,0.007,0.964,0.029
404000,0.007,0.966,0.027
404500,0.007,0.967,0.026
405000,0.007,0.967,0.026
405500,0.007,0.967,0.026
406000,0.007,0.967,0.026
406500,0.007,0.967,0.026
407000,0.007,0.966,0.027
407500,0.007,0.967,0.026
408000,0.007,0.967,0.026
408500,0.007,0.967,0.026
409000,0.007,0.967,0.026
409500,0.007,0.967,0.026
410000,0.007,0.967,0.026
410500,0.007,0.967,0.026
411000,0.007,0.967,0.026
411500,0.007,0.968,0.025
412000,0.007,0.968,0.025
412500,0.007,0.968,0.025
413000,0.007,0.968,0.025
413500,0.007,0.968,0.025
414000,0.007,0.968,0.025
414500,0.007,0.968,0.025
415000,0.007,0.968,0.025
415500,0.007,0.968,0.025
416000,0.007,0.968,0.025
416500,0.007,0.968,0.025
417000,0.007,0.968,0.025
417500,0.007,0.968,0.025
418000,0.007,0.968,0.025
418500,0.007,0.968,0.025
419000,0.007,0.968,0.025
419500,0.007,0.968,0.025
420000,0.007,0.968,0.025
420500,0.007,0.968,0.025
421000,0.007,0.968,0.025
421500,0.007,0.968,0.025
422000,0.007,0.969,0.023
422500,0.007,0.969,0.023
423000,0.007,0.970,0.022
423500,0.007,0.970,0.022
424000,0.007,0.970,0.022
424500,0.007,0.971,0.021
425000,0.007,0.971,0.021
425500,0.007,0.971,0.021
426000,0.007,0.971,0.021
426500,0.007,0.971,0.021
427000,0.007,0.971,0.021
427500,0.007,0.971,0.021
428000,0.007,0.971,0.021
428500,0.007,0.971,0.021
429000,0.007,0.971,0.021
429500,0.007,0.971,0.021
430000,0.007,0.971,0.021
430500,0.007,0.971,0.021
431000,0.007,0.971,0.021
431500,0.007,0.971,0.021
432000,0.007,0.971,0.021
432500,0.007,0.971,0.021
433000,0.007,0.971,0.021
433500,0.007,0.971,0.021
434000,0.007,0.971,0.021
434500,0.007,0.971,0.021
435000,0.007,0.971,0.021
435500,0.007,0.971,0.021
436000,0.007,0.971,0.021
436500,0.007,0.971,0.021
437000,0.007,0.971,0.021
437500,0.007,0.971,0.021
438000,0.007,0.971,0.021
438500,0.007,0.971,0.021
439000,0.007,0.971,0.021
439500,0.007,0.971,0.021
440000,0.007,0.971,0.021
440500,0.007,0.971,0.021
441000,0.007,0.971,0.021
441500,0.007,0.971,0.021
442000,0.007,0.971,0.021
442500,0.007,0.971,0.021
443000,0.007,0.971,0.021
443500,0.007,0.971,0.021
444000,0.007,0.971,0.021
444500,0.007,0.971,0.021
445000,0.007,0.971,0.021
445500,0.007,0.971,0.021
446000,0.007,0.971,0.021
446500,0.007,0.971,0.021
447000,0.007,0.971,0.021
447500,0.007,0.971,0.021
448000,0.007,0.971,0.021
448500,0.007,0.971,0.021
449000,0.007,0.972,0.020
449500,0.007,0.972,0.020
450000,0.007,0.972,0.020
450500,0.007,0.972,0.020
451000,0.007,0.972,0.020
451500,0.007,0.973,0.019
452000,0.007,0.973,0.019
452500,0.007,0.973,0.019
453000,0.007,0.973,0.019
453500,0.007,0.973,0.019
454000,0.007,0.973,0.019
454500,0.007,0.973,0.019
455000,0.007,0.973,0.019
455500,0.007,0.973,0.019
456000,0.007,0.973,0.019
456500,0.007,0.973,0.019
457000,0.007,0.973,0.019
457500,0.007,0.973,0.019
458000,0.007,0.973,0.019
458500,0.007,0.973,0.019
459000,0.007,0.973,0.019
459500,0.007,0.973,0.019
460000,0.007,0.973,0.019
460500,0.007,0.973,0.019
461000,0.007,0.973,0.019
461500,0.007,0.973,0.019
462000,0.007,0.973,0.019
462500,0.007,0.973,0.019
463000,0.007,0.973,0.019
463500,0.007,0.973,0.019
464000,0.007,0.973,0.019
464500,0.007,0.973,0.019
465000,0.007,0.972,0.020
465500,0.007,0.971,0.021
466000,0.007,0.971,0.021
466500,0.007,0.969,0.023
467000,0.007,0.971,0.021
467500,0.007,0.973,0.019
468000,0.007,0.973,0.019
468500,0.007,0.973,0.019
469000,0.007,0.973,0.019
469500,0.007,0.973,0.019
470000,0.007,0.973,0.019
470500,0.007,0.973,0.019
471000,0.007,0.973,0.019
471500,0.007,0.973,0.019
472000,0.007,0.973,0.019
472500,0.007,0.973,0.019
473000,0.007,0.973,0.019
473500,0.007,0.973,0.019
474000,0.007,0.972,0.020
474500,0.007,0.973,0.019
475000,0.007,0.973,0.019
475500,0.007,0.973,0.019
476000,0.007,0.973,0.019
476500,0.007,0.973,0.019
477000,0.007,0.973,0.019
477500,0.007,0.973,0.019
478000,0.007,0.973,0.019
478500,0.007,0.973,0.019
479000,0.007,0.972,0.020
479500,0.007,0.972,0.020
480000,0.007,0.972,0.020
480500,0.007,0.972,0.020
481000,0.007,0.972,0.020
481500,0.007,0.972,0.020
482000,0.007,0.972,0.020
482500,0.007,0.972,0.020
483000,0.007,0.972,0.020
483500,0.007,0.972,0.020
484000,0.007,0.972,0.020
484500,0.007,0.972,0.020
485000,0.007,0.972,0.020
485500,0.007,0.973,0.019
486000,0.007,0.973,0.019
486500,0.007,0.973,0.019
487000,0.007,0.973,0.019
487500,0.007,0.973,0.019
488000,0.007,0.973,0.019
488500,0.007,0.973,0.019
489000,0.007,0.973,0.019
489500,0.007,0.973,0.019
490000,0.007,0.973,0.019
490500,0.007,0.973,0.019
491000,0.007,0.973,0.019
491500,0.007,0.973,0.019
492000,0.007,0.973,0.019
492500,0.007,0.973,0.019
493000,0.007,0.973,0.019
493500,0.007,0.973,0.019
494000,0.007,0.973,0.019
494500,0.007,0.974,0.018
495000,0.007,0.974,0.018
495500,0.007,0.974,0.018
496000,0.007,0.974,0.018
496500,0.007,0.974,0.018
497000,0.007,0.974,0.018
497500,0.007,0.974,0.018
498000,0.007,0.974,0.018
498500,0.007,0.974,0.018
499000,0.007,0.974,0.018
499500,0.007,0.974,0.018
500000,0.007,0.974,0.018
500500,0.007,0.974,0.018
501000,0.007,0.974,0.018
501500,0.007,0.974,0.018
502000,0.007,0.974,0.018
502500,0.007,0.974,0.018
503000,0.007,0.974,0.018
503500,0.007,0.974,0.018
504000,0.007,0.974,0.018
504500,0.007,0.974,0.018
505000,0.007,0.974,0.018
505500,0.007,0.974,0.018
506000,0.007,0.974,0.018
506500,0.007,0.973,0.019
507000,0.007,0.973,0.019
507500,0.007,0.974,0.018
508000,0.007,0.974,0.018
508500,0.007,0.974,0.018
509000,0.007,0.972,0.020
509500,0.007,0.974,0.018
510000,0.007,0.974,0.018
510500,0.007,0.974,0.018
511000,0.007,0.974,0.018
511500,0.007,0.974,0.018
512000,0.007,0.974,0.018
512500,0.007,0.974,0.018
513000,0.007,0.974,0.018
513500,0.007,0.974,0.018
514000,0.007,0.975,0.017
514500,0.007,0.975,0.017
515000,0.007,0.975,0.017
515500,0.007,0.975,0.017
516000,0.007,0.975,0.017
516500,0.007,0.975,0.017
517000,0.007,0.977,0.016
517500,0.007,0.977,0.016
518000,0.007,0.977,0.016
518500,0.007,0.977,0.016
519000,0.007,0.977,0.016
519500,0.007,0.977,0.016
520000,0.007,0.977,0.016
520500,0.007,0.977,0.016
521000,0.007,0.977,0.016
521500,0.007,0.977,0.016
522000,0.006,0.977,0.017
522500,0.006,0.977,0.017
523000,0.006,0.977,0.017
523500,0.006,0.977,0.017
524000,0.006,0.977,0.017
524500,0.006,0.977,0.017
525000,0.006,0.977,0.017
525500,0.006,0.977,0.017
526000,0.006,0.977,0.017
526500,0.006,0.977,0.017
527000,0.006,0.977,0.017
527500,0.006,0.977,0.017
528000,0.006,0.977,0.017
528500,0.006,0.977,0.017
529000,0.006,0.977,0.017
529500,0.006,0.977,0.017
530000,0.006,0.977,0.017
530500,0.006,0.977,0.017
531000,0.006,0.978,0.016
531500,0.006,0.979,0.015
532000,0.006,0.979,0.015
532500,0.006,0.979,0.015
533000,0.006,0.979,0.015
533500,0.006,0.979,0.015
534000,0.006,0.979,0.015
534500,0.006,0.979,0.015
535000,0.006,0.979,0.015
535500,0.006,0.979,0.015
536000,0.006,0.979,0.015
536500,0.006,0.979,0.015
537000,0.006,0.979,0.015
537500,0.006,0.979,0.015
538000,0.006,0.979,0.015
538500,0.006,0.979,0.015
539000,0.006,0.979,0.015
539500,0.006,0.979,0.015
540000,0.006,0.979,0.015
540500,0.006,0.979,0.015
541000,0.006,0.979,0.015
541500,0.006,0.979,0.015
542000,0.006,0.979,0.015
542500,0.006,0.980,0.014
543000,0.006,0.980,0.014
543500,0.006,0.980,0.014
544000,0.006,0.980,0.014
544500,0.006,0.980,0.014
545000,0.006,0.980,0.014
545500,0.006,0.980,0.014
546000,0.006,0.980,0.014
546500,0.006,0.980,0.014
547000,0.006,0.980,0.014
547500,0.006,0.980,0.014
548000,0.006,0.980,0.014
548500,0.006,0.980,0.014
549000,0.006,0.980,0.014
549500,0.006,0.980,0.014
550000,0.006,0.980,0.014
550500,0.006,0.980,0.014
551000,0.006,0.980,0.014
551500,0.006,0.980,0.014
552000,0.006,0.980,0.014
552500,0.006,0.980,0.014
553000,0.006,0.980,0.014
553500,0.006,0.980,0.014
554000,0.006,0.980,0.014
554500,0.006,0.980,0.014
555000,0.006,0.980,0.014
555500,0.006,0.980,0.014
556000,0.006,0.980,0.014
556500,0.006,0.980,0.014
557000,0.006,0.981,0.013
557500,0.006,0.981,0.013
558000,0.006,0.981,0.013
558500,0.006,0.981,0.013
559000,0.006,0.981,0.013
559500,0.006,0.981,0.013
560000,0.006,0.981,0.013
560500,0.006,0.981,0.013
561000,0.006,0.981,0.013
561500,0.006,0.981,0.013
562000,0.006,0.981,0.013
562500,0.006,0.981,0.013
563000,0.006,0.981,0.013
563500,0.006,0.981,0.013
564000,0.006,0.981,0.013
564500,0.006,0.981,0.013
565000,0.006,0.981,0.013
565500,0.006,0.981,0.013
566000,0.006,0.981,0.013
566500,0.006,0.981,0.013
567000,0.006,0.981,0.013
567500,0.006,0.981,0.013
568000,0.006,0.981,0.013
568500,0.006,0.981,0.013
569000,0.006,0.982,0.012
569500,0.006,0.982,0.012
570000,0.006,0.982,0.012
570500,0.006,0.982,0.012
571000,0.006,0.982,0.012
571500,0.006,0.982,0.012
572000,0.006,0.982,0.012
572500,0.006,0.982,0.012
573000,0.006,0.983,0.011
573500,0.006,0.983,0.011
574000,0.006,0.983,0.011
574500,0.006,0.983,0.011
575000,0.006,0.984,0.010
575500,0.006,0.984,0.010
576000,0.006,0.984,0.010
576500,0.006,0.984,0.010
577000,0.006,0.984,0.010
577500,0.006,0.984,0.010
578000,0.006,0.984,0.010
578500,0.006,0.984,0.010
579000,0.006,0.984,0.010
579500,0.006,0.984,0.010
580000,0.006,0.984,0.010
580500,0.006,0.984,0.010
581000,0.006,0.984,0.010
581500,0.006,0.984,0.010
582000,0.006,0.984,0.010
582500,0.006,0.985,0.009
583000,0.006,0.985,0.009
583500,0.006,0.985,0.009
584000,0.006,0.985,0.009
584500,0.006,0.985,0.009
585000,0.006,0.985,0.009
585500,0.006,0.985,0.009
586000,0.006,0.985,0.009
586500,0.006,0.985,0.009
587000,0.006,0.985,0.009
587500,0.006,0.985,0.009
588000,0.006,0.985,0.009
588500,0.006,0.985,0.009
589000,0.006,0.985,0.009
589500,0.006,0.985,0.009
590000,0.005,0.985,0.010
590500,0.005,0.985,0.010
591000,0.005,0.985,0.010
591500,0.005,0.985,0.010
592000,0.005,0.985,0.010
592500,0.005,0.985,0.010
593000,0.005,0.985,0.010
593500,0.005,0.985,0.010
594000,0.005,0.985,0.010
594500,0.005,0.985,0.010
595000,0.005,0.985,0.010
595500,0.005,0.985,0.010
596000,0.005,0.985,0.010
596500,0.005,0.985,0.010
597000,0.005,0.985,0.010
597500,0.005,0.985,0.010
598000,0.005,0.985,0.010
598500,0.005,0.985,0.010
599000,0.005,0.985,0.010
599500,0.005,0.985,0.010
600000,0.005,0.985,0.010
600500,0.005,0.985,0.010
601000,0.005,0.985,0.010
601500,0.005,0.985,0.010
602000,0.005,0.985,0.010
602500,0.005,0.985,0.010
603000,0.005,0.985,0.010
603500,0.005,0.985,0.010
604000,0.005,0.985,0.010
604500,0.005,0.985,0.010
605000,0.005,0.985,0.010
605500,0.005,0.985,0.010
606000,0.005,0.985,0.010
606500,0.005,0.985,0.010
607000,0.005,0.985,0.010
607500,0.005,0.985,0.010
608000,0.005,0.985,0.010
608500,0.005,0.985,0.010
609000,0.005,0.985,0.010
609500,0.005,0.985,0.010
610000,0.005,0.985,0.010
610500,0.005,0.985,0.010
611000,0.005,0.985,0.010
611500,0.005,0.985,0.010
612000,0.005,0.985,0.010
612500,0.005,0.985,0.010
613000,0.005,0.985,0.010
613500,0.005,0.985,0.010
614000,0.005,0.985,0.010
614500,0.005,0.985,0.010
615000,0.005,0.985,0.010
615500,0.005,0.985,0.010
616000,0.005,0.985,0.010
616500,0.005,0.985,0.010
617000,0.005,0.985,0.010
617500,0.005,0.985,0.010
618000,0.005,0.985,0.010
618500,0.005,0.985,0.010
619000,0.005,0.985,0.010
619500,0.005,0.985,0.010
620000,0.005,0.985,0.010
620500,0.005,0.985,0.010
621000,0.005,0.985,0.010
621500,0.005,0.985,0.010
622000,0.005,0.985,0.010
622500,0.005,0.985,0.010
623000,0.005,0.985,0.010
623500,0.005,0.985,0.010
624000,0.005,0.985,0.010
624500,0.005,0.984,0.011
625000,0.005,0.984,0.011
625500,0.005,0.982,0.013
626000,0.005,0.985,0.010
626500,0.005,0.985,0.010
627000,0.005,0.985,0.010
627500,0.005,0.985,0.010
628000,0.005,0.985,0.010
628500,0.005,0.985,0.010
629000,0.005,0.985,0.010
629500,0.005,0.985,0.010
630000,0.005,0.985,0.010
630500,0.005,0.985,0.010
631000,0.005,0.985,0.010
631500,0.005,0.985,0.010
632000,0.005,0.985,0.010
632500,0.005,0.985,0.010
633000,0.005,0.985,0.010
633500,0.005,0.985,0.010
634000,0.005,0.985,0.010
634500,0.005,0.985,0.010
635000,0.005,0.985,0.010
635500,0.005,0.985,0.010
636000,0.004,0.985,0.011
636500,0.004,0.985,0.011
637000,0.004,0.985,0.011
637500,0.004,0.985,0.011
638000,0.004,0.985,0.011
638500,0.004,0.985,0.011
639000,0.004,0.985,0.011
639500,0.004,0.985,0.011
640000,0.004,0.985,0.011
640500,0.004,0.985,0.011
641000,0.004,0.985,0.011
641500,0.004,0.985,0.011
642000,0.004,0.985,0.011
642500,0.004,0.985,0.011
643000,0.004,0.985,0.011
643500,0.004,0.985,0.011
644000,0.004,0.985,0.011
644500,0.004,0.985,0.011
645000,0.004,0.985,0.011
645500,0.004,0.985,0.011
646000,0.004,0.985,0.011
646500,0.004,0.985,0.011
647000,0.004,0.985,0.011
647500,0.004,0.985,0.011
648000,0.004,0.985,0.011
648500,0.004,0.985,0.011
649000,0.004,0.985,0.011
649500,0.004,0.985,0.011
650000,0.004,0.985,0.011
650500,0.004,0.985,0.011
651000,0.004,0.985,0.011
651500,0.004,0.985,0.011
652000,0.004,0.985,0.011
652500,0.004,0.985,0.011
653000,0.004,0.985,0.011
653500,0.004,0.985,0.011
654000,0.004,0.985,0.011
654500,0.004,0.985,0.011
655000,0.004,0.985,0.011
655500,0.004,0.985,0.011
656000,0.004,0.985,0.011
656500,0.004,0.985,0.011
657000,0.004,0.985,0.011
657500,0.004,0.985,0.011
658000,0.004,0.985,0.011
658500,0.004,0.985,0.011
659000,0.004,0.985,0.011
659500,0.004,0.985,0.011
660000,0.004,0.985,0.011
660500,0.004,0.985,0.011
661000,0.004,0.985,0.011
661500,0.004,0.985,0.011
662000,0.004,0.985,0.011
662500,0.004,0.985,0.011
663000,0.004,0.985,0.011
663500,0.004,0.985,0.011
664000,0.004,0.985,0.011
664500,0.004,0.985,0.011
665000,0.004,0.985,0.011
665500,0.004,0.985,0.011
666000,0.004,0.985,0.011
666500,0.004,0.983,0.013
667000,0.004,0.978,0.018
667500,0.004,0.971,0.025
668000,0.004,0.973,0.022
668500,0.004,0.973,0.022
669000,0.004,0.979,0.017
669500,0.004,0.981,0.015
670000,0.004,0.981,0.015
670500,0.004,0.982,0.014
671000,0.004,0.984,0.012
671500,0.004,0.984,0.012
672000,0.004,0.984,0.012
672500,0.004,0.984,0.012
673000,0.004,0.984,0.012
673500,0.004,0.985,0.011
674000,0.004,0.985,0.011
674500,0.004,0.985,0.011
675000,0.004,0.985,0.011
675500,0.004,0.986,0.010
676000,0.004,0.986,0.010
676500,0.004,0.986,0.010
677000,0.004,0.986,0.010
677500,0.004,0.986,0.010
678000,0.004,0.986,0.010
678500,0.004,0.986,0.010
679000,0.004,0.986,0.010
679500,0.004,0.986,0.010
680000,0.004,0.986,0.010
680500,0.004,0.986,0.010
681000,0.004,0.986,0.010
681500,0.004,0.986,0.010
682000,0.004,0.986,0.010
682500,0.004,0.986,0.010
683000,0.004,0.986,0.010
683500,0.004,0.987,0.009
684000,0.004,0.987,0.009
684500,0.004,0.987,0.009
685000,0.004,0.987,0.009
685500,0.004,0.987,0.009
686000,0.004,0.987,0.009
686500,0.004,0.987,0.009
687000,0.004,0.987,0.009
687500,0.004,0.987,0.009
688000,0.004,0.987,0.009
688500,0.004,0.987,0.009
689000,0.004,0.987,0.009
689500,0.004,0.987,0.009
690000,0.004,0.987,0.009
690500,0.004,0.987,0.009
691000,0.004,0.987,0.009
691500,0.004,0.987,0.009
692000,0.004,0.987,0.009
692500,0.004,0.987,0.009
693000,0.004,0.987,0.009
693500,0.004,0.988,0.008
694000,0.004,0.988,0.008
694500,0.004,0.988,0.008
695000,0.004,0.988,0.008
695500,0.004,0.988,0.008
696000,0.004,0.988,0.008
696500,0.004,0.988,0.008
697000,0.004,0.988,0.008
697500,0.004,0.988,0.008
698000,0.004,0.988,0.008
698500,0.004,0.988,0.008
699000,0.004,0.988,0.008
699500,0.004,0.989,0.007
700000,0.004,0.989,0.007
700500,0.004,0.989,0.007
701000,0.004,0.989,0.007
701500,0.004,0.989,0.007
702000,0.004,0.989,0.007
702500,0.004,0.989,0.007
703000,0.004,0.989,0.007
703500,0.004,0.989,0.007
704000,0.004,0.989,0.007
704500,0.004,0.989,0.007
705000,0.004,0.989,0.007
705500,0.004,0.989,0.007
706000,0.004,0.989,0.007
706500,0.004,0.989,0.007
707000,0.004,0.989,0.007
707500,0.004,0.989,0.007
708000,0.004,0.989,0.007
708500,0.004,0.989,0.007
709000,0.004,0.989,0.007
709500,0.004,0.989,0.007
710000,0.004,0.989,0.007
710500,0.004,0.989,0.007
711000,0.004,0.989,0.007
711500,0.004,0.989,0.007
712000,0.004,0.989,0.007
712500,0.004,0.989,0.007
713000,0.004,0.989,0.007
713500,0.004,0.989,0.007
714000,0.004,0.989,0.007
714500,0.004,0.989,0.007
715000,0.004,0.989,0.007
715500,0.004,0.989,0.007
716000,0.004,0.989,0.007
716500,0.004,0.989,0.007
717000,0.004,0.989,0.007
717500,0.004,0.989,0.007
718000,0.004,0.989,0.007
718500,0.004,0.989,0.007
719000,0.004,0.989,0.007
719500,0.004,0.989,0.007
720000,0.004,0.989,0.007
720500,0.004,0.989,0.007
721000,0.004,0.989,0.007
721500,0.004,0.989,0.007
722000,0.004,0.989,0.007
722500,0.004,0.989,0.007
723000,0.004,0.989,0.007
723500,0.004,0.989,0.007
724000,0.004,0.989,0.007
724500,0.004,0.989,0.007
725000,0.004,0.989,0.007
725500,0.004,0.989,0.007
726000,0.004,0.989,0.007
726500,0.004,0.989,0.007
727000,0.004,0.989,0.007
727500,0.004,0.989,0.007
728000,0.004,0.989,0.007
728500,0.004,0.989,0.007
729000,0.004,0.989,0.007
729500,0.004,0.989,0.007
730000,0.004,0.989,0.007
730500,0.004,0.989,0.007
731000,0.004,0.989,0.007
731500,0.004,0.989,0.007
732000,0.004,0.989,0.007
732500,0.004,0.989,0.007
733000,0.004,0.990,0.006
733500,0.004,0.990,0.006
734000,0.004,0.990,0.006
734500,0.004,0.990,0.006
735000,0.004,0.990,0.006
735500,0.004,0.990,0.006
736000,0.004,0.990,0.006
736500,0.004,0.990,0.006
737000,0.004,0.990,0.006
737500,0.004,0.990,0.006
738000,0.004,0.990,0.006
738500,0.004,0.990,0.006
739000,0.004,0.990,0.006
739500,0.004,0.990,0.006
740000,0.004,0.990,0.006
740500,0.004,0.990,0.006
741000,0.004,0.990,0.006
741500,0.004,0.990,0.006
742000,0.004,0.990,0.006
742500,0.004,0.990,0.006
743000,0.004,0.990,0.006
743500,0.004,0.990,0.006
744000,0.004,0.990,0.006
744500,0.004,0.990,0.006
745000,0.004,0.990,0.006
745500,0.004,0.990,0.006
746000,0.004,0.990,0.006
746500,0.004,0.990,0.006
747000,0.004,0.990,0.006
747500,0.004,0.990,0.006
748000,0.004,0.990,0.006
748500,0.004,0.990,0.006
749000,0.004,0.990,0.006
749500,0.004,0.990,0.006
750000,0.004,0.990,0.006
750500,0.004,0.990,0.006
751000,0.004,0.990,0.006
751500,0.004,0.990,0.006
752000,0.004,0.990,0.006
752500,0.004,0.990,0.006
753000,0.004,0.990,0.006
753500,0.004,0.990,0.006
754000,0.004,0.990,0.006
754500,0.004,0.990,0.006
755000,0.004,0.990,0.006
755500,0.004,0.990,0.006
756000,0.004,0.990,0.006
756500,0.004,0.990,0.006
757000,0.004,0.990,0.006
757500,0.004,0.990,0.006
758000,0.004,0.990,0.006
758500,0.004,0.990,0.006
759000,0.004,0.990,0.006
759500,0.004,0.990,0.006
760000,0.004,0.990,0.006
760500,0.004,0.990,0.006
761000,0.004,0.990,0.006
761500,0.004,0.990,0.006
762000,0.004,0.990,0.006
762500,0.004,0.990,0.006
763000,0.004,0.990,0.006
763500,0.004,0.990,0.006
764000,0.003,0.990,0.007
764500,0.003,0.990,0.007
765000,0.003,0.990,0.007
765500,0.003,0.990,0.007
766000,0.003,0.990,0.007
766500,0.003,0.990,0.007
767000,0.003,0.990,0.007
767500,0.003,0.990,0.007
768000,0.003,0.990,0.007
768500,0.003,0.990,0.007
769000,0.003,0.990,0.007
769500,0.003,0.990,0.007
770000,0.003,0.990,0.007
770500,0.003,0.990,0.007
771000,0.003,0.990,0.007
771500,0.003,0.990,0.007
772000,0.003,0.990,0.007
772500,0.003,0.990,0.007
773000,0.003,0.990,0.007
773500,0.003,0.990,0.007
774000,0.003,0.990,0.007
774500,0.003,0.990,0.007
775000,0.003,0.990,0.007
775500,0.003,0.990,0.007
776000,0.003,0.990,0.007
776500,0.003,0.990,0.007
777000,0.003,0.990,0.007
777500,0.003,0.990,0.007
778000,0.003,0.990,0.007
778500,0.003,0.990,0.007
779000,0.003,0.990,0.007
779500,0.003,0.990,0.007
780000,0.003,0.990,0.007
780500,0.003,0.990,0.007
781000,0.003,0.990,0.007
781500,0.003,0.990,0.007
782000,0.003,0.990,0.007
782500,0.003,0.990,0.007
783000,0.003,0.990,0.007
783500,0.003,0.990,0.007
784000,0.003,0.991,0.006
784500,0.003,0.991,0.006
785000,0.003,0.991,0.006
785500,0.003,0.991,0.006
786000,0.003,0.991,0.006
786500,0.002,0.991,0.007
787000,0.002,0.991,0.007
787500,0.002,0.991,0.007
788000,0.002,0.991,0.007
788500,0.002,0.991,0.007
789000,0.002,0.991,0.007
789500,0.002,0.991,0.007
790000,0.002,0.991,0.007
790500,0.002,0.991,0.007
791000,0.002,0.991,0.007
791500,0.002,0.991,0.007
792000,0.002,0.991,0.007
792500,0.002,0.991,0.007
793000,0.002,0.991,0.007
793500,0.002,0.991,0.007
794000,0.002,0.991,0.007
794500,0.002,0.991,0.007
795000,0.002,0.991,0.007
795500,0.002,0.991,0.007
796000,0.002,0.991,0.007
796500,0.002,0.991,0.007
797000,0.002,0.991,0.007
797500,0.002,0.991,0.007
798000,0.002,0.991,0.007
798500,0.002,0.991,0.007
799000,0.002,0.991,0.007
799500,0.002,0.991,0.007
800000,0.002,0.991,0.007
800500,0.002,0.991,0.007
801000,0.002,0.991,0.007
801500,0.002,0.991,0.007
802000,0.002,0.991,0.007
802500,0.002,0.991,0.007
803000,0.002,0.991,0.007
803500,0.002,0.991,0.007
804000,0.002,0.991,0.007
804500,0.002,0.991,0.007
805000,0.002,0.991,0.007
805500,0.002,0.991,0.007
806000,0.002,0.991,0.007
806500,0.002,0.991,0.007
807000,0.002,0.991,0.007
807500,0.002,0.991,0.007
808000,0.002,0.991,0.007
808500,0.002,0.991,0.007
809000,0.002,0.991,0.007
809500,0.002,0.991,0.007
810000,0.002,0.991,0.007
810500,0.002,0.991,0.007
811000,0.002,0.991,0.007
811500,0.002,0.991,0.007
812000,0.002,0.991,0.007
812500,0.002,0.991,0.007
813000,0.002,0.991,0.007
813500,0.002,0.991,0.007
814000,0.002,0.991,0.007
814500,0.002,0.991,0.007
815000,0.002,0.991,0.007
815500,0.002,0.991,0.007
816000,0.002,0.991,0.007
816500,0.002,0.991,0.007
817000,0.002,0.991,0.007
817500,0.002,0.991,0.007
818000,0.002,0.991,0.007
818500,0.002,0.991,0.007
819000,0.002,0.991,0.007
819500,0.002,0.991,0.007
820000,0.002,0.991,0.007
820500,0.002,0.991,0.007
821000,0.002,0.991,0.007
821500,0.002,0.991,0.007
822000,0.002,0.991,0.007
822500,0.002,0.991,0.007
823000,0.002,0.991,0.007
823500,0.002,0.991,0.007
824000,0.002,0.991,0.007
824500,0.002,0.991,0.007
825000,0.002,0.991,0.007
825500,0.002,0.991,0.007
826000,0.002,0.990,0.008
826500,0.002,0.991,0.007
827000,0.002,0.991,0.007
827500,0.002,0.991,0.007
828000,0.002,0.991,0.007
828500,0.002,0.991,0.007
829000,0.002,0.991,0.007
829500,0.002,0.991,0.007
830000,0.002,0.991,0.007
830500,0.002,0.991,0.007
831000,0.002,0.991,0.007
831500,0.002,0.991,0.007
832000,0.002,0.991,0.007
832500,0.002,0.991,0.007
833000,0.002,0.991,0.007
833500,0.002,0.991,0.007
834000,0.002,0.991,0.007
834500,0.002,0.991,0.007
835000,0.002,0.991,0.007
835500,0.002,0.991,0.007
836000,0.002,0.991,0.007
836500,0.002,0.991,0.007
837000,0.002,0.991,0.007
837500,0.002,0.991,0.007
838000,0.002,0.991,0.007
838500,0.002,0.991,0.007
839000,0.002,0.991,0.007
839500,0.002,0.991,0.007
840000,0.002,0.991,0.007
840500,0.002,0.991,0.007
841000,0.002,0.991,0.007
841500,0.002,0.991,0.007
842000,0.002,0.991,0.007
842500,0.002,0.991,0.007
843000,0.002,0.991,0.007
843500,0.002,0.991,0.007
844000,0.002,0.991,0.007
844500,0.002,0.991,0.007
845000,0.002,0.991,0.007
845500,0.002,0.991,0.007
846000,0.002,0.991,0.007
846500,0.002,0.991,0.007
847000,0.002,0.991,0.007
847500,0.002,0.991,0.007
848000,0.002,0.991,0.007
848500,0.002,0.991,0.007
849000,0.002,0.991,0.007
849500,0.002,0.991,0.007
850000,0.002,0.991,0.007
850500,0.002,0.991,0.007
851000,0.002,0.991,0.007
851500,0.002,0.991,0.007
852000,0.002,0.991,0.007
852500,0.002,0.991,0.007
853000,0.002,0.991,0.007
853500,0.002,0.991,0.007
854000,0.002,0.991,0.007
854500,0.002,0.991,0.007
855000,0.002,0.991,0.007
855500,0.002,0.991,0.007
856000,0.002,0.991,0.007
856500,0.002,0.991,0.007
857000,0.002,0.991,0.007
857500,0.002,0.991,0.007
858000,0.002,0.991,0.007
858500,0.002,0.991,0.007
859000,0.002,0.991,0.007
859500,0.002,0.991,0.007
860000,0.002,0.991,0.007
860500,0.002,0.991,0.007
861000,0.002,0.991,0.007
861500,0.002,0.991,0.007
862000,0.002,0.991,0.007
862500,0.002,0.991,0.007
863000,0.002,0.991,0.007
863500,0.002,0.991,0.007
864000,0.002,0.991,0.007
864500,0.002,0.991,0.007
865000,0.002,0.991,0.007
865500,0.002,0.991,0.007
866000,0.002,0.991,0.007
866500,0.002,0.991,0.007
867000,0.002,0.991,0.007
867500,0.002,0.991,0.007
868000,0.002,0.991,0.007
868500,0.002,0.991,0.007
869000,0.002,0.991,0.007
869500,0.002,0.991,0.007
870000,0.002,0.991,0.007
870500,0.002,0.991,0.007
871000,0.002,0.991,0.007
871500,0.002,0.991,0.007
872000,0.002,0.991,0.007
872500,0.002,0.991,0.007
873000,0.002,0.991,0.007
873500,0.002,0.991,0.007
874000,0.002,0.991,0.007
874500,0.002,0.991,0.007
875000,0.002,0.991,0.007
875500,0.002,0.991,0.007
876000,0.002,0.991,0.007
876500,0.002,0.991,0.007
877000,0.002,0.991,0.007
877500,0.002,0.991,0.007
878000,0.002,0.991,0.007
878500,0.002,0.991,0.007
879000,0.002,0.991,0.007
879500,0.002,0.991,0.007
880000,0.002,0.991,0.007
880500,0.002,0.991,0.007
881000,0.002,0.991,0.007
881500,0.002,0.991,0.007
882000,0.002,0.991,0.007
882500,0.002,0.991,0.007
883000,0.002,0.991,0.007
883500,0.002,0.991,0.007
884000,0.002,0.991,0.007
884500,0.002,0.991,0.007
885000,0.002,0.991,0.007
885500,0.002,0.991,0.007
886000,0.002,0.991,0.007
886500,0.002,0.991,0.007
887000,0.002,0.991,0.007
887500,0.002,0.991,0.007
888000,0.002,0.991,0.007
888500,0.002,0.991,0.007
889000,0.002,0.991,0.007
889500,0.002,0.991,0.007
890000,0.002,0.991,0.007
890500,0.002,0.991,0.007
891000,0.002,0.991,0.007
891500,0.002,0.991,0.007
892000,0.002,0.991,0.007
892500,0.002,0.991,0.007
893000,0.002,0.991,0.007
893500,0.002,0.991,0.007
894000,0.002,0.991,0.007
894500,0.002,0.991,0.007
895000,0.002,0.991,0.007
895500,0.002,0.991,0.007
896000,0.002,0.991,0.007
896500,0.002,0.991,0.007
897000,0.002,0.991,0.007
897500,0.002,0.991,0.007
898000,0.002,0.991,0.007
898500,0.002,0.991,0.007
899000,0.002,0.991,0.007
899500,0.002,0.991,0.007
900000,0.002,0.991,0.007
900500,0.002,0.991,0.007
901000,0.002,0.991,0.007
901500,0.002,0.991,0.007
902000,0.002,0.991,0.007
902500,0.002,0.991,0.007
903000,0.002,0.991,0.007
903500,0.002,0.991,0.007
904000,0.002,0.991,0.007
904500,0.002,0.991,0.007
905000,0.002,0.991,0.007
905500,0.002,0.991,0.007
906000,0.002,0.991,0.007
906500,0.002,0.991,0.007
907000,0.002,0.991,0.007
907500,0.002,0.991,0.007
908000,0.002,0.991,0.007
908500,0.002,0.991,0.007
909000,0.002,0.991,0.007
909500,0.002,0.991,0.007
910000,0.002,0.991,0.007
910500,0.002,0.991,0.007
911000,0.002,0.991,0.007
911500,0.002,0.991,0.007
912000,0.002,0.991,0.007
912500,0.002,0.990,0.008
913000,0.002,0.991,0.007
913500,0.002,0.991,0.007
914000,0.002,0.991,0.007
914500,0.002,0.991,0.007
915000,0.002,0.991,0.007
915500,0.002,0.991,0.007
916000,0.002,0.991,0.007
916500,0.002,0.991,0.007
917000,0.002,0.991,0.007
917500,0.002,0.991,0.007
918000,0.002,0.991,0.007
918500,0.002,0.991,0.007
919000,0.002,0.991,0.007
919500,0.002,0.991,0.007
920000,0.002,0.991,0.007
920500,0.002,0.991,0.007
921000,0.002,0.991,0.007
921500,0.002,0.991,0.007
922000,0.002,0.991,0.007
922500,0.002,0.991,0.007
923000,0.002,0.991,0.007
923500,0.002,0.991,0.007
924000,0.002,0.991,0.007
924500,0.002,0.991,0.007
925000,0.002,0.991,0.007
925500,0.002,0.991,0.007
926000,0.002,0.991,0.007
926500,0.002,0.991,0.007
927000,0.002,0.991,0.007
927500,0.002,0.991,0.007
928000,0.002,0.991,0.007
928500,0.002,0.991,0.007
929000,0.002,0.991,0.007
929500,0.002,0.991,0.007
930000,0.002,0.991,0.007
930500,0.002,0.991,0.007
931000,0.002,0.991,0.007
931500,0.002,0.991,0.007
932000,0.002,0.991,0.007
932500,0.002,0.991,0.007
933000,0.002,0.991,0.007
933500,0.002,0.991,0.007
934000,0.002,0.991,0.007
934500,0.002,0.991,0.007
935000,0.002,0.991,0.007
935500,0.002,0.991,0.007
936000,0.002,0.991,0.007
936500,0.002,0.991,0.007
937000,0.002,0.991,0.007
937500,0.002,0.991,0.007
938000,0.002,0.991,0.007
938500,0.002,0.991,0.007
939000,0.002,0.991,0.007
939500,0.002,0.991,0.007
940000,0.002,0.991,0.007
940500,0.002,0.991,0.007
941000,0.002,0.991,0.007
941500,0.002,0.991,0.007
942000,0.002,0.991,0.007
942500,0.002,0.991,0.007
943000,0.002,0.991,0.007
943500,0.002,0.991,0.007
944000,0.002,0.991,0.007
944500,0.002,0.991,0.007
945000,0.002,0.991,0.007
945500,0.002,0.991,0.007
946000,0.002,0.991,0.007
946500,0.002,0.991,0.007
947000,0.002,0.991,0.007
947500,0.002,0.991,0.007
948000,0.002,0.991,0.007
948500,0.002,0.991,0.007
949000,0.002,0.991,0.007
949500,0.002,0.991,0.007
950000,0.002,0.991,0.007
950500,0.002,0.991,0.007
951000,0.002,0.991,0.007
951500,0.002,0.991,0.007
952000,0.002,0.991,0.007
952500,0.002,0.991,0.007
953000,0.002,0.991,0.007
953500,0.002,0.991,0.007
954000,0.002,0.991,0.007
954500,0.002,0.991,0.007
955000,0.002,0.991,0.007
955500,0.002,0.991,0.007
956000,0.002,0.991,0.007
956500,0.002,0.991,0.007
957000,0.002,0.991,0.007
957500,0.002,0.991,0.007
958000,0.002,0.991,0.007
958500,0.002,0.991,0.007
959000,0.002,0.990,0.008
959500,0.002,0.990,0.008
960000,0.002,0.991,0.007
960500,0.002,0.991,0.007
961000,0.002,0.991,0.007
961500,0.002,0.991,0.007
962000,0.002,0.991,0.007
962500,0.002,0.991,0.007
963000,0.002,0.991,0.007
963500,0.002,0.991,0.007
964000,0.002,0.991,0.007
964500,0.002,0.991,0.007
965000,0.002,0.991,0.007
965500,0.002,0.991,0.007
966000,0.002,0.991,0.007
966500,0.002,0.991,0.007
967000,0.002,0.992,0.006
967500,0.002,0.992,0.006
968000,0.002,0.992,0.006
968500,0.002,0.992,0.006
969000,0.002,0.992,0.006
969500,0.002,0.992,0.006
970000,0.002,0.992,0.006
970500,0.002,0.992,0.006
971000,0.002,0.992,0.006
971500,0.002,0.992,0.006
972000,0.002,0.992,0.006
972500,0.002,0.992,0.006
973000,0.002,0.992,0.006
973500,0.002,0.992,0.006
974000,0.002,0.992,0.006
974500,0.002,0.992,0.006
975000,0.002,0.992,0.006
975500,0.002,0.992,0.006
976000,0.002,0.992,0.006
976500,0.002,0.992,0.006
977000,0.002,0.992,0.006
977500,0.002,0.992,0.006
978000,0.002,0.992,0.006
978500,0.002,0.992,0.006
979000,0.002,0.992,0.006
979500,0.002,0.992,0.006
980000,0.002,0.992,0.006
980500,0.002,0.992,0.006
981000,0.002,0.992,0.006
981500,0.002,0.992,0.006
982000,0.002,0.992,0.006
982500,0.002,0.992,0.006
983000,0.002,0.992,0.006
983500,0.002,0.992,0.006
984000,0.002,0.992,0.006
984500,0.002,0.992,0.006
985000,0.002,0.992,0.006
985500,0.002,0.992,0.006
986000,0.002,0.992,0.006
986500,0.002,0.992,0.006
987000,0.002,0.992,0.006
987500,0.002,0.992,0.006
988000,0.002,0.992,0.006
988500,0.002,0.992,0.006
989000,0.002,0.992,0.006
989500,0.002,0.992,0.006
990000,0.002,0.992,0.006
990500,0.002,0.992,0.006
991000,0.002,0.992,0.006
991500,0.002,0.992,0.006
992000,0.002,0.992,0.006
992500,0.002,0.992,0.006
993000,0.002,0.992,0.006
993500,0.002,0.992,0.006
994000,0.002,0.992,0.006
994500,0.002,0.992,0.006
995000,0.002,0.992,0.006
995500,0.002,0.992,0.006
996000,0.002,0.992,0.006
996500,0.002,0.992,0.006
997000,0.002,0.992,0.006
997500,0.002,0.992,0.006
998000,0.002,0.992,0.006
998500,0.002,0.992,0.006
999000,0.002,0.992,0.006
999500,0.002,0.992,0.006
1000000,0.002,0.992,0.006
