time,n_A+p,n_B,n_AB
500,0.050,0.604,0.346
1000,0.050,0.240,0.710
1500,0.051,0.133,0.816
2000,0.120,0.044,0.835
2500,0.280,0.004,0.717
3000,0.397,0.001,0.603
3500,0.376,0.001,0.624
4000,0.473,0.000,0.527
4500,0.505,0.000,0.495
5000,0.494,0.000,0.506
5500,0.439,0.000,0.561
6000,0.448,0.000,0.552
6500,0.487,0.000,0.512
7000,0.392,0.000,0.608
7500,0.472,0.000,0.528
8000,0.493,0.000,0.507
8500,0.502,0.000,0.498
9000,0.538,0.000,0.462
9500,0.568,0.000,0.432
10000,0.489,0.000,0.510
10500,0.490,0.000,0.510
11000,0.460,0.000,0.540
11500,0.334,0.000,0.666
12000,0.434,0.000,0.566
12500,0.476,0.000,0.524
13000,0.460,0.000,0.540
13500,0.527,0.000,0.473
14000,0.485,0.000,0.515
14500,0.444,0.000,0.556
15000,0.442,0.000,0.558
15500,0.470,0.000,0.530
16000,0.502,0.000,0.498
16500,0.528,0.000,0.472
17000,0.508,0.000,0.492
17500,0.497,0.000,0.502
18000,0.460,0.000,0.540
18500,0.451,0.000,0.549
19000,0.445,0.000,0.555
19500,0.511,0.000,0.489
20000,0.436,0.000,0.564
20500,0.468,0.000,0.532
21000,0.554,0.000,0.446
21500,0.501,0.000,0.499
22000,0.460,0.000,0.540
22500,0.525,0.000,0.475
23000,0.512,0.000,0.488
23500,0.502,0.000,0.498
24000,0.505,0.000,0.495
24500,0.486,0.000,0.514
25000,0.475,0.000,0.524
25500,0.543,0.000,0.457
26000,0.450,0.000,0.550
26500,0.426,0.000,0.574
27000,0.502,0.000,0.498
27500,0.555,0.000,0.445
28000,0.495,0.000,0.505
28500,0.385,0.000,0.615
29000,0.489,0.000,0.511
29500,0.516,0.000,0.484
30000,0.397,0.000,0.603
30500,0.519,0.000,0.481
31000,0.491,0.000,0.509
31500,0.477,0.000,0.523
32000,0.508,0.000,0.492
32500,0.538,0.000,0.462
33000,0.494,0.000,0.506
33500,0.523,0.000,0.477
34000,0.498,0.000,0.502
34500,0.561,0.000,0.439
35000,0.558,0.000,0.442
35500,0.578,0.000,0.422
36000,0.466,0.000,0.534
36500,0.454,0.000,0.546
37000,0.395,0.000,0.605
37500,0.372,0.000,0.627
38000,0.536,0.000,0.464
38500,0.500,0.000,0.500
39000,0.464,0.000,0.536
39500,0.526,0.000,0.474
40000,0.428,0.000,0.572
40500,0.476,0.000,0.524
41000,0.473,0.000,0.527
41500,0.425,0.000,0.575
42000,0.442,0.000,0.558
42500,0.452,0.000,0.548
43000,0.477,0.000,0.522
43500,0.561,0.000,0.439
44000,0.482,0.000,0.518
44500,0.440,0.000,0.560
45000,0.450,0.000,0.550
45500,0.522,0.000,0.478
46000,0.516,0.000,0.484
46500,0.449,0.000,0.551
47000,0.383,0.000,0.617
47500,0.458,0.000,0.542
48000,0.392,0.000,0.609
48500,0.453,0.000,0.547
49000,0.514,0.000,0.486
49500,0.503,0.000,0.497
50000,0.489,0.000,0.510
50500,0.418,0.000,0.582
51000,0.399,0.000,0.601
51500,0.518,0.000,0.482
52000,0.498,0.000,0.502
52500,0.491,0.000,0.508
53000,0.422,0.000,0.578
53500,0.429,0.000,0.571
54000,0.451,0.000,0.549
54500,0.465,0.000,0.535
55000,0.437,0.000,0.563
55500,0.500,0.000,0.500
56000,0.378,0.000,0.623
56500,0.477,0.000,0.522
57000,0.462,0.000,0.538
57500,0.568,0.000,0.432
58000,0.470,0.000,0.530
58500,0.436,0.000,0.564
59000,0.449,0.000,0.551
59500,0.476,0.000,0.524
60000,0.500,0.000,0.500
60500,0.553,0.000,0.447
61000,0.421,0.000,0.579
61500,0.436,0.000,0.564
62000,0.504,0.000,0.496
62500,0.456,0.000,0.544
63000,0.454,0.000,0.546
63500,0.501,0.000,0.499
64000,0.416,0.000,0.584
64500,0.495,0.000,0.504
65000,0.430,0.000,0.570
65500,0.389,0.000,0.611
66000,0.415,0.000,0.585
66500,0.419,0.000,0.581
67000,0.446,0.000,0.554
67500,0.403,0.000,0.597
68000,0.407,0.000,0.593
68500,0.514,0.000,0.486
69000,0.489,0.000,0.510
69500,0.536,0.000,0.464
70000,0.396,0.000,0.605
70500,0.448,0.000,0.552
71000,0.404,0.000,0.596
71500,0.360,0.000,0.640
72000,0.483,0.000,0.517
72500,0.550,0.000,0.450
73000,0.554,0.000,0.446
73500,0.560,0.000,0.440
74000,0.530,0.000,0.470
74500,0.411,0.000,0.589
75000,0.436,0.000,0.564
75500,0.421,0.000,0.579
76000,0.500,0.000,0.500
76500,0.513,0.000,0.487
77000,0.439,0.000,0.561
77500,0.479,0.000,0.520
78000,0.531,0.000,0.469
78500,0.440,0.000,0.560
79000,0.431,0.000,0.569
79500,0.469,0.000,0.530
80000,0.510,0.000,0.490
80500,0.488,0.000,0.512
81000,0.573,0.000,0.427
81500,0.449,0.000,0.551
82000,0.510,0.000,0.490
82500,0.528,0.000,0.472
83000,0.553,0.000,0.447
83500,0.584,0.000,0.416
84000,0.478,0.000,0.522
84500,0.490,0.000,0.510
85000,0.498,0.000,0.502
85500,0.409,0.000,0.591
86000,0.431,0.000,0.569
86500,0.514,0.000,0.486
87000,0.514,0.000,0.486
87500,0.548,0.000,0.452
88000,0.514,0.000,0.486
88500,0.444,0.000,0.556
89000,0.492,0.000,0.508
89500,0.491,0.000,0.509
90000,0.470,0.000,0.530
90500,0.428,0.000,0.572
91000,0.441,0.000,0.559
91500,0.388,0.000,0.613
92000,0.440,0.000,0.560
92500,0.485,0.000,0.515
93000,0.435,0.000,0.565
93500,0.501,0.000,0.499
94000,0.494,0.000,0.506
94500,0.505,0.000,0.495
95000,0.495,0.000,0.505
95500,0.382,0.000,0.618
96000,0.491,0.000,0.509
96500,0.517,0.000,0.483
97000,0.521,0.000,0.479
97500,0.511,0.000,0.489
98000,0.466,0.000,0.534
98500,0.469,0.000,0.531
99000,0.413,0.000,0.587
99500,0.461,0.000,0.539
100000,0.425,0.000,0.575
100500,0.454,0.000,0.546
101000,0.553,0.000,0.447
101500,0.434,0.000,0.566
102000,0.437,0.000,0.563
102500,0.446,0.000,0.554
103000,0.403,0.000,0.597
103500,0.529,0.000,0.471
104000,0.513,0.000,0.487
104500,0.444,0.000,0.556
105000,0.436,0.000,0.564
105500,0.427,0.000,0.573
106000,0.446,0.000,0.554
106500,0.381,0.000,0.619
107000,0.408,0.000,0.592
107500,0.474,0.000,0.526
108000,0.541,0.000,0.459
108500,0.509,0.000,0.491
109000,0.440,0.000,0.560
109500,0.424,0.000,0.576
110000,0.368,0.000,0.632
110500,0.431,0.000,0.569
111000,0.441,0.000,0.559
111500,0.495,0.000,0.504
112000,0.480,0.000,0.520
112500,0.377,0.000,0.623
113000,0.378,0.000,0.623
113500,0.415,0.000,0.585
114000,0.366,0.000,0.633
114500,0.460,0.000,0.540
115000,0.508,0.000,0.492
115500,0.510,0.000,0.490
116000,0.407,0.000,0.593
116500,0.373,0.000,0.627
117000,0.424,0.000,0.576
117500,0.431,0.000,0.569
118000,0.467,0.000,0.533
118500,0.476,0.000,0.524
119000,0.380,0.000,0.620
119500,0.396,0.000,0.604
120000,0.396,0.000,0.605
120500,0.474,0.000,0.526
121000,0.516,0.000,0.484
121500,0.495,0.000,0.504
122000,0.475,0.000,0.524
122500,0.489,0.000,0.511
123000,0.521,0.000,0.479
123500,0.456,0.000,0.544
124000,0.455,0.000,0.545
124500,0.479,0.000,0.521
125000,0.503,0.000,0.497
125500,0.454,0.000,0.546
126000,0.485,0.000,0.515
126500,0.559,0.000,0.441
127000,0.458,0.000,0.542
127500,0.452,0.000,0.548
128000,0.447,0.000,0.553
128500,0.451,0.000,0.549
129000,0.525,0.000,0.475
129500,0.485,0.000,0.515
130000,0.474,0.000,0.526
130500,0.521,0.000,0.479
131000,0.539,0.000,0.461
131500,0.445,0.000,0.555
132000,0.389,0.000,0.611
132500,0.425,0.000,0.575
133000,0.412,0.000,0.588
133500,0.435,0.000,0.565
134000,0.399,0.000,0.601
134500,0.433,0.000,0.567
135000,0.468,0.000,0.532
135500,0.433,0.000,0.567
136000,0.442,0.000,0.558
136500,0.458,0.000,0.542
137000,0.479,0.000,0.520
137500,0.407,0.000,0.593
138000,0.467,0.000,0.533
138500,0.528,0.000,0.472
139000,0.508,0.000,0.492
139500,0.495,0.000,0.505
140000,0.476,0.000,0.524
140500,0.530,0.000,0.470
141000,0.517,0.000,0.483
141500,0.459,0.000,0.541
142000,0.459,0.000,0.541
142500,0.422,0.000,0.578
143000,0.454,0.000,0.546
143500,0.576,0.000,0.424
144000,0.583,0.000,0.417
144500,0.564,0.000,0.436
145000,0.448,0.000,0.552
145500,0.419,0.000,0.581
146000,0.474,0.000,0.526
146500,0.583,0.000,0.417
147000,0.567,0.000,0.433
147500,0.539,0.000,0.461
148000,0.495,0.000,0.505
148500,0.485,0.000,0.515
149000,0.407,0.000,0.593
149500,0.432,0.000,0.568
150000,0.506,0.000,0.494
150500,0.453,0.000,0.547
151000,0.448,0.000,0.552
151500,0.421,0.000,0.579
152000,0.464,0.000,0.536
152500,0.505,0.000,0.495
153000,0.487,0.000,0.513
153500,0.454,0.000,0.546
154000,0.479,0.000,0.520
154500,0.499,0.000,0.500
155000,0.518,0.000,0.482
155500,0.447,0.000,0.553
156000,0.490,0.000,0.510
156500,0.596,0.000,0.404
157000,0.455,0.000,0.545
157500,0.438,0.000,0.562
158000,0.486,0.000,0.514
158500,0.402,0.000,0.599
159000,0.463,0.000,0.537
159500,0.446,0.000,0.554
160000,0.466,0.000,0.534
160500,0.492,0.000,0.508
161000,0.528,0.000,0.472
161500,0.423,0.000,0.577
162000,0.482,0.000,0.518
162500,0.499,0.000,0.500
163000,0.513,0.000,0.487
163500,0.431,0.000,0.569
164000,0.446,0.000,0.554
164500,0.362,0.000,0.638
165000,0.402,0.000,0.598
165500,0.423,0.000,0.577
166000,0.392,0.000,0.608
166500,0.446,0.000,0.554
167000,0.393,0.000,0.607
167500,0.396,0.000,0.605
168000,0.432,0.000,0.568
168500,0.432,0.000,0.568
169000,0.413,0.000,0.587
169500,0.431,0.000,0.569
170000,0.486,0.000,0.514
170500,0.486,0.000,0.514
171000,0.510,0.000,0.490
171500,0.563,0.000,0.437
172000,0.521,0.000,0.479
172500,0.458,0.000,0.542
173000,0.494,0.000,0.506
173500,0.403,0.000,0.597
174000,0.401,0.000,0.599
174500,0.417,0.000,0.583
175000,0.441,0.000,0.559
175500,0.450,0.000,0.550
176000,0.535,0.000,0.465
176500,0.501,0.000,0.499
177000,0.471,0.000,0.529
177500,0.381,0.000,0.619
178000,0.444,0.000,0.556
178500,0.417,0.000,0.583
179000,0.377,0.000,0.623
179500,0.488,0.000,0.512
180000,0.509,0.000,0.491
180500,0.513,0.000,0.487
181000,0.440,0.000,0.560
181500,0.424,0.000,0.576
182000,0.394,0.000,0.606
182500,0.424,0.000,0.576
183000,0.449,0.000,0.551
183500,0.414,0.000,0.586
184000,0.428,0.000,0.572
184500,0.382,0.000,0.619
185000,0.424,0.000,0.576
185500,0.487,0.000,0.512
186000,0.524,0.000,0.476
186500,0.473,0.000,0.527
187000,0.545,0.000,0.455
187500,0.564,0.000,0.436
188000,0.484,0.000,0.516
188500,0.443,0.000,0.557
189000,0.448,0.000,0.552
189500,0.417,0.000,0.583
190000,0.424,0.000,0.576
190500,0.461,0.000,0.539
191000,0.476,0.000,0.524
191500,0.420,0.000,0.580
192000,0.492,0.000,0.508
192500,0.403,0.000,0.597
193000,0.446,0.000,0.554
193500,0.429,0.000,0.571
194000,0.499,0.000,0.500
194500,0.469,0.000,0.531
195000,0.515,0.000,0.485
195500,0.495,0.000,0.505
196000,0.517,0.000,0.483
196500,0.504,0.000,0.496
197000,0.440,0.000,0.560
197500,0.482,0.000,0.518
198000,0.457,0.000,0.543
198500,0.513,0.000,0.487
199000,0.594,0.000,0.406
199500,0.555,0.000,0.445
200000,0.490,0.000,0.510
200500,0.474,0.000,0.526
201000,0.393,0.000,0.607
201500,0.451,0.000,0.549
202000,0.473,0.000,0.526
202500,0.459,0.000,0.541
203000,0.482,0.000,0.518
203500,0.524,0.000,0.476
204000,0.534,0.000,0.466
204500,0.550,0.000,0.450
205000,0.535,0.000,0.465
205500,0.476,0.000,0.524
206000,0.513,0.000,0.487
206500,0.440,0.000,0.560
207000,0.461,0.000,0.539
207500,0.451,0.000,0.549
208000,0.420,0.000,0.580
208500,0.415,0.000,0.585
209000,0.461,0.000,0.539
209500,0.425,0.000,0.575
210000,0.480,0.000,0.520
210500,0.591,0.000,0.409
211000,0.498,0.000,0.502
211500,0.392,0.000,0.609
212000,0.400,0.000,0.600
212500,0.472,0.000,0.528
213000,0.556,0.000,0.444
213500,0.515,0.000,0.485
214000,0.507,0.000,0.493
214500,0.494,0.000,0.506
215000,0.427,0.000,0.573
215500,0.420,0.000,0.580
216000,0.451,0.000,0.549
216500,0.425,0.000,0.575
217000,0.462,0.000,0.538
217500,0.522,0.000,0.478
218000,0.392,0.000,0.609
218500,0.486,0.000,0.514
219000,0.472,0.000,0.528
219500,0.404,0.000,0.596
220000,0.478,0.000,0.522
220500,0.444,0.000,0.556
221000,0.398,0.000,0.603
221500,0.365,0.000,0.635
222000,0.447,0.000,0.553
222500,0.463,0.000,0.537
223000,0.450,0.000,0.550
223500,0.526,0.000,0.474
224000,0.483,0.000,0.517
224500,0.515,0.000,0.485
225000,0.494,0.000,0.506
225500,0.513,0.000,0.487
226000,0.463,0.000,0.537
226500,0.494,0.000,0.506
227000,0.387,0.000,0.613
227500,0.429,0.000,0.571
228000,0.455,0.000,0.545
228500,0.389,0.000,0.611
229000,0.487,0.000,0.512
229500,0.537,0.000,0.463
230000,0.490,0.000,0.510
230500,0.476,0.000,0.524
231000,0.479,0.000,0.521
231500,0.402,0.000,0.599
232000,0.466,0.000,0.534
232500,0.450,0.000,0.550
233000,0.411,0.000,0.589
233500,0.448,0.000,0.552
234000,0.522,0.000,0.478
234500,0.463,0.000,0.537
235000,0.421,0.000,0.579
235500,0.491,0.000,0.509
236000,0.564,0.000,0.436
236500,0.533,0.000,0.467
237000,0.468,0.000,0.532
237500,0.484,0.000,0.516
238000,0.464,0.000,0.536
238500,0.460,0.000,0.540
239000,0.449,0.000,0.551
239500,0.377,0.000,0.623
240000,0.432,0.000,0.568
240500,0.438,0.000,0.562
241000,0.494,0.000,0.506
241500,0.465,0.000,0.535
242000,0.468,0.000,0.532
242500,0.471,0.000,0.529
243000,0.343,0.000,0.657
243500,0.461,0.000,0.539
244000,0.463,0.000,0.537
244500,0.497,0.000,0.503
245000,0.404,0.000,0.597
245500,0.427,0.000,0.573
246000,0.455,0.000,0.545
246500,0.517,0.000,0.483
247000,0.507,0.000,0.493
247500,0.483,0.000,0.516
248000,0.521,0.000,0.479
248500,0.420,0.000,0.580
249000,0.438,0.000,0.562
249500,0.426,0.000,0.574
250000,0.422,0.000,0.578
250500,0.335,0.000,0.665
251000,0.332,0.000,0.668
251500,0.467,0.000,0.533
252000,0.444,0.000,0.556
252500,0.422,0.000,0.578
253000,0.405,0.000,0.595
253500,0.439,0.000,0.561
254000,0.510,0.000,0.490
254500,0.389,0.000,0.611
255000,0.389,0.000,0.611
255500,0.423,0.000,0.577
256000,0.451,0.000,0.549
256500,0.460,0.000,0.540
257000,0.452,0.000,0.548
257500,0.381,0.000,0.619
258000,0.384,0.000,0.617
258500,0.454,0.000,0.546
259000,0.476,0.000,0.524
259500,0.451,0.000,0.549
260000,0.477,0.000,0.523
260500,0.353,0.000,0.647
261000,0.466,0.000,0.534
261500,0.522,0.000,0.478
262000,0.478,0.000,0.522
262500,0.454,0.000,0.546
263000,0.492,0.000,0.508
263500,0.452,0.000,0.548
264000,0.340,0.000,0.660
264500,0.344,0.000,0.656
265000,0.409,0.000,0.591
265500,0.512,0.000,0.488
266000,0.514,0.000,0.486
266500,0.500,0.000,0.500
267000,0.452,0.000,0.548
267500,0.363,0.000,0.637
268000,0.369,0.000,0.631
268500,0.406,0.000,0.594
269000,0.486,0.000,0.514
269500,0.424,0.000,0.576
270000,0.491,0.000,0.509
270500,0.444,0.000,0.556
271000,0.430,0.000,0.570
271500,0.470,0.000,0.530
272000,0.440,0.000,0.560
272500,0.431,0.000,0.569
273000,0.502,0.000,0.498
273500,0.432,0.000,0.568
274000,0.511,0.000,0.489
274500,0.440,0.000,0.560
275000,0.506,0.000,0.494
275500,0.415,0.000,0.585
276000,0.447,0.000,0.553
276500,0.449,0.000,0.551
277000,0.480,0.000,0.520
277500,0.446,0.000,0.554
278000,0.456,0.000,0.544
278500,0.443,0.000,0.557
279000,0.399,0.000,0.601
279500,0.478,0.000,0.522
280000,0.448,0.000,0.552
280500,0.463,0.000,0.537
281000,0.461,0.000,0.539
281500,0.543,0.000,0.457
282000,0.605,0.000,0.395
282500,0.519,0.000,0.481
283000,0.484,0.000,0.516
283500,0.503,0.000,0.497
284000,0.420,0.000,0.580
284500,0.457,0.000,0.543
285000,0.465,0.000,0.535
285500,0.405,0.000,0.595
286000,0.469,0.000,0.531
286500,0.489,0.000,0.510
287000,0.639,0.000,0.361
287500,0.527,0.000,0.473
288000,0.429,0.000,0.571
288500,0.373,0.000,0.627
289000,0.466,0.000,0.534
289500,0.453,0.000,0.547
290000,0.440,0.000,0.560
290500,0.502,0.000,0.498
291000,0.430,0.000,0.570
291500,0.523,0.000,0.477
292000,0.503,0.000,0.497
292500,0.560,0.000,0.440
293000,0.492,0.000,0.508
293500,0.451,0.000,0.549
294000,0.407,0.000,0.593
294500,0.463,0.000,0.537
295000,0.479,0.000,0.520
295500,0.456,0.000,0.544
296000,0.508,0.000,0.492
296500,0.488,0.000,0.512
297000,0.577,0.000,0.423
297500,0.524,0.000,0.476
298000,0.529,0.000,0.471
298500,0.573,0.000,0.427
299000,0.505,0.000,0.495
299500,0.482,0.000,0.518
300000,0.420,0.000,0.580
300500,0.430,0.000,0.570
301000,0.366,0.000,0.634
301500,0.298,0.000,0.702
302000,0.458,0.000,0.542
302500,0.520,0.000,0.480
303000,0.533,0.000,0.467
303500,0.438,0.000,0.562
304000,0.504,0.000,0.496
304500,0.505,0.000,0.495
305000,0.578,0.000,0.422
305500,0.620,0.000,0.380
306000,0.501,0.000,0.499
306500,0.440,0.000,0.560
307000,0.495,0.000,0.504
307500,0.513,0.000,0.487
308000,0.453,0.000,0.547
308500,0.466,0.000,0.534
309000,0.504,0.000,0.496
309500,0.469,0.000,0.530
310000,0.462,0.000,0.538
310500,0.438,0.000,0.562
311000,0.459,0.000,0.541
311500,0.365,0.000,0.635
312000,0.499,0.000,0.500
312500,0.463,0.000,0.537
313000,0.428,0.000,0.572
313500,0.462,0.000,0.538
314000,0.409,0.000,0.591
314500,0.504,0.000,0.496
315000,0.441,0.000,0.559
315500,0.456,0.000,0.544
316000,0.509,0.000,0.491
316500,0.434,0.000,0.566
317000,0.399,0.000,0.601
317500,0.463,0.000,0.537
318000,0.520,0.000,0.480
318500,0.430,0.000,0.570
319000,0.473,0.000,0.527
319500,0.465,0.000,0.535
320000,0.487,0.000,0.513
320500,0.469,0.000,0.531
321000,0.505,0.000,0.495
321500,0.417,0.000,0.583
322000,0.416,0.000,0.584
322500,0.525,0.000,0.475
323000,0.493,0.000,0.507
323500,0.482,0.000,0.518
324000,0.496,0.000,0.504
324500,0.472,0.000,0.528
325000,0.462,0.000,0.538
325500,0.494,0.000,0.506
326000,0.541,0.000,0.459
326500,0.490,0.000,0.510
327000,0.486,0.000,0.514
327500,0.475,0.000,0.524
328000,0.408,0.000,0.592
328500,0.458,0.000,0.542
329000,0.565,0.000,0.435
329500,0.470,0.000,0.530
330000,0.454,0.000,0.546
330500,0.473,0.000,0.526
331000,0.403,0.000,0.597
331500,0.465,0.000,0.535
332000,0.469,0.000,0.531
332500,0.499,0.000,0.501
333000,0.461,0.000,0.539
333500,0.424,0.000,0.576
334000,0.524,0.000,0.476
334500,0.425,0.000,0.575
335000,0.482,0.000,0.518
335500,0.595,0.000,0.405
336000,0.455,0.000,0.545
336500,0.406,0.000,0.594
337000,0.456,0.000,0.544
337500,0.493,0.000,0.507
338000,0.420,0.000,0.580
338500,0.469,0.000,0.530
339000,0.549,0.000,0.451
339500,0.549,0.000,0.451
340000,0.419,0.000,0.581
340500,0.457,0.000,0.543
341000,0.471,0.000,0.529
341500,0.483,0.000,0.517
342000,0.478,0.000,0.522
342500,0.438,0.000,0.562
343000,0.462,0.000,0.538
343500,0.491,0.000,0.509
344000,0.562,0.000,0.438
344500,0.579,0.000,0.421
345000,0.487,0.000,0.512
345500,0.522,0.000,0.478
346000,0.466,0.000,0.534
346500,0.425,0.000,0.575
347000,0.416,0.000,0.584
347500,0.371,0.000,0.629
348000,0.362,0.000,0.638
348500,0.438,0.000,0.562
349000,0.421,0.000,0.579
349500,0.452,0.000,0.548
350000,0.476,0.000,0.524
350500,0.473,0.000,0.527
351000,0.510,0.000,0.490
351500,0.431,0.000,0.569
352000,0.431,0.000,0.569
352500,0.421,0.000,0.579
353000,0.390,0.000,0.610
353500,0.467,0.000,0.533
354000,0.359,0.000,0.641
354500,0.419,0.000,0.581
355000,0.465,0.000,0.535
355500,0.519,0.000,0.481
356000,0.502,0.000,0.498
356500,0.503,0.000,0.497
357000,0.524,0.000,0.476
357500,0.482,0.000,0.518
358000,0.464,0.000,0.536
358500,0.508,0.000,0.492
359000,0.503,0.000,0.497
359500,0.518,0.000,0.482
360000,0.460,0.000,0.540
360500,0.448,0.000,0.552
361000,0.426,0.000,0.574
361500,0.436,0.000,0.564
362000,0.366,0.000,0.634
362500,0.388,0.000,0.613
363000,0.392,0.000,0.608
363500,0.439,0.000,0.561
364000,0.450,0.000,0.550
364500,0.438,0.000,0.562
365000,0.433,0.000,0.567
365500,0.476,0.000,0.524
366000,0.452,0.000,0.548
366500,0.439,0.000,0.561
367000,0.417,0.000,0.583
367500,0.408,0.000,0.592
368000,0.425,0.000,0.575
368500,0.444,0.000,0.556
369000,0.513,0.000,0.487
369500,0.568,0.000,0.432
370000,0.532,0.000,0.468
370500,0.531,0.000,0.469
371000,0.560,0.000,0.440
371500,0.528,0.000,0.472
372000,0.513,0.000,0.487
372500,0.503,0.000,0.497
373000,0.520,0.000,0.480
373500,0.577,0.000,0.423
374000,0.557,0.000,0.443
374500,0.572,0.000,0.428
375000,0.599,0.000,0.401
375500,0.545,0.000,0.455
376000,0.467,0.000,0.533
376500,0.588,0.000,0.412
377000,0.521,0.000,0.479
377500,0.461,0.000,0.539
378000,0.380,0.000,0.621
378500,0.418,0.000,0.582
379000,0.408,0.002,0.590
379500,0.417,0.000,0.583
380000,0.419,0.000,0.581
380500,0.373,0.000,0.627
381000,0.394,0.000,0.607
381500,0.379,0.000,0.621
382000,0.387,0.000,0.613
382500,0.524,0.000,0.476
383000,0.533,0.000,0.467
383500,0.427,0.000,0.573
384000,0.402,0.000,0.598
384500,0.389,0.000,0.611
385000,0.439,0.000,0.561
385500,0.456,0.000,0.544
386000,0.446,0.000,0.554
386500,0.498,0.000,0.502
387000,0.455,0.000,0.545
387500,0.412,0.000,0.588
388000,0.452,0.000,0.548
388500,0.469,0.000,0.531
389000,0.612,0.000,0.388
389500,0.522,0.000,0.478
390000,0.519,0.000,0.481
390500,0.436,0.000,0.564
391000,0.479,0.000,0.521
391500,0.497,0.000,0.502
392000,0.504,0.000,0.496
392500,0.497,0.000,0.503
393000,0.414,0.000,0.586
393500,0.414,0.000,0.586
394000,0.474,0.000,0.526
394500,0.517,0.000,0.483
395000,0.457,0.000,0.543
395500,0.422,0.000,0.578
396000,0.461,0.000,0.539
396500,0.528,0.000,0.472
397000,0.511,0.000,0.489
397500,0.428,0.000,0.572
398000,0.386,0.000,0.615
398500,0.457,0.000,0.543
399000,0.445,0.000,0.555
399500,0.473,0.000,0.526
400000,0.480,0.000,0.520
400500,0.410,0.000,0.590
401000,0.486,0.000,0.514
401500,0.473,0.000,0.527
402000,0.397,0.000,0.603
402500,0.492,0.000,0.508
403000,0.495,0.000,0.504
403500,0.479,0.000,0.520
404000,0.533,0.000,0.467
404500,0.527,0.000,0.473
405000,0.444,0.000,0.556
405500,0.448,0.000,0.552
406000,0.409,0.000,0.591
406500,0.393,0.000,0.607
407000,0.445,0.000,0.555
407500,0.350,0.000,0.649
408000,0.422,0.000,0.578
408500,0.473,0.000,0.526
409000,0.460,0.000,0.540
409500,0.312,0.000,0.688
410000,0.452,0.000,0.548
410500,0.471,0.000,0.528
411000,0.454,0.000,0.546
411500,0.518,0.000,0.482
412000,0.488,0.000,0.512
412500,0.550,0.000,0.450
413000,0.390,0.000,0.610
413500,0.498,0.000,0.502
414000,0.566,0.000,0.434
414500,0.482,0.000,0.518
415000,0.523,0.000,0.477
415500,0.461,0.000,0.539
416000,0.471,0.000,0.529
416500,0.494,0.000,0.506
417000,0.511,0.000,0.489
417500,0.455,0.000,0.545
418000,0.478,0.000,0.522
418500,0.432,0.000,0.568
419000,0.496,0.000,0.504
419500,0.455,0.000,0.545
420000,0.461,0.000,0.539
420500,0.502,0.000,0.498
421000,0.469,0.000,0.530
421500,0.426,0.000,0.574
422000,0.460,0.000,0.540
422500,0.370,0.000,0.629
423000,0.476,0.000,0.524
423500,0.480,0.000,0.520
424000,0.516,0.000,0.484
424500,0.433,0.000,0.567
425000,0.509,0.000,0.491
425500,0.461,0.000,0.539
426000,0.495,0.000,0.504
426500,0.518,0.000,0.482
427000,0.487,0.000,0.513
427500,0.445,0.000,0.555
428000,0.547,0.000,0.453
428500,0.543,0.000,0.457
429000,0.495,0.000,0.505
429500,0.503,0.000,0.497
430000,0.582,0.000,0.418
430500,0.536,0.000,0.464
431000,0.454,0.000,0.546
431500,0.476,0.000,0.524
432000,0.532,0.000,0.468
432500,0.516,0.000,0.484
433000,0.604,0.000,0.396
433500,0.463,0.000,0.537
434000,0.424,0.000,0.576
434500,0.456,0.000,0.544
435000,0.463,0.000,0.537
435500,0.474,0.000,0.526
436000,0.515,0.000,0.485
436500,0.446,0.000,0.554
437000,0.491,0.000,0.509
437500,0.420,0.000,0.580
438000,0.404,0.000,0.597
438500,0.410,0.000,0.590
439000,0.472,0.000,0.528
439500,0.433,0.000,0.567
440000,0.446,0.000,0.554
440500,0.447,0.000,0.553
441000,0.413,0.000,0.587
441500,0.450,0.000,0.550
442000,0.370,0.000,0.629
442500,0.522,0.000,0.478
443000,0.549,0.000,0.451
443500,0.522,0.000,0.478
444000,0.508,0.000,0.492
444500,0.461,0.000,0.539
445000,0.582,0.000,0.418
445500,0.426,0.000,0.574
446000,0.430,0.000,0.570
446500,0.415,0.000,0.585
447000,0.410,0.000,0.590
447500,0.478,0.000,0.522
448000,0.434,0.000,0.566
448500,0.370,0.000,0.630
449000,0.456,0.000,0.544
449500,0.448,0.000,0.552
450000,0.364,0.000,0.635
450500,0.456,0.000,0.544
451000,0.462,0.000,0.538
451500,0.561,0.000,0.439
452000,0.570,0.000,0.430
452500,0.448,0.000,0.552
453000,0.393,0.000,0.607
453500,0.427,0.000,0.573
454000,0.508,0.000,0.492
454500,0.569,0.000,0.431
455000,0.524,0.000,0.476
455500,0.422,0.000,0.578
456000,0.533,0.000,0.467
456500,0.513,0.000,0.487
457000,0.498,0.000,0.502
457500,0.478,0.000,0.522
458000,0.414,0.000,0.586
458500,0.400,0.000,0.600
459000,0.398,0.000,0.603
459500,0.400,0.000,0.601
460000,0.417,0.000,0.583
460500,0.447,0.000,0.553
461000,0.433,0.000,0.567
461500,0.465,0.000,0.535
462000,0.397,0.000,0.603
462500,0.431,0.000,0.569
463000,0.480,0.000,0.520
463500,0.481,0.000,0.518
464000,0.480,0.000,0.520
464500,0.480,0.000,0.520
465000,0.455,0.000,0.545
465500,0.400,0.000,0.600
466000,0.411,0.000,0.589
466500,0.433,0.000,0.567
467000,0.465,0.000,0.535
467500,0.459,0.000,0.541
468000,0.474,0.000,0.526
468500,0.519,0.000,0.481
469000,0.532,0.000,0.468
469500,0.565,0.000,0.435
470000,0.525,0.000,0.475
470500,0.523,0.000,0.477
471000,0.501,0.000,0.499
471500,0.480,0.000,0.520
472000,0.512,0.000,0.488
472500,0.435,0.000,0.565
473000,0.438,0.000,0.562
473500,0.398,0.000,0.603
474000,0.367,0.000,0.633
474500,0.441,0.000,0.559
475000,0.379,0.000,0.621
475500,0.331,0.000,0.669
476000,0.412,0.000,0.588
476500,0.431,0.000,0.569
477000,0.405,0.000,0.595
477500,0.406,0.000,0.594
478000,0.419,0.000,0.581
478500,0.443,0.000,0.557
479000,0.485,0.000,0.514
479500,0.450,0.000,0.550
480000,0.491,0.000,0.508
480500,0.476,0.000,0.524
481000,0.526,0.000,0.474
481500,0.527,0.000,0.473
482000,0.528,0.000,0.472
482500,0.411,0.000,0.589
483000,0.449,0.000,0.551
483500,0.410,0.000,0.590
484000,0.446,0.000,0.554
484500,0.379,0.000,0.621
485000,0.415,0.000,0.585
485500,0.493,0.000,0.507
486000,0.411,0.000,0.589
486500,0.403,0.000,0.597
487000,0.423,0.000,0.577
487500,0.366,0.000,0.633
488000,0.354,0.000,0.645
488500,0.452,0.000,0.548
489000,0.447,0.000,0.553
489500,0.449,0.000,0.551
490000,0.471,0.000,0.529
490500,0.515,0.000,0.485
491000,0.551,0.000,0.449
491500,0.448,0.000,0.552
492000,0.489,0.000,0.511
492500,0.462,0.000,0.538
493000,0.409,0.000,0.591
493500,0.407,0.000,0.593
494000,0.436,0.000,0.564
494500,0.482,0.000,0.518
495000,0.450,0.000,0.550
495500,0.526,0.000,0.474
496000,0.492,0.000,0.508
496500,0.444,0.000,0.556
497000,0.480,0.000,0.520
497500,0.556,0.000,0.444
498000,0.490,0.000,0.510
498500,0.461,0.000,0.539
499000,0.467,0.000,0.533
499500,0.431,0.000,0.569
500000,0.474,0.000,0.526
500500,0.415,0.000,0.585
501000,0.425,0.000,0.575
501500,0.481,0.000,0.519
502000,0.363,0.000,0.637
502500,0.333,0.000,0.667
503000,0.370,0.000,0.629
503500,0.402,0.000,0.598
504000,0.385,0.000,0.615
504500,0.469,0.000,0.530
505000,0.485,0.000,0.514
505500,0.396,0.000,0.604
506000,0.391,0.000,0.609
506500,0.439,0.000,0.561
507000,0.490,0.000,0.510
507500,0.437,0.000,0.563
508000,0.437,0.000,0.563
508500,0.470,0.000,0.530
509000,0.478,0.000,0.522
509500,0.452,0.000,0.548
510000,0.512,0.000,0.488
510500,0.463,0.000,0.537
511000,0.436,0.000,0.564
511500,0.448,0.000,0.552
512000,0.444,0.000,0.556
512500,0.517,0.000,0.483
513000,0.494,0.000,0.506
513500,0.422,0.000,0.578
514000,0.426,0.000,0.574
514500,0.461,0.000,0.539
515000,0.461,0.000,0.539
515500,0.453,0.000,0.547
516000,0.499,0.000,0.501
516500,0.480,0.000,0.520
517000,0.474,0.000,0.526
517500,0.436,0.000,0.564
518000,0.394,0.000,0.607
518500,0.450,0.000,0.550
519000,0.365,0.000,0.635
519500,0.379,0.000,0.621
520000,0.426,0.000,0.574
520500,0.405,0.000,0.595
521000,0.462,0.000,0.538
521500,0.453,0.000,0.547
522000,0.442,0.000,0.558
522500,0.487,0.000,0.513
523000,0.443,0.000,0.557
523500,0.391,0.000,0.609
524000,0.373,0.000,0.627
524500,0.412,0.000,0.588
525000,0.340,0.000,0.660
525500,0.467,0.000,0.533
526000,0.405,0.000,0.595
526500,0.402,0.000,0.598
527000,0.509,0.000,0.491
527500,0.550,0.000,0.450
528000,0.477,0.000,0.522
528500,0.529,0.000,0.471
529000,0.499,0.000,0.501
529500,0.491,0.000,0.508
530000,0.422,0.000,0.578
530500,0.386,0.000,0.615
531000,0.360,0.000,0.640
531500,0.421,0.000,0.579
532000,0.528,0.000,0.472
532500,0.479,0.000,0.521
533000,0.537,0.000,0.463
533500,0.480,0.000,0.520
534000,0.368,0.000,0.631
534500,0.462,0.000,0.538
535000,0.528,0.000,0.472
535500,0.462,0.000,0.538
536000,0.344,0.000,0.655
536500,0.463,0.000,0.537
537000,0.448,0.000,0.552
537500,0.491,0.000,0.509
538000,0.450,0.000,0.550
538500,0.490,0.000,0.510
539000,0.437,0.000,0.563
539500,0.388,0.000,0.612
540000,0.336,0.000,0.664
540500,0.436,0.000,0.564
541000,0.468,0.000,0.532
541500,0.485,0.000,0.514
542000,0.450,0.000,0.550
542500,0.428,0.000,0.572
543000,0.392,0.000,0.608
543500,0.494,0.000,0.506
544000,0.475,0.000,0.524
544500,0.463,0.000,0.537
545000,0.531,0.000,0.469
545500,0.458,0.000,0.542
546000,0.366,0.000,0.634
546500,0.426,0.000,0.574
547000,0.417,0.000,0.583
547500,0.443,0.000,0.557
548000,0.463,0.000,0.537
548500,0.570,0.000,0.430
549000,0.428,0.000,0.572
549500,0.465,0.000,0.535
550000,0.565,0.000,0.435
550500,0.537,0.000,0.463
551000,0.506,0.000,0.494
551500,0.538,0.000,0.462
552000,0.490,0.000,0.510
552500,0.490,0.000,0.510
553000,0.535,0.000,0.465
553500,0.458,0.000,0.542
554000,0.389,0.000,0.611
554500,0.464,0.000,0.536
555000,0.512,0.000,0.488
555500,0.399,0.000,0.601
556000,0.383,0.000,0.617
556500,0.406,0.000,0.595
557000,0.397,0.000,0.603
557500,0.410,0.000,0.590
558000,0.362,0.000,0.638
558500,0.539,0.000,0.461
559000,0.412,0.000,0.588
559500,0.507,0.000,0.493
560000,0.496,0.000,0.504
560500,0.545,0.000,0.455
561000,0.505,0.000,0.495
561500,0.513,0.000,0.487
562000,0.538,0.000,0.462
562500,0.461,0.000,0.539
563000,0.492,0.000,0.508
563500,0.422,0.000,0.578
564000,0.450,0.000,0.550
564500,0.466,0.000,0.534
565000,0.442,0.000,0.558
565500,0.418,0.000,0.582
566000,0.470,0.000,0.530
566500,0.401,0.000,0.599
567000,0.351,0.000,0.649
567500,0.428,0.000,0.572
568000,0.443,0.000,0.557
568500,0.420,0.000,0.580
569000,0.404,0.000,0.596
569500,0.430,0.000,0.570
570000,0.492,0.000,0.508
570500,0.507,0.000,0.493
571000,0.525,0.000,0.475
571500,0.400,0.000,0.600
572000,0.449,0.000,0.551
572500,0.468,0.000,0.532
573000,0.501,0.000,0.499
573500,0.443,0.000,0.557
574000,0.433,0.000,0.567
574500,0.453,0.000,0.547
575000,0.453,0.000,0.547
575500,0.439,0.000,0.561
576000,0.514,0.000,0.486
576500,0.452,0.000,0.548
577000,0.436,0.000,0.564
577500,0.460,0.000,0.540
578000,0.513,0.000,0.487
578500,0.510,0.000,0.490
579000,0.492,0.000,0.508
579500,0.464,0.000,0.536
580000,0.490,0.000,0.510
580500,0.418,0.000,0.582
581000,0.481,0.000,0.519
581500,0.458,0.000,0.542
582000,0.441,0.000,0.559
582500,0.494,0.000,0.506
583000,0.416,0.000,0.584
583500,0.410,0.000,0.590
584000,0.495,0.000,0.504
584500,0.458,0.000,0.542
585000,0.461,0.000,0.539
585500,0.480,0.000,0.520
586000,0.457,0.000,0.543
586500,0.469,0.000,0.530
587000,0.424,0.000,0.576
587500,0.445,0.000,0.555
588000,0.465,0.000,0.535
588500,0.500,0.000,0.500
589000,0.482,0.000,0.518
589500,0.392,0.000,0.608
590000,0.475,0.000,0.524
590500,0.453,0.000,0.547
591000,0.508,0.000,0.492
591500,0.385,0.000,0.615
592000,0.419,0.000,0.581
592500,0.403,0.000,0.597
593000,0.410,0.000,0.590
593500,0.416,0.000,0.584
594000,0.455,0.000,0.545
594500,0.482,0.000,0.518
595000,0.460,0.000,0.540
595500,0.479,0.000,0.520
596000,0.522,0.000,0.478
596500,0.469,0.000,0.530
597000,0.533,0.000,0.467
597500,0.544,0.000,0.456
598000,0.491,0.000,0.508
598500,0.471,0.000,0.529
599000,0.440,0.000,0.560
599500,0.462,0.000,0.538
600000,0.433,0.000,0.567
600500,0.480,0.000,0.520
601000,0.449,0.000,0.551
601500,0.435,0.000,0.565
602000,0.452,0.000,0.548
602500,0.498,0.000,0.502
603000,0.488,0.000,0.512
603500,0.455,0.000,0.545
604000,0.456,0.000,0.544
604500,0.442,0.000,0.558
605000,0.565,0.000,0.435
605500,0.553,0.000,0.447
606000,0.508,0.000,0.492
606500,0.417,0.000,0.583
607000,0.400,0.000,0.600
607500,0.448,0.000,0.552
608000,0.357,0.000,0.643
608500,0.549,0.000,0.451
609000,0.498,0.000,0.502
609500,0.441,0.000,0.559
610000,0.483,0.000,0.516
610500,0.605,0.000,0.395
611000,0.575,0.000,0.425
611500,0.452,0.000,0.548
612000,0.491,0.000,0.508
612500,0.527,0.000,0.473
613000,0.554,0.000,0.446
613500,0.485,0.000,0.514
614000,0.430,0.000,0.570
614500,0.463,0.000,0.537
615000,0.464,0.000,0.536
615500,0.477,0.000,0.522
616000,0.378,0.000,0.623
616500,0.396,0.000,0.604
617000,0.481,0.000,0.518
617500,0.435,0.000,0.565
618000,0.430,0.000,0.570
618500,0.397,0.000,0.603
619000,0.378,0.000,0.623
619500,0.375,0.000,0.625
620000,0.424,0.000,0.576
620500,0.461,0.000,0.539
621000,0.456,0.000,0.544
621500,0.431,0.000,0.569
622000,0.462,0.000,0.538
622500,0.407,0.000,0.593
623000,0.466,0.000,0.534
623500,0.400,0.000,0.601
624000,0.413,0.000,0.587
624500,0.447,0.000,0.553
625000,0.463,0.000,0.537
625500,0.469,0.000,0.531
626000,0.470,0.000,0.530
626500,0.503,0.000,0.497
627000,0.487,0.000,0.512
627500,0.571,0.000,0.429
628000,0.470,0.000,0.530
628500,0.537,0.000,0.463
629000,0.526,0.000,0.474
629500,0.510,0.000,0.490
630000,0.525,0.000,0.475
630500,0.549,0.000,0.451
631000,0.429,0.000,0.571
631500,0.455,0.000,0.545
632000,0.372,0.000,0.628
632500,0.418,0.000,0.582
633000,0.441,0.000,0.559
633500,0.458,0.000,0.542
634000,0.406,0.000,0.594
634500,0.542,0.000,0.458
635000,0.507,0.000,0.493
635500,0.514,0.000,0.486
636000,0.503,0.000,0.497
636500,0.528,0.000,0.472
637000,0.504,0.000,0.496
637500,0.553,0.000,0.447
638000,0.532,0.000,0.468
638500,0.428,0.000,0.572
639000,0.526,0.000,0.474
639500,0.486,0.000,0.514
640000,0.471,0.000,0.528
640500,0.462,0.000,0.538
641000,0.456,0.000,0.544
641500,0.460,0.000,0.540
642000,0.561,0.000,0.439
642500,0.553,0.000,0.447
643000,0.499,0.000,0.500
643500,0.482,0.000,0.518
644000,0.478,0.000,0.522
644500,0.465,0.000,0.535
645000,0.430,0.000,0.570
645500,0.458,0.000,0.542
646000,0.431,0.000,0.569
646500,0.465,0.000,0.535
647000,0.433,0.000,0.567
647500,0.504,0.000,0.496
648000,0.565,0.000,0.435
648500,0.624,0.000,0.376
649000,0.579,0.000,0.421
649500,0.550,0.000,0.450
650000,0.518,0.000,0.482
650500,0.374,0.000,0.625
651000,0.466,0.000,0.534
651500,0.463,0.000,0.537
652000,0.476,0.000,0.524
652500,0.573,0.000,0.427
653000,0.545,0.000,0.455
653500,0.595,0.000,0.405
654000,0.593,0.000,0.407
654500,0.551,0.000,0.449
655000,0.533,0.000,0.467
655500,0.495,0.000,0.504
656000,0.422,0.000,0.578
656500,0.400,0.000,0.600
657000,0.513,0.000,0.487
657500,0.439,0.000,0.561
658000,0.477,0.000,0.523
658500,0.436,0.000,0.564
659000,0.469,0.000,0.530
659500,0.400,0.000,0.600
660000,0.459,0.000,0.541
660500,0.538,0.000,0.462
661000,0.498,0.000,0.502
661500,0.478,0.000,0.522
662000,0.461,0.000,0.539
662500,0.435,0.000,0.565
663000,0.515,0.000,0.485
663500,0.494,0.000,0.506
664000,0.403,0.000,0.597
664500,0.477,0.000,0.522
665000,0.539,0.000,0.461
665500,0.511,0.000,0.489
666000,0.486,0.000,0.514
666500,0.512,0.000,0.488
667000,0.446,0.000,0.554
667500,0.443,0.000,0.557
668000,0.558,0.000,0.442
668500,0.495,0.000,0.505
669000,0.503,0.000,0.497
669500,0.475,0.000,0.524
670000,0.552,0.000,0.448
670500,0.550,0.000,0.450
671000,0.586,0.000,0.414
671500,0.523,0.000,0.477
672000,0.442,0.000,0.558
672500,0.477,0.000,0.523
673000,0.510,0.000,0.490
673500,0.424,0.000,0.576
674000,0.470,0.000,0.530
674500,0.505,0.000,0.495
675000,0.380,0.000,0.620
675500,0.436,0.000,0.564
676000,0.401,0.000,0.599
676500,0.436,0.000,0.564
677000,0.482,0.000,0.518
677500,0.436,0.000,0.564
678000,0.347,0.000,0.653
678500,0.480,0.000,0.520
679000,0.529,0.000,0.471
679500,0.457,0.000,0.543
680000,0.451,0.000,0.549
680500,0.481,0.000,0.518
681000,0.433,0.000,0.567
681500,0.416,0.000,0.584
682000,0.450,0.000,0.550
682500,0.438,0.000,0.562
683000,0.410,0.000,0.590
683500,0.349,0.000,0.651
684000,0.376,0.000,0.624
684500,0.359,0.000,0.641
685000,0.468,0.000,0.532
685500,0.454,0.000,0.546
686000,0.384,0.000,0.617
686500,0.420,0.000,0.580
687000,0.520,0.000,0.480
687500,0.428,0.000,0.572
688000,0.415,0.000,0.585
688500,0.431,0.000,0.569
689000,0.470,0.000,0.530
689500,0.466,0.000,0.534
690000,0.482,0.001,0.517
690500,0.567,0.000,0.433
691000,0.530,0.000,0.470
691500,0.558,0.000,0.442
692000,0.483,0.000,0.517
692500,0.439,0.000,0.561
693000,0.475,0.000,0.524
693500,0.497,0.000,0.503
694000,0.465,0.000,0.535
694500,0.381,0.000,0.619
695000,0.458,0.000,0.542
695500,0.448,0.000,0.552
696000,0.579,0.000,0.421
696500,0.535,0.000,0.465
697000,0.520,0.000,0.480
697500,0.463,0.000,0.537
698000,0.451,0.000,0.549
698500,0.508,0.000,0.492
699000,0.468,0.000,0.532
699500,0.483,0.000,0.517
700000,0.446,0.000,0.554
700500,0.478,0.000,0.522
701000,0.502,0.000,0.498
701500,0.495,0.000,0.505
702000,0.438,0.000,0.562
702500,0.429,0.000,0.571
703000,0.441,0.000,0.559
703500,0.486,0.000,0.514
704000,0.393,0.000,0.607
704500,0.363,0.000,0.637
705000,0.416,0.000,0.584
705500,0.472,0.000,0.528
706000,0.486,0.000,0.514
706500,0.430,0.000,0.570
707000,0.502,0.000,0.498
707500,0.474,0.000,0.526
708000,0.486,0.000,0.514
708500,0.408,0.000,0.592
709000,0.474,0.000,0.526
709500,0.517,0.000,0.483
710000,0.469,0.000,0.530
710500,0.451,0.000,0.549
711000,0.431,0.000,0.569
711500,0.453,0.000,0.547
712000,0.539,0.000,0.461
712500,0.454,0.000,0.546
713000,0.401,0.000,0.599
713500,0.500,0.000,0.500
714000,0.438,0.000,0.562
714500,0.478,0.000,0.522
715000,0.456,0.000,0.544
715500,0.499,0.000,0.501
716000,0.578,0.000,0.422
716500,0.521,0.000,0.479
717000,0.546,0.000,0.454
717500,0.522,0.000,0.478
718000,0.485,0.000,0.515
718500,0.404,0.000,0.596
719000,0.399,0.000,0.601
719500,0.497,0.000,0.503
720000,0.620,0.000,0.380
720500,0.498,0.000,0.502
721000,0.464,0.000,0.536
721500,0.411,0.000,0.589
722000,0.518,0.000,0.482
722500,0.468,0.000,0.532
723000,0.485,0.000,0.515
723500,0.463,0.000,0.537
724000,0.542,0.000,0.458
724500,0.507,0.000,0.493
725000,0.514,0.000,0.486
725500,0.504,0.000,0.496
726000,0.552,0.000,0.448
726500,0.510,0.000,0.490
727000,0.443,0.000,0.557
727500,0.445,0.000,0.555
728000,0.516,0.000,0.484
728500,0.428,0.000,0.572
729000,0.414,0.000,0.586
729500,0.429,0.000,0.571
730000,0.462,0.000,0.538
730500,0.450,0.000,0.550
731000,0.429,0.000,0.571
731500,0.401,0.000,0.599
732000,0.479,0.000,0.521
732500,0.484,0.000,0.516
733000,0.451,0.000,0.549
733500,0.387,0.000,0.613
734000,0.461,0.000,0.539
734500,0.399,0.000,0.601
735000,0.415,0.000,0.585
735500,0.460,0.000,0.540
736000,0.389,0.000,0.611
736500,0.420,0.000,0.580
737000,0.430,0.000,0.570
737500,0.444,0.000,0.556
738000,0.516,0.000,0.484
738500,0.439,0.000,0.561
739000,0.444,0.000,0.556
739500,0.474,0.000,0.526
740000,0.469,0.000,0.531
740500,0.485,0.000,0.514
741000,0.387,0.000,0.613
741500,0.380,0.000,0.620
742000,0.482,0.000,0.518
742500,0.473,0.000,0.527
743000,0.464,0.000,0.536
743500,0.455,0.000,0.545
744000,0.473,0.000,0.527
744500,0.402,0.000,0.599
745000,0.454,0.000,0.546
745500,0.453,0.000,0.547
746000,0.461,0.000,0.539
746500,0.418,0.000,0.582
747000,0.414,0.000,0.586
747500,0.401,0.000,0.599
748000,0.432,0.000,0.568
748500,0.425,0.000,0.575
749000,0.430,0.000,0.570
749500,0.519,0.000,0.481
750000,0.456,0.000,0.544
750500,0.448,0.000,0.552
751000,0.433,0.000,0.567
751500,0.449,0.000,0.551
752000,0.468,0.000,0.532
752500,0.528,0.000,0.472
753000,0.504,0.000,0.496
753500,0.482,0.000,0.518
754000,0.440,0.000,0.560
754500,0.451,0.000,0.549
755000,0.575,0.000,0.425
755500,0.556,0.000,0.444
756000,0.466,0.000,0.534
756500,0.525,0.000,0.475
757000,0.435,0.000,0.565
757500,0.520,0.000,0.480
758000,0.470,0.000,0.530
758500,0.484,0.000,0.516
759000,0.476,0.000,0.524
759500,0.458,0.000,0.542
760000,0.495,0.000,0.505
760500,0.445,0.000,0.555
761000,0.467,0.000,0.533
761500,0.445,0.000,0.555
762000,0.373,0.000,0.627
762500,0.432,0.000,0.568
763000,0.394,0.000,0.607
763500,0.371,0.000,0.629
764000,0.420,0.000,0.580
764500,0.442,0.000,0.558
765000,0.491,0.000,0.508
765500,0.410,0.000,0.590
766000,0.460,0.000,0.540
766500,0.461,0.000,0.539
767000,0.473,0.000,0.526
767500,0.501,0.000,0.499
768000,0.460,0.000,0.540
768500,0.556,0.000,0.444
769000,0.520,0.000,0.480
769500,0.477,0.000,0.523
770000,0.456,0.000,0.544
770500,0.452,0.000,0.548
771000,0.475,0.000,0.525
771500,0.541,0.000,0.459
772000,0.472,0.000,0.528
772500,0.441,0.000,0.559
773000,0.479,0.000,0.520
773500,0.423,0.000,0.577
774000,0.459,0.000,0.541
774500,0.481,0.000,0.518
775000,0.455,0.000,0.545
775500,0.449,0.000,0.551
776000,0.493,0.000,0.506
776500,0.420,0.000,0.580
777000,0.447,0.000,0.553
777500,0.493,0.000,0.507
778000,0.493,0.000,0.506
778500,0.470,0.000,0.530
779000,0.482,0.000,0.518
779500,0.562,0.000,0.438
780000,0.487,0.000,0.512
780500,0.383,0.000,0.617
781000,0.435,0.000,0.565
781500,0.441,0.000,0.559
782000,0.451,0.000,0.549
782500,0.442,0.000,0.558
783000,0.423,0.000,0.577
783500,0.420,0.000,0.580
784000,0.357,0.000,0.643
784500,0.379,0.000,0.621
785000,0.468,0.000,0.532
785500,0.365,0.000,0.635
786000,0.482,0.000,0.518
786500,0.526,0.000,0.474
787000,0.506,0.000,0.494
787500,0.485,0.000,0.515
788000,0.546,0.000,0.454
788500,0.452,0.000,0.548
789000,0.462,0.000,0.538
789500,0.428,0.000,0.572
790000,0.497,0.000,0.502
790500,0.394,0.000,0.606
791000,0.412,0.000,0.588
791500,0.474,0.000,0.526
792000,0.420,0.000,0.580
792500,0.462,0.000,0.538
793000,0.423,0.000,0.577
793500,0.491,0.000,0.509
794000,0.438,0.000,0.562
794500,0.556,0.000,0.444
795000,0.544,0.000,0.456
795500,0.485,0.000,0.514
796000,0.536,0.000,0.464
796500,0.521,0.000,0.479
797000,0.471,0.000,0.529
797500,0.511,0.000,0.489
798000,0.479,0.000,0.520
798500,0.496,0.000,0.504
799000,0.473,0.000,0.526
799500,0.406,0.000,0.595
800000,0.493,0.000,0.506
800500,0.488,0.000,0.512
801000,0.401,0.000,0.599
801500,0.499,0.000,0.501
802000,0.529,0.000,0.471
802500,0.452,0.000,0.548
803000,0.407,0.000,0.593
803500,0.401,0.000,0.599
804000,0.463,0.000,0.537
804500,0.570,0.000,0.430
805000,0.496,0.000,0.504
805500,0.430,0.000,0.570
806000,0.461,0.000,0.539
806500,0.449,0.000,0.551
807000,0.501,0.000,0.499
807500,0.397,0.000,0.603
808000,0.594,0.000,0.406
808500,0.500,0.000,0.500
809000,0.503,0.000,0.497
809500,0.533,0.000,0.467
810000,0.481,0.000,0.519
810500,0.514,0.000,0.486
811000,0.486,0.000,0.514
811500,0.407,0.000,0.593
812000,0.438,0.000,0.562
812500,0.496,0.000,0.504
813000,0.501,0.000,0.499
813500,0.467,0.000,0.533
814000,0.522,0.000,0.478
814500,0.533,0.000,0.467
815000,0.477,0.000,0.522
815500,0.453,0.000,0.547
816000,0.500,0.000,0.500
816500,0.452,0.000,0.548
817000,0.396,0.000,0.604
817500,0.383,0.000,0.617
818000,0.442,0.000,0.558
818500,0.508,0.000,0.492
819000,0.428,0.000,0.572
819500,0.455,0.000,0.545
820000,0.505,0.000,0.495
820500,0.337,0.000,0.663
821000,0.411,0.000,0.589
821500,0.443,0.000,0.557
822000,0.527,0.000,0.473
822500,0.564,0.000,0.436
823000,0.612,0.000,0.388
823500,0.449,0.000,0.551
824000,0.495,0.000,0.505
824500,0.460,0.000,0.540
825000,0.527,0.000,0.473
825500,0.541,0.000,0.459
826000,0.461,0.000,0.539
826500,0.450,0.000,0.550
827000,0.487,0.000,0.513
827500,0.506,0.000,0.494
828000,0.501,0.000,0.499
828500,0.536,0.000,0.464
829000,0.496,0.000,0.504
829500,0.487,0.000,0.513
830000,0.505,0.000,0.495
830500,0.478,0.000,0.522
831000,0.484,0.000,0.516
831500,0.488,0.000,0.512
832000,0.427,0.000,0.573
832500,0.397,0.000,0.603
833000,0.459,0.000,0.541
833500,0.432,0.000,0.568
834000,0.502,0.000,0.498
834500,0.485,0.000,0.515
835000,0.538,0.000,0.462
835500,0.547,0.000,0.453
836000,0.561,0.000,0.439
836500,0.497,0.000,0.502
837000,0.415,0.000,0.585
837500,0.412,0.000,0.588
838000,0.450,0.000,0.550
838500,0.525,0.000,0.475
839000,0.558,0.000,0.442
839500,0.494,0.000,0.506
840000,0.451,0.000,0.549
840500,0.446,0.000,0.554
841000,0.438,0.000,0.562
841500,0.436,0.000,0.564
842000,0.391,0.000,0.609
842500,0.485,0.000,0.514
843000,0.473,0.000,0.527
843500,0.456,0.000,0.544
844000,0.553,0.000,0.447
844500,0.582,0.000,0.418
845000,0.535,0.000,0.465
845500,0.506,0.000,0.494
846000,0.444,0.000,0.556
846500,0.446,0.000,0.554
847000,0.456,0.000,0.544
847500,0.454,0.000,0.546
848000,0.353,0.000,0.647
848500,0.372,0.000,0.628
849000,0.464,0.000,0.536
849500,0.560,0.000,0.440
850000,0.470,0.000,0.530
850500,0.474,0.000,0.526
851000,0.446,0.000,0.554
851500,0.462,0.000,0.538
852000,0.463,0.000,0.537
852500,0.349,0.000,0.651
853000,0.424,0.000,0.576
853500,0.432,0.000,0.568
854000,0.482,0.000,0.518
854500,0.538,0.000,0.462
855000,0.569,0.000,0.431
855500,0.482,0.000,0.518
856000,0.493,0.000,0.506
856500,0.496,0.000,0.504
857000,0.471,0.000,0.528
857500,0.498,0.000,0.502
858000,0.482,0.000,0.518
858500,0.448,0.000,0.552
859000,0.498,0.000,0.502
859500,0.526,0.000,0.474
860000,0.402,0.000,0.598
860500,0.450,0.000,0.550
861000,0.433,0.000,0.567
861500,0.491,0.000,0.508
862000,0.499,0.000,0.500
862500,0.567,0.000,0.433
863000,0.499,0.000,0.500
863500,0.435,0.000,0.565
864000,0.381,0.000,0.619
864500,0.454,0.000,0.546
865000,0.403,0.000,0.597
865500,0.332,0.000,0.668
866000,0.429,0.000,0.571
866500,0.485,0.000,0.515
867000,0.508,0.000,0.492
867500,0.488,0.000,0.512
868000,0.441,0.000,0.559
868500,0.501,0.000,0.499
869000,0.510,0.000,0.490
869500,0.419,0.000,0.581
870000,0.456,0.000,0.544
870500,0.460,0.000,0.540
871000,0.488,0.000,0.512
871500,0.567,0.000,0.433
872000,0.552,0.000,0.448
872500,0.582,0.000,0.418
873000,0.552,0.000,0.448
873500,0.507,0.000,0.493
874000,0.461,0.000,0.539
874500,0.476,0.000,0.524
875000,0.446,0.000,0.554
875500,0.507,0.000,0.493
876000,0.413,0.000,0.587
876500,0.524,0.000,0.476
877000,0.486,0.000,0.514
877500,0.472,0.000,0.528
878000,0.469,0.000,0.531
878500,0.439,0.000,0.561
879000,0.439,0.000,0.561
879500,0.366,0.000,0.633
880000,0.432,0.000,0.568
880500,0.405,0.000,0.595
881000,0.485,0.000,0.514
881500,0.435,0.000,0.565
882000,0.445,0.000,0.555
882500,0.472,0.000,0.528
883000,0.489,0.000,0.511
883500,0.495,0.000,0.504
884000,0.445,0.000,0.555
884500,0.452,0.000,0.548
885000,0.444,0.000,0.556
885500,0.354,0.000,0.645
886000,0.450,0.000,0.550
886500,0.482,0.000,0.518
887000,0.507,0.000,0.493
887500,0.552,0.000,0.448
888000,0.504,0.000,0.496
888500,0.469,0.000,0.530
889000,0.524,0.000,0.476
889500,0.564,0.000,0.436
890000,0.562,0.000,0.438
890500,0.553,0.000,0.447
891000,0.508,0.000,0.492
891500,0.503,0.000,0.497
892000,0.444,0.000,0.556
892500,0.532,0.000,0.468
893000,0.539,0.000,0.461
893500,0.485,0.000,0.514
894000,0.466,0.000,0.534
894500,0.524,0.000,0.476
895000,0.438,0.000,0.562
895500,0.420,0.000,0.580
896000,0.393,0.000,0.607
896500,0.445,0.000,0.555
897000,0.508,0.000,0.492
897500,0.439,0.000,0.561
898000,0.443,0.000,0.557
898500,0.534,0.000,0.466
899000,0.552,0.000,0.448
899500,0.510,0.000,0.490
900000,0.483,0.000,0.517
900500,0.457,0.000,0.543
901000,0.386,0.000,0.614
901500,0.431,0.000,0.569
902000,0.410,0.000,0.590
902500,0.461,0.000,0.539
903000,0.485,0.000,0.515
903500,0.498,0.000,0.502
904000,0.526,0.000,0.474
904500,0.456,0.000,0.544
905000,0.413,0.000,0.587
905500,0.376,0.000,0.624
906000,0.442,0.000,0.558
906500,0.420,0.000,0.580
907000,0.381,0.000,0.619
907500,0.462,0.000,0.538
908000,0.451,0.000,0.549
908500,0.448,0.000,0.552
909000,0.424,0.000,0.576
909500,0.490,0.000,0.510
910000,0.482,0.000,0.518
910500,0.493,0.000,0.506
911000,0.526,0.000,0.474
911500,0.469,0.000,0.531
912000,0.338,0.000,0.662
912500,0.399,0.000,0.601
913000,0.414,0.000,0.586
913500,0.470,0.000,0.530
914000,0.494,0.000,0.506
914500,0.535,0.000,0.465
915000,0.487,0.000,0.512
915500,0.593,0.000,0.407
916000,0.519,0.000,0.481
916500,0.534,0.000,0.466
917000,0.451,0.000,0.549
917500,0.445,0.000,0.555
918000,0.481,0.000,0.519
918500,0.491,0.000,0.509
919000,0.463,0.000,0.537
919500,0.408,0.000,0.592
920000,0.511,0.000,0.489
920500,0.526,0.000,0.474
921000,0.458,0.000,0.542
921500,0.465,0.000,0.535
922000,0.531,0.000,0.469
922500,0.513,0.000,0.487
923000,0.489,0.000,0.510
923500,0.521,0.000,0.479
924000,0.419,0.000,0.581
924500,0.433,0.000,0.567
925000,0.506,0.000,0.494
925500,0.491,0.000,0.509
926000,0.453,0.000,0.547
926500,0.537,0.000,0.463
927000,0.587,0.000,0.413
927500,0.564,0.000,0.436
928000,0.467,0.000,0.533
928500,0.398,0.000,0.602
929000,0.463,0.000,0.537
929500,0.450,0.000,0.550
930000,0.324,0.000,0.676
930500,0.470,0.000,0.530
931000,0.511,0.000,0.489
931500,0.501,0.000,0.499
932000,0.409,0.000,0.591
932500,0.458,0.000,0.542
933000,0.472,0.000,0.528
933500,0.458,0.000,0.542
934000,0.340,0.000,0.660
934500,0.375,0.000,0.625
935000,0.383,0.000,0.617
935500,0.492,0.000,0.508
936000,0.509,0.000,0.491
936500,0.419,0.000,0.581
937000,0.405,0.000,0.595
937500,0.420,0.000,0.580
938000,0.498,0.000,0.502
938500,0.544,0.000,0.456
939000,0.497,0.000,0.503
939500,0.489,0.000,0.511
940000,0.413,0.000,0.587
940500,0.388,0.000,0.612
941000,0.452,0.000,0.548
941500,0.360,0.000,0.639
942000,0.392,0.000,0.609
942500,0.452,0.000,0.548
943000,0.430,0.000,0.570
943500,0.442,0.000,0.558
944000,0.438,0.000,0.562
944500,0.419,0.000,0.581
945000,0.474,0.000,0.526
945500,0.402,0.000,0.599
946000,0.407,0.000,0.593
946500,0.429,0.000,0.571
947000,0.415,0.000,0.585
947500,0.419,0.000,0.581
948000,0.444,0.000,0.556
948500,0.452,0.000,0.548
949000,0.413,0.000,0.587
949500,0.491,0.000,0.508
950000,0.519,0.000,0.481
950500,0.485,0.000,0.515
951000,0.536,0.000,0.464
951500,0.501,0.000,0.499
952000,0.486,0.000,0.514
952500,0.445,0.000,0.555
953000,0.480,0.000,0.520
953500,0.528,0.000,0.472
954000,0.507,0.000,0.493
954500,0.554,0.000,0.446
955000,0.473,0.000,0.527
955500,0.529,0.000,0.471
956000,0.638,0.000,0.362
956500,0.570,0.000,0.430
957000,0.547,0.000,0.453
957500,0.522,0.000,0.478
958000,0.444,0.000,0.556
958500,0.366,0.000,0.634
959000,0.385,0.000,0.615
959500,0.458,0.000,0.542
960000,0.515,0.000,0.485
960500,0.462,0.000,0.538
961000,0.557,0.000,0.443
961500,0.568,0.000,0.432
962000,0.464,0.000,0.536
962500,0.511,0.000,0.489
963000,0.456,0.000,0.544
963500,0.414,0.000,0.586
964000,0.412,0.000,0.588
964500,0.366,0.000,0.633
965000,0.459,0.000,0.541
965500,0.467,0.000,0.533
966000,0.524,0.000,0.476
966500,0.466,0.000,0.534
967000,0.494,0.000,0.506
967500,0.431,0.000,0.569
968000,0.467,0.000,0.533
968500,0.507,0.000,0.493
969000,0.444,0.000,0.556
969500,0.430,0.000,0.570
970000,0.484,0.000,0.516
970500,0.496,0.000,0.504
971000,0.479,0.000,0.521
971500,0.458,0.000,0.542
972000,0.467,0.000,0.533
972500,0.410,0.000,0.590
973000,0.438,0.000,0.562
973500,0.439,0.000,0.561
974000,0.383,0.000,0.617
974500,0.406,0.000,0.594
975000,0.422,0.000,0.578
975500,0.499,0.000,0.501
976000,0.564,0.000,0.436
976500,0.445,0.000,0.555
977000,0.425,0.000,0.575
977500,0.482,0.000,0.518
978000,0.457,0.000,0.543
978500,0.562,0.000,0.438
979000,0.552,0.000,0.448
979500,0.581,0.000,0.419
980000,0.527,0.000,0.473
980500,0.491,0.000,0.508
981000,0.429,0.000,0.571
981500,0.507,0.000,0.493
982000,0.463,0.000,0.537
982500,0.599,0.000,0.401
983000,0.478,0.000,0.522
983500,0.413,0.000,0.587
984000,0.505,0.000,0.495
984500,0.488,0.000,0.512
985000,0.459,0.000,0.541
985500,0.404,0.000,0.596
986000,0.425,0.000,0.575
986500,0.429,0.000,0.571
987000,0.356,0.000,0.643
987500,0.337,0.000,0.663
988000,0.379,0.000,0.621
988500,0.381,0.000,0.619
989000,0.547,0.000,0.453
989500,0.554,0.000,0.446
990000,0.507,0.000,0.493
990500,0.419,0.000,0.581
991000,0.418,0.000,0.582
991500,0.473,0.000,0.527
992000,0.388,0.000,0.613
992500,0.514,0.000,0.486
993000,0.445,0.000,0.555
993500,0.438,0.000,0.562
994000,0.501,0.000,0.499
994500,0.505,0.000,0.495
995000,0.491,0.000,0.509
995500,0.527,0.000,0.473
996000,0.483,0.000,0.516
996500,0.497,0.000,0.503
997000,0.462,0.000,0.538
997500,0.544,0.000,0.456
998000,0.550,0.000,0.450
998500,0.574,0.000,0.426
999000,0.509,0.000,0.491
999500,0.495,0.000,0.505
1000000,0.475,0.000,0.524
