time,n_A+p,n_B,n_AB
500,0.030,0.364,0.606
1000,0.054,0.128,0.818
1500,0.116,0.049,0.835
2000,0.434,0.000,0.566
2500,0.366,0.000,0.634
3000,0.341,0.000,0.659
3500,0.475,0.000,0.525
4000,0.403,0.000,0.597
4500,0.388,0.000,0.612
5000,0.403,0.000,0.597
5500,0.330,0.000,0.670
6000,0.379,0.000,0.621
6500,0.342,0.000,0.658
7000,0.362,0.000,0.638
7500,0.371,0.000,0.629
8000,0.375,0.000,0.625
8500,0.334,0.000,0.666
9000,0.377,0.000,0.623
9500,0.357,0.000,0.643
10000,0.322,0.000,0.678
10500,0.268,0.000,0.732
11000,0.375,0.000,0.625
11500,0.427,0.000,0.573
12000,0.371,0.000,0.629
12500,0.366,0.000,0.634
13000,0.314,0.000,0.686
13500,0.439,0.000,0.561
14000,0.413,0.000,0.587
14500,0.354,0.000,0.646
15000,0.451,0.000,0.549
15500,0.410,0.000,0.590
16000,0.428,0.000,0.572
16500,0.408,0.000,0.592
17000,0.417,0.000,0.583
17500,0.368,0.000,0.632
18000,0.473,0.000,0.527
18500,0.473,0.000,0.527
19000,0.411,0.000,0.589
19500,0.271,0.000,0.729
20000,0.322,0.000,0.678
20500,0.487,0.000,0.513
21000,0.413,0.000,0.587
21500,0.355,0.000,0.645
22000,0.285,0.000,0.715
22500,0.380,0.000,0.620
23000,0.420,0.000,0.580
23500,0.335,0.000,0.665
24000,0.207,0.009,0.784
24500,0.320,0.000,0.680
25000,0.453,0.000,0.547
25500,0.421,0.000,0.579
26000,0.511,0.000,0.489
26500,0.360,0.000,0.640
27000,0.313,0.000,0.687
27500,0.414,0.000,0.586
28000,0.277,0.000,0.723
28500,0.431,0.000,0.569
29000,0.351,0.000,0.649
29500,0.354,0.000,0.646
30000,0.408,0.000,0.592
30500,0.358,0.000,0.642
31000,0.412,0.000,0.588
31500,0.275,0.000,0.725
32000,0.353,0.000,0.647
32500,0.398,0.000,0.602
33000,0.446,0.000,0.554
33500,0.404,0.000,0.596
34000,0.488,0.000,0.512
34500,0.383,0.000,0.617
35000,0.328,0.000,0.672
35500,0.339,0.000,0.661
36000,0.460,0.000,0.540
36500,0.392,0.000,0.608
37000,0.432,0.000,0.568
37500,0.339,0.000,0.661
38000,0.425,0.000,0.575
38500,0.292,0.000,0.708
39000,0.250,0.000,0.750
39500,0.399,0.000,0.601
40000,0.519,0.000,0.481
40500,0.371,0.000,0.629
41000,0.459,0.000,0.541
41500,0.360,0.000,0.640
42000,0.354,0.000,0.646
42500,0.339,0.000,0.661
43000,0.438,0.000,0.562
43500,0.288,0.000,0.712
44000,0.407,0.000,0.593
44500,0.315,0.000,0.685
45000,0.558,0.000,0.442
45500,0.418,0.000,0.582
46000,0.432,0.000,0.568
46500,0.293,0.000,0.707
47000,0.362,0.000,0.638
47500,0.466,0.000,0.534
48000,0.378,0.000,0.622
48500,0.441,0.000,0.559
49000,0.375,0.000,0.625
49500,0.460,0.000,0.540
50000,0.322,0.000,0.678
50500,0.433,0.000,0.567
51000,0.340,0.000,0.660
51500,0.350,0.000,0.650
52000,0.392,0.000,0.608
52500,0.377,0.000,0.623
53000,0.376,0.000,0.624
53500,0.402,0.000,0.598
54000,0.399,0.000,0.601
54500,0.511,0.000,0.489
55000,0.515,0.000,0.485
55500,0.418,0.000,0.582
56000,0.428,0.000,0.572
56500,0.309,0.000,0.691
57000,0.429,0.000,0.571
57500,0.273,0.000,0.727
58000,0.336,0.000,0.664
58500,0.367,0.000,0.633
59000,0.359,0.000,0.641
59500,0.455,0.000,0.545
60000,0.396,0.000,0.604
60500,0.427,0.000,0.573
61000,0.436,0.000,0.564
61500,0.426,0.000,0.574
62000,0.450,0.000,0.550
62500,0.484,0.000,0.516
63000,0.529,0.000,0.471
63500,0.364,0.000,0.636
64000,0.407,0.000,0.593
64500,0.361,0.000,0.639
65000,0.368,0.000,0.632
65500,0.432,0.000,0.568
66000,0.460,0.000,0.540
66500,0.454,0.000,0.546
67000,0.459,0.000,0.541
67500,0.391,0.000,0.609
68000,0.429,0.000,0.571
68500,0.349,0.000,0.651
69000,0.459,0.000,0.541
69500,0.420,0.000,0.580
70000,0.430,0.000,0.570
70500,0.340,0.000,0.660
71000,0.358,0.000,0.642
71500,0.287,0.000,0.713
72000,0.425,0.000,0.575
72500,0.428,0.000,0.572
73000,0.381,0.000,0.619
73500,0.405,0.000,0.595
74000,0.360,0.000,0.640
74500,0.292,0.000,0.708
75000,0.448,0.000,0.552
75500,0.417,0.000,0.583
76000,0.378,0.000,0.622
76500,0.372,0.000,0.628
77000,0.397,0.000,0.603
77500,0.325,0.000,0.675
78000,0.314,0.000,0.686
78500,0.520,0.000,0.480
79000,0.409,0.000,0.591
79500,0.359,0.000,0.641
80000,0.433,0.000,0.567
80500,0.339,0.000,0.661
81000,0.373,0.000,0.627
81500,0.370,0.000,0.630
82000,0.391,0.000,0.609
82500,0.270,0.000,0.730
83000,0.305,0.000,0.695
83500,0.351,0.000,0.649
84000,0.321,0.000,0.679
84500,0.375,0.000,0.625
85000,0.415,0.000,0.585
85500,0.291,0.000,0.709
86000,0.355,0.000,0.645
86500,0.361,0.000,0.639
87000,0.426,0.000,0.574
87500,0.359,0.000,0.641
88000,0.414,0.000,0.586
88500,0.417,0.000,0.583
89000,0.330,0.000,0.670
89500,0.460,0.000,0.540
90000,0.365,0.000,0.635
90500,0.402,0.000,0.598
91000,0.421,0.000,0.579
91500,0.388,0.000,0.612
92000,0.299,0.000,0.701
92500,0.341,0.000,0.659
93000,0.358,0.000,0.642
93500,0.399,0.000,0.601
94000,0.280,0.000,0.720
94500,0.343,0.000,0.657
95000,0.453,0.000,0.547
95500,0.395,0.000,0.605
96000,0.344,0.000,0.656
96500,0.274,0.000,0.726
97000,0.488,0.000,0.512
97500,0.303,0.000,0.697
98000,0.410,0.000,0.590
98500,0.477,0.000,0.523
99000,0.318,0.000,0.682
99500,0.386,0.000,0.614
100000,0.344,0.000,0.656
100500,0.250,0.000,0.750
101000,0.377,0.000,0.623
101500,0.468,0.000,0.532
102000,0.316,0.000,0.684
102500,0.326,0.000,0.674
103000,0.345,0.000,0.655
103500,0.485,0.000,0.515
104000,0.292,0.000,0.708
104500,0.384,0.000,0.616
105000,0.479,0.000,0.521
105500,0.426,0.000,0.574
106000,0.418,0.000,0.582
106500,0.383,0.000,0.617
107000,0.340,0.000,0.660
107500,0.469,0.000,0.531
108000,0.401,0.000,0.599
108500,0.446,0.000,0.554
109000,0.451,0.000,0.549
109500,0.423,0.000,0.577
110000,0.300,0.000,0.700
110500,0.434,0.000,0.566
111000,0.443,0.000,0.557
111500,0.458,0.000,0.542
112000,0.260,0.000,0.740
112500,0.381,0.001,0.618
113000,0.469,0.000,0.531
113500,0.397,0.000,0.603
114000,0.382,0.000,0.618
114500,0.315,0.000,0.685
115000,0.281,0.000,0.719
115500,0.343,0.000,0.657
116000,0.428,0.000,0.572
116500,0.349,0.000,0.651
117000,0.431,0.000,0.569
117500,0.321,0.000,0.679
118000,0.401,0.000,0.599
118500,0.546,0.000,0.454
119000,0.484,0.000,0.516
119500,0.374,0.000,0.626
120000,0.402,0.000,0.598
120500,0.311,0.000,0.689
121000,0.368,0.000,0.632
121500,0.360,0.000,0.640
122000,0.383,0.000,0.617
122500,0.255,0.000,0.745
123000,0.365,0.000,0.635
123500,0.471,0.000,0.529
124000,0.333,0.000,0.667
124500,0.346,0.000,0.654
125000,0.373,0.000,0.627
125500,0.525,0.000,0.475
126000,0.305,0.000,0.695
126500,0.469,0.000,0.531
127000,0.351,0.000,0.649
127500,0.371,0.000,0.629
128000,0.325,0.000,0.675
128500,0.359,0.000,0.641
129000,0.252,0.005,0.743
129500,0.395,0.000,0.605
130000,0.413,0.000,0.587
130500,0.404,0.000,0.596
131000,0.420,0.000,0.580
131500,0.290,0.000,0.710
132000,0.396,0.000,0.604
132500,0.454,0.000,0.546
133000,0.457,0.000,0.543
133500,0.386,0.000,0.614
134000,0.370,0.000,0.630
134500,0.410,0.000,0.590
135000,0.315,0.000,0.685
135500,0.425,0.000,0.575
136000,0.523,0.000,0.477
136500,0.493,0.000,0.507
137000,0.375,0.000,0.625
137500,0.357,0.000,0.643
138000,0.360,0.000,0.640
138500,0.305,0.000,0.695
139000,0.380,0.000,0.620
139500,0.379,0.000,0.621
140000,0.498,0.000,0.502
140500,0.374,0.000,0.626
141000,0.449,0.000,0.551
141500,0.330,0.000,0.670
142000,0.302,0.000,0.698
142500,0.275,0.000,0.725
143000,0.317,0.000,0.683
143500,0.407,0.000,0.593
144000,0.313,0.000,0.687
144500,0.412,0.000,0.588
145000,0.413,0.000,0.587
145500,0.424,0.000,0.576
146000,0.443,0.000,0.557
146500,0.427,0.000,0.573
147000,0.394,0.000,0.606
147500,0.556,0.000,0.444
148000,0.412,0.000,0.588
148500,0.402,0.000,0.598
149000,0.348,0.000,0.652
149500,0.326,0.000,0.674
150000,0.414,0.000,0.586
150500,0.273,0.000,0.727
151000,0.349,0.000,0.651
151500,0.531,0.000,0.469
152000,0.324,0.000,0.676
152500,0.463,0.000,0.537
153000,0.270,0.000,0.730
153500,0.282,0.000,0.718
154000,0.395,0.000,0.605
154500,0.412,0.000,0.588
155000,0.371,0.000,0.629
155500,0.446,0.000,0.554
156000,0.358,0.000,0.642
156500,0.433,0.000,0.567
157000,0.252,0.000,0.748
157500,0.444,0.000,0.556
158000,0.431,0.000,0.569
158500,0.344,0.000,0.656
159000,0.431,0.000,0.569
159500,0.336,0.000,0.664
160000,0.357,0.000,0.643
160500,0.454,0.000,0.546
161000,0.340,0.000,0.660
161500,0.379,0.000,0.621
162000,0.437,0.000,0.563
162500,0.430,0.000,0.570
163000,0.204,0.000,0.796
163500,0.327,0.000,0.673
164000,0.370,0.000,0.630
164500,0.300,0.000,0.700
165000,0.270,0.000,0.730
165500,0.350,0.000,0.650
166000,0.405,0.000,0.595
166500,0.268,0.000,0.732
167000,0.309,0.000,0.691
167500,0.352,0.000,0.648
168000,0.318,0.000,0.682
168500,0.340,0.000,0.660
169000,0.287,0.000,0.713
169500,0.414,0.000,0.586
170000,0.425,0.000,0.575
170500,0.412,0.000,0.588
171000,0.486,0.000,0.514
171500,0.345,0.000,0.655
172000,0.439,0.000,0.561
172500,0.393,0.000,0.607
173000,0.399,0.000,0.601
173500,0.448,0.000,0.552
174000,0.428,0.000,0.572
174500,0.287,0.000,0.713
175000,0.364,0.000,0.636
175500,0.456,0.000,0.544
176000,0.314,0.000,0.686
176500,0.331,0.000,0.669
177000,0.346,0.000,0.654
177500,0.414,0.000,0.586
178000,0.425,0.000,0.575
178500,0.319,0.000,0.681
179000,0.334,0.000,0.666
179500,0.367,0.000,0.633
180000,0.326,0.000,0.674
180500,0.306,0.000,0.694
181000,0.371,0.000,0.629
181500,0.308,0.000,0.692
182000,0.476,0.000,0.524
182500,0.439,0.000,0.561
183000,0.528,0.000,0.472
183500,0.263,0.000,0.737
184000,0.331,0.000,0.669
184500,0.424,0.000,0.576
185000,0.329,0.000,0.671
185500,0.381,0.000,0.619
186000,0.429,0.000,0.571
186500,0.407,0.000,0.593
187000,0.348,0.000,0.652
187500,0.440,0.000,0.560
188000,0.433,0.000,0.567
188500,0.401,0.000,0.599
189000,0.488,0.000,0.512
189500,0.383,0.000,0.617
190000,0.391,0.000,0.609
190500,0.382,0.000,0.618
191000,0.403,0.000,0.597
191500,0.386,0.000,0.614
192000,0.459,0.000,0.541
192500,0.432,0.000,0.568
193000,0.373,0.000,0.627
193500,0.346,0.000,0.654
194000,0.332,0.000,0.668
194500,0.275,0.000,0.725
195000,0.275,0.000,0.725
195500,0.442,0.000,0.558
196000,0.376,0.000,0.624
196500,0.290,0.000,0.710
197000,0.392,0.000,0.608
197500,0.381,0.000,0.619
198000,0.537,0.000,0.463
198500,0.254,0.000,0.746
199000,0.276,0.000,0.724
199500,0.434,0.000,0.566
200000,0.404,0.000,0.596
200500,0.326,0.000,0.674
201000,0.388,0.000,0.612
201500,0.259,0.000,0.741
202000,0.351,0.000,0.649
202500,0.299,0.000,0.701
203000,0.513,0.000,0.487
203500,0.312,0.000,0.688
204000,0.429,0.000,0.571
204500,0.377,0.000,0.623
205000,0.275,0.000,0.725
205500,0.196,0.000,0.804
206000,0.387,0.000,0.613
206500,0.351,0.000,0.649
207000,0.305,0.001,0.694
207500,0.388,0.000,0.612
208000,0.399,0.000,0.601
208500,0.337,0.000,0.663
209000,0.350,0.000,0.650
209500,0.494,0.000,0.506
210000,0.447,0.000,0.553
210500,0.316,0.000,0.684
211000,0.315,0.000,0.685
211500,0.333,0.000,0.667
212000,0.378,0.000,0.622
212500,0.435,0.000,0.565
213000,0.335,0.000,0.665
213500,0.326,0.000,0.674
214000,0.327,0.000,0.673
214500,0.404,0.000,0.596
215000,0.278,0.000,0.722
215500,0.363,0.000,0.637
216000,0.272,0.000,0.728
216500,0.435,0.000,0.565
217000,0.342,0.000,0.658
217500,0.303,0.000,0.697
218000,0.366,0.000,0.634
218500,0.404,0.000,0.596
219000,0.288,0.000,0.712
219500,0.414,0.000,0.586
220000,0.409,0.000,0.591
220500,0.427,0.000,0.573
221000,0.422,0.000,0.578
221500,0.371,0.000,0.629
222000,0.390,0.000,0.610
222500,0.470,0.000,0.530
223000,0.304,0.000,0.696
223500,0.330,0.000,0.670
224000,0.398,0.000,0.602
224500,0.350,0.000,0.650
225000,0.411,0.000,0.589
225500,0.400,0.000,0.600
226000,0.405,0.000,0.595
226500,0.332,0.000,0.668
227000,0.357,0.000,0.643
227500,0.380,0.000,0.620
228000,0.368,0.000,0.632
228500,0.307,0.000,0.693
229000,0.364,0.000,0.636
229500,0.440,0.000,0.560
230000,0.375,0.000,0.625
230500,0.390,0.000,0.610
231000,0.458,0.000,0.542
231500,0.565,0.000,0.435
232000,0.269,0.000,0.731
232500,0.375,0.000,0.625
233000,0.434,0.000,0.566
233500,0.315,0.000,0.685
234000,0.357,0.000,0.643
234500,0.321,0.000,0.679
235000,0.316,0.000,0.684
235500,0.347,0.000,0.653
236000,0.318,0.000,0.682
236500,0.353,0.000,0.647
237000,0.293,0.000,0.707
237500,0.364,0.000,0.636
238000,0.311,0.000,0.689
238500,0.351,0.000,0.649
239000,0.381,0.000,0.619
239500,0.420,0.000,0.580
240000,0.318,0.000,0.682
240500,0.459,0.000,0.541
241000,0.380,0.000,0.620
241500,0.447,0.000,0.553
242000,0.436,0.000,0.564
242500,0.431,0.000,0.569
243000,0.425,0.000,0.575
243500,0.383,0.000,0.617
244000,0.310,0.000,0.690
244500,0.449,0.000,0.551
245000,0.327,0.000,0.673
245500,0.512,0.000,0.488
246000,0.446,0.000,0.554
246500,0.497,0.000,0.503
247000,0.350,0.000,0.650
247500,0.378,0.000,0.622
248000,0.446,0.000,0.554
248500,0.426,0.000,0.574
249000,0.328,0.000,0.672
249500,0.372,0.000,0.628
250000,0.390,0.000,0.610
250500,0.407,0.000,0.593
251000,0.368,0.000,0.632
251500,0.241,0.000,0.759
252000,0.281,0.000,0.719
252500,0.323,0.000,0.677
253000,0.377,0.000,0.623
253500,0.467,0.000,0.533
254000,0.333,0.000,0.667
254500,0.406,0.000,0.594
255000,0.375,0.000,0.625
255500,0.204,0.006,0.790
256000,0.472,0.000,0.528
256500,0.412,0.000,0.588
257000,0.432,0.000,0.568
257500,0.343,0.000,0.657
258000,0.470,0.000,0.530
258500,0.384,0.000,0.616
259000,0.323,0.000,0.677
259500,0.323,0.000,0.677
260000,0.313,0.000,0.687
260500,0.259,0.000,0.741
261000,0.229,0.000,0.771
261500,0.503,0.000,0.497
262000,0.410,0.000,0.590
262500,0.279,0.000,0.721
263000,0.326,0.000,0.674
263500,0.285,0.000,0.715
264000,0.290,0.000,0.710
264500,0.332,0.000,0.668
265000,0.433,0.000,0.567
265500,0.467,0.000,0.533
266000,0.390,0.000,0.610
266500,0.350,0.000,0.650
267000,0.338,0.000,0.662
267500,0.332,0.000,0.668
268000,0.331,0.000,0.669
268500,0.364,0.000,0.636
269000,0.441,0.000,0.559
269500,0.331,0.000,0.669
270000,0.354,0.000,0.646
270500,0.352,0.000,0.648
271000,0.471,0.000,0.529
271500,0.377,0.000,0.623
272000,0.540,0.000,0.460
272500,0.434,0.000,0.566
273000,0.355,0.000,0.645
273500,0.388,0.000,0.612
274000,0.274,0.000,0.726
274500,0.355,0.000,0.645
275000,0.318,0.000,0.682
275500,0.430,0.000,0.570
276000,0.325,0.000,0.675
276500,0.302,0.000,0.698
277000,0.275,0.000,0.725
277500,0.303,0.000,0.697
278000,0.367,0.000,0.633
278500,0.401,0.000,0.599
279000,0.402,0.000,0.598
279500,0.401,0.000,0.599
280000,0.425,0.000,0.575
280500,0.324,0.000,0.676
281000,0.353,0.000,0.647
281500,0.360,0.000,0.640
282000,0.387,0.000,0.613
282500,0.347,0.000,0.653
283000,0.428,0.000,0.572
283500,0.547,0.000,0.453
284000,0.370,0.000,0.630
284500,0.360,0.000,0.640
285000,0.409,0.000,0.591
285500,0.407,0.000,0.593
286000,0.474,0.000,0.526
286500,0.267,0.000,0.733
287000,0.533,0.000,0.467
287500,0.370,0.000,0.630
288000,0.321,0.000,0.679
288500,0.323,0.000,0.677
289000,0.360,0.000,0.640
289500,0.424,0.000,0.576
290000,0.439,0.000,0.561
290500,0.369,0.000,0.631
291000,0.262,0.000,0.738
291500,0.379,0.000,0.621
292000,0.280,0.000,0.720
292500,0.359,0.005,0.636
293000,0.314,0.000,0.686
293500,0.332,0.000,0.668
294000,0.489,0.000,0.511
294500,0.324,0.000,0.676
295000,0.359,0.000,0.641
295500,0.287,0.000,0.713
296000,0.428,0.000,0.572
296500,0.446,0.000,0.554
297000,0.302,0.000,0.698
297500,0.409,0.000,0.591
298000,0.359,0.000,0.641
298500,0.288,0.000,0.712
299000,0.316,0.000,0.684
299500,0.321,0.000,0.679
300000,0.462,0.000,0.538
300500,0.423,0.000,0.577
301000,0.454,0.000,0.546
301500,0.318,0.000,0.682
302000,0.309,0.000,0.691
302500,0.489,0.000,0.511
303000,0.327,0.000,0.673
303500,0.337,0.000,0.663
304000,0.356,0.000,0.644
304500,0.230,0.000,0.770
305000,0.323,0.000,0.677
305500,0.347,0.000,0.653
306000,0.336,0.000,0.664
306500,0.304,0.000,0.696
307000,0.407,0.000,0.593
307500,0.411,0.000,0.589
308000,0.385,0.000,0.615
308500,0.186,0.014,0.800
309000,0.342,0.000,0.658
309500,0.497,0.000,0.503
310000,0.450,0.000,0.550
310500,0.363,0.000,0.637
311000,0.326,0.000,0.674
311500,0.399,0.000,0.601
312000,0.461,0.000,0.539
312500,0.476,0.000,0.524
313000,0.470,0.000,0.530
313500,0.235,0.000,0.765
314000,0.327,0.000,0.673
314500,0.342,0.000,0.658
315000,0.374,0.000,0.626
315500,0.461,0.000,0.539
316000,0.399,0.000,0.601
316500,0.364,0.000,0.636
317000,0.376,0.000,0.624
317500,0.478,0.000,0.522
318000,0.464,0.000,0.536
318500,0.357,0.000,0.643
319000,0.344,0.000,0.656
319500,0.400,0.000,0.600
320000,0.247,0.000,0.753
320500,0.381,0.000,0.619
321000,0.269,0.000,0.731
321500,0.327,0.000,0.673
322000,0.298,0.000,0.702
322500,0.371,0.000,0.629
323000,0.425,0.000,0.575
323500,0.448,0.000,0.552
324000,0.279,0.000,0.721
324500,0.414,0.000,0.586
325000,0.287,0.000,0.713
325500,0.324,0.000,0.676
326000,0.437,0.000,0.563
326500,0.330,0.000,0.670
327000,0.436,0.000,0.564
327500,0.483,0.000,0.517
328000,0.338,0.000,0.662
328500,0.347,0.000,0.653
329000,0.346,0.000,0.654
329500,0.344,0.000,0.656
330000,0.396,0.000,0.604
330500,0.283,0.000,0.717
331000,0.376,0.000,0.624
331500,0.373,0.000,0.627
332000,0.370,0.000,0.630
332500,0.450,0.000,0.550
333000,0.478,0.000,0.522
333500,0.396,0.000,0.604
334000,0.454,0.000,0.546
334500,0.333,0.000,0.667
335000,0.460,0.000,0.540
335500,0.261,0.000,0.739
336000,0.253,0.000,0.747
336500,0.345,0.000,0.655
337000,0.326,0.000,0.674
337500,0.326,0.000,0.674
338000,0.429,0.000,0.571
338500,0.374,0.000,0.626
339000,0.391,0.000,0.609
339500,0.329,0.000,0.671
340000,0.419,0.000,0.581
340500,0.516,0.000,0.484
341000,0.462,0.000,0.538
341500,0.413,0.000,0.587
342000,0.360,0.000,0.640
342500,0.340,0.000,0.660
343000,0.356,0.000,0.644
343500,0.402,0.000,0.598
344000,0.313,0.000,0.687
344500,0.303,0.000,0.697
345000,0.460,0.000,0.540
345500,0.408,0.000,0.592
346000,0.317,0.000,0.683
346500,0.352,0.000,0.648
347000,0.354,0.000,0.646
347500,0.404,0.000,0.596
348000,0.408,0.000,0.592
348500,0.429,0.000,0.571
349000,0.366,0.000,0.634
349500,0.326,0.000,0.674
350000,0.328,0.000,0.672
350500,0.382,0.000,0.618
351000,0.450,0.000,0.550
351500,0.500,0.000,0.500
352000,0.362,0.000,0.638
352500,0.405,0.000,0.595
353000,0.429,0.000,0.571
353500,0.533,0.000,0.467
354000,0.323,0.000,0.677
354500,0.371,0.000,0.629
355000,0.331,0.000,0.669
355500,0.360,0.000,0.640
356000,0.465,0.000,0.535
356500,0.323,0.000,0.677
357000,0.439,0.000,0.561
357500,0.472,0.000,0.528
358000,0.531,0.000,0.469
358500,0.416,0.000,0.584
359000,0.338,0.000,0.662
359500,0.303,0.000,0.697
360000,0.305,0.000,0.695
360500,0.383,0.000,0.617
361000,0.380,0.000,0.620
361500,0.446,0.000,0.554
362000,0.344,0.000,0.656
362500,0.395,0.000,0.605
363000,0.379,0.000,0.621
363500,0.504,0.000,0.496
364000,0.453,0.000,0.547
364500,0.391,0.000,0.609
365000,0.550,0.000,0.450
365500,0.425,0.000,0.575
366000,0.408,0.000,0.592
366500,0.345,0.000,0.655
367000,0.446,0.000,0.554
367500,0.275,0.000,0.725
368000,0.431,0.000,0.569
368500,0.285,0.000,0.715
369000,0.270,0.000,0.730
369500,0.251,0.000,0.749
370000,0.401,0.000,0.599
370500,0.271,0.000,0.729
371000,0.379,0.000,0.621
371500,0.330,0.000,0.670
372000,0.407,0.000,0.593
372500,0.349,0.000,0.651
373000,0.502,0.000,0.498
373500,0.486,0.000,0.514
374000,0.473,0.000,0.527
374500,0.495,0.000,0.505
375000,0.463,0.000,0.537
375500,0.455,0.000,0.545
376000,0.258,0.000,0.742
376500,0.431,0.000,0.569
377000,0.452,0.000,0.548
377500,0.323,0.000,0.677
378000,0.337,0.000,0.663
378500,0.390,0.000,0.610
379000,0.438,0.000,0.562
379500,0.436,0.000,0.564
380000,0.429,0.000,0.571
380500,0.206,0.008,0.786
381000,0.347,0.000,0.653
381500,0.455,0.000,0.545
382000,0.314,0.000,0.686
382500,0.387,0.000,0.613
383000,0.336,0.000,0.664
383500,0.393,0.000,0.607
384000,0.433,0.000,0.567
384500,0.579,0.000,0.421
385000,0.482,0.000,0.518
385500,0.376,0.000,0.624
386000,0.346,0.000,0.654
386500,0.386,0.000,0.614
387000,0.303,0.000,0.697
387500,0.246,0.000,0.754
388000,0.425,0.000,0.575
388500,0.375,0.000,0.625
389000,0.397,0.000,0.603
389500,0.344,0.000,0.656
390000,0.531,0.000,0.469
390500,0.366,0.000,0.634
391000,0.211,0.005,0.784
391500,0.256,0.000,0.744
392000,0.401,0.000,0.599
392500,0.582,0.000,0.418
393000,0.466,0.000,0.534
393500,0.326,0.000,0.674
394000,0.343,0.000,0.657
394500,0.405,0.000,0.595
395000,0.525,0.000,0.475
395500,0.475,0.000,0.525
396000,0.405,0.000,0.595
396500,0.420,0.000,0.580
397000,0.351,0.000,0.649
397500,0.357,0.000,0.643
398000,0.332,0.000,0.668
398500,0.370,0.000,0.630
399000,0.358,0.000,0.642
399500,0.379,0.000,0.621
400000,0.381,0.000,0.619
400500,0.371,0.000,0.629
401000,0.415,0.000,0.585
401500,0.377,0.000,0.623
402000,0.291,0.000,0.709
402500,0.292,0.000,0.708
403000,0.180,0.000,0.820
403500,0.348,0.000,0.652
404000,0.321,0.000,0.679
404500,0.378,0.000,0.622
405000,0.464,0.000,0.536
405500,0.479,0.000,0.521
406000,0.452,0.000,0.548
406500,0.365,0.000,0.635
407000,0.286,0.000,0.714
407500,0.280,0.000,0.720
408000,0.560,0.000,0.440
408500,0.309,0.000,0.691
409000,0.382,0.000,0.618
409500,0.529,0.000,0.471
410000,0.453,0.000,0.547
410500,0.432,0.000,0.568
411000,0.455,0.000,0.545
411500,0.324,0.000,0.676
412000,0.376,0.000,0.624
412500,0.278,0.000,0.722
413000,0.379,0.000,0.621
413500,0.414,0.000,0.586
414000,0.410,0.000,0.590
414500,0.393,0.000,0.607
415000,0.310,0.000,0.690
415500,0.335,0.000,0.665
416000,0.260,0.000,0.740
416500,0.345,0.000,0.655
417000,0.272,0.000,0.728
417500,0.467,0.000,0.533
418000,0.418,0.000,0.582
418500,0.355,0.000,0.645
419000,0.437,0.000,0.563
419500,0.336,0.000,0.664
420000,0.391,0.000,0.609
420500,0.267,0.000,0.733
421000,0.370,0.000,0.630
421500,0.348,0.000,0.652
422000,0.286,0.000,0.714
422500,0.348,0.000,0.652
423000,0.454,0.000,0.546
423500,0.496,0.000,0.504
424000,0.466,0.000,0.534
424500,0.366,0.000,0.634
425000,0.253,0.000,0.747
425500,0.369,0.000,0.631
426000,0.381,0.000,0.619
426500,0.393,0.000,0.607
427000,0.494,0.000,0.506
427500,0.394,0.000,0.606
428000,0.532,0.000,0.468
428500,0.461,0.000,0.539
429000,0.488,0.000,0.512
429500,0.451,0.000,0.549
430000,0.388,0.000,0.612
430500,0.472,0.000,0.528
431000,0.455,0.000,0.545
431500,0.386,0.000,0.614
432000,0.367,0.000,0.633
432500,0.287,0.000,0.713
433000,0.435,0.000,0.565
433500,0.393,0.000,0.607
434000,0.357,0.000,0.643
434500,0.367,0.000,0.633
435000,0.363,0.000,0.637
435500,0.422,0.000,0.578
436000,0.337,0.000,0.663
436500,0.374,0.000,0.626
437000,0.411,0.000,0.589
437500,0.528,0.000,0.472
438000,0.442,0.000,0.558
438500,0.389,0.000,0.611
439000,0.284,0.000,0.716
439500,0.353,0.000,0.647
440000,0.347,0.000,0.653
440500,0.396,0.000,0.604
441000,0.299,0.000,0.701
441500,0.310,0.000,0.690
442000,0.355,0.000,0.645
442500,0.280,0.000,0.720
443000,0.371,0.000,0.629
443500,0.293,0.000,0.707
444000,0.269,0.000,0.731
444500,0.338,0.000,0.662
445000,0.368,0.000,0.632
445500,0.441,0.000,0.559
446000,0.371,0.000,0.629
446500,0.372,0.000,0.628
447000,0.320,0.000,0.680
447500,0.349,0.000,0.651
448000,0.230,0.003,0.767
448500,0.502,0.000,0.498
449000,0.277,0.000,0.723
449500,0.245,0.000,0.755
450000,0.339,0.000,0.661
450500,0.362,0.000,0.638
451000,0.287,0.000,0.713
451500,0.307,0.000,0.693
452000,0.355,0.000,0.645
452500,0.387,0.000,0.613
453000,0.350,0.000,0.650
453500,0.412,0.000,0.588
454000,0.329,0.000,0.671
454500,0.254,0.000,0.746
455000,0.283,0.000,0.717
455500,0.332,0.000,0.668
456000,0.322,0.000,0.678
456500,0.404,0.000,0.596
457000,0.395,0.000,0.605
457500,0.323,0.000,0.677
458000,0.371,0.000,0.629
458500,0.355,0.000,0.645
459000,0.483,0.000,0.517
459500,0.356,0.000,0.644
460000,0.318,0.000,0.682
460500,0.411,0.000,0.589
461000,0.404,0.000,0.596
461500,0.273,0.000,0.727
462000,0.324,0.000,0.676
462500,0.285,0.000,0.715
463000,0.377,0.000,0.623
463500,0.452,0.000,0.548
464000,0.313,0.000,0.687
464500,0.328,0.000,0.672
465000,0.440,0.000,0.560
465500,0.345,0.000,0.655
466000,0.277,0.000,0.723
466500,0.307,0.000,0.693
467000,0.447,0.000,0.553
467500,0.350,0.000,0.650
468000,0.470,0.000,0.530
468500,0.360,0.000,0.640
469000,0.423,0.000,0.577
469500,0.357,0.000,0.643
470000,0.353,0.000,0.647
470500,0.361,0.000,0.639
471000,0.339,0.000,0.661
471500,0.325,0.000,0.675
472000,0.439,0.000,0.561
472500,0.413,0.000,0.587
473000,0.347,0.000,0.653
473500,0.313,0.000,0.687
474000,0.403,0.000,0.597
474500,0.428,0.000,0.572
475000,0.499,0.000,0.501
475500,0.450,0.000,0.550
476000,0.457,0.000,0.543
476500,0.425,0.000,0.575
477000,0.509,0.000,0.491
477500,0.360,0.000,0.640
478000,0.344,0.000,0.656
478500,0.359,0.000,0.641
479000,0.416,0.000,0.584
479500,0.388,0.000,0.612
480000,0.319,0.000,0.681
480500,0.460,0.000,0.540
481000,0.510,0.000,0.490
481500,0.258,0.000,0.742
482000,0.218,0.000,0.782
482500,0.338,0.000,0.662
483000,0.430,0.000,0.570
483500,0.466,0.000,0.534
484000,0.381,0.000,0.619
484500,0.308,0.000,0.692
485000,0.367,0.000,0.633
485500,0.389,0.000,0.611
486000,0.460,0.000,0.540
486500,0.434,0.000,0.566
487000,0.402,0.000,0.598
487500,0.395,0.000,0.605
488000,0.382,0.000,0.618
488500,0.413,0.000,0.587
489000,0.458,0.000,0.542
489500,0.361,0.000,0.639
490000,0.405,0.000,0.595
490500,0.431,0.000,0.569
491000,0.315,0.000,0.685
491500,0.355,0.000,0.645
492000,0.360,0.000,0.640
492500,0.382,0.000,0.618
493000,0.368,0.000,0.632
493500,0.292,0.000,0.708
494000,0.468,0.000,0.532
494500,0.403,0.000,0.597
495000,0.322,0.000,0.678
495500,0.379,0.000,0.621
496000,0.355,0.000,0.645
496500,0.359,0.000,0.641
497000,0.375,0.000,0.625
497500,0.406,0.000,0.594
498000,0.498,0.000,0.502
498500,0.355,0.000,0.645
499000,0.418,0.000,0.582
499500,0.408,0.000,0.592
500000,0.571,0.000,0.429
500500,0.436,0.000,0.564
501000,0.361,0.000,0.639
501500,0.235,0.000,0.765
502000,0.475,0.000,0.525
502500,0.664,0.000,0.336
503000,0.576,0.000,0.424
503500,0.541,0.000,0.459
504000,0.344,0.000,0.656
504500,0.409,0.000,0.591
505000,0.523,0.000,0.477
505500,0.388,0.000,0.612
506000,0.328,0.000,0.672
506500,0.353,0.000,0.647
507000,0.418,0.000,0.582
507500,0.473,0.000,0.527
508000,0.474,0.000,0.526
508500,0.263,0.000,0.737
509000,0.363,0.000,0.637
509500,0.398,0.000,0.602
510000,0.390,0.000,0.610
510500,0.295,0.000,0.705
511000,0.328,0.000,0.672
511500,0.349,0.000,0.651
512000,0.424,0.000,0.576
512500,0.391,0.000,0.609
513000,0.320,0.000,0.680
513500,0.307,0.000,0.693
514000,0.291,0.000,0.709
514500,0.345,0.009,0.646
515000,0.286,0.000,0.714
515500,0.368,0.000,0.632
516000,0.452,0.000,0.548
516500,0.252,0.014,0.734
517000,0.439,0.000,0.561
517500,0.246,0.000,0.754
518000,0.313,0.000,0.687
518500,0.325,0.000,0.675
519000,0.401,0.000,0.599
519500,0.591,0.000,0.409
520000,0.487,0.000,0.513
520500,0.415,0.000,0.585
521000,0.373,0.000,0.627
521500,0.421,0.000,0.579
522000,0.464,0.000,0.536
522500,0.440,0.000,0.560
523000,0.335,0.000,0.665
523500,0.266,0.000,0.734
524000,0.394,0.000,0.606
524500,0.444,0.000,0.556
525000,0.388,0.000,0.612
525500,0.319,0.000,0.681
526000,0.324,0.000,0.676
526500,0.459,0.000,0.541
527000,0.354,0.000,0.646
527500,0.431,0.000,0.569
528000,0.341,0.000,0.659
528500,0.322,0.000,0.678
529000,0.418,0.000,0.582
529500,0.417,0.000,0.583
530000,0.357,0.000,0.643
530500,0.363,0.000,0.637
531000,0.415,0.000,0.585
531500,0.277,0.000,0.723
532000,0.286,0.000,0.714
532500,0.337,0.000,0.663
533000,0.408,0.000,0.592
533500,0.497,0.000,0.503
534000,0.350,0.000,0.650
534500,0.410,0.000,0.590
535000,0.402,0.000,0.598
535500,0.415,0.000,0.585
536000,0.277,0.000,0.723
536500,0.321,0.000,0.679
537000,0.407,0.000,0.593
537500,0.342,0.000,0.658
538000,0.290,0.000,0.710
538500,0.313,0.000,0.687
539000,0.323,0.000,0.677
539500,0.380,0.000,0.620
540000,0.354,0.000,0.646
540500,0.531,0.000,0.469
541000,0.391,0.000,0.609
541500,0.413,0.000,0.587
542000,0.359,0.000,0.641
542500,0.371,0.000,0.629
543000,0.476,0.000,0.524
543500,0.422,0.000,0.578
544000,0.391,0.000,0.609
544500,0.312,0.000,0.688
545000,0.393,0.000,0.607
545500,0.391,0.000,0.609
546000,0.320,0.000,0.680
546500,0.398,0.000,0.602
547000,0.305,0.000,0.695
547500,0.437,0.000,0.563
548000,0.348,0.000,0.652
548500,0.379,0.000,0.621
549000,0.358,0.000,0.642
549500,0.382,0.000,0.618
550000,0.324,0.000,0.676
550500,0.294,0.000,0.706
551000,0.287,0.000,0.713
551500,0.382,0.000,0.618
552000,0.316,0.000,0.684
552500,0.468,0.000,0.532
553000,0.385,0.000,0.615
553500,0.447,0.000,0.553
554000,0.389,0.000,0.611
554500,0.291,0.000,0.709
555000,0.329,0.000,0.671
555500,0.292,0.000,0.708
556000,0.454,0.000,0.546
556500,0.390,0.000,0.610
557000,0.527,0.000,0.473
557500,0.420,0.000,0.580
558000,0.437,0.000,0.563
558500,0.350,0.000,0.650
559000,0.410,0.000,0.590
559500,0.422,0.000,0.578
560000,0.426,0.000,0.574
560500,0.639,0.000,0.361
561000,0.394,0.000,0.606
561500,0.449,0.000,0.551
562000,0.314,0.000,0.686
562500,0.467,0.000,0.533
563000,0.347,0.000,0.653
563500,0.308,0.000,0.692
564000,0.452,0.000,0.548
564500,0.450,0.000,0.550
565000,0.366,0.000,0.634
565500,0.382,0.000,0.618
566000,0.488,0.000,0.512
566500,0.248,0.000,0.752
567000,0.375,0.000,0.625
567500,0.327,0.000,0.673
568000,0.381,0.000,0.619
568500,0.380,0.000,0.620
569000,0.319,0.000,0.681
569500,0.502,0.000,0.498
570000,0.581,0.000,0.419
570500,0.489,0.000,0.511
571000,0.241,0.000,0.759
571500,0.415,0.000,0.585
572000,0.425,0.000,0.575
572500,0.380,0.000,0.620
573000,0.434,0.000,0.566
573500,0.339,0.000,0.661
574000,0.326,0.000,0.674
574500,0.437,0.000,0.563
575000,0.374,0.000,0.626
575500,0.457,0.000,0.543
576000,0.314,0.000,0.686
576500,0.358,0.000,0.642
577000,0.326,0.000,0.674
577500,0.370,0.000,0.630
578000,0.369,0.000,0.631
578500,0.345,0.000,0.655
579000,0.406,0.000,0.594
579500,0.457,0.000,0.543
580000,0.494,0.000,0.506
580500,0.360,0.000,0.640
581000,0.575,0.000,0.425
581500,0.293,0.000,0.707
582000,0.340,0.000,0.660
582500,0.364,0.000,0.636
583000,0.269,0.008,0.723
583500,0.352,0.000,0.648
584000,0.433,0.000,0.567
584500,0.343,0.000,0.657
585000,0.363,0.000,0.637
585500,0.383,0.000,0.617
586000,0.428,0.000,0.572
586500,0.388,0.000,0.612
587000,0.280,0.000,0.720
587500,0.374,0.000,0.626
588000,0.381,0.000,0.619
588500,0.346,0.000,0.654
589000,0.374,0.000,0.626
589500,0.483,0.000,0.517
590000,0.416,0.000,0.584
590500,0.506,0.000,0.494
591000,0.286,0.000,0.714
591500,0.372,0.000,0.628
592000,0.550,0.000,0.450
592500,0.244,0.000,0.756
593000,0.499,0.000,0.501
593500,0.475,0.000,0.525
594000,0.424,0.000,0.576
594500,0.456,0.000,0.544
595000,0.326,0.000,0.674
595500,0.349,0.000,0.651
596000,0.343,0.000,0.657
596500,0.275,0.000,0.725
597000,0.388,0.000,0.612
597500,0.455,0.000,0.545
598000,0.433,0.000,0.567
598500,0.536,0.000,0.464
599000,0.351,0.000,0.649
599500,0.332,0.000,0.668
600000,0.488,0.000,0.512
600500,0.410,0.000,0.590
601000,0.301,0.000,0.699
601500,0.222,0.000,0.778
602000,0.484,0.000,0.516
602500,0.364,0.000,0.636
603000,0.426,0.000,0.574
603500,0.465,0.000,0.535
604000,0.398,0.000,0.602
604500,0.310,0.000,0.690
605000,0.452,0.000,0.548
605500,0.334,0.000,0.666
606000,0.365,0.000,0.635
606500,0.382,0.000,0.618
607000,0.335,0.000,0.665
607500,0.311,0.000,0.689
608000,0.357,0.000,0.643
608500,0.369,0.000,0.631
609000,0.380,0.000,0.620
609500,0.398,0.000,0.602
610000,0.411,0.000,0.589
610500,0.429,0.000,0.571
611000,0.372,0.000,0.628
611500,0.482,0.000,0.518
612000,0.298,0.000,0.702
612500,0.374,0.000,0.626
613000,0.360,0.000,0.640
613500,0.390,0.000,0.610
614000,0.452,0.000,0.548
614500,0.449,0.000,0.551
615000,0.413,0.000,0.587
615500,0.405,0.000,0.595
616000,0.320,0.000,0.680
616500,0.488,0.000,0.512
617000,0.369,0.000,0.631
617500,0.395,0.000,0.605
618000,0.389,0.000,0.611
618500,0.486,0.000,0.514
619000,0.383,0.000,0.617
619500,0.415,0.000,0.585
620000,0.405,0.000,0.595
620500,0.395,0.000,0.605
621000,0.423,0.000,0.577
621500,0.330,0.000,0.670
622000,0.410,0.000,0.590
622500,0.571,0.000,0.429
623000,0.301,0.000,0.699
623500,0.407,0.000,0.593
624000,0.337,0.000,0.663
624500,0.341,0.000,0.659
625000,0.478,0.000,0.522
625500,0.463,0.000,0.537
626000,0.360,0.000,0.640
626500,0.380,0.000,0.620
627000,0.388,0.000,0.612
627500,0.487,0.000,0.513
628000,0.445,0.000,0.555
628500,0.433,0.000,0.567
629000,0.337,0.000,0.663
629500,0.461,0.000,0.539
630000,0.277,0.000,0.723
630500,0.355,0.000,0.645
631000,0.319,0.000,0.681
631500,0.502,0.000,0.498
632000,0.373,0.000,0.627
632500,0.405,0.000,0.595
633000,0.326,0.000,0.674
633500,0.389,0.000,0.611
634000,0.291,0.000,0.709
634500,0.304,0.000,0.696
635000,0.342,0.000,0.658
635500,0.458,0.000,0.542
636000,0.280,0.000,0.720
636500,0.480,0.000,0.520
637000,0.468,0.000,0.532
637500,0.463,0.000,0.537
638000,0.453,0.000,0.547
638500,0.405,0.000,0.595
639000,0.386,0.000,0.614
639500,0.431,0.000,0.569
640000,0.302,0.000,0.698
640500,0.269,0.000,0.731
641000,0.305,0.000,0.695
641500,0.314,0.000,0.686
642000,0.293,0.000,0.707
642500,0.376,0.000,0.624
643000,0.301,0.000,0.699
643500,0.361,0.000,0.639
644000,0.466,0.000,0.534
644500,0.472,0.000,0.528
645000,0.397,0.000,0.603
645500,0.345,0.000,0.655
646000,0.586,0.000,0.414
646500,0.375,0.000,0.625
647000,0.426,0.000,0.574
647500,0.350,0.000,0.650
648000,0.427,0.000,0.573
648500,0.284,0.000,0.716
649000,0.242,0.000,0.758
649500,0.356,0.000,0.644
650000,0.417,0.000,0.583
650500,0.363,0.000,0.637
651000,0.281,0.000,0.719
651500,0.339,0.000,0.661
652000,0.507,0.000,0.493
652500,0.460,0.000,0.540
653000,0.415,0.000,0.585
653500,0.413,0.000,0.587
654000,0.296,0.000,0.704
654500,0.399,0.000,0.601
655000,0.508,0.000,0.492
655500,0.518,0.000,0.482
656000,0.404,0.000,0.596
656500,0.311,0.000,0.689
657000,0.448,0.000,0.552
657500,0.463,0.000,0.537
658000,0.424,0.000,0.576
658500,0.256,0.003,0.741
659000,0.356,0.000,0.644
659500,0.413,0.000,0.587
660000,0.366,0.000,0.634
660500,0.392,0.000,0.608
661000,0.506,0.000,0.494
661500,0.383,0.000,0.617
662000,0.390,0.000,0.610
662500,0.410,0.000,0.590
663000,0.377,0.000,0.623
663500,0.519,0.000,0.481
664000,0.385,0.000,0.615
664500,0.294,0.000,0.706
665000,0.340,0.000,0.660
665500,0.293,0.000,0.707
666000,0.519,0.000,0.481
666500,0.280,0.000,0.720
667000,0.461,0.000,0.539
667500,0.396,0.000,0.604
668000,0.516,0.000,0.484
668500,0.393,0.000,0.607
669000,0.344,0.000,0.656
669500,0.346,0.000,0.654
670000,0.312,0.000,0.688
670500,0.358,0.000,0.642
671000,0.445,0.000,0.555
671500,0.332,0.000,0.668
672000,0.330,0.000,0.670
672500,0.370,0.000,0.630
673000,0.482,0.000,0.518
673500,0.448,0.000,0.552
674000,0.294,0.000,0.706
674500,0.369,0.000,0.631
675000,0.384,0.000,0.616
675500,0.414,0.000,0.586
676000,0.527,0.000,0.473
676500,0.399,0.000,0.601
677000,0.468,0.000,0.532
677500,0.418,0.000,0.582
678000,0.352,0.000,0.648
678500,0.443,0.000,0.557
679000,0.488,0.000,0.512
679500,0.360,0.000,0.640
680000,0.360,0.000,0.640
680500,0.373,0.000,0.627
681000,0.371,0.000,0.629
681500,0.348,0.000,0.652
682000,0.353,0.000,0.647
682500,0.284,0.000,0.716
683000,0.344,0.000,0.656
683500,0.417,0.000,0.583
684000,0.430,0.000,0.570
684500,0.534,0.000,0.466
685000,0.376,0.000,0.624
685500,0.257,0.000,0.743
686000,0.396,0.000,0.604
686500,0.376,0.000,0.624
687000,0.460,0.000,0.540
687500,0.317,0.000,0.683
688000,0.362,0.000,0.638
688500,0.476,0.000,0.524
689000,0.306,0.000,0.694
689500,0.573,0.000,0.427
690000,0.336,0.000,0.664
690500,0.368,0.000,0.632
691000,0.456,0.000,0.544
691500,0.308,0.000,0.692
692000,0.241,0.000,0.759
692500,0.486,0.000,0.514
693000,0.252,0.000,0.748
693500,0.279,0.000,0.721
694000,0.262,0.000,0.738
694500,0.377,0.000,0.623
695000,0.494,0.000,0.506
695500,0.500,0.000,0.500
696000,0.537,0.000,0.463
696500,0.385,0.000,0.615
697000,0.307,0.000,0.693
697500,0.385,0.000,0.615
698000,0.401,0.000,0.599
698500,0.575,0.000,0.425
699000,0.305,0.000,0.695
699500,0.401,0.000,0.599
700000,0.390,0.000,0.610
700500,0.369,0.000,0.631
701000,0.481,0.000,0.519
701500,0.525,0.000,0.475
702000,0.635,0.000,0.365
702500,0.393,0.000,0.607
703000,0.371,0.000,0.629
703500,0.327,0.000,0.673
704000,0.431,0.000,0.569
704500,0.386,0.000,0.614
705000,0.389,0.000,0.611
705500,0.328,0.000,0.672
706000,0.480,0.000,0.520
706500,0.404,0.000,0.596
707000,0.296,0.000,0.704
707500,0.427,0.000,0.573
708000,0.498,0.000,0.502
708500,0.459,0.000,0.541
709000,0.479,0.000,0.521
709500,0.313,0.000,0.687
710000,0.429,0.000,0.571
710500,0.416,0.000,0.584
711000,0.400,0.000,0.600
711500,0.439,0.000,0.561
712000,0.366,0.000,0.634
712500,0.356,0.000,0.644
713000,0.412,0.000,0.588
713500,0.455,0.000,0.545
714000,0.355,0.000,0.645
714500,0.359,0.000,0.641
715000,0.391,0.000,0.609
715500,0.359,0.000,0.641
716000,0.347,0.000,0.653
716500,0.388,0.000,0.612
717000,0.418,0.000,0.582
717500,0.369,0.000,0.631
718000,0.297,0.000,0.703
718500,0.437,0.000,0.563
719000,0.347,0.000,0.653
719500,0.317,0.000,0.683
720000,0.426,0.000,0.574
720500,0.363,0.000,0.637
721000,0.326,0.000,0.674
721500,0.321,0.000,0.679
722000,0.360,0.000,0.640
722500,0.317,0.000,0.683
723000,0.206,0.000,0.794
723500,0.279,0.002,0.719
724000,0.352,0.000,0.648
724500,0.391,0.000,0.609
725000,0.358,0.000,0.642
725500,0.401,0.000,0.599
726000,0.402,0.000,0.598
726500,0.457,0.000,0.543
727000,0.374,0.000,0.626
727500,0.522,0.000,0.478
728000,0.412,0.000,0.588
728500,0.411,0.000,0.589
729000,0.326,0.000,0.674
729500,0.348,0.000,0.652
730000,0.364,0.000,0.636
730500,0.455,0.000,0.545
731000,0.430,0.000,0.570
731500,0.475,0.000,0.525
732000,0.307,0.000,0.693
732500,0.311,0.000,0.689
733000,0.387,0.000,0.613
733500,0.265,0.000,0.735
734000,0.254,0.000,0.746
734500,0.363,0.000,0.637
735000,0.403,0.000,0.597
735500,0.454,0.000,0.546
736000,0.381,0.000,0.619
736500,0.378,0.000,0.622
737000,0.269,0.000,0.731
737500,0.293,0.000,0.707
738000,0.336,0.000,0.664
738500,0.518,0.000,0.482
739000,0.386,0.000,0.614
739500,0.365,0.000,0.635
740000,0.397,0.000,0.603
740500,0.339,0.000,0.661
741000,0.279,0.003,0.718
741500,0.461,0.000,0.539
742000,0.370,0.000,0.630
742500,0.275,0.000,0.725
743000,0.364,0.000,0.636
743500,0.390,0.000,0.610
744000,0.460,0.000,0.540
744500,0.520,0.000,0.480
745000,0.267,0.000,0.733
745500,0.365,0.000,0.635
746000,0.437,0.000,0.563
746500,0.441,0.000,0.559
747000,0.400,0.000,0.600
747500,0.210,0.000,0.790
748000,0.372,0.000,0.628
748500,0.400,0.000,0.600
749000,0.390,0.000,0.610
749500,0.332,0.000,0.668
750000,0.392,0.000,0.608
750500,0.301,0.000,0.699
751000,0.329,0.000,0.671
751500,0.367,0.000,0.633
752000,0.256,0.000,0.744
752500,0.386,0.000,0.614
753000,0.397,0.000,0.603
753500,0.372,0.000,0.628
754000,0.430,0.000,0.570
754500,0.398,0.000,0.602
755000,0.372,0.000,0.628
755500,0.452,0.000,0.548
756000,0.504,0.000,0.496
756500,0.405,0.000,0.595
757000,0.408,0.000,0.592
757500,0.364,0.000,0.636
758000,0.378,0.000,0.622
758500,0.434,0.000,0.566
759000,0.394,0.000,0.606
759500,0.422,0.000,0.578
760000,0.395,0.000,0.605
760500,0.343,0.000,0.657
761000,0.445,0.000,0.555
761500,0.256,0.000,0.744
762000,0.340,0.000,0.660
762500,0.399,0.000,0.601
763000,0.374,0.000,0.626
763500,0.416,0.000,0.584
764000,0.441,0.000,0.559
764500,0.396,0.000,0.604
765000,0.435,0.000,0.565
765500,0.486,0.000,0.514
766000,0.408,0.000,0.592
766500,0.431,0.000,0.569
767000,0.345,0.000,0.655
767500,0.521,0.000,0.479
768000,0.413,0.000,0.587
768500,0.343,0.000,0.657
769000,0.468,0.000,0.532
769500,0.382,0.000,0.618
770000,0.439,0.000,0.561
770500,0.415,0.000,0.585
771000,0.372,0.000,0.628
771500,0.550,0.000,0.450
772000,0.422,0.000,0.578
772500,0.340,0.000,0.660
773000,0.454,0.000,0.546
773500,0.402,0.000,0.598
774000,0.302,0.000,0.698
774500,0.366,0.000,0.634
775000,0.465,0.000,0.535
775500,0.411,0.000,0.589
776000,0.374,0.000,0.626
776500,0.466,0.000,0.534
777000,0.365,0.000,0.635
777500,0.409,0.000,0.591
778000,0.316,0.000,0.684
778500,0.415,0.000,0.585
779000,0.396,0.000,0.604
779500,0.367,0.000,0.633
780000,0.436,0.000,0.564
780500,0.308,0.000,0.692
781000,0.480,0.000,0.520
781500,0.500,0.000,0.500
782000,0.305,0.000,0.695
782500,0.324,0.000,0.676
783000,0.316,0.000,0.684
783500,0.349,0.000,0.651
784000,0.456,0.000,0.544
784500,0.543,0.000,0.457
785000,0.445,0.000,0.555
785500,0.418,0.000,0.582
786000,0.414,0.000,0.586
786500,0.286,0.000,0.714
787000,0.343,0.000,0.657
787500,0.420,0.000,0.580
788000,0.396,0.000,0.604
788500,0.348,0.000,0.652
789000,0.279,0.006,0.715
789500,0.448,0.000,0.552
790000,0.539,0.000,0.461
790500,0.417,0.000,0.583
791000,0.371,0.000,0.629
791500,0.394,0.000,0.606
792000,0.352,0.000,0.648
792500,0.378,0.000,0.622
793000,0.341,0.000,0.659
793500,0.332,0.000,0.668
794000,0.367,0.000,0.633
794500,0.505,0.000,0.495
795000,0.478,0.000,0.522
795500,0.404,0.000,0.596
796000,0.381,0.000,0.619
796500,0.423,0.000,0.577
797000,0.296,0.000,0.704
797500,0.391,0.000,0.609
798000,0.453,0.000,0.547
798500,0.441,0.000,0.559
799000,0.291,0.000,0.709
799500,0.448,0.000,0.552
800000,0.374,0.000,0.626
800500,0.330,0.000,0.670
801000,0.279,0.000,0.721
801500,0.436,0.000,0.564
802000,0.396,0.000,0.604
802500,0.418,0.000,0.582
803000,0.297,0.000,0.703
803500,0.391,0.000,0.609
804000,0.422,0.000,0.578
804500,0.476,0.000,0.524
805000,0.368,0.000,0.632
805500,0.458,0.000,0.542
806000,0.483,0.000,0.517
806500,0.290,0.000,0.710
807000,0.354,0.000,0.646
807500,0.297,0.000,0.703
808000,0.417,0.000,0.583
808500,0.425,0.000,0.575
809000,0.470,0.000,0.530
809500,0.275,0.000,0.725
810000,0.442,0.000,0.558
810500,0.500,0.000,0.500
811000,0.377,0.000,0.623
811500,0.427,0.000,0.573
812000,0.274,0.000,0.726
812500,0.335,0.000,0.665
813000,0.460,0.000,0.540
813500,0.398,0.000,0.602
814000,0.260,0.000,0.740
814500,0.347,0.000,0.653
815000,0.461,0.000,0.539
815500,0.320,0.000,0.680
816000,0.318,0.000,0.682
816500,0.379,0.000,0.621
817000,0.496,0.000,0.504
817500,0.485,0.000,0.515
818000,0.451,0.000,0.549
818500,0.449,0.000,0.551
819000,0.363,0.000,0.637
819500,0.346,0.000,0.654
820000,0.604,0.000,0.396
820500,0.462,0.000,0.538
821000,0.433,0.000,0.567
821500,0.354,0.000,0.646
822000,0.391,0.000,0.609
822500,0.377,0.000,0.623
823000,0.453,0.000,0.547
823500,0.403,0.000,0.597
824000,0.262,0.000,0.738
824500,0.259,0.000,0.741
825000,0.406,0.000,0.594
825500,0.326,0.000,0.674
826000,0.306,0.000,0.694
826500,0.429,0.000,0.571
827000,0.346,0.000,0.654
827500,0.387,0.000,0.613
828000,0.347,0.000,0.653
828500,0.387,0.000,0.613
829000,0.372,0.000,0.628
829500,0.330,0.000,0.670
830000,0.288,0.000,0.712
830500,0.358,0.000,0.642
831000,0.465,0.000,0.535
831500,0.403,0.000,0.597
832000,0.399,0.000,0.601
832500,0.326,0.000,0.674
833000,0.222,0.000,0.778
833500,0.386,0.000,0.614
834000,0.306,0.000,0.694
834500,0.409,0.000,0.591
835000,0.447,0.000,0.553
835500,0.466,0.000,0.534
836000,0.384,0.000,0.616
836500,0.305,0.000,0.695
837000,0.342,0.000,0.658
837500,0.367,0.000,0.633
838000,0.349,0.000,0.651
838500,0.446,0.000,0.554
839000,0.460,0.000,0.540
839500,0.390,0.000,0.610
840000,0.369,0.000,0.631
840500,0.470,0.000,0.530
841000,0.299,0.000,0.701
841500,0.362,0.000,0.638
842000,0.374,0.000,0.626
842500,0.403,0.000,0.597
843000,0.397,0.000,0.603
843500,0.473,0.000,0.527
844000,0.360,0.000,0.640
844500,0.340,0.000,0.660
845000,0.434,0.000,0.566
845500,0.396,0.000,0.604
846000,0.322,0.000,0.678
846500,0.368,0.000,0.632
847000,0.360,0.000,0.640
847500,0.198,0.000,0.802
848000,0.377,0.000,0.623
848500,0.427,0.000,0.573
849000,0.235,0.000,0.765
849500,0.370,0.000,0.630
850000,0.457,0.000,0.543
850500,0.361,0.000,0.639
851000,0.394,0.000,0.606
851500,0.416,0.000,0.584
852000,0.432,0.000,0.568
852500,0.262,0.000,0.738
853000,0.418,0.000,0.582
853500,0.380,0.000,0.620
854000,0.312,0.000,0.688
854500,0.427,0.000,0.573
855000,0.391,0.000,0.609
855500,0.357,0.000,0.643
856000,0.386,0.000,0.614
856500,0.378,0.000,0.622
857000,0.349,0.000,0.651
857500,0.428,0.000,0.572
858000,0.230,0.009,0.761
858500,0.440,0.000,0.560
859000,0.300,0.000,0.700
859500,0.348,0.000,0.652
860000,0.420,0.000,0.580
860500,0.505,0.000,0.495
861000,0.243,0.000,0.757
861500,0.402,0.000,0.598
862000,0.365,0.000,0.635
862500,0.356,0.000,0.644
863000,0.485,0.000,0.515
863500,0.438,0.000,0.562
864000,0.239,0.000,0.761
864500,0.292,0.000,0.708
865000,0.378,0.000,0.622
865500,0.383,0.000,0.617
866000,0.320,0.000,0.680
866500,0.486,0.000,0.514
867000,0.300,0.000,0.700
867500,0.464,0.000,0.536
868000,0.293,0.000,0.707
868500,0.375,0.000,0.625
869000,0.307,0.000,0.693
869500,0.294,0.000,0.706
870000,0.339,0.000,0.661
870500,0.321,0.000,0.679
871000,0.388,0.000,0.612
871500,0.433,0.000,0.567
872000,0.261,0.000,0.739
872500,0.284,0.000,0.716
873000,0.407,0.000,0.593
873500,0.368,0.000,0.632
874000,0.336,0.000,0.664
874500,0.301,0.000,0.699
875000,0.366,0.000,0.634
875500,0.383,0.000,0.617
876000,0.360,0.000,0.640
876500,0.399,0.000,0.601
877000,0.413,0.000,0.587
877500,0.417,0.000,0.583
878000,0.329,0.000,0.671
878500,0.369,0.000,0.631
879000,0.584,0.000,0.416
879500,0.509,0.000,0.491
880000,0.380,0.000,0.620
880500,0.302,0.000,0.698
881000,0.302,0.002,0.696
881500,0.359,0.000,0.641
882000,0.330,0.000,0.670
882500,0.511,0.000,0.489
883000,0.393,0.000,0.607
883500,0.584,0.000,0.416
884000,0.422,0.000,0.578
884500,0.343,0.000,0.657
885000,0.296,0.000,0.704
885500,0.269,0.000,0.731
886000,0.337,0.000,0.663
886500,0.455,0.000,0.545
887000,0.536,0.000,0.464
887500,0.454,0.000,0.546
888000,0.323,0.000,0.677
888500,0.354,0.000,0.646
889000,0.350,0.000,0.650
889500,0.330,0.000,0.670
890000,0.372,0.000,0.628
890500,0.376,0.000,0.624
891000,0.406,0.000,0.594
891500,0.449,0.000,0.551
892000,0.426,0.000,0.574
892500,0.446,0.000,0.554
893000,0.550,0.000,0.450
893500,0.474,0.000,0.526
894000,0.300,0.000,0.700
894500,0.370,0.000,0.630
895000,0.344,0.000,0.656
895500,0.346,0.000,0.654
896000,0.379,0.000,0.621
896500,0.527,0.000,0.473
897000,0.433,0.000,0.567
897500,0.395,0.000,0.605
898000,0.360,0.000,0.640
898500,0.413,0.000,0.587
899000,0.457,0.000,0.543
899500,0.478,0.000,0.522
900000,0.379,0.000,0.621
900500,0.314,0.000,0.686
901000,0.283,0.000,0.717
901500,0.321,0.000,0.679
902000,0.284,0.000,0.716
902500,0.299,0.000,0.701
903000,0.436,0.000,0.564
903500,0.426,0.000,0.574
904000,0.433,0.000,0.567
904500,0.350,0.000,0.650
905000,0.430,0.000,0.570
905500,0.421,0.000,0.579
906000,0.371,0.000,0.629
906500,0.423,0.000,0.577
907000,0.305,0.000,0.695
907500,0.462,0.000,0.538
908000,0.389,0.000,0.611
908500,0.373,0.000,0.627
909000,0.395,0.000,0.605
909500,0.467,0.000,0.533
910000,0.328,0.000,0.672
910500,0.457,0.000,0.543
911000,0.383,0.000,0.617
911500,0.369,0.000,0.631
912000,0.379,0.000,0.621
912500,0.574,0.000,0.426
913000,0.384,0.000,0.616
913500,0.367,0.000,0.633
914000,0.410,0.000,0.590
914500,0.439,0.000,0.561
915000,0.450,0.000,0.550
915500,0.378,0.000,0.622
916000,0.282,0.000,0.718
916500,0.406,0.000,0.594
917000,0.360,0.000,0.640
917500,0.324,0.000,0.676
918000,0.350,0.000,0.650
918500,0.422,0.000,0.578
919000,0.456,0.000,0.544
919500,0.342,0.000,0.658
920000,0.317,0.000,0.683
920500,0.449,0.000,0.551
921000,0.357,0.000,0.643
921500,0.375,0.000,0.625
922000,0.398,0.000,0.602
922500,0.329,0.000,0.671
923000,0.367,0.000,0.633
923500,0.303,0.000,0.697
924000,0.310,0.000,0.690
924500,0.420,0.000,0.580
925000,0.304,0.000,0.696
925500,0.314,0.000,0.686
926000,0.364,0.000,0.636
926500,0.399,0.000,0.601
927000,0.310,0.000,0.690
927500,0.359,0.000,0.641
928000,0.437,0.000,0.563
928500,0.358,0.000,0.642
929000,0.378,0.000,0.622
929500,0.488,0.000,0.512
930000,0.358,0.000,0.642
930500,0.316,0.000,0.684
931000,0.346,0.000,0.654
931500,0.370,0.000,0.630
932000,0.411,0.000,0.589
932500,0.423,0.000,0.577
933000,0.512,0.000,0.488
933500,0.314,0.000,0.686
934000,0.482,0.000,0.518
934500,0.373,0.000,0.627
935000,0.339,0.000,0.661
935500,0.335,0.000,0.665
936000,0.353,0.000,0.647
936500,0.434,0.000,0.566
937000,0.338,0.000,0.662
937500,0.574,0.000,0.426
938000,0.573,0.000,0.427
938500,0.362,0.000,0.638
939000,0.413,0.000,0.587
939500,0.403,0.000,0.597
940000,0.442,0.000,0.558
940500,0.459,0.000,0.541
941000,0.410,0.000,0.590
941500,0.329,0.000,0.671
942000,0.480,0.000,0.520
942500,0.394,0.000,0.606
943000,0.376,0.000,0.624
943500,0.293,0.000,0.707
944000,0.444,0.000,0.556
944500,0.423,0.000,0.577
945000,0.395,0.000,0.605
945500,0.382,0.000,0.618
946000,0.325,0.000,0.675
946500,0.547,0.000,0.453
947000,0.361,0.000,0.639
947500,0.291,0.000,0.709
948000,0.294,0.000,0.706
948500,0.389,0.000,0.611
949000,0.358,0.000,0.642
949500,0.348,0.000,0.652
950000,0.349,0.000,0.651
950500,0.507,0.000,0.493
951000,0.524,0.000,0.476
951500,0.385,0.000,0.615
952000,0.489,0.000,0.511
952500,0.311,0.000,0.689
953000,0.321,0.000,0.679
953500,0.224,0.000,0.776
954000,0.283,0.000,0.717
954500,0.409,0.000,0.591
955000,0.550,0.000,0.450
955500,0.417,0.000,0.583
956000,0.508,0.000,0.492
956500,0.434,0.000,0.566
957000,0.395,0.000,0.605
957500,0.435,0.000,0.565
958000,0.422,0.000,0.578
958500,0.381,0.000,0.619
959000,0.376,0.000,0.624
959500,0.327,0.000,0.673
960000,0.444,0.000,0.556
960500,0.610,0.000,0.390
961000,0.490,0.000,0.510
961500,0.523,0.000,0.477
962000,0.486,0.000,0.514
962500,0.281,0.000,0.719
963000,0.352,0.000,0.648
963500,0.196,0.000,0.804
964000,0.488,0.000,0.512
964500,0.336,0.000,0.664
965000,0.448,0.000,0.552
965500,0.319,0.000,0.681
966000,0.345,0.000,0.655
966500,0.388,0.000,0.612
967000,0.371,0.000,0.629
967500,0.368,0.000,0.632
968000,0.352,0.000,0.648
968500,0.366,0.000,0.634
969000,0.323,0.000,0.677
969500,0.330,0.000,0.670
970000,0.403,0.000,0.597
970500,0.361,0.000,0.639
971000,0.401,0.000,0.599
971500,0.534,0.000,0.466
972000,0.495,0.000,0.505
972500,0.421,0.000,0.579
973000,0.455,0.000,0.545
973500,0.287,0.000,0.713
974000,0.462,0.000,0.538
974500,0.430,0.000,0.570
975000,0.428,0.000,0.572
975500,0.341,0.000,0.659
976000,0.450,0.000,0.550
976500,0.382,0.000,0.618
977000,0.429,0.000,0.571
977500,0.334,0.000,0.666
978000,0.345,0.000,0.655
978500,0.376,0.000,0.624
979000,0.399,0.000,0.601
979500,0.371,0.000,0.629
980000,0.446,0.000,0.554
980500,0.390,0.000,0.610
981000,0.370,0.000,0.630
981500,0.318,0.000,0.682
982000,0.456,0.000,0.544
982500,0.320,0.000,0.680
983000,0.445,0.000,0.555
983500,0.210,0.008,0.782
984000,0.429,0.000,0.571
984500,0.293,0.000,0.707
985000,0.345,0.000,0.655
985500,0.251,0.000,0.749
986000,0.321,0.000,0.679
986500,0.387,0.000,0.613
987000,0.336,0.000,0.664
987500,0.355,0.000,0.645
988000,0.298,0.000,0.702
988500,0.439,0.000,0.561
989000,0.379,0.000,0.621
989500,0.247,0.012,0.741
990000,0.410,0.001,0.589
990500,0.504,0.000,0.496
991000,0.407,0.000,0.593
991500,0.520,0.000,0.480
992000,0.302,0.000,0.698
992500,0.277,0.000,0.723
993000,0.468,0.000,0.532
993500,0.412,0.000,0.588
994000,0.445,0.000,0.555
994500,0.316,0.000,0.684
995000,0.288,0.000,0.712
995500,0.388,0.000,0.612
996000,0.376,0.000,0.624
996500,0.292,0.000,0.708
997000,0.408,0.000,0.592
997500,0.403,0.000,0.597
998000,0.425,0.000,0.575
998500,0.397,0.000,0.603
999000,0.383,0.000,0.617
999500,0.450,0.000,0.550
1000000,0.378,0.000,0.622
