time,n_A+p,n_B,n_AB
500,0.030,0.962,0.008
1000,0.030,0.960,0.010
1500,0.030,0.958,0.012
2000,0.030,0.955,0.015
2500,0.030,0.952,0.018
3000,0.031,0.948,0.021
3500,0.032,0.939,0.030
4000,0.031,0.933,0.036
4500,0.030,0.933,0.036
5000,0.030,0.932,0.037
5500,0.031,0.927,0.041
6000,0.032,0.931,0.037
6500,0.032,0.926,0.042
7000,0.032,0.926,0.042
7500,0.033,0.923,0.043
8000,0.034,0.922,0.044
8500,0.034,0.922,0.043
9000,0.034,0.914,0.052
9500,0.034,0.911,0.054
10000,0.034,0.913,0.053
10500,0.035,0.914,0.051
11000,0.033,0.910,0.056
11500,0.032,0.909,0.059
12000,0.034,0.909,0.057
12500,0.035,0.910,0.055
13000,0.035,0.908,0.057
13500,0.035,0.901,0.064
14000,0.035,0.905,0.059
14500,0.035,0.905,0.060
15000,0.035,0.909,0.056
15500,0.035,0.911,0.053
16000,0.035,0.908,0.057
16500,0.035,0.915,0.050
17000,0.034,0.917,0.049
17500,0.035,0.921,0.044
18000,0.034,0.923,0.042
18500,0.035,0.917,0.047
19000,0.035,0.917,0.048
19500,0.034,0.921,0.045
20000,0.034,0.918,0.047
20500,0.035,0.922,0.043
21000,0.035,0.919,0.046
21500,0.036,0.919,0.045
22000,0.035,0.917,0.048
22500,0.035,0.914,0.051
23000,0.036,0.913,0.050
23500,0.035,0.907,0.058
24000,0.033,0.905,0.062
24500,0.033,0.904,0.063
25000,0.033,0.899,0.068
25500,0.034,0.899,0.068
26000,0.034,0.903,0.062
26500,0.036,0.901,0.062
27000,0.035,0.906,0.058
27500,0.035,0.909,0.055
28000,0.034,0.906,0.059
28500,0.032,0.906,0.062
29000,0.031,0.907,0.062
29500,0.031,0.912,0.056
30000,0.032,0.909,0.058
30500,0.032,0.910,0.058
31000,0.033,0.907,0.060
31500,0.033,0.906,0.061
32000,0.033,0.896,0.071
32500,0.033,0.893,0.074
33000,0.032,0.897,0.072
33500,0.032,0.898,0.070
34000,0.032,0.901,0.067
34500,0.034,0.900,0.066
35000,0.035,0.901,0.064
35500,0.036,0.891,0.072
36000,0.036,0.889,0.075
36500,0.036,0.881,0.083
37000,0.038,0.883,0.078
37500,0.038,0.891,0.071
38000,0.043,0.892,0.066
38500,0.040,0.892,0.068
39000,0.039,0.892,0.069
39500,0.039,0.885,0.076
40000,0.038,0.880,0.082
40500,0.035,0.878,0.087
41000,0.037,0.879,0.083
41500,0.036,0.880,0.084
42000,0.037,0.889,0.074
42500,0.038,0.886,0.076
43000,0.037,0.897,0.066
43500,0.035,0.895,0.070
44000,0.035,0.897,0.067
44500,0.035,0.895,0.070
45000,0.036,0.897,0.067
45500,0.035,0.894,0.070
46000,0.037,0.888,0.075
46500,0.036,0.893,0.071
47000,0.037,0.897,0.066
47500,0.037,0.896,0.066
48000,0.037,0.897,0.066
48500,0.036,0.896,0.068
49000,0.034,0.897,0.069
49500,0.035,0.900,0.066
50000,0.034,0.902,0.065
50500,0.035,0.903,0.062
51000,0.035,0.908,0.057
51500,0.035,0.907,0.058
52000,0.035,0.904,0.061
52500,0.035,0.902,0.063
53000,0.035,0.900,0.065
53500,0.036,0.897,0.067
54000,0.035,0.898,0.068
54500,0.034,0.903,0.064
55000,0.034,0.905,0.060
55500,0.033,0.906,0.061
56000,0.034,0.904,0.061
56500,0.034,0.900,0.067
57000,0.034,0.894,0.072
57500,0.033,0.894,0.073
58000,0.034,0.894,0.073
58500,0.034,0.893,0.073
59000,0.033,0.889,0.078
59500,0.033,0.896,0.071
60000,0.033,0.891,0.077
60500,0.033,0.891,0.077
61000,0.033,0.889,0.078
61500,0.033,0.894,0.073
62000,0.031,0.899,0.070
62500,0.032,0.900,0.069
63000,0.033,0.901,0.066
63500,0.034,0.896,0.070
64000,0.035,0.895,0.071
64500,0.036,0.888,0.076
65000,0.035,0.885,0.080
65500,0.035,0.894,0.071
66000,0.035,0.890,0.075
66500,0.035,0.896,0.069
67000,0.035,0.899,0.066
67500,0.035,0.899,0.066
68000,0.034,0.900,0.066
68500,0.034,0.907,0.059
69000,0.034,0.910,0.056
69500,0.033,0.909,0.058
70000,0.035,0.903,0.061
70500,0.036,0.905,0.058
71000,0.034,0.907,0.058
71500,0.036,0.910,0.054
72000,0.035,0.909,0.055
72500,0.035,0.910,0.055
73000,0.033,0.905,0.062
73500,0.033,0.900,0.067
74000,0.033,0.901,0.067
74500,0.031,0.901,0.068
75000,0.033,0.898,0.069
75500,0.032,0.895,0.073
76000,0.033,0.900,0.067
76500,0.032,0.907,0.061
77000,0.033,0.904,0.063
77500,0.034,0.899,0.067
78000,0.035,0.899,0.065
78500,0.035,0.889,0.076
79000,0.035,0.889,0.077
79500,0.036,0.895,0.069
80000,0.036,0.894,0.070
80500,0.037,0.891,0.072
81000,0.037,0.889,0.073
81500,0.037,0.888,0.074
82000,0.038,0.888,0.074
82500,0.037,0.896,0.067
83000,0.036,0.893,0.070
83500,0.037,0.895,0.068
84000,0.038,0.895,0.066
84500,0.037,0.898,0.065
85000,0.039,0.896,0.065
85500,0.038,0.893,0.068
86000,0.037,0.896,0.067
86500,0.037,0.900,0.062
87000,0.037,0.898,0.065
87500,0.035,0.900,0.066
88000,0.034,0.901,0.065
88500,0.032,0.897,0.071
89000,0.033,0.898,0.070
89500,0.033,0.895,0.072
90000,0.034,0.896,0.070
90500,0.036,0.890,0.074
91000,0.035,0.894,0.071
91500,0.034,0.896,0.070
92000,0.034,0.897,0.069
92500,0.036,0.897,0.066
93000,0.037,0.901,0.061
93500,0.036,0.897,0.066
94000,0.036,0.897,0.067
94500,0.034,0.896,0.070
95000,0.036,0.892,0.071
95500,0.035,0.893,0.072
96000,0.038,0.897,0.065
96500,0.037,0.892,0.070
97000,0.036,0.897,0.067
97500,0.036,0.895,0.069
98000,0.036,0.892,0.072
98500,0.035,0.896,0.069
99000,0.035,0.889,0.076
99500,0.037,0.893,0.070
100000,0.040,0.895,0.066
100500,0.037,0.890,0.073
101000,0.036,0.885,0.079
101500,0.037,0.887,0.075
102000,0.036,0.888,0.076
102500,0.036,0.892,0.072
103000,0.035,0.897,0.068
103500,0.035,0.891,0.074
104000,0.035,0.894,0.070
104500,0.035,0.900,0.065
105000,0.037,0.903,0.059
105500,0.035,0.903,0.062
106000,0.037,0.903,0.059
106500,0.040,0.898,0.062
107000,0.040,0.894,0.066
107500,0.040,0.893,0.067
108000,0.038,0.895,0.067
108500,0.038,0.896,0.066
109000,0.037,0.895,0.068
109500,0.037,0.896,0.067
110000,0.036,0.892,0.071
110500,0.035,0.889,0.076
111000,0.036,0.895,0.068
111500,0.037,0.890,0.073
112000,0.037,0.893,0.070
112500,0.037,0.891,0.072
113000,0.038,0.886,0.076
113500,0.038,0.887,0.074
114000,0.041,0.882,0.077
114500,0.041,0.883,0.076
115000,0.040,0.887,0.073
115500,0.044,0.889,0.067
116000,0.042,0.890,0.068
116500,0.039,0.891,0.070
117000,0.038,0.894,0.068
117500,0.039,0.899,0.061
118000,0.040,0.894,0.066
118500,0.037,0.901,0.061
119000,0.036,0.908,0.055
119500,0.036,0.908,0.055
120000,0.037,0.905,0.057
120500,0.035,0.906,0.058
121000,0.035,0.902,0.063
121500,0.035,0.897,0.068
122000,0.036,0.898,0.066
122500,0.037,0.899,0.064
123000,0.036,0.893,0.071
123500,0.036,0.899,0.065
124000,0.035,0.899,0.065
124500,0.036,0.897,0.066
125000,0.037,0.895,0.068
125500,0.037,0.896,0.067
126000,0.035,0.902,0.062
126500,0.037,0.898,0.065
127000,0.035,0.900,0.064
127500,0.036,0.900,0.064
128000,0.037,0.898,0.065
128500,0.038,0.906,0.056
129000,0.038,0.910,0.051
129500,0.035,0.908,0.056
130000,0.035,0.903,0.062
130500,0.035,0.893,0.072
131000,0.034,0.897,0.069
131500,0.033,0.893,0.074
132000,0.034,0.894,0.072
132500,0.034,0.893,0.073
133000,0.034,0.892,0.074
133500,0.035,0.894,0.071
134000,0.035,0.894,0.071
134500,0.035,0.890,0.075
135000,0.036,0.890,0.074
135500,0.036,0.890,0.073
136000,0.037,0.893,0.070
136500,0.037,0.887,0.075
137000,0.037,0.891,0.072
137500,0.035,0.894,0.071
138000,0.036,0.892,0.072
138500,0.035,0.898,0.067
139000,0.035,0.896,0.070
139500,0.035,0.894,0.070
140000,0.034,0.894,0.072
140500,0.034,0.898,0.068
141000,0.035,0.894,0.071
141500,0.035,0.895,0.071
142000,0.035,0.896,0.069
142500,0.035,0.898,0.066
143000,0.036,0.897,0.067
143500,0.035,0.902,0.063
144000,0.035,0.905,0.059
144500,0.035,0.904,0.060
145000,0.034,0.908,0.057
145500,0.034,0.903,0.062
146000,0.035,0.900,0.066
146500,0.034,0.898,0.068
147000,0.033,0.897,0.070
147500,0.035,0.891,0.075
148000,0.033,0.898,0.069
148500,0.036,0.900,0.064
149000,0.034,0.901,0.065
149500,0.035,0.898,0.067
150000,0.036,0.901,0.062
150500,0.036,0.899,0.064
151000,0.036,0.897,0.067
151500,0.038,0.892,0.070
152000,0.036,0.891,0.072
152500,0.036,0.895,0.069
153000,0.038,0.892,0.070
153500,0.037,0.894,0.069
154000,0.037,0.892,0.071
154500,0.037,0.894,0.069
155000,0.038,0.903,0.058
155500,0.035,0.905,0.059
156000,0.037,0.901,0.062
156500,0.036,0.900,0.064
157000,0.036,0.900,0.064
157500,0.036,0.897,0.067
158000,0.035,0.899,0.065
158500,0.036,0.894,0.070
159000,0.036,0.895,0.069
159500,0.035,0.895,0.069
160000,0.035,0.894,0.071
160500,0.036,0.898,0.066
161000,0.035,0.899,0.066
161500,0.035,0.910,0.054
162000,0.034,0.908,0.058
162500,0.034,0.916,0.050
163000,0.034,0.916,0.049
163500,0.034,0.913,0.053
164000,0.036,0.906,0.058
164500,0.035,0.904,0.061
165000,0.034,0.909,0.057
165500,0.036,0.906,0.057
166000,0.036,0.911,0.053
166500,0.036,0.900,0.064
167000,0.037,0.895,0.067
167500,0.039,0.896,0.065
168000,0.037,0.896,0.067
168500,0.036,0.898,0.065
169000,0.036,0.900,0.064
169500,0.035,0.898,0.067
170000,0.036,0.901,0.063
170500,0.036,0.907,0.056
171000,0.035,0.909,0.055
171500,0.035,0.908,0.057
172000,0.036,0.905,0.059
172500,0.035,0.904,0.060
173000,0.037,0.899,0.064
173500,0.036,0.906,0.057
174000,0.035,0.910,0.054
174500,0.035,0.907,0.057
175000,0.035,0.906,0.058
175500,0.037,0.909,0.054
176000,0.036,0.910,0.053
176500,0.036,0.911,0.052
177000,0.035,0.909,0.056
177500,0.037,0.907,0.056
178000,0.035,0.907,0.058
178500,0.034,0.905,0.061
179000,0.034,0.908,0.058
179500,0.035,0.906,0.059
180000,0.033,0.905,0.061
180500,0.032,0.899,0.069
181000,0.033,0.899,0.068
181500,0.034,0.896,0.070
182000,0.036,0.899,0.065
182500,0.035,0.894,0.072
183000,0.033,0.896,0.071
183500,0.034,0.899,0.067
184000,0.035,0.903,0.062
184500,0.035,0.897,0.068
185000,0.035,0.901,0.063
185500,0.035,0.900,0.065
186000,0.036,0.893,0.071
186500,0.038,0.891,0.071
187000,0.039,0.894,0.067
187500,0.040,0.894,0.066
188000,0.042,0.892,0.066
188500,0.039,0.887,0.074
189000,0.039,0.889,0.072
189500,0.038,0.891,0.071
190000,0.037,0.888,0.075
190500,0.037,0.892,0.071
191000,0.037,0.892,0.071
191500,0.037,0.890,0.073
192000,0.036,0.892,0.072
192500,0.037,0.889,0.073
193000,0.036,0.889,0.075
193500,0.037,0.885,0.078
194000,0.035,0.884,0.081
194500,0.038,0.893,0.069
195000,0.038,0.897,0.065
195500,0.037,0.899,0.064
196000,0.037,0.902,0.060
196500,0.036,0.907,0.056
197000,0.035,0.907,0.057
197500,0.035,0.908,0.057
198000,0.035,0.904,0.060
198500,0.035,0.907,0.057
199000,0.035,0.905,0.059
199500,0.035,0.909,0.056
200000,0.036,0.909,0.054
200500,0.035,0.912,0.052
201000,0.035,0.908,0.056
201500,0.037,0.908,0.054
202000,0.038,0.909,0.052
202500,0.037,0.907,0.056
203000,0.037,0.906,0.057
203500,0.037,0.908,0.054
204000,0.038,0.912,0.050
204500,0.038,0.911,0.051
205000,0.036,0.912,0.051
205500,0.036,0.907,0.056
206000,0.037,0.902,0.061
206500,0.036,0.900,0.063
207000,0.036,0.899,0.065
207500,0.037,0.899,0.064
208000,0.037,0.898,0.065
208500,0.035,0.903,0.061
209000,0.036,0.907,0.056
209500,0.035,0.905,0.059
210000,0.035,0.903,0.061
210500,0.035,0.907,0.058
211000,0.034,0.912,0.054
211500,0.035,0.912,0.052
212000,0.034,0.911,0.055
212500,0.035,0.909,0.055
213000,0.034,0.904,0.062
213500,0.033,0.898,0.069
214000,0.033,0.904,0.063
214500,0.034,0.910,0.056
215000,0.033,0.910,0.057
215500,0.034,0.908,0.058
216000,0.033,0.902,0.065
216500,0.033,0.900,0.067
217000,0.034,0.898,0.068
217500,0.036,0.893,0.071
218000,0.036,0.892,0.072
218500,0.038,0.891,0.071
219000,0.039,0.889,0.072
219500,0.038,0.886,0.076
220000,0.038,0.891,0.071
220500,0.039,0.894,0.067
221000,0.038,0.896,0.066
221500,0.037,0.896,0.066
222000,0.036,0.898,0.066
222500,0.037,0.898,0.065
223000,0.036,0.902,0.061
223500,0.035,0.907,0.057
224000,0.035,0.901,0.064
224500,0.035,0.899,0.066
225000,0.036,0.898,0.066
225500,0.035,0.894,0.071
226000,0.037,0.896,0.067
226500,0.035,0.900,0.064
227000,0.036,0.906,0.058
227500,0.037,0.900,0.063
228000,0.036,0.899,0.065
228500,0.035,0.902,0.062
229000,0.034,0.909,0.057
229500,0.035,0.901,0.064
230000,0.034,0.900,0.067
230500,0.033,0.907,0.059
231000,0.033,0.907,0.060
231500,0.036,0.900,0.064
232000,0.036,0.898,0.066
232500,0.036,0.901,0.062
233000,0.038,0.903,0.058
233500,0.036,0.903,0.061
234000,0.035,0.897,0.067
234500,0.037,0.893,0.069
235000,0.036,0.891,0.073
235500,0.035,0.895,0.070
236000,0.035,0.900,0.065
236500,0.035,0.900,0.065
237000,0.036,0.898,0.065
237500,0.036,0.898,0.066
238000,0.036,0.897,0.067
238500,0.038,0.894,0.068
239000,0.036,0.895,0.068
239500,0.036,0.897,0.067
240000,0.035,0.905,0.060
240500,0.035,0.901,0.064
241000,0.036,0.902,0.061
241500,0.035,0.897,0.068
242000,0.035,0.897,0.069
242500,0.035,0.897,0.068
243000,0.034,0.896,0.070
243500,0.035,0.895,0.069
244000,0.036,0.896,0.068
244500,0.036,0.894,0.070
245000,0.035,0.895,0.070
245500,0.037,0.894,0.069
246000,0.036,0.891,0.072
246500,0.037,0.897,0.065
247000,0.037,0.897,0.065
247500,0.037,0.898,0.065
248000,0.036,0.898,0.066
248500,0.038,0.902,0.060
249000,0.036,0.899,0.065
249500,0.035,0.899,0.065
250000,0.036,0.903,0.060
250500,0.036,0.903,0.061
251000,0.036,0.903,0.060
251500,0.038,0.900,0.061
252000,0.037,0.900,0.062
252500,0.036,0.902,0.062
253000,0.037,0.900,0.062
253500,0.038,0.900,0.061
254000,0.036,0.901,0.062
254500,0.038,0.906,0.055
255000,0.036,0.904,0.060
255500,0.035,0.902,0.063
256000,0.035,0.897,0.068
256500,0.034,0.900,0.066
257000,0.033,0.898,0.069
257500,0.035,0.900,0.065
258000,0.035,0.895,0.070
258500,0.036,0.907,0.056
259000,0.036,0.903,0.060
259500,0.035,0.904,0.061
260000,0.035,0.910,0.054
260500,0.035,0.910,0.054
261000,0.035,0.910,0.054
261500,0.037,0.912,0.050
262000,0.035,0.910,0.054
262500,0.035,0.912,0.052
263000,0.034,0.913,0.053
263500,0.035,0.910,0.055
264000,0.035,0.915,0.049
264500,0.036,0.912,0.051
265000,0.035,0.912,0.053
265500,0.034,0.909,0.056
266000,0.034,0.907,0.058
266500,0.035,0.912,0.053
267000,0.034,0.915,0.051
267500,0.034,0.917,0.049
268000,0.035,0.913,0.052
268500,0.035,0.915,0.050
269000,0.035,0.912,0.053
269500,0.034,0.909,0.056
270000,0.034,0.912,0.053
270500,0.033,0.906,0.061
271000,0.035,0.911,0.054
271500,0.034,0.909,0.057
272000,0.034,0.914,0.052
272500,0.032,0.909,0.058
273000,0.032,0.914,0.053
273500,0.032,0.913,0.055
274000,0.032,0.918,0.050
274500,0.031,0.918,0.050
275000,0.031,0.917,0.052
275500,0.032,0.922,0.046
276000,0.032,0.923,0.044
276500,0.032,0.922,0.046
277000,0.033,0.922,0.044
277500,0.033,0.924,0.043
278000,0.033,0.920,0.047
278500,0.033,0.921,0.046
279000,0.032,0.920,0.047
279500,0.032,0.917,0.051
280000,0.032,0.916,0.051
280500,0.033,0.918,0.048
281000,0.034,0.916,0.050
281500,0.034,0.919,0.047
282000,0.035,0.919,0.046
282500,0.034,0.920,0.046
283000,0.035,0.915,0.050
283500,0.035,0.913,0.052
284000,0.034,0.914,0.052
284500,0.032,0.912,0.056
285000,0.032,0.905,0.062
285500,0.033,0.903,0.064
286000,0.033,0.905,0.062
286500,0.033,0.907,0.060
287000,0.034,0.912,0.054
287500,0.033,0.911,0.056
288000,0.033,0.912,0.055
288500,0.031,0.917,0.051
289000,0.032,0.917,0.051
289500,0.032,0.917,0.050
290000,0.032,0.916,0.052
290500,0.032,0.911,0.056
291000,0.032,0.916,0.052
291500,0.030,0.910,0.059
292000,0.033,0.910,0.057
292500,0.032,0.913,0.055
293000,0.033,0.907,0.060
293500,0.032,0.916,0.052
294000,0.034,0.913,0.053
294500,0.035,0.909,0.056
295000,0.035,0.906,0.059
295500,0.035,0.909,0.055
296000,0.035,0.908,0.056
296500,0.036,0.911,0.052
297000,0.036,0.913,0.050
297500,0.036,0.910,0.054
298000,0.036,0.908,0.055
298500,0.034,0.903,0.063
299000,0.035,0.910,0.055
299500,0.037,0.912,0.050
300000,0.038,0.907,0.055
300500,0.037,0.901,0.062
301000,0.037,0.902,0.060
301500,0.036,0.898,0.066
302000,0.036,0.899,0.064
302500,0.035,0.899,0.065
303000,0.035,0.896,0.070
303500,0.036,0.898,0.066
304000,0.034,0.902,0.065
304500,0.034,0.907,0.059
305000,0.035,0.905,0.060
305500,0.034,0.905,0.061
306000,0.034,0.903,0.062
306500,0.033,0.902,0.065
307000,0.035,0.894,0.071
307500,0.035,0.897,0.069
308000,0.033,0.895,0.072
308500,0.033,0.898,0.069
309000,0.035,0.901,0.065
309500,0.035,0.903,0.062
310000,0.036,0.903,0.060
310500,0.038,0.899,0.062
311000,0.038,0.899,0.062
311500,0.037,0.896,0.067
312000,0.038,0.895,0.067
312500,0.037,0.895,0.068
313000,0.036,0.898,0.066
313500,0.035,0.891,0.074
314000,0.035,0.891,0.074
314500,0.035,0.888,0.077
315000,0.035,0.884,0.081
315500,0.036,0.893,0.071
316000,0.035,0.889,0.076
316500,0.036,0.889,0.075
317000,0.036,0.885,0.079
317500,0.036,0.892,0.072
318000,0.037,0.893,0.069
318500,0.037,0.893,0.070
319000,0.037,0.892,0.071
319500,0.037,0.891,0.072
320000,0.035,0.888,0.078
320500,0.034,0.883,0.083
321000,0.035,0.890,0.075
321500,0.036,0.890,0.074
322000,0.035,0.888,0.077
322500,0.035,0.887,0.078
323000,0.035,0.890,0.074
323500,0.036,0.890,0.074
324000,0.035,0.890,0.075
324500,0.036,0.895,0.068
325000,0.035,0.899,0.066
325500,0.036,0.898,0.066
326000,0.036,0.893,0.071
326500,0.035,0.899,0.066
327000,0.038,0.897,0.065
327500,0.040,0.892,0.068
328000,0.038,0.891,0.071
328500,0.040,0.884,0.076
329000,0.040,0.886,0.074
329500,0.039,0.889,0.072
330000,0.037,0.894,0.068
330500,0.038,0.889,0.073
331000,0.036,0.887,0.076
331500,0.035,0.881,0.084
332000,0.036,0.885,0.079
332500,0.038,0.886,0.076
333000,0.040,0.885,0.075
333500,0.039,0.885,0.076
334000,0.037,0.885,0.078
334500,0.037,0.887,0.075
335000,0.038,0.891,0.071
335500,0.036,0.882,0.082
336000,0.038,0.895,0.067
336500,0.038,0.897,0.065
337000,0.037,0.900,0.062
337500,0.036,0.905,0.058
338000,0.035,0.904,0.061
338500,0.036,0.904,0.059
339000,0.038,0.907,0.054
339500,0.038,0.898,0.064
340000,0.037,0.903,0.059
340500,0.036,0.898,0.065
341000,0.039,0.901,0.060
341500,0.037,0.899,0.064
342000,0.038,0.897,0.065
342500,0.038,0.895,0.066
343000,0.037,0.897,0.066
343500,0.036,0.890,0.074
344000,0.036,0.892,0.072
344500,0.036,0.894,0.069
345000,0.034,0.893,0.073
345500,0.034,0.899,0.067
346000,0.033,0.901,0.066
346500,0.035,0.902,0.063
347000,0.033,0.906,0.060
347500,0.034,0.903,0.063
348000,0.033,0.910,0.057
348500,0.032,0.910,0.058
349000,0.033,0.912,0.055
349500,0.035,0.908,0.056
350000,0.035,0.907,0.057
350500,0.035,0.912,0.053
351000,0.035,0.905,0.059
351500,0.035,0.898,0.067
352000,0.037,0.902,0.061
352500,0.037,0.894,0.069
353000,0.035,0.893,0.072
353500,0.036,0.898,0.066
354000,0.035,0.899,0.065
354500,0.036,0.896,0.068
355000,0.034,0.894,0.072
355500,0.038,0.893,0.069
356000,0.039,0.890,0.071
356500,0.038,0.891,0.071
357000,0.036,0.884,0.080
357500,0.037,0.890,0.073
358000,0.035,0.891,0.074
358500,0.034,0.896,0.070
359000,0.035,0.895,0.071
359500,0.036,0.897,0.067
360000,0.038,0.894,0.068
360500,0.037,0.889,0.074
361000,0.036,0.890,0.074
361500,0.035,0.887,0.078
362000,0.036,0.890,0.073
362500,0.035,0.895,0.070
363000,0.038,0.894,0.068
363500,0.040,0.896,0.065
364000,0.038,0.898,0.064
364500,0.037,0.900,0.062
365000,0.035,0.898,0.067
365500,0.035,0.893,0.072
366000,0.035,0.889,0.076
366500,0.035,0.899,0.067
367000,0.035,0.899,0.066
367500,0.034,0.901,0.066
368000,0.034,0.898,0.069
368500,0.034,0.907,0.058
369000,0.033,0.908,0.059
369500,0.035,0.907,0.058
370000,0.036,0.904,0.059
370500,0.035,0.898,0.066
371000,0.035,0.896,0.068
371500,0.035,0.894,0.071
372000,0.035,0.894,0.071
372500,0.035,0.897,0.068
373000,0.035,0.900,0.065
373500,0.035,0.900,0.065
374000,0.036,0.895,0.069
374500,0.034,0.897,0.069
375000,0.035,0.897,0.068
375500,0.035,0.900,0.065
376000,0.034,0.900,0.066
376500,0.035,0.899,0.067
377000,0.034,0.893,0.073
377500,0.036,0.893,0.071
378000,0.035,0.892,0.073
378500,0.035,0.898,0.067
379000,0.037,0.891,0.072
379500,0.037,0.889,0.074
380000,0.037,0.890,0.072
380500,0.038,0.892,0.070
381000,0.038,0.889,0.072
381500,0.038,0.888,0.074
382000,0.037,0.885,0.077
382500,0.036,0.881,0.083
383000,0.040,0.888,0.073
383500,0.038,0.884,0.078
384000,0.037,0.875,0.088
384500,0.038,0.878,0.084
385000,0.037,0.884,0.078
385500,0.037,0.882,0.081
386000,0.040,0.882,0.078
386500,0.039,0.880,0.081
387000,0.039,0.883,0.078
387500,0.036,0.892,0.072
388000,0.036,0.894,0.070
388500,0.035,0.890,0.074
389000,0.036,0.894,0.070
389500,0.036,0.901,0.062
390000,0.035,0.901,0.064
390500,0.035,0.897,0.068
391000,0.036,0.901,0.062
391500,0.036,0.898,0.066
392000,0.036,0.896,0.068
392500,0.037,0.897,0.066
393000,0.036,0.897,0.066
393500,0.037,0.893,0.070
394000,0.035,0.892,0.072
394500,0.035,0.891,0.074
395000,0.035,0.890,0.075
395500,0.035,0.891,0.074
396000,0.036,0.892,0.072
396500,0.036,0.894,0.069
397000,0.037,0.894,0.069
397500,0.036,0.897,0.067
398000,0.036,0.902,0.061
398500,0.035,0.902,0.062
399000,0.036,0.896,0.068
399500,0.037,0.903,0.059
400000,0.039,0.907,0.054
400500,0.037,0.909,0.053
401000,0.038,0.907,0.054
401500,0.037,0.905,0.057
402000,0.036,0.901,0.063
402500,0.037,0.905,0.058
403000,0.036,0.906,0.057
403500,0.037,0.905,0.057
404000,0.037,0.905,0.057
404500,0.036,0.907,0.057
405000,0.035,0.910,0.054
405500,0.034,0.912,0.054
406000,0.034,0.904,0.062
406500,0.033,0.902,0.066
407000,0.033,0.901,0.066
407500,0.033,0.912,0.055
408000,0.033,0.904,0.064
408500,0.033,0.900,0.067
409000,0.033,0.904,0.062
409500,0.033,0.903,0.064
410000,0.034,0.905,0.061
410500,0.034,0.896,0.071
411000,0.033,0.899,0.068
411500,0.032,0.906,0.061
412000,0.032,0.913,0.055
412500,0.032,0.912,0.056
413000,0.030,0.917,0.052
413500,0.030,0.919,0.050
414000,0.031,0.916,0.053
414500,0.033,0.919,0.048
415000,0.033,0.918,0.049
415500,0.033,0.908,0.059
416000,0.032,0.907,0.061
416500,0.031,0.906,0.063
417000,0.034,0.904,0.062
417500,0.034,0.898,0.068
418000,0.034,0.896,0.070
418500,0.033,0.889,0.078
419000,0.036,0.892,0.072
419500,0.036,0.894,0.069
420000,0.035,0.895,0.069
420500,0.036,0.896,0.068
421000,0.038,0.899,0.063
421500,0.038,0.905,0.056
422000,0.037,0.905,0.058
422500,0.036,0.906,0.058
423000,0.036,0.904,0.059
423500,0.036,0.906,0.058
424000,0.036,0.905,0.058
424500,0.040,0.899,0.061
425000,0.038,0.899,0.063
425500,0.036,0.899,0.065
426000,0.036,0.896,0.068
426500,0.035,0.894,0.071
427000,0.035,0.898,0.068
427500,0.034,0.898,0.068
428000,0.034,0.907,0.059
428500,0.034,0.906,0.060
429000,0.034,0.909,0.057
429500,0.034,0.910,0.056
430000,0.033,0.906,0.061
430500,0.033,0.913,0.054
431000,0.033,0.912,0.055
431500,0.033,0.909,0.057
432000,0.033,0.906,0.061
432500,0.032,0.902,0.066
433000,0.033,0.902,0.066
433500,0.034,0.900,0.066
434000,0.036,0.901,0.063
434500,0.036,0.905,0.058
435000,0.036,0.906,0.057
435500,0.036,0.906,0.057
436000,0.035,0.905,0.059
436500,0.035,0.911,0.054
437000,0.034,0.912,0.054
437500,0.035,0.914,0.051
438000,0.036,0.908,0.055
438500,0.036,0.907,0.056
439000,0.035,0.908,0.056
439500,0.036,0.912,0.051
440000,0.036,0.914,0.049
440500,0.037,0.916,0.047
441000,0.036,0.911,0.052
441500,0.035,0.912,0.053
442000,0.034,0.913,0.053
442500,0.035,0.907,0.058
443000,0.035,0.906,0.058
443500,0.035,0.910,0.055
444000,0.035,0.910,0.055
444500,0.034,0.914,0.052
445000,0.032,0.906,0.061
445500,0.035,0.908,0.057
446000,0.035,0.912,0.053
446500,0.035,0.915,0.050
447000,0.034,0.918,0.048
447500,0.032,0.923,0.045
448000,0.032,0.918,0.050
448500,0.032,0.915,0.053
449000,0.033,0.911,0.055
449500,0.034,0.914,0.051
450000,0.035,0.915,0.050
450500,0.035,0.912,0.053
451000,0.035,0.908,0.057
451500,0.036,0.907,0.057
452000,0.036,0.903,0.060
452500,0.037,0.907,0.056
453000,0.037,0.901,0.062
453500,0.038,0.901,0.060
454000,0.036,0.901,0.062
454500,0.036,0.895,0.069
455000,0.037,0.897,0.066
455500,0.035,0.902,0.062
456000,0.034,0.900,0.066
456500,0.036,0.897,0.067
457000,0.035,0.904,0.061
457500,0.035,0.904,0.061
458000,0.034,0.904,0.062
458500,0.033,0.906,0.060
459000,0.033,0.909,0.058
459500,0.033,0.909,0.058
460000,0.032,0.912,0.055
460500,0.032,0.911,0.056
461000,0.034,0.914,0.052
461500,0.034,0.916,0.050
462000,0.034,0.912,0.053
462500,0.033,0.912,0.054
463000,0.033,0.909,0.058
463500,0.033,0.907,0.060
464000,0.033,0.907,0.060
464500,0.035,0.910,0.055
465000,0.036,0.911,0.052
465500,0.034,0.915,0.051
466000,0.034,0.915,0.050
466500,0.035,0.921,0.043
467000,0.035,0.918,0.047
467500,0.035,0.919,0.046
468000,0.035,0.917,0.048
468500,0.034,0.916,0.050
469000,0.034,0.906,0.060
469500,0.033,0.902,0.065
470000,0.032,0.906,0.061
470500,0.032,0.910,0.058
471000,0.034,0.913,0.053
471500,0.033,0.909,0.058
472000,0.033,0.913,0.054
472500,0.033,0.916,0.051
473000,0.033,0.920,0.046
473500,0.032,0.922,0.045
474000,0.032,0.922,0.045
474500,0.033,0.920,0.047
475000,0.033,0.915,0.052
475500,0.034,0.913,0.053
476000,0.035,0.911,0.054
476500,0.033,0.911,0.056
477000,0.034,0.910,0.056
477500,0.034,0.907,0.059
478000,0.034,0.909,0.056
478500,0.034,0.904,0.062
479000,0.035,0.902,0.063
479500,0.035,0.905,0.059
480000,0.035,0.903,0.062
480500,0.034,0.902,0.065
481000,0.034,0.897,0.070
481500,0.034,0.898,0.068
482000,0.033,0.904,0.064
482500,0.033,0.901,0.066
483000,0.035,0.904,0.061
483500,0.035,0.903,0.062
484000,0.035,0.907,0.057
484500,0.034,0.910,0.056
485000,0.033,0.913,0.054
485500,0.032,0.912,0.056
486000,0.032,0.912,0.056
486500,0.032,0.915,0.053
487000,0.032,0.917,0.051
487500,0.032,0.918,0.050
488000,0.032,0.917,0.050
488500,0.033,0.914,0.052
489000,0.033,0.907,0.060
489500,0.032,0.907,0.060
490000,0.033,0.906,0.061
490500,0.034,0.913,0.053
491000,0.033,0.912,0.054
491500,0.032,0.913,0.055
492000,0.032,0.911,0.057
492500,0.033,0.906,0.061
493000,0.032,0.909,0.059
493500,0.032,0.916,0.051
494000,0.033,0.914,0.053
494500,0.033,0.913,0.053
495000,0.033,0.909,0.058
495500,0.034,0.908,0.057
496000,0.035,0.913,0.051
496500,0.035,0.905,0.059
497000,0.035,0.903,0.061
497500,0.035,0.907,0.057
498000,0.036,0.906,0.058
498500,0.035,0.910,0.054
499000,0.035,0.905,0.060
499500,0.035,0.910,0.055
500000,0.035,0.909,0.056
500500,0.035,0.910,0.055
501000,0.035,0.905,0.060
501500,0.034,0.903,0.063
502000,0.034,0.901,0.065
502500,0.034,0.907,0.059
503000,0.035,0.908,0.057
503500,0.035,0.905,0.059
504000,0.037,0.905,0.057
504500,0.035,0.903,0.061
505000,0.035,0.903,0.061
505500,0.035,0.904,0.060
506000,0.035,0.904,0.060
506500,0.035,0.908,0.057
507000,0.035,0.902,0.062
507500,0.035,0.898,0.067
508000,0.035,0.896,0.069
508500,0.035,0.897,0.068
509000,0.036,0.899,0.065
509500,0.035,0.893,0.071
510000,0.035,0.892,0.072
510500,0.035,0.890,0.075
511000,0.036,0.884,0.079
511500,0.036,0.884,0.080
512000,0.035,0.892,0.072
512500,0.036,0.896,0.068
513000,0.035,0.895,0.069
513500,0.035,0.898,0.067
514000,0.036,0.897,0.067
514500,0.036,0.908,0.055
515000,0.034,0.906,0.060
515500,0.035,0.907,0.058
516000,0.037,0.905,0.057
516500,0.038,0.904,0.057
517000,0.036,0.903,0.061
517500,0.036,0.902,0.061
518000,0.035,0.897,0.067
518500,0.035,0.900,0.065
519000,0.034,0.898,0.068
519500,0.034,0.900,0.066
520000,0.034,0.900,0.067
520500,0.035,0.898,0.066
521000,0.035,0.900,0.064
521500,0.035,0.899,0.065
522000,0.035,0.901,0.065
522500,0.035,0.896,0.070
523000,0.034,0.899,0.068
523500,0.032,0.892,0.077
524000,0.033,0.898,0.069
524500,0.035,0.896,0.069
525000,0.035,0.895,0.070
525500,0.034,0.892,0.074
526000,0.034,0.898,0.068
526500,0.033,0.900,0.068
527000,0.032,0.896,0.072
527500,0.032,0.901,0.067
528000,0.032,0.901,0.068
528500,0.033,0.900,0.068
529000,0.034,0.900,0.066
529500,0.033,0.905,0.061
530000,0.034,0.904,0.062
530500,0.035,0.908,0.057
531000,0.035,0.911,0.054
531500,0.035,0.911,0.054
532000,0.034,0.912,0.053
532500,0.033,0.915,0.052
533000,0.034,0.912,0.054
533500,0.034,0.911,0.054
534000,0.034,0.907,0.059
534500,0.035,0.897,0.069
535000,0.035,0.896,0.069
535500,0.035,0.904,0.060
536000,0.036,0.903,0.060
536500,0.035,0.903,0.062
537000,0.035,0.901,0.063
537500,0.035,0.902,0.062
538000,0.035,0.909,0.055
538500,0.035,0.904,0.060
539000,0.036,0.900,0.064
539500,0.037,0.897,0.066
540000,0.037,0.894,0.069
540500,0.036,0.892,0.071
541000,0.035,0.900,0.065
541500,0.035,0.898,0.067
542000,0.036,0.896,0.067
542500,0.035,0.897,0.068
543000,0.037,0.902,0.060
543500,0.035,0.907,0.057
544000,0.035,0.899,0.066
544500,0.034,0.892,0.074
545000,0.034,0.897,0.069
545500,0.035,0.902,0.062
546000,0.034,0.896,0.070
546500,0.035,0.898,0.067
547000,0.035,0.899,0.066
547500,0.035,0.901,0.065
548000,0.033,0.899,0.068
548500,0.033,0.904,0.062
549000,0.035,0.909,0.056
549500,0.035,0.914,0.050
550000,0.035,0.911,0.054
550500,0.032,0.910,0.057
551000,0.032,0.909,0.058
551500,0.034,0.907,0.059
552000,0.035,0.912,0.052
552500,0.034,0.911,0.055
553000,0.034,0.908,0.058
553500,0.034,0.906,0.060
554000,0.034,0.899,0.067
554500,0.036,0.900,0.064
555000,0.035,0.900,0.065
555500,0.035,0.892,0.074
556000,0.034,0.897,0.069
556500,0.034,0.902,0.065
557000,0.034,0.899,0.067
557500,0.034,0.905,0.061
558000,0.034,0.902,0.064
558500,0.035,0.906,0.059
559000,0.033,0.901,0.066
559500,0.033,0.903,0.064
560000,0.034,0.902,0.064
560500,0.034,0.904,0.062
561000,0.036,0.903,0.060
561500,0.037,0.904,0.058
562000,0.037,0.904,0.059
562500,0.036,0.898,0.066
563000,0.036,0.903,0.061
563500,0.035,0.905,0.060
564000,0.035,0.905,0.060
564500,0.035,0.904,0.061
565000,0.036,0.913,0.050
565500,0.035,0.909,0.056
566000,0.034,0.908,0.057
566500,0.035,0.899,0.066
567000,0.034,0.895,0.071
567500,0.034,0.895,0.071
568000,0.034,0.895,0.072
568500,0.034,0.902,0.065
569000,0.034,0.904,0.062
569500,0.034,0.907,0.059
570000,0.034,0.908,0.058
570500,0.033,0.911,0.056
571000,0.033,0.909,0.058
571500,0.034,0.909,0.057
572000,0.034,0.905,0.061
572500,0.032,0.901,0.067
573000,0.034,0.897,0.069
573500,0.034,0.894,0.073
574000,0.035,0.902,0.064
574500,0.034,0.907,0.059
575000,0.033,0.901,0.066
575500,0.033,0.908,0.059
576000,0.033,0.906,0.061
576500,0.033,0.915,0.052
577000,0.034,0.915,0.050
577500,0.034,0.921,0.044
578000,0.035,0.921,0.044
578500,0.033,0.919,0.048
579000,0.033,0.922,0.045
579500,0.033,0.919,0.048
580000,0.033,0.920,0.047
580500,0.034,0.909,0.056
581000,0.033,0.904,0.062
581500,0.033,0.904,0.063
582000,0.033,0.905,0.062
582500,0.034,0.902,0.064
583000,0.036,0.900,0.064
583500,0.038,0.904,0.058
584000,0.035,0.908,0.056
584500,0.037,0.902,0.060
585000,0.038,0.900,0.062
585500,0.038,0.893,0.068
586000,0.037,0.890,0.073
586500,0.037,0.888,0.074
587000,0.037,0.893,0.069
587500,0.037,0.896,0.067
588000,0.037,0.891,0.072
588500,0.038,0.891,0.071
589000,0.037,0.890,0.073
589500,0.038,0.897,0.064
590000,0.041,0.894,0.066
590500,0.039,0.896,0.065
591000,0.040,0.895,0.065
591500,0.043,0.902,0.055
592000,0.044,0.903,0.052
592500,0.044,0.902,0.054
593000,0.043,0.897,0.060
593500,0.042,0.899,0.059
594000,0.039,0.902,0.058
594500,0.037,0.898,0.065
595000,0.038,0.895,0.067
595500,0.039,0.894,0.067
596000,0.038,0.894,0.067
596500,0.038,0.892,0.069
597000,0.038,0.890,0.072
597500,0.038,0.891,0.071
598000,0.035,0.887,0.078
598500,0.037,0.893,0.070
599000,0.036,0.888,0.076
599500,0.037,0.886,0.077
600000,0.037,0.889,0.074
600500,0.037,0.890,0.073
601000,0.036,0.894,0.070
601500,0.035,0.894,0.070
602000,0.038,0.896,0.065
602500,0.037,0.892,0.071
603000,0.037,0.890,0.073
603500,0.038,0.893,0.069
604000,0.038,0.900,0.062
604500,0.036,0.902,0.062
605000,0.035,0.903,0.062
605500,0.036,0.901,0.062
606000,0.035,0.903,0.061
606500,0.036,0.905,0.058
607000,0.036,0.905,0.058
607500,0.036,0.902,0.061
608000,0.035,0.908,0.056
608500,0.034,0.904,0.061
609000,0.034,0.905,0.061
609500,0.034,0.906,0.059
610000,0.033,0.906,0.061
610500,0.034,0.907,0.059
611000,0.034,0.910,0.056
611500,0.036,0.904,0.059
612000,0.035,0.902,0.064
612500,0.036,0.905,0.059
613000,0.038,0.912,0.050
613500,0.038,0.906,0.056
614000,0.037,0.899,0.064
614500,0.035,0.899,0.066
615000,0.035,0.906,0.058
615500,0.035,0.902,0.062
616000,0.036,0.905,0.059
616500,0.036,0.906,0.057
617000,0.036,0.908,0.056
617500,0.036,0.907,0.056
618000,0.036,0.905,0.059
618500,0.036,0.903,0.060
619000,0.035,0.901,0.064
619500,0.035,0.903,0.061
620000,0.038,0.906,0.055
620500,0.038,0.904,0.058
621000,0.035,0.902,0.062
621500,0.035,0.905,0.059
622000,0.036,0.906,0.058
622500,0.035,0.908,0.056
623000,0.035,0.903,0.061
623500,0.035,0.906,0.058
624000,0.035,0.905,0.059
624500,0.035,0.903,0.062
625000,0.035,0.909,0.056
625500,0.035,0.902,0.064
626000,0.034,0.901,0.065
626500,0.035,0.894,0.072
627000,0.035,0.891,0.073
627500,0.036,0.893,0.071
628000,0.037,0.903,0.060
628500,0.035,0.903,0.061
629000,0.035,0.904,0.061
629500,0.035,0.902,0.063
630000,0.035,0.898,0.067
630500,0.036,0.901,0.063
631000,0.035,0.900,0.065
631500,0.035,0.901,0.064
632000,0.034,0.905,0.060
632500,0.035,0.901,0.064
633000,0.035,0.897,0.068
633500,0.034,0.901,0.066
634000,0.033,0.902,0.065
634500,0.032,0.901,0.067
635000,0.033,0.898,0.069
635500,0.033,0.900,0.067
636000,0.033,0.899,0.068
636500,0.034,0.903,0.064
637000,0.035,0.900,0.065
637500,0.033,0.901,0.066
638000,0.035,0.904,0.060
638500,0.036,0.908,0.056
639000,0.036,0.908,0.055
639500,0.036,0.908,0.055
640000,0.036,0.909,0.055
640500,0.035,0.908,0.056
641000,0.035,0.906,0.059
641500,0.035,0.903,0.062
642000,0.034,0.906,0.060
642500,0.035,0.904,0.061
643000,0.035,0.904,0.060
643500,0.036,0.902,0.061
644000,0.035,0.902,0.063
644500,0.035,0.894,0.070
645000,0.035,0.896,0.069
645500,0.035,0.899,0.065
646000,0.036,0.897,0.067
646500,0.035,0.897,0.067
647000,0.035,0.894,0.070
647500,0.035,0.896,0.069
648000,0.036,0.895,0.069
648500,0.035,0.885,0.079
649000,0.038,0.883,0.079
649500,0.041,0.884,0.075
650000,0.037,0.885,0.078
650500,0.040,0.885,0.075
651000,0.041,0.888,0.071
651500,0.041,0.885,0.074
652000,0.041,0.887,0.072
652500,0.040,0.887,0.073
653000,0.041,0.890,0.070
653500,0.042,0.896,0.062
654000,0.043,0.891,0.066
654500,0.041,0.896,0.063
655000,0.040,0.894,0.066
655500,0.038,0.894,0.068
656000,0.038,0.895,0.067
656500,0.038,0.892,0.070
657000,0.037,0.889,0.074
657500,0.038,0.887,0.074
658000,0.038,0.889,0.073
658500,0.041,0.887,0.072
659000,0.039,0.891,0.070
659500,0.037,0.888,0.074
660000,0.036,0.889,0.074
660500,0.035,0.894,0.071
661000,0.035,0.899,0.066
661500,0.035,0.905,0.059
662000,0.035,0.907,0.058
662500,0.035,0.908,0.056
663000,0.035,0.903,0.061
663500,0.035,0.905,0.060
664000,0.035,0.905,0.060
664500,0.033,0.903,0.064
665000,0.033,0.902,0.066
665500,0.033,0.905,0.062
666000,0.033,0.903,0.064
666500,0.033,0.907,0.060
667000,0.032,0.905,0.062
667500,0.032,0.911,0.057
668000,0.033,0.913,0.054
668500,0.032,0.914,0.054
669000,0.033,0.909,0.057
669500,0.035,0.919,0.046
670000,0.034,0.923,0.043
670500,0.033,0.923,0.044
671000,0.034,0.918,0.048
671500,0.034,0.915,0.050
672000,0.035,0.913,0.051
672500,0.035,0.913,0.052
673000,0.034,0.916,0.050
673500,0.034,0.911,0.055
674000,0.033,0.908,0.058
674500,0.034,0.904,0.062
675000,0.036,0.899,0.065
675500,0.036,0.900,0.064
676000,0.035,0.902,0.063
676500,0.033,0.906,0.061
677000,0.032,0.910,0.058
677500,0.032,0.905,0.063
678000,0.032,0.900,0.068
678500,0.031,0.896,0.073
679000,0.031,0.898,0.071
679500,0.034,0.900,0.066
680000,0.036,0.896,0.068
680500,0.035,0.895,0.070
681000,0.035,0.895,0.070
681500,0.036,0.893,0.071
682000,0.037,0.892,0.071
682500,0.036,0.890,0.074
683000,0.035,0.888,0.077
683500,0.038,0.884,0.078
684000,0.037,0.882,0.081
684500,0.038,0.884,0.078
685000,0.040,0.888,0.072
685500,0.041,0.882,0.077
686000,0.040,0.878,0.082
686500,0.039,0.877,0.084
687000,0.042,0.876,0.083
687500,0.038,0.881,0.081
688000,0.036,0.887,0.077
688500,0.036,0.887,0.077
689000,0.035,0.887,0.077
689500,0.034,0.892,0.075
690000,0.034,0.895,0.071
690500,0.035,0.896,0.069
691000,0.035,0.896,0.070
691500,0.034,0.896,0.070
692000,0.033,0.898,0.069
692500,0.034,0.899,0.067
693000,0.034,0.899,0.067
693500,0.035,0.899,0.067
694000,0.035,0.903,0.062
694500,0.038,0.900,0.061
695000,0.037,0.898,0.065
695500,0.036,0.896,0.068
696000,0.035,0.900,0.065
696500,0.034,0.905,0.060
697000,0.034,0.906,0.060
697500,0.034,0.909,0.056
698000,0.034,0.905,0.061
698500,0.037,0.902,0.061
699000,0.037,0.899,0.064
699500,0.036,0.899,0.065
700000,0.036,0.897,0.067
700500,0.036,0.896,0.068
701000,0.035,0.896,0.069
701500,0.037,0.897,0.066
702000,0.036,0.901,0.062
702500,0.035,0.900,0.065
703000,0.034,0.895,0.071
703500,0.034,0.897,0.069
704000,0.033,0.893,0.074
704500,0.035,0.901,0.064
705000,0.036,0.903,0.060
705500,0.037,0.901,0.061
706000,0.037,0.898,0.064
706500,0.037,0.898,0.065
707000,0.037,0.897,0.065
707500,0.037,0.896,0.066
708000,0.037,0.891,0.072
708500,0.036,0.891,0.073
709000,0.036,0.892,0.072
709500,0.037,0.889,0.074
710000,0.038,0.889,0.073
710500,0.038,0.891,0.071
711000,0.041,0.886,0.073
711500,0.040,0.890,0.070
712000,0.041,0.892,0.067
712500,0.040,0.896,0.064
713000,0.039,0.895,0.066
713500,0.038,0.892,0.070
714000,0.038,0.895,0.067
714500,0.040,0.888,0.072
715000,0.040,0.889,0.072
715500,0.040,0.890,0.071
716000,0.039,0.888,0.073
716500,0.038,0.891,0.071
717000,0.037,0.893,0.069
717500,0.037,0.893,0.070
718000,0.036,0.896,0.068
718500,0.036,0.901,0.062
719000,0.036,0.898,0.066
719500,0.037,0.894,0.069
720000,0.037,0.893,0.070
720500,0.037,0.894,0.068
721000,0.036,0.888,0.076
721500,0.035,0.888,0.077
722000,0.035,0.892,0.072
722500,0.035,0.901,0.064
723000,0.035,0.902,0.062
723500,0.035,0.903,0.061
724000,0.033,0.907,0.059
724500,0.032,0.904,0.064
725000,0.033,0.906,0.061
725500,0.032,0.906,0.062
726000,0.033,0.913,0.054
726500,0.034,0.912,0.054
727000,0.033,0.908,0.059
727500,0.033,0.909,0.058
728000,0.034,0.912,0.054
728500,0.033,0.913,0.054
729000,0.035,0.912,0.052
729500,0.035,0.908,0.056
730000,0.036,0.910,0.053
730500,0.035,0.907,0.058
731000,0.035,0.911,0.054
731500,0.035,0.905,0.060
732000,0.035,0.912,0.053
732500,0.034,0.910,0.055
733000,0.034,0.915,0.051
733500,0.033,0.911,0.055
734000,0.035,0.908,0.057
734500,0.037,0.902,0.060
735000,0.038,0.895,0.066
735500,0.036,0.895,0.068
736000,0.037,0.896,0.067
736500,0.036,0.898,0.066
737000,0.036,0.897,0.067
737500,0.036,0.895,0.068
738000,0.036,0.901,0.062
738500,0.036,0.901,0.063
739000,0.037,0.900,0.062
739500,0.036,0.900,0.064
740000,0.035,0.903,0.062
740500,0.035,0.905,0.059
741000,0.035,0.901,0.064
741500,0.037,0.900,0.062
742000,0.036,0.894,0.069
742500,0.036,0.892,0.072
743000,0.034,0.894,0.072
743500,0.036,0.898,0.066
744000,0.039,0.893,0.068
744500,0.038,0.894,0.068
745000,0.038,0.893,0.068
745500,0.038,0.891,0.071
746000,0.038,0.892,0.070
746500,0.038,0.895,0.067
747000,0.039,0.897,0.064
747500,0.037,0.898,0.065
748000,0.037,0.899,0.064
748500,0.038,0.893,0.068
749000,0.038,0.895,0.066
749500,0.038,0.897,0.065
750000,0.038,0.893,0.068
750500,0.039,0.891,0.070
751000,0.039,0.894,0.067
751500,0.040,0.893,0.067
752000,0.039,0.891,0.070
752500,0.038,0.899,0.062
753000,0.039,0.894,0.067
753500,0.038,0.895,0.067
754000,0.038,0.892,0.069
754500,0.038,0.889,0.072
755000,0.039,0.884,0.077
755500,0.039,0.892,0.069
756000,0.039,0.901,0.059
756500,0.040,0.890,0.070
757000,0.041,0.893,0.066
757500,0.040,0.892,0.068
758000,0.037,0.898,0.065
758500,0.037,0.907,0.055
759000,0.038,0.903,0.058
759500,0.038,0.903,0.059
760000,0.038,0.900,0.062
760500,0.037,0.898,0.065
761000,0.036,0.899,0.065
761500,0.035,0.899,0.065
762000,0.035,0.899,0.066
762500,0.034,0.895,0.071
763000,0.035,0.898,0.067
763500,0.033,0.900,0.067
764000,0.034,0.899,0.067
764500,0.033,0.898,0.069
765000,0.034,0.896,0.070
765500,0.034,0.895,0.071
766000,0.034,0.899,0.067
766500,0.035,0.896,0.070
767000,0.034,0.892,0.074
767500,0.035,0.899,0.066
768000,0.036,0.897,0.067
768500,0.036,0.898,0.066
769000,0.035,0.899,0.066
769500,0.036,0.904,0.059
770000,0.035,0.907,0.058
770500,0.035,0.904,0.061
771000,0.035,0.907,0.058
771500,0.035,0.908,0.057
772000,0.034,0.909,0.056
772500,0.034,0.909,0.057
773000,0.032,0.903,0.065
773500,0.032,0.907,0.061
774000,0.033,0.904,0.062
774500,0.035,0.904,0.061
775000,0.036,0.907,0.056
775500,0.037,0.908,0.054
776000,0.035,0.904,0.061
776500,0.035,0.905,0.059
777000,0.036,0.908,0.056
777500,0.035,0.908,0.057
778000,0.033,0.910,0.057
778500,0.035,0.908,0.057
779000,0.035,0.913,0.052
779500,0.035,0.919,0.046
780000,0.035,0.918,0.046
780500,0.035,0.917,0.047
781000,0.035,0.916,0.048
781500,0.035,0.914,0.051
782000,0.034,0.913,0.053
782500,0.034,0.915,0.051
783000,0.035,0.914,0.051
783500,0.035,0.920,0.045
784000,0.037,0.915,0.047
784500,0.037,0.912,0.051
785000,0.037,0.913,0.049
785500,0.036,0.915,0.048
786000,0.036,0.906,0.057
786500,0.036,0.906,0.058
787000,0.035,0.904,0.060
787500,0.036,0.903,0.060
788000,0.034,0.901,0.066
788500,0.035,0.905,0.060
789000,0.035,0.908,0.057
789500,0.035,0.903,0.062
790000,0.034,0.912,0.053
790500,0.035,0.915,0.050
791000,0.035,0.913,0.052
791500,0.033,0.914,0.053
792000,0.032,0.914,0.054
792500,0.033,0.915,0.052
793000,0.032,0.913,0.055
793500,0.034,0.916,0.049
794000,0.034,0.918,0.047
794500,0.035,0.920,0.045
795000,0.035,0.916,0.049
795500,0.032,0.920,0.047
796000,0.032,0.919,0.049
796500,0.032,0.915,0.053
797000,0.033,0.913,0.054
797500,0.033,0.918,0.049
798000,0.032,0.923,0.045
798500,0.031,0.923,0.045
799000,0.032,0.919,0.049
799500,0.033,0.916,0.051
800000,0.033,0.918,0.049
800500,0.034,0.912,0.054
801000,0.034,0.913,0.053
801500,0.033,0.906,0.060
802000,0.034,0.904,0.062
802500,0.033,0.909,0.057
803000,0.032,0.909,0.059
803500,0.032,0.912,0.056
804000,0.030,0.907,0.062
804500,0.031,0.912,0.056
805000,0.032,0.913,0.055
805500,0.032,0.913,0.055
806000,0.032,0.914,0.053
806500,0.033,0.923,0.044
807000,0.034,0.922,0.044
807500,0.033,0.917,0.049
808000,0.032,0.918,0.050
808500,0.032,0.913,0.055
809000,0.033,0.905,0.061
809500,0.035,0.904,0.061
810000,0.035,0.909,0.056
810500,0.034,0.908,0.057
811000,0.035,0.911,0.053
811500,0.036,0.911,0.052
812000,0.035,0.910,0.054
812500,0.035,0.908,0.057
813000,0.035,0.905,0.060
813500,0.033,0.901,0.066
814000,0.035,0.904,0.061
814500,0.034,0.903,0.064
815000,0.035,0.904,0.061
815500,0.035,0.909,0.056
816000,0.034,0.909,0.056
816500,0.034,0.914,0.051
817000,0.034,0.908,0.057
817500,0.034,0.909,0.057
818000,0.035,0.907,0.058
818500,0.035,0.906,0.059
819000,0.033,0.906,0.061
819500,0.032,0.908,0.060
820000,0.032,0.904,0.064
820500,0.033,0.905,0.061
821000,0.035,0.909,0.056
821500,0.036,0.910,0.053
822000,0.036,0.907,0.056
822500,0.038,0.906,0.055
823000,0.037,0.905,0.057
823500,0.038,0.903,0.058
824000,0.036,0.906,0.058
824500,0.034,0.912,0.054
825000,0.035,0.902,0.062
825500,0.036,0.895,0.068
826000,0.038,0.889,0.073
826500,0.039,0.885,0.076
827000,0.038,0.887,0.075
827500,0.037,0.886,0.077
828000,0.035,0.886,0.079
828500,0.038,0.891,0.071
829000,0.039,0.890,0.071
829500,0.040,0.895,0.065
830000,0.038,0.898,0.064
830500,0.038,0.894,0.068
831000,0.038,0.902,0.060
831500,0.035,0.904,0.060
832000,0.036,0.901,0.062
832500,0.036,0.906,0.057
833000,0.037,0.910,0.052
833500,0.036,0.911,0.052
834000,0.035,0.916,0.049
834500,0.035,0.918,0.047
835000,0.035,0.909,0.056
835500,0.034,0.905,0.061
836000,0.035,0.901,0.064
836500,0.035,0.896,0.069
837000,0.035,0.901,0.064
837500,0.035,0.900,0.065
838000,0.035,0.898,0.066
838500,0.035,0.900,0.064
839000,0.035,0.900,0.065
839500,0.035,0.892,0.073
840000,0.036,0.888,0.076
840500,0.037,0.885,0.078
841000,0.037,0.887,0.076
841500,0.036,0.887,0.076
842000,0.036,0.889,0.075
842500,0.036,0.897,0.067
843000,0.035,0.898,0.067
843500,0.037,0.902,0.060
844000,0.037,0.907,0.055
844500,0.036,0.906,0.057
845000,0.036,0.905,0.058
845500,0.036,0.907,0.056
846000,0.036,0.908,0.055
846500,0.036,0.912,0.052
847000,0.035,0.913,0.052
847500,0.035,0.907,0.058
848000,0.033,0.902,0.065
848500,0.033,0.904,0.064
849000,0.033,0.901,0.066
849500,0.034,0.899,0.067
850000,0.034,0.902,0.065
850500,0.033,0.907,0.060
851000,0.032,0.913,0.055
851500,0.032,0.914,0.054
852000,0.031,0.916,0.052
852500,0.031,0.911,0.058
853000,0.031,0.911,0.057
853500,0.031,0.906,0.063
854000,0.032,0.913,0.054
854500,0.035,0.911,0.053
855000,0.037,0.904,0.059
855500,0.038,0.900,0.061
856000,0.037,0.902,0.061
856500,0.037,0.905,0.058
857000,0.035,0.908,0.057
857500,0.035,0.898,0.068
858000,0.034,0.898,0.068
858500,0.034,0.897,0.069
859000,0.034,0.903,0.062
859500,0.038,0.898,0.063
860000,0.036,0.895,0.069
860500,0.036,0.895,0.069
861000,0.036,0.900,0.064
861500,0.036,0.901,0.063
862000,0.035,0.893,0.072
862500,0.035,0.894,0.071
863000,0.037,0.886,0.077
863500,0.035,0.885,0.079
864000,0.035,0.890,0.076
864500,0.035,0.894,0.070
865000,0.035,0.894,0.071
865500,0.035,0.897,0.068
866000,0.036,0.895,0.069
866500,0.035,0.892,0.073
867000,0.036,0.886,0.078
867500,0.036,0.882,0.082
868000,0.036,0.885,0.079
868500,0.036,0.890,0.074
869000,0.039,0.885,0.076
869500,0.041,0.882,0.078
870000,0.038,0.885,0.077
870500,0.040,0.881,0.079
871000,0.039,0.884,0.077
871500,0.038,0.882,0.080
872000,0.038,0.874,0.088
872500,0.040,0.875,0.085
873000,0.042,0.880,0.078
873500,0.042,0.879,0.079
874000,0.041,0.871,0.089
874500,0.042,0.879,0.079
875000,0.043,0.886,0.070
875500,0.044,0.878,0.078
876000,0.040,0.878,0.082
876500,0.043,0.869,0.088
877000,0.043,0.871,0.086
877500,0.041,0.879,0.080
878000,0.040,0.884,0.077
878500,0.037,0.884,0.079
879000,0.038,0.886,0.076
879500,0.040,0.885,0.075
880000,0.042,0.886,0.072
880500,0.042,0.886,0.072
881000,0.040,0.889,0.071
881500,0.037,0.885,0.077
882000,0.038,0.886,0.076
882500,0.037,0.887,0.076
883000,0.038,0.882,0.080
883500,0.038,0.882,0.080
884000,0.036,0.881,0.083
884500,0.037,0.881,0.081
885000,0.035,0.883,0.081
885500,0.037,0.885,0.077
886000,0.036,0.884,0.080
886500,0.037,0.889,0.073
887000,0.038,0.895,0.067
887500,0.035,0.893,0.072
888000,0.035,0.899,0.066
888500,0.035,0.900,0.065
889000,0.034,0.907,0.059
889500,0.035,0.909,0.055
890000,0.035,0.912,0.052
890500,0.035,0.910,0.054
891000,0.035,0.915,0.050
891500,0.033,0.916,0.051
892000,0.034,0.914,0.052
892500,0.034,0.914,0.052
893000,0.033,0.911,0.056
893500,0.034,0.911,0.055
894000,0.034,0.908,0.058
894500,0.033,0.904,0.063
895000,0.033,0.903,0.064
895500,0.033,0.903,0.064
896000,0.034,0.904,0.061
896500,0.034,0.906,0.060
897000,0.035,0.907,0.058
897500,0.035,0.907,0.058
898000,0.033,0.907,0.059
898500,0.033,0.905,0.062
899000,0.033,0.905,0.062
899500,0.035,0.907,0.058
900000,0.034,0.905,0.061
900500,0.033,0.905,0.062
901000,0.033,0.913,0.054
901500,0.033,0.914,0.053
902000,0.033,0.913,0.054
902500,0.033,0.912,0.054
903000,0.035,0.905,0.059
903500,0.035,0.905,0.060
904000,0.035,0.903,0.062
904500,0.034,0.902,0.064
905000,0.034,0.901,0.065
905500,0.034,0.901,0.066
906000,0.034,0.897,0.069
906500,0.033,0.904,0.062
907000,0.033,0.907,0.059
907500,0.034,0.906,0.059
908000,0.034,0.909,0.057
908500,0.034,0.907,0.059
909000,0.033,0.906,0.060
909500,0.035,0.905,0.059
910000,0.035,0.900,0.065
910500,0.035,0.896,0.069
911000,0.034,0.902,0.064
911500,0.034,0.899,0.067
912000,0.035,0.897,0.068
912500,0.036,0.896,0.067
913000,0.035,0.895,0.070
913500,0.035,0.895,0.069
914000,0.035,0.891,0.074
914500,0.035,0.888,0.077
915000,0.035,0.892,0.073
915500,0.036,0.891,0.073
916000,0.036,0.887,0.077
916500,0.038,0.884,0.078
917000,0.038,0.888,0.074
917500,0.039,0.889,0.072
918000,0.040,0.885,0.075
918500,0.041,0.893,0.067
919000,0.040,0.894,0.067
919500,0.040,0.891,0.070
920000,0.039,0.893,0.068
920500,0.040,0.886,0.074
921000,0.040,0.886,0.074
921500,0.040,0.885,0.076
922000,0.041,0.877,0.082
922500,0.042,0.876,0.082
923000,0.043,0.870,0.088
923500,0.043,0.879,0.078
924000,0.043,0.881,0.077
924500,0.041,0.876,0.083
925000,0.040,0.878,0.083
925500,0.037,0.881,0.082
926000,0.035,0.890,0.075
926500,0.034,0.898,0.069
927000,0.033,0.896,0.071
927500,0.034,0.891,0.075
928000,0.034,0.893,0.073
928500,0.035,0.901,0.064
929000,0.034,0.901,0.065
929500,0.035,0.895,0.070
930000,0.035,0.898,0.067
930500,0.034,0.899,0.068
931000,0.033,0.899,0.069
931500,0.032,0.895,0.073
932000,0.034,0.895,0.072
932500,0.035,0.904,0.061
933000,0.033,0.903,0.064
933500,0.035,0.897,0.068
934000,0.034,0.895,0.071
934500,0.033,0.900,0.067
935000,0.033,0.901,0.066
935500,0.032,0.896,0.072
936000,0.033,0.899,0.068
936500,0.034,0.897,0.070
937000,0.034,0.889,0.077
937500,0.036,0.888,0.076
938000,0.035,0.890,0.075
938500,0.035,0.893,0.072
939000,0.035,0.886,0.079
939500,0.037,0.891,0.072
940000,0.035,0.889,0.076
940500,0.036,0.889,0.075
941000,0.035,0.890,0.075
941500,0.035,0.893,0.073
942000,0.036,0.901,0.063
942500,0.035,0.902,0.062
943000,0.033,0.898,0.069
943500,0.035,0.895,0.070
944000,0.036,0.898,0.066
944500,0.037,0.888,0.075
945000,0.036,0.889,0.075
945500,0.035,0.885,0.080
946000,0.037,0.892,0.071
946500,0.038,0.895,0.067
947000,0.037,0.894,0.069
947500,0.035,0.902,0.063
948000,0.035,0.903,0.061
948500,0.035,0.898,0.067
949000,0.035,0.896,0.069
949500,0.035,0.897,0.068
950000,0.035,0.895,0.070
950500,0.035,0.890,0.075
951000,0.036,0.890,0.074
951500,0.036,0.896,0.067
952000,0.035,0.902,0.062
952500,0.035,0.907,0.058
953000,0.034,0.903,0.062
953500,0.035,0.903,0.062
954000,0.035,0.901,0.064
954500,0.036,0.898,0.066
955000,0.036,0.898,0.066
955500,0.036,0.902,0.062
956000,0.036,0.907,0.056
956500,0.036,0.904,0.060
957000,0.035,0.906,0.058
957500,0.036,0.911,0.053
958000,0.035,0.917,0.048
958500,0.035,0.919,0.046
959000,0.033,0.913,0.054
959500,0.034,0.914,0.052
960000,0.034,0.916,0.050
960500,0.035,0.911,0.054
961000,0.034,0.907,0.059
961500,0.033,0.901,0.066
962000,0.034,0.897,0.069
962500,0.034,0.902,0.064
963000,0.034,0.901,0.065
963500,0.035,0.900,0.065
964000,0.036,0.892,0.072
964500,0.035,0.895,0.071
965000,0.035,0.893,0.072
965500,0.035,0.898,0.067
966000,0.036,0.899,0.065
966500,0.035,0.902,0.062
967000,0.035,0.898,0.066
967500,0.036,0.897,0.067
968000,0.036,0.898,0.066
968500,0.035,0.902,0.062
969000,0.034,0.902,0.064
969500,0.034,0.901,0.065
970000,0.034,0.901,0.065
970500,0.033,0.902,0.065
971000,0.033,0.902,0.065
971500,0.033,0.905,0.061
972000,0.033,0.900,0.067
972500,0.034,0.901,0.065
973000,0.034,0.901,0.066
973500,0.036,0.903,0.060
974000,0.037,0.901,0.061
974500,0.036,0.897,0.066
975000,0.035,0.899,0.066
975500,0.037,0.899,0.064
976000,0.035,0.902,0.063
976500,0.036,0.904,0.060
977000,0.036,0.907,0.056
977500,0.036,0.904,0.060
978000,0.035,0.904,0.060
978500,0.035,0.905,0.059
979000,0.035,0.909,0.056
979500,0.034,0.908,0.058
980000,0.035,0.907,0.058
980500,0.036,0.909,0.055
981000,0.034,0.907,0.058
981500,0.034,0.904,0.062
982000,0.035,0.905,0.060
982500,0.035,0.904,0.061
983000,0.035,0.902,0.062
983500,0.034,0.904,0.062
984000,0.036,0.897,0.066
984500,0.035,0.901,0.064
985000,0.038,0.898,0.064
985500,0.037,0.896,0.067
986000,0.036,0.898,0.066
986500,0.034,0.897,0.069
987000,0.034,0.897,0.069
987500,0.037,0.895,0.068
988000,0.036,0.894,0.070
988500,0.037,0.892,0.071
989000,0.038,0.893,0.069
989500,0.036,0.897,0.067
990000,0.036,0.900,0.064
990500,0.037,0.906,0.057
991000,0.035,0.904,0.060
991500,0.035,0.908,0.057
992000,0.034,0.904,0.062
992500,0.035,0.906,0.059
993000,0.035,0.899,0.066
993500,0.034,0.903,0.064
994000,0.034,0.903,0.063
994500,0.032,0.903,0.065
995000,0.033,0.910,0.057
995500,0.032,0.907,0.060
996000,0.033,0.910,0.057
996500,0.034,0.902,0.064
997000,0.033,0.900,0.067
997500,0.035,0.900,0.066
998000,0.034,0.898,0.068
998500,0.034,0.900,0.067
999000,0.034,0.899,0.068
999500,0.034,0.898,0.069
1000000,0.034,0.900,0.066
