time,n_A+p,n_B,n_AB
500,0.010,0.231,0.759
1000,0.010,0.382,0.608
1500,0.010,0.260,0.730
2000,0.010,0.226,0.764
2500,0.010,0.196,0.794
3000,0.010,0.404,0.586
3500,0.010,0.228,0.762
4000,0.010,0.318,0.672
4500,0.010,0.171,0.819
5000,0.010,0.292,0.698
5500,0.010,0.103,0.887
6000,0.010,0.208,0.782
6500,0.010,0.174,0.816
7000,0.010,0.183,0.807
7500,0.010,0.342,0.648
8000,0.010,0.176,0.814
8500,0.010,0.151,0.839
9000,0.010,0.220,0.770
9500,0.010,0.272,0.718
10000,0.010,0.197,0.793
10500,0.010,0.208,0.782
11000,0.010,0.156,0.834
11500,0.010,0.294,0.696
12000,0.010,0.320,0.670
12500,0.010,0.184,0.806
13000,0.010,0.214,0.776
13500,0.010,0.285,0.705
14000,0.010,0.244,0.746
14500,0.010,0.214,0.776
15000,0.010,0.303,0.687
15500,0.010,0.218,0.772
16000,0.010,0.221,0.769
16500,0.010,0.283,0.707
17000,0.010,0.294,0.696
17500,0.010,0.422,0.568
18000,0.010,0.215,0.775
18500,0.010,0.174,0.816
19000,0.010,0.420,0.570
19500,0.010,0.242,0.748
20000,0.010,0.165,0.825
20500,0.010,0.295,0.695
21000,0.010,0.111,0.879
21500,0.010,0.269,0.721
22000,0.010,0.220,0.770
22500,0.010,0.272,0.718
23000,0.010,0.268,0.722
23500,0.010,0.243,0.747
24000,0.010,0.219,0.771
24500,0.010,0.421,0.569
25000,0.010,0.191,0.799
25500,0.010,0.171,0.819
26000,0.010,0.225,0.765
26500,0.010,0.204,0.786
27000,0.010,0.250,0.740
27500,0.010,0.142,0.848
28000,0.010,0.135,0.855
28500,0.010,0.120,0.870
29000,0.010,0.307,0.683
29500,0.010,0.478,0.512
30000,0.010,0.226,0.764
30500,0.010,0.403,0.587
31000,0.010,0.277,0.713
31500,0.010,0.176,0.814
32000,0.010,0.267,0.723
32500,0.010,0.348,0.642
33000,0.010,0.387,0.603
33500,0.010,0.241,0.749
34000,0.010,0.222,0.768
34500,0.010,0.386,0.604
35000,0.010,0.156,0.834
35500,0.330,0.000,0.670
36000,0.543,0.000,0.457
36500,0.568,0.000,0.432
37000,0.382,0.000,0.618
37500,0.424,0.000,0.576
38000,0.331,0.000,0.669
38500,0.468,0.000,0.532
39000,0.333,0.000,0.667
39500,0.352,0.000,0.648
40000,0.502,0.000,0.498
40500,0.426,0.000,0.574
41000,0.438,0.000,0.562
41500,0.520,0.000,0.480
42000,0.458,0.000,0.542
42500,0.320,0.000,0.680
43000,0.549,0.000,0.451
43500,0.530,0.000,0.470
44000,0.671,0.000,0.329
44500,0.334,0.000,0.666
45000,0.366,0.000,0.634
45500,0.480,0.000,0.520
46000,0.481,0.000,0.519
46500,0.421,0.000,0.579
47000,0.258,0.000,0.742
47500,0.383,0.000,0.617
48000,0.351,0.000,0.649
48500,0.660,0.000,0.340
49000,0.549,0.000,0.451
49500,0.555,0.000,0.445
50000,0.381,0.000,0.619
50500,0.324,0.000,0.676
51000,0.405,0.000,0.595
51500,0.411,0.000,0.589
52000,0.404,0.000,0.596
52500,0.633,0.000,0.367
53000,0.433,0.000,0.567
53500,0.531,0.000,0.469
54000,0.491,0.000,0.509
54500,0.621,0.000,0.379
55000,0.387,0.000,0.613
55500,0.606,0.000,0.394
56000,0.574,0.000,0.426
56500,0.394,0.000,0.606
57000,0.353,0.000,0.647
57500,0.193,0.000,0.807
58000,0.676,0.000,0.324
58500,0.366,0.000,0.634
59000,0.561,0.000,0.439
59500,0.362,0.000,0.638
60000,0.472,0.000,0.528
60500,0.293,0.000,0.707
61000,0.441,0.000,0.559
61500,0.596,0.000,0.404
62000,0.603,0.000,0.397
62500,0.339,0.000,0.661
63000,0.460,0.000,0.540
63500,0.569,0.000,0.431
64000,0.726,0.000,0.274
64500,0.584,0.000,0.416
65000,0.507,0.000,0.493
65500,0.530,0.000,0.470
66000,0.516,0.000,0.484
66500,0.320,0.000,0.680
67000,0.538,0.000,0.462
67500,0.441,0.000,0.559
68000,0.401,0.000,0.599
68500,0.489,0.000,0.511
69000,0.362,0.000,0.638
69500,0.431,0.000,0.569
70000,0.502,0.000,0.498
70500,0.501,0.000,0.499
71000,0.665,0.000,0.335
71500,0.476,0.000,0.524
72000,0.410,0.000,0.590
72500,0.385,0.000,0.615
73000,0.328,0.000,0.672
73500,0.483,0.000,0.517
74000,0.398,0.000,0.602
74500,0.225,0.000,0.775
75000,0.442,0.000,0.558
75500,0.410,0.000,0.590
76000,0.452,0.000,0.548
76500,0.337,0.000,0.663
77000,0.332,0.000,0.668
77500,0.570,0.000,0.430
78000,0.383,0.000,0.617
78500,0.478,0.000,0.522
79000,0.495,0.000,0.505
79500,0.502,0.000,0.498
80000,0.391,0.000,0.609
80500,0.618,0.000,0.382
81000,0.660,0.000,0.340
81500,0.605,0.000,0.395
82000,0.704,0.000,0.296
82500,0.456,0.000,0.544
83000,0.661,0.000,0.339
83500,0.531,0.000,0.469
84000,0.561,0.000,0.439
84500,0.779,0.000,0.221
85000,0.490,0.000,0.510
85500,0.563,0.000,0.437
86000,0.291,0.000,0.709
86500,0.461,0.000,0.539
87000,0.522,0.000,0.478
87500,0.252,0.000,0.748
88000,0.561,0.000,0.439
88500,0.460,0.000,0.540
89000,0.365,0.000,0.635
89500,0.475,0.000,0.525
90000,0.475,0.000,0.525
90500,0.561,0.000,0.439
91000,0.374,0.000,0.626
91500,0.440,0.000,0.560
92000,0.478,0.000,0.522
92500,0.432,0.000,0.568
93000,0.345,0.000,0.655
93500,0.417,0.000,0.583
94000,0.418,0.000,0.582
94500,0.435,0.000,0.565
95000,0.498,0.000,0.502
95500,0.564,0.000,0.436
96000,0.612,0.000,0.388
96500,0.497,0.000,0.503
97000,0.324,0.000,0.676
97500,0.339,0.000,0.661
98000,0.662,0.000,0.338
98500,0.635,0.000,0.365
99000,0.436,0.000,0.564
99500,0.482,0.000,0.518
100000,0.284,0.000,0.716
100500,0.445,0.000,0.555
101000,0.415,0.000,0.585
101500,0.378,0.000,0.622
102000,0.389,0.000,0.611
102500,0.333,0.000,0.667
103000,0.670,0.000,0.330
103500,0.499,0.000,0.501
104000,0.425,0.000,0.575
104500,0.331,0.000,0.669
105000,0.468,0.000,0.532
105500,0.368,0.000,0.632
106000,0.552,0.000,0.448
106500,0.540,0.000,0.460
107000,0.404,0.000,0.596
107500,0.645,0.000,0.355
108000,0.463,0.000,0.537
108500,0.374,0.000,0.626
109000,0.303,0.000,0.697
109500,0.511,0.000,0.489
110000,0.447,0.000,0.553
110500,0.340,0.000,0.660
111000,0.313,0.000,0.687
111500,0.327,0.000,0.673
112000,0.604,0.000,0.396
112500,0.343,0.000,0.657
113000,0.429,0.000,0.571
113500,0.577,0.000,0.423
114000,0.497,0.000,0.503
114500,0.371,0.000,0.629
115000,0.165,0.000,0.835
115500,0.478,0.000,0.522
116000,0.347,0.000,0.653
116500,0.247,0.000,0.753
117000,0.259,0.000,0.741
117500,0.394,0.000,0.606
118000,0.535,0.000,0.465
118500,0.588,0.000,0.412
119000,0.736,0.000,0.264
119500,0.357,0.000,0.643
120000,0.698,0.000,0.302
120500,0.463,0.000,0.537
121000,0.376,0.000,0.624
121500,0.329,0.000,0.671
122000,0.416,0.000,0.584
122500,0.482,0.000,0.518
123000,0.375,0.000,0.625
123500,0.599,0.000,0.401
124000,0.600,0.000,0.400
124500,0.424,0.000,0.576
125000,0.553,0.000,0.447
125500,0.385,0.000,0.615
126000,0.494,0.000,0.506
126500,0.348,0.000,0.652
127000,0.400,0.000,0.600
127500,0.337,0.000,0.663
128000,0.380,0.000,0.620
128500,0.487,0.000,0.513
129000,0.549,0.000,0.451
129500,0.394,0.000,0.606
130000,0.620,0.000,0.380
130500,0.245,0.000,0.755
131000,0.395,0.000,0.605
131500,0.486,0.000,0.514
132000,0.564,0.000,0.436
132500,0.479,0.000,0.521
133000,0.433,0.000,0.567
133500,0.325,0.000,0.675
134000,0.444,0.000,0.556
134500,0.314,0.000,0.686
135000,0.429,0.000,0.571
135500,0.303,0.000,0.697
136000,0.249,0.000,0.751
136500,0.296,0.000,0.704
137000,0.375,0.000,0.625
137500,0.342,0.000,0.658
138000,0.371,0.000,0.629
138500,0.433,0.000,0.567
139000,0.446,0.000,0.554
139500,0.394,0.000,0.606
140000,0.341,0.000,0.659
140500,0.516,0.000,0.484
141000,0.488,0.000,0.512
141500,0.457,0.000,0.543
142000,0.387,0.000,0.613
142500,0.522,0.000,0.478
143000,0.245,0.000,0.755
143500,0.402,0.000,0.598
144000,0.548,0.000,0.452
144500,0.436,0.000,0.564
145000,0.523,0.000,0.477
145500,0.346,0.000,0.654
146000,0.604,0.000,0.396
146500,0.319,0.000,0.681
147000,0.303,0.000,0.697
147500,0.447,0.000,0.553
148000,0.390,0.000,0.610
148500,0.675,0.000,0.325
149000,0.376,0.000,0.624
149500,0.292,0.000,0.708
150000,0.617,0.000,0.383
150500,0.522,0.000,0.478
151000,0.433,0.000,0.567
151500,0.455,0.000,0.545
152000,0.448,0.000,0.552
152500,0.456,0.000,0.544
153000,0.296,0.000,0.704
153500,0.417,0.000,0.583
154000,0.593,0.000,0.407
154500,0.736,0.000,0.264
155000,0.478,0.000,0.522
155500,0.312,0.000,0.688
156000,0.420,0.000,0.580
156500,0.693,0.000,0.307
157000,0.244,0.000,0.756
157500,0.453,0.000,0.547
158000,0.469,0.000,0.531
158500,0.272,0.000,0.728
159000,0.322,0.000,0.678
159500,0.460,0.000,0.540
160000,0.372,0.000,0.628
160500,0.458,0.000,0.542
161000,0.372,0.000,0.628
161500,0.516,0.000,0.484
162000,0.626,0.000,0.374
162500,0.462,0.000,0.538
163000,0.542,0.000,0.458
163500,0.525,0.000,0.475
164000,0.323,0.000,0.677
164500,0.647,0.000,0.353
165000,0.335,0.000,0.665
165500,0.444,0.000,0.556
166000,0.546,0.000,0.454
166500,0.484,0.000,0.516
167000,0.417,0.000,0.583
167500,0.347,0.000,0.653
168000,0.481,0.000,0.519
168500,0.545,0.000,0.455
169000,0.426,0.000,0.574
169500,0.466,0.000,0.534
170000,0.346,0.000,0.654
170500,0.329,0.000,0.671
171000,0.564,0.000,0.436
171500,0.417,0.000,0.583
172000,0.465,0.000,0.535
172500,0.475,0.000,0.525
173000,0.421,0.000,0.579
173500,0.336,0.000,0.664
174000,0.501,0.000,0.499
174500,0.217,0.000,0.783
175000,0.531,0.000,0.469
175500,0.546,0.000,0.454
176000,0.467,0.000,0.533
176500,0.501,0.000,0.499
177000,0.512,0.000,0.488
177500,0.273,0.000,0.727
178000,0.284,0.000,0.716
178500,0.332,0.000,0.668
179000,0.310,0.000,0.690
179500,0.577,0.000,0.423
180000,0.321,0.000,0.679
180500,0.309,0.000,0.691
181000,0.462,0.000,0.538
181500,0.420,0.000,0.580
182000,0.416,0.000,0.584
182500,0.433,0.000,0.567
183000,0.420,0.000,0.580
183500,0.597,0.000,0.403
184000,0.384,0.000,0.616
184500,0.517,0.000,0.483
185000,0.275,0.000,0.725
185500,0.380,0.000,0.620
186000,0.330,0.000,0.670
186500,0.523,0.000,0.477
187000,0.637,0.000,0.363
187500,0.498,0.000,0.502
188000,0.451,0.000,0.549
188500,0.581,0.000,0.419
189000,0.261,0.000,0.739
189500,0.370,0.000,0.630
190000,0.642,0.000,0.358
190500,0.665,0.000,0.335
191000,0.567,0.000,0.433
191500,0.516,0.000,0.484
192000,0.200,0.000,0.800
192500,0.607,0.000,0.393
193000,0.313,0.000,0.687
193500,0.216,0.000,0.784
194000,0.394,0.000,0.606
194500,0.317,0.000,0.683
195000,0.466,0.000,0.534
195500,0.484,0.000,0.516
196000,0.492,0.000,0.508
196500,0.367,0.000,0.633
197000,0.245,0.000,0.755
197500,0.336,0.000,0.664
198000,0.295,0.000,0.705
198500,0.452,0.000,0.548
199000,0.335,0.000,0.665
199500,0.395,0.000,0.605
200000,0.332,0.000,0.668
200500,0.567,0.000,0.433
201000,0.363,0.000,0.637
201500,0.336,0.000,0.664
202000,0.396,0.000,0.604
202500,0.385,0.000,0.615
203000,0.468,0.000,0.532
203500,0.375,0.000,0.625
204000,0.400,0.000,0.600
204500,0.291,0.000,0.709
205000,0.372,0.000,0.628
205500,0.336,0.000,0.664
206000,0.706,0.000,0.294
206500,0.420,0.000,0.580
207000,0.513,0.000,0.487
207500,0.553,0.000,0.447
208000,0.355,0.000,0.645
208500,0.559,0.000,0.441
209000,0.517,0.000,0.483
209500,0.350,0.000,0.650
210000,0.510,0.000,0.490
210500,0.373,0.000,0.627
211000,0.430,0.000,0.570
211500,0.403,0.000,0.597
212000,0.459,0.000,0.541
212500,0.444,0.000,0.556
213000,0.388,0.000,0.612
213500,0.390,0.000,0.610
214000,0.456,0.000,0.544
214500,0.359,0.000,0.641
215000,0.517,0.000,0.483
215500,0.619,0.000,0.381
216000,0.366,0.000,0.634
216500,0.386,0.000,0.614
217000,0.367,0.000,0.633
217500,0.654,0.000,0.346
218000,0.482,0.000,0.518
218500,0.371,0.000,0.629
219000,0.531,0.000,0.469
219500,0.281,0.000,0.719
220000,0.459,0.000,0.541
220500,0.337,0.000,0.663
221000,0.390,0.000,0.610
221500,0.362,0.000,0.638
222000,0.483,0.000,0.517
222500,0.389,0.000,0.611
223000,0.376,0.000,0.624
223500,0.708,0.000,0.292
224000,0.541,0.000,0.459
224500,0.592,0.000,0.408
225000,0.473,0.000,0.527
225500,0.410,0.000,0.590
226000,0.319,0.000,0.681
226500,0.477,0.000,0.523
227000,0.216,0.000,0.784
227500,0.391,0.000,0.609
228000,0.290,0.000,0.710
228500,0.507,0.000,0.493
229000,0.452,0.000,0.548
229500,0.484,0.000,0.516
230000,0.364,0.000,0.636
230500,0.455,0.000,0.545
231000,0.642,0.000,0.358
231500,0.374,0.000,0.626
232000,0.291,0.000,0.709
232500,0.526,0.000,0.474
233000,0.301,0.000,0.699
233500,0.518,0.000,0.482
234000,0.470,0.000,0.530
234500,0.528,0.000,0.472
235000,0.569,0.000,0.431
235500,0.631,0.000,0.369
236000,0.621,0.000,0.379
236500,0.285,0.000,0.715
237000,0.212,0.000,0.788
237500,0.320,0.000,0.680
238000,0.544,0.000,0.456
238500,0.586,0.000,0.414
239000,0.586,0.000,0.414
239500,0.297,0.000,0.703
240000,0.361,0.000,0.639
240500,0.403,0.000,0.597
241000,0.401,0.000,0.599
241500,0.288,0.000,0.712
242000,0.471,0.000,0.529
242500,0.417,0.000,0.583
243000,0.550,0.000,0.450
243500,0.358,0.000,0.642
244000,0.457,0.000,0.543
244500,0.437,0.000,0.563
245000,0.651,0.000,0.349
245500,0.292,0.000,0.708
246000,0.257,0.000,0.743
246500,0.549,0.000,0.451
247000,0.537,0.000,0.463
247500,0.434,0.000,0.566
248000,0.490,0.000,0.510
248500,0.474,0.000,0.526
249000,0.304,0.000,0.696
249500,0.404,0.000,0.596
250000,0.540,0.000,0.460
250500,0.520,0.000,0.480
251000,0.622,0.000,0.378
251500,0.386,0.000,0.614
252000,0.354,0.000,0.646
252500,0.442,0.000,0.558
253000,0.372,0.000,0.628
253500,0.509,0.000,0.491
254000,0.610,0.000,0.390
254500,0.609,0.000,0.391
255000,0.551,0.000,0.449
255500,0.463,0.000,0.537
256000,0.228,0.000,0.772
256500,0.321,0.000,0.679
257000,0.297,0.000,0.703
257500,0.585,0.000,0.415
258000,0.375,0.000,0.625
258500,0.882,0.000,0.118
259000,0.345,0.000,0.655
259500,0.423,0.000,0.577
260000,0.582,0.000,0.418
260500,0.539,0.000,0.461
261000,0.414,0.000,0.586
261500,0.588,0.000,0.412
262000,0.517,0.000,0.483
262500,0.325,0.000,0.675
263000,0.375,0.000,0.625
263500,0.479,0.000,0.521
264000,0.291,0.000,0.709
264500,0.338,0.000,0.662
265000,0.313,0.000,0.687
265500,0.407,0.000,0.593
266000,0.445,0.000,0.555
266500,0.475,0.000,0.525
267000,0.678,0.000,0.322
267500,0.429,0.000,0.571
268000,0.330,0.000,0.670
268500,0.295,0.000,0.705
269000,0.191,0.000,0.809
269500,0.539,0.000,0.461
270000,0.415,0.000,0.585
270500,0.360,0.000,0.640
271000,0.430,0.000,0.570
271500,0.370,0.000,0.630
272000,0.522,0.000,0.478
272500,0.458,0.000,0.542
273000,0.389,0.000,0.611
273500,0.596,0.000,0.404
274000,0.343,0.000,0.657
274500,0.459,0.000,0.541
275000,0.406,0.000,0.594
275500,0.331,0.000,0.669
276000,0.376,0.000,0.624
276500,0.435,0.000,0.565
277000,0.496,0.000,0.504
277500,0.415,0.000,0.585
278000,0.302,0.000,0.698
278500,0.277,0.000,0.723
279000,0.320,0.000,0.680
279500,0.443,0.000,0.557
280000,0.330,0.000,0.670
280500,0.455,0.000,0.545
281000,0.451,0.000,0.549
281500,0.415,0.000,0.585
282000,0.495,0.000,0.505
282500,0.480,0.000,0.520
283000,0.595,0.000,0.405
283500,0.455,0.000,0.545
284000,0.375,0.000,0.625
284500,0.372,0.000,0.628
285000,0.485,0.000,0.515
285500,0.601,0.000,0.399
286000,0.635,0.000,0.365
286500,0.533,0.000,0.467
287000,0.463,0.000,0.537
287500,0.406,0.000,0.594
288000,0.397,0.000,0.603
288500,0.375,0.000,0.625
289000,0.459,0.000,0.541
289500,0.186,0.000,0.814
290000,0.295,0.000,0.705
290500,0.681,0.000,0.319
291000,0.348,0.000,0.652
291500,0.376,0.000,0.624
292000,0.444,0.000,0.556
292500,0.385,0.000,0.615
293000,0.511,0.000,0.489
293500,0.394,0.000,0.606
294000,0.399,0.000,0.601
294500,0.372,0.000,0.628
295000,0.441,0.000,0.559
295500,0.453,0.000,0.547
296000,0.415,0.000,0.585
296500,0.416,0.000,0.584
297000,0.419,0.000,0.581
297500,0.655,0.000,0.345
298000,0.397,0.000,0.603
298500,0.399,0.000,0.601
299000,0.826,0.000,0.174
299500,0.511,0.000,0.489
300000,0.378,0.000,0.622
300500,0.433,0.000,0.567
301000,0.351,0.000,0.649
301500,0.664,0.000,0.336
302000,0.597,0.000,0.403
302500,0.314,0.000,0.686
303000,0.627,0.000,0.373
303500,0.540,0.000,0.460
304000,0.421,0.000,0.579
304500,0.407,0.000,0.593
305000,0.538,0.000,0.462
305500,0.441,0.000,0.559
306000,0.712,0.000,0.288
306500,0.413,0.000,0.587
307000,0.382,0.000,0.618
307500,0.583,0.000,0.417
308000,0.156,0.000,0.844
308500,0.560,0.000,0.440
309000,0.360,0.000,0.640
309500,0.418,0.000,0.582
310000,0.271,0.000,0.729
310500,0.294,0.000,0.706
311000,0.405,0.000,0.595
311500,0.536,0.000,0.464
312000,0.429,0.000,0.571
312500,0.286,0.000,0.714
313000,0.457,0.000,0.543
313500,0.271,0.000,0.729
314000,0.368,0.000,0.632
314500,0.454,0.000,0.546
315000,0.502,0.000,0.498
315500,0.234,0.000,0.766
316000,0.593,0.000,0.407
316500,0.697,0.000,0.303
317000,0.794,0.000,0.206
317500,0.464,0.000,0.536
318000,0.432,0.000,0.568
318500,0.495,0.000,0.505
319000,0.400,0.000,0.600
319500,0.390,0.000,0.610
320000,0.537,0.000,0.463
320500,0.429,0.000,0.571
321000,0.427,0.000,0.573
321500,0.393,0.000,0.607
322000,0.499,0.000,0.501
322500,0.434,0.000,0.566
323000,0.381,0.000,0.619
323500,0.486,0.000,0.514
324000,0.426,0.000,0.574
324500,0.500,0.000,0.500
325000,0.379,0.000,0.621
325500,0.472,0.000,0.528
326000,0.318,0.000,0.682
326500,0.669,0.000,0.331
327000,0.717,0.000,0.283
327500,0.362,0.000,0.638
328000,0.491,0.000,0.509
328500,0.590,0.000,0.410
329000,0.415,0.000,0.585
329500,0.597,0.000,0.403
330000,0.470,0.000,0.530
330500,0.445,0.000,0.555
331000,0.546,0.000,0.454
331500,0.314,0.000,0.686
332000,0.448,0.000,0.552
332500,0.492,0.000,0.508
333000,0.611,0.000,0.389
333500,0.569,0.000,0.431
334000,0.278,0.000,0.722
334500,0.425,0.000,0.575
335000,0.574,0.000,0.426
335500,0.480,0.000,0.520
336000,0.547,0.000,0.453
336500,0.265,0.000,0.735
337000,0.500,0.000,0.500
337500,0.450,0.000,0.550
338000,0.498,0.000,0.502
338500,0.328,0.000,0.672
339000,0.383,0.000,0.617
339500,0.570,0.000,0.430
340000,0.362,0.000,0.638
340500,0.741,0.000,0.259
341000,0.559,0.000,0.441
341500,0.432,0.000,0.568
342000,0.510,0.000,0.490
342500,0.278,0.000,0.722
343000,0.611,0.000,0.389
343500,0.319,0.000,0.681
344000,0.496,0.000,0.504
344500,0.563,0.000,0.437
345000,0.381,0.000,0.619
345500,0.487,0.000,0.513
346000,0.563,0.000,0.437
346500,0.452,0.000,0.548
347000,0.304,0.000,0.696
347500,0.361,0.000,0.639
348000,0.278,0.000,0.722
348500,0.568,0.000,0.432
349000,0.483,0.000,0.517
349500,0.520,0.000,0.480
350000,0.483,0.000,0.517
350500,0.601,0.000,0.399
351000,0.348,0.000,0.652
351500,0.504,0.000,0.496
352000,0.503,0.000,0.497
352500,0.458,0.000,0.542
353000,0.318,0.000,0.682
353500,0.584,0.000,0.416
354000,0.476,0.000,0.524
354500,0.605,0.000,0.395
355000,0.400,0.000,0.600
355500,0.444,0.000,0.556
356000,0.438,0.000,0.562
356500,0.275,0.000,0.725
357000,0.577,0.000,0.423
357500,0.516,0.000,0.484
358000,0.764,0.000,0.236
358500,0.271,0.000,0.729
359000,0.421,0.000,0.579
359500,0.480,0.000,0.520
360000,0.517,0.000,0.483
360500,0.629,0.000,0.371
361000,0.223,0.000,0.777
361500,0.457,0.000,0.543
362000,0.426,0.000,0.574
362500,0.525,0.000,0.475
363000,0.582,0.000,0.418
363500,0.385,0.000,0.615
364000,0.772,0.000,0.228
364500,0.516,0.000,0.484
365000,0.422,0.000,0.578
365500,0.270,0.000,0.730
366000,0.377,0.000,0.623
366500,0.505,0.000,0.495
367000,0.654,0.000,0.346
367500,0.519,0.000,0.481
368000,0.319,0.000,0.681
368500,0.432,0.000,0.568
369000,0.395,0.000,0.605
369500,0.501,0.000,0.499
370000,0.529,0.000,0.471
370500,0.574,0.000,0.426
371000,0.360,0.000,0.640
371500,0.341,0.000,0.659
372000,0.438,0.000,0.562
372500,0.546,0.000,0.454
373000,0.422,0.000,0.578
373500,0.412,0.000,0.588
374000,0.442,0.000,0.558
374500,0.780,0.000,0.220
375000,0.390,0.000,0.610
375500,0.468,0.000,0.532
376000,0.554,0.000,0.446
376500,0.361,0.000,0.639
377000,0.430,0.000,0.570
377500,0.410,0.000,0.590
378000,0.434,0.000,0.566
378500,0.384,0.000,0.616
379000,0.453,0.000,0.547
379500,0.369,0.000,0.631
380000,0.226,0.000,0.774
380500,0.418,0.000,0.582
381000,0.416,0.000,0.584
381500,0.389,0.000,0.611
382000,0.435,0.000,0.565
382500,0.332,0.000,0.668
383000,0.369,0.000,0.631
383500,0.352,0.000,0.648
384000,0.292,0.000,0.708
384500,0.380,0.000,0.620
385000,0.398,0.000,0.602
385500,0.821,0.000,0.179
386000,0.503,0.000,0.497
386500,0.464,0.000,0.536
387000,0.253,0.000,0.747
387500,0.424,0.000,0.576
388000,0.567,0.000,0.433
388500,0.565,0.000,0.435
389000,0.462,0.000,0.538
389500,0.418,0.000,0.582
390000,0.388,0.000,0.612
390500,0.407,0.000,0.593
391000,0.485,0.000,0.515
391500,0.380,0.000,0.620
392000,0.347,0.000,0.653
392500,0.568,0.000,0.432
393000,0.461,0.000,0.539
393500,0.399,0.000,0.601
394000,0.452,0.000,0.548
394500,0.283,0.000,0.717
395000,0.237,0.000,0.763
395500,0.376,0.000,0.624
396000,0.314,0.000,0.686
396500,0.601,0.000,0.399
397000,0.506,0.000,0.494
397500,0.473,0.000,0.527
398000,0.505,0.000,0.495
398500,0.261,0.000,0.739
399000,0.599,0.000,0.401
399500,0.314,0.000,0.686
400000,0.658,0.000,0.342
400500,0.477,0.000,0.523
401000,0.368,0.000,0.632
401500,0.387,0.000,0.613
402000,0.360,0.000,0.640
402500,0.365,0.000,0.635
403000,0.412,0.000,0.588
403500,0.289,0.000,0.711
404000,0.521,0.000,0.479
404500,0.361,0.000,0.639
405000,0.462,0.000,0.538
405500,0.565,0.000,0.435
406000,0.548,0.000,0.452
406500,0.620,0.000,0.380
407000,0.356,0.000,0.644
407500,0.309,0.000,0.691
408000,0.463,0.000,0.537
408500,0.342,0.000,0.658
409000,0.408,0.000,0.592
409500,0.453,0.000,0.547
410000,0.335,0.000,0.665
410500,0.477,0.000,0.523
411000,0.585,0.000,0.415
411500,0.489,0.000,0.511
412000,0.260,0.000,0.740
412500,0.715,0.000,0.285
413000,0.208,0.000,0.792
413500,0.506,0.000,0.494
414000,0.413,0.000,0.587
414500,0.338,0.000,0.662
415000,0.616,0.000,0.384
415500,0.459,0.000,0.541
416000,0.539,0.000,0.461
416500,0.772,0.000,0.228
417000,0.444,0.000,0.556
417500,0.323,0.000,0.677
418000,0.299,0.000,0.701
418500,0.436,0.000,0.564
419000,0.290,0.000,0.710
419500,0.481,0.000,0.519
420000,0.269,0.000,0.731
420500,0.512,0.000,0.488
421000,0.575,0.000,0.425
421500,0.531,0.000,0.469
422000,0.229,0.000,0.771
422500,0.492,0.000,0.508
423000,0.514,0.000,0.486
423500,0.537,0.000,0.463
424000,0.295,0.000,0.705
424500,0.416,0.000,0.584
425000,0.501,0.000,0.499
425500,0.512,0.000,0.488
426000,0.424,0.000,0.576
426500,0.585,0.000,0.415
427000,0.562,0.000,0.438
427500,0.362,0.000,0.638
428000,0.485,0.000,0.515
428500,0.323,0.000,0.677
429000,0.505,0.000,0.495
429500,0.513,0.000,0.487
430000,0.546,0.000,0.454
430500,0.366,0.000,0.634
431000,0.186,0.000,0.814
431500,0.538,0.000,0.462
432000,0.367,0.000,0.633
432500,0.319,0.000,0.681
433000,0.672,0.000,0.328
433500,0.457,0.000,0.543
434000,0.648,0.000,0.352
434500,0.366,0.000,0.634
435000,0.262,0.000,0.738
435500,0.400,0.000,0.600
436000,0.464,0.000,0.536
436500,0.313,0.000,0.687
437000,0.399,0.000,0.601
437500,0.438,0.000,0.562
438000,0.340,0.000,0.660
438500,0.371,0.000,0.629
439000,0.233,0.000,0.767
439500,0.708,0.000,0.292
440000,0.693,0.000,0.307
440500,0.431,0.000,0.569
441000,0.494,0.000,0.506
441500,0.643,0.000,0.357
442000,0.394,0.000,0.606
442500,0.399,0.000,0.601
443000,0.384,0.000,0.616
443500,0.357,0.000,0.643
444000,0.541,0.000,0.459
444500,0.452,0.000,0.548
445000,0.429,0.000,0.571
445500,0.421,0.000,0.579
446000,0.498,0.000,0.502
446500,0.462,0.000,0.538
447000,0.493,0.000,0.507
447500,0.615,0.000,0.385
448000,0.372,0.000,0.628
448500,0.347,0.000,0.653
449000,0.359,0.000,0.641
449500,0.488,0.000,0.512
450000,0.787,0.000,0.213
450500,0.341,0.000,0.659
451000,0.564,0.000,0.436
451500,0.382,0.000,0.618
452000,0.345,0.000,0.655
452500,0.257,0.000,0.743
453000,0.535,0.000,0.465
453500,0.445,0.000,0.555
454000,0.437,0.000,0.563
454500,0.559,0.000,0.441
455000,0.584,0.000,0.416
455500,0.371,0.000,0.629
456000,0.212,0.000,0.788
456500,0.545,0.000,0.455
457000,0.416,0.000,0.584
457500,0.706,0.000,0.294
458000,0.452,0.000,0.548
458500,0.411,0.000,0.589
459000,0.461,0.000,0.539
459500,0.254,0.000,0.746
460000,0.418,0.000,0.582
460500,0.648,0.000,0.352
461000,0.512,0.000,0.488
461500,0.567,0.000,0.433
462000,0.449,0.000,0.551
462500,0.430,0.000,0.570
463000,0.373,0.000,0.627
463500,0.429,0.000,0.571
464000,0.423,0.000,0.577
464500,0.447,0.000,0.553
465000,0.397,0.000,0.603
465500,0.293,0.000,0.707
466000,0.365,0.000,0.635
466500,0.699,0.000,0.301
467000,0.418,0.000,0.582
467500,0.512,0.000,0.488
468000,0.433,0.000,0.567
468500,0.453,0.000,0.547
469000,0.291,0.000,0.709
469500,0.235,0.000,0.765
470000,0.388,0.000,0.612
470500,0.451,0.000,0.549
471000,0.501,0.000,0.499
471500,0.325,0.000,0.675
472000,0.347,0.000,0.653
472500,0.357,0.000,0.643
473000,0.364,0.000,0.636
473500,0.617,0.000,0.383
474000,0.380,0.000,0.620
474500,0.182,0.000,0.818
475000,0.457,0.000,0.543
475500,0.378,0.000,0.622
476000,0.438,0.000,0.562
476500,0.315,0.000,0.685
477000,0.356,0.000,0.644
477500,0.401,0.000,0.599
478000,0.412,0.000,0.588
478500,0.369,0.000,0.631
479000,0.333,0.000,0.667
479500,0.609,0.000,0.391
480000,0.552,0.000,0.448
480500,0.591,0.000,0.409
481000,0.339,0.000,0.661
481500,0.600,0.000,0.400
482000,0.413,0.000,0.587
482500,0.309,0.000,0.691
483000,0.438,0.000,0.562
483500,0.448,0.000,0.552
484000,0.370,0.000,0.630
484500,0.790,0.000,0.210
485000,0.336,0.000,0.664
485500,0.514,0.000,0.486
486000,0.613,0.000,0.387
486500,0.512,0.000,0.488
487000,0.411,0.000,0.589
487500,0.377,0.000,0.623
488000,0.570,0.000,0.430
488500,0.261,0.000,0.739
489000,0.611,0.000,0.389
489500,0.366,0.000,0.634
490000,0.467,0.000,0.533
490500,0.540,0.000,0.460
491000,0.583,0.000,0.417
491500,0.429,0.000,0.571
492000,0.348,0.000,0.652
492500,0.389,0.000,0.611
493000,0.760,0.000,0.240
493500,0.169,0.000,0.831
494000,0.438,0.000,0.562
494500,0.442,0.000,0.558
495000,0.516,0.000,0.484
495500,0.528,0.000,0.472
496000,0.566,0.000,0.434
496500,0.509,0.000,0.491
497000,0.354,0.000,0.646
497500,0.381,0.000,0.619
498000,0.286,0.000,0.714
498500,0.426,0.000,0.574
499000,0.408,0.000,0.592
499500,0.285,0.000,0.715
500000,0.537,0.000,0.463
500500,0.623,0.000,0.377
501000,0.227,0.000,0.773
501500,0.522,0.000,0.478
502000,0.462,0.000,0.538
502500,0.263,0.000,0.737
503000,0.400,0.000,0.600
503500,0.547,0.000,0.453
504000,0.541,0.000,0.459
504500,0.378,0.000,0.622
505000,0.342,0.000,0.658
505500,0.524,0.000,0.476
506000,0.371,0.000,0.629
506500,0.393,0.000,0.607
507000,0.667,0.000,0.333
507500,0.584,0.000,0.416
508000,0.339,0.000,0.661
508500,0.490,0.000,0.510
509000,0.424,0.000,0.576
509500,0.400,0.000,0.600
510000,0.497,0.000,0.503
510500,0.471,0.000,0.529
511000,0.298,0.000,0.702
511500,0.320,0.000,0.680
512000,0.318,0.000,0.682
512500,0.731,0.000,0.269
513000,0.526,0.000,0.474
513500,0.598,0.000,0.402
514000,0.496,0.000,0.504
514500,0.331,0.000,0.669
515000,0.424,0.000,0.576
515500,0.561,0.000,0.439
516000,0.337,0.000,0.663
516500,0.532,0.000,0.468
517000,0.861,0.000,0.139
517500,0.468,0.000,0.532
518000,0.405,0.000,0.595
518500,0.356,0.000,0.644
519000,0.396,0.000,0.604
519500,0.543,0.000,0.457
520000,0.553,0.000,0.447
520500,0.457,0.000,0.543
521000,0.409,0.000,0.591
521500,0.373,0.000,0.627
522000,0.621,0.000,0.379
522500,0.479,0.000,0.521
523000,0.628,0.000,0.372
523500,0.519,0.000,0.481
524000,0.518,0.000,0.482
524500,0.388,0.000,0.612
525000,0.356,0.000,0.644
525500,0.446,0.000,0.554
526000,0.381,0.000,0.619
526500,0.456,0.000,0.544
527000,0.512,0.000,0.488
527500,0.262,0.000,0.738
528000,0.475,0.000,0.525
528500,0.927,0.000,0.073
529000,0.492,0.000,0.508
529500,0.625,0.000,0.375
530000,0.543,0.000,0.457
530500,0.518,0.000,0.482
531000,0.678,0.000,0.322
531500,0.405,0.000,0.595
532000,0.403,0.000,0.597
532500,0.701,0.000,0.299
533000,0.522,0.000,0.478
533500,0.359,0.000,0.641
534000,0.480,0.000,0.520
534500,0.385,0.000,0.615
535000,0.379,0.000,0.621
535500,0.365,0.000,0.635
536000,0.415,0.000,0.585
536500,0.435,0.000,0.565
537000,0.488,0.000,0.512
537500,0.181,0.000,0.819
538000,0.394,0.000,0.606
538500,0.639,0.000,0.361
539000,0.529,0.000,0.471
539500,0.343,0.000,0.657
540000,0.543,0.000,0.457
540500,0.523,0.000,0.477
541000,0.328,0.000,0.672
541500,0.625,0.000,0.375
542000,0.306,0.000,0.694
542500,0.332,0.000,0.668
543000,0.478,0.000,0.522
543500,0.629,0.000,0.371
544000,0.305,0.000,0.695
544500,0.407,0.000,0.593
545000,0.646,0.000,0.354
545500,0.742,0.000,0.258
546000,0.491,0.000,0.509
546500,0.622,0.000,0.378
547000,0.330,0.000,0.670
547500,0.502,0.000,0.498
548000,0.343,0.000,0.657
548500,0.429,0.000,0.571
549000,0.256,0.000,0.744
549500,0.463,0.000,0.537
550000,0.420,0.000,0.580
550500,0.239,0.000,0.761
551000,0.368,0.000,0.632
551500,0.322,0.000,0.678
552000,0.600,0.000,0.400
552500,0.259,0.000,0.741
553000,0.420,0.000,0.580
553500,0.512,0.000,0.488
554000,0.553,0.000,0.447
554500,0.311,0.000,0.689
555000,0.323,0.000,0.677
555500,0.446,0.000,0.554
556000,0.441,0.000,0.559
556500,0.657,0.000,0.343
557000,0.750,0.000,0.250
557500,0.381,0.000,0.619
558000,0.456,0.000,0.544
558500,0.539,0.000,0.461
559000,0.436,0.000,0.564
559500,0.583,0.000,0.417
560000,0.536,0.000,0.464
560500,0.414,0.000,0.586
561000,0.681,0.000,0.319
561500,0.434,0.000,0.566
562000,0.504,0.000,0.496
562500,0.331,0.000,0.669
563000,0.468,0.000,0.532
563500,0.414,0.000,0.586
564000,0.692,0.000,0.308
564500,0.328,0.000,0.672
565000,0.444,0.000,0.556
565500,0.453,0.000,0.547
566000,0.460,0.000,0.540
566500,0.334,0.000,0.666
567000,0.564,0.000,0.436
567500,0.634,0.000,0.366
568000,0.316,0.000,0.684
568500,0.459,0.000,0.541
569000,0.440,0.000,0.560
569500,0.372,0.000,0.628
570000,0.354,0.000,0.646
570500,0.236,0.000,0.764
571000,0.493,0.000,0.507
571500,0.608,0.000,0.392
572000,0.404,0.000,0.596
572500,0.404,0.000,0.596
573000,0.392,0.000,0.608
573500,0.567,0.000,0.433
574000,0.398,0.000,0.602
574500,0.565,0.000,0.435
575000,0.567,0.000,0.433
575500,0.512,0.000,0.488
576000,0.435,0.000,0.565
576500,0.545,0.000,0.455
577000,0.460,0.000,0.540
577500,0.458,0.000,0.542
578000,0.635,0.000,0.365
578500,0.487,0.000,0.513
579000,0.388,0.000,0.612
579500,0.684,0.000,0.316
580000,0.455,0.000,0.545
580500,0.484,0.000,0.516
581000,0.353,0.000,0.647
581500,0.298,0.000,0.702
582000,0.386,0.000,0.614
582500,0.233,0.000,0.767
583000,0.464,0.000,0.536
583500,0.479,0.000,0.521
584000,0.397,0.000,0.603
584500,0.356,0.000,0.644
585000,0.269,0.000,0.731
585500,0.466,0.000,0.534
586000,0.514,0.000,0.486
586500,0.526,0.000,0.474
587000,0.353,0.000,0.647
587500,0.595,0.000,0.405
588000,0.361,0.000,0.639
588500,0.430,0.000,0.570
589000,0.438,0.000,0.562
589500,0.328,0.000,0.672
590000,0.644,0.000,0.356
590500,0.687,0.000,0.313
591000,0.615,0.000,0.385
591500,0.514,0.000,0.486
592000,0.616,0.000,0.384
592500,0.390,0.000,0.610
593000,0.368,0.000,0.632
593500,0.507,0.000,0.493
594000,0.293,0.000,0.707
594500,0.612,0.000,0.388
595000,0.259,0.000,0.741
595500,0.429,0.000,0.571
596000,0.663,0.000,0.337
596500,0.533,0.000,0.467
597000,0.332,0.000,0.668
597500,0.352,0.000,0.648
598000,0.633,0.000,0.367
598500,0.389,0.000,0.611
599000,0.338,0.000,0.662
599500,0.682,0.000,0.318
600000,0.308,0.000,0.692
600500,0.437,0.000,0.563
601000,0.509,0.000,0.491
601500,0.549,0.000,0.451
602000,0.575,0.000,0.425
602500,0.654,0.000,0.346
603000,0.487,0.000,0.513
603500,0.545,0.000,0.455
604000,0.308,0.000,0.692
604500,0.495,0.000,0.505
605000,0.326,0.000,0.674
605500,0.310,0.000,0.690
606000,0.567,0.000,0.433
606500,0.431,0.000,0.569
607000,0.402,0.000,0.598
607500,0.210,0.000,0.790
608000,0.439,0.000,0.561
608500,0.625,0.000,0.375
609000,0.373,0.000,0.627
609500,0.246,0.000,0.754
610000,0.358,0.000,0.642
610500,0.495,0.000,0.505
611000,0.384,0.000,0.616
611500,0.199,0.000,0.801
612000,0.314,0.000,0.686
612500,0.531,0.000,0.469
613000,0.563,0.000,0.437
613500,0.431,0.000,0.569
614000,0.516,0.000,0.484
614500,0.351,0.000,0.649
615000,0.467,0.000,0.533
615500,0.288,0.000,0.712
616000,0.431,0.000,0.569
616500,0.388,0.000,0.612
617000,0.468,0.000,0.532
617500,0.555,0.000,0.445
618000,0.434,0.000,0.566
618500,0.405,0.000,0.595
619000,0.453,0.000,0.547
619500,0.446,0.000,0.554
620000,0.499,0.000,0.501
620500,0.399,0.000,0.601
621000,0.487,0.000,0.513
621500,0.446,0.000,0.554
622000,0.336,0.000,0.664
622500,0.575,0.000,0.425
623000,0.545,0.000,0.455
623500,0.315,0.000,0.685
624000,0.497,0.000,0.503
624500,0.487,0.000,0.513
625000,0.599,0.000,0.401
625500,0.437,0.000,0.563
626000,0.683,0.000,0.317
626500,0.399,0.000,0.601
627000,0.356,0.000,0.644
627500,0.366,0.000,0.634
628000,0.503,0.000,0.497
628500,0.358,0.000,0.642
629000,0.575,0.000,0.425
629500,0.597,0.000,0.403
630000,0.418,0.000,0.582
630500,0.461,0.000,0.539
631000,0.428,0.000,0.572
631500,0.433,0.000,0.567
632000,0.664,0.000,0.336
632500,0.429,0.000,0.571
633000,0.402,0.000,0.598
633500,0.581,0.000,0.419
634000,0.417,0.000,0.583
634500,0.795,0.000,0.205
635000,0.407,0.000,0.593
635500,0.337,0.000,0.663
636000,0.401,0.000,0.599
636500,0.445,0.000,0.555
637000,0.412,0.000,0.588
637500,0.501,0.000,0.499
638000,0.325,0.000,0.675
638500,0.479,0.000,0.521
639000,0.396,0.000,0.604
639500,0.367,0.000,0.633
640000,0.447,0.000,0.553
640500,0.440,0.000,0.560
641000,0.298,0.000,0.702
641500,0.747,0.000,0.253
642000,0.786,0.000,0.214
642500,0.545,0.000,0.455
643000,0.604,0.000,0.396
643500,0.361,0.000,0.639
644000,0.258,0.000,0.742
644500,0.377,0.000,0.623
645000,0.341,0.000,0.659
645500,0.361,0.000,0.639
646000,0.402,0.000,0.598
646500,0.466,0.000,0.534
647000,0.489,0.000,0.511
647500,0.415,0.000,0.585
648000,0.573,0.000,0.427
648500,0.456,0.000,0.544
649000,0.423,0.000,0.577
649500,0.472,0.000,0.528
650000,0.431,0.000,0.569
650500,0.441,0.000,0.559
651000,0.418,0.000,0.582
651500,0.651,0.000,0.349
652000,0.376,0.000,0.624
652500,0.251,0.000,0.749
653000,0.278,0.000,0.722
653500,0.404,0.000,0.596
654000,0.471,0.000,0.529
654500,0.736,0.000,0.264
655000,0.636,0.000,0.364
655500,0.256,0.000,0.744
656000,0.474,0.000,0.526
656500,0.643,0.000,0.357
657000,0.489,0.000,0.511
657500,0.440,0.000,0.560
658000,0.566,0.000,0.434
658500,0.607,0.000,0.393
659000,0.371,0.000,0.629
659500,0.431,0.000,0.569
660000,0.541,0.000,0.459
660500,0.560,0.000,0.440
661000,0.486,0.000,0.514
661500,0.327,0.000,0.673
662000,0.531,0.000,0.469
662500,0.492,0.000,0.508
663000,0.553,0.000,0.447
663500,0.426,0.000,0.574
664000,0.357,0.000,0.643
664500,0.431,0.000,0.569
665000,0.386,0.000,0.614
665500,0.489,0.000,0.511
666000,0.366,0.000,0.634
666500,0.617,0.000,0.383
667000,0.252,0.000,0.748
667500,0.551,0.000,0.449
668000,0.494,0.000,0.506
668500,0.585,0.000,0.415
669000,0.310,0.000,0.690
669500,0.484,0.000,0.516
670000,0.370,0.000,0.630
670500,0.284,0.000,0.716
671000,0.825,0.000,0.175
671500,0.457,0.000,0.543
672000,0.497,0.000,0.503
672500,0.424,0.000,0.576
673000,0.538,0.000,0.462
673500,0.460,0.000,0.540
674000,0.474,0.000,0.526
674500,0.420,0.000,0.580
675000,0.856,0.000,0.144
675500,0.695,0.000,0.305
676000,0.466,0.000,0.534
676500,0.427,0.000,0.573
677000,0.569,0.000,0.431
677500,0.359,0.000,0.641
678000,0.329,0.000,0.671
678500,0.446,0.000,0.554
679000,0.380,0.000,0.620
679500,0.433,0.000,0.567
680000,0.341,0.000,0.659
680500,0.475,0.000,0.525
681000,0.291,0.000,0.709
681500,0.392,0.000,0.608
682000,0.388,0.000,0.612
682500,0.382,0.000,0.618
683000,0.440,0.000,0.560
683500,0.395,0.000,0.605
684000,0.516,0.000,0.484
684500,0.330,0.000,0.670
685000,0.520,0.000,0.480
685500,0.402,0.000,0.598
686000,0.492,0.000,0.508
686500,0.394,0.000,0.606
687000,0.519,0.000,0.481
687500,0.389,0.000,0.611
688000,0.499,0.000,0.501
688500,0.342,0.000,0.658
689000,0.336,0.000,0.664
689500,0.600,0.000,0.400
690000,0.762,0.000,0.238
690500,0.404,0.000,0.596
691000,0.421,0.000,0.579
691500,0.468,0.000,0.532
692000,0.356,0.000,0.644
692500,0.401,0.000,0.599
693000,0.540,0.000,0.460
693500,0.407,0.000,0.593
694000,0.291,0.000,0.709
694500,0.565,0.000,0.435
695000,0.620,0.000,0.380
695500,0.393,0.000,0.607
696000,0.288,0.000,0.712
696500,0.428,0.000,0.572
697000,0.654,0.000,0.346
697500,0.438,0.000,0.562
698000,0.466,0.000,0.534
698500,0.350,0.000,0.650
699000,0.382,0.000,0.618
699500,0.445,0.000,0.555
700000,0.407,0.000,0.593
700500,0.370,0.000,0.630
701000,0.524,0.000,0.476
701500,0.484,0.000,0.516
702000,0.419,0.000,0.581
702500,0.621,0.000,0.379
703000,0.526,0.000,0.474
703500,0.474,0.000,0.526
704000,0.414,0.000,0.586
704500,0.396,0.000,0.604
705000,0.625,0.000,0.375
705500,0.193,0.000,0.807
706000,0.494,0.000,0.506
706500,0.539,0.000,0.461
707000,0.523,0.000,0.477
707500,0.526,0.000,0.474
708000,0.505,0.000,0.495
708500,0.362,0.000,0.638
709000,0.504,0.000,0.496
709500,0.474,0.000,0.526
710000,0.237,0.000,0.763
710500,0.442,0.000,0.558
711000,0.323,0.000,0.677
711500,0.581,0.000,0.419
712000,0.465,0.000,0.535
712500,0.630,0.000,0.370
713000,0.443,0.000,0.557
713500,0.259,0.000,0.741
714000,0.513,0.000,0.487
714500,0.410,0.000,0.590
715000,0.507,0.000,0.493
715500,0.569,0.000,0.431
716000,0.304,0.000,0.696
716500,0.614,0.000,0.386
717000,0.440,0.000,0.560
717500,0.777,0.000,0.223
718000,0.555,0.000,0.445
718500,0.569,0.000,0.431
719000,0.361,0.000,0.639
719500,0.520,0.000,0.480
720000,0.593,0.000,0.407
720500,0.256,0.000,0.744
721000,0.307,0.000,0.693
721500,0.459,0.000,0.541
722000,0.425,0.000,0.575
722500,0.270,0.000,0.730
723000,0.517,0.000,0.483
723500,0.532,0.000,0.468
724000,0.274,0.000,0.726
724500,0.180,0.000,0.820
725000,0.703,0.000,0.297
725500,0.399,0.000,0.601
726000,0.387,0.000,0.613
726500,0.348,0.000,0.652
727000,0.392,0.000,0.608
727500,0.211,0.000,0.789
728000,0.520,0.000,0.480
728500,0.552,0.000,0.448
729000,0.435,0.000,0.565
729500,0.368,0.000,0.632
730000,0.370,0.000,0.630
730500,0.397,0.000,0.603
731000,0.231,0.000,0.769
731500,0.325,0.000,0.675
732000,0.347,0.000,0.653
732500,0.384,0.000,0.616
733000,0.538,0.000,0.462
733500,0.658,0.000,0.342
734000,0.345,0.000,0.655
734500,0.327,0.000,0.673
735000,0.555,0.000,0.445
735500,0.285,0.000,0.715
736000,0.454,0.000,0.546
736500,0.423,0.000,0.577
737000,0.459,0.000,0.541
737500,0.393,0.000,0.607
738000,0.323,0.000,0.677
738500,0.409,0.000,0.591
739000,0.405,0.000,0.595
739500,0.579,0.000,0.421
740000,0.399,0.000,0.601
740500,0.723,0.000,0.277
741000,0.401,0.000,0.599
741500,0.639,0.000,0.361
742000,0.369,0.000,0.631
742500,0.420,0.000,0.580
743000,0.569,0.000,0.431
743500,0.260,0.000,0.740
744000,0.389,0.000,0.611
744500,0.556,0.000,0.444
745000,0.445,0.000,0.555
745500,0.461,0.000,0.539
746000,0.679,0.000,0.321
746500,0.640,0.000,0.360
747000,0.515,0.000,0.485
747500,0.394,0.000,0.606
748000,0.605,0.000,0.395
748500,0.516,0.000,0.484
749000,0.488,0.000,0.512
749500,0.477,0.000,0.523
750000,0.348,0.000,0.652
750500,0.458,0.000,0.542
751000,0.568,0.000,0.432
751500,0.453,0.000,0.547
752000,0.307,0.000,0.693
752500,0.415,0.000,0.585
753000,0.304,0.000,0.696
753500,0.359,0.000,0.641
754000,0.403,0.000,0.597
754500,0.335,0.000,0.665
755000,0.351,0.000,0.649
755500,0.246,0.000,0.754
756000,0.281,0.000,0.719
756500,0.427,0.000,0.573
757000,0.536,0.000,0.464
757500,0.480,0.000,0.520
758000,0.252,0.000,0.748
758500,0.257,0.000,0.743
759000,0.367,0.000,0.633
759500,0.283,0.000,0.717
760000,0.346,0.000,0.654
760500,0.399,0.000,0.601
761000,0.430,0.000,0.570
761500,0.469,0.000,0.531
762000,0.611,0.000,0.389
762500,0.587,0.000,0.413
763000,0.428,0.000,0.572
763500,0.405,0.000,0.595
764000,0.386,0.000,0.614
764500,0.293,0.000,0.707
765000,0.336,0.000,0.664
765500,0.302,0.000,0.698
766000,0.480,0.000,0.520
766500,0.466,0.000,0.534
767000,0.583,0.000,0.417
767500,0.148,0.021,0.831
768000,0.415,0.000,0.585
768500,0.440,0.000,0.560
769000,0.472,0.000,0.528
769500,0.553,0.000,0.447
770000,0.447,0.000,0.553
770500,0.628,0.000,0.372
771000,0.673,0.000,0.327
771500,0.475,0.000,0.525
772000,0.692,0.000,0.308
772500,0.392,0.000,0.608
773000,0.261,0.000,0.739
773500,0.267,0.000,0.733
774000,0.492,0.000,0.508
774500,0.524,0.000,0.476
775000,0.440,0.000,0.560
775500,0.487,0.000,0.513
776000,0.218,0.000,0.782
776500,0.279,0.000,0.721
777000,0.448,0.000,0.552
777500,0.336,0.000,0.664
778000,0.418,0.000,0.582
778500,0.440,0.000,0.560
779000,0.635,0.000,0.365
779500,0.629,0.000,0.371
780000,0.513,0.000,0.487
780500,0.455,0.000,0.545
781000,0.374,0.000,0.626
781500,0.439,0.000,0.561
782000,0.269,0.000,0.731
782500,0.633,0.000,0.367
783000,0.635,0.000,0.365
783500,0.488,0.000,0.512
784000,0.308,0.000,0.692
784500,0.393,0.000,0.607
785000,0.498,0.000,0.502
785500,0.617,0.000,0.383
786000,0.504,0.000,0.496
786500,0.427,0.000,0.573
787000,0.415,0.000,0.585
787500,0.542,0.000,0.458
788000,0.604,0.000,0.396
788500,0.418,0.000,0.582
789000,0.447,0.000,0.553
789500,0.518,0.000,0.482
790000,0.533,0.000,0.467
790500,0.580,0.000,0.420
791000,0.424,0.000,0.576
791500,0.632,0.000,0.368
792000,0.231,0.000,0.769
792500,0.456,0.000,0.544
793000,0.261,0.000,0.739
793500,0.190,0.000,0.810
794000,0.357,0.000,0.643
794500,0.691,0.000,0.309
795000,0.229,0.000,0.771
795500,0.495,0.000,0.505
796000,0.544,0.000,0.456
796500,0.393,0.000,0.607
797000,0.500,0.000,0.500
797500,0.473,0.000,0.527
798000,0.380,0.000,0.620
798500,0.534,0.000,0.466
799000,0.386,0.000,0.614
799500,0.450,0.000,0.550
800000,0.388,0.000,0.612
800500,0.551,0.000,0.449
801000,0.628,0.000,0.372
801500,0.381,0.000,0.619
802000,0.617,0.000,0.383
802500,0.253,0.000,0.747
803000,0.423,0.000,0.577
803500,0.554,0.000,0.446
804000,0.554,0.000,0.446
804500,0.446,0.000,0.554
805000,0.493,0.000,0.507
805500,0.294,0.000,0.706
806000,0.460,0.000,0.540
806500,0.460,0.000,0.540
807000,0.275,0.000,0.725
807500,0.649,0.000,0.351
808000,0.548,0.000,0.452
808500,0.506,0.000,0.494
809000,0.407,0.000,0.593
809500,0.353,0.000,0.647
810000,0.445,0.000,0.555
810500,0.318,0.000,0.682
811000,0.247,0.000,0.753
811500,0.391,0.000,0.609
812000,0.391,0.000,0.609
812500,0.314,0.000,0.686
813000,0.382,0.000,0.618
813500,0.362,0.000,0.638
814000,0.409,0.000,0.591
814500,0.417,0.000,0.583
815000,0.479,0.000,0.521
815500,0.349,0.000,0.651
816000,0.446,0.000,0.554
816500,0.492,0.000,0.508
817000,0.663,0.000,0.337
817500,0.658,0.000,0.342
818000,0.729,0.000,0.271
818500,0.337,0.000,0.663
819000,0.411,0.000,0.589
819500,0.373,0.000,0.627
820000,0.445,0.000,0.555
820500,0.512,0.000,0.488
821000,0.291,0.000,0.709
821500,0.376,0.000,0.624
822000,0.524,0.000,0.476
822500,0.565,0.000,0.435
823000,0.435,0.000,0.565
823500,0.558,0.000,0.442
824000,0.371,0.000,0.629
824500,0.544,0.000,0.456
825000,0.421,0.000,0.579
825500,0.314,0.000,0.686
826000,0.365,0.000,0.635
826500,0.606,0.000,0.394
827000,0.673,0.000,0.327
827500,0.550,0.000,0.450
828000,0.507,0.000,0.493
828500,0.142,0.000,0.858
829000,0.278,0.000,0.722
829500,0.565,0.000,0.435
830000,0.416,0.000,0.584
830500,0.269,0.000,0.731
831000,0.389,0.000,0.611
831500,0.333,0.000,0.667
832000,0.562,0.000,0.438
832500,0.455,0.000,0.545
833000,0.386,0.000,0.614
833500,0.199,0.000,0.801
834000,0.383,0.000,0.617
834500,0.631,0.000,0.369
835000,0.369,0.000,0.631
835500,0.295,0.000,0.705
836000,0.411,0.000,0.589
836500,0.490,0.000,0.510
837000,0.482,0.000,0.518
837500,0.408,0.000,0.592
838000,0.608,0.000,0.392
838500,0.403,0.000,0.597
839000,0.316,0.000,0.684
839500,0.385,0.000,0.615
840000,0.427,0.000,0.573
840500,0.269,0.000,0.731
841000,0.386,0.000,0.614
841500,0.407,0.000,0.593
842000,0.360,0.000,0.640
842500,0.370,0.000,0.630
843000,0.524,0.000,0.476
843500,0.372,0.000,0.628
844000,0.473,0.000,0.527
844500,0.350,0.000,0.650
845000,0.621,0.000,0.379
845500,0.364,0.000,0.636
846000,0.722,0.000,0.278
846500,0.468,0.000,0.532
847000,0.388,0.000,0.612
847500,0.525,0.000,0.475
848000,0.362,0.000,0.638
848500,0.470,0.000,0.530
849000,0.450,0.000,0.550
849500,0.637,0.000,0.363
850000,0.615,0.000,0.385
850500,0.381,0.000,0.619
851000,0.418,0.000,0.582
851500,0.439,0.000,0.561
852000,0.248,0.000,0.752
852500,0.277,0.000,0.723
853000,0.457,0.000,0.543
853500,0.252,0.000,0.748
854000,0.492,0.000,0.508
854500,0.394,0.000,0.606
855000,0.483,0.000,0.517
855500,0.579,0.000,0.421
856000,0.571,0.000,0.429
856500,0.439,0.000,0.561
857000,0.407,0.000,0.593
857500,0.330,0.000,0.670
858000,0.350,0.000,0.650
858500,0.540,0.000,0.460
859000,0.279,0.000,0.721
859500,0.553,0.000,0.447
860000,0.717,0.000,0.283
860500,0.360,0.000,0.640
861000,0.605,0.000,0.395
861500,0.473,0.000,0.527
862000,0.441,0.000,0.559
862500,0.476,0.000,0.524
863000,0.394,0.000,0.606
863500,0.548,0.000,0.452
864000,0.429,0.000,0.571
864500,0.497,0.000,0.503
865000,0.350,0.000,0.650
865500,0.383,0.000,0.617
866000,0.507,0.000,0.493
866500,0.366,0.000,0.634
867000,0.561,0.000,0.439
867500,0.555,0.000,0.445
868000,0.593,0.000,0.407
868500,0.290,0.000,0.710
869000,0.476,0.000,0.524
869500,0.512,0.000,0.488
870000,0.396,0.000,0.604
870500,0.502,0.000,0.498
871000,0.398,0.000,0.602
871500,0.298,0.000,0.702
872000,0.291,0.000,0.709
872500,0.625,0.000,0.375
873000,0.453,0.000,0.547
873500,0.354,0.000,0.646
874000,0.398,0.000,0.602
874500,0.415,0.000,0.585
875000,0.459,0.000,0.541
875500,0.528,0.000,0.472
876000,0.710,0.000,0.290
876500,0.367,0.000,0.633
877000,0.475,0.000,0.525
877500,0.562,0.000,0.438
878000,0.487,0.000,0.513
878500,0.303,0.000,0.697
879000,0.443,0.000,0.557
879500,0.418,0.000,0.582
880000,0.478,0.000,0.522
880500,0.444,0.000,0.556
881000,0.613,0.000,0.387
881500,0.627,0.000,0.373
882000,0.390,0.000,0.610
882500,0.411,0.000,0.589
883000,0.381,0.000,0.619
883500,0.526,0.000,0.474
884000,0.390,0.000,0.610
884500,0.348,0.000,0.652
885000,0.353,0.000,0.647
885500,0.432,0.000,0.568
886000,0.497,0.000,0.503
886500,0.459,0.000,0.541
887000,0.515,0.000,0.485
887500,0.306,0.000,0.694
888000,0.372,0.000,0.628
888500,0.540,0.000,0.460
889000,0.515,0.000,0.485
889500,0.330,0.000,0.670
890000,0.162,0.000,0.838
890500,0.545,0.000,0.455
891000,0.423,0.000,0.577
891500,0.602,0.000,0.398
892000,0.346,0.000,0.654
892500,0.545,0.000,0.455
893000,0.387,0.000,0.613
893500,0.410,0.000,0.590
894000,0.568,0.000,0.432
894500,0.431,0.000,0.569
895000,0.433,0.000,0.567
895500,0.269,0.000,0.731
896000,0.329,0.000,0.671
896500,0.518,0.000,0.482
897000,0.435,0.000,0.565
897500,0.347,0.000,0.653
898000,0.449,0.000,0.551
898500,0.574,0.000,0.426
899000,0.410,0.000,0.590
899500,0.469,0.000,0.531
900000,0.473,0.000,0.527
900500,0.379,0.000,0.621
901000,0.607,0.000,0.393
901500,0.409,0.000,0.591
902000,0.722,0.000,0.278
902500,0.434,0.000,0.566
903000,0.448,0.000,0.552
903500,0.546,0.000,0.454
904000,0.342,0.000,0.658
904500,0.488,0.000,0.512
905000,0.516,0.000,0.484
905500,0.352,0.000,0.648
906000,0.601,0.000,0.399
906500,0.368,0.000,0.632
907000,0.405,0.000,0.595
907500,0.471,0.000,0.529
908000,0.437,0.000,0.563
908500,0.477,0.000,0.523
909000,0.528,0.000,0.472
909500,0.761,0.000,0.239
910000,0.377,0.000,0.623
910500,0.338,0.000,0.662
911000,0.578,0.000,0.422
911500,0.473,0.000,0.527
912000,0.445,0.000,0.555
912500,0.472,0.000,0.528
913000,0.640,0.000,0.360
913500,0.709,0.000,0.291
914000,0.505,0.000,0.495
914500,0.496,0.000,0.504
915000,0.428,0.000,0.572
915500,0.455,0.000,0.545
916000,0.507,0.000,0.493
916500,0.358,0.000,0.642
917000,0.389,0.000,0.611
917500,0.647,0.000,0.353
918000,0.609,0.000,0.391
918500,0.354,0.000,0.646
919000,0.412,0.000,0.588
919500,0.580,0.000,0.420
920000,0.558,0.000,0.442
920500,0.456,0.000,0.544
921000,0.208,0.000,0.792
921500,0.352,0.000,0.648
922000,0.705,0.000,0.295
922500,0.591,0.000,0.409
923000,0.496,0.000,0.504
923500,0.446,0.000,0.554
924000,0.557,0.000,0.443
924500,0.522,0.000,0.478
925000,0.360,0.000,0.640
925500,0.349,0.000,0.651
926000,0.368,0.000,0.632
926500,0.445,0.000,0.555
927000,0.300,0.000,0.700
927500,0.488,0.000,0.512
928000,0.441,0.000,0.559
928500,0.597,0.000,0.403
929000,0.469,0.000,0.531
929500,0.236,0.000,0.764
930000,0.252,0.000,0.748
930500,0.432,0.000,0.568
931000,0.314,0.000,0.686
931500,0.468,0.000,0.532
932000,0.418,0.000,0.582
932500,0.480,0.000,0.520
933000,0.610,0.000,0.390
933500,0.398,0.000,0.602
934000,0.347,0.000,0.653
934500,0.580,0.000,0.420
935000,0.414,0.000,0.586
935500,0.492,0.000,0.508
936000,0.368,0.000,0.632
936500,0.405,0.000,0.595
937000,0.455,0.000,0.545
937500,0.408,0.000,0.592
938000,0.329,0.000,0.671
938500,0.361,0.000,0.639
939000,0.335,0.000,0.665
939500,0.506,0.000,0.494
940000,0.377,0.000,0.623
940500,0.436,0.000,0.564
941000,0.387,0.000,0.613
941500,0.271,0.000,0.729
942000,0.553,0.000,0.447
942500,0.288,0.000,0.712
943000,0.409,0.000,0.591
943500,0.384,0.000,0.616
944000,0.362,0.000,0.638
944500,0.377,0.000,0.623
945000,0.333,0.000,0.667
945500,0.383,0.000,0.617
946000,0.386,0.000,0.614
946500,0.562,0.000,0.438
947000,0.677,0.000,0.323
947500,0.412,0.000,0.588
948000,0.323,0.000,0.677
948500,0.420,0.000,0.580
949000,0.687,0.000,0.313
949500,0.539,0.000,0.461
950000,0.405,0.000,0.595
950500,0.436,0.000,0.564
951000,0.355,0.000,0.645
951500,0.523,0.000,0.477
952000,0.387,0.000,0.613
952500,0.439,0.000,0.561
953000,0.418,0.000,0.582
953500,0.159,0.000,0.841
954000,0.342,0.000,0.658
954500,0.559,0.000,0.441
955000,0.424,0.000,0.576
955500,0.426,0.000,0.574
956000,0.513,0.000,0.487
956500,0.481,0.000,0.519
957000,0.296,0.000,0.704
957500,0.406,0.000,0.594
958000,0.386,0.000,0.614
958500,0.494,0.000,0.506
959000,0.487,0.000,0.513
959500,0.651,0.000,0.349
960000,0.374,0.000,0.626
960500,0.384,0.000,0.616
961000,0.345,0.000,0.655
961500,0.479,0.000,0.521
962000,0.590,0.000,0.410
962500,0.584,0.000,0.416
963000,0.527,0.000,0.473
963500,0.385,0.000,0.615
964000,0.523,0.000,0.477
964500,0.496,0.000,0.504
965000,0.628,0.000,0.372
965500,0.626,0.000,0.374
966000,0.596,0.000,0.404
966500,0.272,0.000,0.728
967000,0.432,0.000,0.568
967500,0.361,0.000,0.639
968000,0.474,0.000,0.526
968500,0.360,0.000,0.640
969000,0.330,0.000,0.670
969500,0.261,0.000,0.739
970000,0.377,0.000,0.623
970500,0.384,0.000,0.616
971000,0.555,0.000,0.445
971500,0.430,0.000,0.570
972000,0.375,0.000,0.625
972500,0.495,0.000,0.505
973000,0.418,0.000,0.582
973500,0.865,0.000,0.135
974000,0.660,0.000,0.340
974500,0.477,0.000,0.523
975000,0.563,0.000,0.437
975500,0.446,0.000,0.554
976000,0.530,0.000,0.470
976500,0.632,0.000,0.368
977000,0.732,0.000,0.268
977500,0.310,0.000,0.690
978000,0.486,0.000,0.514
978500,0.497,0.000,0.503
979000,0.322,0.000,0.678
979500,0.497,0.000,0.503
980000,0.470,0.000,0.530
980500,0.280,0.000,0.720
981000,0.418,0.000,0.582
981500,0.504,0.000,0.496
982000,0.618,0.000,0.382
982500,0.472,0.000,0.528
983000,0.427,0.000,0.573
983500,0.356,0.000,0.644
984000,0.550,0.000,0.450
984500,0.457,0.000,0.543
985000,0.422,0.000,0.578
985500,0.446,0.000,0.554
986000,0.427,0.000,0.573
986500,0.487,0.000,0.513
987000,0.553,0.000,0.447
987500,0.379,0.000,0.621
988000,0.307,0.000,0.693
988500,0.572,0.000,0.428
989000,0.351,0.000,0.649
989500,0.428,0.000,0.572
990000,0.403,0.000,0.597
990500,0.224,0.000,0.776
991000,0.242,0.000,0.758
991500,0.414,0.000,0.586
992000,0.492,0.000,0.508
992500,0.297,0.000,0.703
993000,0.531,0.000,0.469
993500,0.604,0.000,0.396
994000,0.498,0.000,0.502
994500,0.272,0.000,0.728
995000,0.368,0.000,0.632
995500,0.495,0.000,0.505
996000,0.556,0.000,0.444
996500,0.601,0.000,0.399
997000,0.542,0.000,0.458
997500,0.466,0.000,0.534
998000,0.255,0.000,0.745
998500,0.533,0.000,0.467
999000,0.401,0.000,0.599
999500,0.442,0.000,0.558
1000000,0.546,0.000,0.454
