time,n_A+p,n_B,n_AB
500,0.010,0.107,0.883
1000,0.010,0.123,0.867
1500,0.335,0.001,0.664
2000,0.135,0.000,0.865
2500,0.135,0.000,0.865
3000,0.039,0.020,0.941
3500,0.149,0.000,0.851
4000,0.107,0.000,0.893
4500,0.185,0.000,0.815
5000,0.055,0.006,0.939
5500,0.091,0.000,0.909
6000,0.030,0.016,0.954
6500,0.202,0.000,0.798
7000,0.011,0.062,0.927
7500,0.015,0.060,0.925
8000,0.113,0.003,0.884
8500,0.056,0.000,0.944
9000,0.082,0.000,0.918
9500,0.154,0.000,0.846
10000,0.080,0.003,0.917
10500,0.058,0.014,0.928
11000,0.086,0.000,0.914
11500,0.129,0.000,0.871
12000,0.113,0.000,0.887
12500,0.228,0.000,0.772
13000,0.054,0.021,0.925
13500,0.167,0.000,0.833
14000,0.113,0.000,0.887
14500,0.181,0.000,0.819
15000,0.071,0.000,0.929
15500,0.150,0.000,0.850
16000,0.038,0.007,0.955
16500,0.116,0.000,0.884
17000,0.094,0.000,0.906
17500,0.122,0.000,0.878
18000,0.168,0.001,0.831
18500,0.258,0.000,0.742
19000,0.226,0.000,0.774
19500,0.046,0.000,0.954
20000,0.155,0.000,0.845
20500,0.062,0.000,0.938
21000,0.100,0.000,0.900
21500,0.135,0.000,0.865
22000,0.075,0.000,0.925
22500,0.126,0.000,0.874
23000,0.129,0.000,0.871
23500,0.100,0.000,0.900
24000,0.036,0.070,0.894
24500,0.143,0.000,0.857
25000,0.123,0.000,0.877
25500,0.144,0.001,0.855
26000,0.057,0.001,0.942
26500,0.063,0.000,0.937
27000,0.021,0.016,0.963
27500,0.134,0.000,0.866
28000,0.105,0.000,0.895
28500,0.195,0.000,0.805
29000,0.102,0.000,0.898
29500,0.212,0.000,0.788
30000,0.193,0.000,0.807
30500,0.148,0.000,0.852
31000,0.010,0.047,0.943
31500,0.100,0.000,0.900
32000,0.090,0.000,0.910
32500,0.093,0.000,0.907
33000,0.099,0.000,0.901
33500,0.089,0.005,0.906
34000,0.107,0.000,0.893
34500,0.041,0.000,0.959
35000,0.143,0.000,0.857
35500,0.181,0.000,0.819
36000,0.079,0.000,0.921
36500,0.078,0.000,0.922
37000,0.123,0.000,0.877
37500,0.155,0.000,0.845
38000,0.109,0.000,0.891
38500,0.224,0.000,0.776
39000,0.181,0.000,0.819
39500,0.108,0.000,0.892
40000,0.102,0.010,0.888
40500,0.048,0.019,0.933
41000,0.033,0.000,0.967
41500,0.159,0.000,0.841
42000,0.110,0.001,0.889
42500,0.094,0.000,0.906
43000,0.101,0.000,0.899
43500,0.146,0.000,0.854
44000,0.019,0.088,0.893
44500,0.048,0.015,0.937
45000,0.090,0.000,0.910
45500,0.094,0.000,0.906
46000,0.099,0.000,0.901
46500,0.037,0.027,0.936
47000,0.098,0.000,0.902
47500,0.013,0.020,0.967
48000,0.011,0.086,0.903
48500,0.168,0.000,0.832
49000,0.097,0.000,0.903
49500,0.096,0.000,0.904
50000,0.162,0.000,0.838
50500,0.069,0.000,0.931
51000,0.182,0.000,0.818
51500,0.132,0.000,0.868
52000,0.093,0.000,0.907
52500,0.216,0.000,0.784
53000,0.100,0.000,0.900
53500,0.049,0.048,0.903
54000,0.094,0.000,0.906
54500,0.066,0.000,0.934
55000,0.010,0.073,0.917
55500,0.098,0.000,0.902
56000,0.095,0.001,0.904
56500,0.098,0.000,0.902
57000,0.221,0.000,0.779
57500,0.131,0.000,0.869
58000,0.192,0.000,0.808
58500,0.109,0.000,0.891
59000,0.139,0.000,0.861
59500,0.010,0.030,0.960
60000,0.010,0.128,0.862
60500,0.011,0.132,0.857
61000,0.023,0.033,0.944
61500,0.068,0.000,0.932
62000,0.095,0.000,0.905
62500,0.103,0.000,0.897
63000,0.113,0.018,0.869
63500,0.010,0.058,0.932
64000,0.061,0.002,0.937
64500,0.133,0.000,0.867
65000,0.109,0.000,0.891
65500,0.120,0.000,0.880
66000,0.058,0.001,0.941
66500,0.069,0.000,0.931
67000,0.068,0.009,0.923
67500,0.112,0.000,0.888
68000,0.099,0.000,0.901
68500,0.160,0.000,0.840
69000,0.084,0.000,0.916
69500,0.080,0.000,0.920
70000,0.082,0.000,0.918
70500,0.069,0.010,0.921
71000,0.195,0.000,0.805
71500,0.082,0.002,0.916
72000,0.063,0.000,0.937
72500,0.044,0.000,0.956
73000,0.044,0.036,0.920
73500,0.027,0.053,0.920
74000,0.226,0.000,0.774
74500,0.084,0.000,0.916
75000,0.051,0.031,0.918
75500,0.132,0.004,0.864
76000,0.192,0.000,0.808
76500,0.080,0.054,0.866
77000,0.142,0.000,0.858
77500,0.050,0.000,0.950
78000,0.057,0.000,0.943
78500,0.107,0.000,0.893
79000,0.139,0.000,0.861
79500,0.100,0.000,0.900
80000,0.093,0.001,0.906
80500,0.098,0.000,0.902
81000,0.060,0.009,0.931
81500,0.178,0.000,0.822
82000,0.059,0.048,0.893
82500,0.082,0.000,0.918
83000,0.128,0.000,0.872
83500,0.118,0.000,0.882
84000,0.055,0.006,0.939
84500,0.212,0.000,0.788
85000,0.013,0.078,0.909
85500,0.026,0.029,0.945
86000,0.011,0.160,0.829
86500,0.011,0.128,0.861
87000,0.119,0.001,0.880
87500,0.062,0.015,0.923
88000,0.112,0.000,0.888
88500,0.219,0.000,0.781
89000,0.213,0.000,0.787
89500,0.269,0.000,0.731
90000,0.174,0.000,0.826
90500,0.170,0.000,0.830
91000,0.101,0.000,0.899
91500,0.113,0.000,0.887
92000,0.085,0.000,0.915
92500,0.154,0.000,0.846
93000,0.024,0.012,0.964
93500,0.058,0.000,0.942
94000,0.137,0.000,0.863
94500,0.056,0.000,0.944
95000,0.077,0.000,0.923
95500,0.054,0.000,0.946
96000,0.070,0.000,0.930
96500,0.157,0.001,0.842
97000,0.189,0.000,0.811
97500,0.178,0.000,0.822
98000,0.038,0.082,0.880
98500,0.216,0.000,0.784
99000,0.087,0.000,0.913
99500,0.201,0.000,0.799
100000,0.091,0.000,0.909
100500,0.160,0.000,0.840
101000,0.142,0.000,0.858
101500,0.174,0.000,0.826
102000,0.150,0.000,0.850
102500,0.141,0.000,0.859
103000,0.135,0.000,0.865
103500,0.092,0.018,0.890
104000,0.126,0.000,0.874
104500,0.083,0.000,0.917
105000,0.093,0.000,0.907
105500,0.154,0.000,0.846
106000,0.046,0.003,0.951
106500,0.082,0.003,0.915
107000,0.074,0.000,0.926
107500,0.092,0.000,0.908
108000,0.103,0.001,0.896
108500,0.218,0.000,0.782
109000,0.121,0.000,0.879
109500,0.080,0.018,0.902
110000,0.060,0.036,0.904
110500,0.208,0.000,0.792
111000,0.151,0.000,0.849
111500,0.175,0.000,0.825
112000,0.040,0.028,0.932
112500,0.145,0.000,0.855
113000,0.150,0.000,0.850
113500,0.108,0.000,0.892
114000,0.231,0.001,0.768
114500,0.065,0.000,0.935
115000,0.143,0.002,0.855
115500,0.093,0.000,0.907
116000,0.085,0.000,0.915
116500,0.070,0.000,0.930
117000,0.021,0.028,0.951
117500,0.010,0.102,0.888
118000,0.021,0.002,0.977
118500,0.037,0.018,0.945
119000,0.020,0.045,0.935
119500,0.195,0.000,0.805
120000,0.177,0.000,0.823
120500,0.156,0.000,0.844
121000,0.133,0.000,0.867
121500,0.141,0.000,0.859
122000,0.100,0.000,0.900
122500,0.144,0.000,0.856
123000,0.166,0.000,0.834
123500,0.152,0.002,0.846
124000,0.017,0.073,0.910
124500,0.119,0.007,0.874
125000,0.175,0.000,0.825
125500,0.096,0.000,0.904
126000,0.169,0.000,0.831
126500,0.130,0.000,0.870
127000,0.053,0.050,0.897
127500,0.112,0.000,0.888
128000,0.087,0.000,0.913
128500,0.171,0.000,0.829
129000,0.144,0.000,0.856
129500,0.096,0.000,0.904
130000,0.071,0.000,0.929
130500,0.112,0.000,0.888
131000,0.090,0.000,0.910
131500,0.186,0.000,0.814
132000,0.192,0.000,0.808
132500,0.031,0.022,0.947
133000,0.146,0.000,0.854
133500,0.099,0.000,0.901
134000,0.050,0.000,0.950
134500,0.055,0.008,0.937
135000,0.123,0.001,0.876
135500,0.085,0.009,0.906
136000,0.092,0.000,0.908
136500,0.132,0.000,0.868
137000,0.045,0.012,0.943
137500,0.097,0.000,0.903
138000,0.122,0.000,0.878
138500,0.174,0.000,0.826
139000,0.051,0.000,0.949
139500,0.130,0.000,0.870
140000,0.136,0.000,0.864
140500,0.187,0.000,0.813
141000,0.188,0.000,0.812
141500,0.171,0.000,0.829
142000,0.078,0.000,0.922
142500,0.010,0.038,0.952
143000,0.211,0.000,0.789
143500,0.090,0.000,0.910
144000,0.104,0.000,0.896
144500,0.185,0.000,0.815
145000,0.160,0.000,0.840
145500,0.105,0.000,0.895
146000,0.047,0.016,0.937
146500,0.098,0.000,0.902
147000,0.104,0.000,0.896
147500,0.145,0.000,0.855
148000,0.167,0.000,0.833
148500,0.070,0.010,0.920
149000,0.222,0.000,0.778
149500,0.010,0.037,0.953
150000,0.128,0.000,0.872
150500,0.136,0.000,0.864
151000,0.022,0.000,0.978
151500,0.131,0.000,0.869
152000,0.191,0.000,0.809
152500,0.052,0.000,0.948
153000,0.021,0.016,0.963
153500,0.010,0.084,0.906
154000,0.092,0.001,0.907
154500,0.171,0.000,0.829
155000,0.094,0.000,0.906
155500,0.084,0.000,0.916
156000,0.057,0.015,0.928
156500,0.138,0.000,0.862
157000,0.115,0.000,0.885
157500,0.137,0.000,0.863
158000,0.034,0.017,0.949
158500,0.141,0.000,0.859
159000,0.211,0.000,0.789
159500,0.075,0.000,0.925
160000,0.010,0.040,0.950
160500,0.010,0.082,0.908
161000,0.010,0.076,0.914
161500,0.043,0.017,0.940
162000,0.173,0.000,0.827
162500,0.220,0.000,0.780
163000,0.137,0.000,0.863
163500,0.133,0.000,0.867
164000,0.018,0.017,0.965
164500,0.066,0.001,0.933
165000,0.055,0.040,0.905
165500,0.068,0.021,0.911
166000,0.111,0.013,0.876
166500,0.115,0.000,0.885
167000,0.051,0.000,0.949
167500,0.011,0.085,0.904
168000,0.121,0.000,0.879
168500,0.152,0.000,0.848
169000,0.077,0.016,0.907
169500,0.081,0.000,0.919
170000,0.244,0.000,0.756
170500,0.166,0.000,0.834
171000,0.185,0.000,0.815
171500,0.066,0.000,0.934
172000,0.141,0.000,0.859
172500,0.032,0.000,0.968
173000,0.046,0.059,0.895
173500,0.164,0.000,0.836
174000,0.078,0.000,0.922
174500,0.119,0.013,0.868
175000,0.152,0.000,0.848
175500,0.021,0.013,0.966
176000,0.107,0.000,0.893
176500,0.011,0.108,0.881
177000,0.111,0.000,0.889
177500,0.176,0.000,0.824
178000,0.218,0.000,0.782
178500,0.163,0.000,0.837
179000,0.113,0.000,0.887
179500,0.173,0.000,0.827
180000,0.104,0.000,0.896
180500,0.193,0.000,0.807
181000,0.090,0.000,0.910
181500,0.140,0.000,0.860
182000,0.133,0.001,0.866
182500,0.123,0.002,0.875
183000,0.078,0.000,0.922
183500,0.107,0.000,0.893
184000,0.080,0.000,0.920
184500,0.116,0.000,0.884
185000,0.010,0.089,0.901
185500,0.016,0.122,0.862
186000,0.010,0.059,0.931
186500,0.053,0.060,0.887
187000,0.056,0.000,0.944
187500,0.150,0.000,0.850
188000,0.169,0.000,0.831
188500,0.097,0.000,0.903
189000,0.090,0.000,0.910
189500,0.130,0.000,0.870
190000,0.145,0.000,0.855
190500,0.128,0.000,0.872
191000,0.076,0.027,0.897
191500,0.060,0.000,0.940
192000,0.163,0.000,0.837
192500,0.076,0.000,0.924
193000,0.038,0.033,0.929
193500,0.119,0.000,0.881
194000,0.191,0.000,0.809
194500,0.157,0.000,0.843
195000,0.080,0.000,0.920
195500,0.160,0.000,0.840
196000,0.176,0.000,0.824
196500,0.270,0.000,0.730
197000,0.056,0.036,0.908
197500,0.050,0.005,0.945
198000,0.101,0.000,0.899
198500,0.054,0.024,0.922
199000,0.124,0.001,0.875
199500,0.200,0.000,0.800
200000,0.199,0.000,0.801
200500,0.071,0.000,0.929
201000,0.146,0.000,0.854
201500,0.136,0.000,0.864
202000,0.026,0.022,0.952
202500,0.169,0.001,0.830
203000,0.116,0.000,0.884
203500,0.269,0.000,0.731
204000,0.083,0.000,0.917
204500,0.157,0.000,0.843
205000,0.063,0.000,0.937
205500,0.010,0.125,0.865
206000,0.128,0.000,0.872
206500,0.146,0.000,0.854
207000,0.076,0.000,0.924
207500,0.149,0.000,0.851
208000,0.154,0.000,0.846
208500,0.101,0.001,0.898
209000,0.172,0.000,0.828
209500,0.118,0.002,0.880
210000,0.185,0.000,0.815
210500,0.117,0.000,0.883
211000,0.123,0.000,0.877
211500,0.118,0.000,0.882
212000,0.092,0.003,0.905
212500,0.040,0.011,0.949
213000,0.093,0.000,0.907
213500,0.103,0.000,0.897
214000,0.131,0.000,0.869
214500,0.087,0.000,0.913
215000,0.050,0.006,0.944
215500,0.010,0.058,0.932
216000,0.206,0.000,0.794
216500,0.184,0.000,0.816
217000,0.264,0.000,0.736
217500,0.044,0.036,0.920
218000,0.132,0.000,0.868
218500,0.126,0.000,0.874
219000,0.169,0.000,0.831
219500,0.011,0.022,0.967
220000,0.010,0.130,0.860
220500,0.010,0.070,0.920
221000,0.010,0.124,0.866
221500,0.050,0.015,0.935
222000,0.038,0.084,0.878
222500,0.141,0.000,0.859
223000,0.148,0.000,0.852
223500,0.014,0.041,0.945
224000,0.057,0.000,0.943
224500,0.125,0.000,0.875
225000,0.057,0.005,0.938
225500,0.093,0.002,0.905
226000,0.162,0.000,0.838
226500,0.084,0.000,0.916
227000,0.070,0.000,0.930
227500,0.111,0.000,0.889
228000,0.147,0.000,0.853
228500,0.088,0.000,0.912
229000,0.162,0.000,0.838
229500,0.095,0.000,0.905
230000,0.126,0.000,0.874
230500,0.171,0.000,0.829
231000,0.171,0.000,0.829
231500,0.045,0.060,0.895
232000,0.105,0.000,0.895
232500,0.026,0.033,0.941
233000,0.208,0.000,0.792
233500,0.050,0.001,0.949
234000,0.177,0.000,0.823
234500,0.044,0.000,0.956
235000,0.118,0.000,0.882
235500,0.156,0.001,0.843
236000,0.059,0.000,0.941
236500,0.127,0.000,0.873
237000,0.183,0.000,0.817
237500,0.036,0.006,0.958
238000,0.112,0.002,0.886
238500,0.186,0.000,0.814
239000,0.078,0.000,0.922
239500,0.053,0.000,0.947
240000,0.022,0.020,0.958
240500,0.013,0.011,0.976
241000,0.045,0.003,0.952
241500,0.079,0.000,0.921
242000,0.149,0.000,0.851
242500,0.091,0.016,0.893
243000,0.010,0.120,0.870
243500,0.059,0.023,0.918
244000,0.195,0.000,0.805
244500,0.211,0.000,0.789
245000,0.112,0.000,0.888
245500,0.159,0.000,0.841
246000,0.167,0.000,0.833
246500,0.110,0.000,0.890
247000,0.141,0.000,0.859
247500,0.092,0.010,0.898
248000,0.225,0.000,0.775
248500,0.246,0.000,0.754
249000,0.149,0.000,0.851
249500,0.183,0.000,0.817
250000,0.143,0.000,0.857
250500,0.105,0.000,0.895
251000,0.031,0.063,0.906
251500,0.062,0.003,0.935
252000,0.010,0.044,0.946
252500,0.010,0.105,0.885
253000,0.179,0.001,0.820
253500,0.122,0.000,0.878
254000,0.177,0.000,0.823
254500,0.128,0.000,0.872
255000,0.127,0.000,0.873
255500,0.116,0.001,0.883
256000,0.093,0.001,0.906
256500,0.091,0.000,0.909
257000,0.013,0.122,0.865
257500,0.077,0.001,0.922
258000,0.065,0.022,0.913
258500,0.154,0.000,0.846
259000,0.121,0.005,0.874
259500,0.046,0.048,0.906
260000,0.171,0.000,0.829
260500,0.121,0.000,0.879
261000,0.151,0.000,0.849
261500,0.100,0.000,0.900
262000,0.139,0.000,0.861
262500,0.035,0.017,0.948
263000,0.160,0.000,0.840
263500,0.268,0.001,0.731
264000,0.123,0.000,0.877
264500,0.105,0.000,0.895
265000,0.183,0.000,0.817
265500,0.121,0.000,0.879
266000,0.068,0.034,0.898
266500,0.018,0.087,0.895
267000,0.223,0.000,0.777
267500,0.105,0.020,0.875
268000,0.209,0.000,0.791
268500,0.162,0.000,0.838
269000,0.169,0.000,0.831
269500,0.034,0.020,0.946
270000,0.084,0.000,0.916
270500,0.147,0.000,0.853
271000,0.069,0.000,0.931
271500,0.182,0.000,0.818
272000,0.191,0.000,0.809
272500,0.229,0.000,0.771
273000,0.219,0.000,0.781
273500,0.028,0.031,0.941
274000,0.090,0.000,0.910
274500,0.028,0.012,0.960
275000,0.046,0.033,0.921
275500,0.120,0.006,0.874
276000,0.138,0.000,0.862
276500,0.035,0.013,0.952
277000,0.088,0.002,0.910
277500,0.150,0.000,0.850
278000,0.107,0.000,0.893
278500,0.157,0.000,0.843
279000,0.074,0.000,0.926
279500,0.196,0.000,0.804
280000,0.209,0.000,0.791
280500,0.189,0.000,0.811
281000,0.095,0.000,0.905
281500,0.012,0.080,0.908
282000,0.093,0.000,0.907
282500,0.153,0.000,0.847
283000,0.200,0.000,0.800
283500,0.109,0.000,0.891
284000,0.090,0.000,0.910
284500,0.104,0.000,0.896
285000,0.099,0.003,0.898
285500,0.027,0.023,0.950
286000,0.010,0.155,0.835
286500,0.070,0.030,0.900
287000,0.064,0.003,0.933
287500,0.184,0.000,0.816
288000,0.105,0.000,0.895
288500,0.033,0.000,0.967
289000,0.088,0.000,0.912
289500,0.108,0.000,0.892
290000,0.060,0.000,0.940
290500,0.015,0.043,0.942
291000,0.124,0.000,0.876
291500,0.222,0.000,0.778
292000,0.091,0.000,0.909
292500,0.221,0.000,0.779
293000,0.110,0.000,0.890
293500,0.093,0.000,0.907
294000,0.050,0.004,0.946
294500,0.102,0.000,0.898
295000,0.090,0.023,0.887
295500,0.103,0.000,0.897
296000,0.127,0.000,0.873
296500,0.067,0.000,0.933
297000,0.057,0.000,0.943
297500,0.065,0.000,0.935
298000,0.094,0.000,0.906
298500,0.215,0.000,0.785
299000,0.132,0.000,0.868
299500,0.060,0.001,0.939
300000,0.010,0.050,0.940
300500,0.127,0.000,0.873
301000,0.065,0.001,0.934
301500,0.010,0.075,0.915
302000,0.050,0.000,0.950
302500,0.089,0.000,0.911
303000,0.176,0.000,0.824
303500,0.160,0.000,0.840
304000,0.064,0.000,0.936
304500,0.084,0.000,0.916
305000,0.010,0.041,0.949
305500,0.073,0.003,0.924
306000,0.051,0.000,0.949
306500,0.065,0.033,0.902
307000,0.137,0.000,0.863
307500,0.013,0.025,0.962
308000,0.161,0.000,0.839
308500,0.101,0.000,0.899
309000,0.174,0.000,0.826
309500,0.057,0.024,0.919
310000,0.144,0.000,0.856
310500,0.021,0.031,0.948
311000,0.010,0.113,0.877
311500,0.041,0.005,0.954
312000,0.170,0.000,0.830
312500,0.100,0.000,0.900
313000,0.203,0.000,0.797
313500,0.109,0.000,0.891
314000,0.155,0.000,0.845
314500,0.023,0.051,0.926
315000,0.133,0.000,0.867
315500,0.066,0.013,0.921
316000,0.185,0.000,0.815
316500,0.115,0.000,0.885
317000,0.140,0.000,0.860
317500,0.204,0.000,0.796
318000,0.116,0.000,0.884
318500,0.041,0.000,0.959
319000,0.202,0.000,0.798
319500,0.120,0.006,0.874
320000,0.178,0.000,0.822
320500,0.316,0.000,0.684
321000,0.032,0.033,0.935
321500,0.066,0.006,0.928
322000,0.018,0.083,0.899
322500,0.108,0.001,0.891
323000,0.073,0.000,0.927
323500,0.123,0.000,0.877
324000,0.102,0.000,0.898
324500,0.204,0.001,0.795
325000,0.086,0.000,0.914
325500,0.140,0.000,0.860
326000,0.120,0.000,0.880
326500,0.152,0.000,0.848
327000,0.117,0.000,0.883
327500,0.103,0.000,0.897
328000,0.108,0.000,0.892
328500,0.160,0.000,0.840
329000,0.131,0.000,0.869
329500,0.010,0.122,0.868
330000,0.041,0.022,0.937
330500,0.043,0.013,0.944
331000,0.176,0.000,0.824
331500,0.120,0.000,0.880
332000,0.110,0.000,0.890
332500,0.011,0.085,0.904
333000,0.137,0.000,0.863
333500,0.136,0.000,0.864
334000,0.051,0.000,0.949
334500,0.216,0.000,0.784
335000,0.140,0.000,0.860
335500,0.124,0.000,0.876
336000,0.013,0.115,0.872
336500,0.164,0.000,0.836
337000,0.121,0.000,0.879
337500,0.145,0.004,0.851
338000,0.075,0.000,0.925
338500,0.189,0.000,0.811
339000,0.071,0.003,0.926
339500,0.054,0.000,0.946
340000,0.062,0.000,0.938
340500,0.163,0.000,0.837
341000,0.085,0.000,0.915
341500,0.041,0.014,0.945
342000,0.198,0.000,0.802
342500,0.077,0.000,0.923
343000,0.143,0.000,0.857
343500,0.217,0.000,0.783
344000,0.121,0.000,0.879
344500,0.148,0.000,0.852
345000,0.121,0.000,0.879
345500,0.135,0.000,0.865
346000,0.073,0.021,0.906
346500,0.014,0.060,0.926
347000,0.235,0.000,0.765
347500,0.115,0.000,0.885
348000,0.100,0.000,0.900
348500,0.128,0.000,0.872
349000,0.070,0.000,0.930
349500,0.075,0.000,0.925
350000,0.124,0.000,0.876
350500,0.311,0.000,0.689
351000,0.096,0.000,0.904
351500,0.095,0.000,0.905
352000,0.212,0.000,0.788
352500,0.143,0.001,0.856
353000,0.081,0.020,0.899
353500,0.116,0.000,0.884
354000,0.118,0.000,0.882
354500,0.072,0.000,0.928
355000,0.010,0.037,0.953
355500,0.010,0.109,0.881
356000,0.080,0.000,0.920
356500,0.162,0.000,0.838
357000,0.123,0.000,0.877
357500,0.141,0.000,0.859
358000,0.077,0.003,0.920
358500,0.167,0.000,0.833
359000,0.173,0.000,0.827
359500,0.012,0.107,0.881
360000,0.158,0.000,0.842
360500,0.189,0.000,0.811
361000,0.059,0.000,0.941
361500,0.079,0.000,0.921
362000,0.260,0.000,0.740
362500,0.094,0.000,0.906
363000,0.108,0.001,0.891
363500,0.079,0.000,0.921
364000,0.010,0.035,0.955
364500,0.234,0.000,0.766
365000,0.073,0.000,0.927
365500,0.248,0.000,0.752
366000,0.114,0.000,0.886
366500,0.281,0.000,0.719
367000,0.112,0.000,0.888
367500,0.122,0.000,0.878
368000,0.122,0.000,0.878
368500,0.160,0.000,0.840
369000,0.155,0.000,0.845
369500,0.012,0.038,0.950
370000,0.148,0.001,0.851
370500,0.093,0.005,0.902
371000,0.081,0.031,0.888
371500,0.085,0.000,0.915
372000,0.114,0.006,0.880
372500,0.150,0.000,0.850
373000,0.158,0.000,0.842
373500,0.091,0.000,0.909
374000,0.035,0.008,0.957
374500,0.032,0.017,0.951
375000,0.052,0.001,0.947
375500,0.100,0.000,0.900
376000,0.150,0.000,0.850
376500,0.049,0.037,0.914
377000,0.075,0.000,0.925
377500,0.010,0.065,0.925
378000,0.126,0.000,0.874
378500,0.230,0.000,0.770
379000,0.113,0.000,0.887
379500,0.079,0.000,0.921
380000,0.072,0.000,0.928
380500,0.184,0.000,0.816
381000,0.136,0.000,0.864
381500,0.049,0.000,0.951
382000,0.064,0.023,0.913
382500,0.083,0.000,0.917
383000,0.028,0.041,0.931
383500,0.010,0.170,0.820
384000,0.010,0.044,0.946
384500,0.089,0.000,0.911
385000,0.089,0.000,0.911
385500,0.044,0.000,0.956
386000,0.143,0.000,0.857
386500,0.081,0.000,0.919
387000,0.100,0.000,0.900
387500,0.189,0.000,0.811
388000,0.016,0.029,0.955
388500,0.081,0.000,0.919
389000,0.065,0.000,0.935
389500,0.191,0.000,0.809
390000,0.107,0.000,0.893
390500,0.182,0.000,0.818
391000,0.051,0.008,0.941
391500,0.121,0.000,0.879
392000,0.114,0.000,0.886
392500,0.081,0.001,0.918
393000,0.232,0.000,0.768
393500,0.088,0.000,0.912
394000,0.043,0.037,0.920
394500,0.176,0.000,0.824
395000,0.262,0.000,0.738
395500,0.017,0.089,0.894
396000,0.123,0.000,0.877
396500,0.126,0.000,0.874
397000,0.240,0.000,0.760
397500,0.037,0.000,0.963
398000,0.129,0.000,0.871
398500,0.063,0.000,0.937
399000,0.119,0.000,0.881
399500,0.086,0.000,0.914
400000,0.089,0.001,0.910
400500,0.177,0.000,0.823
401000,0.110,0.000,0.890
401500,0.259,0.000,0.741
402000,0.146,0.000,0.854
402500,0.066,0.054,0.880
403000,0.051,0.032,0.917
403500,0.112,0.000,0.888
404000,0.097,0.000,0.903
404500,0.097,0.000,0.903
405000,0.110,0.000,0.890
405500,0.062,0.000,0.938
406000,0.135,0.000,0.865
406500,0.178,0.000,0.822
407000,0.136,0.000,0.864
407500,0.138,0.000,0.862
408000,0.098,0.000,0.902
408500,0.076,0.000,0.924
409000,0.225,0.000,0.775
409500,0.045,0.029,0.926
410000,0.092,0.000,0.908
410500,0.161,0.000,0.839
411000,0.152,0.000,0.848
411500,0.121,0.000,0.879
412000,0.097,0.000,0.903
412500,0.141,0.001,0.858
413000,0.110,0.000,0.890
413500,0.085,0.000,0.915
414000,0.126,0.000,0.874
414500,0.034,0.034,0.932
415000,0.053,0.031,0.916
415500,0.160,0.000,0.840
416000,0.165,0.000,0.835
416500,0.124,0.000,0.876
417000,0.031,0.052,0.917
417500,0.010,0.010,0.980
418000,0.022,0.023,0.955
418500,0.192,0.000,0.808
419000,0.142,0.000,0.858
419500,0.159,0.000,0.841
420000,0.020,0.015,0.965
420500,0.148,0.000,0.852
421000,0.075,0.001,0.924
421500,0.138,0.000,0.862
422000,0.138,0.000,0.862
422500,0.036,0.014,0.950
423000,0.098,0.000,0.902
423500,0.084,0.009,0.907
424000,0.072,0.000,0.928
424500,0.018,0.040,0.942
425000,0.026,0.061,0.913
425500,0.099,0.000,0.901
426000,0.039,0.000,0.961
426500,0.135,0.000,0.865
427000,0.238,0.000,0.762
427500,0.095,0.000,0.905
428000,0.159,0.000,0.841
428500,0.091,0.000,0.909
429000,0.127,0.000,0.873
429500,0.021,0.080,0.899
430000,0.085,0.000,0.915
430500,0.131,0.000,0.869
431000,0.134,0.000,0.866
431500,0.065,0.000,0.935
432000,0.078,0.016,0.906
432500,0.135,0.000,0.865
433000,0.149,0.000,0.851
433500,0.014,0.030,0.956
434000,0.094,0.003,0.903
434500,0.091,0.000,0.909
435000,0.207,0.000,0.793
435500,0.144,0.000,0.856
436000,0.121,0.000,0.879
436500,0.155,0.000,0.845
437000,0.099,0.000,0.901
437500,0.097,0.000,0.903
438000,0.121,0.000,0.879
438500,0.077,0.000,0.923
439000,0.091,0.007,0.902
439500,0.023,0.037,0.940
440000,0.055,0.007,0.938
440500,0.070,0.000,0.930
441000,0.216,0.000,0.784
441500,0.163,0.000,0.837
442000,0.143,0.009,0.848
442500,0.173,0.000,0.827
443000,0.017,0.046,0.937
443500,0.089,0.003,0.908
444000,0.205,0.000,0.795
444500,0.245,0.000,0.755
445000,0.113,0.000,0.887
445500,0.162,0.000,0.838
446000,0.163,0.000,0.837
446500,0.110,0.000,0.890
447000,0.143,0.005,0.852
447500,0.192,0.000,0.808
448000,0.119,0.000,0.881
448500,0.018,0.023,0.959
449000,0.092,0.000,0.908
449500,0.055,0.000,0.945
450000,0.078,0.000,0.922
450500,0.043,0.059,0.898
451000,0.019,0.042,0.939
451500,0.102,0.001,0.897
452000,0.098,0.000,0.902
452500,0.089,0.000,0.911
453000,0.010,0.168,0.822
453500,0.196,0.000,0.804
454000,0.102,0.000,0.898
454500,0.189,0.001,0.810
455000,0.045,0.000,0.955
455500,0.127,0.000,0.873
456000,0.070,0.000,0.930
456500,0.078,0.000,0.922
457000,0.308,0.000,0.692
457500,0.056,0.005,0.939
458000,0.044,0.000,0.956
458500,0.153,0.000,0.847
459000,0.221,0.000,0.779
459500,0.167,0.000,0.833
460000,0.066,0.001,0.933
460500,0.168,0.000,0.832
461000,0.133,0.000,0.867
461500,0.175,0.000,0.825
462000,0.164,0.000,0.836
462500,0.010,0.048,0.942
463000,0.010,0.109,0.881
463500,0.052,0.045,0.903
464000,0.222,0.000,0.778
464500,0.068,0.000,0.932
465000,0.372,0.000,0.628
465500,0.189,0.000,0.811
466000,0.117,0.000,0.883
466500,0.102,0.000,0.898
467000,0.238,0.000,0.762
467500,0.132,0.000,0.868
468000,0.193,0.000,0.807
468500,0.042,0.024,0.934
469000,0.052,0.061,0.887
469500,0.097,0.004,0.899
470000,0.098,0.000,0.902
470500,0.087,0.000,0.913
471000,0.072,0.000,0.928
471500,0.124,0.000,0.876
472000,0.032,0.000,0.968
472500,0.137,0.000,0.863
473000,0.115,0.000,0.885
473500,0.014,0.018,0.968
474000,0.208,0.000,0.792
474500,0.133,0.000,0.867
475000,0.148,0.000,0.852
475500,0.119,0.000,0.881
476000,0.014,0.096,0.890
476500,0.148,0.000,0.852
477000,0.061,0.000,0.939
477500,0.049,0.000,0.951
478000,0.055,0.000,0.945
478500,0.107,0.018,0.875
479000,0.151,0.000,0.849
479500,0.209,0.000,0.791
480000,0.253,0.000,0.747
480500,0.067,0.000,0.933
481000,0.013,0.075,0.912
481500,0.010,0.045,0.945
482000,0.161,0.000,0.839
482500,0.130,0.000,0.870
483000,0.246,0.000,0.754
483500,0.109,0.000,0.891
484000,0.019,0.003,0.978
484500,0.132,0.000,0.868
485000,0.166,0.000,0.834
485500,0.199,0.000,0.801
486000,0.064,0.000,0.936
486500,0.043,0.004,0.953
487000,0.019,0.029,0.952
487500,0.049,0.036,0.915
488000,0.064,0.000,0.936
488500,0.185,0.000,0.815
489000,0.091,0.000,0.909
489500,0.180,0.000,0.820
490000,0.185,0.000,0.815
490500,0.061,0.000,0.939
491000,0.093,0.000,0.907
491500,0.166,0.000,0.834
492000,0.210,0.000,0.790
492500,0.112,0.000,0.888
493000,0.075,0.000,0.925
493500,0.211,0.000,0.789
494000,0.105,0.001,0.894
494500,0.088,0.005,0.907
495000,0.045,0.019,0.936
495500,0.158,0.000,0.842
496000,0.108,0.000,0.892
496500,0.147,0.000,0.853
497000,0.074,0.000,0.926
497500,0.121,0.000,0.879
498000,0.157,0.000,0.843
498500,0.216,0.000,0.784
499000,0.032,0.019,0.949
499500,0.035,0.000,0.965
500000,0.065,0.040,0.895
500500,0.090,0.000,0.910
501000,0.116,0.000,0.884
501500,0.197,0.000,0.803
502000,0.011,0.019,0.970
502500,0.103,0.000,0.897
503000,0.220,0.000,0.780
503500,0.124,0.000,0.876
504000,0.207,0.000,0.793
504500,0.037,0.018,0.945
505000,0.010,0.156,0.834
505500,0.010,0.086,0.904
506000,0.165,0.000,0.835
506500,0.178,0.000,0.822
507000,0.054,0.031,0.915
507500,0.022,0.005,0.973
508000,0.013,0.016,0.971
508500,0.078,0.000,0.922
509000,0.185,0.000,0.815
509500,0.075,0.000,0.925
510000,0.258,0.000,0.742
510500,0.096,0.000,0.904
511000,0.067,0.005,0.928
511500,0.018,0.052,0.930
512000,0.236,0.000,0.764
512500,0.047,0.000,0.953
513000,0.043,0.030,0.927
513500,0.130,0.000,0.870
514000,0.144,0.000,0.856
514500,0.013,0.072,0.915
515000,0.087,0.000,0.913
515500,0.104,0.000,0.896
516000,0.078,0.000,0.922
516500,0.074,0.023,0.903
517000,0.081,0.000,0.919
517500,0.099,0.000,0.901
518000,0.213,0.000,0.787
518500,0.047,0.041,0.912
519000,0.199,0.000,0.801
519500,0.063,0.000,0.937
520000,0.105,0.000,0.895
520500,0.124,0.000,0.876
521000,0.118,0.000,0.882
521500,0.121,0.000,0.879
522000,0.211,0.000,0.789
522500,0.083,0.000,0.917
523000,0.167,0.000,0.833
523500,0.180,0.000,0.820
524000,0.011,0.048,0.941
524500,0.086,0.005,0.909
525000,0.089,0.000,0.911
525500,0.115,0.000,0.885
526000,0.020,0.007,0.973
526500,0.030,0.017,0.953
527000,0.103,0.000,0.897
527500,0.144,0.000,0.856
528000,0.108,0.000,0.892
528500,0.061,0.000,0.939
529000,0.137,0.000,0.863
529500,0.228,0.000,0.772
530000,0.049,0.027,0.924
530500,0.089,0.000,0.911
531000,0.164,0.000,0.836
531500,0.155,0.000,0.845
532000,0.102,0.006,0.892
532500,0.119,0.000,0.881
533000,0.145,0.000,0.855
533500,0.090,0.013,0.897
534000,0.111,0.007,0.882
534500,0.125,0.000,0.875
535000,0.189,0.000,0.811
535500,0.049,0.020,0.931
536000,0.185,0.000,0.815
536500,0.163,0.000,0.837
537000,0.098,0.000,0.902
537500,0.128,0.000,0.872
538000,0.186,0.000,0.814
538500,0.174,0.000,0.826
539000,0.077,0.000,0.923
539500,0.120,0.003,0.877
540000,0.013,0.012,0.975
540500,0.035,0.006,0.959
541000,0.092,0.000,0.908
541500,0.187,0.000,0.813
542000,0.010,0.072,0.918
542500,0.188,0.000,0.812
543000,0.026,0.012,0.962
543500,0.190,0.000,0.810
544000,0.228,0.000,0.772
544500,0.107,0.002,0.891
545000,0.167,0.000,0.833
545500,0.014,0.063,0.923
546000,0.224,0.000,0.776
546500,0.020,0.090,0.890
547000,0.010,0.113,0.877
547500,0.010,0.056,0.934
548000,0.060,0.006,0.934
548500,0.230,0.000,0.770
549000,0.133,0.000,0.867
549500,0.179,0.000,0.821
550000,0.172,0.000,0.828
550500,0.116,0.000,0.884
551000,0.140,0.000,0.860
551500,0.145,0.000,0.855
552000,0.155,0.000,0.845
552500,0.213,0.000,0.787
553000,0.058,0.001,0.941
553500,0.146,0.000,0.854
554000,0.087,0.015,0.898
554500,0.126,0.000,0.874
555000,0.112,0.000,0.888
555500,0.083,0.001,0.916
556000,0.030,0.119,0.851
556500,0.038,0.000,0.962
557000,0.056,0.000,0.944
557500,0.133,0.000,0.867
558000,0.094,0.000,0.906
558500,0.067,0.000,0.933
559000,0.033,0.011,0.956
559500,0.120,0.000,0.880
560000,0.068,0.000,0.932
560500,0.069,0.000,0.931
561000,0.146,0.000,0.854
561500,0.048,0.000,0.952
562000,0.099,0.000,0.901
562500,0.227,0.000,0.773
563000,0.114,0.000,0.886
563500,0.151,0.000,0.849
564000,0.078,0.010,0.912
564500,0.031,0.046,0.923
565000,0.116,0.000,0.884
565500,0.151,0.000,0.849
566000,0.070,0.001,0.929
566500,0.119,0.000,0.881
567000,0.100,0.000,0.900
567500,0.110,0.000,0.890
568000,0.075,0.000,0.925
568500,0.069,0.001,0.930
569000,0.059,0.000,0.941
569500,0.156,0.000,0.844
570000,0.110,0.000,0.890
570500,0.010,0.068,0.922
571000,0.010,0.058,0.932
571500,0.215,0.000,0.785
572000,0.108,0.000,0.892
572500,0.047,0.022,0.931
573000,0.010,0.053,0.937
573500,0.040,0.016,0.944
574000,0.011,0.113,0.876
574500,0.310,0.000,0.690
575000,0.208,0.000,0.792
575500,0.053,0.000,0.947
576000,0.151,0.000,0.849
576500,0.127,0.000,0.873
577000,0.079,0.000,0.921
577500,0.059,0.000,0.941
578000,0.182,0.000,0.818
578500,0.110,0.000,0.890
579000,0.119,0.000,0.881
579500,0.227,0.000,0.773
580000,0.026,0.042,0.932
580500,0.134,0.000,0.866
581000,0.197,0.000,0.803
581500,0.167,0.000,0.833
582000,0.132,0.000,0.868
582500,0.172,0.000,0.828
583000,0.141,0.000,0.859
583500,0.113,0.000,0.887
584000,0.133,0.000,0.867
584500,0.183,0.000,0.817
585000,0.117,0.000,0.883
585500,0.144,0.000,0.856
586000,0.034,0.030,0.936
586500,0.010,0.063,0.927
587000,0.024,0.010,0.966
587500,0.078,0.013,0.909
588000,0.080,0.014,0.906
588500,0.089,0.000,0.911
589000,0.178,0.000,0.822
589500,0.183,0.000,0.817
590000,0.104,0.000,0.896
590500,0.114,0.002,0.884
591000,0.010,0.083,0.907
591500,0.011,0.092,0.897
592000,0.129,0.001,0.870
592500,0.104,0.000,0.896
593000,0.037,0.021,0.942
593500,0.010,0.081,0.909
594000,0.099,0.001,0.900
594500,0.143,0.000,0.857
595000,0.129,0.000,0.871
595500,0.148,0.000,0.852
596000,0.021,0.045,0.934
596500,0.041,0.008,0.951
597000,0.077,0.005,0.918
597500,0.158,0.000,0.842
598000,0.135,0.000,0.865
598500,0.092,0.000,0.908
599000,0.093,0.018,0.889
599500,0.038,0.001,0.961
600000,0.114,0.003,0.883
600500,0.140,0.000,0.860
601000,0.016,0.010,0.974
601500,0.079,0.000,0.921
602000,0.110,0.001,0.889
602500,0.155,0.000,0.845
603000,0.128,0.000,0.872
603500,0.168,0.000,0.832
604000,0.133,0.001,0.866
604500,0.178,0.000,0.822
605000,0.149,0.000,0.851
605500,0.026,0.023,0.951
606000,0.011,0.054,0.935
606500,0.063,0.008,0.929
607000,0.138,0.000,0.862
607500,0.121,0.000,0.879
608000,0.115,0.000,0.885
608500,0.050,0.027,0.923
609000,0.125,0.000,0.875
609500,0.139,0.000,0.861
610000,0.129,0.000,0.871
610500,0.063,0.038,0.899
611000,0.073,0.018,0.909
611500,0.207,0.000,0.793
612000,0.214,0.000,0.786
612500,0.200,0.000,0.800
613000,0.169,0.000,0.831
613500,0.150,0.000,0.850
614000,0.012,0.085,0.903
614500,0.030,0.049,0.921
615000,0.097,0.000,0.903
615500,0.174,0.000,0.826
616000,0.112,0.000,0.888
616500,0.193,0.000,0.807
617000,0.260,0.000,0.740
617500,0.055,0.037,0.908
618000,0.153,0.000,0.847
618500,0.076,0.000,0.924
619000,0.053,0.002,0.945
619500,0.143,0.000,0.857
620000,0.101,0.000,0.899
620500,0.103,0.000,0.897
621000,0.121,0.000,0.879
621500,0.261,0.000,0.739
622000,0.140,0.001,0.859
622500,0.105,0.000,0.895
623000,0.062,0.000,0.938
623500,0.076,0.000,0.924
624000,0.191,0.000,0.809
624500,0.109,0.000,0.891
625000,0.115,0.018,0.867
625500,0.218,0.000,0.782
626000,0.199,0.000,0.801
626500,0.143,0.000,0.857
627000,0.215,0.000,0.785
627500,0.014,0.038,0.948
628000,0.131,0.000,0.869
628500,0.266,0.000,0.734
629000,0.092,0.000,0.908
629500,0.058,0.011,0.931
630000,0.010,0.028,0.962
630500,0.010,0.059,0.931
631000,0.010,0.134,0.856
631500,0.167,0.000,0.833
632000,0.092,0.000,0.908
632500,0.130,0.000,0.870
633000,0.206,0.000,0.794
633500,0.254,0.000,0.746
634000,0.062,0.000,0.938
634500,0.169,0.000,0.831
635000,0.103,0.000,0.897
635500,0.094,0.000,0.906
636000,0.265,0.000,0.735
636500,0.188,0.000,0.812
637000,0.107,0.000,0.893
637500,0.089,0.001,0.910
638000,0.171,0.000,0.829
638500,0.032,0.039,0.929
639000,0.119,0.000,0.881
639500,0.089,0.000,0.911
640000,0.193,0.000,0.807
640500,0.147,0.000,0.853
641000,0.205,0.000,0.795
641500,0.040,0.019,0.941
642000,0.014,0.088,0.898
642500,0.085,0.006,0.909
643000,0.060,0.000,0.940
643500,0.027,0.016,0.957
644000,0.041,0.057,0.902
644500,0.010,0.081,0.909
645000,0.205,0.000,0.795
645500,0.093,0.000,0.907
646000,0.010,0.054,0.936
646500,0.113,0.000,0.887
647000,0.136,0.000,0.864
647500,0.124,0.000,0.876
648000,0.167,0.000,0.833
648500,0.057,0.000,0.943
649000,0.087,0.000,0.913
649500,0.106,0.001,0.893
650000,0.165,0.000,0.835
650500,0.093,0.000,0.907
651000,0.116,0.000,0.884
651500,0.039,0.017,0.944
652000,0.086,0.000,0.914
652500,0.010,0.061,0.929
653000,0.048,0.038,0.914
653500,0.069,0.000,0.931
654000,0.050,0.000,0.950
654500,0.010,0.107,0.883
655000,0.116,0.000,0.884
655500,0.244,0.000,0.756
656000,0.138,0.000,0.862
656500,0.069,0.000,0.931
657000,0.016,0.066,0.918
657500,0.088,0.000,0.912
658000,0.167,0.000,0.833
658500,0.135,0.000,0.865
659000,0.149,0.000,0.851
659500,0.124,0.000,0.876
660000,0.088,0.000,0.912
660500,0.084,0.000,0.916
661000,0.149,0.000,0.851
661500,0.175,0.000,0.825
662000,0.104,0.000,0.896
662500,0.010,0.034,0.956
663000,0.010,0.049,0.941
663500,0.011,0.009,0.980
664000,0.162,0.001,0.837
664500,0.117,0.001,0.882
665000,0.110,0.000,0.890
665500,0.103,0.000,0.897
666000,0.015,0.093,0.892
666500,0.095,0.000,0.905
667000,0.030,0.019,0.951
667500,0.106,0.000,0.894
668000,0.107,0.000,0.893
668500,0.092,0.000,0.908
669000,0.059,0.000,0.941
669500,0.186,0.000,0.814
670000,0.154,0.000,0.846
670500,0.217,0.000,0.783
671000,0.046,0.019,0.935
671500,0.228,0.000,0.772
672000,0.238,0.000,0.762
672500,0.147,0.000,0.853
673000,0.030,0.046,0.924
673500,0.223,0.000,0.777
674000,0.145,0.000,0.855
674500,0.047,0.027,0.926
675000,0.229,0.000,0.771
675500,0.173,0.000,0.827
676000,0.115,0.000,0.885
676500,0.067,0.000,0.933
677000,0.107,0.000,0.893
677500,0.121,0.000,0.879
678000,0.278,0.000,0.722
678500,0.069,0.000,0.931
679000,0.125,0.000,0.875
679500,0.110,0.000,0.890
680000,0.096,0.000,0.904
680500,0.080,0.052,0.868
681000,0.042,0.068,0.890
681500,0.212,0.000,0.788
682000,0.147,0.000,0.853
682500,0.104,0.000,0.896
683000,0.167,0.000,0.833
683500,0.130,0.000,0.870
684000,0.172,0.000,0.828
684500,0.102,0.000,0.898
685000,0.128,0.000,0.872
685500,0.059,0.000,0.941
686000,0.228,0.000,0.772
686500,0.014,0.041,0.945
687000,0.076,0.001,0.923
687500,0.067,0.000,0.933
688000,0.020,0.077,0.903
688500,0.039,0.042,0.919
689000,0.010,0.033,0.957
689500,0.218,0.000,0.782
690000,0.172,0.000,0.828
690500,0.201,0.000,0.799
691000,0.120,0.000,0.880
691500,0.180,0.000,0.820
692000,0.186,0.000,0.814
692500,0.033,0.000,0.967
693000,0.129,0.000,0.871
693500,0.100,0.000,0.900
694000,0.164,0.000,0.836
694500,0.061,0.000,0.939
695000,0.116,0.000,0.884
695500,0.093,0.041,0.866
696000,0.010,0.088,0.902
696500,0.241,0.000,0.759
697000,0.203,0.000,0.797
697500,0.066,0.000,0.934
698000,0.195,0.000,0.805
698500,0.145,0.000,0.855
699000,0.152,0.000,0.848
699500,0.014,0.010,0.976
700000,0.151,0.000,0.849
700500,0.228,0.000,0.772
701000,0.124,0.000,0.876
701500,0.096,0.000,0.904
702000,0.130,0.000,0.870
702500,0.213,0.000,0.787
703000,0.058,0.011,0.931
703500,0.010,0.068,0.922
704000,0.220,0.000,0.780
704500,0.040,0.042,0.918
705000,0.264,0.000,0.736
705500,0.048,0.032,0.920
706000,0.013,0.038,0.949
706500,0.026,0.026,0.948
707000,0.016,0.057,0.927
707500,0.010,0.072,0.918
708000,0.024,0.006,0.970
708500,0.088,0.000,0.912
709000,0.067,0.001,0.932
709500,0.272,0.000,0.728
710000,0.093,0.000,0.907
710500,0.239,0.000,0.761
711000,0.123,0.000,0.877
711500,0.052,0.000,0.948
712000,0.079,0.000,0.921
712500,0.154,0.000,0.846
713000,0.130,0.001,0.869
713500,0.053,0.000,0.947
714000,0.144,0.000,0.856
714500,0.260,0.000,0.740
715000,0.026,0.065,0.909
715500,0.010,0.122,0.868
716000,0.085,0.000,0.915
716500,0.162,0.000,0.838
717000,0.048,0.000,0.952
717500,0.109,0.000,0.891
718000,0.073,0.030,0.897
718500,0.113,0.000,0.887
719000,0.167,0.000,0.833
719500,0.111,0.000,0.889
720000,0.232,0.000,0.768
720500,0.076,0.000,0.924
721000,0.014,0.053,0.933
721500,0.099,0.001,0.900
722000,0.131,0.000,0.869
722500,0.060,0.000,0.940
723000,0.153,0.000,0.847
723500,0.134,0.000,0.866
724000,0.150,0.004,0.846
724500,0.145,0.000,0.855
725000,0.120,0.000,0.880
725500,0.238,0.000,0.762
726000,0.075,0.000,0.925
726500,0.125,0.000,0.875
727000,0.250,0.000,0.750
727500,0.010,0.033,0.957
728000,0.116,0.000,0.884
728500,0.206,0.002,0.792
729000,0.128,0.000,0.872
729500,0.123,0.000,0.877
730000,0.145,0.000,0.855
730500,0.145,0.001,0.854
731000,0.135,0.000,0.865
731500,0.153,0.000,0.847
732000,0.203,0.000,0.797
732500,0.122,0.000,0.878
733000,0.119,0.000,0.881
733500,0.110,0.000,0.890
734000,0.039,0.000,0.961
734500,0.104,0.000,0.896
735000,0.173,0.000,0.827
735500,0.011,0.066,0.923
736000,0.054,0.024,0.922
736500,0.059,0.010,0.931
737000,0.203,0.000,0.797
737500,0.091,0.000,0.909
738000,0.033,0.007,0.960
738500,0.148,0.000,0.852
739000,0.010,0.212,0.778
739500,0.010,0.035,0.955
740000,0.075,0.000,0.925
740500,0.220,0.000,0.780
741000,0.098,0.000,0.902
741500,0.143,0.000,0.857
742000,0.102,0.000,0.898
742500,0.143,0.000,0.857
743000,0.239,0.000,0.761
743500,0.042,0.035,0.923
744000,0.235,0.000,0.765
744500,0.197,0.000,0.803
745000,0.014,0.089,0.897
745500,0.094,0.001,0.905
746000,0.152,0.000,0.848
746500,0.084,0.000,0.916
747000,0.095,0.000,0.905
747500,0.147,0.000,0.853
748000,0.174,0.000,0.826
748500,0.021,0.139,0.840
749000,0.068,0.009,0.923
749500,0.061,0.000,0.939
750000,0.107,0.000,0.893
750500,0.182,0.000,0.818
751000,0.065,0.012,0.923
751500,0.032,0.000,0.968
752000,0.109,0.000,0.891
752500,0.163,0.000,0.837
753000,0.179,0.000,0.821
753500,0.217,0.000,0.783
754000,0.084,0.000,0.916
754500,0.038,0.006,0.956
755000,0.110,0.000,0.890
755500,0.135,0.000,0.865
756000,0.143,0.000,0.857
756500,0.095,0.000,0.905
757000,0.078,0.001,0.921
757500,0.174,0.000,0.826
758000,0.069,0.000,0.931
758500,0.202,0.000,0.798
759000,0.128,0.001,0.871
759500,0.094,0.000,0.906
760000,0.156,0.000,0.844
760500,0.145,0.000,0.855
761000,0.063,0.003,0.934
761500,0.011,0.010,0.979
762000,0.119,0.000,0.881
762500,0.181,0.000,0.819
763000,0.159,0.000,0.841
763500,0.074,0.000,0.926
764000,0.103,0.000,0.897
764500,0.070,0.000,0.930
765000,0.084,0.000,0.916
765500,0.234,0.000,0.766
766000,0.301,0.000,0.699
766500,0.075,0.022,0.903
767000,0.139,0.000,0.861
767500,0.085,0.000,0.915
768000,0.032,0.000,0.968
768500,0.105,0.011,0.884
769000,0.089,0.000,0.911
769500,0.109,0.000,0.891
770000,0.104,0.000,0.896
770500,0.159,0.000,0.841
771000,0.095,0.000,0.905
771500,0.152,0.000,0.848
772000,0.021,0.011,0.968
772500,0.086,0.000,0.914
773000,0.026,0.001,0.973
773500,0.011,0.081,0.908
774000,0.063,0.000,0.937
774500,0.010,0.019,0.971
775000,0.143,0.000,0.857
775500,0.125,0.000,0.875
776000,0.104,0.000,0.896
776500,0.150,0.000,0.850
777000,0.169,0.000,0.831
777500,0.046,0.003,0.951
778000,0.131,0.000,0.869
778500,0.104,0.000,0.896
779000,0.180,0.000,0.820
779500,0.149,0.000,0.851
780000,0.047,0.016,0.937
780500,0.094,0.000,0.906
781000,0.180,0.000,0.820
781500,0.090,0.000,0.910
782000,0.014,0.102,0.884
782500,0.010,0.051,0.939
783000,0.171,0.000,0.829
783500,0.200,0.000,0.800
784000,0.033,0.000,0.967
784500,0.127,0.000,0.873
785000,0.125,0.000,0.875
785500,0.307,0.000,0.693
786000,0.095,0.000,0.905
786500,0.143,0.000,0.857
787000,0.156,0.000,0.844
787500,0.169,0.000,0.831
788000,0.098,0.032,0.870
788500,0.034,0.003,0.963
789000,0.109,0.002,0.889
789500,0.033,0.026,0.941
790000,0.040,0.025,0.935
790500,0.111,0.000,0.889
791000,0.122,0.000,0.878
791500,0.061,0.000,0.939
792000,0.142,0.000,0.858
792500,0.047,0.000,0.953
793000,0.015,0.089,0.896
793500,0.108,0.000,0.892
794000,0.213,0.000,0.787
794500,0.054,0.008,0.938
795000,0.154,0.000,0.846
795500,0.012,0.057,0.931
796000,0.090,0.001,0.909
796500,0.101,0.000,0.899
797000,0.254,0.000,0.746
797500,0.103,0.000,0.897
798000,0.115,0.000,0.885
798500,0.159,0.000,0.841
799000,0.132,0.004,0.864
799500,0.067,0.004,0.929
800000,0.092,0.000,0.908
800500,0.137,0.000,0.863
801000,0.140,0.000,0.860
801500,0.163,0.000,0.837
802000,0.055,0.015,0.930
802500,0.171,0.000,0.829
803000,0.116,0.000,0.884
803500,0.051,0.000,0.949
804000,0.035,0.009,0.956
804500,0.084,0.012,0.904
805000,0.010,0.086,0.904
805500,0.010,0.094,0.896
806000,0.010,0.079,0.911
806500,0.015,0.029,0.956
807000,0.147,0.000,0.853
807500,0.113,0.000,0.887
808000,0.121,0.000,0.879
808500,0.157,0.000,0.843
809000,0.132,0.000,0.868
809500,0.076,0.000,0.924
810000,0.138,0.000,0.862
810500,0.157,0.000,0.843
811000,0.148,0.000,0.852
811500,0.130,0.000,0.870
812000,0.035,0.000,0.965
812500,0.125,0.000,0.875
813000,0.131,0.000,0.869
813500,0.102,0.000,0.898
814000,0.228,0.000,0.772
814500,0.148,0.000,0.852
815000,0.075,0.000,0.925
815500,0.048,0.000,0.952
816000,0.132,0.000,0.868
816500,0.205,0.000,0.795
817000,0.070,0.000,0.930
817500,0.089,0.002,0.909
818000,0.145,0.000,0.855
818500,0.162,0.000,0.838
819000,0.151,0.015,0.834
819500,0.097,0.000,0.903
820000,0.107,0.001,0.892
820500,0.072,0.000,0.928
821000,0.166,0.000,0.834
821500,0.268,0.000,0.732
822000,0.057,0.000,0.943
822500,0.076,0.003,0.921
823000,0.110,0.000,0.890
823500,0.190,0.000,0.810
824000,0.097,0.000,0.903
824500,0.026,0.019,0.955
825000,0.248,0.000,0.752
825500,0.046,0.019,0.935
826000,0.112,0.000,0.888
826500,0.189,0.000,0.811
827000,0.182,0.000,0.818
827500,0.124,0.000,0.876
828000,0.131,0.000,0.869
828500,0.130,0.001,0.869
829000,0.099,0.001,0.900
829500,0.325,0.000,0.675
830000,0.113,0.000,0.887
830500,0.222,0.000,0.778
831000,0.055,0.033,0.912
831500,0.252,0.000,0.748
832000,0.133,0.000,0.867
832500,0.061,0.000,0.939
833000,0.070,0.000,0.930
833500,0.106,0.000,0.894
834000,0.106,0.000,0.894
834500,0.072,0.000,0.928
835000,0.157,0.000,0.843
835500,0.159,0.000,0.841
836000,0.146,0.000,0.854
836500,0.049,0.003,0.948
837000,0.110,0.003,0.887
837500,0.101,0.000,0.899
838000,0.022,0.095,0.883
838500,0.096,0.000,0.904
839000,0.162,0.000,0.838
839500,0.138,0.000,0.862
840000,0.152,0.005,0.843
840500,0.215,0.000,0.785
841000,0.041,0.043,0.916
841500,0.158,0.000,0.842
842000,0.180,0.000,0.820
842500,0.122,0.000,0.878
843000,0.089,0.015,0.896
843500,0.021,0.032,0.947
844000,0.188,0.000,0.812
844500,0.011,0.044,0.945
845000,0.121,0.006,0.873
845500,0.155,0.000,0.845
846000,0.091,0.010,0.899
846500,0.117,0.000,0.883
847000,0.209,0.000,0.791
847500,0.053,0.000,0.947
848000,0.157,0.000,0.843
848500,0.144,0.000,0.856
849000,0.229,0.000,0.771
849500,0.077,0.000,0.923
850000,0.076,0.000,0.924
850500,0.079,0.000,0.921
851000,0.077,0.000,0.923
851500,0.298,0.000,0.702
852000,0.104,0.000,0.896
852500,0.189,0.000,0.811
853000,0.055,0.036,0.909
853500,0.174,0.000,0.826
854000,0.193,0.000,0.807
854500,0.068,0.031,0.901
855000,0.042,0.000,0.958
855500,0.133,0.002,0.865
856000,0.193,0.000,0.807
856500,0.137,0.000,0.863
857000,0.129,0.000,0.871
857500,0.147,0.000,0.853
858000,0.130,0.000,0.870
858500,0.111,0.000,0.889
859000,0.150,0.000,0.850
859500,0.119,0.000,0.881
860000,0.172,0.000,0.828
860500,0.060,0.000,0.940
861000,0.095,0.000,0.905
861500,0.119,0.000,0.881
862000,0.073,0.000,0.927
862500,0.012,0.047,0.941
863000,0.010,0.059,0.931
863500,0.015,0.081,0.904
864000,0.138,0.000,0.862
864500,0.120,0.000,0.880
865000,0.167,0.000,0.833
865500,0.117,0.000,0.883
866000,0.200,0.000,0.800
866500,0.040,0.064,0.896
867000,0.200,0.001,0.799
867500,0.241,0.000,0.759
868000,0.106,0.003,0.891
868500,0.148,0.000,0.852
869000,0.136,0.000,0.864
869500,0.069,0.000,0.931
870000,0.108,0.006,0.886
870500,0.081,0.000,0.919
871000,0.081,0.000,0.919
871500,0.090,0.000,0.910
872000,0.049,0.000,0.951
872500,0.096,0.000,0.904
873000,0.073,0.000,0.927
873500,0.100,0.000,0.900
874000,0.012,0.080,0.908
874500,0.063,0.003,0.934
875000,0.128,0.000,0.872
875500,0.098,0.000,0.902
876000,0.149,0.000,0.851
876500,0.055,0.001,0.944
877000,0.083,0.000,0.917
877500,0.053,0.000,0.947
878000,0.095,0.000,0.905
878500,0.077,0.000,0.923
879000,0.165,0.000,0.835
879500,0.060,0.000,0.940
880000,0.116,0.003,0.881
880500,0.133,0.000,0.867
881000,0.081,0.000,0.919
881500,0.124,0.000,0.876
882000,0.190,0.000,0.810
882500,0.098,0.000,0.902
883000,0.140,0.000,0.860
883500,0.148,0.000,0.852
884000,0.154,0.000,0.846
884500,0.163,0.000,0.837
885000,0.288,0.002,0.710
885500,0.212,0.000,0.788
886000,0.231,0.000,0.769
886500,0.183,0.000,0.817
887000,0.142,0.000,0.858
887500,0.211,0.000,0.789
888000,0.193,0.000,0.807
888500,0.116,0.000,0.884
889000,0.153,0.000,0.847
889500,0.053,0.000,0.947
890000,0.179,0.000,0.821
890500,0.021,0.021,0.958
891000,0.014,0.041,0.945
891500,0.117,0.000,0.883
892000,0.130,0.000,0.870
892500,0.142,0.000,0.858
893000,0.185,0.000,0.815
893500,0.211,0.000,0.789
894000,0.160,0.000,0.840
894500,0.180,0.000,0.820
895000,0.174,0.000,0.826
895500,0.059,0.012,0.929
896000,0.125,0.000,0.875
896500,0.193,0.000,0.807
897000,0.150,0.000,0.850
897500,0.156,0.000,0.844
898000,0.076,0.005,0.919
898500,0.077,0.000,0.923
899000,0.207,0.000,0.793
899500,0.239,0.000,0.761
900000,0.158,0.000,0.842
900500,0.103,0.000,0.897
901000,0.148,0.000,0.852
901500,0.145,0.000,0.855
902000,0.087,0.000,0.913
902500,0.163,0.000,0.837
903000,0.115,0.003,0.882
903500,0.079,0.000,0.921
904000,0.087,0.002,0.911
904500,0.149,0.000,0.851
905000,0.190,0.000,0.810
905500,0.101,0.000,0.899
906000,0.094,0.000,0.906
906500,0.015,0.060,0.925
907000,0.084,0.000,0.916
907500,0.180,0.000,0.820
908000,0.022,0.002,0.976
908500,0.093,0.000,0.907
909000,0.132,0.000,0.868
909500,0.117,0.000,0.883
910000,0.035,0.017,0.948
910500,0.010,0.048,0.942
911000,0.046,0.005,0.949
911500,0.010,0.112,0.878
912000,0.115,0.001,0.884
912500,0.083,0.000,0.917
913000,0.100,0.000,0.900
913500,0.120,0.000,0.880
914000,0.161,0.000,0.839
914500,0.096,0.000,0.904
915000,0.089,0.000,0.911
915500,0.048,0.005,0.947
916000,0.116,0.000,0.884
916500,0.053,0.011,0.936
917000,0.182,0.000,0.818
917500,0.079,0.000,0.921
918000,0.159,0.000,0.841
918500,0.071,0.000,0.929
919000,0.135,0.000,0.865
919500,0.033,0.047,0.920
920000,0.191,0.000,0.809
920500,0.124,0.000,0.876
921000,0.119,0.000,0.881
921500,0.175,0.000,0.825
922000,0.146,0.000,0.854
922500,0.099,0.000,0.901
923000,0.145,0.000,0.855
923500,0.040,0.011,0.949
924000,0.054,0.000,0.946
924500,0.187,0.000,0.813
925000,0.030,0.012,0.958
925500,0.068,0.000,0.932
926000,0.108,0.000,0.892
926500,0.101,0.000,0.899
927000,0.016,0.005,0.979
927500,0.031,0.031,0.938
928000,0.047,0.000,0.953
928500,0.016,0.049,0.935
929000,0.088,0.000,0.912
929500,0.011,0.050,0.939
930000,0.051,0.000,0.949
930500,0.184,0.000,0.816
931000,0.228,0.000,0.772
931500,0.193,0.000,0.807
932000,0.138,0.000,0.862
932500,0.052,0.001,0.947
933000,0.106,0.006,0.888
933500,0.121,0.000,0.879
934000,0.010,0.064,0.926
934500,0.031,0.007,0.962
935000,0.227,0.000,0.773
935500,0.155,0.000,0.845
936000,0.059,0.000,0.941
936500,0.074,0.000,0.926
937000,0.091,0.036,0.873
937500,0.120,0.001,0.879
938000,0.051,0.021,0.928
938500,0.010,0.079,0.911
939000,0.054,0.043,0.903
939500,0.010,0.052,0.938
940000,0.039,0.014,0.947
940500,0.203,0.000,0.797
941000,0.184,0.000,0.816
941500,0.085,0.000,0.915
942000,0.073,0.000,0.927
942500,0.130,0.000,0.870
943000,0.162,0.000,0.838
943500,0.050,0.000,0.950
944000,0.281,0.001,0.718
944500,0.020,0.006,0.974
945000,0.010,0.203,0.787
945500,0.010,0.114,0.876
946000,0.025,0.015,0.960
946500,0.120,0.000,0.880
947000,0.071,0.001,0.928
947500,0.070,0.000,0.930
948000,0.183,0.000,0.817
948500,0.180,0.000,0.820
949000,0.216,0.000,0.784
949500,0.151,0.000,0.849
950000,0.124,0.000,0.876
950500,0.096,0.000,0.904
951000,0.148,0.000,0.852
951500,0.070,0.000,0.930
952000,0.108,0.000,0.892
952500,0.201,0.000,0.799
953000,0.090,0.000,0.910
953500,0.140,0.000,0.860
954000,0.086,0.000,0.914
954500,0.062,0.000,0.938
955000,0.162,0.001,0.837
955500,0.010,0.174,0.816
956000,0.095,0.014,0.891
956500,0.083,0.000,0.917
957000,0.115,0.000,0.885
957500,0.083,0.000,0.917
958000,0.185,0.001,0.814
958500,0.085,0.000,0.915
959000,0.115,0.000,0.885
959500,0.145,0.000,0.855
960000,0.130,0.000,0.870
960500,0.109,0.000,0.891
961000,0.012,0.142,0.846
961500,0.199,0.000,0.801
962000,0.125,0.000,0.875
962500,0.048,0.008,0.944
963000,0.071,0.006,0.923
963500,0.011,0.066,0.923
964000,0.011,0.159,0.830
964500,0.036,0.001,0.963
965000,0.010,0.060,0.930
965500,0.177,0.000,0.823
966000,0.050,0.024,0.926
966500,0.093,0.000,0.907
967000,0.091,0.000,0.909
967500,0.126,0.000,0.874
968000,0.142,0.000,0.858
968500,0.176,0.000,0.824
969000,0.140,0.000,0.860
969500,0.152,0.000,0.848
970000,0.010,0.016,0.974
970500,0.142,0.000,0.858
971000,0.103,0.000,0.897
971500,0.136,0.000,0.864
972000,0.111,0.000,0.889
972500,0.049,0.000,0.951
973000,0.093,0.000,0.907
973500,0.094,0.000,0.906
974000,0.082,0.000,0.918
974500,0.127,0.000,0.873
975000,0.313,0.000,0.687
975500,0.043,0.001,0.956
976000,0.096,0.000,0.904
976500,0.234,0.000,0.766
977000,0.136,0.000,0.864
977500,0.093,0.002,0.905
978000,0.263,0.000,0.737
978500,0.138,0.000,0.862
979000,0.210,0.000,0.790
979500,0.095,0.000,0.905
980000,0.060,0.000,0.940
980500,0.039,0.000,0.961
981000,0.029,0.016,0.955
981500,0.106,0.000,0.894
982000,0.030,0.017,0.953
982500,0.030,0.082,0.888
983000,0.122,0.002,0.876
983500,0.064,0.000,0.936
984000,0.059,0.000,0.941
984500,0.081,0.005,0.914
985000,0.104,0.000,0.896
985500,0.185,0.000,0.815
986000,0.125,0.000,0.875
986500,0.237,0.000,0.763
987000,0.238,0.000,0.762
987500,0.143,0.000,0.857
988000,0.155,0.000,0.845
988500,0.111,0.000,0.889
989000,0.160,0.000,0.840
989500,0.109,0.000,0.891
990000,0.137,0.000,0.863
990500,0.184,0.000,0.816
991000,0.154,0.000,0.846
991500,0.125,0.000,0.875
992000,0.123,0.000,0.877
992500,0.099,0.000,0.901
993000,0.183,0.000,0.817
993500,0.127,0.000,0.873
994000,0.146,0.000,0.854
994500,0.027,0.000,0.973
995000,0.115,0.000,0.885
995500,0.123,0.000,0.877
996000,0.209,0.000,0.791
996500,0.089,0.015,0.896
997000,0.167,0.010,0.823
997500,0.108,0.000,0.892
998000,0.122,0.003,0.875
998500,0.040,0.020,0.940
999000,0.163,0.000,0.837
999500,0.036,0.044,0.920
1000000,0.100,0.000,0.900
