time,n_A+p,n_B,n_AB
1000,0.030,0.939,0.031
2000,0.030,0.891,0.079
3000,0.032,0.856,0.112
4000,0.035,0.822,0.143
5000,0.035,0.788,0.177
6000,0.041,0.749,0.210
7000,0.043,0.713,0.244
8000,0.055,0.671,0.274
9000,0.065,0.654,0.281
10000,0.077,0.592,0.331
11000,0.071,0.571,0.358
12000,0.098,0.577,0.325
13000,0.099,0.541,0.360
14000,0.107,0.530,0.363
15000,0.090,0.517,0.393
16000,0.095,0.521,0.384
17000,0.114,0.523,0.363
18000,0.110,0.462,0.428
19000,0.117,0.425,0.458
20000,0.131,0.418,0.451
21000,0.166,0.405,0.429
22000,0.174,0.410,0.416
23000,0.163,0.381,0.456
24000,0.177,0.342,0.481
25000,0.180,0.347,0.473
26000,0.171,0.335,0.494
27000,0.179,0.335,0.486
28000,0.169,0.356,0.475
29000,0.177,0.337,0.486
30000,0.191,0.313,0.496
31000,0.209,0.322,0.469
32000,0.203,0.308,0.489
33000,0.204,0.288,0.508
34000,0.224,0.285,0.491
35000,0.234,0.287,0.479
36000,0.251,0.274,0.475
37000,0.236,0.263,0.501
38000,0.232,0.267,0.501
39000,0.261,0.254,0.485
40000,0.257,0.262,0.481
41000,0.242,0.265,0.493
42000,0.232,0.274,0.494
43000,0.233,0.288,0.479
44000,0.256,0.280,0.464
45000,0.270,0.271,0.459
46000,0.243,0.271,0.486
47000,0.249,0.267,0.484
48000,0.253,0.264,0.483
49000,0.268,0.244,0.488
50000,0.286,0.221,0.493
51000,0.288,0.210,0.502
52000,0.299,0.205,0.496
53000,0.314,0.202,0.484
54000,0.342,0.181,0.477
55000,0.353,0.192,0.455
56000,0.347,0.189,0.464
57000,0.331,0.203,0.466
58000,0.309,0.192,0.499
59000,0.326,0.180,0.494
60000,0.345,0.197,0.458
61000,0.342,0.185,0.473
62000,0.359,0.161,0.480
63000,0.371,0.197,0.432
64000,0.349,0.192,0.459
65000,0.359,0.171,0.470
66000,0.371,0.162,0.467
67000,0.371,0.154,0.475
68000,0.360,0.155,0.485
69000,0.351,0.178,0.471
70000,0.361,0.177,0.462
71000,0.369,0.169,0.462
72000,0.352,0.165,0.483
73000,0.350,0.162,0.488
74000,0.367,0.159,0.474
75000,0.365,0.166,0.469
76000,0.387,0.166,0.447
77000,0.376,0.190,0.434
78000,0.369,0.172,0.459
79000,0.366,0.157,0.477
80000,0.381,0.170,0.449
81000,0.383,0.180,0.437
82000,0.375,0.180,0.445
83000,0.373,0.172,0.455
84000,0.380,0.159,0.461
85000,0.387,0.155,0.458
86000,0.393,0.141,0.466
87000,0.432,0.150,0.418
88000,0.419,0.145,0.436
89000,0.419,0.135,0.446
90000,0.416,0.149,0.435
91000,0.403,0.129,0.468
92000,0.452,0.128,0.420
93000,0.443,0.122,0.435
94000,0.459,0.108,0.433
95000,0.460,0.100,0.440
96000,0.442,0.098,0.460
97000,0.449,0.097,0.454
98000,0.450,0.115,0.435
99000,0.461,0.104,0.435
100000,0.459,0.094,0.447
101000,0.467,0.103,0.430
102000,0.444,0.107,0.449
103000,0.464,0.112,0.424
104000,0.454,0.101,0.445
105000,0.442,0.095,0.463
106000,0.445,0.106,0.449
107000,0.462,0.107,0.431
108000,0.457,0.100,0.443
109000,0.478,0.109,0.413
110000,0.474,0.096,0.430
111000,0.491,0.087,0.422
112000,0.510,0.091,0.399
113000,0.522,0.075,0.403
114000,0.516,0.084,0.400
115000,0.502,0.077,0.421
116000,0.492,0.078,0.430
117000,0.509,0.081,0.410
118000,0.503,0.071,0.426
119000,0.458,0.104,0.438
120000,0.467,0.096,0.437
121000,0.468,0.118,0.414
122000,0.456,0.116,0.428
123000,0.493,0.093,0.414
124000,0.495,0.086,0.419
125000,0.500,0.082,0.418
126000,0.493,0.087,0.420
127000,0.510,0.079,0.411
128000,0.487,0.090,0.423
129000,0.486,0.093,0.421
130000,0.508,0.091,0.401
131000,0.516,0.080,0.404
132000,0.503,0.084,0.413
133000,0.500,0.091,0.409
134000,0.484,0.093,0.423
135000,0.504,0.089,0.407
136000,0.468,0.088,0.444
137000,0.457,0.076,0.467
138000,0.441,0.093,0.466
139000,0.434,0.094,0.472
140000,0.446,0.095,0.459
141000,0.452,0.097,0.451
142000,0.478,0.112,0.410
143000,0.460,0.089,0.451
144000,0.461,0.118,0.421
145000,0.429,0.117,0.454
146000,0.413,0.121,0.466
147000,0.404,0.148,0.448
148000,0.386,0.132,0.482
149000,0.379,0.147,0.474
150000,0.396,0.149,0.455
151000,0.383,0.142,0.475
152000,0.390,0.132,0.478
153000,0.421,0.119,0.460
154000,0.454,0.101,0.445
155000,0.446,0.104,0.450
156000,0.438,0.108,0.454
157000,0.410,0.115,0.475
158000,0.409,0.117,0.474
159000,0.390,0.132,0.478
160000,0.412,0.133,0.455
161000,0.395,0.138,0.467
162000,0.395,0.116,0.489
163000,0.418,0.111,0.471
164000,0.374,0.113,0.513
165000,0.395,0.142,0.463
166000,0.412,0.125,0.463
167000,0.400,0.121,0.479
168000,0.393,0.123,0.484
169000,0.396,0.120,0.484
170000,0.396,0.123,0.481
171000,0.411,0.115,0.474
172000,0.405,0.123,0.472
173000,0.416,0.128,0.456
174000,0.438,0.107,0.455
175000,0.441,0.092,0.467
176000,0.455,0.098,0.447
177000,0.454,0.106,0.440
178000,0.465,0.098,0.437
179000,0.487,0.092,0.421
180000,0.505,0.084,0.411
181000,0.510,0.079,0.411
182000,0.505,0.086,0.409
183000,0.508,0.081,0.411
184000,0.506,0.086,0.408
185000,0.529,0.094,0.377
186000,0.473,0.113,0.414
187000,0.492,0.107,0.401
188000,0.498,0.095,0.407
189000,0.491,0.099,0.410
190000,0.490,0.085,0.425
191000,0.481,0.079,0.440
192000,0.478,0.089,0.433
193000,0.448,0.110,0.442
194000,0.445,0.138,0.417
195000,0.436,0.127,0.437
196000,0.429,0.121,0.450
197000,0.451,0.110,0.439
198000,0.463,0.105,0.432
199000,0.447,0.103,0.450
200000,0.443,0.092,0.465
201000,0.418,0.109,0.473
202000,0.455,0.116,0.429
203000,0.426,0.136,0.438
204000,0.428,0.129,0.443
205000,0.450,0.101,0.449
206000,0.467,0.094,0.439
207000,0.454,0.097,0.449
208000,0.457,0.102,0.441
209000,0.450,0.111,0.439
210000,0.444,0.111,0.445
211000,0.458,0.131,0.411
212000,0.418,0.121,0.461
213000,0.447,0.113,0.440
214000,0.458,0.124,0.418
215000,0.459,0.105,0.436
216000,0.454,0.102,0.444
217000,0.427,0.100,0.473
218000,0.449,0.122,0.429
219000,0.451,0.116,0.433
220000,0.440,0.113,0.447
221000,0.464,0.111,0.425
222000,0.462,0.095,0.443
223000,0.460,0.091,0.449
224000,0.471,0.106,0.423
225000,0.432,0.109,0.459
226000,0.448,0.112,0.440
227000,0.466,0.114,0.420
228000,0.460,0.107,0.433
229000,0.448,0.109,0.443
230000,0.454,0.104,0.442
231000,0.450,0.120,0.430
232000,0.442,0.089,0.469
233000,0.443,0.085,0.472
234000,0.469,0.102,0.429
235000,0.444,0.090,0.466
236000,0.444,0.106,0.450
237000,0.462,0.094,0.444
238000,0.461,0.090,0.449
239000,0.441,0.106,0.453
240000,0.450,0.116,0.434
241000,0.479,0.102,0.419
242000,0.469,0.091,0.440
243000,0.460,0.080,0.460
244000,0.469,0.102,0.429
245000,0.454,0.105,0.441
246000,0.467,0.104,0.429
247000,0.486,0.100,0.414
248000,0.498,0.106,0.396
249000,0.519,0.086,0.395
250000,0.501,0.091,0.408
251000,0.480,0.095,0.425
252000,0.503,0.072,0.425
253000,0.492,0.094,0.414
254000,0.479,0.088,0.433
255000,0.488,0.104,0.408
256000,0.496,0.092,0.412
257000,0.483,0.085,0.432
258000,0.481,0.096,0.423
259000,0.475,0.083,0.442
260000,0.463,0.093,0.444
261000,0.459,0.082,0.459
262000,0.440,0.085,0.475
263000,0.450,0.095,0.455
264000,0.449,0.115,0.436
265000,0.416,0.132,0.452
266000,0.419,0.122,0.459
267000,0.409,0.134,0.457
268000,0.425,0.115,0.460
269000,0.399,0.126,0.475
270000,0.412,0.124,0.464
271000,0.413,0.126,0.461
272000,0.437,0.132,0.431
273000,0.425,0.119,0.456
274000,0.443,0.101,0.456
275000,0.433,0.104,0.463
276000,0.447,0.118,0.435
277000,0.430,0.128,0.442
278000,0.411,0.136,0.453
279000,0.395,0.126,0.479
280000,0.413,0.114,0.473
281000,0.419,0.126,0.455
282000,0.396,0.127,0.477
283000,0.409,0.128,0.463
284000,0.390,0.133,0.477
285000,0.399,0.128,0.473
286000,0.394,0.140,0.466
287000,0.399,0.158,0.443
288000,0.400,0.148,0.452
289000,0.395,0.153,0.452
290000,0.375,0.149,0.476
291000,0.373,0.160,0.467
292000,0.376,0.147,0.477
293000,0.362,0.153,0.485
294000,0.412,0.146,0.442
295000,0.407,0.148,0.445
296000,0.405,0.125,0.470
297000,0.387,0.126,0.487
298000,0.399,0.137,0.464
299000,0.405,0.133,0.462
300000,0.404,0.112,0.484
301000,0.397,0.137,0.466
302000,0.388,0.156,0.456
303000,0.378,0.167,0.455
304000,0.382,0.159,0.459
305000,0.356,0.159,0.485
306000,0.349,0.160,0.491
307000,0.369,0.155,0.476
308000,0.374,0.146,0.480
309000,0.360,0.153,0.487
310000,0.353,0.172,0.475
311000,0.335,0.167,0.498
312000,0.317,0.199,0.484
313000,0.315,0.181,0.504
314000,0.303,0.188,0.509
315000,0.298,0.226,0.476
316000,0.316,0.214,0.470
317000,0.312,0.210,0.478
318000,0.300,0.240,0.460
319000,0.288,0.213,0.499
320000,0.296,0.205,0.499
321000,0.303,0.194,0.503
322000,0.327,0.179,0.494
323000,0.317,0.156,0.527
324000,0.360,0.162,0.478
325000,0.348,0.183,0.469
326000,0.332,0.189,0.479
327000,0.340,0.176,0.484
328000,0.328,0.168,0.504
329000,0.361,0.161,0.478
330000,0.361,0.166,0.473
331000,0.338,0.166,0.496
332000,0.359,0.158,0.483
333000,0.358,0.149,0.493
334000,0.360,0.146,0.494
335000,0.367,0.150,0.483
336000,0.384,0.136,0.480
337000,0.377,0.153,0.470
338000,0.375,0.155,0.470
339000,0.408,0.157,0.435
340000,0.390,0.178,0.432
341000,0.345,0.164,0.491
342000,0.340,0.131,0.529
343000,0.364,0.140,0.496
344000,0.375,0.146,0.479
345000,0.361,0.155,0.484
346000,0.367,0.157,0.476
347000,0.334,0.176,0.490
348000,0.333,0.165,0.502
349000,0.350,0.168,0.482
350000,0.342,0.166,0.492
351000,0.371,0.173,0.456
352000,0.375,0.161,0.464
353000,0.373,0.163,0.464
354000,0.369,0.158,0.473
355000,0.394,0.171,0.435
356000,0.355,0.169,0.476
357000,0.363,0.178,0.459
358000,0.334,0.176,0.490
359000,0.341,0.147,0.512
360000,0.360,0.154,0.486
361000,0.350,0.158,0.492
362000,0.353,0.174,0.473
363000,0.357,0.157,0.486
364000,0.360,0.146,0.494
365000,0.344,0.149,0.507
366000,0.376,0.168,0.456
367000,0.370,0.132,0.498
368000,0.346,0.154,0.500
369000,0.378,0.162,0.460
370000,0.386,0.178,0.436
371000,0.356,0.162,0.482
372000,0.358,0.159,0.483
373000,0.364,0.155,0.481
374000,0.362,0.148,0.490
375000,0.366,0.147,0.487
376000,0.385,0.135,0.480
377000,0.401,0.134,0.465
378000,0.425,0.135,0.440
379000,0.428,0.130,0.442
380000,0.417,0.135,0.448
381000,0.418,0.130,0.452
382000,0.443,0.128,0.429
383000,0.438,0.126,0.436
384000,0.444,0.101,0.455
385000,0.449,0.112,0.439
386000,0.446,0.121,0.433
387000,0.458,0.108,0.434
388000,0.446,0.094,0.460
389000,0.465,0.095,0.440
390000,0.463,0.104,0.433
391000,0.490,0.106,0.404
392000,0.445,0.109,0.446
393000,0.453,0.109,0.438
394000,0.434,0.100,0.466
395000,0.447,0.105,0.448
396000,0.453,0.119,0.428
397000,0.433,0.109,0.458
398000,0.425,0.114,0.461
399000,0.455,0.102,0.443
400000,0.453,0.102,0.445
401000,0.434,0.131,0.435
402000,0.409,0.124,0.467
403000,0.420,0.114,0.466
404000,0.411,0.117,0.472
405000,0.410,0.128,0.462
406000,0.408,0.130,0.462
407000,0.403,0.120,0.477
408000,0.400,0.136,0.464
409000,0.388,0.139,0.473
410000,0.381,0.141,0.478
411000,0.376,0.140,0.484
412000,0.370,0.147,0.483
413000,0.381,0.147,0.472
414000,0.365,0.153,0.482
415000,0.365,0.151,0.484
416000,0.380,0.152,0.468
417000,0.405,0.170,0.425
418000,0.392,0.162,0.446
419000,0.387,0.176,0.437
420000,0.380,0.175,0.445
421000,0.363,0.144,0.493
422000,0.368,0.164,0.468
423000,0.370,0.165,0.465
424000,0.380,0.148,0.472
425000,0.383,0.162,0.455
426000,0.362,0.147,0.491
427000,0.376,0.141,0.483
428000,0.383,0.141,0.476
429000,0.369,0.146,0.485
430000,0.382,0.150,0.468
431000,0.369,0.149,0.482
432000,0.353,0.152,0.495
433000,0.357,0.156,0.487
434000,0.398,0.146,0.456
435000,0.385,0.135,0.480
436000,0.385,0.137,0.478
437000,0.366,0.157,0.477
438000,0.387,0.160,0.453
439000,0.382,0.164,0.454
440000,0.392,0.162,0.446
441000,0.377,0.155,0.468
442000,0.379,0.148,0.473
443000,0.395,0.144,0.461
444000,0.384,0.155,0.461
445000,0.385,0.153,0.462
446000,0.389,0.134,0.477
447000,0.388,0.138,0.474
448000,0.379,0.155,0.466
449000,0.393,0.158,0.449
450000,0.392,0.154,0.454
451000,0.389,0.145,0.466
452000,0.382,0.131,0.487
453000,0.405,0.140,0.455
454000,0.379,0.136,0.485
455000,0.402,0.130,0.468
456000,0.422,0.123,0.455
457000,0.427,0.124,0.449
458000,0.419,0.128,0.453
459000,0.432,0.140,0.428
460000,0.422,0.136,0.442
461000,0.415,0.113,0.472
462000,0.415,0.111,0.474
463000,0.410,0.122,0.468
464000,0.429,0.110,0.461
465000,0.408,0.097,0.495
466000,0.394,0.127,0.479
467000,0.401,0.126,0.473
468000,0.404,0.124,0.472
469000,0.420,0.108,0.472
470000,0.444,0.102,0.454
471000,0.420,0.108,0.472
472000,0.412,0.097,0.491
473000,0.388,0.122,0.490
474000,0.393,0.127,0.480
475000,0.370,0.141,0.489
476000,0.370,0.160,0.470
477000,0.359,0.156,0.485
478000,0.352,0.184,0.464
479000,0.351,0.161,0.488
480000,0.367,0.158,0.475
481000,0.339,0.149,0.512
482000,0.403,0.143,0.454
483000,0.397,0.121,0.482
484000,0.395,0.138,0.467
485000,0.393,0.154,0.453
486000,0.409,0.137,0.454
487000,0.433,0.153,0.414
488000,0.400,0.125,0.475
489000,0.396,0.150,0.454
490000,0.380,0.147,0.473
491000,0.404,0.137,0.459
492000,0.420,0.117,0.463
493000,0.419,0.140,0.441
494000,0.414,0.120,0.466
495000,0.411,0.120,0.469
496000,0.425,0.115,0.460
497000,0.437,0.103,0.460
498000,0.438,0.113,0.449
499000,0.447,0.115,0.438
500000,0.440,0.110,0.450
501000,0.438,0.108,0.454
502000,0.456,0.091,0.453
503000,0.457,0.104,0.439
504000,0.468,0.110,0.422
505000,0.447,0.098,0.455
506000,0.441,0.106,0.453
507000,0.446,0.105,0.449
508000,0.441,0.112,0.447
509000,0.434,0.116,0.450
510000,0.455,0.106,0.439
511000,0.467,0.096,0.437
512000,0.481,0.106,0.413
513000,0.493,0.073,0.434
514000,0.488,0.093,0.419
515000,0.505,0.090,0.405
516000,0.505,0.110,0.385
517000,0.472,0.101,0.427
518000,0.462,0.107,0.431
519000,0.442,0.136,0.422
520000,0.424,0.134,0.442
521000,0.401,0.140,0.459
522000,0.378,0.135,0.487
523000,0.382,0.115,0.503
524000,0.386,0.123,0.491
525000,0.369,0.153,0.478
526000,0.378,0.136,0.486
527000,0.384,0.118,0.498
528000,0.390,0.125,0.485
529000,0.411,0.127,0.462
530000,0.398,0.118,0.484
531000,0.423,0.120,0.457
532000,0.434,0.112,0.454
533000,0.411,0.117,0.472
534000,0.444,0.142,0.414
535000,0.443,0.118,0.439
536000,0.422,0.122,0.456
537000,0.435,0.120,0.445
538000,0.457,0.096,0.447
539000,0.474,0.103,0.423
540000,0.463,0.100,0.437
541000,0.451,0.104,0.445
542000,0.434,0.099,0.467
543000,0.459,0.077,0.464
544000,0.455,0.100,0.445
545000,0.451,0.093,0.456
546000,0.464,0.099,0.437
547000,0.466,0.107,0.427
548000,0.449,0.091,0.460
549000,0.447,0.084,0.469
550000,0.457,0.082,0.461
551000,0.478,0.085,0.437
552000,0.490,0.097,0.413
553000,0.480,0.102,0.418
554000,0.508,0.085,0.407
555000,0.469,0.100,0.431
556000,0.454,0.102,0.444
557000,0.494,0.119,0.387
558000,0.465,0.104,0.431
559000,0.487,0.114,0.399
560000,0.490,0.110,0.400
561000,0.496,0.103,0.401
562000,0.513,0.080,0.407
563000,0.511,0.072,0.417
564000,0.490,0.073,0.437
565000,0.475,0.089,0.436
566000,0.459,0.095,0.446
567000,0.461,0.097,0.442
568000,0.462,0.099,0.439
569000,0.476,0.092,0.432
570000,0.483,0.098,0.419
571000,0.468,0.091,0.441
572000,0.456,0.090,0.454
573000,0.456,0.091,0.453
574000,0.464,0.091,0.445
575000,0.468,0.077,0.455
576000,0.463,0.090,0.447
577000,0.453,0.088,0.459
578000,0.445,0.112,0.443
579000,0.427,0.114,0.459
580000,0.412,0.100,0.488
581000,0.425,0.128,0.447
582000,0.421,0.141,0.438
583000,0.406,0.119,0.475
584000,0.401,0.107,0.492
585000,0.427,0.116,0.457
586000,0.425,0.112,0.463
587000,0.449,0.103,0.448
588000,0.437,0.116,0.447
589000,0.453,0.108,0.439
590000,0.439,0.102,0.459
591000,0.465,0.097,0.438
592000,0.449,0.108,0.443
593000,0.446,0.104,0.450
594000,0.479,0.095,0.426
595000,0.451,0.097,0.452
596000,0.446,0.116,0.438
597000,0.435,0.125,0.440
598000,0.426,0.118,0.456
599000,0.423,0.131,0.446
600000,0.418,0.135,0.447
601000,0.413,0.129,0.458
602000,0.413,0.113,0.474
603000,0.422,0.113,0.465
604000,0.421,0.127,0.452
605000,0.416,0.117,0.467
606000,0.419,0.128,0.453
607000,0.419,0.125,0.456
608000,0.430,0.143,0.427
609000,0.447,0.116,0.437
610000,0.450,0.115,0.435
611000,0.460,0.090,0.450
612000,0.460,0.095,0.445
613000,0.435,0.105,0.460
614000,0.411,0.125,0.464
615000,0.419,0.114,0.467
616000,0.429,0.106,0.465
617000,0.440,0.100,0.460
618000,0.451,0.111,0.438
619000,0.454,0.115,0.431
620000,0.467,0.092,0.441
621000,0.480,0.105,0.415
622000,0.484,0.089,0.427
623000,0.483,0.106,0.411
624000,0.489,0.104,0.407
625000,0.448,0.116,0.436
626000,0.427,0.130,0.443
627000,0.419,0.136,0.445
628000,0.406,0.140,0.454
629000,0.393,0.125,0.482
630000,0.396,0.144,0.460
631000,0.384,0.146,0.470
632000,0.399,0.144,0.457
633000,0.398,0.133,0.469
634000,0.439,0.121,0.440
635000,0.435,0.120,0.445
636000,0.413,0.122,0.465
637000,0.427,0.111,0.462
638000,0.412,0.112,0.476
639000,0.414,0.119,0.467
640000,0.405,0.126,0.469
641000,0.438,0.107,0.455
642000,0.429,0.105,0.466
643000,0.416,0.135,0.449
644000,0.421,0.128,0.451
645000,0.411,0.148,0.441
646000,0.414,0.137,0.449
647000,0.413,0.115,0.472
648000,0.422,0.094,0.484
649000,0.439,0.116,0.445
650000,0.417,0.112,0.471
651000,0.410,0.099,0.491
652000,0.446,0.100,0.454
653000,0.461,0.103,0.436
654000,0.476,0.110,0.414
655000,0.456,0.104,0.440
656000,0.442,0.106,0.452
657000,0.445,0.116,0.439
658000,0.439,0.106,0.455
659000,0.461,0.108,0.431
660000,0.422,0.122,0.456
661000,0.404,0.124,0.472
662000,0.412,0.151,0.437
663000,0.417,0.149,0.434
664000,0.429,0.143,0.428
665000,0.407,0.126,0.467
666000,0.429,0.107,0.464
667000,0.426,0.117,0.457
668000,0.429,0.133,0.438
669000,0.447,0.094,0.459
670000,0.459,0.091,0.450
671000,0.471,0.076,0.453
672000,0.475,0.081,0.444
673000,0.457,0.109,0.434
674000,0.445,0.106,0.449
675000,0.477,0.105,0.418
676000,0.474,0.106,0.420
677000,0.481,0.095,0.424
678000,0.463,0.098,0.439
679000,0.476,0.091,0.433
680000,0.479,0.090,0.431
681000,0.447,0.091,0.462
682000,0.463,0.096,0.441
683000,0.471,0.096,0.433
684000,0.483,0.095,0.422
685000,0.457,0.099,0.444
686000,0.451,0.105,0.444
687000,0.453,0.103,0.444
688000,0.451,0.111,0.438
689000,0.443,0.114,0.443
690000,0.451,0.120,0.429
691000,0.423,0.125,0.452
692000,0.424,0.139,0.437
693000,0.415,0.133,0.452
694000,0.393,0.113,0.494
695000,0.387,0.104,0.509
696000,0.381,0.116,0.503
697000,0.406,0.124,0.470
698000,0.386,0.126,0.488
699000,0.393,0.136,0.471
700000,0.350,0.153,0.497
701000,0.363,0.148,0.489
702000,0.363,0.158,0.479
703000,0.366,0.143,0.491
704000,0.386,0.126,0.488
705000,0.372,0.151,0.477
706000,0.371,0.143,0.486
707000,0.399,0.130,0.471
708000,0.399,0.109,0.492
709000,0.428,0.108,0.464
710000,0.428,0.112,0.460
711000,0.449,0.107,0.444
712000,0.440,0.110,0.450
713000,0.425,0.121,0.454
714000,0.414,0.127,0.459
715000,0.415,0.121,0.464
716000,0.423,0.126,0.451
717000,0.399,0.131,0.470
718000,0.391,0.139,0.470
719000,0.375,0.148,0.477
720000,0.367,0.166,0.467
721000,0.374,0.177,0.449
722000,0.366,0.156,0.478
723000,0.371,0.159,0.470
724000,0.348,0.162,0.490
725000,0.358,0.163,0.479
726000,0.366,0.137,0.497
727000,0.398,0.140,0.462
728000,0.395,0.136,0.469
729000,0.375,0.147,0.478
730000,0.378,0.149,0.473
731000,0.368,0.158,0.474
732000,0.349,0.152,0.499
733000,0.361,0.165,0.474
734000,0.376,0.187,0.437
735000,0.370,0.160,0.470
736000,0.368,0.138,0.494
737000,0.356,0.171,0.473
738000,0.366,0.150,0.484
739000,0.370,0.134,0.496
740000,0.384,0.139,0.477
741000,0.390,0.157,0.453
742000,0.383,0.158,0.459
743000,0.380,0.163,0.457
744000,0.392,0.178,0.430
745000,0.384,0.185,0.431
746000,0.347,0.182,0.471
747000,0.366,0.147,0.487
748000,0.370,0.155,0.475
749000,0.365,0.160,0.475
750000,0.366,0.124,0.510
751000,0.389,0.150,0.461
752000,0.382,0.134,0.484
753000,0.391,0.141,0.468
754000,0.420,0.140,0.440
755000,0.431,0.107,0.462
756000,0.447,0.115,0.438
757000,0.444,0.114,0.442
758000,0.469,0.093,0.438
759000,0.460,0.108,0.432
760000,0.451,0.115,0.434
761000,0.437,0.116,0.447
762000,0.476,0.120,0.404
763000,0.461,0.113,0.426
764000,0.460,0.100,0.440
765000,0.479,0.111,0.410
766000,0.467,0.111,0.422
767000,0.443,0.123,0.434
768000,0.450,0.107,0.443
769000,0.475,0.087,0.438
770000,0.452,0.115,0.433
771000,0.425,0.122,0.453
772000,0.411,0.147,0.442
773000,0.410,0.140,0.450
774000,0.414,0.151,0.435
775000,0.391,0.153,0.456
776000,0.395,0.135,0.470
777000,0.388,0.136,0.476
778000,0.401,0.129,0.470
779000,0.396,0.120,0.484
780000,0.408,0.134,0.458
781000,0.400,0.140,0.460
782000,0.426,0.127,0.447
783000,0.426,0.127,0.447
784000,0.437,0.112,0.451
785000,0.447,0.119,0.434
786000,0.465,0.092,0.443
787000,0.436,0.095,0.469
788000,0.423,0.122,0.455
789000,0.403,0.149,0.448
790000,0.396,0.137,0.467
791000,0.369,0.138,0.493
792000,0.359,0.133,0.508
793000,0.373,0.159,0.468
794000,0.358,0.170,0.472
795000,0.332,0.158,0.510
796000,0.370,0.139,0.491
797000,0.408,0.154,0.438
798000,0.377,0.135,0.488
799000,0.371,0.152,0.477
800000,0.383,0.158,0.459
801000,0.389,0.138,0.473
802000,0.379,0.135,0.486
803000,0.403,0.135,0.462
804000,0.386,0.132,0.482
805000,0.403,0.115,0.482
806000,0.392,0.134,0.474
807000,0.396,0.138,0.466
808000,0.391,0.149,0.460
809000,0.377,0.129,0.494
810000,0.371,0.153,0.476
811000,0.365,0.141,0.494
812000,0.375,0.154,0.471
813000,0.375,0.150,0.475
814000,0.393,0.155,0.452
815000,0.392,0.144,0.464
816000,0.382,0.148,0.470
817000,0.381,0.140,0.479
818000,0.387,0.120,0.493
819000,0.409,0.112,0.479
820000,0.422,0.110,0.468
821000,0.396,0.131,0.473
822000,0.419,0.127,0.454
823000,0.426,0.124,0.450
824000,0.409,0.126,0.465
825000,0.428,0.128,0.444
826000,0.430,0.117,0.453
827000,0.393,0.122,0.485
828000,0.410,0.137,0.453
829000,0.424,0.111,0.465
830000,0.443,0.088,0.469
831000,0.451,0.109,0.440
832000,0.432,0.102,0.466
833000,0.471,0.093,0.436
834000,0.459,0.093,0.448
835000,0.464,0.113,0.423
836000,0.480,0.096,0.424
837000,0.481,0.092,0.427
838000,0.504,0.088,0.408
839000,0.510,0.079,0.411
840000,0.511,0.084,0.405
841000,0.509,0.082,0.409
842000,0.531,0.066,0.403
843000,0.515,0.078,0.407
844000,0.522,0.090,0.388
845000,0.508,0.093,0.399
846000,0.508,0.081,0.411
847000,0.518,0.080,0.402
848000,0.483,0.084,0.433
849000,0.463,0.096,0.441
850000,0.474,0.089,0.437
851000,0.483,0.075,0.442
852000,0.461,0.116,0.423
853000,0.446,0.125,0.429
854000,0.440,0.127,0.433
855000,0.420,0.121,0.459
856000,0.434,0.130,0.436
857000,0.403,0.122,0.475
858000,0.393,0.109,0.498
859000,0.384,0.127,0.489
860000,0.417,0.136,0.447
861000,0.443,0.114,0.443
862000,0.421,0.125,0.454
863000,0.433,0.132,0.435
864000,0.439,0.132,0.429
865000,0.438,0.122,0.440
866000,0.429,0.123,0.448
867000,0.412,0.129,0.459
868000,0.411,0.107,0.482
869000,0.418,0.121,0.461
870000,0.394,0.136,0.470
871000,0.403,0.126,0.471
872000,0.406,0.141,0.453
873000,0.419,0.149,0.432
874000,0.391,0.166,0.443
875000,0.381,0.171,0.448
876000,0.413,0.153,0.434
877000,0.388,0.151,0.461
878000,0.373,0.163,0.464
879000,0.411,0.141,0.448
880000,0.380,0.130,0.490
881000,0.390,0.146,0.464
882000,0.379,0.136,0.485
883000,0.394,0.123,0.483
884000,0.419,0.125,0.456
885000,0.401,0.139,0.460
886000,0.422,0.136,0.442
887000,0.399,0.142,0.459
888000,0.398,0.136,0.466
889000,0.431,0.131,0.438
890000,0.406,0.133,0.461
891000,0.419,0.134,0.447
892000,0.390,0.131,0.479
893000,0.417,0.126,0.457
894000,0.395,0.115,0.490
895000,0.375,0.135,0.490
896000,0.377,0.129,0.494
897000,0.353,0.161,0.486
898000,0.367,0.168,0.465
899000,0.364,0.152,0.484
900000,0.357,0.167,0.476
901000,0.359,0.149,0.492
902000,0.368,0.141,0.491
903000,0.357,0.141,0.502
904000,0.374,0.147,0.479
905000,0.356,0.145,0.499
906000,0.352,0.168,0.480
907000,0.383,0.136,0.481
908000,0.375,0.124,0.501
909000,0.381,0.123,0.496
910000,0.412,0.125,0.463
911000,0.377,0.116,0.507
912000,0.393,0.129,0.478
913000,0.381,0.124,0.495
914000,0.383,0.125,0.492
915000,0.381,0.139,0.480
916000,0.377,0.150,0.473
917000,0.369,0.163,0.468
918000,0.387,0.162,0.451
919000,0.371,0.140,0.489
920000,0.395,0.130,0.475
921000,0.390,0.123,0.487
922000,0.396,0.137,0.467
923000,0.400,0.136,0.464
924000,0.414,0.119,0.467
925000,0.419,0.155,0.426
926000,0.407,0.147,0.446
927000,0.399,0.138,0.463
928000,0.408,0.129,0.463
929000,0.395,0.142,0.463
930000,0.376,0.126,0.498
931000,0.374,0.154,0.472
932000,0.366,0.161,0.473
933000,0.388,0.142,0.470
934000,0.409,0.138,0.453
935000,0.421,0.124,0.455
936000,0.433,0.130,0.437
937000,0.426,0.139,0.435
938000,0.412,0.120,0.468
939000,0.439,0.104,0.457
940000,0.438,0.106,0.456
941000,0.440,0.131,0.429
942000,0.425,0.122,0.453
943000,0.430,0.119,0.451
944000,0.450,0.104,0.446
945000,0.434,0.127,0.439
946000,0.439,0.118,0.443
947000,0.427,0.108,0.465
948000,0.434,0.118,0.448
949000,0.406,0.132,0.462
950000,0.398,0.122,0.480
951000,0.433,0.130,0.437
952000,0.437,0.123,0.440
953000,0.458,0.112,0.430
954000,0.462,0.095,0.443
955000,0.461,0.105,0.434
956000,0.469,0.106,0.425
957000,0.485,0.104,0.411
958000,0.488,0.088,0.424
959000,0.484,0.095,0.421
960000,0.480,0.092,0.428
961000,0.447,0.081,0.472
962000,0.435,0.073,0.492
963000,0.469,0.086,0.445
964000,0.478,0.107,0.415
965000,0.473,0.101,0.426
966000,0.463,0.102,0.435
967000,0.432,0.105,0.463
968000,0.438,0.096,0.466
969000,0.448,0.098,0.454
970000,0.444,0.109,0.447
971000,0.432,0.092,0.476
972000,0.440,0.116,0.444
973000,0.433,0.102,0.465
974000,0.424,0.111,0.465
975000,0.434,0.102,0.464
976000,0.428,0.119,0.453
977000,0.412,0.125,0.463
978000,0.416,0.123,0.461
979000,0.435,0.124,0.441
980000,0.419,0.129,0.452
981000,0.413,0.128,0.459
982000,0.439,0.111,0.450
983000,0.436,0.099,0.465
984000,0.419,0.127,0.454
985000,0.423,0.106,0.471
986000,0.451,0.117,0.432
987000,0.449,0.093,0.458
988000,0.438,0.123,0.439
989000,0.469,0.120,0.411
990000,0.456,0.106,0.438
991000,0.460,0.099,0.441
992000,0.451,0.111,0.438
993000,0.420,0.101,0.479
994000,0.423,0.123,0.454
995000,0.437,0.114,0.449
996000,0.439,0.112,0.449
997000,0.450,0.105,0.445
998000,0.435,0.107,0.458
999000,0.449,0.098,0.453
1000000,0.433,0.103,0.464
