time,n_A+p,n_B,n_AB
500,0.010,0.985,0.005
1000,0.010,0.973,0.017
1500,0.010,0.971,0.019
2000,0.010,0.957,0.033
2500,0.010,0.964,0.026
3000,0.010,0.958,0.032
3500,0.010,0.958,0.032
4000,0.010,0.970,0.020
4500,0.010,0.980,0.010
5000,0.010,0.980,0.010
5500,0.010,0.978,0.012
6000,0.010,0.977,0.013
6500,0.010,0.976,0.014
7000,0.010,0.970,0.020
7500,0.010,0.974,0.016
8000,0.010,0.967,0.023
8500,0.010,0.969,0.021
9000,0.010,0.969,0.021
9500,0.010,0.964,0.026
10000,0.010,0.963,0.027
10500,0.010,0.970,0.020
11000,0.010,0.969,0.021
11500,0.010,0.970,0.020
12000,0.010,0.970,0.020
12500,0.010,0.965,0.025
13000,0.010,0.955,0.035
13500,0.010,0.953,0.037
14000,0.010,0.949,0.041
14500,0.010,0.954,0.036
15000,0.010,0.949,0.041
15500,0.010,0.956,0.034
16000,0.010,0.964,0.026
16500,0.010,0.968,0.022
17000,0.010,0.971,0.019
17500,0.010,0.970,0.020
18000,0.010,0.973,0.017
18500,0.010,0.968,0.022
19000,0.010,0.966,0.024
19500,0.010,0.966,0.024
20000,0.010,0.974,0.016
20500,0.010,0.973,0.017
21000,0.010,0.975,0.015
21500,0.010,0.970,0.020
22000,0.010,0.977,0.013
22500,0.010,0.970,0.020
23000,0.010,0.972,0.018
23500,0.010,0.974,0.016
24000,0.010,0.972,0.018
24500,0.010,0.962,0.028
25000,0.010,0.966,0.024
25500,0.010,0.963,0.027
26000,0.010,0.951,0.039
26500,0.010,0.955,0.035
27000,0.010,0.957,0.033
27500,0.010,0.962,0.028
28000,0.010,0.959,0.031
28500,0.010,0.969,0.021
29000,0.010,0.966,0.024
29500,0.010,0.972,0.018
30000,0.010,0.967,0.023
30500,0.010,0.966,0.024
31000,0.010,0.961,0.029
31500,0.010,0.975,0.015
32000,0.010,0.967,0.023
32500,0.010,0.972,0.018
33000,0.010,0.974,0.016
33500,0.010,0.972,0.018
34000,0.010,0.977,0.013
34500,0.010,0.976,0.014
35000,0.010,0.973,0.017
35500,0.010,0.979,0.011
36000,0.010,0.979,0.011
36500,0.010,0.975,0.015
37000,0.010,0.973,0.017
37500,0.010,0.969,0.021
38000,0.010,0.964,0.026
38500,0.010,0.979,0.011
39000,0.010,0.979,0.011
39500,0.010,0.970,0.020
40000,0.010,0.970,0.020
40500,0.010,0.959,0.031
41000,0.010,0.974,0.016
41500,0.010,0.970,0.020
42000,0.010,0.963,0.027
42500,0.010,0.970,0.020
43000,0.010,0.968,0.022
43500,0.010,0.977,0.013
44000,0.010,0.976,0.014
44500,0.010,0.962,0.028
45000,0.010,0.966,0.024
45500,0.010,0.965,0.025
46000,0.010,0.966,0.024
46500,0.010,0.974,0.016
47000,0.010,0.974,0.016
47500,0.010,0.978,0.012
48000,0.010,0.974,0.016
48500,0.010,0.975,0.015
49000,0.010,0.960,0.030
49500,0.010,0.971,0.019
50000,0.010,0.966,0.024
50500,0.010,0.968,0.022
51000,0.010,0.972,0.018
51500,0.010,0.967,0.023
52000,0.010,0.971,0.019
52500,0.010,0.964,0.026
53000,0.010,0.959,0.031
53500,0.010,0.962,0.028
54000,0.010,0.963,0.027
54500,0.010,0.972,0.018
55000,0.010,0.976,0.014
55500,0.010,0.973,0.017
56000,0.010,0.976,0.014
56500,0.010,0.975,0.015
57000,0.010,0.981,0.009
57500,0.010,0.976,0.014
58000,0.010,0.971,0.019
58500,0.010,0.966,0.024
59000,0.010,0.961,0.029
59500,0.010,0.966,0.024
60000,0.010,0.971,0.019
60500,0.010,0.974,0.016
61000,0.010,0.971,0.019
61500,0.010,0.974,0.016
62000,0.010,0.958,0.032
62500,0.010,0.959,0.031
63000,0.010,0.961,0.029
63500,0.010,0.966,0.024
64000,0.010,0.964,0.026
64500,0.010,0.976,0.014
65000,0.010,0.974,0.016
65500,0.010,0.971,0.019
66000,0.010,0.972,0.018
66500,0.010,0.980,0.010
67000,0.010,0.977,0.013
67500,0.010,0.969,0.021
68000,0.010,0.965,0.025
68500,0.010,0.959,0.031
69000,0.010,0.964,0.026
69500,0.010,0.967,0.023
70000,0.010,0.974,0.016
70500,0.010,0.975,0.015
71000,0.010,0.977,0.013
71500,0.010,0.977,0.013
72000,0.010,0.978,0.012
72500,0.010,0.984,0.006
73000,0.010,0.983,0.007
73500,0.010,0.976,0.014
74000,0.010,0.968,0.022
74500,0.010,0.973,0.017
75000,0.010,0.967,0.023
75500,0.010,0.966,0.024
76000,0.010,0.971,0.019
76500,0.010,0.976,0.014
77000,0.010,0.977,0.013
77500,0.010,0.977,0.013
78000,0.010,0.972,0.018
78500,0.010,0.980,0.010
79000,0.010,0.980,0.010
79500,0.010,0.975,0.015
80000,0.010,0.977,0.013
80500,0.010,0.977,0.013
81000,0.010,0.970,0.020
81500,0.010,0.972,0.018
82000,0.010,0.977,0.013
82500,0.010,0.977,0.013
83000,0.010,0.971,0.019
83500,0.010,0.969,0.021
84000,0.010,0.956,0.034
84500,0.010,0.970,0.020
85000,0.010,0.968,0.022
85500,0.010,0.973,0.017
86000,0.010,0.965,0.025
86500,0.010,0.960,0.030
87000,0.010,0.965,0.025
87500,0.010,0.968,0.022
88000,0.010,0.962,0.028
88500,0.010,0.963,0.027
89000,0.010,0.968,0.022
89500,0.010,0.970,0.020
90000,0.010,0.968,0.022
90500,0.010,0.972,0.018
91000,0.010,0.972,0.018
91500,0.010,0.973,0.017
92000,0.010,0.968,0.022
92500,0.010,0.972,0.018
93000,0.010,0.960,0.030
93500,0.010,0.963,0.027
94000,0.010,0.961,0.029
94500,0.010,0.960,0.030
95000,0.010,0.960,0.030
95500,0.010,0.967,0.023
96000,0.010,0.975,0.015
96500,0.010,0.967,0.023
97000,0.010,0.969,0.021
97500,0.010,0.968,0.022
98000,0.010,0.970,0.020
98500,0.010,0.957,0.033
99000,0.010,0.963,0.027
99500,0.010,0.968,0.022
100000,0.010,0.974,0.016
100500,0.010,0.975,0.015
101000,0.010,0.984,0.006
101500,0.010,0.980,0.010
102000,0.010,0.978,0.012
102500,0.010,0.971,0.019
103000,0.010,0.975,0.015
103500,0.010,0.964,0.026
104000,0.010,0.969,0.021
104500,0.010,0.972,0.018
105000,0.010,0.970,0.020
105500,0.010,0.965,0.025
106000,0.010,0.969,0.021
106500,0.010,0.971,0.019
107000,0.010,0.962,0.028
107500,0.010,0.961,0.029
108000,0.010,0.950,0.040
108500,0.010,0.952,0.038
109000,0.010,0.961,0.029
109500,0.010,0.964,0.026
110000,0.010,0.963,0.027
110500,0.010,0.956,0.034
111000,0.010,0.955,0.035
111500,0.010,0.955,0.035
112000,0.010,0.960,0.030
112500,0.010,0.965,0.025
113000,0.010,0.971,0.019
113500,0.010,0.969,0.021
114000,0.010,0.974,0.016
114500,0.010,0.976,0.014
115000,0.010,0.979,0.011
115500,0.010,0.977,0.013
116000,0.010,0.978,0.012
116500,0.010,0.972,0.018
117000,0.010,0.977,0.013
117500,0.010,0.972,0.018
118000,0.010,0.975,0.015
118500,0.010,0.975,0.015
119000,0.010,0.976,0.014
119500,0.010,0.977,0.013
120000,0.010,0.974,0.016
120500,0.010,0.981,0.009
121000,0.010,0.976,0.014
121500,0.010,0.972,0.018
122000,0.010,0.970,0.020
122500,0.010,0.965,0.025
123000,0.010,0.955,0.035
123500,0.010,0.947,0.043
124000,0.010,0.962,0.028
124500,0.010,0.968,0.022
125000,0.010,0.961,0.029
125500,0.010,0.963,0.027
126000,0.010,0.961,0.029
126500,0.010,0.965,0.025
127000,0.010,0.967,0.023
127500,0.010,0.974,0.016
128000,0.010,0.970,0.020
128500,0.010,0.967,0.023
129000,0.010,0.969,0.021
129500,0.010,0.971,0.019
130000,0.010,0.965,0.025
130500,0.010,0.970,0.020
131000,0.010,0.970,0.020
131500,0.010,0.981,0.009
132000,0.010,0.984,0.006
132500,0.010,0.983,0.007
133000,0.010,0.983,0.007
133500,0.010,0.968,0.022
134000,0.010,0.967,0.023
134500,0.010,0.964,0.026
135000,0.010,0.967,0.023
135500,0.010,0.971,0.019
136000,0.010,0.973,0.017
136500,0.010,0.970,0.020
137000,0.010,0.973,0.017
137500,0.010,0.973,0.017
138000,0.010,0.977,0.013
138500,0.010,0.974,0.016
139000,0.010,0.975,0.015
139500,0.010,0.967,0.023
140000,0.010,0.968,0.022
140500,0.010,0.958,0.032
141000,0.010,0.966,0.024
141500,0.010,0.974,0.016
142000,0.010,0.972,0.018
142500,0.010,0.968,0.022
143000,0.010,0.967,0.023
143500,0.010,0.968,0.022
144000,0.010,0.974,0.016
144500,0.010,0.964,0.026
145000,0.010,0.961,0.029
145500,0.010,0.963,0.027
146000,0.010,0.960,0.030
146500,0.010,0.957,0.033
147000,0.010,0.970,0.020
147500,0.010,0.967,0.023
148000,0.010,0.951,0.039
148500,0.010,0.961,0.029
149000,0.010,0.956,0.034
149500,0.010,0.951,0.039
150000,0.010,0.948,0.042
150500,0.010,0.954,0.036
151000,0.010,0.969,0.021
151500,0.010,0.971,0.019
152000,0.010,0.971,0.019
152500,0.010,0.976,0.014
153000,0.010,0.974,0.016
153500,0.010,0.976,0.014
154000,0.010,0.971,0.019
154500,0.010,0.968,0.022
155000,0.010,0.967,0.023
155500,0.010,0.967,0.023
156000,0.010,0.974,0.016
156500,0.010,0.972,0.018
157000,0.010,0.971,0.019
157500,0.010,0.971,0.019
158000,0.010,0.975,0.015
158500,0.010,0.978,0.012
159000,0.010,0.974,0.016
159500,0.010,0.968,0.022
160000,0.010,0.965,0.025
160500,0.010,0.963,0.027
161000,0.010,0.968,0.022
161500,0.010,0.969,0.021
162000,0.010,0.973,0.017
162500,0.010,0.966,0.024
163000,0.010,0.964,0.026
163500,0.010,0.955,0.035
164000,0.010,0.957,0.033
164500,0.010,0.960,0.030
165000,0.010,0.962,0.028
165500,0.010,0.972,0.018
166000,0.010,0.974,0.016
166500,0.010,0.972,0.018
167000,0.010,0.974,0.016
167500,0.010,0.963,0.027
168000,0.010,0.962,0.028
168500,0.010,0.968,0.022
169000,0.010,0.971,0.019
169500,0.010,0.969,0.021
170000,0.010,0.972,0.018
170500,0.010,0.973,0.017
171000,0.010,0.975,0.015
171500,0.010,0.980,0.010
172000,0.010,0.973,0.017
172500,0.010,0.971,0.019
173000,0.010,0.969,0.021
173500,0.010,0.973,0.017
174000,0.010,0.961,0.029
174500,0.010,0.954,0.036
175000,0.010,0.971,0.019
175500,0.010,0.976,0.014
176000,0.010,0.980,0.010
176500,0.010,0.976,0.014
177000,0.010,0.974,0.016
177500,0.010,0.968,0.022
178000,0.010,0.972,0.018
178500,0.010,0.966,0.024
179000,0.010,0.963,0.027
179500,0.010,0.959,0.031
180000,0.010,0.961,0.029
180500,0.010,0.968,0.022
181000,0.010,0.962,0.028
181500,0.010,0.953,0.037
182000,0.010,0.964,0.026
182500,0.010,0.963,0.027
183000,0.010,0.970,0.020
183500,0.010,0.976,0.014
184000,0.010,0.972,0.018
184500,0.010,0.975,0.015
185000,0.010,0.969,0.021
185500,0.010,0.979,0.011
186000,0.010,0.976,0.014
186500,0.010,0.966,0.024
187000,0.010,0.970,0.020
187500,0.010,0.970,0.020
188000,0.010,0.972,0.018
188500,0.010,0.971,0.019
189000,0.010,0.968,0.022
189500,0.010,0.973,0.017
190000,0.010,0.970,0.020
190500,0.010,0.971,0.019
191000,0.010,0.971,0.019
191500,0.010,0.968,0.022
192000,0.010,0.976,0.014
192500,0.010,0.971,0.019
193000,0.010,0.968,0.022
193500,0.010,0.972,0.018
194000,0.010,0.974,0.016
194500,0.010,0.974,0.016
195000,0.010,0.976,0.014
195500,0.010,0.970,0.020
196000,0.010,0.975,0.015
196500,0.010,0.979,0.011
197000,0.010,0.983,0.007
197500,0.010,0.982,0.008
198000,0.010,0.977,0.013
198500,0.010,0.984,0.006
199000,0.010,0.982,0.008
199500,0.010,0.975,0.015
200000,0.010,0.971,0.019
200500,0.010,0.974,0.016
201000,0.010,0.963,0.027
201500,0.010,0.963,0.027
202000,0.010,0.962,0.028
202500,0.010,0.956,0.034
203000,0.010,0.959,0.031
203500,0.010,0.957,0.033
204000,0.010,0.961,0.029
204500,0.010,0.961,0.029
205000,0.010,0.968,0.022
205500,0.010,0.970,0.020
206000,0.010,0.972,0.018
206500,0.010,0.968,0.022
207000,0.010,0.974,0.016
207500,0.010,0.966,0.024
208000,0.010,0.973,0.017
208500,0.010,0.977,0.013
209000,0.010,0.976,0.014
209500,0.010,0.970,0.020
210000,0.010,0.974,0.016
210500,0.010,0.967,0.023
211000,0.010,0.961,0.029
211500,0.010,0.965,0.025
212000,0.010,0.969,0.021
212500,0.010,0.970,0.020
213000,0.010,0.969,0.021
213500,0.010,0.965,0.025
214000,0.010,0.961,0.029
214500,0.010,0.964,0.026
215000,0.010,0.956,0.034
215500,0.010,0.953,0.037
216000,0.010,0.956,0.034
216500,0.010,0.965,0.025
217000,0.010,0.968,0.022
217500,0.010,0.973,0.017
218000,0.010,0.971,0.019
218500,0.010,0.967,0.023
219000,0.010,0.962,0.028
219500,0.010,0.965,0.025
220000,0.010,0.969,0.021
220500,0.010,0.968,0.022
221000,0.010,0.973,0.017
221500,0.010,0.968,0.022
222000,0.010,0.973,0.017
222500,0.010,0.976,0.014
223000,0.010,0.972,0.018
223500,0.010,0.966,0.024
224000,0.010,0.961,0.029
224500,0.010,0.957,0.033
225000,0.010,0.966,0.024
225500,0.010,0.966,0.024
226000,0.010,0.968,0.022
226500,0.010,0.959,0.031
227000,0.010,0.956,0.034
227500,0.010,0.967,0.023
228000,0.010,0.970,0.020
228500,0.010,0.971,0.019
229000,0.010,0.974,0.016
229500,0.010,0.970,0.020
230000,0.010,0.969,0.021
230500,0.010,0.973,0.017
231000,0.010,0.969,0.021
231500,0.010,0.957,0.033
232000,0.010,0.963,0.027
232500,0.010,0.968,0.022
233000,0.010,0.969,0.021
233500,0.010,0.960,0.030
234000,0.010,0.972,0.018
234500,0.010,0.977,0.013
235000,0.010,0.971,0.019
235500,0.010,0.972,0.018
236000,0.010,0.976,0.014
236500,0.010,0.977,0.013
237000,0.010,0.976,0.014
237500,0.010,0.973,0.017
238000,0.010,0.978,0.012
238500,0.010,0.977,0.013
239000,0.010,0.974,0.016
239500,0.010,0.963,0.027
240000,0.010,0.959,0.031
240500,0.010,0.963,0.027
241000,0.010,0.969,0.021
241500,0.010,0.966,0.024
242000,0.010,0.957,0.033
242500,0.010,0.966,0.024
243000,0.010,0.968,0.022
243500,0.010,0.975,0.015
244000,0.010,0.977,0.013
244500,0.010,0.968,0.022
245000,0.010,0.972,0.018
245500,0.010,0.971,0.019
246000,0.010,0.957,0.033
246500,0.010,0.962,0.028
247000,0.010,0.969,0.021
247500,0.010,0.963,0.027
248000,0.010,0.971,0.019
248500,0.010,0.972,0.018
249000,0.010,0.977,0.013
249500,0.010,0.969,0.021
250000,0.010,0.972,0.018
250500,0.010,0.975,0.015
251000,0.010,0.977,0.013
251500,0.010,0.972,0.018
252000,0.010,0.975,0.015
252500,0.010,0.983,0.007
253000,0.010,0.981,0.009
253500,0.010,0.984,0.006
254000,0.010,0.979,0.011
254500,0.010,0.977,0.013
255000,0.010,0.978,0.012
255500,0.010,0.974,0.016
256000,0.010,0.969,0.021
256500,0.010,0.965,0.025
257000,0.010,0.964,0.026
257500,0.010,0.965,0.025
258000,0.010,0.974,0.016
258500,0.010,0.966,0.024
259000,0.010,0.965,0.025
259500,0.010,0.970,0.020
260000,0.010,0.973,0.017
260500,0.010,0.968,0.022
261000,0.010,0.966,0.024
261500,0.010,0.975,0.015
262000,0.010,0.974,0.016
262500,0.010,0.974,0.016
263000,0.010,0.975,0.015
263500,0.010,0.969,0.021
264000,0.010,0.976,0.014
264500,0.010,0.980,0.010
265000,0.010,0.973,0.017
265500,0.010,0.963,0.027
266000,0.010,0.974,0.016
266500,0.010,0.982,0.008
267000,0.010,0.981,0.009
267500,0.010,0.975,0.015
268000,0.010,0.979,0.011
268500,0.010,0.976,0.014
269000,0.010,0.973,0.017
269500,0.010,0.966,0.024
270000,0.010,0.973,0.017
270500,0.010,0.973,0.017
271000,0.010,0.973,0.017
271500,0.010,0.974,0.016
272000,0.010,0.973,0.017
272500,0.010,0.975,0.015
273000,0.010,0.974,0.016
273500,0.010,0.976,0.014
274000,0.010,0.976,0.014
274500,0.010,0.967,0.023
275000,0.010,0.970,0.020
275500,0.010,0.974,0.016
276000,0.010,0.975,0.015
276500,0.010,0.966,0.024
277000,0.010,0.961,0.029
277500,0.010,0.961,0.029
278000,0.010,0.967,0.023
278500,0.010,0.967,0.023
279000,0.010,0.971,0.019
279500,0.010,0.962,0.028
280000,0.010,0.968,0.022
280500,0.010,0.956,0.034
281000,0.010,0.955,0.035
281500,0.010,0.955,0.035
282000,0.010,0.962,0.028
282500,0.010,0.960,0.030
283000,0.010,0.965,0.025
283500,0.010,0.964,0.026
284000,0.010,0.967,0.023
284500,0.010,0.965,0.025
285000,0.010,0.975,0.015
285500,0.010,0.979,0.011
286000,0.010,0.973,0.017
286500,0.010,0.969,0.021
287000,0.010,0.967,0.023
287500,0.010,0.977,0.013
288000,0.010,0.978,0.012
288500,0.010,0.973,0.017
289000,0.010,0.967,0.023
289500,0.010,0.969,0.021
290000,0.010,0.968,0.022
290500,0.010,0.968,0.022
291000,0.010,0.953,0.037
291500,0.010,0.961,0.029
292000,0.010,0.958,0.032
292500,0.010,0.960,0.030
293000,0.010,0.959,0.031
293500,0.010,0.966,0.024
294000,0.010,0.971,0.019
294500,0.010,0.977,0.013
295000,0.010,0.980,0.010
295500,0.010,0.970,0.020
296000,0.010,0.971,0.019
296500,0.010,0.977,0.013
297000,0.010,0.978,0.012
297500,0.010,0.978,0.012
298000,0.010,0.970,0.020
298500,0.010,0.973,0.017
299000,0.010,0.976,0.014
299500,0.010,0.977,0.013
300000,0.010,0.967,0.023
300500,0.010,0.961,0.029
301000,0.010,0.955,0.035
301500,0.010,0.952,0.038
302000,0.010,0.963,0.027
302500,0.010,0.969,0.021
303000,0.010,0.972,0.018
303500,0.010,0.971,0.019
304000,0.010,0.966,0.024
304500,0.010,0.969,0.021
305000,0.010,0.979,0.011
305500,0.010,0.983,0.007
306000,0.010,0.974,0.016
306500,0.010,0.964,0.026
307000,0.010,0.966,0.024
307500,0.010,0.963,0.027
308000,0.010,0.970,0.020
308500,0.010,0.970,0.020
309000,0.010,0.977,0.013
309500,0.010,0.976,0.014
310000,0.010,0.964,0.026
310500,0.010,0.957,0.033
311000,0.010,0.962,0.028
311500,0.010,0.968,0.022
312000,0.010,0.971,0.019
312500,0.010,0.975,0.015
313000,0.010,0.979,0.011
313500,0.010,0.976,0.014
314000,0.010,0.975,0.015
314500,0.010,0.978,0.012
315000,0.010,0.971,0.019
315500,0.010,0.966,0.024
316000,0.010,0.973,0.017
316500,0.010,0.977,0.013
317000,0.010,0.959,0.031
317500,0.010,0.964,0.026
318000,0.010,0.961,0.029
318500,0.010,0.966,0.024
319000,0.010,0.966,0.024
319500,0.010,0.946,0.044
320000,0.010,0.954,0.036
320500,0.010,0.948,0.042
321000,0.010,0.950,0.040
321500,0.010,0.948,0.042
322000,0.010,0.947,0.043
322500,0.010,0.948,0.042
323000,0.010,0.961,0.029
323500,0.010,0.964,0.026
324000,0.010,0.962,0.028
324500,0.010,0.957,0.033
325000,0.010,0.964,0.026
325500,0.010,0.962,0.028
326000,0.010,0.962,0.028
326500,0.010,0.968,0.022
327000,0.010,0.973,0.017
327500,0.010,0.973,0.017
328000,0.010,0.976,0.014
328500,0.010,0.979,0.011
329000,0.010,0.975,0.015
329500,0.010,0.973,0.017
330000,0.010,0.979,0.011
330500,0.010,0.979,0.011
331000,0.010,0.980,0.010
331500,0.010,0.978,0.012
332000,0.010,0.981,0.009
332500,0.010,0.969,0.021
333000,0.010,0.972,0.018
333500,0.010,0.971,0.019
334000,0.010,0.971,0.019
334500,0.010,0.974,0.016
335000,0.010,0.978,0.012
335500,0.010,0.977,0.013
336000,0.010,0.971,0.019
336500,0.010,0.975,0.015
337000,0.010,0.972,0.018
337500,0.010,0.980,0.010
338000,0.010,0.973,0.017
338500,0.010,0.974,0.016
339000,0.010,0.963,0.027
339500,0.010,0.962,0.028
340000,0.010,0.964,0.026
340500,0.010,0.964,0.026
341000,0.010,0.969,0.021
341500,0.010,0.969,0.021
342000,0.010,0.969,0.021
342500,0.010,0.973,0.017
343000,0.010,0.974,0.016
343500,0.010,0.977,0.013
344000,0.010,0.973,0.017
344500,0.010,0.978,0.012
345000,0.010,0.974,0.016
345500,0.010,0.967,0.023
346000,0.010,0.961,0.029
346500,0.010,0.958,0.032
347000,0.010,0.961,0.029
347500,0.010,0.963,0.027
348000,0.010,0.966,0.024
348500,0.010,0.967,0.023
349000,0.010,0.966,0.024
349500,0.010,0.966,0.024
350000,0.010,0.956,0.034
350500,0.010,0.947,0.043
351000,0.010,0.941,0.049
351500,0.010,0.953,0.037
352000,0.010,0.965,0.025
352500,0.010,0.972,0.018
353000,0.010,0.963,0.027
353500,0.010,0.955,0.035
354000,0.010,0.965,0.025
354500,0.010,0.973,0.017
355000,0.010,0.980,0.010
355500,0.010,0.977,0.013
356000,0.010,0.981,0.009
356500,0.010,0.976,0.014
357000,0.010,0.979,0.011
357500,0.010,0.979,0.011
358000,0.010,0.968,0.022
358500,0.010,0.965,0.025
359000,0.010,0.954,0.036
359500,0.010,0.966,0.024
360000,0.010,0.973,0.017
360500,0.010,0.975,0.015
361000,0.010,0.971,0.019
361500,0.010,0.974,0.016
362000,0.010,0.964,0.026
362500,0.010,0.964,0.026
363000,0.010,0.966,0.024
363500,0.010,0.974,0.016
364000,0.010,0.970,0.020
364500,0.010,0.977,0.013
365000,0.010,0.971,0.019
365500,0.010,0.974,0.016
366000,0.010,0.973,0.017
366500,0.010,0.968,0.022
367000,0.010,0.972,0.018
367500,0.010,0.964,0.026
368000,0.010,0.958,0.032
368500,0.010,0.966,0.024
369000,0.010,0.965,0.025
369500,0.010,0.956,0.034
370000,0.010,0.966,0.024
370500,0.010,0.967,0.023
371000,0.010,0.971,0.019
371500,0.010,0.976,0.014
372000,0.010,0.971,0.019
372500,0.010,0.981,0.009
373000,0.010,0.979,0.011
373500,0.010,0.975,0.015
374000,0.010,0.970,0.020
374500,0.010,0.974,0.016
375000,0.010,0.969,0.021
375500,0.010,0.965,0.025
376000,0.010,0.961,0.029
376500,0.010,0.949,0.041
377000,0.010,0.966,0.024
377500,0.010,0.955,0.035
378000,0.010,0.959,0.031
378500,0.010,0.964,0.026
379000,0.010,0.963,0.027
379500,0.010,0.969,0.021
380000,0.010,0.963,0.027
380500,0.010,0.967,0.023
381000,0.010,0.964,0.026
381500,0.010,0.963,0.027
382000,0.010,0.972,0.018
382500,0.010,0.954,0.036
383000,0.010,0.962,0.028
383500,0.010,0.969,0.021
384000,0.010,0.968,0.022
384500,0.010,0.960,0.030
385000,0.010,0.950,0.040
385500,0.010,0.948,0.042
386000,0.010,0.967,0.023
386500,0.010,0.969,0.021
387000,0.010,0.961,0.029
387500,0.010,0.967,0.023
388000,0.010,0.965,0.025
388500,0.010,0.968,0.022
389000,0.010,0.960,0.030
389500,0.010,0.961,0.029
390000,0.010,0.965,0.025
390500,0.010,0.964,0.026
391000,0.010,0.966,0.024
391500,0.010,0.975,0.015
392000,0.010,0.964,0.026
392500,0.010,0.970,0.020
393000,0.010,0.978,0.012
393500,0.010,0.978,0.012
394000,0.010,0.977,0.013
394500,0.010,0.979,0.011
395000,0.010,0.976,0.014
395500,0.010,0.968,0.022
396000,0.010,0.967,0.023
396500,0.010,0.968,0.022
397000,0.010,0.971,0.019
397500,0.010,0.959,0.031
398000,0.010,0.961,0.029
398500,0.010,0.963,0.027
399000,0.010,0.969,0.021
399500,0.010,0.976,0.014
400000,0.010,0.974,0.016
400500,0.010,0.981,0.009
401000,0.010,0.972,0.018
401500,0.010,0.977,0.013
402000,0.010,0.978,0.012
402500,0.010,0.975,0.015
403000,0.010,0.968,0.022
403500,0.010,0.974,0.016
404000,0.010,0.980,0.010
404500,0.010,0.971,0.019
405000,0.010,0.972,0.018
405500,0.010,0.969,0.021
406000,0.010,0.975,0.015
406500,0.010,0.978,0.012
407000,0.010,0.971,0.019
407500,0.010,0.974,0.016
408000,0.010,0.976,0.014
408500,0.010,0.971,0.019
409000,0.010,0.969,0.021
409500,0.010,0.967,0.023
410000,0.010,0.963,0.027
410500,0.010,0.967,0.023
411000,0.010,0.970,0.020
411500,0.010,0.977,0.013
412000,0.010,0.973,0.017
412500,0.010,0.965,0.025
413000,0.010,0.960,0.030
413500,0.010,0.958,0.032
414000,0.010,0.963,0.027
414500,0.010,0.968,0.022
415000,0.010,0.970,0.020
415500,0.010,0.969,0.021
416000,0.010,0.973,0.017
416500,0.010,0.977,0.013
417000,0.010,0.976,0.014
417500,0.010,0.969,0.021
418000,0.010,0.971,0.019
418500,0.010,0.967,0.023
419000,0.010,0.966,0.024
419500,0.010,0.956,0.034
420000,0.010,0.963,0.027
420500,0.010,0.956,0.034
421000,0.010,0.965,0.025
421500,0.010,0.966,0.024
422000,0.010,0.978,0.012
422500,0.010,0.971,0.019
423000,0.010,0.966,0.024
423500,0.010,0.972,0.018
424000,0.010,0.966,0.024
424500,0.010,0.972,0.018
425000,0.010,0.978,0.012
425500,0.010,0.971,0.019
426000,0.010,0.969,0.021
426500,0.010,0.971,0.019
427000,0.010,0.975,0.015
427500,0.010,0.979,0.011
428000,0.010,0.973,0.017
428500,0.010,0.974,0.016
429000,0.010,0.975,0.015
429500,0.010,0.976,0.014
430000,0.010,0.969,0.021
430500,0.010,0.954,0.036
431000,0.010,0.954,0.036
431500,0.010,0.958,0.032
432000,0.010,0.945,0.045
432500,0.010,0.960,0.030
433000,0.010,0.969,0.021
433500,0.010,0.964,0.026
434000,0.010,0.961,0.029
434500,0.010,0.971,0.019
435000,0.010,0.962,0.028
435500,0.010,0.968,0.022
436000,0.010,0.969,0.021
436500,0.010,0.975,0.015
437000,0.010,0.972,0.018
437500,0.010,0.975,0.015
438000,0.010,0.977,0.013
438500,0.010,0.975,0.015
439000,0.010,0.980,0.010
439500,0.010,0.969,0.021
440000,0.010,0.958,0.032
440500,0.010,0.955,0.035
441000,0.010,0.967,0.023
441500,0.010,0.981,0.009
442000,0.010,0.971,0.019
442500,0.010,0.979,0.011
443000,0.010,0.982,0.008
443500,0.010,0.978,0.012
444000,0.010,0.981,0.009
444500,0.010,0.978,0.012
445000,0.010,0.971,0.019
445500,0.010,0.976,0.014
446000,0.010,0.977,0.013
446500,0.010,0.974,0.016
447000,0.010,0.969,0.021
447500,0.010,0.962,0.028
448000,0.010,0.969,0.021
448500,0.010,0.977,0.013
449000,0.010,0.978,0.012
449500,0.010,0.971,0.019
450000,0.010,0.978,0.012
450500,0.010,0.977,0.013
451000,0.010,0.979,0.011
451500,0.010,0.974,0.016
452000,0.010,0.978,0.012
452500,0.010,0.953,0.037
453000,0.010,0.967,0.023
453500,0.010,0.980,0.010
454000,0.010,0.982,0.008
454500,0.010,0.973,0.017
455000,0.010,0.970,0.020
455500,0.010,0.967,0.023
456000,0.010,0.966,0.024
456500,0.010,0.966,0.024
457000,0.010,0.962,0.028
457500,0.010,0.960,0.030
458000,0.010,0.959,0.031
458500,0.010,0.963,0.027
459000,0.010,0.964,0.026
459500,0.010,0.965,0.025
460000,0.010,0.967,0.023
460500,0.010,0.973,0.017
461000,0.010,0.976,0.014
461500,0.010,0.972,0.018
462000,0.010,0.982,0.008
462500,0.010,0.974,0.016
463000,0.010,0.970,0.020
463500,0.010,0.973,0.017
464000,0.010,0.963,0.027
464500,0.010,0.972,0.018
465000,0.010,0.974,0.016
465500,0.010,0.975,0.015
466000,0.010,0.971,0.019
466500,0.010,0.972,0.018
467000,0.010,0.968,0.022
467500,0.010,0.975,0.015
468000,0.010,0.973,0.017
468500,0.010,0.969,0.021
469000,0.010,0.964,0.026
469500,0.010,0.973,0.017
470000,0.010,0.970,0.020
470500,0.010,0.972,0.018
471000,0.010,0.974,0.016
471500,0.010,0.969,0.021
472000,0.010,0.956,0.034
472500,0.010,0.952,0.038
473000,0.010,0.958,0.032
473500,0.010,0.970,0.020
474000,0.010,0.969,0.021
474500,0.010,0.970,0.020
475000,0.010,0.969,0.021
475500,0.010,0.968,0.022
476000,0.010,0.964,0.026
476500,0.010,0.963,0.027
477000,0.010,0.964,0.026
477500,0.010,0.968,0.022
478000,0.010,0.978,0.012
478500,0.010,0.974,0.016
479000,0.010,0.974,0.016
479500,0.010,0.969,0.021
480000,0.010,0.972,0.018
480500,0.010,0.964,0.026
481000,0.010,0.956,0.034
481500,0.010,0.967,0.023
482000,0.010,0.969,0.021
482500,0.010,0.975,0.015
483000,0.010,0.971,0.019
483500,0.010,0.975,0.015
484000,0.010,0.974,0.016
484500,0.010,0.975,0.015
485000,0.010,0.980,0.010
485500,0.010,0.982,0.008
486000,0.010,0.972,0.018
486500,0.010,0.959,0.031
487000,0.010,0.955,0.035
487500,0.010,0.969,0.021
488000,0.010,0.970,0.020
488500,0.010,0.973,0.017
489000,0.010,0.981,0.009
489500,0.010,0.979,0.011
490000,0.010,0.977,0.013
490500,0.010,0.976,0.014
491000,0.010,0.973,0.017
491500,0.010,0.963,0.027
492000,0.010,0.965,0.025
492500,0.010,0.973,0.017
493000,0.010,0.962,0.028
493500,0.010,0.961,0.029
494000,0.010,0.951,0.039
494500,0.010,0.950,0.040
495000,0.010,0.961,0.029
495500,0.010,0.963,0.027
496000,0.010,0.966,0.024
496500,0.010,0.975,0.015
497000,0.010,0.966,0.024
497500,0.010,0.971,0.019
498000,0.010,0.975,0.015
498500,0.010,0.973,0.017
499000,0.010,0.966,0.024
499500,0.010,0.963,0.027
500000,0.010,0.965,0.025
500500,0.010,0.973,0.017
501000,0.010,0.973,0.017
501500,0.010,0.962,0.028
502000,0.010,0.971,0.019
502500,0.010,0.966,0.024
503000,0.010,0.964,0.026
503500,0.010,0.959,0.031
504000,0.010,0.964,0.026
504500,0.010,0.967,0.023
505000,0.010,0.967,0.023
505500,0.010,0.973,0.017
506000,0.010,0.968,0.022
506500,0.010,0.972,0.018
507000,0.010,0.965,0.025
507500,0.010,0.975,0.015
508000,0.010,0.975,0.015
508500,0.010,0.975,0.015
509000,0.010,0.971,0.019
509500,0.010,0.974,0.016
510000,0.010,0.969,0.021
510500,0.010,0.974,0.016
511000,0.010,0.978,0.012
511500,0.010,0.975,0.015
512000,0.010,0.973,0.017
512500,0.010,0.964,0.026
513000,0.010,0.963,0.027
513500,0.010,0.962,0.028
514000,0.010,0.968,0.022
514500,0.010,0.978,0.012
515000,0.010,0.980,0.010
515500,0.010,0.981,0.009
516000,0.010,0.976,0.014
516500,0.010,0.973,0.017
517000,0.010,0.968,0.022
517500,0.010,0.970,0.020
518000,0.010,0.971,0.019
518500,0.010,0.968,0.022
519000,0.010,0.971,0.019
519500,0.010,0.973,0.017
520000,0.010,0.968,0.022
520500,0.010,0.965,0.025
521000,0.010,0.963,0.027
521500,0.010,0.968,0.022
522000,0.010,0.958,0.032
522500,0.010,0.968,0.022
523000,0.010,0.961,0.029
523500,0.010,0.956,0.034
524000,0.010,0.956,0.034
524500,0.010,0.961,0.029
525000,0.010,0.975,0.015
525500,0.010,0.973,0.017
526000,0.010,0.981,0.009
526500,0.010,0.982,0.008
527000,0.010,0.970,0.020
527500,0.010,0.971,0.019
528000,0.010,0.978,0.012
528500,0.010,0.974,0.016
529000,0.010,0.971,0.019
529500,0.010,0.968,0.022
530000,0.010,0.969,0.021
530500,0.010,0.974,0.016
531000,0.010,0.964,0.026
531500,0.010,0.962,0.028
532000,0.010,0.969,0.021
532500,0.010,0.972,0.018
533000,0.010,0.964,0.026
533500,0.010,0.960,0.030
534000,0.010,0.966,0.024
534500,0.010,0.967,0.023
535000,0.010,0.968,0.022
535500,0.010,0.965,0.025
536000,0.010,0.961,0.029
536500,0.010,0.969,0.021
537000,0.010,0.969,0.021
537500,0.010,0.968,0.022
538000,0.010,0.961,0.029
538500,0.010,0.960,0.030
539000,0.010,0.966,0.024
539500,0.010,0.977,0.013
540000,0.010,0.977,0.013
540500,0.010,0.973,0.017
541000,0.010,0.977,0.013
541500,0.010,0.972,0.018
542000,0.010,0.978,0.012
542500,0.010,0.975,0.015
543000,0.010,0.977,0.013
543500,0.010,0.961,0.029
544000,0.010,0.964,0.026
544500,0.010,0.969,0.021
545000,0.010,0.975,0.015
545500,0.010,0.977,0.013
546000,0.010,0.980,0.010
546500,0.010,0.972,0.018
547000,0.010,0.979,0.011
547500,0.010,0.978,0.012
548000,0.010,0.978,0.012
548500,0.010,0.977,0.013
549000,0.010,0.979,0.011
549500,0.010,0.976,0.014
550000,0.010,0.979,0.011
550500,0.010,0.978,0.012
551000,0.010,0.974,0.016
551500,0.010,0.963,0.027
552000,0.010,0.967,0.023
552500,0.010,0.958,0.032
553000,0.010,0.960,0.030
553500,0.010,0.956,0.034
554000,0.010,0.962,0.028
554500,0.010,0.951,0.039
555000,0.010,0.943,0.047
555500,0.010,0.957,0.033
556000,0.010,0.965,0.025
556500,0.010,0.961,0.029
557000,0.010,0.964,0.026
557500,0.010,0.955,0.035
558000,0.010,0.953,0.037
558500,0.010,0.952,0.038
559000,0.010,0.964,0.026
559500,0.010,0.960,0.030
560000,0.010,0.958,0.032
560500,0.010,0.967,0.023
561000,0.010,0.970,0.020
561500,0.010,0.965,0.025
562000,0.010,0.978,0.012
562500,0.010,0.968,0.022
563000,0.010,0.976,0.014
563500,0.010,0.975,0.015
564000,0.010,0.983,0.007
564500,0.010,0.974,0.016
565000,0.010,0.973,0.017
565500,0.010,0.969,0.021
566000,0.010,0.967,0.023
566500,0.010,0.970,0.020
567000,0.010,0.979,0.011
567500,0.010,0.978,0.012
568000,0.010,0.968,0.022
568500,0.010,0.956,0.034
569000,0.010,0.965,0.025
569500,0.010,0.973,0.017
570000,0.010,0.972,0.018
570500,0.010,0.970,0.020
571000,0.010,0.971,0.019
571500,0.010,0.965,0.025
572000,0.010,0.962,0.028
572500,0.010,0.961,0.029
573000,0.010,0.964,0.026
573500,0.010,0.966,0.024
574000,0.010,0.950,0.040
574500,0.010,0.965,0.025
575000,0.010,0.971,0.019
575500,0.010,0.975,0.015
576000,0.010,0.970,0.020
576500,0.010,0.966,0.024
577000,0.010,0.969,0.021
577500,0.010,0.971,0.019
578000,0.010,0.970,0.020
578500,0.010,0.970,0.020
579000,0.010,0.973,0.017
579500,0.010,0.977,0.013
580000,0.010,0.974,0.016
580500,0.010,0.972,0.018
581000,0.010,0.969,0.021
581500,0.010,0.971,0.019
582000,0.010,0.971,0.019
582500,0.010,0.970,0.020
583000,0.010,0.968,0.022
583500,0.010,0.970,0.020
584000,0.010,0.973,0.017
584500,0.010,0.971,0.019
585000,0.010,0.974,0.016
585500,0.010,0.974,0.016
586000,0.010,0.976,0.014
586500,0.010,0.984,0.006
587000,0.010,0.986,0.004
587500,0.010,0.979,0.011
588000,0.010,0.971,0.019
588500,0.010,0.973,0.017
589000,0.010,0.977,0.013
589500,0.010,0.979,0.011
590000,0.010,0.971,0.019
590500,0.010,0.967,0.023
591000,0.010,0.974,0.016
591500,0.010,0.975,0.015
592000,0.010,0.984,0.006
592500,0.010,0.981,0.009
593000,0.010,0.983,0.007
593500,0.010,0.976,0.014
594000,0.010,0.974,0.016
594500,0.010,0.974,0.016
595000,0.010,0.964,0.026
595500,0.010,0.961,0.029
596000,0.010,0.958,0.032
596500,0.010,0.969,0.021
597000,0.010,0.971,0.019
597500,0.010,0.981,0.009
598000,0.010,0.978,0.012
598500,0.010,0.977,0.013
599000,0.010,0.978,0.012
599500,0.010,0.979,0.011
600000,0.010,0.977,0.013
600500,0.010,0.980,0.010
601000,0.010,0.972,0.018
601500,0.010,0.973,0.017
602000,0.010,0.974,0.016
602500,0.010,0.967,0.023
603000,0.010,0.971,0.019
603500,0.010,0.975,0.015
604000,0.010,0.975,0.015
604500,0.010,0.978,0.012
605000,0.010,0.973,0.017
605500,0.010,0.968,0.022
606000,0.010,0.975,0.015
606500,0.010,0.975,0.015
607000,0.010,0.976,0.014
607500,0.010,0.976,0.014
608000,0.010,0.974,0.016
608500,0.010,0.966,0.024
609000,0.010,0.967,0.023
609500,0.010,0.978,0.012
610000,0.010,0.978,0.012
610500,0.010,0.974,0.016
611000,0.010,0.977,0.013
611500,0.010,0.983,0.007
612000,0.010,0.983,0.007
612500,0.010,0.974,0.016
613000,0.010,0.978,0.012
613500,0.010,0.972,0.018
614000,0.010,0.978,0.012
614500,0.010,0.977,0.013
615000,0.010,0.968,0.022
615500,0.010,0.959,0.031
616000,0.010,0.961,0.029
616500,0.010,0.969,0.021
617000,0.010,0.970,0.020
617500,0.010,0.969,0.021
618000,0.010,0.952,0.038
618500,0.010,0.950,0.040
619000,0.010,0.956,0.034
619500,0.010,0.970,0.020
620000,0.010,0.968,0.022
620500,0.010,0.970,0.020
621000,0.010,0.962,0.028
621500,0.010,0.961,0.029
622000,0.010,0.974,0.016
622500,0.010,0.971,0.019
623000,0.010,0.967,0.023
623500,0.010,0.955,0.035
624000,0.010,0.961,0.029
624500,0.010,0.975,0.015
625000,0.010,0.958,0.032
625500,0.010,0.968,0.022
626000,0.010,0.970,0.020
626500,0.010,0.959,0.031
627000,0.010,0.967,0.023
627500,0.010,0.966,0.024
628000,0.010,0.969,0.021
628500,0.010,0.971,0.019
629000,0.010,0.966,0.024
629500,0.010,0.972,0.018
630000,0.010,0.970,0.020
630500,0.010,0.971,0.019
631000,0.010,0.965,0.025
631500,0.010,0.961,0.029
632000,0.010,0.967,0.023
632500,0.010,0.971,0.019
633000,0.010,0.970,0.020
633500,0.010,0.967,0.023
634000,0.010,0.960,0.030
634500,0.010,0.972,0.018
635000,0.010,0.972,0.018
635500,0.010,0.966,0.024
636000,0.010,0.966,0.024
636500,0.010,0.959,0.031
637000,0.010,0.954,0.036
637500,0.010,0.962,0.028
638000,0.010,0.949,0.041
638500,0.010,0.943,0.047
639000,0.010,0.952,0.038
639500,0.010,0.960,0.030
640000,0.010,0.955,0.035
640500,0.010,0.962,0.028
641000,0.010,0.957,0.033
641500,0.010,0.964,0.026
642000,0.010,0.965,0.025
642500,0.010,0.966,0.024
643000,0.010,0.973,0.017
643500,0.010,0.972,0.018
644000,0.010,0.974,0.016
644500,0.010,0.979,0.011
645000,0.010,0.974,0.016
645500,0.010,0.979,0.011
646000,0.010,0.979,0.011
646500,0.010,0.971,0.019
647000,0.010,0.978,0.012
647500,0.010,0.979,0.011
648000,0.010,0.980,0.010
648500,0.010,0.974,0.016
649000,0.010,0.970,0.020
649500,0.010,0.962,0.028
650000,0.010,0.974,0.016
650500,0.010,0.972,0.018
651000,0.010,0.972,0.018
651500,0.010,0.972,0.018
652000,0.010,0.969,0.021
652500,0.010,0.969,0.021
653000,0.010,0.960,0.030
653500,0.010,0.964,0.026
654000,0.010,0.966,0.024
654500,0.010,0.964,0.026
655000,0.010,0.963,0.027
655500,0.010,0.978,0.012
656000,0.010,0.982,0.008
656500,0.010,0.980,0.010
657000,0.010,0.969,0.021
657500,0.010,0.973,0.017
658000,0.010,0.974,0.016
658500,0.010,0.973,0.017
659000,0.010,0.973,0.017
659500,0.010,0.975,0.015
660000,0.010,0.975,0.015
660500,0.010,0.966,0.024
661000,0.010,0.970,0.020
661500,0.010,0.972,0.018
662000,0.010,0.976,0.014
662500,0.010,0.981,0.009
663000,0.010,0.977,0.013
663500,0.010,0.975,0.015
664000,0.010,0.982,0.008
664500,0.010,0.976,0.014
665000,0.010,0.982,0.008
665500,0.010,0.982,0.008
666000,0.010,0.977,0.013
666500,0.010,0.979,0.011
667000,0.010,0.975,0.015
667500,0.010,0.971,0.019
668000,0.010,0.966,0.024
668500,0.010,0.978,0.012
669000,0.010,0.982,0.008
669500,0.010,0.977,0.013
670000,0.010,0.975,0.015
670500,0.010,0.970,0.020
671000,0.010,0.965,0.025
671500,0.010,0.961,0.029
672000,0.010,0.956,0.034
672500,0.010,0.969,0.021
673000,0.010,0.964,0.026
673500,0.010,0.967,0.023
674000,0.010,0.965,0.025
674500,0.010,0.972,0.018
675000,0.010,0.974,0.016
675500,0.010,0.970,0.020
676000,0.010,0.969,0.021
676500,0.010,0.968,0.022
677000,0.010,0.964,0.026
677500,0.010,0.968,0.022
678000,0.010,0.966,0.024
678500,0.010,0.971,0.019
679000,0.010,0.970,0.020
679500,0.010,0.976,0.014
680000,0.010,0.976,0.014
680500,0.010,0.976,0.014
681000,0.010,0.981,0.009
681500,0.010,0.974,0.016
682000,0.010,0.972,0.018
682500,0.010,0.978,0.012
683000,0.010,0.980,0.010
683500,0.010,0.980,0.010
684000,0.010,0.963,0.027
684500,0.010,0.963,0.027
685000,0.010,0.959,0.031
685500,0.010,0.962,0.028
686000,0.010,0.957,0.033
686500,0.010,0.966,0.024
687000,0.010,0.968,0.022
687500,0.010,0.974,0.016
688000,0.010,0.969,0.021
688500,0.010,0.971,0.019
689000,0.010,0.948,0.042
689500,0.010,0.962,0.028
690000,0.010,0.969,0.021
690500,0.010,0.959,0.031
691000,0.010,0.960,0.030
691500,0.010,0.961,0.029
692000,0.010,0.959,0.031
692500,0.010,0.962,0.028
693000,0.010,0.966,0.024
693500,0.010,0.972,0.018
694000,0.010,0.977,0.013
694500,0.010,0.974,0.016
695000,0.010,0.968,0.022
695500,0.010,0.972,0.018
696000,0.010,0.961,0.029
696500,0.010,0.968,0.022
697000,0.010,0.975,0.015
697500,0.010,0.981,0.009
698000,0.010,0.966,0.024
698500,0.010,0.973,0.017
699000,0.010,0.975,0.015
699500,0.010,0.972,0.018
700000,0.010,0.968,0.022
700500,0.010,0.968,0.022
701000,0.010,0.975,0.015
701500,0.010,0.982,0.008
702000,0.010,0.980,0.010
702500,0.010,0.979,0.011
703000,0.010,0.982,0.008
703500,0.010,0.976,0.014
704000,0.010,0.978,0.012
704500,0.010,0.978,0.012
705000,0.010,0.982,0.008
705500,0.010,0.979,0.011
706000,0.010,0.973,0.017
706500,0.010,0.971,0.019
707000,0.010,0.963,0.027
707500,0.010,0.968,0.022
708000,0.010,0.972,0.018
708500,0.010,0.969,0.021
709000,0.010,0.970,0.020
709500,0.010,0.974,0.016
710000,0.010,0.982,0.008
710500,0.010,0.964,0.026
711000,0.010,0.970,0.020
711500,0.010,0.972,0.018
712000,0.010,0.971,0.019
712500,0.010,0.965,0.025
713000,0.010,0.976,0.014
713500,0.010,0.981,0.009
714000,0.010,0.979,0.011
714500,0.010,0.977,0.013
715000,0.010,0.970,0.020
715500,0.010,0.958,0.032
716000,0.010,0.976,0.014
716500,0.010,0.970,0.020
717000,0.010,0.968,0.022
717500,0.010,0.959,0.031
718000,0.010,0.957,0.033
718500,0.010,0.964,0.026
719000,0.010,0.962,0.028
719500,0.010,0.967,0.023
720000,0.010,0.964,0.026
720500,0.010,0.963,0.027
721000,0.010,0.964,0.026
721500,0.010,0.964,0.026
722000,0.010,0.963,0.027
722500,0.010,0.965,0.025
723000,0.010,0.963,0.027
723500,0.010,0.965,0.025
724000,0.010,0.970,0.020
724500,0.010,0.968,0.022
725000,0.010,0.965,0.025
725500,0.010,0.972,0.018
726000,0.010,0.969,0.021
726500,0.010,0.957,0.033
727000,0.010,0.962,0.028
727500,0.010,0.965,0.025
728000,0.010,0.973,0.017
728500,0.010,0.966,0.024
729000,0.010,0.967,0.023
729500,0.010,0.968,0.022
730000,0.010,0.968,0.022
730500,0.010,0.967,0.023
731000,0.010,0.972,0.018
731500,0.010,0.978,0.012
732000,0.010,0.971,0.019
732500,0.010,0.975,0.015
733000,0.010,0.978,0.012
733500,0.010,0.974,0.016
734000,0.010,0.968,0.022
734500,0.010,0.966,0.024
735000,0.010,0.967,0.023
735500,0.010,0.959,0.031
736000,0.010,0.971,0.019
736500,0.010,0.973,0.017
737000,0.010,0.955,0.035
737500,0.010,0.958,0.032
738000,0.010,0.967,0.023
738500,0.010,0.963,0.027
739000,0.010,0.953,0.037
739500,0.010,0.960,0.030
740000,0.010,0.956,0.034
740500,0.010,0.953,0.037
741000,0.010,0.967,0.023
741500,0.010,0.967,0.023
742000,0.010,0.969,0.021
742500,0.010,0.968,0.022
743000,0.010,0.968,0.022
743500,0.010,0.963,0.027
744000,0.010,0.965,0.025
744500,0.010,0.977,0.013
745000,0.010,0.977,0.013
745500,0.010,0.978,0.012
746000,0.010,0.976,0.014
746500,0.010,0.973,0.017
747000,0.010,0.973,0.017
747500,0.010,0.967,0.023
748000,0.010,0.969,0.021
748500,0.010,0.974,0.016
749000,0.010,0.977,0.013
749500,0.010,0.978,0.012
750000,0.010,0.972,0.018
750500,0.010,0.978,0.012
751000,0.010,0.978,0.012
751500,0.010,0.977,0.013
752000,0.010,0.974,0.016
752500,0.010,0.973,0.017
753000,0.010,0.975,0.015
753500,0.010,0.969,0.021
754000,0.010,0.966,0.024
754500,0.010,0.965,0.025
755000,0.010,0.974,0.016
755500,0.010,0.976,0.014
756000,0.010,0.971,0.019
756500,0.010,0.969,0.021
757000,0.010,0.966,0.024
757500,0.010,0.961,0.029
758000,0.010,0.950,0.040
758500,0.010,0.973,0.017
759000,0.010,0.979,0.011
759500,0.010,0.976,0.014
760000,0.010,0.967,0.023
760500,0.010,0.969,0.021
761000,0.010,0.980,0.010
761500,0.010,0.986,0.004
762000,0.010,0.980,0.010
762500,0.010,0.980,0.010
763000,0.010,0.979,0.011
763500,0.010,0.978,0.012
764000,0.010,0.971,0.019
764500,0.010,0.968,0.022
765000,0.010,0.967,0.023
765500,0.010,0.973,0.017
766000,0.010,0.963,0.027
766500,0.010,0.976,0.014
767000,0.010,0.975,0.015
767500,0.010,0.978,0.012
768000,0.010,0.979,0.011
768500,0.010,0.979,0.011
769000,0.010,0.980,0.010
769500,0.010,0.971,0.019
770000,0.010,0.975,0.015
770500,0.010,0.974,0.016
771000,0.010,0.979,0.011
771500,0.010,0.982,0.008
772000,0.010,0.977,0.013
772500,0.010,0.980,0.010
773000,0.010,0.981,0.009
773500,0.010,0.982,0.008
774000,0.010,0.968,0.022
774500,0.010,0.971,0.019
775000,0.010,0.975,0.015
775500,0.010,0.982,0.008
776000,0.010,0.978,0.012
776500,0.010,0.964,0.026
777000,0.010,0.964,0.026
777500,0.010,0.973,0.017
778000,0.010,0.979,0.011
778500,0.010,0.970,0.020
779000,0.010,0.979,0.011
779500,0.010,0.975,0.015
780000,0.010,0.972,0.018
780500,0.010,0.966,0.024
781000,0.010,0.973,0.017
781500,0.010,0.976,0.014
782000,0.010,0.976,0.014
782500,0.010,0.982,0.008
783000,0.010,0.980,0.010
783500,0.010,0.980,0.010
784000,0.010,0.979,0.011
784500,0.010,0.974,0.016
785000,0.010,0.968,0.022
785500,0.010,0.967,0.023
786000,0.010,0.972,0.018
786500,0.010,0.968,0.022
787000,0.010,0.970,0.020
787500,0.010,0.960,0.030
788000,0.010,0.941,0.049
788500,0.010,0.939,0.051
789000,0.010,0.946,0.044
789500,0.010,0.959,0.031
790000,0.010,0.961,0.029
790500,0.010,0.968,0.022
791000,0.010,0.968,0.022
791500,0.010,0.965,0.025
792000,0.010,0.966,0.024
792500,0.010,0.966,0.024
793000,0.010,0.962,0.028
793500,0.010,0.965,0.025
794000,0.010,0.969,0.021
794500,0.010,0.975,0.015
795000,0.010,0.979,0.011
795500,0.010,0.965,0.025
796000,0.010,0.967,0.023
796500,0.010,0.979,0.011
797000,0.010,0.967,0.023
797500,0.010,0.968,0.022
798000,0.010,0.972,0.018
798500,0.010,0.973,0.017
799000,0.010,0.976,0.014
799500,0.010,0.960,0.030
800000,0.010,0.955,0.035
800500,0.010,0.957,0.033
801000,0.010,0.963,0.027
801500,0.010,0.965,0.025
802000,0.010,0.964,0.026
802500,0.010,0.976,0.014
803000,0.010,0.969,0.021
803500,0.010,0.977,0.013
804000,0.010,0.971,0.019
804500,0.010,0.971,0.019
805000,0.010,0.963,0.027
805500,0.010,0.975,0.015
806000,0.010,0.968,0.022
806500,0.010,0.966,0.024
807000,0.010,0.963,0.027
807500,0.010,0.968,0.022
808000,0.010,0.973,0.017
808500,0.010,0.974,0.016
809000,0.010,0.965,0.025
809500,0.010,0.951,0.039
810000,0.010,0.967,0.023
810500,0.010,0.951,0.039
811000,0.010,0.958,0.032
811500,0.010,0.963,0.027
812000,0.010,0.968,0.022
812500,0.010,0.969,0.021
813000,0.010,0.965,0.025
813500,0.010,0.970,0.020
814000,0.010,0.974,0.016
814500,0.010,0.957,0.033
815000,0.010,0.970,0.020
815500,0.010,0.967,0.023
816000,0.010,0.970,0.020
816500,0.010,0.973,0.017
817000,0.010,0.967,0.023
817500,0.010,0.959,0.031
818000,0.010,0.954,0.036
818500,0.010,0.953,0.037
819000,0.010,0.944,0.046
819500,0.010,0.956,0.034
820000,0.010,0.965,0.025
820500,0.010,0.963,0.027
821000,0.010,0.972,0.018
821500,0.010,0.979,0.011
822000,0.010,0.971,0.019
822500,0.010,0.966,0.024
823000,0.010,0.960,0.030
823500,0.010,0.966,0.024
824000,0.010,0.968,0.022
824500,0.010,0.966,0.024
825000,0.010,0.979,0.011
825500,0.010,0.975,0.015
826000,0.010,0.976,0.014
826500,0.010,0.969,0.021
827000,0.010,0.971,0.019
827500,0.010,0.963,0.027
828000,0.010,0.962,0.028
828500,0.010,0.966,0.024
829000,0.010,0.964,0.026
829500,0.010,0.968,0.022
830000,0.010,0.964,0.026
830500,0.010,0.966,0.024
831000,0.010,0.971,0.019
831500,0.010,0.970,0.020
832000,0.010,0.969,0.021
832500,0.010,0.970,0.020
833000,0.010,0.972,0.018
833500,0.010,0.963,0.027
834000,0.010,0.964,0.026
834500,0.010,0.966,0.024
835000,0.010,0.977,0.013
835500,0.010,0.974,0.016
836000,0.010,0.971,0.019
836500,0.010,0.968,0.022
837000,0.010,0.963,0.027
837500,0.010,0.954,0.036
838000,0.010,0.966,0.024
838500,0.010,0.966,0.024
839000,0.010,0.966,0.024
839500,0.010,0.961,0.029
840000,0.010,0.966,0.024
840500,0.010,0.967,0.023
841000,0.010,0.967,0.023
841500,0.010,0.966,0.024
842000,0.010,0.973,0.017
842500,0.010,0.970,0.020
843000,0.010,0.975,0.015
843500,0.010,0.968,0.022
844000,0.010,0.959,0.031
844500,0.010,0.962,0.028
845000,0.010,0.965,0.025
845500,0.010,0.960,0.030
846000,0.010,0.954,0.036
846500,0.010,0.967,0.023
847000,0.010,0.961,0.029
847500,0.010,0.962,0.028
848000,0.010,0.964,0.026
848500,0.010,0.972,0.018
849000,0.010,0.978,0.012
849500,0.010,0.979,0.011
850000,0.010,0.964,0.026
850500,0.010,0.970,0.020
851000,0.010,0.973,0.017
851500,0.010,0.976,0.014
852000,0.010,0.975,0.015
852500,0.010,0.971,0.019
853000,0.010,0.973,0.017
853500,0.010,0.967,0.023
854000,0.010,0.959,0.031
854500,0.010,0.961,0.029
855000,0.010,0.959,0.031
855500,0.010,0.964,0.026
856000,0.010,0.969,0.021
856500,0.010,0.967,0.023
857000,0.010,0.971,0.019
857500,0.010,0.973,0.017
858000,0.010,0.982,0.008
858500,0.010,0.980,0.010
859000,0.010,0.973,0.017
859500,0.010,0.971,0.019
860000,0.010,0.967,0.023
860500,0.010,0.970,0.020
861000,0.010,0.977,0.013
861500,0.010,0.968,0.022
862000,0.010,0.966,0.024
862500,0.010,0.967,0.023
863000,0.010,0.967,0.023
863500,0.010,0.970,0.020
864000,0.010,0.967,0.023
864500,0.010,0.966,0.024
865000,0.010,0.970,0.020
865500,0.010,0.974,0.016
866000,0.010,0.974,0.016
866500,0.010,0.971,0.019
867000,0.010,0.967,0.023
867500,0.010,0.967,0.023
868000,0.010,0.971,0.019
868500,0.010,0.967,0.023
869000,0.010,0.977,0.013
869500,0.010,0.972,0.018
870000,0.010,0.974,0.016
870500,0.010,0.969,0.021
871000,0.010,0.968,0.022
871500,0.010,0.970,0.020
872000,0.010,0.964,0.026
872500,0.010,0.971,0.019
873000,0.010,0.971,0.019
873500,0.010,0.976,0.014
874000,0.010,0.975,0.015
874500,0.010,0.970,0.020
875000,0.010,0.965,0.025
875500,0.010,0.976,0.014
876000,0.010,0.974,0.016
876500,0.010,0.971,0.019
877000,0.010,0.976,0.014
877500,0.010,0.980,0.010
878000,0.010,0.978,0.012
878500,0.010,0.979,0.011
879000,0.010,0.976,0.014
879500,0.010,0.967,0.023
880000,0.010,0.960,0.030
880500,0.010,0.954,0.036
881000,0.010,0.959,0.031
881500,0.010,0.952,0.038
882000,0.010,0.959,0.031
882500,0.010,0.966,0.024
883000,0.010,0.956,0.034
883500,0.010,0.956,0.034
884000,0.010,0.967,0.023
884500,0.010,0.970,0.020
885000,0.010,0.974,0.016
885500,0.010,0.971,0.019
886000,0.010,0.959,0.031
886500,0.010,0.967,0.023
887000,0.010,0.968,0.022
887500,0.010,0.973,0.017
888000,0.010,0.959,0.031
888500,0.010,0.969,0.021
889000,0.010,0.965,0.025
889500,0.010,0.966,0.024
890000,0.010,0.971,0.019
890500,0.010,0.966,0.024
891000,0.010,0.964,0.026
891500,0.010,0.968,0.022
892000,0.010,0.965,0.025
892500,0.010,0.960,0.030
893000,0.010,0.969,0.021
893500,0.010,0.965,0.025
894000,0.010,0.971,0.019
894500,0.010,0.970,0.020
895000,0.010,0.970,0.020
895500,0.010,0.972,0.018
896000,0.010,0.978,0.012
896500,0.010,0.974,0.016
897000,0.010,0.980,0.010
897500,0.010,0.976,0.014
898000,0.010,0.967,0.023
898500,0.010,0.964,0.026
899000,0.010,0.968,0.022
899500,0.010,0.966,0.024
900000,0.010,0.954,0.036
900500,0.010,0.952,0.038
901000,0.010,0.950,0.040
901500,0.010,0.970,0.020
902000,0.010,0.972,0.018
902500,0.010,0.978,0.012
903000,0.010,0.981,0.009
903500,0.010,0.982,0.008
904000,0.010,0.984,0.006
904500,0.010,0.984,0.006
905000,0.010,0.975,0.015
905500,0.010,0.971,0.019
906000,0.010,0.978,0.012
906500,0.010,0.976,0.014
907000,0.010,0.962,0.028
907500,0.010,0.963,0.027
908000,0.010,0.970,0.020
908500,0.010,0.957,0.033
909000,0.010,0.962,0.028
909500,0.010,0.964,0.026
910000,0.010,0.966,0.024
910500,0.010,0.965,0.025
911000,0.010,0.967,0.023
911500,0.010,0.970,0.020
912000,0.010,0.968,0.022
912500,0.010,0.974,0.016
913000,0.010,0.982,0.008
913500,0.010,0.977,0.013
914000,0.010,0.976,0.014
914500,0.010,0.968,0.022
915000,0.010,0.972,0.018
915500,0.010,0.974,0.016
916000,0.010,0.974,0.016
916500,0.010,0.969,0.021
917000,0.010,0.968,0.022
917500,0.010,0.978,0.012
918000,0.010,0.974,0.016
918500,0.010,0.976,0.014
919000,0.010,0.971,0.019
919500,0.010,0.964,0.026
920000,0.010,0.976,0.014
920500,0.010,0.969,0.021
921000,0.010,0.957,0.033
921500,0.010,0.955,0.035
922000,0.010,0.967,0.023
922500,0.010,0.958,0.032
923000,0.010,0.972,0.018
923500,0.010,0.975,0.015
924000,0.010,0.967,0.023
924500,0.010,0.973,0.017
925000,0.010,0.967,0.023
925500,0.010,0.964,0.026
926000,0.010,0.965,0.025
926500,0.010,0.966,0.024
927000,0.010,0.973,0.017
927500,0.010,0.983,0.007
928000,0.010,0.984,0.006
928500,0.010,0.977,0.013
929000,0.010,0.972,0.018
929500,0.010,0.970,0.020
930000,0.010,0.974,0.016
930500,0.010,0.972,0.018
931000,0.010,0.965,0.025
931500,0.010,0.960,0.030
932000,0.010,0.966,0.024
932500,0.010,0.974,0.016
933000,0.010,0.976,0.014
933500,0.010,0.974,0.016
934000,0.010,0.971,0.019
934500,0.010,0.963,0.027
935000,0.010,0.978,0.012
935500,0.010,0.978,0.012
936000,0.010,0.980,0.010
936500,0.010,0.980,0.010
937000,0.010,0.978,0.012
937500,0.010,0.976,0.014
938000,0.010,0.978,0.012
938500,0.010,0.977,0.013
939000,0.010,0.975,0.015
939500,0.010,0.962,0.028
940000,0.010,0.956,0.034
940500,0.010,0.967,0.023
941000,0.010,0.972,0.018
941500,0.010,0.963,0.027
942000,0.010,0.963,0.027
942500,0.010,0.962,0.028
943000,0.010,0.965,0.025
943500,0.010,0.966,0.024
944000,0.010,0.969,0.021
944500,0.010,0.976,0.014
945000,0.010,0.964,0.026
945500,0.010,0.959,0.031
946000,0.010,0.960,0.030
946500,0.010,0.966,0.024
947000,0.010,0.972,0.018
947500,0.010,0.967,0.023
948000,0.010,0.960,0.030
948500,0.010,0.965,0.025
949000,0.010,0.963,0.027
949500,0.010,0.974,0.016
950000,0.010,0.974,0.016
950500,0.010,0.960,0.030
951000,0.010,0.966,0.024
951500,0.010,0.973,0.017
952000,0.010,0.967,0.023
952500,0.010,0.975,0.015
953000,0.010,0.974,0.016
953500,0.010,0.964,0.026
954000,0.010,0.967,0.023
954500,0.010,0.967,0.023
955000,0.010,0.970,0.020
955500,0.010,0.974,0.016
956000,0.010,0.970,0.020
956500,0.010,0.973,0.017
957000,0.010,0.975,0.015
957500,0.010,0.967,0.023
958000,0.010,0.969,0.021
958500,0.010,0.977,0.013
959000,0.010,0.977,0.013
959500,0.010,0.960,0.030
960000,0.010,0.968,0.022
960500,0.010,0.968,0.022
961000,0.010,0.966,0.024
961500,0.010,0.966,0.024
962000,0.010,0.960,0.030
962500,0.010,0.964,0.026
963000,0.010,0.960,0.030
963500,0.010,0.957,0.033
964000,0.010,0.965,0.025
964500,0.010,0.955,0.035
965000,0.010,0.948,0.042
965500,0.010,0.958,0.032
966000,0.010,0.961,0.029
966500,0.010,0.965,0.025
967000,0.010,0.972,0.018
967500,0.010,0.972,0.018
968000,0.010,0.967,0.023
968500,0.010,0.964,0.026
969000,0.010,0.963,0.027
969500,0.010,0.959,0.031
970000,0.010,0.965,0.025
970500,0.010,0.965,0.025
971000,0.010,0.968,0.022
971500,0.010,0.977,0.013
972000,0.010,0.969,0.021
972500,0.010,0.974,0.016
973000,0.010,0.970,0.020
973500,0.010,0.961,0.029
974000,0.010,0.956,0.034
974500,0.010,0.960,0.030
975000,0.010,0.960,0.030
975500,0.010,0.957,0.033
976000,0.010,0.949,0.041
976500,0.010,0.967,0.023
977000,0.010,0.979,0.011
977500,0.010,0.975,0.015
978000,0.010,0.970,0.020
978500,0.010,0.977,0.013
979000,0.010,0.979,0.011
979500,0.010,0.980,0.010
980000,0.010,0.975,0.015
980500,0.010,0.973,0.017
981000,0.010,0.970,0.020
981500,0.010,0.962,0.028
982000,0.010,0.966,0.024
982500,0.010,0.967,0.023
983000,0.010,0.971,0.019
983500,0.010,0.978,0.012
984000,0.010,0.973,0.017
984500,0.010,0.978,0.012
985000,0.010,0.981,0.009
985500,0.010,0.972,0.018
986000,0.010,0.973,0.017
986500,0.010,0.968,0.022
987000,0.010,0.975,0.015
987500,0.010,0.972,0.018
988000,0.010,0.973,0.017
988500,0.010,0.965,0.025
989000,0.010,0.970,0.020
989500,0.010,0.967,0.023
990000,0.010,0.969,0.021
990500,0.010,0.968,0.022
991000,0.010,0.973,0.017
991500,0.010,0.978,0.012
992000,0.010,0.966,0.024
992500,0.010,0.961,0.029
993000,0.010,0.964,0.026
993500,0.010,0.956,0.034
994000,0.010,0.957,0.033
994500,0.010,0.967,0.023
995000,0.010,0.965,0.025
995500,0.010,0.967,0.023
996000,0.010,0.962,0.028
996500,0.010,0.970,0.020
997000,0.010,0.963,0.027
997500,0.010,0.963,0.027
998000,0.010,0.960,0.030
998500,0.010,0.963,0.027
999000,0.010,0.967,0.023
999500,0.010,0.971,0.019
1000000,0.010,0.965,0.025
