time,n_A+p,n_B,n_AB
500,0.086,0.099,0.815
1000,0.227,0.008,0.765
1500,0.504,0.000,0.496
2000,0.492,0.000,0.508
2500,0.529,0.000,0.471
3000,0.689,0.000,0.311
3500,0.621,0.000,0.379
4000,0.558,0.000,0.442
4500,0.664,0.000,0.336
5000,0.422,0.000,0.578
5500,0.522,0.000,0.478
6000,0.726,0.000,0.274
6500,0.699,0.000,0.301
7000,0.601,0.000,0.399
7500,0.523,0.000,0.477
8000,0.503,0.000,0.497
8500,0.492,0.000,0.508
9000,0.554,0.000,0.446
9500,0.667,0.000,0.333
10000,0.490,0.000,0.510
10500,0.445,0.000,0.555
11000,0.555,0.000,0.445
11500,0.649,0.000,0.351
12000,0.487,0.000,0.513
12500,0.820,0.000,0.180
13000,0.654,0.000,0.346
13500,0.597,0.000,0.403
14000,0.701,0.000,0.299
14500,0.579,0.000,0.421
15000,0.511,0.000,0.489
15500,0.466,0.000,0.534
16000,0.504,0.000,0.496
16500,0.632,0.000,0.368
17000,0.578,0.000,0.422
17500,0.545,0.000,0.455
18000,0.407,0.000,0.593
18500,0.435,0.000,0.565
19000,0.559,0.000,0.441
19500,0.553,0.000,0.447
20000,0.537,0.000,0.463
20500,0.496,0.000,0.504
21000,0.572,0.000,0.428
21500,0.639,0.000,0.361
22000,0.561,0.000,0.439
22500,0.575,0.000,0.425
23000,0.648,0.000,0.352
23500,0.478,0.000,0.522
24000,0.484,0.000,0.516
24500,0.574,0.000,0.426
25000,0.549,0.000,0.451
25500,0.596,0.000,0.404
26000,0.638,0.000,0.362
26500,0.668,0.000,0.332
27000,0.492,0.000,0.508
27500,0.438,0.000,0.562
28000,0.529,0.000,0.471
28500,0.487,0.000,0.513
29000,0.481,0.000,0.519
29500,0.516,0.000,0.484
30000,0.637,0.000,0.363
30500,0.567,0.000,0.433
31000,0.565,0.000,0.435
31500,0.606,0.000,0.394
32000,0.561,0.000,0.439
32500,0.428,0.000,0.572
33000,0.550,0.000,0.450
33500,0.483,0.000,0.517
34000,0.480,0.000,0.520
34500,0.406,0.000,0.594
35000,0.495,0.000,0.505
35500,0.448,0.000,0.552
36000,0.609,0.000,0.391
36500,0.581,0.000,0.419
37000,0.667,0.000,0.333
37500,0.676,0.000,0.324
38000,0.527,0.000,0.473
38500,0.491,0.000,0.509
39000,0.463,0.000,0.537
39500,0.431,0.000,0.569
40000,0.534,0.000,0.466
40500,0.577,0.000,0.423
41000,0.520,0.000,0.480
41500,0.515,0.000,0.485
42000,0.564,0.000,0.436
42500,0.509,0.000,0.491
43000,0.623,0.000,0.377
43500,0.624,0.000,0.376
44000,0.538,0.000,0.462
44500,0.527,0.000,0.473
45000,0.477,0.000,0.523
45500,0.442,0.000,0.558
46000,0.423,0.000,0.577
46500,0.528,0.000,0.472
47000,0.606,0.000,0.394
47500,0.471,0.000,0.529
48000,0.471,0.000,0.529
48500,0.512,0.000,0.488
49000,0.553,0.000,0.447
49500,0.581,0.000,0.419
50000,0.616,0.000,0.384
50500,0.476,0.000,0.524
51000,0.551,0.000,0.449
51500,0.524,0.000,0.476
52000,0.620,0.000,0.380
52500,0.539,0.000,0.461
53000,0.590,0.000,0.410
53500,0.586,0.000,0.414
54000,0.598,0.000,0.402
54500,0.426,0.000,0.574
55000,0.658,0.000,0.342
55500,0.682,0.000,0.318
56000,0.385,0.000,0.615
56500,0.620,0.000,0.380
57000,0.436,0.000,0.564
57500,0.487,0.000,0.513
58000,0.461,0.000,0.539
58500,0.546,0.000,0.454
59000,0.691,0.000,0.309
59500,0.647,0.000,0.353
60000,0.654,0.000,0.346
60500,0.569,0.000,0.431
61000,0.631,0.000,0.369
61500,0.674,0.000,0.326
62000,0.558,0.000,0.442
62500,0.575,0.000,0.425
63000,0.646,0.000,0.354
63500,0.611,0.000,0.389
64000,0.540,0.000,0.460
64500,0.543,0.000,0.457
65000,0.563,0.000,0.437
65500,0.605,0.000,0.395
66000,0.693,0.000,0.307
66500,0.585,0.000,0.415
67000,0.478,0.000,0.522
67500,0.614,0.000,0.386
68000,0.515,0.000,0.485
68500,0.590,0.000,0.410
69000,0.628,0.000,0.372
69500,0.681,0.000,0.319
70000,0.701,0.000,0.299
70500,0.611,0.000,0.389
71000,0.511,0.000,0.489
71500,0.619,0.000,0.381
72000,0.649,0.000,0.351
72500,0.665,0.000,0.335
73000,0.510,0.000,0.490
73500,0.482,0.000,0.518
74000,0.544,0.000,0.456
74500,0.606,0.000,0.394
75000,0.565,0.000,0.435
75500,0.629,0.000,0.371
76000,0.744,0.000,0.256
76500,0.586,0.000,0.414
77000,0.529,0.000,0.471
77500,0.628,0.000,0.372
78000,0.529,0.000,0.471
78500,0.528,0.000,0.472
79000,0.473,0.000,0.527
79500,0.598,0.000,0.402
80000,0.580,0.000,0.420
80500,0.694,0.000,0.306
81000,0.695,0.000,0.305
81500,0.670,0.000,0.330
82000,0.465,0.000,0.535
82500,0.527,0.000,0.473
83000,0.614,0.000,0.386
83500,0.537,0.000,0.463
84000,0.567,0.000,0.433
84500,0.512,0.000,0.488
85000,0.590,0.000,0.410
85500,0.484,0.000,0.516
86000,0.495,0.000,0.505
86500,0.564,0.000,0.436
87000,0.436,0.000,0.564
87500,0.568,0.000,0.432
88000,0.571,0.000,0.429
88500,0.547,0.000,0.453
89000,0.565,0.000,0.435
89500,0.495,0.000,0.505
90000,0.657,0.000,0.343
90500,0.628,0.000,0.372
91000,0.520,0.000,0.480
91500,0.554,0.000,0.446
92000,0.733,0.000,0.267
92500,0.543,0.000,0.457
93000,0.453,0.000,0.547
93500,0.408,0.000,0.592
94000,0.546,0.000,0.454
94500,0.655,0.000,0.345
95000,0.662,0.000,0.338
95500,0.701,0.000,0.299
96000,0.665,0.000,0.335
96500,0.606,0.000,0.394
97000,0.630,0.000,0.370
97500,0.504,0.000,0.496
98000,0.590,0.000,0.410
98500,0.694,0.000,0.306
99000,0.604,0.000,0.396
99500,0.481,0.000,0.519
100000,0.671,0.000,0.329
100500,0.541,0.000,0.459
101000,0.646,0.000,0.354
101500,0.641,0.000,0.359
102000,0.548,0.000,0.452
102500,0.532,0.000,0.468
103000,0.581,0.000,0.419
103500,0.624,0.000,0.376
104000,0.733,0.000,0.267
104500,0.506,0.000,0.494
105000,0.595,0.000,0.405
105500,0.557,0.000,0.443
106000,0.596,0.000,0.404
106500,0.521,0.000,0.479
107000,0.516,0.000,0.484
107500,0.375,0.000,0.625
108000,0.449,0.000,0.551
108500,0.614,0.000,0.386
109000,0.551,0.000,0.449
109500,0.495,0.000,0.505
110000,0.567,0.000,0.433
110500,0.610,0.000,0.390
111000,0.522,0.000,0.478
111500,0.539,0.000,0.461
112000,0.545,0.000,0.455
112500,0.512,0.000,0.488
113000,0.645,0.000,0.355
113500,0.424,0.000,0.576
114000,0.507,0.000,0.493
114500,0.641,0.000,0.359
115000,0.590,0.000,0.410
115500,0.537,0.000,0.463
116000,0.448,0.000,0.552
116500,0.503,0.000,0.497
117000,0.541,0.000,0.459
117500,0.583,0.000,0.417
118000,0.673,0.000,0.327
118500,0.653,0.000,0.347
119000,0.618,0.000,0.382
119500,0.475,0.000,0.525
120000,0.477,0.000,0.523
120500,0.598,0.000,0.402
121000,0.545,0.000,0.455
121500,0.472,0.000,0.528
122000,0.553,0.000,0.447
122500,0.640,0.000,0.360
123000,0.589,0.000,0.411
123500,0.522,0.000,0.478
124000,0.567,0.000,0.433
124500,0.481,0.000,0.519
125000,0.538,0.000,0.462
125500,0.497,0.000,0.503
126000,0.580,0.000,0.420
126500,0.675,0.000,0.325
127000,0.780,0.000,0.220
127500,0.589,0.000,0.411
128000,0.512,0.000,0.488
128500,0.400,0.000,0.600
129000,0.672,0.000,0.328
129500,0.507,0.000,0.493
130000,0.554,0.000,0.446
130500,0.685,0.000,0.315
131000,0.516,0.000,0.484
131500,0.517,0.000,0.483
132000,0.474,0.000,0.526
132500,0.609,0.000,0.391
133000,0.552,0.000,0.448
133500,0.547,0.000,0.453
134000,0.499,0.000,0.501
134500,0.498,0.000,0.502
135000,0.587,0.000,0.413
135500,0.430,0.000,0.570
136000,0.488,0.000,0.512
136500,0.410,0.000,0.590
137000,0.617,0.000,0.383
137500,0.568,0.000,0.432
138000,0.519,0.000,0.481
138500,0.480,0.000,0.520
139000,0.578,0.000,0.422
139500,0.461,0.000,0.539
140000,0.610,0.000,0.390
140500,0.496,0.000,0.504
141000,0.546,0.000,0.454
141500,0.595,0.000,0.405
142000,0.602,0.000,0.398
142500,0.608,0.000,0.392
143000,0.542,0.000,0.458
143500,0.583,0.000,0.417
144000,0.566,0.000,0.434
144500,0.429,0.000,0.571
145000,0.400,0.000,0.600
145500,0.454,0.000,0.546
146000,0.525,0.000,0.475
146500,0.496,0.000,0.504
147000,0.595,0.000,0.405
147500,0.485,0.000,0.515
148000,0.503,0.000,0.497
148500,0.496,0.000,0.504
149000,0.434,0.000,0.566
149500,0.468,0.000,0.532
150000,0.624,0.000,0.376
150500,0.546,0.000,0.454
151000,0.695,0.000,0.305
151500,0.526,0.000,0.474
152000,0.695,0.000,0.305
152500,0.598,0.000,0.402
153000,0.596,0.000,0.404
153500,0.621,0.000,0.379
154000,0.682,0.000,0.318
154500,0.634,0.000,0.366
155000,0.607,0.000,0.393
155500,0.510,0.000,0.490
156000,0.485,0.000,0.515
156500,0.581,0.000,0.419
157000,0.615,0.000,0.385
157500,0.482,0.000,0.518
158000,0.562,0.000,0.438
158500,0.675,0.000,0.325
159000,0.498,0.000,0.502
159500,0.408,0.000,0.592
160000,0.621,0.000,0.379
160500,0.645,0.000,0.355
161000,0.683,0.000,0.317
161500,0.490,0.000,0.510
162000,0.550,0.000,0.450
162500,0.558,0.000,0.442
163000,0.493,0.000,0.507
163500,0.488,0.000,0.512
164000,0.513,0.000,0.487
164500,0.502,0.000,0.498
165000,0.577,0.000,0.423
165500,0.584,0.000,0.416
166000,0.560,0.000,0.440
166500,0.465,0.000,0.535
167000,0.395,0.000,0.605
167500,0.577,0.000,0.423
168000,0.444,0.000,0.556
168500,0.431,0.000,0.569
169000,0.497,0.000,0.503
169500,0.482,0.000,0.518
170000,0.598,0.000,0.402
170500,0.578,0.000,0.422
171000,0.431,0.000,0.569
171500,0.387,0.000,0.613
172000,0.530,0.000,0.470
172500,0.573,0.000,0.427
173000,0.651,0.000,0.349
173500,0.630,0.000,0.370
174000,0.774,0.000,0.226
174500,0.678,0.000,0.322
175000,0.732,0.000,0.268
175500,0.495,0.000,0.505
176000,0.534,0.000,0.466
176500,0.590,0.000,0.410
177000,0.555,0.000,0.445
177500,0.468,0.000,0.532
178000,0.381,0.000,0.619
178500,0.516,0.000,0.484
179000,0.560,0.000,0.440
179500,0.530,0.000,0.470
180000,0.606,0.000,0.394
180500,0.543,0.000,0.457
181000,0.615,0.000,0.385
181500,0.819,0.000,0.181
182000,0.681,0.000,0.319
182500,0.717,0.000,0.283
183000,0.681,0.000,0.319
183500,0.571,0.000,0.429
184000,0.646,0.000,0.354
184500,0.574,0.000,0.426
185000,0.595,0.000,0.405
185500,0.520,0.000,0.480
186000,0.497,0.000,0.503
186500,0.482,0.000,0.518
187000,0.540,0.000,0.460
187500,0.494,0.000,0.506
188000,0.572,0.000,0.428
188500,0.605,0.000,0.395
189000,0.582,0.000,0.418
189500,0.610,0.000,0.390
190000,0.586,0.000,0.414
190500,0.527,0.000,0.473
191000,0.512,0.000,0.488
191500,0.628,0.000,0.372
192000,0.564,0.000,0.436
192500,0.589,0.000,0.411
193000,0.591,0.000,0.409
193500,0.657,0.000,0.343
194000,0.713,0.000,0.287
194500,0.638,0.000,0.362
195000,0.557,0.000,0.443
195500,0.546,0.000,0.454
196000,0.465,0.000,0.535
196500,0.516,0.000,0.484
197000,0.652,0.000,0.348
197500,0.604,0.000,0.396
198000,0.540,0.000,0.460
198500,0.583,0.000,0.417
199000,0.520,0.000,0.480
199500,0.552,0.000,0.448
200000,0.493,0.000,0.507
200500,0.548,0.000,0.452
201000,0.585,0.000,0.415
201500,0.566,0.000,0.434
202000,0.498,0.000,0.502
202500,0.464,0.000,0.536
203000,0.506,0.000,0.494
203500,0.563,0.000,0.437
204000,0.642,0.000,0.358
204500,0.775,0.000,0.225
205000,0.578,0.000,0.422
205500,0.558,0.000,0.442
206000,0.556,0.000,0.444
206500,0.430,0.000,0.570
207000,0.612,0.000,0.388
207500,0.722,0.000,0.278
208000,0.730,0.000,0.270
208500,0.524,0.000,0.476
209000,0.598,0.000,0.402
209500,0.539,0.000,0.461
210000,0.627,0.000,0.373
210500,0.561,0.000,0.439
211000,0.631,0.000,0.369
211500,0.486,0.000,0.514
212000,0.672,0.000,0.328
212500,0.656,0.000,0.344
213000,0.629,0.000,0.371
213500,0.605,0.000,0.395
214000,0.618,0.000,0.382
214500,0.511,0.000,0.489
215000,0.511,0.000,0.489
215500,0.592,0.000,0.408
216000,0.611,0.000,0.389
216500,0.549,0.000,0.451
217000,0.569,0.000,0.431
217500,0.559,0.000,0.441
218000,0.520,0.000,0.480
218500,0.576,0.000,0.424
219000,0.612,0.000,0.388
219500,0.559,0.000,0.441
220000,0.545,0.000,0.455
220500,0.616,0.000,0.384
221000,0.617,0.000,0.383
221500,0.571,0.000,0.429
222000,0.722,0.000,0.278
222500,0.679,0.000,0.321
223000,0.526,0.000,0.474
223500,0.616,0.000,0.384
224000,0.628,0.000,0.372
224500,0.475,0.000,0.525
225000,0.468,0.000,0.532
225500,0.506,0.000,0.494
226000,0.484,0.000,0.516
226500,0.472,0.000,0.528
227000,0.359,0.000,0.641
227500,0.477,0.000,0.523
228000,0.501,0.000,0.499
228500,0.507,0.000,0.493
229000,0.495,0.000,0.505
229500,0.537,0.000,0.463
230000,0.536,0.000,0.464
230500,0.584,0.000,0.416
231000,0.647,0.000,0.353
231500,0.591,0.000,0.409
232000,0.637,0.000,0.363
232500,0.713,0.000,0.287
233000,0.566,0.000,0.434
233500,0.674,0.000,0.326
234000,0.629,0.000,0.371
234500,0.450,0.000,0.550
235000,0.684,0.000,0.316
235500,0.594,0.000,0.406
236000,0.557,0.000,0.443
236500,0.595,0.000,0.405
237000,0.572,0.000,0.428
237500,0.634,0.000,0.366
238000,0.455,0.000,0.545
238500,0.643,0.000,0.357
239000,0.389,0.000,0.611
239500,0.584,0.000,0.416
240000,0.640,0.000,0.360
240500,0.672,0.000,0.328
241000,0.652,0.000,0.348
241500,0.685,0.000,0.315
242000,0.659,0.000,0.341
242500,0.606,0.000,0.394
243000,0.472,0.000,0.528
243500,0.600,0.000,0.400
244000,0.484,0.000,0.516
244500,0.601,0.000,0.399
245000,0.399,0.000,0.601
245500,0.558,0.000,0.442
246000,0.527,0.000,0.473
246500,0.420,0.000,0.580
247000,0.485,0.000,0.515
247500,0.563,0.000,0.437
248000,0.591,0.000,0.409
248500,0.633,0.000,0.367
249000,0.626,0.000,0.374
249500,0.501,0.000,0.499
250000,0.539,0.000,0.461
250500,0.623,0.000,0.377
251000,0.528,0.000,0.472
251500,0.522,0.000,0.478
252000,0.659,0.000,0.341
252500,0.495,0.000,0.505
253000,0.570,0.000,0.430
253500,0.602,0.000,0.398
254000,0.618,0.000,0.382
254500,0.549,0.000,0.451
255000,0.571,0.000,0.429
255500,0.606,0.000,0.394
256000,0.647,0.000,0.353
256500,0.487,0.000,0.513
257000,0.557,0.000,0.443
257500,0.503,0.000,0.497
258000,0.518,0.000,0.482
258500,0.662,0.000,0.338
259000,0.503,0.000,0.497
259500,0.680,0.000,0.320
260000,0.745,0.000,0.255
260500,0.809,0.000,0.191
261000,0.865,0.000,0.135
261500,0.821,0.000,0.179
262000,0.691,0.000,0.309
262500,0.598,0.000,0.402
263000,0.565,0.000,0.435
263500,0.611,0.000,0.389
264000,0.453,0.000,0.547
264500,0.628,0.000,0.372
265000,0.637,0.000,0.363
265500,0.721,0.000,0.279
266000,0.522,0.000,0.478
266500,0.418,0.000,0.582
267000,0.501,0.000,0.499
267500,0.560,0.000,0.440
268000,0.559,0.000,0.441
268500,0.613,0.000,0.387
269000,0.617,0.000,0.383
269500,0.702,0.000,0.298
270000,0.613,0.000,0.387
270500,0.614,0.000,0.386
271000,0.569,0.000,0.431
271500,0.457,0.000,0.543
272000,0.551,0.000,0.449
272500,0.674,0.000,0.326
273000,0.478,0.000,0.522
273500,0.523,0.000,0.477
274000,0.537,0.000,0.463
274500,0.636,0.000,0.364
275000,0.561,0.000,0.439
275500,0.690,0.000,0.310
276000,0.686,0.000,0.314
276500,0.652,0.000,0.348
277000,0.553,0.000,0.447
277500,0.644,0.000,0.356
278000,0.590,0.000,0.410
278500,0.666,0.000,0.334
279000,0.666,0.000,0.334
279500,0.587,0.000,0.413
280000,0.447,0.000,0.553
280500,0.425,0.000,0.575
281000,0.653,0.000,0.347
281500,0.483,0.000,0.517
282000,0.600,0.000,0.400
282500,0.449,0.000,0.551
283000,0.505,0.000,0.495
283500,0.487,0.000,0.513
284000,0.569,0.000,0.431
284500,0.497,0.000,0.503
285000,0.452,0.000,0.548
285500,0.593,0.000,0.407
286000,0.536,0.000,0.464
286500,0.568,0.000,0.432
287000,0.436,0.000,0.564
287500,0.541,0.000,0.459
288000,0.549,0.000,0.451
288500,0.601,0.000,0.399
289000,0.650,0.000,0.350
289500,0.606,0.000,0.394
290000,0.641,0.000,0.359
290500,0.667,0.000,0.333
291000,0.650,0.000,0.350
291500,0.509,0.000,0.491
292000,0.441,0.000,0.559
292500,0.580,0.000,0.420
293000,0.657,0.000,0.343
293500,0.627,0.000,0.373
294000,0.442,0.000,0.558
294500,0.561,0.000,0.439
295000,0.554,0.000,0.446
295500,0.465,0.000,0.535
296000,0.592,0.000,0.408
296500,0.584,0.000,0.416
297000,0.665,0.000,0.335
297500,0.559,0.000,0.441
298000,0.577,0.000,0.423
298500,0.563,0.000,0.437
299000,0.665,0.000,0.335
299500,0.729,0.000,0.271
300000,0.664,0.000,0.336
300500,0.678,0.000,0.322
301000,0.672,0.000,0.328
301500,0.595,0.000,0.405
302000,0.574,0.000,0.426
302500,0.604,0.000,0.396
303000,0.578,0.000,0.422
303500,0.641,0.000,0.359
304000,0.571,0.000,0.429
304500,0.552,0.000,0.448
305000,0.501,0.000,0.499
305500,0.577,0.000,0.423
306000,0.450,0.000,0.550
306500,0.644,0.000,0.356
307000,0.489,0.000,0.511
307500,0.431,0.000,0.569
308000,0.558,0.000,0.442
308500,0.455,0.000,0.545
309000,0.553,0.000,0.447
309500,0.482,0.000,0.518
310000,0.558,0.000,0.442
310500,0.468,0.000,0.532
311000,0.575,0.000,0.425
311500,0.495,0.000,0.505
312000,0.523,0.000,0.477
312500,0.568,0.000,0.432
313000,0.509,0.000,0.491
313500,0.543,0.000,0.457
314000,0.504,0.000,0.496
314500,0.553,0.000,0.447
315000,0.512,0.000,0.488
315500,0.562,0.000,0.438
316000,0.557,0.000,0.443
316500,0.406,0.000,0.594
317000,0.605,0.000,0.395
317500,0.549,0.000,0.451
318000,0.598,0.000,0.402
318500,0.553,0.000,0.447
319000,0.659,0.000,0.341
319500,0.422,0.000,0.578
320000,0.473,0.000,0.527
320500,0.478,0.000,0.522
321000,0.603,0.000,0.397
321500,0.502,0.000,0.498
322000,0.555,0.000,0.445
322500,0.591,0.000,0.409
323000,0.548,0.000,0.452
323500,0.701,0.000,0.299
324000,0.513,0.000,0.487
324500,0.493,0.000,0.507
325000,0.475,0.000,0.525
325500,0.468,0.000,0.532
326000,0.584,0.000,0.416
326500,0.579,0.000,0.421
327000,0.697,0.000,0.303
327500,0.699,0.000,0.301
328000,0.639,0.000,0.361
328500,0.683,0.000,0.317
329000,0.576,0.000,0.424
329500,0.562,0.000,0.438
330000,0.454,0.000,0.546
330500,0.598,0.000,0.402
331000,0.559,0.000,0.441
331500,0.548,0.000,0.452
332000,0.510,0.000,0.490
332500,0.637,0.000,0.363
333000,0.791,0.000,0.209
333500,0.520,0.000,0.480
334000,0.562,0.000,0.438
334500,0.530,0.000,0.470
335000,0.417,0.000,0.583
335500,0.569,0.000,0.431
336000,0.610,0.000,0.390
336500,0.450,0.000,0.550
337000,0.523,0.000,0.477
337500,0.685,0.000,0.315
338000,0.746,0.000,0.254
338500,0.582,0.000,0.418
339000,0.603,0.000,0.397
339500,0.535,0.000,0.465
340000,0.634,0.000,0.366
340500,0.502,0.000,0.498
341000,0.572,0.000,0.428
341500,0.635,0.000,0.365
342000,0.654,0.000,0.346
342500,0.630,0.000,0.370
343000,0.544,0.000,0.456
343500,0.578,0.000,0.422
344000,0.702,0.000,0.298
344500,0.611,0.000,0.389
345000,0.671,0.000,0.329
345500,0.558,0.000,0.442
346000,0.556,0.000,0.444
346500,0.594,0.000,0.406
347000,0.552,0.000,0.448
347500,0.548,0.000,0.452
348000,0.662,0.000,0.338
348500,0.562,0.000,0.438
349000,0.672,0.000,0.328
349500,0.575,0.000,0.425
350000,0.500,0.000,0.500
350500,0.506,0.000,0.494
351000,0.536,0.000,0.464
351500,0.592,0.000,0.408
352000,0.553,0.000,0.447
352500,0.446,0.000,0.554
353000,0.596,0.000,0.404
353500,0.800,0.000,0.200
354000,0.567,0.000,0.433
354500,0.557,0.000,0.443
355000,0.515,0.000,0.485
355500,0.483,0.000,0.517
356000,0.596,0.000,0.404
356500,0.556,0.000,0.444
357000,0.638,0.000,0.362
357500,0.570,0.000,0.430
358000,0.443,0.000,0.557
358500,0.541,0.000,0.459
359000,0.572,0.000,0.428
359500,0.535,0.000,0.465
360000,0.509,0.000,0.491
360500,0.523,0.000,0.477
361000,0.595,0.000,0.405
361500,0.721,0.000,0.279
362000,0.574,0.000,0.426
362500,0.481,0.000,0.519
363000,0.541,0.000,0.459
363500,0.639,0.000,0.361
364000,0.703,0.000,0.297
364500,0.592,0.000,0.408
365000,0.534,0.000,0.466
365500,0.585,0.000,0.415
366000,0.517,0.000,0.483
366500,0.614,0.000,0.386
367000,0.616,0.000,0.384
367500,0.607,0.000,0.393
368000,0.619,0.000,0.381
368500,0.580,0.000,0.420
369000,0.585,0.000,0.415
369500,0.604,0.000,0.396
370000,0.521,0.000,0.479
370500,0.602,0.000,0.398
371000,0.444,0.000,0.556
371500,0.517,0.000,0.483
372000,0.520,0.000,0.480
372500,0.536,0.000,0.464
373000,0.489,0.000,0.511
373500,0.510,0.000,0.490
374000,0.486,0.000,0.514
374500,0.657,0.000,0.343
375000,0.698,0.000,0.302
375500,0.603,0.000,0.397
376000,0.493,0.000,0.507
376500,0.469,0.000,0.531
377000,0.532,0.000,0.468
377500,0.563,0.000,0.437
378000,0.395,0.000,0.605
378500,0.523,0.000,0.477
379000,0.554,0.000,0.446
379500,0.558,0.000,0.442
380000,0.511,0.000,0.489
380500,0.495,0.000,0.505
381000,0.618,0.000,0.382
381500,0.419,0.000,0.581
382000,0.593,0.000,0.407
382500,0.574,0.000,0.426
383000,0.519,0.000,0.481
383500,0.578,0.000,0.422
384000,0.637,0.000,0.363
384500,0.574,0.000,0.426
385000,0.577,0.000,0.423
385500,0.598,0.000,0.402
386000,0.535,0.000,0.465
386500,0.595,0.000,0.405
387000,0.649,0.000,0.351
387500,0.646,0.000,0.354
388000,0.560,0.000,0.440
388500,0.535,0.000,0.465
389000,0.679,0.000,0.321
389500,0.510,0.000,0.490
390000,0.622,0.000,0.378
390500,0.567,0.000,0.433
391000,0.607,0.000,0.393
391500,0.503,0.000,0.497
392000,0.557,0.000,0.443
392500,0.679,0.000,0.321
393000,0.573,0.000,0.427
393500,0.623,0.000,0.377
394000,0.705,0.000,0.295
394500,0.632,0.000,0.368
395000,0.550,0.000,0.450
395500,0.451,0.000,0.549
396000,0.531,0.000,0.469
396500,0.548,0.000,0.452
397000,0.718,0.000,0.282
397500,0.643,0.000,0.357
398000,0.418,0.000,0.582
398500,0.501,0.000,0.499
399000,0.527,0.000,0.473
399500,0.556,0.000,0.444
400000,0.680,0.000,0.320
400500,0.678,0.000,0.322
401000,0.524,0.000,0.476
401500,0.530,0.000,0.470
402000,0.605,0.000,0.395
402500,0.524,0.000,0.476
403000,0.708,0.000,0.292
403500,0.837,0.000,0.163
404000,0.638,0.000,0.362
404500,0.700,0.000,0.300
405000,0.596,0.000,0.404
405500,0.703,0.000,0.297
406000,0.595,0.000,0.405
406500,0.599,0.000,0.401
407000,0.569,0.000,0.431
407500,0.394,0.000,0.606
408000,0.536,0.000,0.464
408500,0.498,0.000,0.502
409000,0.624,0.000,0.376
409500,0.452,0.000,0.548
410000,0.639,0.000,0.361
410500,0.582,0.000,0.418
411000,0.525,0.000,0.475
411500,0.549,0.000,0.451
412000,0.555,0.000,0.445
412500,0.634,0.000,0.366
413000,0.683,0.000,0.317
413500,0.686,0.000,0.314
414000,0.612,0.000,0.388
414500,0.515,0.000,0.485
415000,0.541,0.000,0.459
415500,0.490,0.000,0.510
416000,0.593,0.000,0.407
416500,0.594,0.000,0.406
417000,0.427,0.000,0.573
417500,0.672,0.000,0.328
418000,0.762,0.000,0.238
418500,0.677,0.000,0.323
419000,0.691,0.000,0.309
419500,0.606,0.000,0.394
420000,0.599,0.000,0.401
420500,0.527,0.000,0.473
421000,0.597,0.000,0.403
421500,0.582,0.000,0.418
422000,0.605,0.000,0.395
422500,0.754,0.000,0.246
423000,0.655,0.000,0.345
423500,0.629,0.000,0.371
424000,0.551,0.000,0.449
424500,0.501,0.000,0.499
425000,0.533,0.000,0.467
425500,0.483,0.000,0.517
426000,0.639,0.000,0.361
426500,0.575,0.000,0.425
427000,0.471,0.000,0.529
427500,0.573,0.000,0.427
428000,0.629,0.000,0.371
428500,0.624,0.000,0.376
429000,0.594,0.000,0.406
429500,0.759,0.000,0.241
430000,0.514,0.000,0.486
430500,0.479,0.000,0.521
431000,0.532,0.000,0.468
431500,0.548,0.000,0.452
432000,0.462,0.000,0.538
432500,0.492,0.000,0.508
433000,0.652,0.000,0.348
433500,0.643,0.000,0.357
434000,0.704,0.000,0.296
434500,0.680,0.000,0.320
435000,0.650,0.000,0.350
435500,0.524,0.000,0.476
436000,0.581,0.000,0.419
436500,0.443,0.000,0.557
437000,0.584,0.000,0.416
437500,0.476,0.000,0.524
438000,0.612,0.000,0.388
438500,0.660,0.000,0.340
439000,0.605,0.000,0.395
439500,0.446,0.000,0.554
440000,0.528,0.000,0.472
440500,0.526,0.000,0.474
441000,0.592,0.000,0.408
441500,0.676,0.000,0.324
442000,0.628,0.000,0.372
442500,0.625,0.000,0.375
443000,0.686,0.000,0.314
443500,0.546,0.000,0.454
444000,0.477,0.000,0.523
444500,0.439,0.000,0.561
445000,0.466,0.000,0.534
445500,0.657,0.000,0.343
446000,0.495,0.000,0.505
446500,0.581,0.000,0.419
447000,0.497,0.000,0.503
447500,0.582,0.000,0.418
448000,0.652,0.000,0.348
448500,0.603,0.000,0.397
449000,0.426,0.000,0.574
449500,0.529,0.000,0.471
450000,0.494,0.000,0.506
450500,0.606,0.000,0.394
451000,0.674,0.000,0.326
451500,0.657,0.000,0.343
452000,0.670,0.000,0.330
452500,0.762,0.000,0.238
453000,0.862,0.000,0.138
453500,0.683,0.000,0.317
454000,0.626,0.000,0.374
454500,0.542,0.000,0.458
455000,0.606,0.000,0.394
455500,0.651,0.000,0.349
456000,0.601,0.000,0.399
456500,0.671,0.000,0.329
457000,0.662,0.000,0.338
457500,0.601,0.000,0.399
458000,0.559,0.000,0.441
458500,0.518,0.000,0.482
459000,0.571,0.000,0.429
459500,0.489,0.000,0.511
460000,0.560,0.000,0.440
460500,0.484,0.000,0.516
461000,0.522,0.000,0.478
461500,0.669,0.000,0.331
462000,0.638,0.000,0.362
462500,0.692,0.000,0.308
463000,0.584,0.000,0.416
463500,0.498,0.000,0.502
464000,0.576,0.000,0.424
464500,0.616,0.000,0.384
465000,0.564,0.000,0.436
465500,0.525,0.000,0.475
466000,0.562,0.000,0.438
466500,0.592,0.000,0.408
467000,0.571,0.000,0.429
467500,0.537,0.000,0.463
468000,0.509,0.000,0.491
468500,0.662,0.000,0.338
469000,0.634,0.000,0.366
469500,0.585,0.000,0.415
470000,0.743,0.000,0.257
470500,0.798,0.000,0.202
471000,0.668,0.000,0.332
471500,0.686,0.000,0.314
472000,0.713,0.000,0.287
472500,0.654,0.000,0.346
473000,0.675,0.000,0.325
473500,0.535,0.000,0.465
474000,0.562,0.000,0.438
474500,0.575,0.000,0.425
475000,0.730,0.000,0.270
475500,0.437,0.000,0.563
476000,0.567,0.000,0.433
476500,0.529,0.000,0.471
477000,0.496,0.000,0.504
477500,0.580,0.000,0.420
478000,0.589,0.000,0.411
478500,0.482,0.000,0.518
479000,0.515,0.000,0.485
479500,0.561,0.000,0.439
480000,0.598,0.000,0.402
480500,0.501,0.000,0.499
481000,0.611,0.000,0.389
481500,0.672,0.000,0.328
482000,0.609,0.000,0.391
482500,0.568,0.000,0.432
483000,0.523,0.000,0.477
483500,0.491,0.000,0.509
484000,0.467,0.000,0.533
484500,0.376,0.000,0.624
485000,0.424,0.000,0.576
485500,0.662,0.000,0.338
486000,0.520,0.000,0.480
486500,0.600,0.000,0.400
487000,0.710,0.000,0.290
487500,0.725,0.000,0.275
488000,0.672,0.000,0.328
488500,0.395,0.000,0.605
489000,0.380,0.000,0.620
489500,0.531,0.000,0.469
490000,0.529,0.000,0.471
490500,0.502,0.000,0.498
491000,0.542,0.000,0.458
491500,0.642,0.000,0.358
492000,0.564,0.000,0.436
492500,0.650,0.000,0.350
493000,0.517,0.000,0.483
493500,0.349,0.000,0.651
494000,0.529,0.000,0.471
494500,0.357,0.000,0.643
495000,0.532,0.000,0.468
495500,0.610,0.000,0.390
496000,0.367,0.000,0.633
496500,0.479,0.000,0.521
497000,0.402,0.000,0.598
497500,0.555,0.000,0.445
498000,0.657,0.000,0.343
498500,0.499,0.000,0.501
499000,0.481,0.000,0.519
499500,0.518,0.000,0.482
500000,0.581,0.000,0.419
500500,0.664,0.000,0.336
501000,0.483,0.000,0.517
501500,0.587,0.000,0.413
502000,0.573,0.000,0.427
502500,0.496,0.000,0.504
503000,0.563,0.000,0.437
503500,0.497,0.000,0.503
504000,0.560,0.000,0.440
504500,0.739,0.000,0.261
505000,0.619,0.000,0.381
505500,0.567,0.000,0.433
506000,0.590,0.000,0.410
506500,0.545,0.000,0.455
507000,0.520,0.000,0.480
507500,0.527,0.000,0.473
508000,0.443,0.000,0.557
508500,0.517,0.000,0.483
509000,0.470,0.000,0.530
509500,0.614,0.000,0.386
510000,0.561,0.000,0.439
510500,0.632,0.000,0.368
511000,0.620,0.000,0.380
511500,0.674,0.000,0.326
512000,0.695,0.000,0.305
512500,0.692,0.000,0.308
513000,0.667,0.000,0.333
513500,0.490,0.000,0.510
514000,0.569,0.000,0.431
514500,0.532,0.000,0.468
515000,0.652,0.000,0.348
515500,0.526,0.000,0.474
516000,0.676,0.000,0.324
516500,0.655,0.000,0.345
517000,0.700,0.000,0.300
517500,0.625,0.000,0.375
518000,0.463,0.000,0.537
518500,0.470,0.000,0.530
519000,0.590,0.000,0.410
519500,0.503,0.000,0.497
520000,0.601,0.000,0.399
520500,0.534,0.000,0.466
521000,0.696,0.000,0.304
521500,0.659,0.000,0.341
522000,0.595,0.000,0.405
522500,0.456,0.000,0.544
523000,0.514,0.000,0.486
523500,0.579,0.000,0.421
524000,0.670,0.000,0.330
524500,0.611,0.000,0.389
525000,0.465,0.000,0.535
525500,0.593,0.000,0.407
526000,0.549,0.000,0.451
526500,0.540,0.000,0.460
527000,0.549,0.000,0.451
527500,0.595,0.000,0.405
528000,0.553,0.000,0.447
528500,0.556,0.000,0.444
529000,0.606,0.000,0.394
529500,0.520,0.000,0.480
530000,0.490,0.000,0.510
530500,0.599,0.000,0.401
531000,0.574,0.000,0.426
531500,0.657,0.000,0.343
532000,0.665,0.000,0.335
532500,0.674,0.000,0.326
533000,0.613,0.000,0.387
533500,0.623,0.000,0.377
534000,0.722,0.000,0.278
534500,0.701,0.000,0.299
535000,0.511,0.000,0.489
535500,0.592,0.000,0.408
536000,0.474,0.000,0.526
536500,0.489,0.000,0.511
537000,0.545,0.000,0.455
537500,0.615,0.000,0.385
538000,0.465,0.000,0.535
538500,0.602,0.000,0.398
539000,0.478,0.000,0.522
539500,0.545,0.000,0.455
540000,0.560,0.000,0.440
540500,0.595,0.000,0.405
541000,0.519,0.000,0.481
541500,0.557,0.000,0.443
542000,0.489,0.000,0.511
542500,0.535,0.000,0.465
543000,0.738,0.000,0.262
543500,0.607,0.000,0.393
544000,0.631,0.000,0.369
544500,0.734,0.000,0.266
545000,0.600,0.000,0.400
545500,0.521,0.000,0.479
546000,0.540,0.000,0.460
546500,0.500,0.000,0.500
547000,0.549,0.000,0.451
547500,0.591,0.000,0.409
548000,0.445,0.000,0.555
548500,0.541,0.000,0.459
549000,0.578,0.000,0.422
549500,0.567,0.000,0.433
550000,0.637,0.000,0.363
550500,0.546,0.000,0.454
551000,0.785,0.000,0.215
551500,0.512,0.000,0.488
552000,0.586,0.000,0.414
552500,0.724,0.000,0.276
553000,0.669,0.000,0.331
553500,0.648,0.000,0.352
554000,0.526,0.000,0.474
554500,0.564,0.000,0.436
555000,0.562,0.000,0.438
555500,0.499,0.000,0.501
556000,0.614,0.000,0.386
556500,0.436,0.000,0.564
557000,0.518,0.000,0.482
557500,0.522,0.000,0.478
558000,0.540,0.000,0.460
558500,0.449,0.000,0.551
559000,0.497,0.000,0.503
559500,0.588,0.000,0.412
560000,0.637,0.000,0.363
560500,0.498,0.000,0.502
561000,0.676,0.000,0.324
561500,0.622,0.000,0.378
562000,0.611,0.000,0.389
562500,0.540,0.000,0.460
563000,0.601,0.000,0.399
563500,0.660,0.000,0.340
564000,0.639,0.000,0.361
564500,0.599,0.000,0.401
565000,0.573,0.000,0.427
565500,0.607,0.000,0.393
566000,0.551,0.000,0.449
566500,0.704,0.000,0.296
567000,0.535,0.000,0.465
567500,0.582,0.000,0.418
568000,0.607,0.000,0.393
568500,0.398,0.000,0.602
569000,0.444,0.000,0.556
569500,0.629,0.000,0.371
570000,0.729,0.000,0.271
570500,0.554,0.000,0.446
571000,0.544,0.000,0.456
571500,0.568,0.000,0.432
572000,0.489,0.000,0.511
572500,0.434,0.000,0.566
573000,0.541,0.000,0.459
573500,0.455,0.000,0.545
574000,0.610,0.000,0.390
574500,0.609,0.000,0.391
575000,0.575,0.000,0.425
575500,0.605,0.000,0.395
576000,0.386,0.000,0.614
576500,0.539,0.000,0.461
577000,0.667,0.000,0.333
577500,0.521,0.000,0.479
578000,0.497,0.000,0.503
578500,0.537,0.000,0.463
579000,0.533,0.000,0.467
579500,0.551,0.000,0.449
580000,0.386,0.000,0.614
580500,0.551,0.000,0.449
581000,0.617,0.000,0.383
581500,0.717,0.000,0.283
582000,0.572,0.000,0.428
582500,0.525,0.000,0.475
583000,0.480,0.000,0.520
583500,0.604,0.000,0.396
584000,0.531,0.000,0.469
584500,0.686,0.000,0.314
585000,0.603,0.000,0.397
585500,0.472,0.000,0.528
586000,0.639,0.000,0.361
586500,0.563,0.000,0.437
587000,0.549,0.000,0.451
587500,0.619,0.000,0.381
588000,0.634,0.000,0.366
588500,0.534,0.000,0.466
589000,0.607,0.000,0.393
589500,0.606,0.000,0.394
590000,0.574,0.000,0.426
590500,0.588,0.000,0.412
591000,0.612,0.000,0.388
591500,0.585,0.000,0.415
592000,0.548,0.000,0.452
592500,0.480,0.000,0.520
593000,0.521,0.000,0.479
593500,0.589,0.000,0.411
594000,0.677,0.000,0.323
594500,0.648,0.000,0.352
595000,0.610,0.000,0.390
595500,0.530,0.000,0.470
596000,0.574,0.000,0.426
596500,0.499,0.000,0.501
597000,0.570,0.000,0.430
597500,0.626,0.000,0.374
598000,0.437,0.000,0.563
598500,0.555,0.000,0.445
599000,0.592,0.000,0.408
599500,0.653,0.000,0.347
600000,0.474,0.000,0.526
600500,0.594,0.000,0.406
601000,0.528,0.000,0.472
601500,0.656,0.000,0.344
602000,0.568,0.000,0.432
602500,0.624,0.000,0.376
603000,0.669,0.000,0.331
603500,0.465,0.000,0.535
604000,0.635,0.000,0.365
604500,0.528,0.000,0.472
605000,0.427,0.000,0.573
605500,0.554,0.000,0.446
606000,0.579,0.000,0.421
606500,0.424,0.000,0.576
607000,0.606,0.000,0.394
607500,0.594,0.000,0.406
608000,0.423,0.000,0.577
608500,0.496,0.000,0.504
609000,0.530,0.000,0.470
609500,0.430,0.000,0.570
610000,0.494,0.000,0.506
610500,0.513,0.000,0.487
611000,0.553,0.000,0.447
611500,0.602,0.000,0.398
612000,0.434,0.000,0.566
612500,0.468,0.000,0.532
613000,0.537,0.000,0.463
613500,0.662,0.000,0.338
614000,0.666,0.000,0.334
614500,0.586,0.000,0.414
615000,0.449,0.000,0.551
615500,0.544,0.000,0.456
616000,0.439,0.000,0.561
616500,0.599,0.000,0.401
617000,0.516,0.000,0.484
617500,0.443,0.000,0.557
618000,0.458,0.000,0.542
618500,0.573,0.000,0.427
619000,0.537,0.000,0.463
619500,0.626,0.000,0.374
620000,0.670,0.000,0.330
620500,0.498,0.000,0.502
621000,0.437,0.000,0.563
621500,0.420,0.000,0.580
622000,0.513,0.000,0.487
622500,0.455,0.000,0.545
623000,0.561,0.000,0.439
623500,0.464,0.000,0.536
624000,0.592,0.000,0.408
624500,0.693,0.000,0.307
625000,0.583,0.000,0.417
625500,0.708,0.000,0.292
626000,0.731,0.000,0.269
626500,0.552,0.000,0.448
627000,0.522,0.000,0.478
627500,0.640,0.000,0.360
628000,0.576,0.000,0.424
628500,0.505,0.000,0.495
629000,0.494,0.000,0.506
629500,0.523,0.000,0.477
630000,0.498,0.000,0.502
630500,0.650,0.000,0.350
631000,0.476,0.000,0.524
631500,0.522,0.000,0.478
632000,0.537,0.000,0.463
632500,0.496,0.000,0.504
633000,0.626,0.000,0.374
633500,0.729,0.000,0.271
634000,0.755,0.000,0.245
634500,0.574,0.000,0.426
635000,0.526,0.000,0.474
635500,0.663,0.000,0.337
636000,0.576,0.000,0.424
636500,0.478,0.000,0.522
637000,0.520,0.000,0.480
637500,0.532,0.000,0.468
638000,0.726,0.000,0.274
638500,0.695,0.000,0.305
639000,0.623,0.000,0.377
639500,0.505,0.000,0.495
640000,0.498,0.000,0.502
640500,0.611,0.000,0.389
641000,0.445,0.000,0.555
641500,0.468,0.000,0.532
642000,0.618,0.000,0.382
642500,0.577,0.000,0.423
643000,0.511,0.000,0.489
643500,0.470,0.003,0.527
644000,0.565,0.000,0.435
644500,0.465,0.000,0.535
645000,0.479,0.000,0.521
645500,0.394,0.000,0.606
646000,0.498,0.000,0.502
646500,0.474,0.000,0.526
647000,0.528,0.000,0.472
647500,0.365,0.000,0.635
648000,0.536,0.000,0.464
648500,0.437,0.000,0.563
649000,0.514,0.000,0.486
649500,0.685,0.000,0.315
650000,0.545,0.000,0.455
650500,0.518,0.000,0.482
651000,0.558,0.000,0.442
651500,0.534,0.000,0.466
652000,0.610,0.000,0.390
652500,0.538,0.000,0.462
653000,0.607,0.000,0.393
653500,0.536,0.000,0.464
654000,0.628,0.000,0.372
654500,0.633,0.000,0.367
655000,0.533,0.000,0.467
655500,0.473,0.000,0.527
656000,0.566,0.000,0.434
656500,0.593,0.000,0.407
657000,0.619,0.000,0.381
657500,0.450,0.000,0.550
658000,0.598,0.000,0.402
658500,0.598,0.000,0.402
659000,0.499,0.000,0.501
659500,0.488,0.000,0.512
660000,0.406,0.000,0.594
660500,0.526,0.000,0.474
661000,0.551,0.000,0.449
661500,0.553,0.000,0.447
662000,0.444,0.000,0.556
662500,0.535,0.000,0.465
663000,0.426,0.000,0.574
663500,0.524,0.000,0.476
664000,0.513,0.000,0.487
664500,0.681,0.000,0.319
665000,0.617,0.000,0.383
665500,0.489,0.000,0.511
666000,0.535,0.000,0.465
666500,0.681,0.000,0.319
667000,0.680,0.000,0.320
667500,0.564,0.000,0.436
668000,0.513,0.000,0.487
668500,0.522,0.000,0.478
669000,0.500,0.000,0.500
669500,0.678,0.000,0.322
670000,0.505,0.000,0.495
670500,0.620,0.000,0.380
671000,0.528,0.000,0.472
671500,0.474,0.000,0.526
672000,0.582,0.000,0.418
672500,0.566,0.000,0.434
673000,0.569,0.000,0.431
673500,0.521,0.000,0.479
674000,0.555,0.000,0.445
674500,0.585,0.000,0.415
675000,0.410,0.000,0.590
675500,0.494,0.000,0.506
676000,0.523,0.000,0.477
676500,0.487,0.000,0.513
677000,0.556,0.000,0.444
677500,0.562,0.000,0.438
678000,0.482,0.000,0.518
678500,0.633,0.000,0.367
679000,0.599,0.000,0.401
679500,0.550,0.000,0.450
680000,0.528,0.000,0.472
680500,0.471,0.000,0.529
681000,0.498,0.000,0.502
681500,0.582,0.000,0.418
682000,0.543,0.000,0.457
682500,0.601,0.000,0.399
683000,0.609,0.000,0.391
683500,0.483,0.000,0.517
684000,0.563,0.000,0.437
684500,0.472,0.000,0.528
685000,0.644,0.000,0.356
685500,0.716,0.000,0.284
686000,0.537,0.000,0.463
686500,0.504,0.000,0.496
687000,0.533,0.000,0.467
687500,0.751,0.000,0.249
688000,0.763,0.000,0.237
688500,0.466,0.000,0.534
689000,0.459,0.000,0.541
689500,0.490,0.000,0.510
690000,0.529,0.000,0.471
690500,0.551,0.000,0.449
691000,0.615,0.000,0.385
691500,0.655,0.000,0.345
692000,0.621,0.000,0.379
692500,0.319,0.000,0.681
693000,0.564,0.000,0.436
693500,0.531,0.000,0.469
694000,0.501,0.000,0.499
694500,0.539,0.000,0.461
695000,0.608,0.000,0.392
695500,0.521,0.000,0.479
696000,0.562,0.000,0.438
696500,0.603,0.000,0.397
697000,0.582,0.000,0.418
697500,0.527,0.000,0.473
698000,0.519,0.000,0.481
698500,0.623,0.000,0.377
699000,0.568,0.000,0.432
699500,0.770,0.000,0.230
700000,0.634,0.000,0.366
700500,0.660,0.000,0.340
701000,0.615,0.000,0.385
701500,0.398,0.000,0.602
702000,0.529,0.000,0.471
702500,0.567,0.000,0.433
703000,0.718,0.000,0.282
703500,0.629,0.000,0.371
704000,0.658,0.000,0.342
704500,0.466,0.000,0.534
705000,0.682,0.000,0.318
705500,0.675,0.000,0.325
706000,0.563,0.000,0.437
706500,0.426,0.000,0.574
707000,0.521,0.000,0.479
707500,0.416,0.000,0.584
708000,0.505,0.000,0.495
708500,0.569,0.000,0.431
709000,0.487,0.000,0.513
709500,0.556,0.000,0.444
710000,0.487,0.000,0.513
710500,0.391,0.000,0.609
711000,0.552,0.000,0.448
711500,0.556,0.000,0.444
712000,0.559,0.000,0.441
712500,0.595,0.000,0.405
713000,0.674,0.000,0.326
713500,0.667,0.000,0.333
714000,0.615,0.000,0.385
714500,0.541,0.000,0.459
715000,0.490,0.000,0.510
715500,0.545,0.000,0.455
716000,0.554,0.000,0.446
716500,0.652,0.000,0.348
717000,0.593,0.000,0.407
717500,0.554,0.000,0.446
718000,0.568,0.000,0.432
718500,0.499,0.000,0.501
719000,0.546,0.000,0.454
719500,0.541,0.000,0.459
720000,0.472,0.000,0.528
720500,0.549,0.000,0.451
721000,0.559,0.000,0.441
721500,0.513,0.000,0.487
722000,0.537,0.000,0.463
722500,0.576,0.000,0.424
723000,0.554,0.000,0.446
723500,0.481,0.000,0.519
724000,0.422,0.000,0.578
724500,0.608,0.000,0.392
725000,0.524,0.000,0.476
725500,0.609,0.000,0.391
726000,0.632,0.000,0.368
726500,0.612,0.000,0.388
727000,0.527,0.000,0.473
727500,0.471,0.000,0.529
728000,0.426,0.000,0.574
728500,0.531,0.000,0.469
729000,0.573,0.000,0.427
729500,0.599,0.000,0.401
730000,0.472,0.000,0.528
730500,0.531,0.000,0.469
731000,0.586,0.000,0.414
731500,0.510,0.000,0.490
732000,0.452,0.000,0.548
732500,0.474,0.000,0.526
733000,0.682,0.000,0.318
733500,0.617,0.000,0.383
734000,0.460,0.000,0.540
734500,0.528,0.000,0.472
735000,0.510,0.000,0.490
735500,0.574,0.000,0.426
736000,0.494,0.000,0.506
736500,0.510,0.000,0.490
737000,0.576,0.000,0.424
737500,0.632,0.000,0.368
738000,0.442,0.000,0.558
738500,0.478,0.000,0.522
739000,0.690,0.000,0.310
739500,0.614,0.000,0.386
740000,0.565,0.000,0.435
740500,0.545,0.000,0.455
741000,0.617,0.000,0.383
741500,0.551,0.000,0.449
742000,0.543,0.000,0.457
742500,0.579,0.000,0.421
743000,0.465,0.000,0.535
743500,0.524,0.000,0.476
744000,0.566,0.000,0.434
744500,0.600,0.000,0.400
745000,0.492,0.000,0.508
745500,0.535,0.000,0.465
746000,0.549,0.000,0.451
746500,0.585,0.000,0.415
747000,0.449,0.000,0.551
747500,0.524,0.000,0.476
748000,0.427,0.000,0.573
748500,0.462,0.000,0.538
749000,0.549,0.000,0.451
749500,0.588,0.000,0.412
750000,0.457,0.000,0.543
750500,0.558,0.000,0.442
751000,0.543,0.000,0.457
751500,0.500,0.000,0.500
752000,0.487,0.000,0.513
752500,0.471,0.000,0.529
753000,0.488,0.000,0.512
753500,0.623,0.000,0.377
754000,0.465,0.000,0.535
754500,0.491,0.000,0.509
755000,0.556,0.000,0.444
755500,0.448,0.000,0.552
756000,0.565,0.000,0.435
756500,0.410,0.000,0.590
757000,0.516,0.000,0.484
757500,0.555,0.000,0.445
758000,0.634,0.000,0.366
758500,0.650,0.000,0.350
759000,0.515,0.000,0.485
759500,0.631,0.000,0.369
760000,0.549,0.000,0.451
760500,0.633,0.000,0.367
761000,0.665,0.000,0.335
761500,0.637,0.000,0.363
762000,0.798,0.000,0.202
762500,0.582,0.000,0.418
763000,0.446,0.000,0.554
763500,0.538,0.000,0.462
764000,0.574,0.000,0.426
764500,0.686,0.000,0.314
765000,0.632,0.000,0.368
765500,0.609,0.000,0.391
766000,0.644,0.000,0.356
766500,0.471,0.000,0.529
767000,0.524,0.000,0.476
767500,0.602,0.000,0.398
768000,0.481,0.000,0.519
768500,0.624,0.000,0.376
769000,0.423,0.000,0.577
769500,0.413,0.000,0.587
770000,0.565,0.000,0.435
770500,0.597,0.000,0.403
771000,0.627,0.000,0.373
771500,0.487,0.000,0.513
772000,0.497,0.000,0.503
772500,0.538,0.000,0.462
773000,0.408,0.000,0.592
773500,0.590,0.000,0.410
774000,0.518,0.000,0.482
774500,0.402,0.000,0.598
775000,0.577,0.000,0.423
775500,0.696,0.000,0.304
776000,0.641,0.000,0.359
776500,0.551,0.000,0.449
777000,0.626,0.000,0.374
777500,0.581,0.000,0.419
778000,0.500,0.000,0.500
778500,0.526,0.000,0.474
779000,0.519,0.000,0.481
779500,0.423,0.000,0.577
780000,0.447,0.000,0.553
780500,0.573,0.000,0.427
781000,0.619,0.000,0.381
781500,0.579,0.000,0.421
782000,0.579,0.000,0.421
782500,0.493,0.000,0.507
783000,0.496,0.000,0.504
783500,0.480,0.000,0.520
784000,0.507,0.000,0.493
784500,0.586,0.000,0.414
785000,0.637,0.000,0.363
785500,0.540,0.000,0.460
786000,0.571,0.000,0.429
786500,0.480,0.000,0.520
787000,0.569,0.000,0.431
787500,0.532,0.000,0.468
788000,0.552,0.000,0.448
788500,0.609,0.000,0.391
789000,0.636,0.000,0.364
789500,0.500,0.000,0.500
790000,0.529,0.000,0.471
790500,0.507,0.000,0.493
791000,0.520,0.000,0.480
791500,0.492,0.000,0.508
792000,0.457,0.000,0.543
792500,0.558,0.000,0.442
793000,0.563,0.000,0.437
793500,0.647,0.000,0.353
794000,0.606,0.000,0.394
794500,0.522,0.000,0.478
795000,0.430,0.000,0.570
795500,0.484,0.000,0.516
796000,0.672,0.000,0.328
796500,0.651,0.000,0.349
797000,0.501,0.000,0.499
797500,0.671,0.000,0.329
798000,0.570,0.000,0.430
798500,0.542,0.000,0.458
799000,0.587,0.000,0.413
799500,0.617,0.000,0.383
800000,0.676,0.000,0.324
800500,0.549,0.000,0.451
801000,0.518,0.000,0.482
801500,0.403,0.000,0.597
802000,0.425,0.000,0.575
802500,0.498,0.000,0.502
803000,0.498,0.000,0.502
803500,0.521,0.000,0.479
804000,0.543,0.000,0.457
804500,0.519,0.000,0.481
805000,0.609,0.000,0.391
805500,0.680,0.000,0.320
806000,0.766,0.000,0.234
806500,0.690,0.000,0.310
807000,0.629,0.000,0.371
807500,0.701,0.000,0.299
808000,0.653,0.000,0.347
808500,0.638,0.000,0.362
809000,0.575,0.000,0.425
809500,0.485,0.000,0.515
810000,0.541,0.000,0.459
810500,0.581,0.000,0.419
811000,0.638,0.000,0.362
811500,0.651,0.000,0.349
812000,0.583,0.000,0.417
812500,0.534,0.000,0.466
813000,0.531,0.000,0.469
813500,0.575,0.000,0.425
814000,0.628,0.000,0.372
814500,0.613,0.000,0.387
815000,0.566,0.000,0.434
815500,0.539,0.000,0.461
816000,0.634,0.000,0.366
816500,0.452,0.000,0.548
817000,0.585,0.000,0.415
817500,0.533,0.000,0.467
818000,0.427,0.000,0.573
818500,0.546,0.000,0.454
819000,0.480,0.000,0.520
819500,0.538,0.000,0.462
820000,0.592,0.000,0.408
820500,0.604,0.000,0.396
821000,0.687,0.000,0.313
821500,0.695,0.000,0.305
822000,0.452,0.000,0.548
822500,0.437,0.000,0.563
823000,0.591,0.000,0.409
823500,0.594,0.000,0.406
824000,0.528,0.000,0.472
824500,0.558,0.000,0.442
825000,0.596,0.000,0.404
825500,0.421,0.000,0.579
826000,0.467,0.000,0.533
826500,0.536,0.000,0.464
827000,0.617,0.000,0.383
827500,0.592,0.000,0.408
828000,0.471,0.000,0.529
828500,0.511,0.000,0.489
829000,0.581,0.000,0.419
829500,0.757,0.000,0.243
830000,0.694,0.000,0.306
830500,0.670,0.000,0.330
831000,0.649,0.000,0.351
831500,0.497,0.000,0.503
832000,0.577,0.000,0.423
832500,0.565,0.000,0.435
833000,0.565,0.000,0.435
833500,0.522,0.000,0.478
834000,0.555,0.000,0.445
834500,0.509,0.000,0.491
835000,0.491,0.000,0.509
835500,0.498,0.000,0.502
836000,0.572,0.000,0.428
836500,0.506,0.000,0.494
837000,0.562,0.000,0.438
837500,0.512,0.000,0.488
838000,0.541,0.000,0.459
838500,0.507,0.000,0.493
839000,0.475,0.000,0.525
839500,0.469,0.000,0.531
840000,0.402,0.000,0.598
840500,0.516,0.000,0.484
841000,0.407,0.000,0.593
841500,0.531,0.000,0.469
842000,0.449,0.000,0.551
842500,0.517,0.000,0.483
843000,0.507,0.000,0.493
843500,0.623,0.000,0.377
844000,0.532,0.000,0.468
844500,0.583,0.000,0.417
845000,0.569,0.000,0.431
845500,0.687,0.000,0.313
846000,0.668,0.000,0.332
846500,0.481,0.000,0.519
847000,0.581,0.000,0.419
847500,0.594,0.000,0.406
848000,0.744,0.000,0.256
848500,0.645,0.000,0.355
849000,0.572,0.000,0.428
849500,0.478,0.000,0.522
850000,0.505,0.000,0.495
850500,0.478,0.000,0.522
851000,0.534,0.000,0.466
851500,0.603,0.000,0.397
852000,0.587,0.000,0.413
852500,0.544,0.000,0.456
853000,0.622,0.000,0.378
853500,0.699,0.000,0.301
854000,0.702,0.000,0.298
854500,0.564,0.000,0.436
855000,0.536,0.000,0.464
855500,0.456,0.000,0.544
856000,0.534,0.000,0.466
856500,0.584,0.000,0.416
857000,0.593,0.000,0.407
857500,0.515,0.000,0.485
858000,0.449,0.000,0.551
858500,0.589,0.000,0.411
859000,0.533,0.000,0.467
859500,0.533,0.000,0.467
860000,0.534,0.000,0.466
860500,0.619,0.000,0.381
861000,0.655,0.000,0.345
861500,0.503,0.000,0.497
862000,0.458,0.000,0.542
862500,0.550,0.000,0.450
863000,0.432,0.000,0.568
863500,0.539,0.000,0.461
864000,0.419,0.000,0.581
864500,0.536,0.000,0.464
865000,0.564,0.000,0.436
865500,0.508,0.000,0.492
866000,0.619,0.000,0.381
866500,0.681,0.000,0.319
867000,0.644,0.000,0.356
867500,0.657,0.000,0.343
868000,0.482,0.000,0.518
868500,0.357,0.000,0.643
869000,0.507,0.000,0.493
869500,0.598,0.000,0.402
870000,0.569,0.000,0.431
870500,0.651,0.000,0.349
871000,0.557,0.000,0.443
871500,0.538,0.000,0.462
872000,0.606,0.000,0.394
872500,0.578,0.000,0.422
873000,0.563,0.000,0.437
873500,0.625,0.000,0.375
874000,0.802,0.000,0.198
874500,0.649,0.000,0.351
875000,0.561,0.000,0.439
875500,0.664,0.000,0.336
876000,0.697,0.000,0.303
876500,0.657,0.000,0.343
877000,0.563,0.000,0.437
877500,0.601,0.000,0.399
878000,0.436,0.000,0.564
878500,0.701,0.000,0.299
879000,0.511,0.000,0.489
879500,0.484,0.000,0.516
880000,0.525,0.000,0.475
880500,0.519,0.000,0.481
881000,0.419,0.000,0.581
881500,0.516,0.000,0.484
882000,0.626,0.000,0.374
882500,0.574,0.000,0.426
883000,0.553,0.000,0.447
883500,0.459,0.000,0.541
884000,0.577,0.000,0.423
884500,0.438,0.000,0.562
885000,0.543,0.000,0.457
885500,0.592,0.000,0.408
886000,0.602,0.000,0.398
886500,0.605,0.000,0.395
887000,0.506,0.000,0.494
887500,0.639,0.000,0.361
888000,0.567,0.000,0.433
888500,0.632,0.000,0.368
889000,0.627,0.000,0.373
889500,0.554,0.000,0.446
890000,0.643,0.000,0.357
890500,0.656,0.000,0.344
891000,0.678,0.000,0.322
891500,0.557,0.000,0.443
892000,0.550,0.000,0.450
892500,0.567,0.000,0.433
893000,0.417,0.000,0.583
893500,0.657,0.000,0.343
894000,0.639,0.000,0.361
894500,0.603,0.000,0.397
895000,0.524,0.000,0.476
895500,0.519,0.000,0.481
896000,0.685,0.000,0.315
896500,0.548,0.000,0.452
897000,0.541,0.000,0.459
897500,0.546,0.000,0.454
898000,0.468,0.000,0.532
898500,0.537,0.000,0.463
899000,0.518,0.000,0.482
899500,0.565,0.000,0.435
900000,0.468,0.000,0.532
900500,0.574,0.000,0.426
901000,0.422,0.000,0.578
901500,0.526,0.000,0.474
902000,0.497,0.000,0.503
902500,0.562,0.000,0.438
903000,0.467,0.000,0.533
903500,0.506,0.000,0.494
904000,0.566,0.000,0.434
904500,0.618,0.000,0.382
905000,0.651,0.000,0.349
905500,0.505,0.000,0.495
906000,0.584,0.000,0.416
906500,0.455,0.000,0.545
907000,0.574,0.000,0.426
907500,0.554,0.000,0.446
908000,0.679,0.000,0.321
908500,0.518,0.000,0.482
909000,0.542,0.000,0.458
909500,0.593,0.000,0.407
910000,0.530,0.000,0.470
910500,0.511,0.000,0.489
911000,0.505,0.000,0.495
911500,0.569,0.000,0.431
912000,0.591,0.000,0.409
912500,0.576,0.000,0.424
913000,0.500,0.000,0.500
913500,0.542,0.000,0.458
914000,0.444,0.000,0.556
914500,0.510,0.000,0.490
915000,0.607,0.000,0.393
915500,0.584,0.000,0.416
916000,0.512,0.000,0.488
916500,0.518,0.000,0.482
917000,0.665,0.000,0.335
917500,0.612,0.000,0.388
918000,0.658,0.000,0.342
918500,0.667,0.000,0.333
919000,0.719,0.000,0.281
919500,0.504,0.000,0.496
920000,0.460,0.000,0.540
920500,0.597,0.000,0.403
921000,0.584,0.000,0.416
921500,0.547,0.000,0.453
922000,0.484,0.000,0.516
922500,0.509,0.000,0.491
923000,0.482,0.000,0.518
923500,0.468,0.000,0.532
924000,0.498,0.000,0.502
924500,0.491,0.000,0.509
925000,0.523,0.000,0.477
925500,0.500,0.000,0.500
926000,0.503,0.000,0.497
926500,0.394,0.000,0.606
927000,0.481,0.000,0.519
927500,0.525,0.000,0.475
928000,0.673,0.000,0.327
928500,0.501,0.000,0.499
929000,0.489,0.000,0.511
929500,0.556,0.000,0.444
930000,0.625,0.000,0.375
930500,0.513,0.000,0.487
931000,0.488,0.000,0.512
931500,0.571,0.000,0.429
932000,0.649,0.000,0.351
932500,0.541,0.000,0.459
933000,0.577,0.000,0.423
933500,0.698,0.000,0.302
934000,0.711,0.000,0.289
934500,0.581,0.000,0.419
935000,0.467,0.000,0.533
935500,0.572,0.000,0.428
936000,0.519,0.000,0.481
936500,0.508,0.000,0.492
937000,0.650,0.000,0.350
937500,0.633,0.000,0.367
938000,0.496,0.000,0.504
938500,0.618,0.000,0.382
939000,0.480,0.000,0.520
939500,0.543,0.000,0.457
940000,0.558,0.000,0.442
940500,0.509,0.000,0.491
941000,0.426,0.000,0.574
941500,0.613,0.000,0.387
942000,0.605,0.000,0.395
942500,0.432,0.000,0.568
943000,0.605,0.000,0.395
943500,0.703,0.000,0.297
944000,0.486,0.000,0.514
944500,0.639,0.000,0.361
945000,0.635,0.000,0.365
945500,0.652,0.000,0.348
946000,0.451,0.000,0.549
946500,0.723,0.000,0.277
947000,0.592,0.000,0.408
947500,0.568,0.000,0.432
948000,0.590,0.000,0.410
948500,0.588,0.000,0.412
949000,0.521,0.000,0.479
949500,0.567,0.000,0.433
950000,0.596,0.000,0.404
950500,0.636,0.000,0.364
951000,0.504,0.000,0.496
951500,0.584,0.000,0.416
952000,0.544,0.000,0.456
952500,0.582,0.000,0.418
953000,0.653,0.000,0.347
953500,0.576,0.000,0.424
954000,0.661,0.000,0.339
954500,0.599,0.000,0.401
955000,0.525,0.000,0.475
955500,0.482,0.000,0.518
956000,0.598,0.000,0.402
956500,0.470,0.000,0.530
957000,0.653,0.000,0.347
957500,0.698,0.000,0.302
958000,0.695,0.000,0.305
958500,0.676,0.000,0.324
959000,0.560,0.000,0.440
959500,0.533,0.000,0.467
960000,0.432,0.000,0.568
960500,0.527,0.000,0.473
961000,0.539,0.000,0.461
961500,0.623,0.000,0.377
962000,0.601,0.000,0.399
962500,0.512,0.000,0.488
963000,0.589,0.000,0.411
963500,0.514,0.000,0.486
964000,0.782,0.000,0.218
964500,0.776,0.000,0.224
965000,0.776,0.000,0.224
965500,0.624,0.000,0.376
966000,0.522,0.000,0.478
966500,0.523,0.000,0.477
967000,0.619,0.000,0.381
967500,0.398,0.000,0.602
968000,0.484,0.000,0.516
968500,0.530,0.000,0.470
969000,0.594,0.000,0.406
969500,0.591,0.000,0.409
970000,0.583,0.000,0.417
970500,0.557,0.000,0.443
971000,0.507,0.000,0.493
971500,0.603,0.000,0.397
972000,0.569,0.000,0.431
972500,0.467,0.000,0.533
973000,0.495,0.000,0.505
973500,0.483,0.000,0.517
974000,0.586,0.000,0.414
974500,0.503,0.000,0.497
975000,0.547,0.000,0.453
975500,0.547,0.000,0.453
976000,0.654,0.000,0.346
976500,0.672,0.000,0.328
977000,0.657,0.000,0.343
977500,0.729,0.000,0.271
978000,0.543,0.000,0.457
978500,0.553,0.000,0.447
979000,0.527,0.000,0.473
979500,0.585,0.000,0.415
980000,0.467,0.000,0.533
980500,0.520,0.000,0.480
981000,0.533,0.000,0.467
981500,0.684,0.000,0.316
982000,0.614,0.000,0.386
982500,0.602,0.000,0.398
983000,0.734,0.000,0.266
983500,0.696,0.000,0.304
984000,0.621,0.000,0.379
984500,0.520,0.000,0.480
985000,0.549,0.000,0.451
985500,0.485,0.000,0.515
986000,0.650,0.000,0.350
986500,0.671,0.000,0.329
987000,0.681,0.000,0.319
987500,0.748,0.000,0.252
988000,0.604,0.000,0.396
988500,0.591,0.000,0.409
989000,0.530,0.000,0.470
989500,0.616,0.000,0.384
990000,0.461,0.000,0.539
990500,0.466,0.000,0.534
991000,0.518,0.000,0.482
991500,0.522,0.000,0.478
992000,0.478,0.000,0.522
992500,0.462,0.000,0.538
993000,0.562,0.000,0.438
993500,0.615,0.000,0.385
994000,0.524,0.000,0.476
994500,0.582,0.000,0.418
995000,0.474,0.000,0.526
995500,0.452,0.000,0.548
996000,0.648,0.000,0.352
996500,0.653,0.000,0.347
997000,0.622,0.000,0.378
997500,0.541,0.000,0.459
998000,0.574,0.000,0.426
998500,0.531,0.000,0.469
999000,0.508,0.000,0.492
999500,0.586,0.000,0.414
1000000,0.599,0.000,0.401
