time,n_A+p,n_B,n_AB
500,0.050,0.885,0.065
1000,0.050,0.833,0.117
1500,0.050,0.835,0.115
2000,0.050,0.850,0.100
2500,0.050,0.813,0.137
3000,0.050,0.802,0.148
3500,0.050,0.765,0.184
4000,0.050,0.748,0.202
4500,0.050,0.720,0.230
5000,0.050,0.707,0.243
5500,0.050,0.711,0.239
6000,0.050,0.714,0.236
6500,0.050,0.713,0.237
7000,0.050,0.742,0.208
7500,0.050,0.753,0.197
8000,0.050,0.776,0.173
8500,0.050,0.774,0.176
9000,0.050,0.758,0.192
9500,0.050,0.745,0.205
10000,0.050,0.708,0.242
10500,0.050,0.743,0.207
11000,0.050,0.740,0.210
11500,0.050,0.748,0.202
12000,0.050,0.785,0.164
12500,0.050,0.784,0.166
13000,0.050,0.809,0.140
13500,0.050,0.798,0.151
14000,0.050,0.816,0.134
14500,0.050,0.807,0.143
15000,0.050,0.832,0.118
15500,0.050,0.791,0.158
16000,0.050,0.771,0.179
16500,0.050,0.753,0.197
17000,0.050,0.769,0.180
17500,0.050,0.802,0.147
18000,0.050,0.819,0.131
18500,0.050,0.813,0.137
19000,0.050,0.807,0.142
19500,0.050,0.777,0.172
20000,0.050,0.819,0.131
20500,0.050,0.820,0.130
21000,0.050,0.795,0.154
21500,0.050,0.743,0.207
22000,0.050,0.761,0.189
22500,0.050,0.768,0.182
23000,0.050,0.793,0.156
23500,0.050,0.781,0.168
24000,0.050,0.737,0.213
24500,0.050,0.691,0.259
25000,0.050,0.755,0.195
25500,0.050,0.736,0.214
26000,0.050,0.752,0.198
26500,0.050,0.789,0.161
27000,0.050,0.800,0.150
27500,0.050,0.761,0.189
28000,0.050,0.786,0.163
28500,0.050,0.771,0.178
29000,0.050,0.798,0.151
29500,0.050,0.779,0.170
30000,0.050,0.790,0.159
30500,0.050,0.794,0.155
31000,0.050,0.796,0.153
31500,0.050,0.786,0.164
32000,0.050,0.843,0.107
32500,0.050,0.815,0.135
33000,0.050,0.794,0.156
33500,0.050,0.771,0.179
34000,0.050,0.721,0.229
34500,0.050,0.776,0.173
35000,0.050,0.780,0.170
35500,0.050,0.766,0.183
36000,0.050,0.726,0.224
36500,0.050,0.744,0.206
37000,0.050,0.738,0.212
37500,0.050,0.765,0.185
38000,0.050,0.764,0.186
38500,0.050,0.748,0.202
39000,0.050,0.773,0.177
39500,0.050,0.761,0.189
40000,0.050,0.711,0.239
40500,0.050,0.736,0.214
41000,0.050,0.760,0.190
41500,0.050,0.727,0.223
42000,0.050,0.743,0.207
42500,0.050,0.739,0.211
43000,0.050,0.780,0.169
43500,0.050,0.802,0.148
44000,0.050,0.829,0.121
44500,0.050,0.772,0.177
45000,0.050,0.773,0.177
45500,0.050,0.771,0.179
46000,0.050,0.772,0.178
46500,0.050,0.767,0.182
47000,0.050,0.807,0.143
47500,0.050,0.824,0.126
48000,0.050,0.822,0.128
48500,0.050,0.823,0.127
49000,0.050,0.808,0.142
49500,0.050,0.811,0.139
50000,0.050,0.797,0.152
50500,0.050,0.823,0.127
51000,0.050,0.780,0.170
51500,0.050,0.742,0.208
52000,0.050,0.747,0.203
52500,0.050,0.743,0.207
53000,0.050,0.737,0.213
53500,0.050,0.751,0.199
54000,0.050,0.721,0.229
54500,0.050,0.777,0.173
55000,0.050,0.754,0.196
55500,0.050,0.763,0.187
56000,0.050,0.779,0.170
56500,0.050,0.831,0.119
57000,0.050,0.818,0.132
57500,0.050,0.802,0.148
58000,0.050,0.790,0.159
58500,0.050,0.722,0.228
59000,0.050,0.757,0.193
59500,0.050,0.801,0.149
60000,0.050,0.750,0.200
60500,0.050,0.742,0.208
61000,0.050,0.780,0.169
61500,0.050,0.787,0.163
62000,0.050,0.774,0.175
62500,0.050,0.765,0.185
63000,0.050,0.777,0.172
63500,0.050,0.768,0.182
64000,0.050,0.763,0.187
64500,0.050,0.705,0.245
65000,0.050,0.710,0.240
65500,0.050,0.748,0.202
66000,0.050,0.794,0.156
66500,0.050,0.769,0.181
67000,0.050,0.764,0.185
67500,0.050,0.791,0.159
68000,0.050,0.774,0.176
68500,0.050,0.765,0.185
69000,0.050,0.777,0.173
69500,0.050,0.774,0.176
70000,0.050,0.801,0.149
70500,0.050,0.742,0.208
71000,0.050,0.745,0.205
71500,0.050,0.790,0.159
72000,0.050,0.805,0.145
72500,0.050,0.752,0.198
73000,0.050,0.728,0.222
73500,0.050,0.703,0.247
74000,0.050,0.713,0.237
74500,0.050,0.796,0.154
75000,0.050,0.766,0.184
75500,0.050,0.782,0.167
76000,0.050,0.766,0.183
76500,0.050,0.750,0.200
77000,0.050,0.763,0.186
77500,0.050,0.795,0.155
78000,0.050,0.777,0.173
78500,0.050,0.750,0.200
79000,0.050,0.781,0.168
79500,0.050,0.780,0.170
80000,0.050,0.781,0.169
80500,0.050,0.772,0.178
81000,0.050,0.797,0.153
81500,0.050,0.763,0.187
82000,0.050,0.751,0.199
82500,0.050,0.777,0.172
83000,0.050,0.780,0.169
83500,0.050,0.807,0.143
84000,0.050,0.812,0.138
84500,0.050,0.805,0.145
85000,0.050,0.791,0.159
85500,0.050,0.755,0.195
86000,0.050,0.729,0.221
86500,0.050,0.741,0.209
87000,0.050,0.757,0.193
87500,0.050,0.755,0.195
88000,0.050,0.772,0.178
88500,0.050,0.763,0.186
89000,0.050,0.780,0.169
89500,0.050,0.815,0.135
90000,0.050,0.803,0.146
90500,0.050,0.772,0.177
91000,0.050,0.768,0.181
91500,0.050,0.784,0.166
92000,0.050,0.801,0.148
92500,0.050,0.780,0.170
93000,0.050,0.807,0.142
93500,0.050,0.816,0.134
94000,0.050,0.819,0.131
94500,0.050,0.799,0.151
95000,0.050,0.814,0.136
95500,0.050,0.774,0.175
96000,0.050,0.758,0.192
96500,0.050,0.772,0.178
97000,0.050,0.782,0.167
97500,0.050,0.760,0.190
98000,0.050,0.755,0.195
98500,0.050,0.763,0.186
99000,0.050,0.742,0.208
99500,0.050,0.694,0.256
100000,0.050,0.692,0.258
100500,0.050,0.752,0.198
101000,0.050,0.769,0.180
101500,0.050,0.745,0.205
102000,0.050,0.739,0.211
102500,0.050,0.751,0.199
103000,0.050,0.791,0.159
103500,0.050,0.752,0.198
104000,0.050,0.748,0.202
104500,0.050,0.774,0.176
105000,0.050,0.787,0.163
105500,0.050,0.784,0.165
106000,0.050,0.764,0.186
106500,0.050,0.767,0.182
107000,0.050,0.786,0.163
107500,0.050,0.808,0.141
108000,0.050,0.784,0.166
108500,0.050,0.759,0.191
109000,0.050,0.721,0.229
109500,0.050,0.727,0.223
110000,0.050,0.755,0.195
110500,0.050,0.770,0.180
111000,0.050,0.780,0.170
111500,0.050,0.749,0.201
112000,0.050,0.716,0.234
112500,0.050,0.755,0.195
113000,0.050,0.776,0.173
113500,0.050,0.746,0.204
114000,0.050,0.717,0.233
114500,0.050,0.707,0.243
115000,0.050,0.731,0.219
115500,0.050,0.750,0.200
116000,0.050,0.762,0.188
116500,0.050,0.767,0.182
117000,0.050,0.730,0.220
117500,0.050,0.751,0.199
118000,0.050,0.749,0.201
118500,0.050,0.756,0.194
119000,0.050,0.740,0.210
119500,0.050,0.773,0.176
120000,0.050,0.766,0.184
120500,0.050,0.748,0.202
121000,0.050,0.739,0.211
121500,0.050,0.766,0.183
122000,0.050,0.826,0.124
122500,0.050,0.801,0.148
123000,0.050,0.798,0.152
123500,0.050,0.811,0.138
124000,0.050,0.766,0.183
124500,0.050,0.757,0.193
125000,0.050,0.754,0.196
125500,0.050,0.746,0.204
126000,0.050,0.827,0.123
126500,0.050,0.783,0.167
127000,0.050,0.765,0.184
127500,0.050,0.736,0.214
128000,0.050,0.772,0.178
128500,0.050,0.743,0.207
129000,0.050,0.722,0.228
129500,0.050,0.720,0.230
130000,0.050,0.765,0.185
130500,0.050,0.785,0.164
131000,0.050,0.790,0.160
131500,0.050,0.769,0.180
132000,0.050,0.781,0.169
132500,0.050,0.780,0.169
133000,0.050,0.764,0.185
133500,0.050,0.761,0.189
134000,0.050,0.782,0.168
134500,0.050,0.815,0.135
135000,0.050,0.751,0.199
135500,0.050,0.763,0.187
136000,0.050,0.802,0.147
136500,0.050,0.770,0.180
137000,0.050,0.787,0.162
137500,0.050,0.802,0.147
138000,0.050,0.811,0.139
138500,0.050,0.809,0.140
139000,0.050,0.797,0.153
139500,0.050,0.809,0.140
140000,0.050,0.786,0.163
140500,0.050,0.776,0.173
141000,0.050,0.769,0.181
141500,0.050,0.810,0.139
142000,0.050,0.746,0.204
142500,0.050,0.766,0.184
143000,0.050,0.772,0.178
143500,0.050,0.767,0.182
144000,0.050,0.742,0.208
144500,0.050,0.733,0.217
145000,0.050,0.810,0.140
145500,0.050,0.816,0.134
146000,0.050,0.775,0.175
146500,0.050,0.771,0.178
147000,0.050,0.750,0.200
147500,0.050,0.756,0.194
148000,0.050,0.734,0.216
148500,0.050,0.734,0.216
149000,0.050,0.735,0.215
149500,0.050,0.738,0.212
150000,0.050,0.723,0.227
150500,0.050,0.756,0.194
151000,0.050,0.750,0.200
151500,0.050,0.733,0.217
152000,0.050,0.764,0.186
152500,0.050,0.787,0.163
153000,0.050,0.813,0.137
153500,0.050,0.792,0.157
154000,0.050,0.786,0.164
154500,0.050,0.730,0.220
155000,0.050,0.737,0.213
155500,0.050,0.758,0.192
156000,0.050,0.784,0.165
156500,0.050,0.765,0.184
157000,0.050,0.803,0.147
157500,0.050,0.770,0.180
158000,0.050,0.759,0.191
158500,0.050,0.756,0.194
159000,0.050,0.756,0.194
159500,0.050,0.783,0.166
160000,0.050,0.742,0.208
160500,0.050,0.750,0.200
161000,0.050,0.724,0.226
161500,0.050,0.736,0.214
162000,0.050,0.761,0.189
162500,0.050,0.708,0.242
163000,0.050,0.762,0.188
163500,0.050,0.799,0.150
164000,0.050,0.797,0.152
164500,0.050,0.790,0.160
165000,0.050,0.725,0.225
165500,0.050,0.744,0.206
166000,0.050,0.773,0.176
166500,0.050,0.807,0.142
167000,0.050,0.782,0.167
167500,0.050,0.774,0.175
168000,0.050,0.780,0.169
168500,0.050,0.782,0.168
169000,0.050,0.790,0.159
169500,0.050,0.806,0.144
170000,0.050,0.759,0.191
170500,0.050,0.764,0.185
171000,0.050,0.717,0.233
171500,0.050,0.733,0.217
172000,0.050,0.740,0.210
172500,0.050,0.768,0.181
173000,0.050,0.765,0.185
173500,0.050,0.796,0.153
174000,0.050,0.772,0.177
174500,0.050,0.787,0.163
175000,0.050,0.770,0.179
175500,0.050,0.797,0.153
176000,0.050,0.774,0.175
176500,0.050,0.772,0.178
177000,0.050,0.764,0.186
177500,0.050,0.687,0.263
178000,0.050,0.763,0.187
178500,0.050,0.788,0.162
179000,0.050,0.838,0.112
179500,0.050,0.845,0.105
180000,0.050,0.816,0.134
180500,0.050,0.811,0.139
181000,0.050,0.776,0.174
181500,0.050,0.753,0.197
182000,0.050,0.767,0.183
182500,0.050,0.785,0.164
183000,0.050,0.770,0.179
183500,0.050,0.799,0.151
184000,0.050,0.773,0.176
184500,0.050,0.806,0.143
185000,0.050,0.772,0.178
185500,0.050,0.800,0.150
186000,0.050,0.803,0.147
186500,0.050,0.775,0.175
187000,0.050,0.799,0.150
187500,0.050,0.758,0.192
188000,0.050,0.786,0.164
188500,0.050,0.796,0.153
189000,0.050,0.763,0.187
189500,0.050,0.789,0.160
190000,0.050,0.809,0.141
190500,0.050,0.768,0.182
191000,0.050,0.754,0.196
191500,0.050,0.763,0.187
192000,0.050,0.754,0.196
192500,0.050,0.807,0.143
193000,0.050,0.755,0.195
193500,0.050,0.782,0.168
194000,0.050,0.775,0.174
194500,0.050,0.803,0.146
195000,0.050,0.761,0.189
195500,0.050,0.765,0.184
196000,0.050,0.785,0.165
196500,0.050,0.777,0.173
197000,0.050,0.739,0.211
197500,0.050,0.763,0.186
198000,0.050,0.766,0.184
198500,0.050,0.758,0.192
199000,0.050,0.794,0.156
199500,0.050,0.788,0.161
200000,0.050,0.785,0.165
200500,0.050,0.789,0.160
201000,0.050,0.724,0.226
201500,0.050,0.779,0.171
202000,0.050,0.794,0.155
202500,0.050,0.763,0.187
203000,0.050,0.743,0.207
203500,0.050,0.785,0.165
204000,0.050,0.774,0.175
204500,0.050,0.788,0.162
205000,0.050,0.765,0.184
205500,0.050,0.795,0.155
206000,0.050,0.760,0.190
206500,0.050,0.780,0.169
207000,0.050,0.752,0.198
207500,0.050,0.766,0.184
208000,0.050,0.770,0.179
208500,0.050,0.798,0.151
209000,0.050,0.770,0.180
209500,0.050,0.735,0.215
210000,0.050,0.736,0.214
210500,0.050,0.777,0.173
211000,0.050,0.758,0.192
211500,0.050,0.768,0.181
212000,0.050,0.762,0.188
212500,0.050,0.765,0.184
213000,0.050,0.770,0.179
213500,0.050,0.796,0.154
214000,0.050,0.760,0.190
214500,0.050,0.758,0.192
215000,0.050,0.769,0.180
215500,0.050,0.791,0.159
216000,0.050,0.781,0.169
216500,0.050,0.781,0.168
217000,0.050,0.793,0.156
217500,0.050,0.738,0.212
218000,0.050,0.776,0.174
218500,0.050,0.798,0.152
219000,0.050,0.771,0.179
219500,0.050,0.765,0.184
220000,0.050,0.766,0.184
220500,0.050,0.755,0.195
221000,0.050,0.752,0.198
221500,0.050,0.730,0.220
222000,0.050,0.746,0.204
222500,0.050,0.723,0.227
223000,0.050,0.675,0.274
223500,0.050,0.699,0.251
224000,0.050,0.785,0.164
224500,0.050,0.769,0.180
225000,0.050,0.759,0.191
225500,0.050,0.792,0.158
226000,0.050,0.797,0.153
226500,0.050,0.765,0.184
227000,0.050,0.765,0.185
227500,0.050,0.771,0.179
228000,0.050,0.801,0.149
228500,0.050,0.838,0.112
229000,0.050,0.790,0.160
229500,0.050,0.779,0.171
230000,0.050,0.768,0.181
230500,0.050,0.805,0.145
231000,0.050,0.794,0.156
231500,0.050,0.754,0.196
232000,0.050,0.783,0.167
232500,0.050,0.778,0.172
233000,0.050,0.759,0.191
233500,0.050,0.799,0.151
234000,0.050,0.832,0.118
234500,0.050,0.824,0.126
235000,0.050,0.796,0.153
235500,0.050,0.810,0.140
236000,0.050,0.775,0.174
236500,0.050,0.779,0.170
237000,0.050,0.773,0.177
237500,0.050,0.761,0.189
238000,0.050,0.766,0.183
238500,0.050,0.772,0.178
239000,0.050,0.804,0.145
239500,0.050,0.765,0.185
240000,0.050,0.812,0.137
240500,0.050,0.798,0.152
241000,0.050,0.781,0.168
241500,0.050,0.759,0.191
242000,0.050,0.747,0.203
242500,0.050,0.744,0.206
243000,0.050,0.740,0.210
243500,0.050,0.749,0.201
244000,0.050,0.732,0.218
244500,0.050,0.687,0.263
245000,0.050,0.698,0.252
245500,0.050,0.737,0.213
246000,0.050,0.738,0.212
246500,0.050,0.717,0.233
247000,0.050,0.714,0.236
247500,0.050,0.743,0.207
248000,0.050,0.771,0.179
248500,0.050,0.786,0.164
249000,0.050,0.770,0.179
249500,0.050,0.767,0.183
250000,0.050,0.799,0.151
250500,0.050,0.832,0.118
251000,0.050,0.814,0.136
251500,0.050,0.801,0.149
252000,0.050,0.732,0.218
252500,0.050,0.751,0.199
253000,0.050,0.798,0.151
253500,0.050,0.787,0.163
254000,0.050,0.724,0.226
254500,0.050,0.701,0.249
255000,0.050,0.737,0.213
255500,0.050,0.768,0.182
256000,0.050,0.799,0.150
256500,0.050,0.764,0.185
257000,0.050,0.739,0.211
257500,0.050,0.753,0.197
258000,0.050,0.741,0.209
258500,0.050,0.773,0.176
259000,0.050,0.775,0.175
259500,0.050,0.777,0.173
260000,0.050,0.781,0.169
260500,0.050,0.778,0.172
261000,0.050,0.772,0.178
261500,0.050,0.774,0.176
262000,0.050,0.746,0.204
262500,0.050,0.729,0.221
263000,0.050,0.752,0.198
263500,0.050,0.743,0.207
264000,0.052,0.739,0.209
264500,0.050,0.757,0.193
265000,0.050,0.750,0.200
265500,0.050,0.748,0.202
266000,0.050,0.758,0.192
266500,0.050,0.740,0.210
267000,0.050,0.759,0.191
267500,0.050,0.744,0.206
268000,0.050,0.776,0.173
268500,0.050,0.747,0.203
269000,0.050,0.756,0.194
269500,0.050,0.762,0.188
270000,0.050,0.753,0.197
270500,0.050,0.747,0.203
271000,0.050,0.748,0.202
271500,0.050,0.725,0.225
272000,0.050,0.750,0.200
272500,0.050,0.746,0.204
273000,0.050,0.716,0.234
273500,0.050,0.733,0.217
274000,0.050,0.720,0.230
274500,0.050,0.721,0.229
275000,0.050,0.727,0.223
275500,0.050,0.792,0.158
276000,0.050,0.811,0.139
276500,0.050,0.797,0.152
277000,0.050,0.771,0.179
277500,0.050,0.752,0.198
278000,0.050,0.750,0.200
278500,0.050,0.745,0.205
279000,0.050,0.753,0.197
279500,0.050,0.802,0.147
280000,0.050,0.831,0.119
280500,0.050,0.826,0.124
281000,0.050,0.831,0.119
281500,0.050,0.790,0.159
282000,0.050,0.809,0.141
282500,0.050,0.806,0.144
283000,0.050,0.760,0.190
283500,0.050,0.723,0.227
284000,0.050,0.701,0.249
284500,0.050,0.716,0.234
285000,0.050,0.737,0.213
285500,0.050,0.767,0.183
286000,0.050,0.756,0.194
286500,0.050,0.752,0.198
287000,0.050,0.770,0.179
287500,0.050,0.790,0.160
288000,0.050,0.772,0.177
288500,0.050,0.783,0.166
289000,0.050,0.811,0.139
289500,0.050,0.791,0.158
290000,0.050,0.801,0.148
290500,0.050,0.817,0.133
291000,0.050,0.824,0.126
291500,0.050,0.815,0.135
292000,0.050,0.841,0.109
292500,0.050,0.792,0.158
293000,0.050,0.746,0.204
293500,0.050,0.730,0.220
294000,0.050,0.758,0.192
294500,0.050,0.761,0.189
295000,0.050,0.816,0.134
295500,0.050,0.779,0.171
296000,0.050,0.771,0.179
296500,0.050,0.758,0.192
297000,0.050,0.785,0.165
297500,0.050,0.746,0.204
298000,0.050,0.763,0.186
298500,0.050,0.764,0.186
299000,0.050,0.782,0.167
299500,0.050,0.827,0.123
300000,0.050,0.790,0.159
300500,0.050,0.794,0.156
301000,0.050,0.766,0.183
301500,0.050,0.759,0.191
302000,0.050,0.780,0.169
302500,0.050,0.760,0.190
303000,0.050,0.756,0.194
303500,0.050,0.752,0.198
304000,0.050,0.764,0.185
304500,0.050,0.801,0.149
305000,0.050,0.810,0.140
305500,0.050,0.780,0.169
306000,0.050,0.780,0.170
306500,0.050,0.746,0.204
307000,0.050,0.750,0.200
307500,0.050,0.734,0.216
308000,0.050,0.765,0.184
308500,0.050,0.786,0.163
309000,0.050,0.786,0.164
309500,0.050,0.776,0.173
310000,0.050,0.769,0.180
310500,0.050,0.759,0.191
311000,0.050,0.745,0.205
311500,0.050,0.745,0.205
312000,0.050,0.717,0.233
312500,0.050,0.716,0.234
313000,0.050,0.722,0.228
313500,0.050,0.772,0.177
314000,0.050,0.770,0.180
314500,0.050,0.706,0.244
315000,0.050,0.744,0.206
315500,0.050,0.785,0.165
316000,0.050,0.795,0.155
316500,0.050,0.765,0.185
317000,0.050,0.787,0.163
317500,0.050,0.801,0.149
318000,0.050,0.810,0.140
318500,0.050,0.814,0.136
319000,0.050,0.812,0.138
319500,0.050,0.816,0.134
320000,0.050,0.805,0.144
320500,0.050,0.772,0.177
321000,0.050,0.783,0.166
321500,0.050,0.763,0.187
322000,0.050,0.730,0.220
322500,0.050,0.754,0.196
323000,0.050,0.753,0.197
323500,0.050,0.727,0.223
324000,0.050,0.745,0.205
324500,0.050,0.758,0.192
325000,0.050,0.714,0.236
325500,0.050,0.738,0.212
326000,0.050,0.733,0.217
326500,0.050,0.751,0.199
327000,0.050,0.792,0.157
327500,0.050,0.764,0.185
328000,0.050,0.744,0.206
328500,0.050,0.796,0.154
329000,0.050,0.792,0.157
329500,0.050,0.760,0.190
330000,0.050,0.786,0.164
330500,0.050,0.807,0.143
331000,0.050,0.828,0.122
331500,0.050,0.808,0.142
332000,0.050,0.774,0.175
332500,0.050,0.758,0.192
333000,0.050,0.794,0.155
333500,0.050,0.778,0.172
334000,0.050,0.808,0.141
334500,0.050,0.777,0.172
335000,0.050,0.778,0.171
335500,0.050,0.790,0.160
336000,0.050,0.800,0.149
336500,0.050,0.762,0.188
337000,0.050,0.804,0.146
337500,0.050,0.831,0.119
338000,0.050,0.807,0.143
338500,0.050,0.738,0.212
339000,0.050,0.732,0.218
339500,0.050,0.752,0.198
340000,0.050,0.736,0.214
340500,0.050,0.769,0.181
341000,0.050,0.794,0.155
341500,0.050,0.765,0.184
342000,0.050,0.796,0.154
342500,0.050,0.805,0.145
343000,0.050,0.767,0.182
343500,0.050,0.747,0.203
344000,0.050,0.783,0.166
344500,0.050,0.807,0.143
345000,0.050,0.815,0.135
345500,0.050,0.802,0.148
346000,0.050,0.806,0.143
346500,0.050,0.830,0.120
347000,0.050,0.798,0.151
347500,0.050,0.809,0.141
348000,0.050,0.780,0.169
348500,0.050,0.788,0.162
349000,0.050,0.805,0.145
349500,0.050,0.753,0.197
350000,0.050,0.765,0.185
350500,0.050,0.749,0.201
351000,0.050,0.757,0.193
351500,0.050,0.780,0.169
352000,0.050,0.758,0.192
352500,0.050,0.781,0.169
353000,0.050,0.743,0.207
353500,0.050,0.750,0.200
354000,0.050,0.717,0.233
354500,0.050,0.750,0.200
355000,0.050,0.731,0.219
355500,0.050,0.761,0.189
356000,0.050,0.777,0.173
356500,0.050,0.804,0.145
357000,0.050,0.832,0.118
357500,0.050,0.806,0.144
358000,0.050,0.800,0.150
358500,0.050,0.818,0.132
359000,0.050,0.790,0.159
359500,0.050,0.739,0.211
360000,0.050,0.733,0.217
360500,0.050,0.777,0.173
361000,0.050,0.826,0.124
361500,0.050,0.828,0.122
362000,0.050,0.802,0.148
362500,0.050,0.790,0.159
363000,0.050,0.784,0.166
363500,0.050,0.787,0.163
364000,0.050,0.772,0.177
364500,0.050,0.758,0.192
365000,0.050,0.758,0.192
365500,0.050,0.747,0.203
366000,0.050,0.750,0.200
366500,0.050,0.750,0.200
367000,0.050,0.740,0.210
367500,0.050,0.777,0.172
368000,0.050,0.820,0.130
368500,0.050,0.774,0.176
369000,0.050,0.794,0.156
369500,0.050,0.763,0.187
370000,0.050,0.759,0.191
370500,0.050,0.765,0.184
371000,0.050,0.761,0.189
371500,0.050,0.750,0.200
372000,0.050,0.744,0.206
372500,0.050,0.736,0.214
373000,0.050,0.755,0.195
373500,0.050,0.770,0.180
374000,0.050,0.762,0.188
374500,0.050,0.721,0.229
375000,0.050,0.788,0.162
375500,0.050,0.716,0.234
376000,0.050,0.785,0.165
376500,0.050,0.700,0.250
377000,0.050,0.697,0.253
377500,0.050,0.739,0.211
378000,0.050,0.760,0.190
378500,0.050,0.780,0.170
379000,0.050,0.780,0.170
379500,0.050,0.761,0.189
380000,0.050,0.786,0.163
380500,0.050,0.803,0.146
381000,0.050,0.765,0.184
381500,0.050,0.815,0.135
382000,0.050,0.808,0.142
382500,0.050,0.783,0.167
383000,0.050,0.761,0.189
383500,0.050,0.748,0.202
384000,0.050,0.819,0.131
384500,0.050,0.784,0.166
385000,0.050,0.781,0.168
385500,0.050,0.782,0.168
386000,0.050,0.760,0.190
386500,0.050,0.764,0.186
387000,0.050,0.750,0.200
387500,0.050,0.765,0.184
388000,0.050,0.765,0.185
388500,0.050,0.787,0.163
389000,0.050,0.775,0.174
389500,0.050,0.737,0.213
390000,0.050,0.755,0.195
390500,0.050,0.748,0.202
391000,0.050,0.717,0.233
391500,0.050,0.755,0.195
392000,0.050,0.773,0.176
392500,0.050,0.775,0.175
393000,0.050,0.754,0.196
393500,0.050,0.768,0.182
394000,0.050,0.773,0.177
394500,0.050,0.781,0.169
395000,0.050,0.792,0.158
395500,0.050,0.806,0.144
396000,0.050,0.779,0.171
396500,0.050,0.775,0.174
397000,0.050,0.772,0.177
397500,0.050,0.760,0.190
398000,0.050,0.763,0.187
398500,0.050,0.795,0.155
399000,0.050,0.775,0.175
399500,0.050,0.774,0.175
400000,0.050,0.751,0.199
400500,0.050,0.798,0.152
401000,0.050,0.794,0.156
401500,0.050,0.810,0.139
402000,0.050,0.814,0.136
402500,0.050,0.784,0.165
403000,0.050,0.782,0.168
403500,0.050,0.789,0.161
404000,0.050,0.789,0.161
404500,0.050,0.739,0.211
405000,0.050,0.738,0.212
405500,0.050,0.744,0.206
406000,0.050,0.758,0.192
406500,0.050,0.775,0.175
407000,0.050,0.783,0.166
407500,0.050,0.738,0.212
408000,0.050,0.688,0.262
408500,0.050,0.694,0.256
409000,0.050,0.714,0.236
409500,0.050,0.779,0.170
410000,0.050,0.783,0.166
410500,0.050,0.750,0.200
411000,0.050,0.776,0.174
411500,0.050,0.782,0.167
412000,0.050,0.753,0.197
412500,0.050,0.749,0.201
413000,0.050,0.752,0.198
413500,0.050,0.757,0.193
414000,0.050,0.789,0.160
414500,0.050,0.742,0.208
415000,0.050,0.701,0.249
415500,0.050,0.761,0.189
416000,0.050,0.773,0.176
416500,0.050,0.785,0.164
417000,0.050,0.798,0.152
417500,0.050,0.748,0.202
418000,0.050,0.768,0.181
418500,0.050,0.766,0.184
419000,0.050,0.755,0.195
419500,0.050,0.785,0.164
420000,0.050,0.762,0.188
420500,0.050,0.750,0.200
421000,0.050,0.741,0.209
421500,0.050,0.790,0.160
422000,0.050,0.802,0.148
422500,0.050,0.753,0.197
423000,0.050,0.722,0.228
423500,0.050,0.771,0.179
424000,0.050,0.801,0.149
424500,0.050,0.783,0.166
425000,0.050,0.794,0.156
425500,0.050,0.794,0.155
426000,0.050,0.767,0.183
426500,0.050,0.767,0.183
427000,0.050,0.774,0.176
427500,0.050,0.787,0.162
428000,0.050,0.745,0.205
428500,0.050,0.730,0.220
429000,0.050,0.718,0.232
429500,0.050,0.718,0.232
430000,0.050,0.761,0.189
430500,0.050,0.782,0.167
431000,0.050,0.788,0.162
431500,0.050,0.735,0.215
432000,0.050,0.765,0.185
432500,0.050,0.759,0.191
433000,0.050,0.747,0.203
433500,0.050,0.724,0.226
434000,0.050,0.706,0.244
434500,0.050,0.719,0.231
435000,0.050,0.707,0.243
435500,0.050,0.789,0.160
436000,0.050,0.806,0.143
436500,0.050,0.769,0.180
437000,0.050,0.745,0.205
437500,0.050,0.732,0.218
438000,0.050,0.795,0.154
438500,0.050,0.803,0.146
439000,0.050,0.824,0.126
439500,0.050,0.808,0.141
440000,0.050,0.755,0.195
440500,0.050,0.757,0.193
441000,0.050,0.743,0.207
441500,0.050,0.734,0.216
442000,0.050,0.777,0.172
442500,0.050,0.766,0.183
443000,0.050,0.790,0.160
443500,0.050,0.755,0.195
444000,0.050,0.756,0.194
444500,0.050,0.787,0.162
445000,0.050,0.812,0.138
445500,0.050,0.770,0.179
446000,0.050,0.750,0.200
446500,0.050,0.769,0.181
447000,0.050,0.783,0.167
447500,0.050,0.806,0.144
448000,0.050,0.789,0.161
448500,0.050,0.758,0.192
449000,0.050,0.787,0.163
449500,0.050,0.785,0.164
450000,0.050,0.756,0.194
450500,0.050,0.770,0.179
451000,0.050,0.764,0.186
451500,0.050,0.777,0.173
452000,0.050,0.769,0.181
452500,0.050,0.769,0.181
453000,0.050,0.799,0.151
453500,0.050,0.801,0.149
454000,0.050,0.775,0.175
454500,0.050,0.815,0.135
455000,0.050,0.807,0.143
455500,0.050,0.770,0.180
456000,0.050,0.776,0.173
456500,0.050,0.796,0.153
457000,0.050,0.812,0.138
457500,0.050,0.812,0.138
458000,0.050,0.803,0.147
458500,0.050,0.780,0.170
459000,0.050,0.781,0.169
459500,0.050,0.754,0.196
460000,0.050,0.768,0.182
460500,0.050,0.743,0.207
461000,0.050,0.705,0.245
461500,0.050,0.742,0.208
462000,0.050,0.742,0.208
462500,0.050,0.731,0.219
463000,0.050,0.761,0.189
463500,0.050,0.737,0.213
464000,0.050,0.739,0.211
464500,0.050,0.744,0.206
465000,0.050,0.731,0.219
465500,0.050,0.737,0.213
466000,0.050,0.733,0.217
466500,0.050,0.716,0.234
467000,0.050,0.738,0.212
467500,0.050,0.727,0.223
468000,0.050,0.783,0.167
468500,0.050,0.802,0.148
469000,0.050,0.803,0.147
469500,0.050,0.781,0.168
470000,0.050,0.771,0.179
470500,0.050,0.786,0.163
471000,0.050,0.807,0.142
471500,0.050,0.798,0.152
472000,0.050,0.776,0.173
472500,0.050,0.797,0.153
473000,0.050,0.787,0.162
473500,0.050,0.770,0.179
474000,0.050,0.780,0.170
474500,0.050,0.768,0.181
475000,0.050,0.753,0.197
475500,0.050,0.724,0.226
476000,0.050,0.737,0.213
476500,0.050,0.797,0.153
477000,0.050,0.816,0.134
477500,0.050,0.773,0.176
478000,0.050,0.716,0.234
478500,0.050,0.771,0.179
479000,0.050,0.721,0.229
479500,0.050,0.735,0.215
480000,0.050,0.768,0.181
480500,0.050,0.816,0.134
481000,0.050,0.776,0.173
481500,0.050,0.725,0.225
482000,0.050,0.745,0.205
482500,0.050,0.752,0.198
483000,0.050,0.833,0.117
483500,0.050,0.791,0.159
484000,0.050,0.801,0.148
484500,0.050,0.792,0.158
485000,0.050,0.820,0.130
485500,0.050,0.801,0.149
486000,0.050,0.815,0.135
486500,0.050,0.789,0.161
487000,0.050,0.787,0.163
487500,0.050,0.799,0.151
488000,0.050,0.829,0.121
488500,0.050,0.801,0.149
489000,0.050,0.788,0.161
489500,0.050,0.813,0.137
490000,0.050,0.819,0.131
490500,0.050,0.810,0.140
491000,0.050,0.806,0.143
491500,0.050,0.786,0.164
492000,0.050,0.781,0.169
492500,0.050,0.732,0.218
493000,0.050,0.799,0.150
493500,0.050,0.733,0.217
494000,0.050,0.769,0.181
494500,0.050,0.774,0.175
495000,0.050,0.789,0.161
495500,0.050,0.778,0.172
496000,0.050,0.749,0.201
496500,0.050,0.721,0.229
497000,0.050,0.728,0.222
497500,0.050,0.763,0.187
498000,0.050,0.802,0.147
498500,0.050,0.764,0.185
499000,0.050,0.790,0.159
499500,0.050,0.803,0.147
500000,0.050,0.793,0.157
500500,0.050,0.808,0.141
501000,0.050,0.748,0.202
501500,0.050,0.765,0.185
502000,0.050,0.773,0.177
502500,0.050,0.780,0.169
503000,0.050,0.783,0.166
503500,0.050,0.786,0.164
504000,0.050,0.792,0.157
504500,0.050,0.691,0.259
505000,0.050,0.736,0.214
505500,0.050,0.776,0.174
506000,0.050,0.819,0.131
506500,0.050,0.765,0.185
507000,0.050,0.773,0.176
507500,0.050,0.792,0.158
508000,0.050,0.771,0.179
508500,0.050,0.763,0.186
509000,0.050,0.758,0.192
509500,0.050,0.744,0.206
510000,0.050,0.768,0.181
510500,0.050,0.818,0.132
511000,0.050,0.774,0.176
511500,0.050,0.758,0.192
512000,0.050,0.767,0.182
512500,0.050,0.762,0.188
513000,0.050,0.780,0.170
513500,0.050,0.762,0.188
514000,0.050,0.796,0.153
514500,0.050,0.776,0.173
515000,0.050,0.776,0.173
515500,0.050,0.801,0.149
516000,0.050,0.789,0.161
516500,0.050,0.725,0.225
517000,0.050,0.717,0.233
517500,0.050,0.770,0.180
518000,0.050,0.772,0.177
518500,0.050,0.782,0.168
519000,0.050,0.800,0.149
519500,0.050,0.798,0.151
520000,0.050,0.761,0.189
520500,0.050,0.731,0.219
521000,0.050,0.640,0.309
521500,0.050,0.704,0.246
522000,0.050,0.754,0.196
522500,0.050,0.757,0.193
523000,0.050,0.748,0.202
523500,0.050,0.789,0.161
524000,0.050,0.820,0.130
524500,0.050,0.820,0.130
525000,0.050,0.755,0.195
525500,0.050,0.785,0.165
526000,0.050,0.794,0.156
526500,0.050,0.764,0.186
527000,0.050,0.788,0.162
527500,0.050,0.766,0.184
528000,0.050,0.752,0.198
528500,0.050,0.776,0.174
529000,0.050,0.789,0.161
529500,0.050,0.791,0.159
530000,0.050,0.777,0.172
530500,0.050,0.783,0.166
531000,0.050,0.805,0.144
531500,0.050,0.819,0.131
532000,0.050,0.806,0.143
532500,0.050,0.797,0.153
533000,0.050,0.763,0.186
533500,0.050,0.776,0.173
534000,0.050,0.786,0.164
534500,0.050,0.750,0.200
535000,0.050,0.737,0.213
535500,0.050,0.725,0.225
536000,0.050,0.735,0.215
536500,0.050,0.748,0.202
537000,0.050,0.781,0.169
537500,0.050,0.782,0.167
538000,0.050,0.764,0.186
538500,0.050,0.758,0.192
539000,0.050,0.735,0.215
539500,0.050,0.774,0.176
540000,0.050,0.797,0.153
540500,0.050,0.796,0.154
541000,0.050,0.788,0.161
541500,0.050,0.753,0.197
542000,0.050,0.748,0.202
542500,0.050,0.729,0.221
543000,0.050,0.742,0.208
543500,0.050,0.766,0.183
544000,0.050,0.788,0.162
544500,0.050,0.734,0.216
545000,0.050,0.797,0.152
545500,0.050,0.788,0.162
546000,0.050,0.830,0.120
546500,0.050,0.792,0.158
547000,0.050,0.759,0.191
547500,0.050,0.783,0.166
548000,0.050,0.749,0.201
548500,0.050,0.766,0.184
549000,0.050,0.786,0.164
549500,0.050,0.787,0.162
550000,0.050,0.759,0.191
550500,0.050,0.737,0.213
551000,0.050,0.723,0.227
551500,0.050,0.736,0.214
552000,0.050,0.779,0.171
552500,0.050,0.763,0.186
553000,0.050,0.751,0.199
553500,0.050,0.740,0.210
554000,0.050,0.770,0.179
554500,0.050,0.756,0.194
555000,0.050,0.727,0.223
555500,0.050,0.715,0.235
556000,0.050,0.697,0.253
556500,0.051,0.750,0.200
557000,0.050,0.780,0.170
557500,0.050,0.756,0.194
558000,0.050,0.764,0.186
558500,0.050,0.767,0.182
559000,0.050,0.777,0.173
559500,0.050,0.778,0.171
560000,0.050,0.766,0.183
560500,0.050,0.763,0.186
561000,0.050,0.771,0.179
561500,0.050,0.766,0.184
562000,0.050,0.718,0.232
562500,0.050,0.716,0.234
563000,0.050,0.735,0.215
563500,0.050,0.723,0.227
564000,0.050,0.752,0.198
564500,0.050,0.743,0.207
565000,0.050,0.769,0.180
565500,0.050,0.739,0.211
566000,0.050,0.755,0.195
566500,0.050,0.782,0.167
567000,0.050,0.721,0.229
567500,0.050,0.747,0.203
568000,0.050,0.763,0.186
568500,0.050,0.759,0.191
569000,0.050,0.780,0.170
569500,0.050,0.786,0.163
570000,0.050,0.749,0.201
570500,0.050,0.770,0.180
571000,0.050,0.786,0.164
571500,0.050,0.778,0.171
572000,0.050,0.797,0.153
572500,0.050,0.800,0.149
573000,0.050,0.775,0.175
573500,0.050,0.745,0.205
574000,0.050,0.747,0.203
574500,0.050,0.737,0.213
575000,0.050,0.717,0.233
575500,0.050,0.768,0.181
576000,0.050,0.768,0.182
576500,0.050,0.738,0.212
577000,0.050,0.753,0.197
577500,0.050,0.738,0.212
578000,0.050,0.795,0.155
578500,0.050,0.801,0.148
579000,0.050,0.762,0.188
579500,0.050,0.773,0.176
580000,0.050,0.773,0.176
580500,0.050,0.802,0.147
581000,0.050,0.811,0.138
581500,0.050,0.796,0.153
582000,0.050,0.803,0.147
582500,0.050,0.786,0.163
583000,0.050,0.812,0.137
583500,0.050,0.801,0.149
584000,0.050,0.761,0.189
584500,0.050,0.760,0.190
585000,0.050,0.708,0.242
585500,0.050,0.753,0.197
586000,0.050,0.789,0.161
586500,0.050,0.778,0.171
587000,0.050,0.759,0.191
587500,0.050,0.755,0.195
588000,0.050,0.752,0.198
588500,0.050,0.750,0.200
589000,0.050,0.778,0.171
589500,0.050,0.770,0.180
590000,0.050,0.753,0.197
590500,0.050,0.788,0.161
591000,0.050,0.795,0.155
591500,0.050,0.800,0.149
592000,0.050,0.797,0.153
592500,0.050,0.806,0.143
593000,0.050,0.808,0.141
593500,0.050,0.807,0.143
594000,0.050,0.772,0.177
594500,0.050,0.767,0.183
595000,0.050,0.762,0.188
595500,0.050,0.752,0.198
596000,0.050,0.746,0.204
596500,0.050,0.751,0.199
597000,0.050,0.748,0.202
597500,0.050,0.764,0.185
598000,0.050,0.747,0.203
598500,0.050,0.782,0.167
599000,0.050,0.798,0.151
599500,0.050,0.764,0.185
600000,0.050,0.793,0.156
600500,0.050,0.782,0.167
601000,0.050,0.770,0.179
601500,0.050,0.789,0.160
602000,0.050,0.745,0.205
602500,0.050,0.746,0.204
603000,0.050,0.766,0.184
603500,0.050,0.788,0.161
604000,0.050,0.752,0.198
604500,0.050,0.781,0.168
605000,0.050,0.818,0.132
605500,0.050,0.819,0.131
606000,0.050,0.779,0.170
606500,0.050,0.781,0.169
607000,0.050,0.785,0.164
607500,0.050,0.750,0.200
608000,0.050,0.764,0.185
608500,0.050,0.754,0.196
609000,0.050,0.708,0.242
609500,0.050,0.751,0.199
610000,0.050,0.791,0.159
610500,0.050,0.767,0.182
611000,0.050,0.748,0.202
611500,0.050,0.782,0.168
612000,0.050,0.785,0.165
612500,0.050,0.748,0.202
613000,0.050,0.736,0.214
613500,0.050,0.779,0.170
614000,0.050,0.768,0.182
614500,0.050,0.814,0.136
615000,0.050,0.823,0.127
615500,0.050,0.784,0.165
616000,0.050,0.750,0.200
616500,0.050,0.745,0.205
617000,0.050,0.741,0.209
617500,0.050,0.735,0.215
618000,0.050,0.758,0.192
618500,0.050,0.762,0.188
619000,0.050,0.777,0.172
619500,0.050,0.789,0.160
620000,0.050,0.719,0.231
620500,0.050,0.759,0.191
621000,0.050,0.750,0.200
621500,0.050,0.708,0.242
622000,0.050,0.762,0.188
622500,0.050,0.764,0.185
623000,0.050,0.734,0.216
623500,0.050,0.698,0.252
624000,0.050,0.708,0.242
624500,0.050,0.736,0.214
625000,0.050,0.744,0.206
625500,0.050,0.762,0.188
626000,0.050,0.807,0.142
626500,0.050,0.772,0.178
627000,0.050,0.775,0.175
627500,0.050,0.793,0.156
628000,0.050,0.752,0.198
628500,0.050,0.747,0.203
629000,0.050,0.790,0.160
629500,0.050,0.814,0.136
630000,0.050,0.831,0.119
630500,0.050,0.822,0.128
631000,0.050,0.789,0.160
631500,0.050,0.784,0.166
632000,0.050,0.763,0.187
632500,0.050,0.775,0.175
633000,0.050,0.764,0.185
633500,0.050,0.736,0.214
634000,0.050,0.732,0.218
634500,0.050,0.760,0.190
635000,0.050,0.772,0.177
635500,0.050,0.776,0.174
636000,0.050,0.780,0.170
636500,0.050,0.757,0.193
637000,0.050,0.780,0.170
637500,0.050,0.787,0.163
638000,0.050,0.802,0.148
638500,0.050,0.800,0.149
639000,0.050,0.773,0.177
639500,0.050,0.743,0.207
640000,0.050,0.734,0.216
640500,0.050,0.809,0.141
641000,0.050,0.789,0.161
641500,0.050,0.789,0.160
642000,0.050,0.786,0.163
642500,0.050,0.795,0.154
643000,0.050,0.780,0.170
643500,0.050,0.750,0.200
644000,0.050,0.744,0.206
644500,0.050,0.729,0.221
645000,0.050,0.756,0.194
645500,0.050,0.756,0.194
646000,0.050,0.784,0.165
646500,0.050,0.784,0.165
647000,0.050,0.801,0.148
647500,0.050,0.806,0.143
648000,0.050,0.792,0.158
648500,0.050,0.794,0.156
649000,0.050,0.782,0.168
649500,0.050,0.767,0.182
650000,0.050,0.752,0.198
650500,0.050,0.747,0.203
651000,0.050,0.740,0.210
651500,0.050,0.750,0.200
652000,0.050,0.780,0.170
652500,0.050,0.780,0.170
653000,0.050,0.751,0.199
653500,0.050,0.754,0.196
654000,0.050,0.777,0.173
654500,0.050,0.792,0.157
655000,0.050,0.755,0.195
655500,0.050,0.779,0.171
656000,0.050,0.794,0.156
656500,0.050,0.811,0.138
657000,0.050,0.810,0.140
657500,0.050,0.815,0.135
658000,0.050,0.812,0.137
658500,0.050,0.819,0.131
659000,0.050,0.827,0.123
659500,0.050,0.805,0.144
660000,0.050,0.786,0.164
660500,0.050,0.770,0.179
661000,0.050,0.789,0.160
661500,0.050,0.764,0.185
662000,0.050,0.751,0.199
662500,0.050,0.730,0.220
663000,0.050,0.743,0.207
663500,0.050,0.743,0.207
664000,0.050,0.731,0.219
664500,0.050,0.760,0.190
665000,0.050,0.750,0.200
665500,0.050,0.782,0.168
666000,0.050,0.762,0.188
666500,0.050,0.766,0.183
667000,0.050,0.786,0.164
667500,0.050,0.806,0.143
668000,0.050,0.798,0.152
668500,0.050,0.831,0.119
669000,0.050,0.835,0.115
669500,0.050,0.852,0.098
670000,0.050,0.870,0.080
670500,0.050,0.867,0.083
671000,0.050,0.853,0.097
671500,0.050,0.809,0.140
672000,0.050,0.759,0.191
672500,0.050,0.758,0.192
673000,0.050,0.787,0.163
673500,0.050,0.773,0.177
674000,0.050,0.771,0.178
674500,0.050,0.788,0.161
675000,0.050,0.772,0.178
675500,0.050,0.784,0.165
676000,0.050,0.811,0.139
676500,0.050,0.809,0.141
677000,0.050,0.787,0.163
677500,0.050,0.798,0.151
678000,0.050,0.779,0.171
678500,0.050,0.794,0.155
679000,0.050,0.745,0.205
679500,0.050,0.746,0.204
680000,0.050,0.742,0.208
680500,0.050,0.731,0.219
681000,0.050,0.771,0.179
681500,0.050,0.757,0.193
682000,0.050,0.744,0.206
682500,0.050,0.776,0.173
683000,0.050,0.775,0.175
683500,0.050,0.784,0.166
684000,0.050,0.752,0.198
684500,0.050,0.736,0.214
685000,0.050,0.712,0.238
685500,0.050,0.737,0.213
686000,0.050,0.761,0.189
686500,0.050,0.770,0.180
687000,0.050,0.733,0.217
687500,0.050,0.783,0.167
688000,0.050,0.781,0.168
688500,0.050,0.807,0.143
689000,0.050,0.804,0.146
689500,0.050,0.759,0.191
690000,0.050,0.762,0.188
690500,0.050,0.741,0.209
691000,0.050,0.787,0.162
691500,0.050,0.786,0.164
692000,0.050,0.813,0.137
692500,0.050,0.774,0.176
693000,0.050,0.787,0.162
693500,0.050,0.778,0.171
694000,0.050,0.762,0.188
694500,0.050,0.800,0.149
695000,0.050,0.780,0.170
695500,0.050,0.784,0.165
696000,0.050,0.752,0.198
696500,0.050,0.745,0.205
697000,0.050,0.756,0.194
697500,0.050,0.780,0.170
698000,0.050,0.772,0.178
698500,0.050,0.796,0.153
699000,0.050,0.830,0.120
699500,0.050,0.820,0.130
700000,0.050,0.840,0.110
700500,0.050,0.784,0.166
701000,0.050,0.727,0.223
701500,0.050,0.745,0.205
702000,0.050,0.768,0.182
702500,0.050,0.766,0.183
703000,0.050,0.794,0.156
703500,0.050,0.778,0.172
704000,0.050,0.777,0.172
704500,0.050,0.763,0.186
705000,0.050,0.710,0.240
705500,0.050,0.694,0.256
706000,0.050,0.665,0.285
706500,0.050,0.655,0.294
707000,0.050,0.726,0.224
707500,0.050,0.726,0.224
708000,0.050,0.768,0.181
708500,0.050,0.752,0.198
709000,0.050,0.726,0.224
709500,0.050,0.771,0.179
710000,0.050,0.802,0.147
710500,0.050,0.819,0.131
711000,0.050,0.764,0.186
711500,0.050,0.758,0.192
712000,0.050,0.742,0.208
712500,0.050,0.793,0.156
713000,0.050,0.785,0.165
713500,0.050,0.770,0.179
714000,0.050,0.805,0.145
714500,0.050,0.772,0.178
715000,0.050,0.800,0.150
715500,0.050,0.808,0.142
716000,0.050,0.797,0.153
716500,0.050,0.792,0.158
717000,0.050,0.801,0.149
717500,0.050,0.836,0.114
718000,0.050,0.808,0.141
718500,0.050,0.820,0.130
719000,0.050,0.780,0.170
719500,0.050,0.804,0.146
720000,0.050,0.782,0.168
720500,0.050,0.784,0.166
721000,0.050,0.752,0.198
721500,0.050,0.740,0.210
722000,0.050,0.729,0.221
722500,0.050,0.755,0.195
723000,0.050,0.822,0.128
723500,0.050,0.828,0.122
724000,0.050,0.804,0.145
724500,0.050,0.806,0.143
725000,0.050,0.769,0.181
725500,0.050,0.720,0.230
726000,0.050,0.747,0.203
726500,0.050,0.766,0.184
727000,0.050,0.789,0.160
727500,0.050,0.776,0.173
728000,0.050,0.757,0.193
728500,0.050,0.810,0.140
729000,0.050,0.801,0.149
729500,0.050,0.771,0.179
730000,0.050,0.759,0.191
730500,0.050,0.732,0.218
731000,0.050,0.744,0.206
731500,0.050,0.753,0.197
732000,0.050,0.767,0.183
732500,0.050,0.793,0.157
733000,0.050,0.817,0.133
733500,0.050,0.805,0.145
734000,0.050,0.786,0.163
734500,0.050,0.794,0.156
735000,0.050,0.758,0.192
735500,0.050,0.799,0.151
736000,0.050,0.820,0.130
736500,0.050,0.797,0.153
737000,0.050,0.796,0.154
737500,0.050,0.779,0.171
738000,0.050,0.793,0.156
738500,0.050,0.787,0.163
739000,0.050,0.767,0.182
739500,0.050,0.789,0.160
740000,0.050,0.764,0.186
740500,0.050,0.753,0.197
741000,0.050,0.770,0.179
741500,0.050,0.756,0.194
742000,0.050,0.732,0.218
742500,0.050,0.799,0.151
743000,0.050,0.804,0.146
743500,0.050,0.795,0.155
744000,0.050,0.806,0.144
744500,0.050,0.737,0.213
745000,0.050,0.772,0.178
745500,0.050,0.745,0.205
746000,0.050,0.751,0.199
746500,0.050,0.765,0.184
747000,0.050,0.758,0.192
747500,0.050,0.782,0.168
748000,0.050,0.786,0.164
748500,0.050,0.786,0.164
749000,0.050,0.817,0.133
749500,0.050,0.837,0.113
750000,0.050,0.814,0.136
750500,0.050,0.808,0.141
751000,0.050,0.795,0.155
751500,0.050,0.761,0.189
752000,0.050,0.729,0.221
752500,0.050,0.704,0.246
753000,0.050,0.757,0.193
753500,0.050,0.754,0.196
754000,0.050,0.771,0.178
754500,0.050,0.775,0.174
755000,0.050,0.815,0.135
755500,0.050,0.737,0.213
756000,0.050,0.772,0.177
756500,0.050,0.775,0.175
757000,0.050,0.763,0.186
757500,0.050,0.811,0.138
758000,0.050,0.847,0.103
758500,0.050,0.818,0.132
759000,0.050,0.837,0.113
759500,0.050,0.766,0.183
760000,0.050,0.756,0.194
760500,0.050,0.784,0.165
761000,0.050,0.794,0.156
761500,0.050,0.772,0.177
762000,0.050,0.735,0.215
762500,0.050,0.711,0.239
763000,0.050,0.736,0.214
763500,0.050,0.766,0.183
764000,0.050,0.761,0.189
764500,0.050,0.752,0.198
765000,0.050,0.766,0.184
765500,0.050,0.772,0.178
766000,0.050,0.763,0.187
766500,0.050,0.739,0.211
767000,0.050,0.697,0.253
767500,0.050,0.736,0.214
768000,0.050,0.766,0.184
768500,0.050,0.773,0.176
769000,0.050,0.728,0.222
769500,0.050,0.714,0.236
770000,0.050,0.739,0.211
770500,0.050,0.730,0.220
771000,0.050,0.718,0.232
771500,0.050,0.728,0.222
772000,0.050,0.751,0.199
772500,0.050,0.772,0.178
773000,0.050,0.781,0.168
773500,0.050,0.788,0.162
774000,0.050,0.775,0.175
774500,0.050,0.785,0.165
775000,0.050,0.777,0.173
775500,0.050,0.782,0.168
776000,0.050,0.780,0.170
776500,0.050,0.746,0.204
777000,0.050,0.750,0.200
777500,0.050,0.750,0.200
778000,0.050,0.778,0.172
778500,0.050,0.783,0.167
779000,0.050,0.788,0.162
779500,0.050,0.785,0.165
780000,0.050,0.741,0.209
780500,0.050,0.782,0.168
781000,0.050,0.789,0.161
781500,0.050,0.805,0.145
782000,0.050,0.781,0.168
782500,0.050,0.765,0.184
783000,0.050,0.750,0.200
783500,0.050,0.739,0.211
784000,0.050,0.751,0.199
784500,0.050,0.732,0.218
785000,0.050,0.765,0.184
785500,0.050,0.723,0.227
786000,0.050,0.737,0.213
786500,0.050,0.746,0.204
787000,0.050,0.786,0.164
787500,0.050,0.768,0.181
788000,0.050,0.805,0.144
788500,0.050,0.770,0.179
789000,0.050,0.778,0.172
789500,0.050,0.787,0.163
790000,0.050,0.831,0.119
790500,0.050,0.820,0.130
791000,0.050,0.804,0.146
791500,0.050,0.777,0.172
792000,0.050,0.770,0.179
792500,0.050,0.791,0.158
793000,0.050,0.790,0.160
793500,0.050,0.797,0.152
794000,0.050,0.793,0.156
794500,0.050,0.802,0.148
795000,0.050,0.815,0.135
795500,0.050,0.806,0.144
796000,0.050,0.794,0.156
796500,0.050,0.780,0.169
797000,0.050,0.779,0.170
797500,0.050,0.762,0.188
798000,0.050,0.778,0.172
798500,0.050,0.733,0.217
799000,0.050,0.725,0.225
799500,0.050,0.687,0.263
800000,0.050,0.739,0.211
800500,0.050,0.765,0.185
801000,0.050,0.746,0.204
801500,0.050,0.729,0.221
802000,0.050,0.721,0.229
802500,0.050,0.736,0.214
803000,0.050,0.702,0.248
803500,0.050,0.708,0.242
804000,0.050,0.750,0.200
804500,0.050,0.739,0.211
805000,0.050,0.759,0.191
805500,0.050,0.747,0.203
806000,0.050,0.747,0.203
806500,0.050,0.742,0.208
807000,0.050,0.763,0.187
807500,0.050,0.785,0.165
808000,0.050,0.744,0.206
808500,0.050,0.808,0.141
809000,0.050,0.776,0.174
809500,0.050,0.799,0.151
810000,0.050,0.804,0.146
810500,0.050,0.770,0.179
811000,0.050,0.766,0.184
811500,0.050,0.785,0.165
812000,0.050,0.751,0.199
812500,0.050,0.733,0.217
813000,0.050,0.725,0.225
813500,0.050,0.752,0.198
814000,0.050,0.768,0.181
814500,0.050,0.743,0.207
815000,0.050,0.772,0.178
815500,0.050,0.769,0.181
816000,0.050,0.762,0.188
816500,0.050,0.735,0.215
817000,0.050,0.746,0.204
817500,0.050,0.778,0.171
818000,0.050,0.787,0.163
818500,0.050,0.779,0.170
819000,0.050,0.793,0.156
819500,0.050,0.841,0.109
820000,0.050,0.820,0.130
820500,0.050,0.805,0.144
821000,0.050,0.776,0.173
821500,0.050,0.787,0.163
822000,0.050,0.784,0.165
822500,0.050,0.764,0.185
823000,0.050,0.771,0.179
823500,0.050,0.777,0.173
824000,0.050,0.785,0.164
824500,0.050,0.817,0.133
825000,0.050,0.816,0.134
825500,0.050,0.813,0.137
826000,0.050,0.805,0.144
826500,0.050,0.813,0.137
827000,0.050,0.801,0.149
827500,0.050,0.775,0.175
828000,0.050,0.779,0.171
828500,0.050,0.784,0.166
829000,0.050,0.735,0.215
829500,0.050,0.775,0.174
830000,0.050,0.746,0.204
830500,0.050,0.742,0.208
831000,0.050,0.780,0.169
831500,0.050,0.766,0.184
832000,0.050,0.796,0.153
832500,0.050,0.811,0.139
833000,0.050,0.798,0.152
833500,0.050,0.801,0.148
834000,0.050,0.796,0.154
834500,0.050,0.848,0.102
835000,0.050,0.846,0.104
835500,0.050,0.809,0.141
836000,0.050,0.810,0.140
836500,0.050,0.794,0.156
837000,0.050,0.763,0.186
837500,0.050,0.730,0.220
838000,0.050,0.735,0.215
838500,0.050,0.760,0.190
839000,0.050,0.758,0.192
839500,0.050,0.774,0.175
840000,0.050,0.769,0.180
840500,0.050,0.747,0.203
841000,0.050,0.757,0.193
841500,0.050,0.752,0.198
842000,0.050,0.776,0.174
842500,0.050,0.762,0.188
843000,0.050,0.731,0.219
843500,0.050,0.758,0.192
844000,0.050,0.792,0.158
844500,0.050,0.836,0.114
845000,0.050,0.801,0.149
845500,0.050,0.760,0.190
846000,0.050,0.780,0.169
846500,0.050,0.750,0.200
847000,0.050,0.765,0.185
847500,0.050,0.788,0.162
848000,0.050,0.790,0.159
848500,0.050,0.777,0.172
849000,0.050,0.801,0.148
849500,0.050,0.797,0.153
850000,0.050,0.829,0.121
850500,0.050,0.812,0.137
851000,0.050,0.768,0.181
851500,0.050,0.768,0.182
852000,0.050,0.799,0.151
852500,0.050,0.794,0.155
853000,0.050,0.783,0.166
853500,0.050,0.782,0.168
854000,0.050,0.777,0.173
854500,0.050,0.791,0.158
855000,0.050,0.740,0.210
855500,0.050,0.717,0.233
856000,0.050,0.750,0.200
856500,0.050,0.737,0.213
857000,0.050,0.734,0.216
857500,0.050,0.727,0.223
858000,0.050,0.726,0.224
858500,0.050,0.732,0.218
859000,0.050,0.739,0.211
859500,0.050,0.734,0.216
860000,0.050,0.703,0.247
860500,0.050,0.761,0.189
861000,0.050,0.757,0.193
861500,0.050,0.761,0.189
862000,0.050,0.763,0.187
862500,0.050,0.715,0.235
863000,0.050,0.747,0.203
863500,0.050,0.774,0.175
864000,0.050,0.785,0.164
864500,0.050,0.749,0.201
865000,0.050,0.785,0.164
865500,0.050,0.737,0.213
866000,0.050,0.763,0.186
866500,0.050,0.778,0.172
867000,0.050,0.787,0.162
867500,0.050,0.804,0.145
868000,0.050,0.782,0.168
868500,0.050,0.787,0.162
869000,0.050,0.805,0.144
869500,0.050,0.798,0.152
870000,0.050,0.778,0.172
870500,0.050,0.760,0.190
871000,0.050,0.789,0.161
871500,0.050,0.801,0.148
872000,0.050,0.785,0.165
872500,0.050,0.770,0.180
873000,0.050,0.776,0.174
873500,0.050,0.744,0.206
874000,0.050,0.716,0.234
874500,0.050,0.775,0.175
875000,0.050,0.774,0.175
875500,0.050,0.809,0.141
876000,0.050,0.767,0.183
876500,0.050,0.806,0.144
877000,0.050,0.810,0.139
877500,0.050,0.782,0.168
878000,0.050,0.762,0.188
878500,0.050,0.771,0.178
879000,0.050,0.767,0.183
879500,0.050,0.734,0.216
880000,0.050,0.762,0.188
880500,0.050,0.783,0.166
881000,0.050,0.826,0.124
881500,0.050,0.789,0.161
882000,0.050,0.807,0.143
882500,0.050,0.787,0.162
883000,0.050,0.822,0.128
883500,0.050,0.804,0.146
884000,0.050,0.788,0.162
884500,0.050,0.802,0.147
885000,0.050,0.785,0.165
885500,0.050,0.733,0.217
886000,0.050,0.760,0.190
886500,0.050,0.788,0.161
887000,0.050,0.758,0.192
887500,0.050,0.793,0.156
888000,0.050,0.740,0.210
888500,0.050,0.731,0.219
889000,0.050,0.701,0.249
889500,0.050,0.792,0.157
890000,0.050,0.788,0.162
890500,0.050,0.790,0.160
891000,0.050,0.802,0.147
891500,0.050,0.789,0.161
892000,0.050,0.734,0.216
892500,0.050,0.753,0.197
893000,0.050,0.808,0.141
893500,0.050,0.836,0.114
894000,0.050,0.777,0.172
894500,0.050,0.753,0.197
895000,0.050,0.748,0.202
895500,0.050,0.789,0.161
896000,0.050,0.786,0.164
896500,0.050,0.779,0.171
897000,0.050,0.764,0.185
897500,0.050,0.790,0.160
898000,0.050,0.775,0.175
898500,0.050,0.773,0.176
899000,0.050,0.822,0.128
899500,0.050,0.804,0.146
900000,0.050,0.804,0.146
900500,0.050,0.782,0.168
901000,0.050,0.762,0.188
901500,0.050,0.721,0.229
902000,0.050,0.711,0.239
902500,0.050,0.718,0.232
903000,0.050,0.771,0.178
903500,0.050,0.760,0.190
904000,0.050,0.793,0.157
904500,0.050,0.799,0.151
905000,0.050,0.807,0.142
905500,0.050,0.829,0.121
906000,0.050,0.804,0.146
906500,0.050,0.785,0.164
907000,0.050,0.805,0.145
907500,0.050,0.827,0.123
908000,0.050,0.774,0.176
908500,0.050,0.766,0.184
909000,0.050,0.772,0.177
909500,0.050,0.755,0.195
910000,0.050,0.752,0.198
910500,0.050,0.760,0.190
911000,0.050,0.721,0.229
911500,0.050,0.782,0.168
912000,0.050,0.802,0.148
912500,0.050,0.809,0.141
913000,0.050,0.792,0.158
913500,0.050,0.789,0.160
914000,0.050,0.771,0.179
914500,0.050,0.771,0.178
915000,0.050,0.790,0.160
915500,0.050,0.762,0.188
916000,0.050,0.727,0.223
916500,0.050,0.767,0.182
917000,0.050,0.812,0.137
917500,0.050,0.774,0.175
918000,0.050,0.799,0.150
918500,0.050,0.780,0.169
919000,0.050,0.778,0.172
919500,0.050,0.798,0.152
920000,0.050,0.783,0.166
920500,0.050,0.753,0.197
921000,0.050,0.777,0.173
921500,0.050,0.811,0.139
922000,0.050,0.783,0.167
922500,0.050,0.780,0.169
923000,0.050,0.772,0.177
923500,0.050,0.757,0.193
924000,0.050,0.740,0.210
924500,0.050,0.775,0.175
925000,0.050,0.802,0.147
925500,0.050,0.818,0.132
926000,0.050,0.745,0.205
926500,0.050,0.748,0.202
927000,0.050,0.739,0.211
927500,0.050,0.747,0.203
928000,0.050,0.757,0.193
928500,0.050,0.767,0.182
929000,0.050,0.749,0.201
929500,0.050,0.767,0.182
930000,0.050,0.768,0.181
930500,0.050,0.753,0.197
931000,0.050,0.752,0.198
931500,0.050,0.745,0.205
932000,0.050,0.789,0.160
932500,0.050,0.761,0.189
933000,0.050,0.777,0.173
933500,0.050,0.757,0.193
934000,0.050,0.778,0.171
934500,0.050,0.814,0.136
935000,0.050,0.798,0.151
935500,0.050,0.779,0.171
936000,0.050,0.707,0.243
936500,0.050,0.756,0.194
937000,0.050,0.738,0.212
937500,0.050,0.762,0.188
938000,0.050,0.777,0.172
938500,0.050,0.770,0.179
939000,0.050,0.770,0.179
939500,0.050,0.805,0.145
940000,0.050,0.814,0.136
940500,0.050,0.815,0.135
941000,0.050,0.789,0.161
941500,0.050,0.746,0.204
942000,0.050,0.763,0.186
942500,0.050,0.740,0.210
943000,0.050,0.758,0.192
943500,0.050,0.738,0.212
944000,0.050,0.747,0.203
944500,0.050,0.740,0.210
945000,0.050,0.788,0.162
945500,0.050,0.767,0.183
946000,0.050,0.755,0.195
946500,0.050,0.713,0.237
947000,0.050,0.721,0.229
947500,0.050,0.762,0.188
948000,0.050,0.762,0.188
948500,0.050,0.779,0.171
949000,0.050,0.769,0.181
949500,0.050,0.709,0.241
950000,0.050,0.745,0.205
950500,0.050,0.741,0.209
951000,0.050,0.744,0.206
951500,0.050,0.757,0.193
952000,0.050,0.729,0.221
952500,0.050,0.748,0.202
953000,0.050,0.763,0.187
953500,0.050,0.765,0.185
954000,0.050,0.786,0.164
954500,0.050,0.776,0.174
955000,0.050,0.773,0.177
955500,0.050,0.788,0.161
956000,0.050,0.778,0.172
956500,0.050,0.789,0.161
957000,0.050,0.781,0.168
957500,0.050,0.778,0.171
958000,0.050,0.778,0.171
958500,0.050,0.732,0.218
959000,0.050,0.710,0.240
959500,0.050,0.742,0.208
960000,0.050,0.721,0.229
960500,0.050,0.718,0.232
961000,0.050,0.748,0.202
961500,0.050,0.804,0.146
962000,0.050,0.797,0.153
962500,0.050,0.795,0.154
963000,0.050,0.767,0.183
963500,0.050,0.801,0.148
964000,0.050,0.778,0.172
964500,0.050,0.761,0.189
965000,0.050,0.779,0.171
965500,0.050,0.783,0.167
966000,0.050,0.757,0.193
966500,0.050,0.774,0.176
967000,0.050,0.762,0.188
967500,0.050,0.764,0.186
968000,0.050,0.811,0.138
968500,0.050,0.758,0.192
969000,0.050,0.763,0.187
969500,0.050,0.760,0.190
970000,0.050,0.773,0.177
970500,0.050,0.773,0.177
971000,0.050,0.786,0.163
971500,0.050,0.801,0.149
972000,0.050,0.811,0.139
972500,0.050,0.795,0.154
973000,0.050,0.763,0.187
973500,0.050,0.761,0.189
974000,0.050,0.767,0.182
974500,0.050,0.766,0.184
975000,0.050,0.742,0.208
975500,0.050,0.726,0.224
976000,0.050,0.752,0.198
976500,0.050,0.748,0.202
977000,0.050,0.800,0.150
977500,0.050,0.790,0.160
978000,0.050,0.770,0.180
978500,0.050,0.764,0.186
979000,0.050,0.749,0.201
979500,0.050,0.791,0.158
980000,0.050,0.782,0.168
980500,0.050,0.780,0.170
981000,0.050,0.790,0.160
981500,0.050,0.776,0.173
982000,0.050,0.765,0.184
982500,0.050,0.736,0.214
983000,0.050,0.724,0.226
983500,0.050,0.731,0.219
984000,0.050,0.818,0.132
984500,0.050,0.830,0.120
985000,0.050,0.804,0.145
985500,0.050,0.776,0.174
986000,0.050,0.787,0.163
986500,0.050,0.777,0.173
987000,0.050,0.768,0.182
987500,0.050,0.785,0.164
988000,0.050,0.793,0.156
988500,0.050,0.794,0.155
989000,0.050,0.770,0.180
989500,0.050,0.786,0.164
990000,0.050,0.809,0.141
990500,0.050,0.754,0.196
991000,0.050,0.736,0.214
991500,0.050,0.745,0.205
992000,0.050,0.778,0.171
992500,0.050,0.774,0.175
993000,0.050,0.762,0.188
993500,0.050,0.744,0.206
994000,0.050,0.743,0.207
994500,0.050,0.754,0.196
995000,0.050,0.789,0.161
995500,0.050,0.777,0.173
996000,0.050,0.788,0.162
996500,0.050,0.779,0.170
997000,0.050,0.783,0.167
997500,0.050,0.783,0.167
998000,0.050,0.732,0.218
998500,0.050,0.750,0.200
999000,0.050,0.796,0.154
999500,0.050,0.809,0.140
1000000,0.050,0.800,0.149
