time,n_A+p,n_B,n_AB
500,0.030,0.931,0.039
1000,0.030,0.897,0.073
1500,0.030,0.847,0.123
2000,0.030,0.795,0.175
2500,0.030,0.818,0.152
3000,0.030,0.812,0.158
3500,0.030,0.829,0.141
4000,0.030,0.804,0.166
4500,0.030,0.732,0.238
5000,0.030,0.701,0.269
5500,0.030,0.676,0.294
6000,0.035,0.665,0.300
6500,0.031,0.682,0.287
7000,0.032,0.609,0.359
7500,0.031,0.615,0.354
8000,0.032,0.667,0.301
8500,0.033,0.673,0.294
9000,0.032,0.672,0.296
9500,0.030,0.641,0.329
10000,0.030,0.670,0.300
10500,0.030,0.676,0.294
11000,0.030,0.641,0.329
11500,0.030,0.670,0.300
12000,0.030,0.693,0.277
12500,0.030,0.694,0.276
13000,0.031,0.732,0.237
13500,0.030,0.679,0.291
14000,0.030,0.653,0.317
14500,0.030,0.671,0.299
15000,0.030,0.709,0.261
15500,0.030,0.696,0.274
16000,0.030,0.691,0.279
16500,0.030,0.678,0.292
17000,0.031,0.683,0.286
17500,0.031,0.639,0.330
18000,0.031,0.617,0.352
18500,0.030,0.692,0.278
19000,0.030,0.661,0.309
19500,0.031,0.656,0.313
20000,0.032,0.678,0.290
20500,0.034,0.673,0.293
21000,0.030,0.665,0.305
21500,0.030,0.696,0.274
22000,0.032,0.643,0.325
22500,0.032,0.639,0.329
23000,0.032,0.667,0.301
23500,0.031,0.635,0.334
24000,0.033,0.661,0.306
24500,0.036,0.676,0.288
25000,0.036,0.631,0.333
25500,0.031,0.606,0.363
26000,0.030,0.606,0.364
26500,0.030,0.734,0.236
27000,0.039,0.663,0.298
27500,0.034,0.692,0.274
28000,0.030,0.661,0.309
28500,0.030,0.644,0.326
29000,0.030,0.636,0.334
29500,0.034,0.571,0.395
30000,0.030,0.632,0.338
30500,0.030,0.730,0.240
31000,0.030,0.749,0.221
31500,0.030,0.762,0.208
32000,0.030,0.749,0.221
32500,0.030,0.684,0.286
33000,0.030,0.647,0.323
33500,0.030,0.668,0.302
34000,0.031,0.658,0.311
34500,0.035,0.693,0.272
35000,0.030,0.644,0.326
35500,0.030,0.634,0.336
36000,0.030,0.670,0.300
36500,0.031,0.685,0.284
37000,0.031,0.667,0.302
37500,0.030,0.650,0.320
38000,0.030,0.696,0.274
38500,0.030,0.681,0.289
39000,0.032,0.608,0.360
39500,0.032,0.632,0.336
40000,0.036,0.662,0.302
40500,0.036,0.666,0.298
41000,0.035,0.678,0.287
41500,0.032,0.654,0.314
42000,0.030,0.693,0.277
42500,0.030,0.691,0.279
43000,0.030,0.714,0.256
43500,0.030,0.703,0.267
44000,0.031,0.692,0.277
44500,0.030,0.690,0.280
45000,0.030,0.757,0.213
45500,0.030,0.740,0.230
46000,0.030,0.699,0.271
46500,0.030,0.711,0.259
47000,0.030,0.730,0.240
47500,0.030,0.697,0.273
48000,0.032,0.661,0.307
48500,0.031,0.679,0.290
49000,0.030,0.685,0.285
49500,0.037,0.664,0.299
50000,0.033,0.670,0.297
50500,0.031,0.659,0.310
51000,0.032,0.703,0.265
51500,0.032,0.692,0.276
52000,0.034,0.736,0.230
52500,0.033,0.792,0.175
53000,0.030,0.756,0.214
53500,0.030,0.670,0.300
54000,0.033,0.726,0.241
54500,0.031,0.728,0.241
55000,0.030,0.723,0.247
55500,0.030,0.738,0.232
56000,0.030,0.741,0.229
56500,0.030,0.747,0.223
57000,0.030,0.752,0.218
57500,0.030,0.773,0.197
58000,0.030,0.732,0.238
58500,0.030,0.685,0.285
59000,0.033,0.652,0.315
59500,0.030,0.668,0.302
60000,0.030,0.690,0.280
60500,0.032,0.678,0.290
61000,0.030,0.660,0.310
61500,0.030,0.676,0.294
62000,0.030,0.675,0.295
62500,0.030,0.657,0.313
63000,0.032,0.617,0.351
63500,0.031,0.620,0.349
64000,0.032,0.673,0.295
64500,0.030,0.689,0.281
65000,0.030,0.629,0.341
65500,0.037,0.616,0.347
66000,0.032,0.650,0.318
66500,0.033,0.658,0.309
67000,0.031,0.643,0.326
67500,0.030,0.688,0.282
68000,0.030,0.705,0.265
68500,0.032,0.703,0.265
69000,0.030,0.644,0.326
69500,0.032,0.678,0.290
70000,0.031,0.642,0.327
70500,0.035,0.529,0.436
71000,0.036,0.512,0.452
71500,0.035,0.592,0.373
72000,0.033,0.661,0.306
72500,0.030,0.692,0.278
73000,0.030,0.677,0.293
73500,0.030,0.671,0.299
74000,0.030,0.653,0.317
74500,0.031,0.664,0.305
75000,0.031,0.688,0.281
75500,0.030,0.668,0.302
76000,0.030,0.702,0.268
76500,0.031,0.715,0.254
77000,0.030,0.743,0.227
77500,0.030,0.732,0.238
78000,0.030,0.720,0.250
78500,0.030,0.728,0.242
79000,0.030,0.686,0.284
79500,0.030,0.721,0.249
80000,0.030,0.734,0.236
80500,0.030,0.682,0.288
81000,0.037,0.646,0.317
81500,0.030,0.645,0.325
82000,0.030,0.742,0.228
82500,0.032,0.702,0.266
83000,0.030,0.684,0.286
83500,0.030,0.653,0.317
84000,0.030,0.691,0.279
84500,0.030,0.689,0.281
85000,0.034,0.638,0.328
85500,0.031,0.686,0.283
86000,0.030,0.661,0.309
86500,0.030,0.679,0.291
87000,0.034,0.634,0.332
87500,0.032,0.654,0.314
88000,0.033,0.632,0.335
88500,0.031,0.574,0.395
89000,0.041,0.579,0.380
89500,0.036,0.620,0.344
90000,0.033,0.611,0.356
90500,0.031,0.592,0.377
91000,0.031,0.575,0.394
91500,0.041,0.564,0.395
92000,0.032,0.636,0.332
92500,0.030,0.685,0.285
93000,0.034,0.657,0.309
93500,0.031,0.688,0.281
94000,0.035,0.682,0.283
94500,0.031,0.670,0.299
95000,0.031,0.673,0.296
95500,0.030,0.612,0.358
96000,0.030,0.617,0.353
96500,0.030,0.671,0.299
97000,0.030,0.679,0.291
97500,0.030,0.701,0.269
98000,0.030,0.667,0.303
98500,0.034,0.663,0.303
99000,0.034,0.650,0.316
99500,0.030,0.631,0.339
100000,0.037,0.613,0.350
100500,0.031,0.617,0.352
101000,0.041,0.590,0.369
101500,0.038,0.646,0.316
102000,0.034,0.642,0.324
102500,0.031,0.614,0.355
103000,0.030,0.680,0.290
103500,0.033,0.691,0.276
104000,0.033,0.731,0.236
104500,0.030,0.711,0.259
105000,0.030,0.716,0.254
105500,0.030,0.751,0.219
106000,0.030,0.801,0.169
106500,0.030,0.760,0.210
107000,0.030,0.751,0.219
107500,0.030,0.710,0.260
108000,0.030,0.670,0.300
108500,0.032,0.722,0.246
109000,0.031,0.756,0.213
109500,0.030,0.743,0.227
110000,0.030,0.722,0.248
110500,0.030,0.664,0.306
111000,0.030,0.637,0.333
111500,0.037,0.621,0.342
112000,0.034,0.591,0.375
112500,0.033,0.656,0.311
113000,0.031,0.621,0.348
113500,0.035,0.665,0.300
114000,0.031,0.622,0.347
114500,0.033,0.611,0.356
115000,0.030,0.599,0.371
115500,0.030,0.643,0.327
116000,0.033,0.688,0.279
116500,0.031,0.705,0.264
117000,0.031,0.706,0.263
117500,0.035,0.694,0.271
118000,0.030,0.661,0.309
118500,0.030,0.686,0.284
119000,0.030,0.744,0.226
119500,0.032,0.710,0.258
120000,0.030,0.706,0.264
120500,0.035,0.656,0.309
121000,0.032,0.671,0.297
121500,0.033,0.669,0.298
122000,0.031,0.677,0.292
122500,0.030,0.617,0.353
123000,0.047,0.573,0.380
123500,0.040,0.600,0.360
124000,0.034,0.548,0.418
124500,0.033,0.564,0.403
125000,0.032,0.597,0.371
125500,0.030,0.608,0.362
126000,0.031,0.610,0.359
126500,0.031,0.603,0.366
127000,0.030,0.634,0.336
127500,0.034,0.631,0.335
128000,0.031,0.620,0.349
128500,0.031,0.632,0.337
129000,0.037,0.604,0.359
129500,0.034,0.613,0.353
130000,0.032,0.632,0.336
130500,0.030,0.684,0.286
131000,0.030,0.678,0.292
131500,0.033,0.681,0.286
132000,0.032,0.713,0.255
132500,0.035,0.690,0.275
133000,0.030,0.719,0.251
133500,0.030,0.694,0.276
134000,0.030,0.678,0.292
134500,0.030,0.677,0.293
135000,0.030,0.697,0.273
135500,0.030,0.679,0.291
136000,0.033,0.704,0.263
136500,0.031,0.703,0.266
137000,0.032,0.681,0.287
137500,0.030,0.727,0.243
138000,0.030,0.681,0.289
138500,0.030,0.670,0.300
139000,0.034,0.585,0.381
139500,0.038,0.613,0.349
140000,0.032,0.641,0.327
140500,0.033,0.647,0.320
141000,0.035,0.639,0.326
141500,0.030,0.681,0.289
142000,0.030,0.723,0.247
142500,0.032,0.707,0.261
143000,0.030,0.685,0.285
143500,0.030,0.705,0.265
144000,0.030,0.670,0.300
144500,0.030,0.709,0.261
145000,0.031,0.681,0.288
145500,0.035,0.729,0.236
146000,0.032,0.705,0.263
146500,0.032,0.702,0.266
147000,0.030,0.730,0.240
147500,0.030,0.730,0.240
148000,0.030,0.729,0.241
148500,0.030,0.700,0.270
149000,0.039,0.620,0.341
149500,0.033,0.668,0.299
150000,0.030,0.630,0.340
150500,0.031,0.677,0.292
151000,0.030,0.666,0.304
151500,0.031,0.667,0.302
152000,0.030,0.684,0.286
152500,0.030,0.732,0.238
153000,0.030,0.735,0.235
153500,0.030,0.690,0.280
154000,0.030,0.676,0.294
154500,0.030,0.724,0.246
155000,0.030,0.760,0.210
155500,0.033,0.756,0.211
156000,0.031,0.683,0.286
156500,0.030,0.703,0.267
157000,0.030,0.692,0.278
157500,0.030,0.691,0.279
158000,0.030,0.749,0.221
158500,0.030,0.788,0.182
159000,0.030,0.736,0.234
159500,0.030,0.665,0.305
160000,0.035,0.629,0.336
160500,0.031,0.674,0.295
161000,0.031,0.696,0.273
161500,0.031,0.707,0.262
162000,0.032,0.636,0.332
162500,0.038,0.599,0.363
163000,0.033,0.623,0.344
163500,0.031,0.622,0.347
164000,0.036,0.552,0.412
164500,0.038,0.598,0.364
165000,0.039,0.623,0.338
165500,0.037,0.602,0.361
166000,0.034,0.622,0.344
166500,0.032,0.656,0.312
167000,0.033,0.650,0.317
167500,0.031,0.657,0.312
168000,0.030,0.720,0.250
168500,0.034,0.710,0.256
169000,0.031,0.704,0.265
169500,0.031,0.637,0.332
170000,0.030,0.686,0.284
170500,0.030,0.717,0.253
171000,0.030,0.690,0.280
171500,0.030,0.687,0.283
172000,0.030,0.709,0.261
172500,0.030,0.693,0.277
173000,0.034,0.710,0.256
173500,0.032,0.658,0.310
174000,0.031,0.633,0.336
174500,0.030,0.657,0.313
175000,0.030,0.659,0.311
175500,0.030,0.665,0.305
176000,0.030,0.696,0.274
176500,0.033,0.662,0.305
177000,0.031,0.661,0.308
177500,0.030,0.671,0.299
178000,0.030,0.683,0.287
178500,0.030,0.661,0.309
179000,0.030,0.693,0.277
179500,0.030,0.694,0.276
180000,0.030,0.721,0.249
180500,0.033,0.708,0.259
181000,0.036,0.693,0.271
181500,0.030,0.692,0.278
182000,0.030,0.687,0.283
182500,0.030,0.718,0.252
183000,0.030,0.692,0.278
183500,0.030,0.705,0.265
184000,0.030,0.670,0.300
184500,0.030,0.669,0.301
185000,0.035,0.701,0.264
185500,0.034,0.692,0.274
186000,0.033,0.628,0.339
186500,0.032,0.582,0.386
187000,0.035,0.571,0.394
187500,0.032,0.601,0.367
188000,0.032,0.596,0.372
188500,0.032,0.604,0.364
189000,0.030,0.636,0.334
189500,0.030,0.634,0.336
190000,0.030,0.655,0.315
190500,0.034,0.565,0.401
191000,0.035,0.603,0.362
191500,0.038,0.599,0.363
192000,0.031,0.649,0.320
192500,0.030,0.633,0.337
193000,0.031,0.649,0.320
193500,0.030,0.670,0.300
194000,0.033,0.631,0.336
194500,0.030,0.664,0.306
195000,0.030,0.647,0.323
195500,0.030,0.725,0.245
196000,0.030,0.719,0.251
196500,0.031,0.660,0.309
197000,0.030,0.675,0.295
197500,0.030,0.697,0.273
198000,0.030,0.689,0.281
198500,0.032,0.671,0.297
199000,0.030,0.678,0.292
199500,0.030,0.693,0.277
200000,0.030,0.698,0.272
200500,0.030,0.713,0.257
201000,0.030,0.727,0.243
201500,0.030,0.724,0.246
202000,0.030,0.680,0.290
202500,0.030,0.675,0.295
203000,0.035,0.643,0.322
203500,0.039,0.598,0.363
204000,0.037,0.636,0.327
204500,0.035,0.675,0.290
205000,0.031,0.690,0.279
205500,0.030,0.668,0.302
206000,0.033,0.685,0.282
206500,0.030,0.679,0.291
207000,0.031,0.699,0.270
207500,0.030,0.661,0.309
208000,0.030,0.645,0.325
208500,0.030,0.682,0.288
209000,0.030,0.702,0.268
209500,0.030,0.690,0.280
210000,0.030,0.682,0.288
210500,0.030,0.694,0.276
211000,0.030,0.700,0.270
211500,0.030,0.654,0.316
212000,0.030,0.693,0.277
212500,0.030,0.714,0.256
213000,0.033,0.699,0.268
213500,0.030,0.691,0.279
214000,0.030,0.677,0.293
214500,0.030,0.736,0.234
215000,0.030,0.703,0.267
215500,0.030,0.668,0.302
216000,0.030,0.652,0.318
216500,0.030,0.676,0.294
217000,0.030,0.622,0.348
217500,0.030,0.627,0.343
218000,0.030,0.603,0.367
218500,0.030,0.590,0.380
219000,0.031,0.625,0.344
219500,0.034,0.556,0.410
220000,0.032,0.564,0.404
220500,0.036,0.568,0.396
221000,0.036,0.579,0.385
221500,0.034,0.545,0.421
222000,0.031,0.590,0.379
222500,0.030,0.678,0.292
223000,0.033,0.678,0.289
223500,0.030,0.680,0.290
224000,0.032,0.625,0.343
224500,0.030,0.585,0.385
225000,0.036,0.609,0.355
225500,0.034,0.609,0.357
226000,0.035,0.603,0.362
226500,0.032,0.629,0.339
227000,0.030,0.607,0.363
227500,0.031,0.645,0.324
228000,0.031,0.696,0.273
228500,0.033,0.633,0.334
229000,0.031,0.691,0.278
229500,0.030,0.683,0.287
230000,0.030,0.711,0.259
230500,0.030,0.616,0.354
231000,0.033,0.610,0.357
231500,0.030,0.639,0.331
232000,0.030,0.654,0.316
232500,0.030,0.602,0.368
233000,0.031,0.573,0.396
233500,0.032,0.578,0.390
234000,0.032,0.623,0.345
234500,0.031,0.684,0.285
235000,0.030,0.701,0.269
235500,0.030,0.699,0.271
236000,0.030,0.678,0.292
236500,0.032,0.626,0.342
237000,0.033,0.603,0.364
237500,0.032,0.638,0.330
238000,0.030,0.634,0.336
238500,0.030,0.656,0.314
239000,0.030,0.648,0.322
239500,0.034,0.636,0.330
240000,0.034,0.647,0.319
240500,0.035,0.661,0.304
241000,0.031,0.645,0.324
241500,0.030,0.674,0.296
242000,0.032,0.654,0.314
242500,0.031,0.635,0.334
243000,0.035,0.633,0.332
243500,0.037,0.655,0.308
244000,0.034,0.670,0.296
244500,0.032,0.665,0.303
245000,0.030,0.670,0.300
245500,0.030,0.659,0.311
246000,0.030,0.696,0.274
246500,0.030,0.684,0.286
247000,0.030,0.720,0.250
247500,0.030,0.714,0.256
248000,0.030,0.705,0.265
248500,0.034,0.717,0.249
249000,0.030,0.705,0.265
249500,0.030,0.716,0.254
250000,0.030,0.743,0.227
250500,0.030,0.785,0.185
251000,0.030,0.734,0.236
251500,0.030,0.670,0.300
252000,0.032,0.678,0.290
252500,0.031,0.686,0.283
253000,0.030,0.658,0.312
253500,0.030,0.620,0.350
254000,0.033,0.567,0.400
254500,0.032,0.623,0.345
255000,0.030,0.618,0.352
255500,0.030,0.638,0.332
256000,0.034,0.612,0.354
256500,0.030,0.629,0.341
257000,0.030,0.615,0.355
257500,0.042,0.647,0.311
258000,0.030,0.656,0.314
258500,0.033,0.656,0.311
259000,0.030,0.683,0.287
259500,0.030,0.699,0.271
260000,0.030,0.737,0.233
260500,0.030,0.707,0.263
261000,0.034,0.698,0.268
261500,0.030,0.693,0.277
262000,0.032,0.689,0.279
262500,0.030,0.687,0.283
263000,0.030,0.670,0.300
263500,0.036,0.644,0.320
264000,0.035,0.647,0.318
264500,0.034,0.676,0.290
265000,0.030,0.686,0.284
265500,0.030,0.692,0.278
266000,0.030,0.683,0.287
266500,0.030,0.656,0.314
267000,0.034,0.732,0.234
267500,0.030,0.747,0.223
268000,0.030,0.741,0.229
268500,0.030,0.760,0.210
269000,0.030,0.712,0.258
269500,0.030,0.705,0.265
270000,0.032,0.723,0.245
270500,0.033,0.782,0.185
271000,0.030,0.769,0.201
271500,0.034,0.698,0.268
272000,0.032,0.705,0.263
272500,0.033,0.741,0.226
273000,0.031,0.729,0.240
273500,0.030,0.685,0.285
274000,0.034,0.699,0.267
274500,0.030,0.747,0.223
275000,0.033,0.706,0.261
275500,0.032,0.653,0.315
276000,0.030,0.639,0.331
276500,0.033,0.666,0.301
277000,0.031,0.695,0.274
277500,0.033,0.714,0.253
278000,0.033,0.678,0.289
278500,0.033,0.693,0.274
279000,0.032,0.700,0.268
279500,0.030,0.716,0.254
280000,0.034,0.678,0.288
280500,0.030,0.730,0.240
281000,0.031,0.740,0.229
281500,0.030,0.740,0.230
282000,0.030,0.637,0.333
282500,0.031,0.680,0.289
283000,0.031,0.658,0.311
283500,0.033,0.662,0.305
284000,0.033,0.637,0.330
284500,0.030,0.659,0.311
285000,0.030,0.652,0.318
285500,0.033,0.594,0.373
286000,0.035,0.601,0.364
286500,0.037,0.543,0.420
287000,0.030,0.607,0.363
287500,0.031,0.614,0.355
288000,0.030,0.651,0.319
288500,0.030,0.681,0.289
289000,0.030,0.675,0.295
289500,0.031,0.671,0.298
290000,0.030,0.678,0.292
290500,0.031,0.672,0.297
291000,0.032,0.662,0.306
291500,0.030,0.706,0.264
292000,0.030,0.667,0.303
292500,0.032,0.654,0.314
293000,0.037,0.592,0.371
293500,0.044,0.590,0.366
294000,0.034,0.635,0.331
294500,0.030,0.638,0.332
295000,0.030,0.672,0.298
295500,0.030,0.653,0.317
296000,0.034,0.663,0.303
296500,0.036,0.669,0.295
297000,0.031,0.683,0.286
297500,0.033,0.689,0.278
298000,0.030,0.674,0.296
298500,0.030,0.675,0.295
299000,0.030,0.660,0.310
299500,0.033,0.668,0.299
300000,0.030,0.710,0.260
300500,0.030,0.710,0.260
301000,0.030,0.726,0.244
301500,0.030,0.732,0.238
302000,0.033,0.716,0.251
302500,0.031,0.745,0.224
303000,0.030,0.736,0.234
303500,0.030,0.761,0.209
304000,0.030,0.750,0.220
304500,0.030,0.736,0.234
305000,0.034,0.686,0.280
305500,0.031,0.671,0.298
306000,0.030,0.656,0.314
306500,0.030,0.697,0.273
307000,0.035,0.674,0.291
307500,0.031,0.654,0.315
308000,0.032,0.675,0.293
308500,0.032,0.664,0.304
309000,0.030,0.688,0.282
309500,0.032,0.675,0.293
310000,0.033,0.717,0.250
310500,0.030,0.692,0.278
311000,0.032,0.658,0.310
311500,0.033,0.698,0.269
312000,0.032,0.673,0.295
312500,0.031,0.658,0.311
313000,0.030,0.675,0.295
313500,0.030,0.668,0.302
314000,0.030,0.677,0.293
314500,0.030,0.653,0.317
315000,0.030,0.672,0.298
315500,0.034,0.644,0.322
316000,0.031,0.672,0.297
316500,0.030,0.696,0.274
317000,0.030,0.696,0.274
317500,0.030,0.723,0.247
318000,0.031,0.674,0.295
318500,0.031,0.688,0.281
319000,0.032,0.727,0.241
319500,0.030,0.723,0.247
320000,0.030,0.717,0.253
320500,0.031,0.706,0.263
321000,0.030,0.668,0.302
321500,0.030,0.689,0.281
322000,0.032,0.694,0.274
322500,0.030,0.703,0.267
323000,0.032,0.700,0.268
323500,0.032,0.687,0.281
324000,0.031,0.662,0.307
324500,0.030,0.674,0.296
325000,0.030,0.696,0.274
325500,0.030,0.661,0.309
326000,0.030,0.679,0.291
326500,0.030,0.650,0.320
327000,0.030,0.647,0.323
327500,0.031,0.643,0.326
328000,0.030,0.732,0.238
328500,0.030,0.699,0.271
329000,0.030,0.713,0.257
329500,0.030,0.702,0.268
330000,0.030,0.708,0.262
330500,0.030,0.691,0.279
331000,0.032,0.701,0.267
331500,0.030,0.636,0.334
332000,0.030,0.692,0.278
332500,0.033,0.677,0.290
333000,0.030,0.668,0.302
333500,0.033,0.672,0.295
334000,0.030,0.713,0.257
334500,0.030,0.743,0.227
335000,0.030,0.744,0.226
335500,0.033,0.783,0.184
336000,0.030,0.756,0.214
336500,0.030,0.712,0.258
337000,0.030,0.631,0.339
337500,0.032,0.627,0.341
338000,0.031,0.618,0.351
338500,0.030,0.651,0.319
339000,0.030,0.659,0.311
339500,0.030,0.738,0.232
340000,0.033,0.657,0.310
340500,0.032,0.694,0.274
341000,0.030,0.710,0.260
341500,0.030,0.705,0.265
342000,0.030,0.687,0.283
342500,0.030,0.697,0.273
343000,0.030,0.674,0.296
343500,0.033,0.696,0.271
344000,0.030,0.685,0.285
344500,0.030,0.754,0.216
345000,0.030,0.717,0.253
345500,0.030,0.697,0.273
346000,0.030,0.731,0.239
346500,0.030,0.723,0.247
347000,0.030,0.737,0.233
347500,0.030,0.686,0.284
348000,0.031,0.686,0.283
348500,0.031,0.721,0.248
349000,0.030,0.708,0.262
349500,0.030,0.707,0.263
350000,0.030,0.672,0.298
350500,0.030,0.674,0.296
351000,0.030,0.687,0.283
351500,0.030,0.655,0.315
352000,0.030,0.683,0.287
352500,0.036,0.673,0.291
353000,0.030,0.663,0.307
353500,0.036,0.656,0.308
354000,0.035,0.593,0.372
354500,0.034,0.632,0.334
355000,0.031,0.607,0.362
355500,0.039,0.586,0.375
356000,0.034,0.608,0.358
356500,0.034,0.633,0.333
357000,0.031,0.615,0.354
357500,0.030,0.667,0.303
358000,0.030,0.625,0.345
358500,0.030,0.699,0.271
359000,0.030,0.734,0.236
359500,0.030,0.708,0.262
360000,0.030,0.733,0.237
360500,0.030,0.738,0.232
361000,0.031,0.722,0.247
361500,0.030,0.746,0.224
362000,0.030,0.784,0.186
362500,0.030,0.787,0.183
363000,0.030,0.777,0.193
363500,0.030,0.798,0.172
364000,0.030,0.716,0.254
364500,0.033,0.695,0.272
365000,0.031,0.689,0.280
365500,0.030,0.723,0.247
366000,0.030,0.674,0.296
366500,0.030,0.710,0.260
367000,0.030,0.611,0.359
367500,0.030,0.680,0.290
368000,0.030,0.692,0.278
368500,0.031,0.665,0.304
369000,0.030,0.689,0.281
369500,0.033,0.634,0.333
370000,0.032,0.689,0.279
370500,0.031,0.684,0.285
371000,0.030,0.726,0.244
371500,0.030,0.747,0.223
372000,0.030,0.701,0.269
372500,0.030,0.656,0.314
373000,0.030,0.676,0.294
373500,0.030,0.704,0.266
374000,0.030,0.688,0.282
374500,0.031,0.708,0.261
375000,0.030,0.697,0.273
375500,0.030,0.702,0.268
376000,0.033,0.682,0.285
376500,0.034,0.653,0.313
377000,0.030,0.659,0.311
377500,0.032,0.690,0.278
378000,0.030,0.611,0.359
378500,0.030,0.647,0.323
379000,0.030,0.717,0.253
379500,0.030,0.671,0.299
380000,0.030,0.652,0.318
380500,0.030,0.661,0.309
381000,0.030,0.685,0.285
381500,0.030,0.748,0.222
382000,0.030,0.660,0.310
382500,0.030,0.671,0.299
383000,0.033,0.666,0.301
383500,0.030,0.710,0.260
384000,0.030,0.700,0.270
384500,0.030,0.667,0.303
385000,0.033,0.662,0.305
385500,0.032,0.664,0.304
386000,0.030,0.680,0.290
386500,0.030,0.727,0.243
387000,0.030,0.711,0.259
387500,0.030,0.701,0.269
388000,0.030,0.684,0.286
388500,0.030,0.722,0.248
389000,0.030,0.728,0.242
389500,0.030,0.736,0.234
390000,0.030,0.730,0.240
390500,0.030,0.666,0.304
391000,0.030,0.687,0.283
391500,0.033,0.716,0.251
392000,0.035,0.692,0.273
392500,0.032,0.623,0.345
393000,0.030,0.654,0.316
393500,0.030,0.595,0.375
394000,0.030,0.627,0.343
394500,0.036,0.615,0.349
395000,0.033,0.625,0.342
395500,0.032,0.686,0.282
396000,0.030,0.689,0.281
396500,0.030,0.678,0.292
397000,0.032,0.682,0.286
397500,0.031,0.681,0.288
398000,0.030,0.670,0.300
398500,0.030,0.672,0.298
399000,0.030,0.668,0.302
399500,0.030,0.684,0.286
400000,0.030,0.651,0.319
400500,0.030,0.643,0.327
401000,0.032,0.716,0.252
401500,0.031,0.667,0.302
402000,0.031,0.680,0.289
402500,0.033,0.642,0.325
403000,0.040,0.638,0.322
403500,0.032,0.640,0.328
404000,0.033,0.664,0.303
404500,0.034,0.700,0.266
405000,0.032,0.673,0.295
405500,0.030,0.648,0.322
406000,0.032,0.672,0.296
406500,0.030,0.657,0.313
407000,0.030,0.670,0.300
407500,0.030,0.638,0.332
408000,0.030,0.664,0.306
408500,0.034,0.658,0.308
409000,0.033,0.687,0.280
409500,0.031,0.707,0.262
410000,0.030,0.759,0.211
410500,0.030,0.754,0.216
411000,0.030,0.770,0.200
411500,0.030,0.781,0.189
412000,0.030,0.760,0.210
412500,0.030,0.736,0.234
413000,0.030,0.721,0.249
413500,0.030,0.680,0.290
414000,0.030,0.689,0.281
414500,0.030,0.711,0.259
415000,0.030,0.734,0.236
415500,0.030,0.723,0.247
416000,0.030,0.712,0.258
416500,0.030,0.705,0.265
417000,0.032,0.719,0.249
417500,0.030,0.695,0.275
418000,0.033,0.670,0.297
418500,0.030,0.643,0.327
419000,0.030,0.637,0.333
419500,0.030,0.673,0.297
420000,0.031,0.665,0.304
420500,0.031,0.668,0.301
421000,0.033,0.629,0.338
421500,0.030,0.668,0.302
422000,0.030,0.613,0.357
422500,0.032,0.580,0.388
423000,0.033,0.602,0.365
423500,0.033,0.586,0.381
424000,0.031,0.665,0.304
424500,0.032,0.671,0.297
425000,0.030,0.672,0.298
425500,0.030,0.700,0.270
426000,0.030,0.655,0.315
426500,0.030,0.712,0.258
427000,0.030,0.662,0.308
427500,0.030,0.688,0.282
428000,0.031,0.667,0.302
428500,0.030,0.665,0.305
429000,0.034,0.656,0.310
429500,0.035,0.614,0.351
430000,0.034,0.557,0.409
430500,0.033,0.591,0.376
431000,0.032,0.627,0.341
431500,0.034,0.671,0.295
432000,0.031,0.680,0.289
432500,0.030,0.659,0.311
433000,0.030,0.658,0.312
433500,0.030,0.623,0.347
434000,0.034,0.607,0.359
434500,0.031,0.655,0.314
435000,0.031,0.703,0.266
435500,0.030,0.741,0.229
436000,0.032,0.719,0.249
436500,0.030,0.721,0.249
437000,0.030,0.657,0.313
437500,0.030,0.688,0.282
438000,0.030,0.610,0.360
438500,0.030,0.654,0.316
439000,0.039,0.660,0.301
439500,0.040,0.644,0.316
440000,0.031,0.657,0.312
440500,0.031,0.605,0.364
441000,0.033,0.585,0.382
441500,0.034,0.608,0.358
442000,0.030,0.573,0.397
442500,0.031,0.632,0.337
443000,0.035,0.675,0.290
443500,0.031,0.682,0.287
444000,0.032,0.687,0.281
444500,0.030,0.601,0.369
445000,0.030,0.653,0.317
445500,0.036,0.658,0.306
446000,0.032,0.631,0.337
446500,0.035,0.556,0.409
447000,0.032,0.595,0.373
447500,0.033,0.620,0.347
448000,0.037,0.619,0.344
448500,0.030,0.661,0.309
449000,0.032,0.717,0.251
449500,0.031,0.685,0.284
450000,0.030,0.731,0.239
450500,0.030,0.722,0.248
451000,0.033,0.702,0.265
451500,0.031,0.669,0.300
452000,0.030,0.641,0.329
452500,0.030,0.656,0.314
453000,0.030,0.650,0.320
453500,0.031,0.667,0.302
454000,0.030,0.652,0.318
454500,0.030,0.682,0.288
455000,0.030,0.690,0.280
455500,0.030,0.679,0.291
456000,0.030,0.680,0.290
456500,0.036,0.693,0.271
457000,0.030,0.694,0.276
457500,0.030,0.667,0.303
458000,0.030,0.679,0.291
458500,0.030,0.697,0.273
459000,0.030,0.740,0.230
459500,0.030,0.700,0.270
460000,0.034,0.659,0.307
460500,0.031,0.663,0.306
461000,0.031,0.629,0.340
461500,0.030,0.628,0.342
462000,0.030,0.644,0.326
462500,0.030,0.675,0.295
463000,0.030,0.697,0.273
463500,0.030,0.720,0.250
464000,0.030,0.713,0.257
464500,0.030,0.681,0.289
465000,0.030,0.713,0.257
465500,0.030,0.700,0.270
466000,0.030,0.732,0.238
466500,0.030,0.696,0.274
467000,0.030,0.630,0.340
467500,0.030,0.630,0.340
468000,0.033,0.656,0.311
468500,0.031,0.664,0.305
469000,0.030,0.693,0.277
469500,0.030,0.712,0.258
470000,0.030,0.684,0.286
470500,0.030,0.703,0.267
471000,0.031,0.674,0.295
471500,0.030,0.663,0.307
472000,0.034,0.649,0.317
472500,0.031,0.693,0.276
473000,0.033,0.682,0.285
473500,0.030,0.713,0.257
474000,0.036,0.652,0.312
474500,0.031,0.713,0.256
475000,0.030,0.679,0.291
475500,0.030,0.676,0.294
476000,0.030,0.754,0.216
476500,0.030,0.764,0.206
477000,0.030,0.725,0.245
477500,0.030,0.745,0.225
478000,0.030,0.784,0.186
478500,0.030,0.767,0.203
479000,0.030,0.729,0.241
479500,0.030,0.719,0.251
480000,0.035,0.637,0.328
480500,0.030,0.644,0.326
481000,0.030,0.660,0.310
481500,0.034,0.628,0.338
482000,0.030,0.612,0.358
482500,0.030,0.635,0.335
483000,0.031,0.642,0.327
483500,0.034,0.685,0.281
484000,0.031,0.689,0.280
484500,0.030,0.691,0.279
485000,0.034,0.716,0.250
485500,0.031,0.697,0.272
486000,0.030,0.628,0.342
486500,0.030,0.685,0.285
487000,0.030,0.742,0.228
487500,0.030,0.714,0.256
488000,0.030,0.727,0.243
488500,0.030,0.748,0.222
489000,0.030,0.694,0.276
489500,0.030,0.697,0.273
490000,0.030,0.643,0.327
490500,0.030,0.597,0.373
491000,0.035,0.641,0.324
491500,0.032,0.655,0.313
492000,0.034,0.667,0.299
492500,0.036,0.665,0.299
493000,0.030,0.722,0.248
493500,0.030,0.725,0.245
494000,0.033,0.708,0.259
494500,0.033,0.639,0.328
495000,0.030,0.657,0.313
495500,0.030,0.666,0.304
496000,0.030,0.651,0.319
496500,0.030,0.653,0.317
497000,0.031,0.653,0.316
497500,0.032,0.638,0.330
498000,0.031,0.682,0.287
498500,0.031,0.647,0.322
499000,0.030,0.616,0.354
499500,0.034,0.636,0.330
500000,0.032,0.650,0.318
500500,0.035,0.712,0.253
501000,0.036,0.674,0.290
501500,0.030,0.669,0.301
502000,0.030,0.705,0.265
502500,0.033,0.662,0.305
503000,0.030,0.629,0.341
503500,0.036,0.580,0.384
504000,0.037,0.551,0.412
504500,0.041,0.569,0.390
505000,0.034,0.569,0.397
505500,0.034,0.537,0.429
506000,0.036,0.552,0.412
506500,0.033,0.560,0.407
507000,0.035,0.567,0.398
507500,0.032,0.592,0.376
508000,0.031,0.619,0.350
508500,0.030,0.665,0.305
509000,0.034,0.682,0.284
509500,0.031,0.722,0.247
510000,0.030,0.718,0.252
510500,0.030,0.693,0.277
511000,0.030,0.643,0.327
511500,0.031,0.662,0.307
512000,0.031,0.627,0.342
512500,0.033,0.647,0.320
513000,0.032,0.609,0.359
513500,0.030,0.595,0.375
514000,0.034,0.594,0.372
514500,0.032,0.629,0.339
515000,0.030,0.690,0.280
515500,0.030,0.646,0.324
516000,0.039,0.646,0.315
516500,0.038,0.681,0.281
517000,0.032,0.715,0.253
517500,0.030,0.711,0.259
518000,0.036,0.686,0.278
518500,0.032,0.634,0.334
519000,0.030,0.623,0.347
519500,0.030,0.670,0.300
520000,0.030,0.662,0.308
520500,0.036,0.649,0.315
521000,0.031,0.636,0.333
521500,0.033,0.664,0.303
522000,0.031,0.691,0.278
522500,0.034,0.683,0.283
523000,0.032,0.673,0.295
523500,0.038,0.600,0.362
524000,0.036,0.587,0.377
524500,0.031,0.575,0.394
525000,0.032,0.612,0.356
525500,0.030,0.654,0.316
526000,0.030,0.665,0.305
526500,0.030,0.677,0.293
527000,0.033,0.728,0.239
527500,0.030,0.740,0.230
528000,0.030,0.697,0.273
528500,0.033,0.661,0.306
529000,0.030,0.684,0.286
529500,0.030,0.700,0.270
530000,0.030,0.719,0.251
530500,0.030,0.670,0.300
531000,0.032,0.674,0.294
531500,0.030,0.696,0.274
532000,0.031,0.724,0.245
532500,0.031,0.736,0.233
533000,0.030,0.713,0.257
533500,0.030,0.710,0.260
534000,0.031,0.647,0.322
534500,0.030,0.670,0.300
535000,0.035,0.641,0.324
535500,0.032,0.687,0.281
536000,0.030,0.697,0.273
536500,0.035,0.697,0.268
537000,0.032,0.633,0.335
537500,0.030,0.594,0.376
538000,0.034,0.547,0.419
538500,0.037,0.556,0.407
539000,0.037,0.620,0.343
539500,0.031,0.598,0.371
540000,0.031,0.612,0.357
540500,0.032,0.637,0.331
541000,0.030,0.686,0.284
541500,0.030,0.694,0.276
542000,0.030,0.702,0.268
542500,0.032,0.714,0.254
543000,0.035,0.676,0.289
543500,0.032,0.656,0.312
544000,0.033,0.675,0.292
544500,0.032,0.705,0.263
545000,0.030,0.720,0.250
545500,0.030,0.710,0.260
546000,0.037,0.646,0.317
546500,0.031,0.654,0.315
547000,0.030,0.697,0.273
547500,0.030,0.718,0.252
548000,0.032,0.713,0.255
548500,0.031,0.721,0.248
549000,0.030,0.687,0.283
549500,0.032,0.690,0.278
550000,0.033,0.667,0.300
550500,0.030,0.723,0.247
551000,0.030,0.704,0.266
551500,0.030,0.706,0.264
552000,0.031,0.688,0.281
552500,0.031,0.698,0.271
553000,0.030,0.698,0.272
553500,0.035,0.686,0.279
554000,0.030,0.675,0.295
554500,0.030,0.691,0.279
555000,0.030,0.682,0.288
555500,0.035,0.677,0.288
556000,0.032,0.683,0.285
556500,0.030,0.683,0.287
557000,0.032,0.706,0.262
557500,0.031,0.686,0.283
558000,0.032,0.719,0.249
558500,0.030,0.698,0.272
559000,0.030,0.722,0.248
559500,0.030,0.686,0.284
560000,0.030,0.682,0.288
560500,0.031,0.665,0.304
561000,0.030,0.710,0.260
561500,0.039,0.635,0.326
562000,0.035,0.681,0.284
562500,0.031,0.677,0.292
563000,0.034,0.673,0.293
563500,0.038,0.645,0.317
564000,0.034,0.660,0.306
564500,0.030,0.681,0.289
565000,0.032,0.636,0.332
565500,0.037,0.626,0.337
566000,0.035,0.552,0.413
566500,0.037,0.595,0.368
567000,0.032,0.667,0.301
567500,0.030,0.674,0.296
568000,0.032,0.670,0.298
568500,0.031,0.657,0.312
569000,0.030,0.635,0.335
569500,0.030,0.662,0.308
570000,0.030,0.683,0.287
570500,0.030,0.681,0.289
571000,0.030,0.706,0.264
571500,0.031,0.666,0.303
572000,0.031,0.688,0.281
572500,0.034,0.652,0.314
573000,0.032,0.704,0.264
573500,0.031,0.683,0.286
574000,0.033,0.667,0.300
574500,0.030,0.649,0.321
575000,0.030,0.711,0.259
575500,0.042,0.702,0.256
576000,0.036,0.658,0.306
576500,0.032,0.659,0.309
577000,0.030,0.685,0.285
577500,0.035,0.642,0.323
578000,0.040,0.638,0.322
578500,0.030,0.621,0.349
579000,0.030,0.622,0.348
579500,0.032,0.657,0.311
580000,0.030,0.658,0.312
580500,0.030,0.717,0.253
581000,0.031,0.723,0.246
581500,0.030,0.725,0.245
582000,0.030,0.719,0.251
582500,0.035,0.669,0.296
583000,0.033,0.643,0.324
583500,0.030,0.674,0.296
584000,0.030,0.682,0.288
584500,0.030,0.693,0.277
585000,0.030,0.682,0.288
585500,0.034,0.688,0.278
586000,0.033,0.643,0.324
586500,0.037,0.663,0.300
587000,0.031,0.687,0.282
587500,0.030,0.662,0.308
588000,0.030,0.750,0.220
588500,0.030,0.734,0.236
589000,0.030,0.690,0.280
589500,0.030,0.698,0.272
590000,0.030,0.658,0.312
590500,0.030,0.656,0.314
591000,0.031,0.594,0.375
591500,0.032,0.662,0.306
592000,0.030,0.692,0.278
592500,0.030,0.777,0.193
593000,0.030,0.796,0.174
593500,0.030,0.730,0.240
594000,0.030,0.677,0.293
594500,0.030,0.701,0.269
595000,0.030,0.674,0.296
595500,0.030,0.722,0.248
596000,0.030,0.735,0.235
596500,0.032,0.736,0.232
597000,0.031,0.684,0.285
597500,0.030,0.733,0.237
598000,0.030,0.729,0.241
598500,0.030,0.757,0.213
599000,0.030,0.755,0.215
599500,0.030,0.682,0.288
600000,0.030,0.649,0.321
600500,0.030,0.668,0.302
601000,0.030,0.693,0.277
601500,0.030,0.692,0.278
602000,0.034,0.616,0.350
602500,0.033,0.613,0.354
603000,0.033,0.653,0.314
603500,0.034,0.639,0.327
604000,0.031,0.640,0.329
604500,0.030,0.654,0.316
605000,0.033,0.636,0.331
605500,0.030,0.714,0.256
606000,0.030,0.672,0.298
606500,0.031,0.640,0.329
607000,0.030,0.669,0.301
607500,0.030,0.677,0.293
608000,0.030,0.665,0.305
608500,0.030,0.704,0.266
609000,0.030,0.705,0.265
609500,0.030,0.753,0.217
610000,0.030,0.660,0.310
610500,0.031,0.689,0.280
611000,0.030,0.709,0.261
611500,0.030,0.688,0.282
612000,0.035,0.676,0.289
612500,0.033,0.662,0.305
613000,0.031,0.684,0.285
613500,0.030,0.648,0.322
614000,0.030,0.689,0.281
614500,0.030,0.661,0.309
615000,0.033,0.665,0.302
615500,0.031,0.652,0.317
616000,0.031,0.643,0.326
616500,0.030,0.660,0.310
617000,0.030,0.658,0.312
617500,0.037,0.670,0.293
618000,0.036,0.657,0.307
618500,0.031,0.628,0.341
619000,0.032,0.668,0.300
619500,0.031,0.614,0.355
620000,0.031,0.641,0.328
620500,0.030,0.681,0.289
621000,0.030,0.663,0.307
621500,0.030,0.730,0.240
622000,0.030,0.738,0.232
622500,0.032,0.722,0.246
623000,0.031,0.716,0.253
623500,0.032,0.706,0.262
624000,0.032,0.699,0.269
624500,0.031,0.700,0.269
625000,0.032,0.666,0.302
625500,0.039,0.678,0.283
626000,0.033,0.682,0.285
626500,0.030,0.669,0.301
627000,0.030,0.620,0.350
627500,0.030,0.636,0.334
628000,0.035,0.591,0.374
628500,0.031,0.683,0.286
629000,0.034,0.652,0.314
629500,0.031,0.669,0.300
630000,0.030,0.617,0.353
630500,0.030,0.668,0.302
631000,0.030,0.690,0.280
631500,0.030,0.732,0.238
632000,0.030,0.702,0.268
632500,0.030,0.720,0.250
633000,0.030,0.724,0.246
633500,0.030,0.650,0.320
634000,0.030,0.683,0.287
634500,0.030,0.690,0.280
635000,0.030,0.677,0.293
635500,0.030,0.630,0.340
636000,0.032,0.717,0.251
636500,0.031,0.692,0.277
637000,0.034,0.670,0.296
637500,0.036,0.650,0.314
638000,0.035,0.669,0.296
638500,0.032,0.671,0.297
639000,0.031,0.672,0.297
639500,0.030,0.662,0.308
640000,0.031,0.628,0.341
640500,0.034,0.653,0.313
641000,0.030,0.611,0.359
641500,0.032,0.642,0.326
642000,0.030,0.666,0.304
642500,0.030,0.664,0.306
643000,0.030,0.731,0.239
643500,0.030,0.736,0.234
644000,0.030,0.724,0.246
644500,0.030,0.732,0.238
645000,0.030,0.704,0.266
645500,0.030,0.687,0.283
646000,0.033,0.668,0.299
646500,0.031,0.673,0.296
647000,0.035,0.638,0.327
647500,0.032,0.660,0.308
648000,0.030,0.681,0.289
648500,0.030,0.640,0.330
649000,0.032,0.685,0.283
649500,0.030,0.696,0.274
650000,0.030,0.725,0.245
650500,0.030,0.682,0.288
651000,0.032,0.699,0.269
651500,0.033,0.654,0.313
652000,0.032,0.652,0.316
652500,0.032,0.613,0.355
653000,0.034,0.667,0.299
653500,0.030,0.620,0.350
654000,0.032,0.634,0.334
654500,0.030,0.674,0.296
655000,0.030,0.708,0.262
655500,0.030,0.700,0.270
656000,0.030,0.710,0.260
656500,0.030,0.725,0.245
657000,0.030,0.758,0.212
657500,0.031,0.702,0.267
658000,0.030,0.739,0.231
658500,0.030,0.729,0.241
659000,0.030,0.673,0.297
659500,0.030,0.689,0.281
660000,0.030,0.690,0.280
660500,0.030,0.694,0.276
661000,0.030,0.765,0.205
661500,0.030,0.751,0.219
662000,0.030,0.666,0.304
662500,0.032,0.634,0.334
663000,0.031,0.678,0.291
663500,0.030,0.697,0.273
664000,0.031,0.733,0.236
664500,0.030,0.704,0.266
665000,0.030,0.735,0.235
665500,0.030,0.692,0.278
666000,0.030,0.702,0.268
666500,0.030,0.689,0.281
667000,0.030,0.679,0.291
667500,0.030,0.723,0.247
668000,0.030,0.658,0.312
668500,0.030,0.684,0.286
669000,0.030,0.666,0.304
669500,0.030,0.689,0.281
670000,0.030,0.743,0.227
670500,0.030,0.719,0.251
671000,0.030,0.707,0.263
671500,0.030,0.723,0.247
672000,0.030,0.696,0.274
672500,0.030,0.677,0.293
673000,0.030,0.631,0.339
673500,0.031,0.633,0.336
674000,0.032,0.589,0.379
674500,0.036,0.572,0.392
675000,0.030,0.591,0.379
675500,0.037,0.607,0.356
676000,0.038,0.614,0.348
676500,0.032,0.637,0.331
677000,0.034,0.567,0.399
677500,0.034,0.641,0.325
678000,0.030,0.632,0.338
678500,0.030,0.615,0.355
679000,0.030,0.632,0.338
679500,0.030,0.651,0.319
680000,0.030,0.643,0.327
680500,0.030,0.669,0.301
681000,0.030,0.610,0.360
681500,0.030,0.644,0.326
682000,0.033,0.594,0.373
682500,0.032,0.644,0.324
683000,0.034,0.708,0.258
683500,0.035,0.698,0.267
684000,0.031,0.721,0.248
684500,0.030,0.736,0.234
685000,0.030,0.681,0.289
685500,0.032,0.721,0.247
686000,0.033,0.720,0.247
686500,0.031,0.717,0.252
687000,0.037,0.642,0.321
687500,0.032,0.592,0.376
688000,0.033,0.588,0.379
688500,0.035,0.554,0.411
689000,0.031,0.581,0.388
689500,0.032,0.684,0.284
690000,0.031,0.702,0.267
690500,0.030,0.698,0.272
691000,0.030,0.677,0.293
691500,0.033,0.684,0.283
692000,0.035,0.624,0.341
692500,0.034,0.594,0.372
693000,0.030,0.602,0.368
693500,0.034,0.603,0.363
694000,0.033,0.585,0.382
694500,0.032,0.616,0.352
695000,0.032,0.648,0.320
695500,0.032,0.646,0.322
696000,0.034,0.632,0.334
696500,0.030,0.656,0.314
697000,0.031,0.695,0.274
697500,0.030,0.694,0.276
698000,0.030,0.708,0.262
698500,0.030,0.650,0.320
699000,0.030,0.667,0.303
699500,0.030,0.653,0.317
700000,0.030,0.670,0.300
700500,0.030,0.706,0.264
701000,0.030,0.697,0.273
701500,0.037,0.654,0.309
702000,0.034,0.659,0.307
702500,0.035,0.668,0.297
703000,0.033,0.679,0.288
703500,0.032,0.680,0.288
704000,0.032,0.694,0.274
704500,0.031,0.664,0.305
705000,0.032,0.696,0.272
705500,0.030,0.722,0.248
706000,0.035,0.716,0.249
706500,0.031,0.703,0.266
707000,0.030,0.677,0.293
707500,0.030,0.710,0.260
708000,0.030,0.725,0.245
708500,0.030,0.710,0.260
709000,0.030,0.711,0.259
709500,0.033,0.675,0.292
710000,0.031,0.641,0.328
710500,0.031,0.646,0.323
711000,0.031,0.756,0.213
711500,0.030,0.750,0.220
712000,0.030,0.685,0.285
712500,0.030,0.702,0.268
713000,0.033,0.714,0.253
713500,0.030,0.719,0.251
714000,0.030,0.745,0.225
714500,0.032,0.720,0.248
715000,0.030,0.714,0.256
715500,0.033,0.734,0.233
716000,0.033,0.664,0.303
716500,0.030,0.662,0.308
717000,0.033,0.661,0.306
717500,0.035,0.708,0.257
718000,0.036,0.678,0.286
718500,0.031,0.678,0.291
719000,0.038,0.708,0.254
719500,0.031,0.686,0.283
720000,0.030,0.674,0.296
720500,0.030,0.673,0.297
721000,0.030,0.700,0.270
721500,0.030,0.702,0.268
722000,0.030,0.760,0.210
722500,0.030,0.729,0.241
723000,0.030,0.784,0.186
723500,0.030,0.758,0.212
724000,0.030,0.754,0.216
724500,0.030,0.781,0.189
725000,0.030,0.761,0.209
725500,0.030,0.751,0.219
726000,0.030,0.741,0.229
726500,0.030,0.704,0.266
727000,0.031,0.665,0.304
727500,0.030,0.656,0.314
728000,0.032,0.621,0.347
728500,0.032,0.600,0.368
729000,0.035,0.633,0.332
729500,0.036,0.658,0.306
730000,0.030,0.676,0.294
730500,0.030,0.650,0.320
731000,0.030,0.672,0.298
731500,0.030,0.694,0.276
732000,0.030,0.674,0.296
732500,0.030,0.710,0.260
733000,0.030,0.714,0.256
733500,0.030,0.668,0.302
734000,0.037,0.672,0.291
734500,0.030,0.659,0.311
735000,0.030,0.674,0.296
735500,0.030,0.653,0.317
736000,0.035,0.658,0.307
736500,0.030,0.650,0.320
737000,0.034,0.611,0.355
737500,0.033,0.630,0.337
738000,0.035,0.635,0.330
738500,0.032,0.659,0.309
739000,0.032,0.700,0.268
739500,0.030,0.725,0.245
740000,0.030,0.710,0.260
740500,0.030,0.691,0.279
741000,0.030,0.712,0.258
741500,0.030,0.714,0.256
742000,0.030,0.667,0.303
742500,0.033,0.644,0.323
743000,0.031,0.609,0.360
743500,0.041,0.583,0.376
744000,0.038,0.540,0.422
744500,0.036,0.616,0.348
745000,0.037,0.654,0.309
745500,0.031,0.695,0.274
746000,0.030,0.704,0.266
746500,0.031,0.705,0.264
747000,0.030,0.670,0.300
747500,0.030,0.737,0.233
748000,0.030,0.762,0.208
748500,0.030,0.722,0.248
749000,0.030,0.752,0.218
749500,0.030,0.702,0.268
750000,0.030,0.672,0.298
750500,0.033,0.637,0.330
751000,0.031,0.669,0.300
751500,0.030,0.706,0.264
752000,0.030,0.713,0.257
752500,0.032,0.673,0.295
753000,0.032,0.659,0.309
753500,0.030,0.732,0.238
754000,0.030,0.736,0.234
754500,0.030,0.707,0.263
755000,0.030,0.716,0.254
755500,0.030,0.638,0.332
756000,0.030,0.624,0.346
756500,0.030,0.659,0.311
757000,0.030,0.637,0.333
757500,0.037,0.600,0.363
758000,0.033,0.639,0.328
758500,0.037,0.627,0.336
759000,0.034,0.634,0.332
759500,0.039,0.678,0.283
760000,0.031,0.691,0.278
760500,0.034,0.630,0.336
761000,0.030,0.653,0.317
761500,0.030,0.677,0.293
762000,0.033,0.713,0.254
762500,0.033,0.613,0.354
763000,0.030,0.647,0.323
763500,0.031,0.664,0.305
764000,0.043,0.654,0.303
764500,0.041,0.637,0.322
765000,0.031,0.635,0.334
765500,0.030,0.654,0.316
766000,0.030,0.667,0.303
766500,0.031,0.641,0.328
767000,0.030,0.657,0.313
767500,0.032,0.672,0.296
768000,0.033,0.620,0.347
768500,0.031,0.638,0.331
769000,0.030,0.664,0.306
769500,0.030,0.676,0.294
770000,0.035,0.637,0.328
770500,0.030,0.643,0.327
771000,0.030,0.592,0.378
771500,0.033,0.620,0.347
772000,0.030,0.672,0.298
772500,0.030,0.632,0.338
773000,0.032,0.610,0.358
773500,0.030,0.637,0.333
774000,0.034,0.603,0.363
774500,0.033,0.648,0.319
775000,0.036,0.647,0.317
775500,0.030,0.693,0.277
776000,0.030,0.747,0.223
776500,0.030,0.756,0.214
777000,0.035,0.739,0.226
777500,0.032,0.663,0.305
778000,0.035,0.631,0.334
778500,0.031,0.666,0.303
779000,0.032,0.587,0.381
779500,0.031,0.617,0.352
780000,0.036,0.639,0.325
780500,0.035,0.670,0.295
781000,0.031,0.605,0.364
781500,0.030,0.636,0.334
782000,0.030,0.679,0.291
782500,0.030,0.742,0.228
783000,0.030,0.751,0.219
783500,0.030,0.753,0.217
784000,0.030,0.736,0.234
784500,0.030,0.673,0.297
785000,0.032,0.670,0.298
785500,0.031,0.673,0.296
786000,0.030,0.719,0.251
786500,0.034,0.712,0.254
787000,0.031,0.719,0.250
787500,0.031,0.730,0.239
788000,0.031,0.762,0.207
788500,0.031,0.756,0.213
789000,0.034,0.704,0.262
789500,0.035,0.686,0.279
790000,0.030,0.683,0.287
790500,0.033,0.637,0.330
791000,0.031,0.604,0.365
791500,0.034,0.615,0.351
792000,0.036,0.563,0.401
792500,0.034,0.570,0.396
793000,0.033,0.569,0.398
793500,0.036,0.580,0.384
794000,0.033,0.634,0.333
794500,0.040,0.661,0.299
795000,0.032,0.606,0.362
795500,0.031,0.634,0.335
796000,0.033,0.616,0.351
796500,0.030,0.667,0.303
797000,0.030,0.675,0.295
797500,0.030,0.662,0.308
798000,0.030,0.662,0.308
798500,0.030,0.654,0.316
799000,0.030,0.676,0.294
799500,0.030,0.656,0.314
800000,0.030,0.607,0.363
800500,0.035,0.659,0.306
801000,0.031,0.605,0.364
801500,0.034,0.627,0.339
802000,0.030,0.627,0.343
802500,0.030,0.705,0.265
803000,0.030,0.651,0.319
803500,0.030,0.682,0.288
804000,0.030,0.654,0.316
804500,0.035,0.687,0.278
805000,0.030,0.710,0.260
805500,0.030,0.736,0.234
806000,0.033,0.726,0.241
806500,0.030,0.721,0.249
807000,0.034,0.639,0.327
807500,0.032,0.693,0.275
808000,0.031,0.703,0.266
808500,0.030,0.680,0.290
809000,0.033,0.679,0.288
809500,0.030,0.710,0.260
810000,0.030,0.710,0.260
810500,0.030,0.734,0.236
811000,0.030,0.696,0.274
811500,0.030,0.672,0.298
812000,0.030,0.654,0.316
812500,0.033,0.638,0.329
813000,0.031,0.659,0.310
813500,0.032,0.661,0.307
814000,0.030,0.658,0.312
814500,0.030,0.754,0.216
815000,0.033,0.739,0.228
815500,0.032,0.721,0.247
816000,0.033,0.714,0.253
816500,0.030,0.678,0.292
817000,0.033,0.650,0.317
817500,0.031,0.641,0.328
818000,0.033,0.633,0.334
818500,0.041,0.613,0.346
819000,0.036,0.611,0.353
819500,0.033,0.635,0.332
820000,0.030,0.656,0.314
820500,0.033,0.690,0.277
821000,0.034,0.645,0.321
821500,0.031,0.638,0.331
822000,0.030,0.677,0.293
822500,0.030,0.647,0.323
823000,0.030,0.672,0.298
823500,0.030,0.652,0.318
824000,0.030,0.675,0.295
824500,0.030,0.661,0.309
825000,0.031,0.681,0.288
825500,0.030,0.673,0.297
826000,0.030,0.704,0.266
826500,0.035,0.674,0.291
827000,0.030,0.660,0.310
827500,0.034,0.658,0.308
828000,0.032,0.648,0.320
828500,0.031,0.624,0.345
829000,0.032,0.680,0.288
829500,0.033,0.623,0.344
830000,0.031,0.681,0.288
830500,0.030,0.718,0.252
831000,0.031,0.702,0.267
831500,0.031,0.693,0.276
832000,0.031,0.728,0.241
832500,0.030,0.714,0.256
833000,0.033,0.750,0.217
833500,0.031,0.764,0.205
834000,0.030,0.779,0.191
834500,0.030,0.692,0.278
835000,0.030,0.694,0.276
835500,0.030,0.695,0.275
836000,0.034,0.644,0.322
836500,0.032,0.612,0.356
837000,0.035,0.618,0.347
837500,0.031,0.586,0.383
838000,0.031,0.605,0.364
838500,0.031,0.648,0.321
839000,0.030,0.670,0.300
839500,0.030,0.614,0.356
840000,0.037,0.614,0.349
840500,0.035,0.585,0.380
841000,0.041,0.599,0.360
841500,0.039,0.653,0.308
842000,0.042,0.624,0.334
842500,0.034,0.684,0.282
843000,0.031,0.727,0.242
843500,0.031,0.704,0.265
844000,0.033,0.695,0.272
844500,0.030,0.662,0.308
845000,0.030,0.703,0.267
845500,0.030,0.702,0.268
846000,0.030,0.667,0.303
846500,0.033,0.602,0.365
847000,0.030,0.629,0.341
847500,0.030,0.653,0.317
848000,0.034,0.618,0.348
848500,0.031,0.646,0.323
849000,0.030,0.601,0.369
849500,0.030,0.597,0.373
850000,0.030,0.669,0.301
850500,0.030,0.657,0.313
851000,0.030,0.653,0.317
851500,0.030,0.671,0.299
852000,0.030,0.702,0.268
852500,0.030,0.728,0.242
853000,0.030,0.700,0.270
853500,0.030,0.660,0.310
854000,0.033,0.673,0.294
854500,0.030,0.658,0.312
855000,0.032,0.633,0.335
855500,0.030,0.659,0.311
856000,0.031,0.613,0.356
856500,0.030,0.627,0.343
857000,0.032,0.635,0.333
857500,0.030,0.651,0.319
858000,0.030,0.702,0.268
858500,0.030,0.761,0.209
859000,0.030,0.757,0.213
859500,0.030,0.801,0.169
860000,0.030,0.825,0.145
860500,0.030,0.741,0.229
861000,0.030,0.731,0.239
861500,0.030,0.715,0.255
862000,0.030,0.720,0.250
862500,0.030,0.705,0.265
863000,0.030,0.706,0.264
863500,0.030,0.737,0.233
864000,0.030,0.709,0.261
864500,0.030,0.636,0.334
865000,0.030,0.686,0.284
865500,0.030,0.681,0.289
866000,0.031,0.694,0.275
866500,0.033,0.684,0.283
867000,0.030,0.726,0.244
867500,0.030,0.765,0.205
868000,0.030,0.769,0.201
868500,0.030,0.791,0.179
869000,0.030,0.811,0.159
869500,0.030,0.826,0.144
870000,0.030,0.770,0.200
870500,0.030,0.792,0.178
871000,0.030,0.733,0.237
871500,0.031,0.713,0.256
872000,0.032,0.696,0.272
872500,0.030,0.683,0.287
873000,0.030,0.709,0.261
873500,0.030,0.765,0.205
874000,0.030,0.675,0.295
874500,0.030,0.638,0.332
875000,0.032,0.628,0.340
875500,0.031,0.663,0.306
876000,0.030,0.691,0.279
876500,0.030,0.652,0.318
877000,0.032,0.632,0.336
877500,0.030,0.619,0.351
878000,0.031,0.650,0.319
878500,0.030,0.691,0.279
879000,0.030,0.689,0.281
879500,0.031,0.703,0.266
880000,0.031,0.665,0.304
880500,0.030,0.656,0.314
881000,0.034,0.658,0.308
881500,0.034,0.622,0.344
882000,0.034,0.610,0.356
882500,0.031,0.678,0.291
883000,0.035,0.650,0.315
883500,0.036,0.664,0.300
884000,0.030,0.686,0.284
884500,0.030,0.669,0.301
885000,0.030,0.668,0.302
885500,0.030,0.733,0.237
886000,0.030,0.678,0.292
886500,0.030,0.671,0.299
887000,0.030,0.669,0.301
887500,0.030,0.687,0.283
888000,0.034,0.647,0.319
888500,0.032,0.685,0.283
889000,0.031,0.664,0.305
889500,0.030,0.634,0.336
890000,0.030,0.666,0.304
890500,0.032,0.741,0.227
891000,0.030,0.694,0.276
891500,0.030,0.621,0.349
892000,0.036,0.604,0.360
892500,0.030,0.604,0.366
893000,0.030,0.652,0.318
893500,0.030,0.665,0.305
894000,0.032,0.693,0.275
894500,0.032,0.666,0.302
895000,0.036,0.610,0.354
895500,0.035,0.589,0.376
896000,0.033,0.565,0.402
896500,0.031,0.579,0.390
897000,0.030,0.619,0.351
897500,0.030,0.629,0.341
898000,0.030,0.644,0.326
898500,0.033,0.636,0.331
899000,0.031,0.634,0.335
899500,0.030,0.660,0.310
900000,0.032,0.681,0.287
900500,0.030,0.643,0.327
901000,0.033,0.688,0.279
901500,0.031,0.662,0.307
902000,0.031,0.622,0.347
902500,0.030,0.687,0.283
903000,0.030,0.727,0.243
903500,0.030,0.696,0.274
904000,0.031,0.709,0.260
904500,0.030,0.716,0.254
905000,0.030,0.710,0.260
905500,0.032,0.697,0.271
906000,0.030,0.668,0.302
906500,0.035,0.664,0.301
907000,0.030,0.635,0.335
907500,0.032,0.632,0.336
908000,0.034,0.583,0.383
908500,0.031,0.630,0.339
909000,0.030,0.600,0.370
909500,0.032,0.651,0.317
910000,0.030,0.672,0.298
910500,0.030,0.677,0.293
911000,0.030,0.693,0.277
911500,0.030,0.737,0.233
912000,0.030,0.717,0.253
912500,0.030,0.722,0.248
913000,0.030,0.747,0.223
913500,0.030,0.732,0.238
914000,0.030,0.731,0.239
914500,0.030,0.758,0.212
915000,0.030,0.748,0.222
915500,0.030,0.725,0.245
916000,0.033,0.683,0.284
916500,0.034,0.699,0.267
917000,0.033,0.676,0.291
917500,0.033,0.698,0.269
918000,0.034,0.651,0.315
918500,0.036,0.628,0.336
919000,0.030,0.655,0.315
919500,0.030,0.689,0.281
920000,0.030,0.679,0.291
920500,0.030,0.602,0.368
921000,0.030,0.689,0.281
921500,0.033,0.724,0.243
922000,0.032,0.683,0.285
922500,0.030,0.714,0.256
923000,0.030,0.715,0.255
923500,0.030,0.685,0.285
924000,0.030,0.689,0.281
924500,0.030,0.705,0.265
925000,0.030,0.700,0.270
925500,0.030,0.679,0.291
926000,0.030,0.677,0.293
926500,0.033,0.696,0.271
927000,0.032,0.697,0.271
927500,0.034,0.665,0.301
928000,0.030,0.653,0.317
928500,0.030,0.684,0.286
929000,0.033,0.698,0.269
929500,0.031,0.718,0.251
930000,0.030,0.694,0.276
930500,0.030,0.657,0.313
931000,0.037,0.645,0.318
931500,0.032,0.667,0.301
932000,0.030,0.719,0.251
932500,0.030,0.711,0.259
933000,0.030,0.708,0.262
933500,0.030,0.698,0.272
934000,0.030,0.676,0.294
934500,0.031,0.627,0.342
935000,0.030,0.686,0.284
935500,0.032,0.723,0.245
936000,0.035,0.686,0.279
936500,0.030,0.647,0.323
937000,0.034,0.675,0.291
937500,0.031,0.645,0.324
938000,0.030,0.685,0.285
938500,0.030,0.702,0.268
939000,0.030,0.640,0.330
939500,0.030,0.690,0.280
940000,0.031,0.719,0.250
940500,0.030,0.714,0.256
941000,0.030,0.726,0.244
941500,0.035,0.662,0.303
942000,0.033,0.682,0.285
942500,0.030,0.683,0.287
943000,0.030,0.726,0.244
943500,0.032,0.679,0.289
944000,0.030,0.643,0.327
944500,0.030,0.651,0.319
945000,0.035,0.664,0.301
945500,0.032,0.709,0.259
946000,0.030,0.673,0.297
946500,0.030,0.647,0.323
947000,0.031,0.667,0.302
947500,0.031,0.705,0.264
948000,0.031,0.720,0.249
948500,0.030,0.724,0.246
949000,0.030,0.711,0.259
949500,0.030,0.715,0.255
950000,0.030,0.713,0.257
950500,0.030,0.692,0.278
951000,0.030,0.695,0.275
951500,0.030,0.670,0.300
952000,0.032,0.640,0.328
952500,0.030,0.678,0.292
953000,0.030,0.686,0.284
953500,0.030,0.658,0.312
954000,0.034,0.642,0.324
954500,0.033,0.665,0.302
955000,0.037,0.675,0.288
955500,0.033,0.667,0.300
956000,0.031,0.673,0.296
956500,0.030,0.647,0.323
957000,0.033,0.652,0.315
957500,0.031,0.721,0.248
958000,0.030,0.698,0.272
958500,0.030,0.708,0.262
959000,0.030,0.685,0.285
959500,0.030,0.715,0.255
960000,0.030,0.683,0.287
960500,0.030,0.687,0.283
961000,0.035,0.680,0.285
961500,0.031,0.662,0.307
962000,0.030,0.647,0.323
962500,0.030,0.708,0.262
963000,0.030,0.705,0.265
963500,0.034,0.689,0.277
964000,0.030,0.676,0.294
964500,0.030,0.646,0.324
965000,0.030,0.699,0.271
965500,0.030,0.693,0.277
966000,0.030,0.689,0.281
966500,0.030,0.697,0.273
967000,0.030,0.695,0.275
967500,0.030,0.650,0.320
968000,0.030,0.655,0.315
968500,0.030,0.670,0.300
969000,0.030,0.638,0.332
969500,0.030,0.658,0.312
970000,0.034,0.670,0.296
970500,0.034,0.676,0.290
971000,0.032,0.629,0.339
971500,0.030,0.654,0.316
972000,0.030,0.702,0.268
972500,0.030,0.679,0.291
973000,0.030,0.703,0.267
973500,0.030,0.738,0.232
974000,0.030,0.721,0.249
974500,0.030,0.741,0.229
975000,0.030,0.752,0.218
975500,0.032,0.724,0.244
976000,0.032,0.712,0.256
976500,0.030,0.717,0.253
977000,0.030,0.783,0.187
977500,0.030,0.748,0.222
978000,0.030,0.748,0.222
978500,0.031,0.741,0.228
979000,0.030,0.717,0.253
979500,0.030,0.704,0.266
980000,0.030,0.674,0.296
980500,0.032,0.702,0.266
981000,0.030,0.695,0.275
981500,0.030,0.695,0.275
982000,0.030,0.695,0.275
982500,0.030,0.673,0.297
983000,0.033,0.683,0.284
983500,0.033,0.645,0.322
984000,0.031,0.677,0.292
984500,0.034,0.641,0.325
985000,0.034,0.646,0.320
985500,0.030,0.731,0.239
986000,0.030,0.695,0.275
986500,0.030,0.690,0.280
987000,0.030,0.671,0.299
987500,0.032,0.646,0.322
988000,0.031,0.683,0.286
988500,0.033,0.650,0.317
989000,0.030,0.675,0.295
989500,0.030,0.692,0.278
990000,0.030,0.683,0.287
990500,0.032,0.709,0.259
991000,0.030,0.677,0.293
991500,0.039,0.644,0.317
992000,0.037,0.685,0.278
992500,0.031,0.698,0.271
993000,0.030,0.719,0.251
993500,0.030,0.676,0.294
994000,0.030,0.693,0.277
994500,0.034,0.682,0.284
995000,0.031,0.637,0.332
995500,0.030,0.636,0.334
996000,0.030,0.683,0.287
996500,0.030,0.720,0.250
997000,0.034,0.655,0.311
997500,0.037,0.614,0.349
998000,0.031,0.616,0.353
998500,0.034,0.661,0.305
999000,0.032,0.697,0.271
999500,0.030,0.691,0.279
1000000,0.034,0.702,0.264
