time,n_A+p,n_B,n_AB
500,0.050,0.754,0.196
1000,0.050,0.560,0.390
1500,0.050,0.565,0.385
2000,0.050,0.437,0.513
2500,0.050,0.470,0.480
3000,0.050,0.484,0.466
3500,0.050,0.479,0.471
4000,0.050,0.378,0.572
4500,0.052,0.420,0.528
5000,0.052,0.357,0.591
5500,0.050,0.527,0.423
6000,0.050,0.497,0.453
6500,0.050,0.489,0.461
7000,0.050,0.332,0.618
7500,0.050,0.390,0.560
8000,0.053,0.425,0.522
8500,0.050,0.441,0.509
9000,0.050,0.421,0.529
9500,0.050,0.476,0.474
10000,0.054,0.381,0.565
10500,0.050,0.428,0.522
11000,0.050,0.472,0.478
11500,0.050,0.559,0.391
12000,0.050,0.416,0.534
12500,0.050,0.495,0.455
13000,0.050,0.543,0.407
13500,0.050,0.438,0.512
14000,0.050,0.489,0.461
14500,0.050,0.429,0.521
15000,0.050,0.424,0.526
15500,0.050,0.433,0.517
16000,0.050,0.476,0.474
16500,0.050,0.557,0.393
17000,0.050,0.454,0.496
17500,0.050,0.449,0.501
18000,0.050,0.424,0.526
18500,0.050,0.385,0.565
19000,0.050,0.496,0.454
19500,0.050,0.583,0.367
20000,0.050,0.500,0.450
20500,0.050,0.480,0.470
21000,0.050,0.411,0.539
21500,0.050,0.443,0.507
22000,0.050,0.438,0.512
22500,0.050,0.499,0.451
23000,0.050,0.573,0.377
23500,0.050,0.553,0.397
24000,0.050,0.499,0.451
24500,0.050,0.563,0.387
25000,0.050,0.350,0.600
25500,0.050,0.487,0.463
26000,0.050,0.553,0.397
26500,0.050,0.410,0.540
27000,0.050,0.378,0.572
27500,0.050,0.395,0.555
28000,0.050,0.538,0.412
28500,0.050,0.527,0.423
29000,0.050,0.530,0.420
29500,0.050,0.536,0.414
30000,0.050,0.409,0.541
30500,0.050,0.650,0.300
31000,0.050,0.626,0.324
31500,0.050,0.542,0.408
32000,0.051,0.444,0.505
32500,0.050,0.598,0.352
33000,0.050,0.474,0.476
33500,0.050,0.502,0.448
34000,0.050,0.462,0.488
34500,0.050,0.524,0.426
35000,0.050,0.547,0.403
35500,0.050,0.500,0.450
36000,0.050,0.537,0.413
36500,0.050,0.431,0.519
37000,0.050,0.433,0.517
37500,0.050,0.519,0.431
38000,0.050,0.468,0.482
38500,0.050,0.390,0.560
39000,0.050,0.485,0.465
39500,0.050,0.534,0.416
40000,0.050,0.474,0.476
40500,0.050,0.592,0.358
41000,0.050,0.512,0.438
41500,0.051,0.469,0.480
42000,0.050,0.445,0.505
42500,0.050,0.476,0.474
43000,0.050,0.430,0.520
43500,0.050,0.511,0.439
44000,0.050,0.436,0.514
44500,0.050,0.525,0.425
45000,0.050,0.527,0.423
45500,0.050,0.464,0.486
46000,0.050,0.442,0.508
46500,0.050,0.469,0.481
47000,0.050,0.494,0.456
47500,0.050,0.464,0.486
48000,0.050,0.484,0.466
48500,0.050,0.614,0.336
49000,0.050,0.482,0.468
49500,0.050,0.483,0.467
50000,0.050,0.454,0.496
50500,0.050,0.470,0.480
51000,0.050,0.438,0.512
51500,0.050,0.635,0.315
52000,0.050,0.631,0.319
52500,0.050,0.597,0.353
53000,0.050,0.533,0.417
53500,0.050,0.548,0.402
54000,0.050,0.552,0.398
54500,0.050,0.473,0.477
55000,0.050,0.469,0.481
55500,0.050,0.466,0.484
56000,0.050,0.508,0.442
56500,0.050,0.523,0.427
57000,0.050,0.534,0.416
57500,0.050,0.487,0.463
58000,0.050,0.529,0.421
58500,0.050,0.365,0.585
59000,0.050,0.442,0.508
59500,0.050,0.503,0.447
60000,0.050,0.522,0.428
60500,0.050,0.380,0.570
61000,0.050,0.459,0.491
61500,0.050,0.503,0.447
62000,0.050,0.331,0.619
62500,0.050,0.412,0.538
63000,0.050,0.421,0.529
63500,0.050,0.425,0.525
64000,0.050,0.552,0.398
64500,0.050,0.479,0.471
65000,0.050,0.338,0.612
65500,0.050,0.521,0.429
66000,0.053,0.381,0.566
66500,0.050,0.529,0.421
67000,0.050,0.478,0.472
67500,0.050,0.503,0.447
68000,0.050,0.480,0.470
68500,0.050,0.516,0.434
69000,0.050,0.558,0.392
69500,0.050,0.508,0.442
70000,0.050,0.540,0.410
70500,0.050,0.360,0.590
71000,0.050,0.489,0.461
71500,0.051,0.452,0.497
72000,0.050,0.389,0.561
72500,0.050,0.346,0.604
73000,0.050,0.368,0.582
73500,0.050,0.484,0.466
74000,0.050,0.399,0.551
74500,0.050,0.551,0.399
75000,0.050,0.503,0.447
75500,0.050,0.368,0.582
76000,0.050,0.428,0.522
76500,0.050,0.637,0.313
77000,0.050,0.441,0.509
77500,0.050,0.485,0.465
78000,0.050,0.542,0.408
78500,0.050,0.449,0.501
79000,0.050,0.502,0.448
79500,0.050,0.521,0.429
80000,0.051,0.356,0.593
80500,0.050,0.498,0.452
81000,0.050,0.428,0.522
81500,0.050,0.408,0.542
82000,0.050,0.428,0.522
82500,0.050,0.315,0.635
83000,0.050,0.393,0.557
83500,0.050,0.556,0.394
84000,0.050,0.550,0.400
84500,0.050,0.512,0.438
85000,0.050,0.535,0.415
85500,0.050,0.422,0.528
86000,0.050,0.506,0.444
86500,0.050,0.451,0.499
87000,0.050,0.511,0.439
87500,0.050,0.542,0.408
88000,0.050,0.457,0.493
88500,0.050,0.509,0.441
89000,0.050,0.437,0.513
89500,0.056,0.346,0.598
90000,0.050,0.423,0.527
90500,0.050,0.466,0.484
91000,0.050,0.453,0.497
91500,0.051,0.427,0.522
92000,0.050,0.473,0.477
92500,0.050,0.589,0.361
93000,0.050,0.412,0.538
93500,0.050,0.391,0.559
94000,0.050,0.406,0.544
94500,0.050,0.404,0.546
95000,0.050,0.492,0.458
95500,0.050,0.603,0.347
96000,0.050,0.457,0.493
96500,0.050,0.471,0.479
97000,0.050,0.465,0.485
97500,0.050,0.534,0.416
98000,0.050,0.457,0.493
98500,0.050,0.429,0.521
99000,0.050,0.491,0.459
99500,0.053,0.478,0.469
100000,0.050,0.503,0.447
100500,0.050,0.452,0.498
101000,0.050,0.364,0.586
101500,0.052,0.487,0.461
102000,0.050,0.435,0.515
102500,0.050,0.463,0.487
103000,0.050,0.420,0.530
103500,0.050,0.519,0.431
104000,0.050,0.504,0.446
104500,0.050,0.367,0.583
105000,0.050,0.390,0.560
105500,0.052,0.486,0.462
106000,0.050,0.434,0.516
106500,0.050,0.512,0.438
107000,0.050,0.527,0.423
107500,0.050,0.488,0.462
108000,0.053,0.485,0.462
108500,0.050,0.541,0.409
109000,0.050,0.387,0.563
109500,0.050,0.592,0.358
110000,0.050,0.550,0.400
110500,0.050,0.393,0.557
111000,0.050,0.501,0.449
111500,0.050,0.455,0.495
112000,0.050,0.455,0.495
112500,0.050,0.468,0.482
113000,0.050,0.511,0.439
113500,0.050,0.420,0.530
114000,0.050,0.449,0.501
114500,0.050,0.402,0.548
115000,0.050,0.378,0.572
115500,0.050,0.482,0.468
116000,0.050,0.396,0.554
116500,0.050,0.442,0.508
117000,0.050,0.468,0.482
117500,0.050,0.341,0.609
118000,0.050,0.479,0.471
118500,0.050,0.504,0.446
119000,0.050,0.393,0.557
119500,0.050,0.542,0.408
120000,0.050,0.487,0.463
120500,0.050,0.445,0.505
121000,0.061,0.330,0.609
121500,0.063,0.251,0.686
122000,0.051,0.423,0.526
122500,0.050,0.534,0.416
123000,0.050,0.504,0.446
123500,0.050,0.381,0.569
124000,0.050,0.398,0.552
124500,0.053,0.475,0.472
125000,0.058,0.388,0.554
125500,0.050,0.360,0.590
126000,0.050,0.516,0.434
126500,0.050,0.502,0.448
127000,0.050,0.513,0.437
127500,0.050,0.468,0.482
128000,0.050,0.511,0.439
128500,0.050,0.532,0.418
129000,0.050,0.435,0.515
129500,0.050,0.589,0.361
130000,0.050,0.426,0.524
130500,0.050,0.431,0.519
131000,0.050,0.476,0.474
131500,0.050,0.451,0.499
132000,0.050,0.455,0.495
132500,0.050,0.498,0.452
133000,0.050,0.467,0.483
133500,0.050,0.512,0.438
134000,0.050,0.572,0.378
134500,0.050,0.455,0.495
135000,0.050,0.427,0.523
135500,0.050,0.482,0.468
136000,0.050,0.476,0.474
136500,0.050,0.464,0.486
137000,0.050,0.484,0.466
137500,0.050,0.476,0.474
138000,0.050,0.419,0.531
138500,0.050,0.474,0.476
139000,0.061,0.520,0.419
139500,0.050,0.473,0.477
140000,0.050,0.483,0.467
140500,0.050,0.561,0.389
141000,0.050,0.514,0.436
141500,0.050,0.501,0.449
142000,0.050,0.452,0.498
142500,0.050,0.422,0.528
143000,0.050,0.490,0.460
143500,0.060,0.343,0.597
144000,0.056,0.432,0.512
144500,0.051,0.483,0.466
145000,0.050,0.363,0.587
145500,0.050,0.372,0.578
146000,0.050,0.401,0.549
146500,0.050,0.436,0.514
147000,0.050,0.470,0.480
147500,0.050,0.455,0.495
148000,0.050,0.325,0.625
148500,0.050,0.473,0.477
149000,0.050,0.545,0.405
149500,0.050,0.655,0.295
150000,0.050,0.471,0.479
150500,0.050,0.583,0.367
151000,0.050,0.492,0.458
151500,0.050,0.523,0.427
152000,0.050,0.482,0.468
152500,0.050,0.490,0.460
153000,0.050,0.412,0.538
153500,0.050,0.450,0.500
154000,0.050,0.538,0.412
154500,0.050,0.496,0.454
155000,0.050,0.443,0.507
155500,0.050,0.448,0.502
156000,0.050,0.404,0.546
156500,0.050,0.464,0.486
157000,0.050,0.469,0.481
157500,0.050,0.532,0.418
158000,0.050,0.488,0.462
158500,0.050,0.479,0.471
159000,0.050,0.477,0.473
159500,0.050,0.473,0.477
160000,0.050,0.465,0.485
160500,0.050,0.394,0.556
161000,0.050,0.564,0.386
161500,0.050,0.574,0.376
162000,0.050,0.539,0.411
162500,0.050,0.529,0.421
163000,0.050,0.548,0.402
163500,0.050,0.467,0.483
164000,0.050,0.502,0.448
164500,0.050,0.459,0.491
165000,0.050,0.504,0.446
165500,0.050,0.399,0.551
166000,0.050,0.376,0.574
166500,0.050,0.458,0.492
167000,0.050,0.474,0.476
167500,0.051,0.462,0.487
168000,0.050,0.433,0.517
168500,0.050,0.506,0.444
169000,0.050,0.564,0.386
169500,0.050,0.553,0.397
170000,0.050,0.454,0.496
170500,0.050,0.482,0.468
171000,0.050,0.473,0.477
171500,0.050,0.511,0.439
172000,0.050,0.479,0.471
172500,0.050,0.468,0.482
173000,0.050,0.454,0.496
173500,0.060,0.426,0.514
174000,0.059,0.490,0.451
174500,0.050,0.540,0.410
175000,0.050,0.578,0.372
175500,0.050,0.514,0.436
176000,0.050,0.675,0.275
176500,0.050,0.574,0.376
177000,0.050,0.522,0.428
177500,0.050,0.628,0.322
178000,0.050,0.567,0.383
178500,0.050,0.556,0.394
179000,0.050,0.499,0.451
179500,0.050,0.530,0.420
180000,0.050,0.580,0.370
180500,0.051,0.419,0.530
181000,0.050,0.506,0.444
181500,0.050,0.505,0.445
182000,0.050,0.561,0.389
182500,0.050,0.510,0.440
183000,0.050,0.495,0.455
183500,0.050,0.360,0.590
184000,0.050,0.443,0.507
184500,0.050,0.390,0.560
185000,0.050,0.522,0.428
185500,0.050,0.375,0.575
186000,0.050,0.519,0.431
186500,0.050,0.535,0.415
187000,0.050,0.518,0.432
187500,0.050,0.553,0.397
188000,0.050,0.506,0.444
188500,0.050,0.466,0.484
189000,0.050,0.460,0.490
189500,0.050,0.504,0.446
190000,0.050,0.465,0.485
190500,0.050,0.449,0.501
191000,0.050,0.472,0.478
191500,0.050,0.308,0.642
192000,0.050,0.478,0.472
192500,0.050,0.438,0.512
193000,0.050,0.443,0.507
193500,0.050,0.414,0.536
194000,0.050,0.388,0.562
194500,0.050,0.417,0.533
195000,0.050,0.549,0.401
195500,0.050,0.495,0.455
196000,0.050,0.490,0.460
196500,0.050,0.566,0.384
197000,0.050,0.625,0.325
197500,0.050,0.447,0.503
198000,0.050,0.435,0.515
198500,0.050,0.476,0.474
199000,0.050,0.462,0.488
199500,0.050,0.459,0.491
200000,0.050,0.486,0.464
200500,0.050,0.433,0.517
201000,0.050,0.500,0.450
201500,0.050,0.412,0.538
202000,0.050,0.454,0.496
202500,0.050,0.412,0.538
203000,0.050,0.432,0.518
203500,0.050,0.529,0.421
204000,0.050,0.448,0.502
204500,0.050,0.420,0.530
205000,0.050,0.427,0.523
205500,0.050,0.431,0.519
206000,0.050,0.516,0.434
206500,0.050,0.507,0.443
207000,0.050,0.569,0.381
207500,0.050,0.521,0.429
208000,0.050,0.598,0.352
208500,0.050,0.426,0.524
209000,0.050,0.492,0.458
209500,0.050,0.445,0.505
210000,0.050,0.552,0.398
210500,0.050,0.510,0.440
211000,0.050,0.506,0.444
211500,0.050,0.529,0.421
212000,0.050,0.462,0.488
212500,0.050,0.524,0.426
213000,0.050,0.491,0.459
213500,0.050,0.456,0.494
214000,0.050,0.512,0.438
214500,0.050,0.534,0.416
215000,0.050,0.445,0.505
215500,0.050,0.456,0.494
216000,0.050,0.516,0.434
216500,0.050,0.447,0.503
217000,0.050,0.443,0.507
217500,0.059,0.464,0.477
218000,0.050,0.460,0.490
218500,0.050,0.499,0.451
219000,0.050,0.511,0.439
219500,0.050,0.514,0.436
220000,0.050,0.526,0.424
220500,0.050,0.440,0.510
221000,0.050,0.522,0.428
221500,0.050,0.485,0.465
222000,0.050,0.404,0.546
222500,0.050,0.400,0.550
223000,0.050,0.451,0.499
223500,0.050,0.331,0.619
224000,0.050,0.511,0.439
224500,0.050,0.488,0.462
225000,0.050,0.515,0.435
225500,0.050,0.383,0.567
226000,0.051,0.438,0.511
226500,0.050,0.503,0.447
227000,0.050,0.420,0.530
227500,0.050,0.481,0.469
228000,0.050,0.441,0.509
228500,0.050,0.515,0.435
229000,0.050,0.581,0.369
229500,0.050,0.490,0.460
230000,0.050,0.472,0.478
230500,0.051,0.472,0.477
231000,0.050,0.433,0.517
231500,0.050,0.481,0.469
232000,0.050,0.418,0.532
232500,0.050,0.504,0.446
233000,0.050,0.580,0.370
233500,0.050,0.489,0.461
234000,0.050,0.386,0.564
234500,0.050,0.539,0.411
235000,0.050,0.484,0.466
235500,0.050,0.536,0.414
236000,0.050,0.568,0.382
236500,0.050,0.533,0.417
237000,0.050,0.493,0.457
237500,0.050,0.529,0.421
238000,0.050,0.490,0.460
238500,0.050,0.471,0.479
239000,0.050,0.413,0.537
239500,0.050,0.450,0.500
240000,0.050,0.523,0.427
240500,0.050,0.595,0.355
241000,0.050,0.569,0.381
241500,0.050,0.586,0.364
242000,0.050,0.529,0.421
242500,0.050,0.412,0.538
243000,0.050,0.555,0.395
243500,0.050,0.485,0.465
244000,0.050,0.549,0.401
244500,0.050,0.641,0.309
245000,0.050,0.502,0.448
245500,0.050,0.429,0.521
246000,0.050,0.578,0.372
246500,0.050,0.467,0.483
247000,0.050,0.459,0.491
247500,0.050,0.425,0.525
248000,0.050,0.469,0.481
248500,0.050,0.447,0.503
249000,0.050,0.480,0.470
249500,0.050,0.474,0.476
250000,0.050,0.416,0.534
250500,0.050,0.461,0.489
251000,0.050,0.490,0.460
251500,0.050,0.502,0.448
252000,0.050,0.449,0.501
252500,0.050,0.405,0.545
253000,0.050,0.517,0.433
253500,0.050,0.464,0.486
254000,0.050,0.434,0.516
254500,0.050,0.347,0.603
255000,0.050,0.435,0.515
255500,0.050,0.513,0.437
256000,0.050,0.489,0.461
256500,0.050,0.423,0.527
257000,0.050,0.566,0.384
257500,0.050,0.440,0.510
258000,0.050,0.522,0.428
258500,0.051,0.461,0.488
259000,0.050,0.467,0.483
259500,0.050,0.374,0.576
260000,0.050,0.378,0.572
260500,0.050,0.519,0.431
261000,0.050,0.392,0.558
261500,0.050,0.598,0.352
262000,0.050,0.620,0.330
262500,0.050,0.521,0.429
263000,0.050,0.480,0.470
263500,0.050,0.569,0.381
264000,0.050,0.587,0.363
264500,0.050,0.583,0.367
265000,0.050,0.626,0.324
265500,0.050,0.580,0.370
266000,0.050,0.542,0.408
266500,0.050,0.463,0.487
267000,0.050,0.458,0.492
267500,0.050,0.505,0.445
268000,0.050,0.488,0.462
268500,0.050,0.495,0.455
269000,0.050,0.400,0.550
269500,0.050,0.398,0.552
270000,0.050,0.398,0.552
270500,0.050,0.544,0.406
271000,0.050,0.541,0.409
271500,0.050,0.558,0.392
272000,0.050,0.553,0.397
272500,0.050,0.490,0.460
273000,0.050,0.418,0.532
273500,0.050,0.454,0.496
274000,0.050,0.500,0.450
274500,0.050,0.502,0.448
275000,0.050,0.448,0.502
275500,0.050,0.485,0.465
276000,0.050,0.506,0.444
276500,0.050,0.563,0.387
277000,0.050,0.463,0.487
277500,0.051,0.370,0.579
278000,0.054,0.391,0.555
278500,0.050,0.552,0.398
279000,0.050,0.524,0.426
279500,0.050,0.464,0.486
280000,0.050,0.465,0.485
280500,0.050,0.469,0.481
281000,0.050,0.421,0.529
281500,0.050,0.497,0.453
282000,0.050,0.416,0.534
282500,0.050,0.483,0.467
283000,0.050,0.472,0.478
283500,0.050,0.414,0.536
284000,0.050,0.492,0.458
284500,0.050,0.528,0.422
285000,0.050,0.441,0.509
285500,0.050,0.552,0.398
286000,0.050,0.490,0.460
286500,0.050,0.440,0.510
287000,0.050,0.385,0.565
287500,0.052,0.383,0.565
288000,0.050,0.404,0.546
288500,0.050,0.414,0.536
289000,0.050,0.435,0.515
289500,0.050,0.495,0.455
290000,0.050,0.506,0.444
290500,0.050,0.481,0.469
291000,0.050,0.533,0.417
291500,0.050,0.539,0.411
292000,0.050,0.573,0.377
292500,0.050,0.525,0.425
293000,0.050,0.445,0.505
293500,0.050,0.476,0.474
294000,0.050,0.450,0.500
294500,0.050,0.533,0.417
295000,0.050,0.577,0.373
295500,0.050,0.415,0.535
296000,0.050,0.448,0.502
296500,0.055,0.365,0.580
297000,0.050,0.510,0.440
297500,0.059,0.406,0.535
298000,0.060,0.388,0.552
298500,0.050,0.459,0.491
299000,0.053,0.480,0.467
299500,0.050,0.590,0.360
300000,0.050,0.513,0.437
300500,0.050,0.572,0.378
301000,0.050,0.697,0.253
301500,0.050,0.609,0.341
302000,0.050,0.546,0.404
302500,0.051,0.444,0.505
303000,0.050,0.560,0.390
303500,0.050,0.447,0.503
304000,0.050,0.440,0.510
304500,0.050,0.509,0.441
305000,0.050,0.611,0.339
305500,0.050,0.550,0.400
306000,0.050,0.445,0.505
306500,0.050,0.534,0.416
307000,0.050,0.529,0.421
307500,0.050,0.451,0.499
308000,0.050,0.515,0.435
308500,0.050,0.572,0.378
309000,0.050,0.467,0.483
309500,0.050,0.501,0.449
310000,0.050,0.469,0.481
310500,0.050,0.510,0.440
311000,0.050,0.481,0.469
311500,0.050,0.480,0.470
312000,0.050,0.439,0.511
312500,0.050,0.431,0.519
313000,0.050,0.544,0.406
313500,0.050,0.547,0.403
314000,0.050,0.543,0.407
314500,0.050,0.506,0.444
315000,0.050,0.313,0.637
315500,0.050,0.510,0.440
316000,0.050,0.445,0.505
316500,0.050,0.469,0.481
317000,0.050,0.605,0.345
317500,0.050,0.498,0.452
318000,0.050,0.507,0.443
318500,0.050,0.433,0.517
319000,0.050,0.411,0.539
319500,0.050,0.496,0.454
320000,0.050,0.567,0.383
320500,0.050,0.570,0.380
321000,0.050,0.595,0.355
321500,0.050,0.452,0.498
322000,0.050,0.441,0.509
322500,0.050,0.489,0.461
323000,0.050,0.570,0.380
323500,0.050,0.629,0.321
324000,0.050,0.523,0.427
324500,0.050,0.517,0.433
325000,0.050,0.500,0.450
325500,0.050,0.445,0.505
326000,0.050,0.340,0.610
326500,0.050,0.474,0.476
327000,0.050,0.411,0.539
327500,0.050,0.540,0.410
328000,0.050,0.411,0.539
328500,0.050,0.458,0.492
329000,0.050,0.465,0.485
329500,0.050,0.369,0.581
330000,0.050,0.459,0.491
330500,0.050,0.400,0.550
331000,0.055,0.355,0.590
331500,0.054,0.360,0.586
332000,0.050,0.548,0.402
332500,0.050,0.473,0.477
333000,0.050,0.616,0.334
333500,0.050,0.437,0.513
334000,0.050,0.508,0.442
334500,0.050,0.464,0.486
335000,0.050,0.517,0.433
335500,0.050,0.503,0.447
336000,0.050,0.526,0.424
336500,0.050,0.490,0.460
337000,0.050,0.453,0.497
337500,0.050,0.470,0.480
338000,0.050,0.510,0.440
338500,0.050,0.555,0.395
339000,0.050,0.517,0.433
339500,0.050,0.422,0.528
340000,0.050,0.519,0.431
340500,0.050,0.471,0.479
341000,0.050,0.514,0.436
341500,0.050,0.506,0.444
342000,0.050,0.430,0.520
342500,0.050,0.445,0.505
343000,0.050,0.492,0.458
343500,0.050,0.473,0.477
344000,0.050,0.466,0.484
344500,0.050,0.552,0.398
345000,0.050,0.437,0.513
345500,0.050,0.417,0.533
346000,0.050,0.506,0.444
346500,0.050,0.422,0.528
347000,0.050,0.468,0.482
347500,0.050,0.410,0.540
348000,0.050,0.481,0.469
348500,0.050,0.522,0.428
349000,0.050,0.457,0.493
349500,0.050,0.418,0.532
350000,0.050,0.510,0.440
350500,0.050,0.301,0.649
351000,0.053,0.431,0.516
351500,0.050,0.448,0.502
352000,0.050,0.605,0.345
352500,0.050,0.566,0.384
353000,0.050,0.495,0.455
353500,0.050,0.449,0.501
354000,0.050,0.515,0.435
354500,0.050,0.570,0.380
355000,0.050,0.540,0.410
355500,0.050,0.616,0.334
356000,0.053,0.471,0.476
356500,0.050,0.375,0.575
357000,0.050,0.476,0.474
357500,0.050,0.452,0.498
358000,0.051,0.495,0.454
358500,0.050,0.406,0.544
359000,0.050,0.414,0.536
359500,0.050,0.549,0.401
360000,0.050,0.560,0.390
360500,0.050,0.430,0.520
361000,0.050,0.417,0.533
361500,0.050,0.444,0.506
362000,0.050,0.556,0.394
362500,0.050,0.574,0.376
363000,0.050,0.544,0.406
363500,0.050,0.490,0.460
364000,0.050,0.509,0.441
364500,0.050,0.510,0.440
365000,0.050,0.442,0.508
365500,0.050,0.383,0.567
366000,0.050,0.391,0.559
366500,0.050,0.451,0.499
367000,0.050,0.412,0.538
367500,0.050,0.440,0.510
368000,0.050,0.485,0.465
368500,0.050,0.487,0.463
369000,0.050,0.459,0.491
369500,0.050,0.371,0.579
370000,0.050,0.528,0.422
370500,0.050,0.565,0.385
371000,0.050,0.536,0.414
371500,0.050,0.542,0.408
372000,0.050,0.563,0.387
372500,0.052,0.519,0.429
373000,0.050,0.467,0.483
373500,0.050,0.432,0.518
374000,0.050,0.389,0.561
374500,0.050,0.471,0.479
375000,0.050,0.493,0.457
375500,0.050,0.539,0.411
376000,0.050,0.622,0.328
376500,0.050,0.483,0.467
377000,0.050,0.545,0.405
377500,0.050,0.482,0.468
378000,0.050,0.486,0.464
378500,0.050,0.423,0.527
379000,0.050,0.471,0.479
379500,0.050,0.489,0.461
380000,0.050,0.529,0.421
380500,0.050,0.545,0.405
381000,0.050,0.469,0.481
381500,0.050,0.462,0.488
382000,0.050,0.557,0.393
382500,0.050,0.421,0.529
383000,0.050,0.447,0.503
383500,0.050,0.541,0.409
384000,0.050,0.592,0.358
384500,0.050,0.509,0.441
385000,0.050,0.494,0.456
385500,0.050,0.452,0.498
386000,0.050,0.542,0.408
386500,0.050,0.401,0.549
387000,0.050,0.483,0.467
387500,0.050,0.624,0.326
388000,0.050,0.641,0.309
388500,0.050,0.492,0.458
389000,0.050,0.414,0.536
389500,0.060,0.386,0.554
390000,0.050,0.491,0.459
390500,0.050,0.478,0.472
391000,0.050,0.462,0.488
391500,0.050,0.490,0.460
392000,0.050,0.469,0.481
392500,0.050,0.507,0.443
393000,0.050,0.352,0.598
393500,0.050,0.369,0.581
394000,0.050,0.420,0.530
394500,0.050,0.466,0.484
395000,0.050,0.440,0.510
395500,0.050,0.414,0.536
396000,0.050,0.449,0.501
396500,0.059,0.382,0.559
397000,0.050,0.367,0.583
397500,0.050,0.396,0.554
398000,0.051,0.484,0.465
398500,0.050,0.487,0.463
399000,0.050,0.509,0.441
399500,0.050,0.397,0.553
400000,0.050,0.533,0.417
400500,0.050,0.465,0.485
401000,0.050,0.424,0.526
401500,0.050,0.499,0.451
402000,0.050,0.426,0.524
402500,0.050,0.563,0.387
403000,0.050,0.407,0.543
403500,0.050,0.414,0.536
404000,0.050,0.435,0.515
404500,0.075,0.394,0.531
405000,0.051,0.326,0.623
405500,0.050,0.455,0.495
406000,0.050,0.513,0.437
406500,0.050,0.536,0.414
407000,0.050,0.558,0.392
407500,0.050,0.466,0.484
408000,0.050,0.509,0.441
408500,0.050,0.604,0.346
409000,0.050,0.484,0.466
409500,0.050,0.437,0.513
410000,0.050,0.499,0.451
410500,0.050,0.600,0.350
411000,0.057,0.366,0.577
411500,0.050,0.498,0.452
412000,0.050,0.631,0.319
412500,0.050,0.527,0.423
413000,0.052,0.362,0.586
413500,0.050,0.424,0.526
414000,0.052,0.541,0.407
414500,0.050,0.607,0.343
415000,0.050,0.571,0.379
415500,0.050,0.458,0.492
416000,0.050,0.439,0.511
416500,0.050,0.430,0.520
417000,0.050,0.468,0.482
417500,0.050,0.450,0.500
418000,0.050,0.499,0.451
418500,0.050,0.340,0.610
419000,0.050,0.428,0.522
419500,0.050,0.439,0.511
420000,0.050,0.491,0.459
420500,0.050,0.533,0.417
421000,0.050,0.534,0.416
421500,0.050,0.439,0.511
422000,0.050,0.393,0.557
422500,0.050,0.533,0.417
423000,0.050,0.456,0.494
423500,0.050,0.563,0.387
424000,0.050,0.442,0.508
424500,0.050,0.475,0.475
425000,0.050,0.449,0.501
425500,0.050,0.497,0.453
426000,0.050,0.484,0.466
426500,0.050,0.475,0.475
427000,0.050,0.495,0.455
427500,0.050,0.553,0.397
428000,0.050,0.380,0.570
428500,0.050,0.441,0.509
429000,0.050,0.575,0.375
429500,0.050,0.490,0.460
430000,0.050,0.479,0.471
430500,0.050,0.491,0.459
431000,0.050,0.494,0.456
431500,0.050,0.443,0.507
432000,0.050,0.511,0.439
432500,0.050,0.550,0.400
433000,0.050,0.615,0.335
433500,0.050,0.569,0.381
434000,0.050,0.437,0.513
434500,0.050,0.401,0.549
435000,0.050,0.457,0.493
435500,0.050,0.436,0.514
436000,0.050,0.541,0.409
436500,0.050,0.544,0.406
437000,0.050,0.542,0.408
437500,0.050,0.576,0.374
438000,0.050,0.520,0.430
438500,0.050,0.328,0.622
439000,0.050,0.463,0.487
439500,0.050,0.368,0.582
440000,0.050,0.460,0.490
440500,0.050,0.384,0.566
441000,0.052,0.439,0.509
441500,0.051,0.531,0.418
442000,0.050,0.498,0.452
442500,0.050,0.554,0.396
443000,0.050,0.470,0.480
443500,0.050,0.405,0.545
444000,0.050,0.450,0.500
444500,0.050,0.478,0.472
445000,0.050,0.429,0.521
445500,0.050,0.461,0.489
446000,0.050,0.410,0.540
446500,0.050,0.462,0.488
447000,0.050,0.472,0.478
447500,0.050,0.496,0.454
448000,0.050,0.484,0.466
448500,0.050,0.583,0.367
449000,0.050,0.561,0.389
449500,0.050,0.620,0.330
450000,0.050,0.468,0.482
450500,0.050,0.410,0.540
451000,0.050,0.569,0.381
451500,0.050,0.462,0.488
452000,0.050,0.396,0.554
452500,0.050,0.512,0.438
453000,0.050,0.413,0.537
453500,0.052,0.402,0.546
454000,0.050,0.295,0.655
454500,0.050,0.517,0.433
455000,0.050,0.439,0.511
455500,0.050,0.488,0.462
456000,0.050,0.490,0.460
456500,0.050,0.530,0.420
457000,0.050,0.423,0.527
457500,0.050,0.451,0.499
458000,0.050,0.547,0.403
458500,0.050,0.467,0.483
459000,0.050,0.416,0.534
459500,0.050,0.470,0.480
460000,0.050,0.515,0.435
460500,0.050,0.497,0.453
461000,0.050,0.461,0.489
461500,0.050,0.402,0.548
462000,0.050,0.459,0.491
462500,0.050,0.434,0.516
463000,0.050,0.415,0.535
463500,0.061,0.417,0.522
464000,0.052,0.442,0.506
464500,0.050,0.491,0.459
465000,0.050,0.554,0.396
465500,0.050,0.579,0.371
466000,0.050,0.593,0.357
466500,0.061,0.339,0.600
467000,0.050,0.550,0.400
467500,0.050,0.498,0.452
468000,0.050,0.419,0.531
468500,0.050,0.374,0.576
469000,0.050,0.348,0.602
469500,0.050,0.518,0.432
470000,0.050,0.567,0.383
470500,0.050,0.563,0.387
471000,0.050,0.454,0.496
471500,0.050,0.457,0.493
472000,0.050,0.410,0.540
472500,0.050,0.416,0.534
473000,0.050,0.541,0.409
473500,0.050,0.502,0.448
474000,0.050,0.448,0.502
474500,0.050,0.371,0.579
475000,0.050,0.469,0.481
475500,0.050,0.445,0.505
476000,0.050,0.484,0.466
476500,0.050,0.422,0.528
477000,0.050,0.591,0.359
477500,0.050,0.556,0.394
478000,0.050,0.548,0.402
478500,0.050,0.552,0.398
479000,0.050,0.509,0.441
479500,0.050,0.507,0.443
480000,0.050,0.504,0.446
480500,0.050,0.462,0.488
481000,0.050,0.561,0.389
481500,0.050,0.524,0.426
482000,0.050,0.462,0.488
482500,0.050,0.405,0.545
483000,0.050,0.484,0.466
483500,0.050,0.475,0.475
484000,0.050,0.464,0.486
484500,0.050,0.509,0.441
485000,0.050,0.495,0.455
485500,0.050,0.531,0.419
486000,0.050,0.527,0.423
486500,0.050,0.552,0.398
487000,0.050,0.587,0.363
487500,0.050,0.461,0.489
488000,0.050,0.386,0.564
488500,0.050,0.406,0.544
489000,0.050,0.376,0.574
489500,0.050,0.494,0.456
490000,0.050,0.545,0.405
490500,0.050,0.518,0.432
491000,0.050,0.432,0.518
491500,0.050,0.297,0.653
492000,0.050,0.408,0.542
492500,0.050,0.482,0.468
493000,0.050,0.484,0.466
493500,0.056,0.413,0.531
494000,0.051,0.379,0.570
494500,0.050,0.498,0.452
495000,0.050,0.523,0.427
495500,0.050,0.468,0.482
496000,0.050,0.494,0.456
496500,0.050,0.510,0.440
497000,0.050,0.509,0.441
497500,0.050,0.489,0.461
498000,0.059,0.458,0.483
498500,0.050,0.487,0.463
499000,0.050,0.506,0.444
499500,0.050,0.445,0.505
500000,0.050,0.491,0.459
500500,0.050,0.562,0.388
501000,0.050,0.508,0.442
501500,0.050,0.404,0.546
502000,0.055,0.421,0.524
502500,0.050,0.547,0.403
503000,0.050,0.558,0.392
503500,0.050,0.486,0.464
504000,0.050,0.571,0.379
504500,0.050,0.494,0.456
505000,0.050,0.537,0.413
505500,0.050,0.493,0.457
506000,0.050,0.525,0.425
506500,0.050,0.539,0.411
507000,0.050,0.464,0.486
507500,0.050,0.439,0.511
508000,0.050,0.470,0.480
508500,0.050,0.464,0.486
509000,0.051,0.477,0.472
509500,0.050,0.445,0.505
510000,0.050,0.416,0.534
510500,0.053,0.498,0.449
511000,0.050,0.510,0.440
511500,0.050,0.517,0.433
512000,0.050,0.483,0.467
512500,0.050,0.462,0.488
513000,0.050,0.466,0.484
513500,0.050,0.468,0.482
514000,0.050,0.594,0.356
514500,0.050,0.474,0.476
515000,0.050,0.449,0.501
515500,0.056,0.536,0.408
516000,0.050,0.435,0.515
516500,0.050,0.423,0.527
517000,0.050,0.392,0.558
517500,0.050,0.449,0.501
518000,0.050,0.420,0.530
518500,0.050,0.466,0.484
519000,0.050,0.471,0.479
519500,0.050,0.548,0.402
520000,0.050,0.531,0.419
520500,0.050,0.416,0.534
521000,0.058,0.416,0.526
521500,0.050,0.476,0.474
522000,0.050,0.471,0.479
522500,0.050,0.472,0.478
523000,0.050,0.429,0.521
523500,0.050,0.394,0.556
524000,0.050,0.436,0.514
524500,0.050,0.519,0.431
525000,0.050,0.557,0.393
525500,0.050,0.523,0.427
526000,0.050,0.511,0.439
526500,0.050,0.386,0.564
527000,0.050,0.547,0.403
527500,0.050,0.539,0.411
528000,0.051,0.309,0.640
528500,0.050,0.441,0.509
529000,0.050,0.446,0.504
529500,0.050,0.443,0.507
530000,0.050,0.475,0.475
530500,0.050,0.486,0.464
531000,0.050,0.500,0.450
531500,0.050,0.410,0.540
532000,0.052,0.354,0.594
532500,0.051,0.527,0.422
533000,0.050,0.457,0.493
533500,0.050,0.461,0.489
534000,0.050,0.507,0.443
534500,0.050,0.434,0.516
535000,0.050,0.585,0.365
535500,0.050,0.609,0.341
536000,0.050,0.517,0.433
536500,0.050,0.475,0.475
537000,0.050,0.436,0.514
537500,0.050,0.314,0.636
538000,0.050,0.519,0.431
538500,0.050,0.538,0.412
539000,0.050,0.484,0.466
539500,0.050,0.490,0.460
540000,0.050,0.531,0.419
540500,0.050,0.496,0.454
541000,0.050,0.493,0.457
541500,0.050,0.509,0.441
542000,0.050,0.491,0.459
542500,0.050,0.484,0.466
543000,0.050,0.357,0.593
543500,0.050,0.494,0.456
544000,0.050,0.437,0.513
544500,0.050,0.431,0.519
545000,0.050,0.578,0.372
545500,0.050,0.459,0.491
546000,0.050,0.455,0.495
546500,0.050,0.465,0.485
547000,0.050,0.489,0.461
547500,0.050,0.393,0.557
548000,0.054,0.396,0.550
548500,0.050,0.568,0.382
549000,0.050,0.526,0.424
549500,0.050,0.529,0.421
550000,0.050,0.549,0.401
550500,0.050,0.511,0.439
551000,0.050,0.448,0.502
551500,0.050,0.567,0.383
552000,0.050,0.599,0.351
552500,0.050,0.505,0.445
553000,0.050,0.519,0.431
553500,0.050,0.532,0.418
554000,0.050,0.555,0.395
554500,0.050,0.583,0.367
555000,0.050,0.529,0.421
555500,0.050,0.418,0.532
556000,0.050,0.516,0.434
556500,0.050,0.498,0.452
557000,0.050,0.444,0.506
557500,0.050,0.400,0.550
558000,0.050,0.440,0.510
558500,0.050,0.443,0.507
559000,0.050,0.479,0.471
559500,0.050,0.444,0.506
560000,0.050,0.428,0.522
560500,0.050,0.481,0.469
561000,0.050,0.431,0.519
561500,0.050,0.494,0.456
562000,0.050,0.540,0.410
562500,0.050,0.459,0.491
563000,0.050,0.465,0.485
563500,0.050,0.558,0.392
564000,0.050,0.514,0.436
564500,0.050,0.499,0.451
565000,0.050,0.434,0.516
565500,0.050,0.466,0.484
566000,0.050,0.532,0.418
566500,0.050,0.531,0.419
567000,0.050,0.447,0.503
567500,0.063,0.401,0.536
568000,0.050,0.432,0.518
568500,0.050,0.473,0.477
569000,0.050,0.518,0.432
569500,0.050,0.442,0.508
570000,0.050,0.510,0.440
570500,0.050,0.514,0.436
571000,0.050,0.524,0.426
571500,0.050,0.475,0.475
572000,0.050,0.554,0.396
572500,0.050,0.531,0.419
573000,0.050,0.414,0.536
573500,0.050,0.543,0.407
574000,0.050,0.459,0.491
574500,0.050,0.542,0.408
575000,0.050,0.466,0.484
575500,0.050,0.533,0.417
576000,0.050,0.476,0.474
576500,0.050,0.474,0.476
577000,0.050,0.488,0.462
577500,0.050,0.477,0.473
578000,0.050,0.594,0.356
578500,0.050,0.536,0.414
579000,0.050,0.592,0.358
579500,0.050,0.565,0.385
580000,0.050,0.549,0.401
580500,0.050,0.424,0.526
581000,0.050,0.417,0.533
581500,0.050,0.501,0.449
582000,0.050,0.458,0.492
582500,0.050,0.567,0.383
583000,0.050,0.459,0.491
583500,0.050,0.562,0.388
584000,0.050,0.491,0.459
584500,0.050,0.466,0.484
585000,0.050,0.565,0.385
585500,0.050,0.409,0.541
586000,0.050,0.484,0.466
586500,0.050,0.423,0.527
587000,0.050,0.501,0.449
587500,0.050,0.475,0.475
588000,0.056,0.506,0.438
588500,0.050,0.396,0.554
589000,0.052,0.401,0.547
589500,0.050,0.449,0.501
590000,0.050,0.493,0.457
590500,0.050,0.559,0.391
591000,0.056,0.433,0.511
591500,0.050,0.441,0.509
592000,0.050,0.414,0.536
592500,0.050,0.387,0.563
593000,0.050,0.486,0.464
593500,0.051,0.474,0.475
594000,0.050,0.496,0.454
594500,0.050,0.577,0.373
595000,0.050,0.489,0.461
595500,0.050,0.541,0.409
596000,0.050,0.428,0.522
596500,0.050,0.346,0.604
597000,0.064,0.431,0.505
597500,0.050,0.426,0.524
598000,0.050,0.487,0.463
598500,0.050,0.453,0.497
599000,0.050,0.430,0.520
599500,0.050,0.512,0.438
600000,0.050,0.416,0.534
600500,0.050,0.465,0.485
601000,0.050,0.464,0.486
601500,0.050,0.434,0.516
602000,0.050,0.456,0.494
602500,0.050,0.393,0.557
603000,0.050,0.417,0.533
603500,0.050,0.475,0.475
604000,0.050,0.360,0.590
604500,0.050,0.383,0.567
605000,0.050,0.437,0.513
605500,0.050,0.573,0.377
606000,0.050,0.470,0.480
606500,0.050,0.457,0.493
607000,0.050,0.523,0.427
607500,0.050,0.357,0.593
608000,0.050,0.488,0.462
608500,0.050,0.579,0.371
609000,0.050,0.533,0.417
609500,0.050,0.559,0.391
610000,0.050,0.441,0.509
610500,0.050,0.521,0.429
611000,0.050,0.557,0.393
611500,0.050,0.509,0.441
612000,0.050,0.411,0.539
612500,0.050,0.560,0.390
613000,0.050,0.504,0.446
613500,0.050,0.488,0.462
614000,0.050,0.451,0.499
614500,0.050,0.521,0.429
615000,0.050,0.484,0.466
615500,0.050,0.534,0.416
616000,0.050,0.417,0.533
616500,0.050,0.422,0.528
617000,0.050,0.439,0.511
617500,0.050,0.494,0.456
618000,0.050,0.441,0.509
618500,0.050,0.382,0.568
619000,0.050,0.574,0.376
619500,0.050,0.403,0.547
620000,0.050,0.504,0.446
620500,0.050,0.421,0.529
621000,0.050,0.431,0.519
621500,0.050,0.464,0.486
622000,0.050,0.402,0.548
622500,0.066,0.334,0.600
623000,0.050,0.501,0.449
623500,0.050,0.517,0.433
624000,0.053,0.462,0.485
624500,0.050,0.506,0.444
625000,0.050,0.532,0.418
625500,0.050,0.487,0.463
626000,0.050,0.356,0.594
626500,0.050,0.442,0.508
627000,0.050,0.432,0.518
627500,0.057,0.519,0.424
628000,0.050,0.546,0.404
628500,0.050,0.526,0.424
629000,0.050,0.505,0.445
629500,0.050,0.408,0.542
630000,0.050,0.570,0.380
630500,0.050,0.501,0.449
631000,0.050,0.421,0.529
631500,0.050,0.470,0.480
632000,0.050,0.498,0.452
632500,0.052,0.468,0.480
633000,0.050,0.561,0.389
633500,0.050,0.499,0.451
634000,0.050,0.511,0.439
634500,0.050,0.464,0.486
635000,0.050,0.470,0.480
635500,0.050,0.395,0.555
636000,0.050,0.501,0.449
636500,0.050,0.432,0.518
637000,0.050,0.445,0.505
637500,0.050,0.447,0.503
638000,0.050,0.561,0.389
638500,0.050,0.477,0.473
639000,0.050,0.492,0.458
639500,0.050,0.484,0.466
640000,0.050,0.482,0.468
640500,0.050,0.504,0.446
641000,0.050,0.497,0.453
641500,0.050,0.396,0.554
642000,0.050,0.411,0.539
642500,0.050,0.453,0.497
643000,0.050,0.480,0.470
643500,0.050,0.424,0.526
644000,0.050,0.449,0.501
644500,0.050,0.445,0.505
645000,0.050,0.466,0.484
645500,0.053,0.444,0.503
646000,0.050,0.481,0.469
646500,0.050,0.528,0.422
647000,0.050,0.412,0.538
647500,0.050,0.433,0.517
648000,0.050,0.444,0.506
648500,0.050,0.404,0.546
649000,0.050,0.456,0.494
649500,0.050,0.549,0.401
650000,0.050,0.435,0.515
650500,0.050,0.469,0.481
651000,0.050,0.488,0.462
651500,0.050,0.398,0.552
652000,0.058,0.394,0.548
652500,0.050,0.533,0.417
653000,0.050,0.582,0.368
653500,0.050,0.477,0.473
654000,0.050,0.471,0.479
654500,0.050,0.537,0.413
655000,0.050,0.536,0.414
655500,0.050,0.442,0.508
656000,0.050,0.447,0.503
656500,0.050,0.502,0.448
657000,0.050,0.555,0.395
657500,0.050,0.558,0.392
658000,0.050,0.498,0.452
658500,0.050,0.477,0.473
659000,0.050,0.527,0.423
659500,0.050,0.534,0.416
660000,0.050,0.455,0.495
660500,0.060,0.455,0.485
661000,0.051,0.463,0.486
661500,0.050,0.367,0.583
662000,0.050,0.477,0.473
662500,0.050,0.481,0.469
663000,0.050,0.396,0.554
663500,0.050,0.514,0.436
664000,0.050,0.476,0.474
664500,0.050,0.526,0.424
665000,0.050,0.498,0.452
665500,0.050,0.529,0.421
666000,0.050,0.561,0.389
666500,0.050,0.505,0.445
667000,0.050,0.564,0.386
667500,0.050,0.599,0.351
668000,0.050,0.486,0.464
668500,0.050,0.518,0.432
669000,0.050,0.395,0.555
669500,0.050,0.464,0.486
670000,0.050,0.550,0.400
670500,0.050,0.547,0.403
671000,0.050,0.477,0.473
671500,0.050,0.470,0.480
672000,0.050,0.393,0.557
672500,0.050,0.538,0.412
673000,0.050,0.479,0.471
673500,0.050,0.467,0.483
674000,0.050,0.492,0.458
674500,0.050,0.594,0.356
675000,0.050,0.452,0.498
675500,0.050,0.459,0.491
676000,0.050,0.530,0.420
676500,0.050,0.475,0.475
677000,0.050,0.431,0.519
677500,0.050,0.490,0.460
678000,0.050,0.501,0.449
678500,0.050,0.529,0.421
679000,0.050,0.497,0.453
679500,0.050,0.454,0.496
680000,0.050,0.504,0.446
680500,0.050,0.485,0.465
681000,0.055,0.380,0.565
681500,0.051,0.434,0.515
682000,0.054,0.372,0.574
682500,0.050,0.426,0.524
683000,0.050,0.392,0.558
683500,0.050,0.474,0.476
684000,0.050,0.477,0.473
684500,0.050,0.513,0.437
685000,0.050,0.542,0.408
685500,0.050,0.509,0.441
686000,0.050,0.444,0.506
686500,0.050,0.550,0.400
687000,0.050,0.529,0.421
687500,0.050,0.485,0.465
688000,0.050,0.514,0.436
688500,0.050,0.480,0.470
689000,0.050,0.506,0.444
689500,0.050,0.473,0.477
690000,0.050,0.484,0.466
690500,0.050,0.504,0.446
691000,0.050,0.460,0.490
691500,0.050,0.554,0.396
692000,0.050,0.416,0.534
692500,0.051,0.518,0.431
693000,0.050,0.427,0.523
693500,0.050,0.411,0.539
694000,0.050,0.431,0.519
694500,0.050,0.446,0.504
695000,0.050,0.453,0.497
695500,0.050,0.489,0.461
696000,0.050,0.540,0.410
696500,0.050,0.349,0.601
697000,0.050,0.542,0.408
697500,0.050,0.443,0.507
698000,0.050,0.421,0.529
698500,0.050,0.431,0.519
699000,0.050,0.476,0.474
699500,0.050,0.489,0.461
700000,0.050,0.479,0.471
700500,0.050,0.534,0.416
701000,0.050,0.459,0.491
701500,0.050,0.409,0.541
702000,0.050,0.415,0.535
702500,0.050,0.519,0.431
703000,0.050,0.428,0.522
703500,0.050,0.428,0.522
704000,0.050,0.476,0.474
704500,0.057,0.336,0.607
705000,0.050,0.510,0.440
705500,0.050,0.493,0.457
706000,0.050,0.504,0.446
706500,0.050,0.603,0.347
707000,0.050,0.521,0.429
707500,0.050,0.443,0.507
708000,0.050,0.405,0.545
708500,0.050,0.457,0.493
709000,0.050,0.476,0.474
709500,0.050,0.490,0.460
710000,0.051,0.558,0.391
710500,0.050,0.539,0.411
711000,0.050,0.550,0.400
711500,0.050,0.521,0.429
712000,0.050,0.422,0.528
712500,0.050,0.418,0.532
713000,0.050,0.409,0.541
713500,0.051,0.407,0.542
714000,0.050,0.459,0.491
714500,0.050,0.471,0.479
715000,0.050,0.364,0.586
715500,0.051,0.400,0.549
716000,0.050,0.488,0.462
716500,0.050,0.452,0.498
717000,0.050,0.514,0.436
717500,0.050,0.400,0.550
718000,0.050,0.543,0.407
718500,0.050,0.534,0.416
719000,0.050,0.609,0.341
719500,0.050,0.506,0.444
720000,0.050,0.463,0.487
720500,0.050,0.434,0.516
721000,0.050,0.570,0.380
721500,0.050,0.541,0.409
722000,0.050,0.406,0.544
722500,0.050,0.450,0.500
723000,0.050,0.467,0.483
723500,0.050,0.515,0.435
724000,0.052,0.345,0.603
724500,0.050,0.367,0.583
725000,0.051,0.469,0.480
725500,0.050,0.566,0.384
726000,0.050,0.421,0.529
726500,0.050,0.440,0.510
727000,0.050,0.642,0.308
727500,0.050,0.538,0.412
728000,0.050,0.514,0.436
728500,0.050,0.467,0.483
729000,0.050,0.494,0.456
729500,0.050,0.466,0.484
730000,0.050,0.488,0.462
730500,0.050,0.478,0.472
731000,0.050,0.506,0.444
731500,0.050,0.496,0.454
732000,0.050,0.464,0.486
732500,0.050,0.529,0.421
733000,0.050,0.531,0.419
733500,0.050,0.506,0.444
734000,0.050,0.420,0.530
734500,0.050,0.408,0.542
735000,0.050,0.571,0.379
735500,0.050,0.437,0.513
736000,0.050,0.482,0.468
736500,0.050,0.420,0.530
737000,0.050,0.516,0.434
737500,0.050,0.438,0.512
738000,0.050,0.471,0.479
738500,0.050,0.363,0.587
739000,0.050,0.436,0.514
739500,0.050,0.493,0.457
740000,0.050,0.560,0.390
740500,0.050,0.634,0.316
741000,0.050,0.485,0.465
741500,0.050,0.500,0.450
742000,0.050,0.505,0.445
742500,0.050,0.440,0.510
743000,0.050,0.417,0.533
743500,0.050,0.468,0.482
744000,0.050,0.536,0.414
744500,0.050,0.501,0.449
745000,0.050,0.549,0.401
745500,0.050,0.451,0.499
746000,0.050,0.389,0.561
746500,0.050,0.432,0.518
747000,0.050,0.478,0.472
747500,0.050,0.533,0.417
748000,0.050,0.513,0.437
748500,0.050,0.606,0.344
749000,0.050,0.433,0.517
749500,0.050,0.542,0.408
750000,0.050,0.512,0.438
750500,0.050,0.595,0.355
751000,0.050,0.383,0.567
751500,0.050,0.528,0.422
752000,0.050,0.557,0.393
752500,0.050,0.502,0.448
753000,0.050,0.520,0.430
753500,0.050,0.607,0.343
754000,0.050,0.561,0.389
754500,0.050,0.566,0.384
755000,0.050,0.511,0.439
755500,0.050,0.476,0.474
756000,0.050,0.444,0.506
756500,0.050,0.528,0.422
757000,0.050,0.523,0.427
757500,0.050,0.402,0.548
758000,0.050,0.432,0.518
758500,0.050,0.397,0.553
759000,0.050,0.376,0.574
759500,0.050,0.504,0.446
760000,0.050,0.494,0.456
760500,0.050,0.517,0.433
761000,0.050,0.453,0.497
761500,0.050,0.547,0.403
762000,0.050,0.643,0.307
762500,0.050,0.456,0.494
763000,0.050,0.427,0.523
763500,0.050,0.385,0.565
764000,0.050,0.385,0.565
764500,0.050,0.475,0.475
765000,0.050,0.511,0.439
765500,0.050,0.414,0.536
766000,0.050,0.461,0.489
766500,0.050,0.535,0.415
767000,0.050,0.503,0.447
767500,0.050,0.476,0.474
768000,0.050,0.482,0.468
768500,0.050,0.564,0.386
769000,0.050,0.422,0.528
769500,0.050,0.372,0.578
770000,0.050,0.500,0.450
770500,0.050,0.478,0.472
771000,0.050,0.460,0.490
771500,0.058,0.430,0.512
772000,0.050,0.460,0.490
772500,0.050,0.428,0.522
773000,0.050,0.397,0.553
773500,0.050,0.499,0.451
774000,0.050,0.505,0.445
774500,0.050,0.491,0.459
775000,0.050,0.493,0.457
775500,0.050,0.495,0.455
776000,0.050,0.508,0.442
776500,0.050,0.480,0.470
777000,0.050,0.492,0.458
777500,0.050,0.419,0.531
778000,0.050,0.435,0.515
778500,0.050,0.438,0.512
779000,0.050,0.409,0.541
779500,0.050,0.506,0.444
780000,0.050,0.504,0.446
780500,0.050,0.486,0.464
781000,0.050,0.488,0.462
781500,0.050,0.493,0.457
782000,0.050,0.544,0.406
782500,0.050,0.453,0.497
783000,0.051,0.379,0.570
783500,0.050,0.405,0.545
784000,0.050,0.434,0.516
784500,0.050,0.482,0.468
785000,0.050,0.497,0.453
785500,0.050,0.501,0.449
786000,0.050,0.560,0.390
786500,0.050,0.469,0.481
787000,0.050,0.585,0.365
787500,0.050,0.525,0.425
788000,0.050,0.584,0.366
788500,0.050,0.518,0.432
789000,0.050,0.463,0.487
789500,0.050,0.500,0.450
790000,0.063,0.456,0.481
790500,0.050,0.436,0.514
791000,0.050,0.468,0.482
791500,0.050,0.433,0.517
792000,0.050,0.510,0.440
792500,0.050,0.487,0.463
793000,0.050,0.495,0.455
793500,0.050,0.501,0.449
794000,0.050,0.498,0.452
794500,0.050,0.470,0.480
795000,0.050,0.563,0.387
795500,0.050,0.490,0.460
796000,0.050,0.568,0.382
796500,0.050,0.451,0.499
797000,0.050,0.426,0.524
797500,0.050,0.428,0.522
798000,0.050,0.453,0.497
798500,0.050,0.425,0.525
799000,0.050,0.367,0.583
799500,0.050,0.424,0.526
800000,0.050,0.485,0.465
800500,0.050,0.410,0.540
801000,0.050,0.501,0.449
801500,0.050,0.493,0.457
802000,0.050,0.442,0.508
802500,0.050,0.413,0.537
803000,0.050,0.375,0.575
803500,0.050,0.546,0.404
804000,0.050,0.652,0.298
804500,0.050,0.484,0.466
805000,0.050,0.364,0.586
805500,0.052,0.349,0.599
806000,0.050,0.435,0.515
806500,0.050,0.484,0.466
807000,0.050,0.551,0.399
807500,0.050,0.473,0.477
808000,0.055,0.314,0.631
808500,0.050,0.415,0.535
809000,0.050,0.504,0.446
809500,0.050,0.456,0.494
810000,0.050,0.491,0.459
810500,0.050,0.362,0.588
811000,0.050,0.467,0.483
811500,0.050,0.628,0.322
812000,0.050,0.473,0.477
812500,0.050,0.453,0.497
813000,0.050,0.483,0.467
813500,0.050,0.598,0.352
814000,0.050,0.586,0.364
814500,0.050,0.465,0.485
815000,0.050,0.528,0.422
815500,0.050,0.453,0.497
816000,0.050,0.547,0.403
816500,0.050,0.537,0.413
817000,0.055,0.370,0.575
817500,0.050,0.445,0.505
818000,0.050,0.492,0.458
818500,0.050,0.370,0.580
819000,0.050,0.405,0.545
819500,0.050,0.508,0.442
820000,0.050,0.476,0.474
820500,0.050,0.407,0.543
821000,0.050,0.538,0.412
821500,0.050,0.443,0.507
822000,0.050,0.438,0.512
822500,0.050,0.505,0.445
823000,0.050,0.413,0.537
823500,0.051,0.377,0.572
824000,0.050,0.427,0.523
824500,0.050,0.455,0.495
825000,0.050,0.454,0.496
825500,0.050,0.486,0.464
826000,0.050,0.485,0.465
826500,0.050,0.418,0.532
827000,0.050,0.531,0.419
827500,0.050,0.442,0.508
828000,0.050,0.574,0.376
828500,0.050,0.431,0.519
829000,0.050,0.446,0.504
829500,0.050,0.591,0.359
830000,0.050,0.433,0.517
830500,0.050,0.475,0.475
831000,0.050,0.439,0.511
831500,0.050,0.559,0.391
832000,0.050,0.521,0.429
832500,0.050,0.556,0.394
833000,0.050,0.439,0.511
833500,0.050,0.491,0.459
834000,0.050,0.410,0.540
834500,0.050,0.531,0.419
835000,0.050,0.569,0.381
835500,0.050,0.523,0.427
836000,0.050,0.438,0.512
836500,0.050,0.528,0.422
837000,0.050,0.419,0.531
837500,0.050,0.532,0.418
838000,0.050,0.443,0.507
838500,0.050,0.510,0.440
839000,0.050,0.440,0.510
839500,0.050,0.380,0.570
840000,0.050,0.497,0.453
840500,0.050,0.506,0.444
841000,0.050,0.485,0.465
841500,0.050,0.407,0.543
842000,0.050,0.473,0.477
842500,0.050,0.492,0.458
843000,0.050,0.440,0.510
843500,0.050,0.408,0.542
844000,0.050,0.452,0.498
844500,0.050,0.403,0.547
845000,0.050,0.355,0.595
845500,0.052,0.426,0.522
846000,0.050,0.356,0.594
846500,0.050,0.389,0.561
847000,0.062,0.307,0.631
847500,0.050,0.427,0.523
848000,0.050,0.471,0.479
848500,0.050,0.508,0.442
849000,0.050,0.472,0.478
849500,0.050,0.318,0.632
850000,0.050,0.485,0.465
850500,0.050,0.544,0.406
851000,0.050,0.605,0.345
851500,0.050,0.576,0.374
852000,0.050,0.552,0.398
852500,0.050,0.443,0.507
853000,0.050,0.501,0.449
853500,0.050,0.473,0.477
854000,0.050,0.553,0.397
854500,0.050,0.509,0.441
855000,0.050,0.549,0.401
855500,0.050,0.437,0.513
856000,0.050,0.516,0.434
856500,0.050,0.399,0.551
857000,0.050,0.483,0.467
857500,0.050,0.398,0.552
858000,0.050,0.470,0.480
858500,0.050,0.370,0.580
859000,0.050,0.508,0.442
859500,0.050,0.516,0.434
860000,0.050,0.505,0.445
860500,0.050,0.473,0.477
861000,0.050,0.495,0.455
861500,0.050,0.413,0.537
862000,0.050,0.485,0.465
862500,0.050,0.444,0.506
863000,0.050,0.634,0.316
863500,0.050,0.489,0.461
864000,0.050,0.461,0.489
864500,0.050,0.348,0.602
865000,0.050,0.427,0.523
865500,0.050,0.532,0.418
866000,0.050,0.476,0.474
866500,0.050,0.497,0.453
867000,0.050,0.408,0.542
867500,0.050,0.535,0.415
868000,0.050,0.499,0.451
868500,0.050,0.467,0.483
869000,0.050,0.445,0.505
869500,0.050,0.520,0.430
870000,0.050,0.555,0.395
870500,0.050,0.452,0.498
871000,0.050,0.511,0.439
871500,0.050,0.512,0.438
872000,0.050,0.602,0.348
872500,0.050,0.596,0.354
873000,0.050,0.571,0.379
873500,0.050,0.613,0.337
874000,0.050,0.585,0.365
874500,0.050,0.572,0.378
875000,0.050,0.511,0.439
875500,0.050,0.544,0.406
876000,0.050,0.530,0.420
876500,0.050,0.473,0.477
877000,0.050,0.477,0.473
877500,0.050,0.491,0.459
878000,0.050,0.456,0.494
878500,0.050,0.519,0.431
879000,0.058,0.355,0.587
879500,0.050,0.459,0.491
880000,0.050,0.473,0.477
880500,0.050,0.498,0.452
881000,0.050,0.591,0.359
881500,0.050,0.543,0.407
882000,0.050,0.554,0.396
882500,0.050,0.453,0.497
883000,0.050,0.482,0.468
883500,0.050,0.547,0.403
884000,0.050,0.527,0.423
884500,0.050,0.484,0.466
885000,0.050,0.505,0.445
885500,0.050,0.517,0.433
886000,0.050,0.584,0.366
886500,0.050,0.630,0.320
887000,0.050,0.515,0.435
887500,0.050,0.493,0.457
888000,0.050,0.455,0.495
888500,0.050,0.533,0.417
889000,0.050,0.446,0.504
889500,0.050,0.401,0.549
890000,0.050,0.491,0.459
890500,0.050,0.562,0.388
891000,0.050,0.538,0.412
891500,0.050,0.640,0.310
892000,0.050,0.515,0.435
892500,0.050,0.551,0.399
893000,0.050,0.559,0.391
893500,0.050,0.556,0.394
894000,0.050,0.523,0.427
894500,0.060,0.491,0.449
895000,0.050,0.533,0.417
895500,0.050,0.570,0.380
896000,0.050,0.528,0.422
896500,0.050,0.479,0.471
897000,0.050,0.493,0.457
897500,0.050,0.557,0.393
898000,0.050,0.439,0.511
898500,0.050,0.510,0.440
899000,0.050,0.533,0.417
899500,0.050,0.452,0.498
900000,0.050,0.431,0.519
900500,0.050,0.466,0.484
901000,0.050,0.443,0.507
901500,0.050,0.409,0.541
902000,0.050,0.474,0.476
902500,0.050,0.486,0.464
903000,0.050,0.509,0.441
903500,0.050,0.517,0.433
904000,0.050,0.442,0.508
904500,0.050,0.482,0.468
905000,0.050,0.472,0.478
905500,0.051,0.465,0.484
906000,0.050,0.517,0.433
906500,0.050,0.574,0.376
907000,0.050,0.419,0.531
907500,0.050,0.430,0.520
908000,0.050,0.439,0.511
908500,0.050,0.440,0.510
909000,0.050,0.481,0.469
909500,0.050,0.449,0.501
910000,0.050,0.460,0.490
910500,0.050,0.390,0.560
911000,0.050,0.402,0.548
911500,0.050,0.456,0.494
912000,0.050,0.448,0.502
912500,0.050,0.537,0.413
913000,0.050,0.614,0.336
913500,0.050,0.399,0.551
914000,0.050,0.474,0.476
914500,0.050,0.450,0.500
915000,0.050,0.467,0.483
915500,0.050,0.430,0.520
916000,0.050,0.434,0.516
916500,0.050,0.527,0.423
917000,0.050,0.536,0.414
917500,0.050,0.486,0.464
918000,0.050,0.471,0.479
918500,0.050,0.496,0.454
919000,0.050,0.452,0.498
919500,0.050,0.456,0.494
920000,0.050,0.563,0.387
920500,0.050,0.495,0.455
921000,0.050,0.566,0.384
921500,0.050,0.498,0.452
922000,0.050,0.495,0.455
922500,0.050,0.437,0.513
923000,0.050,0.460,0.490
923500,0.050,0.522,0.428
924000,0.050,0.427,0.523
924500,0.050,0.461,0.489
925000,0.050,0.400,0.550
925500,0.050,0.501,0.449
926000,0.050,0.405,0.545
926500,0.050,0.430,0.520
927000,0.050,0.453,0.497
927500,0.050,0.419,0.531
928000,0.050,0.492,0.458
928500,0.050,0.487,0.463
929000,0.050,0.538,0.412
929500,0.050,0.507,0.443
930000,0.050,0.509,0.441
930500,0.050,0.464,0.486
931000,0.050,0.433,0.517
931500,0.050,0.459,0.491
932000,0.050,0.501,0.449
932500,0.050,0.565,0.385
933000,0.050,0.538,0.412
933500,0.050,0.504,0.446
934000,0.050,0.555,0.395
934500,0.050,0.522,0.428
935000,0.050,0.461,0.489
935500,0.050,0.493,0.457
936000,0.050,0.477,0.473
936500,0.050,0.442,0.508
937000,0.050,0.405,0.545
937500,0.050,0.479,0.471
938000,0.050,0.492,0.458
938500,0.050,0.486,0.464
939000,0.050,0.466,0.484
939500,0.050,0.530,0.420
940000,0.050,0.478,0.472
940500,0.050,0.593,0.357
941000,0.059,0.406,0.535
941500,0.050,0.553,0.397
942000,0.050,0.509,0.441
942500,0.050,0.561,0.389
943000,0.050,0.523,0.427
943500,0.050,0.486,0.464
944000,0.050,0.519,0.431
944500,0.050,0.435,0.515
945000,0.050,0.527,0.423
945500,0.050,0.472,0.478
946000,0.050,0.545,0.405
946500,0.050,0.421,0.529
947000,0.050,0.523,0.427
947500,0.050,0.535,0.415
948000,0.050,0.591,0.359
948500,0.050,0.547,0.403
949000,0.050,0.540,0.410
949500,0.050,0.437,0.513
950000,0.058,0.369,0.573
950500,0.050,0.454,0.496
951000,0.050,0.458,0.492
951500,0.050,0.488,0.462
952000,0.050,0.523,0.427
952500,0.054,0.443,0.503
953000,0.050,0.388,0.562
953500,0.050,0.417,0.533
954000,0.050,0.421,0.529
954500,0.050,0.443,0.507
955000,0.050,0.544,0.406
955500,0.050,0.566,0.384
956000,0.050,0.497,0.453
956500,0.050,0.528,0.422
957000,0.050,0.482,0.468
957500,0.050,0.455,0.495
958000,0.050,0.424,0.526
958500,0.050,0.424,0.526
959000,0.050,0.423,0.527
959500,0.050,0.574,0.376
960000,0.050,0.475,0.475
960500,0.050,0.483,0.467
961000,0.050,0.518,0.432
961500,0.050,0.485,0.465
962000,0.050,0.395,0.555
962500,0.050,0.360,0.590
963000,0.055,0.473,0.472
963500,0.050,0.584,0.366
964000,0.050,0.607,0.343
964500,0.050,0.496,0.454
965000,0.050,0.507,0.443
965500,0.050,0.473,0.477
966000,0.050,0.428,0.522
966500,0.050,0.466,0.484
967000,0.050,0.543,0.407
967500,0.050,0.447,0.503
968000,0.050,0.470,0.480
968500,0.050,0.560,0.390
969000,0.050,0.571,0.379
969500,0.050,0.411,0.539
970000,0.050,0.383,0.567
970500,0.050,0.470,0.480
971000,0.050,0.534,0.416
971500,0.050,0.465,0.485
972000,0.051,0.448,0.501
972500,0.050,0.380,0.570
973000,0.050,0.502,0.448
973500,0.050,0.491,0.459
974000,0.050,0.540,0.410
974500,0.051,0.410,0.539
975000,0.050,0.435,0.515
975500,0.050,0.325,0.625
976000,0.050,0.487,0.463
976500,0.050,0.417,0.533
977000,0.050,0.419,0.531
977500,0.050,0.382,0.568
978000,0.050,0.476,0.474
978500,0.050,0.452,0.498
979000,0.050,0.417,0.533
979500,0.050,0.335,0.615
980000,0.050,0.461,0.489
980500,0.050,0.420,0.530
981000,0.050,0.565,0.385
981500,0.050,0.407,0.543
982000,0.050,0.532,0.418
982500,0.050,0.521,0.429
983000,0.050,0.467,0.483
983500,0.050,0.507,0.443
984000,0.050,0.508,0.442
984500,0.050,0.614,0.336
985000,0.050,0.462,0.488
985500,0.050,0.496,0.454
986000,0.057,0.376,0.567
986500,0.050,0.511,0.439
987000,0.050,0.460,0.490
987500,0.050,0.493,0.457
988000,0.050,0.539,0.411
988500,0.050,0.515,0.435
989000,0.050,0.484,0.466
989500,0.050,0.441,0.509
990000,0.050,0.521,0.429
990500,0.050,0.482,0.468
991000,0.050,0.550,0.400
991500,0.050,0.596,0.354
992000,0.050,0.464,0.486
992500,0.050,0.458,0.492
993000,0.056,0.419,0.525
993500,0.050,0.429,0.521
994000,0.050,0.381,0.569
994500,0.052,0.419,0.529
995000,0.050,0.361,0.589
995500,0.050,0.446,0.504
996000,0.050,0.427,0.523
996500,0.050,0.368,0.582
997000,0.051,0.492,0.457
997500,0.050,0.495,0.455
998000,0.050,0.477,0.473
998500,0.050,0.507,0.443
999000,0.050,0.535,0.415
999500,0.050,0.502,0.448
1000000,0.050,0.428,0.522
