time,n_A+p,n_B,n_AB
500,0.010,0.990,0.000
1000,0.010,0.973,0.017
1500,0.010,0.921,0.069
2000,0.010,0.890,0.100
2500,0.010,0.934,0.056
3000,0.010,0.990,0.000
3500,0.010,0.965,0.025
4000,0.010,0.990,0.000
4500,0.010,0.972,0.018
5000,0.010,0.986,0.004
5500,0.010,0.960,0.030
6000,0.010,0.985,0.005
6500,0.010,0.974,0.016
7000,0.010,0.957,0.033
7500,0.010,0.989,0.001
8000,0.010,0.961,0.029
8500,0.010,0.964,0.026
9000,0.010,0.969,0.021
9500,0.010,0.916,0.074
10000,0.010,0.959,0.031
10500,0.010,0.990,0.000
11000,0.010,0.946,0.044
11500,0.010,0.891,0.099
12000,0.010,0.958,0.032
12500,0.010,0.984,0.006
13000,0.010,0.975,0.015
13500,0.010,0.927,0.063
14000,0.010,0.962,0.028
14500,0.010,0.990,0.000
15000,0.010,0.962,0.028
15500,0.010,0.843,0.147
16000,0.010,0.984,0.006
16500,0.010,0.989,0.001
17000,0.010,0.990,0.000
17500,0.010,0.954,0.036
18000,0.010,0.913,0.077
18500,0.010,0.943,0.047
19000,0.010,0.986,0.004
19500,0.010,0.986,0.004
20000,0.010,0.970,0.020
20500,0.010,0.954,0.036
21000,0.010,0.942,0.048
21500,0.010,0.990,0.000
22000,0.010,0.898,0.092
22500,0.010,0.935,0.055
23000,0.010,0.951,0.039
23500,0.010,0.988,0.002
24000,0.010,0.967,0.023
24500,0.010,0.973,0.017
25000,0.010,0.946,0.044
25500,0.010,0.975,0.015
26000,0.010,0.978,0.012
26500,0.010,0.981,0.009
27000,0.010,0.990,0.000
27500,0.010,0.950,0.040
28000,0.010,0.941,0.049
28500,0.010,0.929,0.061
29000,0.010,0.852,0.138
29500,0.010,0.968,0.022
30000,0.010,0.962,0.028
30500,0.010,0.952,0.038
31000,0.010,0.946,0.044
31500,0.010,0.965,0.025
32000,0.010,0.984,0.006
32500,0.010,0.985,0.005
33000,0.010,0.988,0.002
33500,0.010,0.989,0.001
34000,0.010,0.975,0.015
34500,0.010,0.957,0.033
35000,0.010,0.990,0.000
35500,0.010,0.961,0.029
36000,0.010,0.968,0.022
36500,0.010,0.990,0.000
37000,0.010,0.925,0.065
37500,0.010,0.988,0.002
38000,0.010,0.988,0.002
38500,0.010,0.928,0.062
39000,0.010,0.929,0.061
39500,0.010,0.979,0.011
40000,0.010,0.909,0.081
40500,0.010,0.978,0.012
41000,0.010,0.988,0.002
41500,0.010,0.988,0.002
42000,0.010,0.934,0.056
42500,0.010,0.894,0.096
43000,0.010,0.880,0.110
43500,0.010,0.986,0.004
44000,0.010,0.962,0.028
44500,0.010,0.990,0.000
45000,0.010,0.986,0.004
45500,0.010,0.982,0.008
46000,0.010,0.990,0.000
46500,0.010,0.951,0.039
47000,0.010,0.989,0.001
47500,0.010,0.960,0.030
48000,0.010,0.971,0.019
48500,0.010,0.889,0.101
49000,0.010,0.980,0.010
49500,0.010,0.979,0.011
50000,0.010,0.932,0.058
50500,0.010,0.959,0.031
51000,0.010,0.952,0.038
51500,0.010,0.962,0.028
52000,0.010,0.923,0.067
52500,0.010,0.953,0.037
53000,0.010,0.951,0.039
53500,0.010,0.967,0.023
54000,0.010,0.984,0.006
54500,0.010,0.984,0.006
55000,0.010,0.963,0.027
55500,0.010,0.967,0.023
56000,0.010,0.907,0.083
56500,0.010,0.985,0.005
57000,0.010,0.940,0.050
57500,0.010,0.921,0.069
58000,0.010,0.973,0.017
58500,0.010,0.989,0.001
59000,0.010,0.986,0.004
59500,0.010,0.990,0.000
60000,0.010,0.940,0.050
60500,0.010,0.942,0.048
61000,0.010,0.970,0.020
61500,0.010,0.968,0.022
62000,0.010,0.851,0.139
62500,0.010,0.987,0.003
63000,0.010,0.893,0.097
63500,0.010,0.938,0.052
64000,0.010,0.989,0.001
64500,0.010,0.929,0.061
65000,0.010,0.988,0.002
65500,0.010,0.949,0.041
66000,0.010,0.958,0.032
66500,0.010,0.967,0.023
67000,0.010,0.901,0.089
67500,0.010,0.898,0.092
68000,0.010,0.967,0.023
68500,0.010,0.901,0.089
69000,0.010,0.930,0.060
69500,0.010,0.990,0.000
70000,0.010,0.987,0.003
70500,0.010,0.881,0.109
71000,0.010,0.950,0.040
71500,0.010,0.956,0.034
72000,0.010,0.989,0.001
72500,0.010,0.964,0.026
73000,0.010,0.984,0.006
73500,0.010,0.926,0.064
74000,0.010,0.959,0.031
74500,0.010,0.973,0.017
75000,0.010,0.886,0.104
75500,0.010,0.906,0.084
76000,0.010,0.912,0.078
76500,0.010,0.990,0.000
77000,0.010,0.978,0.012
77500,0.010,0.973,0.017
78000,0.010,0.988,0.002
78500,0.010,0.975,0.015
79000,0.010,0.960,0.030
79500,0.010,0.969,0.021
80000,0.010,0.990,0.000
80500,0.010,0.989,0.001
81000,0.010,0.977,0.013
81500,0.010,0.979,0.011
82000,0.010,0.923,0.067
82500,0.010,0.958,0.032
83000,0.010,0.960,0.030
83500,0.010,0.851,0.139
84000,0.010,0.989,0.001
84500,0.010,0.961,0.029
85000,0.010,0.980,0.010
85500,0.010,0.940,0.050
86000,0.010,0.963,0.027
86500,0.010,0.909,0.081
87000,0.010,0.966,0.024
87500,0.010,0.989,0.001
88000,0.010,0.979,0.011
88500,0.010,0.851,0.139
89000,0.010,0.979,0.011
89500,0.010,0.974,0.016
90000,0.010,0.934,0.056
90500,0.010,0.989,0.001
91000,0.010,0.878,0.112
91500,0.010,0.964,0.026
92000,0.010,0.932,0.058
92500,0.010,0.948,0.042
93000,0.010,0.990,0.000
93500,0.010,0.957,0.033
94000,0.010,0.988,0.002
94500,0.010,0.977,0.013
95000,0.010,0.983,0.007
95500,0.010,0.936,0.054
96000,0.010,0.966,0.024
96500,0.010,0.990,0.000
97000,0.010,0.990,0.000
97500,0.010,0.904,0.086
98000,0.010,0.966,0.024
98500,0.010,0.882,0.108
99000,0.010,0.985,0.005
99500,0.010,0.964,0.026
100000,0.010,0.978,0.012
100500,0.010,0.954,0.036
101000,0.010,0.962,0.028
101500,0.010,0.987,0.003
102000,0.010,0.980,0.010
102500,0.010,0.970,0.020
103000,0.010,0.967,0.023
103500,0.010,0.908,0.082
104000,0.010,0.989,0.001
104500,0.010,0.967,0.023
105000,0.010,0.970,0.020
105500,0.010,0.990,0.000
106000,0.010,0.984,0.006
106500,0.010,0.990,0.000
107000,0.010,0.907,0.083
107500,0.010,0.990,0.000
108000,0.010,0.990,0.000
108500,0.010,0.987,0.003
109000,0.010,0.990,0.000
109500,0.010,0.926,0.064
110000,0.010,0.963,0.027
110500,0.010,0.950,0.040
111000,0.010,0.971,0.019
111500,0.010,0.968,0.022
112000,0.010,0.989,0.001
112500,0.010,0.988,0.002
113000,0.010,0.990,0.000
113500,0.010,0.969,0.021
114000,0.010,0.954,0.036
114500,0.010,0.896,0.094
115000,0.010,0.902,0.088
115500,0.010,0.978,0.012
116000,0.010,0.989,0.001
116500,0.010,0.928,0.062
117000,0.010,0.928,0.062
117500,0.010,0.989,0.001
118000,0.010,0.962,0.028
118500,0.010,0.984,0.006
119000,0.010,0.951,0.039
119500,0.010,0.852,0.138
120000,0.010,0.928,0.062
120500,0.010,0.956,0.034
121000,0.010,0.939,0.051
121500,0.010,0.986,0.004
122000,0.010,0.986,0.004
122500,0.010,0.988,0.002
123000,0.010,0.968,0.022
123500,0.010,0.980,0.010
124000,0.010,0.970,0.020
124500,0.010,0.920,0.070
125000,0.010,0.975,0.015
125500,0.010,0.990,0.000
126000,0.010,0.989,0.001
126500,0.010,0.980,0.010
127000,0.010,0.973,0.017
127500,0.010,0.990,0.000
128000,0.010,0.936,0.054
128500,0.010,0.971,0.019
129000,0.010,0.989,0.001
129500,0.010,0.987,0.003
130000,0.010,0.930,0.060
130500,0.010,0.939,0.051
131000,0.010,0.906,0.084
131500,0.010,0.989,0.001
132000,0.010,0.960,0.030
132500,0.010,0.926,0.064
133000,0.010,0.990,0.000
133500,0.010,0.968,0.022
134000,0.010,0.964,0.026
134500,0.010,0.919,0.071
135000,0.010,0.842,0.148
135500,0.010,0.989,0.001
136000,0.010,0.954,0.036
136500,0.010,0.990,0.000
137000,0.010,0.987,0.003
137500,0.010,0.975,0.015
138000,0.010,0.978,0.012
138500,0.010,0.893,0.097
139000,0.010,0.952,0.038
139500,0.010,0.939,0.051
140000,0.010,0.968,0.022
140500,0.010,0.968,0.022
141000,0.010,0.990,0.000
141500,0.010,0.906,0.084
142000,0.010,0.950,0.040
142500,0.010,0.964,0.026
143000,0.010,0.969,0.021
143500,0.010,0.970,0.020
144000,0.010,0.980,0.010
144500,0.010,0.981,0.009
145000,0.010,0.953,0.037
145500,0.010,0.947,0.043
146000,0.010,0.926,0.064
146500,0.010,0.810,0.180
147000,0.010,0.961,0.029
147500,0.010,0.990,0.000
148000,0.010,0.971,0.019
148500,0.010,0.898,0.092
149000,0.010,0.868,0.122
149500,0.010,0.919,0.071
150000,0.010,0.986,0.004
150500,0.010,0.989,0.001
151000,0.010,0.953,0.037
151500,0.010,0.949,0.041
152000,0.010,0.989,0.001
152500,0.010,0.930,0.060
153000,0.010,0.924,0.066
153500,0.010,0.965,0.025
154000,0.010,0.973,0.017
154500,0.010,0.944,0.046
155000,0.010,0.989,0.001
155500,0.010,0.967,0.023
156000,0.010,0.982,0.008
156500,0.010,0.807,0.183
157000,0.010,0.952,0.038
157500,0.010,0.971,0.019
158000,0.010,0.989,0.001
158500,0.010,0.956,0.034
159000,0.010,0.962,0.028
159500,0.010,0.945,0.045
160000,0.010,0.986,0.004
160500,0.010,0.988,0.002
161000,0.010,0.888,0.102
161500,0.010,0.983,0.007
162000,0.010,0.968,0.022
162500,0.010,0.919,0.071
163000,0.010,0.948,0.042
163500,0.010,0.987,0.003
164000,0.010,0.987,0.003
164500,0.010,0.904,0.086
165000,0.010,0.945,0.045
165500,0.010,0.965,0.025
166000,0.010,0.933,0.057
166500,0.010,0.963,0.027
167000,0.010,0.951,0.039
167500,0.010,0.944,0.046
168000,0.010,0.970,0.020
168500,0.010,0.961,0.029
169000,0.010,0.987,0.003
169500,0.010,0.920,0.070
170000,0.010,0.990,0.000
170500,0.010,0.930,0.060
171000,0.010,0.961,0.029
171500,0.010,0.947,0.043
172000,0.010,0.968,0.022
172500,0.010,0.918,0.072
173000,0.010,0.982,0.008
173500,0.010,0.990,0.000
174000,0.010,0.921,0.069
174500,0.010,0.922,0.068
175000,0.010,0.990,0.000
175500,0.010,0.983,0.007
176000,0.010,0.921,0.069
176500,0.010,0.947,0.043
177000,0.010,0.965,0.025
177500,0.010,0.990,0.000
178000,0.010,0.980,0.010
178500,0.010,0.751,0.239
179000,0.010,0.985,0.005
179500,0.010,0.967,0.023
180000,0.010,0.893,0.097
180500,0.010,0.990,0.000
181000,0.010,0.901,0.089
181500,0.010,0.961,0.029
182000,0.010,0.975,0.015
182500,0.010,0.944,0.046
183000,0.010,0.983,0.007
183500,0.010,0.990,0.000
184000,0.010,0.937,0.053
184500,0.010,0.969,0.021
185000,0.010,0.988,0.002
185500,0.010,0.979,0.011
186000,0.010,0.989,0.001
186500,0.010,0.966,0.024
187000,0.010,0.967,0.023
187500,0.010,0.978,0.012
188000,0.010,0.985,0.005
188500,0.010,0.956,0.034
189000,0.010,0.981,0.009
189500,0.010,0.981,0.009
190000,0.010,0.965,0.025
190500,0.010,0.898,0.092
191000,0.010,0.964,0.026
191500,0.010,0.987,0.003
192000,0.010,0.980,0.010
192500,0.010,0.989,0.001
193000,0.010,0.953,0.037
193500,0.010,0.985,0.005
194000,0.010,0.984,0.006
194500,0.010,0.987,0.003
195000,0.010,0.878,0.112
195500,0.010,0.982,0.008
196000,0.010,0.962,0.028
196500,0.010,0.932,0.058
197000,0.010,0.953,0.037
197500,0.010,0.968,0.022
198000,0.010,0.981,0.009
198500,0.010,0.940,0.050
199000,0.010,0.899,0.091
199500,0.010,0.952,0.038
200000,0.010,0.990,0.000
200500,0.010,0.864,0.126
201000,0.010,0.987,0.003
201500,0.010,0.950,0.040
202000,0.010,0.922,0.068
202500,0.010,0.963,0.027
203000,0.010,0.937,0.053
203500,0.010,0.966,0.024
204000,0.010,0.978,0.012
204500,0.010,0.964,0.026
205000,0.010,0.925,0.065
205500,0.010,0.960,0.030
206000,0.010,0.985,0.005
206500,0.010,0.949,0.041
207000,0.010,0.980,0.010
207500,0.010,0.990,0.000
208000,0.010,0.979,0.011
208500,0.010,0.962,0.028
209000,0.010,0.928,0.062
209500,0.010,0.990,0.000
210000,0.010,0.990,0.000
210500,0.010,0.979,0.011
211000,0.010,0.990,0.000
211500,0.010,0.990,0.000
212000,0.010,0.984,0.006
212500,0.010,0.979,0.011
213000,0.010,0.967,0.023
213500,0.010,0.869,0.121
214000,0.010,0.985,0.005
214500,0.010,0.940,0.050
215000,0.010,0.916,0.074
215500,0.010,0.980,0.010
216000,0.010,0.947,0.043
216500,0.010,0.952,0.038
217000,0.010,0.954,0.036
217500,0.010,0.968,0.022
218000,0.010,0.975,0.015
218500,0.010,0.951,0.039
219000,0.010,0.963,0.027
219500,0.010,0.916,0.074
220000,0.010,0.968,0.022
220500,0.010,0.929,0.061
221000,0.010,0.897,0.093
221500,0.010,0.893,0.097
222000,0.010,0.973,0.017
222500,0.010,0.989,0.001
223000,0.010,0.989,0.001
223500,0.010,0.966,0.024
224000,0.010,0.940,0.050
224500,0.010,0.945,0.045
225000,0.010,0.988,0.002
225500,0.010,0.988,0.002
226000,0.010,0.934,0.056
226500,0.010,0.952,0.038
227000,0.010,0.985,0.005
227500,0.010,0.963,0.027
228000,0.010,0.985,0.005
228500,0.010,0.955,0.035
229000,0.010,0.990,0.000
229500,0.010,0.922,0.068
230000,0.010,0.970,0.020
230500,0.010,0.947,0.043
231000,0.010,0.977,0.013
231500,0.010,0.977,0.013
232000,0.010,0.983,0.007
232500,0.010,0.934,0.056
233000,0.010,0.916,0.074
233500,0.010,0.990,0.000
234000,0.010,0.989,0.001
234500,0.010,0.982,0.008
235000,0.010,0.947,0.043
235500,0.010,0.953,0.037
236000,0.010,0.888,0.102
236500,0.010,0.970,0.020
237000,0.010,0.948,0.042
237500,0.010,0.978,0.012
238000,0.010,0.981,0.009
238500,0.010,0.974,0.016
239000,0.010,0.984,0.006
239500,0.010,0.990,0.000
240000,0.010,0.967,0.023
240500,0.010,0.933,0.057
241000,0.010,0.987,0.003
241500,0.010,0.925,0.065
242000,0.010,0.972,0.018
242500,0.010,0.990,0.000
243000,0.010,0.956,0.034
243500,0.010,0.986,0.004
244000,0.010,0.747,0.243
244500,0.010,0.969,0.021
245000,0.010,0.989,0.001
245500,0.010,0.981,0.009
246000,0.010,0.864,0.126
246500,0.010,0.938,0.052
247000,0.010,0.965,0.025
247500,0.010,0.847,0.143
248000,0.010,0.989,0.001
248500,0.010,0.973,0.017
249000,0.010,0.990,0.000
249500,0.010,0.990,0.000
250000,0.010,0.912,0.078
250500,0.010,0.976,0.014
251000,0.010,0.946,0.044
251500,0.010,0.982,0.008
252000,0.010,0.946,0.044
252500,0.010,0.988,0.002
253000,0.010,0.901,0.089
253500,0.010,0.983,0.007
254000,0.010,0.988,0.002
254500,0.010,0.989,0.001
255000,0.010,0.990,0.000
255500,0.010,0.988,0.002
256000,0.010,0.934,0.056
256500,0.010,0.908,0.082
257000,0.010,0.970,0.020
257500,0.010,0.902,0.088
258000,0.010,0.989,0.001
258500,0.010,0.916,0.074
259000,0.010,0.962,0.028
259500,0.010,0.989,0.001
260000,0.010,0.940,0.050
260500,0.010,0.978,0.012
261000,0.010,0.951,0.039
261500,0.010,0.989,0.001
262000,0.010,0.987,0.003
262500,0.010,0.948,0.042
263000,0.010,0.988,0.002
263500,0.010,0.941,0.049
264000,0.010,0.969,0.021
264500,0.010,0.928,0.062
265000,0.010,0.884,0.106
265500,0.010,0.990,0.000
266000,0.010,0.990,0.000
266500,0.010,0.983,0.007
267000,0.010,0.965,0.025
267500,0.010,0.968,0.022
268000,0.010,0.908,0.082
268500,0.010,0.967,0.023
269000,0.010,0.987,0.003
269500,0.010,0.938,0.052
270000,0.010,0.963,0.027
270500,0.010,0.914,0.076
271000,0.010,0.937,0.053
271500,0.010,0.986,0.004
272000,0.010,0.900,0.090
272500,0.010,0.990,0.000
273000,0.010,0.939,0.051
273500,0.010,0.968,0.022
274000,0.010,0.989,0.001
274500,0.010,0.984,0.006
275000,0.010,0.969,0.021
275500,0.010,0.936,0.054
276000,0.010,0.967,0.023
276500,0.010,0.954,0.036
277000,0.010,0.971,0.019
277500,0.010,0.943,0.047
278000,0.010,0.939,0.051
278500,0.010,0.951,0.039
279000,0.010,0.938,0.052
279500,0.010,0.977,0.013
280000,0.010,0.933,0.057
280500,0.010,0.980,0.010
281000,0.010,0.963,0.027
281500,0.010,0.952,0.038
282000,0.010,0.986,0.004
282500,0.010,0.916,0.074
283000,0.010,0.950,0.040
283500,0.010,0.969,0.021
284000,0.010,0.906,0.084
284500,0.010,0.986,0.004
285000,0.010,0.983,0.007
285500,0.010,0.989,0.001
286000,0.010,0.976,0.014
286500,0.010,0.974,0.016
287000,0.010,0.983,0.007
287500,0.010,0.990,0.000
288000,0.010,0.893,0.097
288500,0.010,0.962,0.028
289000,0.010,0.951,0.039
289500,0.010,0.952,0.038
290000,0.010,0.953,0.037
290500,0.010,0.883,0.107
291000,0.010,0.955,0.035
291500,0.010,0.978,0.012
292000,0.010,0.934,0.056
292500,0.010,0.990,0.000
293000,0.010,0.977,0.013
293500,0.010,0.909,0.081
294000,0.010,0.976,0.014
294500,0.010,0.932,0.058
295000,0.010,0.987,0.003
295500,0.010,0.956,0.034
296000,0.010,0.988,0.002
296500,0.010,0.951,0.039
297000,0.010,0.973,0.017
297500,0.010,0.978,0.012
298000,0.010,0.971,0.019
298500,0.010,0.974,0.016
299000,0.010,0.958,0.032
299500,0.010,0.968,0.022
300000,0.010,0.988,0.002
300500,0.010,0.978,0.012
301000,0.010,0.911,0.079
301500,0.010,0.926,0.064
302000,0.010,0.924,0.066
302500,0.010,0.963,0.027
303000,0.010,0.905,0.085
303500,0.010,0.988,0.002
304000,0.010,0.940,0.050
304500,0.010,0.971,0.019
305000,0.010,0.937,0.053
305500,0.010,0.988,0.002
306000,0.010,0.928,0.062
306500,0.010,0.984,0.006
307000,0.010,0.983,0.007
307500,0.010,0.979,0.011
308000,0.010,0.965,0.025
308500,0.010,0.927,0.063
309000,0.010,0.951,0.039
309500,0.010,0.986,0.004
310000,0.010,0.964,0.026
310500,0.010,0.960,0.030
311000,0.010,0.990,0.000
311500,0.010,0.904,0.086
312000,0.010,0.985,0.005
312500,0.010,0.990,0.000
313000,0.010,0.946,0.044
313500,0.010,0.966,0.024
314000,0.010,0.979,0.011
314500,0.010,0.989,0.001
315000,0.010,0.985,0.005
315500,0.010,0.978,0.012
316000,0.010,0.952,0.038
316500,0.010,0.941,0.049
317000,0.010,0.900,0.090
317500,0.010,0.968,0.022
318000,0.010,0.949,0.041
318500,0.010,0.987,0.003
319000,0.010,0.865,0.125
319500,0.010,0.979,0.011
320000,0.010,0.930,0.060
320500,0.010,0.977,0.013
321000,0.010,0.981,0.009
321500,0.010,0.970,0.020
322000,0.010,0.980,0.010
322500,0.010,0.913,0.077
323000,0.010,0.975,0.015
323500,0.010,0.990,0.000
324000,0.010,0.980,0.010
324500,0.010,0.955,0.035
325000,0.010,0.965,0.025
325500,0.010,0.989,0.001
326000,0.010,0.913,0.077
326500,0.010,0.968,0.022
327000,0.010,0.977,0.013
327500,0.010,0.825,0.165
328000,0.010,0.986,0.004
328500,0.010,0.967,0.023
329000,0.010,0.976,0.014
329500,0.010,0.990,0.000
330000,0.010,0.985,0.005
330500,0.010,0.958,0.032
331000,0.010,0.971,0.019
331500,0.010,0.971,0.019
332000,0.010,0.968,0.022
332500,0.010,0.935,0.055
333000,0.010,0.978,0.012
333500,0.010,0.877,0.113
334000,0.010,0.921,0.069
334500,0.010,0.950,0.040
335000,0.010,0.957,0.033
335500,0.010,0.989,0.001
336000,0.010,0.956,0.034
336500,0.010,0.978,0.012
337000,0.010,0.981,0.009
337500,0.010,0.938,0.052
338000,0.010,0.846,0.144
338500,0.010,0.953,0.037
339000,0.010,0.939,0.051
339500,0.010,0.963,0.027
340000,0.010,0.953,0.037
340500,0.010,0.979,0.011
341000,0.010,0.928,0.062
341500,0.010,0.988,0.002
342000,0.010,0.950,0.040
342500,0.010,0.958,0.032
343000,0.010,0.988,0.002
343500,0.010,0.943,0.047
344000,0.010,0.979,0.011
344500,0.010,0.876,0.114
345000,0.010,0.984,0.006
345500,0.010,0.960,0.030
346000,0.010,0.981,0.009
346500,0.010,0.958,0.032
347000,0.010,0.903,0.087
347500,0.010,0.905,0.085
348000,0.010,0.890,0.100
348500,0.010,0.951,0.039
349000,0.010,0.916,0.074
349500,0.010,0.989,0.001
350000,0.010,0.979,0.011
350500,0.010,0.987,0.003
351000,0.010,0.989,0.001
351500,0.010,0.880,0.110
352000,0.010,0.946,0.044
352500,0.010,0.952,0.038
353000,0.010,0.967,0.023
353500,0.010,0.863,0.127
354000,0.010,0.990,0.000
354500,0.010,0.961,0.029
355000,0.010,0.920,0.070
355500,0.010,0.965,0.025
356000,0.010,0.962,0.028
356500,0.010,0.869,0.121
357000,0.010,0.981,0.009
357500,0.010,0.969,0.021
358000,0.010,0.989,0.001
358500,0.010,0.971,0.019
359000,0.010,0.949,0.041
359500,0.010,0.953,0.037
360000,0.010,0.966,0.024
360500,0.010,0.937,0.053
361000,0.010,0.956,0.034
361500,0.010,0.949,0.041
362000,0.010,0.981,0.009
362500,0.010,0.970,0.020
363000,0.010,0.969,0.021
363500,0.010,0.983,0.007
364000,0.010,0.968,0.022
364500,0.010,0.988,0.002
365000,0.010,0.907,0.083
365500,0.010,0.944,0.046
366000,0.010,0.987,0.003
366500,0.010,0.973,0.017
367000,0.010,0.916,0.074
367500,0.010,0.979,0.011
368000,0.010,0.954,0.036
368500,0.010,0.961,0.029
369000,0.010,0.972,0.018
369500,0.010,0.871,0.119
370000,0.010,0.948,0.042
370500,0.010,0.954,0.036
371000,0.010,0.949,0.041
371500,0.010,0.940,0.050
372000,0.010,0.971,0.019
372500,0.010,0.986,0.004
373000,0.010,0.949,0.041
373500,0.010,0.988,0.002
374000,0.010,0.971,0.019
374500,0.010,0.940,0.050
375000,0.010,0.924,0.066
375500,0.010,0.909,0.081
376000,0.010,0.980,0.010
376500,0.010,0.952,0.038
377000,0.010,0.874,0.116
377500,0.010,0.990,0.000
378000,0.010,0.968,0.022
378500,0.010,0.959,0.031
379000,0.010,0.963,0.027
379500,0.010,0.925,0.065
380000,0.010,0.981,0.009
380500,0.010,0.979,0.011
381000,0.010,0.876,0.114
381500,0.010,0.873,0.117
382000,0.010,0.980,0.010
382500,0.010,0.964,0.026
383000,0.010,0.948,0.042
383500,0.010,0.938,0.052
384000,0.010,0.968,0.022
384500,0.010,0.989,0.001
385000,0.010,0.973,0.017
385500,0.010,0.984,0.006
386000,0.010,0.875,0.115
386500,0.010,0.990,0.000
387000,0.010,0.964,0.026
387500,0.010,0.958,0.032
388000,0.010,0.952,0.038
388500,0.010,0.966,0.024
389000,0.010,0.978,0.012
389500,0.010,0.990,0.000
390000,0.010,0.953,0.037
390500,0.010,0.987,0.003
391000,0.010,0.909,0.081
391500,0.010,0.948,0.042
392000,0.010,0.814,0.176
392500,0.010,0.954,0.036
393000,0.010,0.830,0.160
393500,0.010,0.893,0.097
394000,0.010,0.902,0.088
394500,0.010,0.987,0.003
395000,0.010,0.928,0.062
395500,0.010,0.982,0.008
396000,0.010,0.782,0.208
396500,0.010,0.979,0.011
397000,0.010,0.954,0.036
397500,0.010,0.953,0.037
398000,0.010,0.964,0.026
398500,0.010,0.946,0.044
399000,0.010,0.935,0.055
399500,0.010,0.990,0.000
400000,0.010,0.987,0.003
400500,0.010,0.983,0.007
401000,0.010,0.961,0.029
401500,0.010,0.904,0.086
402000,0.010,0.923,0.067
402500,0.010,0.955,0.035
403000,0.010,0.990,0.000
403500,0.010,0.988,0.002
404000,0.010,0.984,0.006
404500,0.010,0.906,0.084
405000,0.010,0.945,0.045
405500,0.010,0.922,0.068
406000,0.010,0.921,0.069
406500,0.010,0.973,0.017
407000,0.010,0.979,0.011
407500,0.010,0.877,0.113
408000,0.010,0.958,0.032
408500,0.010,0.981,0.009
409000,0.010,0.980,0.010
409500,0.010,0.985,0.005
410000,0.010,0.965,0.025
410500,0.010,0.969,0.021
411000,0.010,0.948,0.042
411500,0.010,0.953,0.037
412000,0.010,0.893,0.097
412500,0.010,0.973,0.017
413000,0.010,0.963,0.027
413500,0.010,0.990,0.000
414000,0.010,0.784,0.206
414500,0.010,0.912,0.078
415000,0.010,0.976,0.014
415500,0.010,0.981,0.009
416000,0.010,0.958,0.032
416500,0.010,0.923,0.067
417000,0.010,0.949,0.041
417500,0.010,0.968,0.022
418000,0.010,0.960,0.030
418500,0.010,0.929,0.061
419000,0.010,0.821,0.169
419500,0.010,0.951,0.039
420000,0.010,0.987,0.003
420500,0.010,0.990,0.000
421000,0.010,0.948,0.042
421500,0.010,0.944,0.046
422000,0.010,0.971,0.019
422500,0.010,0.958,0.032
423000,0.010,0.957,0.033
423500,0.010,0.983,0.007
424000,0.010,0.990,0.000
424500,0.010,0.990,0.000
425000,0.010,0.913,0.077
425500,0.010,0.918,0.072
426000,0.010,0.981,0.009
426500,0.010,0.957,0.033
427000,0.010,0.982,0.008
427500,0.010,0.990,0.000
428000,0.010,0.979,0.011
428500,0.010,0.988,0.002
429000,0.010,0.924,0.066
429500,0.010,0.989,0.001
430000,0.010,0.969,0.021
430500,0.010,0.936,0.054
431000,0.010,0.971,0.019
431500,0.010,0.978,0.012
432000,0.010,0.961,0.029
432500,0.010,0.890,0.100
433000,0.010,0.986,0.004
433500,0.010,0.955,0.035
434000,0.010,0.986,0.004
434500,0.010,0.928,0.062
435000,0.010,0.971,0.019
435500,0.010,0.990,0.000
436000,0.010,0.990,0.000
436500,0.010,0.946,0.044
437000,0.010,0.974,0.016
437500,0.010,0.951,0.039
438000,0.010,0.990,0.000
438500,0.010,0.840,0.150
439000,0.010,0.942,0.048
439500,0.010,0.865,0.125
440000,0.010,0.976,0.014
440500,0.010,0.990,0.000
441000,0.010,0.913,0.077
441500,0.010,0.982,0.008
442000,0.010,0.990,0.000
442500,0.010,0.973,0.017
443000,0.010,0.977,0.013
443500,0.010,0.905,0.085
444000,0.010,0.990,0.000
444500,0.010,0.982,0.008
445000,0.010,0.976,0.014
445500,0.010,0.977,0.013
446000,0.010,0.875,0.115
446500,0.010,0.974,0.016
447000,0.010,0.982,0.008
447500,0.010,0.990,0.000
448000,0.010,0.990,0.000
448500,0.010,0.950,0.040
449000,0.010,0.961,0.029
449500,0.010,0.872,0.118
450000,0.010,0.977,0.013
450500,0.010,0.978,0.012
451000,0.010,0.976,0.014
451500,0.010,0.964,0.026
452000,0.010,0.990,0.000
452500,0.010,0.970,0.020
453000,0.010,0.946,0.044
453500,0.010,0.934,0.056
454000,0.010,0.987,0.003
454500,0.010,0.990,0.000
455000,0.010,0.964,0.026
455500,0.010,0.950,0.040
456000,0.010,0.979,0.011
456500,0.010,0.963,0.027
457000,0.010,0.933,0.057
457500,0.010,0.941,0.049
458000,0.010,0.966,0.024
458500,0.010,0.989,0.001
459000,0.010,0.988,0.002
459500,0.010,0.976,0.014
460000,0.010,0.907,0.083
460500,0.010,0.926,0.064
461000,0.010,0.980,0.010
461500,0.010,0.898,0.092
462000,0.010,0.929,0.061
462500,0.010,0.976,0.014
463000,0.010,0.923,0.067
463500,0.010,0.987,0.003
464000,0.010,0.983,0.007
464500,0.010,0.941,0.049
465000,0.010,0.984,0.006
465500,0.010,0.932,0.058
466000,0.010,0.987,0.003
466500,0.010,0.919,0.071
467000,0.010,0.953,0.037
467500,0.010,0.967,0.023
468000,0.010,0.984,0.006
468500,0.010,0.990,0.000
469000,0.010,0.974,0.016
469500,0.010,0.922,0.068
470000,0.010,0.985,0.005
470500,0.010,0.946,0.044
471000,0.010,0.988,0.002
471500,0.010,0.983,0.007
472000,0.010,0.975,0.015
472500,0.010,0.914,0.076
473000,0.010,0.983,0.007
473500,0.010,0.967,0.023
474000,0.010,0.916,0.074
474500,0.010,0.948,0.042
475000,0.010,0.927,0.063
475500,0.010,0.965,0.025
476000,0.010,0.915,0.075
476500,0.010,0.923,0.067
477000,0.010,0.988,0.002
477500,0.010,0.979,0.011
478000,0.010,0.988,0.002
478500,0.010,0.988,0.002
479000,0.010,0.924,0.066
479500,0.010,0.981,0.009
480000,0.010,0.930,0.060
480500,0.010,0.986,0.004
481000,0.010,0.987,0.003
481500,0.010,0.931,0.059
482000,0.010,0.962,0.028
482500,0.010,0.954,0.036
483000,0.010,0.946,0.044
483500,0.010,0.973,0.017
484000,0.010,0.950,0.040
484500,0.010,0.937,0.053
485000,0.010,0.914,0.076
485500,0.010,0.986,0.004
486000,0.010,0.960,0.030
486500,0.010,0.928,0.062
487000,0.010,0.971,0.019
487500,0.010,0.980,0.010
488000,0.010,0.946,0.044
488500,0.010,0.952,0.038
489000,0.010,0.958,0.032
489500,0.010,0.852,0.138
490000,0.010,0.978,0.012
490500,0.010,0.990,0.000
491000,0.010,0.961,0.029
491500,0.010,0.985,0.005
492000,0.010,0.962,0.028
492500,0.010,0.990,0.000
493000,0.010,0.915,0.075
493500,0.010,0.967,0.023
494000,0.010,0.916,0.074
494500,0.010,0.958,0.032
495000,0.010,0.941,0.049
495500,0.010,0.984,0.006
496000,0.010,0.990,0.000
496500,0.010,0.935,0.055
497000,0.010,0.935,0.055
497500,0.010,0.966,0.024
498000,0.010,0.899,0.091
498500,0.010,0.835,0.155
499000,0.010,0.889,0.101
499500,0.010,0.983,0.007
500000,0.010,0.990,0.000
500500,0.010,0.983,0.007
501000,0.010,0.897,0.093
501500,0.010,0.916,0.074
502000,0.010,0.958,0.032
502500,0.010,0.955,0.035
503000,0.010,0.924,0.066
503500,0.010,0.990,0.000
504000,0.010,0.969,0.021
504500,0.010,0.965,0.025
505000,0.010,0.949,0.041
505500,0.010,0.988,0.002
506000,0.010,0.985,0.005
506500,0.010,0.988,0.002
507000,0.010,0.927,0.063
507500,0.010,0.970,0.020
508000,0.010,0.959,0.031
508500,0.010,0.929,0.061
509000,0.010,0.888,0.102
509500,0.010,0.975,0.015
510000,0.010,0.977,0.013
510500,0.010,0.989,0.001
511000,0.010,0.965,0.025
511500,0.010,0.942,0.048
512000,0.010,0.987,0.003
512500,0.010,0.921,0.069
513000,0.010,0.940,0.050
513500,0.010,0.988,0.002
514000,0.010,0.964,0.026
514500,0.010,0.937,0.053
515000,0.010,0.957,0.033
515500,0.010,0.947,0.043
516000,0.010,0.979,0.011
516500,0.010,0.970,0.020
517000,0.010,0.990,0.000
517500,0.010,0.983,0.007
518000,0.010,0.912,0.078
518500,0.010,0.983,0.007
519000,0.010,0.967,0.023
519500,0.010,0.953,0.037
520000,0.010,0.979,0.011
520500,0.010,0.989,0.001
521000,0.010,0.977,0.013
521500,0.010,0.985,0.005
522000,0.010,0.989,0.001
522500,0.010,0.946,0.044
523000,0.010,0.987,0.003
523500,0.010,0.971,0.019
524000,0.010,0.960,0.030
524500,0.010,0.967,0.023
525000,0.010,0.954,0.036
525500,0.010,0.954,0.036
526000,0.010,0.981,0.009
526500,0.010,0.916,0.074
527000,0.010,0.951,0.039
527500,0.010,0.984,0.006
528000,0.010,0.982,0.008
528500,0.010,0.966,0.024
529000,0.010,0.973,0.017
529500,0.010,0.985,0.005
530000,0.010,0.951,0.039
530500,0.010,0.990,0.000
531000,0.010,0.979,0.011
531500,0.010,0.981,0.009
532000,0.010,0.975,0.015
532500,0.010,0.977,0.013
533000,0.010,0.920,0.070
533500,0.010,0.987,0.003
534000,0.010,0.982,0.008
534500,0.010,0.990,0.000
535000,0.010,0.986,0.004
535500,0.010,0.990,0.000
536000,0.010,0.955,0.035
536500,0.010,0.890,0.100
537000,0.010,0.985,0.005
537500,0.010,0.965,0.025
538000,0.010,0.966,0.024
538500,0.010,0.987,0.003
539000,0.010,0.972,0.018
539500,0.010,0.959,0.031
540000,0.010,0.955,0.035
540500,0.010,0.981,0.009
541000,0.010,0.955,0.035
541500,0.010,0.975,0.015
542000,0.010,0.990,0.000
542500,0.010,0.981,0.009
543000,0.010,0.976,0.014
543500,0.010,0.972,0.018
544000,0.010,0.986,0.004
544500,0.010,0.984,0.006
545000,0.010,0.972,0.018
545500,0.010,0.909,0.081
546000,0.010,0.952,0.038
546500,0.010,0.990,0.000
547000,0.010,0.900,0.090
547500,0.010,0.968,0.022
548000,0.010,0.864,0.126
548500,0.010,0.986,0.004
549000,0.010,0.965,0.025
549500,0.010,0.962,0.028
550000,0.010,0.978,0.012
550500,0.010,0.904,0.086
551000,0.010,0.980,0.010
551500,0.010,0.973,0.017
552000,0.010,0.959,0.031
552500,0.010,0.966,0.024
553000,0.010,0.988,0.002
553500,0.010,0.989,0.001
554000,0.010,0.912,0.078
554500,0.010,0.983,0.007
555000,0.010,0.990,0.000
555500,0.010,0.957,0.033
556000,0.010,0.976,0.014
556500,0.010,0.861,0.129
557000,0.010,0.989,0.001
557500,0.010,0.926,0.064
558000,0.010,0.988,0.002
558500,0.010,0.990,0.000
559000,0.010,0.981,0.009
559500,0.010,0.963,0.027
560000,0.010,0.989,0.001
560500,0.010,0.963,0.027
561000,0.010,0.975,0.015
561500,0.010,0.836,0.154
562000,0.010,0.935,0.055
562500,0.010,0.874,0.116
563000,0.010,0.950,0.040
563500,0.010,0.967,0.023
564000,0.010,0.937,0.053
564500,0.010,0.977,0.013
565000,0.010,0.983,0.007
565500,0.010,0.990,0.000
566000,0.010,0.899,0.091
566500,0.010,0.957,0.033
567000,0.010,0.960,0.030
567500,0.010,0.950,0.040
568000,0.010,0.990,0.000
568500,0.010,0.987,0.003
569000,0.010,0.986,0.004
569500,0.010,0.940,0.050
570000,0.010,0.981,0.009
570500,0.010,0.956,0.034
571000,0.010,0.989,0.001
571500,0.010,0.897,0.093
572000,0.010,0.987,0.003
572500,0.010,0.912,0.078
573000,0.010,0.963,0.027
573500,0.010,0.902,0.088
574000,0.010,0.969,0.021
574500,0.010,0.979,0.011
575000,0.010,0.980,0.010
575500,0.010,0.905,0.085
576000,0.010,0.960,0.030
576500,0.010,0.974,0.016
577000,0.010,0.884,0.106
577500,0.010,0.934,0.056
578000,0.010,0.976,0.014
578500,0.010,0.960,0.030
579000,0.010,0.961,0.029
579500,0.010,0.985,0.005
580000,0.010,0.982,0.008
580500,0.010,0.980,0.010
581000,0.010,0.962,0.028
581500,0.010,0.960,0.030
582000,0.010,0.959,0.031
582500,0.010,0.938,0.052
583000,0.010,0.913,0.077
583500,0.010,0.985,0.005
584000,0.010,0.942,0.048
584500,0.010,0.965,0.025
585000,0.010,0.963,0.027
585500,0.010,0.989,0.001
586000,0.010,0.927,0.063
586500,0.010,0.953,0.037
587000,0.010,0.932,0.058
587500,0.010,0.951,0.039
588000,0.010,0.967,0.023
588500,0.010,0.989,0.001
589000,0.010,0.990,0.000
589500,0.010,0.831,0.159
590000,0.010,0.973,0.017
590500,0.010,0.983,0.007
591000,0.010,0.933,0.057
591500,0.010,0.951,0.039
592000,0.010,0.990,0.000
592500,0.010,0.980,0.010
593000,0.010,0.877,0.113
593500,0.010,0.990,0.000
594000,0.010,0.989,0.001
594500,0.010,0.970,0.020
595000,0.010,0.983,0.007
595500,0.010,0.965,0.025
596000,0.010,0.990,0.000
596500,0.010,0.932,0.058
597000,0.010,0.927,0.063
597500,0.010,0.947,0.043
598000,0.010,0.987,0.003
598500,0.010,0.866,0.124
599000,0.010,0.921,0.069
599500,0.010,0.935,0.055
600000,0.010,0.947,0.043
600500,0.010,0.989,0.001
601000,0.010,0.950,0.040
601500,0.010,0.990,0.000
602000,0.010,0.982,0.008
602500,0.010,0.953,0.037
603000,0.010,0.983,0.007
603500,0.010,0.990,0.000
604000,0.010,0.954,0.036
604500,0.010,0.875,0.115
605000,0.010,0.965,0.025
605500,0.010,0.990,0.000
606000,0.010,0.938,0.052
606500,0.010,0.976,0.014
607000,0.010,0.938,0.052
607500,0.010,0.986,0.004
608000,0.010,0.962,0.028
608500,0.010,0.990,0.000
609000,0.010,0.939,0.051
609500,0.010,0.982,0.008
610000,0.010,0.985,0.005
610500,0.010,0.988,0.002
611000,0.010,0.920,0.070
611500,0.010,0.979,0.011
612000,0.010,0.946,0.044
612500,0.010,0.990,0.000
613000,0.010,0.792,0.198
613500,0.010,0.912,0.078
614000,0.010,0.957,0.033
614500,0.010,0.959,0.031
615000,0.010,0.961,0.029
615500,0.010,0.935,0.055
616000,0.010,0.984,0.006
616500,0.010,0.968,0.022
617000,0.010,0.988,0.002
617500,0.010,0.988,0.002
618000,0.010,0.968,0.022
618500,0.010,0.987,0.003
619000,0.010,0.865,0.125
619500,0.010,0.990,0.000
620000,0.010,0.961,0.029
620500,0.010,0.956,0.034
621000,0.010,0.987,0.003
621500,0.010,0.965,0.025
622000,0.010,0.979,0.011
622500,0.010,0.986,0.004
623000,0.010,0.907,0.083
623500,0.010,0.931,0.059
624000,0.010,0.979,0.011
624500,0.010,0.988,0.002
625000,0.010,0.981,0.009
625500,0.010,0.982,0.008
626000,0.010,0.979,0.011
626500,0.010,0.980,0.010
627000,0.010,0.989,0.001
627500,0.010,0.990,0.000
628000,0.010,0.990,0.000
628500,0.010,0.943,0.047
629000,0.010,0.917,0.073
629500,0.010,0.989,0.001
630000,0.010,0.928,0.062
630500,0.010,0.967,0.023
631000,0.010,0.983,0.007
631500,0.010,0.974,0.016
632000,0.010,0.979,0.011
632500,0.010,0.990,0.000
633000,0.010,0.990,0.000
633500,0.010,0.904,0.086
634000,0.010,0.990,0.000
634500,0.010,0.965,0.025
635000,0.010,0.971,0.019
635500,0.010,0.963,0.027
636000,0.010,0.972,0.018
636500,0.010,0.990,0.000
637000,0.010,0.984,0.006
637500,0.010,0.911,0.079
638000,0.010,0.983,0.007
638500,0.010,0.990,0.000
639000,0.010,0.980,0.010
639500,0.010,0.919,0.071
640000,0.010,0.971,0.019
640500,0.010,0.947,0.043
641000,0.010,0.984,0.006
641500,0.010,0.962,0.028
642000,0.010,0.931,0.059
642500,0.010,0.990,0.000
643000,0.010,0.959,0.031
643500,0.010,0.925,0.065
644000,0.010,0.934,0.056
644500,0.010,0.965,0.025
645000,0.010,0.958,0.032
645500,0.010,0.945,0.045
646000,0.010,0.956,0.034
646500,0.010,0.984,0.006
647000,0.010,0.976,0.014
647500,0.010,0.973,0.017
648000,0.010,0.954,0.036
648500,0.010,0.967,0.023
649000,0.010,0.981,0.009
649500,0.010,0.986,0.004
650000,0.010,0.828,0.162
650500,0.010,0.989,0.001
651000,0.010,0.953,0.037
651500,0.010,0.971,0.019
652000,0.010,0.936,0.054
652500,0.010,0.951,0.039
653000,0.010,0.891,0.099
653500,0.010,0.885,0.105
654000,0.010,0.989,0.001
654500,0.010,0.987,0.003
655000,0.010,0.953,0.037
655500,0.010,0.988,0.002
656000,0.010,0.933,0.057
656500,0.010,0.915,0.075
657000,0.010,0.979,0.011
657500,0.010,0.925,0.065
658000,0.010,0.954,0.036
658500,0.010,0.915,0.075
659000,0.010,0.990,0.000
659500,0.010,0.989,0.001
660000,0.010,0.988,0.002
660500,0.010,0.981,0.009
661000,0.010,0.960,0.030
661500,0.010,0.985,0.005
662000,0.010,0.986,0.004
662500,0.010,0.893,0.097
663000,0.010,0.977,0.013
663500,0.010,0.967,0.023
664000,0.010,0.977,0.013
664500,0.010,0.989,0.001
665000,0.010,0.989,0.001
665500,0.010,0.930,0.060
666000,0.010,0.948,0.042
666500,0.010,0.982,0.008
667000,0.010,0.950,0.040
667500,0.010,0.957,0.033
668000,0.010,0.933,0.057
668500,0.010,0.982,0.008
669000,0.010,0.975,0.015
669500,0.010,0.990,0.000
670000,0.010,0.966,0.024
670500,0.010,0.964,0.026
671000,0.010,0.988,0.002
671500,0.010,0.988,0.002
672000,0.010,0.957,0.033
672500,0.010,0.990,0.000
673000,0.010,0.858,0.132
673500,0.010,0.981,0.009
674000,0.010,0.934,0.056
674500,0.010,0.963,0.027
675000,0.010,0.984,0.006
675500,0.010,0.957,0.033
676000,0.010,0.968,0.022
676500,0.010,0.990,0.000
677000,0.010,0.972,0.018
677500,0.010,0.935,0.055
678000,0.010,0.989,0.001
678500,0.010,0.817,0.173
679000,0.010,0.918,0.072
679500,0.010,0.978,0.012
680000,0.010,0.989,0.001
680500,0.010,0.940,0.050
681000,0.010,0.981,0.009
681500,0.010,0.896,0.094
682000,0.010,0.989,0.001
682500,0.010,0.953,0.037
683000,0.010,0.974,0.016
683500,0.010,0.985,0.005
684000,0.010,0.958,0.032
684500,0.010,0.897,0.093
685000,0.010,0.979,0.011
685500,0.010,0.990,0.000
686000,0.010,0.982,0.008
686500,0.010,0.982,0.008
687000,0.010,0.927,0.063
687500,0.010,0.937,0.053
688000,0.010,0.977,0.013
688500,0.010,0.988,0.002
689000,0.010,0.873,0.117
689500,0.010,0.955,0.035
690000,0.010,0.989,0.001
690500,0.010,0.888,0.102
691000,0.010,0.937,0.053
691500,0.010,0.988,0.002
692000,0.010,0.964,0.026
692500,0.010,0.958,0.032
693000,0.010,0.959,0.031
693500,0.010,0.982,0.008
694000,0.010,0.974,0.016
694500,0.010,0.976,0.014
695000,0.010,0.981,0.009
695500,0.010,0.974,0.016
696000,0.010,0.954,0.036
696500,0.010,0.955,0.035
697000,0.010,0.967,0.023
697500,0.010,0.938,0.052
698000,0.010,0.967,0.023
698500,0.010,0.954,0.036
699000,0.010,0.913,0.077
699500,0.010,0.976,0.014
700000,0.010,0.982,0.008
700500,0.010,0.911,0.079
701000,0.010,0.943,0.047
701500,0.010,0.990,0.000
702000,0.010,0.934,0.056
702500,0.010,0.932,0.058
703000,0.010,0.944,0.046
703500,0.010,0.979,0.011
704000,0.010,0.961,0.029
704500,0.010,0.982,0.008
705000,0.010,0.955,0.035
705500,0.010,0.927,0.063
706000,0.010,0.961,0.029
706500,0.010,0.982,0.008
707000,0.010,0.953,0.037
707500,0.010,0.942,0.048
708000,0.010,0.961,0.029
708500,0.010,0.990,0.000
709000,0.010,0.906,0.084
709500,0.010,0.929,0.061
710000,0.010,0.960,0.030
710500,0.010,0.942,0.048
711000,0.010,0.987,0.003
711500,0.010,0.970,0.020
712000,0.010,0.923,0.067
712500,0.010,0.986,0.004
713000,0.010,0.955,0.035
713500,0.010,0.916,0.074
714000,0.010,0.983,0.007
714500,0.010,0.865,0.125
715000,0.010,0.990,0.000
715500,0.010,0.958,0.032
716000,0.010,0.948,0.042
716500,0.010,0.964,0.026
717000,0.010,0.973,0.017
717500,0.010,0.981,0.009
718000,0.010,0.965,0.025
718500,0.010,0.917,0.073
719000,0.010,0.985,0.005
719500,0.010,0.947,0.043
720000,0.010,0.945,0.045
720500,0.010,0.941,0.049
721000,0.010,0.926,0.064
721500,0.010,0.977,0.013
722000,0.010,0.944,0.046
722500,0.010,0.912,0.078
723000,0.010,0.981,0.009
723500,0.010,0.879,0.111
724000,0.010,0.941,0.049
724500,0.010,0.978,0.012
725000,0.010,0.892,0.098
725500,0.010,0.986,0.004
726000,0.010,0.931,0.059
726500,0.010,0.951,0.039
727000,0.010,0.979,0.011
727500,0.010,0.939,0.051
728000,0.010,0.955,0.035
728500,0.010,0.954,0.036
729000,0.010,0.941,0.049
729500,0.010,0.976,0.014
730000,0.010,0.923,0.067
730500,0.010,0.887,0.103
731000,0.010,0.981,0.009
731500,0.010,0.949,0.041
732000,0.010,0.987,0.003
732500,0.010,0.979,0.011
733000,0.010,0.857,0.133
733500,0.010,0.964,0.026
734000,0.010,0.964,0.026
734500,0.010,0.944,0.046
735000,0.010,0.986,0.004
735500,0.010,0.949,0.041
736000,0.010,0.960,0.030
736500,0.010,0.986,0.004
737000,0.010,0.966,0.024
737500,0.010,0.990,0.000
738000,0.010,0.834,0.156
738500,0.010,0.946,0.044
739000,0.010,0.970,0.020
739500,0.010,0.947,0.043
740000,0.010,0.936,0.054
740500,0.010,0.989,0.001
741000,0.010,0.989,0.001
741500,0.010,0.990,0.000
742000,0.010,0.824,0.166
742500,0.010,0.953,0.037
743000,0.010,0.924,0.066
743500,0.010,0.989,0.001
744000,0.010,0.952,0.038
744500,0.010,0.952,0.038
745000,0.010,0.945,0.045
745500,0.010,0.987,0.003
746000,0.010,0.989,0.001
746500,0.010,0.979,0.011
747000,0.010,0.950,0.040
747500,0.010,0.989,0.001
748000,0.010,0.987,0.003
748500,0.010,0.981,0.009
749000,0.010,0.990,0.000
749500,0.010,0.990,0.000
750000,0.010,0.989,0.001
750500,0.010,0.972,0.018
751000,0.010,0.977,0.013
751500,0.010,0.938,0.052
752000,0.010,0.961,0.029
752500,0.010,0.967,0.023
753000,0.010,0.989,0.001
753500,0.010,0.988,0.002
754000,0.010,0.948,0.042
754500,0.010,0.990,0.000
755000,0.010,0.946,0.044
755500,0.010,0.928,0.062
756000,0.010,0.973,0.017
756500,0.010,0.981,0.009
757000,0.010,0.953,0.037
757500,0.010,0.973,0.017
758000,0.010,0.959,0.031
758500,0.010,0.957,0.033
759000,0.010,0.955,0.035
759500,0.010,0.940,0.050
760000,0.010,0.924,0.066
760500,0.010,0.978,0.012
761000,0.010,0.978,0.012
761500,0.010,0.922,0.068
762000,0.010,0.907,0.083
762500,0.010,0.936,0.054
763000,0.010,0.986,0.004
763500,0.010,0.985,0.005
764000,0.010,0.848,0.142
764500,0.010,0.971,0.019
765000,0.010,0.975,0.015
765500,0.010,0.938,0.052
766000,0.010,0.981,0.009
766500,0.010,0.976,0.014
767000,0.010,0.882,0.108
767500,0.010,0.982,0.008
768000,0.010,0.981,0.009
768500,0.010,0.961,0.029
769000,0.010,0.890,0.100
769500,0.010,0.976,0.014
770000,0.010,0.961,0.029
770500,0.010,0.944,0.046
771000,0.010,0.969,0.021
771500,0.010,0.988,0.002
772000,0.010,0.955,0.035
772500,0.010,0.990,0.000
773000,0.010,0.927,0.063
773500,0.010,0.961,0.029
774000,0.010,0.970,0.020
774500,0.010,0.990,0.000
775000,0.010,0.941,0.049
775500,0.010,0.989,0.001
776000,0.010,0.933,0.057
776500,0.010,0.905,0.085
777000,0.010,0.979,0.011
777500,0.010,0.888,0.102
778000,0.010,0.965,0.025
778500,0.010,0.898,0.092
779000,0.010,0.990,0.000
779500,0.010,0.964,0.026
780000,0.010,0.941,0.049
780500,0.010,0.949,0.041
781000,0.010,0.868,0.122
781500,0.010,0.987,0.003
782000,0.010,0.949,0.041
782500,0.010,0.989,0.001
783000,0.010,0.958,0.032
783500,0.010,0.985,0.005
784000,0.010,0.966,0.024
784500,0.010,0.986,0.004
785000,0.010,0.983,0.007
785500,0.010,0.967,0.023
786000,0.010,0.961,0.029
786500,0.010,0.925,0.065
787000,0.010,0.808,0.182
787500,0.010,0.934,0.056
788000,0.010,0.953,0.037
788500,0.010,0.923,0.067
789000,0.010,0.965,0.025
789500,0.010,0.988,0.002
790000,0.010,0.973,0.017
790500,0.010,0.954,0.036
791000,0.010,0.967,0.023
791500,0.010,0.910,0.080
792000,0.010,0.890,0.100
792500,0.010,0.947,0.043
793000,0.010,0.978,0.012
793500,0.010,0.862,0.128
794000,0.010,0.961,0.029
794500,0.010,0.964,0.026
795000,0.010,0.989,0.001
795500,0.010,0.983,0.007
796000,0.010,0.988,0.002
796500,0.010,0.932,0.058
797000,0.010,0.989,0.001
797500,0.010,0.914,0.076
798000,0.010,0.990,0.000
798500,0.010,0.989,0.001
799000,0.010,0.957,0.033
799500,0.010,0.984,0.006
800000,0.010,0.871,0.119
800500,0.010,0.989,0.001
801000,0.010,0.975,0.015
801500,0.010,0.930,0.060
802000,0.010,0.962,0.028
802500,0.010,0.952,0.038
803000,0.010,0.980,0.010
803500,0.010,0.990,0.000
804000,0.010,0.978,0.012
804500,0.010,0.988,0.002
805000,0.010,0.875,0.115
805500,0.010,0.945,0.045
806000,0.010,0.987,0.003
806500,0.010,0.988,0.002
807000,0.010,0.950,0.040
807500,0.010,0.987,0.003
808000,0.010,0.986,0.004
808500,0.010,0.987,0.003
809000,0.010,0.990,0.000
809500,0.010,0.930,0.060
810000,0.010,0.961,0.029
810500,0.010,0.907,0.083
811000,0.010,0.972,0.018
811500,0.010,0.880,0.110
812000,0.010,0.864,0.126
812500,0.010,0.948,0.042
813000,0.010,0.970,0.020
813500,0.010,0.939,0.051
814000,0.010,0.988,0.002
814500,0.010,0.930,0.060
815000,0.010,0.968,0.022
815500,0.010,0.956,0.034
816000,0.010,0.967,0.023
816500,0.010,0.983,0.007
817000,0.010,0.959,0.031
817500,0.010,0.986,0.004
818000,0.010,0.982,0.008
818500,0.010,0.987,0.003
819000,0.010,0.988,0.002
819500,0.010,0.981,0.009
820000,0.010,0.982,0.008
820500,0.010,0.920,0.070
821000,0.010,0.974,0.016
821500,0.010,0.974,0.016
822000,0.010,0.943,0.047
822500,0.010,0.910,0.080
823000,0.010,0.948,0.042
823500,0.010,0.990,0.000
824000,0.010,0.988,0.002
824500,0.010,0.968,0.022
825000,0.010,0.929,0.061
825500,0.010,0.929,0.061
826000,0.010,0.953,0.037
826500,0.010,0.942,0.048
827000,0.010,0.972,0.018
827500,0.010,0.985,0.005
828000,0.010,0.963,0.027
828500,0.010,0.955,0.035
829000,0.010,0.949,0.041
829500,0.010,0.989,0.001
830000,0.010,0.964,0.026
830500,0.010,0.989,0.001
831000,0.010,0.966,0.024
831500,0.010,0.937,0.053
832000,0.010,0.990,0.000
832500,0.010,0.987,0.003
833000,0.010,0.987,0.003
833500,0.010,0.977,0.013
834000,0.010,0.955,0.035
834500,0.010,0.971,0.019
835000,0.010,0.968,0.022
835500,0.010,0.959,0.031
836000,0.010,0.966,0.024
836500,0.010,0.974,0.016
837000,0.010,0.939,0.051
837500,0.010,0.948,0.042
838000,0.010,0.989,0.001
838500,0.010,0.989,0.001
839000,0.010,0.878,0.112
839500,0.010,0.969,0.021
840000,0.010,0.990,0.000
840500,0.010,0.913,0.077
841000,0.010,0.989,0.001
841500,0.010,0.846,0.144
842000,0.010,0.990,0.000
842500,0.010,0.989,0.001
843000,0.010,0.990,0.000
843500,0.010,0.930,0.060
844000,0.010,0.984,0.006
844500,0.010,0.868,0.122
845000,0.010,0.982,0.008
845500,0.010,0.904,0.086
846000,0.010,0.990,0.000
846500,0.010,0.963,0.027
847000,0.010,0.946,0.044
847500,0.010,0.938,0.052
848000,0.010,0.916,0.074
848500,0.010,0.981,0.009
849000,0.010,0.985,0.005
849500,0.010,0.990,0.000
850000,0.010,0.891,0.099
850500,0.010,0.900,0.090
851000,0.010,0.907,0.083
851500,0.010,0.976,0.014
852000,0.010,0.903,0.087
852500,0.010,0.983,0.007
853000,0.010,0.969,0.021
853500,0.010,0.986,0.004
854000,0.010,0.983,0.007
854500,0.010,0.932,0.058
855000,0.010,0.954,0.036
855500,0.010,0.960,0.030
856000,0.010,0.959,0.031
856500,0.010,0.990,0.000
857000,0.010,0.970,0.020
857500,0.010,0.976,0.014
858000,0.010,0.949,0.041
858500,0.010,0.971,0.019
859000,0.010,0.976,0.014
859500,0.010,0.967,0.023
860000,0.010,0.953,0.037
860500,0.010,0.976,0.014
861000,0.010,0.932,0.058
861500,0.010,0.952,0.038
862000,0.010,0.961,0.029
862500,0.010,0.978,0.012
863000,0.010,0.939,0.051
863500,0.010,0.975,0.015
864000,0.010,0.917,0.073
864500,0.010,0.971,0.019
865000,0.010,0.965,0.025
865500,0.010,0.921,0.069
866000,0.010,0.987,0.003
866500,0.010,0.949,0.041
867000,0.010,0.980,0.010
867500,0.010,0.960,0.030
868000,0.010,0.982,0.008
868500,0.010,0.939,0.051
869000,0.010,0.980,0.010
869500,0.010,0.954,0.036
870000,0.010,0.957,0.033
870500,0.010,0.986,0.004
871000,0.010,0.990,0.000
871500,0.010,0.818,0.172
872000,0.010,0.988,0.002
872500,0.010,0.990,0.000
873000,0.010,0.986,0.004
873500,0.010,0.988,0.002
874000,0.010,0.971,0.019
874500,0.010,0.974,0.016
875000,0.010,0.913,0.077
875500,0.010,0.792,0.198
876000,0.010,0.985,0.005
876500,0.010,0.989,0.001
877000,0.010,0.940,0.050
877500,0.010,0.988,0.002
878000,0.010,0.990,0.000
878500,0.010,0.988,0.002
879000,0.010,0.949,0.041
879500,0.010,0.925,0.065
880000,0.010,0.986,0.004
880500,0.010,0.983,0.007
881000,0.010,0.965,0.025
881500,0.010,0.939,0.051
882000,0.010,0.990,0.000
882500,0.010,0.956,0.034
883000,0.010,0.990,0.000
883500,0.010,0.969,0.021
884000,0.010,0.827,0.163
884500,0.010,0.990,0.000
885000,0.010,0.982,0.008
885500,0.010,0.961,0.029
886000,0.010,0.958,0.032
886500,0.010,0.975,0.015
887000,0.010,0.914,0.076
887500,0.010,0.920,0.070
888000,0.010,0.989,0.001
888500,0.010,0.952,0.038
889000,0.010,0.922,0.068
889500,0.010,0.989,0.001
890000,0.010,0.980,0.010
890500,0.010,0.990,0.000
891000,0.010,0.918,0.072
891500,0.010,0.948,0.042
892000,0.010,0.926,0.064
892500,0.010,0.917,0.073
893000,0.010,0.990,0.000
893500,0.010,0.989,0.001
894000,0.010,0.990,0.000
894500,0.010,0.964,0.026
895000,0.010,0.968,0.022
895500,0.010,0.971,0.019
896000,0.010,0.948,0.042
896500,0.010,0.960,0.030
897000,0.010,0.950,0.040
897500,0.010,0.959,0.031
898000,0.010,0.926,0.064
898500,0.010,0.922,0.068
899000,0.010,0.984,0.006
899500,0.010,0.988,0.002
900000,0.010,0.913,0.077
900500,0.010,0.928,0.062
901000,0.010,0.920,0.070
901500,0.010,0.985,0.005
902000,0.010,0.990,0.000
902500,0.010,0.987,0.003
903000,0.010,0.944,0.046
903500,0.010,0.906,0.084
904000,0.010,0.990,0.000
904500,0.010,0.990,0.000
905000,0.010,0.952,0.038
905500,0.010,0.930,0.060
906000,0.010,0.986,0.004
906500,0.010,0.990,0.000
907000,0.010,0.985,0.005
907500,0.010,0.933,0.057
908000,0.010,0.986,0.004
908500,0.010,0.947,0.043
909000,0.010,0.960,0.030
909500,0.010,0.962,0.028
910000,0.010,0.960,0.030
910500,0.010,0.964,0.026
911000,0.010,0.938,0.052
911500,0.010,0.953,0.037
912000,0.010,0.979,0.011
912500,0.010,0.965,0.025
913000,0.010,0.974,0.016
913500,0.010,0.959,0.031
914000,0.010,0.974,0.016
914500,0.010,0.969,0.021
915000,0.010,0.984,0.006
915500,0.010,0.948,0.042
916000,0.010,0.990,0.000
916500,0.010,0.990,0.000
917000,0.010,0.979,0.011
917500,0.010,0.962,0.028
918000,0.010,0.957,0.033
918500,0.010,0.968,0.022
919000,0.010,0.897,0.093
919500,0.010,0.896,0.094
920000,0.010,0.880,0.110
920500,0.010,0.935,0.055
921000,0.010,0.973,0.017
921500,0.010,0.976,0.014
922000,0.010,0.892,0.098
922500,0.010,0.896,0.094
923000,0.010,0.989,0.001
923500,0.010,0.990,0.000
924000,0.010,0.878,0.112
924500,0.010,0.983,0.007
925000,0.010,0.980,0.010
925500,0.010,0.963,0.027
926000,0.010,0.989,0.001
926500,0.010,0.968,0.022
927000,0.010,0.990,0.000
927500,0.010,0.967,0.023
928000,0.010,0.889,0.101
928500,0.010,0.982,0.008
929000,0.010,0.959,0.031
929500,0.010,0.988,0.002
930000,0.010,0.971,0.019
930500,0.010,0.870,0.120
931000,0.010,0.982,0.008
931500,0.010,0.971,0.019
932000,0.010,0.990,0.000
932500,0.010,0.896,0.094
933000,0.010,0.960,0.030
933500,0.010,0.952,0.038
934000,0.010,0.960,0.030
934500,0.010,0.962,0.028
935000,0.010,0.943,0.047
935500,0.010,0.973,0.017
936000,0.010,0.947,0.043
936500,0.010,0.974,0.016
937000,0.010,0.983,0.007
937500,0.010,0.939,0.051
938000,0.010,0.901,0.089
938500,0.010,0.978,0.012
939000,0.010,0.989,0.001
939500,0.010,0.918,0.072
940000,0.010,0.960,0.030
940500,0.010,0.989,0.001
941000,0.010,0.990,0.000
941500,0.010,0.989,0.001
942000,0.010,0.963,0.027
942500,0.010,0.980,0.010
943000,0.010,0.944,0.046
943500,0.010,0.989,0.001
944000,0.010,0.989,0.001
944500,0.010,0.962,0.028
945000,0.010,0.968,0.022
945500,0.010,0.969,0.021
946000,0.010,0.990,0.000
946500,0.010,0.923,0.067
947000,0.010,0.983,0.007
947500,0.010,0.990,0.000
948000,0.010,0.985,0.005
948500,0.010,0.955,0.035
949000,0.010,0.977,0.013
949500,0.010,0.990,0.000
950000,0.010,0.924,0.066
950500,0.010,0.940,0.050
951000,0.010,0.987,0.003
951500,0.010,0.972,0.018
952000,0.010,0.957,0.033
952500,0.010,0.960,0.030
953000,0.010,0.948,0.042
953500,0.010,0.969,0.021
954000,0.010,0.933,0.057
954500,0.010,0.968,0.022
955000,0.010,0.905,0.085
955500,0.010,0.932,0.058
956000,0.010,0.956,0.034
956500,0.010,0.987,0.003
957000,0.010,0.988,0.002
957500,0.010,0.983,0.007
958000,0.010,0.981,0.009
958500,0.010,0.946,0.044
959000,0.010,0.942,0.048
959500,0.010,0.990,0.000
960000,0.010,0.988,0.002
960500,0.010,0.902,0.088
961000,0.010,0.954,0.036
961500,0.010,0.985,0.005
962000,0.010,0.896,0.094
962500,0.010,0.974,0.016
963000,0.010,0.990,0.000
963500,0.010,0.955,0.035
964000,0.010,0.978,0.012
964500,0.010,0.953,0.037
965000,0.010,0.986,0.004
965500,0.010,0.968,0.022
966000,0.010,0.981,0.009
966500,0.010,0.987,0.003
967000,0.010,0.989,0.001
967500,0.010,0.990,0.000
968000,0.010,0.967,0.023
968500,0.010,0.927,0.063
969000,0.010,0.990,0.000
969500,0.010,0.981,0.009
970000,0.010,0.990,0.000
970500,0.010,0.969,0.021
971000,0.010,0.969,0.021
971500,0.010,0.968,0.022
972000,0.010,0.987,0.003
972500,0.010,0.906,0.084
973000,0.010,0.909,0.081
973500,0.010,0.905,0.085
974000,0.010,0.962,0.028
974500,0.010,0.990,0.000
975000,0.010,0.937,0.053
975500,0.010,0.910,0.080
976000,0.010,0.990,0.000
976500,0.010,0.989,0.001
977000,0.010,0.957,0.033
977500,0.010,0.955,0.035
978000,0.010,0.861,0.129
978500,0.010,0.990,0.000
979000,0.010,0.990,0.000
979500,0.010,0.968,0.022
980000,0.010,0.942,0.048
980500,0.010,0.988,0.002
981000,0.010,0.975,0.015
981500,0.010,0.986,0.004
982000,0.010,0.985,0.005
982500,0.010,0.982,0.008
983000,0.010,0.977,0.013
983500,0.010,0.910,0.080
984000,0.010,0.990,0.000
984500,0.010,0.956,0.034
985000,0.010,0.963,0.027
985500,0.010,0.928,0.062
986000,0.010,0.910,0.080
986500,0.010,0.987,0.003
987000,0.010,0.921,0.069
987500,0.010,0.926,0.064
988000,0.010,0.990,0.000
988500,0.010,0.990,0.000
989000,0.010,0.987,0.003
989500,0.010,0.940,0.050
990000,0.010,0.979,0.011
990500,0.010,0.957,0.033
991000,0.010,0.990,0.000
991500,0.010,0.939,0.051
992000,0.010,0.987,0.003
992500,0.010,0.891,0.099
993000,0.010,0.973,0.017
993500,0.010,0.924,0.066
994000,0.010,0.990,0.000
994500,0.010,0.955,0.035
995000,0.010,0.875,0.115
995500,0.010,0.926,0.064
996000,0.010,0.938,0.052
996500,0.010,0.947,0.043
997000,0.010,0.949,0.041
997500,0.010,0.976,0.014
998000,0.010,0.962,0.028
998500,0.010,0.955,0.035
999000,0.010,0.971,0.019
999500,0.010,0.943,0.047
1000000,0.010,0.919,0.071
