time,n_A+p,n_B,n_AB
500,0.010,0.819,0.171
1000,0.010,0.662,0.328
1500,0.010,0.937,0.053
2000,0.010,0.912,0.078
2500,0.010,0.872,0.118
3000,0.010,0.990,0.000
3500,0.010,0.848,0.142
4000,0.010,0.856,0.134
4500,0.010,0.818,0.172
5000,0.010,0.825,0.165
5500,0.010,0.966,0.024
6000,0.010,0.838,0.152
6500,0.010,0.778,0.212
7000,0.010,0.802,0.188
7500,0.010,0.609,0.381
8000,0.010,0.731,0.259
8500,0.010,0.866,0.124
9000,0.010,0.784,0.206
9500,0.010,0.741,0.249
10000,0.010,0.921,0.069
10500,0.010,0.968,0.022
11000,0.010,0.768,0.222
11500,0.010,0.735,0.255
12000,0.010,0.737,0.253
12500,0.010,0.597,0.393
13000,0.010,0.880,0.110
13500,0.010,0.607,0.383
14000,0.010,0.688,0.302
14500,0.010,0.906,0.084
15000,0.010,0.975,0.015
15500,0.010,0.919,0.071
16000,0.010,0.750,0.240
16500,0.010,0.920,0.070
17000,0.010,0.743,0.247
17500,0.010,0.699,0.291
18000,0.010,0.899,0.091
18500,0.010,0.682,0.308
19000,0.010,0.728,0.262
19500,0.010,0.726,0.264
20000,0.010,0.913,0.077
20500,0.010,0.927,0.063
21000,0.010,0.678,0.312
21500,0.010,0.832,0.158
22000,0.010,0.835,0.155
22500,0.010,0.911,0.079
23000,0.010,0.761,0.229
23500,0.010,0.682,0.308
24000,0.010,0.990,0.000
24500,0.010,0.969,0.021
25000,0.010,0.827,0.163
25500,0.010,0.615,0.375
26000,0.010,0.839,0.151
26500,0.010,0.866,0.124
27000,0.010,0.989,0.001
27500,0.010,0.818,0.172
28000,0.010,0.937,0.053
28500,0.010,0.840,0.150
29000,0.010,0.582,0.408
29500,0.010,0.763,0.227
30000,0.010,0.672,0.318
30500,0.010,0.821,0.169
31000,0.010,0.894,0.096
31500,0.010,0.533,0.457
32000,0.010,0.878,0.112
32500,0.010,0.805,0.185
33000,0.010,0.659,0.331
33500,0.010,0.876,0.114
34000,0.010,0.781,0.209
34500,0.010,0.861,0.129
35000,0.010,0.853,0.137
35500,0.010,0.494,0.496
36000,0.010,0.891,0.099
36500,0.010,0.535,0.455
37000,0.010,0.806,0.184
37500,0.010,0.689,0.301
38000,0.010,0.539,0.451
38500,0.010,0.823,0.167
39000,0.010,0.792,0.198
39500,0.010,0.679,0.311
40000,0.010,0.628,0.362
40500,0.010,0.613,0.377
41000,0.010,0.772,0.218
41500,0.010,0.974,0.016
42000,0.010,0.762,0.228
42500,0.010,0.642,0.348
43000,0.010,0.817,0.173
43500,0.010,0.660,0.330
44000,0.010,0.937,0.053
44500,0.010,0.786,0.204
45000,0.010,0.736,0.254
45500,0.010,0.948,0.042
46000,0.010,0.862,0.128
46500,0.010,0.736,0.254
47000,0.010,0.908,0.082
47500,0.010,0.889,0.101
48000,0.010,0.624,0.366
48500,0.010,0.804,0.186
49000,0.010,0.879,0.111
49500,0.010,0.985,0.005
50000,0.010,0.905,0.085
50500,0.010,0.990,0.000
51000,0.010,0.699,0.291
51500,0.010,0.890,0.100
52000,0.010,0.806,0.184
52500,0.010,0.642,0.348
53000,0.010,0.756,0.234
53500,0.010,0.946,0.044
54000,0.010,0.841,0.149
54500,0.010,0.741,0.249
55000,0.010,0.886,0.104
55500,0.010,0.854,0.136
56000,0.010,0.769,0.221
56500,0.010,0.423,0.567
57000,0.010,0.738,0.252
57500,0.010,0.784,0.206
58000,0.010,0.882,0.108
58500,0.010,0.912,0.078
59000,0.010,0.640,0.350
59500,0.010,0.888,0.102
60000,0.010,0.948,0.042
60500,0.010,0.794,0.196
61000,0.010,0.988,0.002
61500,0.010,0.793,0.197
62000,0.010,0.924,0.066
62500,0.010,0.982,0.008
63000,0.010,0.770,0.220
63500,0.010,0.911,0.079
64000,0.010,0.598,0.392
64500,0.010,0.601,0.389
65000,0.010,0.722,0.268
65500,0.010,0.735,0.255
66000,0.010,0.786,0.204
66500,0.010,0.970,0.020
67000,0.010,0.949,0.041
67500,0.010,0.827,0.163
68000,0.010,0.713,0.277
68500,0.010,0.846,0.144
69000,0.010,0.841,0.149
69500,0.010,0.756,0.234
70000,0.010,0.804,0.186
70500,0.010,0.925,0.065
71000,0.010,0.730,0.260
71500,0.010,0.711,0.279
72000,0.010,0.919,0.071
72500,0.010,0.893,0.097
73000,0.010,0.915,0.075
73500,0.010,0.561,0.429
74000,0.010,0.806,0.184
74500,0.010,0.799,0.191
75000,0.010,0.842,0.148
75500,0.010,0.964,0.026
76000,0.010,0.842,0.148
76500,0.010,0.705,0.285
77000,0.010,0.858,0.132
77500,0.010,0.939,0.051
78000,0.010,0.671,0.319
78500,0.010,0.849,0.141
79000,0.010,0.754,0.236
79500,0.010,0.683,0.307
80000,0.010,0.599,0.391
80500,0.010,0.663,0.327
81000,0.010,0.703,0.287
81500,0.010,0.670,0.320
82000,0.010,0.900,0.090
82500,0.010,0.671,0.319
83000,0.010,0.667,0.323
83500,0.010,0.910,0.080
84000,0.010,0.935,0.055
84500,0.010,0.937,0.053
85000,0.010,0.509,0.481
85500,0.010,0.807,0.183
86000,0.010,0.864,0.126
86500,0.010,0.847,0.143
87000,0.010,0.957,0.033
87500,0.010,0.729,0.261
88000,0.010,0.808,0.182
88500,0.010,0.744,0.246
89000,0.010,0.643,0.347
89500,0.010,0.793,0.197
90000,0.010,0.578,0.412
90500,0.010,0.656,0.334
91000,0.010,0.723,0.267
91500,0.010,0.883,0.107
92000,0.010,0.826,0.164
92500,0.010,0.668,0.322
93000,0.010,0.739,0.251
93500,0.010,0.897,0.093
94000,0.010,0.937,0.053
94500,0.010,0.693,0.297
95000,0.010,0.781,0.209
95500,0.010,0.757,0.233
96000,0.010,0.775,0.215
96500,0.010,0.987,0.003
97000,0.010,0.949,0.041
97500,0.010,0.841,0.149
98000,0.010,0.903,0.087
98500,0.010,0.953,0.037
99000,0.010,0.872,0.118
99500,0.010,0.749,0.241
100000,0.010,0.771,0.219
100500,0.010,0.842,0.148
101000,0.010,0.567,0.423
101500,0.010,0.740,0.250
102000,0.010,0.903,0.087
102500,0.010,0.653,0.337
103000,0.010,0.771,0.219
103500,0.010,0.558,0.432
104000,0.010,0.790,0.200
104500,0.010,0.578,0.412
105000,0.010,0.830,0.160
105500,0.010,0.659,0.331
106000,0.010,0.770,0.220
106500,0.010,0.527,0.463
107000,0.010,0.750,0.240
107500,0.010,0.764,0.226
108000,0.010,0.645,0.345
108500,0.010,0.665,0.325
109000,0.010,0.712,0.278
109500,0.010,0.779,0.211
110000,0.010,0.507,0.483
110500,0.010,0.651,0.339
111000,0.010,0.793,0.197
111500,0.010,0.853,0.137
112000,0.010,0.788,0.202
112500,0.010,0.699,0.291
113000,0.010,0.723,0.267
113500,0.010,0.673,0.317
114000,0.010,0.443,0.547
114500,0.010,0.847,0.143
115000,0.010,0.920,0.070
115500,0.010,0.735,0.255
116000,0.010,0.574,0.416
116500,0.010,0.592,0.398
117000,0.010,0.694,0.296
117500,0.010,0.844,0.146
118000,0.010,0.474,0.516
118500,0.010,0.554,0.436
119000,0.010,0.766,0.224
119500,0.010,0.733,0.257
120000,0.010,0.807,0.183
120500,0.010,0.733,0.257
121000,0.010,0.869,0.121
121500,0.010,0.990,0.000
122000,0.010,0.874,0.116
122500,0.010,0.711,0.279
123000,0.010,0.868,0.122
123500,0.010,0.825,0.165
124000,0.010,0.860,0.130
124500,0.010,0.895,0.095
125000,0.010,0.562,0.428
125500,0.010,0.741,0.249
126000,0.010,0.919,0.071
126500,0.010,0.935,0.055
127000,0.010,0.874,0.116
127500,0.010,0.604,0.386
128000,0.010,0.625,0.365
128500,0.010,0.891,0.099
129000,0.010,0.466,0.524
129500,0.010,0.703,0.287
130000,0.010,0.893,0.097
130500,0.010,0.614,0.376
131000,0.010,0.902,0.088
131500,0.010,0.475,0.515
132000,0.010,0.655,0.335
132500,0.010,0.962,0.028
133000,0.010,0.722,0.268
133500,0.010,0.958,0.032
134000,0.010,0.829,0.161
134500,0.010,0.899,0.091
135000,0.010,0.729,0.261
135500,0.010,0.797,0.193
136000,0.010,0.745,0.245
136500,0.010,0.982,0.008
137000,0.010,0.945,0.045
137500,0.010,0.885,0.105
138000,0.010,0.978,0.012
138500,0.010,0.863,0.127
139000,0.010,0.913,0.077
139500,0.010,0.619,0.371
140000,0.010,0.872,0.118
140500,0.010,0.989,0.001
141000,0.010,0.827,0.163
141500,0.010,0.834,0.156
142000,0.010,0.953,0.037
142500,0.010,0.880,0.110
143000,0.010,0.828,0.162
143500,0.010,0.802,0.188
144000,0.010,0.676,0.314
144500,0.010,0.912,0.078
145000,0.010,0.793,0.197
145500,0.010,0.844,0.146
146000,0.010,0.656,0.334
146500,0.010,0.780,0.210
147000,0.010,0.737,0.253
147500,0.010,0.783,0.207
148000,0.010,0.892,0.098
148500,0.010,0.960,0.030
149000,0.010,0.929,0.061
149500,0.010,0.959,0.031
150000,0.010,0.686,0.304
150500,0.010,0.700,0.290
151000,0.010,0.635,0.355
151500,0.010,0.723,0.267
152000,0.010,0.986,0.004
152500,0.010,0.782,0.208
153000,0.010,0.945,0.045
153500,0.010,0.869,0.121
154000,0.010,0.826,0.164
154500,0.010,0.946,0.044
155000,0.010,0.956,0.034
155500,0.010,0.913,0.077
156000,0.010,0.788,0.202
156500,0.010,0.668,0.322
157000,0.010,0.657,0.333
157500,0.010,0.567,0.423
158000,0.010,0.722,0.268
158500,0.010,0.880,0.110
159000,0.010,0.822,0.168
159500,0.010,0.883,0.107
160000,0.010,0.930,0.060
160500,0.010,0.810,0.180
161000,0.010,0.884,0.106
161500,0.010,0.854,0.136
162000,0.010,0.691,0.299
162500,0.010,0.986,0.004
163000,0.010,0.832,0.158
163500,0.010,0.901,0.089
164000,0.010,0.665,0.325
164500,0.010,0.789,0.201
165000,0.010,0.770,0.220
165500,0.010,0.651,0.339
166000,0.010,0.496,0.494
166500,0.010,0.488,0.502
167000,0.010,0.506,0.484
167500,0.010,0.891,0.099
168000,0.010,0.776,0.214
168500,0.010,0.799,0.191
169000,0.010,0.640,0.350
169500,0.010,0.927,0.063
170000,0.010,0.614,0.376
170500,0.010,0.780,0.210
171000,0.010,0.779,0.211
171500,0.010,0.541,0.449
172000,0.010,0.565,0.425
172500,0.010,0.839,0.151
173000,0.010,0.892,0.098
173500,0.010,0.770,0.220
174000,0.010,0.494,0.496
174500,0.010,0.525,0.465
175000,0.010,0.621,0.369
175500,0.010,0.777,0.213
176000,0.010,0.980,0.010
176500,0.010,0.927,0.063
177000,0.010,0.978,0.012
177500,0.010,0.990,0.000
178000,0.010,0.851,0.139
178500,0.010,0.627,0.363
179000,0.010,0.539,0.451
179500,0.010,0.964,0.026
180000,0.010,0.971,0.019
180500,0.010,0.844,0.146
181000,0.010,0.820,0.170
181500,0.010,0.877,0.113
182000,0.010,0.847,0.143
182500,0.010,0.817,0.173
183000,0.010,0.741,0.249
183500,0.010,0.652,0.338
184000,0.010,0.667,0.323
184500,0.010,0.595,0.395
185000,0.010,0.829,0.161
185500,0.010,0.894,0.096
186000,0.010,0.948,0.042
186500,0.010,0.830,0.160
187000,0.010,0.701,0.289
187500,0.010,0.844,0.146
188000,0.010,0.728,0.262
188500,0.010,0.714,0.276
189000,0.010,0.735,0.255
189500,0.010,0.686,0.304
190000,0.010,0.880,0.110
190500,0.010,0.751,0.239
191000,0.010,0.832,0.158
191500,0.010,0.854,0.136
192000,0.010,0.802,0.188
192500,0.010,0.739,0.251
193000,0.010,0.617,0.373
193500,0.010,0.706,0.284
194000,0.010,0.960,0.030
194500,0.010,0.728,0.262
195000,0.010,0.736,0.254
195500,0.010,0.700,0.290
196000,0.010,0.860,0.130
196500,0.010,0.853,0.137
197000,0.010,0.841,0.149
197500,0.010,0.627,0.363
198000,0.010,0.722,0.268
198500,0.010,0.910,0.080
199000,0.010,0.959,0.031
199500,0.010,0.891,0.099
200000,0.010,0.933,0.057
200500,0.010,0.880,0.110
201000,0.010,0.840,0.150
201500,0.010,0.560,0.430
202000,0.010,0.864,0.126
202500,0.010,0.814,0.176
203000,0.010,0.891,0.099
203500,0.010,0.840,0.150
204000,0.010,0.834,0.156
204500,0.010,0.834,0.156
205000,0.010,0.760,0.230
205500,0.010,0.830,0.160
206000,0.010,0.726,0.264
206500,0.010,0.913,0.077
207000,0.010,0.811,0.179
207500,0.010,0.718,0.272
208000,0.010,0.945,0.045
208500,0.010,0.879,0.111
209000,0.010,0.989,0.001
209500,0.010,0.748,0.242
210000,0.010,0.762,0.228
210500,0.010,0.822,0.168
211000,0.010,0.786,0.204
211500,0.010,0.602,0.388
212000,0.010,0.868,0.122
212500,0.010,0.874,0.116
213000,0.010,0.780,0.210
213500,0.010,0.948,0.042
214000,0.010,0.681,0.309
214500,0.010,0.767,0.223
215000,0.010,0.862,0.128
215500,0.010,0.852,0.138
216000,0.010,0.856,0.134
216500,0.010,0.583,0.407
217000,0.010,0.889,0.101
217500,0.010,0.804,0.186
218000,0.010,0.873,0.117
218500,0.010,0.761,0.229
219000,0.010,0.735,0.255
219500,0.010,0.948,0.042
220000,0.010,0.723,0.267
220500,0.010,0.679,0.311
221000,0.010,0.836,0.154
221500,0.010,0.791,0.199
222000,0.010,0.827,0.163
222500,0.010,0.967,0.023
223000,0.010,0.913,0.077
223500,0.010,0.969,0.021
224000,0.010,0.774,0.216
224500,0.010,0.581,0.409
225000,0.010,0.747,0.243
225500,0.010,0.829,0.161
226000,0.010,0.859,0.131
226500,0.010,0.851,0.139
227000,0.010,0.923,0.067
227500,0.010,0.697,0.293
228000,0.010,0.667,0.323
228500,0.010,0.766,0.224
229000,0.010,0.662,0.328
229500,0.010,0.837,0.153
230000,0.010,0.828,0.162
230500,0.010,0.831,0.159
231000,0.010,0.913,0.077
231500,0.010,0.903,0.087
232000,0.010,0.620,0.370
232500,0.010,0.935,0.055
233000,0.010,0.921,0.069
233500,0.010,0.990,0.000
234000,0.010,0.970,0.020
234500,0.010,0.789,0.201
235000,0.010,0.872,0.118
235500,0.010,0.877,0.113
236000,0.010,0.987,0.003
236500,0.010,0.866,0.124
237000,0.010,0.908,0.082
237500,0.010,0.823,0.167
238000,0.010,0.804,0.186
238500,0.010,0.787,0.203
239000,0.010,0.655,0.335
239500,0.010,0.747,0.243
240000,0.010,0.735,0.255
240500,0.010,0.887,0.103
241000,0.010,0.803,0.187
241500,0.010,0.808,0.182
242000,0.010,0.858,0.132
242500,0.010,0.842,0.148
243000,0.010,0.884,0.106
243500,0.010,0.892,0.098
244000,0.010,0.888,0.102
244500,0.010,0.956,0.034
245000,0.010,0.530,0.460
245500,0.010,0.742,0.248
246000,0.010,0.765,0.225
246500,0.010,0.778,0.212
247000,0.010,0.869,0.121
247500,0.010,0.670,0.320
248000,0.010,0.666,0.324
248500,0.010,0.673,0.317
249000,0.010,0.802,0.188
249500,0.010,0.725,0.265
250000,0.010,0.960,0.030
250500,0.010,0.967,0.023
251000,0.010,0.736,0.254
251500,0.010,0.841,0.149
252000,0.010,0.779,0.211
252500,0.010,0.802,0.188
253000,0.010,0.937,0.053
253500,0.010,0.645,0.345
254000,0.010,0.892,0.098
254500,0.010,0.955,0.035
255000,0.010,0.824,0.166
255500,0.010,0.822,0.168
256000,0.010,0.803,0.187
256500,0.010,0.744,0.246
257000,0.010,0.897,0.093
257500,0.010,0.675,0.315
258000,0.010,0.862,0.128
258500,0.010,0.873,0.117
259000,0.010,0.799,0.191
259500,0.010,0.955,0.035
260000,0.010,0.928,0.062
260500,0.010,0.908,0.082
261000,0.010,0.551,0.439
261500,0.010,0.790,0.200
262000,0.010,0.833,0.157
262500,0.010,0.966,0.024
263000,0.010,0.708,0.282
263500,0.010,0.777,0.213
264000,0.010,0.712,0.278
264500,0.010,0.857,0.133
265000,0.010,0.723,0.267
265500,0.010,0.965,0.025
266000,0.010,0.569,0.421
266500,0.010,0.853,0.137
267000,0.010,0.928,0.062
267500,0.010,0.806,0.184
268000,0.010,0.702,0.288
268500,0.010,0.491,0.499
269000,0.010,0.872,0.118
269500,0.010,0.915,0.075
270000,0.010,0.728,0.262
270500,0.010,0.764,0.226
271000,0.010,0.696,0.294
271500,0.010,0.837,0.153
272000,0.010,0.839,0.151
272500,0.010,0.593,0.397
273000,0.010,0.627,0.363
273500,0.010,0.843,0.147
274000,0.010,0.584,0.406
274500,0.010,0.564,0.426
275000,0.010,0.771,0.219
275500,0.010,0.468,0.522
276000,0.010,0.703,0.287
276500,0.010,0.722,0.268
277000,0.010,0.811,0.179
277500,0.010,0.814,0.176
278000,0.010,0.708,0.282
278500,0.010,0.669,0.321
279000,0.010,0.741,0.249
279500,0.010,0.813,0.177
280000,0.010,0.750,0.240
280500,0.010,0.932,0.058
281000,0.010,0.587,0.403
281500,0.010,0.659,0.331
282000,0.010,0.725,0.265
282500,0.010,0.631,0.359
283000,0.010,0.659,0.331
283500,0.010,0.694,0.296
284000,0.010,0.694,0.296
284500,0.010,0.817,0.173
285000,0.010,0.780,0.210
285500,0.010,0.702,0.288
286000,0.010,0.770,0.220
286500,0.010,0.945,0.045
287000,0.010,0.701,0.289
287500,0.010,0.679,0.311
288000,0.010,0.682,0.308
288500,0.010,0.845,0.145
289000,0.010,0.766,0.224
289500,0.010,0.759,0.231
290000,0.010,0.677,0.313
290500,0.010,0.375,0.615
291000,0.010,0.934,0.056
291500,0.010,0.863,0.127
292000,0.010,0.490,0.500
292500,0.010,0.798,0.192
293000,0.010,0.611,0.379
293500,0.010,0.605,0.385
294000,0.010,0.628,0.362
294500,0.010,0.776,0.214
295000,0.010,0.862,0.128
295500,0.010,0.806,0.184
296000,0.010,0.911,0.079
296500,0.010,0.763,0.227
297000,0.010,0.696,0.294
297500,0.010,0.775,0.215
298000,0.010,0.870,0.120
298500,0.010,0.883,0.107
299000,0.010,0.881,0.109
299500,0.010,0.669,0.321
300000,0.010,0.629,0.361
300500,0.010,0.514,0.476
301000,0.010,0.693,0.297
301500,0.010,0.678,0.312
302000,0.010,0.957,0.033
302500,0.010,0.986,0.004
303000,0.010,0.830,0.160
303500,0.010,0.729,0.261
304000,0.010,0.912,0.078
304500,0.010,0.704,0.286
305000,0.010,0.657,0.333
305500,0.010,0.805,0.185
306000,0.010,0.529,0.461
306500,0.010,0.821,0.169
307000,0.010,0.919,0.071
307500,0.010,0.968,0.022
308000,0.010,0.990,0.000
308500,0.010,0.871,0.119
309000,0.010,0.738,0.252
309500,0.010,0.676,0.314
310000,0.010,0.761,0.229
310500,0.010,0.897,0.093
311000,0.010,0.977,0.013
311500,0.010,0.901,0.089
312000,0.010,0.778,0.212
312500,0.010,0.834,0.156
313000,0.010,0.817,0.173
313500,0.010,0.868,0.122
314000,0.010,0.741,0.249
314500,0.010,0.686,0.304
315000,0.010,0.669,0.321
315500,0.010,0.598,0.392
316000,0.010,0.842,0.148
316500,0.010,0.923,0.067
317000,0.010,0.786,0.204
317500,0.010,0.848,0.142
318000,0.010,0.990,0.000
318500,0.010,0.895,0.095
319000,0.010,0.754,0.236
319500,0.010,0.863,0.127
320000,0.010,0.884,0.106
320500,0.010,0.484,0.506
321000,0.010,0.693,0.297
321500,0.010,0.744,0.246
322000,0.010,0.798,0.192
322500,0.010,0.752,0.238
323000,0.010,0.763,0.227
323500,0.010,0.749,0.241
324000,0.010,0.767,0.223
324500,0.010,0.719,0.271
325000,0.010,0.879,0.111
325500,0.010,0.549,0.441
326000,0.010,0.889,0.101
326500,0.010,0.990,0.000
327000,0.010,0.854,0.136
327500,0.010,0.714,0.276
328000,0.010,0.664,0.326
328500,0.010,0.691,0.299
329000,0.010,0.830,0.160
329500,0.010,0.833,0.157
330000,0.010,0.804,0.186
330500,0.010,0.874,0.116
331000,0.010,0.906,0.084
331500,0.010,0.952,0.038
332000,0.010,0.884,0.106
332500,0.010,0.629,0.361
333000,0.010,0.658,0.332
333500,0.010,0.788,0.202
334000,0.010,0.628,0.362
334500,0.010,0.849,0.141
335000,0.010,0.902,0.088
335500,0.010,0.573,0.417
336000,0.010,0.650,0.340
336500,0.010,0.571,0.419
337000,0.010,0.934,0.056
337500,0.010,0.951,0.039
338000,0.010,0.633,0.357
338500,0.010,0.726,0.264
339000,0.010,0.833,0.157
339500,0.010,0.628,0.362
340000,0.010,0.631,0.359
340500,0.010,0.550,0.440
341000,0.010,0.624,0.366
341500,0.010,0.809,0.181
342000,0.010,0.645,0.345
342500,0.010,0.956,0.034
343000,0.010,0.820,0.170
343500,0.010,0.789,0.201
344000,0.010,0.700,0.290
344500,0.010,0.817,0.173
345000,0.010,0.674,0.316
345500,0.010,0.495,0.495
346000,0.010,0.859,0.131
346500,0.010,0.899,0.091
347000,0.010,0.805,0.185
347500,0.010,0.825,0.165
348000,0.010,0.810,0.180
348500,0.010,0.757,0.233
349000,0.010,0.936,0.054
349500,0.010,0.632,0.358
350000,0.010,0.666,0.324
350500,0.010,0.921,0.069
351000,0.010,0.783,0.207
351500,0.010,0.761,0.229
352000,0.010,0.692,0.298
352500,0.010,0.989,0.001
353000,0.010,0.988,0.002
353500,0.010,0.704,0.286
354000,0.010,0.796,0.194
354500,0.010,0.816,0.174
355000,0.010,0.669,0.321
355500,0.010,0.823,0.167
356000,0.010,0.900,0.090
356500,0.010,0.737,0.253
357000,0.010,0.690,0.300
357500,0.010,0.717,0.273
358000,0.010,0.835,0.155
358500,0.010,0.768,0.222
359000,0.010,0.818,0.172
359500,0.010,0.693,0.297
360000,0.010,0.634,0.356
360500,0.010,0.816,0.174
361000,0.010,0.608,0.382
361500,0.010,0.861,0.129
362000,0.010,0.794,0.196
362500,0.010,0.740,0.250
363000,0.010,0.925,0.065
363500,0.010,0.565,0.425
364000,0.010,0.592,0.398
364500,0.010,0.881,0.109
365000,0.010,0.883,0.107
365500,0.010,0.950,0.040
366000,0.010,0.650,0.340
366500,0.010,0.685,0.305
367000,0.010,0.955,0.035
367500,0.010,0.681,0.309
368000,0.010,0.747,0.243
368500,0.010,0.628,0.362
369000,0.010,0.880,0.110
369500,0.010,0.893,0.097
370000,0.010,0.668,0.322
370500,0.010,0.770,0.220
371000,0.010,0.877,0.113
371500,0.010,0.857,0.133
372000,0.010,0.634,0.356
372500,0.010,0.674,0.316
373000,0.010,0.546,0.444
373500,0.010,0.990,0.000
374000,0.010,0.811,0.179
374500,0.010,0.628,0.362
375000,0.010,0.466,0.524
375500,0.010,0.768,0.222
376000,0.010,0.529,0.461
376500,0.010,0.533,0.457
377000,0.010,0.943,0.047
377500,0.010,0.786,0.204
378000,0.010,0.797,0.193
378500,0.010,0.708,0.282
379000,0.010,0.652,0.338
379500,0.010,0.775,0.215
380000,0.010,0.692,0.298
380500,0.010,0.644,0.346
381000,0.010,0.718,0.272
381500,0.010,0.956,0.034
382000,0.010,0.523,0.467
382500,0.010,0.983,0.007
383000,0.010,0.754,0.236
383500,0.010,0.643,0.347
384000,0.010,0.947,0.043
384500,0.010,0.857,0.133
385000,0.010,0.640,0.350
385500,0.010,0.636,0.354
386000,0.010,0.895,0.095
386500,0.010,0.716,0.274
387000,0.010,0.925,0.065
387500,0.010,0.642,0.348
388000,0.010,0.958,0.032
388500,0.010,0.636,0.354
389000,0.010,0.874,0.116
389500,0.010,0.682,0.308
390000,0.010,0.845,0.145
390500,0.010,0.576,0.414
391000,0.010,0.856,0.134
391500,0.010,0.603,0.387
392000,0.010,0.811,0.179
392500,0.010,0.949,0.041
393000,0.010,0.724,0.266
393500,0.010,0.817,0.173
394000,0.010,0.718,0.272
394500,0.010,0.779,0.211
395000,0.010,0.728,0.262
395500,0.010,0.827,0.163
396000,0.010,0.698,0.292
396500,0.010,0.521,0.469
397000,0.010,0.563,0.427
397500,0.010,0.894,0.096
398000,0.010,0.589,0.401
398500,0.010,0.868,0.122
399000,0.010,0.559,0.431
399500,0.010,0.852,0.138
400000,0.010,0.788,0.202
400500,0.010,0.812,0.178
401000,0.010,0.808,0.182
401500,0.010,0.807,0.183
402000,0.010,0.950,0.040
402500,0.010,0.779,0.211
403000,0.010,0.662,0.328
403500,0.010,0.616,0.374
404000,0.010,0.698,0.292
404500,0.010,0.750,0.240
405000,0.010,0.892,0.098
405500,0.010,0.963,0.027
406000,0.010,0.768,0.222
406500,0.010,0.905,0.085
407000,0.010,0.942,0.048
407500,0.010,0.646,0.344
408000,0.010,0.831,0.159
408500,0.010,0.939,0.051
409000,0.010,0.873,0.117
409500,0.010,0.892,0.098
410000,0.010,0.985,0.005
410500,0.010,0.807,0.183
411000,0.010,0.841,0.149
411500,0.010,0.744,0.246
412000,0.010,0.930,0.060
412500,0.010,0.866,0.124
413000,0.010,0.675,0.315
413500,0.010,0.898,0.092
414000,0.010,0.900,0.090
414500,0.010,0.584,0.406
415000,0.010,0.561,0.429
415500,0.010,0.774,0.216
416000,0.010,0.948,0.042
416500,0.010,0.804,0.186
417000,0.010,0.833,0.157
417500,0.010,0.988,0.002
418000,0.010,0.904,0.086
418500,0.010,0.918,0.072
419000,0.010,0.914,0.076
419500,0.010,0.891,0.099
420000,0.010,0.964,0.026
420500,0.010,0.880,0.110
421000,0.010,0.574,0.416
421500,0.010,0.888,0.102
422000,0.010,0.851,0.139
422500,0.010,0.819,0.171
423000,0.010,0.566,0.424
423500,0.010,0.877,0.113
424000,0.010,0.697,0.293
424500,0.010,0.924,0.066
425000,0.010,0.720,0.270
425500,0.010,0.881,0.109
426000,0.010,0.973,0.017
426500,0.010,0.656,0.334
427000,0.010,0.771,0.219
427500,0.010,0.807,0.183
428000,0.010,0.724,0.266
428500,0.010,0.703,0.287
429000,0.010,0.959,0.031
429500,0.010,0.914,0.076
430000,0.010,0.605,0.385
430500,0.010,0.818,0.172
431000,0.010,0.765,0.225
431500,0.010,0.601,0.389
432000,0.010,0.989,0.001
432500,0.010,0.968,0.022
433000,0.010,0.968,0.022
433500,0.010,0.949,0.041
434000,0.010,0.645,0.345
434500,0.010,0.684,0.306
435000,0.010,0.635,0.355
435500,0.010,0.721,0.269
436000,0.010,0.865,0.125
436500,0.010,0.798,0.192
437000,0.010,0.868,0.122
437500,0.010,0.890,0.100
438000,0.010,0.882,0.108
438500,0.010,0.915,0.075
439000,0.010,0.973,0.017
439500,0.010,0.968,0.022
440000,0.010,0.746,0.244
440500,0.010,0.602,0.388
441000,0.010,0.751,0.239
441500,0.010,0.574,0.416
442000,0.010,0.755,0.235
442500,0.010,0.607,0.383
443000,0.010,0.673,0.317
443500,0.010,0.557,0.433
444000,0.010,0.712,0.278
444500,0.010,0.990,0.000
445000,0.010,0.705,0.285
445500,0.010,0.844,0.146
446000,0.010,0.709,0.281
446500,0.010,0.655,0.335
447000,0.010,0.741,0.249
447500,0.010,0.769,0.221
448000,0.010,0.889,0.101
448500,0.010,0.797,0.193
449000,0.010,0.702,0.288
449500,0.010,0.845,0.145
450000,0.010,0.942,0.048
450500,0.010,0.866,0.124
451000,0.010,0.814,0.176
451500,0.010,0.839,0.151
452000,0.010,0.587,0.403
452500,0.010,0.624,0.366
453000,0.010,0.694,0.296
453500,0.010,0.776,0.214
454000,0.010,0.873,0.117
454500,0.010,0.611,0.379
455000,0.010,0.932,0.058
455500,0.010,0.759,0.231
456000,0.010,0.874,0.116
456500,0.010,0.833,0.157
457000,0.010,0.632,0.358
457500,0.010,0.787,0.203
458000,0.010,0.730,0.260
458500,0.010,0.817,0.173
459000,0.010,0.854,0.136
459500,0.010,0.808,0.182
460000,0.010,0.883,0.107
460500,0.010,0.710,0.280
461000,0.010,0.658,0.332
461500,0.010,0.771,0.219
462000,0.010,0.945,0.045
462500,0.010,0.714,0.276
463000,0.010,0.650,0.340
463500,0.010,0.831,0.159
464000,0.010,0.746,0.244
464500,0.010,0.826,0.164
465000,0.010,0.754,0.236
465500,0.010,0.622,0.368
466000,0.010,0.716,0.274
466500,0.010,0.776,0.214
467000,0.010,0.858,0.132
467500,0.010,0.612,0.378
468000,0.010,0.605,0.385
468500,0.010,0.551,0.439
469000,0.010,0.894,0.096
469500,0.010,0.870,0.120
470000,0.010,0.629,0.361
470500,0.010,0.775,0.215
471000,0.010,0.797,0.193
471500,0.010,0.622,0.368
472000,0.010,0.808,0.182
472500,0.010,0.855,0.135
473000,0.010,0.653,0.337
473500,0.010,0.664,0.326
474000,0.010,0.859,0.131
474500,0.010,0.921,0.069
475000,0.010,0.937,0.053
475500,0.010,0.523,0.467
476000,0.010,0.727,0.263
476500,0.010,0.737,0.253
477000,0.010,0.642,0.348
477500,0.010,0.624,0.366
478000,0.010,0.709,0.281
478500,0.010,0.822,0.168
479000,0.010,0.576,0.414
479500,0.010,0.925,0.065
480000,0.010,0.834,0.156
480500,0.010,0.807,0.183
481000,0.010,0.863,0.127
481500,0.010,0.627,0.363
482000,0.010,0.959,0.031
482500,0.010,0.956,0.034
483000,0.010,0.875,0.115
483500,0.010,0.812,0.178
484000,0.010,0.716,0.274
484500,0.010,0.479,0.511
485000,0.010,0.813,0.177
485500,0.010,0.776,0.214
486000,0.010,0.962,0.028
486500,0.010,0.855,0.135
487000,0.010,0.905,0.085
487500,0.010,0.932,0.058
488000,0.010,0.957,0.033
488500,0.010,0.987,0.003
489000,0.010,0.979,0.011
489500,0.010,0.990,0.000
490000,0.010,0.990,0.000
490500,0.010,0.990,0.000
491000,0.010,0.786,0.204
491500,0.010,0.820,0.170
492000,0.010,0.746,0.244
492500,0.010,0.827,0.163
493000,0.010,0.987,0.003
493500,0.010,0.683,0.307
494000,0.010,0.665,0.325
494500,0.010,0.629,0.361
495000,0.010,0.807,0.183
495500,0.010,0.979,0.011
496000,0.010,0.812,0.178
496500,0.010,0.712,0.278
497000,0.010,0.637,0.353
497500,0.010,0.823,0.167
498000,0.010,0.949,0.041
498500,0.010,0.759,0.231
499000,0.010,0.844,0.146
499500,0.010,0.837,0.153
500000,0.010,0.535,0.455
500500,0.010,0.813,0.177
501000,0.010,0.941,0.049
501500,0.010,0.819,0.171
502000,0.010,0.834,0.156
502500,0.010,0.811,0.179
503000,0.010,0.959,0.031
503500,0.010,0.713,0.277
504000,0.010,0.924,0.066
504500,0.010,0.899,0.091
505000,0.010,0.836,0.154
505500,0.010,0.884,0.106
506000,0.010,0.757,0.233
506500,0.010,0.911,0.079
507000,0.010,0.703,0.287
507500,0.010,0.753,0.237
508000,0.010,0.798,0.192
508500,0.010,0.883,0.107
509000,0.010,0.718,0.272
509500,0.010,0.920,0.070
510000,0.010,0.990,0.000
510500,0.010,0.910,0.080
511000,0.010,0.924,0.066
511500,0.010,0.871,0.119
512000,0.010,0.878,0.112
512500,0.010,0.895,0.095
513000,0.010,0.914,0.076
513500,0.010,0.764,0.226
514000,0.010,0.872,0.118
514500,0.010,0.930,0.060
515000,0.010,0.976,0.014
515500,0.010,0.926,0.064
516000,0.010,0.516,0.474
516500,0.010,0.766,0.224
517000,0.010,0.797,0.193
517500,0.010,0.716,0.274
518000,0.010,0.850,0.140
518500,0.010,0.880,0.110
519000,0.010,0.586,0.404
519500,0.010,0.871,0.119
520000,0.010,0.864,0.126
520500,0.010,0.737,0.253
521000,0.010,0.921,0.069
521500,0.010,0.944,0.046
522000,0.010,0.990,0.000
522500,0.010,0.825,0.165
523000,0.010,0.874,0.116
523500,0.010,0.626,0.364
524000,0.010,0.821,0.169
524500,0.010,0.888,0.102
525000,0.010,0.714,0.276
525500,0.010,0.838,0.152
526000,0.010,0.926,0.064
526500,0.010,0.888,0.102
527000,0.010,0.513,0.477
527500,0.010,0.634,0.356
528000,0.010,0.704,0.286
528500,0.010,0.806,0.184
529000,0.010,0.787,0.203
529500,0.010,0.866,0.124
530000,0.010,0.926,0.064
530500,0.010,0.526,0.464
531000,0.010,0.567,0.423
531500,0.010,0.727,0.263
532000,0.010,0.735,0.255
532500,0.010,0.857,0.133
533000,0.010,0.647,0.343
533500,0.010,0.795,0.195
534000,0.010,0.747,0.243
534500,0.010,0.754,0.236
535000,0.010,0.896,0.094
535500,0.010,0.896,0.094
536000,0.010,0.725,0.265
536500,0.010,0.819,0.171
537000,0.010,0.701,0.289
537500,0.010,0.746,0.244
538000,0.010,0.623,0.367
538500,0.010,0.833,0.157
539000,0.010,0.625,0.365
539500,0.010,0.725,0.265
540000,0.010,0.770,0.220
540500,0.010,0.868,0.122
541000,0.010,0.734,0.256
541500,0.010,0.882,0.108
542000,0.010,0.730,0.260
542500,0.010,0.876,0.114
543000,0.010,0.846,0.144
543500,0.010,0.930,0.060
544000,0.010,0.990,0.000
544500,0.010,0.896,0.094
545000,0.010,0.734,0.256
545500,0.010,0.667,0.323
546000,0.010,0.528,0.462
546500,0.010,0.544,0.446
547000,0.010,0.577,0.413
547500,0.010,0.631,0.359
548000,0.010,0.972,0.018
548500,0.010,0.674,0.316
549000,0.010,0.773,0.217
549500,0.010,0.624,0.366
550000,0.010,0.870,0.120
550500,0.010,0.570,0.420
551000,0.010,0.799,0.191
551500,0.010,0.779,0.211
552000,0.010,0.704,0.286
552500,0.010,0.919,0.071
553000,0.010,0.875,0.115
553500,0.010,0.921,0.069
554000,0.010,0.472,0.518
554500,0.010,0.713,0.277
555000,0.010,0.791,0.199
555500,0.010,0.750,0.240
556000,0.010,0.725,0.265
556500,0.010,0.717,0.273
557000,0.010,0.629,0.361
557500,0.010,0.529,0.461
558000,0.010,0.790,0.200
558500,0.010,0.796,0.194
559000,0.010,0.787,0.203
559500,0.010,0.795,0.195
560000,0.010,0.736,0.254
560500,0.010,0.903,0.087
561000,0.010,0.861,0.129
561500,0.010,0.522,0.468
562000,0.010,0.798,0.192
562500,0.010,0.617,0.373
563000,0.010,0.768,0.222
563500,0.010,0.777,0.213
564000,0.010,0.900,0.090
564500,0.010,0.781,0.209
565000,0.010,0.828,0.162
565500,0.010,0.709,0.281
566000,0.010,0.805,0.185
566500,0.010,0.617,0.373
567000,0.010,0.773,0.217
567500,0.010,0.829,0.161
568000,0.010,0.807,0.183
568500,0.010,0.941,0.049
569000,0.010,0.750,0.240
569500,0.010,0.673,0.317
570000,0.010,0.808,0.182
570500,0.010,0.781,0.209
571000,0.010,0.793,0.197
571500,0.010,0.849,0.141
572000,0.010,0.591,0.399
572500,0.010,0.825,0.165
573000,0.010,0.889,0.101
573500,0.010,0.881,0.109
574000,0.010,0.675,0.315
574500,0.010,0.803,0.187
575000,0.010,0.752,0.238
575500,0.010,0.752,0.238
576000,0.010,0.853,0.137
576500,0.010,0.632,0.358
577000,0.010,0.706,0.284
577500,0.010,0.857,0.133
578000,0.010,0.648,0.342
578500,0.010,0.804,0.186
579000,0.010,0.582,0.408
579500,0.010,0.414,0.576
580000,0.010,0.903,0.087
580500,0.010,0.945,0.045
581000,0.010,0.855,0.135
581500,0.010,0.880,0.110
582000,0.010,0.882,0.108
582500,0.010,0.723,0.267
583000,0.010,0.674,0.316
583500,0.010,0.702,0.288
584000,0.010,0.737,0.253
584500,0.010,0.654,0.336
585000,0.010,0.625,0.365
585500,0.010,0.816,0.174
586000,0.010,0.657,0.333
586500,0.010,0.863,0.127
587000,0.010,0.786,0.204
587500,0.010,0.827,0.163
588000,0.010,0.587,0.403
588500,0.010,0.827,0.163
589000,0.010,0.747,0.243
589500,0.010,0.733,0.257
590000,0.010,0.617,0.373
590500,0.010,0.739,0.251
591000,0.010,0.653,0.337
591500,0.010,0.684,0.306
592000,0.010,0.947,0.043
592500,0.010,0.873,0.117
593000,0.010,0.689,0.301
593500,0.010,0.952,0.038
594000,0.010,0.950,0.040
594500,0.010,0.791,0.199
595000,0.010,0.702,0.288
595500,0.010,0.793,0.197
596000,0.010,0.796,0.194
596500,0.010,0.803,0.187
597000,0.010,0.662,0.328
597500,0.010,0.949,0.041
598000,0.010,0.963,0.027
598500,0.010,0.938,0.052
599000,0.010,0.717,0.273
599500,0.010,0.701,0.289
600000,0.010,0.896,0.094
600500,0.010,0.673,0.317
601000,0.010,0.778,0.212
601500,0.010,0.945,0.045
602000,0.010,0.990,0.000
602500,0.010,0.953,0.037
603000,0.010,0.606,0.384
603500,0.010,0.955,0.035
604000,0.010,0.589,0.401
604500,0.010,0.613,0.377
605000,0.010,0.733,0.257
605500,0.010,0.976,0.014
606000,0.010,0.946,0.044
606500,0.010,0.949,0.041
607000,0.010,0.719,0.271
607500,0.010,0.945,0.045
608000,0.010,0.754,0.236
608500,0.010,0.933,0.057
609000,0.010,0.873,0.117
609500,0.010,0.862,0.128
610000,0.010,0.575,0.415
610500,0.010,0.665,0.325
611000,0.010,0.607,0.383
611500,0.010,0.581,0.409
612000,0.010,0.740,0.250
612500,0.010,0.881,0.109
613000,0.010,0.916,0.074
613500,0.010,0.593,0.397
614000,0.010,0.859,0.131
614500,0.010,0.356,0.634
615000,0.010,0.658,0.332
615500,0.010,0.700,0.290
616000,0.010,0.657,0.333
616500,0.010,0.830,0.160
617000,0.010,0.917,0.073
617500,0.010,0.819,0.171
618000,0.010,0.897,0.093
618500,0.010,0.782,0.208
619000,0.010,0.854,0.136
619500,0.010,0.956,0.034
620000,0.010,0.796,0.194
620500,0.010,0.489,0.501
621000,0.010,0.831,0.159
621500,0.010,0.859,0.131
622000,0.010,0.895,0.095
622500,0.010,0.818,0.172
623000,0.010,0.841,0.149
623500,0.010,0.726,0.264
624000,0.010,0.685,0.305
624500,0.010,0.694,0.296
625000,0.010,0.825,0.165
625500,0.010,0.950,0.040
626000,0.010,0.809,0.181
626500,0.010,0.932,0.058
627000,0.010,0.805,0.185
627500,0.010,0.754,0.236
628000,0.010,0.700,0.290
628500,0.010,0.990,0.000
629000,0.010,0.914,0.076
629500,0.010,0.846,0.144
630000,0.010,0.731,0.259
630500,0.010,0.925,0.065
631000,0.010,0.913,0.077
631500,0.010,0.742,0.248
632000,0.010,0.945,0.045
632500,0.010,0.879,0.111
633000,0.010,0.845,0.145
633500,0.010,0.953,0.037
634000,0.010,0.897,0.093
634500,0.010,0.854,0.136
635000,0.010,0.964,0.026
635500,0.010,0.958,0.032
636000,0.010,0.893,0.097
636500,0.010,0.924,0.066
637000,0.010,0.847,0.143
637500,0.010,0.744,0.246
638000,0.010,0.851,0.139
638500,0.010,0.936,0.054
639000,0.010,0.801,0.189
639500,0.010,0.791,0.199
640000,0.010,0.716,0.274
640500,0.010,0.757,0.233
641000,0.010,0.524,0.466
641500,0.010,0.804,0.186
642000,0.010,0.723,0.267
642500,0.010,0.913,0.077
643000,0.010,0.633,0.357
643500,0.010,0.807,0.183
644000,0.010,0.612,0.378
644500,0.010,0.817,0.173
645000,0.010,0.696,0.294
645500,0.010,0.587,0.403
646000,0.010,0.710,0.280
646500,0.010,0.949,0.041
647000,0.010,0.914,0.076
647500,0.010,0.917,0.073
648000,0.010,0.790,0.200
648500,0.010,0.730,0.260
649000,0.010,0.865,0.125
649500,0.010,0.818,0.172
650000,0.010,0.835,0.155
650500,0.010,0.573,0.417
651000,0.010,0.600,0.390
651500,0.010,0.906,0.084
652000,0.010,0.749,0.241
652500,0.010,0.846,0.144
653000,0.010,0.770,0.220
653500,0.010,0.783,0.207
654000,0.010,0.789,0.201
654500,0.010,0.774,0.216
655000,0.010,0.986,0.004
655500,0.010,0.751,0.239
656000,0.010,0.967,0.023
656500,0.010,0.791,0.199
657000,0.010,0.812,0.178
657500,0.010,0.747,0.243
658000,0.010,0.764,0.226
658500,0.010,0.762,0.228
659000,0.010,0.735,0.255
659500,0.010,0.897,0.093
660000,0.010,0.850,0.140
660500,0.010,0.953,0.037
661000,0.010,0.822,0.168
661500,0.010,0.727,0.263
662000,0.010,0.826,0.164
662500,0.010,0.692,0.298
663000,0.010,0.644,0.346
663500,0.010,0.811,0.179
664000,0.010,0.756,0.234
664500,0.010,0.786,0.204
665000,0.010,0.809,0.181
665500,0.010,0.920,0.070
666000,0.010,0.767,0.223
666500,0.010,0.768,0.222
667000,0.010,0.756,0.234
667500,0.010,0.845,0.145
668000,0.010,0.694,0.296
668500,0.010,0.773,0.217
669000,0.010,0.833,0.157
669500,0.010,0.767,0.223
670000,0.010,0.732,0.258
670500,0.010,0.879,0.111
671000,0.010,0.844,0.146
671500,0.010,0.893,0.097
672000,0.010,0.917,0.073
672500,0.010,0.786,0.204
673000,0.010,0.638,0.352
673500,0.010,0.899,0.091
674000,0.010,0.771,0.219
674500,0.010,0.874,0.116
675000,0.010,0.771,0.219
675500,0.010,0.616,0.374
676000,0.010,0.785,0.205
676500,0.010,0.930,0.060
677000,0.010,0.776,0.214
677500,0.010,0.770,0.220
678000,0.010,0.658,0.332
678500,0.010,0.631,0.359
679000,0.010,0.865,0.125
679500,0.010,0.895,0.095
680000,0.010,0.774,0.216
680500,0.010,0.691,0.299
681000,0.010,0.460,0.530
681500,0.010,0.689,0.301
682000,0.010,0.924,0.066
682500,0.010,0.903,0.087
683000,0.010,0.738,0.252
683500,0.010,0.757,0.233
684000,0.010,0.719,0.271
684500,0.010,0.712,0.278
685000,0.010,0.613,0.377
685500,0.010,0.854,0.136
686000,0.010,0.929,0.061
686500,0.010,0.740,0.250
687000,0.010,0.835,0.155
687500,0.010,0.616,0.374
688000,0.010,0.887,0.103
688500,0.010,0.930,0.060
689000,0.010,0.913,0.077
689500,0.010,0.726,0.264
690000,0.010,0.733,0.257
690500,0.010,0.738,0.252
691000,0.010,0.653,0.337
691500,0.010,0.896,0.094
692000,0.010,0.906,0.084
692500,0.010,0.745,0.245
693000,0.010,0.817,0.173
693500,0.010,0.808,0.182
694000,0.010,0.801,0.189
694500,0.010,0.583,0.407
695000,0.010,0.762,0.228
695500,0.010,0.865,0.125
696000,0.010,0.601,0.389
696500,0.010,0.921,0.069
697000,0.010,0.838,0.152
697500,0.010,0.988,0.002
698000,0.010,0.943,0.047
698500,0.010,0.831,0.159
699000,0.010,0.820,0.170
699500,0.010,0.860,0.130
700000,0.010,0.847,0.143
700500,0.010,0.719,0.271
701000,0.010,0.681,0.309
701500,0.010,0.710,0.280
702000,0.010,0.482,0.508
702500,0.010,0.819,0.171
703000,0.010,0.947,0.043
703500,0.010,0.819,0.171
704000,0.010,0.809,0.181
704500,0.010,0.979,0.011
705000,0.010,0.990,0.000
705500,0.010,0.973,0.017
706000,0.010,0.966,0.024
706500,0.010,0.899,0.091
707000,0.010,0.854,0.136
707500,0.010,0.843,0.147
708000,0.010,0.849,0.141
708500,0.010,0.588,0.402
709000,0.010,0.793,0.197
709500,0.010,0.943,0.047
710000,0.010,0.610,0.380
710500,0.010,0.556,0.434
711000,0.010,0.968,0.022
711500,0.010,0.852,0.138
712000,0.010,0.947,0.043
712500,0.010,0.777,0.213
713000,0.010,0.659,0.331
713500,0.010,0.688,0.302
714000,0.010,0.957,0.033
714500,0.010,0.879,0.111
715000,0.010,0.898,0.092
715500,0.010,0.742,0.248
716000,0.010,0.831,0.159
716500,0.010,0.661,0.329
717000,0.010,0.711,0.279
717500,0.010,0.947,0.043
718000,0.010,0.926,0.064
718500,0.010,0.989,0.001
719000,0.010,0.945,0.045
719500,0.010,0.772,0.218
720000,0.010,0.890,0.100
720500,0.010,0.589,0.401
721000,0.010,0.776,0.214
721500,0.010,0.932,0.058
722000,0.010,0.950,0.040
722500,0.010,0.759,0.231
723000,0.010,0.989,0.001
723500,0.010,0.895,0.095
724000,0.010,0.706,0.284
724500,0.010,0.891,0.099
725000,0.010,0.799,0.191
725500,0.010,0.779,0.211
726000,0.010,0.674,0.316
726500,0.010,0.718,0.272
727000,0.010,0.491,0.499
727500,0.010,0.753,0.237
728000,0.010,0.710,0.280
728500,0.010,0.690,0.300
729000,0.010,0.850,0.140
729500,0.010,0.935,0.055
730000,0.010,0.990,0.000
730500,0.010,0.962,0.028
731000,0.010,0.902,0.088
731500,0.010,0.914,0.076
732000,0.010,0.761,0.229
732500,0.010,0.636,0.354
733000,0.010,0.615,0.375
733500,0.010,0.681,0.309
734000,0.010,0.915,0.075
734500,0.010,0.865,0.125
735000,0.010,0.730,0.260
735500,0.010,0.780,0.210
736000,0.010,0.859,0.131
736500,0.010,0.770,0.220
737000,0.010,0.739,0.251
737500,0.010,0.840,0.150
738000,0.010,0.499,0.491
738500,0.010,0.769,0.221
739000,0.010,0.790,0.200
739500,0.010,0.702,0.288
740000,0.010,0.788,0.202
740500,0.010,0.860,0.130
741000,0.010,0.814,0.176
741500,0.010,0.848,0.142
742000,0.010,0.704,0.286
742500,0.010,0.900,0.090
743000,0.010,0.589,0.401
743500,0.010,0.892,0.098
744000,0.010,0.990,0.000
744500,0.010,0.746,0.244
745000,0.010,0.924,0.066
745500,0.010,0.716,0.274
746000,0.010,0.744,0.246
746500,0.010,0.761,0.229
747000,0.010,0.755,0.235
747500,0.010,0.856,0.134
748000,0.010,0.771,0.219
748500,0.010,0.878,0.112
749000,0.010,0.617,0.373
749500,0.010,0.698,0.292
750000,0.010,0.718,0.272
750500,0.010,0.886,0.104
751000,0.010,0.717,0.273
751500,0.010,0.663,0.327
752000,0.010,0.651,0.339
752500,0.010,0.762,0.228
753000,0.010,0.771,0.219
753500,0.010,0.663,0.327
754000,0.010,0.914,0.076
754500,0.010,0.745,0.245
755000,0.010,0.790,0.200
755500,0.010,0.889,0.101
756000,0.010,0.727,0.263
756500,0.010,0.773,0.217
757000,0.010,0.973,0.017
757500,0.010,0.988,0.002
758000,0.010,0.931,0.059
758500,0.010,0.932,0.058
759000,0.010,0.739,0.251
759500,0.010,0.801,0.189
760000,0.010,0.436,0.554
760500,0.010,0.817,0.173
761000,0.010,0.730,0.260
761500,0.010,0.965,0.025
762000,0.010,0.894,0.096
762500,0.010,0.980,0.010
763000,0.010,0.980,0.010
763500,0.010,0.885,0.105
764000,0.010,0.732,0.258
764500,0.010,0.618,0.372
765000,0.010,0.850,0.140
765500,0.010,0.777,0.213
766000,0.010,0.631,0.359
766500,0.010,0.935,0.055
767000,0.010,0.646,0.344
767500,0.010,0.812,0.178
768000,0.010,0.721,0.269
768500,0.010,0.598,0.392
769000,0.010,0.899,0.091
769500,0.010,0.887,0.103
770000,0.010,0.990,0.000
770500,0.010,0.824,0.166
771000,0.010,0.542,0.448
771500,0.010,0.892,0.098
772000,0.010,0.771,0.219
772500,0.010,0.789,0.201
773000,0.010,0.696,0.294
773500,0.010,0.939,0.051
774000,0.010,0.704,0.286
774500,0.010,0.604,0.386
775000,0.010,0.575,0.415
775500,0.010,0.809,0.181
776000,0.010,0.770,0.220
776500,0.010,0.944,0.046
777000,0.010,0.829,0.161
777500,0.010,0.654,0.336
778000,0.010,0.590,0.400
778500,0.010,0.794,0.196
779000,0.010,0.854,0.136
779500,0.010,0.936,0.054
780000,0.010,0.896,0.094
780500,0.010,0.873,0.117
781000,0.010,0.892,0.098
781500,0.010,0.607,0.383
782000,0.010,0.882,0.108
782500,0.010,0.982,0.008
783000,0.010,0.713,0.277
783500,0.010,0.660,0.330
784000,0.010,0.888,0.102
784500,0.010,0.775,0.215
785000,0.010,0.756,0.234
785500,0.010,0.904,0.086
786000,0.010,0.962,0.028
786500,0.010,0.933,0.057
787000,0.010,0.794,0.196
787500,0.010,0.739,0.251
788000,0.010,0.753,0.237
788500,0.010,0.573,0.417
789000,0.010,0.712,0.278
789500,0.010,0.805,0.185
790000,0.010,0.722,0.268
790500,0.010,0.723,0.267
791000,0.010,0.742,0.248
791500,0.010,0.804,0.186
792000,0.010,0.657,0.333
792500,0.010,0.893,0.097
793000,0.010,0.637,0.353
793500,0.010,0.811,0.179
794000,0.010,0.670,0.320
794500,0.010,0.868,0.122
795000,0.010,0.949,0.041
795500,0.010,0.828,0.162
796000,0.010,0.731,0.259
796500,0.010,0.753,0.237
797000,0.010,0.901,0.089
797500,0.010,0.647,0.343
798000,0.010,0.776,0.214
798500,0.010,0.790,0.200
799000,0.010,0.646,0.344
799500,0.010,0.855,0.135
800000,0.010,0.929,0.061
800500,0.010,0.681,0.309
801000,0.010,0.794,0.196
801500,0.010,0.890,0.100
802000,0.010,0.698,0.292
802500,0.010,0.853,0.137
803000,0.010,0.906,0.084
803500,0.010,0.595,0.395
804000,0.010,0.678,0.312
804500,0.010,0.916,0.074
805000,0.010,0.535,0.455
805500,0.010,0.858,0.132
806000,0.010,0.728,0.262
806500,0.010,0.693,0.297
807000,0.010,0.896,0.094
807500,0.010,0.728,0.262
808000,0.010,0.796,0.194
808500,0.010,0.771,0.219
809000,0.010,0.982,0.008
809500,0.010,0.677,0.313
810000,0.010,0.750,0.240
810500,0.010,0.623,0.367
811000,0.010,0.874,0.116
811500,0.010,0.728,0.262
812000,0.010,0.827,0.163
812500,0.010,0.871,0.119
813000,0.010,0.989,0.001
813500,0.010,0.887,0.103
814000,0.010,0.829,0.161
814500,0.010,0.878,0.112
815000,0.010,0.966,0.024
815500,0.010,0.949,0.041
816000,0.010,0.846,0.144
816500,0.010,0.761,0.229
817000,0.010,0.747,0.243
817500,0.010,0.840,0.150
818000,0.010,0.757,0.233
818500,0.010,0.832,0.158
819000,0.010,0.921,0.069
819500,0.010,0.972,0.018
820000,0.010,0.911,0.079
820500,0.010,0.969,0.021
821000,0.010,0.990,0.000
821500,0.010,0.935,0.055
822000,0.010,0.927,0.063
822500,0.010,0.726,0.264
823000,0.010,0.940,0.050
823500,0.010,0.555,0.435
824000,0.010,0.698,0.292
824500,0.010,0.929,0.061
825000,0.010,0.858,0.132
825500,0.010,0.950,0.040
826000,0.010,0.931,0.059
826500,0.010,0.960,0.030
827000,0.010,0.975,0.015
827500,0.010,0.966,0.024
828000,0.010,0.809,0.181
828500,0.010,0.950,0.040
829000,0.010,0.677,0.313
829500,0.010,0.591,0.399
830000,0.010,0.804,0.186
830500,0.010,0.929,0.061
831000,0.010,0.914,0.076
831500,0.010,0.819,0.171
832000,0.010,0.918,0.072
832500,0.010,0.911,0.079
833000,0.010,0.986,0.004
833500,0.010,0.907,0.083
834000,0.010,0.990,0.000
834500,0.010,0.716,0.274
835000,0.010,0.773,0.217
835500,0.010,0.748,0.242
836000,0.010,0.955,0.035
836500,0.010,0.878,0.112
837000,0.010,0.719,0.271
837500,0.010,0.534,0.456
838000,0.010,0.851,0.139
838500,0.010,0.975,0.015
839000,0.010,0.876,0.114
839500,0.010,0.703,0.287
840000,0.010,0.847,0.143
840500,0.010,0.887,0.103
841000,0.010,0.949,0.041
841500,0.010,0.929,0.061
842000,0.010,0.880,0.110
842500,0.010,0.975,0.015
843000,0.010,0.988,0.002
843500,0.010,0.796,0.194
844000,0.010,0.654,0.336
844500,0.010,0.860,0.130
845000,0.010,0.708,0.282
845500,0.010,0.857,0.133
846000,0.010,0.704,0.286
846500,0.010,0.794,0.196
847000,0.010,0.787,0.203
847500,0.010,0.634,0.356
848000,0.010,0.795,0.195
848500,0.010,0.745,0.245
849000,0.010,0.654,0.336
849500,0.010,0.778,0.212
850000,0.010,0.638,0.352
850500,0.010,0.544,0.446
851000,0.010,0.680,0.310
851500,0.010,0.679,0.311
852000,0.010,0.385,0.605
852500,0.010,0.882,0.108
853000,0.010,0.989,0.001
853500,0.010,0.990,0.000
854000,0.010,0.990,0.000
854500,0.010,0.686,0.304
855000,0.010,0.747,0.243
855500,0.010,0.689,0.301
856000,0.010,0.895,0.095
856500,0.010,0.525,0.465
857000,0.010,0.635,0.355
857500,0.010,0.949,0.041
858000,0.010,0.922,0.068
858500,0.010,0.761,0.229
859000,0.010,0.743,0.247
859500,0.010,0.863,0.127
860000,0.010,0.961,0.029
860500,0.010,0.899,0.091
861000,0.010,0.882,0.108
861500,0.010,0.871,0.119
862000,0.010,0.657,0.333
862500,0.010,0.904,0.086
863000,0.010,0.710,0.280
863500,0.010,0.758,0.232
864000,0.010,0.831,0.159
864500,0.010,0.840,0.150
865000,0.010,0.938,0.052
865500,0.010,0.779,0.211
866000,0.010,0.677,0.313
866500,0.010,0.943,0.047
867000,0.010,0.839,0.151
867500,0.010,0.638,0.352
868000,0.010,0.720,0.270
868500,0.010,0.708,0.282
869000,0.010,0.730,0.260
869500,0.010,0.669,0.321
870000,0.010,0.713,0.277
870500,0.010,0.707,0.283
871000,0.010,0.654,0.336
871500,0.010,0.960,0.030
872000,0.010,0.899,0.091
872500,0.010,0.651,0.339
873000,0.010,0.847,0.143
873500,0.010,0.761,0.229
874000,0.010,0.840,0.150
874500,0.010,0.861,0.129
875000,0.010,0.953,0.037
875500,0.010,0.860,0.130
876000,0.010,0.757,0.233
876500,0.010,0.756,0.234
877000,0.010,0.743,0.247
877500,0.010,0.664,0.326
878000,0.010,0.598,0.392
878500,0.010,0.770,0.220
879000,0.010,0.717,0.273
879500,0.010,0.878,0.112
880000,0.010,0.878,0.112
880500,0.010,0.842,0.148
881000,0.010,0.908,0.082
881500,0.010,0.644,0.346
882000,0.010,0.808,0.182
882500,0.010,0.723,0.267
883000,0.010,0.786,0.204
883500,0.010,0.890,0.100
884000,0.010,0.989,0.001
884500,0.010,0.708,0.282
885000,0.010,0.618,0.372
885500,0.010,0.834,0.156
886000,0.010,0.957,0.033
886500,0.010,0.975,0.015
887000,0.010,0.986,0.004
887500,0.010,0.668,0.322
888000,0.010,0.901,0.089
888500,0.010,0.987,0.003
889000,0.010,0.908,0.082
889500,0.010,0.895,0.095
890000,0.010,0.715,0.275
890500,0.010,0.778,0.212
891000,0.010,0.890,0.100
891500,0.010,0.769,0.221
892000,0.010,0.760,0.230
892500,0.010,0.973,0.017
893000,0.010,0.861,0.129
893500,0.010,0.559,0.431
894000,0.010,0.668,0.322
894500,0.010,0.673,0.317
895000,0.010,0.854,0.136
895500,0.010,0.779,0.211
896000,0.010,0.911,0.079
896500,0.010,0.795,0.195
897000,0.010,0.659,0.331
897500,0.010,0.833,0.157
898000,0.010,0.836,0.154
898500,0.010,0.636,0.354
899000,0.010,0.985,0.005
899500,0.010,0.988,0.002
900000,0.010,0.738,0.252
900500,0.010,0.541,0.449
901000,0.010,0.718,0.272
901500,0.010,0.521,0.469
902000,0.010,0.755,0.235
902500,0.010,0.923,0.067
903000,0.010,0.931,0.059
903500,0.010,0.989,0.001
904000,0.010,0.851,0.139
904500,0.010,0.893,0.097
905000,0.010,0.977,0.013
905500,0.010,0.990,0.000
906000,0.010,0.947,0.043
906500,0.010,0.686,0.304
907000,0.010,0.944,0.046
907500,0.010,0.926,0.064
908000,0.010,0.942,0.048
908500,0.010,0.549,0.441
909000,0.010,0.804,0.186
909500,0.010,0.907,0.083
910000,0.010,0.882,0.108
910500,0.010,0.873,0.117
911000,0.010,0.841,0.149
911500,0.010,0.795,0.195
912000,0.010,0.779,0.211
912500,0.010,0.884,0.106
913000,0.010,0.970,0.020
913500,0.010,0.958,0.032
914000,0.010,0.752,0.238
914500,0.010,0.587,0.403
915000,0.010,0.696,0.294
915500,0.010,0.767,0.223
916000,0.010,0.416,0.574
916500,0.010,0.694,0.296
917000,0.010,0.935,0.055
917500,0.010,0.892,0.098
918000,0.010,0.864,0.126
918500,0.010,0.511,0.479
919000,0.010,0.770,0.220
919500,0.010,0.821,0.169
920000,0.010,0.615,0.375
920500,0.010,0.631,0.359
921000,0.010,0.929,0.061
921500,0.010,0.882,0.108
922000,0.010,0.948,0.042
922500,0.010,0.894,0.096
923000,0.010,0.963,0.027
923500,0.010,0.641,0.349
924000,0.010,0.744,0.246
924500,0.010,0.668,0.322
925000,0.010,0.755,0.235
925500,0.010,0.612,0.378
926000,0.010,0.933,0.057
926500,0.010,0.974,0.016
927000,0.010,0.715,0.275
927500,0.010,0.765,0.225
928000,0.010,0.522,0.468
928500,0.010,0.799,0.191
929000,0.010,0.903,0.087
929500,0.010,0.732,0.258
930000,0.010,0.848,0.142
930500,0.010,0.965,0.025
931000,0.010,0.841,0.149
931500,0.010,0.812,0.178
932000,0.010,0.760,0.230
932500,0.010,0.722,0.268
933000,0.010,0.959,0.031
933500,0.010,0.987,0.003
934000,0.010,0.962,0.028
934500,0.010,0.765,0.225
935000,0.010,0.528,0.462
935500,0.010,0.529,0.461
936000,0.010,0.876,0.114
936500,0.010,0.939,0.051
937000,0.010,0.397,0.593
937500,0.010,0.946,0.044
938000,0.010,0.989,0.001
938500,0.010,0.988,0.002
939000,0.010,0.871,0.119
939500,0.010,0.588,0.402
940000,0.010,0.779,0.211
940500,0.010,0.682,0.308
941000,0.010,0.672,0.318
941500,0.010,0.498,0.492
942000,0.010,0.852,0.138
942500,0.010,0.636,0.354
943000,0.010,0.777,0.213
943500,0.010,0.834,0.156
944000,0.010,0.905,0.085
944500,0.010,0.936,0.054
945000,0.010,0.936,0.054
945500,0.010,0.883,0.107
946000,0.010,0.745,0.245
946500,0.010,0.538,0.452
947000,0.010,0.736,0.254
947500,0.010,0.627,0.363
948000,0.010,0.704,0.286
948500,0.010,0.895,0.095
949000,0.010,0.967,0.023
949500,0.010,0.759,0.231
950000,0.010,0.762,0.228
950500,0.010,0.813,0.177
951000,0.010,0.802,0.188
951500,0.010,0.798,0.192
952000,0.010,0.697,0.293
952500,0.010,0.686,0.304
953000,0.010,0.794,0.196
953500,0.010,0.795,0.195
954000,0.010,0.966,0.024
954500,0.010,0.780,0.210
955000,0.010,0.774,0.216
955500,0.010,0.829,0.161
956000,0.010,0.774,0.216
956500,0.010,0.700,0.290
957000,0.010,0.768,0.222
957500,0.010,0.744,0.246
958000,0.010,0.924,0.066
958500,0.010,0.965,0.025
959000,0.010,0.990,0.000
959500,0.010,0.710,0.280
960000,0.010,0.543,0.447
960500,0.010,0.759,0.231
961000,0.010,0.736,0.254
961500,0.010,0.744,0.246
962000,0.010,0.747,0.243
962500,0.010,0.733,0.257
963000,0.010,0.820,0.170
963500,0.010,0.742,0.248
964000,0.010,0.872,0.118
964500,0.010,0.756,0.234
965000,0.010,0.749,0.241
965500,0.010,0.770,0.220
966000,0.010,0.754,0.236
966500,0.010,0.665,0.325
967000,0.010,0.834,0.156
967500,0.010,0.695,0.295
968000,0.010,0.915,0.075
968500,0.010,0.892,0.098
969000,0.010,0.990,0.000
969500,0.010,0.836,0.154
970000,0.010,0.901,0.089
970500,0.010,0.668,0.322
971000,0.010,0.863,0.127
971500,0.010,0.861,0.129
972000,0.010,0.904,0.086
972500,0.010,0.831,0.159
973000,0.010,0.689,0.301
973500,0.010,0.783,0.207
974000,0.010,0.950,0.040
974500,0.010,0.892,0.098
975000,0.010,0.982,0.008
975500,0.010,0.878,0.112
976000,0.010,0.824,0.166
976500,0.010,0.790,0.200
977000,0.010,0.719,0.271
977500,0.010,0.633,0.357
978000,0.010,0.959,0.031
978500,0.010,0.780,0.210
979000,0.010,0.975,0.015
979500,0.010,0.817,0.173
980000,0.010,0.829,0.161
980500,0.010,0.868,0.122
981000,0.010,0.636,0.354
981500,0.010,0.733,0.257
982000,0.010,0.710,0.280
982500,0.010,0.779,0.211
983000,0.010,0.577,0.413
983500,0.010,0.637,0.353
984000,0.010,0.933,0.057
984500,0.010,0.806,0.184
985000,0.010,0.810,0.180
985500,0.010,0.866,0.124
986000,0.010,0.751,0.239
986500,0.010,0.465,0.525
987000,0.010,0.636,0.354
987500,0.010,0.508,0.482
988000,0.010,0.845,0.145
988500,0.010,0.694,0.296
989000,0.010,0.836,0.154
989500,0.010,0.796,0.194
990000,0.010,0.865,0.125
990500,0.010,0.760,0.230
991000,0.010,0.363,0.627
991500,0.010,0.728,0.262
992000,0.010,0.739,0.251
992500,0.010,0.879,0.111
993000,0.010,0.736,0.254
993500,0.010,0.915,0.075
994000,0.010,0.828,0.162
994500,0.010,0.589,0.401
995000,0.010,0.627,0.363
995500,0.010,0.855,0.135
996000,0.010,0.683,0.307
996500,0.010,0.916,0.074
997000,0.010,0.710,0.280
997500,0.010,0.842,0.148
998000,0.010,0.762,0.228
998500,0.010,0.512,0.478
999000,0.010,0.664,0.326
999500,0.010,0.871,0.119
1000000,0.010,0.845,0.145
