time,n_A+p,n_B,n_AB
500,0.010,0.900,0.090
1000,0.010,0.977,0.013
1500,0.010,0.909,0.081
2000,0.010,0.782,0.208
2500,0.010,0.984,0.006
3000,0.010,0.981,0.009
3500,0.010,0.931,0.059
4000,0.010,0.948,0.042
4500,0.010,0.905,0.085
5000,0.010,0.960,0.030
5500,0.010,0.964,0.026
6000,0.010,0.902,0.088
6500,0.010,0.990,0.000
7000,0.010,0.976,0.014
7500,0.010,0.862,0.128
8000,0.010,0.943,0.047
8500,0.010,0.989,0.001
9000,0.010,0.731,0.259
9500,0.010,0.934,0.056
10000,0.010,0.963,0.027
10500,0.010,0.947,0.043
11000,0.010,0.975,0.015
11500,0.010,0.920,0.070
12000,0.010,0.979,0.011
12500,0.010,0.932,0.058
13000,0.010,0.876,0.114
13500,0.010,0.980,0.010
14000,0.010,0.974,0.016
14500,0.010,0.918,0.072
15000,0.010,0.970,0.020
15500,0.010,0.989,0.001
16000,0.010,0.913,0.077
16500,0.010,0.944,0.046
17000,0.010,0.957,0.033
17500,0.010,0.925,0.065
18000,0.010,0.899,0.091
18500,0.010,0.900,0.090
19000,0.010,0.859,0.131
19500,0.010,0.977,0.013
20000,0.010,0.971,0.019
20500,0.010,0.948,0.042
21000,0.010,0.927,0.063
21500,0.010,0.936,0.054
22000,0.010,0.945,0.045
22500,0.010,0.843,0.147
23000,0.010,0.940,0.050
23500,0.010,0.943,0.047
24000,0.010,0.633,0.357
24500,0.010,0.933,0.057
25000,0.010,0.895,0.095
25500,0.010,0.609,0.381
26000,0.010,0.957,0.033
26500,0.010,0.897,0.093
27000,0.010,0.929,0.061
27500,0.010,0.974,0.016
28000,0.010,0.882,0.108
28500,0.010,0.988,0.002
29000,0.010,0.986,0.004
29500,0.010,0.899,0.091
30000,0.010,0.939,0.051
30500,0.010,0.967,0.023
31000,0.010,0.864,0.126
31500,0.010,0.929,0.061
32000,0.010,0.988,0.002
32500,0.010,0.947,0.043
33000,0.010,0.990,0.000
33500,0.010,0.936,0.054
34000,0.010,0.954,0.036
34500,0.010,0.924,0.066
35000,0.010,0.957,0.033
35500,0.010,0.949,0.041
36000,0.010,0.882,0.108
36500,0.010,0.964,0.026
37000,0.010,0.821,0.169
37500,0.010,0.742,0.248
38000,0.010,0.732,0.258
38500,0.010,0.975,0.015
39000,0.010,0.973,0.017
39500,0.010,0.990,0.000
40000,0.010,0.938,0.052
40500,0.010,0.987,0.003
41000,0.010,0.953,0.037
41500,0.010,0.854,0.136
42000,0.010,0.932,0.058
42500,0.010,0.947,0.043
43000,0.010,0.990,0.000
43500,0.010,0.907,0.083
44000,0.010,0.959,0.031
44500,0.010,0.950,0.040
45000,0.010,0.987,0.003
45500,0.010,0.848,0.142
46000,0.010,0.958,0.032
46500,0.010,0.923,0.067
47000,0.010,0.947,0.043
47500,0.010,0.978,0.012
48000,0.010,0.873,0.117
48500,0.010,0.853,0.137
49000,0.010,0.918,0.072
49500,0.010,0.780,0.210
50000,0.010,0.926,0.064
50500,0.010,0.825,0.165
51000,0.010,0.960,0.030
51500,0.010,0.906,0.084
52000,0.010,0.971,0.019
52500,0.010,0.882,0.108
53000,0.010,0.894,0.096
53500,0.010,0.980,0.010
54000,0.010,0.990,0.000
54500,0.010,0.878,0.112
55000,0.010,0.854,0.136
55500,0.010,0.921,0.069
56000,0.010,0.973,0.017
56500,0.010,0.972,0.018
57000,0.010,0.920,0.070
57500,0.010,0.979,0.011
58000,0.010,0.775,0.215
58500,0.010,0.890,0.100
59000,0.010,0.963,0.027
59500,0.010,0.990,0.000
60000,0.010,0.830,0.160
60500,0.010,0.923,0.067
61000,0.010,0.968,0.022
61500,0.010,0.947,0.043
62000,0.010,0.967,0.023
62500,0.010,0.941,0.049
63000,0.010,0.988,0.002
63500,0.010,0.963,0.027
64000,0.010,0.910,0.080
64500,0.010,0.935,0.055
65000,0.010,0.836,0.154
65500,0.010,0.948,0.042
66000,0.010,0.928,0.062
66500,0.010,0.958,0.032
67000,0.010,0.944,0.046
67500,0.010,0.980,0.010
68000,0.010,0.956,0.034
68500,0.010,0.959,0.031
69000,0.010,0.931,0.059
69500,0.010,0.990,0.000
70000,0.010,0.947,0.043
70500,0.010,0.746,0.244
71000,0.010,0.896,0.094
71500,0.010,0.792,0.198
72000,0.010,0.990,0.000
72500,0.010,0.861,0.129
73000,0.010,0.944,0.046
73500,0.010,0.848,0.142
74000,0.010,0.854,0.136
74500,0.010,0.963,0.027
75000,0.010,0.990,0.000
75500,0.010,0.974,0.016
76000,0.010,0.617,0.373
76500,0.010,0.958,0.032
77000,0.010,0.801,0.189
77500,0.010,0.814,0.176
78000,0.010,0.985,0.005
78500,0.010,0.753,0.237
79000,0.010,0.984,0.006
79500,0.010,0.865,0.125
80000,0.010,0.933,0.057
80500,0.010,0.863,0.127
81000,0.010,0.953,0.037
81500,0.010,0.927,0.063
82000,0.010,0.822,0.168
82500,0.010,0.833,0.157
83000,0.010,0.972,0.018
83500,0.010,0.980,0.010
84000,0.010,0.990,0.000
84500,0.010,0.979,0.011
85000,0.010,0.958,0.032
85500,0.010,0.943,0.047
86000,0.010,0.908,0.082
86500,0.010,0.990,0.000
87000,0.010,0.917,0.073
87500,0.010,0.673,0.317
88000,0.010,0.848,0.142
88500,0.010,0.887,0.103
89000,0.010,0.933,0.057
89500,0.010,0.942,0.048
90000,0.010,0.761,0.229
90500,0.010,0.889,0.101
91000,0.010,0.962,0.028
91500,0.010,0.980,0.010
92000,0.010,0.961,0.029
92500,0.010,0.979,0.011
93000,0.010,0.978,0.012
93500,0.010,0.850,0.140
94000,0.010,0.971,0.019
94500,0.010,0.990,0.000
95000,0.010,0.748,0.242
95500,0.010,0.935,0.055
96000,0.010,0.877,0.113
96500,0.010,0.758,0.232
97000,0.010,0.983,0.007
97500,0.010,0.972,0.018
98000,0.010,0.982,0.008
98500,0.010,0.968,0.022
99000,0.010,0.955,0.035
99500,0.010,0.895,0.095
100000,0.010,0.929,0.061
100500,0.010,0.983,0.007
101000,0.010,0.940,0.050
101500,0.010,0.974,0.016
102000,0.010,0.975,0.015
102500,0.010,0.970,0.020
103000,0.010,0.913,0.077
103500,0.010,0.931,0.059
104000,0.010,0.841,0.149
104500,0.010,0.989,0.001
105000,0.010,0.859,0.131
105500,0.010,0.800,0.190
106000,0.010,0.933,0.057
106500,0.010,0.989,0.001
107000,0.010,0.911,0.079
107500,0.010,0.951,0.039
108000,0.010,0.952,0.038
108500,0.010,0.890,0.100
109000,0.010,0.886,0.104
109500,0.010,0.972,0.018
110000,0.010,0.917,0.073
110500,0.010,0.963,0.027
111000,0.010,0.943,0.047
111500,0.010,0.947,0.043
112000,0.010,0.984,0.006
112500,0.010,0.990,0.000
113000,0.010,0.903,0.087
113500,0.010,0.965,0.025
114000,0.010,0.731,0.259
114500,0.010,0.944,0.046
115000,0.010,0.953,0.037
115500,0.010,0.799,0.191
116000,0.010,0.883,0.107
116500,0.010,0.979,0.011
117000,0.010,0.951,0.039
117500,0.010,0.917,0.073
118000,0.010,0.897,0.093
118500,0.010,0.990,0.000
119000,0.010,0.943,0.047
119500,0.010,0.943,0.047
120000,0.010,0.830,0.160
120500,0.010,0.984,0.006
121000,0.010,0.877,0.113
121500,0.010,0.880,0.110
122000,0.010,0.961,0.029
122500,0.010,0.975,0.015
123000,0.010,0.840,0.150
123500,0.010,0.902,0.088
124000,0.010,0.906,0.084
124500,0.010,0.896,0.094
125000,0.010,0.802,0.188
125500,0.010,0.896,0.094
126000,0.010,0.899,0.091
126500,0.010,0.727,0.263
127000,0.010,0.886,0.104
127500,0.010,0.944,0.046
128000,0.010,0.978,0.012
128500,0.010,0.968,0.022
129000,0.010,0.882,0.108
129500,0.010,0.813,0.177
130000,0.010,0.888,0.102
130500,0.010,0.922,0.068
131000,0.010,0.939,0.051
131500,0.010,0.990,0.000
132000,0.010,0.791,0.199
132500,0.010,0.921,0.069
133000,0.010,0.921,0.069
133500,0.010,0.884,0.106
134000,0.010,0.871,0.119
134500,0.010,0.860,0.130
135000,0.010,0.897,0.093
135500,0.010,0.933,0.057
136000,0.010,0.720,0.270
136500,0.010,0.911,0.079
137000,0.010,0.722,0.268
137500,0.010,0.947,0.043
138000,0.010,0.949,0.041
138500,0.010,0.953,0.037
139000,0.010,0.865,0.125
139500,0.010,0.979,0.011
140000,0.010,0.989,0.001
140500,0.010,0.958,0.032
141000,0.010,0.959,0.031
141500,0.010,0.990,0.000
142000,0.010,0.952,0.038
142500,0.010,0.881,0.109
143000,0.010,0.985,0.005
143500,0.010,0.989,0.001
144000,0.010,0.939,0.051
144500,0.010,0.983,0.007
145000,0.010,0.990,0.000
145500,0.010,0.959,0.031
146000,0.010,0.927,0.063
146500,0.010,0.962,0.028
147000,0.010,0.907,0.083
147500,0.010,0.988,0.002
148000,0.010,0.974,0.016
148500,0.010,0.968,0.022
149000,0.010,0.927,0.063
149500,0.010,0.656,0.334
150000,0.010,0.984,0.006
150500,0.010,0.929,0.061
151000,0.010,0.897,0.093
151500,0.010,0.968,0.022
152000,0.010,0.990,0.000
152500,0.010,0.577,0.413
153000,0.010,0.758,0.232
153500,0.010,0.834,0.156
154000,0.010,0.963,0.027
154500,0.010,0.944,0.046
155000,0.010,0.953,0.037
155500,0.010,0.970,0.020
156000,0.010,0.939,0.051
156500,0.010,0.937,0.053
157000,0.010,0.989,0.001
157500,0.010,0.940,0.050
158000,0.010,0.945,0.045
158500,0.010,0.946,0.044
159000,0.010,0.797,0.193
159500,0.010,0.918,0.072
160000,0.010,0.990,0.000
160500,0.010,0.985,0.005
161000,0.010,0.990,0.000
161500,0.010,0.906,0.084
162000,0.010,0.814,0.176
162500,0.010,0.896,0.094
163000,0.010,0.957,0.033
163500,0.010,0.875,0.115
164000,0.010,0.891,0.099
164500,0.010,0.962,0.028
165000,0.010,0.951,0.039
165500,0.010,0.947,0.043
166000,0.010,0.977,0.013
166500,0.010,0.959,0.031
167000,0.010,0.965,0.025
167500,0.010,0.781,0.209
168000,0.010,0.984,0.006
168500,0.010,0.961,0.029
169000,0.010,0.987,0.003
169500,0.010,0.966,0.024
170000,0.010,0.870,0.120
170500,0.010,0.888,0.102
171000,0.010,0.906,0.084
171500,0.010,0.865,0.125
172000,0.010,0.901,0.089
172500,0.010,0.973,0.017
173000,0.010,0.814,0.176
173500,0.010,0.738,0.252
174000,0.010,0.971,0.019
174500,0.010,0.989,0.001
175000,0.010,0.740,0.250
175500,0.010,0.908,0.082
176000,0.010,0.990,0.000
176500,0.010,0.806,0.184
177000,0.010,0.823,0.167
177500,0.010,0.906,0.084
178000,0.010,0.938,0.052
178500,0.010,0.939,0.051
179000,0.010,0.838,0.152
179500,0.010,0.968,0.022
180000,0.010,0.830,0.160
180500,0.010,0.834,0.156
181000,0.010,0.872,0.118
181500,0.010,0.957,0.033
182000,0.010,0.988,0.002
182500,0.010,0.989,0.001
183000,0.010,0.895,0.095
183500,0.010,0.980,0.010
184000,0.010,0.870,0.120
184500,0.010,0.895,0.095
185000,0.010,0.961,0.029
185500,0.010,0.934,0.056
186000,0.010,0.985,0.005
186500,0.010,0.893,0.097
187000,0.010,0.731,0.259
187500,0.010,0.825,0.165
188000,0.010,0.894,0.096
188500,0.010,0.976,0.014
189000,0.010,0.980,0.010
189500,0.010,0.778,0.212
190000,0.010,0.923,0.067
190500,0.010,0.957,0.033
191000,0.010,0.838,0.152
191500,0.010,0.935,0.055
192000,0.010,0.930,0.060
192500,0.010,0.705,0.285
193000,0.010,0.935,0.055
193500,0.010,0.987,0.003
194000,0.010,0.922,0.068
194500,0.010,0.901,0.089
195000,0.010,0.902,0.088
195500,0.010,0.970,0.020
196000,0.010,0.971,0.019
196500,0.010,0.898,0.092
197000,0.010,0.990,0.000
197500,0.010,0.674,0.316
198000,0.010,0.950,0.040
198500,0.010,0.979,0.011
199000,0.010,0.937,0.053
199500,0.010,0.932,0.058
200000,0.010,0.929,0.061
200500,0.010,0.982,0.008
201000,0.010,0.988,0.002
201500,0.010,0.816,0.174
202000,0.010,0.971,0.019
202500,0.010,0.916,0.074
203000,0.010,0.955,0.035
203500,0.010,0.990,0.000
204000,0.010,0.943,0.047
204500,0.010,0.859,0.131
205000,0.010,0.972,0.018
205500,0.010,0.891,0.099
206000,0.010,0.960,0.030
206500,0.010,0.983,0.007
207000,0.010,0.880,0.110
207500,0.010,0.941,0.049
208000,0.010,0.989,0.001
208500,0.010,0.951,0.039
209000,0.010,0.989,0.001
209500,0.010,0.968,0.022
210000,0.010,0.977,0.013
210500,0.010,0.895,0.095
211000,0.010,0.840,0.150
211500,0.010,0.963,0.027
212000,0.010,0.886,0.104
212500,0.010,0.953,0.037
213000,0.010,0.974,0.016
213500,0.010,0.842,0.148
214000,0.010,0.820,0.170
214500,0.010,0.854,0.136
215000,0.010,0.969,0.021
215500,0.010,0.958,0.032
216000,0.010,0.966,0.024
216500,0.010,0.965,0.025
217000,0.010,0.868,0.122
217500,0.010,0.929,0.061
218000,0.010,0.954,0.036
218500,0.010,0.972,0.018
219000,0.010,0.911,0.079
219500,0.010,0.903,0.087
220000,0.010,0.752,0.238
220500,0.010,0.912,0.078
221000,0.010,0.970,0.020
221500,0.010,0.956,0.034
222000,0.010,0.904,0.086
222500,0.010,0.988,0.002
223000,0.010,0.972,0.018
223500,0.010,0.941,0.049
224000,0.010,0.983,0.007
224500,0.010,0.924,0.066
225000,0.010,0.904,0.086
225500,0.010,0.989,0.001
226000,0.010,0.988,0.002
226500,0.010,0.982,0.008
227000,0.010,0.863,0.127
227500,0.010,0.945,0.045
228000,0.010,0.978,0.012
228500,0.010,0.967,0.023
229000,0.010,0.990,0.000
229500,0.010,0.950,0.040
230000,0.010,0.976,0.014
230500,0.010,0.954,0.036
231000,0.010,0.896,0.094
231500,0.010,0.858,0.132
232000,0.010,0.917,0.073
232500,0.010,0.827,0.163
233000,0.010,0.976,0.014
233500,0.010,0.726,0.264
234000,0.010,0.967,0.023
234500,0.010,0.990,0.000
235000,0.010,0.976,0.014
235500,0.010,0.873,0.117
236000,0.010,0.875,0.115
236500,0.010,0.783,0.207
237000,0.010,0.828,0.162
237500,0.010,0.932,0.058
238000,0.010,0.974,0.016
238500,0.010,0.952,0.038
239000,0.010,0.989,0.001
239500,0.010,0.978,0.012
240000,0.010,0.964,0.026
240500,0.010,0.842,0.148
241000,0.010,0.873,0.117
241500,0.010,0.983,0.007
242000,0.010,0.956,0.034
242500,0.010,0.972,0.018
243000,0.010,0.953,0.037
243500,0.010,0.968,0.022
244000,0.010,0.809,0.181
244500,0.010,0.852,0.138
245000,0.010,0.785,0.205
245500,0.010,0.838,0.152
246000,0.010,0.924,0.066
246500,0.010,0.955,0.035
247000,0.010,0.990,0.000
247500,0.010,0.961,0.029
248000,0.010,0.937,0.053
248500,0.010,0.931,0.059
249000,0.010,0.964,0.026
249500,0.010,0.855,0.135
250000,0.010,0.955,0.035
250500,0.010,0.891,0.099
251000,0.010,0.984,0.006
251500,0.010,0.904,0.086
252000,0.010,0.968,0.022
252500,0.010,0.919,0.071
253000,0.010,0.962,0.028
253500,0.010,0.866,0.124
254000,0.010,0.963,0.027
254500,0.010,0.990,0.000
255000,0.010,0.856,0.134
255500,0.010,0.801,0.189
256000,0.010,0.828,0.162
256500,0.010,0.914,0.076
257000,0.010,0.988,0.002
257500,0.010,0.966,0.024
258000,0.010,0.873,0.117
258500,0.010,0.990,0.000
259000,0.010,0.905,0.085
259500,0.010,0.972,0.018
260000,0.010,0.936,0.054
260500,0.010,0.884,0.106
261000,0.010,0.595,0.395
261500,0.010,0.968,0.022
262000,0.010,0.943,0.047
262500,0.010,0.983,0.007
263000,0.010,0.916,0.074
263500,0.010,0.903,0.087
264000,0.010,0.910,0.080
264500,0.010,0.865,0.125
265000,0.010,0.829,0.161
265500,0.010,0.975,0.015
266000,0.010,0.771,0.219
266500,0.010,0.923,0.067
267000,0.010,0.919,0.071
267500,0.010,0.912,0.078
268000,0.010,0.950,0.040
268500,0.010,0.821,0.169
269000,0.010,0.988,0.002
269500,0.010,0.951,0.039
270000,0.010,0.971,0.019
270500,0.010,0.967,0.023
271000,0.010,0.940,0.050
271500,0.010,0.953,0.037
272000,0.010,0.919,0.071
272500,0.010,0.931,0.059
273000,0.010,0.988,0.002
273500,0.010,0.814,0.176
274000,0.010,0.961,0.029
274500,0.010,0.855,0.135
275000,0.010,0.834,0.156
275500,0.010,0.990,0.000
276000,0.010,0.949,0.041
276500,0.010,0.790,0.200
277000,0.010,0.927,0.063
277500,0.010,0.929,0.061
278000,0.010,0.899,0.091
278500,0.010,0.757,0.233
279000,0.010,0.962,0.028
279500,0.010,0.804,0.186
280000,0.010,0.615,0.375
280500,0.010,0.883,0.107
281000,0.010,0.934,0.056
281500,0.010,0.819,0.171
282000,0.010,0.939,0.051
282500,0.010,0.930,0.060
283000,0.010,0.783,0.207
283500,0.010,0.987,0.003
284000,0.010,0.951,0.039
284500,0.010,0.954,0.036
285000,0.010,0.910,0.080
285500,0.010,0.761,0.229
286000,0.010,0.869,0.121
286500,0.010,0.895,0.095
287000,0.010,0.943,0.047
287500,0.010,0.986,0.004
288000,0.010,0.941,0.049
288500,0.010,0.983,0.007
289000,0.010,0.954,0.036
289500,0.010,0.862,0.128
290000,0.010,0.962,0.028
290500,0.010,0.910,0.080
291000,0.010,0.859,0.131
291500,0.010,0.986,0.004
292000,0.010,0.815,0.175
292500,0.010,0.876,0.114
293000,0.010,0.944,0.046
293500,0.010,0.948,0.042
294000,0.010,0.827,0.163
294500,0.010,0.955,0.035
295000,0.010,0.936,0.054
295500,0.010,0.990,0.000
296000,0.010,0.952,0.038
296500,0.010,0.897,0.093
297000,0.010,0.700,0.290
297500,0.010,0.853,0.137
298000,0.010,0.987,0.003
298500,0.010,0.990,0.000
299000,0.010,0.942,0.048
299500,0.010,0.940,0.050
300000,0.010,0.981,0.009
300500,0.010,0.828,0.162
301000,0.010,0.877,0.113
301500,0.010,0.990,0.000
302000,0.010,0.798,0.192
302500,0.010,0.976,0.014
303000,0.010,0.805,0.185
303500,0.010,0.988,0.002
304000,0.010,0.891,0.099
304500,0.010,0.943,0.047
305000,0.010,0.984,0.006
305500,0.010,0.907,0.083
306000,0.010,0.816,0.174
306500,0.010,0.914,0.076
307000,0.010,0.959,0.031
307500,0.010,0.850,0.140
308000,0.010,0.988,0.002
308500,0.010,0.960,0.030
309000,0.010,0.990,0.000
309500,0.010,0.975,0.015
310000,0.010,0.963,0.027
310500,0.010,0.946,0.044
311000,0.010,0.838,0.152
311500,0.010,0.942,0.048
312000,0.010,0.665,0.325
312500,0.010,0.674,0.316
313000,0.010,0.978,0.012
313500,0.010,0.959,0.031
314000,0.010,0.876,0.114
314500,0.010,0.925,0.065
315000,0.010,0.784,0.206
315500,0.010,0.763,0.227
316000,0.010,0.629,0.361
316500,0.010,0.961,0.029
317000,0.010,0.971,0.019
317500,0.010,0.986,0.004
318000,0.010,0.936,0.054
318500,0.010,0.984,0.006
319000,0.010,0.963,0.027
319500,0.010,0.965,0.025
320000,0.010,0.976,0.014
320500,0.010,0.972,0.018
321000,0.010,0.989,0.001
321500,0.010,0.957,0.033
322000,0.010,0.897,0.093
322500,0.010,0.881,0.109
323000,0.010,0.989,0.001
323500,0.010,0.987,0.003
324000,0.010,0.924,0.066
324500,0.010,0.939,0.051
325000,0.010,0.976,0.014
325500,0.010,0.946,0.044
326000,0.010,0.780,0.210
326500,0.010,0.987,0.003
327000,0.010,0.975,0.015
327500,0.010,0.908,0.082
328000,0.010,0.827,0.163
328500,0.010,0.977,0.013
329000,0.010,0.850,0.140
329500,0.010,0.718,0.272
330000,0.010,0.957,0.033
330500,0.010,0.931,0.059
331000,0.010,0.800,0.190
331500,0.010,0.971,0.019
332000,0.010,0.955,0.035
332500,0.010,0.905,0.085
333000,0.010,0.990,0.000
333500,0.010,0.987,0.003
334000,0.010,0.986,0.004
334500,0.010,0.976,0.014
335000,0.010,0.924,0.066
335500,0.010,0.989,0.001
336000,0.010,0.868,0.122
336500,0.010,0.867,0.123
337000,0.010,0.787,0.203
337500,0.010,0.925,0.065
338000,0.010,0.969,0.021
338500,0.010,0.818,0.172
339000,0.010,0.937,0.053
339500,0.010,0.957,0.033
340000,0.010,0.946,0.044
340500,0.010,0.963,0.027
341000,0.010,0.924,0.066
341500,0.010,0.946,0.044
342000,0.010,0.943,0.047
342500,0.010,0.983,0.007
343000,0.010,0.981,0.009
343500,0.010,0.989,0.001
344000,0.010,0.990,0.000
344500,0.010,0.880,0.110
345000,0.010,0.947,0.043
345500,0.010,0.949,0.041
346000,0.010,0.806,0.184
346500,0.010,0.835,0.155
347000,0.010,0.966,0.024
347500,0.010,0.979,0.011
348000,0.010,0.985,0.005
348500,0.010,0.920,0.070
349000,0.010,0.729,0.261
349500,0.010,0.956,0.034
350000,0.010,0.808,0.182
350500,0.010,0.976,0.014
351000,0.010,0.977,0.013
351500,0.010,0.987,0.003
352000,0.010,0.961,0.029
352500,0.010,0.896,0.094
353000,0.010,0.753,0.237
353500,0.010,0.912,0.078
354000,0.010,0.979,0.011
354500,0.010,0.932,0.058
355000,0.010,0.976,0.014
355500,0.010,0.964,0.026
356000,0.010,0.943,0.047
356500,0.010,0.830,0.160
357000,0.010,0.988,0.002
357500,0.010,0.875,0.115
358000,0.010,0.944,0.046
358500,0.010,0.968,0.022
359000,0.010,0.940,0.050
359500,0.010,0.811,0.179
360000,0.010,0.967,0.023
360500,0.010,0.781,0.209
361000,0.010,0.918,0.072
361500,0.010,0.867,0.123
362000,0.010,0.858,0.132
362500,0.010,0.954,0.036
363000,0.010,0.986,0.004
363500,0.010,0.920,0.070
364000,0.010,0.952,0.038
364500,0.010,0.971,0.019
365000,0.010,0.962,0.028
365500,0.010,0.924,0.066
366000,0.010,0.990,0.000
366500,0.010,0.981,0.009
367000,0.010,0.964,0.026
367500,0.010,0.932,0.058
368000,0.010,0.858,0.132
368500,0.010,0.795,0.195
369000,0.010,0.961,0.029
369500,0.010,0.958,0.032
370000,0.010,0.933,0.057
370500,0.010,0.967,0.023
371000,0.010,0.883,0.107
371500,0.010,0.800,0.190
372000,0.010,0.952,0.038
372500,0.010,0.902,0.088
373000,0.010,0.900,0.090
373500,0.010,0.982,0.008
374000,0.010,0.935,0.055
374500,0.010,0.873,0.117
375000,0.010,0.917,0.073
375500,0.010,0.929,0.061
376000,0.010,0.977,0.013
376500,0.010,0.954,0.036
377000,0.010,0.958,0.032
377500,0.010,0.987,0.003
378000,0.010,0.989,0.001
378500,0.010,0.910,0.080
379000,0.010,0.912,0.078
379500,0.010,0.947,0.043
380000,0.010,0.692,0.298
380500,0.010,0.834,0.156
381000,0.010,0.981,0.009
381500,0.010,0.949,0.041
382000,0.010,0.974,0.016
382500,0.010,0.990,0.000
383000,0.010,0.981,0.009
383500,0.010,0.925,0.065
384000,0.010,0.969,0.021
384500,0.010,0.974,0.016
385000,0.010,0.806,0.184
385500,0.010,0.944,0.046
386000,0.010,0.967,0.023
386500,0.010,0.929,0.061
387000,0.010,0.964,0.026
387500,0.010,0.922,0.068
388000,0.010,0.958,0.032
388500,0.010,0.972,0.018
389000,0.010,0.868,0.122
389500,0.010,0.975,0.015
390000,0.010,0.824,0.166
390500,0.010,0.830,0.160
391000,0.010,0.919,0.071
391500,0.010,0.944,0.046
392000,0.010,0.927,0.063
392500,0.010,0.887,0.103
393000,0.010,0.939,0.051
393500,0.010,0.875,0.115
394000,0.010,0.890,0.100
394500,0.010,0.806,0.184
395000,0.010,0.832,0.158
395500,0.010,0.942,0.048
396000,0.010,0.948,0.042
396500,0.010,0.829,0.161
397000,0.010,0.835,0.155
397500,0.010,0.761,0.229
398000,0.010,0.923,0.067
398500,0.010,0.951,0.039
399000,0.010,0.911,0.079
399500,0.010,0.940,0.050
400000,0.010,0.960,0.030
400500,0.010,0.954,0.036
401000,0.010,0.901,0.089
401500,0.010,0.975,0.015
402000,0.010,0.966,0.024
402500,0.010,0.826,0.164
403000,0.010,0.974,0.016
403500,0.010,0.922,0.068
404000,0.010,0.873,0.117
404500,0.010,0.923,0.067
405000,0.010,0.974,0.016
405500,0.010,0.791,0.199
406000,0.010,0.925,0.065
406500,0.010,0.846,0.144
407000,0.010,0.947,0.043
407500,0.010,0.989,0.001
408000,0.010,0.907,0.083
408500,0.010,0.866,0.124
409000,0.010,0.973,0.017
409500,0.010,0.896,0.094
410000,0.010,0.926,0.064
410500,0.010,0.989,0.001
411000,0.010,0.888,0.102
411500,0.010,0.948,0.042
412000,0.010,0.989,0.001
412500,0.010,0.987,0.003
413000,0.010,0.899,0.091
413500,0.010,0.972,0.018
414000,0.010,0.872,0.118
414500,0.010,0.775,0.215
415000,0.010,0.778,0.212
415500,0.010,0.854,0.136
416000,0.010,0.895,0.095
416500,0.010,0.771,0.219
417000,0.010,0.925,0.065
417500,0.010,0.820,0.170
418000,0.010,0.879,0.111
418500,0.010,0.950,0.040
419000,0.010,0.947,0.043
419500,0.010,0.937,0.053
420000,0.010,0.714,0.276
420500,0.010,0.836,0.154
421000,0.010,0.964,0.026
421500,0.010,0.988,0.002
422000,0.010,0.928,0.062
422500,0.010,0.986,0.004
423000,0.010,0.941,0.049
423500,0.010,0.747,0.243
424000,0.010,0.915,0.075
424500,0.010,0.748,0.242
425000,0.010,0.885,0.105
425500,0.010,0.984,0.006
426000,0.010,0.988,0.002
426500,0.010,0.954,0.036
427000,0.010,0.772,0.218
427500,0.010,0.982,0.008
428000,0.010,0.944,0.046
428500,0.010,0.977,0.013
429000,0.010,0.864,0.126
429500,0.010,0.983,0.007
430000,0.010,0.980,0.010
430500,0.010,0.956,0.034
431000,0.010,0.925,0.065
431500,0.010,0.988,0.002
432000,0.010,0.990,0.000
432500,0.010,0.956,0.034
433000,0.010,0.984,0.006
433500,0.010,0.960,0.030
434000,0.010,0.969,0.021
434500,0.010,0.980,0.010
435000,0.010,0.920,0.070
435500,0.010,0.986,0.004
436000,0.010,0.918,0.072
436500,0.010,0.778,0.212
437000,0.010,0.915,0.075
437500,0.010,0.794,0.196
438000,0.010,0.989,0.001
438500,0.010,0.949,0.041
439000,0.010,0.747,0.243
439500,0.010,0.971,0.019
440000,0.010,0.990,0.000
440500,0.010,0.876,0.114
441000,0.010,0.897,0.093
441500,0.010,0.799,0.191
442000,0.010,0.939,0.051
442500,0.010,0.756,0.234
443000,0.010,0.942,0.048
443500,0.010,0.930,0.060
444000,0.010,0.902,0.088
444500,0.010,0.679,0.311
445000,0.010,0.978,0.012
445500,0.010,0.907,0.083
446000,0.010,0.884,0.106
446500,0.010,0.878,0.112
447000,0.010,0.989,0.001
447500,0.010,0.935,0.055
448000,0.010,0.939,0.051
448500,0.010,0.921,0.069
449000,0.010,0.930,0.060
449500,0.010,0.980,0.010
450000,0.010,0.963,0.027
450500,0.010,0.931,0.059
451000,0.010,0.971,0.019
451500,0.010,0.861,0.129
452000,0.010,0.973,0.017
452500,0.010,0.990,0.000
453000,0.010,0.985,0.005
453500,0.010,0.732,0.258
454000,0.010,0.978,0.012
454500,0.010,0.990,0.000
455000,0.010,0.675,0.315
455500,0.010,0.777,0.213
456000,0.010,0.835,0.155
456500,0.010,0.929,0.061
457000,0.010,0.926,0.064
457500,0.010,0.974,0.016
458000,0.010,0.985,0.005
458500,0.010,0.933,0.057
459000,0.010,0.884,0.106
459500,0.010,0.934,0.056
460000,0.010,0.787,0.203
460500,0.010,0.902,0.088
461000,0.010,0.870,0.120
461500,0.010,0.967,0.023
462000,0.010,0.962,0.028
462500,0.010,0.965,0.025
463000,0.010,0.964,0.026
463500,0.010,0.865,0.125
464000,0.010,0.933,0.057
464500,0.010,0.884,0.106
465000,0.010,0.961,0.029
465500,0.010,0.942,0.048
466000,0.010,0.990,0.000
466500,0.010,0.939,0.051
467000,0.010,0.964,0.026
467500,0.010,0.713,0.277
468000,0.010,0.956,0.034
468500,0.010,0.941,0.049
469000,0.010,0.891,0.099
469500,0.010,0.966,0.024
470000,0.010,0.983,0.007
470500,0.010,0.925,0.065
471000,0.010,0.933,0.057
471500,0.010,0.908,0.082
472000,0.010,0.985,0.005
472500,0.010,0.960,0.030
473000,0.010,0.946,0.044
473500,0.010,0.901,0.089
474000,0.010,0.962,0.028
474500,0.010,0.960,0.030
475000,0.010,0.907,0.083
475500,0.010,0.769,0.221
476000,0.010,0.724,0.266
476500,0.010,0.924,0.066
477000,0.010,0.916,0.074
477500,0.010,0.971,0.019
478000,0.010,0.885,0.105
478500,0.010,0.842,0.148
479000,0.010,0.871,0.119
479500,0.010,0.935,0.055
480000,0.010,0.905,0.085
480500,0.010,0.979,0.011
481000,0.010,0.978,0.012
481500,0.010,0.911,0.079
482000,0.010,0.905,0.085
482500,0.010,0.692,0.298
483000,0.010,0.990,0.000
483500,0.010,0.873,0.117
484000,0.010,0.959,0.031
484500,0.010,0.953,0.037
485000,0.010,0.857,0.133
485500,0.010,0.916,0.074
486000,0.010,0.904,0.086
486500,0.010,0.986,0.004
487000,0.010,0.963,0.027
487500,0.010,0.763,0.227
488000,0.010,0.846,0.144
488500,0.010,0.907,0.083
489000,0.010,0.981,0.009
489500,0.010,0.877,0.113
490000,0.010,0.930,0.060
490500,0.010,0.926,0.064
491000,0.010,0.814,0.176
491500,0.010,0.935,0.055
492000,0.010,0.909,0.081
492500,0.010,0.934,0.056
493000,0.010,0.708,0.282
493500,0.010,0.816,0.174
494000,0.010,0.939,0.051
494500,0.010,0.984,0.006
495000,0.010,0.989,0.001
495500,0.010,0.954,0.036
496000,0.010,0.939,0.051
496500,0.010,0.865,0.125
497000,0.010,0.914,0.076
497500,0.010,0.982,0.008
498000,0.010,0.937,0.053
498500,0.010,0.959,0.031
499000,0.010,0.923,0.067
499500,0.010,0.873,0.117
500000,0.010,0.970,0.020
500500,0.010,0.983,0.007
501000,0.010,0.969,0.021
501500,0.010,0.860,0.130
502000,0.010,0.872,0.118
502500,0.010,0.978,0.012
503000,0.010,0.870,0.120
503500,0.010,0.990,0.000
504000,0.010,0.931,0.059
504500,0.010,0.856,0.134
505000,0.010,0.882,0.108
505500,0.010,0.939,0.051
506000,0.010,0.806,0.184
506500,0.010,0.956,0.034
507000,0.010,0.694,0.296
507500,0.010,0.939,0.051
508000,0.010,0.838,0.152
508500,0.010,0.979,0.011
509000,0.010,0.909,0.081
509500,0.010,0.989,0.001
510000,0.010,0.803,0.187
510500,0.010,0.919,0.071
511000,0.010,0.971,0.019
511500,0.010,0.853,0.137
512000,0.010,0.904,0.086
512500,0.010,0.902,0.088
513000,0.010,0.930,0.060
513500,0.010,0.990,0.000
514000,0.010,0.905,0.085
514500,0.010,0.849,0.141
515000,0.010,0.745,0.245
515500,0.010,0.917,0.073
516000,0.010,0.988,0.002
516500,0.010,0.883,0.107
517000,0.010,0.918,0.072
517500,0.010,0.928,0.062
518000,0.010,0.985,0.005
518500,0.010,0.954,0.036
519000,0.010,0.845,0.145
519500,0.010,0.912,0.078
520000,0.010,0.939,0.051
520500,0.010,0.813,0.177
521000,0.010,0.827,0.163
521500,0.010,0.889,0.101
522000,0.010,0.943,0.047
522500,0.010,0.910,0.080
523000,0.010,0.819,0.171
523500,0.010,0.780,0.210
524000,0.010,0.783,0.207
524500,0.010,0.973,0.017
525000,0.010,0.856,0.134
525500,0.010,0.960,0.030
526000,0.010,0.801,0.189
526500,0.010,0.964,0.026
527000,0.010,0.976,0.014
527500,0.010,0.950,0.040
528000,0.010,0.899,0.091
528500,0.010,0.978,0.012
529000,0.010,0.990,0.000
529500,0.010,0.962,0.028
530000,0.010,0.947,0.043
530500,0.010,0.990,0.000
531000,0.010,0.983,0.007
531500,0.010,0.942,0.048
532000,0.010,0.872,0.118
532500,0.010,0.944,0.046
533000,0.010,0.833,0.157
533500,0.010,0.945,0.045
534000,0.010,0.944,0.046
534500,0.010,0.842,0.148
535000,0.010,0.730,0.260
535500,0.010,0.908,0.082
536000,0.010,0.962,0.028
536500,0.010,0.928,0.062
537000,0.010,0.956,0.034
537500,0.010,0.966,0.024
538000,0.010,0.864,0.126
538500,0.010,0.955,0.035
539000,0.010,0.989,0.001
539500,0.010,0.814,0.176
540000,0.010,0.967,0.023
540500,0.010,0.926,0.064
541000,0.010,0.935,0.055
541500,0.010,0.971,0.019
542000,0.010,0.868,0.122
542500,0.010,0.982,0.008
543000,0.010,0.990,0.000
543500,0.010,0.927,0.063
544000,0.010,0.803,0.187
544500,0.010,0.956,0.034
545000,0.010,0.924,0.066
545500,0.010,0.955,0.035
546000,0.010,0.990,0.000
546500,0.010,0.956,0.034
547000,0.010,0.976,0.014
547500,0.010,0.908,0.082
548000,0.010,0.989,0.001
548500,0.010,0.952,0.038
549000,0.010,0.794,0.196
549500,0.010,0.943,0.047
550000,0.010,0.741,0.249
550500,0.010,0.963,0.027
551000,0.010,0.940,0.050
551500,0.010,0.866,0.124
552000,0.010,0.942,0.048
552500,0.010,0.978,0.012
553000,0.010,0.984,0.006
553500,0.010,0.949,0.041
554000,0.010,0.596,0.394
554500,0.010,0.836,0.154
555000,0.010,0.786,0.204
555500,0.010,0.938,0.052
556000,0.010,0.946,0.044
556500,0.010,0.957,0.033
557000,0.010,0.936,0.054
557500,0.010,0.940,0.050
558000,0.010,0.970,0.020
558500,0.010,0.911,0.079
559000,0.010,0.846,0.144
559500,0.010,0.980,0.010
560000,0.010,0.975,0.015
560500,0.010,0.950,0.040
561000,0.010,0.883,0.107
561500,0.010,0.959,0.031
562000,0.010,0.986,0.004
562500,0.010,0.990,0.000
563000,0.010,0.945,0.045
563500,0.010,0.959,0.031
564000,0.010,0.951,0.039
564500,0.010,0.857,0.133
565000,0.010,0.984,0.006
565500,0.010,0.887,0.103
566000,0.010,0.909,0.081
566500,0.010,0.990,0.000
567000,0.010,0.960,0.030
567500,0.010,0.765,0.225
568000,0.010,0.961,0.029
568500,0.010,0.964,0.026
569000,0.010,0.831,0.159
569500,0.010,0.785,0.205
570000,0.010,0.977,0.013
570500,0.010,0.876,0.114
571000,0.010,0.990,0.000
571500,0.010,0.916,0.074
572000,0.010,0.963,0.027
572500,0.010,0.925,0.065
573000,0.010,0.966,0.024
573500,0.010,0.942,0.048
574000,0.010,0.955,0.035
574500,0.010,0.902,0.088
575000,0.010,0.957,0.033
575500,0.010,0.932,0.058
576000,0.010,0.982,0.008
576500,0.010,0.854,0.136
577000,0.010,0.897,0.093
577500,0.010,0.969,0.021
578000,0.010,0.865,0.125
578500,0.010,0.983,0.007
579000,0.010,0.927,0.063
579500,0.010,0.951,0.039
580000,0.010,0.986,0.004
580500,0.010,0.923,0.067
581000,0.010,0.941,0.049
581500,0.010,0.971,0.019
582000,0.010,0.987,0.003
582500,0.010,0.916,0.074
583000,0.010,0.990,0.000
583500,0.010,0.977,0.013
584000,0.010,0.831,0.159
584500,0.010,0.934,0.056
585000,0.010,0.791,0.199
585500,0.010,0.987,0.003
586000,0.010,0.853,0.137
586500,0.010,0.898,0.092
587000,0.010,0.981,0.009
587500,0.010,0.945,0.045
588000,0.010,0.933,0.057
588500,0.010,0.901,0.089
589000,0.010,0.807,0.183
589500,0.010,0.868,0.122
590000,0.010,0.882,0.108
590500,0.010,0.990,0.000
591000,0.010,0.952,0.038
591500,0.010,0.980,0.010
592000,0.010,0.962,0.028
592500,0.010,0.820,0.170
593000,0.010,0.741,0.249
593500,0.010,0.987,0.003
594000,0.010,0.913,0.077
594500,0.010,0.955,0.035
595000,0.010,0.908,0.082
595500,0.010,0.985,0.005
596000,0.010,0.984,0.006
596500,0.010,0.987,0.003
597000,0.010,0.885,0.105
597500,0.010,0.990,0.000
598000,0.010,0.978,0.012
598500,0.010,0.987,0.003
599000,0.010,0.814,0.176
599500,0.010,0.962,0.028
600000,0.010,0.942,0.048
600500,0.010,0.923,0.067
601000,0.010,0.920,0.070
601500,0.010,0.865,0.125
602000,0.010,0.938,0.052
602500,0.010,0.938,0.052
603000,0.010,0.929,0.061
603500,0.010,0.876,0.114
604000,0.010,0.863,0.127
604500,0.010,0.853,0.137
605000,0.010,0.773,0.217
605500,0.010,0.880,0.110
606000,0.010,0.929,0.061
606500,0.010,0.739,0.251
607000,0.010,0.955,0.035
607500,0.010,0.834,0.156
608000,0.010,0.964,0.026
608500,0.010,0.947,0.043
609000,0.010,0.973,0.017
609500,0.010,0.887,0.103
610000,0.010,0.880,0.110
610500,0.010,0.966,0.024
611000,0.010,0.987,0.003
611500,0.010,0.990,0.000
612000,0.010,0.827,0.163
612500,0.010,0.875,0.115
613000,0.010,0.985,0.005
613500,0.010,0.895,0.095
614000,0.010,0.961,0.029
614500,0.010,0.787,0.203
615000,0.010,0.922,0.068
615500,0.010,0.988,0.002
616000,0.010,0.988,0.002
616500,0.010,0.924,0.066
617000,0.010,0.947,0.043
617500,0.010,0.963,0.027
618000,0.010,0.869,0.121
618500,0.010,0.893,0.097
619000,0.010,0.783,0.207
619500,0.010,0.691,0.299
620000,0.010,0.982,0.008
620500,0.010,0.989,0.001
621000,0.010,0.986,0.004
621500,0.010,0.990,0.000
622000,0.010,0.983,0.007
622500,0.010,0.934,0.056
623000,0.010,0.990,0.000
623500,0.010,0.914,0.076
624000,0.010,0.975,0.015
624500,0.010,0.981,0.009
625000,0.010,0.954,0.036
625500,0.010,0.880,0.110
626000,0.010,0.897,0.093
626500,0.010,0.891,0.099
627000,0.010,0.987,0.003
627500,0.010,0.990,0.000
628000,0.010,0.810,0.180
628500,0.010,0.974,0.016
629000,0.010,0.883,0.107
629500,0.010,0.913,0.077
630000,0.010,0.860,0.130
630500,0.010,0.894,0.096
631000,0.010,0.699,0.291
631500,0.010,0.895,0.095
632000,0.010,0.923,0.067
632500,0.010,0.719,0.271
633000,0.010,0.883,0.107
633500,0.010,0.954,0.036
634000,0.010,0.883,0.107
634500,0.010,0.840,0.150
635000,0.010,0.858,0.132
635500,0.010,0.964,0.026
636000,0.010,0.925,0.065
636500,0.010,0.940,0.050
637000,0.010,0.983,0.007
637500,0.010,0.891,0.099
638000,0.010,0.987,0.003
638500,0.010,0.962,0.028
639000,0.010,0.907,0.083
639500,0.010,0.676,0.314
640000,0.010,0.922,0.068
640500,0.010,0.964,0.026
641000,0.010,0.919,0.071
641500,0.010,0.774,0.216
642000,0.010,0.970,0.020
642500,0.010,0.980,0.010
643000,0.010,0.813,0.177
643500,0.010,0.811,0.179
644000,0.010,0.870,0.120
644500,0.010,0.835,0.155
645000,0.010,0.896,0.094
645500,0.010,0.976,0.014
646000,0.010,0.990,0.000
646500,0.010,0.923,0.067
647000,0.010,0.781,0.209
647500,0.010,0.954,0.036
648000,0.010,0.986,0.004
648500,0.010,0.959,0.031
649000,0.010,0.864,0.126
649500,0.010,0.919,0.071
650000,0.010,0.917,0.073
650500,0.010,0.984,0.006
651000,0.010,0.924,0.066
651500,0.010,0.913,0.077
652000,0.010,0.979,0.011
652500,0.010,0.943,0.047
653000,0.010,0.839,0.151
653500,0.010,0.787,0.203
654000,0.010,0.990,0.000
654500,0.010,0.966,0.024
655000,0.010,0.923,0.067
655500,0.010,0.968,0.022
656000,0.010,0.913,0.077
656500,0.010,0.912,0.078
657000,0.010,0.800,0.190
657500,0.010,0.909,0.081
658000,0.010,0.972,0.018
658500,0.010,0.926,0.064
659000,0.010,0.927,0.063
659500,0.010,0.975,0.015
660000,0.010,0.909,0.081
660500,0.010,0.918,0.072
661000,0.010,0.986,0.004
661500,0.010,0.915,0.075
662000,0.010,0.777,0.213
662500,0.010,0.990,0.000
663000,0.010,0.937,0.053
663500,0.010,0.962,0.028
664000,0.010,0.898,0.092
664500,0.010,0.923,0.067
665000,0.010,0.848,0.142
665500,0.010,0.960,0.030
666000,0.010,0.975,0.015
666500,0.010,0.984,0.006
667000,0.010,0.977,0.013
667500,0.010,0.974,0.016
668000,0.010,0.907,0.083
668500,0.010,0.886,0.104
669000,0.010,0.930,0.060
669500,0.010,0.875,0.115
670000,0.010,0.928,0.062
670500,0.010,0.921,0.069
671000,0.010,0.906,0.084
671500,0.010,0.968,0.022
672000,0.010,0.931,0.059
672500,0.010,0.745,0.245
673000,0.010,0.954,0.036
673500,0.010,0.891,0.099
674000,0.010,0.776,0.214
674500,0.010,0.724,0.266
675000,0.010,0.916,0.074
675500,0.010,0.921,0.069
676000,0.010,0.975,0.015
676500,0.010,0.983,0.007
677000,0.010,0.858,0.132
677500,0.010,0.989,0.001
678000,0.010,0.908,0.082
678500,0.010,0.881,0.109
679000,0.010,0.916,0.074
679500,0.010,0.846,0.144
680000,0.010,0.976,0.014
680500,0.010,0.970,0.020
681000,0.010,0.919,0.071
681500,0.010,0.973,0.017
682000,0.010,0.918,0.072
682500,0.010,0.951,0.039
683000,0.010,0.910,0.080
683500,0.010,0.954,0.036
684000,0.010,0.990,0.000
684500,0.010,0.955,0.035
685000,0.010,0.903,0.087
685500,0.010,0.935,0.055
686000,0.010,0.916,0.074
686500,0.010,0.989,0.001
687000,0.010,0.919,0.071
687500,0.010,0.990,0.000
688000,0.010,0.979,0.011
688500,0.010,0.870,0.120
689000,0.010,0.964,0.026
689500,0.010,0.987,0.003
690000,0.010,0.784,0.206
690500,0.010,0.982,0.008
691000,0.010,0.978,0.012
691500,0.010,0.963,0.027
692000,0.010,0.974,0.016
692500,0.010,0.974,0.016
693000,0.010,0.919,0.071
693500,0.010,0.872,0.118
694000,0.010,0.849,0.141
694500,0.010,0.986,0.004
695000,0.010,0.743,0.247
695500,0.010,0.987,0.003
696000,0.010,0.782,0.208
696500,0.010,0.891,0.099
697000,0.010,0.895,0.095
697500,0.010,0.797,0.193
698000,0.010,0.917,0.073
698500,0.010,0.990,0.000
699000,0.010,0.889,0.101
699500,0.010,0.979,0.011
700000,0.010,0.878,0.112
700500,0.010,0.953,0.037
701000,0.010,0.980,0.010
701500,0.010,0.948,0.042
702000,0.010,0.849,0.141
702500,0.010,0.898,0.092
703000,0.010,0.982,0.008
703500,0.010,0.837,0.153
704000,0.010,0.839,0.151
704500,0.010,0.842,0.148
705000,0.010,0.954,0.036
705500,0.010,0.978,0.012
706000,0.010,0.853,0.137
706500,0.010,0.928,0.062
707000,0.010,0.899,0.091
707500,0.010,0.833,0.157
708000,0.010,0.921,0.069
708500,0.010,0.950,0.040
709000,0.010,0.983,0.007
709500,0.010,0.957,0.033
710000,0.010,0.982,0.008
710500,0.010,0.985,0.005
711000,0.010,0.800,0.190
711500,0.010,0.964,0.026
712000,0.010,0.974,0.016
712500,0.010,0.982,0.008
713000,0.010,0.772,0.218
713500,0.010,0.846,0.144
714000,0.010,0.920,0.070
714500,0.010,0.836,0.154
715000,0.010,0.908,0.082
715500,0.010,0.893,0.097
716000,0.010,0.910,0.080
716500,0.010,0.930,0.060
717000,0.010,0.969,0.021
717500,0.010,0.967,0.023
718000,0.010,0.913,0.077
718500,0.010,0.990,0.000
719000,0.010,0.900,0.090
719500,0.010,0.990,0.000
720000,0.010,0.897,0.093
720500,0.010,0.831,0.159
721000,0.010,0.678,0.312
721500,0.010,0.957,0.033
722000,0.010,0.927,0.063
722500,0.010,0.818,0.172
723000,0.010,0.968,0.022
723500,0.010,0.940,0.050
724000,0.010,0.990,0.000
724500,0.010,0.964,0.026
725000,0.010,0.924,0.066
725500,0.010,0.957,0.033
726000,0.010,0.987,0.003
726500,0.010,0.923,0.067
727000,0.010,0.902,0.088
727500,0.010,0.982,0.008
728000,0.010,0.981,0.009
728500,0.010,0.988,0.002
729000,0.010,0.982,0.008
729500,0.010,0.928,0.062
730000,0.010,0.880,0.110
730500,0.010,0.871,0.119
731000,0.010,0.942,0.048
731500,0.010,0.889,0.101
732000,0.010,0.956,0.034
732500,0.010,0.834,0.156
733000,0.010,0.795,0.195
733500,0.010,0.817,0.173
734000,0.010,0.973,0.017
734500,0.010,0.948,0.042
735000,0.010,0.990,0.000
735500,0.010,0.872,0.118
736000,0.010,0.939,0.051
736500,0.010,0.919,0.071
737000,0.010,0.983,0.007
737500,0.010,0.961,0.029
738000,0.010,0.915,0.075
738500,0.010,0.883,0.107
739000,0.010,0.978,0.012
739500,0.010,0.957,0.033
740000,0.010,0.862,0.128
740500,0.010,0.917,0.073
741000,0.010,0.946,0.044
741500,0.010,0.973,0.017
742000,0.010,0.870,0.120
742500,0.010,0.940,0.050
743000,0.010,0.960,0.030
743500,0.010,0.981,0.009
744000,0.010,0.814,0.176
744500,0.010,0.915,0.075
745000,0.010,0.897,0.093
745500,0.010,0.868,0.122
746000,0.010,0.970,0.020
746500,0.010,0.978,0.012
747000,0.010,0.930,0.060
747500,0.010,0.954,0.036
748000,0.010,0.972,0.018
748500,0.010,0.847,0.143
749000,0.010,0.801,0.189
749500,0.010,0.911,0.079
750000,0.010,0.763,0.227
750500,0.010,0.799,0.191
751000,0.010,0.951,0.039
751500,0.010,0.987,0.003
752000,0.010,0.894,0.096
752500,0.010,0.952,0.038
753000,0.010,0.894,0.096
753500,0.010,0.990,0.000
754000,0.010,0.921,0.069
754500,0.010,0.922,0.068
755000,0.010,0.854,0.136
755500,0.010,0.926,0.064
756000,0.010,0.986,0.004
756500,0.010,0.832,0.158
757000,0.010,0.953,0.037
757500,0.010,0.865,0.125
758000,0.010,0.903,0.087
758500,0.010,0.839,0.151
759000,0.010,0.834,0.156
759500,0.010,0.943,0.047
760000,0.010,0.889,0.101
760500,0.010,0.977,0.013
761000,0.010,0.958,0.032
761500,0.010,0.782,0.208
762000,0.010,0.831,0.159
762500,0.010,0.967,0.023
763000,0.010,0.894,0.096
763500,0.010,0.949,0.041
764000,0.010,0.935,0.055
764500,0.010,0.957,0.033
765000,0.010,0.890,0.100
765500,0.010,0.916,0.074
766000,0.010,0.700,0.290
766500,0.010,0.936,0.054
767000,0.010,0.990,0.000
767500,0.010,0.990,0.000
768000,0.010,0.955,0.035
768500,0.010,0.990,0.000
769000,0.010,0.990,0.000
769500,0.010,0.923,0.067
770000,0.010,0.983,0.007
770500,0.010,0.985,0.005
771000,0.010,0.918,0.072
771500,0.010,0.957,0.033
772000,0.010,0.937,0.053
772500,0.010,0.864,0.126
773000,0.010,0.903,0.087
773500,0.010,0.981,0.009
774000,0.010,0.804,0.186
774500,0.010,0.988,0.002
775000,0.010,0.985,0.005
775500,0.010,0.935,0.055
776000,0.010,0.985,0.005
776500,0.010,0.958,0.032
777000,0.010,0.980,0.010
777500,0.010,0.937,0.053
778000,0.010,0.912,0.078
778500,0.010,0.985,0.005
779000,0.010,0.986,0.004
779500,0.010,0.960,0.030
780000,0.010,0.990,0.000
780500,0.010,0.964,0.026
781000,0.010,0.974,0.016
781500,0.010,0.922,0.068
782000,0.010,0.959,0.031
782500,0.010,0.857,0.133
783000,0.010,0.978,0.012
783500,0.010,0.903,0.087
784000,0.010,0.915,0.075
784500,0.010,0.939,0.051
785000,0.010,0.950,0.040
785500,0.010,0.983,0.007
786000,0.010,0.979,0.011
786500,0.010,0.930,0.060
787000,0.010,0.945,0.045
787500,0.010,0.990,0.000
788000,0.010,0.887,0.103
788500,0.010,0.939,0.051
789000,0.010,0.913,0.077
789500,0.010,0.965,0.025
790000,0.010,0.680,0.310
790500,0.010,0.956,0.034
791000,0.010,0.883,0.107
791500,0.010,0.789,0.201
792000,0.010,0.990,0.000
792500,0.010,0.860,0.130
793000,0.010,0.940,0.050
793500,0.010,0.971,0.019
794000,0.010,0.845,0.145
794500,0.010,0.956,0.034
795000,0.010,0.901,0.089
795500,0.010,0.937,0.053
796000,0.010,0.955,0.035
796500,0.010,0.973,0.017
797000,0.010,0.986,0.004
797500,0.010,0.988,0.002
798000,0.010,0.893,0.097
798500,0.010,0.964,0.026
799000,0.010,0.987,0.003
799500,0.010,0.965,0.025
800000,0.010,0.887,0.103
800500,0.010,0.960,0.030
801000,0.010,0.952,0.038
801500,0.010,0.922,0.068
802000,0.010,0.820,0.170
802500,0.010,0.942,0.048
803000,0.010,0.863,0.127
803500,0.010,0.712,0.278
804000,0.010,0.966,0.024
804500,0.010,0.772,0.218
805000,0.010,0.977,0.013
805500,0.010,0.981,0.009
806000,0.010,0.990,0.000
806500,0.010,0.990,0.000
807000,0.010,0.978,0.012
807500,0.010,0.767,0.223
808000,0.010,0.906,0.084
808500,0.010,0.914,0.076
809000,0.010,0.986,0.004
809500,0.010,0.873,0.117
810000,0.010,0.896,0.094
810500,0.010,0.934,0.056
811000,0.010,0.723,0.267
811500,0.010,0.884,0.106
812000,0.010,0.989,0.001
812500,0.010,0.974,0.016
813000,0.010,0.863,0.127
813500,0.010,0.885,0.105
814000,0.010,0.964,0.026
814500,0.010,0.967,0.023
815000,0.010,0.906,0.084
815500,0.010,0.932,0.058
816000,0.010,0.955,0.035
816500,0.010,0.859,0.131
817000,0.010,0.816,0.174
817500,0.010,0.924,0.066
818000,0.010,0.894,0.096
818500,0.010,0.825,0.165
819000,0.010,0.975,0.015
819500,0.010,0.968,0.022
820000,0.010,0.938,0.052
820500,0.010,0.956,0.034
821000,0.010,0.971,0.019
821500,0.010,0.958,0.032
822000,0.010,0.961,0.029
822500,0.010,0.980,0.010
823000,0.010,0.976,0.014
823500,0.010,0.977,0.013
824000,0.010,0.861,0.129
824500,0.010,0.960,0.030
825000,0.010,0.952,0.038
825500,0.010,0.791,0.199
826000,0.010,0.990,0.000
826500,0.010,0.954,0.036
827000,0.010,0.954,0.036
827500,0.010,0.849,0.141
828000,0.010,0.990,0.000
828500,0.010,0.786,0.204
829000,0.010,0.887,0.103
829500,0.010,0.963,0.027
830000,0.010,0.887,0.103
830500,0.010,0.944,0.046
831000,0.010,0.907,0.083
831500,0.010,0.964,0.026
832000,0.010,0.878,0.112
832500,0.010,0.867,0.123
833000,0.010,0.883,0.107
833500,0.010,0.849,0.141
834000,0.010,0.921,0.069
834500,0.010,0.907,0.083
835000,0.010,0.810,0.180
835500,0.010,0.946,0.044
836000,0.010,0.976,0.014
836500,0.010,0.869,0.121
837000,0.010,0.981,0.009
837500,0.010,0.984,0.006
838000,0.010,0.990,0.000
838500,0.010,0.928,0.062
839000,0.010,0.951,0.039
839500,0.010,0.896,0.094
840000,0.010,0.970,0.020
840500,0.010,0.928,0.062
841000,0.010,0.888,0.102
841500,0.010,0.915,0.075
842000,0.010,0.930,0.060
842500,0.010,0.923,0.067
843000,0.010,0.970,0.020
843500,0.010,0.781,0.209
844000,0.010,0.933,0.057
844500,0.010,0.950,0.040
845000,0.010,0.986,0.004
845500,0.010,0.882,0.108
846000,0.010,0.824,0.166
846500,0.010,0.977,0.013
847000,0.010,0.970,0.020
847500,0.010,0.914,0.076
848000,0.010,0.887,0.103
848500,0.010,0.815,0.175
849000,0.010,0.865,0.125
849500,0.010,0.982,0.008
850000,0.010,0.875,0.115
850500,0.010,0.846,0.144
851000,0.010,0.836,0.154
851500,0.010,0.988,0.002
852000,0.010,0.986,0.004
852500,0.010,0.973,0.017
853000,0.010,0.987,0.003
853500,0.010,0.989,0.001
854000,0.010,0.989,0.001
854500,0.010,0.910,0.080
855000,0.010,0.980,0.010
855500,0.010,0.990,0.000
856000,0.010,0.965,0.025
856500,0.010,0.882,0.108
857000,0.010,0.947,0.043
857500,0.010,0.773,0.217
858000,0.010,0.787,0.203
858500,0.010,0.707,0.283
859000,0.010,0.947,0.043
859500,0.010,0.867,0.123
860000,0.010,0.984,0.006
860500,0.010,0.851,0.139
861000,0.010,0.883,0.107
861500,0.010,0.867,0.123
862000,0.010,0.681,0.309
862500,0.010,0.855,0.135
863000,0.010,0.923,0.067
863500,0.010,0.885,0.105
864000,0.010,0.893,0.097
864500,0.010,0.984,0.006
865000,0.010,0.923,0.067
865500,0.010,0.840,0.150
866000,0.010,0.569,0.421
866500,0.010,0.965,0.025
867000,0.010,0.890,0.100
867500,0.010,0.990,0.000
868000,0.010,0.953,0.037
868500,0.010,0.888,0.102
869000,0.010,0.980,0.010
869500,0.010,0.988,0.002
870000,0.010,0.816,0.174
870500,0.010,0.983,0.007
871000,0.010,0.977,0.013
871500,0.010,0.910,0.080
872000,0.010,0.854,0.136
872500,0.010,0.923,0.067
873000,0.010,0.721,0.269
873500,0.010,0.855,0.135
874000,0.010,0.969,0.021
874500,0.010,0.728,0.262
875000,0.010,0.928,0.062
875500,0.010,0.877,0.113
876000,0.010,0.904,0.086
876500,0.010,0.897,0.093
877000,0.010,0.878,0.112
877500,0.010,0.906,0.084
878000,0.010,0.865,0.125
878500,0.010,0.913,0.077
879000,0.010,0.941,0.049
879500,0.010,0.972,0.018
880000,0.010,0.932,0.058
880500,0.010,0.946,0.044
881000,0.010,0.951,0.039
881500,0.010,0.973,0.017
882000,0.010,0.864,0.126
882500,0.010,0.967,0.023
883000,0.010,0.958,0.032
883500,0.010,0.977,0.013
884000,0.010,0.985,0.005
884500,0.010,0.906,0.084
885000,0.010,0.990,0.000
885500,0.010,0.990,0.000
886000,0.010,0.909,0.081
886500,0.010,0.949,0.041
887000,0.010,0.920,0.070
887500,0.010,0.980,0.010
888000,0.010,0.880,0.110
888500,0.010,0.917,0.073
889000,0.010,0.818,0.172
889500,0.010,0.989,0.001
890000,0.010,0.915,0.075
890500,0.010,0.974,0.016
891000,0.010,0.967,0.023
891500,0.010,0.990,0.000
892000,0.010,0.904,0.086
892500,0.010,0.922,0.068
893000,0.010,0.891,0.099
893500,0.010,0.953,0.037
894000,0.010,0.812,0.178
894500,0.010,0.935,0.055
895000,0.010,0.927,0.063
895500,0.010,0.959,0.031
896000,0.010,0.935,0.055
896500,0.010,0.987,0.003
897000,0.010,0.761,0.229
897500,0.010,0.988,0.002
898000,0.010,0.870,0.120
898500,0.010,0.931,0.059
899000,0.010,0.967,0.023
899500,0.010,0.948,0.042
900000,0.010,0.917,0.073
900500,0.010,0.944,0.046
901000,0.010,0.869,0.121
901500,0.010,0.966,0.024
902000,0.010,0.989,0.001
902500,0.010,0.969,0.021
903000,0.010,0.851,0.139
903500,0.010,0.960,0.030
904000,0.010,0.884,0.106
904500,0.010,0.857,0.133
905000,0.010,0.964,0.026
905500,0.010,0.751,0.239
906000,0.010,0.913,0.077
906500,0.010,0.934,0.056
907000,0.010,0.990,0.000
907500,0.010,0.924,0.066
908000,0.010,0.969,0.021
908500,0.010,0.956,0.034
909000,0.010,0.842,0.148
909500,0.010,0.948,0.042
910000,0.010,0.960,0.030
910500,0.010,0.932,0.058
911000,0.010,0.916,0.074
911500,0.010,0.969,0.021
912000,0.010,0.830,0.160
912500,0.010,0.879,0.111
913000,0.010,0.978,0.012
913500,0.010,0.965,0.025
914000,0.010,0.956,0.034
914500,0.010,0.906,0.084
915000,0.010,0.990,0.000
915500,0.010,0.990,0.000
916000,0.010,0.868,0.122
916500,0.010,0.986,0.004
917000,0.010,0.986,0.004
917500,0.010,0.899,0.091
918000,0.010,0.844,0.146
918500,0.010,0.906,0.084
919000,0.010,0.987,0.003
919500,0.010,0.984,0.006
920000,0.010,0.783,0.207
920500,0.010,0.987,0.003
921000,0.010,0.947,0.043
921500,0.010,0.983,0.007
922000,0.010,0.888,0.102
922500,0.010,0.774,0.216
923000,0.010,0.915,0.075
923500,0.010,0.910,0.080
924000,0.010,0.950,0.040
924500,0.010,0.952,0.038
925000,0.010,0.865,0.125
925500,0.010,0.723,0.267
926000,0.010,0.960,0.030
926500,0.010,0.946,0.044
927000,0.010,0.959,0.031
927500,0.010,0.959,0.031
928000,0.010,0.831,0.159
928500,0.010,0.981,0.009
929000,0.010,0.725,0.265
929500,0.010,0.927,0.063
930000,0.010,0.829,0.161
930500,0.010,0.905,0.085
931000,0.010,0.715,0.275
931500,0.010,0.923,0.067
932000,0.010,0.987,0.003
932500,0.010,0.980,0.010
933000,0.010,0.880,0.110
933500,0.010,0.976,0.014
934000,0.010,0.990,0.000
934500,0.010,0.972,0.018
935000,0.010,0.914,0.076
935500,0.010,0.856,0.134
936000,0.010,0.784,0.206
936500,0.010,0.909,0.081
937000,0.010,0.910,0.080
937500,0.010,0.923,0.067
938000,0.010,0.860,0.130
938500,0.010,0.961,0.029
939000,0.010,0.972,0.018
939500,0.010,0.841,0.149
940000,0.010,0.989,0.001
940500,0.010,0.948,0.042
941000,0.010,0.924,0.066
941500,0.010,0.714,0.276
942000,0.010,0.798,0.192
942500,0.010,0.990,0.000
943000,0.010,0.933,0.057
943500,0.010,0.968,0.022
944000,0.010,0.908,0.082
944500,0.010,0.857,0.133
945000,0.010,0.965,0.025
945500,0.010,0.813,0.177
946000,0.010,0.884,0.106
946500,0.010,0.865,0.125
947000,0.010,0.899,0.091
947500,0.010,0.793,0.197
948000,0.010,0.807,0.183
948500,0.010,0.984,0.006
949000,0.010,0.912,0.078
949500,0.010,0.985,0.005
950000,0.010,0.954,0.036
950500,0.010,0.958,0.032
951000,0.010,0.980,0.010
951500,0.010,0.990,0.000
952000,0.010,0.757,0.233
952500,0.010,0.769,0.221
953000,0.010,0.841,0.149
953500,0.010,0.881,0.109
954000,0.010,0.834,0.156
954500,0.010,0.822,0.168
955000,0.010,0.986,0.004
955500,0.010,0.906,0.084
956000,0.010,0.871,0.119
956500,0.010,0.911,0.079
957000,0.010,0.925,0.065
957500,0.010,0.978,0.012
958000,0.010,0.988,0.002
958500,0.010,0.933,0.057
959000,0.010,0.990,0.000
959500,0.010,0.880,0.110
960000,0.010,0.918,0.072
960500,0.010,0.924,0.066
961000,0.010,0.851,0.139
961500,0.010,0.971,0.019
962000,0.010,0.873,0.117
962500,0.010,0.963,0.027
963000,0.010,0.899,0.091
963500,0.010,0.801,0.189
964000,0.010,0.873,0.117
964500,0.010,0.905,0.085
965000,0.010,0.849,0.141
965500,0.010,0.989,0.001
966000,0.010,0.782,0.208
966500,0.010,0.879,0.111
967000,0.010,0.941,0.049
967500,0.010,0.980,0.010
968000,0.010,0.967,0.023
968500,0.010,0.950,0.040
969000,0.010,0.948,0.042
969500,0.010,0.868,0.122
970000,0.010,0.952,0.038
970500,0.010,0.966,0.024
971000,0.010,0.898,0.092
971500,0.010,0.881,0.109
972000,0.010,0.978,0.012
972500,0.010,0.902,0.088
973000,0.010,0.877,0.113
973500,0.010,0.978,0.012
974000,0.010,0.903,0.087
974500,0.010,0.898,0.092
975000,0.010,0.894,0.096
975500,0.010,0.966,0.024
976000,0.010,0.989,0.001
976500,0.010,0.944,0.046
977000,0.010,0.933,0.057
977500,0.010,0.990,0.000
978000,0.010,0.979,0.011
978500,0.010,0.940,0.050
979000,0.010,0.838,0.152
979500,0.010,0.990,0.000
980000,0.010,0.971,0.019
980500,0.010,0.981,0.009
981000,0.010,0.988,0.002
981500,0.010,0.858,0.132
982000,0.010,0.955,0.035
982500,0.010,0.917,0.073
983000,0.010,0.905,0.085
983500,0.010,0.990,0.000
984000,0.010,0.860,0.130
984500,0.010,0.957,0.033
985000,0.010,0.861,0.129
985500,0.010,0.906,0.084
986000,0.010,0.890,0.100
986500,0.010,0.914,0.076
987000,0.010,0.883,0.107
987500,0.010,0.987,0.003
988000,0.010,0.988,0.002
988500,0.010,0.898,0.092
989000,0.010,0.890,0.100
989500,0.010,0.927,0.063
990000,0.010,0.759,0.231
990500,0.010,0.901,0.089
991000,0.010,0.975,0.015
991500,0.010,0.884,0.106
992000,0.010,0.932,0.058
992500,0.010,0.944,0.046
993000,0.010,0.905,0.085
993500,0.010,0.990,0.000
994000,0.010,0.840,0.150
994500,0.010,0.955,0.035
995000,0.010,0.923,0.067
995500,0.010,0.912,0.078
996000,0.010,0.942,0.048
996500,0.010,0.915,0.075
997000,0.010,0.975,0.015
997500,0.010,0.778,0.212
998000,0.010,0.849,0.141
998500,0.010,0.983,0.007
999000,0.010,0.933,0.057
999500,0.010,0.836,0.154
1000000,0.010,0.862,0.128
